judgment_id,annotation_round,annotator,query_id,query,intent_definition,split,query_family,query_type,doc_id,store_name,item_text,market_name,market_type,source_region,relevance,uncertain,annotator_note
9c68149b929e94f787a5,full_annotation_v1,A,q_가구_01,가구,생활·마트 중 '가구'를 판매·제공하는 매장,test,가구,T1 정확표기,634cd0d9-2e99-4068-a156-d193b7515de9,동서가구,가구,상록수가구거리상점가,골목형상점가,경기도,,,
78124e4740243177bce3,full_annotation_v1,A,q_가구_01,가구,생활·마트 중 '가구'를 판매·제공하는 매장,test,가구,T1 정확표기,562dc726-518f-4fdc-bff6-c846105616f9,동서가구,가구,양동복개상가,전통시장,광주광역시,,,
a58b928775b7e8a85597,full_annotation_v1,A,q_가구_01,가구,생활·마트 중 '가구'를 판매·제공하는 매장,test,가구,T1 정확표기,f4b406c7-8ffa-4ae5-9719-52be5407c901,조디악,가구,대구종합유통단지전자관사업협동조합,전통시장,대구광역시,,,
d0ddad56cc02e212723a,full_annotation_v1,A,q_가구_01,가구,생활·마트 중 '가구'를 판매·제공하는 매장,test,가구,T1 정확표기,3c3fc28f-8548-4f15-b61b-69c07b76f5b5,해피노래연습장,노래방,연신내골목형상점가,골목형상점가,서울특별시,,,
9c4d48ae714d10c6c51f,full_annotation_v1,A,q_가구_01,가구,생활·마트 중 '가구'를 판매·제공하는 매장,test,가구,T1 정확표기,b01f2e87-4eff-418f-8cac-0e04fd3b06f5,동명가구,가구,신창동일번국도가구의거리 골목형상점가,골목형상점가,광주광역시,,,
ac5ee5fcac2efac73369,full_annotation_v1,A,q_가구_01,가구,생활·마트 중 '가구'를 판매·제공하는 매장,test,가구,T1 정확표기,2411d51f-e9e1-4285-9e5a-cb184250c1f9,옥동수산물대게싸게,한식,안동시옥동 골목형상점가,골목형상점가,경상북도,,,
bbe48522b0a1902a2ebe,full_annotation_v1,A,q_가구_01,가구,생활·마트 중 '가구'를 판매·제공하는 매장,test,가구,T1 정확표기,08f360fe-d30f-4e07-9c0b-dae08fbd43eb,라자가구,가구,성정가구거리상점가,자율상권구역,충청남도,,,
10db83ac60b1cdb0001b,full_annotation_v1,A,q_가구_01,가구,생활·마트 중 '가구'를 판매·제공하는 매장,test,가구,T1 정확표기,0b1020aa-4576-4fc3-9ee6-a6fe2a321e73,소낭구 평택점,식탁소파침대옷장 등 가구일체,청북가구단지상점가,골목형상점가,경기도,,,
1a16ab28cb28e062e47b,full_annotation_v1,A,q_가구_01,가구,생활·마트 중 '가구'를 판매·제공하는 매장,test,가구,T1 정확표기,bc93c1f6-1544-449d-924c-dee3e0a0f60e,이든가구,가구,서문대로 골목형상점가,골목형상점가,광주광역시,,,
11f4a84c0ce3e760533e,full_annotation_v1,A,q_가구_01,가구,생활·마트 중 '가구'를 판매·제공하는 매장,test,가구,T1 정확표기,ac4548f8-4b4c-4877-8b36-c027ba92a7b1,가구앤라인,가구,성정가구거리상점가,자율상권구역,충청남도,,,
70030c79e7acd0135cac,full_annotation_v1,A,q_가구_01,가구,생활·마트 중 '가구'를 판매·제공하는 매장,test,가구,T1 정확표기,f51e26de-bd95-4395-bfd9-a1c29764158c,라자가구,가구,상록수가구거리상점가,자율상권구역,경기도,,,
a30c37a2b620fe4a7c67,full_annotation_v1,A,q_가구_01,가구,생활·마트 중 '가구'를 판매·제공하는 매장,test,가구,T1 정확표기,59693f2c-918e-43e1-8188-83ecdd3c2efa,에이스스퀘어순천점,가구,조례봉화상가,자율상권구역,전라남도,,,
f6d8624eda3ed1dcf073,full_annotation_v1,A,q_가구_01,가구,생활·마트 중 '가구'를 판매·제공하는 매장,test,가구,T1 정확표기,c4088b80-29ef-4fe5-8e41-a062fb483e83,바로크 가구,가구,청남가구단지 상점가,자율상권구역,충청북도,,,
4274ee199acb0dc982a5,full_annotation_v1,A,q_가구_01,가구,생활·마트 중 '가구'를 판매·제공하는 매장,test,가구,T1 정확표기,830e2a10-a351-4ab6-b86a-84590bf3a2f0,다~산가구,가구,경산중앙로상점가,자율상권구역,경상북도,,,
077d726fea7a27975438,full_annotation_v1,A,q_가구_01,가구,생활·마트 중 '가구'를 판매·제공하는 매장,test,가구,T1 정확표기,95ecd503-d069-4bf3-b64e-89dfc71eb430,보루네오가구,가구,상록수가구거리상점가,골목형상점가,경기도,,,
dee9820e8ec0746b7710,full_annotation_v1,A,q_가구_01,가구,생활·마트 중 '가구'를 판매·제공하는 매장,test,가구,T1 정확표기,ccad53e7-9097-440b-861a-f0b56b6c8dd0,ENEX광주중앙,가구,온누리상인회 골목형상점가,골목형상점가,광주광역시,,,
6a3f628f23d7a88cf77b,full_annotation_v1,A,q_가구_01,가구,생활·마트 중 '가구'를 판매·제공하는 매장,test,가구,T1 정확표기,361c9e71-1f71-4a70-a775-00d9ebff6c33,삼익가구,가구,양동복개상가,전통시장,광주광역시,,,
1bc4b04ef6d455e64b1e,full_annotation_v1,A,q_가구_01,가구,생활·마트 중 '가구'를 판매·제공하는 매장,test,가구,T1 정확표기,4616ccc9-d187-4b52-9af9-0691153f59b2,규수방,가구,청남가구단지 상점가,자율상권구역,충청북도,,,
7e28030704487b58f282,full_annotation_v1,A,q_가구_01,가구,생활·마트 중 '가구'를 판매·제공하는 매장,test,가구,T1 정확표기,00157e3c-6f50-4200-b30b-056a209c814a,장인가구창원제일점,가구,창원 팔용가구거리,자율상권구역,경상남도,,,
19c2c288d223a36bc4b8,full_annotation_v1,A,q_가구_01,가구,생활·마트 중 '가구'를 판매·제공하는 매장,test,가구,T1 정확표기,b5423e05-adfe-4a18-8b18-98dbe02b81ef,더홈가구,가구,대구종합유통단지전자관사업협동조합,전통시장,대구광역시,,,
8714e635f6b19c59f483,full_annotation_v1,A,q_가구_01,가구,생활·마트 중 '가구'를 판매·제공하는 매장,test,가구,T1 정확표기,15a05572-6e52-44e3-95f8-7a682bc07c18,파로마 가구,가구,상록수가구거리상점가,자율상권구역,경기도,,,
18dfbc3461cbad375b86,full_annotation_v1,A,q_가구_01,가구,생활·마트 중 '가구'를 판매·제공하는 매장,test,가구,T1 정확표기,f4ca33bb-ff0e-4fdb-a10a-081b45d2a057,삼익가구,가구,양주소풍가구단지상점가,자율상권구역,경기도,,,
c546ab54808ea95c60ba,full_annotation_v1,A,q_가구_01,가구,생활·마트 중 '가구'를 판매·제공하는 매장,test,가구,T1 정확표기,3e3e2bdd-02fb-4f28-ab48-1aa73ae014a6,반도가구,가구,마산 북마산가구시장,전통시장,경상남도,,,
81c6d4da02a772d8d62f,full_annotation_v1,A,q_가구_01,가구,생활·마트 중 '가구'를 판매·제공하는 매장,test,가구,T1 정확표기,0fbc5ef3-a388-4283-995e-982a1784c0d0,원흥가구,가구,광탄전통시장,전통시장,경기도,,,
a2916f7ade2f93c0d928,full_annotation_v1,A,q_가구_01,가구,생활·마트 중 '가구'를 판매·제공하는 매장,test,가구,T1 정확표기,0682734b-5e2e-4e79-9bcc-9fee6192ebcc,나무뜰,소매업(인테리어소품),신안프라자전통시장,전통시장,경기도,,,
92fe7fb8feb1f82e5c6b,full_annotation_v1,A,q_가구_01,가구,생활·마트 중 '가구'를 판매·제공하는 매장,test,가구,T1 정확표기,0021ea65-4c59-4aa0-8d1c-95fe7b6686d0,공간인테리어,경미한공사(인테리어),여의동 골목형상점가,골목형상점가,전북특별자치도,,,
3e6d0577b3d6c499059b,full_annotation_v1,A,q_가구_01,가구,생활·마트 중 '가구'를 판매·제공하는 매장,test,가구,T1 정확표기,56716ac3-bfb6-4669-a183-c67d0ebb0c98,까미나르,가구,양주소풍가구단지상점가,자율상권구역,경기도,,,
1265b38d215d0e3adc96,full_annotation_v1,A,q_가구_01,가구,생활·마트 중 '가구'를 판매·제공하는 매장,test,가구,T1 정확표기,702a95c6-9c0c-4760-9e6b-f183e95c2003,가구가싸,가구,산본로데오거리(구 산본중심상가),자율상권구역,경기도,,,
dcf0cac8ed133a490745,full_annotation_v1,A,q_가구_01,가구,생활·마트 중 '가구'를 판매·제공하는 매장,test,가구,T1 정확표기,dda4141e-6784-4cd0-87d7-3f8af9b65f5f,메종그랑데,가구,부산좌천동가구상가,자율상권구역,부산광역시,,,
dff10dcd830bc7138a1e,full_annotation_v1,A,q_가구_01,가구,생활·마트 중 '가구'를 판매·제공하는 매장,test,가구,T1 정확표기,196bd38b-f05e-4144-8c2d-4752a351bc9d,가구 아울렛,가구,성정가구거리상점가,자율상권구역,충청남도,,,
acda148c1fcea0cead7f,full_annotation_v1,A,q_가구_01,가구,생활·마트 중 '가구'를 판매·제공하는 매장,test,가구,T1 정확표기,08fba4f9-7b14-43e3-aeb3-145ec0c4b959,라자가구,가구,청남가구단지 상점가,자율상권구역,충청북도,,,
613d90d52a8113cce14c,full_annotation_v1,A,q_가구_01,가구,생활·마트 중 '가구'를 판매·제공하는 매장,test,가구,T1 정확표기,c77d1a8e-223f-4936-a0ef-20c6ba919a4a,동서가구,가구,부사시장,전통시장,대전광역시,,,
a7bef71a2310c2eb2148,full_annotation_v1,A,q_가구_01,가구,생활·마트 중 '가구'를 판매·제공하는 매장,test,가구,T1 정확표기,000f2b92-c3c3-4ff7-8507-d2b8b0804036,우아미 가구,가구 도소매,삼산가구전문거리,골목형상점가,울산광역시,,,
295b7d51e70ba8e1439f,full_annotation_v1,A,q_가구_01,가구,생활·마트 중 '가구'를 판매·제공하는 매장,test,가구,T1 정확표기,e94635b5-75c6-45ea-b6dc-ec5ff717cccc,삼익가구,가구,청남가구단지 상점가,자율상권구역,충청북도,,,
24f12d40209660108641,full_annotation_v1,A,q_가구_01,가구,생활·마트 중 '가구'를 판매·제공하는 매장,test,가구,T1 정확표기,9b26eb62-79a2-4745-9f79-a7b6d7142deb,우아미 가구,가구,빛고을 골목형상점가,골목형상점가,광주광역시,,,
71f219f8e67814754c83,full_annotation_v1,A,q_가구_01,가구,생활·마트 중 '가구'를 판매·제공하는 매장,test,가구,T1 정확표기,08d279de-df58-4bbf-98b5-b53c1d84cb4b,헤스티아디자인,"가구, 인테리어",마산 북마산가구시장,전통시장,경상남도,,,
1cc7c57d1cf70371968d,full_annotation_v1,A,q_가구_01,가구,생활·마트 중 '가구'를 판매·제공하는 매장,test,가구,T1 정확표기,521134a6-c000-41af-9857-d2d8b7fd6255,삼익가구,가구,성정가구거리상점가,자율상권구역,충청남도,,,
d70a928356ec5857003e,full_annotation_v1,A,q_가구_01,가구,생활·마트 중 '가구'를 판매·제공하는 매장,test,가구,T1 정확표기,3e874434-9a7c-4678-ae4a-9c5ae84221e1,세원상사,수산물,영일시장,전통시장,서울특별시,,,
cf932e10155ab290356f,full_annotation_v1,A,q_가구_01,가구,생활·마트 중 '가구'를 판매·제공하는 매장,test,가구,T1 정확표기,c2ae64f1-d97c-4e65-a35b-57fdc07fe36a,한솔가구,가구,반야월종합시장,전통시장,대구광역시,,,
b4f7680f9f351e97963f,full_annotation_v1,A,q_가구_01,가구,생활·마트 중 '가구'를 판매·제공하는 매장,test,가구,T1 정확표기,2a43fdc8-00a2-4750-9337-7502facf3cf4,한국원목가구신창대리점,가구,신창동일번국도가구의거리 골목형상점가,골목형상점가,광주광역시,,,
6b7a972dc06ecf173fde,full_annotation_v1,A,q_가구_01,가구,생활·마트 중 '가구'를 판매·제공하는 매장,test,가구,T1 정확표기,6231a21f-9417-4726-8fb0-088a9bd0b79e,동서가구,가구,대전관저가구단지 골목형상점가,골목형상점가,대전광역시,,,
c163d480eb740b7b7681,full_annotation_v1,A,q_가구_01,가구,생활·마트 중 '가구'를 판매·제공하는 매장,test,가구,T1 정확표기,c5fbb0c6-590e-49f0-98dc-30fafb0b7371,레이디가구,가구,학성가구거리 상점가,자율상권구역,울산광역시,,,
b6f89830970730104b50,full_annotation_v1,A,q_가구_01,가구,생활·마트 중 '가구'를 판매·제공하는 매장,test,가구,T1 정확표기,407d437c-be51-4ad4-a5ba-38a15279fb2d,신영바베큐,음식점,신영시장,전통시장,서울특별시,,,
1363c28cdff181edddd5,full_annotation_v1,A,q_가구_01,가구,생활·마트 중 '가구'를 판매·제공하는 매장,test,가구,T1 정확표기,83a80fb8-34dd-4e66-9c47-4d713fc9c965,디자인하우스,가구,창원 팔용가구거리,자율상권구역,경상남도,,,
cda6640e89407dd35178,full_annotation_v1,A,q_가구_01,가구,생활·마트 중 '가구'를 판매·제공하는 매장,test,가구,T1 정확표기,3fd37f6d-7582-48b1-b37b-6720f382cafc,정상균가구,가구,진주 논개시장,전통시장,경상남도,,,
a3aecf8befb9505341d5,full_annotation_v1,A,q_가구_01,가구,생활·마트 중 '가구'를 판매·제공하는 매장,test,가구,T1 정확표기,d055856b-9cc4-49c1-b652-3148f0fd3d5d,로얄가구,가구,학성가구거리 상점가,자율상권구역,울산광역시,,,
a220136ed5aef2cbcf02,full_annotation_v1,A,q_가구_01,가구,생활·마트 중 '가구'를 판매·제공하는 매장,test,가구,T1 정확표기,7085b881-ace1-470a-aff1-56f8d49c6f5a,싱싱야채과일수산물,농수산,길동복조리시장,전통시장,서울특별시,,,
0034fd019e98db6f2731,full_annotation_v1,A,q_가구_01,가구,생활·마트 중 '가구'를 판매·제공하는 매장,test,가구,T1 정확표기,6cf976a1-019f-4328-9d25-b22c08a2e02f,장인가구,가구,학성가구거리 상점가,자율상권구역,울산광역시,,,
bbd040b93e339df439bb,full_annotation_v1,A,q_가구_01,가구,생활·마트 중 '가구'를 판매·제공하는 매장,test,가구,T1 정확표기,c2ff5a37-a3b4-44c0-a28d-e2b65724f174,동서가구,가구,빛고을 골목형상점가,골목형상점가,광주광역시,,,
1754e4e3902e2522a9f3,full_annotation_v1,A,q_가구_01,가구,생활·마트 중 '가구'를 판매·제공하는 매장,test,가구,T1 정확표기,f5ddf4d5-0d2a-4e9a-9c45-3db1594ab6d4,럭쎄스,가구,대구종합유통단지전자관사업협동조합,전통시장,대구광역시,,,
a47e96e381ec840aa190,full_annotation_v1,A,q_가구_01,가구,생활·마트 중 '가구'를 판매·제공하는 매장,test,가구,T1 정확표기,02f4782a-e87b-4c4c-a517-6eec40381342,장수돌침대,가구침대,포천리빙가구상점가,자율상권구역,경기도,,,
48fc4e8355c24bd2d5eb,full_annotation_v1,A,q_가구_01,가구,생활·마트 중 '가구'를 판매·제공하는 매장,test,가구,T1 정확표기,fd81ab86-0ae6-4fa0-9822-dfcc597147e2,통원목 우드슬랩 가구,가구,전주중앙상가시장,전통시장,전북특별자치도,,,
8c7c0b70ae4e82962147,full_annotation_v1,A,q_가구_01,가구,생활·마트 중 '가구'를 판매·제공하는 매장,test,가구,T1 정확표기,6478fbf9-60bd-4894-ba0d-141f0d99ce50,필굿,가구,부평종합시장,전통시장,인천광역시,,,
216eab6f6066ab17b6b5,full_annotation_v1,A,q_가구_01,가구,생활·마트 중 '가구'를 판매·제공하는 매장,test,가구,T1 정확표기,f3111582-4a55-461c-9fa3-1f57510c973d,올리브하우스,가구,청남가구단지 상점가,자율상권구역,충청북도,,,
cbe6c624f4387686f0cb,full_annotation_v1,A,q_가구_01,가구,생활·마트 중 '가구'를 판매·제공하는 매장,test,가구,T1 정확표기,92e28c58-1502-434c-bebc-3cb7517d1f18,삼익가구,가구,서순천가구백화점골목형상점가,골목형상점가,전라남도,,,
4941af8d1ec5ec640b83,full_annotation_v1,A,q_가구_01,가구,생활·마트 중 '가구'를 판매·제공하는 매장,test,가구,T1 정확표기,34a4e41f-2aed-4d7a-8345-1533143bb7af,뉴가구이스,가구,㈜르네시떼,전통시장,부산광역시,,,
9752a657e71078e6a229,full_annotation_v1,A,q_가구_01,가구,생활·마트 중 '가구'를 판매·제공하는 매장,test,가구,T1 정확표기,fa905f9d-101b-407d-a8be-180e2961b86b,썬퍼니처 가구,가구,학성가구거리 상점가,자율상권구역,울산광역시,,,
9ea7cf09628dc660bfd8,full_annotation_v1,A,q_가구_01,가구,생활·마트 중 '가구'를 판매·제공하는 매장,test,가구,T1 정확표기,620c8d8a-3939-4e77-906b-e22f9447b25b,현대돌침대,가구,청북가구단지상점가,골목형상점가,경기도,,,
de595fc8e779a6904ef0,full_annotation_v1,A,q_가구_01,가구,생활·마트 중 '가구'를 판매·제공하는 매장,test,가구,T1 정확표기,0394caa3-10fc-4b86-b7e2-c7b1ac09d649,새마을종합인테리어,"인테리어(벽지,장판등)",성남남한산성시장(구 은행골목시장),전통시장,경기도,,,
9f1dd406403aedc70e8e,full_annotation_v1,A,q_가구_01,가구,생활·마트 중 '가구'를 판매·제공하는 매장,test,가구,T1 정확표기,1060d706-f6af-4c96-9007-a78ea1e800e7,문화가구,가구,공주산성 활성화구역,전통시장,충청남도,,,
b70a7ccac2665a2f1f1a,full_annotation_v1,A,q_가구_01,가구,생활·마트 중 '가구'를 판매·제공하는 매장,test,가구,T1 정확표기,16528564-24ed-486b-9285-69e1fddfa373,라자가구,가구,대전관저가구단지 골목형상점가,골목형상점가,대전광역시,,,
a2929afdc602b3d42968,full_annotation_v1,A,q_가구_01,가구,생활·마트 중 '가구'를 판매·제공하는 매장,test,가구,T1 정확표기,3da38376-8c58-4d9f-ac1d-6a5fe061161b,아현중앙에이스,가구,충정로56출구 골목형상점가,골목형상점가,서울특별시,,,
2c0bc283908bcde21fb5,full_annotation_v1,A,q_가구_01,가구,생활·마트 중 '가구'를 판매·제공하는 매장,test,가구,T1 정확표기,060ca668-6ba8-4dbc-af43-1b0f2b64cda6,오브제 퍼니처,침대소파식탁,김포 가구단지 골목형상점가,골목형상점가,경기도,,,
d90e82a1032a2f5186a3,full_annotation_v1,A,q_가구_01,가구,생활·마트 중 '가구'를 판매·제공하는 매장,test,가구,T1 정확표기,0a1ada5b-ccf8-48a5-b6ad-2c4ef397d03a,동남가구,가구,전주동부시장,전통시장,전북특별자치도,,,
bc36a8fc6b9ed16acbc5,full_annotation_v1,A,q_가구_01,가구,생활·마트 중 '가구'를 판매·제공하는 매장,test,가구,T1 정확표기,75eed9b7-f1af-4617-a068-b555142cb5a0,동서가구,가구,점촌역전상점가,자율상권구역,경상북도,,,
e849fe989580a533c360,full_annotation_v1,A,q_가구_01,가구,생활·마트 중 '가구'를 판매·제공하는 매장,test,가구,T1 정확표기,0c8244b3-2ea6-434f-8390-df1ee5e506e8,라자가구,가구,전주가구거리상점가,자율상권구역,전북특별자치도,,,
65c049b358b302ebc51b,full_annotation_v1,A,q_가구_01,가구,생활·마트 중 '가구'를 판매·제공하는 매장,test,가구,T1 정확표기,063e0bdb-f37d-403a-8d87-439096dd4a51,공감인테리어,실내 인테리어벽지장판목공타일류 등 및 컨설팅,운남7단지먹자거리 골목형상점가,골목형상점가,광주광역시,,,
841bd887e1d11fa4edb9,full_annotation_v1,A,q_가구_01,가구,생활·마트 중 '가구'를 판매·제공하는 매장,test,가구,T1 정확표기,00819c3e-a0dc-4005-8c3b-25b804133ef6,에이스퍼니처,가구,동광주 골목형상점가,골목형상점가,광주광역시,,,
afbabe454ca529cd4fe5,full_annotation_v1,A,q_가구_01,가구,생활·마트 중 '가구'를 판매·제공하는 매장,test,가구,T1 정확표기,797ead2e-f16c-468c-9af3-07ce1667eec4,오크마운틴가구,가구,오류동 특화거리 상점가,자율상권구역,대전광역시,,,
563a5cf1e8c105c8918a,full_annotation_v1,A,q_가구_01,가구,생활·마트 중 '가구'를 판매·제공하는 매장,test,가구,T1 정확표기,6705226a-1197-420d-8f4a-e8d026bbcd7e,자전거연구소 일산점,자전거,덕이동메인타운상점가(구 덕이동로데오메인타운),자율상권구역,경기도,,,
ce96dc845106d896c971,full_annotation_v1,A,q_가구_01,가구,생활·마트 중 '가구'를 판매·제공하는 매장,test,가구,T1 정확표기,003f093e-cafd-472d-a875-6931880b1a71,올리브데코,가구,제2경주중심상가시장(경주봉황중심상가시장),전통시장,경상북도,,,
49d17cf91855a4217d5a,full_annotation_v1,A,q_가구_01,가구,생활·마트 중 '가구'를 판매·제공하는 매장,test,가구,T1 정확표기,40af7b91-7f04-4b4d-8809-08e1c5813c51,가현가구,장농침대소파식탁,하남대로가구의거리상인회 골목형상점가,골목형상점가,광주광역시,,,
5fb3b41f5989a5bb1443,full_annotation_v1,A,q_가구_01,가구,생활·마트 중 '가구'를 판매·제공하는 매장,test,가구,T1 정확표기,e07340c6-82c3-4136-b102-cb879126f346,더가구,가구,대구종합유통단지전자관사업협동조합,전통시장,대구광역시,,,
7824fcfdf144f7c58468,full_annotation_v1,A,q_가구_01,가구,생활·마트 중 '가구'를 판매·제공하는 매장,test,가구,T1 정확표기,2e5d3e16-b7e6-4ec9-87b1-b80db50cfb8e,다온가구,가구,포항죽도시장,전통시장,경상북도,,,
100541188ce8abb35312,full_annotation_v1,A,q_가구_01,가구,생활·마트 중 '가구'를 판매·제공하는 매장,test,가구,T1 정확표기,2a8ad1a2-ddfe-4a5f-bdbd-84b691cf1650,까소엔,가구,청북가구단지상점가,골목형상점가,경기도,,,
147f72fb40706fa65abd,full_annotation_v1,A,q_가구_01,가구,생활·마트 중 '가구'를 판매·제공하는 매장,test,가구,T1 정확표기,163e2740-40f4-47d3-908e-cd0003cc3aea,에덴가구,가구,청양전통시장(구 청양상설시장),전통시장,충청남도,,,
8988ba1e1f6c9c449b4f,full_annotation_v1,A,q_가구_01,가구,생활·마트 중 '가구'를 판매·제공하는 매장,test,가구,T1 정확표기,48cc700f-acfd-4514-8948-7f9db8f88719,비타민원목가구,소파.침대.식탁,청북가구단지상점가,자율상권구역,경기도,,,
1b9d73a4a6b01bf8b0aa,full_annotation_v1,A,q_가구_01,가구,생활·마트 중 '가구'를 판매·제공하는 매장,test,가구,T1 정확표기,002db554-24ed-4307-adce-47f82d00e39e,에몬스가구섬유관점,가구,섬유제품관,전통시장,대구광역시,,,
a80e74f831304288654e,full_annotation_v1,A,q_가구_01,가구,생활·마트 중 '가구'를 판매·제공하는 매장,test,가구,T1 정확표기,798779f6-1ade-436a-9b1d-5c58b6c7dd20,삼익가구,가구,천안삼거리 가구단지 상점가,자율상권구역,충청남도,,,
1c6bac12e4555a815e46,full_annotation_v1,A,q_가구_01,가구,생활·마트 중 '가구'를 판매·제공하는 매장,test,가구,T1 정확표기,971edeb8-a566-4fcc-83b5-1d8adfcfdac9,Nail Delight,네일,계수마을상인회 골목형상점가,골목형상점가,광주광역시,,,
2225ccb3f7f36f651520,full_annotation_v1,A,q_가구_01,가구,생활·마트 중 '가구'를 판매·제공하는 매장,test,가구,T1 정확표기,529b75db-5b1d-4bdd-9e94-87707ce50383,삼익가구,가구,대구종합유통단지전자관사업협동조합,전통시장,대구광역시,,,
e21fac72d8517e15ac48,full_annotation_v1,A,q_가구_01,가구,생활·마트 중 '가구'를 판매·제공하는 매장,test,가구,T1 정확표기,3f2b1cc1-145c-4621-9c09-5a7e9f709097,우진,가구,장미원골목시장,전통시장,서울특별시,,,
04c008c3e67ebb5df621,full_annotation_v1,A,q_가구_01,가구,생활·마트 중 '가구'를 판매·제공하는 매장,test,가구,T1 정확표기,9b725c0f-ad3c-49e6-ba06-d0ead687de87,원경유통,슈퍼,화서시장,전통시장,경기도,,,
1eeddad375b5581cae89,full_annotation_v1,A,q_가구_01,가구,생활·마트 중 '가구'를 판매·제공하는 매장,test,가구,T1 정확표기,747cddf9-b78f-4d08-acb9-1c8d70578cfb,가구숲,가구,신창동가구의거리일번국도상점가,자율상권구역,광주광역시,,,
a7d24a1572269657f536,full_annotation_v1,A,q_가구_01,가구,생활·마트 중 '가구'를 판매·제공하는 매장,test,가구,T1 정확표기,6d81faa3-9516-4752-8788-2f9cbe928378,이화가구,가구,황학동 주방가구거리 상점가,자율상권구역,서울특별시,,,
068d24b807f259267b08,full_annotation_v1,A,q_가구_01,가구,생활·마트 중 '가구'를 판매·제공하는 매장,test,가구,T1 정확표기,c305bfcb-ea32-4af8-acc0-517707894861,르네에몬스,가구,㈜르네시떼,전통시장,부산광역시,,,
b7c721d45fd0dd4f4e20,full_annotation_v1,A,q_가구_01,가구,생활·마트 중 '가구'를 판매·제공하는 매장,test,가구,T1 정확표기,cc7363d5-a3e5-4e05-bb17-99395a2f3d5a,까르떼 가구,가구,운정가구단지 상점가,자율상권구역,경기도,,,
24b4e73667ef12dee4a8,full_annotation_v1,A,q_가구_01,가구,생활·마트 중 '가구'를 판매·제공하는 매장,test,가구,T1 정확표기,481de0b7-ba18-4b5e-a7ba-d56536328a3e,김천상회,기타,동래시장,전통시장,부산광역시,,,
e32b55388ad9d0e1f15a,full_annotation_v1,A,q_가구_01,가구,생활·마트 중 '가구'를 판매·제공하는 매장,test,가구,T1 정확표기,e5d6f685-e813-4ae1-99e4-25e75f3bef6f,고려가구,가구,거제 능포 골목형상점가,골목형상점가,경상남도,,,
c1f15f85c26ad44cf4da,full_annotation_v1,A,q_가구_01,가구,생활·마트 중 '가구'를 판매·제공하는 매장,test,가구,T1 정확표기,735e6a1f-c5ba-4ac6-aadd-d7c2642fc5f4,생기가정의학과,의원,계수마을상인회 골목형상점가,골목형상점가,광주광역시,,,
f702497ed52df45dd127,full_annotation_v1,A,q_가구_01,가구,생활·마트 중 '가구'를 판매·제공하는 매장,test,가구,T1 정확표기,fb383635-ca24-44b9-b0bc-f4960c2b3990,월악당구클럽,당구,목행시장,전통시장,충청북도,,,
65d9e95386ae43738f79,full_annotation_v1,A,q_가구_01,가구,생활·마트 중 '가구'를 판매·제공하는 매장,test,가구,T1 정확표기,99e303fe-8569-42c4-acec-eb2d7b4423bc,오씬홈,가구,포천리빙가구상점가,자율상권구역,경기도,,,
d74c69d5a096863ae8af,full_annotation_v1,A,q_가구_01,가구,생활·마트 중 '가구'를 판매·제공하는 매장,test,가구,T1 정확표기,cc6b1f70-e712-4b2a-9157-446ab725ef7b,삼익가구,가구,서순천가구백화점골목형상점가,골목형상점가,전라남도,,,
4203d027635bc7c1618e,full_annotation_v1,A,q_가구_01,가구,생활·마트 중 '가구'를 판매·제공하는 매장,test,가구,T1 정확표기,bc9df7e9-39d3-4fb2-8219-e7d49a4e3de0,삼익가구,가구,칠성시장,전통시장,대구광역시,,,
d5655fcc942273440254,full_annotation_v1,A,q_가구_01,가구,생활·마트 중 '가구'를 판매·제공하는 매장,test,가구,T1 정확표기,600ca92d-aa7d-4a24-a035-1eba48b94c43,동서가구,가구,학성가구거리 상점가,자율상권구역,울산광역시,,,
ebca3215cc24921907e3,full_annotation_v1,A,q_가구_01,가구,생활·마트 중 '가구'를 판매·제공하는 매장,test,가구,T1 정확표기,00029834-c340-4d89-b5a7-cee930fc3c31,콩심24시전주종가콩나물국밥,가구,불당1번가골목형상점가,골목형상점가,충청남도,,,
bce15a39d6e4597fa80f,full_annotation_v1,A,q_가구_01,가구,생활·마트 중 '가구'를 판매·제공하는 매장,test,가구,T1 정확표기,0b4b871f-5f8b-40ab-9da2-4cf687622c22,동백가구,가구,양동복개상가,전통시장,,,,
62b1a8e1df3981721a78,full_annotation_v1,A,q_가구_01,가구,생활·마트 중 '가구'를 판매·제공하는 매장,test,가구,T1 정확표기,c42a16d2-bde9-471f-afd0-7d1d5186a7f4,타센,가구,상록수가구거리상점가,골목형상점가,경기도,,,
6b5ac00fa6abfe3c43e3,full_annotation_v1,A,q_가구_01,가구,생활·마트 중 '가구'를 판매·제공하는 매장,test,가구,T1 정확표기,b9e2ed0b-05fe-4a0d-99cb-f1230fc22c90,스칸디아,가구,삼산가구전문거리,골목형상점가,울산광역시,,,
cc12bbed26909eae973a,full_annotation_v1,A,q_가구_01,가구,생활·마트 중 '가구'를 판매·제공하는 매장,test,가구,T1 정확표기,e7ae037d-7fe6-443d-b06b-d9dc6ec6949d,로얄가구,가구,아현가구거리 상점가,자율상권구역,서울특별시,,,
57e502ec06b8de865d37,full_annotation_v1,A,q_가구_01,가구,생활·마트 중 '가구'를 판매·제공하는 매장,test,가구,T1 정확표기,89dc1e0e-6eb1-42c1-b9a7-4a76c12f9fb5,이레가구,가구,시흥행궁길골목형상점가,골목형상점가,서울특별시,,,
7a9466ca5c74ba361f79,full_annotation_v1,A,q_가구_01,가구,생활·마트 중 '가구'를 판매·제공하는 매장,test,가구,T1 정확표기,cb82789e-1a90-4e53-ac49-045a98bed788,동서가구,가구,무실가구거리골목형상점가,골목형상점가,강원특별자치도,,,
f6e755c00d63a91b9d0f,full_annotation_v1,A,q_가구_01,가구,생활·마트 중 '가구'를 판매·제공하는 매장,test,가구,T1 정확표기,a795f518-af9d-497b-8655-03bd6fb77f45,라자가구,가구,목포청호시장,전통시장,,,,
32601aa9fdb412493c9b,full_annotation_v1,A,q_가구_01,가구,생활·마트 중 '가구'를 판매·제공하는 매장,test,가구,T1 정확표기,c7f10c0f-816a-4169-be12-76c0a7351727,온하우스,가구,청남가구단지 상점가,자율상권구역,충청북도,,,
ed84824563a5dfbf1f57,full_annotation_v1,A,q_가구_01,가구,생활·마트 중 '가구'를 판매·제공하는 매장,test,가구,T1 정확표기,0039f6c3-9cdd-48f5-ae33-279dbbcf879d,다이렉트소파몰 안산직영점,가구소매업,상록수가구거리상점가,골목형상점가,경기도,,,
992fa128269c2936b2c3,full_annotation_v1,A,q_가구_01,가구,생활·마트 중 '가구'를 판매·제공하는 매장,test,가구,T1 정확표기,01083bff-525f-49d6-8dc9-7d3f1e1088cd,파로마 가구,가구,대전관저가구단지 골목형상점가,골목형상점가,대전광역시,,,
b46c1598528074fcea7c,full_annotation_v1,A,q_가구_01,가구,생활·마트 중 '가구'를 판매·제공하는 매장,test,가구,T1 정확표기,6c18591a-aa17-4c09-8888-b02a2e6fc4bf,중소기업가구,"가정용 가구, 사무용 가구, 업소용 가구",대전관저가구단지 골목형상점가,골목형상점가,대전광역시,,,
96c038001e6741befa67,full_annotation_v1,A,q_가구_01,가구,생활·마트 중 '가구'를 판매·제공하는 매장,test,가구,T1 정확표기,14659f1e-cd87-4f1d-a507-73767a2e5cb5,성광인삼사,인삼,대구약령시장,전통시장,대구광역시,,,
d291cf715f3dca204f53,full_annotation_v1,A,q_가구_01,가구,생활·마트 중 '가구'를 판매·제공하는 매장,test,가구,T1 정확표기,ec4be524-0f3c-46af-9541-c4aeef7cf9be,이정,가구,섬유제품관,전통시장,대구광역시,,,
ee9be74dcfb57b178eba,full_annotation_v1,A,q_가구_01,가구,생활·마트 중 '가구'를 판매·제공하는 매장,test,가구,T1 정확표기,0d32b58f-0a8d-4159-b3cf-c4e1a3ec49dc,단청(장수돌침대의왕점),,안양1번가 상점가,자율상권구역,경기도,,,
852b000ab6c9b1783662,full_annotation_v1,A,q_가구_01,가구,생활·마트 중 '가구'를 판매·제공하는 매장,test,가구,T1 정확표기,83358573-9ed9-493c-9f58-ad401d69e09a,디퍼스 가구,"가구, 인테리어",운정가구단지 상점가,자율상권구역,경기도,,,
7a5814b32416c961d877,full_annotation_v1,A,q_가구_01,가구,생활·마트 중 '가구'를 판매·제공하는 매장,test,가구,T1 정확표기,d92aa413-7c12-417f-b85b-f5581f95d441,블루문레스토랑,양식,백년소상공인,기타,대구광역시,,,
8312ec8717707ab4d904,full_annotation_v1,A,q_가구_01,가구,생활·마트 중 '가구'를 판매·제공하는 매장,test,가구,T1 정확표기,b935fe1d-c445-49e7-8045-7fb76055c104,루이가구,가구,천안삼거리 가구단지 상점가,자율상권구역,충청남도,,,
29843190babae0a579ce,full_annotation_v1,A,q_가구_01,가구,생활·마트 중 '가구'를 판매·제공하는 매장,test,가구,T1 정확표기,ae7a9e9e-60ac-4300-9f14-7121dae15990,영진가구,가구,동광주 골목형상점가,골목형상점가,광주광역시,,,
7a1b717958f521b2512c,full_annotation_v1,A,q_가구_01,가구,생활·마트 중 '가구'를 판매·제공하는 매장,test,가구,T1 정확표기,887114de-18b5-4d76-8bfe-03fe671feffb,동서가구,가구,청북가구단지상점가,골목형상점가,경기도,,,
4bbe4384e85d2be20ff5,full_annotation_v1,A,q_가구_01,가구,생활·마트 중 '가구'를 판매·제공하는 매장,test,가구,T1 정확표기,fac47bcc-d184-4b3c-9853-3bd986287a32,유희장,가구,과천새서울프라자시장,전통시장,경기도,,,
739a90559d32d1c28ab7,full_annotation_v1,A,q_가구_01,가구,생활·마트 중 '가구'를 판매·제공하는 매장,test,가구,T1 정확표기,12b9ac19-6985-47b6-81ce-029d29bb3d71,삼익가구,가구,목련 골목형상점가,골목형상점가,광주광역시,,,
3245dc585ea258b4736f,full_annotation_v1,A,q_가구_01,가구,생활·마트 중 '가구'를 판매·제공하는 매장,test,가구,T1 정확표기,a6962674-d660-4f13-ae3b-ea731e12e81c,가구장이,가구,양동복개상가,전통시장,,,,
9e03e525fda97a533108,full_annotation_v1,A,q_가구_01,가구,생활·마트 중 '가구'를 판매·제공하는 매장,test,가구,T1 정확표기,d900a426-0b63-4488-b1c2-9862f9804988,센텀가구,가구,부산좌천동가구상가,자율상권구역,부산광역시,,,
866d1cfd08f1d1a872ea,full_annotation_v1,A,q_가구_01,가구,생활·마트 중 '가구'를 판매·제공하는 매장,test,가구,T1 정확표기,75cf53e3-5877-4d6d-a034-5ba8bc6cab87,코지안 가구,가구,오류동 특화거리 상점가,자율상권구역,대전광역시,,,
42f7049bbc1bdf720614,full_annotation_v1,A,q_가구_01,가구,생활·마트 중 '가구'를 판매·제공하는 매장,test,가구,T1 정확표기,10912c4c-ad0d-4b0e-aed7-fb63cf87685d,삼익가구,가구,포항죽도시장,전통시장,경상북도,,,
9d39ca8121bcf090e18c,full_annotation_v1,A,q_가구_01,가구,생활·마트 중 '가구'를 판매·제공하는 매장,test,가구,T1 정확표기,21b37f16-0f7e-4f93-9d94-102d58ee92ea,삼익가구,가구,상록수가구거리상점가,자율상권구역,경기도,,,
8d648556e5b822fb2e29,full_annotation_v1,A,q_가구_01,가구,생활·마트 중 '가구'를 판매·제공하는 매장,test,가구,T1 정확표기,e07c4a8d-0ba7-4d3b-8966-5b00601be9e5,삼익가구,가구,원대가구명물거리 골목형상점가,골목형상점가,대구광역시,,,
1ee3d9a87212ef10599c,full_annotation_v1,A,q_가구_01,가구,생활·마트 중 '가구'를 판매·제공하는 매장,test,가구,T1 정확표기,0489ee6e-4ab8-4ff6-9f33-94e36078b3ec,힐커,가구,하남대로가구의거리상인회 골목형상점가,골목형상점가,광주광역시,,,
991578f0e80f4725d839,full_annotation_v1,A,q_가구_01,가구,생활·마트 중 '가구'를 판매·제공하는 매장,test,가구,T1 정확표기,698d26a2-9563-400a-91b3-24fc70bced35,자연가구,가구,양동복개상가,전통시장,광주광역시,,,
0ce957ae5d18ca2383c8,full_annotation_v1,A,q_가구_01,가구,생활·마트 중 '가구'를 판매·제공하는 매장,test,가구,T1 정확표기,42cc207c-676a-4662-9781-e266eb11c91e,에이스가구,도매 및 소매업 가구 중고가구 붙박이장 식탁 소파,은구비서로사회적협동조합 골목형상점가,골목형상점가,대전광역시,,,
3e546076293bba2f90f7,full_annotation_v1,A,q_가구_01,가구,생활·마트 중 '가구'를 판매·제공하는 매장,test,가구,T1 정확표기,0a0405e9-75a8-4da5-94de-52922afd653d,(주)드림,침대 가구,운정가구단지 상점가,자율상권구역,경기도,,,
a1291102f37dc24436d7,full_annotation_v1,A,q_가구_01,가구,생활·마트 중 '가구'를 판매·제공하는 매장,test,가구,T1 정확표기,deec3729-50a2-43e5-a218-20ed445abcfb,그랜드가구,가구,안양가구상점가,자율상권구역,경기도,,,
c0166a63c2bd839f5b3e,full_annotation_v1,A,q_가구_01,가구,생활·마트 중 '가구'를 판매·제공하는 매장,test,가구,T1 정확표기,8bdd1830-9c93-4288-84f8-949a1331078c,리키홈가구,가구,청남가구단지 상점가,자율상권구역,충청북도,,,
6157b221d030be0fc9fe,full_annotation_v1,A,q_가구_01,가구,생활·마트 중 '가구'를 판매·제공하는 매장,test,가구,T1 정확표기,8f57f7ec-cf31-417c-95cc-830216e0ebf2,예지토방,가구,동울산종합시장,전통시장,울산광역시,,,
306fbe95982c84f52f3c,full_annotation_v1,A,q_가구_01,가구,생활·마트 중 '가구'를 판매·제공하는 매장,test,가구,T1 정확표기,aa282976-da0f-4e89-9c30-e9079da8ff46,지리산공예,가구,전주중앙상가시장,전통시장,전북특별자치도,,,
1c57585416bc82f4c239,full_annotation_v1,A,q_가구_01,가구,생활·마트 중 '가구'를 판매·제공하는 매장,test,가구,T1 정확표기,629b6602-ded6-49da-a393-3c3e2edaa721,중앙종합가구,가구,낙원동골목형상점가,골목형상점가,강원특별자치도,,,
fbdaa7f9501041616187,full_annotation_v1,A,q_가구_01,가구,생활·마트 중 '가구'를 판매·제공하는 매장,test,가구,T1 정확표기,6faf2a57-4829-48a0-a95a-4c93f1959ba2,까누가구,가구,무실가구거리골목형상점가,골목형상점가,강원특별자치도,,,
873f0b19506ba8ff5593,full_annotation_v1,A,q_가구_01,가구,생활·마트 중 '가구'를 판매·제공하는 매장,test,가구,T1 정확표기,8466aed6-c584-4ad0-9133-32dcb2c4f5db,미래가구,가구,㈜르네시떼,전통시장,부산광역시,,,
16ff31a75dd563cb2780,full_annotation_v1,A,q_가구_01,가구,생활·마트 중 '가구'를 판매·제공하는 매장,test,가구,T1 정확표기,ca9f30b0-f8bf-483a-9db2-c9051e301605,가구편집샾,가구,청북가구단지상점가,골목형상점가,경기도,,,
bfa1dcc5139354c5aa01,full_annotation_v1,A,q_가구_01,가구,생활·마트 중 '가구'를 판매·제공하는 매장,test,가구,T1 정확표기,e20e8ef0-c9ad-412e-80fe-df8c057210a9,서서우동,기타,안락오거리골목형상점가,골목형상점가,부산광역시,,,
eb25d16ddefab2c5df25,full_annotation_v1,A,q_가구_01,가구,생활·마트 중 '가구'를 판매·제공하는 매장,test,가구,T1 정확표기,a738e6ea-466e-4e42-b0da-5172202ed115,삼익가구,가구,학성가구거리 상점가,자율상권구역,울산광역시,,,
bfa20bc97d0630de3549,full_annotation_v1,A,q_가구_01,가구,생활·마트 중 '가구'를 판매·제공하는 매장,test,가구,T1 정확표기,7fa800be-0942-4ad7-9472-c2bec9bbf747,호주면세점직영할인점 금촌역점,관절영양제,금촌명동로시장,전통시장,경기도,,,
5b32ab915e518dfdbd30,full_annotation_v1,A,q_가구_01,가구,생활·마트 중 '가구'를 판매·제공하는 매장,test,가구,T1 정확표기,031de4ba-62c8-472a-abf2-0459220acb75,막스디바니,가구,청하시장,전통시장,경상북도,,,
3bcc85f420fcc340a17d,full_annotation_v1,A,q_가구_01,가구,생활·마트 중 '가구'를 판매·제공하는 매장,test,가구,T1 정확표기,a4b7e341-4216-4b44-a59e-1937f43f697d,완미족발,족발,안동시옥동 골목형상점가,골목형상점가,경상북도,,,
7014770b94c355617cc6,full_annotation_v1,A,q_가구_01,가구,생활·마트 중 '가구'를 판매·제공하는 매장,test,가구,T1 정확표기,19787508-4f87-474c-8036-12ac0043a334,까소엔가구,가구,삼산가구전문거리,골목형상점가,울산광역시,,,
c55de77e986e9cce0ed2,full_annotation_v1,A,q_가구_02,가구점,생활·마트 중 '가구'를 판매·제공하는 매장,test,가구,T2 동의어,0ed71d4c-b871-43b3-8519-99310c994a33,주식회사 한샘인테리어창원점,가구점,창원 팔용가구거리,자율상권구역,경상남도,,,
b599f64f528cfd23529e,full_annotation_v1,A,q_가구_02,가구점,생활·마트 중 '가구'를 판매·제공하는 매장,test,가구,T2 동의어,f5ddf4d5-0d2a-4e9a-9c45-3db1594ab6d4,럭쎄스,가구,대구종합유통단지전자관사업협동조합,전통시장,대구광역시,,,
97990ad940a50b59f02d,full_annotation_v1,A,q_가구_02,가구점,생활·마트 중 '가구'를 판매·제공하는 매장,test,가구,T2 동의어,00157e3c-6f50-4200-b30b-056a209c814a,장인가구창원제일점,가구,창원 팔용가구거리,자율상권구역,경상남도,,,
99d289814abda105d722,full_annotation_v1,A,q_가구_02,가구점,생활·마트 중 '가구'를 판매·제공하는 매장,test,가구,T2 동의어,1a1e2eea-5211-40ef-9ff5-9a2ad215d7f1,옥계수산,수산물,동쪽바다중앙시장(구 동해중앙시장),전통시장,강원특별자치도,,,
5030f5097a2500e97baf,full_annotation_v1,A,q_가구_02,가구점,생활·마트 중 '가구'를 판매·제공하는 매장,test,가구,T2 동의어,9328475e-b39e-4e1f-9ec9-0907a4502570,미녀화장품,화장품,제일종합시장,전통시장,강원특별자치도,,,
f47716e542d4b3aa4bcc,full_annotation_v1,A,q_가구_02,가구점,생활·마트 중 '가구'를 판매·제공하는 매장,test,가구,T2 동의어,5d883f54-db8c-42de-b642-6a11b7e5bbf9,(뉴) 황궁스튜디오,사진,소공 지하쇼핑센터,일반지하상점가,서울특별시,,,
a93e6611d27160e6700b,full_annotation_v1,A,q_가구_02,가구점,생활·마트 중 '가구'를 판매·제공하는 매장,test,가구,T2 동의어,cf51d626-d3a5-466f-9e1f-23961209211d,88찹쌀순대,,목포동부시장,전통시장,전라남도,,,
7314d0574e1fe4b480d0,full_annotation_v1,A,q_가구_02,가구점,생활·마트 중 '가구'를 판매·제공하는 매장,test,가구,T2 동의어,003f093e-cafd-472d-a875-6931880b1a71,올리브데코,가구,제2경주중심상가시장(경주봉황중심상가시장),전통시장,경상북도,,,
71b5e9505e98eda42ec4,full_annotation_v1,A,q_가구_02,가구점,생활·마트 중 '가구'를 판매·제공하는 매장,test,가구,T2 동의어,c59ce54e-8bee-4066-88aa-75eef9fbc182,타이거 유아 스포츠 전용관,태권도,고운동상점가,자율상권구역,세종특별자치시,,,
515b7a382b8d4ff5b22c,full_annotation_v1,A,q_가구_02,가구점,생활·마트 중 '가구'를 판매·제공하는 매장,test,가구,T2 동의어,20df243f-f4f4-46de-b05b-211ccc4d88bc,원두막,천국장,탄방새마을 골목형상점가,골목형상점가,대전광역시,,,
e70a02cc5c52c3cf3bff,full_annotation_v1,A,q_가구_02,가구점,생활·마트 중 '가구'를 판매·제공하는 매장,test,가구,T2 동의어,aef50963-8c82-41aa-8d14-4d548a657219,에덴가구,가구점,월빛 골목형상점가,골목형상점가,광주광역시,,,
fa0e79c312897e583487,full_annotation_v1,A,q_가구_02,가구점,생활·마트 중 '가구'를 판매·제공하는 매장,test,가구,T2 동의어,2b391bc4-eab3-4835-a8fa-ae246878c0ce,가구스토리,가구,양주소풍가구단지상점가,자율상권구역,경기도,,,
af652b9b11b89bc6e296,full_annotation_v1,A,q_가구_02,가구점,생활·마트 중 '가구'를 판매·제공하는 매장,test,가구,T2 동의어,2f3c1d0b-c137-4691-a404-3a17ed6ac8c7,가구킹울산,,학성가구거리 상점가,자율상권구역,울산광역시,,,
56b99d89bd18f7770a75,full_annotation_v1,A,q_가구_02,가구점,생활·마트 중 '가구'를 판매·제공하는 매장,test,가구,T2 동의어,3f178591-21b4-48c1-9e52-356604435453,가구이야기,가구,청북가구단지상점가,골목형상점가,경기도,,,
08b0753cc147e113650d,full_annotation_v1,A,q_가구_02,가구점,생활·마트 중 '가구'를 판매·제공하는 매장,test,가구,T2 동의어,702a95c6-9c0c-4760-9e6b-f183e95c2003,가구가싸,가구,산본로데오거리(구 산본중심상가),자율상권구역,경기도,,,
df1e81de22dc5f7b7837,full_annotation_v1,A,q_가구_02,가구점,생활·마트 중 '가구'를 판매·제공하는 매장,test,가구,T2 동의어,ac4548f8-4b4c-4877-8b36-c027ba92a7b1,가구앤라인,가구,성정가구거리상점가,자율상권구역,충청남도,,,
4e01971aac2c5a7c9f94,full_annotation_v1,A,q_가구_02,가구점,생활·마트 중 '가구'를 판매·제공하는 매장,test,가구,T2 동의어,585fe56f-ee38-4841-a06e-be13eda3a657,가구공간,가구,대전관저가구단지 골목형상점가,골목형상점가,대전광역시,,,
07ef5a9d7bc14f98449c,full_annotation_v1,A,q_가구_02,가구점,생활·마트 중 '가구'를 판매·제공하는 매장,test,가구,T2 동의어,f5d5ff1b-528d-47a5-9ad4-d2ea7b84f2af,유명가구점,가구,마산 북마산가구시장,전통시장,경상남도,,,
ef19bfd9cd734195e81d,full_annotation_v1,A,q_가구_02,가구점,생활·마트 중 '가구'를 판매·제공하는 매장,test,가구,T2 동의어,0039f6c3-9cdd-48f5-ae33-279dbbcf879d,다이렉트소파몰 안산직영점,가구소매업,상록수가구거리상점가,골목형상점가,경기도,,,
a935484f83fd2ccf6668,full_annotation_v1,A,q_가구_02,가구점,생활·마트 중 '가구'를 판매·제공하는 매장,test,가구,T2 동의어,33cc95f6-7083-4dcc-b15c-5de0b2372789,금강가구점(파로마),가구,군산가구거리 상점가,자율상권구역,전북특별자치도,,,
411d681259fc36d34cbc,full_annotation_v1,A,q_가구_02,가구점,생활·마트 중 '가구'를 판매·제공하는 매장,test,가구,T2 동의어,99e303fe-8569-42c4-acec-eb2d7b4423bc,오씬홈,가구,포천리빙가구상점가,자율상권구역,경기도,,,
813f3ecf38d1adc873d2,full_annotation_v1,A,q_가구_02,가구점,생활·마트 중 '가구'를 판매·제공하는 매장,test,가구,T2 동의어,fac47bcc-d184-4b3c-9853-3bd986287a32,유희장,가구,과천새서울프라자시장,전통시장,경기도,,,
55fd79a47ad8b2237f22,full_annotation_v1,A,q_가구_02,가구점,생활·마트 중 '가구'를 판매·제공하는 매장,test,가구,T2 동의어,19787508-4f87-474c-8036-12ac0043a334,까소엔가구,가구,삼산가구전문거리,골목형상점가,울산광역시,,,
f513342ef0824df8c8b7,full_annotation_v1,A,q_가구_02,가구점,생활·마트 중 '가구'를 판매·제공하는 매장,test,가구,T2 동의어,002db554-24ed-4307-adce-47f82d00e39e,에몬스가구섬유관점,가구,섬유제품관,전통시장,대구광역시,,,
8e22b9567a90f0cb17a7,full_annotation_v1,A,q_가구_02,가구점,생활·마트 중 '가구'를 판매·제공하는 매장,test,가구,T2 동의어,554bb99c-3657-4a3e-a2ce-e2fab8baf190,가구소풍,가구,운정가구단지 상점가,자율상권구역,경기도,,,
168da3d6bc6ee2875cab,full_annotation_v1,A,q_가구_02,가구점,생활·마트 중 '가구'를 판매·제공하는 매장,test,가구,T2 동의어,00029834-c340-4d89-b5a7-cee930fc3c31,콩심24시전주종가콩나물국밥,가구,불당1번가골목형상점가,골목형상점가,충청남도,,,
951a5d753ca13efddbbe,full_annotation_v1,A,q_가구_02,가구점,생활·마트 중 '가구'를 판매·제공하는 매장,test,가구,T2 동의어,08d279de-df58-4bbf-98b5-b53c1d84cb4b,헤스티아디자인,"가구, 인테리어",마산 북마산가구시장,전통시장,경상남도,,,
572a4a71f09056dff7e7,full_annotation_v1,A,q_가구_02,가구점,생활·마트 중 '가구'를 판매·제공하는 매장,test,가구,T2 동의어,f4b406c7-8ffa-4ae5-9719-52be5407c901,조디악,가구,대구종합유통단지전자관사업협동조합,전통시장,대구광역시,,,
9f9407fcd63fe783f1fd,full_annotation_v1,A,q_가구_02,가구점,생활·마트 중 '가구'를 판매·제공하는 매장,test,가구,T2 동의어,328ce010-10a0-41c7-9d9a-1015ba14a913,"종합가구점 , 공예품","가구, 공예품",신천지시장,전통시장,부산광역시,,,
3b6e523f79d193a9e300,full_annotation_v1,A,q_가구_02,가구점,생활·마트 중 '가구'를 판매·제공하는 매장,test,가구,T2 동의어,b5423e05-adfe-4a18-8b18-98dbe02b81ef,더홈가구,가구,대구종합유통단지전자관사업협동조합,전통시장,대구광역시,,,
45c41dbd1ed9c1dee48b,full_annotation_v1,A,q_가구_02,가구점,생활·마트 중 '가구'를 판매·제공하는 매장,test,가구,T2 동의어,7e112451-2784-435c-975f-b3ea628da6bf,가구마켓,가구,엄사 골목형상점가,골목형상점가,충청남도,,,
53a05859a61342f6eb97,full_annotation_v1,A,q_가구_02,가구점,생활·마트 중 '가구'를 판매·제공하는 매장,test,가구,T2 동의어,a6962674-d660-4f13-ae3b-ea731e12e81c,가구장이,가구,양동복개상가,전통시장,,,,
a23edf48cd6e9225541b,full_annotation_v1,A,q_가구_02,가구점,생활·마트 중 '가구'를 판매·제공하는 매장,test,가구,T2 동의어,4fd0b6bc-1110-442c-ae7a-8c2b9ec37734,가구이즈,가구,㈜르네시떼,전통시장,부산광역시,,,
f4245eb29ea39744b58f,full_annotation_v1,A,q_가구_02,가구점,생활·마트 중 '가구'를 판매·제공하는 매장,test,가구,T2 동의어,0682734b-5e2e-4e79-9bcc-9fee6192ebcc,나무뜰,소매업(인테리어소품),신안프라자전통시장,전통시장,경기도,,,
e18197272b71635c5aa3,full_annotation_v1,A,q_가구_02,가구점,생활·마트 중 '가구'를 판매·제공하는 매장,test,가구,T2 동의어,000f2b92-c3c3-4ff7-8507-d2b8b0804036,우아미 가구,가구 도소매,삼산가구전문거리,골목형상점가,울산광역시,,,
f3ac4c6dd32bae8e0df2,full_annotation_v1,A,q_가구_02,가구점,생활·마트 중 '가구'를 판매·제공하는 매장,test,가구,T2 동의어,00819c3e-a0dc-4005-8c3b-25b804133ef6,에이스퍼니처,가구,동광주 골목형상점가,골목형상점가,광주광역시,,,
7c776301a8eef43fc12f,full_annotation_v1,A,q_가구_02,가구점,생활·마트 중 '가구'를 판매·제공하는 매장,test,가구,T2 동의어,0d32b58f-0a8d-4159-b3cf-c4e1a3ec49dc,단청(장수돌침대의왕점),,안양1번가 상점가,자율상권구역,경기도,,,
4ff96481277eba70fca4,full_annotation_v1,A,q_가구_02,가구점,생활·마트 중 '가구'를 판매·제공하는 매장,test,가구,T2 동의어,dc2076ae-3283-4dc5-a580-38f9396b1ad6,가구천사,가구,연제초 앞 골목형상점가,골목형상점가,광주광역시,,,
7ec7eadc43251b9f1f47,full_annotation_v1,A,q_가구_02,가구점,생활·마트 중 '가구'를 판매·제공하는 매장,test,가구,T2 동의어,48cc700f-acfd-4514-8948-7f9db8f88719,비타민원목가구,소파.침대.식탁,청북가구단지상점가,자율상권구역,경기도,,,
c4faa0f82bd7a66f0bc7,full_annotation_v1,A,q_가구_02,가구점,생활·마트 중 '가구'를 판매·제공하는 매장,test,가구,T2 동의어,0c1dd1eb-0de8-4f54-8ace-5459f2a8b263,현대가구점,가구,강진마량 횟집거리 상점가,골목형상점가,전라남도,,,
a293625de6452805957a,full_annotation_v1,A,q_가구_02,가구점,생활·마트 중 '가구'를 판매·제공하는 매장,test,가구,T2 동의어,c73bf560-85fe-43e6-89a3-d32a890b50a4,가구챔피언,가구,양동복개상가,전통시장,광주광역시,,,
37bb6a1a9c8fc720304e,full_annotation_v1,A,q_가구_02,가구점,생활·마트 중 '가구'를 판매·제공하는 매장,test,가구,T2 동의어,548ec3e8-7ab2-4ea9-82d1-7e1d8aed685f,한성가구점,가구,충주관아골상가,전통시장,충청북도,,,
5447611650e6e245f088,full_annotation_v1,A,q_가구_02,가구점,생활·마트 중 '가구'를 판매·제공하는 매장,test,가구,T2 동의어,063e0bdb-f37d-403a-8d87-439096dd4a51,공감인테리어,실내 인테리어벽지장판목공타일류 등 및 컨설팅,운남7단지먹자거리 골목형상점가,골목형상점가,광주광역시,,,
10a4be419db280086f15,full_annotation_v1,A,q_가구_02,가구점,생활·마트 중 '가구'를 판매·제공하는 매장,test,가구,T2 동의어,42cc207c-676a-4662-9781-e266eb11c91e,에이스가구,도매 및 소매업 가구 중고가구 붙박이장 식탁 소파,은구비서로사회적협동조합 골목형상점가,골목형상점가,대전광역시,,,
2fa9b89a9d95f3a7413d,full_annotation_v1,A,q_가구_02,가구점,생활·마트 중 '가구'를 판매·제공하는 매장,test,가구,T2 동의어,6878d6bd-23f7-4cb3-ad87-56a39983acff,나는 가구다,가구,양동복개상가,전통시장,,,,
c751af7fde55dd0c36f6,full_annotation_v1,A,q_가구_02,가구점,생활·마트 중 '가구'를 판매·제공하는 매장,test,가구,T2 동의어,99de4b24-c601-4560-97cf-032fec8ec3c4,송정가구갤러리,가구점,임방울거리3구역 골목형상점가,골목형상점가,광주광역시,,,
b04c2192f9fe928470b3,full_annotation_v1,A,q_가구_02,가구점,생활·마트 중 '가구'를 판매·제공하는 매장,test,가구,T2 동의어,7ece6f82-8d9f-475c-9c04-be15505285dd,보루네오,가구점,마산 북마산가구시장,전통시장,경상남도,,,
ae7170c94b91c6c3bbe3,full_annotation_v1,A,q_가구_02,가구점,생활·마트 중 '가구'를 판매·제공하는 매장,test,가구,T2 동의어,5d59ff90-1a4c-4aae-9d6d-64b8a3911976,가구마을,가구,서울중앙시장,전통시장,서울특별시,,,
cd9977a5bc25850413b7,full_annotation_v1,A,q_가구_02,가구점,생활·마트 중 '가구'를 판매·제공하는 매장,test,가구,T2 동의어,773a7d06-360e-4e6c-855d-ae1805d3bd1d,스왈로,가구점,학성가구거리 상점가,자율상권구역,울산광역시,,,
1ee5c807cfc9b62204a6,full_annotation_v1,A,q_가구_02,가구점,생활·마트 중 '가구'를 판매·제공하는 매장,test,가구,T2 동의어,747cddf9-b78f-4d08-acb9-1c8d70578cfb,가구숲,가구,신창동가구의거리일번국도상점가,자율상권구역,광주광역시,,,
0173908a5b97178e3199,full_annotation_v1,A,q_가구_02,가구점,생활·마트 중 '가구'를 판매·제공하는 매장,test,가구,T2 동의어,106454eb-97cd-48f1-a8a2-f707bcee70d6,덴버가구점,도소매업(가구소매업),안양가구상점가,자율상권구역,경기도,,,
d6121bb4417de67e3465,full_annotation_v1,A,q_가구_02,가구점,생활·마트 중 '가구'를 판매·제공하는 매장,test,가구,T2 동의어,bae794eb-a3fe-4173-84ed-cce7af98cda1,부광족발,한식,익산장(구 북부장),전통시장,전북특별자치도,,,
6653d8f91ce32d4f5737,full_annotation_v1,A,q_가구_02,가구점,생활·마트 중 '가구'를 판매·제공하는 매장,test,가구,T2 동의어,122f0486-4b14-453f-b6cc-7cc9481bdd12,형제샷시유리,창호공사,마천중앙시장,전통시장,서울특별시,,,
d39258680189d6984bd9,full_annotation_v1,A,q_가구_02,가구점,생활·마트 중 '가구'를 판매·제공하는 매장,test,가구,T2 동의어,6d26130f-db7b-4513-89c4-b31f340987af,가구보물섬,가구,학성가구거리 상점가,자율상권구역,울산광역시,,,
2a6500b00f9cb9f529c5,full_annotation_v1,A,q_가구_02,가구점,생활·마트 중 '가구'를 판매·제공하는 매장,test,가구,T2 동의어,40af7b91-7f04-4b4d-8809-08e1c5813c51,가현가구,장농침대소파식탁,하남대로가구의거리상인회 골목형상점가,골목형상점가,광주광역시,,,
c0cda86f09605e5ff95f,full_annotation_v1,A,q_가구_02,가구점,생활·마트 중 '가구'를 판매·제공하는 매장,test,가구,T2 동의어,9c5a25d4-029f-4af8-b6b1-18ead5172aaa,대명가구점,소매업(소품가구),안양중앙인정시장,전통시장,경기도,,,
4fe115ed946354502d8b,full_annotation_v1,A,q_가구_02,가구점,생활·마트 중 '가구'를 판매·제공하는 매장,test,가구,T2 동의어,fe532b2e-c97a-4033-a798-c903a511d509,지에스25에코프리미엄점,,에코휴먼빌 골목형상점가,골목형상점가,전북특별자치도,,,
f1958880377ef487d51d,full_annotation_v1,A,q_가구_02,가구점,생활·마트 중 '가구'를 판매·제공하는 매장,test,가구,T2 동의어,22165583-fcae-4187-a1d7-31b3f949e126,정성마켓,수산물,노량진수산시장골목형상점가,골목형상점가,서울특별시,,,
c62484c172d96a8474c1,full_annotation_v1,A,q_가구_02,가구점,생활·마트 중 '가구'를 판매·제공하는 매장,test,가구,T2 동의어,0021ea65-4c59-4aa0-8d1c-95fe7b6686d0,공간인테리어,경미한공사(인테리어),여의동 골목형상점가,골목형상점가,전북특별자치도,,,
fe2fa3f0d25415824a59,full_annotation_v1,A,q_가구_02,가구점,생활·마트 중 '가구'를 판매·제공하는 매장,test,가구,T2 동의어,02f4782a-e87b-4c4c-a517-6eec40381342,장수돌침대,가구침대,포천리빙가구상점가,자율상권구역,경기도,,,
c261ac79c59d777f30eb,full_annotation_v1,A,q_가구_02,가구점,생활·마트 중 '가구'를 판매·제공하는 매장,test,가구,T2 동의어,0a0405e9-75a8-4da5-94de-52922afd653d,(주)드림,침대 가구,운정가구단지 상점가,자율상권구역,경기도,,,
b19b8516e0145f32e976,full_annotation_v1,A,q_가구_02,가구점,생활·마트 중 '가구'를 판매·제공하는 매장,test,가구,T2 동의어,6ccce905-716a-4ecf-9e5c-b8fe46eca7de,유림선구점,,마산어시장,전통시장,경상남도,,,
48b84cc4ab5da5058d28,full_annotation_v1,A,q_가구_02,가구점,생활·마트 중 '가구'를 판매·제공하는 매장,test,가구,T2 동의어,600bd86f-5aa5-4365-9e2a-21d51f7c7aaa,참건강약국,의약품,탄방새마을 골목형상점가,골목형상점가,대전광역시,,,
95ab70c91fc33a1d4cee,full_annotation_v1,A,q_가구_02,가구점,생활·마트 중 '가구'를 판매·제공하는 매장,test,가구,T2 동의어,f23df528-80d5-41d4-bcd9-f2cbc345f3ba,시장가구점,가구점,산청시장,전통시장,경상남도,,,
156da2df7f9032470cfb,full_annotation_v1,A,q_가구_02,가구점,생활·마트 중 '가구'를 판매·제공하는 매장,test,가구,T2 동의어,0394caa3-10fc-4b86-b7e2-c7b1ac09d649,새마을종합인테리어,"인테리어(벽지,장판등)",성남남한산성시장(구 은행골목시장),전통시장,경기도,,,
8ce26c610220dd060c1f,full_annotation_v1,A,q_가구_02,가구점,생활·마트 중 '가구'를 판매·제공하는 매장,test,가구,T2 동의어,ca9f30b0-f8bf-483a-9db2-c9051e301605,가구편집샾,가구,청북가구단지상점가,골목형상점가,경기도,,,
0cb5a3d2e269cb730093,full_annotation_v1,A,q_가구_02,가구점,생활·마트 중 '가구'를 판매·제공하는 매장,test,가구,T2 동의어,ed2f2a1f-7e22-421a-ad76-f65858f80c2e,가구마을,가구,양동복개상가,전통시장,,,,
1d4962888a7359d2e9d0,full_annotation_v1,A,q_가구_02,가구점,생활·마트 중 '가구'를 판매·제공하는 매장,test,가구,T2 동의어,0b1020aa-4576-4fc3-9ee6-a6fe2a321e73,소낭구 평택점,식탁소파침대옷장 등 가구일체,청북가구단지상점가,골목형상점가,경기도,,,
4a103579bcaaf408cf26,full_annotation_v1,A,q_가구_02,가구점,생활·마트 중 '가구'를 판매·제공하는 매장,test,가구,T2 동의어,830e2a10-a351-4ab6-b86a-84590bf3a2f0,다~산가구,가구,경산중앙로상점가,자율상권구역,경상북도,,,
e1003c95ea7d476f7f31,full_annotation_v1,A,q_가구_02,가구점,생활·마트 중 '가구'를 판매·제공하는 매장,test,가구,T2 동의어,fd2097ef-eb8d-4b73-9f15-f5b71337c620,제일서점,서적 문구 완구,화동길상점가,자율상권구역,전북특별자치도,,,
005ca982a14606ac0d60,full_annotation_v1,A,q_가구_02,가구점,생활·마트 중 '가구'를 판매·제공하는 매장,test,가구,T2 동의어,6456766f-8801-4ec8-a1a5-a03ba75eb2de,제일반점,음식,성당시장,전통시장,대구광역시,,,
2734bf127cbec6d10626,full_annotation_v1,A,q_가구_02,가구점,생활·마트 중 '가구'를 판매·제공하는 매장,test,가구,T2 동의어,060ca668-6ba8-4dbc-af43-1b0f2b64cda6,오브제 퍼니처,침대소파식탁,김포 가구단지 골목형상점가,골목형상점가,경기도,,,
1c607fd68c9dd0f767f8,full_annotation_v1,A,q_가구_02,가구점,생활·마트 중 '가구'를 판매·제공하는 매장,test,가구,T2 동의어,4f3c3f16-cb1d-4ceb-bcc1-3c6d01396793,양데코,"커튼, 침구용품",돌고래시장(돌고래종합상가),전통시장,경기도,,,
0d54ec80cd876e6ab6fe,full_annotation_v1,A,q_가구_02,가구점,생활·마트 중 '가구'를 판매·제공하는 매장,test,가구,T2 동의어,b153594e-0813-45a2-b2d3-5fa358592d98,GS25 전주서호점,"식품, 비식품",송천중앙로 골목형상점가,골목형상점가,전북특별자치도,,,
bcff3991cc29e1ad434a,full_annotation_v1,A,q_가구_02,가구점,생활·마트 중 '가구'를 판매·제공하는 매장,test,가구,T2 동의어,a810a04f-ac22-4804-9080-4b1eaba9dc2c,성현상회,수산물,경동시장,전통시장,서울특별시,,,
b88391081e5adc5aba50,full_annotation_v1,A,q_가구_02,가구점,생활·마트 중 '가구'를 판매·제공하는 매장,test,가구,T2 동의어,b2a2e3d6-f434-4c17-86b6-8edb3d0e407c,가구랜드,가구,학성가구거리 상점가,자율상권구역,울산광역시,,,
691f8788bc596c7c5c71,full_annotation_v1,A,q_가구_03,소파,생활·마트 중 '가구'를 판매·제공하는 매장,test,가구,T2 동의어,10e13b7e-9893-41d5-879c-b63f700b98c5,진파,한식,함덕4구상점가,골목형상점가,제주특별자치도,,,
aabfe9b747cde658c403,full_annotation_v1,A,q_가구_03,소파,생활·마트 중 '가구'를 판매·제공하는 매장,test,가구,T2 동의어,5fd22f36-8b77-4559-9f4e-6946bb8686b4,뽀에따,피부미용,전남여고후문 골목형상점가,골목형상점가,광주광역시,,,
8ead5220130bafcbba68,full_annotation_v1,A,q_가구_03,소파,생활·마트 중 '가구'를 판매·제공하는 매장,test,가구,T2 동의어,8728b3b1-a7ba-4503-9f50-f667549fa53d,미파,의류,광장전통시장,자율상권구역,서울특별시,,,
97bf978649fd0a43eec0,full_annotation_v1,A,q_가구_03,소파,생활·마트 중 '가구'를 판매·제공하는 매장,test,가구,T2 동의어,573e143b-e7a1-446a-96fc-28b0f623696d,왕실온돌침대,소파 침대,영주소백쇼핑몰,전통시장,경상북도,,,
5cfecea1c40e06bf3133,full_annotation_v1,A,q_가구_03,소파,생활·마트 중 '가구'를 판매·제공하는 매장,test,가구,T2 동의어,c3c5791d-8958-454b-a2cf-2216823259b0,백련스파,,승달 골목형상점가,골목형상점가,,,,
7309b77591be6da7b0ed,full_annotation_v1,A,q_가구_03,소파,생활·마트 중 '가구'를 판매·제공하는 매장,test,가구,T2 동의어,4b742243-724a-495a-bed1-c06e4d80ffd3,얼음왕국하왕십리391호점,빙과류외잡화,왕십리무학봉상점가,자율상권구역,서울특별시,,,
c3929cd79a7928ef6e12,full_annotation_v1,A,q_가구_03,소파,생활·마트 중 '가구'를 판매·제공하는 매장,test,가구,T2 동의어,539bbb87-a48e-4388-9df5-f9fb493ddf08,정면돌파,한식,두류젊코상권,상권활성화구역,대구광역시,,,
c13daddf68c1ec52b1a1,full_annotation_v1,A,q_가구_03,소파,생활·마트 중 '가구'를 판매·제공하는 매장,test,가구,T2 동의어,08d279de-df58-4bbf-98b5-b53c1d84cb4b,헤스티아디자인,"가구, 인테리어",마산 북마산가구시장,전통시장,경상남도,,,
0971d547bc27e150de3e,full_annotation_v1,A,q_가구_03,소파,생활·마트 중 '가구'를 판매·제공하는 매장,test,가구,T2 동의어,0039f6c3-9cdd-48f5-ae33-279dbbcf879d,다이렉트소파몰 안산직영점,가구소매업,상록수가구거리상점가,골목형상점가,경기도,,,
ac6619a0504ad3b0bd6f,full_annotation_v1,A,q_가구_03,소파,생활·마트 중 '가구'를 판매·제공하는 매장,test,가구,T2 동의어,8ed967a6-ea75-466c-a448-5415101ef1db,우주농산물,야채과일,쌍문시장(쌍문역골목시장),전통시장,서울특별시,,,
de7cb54cb2244e9fcc39,full_annotation_v1,A,q_가구_03,소파,생활·마트 중 '가구'를 판매·제공하는 매장,test,가구,T2 동의어,bf50fab9-d81c-4fe0-ba1c-edd090a62138,청파,한식,샤로수길골목형상점가,골목형상점가,서울특별시,,,
35500989cd7505800913,full_annotation_v1,A,q_가구_03,소파,생활·마트 중 '가구'를 판매·제공하는 매장,test,가구,T2 동의어,d97794d2-8695-4046-9c73-aa6aa8c6b37b,운림골농원,고기류 주류 한식,운림중인근 골목형상점가,골목형상점가,광주광역시,,,
dfabf2a646c02b37905d,full_annotation_v1,A,q_가구_03,소파,생활·마트 중 '가구'를 판매·제공하는 매장,test,가구,T2 동의어,42cc207c-676a-4662-9781-e266eb11c91e,에이스가구,도매 및 소매업 가구 중고가구 붙박이장 식탁 소파,은구비서로사회적협동조합 골목형상점가,골목형상점가,대전광역시,,,
e5bd88953c916463bf03,full_annotation_v1,A,q_가구_03,소파,생활·마트 중 '가구'를 판매·제공하는 매장,test,가구,T2 동의어,000f2b92-c3c3-4ff7-8507-d2b8b0804036,우아미 가구,가구 도소매,삼산가구전문거리,골목형상점가,울산광역시,,,
c943c9ec0e0fe279283f,full_annotation_v1,A,q_가구_03,소파,생활·마트 중 '가구'를 판매·제공하는 매장,test,가구,T2 동의어,9d2f0b36-b943-43cc-820f-e5f449f4b928,송천대파,대파,전주남부시장,전통시장,전북특별자치도,,,
e30945e9354c6ee5447f,full_annotation_v1,A,q_가구_03,소파,생활·마트 중 '가구'를 판매·제공하는 매장,test,가구,T2 동의어,48cc700f-acfd-4514-8948-7f9db8f88719,비타민원목가구,소파.침대.식탁,청북가구단지상점가,자율상권구역,경기도,,,
7d23d82a9efdbf2beb02,full_annotation_v1,A,q_가구_03,소파,생활·마트 중 '가구'를 판매·제공하는 매장,test,가구,T2 동의어,0aaf5368-5633-4c21-bf0a-db73aafa026b,알파,,남악천변 골목형상점가,골목형상점가,,,,
d73a94b19555bc2d51fd,full_annotation_v1,A,q_가구_03,소파,생활·마트 중 '가구'를 판매·제공하는 매장,test,가구,T2 동의어,bf27b239-b9fe-4632-be3a-50e3a34e31e9,JS제일,소파,전주신중앙시장(구 중앙버드나무시장),전통시장,전북특별자치도,,,
ab3c955423a3b4800654,full_annotation_v1,A,q_가구_03,소파,생활·마트 중 '가구'를 판매·제공하는 매장,test,가구,T2 동의어,0a0405e9-75a8-4da5-94de-52922afd653d,(주)드림,침대 가구,운정가구단지 상점가,자율상권구역,경기도,,,
4d1f41f3efb7b0a60bdc,full_annotation_v1,A,q_가구_03,소파,생활·마트 중 '가구'를 판매·제공하는 매장,test,가구,T2 동의어,37a35905-9796-4be3-b6d1-4d1415fae881,명지대파,대파,부전농수산물새벽시장,전통시장,부산광역시,,,
4a0e8abfbf54711366e8,full_annotation_v1,A,q_가구_03,소파,생활·마트 중 '가구'를 판매·제공하는 매장,test,가구,T2 동의어,0d32b58f-0a8d-4159-b3cf-c4e1a3ec49dc,단청(장수돌침대의왕점),,안양1번가 상점가,자율상권구역,경기도,,,
265cd6ef373bdc14c092,full_annotation_v1,A,q_가구_03,소파,생활·마트 중 '가구'를 판매·제공하는 매장,test,가구,T2 동의어,93993d60-9b40-4249-8a88-f398ff51a92b,이 화가구,침대 의자 식탁 주문제작가구 장농 소파,망원동십자로길골목형상점가,골목형상점가,서울특별시,,,
c26f80d0b49dbbb31820,full_annotation_v1,A,q_가구_03,소파,생활·마트 중 '가구'를 판매·제공하는 매장,test,가구,T2 동의어,d140ebe5-75dc-4fcc-ab2a-cd98eda24410,소동파,중식,동천동먹자골목2번가상인회 골목형상점가,골목형상점가,광주광역시,,,
035fa0442dfd8ea2a2f5,full_annotation_v1,A,q_가구_03,소파,생활·마트 중 '가구'를 판매·제공하는 매장,test,가구,T2 동의어,b7e3bcd0-39e2-47ef-bf30-b314725c99ca,대패파,한식,유엔남구 대학로 상권,,부산광역시,,,
79bbaaf897ce0814ca0c,full_annotation_v1,A,q_가구_03,소파,생활·마트 중 '가구'를 판매·제공하는 매장,test,가구,T2 동의어,063e0bdb-f37d-403a-8d87-439096dd4a51,공감인테리어,실내 인테리어벽지장판목공타일류 등 및 컨설팅,운남7단지먹자거리 골목형상점가,골목형상점가,광주광역시,,,
2a0e82e19f9310768ed8,full_annotation_v1,A,q_가구_03,소파,생활·마트 중 '가구'를 판매·제공하는 매장,test,가구,T2 동의어,02f4782a-e87b-4c4c-a517-6eec40381342,장수돌침대,가구침대,포천리빙가구상점가,자율상권구역,경기도,,,
63d59f0308b6bf770863,full_annotation_v1,A,q_가구_03,소파,생활·마트 중 '가구'를 판매·제공하는 매장,test,가구,T2 동의어,3657c825-cc15-432e-97f4-e15410ae0877,파파,커피,전주서곡 골목형상점가,골목형상점가,전북특별자치도,,,
4446a1f538051a022069,full_annotation_v1,A,q_가구_03,소파,생활·마트 중 '가구'를 판매·제공하는 매장,test,가구,T2 동의어,71d89c73-9799-4517-b9bf-b49edfc6be8c,한판집 창원가음점,,창원 가음정시장,전통시장,경상남도,,,
dac15ed7eb405496db8b,full_annotation_v1,A,q_가구_03,소파,생활·마트 중 '가구'를 판매·제공하는 매장,test,가구,T2 동의어,7815ce86-7a60-499c-8a77-d1e9a6cc6bfa,빽다방광주학운점,커피,학운 골목형상점가,골목형상점가,광주광역시,,,
423b599175ee3c1ba1b4,full_annotation_v1,A,q_가구_03,소파,생활·마트 중 '가구'를 판매·제공하는 매장,test,가구,T2 동의어,1c951b5c-d7a1-4246-a418-2dd501f79690,울산대파,대파,학성새벽시장,전통시장,울산광역시,,,
a9c969c8c4c0ec769acc,full_annotation_v1,A,q_가구_03,소파,생활·마트 중 '가구'를 판매·제공하는 매장,test,가구,T2 동의어,dabf279c-41c3-4777-9c49-8bb0cf51575c,노컷서울 송파,,석촌시장,전통시장,서울특별시,,,
bb523a6257e9fc77a383,full_annotation_v1,A,q_가구_03,소파,생활·마트 중 '가구'를 판매·제공하는 매장,test,가구,T2 동의어,6cd802a4-1e85-49f1-90da-5137a5bb9264,돼파,한식,매봉 골목형상점가,골목형상점가,광주광역시,,,
24bdb2e07536b6c6c739,full_annotation_v1,A,q_가구_03,소파,생활·마트 중 '가구'를 판매·제공하는 매장,test,가구,T2 동의어,e713d646-6466-4def-b812-9a9a75ea1ba3,쏘랩소파,가구,미사강변 골목형상점가,골목형상점가,경기도,,,
8eef6561b9653c202315,full_annotation_v1,A,q_가구_03,소파,생활·마트 중 '가구'를 판매·제공하는 매장,test,가구,T2 동의어,0394caa3-10fc-4b86-b7e2-c7b1ac09d649,새마을종합인테리어,"인테리어(벽지,장판등)",성남남한산성시장(구 은행골목시장),전통시장,경기도,,,
a9b7aa98cb45451033c4,full_annotation_v1,A,q_가구_03,소파,생활·마트 중 '가구'를 판매·제공하는 매장,test,가구,T2 동의어,cd57749b-178c-4c96-aca3-84e8c47a3b62,핸드메이드씽씽,핸드메이드소품,두암2동면앙로 골목형상점가,골목형상점가,광주광역시,,,
48e6be0b6aaf82aabdff,full_annotation_v1,A,q_가구_03,소파,생활·마트 중 '가구'를 판매·제공하는 매장,test,가구,T2 동의어,0682734b-5e2e-4e79-9bcc-9fee6192ebcc,나무뜰,소매업(인테리어소품),신안프라자전통시장,전통시장,경기도,,,
ce1f10d0e2c2fade976f,full_annotation_v1,A,q_가구_03,소파,생활·마트 중 '가구'를 판매·제공하는 매장,test,가구,T2 동의어,002db554-24ed-4307-adce-47f82d00e39e,에몬스가구섬유관점,가구,섬유제품관,전통시장,대구광역시,,,
4474b900fdbf1d5e2a9c,full_annotation_v1,A,q_가구_03,소파,생활·마트 중 '가구'를 판매·제공하는 매장,test,가구,T2 동의어,a573aaa8-79ed-428b-a7d2-33425d99db12,막가파,한식,운천테라스길상인회 골목형상점가,골목형상점가,광주광역시,,,
6c936dca6e87d0a206fa,full_annotation_v1,A,q_가구_03,소파,생활·마트 중 '가구'를 판매·제공하는 매장,test,가구,T2 동의어,e4b53a6f-3022-47eb-8991-24038d7e4974,장수돌침대 돌소파 서광주점,가구,하남대로가구의거리상인회 골목형상점가,골목형상점가,광주광역시,,,
7bf040f1d2964ce4b95d,full_annotation_v1,A,q_가구_03,소파,생활·마트 중 '가구'를 판매·제공하는 매장,test,가구,T2 동의어,6fe472ba-6f83-4640-a591-74b1bc4f956a,홍대디자인,소파 식탁 침대 등,빛고을 골목형상점가,골목형상점가,광주광역시,,,
66fb57d5ce182062499f,full_annotation_v1,A,q_가구_03,소파,생활·마트 중 '가구'를 판매·제공하는 매장,test,가구,T2 동의어,1e01f73f-5ccb-41d2-ba1a-6afc3d76e840,진영분식,칼국수,서동향토시장,전통시장,부산광역시,,,
41e7497358597d9812ac,full_annotation_v1,A,q_가구_03,소파,생활·마트 중 '가구'를 판매·제공하는 매장,test,가구,T2 동의어,4ed348f8-e30c-443a-b786-498e498e1568,오펜스,커피,전남여고후문 골목형상점가,골목형상점가,광주광역시,,,
fbca914056ca949f448e,full_annotation_v1,A,q_가구_03,소파,생활·마트 중 '가구'를 판매·제공하는 매장,test,가구,T2 동의어,0021ea65-4c59-4aa0-8d1c-95fe7b6686d0,공간인테리어,경미한공사(인테리어),여의동 골목형상점가,골목형상점가,전북특별자치도,,,
0655fb5804c9a40e06a7,full_annotation_v1,A,q_가구_03,소파,생활·마트 중 '가구'를 판매·제공하는 매장,test,가구,T2 동의어,7bb99513-5494-41af-ae03-a715578433b6,대동수예점,한복,마산 부림시장,전통시장,경상남도,,,
bd01b7646dcdafc7dfdc,full_annotation_v1,A,q_가구_03,소파,생활·마트 중 '가구'를 판매·제공하는 매장,test,가구,T2 동의어,003f093e-cafd-472d-a875-6931880b1a71,올리브데코,가구,제2경주중심상가시장(경주봉황중심상가시장),전통시장,경상북도,,,
e0659d7b4db26bf0ea8f,full_annotation_v1,A,q_가구_03,소파,생활·마트 중 '가구'를 판매·제공하는 매장,test,가구,T2 동의어,00157e3c-6f50-4200-b30b-056a209c814a,장인가구창원제일점,가구,창원 팔용가구거리,자율상권구역,경상남도,,,
3b9f2c4a2e9a7f7afd40,full_annotation_v1,A,q_가구_03,소파,생활·마트 중 '가구'를 판매·제공하는 매장,test,가구,T2 동의어,a9a1dfed-2704-4cad-a923-f754718d8ed3,고주파,한식,경의숲길서강 골목형상점가,골목형상점가,서울특별시,,,
566cfcdb05eada044cb0,full_annotation_v1,A,q_가구_03,소파,생활·마트 중 '가구'를 판매·제공하는 매장,test,가구,T2 동의어,8c705f42-eea5-4495-8b5f-80610b226645,호호덮밥,음식점(한식),돌고래시장(돌고래종합상가),전통시장,경기도,,,
0e00eacecb3e98d62971,full_annotation_v1,A,q_가구_03,소파,생활·마트 중 '가구'를 판매·제공하는 매장,test,가구,T2 동의어,744adeb4-b457-4525-a1ff-c0296929dc76,소파(SOFA) 279,가구,운정가구단지 상점가,자율상권구역,경기도,,,
cff55727f955d53c3e32,full_annotation_v1,A,q_가구_03,소파,생활·마트 중 '가구'를 판매·제공하는 매장,test,가구,T2 동의어,a44dbf36-31d8-4542-80b0-d63cf59b951c,패밀리가구,소파,일곡동(제11지역:용전동) 골목형상점가,골목형상점가,광주광역시,,,
9db0d6dd8f3d2bd1ea6d,full_annotation_v1,A,q_가구_03,소파,생활·마트 중 '가구'를 판매·제공하는 매장,test,가구,T2 동의어,060ca668-6ba8-4dbc-af43-1b0f2b64cda6,오브제 퍼니처,침대소파식탁,김포 가구단지 골목형상점가,골목형상점가,경기도,,,
bf77178e03a1fbeaf562,full_annotation_v1,A,q_가구_03,소파,생활·마트 중 '가구'를 판매·제공하는 매장,test,가구,T2 동의어,6299dbec-b098-43d8-9d9d-ccd124113702,황근대파,대파,학성새벽시장,전통시장,울산광역시,,,
d7a102d7342692dbbd69,full_annotation_v1,A,q_가구_03,소파,생활·마트 중 '가구'를 판매·제공하는 매장,test,가구,T2 동의어,d13b871e-9ace-45b0-a9da-9ac1a06b6c12,까사나인,침대 소파,상록수가구거리상점가,골목형상점가,경기도,,,
ef375a10d1e53ee833cc,full_annotation_v1,A,q_가구_03,소파,생활·마트 중 '가구'를 판매·제공하는 매장,test,가구,T2 동의어,00029834-c340-4d89-b5a7-cee930fc3c31,콩심24시전주종가콩나물국밥,가구,불당1번가골목형상점가,골목형상점가,충청남도,,,
17c065611feb6dd772b7,full_annotation_v1,A,q_가구_03,소파,생활·마트 중 '가구'를 판매·제공하는 매장,test,가구,T2 동의어,8011ceed-db62-483b-ad1d-461d0336fcd8,푸푸파파,의류,양산 나래메트로시티 골목형상점가,골목형상점가,경상남도,,,
d83355a5170fcc586119,full_annotation_v1,A,q_가구_03,소파,생활·마트 중 '가구'를 판매·제공하는 매장,test,가구,T2 동의어,724e8f57-e9f7-4e8d-9500-62bf819090cd,3H전주중앙센타,소파,전주신중앙시장(구 중앙버드나무시장),전통시장,전북특별자치도,,,
611179ec7071d1de5346,full_annotation_v1,A,q_가구_03,소파,생활·마트 중 '가구'를 판매·제공하는 매장,test,가구,T2 동의어,83ad4414-d317-4fb3-8ff6-c4fe915c7f2f,자양한중식품,중국식품,능동로골목시장(자양한강전통시장),전통시장,서울특별시,,,
b4f677ce564752ac8878,full_annotation_v1,A,q_가구_03,소파,생활·마트 중 '가구'를 판매·제공하는 매장,test,가구,T2 동의어,186ee2cf-0351-4bdb-854f-6790aa8053fb,아리따움이수점,화장품,남성사계시장,전통시장,서울특별시,,,
f5311b29e96b6ad95779,full_annotation_v1,A,q_가구_03,소파,생활·마트 중 '가구'를 판매·제공하는 매장,test,가구,T2 동의어,68ee043f-6b39-48f4-8fea-5048b0f7c4db,이노센트가구 빛고을점,소파 등,빛고을 골목형상점가,골목형상점가,광주광역시,,,
d75bd74322b569188281,full_annotation_v1,A,q_가구_03,소파,생활·마트 중 '가구'를 판매·제공하는 매장,test,가구,T2 동의어,8e7f25ee-34b3-4fd4-ba47-811ea946758c,화끈한 오리마을,,창원 도계부부시장,전통시장,경상남도,,,
6add8dd97b739b85ebef,full_annotation_v1,A,q_가구_03,소파,생활·마트 중 '가구'를 판매·제공하는 매장,test,가구,T2 동의어,a9a1c23e-df4b-4a06-a416-6ec4dceb5bfb,한국가죽소파,소매업(소파및가구),안양가구상점가,자율상권구역,경기도,,,
db83090cc87cd4120940,full_annotation_v1,A,q_가구_03,소파,생활·마트 중 '가구'를 판매·제공하는 매장,test,가구,T2 동의어,7b1b8d9b-371c-4f83-96d2-d12f2ffc417e,커피몰,커파,평택국제중앙시장,전통시장,경기도,,,
0226d0be7d67b8119e78,full_annotation_v1,A,q_가구_03,소파,생활·마트 중 '가구'를 판매·제공하는 매장,test,가구,T2 동의어,8133306d-694c-4b7f-8c46-b4668b3b3e50,곽명지헤어,미용업,고성시장,전통시장,경상남도,,,
b2390b3ea13f197fe351,full_annotation_v1,A,q_가구_03,소파,생활·마트 중 '가구'를 판매·제공하는 매장,test,가구,T2 동의어,d2db267e-3b7c-42b7-b752-403dc073603b,합천대파,대파,학성새벽시장,전통시장,울산광역시,,,
e234a84f7b3dc05ed4b2,full_annotation_v1,A,q_가구_03,소파,생활·마트 중 '가구'를 판매·제공하는 매장,test,가구,T2 동의어,40af7b91-7f04-4b4d-8809-08e1c5813c51,가현가구,장농침대소파식탁,하남대로가구의거리상인회 골목형상점가,골목형상점가,광주광역시,,,
ed6985d67fe4db94219a,full_annotation_v1,A,q_가구_03,소파,생활·마트 중 '가구'를 판매·제공하는 매장,test,가구,T2 동의어,fc127397-b63f-4dcb-ae78-4a5ae97b6635,가인,소파 식탁,부산좌천동가구상가,자율상권구역,부산광역시,,,
4fe24557d10cf19124a8,full_annotation_v1,A,q_가구_03,소파,생활·마트 중 '가구'를 판매·제공하는 매장,test,가구,T2 동의어,bcb2feaf-7044-4f4f-b29a-3a52934d5f63,콩테가구단지 침대 소파,가구 소파,늘솔길상인회 골목형상점가,골목형상점가,광주광역시,,,
4aeb9e76180afd72cce6,full_annotation_v1,A,q_가구_03,소파,생활·마트 중 '가구'를 판매·제공하는 매장,test,가구,T2 동의어,83f36b03-6537-4be0-8d19-c322144b9036,네파,,태백중앙로상점가,자율상권구역,강원특별자치도,,,
8bf40e3b84d69412ca33,full_annotation_v1,A,q_가구_03,소파,생활·마트 중 '가구'를 판매·제공하는 매장,test,가구,T2 동의어,53f13a7d-ce5a-41bc-9bcb-d3422d3e1746,은광쇼파,소파,진다리로 백운1동 골목형상점가,골목형상점가,광주광역시,,,
e3c6a670d8375fd60824,full_annotation_v1,A,q_가구_03,소파,생활·마트 중 '가구'를 판매·제공하는 매장,test,가구,T2 동의어,00819c3e-a0dc-4005-8c3b-25b804133ef6,에이스퍼니처,가구,동광주 골목형상점가,골목형상점가,광주광역시,,,
93de34abe41fdc9d83a6,full_annotation_v1,A,q_가구_03,소파,생활·마트 중 '가구'를 판매·제공하는 매장,test,가구,T2 동의어,4dc849fd-2217-49f6-abcb-c64f1ebc6c4d,마라파파,,울산대바보사거리 골목형상점가,골목형상점가,울산광역시,,,
c9c5ecb8778c12acdc5a,full_annotation_v1,A,q_가구_03,소파,생활·마트 중 '가구'를 판매·제공하는 매장,test,가구,T2 동의어,11697ec5-afcf-48ce-b93d-78ff8879781b,주식회사 아로마플래닛,화장품,무등로해피 골목형상점가,골목형상점가,광주광역시,,,
6db91c42c370172d8323,full_annotation_v1,A,q_가구_03,소파,생활·마트 중 '가구'를 판매·제공하는 매장,test,가구,T2 동의어,145475c6-c03c-48f2-8c47-caba19da3dbd,한국가죽소파,가구,섬유제품관,전통시장,대구광역시,,,
9f22a3b685cb7aab2527,full_annotation_v1,A,q_가구_03,소파,생활·마트 중 '가구'를 판매·제공하는 매장,test,가구,T2 동의어,0b1020aa-4576-4fc3-9ee6-a6fe2a321e73,소낭구 평택점,식탁소파침대옷장 등 가구일체,청북가구단지상점가,골목형상점가,경기도,,,
e38dcc6403b94d8dca06,full_annotation_v1,A,q_가구_04,인테리어,생활·마트 중 '가구'를 판매·제공하는 매장,test,가구,T2 동의어,8f20c1f5-6bf6-428e-9f66-b250ecb066d8,성지종합인테리어,인테리어,태화시장,전통시장,울산광역시,,,
5cc67da8838935bdb099,full_annotation_v1,A,q_가구_04,인테리어,생활·마트 중 '가구'를 판매·제공하는 매장,test,가구,T2 동의어,4f0a5663-35a3-4aa7-9802-423cdbdbe1b3,사랑찬방,한식,봉리단길골목형상점가,골목형상점가,서울특별시,,,
63ba941caf83236735f1,full_annotation_v1,A,q_가구_04,인테리어,생활·마트 중 '가구'를 판매·제공하는 매장,test,가구,T2 동의어,8541a81b-5d12-4f61-8dea-12a5265caca6,천리인테리어,인테리어,이동 골목형상점가,골목형상점가,경기도,,,
2f90f56632b4b96f01e0,full_annotation_v1,A,q_가구_04,인테리어,생활·마트 중 '가구'를 판매·제공하는 매장,test,가구,T2 동의어,a62b4f8f-8577-4da1-b9d6-9871e6a11c96,동서종합인테리어,인테리어,중동사랑시장,전통시장,경기도,,,
163249191a3d566ef738,full_annotation_v1,A,q_가구_04,인테리어,생활·마트 중 '가구'를 판매·제공하는 매장,test,가구,T2 동의어,7a83832c-33f4-4624-a35b-25972301825a,보아스,인테리어,오목교중앙시장,전통시장,서울특별시,,,
039f1f3526edd2c05ec4,full_annotation_v1,A,q_가구_04,인테리어,생활·마트 중 '가구'를 판매·제공하는 매장,test,가구,T2 동의어,060ca668-6ba8-4dbc-af43-1b0f2b64cda6,오브제 퍼니처,침대소파식탁,김포 가구단지 골목형상점가,골목형상점가,경기도,,,
a93d0a4a396c7a15a371,full_annotation_v1,A,q_가구_04,인테리어,생활·마트 중 '가구'를 판매·제공하는 매장,test,가구,T2 동의어,002db554-24ed-4307-adce-47f82d00e39e,에몬스가구섬유관점,가구,섬유제품관,전통시장,대구광역시,,,
63ec2f507af5db3c867f,full_annotation_v1,A,q_가구_04,인테리어,생활·마트 중 '가구'를 판매·제공하는 매장,test,가구,T2 동의어,000f2b92-c3c3-4ff7-8507-d2b8b0804036,우아미 가구,가구 도소매,삼산가구전문거리,골목형상점가,울산광역시,,,
8931262397438910709d,full_annotation_v1,A,q_가구_04,인테리어,생활·마트 중 '가구'를 판매·제공하는 매장,test,가구,T2 동의어,00029834-c340-4d89-b5a7-cee930fc3c31,콩심24시전주종가콩나물국밥,가구,불당1번가골목형상점가,골목형상점가,충청남도,,,
7cd125714c8eddc16227,full_annotation_v1,A,q_가구_04,인테리어,생활·마트 중 '가구'를 판매·제공하는 매장,test,가구,T2 동의어,f4fd2fb5-eb45-4dc4-a4c9-528ca4f26883,예찬인테리어,인테리어,석계음식문화거리골목형상점가,골목형상점가,서울특별시,,,
999de84b7d2aa2ec0a3f,full_annotation_v1,A,q_가구_04,인테리어,생활·마트 중 '가구'를 판매·제공하는 매장,test,가구,T2 동의어,765bc5b7-3a22-404c-b34d-64a617530ce6,금정,인테리어,센트럴프라자,골목형상점가,울산광역시,,,
9728f4b2c51b1a89ed7e,full_annotation_v1,A,q_가구_04,인테리어,생활·마트 중 '가구'를 판매·제공하는 매장,test,가구,T2 동의어,610ba527-4e91-435b-b488-588e02356c31,바닐라빈 (VANILLA BEAN),음료,커낼워크상점가,골목형상점가,인천광역시,,,
2c97f6b005aed2f214bb,full_annotation_v1,A,q_가구_04,인테리어,생활·마트 중 '가구'를 판매·제공하는 매장,test,가구,T2 동의어,0039f6c3-9cdd-48f5-ae33-279dbbcf879d,다이렉트소파몰 안산직영점,가구소매업,상록수가구거리상점가,골목형상점가,경기도,,,
520a1849ccbf670007fc,full_annotation_v1,A,q_가구_04,인테리어,생활·마트 중 '가구'를 판매·제공하는 매장,test,가구,T2 동의어,c5b99943-a4b6-4758-8072-9c53fea5e819,프로방스인테리어,인테리어,반구시장,전통시장,울산광역시,,,
9cbf60f39e53dc70e9f1,full_annotation_v1,A,q_가구_04,인테리어,생활·마트 중 '가구'를 판매·제공하는 매장,test,가구,T2 동의어,de9ac34c-d3a4-4d41-990b-5d46e46501f7,예원건축인테리어,인테리어 소품,평창동 골목형상점가,골목형상점가,서울특별시,,,
35771b25814a2b796e6f,full_annotation_v1,A,q_가구_04,인테리어,생활·마트 중 '가구'를 판매·제공하는 매장,test,가구,T2 동의어,ee53aa68-61a8-4f50-8b6c-89d5a126483d,종로왕족발,족발,창원 명서시장,전통시장,경상남도,,,
556831eddf0f5750e947,full_annotation_v1,A,q_가구_04,인테리어,생활·마트 중 '가구'를 판매·제공하는 매장,test,가구,T2 동의어,4632cd24-bf1f-4aab-84b3-4908c113e840,현대인테리어,인테리어,오류버들시장골목형상점가,골목형상점가,서울특별시,,,
0cd8e8d2de086f63008d,full_annotation_v1,A,q_가구_04,인테리어,생활·마트 중 '가구'를 판매·제공하는 매장,test,가구,T2 동의어,49c40b44-3de8-4397-b2be-e11b09c49e75,시윤건축,인테리어,시화공구상가,전통시장,경기도,,,
6b558e35dd133b4c2e09,full_annotation_v1,A,q_가구_04,인테리어,생활·마트 중 '가구'를 판매·제공하는 매장,test,가구,T2 동의어,7d67e483-e07c-407e-8c03-33ae18fedf1a,은하인테리어,인테리어,화정한울타리상인회 골목형상점가,골목형상점가,광주광역시,,,
e8fb81864eedc3f9b6e8,full_annotation_v1,A,q_가구_04,인테리어,생활·마트 중 '가구'를 판매·제공하는 매장,test,가구,T2 동의어,8a5bdfa2-4d24-4bbb-8d7a-b2f5bba0b81a,예가원인테리어,인테리어,자유골목형상점가,골목형상점가,충청남도,,,
90147b8de89f8fbb05dc,full_annotation_v1,A,q_가구_04,인테리어,생활·마트 중 '가구'를 판매·제공하는 매장,test,가구,T2 동의어,5935e64d-be63-46be-90e5-76d68a446e48,행운인테리어,인테리어,산천동 골목형상점가,골목형상점가,서울특별시,,,
45a7aef3f26fda37b405,full_annotation_v1,A,q_가구_04,인테리어,생활·마트 중 '가구'를 판매·제공하는 매장,test,가구,T2 동의어,f2ebcd91-aa1e-45d1-ae97-1d694efda10a,펫샵강아지와산책,반려동물용품,태화강국가정원먹거리단지,자율상권구역,울산광역시,,,
237748771e1fde97941c,full_annotation_v1,A,q_가구_04,인테리어,생활·마트 중 '가구'를 판매·제공하는 매장,test,가구,T2 동의어,06030a84-8acb-44a6-a260-ab7a79df4c62,예원한복,한복원단,서문시장 제1지구1층(직물시장),전통시장,대구광역시,,,
601427b78711ce8c25c5,full_annotation_v1,A,q_가구_04,인테리어,생활·마트 중 '가구'를 판매·제공하는 매장,test,가구,T2 동의어,4ebc5bff-6699-45bf-aee2-d12a6f69066f,라움중문,인테리어,섬유제품관,전통시장,대구광역시,,,
99bfe36ea164280c047e,full_annotation_v1,A,q_가구_04,인테리어,생활·마트 중 '가구'를 판매·제공하는 매장,test,가구,T2 동의어,0bd28800-62b5-493e-bcb6-764857407f23,화이트메종,인테리어,은구비서로사회적협동조합 골목형상점가,골목형상점가,대전광역시,,,
1e87eed43a18dd186cb8,full_annotation_v1,A,q_가구_04,인테리어,생활·마트 중 '가구'를 판매·제공하는 매장,test,가구,T2 동의어,10efb0a5-a6e7-4a49-9e51-b709c647e4c8,다래디자인,인테리어,서초쇼핑골목형상점가,골목형상점가,서울특별시,,,
95f664ac2215c1eb2d2d,full_annotation_v1,A,q_가구_04,인테리어,생활·마트 중 '가구'를 판매·제공하는 매장,test,가구,T2 동의어,e4df0867-13a7-4dc5-b95e-2567962d3029,㈜덕인인테리어,인테리어 공사,비아로 골목형상점가,골목형상점가,광주광역시,,,
500b09aaa09fc272ebd7,full_annotation_v1,A,q_가구_04,인테리어,생활·마트 중 '가구'를 판매·제공하는 매장,test,가구,T2 동의어,dbc495df-f128-4890-92cf-1ae174ed2462,살롱트루,미용,신월3동시장골목형상점가,골목형상점가,서울특별시,,,
dfcb78d7ed7a33d14c3a,full_annotation_v1,A,q_가구_04,인테리어,생활·마트 중 '가구'를 판매·제공하는 매장,test,가구,T2 동의어,e76b976e-126f-4ee9-9c98-6ba55b938609,카페스무크,카페,수완머그로 골목형상점가,골목형상점가,광주광역시,,,
55909d53c71addf9fcad,full_annotation_v1,A,q_가구_04,인테리어,생활·마트 중 '가구'를 판매·제공하는 매장,test,가구,T2 동의어,45140b23-2ef2-44f5-8433-bbc7391c388b,서산상회,인테리어,홍성전통시장(구 홍성정기시장),전통시장,충청남도,,,
2ddc4e0ce0e4a27bac53,full_annotation_v1,A,q_가구_04,인테리어,생활·마트 중 '가구'를 판매·제공하는 매장,test,가구,T2 동의어,00819c3e-a0dc-4005-8c3b-25b804133ef6,에이스퍼니처,가구,동광주 골목형상점가,골목형상점가,광주광역시,,,
e9818d449d1f1f1baf08,full_annotation_v1,A,q_가구_04,인테리어,생활·마트 중 '가구'를 판매·제공하는 매장,test,가구,T2 동의어,9f545578-41b4-412b-82ac-2b7b876fe582,9939인테리어,인테리어,유안 골목형상점가,골목형상점가,광주광역시,,,
a17b8840511c0a71ed55,full_annotation_v1,A,q_가구_04,인테리어,생활·마트 중 '가구'를 판매·제공하는 매장,test,가구,T2 동의어,2af27ed7-8b95-44d7-a987-08468438dea0,힐인테리어,인테리어,동산상가,전통시장,대구광역시,,,
02f356d481d99d9b101c,full_annotation_v1,A,q_가구_04,인테리어,생활·마트 중 '가구'를 판매·제공하는 매장,test,가구,T2 동의어,55965ecc-3db7-4301-9a15-c4f19e3f69e7,한샘인테리어지물,인테리어,전곡중앙상가 골목형상점가,골목형상점가,경기도,,,
2cba60ba73c92de2f883,full_annotation_v1,A,q_가구_04,인테리어,생활·마트 중 '가구'를 판매·제공하는 매장,test,가구,T2 동의어,bafde46e-d053-4ee8-acce-7371acd5af70,정릉벽지장판할인매장,인테리어,정릉서경대길골목형상점가(정릉골),골목형상점가,서울특별시,,,
8432a5a3dcc45d9b3f18,full_annotation_v1,A,q_가구_04,인테리어,생활·마트 중 '가구'를 판매·제공하는 매장,test,가구,T2 동의어,0021ea65-4c59-4aa0-8d1c-95fe7b6686d0,공간인테리어,경미한공사(인테리어),여의동 골목형상점가,골목형상점가,전북특별자치도,,,
087769ca5f8d3da0c76b,full_annotation_v1,A,q_가구_04,인테리어,생활·마트 중 '가구'를 판매·제공하는 매장,test,가구,T2 동의어,e3eb8ef4-20f4-4eed-a0ec-47f27b48d24e,성연인테리어,인테리어,성내전통시장,전통시장,서울특별시,,,
dd028e3923b4f3124885,full_annotation_v1,A,q_가구_04,인테리어,생활·마트 중 '가구'를 판매·제공하는 매장,test,가구,T2 동의어,4943fe46-71c3-4429-9cc1-3f8395821ddd,리홈 원주인테리어,인테리어,혁신도시2구역골목형상점가,골목형상점가,강원특별자치도,,,
6303eca5554d59a0fb86,full_annotation_v1,A,q_가구_04,인테리어,생활·마트 중 '가구'를 판매·제공하는 매장,test,가구,T2 동의어,063e0bdb-f37d-403a-8d87-439096dd4a51,공감인테리어,실내 인테리어벽지장판목공타일류 등 및 컨설팅,운남7단지먹자거리 골목형상점가,골목형상점가,광주광역시,,,
8c8f28392eae6d96b76a,full_annotation_v1,A,q_가구_04,인테리어,생활·마트 중 '가구'를 판매·제공하는 매장,test,가구,T2 동의어,36de94cf-1f85-42c3-bccd-01c30d21a143,상승 인테리어,인테리어,봉천달빛길골목형상점가,골목형상점가,서울특별시,,,
1144692a60c9092a8e9d,full_annotation_v1,A,q_가구_04,인테리어,생활·마트 중 '가구'를 판매·제공하는 매장,test,가구,T2 동의어,cddbbd8b-7279-4482-a921-b305c004a01d,헤어나린,미용실,석소 골목형상점가,골목형상점가,전북특별자치도,,,
513032b67303d2382a36,full_annotation_v1,A,q_가구_04,인테리어,생활·마트 중 '가구'를 판매·제공하는 매장,test,가구,T2 동의어,555434a2-6e12-43b4-9b46-a661ed91e7e5,홍림토탈인테리어,인테리어,못골골목시장,전통시장,부산광역시,,,
8924cc69e2406423b54e,full_annotation_v1,A,q_가구_04,인테리어,생활·마트 중 '가구'를 판매·제공하는 매장,test,가구,T2 동의어,97eca456-3f21-4d67-955e-a010d9fc2a79,라온,인테리어,섬유제품관,전통시장,대구광역시,,,
39c1e6a28eacd0d2fe67,full_annotation_v1,A,q_가구_04,인테리어,생활·마트 중 '가구'를 판매·제공하는 매장,test,가구,T2 동의어,16d76088-4a97-4122-827b-bb8d5d26dfb9,커피타다,음식,지산유원지 상점가,자율상권구역,광주광역시,,,
3badcb49d9c7bbb0b08f,full_annotation_v1,A,q_가구_04,인테리어,생활·마트 중 '가구'를 판매·제공하는 매장,test,가구,T2 동의어,158cb28d-a1f4-41bf-857c-6bc462df8fbc,성진홈인테리어,인테리어,삼산현대시장,골목형상점가,울산광역시,,,
f1dc41a4ade89ac1face,full_annotation_v1,A,q_가구_04,인테리어,생활·마트 중 '가구'를 판매·제공하는 매장,test,가구,T2 동의어,42cc207c-676a-4662-9781-e266eb11c91e,에이스가구,도매 및 소매업 가구 중고가구 붙박이장 식탁 소파,은구비서로사회적협동조합 골목형상점가,골목형상점가,대전광역시,,,
c1c71b5578d70fd1c6be,full_annotation_v1,A,q_가구_04,인테리어,생활·마트 중 '가구'를 판매·제공하는 매장,test,가구,T2 동의어,8dd57869-543f-4776-b82a-67c4416e1591,보성장식,인테리어,화원시장,전통시장,대구광역시,,,
9f37c859d59d362cca1d,full_annotation_v1,A,q_가구_04,인테리어,생활·마트 중 '가구'를 판매·제공하는 매장,test,가구,T2 동의어,40af7b91-7f04-4b4d-8809-08e1c5813c51,가현가구,장농침대소파식탁,하남대로가구의거리상인회 골목형상점가,골목형상점가,광주광역시,,,
781a926be9d9dba5e7a6,full_annotation_v1,A,q_가구_04,인테리어,생활·마트 중 '가구'를 판매·제공하는 매장,test,가구,T2 동의어,babe6ef7-64ec-47ed-bac4-814312b9cec9,성은인테리어,인테리어,동원전통종합시장,전통시장,서울특별시,,,
cb8238d26463a7a031b1,full_annotation_v1,A,q_가구_04,인테리어,생활·마트 중 '가구'를 판매·제공하는 매장,test,가구,T2 동의어,7c09d043-8717-450b-b93b-03ee2c9cf498,행복공간 인테리어,"인테리어, 건설자재",더불어용두 골목형상점가,골목형상점가,광주광역시,,,
d498234710d8b4357c16,full_annotation_v1,A,q_가구_04,인테리어,생활·마트 중 '가구'를 판매·제공하는 매장,test,가구,T2 동의어,56923c05-5b5e-47a1-8ba6-1614c44ad51c,장성규조토산업,인테리어,예스파크 상점가,자율상권구역,경기도,,,
82415573f1fd251d3f32,full_annotation_v1,A,q_가구_04,인테리어,생활·마트 중 '가구'를 판매·제공하는 매장,test,가구,T2 동의어,4afe9c36-04bc-4281-99bf-48efdfb67fca,근민디자인,인테리어,하당꽃길1가 골목형상점가,골목형상점가,전라남도,,,
4f261c706e32badd6060,full_annotation_v1,A,q_가구_04,인테리어,생활·마트 중 '가구'를 판매·제공하는 매장,test,가구,T2 동의어,82aa7d7e-085a-474f-be37-feb253d775ba,카페은경,카페,석소 골목형상점가,골목형상점가,전북특별자치도,,,
3469d5830ff1f527c866,full_annotation_v1,A,q_가구_04,인테리어,생활·마트 중 '가구'를 판매·제공하는 매장,test,가구,T2 동의어,95bc1031-d55e-4832-b724-0a46649dddc6,우리집인테리어,인테리어,학마을골목형상점가,골목형상점가,서울특별시,,,
c2aa90293f7f34076116,full_annotation_v1,A,q_가구_04,인테리어,생활·마트 중 '가구'를 판매·제공하는 매장,test,가구,T2 동의어,661d3f3c-a149-4daa-bd70-9624fbfebbea,보석인테리어건설,인테리어,자유골목형상점가,골목형상점가,충청남도,,,
b8d1c6e67b4b49cdd5fe,full_annotation_v1,A,q_가구_04,인테리어,생활·마트 중 '가구'를 판매·제공하는 매장,test,가구,T2 동의어,caa28fe7-ec3d-4d69-84fb-54b9431c4109,현대인테리어,인테리어,석수본동 골목형상점가,골목형상점가,경기도,,,
63aa55b4aa205cc1ab77,full_annotation_v1,A,q_가구_04,인테리어,생활·마트 중 '가구'를 판매·제공하는 매장,test,가구,T2 동의어,08d279de-df58-4bbf-98b5-b53c1d84cb4b,헤스티아디자인,"가구, 인테리어",마산 북마산가구시장,전통시장,경상남도,,,
f5cc97ac6efc06286a59,full_annotation_v1,A,q_가구_04,인테리어,생활·마트 중 '가구'를 판매·제공하는 매장,test,가구,T2 동의어,0a0405e9-75a8-4da5-94de-52922afd653d,(주)드림,침대 가구,운정가구단지 상점가,자율상권구역,경기도,,,
05f91ad3d264f2287152,full_annotation_v1,A,q_가구_04,인테리어,생활·마트 중 '가구'를 판매·제공하는 매장,test,가구,T2 동의어,4595400f-906a-4dfd-9a20-42058586d157,아트타일,인테리어,연산전통시장,전통시장,충청남도,,,
3e6fe37eb82b738937a1,full_annotation_v1,A,q_가구_04,인테리어,생활·마트 중 '가구'를 판매·제공하는 매장,test,가구,T2 동의어,470f12f0-2126-49d1-9a9b-6b2ce24503a5,새숨공간 인테리어,인테리어 시공,나주혁신도시 골목형상점가,골목형상점가,전라남도,,,
9a404a4f4d7960dfe75b,full_annotation_v1,A,q_가구_04,인테리어,생활·마트 중 '가구'를 판매·제공하는 매장,test,가구,T2 동의어,02f4782a-e87b-4c4c-a517-6eec40381342,장수돌침대,가구침대,포천리빙가구상점가,자율상권구역,경기도,,,
24fb87863088e0ee2ea0,full_annotation_v1,A,q_가구_04,인테리어,생활·마트 중 '가구'를 판매·제공하는 매장,test,가구,T2 동의어,1fe25b84-6c9d-4876-95c2-8df3e72b8cfc,우먼로드,인테리어,안중시장,전통시장,경기도,,,
bd1ec161b80d1954df4f,full_annotation_v1,A,q_가구_04,인테리어,생활·마트 중 '가구'를 판매·제공하는 매장,test,가구,T2 동의어,91d0b9a2-6748-4327-8b22-2e7b65b650cc,천일인테리어,인테리어,사강시장,전통시장,경기도,,,
affd3b4a8fd69537580a,full_annotation_v1,A,q_가구_04,인테리어,생활·마트 중 '가구'를 판매·제공하는 매장,test,가구,T2 동의어,0682734b-5e2e-4e79-9bcc-9fee6192ebcc,나무뜰,소매업(인테리어소품),신안프라자전통시장,전통시장,경기도,,,
b8725e69637d165926ba,full_annotation_v1,A,q_가구_04,인테리어,생활·마트 중 '가구'를 판매·제공하는 매장,test,가구,T2 동의어,7f644b43-5c12-4e95-821e-d869f888bb7f,토탈씽크,인테리어,상무운천로상인회 골목형상점가,골목형상점가,광주광역시,,,
9b197c7de9db36d438fd,full_annotation_v1,A,q_가구_04,인테리어,생활·마트 중 '가구'를 판매·제공하는 매장,test,가구,T2 동의어,f3e6c040-7d87-48fd-acec-c22138eba543,광명장식,인테리어,임방울거리3구역 골목형상점가,골목형상점가,광주광역시,,,
408480330396b5a4783e,full_annotation_v1,A,q_가구_04,인테리어,생활·마트 중 '가구'를 판매·제공하는 매장,test,가구,T2 동의어,7a815e4d-78fe-40f5-9018-29e797bb6f0a,영진상사,인테리어,임방울거리3구역 골목형상점가,골목형상점가,광주광역시,,,
61263766a5d6d506d8e5,full_annotation_v1,A,q_가구_04,인테리어,생활·마트 중 '가구'를 판매·제공하는 매장,test,가구,T2 동의어,f9ea9f24-7cf9-49d0-bd8f-da14fa0e9150,명품인테리어,인테리어,한글거리 상점가상인회,자율상권구역,세종특별자치시,,,
ecea7b93ae99b2da5f34,full_annotation_v1,A,q_가구_04,인테리어,생활·마트 중 '가구'를 판매·제공하는 매장,test,가구,T2 동의어,79a06031-4fd9-4332-a476-1b2768550f2e,케이원 인테리어,인테리어(경미한공사),양림동 골목형상점가,골목형상점가,광주광역시,,,
a643ba118c55e65a4144,full_annotation_v1,A,q_가구_04,인테리어,생활·마트 중 '가구'를 판매·제공하는 매장,test,가구,T2 동의어,1ce65cc3-ff8f-4781-bbfc-cccf1c5b8b7b,해주,인테리어,오류버들시장골목형상점가,골목형상점가,서울특별시,,,
7ae0dddc7acb7caab607,full_annotation_v1,A,q_가구_04,인테리어,생활·마트 중 '가구'를 판매·제공하는 매장,test,가구,T2 동의어,00157e3c-6f50-4200-b30b-056a209c814a,장인가구창원제일점,가구,창원 팔용가구거리,자율상권구역,경상남도,,,
1bf53a7675eece12f420,full_annotation_v1,A,q_가구_04,인테리어,생활·마트 중 '가구'를 판매·제공하는 매장,test,가구,T2 동의어,003f093e-cafd-472d-a875-6931880b1a71,올리브데코,가구,제2경주중심상가시장(경주봉황중심상가시장),전통시장,경상북도,,,
a005a3402e7aaa0644cf,full_annotation_v1,A,q_가구_04,인테리어,생활·마트 중 '가구'를 판매·제공하는 매장,test,가구,T2 동의어,73247d56-0fda-49c5-a148-d7ebffb7d913,꾸미네인테리어,인테리어,상무운천로상인회 골목형상점가,골목형상점가,광주광역시,,,
eaa092d3b244a548886b,full_annotation_v1,A,q_가구_04,인테리어,생활·마트 중 '가구'를 판매·제공하는 매장,test,가구,T2 동의어,df972c74-9773-4ebe-84aa-8c5a229c4a61,올리브디자인카페,인테리어,서산중심상가,자율상권구역,충청남도,,,
e66a2902ad400cd049be,full_annotation_v1,A,q_가구_04,인테리어,생활·마트 중 '가구'를 판매·제공하는 매장,test,가구,T2 동의어,1875465f-1705-4824-b9c5-59aad3280ecf,성광인테리어,인테리어,온누리상인회 골목형상점가,골목형상점가,광주광역시,,,
bf4748b969a66e92c890,full_annotation_v1,A,q_가구_04,인테리어,생활·마트 중 '가구'를 판매·제공하는 매장,test,가구,T2 동의어,96c0a45e-0ff9-4728-b377-b73426555ece,제이디엑스(JDX),의류,금촌문화로시장,전통시장,경기도,,,
22f6a75002cbd1e13dfa,full_annotation_v1,A,q_가구_04,인테리어,생활·마트 중 '가구'를 판매·제공하는 매장,test,가구,T2 동의어,beda4b6a-8c5e-4e9c-8b16-1aa1439269e3,창디자인,인테리어,신봉하나로 골목형상점가,골목형상점가,경기도,,,
0dc987e216855cd93e35,full_annotation_v1,A,q_가구_04,인테리어,생활·마트 중 '가구'를 판매·제공하는 매장,test,가구,T2 동의어,38468c09-6d52-401b-8173-965e9586c703,보미하우스,인테리어,고투몰(강남터미널지하도상점가),일반지하상점가,서울특별시,,,
8abc47ed710af3c54176,full_annotation_v1,A,q_가구_04,인테리어,생활·마트 중 '가구'를 판매·제공하는 매장,test,가구,T2 동의어,908f3452-a228-4408-b05a-7f52a0647b80,내집인테리어,인테리어,태평상가,골목형상점가,경기도,,,
90a0fd9f3fed311fd733,full_annotation_v1,A,q_가구_04,인테리어,생활·마트 중 '가구'를 판매·제공하는 매장,test,가구,T2 동의어,0b1020aa-4576-4fc3-9ee6-a6fe2a321e73,소낭구 평택점,식탁소파침대옷장 등 가구일체,청북가구단지상점가,골목형상점가,경기도,,,
1b09d4fe9b497ca16519,full_annotation_v1,A,q_가구_04,인테리어,생활·마트 중 '가구'를 판매·제공하는 매장,test,가구,T2 동의어,453ae40d-1238-4eed-b5e2-f6127b3a2271,대우커텐,인테리어,포항죽도농산물시장,전통시장,경상북도,,,
6a29a9302f49cd78717d,full_annotation_v1,A,q_가구_04,인테리어,생활·마트 중 '가구'를 판매·제공하는 매장,test,가구,T2 동의어,470eb2f0-fbcc-43c5-a707-41d408bf7744,헌집줄게 새집다오 인테리어,인테리어,단봉로골목형상점가,골목형상점가,인천광역시,,,
c45e96e5eba2994082ea,full_annotation_v1,A,q_가구_04,인테리어,생활·마트 중 '가구'를 판매·제공하는 매장,test,가구,T2 동의어,48cc700f-acfd-4514-8948-7f9db8f88719,비타민원목가구,소파.침대.식탁,청북가구단지상점가,자율상권구역,경기도,,,
55470d0c3d9fe7eeed7e,full_annotation_v1,A,q_가구_04,인테리어,생활·마트 중 '가구'를 판매·제공하는 매장,test,가구,T2 동의어,0394caa3-10fc-4b86-b7e2-c7b1ac09d649,새마을종합인테리어,"인테리어(벽지,장판등)",성남남한산성시장(구 은행골목시장),전통시장,경기도,,,
642c1f95c200545a34cf,full_annotation_v1,A,q_가구_04,인테리어,생활·마트 중 '가구'를 판매·제공하는 매장,test,가구,T2 동의어,b3faf3ce-5d5c-4d4c-b4b2-63c6a2505a50,재일광고기획,인테리어,심곡복개천 상점가,자율상권구역,경기도,,,
3c96ddf5e161aa514cbc,full_annotation_v1,A,q_가구_04,인테리어,생활·마트 중 '가구'를 판매·제공하는 매장,test,가구,T2 동의어,905d7702-4258-4bd6-9b5d-3c271bdaa1dc,똘똘이상회,수산물,주문진수산시장,전통시장,강원특별자치도,,,
8f64b054928e89bd2a13,full_annotation_v1,A,q_가구_04,인테리어,생활·마트 중 '가구'를 판매·제공하는 매장,test,가구,T2 동의어,20dbe8e3-f1d2-45f1-92cf-6b3c9a5e682d,벽지홈프라자,인테리어,장호원전통시장,전통시장,경기도,,,
cf63c25c53a774dc9d59,full_annotation_v1,A,q_가구_04,인테리어,생활·마트 중 '가구'를 판매·제공하는 매장,test,가구,T2 동의어,f7ccbe49-fa4c-432a-990f-4b5ed57e4e96,대건장식,인테리어,능동로골목시장(자양한강전통시장),전통시장,서울특별시,,,
047edcf9ce88c97c9370,full_annotation_v1,A,q_가구_04,인테리어,생활·마트 중 '가구'를 판매·제공하는 매장,test,가구,T2 동의어,0d32b58f-0a8d-4159-b3cf-c4e1a3ec49dc,단청(장수돌침대의왕점),,안양1번가 상점가,자율상권구역,경기도,,,
ef8847cff4ec805a8a0c,full_annotation_v1,A,q_가구_04,인테리어,생활·마트 중 '가구'를 판매·제공하는 매장,test,가구,T2 동의어,135d895f-451d-4c52-a4a3-978484401081,고씨네빨간오뎅,음식점,송화벽화시장,자율상권구역,서울특별시,,,
b86044a4def7d8d11b7a,full_annotation_v1,A,q_가구_04,인테리어,생활·마트 중 '가구'를 판매·제공하는 매장,test,가구,T2 동의어,d99c1360-eaf4-49d6-9faa-a20d756187a5,엑스파일,"모자, 가방, 잡화",문경중앙시장,전통시장,경상북도,,,
f43acbb0db0fe8102873,full_annotation_v1,A,q_가구_04,인테리어,생활·마트 중 '가구'를 판매·제공하는 매장,test,가구,T2 동의어,4077f363-d0cf-4400-82ab-211d70e15515,대동인테리어,인테리어,산천동 골목형상점가,골목형상점가,서울특별시,,,
eb815f4dcb919a34d37b,full_annotation_v1,A,q_가구_04,인테리어,생활·마트 중 '가구'를 판매·제공하는 매장,test,가구,T2 동의어,12de440f-7e93-44ed-a688-d28f255887fc,오렉스,인테리어,석수본동 골목형상점가,골목형상점가,경기도,,,
56a2e8792a12c01d6bfe,full_annotation_v1,A,q_가구_04,인테리어,생활·마트 중 '가구'를 판매·제공하는 매장,test,가구,T2 동의어,8e3f0fd3-7924-40a7-b6d3-463c10d8349b,대성인테리어,인테리어,마천중앙시장,전통시장,서울특별시,,,
bcd6c5e3a606fb342b37,full_annotation_v1,A,q_가구_04,인테리어,생활·마트 중 '가구'를 판매·제공하는 매장,test,가구,T2 동의어,96c4b04d-fa82-4e17-a1df-797614c967bb,제일인테리어,인테리어,과천슈르탑 골목형상점가,골목형상점가,경기도,,,
9779b858a9da79ef90fc,full_annotation_v1,A,q_가구_04,인테리어,생활·마트 중 '가구'를 판매·제공하는 매장,test,가구,T2 동의어,a8d87d39-7c7c-43b5-a1b1-9946fa77a984,신평종합인테리어,인테리어,안계정기시장,전통시장,경상북도,,,
3a363a743dcbd750b734,full_annotation_v1,A,q_가구_04,인테리어,생활·마트 중 '가구'를 판매·제공하는 매장,test,가구,T2 동의어,e3396978-13f0-4bda-b0fb-7a76a91e73af,명인테리어,인테리어,장대동패션상가 골목형상점가,골목형상점가,대전광역시,,,
2abdccee25ab754b885e,full_annotation_v1,A,q_가구_04,인테리어,생활·마트 중 '가구'를 판매·제공하는 매장,test,가구,T2 동의어,1c5c7910-67a6-4f04-8356-2ce08844b6ab,진선미의류,의류,밀양 아리랑시장,전통시장,경상남도,,,
afb86146fc41cfef79b1,full_annotation_v1,A,q_가구_04,인테리어,생활·마트 중 '가구'를 판매·제공하는 매장,test,가구,T2 동의어,78006631-e054-4a72-84ae-27756852abc9,올리브명품찹쌀꽈배기,음식점업(꽈배기),부천한신시장,전통시장,경기도,,,
493a33b9ac9dba9001ff,full_annotation_v1,A,q_가구_04,인테리어,생활·마트 중 '가구'를 판매·제공하는 매장,test,가구,T2 동의어,b44231b9-8229-41c1-a356-8ceb7fa937fb,보람인테리어,인테리어,장안마실골목형상점가,골목형상점가,서울특별시,,,
66bce30e57a8b7541fc3,full_annotation_v1,A,q_가구_04,인테리어,생활·마트 중 '가구'를 판매·제공하는 매장,test,가구,T2 동의어,fec3addd-9936-4ded-af2d-0d71e76959f2,부부씽크장식,인테리어,정서진중앙시장(구 서구중앙시장),전통시장,인천광역시,,,
579521b5f97cf890963c,full_annotation_v1,A,q_가구_04,인테리어,생활·마트 중 '가구'를 판매·제공하는 매장,test,가구,T2 동의어,452331ea-be89-4137-b77c-04dcc7a6650f,열린인테리어,인테리어,이천중앙로상가,자율상권구역,경기도,,,
f4b6b1a6daf5cc087c74,full_annotation_v1,A,q_가구_05,침대,생활·마트 중 '가구'를 판매·제공하는 매장,test,가구,T2 동의어,08d279de-df58-4bbf-98b5-b53c1d84cb4b,헤스티아디자인,"가구, 인테리어",마산 북마산가구시장,전통시장,경상남도,,,
65cea285652fe4742374,full_annotation_v1,A,q_가구_05,침대,생활·마트 중 '가구'를 판매·제공하는 매장,test,가구,T2 동의어,ae4f8fda-c8ad-4971-99cd-36426eb3c884,파로마가구,종합 가구 침대 쇼파 식탁,용인어정가구단지상점가,자율상권구역,경기도,,,
6e47e479765cff17d798,full_annotation_v1,A,q_가구_05,침대,생활·마트 중 '가구'를 판매·제공하는 매장,test,가구,T2 동의어,fa822345-8651-481c-b06c-be1ae5c08e0c,씰리침대,침대,대구종합유통단지전자관사업협동조합,전통시장,대구광역시,,,
b031c84b6035177ad406,full_annotation_v1,A,q_가구_05,침대,생활·마트 중 '가구'를 판매·제공하는 매장,test,가구,T2 동의어,2a0e616d-677d-45a3-bcbf-113a9120d781,리퍼가구마트,침대 외,양주소풍가구단지상점가,자율상권구역,경기도,,,
3af63f56a6d5f5fff773,full_annotation_v1,A,q_가구_05,침대,생활·마트 중 '가구'를 판매·제공하는 매장,test,가구,T2 동의어,02f4782a-e87b-4c4c-a517-6eec40381342,장수돌침대,가구침대,포천리빙가구상점가,자율상권구역,경기도,,,
d2ce9265e0cf144f7d60,full_annotation_v1,A,q_가구_05,침대,생활·마트 중 '가구'를 판매·제공하는 매장,test,가구,T2 동의어,48cc700f-acfd-4514-8948-7f9db8f88719,비타민원목가구,소파.침대.식탁,청북가구단지상점가,자율상권구역,경기도,,,
985dd4dee943a55973dd,full_annotation_v1,A,q_가구_05,침대,생활·마트 중 '가구'를 판매·제공하는 매장,test,가구,T2 동의어,0b536c1f-e151-4ce5-bdb0-ad14ca51f1dc,미선상회,"배추, 양파",강진읍시장,전통시장,전라남도,,,
b34db1c2fc32d879555c,full_annotation_v1,A,q_가구_05,침대,생활·마트 중 '가구'를 판매·제공하는 매장,test,가구,T2 동의어,0394caa3-10fc-4b86-b7e2-c7b1ac09d649,새마을종합인테리어,"인테리어(벽지,장판등)",성남남한산성시장(구 은행골목시장),전통시장,경기도,,,
69b80bd48f613e513157,full_annotation_v1,A,q_가구_05,침대,생활·마트 중 '가구'를 판매·제공하는 매장,test,가구,T2 동의어,701a58d7-e4f4-4ea9-8e36-392708ca9533,에녹,의류,아트프라자,자율상권구역,서울특별시,,,
34dbc8a6f4db82bda2d5,full_annotation_v1,A,q_가구_05,침대,생활·마트 중 '가구'를 판매·제공하는 매장,test,가구,T2 동의어,99677dfa-e773-4eca-82ec-4d7156ab6304,미건돌침대,침대,섬유제품관,전통시장,대구광역시,,,
1a2b9819dd4db0ad64f8,full_annotation_v1,A,q_가구_05,침대,생활·마트 중 '가구'를 판매·제공하는 매장,test,가구,T2 동의어,eb2c9ec5-e12e-411a-b829-929167432df6,킹코일침대,,창원 팔용가구거리,자율상권구역,경상남도,,,
863ce246f134ba2cffca,full_annotation_v1,A,q_가구_05,침대,생활·마트 중 '가구'를 판매·제공하는 매장,test,가구,T2 동의어,bb9fdc93-621c-4cff-a135-f18a86d2397e,스프링에어,침대,부산좌천동가구상가,자율상권구역,부산광역시,,,
ac6eed5c1446fb71572b,full_annotation_v1,A,q_가구_05,침대,생활·마트 중 '가구'를 판매·제공하는 매장,test,가구,T2 동의어,7c508183-70a3-4d66-b319-ba319ea0155d,금강제화 전주대리점,,충경로 골목형상점가,골목형상점가,전북특별자치도,,,
08edca6ca4b1b05e640c,full_annotation_v1,A,q_가구_05,침대,생활·마트 중 '가구'를 판매·제공하는 매장,test,가구,T2 동의어,d13b871e-9ace-45b0-a9da-9ac1a06b6c12,까사나인,침대 소파,상록수가구거리상점가,골목형상점가,경기도,,,
504c557d6bfe484ed18d,full_annotation_v1,A,q_가구_05,침대,생활·마트 중 '가구'를 판매·제공하는 매장,test,가구,T2 동의어,cda21483-f029-44f2-9eb3-e2575f81019e,가위를든그녀,미용,청주북부시장,전통시장,충청북도,,,
05a0b3c5d9ad16d12a0d,full_annotation_v1,A,q_가구_05,침대,생활·마트 중 '가구'를 판매·제공하는 매장,test,가구,T2 동의어,14eaccd6-35bc-4299-ba94-adcd999af079,동호침대,,부산진시장,전통시장,부산광역시,,,
e1967c36375e874c5fe4,full_annotation_v1,A,q_가구_05,침대,생활·마트 중 '가구'를 판매·제공하는 매장,test,가구,T2 동의어,d5d300e1-b7ae-4932-8cab-fc25d3f06e32,금성침대 천안직영점,침대,성정가구거리상점가,자율상권구역,충청남도,,,
cca947282c5bf5cb0422,full_annotation_v1,A,q_가구_05,침대,생활·마트 중 '가구'를 판매·제공하는 매장,test,가구,T2 동의어,07dd7b1a-f630-4827-9fac-a0996a88c0e6,김밥나라,김밥,마산 창동통합상가,자율상권구역,경상남도,,,
dea5e31c24685cd75f7d,full_annotation_v1,A,q_가구_05,침대,생활·마트 중 '가구'를 판매·제공하는 매장,test,가구,T2 동의어,6a818f49-101e-485f-bbc3-a79a3e4f3be1,홍화로오샤브샤브,샤브샤브,광교상현역 온누리 골목형상점가,골목형상점가,경기도,,,
fac68963314b88c857d7,full_annotation_v1,A,q_가구_05,침대,생활·마트 중 '가구'를 판매·제공하는 매장,test,가구,T2 동의어,86ea08f6-4796-436c-be1c-87d4f4b10813,희룡,침대,섬유제품관,전통시장,대구광역시,,,
eadefe5e7189f83ae79b,full_annotation_v1,A,q_가구_05,침대,생활·마트 중 '가구'를 판매·제공하는 매장,test,가구,T2 동의어,468b3dbb-e333-4396-872d-78bcf0ee6e60,황실건강침대,침대,학성가구거리 상점가,자율상권구역,울산광역시,,,
192b746f14bdcd42a9b8,full_annotation_v1,A,q_가구_05,침대,생활·마트 중 '가구'를 판매·제공하는 매장,test,가구,T2 동의어,a3696e2a-f363-401f-a830-3a401219f992,템퍼광천점,가구 침대 소품,광천동상인회 골목형상점가,골목형상점가,광주광역시,,,
0780215cc47f59e9c864,full_annotation_v1,A,q_가구_05,침대,생활·마트 중 '가구'를 판매·제공하는 매장,test,가구,T2 동의어,54e7f751-7225-4b46-863f-024c249771aa,리샵,침대,괴산시장,전통시장,충청북도,,,
4de5efd40cd1f3cae01f,full_annotation_v1,A,q_가구_05,침대,생활·마트 중 '가구'를 판매·제공하는 매장,test,가구,T2 동의어,7c26bc3e-82b5-44f0-a849-bfd238fa2ea1,크린토피아 해들마을 6단지점,세탁물중개,해들마을 골목형상점가,골목형상점가,세종특별자치시,,,
db9a142dd8144b907093,full_annotation_v1,A,q_가구_05,침대,생활·마트 중 '가구'를 판매·제공하는 매장,test,가구,T2 동의어,a8df6df7-bb3a-4f36-af8f-a199692e6d83,이삭토스트태백점,토스트,태백중앙로상점가,자율상권구역,강원특별자치도,,,
32d62165abbda9fc82d6,full_annotation_v1,A,q_가구_05,침대,생활·마트 중 '가구'를 판매·제공하는 매장,test,가구,T2 동의어,4fed0a16-2de6-4a5d-9bd9-59c51206dea9,템퍼광주상무점,가구 침대,한울상인회 골목형상점가,골목형상점가,광주광역시,,,
072c2dfffbe0b5faeaf5,full_annotation_v1,A,q_가구_05,침대,생활·마트 중 '가구'를 판매·제공하는 매장,test,가구,T2 동의어,6e4c82a9-5f8a-4d73-8345-8b0310cb047c,에이스침대전주대리점,침대,전주가구거리상점가,자율상권구역,전북특별자치도,,,
0b320e189780e2b942d5,full_annotation_v1,A,q_가구_05,침대,생활·마트 중 '가구'를 판매·제공하는 매장,test,가구,T2 동의어,16288d0b-a9e4-43c3-a6fc-0e53f32d3a10,장수돌침대 월배점,침대,월배시장,전통시장,대구광역시,,,
9ca89bb94a5f04f6d7de,full_annotation_v1,A,q_가구_05,침대,생활·마트 중 '가구'를 판매·제공하는 매장,test,가구,T2 동의어,2c5d78cf-3aab-441a-a998-97633b6d1b58,흙표흙침대아산점,침대류,부티크타운 골목형 상점가,골목형상점가,충청남도,,,
ad9be41d7679f0c92c52,full_annotation_v1,A,q_가구_05,침대,생활·마트 중 '가구'를 판매·제공하는 매장,test,가구,T2 동의어,000f2b92-c3c3-4ff7-8507-d2b8b0804036,우아미 가구,가구 도소매,삼산가구전문거리,골목형상점가,울산광역시,,,
464f0b4306bb91b703bd,full_annotation_v1,A,q_가구_05,침대,생활·마트 중 '가구'를 판매·제공하는 매장,test,가구,T2 동의어,eef86417-c336-4a9e-b43f-097eeae807a3,알레르망 스핑크스 여주375아울렛점,"이불, 침대, 커튼",여주375아울렛상점가,자율상권구역,경기도,,,
a7782e29273337069671,full_annotation_v1,A,q_가구_05,침대,생활·마트 중 '가구'를 판매·제공하는 매장,test,가구,T2 동의어,40af7b91-7f04-4b4d-8809-08e1c5813c51,가현가구,장농침대소파식탁,하남대로가구의거리상인회 골목형상점가,골목형상점가,광주광역시,,,
1d3d688d4d2348d05395,full_annotation_v1,A,q_가구_05,침대,생활·마트 중 '가구'를 판매·제공하는 매장,test,가구,T2 동의어,060ca668-6ba8-4dbc-af43-1b0f2b64cda6,오브제 퍼니처,침대소파식탁,김포 가구단지 골목형상점가,골목형상점가,경기도,,,
065e581452d1586e639e,full_annotation_v1,A,q_가구_05,침대,생활·마트 중 '가구'를 판매·제공하는 매장,test,가구,T2 동의어,d765b051-803b-4994-be19-01e987a11d6d,풀하우스,액세서리,제주중앙지하상가,일반지하상점가,제주특별자치도,,,
2cf4063ef1ea214e1fa9,full_annotation_v1,A,q_가구_05,침대,생활·마트 중 '가구'를 판매·제공하는 매장,test,가구,T2 동의어,42cc207c-676a-4662-9781-e266eb11c91e,에이스가구,도매 및 소매업 가구 중고가구 붙박이장 식탁 소파,은구비서로사회적협동조합 골목형상점가,골목형상점가,대전광역시,,,
a62879cc05dda4c47ec0,full_annotation_v1,A,q_가구_05,침대,생활·마트 중 '가구'를 판매·제공하는 매장,test,가구,T2 동의어,b64e7a26-a6d3-4dfa-8208-c1272c7b80af,원주가구공단,가구 침대,무실가구거리골목형상점가,골목형상점가,강원특별자치도,,,
693d44b38f844c79a24d,full_annotation_v1,A,q_가구_05,침대,생활·마트 중 '가구'를 판매·제공하는 매장,test,가구,T2 동의어,ba70300d-6869-4ee9-8f23-e2d47b365b6d,풍작상회,농산물,청량리종합시장,전통시장,서울특별시,,,
41369662cb2fca31f4a7,full_annotation_v1,A,q_가구_05,침대,생활·마트 중 '가구'를 판매·제공하는 매장,test,가구,T2 동의어,063e0bdb-f37d-403a-8d87-439096dd4a51,공감인테리어,실내 인테리어벽지장판목공타일류 등 및 컨설팅,운남7단지먹자거리 골목형상점가,골목형상점가,광주광역시,,,
57184431e45267a14705,full_annotation_v1,A,q_가구_05,침대,생활·마트 중 '가구'를 판매·제공하는 매장,test,가구,T2 동의어,00819c3e-a0dc-4005-8c3b-25b804133ef6,에이스퍼니처,가구,동광주 골목형상점가,골목형상점가,광주광역시,,,
727becb44e698ab416ce,full_annotation_v1,A,q_가구_05,침대,생활·마트 중 '가구'를 판매·제공하는 매장,test,가구,T2 동의어,bffcef66-26d2-4b52-8eab-6e16aa87eba9,더그리드[THE GRID],침대,한솔센터 골목형상점가,골목형상점가,세종특별자치시,,,
2d45a6f5e3cae374dd07,full_annotation_v1,A,q_가구_05,침대,생활·마트 중 '가구'를 판매·제공하는 매장,test,가구,T2 동의어,002db554-24ed-4307-adce-47f82d00e39e,에몬스가구섬유관점,가구,섬유제품관,전통시장,대구광역시,,,
4749635231e86a0ef2aa,full_annotation_v1,A,q_가구_05,침대,생활·마트 중 '가구'를 판매·제공하는 매장,test,가구,T2 동의어,267f0667-11c0-451a-a9eb-baebf11e98db,데일리,,충경로 골목형상점가,골목형상점가,전북특별자치도,,,
7b06ec696fddc7ab69e2,full_annotation_v1,A,q_가구_05,침대,생활·마트 중 '가구'를 판매·제공하는 매장,test,가구,T2 동의어,2c7f275c-251e-4b11-a4c6-7a701d00fd86,실리(SEALY),침대,가구거리상점가,자율상권구역,경기도,,,
d094cc9675ffbc878b5f,full_annotation_v1,A,q_가구_05,침대,생활·마트 중 '가구'를 판매·제공하는 매장,test,가구,T2 동의어,01873fc8-649a-4d34-b4ed-1e779e0fd406,청룡식당,한식,청운시장골목형상점가,골목형상점가,경기도,,,
5111e8e616832220b005,full_annotation_v1,A,q_가구_05,침대,생활·마트 중 '가구'를 판매·제공하는 매장,test,가구,T2 동의어,a2c3123b-038e-4fda-a68e-ba6b4669812f,대구상회,농산물,칠성원시장,전통시장,대구광역시,,,
354b96be04e36ce4a638,full_annotation_v1,A,q_가구_05,침대,생활·마트 중 '가구'를 판매·제공하는 매장,test,가구,T2 동의어,0b1020aa-4576-4fc3-9ee6-a6fe2a321e73,소낭구 평택점,식탁소파침대옷장 등 가구일체,청북가구단지상점가,골목형상점가,경기도,,,
8028eeb725b6707e6cfb,full_annotation_v1,A,q_가구_05,침대,생활·마트 중 '가구'를 판매·제공하는 매장,test,가구,T2 동의어,0faa2a44-dd37-4ad4-aaa1-d67e8b1f0450,장수돌침대,침대 가구,무실가구거리골목형상점가,골목형상점가,강원특별자치도,,,
1cc57d2f23be7eacc29f,full_annotation_v1,A,q_가구_05,침대,생활·마트 중 '가구'를 판매·제공하는 매장,test,가구,T2 동의어,6154be49-1abc-4f3a-9f86-7347b385d9c0,금성침대,침대,㈜르네시떼,전통시장,부산광역시,,,
2c3ab018a71f5f141396,full_annotation_v1,A,q_가구_05,침대,생활·마트 중 '가구'를 판매·제공하는 매장,test,가구,T2 동의어,6fe472ba-6f83-4640-a591-74b1bc4f956a,홍대디자인,소파 식탁 침대 등,빛고을 골목형상점가,골목형상점가,광주광역시,,,
272362794f5b960ad332,full_annotation_v1,A,q_가구_05,침대,생활·마트 중 '가구'를 판매·제공하는 매장,test,가구,T2 동의어,d1a388bb-ed35-421a-875c-3b9c18e3c066,씰리침대,침대 가구,운천상무시장 골목형상점가,골목형상점가,광주광역시,,,
01d058ad142bd6de9be0,full_annotation_v1,A,q_가구_05,침대,생활·마트 중 '가구'를 판매·제공하는 매장,test,가구,T2 동의어,003f093e-cafd-472d-a875-6931880b1a71,올리브데코,가구,제2경주중심상가시장(경주봉황중심상가시장),전통시장,경상북도,,,
a39f47842dd239903c40,full_annotation_v1,A,q_가구_05,침대,생활·마트 중 '가구'를 판매·제공하는 매장,test,가구,T2 동의어,e013314c-f627-4d1b-93ff-04422d8b5ca7,3H광주문흥센터,의료용 침대,문흥동 골목형상점가,골목형상점가,광주광역시,,,
e9c27c688b09b858e960,full_annotation_v1,A,q_가구_05,침대,생활·마트 중 '가구'를 판매·제공하는 매장,test,가구,T2 동의어,0a0405e9-75a8-4da5-94de-52922afd653d,(주)드림,침대 가구,운정가구단지 상점가,자율상권구역,경기도,,,
565c4bf24d9683de24bf,full_annotation_v1,A,q_가구_05,침대,생활·마트 중 '가구'를 판매·제공하는 매장,test,가구,T2 동의어,8bbb6aa4-bd57-4d80-a0ec-8eecdadb6954,에이스스퀘어광주점,침대,운천상무시장 골목형상점가,골목형상점가,광주광역시,,,
08bf9af53c0fe7f83af8,full_annotation_v1,A,q_가구_05,침대,생활·마트 중 '가구'를 판매·제공하는 매장,test,가구,T2 동의어,44d7e7d0-8807-4b17-a92e-b64c9bf538cf,에이스침대 의왕평촌점,침대,의왕가구거리 골목형상점가,골목형상점가,경기도,,,
a76241e1a719f58a4cb5,full_annotation_v1,A,q_가구_05,침대,생활·마트 중 '가구'를 판매·제공하는 매장,test,가구,T2 동의어,00029834-c340-4d89-b5a7-cee930fc3c31,콩심24시전주종가콩나물국밥,가구,불당1번가골목형상점가,골목형상점가,충청남도,,,
a74480207e48da631ccc,full_annotation_v1,A,q_가구_05,침대,생활·마트 중 '가구'를 판매·제공하는 매장,test,가구,T2 동의어,0682734b-5e2e-4e79-9bcc-9fee6192ebcc,나무뜰,소매업(인테리어소품),신안프라자전통시장,전통시장,경기도,,,
a1fc9ccdf232518cc693,full_annotation_v1,A,q_가구_05,침대,생활·마트 중 '가구'를 판매·제공하는 매장,test,가구,T2 동의어,7c9de0f5-9a8d-4722-b793-d3c70149f599,장수돌침대,침대,도리섬상점가,자율상권구역,경기도,,,
32bc81fa50e277aa205c,full_annotation_v1,A,q_가구_05,침대,생활·마트 중 '가구'를 판매·제공하는 매장,test,가구,T2 동의어,e4f1d376-83d6-4695-8524-5ef24d561ccb,남문로데오상인 협동조합,생활용품,수원남문로데오시장,전통시장,경기도,,,
6c16b046af6919a75d84,full_annotation_v1,A,q_가구_05,침대,생활·마트 중 '가구'를 판매·제공하는 매장,test,가구,T2 동의어,00157e3c-6f50-4200-b30b-056a209c814a,장인가구창원제일점,가구,창원 팔용가구거리,자율상권구역,경상남도,,,
2d6889e973be6de871b3,full_annotation_v1,A,q_가구_05,침대,생활·마트 중 '가구'를 판매·제공하는 매장,test,가구,T2 동의어,0039f6c3-9cdd-48f5-ae33-279dbbcf879d,다이렉트소파몰 안산직영점,가구소매업,상록수가구거리상점가,골목형상점가,경기도,,,
d94c08dc3964c70858f5,full_annotation_v1,A,q_가구_05,침대,생활·마트 중 '가구'를 판매·제공하는 매장,test,가구,T2 동의어,7e1c43dd-36c4-40b7-9e43-2def4880a87f,흙표흙침대,침대,포항중앙상가,전통시장,경상북도,,,
09f465255edda2292753,full_annotation_v1,A,q_가구_05,침대,생활·마트 중 '가구'를 판매·제공하는 매장,test,가구,T2 동의어,87367aea-dfa8-41ac-9463-642e6767bb90,크로바가구,"도매 및 소매업(가구,흙,돌,침대,사무용가구)",안양가구상점가,자율상권구역,경기도,,,
f263c47f005b6bff121d,full_annotation_v1,A,q_가구_05,침대,생활·마트 중 '가구'를 판매·제공하는 매장,test,가구,T2 동의어,0021ea65-4c59-4aa0-8d1c-95fe7b6686d0,공간인테리어,경미한공사(인테리어),여의동 골목형상점가,골목형상점가,전북특별자치도,,,
758c31540ca18c44ef3a,full_annotation_v1,A,q_가구_05,침대,생활·마트 중 '가구'를 판매·제공하는 매장,test,가구,T2 동의어,203e8a4d-da3e-4ce8-a0ad-17386061bc96,렌즈미 김량장점,콘택트렌즈,용인중앙시장,전통시장,경기도,,,
6275107a7db82ca62296,full_annotation_v1,A,q_가구_05,침대,생활·마트 중 '가구'를 판매·제공하는 매장,test,가구,T2 동의어,7ccb7331-2f78-4e59-9094-c36a218d8f76,금성침대 광주상무점,침대 가구,상무운천역상인회 골목형상점가,골목형상점가,광주광역시,,,
5d715094cbd8deb7241d,full_annotation_v1,A,q_가구_05,침대,생활·마트 중 '가구'를 판매·제공하는 매장,test,가구,T2 동의어,475687ad-6a1d-4f1b-a341-d904f1446377,가구공감,침대 등,삼산가구전문거리,골목형상점가,울산광역시,,,
2a213c1407b1bbc8e595,full_annotation_v1,A,q_가구_05,침대,생활·마트 중 '가구'를 판매·제공하는 매장,test,가구,T2 동의어,90dcd63a-276a-4465-8537-a9964089ff1b,별의창,"가구, 인테리어, 커튼, 침대",운정가구단지 상점가,자율상권구역,경기도,,,
c6555bed34e604c6d32b,full_annotation_v1,A,q_가구_05,침대,생활·마트 중 '가구'를 판매·제공하는 매장,test,가구,T2 동의어,fe92276d-cbd5-45a4-8e38-052e3c85c5dd,오월의숲,의류 잡화,해들마을 골목형상점가,골목형상점가,세종특별자치시,,,
58543f9894d3c2a3db77,full_annotation_v1,A,q_가구_05,침대,생활·마트 중 '가구'를 판매·제공하는 매장,test,가구,T2 동의어,1e7a6772-6a1d-4b1f-9f15-65890407e66c,뉴욕침대,가구,늘솔길상인회 골목형상점가,골목형상점가,광주광역시,,,
e693309615671b927159,full_annotation_v1,A,q_가구_05,침대,생활·마트 중 '가구'를 판매·제공하는 매장,test,가구,T2 동의어,81456047-db7e-4967-ad2d-8cebd541cc0c,알뜰침대,가구,부산좌천동가구상가,자율상권구역,부산광역시,,,
841bfbc8613c61bcf455,full_annotation_v1,A,q_가구_05,침대,생활·마트 중 '가구'를 판매·제공하는 매장,test,가구,T2 동의어,9eb510eb-3195-4f96-ab12-12f503e25a56,천광석교정침대,교정침대,춘천동부시장,전통시장,강원특별자치도,,,
81abc0d5a24aa3a3eea9,full_annotation_v1,A,q_가구_05,침대,생활·마트 중 '가구'를 판매·제공하는 매장,test,가구,T2 동의어,93993d60-9b40-4249-8a88-f398ff51a92b,이 화가구,침대 의자 식탁 주문제작가구 장농 소파,망원동십자로길골목형상점가,골목형상점가,서울특별시,,,
7527527ba13faf7a1ecf,full_annotation_v1,A,q_가구_05,침대,생활·마트 중 '가구'를 판매·제공하는 매장,test,가구,T2 동의어,bcb2feaf-7044-4f4f-b29a-3a52934d5f63,콩테가구단지 침대 소파,가구 소파,늘솔길상인회 골목형상점가,골목형상점가,광주광역시,,,
7cb5980a7f54e67a34f4,full_annotation_v1,A,q_가구_05,침대,생활·마트 중 '가구'를 판매·제공하는 매장,test,가구,T2 동의어,573e143b-e7a1-446a-96fc-28b0f623696d,왕실온돌침대,소파 침대,영주소백쇼핑몰,전통시장,경상북도,,,
000c0c6c2f39f22feafe,full_annotation_v1,A,q_가구_05,침대,생활·마트 중 '가구'를 판매·제공하는 매장,test,가구,T2 동의어,a15126f8-a1f6-480c-85b3-c50b0e3a3718,대성가구&조은이불,침대,이천중앙로상가,자율상권구역,경기도,,,
5e1a01abec5fb5741e7a,full_annotation_v1,A,q_가구_05,침대,생활·마트 중 '가구'를 판매·제공하는 매장,test,가구,T2 동의어,cad8ce4e-e31b-4457-9689-4d703dafbd67,금성침대 수원남문점,"침대, 가구",수원통닭거리 골목형사점가,골목형상점가,경기도,,,
114bf651cacdb607c9f3,full_annotation_v1,A,q_가구_05,침대,생활·마트 중 '가구'를 판매·제공하는 매장,test,가구,T2 동의어,0d32b58f-0a8d-4159-b3cf-c4e1a3ec49dc,단청(장수돌침대의왕점),,안양1번가 상점가,자율상권구역,경기도,,,
361ebc32bbb246dc02ac,full_annotation_v1,A,q_가구_05,침대,생활·마트 중 '가구'를 판매·제공하는 매장,test,가구,T2 동의어,533cf50f-650e-435b-9db3-7d376db0231a,에이스침대울산점,침대,학성가구거리 상점가,자율상권구역,울산광역시,,,
9497b30d7d6409f3494a,full_annotation_v1,A,q_가구_06,가구 사는 데,생활·마트 중 '가구'를 판매·제공하는 매장,test,가구,T4 구어·문장,aa282976-da0f-4e89-9c30-e9079da8ff46,지리산공예,가구,전주중앙상가시장,전통시장,전북특별자치도,,,
3e8e4f3c62d0026dfed3,full_annotation_v1,A,q_가구_06,가구 사는 데,생활·마트 중 '가구'를 판매·제공하는 매장,test,가구,T4 구어·문장,00029834-c340-4d89-b5a7-cee930fc3c31,콩심24시전주종가콩나물국밥,가구,불당1번가골목형상점가,골목형상점가,충청남도,,,
fc268863cb77fc7b9051,full_annotation_v1,A,q_가구_06,가구 사는 데,생활·마트 중 '가구'를 판매·제공하는 매장,test,가구,T4 구어·문장,c7f10c0f-816a-4169-be12-76c0a7351727,온하우스,가구,청남가구단지 상점가,자율상권구역,충청북도,,,
989f1aba31a5dba04f53,full_annotation_v1,A,q_가구_06,가구 사는 데,생활·마트 중 '가구'를 판매·제공하는 매장,test,가구,T4 구어·문장,3cfbf8bd-1915-4716-9de6-d96741a0e29b,에이스침대,가구,빛고을 골목형상점가,골목형상점가,광주광역시,,,
aa697977b8c7c02dae3d,full_annotation_v1,A,q_가구_06,가구 사는 데,생활·마트 중 '가구'를 판매·제공하는 매장,test,가구,T4 구어·문장,8466aed6-c584-4ad0-9133-32dcb2c4f5db,미래가구,가구,㈜르네시떼,전통시장,부산광역시,,,
aa85a6ebb8c1546bf0f5,full_annotation_v1,A,q_가구_06,가구 사는 데,생활·마트 중 '가구'를 판매·제공하는 매장,test,가구,T4 구어·문장,e7ae037d-7fe6-443d-b06b-d9dc6ec6949d,로얄가구,가구,아현가구거리 상점가,자율상권구역,서울특별시,,,
14216ee62c43288e2ed3,full_annotation_v1,A,q_가구_06,가구 사는 데,생활·마트 중 '가구'를 판매·제공하는 매장,test,가구,T4 구어·문장,c2ff5a37-a3b4-44c0-a28d-e2b65724f174,동서가구,가구,빛고을 골목형상점가,골목형상점가,광주광역시,,,
cec30f29acd17c0e3fda,full_annotation_v1,A,q_가구_06,가구 사는 데,생활·마트 중 '가구'를 판매·제공하는 매장,test,가구,T4 구어·문장,585898bb-3d10-41f3-ad21-adad923301d3,올리슬립,가구,섬유제품관,전통시장,대구광역시,,,
c937a52f8553d9d3c83c,full_annotation_v1,A,q_가구_06,가구 사는 데,생활·마트 중 '가구'를 판매·제공하는 매장,test,가구,T4 구어·문장,f5571c61-8398-4217-8fb7-000828444288,드림퍼니처,가구,청남가구단지 상점가,자율상권구역,충청북도,,,
cf517b764d00bb5bcb77,full_annotation_v1,A,q_가구_06,가구 사는 데,생활·마트 중 '가구'를 판매·제공하는 매장,test,가구,T4 구어·문장,798779f6-1ade-436a-9b1d-5c58b6c7dd20,삼익가구,가구,천안삼거리 가구단지 상점가,자율상권구역,충청남도,,,
0ff1e78b7abc97f6bc38,full_annotation_v1,A,q_가구_06,가구 사는 데,생활·마트 중 '가구'를 판매·제공하는 매장,test,가구,T4 구어·문장,e07c4a8d-0ba7-4d3b-8966-5b00601be9e5,삼익가구,가구,원대가구명물거리 골목형상점가,골목형상점가,대구광역시,,,
7d0fe5dfc58849f5fbc4,full_annotation_v1,A,q_가구_06,가구 사는 데,생활·마트 중 '가구'를 판매·제공하는 매장,test,가구,T4 구어·문장,f4b406c7-8ffa-4ae5-9719-52be5407c901,조디악,가구,대구종합유통단지전자관사업협동조합,전통시장,대구광역시,,,
0fc2a3c234bf0c3e0321,full_annotation_v1,A,q_가구_06,가구 사는 데,생활·마트 중 '가구'를 판매·제공하는 매장,test,가구,T4 구어·문장,0394caa3-10fc-4b86-b7e2-c7b1ac09d649,새마을종합인테리어,"인테리어(벽지,장판등)",성남남한산성시장(구 은행골목시장),전통시장,경기도,,,
75cbfec8515f7c84ca10,full_annotation_v1,A,q_가구_06,가구 사는 데,생활·마트 중 '가구'를 판매·제공하는 매장,test,가구,T4 구어·문장,e5d6f685-e813-4ae1-99e4-25e75f3bef6f,고려가구,가구,거제 능포 골목형상점가,골목형상점가,경상남도,,,
0d57b61d44a74e793948,full_annotation_v1,A,q_가구_06,가구 사는 데,생활·마트 중 '가구'를 판매·제공하는 매장,test,가구,T4 구어·문장,dda4141e-6784-4cd0-87d7-3f8af9b65f5f,메종그랑데,가구,부산좌천동가구상가,자율상권구역,부산광역시,,,
8e076b8588a11c3873d8,full_annotation_v1,A,q_가구_06,가구 사는 데,생활·마트 중 '가구'를 판매·제공하는 매장,test,가구,T4 구어·문장,0d32b58f-0a8d-4159-b3cf-c4e1a3ec49dc,단청(장수돌침대의왕점),,안양1번가 상점가,자율상권구역,경기도,,,
f8eef2d376a6c6f87c23,full_annotation_v1,A,q_가구_06,가구 사는 데,생활·마트 중 '가구'를 판매·제공하는 매장,test,가구,T4 구어·문장,99e303fe-8569-42c4-acec-eb2d7b4423bc,오씬홈,가구,포천리빙가구상점가,자율상권구역,경기도,,,
ec04ada79bad0c3951a1,full_annotation_v1,A,q_가구_06,가구 사는 데,생활·마트 중 '가구'를 판매·제공하는 매장,test,가구,T4 구어·문장,40af7b91-7f04-4b4d-8809-08e1c5813c51,가현가구,장농침대소파식탁,하남대로가구의거리상인회 골목형상점가,골목형상점가,광주광역시,,,
7ca837d9b10542ef6661,full_annotation_v1,A,q_가구_06,가구 사는 데,생활·마트 중 '가구'를 판매·제공하는 매장,test,가구,T4 구어·문장,0a0405e9-75a8-4da5-94de-52922afd653d,(주)드림,침대 가구,운정가구단지 상점가,자율상권구역,경기도,,,
5beeb296489a87e4ff6a,full_annotation_v1,A,q_가구_06,가구 사는 데,생활·마트 중 '가구'를 판매·제공하는 매장,test,가구,T4 구어·문장,000f2b92-c3c3-4ff7-8507-d2b8b0804036,우아미 가구,가구 도소매,삼산가구전문거리,골목형상점가,울산광역시,,,
b677e7a14f42617f3dab,full_annotation_v1,A,q_가구_06,가구 사는 데,생활·마트 중 '가구'를 판매·제공하는 매장,test,가구,T4 구어·문장,0a1ada5b-ccf8-48a5-b6ad-2c4ef397d03a,동남가구,가구,전주동부시장,전통시장,전북특별자치도,,,
c7d449c7f84abf6def6c,full_annotation_v1,A,q_가구_06,가구 사는 데,생활·마트 중 '가구'를 판매·제공하는 매장,test,가구,T4 구어·문장,b4369587-1411-482e-a711-8ad3b2423dcd,야심찬곱창 송탄점,한식,송탄관광특구 골목형상점가,골목형상점가,경기도,,,
3f0406bda25803bbf21e,full_annotation_v1,A,q_가구_06,가구 사는 데,생활·마트 중 '가구'를 판매·제공하는 매장,test,가구,T4 구어·문장,0682734b-5e2e-4e79-9bcc-9fee6192ebcc,나무뜰,소매업(인테리어소품),신안프라자전통시장,전통시장,경기도,,,
1fafc6190591444ab7f5,full_annotation_v1,A,q_가구_06,가구 사는 데,생활·마트 중 '가구'를 판매·제공하는 매장,test,가구,T4 구어·문장,cf7b5166-2ba5-4d58-abbf-5ff7d9beb532,데스커즈,가구,복현종합시장,전통시장,대구광역시,,,
5f9bacf84bba1f448dc2,full_annotation_v1,A,q_가구_06,가구 사는 데,생활·마트 중 '가구'를 판매·제공하는 매장,test,가구,T4 구어·문장,562dc726-518f-4fdc-bff6-c846105616f9,동서가구,가구,양동복개상가,전통시장,광주광역시,,,
9b3518406f4553f4a328,full_annotation_v1,A,q_가구_06,가구 사는 데,생활·마트 중 '가구'를 판매·제공하는 매장,test,가구,T4 구어·문장,6c18591a-aa17-4c09-8888-b02a2e6fc4bf,중소기업가구,"가정용 가구, 사무용 가구, 업소용 가구",대전관저가구단지 골목형상점가,골목형상점가,대전광역시,,,
bfe7d131cdbfaeaf3e5b,full_annotation_v1,A,q_가구_06,가구 사는 데,생활·마트 중 '가구'를 판매·제공하는 매장,test,가구,T4 구어·문장,600ca92d-aa7d-4a24-a035-1eba48b94c43,동서가구,가구,학성가구거리 상점가,자율상권구역,울산광역시,,,
3b0b809a45739b2d20ba,full_annotation_v1,A,q_가구_06,가구 사는 데,생활·마트 중 '가구'를 판매·제공하는 매장,test,가구,T4 구어·문장,830e2a10-a351-4ab6-b86a-84590bf3a2f0,다~산가구,가구,경산중앙로상점가,자율상권구역,경상북도,,,
f3506907a1918e2e7cc9,full_annotation_v1,A,q_가구_06,가구 사는 데,생활·마트 중 '가구'를 판매·제공하는 매장,test,가구,T4 구어·문장,c42a16d2-bde9-471f-afd0-7d1d5186a7f4,타센,가구,상록수가구거리상점가,골목형상점가,경기도,,,
cd18d51a40d5c89c11b4,full_annotation_v1,A,q_가구_06,가구 사는 데,생활·마트 중 '가구'를 판매·제공하는 매장,test,가구,T4 구어·문장,a67610a9-50fd-495b-b7c8-5218743c1ccb,구이구구바베큐,식육,길동복조리시장,전통시장,서울특별시,,,
d6870e9b33b755503851,full_annotation_v1,A,q_가구_06,가구 사는 데,생활·마트 중 '가구'를 판매·제공하는 매장,test,가구,T4 구어·문장,95ecd503-d069-4bf3-b64e-89dfc71eb430,보루네오가구,가구,상록수가구거리상점가,골목형상점가,경기도,,,
356f86ecc144cc06b3e2,full_annotation_v1,A,q_가구_06,가구 사는 데,생활·마트 중 '가구'를 판매·제공하는 매장,test,가구,T4 구어·문장,6231a21f-9417-4726-8fb0-088a9bd0b79e,동서가구,가구,대전관저가구단지 골목형상점가,골목형상점가,대전광역시,,,
9131a813bf95a4c1b0fc,full_annotation_v1,A,q_가구_06,가구 사는 데,생활·마트 중 '가구'를 판매·제공하는 매장,test,가구,T4 구어·문장,fd81ab86-0ae6-4fa0-9822-dfcc597147e2,통원목 우드슬랩 가구,가구,전주중앙상가시장,전통시장,전북특별자치도,,,
683a86d9d67bcb6bbfe8,full_annotation_v1,A,q_가구_06,가구 사는 데,생활·마트 중 '가구'를 판매·제공하는 매장,test,가구,T4 구어·문장,361c9e71-1f71-4a70-a775-00d9ebff6c33,삼익가구,가구,양동복개상가,전통시장,광주광역시,,,
21b1d70e7757fafa3672,full_annotation_v1,A,q_가구_06,가구 사는 데,생활·마트 중 '가구'를 판매·제공하는 매장,test,가구,T4 구어·문장,cb82789e-1a90-4e53-ac49-045a98bed788,동서가구,가구,무실가구거리골목형상점가,골목형상점가,강원특별자치도,,,
aa8abd7b1d53b2e02769,full_annotation_v1,A,q_가구_06,가구 사는 데,생활·마트 중 '가구'를 판매·제공하는 매장,test,가구,T4 구어·문장,887114de-18b5-4d76-8bfe-03fe671feffb,동서가구,가구,청북가구단지상점가,골목형상점가,경기도,,,
8659dfcf19de2ade5af6,full_annotation_v1,A,q_가구_06,가구 사는 데,생활·마트 중 '가구'를 판매·제공하는 매장,test,가구,T4 구어·문장,10912c4c-ad0d-4b0e-aed7-fb63cf87685d,삼익가구,가구,포항죽도시장,전통시장,경상북도,,,
3515c9432402fe8eb196,full_annotation_v1,A,q_가구_06,가구 사는 데,생활·마트 중 '가구'를 판매·제공하는 매장,test,가구,T4 구어·문장,c4088b80-29ef-4fe5-8e41-a062fb483e83,바로크 가구,가구,청남가구단지 상점가,자율상권구역,충청북도,,,
b0fc9cdf20dc0dd59250,full_annotation_v1,A,q_가구_06,가구 사는 데,생활·마트 중 '가구'를 판매·제공하는 매장,test,가구,T4 구어·문장,698d26a2-9563-400a-91b3-24fc70bced35,자연가구,가구,양동복개상가,전통시장,광주광역시,,,
c7ec973bbc9420f29873,full_annotation_v1,A,q_가구_06,가구 사는 데,생활·마트 중 '가구'를 판매·제공하는 매장,test,가구,T4 구어·문장,a795f518-af9d-497b-8655-03bd6fb77f45,라자가구,가구,목포청호시장,전통시장,,,,
9d4b624f44c9f6a6d919,full_annotation_v1,A,q_가구_06,가구 사는 데,생활·마트 중 '가구'를 판매·제공하는 매장,test,가구,T4 구어·문장,8e246ad8-bfa2-4379-8f1a-ae271d9e4722,산삼마을,농산물,청주육거리종합시장,전통시장,충청북도,,,
e0129093568aff8657b6,full_annotation_v1,A,q_가구_06,가구 사는 데,생활·마트 중 '가구'를 판매·제공하는 매장,test,가구,T4 구어·문장,b9e2ed0b-05fe-4a0d-99cb-f1230fc22c90,스칸디아,가구,삼산가구전문거리,골목형상점가,울산광역시,,,
b4512eaf330282c43bdf,full_annotation_v1,A,q_가구_06,가구 사는 데,생활·마트 중 '가구'를 판매·제공하는 매장,test,가구,T4 구어·문장,08d279de-df58-4bbf-98b5-b53c1d84cb4b,헤스티아디자인,"가구, 인테리어",마산 북마산가구시장,전통시장,경상남도,,,
8b43abfaeca4b8fe2a9b,full_annotation_v1,A,q_가구_06,가구 사는 데,생활·마트 중 '가구'를 판매·제공하는 매장,test,가구,T4 구어·문장,2e5d3e16-b7e6-4ec9-87b1-b80db50cfb8e,다온가구,가구,포항죽도시장,전통시장,경상북도,,,
33f4b97903d50936752a,full_annotation_v1,A,q_가구_06,가구 사는 데,생활·마트 중 '가구'를 판매·제공하는 매장,test,가구,T4 구어·문장,01083bff-525f-49d6-8dc9-7d3f1e1088cd,파로마 가구,가구,대전관저가구단지 골목형상점가,골목형상점가,대전광역시,,,
defc66668954d78d71fd,full_annotation_v1,A,q_가구_06,가구 사는 데,생활·마트 중 '가구'를 판매·제공하는 매장,test,가구,T4 구어·문장,0039f6c3-9cdd-48f5-ae33-279dbbcf879d,다이렉트소파몰 안산직영점,가구소매업,상록수가구거리상점가,골목형상점가,경기도,,,
0de3e3ca89155258a8b0,full_annotation_v1,A,q_가구_06,가구 사는 데,생활·마트 중 '가구'를 판매·제공하는 매장,test,가구,T4 구어·문장,83358573-9ed9-493c-9f58-ad401d69e09a,디퍼스 가구,"가구, 인테리어",운정가구단지 상점가,자율상권구역,경기도,,,
7881e31e3e6a740fcafc,full_annotation_v1,A,q_가구_06,가구 사는 데,생활·마트 중 '가구'를 판매·제공하는 매장,test,가구,T4 구어·문장,f3111582-4a55-461c-9fa3-1f57510c973d,올리브하우스,가구,청남가구단지 상점가,자율상권구역,충청북도,,,
de2f2ebea52ebda4fe90,full_annotation_v1,A,q_가구_06,가구 사는 데,생활·마트 중 '가구'를 판매·제공하는 매장,test,가구,T4 구어·문장,0b1020aa-4576-4fc3-9ee6-a6fe2a321e73,소낭구 평택점,식탁소파침대옷장 등 가구일체,청북가구단지상점가,골목형상점가,경기도,,,
51dd932290661c31fd41,full_annotation_v1,A,q_가구_06,가구 사는 데,생활·마트 중 '가구'를 판매·제공하는 매장,test,가구,T4 구어·문장,0489ee6e-4ab8-4ff6-9f33-94e36078b3ec,힐커,가구,하남대로가구의거리상인회 골목형상점가,골목형상점가,광주광역시,,,
626bdf78085ac480af25,full_annotation_v1,A,q_가구_06,가구 사는 데,생활·마트 중 '가구'를 판매·제공하는 매장,test,가구,T4 구어·문장,a09e3ba7-28f8-46e3-803a-0e540e453aee,트윈스홈갤러리,가구,청남가구단지 상점가,자율상권구역,충청북도,,,
43f498907a8a2ff2e60f,full_annotation_v1,A,q_가구_06,가구 사는 데,생활·마트 중 '가구'를 판매·제공하는 매장,test,가구,T4 구어·문장,003f093e-cafd-472d-a875-6931880b1a71,올리브데코,가구,제2경주중심상가시장(경주봉황중심상가시장),전통시장,경상북도,,,
42507e976f9935bdbb4d,full_annotation_v1,A,q_가구_06,가구 사는 데,생활·마트 중 '가구'를 판매·제공하는 매장,test,가구,T4 구어·문장,aba76fc2-984e-4030-ba01-e2e7d78264c7,데 아로즈 대전둔산본점,,갈리단길 골목형상점가,골목형상점가,대전광역시,,,
a4e41ea25284906af208,full_annotation_v1,A,q_가구_06,가구 사는 데,생활·마트 중 '가구'를 판매·제공하는 매장,test,가구,T4 구어·문장,2bfa6481-3575-438f-8347-e0295b30f60e,중소기업가구,가구,청남가구단지 상점가,자율상권구역,충청북도,,,
6dff9a09b7ed561d675b,full_annotation_v1,A,q_가구_06,가구 사는 데,생활·마트 중 '가구'를 판매·제공하는 매장,test,가구,T4 구어·문장,6d81faa3-9516-4752-8788-2f9cbe928378,이화가구,가구,황학동 주방가구거리 상점가,자율상권구역,서울특별시,,,
35b39b48fc633fd2b4a4,full_annotation_v1,A,q_가구_06,가구 사는 데,생활·마트 중 '가구'를 판매·제공하는 매장,test,가구,T4 구어·문장,00157e3c-6f50-4200-b30b-056a209c814a,장인가구창원제일점,가구,창원 팔용가구거리,자율상권구역,경상남도,,,
ffce318125fc6bf3f678,full_annotation_v1,A,q_가구_06,가구 사는 데,생활·마트 중 '가구'를 판매·제공하는 매장,test,가구,T4 구어·문장,75eed9b7-f1af-4617-a068-b555142cb5a0,동서가구,가구,점촌역전상점가,자율상권구역,경상북도,,,
6675d3c9f7c909b8767d,full_annotation_v1,A,q_가구_06,가구 사는 데,생활·마트 중 '가구'를 판매·제공하는 매장,test,가구,T4 구어·문장,518e2fdc-6df7-4f68-a810-1fd261f23ec6,아우라,의류,송탄관광특구 골목형상점가,골목형상점가,경기도,,,
e95a7b5b8ba05715e130,full_annotation_v1,A,q_가구_06,가구 사는 데,생활·마트 중 '가구'를 판매·제공하는 매장,test,가구,T4 구어·문장,02f4782a-e87b-4c4c-a517-6eec40381342,장수돌침대,가구침대,포천리빙가구상점가,자율상권구역,경기도,,,
de6c7c53bc73f8979f99,full_annotation_v1,A,q_가구_06,가구 사는 데,생활·마트 중 '가구'를 판매·제공하는 매장,test,가구,T4 구어·문장,797ead2e-f16c-468c-9af3-07ce1667eec4,오크마운틴가구,가구,오류동 특화거리 상점가,자율상권구역,대전광역시,,,
45061ab731b94264f469,full_annotation_v1,A,q_가구_06,가구 사는 데,생활·마트 중 '가구'를 판매·제공하는 매장,test,가구,T4 구어·문장,d055856b-9cc4-49c1-b652-3148f0fd3d5d,로얄가구,가구,학성가구거리 상점가,자율상권구역,울산광역시,,,
8980287046756326926e,full_annotation_v1,A,q_가구_06,가구 사는 데,생활·마트 중 '가구'를 판매·제공하는 매장,test,가구,T4 구어·문장,73baf347-8f92-4e13-9492-e1559415b814,선우상사,전기기기,세운상가 가동,자율상권구역,서울특별시,,,
f88a12f0d3667508bbbf,full_annotation_v1,A,q_가구_06,가구 사는 데,생활·마트 중 '가구'를 판매·제공하는 매장,test,가구,T4 구어·문장,f51e26de-bd95-4395-bfd9-a1c29764158c,라자가구,가구,상록수가구거리상점가,자율상권구역,경기도,,,
a932969e47f045f14fd2,full_annotation_v1,A,q_가구_06,가구 사는 데,생활·마트 중 '가구'를 판매·제공하는 매장,test,가구,T4 구어·문장,54a0d55e-c869-4dc2-8670-f5222edadc5b,황실미용실,미용실,세종대평시장,전통시장,세종특별자치시,,,
3c3adece4bbe1125e4f5,full_annotation_v1,A,q_가구_06,가구 사는 데,생활·마트 중 '가구'를 판매·제공하는 매장,test,가구,T4 구어·문장,e07340c6-82c3-4136-b102-cb879126f346,더가구,가구,대구종합유통단지전자관사업협동조합,전통시장,대구광역시,,,
a8519d60d087f6e44d76,full_annotation_v1,A,q_가구_06,가구 사는 데,생활·마트 중 '가구'를 판매·제공하는 매장,test,가구,T4 구어·문장,19787508-4f87-474c-8036-12ac0043a334,까소엔가구,가구,삼산가구전문거리,골목형상점가,울산광역시,,,
3bb24de19617913bde4e,full_annotation_v1,A,q_가구_06,가구 사는 데,생활·마트 중 '가구'를 판매·제공하는 매장,test,가구,T4 구어·문장,060ca668-6ba8-4dbc-af43-1b0f2b64cda6,오브제 퍼니처,침대소파식탁,김포 가구단지 골목형상점가,골목형상점가,경기도,,,
fccc55c9cf35241d065d,full_annotation_v1,A,q_가구_06,가구 사는 데,생활·마트 중 '가구'를 판매·제공하는 매장,test,가구,T4 구어·문장,e94635b5-75c6-45ea-b6dc-ec5ff717cccc,삼익가구,가구,청남가구단지 상점가,자율상권구역,충청북도,,,
9b49ef56c67d1fc2fc60,full_annotation_v1,A,q_가구_06,가구 사는 데,생활·마트 중 '가구'를 판매·제공하는 매장,test,가구,T4 구어·문장,34a4e41f-2aed-4d7a-8345-1533143bb7af,뉴가구이스,가구,㈜르네시떼,전통시장,부산광역시,,,
5fc29fb77c2434aef319,full_annotation_v1,A,q_가구_06,가구 사는 데,생활·마트 중 '가구'를 판매·제공하는 매장,test,가구,T4 구어·문장,15a05572-6e52-44e3-95f8-7a682bc07c18,파로마 가구,가구,상록수가구거리상점가,자율상권구역,경기도,,,
5b8d6122bdcdd512df75,full_annotation_v1,A,q_가구_06,가구 사는 데,생활·마트 중 '가구'를 판매·제공하는 매장,test,가구,T4 구어·문장,fac47bcc-d184-4b3c-9853-3bd986287a32,유희장,가구,과천새서울프라자시장,전통시장,경기도,,,
fdb83c7d4e7176cd14c8,full_annotation_v1,A,q_가구_06,가구 사는 데,생활·마트 중 '가구'를 판매·제공하는 매장,test,가구,T4 구어·문장,ca9f30b0-f8bf-483a-9db2-c9051e301605,가구편집샾,가구,청북가구단지상점가,골목형상점가,경기도,,,
7c2ce00f6b2e9b6251d9,full_annotation_v1,A,q_가구_06,가구 사는 데,생활·마트 중 '가구'를 판매·제공하는 매장,test,가구,T4 구어·문장,92e28c58-1502-434c-bebc-3cb7517d1f18,삼익가구,가구,서순천가구백화점골목형상점가,골목형상점가,전라남도,,,
900db1b9198fe6add178,full_annotation_v1,A,q_가구_06,가구 사는 데,생활·마트 중 '가구'를 판매·제공하는 매장,test,가구,T4 구어·문장,12b9ac19-6985-47b6-81ce-029d29bb3d71,삼익가구,가구,목련 골목형상점가,골목형상점가,광주광역시,,,
8f8fae1b5304d561ef35,full_annotation_v1,A,q_가구_06,가구 사는 데,생활·마트 중 '가구'를 판매·제공하는 매장,test,가구,T4 구어·문장,3fd37f6d-7582-48b1-b37b-6720f382cafc,정상균가구,가구,진주 논개시장,전통시장,경상남도,,,
f660686d295d5e8c29da,full_annotation_v1,A,q_가구_06,가구 사는 데,생활·마트 중 '가구'를 판매·제공하는 매장,test,가구,T4 구어·문장,0c8244b3-2ea6-434f-8390-df1ee5e506e8,라자가구,가구,전주가구거리상점가,자율상권구역,전북특별자치도,,,
e5653b9ebc328c341609,full_annotation_v1,A,q_가구_06,가구 사는 데,생활·마트 중 '가구'를 판매·제공하는 매장,test,가구,T4 구어·문장,83a80fb8-34dd-4e66-9c47-4d713fc9c965,디자인하우스,가구,창원 팔용가구거리,자율상권구역,경상남도,,,
093bb8934dc4b73d9d7d,full_annotation_v1,A,q_가구_06,가구 사는 데,생활·마트 중 '가구'를 판매·제공하는 매장,test,가구,T4 구어·문장,2a43fdc8-00a2-4750-9337-7502facf3cf4,한국원목가구신창대리점,가구,신창동일번국도가구의거리 골목형상점가,골목형상점가,광주광역시,,,
067c19d38fa285a5507a,full_annotation_v1,A,q_가구_06,가구 사는 데,생활·마트 중 '가구'를 판매·제공하는 매장,test,가구,T4 구어·문장,002db554-24ed-4307-adce-47f82d00e39e,에몬스가구섬유관점,가구,섬유제품관,전통시장,대구광역시,,,
1ecb01e505525cab9fb1,full_annotation_v1,A,q_가구_06,가구 사는 데,생활·마트 중 '가구'를 판매·제공하는 매장,test,가구,T4 구어·문장,16732ba1-3d04-4f0a-b6d1-7ff4d1c89fce,다담은푸드,반찬,수정전통시장,전통시장,부산광역시,,,
f3c7ef91fee5c96d4533,full_annotation_v1,A,q_가구_06,가구 사는 데,생활·마트 중 '가구'를 판매·제공하는 매장,test,가구,T4 구어·문장,8bdd1830-9c93-4288-84f8-949a1331078c,리키홈가구,가구,청남가구단지 상점가,자율상권구역,충청북도,,,
6f6a9c7bebfe2bcc5cd9,full_annotation_v1,A,q_가구_06,가구 사는 데,생활·마트 중 '가구'를 판매·제공하는 매장,test,가구,T4 구어·문장,00819c3e-a0dc-4005-8c3b-25b804133ef6,에이스퍼니처,가구,동광주 골목형상점가,골목형상점가,광주광역시,,,
4f8a4daace00888d74a1,full_annotation_v1,A,q_가구_06,가구 사는 데,생활·마트 중 '가구'를 판매·제공하는 매장,test,가구,T4 구어·문장,063e0bdb-f37d-403a-8d87-439096dd4a51,공감인테리어,실내 인테리어벽지장판목공타일류 등 및 컨설팅,운남7단지먹자거리 골목형상점가,골목형상점가,광주광역시,,,
0bab548ee4b91d840e7a,full_annotation_v1,A,q_가구_06,가구 사는 데,생활·마트 중 '가구'를 판매·제공하는 매장,test,가구,T4 구어·문장,c77d1a8e-223f-4936-a0ef-20c6ba919a4a,동서가구,가구,부사시장,전통시장,대전광역시,,,
b5fe58e206f2d8dc5c0b,full_annotation_v1,A,q_가구_06,가구 사는 데,생활·마트 중 '가구'를 판매·제공하는 매장,test,가구,T4 구어·문장,75cf53e3-5877-4d6d-a034-5ba8bc6cab87,코지안 가구,가구,오류동 특화거리 상점가,자율상권구역,대전광역시,,,
3d3f179130272342e8a4,full_annotation_v1,A,q_가구_06,가구 사는 데,생활·마트 중 '가구'를 판매·제공하는 매장,test,가구,T4 구어·문장,2a8ad1a2-ddfe-4a5f-bdbd-84b691cf1650,까소엔,가구,청북가구단지상점가,골목형상점가,경기도,,,
7d2d5f915367582239d7,full_annotation_v1,A,q_가구_06,가구 사는 데,생활·마트 중 '가구'를 판매·제공하는 매장,test,가구,T4 구어·문장,634cd0d9-2e99-4068-a156-d193b7515de9,동서가구,가구,상록수가구거리상점가,골목형상점가,경기도,,,
0c564b9ab85da8f0ce94,full_annotation_v1,A,q_가구_06,가구 사는 데,생활·마트 중 '가구'를 판매·제공하는 매장,test,가구,T4 구어·문장,08f360fe-d30f-4e07-9c0b-dae08fbd43eb,라자가구,가구,성정가구거리상점가,자율상권구역,충청남도,,,
fb641c3f8fb717a10966,full_annotation_v1,A,q_가구_06,가구 사는 데,생활·마트 중 '가구'를 판매·제공하는 매장,test,가구,T4 구어·문장,635b9569-cea5-4850-8466-ea61c8626e4a,사계절가구,가구,천안삼거리 가구단지 상점가,자율상권구역,충청남도,,,
fbac3438b395fca5f21e,full_annotation_v1,A,q_가구_06,가구 사는 데,생활·마트 중 '가구'를 판매·제공하는 매장,test,가구,T4 구어·문장,1060d706-f6af-4c96-9007-a78ea1e800e7,문화가구,가구,공주산성 활성화구역,전통시장,충청남도,,,
d6504100c9ec7ac59192,full_annotation_v1,A,q_가구_06,가구 사는 데,생활·마트 중 '가구'를 판매·제공하는 매장,test,가구,T4 구어·문장,95d0a71e-8a56-4266-8059-c4fec9c2e77a,까사미아좌천점,가구,부산좌천동가구상가,자율상권구역,부산광역시,,,
6c7e2429f2e78a04a4e8,full_annotation_v1,A,q_가구_06,가구 사는 데,생활·마트 중 '가구'를 판매·제공하는 매장,test,가구,T4 구어·문장,48cc700f-acfd-4514-8948-7f9db8f88719,비타민원목가구,소파.침대.식탁,청북가구단지상점가,자율상권구역,경기도,,,
27892cc31b830546807b,full_annotation_v1,A,q_가구_06,가구 사는 데,생활·마트 중 '가구'를 판매·제공하는 매장,test,가구,T4 구어·문장,cc6b1f70-e712-4b2a-9157-446ab725ef7b,삼익가구,가구,서순천가구백화점골목형상점가,골목형상점가,전라남도,,,
d1b0571704b712de367a,full_annotation_v1,A,q_가구_06,가구 사는 데,생활·마트 중 '가구'를 판매·제공하는 매장,test,가구,T4 구어·문장,42cc207c-676a-4662-9781-e266eb11c91e,에이스가구,도매 및 소매업 가구 중고가구 붙박이장 식탁 소파,은구비서로사회적협동조합 골목형상점가,골목형상점가,대전광역시,,,
3b534d6fb059cc19529f,full_annotation_v1,A,q_가구_06,가구 사는 데,생활·마트 중 '가구'를 판매·제공하는 매장,test,가구,T4 구어·문장,eeb8c080-d25e-4602-bdf3-7ced4cb168f1,뮤직트리 음악학원,,현촌 한마음 상인회 골목형상점가,골목형상점가,경기도,,,
e8ed757354ae3a2918de,full_annotation_v1,A,q_가구_06,가구 사는 데,생활·마트 중 '가구'를 판매·제공하는 매장,test,가구,T4 구어·문장,73bd9166-44ff-4207-bc6c-7408eb911651,아빠애찬,반찬,가경터미널시장,전통시장,충청북도,,,
58ec0cefa287fcada502,full_annotation_v1,A,q_가구_06,가구 사는 데,생활·마트 중 '가구'를 판매·제공하는 매장,test,가구,T4 구어·문장,5824315d-117d-4d09-9f56-6657e9522939,부영세탁소,세탁소,중앙상인회 골목형상점가,골목형상점가,광주광역시,,,
571d82c93ef72d08245f,full_annotation_v1,A,q_가구_06,가구 사는 데,생활·마트 중 '가구'를 판매·제공하는 매장,test,가구,T4 구어·문장,702a95c6-9c0c-4760-9e6b-f183e95c2003,가구가싸,가구,산본로데오거리(구 산본중심상가),자율상권구역,경기도,,,
f1dc09ea607ab2442cb1,full_annotation_v1,A,q_가구_06,가구 사는 데,생활·마트 중 '가구'를 판매·제공하는 매장,test,가구,T4 구어·문장,d2c80508-a50f-4bf0-8170-e6bd84127f7f,상일리베가구,가구,청남가구단지 상점가,자율상권구역,충청북도,,,
814ec8ed9118865e82d9,full_annotation_v1,A,q_가구_06,가구 사는 데,생활·마트 중 '가구'를 판매·제공하는 매장,test,가구,T4 구어·문장,747cddf9-b78f-4d08-acb9-1c8d70578cfb,가구숲,가구,신창동가구의거리일번국도상점가,자율상권구역,광주광역시,,,
f60e40494a3578f7851a,full_annotation_v1,A,q_가구_06,가구 사는 데,생활·마트 중 '가구'를 판매·제공하는 매장,test,가구,T4 구어·문장,f5ddf4d5-0d2a-4e9a-9c45-3db1594ab6d4,럭쎄스,가구,대구종합유통단지전자관사업협동조합,전통시장,대구광역시,,,
7664008136d887fa08b9,full_annotation_v1,A,q_가구_06,가구 사는 데,생활·마트 중 '가구'를 판매·제공하는 매장,test,가구,T4 구어·문장,6478fbf9-60bd-4894-ba0d-141f0d99ce50,필굿,가구,부평종합시장,전통시장,인천광역시,,,
338620edc62744a00d56,full_annotation_v1,A,q_가구_06,가구 사는 데,생활·마트 중 '가구'를 판매·제공하는 매장,test,가구,T4 구어·문장,a738e6ea-466e-4e42-b0da-5172202ed115,삼익가구,가구,학성가구거리 상점가,자율상권구역,울산광역시,,,
f227f6b7bba2f268823e,full_annotation_v1,A,q_가구_06,가구 사는 데,생활·마트 중 '가구'를 판매·제공하는 매장,test,가구,T4 구어·문장,b935fe1d-c445-49e7-8045-7fb76055c104,루이가구,가구,천안삼거리 가구단지 상점가,자율상권구역,충청남도,,,
5c745e6f15fec4dbe0d1,full_annotation_v1,A,q_가구_06,가구 사는 데,생활·마트 중 '가구'를 판매·제공하는 매장,test,가구,T4 구어·문장,d900a426-0b63-4488-b1c2-9862f9804988,센텀가구,가구,부산좌천동가구상가,자율상권구역,부산광역시,,,
e18f82082b5a77d6ba98,full_annotation_v1,A,q_가구_06,가구 사는 데,생활·마트 중 '가구'를 판매·제공하는 매장,test,가구,T4 구어·문장,b5423e05-adfe-4a18-8b18-98dbe02b81ef,더홈가구,가구,대구종합유통단지전자관사업협동조합,전통시장,대구광역시,,,
1cc2b2a9dc0f308e5889,full_annotation_v1,A,q_가구_06,가구 사는 데,생활·마트 중 '가구'를 판매·제공하는 매장,test,가구,T4 구어·문장,98fe04f2-22f9-478b-9878-85d9b42ba362,친환경가구이야기,가구,마산 북마산가구시장,전통시장,경상남도,,,
e0a19822c49e8eca23b2,full_annotation_v1,A,q_가구_06,가구 사는 데,생활·마트 중 '가구'를 판매·제공하는 매장,test,가구,T4 구어·문장,f89cc83f-7392-49a0-92a5-eb77a937425b,래쉬더블룸,분장미용,봉제산길골목형상점가,골목형상점가,서울특별시,,,
0fd2f2f3cc869306029b,full_annotation_v1,A,q_가구_06,가구 사는 데,생활·마트 중 '가구'를 판매·제공하는 매장,test,가구,T4 구어·문장,83a8ae76-5294-42b1-94a6-cea9050fbf18,캔,여성복,원주자유시장,전통시장,강원특별자치도,,,
4d42387c7fc8e818255c,full_annotation_v1,A,q_가구_06,가구 사는 데,생활·마트 중 '가구'를 판매·제공하는 매장,test,가구,T4 구어·문장,e10f5c3d-0bff-4279-b885-3ba8fd28970c,가구프라자,가구,자마장시장골목형상점가,골목형상점가,서울특별시,,,
0b494400d172567b1b19,full_annotation_v1,A,q_가구_06,가구 사는 데,생활·마트 중 '가구'를 판매·제공하는 매장,test,가구,T4 구어·문장,0b4b871f-5f8b-40ab-9da2-4cf687622c22,동백가구,가구,양동복개상가,전통시장,,,,
924123c4210e6193a907,full_annotation_v1,A,q_가구_06,가구 사는 데,생활·마트 중 '가구'를 판매·제공하는 매장,test,가구,T4 구어·문장,0fbc5ef3-a388-4283-995e-982a1784c0d0,원흥가구,가구,광탄전통시장,전통시장,경기도,,,
b0125df9d38a8edd03e8,full_annotation_v1,A,q_가구_06,가구 사는 데,생활·마트 중 '가구'를 판매·제공하는 매장,test,가구,T4 구어·문장,157bc772-51f7-4134-82db-767feb85ca65,사임당가구,가구,청남가구단지 상점가,자율상권구역,충청북도,,,
fea4f765162d2bd8b26b,full_annotation_v1,A,q_가구_06,가구 사는 데,생활·마트 중 '가구'를 판매·제공하는 매장,test,가구,T4 구어·문장,bc93c1f6-1544-449d-924c-dee3e0a0f60e,이든가구,가구,서문대로 골목형상점가,골목형상점가,광주광역시,,,
e050a2ace28da2a68c3e,full_annotation_v1,A,q_가구_06,가구 사는 데,생활·마트 중 '가구'를 판매·제공하는 매장,test,가구,T4 구어·문장,ac4548f8-4b4c-4877-8b36-c027ba92a7b1,가구앤라인,가구,성정가구거리상점가,자율상권구역,충청남도,,,
db55f3d71780fa767439,full_annotation_v1,A,q_가구_06,가구 사는 데,생활·마트 중 '가구'를 판매·제공하는 매장,test,가구,T4 구어·문장,39888462-8ed6-4ea1-ba35-9b0b7c97b9a0,더디자인,가구,아현가구거리 상점가,자율상권구역,서울특별시,,,
e084e0dbc211d5524ace,full_annotation_v1,A,q_가구_06,가구 사는 데,생활·마트 중 '가구'를 판매·제공하는 매장,test,가구,T4 구어·문장,7ada96a1-fe90-43d3-b9be-1cfbaa24829b,숯과닭발,한식,상암마을상인회 골목형상점가,골목형상점가,광주광역시,,,
3582e89dc7e9ffd3ff3a,full_annotation_v1,A,q_가구_06,가구 사는 데,생활·마트 중 '가구'를 판매·제공하는 매장,test,가구,T4 구어·문장,6878d6bd-23f7-4cb3-ad87-56a39983acff,나는 가구다,가구,양동복개상가,전통시장,,,,
81e5dd2bc07baac3ec08,full_annotation_v1,A,q_가구_06,가구 사는 데,생활·마트 중 '가구'를 판매·제공하는 매장,test,가구,T4 구어·문장,0021ea65-4c59-4aa0-8d1c-95fe7b6686d0,공간인테리어,경미한공사(인테리어),여의동 골목형상점가,골목형상점가,전북특별자치도,,,
9e3f7fd835d110373fe4,full_annotation_v1,A,q_가구_06,가구 사는 데,생활·마트 중 '가구'를 판매·제공하는 매장,test,가구,T4 구어·문장,529b75db-5b1d-4bdd-9e94-87707ce50383,삼익가구,가구,대구종합유통단지전자관사업협동조합,전통시장,대구광역시,,,
1179abda8a9d77a987c5,full_annotation_v1,A,q_가구_06,가구 사는 데,생활·마트 중 '가구'를 판매·제공하는 매장,test,가구,T4 구어·문장,fa905f9d-101b-407d-a8be-180e2961b86b,썬퍼니처 가구,가구,학성가구거리 상점가,자율상권구역,울산광역시,,,
ed7c08d5d5805aae80ae,full_annotation_v1,A,q_가구_06,가구 사는 데,생활·마트 중 '가구'를 판매·제공하는 매장,test,가구,T4 구어·문장,59fcc4dc-7e09-4ba9-a007-1fac9c30c351,정금당,시계,도마큰시장,전통시장,대전광역시,,,
d950a330c64bc31c5cad,full_annotation_v1,A,q_가구_06,가구 사는 데,생활·마트 중 '가구'를 판매·제공하는 매장,test,가구,T4 구어·문장,9b26eb62-79a2-4745-9f79-a7b6d7142deb,우아미 가구,가구,빛고을 골목형상점가,골목형상점가,광주광역시,,,
51595c25a61896fd272f,full_annotation_v1,A,q_가구_06,가구 사는 데,생활·마트 중 '가구'를 판매·제공하는 매장,test,가구,T4 구어·문장,21b37f16-0f7e-4f93-9d94-102d58ee92ea,삼익가구,가구,상록수가구거리상점가,자율상권구역,경기도,,,
4632dbbfb0c325b39864,full_annotation_v1,A,q_가구_06,가구 사는 데,생활·마트 중 '가구'를 판매·제공하는 매장,test,가구,T4 구어·문장,163e2740-40f4-47d3-908e-cd0003cc3aea,에덴가구,가구,청양전통시장(구 청양상설시장),전통시장,충청남도,,,
de1cd2e45c3898dd2518,full_annotation_v1,A,q_가구_06,가구 사는 데,생활·마트 중 '가구'를 판매·제공하는 매장,test,가구,T4 구어·문장,c2ae64f1-d97c-4e65-a35b-57fdc07fe36a,한솔가구,가구,반야월종합시장,전통시장,대구광역시,,,
ddef3d0a24d441a2d511,full_annotation_v1,A,q_가구_06,가구 사는 데,생활·마트 중 '가구'를 판매·제공하는 매장,test,가구,T4 구어·문장,bc9df7e9-39d3-4fb2-8219-e7d49a4e3de0,삼익가구,가구,칠성시장,전통시장,대구광역시,,,
83e3de1611076e2006a3,full_annotation_v1,A,q_가구_06,가구 사는 데,생활·마트 중 '가구'를 판매·제공하는 매장,test,가구,T4 구어·문장,cc7363d5-a3e5-4e05-bb17-99395a2f3d5a,까르떼 가구,가구,운정가구단지 상점가,자율상권구역,경기도,,,
df109fd86075dd1a0ae2,full_annotation_v1,A,q_가구_06,가구 사는 데,생활·마트 중 '가구'를 판매·제공하는 매장,test,가구,T4 구어·문장,83350973-20a4-4370-a3e2-cffcb627dc6a,옛날생과자,과자류,화양제일골목시장(화양제일시장),전통시장,서울특별시,,,
531017a032a9609aa964,full_annotation_v1,A,q_가구_06,가구 사는 데,생활·마트 중 '가구'를 판매·제공하는 매장,test,가구,T4 구어·문장,89dc1e0e-6eb1-42c1-b9a7-4a76c12f9fb5,이레가구,가구,시흥행궁길골목형상점가,골목형상점가,서울특별시,,,
8c288ff1c58ee84cbc4f,full_annotation_v1,A,q_가구_06,가구 사는 데,생활·마트 중 '가구'를 판매·제공하는 매장,test,가구,T4 구어·문장,09bf9f9e-8eaf-416f-b157-46d93daf29c8,명품한우한돈,,당정동한세로 골목형상점가,골목형상점가,경기도,,,
04d4d97640551bcec91c,full_annotation_v1,A,q_가구_06,가구 사는 데,생활·마트 중 '가구'를 판매·제공하는 매장,test,가구,T4 구어·문장,f14df4d3-9858-4a8b-8597-20fd477d8e32,갤러리 데 루치아,가구,용인어정가구단지상점가,자율상권구역,경기도,,,
d787d714fb47f1344774,full_annotation_v1,A,q_가구_06,가구 사는 데,생활·마트 중 '가구'를 판매·제공하는 매장,test,가구,T4 구어·문장,fb772feb-8935-4c99-8b9b-d54b1d9e42a2,모던디자인가구,가구,양동복개상가,전통시장,광주광역시,,,
55891458efe859051db4,full_annotation_v1,A,q_가구_06,가구 사는 데,생활·마트 중 '가구'를 판매·제공하는 매장,test,가구,T4 구어·문장,f4ca33bb-ff0e-4fdb-a10a-081b45d2a057,삼익가구,가구,양주소풍가구단지상점가,자율상권구역,경기도,,,
c23c866c1dd79abad83b,full_annotation_v1,A,q_가구_06,가구 사는 데,생활·마트 중 '가구'를 판매·제공하는 매장,test,가구,T4 구어·문장,196bd38b-f05e-4144-8c2d-4752a351bc9d,가구 아울렛,가구,성정가구거리상점가,자율상권구역,충청남도,,,
bb87379107a81a09b7cd,full_annotation_v1,A,q_가구_06,가구 사는 데,생활·마트 중 '가구'를 판매·제공하는 매장,test,가구,T4 구어·문장,d196aaf8-f046-4da2-bfd4-2a0b7f58e20e,메종,가구,청북가구단지상점가,골목형상점가,경기도,,,
dfc24227d07db7c1a4bc,full_annotation_v1,A,q_가구_06,가구 사는 데,생활·마트 중 '가구'를 판매·제공하는 매장,test,가구,T4 구어·문장,521134a6-c000-41af-9857-d2d8b7fd6255,삼익가구,가구,성정가구거리상점가,자율상권구역,충청남도,,,
2a95d98b73a8d61a21e4,full_annotation_v1,A,q_가구_06,가구 사는 데,생활·마트 중 '가구'를 판매·제공하는 매장,test,가구,T4 구어·문장,282b0e8b-051c-49f9-a707-b982df803589,까라벨라 데 오르,스파게티,동명동 카페거리 골목형상점가,골목형상점가,광주광역시,,,
faf3e1be8499d26e5a23,full_annotation_v1,A,q_가구_06,가구 사는 데,생활·마트 중 '가구'를 판매·제공하는 매장,test,가구,T4 구어·문장,6faf2a57-4829-48a0-a95a-4c93f1959ba2,까누가구,가구,무실가구거리골목형상점가,골목형상점가,강원특별자치도,,,
a08bfeb39481a11429ec,full_annotation_v1,A,q_가구_07,책상 의자 파는 곳,생활·마트 중 '가구'를 판매·제공하는 매장,test,가구,T4 구어·문장,26d825f2-2bcd-4e47-8756-3390d6e52697,고기파는 박군,식육점,창원 명서시장,전통시장,경상남도,,,
76febf9f61112b0dcb7b,full_annotation_v1,A,q_가구_07,책상 의자 파는 곳,생활·마트 중 '가구'를 판매·제공하는 매장,test,가구,T4 구어·문장,00157e3c-6f50-4200-b30b-056a209c814a,장인가구창원제일점,가구,창원 팔용가구거리,자율상권구역,경상남도,,,
3220445ef79dd4a6b6d5,full_annotation_v1,A,q_가구_07,책상 의자 파는 곳,생활·마트 중 '가구'를 판매·제공하는 매장,test,가구,T4 구어·문장,0682734b-5e2e-4e79-9bcc-9fee6192ebcc,나무뜰,소매업(인테리어소품),신안프라자전통시장,전통시장,경기도,,,
fb3161bc11c5aa6f5f6d,full_annotation_v1,A,q_가구_07,책상 의자 파는 곳,생활·마트 중 '가구'를 판매·제공하는 매장,test,가구,T4 구어·문장,31121c89-f18c-4b21-a202-a46778a6120b,디오디(DOD)전주점,외의류 의복악세사리 캠핑용품 텐트,전주원도심 골목형상점가,골목형상점가,전북특별자치도,,,
e1df0326e1172c179d46,full_annotation_v1,A,q_가구_07,책상 의자 파는 곳,생활·마트 중 '가구'를 판매·제공하는 매장,test,가구,T4 구어·문장,929d857f-3a8c-4e54-beb8-7c697f744ade,고기파는 형제들,,신영시장,전통시장,서울특별시,,,
c99cd2ae9b8d9c979d03,full_annotation_v1,A,q_가구_07,책상 의자 파는 곳,생활·마트 중 '가구'를 판매·제공하는 매장,test,가구,T4 구어·문장,c161453d-f2c8-4b97-a2c3-a54e0cbdb7e8,생활용품 싸게 파는 집,잡화,안성중앙시장,전통시장,경기도,,,
4851c26ff70bb3c13f23,full_annotation_v1,A,q_가구_07,책상 의자 파는 곳,생활·마트 중 '가구'를 판매·제공하는 매장,test,가구,T4 구어·문장,0d0a5a25-57c9-48ab-844a-9a71c6e24c7f,아이디어미술교습소,미술교습소,상무1동아파트상인회 골목형상점가,골목형상점가,광주광역시,,,
985ac222008029ca3b01,full_annotation_v1,A,q_가구_07,책상 의자 파는 곳,생활·마트 중 '가구'를 판매·제공하는 매장,test,가구,T4 구어·문장,19b6e5db-5866-4752-afed-7fa0dc010f81,곳간,한식,태화십리대밭먹거리단지 상점가,자율상권구역,울산광역시,,,
28bf3b2ec315d2c5e5ec,full_annotation_v1,A,q_가구_07,책상 의자 파는 곳,생활·마트 중 '가구'를 판매·제공하는 매장,test,가구,T4 구어·문장,fbae8f6f-4f02-4214-bf8d-de48c3dbf491,책이랑,,나성동 소방청 골목형상점가,골목형상점가,세종특별자치시,,,
2588cb9641b946a960c6,full_annotation_v1,A,q_가구_07,책상 의자 파는 곳,생활·마트 중 '가구'를 판매·제공하는 매장,test,가구,T4 구어·문장,2743811c-5e71-4d2b-aa75-1b0147d44f2d,사우 꽃이 피는 곳,꽃,김포 풍년마을 골목형상점가,골목형상점가,경기도,,,
cf15007f7d157f58d551,full_annotation_v1,A,q_가구_07,책상 의자 파는 곳,생활·마트 중 '가구'를 판매·제공하는 매장,test,가구,T4 구어·문장,00029834-c340-4d89-b5a7-cee930fc3c31,콩심24시전주종가콩나물국밥,가구,불당1번가골목형상점가,골목형상점가,충청남도,,,
ab6fc101e09049a30dc2,full_annotation_v1,A,q_가구_07,책상 의자 파는 곳,생활·마트 중 '가구'를 판매·제공하는 매장,test,가구,T4 구어·문장,ff307928-dc87-45f6-ac65-9ce1cd87ab7a,피카소디자인가구,"가구, 의자",건축자재특화의거리,자율상권구역,광주광역시,,,
0a2307959299541f63da,full_annotation_v1,A,q_가구_07,책상 의자 파는 곳,생활·마트 중 '가구'를 판매·제공하는 매장,test,가구,T4 구어·문장,af841040-0055-4f95-bbe1-b98bb9cf9b59,밀곳,제과,부평깡통시장(구 부산부평시장),전통시장,부산광역시,,,
82a4cdef5b99f856d56f,full_annotation_v1,A,q_가구_07,책상 의자 파는 곳,생활·마트 중 '가구'를 판매·제공하는 매장,test,가구,T4 구어·문장,0394caa3-10fc-4b86-b7e2-c7b1ac09d649,새마을종합인테리어,"인테리어(벽지,장판등)",성남남한산성시장(구 은행골목시장),전통시장,경기도,,,
a95b471ced776cecee15,full_annotation_v1,A,q_가구_07,책상 의자 파는 곳,생활·마트 중 '가구'를 판매·제공하는 매장,test,가구,T4 구어·문장,1db677b8-efc9-4c9c-9460-707a3c221b0d,형제천막사,"커튼및천막, 카페트, 경미한공사, 행사용테이블, 의자",석소 골목형상점가,골목형상점가,전북특별자치도,,,
268253369d0850ebabe0,full_annotation_v1,A,q_가구_07,책상 의자 파는 곳,생활·마트 중 '가구'를 판매·제공하는 매장,test,가구,T4 구어·문장,82c1d1d6-ebf5-4858-bd00-5c78204a31fc,과일파는 고릴라,"과실, 잡화",반여2동상가시장,전통시장,부산광역시,,,
e37b29f1dcb581cbccd5,full_annotation_v1,A,q_가구_07,책상 의자 파는 곳,생활·마트 중 '가구'를 판매·제공하는 매장,test,가구,T4 구어·문장,06261986-3eba-4244-b63f-397460d82f4a,이곳,미용,나주혁신도시 골목형상점가,골목형상점가,전라남도,,,
596e766d5f82b3669101,full_annotation_v1,A,q_가구_07,책상 의자 파는 곳,생활·마트 중 '가구'를 판매·제공하는 매장,test,가구,T4 구어·문장,ab11861e-c7e5-40b0-a557-f67a555da216,파리바게뜨 포일2지구점,제빵,포일중앙 골목형상점가,골목형상점가,경기도,,,
48dd1f8c578ba36680c1,full_annotation_v1,A,q_가구_07,책상 의자 파는 곳,생활·마트 중 '가구'를 판매·제공하는 매장,test,가구,T4 구어·문장,842f6cf1-6411-4f4b-be23-746d79e31656,섬곳,한식,플레이사계 지오단길 골목형상점가,골목형상점가,제주특별자치도,,,
68cee127bd13dacab87c,full_annotation_v1,A,q_가구_07,책상 의자 파는 곳,생활·마트 중 '가구'를 판매·제공하는 매장,test,가구,T4 구어·문장,06eab6d0-6e19-4260-bf4d-e8d75adc20f3,제스파 안마의자 광주점,,광주여대 골목형상점가,골목형상점가,,,,
ab20851e1e673e088049,full_annotation_v1,A,q_가구_07,책상 의자 파는 곳,생활·마트 중 '가구'를 판매·제공하는 매장,test,가구,T4 구어·문장,5beb6187-2766-4dd5-bcca-3b08cb8c087f,고기파는 총각들,,용마루길 골목형상점가,골목형상점가,서울특별시,,,
0606a79fab28b26c0b01,full_annotation_v1,A,q_가구_07,책상 의자 파는 곳,생활·마트 중 '가구'를 판매·제공하는 매장,test,가구,T4 구어·문장,1224addb-6518-4f08-8235-6fd7c8d4fdab,예인공예,공예품,원주미로예술중앙시장(원주중앙시장),전통시장,강원특별자치도,,,
bffae2aa049f76dc267c,full_annotation_v1,A,q_가구_07,책상 의자 파는 곳,생활·마트 중 '가구'를 판매·제공하는 매장,test,가구,T4 구어·문장,707b51df-be1a-4104-8299-18376223412a,큰별음악학원,음악교육,큰별초 골목형상점가,골목형상점가,광주광역시,,,
6bce0243f416cb4b7492,full_annotation_v1,A,q_가구_07,책상 의자 파는 곳,생활·마트 중 '가구'를 판매·제공하는 매장,test,가구,T4 구어·문장,002db554-24ed-4307-adce-47f82d00e39e,에몬스가구섬유관점,가구,섬유제품관,전통시장,대구광역시,,,
b8b48fb0816ec62f18cc,full_annotation_v1,A,q_가구_07,책상 의자 파는 곳,생활·마트 중 '가구'를 판매·제공하는 매장,test,가구,T4 구어·문장,00819c3e-a0dc-4005-8c3b-25b804133ef6,에이스퍼니처,가구,동광주 골목형상점가,골목형상점가,광주광역시,,,
b4c2a8ea75f01add9d68,full_annotation_v1,A,q_가구_07,책상 의자 파는 곳,생활·마트 중 '가구'를 판매·제공하는 매장,test,가구,T4 구어·문장,acd82893-e2fd-4f4d-84a9-d6e104bdff5b,당진상회,과일,천안중앙시장,전통시장,충청남도,,,
98e085491aa45bf13194,full_annotation_v1,A,q_가구_07,책상 의자 파는 곳,생활·마트 중 '가구'를 판매·제공하는 매장,test,가구,T4 구어·문장,20aed841-4379-4d9c-831c-31d8a30ada8a,컴포즈커피 의왕포일점,커피,포일중앙 골목형상점가,골목형상점가,경기도,,,
2f0f38fb5997a62d59c5,full_annotation_v1,A,q_가구_07,책상 의자 파는 곳,생활·마트 중 '가구'를 판매·제공하는 매장,test,가구,T4 구어·문장,42cc207c-676a-4662-9781-e266eb11c91e,에이스가구,도매 및 소매업 가구 중고가구 붙박이장 식탁 소파,은구비서로사회적협동조합 골목형상점가,골목형상점가,대전광역시,,,
d9a95e1770c48bce92e7,full_annotation_v1,A,q_가구_07,책상 의자 파는 곳,생활·마트 중 '가구'를 판매·제공하는 매장,test,가구,T4 구어·문장,7f0dffda-6e4a-4b0b-9133-471e0d77c590,부전중고의자,기타,부전농수산물새벽시장,전통시장,부산광역시,,,
8abc6859d58d186283f3,full_annotation_v1,A,q_가구_07,책상 의자 파는 곳,생활·마트 중 '가구'를 판매·제공하는 매장,test,가구,T4 구어·문장,d3f87049-bc02-4930-9802-852da9b548ce,불티바지,의류,순천 원도심 상권,상권활성화구역,,,,
e693a51e4ff645c169f2,full_annotation_v1,A,q_가구_07,책상 의자 파는 곳,생활·마트 중 '가구'를 판매·제공하는 매장,test,가구,T4 구어·문장,4abb9418-808e-4ebf-839d-ea28fa1c9739,에이밍스터디카페 금호점,책상의자,금호상인회 골목형상점가,골목형상점가,광주광역시,,,
26040b738555364b50f8,full_annotation_v1,A,q_가구_07,책상 의자 파는 곳,생활·마트 중 '가구'를 판매·제공하는 매장,test,가구,T4 구어·문장,5723d922-e55c-46bc-a5b9-846ba2afdf5d,커피파는 집,,거제 성포 골목형상점가,골목형상점가,경상남도,,,
10893f953a8a739bd538,full_annotation_v1,A,q_가구_07,책상 의자 파는 곳,생활·마트 중 '가구'를 판매·제공하는 매장,test,가구,T4 구어·문장,be079a8b-e75c-4694-9aea-475c921d6923,보배반점 용인죽전점,,BOCA 보카상점가,골목형상점가,경기도,,,
398705a77836d7094df8,full_annotation_v1,A,q_가구_07,책상 의자 파는 곳,생활·마트 중 '가구'를 판매·제공하는 매장,test,가구,T4 구어·문장,0a0405e9-75a8-4da5-94de-52922afd653d,(주)드림,침대 가구,운정가구단지 상점가,자율상권구역,경기도,,,
9860859e82349d124608,full_annotation_v1,A,q_가구_07,책상 의자 파는 곳,생활·마트 중 '가구'를 판매·제공하는 매장,test,가구,T4 구어·문장,1eaf6dc3-f0f0-4350-8341-9f6f4334b965,다소곳,옷,전주모래내시장,전통시장,전북특별자치도,,,
ef58869021e97fb4e8b5,full_annotation_v1,A,q_가구_07,책상 의자 파는 곳,생활·마트 중 '가구'를 판매·제공하는 매장,test,가구,T4 구어·문장,5f59c153-0ca4-4ba4-9f1c-e59663f9e5e2,꽃파는 카페 가배화,꽃가게,맛조이상인회 골목형상점가,골목형상점가,광주광역시,,,
b1caa8cac7ec615683aa,full_annotation_v1,A,q_가구_07,책상 의자 파는 곳,생활·마트 중 '가구'를 판매·제공하는 매장,test,가구,T4 구어·문장,93993d60-9b40-4249-8a88-f398ff51a92b,이 화가구,침대 의자 식탁 주문제작가구 장농 소파,망원동십자로길골목형상점가,골목형상점가,서울특별시,,,
785f00389afb33562782,full_annotation_v1,A,q_가구_07,책상 의자 파는 곳,생활·마트 중 '가구'를 판매·제공하는 매장,test,가구,T4 구어·문장,442ff5b2-eaed-4628-92a6-1dab4ab6a0e0,로하스테크 광주본부,안마의자,풍암운리중상인회 골목형상점가,골목형상점가,광주광역시,,,
6a2fa9dd31b0fe243213,full_annotation_v1,A,q_가구_07,책상 의자 파는 곳,생활·마트 중 '가구'를 판매·제공하는 매장,test,가구,T4 구어·문장,0d32b58f-0a8d-4159-b3cf-c4e1a3ec49dc,단청(장수돌침대의왕점),,안양1번가 상점가,자율상권구역,경기도,,,
110a449ecde6af9a960b,full_annotation_v1,A,q_가구_07,책상 의자 파는 곳,생활·마트 중 '가구'를 판매·제공하는 매장,test,가구,T4 구어·문장,5ae76cdb-e322-4e2e-b01d-0bfb50e26878,치읓의자리(ㅊ의자리),한식 서적출판업,두암시장주변 골목형상점가,골목형상점가,광주광역시,,,
66c3a9224274ebbec783,full_annotation_v1,A,q_가구_07,책상 의자 파는 곳,생활·마트 중 '가구'를 판매·제공하는 매장,test,가구,T4 구어·문장,f75764d4-4ad8-44c8-ad99-7ccf3eea78de,파지,,중흥자재거리 골목형상점가,골목형상점가,광주광역시,,,
9d9f7f802e5ed4d58754,full_annotation_v1,A,q_가구_07,책상 의자 파는 곳,생활·마트 중 '가구'를 판매·제공하는 매장,test,가구,T4 구어·문장,20e990e4-aaf3-4784-9ba0-caad51d06b23,곳간,한식,수완장덕 골목형상점가,골목형상점가,광주광역시,,,
52cec46b792ed2d58398,full_annotation_v1,A,q_가구_07,책상 의자 파는 곳,생활·마트 중 '가구'를 판매·제공하는 매장,test,가구,T4 구어·문장,cecab746-3ac8-4bfb-b402-e75a7de289ee,별나라프드잔치,김밥,석수본동 골목형상점가,골목형상점가,경기도,,,
8433e486000fcfc6aad4,full_annotation_v1,A,q_가구_07,책상 의자 파는 곳,생활·마트 중 '가구'를 판매·제공하는 매장,test,가구,T4 구어·문장,3cc19290-8973-4534-aa1d-1f19a49d9533,메가엠지씨커피 모란시장사거리점,커피전문점,모란시장 쉼터길 골목형상점가,골목형상점가,경기도,,,
95141e5496b9e6c2e93f,full_annotation_v1,A,q_가구_07,책상 의자 파는 곳,생활·마트 중 '가구'를 판매·제공하는 매장,test,가구,T4 구어·문장,c0ac7a4a-7108-44ab-b869-c4fc909233a1,안마의자 비욘드릴렉스대구,안마의자,대구종합유통단지전자관사업협동조합,전통시장,대구광역시,,,
92ca44d853aca41d5cd1,full_annotation_v1,A,q_가구_07,책상 의자 파는 곳,생활·마트 중 '가구'를 판매·제공하는 매장,test,가구,T4 구어·문장,fd3f4bf6-0f6e-4cc6-b5d1-dd517577cd45,브링웰피자 석수점,피자,석수본동 골목형상점가,골목형상점가,경기도,,,
3777f610621b50df84db,full_annotation_v1,A,q_가구_07,책상 의자 파는 곳,생활·마트 중 '가구'를 판매·제공하는 매장,test,가구,T4 구어·문장,cb15e2d0-9357-4e06-9f00-880705012933,땅파서 폰파는 집(사직점),,사직거인 골목형상점가,골목형상점가,부산광역시,,,
23f3134536c65c19a487,full_annotation_v1,A,q_가구_07,책상 의자 파는 곳,생활·마트 중 '가구'를 판매·제공하는 매장,test,가구,T4 구어·문장,ecf3246a-ed9b-4f87-a6f9-e5dc2f69ffd1,"다파농, 다파는 농부 수지구청점",,풍2동 골목형상점가,골목형상점가,경기도,,,
287559c4098d6b45a2cc,full_annotation_v1,A,q_가구_07,책상 의자 파는 곳,생활·마트 중 '가구'를 판매·제공하는 매장,test,가구,T4 구어·문장,472f5609-7d98-4e07-8c42-7a6f61c07c89,한우리가구,책상 의자 쇼파 파티션 탁자외,신창동가구의거리일번국도상점가,자율상권구역,광주광역시,,,
99d2eb010fa1b8916eac,full_annotation_v1,A,q_가구_07,책상 의자 파는 곳,생활·마트 중 '가구'를 판매·제공하는 매장,test,가구,T4 구어·문장,6f379121-d5e7-442e-8e42-f5632198fdd8,안마의자 베스트샵일렉트,,도안골 골목형상점가,골목형상점가,대전광역시,,,
9ca23acd005da54027de,full_annotation_v1,A,q_가구_07,책상 의자 파는 곳,생활·마트 중 '가구'를 판매·제공하는 매장,test,가구,T4 구어·문장,40af7b91-7f04-4b4d-8809-08e1c5813c51,가현가구,장농침대소파식탁,하남대로가구의거리상인회 골목형상점가,골목형상점가,광주광역시,,,
8cb8eb1f32228b378905,full_annotation_v1,A,q_가구_07,책상 의자 파는 곳,생활·마트 중 '가구'를 판매·제공하는 매장,test,가구,T4 구어·문장,76a3551b-dae4-4326-92cc-662015aedbfb,쉴 곳,한식,칠성로상점가,자율상권구역,제주특별자치도,,,
209c3029c8f37faa2cf5,full_annotation_v1,A,q_가구_07,책상 의자 파는 곳,생활·마트 중 '가구'를 판매·제공하는 매장,test,가구,T4 구어·문장,0b1020aa-4576-4fc3-9ee6-a6fe2a321e73,소낭구 평택점,식탁소파침대옷장 등 가구일체,청북가구단지상점가,골목형상점가,경기도,,,
6b8166b25a500fbccf1b,full_annotation_v1,A,q_가구_07,책상 의자 파는 곳,생활·마트 중 '가구'를 판매·제공하는 매장,test,가구,T4 구어·문장,24456103-f6b8-46af-8655-82e61d7265d8,커피가 머무르는 곳,커피,반드레길골목형상점가,골목형상점가,서울특별시,,,
ea6143e30f22ad117eb8,full_annotation_v1,A,q_가구_07,책상 의자 파는 곳,생활·마트 중 '가구'를 판매·제공하는 매장,test,가구,T4 구어·문장,3c6af579-7f58-47be-9f0b-ecb5eed413c9,살롱드엘,두피관리용 소모품류 등,치평광명상가상인회 골목형상점가,골목형상점가,광주광역시,,,
feb1e43d3d9547895f97,full_annotation_v1,A,q_가구_07,책상 의자 파는 곳,생활·마트 중 '가구'를 판매·제공하는 매장,test,가구,T4 구어·문장,988a743e-e93e-4742-a0e7-e76bbdda79d5,라라헤어,"의자, 샴푸대, 미용가위",용현시장,전통시장,인천광역시,,,
61215057cce0ab0dc0bb,full_annotation_v1,A,q_가구_07,책상 의자 파는 곳,생활·마트 중 '가구'를 판매·제공하는 매장,test,가구,T4 구어·문장,c0cc81b4-89ec-4a70-b6f7-089de1fd92a8,소소한곳,,양산 물금백호마을 골목형상점가,골목형상점가,경상남도,,,
16669237d12ce1c95ef8,full_annotation_v1,A,q_가구_07,책상 의자 파는 곳,생활·마트 중 '가구'를 판매·제공하는 매장,test,가구,T4 구어·문장,000f2b92-c3c3-4ff7-8507-d2b8b0804036,우아미 가구,가구 도소매,삼산가구전문거리,골목형상점가,울산광역시,,,
c010903fc90e8fc28e2b,full_annotation_v1,A,q_가구_07,책상 의자 파는 곳,생활·마트 중 '가구'를 판매·제공하는 매장,test,가구,T4 구어·문장,6702c44f-743f-4a82-a486-762c643027a2,야채파는 총각,농산물,구리전통시장,전통시장,경기도,,,
fb5888ab307246ed304b,full_annotation_v1,A,q_가구_07,책상 의자 파는 곳,생활·마트 중 '가구'를 판매·제공하는 매장,test,가구,T4 구어·문장,0021ea65-4c59-4aa0-8d1c-95fe7b6686d0,공간인테리어,경미한공사(인테리어),여의동 골목형상점가,골목형상점가,전북특별자치도,,,
9860f5f00c8922d664bf,full_annotation_v1,A,q_가구_07,책상 의자 파는 곳,생활·마트 중 '가구'를 판매·제공하는 매장,test,가구,T4 구어·문장,9bfb80f5-4a9c-4992-8cda-2ca84a6e53c0,책짠해,"책, 서적",황남상가시장,전통시장,경상북도,,,
b42e63891f690e1962f7,full_annotation_v1,A,q_가구_07,책상 의자 파는 곳,생활·마트 중 '가구'를 판매·제공하는 매장,test,가구,T4 구어·문장,003f093e-cafd-472d-a875-6931880b1a71,올리브데코,가구,제2경주중심상가시장(경주봉황중심상가시장),전통시장,경상북도,,,
8cb78d17ccc9fd0a42cc,full_annotation_v1,A,q_가구_07,책상 의자 파는 곳,생활·마트 중 '가구'를 판매·제공하는 매장,test,가구,T4 구어·문장,03bbdf3c-2f90-40f2-8ed9-496e9673c8ba,성진에너지,의자탁자 잡화,각화도매 골목형상점가,골목형상점가,광주광역시,,,
37e149f0bef550c60510,full_annotation_v1,A,q_가구_07,책상 의자 파는 곳,생활·마트 중 '가구'를 판매·제공하는 매장,test,가구,T4 구어·문장,9a14cba8-f5b2-46f4-9fa6-9fae4b2a5f11,광주 몽키모바일,도소매,경열로상인회 골목형상점가,골목형상점가,광주광역시,,,
9d7fcd4f9b949e780cd4,full_annotation_v1,A,q_가구_07,책상 의자 파는 곳,생활·마트 중 '가구'를 판매·제공하는 매장,test,가구,T4 구어·문장,c05d77ad-3c4c-4cb3-8384-3e0e6c8eca91,공훈고모네,,화서1동 소상공인 골목형상점가,골목형상점가,경기도,,,
bc5959c4a359cd217703,full_annotation_v1,A,q_가구_07,책상 의자 파는 곳,생활·마트 중 '가구'를 판매·제공하는 매장,test,가구,T4 구어·문장,063e0bdb-f37d-403a-8d87-439096dd4a51,공감인테리어,실내 인테리어벽지장판목공타일류 등 및 컨설팅,운남7단지먹자거리 골목형상점가,골목형상점가,광주광역시,,,
f6b351fb972a49135883,full_annotation_v1,A,q_가구_07,책상 의자 파는 곳,생활·마트 중 '가구'를 판매·제공하는 매장,test,가구,T4 구어·문장,be9f8c61-892c-48ed-a49d-b63bd032c025,소곳,의류,고투몰(강남터미널지하도상점가),일반지하상점가,서울특별시,,,
83b03b3597c220b73f91,full_annotation_v1,A,q_가구_07,책상 의자 파는 곳,생활·마트 중 '가구'를 판매·제공하는 매장,test,가구,T4 구어·문장,ad2284ff-8791-453b-b8a9-67654ff94220,폰파는 신사,휴대폰,남해 명품화전길 골목형상점가,골목형상점가,경상남도,,,
a12a085c2dfc76188d20,full_annotation_v1,A,q_가구_07,책상 의자 파는 곳,생활·마트 중 '가구'를 판매·제공하는 매장,test,가구,T4 구어·문장,c111ac9d-3f3a-405c-a8db-4d127ccda9e2,행복이 있는 곳,잡화,제주로얄쇼핑센터,자율상권구역,제주특별자치도,,,
948dd3273ddbf4b8d34b,full_annotation_v1,A,q_가구_07,책상 의자 파는 곳,생활·마트 중 '가구'를 판매·제공하는 매장,test,가구,T4 구어·문장,08d279de-df58-4bbf-98b5-b53c1d84cb4b,헤스티아디자인,"가구, 인테리어",마산 북마산가구시장,전통시장,경상남도,,,
d43195f32cc3ae9b2961,full_annotation_v1,A,q_가구_07,책상 의자 파는 곳,생활·마트 중 '가구'를 판매·제공하는 매장,test,가구,T4 구어·문장,938b92f8-b2f3-4151-81af-3884e120024e,고기파는 청년들,정육,용호시장,전통시장,부산광역시,,,
18ffc2fe7bf44f21d4b7,full_annotation_v1,A,q_가구_07,책상 의자 파는 곳,생활·마트 중 '가구'를 판매·제공하는 매장,test,가구,T4 구어·문장,0039f6c3-9cdd-48f5-ae33-279dbbcf879d,다이렉트소파몰 안산직영점,가구소매업,상록수가구거리상점가,골목형상점가,경기도,,,
edaf36cba0f77bb4bd1c,full_annotation_v1,A,q_가구_07,책상 의자 파는 곳,생활·마트 중 '가구'를 판매·제공하는 매장,test,가구,T4 구어·문장,48cc700f-acfd-4514-8948-7f9db8f88719,비타민원목가구,소파.침대.식탁,청북가구단지상점가,자율상권구역,경기도,,,
4f313c576af3ab98d681,full_annotation_v1,A,q_가구_07,책상 의자 파는 곳,생활·마트 중 '가구'를 판매·제공하는 매장,test,가구,T4 구어·문장,02f4782a-e87b-4c4c-a517-6eec40381342,장수돌침대,가구침대,포천리빙가구상점가,자율상권구역,경기도,,,
1da4bf6b511439c3672b,full_annotation_v1,A,q_가구_07,책상 의자 파는 곳,생활·마트 중 '가구'를 판매·제공하는 매장,test,가구,T4 구어·문장,ea7cf1e6-b584-4ba5-a9a2-d9b9500f5c05,아식스 전주객사점,외의 안전화,전주원도심 골목형상점가,골목형상점가,전북특별자치도,,,
2a26e000c117ce966237,full_annotation_v1,A,q_가구_07,책상 의자 파는 곳,생활·마트 중 '가구'를 판매·제공하는 매장,test,가구,T4 구어·문장,060ca668-6ba8-4dbc-af43-1b0f2b64cda6,오브제 퍼니처,침대소파식탁,김포 가구단지 골목형상점가,골목형상점가,경기도,,,
93850607d9b416d5a70b,full_annotation_v1,A,q_가구_08,가구추천,생활·마트 중 '가구'를 판매·제공하는 매장,test,가구,T6 기계변형,b2a2e3d6-f434-4c17-86b6-8edb3d0e407c,가구랜드,가구,학성가구거리 상점가,자율상권구역,울산광역시,,,
47b81682c2d2cbbbfbe3,full_annotation_v1,A,q_가구_08,가구추천,생활·마트 중 '가구'를 판매·제공하는 매장,test,가구,T6 기계변형,c42a16d2-bde9-471f-afd0-7d1d5186a7f4,타센,가구,상록수가구거리상점가,골목형상점가,경기도,,,
444b8f9066d38306a739,full_annotation_v1,A,q_가구_08,가구추천,생활·마트 중 '가구'를 판매·제공하는 매장,test,가구,T6 기계변형,7e112451-2784-435c-975f-b3ea628da6bf,가구마켓,가구,엄사 골목형상점가,골목형상점가,충청남도,,,
9f29fd6e04b200fb9faf,full_annotation_v1,A,q_가구_08,가구추천,생활·마트 중 '가구'를 판매·제공하는 매장,test,가구,T6 기계변형,0d32b58f-0a8d-4159-b3cf-c4e1a3ec49dc,단청(장수돌침대의왕점),,안양1번가 상점가,자율상권구역,경기도,,,
d7c63e7f9ea365cf0c48,full_annotation_v1,A,q_가구_08,가구추천,생활·마트 중 '가구'를 판매·제공하는 매장,test,가구,T6 기계변형,e16260f5-7339-4832-a204-72d8d3611980,진미전통토굴새우젓,새우젓,광천전통시장,전통시장,충청남도,,,
2571a512435c0f69e867,full_annotation_v1,A,q_가구_08,가구추천,생활·마트 중 '가구'를 판매·제공하는 매장,test,가구,T6 기계변형,6d26130f-db7b-4513-89c4-b31f340987af,가구보물섬,가구,학성가구거리 상점가,자율상권구역,울산광역시,,,
eb8ca53e5f7e50573c53,full_annotation_v1,A,q_가구_08,가구추천,생활·마트 중 '가구'를 판매·제공하는 매장,test,가구,T6 기계변형,8bdd1830-9c93-4288-84f8-949a1331078c,리키홈가구,가구,청남가구단지 상점가,자율상권구역,충청북도,,,
a829ac968a43ed198460,full_annotation_v1,A,q_가구_08,가구추천,생활·마트 중 '가구'를 판매·제공하는 매장,test,가구,T6 기계변형,9ffae20c-1919-432f-aae7-7da313aabf0e,성진활어,활어회,대포항골목형상점가A,골목형상점가,강원특별자치도,,,
10e8fe04792354c90216,full_annotation_v1,A,q_가구_08,가구추천,생활·마트 중 '가구'를 판매·제공하는 매장,test,가구,T6 기계변형,34a4e41f-2aed-4d7a-8345-1533143bb7af,뉴가구이스,가구,㈜르네시떼,전통시장,부산광역시,,,
2288c047da584d1c274a,full_annotation_v1,A,q_가구_08,가구추천,생활·마트 중 '가구'를 판매·제공하는 매장,test,가구,T6 기계변형,000f2b92-c3c3-4ff7-8507-d2b8b0804036,우아미 가구,가구 도소매,삼산가구전문거리,골목형상점가,울산광역시,,,
9a76236ec13422d7a611,full_annotation_v1,A,q_가구_08,가구추천,생활·마트 중 '가구'를 판매·제공하는 매장,test,가구,T6 기계변형,2f3c1d0b-c137-4691-a404-3a17ed6ac8c7,가구킹울산,,학성가구거리 상점가,자율상권구역,울산광역시,,,
5f69e1adf6d0f731a4e1,full_annotation_v1,A,q_가구_08,가구추천,생활·마트 중 '가구'를 판매·제공하는 매장,test,가구,T6 기계변형,08d279de-df58-4bbf-98b5-b53c1d84cb4b,헤스티아디자인,"가구, 인테리어",마산 북마산가구시장,전통시장,경상남도,,,
c272dafa8832f62fd2e4,full_annotation_v1,A,q_가구_08,가구추천,생활·마트 중 '가구'를 판매·제공하는 매장,test,가구,T6 기계변형,c73bf560-85fe-43e6-89a3-d32a890b50a4,가구챔피언,가구,양동복개상가,전통시장,광주광역시,,,
081e1b2dd182d9ceb07d,full_annotation_v1,A,q_가구_08,가구추천,생활·마트 중 '가구'를 판매·제공하는 매장,test,가구,T6 기계변형,ca9f30b0-f8bf-483a-9db2-c9051e301605,가구편집샾,가구,청북가구단지상점가,골목형상점가,경기도,,,
5fbbbd22afc528fb49d6,full_annotation_v1,A,q_가구_08,가구추천,생활·마트 중 '가구'를 판매·제공하는 매장,test,가구,T6 기계변형,00819c3e-a0dc-4005-8c3b-25b804133ef6,에이스퍼니처,가구,동광주 골목형상점가,골목형상점가,광주광역시,,,
293b0f2740af73e107b6,full_annotation_v1,A,q_가구_08,가구추천,생활·마트 중 '가구'를 판매·제공하는 매장,test,가구,T6 기계변형,0a0405e9-75a8-4da5-94de-52922afd653d,(주)드림,침대 가구,운정가구단지 상점가,자율상권구역,경기도,,,
2bac3bcb2471952906d7,full_annotation_v1,A,q_가구_08,가구추천,생활·마트 중 '가구'를 판매·제공하는 매장,test,가구,T6 기계변형,42cc207c-676a-4662-9781-e266eb11c91e,에이스가구,도매 및 소매업 가구 중고가구 붙박이장 식탁 소파,은구비서로사회적협동조합 골목형상점가,골목형상점가,대전광역시,,,
bde510eeb9d238039640,full_annotation_v1,A,q_가구_08,가구추천,생활·마트 중 '가구'를 판매·제공하는 매장,test,가구,T6 기계변형,0682734b-5e2e-4e79-9bcc-9fee6192ebcc,나무뜰,소매업(인테리어소품),신안프라자전통시장,전통시장,경기도,,,
60a4c61a60782e92d8ff,full_annotation_v1,A,q_가구_08,가구추천,생활·마트 중 '가구'를 판매·제공하는 매장,test,가구,T6 기계변형,dc2076ae-3283-4dc5-a580-38f9396b1ad6,가구천사,가구,연제초 앞 골목형상점가,골목형상점가,광주광역시,,,
193048ec1eba9cd72faf,full_annotation_v1,A,q_가구_08,가구추천,생활·마트 중 '가구'를 판매·제공하는 매장,test,가구,T6 기계변형,163e2740-40f4-47d3-908e-cd0003cc3aea,에덴가구,가구,청양전통시장(구 청양상설시장),전통시장,충청남도,,,
05fdfbd4a1687186c79b,full_annotation_v1,A,q_가구_08,가구추천,생활·마트 중 '가구'를 판매·제공하는 매장,test,가구,T6 기계변형,5d59ff90-1a4c-4aae-9d6d-64b8a3911976,가구마을,가구,서울중앙시장,전통시장,서울특별시,,,
82e3ccfd7c7b1d84a3eb,full_annotation_v1,A,q_가구_08,가구추천,생활·마트 중 '가구'를 판매·제공하는 매장,test,가구,T6 기계변형,2b391bc4-eab3-4835-a8fa-ae246878c0ce,가구스토리,가구,양주소풍가구단지상점가,자율상권구역,경기도,,,
196a42c31ef4bc34d64f,full_annotation_v1,A,q_가구_08,가구추천,생활·마트 중 '가구'를 판매·제공하는 매장,test,가구,T6 기계변형,a6962674-d660-4f13-ae3b-ea731e12e81c,가구장이,가구,양동복개상가,전통시장,,,,
ac70ee57ebb13dc61a12,full_annotation_v1,A,q_가구_08,가구추천,생활·마트 중 '가구'를 판매·제공하는 매장,test,가구,T6 기계변형,39f84212-0fde-421a-bd5a-24cb179e7b2d,미리내 부천신중동역본점,돼지구이,신중동문화거리상점가,자율상권구역,경기도,,,
2141385df9071089ba60,full_annotation_v1,A,q_가구_08,가구추천,생활·마트 중 '가구'를 판매·제공하는 매장,test,가구,T6 기계변형,554bb99c-3657-4a3e-a2ce-e2fab8baf190,가구소풍,가구,운정가구단지 상점가,자율상권구역,경기도,,,
687a69b660ceec1411c7,full_annotation_v1,A,q_가구_08,가구추천,생활·마트 중 '가구'를 판매·제공하는 매장,test,가구,T6 기계변형,ac4548f8-4b4c-4877-8b36-c027ba92a7b1,가구앤라인,가구,성정가구거리상점가,자율상권구역,충청남도,,,
0f3a107f23e94e056797,full_annotation_v1,A,q_가구_08,가구추천,생활·마트 중 '가구'를 판매·제공하는 매장,test,가구,T6 기계변형,0039f6c3-9cdd-48f5-ae33-279dbbcf879d,다이렉트소파몰 안산직영점,가구소매업,상록수가구거리상점가,골목형상점가,경기도,,,
2ee196f5ec53512edfd4,full_annotation_v1,A,q_가구_08,가구추천,생활·마트 중 '가구'를 판매·제공하는 매장,test,가구,T6 기계변형,0d863b56-4ff8-43ba-8eb0-aae684ad2698,풍기인견,인견,문창시장,전통시장,대전광역시,,,
ba077b7c7146e37cc1e2,full_annotation_v1,A,q_가구_08,가구추천,생활·마트 중 '가구'를 판매·제공하는 매장,test,가구,T6 기계변형,002db554-24ed-4307-adce-47f82d00e39e,에몬스가구섬유관점,가구,섬유제품관,전통시장,대구광역시,,,
a112fdfceefb42954637,full_annotation_v1,A,q_가구_08,가구추천,생활·마트 중 '가구'를 판매·제공하는 매장,test,가구,T6 기계변형,060ca668-6ba8-4dbc-af43-1b0f2b64cda6,오브제 퍼니처,침대소파식탁,김포 가구단지 골목형상점가,골목형상점가,경기도,,,
3121bbe43951c26001ed,full_annotation_v1,A,q_가구_08,가구추천,생활·마트 중 '가구'를 판매·제공하는 매장,test,가구,T6 기계변형,6478fbf9-60bd-4894-ba0d-141f0d99ce50,필굿,가구,부평종합시장,전통시장,인천광역시,,,
0972a63b42a8e4dbbca4,full_annotation_v1,A,q_가구_08,가구추천,생활·마트 중 '가구'를 판매·제공하는 매장,test,가구,T6 기계변형,8ef13d29-5f2d-4c5f-98b3-5e5e2848c383,구구상회,수산물,노량진수산시장골목형상점가,골목형상점가,서울특별시,,,
cb7ae67aab0100aeb35e,full_annotation_v1,A,q_가구_08,가구추천,생활·마트 중 '가구'를 판매·제공하는 매장,test,가구,T6 기계변형,ee451cfc-a6ad-4dba-a9e1-f72fcc7eb109,보디가드 평택소사벌,,소사벌 에듀타운 상인회 골목형상점가,골목형상점가,경기도,,,
f8502ee901ce3cec9041,full_annotation_v1,A,q_가구_08,가구추천,생활·마트 중 '가구'를 판매·제공하는 매장,test,가구,T6 기계변형,157ea3ca-7295-4c69-afc4-bdb12aa60cc4,복왕중국마트 아시아마트 3호점,슈퍼마켓,오산오색시장(구 오산중앙시장),전통시장,경기도,,,
08317eb4d648b7ac51a3,full_annotation_v1,A,q_가구_08,가구추천,생활·마트 중 '가구'를 판매·제공하는 매장,test,가구,T6 기계변형,9cd2f6c4-9028-47e8-883d-d6ce658a35e4,자담치킨 양산점,치킨,양산동 골목형상점가,골목형상점가,광주광역시,,,
47dd54bd81d5d6daaf79,full_annotation_v1,A,q_가구_08,가구추천,생활·마트 중 '가구'를 판매·제공하는 매장,test,가구,T6 기계변형,99e303fe-8569-42c4-acec-eb2d7b4423bc,오씬홈,가구,포천리빙가구상점가,자율상권구역,경기도,,,
99f2b272d7151a582b7c,full_annotation_v1,A,q_가구_08,가구추천,생활·마트 중 '가구'를 판매·제공하는 매장,test,가구,T6 기계변형,e7ae037d-7fe6-443d-b06b-d9dc6ec6949d,로얄가구,가구,아현가구거리 상점가,자율상권구역,서울특별시,,,
bc112bf3b95769f67a4e,full_annotation_v1,A,q_가구_08,가구추천,생활·마트 중 '가구'를 판매·제공하는 매장,test,가구,T6 기계변형,de4f2504-cf0e-47ac-8e3b-86a71f4faa09,가구1번가,가구,무실가구거리골목형상점가,골목형상점가,강원특별자치도,,,
3385ba673f095846cb4e,full_annotation_v1,A,q_가구_08,가구추천,생활·마트 중 '가구'를 판매·제공하는 매장,test,가구,T6 기계변형,585fe56f-ee38-4841-a06e-be13eda3a657,가구공간,가구,대전관저가구단지 골목형상점가,골목형상점가,대전광역시,,,
af51bed95c1d8dba6b24,full_annotation_v1,A,q_가구_08,가구추천,생활·마트 중 '가구'를 판매·제공하는 매장,test,가구,T6 기계변형,75204542-cec8-4b83-b47a-1fd2871c0a9f,간이역,한식,팔등로기부거리,골목형상점가,울산광역시,,,
370045024bab06fb7d35,full_annotation_v1,A,q_가구_08,가구추천,생활·마트 중 '가구'를 판매·제공하는 매장,test,가구,T6 기계변형,6faf2a57-4829-48a0-a95a-4c93f1959ba2,까누가구,가구,무실가구거리골목형상점가,골목형상점가,강원특별자치도,,,
b321e0ce63495dcdc31f,full_annotation_v1,A,q_가구_08,가구추천,생활·마트 중 '가구'를 판매·제공하는 매장,test,가구,T6 기계변형,0394caa3-10fc-4b86-b7e2-c7b1ac09d649,새마을종합인테리어,"인테리어(벽지,장판등)",성남남한산성시장(구 은행골목시장),전통시장,경기도,,,
bf28a9121b20d192076f,full_annotation_v1,A,q_가구_08,가구추천,생활·마트 중 '가구'를 판매·제공하는 매장,test,가구,T6 기계변형,0489ee6e-4ab8-4ff6-9f33-94e36078b3ec,힐커,가구,하남대로가구의거리상인회 골목형상점가,골목형상점가,광주광역시,,,
284caa4c4b68b540f291,full_annotation_v1,A,q_가구_08,가구추천,생활·마트 중 '가구'를 판매·제공하는 매장,test,가구,T6 기계변형,727c5e26-6407-4f58-b20e-27bb5a9b2a9d,탕정아이꽃소아청소년과,소아청소년과 진료 및 예방접종,한들물빛도시 골목형 상점가,골목형상점가,충청남도,,,
32e7edf4163c2722ab78,full_annotation_v1,A,q_가구_08,가구추천,생활·마트 중 '가구'를 판매·제공하는 매장,test,가구,T6 기계변형,b5423e05-adfe-4a18-8b18-98dbe02b81ef,더홈가구,가구,대구종합유통단지전자관사업협동조합,전통시장,대구광역시,,,
085ffaf880b109ec5c6f,full_annotation_v1,A,q_가구_08,가구추천,생활·마트 중 '가구'를 판매·제공하는 매장,test,가구,T6 기계변형,f5ddf4d5-0d2a-4e9a-9c45-3db1594ab6d4,럭쎄스,가구,대구종합유통단지전자관사업협동조합,전통시장,대구광역시,,,
8ccd50d6d48927c1783d,full_annotation_v1,A,q_가구_08,가구추천,생활·마트 중 '가구'를 판매·제공하는 매장,test,가구,T6 기계변형,2a8ad1a2-ddfe-4a5f-bdbd-84b691cf1650,까소엔,가구,청북가구단지상점가,골목형상점가,경기도,,,
ec4637365164f27d4803,full_annotation_v1,A,q_가구_08,가구추천,생활·마트 중 '가구'를 판매·제공하는 매장,test,가구,T6 기계변형,491ee49c-0080-40e7-a982-7220cef2b433,잔고개소머리곰탕,,백년소상공인,,경기도,,,
a3fd74440552b6316bec,full_annotation_v1,A,q_가구_08,가구추천,생활·마트 중 '가구'를 판매·제공하는 매장,test,가구,T6 기계변형,003f093e-cafd-472d-a875-6931880b1a71,올리브데코,가구,제2경주중심상가시장(경주봉황중심상가시장),전통시장,경상북도,,,
77a2666c5a08b09b3a46,full_annotation_v1,A,q_가구_08,가구추천,생활·마트 중 '가구'를 판매·제공하는 매장,test,가구,T6 기계변형,dc396689-bc98-40ab-9dd3-15b5be1d24cc,민재아빠횟집,활어회,대포항골목형상점가A,골목형상점가,강원특별자치도,,,
2196ac6cc45ca38cfd8f,full_annotation_v1,A,q_가구_08,가구추천,생활·마트 중 '가구'를 판매·제공하는 매장,test,가구,T6 기계변형,75cf53e3-5877-4d6d-a034-5ba8bc6cab87,코지안 가구,가구,오류동 특화거리 상점가,자율상권구역,대전광역시,,,
5020a39c205e210e48eb,full_annotation_v1,A,q_가구_08,가구추천,생활·마트 중 '가구'를 판매·제공하는 매장,test,가구,T6 기계변형,48cc700f-acfd-4514-8948-7f9db8f88719,비타민원목가구,소파.침대.식탁,청북가구단지상점가,자율상권구역,경기도,,,
d4f2c05d5a994a2663ea,full_annotation_v1,A,q_가구_08,가구추천,생활·마트 중 '가구'를 판매·제공하는 매장,test,가구,T6 기계변형,19787508-4f87-474c-8036-12ac0043a334,까소엔가구,가구,삼산가구전문거리,골목형상점가,울산광역시,,,
4765b2980764d69e9d20,full_annotation_v1,A,q_가구_08,가구추천,생활·마트 중 '가구'를 판매·제공하는 매장,test,가구,T6 기계변형,6878d6bd-23f7-4cb3-ad87-56a39983acff,나는 가구다,가구,양동복개상가,전통시장,,,,
ba3fcbe59a00afce32a9,full_annotation_v1,A,q_가구_08,가구추천,생활·마트 중 '가구'를 판매·제공하는 매장,test,가구,T6 기계변형,199250ff-d01b-4ffb-aea7-ab9b2742ee9a,금옥당,귀금속,팔등로기부거리,골목형상점가,울산광역시,,,
d508b64c20d9f6f0b5f2,full_annotation_v1,A,q_가구_08,가구추천,생활·마트 중 '가구'를 판매·제공하는 매장,test,가구,T6 기계변형,3f178591-21b4-48c1-9e52-356604435453,가구이야기,가구,청북가구단지상점가,골목형상점가,경기도,,,
03aea591c7e0bb50e567,full_annotation_v1,A,q_가구_08,가구추천,생활·마트 중 '가구'를 판매·제공하는 매장,test,가구,T6 기계변형,845db1c6-7afe-4999-a681-fd0e745c542c,수완중앙온누리약국,의약품,수완머그로 골목형상점가,골목형상점가,광주광역시,,,
b5e30766acbf0cc699c9,full_annotation_v1,A,q_가구_08,가구추천,생활·마트 중 '가구'를 판매·제공하는 매장,test,가구,T6 기계변형,02f4782a-e87b-4c4c-a517-6eec40381342,장수돌침대,가구침대,포천리빙가구상점가,자율상권구역,경기도,,,
237cb186bc2954ec5f48,full_annotation_v1,A,q_가구_08,가구추천,생활·마트 중 '가구'를 판매·제공하는 매장,test,가구,T6 기계변형,702a95c6-9c0c-4760-9e6b-f183e95c2003,가구가싸,가구,산본로데오거리(구 산본중심상가),자율상권구역,경기도,,,
3765ca9744dc51f02781,full_annotation_v1,A,q_가구_08,가구추천,생활·마트 중 '가구'를 판매·제공하는 매장,test,가구,T6 기계변형,40af7b91-7f04-4b4d-8809-08e1c5813c51,가현가구,장농침대소파식탁,하남대로가구의거리상인회 골목형상점가,골목형상점가,광주광역시,,,
b3144a0410b32b8969d1,full_annotation_v1,A,q_가구_08,가구추천,생활·마트 중 '가구'를 판매·제공하는 매장,test,가구,T6 기계변형,1cc9b613-a010-4f18-a579-e722e45a97c2,비아루체,의류및신발,고투몰(강남터미널지하도상점가),일반지하상점가,서울특별시,,,
9a31eb26379a2c9eae77,full_annotation_v1,A,q_가구_08,가구추천,생활·마트 중 '가구'를 판매·제공하는 매장,test,가구,T6 기계변형,00029834-c340-4d89-b5a7-cee930fc3c31,콩심24시전주종가콩나물국밥,가구,불당1번가골목형상점가,골목형상점가,충청남도,,,
c1f243f3cdbe376ed5ab,full_annotation_v1,A,q_가구_08,가구추천,생활·마트 중 '가구'를 판매·제공하는 매장,test,가구,T6 기계변형,ed2f2a1f-7e22-421a-ad76-f65858f80c2e,가구마을,가구,양동복개상가,전통시장,,,,
843b4dcd0cda8c90b3bd,full_annotation_v1,A,q_가구_08,가구추천,생활·마트 중 '가구'를 판매·제공하는 매장,test,가구,T6 기계변형,42af98f2-112f-4c1c-82ff-ad5d393bb5bb,가구하우스,,사동로 골목형상점가,골목형상점가,,,,
18ee9ef85ea2f10bdeff,full_annotation_v1,A,q_가구_08,가구추천,생활·마트 중 '가구'를 판매·제공하는 매장,test,가구,T6 기계변형,fac47bcc-d184-4b3c-9853-3bd986287a32,유희장,가구,과천새서울프라자시장,전통시장,경기도,,,
8c36172dbdcdc5ca4a51,full_annotation_v1,A,q_가구_08,가구추천,생활·마트 중 '가구'를 판매·제공하는 매장,test,가구,T6 기계변형,40e52936-01ad-4b1d-87f0-d117964c27de,가구대통령,가구,서순천가구백화점골목형상점가,골목형상점가,전라남도,,,
6a852db5e2c7b617f013,full_annotation_v1,A,q_가구_08,가구추천,생활·마트 중 '가구'를 판매·제공하는 매장,test,가구,T6 기계변형,573aaf98-66af-41d9-837e-bb3ec27533f8,미광,한식,금호운천로상인회 골목형상점가,골목형상점가,광주광역시,,,
ff002187731291a77833,full_annotation_v1,A,q_가구_08,가구추천,생활·마트 중 '가구'를 판매·제공하는 매장,test,가구,T6 기계변형,830e2a10-a351-4ab6-b86a-84590bf3a2f0,다~산가구,가구,경산중앙로상점가,자율상권구역,경상북도,,,
78d85f6c8ecb670558be,full_annotation_v1,A,q_가구_08,가구추천,생활·마트 중 '가구'를 판매·제공하는 매장,test,가구,T6 기계변형,0b1020aa-4576-4fc3-9ee6-a6fe2a321e73,소낭구 평택점,식탁소파침대옷장 등 가구일체,청북가구단지상점가,골목형상점가,경기도,,,
8ca88ab61a35b5ab5b30,full_annotation_v1,A,q_가구_08,가구추천,생활·마트 중 '가구'를 판매·제공하는 매장,test,가구,T6 기계변형,4fd0b6bc-1110-442c-ae7a-8c2b9ec37734,가구이즈,가구,㈜르네시떼,전통시장,부산광역시,,,
498bfebddb143117ebf2,full_annotation_v1,A,q_가구_08,가구추천,생활·마트 중 '가구'를 판매·제공하는 매장,test,가구,T6 기계변형,063e0bdb-f37d-403a-8d87-439096dd4a51,공감인테리어,실내 인테리어벽지장판목공타일류 등 및 컨설팅,운남7단지먹자거리 골목형상점가,골목형상점가,광주광역시,,,
180d2f877642b9d7b862,full_annotation_v1,A,q_가구_08,가구추천,생활·마트 중 '가구'를 판매·제공하는 매장,test,가구,T6 기계변형,0021ea65-4c59-4aa0-8d1c-95fe7b6686d0,공간인테리어,경미한공사(인테리어),여의동 골목형상점가,골목형상점가,전북특별자치도,,,
1ced00aed99eeb761f6d,full_annotation_v1,A,q_가구_08,가구추천,생활·마트 중 '가구'를 판매·제공하는 매장,test,가구,T6 기계변형,00157e3c-6f50-4200-b30b-056a209c814a,장인가구창원제일점,가구,창원 팔용가구거리,자율상권구역,경상남도,,,
f584f90df0d29a4f2921,full_annotation_v1,A,q_가구_08,가구추천,생활·마트 중 '가구'를 판매·제공하는 매장,test,가구,T6 기계변형,89dc1e0e-6eb1-42c1-b9a7-4a76c12f9fb5,이레가구,가구,시흥행궁길골목형상점가,골목형상점가,서울특별시,,,
931134f2a0f509c6aa94,full_annotation_v1,A,q_가구_08,가구추천,생활·마트 중 '가구'를 판매·제공하는 매장,test,가구,T6 기계변형,747cddf9-b78f-4d08-acb9-1c8d70578cfb,가구숲,가구,신창동가구의거리일번국도상점가,자율상권구역,광주광역시,,,
0be2a503c5adb2b62019,full_annotation_v1,A,q_가구_08,가구추천,생활·마트 중 '가구'를 판매·제공하는 매장,test,가구,T6 기계변형,f4b406c7-8ffa-4ae5-9719-52be5407c901,조디악,가구,대구종합유통단지전자관사업협동조합,전통시장,대구광역시,,,
36ef46272f5e203134c5,full_annotation_v1,A,q_가구_09,가두,생활·마트 중 '가구'를 판매·제공하는 매장,test,가구,T6 기계변형,8d270d18-3a8a-418a-8ea6-eeef4deb63f3,무두,음식,보이저진월 골목형상점가,골목형상점가,광주광역시,,,
67fefb019cdda0610da5,full_annotation_v1,A,q_가구_09,가두,생활·마트 중 '가구'를 판매·제공하는 매장,test,가구,T6 기계변형,0f00a040-6605-47a7-b8a4-88c898974d8a,풍기인견블리스,,충경로 골목형상점가,골목형상점가,전북특별자치도,,,
ff15152b4802c9502839,full_annotation_v1,A,q_가구_09,가두,생활·마트 중 '가구'를 판매·제공하는 매장,test,가구,T6 기계변형,be674521-7e1b-4b30-8ef8-2ca902b64fbc,본만두,만두,예석 골목형상점가,골목형상점가,충청남도,,,
658900c44380db769b69,full_annotation_v1,A,q_가구_09,가두,생활·마트 중 '가구'를 판매·제공하는 매장,test,가구,T6 기계변형,9e0359dd-9273-45e4-81f8-1a13e80d9006,모모만두,만두,화서시장,전통시장,경기도,,,
fdb03a974c094e49f849,full_annotation_v1,A,q_가구_09,가두,생활·마트 중 '가구'를 판매·제공하는 매장,test,가구,T6 기계변형,da81c072-445f-4368-a9f9-c08f69f68dde,"우물머리 동태탕, 찜",한식,양수리전통시장(양평양수리시장),전통시장,경기도,,,
7c96d70ca2a7e7b81c97,full_annotation_v1,A,q_가구_09,가두,생활·마트 중 '가구'를 판매·제공하는 매장,test,가구,T6 기계변형,62880155-8692-4243-b788-8bddd3f0c635,초코이도,,충경로 골목형상점가,골목형상점가,전북특별자치도,,,
16cb5d1da2c5140473fc,full_annotation_v1,A,q_가구_09,가두,생활·마트 중 '가구'를 판매·제공하는 매장,test,가구,T6 기계변형,0682734b-5e2e-4e79-9bcc-9fee6192ebcc,나무뜰,소매업(인테리어소품),신안프라자전통시장,전통시장,경기도,,,
c876a27aed79a96463f6,full_annotation_v1,A,q_가구_09,가두,생활·마트 중 '가구'를 판매·제공하는 매장,test,가구,T6 기계변형,c72865af-0ec7-488f-9e4e-68cdb0da8f1d,대궐곰만두,,홀릭스,골목형상점가,,,,
b237485bd9d374e77f2e,full_annotation_v1,A,q_가구_09,가두,생활·마트 중 '가구'를 판매·제공하는 매장,test,가구,T6 기계변형,9c45ac41-323f-44cd-8901-7b4f9793b583,이석만두,만두,가수원상점가,자율상권구역,대전광역시,,,
c02532950d460f79ff56,full_annotation_v1,A,q_가구_09,가두,생활·마트 중 '가구'를 판매·제공하는 매장,test,가구,T6 기계변형,5db2393c-54a9-4e60-99dc-a3f9fe8303a7,한끼만두,만두,신도봉시장,전통시장,서울특별시,,,
7d9aaae8f7844f68ad68,full_annotation_v1,A,q_가구_09,가두,생활·마트 중 '가구'를 판매·제공하는 매장,test,가구,T6 기계변형,1b84e1db-600e-497f-8652-19effbb3962e,활어촌,생선,산본전통시장(구 군포산본시장),전통시장,경기도,,,
e9badd690d29da5ba92f,full_annotation_v1,A,q_가구_09,가두,생활·마트 중 '가구'를 판매·제공하는 매장,test,가구,T6 기계변형,00157e3c-6f50-4200-b30b-056a209c814a,장인가구창원제일점,가구,창원 팔용가구거리,자율상권구역,경상남도,,,
2d94778f432bbe5cce91,full_annotation_v1,A,q_가구_09,가두,생활·마트 중 '가구'를 판매·제공하는 매장,test,가구,T6 기계변형,1a3f8172-6cfa-48c1-934b-3724bd4cd50a,완두,의류,서문시장2지구 종합상가,전통시장,대구광역시,,,
373b7b04cc35e1e158c2,full_annotation_v1,A,q_가구_09,가두,생활·마트 중 '가구'를 판매·제공하는 매장,test,가구,T6 기계변형,35b9e8da-b8a6-4851-baf6-2de676c05300,덕보만두,만두,신산격종합시장 골목형상점가,골목형상점가,대구광역시,,,
adeabfeaa2afeb6088ea,full_annotation_v1,A,q_가구_09,가두,생활·마트 중 '가구'를 판매·제공하는 매장,test,가구,T6 기계변형,42cc207c-676a-4662-9781-e266eb11c91e,에이스가구,도매 및 소매업 가구 중고가구 붙박이장 식탁 소파,은구비서로사회적협동조합 골목형상점가,골목형상점가,대전광역시,,,
66ed85d67675d3db5b53,full_annotation_v1,A,q_가구_09,가두,생활·마트 중 '가구'를 판매·제공하는 매장,test,가구,T6 기계변형,361b5b21-f120-4a2e-9366-72ee03710a3b,힐스음악학원,학원,서희1차현대 골목형상점가,골목형상점가,광주광역시,,,
f1c0736d643adde14a7d,full_annotation_v1,A,q_가구_09,가두,생활·마트 중 '가구'를 판매·제공하는 매장,test,가구,T6 기계변형,d483c4a5-fe54-4b04-b3bf-9e6ad2ffdd04,핸두,만두,효천로 골목형상점가,골목형상점가,광주광역시,,,
f6f7e65b1e5c076e4640,full_annotation_v1,A,q_가구_09,가두,생활·마트 중 '가구'를 판매·제공하는 매장,test,가구,T6 기계변형,abcc7cbc-f5bd-4367-bc39-17dbc3212bda,진심만두,만두,대전정원시장,전통시장,대전광역시,,,
21d11f4843bd194d967d,full_annotation_v1,A,q_가구_09,가두,생활·마트 중 '가구'를 판매·제공하는 매장,test,가구,T6 기계변형,be49e1b6-1e5b-4946-8b6d-420dce859d0d,신대림,의류,부산진시장,전통시장,부산광역시,,,
0874d2d6267fcc71a9bd,full_annotation_v1,A,q_가구_09,가두,생활·마트 중 '가구'를 판매·제공하는 매장,test,가구,T6 기계변형,27143032-9701-4ed0-9147-41310d096a50,여인천하,과일,여수서시장주변시장,전통시장,전라남도,,,
a29265718fc5fa4f201b,full_annotation_v1,A,q_가구_09,가두,생활·마트 중 '가구'를 판매·제공하는 매장,test,가구,T6 기계변형,dcc1f420-b669-4261-828c-35465a5be1b0,서가두부이촌점,두부,이촌종합시장,전통시장,서울특별시,,,
47a84716332b10e3ff1e,full_annotation_v1,A,q_가구_09,가두,생활·마트 중 '가구'를 판매·제공하는 매장,test,가구,T6 기계변형,02f4782a-e87b-4c4c-a517-6eec40381342,장수돌침대,가구침대,포천리빙가구상점가,자율상권구역,경기도,,,
8e63c7b627d0fe51c60b,full_annotation_v1,A,q_가구_09,가두,생활·마트 중 '가구'를 판매·제공하는 매장,test,가구,T6 기계변형,063e0bdb-f37d-403a-8d87-439096dd4a51,공감인테리어,실내 인테리어벽지장판목공타일류 등 및 컨설팅,운남7단지먹자거리 골목형상점가,골목형상점가,광주광역시,,,
69f1c43b9e65eda5736c,full_annotation_v1,A,q_가구_09,가두,생활·마트 중 '가구'를 판매·제공하는 매장,test,가구,T6 기계변형,415808ce-735f-47c0-a5e1-739be2ae8aed,옵서예만두,만두,연산골목시장상점가,자율상권구역,부산광역시,,,
9b0e1c1b4bd5d19f00dc,full_annotation_v1,A,q_가구_09,가두,생활·마트 중 '가구'를 판매·제공하는 매장,test,가구,T6 기계변형,0d32b58f-0a8d-4159-b3cf-c4e1a3ec49dc,단청(장수돌침대의왕점),,안양1번가 상점가,자율상권구역,경기도,,,
ddcac63e297d493c8b32,full_annotation_v1,A,q_가구_09,가두,생활·마트 중 '가구'를 판매·제공하는 매장,test,가구,T6 기계변형,5f8db825-1b03-4f22-9c64-f86f9269fe0c,명가두부이야기,한식,그라운드고척골목형상점가,골목형상점가,서울특별시,,,
092505c16f5e4693553f,full_annotation_v1,A,q_가구_09,가두,생활·마트 중 '가구'를 판매·제공하는 매장,test,가구,T6 기계변형,0a0405e9-75a8-4da5-94de-52922afd653d,(주)드림,침대 가구,운정가구단지 상점가,자율상권구역,경기도,,,
0b05786a06fab12b38f5,full_annotation_v1,A,q_가구_09,가두,생활·마트 중 '가구'를 판매·제공하는 매장,test,가구,T6 기계변형,9cd8a7ee-725d-4998-8d92-fefecd58caab,조이,미용실,서희1차현대 골목형상점가,골목형상점가,광주광역시,,,
2cef2a9165c69735081a,full_annotation_v1,A,q_가구_09,가두,생활·마트 중 '가구'를 판매·제공하는 매장,test,가구,T6 기계변형,be81d247-2f6e-4668-9231-3123bfc315a7,임계만두,만두,동쪽바다중앙시장(구 동해중앙시장),전통시장,강원특별자치도,,,
ed60b6aeaf0d9ed3280e,full_annotation_v1,A,q_가구_09,가두,생활·마트 중 '가구'를 판매·제공하는 매장,test,가구,T6 기계변형,5756196e-7e81-4dff-8df1-f35da63960b4,남항닭집,치킨,남항시장,전통시장,부산광역시,,,
eb24609c97d07e059cc5,full_annotation_v1,A,q_가구_09,가두,생활·마트 중 '가구'를 판매·제공하는 매장,test,가구,T6 기계변형,2613f2dc-65bb-4746-b383-dfba0ce85bae,옥연만두,만두,청주사창시장,전통시장,충청북도,,,
d96878e328cb55b8ca33,full_annotation_v1,A,q_가구_09,가두,생활·마트 중 '가구'를 판매·제공하는 매장,test,가구,T6 기계변형,a83d1838-a2cf-4889-bb32-7a167874da58,킹스컵밥(KING'S CUPBAB),한식,순헌황귀비길 골목형상점가,골목형상점가,서울특별시,,,
06e2842e951446c283f1,full_annotation_v1,A,q_가구_09,가두,생활·마트 중 '가구'를 판매·제공하는 매장,test,가구,T6 기계변형,9f32988e-c732-4b7b-a9b0-9c03a8ead883,화정만두,만두,화삼골상인회 골목형상점가,골목형상점가,광주광역시,,,
1a4c96c4b6449fb5514f,full_annotation_v1,A,q_가구_09,가두,생활·마트 중 '가구'를 판매·제공하는 매장,test,가구,T6 기계변형,a7b36306-b9cd-4a7b-b0b3-044e82b90810,부흥만두,만두,천안중앙시장,전통시장,충청남도,,,
92713692d7184b2d1f0b,full_annotation_v1,A,q_가구_09,가두,생활·마트 중 '가구'를 판매·제공하는 매장,test,가구,T6 기계변형,dc92b2eb-5979-4c3b-8d97-a2778cd127d4,삼촌만두,만두,영월종합상가,전통시장,강원특별자치도,,,
d7af33773a9f4de3a8fc,full_annotation_v1,A,q_가구_09,가두,생활·마트 중 '가구'를 판매·제공하는 매장,test,가구,T6 기계변형,497e43be-0ab0-4eaf-aa00-25ba048d2508,맛나반찬,,박달시장,전통시장,경기도,,,
846824fcdc2195b46565,full_annotation_v1,A,q_가구_09,가두,생활·마트 중 '가구'를 판매·제공하는 매장,test,가구,T6 기계변형,41f7e55d-ee69-431a-b571-6156eed34b3e,감자만두,만두,두호1시장,전통시장,경상북도,,,
5093e16db7f23bfa7920,full_annotation_v1,A,q_가구_09,가두,생활·마트 중 '가구'를 판매·제공하는 매장,test,가구,T6 기계변형,003f093e-cafd-472d-a875-6931880b1a71,올리브데코,가구,제2경주중심상가시장(경주봉황중심상가시장),전통시장,경상북도,,,
36a3616d7c19dc1b86e9,full_annotation_v1,A,q_가구_09,가두,생활·마트 중 '가구'를 판매·제공하는 매장,test,가구,T6 기계변형,9954bf0c-4bb6-43e4-97a7-10ca7dcd8524,통큰만두,만두,퐁당거리 골목형상점가,골목형상점가,전라남도,,,
b727f2d736a1ffff2221,full_annotation_v1,A,q_가구_09,가두,생활·마트 중 '가구'를 판매·제공하는 매장,test,가구,T6 기계변형,00e34fb5-e7d3-43aa-b574-400ee31abae5,은혜만두,만두,북동 골목형상점가,골목형상점가,광주광역시,,,
05d6a1fb429a39b23803,full_annotation_v1,A,q_가구_09,가두,생활·마트 중 '가구'를 판매·제공하는 매장,test,가구,T6 기계변형,00819c3e-a0dc-4005-8c3b-25b804133ef6,에이스퍼니처,가구,동광주 골목형상점가,골목형상점가,광주광역시,,,
15fde3aeabc0be5c0762,full_annotation_v1,A,q_가구_09,가두,생활·마트 중 '가구'를 판매·제공하는 매장,test,가구,T6 기계변형,0b1020aa-4576-4fc3-9ee6-a6fe2a321e73,소낭구 평택점,식탁소파침대옷장 등 가구일체,청북가구단지상점가,골목형상점가,경기도,,,
338aa7f12145c53882f2,full_annotation_v1,A,q_가구_09,가두,생활·마트 중 '가구'를 판매·제공하는 매장,test,가구,T6 기계변형,d1075d91-769e-48d8-ace0-b0081423b8b5,모아만두,만두,청주사창시장,전통시장,충청북도,,,
55cd091a9728b78620bf,full_annotation_v1,A,q_가구_09,가두,생활·마트 중 '가구'를 판매·제공하는 매장,test,가구,T6 기계변형,0039f6c3-9cdd-48f5-ae33-279dbbcf879d,다이렉트소파몰 안산직영점,가구소매업,상록수가구거리상점가,골목형상점가,경기도,,,
7d9162fd0a39d2d4999a,full_annotation_v1,A,q_가구_09,가두,생활·마트 중 '가구'를 판매·제공하는 매장,test,가구,T6 기계변형,64e5c998-9146-41c6-8bd6-8750f32ad3ca,영선만두,만두,칠성본시장,전통시장,대구광역시,,,
5baef13a6968f58f4d9a,full_annotation_v1,A,q_가구_09,가두,생활·마트 중 '가구'를 판매·제공하는 매장,test,가구,T6 기계변형,06a2e1ce-3b99-4e0f-88de-bc4e31d9f439,짱만두,만두,행복상점가,자율상권구역,경상북도,,,
1c3228c80426fc721dde,full_annotation_v1,A,q_가구_09,가두,생활·마트 중 '가구'를 판매·제공하는 매장,test,가구,T6 기계변형,0021ea65-4c59-4aa0-8d1c-95fe7b6686d0,공간인테리어,경미한공사(인테리어),여의동 골목형상점가,골목형상점가,전북특별자치도,,,
24f6b1cc58a448ae23fd,full_annotation_v1,A,q_가구_09,가두,생활·마트 중 '가구'를 판매·제공하는 매장,test,가구,T6 기계변형,0394caa3-10fc-4b86-b7e2-c7b1ac09d649,새마을종합인테리어,"인테리어(벽지,장판등)",성남남한산성시장(구 은행골목시장),전통시장,경기도,,,
034cdb747ca30bc42a8e,full_annotation_v1,A,q_가구_09,가두,생활·마트 중 '가구'를 판매·제공하는 매장,test,가구,T6 기계변형,002db554-24ed-4307-adce-47f82d00e39e,에몬스가구섬유관점,가구,섬유제품관,전통시장,대구광역시,,,
7419b9607af9d37f5431,full_annotation_v1,A,q_가구_09,가두,생활·마트 중 '가구'를 판매·제공하는 매장,test,가구,T6 기계변형,6b3109bc-4b5a-4f7f-b143-d01c04fd8372,컴포즈커피 숙명여대점,카페,순헌황귀비길 골목형상점가,골목형상점가,서울특별시,,,
6326987b6b3d27d5ded6,full_annotation_v1,A,q_가구_09,가두,생활·마트 중 '가구'를 판매·제공하는 매장,test,가구,T6 기계변형,b4704186-5a1b-4ecf-b444-9fc86c8e5b74,신영남만두,만두,칠성본시장,전통시장,대구광역시,,,
7c0b9601960bbba8f849,full_annotation_v1,A,q_가구_09,가두,생활·마트 중 '가구'를 판매·제공하는 매장,test,가구,T6 기계변형,c635f3a4-6304-4497-93d4-033e872387ef,춘만두,한식,역삼동 골목형상점가,골목형상점가,서울특별시,,,
09a075ef6e0bf7db6c10,full_annotation_v1,A,q_가구_09,가두,생활·마트 중 '가구'를 판매·제공하는 매장,test,가구,T6 기계변형,6d644ef5-5ff0-473d-9167-546990431ebb,피자마루 금호점,피자,금호상인회 골목형상점가,골목형상점가,광주광역시,,,
145f7f6b157d1a7683b5,full_annotation_v1,A,q_가구_09,가두,생활·마트 중 '가구'를 판매·제공하는 매장,test,가구,T6 기계변형,5c42cddd-f909-49dc-a40c-c03edffbc73d,토담명가두부,두부,서초쇼핑골목형상점가,골목형상점가,서울특별시,,,
bdfc1b526fedfbe7dab0,full_annotation_v1,A,q_가구_09,가두,생활·마트 중 '가구'를 판매·제공하는 매장,test,가구,T6 기계변형,f489394a-a57d-48fc-bd75-cf310dc998f2,창민만두,만두,청구시장,전통시장,대구광역시,,,
6db64ad99bd1f8345290,full_annotation_v1,A,q_가구_09,가두,생활·마트 중 '가구'를 판매·제공하는 매장,test,가구,T6 기계변형,08d279de-df58-4bbf-98b5-b53c1d84cb4b,헤스티아디자인,"가구, 인테리어",마산 북마산가구시장,전통시장,경상남도,,,
5a39e259e5ba0b5f8c20,full_annotation_v1,A,q_가구_09,가두,생활·마트 중 '가구'를 판매·제공하는 매장,test,가구,T6 기계변형,1b0032f6-1cc3-4466-ba1f-2fc85261315c,복만두,만두,도마큰시장,전통시장,대전광역시,,,
f7983661a9b28fe4c0df,full_annotation_v1,A,q_가구_09,가두,생활·마트 중 '가구'를 판매·제공하는 매장,test,가구,T6 기계변형,5726305e-0723-4eff-84a4-e6c3f120e980,미성당납작만두,만두,지범골목먹거리타운 골목형상점가,골목형상점가,대구광역시,,,
41c5d65fdc46757f205b,full_annotation_v1,A,q_가구_09,가두,생활·마트 중 '가구'를 판매·제공하는 매장,test,가구,T6 기계변형,060ca668-6ba8-4dbc-af43-1b0f2b64cda6,오브제 퍼니처,침대소파식탁,김포 가구단지 골목형상점가,골목형상점가,경기도,,,
a032aecad849a6b38406,full_annotation_v1,A,q_가구_09,가두,생활·마트 중 '가구'를 판매·제공하는 매장,test,가구,T6 기계변형,48cc700f-acfd-4514-8948-7f9db8f88719,비타민원목가구,소파.침대.식탁,청북가구단지상점가,자율상권구역,경기도,,,
96c53fa2c213720b765a,full_annotation_v1,A,q_가구_09,가두,생활·마트 중 '가구'를 판매·제공하는 매장,test,가구,T6 기계변형,5f78d33a-aaaf-4e31-a8dc-abf3d2f56c0b,유진수산,수산물,나주목사고을시장,전통시장,,,,
63dd0d2040aa0a5b85e7,full_annotation_v1,A,q_가구_09,가두,생활·마트 중 '가구'를 판매·제공하는 매장,test,가구,T6 기계변형,94d2ec71-9ec2-4344-b354-83ed89e054d6,금용만두,만두,구포역세권상점가,자율상권구역,부산광역시,,,
11d3c629ccfe77647c19,full_annotation_v1,A,q_가구_09,가두,생활·마트 중 '가구'를 판매·제공하는 매장,test,가구,T6 기계변형,2c385c7e-5a8b-4f70-b4b4-ef1f215b04ae,생생통만두,만두,계양산전통시장,전통시장,인천광역시,,,
88c02f830de65cdd7874,full_annotation_v1,A,q_가구_09,가두,생활·마트 중 '가구'를 판매·제공하는 매장,test,가구,T6 기계변형,8d10d3b6-2dad-4572-8752-f523a8471dad,오빠만두,만두,양주옥정호수공원상점가,골목형상점가,경기도,,,
5abde23c12559bd13697,full_annotation_v1,A,q_가구_09,가두,생활·마트 중 '가구'를 판매·제공하는 매장,test,가구,T6 기계변형,45225395-481d-48d0-aea9-2f6620231636,우리웰빙만두,만두,대구교동시장,전통시장,대구광역시,,,
68b20137db6f23bc826a,full_annotation_v1,A,q_가구_09,가두,생활·마트 중 '가구'를 판매·제공하는 매장,test,가구,T6 기계변형,00029834-c340-4d89-b5a7-cee930fc3c31,콩심24시전주종가콩나물국밥,가구,불당1번가골목형상점가,골목형상점가,충청남도,,,
d1ad28fbdf9959ebe842,full_annotation_v1,A,q_가구_09,가두,생활·마트 중 '가구'를 판매·제공하는 매장,test,가구,T6 기계변형,b33b5d49-db48-41d4-a771-dc469686746f,대박집,"청과, 생선 등",한대앞역상점가,자율상권구역,경기도,,,
d658985f21dd671787e0,full_annotation_v1,A,q_가구_09,가두,생활·마트 중 '가구'를 판매·제공하는 매장,test,가구,T6 기계변형,8d9f259f-286e-45ac-89b6-5e5159692580,식도가두부이야기,두부,강남골목시장 골목형상점가,골목형상점가,서울특별시,,,
16c089d6f651a9ad366b,full_annotation_v1,A,q_가구_09,가두,생활·마트 중 '가구'를 판매·제공하는 매장,test,가구,T6 기계변형,ddcfc544-c4e0-4ff4-b823-d809eb54baab,가인왕손만두,만두,합덕전통시장,전통시장,충청남도,,,
18ae3dad312d81b3ff40,full_annotation_v1,A,q_가구_09,가두,생활·마트 중 '가구'를 판매·제공하는 매장,test,가구,T6 기계변형,b4d4d26b-866f-4ce2-b512-3c5d2cec2976,가죽갤러리,가방구두,안양아크로상가골목형상점가,골목형상점가,경기도,,,
c078292cda5c4bdc3640,full_annotation_v1,A,q_가구_09,가두,생활·마트 중 '가구'를 판매·제공하는 매장,test,가구,T6 기계변형,f12f1f14-4aff-4465-a716-65c90e4239a3,호연만두,만두,초량전통시장,전통시장,부산광역시,,,
32a1722d5910a1c9fa14,full_annotation_v1,A,q_가구_09,가두,생활·마트 중 '가구'를 판매·제공하는 매장,test,가구,T6 기계변형,4bfc7fdc-4fc1-47ef-a112-27a2797675f6,빨강구두,구두 및 가방 등,도산로 골목형상점가,골목형상점가,대전광역시,,,
20154d080bc413e2e7e8,full_annotation_v1,A,q_가구_09,가두,생활·마트 중 '가구'를 판매·제공하는 매장,test,가구,T6 기계변형,b68c105d-fd16-4a58-9349-89e8342795d9,화실만두,만두,원주자유시장,전통시장,강원특별자치도,,,
5462a074f9a89d0a43d8,full_annotation_v1,A,q_가구_09,가두,생활·마트 중 '가구'를 판매·제공하는 매장,test,가구,T6 기계변형,000f2b92-c3c3-4ff7-8507-d2b8b0804036,우아미 가구,가구 도소매,삼산가구전문거리,골목형상점가,울산광역시,,,
558fe999d610b1968f64,full_annotation_v1,A,q_가구_09,가두,생활·마트 중 '가구'를 판매·제공하는 매장,test,가구,T6 기계변형,13b5a816-bb53-4322-b8ee-8da5577e8262,올바른고깃간 금호점,식육,금호상인회 골목형상점가,골목형상점가,광주광역시,,,
d28d00ef4f83faec63d3,full_annotation_v1,A,q_가구_09,가두,생활·마트 중 '가구'를 판매·제공하는 매장,test,가구,T6 기계변형,40af7b91-7f04-4b4d-8809-08e1c5813c51,가현가구,장농침대소파식탁,하남대로가구의거리상인회 골목형상점가,골목형상점가,광주광역시,,,
00ae65134e271020ec92,full_annotation_v1,A,q_가방_01,가방,패션·잡화 중 '가방'을 판매·제공하는 매장,train,가방,T1 정확표기,aafab46c-92a0-456a-aa9d-76544c6c3745,서울가방,가방,영주소백쇼핑몰,전통시장,경상북도,,,
d89c331bdec7d575098d,full_annotation_v1,A,q_가방_01,가방,패션·잡화 중 '가방'을 판매·제공하는 매장,train,가방,T1 정확표기,003d5df8-0856-45e0-a11e-5098cf70541e,앨리스리본&공방,"공방, 잡화",봉화내성시장,전통시장,경상북도,,,
152fd53e9cd492f9f893,full_annotation_v1,A,q_가방_01,가방,패션·잡화 중 '가방'을 판매·제공하는 매장,train,가방,T1 정확표기,8965c135-432e-4b55-93f9-f40afa595e03,뚝딱가죽공방,가방폰케이스벨트지갑카드지갑필통성경커버키고리파우치머리핀팔찌등등,오치 쌍굴 골목형상점가,골목형상점가,광주광역시,,,
3f4db67838a51c7c5954,full_annotation_v1,A,q_가방_01,가방,패션·잡화 중 '가방'을 판매·제공하는 매장,train,가방,T1 정확표기,2551a516-c621-4b87-bbcb-ed051f6f72d8,지구별여행,여행,효천로 골목형상점가,골목형상점가,광주광역시,,,
481137a5e77f1ef2d6c6,full_annotation_v1,A,q_가방_01,가방,패션·잡화 중 '가방'을 판매·제공하는 매장,train,가방,T1 정확표기,a209f192-fc70-4f11-ab01-85895f478dc5,우주표가방,가방,수유시장,전통시장,서울특별시,,,
fb02c5d24e0328d9d304,full_annotation_v1,A,q_가방_01,가방,패션·잡화 중 '가방'을 판매·제공하는 매장,train,가방,T1 정확표기,9b46dbb0-ccc4-499d-8d13-c0733571bf14,장수가방,가방,영주소백쇼핑몰,전통시장,경상북도,,,
554e86430eff49755cc6,full_annotation_v1,A,q_가방_01,가방,패션·잡화 중 '가방'을 판매·제공하는 매장,train,가방,T1 정확표기,8f1d519b-0805-4204-bb67-63fa0ed0b580,코디,가방,태평시장,전통시장,대전광역시,,,
9fc72c529f93b5d10535,full_annotation_v1,A,q_가방_01,가방,패션·잡화 중 '가방'을 판매·제공하는 매장,train,가방,T1 정확표기,0274a049-93a0-4b84-8369-f1ffc368b5ab,모아,가방,자유상가,전통시장,서울특별시,,,
e61a767406f052f50234,full_annotation_v1,A,q_가방_01,가방,패션·잡화 중 '가방'을 판매·제공하는 매장,train,가방,T1 정확표기,acfe16c7-d768-4088-be4f-f0cbf077b23f,보물창고,가방,주안시민지하도상점가,일반지하상점가,인천광역시,,,
f59e89cc7bc355951a11,full_annotation_v1,A,q_가방_01,가방,패션·잡화 중 '가방'을 판매·제공하는 매장,train,가방,T1 정확표기,1d9bce2c-57d4-4afa-9d12-4d3b3295cb42,루시,가방,영등포역지하도상점가,일반지하상점가,서울특별시,,,
a15913c49b1d0c8bddad,full_annotation_v1,A,q_가방_01,가방,패션·잡화 중 '가방'을 판매·제공하는 매장,train,가방,T1 정확표기,fc611252-e034-4429-b8c1-1a6e7b16dadb,동아상사,가방,양동시장,전통시장,광주광역시,,,
b64fd04aee8b272966b0,full_annotation_v1,A,q_가방_01,가방,패션·잡화 중 '가방'을 판매·제공하는 매장,train,가방,T1 정확표기,a44d10e0-4e0b-4ce0-8723-bddba03e501b,크로바가방,가방,부산역지하도상가,일반지하상점가,부산광역시,,,
73a801188adf3e2db029,full_annotation_v1,A,q_가방_01,가방,패션·잡화 중 '가방'을 판매·제공하는 매장,train,가방,T1 정확표기,4b536067-397f-4308-978a-8d71b44fa4eb,샛별약국,의약품,흑석동 골목형상점가,골목형상점가,광주광역시,,,
2a5b1ec1a7723668eceb,full_annotation_v1,A,q_가방_01,가방,패션·잡화 중 '가방'을 판매·제공하는 매장,train,가방,T1 정확표기,8132feaf-2561-4c1c-ba95-25bfa52a0b06,가방천국,가방,수원영동시장,전통시장,경기도,,,
e6ff8268b5a133572370,full_annotation_v1,A,q_가방_01,가방,패션·잡화 중 '가방'을 판매·제공하는 매장,train,가방,T1 정확표기,81fd4c01-bd94-4b7c-b477-cf41edda266f,도로시,가방,젊음의거리 상점가,자율상권구역,울산광역시,,,
b95081a3380648ea736c,full_annotation_v1,A,q_가방_01,가방,패션·잡화 중 '가방'을 판매·제공하는 매장,train,가방,T1 정확표기,09ac7cf1-86a5-4f4d-80d7-72710de26799,꽃동네,생화,태화시장,전통시장,울산광역시,,,
0b1bb4bd616d115ad5ec,full_annotation_v1,A,q_가방_01,가방,패션·잡화 중 '가방'을 판매·제공하는 매장,train,가방,T1 정확표기,966d4764-3616-4c00-ac7f-10620129716d,서울가방,가방,서문시장아진상가,전통시장,대구광역시,,,
93d8e64cdbd62b8a6701,full_annotation_v1,A,q_가방_01,가방,패션·잡화 중 '가방'을 판매·제공하는 매장,train,가방,T1 정확표기,4259c314-2655-45c5-9564-a9fdcbf07723,오성상회,가방,경주성동공설시장,전통시장,경상북도,,,
230509a495cd39f3bc27,full_annotation_v1,A,q_가방_01,가방,패션·잡화 중 '가방'을 판매·제공하는 매장,train,가방,T1 정확표기,b937f417-8046-4c5a-b245-4b4f97e7be58,에레또,가방,신포지하상가,일반지하상점가,인천광역시,,,
dbd154d6507df07a5d18,full_annotation_v1,A,q_가방_01,가방,패션·잡화 중 '가방'을 판매·제공하는 매장,train,가방,T1 정확표기,f9c22ab5-73ba-4a44-a3bb-9c80e71dcfe8,베키수,가방,숭례문수입상가,전통시장,서울특별시,,,
68a37dd363bc32daa780,full_annotation_v1,A,q_가방_01,가방,패션·잡화 중 '가방'을 판매·제공하는 매장,train,가방,T1 정확표기,f915f4a6-fc4f-436d-830c-5c3eca8421f3,조아가방,가방,양동복개상가,전통시장,광주광역시,,,
226a73e93bbd6e59cf37,full_annotation_v1,A,q_가방_01,가방,패션·잡화 중 '가방'을 판매·제공하는 매장,train,가방,T1 정확표기,0f7918ff-e583-48d6-80a5-a420951e565a,샤론,가방,서문시장2지구 종합상가,전통시장,대구광역시,,,
3b73de815d0c294a76eb,full_annotation_v1,A,q_가방_01,가방,패션·잡화 중 '가방'을 판매·제공하는 매장,train,가방,T1 정확표기,8d8cb0b3-f2e1-4aa2-b221-f3fb32237110,중앙가방,가방,중앙시장,전통시장,인천광역시,,,
a38d74ba3a7300380f61,full_annotation_v1,A,q_가방_01,가방,패션·잡화 중 '가방'을 판매·제공하는 매장,train,가방,T1 정확표기,19156553-c6a7-4d77-9582-c19921b78897,덕궁,가방,고투몰(강남터미널지하도상점가),일반지하상점가,서울특별시,,,
11a4026c01017b8cf3cb,full_annotation_v1,A,q_가방_01,가방,패션·잡화 중 '가방'을 판매·제공하는 매장,train,가방,T1 정확표기,443eb534-737b-471f-bd10-1c2ef8de79c2,하트,가방,자유상가,전통시장,서울특별시,,,
cdd2dff72745486ce433,full_annotation_v1,A,q_가방_01,가방,패션·잡화 중 '가방'을 판매·제공하는 매장,train,가방,T1 정확표기,411491f3-0008-4961-911f-e6954a275f5a,라인,가방,고투몰(강남터미널지하도상점가),일반지하상점가,서울특별시,,,
5cee27fab707471edc9b,full_annotation_v1,A,q_가방_01,가방,패션·잡화 중 '가방'을 판매·제공하는 매장,train,가방,T1 정확표기,30343150-5e7b-47c8-8bc7-a05794432b8c,미도가방,가방,부산국제시장,전통시장,부산광역시,,,
d6a88688b22fdf6da0f5,full_annotation_v1,A,q_가방_01,가방,패션·잡화 중 '가방'을 판매·제공하는 매장,train,가방,T1 정확표기,818e1e94-5d46-4199-9418-abea7908b995,중앙가방,가방,영등포전통시장,자율상권구역,서울특별시,,,
5475e482851b32908409,full_annotation_v1,A,q_가방_01,가방,패션·잡화 중 '가방'을 판매·제공하는 매장,train,가방,T1 정확표기,094a3bb1-34d3-4661-8d23-ebb3df414474,비솝,가방,남평화시장,전통시장,서울특별시,,,
1a27ed511a9b5b5c8946,full_annotation_v1,A,q_가방_01,가방,패션·잡화 중 '가방'을 판매·제공하는 매장,train,가방,T1 정확표기,3f3f5bc5-b886-43de-8e7b-fadafab276b2,사계절,가방,주안시민지하도상점가,일반지하상점가,인천광역시,,,
a9fdb9a3fdb6c5955a04,full_annotation_v1,A,q_가방_01,가방,패션·잡화 중 '가방'을 판매·제공하는 매장,train,가방,T1 정확표기,0054b824-eb72-4efa-a1ba-40d467c899a5,수정상회,잡화,중앙전통시장,전통시장,울산광역시,,,
72da85a7ab0521d24561,full_annotation_v1,A,q_가방_01,가방,패션·잡화 중 '가방'을 판매·제공하는 매장,train,가방,T1 정확표기,19e46f5a-8e72-45e4-9f48-3a8f5dc7a53e,세일타운,가방,의정부제일시장,전통시장,경기도,,,
2b59bd72d93a74346ea6,full_annotation_v1,A,q_가방_01,가방,패션·잡화 중 '가방'을 판매·제공하는 매장,train,가방,T1 정확표기,ae289aec-6d3d-40dc-8afe-46727d755d9d,진양가방,가방,부산자유시장,전통시장,부산광역시,,,
e606abc3126fcdb248ff,full_annotation_v1,A,q_가방_01,가방,패션·잡화 중 '가방'을 판매·제공하는 매장,train,가방,T1 정확표기,a0a2b89e-b6dc-4841-8215-f7726ff11984,중앙가방,가방,강릉성남시장,전통시장,강원특별자치도,,,
30d608fd8fd6bd15e9f5,full_annotation_v1,A,q_가방_01,가방,패션·잡화 중 '가방'을 판매·제공하는 매장,train,가방,T1 정확표기,183ab1fd-73ab-453c-88ea-0b2779065d60,트리플 좋은 항공여행사,여행사,물베기 골목형상점가,골목형상점가,대구광역시,,,
4897d25f05ce4907cc6e,full_annotation_v1,A,q_가방_01,가방,패션·잡화 중 '가방'을 판매·제공하는 매장,train,가방,T1 정확표기,b80fa171-6be0-4613-8514-0c0a8f65ac44,가방나라,가방,안성 전통 옛장터길 골목형상점가,골목형상점가,경기도,,,
e2e4c39f2f69d370a9bc,full_annotation_v1,A,q_가방_01,가방,패션·잡화 중 '가방'을 판매·제공하는 매장,train,가방,T1 정확표기,ff960147-dcf9-4084-91e1-b2c721e37451,새유신가방,가방,서문시장(명품프라자상가),전통시장,대구광역시,,,
858269c79f09fc192598,full_annotation_v1,A,q_가방_01,가방,패션·잡화 중 '가방'을 판매·제공하는 매장,train,가방,T1 정확표기,39f4c46e-380c-45b4-bb48-96624dacb5b6,보물찾기,가방,동래시장,전통시장,부산광역시,,,
c0f09ba2791f72132d73,full_annotation_v1,A,q_가방_01,가방,패션·잡화 중 '가방'을 판매·제공하는 매장,train,가방,T1 정확표기,e72fdc2c-9454-458b-a8cd-99d758933d23,영진가방,가방,부산자유시장,전통시장,부산광역시,,,
db1ad4a6cc62697c84b6,full_annotation_v1,A,q_가방_01,가방,패션·잡화 중 '가방'을 판매·제공하는 매장,train,가방,T1 정확표기,a9fca939-0914-44ad-9b0f-f17a831c5dd3,다모아,가방,메트로센터(반월당지하쇼핑),일반지하상점가,대구광역시,,,
14542a9abac872b01ffd,full_annotation_v1,A,q_가방_01,가방,패션·잡화 중 '가방'을 판매·제공하는 매장,train,가방,T1 정확표기,98bcaf66-bc27-4563-a608-1d331426f82f,촘촘,가방,원주미로예술중앙시장(원주중앙시장),전통시장,강원특별자치도,,,
498a3d6c9fa1c8eb42bf,full_annotation_v1,A,q_가방_01,가방,패션·잡화 중 '가방'을 판매·제공하는 매장,train,가방,T1 정확표기,3b1e94d5-8797-4511-b759-db548544372c,종로가방,가방,양동복개상가,전통시장,광주광역시,,,
eaaae0f33db47f88ac65,full_annotation_v1,A,q_가방_01,가방,패션·잡화 중 '가방'을 판매·제공하는 매장,train,가방,T1 정확표기,90167fbc-55f1-43ea-93d9-ce1810bbfad8,쿠드,가방,㈜르네시떼,전통시장,부산광역시,,,
b28bcf1be448f2fc0966,full_annotation_v1,A,q_가방_01,가방,패션·잡화 중 '가방'을 판매·제공하는 매장,train,가방,T1 정확표기,c5eee6d7-c020-4e15-ab45-03c436b8f6a9,준가방,가방,송탄시장(송북시장),전통시장,경기도,,,
da03164b7387ae59f1d2,full_annotation_v1,A,q_가방_01,가방,패션·잡화 중 '가방'을 판매·제공하는 매장,train,가방,T1 정확표기,a84c906c-07f8-43d9-bcbe-2aaed6867aa6,송이쌈지,가방,남양주장현전통시장,전통시장,경기도,,,
9bb1b2f5103e8f75c52e,full_annotation_v1,A,q_가방_01,가방,패션·잡화 중 '가방'을 판매·제공하는 매장,train,가방,T1 정확표기,63e4a9cd-cdcf-4f23-82c9-7352af1c739a,가방마트,가방,나주금빛상점가,자율상권구역,전라남도,,,
69b9face86d86d86d64a,full_annotation_v1,A,q_가방_01,가방,패션·잡화 중 '가방'을 판매·제공하는 매장,train,가방,T1 정확표기,027d8abc-2cc4-4b7b-9c90-7fb3240061de,골목여행사,여행,충주관아골상가,전통시장,충청북도,,,
2bc59c6da2af8ff07a78,full_annotation_v1,A,q_가방_01,가방,패션·잡화 중 '가방'을 판매·제공하는 매장,train,가방,T1 정확표기,45eae077-cfa4-4629-8281-80baca3b78ea,카페홀,카페음료 및 파스타 돈까스,정읍중앙로상점가,자율상권구역,전북특별자치도,,,
8cf0dec57ae32a8c1069,full_annotation_v1,A,q_가방_01,가방,패션·잡화 중 '가방'을 판매·제공하는 매장,train,가방,T1 정확표기,5bcdbd37-4401-4620-9694-8b00009a58eb,대영가방,가방,수원영동시장,전통시장,경기도,,,
306f6c1e952f0f374cc8,full_annotation_v1,A,q_가방_01,가방,패션·잡화 중 '가방'을 판매·제공하는 매장,train,가방,T1 정확표기,9a597614-b985-4da5-88cd-dc760271cb8f,우주표가방,가방,수원역전시장,전통시장,경기도,,,
f2d006c4de30a5afa962,full_annotation_v1,A,q_가방_01,가방,패션·잡화 중 '가방'을 판매·제공하는 매장,train,가방,T1 정확표기,384b4035-3a18-44a5-b2ba-22816a54d25d,가방,가방,덕풍전통시장,전통시장,경기도,,,
758d3ef7679b02dd8e1b,full_annotation_v1,A,q_가방_01,가방,패션·잡화 중 '가방'을 판매·제공하는 매장,train,가방,T1 정확표기,22ca25f3-e6fe-4dbd-8936-125430e48611,어깨랑,가방,필그린쇼핑센타,골목형상점가,울산광역시,,,
4130ee5007e77e98d79a,full_annotation_v1,A,q_가방_01,가방,패션·잡화 중 '가방'을 판매·제공하는 매장,train,가방,T1 정확표기,998f845a-7ddd-429a-8068-0f55bf95fe55,현가방,가방,전주모래내시장,전통시장,전북특별자치도,,,
ba74510076a07210aadd,full_annotation_v1,A,q_가방_01,가방,패션·잡화 중 '가방'을 판매·제공하는 매장,train,가방,T1 정확표기,15620090-b304-45bf-bd49-99371224ae5e,중앙가방,가방,전주남부시장,전통시장,전북특별자치도,,,
04aab9d7fa33f4c8ff2d,full_annotation_v1,A,q_가방_01,가방,패션·잡화 중 '가방'을 판매·제공하는 매장,train,가방,T1 정확표기,bce76074-c668-4b3e-b806-29209ac1a1c8,킹가방,가방,계산시장,전통시장,인천광역시,,,
faef4f5ec336dafeabcc,full_annotation_v1,A,q_가방_01,가방,패션·잡화 중 '가방'을 판매·제공하는 매장,train,가방,T1 정확표기,51960d49-0d1b-43ab-8adb-8da6b0d2ac04,가방나라,가방,군산 원도심 골목형상점가,골목형상점가,전북특별자치도,,,
256b5d465470f162a1df,full_annotation_v1,A,q_가방_01,가방,패션·잡화 중 '가방'을 판매·제공하는 매장,train,가방,T1 정확표기,3bd6c226-4b1b-4862-b063-fbc096e80649,신데렐라,"손수건, 지갑 등",인현지하도상가,일반지하상점가,인천광역시,,,
c9ff2b330817218c2f15,full_annotation_v1,A,q_가방_01,가방,패션·잡화 중 '가방'을 판매·제공하는 매장,train,가방,T1 정확표기,be3a91f1-d0b0-497a-841d-bf5c06eaa4ac,에이스,가방,서문시장아진상가,전통시장,대구광역시,,,
dd395ddde405ba9b9b6d,full_annotation_v1,A,q_가방_01,가방,패션·잡화 중 '가방'을 판매·제공하는 매장,train,가방,T1 정확표기,4e34af39-0373-4c92-a407-1d0c5886e284,쁠리쁠리,가방,소공 지하쇼핑센터,일반지하상점가,서울특별시,,,
15e9d404776d1b56dba7,full_annotation_v1,A,q_가방_01,가방,패션·잡화 중 '가방'을 판매·제공하는 매장,train,가방,T1 정확표기,e516ee18-b118-4f29-85ef-d42a74606d98,베가콜렉션,가방,부산평화시장,전통시장,부산광역시,,,
53f3345e4f53d93530ac,full_annotation_v1,A,q_가방_01,가방,패션·잡화 중 '가방'을 판매·제공하는 매장,train,가방,T1 정확표기,3d41a704-ebeb-41f8-9c58-0f9390f9d9d8,보부상,가방,망리단길골목형상점가,골목형상점가,서울특별시,,,
69f585f34941ce8587bf,full_annotation_v1,A,q_가방_01,가방,패션·잡화 중 '가방'을 판매·제공하는 매장,train,가방,T1 정확표기,0665214d-9d55-4631-9a42-467b723c4ca6,동진한약국,한약,서방골 골목형상점가,골목형상점가,광주광역시,,,
c82a81bbe7420f0559cd,full_annotation_v1,A,q_가방_01,가방,패션·잡화 중 '가방'을 판매·제공하는 매장,train,가방,T1 정확표기,fcc074db-075b-4f63-99ed-581f75c6058e,유명가방,가방,원주미로예술중앙시장(원주중앙시장),전통시장,강원특별자치도,,,
80938c6b0bcf62a37dca,full_annotation_v1,A,q_가방_01,가방,패션·잡화 중 '가방'을 판매·제공하는 매장,train,가방,T1 정확표기,77033735-47b7-4cff-a991-8d6ca93daeda,북두칠성,가방,영등포역지하도상점가,일반지하상점가,서울특별시,,,
2cd2acbc208d5395a047,full_annotation_v1,A,q_가방_01,가방,패션·잡화 중 '가방'을 판매·제공하는 매장,train,가방,T1 정확표기,001bacc9-5a95-4049-babd-6691512d8da0,백두사,잡화,장량성도시장,전통시장,경상북도,,,
76a16fda35c4fe66846f,full_annotation_v1,A,q_가방_01,가방,패션·잡화 중 '가방'을 판매·제공하는 매장,train,가방,T1 정확표기,7adbe693-79a8-42ae-847d-e0e1d93fb781,우진상회,가방,춘천중앙시장,전통시장,강원특별자치도,,,
1fe3be615816fbc7943a,full_annotation_v1,A,q_가방_01,가방,패션·잡화 중 '가방'을 판매·제공하는 매장,train,가방,T1 정확표기,c0bd32bd-e56d-457d-a2f6-c2eb27108956,에이스,가방,아트프라자,자율상권구역,서울특별시,,,
d465e25841df608cc6e8,full_annotation_v1,A,q_가방_01,가방,패션·잡화 중 '가방'을 판매·제공하는 매장,train,가방,T1 정확표기,348238c2-f6f6-4b44-801d-e51ea627dcba,아카디아,도매(지갑),남평화시장,전통시장,서울특별시,,,
9a9f7313464a6e22041c,full_annotation_v1,A,q_가방_01,가방,패션·잡화 중 '가방'을 판매·제공하는 매장,train,가방,T1 정확표기,8db56380-0c86-4acf-956e-63779d255411,88정과,과일,부사시장,전통시장,대전광역시,,,
dfc27a23047c1a349203,full_annotation_v1,A,q_가방_01,가방,패션·잡화 중 '가방'을 판매·제공하는 매장,train,가방,T1 정확표기,3cb0af4d-9fd4-44dd-becb-add40c3eb3f6,미라클,가방,부평깡통시장(구 부산부평시장),전통시장,부산광역시,,,
e1b94fc5cc8c17e69880,full_annotation_v1,A,q_가방_01,가방,패션·잡화 중 '가방'을 판매·제공하는 매장,train,가방,T1 정확표기,cc1ff9ed-d736-4788-8c31-f276055ca7cf,토마토,가방,남평화시장,전통시장,서울특별시,,,
c624cf67682aa1d9c3b1,full_annotation_v1,A,q_가방_01,가방,패션·잡화 중 '가방'을 판매·제공하는 매장,train,가방,T1 정확표기,c8c3860c-e7b9-4dc4-896f-efd2dcc5ab93,코코,가방,소공 지하쇼핑센터,일반지하상점가,서울특별시,,,
8390130a3328527fe692,full_annotation_v1,A,q_가방_01,가방,패션·잡화 중 '가방'을 판매·제공하는 매장,train,가방,T1 정확표기,21c32140-59d4-4d00-9876-cd76f252f895,동해가방,가방,동쪽바다중앙시장(구 동해중앙시장),전통시장,강원특별자치도,,,
36adb027da682532066b,full_annotation_v1,A,q_가방_01,가방,패션·잡화 중 '가방'을 판매·제공하는 매장,train,가방,T1 정확표기,a4812e80-c004-4418-a322-e109a045520c,서울가방,가방,마산 창동통합상가,자율상권구역,경상남도,,,
c3688b0854ba0171d531,full_annotation_v1,A,q_가방_01,가방,패션·잡화 중 '가방'을 판매·제공하는 매장,train,가방,T1 정확표기,86c94dd4-84c4-43ad-bfbb-7c4580af84e3,해피,가방,두류1번가,일반지하상점가,대구광역시,,,
87bcc3f47f49ebccbf6a,full_annotation_v1,A,q_가방_01,가방,패션·잡화 중 '가방'을 판매·제공하는 매장,train,가방,T1 정확표기,0176d678-e45f-4763-b752-f79b2ca9f34e,종로물산,"지갑, 케이스",동대문문구완구거리,자율상권구역,서울특별시,,,
206cd0f1f87cca415a85,full_annotation_v1,A,q_가방_01,가방,패션·잡화 중 '가방'을 판매·제공하는 매장,train,가방,T1 정확표기,93c02e22-10f6-4266-9281-bc7c987a044b,국제가방,가방,수영팔도시장(구 수영팔도상가시장),전통시장,부산광역시,,,
9b0f331aea40d4bd6d9f,full_annotation_v1,A,q_가방_01,가방,패션·잡화 중 '가방'을 판매·제공하는 매장,train,가방,T1 정확표기,7d99d8b9-70c2-4fb9-9045-a6e55bb33a3e,양양가방,가방,양양전통시장,전통시장,강원특별자치도,,,
16dbb7a03b5cfc3a3e00,full_annotation_v1,A,q_가방_01,가방,패션·잡화 중 '가방'을 판매·제공하는 매장,train,가방,T1 정확표기,c6c04b17-7b9f-492d-b5d7-38215a4b29c5,파리가방,가방,만물의거리시장,전통시장,부산광역시,,,
30104c4e0f4f321730e1,full_annotation_v1,A,q_가방_01,가방,패션·잡화 중 '가방'을 판매·제공하는 매장,train,가방,T1 정확표기,02196756-54cf-4d93-b198-f1c019f344af,대경상사,가방,자유상가,전통시장,서울특별시,,,
c44e3672a3a810747573,full_annotation_v1,A,q_가방_01,가방,패션·잡화 중 '가방'을 판매·제공하는 매장,train,가방,T1 정확표기,3b69e809-5a31-46da-b3c3-5656c6fde4bf,하동가방,가방,하동공설시장,전통시장,경상남도,,,
b502b986a73f4a4bfa70,full_annotation_v1,A,q_가방_01,가방,패션·잡화 중 '가방'을 판매·제공하는 매장,train,가방,T1 정확표기,0ef6a688-59b2-4e29-a1ad-883a627696a1,성원가방,가방,부산국제시장,전통시장,부산광역시,,,
b7fb3999a518d54eea71,full_annotation_v1,A,q_가방_01,가방,패션·잡화 중 '가방'을 판매·제공하는 매장,train,가방,T1 정확표기,028a1e16-4ae6-4cb3-9065-3acdb329af74,테라,"의류, 잡화(가방)",남천동로108번길 골목형상점가,골목형상점가,부산광역시,,,
ed9d2b7c53b2e4d08e70,full_annotation_v1,A,q_가방_01,가방,패션·잡화 중 '가방'을 판매·제공하는 매장,train,가방,T1 정확표기,38aeed2b-a328-4dde-8900-81a2ab764e24,신세계가방,가방,서산동부전통시장,전통시장,충청남도,,,
b9c8e4f4576018c19870,full_annotation_v1,A,q_가방_01,가방,패션·잡화 중 '가방'을 판매·제공하는 매장,train,가방,T1 정확표기,a46e2b23-4fbe-4a56-9229-b98e6819c4d9,동경가방,가방,중앙전통시장,전통시장,울산광역시,,,
dbc1387aee498f660a23,full_annotation_v1,A,q_가방_01,가방,패션·잡화 중 '가방'을 판매·제공하는 매장,train,가방,T1 정확표기,00b35d47-3ee0-4ce4-9415-a745b8ced8e0,쌈지,신발 가방,진주 중앙상점가,자율상권구역,경상남도,,,
2ec14026d4a0092ee7f7,full_annotation_v1,A,q_가방_01,가방,패션·잡화 중 '가방'을 판매·제공하는 매장,train,가방,T1 정확표기,3cf56772-3d66-40b4-9a1b-82eb0edecd7f,밀라노,가방,영등포로타리지하도상점가,일반지하상점가,서울특별시,,,
3b1dad41280cd7d222f3,full_annotation_v1,A,q_가방_01,가방,패션·잡화 중 '가방'을 판매·제공하는 매장,train,가방,T1 정확표기,af06119b-0192-4aae-8a43-22f97559a848,CSA (씨에스에이) 자동차인테리어학원,교육서비스,광주역앞교통광장 골목형상점가,골목형상점가,광주광역시,,,
8d89cb14885a7b328e0e,full_annotation_v1,A,q_가방_01,가방,패션·잡화 중 '가방'을 판매·제공하는 매장,train,가방,T1 정확표기,0f7ade50-15cc-4603-9952-37eb20e16464,보석가방,가방,군산공설시장,전통시장,전북특별자치도,,,
83b756237f9c2c8edadf,full_annotation_v1,A,q_가방_01,가방,패션·잡화 중 '가방'을 판매·제공하는 매장,train,가방,T1 정확표기,da85258d-6e96-4d98-98f1-2f5c90e1c3ef,가파치익산대리점,가방,익산중앙상점가,골목형상점가,전북특별자치도,,,
09488d275c99086e0b5b,full_annotation_v1,A,q_가방_01,가방,패션·잡화 중 '가방'을 판매·제공하는 매장,train,가방,T1 정확표기,00819c8a-dbaa-4ab0-8771-985453a7f35a,빨강여우,가방,부산자유시장,전통시장,부산광역시,,,
3e27a391946a5436d9c3,full_annotation_v1,A,q_가방_01,가방,패션·잡화 중 '가방'을 판매·제공하는 매장,train,가방,T1 정확표기,54206862-89b1-4306-bc4e-32ae49bb735c,서길사,지갑 벨트 장갑,평화시장,전통시장,서울특별시,,,
74bf6a3f1bb3a2360ea9,full_annotation_v1,A,q_가방_01,가방,패션·잡화 중 '가방'을 판매·제공하는 매장,train,가방,T1 정확표기,aeb622a3-02b0-4a2b-9037-975abd0bcadf,대박가방,가방,전주중앙상가시장,전통시장,전북특별자치도,,,
60627137346f2fb45a14,full_annotation_v1,A,q_가방_01,가방,패션·잡화 중 '가방'을 판매·제공하는 매장,train,가방,T1 정확표기,d989aef9-c6e2-4ecd-b744-bfb16cca8978,노아바버샵,이발서비스,전주동문상점가,자율상권구역,전북특별자치도,,,
a34ee865a1452cb67fa1,full_annotation_v1,A,q_가방_01,가방,패션·잡화 중 '가방'을 판매·제공하는 매장,train,가방,T1 정확표기,37afc789-1c9b-4eed-868d-98e4f4af8af2,잼마,가방,반구시장,전통시장,울산광역시,,,
ee4765e96806c83628fc,full_annotation_v1,A,q_가방_01,가방,패션·잡화 중 '가방'을 판매·제공하는 매장,train,가방,T1 정확표기,3d5a24da-bf97-48a4-9314-144d35a35845,보배가방,가방,신장전통시장,전통시장,경기도,,,
dea86a68ef60135a6586,full_annotation_v1,A,q_가방_01,가방,패션·잡화 중 '가방'을 판매·제공하는 매장,train,가방,T1 정확표기,f2337a5d-3ffb-4572-89d3-5b60cdd6c2a1,중앙상회,가방,강화중앙시장(A·B동),전통시장,인천광역시,,,
2a60de2d9fa394c3efbf,full_annotation_v1,A,q_가방_01,가방,패션·잡화 중 '가방'을 판매·제공하는 매장,train,가방,T1 정확표기,f08801f1-ffe1-4352-bd1c-dc13cd26d114,한성그릇백화점,주방용품,남구로시장,전통시장,서울특별시,,,
156c3ffb7ae29b58953f,full_annotation_v1,A,q_가방_01,가방,패션·잡화 중 '가방'을 판매·제공하는 매장,train,가방,T1 정확표기,d04387c3-3192-4652-b2e2-bbf6dd662c64,명동가방,가방,성남중앙지하시장,일반지하상점가,경기도,,,
7929b6f2f805aafc2078,full_annotation_v1,A,q_가방_01,가방,패션·잡화 중 '가방'을 판매·제공하는 매장,train,가방,T1 정확표기,c718820d-336f-42e9-8518-eaa6a2f8a1cf,무성종합쇼핑,가방,강릉서부시장,전통시장,강원특별자치도,,,
e557b79cb114ff567be1,full_annotation_v1,A,q_가방_01,가방,패션·잡화 중 '가방'을 판매·제공하는 매장,train,가방,T1 정확표기,00139b11-15fe-425d-a4c2-e8eeefb730ac,오가네즉석왕족발,족발,대전정원시장,전통시장,대전광역시,,,
8faa3ad1d1293bd4dbed,full_annotation_v1,A,q_가방_01,가방,패션·잡화 중 '가방'을 판매·제공하는 매장,train,가방,T1 정확표기,ae3aa4b3-2cae-4ab9-b60d-60d19bc2c2f7,dotto,양말 목도리장갑모자 파우치 등 잡화,나주혁신도시 상가번영회,자율상권구역,전라남도,,,
224cb8e1b225b36792f2,full_annotation_v1,A,q_가방_01,가방,패션·잡화 중 '가방'을 판매·제공하는 매장,train,가방,T1 정확표기,ec46b932-cb3b-44d7-b03e-c884ffc397ee,로데오 가방,가방,자유상가,전통시장,서울특별시,,,
e5ef75086ce97633f87a,full_annotation_v1,A,q_가방_01,가방,패션·잡화 중 '가방'을 판매·제공하는 매장,train,가방,T1 정확표기,43a1aaf2-21a9-4178-b482-a18ef131c624,국수나무 세종도담점,분식 한식,도담동 골목형상점가,골목형상점가,세종특별자치시,,,
43e7a7a8a3617dd5e6b1,full_annotation_v1,A,q_가방_01,가방,패션·잡화 중 '가방'을 판매·제공하는 매장,train,가방,T1 정확표기,029710ff-b1a9-4640-a2de-959f9a9535d8,우주가방,가방,관고전통시장,전통시장,경기도,,,
e7ba4a92f0be8da1b927,full_annotation_v1,A,q_가방_01,가방,패션·잡화 중 '가방'을 판매·제공하는 매장,train,가방,T1 정확표기,1db0f003-ee69-42d4-8a27-97099eafb0e6,민트민트,가방파우치,성남중앙지하시장,일반지하상점가,경기도,,,
6af8ecdfe918269cf7b8,full_annotation_v1,A,q_가방_01,가방,패션·잡화 중 '가방'을 판매·제공하는 매장,train,가방,T1 정확표기,7524e82c-3edf-48e8-bf93-9270e82ef7be,대성한방,롤파우치 박스,서울약령시장,전통시장,서울특별시,,,
3f1c1025be8b6c99d1d2,full_annotation_v1,A,q_가방_01,가방,패션·잡화 중 '가방'을 판매·제공하는 매장,train,가방,T1 정확표기,ce39339a-a3fe-48a8-a3a7-a21bcfca4251,가방천국,가방,구미종합상가,전통시장,경상북도,,,
ec0dceb51f8dbb5cd38d,full_annotation_v1,A,q_가방_01,가방,패션·잡화 중 '가방'을 판매·제공하는 매장,train,가방,T1 정확표기,1dcdd72e-c65d-49b7-b76c-aed4174d893c,트윈스여행사,여행사,울산 스퀘어 골목형상점가,골목형상점가,울산광역시,,,
3c435734c4b07677a04c,full_annotation_v1,A,q_가방_01,가방,패션·잡화 중 '가방'을 판매·제공하는 매장,train,가방,T1 정확표기,cddf5204-17c0-4fbf-b3ca-4c13731dadf4,칠호가방,가방,정이있는 구포시장,전통시장,부산광역시,,,
27a12cf071f794796e32,full_annotation_v1,A,q_가방_01,가방,패션·잡화 중 '가방'을 판매·제공하는 매장,train,가방,T1 정확표기,986b8bc3-f2ac-4bf6-85fa-2f7064f49678,블랙박스,가방,부산국제시장,전통시장,부산광역시,,,
a02970108834b445737a,full_annotation_v1,A,q_가방_01,가방,패션·잡화 중 '가방'을 판매·제공하는 매장,train,가방,T1 정확표기,23472a49-73aa-4e74-b6a3-2ded854d878e,하나투어 가람여행사 수완점,,수영 골목형상점가,골목형상점가,광주광역시,,,
cdf5113179f4fdd17ae8,full_annotation_v1,A,q_가방_01,가방,패션·잡화 중 '가방'을 판매·제공하는 매장,train,가방,T1 정확표기,0d0f64e1-83a4-4283-987e-823ac0cf65ed,봄(가방),가방,창원 도계부부시장,전통시장,경상남도,,,
8a51bb1383f0c7f3f7af,full_annotation_v1,A,q_가방_01,가방,패션·잡화 중 '가방'을 판매·제공하는 매장,train,가방,T1 정확표기,fbf3a994-2db6-4e53-b88e-faba07146579,한일상회,쌀.잡곡,대전상가,전통시장,대전광역시,,,
21c3accdb9583d1813d6,full_annotation_v1,A,q_가방_01,가방,패션·잡화 중 '가방'을 판매·제공하는 매장,train,가방,T1 정확표기,f8be72c5-85f8-4bc3-8ba9-fe8ad26261ed,부흥상회,가방,중앙신시장,전통시장,경상북도,,,
cc1e1167ba5dd7846ff2,full_annotation_v1,A,q_가방_01,가방,패션·잡화 중 '가방'을 판매·제공하는 매장,train,가방,T1 정확표기,17558127-5764-4620-b284-54dc551b2593,거창상회,가방,연산골목시장상점가,자율상권구역,부산광역시,,,
18c1d4bf5506f7ed07f9,full_annotation_v1,A,q_가방_01,가방,패션·잡화 중 '가방'을 판매·제공하는 매장,train,가방,T1 정확표기,6f8caafb-2f10-4e15-b0c4-65ee87b84fcd,보따리,가방,대현프리몰 대구점,일반지하상점가,대구광역시,,,
2ea5f333194e8a65da7d,full_annotation_v1,A,q_가방_01,가방,패션·잡화 중 '가방'을 판매·제공하는 매장,train,가방,T1 정확표기,a6782ce8-249e-4e87-9af7-a9764b88e553,광진떡집,떡,신매시장,전통시장,대구광역시,,,
36f73c4d9c27349e545a,full_annotation_v1,A,q_가방_01,가방,패션·잡화 중 '가방'을 판매·제공하는 매장,train,가방,T1 정확표기,46fde5f9-d372-4879-8f4a-29f267f62d84,동부가방,가방,강릉동부시장,전통시장,강원특별자치도,,,
9ae49fdaff6a66545078,full_annotation_v1,A,q_가방_01,가방,패션·잡화 중 '가방'을 판매·제공하는 매장,train,가방,T1 정확표기,36826d46-a99f-460b-91da-14a97779ddcc,나는나,가방,부산평화시장,전통시장,부산광역시,,,
a8615d25d67990564a54,full_annotation_v1,A,q_가방_01,가방,패션·잡화 중 '가방'을 판매·제공하는 매장,train,가방,T1 정확표기,579c4899-0264-4d07-851e-bab61e1f5e3c,야스,가방,남포지하도상가,일반지하상점가,부산광역시,,,
819fda2f7ead430d6da7,full_annotation_v1,A,q_가방_01,가방,패션·잡화 중 '가방'을 판매·제공하는 매장,train,가방,T1 정확표기,8a6a97b4-af17-4788-ae7e-39d97b1e1f52,황금가방,가방,제일종합시장,전통시장,강원특별자치도,,,
cd232155bb71402b2be3,full_annotation_v1,A,q_가방_01,가방,패션·잡화 중 '가방'을 판매·제공하는 매장,train,가방,T1 정확표기,cdeb7031-405a-447a-99ec-8f8571aef1a8,오성가방,가방,천안중앙시장,전통시장,충청남도,,,
62f942e1ea69713c5011,full_annotation_v1,A,q_가방_01,가방,패션·잡화 중 '가방'을 판매·제공하는 매장,train,가방,T1 정확표기,9c3db319-4a51-458b-9d50-cdfc35f1ce9f,가제트가방,가방,의정부역지하상가,일반지하상점가,경기도,,,
bc4758e79acbbe169fd8,full_annotation_v1,A,q_가방_01,가방,패션·잡화 중 '가방'을 판매·제공하는 매장,train,가방,T1 정확표기,11f44ca3-5049-4f46-b2bb-d213e239053e,충남상회,가방,부산진시장,전통시장,부산광역시,,,
ac2b36b53617bcb60fec,full_annotation_v1,A,q_가방_01,가방,패션·잡화 중 '가방'을 판매·제공하는 매장,train,가방,T1 정확표기,5fde3d02-8274-4091-a4b2-3cb2c96e8ea4,신흥상회,과일,보수종합시장,전통시장,부산광역시,,,
8f9fd8344ea34bfa14ca,full_annotation_v1,A,q_가방_01,가방,패션·잡화 중 '가방'을 판매·제공하는 매장,train,가방,T1 정확표기,7d1c08fa-e748-416d-b5c0-2fd3d3167e17,JS유통,가방,광복지하도상가,일반지하상점가,부산광역시,,,
f3bd9f1069322b2e7475,full_annotation_v1,A,q_가방_01,가방,패션·잡화 중 '가방'을 판매·제공하는 매장,train,가방,T1 정확표기,00242042-f371-486a-a1fc-b85de093edbf,슈올즈 이천점,"신발, 잡화",장터거리시장 골목형상점가,골목형상점가,경기도,,,
42ca0dce6446914f0f21,full_annotation_v1,A,q_가방_01,가방,패션·잡화 중 '가방'을 판매·제공하는 매장,train,가방,T1 정확표기,7c223eef-0abb-411b-a160-8b9a34c68c9b,새서울가방,가방,청주중앙시장,전통시장,충청북도,,,
81297890383e193a27ba,full_annotation_v1,A,q_가방_01,가방,패션·잡화 중 '가방'을 판매·제공하는 매장,train,가방,T1 정확표기,0b525bd1-afb8-498f-b1da-81da1bf56c13,신데렐라,가방,서동전통골목시장,전통시장,부산광역시,,,
05bb1e622e41f66eb36d,full_annotation_v1,A,q_가방_01,가방,패션·잡화 중 '가방'을 판매·제공하는 매장,train,가방,T1 정확표기,4d927843-2d4f-41d3-8451-10642539a600,무모한초밥,초밥,다정중앙 골목형상점가,골목형상점가,세종특별자치시,,,
20c8fad40846ad66a5e5,full_annotation_v1,A,q_가방_01,가방,패션·잡화 중 '가방'을 판매·제공하는 매장,train,가방,T1 정확표기,43dfb6ac-3ecd-4788-80fd-db49d1ead173,우주가방,가방,안양중앙시장,전통시장,경기도,,,
293f8ba8755d19949f4b,full_annotation_v1,A,q_가방_01,가방,패션·잡화 중 '가방'을 판매·제공하는 매장,train,가방,T1 정확표기,1abfdb8d-c035-457e-bb73-4e00e063734a,개미공방,앞치마 가방 파우치,부산남문시장,전통시장,부산광역시,,,
39445cf3b95ee21496ac,full_annotation_v1,A,q_가방_01,가방,패션·잡화 중 '가방'을 판매·제공하는 매장,train,가방,T1 정확표기,85e86f38-5267-471b-b0f5-73ffadba451e,서독안경,안경 및 렌즈,임동오거리 골목형상점가,골목형상점가,광주광역시,,,
f57386e63326ad88c29e,full_annotation_v1,A,q_가방_01,가방,패션·잡화 중 '가방'을 판매·제공하는 매장,train,가방,T1 정확표기,2219b76b-a1b3-41ef-9470-10352936f45c,신데렐라 가방,"가방, 잡화",팔달문시장,전통시장,경기도,,,
33d7761ec50731c65a96,full_annotation_v1,A,q_가방_01,가방,패션·잡화 중 '가방'을 판매·제공하는 매장,train,가방,T1 정확표기,4d97312f-683e-4fe7-9fed-e8098ff37e61,소호,가방,고투몰(강남터미널지하도상점가),일반지하상점가,서울특별시,,,
fde56bd674a6f3f2a80f,full_annotation_v1,A,q_가방_01,가방,패션·잡화 중 '가방'을 판매·제공하는 매장,train,가방,T1 정확표기,eb473cd4-1482-46aa-928e-d2692a4f5ba6,패션tip,소매(의류),안산다농마트전통시장,전통시장,경기도,,,
00430869bd925e221143,full_annotation_v1,A,q_가방_01,가방,패션·잡화 중 '가방'을 판매·제공하는 매장,train,가방,T1 정확표기,ac55a368-8e1f-4c34-bf6e-1acbcc5c3043,홈런가방,가방,마산 창동통합상가,자율상권구역,경상남도,,,
3b4915794af5b15cc6a7,full_annotation_v1,A,q_가방_01,가방,패션·잡화 중 '가방'을 판매·제공하는 매장,train,가방,T1 정확표기,003747e4-8102-4296-bfdf-b7ca7c1f83fa,평화잡화,잡화,부산평화시장,전통시장,부산광역시,,,
fd081c81c2dca13f9bda,full_annotation_v1,A,q_가방_01,가방,패션·잡화 중 '가방'을 판매·제공하는 매장,train,가방,T1 정확표기,4d171d62-5198-4a38-89a4-8ed47e94e3c1,동아가방,"가방, 의류, 우산, 지갑",창원 상남시장,전통시장,경상남도,,,
de4b6271fecb224c8d7a,full_annotation_v1,A,q_가방_01,가방,패션·잡화 중 '가방'을 판매·제공하는 매장,train,가방,T1 정확표기,31142f15-46e1-4c16-a4d6-189d3a7c047a,로뎅,가방,서귀포중심상가번영회,자율상권구역,제주특별자치도,,,
e3887e3da6de27a162a7,full_annotation_v1,A,q_가방_01,가방,패션·잡화 중 '가방'을 판매·제공하는 매장,train,가방,T1 정확표기,f211a0f1-1628-41b7-b9ef-54e332ea8d0e,중앙가방,가방,김천중앙시장,전통시장,경상북도,,,
4dc3bd3323813845b865,full_annotation_v1,A,q_가방_01,가방,패션·잡화 중 '가방'을 판매·제공하는 매장,train,가방,T1 정확표기,d9f3ed83-249c-4eae-be32-b330df2d330e,마리,가방,부산평화시장,전통시장,부산광역시,,,
8be4060f9dc319fa944e,full_annotation_v1,A,q_가방_01,가방,패션·잡화 중 '가방'을 판매·제공하는 매장,train,가방,T1 정확표기,0295fa53-0a30-4ec9-a0e5-f390fac21fb4,청개구리,가방,보령한내시장,전통시장,충청남도,,,
8e27e2510775bbd3127c,full_annotation_v1,A,q_가방_01,가방,패션·잡화 중 '가방'을 판매·제공하는 매장,train,가방,T1 정확표기,c9c00394-e1b4-465e-843f-e885b215badf,솜씨존,가방,남평화시장,전통시장,서울특별시,,,
1efdd4b510bbb883229c,full_annotation_v1,A,q_가방_01,가방,패션·잡화 중 '가방'을 판매·제공하는 매장,train,가방,T1 정확표기,f23dfece-0d47-4b99-8ada-136fc09726ce,빽,가방,동산상가,전통시장,대구광역시,,,
baec81ed35a342081e9a,full_annotation_v1,A,q_가방_01,가방,패션·잡화 중 '가방'을 판매·제공하는 매장,train,가방,T1 정확표기,672dbd03-3ed7-4f1f-9ae3-6bf91e42196e,영덕상회,가방,남서울상가,자율상권구역,서울특별시,,,
cc08715c12fc25fdf822,full_annotation_v1,A,q_가방_01,가방,패션·잡화 중 '가방'을 판매·제공하는 매장,train,가방,T1 정확표기,ad9b1284-9f3d-42e8-8116-f21a410d03c0,신일가방,가방,남원용남시장,전통시장,전북특별자치도,,,
c7bb12a8d036c33f7a5b,full_annotation_v1,A,q_가방_02,가방 파는 곳,패션·잡화 중 '가방'을 판매·제공하는 매장,train,가방,T2 동의어,bce76074-c668-4b3e-b806-29209ac1a1c8,킹가방,가방,계산시장,전통시장,인천광역시,,,
755fa2a9d67d87567bc9,full_annotation_v1,A,q_가방_02,가방 파는 곳,패션·잡화 중 '가방'을 판매·제공하는 매장,train,가방,T2 동의어,1dcdd72e-c65d-49b7-b76c-aed4174d893c,트윈스여행사,여행사,울산 스퀘어 골목형상점가,골목형상점가,울산광역시,,,
ee807b5a337e7b5075f4,full_annotation_v1,A,q_가방_02,가방 파는 곳,패션·잡화 중 '가방'을 판매·제공하는 매장,train,가방,T2 동의어,0176d678-e45f-4763-b752-f79b2ca9f34e,종로물산,"지갑, 케이스",동대문문구완구거리,자율상권구역,서울특별시,,,
71f969d082622795c96c,full_annotation_v1,A,q_가방_02,가방 파는 곳,패션·잡화 중 '가방'을 판매·제공하는 매장,train,가방,T2 동의어,e59950c9-2405-43c3-83df-a1d6c9a382d7,시간여행,나무액자,금남지하도상가2공구,일반지하상점가,광주광역시,,,
2b6dc56bc6562ce2597b,full_annotation_v1,A,q_가방_02,가방 파는 곳,패션·잡화 중 '가방'을 판매·제공하는 매장,train,가방,T2 동의어,54206862-89b1-4306-bc4e-32ae49bb735c,서길사,지갑 벨트 장갑,평화시장,전통시장,서울특별시,,,
bda4ceaaa2bdfec44e5f,full_annotation_v1,A,q_가방_02,가방 파는 곳,패션·잡화 중 '가방'을 판매·제공하는 매장,train,가방,T2 동의어,9a597614-b985-4da5-88cd-dc760271cb8f,우주표가방,가방,수원역전시장,전통시장,경기도,,,
12bf642e5bdb4da019db,full_annotation_v1,A,q_가방_02,가방 파는 곳,패션·잡화 중 '가방'을 판매·제공하는 매장,train,가방,T2 동의어,028a1e16-4ae6-4cb3-9065-3acdb329af74,테라,"의류, 잡화(가방)",남천동로108번길 골목형상점가,골목형상점가,부산광역시,,,
0064962f9e8239e375ef,full_annotation_v1,A,q_가방_02,가방 파는 곳,패션·잡화 중 '가방'을 판매·제공하는 매장,train,가방,T2 동의어,f552e12e-6edc-4ce8-9eb3-1e9f0508f94a,칸스트 음악학원,음악학원,항동 골목형상점가,골목형상점가,서울특별시,,,
590263399719b32a0168,full_annotation_v1,A,q_가방_02,가방 파는 곳,패션·잡화 중 '가방'을 판매·제공하는 매장,train,가방,T2 동의어,c5eee6d7-c020-4e15-ab45-03c436b8f6a9,준가방,가방,송탄시장(송북시장),전통시장,경기도,,,
3fe0b99a27514e633ef4,full_annotation_v1,A,q_가방_02,가방 파는 곳,패션·잡화 중 '가방'을 판매·제공하는 매장,train,가방,T2 동의어,b937f417-8046-4c5a-b245-4b4f97e7be58,에레또,가방,신포지하상가,일반지하상점가,인천광역시,,,
eda5949008409d793970,full_annotation_v1,A,q_가방_02,가방 파는 곳,패션·잡화 중 '가방'을 판매·제공하는 매장,train,가방,T2 동의어,507b6156-464a-406e-9a2b-74b143250746,에이스정육점,식육,강진 서성도담길,골목형상점가,전라남도,,,
c2a840a8abfb6ee56353,full_annotation_v1,A,q_가방_02,가방 파는 곳,패션·잡화 중 '가방'을 판매·제공하는 매장,train,가방,T2 동의어,1db0f003-ee69-42d4-8a27-97099eafb0e6,민트민트,가방파우치,성남중앙지하시장,일반지하상점가,경기도,,,
e9fe9f49b826c9845176,full_annotation_v1,A,q_가방_02,가방 파는 곳,패션·잡화 중 '가방'을 판매·제공하는 매장,train,가방,T2 동의어,9c3db319-4a51-458b-9d50-cdfc35f1ce9f,가제트가방,가방,의정부역지하상가,일반지하상점가,경기도,,,
13e931fc2c22defbce3d,full_annotation_v1,A,q_가방_02,가방 파는 곳,패션·잡화 중 '가방'을 판매·제공하는 매장,train,가방,T2 동의어,384b4035-3a18-44a5-b2ba-22816a54d25d,가방,가방,덕풍전통시장,전통시장,경기도,,,
35ad79c91b46464603c2,full_annotation_v1,A,q_가방_02,가방 파는 곳,패션·잡화 중 '가방'을 판매·제공하는 매장,train,가방,T2 동의어,a209f192-fc70-4f11-ab01-85895f478dc5,우주표가방,가방,수유시장,전통시장,서울특별시,,,
b3f465b47463c3094b48,full_annotation_v1,A,q_가방_02,가방 파는 곳,패션·잡화 중 '가방'을 판매·제공하는 매장,train,가방,T2 동의어,f2337a5d-3ffb-4572-89d3-5b60cdd6c2a1,중앙상회,가방,강화중앙시장(A·B동),전통시장,인천광역시,,,
a2c0cfb6d3952373a845,full_annotation_v1,A,q_가방_02,가방 파는 곳,패션·잡화 중 '가방'을 판매·제공하는 매장,train,가방,T2 동의어,0054b824-eb72-4efa-a1ba-40d467c899a5,수정상회,잡화,중앙전통시장,전통시장,울산광역시,,,
a6f53ea5f602649a86d0,full_annotation_v1,A,q_가방_02,가방 파는 곳,패션·잡화 중 '가방'을 판매·제공하는 매장,train,가방,T2 동의어,4d171d62-5198-4a38-89a4-8ed47e94e3c1,동아가방,"가방, 의류, 우산, 지갑",창원 상남시장,전통시장,경상남도,,,
a644e0c60167c98dcd82,full_annotation_v1,A,q_가방_02,가방 파는 곳,패션·잡화 중 '가방'을 판매·제공하는 매장,train,가방,T2 동의어,a84c906c-07f8-43d9-bcbe-2aaed6867aa6,송이쌈지,가방,남양주장현전통시장,전통시장,경기도,,,
bc5e9d1ff928ebb9f62f,full_annotation_v1,A,q_가방_02,가방 파는 곳,패션·잡화 중 '가방'을 판매·제공하는 매장,train,가방,T2 동의어,b6a72ff6-04ac-4dde-a4f7-9a7972ecfdd6,청산골,명태찜,반구시장,전통시장,울산광역시,,,
508540594a3013d471e7,full_annotation_v1,A,q_가방_02,가방 파는 곳,패션·잡화 중 '가방'을 판매·제공하는 매장,train,가방,T2 동의어,21c32140-59d4-4d00-9876-cd76f252f895,동해가방,가방,동쪽바다중앙시장(구 동해중앙시장),전통시장,강원특별자치도,,,
5a0a16ad5d5445b1a831,full_annotation_v1,A,q_가방_02,가방 파는 곳,패션·잡화 중 '가방'을 판매·제공하는 매장,train,가방,T2 동의어,ae3aa4b3-2cae-4ab9-b60d-60d19bc2c2f7,dotto,양말 목도리장갑모자 파우치 등 잡화,나주혁신도시 상가번영회,자율상권구역,전라남도,,,
e3faa4ae33dad42c9aea,full_annotation_v1,A,q_가방_02,가방 파는 곳,패션·잡화 중 '가방'을 판매·제공하는 매장,train,가방,T2 동의어,411491f3-0008-4961-911f-e6954a275f5a,라인,가방,고투몰(강남터미널지하도상점가),일반지하상점가,서울특별시,,,
06405c533893af73924d,full_annotation_v1,A,q_가방_02,가방 파는 곳,패션·잡화 중 '가방'을 판매·제공하는 매장,train,가방,T2 동의어,0ef6a688-59b2-4e29-a1ad-883a627696a1,성원가방,가방,부산국제시장,전통시장,부산광역시,,,
27ed209ce10957d342dc,full_annotation_v1,A,q_가방_02,가방 파는 곳,패션·잡화 중 '가방'을 판매·제공하는 매장,train,가방,T2 동의어,3b1e94d5-8797-4511-b759-db548544372c,종로가방,가방,양동복개상가,전통시장,광주광역시,,,
2c6249c751164f7f9417,full_annotation_v1,A,q_가방_02,가방 파는 곳,패션·잡화 중 '가방'을 판매·제공하는 매장,train,가방,T2 동의어,02196756-54cf-4d93-b198-f1c019f344af,대경상사,가방,자유상가,전통시장,서울특별시,,,
ea114ee256d9bc5e3861,full_annotation_v1,A,q_가방_02,가방 파는 곳,패션·잡화 중 '가방'을 판매·제공하는 매장,train,가방,T2 동의어,37afc789-1c9b-4eed-868d-98e4f4af8af2,잼마,가방,반구시장,전통시장,울산광역시,,,
4ddce1cea015bac906ba,full_annotation_v1,A,q_가방_02,가방 파는 곳,패션·잡화 중 '가방'을 판매·제공하는 매장,train,가방,T2 동의어,9cd9e4be-0478-432c-9265-43f841f8f5cb,티각태각계양점,부각,계산시장,전통시장,인천광역시,,,
4d23e35614d0d3533824,full_annotation_v1,A,q_가방_02,가방 파는 곳,패션·잡화 중 '가방'을 판매·제공하는 매장,train,가방,T2 동의어,ce39339a-a3fe-48a8-a3a7-a21bcfca4251,가방천국,가방,구미종합상가,전통시장,경상북도,,,
26f41ae0d1710f205567,full_annotation_v1,A,q_가방_02,가방 파는 곳,패션·잡화 중 '가방'을 판매·제공하는 매장,train,가방,T2 동의어,00819c8a-dbaa-4ab0-8771-985453a7f35a,빨강여우,가방,부산자유시장,전통시장,부산광역시,,,
438b3d0bac6a1d6f26d7,full_annotation_v1,A,q_가방_02,가방 파는 곳,패션·잡화 중 '가방'을 판매·제공하는 매장,train,가방,T2 동의어,0274a049-93a0-4b84-8369-f1ffc368b5ab,모아,가방,자유상가,전통시장,서울특별시,,,
ec80ca164fce7e3c0ce6,full_annotation_v1,A,q_가방_02,가방 파는 곳,패션·잡화 중 '가방'을 판매·제공하는 매장,train,가방,T2 동의어,51960d49-0d1b-43ab-8adb-8da6b0d2ac04,가방나라,가방,군산 원도심 골목형상점가,골목형상점가,전북특별자치도,,,
f7437803108bc06b028d,full_annotation_v1,A,q_가방_02,가방 파는 곳,패션·잡화 중 '가방'을 판매·제공하는 매장,train,가방,T2 동의어,8d8cb0b3-f2e1-4aa2-b221-f3fb32237110,중앙가방,가방,중앙시장,전통시장,인천광역시,,,
94edd5256da5ef4dc9d9,full_annotation_v1,A,q_가방_02,가방 파는 곳,패션·잡화 중 '가방'을 판매·제공하는 매장,train,가방,T2 동의어,ad60c275-ec1f-4307-a90b-9667e8241f4d,매일식품,식품,함평천지전통시장(함평5일시장),전통시장,전라남도,,,
3bff882fad2b02b44d3f,full_annotation_v1,A,q_가방_02,가방 파는 곳,패션·잡화 중 '가방'을 판매·제공하는 매장,train,가방,T2 동의어,c0bd32bd-e56d-457d-a2f6-c2eb27108956,에이스,가방,아트프라자,자율상권구역,서울특별시,,,
5a6b390b89ee1805d74d,full_annotation_v1,A,q_가방_02,가방 파는 곳,패션·잡화 중 '가방'을 판매·제공하는 매장,train,가방,T2 동의어,c111ac9d-3f3a-405c-a8db-4d127ccda9e2,행복이 있는 곳,잡화,제주로얄쇼핑센터,자율상권구역,제주특별자치도,,,
cce67c903adf2a69f17d,full_annotation_v1,A,q_가방_02,가방 파는 곳,패션·잡화 중 '가방'을 판매·제공하는 매장,train,가방,T2 동의어,e72fdc2c-9454-458b-a8cd-99d758933d23,영진가방,가방,부산자유시장,전통시장,부산광역시,,,
85f14825d946e0d0dd7d,full_annotation_v1,A,q_가방_02,가방 파는 곳,패션·잡화 중 '가방'을 판매·제공하는 매장,train,가방,T2 동의어,f23dfece-0d47-4b99-8ada-136fc09726ce,빽,가방,동산상가,전통시장,대구광역시,,,
6db732c072a4347eb4c0,full_annotation_v1,A,q_가방_02,가방 파는 곳,패션·잡화 중 '가방'을 판매·제공하는 매장,train,가방,T2 동의어,8f1d519b-0805-4204-bb67-63fa0ed0b580,코디,가방,태평시장,전통시장,대전광역시,,,
5c653de25917f72b2174,full_annotation_v1,A,q_가방_02,가방 파는 곳,패션·잡화 중 '가방'을 판매·제공하는 매장,train,가방,T2 동의어,0f7ade50-15cc-4603-9952-37eb20e16464,보석가방,가방,군산공설시장,전통시장,전북특별자치도,,,
25c4736a75dd3ddef793,full_annotation_v1,A,q_가방_02,가방 파는 곳,패션·잡화 중 '가방'을 판매·제공하는 매장,train,가방,T2 동의어,348238c2-f6f6-4b44-801d-e51ea627dcba,아카디아,도매(지갑),남평화시장,전통시장,서울특별시,,,
bcc15b77613ff883de2e,full_annotation_v1,A,q_가방_02,가방 파는 곳,패션·잡화 중 '가방'을 판매·제공하는 매장,train,가방,T2 동의어,9b46dbb0-ccc4-499d-8d13-c0733571bf14,장수가방,가방,영주소백쇼핑몰,전통시장,경상북도,,,
12f64766235619470486,full_annotation_v1,A,q_가방_02,가방 파는 곳,패션·잡화 중 '가방'을 판매·제공하는 매장,train,가방,T2 동의어,31142f15-46e1-4c16-a4d6-189d3a7c047a,로뎅,가방,서귀포중심상가번영회,자율상권구역,제주특별자치도,,,
78f32472f3a0925367f6,full_annotation_v1,A,q_가방_02,가방 파는 곳,패션·잡화 중 '가방'을 판매·제공하는 매장,train,가방,T2 동의어,443eb534-737b-471f-bd10-1c2ef8de79c2,하트,가방,자유상가,전통시장,서울특별시,,,
16b8c2ed68e93b7725a0,full_annotation_v1,A,q_가방_02,가방 파는 곳,패션·잡화 중 '가방'을 판매·제공하는 매장,train,가방,T2 동의어,7d99d8b9-70c2-4fb9-9045-a6e55bb33a3e,양양가방,가방,양양전통시장,전통시장,강원특별자치도,,,
6c337a0aaf5550c4b394,full_annotation_v1,A,q_가방_02,가방 파는 곳,패션·잡화 중 '가방'을 판매·제공하는 매장,train,가방,T2 동의어,2551a516-c621-4b87-bbcb-ed051f6f72d8,지구별여행,여행,효천로 골목형상점가,골목형상점가,광주광역시,,,
b643ba10fe75896c98af,full_annotation_v1,A,q_가방_02,가방 파는 곳,패션·잡화 중 '가방'을 판매·제공하는 매장,train,가방,T2 동의어,aeb622a3-02b0-4a2b-9037-975abd0bcadf,대박가방,가방,전주중앙상가시장,전통시장,전북특별자치도,,,
e95bbb264afa8c4f0570,full_annotation_v1,A,q_가방_02,가방 파는 곳,패션·잡화 중 '가방'을 판매·제공하는 매장,train,가방,T2 동의어,ff960147-dcf9-4084-91e1-b2c721e37451,새유신가방,가방,서문시장(명품프라자상가),전통시장,대구광역시,,,
883786793bb7c8780596,full_annotation_v1,A,q_가방_02,가방 파는 곳,패션·잡화 중 '가방'을 판매·제공하는 매장,train,가방,T2 동의어,be3a91f1-d0b0-497a-841d-bf5c06eaa4ac,에이스,가방,서문시장아진상가,전통시장,대구광역시,,,
76fdd878f7e0fd6a9919,full_annotation_v1,A,q_가방_02,가방 파는 곳,패션·잡화 중 '가방'을 판매·제공하는 매장,train,가방,T2 동의어,f211a0f1-1628-41b7-b9ef-54e332ea8d0e,중앙가방,가방,김천중앙시장,전통시장,경상북도,,,
a3bbccbc4f9813e3227e,full_annotation_v1,A,q_가방_02,가방 파는 곳,패션·잡화 중 '가방'을 판매·제공하는 매장,train,가방,T2 동의어,22ca25f3-e6fe-4dbd-8936-125430e48611,어깨랑,가방,필그린쇼핑센타,골목형상점가,울산광역시,,,
4c8938d8b4084f224c05,full_annotation_v1,A,q_가방_02,가방 파는 곳,패션·잡화 중 '가방'을 판매·제공하는 매장,train,가방,T2 동의어,3cb0af4d-9fd4-44dd-becb-add40c3eb3f6,미라클,가방,부평깡통시장(구 부산부평시장),전통시장,부산광역시,,,
830c5aed6ab7ff6f6a63,full_annotation_v1,A,q_가방_02,가방 파는 곳,패션·잡화 중 '가방'을 판매·제공하는 매장,train,가방,T2 동의어,3f3f5bc5-b886-43de-8e7b-fadafab276b2,사계절,가방,주안시민지하도상점가,일반지하상점가,인천광역시,,,
063f5b2db81cf1fb1ccd,full_annotation_v1,A,q_가방_02,가방 파는 곳,패션·잡화 중 '가방'을 판매·제공하는 매장,train,가방,T2 동의어,c8c3860c-e7b9-4dc4-896f-efd2dcc5ab93,코코,가방,소공 지하쇼핑센터,일반지하상점가,서울특별시,,,
76af52e8e10555d1f0ad,full_annotation_v1,A,q_가방_02,가방 파는 곳,패션·잡화 중 '가방'을 판매·제공하는 매장,train,가방,T2 동의어,30343150-5e7b-47c8-8bc7-a05794432b8c,미도가방,가방,부산국제시장,전통시장,부산광역시,,,
871f0e5f6b97765d0e10,full_annotation_v1,A,q_가방_02,가방 파는 곳,패션·잡화 중 '가방'을 판매·제공하는 매장,train,가방,T2 동의어,93c02e22-10f6-4266-9281-bc7c987a044b,국제가방,가방,수영팔도시장(구 수영팔도상가시장),전통시장,부산광역시,,,
eb49d17dcec82e52eb68,full_annotation_v1,A,q_가방_02,가방 파는 곳,패션·잡화 중 '가방'을 판매·제공하는 매장,train,가방,T2 동의어,ad9b1284-9f3d-42e8-8116-f21a410d03c0,신일가방,가방,남원용남시장,전통시장,전북특별자치도,,,
5e75fa761f5983424459,full_annotation_v1,A,q_가방_02,가방 파는 곳,패션·잡화 중 '가방'을 판매·제공하는 매장,train,가방,T2 동의어,77033735-47b7-4cff-a991-8d6ca93daeda,북두칠성,가방,영등포역지하도상점가,일반지하상점가,서울특별시,,,
10c0273edebe5412187f,full_annotation_v1,A,q_가방_02,가방 파는 곳,패션·잡화 중 '가방'을 판매·제공하는 매장,train,가방,T2 동의어,f9c22ab5-73ba-4a44-a3bb-9c80e71dcfe8,베키수,가방,숭례문수입상가,전통시장,서울특별시,,,
c0f429c7456756b3282d,full_annotation_v1,A,q_가방_02,가방 파는 곳,패션·잡화 중 '가방'을 판매·제공하는 매장,train,가방,T2 동의어,8666a3ba-847b-4711-a390-bdf8765b5a96,반해(BANHAE),여자용 겉옷 소매,서면지하도상가 서면몰(대현프리몰),일반지하상점가,부산광역시,,,
5c18c397a70f4a2ac376,full_annotation_v1,A,q_가방_02,가방 파는 곳,패션·잡화 중 '가방'을 판매·제공하는 매장,train,가방,T2 동의어,a0a2b89e-b6dc-4841-8215-f7726ff11984,중앙가방,가방,강릉성남시장,전통시장,강원특별자치도,,,
0aeec625b88011c62a05,full_annotation_v1,A,q_가방_02,가방 파는 곳,패션·잡화 중 '가방'을 판매·제공하는 매장,train,가방,T2 동의어,001bacc9-5a95-4049-babd-6691512d8da0,백두사,잡화,장량성도시장,전통시장,경상북도,,,
96ad5d4b6355f2f178fc,full_annotation_v1,A,q_가방_02,가방 파는 곳,패션·잡화 중 '가방'을 판매·제공하는 매장,train,가방,T2 동의어,b80fa171-6be0-4613-8514-0c0a8f65ac44,가방나라,가방,안성 전통 옛장터길 골목형상점가,골목형상점가,경기도,,,
e4179de17ba8e78e8b4f,full_annotation_v1,A,q_가방_02,가방 파는 곳,패션·잡화 중 '가방'을 판매·제공하는 매장,train,가방,T2 동의어,4259c314-2655-45c5-9564-a9fdcbf07723,오성상회,가방,경주성동공설시장,전통시장,경상북도,,,
9a430c64543672ce82b0,full_annotation_v1,A,q_가방_02,가방 파는 곳,패션·잡화 중 '가방'을 판매·제공하는 매장,train,가방,T2 동의어,11f44ca3-5049-4f46-b2bb-d213e239053e,충남상회,가방,부산진시장,전통시장,부산광역시,,,
bbac72aa668fb40d01f7,full_annotation_v1,A,q_가방_02,가방 파는 곳,패션·잡화 중 '가방'을 판매·제공하는 매장,train,가방,T2 동의어,c161453d-f2c8-4b97-a2c3-a54e0cbdb7e8,생활용품 싸게 파는 집,잡화,안성중앙시장,전통시장,경기도,,,
64c48cd0bd09ad68e1ab,full_annotation_v1,A,q_가방_02,가방 파는 곳,패션·잡화 중 '가방'을 판매·제공하는 매장,train,가방,T2 동의어,90167fbc-55f1-43ea-93d9-ce1810bbfad8,쿠드,가방,㈜르네시떼,전통시장,부산광역시,,,
a478e1cb8d6dd588f04f,full_annotation_v1,A,q_가방_02,가방 파는 곳,패션·잡화 중 '가방'을 판매·제공하는 매장,train,가방,T2 동의어,a810b54a-b5fe-4b6d-9098-116d7455d20d,신원당식품,전,원당시장(구 원당전통시장),전통시장,경기도,,,
f24ff9dd393eb8db02f7,full_annotation_v1,A,q_가방_02,가방 파는 곳,패션·잡화 중 '가방'을 판매·제공하는 매장,train,가방,T2 동의어,17558127-5764-4620-b284-54dc551b2593,거창상회,가방,연산골목시장상점가,자율상권구역,부산광역시,,,
d5ffff07c74f41d60762,full_annotation_v1,A,q_가방_02,가방 파는 곳,패션·잡화 중 '가방'을 판매·제공하는 매장,train,가방,T2 동의어,98bcaf66-bc27-4563-a608-1d331426f82f,촘촘,가방,원주미로예술중앙시장(원주중앙시장),전통시장,강원특별자치도,,,
d6208fe9acaac62e4d06,full_annotation_v1,A,q_가방_02,가방 파는 곳,패션·잡화 중 '가방'을 판매·제공하는 매장,train,가방,T2 동의어,36826d46-a99f-460b-91da-14a97779ddcc,나는나,가방,부산평화시장,전통시장,부산광역시,,,
7d2f292441f8d88586b0,full_annotation_v1,A,q_가방_02,가방 파는 곳,패션·잡화 중 '가방'을 판매·제공하는 매장,train,가방,T2 동의어,fc611252-e034-4429-b8c1-1a6e7b16dadb,동아상사,가방,양동시장,전통시장,광주광역시,,,
b4c6649cd38b358387a4,full_annotation_v1,A,q_가방_02,가방 파는 곳,패션·잡화 중 '가방'을 판매·제공하는 매장,train,가방,T2 동의어,0d0f64e1-83a4-4283-987e-823ac0cf65ed,봄(가방),가방,창원 도계부부시장,전통시장,경상남도,,,
db9307263ff2fe4970fb,full_annotation_v1,A,q_가방_02,가방 파는 곳,패션·잡화 중 '가방'을 판매·제공하는 매장,train,가방,T2 동의어,a4812e80-c004-4418-a322-e109a045520c,서울가방,가방,마산 창동통합상가,자율상권구역,경상남도,,,
5791bf8f4ed43c29166d,full_annotation_v1,A,q_가방_02,가방 파는 곳,패션·잡화 중 '가방'을 판매·제공하는 매장,train,가방,T2 동의어,3b69e809-5a31-46da-b3c3-5656c6fde4bf,하동가방,가방,하동공설시장,전통시장,경상남도,,,
cff35050523f1bd875c7,full_annotation_v1,A,q_가방_02,가방 파는 곳,패션·잡화 중 '가방'을 판매·제공하는 매장,train,가방,T2 동의어,2219b76b-a1b3-41ef-9470-10352936f45c,신데렐라 가방,"가방, 잡화",팔달문시장,전통시장,경기도,,,
76f05d7aa23de382ffff,full_annotation_v1,A,q_가방_02,가방 파는 곳,패션·잡화 중 '가방'을 판매·제공하는 매장,train,가방,T2 동의어,998f845a-7ddd-429a-8068-0f55bf95fe55,현가방,가방,전주모래내시장,전통시장,전북특별자치도,,,
72eac4af3773fca06a10,full_annotation_v1,A,q_가방_02,가방 파는 곳,패션·잡화 중 '가방'을 판매·제공하는 매장,train,가방,T2 동의어,8132feaf-2561-4c1c-ba95-25bfa52a0b06,가방천국,가방,수원영동시장,전통시장,경기도,,,
5589130895e433f88744,full_annotation_v1,A,q_가방_02,가방 파는 곳,패션·잡화 중 '가방'을 판매·제공하는 매장,train,가방,T2 동의어,8a6a97b4-af17-4788-ae7e-39d97b1e1f52,황금가방,가방,제일종합시장,전통시장,강원특별자치도,,,
9feeecf6faa74ff8fb48,full_annotation_v1,A,q_가방_02,가방 파는 곳,패션·잡화 중 '가방'을 판매·제공하는 매장,train,가방,T2 동의어,3d5a24da-bf97-48a4-9314-144d35a35845,보배가방,가방,신장전통시장,전통시장,경기도,,,
3aebadad0517a39bf846,full_annotation_v1,A,q_가방_02,가방 파는 곳,패션·잡화 중 '가방'을 판매·제공하는 매장,train,가방,T2 동의어,094a3bb1-34d3-4661-8d23-ebb3df414474,비솝,가방,남평화시장,전통시장,서울특별시,,,
a6d9e2609b4e7e0f832c,full_annotation_v1,A,q_가방_02,가방 파는 곳,패션·잡화 중 '가방'을 판매·제공하는 매장,train,가방,T2 동의어,e516ee18-b118-4f29-85ef-d42a74606d98,베가콜렉션,가방,부산평화시장,전통시장,부산광역시,,,
26d1a14c72fbed35036c,full_annotation_v1,A,q_가방_02,가방 파는 곳,패션·잡화 중 '가방'을 판매·제공하는 매장,train,가방,T2 동의어,39f4c46e-380c-45b4-bb48-96624dacb5b6,보물찾기,가방,동래시장,전통시장,부산광역시,,,
45f9522084899d938373,full_annotation_v1,A,q_가방_02,가방 파는 곳,패션·잡화 중 '가방'을 판매·제공하는 매장,train,가방,T2 동의어,3d41a704-ebeb-41f8-9c58-0f9390f9d9d8,보부상,가방,망리단길골목형상점가,골목형상점가,서울특별시,,,
a62b4bea8ee17eeae20e,full_annotation_v1,A,q_가방_02,가방 파는 곳,패션·잡화 중 '가방'을 판매·제공하는 매장,train,가방,T2 동의어,00b35d47-3ee0-4ce4-9415-a745b8ced8e0,쌈지,신발 가방,진주 중앙상점가,자율상권구역,경상남도,,,
9856098edab967371e69,full_annotation_v1,A,q_가방_02,가방 파는 곳,패션·잡화 중 '가방'을 판매·제공하는 매장,train,가방,T2 동의어,da85258d-6e96-4d98-98f1-2f5c90e1c3ef,가파치익산대리점,가방,익산중앙상점가,골목형상점가,전북특별자치도,,,
100112f2a900b308f573,full_annotation_v1,A,q_가방_02,가방 파는 곳,패션·잡화 중 '가방'을 판매·제공하는 매장,train,가방,T2 동의어,cdeb7031-405a-447a-99ec-8f8571aef1a8,오성가방,가방,천안중앙시장,전통시장,충청남도,,,
20f34d1db11b7a731648,full_annotation_v1,A,q_가방_02,가방 파는 곳,패션·잡화 중 '가방'을 판매·제공하는 매장,train,가방,T2 동의어,2743811c-5e71-4d2b-aa75-1b0147d44f2d,사우 꽃이 피는 곳,꽃,김포 풍년마을 골목형상점가,골목형상점가,경기도,,,
99adcd2b91b8976bb494,full_annotation_v1,A,q_가방_02,가방 파는 곳,패션·잡화 중 '가방'을 판매·제공하는 매장,train,가방,T2 동의어,373c43a7-4131-41ff-a8e3-b3abd2d04373,가방가게,가방,오산오색시장(구 오산중앙시장),전통시장,경기도,,,
784abd076b74007c8b40,full_annotation_v1,A,q_가방_02,가방 파는 곳,패션·잡화 중 '가방'을 판매·제공하는 매장,train,가방,T2 동의어,966d4764-3616-4c00-ac7f-10620129716d,서울가방,가방,서문시장아진상가,전통시장,대구광역시,,,
dc9a5c286604766fedd5,full_annotation_v1,A,q_가방_02,가방 파는 곳,패션·잡화 중 '가방'을 판매·제공하는 매장,train,가방,T2 동의어,bdbe70fd-3c8e-40c4-a034-b9307037bf01,천지어물상회,수산물,함평천지전통시장(함평5일시장),전통시장,전라남도,,,
5cdfd9035d676d7170ed,full_annotation_v1,A,q_가방_02,가방 파는 곳,패션·잡화 중 '가방'을 판매·제공하는 매장,train,가방,T2 동의어,8bf91abb-23e4-4d6b-af74-c900ed5e778d,전래손두부,두부,두암2동광신맨션주변 골목형상점가,골목형상점가,광주광역시,,,
1e67bb103d906a1a3693,full_annotation_v1,A,q_가방_02,가방 파는 곳,패션·잡화 중 '가방'을 판매·제공하는 매장,train,가방,T2 동의어,cddf5204-17c0-4fbf-b3ca-4c13731dadf4,칠호가방,가방,정이있는 구포시장,전통시장,부산광역시,,,
4b97115c54bdc5a8a5e4,full_annotation_v1,A,q_가방_02,가방 파는 곳,패션·잡화 중 '가방'을 판매·제공하는 매장,train,가방,T2 동의어,7524e82c-3edf-48e8-bf93-9270e82ef7be,대성한방,롤파우치 박스,서울약령시장,전통시장,서울특별시,,,
37830b53ed8a9769bcf1,full_annotation_v1,A,q_가방_02,가방 파는 곳,패션·잡화 중 '가방'을 판매·제공하는 매장,train,가방,T2 동의어,15620090-b304-45bf-bd49-99371224ae5e,중앙가방,가방,전주남부시장,전통시장,전북특별자치도,,,
6f350a09f8223c9b88d6,full_annotation_v1,A,q_가방_02,가방 파는 곳,패션·잡화 중 '가방'을 판매·제공하는 매장,train,가방,T2 동의어,003d5df8-0856-45e0-a11e-5098cf70541e,앨리스리본&공방,"공방, 잡화",봉화내성시장,전통시장,경상북도,,,
42e858d080d5b14b2875,full_annotation_v1,A,q_가방_02,가방 파는 곳,패션·잡화 중 '가방'을 판매·제공하는 매장,train,가방,T2 동의어,ec46b932-cb3b-44d7-b03e-c884ffc397ee,로데오 가방,가방,자유상가,전통시장,서울특별시,,,
601d86097e9a388cd37b,full_annotation_v1,A,q_가방_02,가방 파는 곳,패션·잡화 중 '가방'을 판매·제공하는 매장,train,가방,T2 동의어,908320cb-74c2-4fbb-95d7-fcb1724a1b80,만나전,한식,국제음식문화거리 골목형상점가,골목형상점가,서울특별시,,,
08237c2699faae16145c,full_annotation_v1,A,q_가방_02,가방 파는 곳,패션·잡화 중 '가방'을 판매·제공하는 매장,train,가방,T2 동의어,3cf56772-3d66-40b4-9a1b-82eb0edecd7f,밀라노,가방,영등포로타리지하도상점가,일반지하상점가,서울특별시,,,
12bcb1f8a002c2bbeaed,full_annotation_v1,A,q_가방_02,가방 파는 곳,패션·잡화 중 '가방'을 판매·제공하는 매장,train,가방,T2 동의어,0f7918ff-e583-48d6-80a5-a420951e565a,샤론,가방,서문시장2지구 종합상가,전통시장,대구광역시,,,
f981ce00f975fe2f4f0c,full_annotation_v1,A,q_가방_02,가방 파는 곳,패션·잡화 중 '가방'을 판매·제공하는 매장,train,가방,T2 동의어,0c9a7bfe-1ac1-4d7e-8c7c-7ca4d24add93,커피엠,커피,월곡대반 골목형상점가,골목형상점가,광주광역시,,,
409b40b87cf0761e9bfb,full_annotation_v1,A,q_가방_02,가방 파는 곳,패션·잡화 중 '가방'을 판매·제공하는 매장,train,가방,T2 동의어,f915f4a6-fc4f-436d-830c-5c3eca8421f3,조아가방,가방,양동복개상가,전통시장,광주광역시,,,
9e9987029fa1b8173051,full_annotation_v1,A,q_가방_02,가방 파는 곳,패션·잡화 중 '가방'을 판매·제공하는 매장,train,가방,T2 동의어,029710ff-b1a9-4640-a2de-959f9a9535d8,우주가방,가방,관고전통시장,전통시장,경기도,,,
49f5216d3e9acdbfbf7b,full_annotation_v1,A,q_가방_02,가방 파는 곳,패션·잡화 중 '가방'을 판매·제공하는 매장,train,가방,T2 동의어,672dbd03-3ed7-4f1f-9ae3-6bf91e42196e,영덕상회,가방,남서울상가,자율상권구역,서울특별시,,,
8f9fa0533ccdae708801,full_annotation_v1,A,q_가방_02,가방 파는 곳,패션·잡화 중 '가방'을 판매·제공하는 매장,train,가방,T2 동의어,23472a49-73aa-4e74-b6a3-2ded854d878e,하나투어 가람여행사 수완점,,수영 골목형상점가,골목형상점가,광주광역시,,,
bdd3cbd32e6863bee86d,full_annotation_v1,A,q_가방_02,가방 파는 곳,패션·잡화 중 '가방'을 판매·제공하는 매장,train,가방,T2 동의어,0b525bd1-afb8-498f-b1da-81da1bf56c13,신데렐라,가방,서동전통골목시장,전통시장,부산광역시,,,
3ddcd26b9a94a0185939,full_annotation_v1,A,q_가방_02,가방 파는 곳,패션·잡화 중 '가방'을 판매·제공하는 매장,train,가방,T2 동의어,53b04e80-e210-44ce-8f9d-4abce3074ac0,이디야커피 울산전하동점,커피,동울산종합시장,전통시장,울산광역시,,,
9a78ead0b1184931a07e,full_annotation_v1,A,q_가방_02,가방 파는 곳,패션·잡화 중 '가방'을 판매·제공하는 매장,train,가방,T2 동의어,19156553-c6a7-4d77-9582-c19921b78897,덕궁,가방,고투몰(강남터미널지하도상점가),일반지하상점가,서울특별시,,,
90d084e104c2724e4e92,full_annotation_v1,A,q_가방_02,가방 파는 곳,패션·잡화 중 '가방'을 판매·제공하는 매장,train,가방,T2 동의어,183ab1fd-73ab-453c-88ea-0b2779065d60,트리플 좋은 항공여행사,여행사,물베기 골목형상점가,골목형상점가,대구광역시,,,
5e9a1423d82bdb709a72,full_annotation_v1,A,q_가방_02,가방 파는 곳,패션·잡화 중 '가방'을 판매·제공하는 매장,train,가방,T2 동의어,19e46f5a-8e72-45e4-9f48-3a8f5dc7a53e,세일타운,가방,의정부제일시장,전통시장,경기도,,,
2bc7777c2edb95ad597c,full_annotation_v1,A,q_가방_02,가방 파는 곳,패션·잡화 중 '가방'을 판매·제공하는 매장,train,가방,T2 동의어,d1fae95f-f9b5-45d5-b667-609ffab6129d,딥디아,가방,북촌계동길골목형상점가,골목형상점가,서울특별시,,,
b9def4e9f6b9407ffe91,full_annotation_v1,A,q_가방_02,가방 파는 곳,패션·잡화 중 '가방'을 판매·제공하는 매장,train,가방,T2 동의어,6f8caafb-2f10-4e15-b0c4-65ee87b84fcd,보따리,가방,대현프리몰 대구점,일반지하상점가,대구광역시,,,
e8a0fefc31a46aafe3f9,full_annotation_v1,A,q_가방_02,가방 파는 곳,패션·잡화 중 '가방'을 판매·제공하는 매장,train,가방,T2 동의어,ce02a4c3-d18d-437c-ac70-7b86a4cdbdc8,살롱드(MK)엠케이,미용업,산본로데오거리(구 산본중심상가),자율상권구역,경기도,,,
9695a4f0ade175de8ab2,full_annotation_v1,A,q_가방_02,가방 파는 곳,패션·잡화 중 '가방'을 판매·제공하는 매장,train,가방,T2 동의어,81fd4c01-bd94-4b7c-b477-cf41edda266f,도로시,가방,젊음의거리 상점가,자율상권구역,울산광역시,,,
f26a124fa9c7b11f5fee,full_annotation_v1,A,q_가방_02,가방 파는 곳,패션·잡화 중 '가방'을 판매·제공하는 매장,train,가방,T2 동의어,24456103-f6b8-46af-8655-82e61d7265d8,커피가 머무르는 곳,커피,반드레길골목형상점가,골목형상점가,서울특별시,,,
e1f748ffe92c1e8fd883,full_annotation_v1,A,q_가방_02,가방 파는 곳,패션·잡화 중 '가방'을 판매·제공하는 매장,train,가방,T2 동의어,003747e4-8102-4296-bfdf-b7ca7c1f83fa,평화잡화,잡화,부산평화시장,전통시장,부산광역시,,,
54637afa95104bb1b904,full_annotation_v1,A,q_가방_02,가방 파는 곳,패션·잡화 중 '가방'을 판매·제공하는 매장,train,가방,T2 동의어,cc1ff9ed-d736-4788-8c31-f276055ca7cf,토마토,가방,남평화시장,전통시장,서울특별시,,,
3cc5a686ac6cb898d038,full_annotation_v1,A,q_가방_02,가방 파는 곳,패션·잡화 중 '가방'을 판매·제공하는 매장,train,가방,T2 동의어,027d8abc-2cc4-4b7b-9c90-7fb3240061de,골목여행사,여행,충주관아골상가,전통시장,충청북도,,,
354fbe412fb11927e496,full_annotation_v1,A,q_가방_02,가방 파는 곳,패션·잡화 중 '가방'을 판매·제공하는 매장,train,가방,T2 동의어,8965c135-432e-4b55-93f9-f40afa595e03,뚝딱가죽공방,가방폰케이스벨트지갑카드지갑필통성경커버키고리파우치머리핀팔찌등등,오치 쌍굴 골목형상점가,골목형상점가,광주광역시,,,
a719fbcb28e7c52db49e,full_annotation_v1,A,q_가방_02,가방 파는 곳,패션·잡화 중 '가방'을 판매·제공하는 매장,train,가방,T2 동의어,00242042-f371-486a-a1fc-b85de093edbf,슈올즈 이천점,"신발, 잡화",장터거리시장 골목형상점가,골목형상점가,경기도,,,
fe91ae07009073ab6f57,full_annotation_v1,A,q_가방_02,가방 파는 곳,패션·잡화 중 '가방'을 판매·제공하는 매장,train,가방,T2 동의어,f8be72c5-85f8-4bc3-8ba9-fe8ad26261ed,부흥상회,가방,중앙신시장,전통시장,경상북도,,,
0d102fbd7999c048ff73,full_annotation_v1,A,q_가방_02,가방 파는 곳,패션·잡화 중 '가방'을 판매·제공하는 매장,train,가방,T2 동의어,76a3551b-dae4-4326-92cc-662015aedbfb,쉴 곳,한식,칠성로상점가,자율상권구역,제주특별자치도,,,
48d885325f7977f31070,full_annotation_v1,A,q_가방_02,가방 파는 곳,패션·잡화 중 '가방'을 판매·제공하는 매장,train,가방,T2 동의어,1abfdb8d-c035-457e-bb73-4e00e063734a,개미공방,앞치마 가방 파우치,부산남문시장,전통시장,부산광역시,,,
40d49c8960072aec48a4,full_annotation_v1,A,q_가방_02,가방 파는 곳,패션·잡화 중 '가방'을 판매·제공하는 매장,train,가방,T2 동의어,46fde5f9-d372-4879-8f4a-29f267f62d84,동부가방,가방,강릉동부시장,전통시장,강원특별자치도,,,
bc7e607daced4d55bc61,full_annotation_v1,A,q_가방_02,가방 파는 곳,패션·잡화 중 '가방'을 판매·제공하는 매장,train,가방,T2 동의어,ae289aec-6d3d-40dc-8afe-46727d755d9d,진양가방,가방,부산자유시장,전통시장,부산광역시,,,
9d24973d70e39e306e9c,full_annotation_v1,A,q_가방_02,가방 파는 곳,패션·잡화 중 '가방'을 판매·제공하는 매장,train,가방,T2 동의어,d9f3ed83-249c-4eae-be32-b330df2d330e,마리,가방,부산평화시장,전통시장,부산광역시,,,
1444c3f20eef8e358325,full_annotation_v1,A,q_가방_02,가방 파는 곳,패션·잡화 중 '가방'을 판매·제공하는 매장,train,가방,T2 동의어,4e34af39-0373-4c92-a407-1d0c5886e284,쁠리쁠리,가방,소공 지하쇼핑센터,일반지하상점가,서울특별시,,,
f2df8eaa9f66a250071e,full_annotation_v1,A,q_가방_02,가방 파는 곳,패션·잡화 중 '가방'을 판매·제공하는 매장,train,가방,T2 동의어,aafab46c-92a0-456a-aa9d-76544c6c3745,서울가방,가방,영주소백쇼핑몰,전통시장,경상북도,,,
0fa941dcc0a2f79a6e6b,full_annotation_v1,A,q_가방_02,가방 파는 곳,패션·잡화 중 '가방'을 판매·제공하는 매장,train,가방,T2 동의어,8d7585ee-205c-483c-9814-6df66572dcdd,엘레강스,의류,부산평화시장,전통시장,부산광역시,,,
d8500be972e514204d57,full_annotation_v1,A,q_가방_02,가방 파는 곳,패션·잡화 중 '가방'을 판매·제공하는 매장,train,가방,T2 동의어,63e4a9cd-cdcf-4f23-82c9-7352af1c739a,가방마트,가방,나주금빛상점가,자율상권구역,전라남도,,,
d91b098d3331da0addc3,full_annotation_v1,A,q_가방_02,가방 파는 곳,패션·잡화 중 '가방'을 판매·제공하는 매장,train,가방,T2 동의어,818e1e94-5d46-4199-9418-abea7908b995,중앙가방,가방,영등포전통시장,자율상권구역,서울특별시,,,
4df057af521fc4c4742f,full_annotation_v1,A,q_가방_02,가방 파는 곳,패션·잡화 중 '가방'을 판매·제공하는 매장,train,가방,T2 동의어,c6c04b17-7b9f-492d-b5d7-38215a4b29c5,파리가방,가방,만물의거리시장,전통시장,부산광역시,,,
3704e114934273459798,full_annotation_v1,A,q_가방_02,가방 파는 곳,패션·잡화 중 '가방'을 판매·제공하는 매장,train,가방,T2 동의어,3bd6c226-4b1b-4862-b063-fbc096e80649,신데렐라,"손수건, 지갑 등",인현지하도상가,일반지하상점가,인천광역시,,,
88c283b03011c5548e5b,full_annotation_v1,A,q_가방_02,가방 파는 곳,패션·잡화 중 '가방'을 판매·제공하는 매장,train,가방,T2 동의어,1206fceb-4381-45d0-9122-5a0bd70ab272,GS25 강진후레쉬점,편의점,강진 서성도담길,골목형상점가,전라남도,,,
f1b24ded6bdf2919e2ec,full_annotation_v1,A,q_가방_02,가방 파는 곳,패션·잡화 중 '가방'을 판매·제공하는 매장,train,가방,T2 동의어,fcc074db-075b-4f63-99ed-581f75c6058e,유명가방,가방,원주미로예술중앙시장(원주중앙시장),전통시장,강원특별자치도,,,
18f65243cc4ada6d16ec,full_annotation_v1,A,q_가방_02,가방 파는 곳,패션·잡화 중 '가방'을 판매·제공하는 매장,train,가방,T2 동의어,a9fca939-0914-44ad-9b0f-f17a831c5dd3,다모아,가방,메트로센터(반월당지하쇼핑),일반지하상점가,대구광역시,,,
18904aea2d24cbbcb9a9,full_annotation_v1,A,q_가방_02,가방 파는 곳,패션·잡화 중 '가방'을 판매·제공하는 매장,train,가방,T2 동의어,d04387c3-3192-4652-b2e2-bbf6dd662c64,명동가방,가방,성남중앙지하시장,일반지하상점가,경기도,,,
c30465ad6baaf6c200ed,full_annotation_v1,A,q_가방_02,가방 파는 곳,패션·잡화 중 '가방'을 판매·제공하는 매장,train,가방,T2 동의어,986b8bc3-f2ac-4bf6-85fa-2f7064f49678,블랙박스,가방,부산국제시장,전통시장,부산광역시,,,
959ac1b35718ddc44f4f,full_annotation_v1,A,q_가방_02,가방 파는 곳,패션·잡화 중 '가방'을 판매·제공하는 매장,train,가방,T2 동의어,d2c438a3-7025-4449-a156-e1980e9eded0,미키정,가방,부산자유시장,전통시장,부산광역시,,,
4de8f35ad5afe2bd9b13,full_annotation_v1,A,q_가방_02,가방 파는 곳,패션·잡화 중 '가방'을 판매·제공하는 매장,train,가방,T2 동의어,0295fa53-0a30-4ec9-a0e5-f390fac21fb4,청개구리,가방,보령한내시장,전통시장,충청남도,,,
5eab0054e35f8d7bffc2,full_annotation_v1,A,q_가방_02,가방 파는 곳,패션·잡화 중 '가방'을 판매·제공하는 매장,train,가방,T2 동의어,7c223eef-0abb-411b-a160-8b9a34c68c9b,새서울가방,가방,청주중앙시장,전통시장,충청북도,,,
14a584d7e3b9f3a67d21,full_annotation_v1,A,q_가방_03,지갑,패션·잡화 중 '가방'을 판매·제공하는 매장,train,가방,T2 동의어,54206862-89b1-4306-bc4e-32ae49bb735c,서길사,지갑 벨트 장갑,평화시장,전통시장,서울특별시,,,
93da459a383615cdb451,full_annotation_v1,A,q_가방_03,지갑,패션·잡화 중 '가방'을 판매·제공하는 매장,train,가방,T2 동의어,183ab1fd-73ab-453c-88ea-0b2779065d60,트리플 좋은 항공여행사,여행사,물베기 골목형상점가,골목형상점가,대구광역시,,,
ade8384d2bf035e43b97,full_annotation_v1,A,q_가방_03,지갑,패션·잡화 중 '가방'을 판매·제공하는 매장,train,가방,T2 동의어,7ab8ba23-49f4-4a9f-8543-d87604089b2a,열린마당,지갑 등,성남중앙지하시장,일반지하상점가,경기도,,,
2401a893177c21ab87b7,full_annotation_v1,A,q_가방_03,지갑,패션·잡화 중 '가방'을 판매·제공하는 매장,train,가방,T2 동의어,963935c7-5f0f-4c4b-8de3-25fc1b6d0b2c,제일반도,"지갑, 벨트",부산남문시장,전통시장,부산광역시,,,
2a0b78f433b36d1de1ce,full_annotation_v1,A,q_가방_03,지갑,패션·잡화 중 '가방'을 판매·제공하는 매장,train,가방,T2 동의어,e9f8f52c-6cbb-4d1d-a24b-7931f48540e6,지홍수산,,승달 골목형상점가,골목형상점가,,,,
5e681375fc10afc6b3d9,full_annotation_v1,A,q_가방_03,지갑,패션·잡화 중 '가방'을 판매·제공하는 매장,train,가방,T2 동의어,f674bf33-60a5-4db9-be33-b571c8d8ca28,성안,"지갑, 벨트, 악세사리",안산다농마트전통시장,전통시장,경기도,,,
f3ac476d6357fe26c11a,full_annotation_v1,A,q_가방_03,지갑,패션·잡화 중 '가방'을 판매·제공하는 매장,train,가방,T2 동의어,dc6b0790-6b26-460f-86e7-a71d5bab7c7a,시장철물상회,"철물, 청소도구",성주시장,전통시장,경상북도,,,
f93f1f1b9a9a601a189b,full_annotation_v1,A,q_가방_03,지갑,패션·잡화 중 '가방'을 판매·제공하는 매장,train,가방,T2 동의어,43361501-b734-49f5-8481-0ecc4cd74901,광천장갑,장갑 잡화,광천문화시장,전통시장,충청남도,,,
6ecdde2fd0c5e55f6cf1,full_annotation_v1,A,q_가방_03,지갑,패션·잡화 중 '가방'을 판매·제공하는 매장,train,가방,T2 동의어,2551a516-c621-4b87-bbcb-ed051f6f72d8,지구별여행,여행,효천로 골목형상점가,골목형상점가,광주광역시,,,
05f74c6d7a2e7fde4e24,full_annotation_v1,A,q_가방_03,지갑,패션·잡화 중 '가방'을 판매·제공하는 매장,train,가방,T2 동의어,00b35d47-3ee0-4ce4-9415-a745b8ced8e0,쌈지,신발 가방,진주 중앙상점가,자율상권구역,경상남도,,,
2ed5d2d07a84241f940e,full_annotation_v1,A,q_가방_03,지갑,패션·잡화 중 '가방'을 판매·제공하는 매장,train,가방,T2 동의어,8575be7c-4bd2-42d9-b77e-9eb92dc34f8b,제일떡집,떡,신 강남시장,전통시장,인천광역시,,,
186f67c67ac66497791f,full_annotation_v1,A,q_가방_03,지갑,패션·잡화 중 '가방'을 판매·제공하는 매장,train,가방,T2 동의어,f0a88e69-9339-471d-a608-607f8721493a,지밥,의류,아름다운별장거리골목형상점가,골목형상점가,서울특별시,,,
1b57fc89147d29af792a,full_annotation_v1,A,q_가방_03,지갑,패션·잡화 중 '가방'을 판매·제공하는 매장,train,가방,T2 동의어,a00e65bb-ffe8-45bd-a27c-7461040225d4,유신벨트,지갑벨트,서문시장(명품프라자상가),전통시장,대구광역시,,,
ae7bff8a9dcef4e2cc00,full_annotation_v1,A,q_가방_03,지갑,패션·잡화 중 '가방'을 판매·제공하는 매장,train,가방,T2 동의어,cc182571-e1ba-4189-bf91-cd8b7b240111,따봄(따스한봄날),"잡화, 가방, 지갑",시장로타리지하상가,일반지하상점가,인천광역시,,,
1f406734a8f75257b587,full_annotation_v1,A,q_가방_03,지갑,패션·잡화 중 '가방'을 판매·제공하는 매장,train,가방,T2 동의어,8965c135-432e-4b55-93f9-f40afa595e03,뚝딱가죽공방,가방폰케이스벨트지갑카드지갑필통성경커버키고리파우치머리핀팔찌등등,오치 쌍굴 골목형상점가,골목형상점가,광주광역시,,,
1a50225dddbd96e905b7,full_annotation_v1,A,q_가방_03,지갑,패션·잡화 중 '가방'을 판매·제공하는 매장,train,가방,T2 동의어,cd48e9ea-d0a0-4583-bf61-90a0952bbc86,별미손만두,만두 김밥,세은 골목형상점가,골목형상점가,광주광역시,,,
74c1820e58a513669ec1,full_annotation_v1,A,q_가방_03,지갑,패션·잡화 중 '가방'을 판매·제공하는 매장,train,가방,T2 동의어,8327227e-152c-4ac3-a486-6e6d9732dd3e,대패갑,대패,운암동 현대아파트 골목형상점가,골목형상점가,광주광역시,,,
a8250693662a30dff7d4,full_annotation_v1,A,q_가방_03,지갑,패션·잡화 중 '가방'을 판매·제공하는 매장,train,가방,T2 동의어,366efd25-48fe-48ca-96f3-2a9e9052527c,태화장갑,장갑,부산자유시장,전통시장,부산광역시,,,
68097409880c6c5a6aae,full_annotation_v1,A,q_가방_03,지갑,패션·잡화 중 '가방'을 판매·제공하는 매장,train,가방,T2 동의어,6703701a-dfd6-4a9c-86d1-8287361ae4b5,첨단돌솥감자탕,뼈해장국,주월리 골목형상점가,골목형상점가,광주광역시,,,
f6ac2ca89f48d5ae1b37,full_annotation_v1,A,q_가방_03,지갑,패션·잡화 중 '가방'을 판매·제공하는 매장,train,가방,T2 동의어,4b014bbe-f535-468c-a7bb-de6550686f1b,텐퍼센트세종새롬점,커피,새롬동 골목형상점가,골목형상점가,세종특별자치시,,,
6c7fd0b8fac248e77969,full_annotation_v1,A,q_가방_03,지갑,패션·잡화 중 '가방'을 판매·제공하는 매장,train,가방,T2 동의어,b90f4c52-cb1f-4b57-963b-dde4c3bcd798,끌레르헤어,헤어미용,건국다복 골목형상점가,골목형상점가,광주광역시,,,
e51f1418e0486c650b1d,full_annotation_v1,A,q_가방_03,지갑,패션·잡화 중 '가방'을 판매·제공하는 매장,train,가방,T2 동의어,b87c1f11-5edf-46b0-b2ac-92de6154cf15,강운상사,장갑,방산종합시장,전통시장,서울특별시,,,
20366a1a6d0a6d2f2828,full_annotation_v1,A,q_가방_03,지갑,패션·잡화 중 '가방'을 판매·제공하는 매장,train,가방,T2 동의어,00242042-f371-486a-a1fc-b85de093edbf,슈올즈 이천점,"신발, 잡화",장터거리시장 골목형상점가,골목형상점가,경기도,,,
e4fe25c6c14b62ed3637,full_annotation_v1,A,q_가방_03,지갑,패션·잡화 중 '가방'을 판매·제공하는 매장,train,가방,T2 동의어,0176d678-e45f-4763-b752-f79b2ca9f34e,종로물산,"지갑, 케이스",동대문문구완구거리,자율상권구역,서울특별시,,,
498670e18d89a7aff1f6,full_annotation_v1,A,q_가방_03,지갑,패션·잡화 중 '가방'을 판매·제공하는 매장,train,가방,T2 동의어,9a8cae7f-d38f-4868-a649-de9f94776382,용호장갑,장갑,임방울거리2구역 골목형상점가,골목형상점가,광주광역시,,,
20793e3627732d05633f,full_annotation_v1,A,q_가방_03,지갑,패션·잡화 중 '가방'을 판매·제공하는 매장,train,가방,T2 동의어,4e9110cd-2ff4-4c1a-a5e3-0796532336ca,제일장갑,장갑,임동오거리 골목형상점가,골목형상점가,광주광역시,,,
1d35622a129cc8165a10,full_annotation_v1,A,q_가방_03,지갑,패션·잡화 중 '가방'을 판매·제공하는 매장,train,가방,T2 동의어,8bd23292-4594-4e60-962b-4b350a9f973f,부영상회,"가방, 지갑, 손수건, 잡화류 등",아리랑거리,전통시장,부산광역시,,,
54dc869402b6b3b8953a,full_annotation_v1,A,q_가방_03,지갑,패션·잡화 중 '가방'을 판매·제공하는 매장,train,가방,T2 동의어,3bd6c226-4b1b-4862-b063-fbc096e80649,신데렐라,"손수건, 지갑 등",인현지하도상가,일반지하상점가,인천광역시,,,
67080785da1464ecf88b,full_annotation_v1,A,q_가방_03,지갑,패션·잡화 중 '가방'을 판매·제공하는 매장,train,가방,T2 동의어,c40f08e3-8e6f-4bfa-bf1d-30b7c5322457,성훈상회,지갑.벨트,대전도매시장,전통시장,대전광역시,,,
a61cb6ea803dc4182c9c,full_annotation_v1,A,q_가방_03,지갑,패션·잡화 중 '가방'을 판매·제공하는 매장,train,가방,T2 동의어,ae3aa4b3-2cae-4ab9-b60d-60d19bc2c2f7,dotto,양말 목도리장갑모자 파우치 등 잡화,나주혁신도시 상가번영회,자율상권구역,전라남도,,,
b134ba3294103d326115,full_annotation_v1,A,q_가방_03,지갑,패션·잡화 중 '가방'을 판매·제공하는 매장,train,가방,T2 동의어,029710ff-b1a9-4640-a2de-959f9a9535d8,우주가방,가방,관고전통시장,전통시장,경기도,,,
04b863e0059b8345deee,full_annotation_v1,A,q_가방_03,지갑,패션·잡화 중 '가방'을 판매·제공하는 매장,train,가방,T2 동의어,4d171d62-5198-4a38-89a4-8ed47e94e3c1,동아가방,"가방, 의류, 우산, 지갑",창원 상남시장,전통시장,경상남도,,,
3ec8c6e112a50c972ea4,full_annotation_v1,A,q_가방_03,지갑,패션·잡화 중 '가방'을 판매·제공하는 매장,train,가방,T2 동의어,003d5df8-0856-45e0-a11e-5098cf70541e,앨리스리본&공방,"공방, 잡화",봉화내성시장,전통시장,경상북도,,,
cf01a871e8a44b0264e8,full_annotation_v1,A,q_가방_03,지갑,패션·잡화 중 '가방'을 판매·제공하는 매장,train,가방,T2 동의어,9768a131-07c1-46bf-aebb-fe4370300765,삼손장갑,장갑 일용잡화,진북동 골목형상점가,골목형상점가,전북특별자치도,,,
33cb7e9d9d1ec72f8655,full_annotation_v1,A,q_가방_03,지갑,패션·잡화 중 '가방'을 판매·제공하는 매장,train,가방,T2 동의어,028a1e16-4ae6-4cb3-9065-3acdb329af74,테라,"의류, 잡화(가방)",남천동로108번길 골목형상점가,골목형상점가,부산광역시,,,
55395cc04838f79154fe,full_annotation_v1,A,q_가방_03,지갑,패션·잡화 중 '가방'을 판매·제공하는 매장,train,가방,T2 동의어,8a3a4c1f-463f-4a5c-af2e-a5de16034f43,럭키애순,잠옷,중앙로 지하상가 상점가,일반지하상점가,대전광역시,,,
2923d92183b84b6f18f4,full_annotation_v1,A,q_가방_03,지갑,패션·잡화 중 '가방'을 판매·제공하는 매장,train,가방,T2 동의어,77646d1e-9f66-4c55-95c8-4060c1df9917,지읒지읒(ㅈㅈ)담배,,대방디엠시티 골목형상점가,골목형상점가,전북특별자치도,,,
8ddf3fb6ceb40ecd7425,full_annotation_v1,A,q_가방_03,지갑,패션·잡화 중 '가방'을 판매·제공하는 매장,train,가방,T2 동의어,0054b824-eb72-4efa-a1ba-40d467c899a5,수정상회,잡화,중앙전통시장,전통시장,울산광역시,,,
3d2ee23dbbbdb8673ee6,full_annotation_v1,A,q_가방_03,지갑,패션·잡화 중 '가방'을 판매·제공하는 매장,train,가방,T2 동의어,0274a049-93a0-4b84-8369-f1ffc368b5ab,모아,가방,자유상가,전통시장,서울특별시,,,
543ddb73c8ffd5c769f3,full_annotation_v1,A,q_가방_03,지갑,패션·잡화 중 '가방'을 판매·제공하는 매장,train,가방,T2 동의어,52462d99-b743-4627-80f2-d06681b614cf,시장식당,순대국,까치산시장,전통시장,서울특별시,,,
bc99b43f03e567519529,full_annotation_v1,A,q_가방_03,지갑,패션·잡화 중 '가방'을 판매·제공하는 매장,train,가방,T2 동의어,7524e82c-3edf-48e8-bf93-9270e82ef7be,대성한방,롤파우치 박스,서울약령시장,전통시장,서울특별시,,,
6737737f3e0e591b5a0e,full_annotation_v1,A,q_가방_03,지갑,패션·잡화 중 '가방'을 판매·제공하는 매장,train,가방,T2 동의어,00819c8a-dbaa-4ab0-8771-985453a7f35a,빨강여우,가방,부산자유시장,전통시장,부산광역시,,,
27d975e1ae9701ec875a,full_annotation_v1,A,q_가방_03,지갑,패션·잡화 중 '가방'을 판매·제공하는 매장,train,가방,T2 동의어,19c32a53-a6f1-4ae5-8a34-349b29bcc6ec,새빛태권도,태권도교육,새롬동 골목형상점가,골목형상점가,세종특별자치시,,,
cc5204b46fea6b8a75b0,full_annotation_v1,A,q_가방_03,지갑,패션·잡화 중 '가방'을 판매·제공하는 매장,train,가방,T2 동의어,99a4282a-6786-45cc-a764-ff979fdd4050,지돼로,한식,첨단지구 골목형상점가,골목형상점가,광주광역시,,,
df71ac14b43ba31a72da,full_annotation_v1,A,q_가방_03,지갑,패션·잡화 중 '가방'을 판매·제공하는 매장,train,가방,T2 동의어,0295fa53-0a30-4ec9-a0e5-f390fac21fb4,청개구리,가방,보령한내시장,전통시장,충청남도,,,
50d150235424a9db0a26,full_annotation_v1,A,q_가방_03,지갑,패션·잡화 중 '가방'을 판매·제공하는 매장,train,가방,T2 동의어,ef898b86-99a8-4341-a1e1-f2028e0ab68b,아바드가죽공방,가죽지갑,산본사거리 골목형상점가,골목형상점가,경기도,,,
df172272a8fe1ffe7524,full_annotation_v1,A,q_가방_03,지갑,패션·잡화 중 '가방'을 판매·제공하는 매장,train,가방,T2 동의어,76f419cb-6df7-4678-a7e4-6ba9c4d91140,생육갑,,장성읍 골목형상점가,골목형상점가,전라남도,,,
2fd97a9d1074646414f8,full_annotation_v1,A,q_가방_03,지갑,패션·잡화 중 '가방'을 판매·제공하는 매장,train,가방,T2 동의어,2d93b69e-0a24-4451-813d-9a735fa4ad40,보떼화장품주월점,화장품,세은 골목형상점가,골목형상점가,광주광역시,,,
4635ecd242efa2e3dd70,full_annotation_v1,A,q_가방_03,지갑,패션·잡화 중 '가방'을 판매·제공하는 매장,train,가방,T2 동의어,02196756-54cf-4d93-b198-f1c019f344af,대경상사,가방,자유상가,전통시장,서울특별시,,,
be26866cc3e84cf67d2e,full_annotation_v1,A,q_가방_03,지갑,패션·잡화 중 '가방'을 판매·제공하는 매장,train,가방,T2 동의어,41f97229-4d3a-4222-8b90-ee78b5a5a3dc,보성장갑,장갑,창원 상남시장,전통시장,경상남도,,,
7adab6761e158f462d33,full_annotation_v1,A,q_가방_03,지갑,패션·잡화 중 '가방'을 판매·제공하는 매장,train,가방,T2 동의어,d67f292c-3f13-42c2-b513-16a511b0b0ab,넙순이식당,생선조림 옻닭 옻오리,도군머리 골목형상점가,골목형상점가,광주광역시,,,
1c7d959c19bb4c24b0c1,full_annotation_v1,A,q_가방_03,지갑,패션·잡화 중 '가방'을 판매·제공하는 매장,train,가방,T2 동의어,03cf417c-a1dd-423e-ab5a-eb127713f806,지뎅,,상지대길골목형상점가,골목형상점가,강원특별자치도,,,
1001448d27735c2f851d,full_annotation_v1,A,q_가방_03,지갑,패션·잡화 중 '가방'을 판매·제공하는 매장,train,가방,T2 동의어,ddba4df0-9fde-4889-be06-316b5f668842,88장갑,장갑,유성시장 골목형상점가,골목형상점가,대전광역시,,,
723bf6c2f36ba72cffe9,full_annotation_v1,A,q_가방_03,지갑,패션·잡화 중 '가방'을 판매·제공하는 매장,train,가방,T2 동의어,1abfdb8d-c035-457e-bb73-4e00e063734a,개미공방,앞치마 가방 파우치,부산남문시장,전통시장,부산광역시,,,
bb54f5372b82b6e0a517,full_annotation_v1,A,q_가방_03,지갑,패션·잡화 중 '가방'을 판매·제공하는 매장,train,가방,T2 동의어,44bd6c42-ef2b-4b7e-a241-8b8e1e5317b4,원할머니 보쌈족발&박가부대찌개(송촌동),부대찌개&보쌈,송촌동상점가,자율상권구역,대전광역시,,,
de31974e1787fa167f32,full_annotation_v1,A,q_가방_03,지갑,패션·잡화 중 '가방'을 판매·제공하는 매장,train,가방,T2 동의어,cceb6e71-4a02-4a25-bd85-c54f6bbab03f,은성장갑,장갑,백년소상공인,기타,충청북도,,,
b76ec9d43c0f0eb86312,full_annotation_v1,A,q_가방_03,지갑,패션·잡화 중 '가방'을 판매·제공하는 매장,train,가방,T2 동의어,348238c2-f6f6-4b44-801d-e51ea627dcba,아카디아,도매(지갑),남평화시장,전통시장,서울특별시,,,
02f68732b6597ec61bc8,full_annotation_v1,A,q_가방_03,지갑,패션·잡화 중 '가방'을 판매·제공하는 매장,train,가방,T2 동의어,cdb88b99-5a6b-4e0f-9690-ce323581e4c9,부림장갑,장갑,경열로상인회 골목형상점가,골목형상점가,광주광역시,,,
b2e395909488b229802a,full_annotation_v1,A,q_가방_03,지갑,패션·잡화 중 '가방'을 판매·제공하는 매장,train,가방,T2 동의어,e0bba3d4-593d-49f2-98a8-1a03e927ac2e,최종선이비인후과,이비인후과진료,건국다복 골목형상점가,골목형상점가,광주광역시,,,
f3197c1773f3e38e6cc8,full_annotation_v1,A,q_가방_03,지갑,패션·잡화 중 '가방'을 판매·제공하는 매장,train,가방,T2 동의어,26593c55-8600-4ef8-9399-f4b48cc0de92,범진상공사,연마지,인천산업유통센터,전통시장,인천광역시,,,
8c26e1d6c987bb6c3cf1,full_annotation_v1,A,q_가방_03,지갑,패션·잡화 중 '가방'을 판매·제공하는 매장,train,가방,T2 동의어,e1dd50e4-9342-49c5-a11b-946c0ed92c28,민아양행,"지갑, 잡화",만물의거리시장,전통시장,부산광역시,,,
7852d5b95539a8465dd4,full_annotation_v1,A,q_가방_03,지갑,패션·잡화 중 '가방'을 판매·제공하는 매장,train,가방,T2 동의어,1dcdd72e-c65d-49b7-b76c-aed4174d893c,트윈스여행사,여행사,울산 스퀘어 골목형상점가,골목형상점가,울산광역시,,,
ebeb5328baf749fa7bf5,full_annotation_v1,A,q_가방_03,지갑,패션·잡화 중 '가방'을 판매·제공하는 매장,train,가방,T2 동의어,b47d0131-0490-408b-8d10-72ccf27cd957,산하식당,한식(한우 양갈비 오리),백년소상공인,기타,경기도,,,
20883b28ed2b7cdb13c8,full_annotation_v1,A,q_가방_03,지갑,패션·잡화 중 '가방'을 판매·제공하는 매장,train,가방,T2 동의어,027d8abc-2cc4-4b7b-9c90-7fb3240061de,골목여행사,여행,충주관아골상가,전통시장,충청북도,,,
efc6e38a408d2b4f4937,full_annotation_v1,A,q_가방_03,지갑,패션·잡화 중 '가방'을 판매·제공하는 매장,train,가방,T2 동의어,aebf6da0-d53a-41b6-b5a3-ea8ea2f8aa39,레드백,"가방, 지갑, 잡화",㈜르네시떼,전통시장,부산광역시,,,
91abfb31fc95d2b9b141,full_annotation_v1,A,q_가방_03,지갑,패션·잡화 중 '가방'을 판매·제공하는 매장,train,가방,T2 동의어,23472a49-73aa-4e74-b6a3-2ded854d878e,하나투어 가람여행사 수완점,,수영 골목형상점가,골목형상점가,광주광역시,,,
01669630c9683aca5ceb,full_annotation_v1,A,q_가방_03,지갑,패션·잡화 중 '가방'을 판매·제공하는 매장,train,가방,T2 동의어,dc5aae55-432e-4120-bf4f-46c8f3eb3c30,신정상사,장갑,진흥종합시장,전통시장,인천광역시,,,
27b3b3ef8a572e4d1651,full_annotation_v1,A,q_가방_03,지갑,패션·잡화 중 '가방'을 판매·제공하는 매장,train,가방,T2 동의어,001bacc9-5a95-4049-babd-6691512d8da0,백두사,잡화,장량성도시장,전통시장,경상북도,,,
c7177b2dc6c7eceb538e,full_annotation_v1,A,q_가방_03,지갑,패션·잡화 중 '가방'을 판매·제공하는 매장,train,가방,T2 동의어,1db0f003-ee69-42d4-8a27-97099eafb0e6,민트민트,가방파우치,성남중앙지하시장,일반지하상점가,경기도,,,
0abc4f42035fd005e945,full_annotation_v1,A,q_가방_03,지갑,패션·잡화 중 '가방'을 판매·제공하는 매장,train,가방,T2 동의어,4c743008-d3f4-4b93-83e7-e7a92d6a0571,지갑나라,"벨트, 잡화",부산국제시장,전통시장,부산광역시,,,
8d5bc42ca52aeb9f17f4,full_annotation_v1,A,q_가방_03,지갑,패션·잡화 중 '가방'을 판매·제공하는 매장,train,가방,T2 동의어,003747e4-8102-4296-bfdf-b7ca7c1f83fa,평화잡화,잡화,부산평화시장,전통시장,부산광역시,,,
702480cceef425683214,full_annotation_v1,A,q_가방_03,지갑,패션·잡화 중 '가방'을 판매·제공하는 매장,train,가방,T2 동의어,ffdb883c-cc35-4fac-85ac-44f70b1255ab,종상회,"가방, 지갑",전통중앙도매상가,전통시장,대전광역시,,,
b5b98bc324796f00a1ff,full_annotation_v1,A,q_가방_03,지갑,패션·잡화 중 '가방'을 판매·제공하는 매장,train,가방,T2 동의어,79716ec5-54ef-46c5-88f3-18ae64f19142,동래장갑,,백년소상공인,,부산광역시,,,
3a6b684309c9386edc35,full_annotation_v1,A,q_가방_03,지갑,패션·잡화 중 '가방'을 판매·제공하는 매장,train,가방,T2 동의어,97f70401-7864-45de-aa24-ec1a13f28f9f,아꼬미상점,핸드백 핸드메이드지갑,칠성로상점가,자율상권구역,제주특별자치도,,,
b19ab34409261b268a34,full_annotation_v1,A,q_가방_03,지갑,패션·잡화 중 '가방'을 판매·제공하는 매장,train,가방,T2 동의어,10fb5247-268b-44df-bc58-932382ccdafd,부흥상사,포장자재,인천산업유통센터,전통시장,인천광역시,,,
af35039cda96ddd05829,full_annotation_v1,A,q_가방_03,지갑,패션·잡화 중 '가방'을 판매·제공하는 매장,train,가방,T2 동의어,043f6fd4-4641-4145-898a-a700c5612c48,지꽃,,제민천 골목형상점가,골목형상점가,충청남도,,,
26a82e7fada0120793a9,full_annotation_v1,A,q_가방_03,지갑,패션·잡화 중 '가방'을 판매·제공하는 매장,train,가방,T2 동의어,aad58be9-7181-4bc4-a581-5cd349139342,알파고,벨트지갑장갑가방잡화,신평화패션타운,전통시장,서울특별시,,,
d8953df232bcd910502d,full_annotation_v1,A,q_가방_04,파우치,패션·잡화 중 '가방'을 판매·제공하는 매장,train,가방,T2 동의어,803eab75-7193-4fcc-bd9b-56c42fb13acf,핑크파우더,여성의류,제천시 원도심 상권활성화구역,상권활성화구역,충청북도,,,
0c9e3449bb3fa769d79c,full_annotation_v1,A,q_가방_04,파우치,패션·잡화 중 '가방'을 판매·제공하는 매장,train,가방,T2 동의어,a493aa8e-d59d-4eda-99ae-ae732221a1c3,늑대와여우컴퓨터법동점,컴퓨터및주변기기,법동시장,전통시장,대전광역시,,,
fc3de3cbd29f2a520cbe,full_annotation_v1,A,q_가방_04,파우치,패션·잡화 중 '가방'을 판매·제공하는 매장,train,가방,T2 동의어,027d8abc-2cc4-4b7b-9c90-7fb3240061de,골목여행사,여행,충주관아골상가,전통시장,충청북도,,,
47b810a01e28d54fa7a7,full_annotation_v1,A,q_가방_04,파우치,패션·잡화 중 '가방'을 판매·제공하는 매장,train,가방,T2 동의어,e14680a0-af07-4956-a6cb-a9c10f6e7475,밀크루미,가방 파우치 매트등,운남골목 골목형상점가,골목형상점가,광주광역시,,,
c5b94f12380ca4b71e7d,full_annotation_v1,A,q_가방_04,파우치,패션·잡화 중 '가방'을 판매·제공하는 매장,train,가방,T2 동의어,8a90135d-3576-4786-a568-dd918046b606,김현우치과의원,치과의료,신창 골목형상점가,골목형상점가,광주광역시,,,
c984b2fda58687a145ee,full_annotation_v1,A,q_가방_04,파우치,패션·잡화 중 '가방'을 판매·제공하는 매장,train,가방,T2 동의어,f05c2f42-9639-4ff6-b628-fed5d563498e,씨 거제점,의류,거제 고현시장,전통시장,경상남도,,,
820be49a34b2c047de94,full_annotation_v1,A,q_가방_04,파우치,패션·잡화 중 '가방'을 판매·제공하는 매장,train,가방,T2 동의어,ff49a016-1748-4c1e-a003-0f2d9e2fa423,파돈,한식,덕풍전통시장,전통시장,경기도,,,
57d496da5ef20688ff8d,full_annotation_v1,A,q_가방_04,파우치,패션·잡화 중 '가방'을 판매·제공하는 매장,train,가방,T2 동의어,ae3aa4b3-2cae-4ab9-b60d-60d19bc2c2f7,dotto,양말 목도리장갑모자 파우치 등 잡화,나주혁신도시 상가번영회,자율상권구역,전라남도,,,
00d92c532a72f3f0fd98,full_annotation_v1,A,q_가방_04,파우치,패션·잡화 중 '가방'을 판매·제공하는 매장,train,가방,T2 동의어,5d1e2123-bd92-466c-a2d5-d6dae20dc725,오여사김치,김치,청주사창시장,전통시장,충청북도,,,
13051689fb67a5b35d58,full_annotation_v1,A,q_가방_04,파우치,패션·잡화 중 '가방'을 판매·제공하는 매장,train,가방,T2 동의어,9de8aeda-1f0a-4f7d-997c-ba22f8648fde,우치,일식,청주시 소나무길 일원 자율상권구역,,충청북도,,,
f709de5bd09368051eef,full_annotation_v1,A,q_가방_04,파우치,패션·잡화 중 '가방'을 판매·제공하는 매장,train,가방,T2 동의어,00819c8a-dbaa-4ab0-8771-985453a7f35a,빨강여우,가방,부산자유시장,전통시장,부산광역시,,,
7417a3362397ca6237d9,full_annotation_v1,A,q_가방_04,파우치,패션·잡화 중 '가방'을 판매·제공하는 매장,train,가방,T2 동의어,470e1e87-6da7-4644-b29e-666423ef8122,밀크파우더,아동복,남대문시장,전통시장,서울특별시,,,
73f3c587fa34fa9c1d19,full_annotation_v1,A,q_가방_04,파우치,패션·잡화 중 '가방'을 판매·제공하는 매장,train,가방,T2 동의어,9ce1f108-6a44-44db-8368-7e6177116236,할루우치킨,치킨,성동용답상가시장,전통시장,서울특별시,,,
3d84f34d6c6c4927199e,full_annotation_v1,A,q_가방_04,파우치,패션·잡화 중 '가방'을 판매·제공하는 매장,train,가방,T2 동의어,8aa43ace-7507-4a7f-9daa-845fa11f4176,젬파우 (Gempaw),,서구청먹자골목상인회 골목형상점가,골목형상점가,,,,
1306440b247ae796782a,full_annotation_v1,A,q_가방_04,파우치,패션·잡화 중 '가방'을 판매·제공하는 매장,train,가방,T2 동의어,02196756-54cf-4d93-b198-f1c019f344af,대경상사,가방,자유상가,전통시장,서울특별시,,,
d3ba20331a288d69527d,full_annotation_v1,A,q_가방_04,파우치,패션·잡화 중 '가방'을 판매·제공하는 매장,train,가방,T2 동의어,001bacc9-5a95-4049-babd-6691512d8da0,백두사,잡화,장량성도시장,전통시장,경상북도,,,
0daf6d5f0ff9e1fe9073,full_annotation_v1,A,q_가방_04,파우치,패션·잡화 중 '가방'을 판매·제공하는 매장,train,가방,T2 동의어,e29b9a5e-b158-4c45-976b-f014de70e0bd,파우제,커피전문점,백운브릿지 골목형상점가,골목형상점가,광주광역시,,,
f7bdb36bd33d9bf20d63,full_annotation_v1,A,q_가방_04,파우치,패션·잡화 중 '가방'을 판매·제공하는 매장,train,가방,T2 동의어,692ad412-d052-43e0-a960-2195e4ffa2c9,파인힐팬션,,강촌 골목형상점가,골목형상점가,강원특별자치도,,,
9d9f06ad233c5f51abe5,full_annotation_v1,A,q_가방_04,파우치,패션·잡화 중 '가방'을 판매·제공하는 매장,train,가방,T2 동의어,abd4f9f4-0e2f-4789-9ad8-97ffa516668b,우치,도자기,사기막골도자기시장(구 사기막골도예촌재래시장),전통시장,경기도,,,
af6dfc2a0a1edd8dd739,full_annotation_v1,A,q_가방_04,파우치,패션·잡화 중 '가방'을 판매·제공하는 매장,train,가방,T2 동의어,dfb2d923-99a7-4fa4-b3d3-332f9209d85e,네일코인,미용업,산본로데오거리(구 산본중심상가),자율상권구역,경기도,,,
6a662de2b1f3dfa9301b,full_annotation_v1,A,q_가방_04,파우치,패션·잡화 중 '가방'을 판매·제공하는 매장,train,가방,T2 동의어,b089a028-535c-4217-abe8-514f7553a177,닭발점빵 대명점,"닭발, 불닭",영선신시장,전통시장,대구광역시,,,
fe9e2e20dafc94df6c2a,full_annotation_v1,A,q_가방_04,파우치,패션·잡화 중 '가방'을 판매·제공하는 매장,train,가방,T2 동의어,cd1c8754-7722-40a4-b5ea-0d0114d243b2,커파우스,카페,도화동상점가,자율상권구역,서울특별시,,,
8501ef84a0fc24dda6f8,full_annotation_v1,A,q_가방_04,파우치,패션·잡화 중 '가방'을 판매·제공하는 매장,train,가방,T2 동의어,7524e82c-3edf-48e8-bf93-9270e82ef7be,대성한방,롤파우치 박스,서울약령시장,전통시장,서울특별시,,,
f15f98bf879888b83d60,full_annotation_v1,A,q_가방_04,파우치,패션·잡화 중 '가방'을 판매·제공하는 매장,train,가방,T2 동의어,061dc5fc-ddf9-455f-ada9-ad31642c9d74,버터파우더,디저트 커피,물베기 골목형상점가,골목형상점가,대구광역시,,,
e19dfcd685117e17c3db,full_annotation_v1,A,q_가방_04,파우치,패션·잡화 중 '가방'을 판매·제공하는 매장,train,가방,T2 동의어,d9fee7cd-01d5-49f5-a74b-8b31013d924d,와우치킨유통,한식,원당시장(구 원당전통시장),전통시장,경기도,,,
5ad82c572d70f36d2df4,full_annotation_v1,A,q_가방_04,파우치,패션·잡화 중 '가방'을 판매·제공하는 매장,train,가방,T2 동의어,3b0d3fbf-89f9-4c1d-a53f-30078a6bcc04,파불집,,복수동 골목형상점가,골목형상점가,대전광역시,,,
8ac097714a9d17d11831,full_annotation_v1,A,q_가방_04,파우치,패션·잡화 중 '가방'을 판매·제공하는 매장,train,가방,T2 동의어,3bd6c226-4b1b-4862-b063-fbc096e80649,신데렐라,"손수건, 지갑 등",인현지하도상가,일반지하상점가,인천광역시,,,
e71e5739999f831c3c34,full_annotation_v1,A,q_가방_04,파우치,패션·잡화 중 '가방'을 판매·제공하는 매장,train,가방,T2 동의어,bf37161a-5ca5-44d8-b078-f2dff04cb723,GS25용봉우치점,생활용품,용봉우치로 골목형상점가,골목형상점가,광주광역시,,,
ae9843be66d105376864,full_annotation_v1,A,q_가방_04,파우치,패션·잡화 중 '가방'을 판매·제공하는 매장,train,가방,T2 동의어,36d4dca3-6014-4170-bf75-18110f61a5ee,서울떡집,떡집,산격종합시장,전통시장,대구광역시,,,
371b052b065bba514d7e,full_annotation_v1,A,q_가방_04,파우치,패션·잡화 중 '가방'을 판매·제공하는 매장,train,가방,T2 동의어,028a1e16-4ae6-4cb3-9065-3acdb329af74,테라,"의류, 잡화(가방)",남천동로108번길 골목형상점가,골목형상점가,부산광역시,,,
09a05de5103afbb23814,full_annotation_v1,A,q_가방_04,파우치,패션·잡화 중 '가방'을 판매·제공하는 매장,train,가방,T2 동의어,0cc222bc-9acf-4179-bd38-503b02526baf,카페인중독 금호운천점,커피 등,금호운천로상인회 골목형상점가,골목형상점가,광주광역시,,,
9306f14fb89ad9e3558e,full_annotation_v1,A,q_가방_04,파우치,패션·잡화 중 '가방'을 판매·제공하는 매장,train,가방,T2 동의어,0176d678-e45f-4763-b752-f79b2ca9f34e,종로물산,"지갑, 케이스",동대문문구완구거리,자율상권구역,서울특별시,,,
19b34fa544212d475a04,full_annotation_v1,A,q_가방_04,파우치,패션·잡화 중 '가방'을 판매·제공하는 매장,train,가방,T2 동의어,f75764d4-4ad8-44c8-ad99-7ccf3eea78de,파지,,중흥자재거리 골목형상점가,골목형상점가,광주광역시,,,
0822827fdaedf833c0b2,full_annotation_v1,A,q_가방_04,파우치,패션·잡화 중 '가방'을 판매·제공하는 매장,train,가방,T2 동의어,9d839881-ba18-4a0d-842f-d695cb76fd14,중앙김치,김치,서산동부전통시장,전통시장,충청남도,,,
5e3f8fb7348fd9d6cb8f,full_annotation_v1,A,q_가방_04,파우치,패션·잡화 중 '가방'을 판매·제공하는 매장,train,가방,T2 동의어,54206862-89b1-4306-bc4e-32ae49bb735c,서길사,지갑 벨트 장갑,평화시장,전통시장,서울특별시,,,
6fb890083d103bb7de4b,full_annotation_v1,A,q_가방_04,파우치,패션·잡화 중 '가방'을 판매·제공하는 매장,train,가방,T2 동의어,543a5f4e-b8db-4d80-b986-cc02e32442ad,파우사네일아트먼트,네일,송도 아트포레 판매시설 골목형상점가,골목형상점가,인천광역시,,,
ee6a13641e74c920087f,full_annotation_v1,A,q_가방_04,파우치,패션·잡화 중 '가방'을 판매·제공하는 매장,train,가방,T2 동의어,00242042-f371-486a-a1fc-b85de093edbf,슈올즈 이천점,"신발, 잡화",장터거리시장 골목형상점가,골목형상점가,경기도,,,
e7d0a10e6c0edd9dbc30,full_annotation_v1,A,q_가방_04,파우치,패션·잡화 중 '가방'을 판매·제공하는 매장,train,가방,T2 동의어,547c94b9-1a47-417e-aba9-52c874ac55db,우치과의원,의료서비스,천상천 골목형상점가,골목형상점가,울산광역시,,,
69d2310950fe27436c98,full_annotation_v1,A,q_가방_04,파우치,패션·잡화 중 '가방'을 판매·제공하는 매장,train,가방,T2 동의어,0054b824-eb72-4efa-a1ba-40d467c899a5,수정상회,잡화,중앙전통시장,전통시장,울산광역시,,,
9ecf7a2ec52c8ee8bcf5,full_annotation_v1,A,q_가방_04,파우치,패션·잡화 중 '가방'을 판매·제공하는 매장,train,가방,T2 동의어,40bd3253-85c2-4e2d-822c-d90732c42d36,알파우장산역점,문구,우장산역 골목형상점가,골목형상점가,서울특별시,,,
19cd8ac3a12ab18d6c2d,full_annotation_v1,A,q_가방_04,파우치,패션·잡화 중 '가방'을 판매·제공하는 매장,train,가방,T2 동의어,41f0b708-fbae-4785-bcd2-77740b0b4d1c,팟카파우,음식점,신흥시장,전통시장,서울특별시,,,
fe678298df4822bc6e63,full_annotation_v1,A,q_가방_04,파우치,패션·잡화 중 '가방'을 판매·제공하는 매장,train,가방,T2 동의어,63a2ca74-2d1e-4aac-a9ce-281d462ca328,연참치,참치,연제오방 상권활성화구역,상권활성화구역,부산광역시,,,
ea4de6422b1f1298cc0f,full_annotation_v1,A,q_가방_04,파우치,패션·잡화 중 '가방'을 판매·제공하는 매장,train,가방,T2 동의어,1acc3980-16b7-4807-92dd-48522ed373ae,금호 명품 전집,한식,화개 상인회 골목형상점가,골목형상점가,광주광역시,,,
ddd4b77c883fe4fa75ff,full_annotation_v1,A,q_가방_04,파우치,패션·잡화 중 '가방'을 판매·제공하는 매장,train,가방,T2 동의어,00b35d47-3ee0-4ce4-9415-a745b8ced8e0,쌈지,신발 가방,진주 중앙상점가,자율상권구역,경상남도,,,
9db4829eb380b30cc0ea,full_annotation_v1,A,q_가방_04,파우치,패션·잡화 중 '가방'을 판매·제공하는 매장,train,가방,T2 동의어,348238c2-f6f6-4b44-801d-e51ea627dcba,아카디아,도매(지갑),남평화시장,전통시장,서울특별시,,,
56d43835b14b2190ddf4,full_annotation_v1,A,q_가방_04,파우치,패션·잡화 중 '가방'을 판매·제공하는 매장,train,가방,T2 동의어,2551a516-c621-4b87-bbcb-ed051f6f72d8,지구별여행,여행,효천로 골목형상점가,골목형상점가,광주광역시,,,
74e65536cf71f826cd7d,full_annotation_v1,A,q_가방_04,파우치,패션·잡화 중 '가방'을 판매·제공하는 매장,train,가방,T2 동의어,3c2eded5-edc8-4590-bd1f-e16edde11b73,황선장,음식점,도군머리 골목형상점가,골목형상점가,광주광역시,,,
59ecf2c4c2ada9ab7b40,full_annotation_v1,A,q_가방_04,파우치,패션·잡화 중 '가방'을 판매·제공하는 매장,train,가방,T2 동의어,0295fa53-0a30-4ec9-a0e5-f390fac21fb4,청개구리,가방,보령한내시장,전통시장,충청남도,,,
d5987c900e4d8708630e,full_annotation_v1,A,q_가방_04,파우치,패션·잡화 중 '가방'을 판매·제공하는 매장,train,가방,T2 동의어,f74b77e3-edc3-4e56-bd67-1092be4c911a,푸치,의류,고투몰(강남터미널지하도상점가),일반지하상점가,서울특별시,,,
a1129854bb0decdb9230,full_annotation_v1,A,q_가방_04,파우치,패션·잡화 중 '가방'을 판매·제공하는 매장,train,가방,T2 동의어,4d171d62-5198-4a38-89a4-8ed47e94e3c1,동아가방,"가방, 의류, 우산, 지갑",창원 상남시장,전통시장,경상남도,,,
a759f53f57a17e215f10,full_annotation_v1,A,q_가방_04,파우치,패션·잡화 중 '가방'을 판매·제공하는 매장,train,가방,T2 동의어,003747e4-8102-4296-bfdf-b7ca7c1f83fa,평화잡화,잡화,부산평화시장,전통시장,부산광역시,,,
a4f89b87d8535c23fce8,full_annotation_v1,A,q_가방_04,파우치,패션·잡화 중 '가방'을 판매·제공하는 매장,train,가방,T2 동의어,7b6532cf-4a66-460c-8d0d-66a15a4e08fb,아우치헤어(안산선부점),미용업,선부광장로상점가,자율상권구역,경기도,,,
3ba26daea8297afe92a6,full_annotation_v1,A,q_가방_04,파우치,패션·잡화 중 '가방'을 판매·제공하는 매장,train,가방,T2 동의어,1dcdd72e-c65d-49b7-b76c-aed4174d893c,트윈스여행사,여행사,울산 스퀘어 골목형상점가,골목형상점가,울산광역시,,,
4543f019acf7367f257a,full_annotation_v1,A,q_가방_04,파우치,패션·잡화 중 '가방'을 판매·제공하는 매장,train,가방,T2 동의어,003d5df8-0856-45e0-a11e-5098cf70541e,앨리스리본&공방,"공방, 잡화",봉화내성시장,전통시장,경상북도,,,
be3f4da5cc63682b8c72,full_annotation_v1,A,q_가방_04,파우치,패션·잡화 중 '가방'을 판매·제공하는 매장,train,가방,T2 동의어,20801555-268d-4f0e-bc64-88c0b890aab7,파우더블루,부케기프트,첨단리채 골목형상점가,골목형상점가,광주광역시,,,
5f311bdd96f4b6ed8957,full_annotation_v1,A,q_가방_04,파우치,패션·잡화 중 '가방'을 판매·제공하는 매장,train,가방,T2 동의어,183ab1fd-73ab-453c-88ea-0b2779065d60,트리플 좋은 항공여행사,여행사,물베기 골목형상점가,골목형상점가,대구광역시,,,
aac61ab956a56a70cebd,full_annotation_v1,A,q_가방_04,파우치,패션·잡화 중 '가방'을 판매·제공하는 매장,train,가방,T2 동의어,029710ff-b1a9-4640-a2de-959f9a9535d8,우주가방,가방,관고전통시장,전통시장,경기도,,,
ed9afc1559e3ac57e683,full_annotation_v1,A,q_가방_04,파우치,패션·잡화 중 '가방'을 판매·제공하는 매장,train,가방,T2 동의어,1db0f003-ee69-42d4-8a27-97099eafb0e6,민트민트,가방파우치,성남중앙지하시장,일반지하상점가,경기도,,,
b4398a2d8c0f566e996c,full_annotation_v1,A,q_가방_04,파우치,패션·잡화 중 '가방'을 판매·제공하는 매장,train,가방,T2 동의어,7148e1f3-2954-491e-a921-ec0e85527006,파우더,의류,첨단이웃사랑 골목형상점가,골목형상점가,광주광역시,,,
7055223d8ed957f65a53,full_annotation_v1,A,q_가방_04,파우치,패션·잡화 중 '가방'을 판매·제공하는 매장,train,가방,T2 동의어,23472a49-73aa-4e74-b6a3-2ded854d878e,하나투어 가람여행사 수완점,,수영 골목형상점가,골목형상점가,광주광역시,,,
7afb898b0f1dbb6937c7,full_annotation_v1,A,q_가방_04,파우치,패션·잡화 중 '가방'을 판매·제공하는 매장,train,가방,T2 동의어,027a2609-c8d6-4e38-9b06-5a7711cfa51f,안강육통상회,닭고기,연일전통시장,전통시장,경상북도,,,
eb437890a50ae014791f,full_annotation_v1,A,q_가방_04,파우치,패션·잡화 중 '가방'을 판매·제공하는 매장,train,가방,T2 동의어,9d9945cd-db77-4e78-af4c-bfeaf7e908e8,풍암화덕,한식,풍암새누리상인회 골목형상점가,골목형상점가,광주광역시,,,
4d447796bce2ef82c257,full_annotation_v1,A,q_가방_04,파우치,패션·잡화 중 '가방'을 판매·제공하는 매장,train,가방,T2 동의어,476df40b-01ee-4ac2-a730-a3160afb24eb,웨스트우드 거제고현점,의류,거제 고현자율상권,,경상남도,,,
dd9f36b39ec86b09b2fb,full_annotation_v1,A,q_가방_04,파우치,패션·잡화 중 '가방'을 판매·제공하는 매장,train,가방,T2 동의어,0274a049-93a0-4b84-8369-f1ffc368b5ab,모아,가방,자유상가,전통시장,서울특별시,,,
738cb0db7f241bd690c3,full_annotation_v1,A,q_가방_04,파우치,패션·잡화 중 '가방'을 판매·제공하는 매장,train,가방,T2 동의어,16497fab-382b-4038-adbf-c3fc50c8f26f,카우치포테이토,디저트커피,건리단길 골목형상점가,골목형상점가,서울특별시,,,
7c552b843c89e6a4a51a,full_annotation_v1,A,q_가방_04,파우치,패션·잡화 중 '가방'을 판매·제공하는 매장,train,가방,T2 동의어,7bd463d0-9da7-436b-ba60-70703cc99a47,파주흥행,,해오름 골목형상점가,골목형상점가,경기도,,,
d84de02f805e822cd8d1,full_annotation_v1,A,q_가방_04,파우치,패션·잡화 중 '가방'을 판매·제공하는 매장,train,가방,T2 동의어,dceb3d56-6f28-4b7e-b4a0-6814f429ee28,복호두,호두과자,아름동상점가,자율상권구역,세종특별자치시,,,
8aa63c84aa459a695614,full_annotation_v1,A,q_가방_04,파우치,패션·잡화 중 '가방'을 판매·제공하는 매장,train,가방,T2 동의어,8965c135-432e-4b55-93f9-f40afa595e03,뚝딱가죽공방,가방폰케이스벨트지갑카드지갑필통성경커버키고리파우치머리핀팔찌등등,오치 쌍굴 골목형상점가,골목형상점가,광주광역시,,,
7a912850bec0b41b6fb8,full_annotation_v1,A,q_가방_04,파우치,패션·잡화 중 '가방'을 판매·제공하는 매장,train,가방,T2 동의어,e372f741-d849-4500-a8f5-a666d673a559,윤참치,,성성1번가 골목형상점가,골목형상점가,충청남도,,,
3ad6cd8397e40119f9e7,full_annotation_v1,A,q_가방_04,파우치,패션·잡화 중 '가방'을 판매·제공하는 매장,train,가방,T2 동의어,279ca57a-d402-4c04-a69c-5b54674c5d5d,던영어교습소,영어 교육 서비스,고운동상점가,자율상권구역,세종특별자치시,,,
69da5fc42718b02c9178,full_annotation_v1,A,q_가방_04,파우치,패션·잡화 중 '가방'을 판매·제공하는 매장,train,가방,T2 동의어,26d13387-010d-4e72-89a4-59fb0b3788d9,파동,한식,평화광장 먹자골목상점가,골목형상점가,전라남도,,,
f6aabab29f96e41e7ec0,full_annotation_v1,A,q_가방_04,파우치,패션·잡화 중 '가방'을 판매·제공하는 매장,train,가방,T2 동의어,b75f06cf-50cf-4fd3-8a8a-2055998a9857,찐생고기,한식,광복마을3-4길 골목형상점가,골목형상점가,광주광역시,,,
d566b910a895cc4d3564,full_annotation_v1,A,q_가방_04,파우치,패션·잡화 중 '가방'을 판매·제공하는 매장,train,가방,T2 동의어,1abfdb8d-c035-457e-bb73-4e00e063734a,개미공방,앞치마 가방 파우치,부산남문시장,전통시장,부산광역시,,,
ea72b5b71be73753341f,full_annotation_v1,A,q_가방_04,파우치,패션·잡화 중 '가방'을 판매·제공하는 매장,train,가방,T2 동의어,6fbf167d-c034-4f50-bb54-4c11d5d92588,치우치과의원,치과,두암2동면앙로 골목형상점가,골목형상점가,광주광역시,,,
b48cba3f866800abe027,full_annotation_v1,A,q_가방_04,파우치,패션·잡화 중 '가방'을 판매·제공하는 매장,train,가방,T2 동의어,fe89d4d2-0ca9-4539-853a-07af12aef0a5,종이비행기,,새동인천지하상가,일반지하상점가,인천광역시,,,
137eecb6dd636835f1cc,full_annotation_v1,A,q_가방_04,파우치,패션·잡화 중 '가방'을 판매·제공하는 매장,train,가방,T2 동의어,cc05275e-104c-4b20-bbd2-21f5b31f8f54,오랜김치,김치,유안초등북길 골목형상점가,골목형상점가,광주광역시,,,
61eac481ad5231f81528,full_annotation_v1,A,q_가방_04,파우치,패션·잡화 중 '가방'을 판매·제공하는 매장,train,가방,T2 동의어,f1153773-c5f5-4c1b-b9b3-0e56122f5266,(모꼬지)스탠리샵,액세서리 가방 모자 장신구 소품 파우치 등등,의정부제일시장,전통시장,경기도,,,
5e3e035f5506ebc74498,full_annotation_v1,A,q_가방_04,파우치,패션·잡화 중 '가방'을 판매·제공하는 매장,train,가방,T2 동의어,19a5635a-9c3d-4084-ac8c-718369f9016d,대진식품,식품,영일시장,전통시장,서울특별시,,,
6a4b0993be9567f718ae,full_annotation_v1,A,q_가방_05,패션잡화,패션·잡화 중 '가방'을 판매·제공하는 매장,train,가방,T3 개념확장,23472a49-73aa-4e74-b6a3-2ded854d878e,하나투어 가람여행사 수완점,,수영 골목형상점가,골목형상점가,광주광역시,,,
385ad1a2fb7b54cf3f4b,full_annotation_v1,A,q_가방_05,패션잡화,패션·잡화 중 '가방'을 판매·제공하는 매장,train,가방,T3 개념확장,bac6b210-70d6-4cb1-8914-1d50ddff74a2,소모,패션잡화,전주한옥마을 골목형상점가,골목형상점가,전북특별자치도,,,
aafc5782d1fd5e2c527a,full_annotation_v1,A,q_가방_05,패션잡화,패션·잡화 중 '가방'을 판매·제공하는 매장,train,가방,T3 개념확장,001bacc9-5a95-4049-babd-6691512d8da0,백두사,잡화,장량성도시장,전통시장,경상북도,,,
402a5c77fc3a31b43ea5,full_annotation_v1,A,q_가방_05,패션잡화,패션·잡화 중 '가방'을 판매·제공하는 매장,train,가방,T3 개념확장,0054b824-eb72-4efa-a1ba-40d467c899a5,수정상회,잡화,중앙전통시장,전통시장,울산광역시,,,
64c831ffcc428ff26ac7,full_annotation_v1,A,q_가방_05,패션잡화,패션·잡화 중 '가방'을 판매·제공하는 매장,train,가방,T3 개념확장,6a99fffb-cd94-4732-8ee8-68ad8a4809c6,파티니,패션잡화,중앙로 지하상가 상점가,일반지하상점가,대전광역시,,,
c98842d6fc92b7af6b78,full_annotation_v1,A,q_가방_05,패션잡화,패션·잡화 중 '가방'을 판매·제공하는 매장,train,가방,T3 개념확장,82875af2-2307-4259-adab-d40bec5daccb,데시나(DESSINER),도소매(패션잡화),평화시장,전통시장,서울특별시,,,
d7e739c5f063c5f12d29,full_annotation_v1,A,q_가방_05,패션잡화,패션·잡화 중 '가방'을 판매·제공하는 매장,train,가방,T3 개념확장,50e9929c-18dc-4cf5-970f-3d64a340cdbb,영화이불,이불,서귀포향토오일시장,전통시장,제주특별자치도,,,
ad62e639a93fd287435c,full_annotation_v1,A,q_가방_05,패션잡화,패션·잡화 중 '가방'을 판매·제공하는 매장,train,가방,T3 개념확장,d0266327-b94d-4edf-8736-7f67763454c3,쭈쭈,패션잡화,주안시민지하도상점가,일반지하상점가,인천광역시,,,
c1dfaba205ee01542389,full_annotation_v1,A,q_가방_05,패션잡화,패션·잡화 중 '가방'을 판매·제공하는 매장,train,가방,T3 개념확장,1dafdae4-4e54-4a8b-8969-c51b228faca0,대성폭탄세일,패션잡화,창원 상남시장,전통시장,경상남도,,,
1eb02213fa683297f96f,full_annotation_v1,A,q_가방_05,패션잡화,패션·잡화 중 '가방'을 판매·제공하는 매장,train,가방,T3 개념확장,a0896c64-47a0-4568-8246-092c46d53251,골드헤어뱅크,미용실,첨단이웃사랑 골목형상점가,골목형상점가,광주광역시,,,
76579f97fbd1f8929d53,full_annotation_v1,A,q_가방_05,패션잡화,패션·잡화 중 '가방'을 판매·제공하는 매장,train,가방,T3 개념확장,fd83f0fe-dda0-4e16-8981-ece416344e1c,영니트,"의류, 신발, 패션잡화",남대문시장,전통시장,서울특별시,,,
a74c13327c9f7c1d70d7,full_annotation_v1,A,q_가방_05,패션잡화,패션·잡화 중 '가방'을 판매·제공하는 매장,train,가방,T3 개념확장,00242042-f371-486a-a1fc-b85de093edbf,슈올즈 이천점,"신발, 잡화",장터거리시장 골목형상점가,골목형상점가,경기도,,,
2e09d75a1a4222ee6f3c,full_annotation_v1,A,q_가방_05,패션잡화,패션·잡화 중 '가방'을 판매·제공하는 매장,train,가방,T3 개념확장,e27f12ca-54db-4661-81e6-0ff9de2a1491,세탁백화점,의류,양산동 골목형상점가,골목형상점가,광주광역시,,,
23a9cb4d9814cf7f7e0f,full_annotation_v1,A,q_가방_05,패션잡화,패션·잡화 중 '가방'을 판매·제공하는 매장,train,가방,T3 개념확장,ead97f77-2b1f-46a8-90c9-576822bf7e06,오렌지휴게실,한식,정산시장,전통시장,충청남도,,,
5f043ab6a30cb1e717de,full_annotation_v1,A,q_가방_05,패션잡화,패션·잡화 중 '가방'을 판매·제공하는 매장,train,가방,T3 개념확장,c28fa352-d15f-4b09-88f0-bcfbc18b83a6,더뉴브랜드,패션잡화,북촌계동길골목형상점가,골목형상점가,서울특별시,,,
3ba2e442d7c45f247950,full_annotation_v1,A,q_가방_05,패션잡화,패션·잡화 중 '가방'을 판매·제공하는 매장,train,가방,T3 개념확장,d2b01205-dc41-432d-86bb-aa6d275b59cc,자운영,"농산물, 가공품 등",순창시장,전통시장,전북특별자치도,,,
6a7f25d3f549d96375ac,full_annotation_v1,A,q_가방_05,패션잡화,패션·잡화 중 '가방'을 판매·제공하는 매장,train,가방,T3 개념확장,9f67a867-15c2-45ab-bf64-dfbed012608c,지인샵,패션잡화,순천씨내몰상가(구 순천지하상가),일반지하상점가,전라남도,,,
f07ff0b23b506d5791f4,full_annotation_v1,A,q_가방_05,패션잡화,패션·잡화 중 '가방'을 판매·제공하는 매장,train,가방,T3 개념확장,78cbf333-886d-4778-9de8-932ece9a9807,와이에스임포팅,캠핑용품 및 패션잡화,남대문시장,전통시장,서울특별시,,,
f0e1c99faba10df294a0,full_annotation_v1,A,q_가방_05,패션잡화,패션·잡화 중 '가방'을 판매·제공하는 매장,train,가방,T3 개념확장,1e4982a2-699f-4943-b904-9f96db3d4d22,가방나라,"가방, 의류, 패션잡화",천안중앙시장,전통시장,충청남도,,,
506067f55bd9d2a1b2cc,full_annotation_v1,A,q_가방_05,패션잡화,패션·잡화 중 '가방'을 판매·제공하는 매장,train,가방,T3 개념확장,3e0ad74d-d114-475d-a948-fad43a1d139a,비타리움 부천상동점,"화장품, 패션잡화",부천상동시장,전통시장,경기도,,,
9dc02b7fafdf9eb34799,full_annotation_v1,A,q_가방_05,패션잡화,패션·잡화 중 '가방'을 판매·제공하는 매장,train,가방,T3 개념확장,003d5df8-0856-45e0-a11e-5098cf70541e,앨리스리본&공방,"공방, 잡화",봉화내성시장,전통시장,경상북도,,,
33259603ff5bcad6d9cd,full_annotation_v1,A,q_가방_05,패션잡화,패션·잡화 중 '가방'을 판매·제공하는 매장,train,가방,T3 개념확장,8965c135-432e-4b55-93f9-f40afa595e03,뚝딱가죽공방,가방폰케이스벨트지갑카드지갑필통성경커버키고리파우치머리핀팔찌등등,오치 쌍굴 골목형상점가,골목형상점가,광주광역시,,,
4d9467c7807841aac257,full_annotation_v1,A,q_가방_05,패션잡화,패션·잡화 중 '가방'을 판매·제공하는 매장,train,가방,T3 개념확장,3933d7d6-0a39-41a6-b667-e952058cb390,보산당,기타소매업,황지자유시장,전통시장,강원특별자치도,,,
24d84ba3a7bfb4509e51,full_annotation_v1,A,q_가방_05,패션잡화,패션·잡화 중 '가방'을 판매·제공하는 매장,train,가방,T3 개념확장,9587a04f-1f48-4783-8297-1eaca11f45f3,뼈대있는집 충장점,한식,충장로123가 상점가,자율상권구역,광주광역시,,,
3743b97b8a63694f6097,full_annotation_v1,A,q_가방_05,패션잡화,패션·잡화 중 '가방'을 판매·제공하는 매장,train,가방,T3 개념확장,c0f84b6f-45b1-44c6-a25d-a8aec7ca33e6,퀸즈 소잉,패션잡화 및 패브릭 상품,송강동 골목형상점가,골목형상점가,대전광역시,,,
00d3fe648d37b190fa68,full_annotation_v1,A,q_가방_05,패션잡화,패션·잡화 중 '가방'을 판매·제공하는 매장,train,가방,T3 개념확장,b9cda16c-df49-4b86-bec2-790e88d282c4,그루브 댄스 학원 나주혁신점,교육,나주혁신도시 상가번영회,자율상권구역,전라남도,,,
875e0b009f67f273d901,full_annotation_v1,A,q_가방_05,패션잡화,패션·잡화 중 '가방'을 판매·제공하는 매장,train,가방,T3 개념확장,13e37a71-4ff3-4b3d-ad3a-7c3c651a8f97,영진축산,닭 오리,말바우시장,전통시장,광주광역시,,,
7ccc174d1883577cdedc,full_annotation_v1,A,q_가방_05,패션잡화,패션·잡화 중 '가방'을 판매·제공하는 매장,train,가방,T3 개념확장,7524e82c-3edf-48e8-bf93-9270e82ef7be,대성한방,롤파우치 박스,서울약령시장,전통시장,서울특별시,,,
7c76eba51f52e4f78952,full_annotation_v1,A,q_가방_05,패션잡화,패션·잡화 중 '가방'을 판매·제공하는 매장,train,가방,T3 개념확장,348238c2-f6f6-4b44-801d-e51ea627dcba,아카디아,도매(지갑),남평화시장,전통시장,서울특별시,,,
c1dba0543c7126ec8997,full_annotation_v1,A,q_가방_05,패션잡화,패션·잡화 중 '가방'을 판매·제공하는 매장,train,가방,T3 개념확장,e6bb910b-1886-48d5-b2e1-09e1a1668930,더레드,패션잡화.가죽키링.가죽공예,결초보은시장(구 보은종합시장),전통시장,충청북도,,,
6ededd55b85952597ef4,full_annotation_v1,A,q_가방_05,패션잡화,패션·잡화 중 '가방'을 판매·제공하는 매장,train,가방,T3 개념확장,523098fd-970b-4797-abb1-7d0f359a8942,고인돌(토속음식점),한식,오산오색시장(구 오산중앙시장),전통시장,경기도,,,
e26e75036ceecd1f7ee0,full_annotation_v1,A,q_가방_05,패션잡화,패션·잡화 중 '가방'을 판매·제공하는 매장,train,가방,T3 개념확장,03938df9-3e91-4681-9dac-e5687a891dd2,가방가게,패션잡화,순천원도심상점가,자율상권구역,전라남도,,,
fbc2c303e5aaa440fbd0,full_annotation_v1,A,q_가방_05,패션잡화,패션·잡화 중 '가방'을 판매·제공하는 매장,train,가방,T3 개념확장,54206862-89b1-4306-bc4e-32ae49bb735c,서길사,지갑 벨트 장갑,평화시장,전통시장,서울특별시,,,
f94b1a91036a0060d316,full_annotation_v1,A,q_가방_05,패션잡화,패션·잡화 중 '가방'을 판매·제공하는 매장,train,가방,T3 개념확장,f285f569-354b-4fdb-ae24-76176e236759,보니토J,"패션잡화, 악세서리",부천역 지하도로 상가,일반지하상점가,경기도,,,
4d3649e307d1e00da3ef,full_annotation_v1,A,q_가방_05,패션잡화,패션·잡화 중 '가방'을 판매·제공하는 매장,train,가방,T3 개념확장,edb96554-a540-48cb-9b8d-803935b157b4,사고팔고마켓,패션잡화,보령중앙시장,전통시장,충청남도,,,
77b79c8f82b5fcbd7b51,full_annotation_v1,A,q_가방_05,패션잡화,패션·잡화 중 '가방'을 판매·제공하는 매장,train,가방,T3 개념확장,a9b4ec0c-0bb7-428a-8e4d-2f6912cd13f9,브니엘shop,"의류, 패션잡화",전주모래내시장,전통시장,전북특별자치도,,,
7dd6b6350624527f1da5,full_annotation_v1,A,q_가방_05,패션잡화,패션·잡화 중 '가방'을 판매·제공하는 매장,train,가방,T3 개념확장,b95c35ce-0136-40bb-9828-bae2ccb514f6,여운,한식 중식 일식,백제상점가,자율상권구역,전북특별자치도,,,
b56260357979450e44b6,full_annotation_v1,A,q_가방_05,패션잡화,패션·잡화 중 '가방'을 판매·제공하는 매장,train,가방,T3 개념확장,028a1e16-4ae6-4cb3-9065-3acdb329af74,테라,"의류, 잡화(가방)",남천동로108번길 골목형상점가,골목형상점가,부산광역시,,,
75c4f31cee1052f49dfa,full_annotation_v1,A,q_가방_05,패션잡화,패션·잡화 중 '가방'을 판매·제공하는 매장,train,가방,T3 개념확장,4e231ace-6f97-4f3b-abb6-d604478467a7,닥스제천점,패션잡화,제천시 원도심 상권활성화구역,상권활성화구역,충청북도,,,
3226b652d45b255b2cba,full_annotation_v1,A,q_가방_05,패션잡화,패션·잡화 중 '가방'을 판매·제공하는 매장,train,가방,T3 개념확장,12562495-6bbf-463d-96a2-130e40bab932,정성카츠,일반음식점,럭스스퀘어 골목형상점가,골목형상점가,세종특별자치시,,,
f9ffda094e6c92cbf96d,full_annotation_v1,A,q_가방_05,패션잡화,패션·잡화 중 '가방'을 판매·제공하는 매장,train,가방,T3 개념확장,1dcdd72e-c65d-49b7-b76c-aed4174d893c,트윈스여행사,여행사,울산 스퀘어 골목형상점가,골목형상점가,울산광역시,,,
f76ff8cf57b07ea19271,full_annotation_v1,A,q_가방_05,패션잡화,패션·잡화 중 '가방'을 판매·제공하는 매장,train,가방,T3 개념확장,c1183214-594e-46c4-b380-244493af4a3f,세진사,"패션잡화, 양말",서문시장2지구 종합상가,전통시장,대구광역시,,,
efa1ed84b194e1b7f56d,full_annotation_v1,A,q_가방_05,패션잡화,패션·잡화 중 '가방'을 판매·제공하는 매장,train,가방,T3 개념확장,ae3aa4b3-2cae-4ab9-b60d-60d19bc2c2f7,dotto,양말 목도리장갑모자 파우치 등 잡화,나주혁신도시 상가번영회,자율상권구역,전라남도,,,
3c26896c4e238b886090,full_annotation_v1,A,q_가방_05,패션잡화,패션·잡화 중 '가방'을 판매·제공하는 매장,train,가방,T3 개념확장,5eb3e580-7e37-4a9f-a42b-ce9b9b915d85,해촌상회,패션잡화,공주산성시장,전통시장,충청남도,,,
c708c814c80126bffb97,full_annotation_v1,A,q_가방_05,패션잡화,패션·잡화 중 '가방'을 판매·제공하는 매장,train,가방,T3 개념확장,4d171d62-5198-4a38-89a4-8ed47e94e3c1,동아가방,"가방, 의류, 우산, 지갑",창원 상남시장,전통시장,경상남도,,,
3aa4039617c389da2879,full_annotation_v1,A,q_가방_05,패션잡화,패션·잡화 중 '가방'을 판매·제공하는 매장,train,가방,T3 개념확장,f63807f4-345b-4c8a-b285-ddeada97efdd,글로리아,여성용 의류 및 패션잡화,김대중컨벤션상인회 골목형상점가,골목형상점가,광주광역시,,,
35fdf2da8897be935d85,full_annotation_v1,A,q_가방_05,패션잡화,패션·잡화 중 '가방'을 판매·제공하는 매장,train,가방,T3 개념확장,2fb21638-ebfd-4edc-ad32-e1171685929e,스타일 (선물),악세사리 패션잡화 등등,명동역 지하도상가,일반지하상점가,서울특별시,,,
8499898f4bada7ef5707,full_annotation_v1,A,q_가방_05,패션잡화,패션·잡화 중 '가방'을 판매·제공하는 매장,train,가방,T3 개념확장,1fff189e-a25a-4589-a252-64f4ae5696e5,톰보이,패션잡화,충금지하도상가,일반지하상점가,광주광역시,,,
7ce9481214d05b167bcd,full_annotation_v1,A,q_가방_05,패션잡화,패션·잡화 중 '가방'을 판매·제공하는 매장,train,가방,T3 개념확장,1abfdb8d-c035-457e-bb73-4e00e063734a,개미공방,앞치마 가방 파우치,부산남문시장,전통시장,부산광역시,,,
c5801b1cdad9d810a6c4,full_annotation_v1,A,q_가방_05,패션잡화,패션·잡화 중 '가방'을 판매·제공하는 매장,train,가방,T3 개념확장,1db0f003-ee69-42d4-8a27-97099eafb0e6,민트민트,가방파우치,성남중앙지하시장,일반지하상점가,경기도,,,
fce2789c0c46fa043720,full_annotation_v1,A,q_가방_05,패션잡화,패션·잡화 중 '가방'을 판매·제공하는 매장,train,가방,T3 개념확장,79e83761-edc6-4175-9b9f-b25a6b1357a8,미진,"모자, 가방, 패션잡화",광장시장,전통시장,서울특별시,,,
3d3d2f0896007e22366e,full_annotation_v1,A,q_가방_05,패션잡화,패션·잡화 중 '가방'을 판매·제공하는 매장,train,가방,T3 개념확장,00819c8a-dbaa-4ab0-8771-985453a7f35a,빨강여우,가방,부산자유시장,전통시장,부산광역시,,,
c60a2bddff8098dc1cb3,full_annotation_v1,A,q_가방_05,패션잡화,패션·잡화 중 '가방'을 판매·제공하는 매장,train,가방,T3 개념확장,5657e286-0340-4b81-a82d-433ac10ebd3f,153쥬얼,주얼리 패션잡화,포항죽도농산물시장,전통시장,경상북도,,,
1b9d32ed356e928be8d4,full_annotation_v1,A,q_가방_05,패션잡화,패션·잡화 중 '가방'을 판매·제공하는 매장,train,가방,T3 개념확장,a24ae40b-7ac1-48f5-a623-7275075e9606,선물백화점,패션잡화,삼승원남시장(원남재래시장),전통시장,충청북도,,,
dbcef825f8b139ba8702,full_annotation_v1,A,q_가방_05,패션잡화,패션·잡화 중 '가방'을 판매·제공하는 매장,train,가방,T3 개념확장,26bac7b9-9395-4e0a-983b-0ba01cb430fd,옥산냉동,수산물,거제 고현시장,전통시장,경상남도,,,
5a10639dbaff823906a3,full_annotation_v1,A,q_가방_05,패션잡화,패션·잡화 중 '가방'을 판매·제공하는 매장,train,가방,T3 개념확장,2cbcc06d-355d-44e6-8261-09195f377d3f,엘림,의류 및 패션잡화 판매,세은 골목형상점가,골목형상점가,광주광역시,,,
4259cea8024539a962c4,full_annotation_v1,A,q_가방_05,패션잡화,패션·잡화 중 '가방'을 판매·제공하는 매장,train,가방,T3 개념확장,85d9b2cf-4baa-45ea-a55d-b9572777418e,피트니스055경남대점,체력단련장업,마산 월영대시장,전통시장,경상남도,,,
432b11825556f07cfe2b,full_annotation_v1,A,q_가방_05,패션잡화,패션·잡화 중 '가방'을 판매·제공하는 매장,train,가방,T3 개념확장,d59d5589-0360-48d8-8a4d-9b6535d03bfe,윤하점빵,패션잡화,민락골목시장,전통시장,부산광역시,,,
61e7f8d27502a076588c,full_annotation_v1,A,q_가방_05,패션잡화,패션·잡화 중 '가방'을 판매·제공하는 매장,train,가방,T3 개념확장,029710ff-b1a9-4640-a2de-959f9a9535d8,우주가방,가방,관고전통시장,전통시장,경기도,,,
6ff11c6422a75c8a6b6a,full_annotation_v1,A,q_가방_05,패션잡화,패션·잡화 중 '가방'을 판매·제공하는 매장,train,가방,T3 개념확장,0d16e20d-b21a-43f4-b04f-25b27bb4d02c,두루와놀러와,패션잡화,성남중앙지하시장,일반지하상점가,경기도,,,
cf0f2c56400c860d24c7,full_annotation_v1,A,q_가방_05,패션잡화,패션·잡화 중 '가방'을 판매·제공하는 매장,train,가방,T3 개념확장,00b35d47-3ee0-4ce4-9415-a745b8ced8e0,쌈지,신발 가방,진주 중앙상점가,자율상권구역,경상남도,,,
d8e01f3f71187e204f1a,full_annotation_v1,A,q_가방_05,패션잡화,패션·잡화 중 '가방'을 판매·제공하는 매장,train,가방,T3 개념확장,cc43d726-7e1c-4ba7-a5bc-65ef058e30ec,사계절,패션잡화,원주자유시장,전통시장,강원특별자치도,,,
75894c6978b90181701a,full_annotation_v1,A,q_가방_05,패션잡화,패션·잡화 중 '가방'을 판매·제공하는 매장,train,가방,T3 개념확장,f80157d6-e647-4fdb-b22a-cb4baec740f8,산곡차방,"모자, 가방, 패션잡화",하동 화개장터,전통시장,경상남도,,,
07409bb4aa21a407595a,full_annotation_v1,A,q_가방_05,패션잡화,패션·잡화 중 '가방'을 판매·제공하는 매장,train,가방,T3 개념확장,003747e4-8102-4296-bfdf-b7ca7c1f83fa,평화잡화,잡화,부산평화시장,전통시장,부산광역시,,,
12a39f907c16abcf6084,full_annotation_v1,A,q_가방_05,패션잡화,패션·잡화 중 '가방'을 판매·제공하는 매장,train,가방,T3 개념확장,04c1404b-efa6-4306-906f-af7409935dc9,씨플렉스 대전 지하점,패션잡화,중앙로 지하상가 상점가,일반지하상점가,대전광역시,,,
ef89ccac08ade5f3a034,full_annotation_v1,A,q_가방_05,패션잡화,패션·잡화 중 '가방'을 판매·제공하는 매장,train,가방,T3 개념확장,eaf7a1d9-56dc-4f36-9016-513b1c0e3ab2,힐스텝,패션잡화,부평중앙 지하상가,일반지하상점가,인천광역시,,,
f338d12762b4a55a79b6,full_annotation_v1,A,q_가방_05,패션잡화,패션·잡화 중 '가방'을 판매·제공하는 매장,train,가방,T3 개념확장,f839f39e-807e-481e-970c-7cd74a32f3f2,주디잡화점 소품샵,패션잡화,황계 골목형상점가,골목형상점가,광주광역시,,,
0717abbdf0ebb5ba3176,full_annotation_v1,A,q_가방_05,패션잡화,패션·잡화 중 '가방'을 판매·제공하는 매장,train,가방,T3 개념확장,ce10d7f6-f7c1-4e18-bac5-bb8bcb258709,cu전대원룸점,주류 담배 그와,전남대 상대 골목형상점가,골목형상점가,광주광역시,,,
532c9a029aa506db7978,full_annotation_v1,A,q_가방_05,패션잡화,패션·잡화 중 '가방'을 판매·제공하는 매장,train,가방,T3 개념확장,02196756-54cf-4d93-b198-f1c019f344af,대경상사,가방,자유상가,전통시장,서울특별시,,,
d637e8ad3051b404dd0f,full_annotation_v1,A,q_가방_05,패션잡화,패션·잡화 중 '가방'을 판매·제공하는 매장,train,가방,T3 개념확장,681663d1-17aa-44a9-804b-c32a50231535,제일상사,패션잡화,서문시장아진상가,전통시장,대구광역시,,,
109b8b9bf8df5aef6f26,full_annotation_v1,A,q_가방_05,패션잡화,패션·잡화 중 '가방'을 판매·제공하는 매장,train,가방,T3 개념확장,0808589c-3a63-47ce-8df4-ec42a4398e5f,신앙촌상회창원상남점,패션잡화 장류 요구르트,창원 성원그랜드쇼핑상가,전통시장,경상남도,,,
25bd5ad98dde5ece97f2,full_annotation_v1,A,q_가방_05,패션잡화,패션·잡화 중 '가방'을 판매·제공하는 매장,train,가방,T3 개념확장,0295fa53-0a30-4ec9-a0e5-f390fac21fb4,청개구리,가방,보령한내시장,전통시장,충청남도,,,
ec604a4d44b2abdeff02,full_annotation_v1,A,q_가방_05,패션잡화,패션·잡화 중 '가방'을 판매·제공하는 매장,train,가방,T3 개념확장,31e8dc6a-1953-4f3e-abed-1c6713b28054,예림양품,패션잡화,진주 중앙상점가,자율상권구역,경상남도,,,
5141c70387a51476e458,full_annotation_v1,A,q_가방_05,패션잡화,패션·잡화 중 '가방'을 판매·제공하는 매장,train,가방,T3 개념확장,027d8abc-2cc4-4b7b-9c90-7fb3240061de,골목여행사,여행,충주관아골상가,전통시장,충청북도,,,
82a98f1ddc7371f2496b,full_annotation_v1,A,q_가방_05,패션잡화,패션·잡화 중 '가방'을 판매·제공하는 매장,train,가방,T3 개념확장,3726bcb6-c415-41e8-874a-6d7b1503d6dc,레드(red),패션잡화,부산자유시장,전통시장,부산광역시,,,
4097b066d67e80a644d1,full_annotation_v1,A,q_가방_05,패션잡화,패션·잡화 중 '가방'을 판매·제공하는 매장,train,가방,T3 개념확장,8bb31333-4848-4f2c-a24a-403e9f4f9835,애플,패션잡화,춘천지하상가,일반지하상점가,강원특별자치도,,,
6d4507eab52f93e28785,full_annotation_v1,A,q_가방_05,패션잡화,패션·잡화 중 '가방'을 판매·제공하는 매장,train,가방,T3 개념확장,0176d678-e45f-4763-b752-f79b2ca9f34e,종로물산,"지갑, 케이스",동대문문구완구거리,자율상권구역,서울특별시,,,
3a4a8007723aea9687a5,full_annotation_v1,A,q_가방_05,패션잡화,패션·잡화 중 '가방'을 판매·제공하는 매장,train,가방,T3 개념확장,03cf59c3-0bce-43ff-9df1-14e946a2bd29,금산트라이,"모자, 가방, 패션잡화",금산중앙로상점가,자율상권구역,충청남도,,,
12d023cc70f814ebad45,full_annotation_v1,A,q_가방_05,패션잡화,패션·잡화 중 '가방'을 판매·제공하는 매장,train,가방,T3 개념확장,2551a516-c621-4b87-bbcb-ed051f6f72d8,지구별여행,여행,효천로 골목형상점가,골목형상점가,광주광역시,,,
7ce4f4d2f83d7b7d55fc,full_annotation_v1,A,q_가방_05,패션잡화,패션·잡화 중 '가방'을 판매·제공하는 매장,train,가방,T3 개념확장,754bf475-d1e0-436f-ba09-959e5953f0a8,팔구사,패션잡화,금남지하도상가 1공구,일반지하상점가,광주광역시,,,
311ccf4e2d5ea706fc46,full_annotation_v1,A,q_가방_05,패션잡화,패션·잡화 중 '가방'을 판매·제공하는 매장,train,가방,T3 개념확장,c3e38f34-57cd-4623-bef1-6a36d912cdc0,코코뷰안경콘택트,안경 콘텍트렌즈 패션잡화,민락2지구골목형상점가,골목형상점가,경기도,,,
03629947e46fd4e9a6a8,full_annotation_v1,A,q_가방_05,패션잡화,패션·잡화 중 '가방'을 판매·제공하는 매장,train,가방,T3 개념확장,8e5ba82d-a652-4171-8e71-ee7fb94cc4f4,7번가피자 조치원점,피자,럭스스퀘어 골목형상점가,골목형상점가,세종특별자치시,,,
1820d37e970902b2eac5,full_annotation_v1,A,q_가방_05,패션잡화,패션·잡화 중 '가방'을 판매·제공하는 매장,train,가방,T3 개념확장,3fe844a9-4fb7-4244-af5c-56c8bb3f1581,주는마음,패션잡화,계산시장,전통시장,인천광역시,,,
71c0cd9482b6cd109c6b,full_annotation_v1,A,q_가방_05,패션잡화,패션·잡화 중 '가방'을 판매·제공하는 매장,train,가방,T3 개념확장,280b7341-851c-4edf-ac73-e7ea9697b95f,제노바가방,"소매(가방,패션잡화)",의정부제일시장,전통시장,경기도,,,
5861e62cc0dbb0e9406e,full_annotation_v1,A,q_가방_05,패션잡화,패션·잡화 중 '가방'을 판매·제공하는 매장,train,가방,T3 개념확장,34f7cad3-bd89-456c-88be-4db15e9cc12d,비트,패션잡화,부평중앙 지하상가,일반지하상점가,인천광역시,,,
ee136c973a6fc714fb0a,full_annotation_v1,A,q_가방_05,패션잡화,패션·잡화 중 '가방'을 판매·제공하는 매장,train,가방,T3 개념확장,3bd6c226-4b1b-4862-b063-fbc096e80649,신데렐라,"손수건, 지갑 등",인현지하도상가,일반지하상점가,인천광역시,,,
41927d87d59f04f88455,full_annotation_v1,A,q_가방_05,패션잡화,패션·잡화 중 '가방'을 판매·제공하는 매장,train,가방,T3 개념확장,d6154050-cae2-4be3-a1f3-1b2b1ba41b46,다이룸,패션잡화,교동시장1길 상점가,자율상권구역,대구광역시,,,
89a15274fd0162130b47,full_annotation_v1,A,q_가방_05,패션잡화,패션·잡화 중 '가방'을 판매·제공하는 매장,train,가방,T3 개념확장,0274a049-93a0-4b84-8369-f1ffc368b5ab,모아,가방,자유상가,전통시장,서울특별시,,,
5f371cf7f3cb923bbdc8,full_annotation_v1,A,q_가방_05,패션잡화,패션·잡화 중 '가방'을 판매·제공하는 매장,train,가방,T3 개념확장,183ab1fd-73ab-453c-88ea-0b2779065d60,트리플 좋은 항공여행사,여행사,물베기 골목형상점가,골목형상점가,대구광역시,,,
ba5a9c03ed121bda0d58,full_annotation_v1,A,q_가방_05,패션잡화,패션·잡화 중 '가방'을 판매·제공하는 매장,train,가방,T3 개념확장,122d2def-c6a4-4029-8ae7-d0a1918590aa,SUI 수이,생필품 사무용품 패션잡화,신용연제 골목형상점가,골목형상점가,광주광역시,,,
bb50ad3237cd492125d3,full_annotation_v1,A,q_가방_05,패션잡화,패션·잡화 중 '가방'을 판매·제공하는 매장,train,가방,T3 개념확장,74a39ed2-892e-48f6-a26e-fb2b4d6eddf7,좋은나무,악세사리 및 패션잡화,개항희망문화상권 상권활성화구역,상권활성화구역,인천광역시,,,
f8481a2de9414a2cc418,full_annotation_v1,A,q_가방_06,가반,패션·잡화 중 '가방'을 판매·제공하는 매장,train,가방,T6 기계변형,74b2c3f2-f2d6-48d9-a89c-6d723f2f77a9,대림여행사,종합여행사,대림중앙골목형상점가,골목형상점가,서울특별시,,,
df03d57a13f539cda1ca,full_annotation_v1,A,q_가방_06,가반,패션·잡화 중 '가방'을 판매·제공하는 매장,train,가방,T6 기계변형,fe935354-8c04-43a6-a059-5809b567d45e,과천중앙약국,,별양동상점가,자율상권구역,경기도,,,
394ad4d514c9684d31bc,full_annotation_v1,A,q_가방_06,가반,패션·잡화 중 '가방'을 판매·제공하는 매장,train,가방,T6 기계변형,368ef10c-b0df-4bdc-8901-bd81ed705e26,본미가반찬,음식,병점중심상가,자율상권구역,경기도,,,
78f280e3b65379d8d292,full_annotation_v1,A,q_가방_06,가반,패션·잡화 중 '가방'을 판매·제공하는 매장,train,가방,T6 기계변형,9f02058a-681d-4daa-aec0-16c212eabc07,왕가반점,중식,인덕원 골목형상점가,골목형상점가,경기도,,,
7080f2816daae0cb2049,full_annotation_v1,A,q_가방_06,가반,패션·잡화 중 '가방'을 판매·제공하는 매장,train,가방,T6 기계변형,63e9ec77-b466-4fb1-b669-630d5ff992b5,남원백반,백반,간석자유시장,전통시장,인천광역시,,,
a20626afadb9de121439,full_annotation_v1,A,q_가방_06,가반,패션·잡화 중 '가방'을 판매·제공하는 매장,train,가방,T6 기계변형,f6e9b4ea-358d-4363-9af3-fb58bb6b90d5,산까치음반,음반,청주육거리종합시장,전통시장,충청북도,,,
72e01326ce14b41f6041,full_annotation_v1,A,q_가방_06,가반,패션·잡화 중 '가방'을 판매·제공하는 매장,train,가방,T6 기계변형,de1c95a0-9acc-4828-88ea-540a9ff30a4e,처가반찬,,김해 외동전통시장,전통시장,경상남도,,,
96994a9b4e02cc7cbd6c,full_annotation_v1,A,q_가방_06,가반,패션·잡화 중 '가방'을 판매·제공하는 매장,train,가방,T6 기계변형,a63e5e0e-c3f5-44d0-9642-ee8a44195f29,명가반찬,반찬,전주모래내시장,전통시장,전북특별자치도,,,
f0465f22c3351df90e20,full_annotation_v1,A,q_가방_06,가반,패션·잡화 중 '가방'을 판매·제공하는 매장,train,가방,T6 기계변형,27ff6004-cbd0-4554-96f3-4c901edc01ed,네시반,한식,장안동맛의거리골목형상점가,골목형상점가,서울특별시,,,
453d9eff1e013ffe2cef,full_annotation_v1,A,q_가방_06,가반,패션·잡화 중 '가방'을 판매·제공하는 매장,train,가방,T6 기계변형,027d8abc-2cc4-4b7b-9c90-7fb3240061de,골목여행사,여행,충주관아골상가,전통시장,충청북도,,,
8c7bc1b2a3e5a72b451d,full_annotation_v1,A,q_가방_06,가반,패션·잡화 중 '가방'을 판매·제공하는 매장,train,가방,T6 기계변형,8cc23570-e13d-4755-befd-9a6426f03571,피자마루,,별양동상점가,자율상권구역,경기도,,,
bdc3f0badd43a39ea15c,full_annotation_v1,A,q_가방_06,가반,패션·잡화 중 '가방'을 판매·제공하는 매장,train,가방,T6 기계변형,00819c8a-dbaa-4ab0-8771-985453a7f35a,빨강여우,가방,부산자유시장,전통시장,부산광역시,,,
eabc7e872584ea9b0d1d,full_annotation_v1,A,q_가방_06,가반,패션·잡화 중 '가방'을 판매·제공하는 매장,train,가방,T6 기계변형,4d171d62-5198-4a38-89a4-8ed47e94e3c1,동아가방,"가방, 의류, 우산, 지갑",창원 상남시장,전통시장,경상남도,,,
6c265595fc5baa1236e7,full_annotation_v1,A,q_가방_06,가반,패션·잡화 중 '가방'을 판매·제공하는 매장,train,가방,T6 기계변형,00b35d47-3ee0-4ce4-9415-a745b8ced8e0,쌈지,신발 가방,진주 중앙상점가,자율상권구역,경상남도,,,
9d20b4acc882eff58168,full_annotation_v1,A,q_가방_06,가반,패션·잡화 중 '가방'을 판매·제공하는 매장,train,가방,T6 기계변형,6c57486b-3b26-414d-ba5d-dd0e09e2e679,명가반찬,반찬,태능엔터피아,전통시장,서울특별시,,,
61b82a82269b4d38e913,full_annotation_v1,A,q_가방_06,가반,패션·잡화 중 '가방'을 판매·제공하는 매장,train,가방,T6 기계변형,348238c2-f6f6-4b44-801d-e51ea627dcba,아카디아,도매(지갑),남평화시장,전통시장,서울특별시,,,
9585d4ab7a7573869cf5,full_annotation_v1,A,q_가방_06,가반,패션·잡화 중 '가방'을 판매·제공하는 매장,train,가방,T6 기계변형,cc8eda89-ace2-4089-adc6-14bada4961be,명가반점,음식,산본로데오거리(구 산본중심상가),자율상권구역,경기도,,,
404ce7e2cca8d31c10e7,full_annotation_v1,A,q_가방_06,가반,패션·잡화 중 '가방'을 판매·제공하는 매장,train,가방,T6 기계변형,344efe8e-8fe1-46f7-aafa-226ee81d71c3,화반,한식,전남대후문골목형상점가,골목형상점가,광주광역시,,,
0a1377333dede05bdd2b,full_annotation_v1,A,q_가방_06,가반,패션·잡화 중 '가방'을 판매·제공하는 매장,train,가방,T6 기계변형,6a490cb0-c5d3-4b0a-9a85-f71f786d66d4,마레몬떼 이도점,"스포츠의류, 스포츠용품, 기타",이도패션거리 골목형상점가,골목형상점가,제주특별자치도,,,
cfc8ab8ee3c6afe92dff,full_annotation_v1,A,q_가방_06,가반,패션·잡화 중 '가방'을 판매·제공하는 매장,train,가방,T6 기계변형,7abf6e74-1df4-4235-b22e-9b4a23a69a5e,미가반찬,반찬,새장골골목형상점가,골목형상점가,서울특별시,,,
ced9da1a364e0d585e74,full_annotation_v1,A,q_가방_06,가반,패션·잡화 중 '가방'을 판매·제공하는 매장,train,가방,T6 기계변형,183ab1fd-73ab-453c-88ea-0b2779065d60,트리플 좋은 항공여행사,여행사,물베기 골목형상점가,골목형상점가,대구광역시,,,
4784b2552d02c93ff3be,full_annotation_v1,A,q_가방_06,가반,패션·잡화 중 '가방'을 판매·제공하는 매장,train,가방,T6 기계변형,3bd6c226-4b1b-4862-b063-fbc096e80649,신데렐라,"손수건, 지갑 등",인현지하도상가,일반지하상점가,인천광역시,,,
379a08ca25d4be642fa6,full_annotation_v1,A,q_가방_06,가반,패션·잡화 중 '가방'을 판매·제공하는 매장,train,가방,T6 기계변형,001bacc9-5a95-4049-babd-6691512d8da0,백두사,잡화,장량성도시장,전통시장,경상북도,,,
24fffa8fc6fcaf1b2cf9,full_annotation_v1,A,q_가방_06,가반,패션·잡화 중 '가방'을 판매·제공하는 매장,train,가방,T6 기계변형,d91a9d1e-592a-4b41-ae60-e5eb69b740a6,두리반,한식,포항 대이상가 골목형상점가,골목형상점가,경상북도,,,
0cbbaca98f2fbc543227,full_annotation_v1,A,q_가방_06,가반,패션·잡화 중 '가방'을 판매·제공하는 매장,train,가방,T6 기계변형,75c4c10a-e655-4508-93f5-42321fa8a2ba,아리엘플라워,꽃,신부유람단골목형상점가,골목형상점가,충청남도,,,
0fc3843c40efe39a76cd,full_annotation_v1,A,q_가방_06,가반,패션·잡화 중 '가방'을 판매·제공하는 매장,train,가방,T6 기계변형,51beac25-a0f9-44e2-a400-d3fcd8a289c6,미가반찬,반찬,칠성시장,전통시장,대구광역시,,,
73a1607df921e1ce9e3c,full_annotation_v1,A,q_가방_06,가반,패션·잡화 중 '가방'을 판매·제공하는 매장,train,가방,T6 기계변형,5deb7076-7ac7-44c9-a635-caeb0282b3b4,손길,,우정전통시장,전통시장,울산광역시,,,
a78c3940505435d47201,full_annotation_v1,A,q_가방_06,가반,패션·잡화 중 '가방'을 판매·제공하는 매장,train,가방,T6 기계변형,7b68b605-854b-4b51-80ea-b4cbe1b3495e,명가반찬,반찬,둔촌역전통시장,전통시장,서울특별시,,,
7078ed1d951b43136232,full_annotation_v1,A,q_가방_06,가반,패션·잡화 중 '가방'을 판매·제공하는 매장,train,가방,T6 기계변형,325cd010-3c41-4104-bfa3-0c672c209490,동현맛집,한식,봉리단길골목형상점가,골목형상점가,서울특별시,,,
7ffb200f8ed7907d6c3d,full_annotation_v1,A,q_가방_06,가반,패션·잡화 중 '가방'을 판매·제공하는 매장,train,가방,T6 기계변형,56378130-a5fb-4d82-ab47-83e7941afda3,해육반,음식,첨단시리단길,골목형상점가,광주광역시,,,
d20949e6ac3103cfa144,full_annotation_v1,A,q_가방_06,가반,패션·잡화 중 '가방'을 판매·제공하는 매장,train,가방,T6 기계변형,241a26ea-69d4-43a5-824b-57b2d58b18f1,장터백반,백반,서구유통단지상인회 골목형상점가,골목형상점가,광주광역시,,,
3b622f219ec11b17d79b,full_annotation_v1,A,q_가방_06,가반,패션·잡화 중 '가방'을 판매·제공하는 매장,train,가방,T6 기계변형,daa137c8-9931-45e1-a415-3823c37c6345,예반,한식,남천동로108번길 골목형상점가,골목형상점가,부산광역시,,,
f43c870bf3cbb651a3d2,full_annotation_v1,A,q_가방_06,가반,패션·잡화 중 '가방'을 판매·제공하는 매장,train,가방,T6 기계변형,1abfdb8d-c035-457e-bb73-4e00e063734a,개미공방,앞치마 가방 파우치,부산남문시장,전통시장,부산광역시,,,
7f0e9fbb4020810f856e,full_annotation_v1,A,q_가방_06,가반,패션·잡화 중 '가방'을 판매·제공하는 매장,train,가방,T6 기계변형,16eda152-9c4c-42ef-8822-959642281854,차반,반찬,청담동골목형상점가,골목형상점가,서울특별시,,,
afaf2b0c6229a7d455cc,full_annotation_v1,A,q_가방_06,가반,패션·잡화 중 '가방'을 판매·제공하는 매장,train,가방,T6 기계변형,24632fa7-3a64-4b83-a34f-f326932a7cc3,미가반찬,반찬,연일골목시장상점가,자율상권구역,부산광역시,,,
caa7abc97e30f1751d3f,full_annotation_v1,A,q_가방_06,가반,패션·잡화 중 '가방'을 판매·제공하는 매장,train,가방,T6 기계변형,3b5a47a2-fa2f-4893-a17c-40af5201cead,명가반찬,반찬,청주사창시장,전통시장,충청북도,,,
d20c295dbd9cb708646f,full_annotation_v1,A,q_가방_06,가반,패션·잡화 중 '가방'을 판매·제공하는 매장,train,가방,T6 기계변형,0176d678-e45f-4763-b752-f79b2ca9f34e,종로물산,"지갑, 케이스",동대문문구완구거리,자율상권구역,서울특별시,,,
6795b7cdd39dd66431ab,full_annotation_v1,A,q_가방_06,가반,패션·잡화 중 '가방'을 판매·제공하는 매장,train,가방,T6 기계변형,79a5c5d7-c274-48a6-9510-1fb9a93fea25,리스,"여성복, 남성복, 일용잡화",정이있는 구포시장,전통시장,부산광역시,,,
6398fede3ce5de5258da,full_annotation_v1,A,q_가방_06,가반,패션·잡화 중 '가방'을 판매·제공하는 매장,train,가방,T6 기계변형,a84c59f6-9a6f-4bf9-bb5c-a65cc9ba5a3f,영동족반,한식,영동전통시장,전통시장,서울특별시,,,
0645428d5930f282075a,full_annotation_v1,A,q_가방_06,가반,패션·잡화 중 '가방'을 판매·제공하는 매장,train,가방,T6 기계변형,faca0cc9-0736-4228-98cd-ff17e2a75c7c,정성백반,한식,하양꿈바우시장,전통시장,경상북도,,,
1ca5b3649ac799003567,full_annotation_v1,A,q_가방_06,가반,패션·잡화 중 '가방'을 판매·제공하는 매장,train,가방,T6 기계변형,9905bf65-9e87-4c95-a765-e54f13048ccb,온반,한식,목대온기 골목형상점가,골목형상점가,대전광역시,,,
39be3622204ecadd89d0,full_annotation_v1,A,q_가방_06,가반,패션·잡화 중 '가방'을 판매·제공하는 매장,train,가방,T6 기계변형,be2b8f5c-4a9a-4417-bf1b-de7cb3c1deb2,전주백반,백반,경동시장,전통시장,서울특별시,,,
4c39e9a11d7059027e48,full_annotation_v1,A,q_가방_06,가반,패션·잡화 중 '가방'을 판매·제공하는 매장,train,가방,T6 기계변형,a5168a1c-144e-4a64-b284-44c109ace06e,킴자반,킴자반,문경중앙시장,전통시장,경상북도,,,
2b7a10239e33c83def68,full_annotation_v1,A,q_가방_06,가반,패션·잡화 중 '가방'을 판매·제공하는 매장,train,가방,T6 기계변형,ae3aa4b3-2cae-4ab9-b60d-60d19bc2c2f7,dotto,양말 목도리장갑모자 파우치 등 잡화,나주혁신도시 상가번영회,자율상권구역,전라남도,,,
0f43e96b8bb63c3976ac,full_annotation_v1,A,q_가방_06,가반,패션·잡화 중 '가방'을 판매·제공하는 매장,train,가방,T6 기계변형,02196756-54cf-4d93-b198-f1c019f344af,대경상사,가방,자유상가,전통시장,서울특별시,,,
8a022473c250cae2a988,full_annotation_v1,A,q_가방_06,가반,패션·잡화 중 '가방'을 판매·제공하는 매장,train,가방,T6 기계변형,b48e66ff-8e56-4f8b-9144-13d27e942ce8,반에반,잡화,고투몰(강남터미널지하도상점가),일반지하상점가,서울특별시,,,
b22bca8e58f9a1073c35,full_annotation_v1,A,q_가방_06,가반,패션·잡화 중 '가방'을 판매·제공하는 매장,train,가방,T6 기계변형,00242042-f371-486a-a1fc-b85de093edbf,슈올즈 이천점,"신발, 잡화",장터거리시장 골목형상점가,골목형상점가,경기도,,,
e9d3ac884784c48c823b,full_annotation_v1,A,q_가방_06,가반,패션·잡화 중 '가방'을 판매·제공하는 매장,train,가방,T6 기계변형,a6fefff7-6895-40bf-ad8a-4be07bf4c9a0,어고반,한식,열매 골목형상점가,골목형상점가,대전광역시,,,
d9c2aebcae3a06ba7de0,full_annotation_v1,A,q_가방_06,가반,패션·잡화 중 '가방'을 판매·제공하는 매장,train,가방,T6 기계변형,0054b824-eb72-4efa-a1ba-40d467c899a5,수정상회,잡화,중앙전통시장,전통시장,울산광역시,,,
79b9c43933122b3f092f,full_annotation_v1,A,q_가방_06,가반,패션·잡화 중 '가방'을 판매·제공하는 매장,train,가방,T6 기계변형,cd0cec18-9a04-4050-9227-4e76631ca66c,해운대마라탕양꼬치,마라탕,마산 합성동상가,전통시장,경상남도,,,
30a24c3540e829505f7a,full_annotation_v1,A,q_가방_06,가반,패션·잡화 중 '가방'을 판매·제공하는 매장,train,가방,T6 기계변형,7524e82c-3edf-48e8-bf93-9270e82ef7be,대성한방,롤파우치 박스,서울약령시장,전통시장,서울특별시,,,
c9536c8b0bece96da818,full_annotation_v1,A,q_가방_06,가반,패션·잡화 중 '가방'을 판매·제공하는 매장,train,가방,T6 기계변형,f04f7d07-7d5a-4a3d-a2c3-60bf9e0163b3,얼반,의류,홍대소상공인 상점가,자율상권구역,서울특별시,,,
c8a0f8b49f6925c47678,full_annotation_v1,A,q_가방_06,가반,패션·잡화 중 '가방'을 판매·제공하는 매장,train,가방,T6 기계변형,7f972ed1-43c4-4530-b0a2-3a2e7914ecfe,동문밥집,한식,동문공설시장,전통시장,제주특별자치도,,,
337583084dce1891b2bc,full_annotation_v1,A,q_가방_06,가반,패션·잡화 중 '가방'을 판매·제공하는 매장,train,가방,T6 기계변형,e72363b2-0b77-4d40-a4f7-b44f497dd190,진백반,한식 백반,광영상설시장,전통시장,전라남도,,,
e468b71722e6c0392d15,full_annotation_v1,A,q_가방_06,가반,패션·잡화 중 '가방'을 판매·제공하는 매장,train,가방,T6 기계변형,0295fa53-0a30-4ec9-a0e5-f390fac21fb4,청개구리,가방,보령한내시장,전통시장,충청남도,,,
66041e25c535e86e3d94,full_annotation_v1,A,q_가방_06,가반,패션·잡화 중 '가방'을 판매·제공하는 매장,train,가방,T6 기계변형,23472a49-73aa-4e74-b6a3-2ded854d878e,하나투어 가람여행사 수완점,,수영 골목형상점가,골목형상점가,광주광역시,,,
447eb2d248de72a72469,full_annotation_v1,A,q_가방_06,가반,패션·잡화 중 '가방'을 판매·제공하는 매장,train,가방,T6 기계변형,075c6bae-06ca-49ed-9420-5bdad68d5c60,뚱스백반,백반,푸른마을공동체센터 골목형상점가,골목형상점가,광주광역시,,,
18243011aa17d2b70ba4,full_annotation_v1,A,q_가방_06,가반,패션·잡화 중 '가방'을 판매·제공하는 매장,train,가방,T6 기계변형,2551a516-c621-4b87-bbcb-ed051f6f72d8,지구별여행,여행,효천로 골목형상점가,골목형상점가,광주광역시,,,
68cd8a3291a875095c11,full_annotation_v1,A,q_가방_06,가반,패션·잡화 중 '가방'을 판매·제공하는 매장,train,가방,T6 기계변형,54206862-89b1-4306-bc4e-32ae49bb735c,서길사,지갑 벨트 장갑,평화시장,전통시장,서울특별시,,,
582b4043f1777798f675,full_annotation_v1,A,q_가방_06,가반,패션·잡화 중 '가방'을 판매·제공하는 매장,train,가방,T6 기계변형,76d6f8e2-8508-48e1-b039-e2681f09d548,내가반한찬,반찬,일곡동 골목형상점가,골목형상점가,광주광역시,,,
f68dd6355c653f4cf217,full_annotation_v1,A,q_가방_06,가반,패션·잡화 중 '가방'을 판매·제공하는 매장,train,가방,T6 기계변형,42c95837-47dc-4013-975a-8736833b674f,성모브레스유외과,외과의원,봉명동우산거리 골목형상점가,골목형상점가,대전광역시,,,
02e4996397d3ddf3083d,full_annotation_v1,A,q_가방_06,가반,패션·잡화 중 '가방'을 판매·제공하는 매장,train,가방,T6 기계변형,028a1e16-4ae6-4cb3-9065-3acdb329af74,테라,"의류, 잡화(가방)",남천동로108번길 골목형상점가,골목형상점가,부산광역시,,,
d05590a39c07dcd73728,full_annotation_v1,A,q_가방_06,가반,패션·잡화 중 '가방'을 판매·제공하는 매장,train,가방,T6 기계변형,d26e8ca5-827e-498c-a3af-d28767521ef2,명가반찬,반찬,동부시장,전통시장,인천광역시,,,
839ecaf0058b1d6e4fad,full_annotation_v1,A,q_가방_06,가반,패션·잡화 중 '가방'을 판매·제공하는 매장,train,가방,T6 기계변형,3d67d492-b6db-4a60-b77a-929b2fe52dab,카페반반,,함지공원 골목형상점가,골목형상점가,대구광역시,,,
60b117fb6c5196e2bcd4,full_annotation_v1,A,q_가방_06,가반,패션·잡화 중 '가방'을 판매·제공하는 매장,train,가방,T6 기계변형,624f182f-0dad-40ba-8113-143ec3e659d1,라무진 안산고잔점,일반음식점업(양갈비),사리골상점가,자율상권구역,경기도,,,
4cfe81c84518ab463880,full_annotation_v1,A,q_가방_06,가반,패션·잡화 중 '가방'을 판매·제공하는 매장,train,가방,T6 기계변형,003747e4-8102-4296-bfdf-b7ca7c1f83fa,평화잡화,잡화,부산평화시장,전통시장,부산광역시,,,
be6f04a0b9dac1402a9b,full_annotation_v1,A,q_가방_06,가반,패션·잡화 중 '가방'을 판매·제공하는 매장,train,가방,T6 기계변형,d21761d5-d766-4735-9492-a1a5746f2113,"수원화성얼음, 유진식품","어묵, 얼음",서둔동 골목형상점가,골목형상점가,경기도,,,
15d272f9e059ce9af5bb,full_annotation_v1,A,q_가방_06,가반,패션·잡화 중 '가방'을 판매·제공하는 매장,train,가방,T6 기계변형,89c7118a-55ae-4976-8bd5-3f075e950fa8,바로백반,백반,담양중앙 골목형상점가,골목형상점가,전라남도,,,
e288873bd865a176edae,full_annotation_v1,A,q_가방_06,가반,패션·잡화 중 '가방'을 판매·제공하는 매장,train,가방,T6 기계변형,ef890a89-5073-45d5-a229-133181d5433f,퍼드림백반,한식,엄사 골목형상점가,골목형상점가,충청남도,,,
2afa34182cec35340275,full_annotation_v1,A,q_가방_06,가반,패션·잡화 중 '가방'을 판매·제공하는 매장,train,가방,T6 기계변형,8ad384fe-ad90-4a3e-b608-2ecf7a609159,3학년3반,분식,양주신산시장마을상점가,골목형상점가,경기도,,,
3bab43476193b0045252,full_annotation_v1,A,q_가방_06,가반,패션·잡화 중 '가방'을 판매·제공하는 매장,train,가방,T6 기계변형,4f38222a-e9d6-4e48-a2cd-0f8dc785142c,옥반,식당,신창동일번국도가구의거리 골목형상점가,골목형상점가,광주광역시,,,
159a5a68e210278ebff3,full_annotation_v1,A,q_가방_06,가반,패션·잡화 중 '가방'을 판매·제공하는 매장,train,가방,T6 기계변형,66bdb299-7678-4ad2-ac02-89fa2f20c636,수반,중식,새마을골목형상점가,골목형상점가,강원특별자치도,,,
0f67470089700c40a68b,full_annotation_v1,A,q_가방_06,가반,패션·잡화 중 '가방'을 판매·제공하는 매장,train,가방,T6 기계변형,03c9f454-1478-4c56-9d20-3c5e4ca898bb,백년수산,수산물,용산종합큰시장,전통시장,대구광역시,,,
1ab1ae0a7f163e214f80,full_annotation_v1,A,q_가방_06,가반,패션·잡화 중 '가방'을 판매·제공하는 매장,train,가방,T6 기계변형,029710ff-b1a9-4640-a2de-959f9a9535d8,우주가방,가방,관고전통시장,전통시장,경기도,,,
76e866b6b3b3b0bf777a,full_annotation_v1,A,q_가방_06,가반,패션·잡화 중 '가방'을 판매·제공하는 매장,train,가방,T6 기계변형,003d5df8-0856-45e0-a11e-5098cf70541e,앨리스리본&공방,"공방, 잡화",봉화내성시장,전통시장,경상북도,,,
9185281720a5d1d546bf,full_annotation_v1,A,q_가방_06,가반,패션·잡화 중 '가방'을 판매·제공하는 매장,train,가방,T6 기계변형,8965c135-432e-4b55-93f9-f40afa595e03,뚝딱가죽공방,가방폰케이스벨트지갑카드지갑필통성경커버키고리파우치머리핀팔찌등등,오치 쌍굴 골목형상점가,골목형상점가,광주광역시,,,
88d6b241a2cdbe58bd6b,full_annotation_v1,A,q_가방_06,가반,패션·잡화 중 '가방'을 판매·제공하는 매장,train,가방,T6 기계변형,936d2748-2052-4481-813a-b00d9dd17efb,스마트내과,진료,테크노밸리 골목형상점가,골목형상점가,대전광역시,,,
3a36f697cc86f64e7f40,full_annotation_v1,A,q_가방_06,가반,패션·잡화 중 '가방'을 판매·제공하는 매장,train,가방,T6 기계변형,1db0f003-ee69-42d4-8a27-97099eafb0e6,민트민트,가방파우치,성남중앙지하시장,일반지하상점가,경기도,,,
0c7dc77400c0c9046f2f,full_annotation_v1,A,q_가방_06,가반,패션·잡화 중 '가방'을 판매·제공하는 매장,train,가방,T6 기계변형,0274a049-93a0-4b84-8369-f1ffc368b5ab,모아,가방,자유상가,전통시장,서울특별시,,,
bf806a650a7906cc8f63,full_annotation_v1,A,q_가방_06,가반,패션·잡화 중 '가방'을 판매·제공하는 매장,train,가방,T6 기계변형,2485b873-95c7-4eed-ae1f-f5e4cbcad34e,반반,,서문시장2지구 종합상가,전통시장,대구광역시,,,
54f9fbb6a0934b788e02,full_annotation_v1,A,q_가방_06,가반,패션·잡화 중 '가방'을 판매·제공하는 매장,train,가방,T6 기계변형,1dcdd72e-c65d-49b7-b76c-aed4174d893c,트윈스여행사,여행사,울산 스퀘어 골목형상점가,골목형상점가,울산광역시,,,
aca58faa71dcb27aedf4,full_annotation_v1,A,q_가방_06,가반,패션·잡화 중 '가방'을 판매·제공하는 매장,train,가방,T6 기계변형,4955b39c-6e83-4757-a968-29bdeef0932e,집밥전문백반,백반,대남숨길 골목형상점가,골목형상점가,광주광역시,,,
647ada2778bfb26edefe,full_annotation_v1,A,q_가방_06,가반,패션·잡화 중 '가방'을 판매·제공하는 매장,train,가방,T6 기계변형,d6c42a35-d937-4b9e-98a9-3e22a31091fe,선비숯불갈비,한식,신부유람단골목형상점가,골목형상점가,충청남도,,,
b3e90a4b869388b29163,full_annotation_v1,A,q_가방_07,가방추천,패션·잡화 중 '가방'을 판매·제공하는 매장,train,가방,T6 기계변형,00819c8a-dbaa-4ab0-8771-985453a7f35a,빨강여우,가방,부산자유시장,전통시장,부산광역시,,,
51476de4ebe84d042809,full_annotation_v1,A,q_가방_07,가방추천,패션·잡화 중 '가방'을 판매·제공하는 매장,train,가방,T6 기계변형,a7b76fc3-1fbb-4acc-9a68-bffc0cff28c3,금나라,여성의류,양동복개상가,전통시장,광주광역시,,,
de8304fbf3852187eb7f,full_annotation_v1,A,q_가방_07,가방추천,패션·잡화 중 '가방'을 판매·제공하는 매장,train,가방,T6 기계변형,2551a516-c621-4b87-bbcb-ed051f6f72d8,지구별여행,여행,효천로 골목형상점가,골목형상점가,광주광역시,,,
d0459514dbd329267177,full_annotation_v1,A,q_가방_07,가방추천,패션·잡화 중 '가방'을 판매·제공하는 매장,train,가방,T6 기계변형,23472a49-73aa-4e74-b6a3-2ded854d878e,하나투어 가람여행사 수완점,,수영 골목형상점가,골목형상점가,광주광역시,,,
a11fe93957f28bee6098,full_annotation_v1,A,q_가방_07,가방추천,패션·잡화 중 '가방'을 판매·제공하는 매장,train,가방,T6 기계변형,bce76074-c668-4b3e-b806-29209ac1a1c8,킹가방,가방,계산시장,전통시장,인천광역시,,,
b122760410ac85f5ef81,full_annotation_v1,A,q_가방_07,가방추천,패션·잡화 중 '가방'을 판매·제공하는 매장,train,가방,T6 기계변형,1db0f003-ee69-42d4-8a27-97099eafb0e6,민트민트,가방파우치,성남중앙지하시장,일반지하상점가,경기도,,,
7b7bf0fb3c808aa8e531,full_annotation_v1,A,q_가방_07,가방추천,패션·잡화 중 '가방'을 판매·제공하는 매장,train,가방,T6 기계변형,4e34af39-0373-4c92-a407-1d0c5886e284,쁠리쁠리,가방,소공 지하쇼핑센터,일반지하상점가,서울특별시,,,
a0d1db5b31e38e0a5958,full_annotation_v1,A,q_가방_07,가방추천,패션·잡화 중 '가방'을 판매·제공하는 매장,train,가방,T6 기계변형,ae3aa4b3-2cae-4ab9-b60d-60d19bc2c2f7,dotto,양말 목도리장갑모자 파우치 등 잡화,나주혁신도시 상가번영회,자율상권구역,전라남도,,,
b0930d1f0fb40d32570f,full_annotation_v1,A,q_가방_07,가방추천,패션·잡화 중 '가방'을 판매·제공하는 매장,train,가방,T6 기계변형,8965c135-432e-4b55-93f9-f40afa595e03,뚝딱가죽공방,가방폰케이스벨트지갑카드지갑필통성경커버키고리파우치머리핀팔찌등등,오치 쌍굴 골목형상점가,골목형상점가,광주광역시,,,
66b317f73b9ad303795d,full_annotation_v1,A,q_가방_07,가방추천,패션·잡화 중 '가방'을 판매·제공하는 매장,train,가방,T6 기계변형,003d5df8-0856-45e0-a11e-5098cf70541e,앨리스리본&공방,"공방, 잡화",봉화내성시장,전통시장,경상북도,,,
e667095f99ae2267c5af,full_annotation_v1,A,q_가방_07,가방추천,패션·잡화 중 '가방'을 판매·제공하는 매장,train,가방,T6 기계변형,9c0134ae-5b21-4030-accb-83b75a9a90ac,가방직매점,가방,춘천중앙시장,전통시장,강원특별자치도,,,
3bd1a06f1b4c6249df10,full_annotation_v1,A,q_가방_07,가방추천,패션·잡화 중 '가방'을 판매·제공하는 매장,train,가방,T6 기계변형,1dcdd72e-c65d-49b7-b76c-aed4174d893c,트윈스여행사,여행사,울산 스퀘어 골목형상점가,골목형상점가,울산광역시,,,
ad9a9ab756d168e55d89,full_annotation_v1,A,q_가방_07,가방추천,패션·잡화 중 '가방'을 판매·제공하는 매장,train,가방,T6 기계변형,029710ff-b1a9-4640-a2de-959f9a9535d8,우주가방,가방,관고전통시장,전통시장,경기도,,,
2c2c8a34beb057893266,full_annotation_v1,A,q_가방_07,가방추천,패션·잡화 중 '가방'을 판매·제공하는 매장,train,가방,T6 기계변형,0127440f-2d8b-45f0-b518-a19665d3d5a8,나들가게서교하이퍼,소매(슈퍼),서교시장,전통시장,서울특별시,,,
c72a5b980d6483ad63a0,full_annotation_v1,A,q_가방_07,가방추천,패션·잡화 중 '가방'을 판매·제공하는 매장,train,가방,T6 기계변형,00242042-f371-486a-a1fc-b85de093edbf,슈올즈 이천점,"신발, 잡화",장터거리시장 골목형상점가,골목형상점가,경기도,,,
77c9367704b668a394f7,full_annotation_v1,A,q_가방_07,가방추천,패션·잡화 중 '가방'을 판매·제공하는 매장,train,가방,T6 기계변형,15b1d61d-2447-4da2-8c5b-7ed4c47fafb3,대박한우마트,축산물,동서시장,전통시장,대구광역시,,,
b2ba776dccf95e2c52ea,full_annotation_v1,A,q_가방_07,가방추천,패션·잡화 중 '가방'을 판매·제공하는 매장,train,가방,T6 기계변형,0176d678-e45f-4763-b752-f79b2ca9f34e,종로물산,"지갑, 케이스",동대문문구완구거리,자율상권구역,서울특별시,,,
7735829382497b827ad4,full_annotation_v1,A,q_가방_07,가방추천,패션·잡화 중 '가방'을 판매·제공하는 매장,train,가방,T6 기계변형,dc4eb53e-e854-4836-9a95-8b3f585cad12,살롱앤,미용,첨단중해 골목형상점가,골목형상점가,광주광역시,,,
e69e211cbdbd6ec73a66,full_annotation_v1,A,q_가방_07,가방추천,패션·잡화 중 '가방'을 판매·제공하는 매장,train,가방,T6 기계변형,3fc44495-f3c4-4d59-9814-b453f31556fd,블랙스톤,의류,고투몰(강남터미널지하도상점가),일반지하상점가,서울특별시,,,
64aad42b2875bf5f375f,full_annotation_v1,A,q_가방_07,가방추천,패션·잡화 중 '가방'을 판매·제공하는 매장,train,가방,T6 기계변형,10f188ff-5436-4d3b-a18a-044371cf9a04,코만도레저스포츠,의류,을지로지하보도쇼핑센터,일반지하상점가,서울특별시,,,
b7a3354f4c794179adb6,full_annotation_v1,A,q_가방_07,가방추천,패션·잡화 중 '가방'을 판매·제공하는 매장,train,가방,T6 기계변형,579c4899-0264-4d07-851e-bab61e1f5e3c,야스,가방,남포지하도상가,일반지하상점가,부산광역시,,,
afd53b07e444f7e2fc2f,full_annotation_v1,A,q_가방_07,가방추천,패션·잡화 중 '가방'을 판매·제공하는 매장,train,가방,T6 기계변형,ff960147-dcf9-4084-91e1-b2c721e37451,새유신가방,가방,서문시장(명품프라자상가),전통시장,대구광역시,,,
0dcfc384e97841c31418,full_annotation_v1,A,q_가방_07,가방추천,패션·잡화 중 '가방'을 판매·제공하는 매장,train,가방,T6 기계변형,1abfdb8d-c035-457e-bb73-4e00e063734a,개미공방,앞치마 가방 파우치,부산남문시장,전통시장,부산광역시,,,
b71649a50b277f755540,full_annotation_v1,A,q_가방_07,가방추천,패션·잡화 중 '가방'을 판매·제공하는 매장,train,가방,T6 기계변형,027d8abc-2cc4-4b7b-9c90-7fb3240061de,골목여행사,여행,충주관아골상가,전통시장,충청북도,,,
4ab330ad97925596df50,full_annotation_v1,A,q_가방_07,가방추천,패션·잡화 중 '가방'을 판매·제공하는 매장,train,가방,T6 기계변형,ffcf97c5-6cc6-4e05-8825-b677bbbcd6b8,경주상회,건어물,함안 가야전통시장,전통시장,경상남도,,,
dfcf5985bcdb10d44e26,full_annotation_v1,A,q_가방_07,가방추천,패션·잡화 중 '가방'을 판매·제공하는 매장,train,가방,T6 기계변형,aeb622a3-02b0-4a2b-9037-975abd0bcadf,대박가방,가방,전주중앙상가시장,전통시장,전북특별자치도,,,
36c781f065daeef642f0,full_annotation_v1,A,q_가방_07,가방추천,패션·잡화 중 '가방'을 판매·제공하는 매장,train,가방,T6 기계변형,63e4a9cd-cdcf-4f23-82c9-7352af1c739a,가방마트,가방,나주금빛상점가,자율상권구역,전라남도,,,
fcfc1f58edfe4935e355,full_annotation_v1,A,q_가방_07,가방추천,패션·잡화 중 '가방'을 판매·제공하는 매장,train,가방,T6 기계변형,094a3bb1-34d3-4661-8d23-ebb3df414474,비솝,가방,남평화시장,전통시장,서울특별시,,,
6b24cf8f8f705bfb91fb,full_annotation_v1,A,q_가방_07,가방추천,패션·잡화 중 '가방'을 판매·제공하는 매장,train,가방,T6 기계변형,6c99cd23-cb7c-4ed4-94f6-5ad44b79fe5a,가방지기,가방,원주중앙시장활성화구역,상권활성화구역,강원특별자치도,,,
7a31efd733ad13d15295,full_annotation_v1,A,q_가방_07,가방추천,패션·잡화 중 '가방'을 판매·제공하는 매장,train,가방,T6 기계변형,a1a9dc43-6e1e-4a7e-b454-3df0ce40d398,한가위식당,한식,학성새벽시장,전통시장,울산광역시,,,
f3c70ff5c85b4ee66d76,full_annotation_v1,A,q_가방_07,가방추천,패션·잡화 중 '가방'을 판매·제공하는 매장,train,가방,T6 기계변형,001bacc9-5a95-4049-babd-6691512d8da0,백두사,잡화,장량성도시장,전통시장,경상북도,,,
8235eb6019bdb9e5fc91,full_annotation_v1,A,q_가방_07,가방추천,패션·잡화 중 '가방'을 판매·제공하는 매장,train,가방,T6 기계변형,348238c2-f6f6-4b44-801d-e51ea627dcba,아카디아,도매(지갑),남평화시장,전통시장,서울특별시,,,
add1567265b67f7256fa,full_annotation_v1,A,q_가방_07,가방추천,패션·잡화 중 '가방'을 판매·제공하는 매장,train,가방,T6 기계변형,5b22679a-b011-44ef-9342-b950a02fa4e7,비틀즈,가방,부산평화시장,전통시장,부산광역시,,,
08937af8dc7dfcd29faf,full_annotation_v1,A,q_가방_07,가방추천,패션·잡화 중 '가방'을 판매·제공하는 매장,train,가방,T6 기계변형,4d171d62-5198-4a38-89a4-8ed47e94e3c1,동아가방,"가방, 의류, 우산, 지갑",창원 상남시장,전통시장,경상남도,,,
6220f55937edd87b7a50,full_annotation_v1,A,q_가방_07,가방추천,패션·잡화 중 '가방'을 판매·제공하는 매장,train,가방,T6 기계변형,7524e82c-3edf-48e8-bf93-9270e82ef7be,대성한방,롤파우치 박스,서울약령시장,전통시장,서울특별시,,,
e8696ce4d5f1d3947b6d,full_annotation_v1,A,q_가방_07,가방추천,패션·잡화 중 '가방'을 판매·제공하는 매장,train,가방,T6 기계변형,07117ea7-c1bf-469b-9b83-e19c389163f1,가방나라,가방,부산진시장,전통시장,부산광역시,,,
1e4b7210fef52cb3c4c4,full_annotation_v1,A,q_가방_07,가방추천,패션·잡화 중 '가방'을 판매·제공하는 매장,train,가방,T6 기계변형,22ca25f3-e6fe-4dbd-8936-125430e48611,어깨랑,가방,필그린쇼핑센타,골목형상점가,울산광역시,,,
727d4a1ab0d2e77a692e,full_annotation_v1,A,q_가방_07,가방추천,패션·잡화 중 '가방'을 판매·제공하는 매장,train,가방,T6 기계변형,f9b3394f-e0c0-4a44-8d3f-ef3415ee2ca5,몰리,의류,부산평화시장,전통시장,부산광역시,,,
4fef27a6f8bc1c29eb71,full_annotation_v1,A,q_가방_07,가방추천,패션·잡화 중 '가방'을 판매·제공하는 매장,train,가방,T6 기계변형,04a8d4c6-d45b-4d41-9fdb-77eb2b83f539,가방여행,"가방, 잡화",인천모래내전통시장,전통시장,인천광역시,,,
31a4e23fbb254b9b864f,full_annotation_v1,A,q_가방_07,가방추천,패션·잡화 중 '가방'을 판매·제공하는 매장,train,가방,T6 기계변형,19156553-c6a7-4d77-9582-c19921b78897,덕궁,가방,고투몰(강남터미널지하도상점가),일반지하상점가,서울특별시,,,
bd04fa93ead440d0a769,full_annotation_v1,A,q_가방_07,가방추천,패션·잡화 중 '가방'을 판매·제공하는 매장,train,가방,T6 기계변형,fe36afa8-e4eb-481a-982c-126ed587ed0c,가방공판장,가방,전통중앙도매상가,전통시장,대전광역시,,,
d5a929191dc36c555b26,full_annotation_v1,A,q_가방_07,가방추천,패션·잡화 중 '가방'을 판매·제공하는 매장,train,가방,T6 기계변형,90167fbc-55f1-43ea-93d9-ce1810bbfad8,쿠드,가방,㈜르네시떼,전통시장,부산광역시,,,
c02d9615d228edef934c,full_annotation_v1,A,q_가방_07,가방추천,패션·잡화 중 '가방'을 판매·제공하는 매장,train,가방,T6 기계변형,384b4035-3a18-44a5-b2ba-22816a54d25d,가방,가방,덕풍전통시장,전통시장,경기도,,,
6ea2ed25cba5957f1746,full_annotation_v1,A,q_가방_07,가방추천,패션·잡화 중 '가방'을 판매·제공하는 매장,train,가방,T6 기계변형,f23dfece-0d47-4b99-8ada-136fc09726ce,빽,가방,동산상가,전통시장,대구광역시,,,
3518799ed70e9d417dad,full_annotation_v1,A,q_가방_07,가방추천,패션·잡화 중 '가방'을 판매·제공하는 매장,train,가방,T6 기계변형,51960d49-0d1b-43ab-8adb-8da6b0d2ac04,가방나라,가방,군산 원도심 골목형상점가,골목형상점가,전북특별자치도,,,
13a30f2159c819cc5135,full_annotation_v1,A,q_가방_07,가방추천,패션·잡화 중 '가방'을 판매·제공하는 매장,train,가방,T6 기계변형,37afc789-1c9b-4eed-868d-98e4f4af8af2,잼마,가방,반구시장,전통시장,울산광역시,,,
4bede912ca3ece71e169,full_annotation_v1,A,q_가방_07,가방추천,패션·잡화 중 '가방'을 판매·제공하는 매장,train,가방,T6 기계변형,02196756-54cf-4d93-b198-f1c019f344af,대경상사,가방,자유상가,전통시장,서울특별시,,,
e79071f11d2339012f73,full_annotation_v1,A,q_가방_07,가방추천,패션·잡화 중 '가방'을 판매·제공하는 매장,train,가방,T6 기계변형,8132feaf-2561-4c1c-ba95-25bfa52a0b06,가방천국,가방,수원영동시장,전통시장,경기도,,,
6aa10662e7550795de51,full_annotation_v1,A,q_가방_07,가방추천,패션·잡화 중 '가방'을 판매·제공하는 매장,train,가방,T6 기계변형,9c3db319-4a51-458b-9d50-cdfc35f1ce9f,가제트가방,가방,의정부역지하상가,일반지하상점가,경기도,,,
3e317aaba1efb39ff955,full_annotation_v1,A,q_가방_07,가방추천,패션·잡화 중 '가방'을 판매·제공하는 매장,train,가방,T6 기계변형,e7bd9a87-eb34-4c50-910b-3a90756d48a1,가방백화점,가방,남포지하도상가,일반지하상점가,부산광역시,,,
5850f31ce376d2d542e2,full_annotation_v1,A,q_가방_07,가방추천,패션·잡화 중 '가방'을 판매·제공하는 매장,train,가방,T6 기계변형,a1254bb1-59e0-4298-9263-764de04549dc,가방이야기,가방,대전도매시장,전통시장,대전광역시,,,
accbfbd1849bbf84c35d,full_annotation_v1,A,q_가방_07,가방추천,패션·잡화 중 '가방'을 판매·제공하는 매장,train,가방,T6 기계변형,326802f4-47d0-42aa-92bc-9dfedd414bc6,킹패션,가방,남대문시장,전통시장,서울특별시,,,
12b92dca8cb8f5c521e3,full_annotation_v1,A,q_가방_07,가방추천,패션·잡화 중 '가방'을 판매·제공하는 매장,train,가방,T6 기계변형,003747e4-8102-4296-bfdf-b7ca7c1f83fa,평화잡화,잡화,부산평화시장,전통시장,부산광역시,,,
cc815218df4f99418f3a,full_annotation_v1,A,q_가방_07,가방추천,패션·잡화 중 '가방'을 판매·제공하는 매장,train,가방,T6 기계변형,4d9c5c54-9ccc-4ce3-ad36-8cad7b0ab4b0,커피방앗간,"커피, 디저트",제천시 원도심 상권활성화구역,상권활성화구역,충청북도,,,
766b5b8893f68116e555,full_annotation_v1,A,q_가방_07,가방추천,패션·잡화 중 '가방'을 판매·제공하는 매장,train,가방,T6 기계변형,373c43a7-4131-41ff-a8e3-b3abd2d04373,가방가게,가방,오산오색시장(구 오산중앙시장),전통시장,경기도,,,
7de20790218127cad309,full_annotation_v1,A,q_가방_07,가방추천,패션·잡화 중 '가방'을 판매·제공하는 매장,train,가방,T6 기계변형,183ab1fd-73ab-453c-88ea-0b2779065d60,트리플 좋은 항공여행사,여행사,물베기 골목형상점가,골목형상점가,대구광역시,,,
6b75edc34740b09e7f3c,full_annotation_v1,A,q_가방_07,가방추천,패션·잡화 중 '가방'을 판매·제공하는 매장,train,가방,T6 기계변형,0274a049-93a0-4b84-8369-f1ffc368b5ab,모아,가방,자유상가,전통시장,서울특별시,,,
4fd5dd466bc0a2c7ba81,full_annotation_v1,A,q_가방_07,가방추천,패션·잡화 중 '가방'을 판매·제공하는 매장,train,가방,T6 기계변형,9b46dbb0-ccc4-499d-8d13-c0733571bf14,장수가방,가방,영주소백쇼핑몰,전통시장,경상북도,,,
971566dad2c719db0f6b,full_annotation_v1,A,q_가방_07,가방추천,패션·잡화 중 '가방'을 판매·제공하는 매장,train,가방,T6 기계변형,fcc074db-075b-4f63-99ed-581f75c6058e,유명가방,가방,원주미로예술중앙시장(원주중앙시장),전통시장,강원특별자치도,,,
39f7c6a44e6a79521a63,full_annotation_v1,A,q_가방_07,가방추천,패션·잡화 중 '가방'을 판매·제공하는 매장,train,가방,T6 기계변형,044cee6f-e00f-4c55-a962-6e04f2832ce4,예쁜가방쌈지,가방,비단길현대시장,전통시장,서울특별시,,,
f4fb0c02b23d5a9b5eaf,full_annotation_v1,A,q_가방_07,가방추천,패션·잡화 중 '가방'을 판매·제공하는 매장,train,가방,T6 기계변형,028a1e16-4ae6-4cb3-9065-3acdb329af74,테라,"의류, 잡화(가방)",남천동로108번길 골목형상점가,골목형상점가,부산광역시,,,
7e3ed6dc9f4b374c7a7e,full_annotation_v1,A,q_가방_07,가방추천,패션·잡화 중 '가방'을 판매·제공하는 매장,train,가방,T6 기계변형,8b52768f-a84f-457d-92eb-a35da7dda3b3,셀렉토(Selecto)커피,"커피, 디저트",거제 옥빛나 골목형상점가,골목형상점가,경상남도,,,
965e41c2b82a8c48cafd,full_annotation_v1,A,q_가방_07,가방추천,패션·잡화 중 '가방'을 판매·제공하는 매장,train,가방,T6 기계변형,d04387c3-3192-4652-b2e2-bbf6dd662c64,명동가방,가방,성남중앙지하시장,일반지하상점가,경기도,,,
fa3d097e8f991bcd4c85,full_annotation_v1,A,q_가방_07,가방추천,패션·잡화 중 '가방'을 판매·제공하는 매장,train,가방,T6 기계변형,c5eee6d7-c020-4e15-ab45-03c436b8f6a9,준가방,가방,송탄시장(송북시장),전통시장,경기도,,,
5a714a04d658eccab384,full_annotation_v1,A,q_가방_07,가방추천,패션·잡화 중 '가방'을 판매·제공하는 매장,train,가방,T6 기계변형,f9c22ab5-73ba-4a44-a3bb-9c80e71dcfe8,베키수,가방,숭례문수입상가,전통시장,서울특별시,,,
c051f7f31c9dc2235d2a,full_annotation_v1,A,q_가방_07,가방추천,패션·잡화 중 '가방'을 판매·제공하는 매장,train,가방,T6 기계변형,15ddf23e-746d-4329-86a8-23aff8f2e349,지센 화순점,의류,화순중앙로골목형상점가,골목형상점가,전라남도,,,
cecfcef078e27c69c6ee,full_annotation_v1,A,q_가방_07,가방추천,패션·잡화 중 '가방'을 판매·제공하는 매장,train,가방,T6 기계변형,b937f417-8046-4c5a-b245-4b4f97e7be58,에레또,가방,신포지하상가,일반지하상점가,인천광역시,,,
6ecec68564e09686b70d,full_annotation_v1,A,q_가방_07,가방추천,패션·잡화 중 '가방'을 판매·제공하는 매장,train,가방,T6 기계변형,ce39339a-a3fe-48a8-a3a7-a21bcfca4251,가방천국,가방,구미종합상가,전통시장,경상북도,,,
84b067efcdca72b4fe76,full_annotation_v1,A,q_가방_07,가방추천,패션·잡화 중 '가방'을 판매·제공하는 매장,train,가방,T6 기계변형,3bd6c226-4b1b-4862-b063-fbc096e80649,신데렐라,"손수건, 지갑 등",인현지하도상가,일반지하상점가,인천광역시,,,
c87ca1305dadda3732f1,full_annotation_v1,A,q_가방_07,가방추천,패션·잡화 중 '가방'을 판매·제공하는 매장,train,가방,T6 기계변형,0054b824-eb72-4efa-a1ba-40d467c899a5,수정상회,잡화,중앙전통시장,전통시장,울산광역시,,,
b253b4cc47bd2ea489f0,full_annotation_v1,A,q_가방_07,가방추천,패션·잡화 중 '가방'을 판매·제공하는 매장,train,가방,T6 기계변형,00b35d47-3ee0-4ce4-9415-a745b8ced8e0,쌈지,신발 가방,진주 중앙상점가,자율상권구역,경상남도,,,
ac3c078175df91b77881,full_annotation_v1,A,q_가방_07,가방추천,패션·잡화 중 '가방'을 판매·제공하는 매장,train,가방,T6 기계변형,54206862-89b1-4306-bc4e-32ae49bb735c,서길사,지갑 벨트 장갑,평화시장,전통시장,서울특별시,,,
f23aa1f3e3c6ec8ab4ee,full_annotation_v1,A,q_가방_07,가방추천,패션·잡화 중 '가방'을 판매·제공하는 매장,train,가방,T6 기계변형,3857f411-deb4-41d4-af9f-ca4b735d423f,가방메고모자쓰고,가방,당진원시가지상가,자율상권구역,충청남도,,,
e9d375473dd2dc990ecd,full_annotation_v1,A,q_가방_07,가방추천,패션·잡화 중 '가방'을 판매·제공하는 매장,train,가방,T6 기계변형,787301c8-9d62-4625-bb47-121a034a99ef,형제상회,한복지 이불,대화전통시장,전통시장,강원특별자치도,,,
5f0b6356feacaf0ed73c,full_annotation_v1,A,q_가방_07,가방추천,패션·잡화 중 '가방'을 판매·제공하는 매장,train,가방,T6 기계변형,21c32140-59d4-4d00-9876-cd76f252f895,동해가방,가방,동쪽바다중앙시장(구 동해중앙시장),전통시장,강원특별자치도,,,
eb5a947bb828589176f9,full_annotation_v1,A,q_가방_07,가방추천,패션·잡화 중 '가방'을 판매·제공하는 매장,train,가방,T6 기계변형,b80fa171-6be0-4613-8514-0c0a8f65ac44,가방나라,가방,안성 전통 옛장터길 골목형상점가,골목형상점가,경기도,,,
055896fbc4e0fb413585,full_annotation_v1,A,q_가방_07,가방추천,패션·잡화 중 '가방'을 판매·제공하는 매장,train,가방,T6 기계변형,98bcaf66-bc27-4563-a608-1d331426f82f,촘촘,가방,원주미로예술중앙시장(원주중앙시장),전통시장,강원특별자치도,,,
c21cc1e9177f3284ce49,full_annotation_v1,A,q_가방_07,가방추천,패션·잡화 중 '가방'을 판매·제공하는 매장,train,가방,T6 기계변형,8bf23d8d-8dae-4edb-8a53-4a383b55047e,함평천지,소돼지,첨단쌍이 골목형상점가,골목형상점가,광주광역시,,,
4915b478a295944d3c52,full_annotation_v1,A,q_가방_07,가방추천,패션·잡화 중 '가방'을 판매·제공하는 매장,train,가방,T6 기계변형,31142f15-46e1-4c16-a4d6-189d3a7c047a,로뎅,가방,서귀포중심상가번영회,자율상권구역,제주특별자치도,,,
270728b22fdb0319acea,full_annotation_v1,A,q_가방_07,가방추천,패션·잡화 중 '가방'을 판매·제공하는 매장,train,가방,T6 기계변형,8f0332d1-afdf-4a2c-9bd9-79137e3df8ec,경남건어물,건어물,합천왕후시장,전통시장,경상남도,,,
c7297ca3109e5066c8cc,full_annotation_v1,A,q_가방_07,가방추천,패션·잡화 중 '가방'을 판매·제공하는 매장,train,가방,T6 기계변형,3b1e94d5-8797-4511-b759-db548544372c,종로가방,가방,양동복개상가,전통시장,광주광역시,,,
299e1edc6f2b65d22eaf,full_annotation_v1,A,q_가방_07,가방추천,패션·잡화 중 '가방'을 판매·제공하는 매장,train,가방,T6 기계변형,7cae86d4-412b-456d-b788-b402ae73c2aa,동원DC,잡화류,동원전통시장상점가,자율상권구역,서울특별시,,,
61abcb0e06874104cc3e,full_annotation_v1,A,q_가방_07,가방추천,패션·잡화 중 '가방'을 판매·제공하는 매장,train,가방,T6 기계변형,0295fa53-0a30-4ec9-a0e5-f390fac21fb4,청개구리,가방,보령한내시장,전통시장,충청남도,,,
b48471c9f86da820ebd3,full_annotation_v1,A,q_가전_01,전자제품,생활·마트 중 '가전'을 판매·제공하는 매장,test,가전,T1 정확표기,d3b581ea-9b1b-49f3-aa3e-017f0255922c,종합전자,전자제품,화정로상인회 골목형상점가,골목형상점가,광주광역시,,,
2b17c1f6083f5664e1e3,full_annotation_v1,A,q_가전_01,전자제품,생활·마트 중 '가전'을 판매·제공하는 매장,test,가전,T1 정확표기,939b7fab-69df-4b64-ba5f-0bfe86126fc6,신일광전사,전자제품,부산전자종합시장,전통시장,부산광역시,,,
4dc9e744bce7b4c59d64,full_annotation_v1,A,q_가전_01,전자제품,생활·마트 중 '가전'을 판매·제공하는 매장,test,가전,T1 정확표기,ee5b08e5-92c1-4f5f-a1e4-e2ce1240bea6,본죽&비빔밥 (용인보라점),죽,한보라 골목형상점가,골목형상점가,경기도,,,
6c96b80ac423b8bf4805,full_annotation_v1,A,q_가전_01,전자제품,생활·마트 중 '가전'을 판매·제공하는 매장,test,가전,T1 정확표기,5fa5d7f7-8a08-4cd4-8526-6b4e13ad4ec9,백광사,전자제품,부산전자종합시장,전통시장,부산광역시,,,
db9ed84238b3e5aa4704,full_annotation_v1,A,q_가전_01,전자제품,생활·마트 중 '가전'을 판매·제공하는 매장,test,가전,T1 정확표기,664abff3-ccfe-48a7-b44f-03862db20afb,삼성전자음성대리점,전자제품,음성시장,전통시장,충청북도,,,
9e4058d1db5123e38d50,full_annotation_v1,A,q_가전_01,전자제품,생활·마트 중 '가전'을 판매·제공하는 매장,test,가전,T1 정확표기,c07da96d-e3fa-4643-8138-e93413ce3366,사과나무,농산물,종촌동골목형상점가,골목형상점가,세종특별자치시,,,
b840e6e31932b95ca962,full_annotation_v1,A,q_가전_01,전자제품,생활·마트 중 '가전'을 판매·제공하는 매장,test,가전,T1 정확표기,d003b1a8-34f2-4588-9297-fecec61b678a,남창전자,전자제품,부산전자종합시장,전통시장,부산광역시,,,
ab6bcbf307660a815934,full_annotation_v1,A,q_가전_01,전자제품,생활·마트 중 '가전'을 판매·제공하는 매장,test,가전,T1 정확표기,c884d89f-a1d1-4113-86e1-08c3e39133fd,삼성디지털프라자,전자제품,배방상점가,자율상권구역,충청남도,,,
c3f63c6a30d6f019ef5e,full_annotation_v1,A,q_가전_01,전자제품,생활·마트 중 '가전'을 판매·제공하는 매장,test,가전,T1 정확표기,1787bc8c-ee72-4950-a22d-b9ecf549e43c,한창전기,전자제품,서면시장,전통시장,부산광역시,,,
34454d71bd261d6853a6,full_annotation_v1,A,q_가전_01,전자제품,생활·마트 중 '가전'을 판매·제공하는 매장,test,가전,T1 정확표기,77f9f867-19e7-4066-966b-a489081e92f5,서광전자,전자제품,부산전자종합시장,전통시장,부산광역시,,,
dae2e3d6069b1e8b47e1,full_annotation_v1,A,q_가전_01,전자제품,생활·마트 중 '가전'을 판매·제공하는 매장,test,가전,T1 정확표기,e56f1ee9-bde6-4bcf-a7a4-f4e843583df9,루나스킨케어,화장품,오정 어린이공원 골목형상점가,골목형상점가,광주광역시,,,
333db8ffcfc74d5369e4,full_annotation_v1,A,q_가전_01,전자제품,생활·마트 중 '가전'을 판매·제공하는 매장,test,가전,T1 정확표기,fc85530b-0cb7-4b4b-a650-45e30d64dc11,병규네부대찌개,한식,오류버들시장골목형상점가,골목형상점가,서울특별시,,,
e0ea6b7dfe39165ad0fa,full_annotation_v1,A,q_가전_01,전자제품,생활·마트 중 '가전'을 판매·제공하는 매장,test,가전,T1 정확표기,d803a104-7a94-4571-aecc-61a7d94d4572,하나전자,전자제품,부산전자종합시장,전통시장,부산광역시,,,
b985989c543e5cb6128c,full_annotation_v1,A,q_가전_01,전자제품,생활·마트 중 '가전'을 판매·제공하는 매장,test,가전,T1 정확표기,90c093cd-1e5d-4c6c-b3a0-773dd107c14f,옷사는날,여성복,음성시장,전통시장,충청북도,,,
2d0db7ca0e62e1796e66,full_annotation_v1,A,q_가전_01,전자제품,생활·마트 중 '가전'을 판매·제공하는 매장,test,가전,T1 정확표기,0643af45-97b9-4dc9-914b-9cd86d8920e0,덜렁전자,전자,개금큰시장,전통시장,부산광역시,,,
ffc154f8ca0925e19a0e,full_annotation_v1,A,q_가전_01,전자제품,생활·마트 중 '가전'을 판매·제공하는 매장,test,가전,T1 정확표기,64a97123-0e76-4b5e-942b-c2d83b756c49,인하마트,전자제품,하단오일상설시장,전통시장,부산광역시,,,
af4da2f615ab4d2e00c7,full_annotation_v1,A,q_가전_01,전자제품,생활·마트 중 '가전'을 판매·제공하는 매장,test,가전,T1 정확표기,0fde77f3-1d88-498f-8c65-29f7a6984ee9,재기유통,전자제품,백년시장(구 강북종합전통시장),전통시장,서울특별시,,,
970f5f62ddb1d8137c7e,full_annotation_v1,A,q_가전_01,전자제품,생활·마트 중 '가전'을 판매·제공하는 매장,test,가전,T1 정확표기,0fccdf72-9b49-4ac7-a417-c264968d6f41,삼음전자통신,전자제품,부산전자종합시장,전통시장,부산광역시,,,
1e3e030552db938c9627,full_annotation_v1,A,q_가전_01,전자제품,생활·마트 중 '가전'을 판매·제공하는 매장,test,가전,T1 정확표기,481a748a-f250-4d1c-a594-dcbdcf6c55cd,유림전자,전자제품,전주전자상가(구 전주기린로전자상가),자율상권구역,전북특별자치도,,,
f85e25d58af704b41a11,full_annotation_v1,A,q_가전_01,전자제품,생활·마트 중 '가전'을 판매·제공하는 매장,test,가전,T1 정확표기,8177c7fb-3912-44fd-af4e-54078db0377b,조은전자,전자제품,대구교동시장,전통시장,대구광역시,,,
eede1a4898f22d3c6681,full_annotation_v1,A,q_가전_01,전자제품,생활·마트 중 '가전'을 판매·제공하는 매장,test,가전,T1 정확표기,efa0a872-a3ba-4326-b92a-b42599fc9fdf,서울중고시장,전자제품,포항 해도새록새로 골목형상점가,골목형상점가,경상북도,,,
df41bcd73fe73a479a7d,full_annotation_v1,A,q_가전_01,전자제품,생활·마트 중 '가전'을 판매·제공하는 매장,test,가전,T1 정확표기,c9f68561-3aa5-4eaa-bc45-b898604fae59,PC나라,전자제품,부산전자종합시장,전통시장,부산광역시,,,
b124350c8abd4425f38e,full_annotation_v1,A,q_가전_01,전자제품,생활·마트 중 '가전'을 판매·제공하는 매장,test,가전,T1 정확표기,67fa37ca-5cbb-42be-b2a9-6186d9880b8d,시민전자,전자제품,부산전자종합시장,전통시장,부산광역시,,,
e2f9197ea162d10f01a4,full_annotation_v1,A,q_가전_01,전자제품,생활·마트 중 '가전'을 판매·제공하는 매장,test,가전,T1 정확표기,6a25a7bf-4620-44cd-8283-e3344e9bbb73,용신호,수산물,소래포구전통어시장,전통시장,인천광역시,,,
97e9c2e8ca3988b2a847,full_annotation_v1,A,q_가전_01,전자제품,생활·마트 중 '가전'을 판매·제공하는 매장,test,가전,T1 정확표기,d9f86322-c7c0-4f1d-a582-ce92fb9881a5,부산전자,전자제품,부산전자종합시장,전통시장,부산광역시,,,
6340ef6a1ab867884018,full_annotation_v1,A,q_가전_01,전자제품,생활·마트 중 '가전'을 판매·제공하는 매장,test,가전,T1 정확표기,efdf12af-6496-4563-a2c9-b019a7cfa349,PAT목포점,의류,목포원도심상점가,자율상권구역,전라남도,,,
917fb4b4c680f9d1fcfe,full_annotation_v1,A,q_가전_01,전자제품,생활·마트 중 '가전'을 판매·제공하는 매장,test,가전,T1 정확표기,b22b3ca6-7fe9-48d4-be95-1e1eaf08217f,첨단전자,전자제품,부산전자종합시장,전통시장,부산광역시,,,
570847a8aa03acd37ccb,full_annotation_v1,A,q_가전_01,전자제품,생활·마트 중 '가전'을 판매·제공하는 매장,test,가전,T1 정확표기,d0af5159-044f-419b-8850-e632f5479d37,만물수산,수산물,서부시장(서부재래시장),전통시장,충청남도,,,
241aa269f2ab67fe0d13,full_annotation_v1,A,q_가전_01,전자제품,생활·마트 중 '가전'을 판매·제공하는 매장,test,가전,T1 정확표기,12a0ef39-8ee4-4b6c-bf5a-16554eff897b,동남전자,전자제품,부산전자종합시장,전통시장,부산광역시,,,
b1aaff06e45a0c2e3b60,full_annotation_v1,A,q_가전_01,전자제품,생활·마트 중 '가전'을 판매·제공하는 매장,test,가전,T1 정확표기,32df3cee-7d8b-4e5e-ad61-9ea6575d9bde,아인텍,전자제품,부산전자종합시장,전통시장,부산광역시,,,
e1a965dc7a0001421030,full_annotation_v1,A,q_가전_01,전자제품,생활·마트 중 '가전'을 판매·제공하는 매장,test,가전,T1 정확표기,1cefd18d-ce9a-4372-a00b-a5c669e9223b,은성사,전자제품,춘천중앙시장,전통시장,강원특별자치도,,,
88959b6fa395caaede0e,full_annotation_v1,A,q_가전_01,전자제품,생활·마트 중 '가전'을 판매·제공하는 매장,test,가전,T1 정확표기,e29e10f0-07f3-4874-a73d-363f144e1a34,원음사,전자제품,대구종합유통단지전자관사업협동조합,전통시장,대구광역시,,,
859bc4879d2244d22d36,full_annotation_v1,A,q_가전_01,전자제품,생활·마트 중 '가전'을 판매·제공하는 매장,test,가전,T1 정확표기,015d0410-7e90-45d8-b79a-278244a88cd8,아진전자,전자제품,교동시장1길 상점가,자율상권구역,대구광역시,,,
856c39fcf29eac7267c6,full_annotation_v1,A,q_가전_01,전자제품,생활·마트 중 '가전'을 판매·제공하는 매장,test,가전,T1 정확표기,33322eb8-f17d-459c-81e9-ced357b904a3,전자명품관,전자제품,대구종합유통단지전자관사업협동조합,전통시장,대구광역시,,,
aa8917684bde024e4eb4,full_annotation_v1,A,q_가전_01,전자제품,생활·마트 중 '가전'을 판매·제공하는 매장,test,가전,T1 정확표기,17620d91-a94a-4134-8914-033e4138011e,명성전자,전자제품,남원공설시장,전통시장,전북특별자치도,,,
c5a2875ff0902db25700,full_annotation_v1,A,q_가전_01,전자제품,생활·마트 중 '가전'을 판매·제공하는 매장,test,가전,T1 정확표기,16e56464-0c62-4bf2-8398-7bb8f709b350,대전음향,전자제품,전통중앙도매상가,전통시장,대전광역시,,,
90632bcd0bbebb9dfe15,full_annotation_v1,A,q_가전_01,전자제품,생활·마트 중 '가전'을 판매·제공하는 매장,test,가전,T1 정확표기,b6263fbb-0492-4e48-a2a6-f6f57ca35977,㈜에이치디프라자,전자제품,사당시장,전통시장,서울특별시,,,
708c067a343a81b20bcb,full_annotation_v1,A,q_가전_01,전자제품,생활·마트 중 '가전'을 판매·제공하는 매장,test,가전,T1 정확표기,0950ef91-5c5c-433a-b634-2da97c092982,에스원이엔지(주),전자제품,목동깨비시장(구 목3동시장),전통시장,서울특별시,,,
ac0f3ee9c6ffab50bd07,full_annotation_v1,A,q_가전_01,전자제품,생활·마트 중 '가전'을 판매·제공하는 매장,test,가전,T1 정확표기,14aeb05e-b5c7-4a63-a1c4-f057c7a791ad,한아름전자,전자제품,부산전자종합시장,전통시장,부산광역시,,,
0fac6f998d5880035681,full_annotation_v1,A,q_가전_01,전자제품,생활·마트 중 '가전'을 판매·제공하는 매장,test,가전,T1 정확표기,019dfc3d-1f87-4c88-83ed-98bc560adaa2,신성사,"도소매(전자제품,카메라,잡화)",숭례문수입상가,전통시장,서울특별시,,,
48082db067b478184805,full_annotation_v1,A,q_가전_01,전자제품,생활·마트 중 '가전'을 판매·제공하는 매장,test,가전,T1 정확표기,0322f91e-a79b-48d4-804c-736d63236ddd,롯데전자,전자제품,부산전자종합시장,전통시장,부산광역시,,,
89800e10ab817b9868f6,full_annotation_v1,A,q_가전_01,전자제품,생활·마트 중 '가전'을 판매·제공하는 매장,test,가전,T1 정확표기,b16b40fc-1cf8-405e-a311-bbb6443aba36,수봉전자,전자제품,부산전자종합시장,전통시장,부산광역시,,,
311d515259048ee48409,full_annotation_v1,A,q_가전_01,전자제품,생활·마트 중 '가전'을 판매·제공하는 매장,test,가전,T1 정확표기,5bdb5cc9-5160-4118-94bd-53d74d2ea1f0,신자유전자,전자제품,부산전자종합시장,전통시장,부산광역시,,,
b5b2b714f07caf35f795,full_annotation_v1,A,q_가전_01,전자제품,생활·마트 중 '가전'을 판매·제공하는 매장,test,가전,T1 정확표기,4ae3a162-19f3-47da-843c-5d2d6f9e6e55,신광전자,전자제품,대구교동시장,전통시장,대구광역시,,,
90c66cdb957015a17358,full_annotation_v1,A,q_가전_01,전자제품,생활·마트 중 '가전'을 판매·제공하는 매장,test,가전,T1 정확표기,2dadf80e-1723-4789-b10d-b2e1b6cc898c,행복프라자,전자제품,대구종합유통단지전자관사업협동조합,전통시장,대구광역시,,,
616675463c5bb710f7b4,full_annotation_v1,A,q_가전_01,전자제품,생활·마트 중 '가전'을 판매·제공하는 매장,test,가전,T1 정확표기,7af27279-e181-4573-bdc3-a2dccecba04f,화성전자,전자제품,전자의거리 상점가,자율상권구역,광주광역시,,,
99f4d77b113add769171,full_annotation_v1,A,q_가전_01,전자제품,생활·마트 중 '가전'을 판매·제공하는 매장,test,가전,T1 정확표기,14b18c4c-3da3-451a-a7f5-4c17ab131563,대주전자,전자제품,부산전자종합시장,전통시장,부산광역시,,,
2b767b251f0e4f323f8a,full_annotation_v1,A,q_가전_01,전자제품,생활·마트 중 '가전'을 판매·제공하는 매장,test,가전,T1 정확표기,f7cbdb35-4507-4383-a107-d1c4e1cd9fef,동원전자,전자제품,진부전통시장,전통시장,강원특별자치도,,,
1b467034acce49fae58b,full_annotation_v1,A,q_가전_01,전자제품,생활·마트 중 '가전'을 판매·제공하는 매장,test,가전,T1 정확표기,9b5bfabc-6c17-47da-81b1-e4fa353eb209,하늘땅사람들,한식,고성시장,전통시장,경상남도,,,
95bc5fd0ae4ba71ea219,full_annotation_v1,A,q_가전_01,전자제품,생활·마트 중 '가전'을 판매·제공하는 매장,test,가전,T1 정확표기,1af1dee2-a045-448c-8c64-e137507f06f0,원일,전자제품,남대문시장,전통시장,서울특별시,,,
4c2ef0493c489020167c,full_annotation_v1,A,q_가전_01,전자제품,생활·마트 중 '가전'을 판매·제공하는 매장,test,가전,T1 정확표기,ad91c371-9241-4aad-a64f-e81dea5d870f,아궁이화덕숯불구이,한식,일곡동(제10지역:자연마을 전용주택단지) 골목형상점가,골목형상점가,광주광역시,,,
1714bea69a6d5bce935e,full_annotation_v1,A,q_가전_01,전자제품,생활·마트 중 '가전'을 판매·제공하는 매장,test,가전,T1 정확표기,0e4b7769-9c37-41dd-80da-d0ad2c59e2ad,미래프라자,전자제품,대구종합유통단지전자관사업협동조합,전통시장,대구광역시,,,
7c92532d984fbdd097ba,full_annotation_v1,A,q_가전_01,전자제품,생활·마트 중 '가전'을 판매·제공하는 매장,test,가전,T1 정확표기,8756b6e7-f387-40fd-a230-53f0cc8ce77e,구구사,전자제품,부산전자종합시장,전통시장,부산광역시,,,
4009df3fa004fd4c7644,full_annotation_v1,A,q_가전_01,전자제품,생활·마트 중 '가전'을 판매·제공하는 매장,test,가전,T1 정확표기,f7e297bf-602a-45cd-ad34-a0689f934adc,이지패션남성복,의류,청주육거리종합시장,전통시장,충청북도,,,
ad12f91e8e08d2e91dc5,full_annotation_v1,A,q_가전_01,전자제품,생활·마트 중 '가전'을 판매·제공하는 매장,test,가전,T1 정확표기,402d08a5-6eb8-4aed-a902-5e1d6fb65997,신백산전자,전자제품,부산전자종합시장,전통시장,부산광역시,,,
c19533df00e2560a40d7,full_annotation_v1,A,q_가전_01,전자제품,생활·마트 중 '가전'을 판매·제공하는 매장,test,가전,T1 정확표기,88c3ae63-9f65-4f39-9c52-d5767b04faa1,동아패션,의류,평화시장,전통시장,서울특별시,,,
460401e12b00d2931032,full_annotation_v1,A,q_가전_01,전자제품,생활·마트 중 '가전'을 판매·제공하는 매장,test,가전,T1 정확표기,8c7dfdfb-2bbd-4438-beca-81e1df51c54f,로라애슐리 경주점,침구,경주중심상가,전통시장,경상북도,,,
927bcf9f80a1ac1e53c0,full_annotation_v1,A,q_가전_01,전자제품,생활·마트 중 '가전'을 판매·제공하는 매장,test,가전,T1 정확표기,59f71b1e-dcc7-4579-aa0b-dc0e822785e7,해태종합전자,전자제품,전자의거리 상점가,자율상권구역,광주광역시,,,
f68c82d57b48cd2b44cd,full_annotation_v1,A,q_가전_01,전자제품,생활·마트 중 '가전'을 판매·제공하는 매장,test,가전,T1 정확표기,45c77783-fe91-4c06-813d-d9485203e491,신안전자,전자제품,세운상가 가동,자율상권구역,서울특별시,,,
ed8b75492b1495bf95db,full_annotation_v1,A,q_가전_01,전자제품,생활·마트 중 '가전'을 판매·제공하는 매장,test,가전,T1 정확표기,cff4587e-c7c2-4a03-9cd0-8e58062d2058,대흥전자,전자제품,부산전자종합시장,전통시장,부산광역시,,,
5e7a301ba2de8544d263,full_annotation_v1,A,q_가전_01,전자제품,생활·마트 중 '가전'을 판매·제공하는 매장,test,가전,T1 정확표기,d91ea470-bf1d-4ced-ba31-c3a8ed4c1876,강남전자,전자제품,부산전자종합시장,전통시장,부산광역시,,,
e5e4c34d72a478612e97,full_annotation_v1,A,q_가전_01,전자제품,생활·마트 중 '가전'을 판매·제공하는 매장,test,가전,T1 정확표기,a61153b9-d9bf-485e-b57e-2a391823aa9d,현대가전,전자제품,부산전자종합시장,전통시장,부산광역시,,,
c417d1f88d3f820d4ab0,full_annotation_v1,A,q_가전_01,전자제품,생활·마트 중 '가전'을 판매·제공하는 매장,test,가전,T1 정확표기,3a43955d-73e3-4111-b08f-92820e516419,대신전자,전자제품,부산전자종합시장,전통시장,부산광역시,,,
8a16a12dd07629d9cf55,full_annotation_v1,A,q_가전_01,전자제품,생활·마트 중 '가전'을 판매·제공하는 매장,test,가전,T1 정확표기,070f2150-4b0c-4540-a080-075d5cdaf2f2,진석전자,전자제품,세운상가 가동,자율상권구역,서울특별시,,,
0c980ba820cdb6518643,full_annotation_v1,A,q_가전_01,전자제품,생활·마트 중 '가전'을 판매·제공하는 매장,test,가전,T1 정확표기,785afe9c-47a5-45a4-b6d9-42c44bc5fb51,종합전자,전자제품,무극시장,전통시장,충청북도,,,
c2c23214d22368939cf8,full_annotation_v1,A,q_가전_01,전자제품,생활·마트 중 '가전'을 판매·제공하는 매장,test,가전,T1 정확표기,a63f5342-29ad-4f31-8f11-8851467ac9cb,아폴로전자,전자제품,대구교동시장,전통시장,대구광역시,,,
993a5b264e21dfc00945,full_annotation_v1,A,q_가전_01,전자제품,생활·마트 중 '가전'을 판매·제공하는 매장,test,가전,T1 정확표기,3b6519b9-edb9-43e8-b646-f31687b80cab,한일옥매트,전자제품,새길시장,전통시장,대구광역시,,,
d332608ac2c80a79aa26,full_annotation_v1,A,q_가전_01,전자제품,생활·마트 중 '가전'을 판매·제공하는 매장,test,가전,T1 정확표기,94093ba3-7f7d-4f7c-a14a-3c4c8e23eca9,개성전자,전자제품,부산전자종합시장,전통시장,부산광역시,,,
33e5d39c29645b05f5b2,full_annotation_v1,A,q_가전_01,전자제품,생활·마트 중 '가전'을 판매·제공하는 매장,test,가전,T1 정확표기,9dc0eb65-2198-459e-84f5-7dae392e2555,현주얼리,귀금속,골드테마거리,전통시장,부산광역시,,,
008bd05f1febf0a68e15,full_annotation_v1,A,q_가전_01,전자제품,생활·마트 중 '가전'을 판매·제공하는 매장,test,가전,T1 정확표기,aa5de91c-8c44-4856-9595-245b006c69bf,㈜미르유통,전자제품,부사시장,전통시장,대전광역시,,,
a09aac0f467dfb73dd1d,full_annotation_v1,A,q_가전_01,전자제품,생활·마트 중 '가전'을 판매·제공하는 매장,test,가전,T1 정확표기,509a7f40-ca9d-4a0e-b9c7-d0f46215ac2a,미성음향,전자제품,부산전자종합시장,전통시장,부산광역시,,,
21cf6fac0059a22388f0,full_annotation_v1,A,q_가전_01,전자제품,생활·마트 중 '가전'을 판매·제공하는 매장,test,가전,T1 정확표기,22fc75cd-8b68-4dc1-aa66-31962482f2a8,삼성전자대신프라자,전자제품,중앙신시장,전통시장,경상북도,,,
f6c174d3f154b3071e42,full_annotation_v1,A,q_가전_01,전자제품,생활·마트 중 '가전'을 판매·제공하는 매장,test,가전,T1 정확표기,ddbdbf1f-8d59-4d3e-a493-8a7327221e50,동창전자,전자제품,부산전자종합시장,전통시장,부산광역시,,,
2f1603c37c147511b209,full_annotation_v1,A,q_가전_01,전자제품,생활·마트 중 '가전'을 판매·제공하는 매장,test,가전,T1 정확표기,76508ffb-55f9-47a5-be3e-8d5916671d11,한솔냉동전자,전자제품,평창올림픽시장(평창전통시장),전통시장,강원특별자치도,,,
63a3a13a6ba681a475bb,full_annotation_v1,A,q_가전_01,전자제품,생활·마트 중 '가전'을 판매·제공하는 매장,test,가전,T1 정확표기,77cf34e0-aea0-4a1c-b9b2-d62948476989,콩사랑전주콩나물국밥,콩나물국밥,한보라 골목형상점가,골목형상점가,경기도,,,
646a77422afee4a10022,full_annotation_v1,A,q_가전_01,전자제품,생활·마트 중 '가전'을 판매·제공하는 매장,test,가전,T1 정확표기,7faa0e05-7d75-4df8-abc5-de0b677c42a0,엘지전자평창대리점,전자제품,평창올림픽시장(평창전통시장),전통시장,강원특별자치도,,,
97a268d66ac3465f10df,full_annotation_v1,A,q_가전_01,전자제품,생활·마트 중 '가전'을 판매·제공하는 매장,test,가전,T1 정확표기,c5affa2b-e68b-4093-ac49-8c4616128ea0,LG강진대리점,전자제품,강진중앙로상가,자율상권구역,전라남도,,,
127ff5cd1678bd5ae34e,full_annotation_v1,A,q_가전_01,전자제품,생활·마트 중 '가전'을 판매·제공하는 매장,test,가전,T1 정확표기,74033b45-9956-45b5-bbd8-c0dd99c79b03,배드민턴창고,스포츠용품,공주산성 활성화구역,상권활성화구역,충청남도,,,
772e1731ea96b5fcc1b5,full_annotation_v1,A,q_가전_01,전자제품,생활·마트 중 '가전'을 판매·제공하는 매장,test,가전,T1 정확표기,7b5ea680-c1ab-4125-ad48-21d4253b3a7a,신우전자,전자제품,양주가래비중앙로상점가,골목형상점가,경기도,,,
3be65f3ab8106b174962,full_annotation_v1,A,q_가전_01,전자제품,생활·마트 중 '가전'을 판매·제공하는 매장,test,가전,T1 정확표기,1f2ed621-74dc-4083-b999-928e68b48f2e,한솔CCTV통신,전자제품,전자의거리 상점가,자율상권구역,광주광역시,,,
6e1138335af1d1f07ee0,full_annotation_v1,A,q_가전_01,전자제품,생활·마트 중 '가전'을 판매·제공하는 매장,test,가전,T1 정확표기,15cf0851-76b9-432d-9105-6f4510c74f41,정현정,전자제품,부산전자종합시장,전통시장,부산광역시,,,
d18cb5a78f7e5ed3574c,full_annotation_v1,A,q_가전_01,전자제품,생활·마트 중 '가전'을 판매·제공하는 매장,test,가전,T1 정확표기,1a6ae460-8c72-47a3-9c7a-b097095861d7,삼일전자,전자제품,부산전자종합시장,전통시장,부산광역시,,,
95fd2f178045fef37ae2,full_annotation_v1,A,q_가전_01,전자제품,생활·마트 중 '가전'을 판매·제공하는 매장,test,가전,T1 정확표기,dc5a32c5-6885-4784-81e9-9e2e9ef54edd,동아전자,전자제품,세운상가 가동,자율상권구역,서울특별시,,,
c526fb554035262da8ed,full_annotation_v1,A,q_가전_02,전자제품 매장,생활·마트 중 '가전'을 판매·제공하는 매장,test,가전,T2 동의어,481a748a-f250-4d1c-a594-dcbdcf6c55cd,유림전자,전자제품,전주전자상가(구 전주기린로전자상가),자율상권구역,전북특별자치도,,,
1993a6db3357ff9d99a2,full_annotation_v1,A,q_가전_02,전자제품 매장,생활·마트 중 '가전'을 판매·제공하는 매장,test,가전,T2 동의어,a59ab6f8-dee3-4a8f-9ed1-51f7b07aa609,부경전자,전자제품,부산전자종합시장,전통시장,부산광역시,,,
79668cfcfb52ef099ffa,full_annotation_v1,A,q_가전_02,전자제품 매장,생활·마트 중 '가전'을 판매·제공하는 매장,test,가전,T2 동의어,e29e10f0-07f3-4874-a73d-363f144e1a34,원음사,전자제품,대구종합유통단지전자관사업협동조합,전통시장,대구광역시,,,
e63e3b0b73b31772aed4,full_annotation_v1,A,q_가전_02,전자제품 매장,생활·마트 중 '가전'을 판매·제공하는 매장,test,가전,T2 동의어,32df3cee-7d8b-4e5e-ad61-9ea6575d9bde,아인텍,전자제품,부산전자종합시장,전통시장,부산광역시,,,
b3c052283b6a9fa01b6c,full_annotation_v1,A,q_가전_02,전자제품 매장,생활·마트 중 '가전'을 판매·제공하는 매장,test,가전,T2 동의어,402d08a5-6eb8-4aed-a902-5e1d6fb65997,신백산전자,전자제품,부산전자종합시장,전통시장,부산광역시,,,
1eef18200227f430a67c,full_annotation_v1,A,q_가전_02,전자제품 매장,생활·마트 중 '가전'을 판매·제공하는 매장,test,가전,T2 동의어,ddbdbf1f-8d59-4d3e-a493-8a7327221e50,동창전자,전자제품,부산전자종합시장,전통시장,부산광역시,,,
032eef2b4c8725062546,full_annotation_v1,A,q_가전_02,전자제품 매장,생활·마트 중 '가전'을 판매·제공하는 매장,test,가전,T2 동의어,3a43955d-73e3-4111-b08f-92820e516419,대신전자,전자제품,부산전자종합시장,전통시장,부산광역시,,,
ba07b91433007db8280e,full_annotation_v1,A,q_가전_02,전자제품 매장,생활·마트 중 '가전'을 판매·제공하는 매장,test,가전,T2 동의어,c0933a71-92d8-46da-85f0-017c515458ec,다원유통(비와이씨 매장),속옷,대성상가 골목형상점가,골목형상점가,부산광역시,,,
c68a7ef77a2d13fd6f62,full_annotation_v1,A,q_가전_02,전자제품 매장,생활·마트 중 '가전'을 판매·제공하는 매장,test,가전,T2 동의어,509a7f40-ca9d-4a0e-b9c7-d0f46215ac2a,미성음향,전자제품,부산전자종합시장,전통시장,부산광역시,,,
289c3a56669d79d1c491,full_annotation_v1,A,q_가전_02,전자제품 매장,생활·마트 중 '가전'을 판매·제공하는 매장,test,가전,T2 동의어,b16b40fc-1cf8-405e-a311-bbb6443aba36,수봉전자,전자제품,부산전자종합시장,전통시장,부산광역시,,,
8e6bfb4cffe047c78416,full_annotation_v1,A,q_가전_02,전자제품 매장,생활·마트 중 '가전'을 판매·제공하는 매장,test,가전,T2 동의어,db3079f6-a5d7-4b8f-9639-b99de96e5904,수완무도관,특공무술,성덕중사거리,골목형상점가,광주광역시,,,
e9eaca49694e08b62497,full_annotation_v1,A,q_가전_02,전자제품 매장,생활·마트 중 '가전'을 판매·제공하는 매장,test,가전,T2 동의어,b6263fbb-0492-4e48-a2a6-f6f57ca35977,㈜에이치디프라자,전자제품,사당시장,전통시장,서울특별시,,,
de6baf793f77140868c3,full_annotation_v1,A,q_가전_02,전자제품 매장,생활·마트 중 '가전'을 판매·제공하는 매장,test,가전,T2 동의어,c884d89f-a1d1-4113-86e1-08c3e39133fd,삼성디지털프라자,전자제품,배방상점가,자율상권구역,충청남도,,,
95ebe023648e4fd5e800,full_annotation_v1,A,q_가전_02,전자제품 매장,생활·마트 중 '가전'을 판매·제공하는 매장,test,가전,T2 동의어,a61153b9-d9bf-485e-b57e-2a391823aa9d,현대가전,전자제품,부산전자종합시장,전통시장,부산광역시,,,
6573014617b8d7f2178e,full_annotation_v1,A,q_가전_02,전자제품 매장,생활·마트 중 '가전'을 판매·제공하는 매장,test,가전,T2 동의어,76508ffb-55f9-47a5-be3e-8d5916671d11,한솔냉동전자,전자제품,평창올림픽시장(평창전통시장),전통시장,강원특별자치도,,,
21e783aff9fa6c04e897,full_annotation_v1,A,q_가전_02,전자제품 매장,생활·마트 중 '가전'을 판매·제공하는 매장,test,가전,T2 동의어,0950ef91-5c5c-433a-b634-2da97c092982,에스원이엔지(주),전자제품,목동깨비시장(구 목3동시장),전통시장,서울특별시,,,
cf278dde9496b7cdb80a,full_annotation_v1,A,q_가전_02,전자제품 매장,생활·마트 중 '가전'을 판매·제공하는 매장,test,가전,T2 동의어,785afe9c-47a5-45a4-b6d9-42c44bc5fb51,종합전자,전자제품,무극시장,전통시장,충청북도,,,
91096fc4107fe88c8ad2,full_annotation_v1,A,q_가전_02,전자제품 매장,생활·마트 중 '가전'을 판매·제공하는 매장,test,가전,T2 동의어,3b6519b9-edb9-43e8-b646-f31687b80cab,한일옥매트,전자제품,새길시장,전통시장,대구광역시,,,
73325626a78c36d9baa5,full_annotation_v1,A,q_가전_02,전자제품 매장,생활·마트 중 '가전'을 판매·제공하는 매장,test,가전,T2 동의어,664abff3-ccfe-48a7-b44f-03862db20afb,삼성전자음성대리점,전자제품,음성시장,전통시장,충청북도,,,
3d09fa23fcb0e115149b,full_annotation_v1,A,q_가전_02,전자제품 매장,생활·마트 중 '가전'을 판매·제공하는 매장,test,가전,T2 동의어,33322eb8-f17d-459c-81e9-ced357b904a3,전자명품관,전자제품,대구종합유통단지전자관사업협동조합,전통시장,대구광역시,,,
e2dc6f7698e131cf5262,full_annotation_v1,A,q_가전_02,전자제품 매장,생활·마트 중 '가전'을 판매·제공하는 매장,test,가전,T2 동의어,1787bc8c-ee72-4950-a22d-b9ecf549e43c,한창전기,전자제품,서면시장,전통시장,부산광역시,,,
51b8b0fb3ff1735a7929,full_annotation_v1,A,q_가전_02,전자제품 매장,생활·마트 중 '가전'을 판매·제공하는 매장,test,가전,T2 동의어,34ad0a7d-f7b4-40e7-8784-254680cc79da,광주주월 밴스의원,피부과,주월1동회재로 골목형상점가,골목형상점가,광주광역시,,,
2536943a400f86ab5916,full_annotation_v1,A,q_가전_02,전자제품 매장,생활·마트 중 '가전'을 판매·제공하는 매장,test,가전,T2 동의어,14aeb05e-b5c7-4a63-a1c4-f057c7a791ad,한아름전자,전자제품,부산전자종합시장,전통시장,부산광역시,,,
149d045b1a8484c36725,full_annotation_v1,A,q_가전_02,전자제품 매장,생활·마트 중 '가전'을 판매·제공하는 매장,test,가전,T2 동의어,f730e3d8-7c4b-4d38-b08b-22a927dcf5bc,걷는기쁨,신발,복대시장,전통시장,충청북도,,,
3ce176641ca1e16423e9,full_annotation_v1,A,q_가전_02,전자제품 매장,생활·마트 중 '가전'을 판매·제공하는 매장,test,가전,T2 동의어,59f71b1e-dcc7-4579-aa0b-dc0e822785e7,해태종합전자,전자제품,전자의거리 상점가,자율상권구역,광주광역시,,,
5e67bbe37397ad0c3d6c,full_annotation_v1,A,q_가전_02,전자제품 매장,생활·마트 중 '가전'을 판매·제공하는 매장,test,가전,T2 동의어,64c2f40e-67ce-4916-89bb-97ea13ec362f,온누리,의류,도남시장,전통시장,제주특별자치도,,,
0af63017bb564950305f,full_annotation_v1,A,q_가전_02,전자제품 매장,생활·마트 중 '가전'을 판매·제공하는 매장,test,가전,T2 동의어,d3b581ea-9b1b-49f3-aa3e-017f0255922c,종합전자,전자제품,화정로상인회 골목형상점가,골목형상점가,광주광역시,,,
63fa8e935a9ad3cf3b69,full_annotation_v1,A,q_가전_02,전자제품 매장,생활·마트 중 '가전'을 판매·제공하는 매장,test,가전,T2 동의어,cff4587e-c7c2-4a03-9cd0-8e58062d2058,대흥전자,전자제품,부산전자종합시장,전통시장,부산광역시,,,
8912546562e726b7a7a4,full_annotation_v1,A,q_가전_02,전자제품 매장,생활·마트 중 '가전'을 판매·제공하는 매장,test,가전,T2 동의어,1af1dee2-a045-448c-8c64-e137507f06f0,원일,전자제품,남대문시장,전통시장,서울특별시,,,
6d87758fcc90361c4721,full_annotation_v1,A,q_가전_02,전자제품 매장,생활·마트 중 '가전'을 판매·제공하는 매장,test,가전,T2 동의어,7695c78d-cac4-4b22-9ce6-44d0608bd945,청실홍실,,서산동부전통시장,전통시장,충청남도,,,
c4217c1c0fdc1616480f,full_annotation_v1,A,q_가전_02,전자제품 매장,생활·마트 중 '가전'을 판매·제공하는 매장,test,가전,T2 동의어,2a4567a9-aa16-419c-9be5-d7bb55c827b7,한국축산유통,식육,대인시장,전통시장,광주광역시,,,
5991a2ec42eb30edf389,full_annotation_v1,A,q_가전_02,전자제품 매장,생활·마트 중 '가전'을 판매·제공하는 매장,test,가전,T2 동의어,1cefd18d-ce9a-4372-a00b-a5c669e9223b,은성사,전자제품,춘천중앙시장,전통시장,강원특별자치도,,,
9c375bb79b773a0d3b0d,full_annotation_v1,A,q_가전_02,전자제품 매장,생활·마트 중 '가전'을 판매·제공하는 매장,test,가전,T2 동의어,c188ba8c-dcf0-4e41-a9b4-631fb87d2650,센스옷가게,의류,주문진종합시장,전통시장,강원특별자치도,,,
465165beaea6ac4ddc29,full_annotation_v1,A,q_가전_02,전자제품 매장,생활·마트 중 '가전'을 판매·제공하는 매장,test,가전,T2 동의어,8756b6e7-f387-40fd-a230-53f0cc8ce77e,구구사,전자제품,부산전자종합시장,전통시장,부산광역시,,,
aac3880c5c736ca55244,full_annotation_v1,A,q_가전_02,전자제품 매장,생활·마트 중 '가전'을 판매·제공하는 매장,test,가전,T2 동의어,7af27279-e181-4573-bdc3-a2dccecba04f,화성전자,전자제품,전자의거리 상점가,자율상권구역,광주광역시,,,
abbcb704aef7cde4820c,full_annotation_v1,A,q_가전_02,전자제품 매장,생활·마트 중 '가전'을 판매·제공하는 매장,test,가전,T2 동의어,ed9e0852-c756-451b-b2b1-1a4fa6f9aad5,예손,화장품소매,창원 성원그랜드쇼핑상가,전통시장,경상남도,,,
e4518cbf11d55e8a2a3f,full_annotation_v1,A,q_가전_02,전자제품 매장,생활·마트 중 '가전'을 판매·제공하는 매장,test,가전,T2 동의어,e8ded667-4c8c-4185-bbdf-f9cca1bba556,소담 숯불갈비집,한식,난곡 신사맛길 골목형상점가,골목형상점가,서울특별시,,,
1d356917cfb32db7b1d0,full_annotation_v1,A,q_가전_02,전자제품 매장,생활·마트 중 '가전'을 판매·제공하는 매장,test,가전,T2 동의어,070f2150-4b0c-4540-a080-075d5cdaf2f2,진석전자,전자제품,세운상가 가동,자율상권구역,서울특별시,,,
43ccc56902b796d440f5,full_annotation_v1,A,q_가전_02,전자제품 매장,생활·마트 중 '가전'을 판매·제공하는 매장,test,가전,T2 동의어,0322f91e-a79b-48d4-804c-736d63236ddd,롯데전자,전자제품,부산전자종합시장,전통시장,부산광역시,,,
08c9f9b7f939ded8628e,full_annotation_v1,A,q_가전_02,전자제품 매장,생활·마트 중 '가전'을 판매·제공하는 매장,test,가전,T2 동의어,7faa0e05-7d75-4df8-abc5-de0b677c42a0,엘지전자평창대리점,전자제품,평창올림픽시장(평창전통시장),전통시장,강원특별자치도,,,
07e625d4208c70e7ebf5,full_annotation_v1,A,q_가전_02,전자제품 매장,생활·마트 중 '가전'을 판매·제공하는 매장,test,가전,T2 동의어,c379aaf1-533a-46e4-8d57-2d247ef68aa9,아시아판매장,전자제품,충주자유시장,전통시장,충청북도,,,
1260cc5288bdfed962f6,full_annotation_v1,A,q_가전_02,전자제품 매장,생활·마트 중 '가전'을 판매·제공하는 매장,test,가전,T2 동의어,b22b3ca6-7fe9-48d4-be95-1e1eaf08217f,첨단전자,전자제품,부산전자종합시장,전통시장,부산광역시,,,
1d81f1a911ead5aa50a1,full_annotation_v1,A,q_가전_02,전자제품 매장,생활·마트 중 '가전'을 판매·제공하는 매장,test,가전,T2 동의어,2dadf80e-1723-4789-b10d-b2e1b6cc898c,행복프라자,전자제품,대구종합유통단지전자관사업협동조합,전통시장,대구광역시,,,
d545978da2e1030273eb,full_annotation_v1,A,q_가전_02,전자제품 매장,생활·마트 중 '가전'을 판매·제공하는 매장,test,가전,T2 동의어,019dfc3d-1f87-4c88-83ed-98bc560adaa2,신성사,"도소매(전자제품,카메라,잡화)",숭례문수입상가,전통시장,서울특별시,,,
aa1fd1be302764ac68dc,full_annotation_v1,A,q_가전_02,전자제품 매장,생활·마트 중 '가전'을 판매·제공하는 매장,test,가전,T2 동의어,69e68669-aa09-4e98-bff1-e5cb3e75ef14,폰케이스 매장,폰케이스,메트로센터(반월당지하쇼핑),일반지하상점가,대구광역시,,,
eae9e0f752000c329824,full_annotation_v1,A,q_가전_02,전자제품 매장,생활·마트 중 '가전'을 판매·제공하는 매장,test,가전,T2 동의어,64a97123-0e76-4b5e-942b-c2d83b756c49,인하마트,전자제품,하단오일상설시장,전통시장,부산광역시,,,
c5dd5f960c6c9b5359ab,full_annotation_v1,A,q_가전_02,전자제품 매장,생활·마트 중 '가전'을 판매·제공하는 매장,test,가전,T2 동의어,77f9f867-19e7-4066-966b-a489081e92f5,서광전자,전자제품,부산전자종합시장,전통시장,부산광역시,,,
b048474f83703963909c,full_annotation_v1,A,q_가전_02,전자제품 매장,생활·마트 중 '가전'을 판매·제공하는 매장,test,가전,T2 동의어,12a0ef39-8ee4-4b6c-bf5a-16554eff897b,동남전자,전자제품,부산전자종합시장,전통시장,부산광역시,,,
387e98c48e6db23b9490,full_annotation_v1,A,q_가전_02,전자제품 매장,생활·마트 중 '가전'을 판매·제공하는 매장,test,가전,T2 동의어,7b5ea680-c1ab-4125-ad48-21d4253b3a7a,신우전자,전자제품,양주가래비중앙로상점가,골목형상점가,경기도,,,
7353ddbbd4e84df9da75,full_annotation_v1,A,q_가전_02,전자제품 매장,생활·마트 중 '가전'을 판매·제공하는 매장,test,가전,T2 동의어,0fde77f3-1d88-498f-8c65-29f7a6984ee9,재기유통,전자제품,백년시장(구 강북종합전통시장),전통시장,서울특별시,,,
d2ffeb63e1e244fb6f5c,full_annotation_v1,A,q_가전_02,전자제품 매장,생활·마트 중 '가전'을 판매·제공하는 매장,test,가전,T2 동의어,94093ba3-7f7d-4f7c-a14a-3c4c8e23eca9,개성전자,전자제품,부산전자종합시장,전통시장,부산광역시,,,
85b66ad8609fbee412ef,full_annotation_v1,A,q_가전_02,전자제품 매장,생활·마트 중 '가전'을 판매·제공하는 매장,test,가전,T2 동의어,5fa5d7f7-8a08-4cd4-8526-6b4e13ad4ec9,백광사,전자제품,부산전자종합시장,전통시장,부산광역시,,,
2f61b497c3e553f5d97b,full_annotation_v1,A,q_가전_02,전자제품 매장,생활·마트 중 '가전'을 판매·제공하는 매장,test,가전,T2 동의어,5bdb5cc9-5160-4118-94bd-53d74d2ea1f0,신자유전자,전자제품,부산전자종합시장,전통시장,부산광역시,,,
0bb539c75590a7c92f84,full_annotation_v1,A,q_가전_02,전자제품 매장,생활·마트 중 '가전'을 판매·제공하는 매장,test,가전,T2 동의어,37163bd2-6c48-46db-a086-89fc7f352de6,페리카나보람소담점,치킨,소담마실길 골목형상점가,골목형상점가,세종특별자치시,,,
05e1adbd99bfbaf4dfd4,full_annotation_v1,A,q_가전_02,전자제품 매장,생활·마트 중 '가전'을 판매·제공하는 매장,test,가전,T2 동의어,453c7257-40ca-4674-9958-4a04b5f91301,세븐일레븐 숭덕2점,편의점 매장,첨단이웃사랑 골목형상점가,골목형상점가,광주광역시,,,
64598f69cb600f35cb42,full_annotation_v1,A,q_가전_02,전자제품 매장,생활·마트 중 '가전'을 판매·제공하는 매장,test,가전,T2 동의어,d003b1a8-34f2-4588-9297-fecec61b678a,남창전자,전자제품,부산전자종합시장,전통시장,부산광역시,,,
a26a97e644fccef86818,full_annotation_v1,A,q_가전_02,전자제품 매장,생활·마트 중 '가전'을 판매·제공하는 매장,test,가전,T2 동의어,15cf0851-76b9-432d-9105-6f4510c74f41,정현정,전자제품,부산전자종합시장,전통시장,부산광역시,,,
0f6c5903c55e346a4ee7,full_annotation_v1,A,q_가전_02,전자제품 매장,생활·마트 중 '가전'을 판매·제공하는 매장,test,가전,T2 동의어,0e4b7769-9c37-41dd-80da-d0ad2c59e2ad,미래프라자,전자제품,대구종합유통단지전자관사업협동조합,전통시장,대구광역시,,,
27ecbaa73fa10bd08158,full_annotation_v1,A,q_가전_02,전자제품 매장,생활·마트 중 '가전'을 판매·제공하는 매장,test,가전,T2 동의어,efa0a872-a3ba-4326-b92a-b42599fc9fdf,서울중고시장,전자제품,포항 해도새록새로 골목형상점가,골목형상점가,경상북도,,,
76f15ae04d0f7f82ceef,full_annotation_v1,A,q_가전_02,전자제품 매장,생활·마트 중 '가전'을 판매·제공하는 매장,test,가전,T2 동의어,63896692-7bda-4fd6-bdad-1772c5e31805,라면연구소,한식,남현동예술인마을골목형상점가,골목형상점가,서울특별시,,,
846f864e31babf1c6f51,full_annotation_v1,A,q_가전_02,전자제품 매장,생활·마트 중 '가전'을 판매·제공하는 매장,test,가전,T2 동의어,758a3619-2e68-4bf3-85ad-04f7259abdb6,본비반트헤어,미용,개항희망문화상권 상권활성화구역,상권활성화구역,인천광역시,,,
48465f56d44c3eac878e,full_annotation_v1,A,q_가전_02,전자제품 매장,생활·마트 중 '가전'을 판매·제공하는 매장,test,가전,T2 동의어,1f2ed621-74dc-4083-b999-928e68b48f2e,한솔CCTV통신,전자제품,전자의거리 상점가,자율상권구역,광주광역시,,,
e0f1c0f90aea2560759d,full_annotation_v1,A,q_가전_02,전자제품 매장,생활·마트 중 '가전'을 판매·제공하는 매장,test,가전,T2 동의어,d9f86322-c7c0-4f1d-a582-ce92fb9881a5,부산전자,전자제품,부산전자종합시장,전통시장,부산광역시,,,
e4d2d40f338d00a66fe4,full_annotation_v1,A,q_가전_02,전자제품 매장,생활·마트 중 '가전'을 판매·제공하는 매장,test,가전,T2 동의어,d803a104-7a94-4571-aecc-61a7d94d4572,하나전자,전자제품,부산전자종합시장,전통시장,부산광역시,,,
9eb44b6e3b3a9dd6d667,full_annotation_v1,A,q_가전_02,전자제품 매장,생활·마트 중 '가전'을 판매·제공하는 매장,test,가전,T2 동의어,f7cbdb35-4507-4383-a107-d1c4e1cd9fef,동원전자,전자제품,진부전통시장,전통시장,강원특별자치도,,,
f192dae13996945c76c8,full_annotation_v1,A,q_가전_02,전자제품 매장,생활·마트 중 '가전'을 판매·제공하는 매장,test,가전,T2 동의어,823b6d52-7ce5-4863-9cd1-e69ddb185b82,룰루마리김밥,김밥,소담마실길 골목형상점가,골목형상점가,세종특별자치시,,,
f35d8351745778974b50,full_annotation_v1,A,q_가전_02,전자제품 매장,생활·마트 중 '가전'을 판매·제공하는 매장,test,가전,T2 동의어,851fc590-ad21-4caf-b2dd-55ac2dacbbe8,금성당감판매장,전자제품,당감골목시장,전통시장,부산광역시,,,
df51f2ae32ab0de5f71d,full_annotation_v1,A,q_가전_02,전자제품 매장,생활·마트 중 '가전'을 판매·제공하는 매장,test,가전,T2 동의어,c9f68561-3aa5-4eaa-bc45-b898604fae59,PC나라,전자제품,부산전자종합시장,전통시장,부산광역시,,,
74854436231c258886ba,full_annotation_v1,A,q_가전_02,전자제품 매장,생활·마트 중 '가전'을 판매·제공하는 매장,test,가전,T2 동의어,c5affa2b-e68b-4093-ac49-8c4616128ea0,LG강진대리점,전자제품,강진중앙로상가,자율상권구역,전라남도,,,
574c296a45173159839f,full_annotation_v1,A,q_가전_02,전자제품 매장,생활·마트 중 '가전'을 판매·제공하는 매장,test,가전,T2 동의어,015d0410-7e90-45d8-b79a-278244a88cd8,아진전자,전자제품,교동시장1길 상점가,자율상권구역,대구광역시,,,
5bec147ab42b7bb6d091,full_annotation_v1,A,q_가전_02,전자제품 매장,생활·마트 중 '가전'을 판매·제공하는 매장,test,가전,T2 동의어,8177c7fb-3912-44fd-af4e-54078db0377b,조은전자,전자제품,대구교동시장,전통시장,대구광역시,,,
4cefcf7a7a5898694a5e,full_annotation_v1,A,q_가전_02,전자제품 매장,생활·마트 중 '가전'을 판매·제공하는 매장,test,가전,T2 동의어,0643af45-97b9-4dc9-914b-9cd86d8920e0,덜렁전자,전자,개금큰시장,전통시장,부산광역시,,,
96fe52341592e8225bdd,full_annotation_v1,A,q_가전_02,전자제품 매장,생활·마트 중 '가전'을 판매·제공하는 매장,test,가전,T2 동의어,0fccdf72-9b49-4ac7-a417-c264968d6f41,삼음전자통신,전자제품,부산전자종합시장,전통시장,부산광역시,,,
3fa7a15f9f57ea93ba6d,full_annotation_v1,A,q_가전_02,전자제품 매장,생활·마트 중 '가전'을 판매·제공하는 매장,test,가전,T2 동의어,36322981-17f8-424e-8e48-9c9eef3f6b2f,우리아이동물메디컬센터,동물병원,나성BRT 골목형상점가,골목형상점가,세종특별자치시,,,
f29a819cff403ea35fed,full_annotation_v1,A,q_가전_02,전자제품 매장,생활·마트 중 '가전'을 판매·제공하는 매장,test,가전,T2 동의어,22fc75cd-8b68-4dc1-aa66-31962482f2a8,삼성전자대신프라자,전자제품,중앙신시장,전통시장,경상북도,,,
ac6735b69347b5b365db,full_annotation_v1,A,q_가전_02,전자제품 매장,생활·마트 중 '가전'을 판매·제공하는 매장,test,가전,T2 동의어,aa5de91c-8c44-4856-9595-245b006c69bf,㈜미르유통,전자제품,부사시장,전통시장,대전광역시,,,
4199cefd23ac60f062b4,full_annotation_v1,A,q_가전_02,전자제품 매장,생활·마트 중 '가전'을 판매·제공하는 매장,test,가전,T2 동의어,a63f5342-29ad-4f31-8f11-8851467ac9cb,아폴로전자,전자제품,대구교동시장,전통시장,대구광역시,,,
1243d9f6fed22f990f45,full_annotation_v1,A,q_가전_02,전자제품 매장,생활·마트 중 '가전'을 판매·제공하는 매장,test,가전,T2 동의어,67fa37ca-5cbb-42be-b2a9-6186d9880b8d,시민전자,전자제품,부산전자종합시장,전통시장,부산광역시,,,
6679c04fc91adb57d16c,full_annotation_v1,A,q_가전_02,전자제품 매장,생활·마트 중 '가전'을 판매·제공하는 매장,test,가전,T2 동의어,16e56464-0c62-4bf2-8398-7bb8f709b350,대전음향,전자제품,전통중앙도매상가,전통시장,대전광역시,,,
5a98b78fae275ac14c33,full_annotation_v1,A,q_가전_02,전자제품 매장,생활·마트 중 '가전'을 판매·제공하는 매장,test,가전,T2 동의어,939b7fab-69df-4b64-ba5f-0bfe86126fc6,신일광전사,전자제품,부산전자종합시장,전통시장,부산광역시,,,
9927d4504d929e4c7020,full_annotation_v1,A,q_가전_02,전자제품 매장,생활·마트 중 '가전'을 판매·제공하는 매장,test,가전,T2 동의어,14b18c4c-3da3-451a-a7f5-4c17ab131563,대주전자,전자제품,부산전자종합시장,전통시장,부산광역시,,,
b7a29461a0e651848b0c,full_annotation_v1,A,q_가전_02,전자제품 매장,생활·마트 중 '가전'을 판매·제공하는 매장,test,가전,T2 동의어,7e4aa867-da9e-4842-a5cd-96f28757e4ba,범계토브주얼리,악세사리,평촌1번가 상점가,자율상권구역,경기도,,,
453993c89447d31b30b2,full_annotation_v1,A,q_가전_02,전자제품 매장,생활·마트 중 '가전'을 판매·제공하는 매장,test,가전,T2 동의어,4ae3a162-19f3-47da-843c-5d2d6f9e6e55,신광전자,전자제품,대구교동시장,전통시장,대구광역시,,,
90a4c241938e31321e6a,full_annotation_v1,A,q_가전_02,전자제품 매장,생활·마트 중 '가전'을 판매·제공하는 매장,test,가전,T2 동의어,1a6ae460-8c72-47a3-9c7a-b097095861d7,삼일전자,전자제품,부산전자종합시장,전통시장,부산광역시,,,
d6ce141e6f840a8fa858,full_annotation_v1,A,q_가전_02,전자제품 매장,생활·마트 중 '가전'을 판매·제공하는 매장,test,가전,T2 동의어,17620d91-a94a-4134-8914-033e4138011e,명성전자,전자제품,남원공설시장,전통시장,전북특별자치도,,,
900be485d79fa1002d21,full_annotation_v1,A,q_가전_02,전자제품 매장,생활·마트 중 '가전'을 판매·제공하는 매장,test,가전,T2 동의어,45c77783-fe91-4c06-813d-d9485203e491,신안전자,전자제품,세운상가 가동,자율상권구역,서울특별시,,,
01d1d4ae9dc49c3085ab,full_annotation_v1,A,q_가전_02,전자제품 매장,생활·마트 중 '가전'을 판매·제공하는 매장,test,가전,T2 동의어,a0d908ae-892e-4014-b876-258b35660d37,더블와이짐 PT&헬스 신금호점,헬쓰,신금호역골목형상점가,골목형상점가,서울특별시,,,
72642435dc7f19530094,full_annotation_v1,A,q_가전_02,전자제품 매장,생활·마트 중 '가전'을 판매·제공하는 매장,test,가전,T2 동의어,d91ea470-bf1d-4ced-ba31-c3a8ed4c1876,강남전자,전자제품,부산전자종합시장,전통시장,부산광역시,,,
40e0bc93a2f3b563d353,full_annotation_v1,A,q_가전_03,가전제품 파는 곳,생활·마트 중 '가전'을 판매·제공하는 매장,test,가전,T4 구어·문장,b24adbb3-3f02-4bb7-b211-525b7b1a00e4,만수전자,가전제품,만수시장,전통시장,인천광역시,,,
4407fb1f3b6fd9b20eb3,full_annotation_v1,A,q_가전_03,가전제품 파는 곳,생활·마트 중 '가전'을 판매·제공하는 매장,test,가전,T4 구어·문장,48f2c379-704d-44ae-86e7-aba030b94bb0,아침전자,가전제품,대구종합유통단지전자관사업협동조합,전통시장,대구광역시,,,
6db8e7d41bb3cc20f0e1,full_annotation_v1,A,q_가전_03,가전제품 파는 곳,생활·마트 중 '가전'을 판매·제공하는 매장,test,가전,T4 구어·문장,de478a53-77c7-4c36-9fa8-bc1faab9274c,본힐링하우스,가전제품,익산북부시장,전통시장,전북특별자치도,,,
a6d0e95ef962c05843b4,full_annotation_v1,A,q_가전_03,가전제품 파는 곳,생활·마트 중 '가전'을 판매·제공하는 매장,test,가전,T4 구어·문장,a204fee4-bb5d-4f48-ba4b-e962c2abd60e,유니버셜전자,가전제품,부산자유시장,전통시장,부산광역시,,,
ec58fdc6ab8ca3568000,full_annotation_v1,A,q_가전_03,가전제품 파는 곳,생활·마트 중 '가전'을 판매·제공하는 매장,test,가전,T4 구어·문장,466d0bfd-d44a-41e4-9ad4-de1231b3522f,문경종합전자,가전제품,문경전통시장,전통시장,경상북도,,,
55024f1621d081424305,full_annotation_v1,A,q_가전_03,가전제품 파는 곳,생활·마트 중 '가전'을 판매·제공하는 매장,test,가전,T4 구어·문장,b592aff0-bfdb-4823-8196-ca65947903ad,경신전자,가전제품,교동시장1길 상점가,자율상권구역,대구광역시,,,
5c4d9abe4523391b35ae,full_annotation_v1,A,q_가전_03,가전제품 파는 곳,생활·마트 중 '가전'을 판매·제공하는 매장,test,가전,T4 구어·문장,c7f9310d-1e09-4fe0-a0cc-1d2a6988a7c2,반도전자,가전제품,김천평화시장,전통시장,경상북도,,,
2f17dc55ec7cd11f0c3d,full_annotation_v1,A,q_가전_03,가전제품 파는 곳,생활·마트 중 '가전'을 판매·제공하는 매장,test,가전,T4 구어·문장,8c87aae3-001f-4dab-b8e2-1f89f2e8979d,날개,의류,신포지하상가,일반지하상점가,인천광역시,,,
dfad9eda8aa42bf2d05d,full_annotation_v1,A,q_가전_03,가전제품 파는 곳,생활·마트 중 '가전'을 판매·제공하는 매장,test,가전,T4 구어·문장,c161453d-f2c8-4b97-a2c3-a54e0cbdb7e8,생활용품 싸게 파는 집,잡화,안성중앙시장,전통시장,경기도,,,
658fb73148680f3bdf93,full_annotation_v1,A,q_가전_03,가전제품 파는 곳,생활·마트 중 '가전'을 판매·제공하는 매장,test,가전,T4 구어·문장,23177b8e-6d67-4242-91bc-4e05b21fb2e3,일성종합전자,가전제품,대구교동시장,전통시장,대구광역시,,,
dfc3a4abcc214da91bd4,full_annotation_v1,A,q_가전_03,가전제품 파는 곳,생활·마트 중 '가전'을 판매·제공하는 매장,test,가전,T4 구어·문장,1a377b4b-cec5-4061-8e6c-77fb3d351a73,민수알뜰중고센터,가전제품,두암지구입구 골목형상점가,골목형상점가,광주광역시,,,
e6da3a07f0fa2e0aafdf,full_annotation_v1,A,q_가전_03,가전제품 파는 곳,생활·마트 중 '가전'을 판매·제공하는 매장,test,가전,T4 구어·문장,7e17104b-78fd-4b6b-9e5c-97c566aea084,마정당 광주신세계점,육류,온누리상인회 골목형상점가,골목형상점가,광주광역시,,,
346afb5a29a8ca76ff85,full_annotation_v1,A,q_가전_03,가전제품 파는 곳,생활·마트 중 '가전'을 판매·제공하는 매장,test,가전,T4 구어·문장,0950ef91-5c5c-433a-b634-2da97c092982,에스원이엔지(주),전자제품,목동깨비시장(구 목3동시장),전통시장,서울특별시,,,
1afba840eca3086d2cb0,full_annotation_v1,A,q_가전_03,가전제품 파는 곳,생활·마트 중 '가전'을 판매·제공하는 매장,test,가전,T4 구어·문장,5e03a49d-a9ab-4b27-9466-73792054bfe8,세운상사,가전제품,전주 삼천이 골목형상점가,골목형상점가,전북특별자치도,,,
40753c987c8a11069949,full_annotation_v1,A,q_가전_03,가전제품 파는 곳,생활·마트 중 '가전'을 판매·제공하는 매장,test,가전,T4 구어·문장,ab1005c2-8b31-48a0-8fc4-c870fceeb016,신안전자,가전제품,신월3동시장골목형상점가,골목형상점가,서울특별시,,,
3a424a45ead648ea52de,full_annotation_v1,A,q_가전_03,가전제품 파는 곳,생활·마트 중 '가전'을 판매·제공하는 매장,test,가전,T4 구어·문장,f2697a7e-00e2-4cc2-9265-6930644edfcd,평택전기,가전제품,평택통복시장,전통시장,경기도,,,
42100d2cfc1d8dc4c435,full_annotation_v1,A,q_가전_03,가전제품 파는 곳,생활·마트 중 '가전'을 판매·제공하는 매장,test,가전,T4 구어·문장,fb7c5de9-7968-4640-9101-37b05843d834,엘컴,가전제품,대구종합유통단지전자관사업협동조합,전통시장,대구광역시,,,
0d2e4b3e981be3d6eb90,full_annotation_v1,A,q_가전_03,가전제품 파는 곳,생활·마트 중 '가전'을 판매·제공하는 매장,test,가전,T4 구어·문장,cd097f5b-f5e2-4c85-801b-3b45d1734367,대호전자,가전제품,문경시 점촌원도심 상권활성화구역,상권활성화구역,경상북도,,,
d933d5451248a8611ed9,full_annotation_v1,A,q_가전_03,가전제품 파는 곳,생활·마트 중 '가전'을 판매·제공하는 매장,test,가전,T4 구어·문장,0684291a-66b2-468b-9b78-2cc8025b6f0f,로건,의류,춘천지하상가,일반지하상점가,강원특별자치도,,,
92ab0849950348745ae2,full_annotation_v1,A,q_가전_03,가전제품 파는 곳,생활·마트 중 '가전'을 판매·제공하는 매장,test,가전,T4 구어·문장,d1b4d09a-1627-423e-86a3-ffc2bb26ce4a,아리랑전자,가전제품,부산전자종합시장,전통시장,부산광역시,,,
34ac1a89779cab7411bf,full_annotation_v1,A,q_가전_03,가전제품 파는 곳,생활·마트 중 '가전'을 판매·제공하는 매장,test,가전,T4 구어·문장,755b14ae-88a8-40cf-aed0-18cf0606f2be,동경전자,가전제품,대구교동시장,전통시장,대구광역시,,,
ff0811878ba55a63d6e4,full_annotation_v1,A,q_가전_03,가전제품 파는 곳,생활·마트 중 '가전'을 판매·제공하는 매장,test,가전,T4 구어·문장,9a5a948e-cf05-4759-adfa-ec9ae9abdfab,우선가전,가전제품,대구종합유통단지전자관사업협동조합,전통시장,대구광역시,,,
1c7a92a0c383b1127d1e,full_annotation_v1,A,q_가전_03,가전제품 파는 곳,생활·마트 중 '가전'을 판매·제공하는 매장,test,가전,T4 구어·문장,070f2150-4b0c-4540-a080-075d5cdaf2f2,진석전자,전자제품,세운상가 가동,자율상권구역,서울특별시,,,
1f65f6073d2fc71f18ff,full_annotation_v1,A,q_가전_03,가전제품 파는 곳,생활·마트 중 '가전'을 판매·제공하는 매장,test,가전,T4 구어·문장,24c89fce-40df-4a88-ad13-75fd539b3267,엘지고령대리점,가전제품,대가야 자율상권구역,,경상북도,,,
93597769bc2e16562115,full_annotation_v1,A,q_가전_03,가전제품 파는 곳,생활·마트 중 '가전'을 판매·제공하는 매장,test,가전,T4 구어·문장,242cb138-c799-4297-ba1e-015eb952c53d,뉴우주상사,가전제품,역전지하상가,일반지하상점가,대전광역시,,,
3540619b39463577838c,full_annotation_v1,A,q_가전_03,가전제품 파는 곳,생활·마트 중 '가전'을 판매·제공하는 매장,test,가전,T4 구어·문장,19d80e52-38f0-48be-89d9-3e73a052fabc,마음자리정신과의원,의료서비스,산본로데오거리(구 산본중심상가),자율상권구역,경기도,,,
e0720d14630231824210,full_annotation_v1,A,q_가전_03,가전제품 파는 곳,생활·마트 중 '가전'을 판매·제공하는 매장,test,가전,T4 구어·문장,97d1fc41-9246-416e-a11f-981879d328ab,지에스25 혁신루체점,소매점,우미린상가,골목형상점가,전라남도,,,
0f84b14f61118ea75413,full_annotation_v1,A,q_가전_03,가전제품 파는 곳,생활·마트 중 '가전'을 판매·제공하는 매장,test,가전,T4 구어·문장,f77fbdb9-4469-4726-a9f1-31d51df7c51c,성주프라자,가전제품,성주시장,전통시장,경상북도,,,
3ec29034c99c03a49cee,full_annotation_v1,A,q_가전_03,가전제품 파는 곳,생활·마트 중 '가전'을 판매·제공하는 매장,test,가전,T4 구어·문장,015d0410-7e90-45d8-b79a-278244a88cd8,아진전자,전자제품,교동시장1길 상점가,자율상권구역,대구광역시,,,
31f5ff201b731b7bd68c,full_annotation_v1,A,q_가전_03,가전제품 파는 곳,생활·마트 중 '가전'을 판매·제공하는 매장,test,가전,T4 구어·문장,05d75a53-0ae4-40e0-8dd2-a309fb243db0,하나종합전자,가전제품,대구교동시장,전통시장,대구광역시,,,
eac9a66d65650ceb2684,full_annotation_v1,A,q_가전_03,가전제품 파는 곳,생활·마트 중 '가전'을 판매·제공하는 매장,test,가전,T4 구어·문장,c978fe96-406a-4a0a-8f22-3ce5fbbece6b,영전자,가전제품,대구종합유통단지전자관사업협동조합,전통시장,대구광역시,,,
a5169807f97d4fa5e693,full_annotation_v1,A,q_가전_03,가전제품 파는 곳,생활·마트 중 '가전'을 판매·제공하는 매장,test,가전,T4 구어·문장,547ea147-c40d-4113-8efc-fc0aa21e13ef,현대전자,가전제품,부산전자종합시장,전통시장,부산광역시,,,
8853b994f0deb04cbab6,full_annotation_v1,A,q_가전_03,가전제품 파는 곳,생활·마트 중 '가전'을 판매·제공하는 매장,test,가전,T4 구어·문장,4008a7b8-8a6d-415a-ac94-6db5640751f8,케이상사,가전제품,신안골 골목형상점가,골목형상점가,광주광역시,,,
d3297fd93d0a2c702961,full_annotation_v1,A,q_가전_03,가전제품 파는 곳,생활·마트 중 '가전'을 판매·제공하는 매장,test,가전,T4 구어·문장,a01f705d-c95c-4b37-a793-a2a253448dbd,동해전자,가전제품,미포1길 골목형상점가,골목형상점가,울산광역시,,,
28a715445f506b3818d4,full_annotation_v1,A,q_가전_03,가전제품 파는 곳,생활·마트 중 '가전'을 판매·제공하는 매장,test,가전,T4 구어·문장,07d0dce9-f6bf-4455-b51e-fed0daa6b238,동우전자,가전제품,신월3동시장골목형상점가,골목형상점가,서울특별시,,,
9d0b698fa16ee6e4822e,full_annotation_v1,A,q_가전_03,가전제품 파는 곳,생활·마트 중 '가전'을 판매·제공하는 매장,test,가전,T4 구어·문장,3fcb541e-05cd-4afa-851f-97eff1bd74c5,삼원전자,가전제품,창선상가,전통시장,부산광역시,,,
5564f76e4b8cc2bd8dad,full_annotation_v1,A,q_가전_03,가전제품 파는 곳,생활·마트 중 '가전'을 판매·제공하는 매장,test,가전,T4 구어·문장,d8b0f952-d90f-4f9a-ad11-d18903ba7555,협동상회,가전제품,부산자유시장,전통시장,부산광역시,,,
11d6627a11770d61074b,full_annotation_v1,A,q_가전_03,가전제품 파는 곳,생활·마트 중 '가전'을 판매·제공하는 매장,test,가전,T4 구어·문장,bf1b6ccc-0848-40a1-b8ee-6453a637387f,교동전자,가전제품,대구교동시장,전통시장,대구광역시,,,
2658b7ad9207c0e2c226,full_annotation_v1,A,q_가전_03,가전제품 파는 곳,생활·마트 중 '가전'을 판매·제공하는 매장,test,가전,T4 구어·문장,01318837-905a-4761-9c31-c2a71397a052,태양전자,가전제품,세운상가 가동,자율상권구역,서울특별시,,,
9a7f0657ca767fa98b5b,full_annotation_v1,A,q_가전_03,가전제품 파는 곳,생활·마트 중 '가전'을 판매·제공하는 매장,test,가전,T4 구어·문장,019dfc3d-1f87-4c88-83ed-98bc560adaa2,신성사,"도소매(전자제품,카메라,잡화)",숭례문수입상가,전통시장,서울특별시,,,
92d295424866276e8ee8,full_annotation_v1,A,q_가전_03,가전제품 파는 곳,생활·마트 중 '가전'을 판매·제공하는 매장,test,가전,T4 구어·문장,9a4dca8e-0821-4cf0-ad29-fa0b4c3bc01a,태영전자유통,가전제품,대구종합유통단지전자관사업협동조합,전통시장,대구광역시,,,
84eb0c80b54c1bf9fcaf,full_annotation_v1,A,q_가전_03,가전제품 파는 곳,생활·마트 중 '가전'을 판매·제공하는 매장,test,가전,T4 구어·문장,836bf7b2-a05c-44bd-b0cd-0dbd02e1b221,명성전파사,가전제품,전자의거리 상점가,자율상권구역,광주광역시,,,
26855080bdece7e422ed,full_annotation_v1,A,q_가전_03,가전제품 파는 곳,생활·마트 중 '가전'을 판매·제공하는 매장,test,가전,T4 구어·문장,b79d84c1-af23-4e73-ae76-55928fe55144,재기유통,가전제품,백년시장(구 강북종합전통시장),전통시장,서울특별시,,,
a60a8e81f3f405f69444,full_annotation_v1,A,q_가전_03,가전제품 파는 곳,생활·마트 중 '가전'을 판매·제공하는 매장,test,가전,T4 구어·문장,a00f8406-7980-4756-abb7-d37e220faf28,프린스전자,가전제품,전주풍남문상점가,자율상권구역,전북특별자치도,,,
578ecf292114e3b783fa,full_annotation_v1,A,q_가전_03,가전제품 파는 곳,생활·마트 중 '가전'을 판매·제공하는 매장,test,가전,T4 구어·문장,1504fdd2-4435-4008-93f6-437e89555b24,신일전자,가전제품,부산전자종합시장,전통시장,부산광역시,,,
0734c81a8593b7ed336e,full_annotation_v1,A,q_가전_03,가전제품 파는 곳,생활·마트 중 '가전'을 판매·제공하는 매장,test,가전,T4 구어·문장,8a0cafd3-caa7-484e-b209-aa5d8ae47ce6,에어시스,가전제품,덕이동패션1번지,전통시장,경기도,,,
16a4392ba5d19ab3e7d0,full_annotation_v1,A,q_가전_03,가전제품 파는 곳,생활·마트 중 '가전'을 판매·제공하는 매장,test,가전,T4 구어·문장,c111ac9d-3f3a-405c-a8db-4d127ccda9e2,행복이 있는 곳,잡화,제주로얄쇼핑센터,자율상권구역,제주특별자치도,,,
4a341b2d730b1e2863a0,full_annotation_v1,A,q_가전_03,가전제품 파는 곳,생활·마트 중 '가전'을 판매·제공하는 매장,test,가전,T4 구어·문장,c9194634-7b7f-47a7-b020-0ffa06c6bb1b,봉곡전자,가전제품,진주 새서부시장,전통시장,경상남도,,,
a23f8fe0ab0292ef7e86,full_annotation_v1,A,q_가전_03,가전제품 파는 곳,생활·마트 중 '가전'을 판매·제공하는 매장,test,가전,T4 구어·문장,6600b787-b50d-4ecc-a6ff-b215d55f5ca6,대한당,가전제품,해남매일시장,전통시장,전라남도,,,
80ee11a0acc9da45632b,full_annotation_v1,A,q_가전_03,가전제품 파는 곳,생활·마트 중 '가전'을 판매·제공하는 매장,test,가전,T4 구어·문장,11cb216d-803b-4ed1-9562-bd176b05c443,보원전자,가전제품,전자의거리 상점가,자율상권구역,광주광역시,,,
c8681ca5ec2c4a534891,full_annotation_v1,A,q_가전_03,가전제품 파는 곳,생활·마트 중 '가전'을 판매·제공하는 매장,test,가전,T4 구어·문장,ba3923ca-d753-42aa-8fb7-6a71073ba004,주식회사태현유통산격지점,가전제품,대구종합유통단지전자관사업협동조합,전통시장,대구광역시,,,
ca4aa1aeca8d8f2f0bb0,full_annotation_v1,A,q_가전_03,가전제품 파는 곳,생활·마트 중 '가전'을 판매·제공하는 매장,test,가전,T4 구어·문장,cf2b98d5-53e5-4c05-8df3-9515ddebdbd5,신창전자,가전제품,교동시장1길 상점가,자율상권구역,대구광역시,,,
940a87d66e433a19dfb8,full_annotation_v1,A,q_가전_03,가전제품 파는 곳,생활·마트 중 '가전'을 판매·제공하는 매장,test,가전,T4 구어·문장,6d54d932-d8c7-46c7-a2b3-cef1c2d49982,대봉전자,가전제품,대구종합유통단지전자관사업협동조합,기타,대구광역시,,,
e91fb935be7e0edc594a,full_annotation_v1,A,q_가전_03,가전제품 파는 곳,생활·마트 중 '가전'을 판매·제공하는 매장,test,가전,T4 구어·문장,a4c12d2a-17b6-46b1-8be8-6f11d62a59b4,핸드존,가전제품,대구종합유통단지전자관사업협동조합,전통시장,대구광역시,,,
cd5633d68dce9e6c0129,full_annotation_v1,A,q_가전_03,가전제품 파는 곳,생활·마트 중 '가전'을 판매·제공하는 매장,test,가전,T4 구어·문장,36172330-e5bf-4cbd-af5e-59a58585313f,메가엠지씨커피 신당역점,카페,백학시장 상점가,자율상권구역,서울특별시,,,
df55d08e395d33a26adf,full_annotation_v1,A,q_가전_03,가전제품 파는 곳,생활·마트 중 '가전'을 판매·제공하는 매장,test,가전,T4 구어·문장,70581383-9116-4df5-84ae-5d6951aa094b,부평복음서점,도서 성경 찬송 기독교 용품 액자 기타 물품,백년소상공인,기타,인천광역시,,,
2879f0a116a7e9e1ffae,full_annotation_v1,A,q_가전_03,가전제품 파는 곳,생활·마트 중 '가전'을 판매·제공하는 매장,test,가전,T4 구어·문장,f0f0726e-8ebe-423b-9189-ef97c1a998a3,인켈포항점,가전제품,포항중앙상가,전통시장,경상북도,,,
290ab57aa573b3415a9a,full_annotation_v1,A,q_가전_03,가전제품 파는 곳,생활·마트 중 '가전'을 판매·제공하는 매장,test,가전,T4 구어·문장,a551fa41-0a56-450e-9ae9-9b6041bb0291,무등전자,가전제품,전자의거리 상점가,자율상권구역,,,,
4186dd73dcc97e408194,full_annotation_v1,A,q_가전_03,가전제품 파는 곳,생활·마트 중 '가전'을 판매·제공하는 매장,test,가전,T4 구어·문장,c148ba22-40e5-4457-ae4f-0b8ec7457cd8,골든핸즈가든,예술품,북촌계동길골목형상점가,골목형상점가,서울특별시,,,
b633651a8f1c8716e766,full_annotation_v1,A,q_가전_03,가전제품 파는 곳,생활·마트 중 '가전'을 판매·제공하는 매장,test,가전,T4 구어·문장,aa165ba4-ac97-4f4e-a17c-aebf4a7afffa,남전사,가전제품,전주풍남문상점가,자율상권구역,전북특별자치도,,,
0eac2af592790d615054,full_annotation_v1,A,q_가전_03,가전제품 파는 곳,생활·마트 중 '가전'을 판매·제공하는 매장,test,가전,T4 구어·문장,cd13cce3-c80f-4448-a5b9-b5e27c0be69f,삼성창원특판,가전제품,마산 오동동 창동 어시장 상권활성화구역,상권활성화구역,경상남도,,,
c07e9810c46d40bce663,full_annotation_v1,A,q_가전_03,가전제품 파는 곳,생활·마트 중 '가전'을 판매·제공하는 매장,test,가전,T4 구어·문장,18067bf7-d4d2-42fe-9436-a66843f5da33,대명유통,가전제품,대구종합유통단지전자관사업협동조합,전통시장,대구광역시,,,
ebe5402212045987b267,full_annotation_v1,A,q_가전_03,가전제품 파는 곳,생활·마트 중 '가전'을 판매·제공하는 매장,test,가전,T4 구어·문장,54607cd1-2478-47fd-abca-fd11eda74e07,둥이가전,가전제품,칠성전자주방시장,전통시장,대구광역시,,,
fe919774f821bb1cf2a8,full_annotation_v1,A,q_가전_03,가전제품 파는 곳,생활·마트 중 '가전'을 판매·제공하는 매장,test,가전,T4 구어·문장,1f3d9f11-f9af-4afe-8643-22d7a5d5a484,동광양꼬치,양꼬치,구월문화로상점가,골목형상점가,인천광역시,,,
7906404459c45699a49e,full_annotation_v1,A,q_가전_03,가전제품 파는 곳,생활·마트 중 '가전'을 판매·제공하는 매장,test,가전,T4 구어·문장,18db0930-0181-4814-825d-4f3607d5041a,돈버는9제,음식점,동성타워프라자,전통시장,서울특별시,,,
d9a2549d668de852e92d,full_annotation_v1,A,q_가전_03,가전제품 파는 곳,생활·마트 중 '가전'을 판매·제공하는 매장,test,가전,T4 구어·문장,0c35d41d-6c0c-4986-9f81-3779ebf6104b,우리전자,가전제품,고도리 장터거리 상점가,골목형상점가,전라남도,,,
053c70eca320957d6b8e,full_annotation_v1,A,q_가전_03,가전제품 파는 곳,생활·마트 중 '가전'을 판매·제공하는 매장,test,가전,T4 구어·문장,24456103-f6b8-46af-8655-82e61d7265d8,커피가 머무르는 곳,커피,반드레길골목형상점가,골목형상점가,서울특별시,,,
78ab0a48449bfd6f483d,full_annotation_v1,A,q_가전_03,가전제품 파는 곳,생활·마트 중 '가전'을 판매·제공하는 매장,test,가전,T4 구어·문장,7465cddb-d480-43e1-808d-d1eab9c98713,승현전자,가전제품,김제중앙시장,전통시장,전북특별자치도,,,
3361a879d282b86656ad,full_annotation_v1,A,q_가전_03,가전제품 파는 곳,생활·마트 중 '가전'을 판매·제공하는 매장,test,가전,T4 구어·문장,931e505b-b362-4d6d-bc28-8ee99da73862,서울상사,가전제품,정읍샘고을시장,전통시장,전북특별자치도,,,
a880019eda2e1c02aa15,full_annotation_v1,A,q_가전_03,가전제품 파는 곳,생활·마트 중 '가전'을 판매·제공하는 매장,test,가전,T4 구어·문장,8fe52f32-a177-4fab-9b66-2f074599c39b,대한전자,가전제품,대구교동시장,전통시장,대구광역시,,,
095ae741f97889dd0ebf,full_annotation_v1,A,q_가전_03,가전제품 파는 곳,생활·마트 중 '가전'을 판매·제공하는 매장,test,가전,T4 구어·문장,c239f3a4-5042-4d97-b7d5-80224b1a3ee0,군자축산,소매업(식육판매),안산보성상가상점가,자율상권구역,경기도,,,
3704682c899a0a8a6f49,full_annotation_v1,A,q_가전_03,가전제품 파는 곳,생활·마트 중 '가전'을 판매·제공하는 매장,test,가전,T4 구어·문장,ecd1f8a0-51cf-4bb9-bea4-5cc3eeeca3e3,명신전자,가전제품,제천시 원도심 상권활성화구역,상권활성화구역,충청북도,,,
2ed2ff078d5a3ee3a361,full_annotation_v1,A,q_가전_03,가전제품 파는 곳,생활·마트 중 '가전'을 판매·제공하는 매장,test,가전,T4 구어·문장,5a9fc986-a418-4727-aeba-d9899501fc6c,한밭전자,가전제품,문창시장,전통시장,대전광역시,,,
beefb1c00f60ace725bf,full_annotation_v1,A,q_가전_03,가전제품 파는 곳,생활·마트 중 '가전'을 판매·제공하는 매장,test,가전,T4 구어·문장,984a81bc-55fc-465d-8739-de543703dbef,가전하우스,가전제품,경산중앙로상점가,자율상권구역,경상북도,,,
f14e3cb2fdbe678d6eba,full_annotation_v1,A,q_가전_03,가전제품 파는 곳,생활·마트 중 '가전'을 판매·제공하는 매장,test,가전,T4 구어·문장,a03882fd-49e2-4fc6-a482-cbd7385cb016,은혜전자,가전제품,목포동부시장,전통시장,전라남도,,,
d209e3514d1758389290,full_annotation_v1,A,q_가전_03,가전제품 파는 곳,생활·마트 중 '가전'을 판매·제공하는 매장,test,가전,T4 구어·문장,0643af45-97b9-4dc9-914b-9cd86d8920e0,덜렁전자,전자,개금큰시장,전통시장,부산광역시,,,
e48942c8b5a2ce6fbff8,full_annotation_v1,A,q_가전_03,가전제품 파는 곳,생활·마트 중 '가전'을 판매·제공하는 매장,test,가전,T4 구어·문장,06a21070-3468-4881-8cb5-270e435d5661,부라더유통,가전제품,대구종합유통단지전자관사업협동조합,전통시장,대구광역시,,,
e6d2350c27b778ca9f6c,full_annotation_v1,A,q_가전_03,가전제품 파는 곳,생활·마트 중 '가전'을 판매·제공하는 매장,test,가전,T4 구어·문장,ac863dbd-6106-4929-8dd1-4c2c0aa61e6d,대원전자,가전제품,전자의거리 상점가,자율상권구역,광주광역시,,,
07560686e4d303d439a6,full_annotation_v1,A,q_가전_03,가전제품 파는 곳,생활·마트 중 '가전'을 판매·제공하는 매장,test,가전,T4 구어·문장,2855161a-026d-49d2-87c6-6fb9a4f4226f,서울A/V,가전제품,전자의거리 상점가,자율상권구역,광주광역시,,,
71c5529f2d06a16ea20e,full_annotation_v1,A,q_가전_03,가전제품 파는 곳,생활·마트 중 '가전'을 판매·제공하는 매장,test,가전,T4 구어·문장,2743811c-5e71-4d2b-aa75-1b0147d44f2d,사우 꽃이 피는 곳,꽃,김포 풍년마을 골목형상점가,골목형상점가,경기도,,,
ef68c676144bd8e3ad13,full_annotation_v1,A,q_가전_03,가전제품 파는 곳,생활·마트 중 '가전'을 판매·제공하는 매장,test,가전,T4 구어·문장,613e6014-0c95-4df5-a67a-3238de579e71,알뜰가전,가전제품,정훈한마음골목시장,골목형상점가,서울특별시,,,
73beb5e21c74dcec643a,full_annotation_v1,A,q_가전_03,가전제품 파는 곳,생활·마트 중 '가전'을 판매·제공하는 매장,test,가전,T4 구어·문장,da68561e-4a2a-41a7-9b59-ecce7265ea7c,금강토탈,가전제품 등,공산성골목형상점가,골목형상점가,충청남도,,,
0090ffa89cbac0c44f62,full_annotation_v1,A,q_가전_03,가전제품 파는 곳,생활·마트 중 '가전'을 판매·제공하는 매장,test,가전,T4 구어·문장,0e854194-c346-4b3f-890c-4d684432d050,은영수산,생선,당진전통시장,전통시장,충청남도,,,
143eaa3ffd0547324e3d,full_annotation_v1,A,q_가전_03,가전제품 파는 곳,생활·마트 중 '가전'을 판매·제공하는 매장,test,가전,T4 구어·문장,41c403af-6d80-4c6a-950b-c41a54107378,신희전자,가전제품,세운상가 가동,자율상권구역,서울특별시,,,
2af93730bca3367b7b60,full_annotation_v1,A,q_가전_03,가전제품 파는 곳,생활·마트 중 '가전'을 판매·제공하는 매장,test,가전,T4 구어·문장,25940d70-af20-46c3-9305-44b5fc6d3689,홍익전자,가전제품,여수서시장주변시장,전통시장,전라남도,,,
5fde039fd47e64864ca3,full_annotation_v1,A,q_가전_03,가전제품 파는 곳,생활·마트 중 '가전'을 판매·제공하는 매장,test,가전,T4 구어·문장,0322f91e-a79b-48d4-804c-736d63236ddd,롯데전자,전자제품,부산전자종합시장,전통시장,부산광역시,,,
4938610cd82d2f359d46,full_annotation_v1,A,q_가전_03,가전제품 파는 곳,생활·마트 중 '가전'을 판매·제공하는 매장,test,가전,T4 구어·문장,459f7b39-0f25-49d2-b7ea-9d4fffe91ffb,고려전자,가전제품,역전지하상가,일반지하상점가,대전광역시,,,
9ad7b055a03eee7a7e92,full_annotation_v1,A,q_가전_03,가전제품 파는 곳,생활·마트 중 '가전'을 판매·제공하는 매장,test,가전,T4 구어·문장,5de3bf91-6a66-4fa6-8928-4a6b9ae8c4d2,수성전자,가전제품,전자상가,전통시장,대구광역시,,,
4731691d087886e1eaa9,full_annotation_v1,A,q_가전_03,가전제품 파는 곳,생활·마트 중 '가전'을 판매·제공하는 매장,test,가전,T4 구어·문장,76a3551b-dae4-4326-92cc-662015aedbfb,쉴 곳,한식,칠성로상점가,자율상권구역,제주특별자치도,,,
46bcc5e2b5cd06146a04,full_annotation_v1,A,q_가전_03,가전제품 파는 곳,생활·마트 중 '가전'을 판매·제공하는 매장,test,가전,T4 구어·문장,cf1d77fb-0249-4d15-8708-3b2efb667481,금성전자,가전제품,광양5일시장,전통시장,전라남도,,,
eca2f4644f742356fc91,full_annotation_v1,A,q_가전_03,가전제품 파는 곳,생활·마트 중 '가전'을 판매·제공하는 매장,test,가전,T4 구어·문장,b544cd84-d628-465c-bca6-081216338f69,폰온,가전제품,용인중앙시장,전통시장,경기도,,,
fdaeb26c31418a384a44,full_annotation_v1,A,q_가전_03,가전제품 파는 곳,생활·마트 중 '가전'을 판매·제공하는 매장,test,가전,T4 구어·문장,8ec4b783-0604-4876-a5a5-572d70fdb321,종합가전제품,가전제품,진보전통시장,전통시장,경상북도,,,
8c380467ec978b80f4f8,full_annotation_v1,A,q_가전_03,가전제품 파는 곳,생활·마트 중 '가전'을 판매·제공하는 매장,test,가전,T4 구어·문장,310d2956-e423-4b2a-88ae-f05b79c0a24b,중화프라자,가전제품,태릉골목형상점가,골목형상점가,서울특별시,,,
790d92b6187efbf7b00c,full_annotation_v1,A,q_가전_03,가전제품 파는 곳,생활·마트 중 '가전'을 판매·제공하는 매장,test,가전,T4 구어·문장,07718900-54cb-4610-b811-e249696b1551,대왕전자,가전제품,전자상가,전통시장,대구광역시,,,
8abbb96fb7e1aa7c7b87,full_annotation_v1,A,q_가전_03,가전제품 파는 곳,생활·마트 중 '가전'을 판매·제공하는 매장,test,가전,T4 구어·문장,ad84f066-f29b-48b4-8c4e-311755de2292,아이제이텔레콤,핸드폰,묵동도깨비시장골목형상점가,골목형상점가,서울특별시,,,
4a279ce9e5eef3296dd5,full_annotation_v1,A,q_가전_03,가전제품 파는 곳,생활·마트 중 '가전'을 판매·제공하는 매장,test,가전,T4 구어·문장,0d151adf-b5a7-4b32-950d-2f779d59231e,한우굽써,한식,다산역 로데오 상점가,자율상권구역,경기도,,,
c4ed83d79b29b4fd4a3b,full_annotation_v1,A,q_가전_03,가전제품 파는 곳,생활·마트 중 '가전'을 판매·제공하는 매장,test,가전,T4 구어·문장,515ef098-86af-40a7-9c64-3d2288f1b7aa,동해상사,가전제품,강릉성남시장,전통시장,강원특별자치도,,,
1eea9249db124457ee4d,full_annotation_v1,A,q_가전_03,가전제품 파는 곳,생활·마트 중 '가전'을 판매·제공하는 매장,test,가전,T4 구어·문장,848caa2e-16b1-4249-86e4-a801418ac223,안동상회,가전제품,"온양온천시장(온양재래시장, 전통시장)",전통시장,충청남도,,,
10f6ceede55c280d1e8c,full_annotation_v1,A,q_가전_03,가전제품 파는 곳,생활·마트 중 '가전'을 판매·제공하는 매장,test,가전,T4 구어·문장,bfcca7b1-4a62-454e-9907-c62b30623397,닉스,가전제품,숭례문수입상가,전통시장,서울특별시,,,
94268bce0f55e8391204,full_annotation_v1,A,q_가전_03,가전제품 파는 곳,생활·마트 중 '가전'을 판매·제공하는 매장,test,가전,T4 구어·문장,e34b7b20-578c-4372-8c3d-ecea6af849b0,이레전자,가전제품,백학시장 상점가,자율상권구역,서울특별시,,,
a9c94fed7e2f2313e9fd,full_annotation_v1,A,q_가전_03,가전제품 파는 곳,생활·마트 중 '가전'을 판매·제공하는 매장,test,가전,T4 구어·문장,80c345db-a916-4cb3-bb1e-f6c7ab1d5205,우리전자,가전제품,대구종합유통단지전자관사업협동조합,전통시장,대구광역시,,,
033659e4a2bcf1d6a441,full_annotation_v1,A,q_가전_03,가전제품 파는 곳,생활·마트 중 '가전'을 판매·제공하는 매장,test,가전,T4 구어·문장,de799801-0b05-4b8c-9348-a5e9f04fe1a4,중앙냉동사,가전제품,칠성전자주방시장,전통시장,대구광역시,,,
af4f9e373a1ce12f1c14,full_annotation_v1,A,q_가전_03,가전제품 파는 곳,생활·마트 중 '가전'을 판매·제공하는 매장,test,가전,T4 구어·문장,e8779aa3-315f-4c35-a8b6-5de7997622b6,국제사,가전제품,"온양온천시장(온양재래시장, 전통시장)",전통시장,충청남도,,,
f6a460a4543be90465cf,full_annotation_v1,A,q_가전_03,가전제품 파는 곳,생활·마트 중 '가전'을 판매·제공하는 매장,test,가전,T4 구어·문장,0bd257b7-8b12-4b8b-b76e-6661aa2bc658,시민전자,가전제품,문경중앙시장,전통시장,경상북도,,,
9271d3d95789418f2a43,full_annotation_v1,A,q_가전_03,가전제품 파는 곳,생활·마트 중 '가전'을 판매·제공하는 매장,test,가전,T4 구어·문장,de4cabc0-0d98-46e2-8cad-563a5bb31121,갓 잡은 생선,"생선, 건어물",청량리청과물시장,전통시장,서울특별시,,,
1080be03bce9865cd8db,full_annotation_v1,A,q_가전_03,가전제품 파는 곳,생활·마트 중 '가전'을 판매·제공하는 매장,test,가전,T4 구어·문장,da86cf95-1994-4554-af88-de52a2fe1acf,제이케이유통,가전제품,대구종합유통단지전자관사업협동조합,전통시장,대구광역시,,,
34682751e8338a605cc5,full_annotation_v1,A,q_가전_03,가전제품 파는 곳,생활·마트 중 '가전'을 판매·제공하는 매장,test,가전,T4 구어·문장,9642bacc-baa5-40f2-a750-c9c0dea2b25f,샛별전자,가전제품,부산국제시장,전통시장,부산광역시,,,
1349fb4f52b2624fd45e,full_annotation_v1,A,q_가전_03,가전제품 파는 곳,생활·마트 중 '가전'을 판매·제공하는 매장,test,가전,T4 구어·문장,4cfe7f2c-6e85-4a77-b483-3833432d6a0a,진영전자,가전제품,부산전자종합시장,전통시장,부산광역시,,,
1b895b6860e12f939e08,full_annotation_v1,A,q_가전_03,가전제품 파는 곳,생활·마트 중 '가전'을 판매·제공하는 매장,test,가전,T4 구어·문장,aa102866-628c-4ac7-855a-14528a7e3b85,동원유통,가전제품,대구종합유통단지전자관사업협동조합,전통시장,대구광역시,,,
60de73cc76e5562a5a22,full_annotation_v1,A,q_가전_03,가전제품 파는 곳,생활·마트 중 '가전'을 판매·제공하는 매장,test,가전,T4 구어·문장,2890f2e4-d435-4fa6-ba95-efe4db6c3bd7,대소대리점,가전제품,대소시장,전통시장,충청북도,,,
c9da9c794b0b1cd5853e,full_annotation_v1,A,q_가전_03,가전제품 파는 곳,생활·마트 중 '가전'을 판매·제공하는 매장,test,가전,T4 구어·문장,1802190b-4f6d-4606-854b-c173f6794523,서경전자,가전제품,전자의거리 상점가,자율상권구역,광주광역시,,,
c461855d7123a2086f27,full_annotation_v1,A,q_가전_03,가전제품 파는 곳,생활·마트 중 '가전'을 판매·제공하는 매장,test,가전,T4 구어·문장,228b736d-873e-48a2-bef0-10df3e555e60,함흥통닭,치킨,양정자동차마을 골목형상점가,골목형상점가,울산광역시,,,
94eed66cce32e3b137b7,full_annotation_v1,A,q_가전_04,전자제품 살 데,생활·마트 중 '가전'을 판매·제공하는 매장,test,가전,T4 구어·문장,45c77783-fe91-4c06-813d-d9485203e491,신안전자,전자제품,세운상가 가동,자율상권구역,서울특별시,,,
7fd0adcb90cf9bb3da77,full_annotation_v1,A,q_가전_04,전자제품 살 데,생활·마트 중 '가전'을 판매·제공하는 매장,test,가전,T4 구어·문장,1a6ae460-8c72-47a3-9c7a-b097095861d7,삼일전자,전자제품,부산전자종합시장,전통시장,부산광역시,,,
c4f9bb89548c211edbe4,full_annotation_v1,A,q_가전_04,전자제품 살 데,생활·마트 중 '가전'을 판매·제공하는 매장,test,가전,T4 구어·문장,12a0ef39-8ee4-4b6c-bf5a-16554eff897b,동남전자,전자제품,부산전자종합시장,전통시장,부산광역시,,,
57ec550320f16d1e68b8,full_annotation_v1,A,q_가전_04,전자제품 살 데,생활·마트 중 '가전'을 판매·제공하는 매장,test,가전,T4 구어·문장,4ae3a162-19f3-47da-843c-5d2d6f9e6e55,신광전자,전자제품,대구교동시장,전통시장,대구광역시,,,
304d96fc26f8e7bf6a4c,full_annotation_v1,A,q_가전_04,전자제품 살 데,생활·마트 중 '가전'을 판매·제공하는 매장,test,가전,T4 구어·문장,f7cbdb35-4507-4383-a107-d1c4e1cd9fef,동원전자,전자제품,진부전통시장,전통시장,강원특별자치도,,,
2b449c86efb9e8458708,full_annotation_v1,A,q_가전_04,전자제품 살 데,생활·마트 중 '가전'을 판매·제공하는 매장,test,가전,T4 구어·문장,481a748a-f250-4d1c-a594-dcbdcf6c55cd,유림전자,전자제품,전주전자상가(구 전주기린로전자상가),자율상권구역,전북특별자치도,,,
c2dc94dab33703cfcee6,full_annotation_v1,A,q_가전_04,전자제품 살 데,생활·마트 중 '가전'을 판매·제공하는 매장,test,가전,T4 구어·문장,7af27279-e181-4573-bdc3-a2dccecba04f,화성전자,전자제품,전자의거리 상점가,자율상권구역,광주광역시,,,
912990a105f1d8c66aea,full_annotation_v1,A,q_가전_04,전자제품 살 데,생활·마트 중 '가전'을 판매·제공하는 매장,test,가전,T4 구어·문장,22fc75cd-8b68-4dc1-aa66-31962482f2a8,삼성전자대신프라자,전자제품,중앙신시장,전통시장,경상북도,,,
34e374fff7d53e3e647d,full_annotation_v1,A,q_가전_04,전자제품 살 데,생활·마트 중 '가전'을 판매·제공하는 매장,test,가전,T4 구어·문장,59f71b1e-dcc7-4579-aa0b-dc0e822785e7,해태종합전자,전자제품,전자의거리 상점가,자율상권구역,광주광역시,,,
1484642e1119af8cc1d6,full_annotation_v1,A,q_가전_04,전자제품 살 데,생활·마트 중 '가전'을 판매·제공하는 매장,test,가전,T4 구어·문장,1787bc8c-ee72-4950-a22d-b9ecf549e43c,한창전기,전자제품,서면시장,전통시장,부산광역시,,,
363eea33ad39bdfa910c,full_annotation_v1,A,q_가전_04,전자제품 살 데,생활·마트 중 '가전'을 판매·제공하는 매장,test,가전,T4 구어·문장,aba76fc2-984e-4030-ba01-e2e7d78264c7,데 아로즈 대전둔산본점,,갈리단길 골목형상점가,골목형상점가,대전광역시,,,
88c66dfa9f7b5a1419e2,full_annotation_v1,A,q_가전_04,전자제품 살 데,생활·마트 중 '가전'을 판매·제공하는 매장,test,가전,T4 구어·문장,77f9f867-19e7-4066-966b-a489081e92f5,서광전자,전자제품,부산전자종합시장,전통시장,부산광역시,,,
4d922c5273195ae18429,full_annotation_v1,A,q_가전_04,전자제품 살 데,생활·마트 중 '가전'을 판매·제공하는 매장,test,가전,T4 구어·문장,0322f91e-a79b-48d4-804c-736d63236ddd,롯데전자,전자제품,부산전자종합시장,전통시장,부산광역시,,,
bbc64994a627c7c4861d,full_annotation_v1,A,q_가전_04,전자제품 살 데,생활·마트 중 '가전'을 판매·제공하는 매장,test,가전,T4 구어·문장,67fa37ca-5cbb-42be-b2a9-6186d9880b8d,시민전자,전자제품,부산전자종합시장,전통시장,부산광역시,,,
edee4e86467b01782cb0,full_annotation_v1,A,q_가전_04,전자제품 살 데,생활·마트 중 '가전'을 판매·제공하는 매장,test,가전,T4 구어·문장,dc5a32c5-6885-4784-81e9-9e2e9ef54edd,동아전자,전자제품,세운상가 가동,자율상권구역,서울특별시,,,
51bc3b16c201810d12f6,full_annotation_v1,A,q_가전_04,전자제품 살 데,생활·마트 중 '가전'을 판매·제공하는 매장,test,가전,T4 구어·문장,402d08a5-6eb8-4aed-a902-5e1d6fb65997,신백산전자,전자제품,부산전자종합시장,전통시장,부산광역시,,,
1114ad988d4a2fdf7b82,full_annotation_v1,A,q_가전_04,전자제품 살 데,생활·마트 중 '가전'을 판매·제공하는 매장,test,가전,T4 구어·문장,17620d91-a94a-4134-8914-033e4138011e,명성전자,전자제품,남원공설시장,전통시장,전북특별자치도,,,
2441943d2f0d61cb7a25,full_annotation_v1,A,q_가전_04,전자제품 살 데,생활·마트 중 '가전'을 판매·제공하는 매장,test,가전,T4 구어·문장,5b2a6e95-4452-42de-a53e-22e801dc7a47,본전,한식,월산상가 골목형 상점가,골목형상점가,충청남도,,,
b7a9064b7d75ec26ceaf,full_annotation_v1,A,q_가전_04,전자제품 살 데,생활·마트 중 '가전'을 판매·제공하는 매장,test,가전,T4 구어·문장,5634cabc-a49b-4d93-b103-24ff22ea24f8,작심스터디카페 충남계룡점,스터디카페,엄사 골목형상점가,골목형상점가,충청남도,,,
f3880b55c75fe0116acd,full_annotation_v1,A,q_가전_04,전자제품 살 데,생활·마트 중 '가전'을 판매·제공하는 매장,test,가전,T4 구어·문장,76508ffb-55f9-47a5-be3e-8d5916671d11,한솔냉동전자,전자제품,평창올림픽시장(평창전통시장),전통시장,강원특별자치도,,,
24207a9b68d7652c4d49,full_annotation_v1,A,q_가전_04,전자제품 살 데,생활·마트 중 '가전'을 판매·제공하는 매장,test,가전,T4 구어·문장,d9f86322-c7c0-4f1d-a582-ce92fb9881a5,부산전자,전자제품,부산전자종합시장,전통시장,부산광역시,,,
1456ae8252a6761d5aec,full_annotation_v1,A,q_가전_04,전자제품 살 데,생활·마트 중 '가전'을 판매·제공하는 매장,test,가전,T4 구어·문장,14aeb05e-b5c7-4a63-a1c4-f057c7a791ad,한아름전자,전자제품,부산전자종합시장,전통시장,부산광역시,,,
8e02cb9baf14377978d3,full_annotation_v1,A,q_가전_04,전자제품 살 데,생활·마트 중 '가전'을 판매·제공하는 매장,test,가전,T4 구어·문장,1f2ed621-74dc-4083-b999-928e68b48f2e,한솔CCTV통신,전자제품,전자의거리 상점가,자율상권구역,광주광역시,,,
34488a7015df76051bdf,full_annotation_v1,A,q_가전_04,전자제품 살 데,생활·마트 중 '가전'을 판매·제공하는 매장,test,가전,T4 구어·문장,5bdb5cc9-5160-4118-94bd-53d74d2ea1f0,신자유전자,전자제품,부산전자종합시장,전통시장,부산광역시,,,
bd2dd731d501fd734989,full_annotation_v1,A,q_가전_04,전자제품 살 데,생활·마트 중 '가전'을 판매·제공하는 매장,test,가전,T4 구어·문장,785afe9c-47a5-45a4-b6d9-42c44bc5fb51,종합전자,전자제품,무극시장,전통시장,충청북도,,,
7c6283b83fa0290df76f,full_annotation_v1,A,q_가전_04,전자제품 살 데,생활·마트 중 '가전'을 판매·제공하는 매장,test,가전,T4 구어·문장,64a97123-0e76-4b5e-942b-c2d83b756c49,인하마트,전자제품,하단오일상설시장,전통시장,부산광역시,,,
61f57a794cdb60cf7f8c,full_annotation_v1,A,q_가전_04,전자제품 살 데,생활·마트 중 '가전'을 판매·제공하는 매장,test,가전,T4 구어·문장,aa5de91c-8c44-4856-9595-245b006c69bf,㈜미르유통,전자제품,부사시장,전통시장,대전광역시,,,
313bc2acab860b69bb50,full_annotation_v1,A,q_가전_04,전자제품 살 데,생활·마트 중 '가전'을 판매·제공하는 매장,test,가전,T4 구어·문장,0950ef91-5c5c-433a-b634-2da97c092982,에스원이엔지(주),전자제품,목동깨비시장(구 목3동시장),전통시장,서울특별시,,,
74a905e430dc0105de2a,full_annotation_v1,A,q_가전_04,전자제품 살 데,생활·마트 중 '가전'을 판매·제공하는 매장,test,가전,T4 구어·문장,efa0a872-a3ba-4326-b92a-b42599fc9fdf,서울중고시장,전자제품,포항 해도새록새로 골목형상점가,골목형상점가,경상북도,,,
41033d866b93231148a9,full_annotation_v1,A,q_가전_04,전자제품 살 데,생활·마트 중 '가전'을 판매·제공하는 매장,test,가전,T4 구어·문장,e90b6e59-c61c-4195-9b7c-0c265d9f1f57,성민fa,자동차부품,산업용재관,전통시장,대구광역시,,,
2611fc521c79bc70d1af,full_annotation_v1,A,q_가전_04,전자제품 살 데,생활·마트 중 '가전'을 판매·제공하는 매장,test,가전,T4 구어·문장,32df3cee-7d8b-4e5e-ad61-9ea6575d9bde,아인텍,전자제품,부산전자종합시장,전통시장,부산광역시,,,
4206a186839d774ce09b,full_annotation_v1,A,q_가전_04,전자제품 살 데,생활·마트 중 '가전'을 판매·제공하는 매장,test,가전,T4 구어·문장,d91ea470-bf1d-4ced-ba31-c3a8ed4c1876,강남전자,전자제품,부산전자종합시장,전통시장,부산광역시,,,
d86d956d56d82edd16a1,full_annotation_v1,A,q_가전_04,전자제품 살 데,생활·마트 중 '가전'을 판매·제공하는 매장,test,가전,T4 구어·문장,2dadf80e-1723-4789-b10d-b2e1b6cc898c,행복프라자,전자제품,대구종합유통단지전자관사업협동조합,전통시장,대구광역시,,,
26b95c48dce5e62f0c68,full_annotation_v1,A,q_가전_04,전자제품 살 데,생활·마트 중 '가전'을 판매·제공하는 매장,test,가전,T4 구어·문장,a0480f01-c012-4496-8c2d-1a5d0608171a,신광약업사,한약,대구약령시장,전통시장,대구광역시,,,
9f677e6d725975a51c5f,full_annotation_v1,A,q_가전_04,전자제품 살 데,생활·마트 중 '가전'을 판매·제공하는 매장,test,가전,T4 구어·문장,33322eb8-f17d-459c-81e9-ced357b904a3,전자명품관,전자제품,대구종합유통단지전자관사업협동조합,전통시장,대구광역시,,,
42219796f069a707adeb,full_annotation_v1,A,q_가전_04,전자제품 살 데,생활·마트 중 '가전'을 판매·제공하는 매장,test,가전,T4 구어·문장,14b18c4c-3da3-451a-a7f5-4c17ab131563,대주전자,전자제품,부산전자종합시장,전통시장,부산광역시,,,
b4b3099a69cf21ae159f,full_annotation_v1,A,q_가전_04,전자제품 살 데,생활·마트 중 '가전'을 판매·제공하는 매장,test,가전,T4 구어·문장,0fccdf72-9b49-4ac7-a417-c264968d6f41,삼음전자통신,전자제품,부산전자종합시장,전통시장,부산광역시,,,
32b105ade967ece12530,full_annotation_v1,A,q_가전_04,전자제품 살 데,생활·마트 중 '가전'을 판매·제공하는 매장,test,가전,T4 구어·문장,df4f822f-adaa-411b-b931-fb28cc0a049c,래래장,중식,고암 골목형상점가,골목형상점가,충청북도,,,
6a9631b04e40627f5513,full_annotation_v1,A,q_가전_04,전자제품 살 데,생활·마트 중 '가전'을 판매·제공하는 매장,test,가전,T4 구어·문장,15cf0851-76b9-432d-9105-6f4510c74f41,정현정,전자제품,부산전자종합시장,전통시장,부산광역시,,,
07e5079aaa19fcfbb6bc,full_annotation_v1,A,q_가전_04,전자제품 살 데,생활·마트 중 '가전'을 판매·제공하는 매장,test,가전,T4 구어·문장,3b6519b9-edb9-43e8-b646-f31687b80cab,한일옥매트,전자제품,새길시장,전통시장,대구광역시,,,
10ca247c4a1fd3b32a56,full_annotation_v1,A,q_가전_04,전자제품 살 데,생활·마트 중 '가전'을 판매·제공하는 매장,test,가전,T4 구어·문장,8756b6e7-f387-40fd-a230-53f0cc8ce77e,구구사,전자제품,부산전자종합시장,전통시장,부산광역시,,,
869d96114287d0d2dc88,full_annotation_v1,A,q_가전_04,전자제품 살 데,생활·마트 중 '가전'을 판매·제공하는 매장,test,가전,T4 구어·문장,3a43955d-73e3-4111-b08f-92820e516419,대신전자,전자제품,부산전자종합시장,전통시장,부산광역시,,,
7dac0909ab5f6a32d364,full_annotation_v1,A,q_가전_04,전자제품 살 데,생활·마트 중 '가전'을 판매·제공하는 매장,test,가전,T4 구어·문장,0e4b7769-9c37-41dd-80da-d0ad2c59e2ad,미래프라자,전자제품,대구종합유통단지전자관사업협동조합,전통시장,대구광역시,,,
7bd61211240f2b512204,full_annotation_v1,A,q_가전_04,전자제품 살 데,생활·마트 중 '가전'을 판매·제공하는 매장,test,가전,T4 구어·문장,c9f68561-3aa5-4eaa-bc45-b898604fae59,PC나라,전자제품,부산전자종합시장,전통시장,부산광역시,,,
88572ea8de164029fe41,full_annotation_v1,A,q_가전_04,전자제품 살 데,생활·마트 중 '가전'을 판매·제공하는 매장,test,가전,T4 구어·문장,c884d89f-a1d1-4113-86e1-08c3e39133fd,삼성디지털프라자,전자제품,배방상점가,자율상권구역,충청남도,,,
58c5f7570459c894e5be,full_annotation_v1,A,q_가전_04,전자제품 살 데,생활·마트 중 '가전'을 판매·제공하는 매장,test,가전,T4 구어·문장,b16b40fc-1cf8-405e-a311-bbb6443aba36,수봉전자,전자제품,부산전자종합시장,전통시장,부산광역시,,,
b0519f02940c4ba3dede,full_annotation_v1,A,q_가전_04,전자제품 살 데,생활·마트 중 '가전'을 판매·제공하는 매장,test,가전,T4 구어·문장,7b5ea680-c1ab-4125-ad48-21d4253b3a7a,신우전자,전자제품,양주가래비중앙로상점가,골목형상점가,경기도,,,
43b9d7b3ef4ad452d3a0,full_annotation_v1,A,q_가전_04,전자제품 살 데,생활·마트 중 '가전'을 판매·제공하는 매장,test,가전,T4 구어·문장,939b7fab-69df-4b64-ba5f-0bfe86126fc6,신일광전사,전자제품,부산전자종합시장,전통시장,부산광역시,,,
614f9f3ce1e72b2e96b8,full_annotation_v1,A,q_가전_04,전자제품 살 데,생활·마트 중 '가전'을 판매·제공하는 매장,test,가전,T4 구어·문장,ddbdbf1f-8d59-4d3e-a493-8a7327221e50,동창전자,전자제품,부산전자종합시장,전통시장,부산광역시,,,
aa89fb6c236b50370ec4,full_annotation_v1,A,q_가전_04,전자제품 살 데,생활·마트 중 '가전'을 판매·제공하는 매장,test,가전,T4 구어·문장,a59ab6f8-dee3-4a8f-9ed1-51f7b07aa609,부경전자,전자제품,부산전자종합시장,전통시장,부산광역시,,,
ffa8bee09e54569f0cf1,full_annotation_v1,A,q_가전_04,전자제품 살 데,생활·마트 중 '가전'을 판매·제공하는 매장,test,가전,T4 구어·문장,5fa5d7f7-8a08-4cd4-8526-6b4e13ad4ec9,백광사,전자제품,부산전자종합시장,전통시장,부산광역시,,,
4275eb5aa7a6531158a5,full_annotation_v1,A,q_가전_04,전자제품 살 데,생활·마트 중 '가전'을 판매·제공하는 매장,test,가전,T4 구어·문장,23f8200a-797d-417c-927f-85009b34bda6,짱돌당구클럽,스포츠서비스업,고암 골목형상점가,골목형상점가,충청북도,,,
c28185e38bdf998a1338,full_annotation_v1,A,q_가전_04,전자제품 살 데,생활·마트 중 '가전'을 판매·제공하는 매장,test,가전,T4 구어·문장,509a7f40-ca9d-4a0e-b9c7-d0f46215ac2a,미성음향,전자제품,부산전자종합시장,전통시장,부산광역시,,,
7a41d08d916ec7e6027d,full_annotation_v1,A,q_가전_04,전자제품 살 데,생활·마트 중 '가전'을 판매·제공하는 매장,test,가전,T4 구어·문장,0643af45-97b9-4dc9-914b-9cd86d8920e0,덜렁전자,전자,개금큰시장,전통시장,부산광역시,,,
df1802764487c0a08e08,full_annotation_v1,A,q_가전_04,전자제품 살 데,생활·마트 중 '가전'을 판매·제공하는 매장,test,가전,T4 구어·문장,37dea726-8532-4f72-9c20-20486bb02e06,이기영의과병원,동물병원,제민천 골목형상점가,골목형상점가,충청남도,,,
919658c888b25680acbc,full_annotation_v1,A,q_가전_04,전자제품 살 데,생활·마트 중 '가전'을 판매·제공하는 매장,test,가전,T4 구어·문장,fe88ee2e-edd6-4f45-a1a1-c9eeaf683a19,"나의, 체육관 PT 이수역점",개인 PT,동작구 LINK 상권활성화구역,상권활성화구역,서울특별시,,,
28cfd910516f8c56dd14,full_annotation_v1,A,q_가전_04,전자제품 살 데,생활·마트 중 '가전'을 판매·제공하는 매장,test,가전,T4 구어·문장,daaa377b-458c-4199-9e32-e91890d9394e,효동각,중식,병점중심상가,자율상권구역,경기도,,,
efd7b6bab9d031e85bb3,full_annotation_v1,A,q_가전_04,전자제품 살 데,생활·마트 중 '가전'을 판매·제공하는 매장,test,가전,T4 구어·문장,7e373324-c83c-47bd-b4e3-827cddac60f6,"카페, 소솜",커피,제민천 골목형상점가,골목형상점가,충청남도,,,
ad8b2c5b494cc4f02b1e,full_annotation_v1,A,q_가전_04,전자제품 살 데,생활·마트 중 '가전'을 판매·제공하는 매장,test,가전,T4 구어·문장,d003b1a8-34f2-4588-9297-fecec61b678a,남창전자,전자제품,부산전자종합시장,전통시장,부산광역시,,,
5cf036c58a8d6d12cb41,full_annotation_v1,A,q_가전_04,전자제품 살 데,생활·마트 중 '가전'을 판매·제공하는 매장,test,가전,T4 구어·문장,94093ba3-7f7d-4f7c-a14a-3c4c8e23eca9,개성전자,전자제품,부산전자종합시장,전통시장,부산광역시,,,
7d368b80425048bb4aa6,full_annotation_v1,A,q_가전_04,전자제품 살 데,생활·마트 중 '가전'을 판매·제공하는 매장,test,가전,T4 구어·문장,495a15e1-cbd7-4d7a-8a4b-653fe9c4b67a,믿음수산,수산물,노량진수산시장골목형상점가,골목형상점가,서울특별시,,,
cfad9e319cbba0253712,full_annotation_v1,A,q_가전_04,전자제품 살 데,생활·마트 중 '가전'을 판매·제공하는 매장,test,가전,T4 구어·문장,9e77ad12-d6cb-4fa7-9a1b-122e6eae9dfb,지성정육점,정육,현대시장,전통시장,인천광역시,,,
15adbba274f10a22fce1,full_annotation_v1,A,q_가전_04,전자제품 살 데,생활·마트 중 '가전'을 판매·제공하는 매장,test,가전,T4 구어·문장,e97a6de1-5eef-415a-93f9-f32fa2231a69,스타디움(STADIUM),여성의류,종각지하쇼핑센터,일반지하상점가,서울특별시,,,
4f466ab9612abf5568ea,full_annotation_v1,A,q_가전_04,전자제품 살 데,생활·마트 중 '가전'을 판매·제공하는 매장,test,가전,T4 구어·문장,16e56464-0c62-4bf2-8398-7bb8f709b350,대전음향,전자제품,전통중앙도매상가,전통시장,대전광역시,,,
73e54bd060aace06a1b9,full_annotation_v1,A,q_가전_04,전자제품 살 데,생활·마트 중 '가전'을 판매·제공하는 매장,test,가전,T4 구어·문장,3a888185-214b-4659-aff0-e8373e005c75,진이헤어,미용실,점촌역전상점가,자율상권구역,경상북도,,,
5dd4347f00cc89bd4b02,full_annotation_v1,A,q_가전_04,전자제품 살 데,생활·마트 중 '가전'을 판매·제공하는 매장,test,가전,T4 구어·문장,d3b581ea-9b1b-49f3-aa3e-017f0255922c,종합전자,전자제품,화정로상인회 골목형상점가,골목형상점가,광주광역시,,,
a678d1bfac0ad8f40ba9,full_annotation_v1,A,q_가전_04,전자제품 살 데,생활·마트 중 '가전'을 판매·제공하는 매장,test,가전,T4 구어·문장,a63f5342-29ad-4f31-8f11-8851467ac9cb,아폴로전자,전자제품,대구교동시장,전통시장,대구광역시,,,
c51f23990002a3be6e1b,full_annotation_v1,A,q_가전_04,전자제품 살 데,생활·마트 중 '가전'을 판매·제공하는 매장,test,가전,T4 구어·문장,015d0410-7e90-45d8-b79a-278244a88cd8,아진전자,전자제품,교동시장1길 상점가,자율상권구역,대구광역시,,,
ccc06840317ae9dcfc03,full_annotation_v1,A,q_가전_04,전자제품 살 데,생활·마트 중 '가전'을 판매·제공하는 매장,test,가전,T4 구어·문장,f2057194-7fc8-4350-9a47-041fa2697a8a,뷰네뜨,왁싱,월산상가 골목형 상점가,골목형상점가,충청남도,,,
3c81939767150c07cb0f,full_annotation_v1,A,q_가전_04,전자제품 살 데,생활·마트 중 '가전'을 판매·제공하는 매장,test,가전,T4 구어·문장,f14df4d3-9858-4a8b-8597-20fd477d8e32,갤러리 데 루치아,가구,용인어정가구단지상점가,자율상권구역,경기도,,,
ae1c89443c235a082a3e,full_annotation_v1,A,q_가전_04,전자제품 살 데,생활·마트 중 '가전'을 판매·제공하는 매장,test,가전,T4 구어·문장,019dfc3d-1f87-4c88-83ed-98bc560adaa2,신성사,"도소매(전자제품,카메라,잡화)",숭례문수입상가,전통시장,서울특별시,,,
103de86058ca1adc2ebf,full_annotation_v1,A,q_가전_04,전자제품 살 데,생활·마트 중 '가전'을 판매·제공하는 매장,test,가전,T4 구어·문장,49087638-292d-485f-ad84-f531ad7d5be9,한쌈마을,한식,가양역사거리골목형상점가,골목형상점가,서울특별시,,,
8f9254ea136a6f3b02fe,full_annotation_v1,A,q_가전_04,전자제품 살 데,생활·마트 중 '가전'을 판매·제공하는 매장,test,가전,T4 구어·문장,b6263fbb-0492-4e48-a2a6-f6f57ca35977,㈜에이치디프라자,전자제품,사당시장,전통시장,서울특별시,,,
7cb8941aff9acfb3e59f,full_annotation_v1,A,q_가전_04,전자제품 살 데,생활·마트 중 '가전'을 판매·제공하는 매장,test,가전,T4 구어·문장,1cefd18d-ce9a-4372-a00b-a5c669e9223b,은성사,전자제품,춘천중앙시장,전통시장,강원특별자치도,,,
3d1930b979a053773c80,full_annotation_v1,A,q_가전_04,전자제품 살 데,생활·마트 중 '가전'을 판매·제공하는 매장,test,가전,T4 구어·문장,070f2150-4b0c-4540-a080-075d5cdaf2f2,진석전자,전자제품,세운상가 가동,자율상권구역,서울특별시,,,
6df1e672469e18370bec,full_annotation_v1,A,q_가전_04,전자제품 살 데,생활·마트 중 '가전'을 판매·제공하는 매장,test,가전,T4 구어·문장,282b0e8b-051c-49f9-a707-b982df803589,까라벨라 데 오르,스파게티,동명동 카페거리 골목형상점가,골목형상점가,광주광역시,,,
6c1f409d6fecb608bd33,full_annotation_v1,A,q_가전_04,전자제품 살 데,생활·마트 중 '가전'을 판매·제공하는 매장,test,가전,T4 구어·문장,d803a104-7a94-4571-aecc-61a7d94d4572,하나전자,전자제품,부산전자종합시장,전통시장,부산광역시,,,
0c4c7849c8f7a980a72c,full_annotation_v1,A,q_가전_04,전자제품 살 데,생활·마트 중 '가전'을 판매·제공하는 매장,test,가전,T4 구어·문장,0fde77f3-1d88-498f-8c65-29f7a6984ee9,재기유통,전자제품,백년시장(구 강북종합전통시장),전통시장,서울특별시,,,
de3b6f8a66106411f817,full_annotation_v1,A,q_가전_04,전자제품 살 데,생활·마트 중 '가전'을 판매·제공하는 매장,test,가전,T4 구어·문장,b22b3ca6-7fe9-48d4-be95-1e1eaf08217f,첨단전자,전자제품,부산전자종합시장,전통시장,부산광역시,,,
c95ee9795f91a3e2d99b,full_annotation_v1,A,q_가전_04,전자제품 살 데,생활·마트 중 '가전'을 판매·제공하는 매장,test,가전,T4 구어·문장,8177c7fb-3912-44fd-af4e-54078db0377b,조은전자,전자제품,대구교동시장,전통시장,대구광역시,,,
e802475e8a6a623d27f0,full_annotation_v1,A,q_가전_04,전자제품 살 데,생활·마트 중 '가전'을 판매·제공하는 매장,test,가전,T4 구어·문장,7faa0e05-7d75-4df8-abc5-de0b677c42a0,엘지전자평창대리점,전자제품,평창올림픽시장(평창전통시장),전통시장,강원특별자치도,,,
ace946de83200b432165,full_annotation_v1,A,q_가전_04,전자제품 살 데,생활·마트 중 '가전'을 판매·제공하는 매장,test,가전,T4 구어·문장,c5affa2b-e68b-4093-ac49-8c4616128ea0,LG강진대리점,전자제품,강진중앙로상가,자율상권구역,전라남도,,,
67d766f271f787aeab30,full_annotation_v1,A,q_가전_04,전자제품 살 데,생활·마트 중 '가전'을 판매·제공하는 매장,test,가전,T4 구어·문장,cff4587e-c7c2-4a03-9cd0-8e58062d2058,대흥전자,전자제품,부산전자종합시장,전통시장,부산광역시,,,
7c2912f258d7fc9ca37d,full_annotation_v1,A,q_가전_04,전자제품 살 데,생활·마트 중 '가전'을 판매·제공하는 매장,test,가전,T4 구어·문장,1af1dee2-a045-448c-8c64-e137507f06f0,원일,전자제품,남대문시장,전통시장,서울특별시,,,
9d85efb244ddb8a435f9,full_annotation_v1,A,q_가전_04,전자제품 살 데,생활·마트 중 '가전'을 판매·제공하는 매장,test,가전,T4 구어·문장,e29e10f0-07f3-4874-a73d-363f144e1a34,원음사,전자제품,대구종합유통단지전자관사업협동조합,전통시장,대구광역시,,,
f66c0c49457dcf3f9f98,full_annotation_v1,A,q_가전_04,전자제품 살 데,생활·마트 중 '가전'을 판매·제공하는 매장,test,가전,T4 구어·문장,a61153b9-d9bf-485e-b57e-2a391823aa9d,현대가전,전자제품,부산전자종합시장,전통시장,부산광역시,,,
6cf0e199583298239446,full_annotation_v1,A,q_가전_04,전자제품 살 데,생활·마트 중 '가전'을 판매·제공하는 매장,test,가전,T4 구어·문장,664abff3-ccfe-48a7-b44f-03862db20afb,삼성전자음성대리점,전자제품,음성시장,전통시장,충청북도,,,
ab940775c6e4338853ba,full_annotation_v1,A,q_간식_01,간식,카페·디저트 중 '간식'을 판매·제공하는 매장,test,간식,T1 정확표기,97c7ad0e-4757-4841-a4bb-8ed93cc262a3,태평로온누리약국,양약,수정로 상권활성화구역,상권활성화구역,경기도,,,
020b885b8b262a3a99b4,full_annotation_v1,A,q_간식_01,간식,카페·디저트 중 '간식'을 판매·제공하는 매장,test,간식,T1 정확표기,7c449044-fa5e-49e7-991c-dfd1fb1c1b73,비오비애완용품아울렛,사료 강아지고양이 간식 강아지 옷 고양이모래,매곡 큰길 골목형상점가,골목형상점가,광주광역시,,,
7e1c0bc4c642f4e2c934,full_annotation_v1,A,q_간식_01,간식,카페·디저트 중 '간식'을 판매·제공하는 매장,test,간식,T1 정확표기,e0e397b0-b964-40dd-a631-15312dcdd68f,오프룻,답례품 간식 커피,정부청사 골목형상점가,골목형상점가,광주광역시,,,
feb31560a47d202707e0,full_annotation_v1,A,q_간식_01,간식,카페·디저트 중 '간식'을 판매·제공하는 매장,test,간식,T1 정확표기,1d286eae-b892-43a0-9165-36b05000fa16,문채네 구멍가게,문구 간식,거제 읍내시장,전통시장,경상남도,,,
11e586001f1bef783852,full_annotation_v1,A,q_간식_01,간식,카페·디저트 중 '간식'을 판매·제공하는 매장,test,간식,T1 정확표기,1f954869-5905-4a02-980a-50ad8533496e,진 화장품,화장품,달아실 골목형상점가,골목형상점가,광주광역시,,,
e21ce891bb66b5bdc48e,full_annotation_v1,A,q_간식_01,간식,카페·디저트 중 '간식'을 판매·제공하는 매장,test,간식,T1 정확표기,18024b37-c35d-438e-946c-1aea8c6a2792,수수곳간,간식,자양15번가골목형상점가,골목형상점가,서울특별시,,,
3e70ffc82f1c0074e0e3,full_annotation_v1,A,q_간식_01,간식,카페·디저트 중 '간식'을 판매·제공하는 매장,test,간식,T1 정확표기,eb84f9f4-4488-4b7a-8297-7e9987138dc2,태전동물병원,"애견 용품, 사료, 간식",태전패션거리 골목형상점가,골목형상점가,대구광역시,,,
f7b9c543c32069867545,full_annotation_v1,A,q_간식_01,간식,카페·디저트 중 '간식'을 판매·제공하는 매장,test,간식,T1 정확표기,73aebc36-9bcd-40b8-9dcb-80cdb651e6ab,펫장터25 남부시장점,반려동물 관련 사료 간식 용품,양산 남부시장,전통시장,경상남도,,,
2d0dcefe4ef32032b015,full_annotation_v1,A,q_간식_01,간식,카페·디저트 중 '간식'을 판매·제공하는 매장,test,간식,T1 정확표기,c29d8e63-9d37-44db-97cd-75a75e2fc627,애견용품,"애견용품, 간식",복대가경시장,전통시장,충청북도,,,
234b3c7ebb1e7ebc178c,full_annotation_v1,A,q_간식_01,간식,카페·디저트 중 '간식'을 판매·제공하는 매장,test,간식,T1 정확표기,008d1ed4-a5d7-492e-9959-f8307a68cc5f,샐러드 정원,"샐러드, 샌드위치",미성동도깨비시장,골목형상점가,서울특별시,,,
880b9f47919f2e21b87f,full_annotation_v1,A,q_간식_01,간식,카페·디저트 중 '간식'을 판매·제공하는 매장,test,간식,T1 정확표기,000814be-1ad1-4f62-87e7-0e02af595e2f,사사,"샌드위치, 케이크, 커피",나릿재 골목형상점가,골목형상점가,세종특별자치시,,,
414367c1436c7045c926,full_annotation_v1,A,q_간식_01,간식,카페·디저트 중 '간식'을 판매·제공하는 매장,test,간식,T1 정확표기,34a64312-f702-4d57-bbb6-6325bd072aae,벌크커피월곡점,커피,달아실 골목형상점가,골목형상점가,광주광역시,,,
5c7438414e8b9c524c46,full_annotation_v1,A,q_간식_01,간식,카페·디저트 중 '간식'을 판매·제공하는 매장,test,간식,T1 정확표기,e66c1423-5246-4701-9696-56c09f0cd854,펫츠아일랜드 세종나성점,사료 간식,나릿재마크원 골목형상점가,골목형상점가,세종특별자치시,,,
03a46f8fcd89cfb1dfee,full_annotation_v1,A,q_간식_01,간식,카페·디저트 중 '간식'을 판매·제공하는 매장,test,간식,T1 정확표기,af7a3be3-df88-4dc9-adaa-a1b4df3bf8b4,멍댕이 애견유치원,반려동물 간식 및 생활용품,학운 골목형상점가,골목형상점가,광주광역시,,,
8ff9bcbc7abedb86f37c,full_annotation_v1,A,q_간식_01,간식,카페·디저트 중 '간식'을 판매·제공하는 매장,test,간식,T1 정확표기,9ce59fda-f0c2-4e6e-a101-eb392f698e44,견생냥품 무인24시 남양주다산역점,애완견 사료 간식 장난감,다산역 로데오 상점가,자율상권구역,경기도,,,
207d803858597b4e0557,full_annotation_v1,A,q_간식_01,간식,카페·디저트 중 '간식'을 판매·제공하는 매장,test,간식,T1 정확표기,e56537f9-567b-47c4-9c7e-32271959df74,간식타임,전,쌍봉시장,전통시장,전라남도,,,
ea2019cd01eaa45b26d0,full_annotation_v1,A,q_간식_01,간식,카페·디저트 중 '간식'을 판매·제공하는 매장,test,간식,T1 정확표기,8f4e7117-afc6-4984-9a24-18bf8c01eeec,투썸플레이스 해밀점,커피 & 디저트,해밀동 골목형상점가,골목형상점가,세종특별자치시,,,
4b310f3bbae14ac7a68d,full_annotation_v1,A,q_간식_01,간식,카페·디저트 중 '간식'을 판매·제공하는 매장,test,간식,T1 정확표기,001bc028-a43e-44d4-9682-db280a4998cc,파리바게뜨전주근영점,제과점,근영누리 골목형상점가,골목형상점가,전북특별자치도,,,
a082810a11233c40f7a7,full_annotation_v1,A,q_간식_01,간식,카페·디저트 중 '간식'을 판매·제공하는 매장,test,간식,T1 정확표기,a9161d65-2dbf-4958-a679-7cd3742f0245,롱런하개,단미사료제조업 잡화 반려동물사료 간식,하가 골목형상점가,골목형상점가,전북특별자치도,,,
4ef1eeed2809b4a8de6f,full_annotation_v1,A,q_간식_01,간식,카페·디저트 중 '간식'을 판매·제공하는 매장,test,간식,T1 정확표기,0398aa65-9422-42ac-abc7-e004756d12e5,명가떡집,떡,오천시장,전통시장,경상북도,,,
b312c591e0da42e1dced,full_annotation_v1,A,q_간식_01,간식,카페·디저트 중 '간식'을 판매·제공하는 매장,test,간식,T1 정확표기,01226f93-5490-4530-a460-d5482763890d,버터앤츄,구움과자,행리단길 골목형상점가,골목형상점가,경기도,,,
d493a2b34bb357810cc2,full_annotation_v1,A,q_간식_01,간식,카페·디저트 중 '간식'을 판매·제공하는 매장,test,간식,T1 정확표기,a7af9f41-8cf9-4cd2-8acd-72479914737c,시민상회,,부전농수산물새벽시장,전통시장,부산광역시,,,
9e7d6f0b4be1adaaff95,full_annotation_v1,A,q_간식_01,간식,카페·디저트 중 '간식'을 판매·제공하는 매장,test,간식,T1 정확표기,67966843-0bae-413f-ab3f-1534fee18c25,간식창고,편의점,빛가람 중흥 골목형상점가,골목형상점가,전라남도,,,
5e5a8e4b604ab2f6fdb0,full_annotation_v1,A,q_간식_01,간식,카페·디저트 중 '간식'을 판매·제공하는 매장,test,간식,T1 정확표기,0c93ea7b-9fbc-41b2-8923-76e8de0d8aa2,달콤간식창고,,빛가람 호수로 골목형상점가,골목형상점가,,,,
a910ba5e0f02db96e701,full_annotation_v1,A,q_간식_01,간식,카페·디저트 중 '간식'을 판매·제공하는 매장,test,간식,T1 정확표기,1ef4110f-ee40-4307-bcd1-2f9aee42e47f,부리또집,간식,숭실마루길골목형상점가,골목형상점가,서울특별시,,,
dbeeacd9202132cb0c0d,full_annotation_v1,A,q_간식_01,간식,카페·디저트 중 '간식'을 판매·제공하는 매장,test,간식,T1 정확표기,e9d671e4-a315-482c-a4a9-3d70cd54e3d9,굿데이카페,음료 커피 간식,정이있는 구포시장,전통시장,부산광역시,,,
939ed9076a9dc4ab7e4f,full_annotation_v1,A,q_간식_01,간식,카페·디저트 중 '간식'을 판매·제공하는 매장,test,간식,T1 정확표기,dac9cb63-3ce2-4ea4-9e7b-ea0e45529bcf,간식이떴다,,신구로현대어반벨리 골목형상점가,골목형상점가,서울특별시,,,
7e42e001e8fa97829ff6,full_annotation_v1,A,q_간식_01,간식,카페·디저트 중 '간식'을 판매·제공하는 매장,test,간식,T1 정확표기,2c927118-b4b5-4291-887c-91ac54490a7f,연지곤지,의류,전주중앙상가시장,전통시장,전북특별자치도,,,
e51e87fa32530122e720,full_annotation_v1,A,q_간식_01,간식,카페·디저트 중 '간식'을 판매·제공하는 매장,test,간식,T1 정확표기,01dc1f3e-6edc-47a3-9fdf-124d0ea0de98,심봉사도르케 연천전곡점,고로케 꽈배기,전곡로데오거리 골목형상점가,골목형상점가,경기도,,,
a01b61eab2b03ed09ee6,full_annotation_v1,A,q_간식_01,간식,카페·디저트 중 '간식'을 판매·제공하는 매장,test,간식,T1 정확표기,25e9ed96-79fa-460d-9953-2a0ccbd6d938,스칼프픽 두피탈모세종점,두피관리,해밀동 골목형상점가,골목형상점가,세종특별자치시,,,
e7f8a28ed71d7c53bb31,full_annotation_v1,A,q_간식_01,간식,카페·디저트 중 '간식'을 판매·제공하는 매장,test,간식,T1 정확표기,343dc119-eebb-4fc1-811c-6719468c1e87,간식나라,한식,전주우성타운 골목형상점가,골목형상점가,전북특별자치도,,,
61fbc1a1e419731127a7,full_annotation_v1,A,q_간식_01,간식,카페·디저트 중 '간식'을 판매·제공하는 매장,test,간식,T1 정확표기,002580f9-7146-4999-af6a-cfecd782191a,마녀샌드위치,샌드위치,광주여대 골목형상점가,골목형상점가,광주광역시,,,
a9c4281379b1671d03a0,full_annotation_v1,A,q_간식_01,간식,카페·디저트 중 '간식'을 판매·제공하는 매장,test,간식,T1 정확표기,e938017d-8525-4ed2-be91-95d50f873627,조은건어물,건어물,관문상가시장,전통시장,대구광역시,,,
a1ddd5219d53ef9f4cd3,full_annotation_v1,A,q_간식_01,간식,카페·디저트 중 '간식'을 판매·제공하는 매장,test,간식,T1 정확표기,49b2dae2-5838-43c4-a22b-fe5024833241,구트,커피숍,봉산동 골목형상점가,골목형상점가,대전광역시,,,
a6e94a8d94491aa2ff95,full_annotation_v1,A,q_간식_01,간식,카페·디저트 중 '간식'을 판매·제공하는 매장,test,간식,T1 정확표기,0d753046-7eb1-4915-9c50-1e735acf1c1d,버블퍼피,"애견간식, 용품",왕십리무학봉상점가,자율상권구역,서울특별시,,,
361c77db6e70b0868455,full_annotation_v1,A,q_간식_01,간식,카페·디저트 중 '간식'을 판매·제공하는 매장,test,간식,T1 정확표기,fd72b0c8-524a-460c-9efa-724b927ac0c7,비프로젝트,화장품 판매 및 피부관리,화정로상가상인회 골목형상점가,골목형상점가,광주광역시,,,
7415ecfa2eb2f983e0ea,full_annotation_v1,A,q_간식_01,간식,카페·디저트 중 '간식'을 판매·제공하는 매장,test,간식,T1 정확표기,0cf1e0dc-a2ef-4da6-b9a4-78c363334f7c,지니샌드,간식,종암북바위길골목형상점가,골목형상점가,서울특별시,,,
ae5524cd56dbb8b60c08,full_annotation_v1,A,q_간식_01,간식,카페·디저트 중 '간식'을 판매·제공하는 매장,test,간식,T1 정확표기,dc60d2e0-6641-4435-9dbf-6090b8d075d7,월드마트,음료 라면 담재 간식 등,월드프라자,전통시장,경기도,,,
4b7bf16a1e7dcb0d6f19,full_annotation_v1,A,q_간식_01,간식,카페·디저트 중 '간식'을 판매·제공하는 매장,test,간식,T1 정확표기,0007598c-6a5e-44f2-9d2e-fbfc2b6e8db1,써브웨이광주수완점 유한회사,샌드위치,희담길,골목형상점가,광주광역시,,,
45eb955a9aa175f0445b,full_annotation_v1,A,q_간식_01,간식,카페·디저트 중 '간식'을 판매·제공하는 매장,test,간식,T1 정확표기,0eaecef3-d748-4ddb-9179-6df06f823b53,하나카 동물병원,"반려동물 진료, 반려동물 사료, 반려동물 영양제, 반려동물 간식",역삼동 골목형상점가,골목형상점가,서울특별시,,,
7c1d5eab0eefe735d5fc,full_annotation_v1,A,q_간식_01,간식,카페·디저트 중 '간식'을 판매·제공하는 매장,test,간식,T1 정확표기,b0f7da8c-2596-407a-ac8b-88a0484eb88b,견생냥품 24시 무인펫샵 대평동점,애견용품 사료 및 간식,대평동 골목형상점가,골목형상점가,세종특별자치시,,,
6fe5e6c45847db650ffb,full_annotation_v1,A,q_간식_01,간식,카페·디저트 중 '간식'을 판매·제공하는 매장,test,간식,T1 정확표기,e7a10de7-128c-48fc-bc13-3826f6abb837,하이쏭(by hissong),"의류, 간식",부안상설시장,전통시장,전북특별자치도,,,
73b6c3e1c2c3f019c0ef,full_annotation_v1,A,q_간식_01,간식,카페·디저트 중 '간식'을 판매·제공하는 매장,test,간식,T1 정확표기,01874291-5378-4910-88e7-c2fb85b4ea5c,써브웨이 광주금호점,샌드위치 전문점,금호상인회 골목형상점가,골목형상점가,광주광역시,,,
736e6c76a47f583eb0d8,full_annotation_v1,A,q_간식_01,간식,카페·디저트 중 '간식'을 판매·제공하는 매장,test,간식,T1 정확표기,e583eff9-c534-402c-a187-ef122f4843b2,컴포즈커피 전대후문점,커피 팡 간식,전남대후문골목형상점가,골목형상점가,광주광역시,,,
6185693ad4c0659e24f4,full_annotation_v1,A,q_간식_01,간식,카페·디저트 중 '간식'을 판매·제공하는 매장,test,간식,T1 정확표기,112343fc-81a9-472b-b08c-24cf27f757e9,초록마을대전노은점,신선야채.어린이간식.건강식품등....,열매 골목형상점가,골목형상점가,대전광역시,,,
569e27f9a490781e094f,full_annotation_v1,A,q_간식_01,간식,카페·디저트 중 '간식'을 판매·제공하는 매장,test,간식,T1 정확표기,c42409df-1584-4a68-be4a-f32f0ddc9886,인쌩맥주충남계룡점,간식,엄사 골목형상점가,골목형상점가,충청남도,,,
57180172d34e973bc80b,full_annotation_v1,A,q_간식_01,간식,카페·디저트 중 '간식'을 판매·제공하는 매장,test,간식,T1 정확표기,7244ded6-724d-4a76-bee3-380235ef6108,달달콩,"커피, 음료, 간식",도램마을 골목형상점가,골목형상점가,세종특별자치시,,,
e2525fd8e78ac6e3ecff,full_annotation_v1,A,q_간식_01,간식,카페·디저트 중 '간식'을 판매·제공하는 매장,test,간식,T1 정확표기,66669fbe-465d-42cd-8fcb-056f059ee69d,국민간식,분식,정왕시장,전통시장,경기도,,,
ed5db9bd2200c44c9310,full_annotation_v1,A,q_간식_01,간식,카페·디저트 중 '간식'을 판매·제공하는 매장,test,간식,T1 정확표기,4e1fc0b5-f2ca-4827-a70a-8a84c7157ac7,간식킹,"문구, 간식",미장사랑 골목형상점가,골목형상점가,전북특별자치도,,,
4841e69d11821c46b776,full_annotation_v1,A,q_간식_01,간식,카페·디저트 중 '간식'을 판매·제공하는 매장,test,간식,T1 정확표기,7e8b5abd-6765-4a5a-b0ff-db9d3ace2a2d,간식시간,분식,중앙로2 골목형상점가,골목형상점가,충청남도,,,
87348177db3643a2a29c,full_annotation_v1,A,q_간식_01,간식,카페·디저트 중 '간식'을 판매·제공하는 매장,test,간식,T1 정확표기,9be115ab-467b-42fd-950d-cc4209f1f145,바다간식,수산물,북평민속시장(북평민속5일장),전통시장,강원특별자치도,,,
4ef7da6c8bf001a7bf9c,full_annotation_v1,A,q_간식_01,간식,카페·디저트 중 '간식'을 판매·제공하는 매장,test,간식,T1 정확표기,035ade2e-faa7-4218-85bb-8f4634995653,복호두광주상무점,호두과자와 음료,상무시청상인회 골목형상점가,골목형상점가,광주광역시,,,
3a87a48f21cb13c95c4f,full_annotation_v1,A,q_간식_01,간식,카페·디저트 중 '간식'을 판매·제공하는 매장,test,간식,T1 정확표기,043ed8e3-2adc-4c0d-b918-f2b96e232628,못난이꽈배기,꽈배기,천안중앙시장,전통시장,충청남도,,,
3a211b921a84b9fedb48,full_annotation_v1,A,q_간식_01,간식,카페·디저트 중 '간식'을 판매·제공하는 매장,test,간식,T1 정확표기,9f5195d3-e140-4635-88e2-6276971f8a7b,로즈메리펫뷰티샵,애견미용 간식 허텔,빛가람 상리단길 골목형상점가,골목형상점가,전라남도,,,
3d7bbdf8a62e7c6040e7,full_annotation_v1,A,q_간식_01,간식,카페·디저트 중 '간식'을 판매·제공하는 매장,test,간식,T1 정확표기,ed9f1674-01fc-4329-a2f9-1ff6c8463c79,아무도없개 자양시장점,애견 간식 사료 용품,자양15번가골목형상점가,골목형상점가,서울특별시,,,
3d8ec37e202c3ce08ef9,full_annotation_v1,A,q_간식_01,간식,카페·디저트 중 '간식'을 판매·제공하는 매장,test,간식,T1 정확표기,458419e4-67d7-4127-80bd-451dfb73b8f9,네일핌,네일서비스,화산로31번길 골목형상점가,골목형상점가,광주광역시,,,
921ba676d65966542fff,full_annotation_v1,A,q_간식_01,간식,카페·디저트 중 '간식'을 판매·제공하는 매장,test,간식,T1 정확표기,0346c7d3-2a07-41c5-8627-bc65b1e5122e,루미담,빵류 과자류 강정류,효천2지구 골목형상점가,골목형상점가,광주광역시,,,
754145fb46dac84b57e4,full_annotation_v1,A,q_간식_01,간식,카페·디저트 중 '간식'을 판매·제공하는 매장,test,간식,T1 정확표기,01c93758-055c-48ad-ac74-f0cee5b99431,호두마당 부산진구점,호두과자,부전상가시장,전통시장,부산광역시,,,
d550cbff11bdb43a0f1f,full_annotation_v1,A,q_간식_01,간식,카페·디저트 중 '간식'을 판매·제공하는 매장,test,간식,T1 정확표기,a4100667-11c1-453a-9c11-bef1a6d37236,잠수기중매인8번,수산물,마산가고파수산시장,전통시장,경상남도,,,
40a3394f86ea50a2496a,full_annotation_v1,A,q_간식_01,간식,카페·디저트 중 '간식'을 판매·제공하는 매장,test,간식,T1 정확표기,002d0d06-15b2-463e-b789-b0232bcc6681,뚜레주르버들마을점,제과,버들마을상인회 골목형상점가,골목형상점가,광주광역시,,,
7c842aab62fd3dd22c1a,full_annotation_v1,A,q_간식_01,간식,카페·디저트 중 '간식'을 판매·제공하는 매장,test,간식,T1 정확표기,00362b85-cb9a-4318-9059-12f768d76197,파리바게뜨전주인후점,제과점,소나무 골목형상점가,골목형상점가,전북특별자치도,,,
a37afdaeb2c8a211aafc,full_annotation_v1,A,q_간식_01,간식,카페·디저트 중 '간식'을 판매·제공하는 매장,test,간식,T1 정확표기,4b34e5ec-f9de-401d-b7b4-4b80bac3bc41,또또라면,라면 음료 및 간식,길주프라자 골목형상점가,골목형상점가,인천광역시,,,
05cbba0a9a3528f7782b,full_annotation_v1,A,q_간식_01,간식,카페·디저트 중 '간식'을 판매·제공하는 매장,test,간식,T1 정확표기,8787869f-ec0d-40ff-9fa4-88abdf247bd5,국민간식,한식,두암2동광신맨션주변 골목형상점가,골목형상점가,광주광역시,,,
2df75fe0e89e1b7ddef9,full_annotation_v1,A,q_간식_01,간식,카페·디저트 중 '간식'을 판매·제공하는 매장,test,간식,T1 정확표기,fee28a03-0bb9-401e-8989-8734dfa8a2d6,더벤티 구리갈매아너시티,"커피 및 음료, 간단한 간식",갈매아이&유거리 골목형상점가,골목형상점가,경기도,,,
0f97c3066b801333af83,full_annotation_v1,A,q_간식_01,간식,카페·디저트 중 '간식'을 판매·제공하는 매장,test,간식,T1 정확표기,63fe5f1d-f6c6-49f8-82f9-f78f61dad67f,간식집,한식,공주산성시장,전통시장,충청남도,,,
39fa6c60ad92e04ee892,full_annotation_v1,A,q_간식_01,간식,카페·디저트 중 '간식'을 판매·제공하는 매장,test,간식,T1 정확표기,41a49656-a8e3-4e52-88fe-62726eb5c5d1,뻥튀기가 맛있는 집,간식,풍납시장,전통시장,서울특별시,,,
9283a01e8605cbfbb276,full_annotation_v1,A,q_간식_01,간식,카페·디저트 중 '간식'을 판매·제공하는 매장,test,간식,T1 정확표기,a1fede90-502c-43a6-936d-e1014b19e7b9,간식중독,음식점,방이시장,전통시장,서울특별시,,,
c9429291f58464e27933,full_annotation_v1,A,q_간식_01,간식,카페·디저트 중 '간식'을 판매·제공하는 매장,test,간식,T1 정확표기,02a3c435-88d7-4473-a9a4-6cfd09513987,보리원 대치은마점,붕어빵 호두과자 찰보리빵 등,은마종합상점가,자율상권구역,서울특별시,,,
9df0d533e8a19612fa05,full_annotation_v1,A,q_간식_01,간식,카페·디저트 중 '간식'을 판매·제공하는 매장,test,간식,T1 정확표기,97e14ec4-a84c-427e-9e85-1c68cbaaf392,샤인마트,음료 간식,용봉우치로 골목형상점가,골목형상점가,광주광역시,,,
653bba7819638d5f3f76,full_annotation_v1,A,q_간식_01,간식,카페·디저트 중 '간식'을 판매·제공하는 매장,test,간식,T1 정확표기,05f89167-741d-4371-9b48-35c394c971c6,엘림글로벌서울꽈배기,,길동복조리시장,전통시장,서울특별시,,,
9d35582e80530ff37807,full_annotation_v1,A,q_간식_01,간식,카페·디저트 중 '간식'을 판매·제공하는 매장,test,간식,T1 정확표기,47bb0b6d-5923-4deb-b357-198d825e94ed,더반커피,커피 음료 빵 간식,성남중앙지하시장,일반지하상점가,경기도,,,
d62fd081a4c13e13acb3,full_annotation_v1,A,q_간식_01,간식,카페·디저트 중 '간식'을 판매·제공하는 매장,test,간식,T1 정확표기,3110b53c-7353-4c1a-b6d4-92b43aee2b35,심신,그릇 도자기,남대문시장,전통시장,서울특별시,,,
9e69324efc3309ba8f53,full_annotation_v1,A,q_간식_01,간식,카페·디저트 중 '간식'을 판매·제공하는 매장,test,간식,T1 정확표기,779ddca8-5e36-438a-bfa5-3a36deb7082e,요술보따리,간식 문구,화도창현상점가,골목형상점가,경기도,,,
1940dcf20d7f2fb1fdfb,full_annotation_v1,A,q_간식_01,간식,카페·디저트 중 '간식'을 판매·제공하는 매장,test,간식,T1 정확표기,ce108d83-50fc-45db-93ac-864915d3a386,몽시앙,애견 간식 및 용품,송촌동상점가,자율상권구역,대전광역시,,,
f0bb1a458cf3af624fe6,full_annotation_v1,A,q_간식_01,간식,카페·디저트 중 '간식'을 판매·제공하는 매장,test,간식,T1 정확표기,add6e0d1-cf3f-4879-b699-5211162c3d5c,다람쥐곳간 시흥사거리점,간식,대명여울빛거리시장,전통시장,서울특별시,,,
9c6334261222b085b282,full_annotation_v1,A,q_간식_01,간식,카페·디저트 중 '간식'을 판매·제공하는 매장,test,간식,T1 정확표기,0521f642-329a-4ddf-a92b-b43585bebb0f,원더풀꽈배기,,승달 골목형상점가,골목형상점가,,,,
5c396b8ea44b68fdce32,full_annotation_v1,A,q_간식_01,간식,카페·디저트 중 '간식'을 판매·제공하는 매장,test,간식,T1 정확표기,52857cd4-7928-4dc1-87c2-d4eec7129a54,문구야놀자 세종고운힐스점,문구 완구 아이스크림 간식,고운마음 골목형상점가,골목형상점가,세종특별자치시,,,
739e8fe3cfb3459e5698,full_annotation_v1,A,q_간식_01,간식,카페·디저트 중 '간식'을 판매·제공하는 매장,test,간식,T1 정확표기,6405eba0-a9ea-4099-90c0-7e3bde63a028,펫편의점,펫사료 간식,삼익비치A상가시장,전통시장,부산광역시,,,
eaa2894988762f8fbffa,full_annotation_v1,A,q_간식_01,간식,카페·디저트 중 '간식'을 판매·제공하는 매장,test,간식,T1 정확표기,f9dad277-22d3-4274-8087-7c84faecb04c,페트롤스테이션,애완용의류 간식 사료,마륵동상인회 골목형상점가,골목형상점가,광주광역시,,,
27988753bbb5eb947d63,full_annotation_v1,A,q_간식_01,간식,카페·디저트 중 '간식'을 판매·제공하는 매장,test,간식,T1 정확표기,1b17e4d1-a96a-4048-9d67-20ad6f1e7837,파랑새 커피숍,음료 간식,카림애비뉴애 골목형상점가,골목형상점가,세종특별자치시,,,
d175e90561c1845c51c3,full_annotation_v1,A,q_간식_01,간식,카페·디저트 중 '간식'을 판매·제공하는 매장,test,간식,T1 정확표기,05572cf5-3f6c-448d-b7c1-2e5e305bd918,원더풀꽈배기,꽈배기,첨단아미 골목형상점가,골목형상점가,광주광역시,,,
cec7d921f95b35d377fe,full_annotation_v1,A,q_간식_01,간식,카페·디저트 중 '간식'을 판매·제공하는 매장,test,간식,T1 정확표기,6844ee88-a5ab-412e-9fae-a0aa873ad93b,간식서랍,,혁신도시3구역 골목형상점가,골목형상점가,강원특별자치도,,,
0b3a9eff0d2b363d2b31,full_annotation_v1,A,q_간식_01,간식,카페·디저트 중 '간식'을 판매·제공하는 매장,test,간식,T1 정확표기,57646452-0280-4086-933e-f8a8030263e8,도그마캣 광주금호점,애완동물 사료 및 간식 등,금호운천로상인회 골목형상점가,골목형상점가,광주광역시,,,
f8eb05bb5d62a912ed8e,full_annotation_v1,A,q_간식_01,간식,카페·디저트 중 '간식'을 판매·제공하는 매장,test,간식,T1 정확표기,8e3e207b-708d-4f0a-833b-bfb1a103c299,더(The)-베스트수산,"생선구이, 반건조생선",해남매일시장,전통시장,전라남도,,,
22f8b32039a6bc3296af,full_annotation_v1,A,q_간식_01,간식,카페·디저트 중 '간식'을 판매·제공하는 매장,test,간식,T1 정확표기,0061123f-a676-4556-9633-5fbc4ecaf6ef,치즈케익카스테라카페,제과,북가좌동 골목형상점가,골목형상점가,서울특별시,,,
eed9f305774b1820c5ac,full_annotation_v1,A,q_간식_01,간식,카페·디저트 중 '간식'을 판매·제공하는 매장,test,간식,T1 정확표기,6df8cd22-b664-44af-9b87-25f71b63e407,카페하늘정원,고구마빵류 외 간식,백년소상공인,기타,전북특별자치도,,,
78efe28062d65397119f,full_annotation_v1,A,q_간식_01,간식,카페·디저트 중 '간식'을 판매·제공하는 매장,test,간식,T1 정확표기,a831c72b-424c-4d88-afa1-54ff91a6ec51,댕댕야미 (반려견 수제 간식 전문점),애견수제간식 애견용품,본촌 골목형상점가,기타,광주광역시,,,
8897a9618a4299aee2e5,full_annotation_v1,A,q_간식_01,간식,카페·디저트 중 '간식'을 판매·제공하는 매장,test,간식,T1 정확표기,3e35da8e-b4b6-439c-92f3-368c79856dbb,사진나무스튜디오,,원도심 상권활성화구역,상권활성화구역,대전광역시,,,
9517fa452c4d46de2001,full_annotation_v1,A,q_간식_01,간식,카페·디저트 중 '간식'을 판매·제공하는 매장,test,간식,T1 정확표기,9b7c507b-e817-4c5f-9962-bd36d61c8d4e,우리아이반찬&간식,반찬,배방상점가,자율상권구역,충청남도,,,
e7ff3dbdef58a0c0b370,full_annotation_v1,A,q_간식_01,간식,카페·디저트 중 '간식'을 판매·제공하는 매장,test,간식,T1 정확표기,00a88093-8a14-41ad-8b1f-d35632be9f3b,한아름빵집,제과,신평골목시장,전통시장,부산광역시,,,
05b6a24afc9d97bd87b8,full_annotation_v1,A,q_간식_01,간식,카페·디저트 중 '간식'을 판매·제공하는 매장,test,간식,T1 정확표기,9bc94e33-d392-4523-9393-1c4c6458f2bc,갈맥상통,간식,당진시신도심상점가,자율상권구역,충청남도,,,
fe7320661d038660fe4f,full_annotation_v1,A,q_간식_02,과자,카페·디저트 중 '간식'을 판매·제공하는 매장,test,간식,T2 동의어,0061123f-a676-4556-9633-5fbc4ecaf6ef,치즈케익카스테라카페,제과,북가좌동 골목형상점가,골목형상점가,서울특별시,,,
bf50a2fbbc6e29d50e8f,full_annotation_v1,A,q_간식_02,과자,카페·디저트 중 '간식'을 판매·제공하는 매장,test,간식,T2 동의어,1a959bbc-8e35-4608-a979-bcb04439cc82,정미용실,미용실,척산시장,전통시장,경상북도,,,
8a79aa56885d67ced8c9,full_annotation_v1,A,q_간식_02,과자,카페·디저트 중 '간식'을 판매·제공하는 매장,test,간식,T2 동의어,0c93ea7b-9fbc-41b2-8923-76e8de0d8aa2,달콤간식창고,,빛가람 호수로 골목형상점가,골목형상점가,,,,
9822e1d6b92725d9c709,full_annotation_v1,A,q_간식_02,과자,카페·디저트 중 '간식'을 판매·제공하는 매장,test,간식,T2 동의어,888283f5-8e4c-4a78-9f67-030cb108de13,과자뭉치,과자,부평깡통시장(구 부산부평시장),전통시장,부산광역시,,,
10aa9da6b1f73e5f129d,full_annotation_v1,A,q_간식_02,과자,카페·디저트 중 '간식'을 판매·제공하는 매장,test,간식,T2 동의어,611f4be0-6bb8-4596-b66e-68e6d8519cd4,순니네,과자,동두천중앙시장,전통시장,경기도,,,
6939631f0f444db0cd22,full_annotation_v1,A,q_간식_02,과자,카페·디저트 중 '간식'을 판매·제공하는 매장,test,간식,T2 동의어,4bfbb0b7-5e2b-4989-a9ca-f53f002ab676,태윤이네,과자,창동골목시장,전통시장,서울특별시,,,
6445c17891cea8383b2f,full_annotation_v1,A,q_간식_02,과자,카페·디저트 중 '간식'을 판매·제공하는 매장,test,간식,T2 동의어,157e6540-36e5-4a55-8988-7508f97b6a2b,우리푸드,과자,중리시장,전통시장,대전광역시,,,
d34564ef63370807df4d,full_annotation_v1,A,q_간식_02,과자,카페·디저트 중 '간식'을 판매·제공하는 매장,test,간식,T2 동의어,264434ea-0fd0-44e3-aafd-9ac7bd883409,광성상회,과일,청량리청과물시장,전통시장,서울특별시,,,
feb270ee7f449edc4282,full_annotation_v1,A,q_간식_02,과자,카페·디저트 중 '간식'을 판매·제공하는 매장,test,간식,T2 동의어,68311d47-70dd-41e4-a07e-7ae7bec3a43d,명동옛날과자,과자,신평골목시장,전통시장,부산광역시,,,
ba3b745c57b452fcd1e0,full_annotation_v1,A,q_간식_02,과자,카페·디저트 중 '간식'을 판매·제공하는 매장,test,간식,T2 동의어,79ecf7f0-a7b8-4339-9299-cb8312e7106c,모코롱,과자,원주미로예술중앙시장(원주중앙시장),전통시장,강원특별자치도,,,
d1fb78fbb5ecfc41f611,full_annotation_v1,A,q_간식_02,과자,카페·디저트 중 '간식'을 판매·제공하는 매장,test,간식,T2 동의어,71398017-745e-4700-9039-9a6a7bef2b0a,금호슈퍼,과자,염주B상인회 골목형상점가,골목형상점가,광주광역시,,,
758ae3826e82c9e97c28,full_annotation_v1,A,q_간식_02,과자,카페·디저트 중 '간식'을 판매·제공하는 매장,test,간식,T2 동의어,fc90525f-05f6-432b-997e-be5602004adf,한동과자,과자,서변중앙시장,전통시장,대구광역시,,,
d3adb781b572d1241b78,full_annotation_v1,A,q_간식_02,과자,카페·디저트 중 '간식'을 판매·제공하는 매장,test,간식,T2 동의어,99afe31d-6e31-4eb1-b191-feaf56abae7a,삼호반점,중식음식,용주로사랑길 골목형상점가,골목형상점가,광주광역시,,,
6a10b0e2f2a829d9b127,full_annotation_v1,A,q_간식_02,과자,카페·디저트 중 '간식'을 판매·제공하는 매장,test,간식,T2 동의어,2ad885bf-449e-436b-a21b-65ab35389e82,옛날강정,과자,복이있는덕포시장,전통시장,부산광역시,,,
03d1d355582671edc9d7,full_annotation_v1,A,q_간식_02,과자,카페·디저트 중 '간식'을 판매·제공하는 매장,test,간식,T2 동의어,008d1ed4-a5d7-492e-9959-f8307a68cc5f,샐러드 정원,"샐러드, 샌드위치",미성동도깨비시장,골목형상점가,서울특별시,,,
4d65f2982206b58194f4,full_annotation_v1,A,q_간식_02,과자,카페·디저트 중 '간식'을 판매·제공하는 매장,test,간식,T2 동의어,2d9179f0-d8ec-4f4c-bef2-222ccee56efe,예가,과자,대명중앙시장,전통시장,대구광역시,,,
2f78f5928637a2636c86,full_annotation_v1,A,q_간식_02,과자,카페·디저트 중 '간식'을 판매·제공하는 매장,test,간식,T2 동의어,8a1b2e7e-f5df-43df-a9cf-60a2058539ce,모모마켓,과자,서문시장(명품프라자상가),전통시장,대구광역시,,,
c67033da8ea27dba9587,full_annotation_v1,A,q_간식_02,과자,카페·디저트 중 '간식'을 판매·제공하는 매장,test,간식,T2 동의어,a2662986-c2d1-4bb1-af97-dfe36b175369,혜성상사,과자,칠성원시장,전통시장,대구광역시,,,
7aa4b1538d7213c2dd77,full_annotation_v1,A,q_간식_02,과자,카페·디저트 중 '간식'을 판매·제공하는 매장,test,간식,T2 동의어,3361cd3a-2da1-42d6-ac0d-d5a94af5d60b,과자나라 청과나라,과자,군분로 골목형상점가,골목형상점가,광주광역시,,,
d2da3c3b0e281dd45141,full_annotation_v1,A,q_간식_02,과자,카페·디저트 중 '간식'을 판매·제공하는 매장,test,간식,T2 동의어,002d0d06-15b2-463e-b789-b0232bcc6681,뚜레주르버들마을점,제과,버들마을상인회 골목형상점가,골목형상점가,광주광역시,,,
477aa54922585996b528,full_annotation_v1,A,q_간식_02,과자,카페·디저트 중 '간식'을 판매·제공하는 매장,test,간식,T2 동의어,90fbb3ae-2faf-40af-8aa4-741eca3b33ab,대성제과,과자,호계공설시장,전통시장,울산광역시,,,
809c3da7dd665fdfba98,full_annotation_v1,A,q_간식_02,과자,카페·디저트 중 '간식'을 판매·제공하는 매장,test,간식,T2 동의어,423e1cda-7e59-4459-9a7e-427a56746bb0,옥이네화송고버섯,과자,하동 화개장터,전통시장,경상남도,,,
b4b09e546c74426fb58d,full_annotation_v1,A,q_간식_02,과자,카페·디저트 중 '간식'을 판매·제공하는 매장,test,간식,T2 동의어,05572cf5-3f6c-448d-b7c1-2e5e305bd918,원더풀꽈배기,꽈배기,첨단아미 골목형상점가,골목형상점가,광주광역시,,,
3556309d019f9815bcfb,full_annotation_v1,A,q_간식_02,과자,카페·디저트 중 '간식'을 판매·제공하는 매장,test,간식,T2 동의어,112343fc-81a9-472b-b08c-24cf27f757e9,초록마을대전노은점,신선야채.어린이간식.건강식품등....,열매 골목형상점가,골목형상점가,대전광역시,,,
6f7575058199a86140f1,full_annotation_v1,A,q_간식_02,과자,카페·디저트 중 '간식'을 판매·제공하는 매장,test,간식,T2 동의어,ccdd2205-4edc-492d-9195-02292bd675c1,이바로,음식(분식),과천제일쇼핑시장,전통시장,경기도,,,
8a2b7ef4ea3f09f0d780,full_annotation_v1,A,q_간식_02,과자,카페·디저트 중 '간식'을 판매·제공하는 매장,test,간식,T2 동의어,cd6ded82-c612-4dc9-bcb2-8960600a3eae,용주반찬,반찬,용주로사랑길 골목형상점가,골목형상점가,광주광역시,,,
ddb44e1cd57ce565a62b,full_annotation_v1,A,q_간식_02,과자,카페·디저트 중 '간식'을 판매·제공하는 매장,test,간식,T2 동의어,0007598c-6a5e-44f2-9d2e-fbfc2b6e8db1,써브웨이광주수완점 유한회사,샌드위치,희담길,골목형상점가,광주광역시,,,
165de2d924a131abdb1a,full_annotation_v1,A,q_간식_02,과자,카페·디저트 중 '간식'을 판매·제공하는 매장,test,간식,T2 동의어,05f89167-741d-4371-9b48-35c394c971c6,엘림글로벌서울꽈배기,,길동복조리시장,전통시장,서울특별시,,,
00891d7967b9ef2c8f67,full_annotation_v1,A,q_간식_02,과자,카페·디저트 중 '간식'을 판매·제공하는 매장,test,간식,T2 동의어,960ef18c-e936-408c-a2bf-b85f69ad0431,대촌상회,과자,양동경열로시장,전통시장,,,,
368a7f07e324842a9ee5,full_annotation_v1,A,q_간식_02,과자,카페·디저트 중 '간식'을 판매·제공하는 매장,test,간식,T2 동의어,dba4a28c-86e0-455b-bdff-eca07f3e7169,오치커피앤빙수,카페,오치 한전 골목형상점가,골목형상점가,광주광역시,,,
7c8d07cba910172b01e3,full_annotation_v1,A,q_간식_02,과자,카페·디저트 중 '간식'을 판매·제공하는 매장,test,간식,T2 동의어,01dc1f3e-6edc-47a3-9fdf-124d0ea0de98,심봉사도르케 연천전곡점,고로케 꽈배기,전곡로데오거리 골목형상점가,골목형상점가,경기도,,,
feb75cb4e3441124ec8a,full_annotation_v1,A,q_간식_02,과자,카페·디저트 중 '간식'을 판매·제공하는 매장,test,간식,T2 동의어,68fa01ce-6919-47de-8a53-6ad19b1b20a8,여기오란다,과자,제주시민속오일시장,전통시장,제주특별자치도,,,
172e55fc8529043cbc4e,full_annotation_v1,A,q_간식_02,과자,카페·디저트 중 '간식'을 판매·제공하는 매장,test,간식,T2 동의어,deb107e8-1d26-42b2-885b-b41947843389,나무,과자,천천중심상가 골목형상점가,골목형상점가,경기도,,,
a89d30440f76e0bd953a,full_annotation_v1,A,q_간식_02,과자,카페·디저트 중 '간식'을 판매·제공하는 매장,test,간식,T2 동의어,4705570b-7848-44e7-98ff-2ff02f0aa207,동신,원단,부산남문시장,전통시장,부산광역시,,,
b03ece2bd32cbf817237,full_annotation_v1,A,q_간식_02,과자,카페·디저트 중 '간식'을 판매·제공하는 매장,test,간식,T2 동의어,09005f98-46f0-48e0-990f-7c78ab25ceac,월드마트,과자,청주육거리종합시장,전통시장,충청북도,,,
3fffb9b3ff1c4caabf80,full_annotation_v1,A,q_간식_02,과자,카페·디저트 중 '간식'을 판매·제공하는 매장,test,간식,T2 동의어,67a15cdb-3c78-40e4-bad0-041452cd9ee8,계영제과,과자,전통중앙도매상가,전통시장,대전광역시,,,
58120fdb385a4fa00b3c,full_annotation_v1,A,q_간식_02,과자,카페·디저트 중 '간식'을 판매·제공하는 매장,test,간식,T2 동의어,fb59b768-2241-42f4-91c2-8bffab43a397,정주슈퍼,과자,챔피언스거리 골목형상점가,골목형상점가,광주광역시,,,
b35dc3941bafe4e8ce4b,full_annotation_v1,A,q_간식_02,과자,카페·디저트 중 '간식'을 판매·제공하는 매장,test,간식,T2 동의어,8c20b9a9-01a9-4b45-b809-0a57ff3dd3ac,함께과자,과자,충주무학시장,전통시장,충청북도,,,
3d42fc9610bb3b276b3a,full_annotation_v1,A,q_간식_02,과자,카페·디저트 중 '간식'을 판매·제공하는 매장,test,간식,T2 동의어,4c359019-4750-4688-a93d-9fbd843987b2,바른강정,과자,청주육거리종합시장,전통시장,충청북도,,,
8e8d11556b9bee31d991,full_annotation_v1,A,q_간식_02,과자,카페·디저트 중 '간식'을 판매·제공하는 매장,test,간식,T2 동의어,5b7fdaf7-1c7e-4940-aa00-85a4b97984a7,미유가,과자,해남매일시장,전통시장,전라남도,,,
1f0b47df06b9dff0be2c,full_annotation_v1,A,q_간식_02,과자,카페·디저트 중 '간식'을 판매·제공하는 매장,test,간식,T2 동의어,79de89c1-7583-4a6b-92d1-2b8847bd2634,개성시대,미용실,오치 한전 골목형상점가,골목형상점가,광주광역시,,,
5cc645da802656fcf87c,full_annotation_v1,A,q_간식_02,과자,카페·디저트 중 '간식'을 판매·제공하는 매장,test,간식,T2 동의어,663e2a61-aabc-4a50-ba81-f9b3bb51a308,왜관식품,과자,왜관시장,전통시장,경상북도,,,
9d18e7a3fd5ed575c2a4,full_annotation_v1,A,q_간식_02,과자,카페·디저트 중 '간식'을 판매·제공하는 매장,test,간식,T2 동의어,6bd0161c-c3aa-4881-b475-3e9c535fcc8d,미가온누룽지스낵,과자,광명전통시장,전통시장,경기도,,,
0be8a1eda8ec9a52a89f,full_annotation_v1,A,q_간식_02,과자,카페·디저트 중 '간식'을 판매·제공하는 매장,test,간식,T2 동의어,92ef4c76-a18f-4c4c-b589-2f6d4d8b4825,계영제과,과자,부전상가시장,전통시장,부산광역시,,,
2b67b567c074e7b51083,full_annotation_v1,A,q_간식_02,과자,카페·디저트 중 '간식'을 판매·제공하는 매장,test,간식,T2 동의어,0cf1e0dc-a2ef-4da6-b9a4-78c363334f7c,지니샌드,간식,종암북바위길골목형상점가,골목형상점가,서울특별시,,,
e4ea76cecf3e6538b426,full_annotation_v1,A,q_간식_02,과자,카페·디저트 중 '간식'을 판매·제공하는 매장,test,간식,T2 동의어,d8e9ecb0-a6d5-44b2-a75e-565f4e6b9e4a,황가네옛날과자,과자,관문상가시장,전통시장,대구광역시,,,
efd5a97cbc77db411547,full_annotation_v1,A,q_간식_02,과자,카페·디저트 중 '간식'을 판매·제공하는 매장,test,간식,T2 동의어,137fd4cd-1bbd-4d60-8c2f-19f542d47ede,오복상회,과자,구포시장,전통시장,부산광역시,,,
4ed4dac817b9d2598a67,full_annotation_v1,A,q_간식_02,과자,카페·디저트 중 '간식'을 판매·제공하는 매장,test,간식,T2 동의어,02a3c435-88d7-4473-a9a4-6cfd09513987,보리원 대치은마점,붕어빵 호두과자 찰보리빵 등,은마종합상점가,자율상권구역,서울특별시,,,
f40f4869db69ae999f42,full_annotation_v1,A,q_간식_02,과자,카페·디저트 중 '간식'을 판매·제공하는 매장,test,간식,T2 동의어,91fb3e4e-203b-4334-8885-19ad0463eb9a,빵야,빵 과자 음료,학운 골목형상점가,골목형상점가,광주광역시,,,
945cf2ed23a2697cd38d,full_annotation_v1,A,q_간식_02,과자,카페·디저트 중 '간식'을 판매·제공하는 매장,test,간식,T2 동의어,1533f678-959a-4a72-b224-c77538ab05c4,선한세상만들기,과자,화서시장,전통시장,경기도,,,
8461038560895b94af83,full_annotation_v1,A,q_간식_02,과자,카페·디저트 중 '간식'을 판매·제공하는 매장,test,간식,T2 동의어,4fafeebd-ef0a-492f-8726-dbb7b2c02137,사월과자점,과자,동명동 카페거리 골목형상점가,골목형상점가,광주광역시,,,
13d1f5c01d466133ce6f,full_annotation_v1,A,q_간식_02,과자,카페·디저트 중 '간식'을 판매·제공하는 매장,test,간식,T2 동의어,d7d0ec4e-1495-4a7d-889f-028b6a0a73ac,gs공주중앙점,과자,147골목형상점가,골목형상점가,충청남도,,,
6dc2ed427f576771b1d2,full_annotation_v1,A,q_간식_02,과자,카페·디저트 중 '간식'을 판매·제공하는 매장,test,간식,T2 동의어,001bc028-a43e-44d4-9682-db280a4998cc,파리바게뜨전주근영점,제과점,근영누리 골목형상점가,골목형상점가,전북특별자치도,,,
4258e5f568c8630f0d14,full_annotation_v1,A,q_간식_02,과자,카페·디저트 중 '간식'을 판매·제공하는 매장,test,간식,T2 동의어,18dd94ec-e833-434e-96a2-129225f9798b,월푸드,과자,남대문시장,전통시장,서울특별시,,,
4c13123230bdf6718598,full_annotation_v1,A,q_간식_02,과자,카페·디저트 중 '간식'을 판매·제공하는 매장,test,간식,T2 동의어,fbdf5495-004d-4530-be6c-703e8dcbe925,두부러운생활,과자,시청앞 골목형상점가,골목형상점가,충청남도,,,
fd775401974d1e66452d,full_annotation_v1,A,q_간식_02,과자,카페·디저트 중 '간식'을 판매·제공하는 매장,test,간식,T2 동의어,1103fdd0-02b4-4d1a-8c51-01944ad90acf,대화식품,과자,원주민속풍물시장,전통시장,강원특별자치도,,,
69e8de9ae443f78ab99d,full_annotation_v1,A,q_간식_02,과자,카페·디저트 중 '간식'을 판매·제공하는 매장,test,간식,T2 동의어,466e1155-4f8e-489b-9f31-e5e1ed74cb95,대동국수,"국수류, 곡물(쌀)",황지자유시장,전통시장,강원특별자치도,,,
10dd580e944930630f4b,full_annotation_v1,A,q_간식_02,과자,카페·디저트 중 '간식'을 판매·제공하는 매장,test,간식,T2 동의어,c227a310-bb7f-48bd-9e36-34dede90786c,정정례헤어리더,미용,샛강두리골목형상점가,골목형상점가,서울특별시,,,
db329e167149befa0eda,full_annotation_v1,A,q_간식_02,과자,카페·디저트 중 '간식'을 판매·제공하는 매장,test,간식,T2 동의어,b0bd0d97-7f3f-48b6-83e6-2932105cfd63,튀밥전문가,과자,송정5일시장,전통시장,광주광역시,,,
96d5cfca392df18f8607,full_annotation_v1,A,q_간식_02,과자,카페·디저트 중 '간식'을 판매·제공하는 매장,test,간식,T2 동의어,00a88093-8a14-41ad-8b1f-d35632be9f3b,한아름빵집,제과,신평골목시장,전통시장,부산광역시,,,
73cc170eb09bfe787475,full_annotation_v1,A,q_간식_02,과자,카페·디저트 중 '간식'을 판매·제공하는 매장,test,간식,T2 동의어,653b0d6c-e6b2-4270-8122-7373d8167fb9,포항강정,과자,포항죽도시장,전통시장,경상북도,,,
443366890ff0a009b79b,full_annotation_v1,A,q_간식_02,과자,카페·디저트 중 '간식'을 판매·제공하는 매장,test,간식,T2 동의어,eed3c8e9-ad22-47bd-bcc3-53ae7037c896,다나약국,의약품,산본로데오거리(구 산본중심상가),자율상권구역,경기도,,,
c331717d1e65542e9940,full_annotation_v1,A,q_간식_02,과자,카페·디저트 중 '간식'을 판매·제공하는 매장,test,간식,T2 동의어,d9b955c1-edfb-4691-bb16-31aa2a924c67,맛나과자,과자,화정로상가상인회 골목형상점가,골목형상점가,광주광역시,,,
8d550a2aa0c70100fdb0,full_annotation_v1,A,q_간식_02,과자,카페·디저트 중 '간식'을 판매·제공하는 매장,test,간식,T2 동의어,1cd044ef-2812-4048-97bd-88b09f64b222,추억의과자,과자,군산공설시장,전통시장,전북특별자치도,,,
3ce70b86b99ac2979439,full_annotation_v1,A,q_간식_02,과자,카페·디저트 중 '간식'을 판매·제공하는 매장,test,간식,T2 동의어,5da6bc80-4b5b-41e8-bf35-c5805f036412,원미강정,과자,원미종합시장,전통시장,경기도,,,
81b075bb11f81cea848d,full_annotation_v1,A,q_간식_02,과자,카페·디저트 중 '간식'을 판매·제공하는 매장,test,간식,T2 동의어,6fe35e72-807a-4d46-9160-8ba53ffc048b,연탄돈,,신중동문화거리상점가,자율상권구역,경기도,,,
2ccf5a8c6eb234578ae5,full_annotation_v1,A,q_간식_02,과자,카페·디저트 중 '간식'을 판매·제공하는 매장,test,간식,T2 동의어,7f36fd05-cbe1-4e5b-9fc1-99dea9277888,수성35,과자,수성시장,전통시장,대구광역시,,,
d7dc5e04a6faf80e41b1,full_annotation_v1,A,q_간식_02,과자,카페·디저트 중 '간식'을 판매·제공하는 매장,test,간식,T2 동의어,c1c61ebc-b0e0-4d3c-939b-7392ff4db9ba,사천산자집,과자,사천읍시장,전통시장,경상남도,,,
d31ee1617e826993c126,full_annotation_v1,A,q_간식_02,과자,카페·디저트 중 '간식'을 판매·제공하는 매장,test,간식,T2 동의어,002580f9-7146-4999-af6a-cfecd782191a,마녀샌드위치,샌드위치,광주여대 골목형상점가,골목형상점가,광주광역시,,,
41bf6003eb4e19a7c3d5,full_annotation_v1,A,q_간식_02,과자,카페·디저트 중 '간식'을 판매·제공하는 매장,test,간식,T2 동의어,7b1eb12d-be6c-44d1-a714-c94e36915752,깔지니,"양말, 잡화",㈜르네시떼,전통시장,부산광역시,,,
f4b1ac03171f437763e9,full_annotation_v1,A,q_간식_02,과자,카페·디저트 중 '간식'을 판매·제공하는 매장,test,간식,T2 동의어,bc4e1eae-9d7c-488f-9114-bffcd11b0bca,신푸른제과,과자,용인중앙시장,전통시장,경기도,,,
af103a1a7ad515a1e031,full_annotation_v1,A,q_간식_02,과자,카페·디저트 중 '간식'을 판매·제공하는 매장,test,간식,T2 동의어,e22be752-6b5f-47b2-adb5-03846a97eeca,한마음약국,,부천자유시장,전통시장,경기도,,,
6c3d83f5cc6c50c2ed07,full_annotation_v1,A,q_간식_02,과자,카페·디저트 중 '간식'을 판매·제공하는 매장,test,간식,T2 동의어,2e69c2dc-3df0-4109-964d-1ff67632f08c,까까,과자,김해 외동전통시장,전통시장,경상남도,,,
7328d83fbca681d30dfe,full_annotation_v1,A,q_간식_02,과자,카페·디저트 중 '간식'을 판매·제공하는 매장,test,간식,T2 동의어,043ed8e3-2adc-4c0d-b918-f2b96e232628,못난이꽈배기,꽈배기,천안중앙시장,전통시장,충청남도,,,
58bca1451744ea25df50,full_annotation_v1,A,q_간식_02,과자,카페·디저트 중 '간식'을 판매·제공하는 매장,test,간식,T2 동의어,5a1e7862-3419-4ef2-a2d5-9cdf65d9d5da,꽃미남옛날과자,과자,부천자유시장,전통시장,경기도,,,
1687f0e828d5d0834826,full_annotation_v1,A,q_간식_02,과자,카페·디저트 중 '간식'을 판매·제공하는 매장,test,간식,T2 동의어,3f909e3f-c98e-4f43-b039-6c43b3676178,과자점넛츠,과자,자양전통시장,전통시장,서울특별시,,,
33db4961d7f05385b83a,full_annotation_v1,A,q_간식_02,과자,카페·디저트 중 '간식'을 판매·제공하는 매장,test,간식,T2 동의어,000814be-1ad1-4f62-87e7-0e02af595e2f,사사,"샌드위치, 케이크, 커피",나릿재 골목형상점가,골목형상점가,세종특별자치시,,,
ba38f5b91f5cca7a9798,full_annotation_v1,A,q_간식_02,과자,카페·디저트 중 '간식'을 판매·제공하는 매장,test,간식,T2 동의어,4ae1b5cf-6232-466a-9b22-7549c7758e06,먹고싶다옛날과자2호점,과자,양산 남부시장상가,전통시장,경상남도,,,
66fdb387932188add47e,full_annotation_v1,A,q_간식_02,과자,카페·디저트 중 '간식'을 판매·제공하는 매장,test,간식,T2 동의어,0cc0e43a-b59a-4162-bfaf-fd5c7e170044,레드버켓구리점,과자,구리전통시장,전통시장,경기도,,,
d31fbd5426a0f63dd843,full_annotation_v1,A,q_간식_02,과자,카페·디저트 중 '간식'을 판매·제공하는 매장,test,간식,T2 동의어,ec26ad62-eaaa-4a96-91cb-d46f779e10a9,스마일제과,과자,호계랑 골목형상점가,골목형상점가,울산광역시,,,
0be9032b2f68a509ac7c,full_annotation_v1,A,q_간식_02,과자,카페·디저트 중 '간식'을 판매·제공하는 매장,test,간식,T2 동의어,4b943b8d-3411-4b40-b3a8-17f573b2e547,세계과자할인점,과자,이천중앙로상가,자율상권구역,경기도,,,
a3c6c56e7fe563f82254,full_annotation_v1,A,q_간식_02,과자,카페·디저트 중 '간식'을 판매·제공하는 매장,test,간식,T2 동의어,28d7d98c-56c6-4187-a901-a0a4cbd79ffb,속초옛곳간,과자,속초중앙전통시장,전통시장,강원특별자치도,,,
3f9fbee201ff5dcf493f,full_annotation_v1,A,q_간식_02,과자,카페·디저트 중 '간식'을 판매·제공하는 매장,test,간식,T2 동의어,97dc1123-4449-4094-9c3e-335d73a44d28,진영식품,과자,칠성원시장,전통시장,대구광역시,,,
7b0a35df82d489554b4d,full_annotation_v1,A,q_간식_02,과자,카페·디저트 중 '간식'을 판매·제공하는 매장,test,간식,T2 동의어,864da508-9406-4194-91ee-f96f3c1ebccd,생과자점,과자,관악신사시장,전통시장,서울특별시,,,
8fe987e5723a78122583,full_annotation_v1,A,q_간식_02,과자,카페·디저트 중 '간식'을 판매·제공하는 매장,test,간식,T2 동의어,4f98f2d1-b49c-4c7a-a485-d031ce1dccd4,미래식품,과자,성남남한산성시장(구 은행골목시장),전통시장,경기도,,,
8823a8d111efddfe123d,full_annotation_v1,A,q_간식_02,과자,카페·디저트 중 '간식'을 판매·제공하는 매장,test,간식,T2 동의어,e3f78708-42ad-4ab9-b6ac-fa7fbfa96835,즐거움을주는추억의옛날과자,과자,㈜신정시장,전통시장,울산광역시,,,
486d48c90849de70171d,full_annotation_v1,A,q_간식_02,과자,카페·디저트 중 '간식'을 판매·제공하는 매장,test,간식,T2 동의어,01c93758-055c-48ad-ac74-f0cee5b99431,호두마당 부산진구점,호두과자,부전상가시장,전통시장,부산광역시,,,
b3c5c99d0ffc55f4ba9f,full_annotation_v1,A,q_간식_02,과자,카페·디저트 중 '간식'을 판매·제공하는 매장,test,간식,T2 동의어,01226f93-5490-4530-a460-d5482763890d,버터앤츄,구움과자,행리단길 골목형상점가,골목형상점가,경기도,,,
7b99a767966b01acc9f1,full_annotation_v1,A,q_간식_02,과자,카페·디저트 중 '간식'을 판매·제공하는 매장,test,간식,T2 동의어,2252626b-65bf-4fcf-89d9-051805b11081,현강상사,과자,호계종합시장,전통시장,경기도,,,
fe17dc6e47b87eec47eb,full_annotation_v1,A,q_간식_02,과자,카페·디저트 중 '간식'을 판매·제공하는 매장,test,간식,T2 동의어,c9b7e53c-11ad-40b1-b387-d5d8789d7e0b,바른생활,과자,㈜여수중앙시장,전통시장,전라남도,,,
0679f04f8268c885898b,full_annotation_v1,A,q_간식_02,과자,카페·디저트 중 '간식'을 판매·제공하는 매장,test,간식,T2 동의어,0eaecef3-d748-4ddb-9179-6df06f823b53,하나카 동물병원,"반려동물 진료, 반려동물 사료, 반려동물 영양제, 반려동물 간식",역삼동 골목형상점가,골목형상점가,서울특별시,,,
cb5dc927b54d08d9af42,full_annotation_v1,A,q_간식_02,과자,카페·디저트 중 '간식'을 판매·제공하는 매장,test,간식,T2 동의어,01874291-5378-4910-88e7-c2fb85b4ea5c,써브웨이 광주금호점,샌드위치 전문점,금호상인회 골목형상점가,골목형상점가,광주광역시,,,
21e567458d48cd1fe1e6,full_annotation_v1,A,q_간식_02,과자,카페·디저트 중 '간식'을 판매·제공하는 매장,test,간식,T2 동의어,6a78c5f4-8765-44c8-bf54-b0affdcb676a,춘당사,과자,송촌동상점가,자율상권구역,대전광역시,,,
50fec1a734276e3ae7f9,full_annotation_v1,A,q_간식_02,과자,카페·디저트 중 '간식'을 판매·제공하는 매장,test,간식,T2 동의어,318fbdf7-4e63-46c6-83a1-38d633964c24,유일유통,과자,양동시장,전통시장,광주광역시,,,
3c1f7e863a4bfe8ec7d2,full_annotation_v1,A,q_간식_02,과자,카페·디저트 중 '간식'을 판매·제공하는 매장,test,간식,T2 동의어,ea48e5c7-48d7-4494-9ec1-437f7074d411,도르멍제주몰,과자,동문재래시장,전통시장,제주특별자치도,,,
0874737a34995399758a,full_annotation_v1,A,q_간식_02,과자,카페·디저트 중 '간식'을 판매·제공하는 매장,test,간식,T2 동의어,25c57951-b7a9-4cd1-b233-3be4fa35ab5a,도란도란,과자,세종 반딧불 골목형상점가,골목형상점가,세종특별자치시,,,
07ce96a7536285b45df8,full_annotation_v1,A,q_간식_02,과자,카페·디저트 중 '간식'을 판매·제공하는 매장,test,간식,T2 동의어,2330c63a-acb9-4bcc-8e6f-aca4c17bfe45,대흥상회,과자,부전상가시장,전통시장,부산광역시,,,
ad694355c887706574ee,full_annotation_v1,A,q_간식_02,과자,카페·디저트 중 '간식'을 판매·제공하는 매장,test,간식,T2 동의어,17790e62-7941-4a4a-b078-cdc15030b856,남원튀밥,과자,남원공설시장,전통시장,전북특별자치도,,,
674fa6ef29dc5e9da76f,full_annotation_v1,A,q_간식_02,과자,카페·디저트 중 '간식'을 판매·제공하는 매장,test,간식,T2 동의어,035ade2e-faa7-4218-85bb-8f4634995653,복호두광주상무점,호두과자와 음료,상무시청상인회 골목형상점가,골목형상점가,광주광역시,,,
13a939a3583ce28ac419,full_annotation_v1,A,q_간식_02,과자,카페·디저트 중 '간식'을 판매·제공하는 매장,test,간식,T2 동의어,0521f642-329a-4ddf-a92b-b43585bebb0f,원더풀꽈배기,,승달 골목형상점가,골목형상점가,,,,
b824212f356a934457c7,full_annotation_v1,A,q_간식_02,과자,카페·디저트 중 '간식'을 판매·제공하는 매장,test,간식,T2 동의어,783d4061-2463-4c84-ad6d-ba579f04268a,동원상회,과자,수안인정시장,전통시장,부산광역시,,,
6b5378f5bad50d748284,full_annotation_v1,A,q_간식_02,과자,카페·디저트 중 '간식'을 판매·제공하는 매장,test,간식,T2 동의어,9447cab7-766c-44f6-95a8-e21ba4e256f1,진일상회,과자,진주 중앙시장,전통시장,경상남도,,,
120d9eb7741eedc2812c,full_annotation_v1,A,q_간식_02,과자,카페·디저트 중 '간식'을 판매·제공하는 매장,test,간식,T2 동의어,c79595fb-8a81-4302-9e83-6e211b1ddead,대박이네,과자,하단오일상설시장,전통시장,부산광역시,,,
f6b2820adfc13566824d,full_annotation_v1,A,q_간식_02,과자,카페·디저트 중 '간식'을 판매·제공하는 매장,test,간식,T2 동의어,8fda4da5-d666-46ac-8447-ca412e230d98,은지네과일,과자,대평리시장,전통시장,대구광역시,,,
dce9bfec1a3190f3d31e,full_annotation_v1,A,q_간식_02,과자,카페·디저트 중 '간식'을 판매·제공하는 매장,test,간식,T2 동의어,17eaa223-7b2a-499e-9627-8f69f1902999,마로로,과자,홍대소상공인 상점가,자율상권구역,서울특별시,,,
8d92e3583c0fd01052a8,full_annotation_v1,A,q_간식_02,과자,카페·디저트 중 '간식'을 판매·제공하는 매장,test,간식,T2 동의어,00362b85-cb9a-4318-9059-12f768d76197,파리바게뜨전주인후점,제과점,소나무 골목형상점가,골목형상점가,전북특별자치도,,,
b31772d77e0c4458958a,full_annotation_v1,A,q_간식_02,과자,카페·디저트 중 '간식'을 판매·제공하는 매장,test,간식,T2 동의어,792c8c09-8231-4bcb-9753-c7977fa51aa6,송가네옛날과자,과자,통영 북신전통시장,전통시장,경상남도,,,
0927cf7a6680c5613739,full_annotation_v1,A,q_간식_02,과자,카페·디저트 중 '간식'을 판매·제공하는 매장,test,간식,T2 동의어,462e65e3-7de5-4c6b-90c5-0696be2e1d9a,두리제과,과자,익산장(구 북부장),전통시장,전북특별자치도,,,
53e635ad129260a0bdab,full_annotation_v1,A,q_간식_02,과자,카페·디저트 중 '간식'을 판매·제공하는 매장,test,간식,T2 동의어,fcd1def1-30cb-44fa-9171-01ca18b29f53,강고집한과,과자,청량리전통시장,전통시장,서울특별시,,,
d7429960fbb66c999779,full_annotation_v1,A,q_간식_02,과자,카페·디저트 중 '간식'을 판매·제공하는 매장,test,간식,T2 동의어,ed250498-6cdc-4527-a0c1-1d4d13472c07,뻥튀기과자전문,과자,진주 청과시장,전통시장,경상남도,,,
217bf982c01e19d5cf4e,full_annotation_v1,A,q_간식_02,과자,카페·디저트 중 '간식'을 판매·제공하는 매장,test,간식,T2 동의어,c775f6db-cc71-49f1-898a-e2328a4b3016,팔팔순대국,일반한식,속초중앙전통시장,전통시장,강원특별자치도,,,
ea1e9ca4ec3ad8081096,full_annotation_v1,A,q_간식_02,과자,카페·디저트 중 '간식'을 판매·제공하는 매장,test,간식,T2 동의어,8588c3e3-36e6-473e-b34c-9416c02e5c46,르쁘빠,빵 과자 커피,반곡동 골목형상점가,골목형상점가,세종특별자치시,,,
a402ae210e24d092e585,full_annotation_v1,A,q_간식_02,과자,카페·디저트 중 '간식'을 판매·제공하는 매장,test,간식,T2 동의어,0d753046-7eb1-4915-9c50-1e735acf1c1d,버블퍼피,"애견간식, 용품",왕십리무학봉상점가,자율상권구역,서울특별시,,,
3f263318c9f72d91330c,full_annotation_v1,A,q_간식_02,과자,카페·디저트 중 '간식'을 판매·제공하는 매장,test,간식,T2 동의어,0346c7d3-2a07-41c5-8627-bc65b1e5122e,루미담,빵류 과자류 강정류,효천2지구 골목형상점가,골목형상점가,광주광역시,,,
8ba9cc6e49ad5278c386,full_annotation_v1,A,q_간식_02,과자,카페·디저트 중 '간식'을 판매·제공하는 매장,test,간식,T2 동의어,e19ba752-5b8f-46a5-9e58-cdfe3e8e2fa6,신선푸드,과자,수영팔도시장(구 수영팔도상가시장),전통시장,부산광역시,,,
c783868f5ce3b2077d26,full_annotation_v1,A,q_간식_02,과자,카페·디저트 중 '간식'을 판매·제공하는 매장,test,간식,T2 동의어,d623aa58-1962-42c1-ae40-a6f516427c02,과자굽는집,과자,현대시장,전통시장,인천광역시,,,
20888770f0c72d441090,full_annotation_v1,A,q_간식_02,과자,카페·디저트 중 '간식'을 판매·제공하는 매장,test,간식,T2 동의어,0fda6e7f-417d-49ff-ba17-834603907c0a,즉석손과자,과자,대연골목시장 골목형상점가,골목형상점가,부산광역시,,,
4abf459d5a7a2158087b,full_annotation_v1,A,q_간식_02,과자,카페·디저트 중 '간식'을 판매·제공하는 매장,test,간식,T2 동의어,594bb01b-593b-4621-99a6-05b9f18bbaf3,대경옛날과자,과자,태화시장,전통시장,울산광역시,,,
3bb784f0eff89c1c2b66,full_annotation_v1,A,q_간식_02,과자,카페·디저트 중 '간식'을 판매·제공하는 매장,test,간식,T2 동의어,2c61231b-3414-49e6-9049-ed68a266037c,한반도,과자,청량리종합시장,전통시장,서울특별시,,,
3ac63ba3c606abd0cc68,full_annotation_v1,A,q_간식_02,과자,카페·디저트 중 '간식'을 판매·제공하는 매장,test,간식,T2 동의어,60221e10-65f1-45d8-a042-3f402ae37df5,경남상회,과자,보수종합시장,전통시장,부산광역시,,,
27e4c09b6c5bef9fd4b9,full_annotation_v1,A,q_간식_02,과자,카페·디저트 중 '간식'을 판매·제공하는 매장,test,간식,T2 동의어,d9a1bf67-ec1d-453e-8a3c-05da0c94c78f,용호상회,의류,양동시장,전통시장,광주광역시,,,
dc127e90dfa41d4c5ff5,full_annotation_v1,A,q_간식_02,과자,카페·디저트 중 '간식'을 판매·제공하는 매장,test,간식,T2 동의어,4d196483-3f9e-4371-a464-7b1642f0813d,맛있는강정가게,과자,목사랑시장,전통시장,서울특별시,,,
da63c52bf5d985f26bb2,full_annotation_v1,A,q_간식_02,과자,카페·디저트 중 '간식'을 판매·제공하는 매장,test,간식,T2 동의어,57307d91-9f2b-4fb4-916e-2fa9e844426e,계영제과,과자,진주 중앙시장,전통시장,경상남도,,,
285dd6b4a57fa5511b8b,full_annotation_v1,A,q_간식_03,꽈배기,카페·디저트 중 '간식'을 판매·제공하는 매장,test,간식,T2 동의어,4d1311cc-b142-4cac-944a-9872bd32346d,꽈미당남매꽈배기,꽈배기,봉우시장골목형상점가,골목형상점가,서울특별시,,,
721649cf837c9850f4b7,full_annotation_v1,A,q_간식_03,꽈배기,카페·디저트 중 '간식'을 판매·제공하는 매장,test,간식,T2 동의어,32da0d38-f018-4ce5-a533-ab2f627606ac,이화페인트상사,페인트,유성시장 골목형상점가,골목형상점가,대전광역시,,,
4ac5d35d3d5d5277dd89,full_annotation_v1,A,q_간식_03,꽈배기,카페·디저트 중 '간식'을 판매·제공하는 매장,test,간식,T2 동의어,65e0606d-58c0-423e-8d28-888ca696cd3c,못난이꽈배기,꽈배기,이천중앙로상가,자율상권구역,경기도,,,
1443c931190d10ea6d56,full_annotation_v1,A,q_간식_03,꽈배기,카페·디저트 중 '간식'을 판매·제공하는 매장,test,간식,T2 동의어,01c93758-055c-48ad-ac74-f0cee5b99431,호두마당 부산진구점,호두과자,부전상가시장,전통시장,부산광역시,,,
d7c02ab72fe8a6a79f68,full_annotation_v1,A,q_간식_03,꽈배기,카페·디저트 중 '간식'을 판매·제공하는 매장,test,간식,T2 동의어,08341663-eb2c-4629-b845-6ed59bb7d84a,스마일찹쌀꽈배기,꽈배기,학동 남문로 골목형상점가,골목형상점가,광주광역시,,,
bd122b24832185c2ac17,full_annotation_v1,A,q_간식_03,꽈배기,카페·디저트 중 '간식'을 판매·제공하는 매장,test,간식,T2 동의어,001bc028-a43e-44d4-9682-db280a4998cc,파리바게뜨전주근영점,제과점,근영누리 골목형상점가,골목형상점가,전북특별자치도,,,
04c3ac6b5ae41361656f,full_annotation_v1,A,q_간식_03,꽈배기,카페·디저트 중 '간식'을 판매·제공하는 매장,test,간식,T2 동의어,bf512b62-78a3-438b-9fa1-0729bcc8298c,옛날꽈배기,꽈배기,여주한글시장(여주중앙로상점가),전통시장,경기도,,,
03bdc6882756c0fe57f1,full_annotation_v1,A,q_간식_03,꽈배기,카페·디저트 중 '간식'을 판매·제공하는 매장,test,간식,T2 동의어,e91d15f9-ab7f-4aac-8060-59ee7a5b5175,남문꽈배기,꽈배기,수원남문패션1번가시장,전통시장,경기도,,,
6cc6968da3dd449846dc,full_annotation_v1,A,q_간식_03,꽈배기,카페·디저트 중 '간식'을 판매·제공하는 매장,test,간식,T2 동의어,787777e9-2ef3-4183-8c27-b56000e62087,숙이네,여성의류,동평화시장(동평화패션타운),전통시장,서울특별시,,,
04dab37345c121b71e0f,full_annotation_v1,A,q_간식_03,꽈배기,카페·디저트 중 '간식'을 판매·제공하는 매장,test,간식,T2 동의어,4ff730c2-7550-4ad9-af95-cb576d7e0e9a,루나블라썸,꽃,우산중흥에쓰클래스 골목형상점가,골목형상점가,광주광역시,,,
f7c13225e64556acb0d6,full_annotation_v1,A,q_간식_03,꽈배기,카페·디저트 중 '간식'을 판매·제공하는 매장,test,간식,T2 동의어,035ade2e-faa7-4218-85bb-8f4634995653,복호두광주상무점,호두과자와 음료,상무시청상인회 골목형상점가,골목형상점가,광주광역시,,,
11d8f145cb371fe952ce,full_annotation_v1,A,q_간식_03,꽈배기,카페·디저트 중 '간식'을 판매·제공하는 매장,test,간식,T2 동의어,36cd4b7c-dad9-4dad-b132-15c43a0efa53,제주돌담꽈배기,꽈배기,미래그린시장,전통시장,경기도,,,
f228981bd4adae79fd77,full_annotation_v1,A,q_간식_03,꽈배기,카페·디저트 중 '간식'을 판매·제공하는 매장,test,간식,T2 동의어,6eb032df-6320-420a-84be-fa5cce23e1d6,제일주단상회,"한복, 이불",광천문화시장,전통시장,충청남도,,,
e192df3f3deff401f47c,full_annotation_v1,A,q_간식_03,꽈배기,카페·디저트 중 '간식'을 판매·제공하는 매장,test,간식,T2 동의어,6200ec4a-dba3-47dd-a8ea-e0cce01c333a,옛날꽈배기,꽈배기,영천시장,전통시장,서울특별시,,,
0877d7403615c3504cea,full_annotation_v1,A,q_간식_03,꽈배기,카페·디저트 중 '간식'을 판매·제공하는 매장,test,간식,T2 동의어,0d753046-7eb1-4915-9c50-1e735acf1c1d,버블퍼피,"애견간식, 용품",왕십리무학봉상점가,자율상권구역,서울특별시,,,
a02afa618bd2dc1a7e5b,full_annotation_v1,A,q_간식_03,꽈배기,카페·디저트 중 '간식'을 판매·제공하는 매장,test,간식,T2 동의어,86b372a3-6f82-49b4-a057-636b854ceeb2,꽈배기스토리,꽈배기,정릉시장,전통시장,서울특별시,,,
7e4c7b0f8edb17a7774b,full_annotation_v1,A,q_간식_03,꽈배기,카페·디저트 중 '간식'을 판매·제공하는 매장,test,간식,T2 동의어,008d1ed4-a5d7-492e-9959-f8307a68cc5f,샐러드 정원,"샐러드, 샌드위치",미성동도깨비시장,골목형상점가,서울특별시,,,
2b26dd7bfe517587781c,full_annotation_v1,A,q_간식_03,꽈배기,카페·디저트 중 '간식'을 판매·제공하는 매장,test,간식,T2 동의어,b01bebb7-2859-4399-ad39-c5b636915633,꿀꽈백진주중앙점,꽈배기,진주 로데오거리상점가,자율상권구역,경상남도,,,
b505a526deb905a5316e,full_annotation_v1,A,q_간식_03,꽈배기,카페·디저트 중 '간식'을 판매·제공하는 매장,test,간식,T2 동의어,4537cad7-c5e8-4b1d-84a9-237830433043,못난이꽈배기,꽈배기,둔산3동상점가,자율상권구역,대전광역시,,,
88d56d996e7ee729df59,full_annotation_v1,A,q_간식_03,꽈배기,카페·디저트 중 '간식'을 판매·제공하는 매장,test,간식,T2 동의어,64f31d89-afe9-4af0-ab75-8a91ad6bc3d9,GS25,"과자, 음료수, 빵, 디저트, 육가공, 우유 등",포항 대이상가 골목형상점가,골목형상점가,경상북도,,,
889f1fcc2abccb766468,full_annotation_v1,A,q_간식_03,꽈배기,카페·디저트 중 '간식'을 판매·제공하는 매장,test,간식,T2 동의어,10ad7fbe-ec2b-49f3-b166-8f37ee378b48,그때그꽈배기,꽈배기,포항큰동해시장,전통시장,경상북도,,,
dfde71b91da185f3f75e,full_annotation_v1,A,q_간식_03,꽈배기,카페·디저트 중 '간식'을 판매·제공하는 매장,test,간식,T2 동의어,3acb7228-c9f2-4f93-837e-866c24ef8d6a,웅쓰꽈배기,꽈배기,해오름 골목형상점가,골목형상점가,경기도,,,
0d38a7f96fd676265e05,full_annotation_v1,A,q_간식_03,꽈배기,카페·디저트 중 '간식'을 판매·제공하는 매장,test,간식,T2 동의어,c56ec7c7-9795-4852-bd81-524bbbaec47f,황금 꽈배기,,쌍리단길상점가,자율상권구역,서울특별시,,,
0401dc6cdfdca7bda16e,full_annotation_v1,A,q_간식_03,꽈배기,카페·디저트 중 '간식'을 판매·제공하는 매장,test,간식,T2 동의어,8088a96a-3b97-4a54-9397-334c882a5caa,스마일꽈배기,꽈배기,봉천제일종합시장,전통시장,서울특별시,,,
a4241a09d026444e0d78,full_annotation_v1,A,q_간식_03,꽈배기,카페·디저트 중 '간식'을 판매·제공하는 매장,test,간식,T2 동의어,136f0b40-66e6-4d2b-82eb-da35fa05d8e6,꽈배기친구들,꽈배기,임동 골목형상점가,골목형상점가,광주광역시,,,
6e46cd2413ddf11865d5,full_annotation_v1,A,q_간식_03,꽈배기,카페·디저트 중 '간식'을 판매·제공하는 매장,test,간식,T2 동의어,e254af51-c4e5-4ae3-b3a1-add760d15dda,헤어쟁이,미용업,태평상가,골목형상점가,경기도,,,
c9b6a76df6165545a5ba,full_annotation_v1,A,q_간식_03,꽈배기,카페·디저트 중 '간식'을 판매·제공하는 매장,test,간식,T2 동의어,a11c37eb-2ebd-4e9b-ab69-944504fea52a,스마일찰진꽈배기,꽈배기,정읍중앙로상점가,자율상권구역,전북특별자치도,,,
18d99c533e389716365a,full_annotation_v1,A,q_간식_03,꽈배기,카페·디저트 중 '간식'을 판매·제공하는 매장,test,간식,T2 동의어,01226f93-5490-4530-a460-d5482763890d,버터앤츄,구움과자,행리단길 골목형상점가,골목형상점가,경기도,,,
eef59c3f63a61bdda8ef,full_annotation_v1,A,q_간식_03,꽈배기,카페·디저트 중 '간식'을 판매·제공하는 매장,test,간식,T2 동의어,02a3c435-88d7-4473-a9a4-6cfd09513987,보리원 대치은마점,붕어빵 호두과자 찰보리빵 등,은마종합상점가,자율상권구역,서울특별시,,,
6bdde0a88db93518c0dd,full_annotation_v1,A,q_간식_03,꽈배기,카페·디저트 중 '간식'을 판매·제공하는 매장,test,간식,T2 동의어,d8f868e6-98a3-44c8-aeff-9e3e5f3e8046,꽈배기진맛,꽈배기,천안역전시장(구 천안역공설시장),전통시장,충청남도,,,
a95931b5bbfd6078face,full_annotation_v1,A,q_간식_03,꽈배기,카페·디저트 중 '간식'을 판매·제공하는 매장,test,간식,T2 동의어,244cc383-e2dc-4c84-b4ee-30aced4b346d,김가네 왕 꽈배기,꽈배기,전통중앙도매상가,전통시장,대전광역시,,,
59b61b4be19ab31fb2ab,full_annotation_v1,A,q_간식_03,꽈배기,카페·디저트 중 '간식'을 판매·제공하는 매장,test,간식,T2 동의어,01dc1f3e-6edc-47a3-9fdf-124d0ea0de98,심봉사도르케 연천전곡점,고로케 꽈배기,전곡로데오거리 골목형상점가,골목형상점가,경기도,,,
a4b97406c808e1b46cde,full_annotation_v1,A,q_간식_03,꽈배기,카페·디저트 중 '간식'을 판매·제공하는 매장,test,간식,T2 동의어,b618dee1-257d-47f5-b2ce-df34174879d7,스마일꽈배기,꽈배기,장안마실골목형상점가,골목형상점가,서울특별시,,,
d829d292805fc72026cd,full_annotation_v1,A,q_간식_03,꽈배기,카페·디저트 중 '간식'을 판매·제공하는 매장,test,간식,T2 동의어,a5aa8cee-1d45-4ab6-8b64-27d7a517b62d,황제 찹쌀 꽈배기,꽈배기,"빛가람 스타타워, 메가티움1차, 메가티움2차 골목형상점가",골목형상점가,전라남도,,,
616480ff65b0c64bcc54,full_annotation_v1,A,q_간식_03,꽈배기,카페·디저트 중 '간식'을 판매·제공하는 매장,test,간식,T2 동의어,f665a7af-3c44-4156-9ed2-2d513b74f305,경성꽈배기,꽈배기,은마종합상점가,자율상권구역,서울특별시,,,
ebe836786fa988b416a0,full_annotation_v1,A,q_간식_03,꽈배기,카페·디저트 중 '간식'을 판매·제공하는 매장,test,간식,T2 동의어,c60325aa-284f-4acc-9013-a5ddf12c7810,황금스마일 꽈배기,꽈배기,대룡시장골목형상점가,골목형상점가,인천광역시,,,
1f9a99e36259c7e0fb64,full_annotation_v1,A,q_간식_03,꽈배기,카페·디저트 중 '간식'을 판매·제공하는 매장,test,간식,T2 동의어,49813f17-8ca6-4e7c-b628-904f160b5054,못난이 꽈배기,꽈배기 도너츠,"일곡동(제4지역:쌍용,호반,청솔2,호반일신,청솔1)",골목형상점가,광주광역시,,,
f731071209674114d83c,full_annotation_v1,A,q_간식_03,꽈배기,카페·디저트 중 '간식'을 판매·제공하는 매장,test,간식,T2 동의어,eebde5b2-ec3d-4227-a600-0b70930f5dd4,스마일꽈배기,꽈배기,선유로운골목형상점가,골목형상점가,서울특별시,,,
da0a1384128f06b15b52,full_annotation_v1,A,q_간식_03,꽈배기,카페·디저트 중 '간식'을 판매·제공하는 매장,test,간식,T2 동의어,01874291-5378-4910-88e7-c2fb85b4ea5c,써브웨이 광주금호점,샌드위치 전문점,금호상인회 골목형상점가,골목형상점가,광주광역시,,,
7dec2af42ed580b873c0,full_annotation_v1,A,q_간식_03,꽈배기,카페·디저트 중 '간식'을 판매·제공하는 매장,test,간식,T2 동의어,d4bd3f66-6b84-406a-a821-eb9bf21b0e67,옥수수앤꽈배기,꽈배기,삼각지맛길 골목형상점가,골목형상점가,대구광역시,,,
515a7d6229457f555216,full_annotation_v1,A,q_간식_03,꽈배기,카페·디저트 중 '간식'을 판매·제공하는 매장,test,간식,T2 동의어,41b03648-e240-4026-b7f7-1e7acc17ad52,울산식당,음식,상주남성시장,전통시장,경상북도,,,
d783e57fa27139202150,full_annotation_v1,A,q_간식_03,꽈배기,카페·디저트 중 '간식'을 판매·제공하는 매장,test,간식,T2 동의어,cfad8bfd-c166-4ceb-96e0-cb638f89de22,무주왁싱 속눈썹 윙크샵,피부미용업,무주반딧불상권활성화구역,상권활성화구역,전북특별자치도,,,
fde1eb9e0adb9aa6e493,full_annotation_v1,A,q_간식_03,꽈배기,카페·디저트 중 '간식'을 판매·제공하는 매장,test,간식,T2 동의어,628a8ee0-6d7e-410a-8c58-798a8379cd0b,윤쌤찹쌀꽈배기,꽈배기,혁신도시2구역골목형상점가,골목형상점가,강원특별자치도,,,
9f712d0d084c928c7f22,full_annotation_v1,A,q_간식_03,꽈배기,카페·디저트 중 '간식'을 판매·제공하는 매장,test,간식,T2 동의어,9a3b4756-f997-4312-ac13-2b98d1a2cfc5,스마일꽈배기,꽈배기,양주신산시장마을상점가,골목형상점가,경기도,,,
ec9547beefe3b204ada7,full_annotation_v1,A,q_간식_03,꽈배기,카페·디저트 중 '간식'을 판매·제공하는 매장,test,간식,T2 동의어,8c9c69f2-4907-498e-9839-b75de28a1cb2,못난이 꽈배기 장성점,꽈배기,장성읍 골목형상점가,골목형상점가,전라남도,,,
41d5a1e61f219792a05e,full_annotation_v1,A,q_간식_03,꽈배기,카페·디저트 중 '간식'을 판매·제공하는 매장,test,간식,T2 동의어,3732fd4a-ba87-4b86-a6e9-31e05b862ba2,꿀꽈당찹쌀꽈배기,꽈배기,미래그린시장,전통시장,경기도,,,
4f43215ae739dc71c7ce,full_annotation_v1,A,q_간식_03,꽈배기,카페·디저트 중 '간식'을 판매·제공하는 매장,test,간식,T2 동의어,3d31bb63-6979-432f-91c1-78363e3cc2dd,스타꽈배기,꽈배기,"온양온천시장(온양재래시장, 전통시장)",전통시장,충청남도,,,
13d5a5b9a32479c8af6f,full_annotation_v1,A,q_간식_03,꽈배기,카페·디저트 중 '간식'을 판매·제공하는 매장,test,간식,T2 동의어,25697441-d441-4d7e-828b-ecab5049b7c6,못난이찹쌀꽈배기,꽈배기,까치산시장,전통시장,서울특별시,,,
589ae5f1efa7ff8237c7,full_annotation_v1,A,q_간식_03,꽈배기,카페·디저트 중 '간식'을 판매·제공하는 매장,test,간식,T2 동의어,a3187993-6bd1-471c-9460-fc12479fcc23,이응꽈배기,꽈배기,한들물빛도시 골목형 상점가,골목형상점가,충청남도,,,
e5cc101d3e7cb02c35b1,full_annotation_v1,A,q_간식_03,꽈배기,카페·디저트 중 '간식'을 판매·제공하는 매장,test,간식,T2 동의어,5a33e986-dc1a-4bc2-8428-ac43d497a78e,스마일찰진꽈배기,꽈배기,평동 골목형상점가,골목형상점가,광주광역시,,,
20333ebbd68883fa9789,full_annotation_v1,A,q_간식_03,꽈배기,카페·디저트 중 '간식'을 판매·제공하는 매장,test,간식,T2 동의어,00362b85-cb9a-4318-9059-12f768d76197,파리바게뜨전주인후점,제과점,소나무 골목형상점가,골목형상점가,전북특별자치도,,,
b2b3a7f7ebd09d98c47c,full_annotation_v1,A,q_간식_03,꽈배기,카페·디저트 중 '간식'을 판매·제공하는 매장,test,간식,T2 동의어,7c55fe63-e460-468d-8df9-1a12c871236e,이가꽈배기,꽈배기,신원시장,전통시장,서울특별시,,,
471e756bb200de369613,full_annotation_v1,A,q_간식_03,꽈배기,카페·디저트 중 '간식'을 판매·제공하는 매장,test,간식,T2 동의어,0061123f-a676-4556-9633-5fbc4ecaf6ef,치즈케익카스테라카페,제과,북가좌동 골목형상점가,골목형상점가,서울특별시,,,
1f4286e035380edb9d55,full_annotation_v1,A,q_간식_03,꽈배기,카페·디저트 중 '간식'을 판매·제공하는 매장,test,간식,T2 동의어,f178e55f-483b-4f70-88d0-b4e071c90d5f,큰애기꽈배기,꽈배기,명촌 골목형상점가,골목형상점가,울산광역시,,,
5991805affac4df4e83c,full_annotation_v1,A,q_간식_03,꽈배기,카페·디저트 중 '간식'을 판매·제공하는 매장,test,간식,T2 동의어,dece4a8b-5908-4dfc-868c-e709d71ba0a4,중앙시장 찹쌀 꽈배기,꽈배기,진해중앙시장,전통시장,경상남도,,,
ade465271df2dfbae373,full_annotation_v1,A,q_간식_03,꽈배기,카페·디저트 중 '간식'을 판매·제공하는 매장,test,간식,T2 동의어,588838bb-c907-41e0-9695-3e0fc289015b,쩡춘찹쌀꽈배기,꽈배기,온양온천역 골목형 상점가,골목형상점가,충청남도,,,
cfe7ccaa6dd170112dd7,full_annotation_v1,A,q_간식_03,꽈배기,카페·디저트 중 '간식'을 판매·제공하는 매장,test,간식,T2 동의어,3ed6c38a-cbdd-41cf-85b1-d40261d43c39,못난이꽈배기,꽈배기,목2동시장,전통시장,서울특별시,,,
225cfc2b3586d8f0112f,full_annotation_v1,A,q_간식_03,꽈배기,카페·디저트 중 '간식'을 판매·제공하는 매장,test,간식,T2 동의어,9b1d9d54-92cf-4d88-acb4-5a637c60b398,꽈배기에반하다,꽈배기,월곡시장,전통시장,,,,
00ffd8e4c225c00b6c3b,full_annotation_v1,A,q_간식_03,꽈배기,카페·디저트 중 '간식'을 판매·제공하는 매장,test,간식,T2 동의어,9e7b2260-b201-4b5b-ac08-680d0f530f1b,바른몸한의원,한의치료,경산중앙로상점가,자율상권구역,경상북도,,,
b3a0f83f6507cfab04e9,full_annotation_v1,A,q_간식_03,꽈배기,카페·디저트 중 '간식'을 판매·제공하는 매장,test,간식,T2 동의어,51539921-a425-4996-b2eb-50fb693f38c9,스마일 찹쌀 꽈배기,꽈배기,남양주장현전통시장,전통시장,경기도,,,
6784bf70bb4df00d496e,full_annotation_v1,A,q_간식_03,꽈배기,카페·디저트 중 '간식'을 판매·제공하는 매장,test,간식,T2 동의어,aa2a34db-878e-4258-b77a-8a4e95ad1d97,경성꽈배기,꽈배기,자양15번가골목형상점가,골목형상점가,서울특별시,,,
ab7943e92e6f1b1ce1a1,full_annotation_v1,A,q_간식_03,꽈배기,카페·디저트 중 '간식'을 판매·제공하는 매장,test,간식,T2 동의어,05572cf5-3f6c-448d-b7c1-2e5e305bd918,원더풀꽈배기,꽈배기,첨단아미 골목형상점가,골목형상점가,광주광역시,,,
20e73ebf65b528efdd4c,full_annotation_v1,A,q_간식_03,꽈배기,카페·디저트 중 '간식'을 판매·제공하는 매장,test,간식,T2 동의어,1cdf32dc-5de0-46d0-a1e1-f67a80a3dd2b,스마일찰진꽈배기,꽈배기,창원 상남시장,전통시장,경상남도,,,
5f96843eec0792cd319c,full_annotation_v1,A,q_간식_03,꽈배기,카페·디저트 중 '간식'을 판매·제공하는 매장,test,간식,T2 동의어,626d1450-a913-411c-bc94-96f5f732c74a,스마일꽈배기,꽈배기,보정중심 골목형상점가,골목형상점가,경기도,,,
85c3b939f3032ab1c3ab,full_annotation_v1,A,q_간식_03,꽈배기,카페·디저트 중 '간식'을 판매·제공하는 매장,test,간식,T2 동의어,0c93ea7b-9fbc-41b2-8923-76e8de0d8aa2,달콤간식창고,,빛가람 호수로 골목형상점가,골목형상점가,,,,
a74703fe73d21d6485e2,full_annotation_v1,A,q_간식_03,꽈배기,카페·디저트 중 '간식'을 판매·제공하는 매장,test,간식,T2 동의어,f9d3516c-6010-4690-b00f-74f39b2443a7,못난이 꽈배기,꽈배기,장대동패션상가 골목형상점가,골목형상점가,대전광역시,,,
f7d252eae22347dc6d9e,full_annotation_v1,A,q_간식_03,꽈배기,카페·디저트 중 '간식'을 판매·제공하는 매장,test,간식,T2 동의어,2602d876-b28e-42e1-99a5-34c074191d75,맛나꽈배기,꽈배기,진주 중앙시장,전통시장,경상남도,,,
2cc85e3fc3e947ed63eb,full_annotation_v1,A,q_간식_03,꽈배기,카페·디저트 중 '간식'을 판매·제공하는 매장,test,간식,T2 동의어,349a48bc-d406-444a-b3b2-410e1fd70c0d,다을새,꽈배기,대룡시장골목형상점가,골목형상점가,인천광역시,,,
920f7482e2d5a01900ea,full_annotation_v1,A,q_간식_03,꽈배기,카페·디저트 중 '간식'을 판매·제공하는 매장,test,간식,T2 동의어,96d48f20-47af-4ae8-bf5a-1c3aea5b2e87,스마일찰진꽈배기,꽈배기,조치원중심가로상점가,자율상권구역,세종특별자치시,,,
1a9d9cbfaca304bbc325,full_annotation_v1,A,q_간식_03,꽈배기,카페·디저트 중 '간식'을 판매·제공하는 매장,test,간식,T2 동의어,e1e682f9-a12d-4ddc-ac6d-75cb6812e230,이신복명물꽈배기,꽈배기,예산상설시장,전통시장,충청남도,,,
b849b9b9de8ac57edc77,full_annotation_v1,A,q_간식_03,꽈배기,카페·디저트 중 '간식'을 판매·제공하는 매장,test,간식,T2 동의어,15092b34-3a3c-43e7-a1b6-b964e6c07a6d,스마일찹쌀꽈배기,꽈배기,강진중앙로상가,자율상권구역,전라남도,,,
4fd6484b8bb4773638fa,full_annotation_v1,A,q_간식_03,꽈배기,카페·디저트 중 '간식'을 판매·제공하는 매장,test,간식,T2 동의어,4d16de25-3426-4bd1-b217-684779edf96c,왕버들꽈배기,꽈배기,충효 호수생태공원 골목형상점가,골목형상점가,광주광역시,,,
ab7009adf5956f61bcdf,full_annotation_v1,A,q_간식_03,꽈배기,카페·디저트 중 '간식'을 판매·제공하는 매장,test,간식,T2 동의어,152fda58-c759-4cdd-bc0b-39e62b2d6a2f,스마일꽈배기,꽈배기,동두천큰시장,전통시장,경기도,,,
ac4e7e61131a344a6a69,full_annotation_v1,A,q_간식_03,꽈배기,카페·디저트 중 '간식'을 판매·제공하는 매장,test,간식,T2 동의어,e4844bfb-c8c3-4474-aeb4-324187bb056e,루이국수,꽈배기,대림중앙시장,전통시장,서울특별시,,,
e23a26f3954bcaf7c9ce,full_annotation_v1,A,q_간식_03,꽈배기,카페·디저트 중 '간식'을 판매·제공하는 매장,test,간식,T2 동의어,fc6dfe20-5bb5-4b04-8d11-7348e3d62b0a,웰빙찹쌀꽈배기,꽈배기,창원 지귀시장,전통시장,경상남도,,,
d0f5be9a452173fbc249,full_annotation_v1,A,q_간식_03,꽈배기,카페·디저트 중 '간식'을 판매·제공하는 매장,test,간식,T2 동의어,af0098a3-93be-452b-bc86-11bd150757ea,스마일명품찹쌀꽈베기,꽈배기,괴산시장,전통시장,충청북도,,,
15badc9e3e5cd5255672,full_annotation_v1,A,q_간식_03,꽈배기,카페·디저트 중 '간식'을 판매·제공하는 매장,test,간식,T2 동의어,0cf1e0dc-a2ef-4da6-b9a4-78c363334f7c,지니샌드,간식,종암북바위길골목형상점가,골목형상점가,서울특별시,,,
fa2796c3cd0525a63b9c,full_annotation_v1,A,q_간식_03,꽈배기,카페·디저트 중 '간식'을 판매·제공하는 매장,test,간식,T2 동의어,16849cb9-9b09-4236-b1f3-184ccc1a797f,제국축산,정육점,성동용답상가시장,전통시장,서울특별시,,,
c87f03b12d57fcba9786,full_annotation_v1,A,q_간식_03,꽈배기,카페·디저트 중 '간식'을 판매·제공하는 매장,test,간식,T2 동의어,002580f9-7146-4999-af6a-cfecd782191a,마녀샌드위치,샌드위치,광주여대 골목형상점가,골목형상점가,광주광역시,,,
fb77a32db165f623c6cb,full_annotation_v1,A,q_간식_03,꽈배기,카페·디저트 중 '간식'을 판매·제공하는 매장,test,간식,T2 동의어,05f89167-741d-4371-9b48-35c394c971c6,엘림글로벌서울꽈배기,,길동복조리시장,전통시장,서울특별시,,,
f1f2d979c9041c4d9425,full_annotation_v1,A,q_간식_03,꽈배기,카페·디저트 중 '간식'을 판매·제공하는 매장,test,간식,T2 동의어,93eb556e-5ead-49b8-9bf7-c96de29dcffd,뚝섬찹쌀꽈배기,꽈배기,중곡제일골목시장(중곡제일전통시장),전통시장,서울특별시,,,
fe547822c39f37f25f1c,full_annotation_v1,A,q_간식_03,꽈배기,카페·디저트 중 '간식'을 판매·제공하는 매장,test,간식,T2 동의어,92941482-3c15-4f93-b918-1798c5aa7df5,경성꽈배기,꽈배기,상무중앙상인회 골목형상점가,골목형상점가,광주광역시,,,
d41ba1e329f40608736b,full_annotation_v1,A,q_간식_03,꽈배기,카페·디저트 중 '간식'을 판매·제공하는 매장,test,간식,T2 동의어,000814be-1ad1-4f62-87e7-0e02af595e2f,사사,"샌드위치, 케이크, 커피",나릿재 골목형상점가,골목형상점가,세종특별자치시,,,
cf735fba1a3faffa2c25,full_annotation_v1,A,q_간식_03,꽈배기,카페·디저트 중 '간식'을 판매·제공하는 매장,test,간식,T2 동의어,7313846e-93bc-4095-8523-c910decdc49e,더꽈배기,꽈배기,신원권율4 골목형상점가,골목형상점가,경기도,,,
c68f3c793f4ddec8e545,full_annotation_v1,A,q_간식_03,꽈배기,카페·디저트 중 '간식'을 판매·제공하는 매장,test,간식,T2 동의어,b194c6b2-8648-492c-a838-78b0723838a6,풍년꽈배기,꽈배기,공주산성시장,전통시장,충청남도,,,
c42c82d32554b9d04d2b,full_annotation_v1,A,q_간식_03,꽈배기,카페·디저트 중 '간식'을 판매·제공하는 매장,test,간식,T2 동의어,8cb9de36-1dcf-48d3-a41b-24aac0c0bc58,스마일찰진꽈배기,꽈배기,서대신동골목시장,전통시장,부산광역시,,,
9e070685a0afd7d5b209,full_annotation_v1,A,q_간식_03,꽈배기,카페·디저트 중 '간식'을 판매·제공하는 매장,test,간식,T2 동의어,0521f642-329a-4ddf-a92b-b43585bebb0f,원더풀꽈배기,,승달 골목형상점가,골목형상점가,,,,
f1c2ada5aabed805cc51,full_annotation_v1,A,q_간식_03,꽈배기,카페·디저트 중 '간식'을 판매·제공하는 매장,test,간식,T2 동의어,6d75551e-ea97-4188-8173-0ca14fdd2fdf,스마일찹쌀꽈배기,꽈배기,거제 고현 골목형상점가,골목형상점가,경상남도,,,
a6ab0b2b67c36ef45192,full_annotation_v1,A,q_간식_03,꽈배기,카페·디저트 중 '간식'을 판매·제공하는 매장,test,간식,T2 동의어,76c53d76-02d4-49d9-93fb-2ce9d1171ff1,꿀복이 꽈배기 인수점,꽈배기,인수로골목형상점가,골목형상점가,서울특별시,,,
0cde6c627ce4e8781983,full_annotation_v1,A,q_간식_03,꽈배기,카페·디저트 중 '간식'을 판매·제공하는 매장,test,간식,T2 동의어,043ed8e3-2adc-4c0d-b918-f2b96e232628,못난이꽈배기,꽈배기,천안중앙시장,전통시장,충청남도,,,
3e6b80d03e38e73b8b1e,full_annotation_v1,A,q_간식_03,꽈배기,카페·디저트 중 '간식'을 판매·제공하는 매장,test,간식,T2 동의어,c61d9c33-e0b5-4af7-9993-5f700da0cb87,못난이 꽈배기,꽈배기,대전정원시장,전통시장,대전광역시,,,
c779a12355774c0e282a,full_annotation_v1,A,q_간식_03,꽈배기,카페·디저트 중 '간식'을 판매·제공하는 매장,test,간식,T2 동의어,bae8f4f7-222d-48fc-bf65-8ff66cccac6b,행복한찹쌀꽈배기,꽈배기,논산화지중앙시장,전통시장,충청남도,,,
0d7bd77229e2805649f0,full_annotation_v1,A,q_간식_03,꽈배기,카페·디저트 중 '간식'을 판매·제공하는 매장,test,간식,T2 동의어,0346c7d3-2a07-41c5-8627-bc65b1e5122e,루미담,빵류 과자류 강정류,효천2지구 골목형상점가,골목형상점가,광주광역시,,,
04669b9ce708a86eb91c,full_annotation_v1,A,q_간식_03,꽈배기,카페·디저트 중 '간식'을 판매·제공하는 매장,test,간식,T2 동의어,8731a207-0f55-4103-84ac-1d6d415a44b5,주식회사독립문현대그린마트,도소매(육류소매업),영천시장,전통시장,서울특별시,,,
1e0ab0c6a62757fcf20f,full_annotation_v1,A,q_간식_03,꽈배기,카페·디저트 중 '간식'을 판매·제공하는 매장,test,간식,T2 동의어,112343fc-81a9-472b-b08c-24cf27f757e9,초록마을대전노은점,신선야채.어린이간식.건강식품등....,열매 골목형상점가,골목형상점가,대전광역시,,,
ca8e3436095dec9d5132,full_annotation_v1,A,q_간식_03,꽈배기,카페·디저트 중 '간식'을 판매·제공하는 매장,test,간식,T2 동의어,b0999c13-c1ec-4660-b73c-1458ab2f0ef2,못난이꽈배기,꽈배기,부안마실 상권활성화구역,상권활성화구역,전북특별자치도,,,
d9a2003a2ded77104c6f,full_annotation_v1,A,q_간식_03,꽈배기,카페·디저트 중 '간식'을 판매·제공하는 매장,test,간식,T2 동의어,2987350f-2a0c-46f5-9d22-58382fce6ef5,스마일찰진꽈배기,꽈배기,삼성면 원도심 자율상권구역,상권활성화구역,충청북도,,,
5e51e10abffcd7d85cb3,full_annotation_v1,A,q_간식_03,꽈배기,카페·디저트 중 '간식'을 판매·제공하는 매장,test,간식,T2 동의어,0e278e96-3bf8-4b34-a2e2-c75b8d23038d,꽈배당,꽈배기,창원 도계부부시장,전통시장,경상남도,,,
853960c690768dabccc0,full_annotation_v1,A,q_간식_03,꽈배기,카페·디저트 중 '간식'을 판매·제공하는 매장,test,간식,T2 동의어,236d642b-03a5-450d-8cdc-f31dee8e949d,스마일꽈배기,꽈배기,양주가래비중앙로상점가,골목형상점가,경기도,,,
31b563b0babd7d637b32,full_annotation_v1,A,q_간식_03,꽈배기,카페·디저트 중 '간식'을 판매·제공하는 매장,test,간식,T2 동의어,3118e6fe-31c1-47c0-8e15-a3c893061070,스마일명품찹쌀꽈배기,꽈배기,군포당동로시장상점가,골목형상점가,경기도,,,
153258dd73459313d2be,full_annotation_v1,A,q_간식_03,꽈배기,카페·디저트 중 '간식'을 판매·제공하는 매장,test,간식,T2 동의어,3de82fb6-8a2f-4111-a883-442e0e7388ae,더담백꽈배기,꽈배기,창원 명서시장,전통시장,경상남도,,,
b4b19b03cfe557775167,full_annotation_v1,A,q_간식_03,꽈배기,카페·디저트 중 '간식'을 판매·제공하는 매장,test,간식,T2 동의어,aab0758e-68ff-48b8-9170-e5ef3335b45b,박서방꽈배기,꽈배기,박달시장,전통시장,경기도,,,
67404b9d1f5c5bab2693,full_annotation_v1,A,q_간식_03,꽈배기,카페·디저트 중 '간식'을 판매·제공하는 매장,test,간식,T2 동의어,f74133db-85b1-48eb-a70e-60646c4b801d,달배기 꽈배기,꽈배기,언양읍성 남문 골목형상점가,골목형상점가,울산광역시,,,
c665ed50f00aed499099,full_annotation_v1,A,q_간식_03,꽈배기,카페·디저트 중 '간식'을 판매·제공하는 매장,test,간식,T2 동의어,6607bfce-f250-4d57-9693-cd3e02ca29f2,스마일찹쌀꽈배기,꽈배기,당감골목시장,전통시장,부산광역시,,,
6f84bba958e9f1e005c9,full_annotation_v1,A,q_간식_03,꽈배기,카페·디저트 중 '간식'을 판매·제공하는 매장,test,간식,T2 동의어,c3ccffc9-7ece-4c30-b022-f90212fe76dd,경성꽈배기,꽈배기,목동깨비시장(구 목3동시장),전통시장,서울특별시,,,
43dfa580b701be46db66,full_annotation_v1,A,q_간식_03,꽈배기,카페·디저트 중 '간식'을 판매·제공하는 매장,test,간식,T2 동의어,41a29832-70e7-4a66-ad6b-155ef2008699,상설식육점,식육,밀양 아리랑시장,전통시장,경상남도,,,
af90951d0d37fd0b21ae,full_annotation_v1,A,q_간식_03,꽈배기,카페·디저트 중 '간식'을 판매·제공하는 매장,test,간식,T2 동의어,002d0d06-15b2-463e-b789-b0232bcc6681,뚜레주르버들마을점,제과,버들마을상인회 골목형상점가,골목형상점가,광주광역시,,,
d9d9333e08de85eb71de,full_annotation_v1,A,q_간식_03,꽈배기,카페·디저트 중 '간식'을 판매·제공하는 매장,test,간식,T2 동의어,1a156918-c466-4fa6-b440-b6ac1796d635,아이엠안경,안경,우산중흥에쓰클래스 골목형상점가,골목형상점가,광주광역시,,,
ef4d9e058f138c819e11,full_annotation_v1,A,q_간식_03,꽈배기,카페·디저트 중 '간식'을 판매·제공하는 매장,test,간식,T2 동의어,4619a5b7-c3b5-49b5-b283-3395b3603933,못난이꽈배기,꽈배기,통영 북신전통시장,전통시장,경상남도,,,
f3fcf8f79af046cb07d3,full_annotation_v1,A,q_간식_03,꽈배기,카페·디저트 중 '간식'을 판매·제공하는 매장,test,간식,T2 동의어,00a88093-8a14-41ad-8b1f-d35632be9f3b,한아름빵집,제과,신평골목시장,전통시장,부산광역시,,,
f78ade400aa51014e90c,full_annotation_v1,A,q_간식_03,꽈배기,카페·디저트 중 '간식'을 판매·제공하는 매장,test,간식,T2 동의어,9bfd834e-8cc0-4c02-abed-70e2438ee49a,스마일꽈배기,꽈배기,도화동상점가,자율상권구역,서울특별시,,,
61ce1e8465fac654a760,full_annotation_v1,A,q_간식_03,꽈배기,카페·디저트 중 '간식'을 판매·제공하는 매장,test,간식,T2 동의어,8a1be9e6-77a2-4aef-adb0-3b846b730071,못난이꽈배기,꽈배기,제천중앙시장,전통시장,충청북도,,,
cc47bcad9db5b7f200f8,full_annotation_v1,A,q_간식_03,꽈배기,카페·디저트 중 '간식'을 판매·제공하는 매장,test,간식,T2 동의어,faeb2c45-bfc3-4a9e-b0d3-9f30d000269a,동동 꽈배기,"꽈배기, 닭강정",더테라스골목형상점가,골목형상점가,인천광역시,,,
f09649c692351545d11e,full_annotation_v1,A,q_간식_03,꽈배기,카페·디저트 중 '간식'을 판매·제공하는 매장,test,간식,T2 동의어,9a22e159-1525-478f-8a8d-6f1059ea2a16,국민 꽈배기,,사직거인 골목형상점가,골목형상점가,부산광역시,,,
3d4cbdb7a9c65f1ec47e,full_annotation_v1,A,q_간식_03,꽈배기,카페·디저트 중 '간식'을 판매·제공하는 매장,test,간식,T2 동의어,b20e9ff8-111e-445f-8269-10c5dd8bf222,위너스원,여성복,아트프라자,자율상권구역,서울특별시,,,
23011e48dbe17275055e,full_annotation_v1,A,q_간식_03,꽈배기,카페·디저트 중 '간식'을 판매·제공하는 매장,test,간식,T2 동의어,384cf845-8081-4801-be3d-83be5aced6b8,아리꿀꿀찹쌀꽈배기,꽈배기,방이시장,전통시장,서울특별시,,,
431a6fa02c844c58d066,full_annotation_v1,A,q_간식_03,꽈배기,카페·디저트 중 '간식'을 판매·제공하는 매장,test,간식,T2 동의어,0007598c-6a5e-44f2-9d2e-fbfc2b6e8db1,써브웨이광주수완점 유한회사,샌드위치,희담길,골목형상점가,광주광역시,,,
37b72611b9b0d54d590b,full_annotation_v1,A,q_간식_03,꽈배기,카페·디저트 중 '간식'을 판매·제공하는 매장,test,간식,T2 동의어,8749ec52-6e3f-4d1f-96cb-610de073624e,가마솥 맷돌순두부,제조(두부),길동복조리시장,전통시장,서울특별시,,,
762fc37e8a367cd7f8b6,full_annotation_v1,A,q_간식_03,꽈배기,카페·디저트 중 '간식'을 판매·제공하는 매장,test,간식,T2 동의어,90266c33-80f9-4808-9575-096c6ba2b1e5,효당꽈배기,제과 꽈배기,강화풍물시장,전통시장,인천광역시,,,
0df7e8f10c78320fcc78,full_annotation_v1,A,q_간식_03,꽈배기,카페·디저트 중 '간식'을 판매·제공하는 매장,test,간식,T2 동의어,0eaecef3-d748-4ddb-9179-6df06f823b53,하나카 동물병원,"반려동물 진료, 반려동물 사료, 반려동물 영양제, 반려동물 간식",역삼동 골목형상점가,골목형상점가,서울특별시,,,
0e476109eb55cc829630,full_annotation_v1,A,q_간식_03,꽈배기,카페·디저트 중 '간식'을 판매·제공하는 매장,test,간식,T2 동의어,c60e7c93-eaa2-4e69-bd65-dc49f72d21ce,대흥섬유,원단,서문시장2지구 종합상가,전통시장,대구광역시,,,
c3abc9d7befb282169ee,full_annotation_v1,A,q_간식_03,꽈배기,카페·디저트 중 '간식'을 판매·제공하는 매장,test,간식,T2 동의어,e97f16b9-88c1-47e7-b950-010b646d5f70,마미꽈배기,꽈배기,마산 동마산시장,전통시장,경상남도,,,
3caaad61afa0ba73f993,full_annotation_v1,A,q_간식_04,샌드위치,카페·디저트 중 '간식'을 판매·제공하는 매장,test,간식,T2 동의어,f5b16612-f564-47c3-8d55-302f4f2acf1e,SUBWAY,샌드위치,한마음,골목형상점가,광주광역시,,,
7b668edf42c93dc1e22e,full_annotation_v1,A,q_간식_04,샌드위치,카페·디저트 중 '간식'을 판매·제공하는 매장,test,간식,T2 동의어,4d2eb252-b91d-497c-b9cf-5713ce64efcc,라바게트 샌드위치&커피,샌드위치&커피,관평동 골목형상점가,골목형상점가,대전광역시,,,
db805450f210cea7b7dc,full_annotation_v1,A,q_간식_04,샌드위치,카페·디저트 중 '간식'을 판매·제공하는 매장,test,간식,T2 동의어,436bbf27-c1dd-41b0-a5fe-f3a5c3f92e43,치폴라,샌드위치,방배카페골목 골목형상점가,골목형상점가,서울특별시,,,
555b40e152862caa2331,full_annotation_v1,A,q_간식_04,샌드위치,카페·디저트 중 '간식'을 판매·제공하는 매장,test,간식,T2 동의어,0cf1e0dc-a2ef-4da6-b9a4-78c363334f7c,지니샌드,간식,종암북바위길골목형상점가,골목형상점가,서울특별시,,,
26e098f38660cf55ee47,full_annotation_v1,A,q_간식_04,샌드위치,카페·디저트 중 '간식'을 판매·제공하는 매장,test,간식,T2 동의어,0c93ea7b-9fbc-41b2-8923-76e8de0d8aa2,달콤간식창고,,빛가람 호수로 골목형상점가,골목형상점가,,,,
748e1ec616953621ba5f,full_annotation_v1,A,q_간식_04,샌드위치,카페·디저트 중 '간식'을 판매·제공하는 매장,test,간식,T2 동의어,2ff98d89-d16c-47ae-bc7b-78fc0778418c,홍루이젠천안백석점,샌드위치,백석한들1번가 골목형상점가,골목형상점가,충청남도,,,
0e68911a1d9c64265e03,full_annotation_v1,A,q_간식_04,샌드위치,카페·디저트 중 '간식'을 판매·제공하는 매장,test,간식,T2 동의어,e3b0438e-31a8-446a-84c6-2b9bf7cd585b,미션매니아카페,샌드위치,설악로데오거리상점가,자율상권구역,강원특별자치도,,,
b7f502dd4c021fe949c9,full_annotation_v1,A,q_간식_04,샌드위치,카페·디저트 중 '간식'을 판매·제공하는 매장,test,간식,T2 동의어,02a3c435-88d7-4473-a9a4-6cfd09513987,보리원 대치은마점,붕어빵 호두과자 찰보리빵 등,은마종합상점가,자율상권구역,서울특별시,,,
494915172edfeb89b261,full_annotation_v1,A,q_간식_04,샌드위치,카페·디저트 중 '간식'을 판매·제공하는 매장,test,간식,T2 동의어,53e84aac-19b3-4438-88b4-b2d464303606,우이,샌드위치,인수로골목형상점가,골목형상점가,서울특별시,,,
98696e00ae1bc688c979,full_annotation_v1,A,q_간식_04,샌드위치,카페·디저트 중 '간식'을 판매·제공하는 매장,test,간식,T2 동의어,01dc1f3e-6edc-47a3-9fdf-124d0ea0de98,심봉사도르케 연천전곡점,고로케 꽈배기,전곡로데오거리 골목형상점가,골목형상점가,경기도,,,
cf14c37fac7c201b3e3f,full_annotation_v1,A,q_간식_04,샌드위치,카페·디저트 중 '간식'을 판매·제공하는 매장,test,간식,T2 동의어,03821169-d1f1-4351-84b0-cd123557cb69,윤다방,커피 샌드위치,운암 예술 골목형상점가,골목형상점가,광주광역시,,,
f6a6434c7dc4a9deac35,full_annotation_v1,A,q_간식_04,샌드위치,카페·디저트 중 '간식'을 판매·제공하는 매장,test,간식,T2 동의어,4f72e29d-40a8-4a61-9639-b211ed753227,201베이컨,샌드위치,옹달샘시장(구 충주남부시장),전통시장,충청북도,,,
c765edc68cbd44a1b21a,full_annotation_v1,A,q_간식_04,샌드위치,카페·디저트 중 '간식'을 판매·제공하는 매장,test,간식,T2 동의어,00362b85-cb9a-4318-9059-12f768d76197,파리바게뜨전주인후점,제과점,소나무 골목형상점가,골목형상점가,전북특별자치도,,,
855f6780ff4c4985f876,full_annotation_v1,A,q_간식_04,샌드위치,카페·디저트 중 '간식'을 판매·제공하는 매장,test,간식,T2 동의어,0efb328d-2b4c-4610-a865-8a045e56b9a2,해태초밥,일식,광주역앞교통광장 골목형상점가,골목형상점가,광주광역시,,,
b24ee52b4514a12ee07e,full_annotation_v1,A,q_간식_04,샌드위치,카페·디저트 중 '간식'을 판매·제공하는 매장,test,간식,T2 동의어,943e01a2-259c-4b44-a21c-6ee5271f5a39,대성상회,건어물,마산어시장,전통시장,경상남도,,,
2d140212842349587a46,full_annotation_v1,A,q_간식_04,샌드위치,카페·디저트 중 '간식'을 판매·제공하는 매장,test,간식,T2 동의어,0007598c-6a5e-44f2-9d2e-fbfc2b6e8db1,써브웨이광주수완점 유한회사,샌드위치,희담길,골목형상점가,광주광역시,,,
4b647dcf73b8b9d76a7d,full_annotation_v1,A,q_간식_04,샌드위치,카페·디저트 중 '간식'을 판매·제공하는 매장,test,간식,T2 동의어,9c21d8c8-fb1d-443f-a744-c59abd273f6d,앨라스키친,샌드위치,동백 이음길 골목형상점가,골목형상점가,경기도,,,
f66c5443a7153edf0b68,full_annotation_v1,A,q_간식_04,샌드위치,카페·디저트 중 '간식'을 판매·제공하는 매장,test,간식,T2 동의어,0346c7d3-2a07-41c5-8627-bc65b1e5122e,루미담,빵류 과자류 강정류,효천2지구 골목형상점가,골목형상점가,광주광역시,,,
e81721c079491f548155,full_annotation_v1,A,q_간식_04,샌드위치,카페·디저트 중 '간식'을 판매·제공하는 매장,test,간식,T2 동의어,e02471e7-8f4a-442e-b293-d482af63614a,얼리버드샌드위치,샌드위치,조대장미의거리 상점가,자율상권구역,광주광역시,,,
720e26d2906a56aea180,full_annotation_v1,A,q_간식_04,샌드위치,카페·디저트 중 '간식'을 판매·제공하는 매장,test,간식,T2 동의어,c17ab504-a33d-4889-86a5-a0d7c62d4216,무초프루토,샌드위치,군산주공시장,전통시장,전북특별자치도,,,
8c8101f8795365881bac,full_annotation_v1,A,q_간식_04,샌드위치,카페·디저트 중 '간식'을 판매·제공하는 매장,test,간식,T2 동의어,20b73a33-9a87-46e1-a03a-027ce376724e,시장슈퍼,잡화,만수시장,전통시장,인천광역시,,,
6628e904f967ae993579,full_annotation_v1,A,q_간식_04,샌드위치,카페·디저트 중 '간식'을 판매·제공하는 매장,test,간식,T2 동의어,0761adb7-61cb-4b89-bfbc-c20f83b9fce3,피셔샌드위치,샌드위치,새샘하루 골목형상점가,골목형상점가,세종특별자치시,,,
6162c3339d1284641569,full_annotation_v1,A,q_간식_04,샌드위치,카페·디저트 중 '간식'을 판매·제공하는 매장,test,간식,T2 동의어,c9cb2433-7603-4e79-89ad-001853888c20,홍루이젠두류역점,샌드위치,두류1번가,일반지하상점가,대구광역시,,,
ed8ec509c8349abb2c7b,full_annotation_v1,A,q_간식_04,샌드위치,카페·디저트 중 '간식'을 판매·제공하는 매장,test,간식,T2 동의어,18c191a5-1e4a-4b97-8891-1cabb848474a,몸,샌드위치,불국상가시장,전통시장,경상북도,,,
fa6a54599117592453f2,full_annotation_v1,A,q_간식_04,샌드위치,카페·디저트 중 '간식'을 판매·제공하는 매장,test,간식,T2 동의어,002580f9-7146-4999-af6a-cfecd782191a,마녀샌드위치,샌드위치,광주여대 골목형상점가,골목형상점가,광주광역시,,,
a9a27308a02806a28ab5,full_annotation_v1,A,q_간식_04,샌드위치,카페·디저트 중 '간식'을 판매·제공하는 매장,test,간식,T2 동의어,33cf0627-6149-46ed-b3bf-8d00fde30c15,이브자리 쌍촌점,침구류,쌍촌역상인회 골목형상점가,골목형상점가,광주광역시,,,
4024815dd55cac622fdb,full_annotation_v1,A,q_간식_04,샌드위치,카페·디저트 중 '간식'을 판매·제공하는 매장,test,간식,T2 동의어,c7d3711f-9e11-412d-b664-22c17e6a7a62,필라델피아,샌드위치,금암동 골목형상점가,골목형상점가,전북특별자치도,,,
7d5ece4269557b736981,full_annotation_v1,A,q_간식_04,샌드위치,카페·디저트 중 '간식'을 판매·제공하는 매장,test,간식,T2 동의어,355a3221-38a3-4e6c-86d1-ea1a1bc3e274,자몽샌드위치,샌드위치,과천슈르탑 골목형상점가,골목형상점가,경기도,,,
be3dd14eb51ebf3d35ae,full_annotation_v1,A,q_간식_04,샌드위치,카페·디저트 중 '간식'을 판매·제공하는 매장,test,간식,T2 동의어,14982c41-3572-413c-b854-9ee5081778f5,민물나라,한식,동원전통시장상점가,자율상권구역,서울특별시,,,
3cfc79100ec5681facd6,full_annotation_v1,A,q_간식_04,샌드위치,카페·디저트 중 '간식'을 판매·제공하는 매장,test,간식,T2 동의어,05f89167-741d-4371-9b48-35c394c971c6,엘림글로벌서울꽈배기,,길동복조리시장,전통시장,서울특별시,,,
587dae95ec879350c22a,full_annotation_v1,A,q_간식_04,샌드위치,카페·디저트 중 '간식'을 판매·제공하는 매장,test,간식,T2 동의어,d51d5b4b-f712-4081-b4b6-3c1b71489165,촵촵샌드위치,샌드위치,운남더존 골목형상점가,골목형상점가,광주광역시,,,
20b11c98b280b595382c,full_annotation_v1,A,q_간식_04,샌드위치,카페·디저트 중 '간식'을 판매·제공하는 매장,test,간식,T2 동의어,4bde916d-5e1a-4757-bf78-4fd9d9050693,팻캣,샌드위치,해방촌 골목형상점가,골목형상점가,서울특별시,,,
f36305f24cfd6841eaa1,full_annotation_v1,A,q_간식_04,샌드위치,카페·디저트 중 '간식'을 판매·제공하는 매장,test,간식,T2 동의어,7778ae78-63e4-46ac-8003-c68fa50b5fa3,명랑전파사,철물,(지정취소)다산마을상가거리골목형상점가,골목형상점가,서울특별시,,,
4c8657519adb50bdbe87,full_annotation_v1,A,q_간식_04,샌드위치,카페·디저트 중 '간식'을 판매·제공하는 매장,test,간식,T2 동의어,0521f642-329a-4ddf-a92b-b43585bebb0f,원더풀꽈배기,,승달 골목형상점가,골목형상점가,,,,
f434704e3e199b657d51,full_annotation_v1,A,q_간식_04,샌드위치,카페·디저트 중 '간식'을 판매·제공하는 매장,test,간식,T2 동의어,008d1ed4-a5d7-492e-9959-f8307a68cc5f,샐러드 정원,"샐러드, 샌드위치",미성동도깨비시장,골목형상점가,서울특별시,,,
7353f489fa5c7e061eb8,full_annotation_v1,A,q_간식_04,샌드위치,카페·디저트 중 '간식'을 판매·제공하는 매장,test,간식,T2 동의어,9385b4a5-281b-47fe-b02d-033e3e32b856,하남샌드,샌드위치,하남대로,골목형상점가,광주광역시,,,
9cdb7b2d3fa1e9241165,full_annotation_v1,A,q_간식_04,샌드위치,카페·디저트 중 '간식'을 판매·제공하는 매장,test,간식,T2 동의어,06f15d12-3aef-4cd1-adad-795f46527dcb,샌드리아,샌드위치,맹동혁신골목형상점가,골목형상점가,충청북도,,,
c0972fc8394b3d4c8bbb,full_annotation_v1,A,q_간식_04,샌드위치,카페·디저트 중 '간식'을 판매·제공하는 매장,test,간식,T2 동의어,05572cf5-3f6c-448d-b7c1-2e5e305bd918,원더풀꽈배기,꽈배기,첨단아미 골목형상점가,골목형상점가,광주광역시,,,
925d98d8a352ef7c765c,full_annotation_v1,A,q_간식_04,샌드위치,카페·디저트 중 '간식'을 판매·제공하는 매장,test,간식,T2 동의어,89a22c1a-1358-44dd-97b7-2ff641848f98,오샌드,샌드위치,하가지구 골목형상점가,골목형상점가,전북특별자치도,,,
4dca84aaf3f4c2c98762,full_annotation_v1,A,q_간식_04,샌드위치,카페·디저트 중 '간식'을 판매·제공하는 매장,test,간식,T2 동의어,002d0d06-15b2-463e-b789-b0232bcc6681,뚜레주르버들마을점,제과,버들마을상인회 골목형상점가,골목형상점가,광주광역시,,,
714deb0ee8b28c1b23ab,full_annotation_v1,A,q_간식_04,샌드위치,카페·디저트 중 '간식'을 판매·제공하는 매장,test,간식,T2 동의어,15ec5905-d036-44a3-9830-f7a98957d830,또망샌드위치,샌드위치 샐러드 커피,오치서산초 골목형상점가,골목형상점가,광주광역시,,,
c7abb1099119d19a2584,full_annotation_v1,A,q_간식_04,샌드위치,카페·디저트 중 '간식'을 판매·제공하는 매장,test,간식,T2 동의어,0b12b2e3-a38a-4898-b2b5-61777c4ac734,무주ON샌디,샌드위치,무주반딧불상권활성화구역,상권활성화구역,전북특별자치도,,,
22d35855f26ba70f365d,full_annotation_v1,A,q_간식_04,샌드위치,카페·디저트 중 '간식'을 판매·제공하는 매장,test,간식,T2 동의어,01226f93-5490-4530-a460-d5482763890d,버터앤츄,구움과자,행리단길 골목형상점가,골목형상점가,경기도,,,
cd18bd397578d43d989d,full_annotation_v1,A,q_간식_04,샌드위치,카페·디저트 중 '간식'을 판매·제공하는 매장,test,간식,T2 동의어,348e0f64-1bdd-4ff4-b80a-cca9d9a3f463,샌드풀,샌드위치,정부청사 골목형상점가,골목형상점가,광주광역시,,,
e0e777e375b24c705e05,full_annotation_v1,A,q_간식_04,샌드위치,카페·디저트 중 '간식'을 판매·제공하는 매장,test,간식,T2 동의어,61a728d5-f469-4030-b49a-c85fed84c655,로미스샌드,샌드위치,제천중앙시장,전통시장,충청북도,,,
ab52b3561a849a50b137,full_annotation_v1,A,q_간식_04,샌드위치,카페·디저트 중 '간식'을 판매·제공하는 매장,test,간식,T2 동의어,9bacde50-78e8-4d94-a334-c061f8469d39,산청국밥(산청참치회),한식,초량전통시장,전통시장,부산광역시,,,
e986ceafd9997e8040f4,full_annotation_v1,A,q_간식_04,샌드위치,카페·디저트 중 '간식'을 판매·제공하는 매장,test,간식,T2 동의어,501901ea-2735-4482-a79e-f8ed34a3e414,연화횟집,일반음식,거제 고현종합시장,전통시장,경상남도,,,
a936c71dee600c4fcbdc,full_annotation_v1,A,q_간식_04,샌드위치,카페·디저트 중 '간식'을 판매·제공하는 매장,test,간식,T2 동의어,22be9752-acac-4973-85bd-3a416ea6a2a7,현대슈퍼,슈퍼,병영시장,전통시장,울산광역시,,,
3ddfd6091ea2930f856b,full_annotation_v1,A,q_간식_04,샌드위치,카페·디저트 중 '간식'을 판매·제공하는 매장,test,간식,T2 동의어,c80ba275-6227-4776-9a17-1ad8299e58e5,리브베이크샵,샌드위치,서면1번가 자율상권구역,,부산광역시,,,
02a6b72abb37e23b83fa,full_annotation_v1,A,q_간식_04,샌드위치,카페·디저트 중 '간식'을 판매·제공하는 매장,test,간식,T2 동의어,043ed8e3-2adc-4c0d-b918-f2b96e232628,못난이꽈배기,꽈배기,천안중앙시장,전통시장,충청남도,,,
8c0a80fa09288cd4a1a0,full_annotation_v1,A,q_간식_04,샌드위치,카페·디저트 중 '간식'을 판매·제공하는 매장,test,간식,T2 동의어,0d864305-557c-41f6-91a0-bb3078cc75e6,써브웨이송정점,샌드위치,다같이 울산송정 골목형상점가,골목형상점가,울산광역시,,,
7279d16602d41e6b1cc0,full_annotation_v1,A,q_간식_04,샌드위치,카페·디저트 중 '간식'을 판매·제공하는 매장,test,간식,T2 동의어,393804bc-650b-439a-9ec3-62f334ef9870,노아 샌드위치&샐러드,샌드위치 샐러드,산본로데오거리(구 산본중심상가),자율상권구역,경기도,,,
f549727875e9a0afc490,full_annotation_v1,A,q_간식_04,샌드위치,카페·디저트 중 '간식'을 판매·제공하는 매장,test,간식,T2 동의어,cd7a9741-a52a-4dc8-9d94-4cfd81cc3a24,쿡히샌드,샌드위치,하남 골목형상점가,골목형상점가,광주광역시,,,
3b1da6e0bf1a94a7906f,full_annotation_v1,A,q_간식_04,샌드위치,카페·디저트 중 '간식'을 판매·제공하는 매장,test,간식,T2 동의어,8f6e0c73-9ed4-4384-93d0-28019286f0e6,샐샌,샌드위치,빛가람 하나로 골목형상점가,골목형상점가,전라남도,,,
b86d6e7787021e212bfa,full_annotation_v1,A,q_간식_04,샌드위치,카페·디저트 중 '간식'을 판매·제공하는 매장,test,간식,T2 동의어,b8097469-8c08-4286-9c32-8f8aa9f608fe,해피하우스,샌드위치,충주무학시장,전통시장,충청북도,,,
859fea88b4d30c03b7f1,full_annotation_v1,A,q_간식_04,샌드위치,카페·디저트 중 '간식'을 판매·제공하는 매장,test,간식,T2 동의어,00a88093-8a14-41ad-8b1f-d35632be9f3b,한아름빵집,제과,신평골목시장,전통시장,부산광역시,,,
454506f198a0df409bd0,full_annotation_v1,A,q_간식_04,샌드위치,카페·디저트 중 '간식'을 판매·제공하는 매장,test,간식,T2 동의어,0061123f-a676-4556-9633-5fbc4ecaf6ef,치즈케익카스테라카페,제과,북가좌동 골목형상점가,골목형상점가,서울특별시,,,
3dc28d0b1395458cc54e,full_annotation_v1,A,q_간식_04,샌드위치,카페·디저트 중 '간식'을 판매·제공하는 매장,test,간식,T2 동의어,42da3487-ad9c-4e79-9335-c452d2a589ed,까페죠샌드위치,샌드위치,시청앞 골목형상점가,골목형상점가,충청남도,,,
178ccdc0e8b2fe284d93,full_annotation_v1,A,q_간식_04,샌드위치,카페·디저트 중 '간식'을 판매·제공하는 매장,test,간식,T2 동의어,f4ad4cad-303d-4a58-ab40-8a5ab9018a3e,샌뚱,샌드위치,카림애비뉴애 골목형상점가,골목형상점가,세종특별자치시,,,
7c15d34d5b2616179a39,full_annotation_v1,A,q_간식_04,샌드위치,카페·디저트 중 '간식'을 판매·제공하는 매장,test,간식,T2 동의어,86aebdc0-57d7-4c46-8b93-954b7dc0427b,본베이커리,샌드위치,갈매리본거리 골목형상점가,골목형상점가,경기도,,,
18aef1907c9ce0496262,full_annotation_v1,A,q_간식_04,샌드위치,카페·디저트 중 '간식'을 판매·제공하는 매장,test,간식,T2 동의어,84299389-83fe-4ca2-8427-9bc9e537b844,Y-마트 쌍촌역점,과일 채소 정육 공산품,쌍촌역상인회 골목형상점가,골목형상점가,광주광역시,,,
1e8dc1e279cec7094c8d,full_annotation_v1,A,q_간식_04,샌드위치,카페·디저트 중 '간식'을 판매·제공하는 매장,test,간식,T2 동의어,5b8276e4-6a4d-4e19-902e-b6d74baa546a,압구정 샌드위치,샌드위치,대추골골목형상점가,골목형상점가,서울특별시,,,
19a0d7c048ab942ec946,full_annotation_v1,A,q_간식_04,샌드위치,카페·디저트 중 '간식'을 판매·제공하는 매장,test,간식,T2 동의어,ca604b94-4b41-47c3-8225-037413349f64,"우리 위치, 샌드위치",샌드위치,지중해마을 골목형상점가,골목형상점가,충청남도,,,
761d752a7d06121838b5,full_annotation_v1,A,q_간식_04,샌드위치,카페·디저트 중 '간식'을 판매·제공하는 매장,test,간식,T2 동의어,cd836865-2d5a-481f-89a4-e83fba529fa0,죠 샌드위치 신길점,샌드위치,별빛뉴타운골목형상점가,골목형상점가,서울특별시,,,
e6da5cdbeb58a1c63d38,full_annotation_v1,A,q_간식_04,샌드위치,카페·디저트 중 '간식'을 판매·제공하는 매장,test,간식,T2 동의어,d44ea849-2798-44ea-87c0-5250508bd247,샌드소양,샌드위치,춘천번개시장,전통시장,강원특별자치도,,,
f176eff807eeaa296616,full_annotation_v1,A,q_간식_04,샌드위치,카페·디저트 중 '간식'을 판매·제공하는 매장,test,간식,T2 동의어,bf5a5f29-b66b-4206-b194-6086823f1b5f,네이쳐,샌드위치,해미읍성전통시장,전통시장,충청남도,,,
36bfb81fb295a44d854b,full_annotation_v1,A,q_간식_04,샌드위치,카페·디저트 중 '간식'을 판매·제공하는 매장,test,간식,T2 동의어,22939e92-d26f-4fde-862f-4774c99b5fe0,커피콩볶는샌드위치,샌드위치 커피,미라클,골목형상점가,광주광역시,,,
2cc16790db4b9ea3f43e,full_annotation_v1,A,q_간식_04,샌드위치,카페·디저트 중 '간식'을 판매·제공하는 매장,test,간식,T2 동의어,cca9fc06-95c9-409f-b645-b2187c3e27a7,모모그린,샌드위치,전주 삼천이 골목형상점가,골목형상점가,전북특별자치도,,,
0ad4c6ce36f63def3639,full_annotation_v1,A,q_간식_04,샌드위치,카페·디저트 중 '간식'을 판매·제공하는 매장,test,간식,T2 동의어,386eeb8b-ce6b-48ba-b2fc-c4baecfd5651,만리향,샌드위치,인현시장 상점가,자율상권구역,서울특별시,,,
2b03d5af6c8e383434de,full_annotation_v1,A,q_간식_04,샌드위치,카페·디저트 중 '간식'을 판매·제공하는 매장,test,간식,T2 동의어,17243f53-7528-478e-8f44-1d386d2e5670,퀴즈노스춘천한림대점,샌드위치,한림대골목형상점가,골목형상점가,강원특별자치도,,,
c2656600bea2130db3b9,full_annotation_v1,A,q_간식_04,샌드위치,카페·디저트 중 '간식'을 판매·제공하는 매장,test,간식,T2 동의어,270d85f8-5d35-4524-b944-7dae94acfbea,샌드위치 맑음,샌드위치,공릉구길골목형상점가,골목형상점가,서울특별시,,,
316a994bb2a2a5563a1d,full_annotation_v1,A,q_간식_04,샌드위치,카페·디저트 중 '간식'을 판매·제공하는 매장,test,간식,T2 동의어,5b068cfe-3bcc-4842-bdf4-8114295ffa4c,써니사이드,샌드위치,고잔뜰 상점가,자율상권구역,경기도,,,
269bf1612412bb47ccc3,full_annotation_v1,A,q_간식_04,샌드위치,카페·디저트 중 '간식'을 판매·제공하는 매장,test,간식,T2 동의어,01874291-5378-4910-88e7-c2fb85b4ea5c,써브웨이 광주금호점,샌드위치 전문점,금호상인회 골목형상점가,골목형상점가,광주광역시,,,
60be888fbf18174a9ecf,full_annotation_v1,A,q_간식_04,샌드위치,카페·디저트 중 '간식'을 판매·제공하는 매장,test,간식,T2 동의어,01c93758-055c-48ad-ac74-f0cee5b99431,호두마당 부산진구점,호두과자,부전상가시장,전통시장,부산광역시,,,
165f3d9e9ce2b1dbae35,full_annotation_v1,A,q_간식_04,샌드위치,카페·디저트 중 '간식'을 판매·제공하는 매장,test,간식,T2 동의어,36a453a3-1c90-4dc3-b652-6bdf789e16ab,비에뜨반미,샌드위치,보정중심 골목형상점가,골목형상점가,경기도,,,
d22f085c8fb920726866,full_annotation_v1,A,q_간식_04,샌드위치,카페·디저트 중 '간식'을 판매·제공하는 매장,test,간식,T2 동의어,001bc028-a43e-44d4-9682-db280a4998cc,파리바게뜨전주근영점,제과점,근영누리 골목형상점가,골목형상점가,전북특별자치도,,,
a27826c66060bead3aa9,full_annotation_v1,A,q_간식_04,샌드위치,카페·디저트 중 '간식'을 판매·제공하는 매장,test,간식,T2 동의어,d6aab765-05e1-4a36-9c05-f1acfe1d2129,타임 샌드위치,커피 샌드위치,촬영소사거리골목형상점가,골목형상점가,서울특별시,,,
6c55ca110056739566d4,full_annotation_v1,A,q_간식_04,샌드위치,카페·디저트 중 '간식'을 판매·제공하는 매장,test,간식,T2 동의어,e31d752f-fadb-4831-96f4-09909df5e8b0,감탄샌드위치,샌드위치,단국대 앞 골목형상점가,골목형상점가,경기도,,,
0d27e2e8802f2090f9d7,full_annotation_v1,A,q_간식_04,샌드위치,카페·디저트 중 '간식'을 판매·제공하는 매장,test,간식,T2 동의어,035ade2e-faa7-4218-85bb-8f4634995653,복호두광주상무점,호두과자와 음료,상무시청상인회 골목형상점가,골목형상점가,광주광역시,,,
6b33d1b21fb5ea7ddf46,full_annotation_v1,A,q_간식_04,샌드위치,카페·디저트 중 '간식'을 판매·제공하는 매장,test,간식,T2 동의어,16c3cbeb-e7eb-46a9-b32f-91a09cff4391,샌디치,샌드위치,중흥동 큰샘길 골목형상점가,골목형상점가,광주광역시,,,
86a929c0749cf1b7acd3,full_annotation_v1,A,q_간식_04,샌드위치,카페·디저트 중 '간식'을 판매·제공하는 매장,test,간식,T2 동의어,cbb7fcb5-8e67-46fc-9f9b-e73af42bd542,포님커피,카페 샌드위치,양지중앙 골목형상점가,골목형상점가,경기도,,,
43ddbb8d304c6caafbca,full_annotation_v1,A,q_간식_04,샌드위치,카페·디저트 중 '간식'을 판매·제공하는 매장,test,간식,T2 동의어,bc35b55b-5830-4dfa-8ca4-ce6a14c3ca1f,샌드브런치,샌드위치,어은누리 골목형상점가,골목형상점가,대전광역시,,,
c618879339e193b6e34e,full_annotation_v1,A,q_간식_04,샌드위치,카페·디저트 중 '간식'을 판매·제공하는 매장,test,간식,T2 동의어,0d753046-7eb1-4915-9c50-1e735acf1c1d,버블퍼피,"애견간식, 용품",왕십리무학봉상점가,자율상권구역,서울특별시,,,
6e789c3e5338a8562e4b,full_annotation_v1,A,q_간식_04,샌드위치,카페·디저트 중 '간식'을 판매·제공하는 매장,test,간식,T2 동의어,8808fa8c-9512-4f31-bcd3-63dc788223a1,에그홀릭,샌드위치,마산 (주)대현프리몰 지하도상점가,일반지하상점가,경상남도,,,
6dbb23693d971b3f8ba3,full_annotation_v1,A,q_간식_04,샌드위치,카페·디저트 중 '간식'을 판매·제공하는 매장,test,간식,T2 동의어,ae1c2cec-fcad-454d-8b88-ea7629d5ca02,동쿡바게트바,샌드위치,동완산동 골목형상점가,골목형상점가,전북특별자치도,,,
5024723cdf46a9b83268,full_annotation_v1,A,q_간식_04,샌드위치,카페·디저트 중 '간식'을 판매·제공하는 매장,test,간식,T2 동의어,4a3b790e-3ce6-473c-ad07-6f916fae6a62,델리셔스 샌드위치,샌드위치,전남여고후문 골목형상점가,골목형상점가,광주광역시,,,
b2634aae153f85654ff2,full_annotation_v1,A,q_간식_04,샌드위치,카페·디저트 중 '간식'을 판매·제공하는 매장,test,간식,T2 동의어,a0c80aca-5403-4c5d-b06a-7db600078e1d,빵미,샌드위치,민락2지구골목형상점가,골목형상점가,경기도,,,
3fef2f349324e8bd1a84,full_annotation_v1,A,q_간식_04,샌드위치,카페·디저트 중 '간식'을 판매·제공하는 매장,test,간식,T2 동의어,0eaecef3-d748-4ddb-9179-6df06f823b53,하나카 동물병원,"반려동물 진료, 반려동물 사료, 반려동물 영양제, 반려동물 간식",역삼동 골목형상점가,골목형상점가,서울특별시,,,
da9d95ce5c8cb7fe0c8c,full_annotation_v1,A,q_간식_04,샌드위치,카페·디저트 중 '간식'을 판매·제공하는 매장,test,간식,T2 동의어,3a212ca0-7cc9-4190-b6ef-66185bef5623,샌드쟁이,샌드위치,연제동 골목형상점가,골목형상점가,광주광역시,,,
ea0c5646e8a6cb5108ac,full_annotation_v1,A,q_간식_04,샌드위치,카페·디저트 중 '간식'을 판매·제공하는 매장,test,간식,T2 동의어,ef4f0ad4-72e0-4e27-9409-ecec0d847949,써니샌드위치디저트,샌드위치,고산미소시장(고산시장),전통시장,전북특별자치도,,,
86d78efb6866165c3243,full_annotation_v1,A,q_간식_04,샌드위치,카페·디저트 중 '간식'을 판매·제공하는 매장,test,간식,T2 동의어,90f8ec57-692b-4916-a2e3-967cce88fff8,미연네먹거리,샌드위치,용인중앙시장,전통시장,경기도,,,
321f394a173f35c440cb,full_annotation_v1,A,q_간식_04,샌드위치,카페·디저트 중 '간식'을 판매·제공하는 매장,test,간식,T2 동의어,2163747e-2c76-4897-9611-eee0505c48a2,에그드랍첨단신용점,샌드위치,신용동 골목형상점가,골목형상점가,광주광역시,,,
8fc16f972f09b1ba8e9d,full_annotation_v1,A,q_간식_04,샌드위치,카페·디저트 중 '간식'을 판매·제공하는 매장,test,간식,T2 동의어,d27ea173-470e-493a-a7d8-7eb4098c3231,브로 샌드위치,커피 샌드위치,상무역4번출구상인회 골목형상점가,골목형상점가,광주광역시,,,
4dadb127c047a9d547ee,full_annotation_v1,A,q_간식_04,샌드위치,카페·디저트 중 '간식'을 판매·제공하는 매장,test,간식,T2 동의어,112343fc-81a9-472b-b08c-24cf27f757e9,초록마을대전노은점,신선야채.어린이간식.건강식품등....,열매 골목형상점가,골목형상점가,대전광역시,,,
b452ea6bb8de693bdbc0,full_annotation_v1,A,q_간식_04,샌드위치,카페·디저트 중 '간식'을 판매·제공하는 매장,test,간식,T2 동의어,a6b4db7c-a192-451d-9602-228381d585dd,나의 샌드위치,샌드위치,영등포구청역 3번출구 골목형상점가,골목형상점가,서울특별시,,,
70cfb8bef332f3d4b47c,full_annotation_v1,A,q_간식_04,샌드위치,카페·디저트 중 '간식'을 판매·제공하는 매장,test,간식,T2 동의어,946bff5f-c788-40fe-8488-ad5322615035,이태리안경,,행복로골목형상점가,골목형상점가,경기도,,,
0b123aa1b7a1019cd79d,full_annotation_v1,A,q_간식_04,샌드위치,카페·디저트 중 '간식'을 판매·제공하는 매장,test,간식,T2 동의어,4d9598a5-9f58-435e-b5d3-4f97d7dd5e4f,오늘은샌드위치,샌드위치 음료,정율성로 골목형상점가,골목형상점가,광주광역시,,,
c8b16b59ff06f6d3d286,full_annotation_v1,A,q_간식_04,샌드위치,카페·디저트 중 '간식'을 판매·제공하는 매장,test,간식,T2 동의어,0295b221-9d91-4b76-b783-4ad7e6c84a7c,맛사랑,샌드위치,화정소담상인회 골목형상점가,골목형상점가,광주광역시,,,
29eb4deb175bd94d6a33,full_annotation_v1,A,q_간식_04,샌드위치,카페·디저트 중 '간식'을 판매·제공하는 매장,test,간식,T2 동의어,04575886-9da9-4e6f-a3c7-5597b9630180,도깨비샌드위치카페,샌드위치,원주중앙로문화의거리,자율상권구역,강원특별자치도,,,
26113c99b2533d536bfa,full_annotation_v1,A,q_간식_04,샌드위치,카페·디저트 중 '간식'을 판매·제공하는 매장,test,간식,T2 동의어,c64f6c3b-1e78-4d60-adc7-ec47b3e64231,SUBWAY,샌드위치,산성로 상권활성화구역,상권활성화구역,경기도,,,
394cf2e36972ec481930,full_annotation_v1,A,q_간식_04,샌드위치,카페·디저트 중 '간식'을 판매·제공하는 매장,test,간식,T2 동의어,87c0ae23-794c-4b9a-a1a6-3d64eb71a8a1,샌드위치 Day,,배방세교 골목형상점가,골목형상점가,충청남도,,,
01ddb6d65220477fbac4,full_annotation_v1,A,q_간식_04,샌드위치,카페·디저트 중 '간식'을 판매·제공하는 매장,test,간식,T2 동의어,1d318679-1d32-45e6-9c04-022430470857,홍콩반점 고척동양대점,중식,그라운드고척골목형상점가,골목형상점가,서울특별시,,,
29024145353a7b2ae029,full_annotation_v1,A,q_간식_04,샌드위치,카페·디저트 중 '간식'을 판매·제공하는 매장,test,간식,T2 동의어,0c2709a3-8448-48b7-a81d-fc829d6a3b52,흙조마트,식품잡화,유동 골목형상점가,골목형상점가,광주광역시,,,
ff48547e680b606594f8,full_annotation_v1,A,q_간식_04,샌드위치,카페·디저트 중 '간식'을 판매·제공하는 매장,test,간식,T2 동의어,0de24e41-a9a3-4225-a976-811a466bc270,브랑슈,샌드위치 등,평촌1번가 상점가,자율상권구역,경기도,,,
e8b0d132fa15385d40ab,full_annotation_v1,A,q_간식_04,샌드위치,카페·디저트 중 '간식'을 판매·제공하는 매장,test,간식,T2 동의어,8912d6e3-7f72-4f70-8b9c-17cef8852ca8,SUBWAY,샌드위치,신창 골목형상점가,골목형상점가,광주광역시,,,
0167e2a26d3b23847b6e,full_annotation_v1,A,q_간식_04,샌드위치,카페·디저트 중 '간식'을 판매·제공하는 매장,test,간식,T2 동의어,e15b933f-2a56-41c5-974e-e1fc88b186ad,형제슈즈,신발,창원 도계부부시장,전통시장,경상남도,,,
0ca8564b488417870377,full_annotation_v1,A,q_간식_04,샌드위치,카페·디저트 중 '간식'을 판매·제공하는 매장,test,간식,T2 동의어,5f154e92-c636-4352-964e-d135f5540c43,홍콩반점0410우장산역점,중식,우장산역 골목형상점가,골목형상점가,서울특별시,,,
064a62e0f22d829ba7f7,full_annotation_v1,A,q_간식_04,샌드위치,카페·디저트 중 '간식'을 판매·제공하는 매장,test,간식,T2 동의어,32678b1b-2504-4224-9d7f-1ba6346a6861,청춘샌드위치,샌드위치,발산마을상인회 골목형상점가,골목형상점가,광주광역시,,,
36fe990e1037b1e18788,full_annotation_v1,A,q_간식_04,샌드위치,카페·디저트 중 '간식'을 판매·제공하는 매장,test,간식,T2 동의어,000814be-1ad1-4f62-87e7-0e02af595e2f,사사,"샌드위치, 케이크, 커피",나릿재 골목형상점가,골목형상점가,세종특별자치시,,,
ab26ca794b02f3f0bc73,full_annotation_v1,A,q_간식_04,샌드위치,카페·디저트 중 '간식'을 판매·제공하는 매장,test,간식,T2 동의어,04ac6056-603a-4a5b-8b6a-04c0f31bb0a4,4242샌드위치,샌드위치,혁신도시4구역골목형상점가,골목형상점가,강원특별자치도,,,
7e69c4aaa2bd87fee240,full_annotation_v1,A,q_간식_04,샌드위치,카페·디저트 중 '간식'을 판매·제공하는 매장,test,간식,T2 동의어,b68c7cd6-23b7-43d0-a083-a3f1c20d114b,쥬씨(가평 현리점),,조종시장,전통시장,경기도,,,
89e5d4e4911da7ab84e1,full_annotation_v1,A,q_간식_05,간식추천,카페·디저트 중 '간식'을 판매·제공하는 매장,test,간식,T6 기계변형,6df8cd22-b664-44af-9b87-25f71b63e407,카페하늘정원,고구마빵류 외 간식,백년소상공인,기타,전북특별자치도,,,
5af0d483be5775cd43dc,full_annotation_v1,A,q_간식_05,간식추천,카페·디저트 중 '간식'을 판매·제공하는 매장,test,간식,T6 기계변형,1d286eae-b892-43a0-9165-36b05000fa16,문채네 구멍가게,문구 간식,거제 읍내시장,전통시장,경상남도,,,
1ca3bc968fdd8c0002ef,full_annotation_v1,A,q_간식_05,간식추천,카페·디저트 중 '간식'을 판매·제공하는 매장,test,간식,T6 기계변형,a1fede90-502c-43a6-936d-e1014b19e7b9,간식중독,음식점,방이시장,전통시장,서울특별시,,,
5a2a83109c9252d24492,full_annotation_v1,A,q_간식_05,간식추천,카페·디저트 중 '간식'을 판매·제공하는 매장,test,간식,T6 기계변형,e56537f9-567b-47c4-9c7e-32271959df74,간식타임,전,쌍봉시장,전통시장,전라남도,,,
8aeeff2848c80f823210,full_annotation_v1,A,q_간식_05,간식추천,카페·디저트 중 '간식'을 판매·제공하는 매장,test,간식,T6 기계변형,01c93758-055c-48ad-ac74-f0cee5b99431,호두마당 부산진구점,호두과자,부전상가시장,전통시장,부산광역시,,,
efda7991614f35430c5c,full_annotation_v1,A,q_간식_05,간식추천,카페·디저트 중 '간식'을 판매·제공하는 매장,test,간식,T6 기계변형,c7006869-ebfc-4760-af0c-4821aa0f3ad9,간식나라,옛날과자,수암상가시장,전통시장,울산광역시,,,
7188abfc18c50bfa4b6a,full_annotation_v1,A,q_간식_05,간식추천,카페·디저트 중 '간식'을 판매·제공하는 매장,test,간식,T6 기계변형,f10d1632-fdc8-4a66-b54c-837029e446cb,송광상회,건어물,여수서시장주변시장,전통시장,전라남도,,,
1c33a8f3f34ec32225fc,full_annotation_v1,A,q_간식_05,간식추천,카페·디저트 중 '간식'을 판매·제공하는 매장,test,간식,T6 기계변형,0d753046-7eb1-4915-9c50-1e735acf1c1d,버블퍼피,"애견간식, 용품",왕십리무학봉상점가,자율상권구역,서울특별시,,,
7dac4cdf08455d9f1f72,full_annotation_v1,A,q_간식_05,간식추천,카페·디저트 중 '간식'을 판매·제공하는 매장,test,간식,T6 기계변형,01dc1f3e-6edc-47a3-9fdf-124d0ea0de98,심봉사도르케 연천전곡점,고로케 꽈배기,전곡로데오거리 골목형상점가,골목형상점가,경기도,,,
10eef006d790e5d04ddb,full_annotation_v1,A,q_간식_05,간식추천,카페·디저트 중 '간식'을 판매·제공하는 매장,test,간식,T6 기계변형,fd9a4209-cc6d-4d60-b882-97cb147b0f41,하나종합식품,냉동식품,칠성원시장,전통시장,대구광역시,,,
1028b7f79a400fe7dea7,full_annotation_v1,A,q_간식_05,간식추천,카페·디저트 중 '간식'을 판매·제공하는 매장,test,간식,T6 기계변형,779ddca8-5e36-438a-bfa5-3a36deb7082e,요술보따리,간식 문구,화도창현상점가,골목형상점가,경기도,,,
edbe9b1c1e2343e5b587,full_annotation_v1,A,q_간식_05,간식추천,카페·디저트 중 '간식'을 판매·제공하는 매장,test,간식,T6 기계변형,60ad4c74-c5ac-4fa3-bb39-112d695e2170,담양종로약국,약국,담양중앙 골목형상점가,골목형상점가,전라남도,,,
e17fd0d87814fbcb8439,full_annotation_v1,A,q_간식_05,간식추천,카페·디저트 중 '간식'을 판매·제공하는 매장,test,간식,T6 기계변형,7244ded6-724d-4a76-bee3-380235ef6108,달달콩,"커피, 음료, 간식",도램마을 골목형상점가,골목형상점가,세종특별자치시,,,
3bc205d63fdfac06d32f,full_annotation_v1,A,q_간식_05,간식추천,카페·디저트 중 '간식'을 판매·제공하는 매장,test,간식,T6 기계변형,80c4738a-934b-4b41-9de9-a82a5967a614,천외천,한식,상봉먹자골목형상점가,골목형상점가,서울특별시,,,
8151891fa1b4f79ed9fe,full_annotation_v1,A,q_간식_05,간식추천,카페·디저트 중 '간식'을 판매·제공하는 매장,test,간식,T6 기계변형,0346c7d3-2a07-41c5-8627-bc65b1e5122e,루미담,빵류 과자류 강정류,효천2지구 골목형상점가,골목형상점가,광주광역시,,,
bace93a92094416efdb1,full_annotation_v1,A,q_간식_05,간식추천,카페·디저트 중 '간식'을 판매·제공하는 매장,test,간식,T6 기계변형,f1adcd9f-7df0-44d8-baeb-57147f1c5072,킹스어학원,외국어학원,새봄골목형상점가,골목형상점가,경기도,,,
464eeee91d339bff0179,full_annotation_v1,A,q_간식_05,간식추천,카페·디저트 중 '간식'을 판매·제공하는 매장,test,간식,T6 기계변형,51c101bb-9012-4d48-9a24-7afa35735302,한성함흥냉면,한식,청량리종합시장,전통시장,서울특별시,,,
46bcd8f2c27973540d98,full_annotation_v1,A,q_간식_05,간식추천,카페·디저트 중 '간식'을 판매·제공하는 매장,test,간식,T6 기계변형,01226f93-5490-4530-a460-d5482763890d,버터앤츄,구움과자,행리단길 골목형상점가,골목형상점가,경기도,,,
084c7ae37c3af7bdd012,full_annotation_v1,A,q_간식_05,간식추천,카페·디저트 중 '간식'을 판매·제공하는 매장,test,간식,T6 기계변형,035ade2e-faa7-4218-85bb-8f4634995653,복호두광주상무점,호두과자와 음료,상무시청상인회 골목형상점가,골목형상점가,광주광역시,,,
f3b81ccfd94c6112d8a4,full_annotation_v1,A,q_간식_05,간식추천,카페·디저트 중 '간식'을 판매·제공하는 매장,test,간식,T6 기계변형,8f529775-0401-488b-a098-2a9d76b16e06,금성스넥,간식류,해남읍 원도심 상권활성화구역,상권활성화구역,전라남도,,,
33de103b33ea1926f204,full_annotation_v1,A,q_간식_05,간식추천,카페·디저트 중 '간식'을 판매·제공하는 매장,test,간식,T6 기계변형,0521f642-329a-4ddf-a92b-b43585bebb0f,원더풀꽈배기,,승달 골목형상점가,골목형상점가,,,,
0af6eaa079359080e39c,full_annotation_v1,A,q_간식_05,간식추천,카페·디저트 중 '간식'을 판매·제공하는 매장,test,간식,T6 기계변형,67966843-0bae-413f-ab3f-1534fee18c25,간식창고,편의점,빛가람 중흥 골목형상점가,골목형상점가,전라남도,,,
1628319d2066870bd81b,full_annotation_v1,A,q_간식_05,간식추천,카페·디저트 중 '간식'을 판매·제공하는 매장,test,간식,T6 기계변형,b761600d-2f31-41a3-b86e-29504588dd44,삼형제네,,홍도 골목형상점가,골목형상점가,대전광역시,,,
c9392e2c7a66bea05be2,full_annotation_v1,A,q_간식_05,간식추천,카페·디저트 중 '간식'을 판매·제공하는 매장,test,간식,T6 기계변형,97e14ec4-a84c-427e-9e85-1c68cbaaf392,샤인마트,음료 간식,용봉우치로 골목형상점가,골목형상점가,광주광역시,,,
8b82152d260465ef3da4,full_annotation_v1,A,q_간식_05,간식추천,카페·디저트 중 '간식'을 판매·제공하는 매장,test,간식,T6 기계변형,924bcc5e-47bc-4d1b-8765-e140f1bfe077,봉구스밥버거,밥버거,담양중앙 골목형상점가,골목형상점가,전라남도,,,
4c79fb04267e0c2cbeb6,full_annotation_v1,A,q_간식_05,간식추천,카페·디저트 중 '간식'을 판매·제공하는 매장,test,간식,T6 기계변형,01874291-5378-4910-88e7-c2fb85b4ea5c,써브웨이 광주금호점,샌드위치 전문점,금호상인회 골목형상점가,골목형상점가,광주광역시,,,
2964fd70b52ef49fcd54,full_annotation_v1,A,q_간식_05,간식추천,카페·디저트 중 '간식'을 판매·제공하는 매장,test,간식,T6 기계변형,99d790d3-a6a9-435f-b223-463c4a9a54fd,덕창상회,배추,포항죽도농산물시장,전통시장,경상북도,,,
402b67dd32c28527e7c0,full_annotation_v1,A,q_간식_05,간식추천,카페·디저트 중 '간식'을 판매·제공하는 매장,test,간식,T6 기계변형,d88502b9-61b3-4109-878d-60efec214eb2,경화찹쌀호떡,간식류호떡,부전마켓타운 시장활성화구역,상권활성화구역,부산광역시,,,
d16383bb22ff0386f81f,full_annotation_v1,A,q_간식_05,간식추천,카페·디저트 중 '간식'을 판매·제공하는 매장,test,간식,T6 기계변형,6405eba0-a9ea-4099-90c0-7e3bde63a028,펫편의점,펫사료 간식,삼익비치A상가시장,전통시장,부산광역시,,,
e710d909b8c3b3b9fddd,full_annotation_v1,A,q_간식_05,간식추천,카페·디저트 중 '간식'을 판매·제공하는 매장,test,간식,T6 기계변형,9bc94e33-d392-4523-9393-1c4c6458f2bc,갈맥상통,간식,당진시신도심상점가,자율상권구역,충청남도,,,
08279f3a427ca70b1657,full_annotation_v1,A,q_간식_05,간식추천,카페·디저트 중 '간식'을 판매·제공하는 매장,test,간식,T6 기계변형,112343fc-81a9-472b-b08c-24cf27f757e9,초록마을대전노은점,신선야채.어린이간식.건강식품등....,열매 골목형상점가,골목형상점가,대전광역시,,,
1a786d669a8445a8bb29,full_annotation_v1,A,q_간식_05,간식추천,카페·디저트 중 '간식'을 판매·제공하는 매장,test,간식,T6 기계변형,002580f9-7146-4999-af6a-cfecd782191a,마녀샌드위치,샌드위치,광주여대 골목형상점가,골목형상점가,광주광역시,,,
709354ba4d68bf458481,full_annotation_v1,A,q_간식_05,간식추천,카페·디저트 중 '간식'을 판매·제공하는 매장,test,간식,T6 기계변형,22187242-b33a-4f8d-a258-5e05d47a79c4,팔복정육점,식육,여수교동시장,전통시장,전라남도,,,
7afe1e14e59b6ef9dde3,full_annotation_v1,A,q_간식_05,간식추천,카페·디저트 중 '간식'을 판매·제공하는 매장,test,간식,T6 기계변형,000814be-1ad1-4f62-87e7-0e02af595e2f,사사,"샌드위치, 케이크, 커피",나릿재 골목형상점가,골목형상점가,세종특별자치시,,,
5cf6c3f0076a33c89e6d,full_annotation_v1,A,q_간식_05,간식추천,카페·디저트 중 '간식'을 판매·제공하는 매장,test,간식,T6 기계변형,8486fab4-ce4c-4b26-b678-848b61f240a2,참사랑쥬얼리,도매및소매업(시계및귀금속소매업),신안코아,전통시장,경기도,,,
905fa2afb0d420ee161d,full_annotation_v1,A,q_간식_05,간식추천,카페·디저트 중 '간식'을 판매·제공하는 매장,test,간식,T6 기계변형,0007598c-6a5e-44f2-9d2e-fbfc2b6e8db1,써브웨이광주수완점 유한회사,샌드위치,희담길,골목형상점가,광주광역시,,,
46baf386b7342c0e963d,full_annotation_v1,A,q_간식_05,간식추천,카페·디저트 중 '간식'을 판매·제공하는 매장,test,간식,T6 기계변형,343dc119-eebb-4fc1-811c-6719468c1e87,간식나라,한식,전주우성타운 골목형상점가,골목형상점가,전북특별자치도,,,
79e2cc68c49ea96c944c,full_annotation_v1,A,q_간식_05,간식추천,카페·디저트 중 '간식'을 판매·제공하는 매장,test,간식,T6 기계변형,05f89167-741d-4371-9b48-35c394c971c6,엘림글로벌서울꽈배기,,길동복조리시장,전통시장,서울특별시,,,
eaa4c35a245b42d7c1c7,full_annotation_v1,A,q_간식_05,간식추천,카페·디저트 중 '간식'을 판매·제공하는 매장,test,간식,T6 기계변형,1b17e4d1-a96a-4048-9d67-20ad6f1e7837,파랑새 커피숍,음료 간식,카림애비뉴애 골목형상점가,골목형상점가,세종특별자치시,,,
425f8f55c60d1b265b14,full_annotation_v1,A,q_간식_05,간식추천,카페·디저트 중 '간식'을 판매·제공하는 매장,test,간식,T6 기계변형,02a3c435-88d7-4473-a9a4-6cfd09513987,보리원 대치은마점,붕어빵 호두과자 찰보리빵 등,은마종합상점가,자율상권구역,서울특별시,,,
d54f413710f34529d853,full_annotation_v1,A,q_간식_05,간식추천,카페·디저트 중 '간식'을 판매·제공하는 매장,test,간식,T6 기계변형,00a88093-8a14-41ad-8b1f-d35632be9f3b,한아름빵집,제과,신평골목시장,전통시장,부산광역시,,,
f3969bff3b3eb1acf153,full_annotation_v1,A,q_간식_05,간식추천,카페·디저트 중 '간식'을 판매·제공하는 매장,test,간식,T6 기계변형,f52fce3d-cc11-4612-a17c-162b878382f1,간식연구소,아이스크림,단봉로골목형상점가,골목형상점가,인천광역시,,,
9c8d3acd4f130fb2c899,full_annotation_v1,A,q_간식_05,간식추천,카페·디저트 중 '간식'을 판매·제공하는 매장,test,간식,T6 기계변형,001bc028-a43e-44d4-9682-db280a4998cc,파리바게뜨전주근영점,제과점,근영누리 골목형상점가,골목형상점가,전북특별자치도,,,
5cbcea6f1e87e98e3c18,full_annotation_v1,A,q_간식_05,간식추천,카페·디저트 중 '간식'을 판매·제공하는 매장,test,간식,T6 기계변형,ce108d83-50fc-45db-93ac-864915d3a386,몽시앙,애견 간식 및 용품,송촌동상점가,자율상권구역,대전광역시,,,
e2ff745c7cd90d92aa0c,full_annotation_v1,A,q_간식_05,간식추천,카페·디저트 중 '간식'을 판매·제공하는 매장,test,간식,T6 기계변형,05572cf5-3f6c-448d-b7c1-2e5e305bd918,원더풀꽈배기,꽈배기,첨단아미 골목형상점가,골목형상점가,광주광역시,,,
a3e0d0180ced1ef9b6c2,full_annotation_v1,A,q_간식_05,간식추천,카페·디저트 중 '간식'을 판매·제공하는 매장,test,간식,T6 기계변형,7e8b5abd-6765-4a5a-b0ff-db9d3ace2a2d,간식시간,분식,중앙로2 골목형상점가,골목형상점가,충청남도,,,
d12eb31a07c22742eae7,full_annotation_v1,A,q_간식_05,간식추천,카페·디저트 중 '간식'을 판매·제공하는 매장,test,간식,T6 기계변형,4e1fc0b5-f2ca-4827-a70a-8a84c7157ac7,간식킹,"문구, 간식",미장사랑 골목형상점가,골목형상점가,전북특별자치도,,,
45eeb22c32003080a8e9,full_annotation_v1,A,q_간식_05,간식추천,카페·디저트 중 '간식'을 판매·제공하는 매장,test,간식,T6 기계변형,4b34e5ec-f9de-401d-b7b4-4b80bac3bc41,또또라면,라면 음료 및 간식,길주프라자 골목형상점가,골목형상점가,인천광역시,,,
1330f65cd7f0ea26ae59,full_annotation_v1,A,q_간식_05,간식추천,카페·디저트 중 '간식'을 판매·제공하는 매장,test,간식,T6 기계변형,305dffd9-0467-48fc-9fd3-1c0a5fbe6595,쉼터휴게음식점,"커피, 간식류",대흥사 골목형상점가,골목형상점가,전라남도,,,
2809fb2ff00e8a135a3f,full_annotation_v1,A,q_간식_05,간식추천,카페·디저트 중 '간식'을 판매·제공하는 매장,test,간식,T6 기계변형,9700c4f2-59b8-4693-b584-3451e1471b1c,꿀담,호떡 간식류,백년시장(구 강북종합전통시장),전통시장,서울특별시,,,
e415fda047efd12f5634,full_annotation_v1,A,q_간식_05,간식추천,카페·디저트 중 '간식'을 판매·제공하는 매장,test,간식,T6 기계변형,f6714913-9b3f-4281-ace7-f5faf83495da,맛있는 하루,농산물,공주산성시장,전통시장,충청남도,,,
8f7fbe6e17dc179c63e5,full_annotation_v1,A,q_간식_05,간식추천,카페·디저트 중 '간식'을 판매·제공하는 매장,test,간식,T6 기계변형,63fe5f1d-f6c6-49f8-82f9-f78f61dad67f,간식집,한식,공주산성시장,전통시장,충청남도,,,
85f4ca9cbea81bcecac3,full_annotation_v1,A,q_간식_05,간식추천,카페·디저트 중 '간식'을 판매·제공하는 매장,test,간식,T6 기계변형,47bb0b6d-5923-4deb-b357-198d825e94ed,더반커피,커피 음료 빵 간식,성남중앙지하시장,일반지하상점가,경기도,,,
1f4a75e6d24a28246241,full_annotation_v1,A,q_간식_05,간식추천,카페·디저트 중 '간식'을 판매·제공하는 매장,test,간식,T6 기계변형,6844ee88-a5ab-412e-9fae-a0aa873ad93b,간식서랍,,혁신도시3구역 골목형상점가,골목형상점가,강원특별자치도,,,
85cf5caa34fc070e8dea,full_annotation_v1,A,q_간식_05,간식추천,카페·디저트 중 '간식'을 판매·제공하는 매장,test,간식,T6 기계변형,9f5195d3-e140-4635-88e2-6276971f8a7b,로즈메리펫뷰티샵,애견미용 간식 허텔,빛가람 상리단길 골목형상점가,골목형상점가,전라남도,,,
02d1504349a128765861,full_annotation_v1,A,q_간식_05,간식추천,카페·디저트 중 '간식'을 판매·제공하는 매장,test,간식,T6 기계변형,18024b37-c35d-438e-946c-1aea8c6a2792,수수곳간,간식,자양15번가골목형상점가,골목형상점가,서울특별시,,,
f7ff8128b2b666f13136,full_annotation_v1,A,q_간식_05,간식추천,카페·디저트 중 '간식'을 판매·제공하는 매장,test,간식,T6 기계변형,043ed8e3-2adc-4c0d-b918-f2b96e232628,못난이꽈배기,꽈배기,천안중앙시장,전통시장,충청남도,,,
0f5a2b584886954dbdd0,full_annotation_v1,A,q_간식_05,간식추천,카페·디저트 중 '간식'을 판매·제공하는 매장,test,간식,T6 기계변형,00362b85-cb9a-4318-9059-12f768d76197,파리바게뜨전주인후점,제과점,소나무 골목형상점가,골목형상점가,전북특별자치도,,,
f81fc667046eeeb60087,full_annotation_v1,A,q_간식_05,간식추천,카페·디저트 중 '간식'을 판매·제공하는 매장,test,간식,T6 기계변형,bb2ed6e6-d8c0-4cdb-806d-8175fa2c3374,과자어때,과자등 간식류,삼례시장,전통시장,전북특별자치도,,,
2984eddef14fc7fcb4bf,full_annotation_v1,A,q_간식_05,간식추천,카페·디저트 중 '간식'을 판매·제공하는 매장,test,간식,T6 기계변형,e9d671e4-a315-482c-a4a9-3d70cd54e3d9,굿데이카페,음료 커피 간식,정이있는 구포시장,전통시장,부산광역시,,,
997552a0dfaf157b04f5,full_annotation_v1,A,q_간식_05,간식추천,카페·디저트 중 '간식'을 판매·제공하는 매장,test,간식,T6 기계변형,48d7431a-68da-4da8-b9bd-d7edd565c188,유진건어물,건어물 간식류,길동복조리시장,전통시장,서울특별시,,,
4c982c2736517df4bc57,full_annotation_v1,A,q_간식_05,간식추천,카페·디저트 중 '간식'을 판매·제공하는 매장,test,간식,T6 기계변형,3452316e-3568-498b-8fbb-d120d139ad43,간식팡팡,문구. 휴게음식점,장성읍 골목형상점가,골목형상점가,전라남도,,,
9c9822016e7e3bad6991,full_annotation_v1,A,q_간식_05,간식추천,카페·디저트 중 '간식'을 판매·제공하는 매장,test,간식,T6 기계변형,002d0d06-15b2-463e-b789-b0232bcc6681,뚜레주르버들마을점,제과,버들마을상인회 골목형상점가,골목형상점가,광주광역시,,,
c8f43e2d28b6a5865b69,full_annotation_v1,A,q_간식_05,간식추천,카페·디저트 중 '간식'을 판매·제공하는 매장,test,간식,T6 기계변형,0eaecef3-d748-4ddb-9179-6df06f823b53,하나카 동물병원,"반려동물 진료, 반려동물 사료, 반려동물 영양제, 반려동물 간식",역삼동 골목형상점가,골목형상점가,서울특별시,,,
56702be95ec467ce034e,full_annotation_v1,A,q_간식_05,간식추천,카페·디저트 중 '간식'을 판매·제공하는 매장,test,간식,T6 기계변형,ccb71ddd-61d0-419e-a003-b2c9fda7c50a,설송원망개떡,떡,천천중심상가 골목형상점가,골목형상점가,경기도,,,
f25b6b32d5bf10904e79,full_annotation_v1,A,q_간식_05,간식추천,카페·디저트 중 '간식'을 판매·제공하는 매장,test,간식,T6 기계변형,54d451b2-e053-49c6-9e37-a072ca3095f0,제로키니 명촌점,,다같이명촌회 골목형상점가,골목형상점가,울산광역시,,,
49e137358d7ef31a0702,full_annotation_v1,A,q_간식_05,간식추천,카페·디저트 중 '간식'을 판매·제공하는 매장,test,간식,T6 기계변형,008d1ed4-a5d7-492e-9959-f8307a68cc5f,샐러드 정원,"샐러드, 샌드위치",미성동도깨비시장,골목형상점가,서울특별시,,,
efeebdc27e4ac32d599f,full_annotation_v1,A,q_간식_05,간식추천,카페·디저트 중 '간식'을 판매·제공하는 매장,test,간식,T6 기계변형,41a49656-a8e3-4e52-88fe-62726eb5c5d1,뻥튀기가 맛있는 집,간식,풍납시장,전통시장,서울특별시,,,
658dc0345a2bcf463f45,full_annotation_v1,A,q_간식_05,간식추천,카페·디저트 중 '간식'을 판매·제공하는 매장,test,간식,T6 기계변형,0c93ea7b-9fbc-41b2-8923-76e8de0d8aa2,달콤간식창고,,빛가람 호수로 골목형상점가,골목형상점가,,,,
c587fbb98c7b1c19f21c,full_annotation_v1,A,q_간식_05,간식추천,카페·디저트 중 '간식'을 판매·제공하는 매장,test,간식,T6 기계변형,0061123f-a676-4556-9633-5fbc4ecaf6ef,치즈케익카스테라카페,제과,북가좌동 골목형상점가,골목형상점가,서울특별시,,,
b5a522b1c086d9a993a2,full_annotation_v1,A,q_간식_05,간식추천,카페·디저트 중 '간식'을 판매·제공하는 매장,test,간식,T6 기계변형,dac9cb63-3ce2-4ea4-9e7b-ea0e45529bcf,간식이떴다,,신구로현대어반벨리 골목형상점가,골목형상점가,서울특별시,,,
2e8503f27a089602635b,full_annotation_v1,A,q_간식_05,간식추천,카페·디저트 중 '간식'을 판매·제공하는 매장,test,간식,T6 기계변형,f0c74a30-4989-4702-b4cf-6cb64a130c55,비타민휘트니스 2호점,헬스,천천중심상가 골목형상점가,골목형상점가,경기도,,,
d48e15e034394b5f6416,full_annotation_v1,A,q_간식_05,간식추천,카페·디저트 중 '간식'을 판매·제공하는 매장,test,간식,T6 기계변형,0cf1e0dc-a2ef-4da6-b9a4-78c363334f7c,지니샌드,간식,종암북바위길골목형상점가,골목형상점가,서울특별시,,,
6643826ca7e4db30903c,full_annotation_v1,A,q_간식_05,간식추천,카페·디저트 중 '간식'을 판매·제공하는 매장,test,간식,T6 기계변형,3fa4e6a5-572b-42f5-87c5-6593564a124a,모산석유,유류,배방상점가,자율상권구역,충청남도,,,
d1d843b149cd8226017a,full_annotation_v1,A,q_간식_05,간식추천,카페·디저트 중 '간식'을 판매·제공하는 매장,test,간식,T6 기계변형,dc60d2e0-6641-4435-9dbf-6090b8d075d7,월드마트,음료 라면 담재 간식 등,월드프라자,전통시장,경기도,,,
8ccd04d17e4216953a8b,full_annotation_v1,A,q_간식_05,간식추천,카페·디저트 중 '간식'을 판매·제공하는 매장,test,간식,T6 기계변형,b663f6d6-bd6f-4f8d-a96d-e15cd96eea34,코지,도소매(의류),신평화패션타운,전통시장,서울특별시,,,
bd2812070391b40b8d67,full_annotation_v1,A,q_간식_05,간식추천,카페·디저트 중 '간식'을 판매·제공하는 매장,test,간식,T6 기계변형,e0e397b0-b964-40dd-a631-15312dcdd68f,오프룻,답례품 간식 커피,정부청사 골목형상점가,골목형상점가,광주광역시,,,
e888b8cba1d29003c849,full_annotation_v1,A,q_간식_05,간식추천,카페·디저트 중 '간식'을 판매·제공하는 매장,test,간식,T6 기계변형,7f904f05-7c06-4c14-881b-6d846d0135c5,분식땡기는날!,"김밥, 간식류",옥천공설시장,전통시장,충청북도,,,
2a5d70845ff07e534a03,full_annotation_v1,A,q_간식_05,간식추천,카페·디저트 중 '간식'을 판매·제공하는 매장,test,간식,T6 기계변형,1ef4110f-ee40-4307-bcd1-2f9aee42e47f,부리또집,간식,숭실마루길골목형상점가,골목형상점가,서울특별시,,,
98f6081efe23b0f36ec1,full_annotation_v1,A,q_간식_05,간식추천,카페·디저트 중 '간식'을 판매·제공하는 매장,test,간식,T6 기계변형,164236d3-dd3f-4a79-8e01-93445328fb55,간식놀이터본점,아이스크림 음료 과자,용정 골목형상점가,골목형상점가,대전광역시,,,
d4265154693204ee4e70,full_annotation_v1,A,q_간식_06,간싣,카페·디저트 중 '간식'을 판매·제공하는 매장,test,간식,T6 기계변형,0007598c-6a5e-44f2-9d2e-fbfc2b6e8db1,써브웨이광주수완점 유한회사,샌드위치,희담길,골목형상점가,광주광역시,,,
479b212c6e8f2712bf88,full_annotation_v1,A,q_간식_06,간싣,카페·디저트 중 '간식'을 판매·제공하는 매장,test,간식,T6 기계변형,9b205f11-b0df-4772-82b7-ba642d138d6f,역전 할머니 맥주 천상점,음싣,천상천 골목형상점가,골목형상점가,울산광역시,,,
bb56bd477f394686edf2,full_annotation_v1,A,q_간식_06,간싣,카페·디저트 중 '간식'을 판매·제공하는 매장,test,간식,T6 기계변형,05572cf5-3f6c-448d-b7c1-2e5e305bd918,원더풀꽈배기,꽈배기,첨단아미 골목형상점가,골목형상점가,광주광역시,,,
011e35ca6aa14d6f85ad,full_annotation_v1,A,q_간식_06,간싣,카페·디저트 중 '간식'을 판매·제공하는 매장,test,간식,T6 기계변형,141388ca-0afb-4297-9176-5a1eed645c12,간지,,동산상가,전통시장,대구광역시,,,
97490694fce387d4bed8,full_annotation_v1,A,q_간식_06,간싣,카페·디저트 중 '간식'을 판매·제공하는 매장,test,간식,T6 기계변형,44f95861-3433-4291-b473-06295ffa16dc,간지룸,여성의류,㈜르네시떼,전통시장,부산광역시,,,
c95805c4c279cb45386d,full_annotation_v1,A,q_간식_06,간싣,카페·디저트 중 '간식'을 판매·제공하는 매장,test,간식,T6 기계변형,c5ce9eb0-9eaa-472c-971e-fbfe98b5ec38,옥떡이,간이 음식,남성역 골목시장,전통시장,서울특별시,,,
de33c417098dd01b7dfa,full_annotation_v1,A,q_간식_06,간싣,카페·디저트 중 '간식'을 판매·제공하는 매장,test,간식,T6 기계변형,d55a0af3-d239-460f-b882-2eb67bc68560,해프닝,간이음식,신월3동시장골목형상점가,골목형상점가,서울특별시,,,
5de3b330166da6144296,full_annotation_v1,A,q_간식_06,간싣,카페·디저트 중 '간식'을 판매·제공하는 매장,test,간식,T6 기계변형,9ec25df4-e344-465f-9802-0acb96c64b53,오채카페,간이음식,풍암운리중상인회 골목형상점가,골목형상점가,광주광역시,,,
af002b50dbcbac40ef53,full_annotation_v1,A,q_간식_06,간싣,카페·디저트 중 '간식'을 판매·제공하는 매장,test,간식,T6 기계변형,50d998ab-e42c-4eee-8980-268bbdfb203c,이프레시청과,과일 야채 수산,장안문거북시장,전통시장,경기도,,,
328792ba70b26909ec45,full_annotation_v1,A,q_간식_06,간싣,카페·디저트 중 '간식'을 판매·제공하는 매장,test,간식,T6 기계변형,0521f642-329a-4ddf-a92b-b43585bebb0f,원더풀꽈배기,,승달 골목형상점가,골목형상점가,,,,
24df407dcabd1b163607,full_annotation_v1,A,q_간식_06,간싣,카페·디저트 중 '간식'을 판매·제공하는 매장,test,간식,T6 기계변형,34dddc66-7e16-4603-aeda-6a4be0e4c573,간지뽕빨,의류,서문시장(명품프라자상가),전통시장,대구광역시,,,
eec6ad5e36071082051f,full_annotation_v1,A,q_간식_06,간싣,카페·디저트 중 '간식'을 판매·제공하는 매장,test,간식,T6 기계변형,01c93758-055c-48ad-ac74-f0cee5b99431,호두마당 부산진구점,호두과자,부전상가시장,전통시장,부산광역시,,,
4d2ba1701238f25bffea,full_annotation_v1,A,q_간식_06,간싣,카페·디저트 중 '간식'을 판매·제공하는 매장,test,간식,T6 기계변형,0eaecef3-d748-4ddb-9179-6df06f823b53,하나카 동물병원,"반려동물 진료, 반려동물 사료, 반려동물 영양제, 반려동물 간식",역삼동 골목형상점가,골목형상점가,서울특별시,,,
0b467048749622f649ea,full_annotation_v1,A,q_간식_06,간싣,카페·디저트 중 '간식'을 판매·제공하는 매장,test,간식,T6 기계변형,000814be-1ad1-4f62-87e7-0e02af595e2f,사사,"샌드위치, 케이크, 커피",나릿재 골목형상점가,골목형상점가,세종특별자치시,,,
9d06ce0f1a6e3bb31470,full_annotation_v1,A,q_간식_06,간싣,카페·디저트 중 '간식'을 판매·제공하는 매장,test,간식,T6 기계변형,7902b9bb-6492-4387-b3f4-caa07acfbe5d,간판대학,간판관련,꿈의숲장곡골목형상점가,골목형상점가,서울특별시,,,
defefc7b031156e4dc4e,full_annotation_v1,A,q_간식_06,간싣,카페·디저트 중 '간식'을 판매·제공하는 매장,test,간식,T6 기계변형,e56537f9-567b-47c4-9c7e-32271959df74,간식타임,전,쌍봉시장,전통시장,전라남도,,,
6943d3e6145da1e0ac81,full_annotation_v1,A,q_간식_06,간싣,카페·디저트 중 '간식'을 판매·제공하는 매장,test,간식,T6 기계변형,9bc94e33-d392-4523-9393-1c4c6458f2bc,갈맥상통,간식,당진시신도심상점가,자율상권구역,충청남도,,,
aefc95c79b0ebec6c787,full_annotation_v1,A,q_간식_06,간싣,카페·디저트 중 '간식'을 판매·제공하는 매장,test,간식,T6 기계변형,6844ee88-a5ab-412e-9fae-a0aa873ad93b,간식서랍,,혁신도시3구역 골목형상점가,골목형상점가,강원특별자치도,,,
f528e50347874d7b4bce,full_annotation_v1,A,q_간식_06,간싣,카페·디저트 중 '간식'을 판매·제공하는 매장,test,간식,T6 기계변형,001bc028-a43e-44d4-9682-db280a4998cc,파리바게뜨전주근영점,제과점,근영누리 골목형상점가,골목형상점가,전북특별자치도,,,
51245e8745b51ee5101c,full_annotation_v1,A,q_간식_06,간싣,카페·디저트 중 '간식'을 판매·제공하는 매장,test,간식,T6 기계변형,ea3c6a0d-4c52-4ad7-a550-136a6b17867d,간석청과,청과,간석자유시장,전통시장,인천광역시,,,
0cf4af876abd43bdef1a,full_annotation_v1,A,q_간식_06,간싣,카페·디저트 중 '간식'을 판매·제공하는 매장,test,간식,T6 기계변형,9e6c1e91-c8da-4d40-8980-c1df9ab38d5d,군산상회,의류,군산공설시장,전통시장,전북특별자치도,,,
3c62b44591f53f4106c5,full_annotation_v1,A,q_간식_06,간싣,카페·디저트 중 '간식'을 판매·제공하는 매장,test,간식,T6 기계변형,9ef96bab-5f5f-4f83-a600-e7d336653705,간절곳 튀김,음식,반송큰시장,전통시장,부산광역시,,,
0c968dd7be00b81eb729,full_annotation_v1,A,q_간식_06,간싣,카페·디저트 중 '간식'을 판매·제공하는 매장,test,간식,T6 기계변형,01874291-5378-4910-88e7-c2fb85b4ea5c,써브웨이 광주금호점,샌드위치 전문점,금호상인회 골목형상점가,골목형상점가,광주광역시,,,
5b11c15464eade3a9ad3,full_annotation_v1,A,q_간식_06,간싣,카페·디저트 중 '간식'을 판매·제공하는 매장,test,간식,T6 기계변형,0346c7d3-2a07-41c5-8627-bc65b1e5122e,루미담,빵류 과자류 강정류,효천2지구 골목형상점가,골목형상점가,광주광역시,,,
7a330dbaef9cb94fba7a,full_annotation_v1,A,q_간식_06,간싣,카페·디저트 중 '간식'을 판매·제공하는 매장,test,간식,T6 기계변형,112343fc-81a9-472b-b08c-24cf27f757e9,초록마을대전노은점,신선야채.어린이간식.건강식품등....,열매 골목형상점가,골목형상점가,대전광역시,,,
f380fd4037f90e467697,full_annotation_v1,A,q_간식_06,간싣,카페·디저트 중 '간식'을 판매·제공하는 매장,test,간식,T6 기계변형,01226f93-5490-4530-a460-d5482763890d,버터앤츄,구움과자,행리단길 골목형상점가,골목형상점가,경기도,,,
6f9019206d70c00e1a92,full_annotation_v1,A,q_간식_06,간싣,카페·디저트 중 '간식'을 판매·제공하는 매장,test,간식,T6 기계변형,002580f9-7146-4999-af6a-cfecd782191a,마녀샌드위치,샌드위치,광주여대 골목형상점가,골목형상점가,광주광역시,,,
9fa0d6e87c3aefc94301,full_annotation_v1,A,q_간식_06,간싣,카페·디저트 중 '간식'을 판매·제공하는 매장,test,간식,T6 기계변형,4e1fc0b5-f2ca-4827-a70a-8a84c7157ac7,간식킹,"문구, 간식",미장사랑 골목형상점가,골목형상점가,전북특별자치도,,,
14c2d6960bfecbc3d809,full_annotation_v1,A,q_간식_06,간싣,카페·디저트 중 '간식'을 판매·제공하는 매장,test,간식,T6 기계변형,dac9cb63-3ce2-4ea4-9e7b-ea0e45529bcf,간식이떴다,,신구로현대어반벨리 골목형상점가,골목형상점가,서울특별시,,,
a4f7fdbe4a66a188ade4,full_annotation_v1,A,q_간식_06,간싣,카페·디저트 중 '간식'을 판매·제공하는 매장,test,간식,T6 기계변형,035ade2e-faa7-4218-85bb-8f4634995653,복호두광주상무점,호두과자와 음료,상무시청상인회 골목형상점가,골목형상점가,광주광역시,,,
b58b9cd5b18fe78cbbdd,full_annotation_v1,A,q_간식_06,간싣,카페·디저트 중 '간식'을 판매·제공하는 매장,test,간식,T6 기계변형,5abd2cc6-ab5d-4787-84fa-12ddb2fe95d5,예가,한싣,화정한울타리상인회 골목형상점가,골목형상점가,광주광역시,,,
6e5a52292e0e3ae6ddfa,full_annotation_v1,A,q_간식_06,간싣,카페·디저트 중 '간식'을 판매·제공하는 매장,test,간식,T6 기계변형,51de32c5-dd81-4105-845a-ea7105c69182,라움필라테스,교육서비스업,푸른솔빛골목형상점가,골목형상점가,인천광역시,,,
3c9ab244a3788822004d,full_annotation_v1,A,q_간식_06,간싣,카페·디저트 중 '간식'을 판매·제공하는 매장,test,간식,T6 기계변형,1609c6fa-21ca-4b30-8185-fcc44ba64035,간판없는집,한식,창원 봉곡시장,전통시장,경상남도,,,
05639a919b6f9fcf3135,full_annotation_v1,A,q_간식_06,간싣,카페·디저트 중 '간식'을 판매·제공하는 매장,test,간식,T6 기계변형,7cf981ac-bf39-440b-be27-ede4d4bcb528,네일윤이나,네일,임동 골목형상점가,골목형상점가,광주광역시,,,
743e0aeab5b887e4c32e,full_annotation_v1,A,q_간식_06,간싣,카페·디저트 중 '간식'을 판매·제공하는 매장,test,간식,T6 기계변형,aeed92c7-4502-47a8-abd5-b1ccedd50591,씨에쓰디 주식회사,농수산 정육 냉장 식품 냉동 식품 공산,풍영 골목형상점가,골목형상점가,광주광역시,,,
1cbd00d91cd6a044df9a,full_annotation_v1,A,q_간식_06,간싣,카페·디저트 중 '간식'을 판매·제공하는 매장,test,간식,T6 기계변형,cccbd45a-7059-4fce-9c71-d5b10a691826,파리바게뜨울산대점,,울산대바보사거리 골목형상점가,골목형상점가,울산광역시,,,
e32bc7de8ed442f8cb16,full_annotation_v1,A,q_간식_06,간싣,카페·디저트 중 '간식'을 판매·제공하는 매장,test,간식,T6 기계변형,02a3c435-88d7-4473-a9a4-6cfd09513987,보리원 대치은마점,붕어빵 호두과자 찰보리빵 등,은마종합상점가,자율상권구역,서울특별시,,,
8ee9b9f92ee16b87ea2d,full_annotation_v1,A,q_간식_06,간싣,카페·디저트 중 '간식'을 판매·제공하는 매장,test,간식,T6 기계변형,9e4ae0c5-0261-4af4-a22c-5fdcc712ba18,간소내치킨,치킨,석세스,골목형상점가,광주광역시,,,
eb7d034dfcc06cb9aaa7,full_annotation_v1,A,q_간식_06,간싣,카페·디저트 중 '간식'을 판매·제공하는 매장,test,간식,T6 기계변형,26fcf63b-90e7-4f18-aab1-436d3896658b,시네마,한싣,서원동상점가,자율상권구역,서울특별시,,,
6e7d2f72dfe2cb3560ca,full_annotation_v1,A,q_간식_06,간싣,카페·디저트 중 '간식'을 판매·제공하는 매장,test,간식,T6 기계변형,00a88093-8a14-41ad-8b1f-d35632be9f3b,한아름빵집,제과,신평골목시장,전통시장,부산광역시,,,
67a4ca5383304d562a76,full_annotation_v1,A,q_간식_06,간싣,카페·디저트 중 '간식'을 판매·제공하는 매장,test,간식,T6 기계변형,0c93ea7b-9fbc-41b2-8923-76e8de0d8aa2,달콤간식창고,,빛가람 호수로 골목형상점가,골목형상점가,,,,
c515244b647eb9a8d8a2,full_annotation_v1,A,q_간식_06,간싣,카페·디저트 중 '간식'을 판매·제공하는 매장,test,간식,T6 기계변형,6f150738-b939-4895-9998-db84cb4d387b,윤창마크,간판,양동시장,전통시장,광주광역시,,,
9e913f1ad0fb4c56dce0,full_annotation_v1,A,q_간식_06,간싣,카페·디저트 중 '간식'을 판매·제공하는 매장,test,간식,T6 기계변형,6e31a2ad-c026-411a-95e9-71aa28f0ffac,딴뚝통나무집식당,"게국지, 간장게장 등",백년소상공인,,충청남도,,,
6c3e0a28985d88e6909c,full_annotation_v1,A,q_간식_06,간싣,카페·디저트 중 '간식'을 판매·제공하는 매장,test,간식,T6 기계변형,3f987161-2cc4-4ac3-afbc-593bc1c63945,흥양촌,채소,장성읍 골목형상점가,골목형상점가,전라남도,,,
f8e2fb1986e34289f5fc,full_annotation_v1,A,q_간식_06,간싣,카페·디저트 중 '간식'을 판매·제공하는 매장,test,간식,T6 기계변형,76fd275c-5759-424d-8f67-5e08280efc96,간큰남자,농수산물,동대구신시장,전통시장,대구광역시,,,
a3c5a92ea748be929486,full_annotation_v1,A,q_간식_06,간싣,카페·디저트 중 '간식'을 판매·제공하는 매장,test,간식,T6 기계변형,99e5b913-61ef-4ae3-815d-0c3495b67f9f,금비의상실,주단,중앙종합시장,전통시장,대전광역시,,,
c263e3fa8bf7ddfcd440,full_annotation_v1,A,q_간식_06,간싣,카페·디저트 중 '간식'을 판매·제공하는 매장,test,간식,T6 기계변형,91105c8b-55aa-43a7-aefa-ea66f0543983,해피미용실,미용,신도꼼지락시장,전통시장,대전광역시,,,
577c4a14110a69b5caf4,full_annotation_v1,A,q_간식_06,간싣,카페·디저트 중 '간식'을 판매·제공하는 매장,test,간식,T6 기계변형,a0633ca0-3421-46ba-b661-9d20d5d8504c,디셈버2,간이음식,부산대자율상권구역,기타,부산광역시,,,
42685b1d43359aea9dc9,full_annotation_v1,A,q_간식_06,간싣,카페·디저트 중 '간식'을 판매·제공하는 매장,test,간식,T6 기계변형,5f3d5e69-d213-479b-8826-41b13c74cf5e,엔제리너스,,울산대바보사거리 골목형상점가,골목형상점가,울산광역시,,,
08d4a5e58627a35aed84,full_annotation_v1,A,q_간식_06,간싣,카페·디저트 중 '간식'을 판매·제공하는 매장,test,간식,T6 기계변형,1a49373a-1a58-4db8-b687-93320bf40ab5,웰빙즉석손두부,두부,인천모래내전통시장,전통시장,인천광역시,,,
3e50631f68ce08c5894f,full_annotation_v1,A,q_간식_06,간싣,카페·디저트 중 '간식'을 판매·제공하는 매장,test,간식,T6 기계변형,7e8b5abd-6765-4a5a-b0ff-db9d3ace2a2d,간식시간,분식,중앙로2 골목형상점가,골목형상점가,충청남도,,,
e16dfe23f7dae3503aa9,full_annotation_v1,A,q_간식_06,간싣,카페·디저트 중 '간식'을 판매·제공하는 매장,test,간식,T6 기계변형,043ed8e3-2adc-4c0d-b918-f2b96e232628,못난이꽈배기,꽈배기,천안중앙시장,전통시장,충청남도,,,
b3e932fcd8b3f0521ac2,full_annotation_v1,A,q_간식_06,간싣,카페·디저트 중 '간식'을 판매·제공하는 매장,test,간식,T6 기계변형,1c35a40a-566d-4120-80d3-c0aa43bff028,로띠팜,간이음식,전주한옥마을 골목형상점가,골목형상점가,전북특별자치도,,,
f87dc066004992900ce1,full_annotation_v1,A,q_간식_06,간싣,카페·디저트 중 '간식'을 판매·제공하는 매장,test,간식,T6 기계변형,e3bc8686-377c-44f7-8f37-fadb3cb906c3,하늘정보통신,통신기기,장성읍 골목형상점가,골목형상점가,전라남도,,,
f4319747f739b13cd7ee,full_annotation_v1,A,q_간식_06,간싣,카페·디저트 중 '간식'을 판매·제공하는 매장,test,간식,T6 기계변형,fa78e60e-3cf3-4fd2-b94f-baaf027089f8,간지,의류,성남중앙지하시장,일반지하상점가,경기도,,,
20d924593d0d3688c2cc,full_annotation_v1,A,q_간식_06,간싣,카페·디저트 중 '간식'을 판매·제공하는 매장,test,간식,T6 기계변형,18024b37-c35d-438e-946c-1aea8c6a2792,수수곳간,간식,자양15번가골목형상점가,골목형상점가,서울특별시,,,
030c3a3fc1da04261b5e,full_annotation_v1,A,q_간식_06,간싣,카페·디저트 중 '간식'을 판매·제공하는 매장,test,간식,T6 기계변형,9c75364d-6c68-447a-831a-41005f642c16,간성닭집,치킨,간성전통시장(구 천년고성시장),전통시장,강원특별자치도,,,
822769ac5c315793ad81,full_annotation_v1,A,q_간식_06,간싣,카페·디저트 중 '간식'을 판매·제공하는 매장,test,간식,T6 기계변형,002d0d06-15b2-463e-b789-b0232bcc6681,뚜레주르버들마을점,제과,버들마을상인회 골목형상점가,골목형상점가,광주광역시,,,
afcf1f4009a036d59980,full_annotation_v1,A,q_간식_06,간싣,카페·디저트 중 '간식'을 판매·제공하는 매장,test,간식,T6 기계변형,66949b22-611d-4650-b074-e5d9cf6c5b24,메이지,분싣,진주 로데오거리상점가,자율상권구역,경상남도,,,
75531044633b342bd80c,full_annotation_v1,A,q_간식_06,간싣,카페·디저트 중 '간식'을 판매·제공하는 매장,test,간식,T6 기계변형,ba8e0ab9-3b77-4e1d-bba4-198024f90db4,커피쏘나,간이음식,운리공원상인회 골목형상점가,골목형상점가,광주광역시,,,
95f2c4db19add9a0b3a0,full_annotation_v1,A,q_간식_06,간싣,카페·디저트 중 '간식'을 판매·제공하는 매장,test,간식,T6 기계변형,ddd95d5e-095a-44f8-96d6-fc76ff92c8cd,그때그집,한싣,양산상생하는하서로 골목형상점가,골목형상점가,광주광역시,,,
03b53b522d19778f8b56,full_annotation_v1,A,q_간식_06,간싣,카페·디저트 중 '간식'을 판매·제공하는 매장,test,간식,T6 기계변형,d7cce73c-a68b-40d1-a731-c1555491c7c4,영진지오마트,도소매업(슈퍼마켓),대신시장,전통시장,서울특별시,,,
e70c13c92f9f00eea301,full_annotation_v1,A,q_간식_06,간싣,카페·디저트 중 '간식'을 판매·제공하는 매장,test,간식,T6 기계변형,0cf1e0dc-a2ef-4da6-b9a4-78c363334f7c,지니샌드,간식,종암북바위길골목형상점가,골목형상점가,서울특별시,,,
ccb3591ac215fc86cd3d,full_annotation_v1,A,q_간식_06,간싣,카페·디저트 중 '간식'을 판매·제공하는 매장,test,간식,T6 기계변형,68222ffd-fb3c-41ab-8ca3-08f76e6123a2,다도댐메기탕,메기탕,임동 골목형상점가,골목형상점가,광주광역시,,,
23b14a0242353dc85bf4,full_annotation_v1,A,q_간식_06,간싣,카페·디저트 중 '간식'을 판매·제공하는 매장,test,간식,T6 기계변형,02cae025-3a64-4510-83ad-92023678937e,간재비,한식,양평1동어울림골목형상점가,골목형상점가,서울특별시,,,
8ab95e0d9bcde635aacd,full_annotation_v1,A,q_간식_06,간싣,카페·디저트 중 '간식'을 판매·제공하는 매장,test,간식,T6 기계변형,01dc1f3e-6edc-47a3-9fdf-124d0ea0de98,심봉사도르케 연천전곡점,고로케 꽈배기,전곡로데오거리 골목형상점가,골목형상점가,경기도,,,
2a63474630bede086670,full_annotation_v1,A,q_간식_06,간싣,카페·디저트 중 '간식'을 판매·제공하는 매장,test,간식,T6 기계변형,ad38ffdf-873f-486b-b348-aa48c458fe11,간월도횟집,한식,영일대북부시장(구 북부시장),전통시장,경상북도,,,
31264b8ddd80af951335,full_annotation_v1,A,q_간식_06,간싣,카페·디저트 중 '간식'을 판매·제공하는 매장,test,간식,T6 기계변형,c8bba57e-ce0b-4b87-b2ce-b9f8ff2684a1,간성닭집,닭,간성전통시장(구 천년고성시장),전통시장,강원특별자치도,,,
209475abad05b78b7e16,full_annotation_v1,A,q_간식_06,간싣,카페·디저트 중 '간식'을 판매·제공하는 매장,test,간식,T6 기계변형,6c8bc3a0-ef7f-491b-a906-e3d12b46133f,간지,미용,반드레길골목형상점가,골목형상점가,서울특별시,,,
6f2ffb7ade20623f956b,full_annotation_v1,A,q_간식_06,간싣,카페·디저트 중 '간식'을 판매·제공하는 매장,test,간식,T6 기계변형,01bd7bef-45a3-45b0-9caa-9ecd38d34f7a,간이역봉덕점,간이음식,봉덕맛길 골목형상점가,골목형상점가,대구광역시,,,
01a1dfdb254ca39cf9ea,full_annotation_v1,A,q_간식_06,간싣,카페·디저트 중 '간식'을 판매·제공하는 매장,test,간식,T6 기계변형,0d753046-7eb1-4915-9c50-1e735acf1c1d,버블퍼피,"애견간식, 용품",왕십리무학봉상점가,자율상권구역,서울특별시,,,
e21ac3b65a5610011131,full_annotation_v1,A,q_간식_06,간싣,카페·디저트 중 '간식'을 판매·제공하는 매장,test,간식,T6 기계변형,343dc119-eebb-4fc1-811c-6719468c1e87,간식나라,한식,전주우성타운 골목형상점가,골목형상점가,전북특별자치도,,,
2042b3013407ed29d72a,full_annotation_v1,A,q_간식_06,간싣,카페·디저트 중 '간식'을 판매·제공하는 매장,test,간식,T6 기계변형,08174f98-2306-48d1-bef1-12164b42b6ab,새마을슈퍼,슈퍼,내수전통시장,전통시장,충청북도,,,
434b41c27dc737eb07b2,full_annotation_v1,A,q_간식_06,간싣,카페·디저트 중 '간식'을 판매·제공하는 매장,test,간식,T6 기계변형,414efa97-b306-4931-9830-e2ba3a564fc2,황악분식,간이음식,김천평화시장,전통시장,경상북도,,,
6de18788b15034c3dd44,full_annotation_v1,A,q_간식_06,간싣,카페·디저트 중 '간식'을 판매·제공하는 매장,test,간식,T6 기계변형,00362b85-cb9a-4318-9059-12f768d76197,파리바게뜨전주인후점,제과점,소나무 골목형상점가,골목형상점가,전북특별자치도,,,
a973a801fcc39f11152c,full_annotation_v1,A,q_간식_06,간싣,카페·디저트 중 '간식'을 판매·제공하는 매장,test,간식,T6 기계변형,05f89167-741d-4371-9b48-35c394c971c6,엘림글로벌서울꽈배기,,길동복조리시장,전통시장,서울특별시,,,
5a96a81431e1e131f44a,full_annotation_v1,A,q_간식_06,간싣,카페·디저트 중 '간식'을 판매·제공하는 매장,test,간식,T6 기계변형,63fe5f1d-f6c6-49f8-82f9-f78f61dad67f,간식집,한식,공주산성시장,전통시장,충청남도,,,
8c273dc51a21dc0c5982,full_annotation_v1,A,q_간식_06,간싣,카페·디저트 중 '간식'을 판매·제공하는 매장,test,간식,T6 기계변형,0061123f-a676-4556-9633-5fbc4ecaf6ef,치즈케익카스테라카페,제과,북가좌동 골목형상점가,골목형상점가,서울특별시,,,
6b643f28754c5b691d9f,full_annotation_v1,A,q_간식_06,간싣,카페·디저트 중 '간식'을 판매·제공하는 매장,test,간식,T6 기계변형,649b24ef-183a-4938-94e1-5cc0721c23dd,간월도식당,한식,소래포구종합어시장,자율상권구역,인천광역시,,,
7418999331b552abe161,full_annotation_v1,A,q_간식_06,간싣,카페·디저트 중 '간식'을 판매·제공하는 매장,test,간식,T6 기계변형,008d1ed4-a5d7-492e-9959-f8307a68cc5f,샐러드 정원,"샐러드, 샌드위치",미성동도깨비시장,골목형상점가,서울특별시,,,
0d728c85e38bd129a944,full_annotation_v1,A,q_건강식품_01,건강기능식품,식료품 중 '건강식품'을 판매·제공하는 매장,test,건강식품,T2 동의어,e53edcc7-51e6-4c07-b608-8f60b6032555,솔고,건강기능식품,주엽역 골목형상점가,골목형상점가,경기도,,,
446d75a301263356a34c,full_annotation_v1,A,q_건강식품_01,건강기능식품,식료품 중 '건강식품'을 판매·제공하는 매장,test,건강식품,T2 동의어,dc4ca25c-2c88-4beb-bb56-8d27425d3dc7,진도울금구기자,건강기능식품,양동복개상가,전통시장,광주광역시,,,
7cd07d0e812b31ff41b4,full_annotation_v1,A,q_건강식품_01,건강기능식품,식료품 중 '건강식품'을 판매·제공하는 매장,test,건강식품,T2 동의어,4e978903-85d4-47ec-8c41-3f53295ca469,독일피엠상주점,건강기능식품,상주왕산상점가,자율상권구역,경상북도,,,
8990c335ae3524b48d7f,full_annotation_v1,A,q_건강식품_01,건강기능식품,식료품 중 '건강식품'을 판매·제공하는 매장,test,건강식품,T2 동의어,00bd78a7-2a89-48d4-b7ec-efe5116ce2a4,반월당경북약국,약국,메트로센터(반월당지하쇼핑),일반지하상점가,대구광역시,,,
726433aff037ee208221,full_annotation_v1,A,q_건강식품_01,건강기능식품,식료품 중 '건강식품'을 판매·제공하는 매장,test,건강식품,T2 동의어,aa654592-d2a3-4a78-ad8c-2b9b3504f20e,황토건강원,건강기능식품,송화벽화시장,자율상권구역,서울특별시,,,
7326b7775bb41b894f42,full_annotation_v1,A,q_건강식품_01,건강기능식품,식료품 중 '건강식품'을 판매·제공하는 매장,test,건강식품,T2 동의어,7f8aabb9-528c-4d4a-9507-358fc1e063bf,금빛식품,건강기능식품 판매,세종전통시장,전통시장,세종특별자치시,,,
91d6025b4af6c026f627,full_annotation_v1,A,q_건강식품_01,건강기능식품,식료품 중 '건강식품'을 판매·제공하는 매장,test,건강식품,T2 동의어,03b95d04-ca2b-4e46-b0d5-e8ec74e157d9,금산인삼건강원,건강기능식품,서현센트럴상점,골목형상점가,경기도,,,
386ee2455af4f2f2b01f,full_annotation_v1,A,q_건강식품_01,건강기능식품,식료품 중 '건강식품'을 판매·제공하는 매장,test,건강식품,T2 동의어,33b77ff8-910d-44c4-8dd6-7c6d76bc84b3,헬씨라이프,건강기능식품,신도봉시장,전통시장,서울특별시,,,
e6d6dcd88540d787f544,full_annotation_v1,A,q_건강식품_01,건강기능식품,식료품 중 '건강식품'을 판매·제공하는 매장,test,건강식품,T2 동의어,20c7a8e1-837a-4e8c-9407-dec9d37b2138,차야,건강기능식품,서문시장 제5지구,전통시장,대구광역시,,,
b6f3e5e5a6b693893fbe,full_annotation_v1,A,q_건강식품_01,건강기능식품,식료품 중 '건강식품'을 판매·제공하는 매장,test,건강식품,T2 동의어,006929a4-6712-43ca-80d7-f540710009b5,삼송프라자약국,의약품 외 건강기능식품,신원권율3 골목형상점가,골목형상점가,경기도,,,
181ec84075d9fa7cab76,full_annotation_v1,A,q_건강식품_01,건강기능식품,식료품 중 '건강식품'을 판매·제공하는 매장,test,건강식품,T2 동의어,9f216752-433a-42d8-a600-e1e0a50cc4d1,뷰티샵,건강기능식품,봉선1로 골목형상점가,골목형상점가,광주광역시,,,
b85761016e25293e3651,full_annotation_v1,A,q_건강식품_01,건강기능식품,식료품 중 '건강식품'을 판매·제공하는 매장,test,건강식품,T2 동의어,86988f79-3d28-473a-b70b-f50b9bb48c5a,골드건강기능식품점,건강기능식품,비단길현대시장,전통시장,서울특별시,,,
d500fe0de994ec9ea566,full_annotation_v1,A,q_건강식품_01,건강기능식품,식료품 중 '건강식품'을 판매·제공하는 매장,test,건강식품,T2 동의어,794bbcd7-f2db-4d9b-aeb3-1c33028114f3,아이플러스,건강기능식품,신세계앞상인회 골목형상점가,골목형상점가,광주광역시,,,
b7bfcb0894052287ee9c,full_annotation_v1,A,q_건강식품_01,건강기능식품,식료품 중 '건강식품'을 판매·제공하는 매장,test,건강식품,T2 동의어,42982242-c015-4312-adce-5528a979f015,약초백화점,건강기능식품,부평종합시장,전통시장,인천광역시,,,
0e216fc47596a9f47990,full_annotation_v1,A,q_건강식품_01,건강기능식품,식료품 중 '건강식품'을 판매·제공하는 매장,test,건강식품,T2 동의어,01f1ff87-d7c5-4c13-b60e-937f9d6221fd,수삼센터 83호,인삼(수삼),금산수삼센터,전통시장,충청남도,,,
1f531dfb79baaa4dc27f,full_annotation_v1,A,q_건강식품_01,건강기능식품,식료품 중 '건강식품'을 판매·제공하는 매장,test,건강식품,T2 동의어,fd8b89e9-7f58-478b-92d2-1c0157e79424,금빛나날,건강기능식품,시장로타리지하상가,일반지하상점가,인천광역시,,,
4e409c1f341c8da08e9e,full_annotation_v1,A,q_건강식품_01,건강기능식품,식료품 중 '건강식품'을 판매·제공하는 매장,test,건강식품,T2 동의어,7e4d9ee6-2c4b-4d70-ba7a-c4d8d3ee3d23,이루다,건강기능식품,괴정가장로 골목형상점가,골목형상점가,대전광역시,,,
fd581a4db465cb3975e2,full_annotation_v1,A,q_건강식품_01,건강기능식품,식료품 중 '건강식품'을 판매·제공하는 매장,test,건강식품,T2 동의어,9e88916f-972b-437b-a355-4e3c236357a1,굿핏,운동 건강기능식품,지족반석 골목형상점가,골목형상점가,대전광역시,,,
5f9a17fb10a18fc1cce1,full_annotation_v1,A,q_건강식품_01,건강기능식품,식료품 중 '건강식품'을 판매·제공하는 매장,test,건강식품,T2 동의어,48bf4470-02c0-434d-8f7e-c0d45ee57b7f,호주면세,건강기능식품,구리전통시장,전통시장,경기도,,,
837f5bb93f7681c13aae,full_annotation_v1,A,q_건강식품_01,건강기능식품,식료품 중 '건강식품'을 판매·제공하는 매장,test,건강식품,T2 동의어,8fdc7c99-9ff0-431a-8e2f-f91b6c268877,만수라파건강원,건강기능식품,오산오색시장(구 오산중앙시장),전통시장,경기도,,,
bb1bea28052012d035d4,full_annotation_v1,A,q_건강식품_01,건강기능식품,식료품 중 '건강식품'을 판매·제공하는 매장,test,건강식품,T2 동의어,75afabeb-ed9e-4c46-8985-9ea9c03fb60a,미즈비즈,건강기능식품,마산 대동씨코아상가시장,전통시장,경상남도,,,
a37587f8e8b7c1743536,full_annotation_v1,A,q_건강식품_01,건강기능식품,식료품 중 '건강식품'을 판매·제공하는 매장,test,건강식품,T2 동의어,9b0f6f73-64ac-47f9-ad7a-43751e92ada2,베스트패션,의류,진해중앙시장,전통시장,경상남도,,,
966873407ce9683937ab,full_annotation_v1,A,q_건강식품_01,건강기능식품,식료품 중 '건강식품'을 판매·제공하는 매장,test,건강식품,T2 동의어,505f2ce3-460d-4bfe-9273-f5704a62f7eb,뉴질랜드창원용호점,건강기능식품,창원 정우상가,자율상권구역,경상남도,,,
dd9491d1187932c8318e,full_annotation_v1,A,q_건강식품_01,건강기능식품,식료품 중 '건강식품'을 판매·제공하는 매장,test,건강식품,T2 동의어,00339341-0652-4ec2-abc9-9cfd99cfafd8,정관장 화서시장점,건강기능식품,화서시장,전통시장,경기도,,,
12bee836d91502f6e432,full_annotation_v1,A,q_건강식품_01,건강기능식품,식료품 중 '건강식품'을 판매·제공하는 매장,test,건강식품,T2 동의어,30c99a15-c62f-4fb3-921c-126678788880,굿썸엑스포점,건강기능식품,엑스포코아 골목형상점가,골목형상점가,대전광역시,,,
5234c78431d90834c25c,full_annotation_v1,A,q_건강식품_01,건강기능식품,식료품 중 '건강식품'을 판매·제공하는 매장,test,건강식품,T2 동의어,79cef1ca-804a-40cb-9f00-e7a14e3045ab,큐사랑,건강기능식품,월곡대반 골목형상점가,골목형상점가,광주광역시,,,
c5d289a2c12a9db76764,full_annotation_v1,A,q_건강식품_01,건강기능식품,식료품 중 '건강식품'을 판매·제공하는 매장,test,건강식품,T2 동의어,9dede654-e3c9-4a5d-8571-55f0139dc85a,에덴약국,의약품 건강기능식품,우산동무진대로 골목형상점가,골목형상점가,광주광역시,,,
506aa691f9bb7781006d,full_annotation_v1,A,q_건강식품_01,건강기능식품,식료품 중 '건강식품'을 판매·제공하는 매장,test,건강식품,T2 동의어,016f8113-22a7-4ef1-a80f-0562dd2a06e9,동이식품,"식품, 농산물",중앙신시장,전통시장,경상북도,,,
ed81b1746f47a9bf3950,full_annotation_v1,A,q_건강식품_01,건강기능식품,식료품 중 '건강식품'을 판매·제공하는 매장,test,건강식품,T2 동의어,bc7fb599-aed0-4e59-88e1-8844a6d195ce,참웰빙하우스,건강기능식품,시화유통상가,전통시장,경기도,,,
118275d5c8661c77fb0e,full_annotation_v1,A,q_건강식품_01,건강기능식품,식료품 중 '건강식품'을 판매·제공하는 매장,test,건강식품,T2 동의어,5d6ce382-f020-4643-95ee-06159df2096b,열매점핑허브다이어트,건강기능식품,법원단지길골목형상점가,골목형상점가,서울특별시,,,
b040df58ee33d847621e,full_annotation_v1,A,q_건강식품_01,건강기능식품,식료품 중 '건강식품'을 판매·제공하는 매장,test,건강식품,T2 동의어,de269cd7-432a-4c57-b688-1ca6022d18e7,호주면세점,건강기능식품,북부중앙 골목형상점가,골목형상점가,경기도,,,
d0d01c4a965570e549ad,full_annotation_v1,A,q_건강식품_01,건강기능식품,식료품 중 '건강식품'을 판매·제공하는 매장,test,건강식품,T2 동의어,4015d95f-279a-4d3a-8678-5bd3bd7833ac,호주면세점,건강기능식품,거제 고현자율상권,,경상남도,,,
c828a84e99a840d1da26,full_annotation_v1,A,q_건강식품_01,건강기능식품,식료품 중 '건강식품'을 판매·제공하는 매장,test,건강식품,T2 동의어,3345a482-356d-40c7-a38b-de79b4dd6418,호주면세점직영할인점,건강기능식품,신영시장,전통시장,서울특별시,,,
91ae4341a0445eba6647,full_annotation_v1,A,q_건강식품_01,건강기능식품,식료품 중 '건강식품'을 판매·제공하는 매장,test,건강식품,T2 동의어,00b64830-f897-4643-a5fa-6d8950c2ef89,낭만상회,식품,문산자유시장,전통시장,경기도,,,
4c65c8a19a6ae6f9bd7d,full_annotation_v1,A,q_건강식품_01,건강기능식품,식료품 중 '건강식품'을 판매·제공하는 매장,test,건강식품,T2 동의어,99cf66c0-4189-4f90-b31f-c864178d7dc6,KY식품,건강기능식품,주안시민지하도상점가,일반지하상점가,인천광역시,,,
4887678f6740cffde294,full_annotation_v1,A,q_건강식품_01,건강기능식품,식료품 중 '건강식품'을 판매·제공하는 매장,test,건강식품,T2 동의어,2621f9c2-caf8-4955-bb42-a7f08d5ca8a7,고고점핑,건강기능식품,오전모락골목형상점가,골목형상점가,경기도,,,
5ded4e683c888a044a93,full_annotation_v1,A,q_건강식품_01,건강기능식품,식료품 중 '건강식품'을 판매·제공하는 매장,test,건강식품,T2 동의어,3d451f20-1b23-4b3b-83c0-6d1eee5bc614,금산인삼,건강기능식품,마포농수산물시장,전통시장,서울특별시,,,
2bea8fd6c660f22df07a,full_annotation_v1,A,q_건강식품_01,건강기능식품,식료품 중 '건강식품'을 판매·제공하는 매장,test,건강식품,T2 동의어,01befe6d-bfd6-4c6f-be43-d02efffe1dd1,성덕인삼,인삼,부전인삼시장,전통시장,부산광역시,,,
f9ee63bba75c3f44fbed,full_annotation_v1,A,q_건강식품_01,건강기능식품,식료품 중 '건강식품'을 판매·제공하는 매장,test,건강식품,T2 동의어,5700cc51-3dfe-4e00-ba6d-b254d18b7397,헬스모아보충제,건강기능식품,성남중앙지하시장,일반지하상점가,경기도,,,
25fc07536f3a32d55627,full_annotation_v1,A,q_건강식품_01,건강기능식품,식료품 중 '건강식품'을 판매·제공하는 매장,test,건강식품,T2 동의어,08840c77-242a-491a-80ca-94c537007d61,네이처리스토어,건강기능식품,남문시장,전통시장,서울특별시,,,
bad0ec493f6a791d8152,full_annotation_v1,A,q_건강식품_01,건강기능식품,식료품 중 '건강식품'을 판매·제공하는 매장,test,건강식품,T2 동의어,7503c6c1-3b00-4a26-863a-4ef1762afc5e,건강기능식품 백화점,건강기능식품,온택트 괴정스마트 상권활성화구역,상권활성화구역,부산광역시,,,
df08f52d1d0a319c9617,full_annotation_v1,A,q_건강식품_01,건강기능식품,식료품 중 '건강식품'을 판매·제공하는 매장,test,건강식품,T2 동의어,3e163da3-2e56-4329-a44b-456fbdcf5391,비엘팜,건강기능식품,중랑동부시장,전통시장,서울특별시,,,
0320fe3291b3a5c7cf89,full_annotation_v1,A,q_건강식품_01,건강기능식품,식료품 중 '건강식품'을 판매·제공하는 매장,test,건강식품,T2 동의어,10888273-5c0b-49e2-8f6d-5ea2f1663f18,시훈건강식품,건강기능식품,구로시장,전통시장,서울특별시,,,
03085f1ded3639f7e385,full_annotation_v1,A,q_건강식품_01,건강기능식품,식료품 중 '건강식품'을 판매·제공하는 매장,test,건강식품,T2 동의어,e2eff386-8c01-4867-8b58-ad778a08549e,웰빙식품,건강기능식품,구미역중앙 골목형상점가,골목형상점가,경상북도,,,
fdbc59595d9281825e2a,full_annotation_v1,A,q_건강식품_01,건강기능식품,식료품 중 '건강식품'을 판매·제공하는 매장,test,건강식품,T2 동의어,9d9f8c8d-0413-4f8c-ab2b-0e3b1156b04d,건강소통원,건강기능식품,전주중앙상가시장,전통시장,전북특별자치도,,,
847588b15a0056e9d633,full_annotation_v1,A,q_건강식품_01,건강기능식품,식료품 중 '건강식품'을 판매·제공하는 매장,test,건강식품,T2 동의어,d4688aa0-382f-4af9-9ed3-70d1d5ddcc75,건강기능식품종합판매,건강기능식품,왜관시장,전통시장,경상북도,,,
ff4da059c54960049b70,full_annotation_v1,A,q_건강식품_01,건강기능식품,식료품 중 '건강식품'을 판매·제공하는 매장,test,건강식품,T2 동의어,e10ebb6b-d303-47fc-ba0a-79f4dfd70e2b,백송,건강기능식품,까치산시장,전통시장,서울특별시,,,
464d0b743c2520ab2a82,full_annotation_v1,A,q_건강식품_01,건강기능식품,식료품 중 '건강식품'을 판매·제공하는 매장,test,건강식품,T2 동의어,b43a7b5b-7205-4a47-8df9-bb7056f76340,고려홍삼,건강기능식품,치평상무역상인회 골목형상점가,골목형상점가,광주광역시,,,
ecb11ea259a045c20961,full_annotation_v1,A,q_건강식품_01,건강기능식품,식료품 중 '건강식품'을 판매·제공하는 매장,test,건강식품,T2 동의어,05a6f09a-9b20-4172-8d35-6c7d34868b7d,온열관리,건강기능식품,창원 성원그랜드쇼핑상가,전통시장,경상남도,,,
8664822f4bd5862181e8,full_annotation_v1,A,q_건강식품_01,건강기능식품,식료품 중 '건강식품'을 판매·제공하는 매장,test,건강식품,T2 동의어,405c9b8c-1cf8-4e5d-b474-613ae16f5d32,좋은아침클리닉,건강기능식품,창원 가음정시장,전통시장,경상남도,,,
c7db5d0ad198abd1a27e,full_annotation_v1,A,q_건강식품_01,건강기능식품,식료품 중 '건강식품'을 판매·제공하는 매장,test,건강식품,T2 동의어,00b6e321-5954-437c-b1d9-94fded29f67e,웰빙마트,식품,서남신시장,전통시장,대구광역시,,,
1e0cb2a0e2bcaaea4185,full_annotation_v1,A,q_건강식품_01,건강기능식품,식료품 중 '건강식품'을 판매·제공하는 매장,test,건강식품,T2 동의어,000db6d6-585c-4aba-94e7-fc6a23a694fb,시민약국,의약품,문경중앙시장,전통시장,경상북도,,,
8a00fa42cb04b790716f,full_annotation_v1,A,q_건강식품_01,건강기능식품,식료품 중 '건강식품'을 판매·제공하는 매장,test,건강식품,T2 동의어,56b28bba-00a8-49d4-928d-4e98e0020e86,희수,건강기능식품,동대문역10번출구상점가,자율상권구역,서울특별시,,,
413a8dddfc4051ca43c2,full_annotation_v1,A,q_건강식품_01,건강기능식품,식료품 중 '건강식품'을 판매·제공하는 매장,test,건강식품,T2 동의어,e0b0b02b-b2d8-4f3a-8894-3d7e2cd3a194,왜관수산,생선,"칠성진,경명시장",전통시장,대구광역시,,,
e8aed3afcb83867218b2,full_annotation_v1,A,q_건강식품_01,건강기능식품,식료품 중 '건강식품'을 판매·제공하는 매장,test,건강식품,T2 동의어,017027d8-dbc4-49d9-82f8-f16291770c91,강릉인삼사,인삼건강식품,경동시장,전통시장,서울특별시,,,
edf2824372b9ba6c362e,full_annotation_v1,A,q_건강식품_01,건강기능식품,식료품 중 '건강식품'을 판매·제공하는 매장,test,건강식품,T2 동의어,0112a558-2787-41dc-ae68-695e60c4930c,해동그랜드약국,약국,전곡시장,전통시장,서울특별시,,,
ed459546ff64e90364ab,full_annotation_v1,A,q_건강식품_01,건강기능식품,식료품 중 '건강식품'을 판매·제공하는 매장,test,건강식품,T2 동의어,0048134e-4060-4bf0-bffb-0cac8a53f2d8,사랑의뜰안 북광주점,건강기능식품,운암대자골 골목형상점가,골목형상점가,광주광역시,,,
ffe277bbd1273aa97698,full_annotation_v1,A,q_건강식품_01,건강기능식품,식료품 중 '건강식품'을 판매·제공하는 매장,test,건강식품,T2 동의어,f4141e4a-d558-4347-882a-a11ea8a12cf5,건강한면역력금산약초,건강기능식품,정자시장,전통시장,경기도,,,
0fcd9ac49761436ed177,full_annotation_v1,A,q_건강식품_01,건강기능식품,식료품 중 '건강식품'을 판매·제공하는 매장,test,건강식품,T2 동의어,2b59d978-9fb3-4588-bfa5-1cbcbfbf5bc5,호주면세점,건강기능식품,여수서시장주변시장,전통시장,전라남도,,,
5167215e4feb5eb2d3ba,full_annotation_v1,A,q_건강식품_01,건강기능식품,식료품 중 '건강식품'을 판매·제공하는 매장,test,건강식품,T2 동의어,afc40f9f-df0c-4114-ac34-8d732cbe3852,새벽이슬유통,채소,영일시장,전통시장,서울특별시,,,
8039786e40c62913e2d5,full_annotation_v1,A,q_건강식품_01,건강기능식품,식료품 중 '건강식품'을 판매·제공하는 매장,test,건강식품,T2 동의어,a2a472c2-fa4d-4f61-8b29-6755e1914d5d,서울순대,순대,목포원도심상점가,자율상권구역,전라남도,,,
bf37438e10b0533522e5,full_annotation_v1,A,q_건강식품_01,건강기능식품,식료품 중 '건강식품'을 판매·제공하는 매장,test,건강식품,T2 동의어,027cecd7-d8bb-40f9-9532-06a27b7792e9,정관장홍삼 내손동점,홍삼,의왕예술의거리골목형상점가,골목형상점가,경기도,,,
007828e55dbf12b0f77c,full_annotation_v1,A,q_건강식품_01,건강기능식품,식료품 중 '건강식품'을 판매·제공하는 매장,test,건강식품,T2 동의어,008a831c-1fd3-4b7c-96c1-0e92332ccbf3,명성약국,의약품,공주산성시장,전통시장,충청남도,,,
b8daa7093b24cfe279d4,full_annotation_v1,A,q_건강식품_01,건강기능식품,식료품 중 '건강식품'을 판매·제공하는 매장,test,건강식품,T2 동의어,00e92856-b294-4032-8540-d60e9817f2d8,럭키약국,"의약품, 건강기능식품, 식품",충무로골목형상점가,골목형상점가,서울특별시,,,
d6b471ed078ce4eefed9,full_annotation_v1,A,q_건강식품_01,건강기능식품,식료품 중 '건강식품'을 판매·제공하는 매장,test,건강식품,T2 동의어,167eb6c1-897c-46cb-9b6a-0e7aa26f62c7,호주뉴질랜드면세점,건강기능식품,사직시장,전통시장,부산광역시,,,
05115c43cb4cbc046e7a,full_annotation_v1,A,q_건강식품_01,건강기능식품,식료품 중 '건강식품'을 판매·제공하는 매장,test,건강식품,T2 동의어,93499a2b-319b-4ca6-b64f-2e8a1d73cf7e,제일건강원,건강기능식품,시흥행궁길골목형상점가,골목형상점가,서울특별시,,,
551d8d7a9eef9c92b0c8,full_annotation_v1,A,q_건강식품_01,건강기능식품,식료품 중 '건강식품'을 판매·제공하는 매장,test,건강식품,T2 동의어,56a21dba-560a-4d7b-83a1-605a5f77b2b9,호주뉴질랜드면세점,건강기능식품,역곡상상시장(구 역곡북부시장),전통시장,경기도,,,
73120123eb10780aacf1,full_annotation_v1,A,q_건강식품_01,건강기능식품,식료품 중 '건강식품'을 판매·제공하는 매장,test,건강식품,T2 동의어,a40ad944-8b52-49a8-bdeb-0ee5a58d54d0,호주네이쳐스,건강기능식품,관악신사시장,전통시장,서울특별시,,,
dced7be2a9491f6d9d82,full_annotation_v1,A,q_건강식품_01,건강기능식품,식료품 중 '건강식품'을 판매·제공하는 매장,test,건강식품,T2 동의어,dd45da4b-8ee2-494c-b04a-3eca5c5df708,청운약국,약국,작전시장,전통시장,인천광역시,,,
e72915e50cf0a8996b55,full_annotation_v1,A,q_건강식품_01,건강기능식품,식료품 중 '건강식품'을 판매·제공하는 매장,test,건강식품,T2 동의어,e2d769ec-cbb7-4902-b77e-557348d651fd,다나약국,건강기능식품,김해 외동전통시장,전통시장,경상남도,,,
10ecc86205d9742bf533,full_annotation_v1,A,q_건강식품_01,건강기능식품,식료품 중 '건강식품'을 판매·제공하는 매장,test,건강식품,T2 동의어,722a3222-213b-4a3c-9e68-f5fc9d7b152c,조은웰빙,건강기능식품,"온양온천시장(온양재래시장, 전통시장)",전통시장,충청남도,,,
7828f7feabc5a797d617,full_annotation_v1,A,q_건강식품_01,건강기능식품,식료품 중 '건강식품'을 판매·제공하는 매장,test,건강식품,T2 동의어,6b316ae3-ac0a-4071-b5d6-17be2e11db32,태봉상사,건강기능식품,염주먹자골목B구역상인회 골목형상점가,골목형상점가,광주광역시,,,
4b75d16a2e60e18cb82e,full_annotation_v1,A,q_건강식품_01,건강기능식품,식료품 중 '건강식품'을 판매·제공하는 매장,test,건강식품,T2 동의어,91d1394e-942b-4045-b1b2-5c1466610b7a,홍삼방,건강기능식품,오치2동 골목형상점가,골목형상점가,광주광역시,,,
229822d795fd73821134,full_annotation_v1,A,q_건강식품_01,건강기능식품,식료품 중 '건강식품'을 판매·제공하는 매장,test,건강식품,T2 동의어,009bd725-6319-41ec-87fb-f904d54243ca,현대인삼,"홍삼, 인삼",경동시장,전통시장,서울특별시,,,
1db591a78d794e8a58ce,full_annotation_v1,A,q_건강식품_01,건강기능식품,식료품 중 '건강식품'을 판매·제공하는 매장,test,건강식품,T2 동의어,29d91d17-191b-4d0d-885a-93212288f108,신델라하우스,건강기능식품,촬영소사거리골목형상점가,골목형상점가,서울특별시,,,
b0501f63bf69f2bc6f1d,full_annotation_v1,A,q_건강식품_01,건강기능식품,식료품 중 '건강식품'을 판매·제공하는 매장,test,건강식품,T2 동의어,9a814f43-ca0d-4780-ad03-bfbc3b9fb2b2,웰빙세상,건강기능식품,신포시장,전통시장,인천광역시,,,
38a0a123bd7d700217c7,full_annotation_v1,A,q_건강식품_01,건강기능식품,식료품 중 '건강식품'을 판매·제공하는 매장,test,건강식품,T2 동의어,c33319e5-6730-46e5-8618-95797459d5f1,정관장수완로점,건강기능식품,풍영 골목형상점가,골목형상점가,광주광역시,,,
ca8504dc70d74da69783,full_annotation_v1,A,q_건강식품_01,건강기능식품,식료품 중 '건강식품'을 판매·제공하는 매장,test,건강식품,T2 동의어,00fda7d0-ed82-438a-8665-7adc8793b519,점핑하이임동점,건강기능식품,임동 골목형상점가,골목형상점가,광주광역시,,,
0c40c3ef18ad03f6afda,full_annotation_v1,A,q_건강식품_01,건강기능식품,식료품 중 '건강식품'을 판매·제공하는 매장,test,건강식품,T2 동의어,38296770-30d3-4bf3-82c7-2bc324539d02,건강마켓,건강기능식품,녹색거리상점가,자율상권구역,경기도,,,
99dab60cfeb5cf0c2c5d,full_annotation_v1,A,q_건강식품_01,건강기능식품,식료품 중 '건강식품'을 판매·제공하는 매장,test,건강식품,T2 동의어,0986efb2-52c5-4253-9fb5-1ac99bffd1dc,황금옥봉,의류,동산상가,전통시장,대구광역시,,,
b7af4f9ca19200e40214,full_annotation_v1,A,q_건강식품_01,건강기능식품,식료품 중 '건강식품'을 판매·제공하는 매장,test,건강식품,T2 동의어,d86dcf83-1d97-4494-b5fb-690500a489a5,케어셀라,건강기능식품,창원 가음시장대상가,전통시장,경상남도,,,
8c83f127a5ae7bf74321,full_annotation_v1,A,q_건강식품_01,건강기능식품,식료품 중 '건강식품'을 판매·제공하는 매장,test,건강식품,T2 동의어,f1397f10-d534-4f25-8a91-9848231b7ddf,더건강솔루션,건강기능식품,경동시장,전통시장,서울특별시,,,
d0911c8ef008674a1679,full_annotation_v1,A,q_건강식품_01,건강기능식품,식료품 중 '건강식품'을 판매·제공하는 매장,test,건강식품,T2 동의어,0040b4e6-7b74-4175-b54d-add4fe693d49,메디팜보명당약국,"의약품, 의료욕구, 복지욕구, 의료기기",점촌역전상점가,자율상권구역,경상북도,,,
5b413de479bbe2f2557c,full_annotation_v1,A,q_건강식품_01,건강기능식품,식료품 중 '건강식품'을 판매·제공하는 매장,test,건강식품,T2 동의어,71f492ec-3a7e-42cc-9eef-de470199b97e,백송건강원,건강기능식품,석바위시장,전통시장,인천광역시,,,
bf343309736b9a87caf0,full_annotation_v1,A,q_건강식품_01,건강기능식품,식료품 중 '건강식품'을 판매·제공하는 매장,test,건강식품,T2 동의어,ac7cd934-a98c-4c6d-98df-2ed5c7cf636f,정관장홍삼호계점,건강기능식품,호계중앙 골목형상점가,골목형상점가,울산광역시,,,
8065a9c1ca8f72b68f66,full_annotation_v1,A,q_건강식품_01,건강기능식품,식료품 중 '건강식품'을 판매·제공하는 매장,test,건강식품,T2 동의어,47f26cf1-8d6e-48ed-ac43-7a5f9d0beac3,네이쳐리커버리,건강기능식품,성대전통시장,전통시장,서울특별시,,,
4c26046f3906d655e9d9,full_annotation_v1,A,q_건강식품_01,건강기능식품,식료품 중 '건강식품'을 판매·제공하는 매장,test,건강식품,T2 동의어,8768f296-7561-4a28-a84b-ee80808e775e,월드팜건강기능식품전문점,건강기능식품,목포동부시장,전통시장,전라남도,,,
05d6076088a14fd7476a,full_annotation_v1,A,q_건강식품_01,건강기능식품,식료품 중 '건강식품'을 판매·제공하는 매장,test,건강식품,T2 동의어,5ac76193-372a-4817-8f39-6cb2b33f0d60,허준건강마트,건강기능식품,포항큰동해시장,전통시장,경상북도,,,
4038dab3cc73f67078ea,full_annotation_v1,A,q_건강식품_01,건강기능식품,식료품 중 '건강식품'을 판매·제공하는 매장,test,건강식품,T2 동의어,6f5a31f7-ddaa-40ed-ad44-fa202a6a09f5,하루담채,건강기능식품,상계역전종합상가,자율상권구역,서울특별시,,,
38739b2f559a62604fd9,full_annotation_v1,A,q_건강식품_01,건강기능식품,식료품 중 '건강식품'을 판매·제공하는 매장,test,건강식품,T2 동의어,01049348-bdd8-4303-a750-8f85f7029a84,사랑의손효소마을,건강식품,구미형곡시장프라자,전통시장,경상북도,,,
6736be00901581af6a88,full_annotation_v1,A,q_건강식품_01,건강기능식품,식료품 중 '건강식품'을 판매·제공하는 매장,test,건강식품,T2 동의어,32361178-4eed-4431-903c-19d45e1ac7b3,행복한약국,건강기능식품,별양동상점가,자율상권구역,경기도,,,
bc6c2f6b3f1bfd067483,full_annotation_v1,A,q_건강식품_01,건강기능식품,식료품 중 '건강식품'을 판매·제공하는 매장,test,건강식품,T2 동의어,7e6224e8-cc6e-4909-90c9-703b0d182ea6,호주면세점,건강기능식품,운암북문대로 골목형상점가,골목형상점가,광주광역시,,,
8dd67daf36d8cf81c328,full_annotation_v1,A,q_건강식품_01,건강기능식품,식료품 중 '건강식품'을 판매·제공하는 매장,test,건강식품,T2 동의어,d1d7a1fd-f450-4169-887d-88decf90859c,동남상사,농산물,익산장(구 북부장),전통시장,전북특별자치도,,,
b2208a9b5636a2bc6b11,full_annotation_v1,A,q_건강식품_01,건강기능식품,식료품 중 '건강식품'을 판매·제공하는 매장,test,건강식품,T2 동의어,02cd45e9-fe92-42d2-9ae1-da8fc01edbdb,(주)서울인삼유통,홍삼,경동시장,전통시장,서울특별시,,,
b3cc3e50dd29bbf00eda,full_annotation_v1,A,q_건강식품_01,건강기능식품,식료품 중 '건강식품'을 판매·제공하는 매장,test,건강식품,T2 동의어,00768c91-a678-4fbc-a372-a2ee0260218f,수택온누리약국,,구리시 구도심 상권활성화구역,상권활성화구역,경기도,,,
f9394c2403c6cec9d041,full_annotation_v1,A,q_건강식품_01,건강기능식품,식료품 중 '건강식품'을 판매·제공하는 매장,test,건강식품,T2 동의어,51e4bf3d-658a-4cbe-905a-3bea145bf438,기호무역,건강기능식품,인헌시장,전통시장,서울특별시,,,
507624753506c85a08dd,full_annotation_v1,A,q_건강식품_01,건강기능식품,식료품 중 '건강식품'을 판매·제공하는 매장,test,건강식품,T2 동의어,1835a05b-1ac0-4ecb-97aa-9221428c3092,네이쳐위클리,건강기능식품,동원전통종합시장,전통시장,서울특별시,,,
48132e9a202e6b0e2628,full_annotation_v1,A,q_건강식품_01,건강기능식품,식료품 중 '건강식품'을 판매·제공하는 매장,test,건강식품,T2 동의어,023caced-6133-4a64-839b-a1c69c27bb87,정관장과천점,소매업(홍삼제품),별양동상점가,자율상권구역,경기도,,,
bacd4626fba2ec3a427a,full_annotation_v1,A,q_건강식품_01,건강기능식품,식료품 중 '건강식품'을 판매·제공하는 매장,test,건강식품,T2 동의어,b112eeb9-4743-43d0-82c8-3993f4c99f37,파비스애니원,건강기능식품,광복마을길 골목형상점가,골목형상점가,광주광역시,,,
9c5423a2c108d63eafac,full_annotation_v1,A,q_건강식품_01,건강기능식품,식료품 중 '건강식품'을 판매·제공하는 매장,test,건강식품,T2 동의어,6cf98918-a8a8-46d2-a1ef-f400515053f9,튼튼웰빙,건강기능식품,전방의거리 골목형상점가,골목형상점가,인천광역시,,,
546b8b6a0b4ded8a8263,full_annotation_v1,A,q_건강식품_01,건강기능식품,식료품 중 '건강식품'을 판매·제공하는 매장,test,건강식품,T2 동의어,85fd6a1b-8448-4ade-a005-e82886b85ad2,애플,건강기능식품,서문공설시장,전통시장,제주특별자치도,,,
206c007a52655a746b57,full_annotation_v1,A,q_건강식품_01,건강기능식품,식료품 중 '건강식품'을 판매·제공하는 매장,test,건강식품,T2 동의어,002c02f2-4428-4a84-a248-7b23ae109459,정관장 반석점,홍삼건강식품,지족반석 골목형상점가,골목형상점가,대전광역시,,,
6c8220ba8ac4605f901d,full_annotation_v1,A,q_건강식품_01,건강기능식품,식료품 중 '건강식품'을 판매·제공하는 매장,test,건강식품,T2 동의어,004b2dbc-a37a-4c33-8661-ca25a873ac90,중앙인삼사,인삼,통영중앙전통시장,전통시장,경상남도,,,
28fa2b13de5139c46bd4,full_annotation_v1,A,q_건강식품_01,건강기능식품,식료품 중 '건강식품'을 판매·제공하는 매장,test,건강식품,T2 동의어,83081ed1-d6b3-49bc-a51b-31f7d3ce21d8,나이스데이,건강기능식품,비단길현대시장,전통시장,서울특별시,,,
ac71a0ce3260f90c6579,full_annotation_v1,A,q_건강식품_01,건강기능식품,식료품 중 '건강식품'을 판매·제공하는 매장,test,건강식품,T2 동의어,cda9c629-d0db-49e9-ad24-d579f833e032,우리네국수,한식,무주반딧불상권활성화구역,상권활성화구역,전북특별자치도,,,
368243f64e54ffcfd3d9,full_annotation_v1,A,q_건강식품_01,건강기능식품,식료품 중 '건강식품'을 판매·제공하는 매장,test,건강식품,T2 동의어,00140fab-ec56-4d81-8a03-d3d4aa8d5a49,계령약국,의약품,성대시장골목형상점가,골목형상점가,서울특별시,,,
5f1ab6ae355c20838077,full_annotation_v1,A,q_건강식품_01,건강기능식품,식료품 중 '건강식품'을 판매·제공하는 매장,test,건강식품,T2 동의어,f93c658f-0941-4a7b-a262-e69346451fd6,고려홍삼랜드,건강기능식품,도마큰시장,전통시장,대전광역시,,,
80889c7613d66531d53e,full_annotation_v1,A,q_건강식품_01,건강기능식품,식료품 중 '건강식품'을 판매·제공하는 매장,test,건강식품,T2 동의어,97928689-b2fe-48f0-9d2a-e1a1469fe1e4,힐링더온,건강기능식품,한들물빛도시 골목형 상점가,골목형상점가,충청남도,,,
60f35baa56c5759cbaec,full_annotation_v1,A,q_건강식품_01,건강기능식품,식료품 중 '건강식품'을 판매·제공하는 매장,test,건강식품,T2 동의어,981e125d-b024-4c96-bb19-fe68b64892b6,연무상회,쌀,반딧불이연무시장,전통시장,경기도,,,
17b105506479ee5eee31,full_annotation_v1,A,q_건강식품_01,건강기능식품,식료품 중 '건강식품'을 판매·제공하는 매장,test,건강식품,T2 동의어,7ba7c66a-fa3b-4263-a334-ce2b114c2f8a,호주뉴질랜드면세점,건강기능식품,석바위시장,전통시장,인천광역시,,,
373378195b73fac8377f,full_annotation_v1,A,q_건강식품_01,건강기능식품,식료품 중 '건강식품'을 판매·제공하는 매장,test,건강식품,T2 동의어,f39e1424-894e-4895-a911-38ca410bb240,더벤EI 평동점,커피음료,평동 골목형상점가,골목형상점가,광주광역시,,,
130859427ffebf4a7a4c,full_annotation_v1,A,q_건강식품_01,건강기능식품,식료품 중 '건강식품'을 판매·제공하는 매장,test,건강식품,T2 동의어,83db51cf-801d-4ce1-bc27-47551d7d64ae,라파플러스,건강기능식품,원주자유시장,전통시장,강원특별자치도,,,
7eb1d9d1d64f3c393178,full_annotation_v1,A,q_건강식품_01,건강기능식품,식료품 중 '건강식품'을 판매·제공하는 매장,test,건강식품,T2 동의어,039be575-84e0-4489-a7d7-74dd657b9d2e,건강백세,건강기능식품,안양중앙인정시장,전통시장,경기도,,,
aa8c1da5b9dde6d9cbfe,full_annotation_v1,A,q_건강식품_01,건강기능식품,식료품 중 '건강식품'을 판매·제공하는 매장,test,건강식품,T2 동의어,f0356a83-024e-46c0-9ba8-e92756fccd6c,월드건강면세점,건강기능식품,새마을시장,전통시장,서울특별시,,,
4676e0e40d5e001f4e43,full_annotation_v1,A,q_건강식품_01,건강기능식품,식료품 중 '건강식품'을 판매·제공하는 매장,test,건강식품,T2 동의어,d53a5204-8b00-42ec-9907-16d62c175b86,영천갈비,"한식, 고기류",병점중심상가,자율상권구역,경기도,,,
435785597de8da13b8b5,full_annotation_v1,A,q_건강식품_01,건강기능식품,식료품 중 '건강식품'을 판매·제공하는 매장,test,건강식품,T2 동의어,86a99db4-5122-4bd6-af04-0363d51abbd0,다산점핑스타,건강기능식품,다산지금상점가,골목형상점가,경기도,,,
26a4d5bafb04f1e93125,full_annotation_v1,A,q_건강식품_01,건강기능식품,식료품 중 '건강식품'을 판매·제공하는 매장,test,건강식품,T2 동의어,9c110086-c072-42c2-86a3-c2e2268ab414,전대석사음악교습소,피아노교습,큰별초 골목형상점가,골목형상점가,광주광역시,,,
bb6ef426c500af390d6c,full_annotation_v1,A,q_건강식품_01,건강기능식품,식료품 중 '건강식품'을 판매·제공하는 매장,test,건강식품,T2 동의어,019ac829-9ffd-42aa-bfd1-9da1dfba52e2,바디엔 약국,,남악1번가 골목형상점가,골목형상점가,,,,
ccc17c34e3f9df297a64,full_annotation_v1,A,q_건강식품_01,건강기능식품,식료품 중 '건강식품'을 판매·제공하는 매장,test,건강식품,T2 동의어,184dc255-5b0b-40ef-b467-450c20aef57f,다파라,건강기능식품,주안시민지하도상점가,일반지하상점가,인천광역시,,,
af53ea335797ee83d2ec,full_annotation_v1,A,q_건강식품_01,건강기능식품,식료품 중 '건강식품'을 판매·제공하는 매장,test,건강식품,T2 동의어,14f5ce84-bc66-4b83-8298-5561ee4eca8a,까스통플러스,의류,의정부역지하상가,일반지하상점가,경기도,,,
640c78cd44352779c4f2,full_annotation_v1,A,q_건강식품_01,건강기능식품,식료품 중 '건강식품'을 판매·제공하는 매장,test,건강식품,T2 동의어,9afb410c-bd26-454c-b0e3-1e9fffda047e,다산편백온열카페,건강기능식품,다산역 로데오 상점가,자율상권구역,경기도,,,
21278bb006e985952b3b,full_annotation_v1,A,q_건강식품_01,건강기능식품,식료품 중 '건강식품'을 판매·제공하는 매장,test,건강식품,T2 동의어,4583b09b-fffc-41d3-9ebe-a746c3eb1533,월드팜,건강기능식품,주안시민지하도상점가,일반지하상점가,인천광역시,,,
4918e539b06f14bdc9d1,full_annotation_v1,A,q_건강식품_01,건강기능식품,식료품 중 '건강식품'을 판매·제공하는 매장,test,건강식품,T2 동의어,63635dad-39b4-4b9a-9074-e2515c0ec2cf,허브트리,건강기능식품,목사랑시장,전통시장,서울특별시,,,
ccf90cef6ebfa96f6198,full_annotation_v1,A,q_건강식품_01,건강기능식품,식료품 중 '건강식품'을 판매·제공하는 매장,test,건강식품,T2 동의어,f42360bb-e71f-408a-8a3f-0914480842b4,간사랑앰버코리아,"건강기능식품, 전자상거래(건강기능식품)",동매신포동 골목형상점가,골목형상점가,부산광역시,,,
8ab256512abf4fb94d57,full_annotation_v1,A,q_건강식품_01,건강기능식품,식료품 중 '건강식품'을 판매·제공하는 매장,test,건강식품,T2 동의어,f6ced91b-376f-4249-a26b-d3ad2bf51332,조은미트,식육,오정동상점가,자율상권구역,대전광역시,,,
f083f1272298db376713,full_annotation_v1,A,q_건강식품_01,건강기능식품,식료품 중 '건강식품'을 판매·제공하는 매장,test,건강식품,T2 동의어,afafdc5d-f411-4a20-a618-8cc896ffd19b,유니베라울산동구대리점,건강기능식품,테라스파크상가 골목형상점가,골목형상점가,울산광역시,,,
1099821ec1fafcf65bc7,full_annotation_v1,A,q_건강식품_01,건강기능식품,식료품 중 '건강식품'을 판매·제공하는 매장,test,건강식품,T2 동의어,596c09df-918f-4978-bab9-a759adec7dca,진영수산,수산물,자갈치시장,전통시장,부산광역시,,,
0703c920b72d555ff211,full_annotation_v1,A,q_건강식품_01,건강기능식품,식료품 중 '건강식품'을 판매·제공하는 매장,test,건강식품,T2 동의어,3a6d2d44-fc58-4e05-9467-040fad31ce54,백세라이프,건강기능식품,메트로센터(반월당지하쇼핑),일반지하상점가,대구광역시,,,
e7bbce8f7200e953bee1,full_annotation_v1,A,q_건강식품_01,건강기능식품,식료품 중 '건강식품'을 판매·제공하는 매장,test,건강식품,T2 동의어,7a0799c7-b2f1-4b9b-aba7-57743a608c02,한진수산,수산물 활어회,주문진건어물시장,전통시장,강원특별자치도,,,
ff992da64a517bd4bd50,full_annotation_v1,A,q_건강식품_01,건강기능식품,식료품 중 '건강식품'을 판매·제공하는 매장,test,건강식품,T2 동의어,fc8ba885-8566-4792-8d64-745aa1c9f3d3,정관장관저점,건강기능식품,관저동 먹거리 골목형상점가,골목형상점가,대전광역시,,,
37bbe5a3321a9e6ea8ae,full_annotation_v1,A,q_건강식품_01,건강기능식품,식료품 중 '건강식품'을 판매·제공하는 매장,test,건강식품,T2 동의어,1ba7430e-4094-49c6-84d8-652b5a3ad4dd,고운초,건강기능식품,서울약령시장,전통시장,서울특별시,,,
8a672f16ca26962c3f2c,full_annotation_v1,A,q_건강식품_01,건강기능식품,식료품 중 '건강식품'을 판매·제공하는 매장,test,건강식품,T2 동의어,001961d9-cb5d-40bc-903a-33d483f7d132,헬씨스탠다드,"건강기능식품, 쌀, 견과류, 약재",응암소담길 골목형상점가,골목형상점가,서울특별시,,,
7744dd07931f5150fa4b,full_annotation_v1,A,q_건강식품_01,건강기능식품,식료품 중 '건강식품'을 판매·제공하는 매장,test,건강식품,T2 동의어,369f40ed-21f8-4cbb-acd1-e557819afbe1,와룡벌꿀농원,건강기능식품,안동구시장,전통시장,경상북도,,,
f837eb33aedcfa49d4b4,full_annotation_v1,A,q_건강식품_01,건강기능식품,식료품 중 '건강식품'을 판매·제공하는 매장,test,건강식품,T2 동의어,7031ca59-7a0f-4172-a21b-bab0a8944b10,그린슈머월드점,건강기능식품,성남중앙지하시장,일반지하상점가,경기도,,,
e462b82effd7662103ff,full_annotation_v1,A,q_건강식품_01,건강기능식품,식료품 중 '건강식품'을 판매·제공하는 매장,test,건강식품,T2 동의어,008b065b-181b-4891-95dc-7a77a7c143d1,혜화온누리약국,약국,유성도안 골목형상점가,골목형상점가,대전광역시,,,
5707d1b5862fa96c3ff8,full_annotation_v1,A,q_건강식품_01,건강기능식품,식료품 중 '건강식품'을 판매·제공하는 매장,test,건강식품,T2 동의어,94553bbf-e1d7-4356-8e9e-6b0b7773ed5c,디알,건강기능식품,수원남문패션1번가시장,전통시장,경기도,,,
b59da4601a531fbd1130,full_annotation_v1,A,q_건강식품_01,건강기능식품,식료품 중 '건강식품'을 판매·제공하는 매장,test,건강식품,T2 동의어,aae7cc79-3983-40e1-afb2-d3178e90613d,여명건강식품,건강기능식품,길동복조리시장,전통시장,서울특별시,,,
e904bdaea058980d6fb7,full_annotation_v1,A,q_건강식품_01,건강기능식품,식료품 중 '건강식품'을 판매·제공하는 매장,test,건강식품,T2 동의어,8b74eff4-f317-441e-be1a-cb5d2b1f99a3,푸른길약국,건강기능식품,무등산그린웰로제비앙 골목형상점가,골목형상점가,광주광역시,,,
0766c413ce7d067e8089,full_annotation_v1,A,q_건강식품_02,인삼,식료품 중 '건강식품'을 판매·제공하는 매장,test,건강식품,T2 동의어,dac66efc-0767-4817-83dd-d0a19e7feacb,금산인삼,인삼,신영시장,전통시장,서울특별시,,,
c38bfdb83b4da1b0927d,full_annotation_v1,A,q_건강식품_02,인삼,식료품 중 '건강식품'을 판매·제공하는 매장,test,건강식품,T2 동의어,ff8a1588-dbb2-4530-a881-d58cec899e0f,자매인삼,인삼,부전시장,전통시장,부산광역시,,,
2ab973c9f3f9561e0d11,full_annotation_v1,A,q_건강식품_02,인삼,식료품 중 '건강식품'을 판매·제공하는 매장,test,건강식품,T2 동의어,eadb7763-3e87-4491-9f64-a762f6cb12a3,금산인삼사,인삼,합천왕후시장,전통시장,경상남도,,,
ace7f2053de5b612b696,full_annotation_v1,A,q_건강식품_02,인삼,식료품 중 '건강식품'을 판매·제공하는 매장,test,건강식품,T2 동의어,006929a4-6712-43ca-80d7-f540710009b5,삼송프라자약국,의약품 외 건강기능식품,신원권율3 골목형상점가,골목형상점가,경기도,,,
1b53110d32d21c7573de,full_annotation_v1,A,q_건강식품_02,인삼,식료품 중 '건강식품'을 판매·제공하는 매장,test,건강식품,T2 동의어,a946c8ed-01f4-4ca0-993a-6c6a1960c612,부부인삼,인삼,풍기인삼홍삼상점가,자율상권구역,경상북도,,,
6684aae647cce04f3bab,full_annotation_v1,A,q_건강식품_02,인삼,식료품 중 '건강식품'을 판매·제공하는 매장,test,건강식품,T2 동의어,016f8113-22a7-4ef1-a80f-0562dd2a06e9,동이식품,"식품, 농산물",중앙신시장,전통시장,경상북도,,,
be24b9c8f0037dec6cbf,full_annotation_v1,A,q_건강식품_02,인삼,식료품 중 '건강식품'을 판매·제공하는 매장,test,건강식품,T2 동의어,5e238e66-9b82-4695-acf8-26eaa2128643,고려인삼,인삼,칠성본시장,전통시장,대구광역시,,,
ee0f7d71207ecf22a0bf,full_annotation_v1,A,q_건강식품_02,인삼,식료품 중 '건강식품'을 판매·제공하는 매장,test,건강식품,T2 동의어,5bd2b9d6-b6eb-499e-9f2c-57b917f7d9b1,우신인삼,인삼,청량리청과물시장,전통시장,서울특별시,,,
43b9ac916c7913f126a7,full_annotation_v1,A,q_건강식품_02,인삼,식료품 중 '건강식품'을 판매·제공하는 매장,test,건강식품,T2 동의어,8214600a-f0fd-4797-9b8d-d1c59580f15a,고려인삼,인삼,송정5일시장,전통시장,광주광역시,,,
82a70ad1057685b6900e,full_annotation_v1,A,q_건강식품_02,인삼,식료품 중 '건강식품'을 판매·제공하는 매장,test,건강식품,T2 동의어,9b8d5321-6237-47a0-b32b-03459ea0a942,금산인삼,인삼,한림매일시장,전통시장,제주특별자치도,,,
f215d80e7971f71ff7f1,full_annotation_v1,A,q_건강식품_02,인삼,식료품 중 '건강식품'을 판매·제공하는 매장,test,건강식품,T2 동의어,7a185b42-6623-4a37-ba3c-9850ce19338f,바로김밥,분식,마북 골목형상점가,골목형상점가,경기도,,,
859fad0c122e145c2f57,full_annotation_v1,A,q_건강식품_02,인삼,식료품 중 '건강식품'을 판매·제공하는 매장,test,건강식품,T2 동의어,00b6e321-5954-437c-b1d9-94fded29f67e,웰빙마트,식품,서남신시장,전통시장,대구광역시,,,
61e63d7f04a6db3533da,full_annotation_v1,A,q_건강식품_02,인삼,식료품 중 '건강식품'을 판매·제공하는 매장,test,건강식품,T2 동의어,6092dee3-fc6b-4666-bf95-7fdcdb2d97d5,한양인삼,인삼,경동시장,전통시장,서울특별시,,,
29c8727741160e7663d8,full_annotation_v1,A,q_건강식품_02,인삼,식료품 중 '건강식품'을 판매·제공하는 매장,test,건강식품,T2 동의어,5caa8754-d698-48d4-8870-df947f25e747,음성인삼,인삼,경동시장,전통시장,서울특별시,,,
9f195caf06b1bf5cde66,full_annotation_v1,A,q_건강식품_02,인삼,식료품 중 '건강식품'을 판매·제공하는 매장,test,건강식품,T2 동의어,31296c5a-9f93-4dcf-8ecd-180960c3307f,김해인삼,인삼,부전인삼시장,전통시장,부산광역시,,,
35f336a942ada2c2f326,full_annotation_v1,A,q_건강식품_02,인삼,식료품 중 '건강식품'을 판매·제공하는 매장,test,건강식품,T2 동의어,77d65205-3fec-4371-8aa1-27c2811ccdc0,부산인삼,인삼,부전시장,전통시장,부산광역시,,,
d9b452036e7cd820a8e0,full_annotation_v1,A,q_건강식품_02,인삼,식료품 중 '건강식품'을 판매·제공하는 매장,test,건강식품,T2 동의어,6961437f-8141-4a5f-85d6-24417f8e2104,백년인삼,인삼,부전인삼시장,전통시장,부산광역시,,,
d1dd1139894cad185bc0,full_annotation_v1,A,q_건강식품_02,인삼,식료품 중 '건강식품'을 판매·제공하는 매장,test,건강식품,T2 동의어,cfc2718e-ed15-40c0-89eb-24fcce787485,비비큐,일반음식 패스트푸드,사거리온누리 골목형상점가,골목형상점가,충청남도,,,
8358708ebbfb6ea28123,full_annotation_v1,A,q_건강식품_02,인삼,식료품 중 '건강식품'을 판매·제공하는 매장,test,건강식품,T2 동의어,596e76b3-415f-4b36-bcc2-bc1ace96525f,전국인삼사,인삼,풍기인삼시장,전통시장,경상북도,,,
26756cfe01f803abd136,full_annotation_v1,A,q_건강식품_02,인삼,식료품 중 '건강식품'을 판매·제공하는 매장,test,건강식품,T2 동의어,d3da4b89-e2fe-4a7b-a3f9-9e17de00dd7c,동방약초,인삼,금산수삼센터,전통시장,충청남도,,,
a355f8dc58519b67664f,full_annotation_v1,A,q_건강식품_02,인삼,식료품 중 '건강식품'을 판매·제공하는 매장,test,건강식품,T2 동의어,353439d9-243e-4339-bd3f-19eb1572f5a6,송희인삼,인삼,경동시장,전통시장,서울특별시,,,
98c7d95a88c0ebe4f750,full_annotation_v1,A,q_건강식품_02,인삼,식료품 중 '건강식품'을 판매·제공하는 매장,test,건강식품,T2 동의어,0040b4e6-7b74-4175-b54d-add4fe693d49,메디팜보명당약국,"의약품, 의료욕구, 복지욕구, 의료기기",점촌역전상점가,자율상권구역,경상북도,,,
402f21049ca4841a87a9,full_annotation_v1,A,q_건강식품_02,인삼,식료품 중 '건강식품'을 판매·제공하는 매장,test,건강식품,T2 동의어,008b065b-181b-4891-95dc-7a77a7c143d1,혜화온누리약국,약국,유성도안 골목형상점가,골목형상점가,대전광역시,,,
2d7ca66852bc2f7d4f95,full_annotation_v1,A,q_건강식품_02,인삼,식료품 중 '건강식품'을 판매·제공하는 매장,test,건강식품,T2 동의어,60816159-6af3-4c24-94e6-4dd631135943,창녕인삼,인삼,부전인삼시장,전통시장,부산광역시,,,
85a539b8b1f5b0d141ff,full_annotation_v1,A,q_건강식품_02,인삼,식료품 중 '건강식품'을 판매·제공하는 매장,test,건강식품,T2 동의어,d7fd8f54-54e9-4b40-8755-2e098581aa0d,금산인삼,인삼,미나리광시장,전통시장,경기도,,,
8941180cb5dd7c1a25b1,full_annotation_v1,A,q_건강식품_02,인삼,식료품 중 '건강식품'을 판매·제공하는 매장,test,건강식품,T2 동의어,26a1e0d2-b616-4b70-9e72-017e4bc3b657,인동인삼,인삼,부전인삼시장,전통시장,부산광역시,,,
3139244079258ff27fea,full_annotation_v1,A,q_건강식품_02,인삼,식료품 중 '건강식품'을 판매·제공하는 매장,test,건강식품,T2 동의어,a75c7546-c5ce-466b-9376-87bddf5ea53b,금산인삼사,인삼,새길시장,전통시장,대구광역시,,,
bf0fe693eeff7c71555a,full_annotation_v1,A,q_건강식품_02,인삼,식료품 중 '건강식품'을 판매·제공하는 매장,test,건강식품,T2 동의어,2edd7ab9-ea21-4bc0-aeb7-292ae2baf9cb,금산인삼사,인삼,북수원시장( 구 파장시장),전통시장,경기도,,,
97f974ec17de5464d4fc,full_annotation_v1,A,q_건강식품_02,인삼,식료품 중 '건강식품'을 판매·제공하는 매장,test,건강식품,T2 동의어,03edd371-0622-45fb-a43c-18508cd92a37,풍기우연홍삼명가,인삼,풍기인삼홍삼상점가,자율상권구역,경상북도,,,
81691be97f240e68eb4a,full_annotation_v1,A,q_건강식품_02,인삼,식료품 중 '건강식품'을 판매·제공하는 매장,test,건강식품,T2 동의어,e4cd00de-eb24-4e24-a246-e48ae2e7515e,금산인삼,인삼,강릉성남시장,전통시장,강원특별자치도,,,
6eba66fb326874bc72bb,full_annotation_v1,A,q_건강식품_02,인삼,식료품 중 '건강식품'을 판매·제공하는 매장,test,건강식품,T2 동의어,ce87abd4-e2bc-4d05-b1ba-b9b9040042fe,부산유통,건어물,부전농수산물새벽시장,전통시장,부산광역시,,,
4ad2343edb026d8ba7ba,full_annotation_v1,A,q_건강식품_02,인삼,식료품 중 '건강식품'을 판매·제공하는 매장,test,건강식품,T2 동의어,b1ae2727-bf05-46aa-9237-c98d2fa988bb,건강홍삼,인삼,풍기인삼홍삼상점가,자율상권구역,경상북도,,,
3fc3b103aa7b8172a7c6,full_annotation_v1,A,q_건강식품_02,인삼,식료품 중 '건강식품'을 판매·제공하는 매장,test,건강식품,T2 동의어,009bd725-6319-41ec-87fb-f904d54243ca,현대인삼,"홍삼, 인삼",경동시장,전통시장,서울특별시,,,
a713260f2bee8cfe1ca8,full_annotation_v1,A,q_건강식품_02,인삼,식료품 중 '건강식품'을 판매·제공하는 매장,test,건강식품,T2 동의어,236b564c-8111-4ca7-8f8d-45068fc76f31,건강돌봄약국,의약품,상동역 골목형상점가,골목형상점가,경기도,,,
0c222b13005a9e5516d2,full_annotation_v1,A,q_건강식품_02,인삼,식료품 중 '건강식품'을 판매·제공하는 매장,test,건강식품,T2 동의어,cbfd6b72-a1cf-44eb-88dc-5d794bb7351d,명신인삼,인삼,금산국제인삼시장,전통시장,충청남도,,,
ddb5b765633aa5eae535,full_annotation_v1,A,q_건강식품_02,인삼,식료품 중 '건강식품'을 판매·제공하는 매장,test,건강식품,T2 동의어,dc2fef63-6427-4ac5-a824-f20301ddf54f,본죽&비빔밥 어은점,한식,어은누리 골목형상점가,골목형상점가,대전광역시,,,
3e699e88ceea99bbbdef,full_annotation_v1,A,q_건강식품_02,인삼,식료품 중 '건강식품'을 판매·제공하는 매장,test,건강식품,T2 동의어,00b64830-f897-4643-a5fa-6d8950c2ef89,낭만상회,식품,문산자유시장,전통시장,경기도,,,
546e2ed367900d1c0b67,full_annotation_v1,A,q_건강식품_02,인삼,식료품 중 '건강식품'을 판매·제공하는 매장,test,건강식품,T2 동의어,31f9ef09-9fbb-4ddf-96d2-10883b0a84ac,파리바게뜨전대정문점,제과,오월첫동네 골목형상점가,골목형상점가,광주광역시,,,
df8bfd65f71d93514c07,full_annotation_v1,A,q_건강식품_02,인삼,식료품 중 '건강식품'을 판매·제공하는 매장,test,건강식품,T2 동의어,aa4493c6-04f2-4d23-841b-8861f3996310,부여인삼,인삼,부전인삼시장,전통시장,부산광역시,,,
623b44908f3d56d95962,full_annotation_v1,A,q_건강식품_02,인삼,식료품 중 '건강식품'을 판매·제공하는 매장,test,건강식품,T2 동의어,66f4aeeb-5ebf-4d3c-a451-e449701c2d09,금산인삼사,인삼,북수원시장( 구 파장시장),전통시장,경기도,,,
18c000fb387381725ab8,full_annotation_v1,A,q_건강식품_02,인삼,식료품 중 '건강식품'을 판매·제공하는 매장,test,건강식품,T2 동의어,8a782e20-fd15-4410-8ae7-d1ae0dd8a4a5,금산인삼센타,인삼,괴정골목시장,전통시장,부산광역시,,,
9782d82bfb258c999787,full_annotation_v1,A,q_건강식품_02,인삼,식료품 중 '건강식품'을 판매·제공하는 매장,test,건강식품,T2 동의어,023caced-6133-4a64-839b-a1c69c27bb87,정관장과천점,소매업(홍삼제품),별양동상점가,자율상권구역,경기도,,,
e815e1e022ca52def774,full_annotation_v1,A,q_건강식품_02,인삼,식료품 중 '건강식품'을 판매·제공하는 매장,test,건강식품,T2 동의어,4302f141-d4e7-4477-a32b-19734bc8e6c4,충북인삼,인삼,청주육거리종합시장,전통시장,충청북도,,,
bd7e0a17c7882a8a1113,full_annotation_v1,A,q_건강식품_02,인삼,식료품 중 '건강식품'을 판매·제공하는 매장,test,건강식품,T2 동의어,9b56818f-fe2a-47de-bb12-87af348aa472,풍기인삼,인삼,경주중앙시장,전통시장,경상북도,,,
262e88fee9d9f59b8587,full_annotation_v1,A,q_건강식품_02,인삼,식료품 중 '건강식품'을 판매·제공하는 매장,test,건강식품,T2 동의어,dcd702e8-06c7-4e4e-824d-263cd07566f0,한국인삼,인삼,경동시장,전통시장,서울특별시,,,
b5557e7b834ec90094d2,full_annotation_v1,A,q_건강식품_02,인삼,식료품 중 '건강식품'을 판매·제공하는 매장,test,건강식품,T2 동의어,1e6421d9-7d76-4208-bb68-38d13efcac91,충남인삼,인삼,영신상가,전통시장,서울특별시,,,
3b6fd060872565c8682e,full_annotation_v1,A,q_건강식품_02,인삼,식료품 중 '건강식품'을 판매·제공하는 매장,test,건강식품,T2 동의어,0112a558-2787-41dc-ae68-695e60c4930c,해동그랜드약국,약국,전곡시장,전통시장,서울특별시,,,
241906ccf263a2db4143,full_annotation_v1,A,q_건강식품_02,인삼,식료품 중 '건강식품'을 판매·제공하는 매장,test,건강식품,T2 동의어,ccc44074-7c8c-4880-83c2-5528595be748,대흥인삼,인삼,제일종합시장,전통시장,강원특별자치도,,,
c77c506d968583821ede,full_annotation_v1,A,q_건강식품_02,인삼,식료품 중 '건강식품'을 판매·제공하는 매장,test,건강식품,T2 동의어,6d1c6d1b-bf90-4355-8a3c-5e6aad9a103f,충남인삼,인삼,경동시장,전통시장,서울특별시,,,
49183c626a2416f4bb88,full_annotation_v1,A,q_건강식품_02,인삼,식료품 중 '건강식품'을 판매·제공하는 매장,test,건강식품,T2 동의어,d394e3df-8aed-4425-8a60-3e379509ddd1,대보인삼,인삼,부전인삼시장,전통시장,부산광역시,,,
a0a5870792512c7d5d8a,full_annotation_v1,A,q_건강식품_02,인삼,식료품 중 '건강식품'을 판매·제공하는 매장,test,건강식품,T2 동의어,2cd7cfba-d20f-43b2-83f3-b2295be45a98,한국인삼,인삼,진주 논개시장,전통시장,경상남도,,,
1546a327ef34ebd85a91,full_annotation_v1,A,q_건강식품_02,인삼,식료품 중 '건강식품'을 판매·제공하는 매장,test,건강식품,T2 동의어,c1287d15-c24a-4760-9dfb-3d30c67ab7aa,수복인삼,인삼,종오지하쇼핑센터,일반지하상점가,서울특별시,,,
d156617ee03f20912894,full_annotation_v1,A,q_건강식품_02,인삼,식료품 중 '건강식품'을 판매·제공하는 매장,test,건강식품,T2 동의어,488b3001-1c36-477e-a9d6-eb8e7d73019e,금산인삼,인삼,민락골목시장,전통시장,부산광역시,,,
46d4ddb5dcbb280f0992,full_annotation_v1,A,q_건강식품_02,인삼,식료품 중 '건강식품'을 판매·제공하는 매장,test,건강식품,T2 동의어,6261a06f-439f-415d-b053-b1bcf0e1a445,고구려인삼사,인삼,풍기선비골인삼시장,전통시장,경상북도,,,
501c64f38750f1ba96cd,full_annotation_v1,A,q_건강식품_02,인삼,식료품 중 '건강식품'을 판매·제공하는 매장,test,건강식품,T2 동의어,00bd78a7-2a89-48d4-b7ec-efe5116ce2a4,반월당경북약국,약국,메트로센터(반월당지하쇼핑),일반지하상점가,대구광역시,,,
683923462d27c882496c,full_annotation_v1,A,q_건강식품_02,인삼,식료품 중 '건강식품'을 판매·제공하는 매장,test,건강식품,T2 동의어,8ef0eee5-4365-4f1e-97d8-1face78308c4,수억인삼,인삼,풍기인삼홍삼상점가,자율상권구역,경상북도,,,
341fdaa6456e0c9f6862,full_annotation_v1,A,q_건강식품_02,인삼,식료품 중 '건강식품'을 판매·제공하는 매장,test,건강식품,T2 동의어,782d312f-8745-4515-9ffd-bda3a1d4e312,건강인삼,인삼,부전인삼시장,전통시장,부산광역시,,,
29d9f11c873fb20971b2,full_annotation_v1,A,q_건강식품_02,인삼,식료품 중 '건강식품'을 판매·제공하는 매장,test,건강식품,T2 동의어,87bedb34-4714-4593-838e-e823979f58bd,고려인삼,인삼,신정상가시장,전통시장,울산광역시,,,
c9163bb90a7785fa6716,full_annotation_v1,A,q_건강식품_02,인삼,식료품 중 '건강식품'을 판매·제공하는 매장,test,건강식품,T2 동의어,4a82c933-df8a-40d4-b720-7e957f3cc7fe,태백인삼,인삼,부전인삼시장,전통시장,부산광역시,,,
7e0452e1b95276d96094,full_annotation_v1,A,q_건강식품_02,인삼,식료품 중 '건강식품'을 판매·제공하는 매장,test,건강식품,T2 동의어,2e64abdc-d9c8-43b9-8f6a-54c213bf3368,고려인삼,인삼,명동 지하쇼핑센터,일반지하상점가,서울특별시,,,
511c37ad054cf6759111,full_annotation_v1,A,q_건강식품_02,인삼,식료품 중 '건강식품'을 판매·제공하는 매장,test,건강식품,T2 동의어,d76ef3dc-b322-41c1-b755-8c610eb9a375,올포유,의류,사거리온누리 골목형상점가,골목형상점가,충청남도,,,
8758d634936b15c1a294,full_annotation_v1,A,q_건강식품_02,인삼,식료품 중 '건강식품'을 판매·제공하는 매장,test,건강식품,T2 동의어,595f81be-b734-4846-9d55-f7f054e43fa8,횡재인삼,인삼,풍기인삼홍삼상점가,자율상권구역,경상북도,,,
8efb8a84e371f4b8edce,full_annotation_v1,A,q_건강식품_02,인삼,식료품 중 '건강식품'을 판매·제공하는 매장,test,건강식품,T2 동의어,6aaca09c-d328-4411-83ce-60302af3adbe,예송홍삼,인삼,부전인삼시장,전통시장,부산광역시,,,
45c2046deea22ba0dec2,full_annotation_v1,A,q_건강식품_02,인삼,식료품 중 '건강식품'을 판매·제공하는 매장,test,건강식품,T2 동의어,51919059-86f6-4996-9692-10ad74fc157b,삼마니인삼고을,인삼,풍기인삼시장,전통시장,경상북도,,,
d8f61a00dd3eab38a535,full_annotation_v1,A,q_건강식품_02,인삼,식료품 중 '건강식품'을 판매·제공하는 매장,test,건강식품,T2 동의어,58a1b338-d49f-4bf4-ac94-67f255eea8a6,지리산한약재,인삼,까치산시장,전통시장,서울특별시,,,
869a58ed67cfdd37dab0,full_annotation_v1,A,q_건강식품_02,인삼,식료품 중 '건강식품'을 판매·제공하는 매장,test,건강식품,T2 동의어,01049348-bdd8-4303-a750-8f85f7029a84,사랑의손효소마을,건강식품,구미형곡시장프라자,전통시장,경상북도,,,
9c12ad52675be7eb5368,full_annotation_v1,A,q_건강식품_02,인삼,식료품 중 '건강식품'을 판매·제공하는 매장,test,건강식품,T2 동의어,1400764d-7f68-4490-95a0-2dbfde47fba3,고려인삼,인삼,부전인삼시장,전통시장,부산광역시,,,
5f08458378896a43c2d3,full_annotation_v1,A,q_건강식품_02,인삼,식료품 중 '건강식품'을 판매·제공하는 매장,test,건강식품,T2 동의어,1e0c0ef2-0685-4b0f-91fe-8ec362ce8f74,용정홍삼원,인삼,금산인삼약령시장,기타,충청남도,,,
cb81313e511754e2bb06,full_annotation_v1,A,q_건강식품_02,인삼,식료품 중 '건강식품'을 판매·제공하는 매장,test,건강식품,T2 동의어,ffba4e4b-6168-40b2-900c-8de141e6e15c,장수인삼,인삼,부전인삼시장,전통시장,부산광역시,,,
82615b46d943fce4035d,full_annotation_v1,A,q_건강식품_02,인삼,식료품 중 '건강식품'을 판매·제공하는 매장,test,건강식품,T2 동의어,90087f4d-d145-48c9-8292-3809b20b3772,금산상회,인삼,부전시장,전통시장,부산광역시,,,
b47c0271dccbf8525c9a,full_annotation_v1,A,q_건강식품_02,인삼,식료품 중 '건강식품'을 판매·제공하는 매장,test,건강식품,T2 동의어,00140fab-ec56-4d81-8a03-d3d4aa8d5a49,계령약국,의약품,성대시장골목형상점가,골목형상점가,서울특별시,,,
95caa707ed1444c76165,full_annotation_v1,A,q_건강식품_02,인삼,식료품 중 '건강식품'을 판매·제공하는 매장,test,건강식품,T2 동의어,83f19a08-f390-4425-86ef-a17224184a50,금산인삼,인삼,성대전통시장,전통시장,서울특별시,,,
c262d9bfa6bb22935a21,full_annotation_v1,A,q_건강식품_02,인삼,식료품 중 '건강식품'을 판매·제공하는 매장,test,건강식품,T2 동의어,62358f2d-7810-4708-90ef-f9ad5ba3f7cf,금산수산센터75호,인삼,금산수삼센터,전통시장,충청남도,,,
1dbdf8d44df81dd98c5c,full_annotation_v1,A,q_건강식품_02,인삼,식료품 중 '건강식품'을 판매·제공하는 매장,test,건강식품,T2 동의어,a191ecfd-61f7-45e8-90f1-00a68e38b4f3,금산인삼,인삼,일신시장(舊 부일종합시장),전통시장,인천광역시,,,
9cf8d159414c70e1615c,full_annotation_v1,A,q_건강식품_02,인삼,식료품 중 '건강식품'을 판매·제공하는 매장,test,건강식품,T2 동의어,69696bf2-500f-4b82-9479-5a443b692dc0,고려봉밀,인삼,금산인삼약령시장,기타,충청남도,,,
420bca666ef3e01aae73,full_annotation_v1,A,q_건강식품_02,인삼,식료품 중 '건강식품'을 판매·제공하는 매장,test,건강식품,T2 동의어,1dda9121-120f-4513-955d-11ba86ef0b3c,수현인삼사,인삼,풍기선비골인삼시장,전통시장,경상북도,,,
1bcef7bdf75b3d1d7422,full_annotation_v1,A,q_건강식품_02,인삼,식료품 중 '건강식품'을 판매·제공하는 매장,test,건강식품,T2 동의어,2fbfb6db-11f8-4bc5-8cc8-6e4674e377be,녹초인삼,인삼,엄궁농산물도매시장식품·청과 소매동 골목형상점가,골목형상점가,부산광역시,,,
46a1a0b5284137e11339,full_annotation_v1,A,q_건강식품_02,인삼,식료품 중 '건강식품'을 판매·제공하는 매장,test,건강식품,T2 동의어,1b4e90a0-a92d-4a4c-8a11-d6d164eab8a7,충북인삼,인삼,경동시장,전통시장,서울특별시,,,
a2b01a04853442cd3c70,full_annotation_v1,A,q_건강식품_02,인삼,식료품 중 '건강식품'을 판매·제공하는 매장,test,건강식품,T2 동의어,4a3ed5bd-373e-4bd3-bac6-0efc139051ad,건강백세,인삼,금산수삼센터,전통시장,충청남도,,,
b26846db8a478988df1c,full_annotation_v1,A,q_건강식품_02,인삼,식료품 중 '건강식품'을 판매·제공하는 매장,test,건강식품,T2 동의어,767a2947-b955-4729-8dae-af3a43acfdf9,금순이네 인삼,인삼,금산수삼센터,전통시장,충청남도,,,
b29de5c327e1d91ee744,full_annotation_v1,A,q_건강식품_02,인삼,식료품 중 '건강식품'을 판매·제공하는 매장,test,건강식품,T2 동의어,ffb1692b-cf06-4a5d-937e-26c3f3f9a056,고려인삼사,인삼,대구약령시장,전통시장,대구광역시,,,
a583fd6072a7af5f0bfa,full_annotation_v1,A,q_건강식품_02,인삼,식료품 중 '건강식품'을 판매·제공하는 매장,test,건강식품,T2 동의어,00768c91-a678-4fbc-a372-a2ee0260218f,수택온누리약국,,구리시 구도심 상권활성화구역,상권활성화구역,경기도,,,
11f483cb9714ee07f724,full_annotation_v1,A,q_건강식품_02,인삼,식료품 중 '건강식품'을 판매·제공하는 매장,test,건강식품,T2 동의어,4d41bbc9-b86b-4e6c-882d-ab8086e5baca,금산인삼,인삼,경동시장,전통시장,서울특별시,,,
12a9255be95de0fa42a6,full_annotation_v1,A,q_건강식품_02,인삼,식료품 중 '건강식품'을 판매·제공하는 매장,test,건강식품,T2 동의어,786e9be6-3c8f-4a41-9c14-fc2b15b4fdd1,자매인삼,인삼,경동시장,전통시장,서울특별시,,,
5bb42894731dab6bdd7f,full_annotation_v1,A,q_건강식품_02,인삼,식료품 중 '건강식품'을 판매·제공하는 매장,test,건강식품,T2 동의어,001961d9-cb5d-40bc-903a-33d483f7d132,헬씨스탠다드,"건강기능식품, 쌀, 견과류, 약재",응암소담길 골목형상점가,골목형상점가,서울특별시,,,
d52cc7a70d620d5cd248,full_annotation_v1,A,q_건강식품_02,인삼,식료품 중 '건강식품'을 판매·제공하는 매장,test,건강식품,T2 동의어,8af684f2-abc1-47e4-9fbb-b6d38f68a64c,금산인삼,인삼,부전인삼시장,전통시장,부산광역시,,,
d13b3f9ec54f012833f8,full_annotation_v1,A,q_건강식품_02,인삼,식료품 중 '건강식품'을 판매·제공하는 매장,test,건강식품,T2 동의어,eafd078d-bb13-4333-9e50-1c4e70d6b36b,신명산인삼사,인삼,풍기인삼시장,전통시장,경상북도,,,
ea3cffc14ef0f33a7726,full_annotation_v1,A,q_건강식품_02,인삼,식료품 중 '건강식품'을 판매·제공하는 매장,test,건강식품,T2 동의어,9517f7b8-2502-4cce-bf48-3c802e650967,광주원실내테니스아카데미,체육용품,삼익사거리 골목형상점가,골목형상점가,광주광역시,,,
59518fad6c4f2b6af922,full_annotation_v1,A,q_건강식품_02,인삼,식료품 중 '건강식품'을 판매·제공하는 매장,test,건강식품,T2 동의어,2d6e1304-4760-4de5-824e-1f68ce8c5653,진왕건삼사,인삼,금산국제인삼시장,전통시장,충청남도,,,
bdb5e650463061dcce11,full_annotation_v1,A,q_건강식품_02,인삼,식료품 중 '건강식품'을 판매·제공하는 매장,test,건강식품,T2 동의어,6582589a-85b5-4c2f-8748-eb180927e3a9,풍기인삼,인삼,경주중앙시장,전통시장,경상북도,,,
5edd7ef1d163ea048025,full_annotation_v1,A,q_건강식품_02,인삼,식료품 중 '건강식품'을 판매·제공하는 매장,test,건강식품,T2 동의어,2165cc68-ac44-4cfc-9afa-99c0f7f91a97,개성인삼3호,인삼,경동시장,전통시장,서울특별시,,,
279e92e4c4c71d2e7f50,full_annotation_v1,A,q_건강식품_02,인삼,식료품 중 '건강식품'을 판매·제공하는 매장,test,건강식품,T2 동의어,45d546a9-7ea2-4926-963a-f5c40abbe05d,익산금산인삼,인삼,익산중앙시장,전통시장,전북특별자치도,,,
27e84a1dce685590da5a,full_annotation_v1,A,q_건강식품_02,인삼,식료품 중 '건강식품'을 판매·제공하는 매장,test,건강식품,T2 동의어,15b093c1-6cc3-442f-803c-7a7604b58d46,금장인삼,인삼,풍기인삼홍삼상점가,자율상권구역,경상북도,,,
aed47347c0afa28b078c,full_annotation_v1,A,q_건강식품_02,인삼,식료품 중 '건강식품'을 판매·제공하는 매장,test,건강식품,T2 동의어,4f91c962-a940-49e2-bcbf-ede58a487086,대경인삼,인삼,풍기인삼홍삼상점가,자율상권구역,경상북도,,,
96b5bba691f5e364e068,full_annotation_v1,A,q_건강식품_02,인삼,식료품 중 '건강식품'을 판매·제공하는 매장,test,건강식품,T2 동의어,3a31c074-df47-4676-b3fc-af3a65a02361,한국인삼,인삼,남부골목시장,전통시장,서울특별시,,,
6fd19fe328ac3a02ff12,full_annotation_v1,A,q_건강식품_02,인삼,식료품 중 '건강식품'을 판매·제공하는 매장,test,건강식품,T2 동의어,8703402c-541d-4833-8c14-9dc41fe75bcf,알래즈,의류,장동로터리 골목형상점가,골목형상점가,광주광역시,,,
3a55e4699f917a9ffef3,full_annotation_v1,A,q_건강식품_02,인삼,식료품 중 '건강식품'을 판매·제공하는 매장,test,건강식품,T2 동의어,9d699df1-baa0-4ecb-8178-14aebc3f91f6,풍기인삼,인삼,부전인삼시장,전통시장,부산광역시,,,
2238c294fe154fe3c3bd,full_annotation_v1,A,q_건강식품_02,인삼,식료품 중 '건강식품'을 판매·제공하는 매장,test,건강식품,T2 동의어,01f1ff87-d7c5-4c13-b60e-937f9d6221fd,수삼센터 83호,인삼(수삼),금산수삼센터,전통시장,충청남도,,,
91b20900c2db6156b7bb,full_annotation_v1,A,q_건강식품_02,인삼,식료품 중 '건강식품'을 판매·제공하는 매장,test,건강식품,T2 동의어,000db6d6-585c-4aba-94e7-fc6a23a694fb,시민약국,의약품,문경중앙시장,전통시장,경상북도,,,
cdb17979dc487d2e6bf3,full_annotation_v1,A,q_건강식품_02,인삼,식료품 중 '건강식품'을 판매·제공하는 매장,test,건강식품,T2 동의어,220faeed-f496-4258-9f1a-83d6276b8f03,광명인삼사,인삼,풍기인삼홍삼상점가,자율상권구역,경상북도,,,
096e7238b08620f23dd3,full_annotation_v1,A,q_건강식품_02,인삼,식료품 중 '건강식품'을 판매·제공하는 매장,test,건강식품,T2 동의어,0e003c4a-520f-4f52-af75-5e3e6215e893,한국인삼종합,인삼,금산국제인삼시장,전통시장,충청남도,,,
bb9d14cb5a7e659c474d,full_annotation_v1,A,q_건강식품_02,인삼,식료품 중 '건강식품'을 판매·제공하는 매장,test,건강식품,T2 동의어,92058359-6689-469c-9e58-99b081f673ae,경희인삼,인삼,부전인삼시장,전통시장,부산광역시,,,
489495e33f63daaee009,full_annotation_v1,A,q_건강식품_02,인삼,식료품 중 '건강식품'을 판매·제공하는 매장,test,건강식품,T2 동의어,cfeaa619-917f-4eba-8fac-879a68655da5,한솔종합장식,벽지,하당꽃길1가 골목형상점가,골목형상점가,전라남도,,,
ba69c289560288e4a16f,full_annotation_v1,A,q_건강식품_02,인삼,식료품 중 '건강식품'을 판매·제공하는 매장,test,건강식품,T2 동의어,ad9cce57-cad8-496d-aca8-9c72e09bdc7f,문무,인삼,풍기토종인삼시장,전통시장,경상북도,,,
8ee03a714e0e4b0bc8d0,full_annotation_v1,A,q_건강식품_02,인삼,식료품 중 '건강식품'을 판매·제공하는 매장,test,건강식품,T2 동의어,cfca36fd-4246-4495-a3c9-06dfef3f753f,부여인삼,인삼,경동시장,전통시장,서울특별시,,,
278b93c9b9aac3195a07,full_annotation_v1,A,q_건강식품_02,인삼,식료품 중 '건강식품'을 판매·제공하는 매장,test,건강식품,T2 동의어,008a831c-1fd3-4b7c-96c1-0e92332ccbf3,명성약국,의약품,공주산성시장,전통시장,충청남도,,,
72eee8e18b15cf3b5792,full_annotation_v1,A,q_건강식품_02,인삼,식료품 중 '건강식품'을 판매·제공하는 매장,test,건강식품,T2 동의어,912234b7-d0bd-4e18-85e5-9b0153bb4a59,금산인삼,인삼,원종종합시장,전통시장,경기도,,,
552a13b3b673d5d14489,full_annotation_v1,A,q_건강식품_02,인삼,식료품 중 '건강식품'을 판매·제공하는 매장,test,건강식품,T2 동의어,5485650d-ca26-4703-8b3e-5e55045187c1,롯데리아하당점,햄버거,하당꽃길1가 골목형상점가,골목형상점가,전라남도,,,
4fb7e12d49d6a3535671,full_annotation_v1,A,q_건강식품_02,인삼,식료품 중 '건강식품'을 판매·제공하는 매장,test,건강식품,T2 동의어,a691a407-734c-45d9-8c99-fc99ea17d0b3,남해인삼,인삼,부전인삼시장,전통시장,부산광역시,,,
1587c08b9afc092d91b4,full_annotation_v1,A,q_건강식품_02,인삼,식료품 중 '건강식품'을 판매·제공하는 매장,test,건강식품,T2 동의어,113df600-9809-4bd0-a39e-7ab0cebf3618,한국인삼,인삼,부전인삼시장,전통시장,부산광역시,,,
d629063945eb1c5c68ea,full_annotation_v1,A,q_건강식품_02,인삼,식료품 중 '건강식품'을 판매·제공하는 매장,test,건강식품,T2 동의어,0c3506b7-2bc4-4fff-96f7-4639eaa92314,동의인삼,인삼 등,경동시장,전통시장,서울특별시,,,
5b80f80e264d80eff386,full_annotation_v1,A,q_건강식품_02,인삼,식료품 중 '건강식품'을 판매·제공하는 매장,test,건강식품,T2 동의어,01befe6d-bfd6-4c6f-be43-d02efffe1dd1,성덕인삼,인삼,부전인삼시장,전통시장,부산광역시,,,
78471b7286e05c1a9eb3,full_annotation_v1,A,q_건강식품_02,인삼,식료품 중 '건강식품'을 판매·제공하는 매장,test,건강식품,T2 동의어,1a9d2c96-f470-4fbe-a752-da9a80a3c0ba,소망인삼,인삼,부전인삼시장,전통시장,부산광역시,,,
91c13cf8cf5981702294,full_annotation_v1,A,q_건강식품_02,인삼,식료품 중 '건강식품'을 판매·제공하는 매장,test,건강식품,T2 동의어,a7da484f-5222-49c7-9832-96400c001b90,장평인삼직매장,인삼,증평장뜰재래시장,전통시장,충청북도,,,
496edd404b933464a7a1,full_annotation_v1,A,q_건강식품_02,인삼,식료품 중 '건강식품'을 판매·제공하는 매장,test,건강식품,T2 동의어,c078cbfc-203f-473d-8090-836b5afc5cfe,경민사,귀금속,골드테마거리,전통시장,부산광역시,,,
8f2f00abe4ab895121ad,full_annotation_v1,A,q_건강식품_02,인삼,식료품 중 '건강식품'을 판매·제공하는 매장,test,건강식품,T2 동의어,004b2dbc-a37a-4c33-8661-ca25a873ac90,중앙인삼사,인삼,통영중앙전통시장,전통시장,경상남도,,,
29acde09454a7459c7c8,full_annotation_v1,A,q_건강식품_02,인삼,식료품 중 '건강식품'을 판매·제공하는 매장,test,건강식품,T2 동의어,3091d964-7548-49d3-a115-77dbce39651e,풍산인삼,인삼,경동시장,전통시장,서울특별시,,,
1528c9a23e150b46a30b,full_annotation_v1,A,q_건강식품_02,인삼,식료품 중 '건강식품'을 판매·제공하는 매장,test,건강식품,T2 동의어,ca3fb21c-0fbd-41c8-a11d-afd2a275ccb3,교촌인삼사,인삼,풍기인삼홍삼상점가,자율상권구역,경상북도,,,
f64562e6a443e9b46471,full_annotation_v1,A,q_건강식품_02,인삼,식료품 중 '건강식품'을 판매·제공하는 매장,test,건강식품,T2 동의어,0048134e-4060-4bf0-bffb-0cac8a53f2d8,사랑의뜰안 북광주점,건강기능식품,운암대자골 골목형상점가,골목형상점가,광주광역시,,,
536ebcf9216803feba3d,full_annotation_v1,A,q_건강식품_02,인삼,식료품 중 '건강식품'을 판매·제공하는 매장,test,건강식품,T2 동의어,1802ca7a-cba7-43c1-865a-3400ae84367a,지글대패삼겹살 진천점,육류,월배선사 골목형상점가,골목형상점가,대구광역시,,,
172cc64495243b16b57f,full_annotation_v1,A,q_건강식품_02,인삼,식료품 중 '건강식품'을 판매·제공하는 매장,test,건강식품,T2 동의어,89af663d-b965-48b4-a92e-d91efea85cc3,찰떡궁합,떡류,번개시장,전통시장,대구광역시,,,
f3609ff24f6d2902efdb,full_annotation_v1,A,q_건강식품_02,인삼,식료품 중 '건강식품'을 판매·제공하는 매장,test,건강식품,T2 동의어,bc2781af-15bc-493a-8fde-b16820c404e2,부곡인삼,인삼,부전인삼시장,전통시장,부산광역시,,,
01c73e343512ae9aeecc,full_annotation_v1,A,q_건강식품_02,인삼,식료품 중 '건강식품'을 판매·제공하는 매장,test,건강식품,T2 동의어,00e92856-b294-4032-8540-d60e9817f2d8,럭키약국,"의약품, 건강기능식품, 식품",충무로골목형상점가,골목형상점가,서울특별시,,,
9c199e65d49198140394,full_annotation_v1,A,q_건강식품_02,인삼,식료품 중 '건강식품'을 판매·제공하는 매장,test,건강식품,T2 동의어,019ac829-9ffd-42aa-bfd1-9da1dfba52e2,바디엔 약국,,남악1번가 골목형상점가,골목형상점가,,,,
ed73115ea88ec7fa9c82,full_annotation_v1,A,q_건강식품_02,인삼,식료품 중 '건강식품'을 판매·제공하는 매장,test,건강식품,T2 동의어,f8afd3ec-3007-4c72-bcab-0edc64b18d6e,한아름인삼사,인삼,풍기인삼홍삼상점가,자율상권구역,경상북도,,,
6a73f74688c74e5d705f,full_annotation_v1,A,q_건강식품_02,인삼,식료품 중 '건강식품'을 판매·제공하는 매장,test,건강식품,T2 동의어,66263de7-3d8d-460a-a279-3d7b78cdda18,금산인삼,인삼,원미종합시장,전통시장,경기도,,,
7d856effee0bc644443e,full_annotation_v1,A,q_건강식품_02,인삼,식료품 중 '건강식품'을 판매·제공하는 매장,test,건강식품,T2 동의어,c2b0dda8-bf5f-4ed1-bb49-14229b0f4e63,길형건재약업사,인삼,금산약초시장,전통시장,충청남도,,,
ca746487d6484bfdbb5d,full_annotation_v1,A,q_건강식품_02,인삼,식료품 중 '건강식품'을 판매·제공하는 매장,test,건강식품,T2 동의어,00339341-0652-4ec2-abc9-9cfd99cfafd8,정관장 화서시장점,건강기능식품,화서시장,전통시장,경기도,,,
977cfb0a3cff2aa880e3,full_annotation_v1,A,q_건강식품_02,인삼,식료품 중 '건강식품'을 판매·제공하는 매장,test,건강식품,T2 동의어,b9fcb654-8745-4e88-a4cc-a5c7bc2c1091,금산인삼직매소,인삼,남해전통시장,전통시장,경상남도,,,
7c28b4081f35a9177b55,full_annotation_v1,A,q_건강식품_02,인삼,식료품 중 '건강식품'을 판매·제공하는 매장,test,건강식품,T2 동의어,267b0894-763a-4347-895d-b6b2314757a7,금산인삼,인삼,일산시장(구 일산전통시장),전통시장,경기도,,,
e8076b21e9862237615a,full_annotation_v1,A,q_건강식품_02,인삼,식료품 중 '건강식품'을 판매·제공하는 매장,test,건강식품,T2 동의어,862e0e04-b1da-4750-9cbb-87ce3eac646d,양주인삼,인삼,경동시장,전통시장,서울특별시,,,
3bcedf52298ad37d10d7,full_annotation_v1,A,q_건강식품_02,인삼,식료품 중 '건강식품'을 판매·제공하는 매장,test,건강식품,T2 동의어,53da0b53-f480-4755-a163-2658a19349e9,차윤헤어 율하점,서비스,율심 골목형상점가,골목형상점가,대구광역시,,,
a347aa4f77c7accf455c,full_annotation_v1,A,q_건강식품_02,인삼,식료품 중 '건강식품'을 판매·제공하는 매장,test,건강식품,T2 동의어,a140e062-58af-4c1d-b9d8-d4dd4282fa90,만보사,의류,서문시장 제5지구,전통시장,대구광역시,,,
685e326c11cc408d76ba,full_annotation_v1,A,q_건강식품_02,인삼,식료품 중 '건강식품'을 판매·제공하는 매장,test,건강식품,T2 동의어,c004c63e-bfdd-4b22-ac39-fac9f0071831,개삼터인삼,인삼,진주 청과시장,전통시장,경상남도,,,
6f8d95458ff20bb9143a,full_annotation_v1,A,q_건강식품_02,인삼,식료품 중 '건강식품'을 판매·제공하는 매장,test,건강식품,T2 동의어,002c02f2-4428-4a84-a248-7b23ae109459,정관장 반석점,홍삼건강식품,지족반석 골목형상점가,골목형상점가,대전광역시,,,
77b6670c7428b5177314,full_annotation_v1,A,q_건강식품_02,인삼,식료품 중 '건강식품'을 판매·제공하는 매장,test,건강식품,T2 동의어,1259c212-5bcc-4f5d-a651-bb243105b336,금산인삼,인삼,양동시장,전통시장,,,,
9f2f1f304b25b4bc87a0,full_annotation_v1,A,q_건강식품_02,인삼,식료품 중 '건강식품'을 판매·제공하는 매장,test,건강식품,T2 동의어,ea2d0f5a-3a93-4eef-b4d5-acf5205e2526,금산인삼,인삼,영등포전통시장,자율상권구역,서울특별시,,,
8dfa67fea0cab8ec534b,full_annotation_v1,A,q_건강식품_02,인삼,식료품 중 '건강식품'을 판매·제공하는 매장,test,건강식품,T2 동의어,02cd45e9-fe92-42d2-9ae1-da8fc01edbdb,(주)서울인삼유통,홍삼,경동시장,전통시장,서울특별시,,,
e40cee24269bdc93e8be,full_annotation_v1,A,q_건강식품_02,인삼,식료품 중 '건강식품'을 판매·제공하는 매장,test,건강식품,T2 동의어,dfce1927-db2c-45d7-9fc1-8121e433a435,광재인삼,인삼,금산인삼약령시장,기타,충청남도,,,
e07835b918883157cf13,full_annotation_v1,A,q_건강식품_02,인삼,식료품 중 '건강식품'을 판매·제공하는 매장,test,건강식품,T2 동의어,a471bf8f-2ed9-48d7-b43b-25ab22a9c9fa,금산인삼,인삼,대인시장,전통시장,광주광역시,,,
35e3ad92949d5904e150,full_annotation_v1,A,q_건강식품_02,인삼,식료품 중 '건강식품'을 판매·제공하는 매장,test,건강식품,T2 동의어,13c0cace-0a19-4622-9b5a-8789708307a2,인삼월드,인삼,풍기선비골인삼시장,전통시장,경상북도,,,
a6431152317515669e90,full_annotation_v1,A,q_건강식품_02,인삼,식료품 중 '건강식품'을 판매·제공하는 매장,test,건강식품,T2 동의어,9b402a0c-7b50-460f-b4d6-c943ceea7a57,벧엘인삼,인삼,경동시장,전통시장,서울특별시,,,
0d73530274e52aa429c0,full_annotation_v1,A,q_건강식품_02,인삼,식료품 중 '건강식품'을 판매·제공하는 매장,test,건강식품,T2 동의어,d5e6244d-f7e6-41fd-ac8b-da03b323caaa,거창인삼,인삼,부전인삼시장,전통시장,부산광역시,,,
b12601d9e5f96bf75446,full_annotation_v1,A,q_건강식품_02,인삼,식료품 중 '건강식품'을 판매·제공하는 매장,test,건강식품,T2 동의어,d50d92e4-5209-448f-897f-9adeb6ee5fd8,인삼코리아,인삼,금산국제인삼시장,전통시장,충청남도,,,
f92eb3058f1d6c92f2fc,full_annotation_v1,A,q_건강식품_02,인삼,식료품 중 '건강식품'을 판매·제공하는 매장,test,건강식품,T2 동의어,341c109b-206e-4cb4-9bcc-6e49c7786753,고려인삼,인삼,동쪽바다중앙시장(구 동해중앙시장),전통시장,강원특별자치도,,,
76afd4fdc87dce56e72e,full_annotation_v1,A,q_건강식품_02,인삼,식료품 중 '건강식품'을 판매·제공하는 매장,test,건강식품,T2 동의어,0f87faf6-a0d8-4d97-bf6d-ef39d3117aee,금산인삼사,인삼,개봉중앙골목형상점가,골목형상점가,서울특별시,,,
bcdece82b885260bf896,full_annotation_v1,A,q_건강식품_02,인삼,식료품 중 '건강식품'을 판매·제공하는 매장,test,건강식품,T2 동의어,017027d8-dbc4-49d9-82f8-f16291770c91,강릉인삼사,인삼건강식품,경동시장,전통시장,서울특별시,,,
113c0d1dcb75284751d5,full_annotation_v1,A,q_건강식품_02,인삼,식료품 중 '건강식품'을 판매·제공하는 매장,test,건강식품,T2 동의어,9e07587a-916b-49c2-969e-b1e07ed3acb2,금산인삼,인삼,홍제골목형상점가,골목형상점가,서울특별시,,,
efdd5049985b2377bbcb,full_annotation_v1,A,q_건강식품_02,인삼,식료품 중 '건강식품'을 판매·제공하는 매장,test,건강식품,T2 동의어,934ee40b-78bc-4438-8c52-6c0d964c4f7d,금산인삼,인삼,부곡시장,전통시장,부산광역시,,,
45421f6f218139617c5d,full_annotation_v1,A,q_건강식품_02,인삼,식료품 중 '건강식품'을 판매·제공하는 매장,test,건강식품,T2 동의어,70cdd6ee-7fde-4846-b74f-61b9c370bb1d,청운인삼사,인삼,풍기토종인삼시장,전통시장,경상북도,,,
973602f6601e6f42034c,full_annotation_v1,A,q_건강식품_02,인삼,식료품 중 '건강식품'을 판매·제공하는 매장,test,건강식품,T2 동의어,027cecd7-d8bb-40f9-9532-06a27b7792e9,정관장홍삼 내손동점,홍삼,의왕예술의거리골목형상점가,골목형상점가,경기도,,,
e01c22fff852c576ffed,full_annotation_v1,A,q_건강식품_03,홍삼,식료품 중 '건강식품'을 판매·제공하는 매장,test,건강식품,T2 동의어,1cd82937-cd09-4867-bc62-14d392d145e2,영천참붕어,한식,야사문화골목형상점가,골목형상점가,경상북도,,,
326d079d7357df7e66b2,full_annotation_v1,A,q_건강식품_03,홍삼,식료품 중 '건강식품'을 판매·제공하는 매장,test,건강식품,T2 동의어,02cd45e9-fe92-42d2-9ae1-da8fc01edbdb,(주)서울인삼유통,홍삼,경동시장,전통시장,서울특별시,,,
793cfb760767df0ba764,full_annotation_v1,A,q_건강식품_03,홍삼,식료품 중 '건강식품'을 판매·제공하는 매장,test,건강식품,T2 동의어,3d04ba37-b942-4622-8b4c-4df69e4d9800,경주인삼,인삼 홍삼,부전인삼시장,전통시장,부산광역시,,,
e768511bf3f6f9b85911,full_annotation_v1,A,q_건강식품_03,홍삼,식료품 중 '건강식품'을 판매·제공하는 매장,test,건강식품,T2 동의어,79bf8ea5-3b45-43ca-b051-7bdcadae6b9b,정관장금천점,홍삼,쇠내울골목형상점가,골목형상점가,충청북도,,,
f9e5f4efa3699d9cd479,full_annotation_v1,A,q_건강식품_03,홍삼,식료품 중 '건강식품'을 판매·제공하는 매장,test,건강식품,T2 동의어,638adb4e-a8ae-4662-ae72-5ee5935472e3,이현자슈퍼,홍삼,원주남부시장,전통시장,강원특별자치도,,,
00d2a6e69a042b4a56cb,full_annotation_v1,A,q_건강식품_03,홍삼,식료품 중 '건강식품'을 판매·제공하는 매장,test,건강식품,T2 동의어,9bf313aa-bf87-4e44-b32c-9299b365713e,풍년인삼,인삼 홍삼,부전시장,전통시장,부산광역시,,,
384298fb8fe775ce05c5,full_annotation_v1,A,q_건강식품_03,홍삼,식료품 중 '건강식품'을 판매·제공하는 매장,test,건강식품,T2 동의어,0e1932a4-a4ab-4054-8526-365a01cefdd9,정관장홍삼서부동점,홍삼,제2경주중심상가시장(경주봉황중심상가시장),전통시장,경상북도,,,
4c64eae8c22e1a07d80b,full_annotation_v1,A,q_건강식품_03,홍삼,식료품 중 '건강식품'을 판매·제공하는 매장,test,건강식품,T2 동의어,d5451482-3c64-47ab-bbc3-04d7b2e953b1,홍삼전시판매장,홍삼,마산 수남상가,전통시장,경상남도,,,
4c855274590f3297b5f0,full_annotation_v1,A,q_건강식품_03,홍삼,식료품 중 '건강식품'을 판매·제공하는 매장,test,건강식품,T2 동의어,04966d11-f0c3-46e9-af97-914a2713943f,인수당유통,홍삼,서울약령시장,전통시장,서울특별시,,,
6748e429515b2d556630,full_annotation_v1,A,q_건강식품_03,홍삼,식료품 중 '건강식품'을 판매·제공하는 매장,test,건강식품,T2 동의어,023caced-6133-4a64-839b-a1c69c27bb87,정관장과천점,소매업(홍삼제품),별양동상점가,자율상권구역,경기도,,,
fd89370afbf38fa93c65,full_annotation_v1,A,q_건강식품_03,홍삼,식료품 중 '건강식품'을 판매·제공하는 매장,test,건강식품,T2 동의어,28517605-44ee-466d-97d8-628937d87f68,코렉스,자전거,하안주공3단지 골목형상점가,골목형상점가,경기도,,,
fd3a8722e563f2adc112,full_annotation_v1,A,q_건강식품_03,홍삼,식료품 중 '건강식품'을 판매·제공하는 매장,test,건강식품,T2 동의어,afca5274-dcac-4b76-900a-752e6c873dd7,한결축산 계룡점,축산,엄사 골목형상점가,골목형상점가,충청남도,,,
c5558fae42543cfa6b4b,full_annotation_v1,A,q_건강식품_03,홍삼,식료품 중 '건강식품'을 판매·제공하는 매장,test,건강식품,T2 동의어,9814b4cc-dcb9-4c33-9d8a-bd52b3127d68,정관장홍삼불당점,홍삼,불당1번가골목형상점가,골목형상점가,충청남도,,,
95f054fa8206f320318f,full_annotation_v1,A,q_건강식품_03,홍삼,식료품 중 '건강식품'을 판매·제공하는 매장,test,건강식품,T2 동의어,98382900-0f9f-4ba1-8170-5dd147489b19,정관장홍삼정읍점,홍삼,정읍연지상점가,자율상권구역,전북특별자치도,,,
6753c1799b3dac5ee1bc,full_annotation_v1,A,q_건강식품_03,홍삼,식료품 중 '건강식품'을 판매·제공하는 매장,test,건강식품,T2 동의어,619d8c43-d1b7-49b4-8899-ee45098adec1,정관장남양점,홍삼,화성남양시장,전통시장,경기도,,,
72bad6143627ec3d86db,full_annotation_v1,A,q_건강식품_03,홍삼,식료품 중 '건강식품'을 판매·제공하는 매장,test,건강식품,T2 동의어,00bd78a7-2a89-48d4-b7ec-efe5116ce2a4,반월당경북약국,약국,메트로센터(반월당지하쇼핑),일반지하상점가,대구광역시,,,
6f132605c8bab281e2b6,full_annotation_v1,A,q_건강식품_03,홍삼,식료품 중 '건강식품'을 판매·제공하는 매장,test,건강식품,T2 동의어,fe39d549-3645-462a-8b2b-24ed21f6cf59,고려홍삼마을,홍삼,세종전통시장,전통시장,세종특별자치시,,,
d57dacaffb263832456d,full_annotation_v1,A,q_건강식품_03,홍삼,식료품 중 '건강식품'을 판매·제공하는 매장,test,건강식품,T2 동의어,017027d8-dbc4-49d9-82f8-f16291770c91,강릉인삼사,인삼건강식품,경동시장,전통시장,서울특별시,,,
772e2a9e3525a98924cb,full_annotation_v1,A,q_건강식품_03,홍삼,식료품 중 '건강식품'을 판매·제공하는 매장,test,건강식품,T2 동의어,32d7440e-8d22-4af4-909d-c9e40b42ce23,김프로모터스,자동차수리,봉주 골목형상점가,골목형상점가,광주광역시,,,
9b9b5de4d1ff46d11640,full_annotation_v1,A,q_건강식품_03,홍삼,식료품 중 '건강식품'을 판매·제공하는 매장,test,건강식품,T2 동의어,019ac829-9ffd-42aa-bfd1-9da1dfba52e2,바디엔 약국,,남악1번가 골목형상점가,골목형상점가,,,,
771d5bee22106ab2c5ad,full_annotation_v1,A,q_건강식품_03,홍삼,식료품 중 '건강식품'을 판매·제공하는 매장,test,건강식품,T2 동의어,a28b4fe6-d3fe-4710-8568-50a3d0cfcdbd,정관장세종아름동점,홍삼,아름동상점가,자율상권구역,세종특별자치시,,,
ee8ed46e455663cec624,full_annotation_v1,A,q_건강식품_03,홍삼,식료품 중 '건강식품'을 판매·제공하는 매장,test,건강식품,T2 동의어,fc5bae6e-767b-4e51-bbd7-ac0bdd5a8195,정관장 홍삼 공주점,홍삼,공주목관아 골목형상점가,골목형상점가,충청남도,,,
61ae9f4c89a2a9e71d80,full_annotation_v1,A,q_건강식품_03,홍삼,식료품 중 '건강식품'을 판매·제공하는 매장,test,건강식품,T2 동의어,00e92856-b294-4032-8540-d60e9817f2d8,럭키약국,"의약품, 건강기능식품, 식품",충무로골목형상점가,골목형상점가,서울특별시,,,
a3c1f1e16b650662536c,full_annotation_v1,A,q_건강식품_03,홍삼,식료품 중 '건강식품'을 판매·제공하는 매장,test,건강식품,T2 동의어,01befe6d-bfd6-4c6f-be43-d02efffe1dd1,성덕인삼,인삼,부전인삼시장,전통시장,부산광역시,,,
4801afaf9d02cd1f57fb,full_annotation_v1,A,q_건강식품_03,홍삼,식료품 중 '건강식품'을 판매·제공하는 매장,test,건강식품,T2 동의어,e8d794b3-a72a-4d1d-a2cb-fc43ea03538b,홍삼하우스,홍삼,초록거리 골목형상점가,골목형상점가,경기도,,,
6865d26e7dcb2675cedc,full_annotation_v1,A,q_건강식품_03,홍삼,식료품 중 '건강식품'을 판매·제공하는 매장,test,건강식품,T2 동의어,00140fab-ec56-4d81-8a03-d3d4aa8d5a49,계령약국,의약품,성대시장골목형상점가,골목형상점가,서울특별시,,,
f4335db1d3cb2b714a28,full_annotation_v1,A,q_건강식품_03,홍삼,식료품 중 '건강식품'을 판매·제공하는 매장,test,건강식품,T2 동의어,abc343c0-aebb-45f4-b12a-8f694fc7c0ad,청림,홍삼,풍기토종인삼시장,전통시장,경상북도,,,
de84e56f9e05d7feb0dd,full_annotation_v1,A,q_건강식품_03,홍삼,식료품 중 '건강식품'을 판매·제공하는 매장,test,건강식품,T2 동의어,8ec2c846-ab0c-47a1-83c4-7c1f137865cd,현대홍삼전문점,홍삼,합덕중앙상점가,자율상권구역,충청남도,,,
ab3b3fb1dbc401b2b077,full_annotation_v1,A,q_건강식품_03,홍삼,식료품 중 '건강식품'을 판매·제공하는 매장,test,건강식품,T2 동의어,40316421-b760-4e1d-8614-4c04fc6d3d12,정관장홍삼고현점,홍삼,거제 고현자율상권,,경상남도,,,
09cadd601755b2431e3b,full_annotation_v1,A,q_건강식품_03,홍삼,식료품 중 '건강식품'을 판매·제공하는 매장,test,건강식품,T2 동의어,da609354-6125-41ce-9acf-a0835cf2d12f,강남비타민건강원,홍삼,신 강남시장,전통시장,인천광역시,,,
b3615fd09b9205c19709,full_annotation_v1,A,q_건강식품_03,홍삼,식료품 중 '건강식품'을 판매·제공하는 매장,test,건강식품,T2 동의어,606243c1-954e-4f6a-86c1-c764242cd84b,금산인삼,홍삼,대구예전우시장,전통시장,대구광역시,,,
c3cdd0bc83fb885e8349,full_annotation_v1,A,q_건강식품_03,홍삼,식료품 중 '건강식품'을 판매·제공하는 매장,test,건강식품,T2 동의어,1873deee-a5e4-4f6a-97ca-7e385d4c8a6e,고려홍삼,홍삼,구미형곡시장프라자,전통시장,경상북도,,,
a65ea4c4e35720823c87,full_annotation_v1,A,q_건강식품_03,홍삼,식료품 중 '건강식품'을 판매·제공하는 매장,test,건강식품,T2 동의어,dcf44084-d4af-4940-97c6-e4fc5162d74e,경기정관장,홍삼,안중시장,전통시장,경기도,,,
9e5c4ab1280095b74942,full_annotation_v1,A,q_건강식품_03,홍삼,식료품 중 '건강식품'을 판매·제공하는 매장,test,건강식품,T2 동의어,ad7700af-dd8f-49d0-920a-3ed9239a8f39,정관장조치원점,홍삼,세종전통시장,전통시장,세종특별자치시,,,
3d28cda38a1f2a340991,full_annotation_v1,A,q_건강식품_03,홍삼,식료품 중 '건강식품'을 판매·제공하는 매장,test,건강식품,T2 동의어,a8c09c8f-ca68-4dc0-ad6e-f94c61fbae8a,금산벧엘홍삼원,홍삼,금산국제인삼시장,전통시장,충청남도,,,
47d7cd41e0ff64934395,full_annotation_v1,A,q_건강식품_03,홍삼,식료품 중 '건강식품'을 판매·제공하는 매장,test,건강식품,T2 동의어,009bd725-6319-41ec-87fb-f904d54243ca,현대인삼,"홍삼, 인삼",경동시장,전통시장,서울특별시,,,
240ed4bc4a250c354680,full_annotation_v1,A,q_건강식품_03,홍삼,식료품 중 '건강식품'을 판매·제공하는 매장,test,건강식품,T2 동의어,001961d9-cb5d-40bc-903a-33d483f7d132,헬씨스탠다드,"건강기능식품, 쌀, 견과류, 약재",응암소담길 골목형상점가,골목형상점가,서울특별시,,,
7a7abd0aff1e9cc7caf2,full_annotation_v1,A,q_건강식품_03,홍삼,식료품 중 '건강식품'을 판매·제공하는 매장,test,건강식품,T2 동의어,54727775-a81d-42fe-9ecd-bdb03f882410,홍삼나라,홍삼 및 농산물,중리시장,전통시장,대전광역시,,,
7fbd963d257b5c95a9e5,full_annotation_v1,A,q_건강식품_03,홍삼,식료품 중 '건강식품'을 판매·제공하는 매장,test,건강식품,T2 동의어,01f1ff87-d7c5-4c13-b60e-937f9d6221fd,수삼센터 83호,인삼(수삼),금산수삼센터,전통시장,충청남도,,,
2e4e9ab1ba26c41014bb,full_annotation_v1,A,q_건강식품_03,홍삼,식료품 중 '건강식품'을 판매·제공하는 매장,test,건강식품,T2 동의어,002c02f2-4428-4a84-a248-7b23ae109459,정관장 반석점,홍삼건강식품,지족반석 골목형상점가,골목형상점가,대전광역시,,,
ded9402dcd2b33051eaf,full_annotation_v1,A,q_건강식품_03,홍삼,식료품 중 '건강식품'을 판매·제공하는 매장,test,건강식품,T2 동의어,0040b4e6-7b74-4175-b54d-add4fe693d49,메디팜보명당약국,"의약품, 의료욕구, 복지욕구, 의료기기",점촌역전상점가,자율상권구역,경상북도,,,
65b3648266dcce7e580e,full_annotation_v1,A,q_건강식품_03,홍삼,식료품 중 '건강식품'을 판매·제공하는 매장,test,건강식품,T2 동의어,a5428ddf-428b-41b3-8315-32443a57ad88,정관장약령시점,홍삼,대구약령시장,전통시장,대구광역시,,,
0dc521b36f5a23a03f0a,full_annotation_v1,A,q_건강식품_03,홍삼,식료품 중 '건강식품'을 판매·제공하는 매장,test,건강식품,T2 동의어,70a34840-245e-42f7-88e5-e89a96ff6586,정관장당감점,홍삼,당감시장,전통시장,부산광역시,,,
e786f4ce2f39dc5fd261,full_annotation_v1,A,q_건강식품_03,홍삼,식료품 중 '건강식품'을 판매·제공하는 매장,test,건강식품,T2 동의어,88cd4652-4adc-48b4-a203-fcec7aa87ce0,송림상회,홍삼,경동시장,전통시장,서울특별시,,,
5dda46d5acbb2957c2e8,full_annotation_v1,A,q_건강식품_03,홍삼,식료품 중 '건강식품'을 판매·제공하는 매장,test,건강식품,T2 동의어,2488ef3f-8c01-492b-aade-5d1445649bd6,홍삼나라,"식품, 홍삼",대신지하상가,일반지하상점가,대구광역시,,,
a5734ccac63c092e05ea,full_annotation_v1,A,q_건강식품_03,홍삼,식료품 중 '건강식품'을 판매·제공하는 매장,test,건강식품,T2 동의어,672b5fe1-32c0-4520-a5b6-58fd378a0497,정관장 홍삼 태평로점,홍삼,유천버드내 골목형상점가,골목형상점가,대전광역시,,,
cc938fa3efed22bce8d8,full_annotation_v1,A,q_건강식품_03,홍삼,식료품 중 '건강식품'을 판매·제공하는 매장,test,건강식품,T2 동의어,fd79536c-70f1-496e-b287-557cd16ddf9a,정관장개포전시판매장,홍삼,강남개포시장(구 개포2동중심상점가),자율상권구역,서울특별시,,,
3ab1095fe6c1203f1ad9,full_annotation_v1,A,q_건강식품_03,홍삼,식료품 중 '건강식품'을 판매·제공하는 매장,test,건강식품,T2 동의어,b674e1e1-ca84-4ee6-a5c2-794344ef3b6e,하나공조시스템,가전제품수리 및 판매,울진시장(울진바지게시장),전통시장,경상북도,,,
462f28c02e651747f534,full_annotation_v1,A,q_건강식품_03,홍삼,식료품 중 '건강식품'을 판매·제공하는 매장,test,건강식품,T2 동의어,a9dca10f-9dc0-4bea-b673-bb91864b4cd3,고려홍삼건강원,홍삼,충무동골목시장,전통시장,부산광역시,,,
f8caf273fe3643ff3c65,full_annotation_v1,A,q_건강식품_03,홍삼,식료품 중 '건강식품'을 판매·제공하는 매장,test,건강식품,T2 동의어,016f8113-22a7-4ef1-a80f-0562dd2a06e9,동이식품,"식품, 농산물",중앙신시장,전통시장,경상북도,,,
cf2c8de8a5a7244ffb87,full_annotation_v1,A,q_건강식품_03,홍삼,식료품 중 '건강식품'을 판매·제공하는 매장,test,건강식품,T2 동의어,9afa0f68-8b4e-4df1-9dad-6499ee580175,피오나,미용헤어,연제주공 골목형상점가,골목형상점가,광주광역시,,,
5e17ec0ef9271c6859c8,full_annotation_v1,A,q_건강식품_03,홍삼,식료품 중 '건강식품'을 판매·제공하는 매장,test,건강식품,T2 동의어,006929a4-6712-43ca-80d7-f540710009b5,삼송프라자약국,의약품 외 건강기능식품,신원권율3 골목형상점가,골목형상점가,경기도,,,
e741c45118195c08fc10,full_annotation_v1,A,q_건강식품_03,홍삼,식료품 중 '건강식품'을 판매·제공하는 매장,test,건강식품,T2 동의어,6de681fb-8292-4d61-8a09-83b58d3c814b,정관장포곡점,홍삼,둔전골목형상점가,골목형상점가,경기도,,,
0685a233a92eb8097758,full_annotation_v1,A,q_건강식품_03,홍삼,식료품 중 '건강식품'을 판매·제공하는 매장,test,건강식품,T2 동의어,02fac4c7-8674-49ff-990f-9c696eda7615,정관장홍삼예천점,홍삼,예천상설시장,전통시장,경상북도,,,
3c938b8b6c010c0ccdcf,full_annotation_v1,A,q_건강식품_03,홍삼,식료품 중 '건강식품'을 판매·제공하는 매장,test,건강식품,T2 동의어,b0c23f1d-bda5-4132-aab1-ff32880790fe,경동시장협동조합,홍삼,경동시장,전통시장,서울특별시,,,
bd80c51f1d8250a88003,full_annotation_v1,A,q_건강식품_03,홍삼,식료품 중 '건강식품'을 판매·제공하는 매장,test,건강식품,T2 동의어,ca1a016d-ec28-4026-8578-f4f24fb9d6cf,정관장신흥점,홍삼,수정로 상권활성화구역,상권활성화구역,경기도,,,
05e145cd58f5fe9f5caf,full_annotation_v1,A,q_건강식품_03,홍삼,식료품 중 '건강식품'을 판매·제공하는 매장,test,건강식품,T2 동의어,2f6475d6-ffe9-4fa0-90a1-e68c15499959,대근유통,"인삼, 홍삼",금산국제인삼시장,전통시장,충청남도,,,
9ba46af2bb7981e14674,full_annotation_v1,A,q_건강식품_03,홍삼,식료품 중 '건강식품'을 판매·제공하는 매장,test,건강식품,T2 동의어,04ffa89f-d0d6-42cc-a55e-cb57d7d4bf4f,알뜰홍삼,홍삼,"온양온천시장(온양재래시장, 전통시장)",전통시장,충청남도,,,
707cf3ab5cccb3a353e1,full_annotation_v1,A,q_건강식품_03,홍삼,식료품 중 '건강식품'을 판매·제공하는 매장,test,건강식품,T2 동의어,5921cd9d-2332-4005-8b12-da0a75860217,웰빙하우스,홍삼,원주남부시장,전통시장,강원특별자치도,,,
7f7ed9b234e34ea940d1,full_annotation_v1,A,q_건강식품_03,홍삼,식료품 중 '건강식품'을 판매·제공하는 매장,test,건강식품,T2 동의어,fe1ff914-9d82-4291-9bea-5b7181930b84,텐퍼센트정평역봉춘점,,정평우방골목형상점가,골목형상점가,경상북도,,,
4021cd8da9a3b8703901,full_annotation_v1,A,q_건강식품_03,홍삼,식료품 중 '건강식품'을 판매·제공하는 매장,test,건강식품,T2 동의어,00b64830-f897-4643-a5fa-6d8950c2ef89,낭만상회,식품,문산자유시장,전통시장,경기도,,,
e2b9c2b507a0327b643c,full_annotation_v1,A,q_건강식품_03,홍삼,식료품 중 '건강식품'을 판매·제공하는 매장,test,건강식품,T2 동의어,0dd9cc76-94e5-4fa6-a25c-8accfe80385e,스토어3355,홍삼,풍기인삼홍삼상점가,자율상권구역,경상북도,,,
5583168197c94efa734e,full_annotation_v1,A,q_건강식품_03,홍삼,식료품 중 '건강식품'을 판매·제공하는 매장,test,건강식품,T2 동의어,33c1e10f-7cb8-420b-af1b-c099d5acfcce,주식회사 지니정보통신,휴대폰 및 소모품 판매,무안읍중심상가상점가,자율상권구역,전라남도,,,
ab253b3672c9ca216c07,full_annotation_v1,A,q_건강식품_03,홍삼,식료품 중 '건강식품'을 판매·제공하는 매장,test,건강식품,T2 동의어,7e787cc2-8f9e-4275-8db1-a8e9b428d04a,청춘리필,음료 주류,운암이 골목형상점가,골목형상점가,광주광역시,,,
e1c05f051757e6c0021f,full_annotation_v1,A,q_건강식품_03,홍삼,식료품 중 '건강식품'을 판매·제공하는 매장,test,건강식품,T2 동의어,774b51f7-ac11-421a-835b-73e7a1a37d73,홍삼마을,홍삼,신정상가시장,전통시장,울산광역시,,,
fc957df5b4f4b4ef8b10,full_annotation_v1,A,q_건강식품_03,홍삼,식료품 중 '건강식품'을 판매·제공하는 매장,test,건강식품,T2 동의어,53a5dcd1-3c5f-45d6-9917-043622b99ad3,경희인삼사,홍삼,풍기인삼홍삼상점가,자율상권구역,경상북도,,,
ee6f2258307a19148547,full_annotation_v1,A,q_건강식품_03,홍삼,식료품 중 '건강식품'을 판매·제공하는 매장,test,건강식품,T2 동의어,008b065b-181b-4891-95dc-7a77a7c143d1,혜화온누리약국,약국,유성도안 골목형상점가,골목형상점가,대전광역시,,,
bf1668c77415f0f758df,full_annotation_v1,A,q_건강식품_03,홍삼,식료품 중 '건강식품'을 판매·제공하는 매장,test,건강식품,T2 동의어,54dbc889-46eb-4653-9514-3f9ad33fa680,GS25오룡써밋점,"공산품, 일배상품",오룡행복 골목형상점가,골목형상점가,전라남도,,,
e3cb6e64791fa7b6e647,full_annotation_v1,A,q_건강식품_03,홍삼,식료품 중 '건강식품'을 판매·제공하는 매장,test,건강식품,T2 동의어,9fd76a36-0028-451c-96ca-f7415d2960c3,인생모바일,,오정시장,전통시장,경기도,,,
d55ffe6959f3d38219fc,full_annotation_v1,A,q_건강식품_03,홍삼,식료품 중 '건강식품'을 판매·제공하는 매장,test,건강식품,T2 동의어,a5041459-fba1-45f7-8075-6ec9c7125c69,나주포차,포차,사가정시장,전통시장,서울특별시,,,
2a7e8002acf347cfde72,full_annotation_v1,A,q_건강식품_03,홍삼,식료품 중 '건강식품'을 판매·제공하는 매장,test,건강식품,T2 동의어,97d63c39-5e99-4523-95b0-ab2c27c155ee,봉구스밥버거한림대점,밥버거,한림대골목형상점가,골목형상점가,강원특별자치도,,,
4ac3270d1e507cfd904c,full_annotation_v1,A,q_건강식품_03,홍삼,식료품 중 '건강식품'을 판매·제공하는 매장,test,건강식품,T2 동의어,e7b6eb33-0a43-405d-af24-70e8051bc814,정관장태백점,홍삼,태백마루 자율상권,,강원특별자치도,,,
262c88018bd6e870a9aa,full_annotation_v1,A,q_건강식품_03,홍삼,식료품 중 '건강식품'을 판매·제공하는 매장,test,건강식품,T2 동의어,245ed6d9-f7b1-42a9-b4bd-6e1a12ec8039,중마홍삼한약재,홍삼,중마시장,전통시장,전라남도,,,
b62b4dbe4b8692041d92,full_annotation_v1,A,q_건강식품_03,홍삼,식료품 중 '건강식품'을 판매·제공하는 매장,test,건강식품,T2 동의어,a1353bad-36cc-400d-b957-b19ac18f8a72,정관장,홍삼,탕정미래 골목형상점가,골목형상점가,충청남도,,,
b23a966e507e016c9552,full_annotation_v1,A,q_건강식품_03,홍삼,식료품 중 '건강식품'을 판매·제공하는 매장,test,건강식품,T2 동의어,5cecb140-fe7a-467e-b1ba-bbf2b7e0a0e2,정관장영천점,홍삼,영천공설시장,전통시장,경상북도,,,
a7626efbc5e67ad55086,full_annotation_v1,A,q_건강식품_03,홍삼,식료품 중 '건강식품'을 판매·제공하는 매장,test,건강식품,T2 동의어,bc30ce77-2d89-49a9-ad91-7b14db561e3d,금산홍삼직매점,홍삼,지산목련시장(구 지산종합시장),전통시장,대구광역시,,,
e4cd350a051541aee4b2,full_annotation_v1,A,q_건강식품_03,홍삼,식료품 중 '건강식품'을 판매·제공하는 매장,test,건강식품,T2 동의어,f57484c6-0790-4332-82fe-c1ab62851726,춘천동내닭갈비,한식,둔전골목형상점가,골목형상점가,경기도,,,
af3d5e17f576d756f14f,full_annotation_v1,A,q_건강식품_03,홍삼,식료품 중 '건강식품'을 판매·제공하는 매장,test,건강식품,T2 동의어,b82bff0e-cf75-4f82-ac8f-71c181fe764c,정관장교동점,홍삼,여수진남상가,자율상권구역,전라남도,,,
577121076ca4830762ac,full_annotation_v1,A,q_건강식품_03,홍삼,식료품 중 '건강식품'을 판매·제공하는 매장,test,건강식품,T2 동의어,0b25d70a-535a-4fbe-82f2-30b5175a6470,풍기신의홍삼,인삼 홍삼,풍기토종인삼시장,전통시장,경상북도,,,
d2dde50931311da000a5,full_annotation_v1,A,q_건강식품_03,홍삼,식료품 중 '건강식품'을 판매·제공하는 매장,test,건강식품,T2 동의어,6f4455b3-2f48-4ebf-b8fb-4c07ada9635f,천제명홍삼,"인삼, 홍삼",매호시장,기타,대구광역시,,,
e3cf0a255885de395d8e,full_annotation_v1,A,q_건강식품_03,홍삼,식료품 중 '건강식품'을 판매·제공하는 매장,test,건강식품,T2 동의어,52547cb9-2df1-42f0-9917-356676845cbf,전국탕재원,홍삼,금산국제인삼시장,전통시장,충청남도,,,
635f993ed5e2e6a8c295,full_annotation_v1,A,q_건강식품_03,홍삼,식료품 중 '건강식품'을 판매·제공하는 매장,test,건강식품,T2 동의어,00768c91-a678-4fbc-a372-a2ee0260218f,수택온누리약국,,구리시 구도심 상권활성화구역,상권활성화구역,경기도,,,
ce25224efd8e43fcd0f6,full_annotation_v1,A,q_건강식품_03,홍삼,식료품 중 '건강식품'을 판매·제공하는 매장,test,건강식품,T2 동의어,f1acd4f2-6fec-4b85-869d-9ea92761c574,홍삼친구,홍삼,풍기토종인삼시장,전통시장,경상북도,,,
5bd17cad548c76265773,full_annotation_v1,A,q_건강식품_03,홍삼,식료품 중 '건강식품'을 판매·제공하는 매장,test,건강식품,T2 동의어,000db6d6-585c-4aba-94e7-fc6a23a694fb,시민약국,의약품,문경중앙시장,전통시장,경상북도,,,
898e91e86d514bd2ca07,full_annotation_v1,A,q_건강식품_03,홍삼,식료품 중 '건강식품'을 판매·제공하는 매장,test,건강식품,T2 동의어,752001c0-8200-4586-8270-19d9db0ebd28,정관장 홍삼 대인 점,홍삼,대인시장,전통시장,,,,
4d7ecb96083b986656f4,full_annotation_v1,A,q_건강식품_03,홍삼,식료품 중 '건강식품'을 판매·제공하는 매장,test,건강식품,T2 동의어,008a831c-1fd3-4b7c-96c1-0e92332ccbf3,명성약국,의약품,공주산성시장,전통시장,충청남도,,,
bac35dd8471c92f696a8,full_annotation_v1,A,q_건강식품_03,홍삼,식료품 중 '건강식품'을 판매·제공하는 매장,test,건강식품,T2 동의어,21424b5a-612f-404f-bf29-5da362d6b025,정관장홍삼상주점,홍삼,상주왕산상점가,자율상권구역,경상북도,,,
349d6dd15cb935e77145,full_annotation_v1,A,q_건강식품_03,홍삼,식료품 중 '건강식품'을 판매·제공하는 매장,test,건강식품,T2 동의어,a5a261ff-a8ad-4e31-877b-0c494fe1ec9e,홍삼메디칼,"홍삼탕기, 인삼, 홍삼",서울약령시장,전통시장,서울특별시,,,
9942a02041a5b9daec80,full_annotation_v1,A,q_건강식품_03,홍삼,식료품 중 '건강식품'을 판매·제공하는 매장,test,건강식품,T2 동의어,5aa1c438-5d28-4e25-a00f-19384f207c8a,다다익선올다,홍삼,석촌시장,전통시장,서울특별시,,,
5c02b7ae62f04f46c631,full_annotation_v1,A,q_건강식품_03,홍삼,식료품 중 '건강식품'을 판매·제공하는 매장,test,건강식품,T2 동의어,0112a558-2787-41dc-ae68-695e60c4930c,해동그랜드약국,약국,전곡시장,전통시장,서울특별시,,,
e7ed2a673403a5bc4948,full_annotation_v1,A,q_건강식품_03,홍삼,식료품 중 '건강식품'을 판매·제공하는 매장,test,건강식품,T2 동의어,027cecd7-d8bb-40f9-9532-06a27b7792e9,정관장홍삼 내손동점,홍삼,의왕예술의거리골목형상점가,골목형상점가,경기도,,,
5e686cbb975d2913b6da,full_annotation_v1,A,q_건강식품_03,홍삼,식료품 중 '건강식품'을 판매·제공하는 매장,test,건강식품,T2 동의어,7cb3c874-59d6-4f5f-be27-9813b42fbe7d,서문인삼사,홍삼,부사동 인삼거리 골목형상점가,골목형상점가,대전광역시,,,
41ca6e6879f3ddb3f7b7,full_annotation_v1,A,q_건강식품_03,홍삼,식료품 중 '건강식품'을 판매·제공하는 매장,test,건강식품,T2 동의어,01049348-bdd8-4303-a750-8f85f7029a84,사랑의손효소마을,건강식품,구미형곡시장프라자,전통시장,경상북도,,,
8eb6f1a7792791321368,full_annotation_v1,A,q_건강식품_03,홍삼,식료품 중 '건강식품'을 판매·제공하는 매장,test,건강식품,T2 동의어,425ff1ff-425d-4bd2-8209-abc6768b36d8,송정가마솥깨통닭,치킨 주류,봉주 골목형상점가,골목형상점가,광주광역시,,,
3aeb75cf134f4fb72c10,full_annotation_v1,A,q_건강식품_03,홍삼,식료품 중 '건강식품'을 판매·제공하는 매장,test,건강식품,T2 동의어,08a995c0-b6c7-44d6-a617-750ffd6ca3d9,정관장홍삼태화점,홍삼,태화시장,전통시장,울산광역시,,,
7f832b8f35b6c36c9d21,full_annotation_v1,A,q_건강식품_03,홍삼,식료품 중 '건강식품'을 판매·제공하는 매장,test,건강식품,T2 동의어,dc076b75-ee22-4b53-8683-552e0b2a3bc3,정관장오정점,홍삼,오정동상점가,자율상권구역,대전광역시,,,
9f273c136f22b2384313,full_annotation_v1,A,q_건강식품_03,홍삼,식료품 중 '건강식품'을 판매·제공하는 매장,test,건강식품,T2 동의어,b4717c84-c55b-4e79-b387-401a3a604a11,고려홍삼즉석김,홍삼,간석자유시장,전통시장,인천광역시,,,
be7d721ea7e1f57abfa0,full_annotation_v1,A,q_건강식품_03,홍삼,식료품 중 '건강식품'을 판매·제공하는 매장,test,건강식품,T2 동의어,102e2b49-b8f7-47bb-a5ea-0752bd977f4d,정관장 주엽역점,홍삼 및 홍삼제픔,주엽역 골목형상점가,골목형상점가,경기도,,,
1352e6b35f16cc133cde,full_annotation_v1,A,q_건강식품_03,홍삼,식료품 중 '건강식품'을 판매·제공하는 매장,test,건강식품,T2 동의어,8811f1b7-a61f-4dbf-a4d8-9b36b7369c54,정관장홍삼산본역점,홍삼,산본로데오거리(구 산본중심상가),자율상권구역,경기도,,,
c5495f0789e555d54d2a,full_annotation_v1,A,q_건강식품_03,홍삼,식료품 중 '건강식품'을 판매·제공하는 매장,test,건강식품,T2 동의어,a34a9464-a364-48b9-8673-398ae6814591,우리홍삼사본점,인삼 홍삼,풍기선비골인삼시장,전통시장,경상북도,,,
d2b61bfe6f9f47ee9dc7,full_annotation_v1,A,q_건강식품_03,홍삼,식료품 중 '건강식품'을 판매·제공하는 매장,test,건강식품,T2 동의어,00339341-0652-4ec2-abc9-9cfd99cfafd8,정관장 화서시장점,건강기능식품,화서시장,전통시장,경기도,,,
dd5cc6614bbffb0b395d,full_annotation_v1,A,q_건강식품_03,홍삼,식료품 중 '건강식품'을 판매·제공하는 매장,test,건강식품,T2 동의어,d532f671-ca06-4564-a4db-40086c955021,킴스치과의원,치과,운암제일 골목형상점가,골목형상점가,광주광역시,,,
0dad11dcea98d2bec58a,full_annotation_v1,A,q_건강식품_03,홍삼,식료품 중 '건강식품'을 판매·제공하는 매장,test,건강식품,T2 동의어,00b6e321-5954-437c-b1d9-94fded29f67e,웰빙마트,식품,서남신시장,전통시장,대구광역시,,,
fb8582a4ee4c45aa35ad,full_annotation_v1,A,q_건강식품_03,홍삼,식료품 중 '건강식품'을 판매·제공하는 매장,test,건강식품,T2 동의어,004b2dbc-a37a-4c33-8661-ca25a873ac90,중앙인삼사,인삼,통영중앙전통시장,전통시장,경상남도,,,
b30f754e5442a195b8fb,full_annotation_v1,A,q_건강식품_03,홍삼,식료품 중 '건강식품'을 판매·제공하는 매장,test,건강식품,T2 동의어,0f2dd47b-5614-4b48-9604-bb7b51698fa8,정관장,홍삼,강구시장,전통시장,경상북도,,,
5d25dc70c33e0feaa59c,full_annotation_v1,A,q_건강식품_03,홍삼,식료품 중 '건강식품'을 판매·제공하는 매장,test,건강식품,T2 동의어,2c8dcb2f-d023-4613-b67a-2a5ac3b835e2,정관장개봉점,홍삼,개봉현대정문상가 골목형상점가,골목형상점가,서울특별시,,,
da28ad06551d89669822,full_annotation_v1,A,q_건강식품_03,홍삼,식료품 중 '건강식품'을 판매·제공하는 매장,test,건강식품,T2 동의어,918dda3f-ce72-436f-b897-00684734a62b,경남인삼,홍삼,부전시장,전통시장,부산광역시,,,
a23f863a65cd6762182a,full_annotation_v1,A,q_건강식품_03,홍삼,식료품 중 '건강식품'을 판매·제공하는 매장,test,건강식품,T2 동의어,0048134e-4060-4bf0-bffb-0cac8a53f2d8,사랑의뜰안 북광주점,건강기능식품,운암대자골 골목형상점가,골목형상점가,광주광역시,,,
69a0f93e6457a941126e,full_annotation_v1,A,q_건강식품_03,홍삼,식료품 중 '건강식품'을 판매·제공하는 매장,test,건강식품,T2 동의어,4cfa39ab-596f-4781-b8e2-3dd6d854e0b7,정일품고려홍삼,홍삼,진주 중앙상점가,자율상권구역,경상남도,,,
aaa2e52cc62376626f81,full_annotation_v1,A,q_건강식품_04,건강식품,식료품 중 '건강식품'을 판매·제공하는 매장,test,건강식품,T3 개념확장,143a8258-1925-45b8-82b8-0cffe1ca68ee,금산건강원,건강식품,정서진중앙시장(구 서구중앙시장),전통시장,인천광역시,,,
73f9221dc91a49821fa3,full_annotation_v1,A,q_건강식품_04,건강식품,식료품 중 '건강식품'을 판매·제공하는 매장,test,건강식품,T3 개념확장,63b29c05-5559-49be-be6a-9c025c89107b,매일상회,건강식품,경동시장,전통시장,서울특별시,,,
28dfff0393974e9504b7,full_annotation_v1,A,q_건강식품_04,건강식품,식료품 중 '건강식품'을 판매·제공하는 매장,test,건강식품,T3 개념확장,01049348-bdd8-4303-a750-8f85f7029a84,사랑의손효소마을,건강식품,구미형곡시장프라자,전통시장,경상북도,,,
4dbf4d9169c4a6487391,full_annotation_v1,A,q_건강식품_04,건강식품,식료품 중 '건강식품'을 판매·제공하는 매장,test,건강식품,T3 개념확장,e0efce42-d5ed-4825-b8ca-2217ee6362fd,주식회사 에그팜,계란,마천중앙시장,전통시장,서울특별시,,,
80d8cd721e7479e42ea6,full_annotation_v1,A,q_건강식품_04,건강식품,식료품 중 '건강식품'을 판매·제공하는 매장,test,건강식품,T3 개념확장,aded945a-ad16-4b76-bd99-6936ebe984eb,나비꽃집,,울산대바보사거리 골목형상점가,골목형상점가,울산광역시,,,
ccec05126f8d4851217c,full_annotation_v1,A,q_건강식품_04,건강식품,식료품 중 '건강식품'을 판매·제공하는 매장,test,건강식품,T3 개념확장,00e92856-b294-4032-8540-d60e9817f2d8,럭키약국,"의약품, 건강기능식품, 식품",충무로골목형상점가,골목형상점가,서울특별시,,,
04350690d595e7c074e4,full_annotation_v1,A,q_건강식품_04,건강식품,식료품 중 '건강식품'을 판매·제공하는 매장,test,건강식품,T3 개념확장,4f8342c3-27a5-43f2-b48f-2c24b587fbc7,먹고싶은그집생고기,고기,동오마을골목형상점가,골목형상점가,경기도,,,
53f2da44dada679850b0,full_annotation_v1,A,q_건강식품_04,건강식품,식료품 중 '건강식품'을 판매·제공하는 매장,test,건강식품,T3 개념확장,1c911fe9-63f9-44e3-84d8-91d30045e4f2,엔젤,건강식품,남대문시장,전통시장,서울특별시,,,
4801a4fe789c26b4477b,full_annotation_v1,A,q_건강식품_04,건강식품,식료품 중 '건강식품'을 판매·제공하는 매장,test,건강식품,T3 개념확장,027cecd7-d8bb-40f9-9532-06a27b7792e9,정관장홍삼 내손동점,홍삼,의왕예술의거리골목형상점가,골목형상점가,경기도,,,
5f3e74bf6d2774f31d30,full_annotation_v1,A,q_건강식품_04,건강식품,식료품 중 '건강식품'을 판매·제공하는 매장,test,건강식품,T3 개념확장,498c4db6-94d6-4ea2-ab7f-b3a6ddf702ed,임진강건강원,건강식품,까치산시장,전통시장,서울특별시,,,
b525786ecd483df4dddb,full_annotation_v1,A,q_건강식품_04,건강식품,식료품 중 '건강식품'을 판매·제공하는 매장,test,건강식품,T3 개념확장,cca1a186-546d-4226-8d79-43b3ce9aba37,시장건강원,건강식품,원종종합시장,전통시장,경기도,,,
0c3683e4e9d25de04023,full_annotation_v1,A,q_건강식품_04,건강식품,식료품 중 '건강식품'을 판매·제공하는 매장,test,건강식품,T3 개념확장,84f5e6ee-155f-4cbc-9532-3fbd5aff18ac,고려건강식품,건강식품,망미중앙시장,전통시장,부산광역시,,,
c6ce3e7cc70a158faa9f,full_annotation_v1,A,q_건강식품_04,건강식품,식료품 중 '건강식품'을 판매·제공하는 매장,test,건강식품,T3 개념확장,41691715-f4ff-45fb-bc9c-9e4d8b3e781b,시와팜,건강식품,창원 성원그랜드쇼핑상가,전통시장,경상남도,,,
53aa4f9246b8c7b27603,full_annotation_v1,A,q_건강식품_04,건강식품,식료품 중 '건강식품'을 판매·제공하는 매장,test,건강식품,T3 개념확장,25e50472-1b4f-4c55-b4b2-e975fad81511,온나래몰,건강식품,진주 동성상가,전통시장,경상남도,,,
3b7a9c3023a97f4c581c,full_annotation_v1,A,q_건강식품_04,건강식품,식료품 중 '건강식품'을 판매·제공하는 매장,test,건강식품,T3 개념확장,51f11c98-d9f4-4ca5-b551-269767e8603a,만물건강백화점,건강식품,복대가경시장,전통시장,충청북도,,,
cf79304985d267f0b0cf,full_annotation_v1,A,q_건강식품_04,건강식품,식료품 중 '건강식품'을 판매·제공하는 매장,test,건강식품,T3 개념확장,fd256287-6a17-489b-9105-3f0a57f5a4cc,청솔건강원,건강식품,유천시장,전통시장,대전광역시,,,
b9b7bb085d181ede4a18,full_annotation_v1,A,q_건강식품_04,건강식품,식료품 중 '건강식품'을 판매·제공하는 매장,test,건강식품,T3 개념확장,45956771-c3c0-48f1-8451-3e1e2e3d0cc8,홍성건강원,건강식품,미나리광시장,전통시장,경기도,,,
76497b31d22117742041,full_annotation_v1,A,q_건강식품_04,건강식품,식료품 중 '건강식품'을 판매·제공하는 매장,test,건강식품,T3 개념확장,96513eea-e978-452b-a511-76e71c35f3cc,김정문알로에,건강식품,창원 가음시장대상가,전통시장,경상남도,,,
05558aa8faa68d7c246d,full_annotation_v1,A,q_건강식품_04,건강식품,식료품 중 '건강식품'을 판매·제공하는 매장,test,건강식품,T3 개념확장,19a6cff7-0751-49f5-b95e-dc0bf109e49d,신명보석감정원,귀금속,대구패션주얼리특구,자율상권구역,대구광역시,,,
3d18178e38494c46bcea,full_annotation_v1,A,q_건강식품_04,건강식품,식료품 중 '건강식품'을 판매·제공하는 매장,test,건강식품,T3 개념확장,2e9bc493-e97b-482c-a354-3598422c4bfb,건강백세,건강식품,광복지하도상가,일반지하상점가,부산광역시,,,
6119a7cbe1d54acfd84a,full_annotation_v1,A,q_건강식품_04,건강식품,식료품 중 '건강식품'을 판매·제공하는 매장,test,건강식품,T3 개념확장,1a2da266-a156-4b54-b774-c23da7844e2f,유향,건강식품,부천자유시장,전통시장,경기도,,,
6711bf71457b1f98af8b,full_annotation_v1,A,q_건강식품_04,건강식품,식료품 중 '건강식품'을 판매·제공하는 매장,test,건강식품,T3 개념확장,30efcc8a-c733-4e95-a8fc-adb19d572a89,정주건강원,건강식품,가경터미널시장,전통시장,충청북도,,,
9057e6c55814a8c34f5a,full_annotation_v1,A,q_건강식품_04,건강식품,식료품 중 '건강식품'을 판매·제공하는 매장,test,건강식품,T3 개념확장,990700c2-63ac-43d4-909e-974abda95e3b,자연건강원,건강식품,옥련시장,전통시장,인천광역시,,,
d152b1aaad5e5a84e548,full_annotation_v1,A,q_건강식품_04,건강식품,식료품 중 '건강식품'을 판매·제공하는 매장,test,건강식품,T3 개념확장,14be7918-9d65-4502-ac78-5d0e08f27166,엄마사랑,건강식품,중리시장,전통시장,대전광역시,,,
50093eda4e241e022815,full_annotation_v1,A,q_건강식품_04,건강식품,식료품 중 '건강식품'을 판매·제공하는 매장,test,건강식품,T3 개념확장,66de28fb-fa51-4e0e-b7a5-3f3315a80c96,합천상회,건강식품,서대신동골목시장,전통시장,부산광역시,,,
15ca06915b35ff945d79,full_annotation_v1,A,q_건강식품_04,건강식품,식료품 중 '건강식품'을 판매·제공하는 매장,test,건강식품,T3 개념확장,c17b658e-f178-4aab-9338-b537fb2be41c,금산인삼,건강식품,고척근린시장,전통시장,서울특별시,,,
27315d872e54ab899d42,full_annotation_v1,A,q_건강식품_04,건강식품,식료품 중 '건강식품'을 판매·제공하는 매장,test,건강식품,T3 개념확장,05934dc5-99f6-47c3-b8ed-adf0277719eb,믿음건강원,건강식품,구월시장,전통시장,인천광역시,,,
07dda6b3fdab856659e1,full_annotation_v1,A,q_건강식품_04,건강식품,식료품 중 '건강식품'을 판매·제공하는 매장,test,건강식품,T3 개념확장,28de08a3-0947-4913-b8a0-9ce81c2ff1e4,대교건강원,건강식품,통영 북신전통시장,전통시장,경상남도,,,
af8f21e6a325fad59d6b,full_annotation_v1,A,q_건강식품_04,건강식품,식료품 중 '건강식품'을 판매·제공하는 매장,test,건강식품,T3 개념확장,000db6d6-585c-4aba-94e7-fc6a23a694fb,시민약국,의약품,문경중앙시장,전통시장,경상북도,,,
1cb8559531820e4670b9,full_annotation_v1,A,q_건강식품_04,건강식품,식료품 중 '건강식품'을 판매·제공하는 매장,test,건강식품,T3 개념확장,1095f9a2-4f88-4c95-8c31-eeaeac3c5c99,네이쳐스그린라이프,건강식품,방이시장,전통시장,서울특별시,,,
13e3f5cbecf58aefc855,full_annotation_v1,A,q_건강식품_04,건강식품,식료품 중 '건강식품'을 판매·제공하는 매장,test,건강식품,T3 개념확장,f30ba04c-2f89-4988-a9ad-1e279fc3496e,앤티베이크,,화정금화로상인회 골목형상점가,골목형상점가,,,,
11131144584660be5e8d,full_annotation_v1,A,q_건강식품_04,건강식품,식료품 중 '건강식품'을 판매·제공하는 매장,test,건강식품,T3 개념확장,14fe8a98-4ca9-4514-8186-bc64e4160fe0,계룡산약초,건강식품,가좌시장,전통시장,인천광역시,,,
4c7b59962ba3ec16ee35,full_annotation_v1,A,q_건강식품_04,건강식품,식료품 중 '건강식품'을 판매·제공하는 매장,test,건강식품,T3 개념확장,f398b994-f8a9-414f-898c-03b612bf4409,건강상회,건강식품,상계중앙시장,전통시장,서울특별시,,,
d8ee2e56b07fd8947982,full_annotation_v1,A,q_건강식품_04,건강식품,식료품 중 '건강식품'을 판매·제공하는 매장,test,건강식품,T3 개념확장,0112a558-2787-41dc-ae68-695e60c4930c,해동그랜드약국,약국,전곡시장,전통시장,서울특별시,,,
108a688a7fda65dd6851,full_annotation_v1,A,q_건강식품_04,건강식품,식료품 중 '건강식품'을 판매·제공하는 매장,test,건강식품,T3 개념확장,b66b565d-5cee-4e78-9e3e-f09d0a0121b3,대영슈퍼,잡화,부평깡통시장(구 부산부평시장),전통시장,부산광역시,,,
2969581ae7499b641180,full_annotation_v1,A,q_건강식품_04,건강식품,식료품 중 '건강식품'을 판매·제공하는 매장,test,건강식품,T3 개념확장,b55dd857-92f0-45c9-97f7-cc65f3abfcd8,광명건강원,건강식품,청주육거리종합시장,전통시장,충청북도,,,
d15bb71df79302cc7c17,full_annotation_v1,A,q_건강식품_04,건강식품,식료품 중 '건강식품'을 판매·제공하는 매장,test,건강식품,T3 개념확장,00768c91-a678-4fbc-a372-a2ee0260218f,수택온누리약국,,구리시 구도심 상권활성화구역,상권활성화구역,경기도,,,
20dcb45039956a043e4e,full_annotation_v1,A,q_건강식품_04,건강식품,식료품 중 '건강식품'을 판매·제공하는 매장,test,건강식품,T3 개념확장,0040b4e6-7b74-4175-b54d-add4fe693d49,메디팜보명당약국,"의약품, 의료욕구, 복지욕구, 의료기기",점촌역전상점가,자율상권구역,경상북도,,,
1f613e1d15837dca54a3,full_annotation_v1,A,q_건강식품_04,건강식품,식료품 중 '건강식품'을 판매·제공하는 매장,test,건강식품,T3 개념확장,dd69dc6d-958c-4a8b-96be-1b4b61a14db7,특효건강원,건강식품,공주산성시장,전통시장,충청남도,,,
c22597061698d7683f2f,full_annotation_v1,A,q_건강식품_04,건강식품,식료품 중 '건강식품'을 판매·제공하는 매장,test,건강식품,T3 개념확장,00339341-0652-4ec2-abc9-9cfd99cfafd8,정관장 화서시장점,건강기능식품,화서시장,전통시장,경기도,,,
cd6c4f916eb19b5e83b8,full_annotation_v1,A,q_건강식품_04,건강식품,식료품 중 '건강식품'을 판매·제공하는 매장,test,건강식품,T3 개념확장,cbb92418-1b68-4036-98f4-f0530c87fcee,스시다누,초밥,귀인동먹거리촌 골목형상점가,골목형상점가,경기도,,,
8c881c3e971931744061,full_annotation_v1,A,q_건강식품_04,건강식품,식료품 중 '건강식품'을 판매·제공하는 매장,test,건강식품,T3 개념확장,7796a6d0-2ba4-48e5-93dc-ae2f80172a87,건강약국,건강식품,가수원상점가,자율상권구역,대전광역시,,,
9ece9ef79e4e5bf7e8e1,full_annotation_v1,A,q_건강식품_04,건강식품,식료품 중 '건강식품'을 판매·제공하는 매장,test,건강식품,T3 개념확장,002c02f2-4428-4a84-a248-7b23ae109459,정관장 반석점,홍삼건강식품,지족반석 골목형상점가,골목형상점가,대전광역시,,,
a5bfdaf6b63769933cae,full_annotation_v1,A,q_건강식품_04,건강식품,식료품 중 '건강식품'을 판매·제공하는 매장,test,건강식품,T3 개념확장,431c093f-ce1e-4144-b10c-2cbbe2aa8410,경희건강원,건강식품,원미부흥시장,전통시장,경기도,,,
f8ec4f4459b257891ee4,full_annotation_v1,A,q_건강식품_04,건강식품,식료품 중 '건강식품'을 판매·제공하는 매장,test,건강식품,T3 개념확장,368bb933-4e9c-4b1b-b6f6-722d0bb43acd,종합건강원,건강식품,양지중앙 골목형상점가,골목형상점가,경기도,,,
4852a389c352fc200a94,full_annotation_v1,A,q_건강식품_04,건강식품,식료품 중 '건강식품'을 판매·제공하는 매장,test,건강식품,T3 개념확장,8e954aec-41a4-4e08-a090-fefd05ae71dd,녹십초알로에,건강식품,원주중앙로문화의거리,자율상권구역,강원특별자치도,,,
c9d59cc835daebeb9706,full_annotation_v1,A,q_건강식품_04,건강식품,식료품 중 '건강식품'을 판매·제공하는 매장,test,건강식품,T3 개념확장,d55cf2e6-5630-4e57-9696-3ca5ee5991a4,반석건강원,건강식품,영등포전통시장,자율상권구역,서울특별시,,,
bcf37ce50dffa79baaaa,full_annotation_v1,A,q_건강식품_04,건강식품,식료품 중 '건강식품'을 판매·제공하는 매장,test,건강식품,T3 개념확장,ae9b9ac2-0448-496c-b446-02b890480bc6,한약인수원,건강식품,화산면 골목형상점가,골목형상점가,전라남도,,,
eef1dc8ea10132a76611,full_annotation_v1,A,q_건강식품_04,건강식품,식료품 중 '건강식품'을 판매·제공하는 매장,test,건강식품,T3 개념확장,48d0d528-1d6f-496d-bc89-eb8168d84bc7,라라샵,건강식품,시장로타리지하상가,일반지하상점가,인천광역시,,,
0f31a45f6f5dd2d0f743,full_annotation_v1,A,q_건강식품_04,건강식품,식료품 중 '건강식품'을 판매·제공하는 매장,test,건강식품,T3 개념확장,a79b3c63-9f22-41c1-b261-de141f4aa14c,비뉴트,건강식품,부천자유시장,전통시장,경기도,,,
0ee1d04b94e57df8a6c1,full_annotation_v1,A,q_건강식품_04,건강식품,식료품 중 '건강식품'을 판매·제공하는 매장,test,건강식품,T3 개념확장,4a101700-1066-438c-9234-ab4a98021eea,현대건강원,건강식품,인동시장,전통시장,대전광역시,,,
99c25897ab8755bf79e4,full_annotation_v1,A,q_건강식품_04,건강식품,식료품 중 '건강식품'을 판매·제공하는 매장,test,건강식품,T3 개념확장,24ad9231-ce5e-4b7a-be0e-bee5d8e0bcf8,목화미용실,,양양전통시장,전통시장,강원특별자치도,,,
6d8e12eda266de020cce,full_annotation_v1,A,q_건강식품_04,건강식품,식료품 중 '건강식품'을 판매·제공하는 매장,test,건강식품,T3 개념확장,6c4b66f8-b95c-49fc-a620-fc8dee2e0a4d,건강의집,건강식품,군포역전전통시장,전통시장,경기도,,,
3dc2391eab09be7fe9c0,full_annotation_v1,A,q_건강식품_04,건강식품,식료품 중 '건강식품'을 판매·제공하는 매장,test,건강식품,T3 개념확장,a2dbcff6-dd5a-47ab-a5f8-d36d770793d8,태평선식,건강식품,일산시장(구 일산전통시장),전통시장,경기도,,,
930cb2410e817c055741,full_annotation_v1,A,q_건강식품_04,건강식품,식료품 중 '건강식품'을 판매·제공하는 매장,test,건강식품,T3 개념확장,00b64830-f897-4643-a5fa-6d8950c2ef89,낭만상회,식품,문산자유시장,전통시장,경기도,,,
d1a5f51ee8bd69c77407,full_annotation_v1,A,q_건강식품_04,건강식품,식료품 중 '건강식품'을 판매·제공하는 매장,test,건강식품,T3 개념확장,f1903e70-32e8-48a4-8265-57fa4b5cc138,건강식품판매점,건강식품,행복상점가,자율상권구역,경상북도,,,
5dc1a81ca9db5dc669a8,full_annotation_v1,A,q_건강식품_04,건강식품,식료품 중 '건강식품'을 판매·제공하는 매장,test,건강식품,T3 개념확장,6ec7550d-8b7c-44f8-aa27-390127e28725,진한홍삼,건강식품,행운담길골목형상점가,골목형상점가,서울특별시,,,
465fd0cefb6d64585dba,full_annotation_v1,A,q_건강식품_04,건강식품,식료품 중 '건강식품'을 판매·제공하는 매장,test,건강식품,T3 개념확장,f5d3ca80-019d-4869-8089-f2cc34b332ec,웰빙건강원,건강식품,구미새마을중앙시장,전통시장,경상북도,,,
e08a98d720fcd7988462,full_annotation_v1,A,q_건강식품_04,건강식품,식료품 중 '건강식품'을 판매·제공하는 매장,test,건강식품,T3 개념확장,00b6e321-5954-437c-b1d9-94fded29f67e,웰빙마트,식품,서남신시장,전통시장,대구광역시,,,
cecf01c283cbe98d0c16,full_annotation_v1,A,q_건강식품_04,건강식품,식료품 중 '건강식품'을 판매·제공하는 매장,test,건강식품,T3 개념확장,8fc2d6ae-acd3-4729-8a9c-ff57ca14c817,정근상사,건강식품,신정평화시장,전통시장,울산광역시,,,
28ef5f62ae8a81c5027e,full_annotation_v1,A,q_건강식품_04,건강식품,식료품 중 '건강식품'을 판매·제공하는 매장,test,건강식품,T3 개념확장,017027d8-dbc4-49d9-82f8-f16291770c91,강릉인삼사,인삼건강식품,경동시장,전통시장,서울특별시,,,
0b60f6fd76bc00e67abd,full_annotation_v1,A,q_건강식품_04,건강식품,식료품 중 '건강식품'을 판매·제공하는 매장,test,건강식품,T3 개념확장,282cdd34-5ccf-4ebf-b2a3-683f4d544e88,한판닭갈비,한식,푸른솔빛골목형상점가,골목형상점가,인천광역시,,,
9d9cefa6d36aa6df26b2,full_annotation_v1,A,q_건강식품_04,건강식품,식료품 중 '건강식품'을 판매·제공하는 매장,test,건강식품,T3 개념확장,485eb8c7-2868-4453-981d-2e6b0af0463e,신홍삼에버케어,건강식품,거제 고현시장,전통시장,경상남도,,,
50083fd767fc3216b425,full_annotation_v1,A,q_건강식품_04,건강식품,식료품 중 '건강식품'을 판매·제공하는 매장,test,건강식품,T3 개념확장,19d59548-5a56-4def-8faa-a9375defcef2,만나,건강식품,백운 대성시장 골목형상점가,골목형상점가,광주광역시,,,
03b4968ff9ab262670ee,full_annotation_v1,A,q_건강식품_04,건강식품,식료품 중 '건강식품'을 판매·제공하는 매장,test,건강식품,T3 개념확장,c4498a18-2af7-4694-9057-551a5112f03f,건강찾는건강원,건강식품,포남용마거리골목형상점가,골목형상점가,강원특별자치도,,,
fc5a00e904e86b2d881e,full_annotation_v1,A,q_건강식품_04,건강식품,식료품 중 '건강식품'을 판매·제공하는 매장,test,건강식품,T3 개념확장,aa44a821-219c-4dd3-bec7-d1cad53ffc14,제일건강원,건강식품,상주남성시장,전통시장,경상북도,,,
24bdceb46343d290a560,full_annotation_v1,A,q_건강식품_04,건강식품,식료품 중 '건강식품'을 판매·제공하는 매장,test,건강식품,T3 개념확장,e2aa75f7-47fd-499d-ac3c-077a0b73a9d6,웰빙천국,건강식품,주안시민지하도상점가,일반지하상점가,인천광역시,,,
f2ff30d875e13e2f8d28,full_annotation_v1,A,q_건강식품_04,건강식품,식료품 중 '건강식품'을 판매·제공하는 매장,test,건강식품,T3 개념확장,01befe6d-bfd6-4c6f-be43-d02efffe1dd1,성덕인삼,인삼,부전인삼시장,전통시장,부산광역시,,,
bda5496cd3a14d803563,full_annotation_v1,A,q_건강식품_04,건강식품,식료품 중 '건강식품'을 판매·제공하는 매장,test,건강식품,T3 개념확장,9a4e67e8-b589-4bca-95aa-64c4144412ed,슬림에너지짱,건강지능식품,상무중앙공원상인회 골목형상점가,골목형상점가,광주광역시,,,
e91e038bb5d9b00aa40b,full_annotation_v1,A,q_건강식품_04,건강식품,식료품 중 '건강식품'을 판매·제공하는 매장,test,건강식품,T3 개념확장,52ff217d-6bb0-4506-8770-7e7dbf03e9ac,고려인삼,건강식품,개봉중앙골목형상점가,골목형상점가,서울특별시,,,
9fc01b03f722ce3ec7e5,full_annotation_v1,A,q_건강식품_04,건강식품,식료품 중 '건강식품'을 판매·제공하는 매장,test,건강식품,T3 개념확장,016f8113-22a7-4ef1-a80f-0562dd2a06e9,동이식품,"식품, 농산물",중앙신시장,전통시장,경상북도,,,
cff825f84511700fa43e,full_annotation_v1,A,q_건강식품_04,건강식품,식료품 중 '건강식품'을 판매·제공하는 매장,test,건강식품,T3 개념확장,7f12d4b7-9b90-447b-b043-9931ff5a67ff,백조건강원,건강식품,학소로 골목형상점가,골목형상점가,광주광역시,,,
df341f5b06f275d0a881,full_annotation_v1,A,q_건강식품_04,건강식품,식료품 중 '건강식품'을 판매·제공하는 매장,test,건강식품,T3 개념확장,58a5819c-b999-47db-8c01-7fcc8fd5c9f3,에덴건강원,건강식품,능동로골목시장(자양한강전통시장),전통시장,서울특별시,,,
31d7edb85bbdd1d8e739,full_annotation_v1,A,q_건강식품_04,건강식품,식료품 중 '건강식품'을 판매·제공하는 매장,test,건강식품,T3 개념확장,71e65d26-b09d-4dd3-aa06-217232821b3f,토종장수마을,건강식품,반여3동초록시장,전통시장,부산광역시,,,
a0d0e63cbb8d7414c58b,full_annotation_v1,A,q_건강식품_04,건강식품,식료품 중 '건강식품'을 판매·제공하는 매장,test,건강식품,T3 개념확장,51caea2f-6624-4590-8c0d-51ec21813731,리얼클린족욕,건강식품,중앙상인회 골목형상점가,골목형상점가,광주광역시,,,
aebc5a86addac90fba41,full_annotation_v1,A,q_건강식품_04,건강식품,식료품 중 '건강식품'을 판매·제공하는 매장,test,건강식품,T3 개념확장,abee123f-1be3-4849-8d31-337bbdd1e195,힐링엔젤스,건강식품,일곡동(제3지역:자연마을 공방거리),골목형상점가,광주광역시,,,
3b23bfbebadff8612f13,full_annotation_v1,A,q_건강식품_04,건강식품,식료품 중 '건강식품'을 판매·제공하는 매장,test,건강식품,T3 개념확장,980d98e0-7d5e-4983-8f62-112917a577b9,무공해지리산건강원,건강식품,도마큰시장,전통시장,대전광역시,,,
d2eb247cf7888025c510,full_annotation_v1,A,q_건강식품_04,건강식품,식료품 중 '건강식품'을 판매·제공하는 매장,test,건강식품,T3 개념확장,006929a4-6712-43ca-80d7-f540710009b5,삼송프라자약국,의약품 외 건강기능식품,신원권율3 골목형상점가,골목형상점가,경기도,,,
aef417488d2f5d19d891,full_annotation_v1,A,q_건강식품_04,건강식품,식료품 중 '건강식품'을 판매·제공하는 매장,test,건강식품,T3 개념확장,1c7eabaf-7ee5-45fe-9b27-1f386b2b799e,별별장터,건강식품,수유시장,전통시장,서울특별시,,,
c428c32908b1ebf96080,full_annotation_v1,A,q_건강식품_04,건강식품,식료품 중 '건강식품'을 판매·제공하는 매장,test,건강식품,T3 개념확장,019ac829-9ffd-42aa-bfd1-9da1dfba52e2,바디엔 약국,,남악1번가 골목형상점가,골목형상점가,,,,
8b84380c82c3eec04dbc,full_annotation_v1,A,q_건강식품_04,건강식품,식료품 중 '건강식품'을 판매·제공하는 매장,test,건강식품,T3 개념확장,9c67cb04-6012-4eb9-99ee-becea7fc93ec,청수건강원,건강식품,중리시장,전통시장,대전광역시,,,
59ec69cf626c217aa9fe,full_annotation_v1,A,q_건강식품_04,건강식품,식료품 중 '건강식품'을 판매·제공하는 매장,test,건강식품,T3 개념확장,471c68e0-29cb-48ec-8018-23c71adb77ab,천기초 건강식품 백화점,건강식품,구미역중앙 골목형상점가,골목형상점가,경상북도,,,
1991e5014b73036d1c85,full_annotation_v1,A,q_건강식품_04,건강식품,식료품 중 '건강식품'을 판매·제공하는 매장,test,건강식품,T3 개념확장,b29b9c3d-9313-4caa-acaf-fe8e024f0e7e,방실이네,건강식품,간성전통시장(구 천년고성시장),전통시장,강원특별자치도,,,
5d9827332f53e9c0a03b,full_annotation_v1,A,q_건강식품_04,건강식품,식료품 중 '건강식품'을 판매·제공하는 매장,test,건강식품,T3 개념확장,004b2dbc-a37a-4c33-8661-ca25a873ac90,중앙인삼사,인삼,통영중앙전통시장,전통시장,경상남도,,,
ee05bef10eabe93eccd0,full_annotation_v1,A,q_건강식품_04,건강식품,식료품 중 '건강식품'을 판매·제공하는 매장,test,건강식품,T3 개념확장,436ced00-f5d0-4f43-8138-217ac788d1be,현이네 식탁,,쌍촌로상인회 골목형상점가,골목형상점가,,,,
c379ef649a07fd208065,full_annotation_v1,A,q_건강식품_04,건강식품,식료품 중 '건강식품'을 판매·제공하는 매장,test,건강식품,T3 개념확장,c748ac90-9bea-4eb2-8585-8e43de49d60f,경희패션,여성의류,삼익패션타운,전통시장,서울특별시,,,
30441c5333dcb1cf5d78,full_annotation_v1,A,q_건강식품_04,건강식품,식료품 중 '건강식품'을 판매·제공하는 매장,test,건강식품,T3 개념확장,4ac9ee52-44d1-4d33-b5d2-d8c27eb5cf16,건강식품,곡물,충금지하도상가,일반지하상점가,광주광역시,,,
a3c7ea4263dc1877b84e,full_annotation_v1,A,q_건강식품_04,건강식품,식료품 중 '건강식품'을 판매·제공하는 매장,test,건강식품,T3 개념확장,1589d25d-3415-4003-9f9d-d91c43ad9979,코리아메이드,건강식품,진주 동성상가,전통시장,경상남도,,,
b1c0369e3dfcf737f604,full_annotation_v1,A,q_건강식품_04,건강식품,식료품 중 '건강식품'을 판매·제공하는 매장,test,건강식품,T3 개념확장,5020a5d2-2fe9-4a27-a622-a7f4e18e8d87,한국약초식품,건강식품,진주 중앙상점가,자율상권구역,경상남도,,,
26c57d594cfa7f4d2892,full_annotation_v1,A,q_건강식품_04,건강식품,식료품 중 '건강식품'을 판매·제공하는 매장,test,건강식품,T3 개념확장,40651097-66a5-48f8-98b4-413f79ff7162,고려식품,건강식품,계림중앙필문로 골목형상점가,골목형상점가,광주광역시,,,
eb9dca5b91f7772619ea,full_annotation_v1,A,q_건강식품_04,건강식품,식료품 중 '건강식품'을 판매·제공하는 매장,test,건강식품,T3 개념확장,57eaecd9-7eb3-4f42-abc1-f66654c86bfc,평택인삼,건강식품,평택통복시장,전통시장,경기도,,,
a71a697f60350b1babfe,full_annotation_v1,A,q_건강식품_04,건강식품,식료품 중 '건강식품'을 판매·제공하는 매장,test,건강식품,T3 개념확장,4c0d4c46-7698-4e0d-b29c-a4d0dedfb6be,늘봄건강원,건강식품,산본전통시장(구 군포산본시장),전통시장,경기도,,,
ed39c3eb898767e59a4a,full_annotation_v1,A,q_건강식품_04,건강식품,식료품 중 '건강식품'을 판매·제공하는 매장,test,건강식품,T3 개념확장,1001a67f-0c5a-4693-8e4e-f39dfdabc5ef,인산건강식품,건강식품,신천지시장,전통시장,부산광역시,,,
88be68e5b95a5d7fbeca,full_annotation_v1,A,q_건강식품_04,건강식품,식료품 중 '건강식품'을 판매·제공하는 매장,test,건강식품,T3 개념확장,1dc584b9-7fde-4acd-af27-d74aaab44799,금산건강식품,건강식품,"온양온천시장(온양재래시장, 전통시장)",전통시장,충청남도,,,
ad48d9e9c8b9084f4c99,full_annotation_v1,A,q_건강식품_04,건강식품,식료품 중 '건강식품'을 판매·제공하는 매장,test,건강식품,T3 개념확장,33bcdcc5-135b-4b4d-ac5b-ae034beb78f4,가물치건강원,건강식품,설성골목형상점가,골목형상점가,충청북도,,,
603f37290fad9a92ef5f,full_annotation_v1,A,q_건강식품_04,건강식품,식료품 중 '건강식품'을 판매·제공하는 매장,test,건강식품,T3 개념확장,285a519d-bf26-414b-ba67-c75f7041b129,경동물산,건강식품,우리시장,자율상권구역,서울특별시,,,
2a7841c00a1cb6de4083,full_annotation_v1,A,q_건강식품_04,건강식품,식료품 중 '건강식품'을 판매·제공하는 매장,test,건강식품,T3 개념확장,0048134e-4060-4bf0-bffb-0cac8a53f2d8,사랑의뜰안 북광주점,건강기능식품,운암대자골 골목형상점가,골목형상점가,광주광역시,,,
57c996275f3fad496b8e,full_annotation_v1,A,q_건강식품_04,건강식품,식료품 중 '건강식품'을 판매·제공하는 매장,test,건강식품,T3 개념확장,8a4437f6-d760-4d71-981b-83b83a6ce4ed,태평선식,건강식품,안양관양시장,전통시장,경기도,,,
f55ec856e4b6f9333186,full_annotation_v1,A,q_건강식품_04,건강식품,식료품 중 '건강식품'을 판매·제공하는 매장,test,건강식품,T3 개념확장,b8fc2b96-c992-4525-983d-a8d83f387352,금산인삼,건강식품,해운대시장,전통시장,부산광역시,,,
b8f2d993c33f5d468f44,full_annotation_v1,A,q_건강식품_04,건강식품,식료품 중 '건강식품'을 판매·제공하는 매장,test,건강식품,T3 개념확장,2aef0ff7-ddd5-4ba8-89d6-06aad28c23d9,금산건강원,건강식품,용남시장,전통시장,인천광역시,,,
d3273eed337b8bfaa045,full_annotation_v1,A,q_건강식품_04,건강식품,식료품 중 '건강식품'을 판매·제공하는 매장,test,건강식품,T3 개념확장,9e1707dc-2952-4254-b16c-f7b092c306de,알파와오메가,건강식품,창원 가음정시장,전통시장,경상남도,,,
0b61da2c9fd888a38b34,full_annotation_v1,A,q_건강식품_04,건강식품,식료품 중 '건강식품'을 판매·제공하는 매장,test,건강식품,T3 개념확장,fd338bed-d7be-4243-ab47-5ef51ac46d50,다남웰빙,건강식품,부천자유시장,전통시장,경기도,,,
496d1843141d81453ce1,full_annotation_v1,A,q_건강식품_04,건강식품,식료품 중 '건강식품'을 판매·제공하는 매장,test,건강식품,T3 개념확장,e6f0405b-4d55-4121-a568-cd071d7932c5,장충흑염소,건강식품,장충남소영길 골목형상점가,골목형상점가,서울특별시,,,
9423ad6d6f7d1611d7f4,full_annotation_v1,A,q_건강식품_04,건강식품,식료품 중 '건강식품'을 판매·제공하는 매장,test,건강식품,T3 개념확장,b81a80dc-3576-44a0-855d-3071d8f0014e,건강백세,건강식품,부산역지하도상가,일반지하상점가,부산광역시,,,
ecb8efbc6ef08e72c02e,full_annotation_v1,A,q_건강식품_04,건강식품,식료품 중 '건강식품'을 판매·제공하는 매장,test,건강식품,T3 개념확장,6f622c61-ac74-4a65-850d-bdcfc0a95302,백세탕제원,건강식품,금촌명동로시장,전통시장,경기도,,,
b42a0c0731ec708924af,full_annotation_v1,A,q_건강식품_04,건강식품,식료품 중 '건강식품'을 판매·제공하는 매장,test,건강식품,T3 개념확장,e9a966a0-f323-4c37-8827-e760c68911de,금산인삼직판,건강식품,야음상가시장,전통시장,울산광역시,,,
20e56aa75b1c99f3712b,full_annotation_v1,A,q_건강식품_04,건강식품,식료품 중 '건강식품'을 판매·제공하는 매장,test,건강식품,T3 개념확장,56239f02-a5fb-4332-8797-f6cde5ed6ce5,낙동건강원,건강식품,현풍백년도깨비시장,전통시장,대구광역시,,,
9af98ada6789b859c28e,full_annotation_v1,A,q_건강식품_04,건강식품,식료품 중 '건강식품'을 판매·제공하는 매장,test,건강식품,T3 개념확장,4a35e536-f3fa-429a-92e8-91f1bf31ea89,이든네이처,건강식품,벽산블루밍 골목형상점가,골목형상점가,광주광역시,,,
0901cf6146eb52d9a810,full_annotation_v1,A,q_건강식품_04,건강식품,식료품 중 '건강식품'을 판매·제공하는 매장,test,건강식품,T3 개념확장,d6bc5dc9-3803-451a-b698-2b19ffb16319,이디야 (울대점),,울산대바보사거리 골목형상점가,골목형상점가,울산광역시,,,
5c7fea405b37ce78092b,full_annotation_v1,A,q_건강식품_04,건강식품,식료품 중 '건강식품'을 판매·제공하는 매장,test,건강식품,T3 개념확장,8465ac54-fe72-4086-be81-6a6c6b2f6b80,혁이약초,건강식품,강화풍물시장,전통시장,인천광역시,,,
5cea6014065ac7ad4050,full_annotation_v1,A,q_건강식품_04,건강식품,식료품 중 '건강식품'을 판매·제공하는 매장,test,건강식품,T3 개념확장,89fdbc96-07aa-47a7-a92c-39c28ed57dcf,옥설건강원,건강식품,남부골목시장,전통시장,서울특별시,,,
768442914da2b267e586,full_annotation_v1,A,q_건강식품_04,건강식품,식료품 중 '건강식품'을 판매·제공하는 매장,test,건강식품,T3 개념확장,71e00c9e-c1cb-407c-bbf6-33c3557a890e,보강원,건강식품,오창전통시장,전통시장,충청북도,,,
01e0276995c5823e2375,full_annotation_v1,A,q_건강식품_04,건강식품,식료품 중 '건강식품'을 판매·제공하는 매장,test,건강식품,T3 개념확장,d0e09e6f-9e02-4483-81c1-3b0b82bd60cd,순미용실,미용,강릉서부시장,전통시장,강원특별자치도,,,
bb21ee0d1cd3e9dddbfc,full_annotation_v1,A,q_건강식품_04,건강식품,식료품 중 '건강식품'을 판매·제공하는 매장,test,건강식품,T3 개념확장,0365a848-2165-4cd2-8285-5b74e5898bcf,웰빙시대,건강식품,수암종합시장,전통시장,울산광역시,,,
bd82ad237eb46e7a0788,full_annotation_v1,A,q_건강식품_04,건강식품,식료품 중 '건강식품'을 판매·제공하는 매장,test,건강식품,T3 개념확장,39d219fc-043e-487e-89a0-0dbc00514717,장단인삼,건강식품,금촌전통시장,전통시장,경기도,,,
95181bfb561d4a309a23,full_annotation_v1,A,q_건강식품_04,건강식품,식료품 중 '건강식품'을 판매·제공하는 매장,test,건강식품,T3 개념확장,bd535812-2e80-464c-b4e0-b0fe72006fa4,모티프,간이음식,김대중컨벤션상인회 골목형상점가,골목형상점가,광주광역시,,,
1678d53e8dd8acc0c143,full_annotation_v1,A,q_건강식품_04,건강식품,식료품 중 '건강식품'을 판매·제공하는 매장,test,건강식품,T3 개념확장,1c403fbe-8de7-451b-a5bf-69539d445172,한밭건강원,건강식품,한민시장,전통시장,대전광역시,,,
399942c2aa1ea5bb56e0,full_annotation_v1,A,q_건강식품_04,건강식품,식료품 중 '건강식품'을 판매·제공하는 매장,test,건강식품,T3 개념확장,544d9145-ca4b-4eb0-bb1b-ad8e760d10e7,현대건강원,건강식품,안양관양시장,전통시장,경기도,,,
b785a896028da67f820b,full_annotation_v1,A,q_건강식품_04,건강식품,식료품 중 '건강식품'을 판매·제공하는 매장,test,건강식품,T3 개념확장,b095f7b7-ad5d-425e-97f8-38e449001c72,더드림 건강식품,건강식품,남서상점가,자율상권구역,경상북도,,,
593c58e611237682a8a1,full_annotation_v1,A,q_건강식품_04,건강식품,식료품 중 '건강식품'을 판매·제공하는 매장,test,건강식품,T3 개념확장,023caced-6133-4a64-839b-a1c69c27bb87,정관장과천점,소매업(홍삼제품),별양동상점가,자율상권구역,경기도,,,
bed0553b4e4e2c93f165,full_annotation_v1,A,q_건강식품_04,건강식품,식료품 중 '건강식품'을 판매·제공하는 매장,test,건강식품,T3 개념확장,0ff31fb9-6420-4ebe-bd52-1ce8c422d4ad,지중해,건강식품,지중해마을 골목형상점가,골목형상점가,충청남도,,,
09d20a2bab9367a4987f,full_annotation_v1,A,q_건강식품_04,건강식품,식료품 중 '건강식품'을 판매·제공하는 매장,test,건강식품,T3 개념확장,02cd45e9-fe92-42d2-9ae1-da8fc01edbdb,(주)서울인삼유통,홍삼,경동시장,전통시장,서울특별시,,,
ecc7903b9830466c6596,full_annotation_v1,A,q_건강식품_04,건강식품,식료품 중 '건강식품'을 판매·제공하는 매장,test,건강식품,T3 개념확장,01f1ff87-d7c5-4c13-b60e-937f9d6221fd,수삼센터 83호,인삼(수삼),금산수삼센터,전통시장,충청남도,,,
6495706bff4397c7c523,full_annotation_v1,A,q_건강식품_04,건강식품,식료품 중 '건강식품'을 판매·제공하는 매장,test,건강식품,T3 개념확장,38d27467-e1e4-45ef-8fec-a1e6d6248cd0,흥보건강식품,건강식품,서울약령시장,전통시장,서울특별시,,,
cff17c325a22ea98845e,full_annotation_v1,A,q_건강식품_04,건강식품,식료품 중 '건강식품'을 판매·제공하는 매장,test,건강식품,T3 개념확장,58fdc068-3ef2-4b97-8cfc-abcafc36ee66,우엉건강초,건강식품,함평천지전통시장(함평5일시장),전통시장,전라남도,,,
dcfb573e1e6006654028,full_annotation_v1,A,q_건강식품_04,건강식품,식료품 중 '건강식품'을 판매·제공하는 매장,test,건강식품,T3 개념확장,00140fab-ec56-4d81-8a03-d3d4aa8d5a49,계령약국,의약품,성대시장골목형상점가,골목형상점가,서울특별시,,,
32de872901b73f7c675a,full_annotation_v1,A,q_건강식품_04,건강식품,식료품 중 '건강식품'을 판매·제공하는 매장,test,건강식품,T3 개념확장,76878562-d6c6-4d37-9607-65f09a86a6e7,건강백세,건강식품,원주자유시장,전통시장,강원특별자치도,,,
c5cfe310290699bf34bb,full_annotation_v1,A,q_건강식품_04,건강식품,식료품 중 '건강식품'을 판매·제공하는 매장,test,건강식품,T3 개념확장,001961d9-cb5d-40bc-903a-33d483f7d132,헬씨스탠다드,"건강기능식품, 쌀, 견과류, 약재",응암소담길 골목형상점가,골목형상점가,서울특별시,,,
c9c1c625a6b913b1194e,full_annotation_v1,A,q_건강식품_04,건강식품,식료품 중 '건강식품'을 판매·제공하는 매장,test,건강식품,T3 개념확장,009bd725-6319-41ec-87fb-f904d54243ca,현대인삼,"홍삼, 인삼",경동시장,전통시장,서울특별시,,,
d4089f3863c3502d162c,full_annotation_v1,A,q_건강식품_04,건강식품,식료품 중 '건강식품'을 판매·제공하는 매장,test,건강식품,T3 개념확장,83e27f64-b944-4eb5-b43f-fd9a244fa39c,항아리누에농장,건강식품,창원 명서시장,전통시장,경상남도,,,
19186e69cf9f90597070,full_annotation_v1,A,q_건강식품_04,건강식품,식료품 중 '건강식품'을 판매·제공하는 매장,test,건강식품,T3 개념확장,7f116495-3c24-4b59-943b-c127fa518946,홍삼월드,건강식품,선스포츠프라자,전통시장,대구광역시,,,
961e2c7355aab9bb02cd,full_annotation_v1,A,q_건강식품_04,건강식품,식료품 중 '건강식품'을 판매·제공하는 매장,test,건강식품,T3 개념확장,e94a3e1e-416d-4c7e-9325-394d561943a8,원창건강식품,건강식품,성당시장,전통시장,대구광역시,,,
75e7961db9157eae5331,full_annotation_v1,A,q_건강식품_04,건강식품,식료품 중 '건강식품'을 판매·제공하는 매장,test,건강식품,T3 개념확장,540c636d-076a-4346-9a0b-1493c10b1b91,건강마을,건강식품,연일전통시장,전통시장,경상북도,,,
a9daff4e8180b6a422cf,full_annotation_v1,A,q_건강식품_04,건강식품,식료품 중 '건강식품'을 판매·제공하는 매장,test,건강식품,T3 개념확장,80ef34af-a28f-46cf-ba94-a2c0942491be,보명인삼집,건강식품,대동시장,전통시장,대구광역시,,,
60dd0f1c306261396fa4,full_annotation_v1,A,q_건강식품_04,건강식품,식료품 중 '건강식품'을 판매·제공하는 매장,test,건강식품,T3 개념확장,5d5b7d63-5843-4ead-aeea-67d8e220195e,엠오엠,건강식품,현대시장,전통시장,인천광역시,,,
2554fa97a23aa3f48601,full_annotation_v1,A,q_건강식품_04,건강식품,식료품 중 '건강식품'을 판매·제공하는 매장,test,건강식품,T3 개념확장,e366a5f3-3176-4778-9eef-9ea87a65d2ba,우리건강원,건강식품,청주육거리종합시장,전통시장,충청북도,,,
caf74f4dd836504ad942,full_annotation_v1,A,q_건강식품_04,건강식품,식료품 중 '건강식품'을 판매·제공하는 매장,test,건강식품,T3 개념확장,fe036e26-2a7d-45f9-a324-3bbe1b361d98,청원건강원,건강식품,공릉동도깨비시장,전통시장,서울특별시,,,
17d3efa2a044ea00754b,full_annotation_v1,A,q_건강식품_04,건강식품,식료품 중 '건강식품'을 판매·제공하는 매장,test,건강식품,T3 개념확장,389eea74-d6e0-4d80-bc56-0a1dc26f0abe,민물나라,건강식품,신포시장,전통시장,인천광역시,,,
f64d47710d8169eb65fd,full_annotation_v1,A,q_건강식품_04,건강식품,식료품 중 '건강식품'을 판매·제공하는 매장,test,건강식품,T3 개념확장,aede93ef-a560-4b86-8550-c73191e08f39,연서건강식품,건강식품,연서시장,전통시장,서울특별시,,,
d30a2674204dc06f74f2,full_annotation_v1,A,q_건강식품_04,건강식품,식료품 중 '건강식품'을 판매·제공하는 매장,test,건강식품,T3 개념확장,98d41881-7184-4452-adfb-60084770305c,건강나라,건강식품,자양전통시장,전통시장,서울특별시,,,
321fb1d0d272c9e80267,full_annotation_v1,A,q_건강식품_04,건강식품,식료품 중 '건강식품'을 판매·제공하는 매장,test,건강식품,T3 개념확장,de388692-f96a-4f08-aa72-4856f4fd519b,금산인삼사,건강식품,통영중앙전통시장,전통시장,경상남도,,,
64c90c43fc30a243000b,full_annotation_v1,A,q_건강식품_04,건강식품,식료품 중 '건강식품'을 판매·제공하는 매장,test,건강식품,T3 개념확장,eb8d8f22-b825-47bb-97fa-886bb9f70afa,건강시대,건강식품,주안시민지하도상점가,일반지하상점가,인천광역시,,,
56c2e62d78107c2c1664,full_annotation_v1,A,q_건강식품_04,건강식품,식료품 중 '건강식품'을 판매·제공하는 매장,test,건강식품,T3 개념확장,008b065b-181b-4891-95dc-7a77a7c143d1,혜화온누리약국,약국,유성도안 골목형상점가,골목형상점가,대전광역시,,,
8a701a528ee921713d29,full_annotation_v1,A,q_건강식품_04,건강식품,식료품 중 '건강식품'을 판매·제공하는 매장,test,건강식품,T3 개념확장,dc1fa176-61ac-49de-801e-69ffcc6ebc69,마스터스통상(주)송파점,스포츠용품,문정동로데오상점가,자율상권구역,서울특별시,,,
16d20c53240da9b997ed,full_annotation_v1,A,q_건강식품_04,건강식품,식료품 중 '건강식품'을 판매·제공하는 매장,test,건강식품,T3 개념확장,3d3de8d6-2b29-4007-a475-78dee8e57540,내추럴하우스,건강식품,암사종합시장,전통시장,서울특별시,,,
5b4387f9a021028cbc49,full_annotation_v1,A,q_건강식품_04,건강식품,식료품 중 '건강식품'을 판매·제공하는 매장,test,건강식품,T3 개념확장,00bd78a7-2a89-48d4-b7ec-efe5116ce2a4,반월당경북약국,약국,메트로센터(반월당지하쇼핑),일반지하상점가,대구광역시,,,
c7afd8cbd1d5bd943faa,full_annotation_v1,A,q_건강식품_04,건강식품,식료품 중 '건강식품'을 판매·제공하는 매장,test,건강식품,T3 개념확장,008a831c-1fd3-4b7c-96c1-0e92332ccbf3,명성약국,의약품,공주산성시장,전통시장,충청남도,,,
0ffd96aa3f00f7940ac7,full_annotation_v1,A,q_건강식품_05,수삼,식료품 중 '건강식품'을 판매·제공하는 매장,test,건강식품,T3 개념확장,ce6080d5-ae89-49e2-909a-2a63718fc49d,금산수삼센터82호,수삼,금산수삼센터,전통시장,충청남도,,,
161ae87774393055a238,full_annotation_v1,A,q_건강식품_05,수삼,식료품 중 '건강식품'을 판매·제공하는 매장,test,건강식품,T3 개념확장,a1062190-be1f-45a8-a84d-80e0cf7020f6,수상한요리집,한식,운암 서영 골목형상점가,골목형상점가,광주광역시,,,
17380cff03743960e0af,full_annotation_v1,A,q_건강식품_05,수삼,식료품 중 '건강식품'을 판매·제공하는 매장,test,건강식품,T3 개념확장,f222e305-d101-4bd9-a12d-99bd7cde5028,금산수삼센터22호,수삼,금산수삼센터,전통시장,충청남도,,,
129804c8d6210b0cfb1a,full_annotation_v1,A,q_건강식품_05,수삼,식료품 중 '건강식품'을 판매·제공하는 매장,test,건강식품,T3 개념확장,00e92856-b294-4032-8540-d60e9817f2d8,럭키약국,"의약품, 건강기능식품, 식품",충무로골목형상점가,골목형상점가,서울특별시,,,
c101d1a03435c4d54e3b,full_annotation_v1,A,q_건강식품_05,수삼,식료품 중 '건강식품'을 판매·제공하는 매장,test,건강식품,T3 개념확장,f35e8c5a-14b0-4407-91d9-d5c092f9dd5d,금산명품인삼,수삼,금산수삼시장,전통시장,충청남도,,,
246fdb5cd01d61e5958b,full_annotation_v1,A,q_건강식품_05,수삼,식료품 중 '건강식품'을 판매·제공하는 매장,test,건강식품,T3 개념확장,b59827f7-98b8-4e04-b015-8716075ddd4c,금산수삼센터34호,수삼,금산수삼센터,전통시장,충청남도,,,
4d05fbf69727dcfe1b88,full_annotation_v1,A,q_건강식품_05,수삼,식료품 중 '건강식품'을 판매·제공하는 매장,test,건강식품,T3 개념확장,c81535ed-8f6e-43bf-80b0-11868b4ef1a4,금산수삼센터90호,수삼,금산수삼센터,전통시장,충청남도,,,
28be51856ea501ba5c48,full_annotation_v1,A,q_건강식품_05,수삼,식료품 중 '건강식품'을 판매·제공하는 매장,test,건강식품,T3 개념확장,c996baeb-f17a-44ea-8c2a-ca57bcefe21d,원덕인삼,수삼,경동시장,전통시장,서울특별시,,,
775edf53d42ce1da1faf,full_annotation_v1,A,q_건강식품_05,수삼,식료품 중 '건강식품'을 판매·제공하는 매장,test,건강식품,T3 개념확장,d6862b2c-7253-40b0-ad47-d66a26fef865,이다원인삼가,수삼,풍기선비골인삼시장,전통시장,경상북도,,,
bb570032a983b94d8a3e,full_annotation_v1,A,q_건강식품_05,수삼,식료품 중 '건강식품'을 판매·제공하는 매장,test,건강식품,T3 개념확장,9a4a52ef-c43c-4a0b-a294-ead6b02058c1,금산수삼센터90호,수삼,금산수삼센터,전통시장,충청남도,,,
bfe640695570601db4b4,full_annotation_v1,A,q_건강식품_05,수삼,식료품 중 '건강식품'을 판매·제공하는 매장,test,건강식품,T3 개념확장,551a9f75-f0cc-4061-9b5b-b9f2db2f8cc6,금산수삼센터31호,수삼,금산수삼센터,전통시장,충청남도,,,
1772523164c92201ee2c,full_annotation_v1,A,q_건강식품_05,수삼,식료품 중 '건강식품'을 판매·제공하는 매장,test,건강식품,T3 개념확장,8242e088-ce3d-4005-a4f0-981b34f8bc21,일순인삼사,수삼,풍기토종인삼시장,전통시장,경상북도,,,
ae472e345f87d6a87326,full_annotation_v1,A,q_건강식품_05,수삼,식료품 중 '건강식품'을 판매·제공하는 매장,test,건강식품,T3 개념확장,c6b307d0-45a6-45e9-9f63-7e6d3427424c,플러스인삼4호,수삼,금산수삼센터,전통시장,충청남도,,,
798b5439e3a46b0d23c9,full_annotation_v1,A,q_건강식품_05,수삼,식료품 중 '건강식품'을 판매·제공하는 매장,test,건강식품,T3 개념확장,7ca60d0a-76c5-46e6-805b-65a2d1becef9,수삼센터85호,수삼,금산수삼센터,전통시장,충청남도,,,
1c85f5626254099d0023,full_annotation_v1,A,q_건강식품_05,수삼,식료품 중 '건강식품'을 판매·제공하는 매장,test,건강식품,T3 개념확장,c73a9981-e5f7-4d99-b14f-036e40329f33,금산수삼센타,수삼,금산수삼센터,전통시장,충청남도,,,
f07b2346f5dbc3bde3a8,full_annotation_v1,A,q_건강식품_05,수삼,식료품 중 '건강식품'을 판매·제공하는 매장,test,건강식품,T3 개념확장,cd28646c-5e4a-4ded-a3bc-0359a4df8f47,정인인삼,수삼,금산수삼시장,전통시장,충청남도,,,
fa0b43db8b9ad519aa65,full_annotation_v1,A,q_건강식품_05,수삼,식료품 중 '건강식품'을 판매·제공하는 매장,test,건강식품,T3 개념확장,027cecd7-d8bb-40f9-9532-06a27b7792e9,정관장홍삼 내손동점,홍삼,의왕예술의거리골목형상점가,골목형상점가,경기도,,,
729e5eacecfede39013f,full_annotation_v1,A,q_건강식품_05,수삼,식료품 중 '건강식품'을 판매·제공하는 매장,test,건강식품,T3 개념확장,fbe78b20-8d0b-4068-af42-e0d2ab6cca6d,금산수삼센타54호,수삼,금산수삼센터,전통시장,충청남도,,,
3d828ada11670819f431,full_annotation_v1,A,q_건강식품_05,수삼,식료품 중 '건강식품'을 판매·제공하는 매장,test,건강식품,T3 개념확장,00b64830-f897-4643-a5fa-6d8950c2ef89,낭만상회,식품,문산자유시장,전통시장,경기도,,,
5dcb3c51dc95b3d68f42,full_annotation_v1,A,q_건강식품_05,수삼,식료품 중 '건강식품'을 판매·제공하는 매장,test,건강식품,T3 개념확장,b74d3429-c389-4555-8c17-fb47184510e8,로그인,의류,일곡동(제9지역:커피의 거리),골목형상점가,광주광역시,,,
5afa90855719a5362d37,full_annotation_v1,A,q_건강식품_05,수삼,식료품 중 '건강식품'을 판매·제공하는 매장,test,건강식품,T3 개념확장,abab1534-b79b-4a3e-b80e-25a4cef25332,목어,음식점,율곡동메타스퀘어 골목형상점가,골목형상점가,경상북도,,,
6ac8ea36f2596eea2c0a,full_annotation_v1,A,q_건강식품_05,수삼,식료품 중 '건강식품'을 판매·제공하는 매장,test,건강식품,T3 개념확장,48557f5c-793e-45a6-be80-dce4d8b09020,금산수삼센터28호,수삼,금산수삼센터,전통시장,충청남도,,,
40972f1d2847ad7f6742,full_annotation_v1,A,q_건강식품_05,수삼,식료품 중 '건강식품'을 판매·제공하는 매장,test,건강식품,T3 개념확장,02bbd5a1-d6ce-4cd4-acaf-647befb7d68a,풍기본가인삼사,수삼,풍기토종인삼시장,전통시장,경상북도,,,
1750862cd66cdad47346,full_annotation_v1,A,q_건강식품_05,수삼,식료품 중 '건강식품'을 판매·제공하는 매장,test,건강식품,T3 개념확장,3c0b8bc0-54a6-4071-81d6-b7e1eb6e3c4a,금산순이네 인삼,수삼,금산수삼시장,전통시장,충청남도,,,
9bf3ce1bb22f450eb0a4,full_annotation_v1,A,q_건강식품_05,수삼,식료품 중 '건강식품'을 판매·제공하는 매장,test,건강식품,T3 개념확장,c4584d91-7468-443a-bec9-53e2300e371f,쥬씨차얌칠곡석적점,,석적읍 중리일번지 골목형상점가,골목형상점가,경상북도,,,
086a06c1f65c73d97756,full_annotation_v1,A,q_건강식품_05,수삼,식료품 중 '건강식품'을 판매·제공하는 매장,test,건강식품,T3 개념확장,02cd45e9-fe92-42d2-9ae1-da8fc01edbdb,(주)서울인삼유통,홍삼,경동시장,전통시장,서울특별시,,,
4b47bd6ff3e9761c711a,full_annotation_v1,A,q_건강식품_05,수삼,식료품 중 '건강식품'을 판매·제공하는 매장,test,건강식품,T3 개념확장,df09b4a7-ff15-4ef5-a184-21f277a6b3ab,수삼센터,수삼,금산수삼센터,전통시장,충청남도,,,
2c78d76ac8e4e74df14b,full_annotation_v1,A,q_건강식품_05,수삼,식료품 중 '건강식품'을 판매·제공하는 매장,test,건강식품,T3 개념확장,004b2dbc-a37a-4c33-8661-ca25a873ac90,중앙인삼사,인삼,통영중앙전통시장,전통시장,경상남도,,,
45c8657b18ebca2b51fc,full_annotation_v1,A,q_건강식품_05,수삼,식료품 중 '건강식품'을 판매·제공하는 매장,test,건강식품,T3 개념확장,30007cb3-cc9e-4465-b990-e910bc50a208,금산수삼센터9호,수삼,금산수삼센터,전통시장,충청남도,,,
191fedfa863556e0434c,full_annotation_v1,A,q_건강식품_05,수삼,식료품 중 '건강식품'을 판매·제공하는 매장,test,건강식품,T3 개념확장,92340aa1-95cb-43c2-a683-6a93c40fb2f4,동성꽃집,꽃,서면시장,전통시장,부산광역시,,,
e49e88cefdcbbdc5065a,full_annotation_v1,A,q_건강식품_05,수삼,식료품 중 '건강식품'을 판매·제공하는 매장,test,건강식품,T3 개념확장,23b9bcb2-9f4a-432a-8557-fc103e873a17,금산수삼센터34호,수삼,금산수삼센터,전통시장,충청남도,,,
c6cf915d1cc19dffdbe2,full_annotation_v1,A,q_건강식품_05,수삼,식료품 중 '건강식품'을 판매·제공하는 매장,test,건강식품,T3 개념확장,01049348-bdd8-4303-a750-8f85f7029a84,사랑의손효소마을,건강식품,구미형곡시장프라자,전통시장,경상북도,,,
7b9346c6d078a8823d41,full_annotation_v1,A,q_건강식품_05,수삼,식료품 중 '건강식품'을 판매·제공하는 매장,test,건강식품,T3 개념확장,00b6e321-5954-437c-b1d9-94fded29f67e,웰빙마트,식품,서남신시장,전통시장,대구광역시,,,
4bc2f6f203217686280e,full_annotation_v1,A,q_건강식품_05,수삼,식료품 중 '건강식품'을 판매·제공하는 매장,test,건강식품,T3 개념확장,016f8113-22a7-4ef1-a80f-0562dd2a06e9,동이식품,"식품, 농산물",중앙신시장,전통시장,경상북도,,,
11472616397746c2aee1,full_annotation_v1,A,q_건강식품_05,수삼,식료품 중 '건강식품'을 판매·제공하는 매장,test,건강식품,T3 개념확장,e83c68fd-4c82-45aa-bba8-84fb516aecfb,금산수삼센터86호,수삼,금산수삼센터,전통시장,충청남도,,,
8024180e17c24122b932,full_annotation_v1,A,q_건강식품_05,수삼,식료품 중 '건강식품'을 판매·제공하는 매장,test,건강식품,T3 개념확장,023caced-6133-4a64-839b-a1c69c27bb87,정관장과천점,소매업(홍삼제품),별양동상점가,자율상권구역,경기도,,,
480fe7ef0d3de0483fd1,full_annotation_v1,A,q_건강식품_05,수삼,식료품 중 '건강식품'을 판매·제공하는 매장,test,건강식품,T3 개념확장,c69f7d14-8f55-4916-a72d-7a0bdbacb72c,수삼센터89호,수삼,금산수삼센터,전통시장,충청남도,,,
8375b9aaeaac3cc3fb8a,full_annotation_v1,A,q_건강식품_05,수삼,식료품 중 '건강식품'을 판매·제공하는 매장,test,건강식품,T3 개념확장,00768c91-a678-4fbc-a372-a2ee0260218f,수택온누리약국,,구리시 구도심 상권활성화구역,상권활성화구역,경기도,,,
f8910cc8d335115ef650,full_annotation_v1,A,q_건강식품_05,수삼,식료품 중 '건강식품'을 판매·제공하는 매장,test,건강식품,T3 개념확장,ff64c105-04bb-476f-bf0e-ce845e5b5deb,수삼센터91호,수삼,금산수삼센터,전통시장,충청남도,,,
0eb5f5cdefcf092f5214,full_annotation_v1,A,q_건강식품_05,수삼,식료품 중 '건강식품'을 판매·제공하는 매장,test,건강식품,T3 개념확장,458e696c-00fe-4bc1-a392-47b22ffb20b6,금산수삼센터22호,수삼,금산수삼센터,전통시장,충청남도,,,
0028366fcf3879e30d42,full_annotation_v1,A,q_건강식품_05,수삼,식료품 중 '건강식품'을 판매·제공하는 매장,test,건강식품,T3 개념확장,67e56541-2248-491f-ac39-6c6b10e18756,금산수삼센터20호,수삼,금산수삼센터,전통시장,충청남도,,,
706888493bd4b6125d45,full_annotation_v1,A,q_건강식품_05,수삼,식료품 중 '건강식품'을 판매·제공하는 매장,test,건강식품,T3 개념확장,6bb16d81-20c0-4aa0-9650-b99d8bcb3a76,대한인삼,수삼,서문시장건해산물상가,전통시장,대구광역시,,,
463d68ef237aacf57ae3,full_annotation_v1,A,q_건강식품_05,수삼,식료품 중 '건강식품'을 판매·제공하는 매장,test,건강식품,T3 개념확장,737eeb34-500b-4dac-bdbb-893acce27f45,금산수산센타63호,수삼,금산수삼센터,전통시장,충청남도,,,
1cf00737e47fb481f7b6,full_annotation_v1,A,q_건강식품_05,수삼,식료품 중 '건강식품'을 판매·제공하는 매장,test,건강식품,T3 개념확장,5afd85ca-a4b8-40dd-8770-feb8df6056fa,금산수삼센터35호,수삼,금산수삼센터,전통시장,충청남도,,,
b207e7b0eb7078d68965,full_annotation_v1,A,q_건강식품_05,수삼,식료품 중 '건강식품'을 판매·제공하는 매장,test,건강식품,T3 개념확장,0040b4e6-7b74-4175-b54d-add4fe693d49,메디팜보명당약국,"의약품, 의료욕구, 복지욕구, 의료기기",점촌역전상점가,자율상권구역,경상북도,,,
3e42a32a8812074d6e9e,full_annotation_v1,A,q_건강식품_05,수삼,식료품 중 '건강식품'을 판매·제공하는 매장,test,건강식품,T3 개념확장,5766a0c7-f565-455c-936d-3ab0d6605b3e,금산수삼센터44호,수삼,금산수삼센터,전통시장,충청남도,,,
91b1a8a4ba2aedaa6fa1,full_annotation_v1,A,q_건강식품_05,수삼,식료품 중 '건강식품'을 판매·제공하는 매장,test,건강식품,T3 개념확장,e00782c2-ebdf-4c43-973f-1caaf2d3ae5e,금산수삼센터25호,수삼,금산수삼센터,전통시장,충청남도,,,
fd782adcc9ace93407a9,full_annotation_v1,A,q_건강식품_05,수삼,식료품 중 '건강식품'을 판매·제공하는 매장,test,건강식품,T3 개념확장,e162cedb-8b28-41e0-a981-1976ec87978b,금산수삼센터17호,수삼,금산수삼센터,전통시장,충청남도,,,
1e62cd05b780925854a3,full_annotation_v1,A,q_건강식품_05,수삼,식료품 중 '건강식품'을 판매·제공하는 매장,test,건강식품,T3 개념확장,008b065b-181b-4891-95dc-7a77a7c143d1,혜화온누리약국,약국,유성도안 골목형상점가,골목형상점가,대전광역시,,,
add6a4c994c0b003806b,full_annotation_v1,A,q_건강식품_05,수삼,식료품 중 '건강식품'을 판매·제공하는 매장,test,건강식품,T3 개념확장,7d61ad27-616a-43fa-a3d4-c2b0bdd3d675,수삼센타1호,수삼,금산수삼센터,전통시장,충청남도,,,
f0c8da10891f8f801e17,full_annotation_v1,A,q_건강식품_05,수삼,식료품 중 '건강식품'을 판매·제공하는 매장,test,건강식품,T3 개념확장,43a01fb9-e8d3-4f0e-85db-f30a277b5447,좋은금산인삼,수삼,금산수삼센터,전통시장,충청남도,,,
1ebfba46e9857d1a50a3,full_annotation_v1,A,q_건강식품_05,수삼,식료품 중 '건강식품'을 판매·제공하는 매장,test,건강식품,T3 개념확장,cd48ee88-6734-40b9-bfcd-ac10fbdaf71a,수삼센터 79호,수삼,금산수삼센터,전통시장,충청남도,,,
9db19d0431dc220fb7af,full_annotation_v1,A,q_건강식품_05,수삼,식료품 중 '건강식품'을 판매·제공하는 매장,test,건강식품,T3 개념확장,ee864cd4-6c55-4076-8329-fbae987608a8,광장수삼,수삼,광장시장,전통시장,서울특별시,,,
89a03280a3cdcda0236a,full_annotation_v1,A,q_건강식품_05,수삼,식료품 중 '건강식품'을 판매·제공하는 매장,test,건강식품,T3 개념확장,9e71932f-924e-4f9a-a63f-445c7dcdca32,금산수삼센타73호,수삼,금산수삼센터,전통시장,충청남도,,,
e588f007dbca511ce4c8,full_annotation_v1,A,q_건강식품_05,수삼,식료품 중 '건강식품'을 판매·제공하는 매장,test,건강식품,T3 개념확장,aca42604-a161-42c5-be1f-6ba938d8ea4b,금산수삼센타,수삼,금산수삼센터,전통시장,충청남도,,,
68f0091d4606cb0383c0,full_annotation_v1,A,q_건강식품_05,수삼,식료품 중 '건강식품'을 판매·제공하는 매장,test,건강식품,T3 개념확장,4cf0f093-d08b-4777-95bd-436201ae1b49,금산수삼센터,수삼,금산수삼센터,전통시장,충청남도,,,
ed0e6e56d5314c4c9046,full_annotation_v1,A,q_건강식품_05,수삼,식료품 중 '건강식품'을 판매·제공하는 매장,test,건강식품,T3 개념확장,6f96b2c9-0e14-4ef0-ab4a-2e81d24028e9,금산수삼센타83,수삼,금산수삼센터,전통시장,충청남도,,,
6b81f834ec1f5a7d5921,full_annotation_v1,A,q_건강식품_05,수삼,식료품 중 '건강식품'을 판매·제공하는 매장,test,건강식품,T3 개념확장,008a831c-1fd3-4b7c-96c1-0e92332ccbf3,명성약국,의약품,공주산성시장,전통시장,충청남도,,,
8e679eaa54d98e44d042,full_annotation_v1,A,q_건강식품_05,수삼,식료품 중 '건강식품'을 판매·제공하는 매장,test,건강식품,T3 개념확장,3d18b238-b471-454b-baa9-922f74c6b541,금산수삼센타71호,수삼,금산수삼센터,전통시장,충청남도,,,
3fc35e4c3baf941d6efd,full_annotation_v1,A,q_건강식품_05,수삼,식료품 중 '건강식품'을 판매·제공하는 매장,test,건강식품,T3 개념확장,5dd998c3-5b8e-4018-92dc-54fc70e9eec8,금산수삼센타37호,수삼,금산수삼센터,전통시장,충청남도,,,
45b884e83033355dc33f,full_annotation_v1,A,q_건강식품_05,수삼,식료품 중 '건강식품'을 판매·제공하는 매장,test,건강식품,T3 개념확장,66525707-5912-4181-bd29-e92d94b738cd,금산수수삼센터,수삼,금산수삼센터,전통시장,충청남도,,,
783f22dd0c27e6225983,full_annotation_v1,A,q_건강식품_05,수삼,식료품 중 '건강식품'을 판매·제공하는 매장,test,건강식품,T3 개념확장,017027d8-dbc4-49d9-82f8-f16291770c91,강릉인삼사,인삼건강식품,경동시장,전통시장,서울특별시,,,
3279f0d62fabf675439a,full_annotation_v1,A,q_건강식품_05,수삼,식료품 중 '건강식품'을 판매·제공하는 매장,test,건강식품,T3 개념확장,3eb62560-5034-4e67-a787-f8b8a58b887f,판매장75호,수삼,금산수삼센터,전통시장,충청남도,,,
fd193b829538ec47b67b,full_annotation_v1,A,q_건강식품_05,수삼,식료품 중 '건강식품'을 판매·제공하는 매장,test,건강식품,T3 개념확장,a0adcb76-f6bc-4fe0-9143-ef3241c07c59,금산수삼센타69호,수삼,금산수삼센터,전통시장,충청남도,,,
bb45e4a191f242243d0e,full_annotation_v1,A,q_건강식품_05,수삼,식료품 중 '건강식품'을 판매·제공하는 매장,test,건강식품,T3 개념확장,f2bdf577-4da9-4e3f-9088-8a6c014efafc,금산수삼센타50호,수삼,금산수삼센터,전통시장,충청남도,,,
5fc3302ea65508a83c34,full_annotation_v1,A,q_건강식품_05,수삼,식료품 중 '건강식품'을 판매·제공하는 매장,test,건강식품,T3 개념확장,006929a4-6712-43ca-80d7-f540710009b5,삼송프라자약국,의약품 외 건강기능식품,신원권율3 골목형상점가,골목형상점가,경기도,,,
4ed1e0a0a397a27ee239,full_annotation_v1,A,q_건강식품_05,수삼,식료품 중 '건강식품'을 판매·제공하는 매장,test,건강식품,T3 개념확장,7298d956-4626-4f12-8365-4f792803f1b0,금산수삼센터3호,수삼,금산수삼센터,전통시장,충청남도,,,
3fdd1185fabc0e27b5ac,full_annotation_v1,A,q_건강식품_05,수삼,식료품 중 '건강식품'을 판매·제공하는 매장,test,건강식품,T3 개념확장,89a0fac0-9415-47cf-8aa7-ae6bdcd3ba1a,금산수삼센터24호,수삼,금산수삼센터,전통시장,충청남도,,,
4aeee98de74053a23d39,full_annotation_v1,A,q_건강식품_05,수삼,식료품 중 '건강식품'을 판매·제공하는 매장,test,건강식품,T3 개념확장,d9f10216-a21f-44ef-8fe0-a784414eeceb,금산수삼센타76호,수삼,금산수삼센터,전통시장,충청남도,,,
7cba762fafe427b4a91d,full_annotation_v1,A,q_건강식품_05,수삼,식료품 중 '건강식품'을 판매·제공하는 매장,test,건강식품,T3 개념확장,f084e0a3-a9a6-4337-828f-14204dab3fc5,태혁인삼사,수삼,금산수삼시장,전통시장,충청남도,,,
684b9cd0c539fdc5136e,full_annotation_v1,A,q_건강식품_05,수삼,식료품 중 '건강식품'을 판매·제공하는 매장,test,건강식품,T3 개념확장,3b71dae3-da6c-4e70-9638-4955dad0e580,수삼센타18호,수삼,금산수삼센터,전통시장,충청남도,,,
2312fedb772f7f07eb2a,full_annotation_v1,A,q_건강식품_05,수삼,식료품 중 '건강식품'을 판매·제공하는 매장,test,건강식품,T3 개념확장,de99e2d0-0e4c-49ad-8e92-6b58c60af235,금산수삼센터36호,수삼,금산수삼센터,전통시장,충청남도,,,
ee649d26574674b5c3bd,full_annotation_v1,A,q_건강식품_05,수삼,식료품 중 '건강식품'을 판매·제공하는 매장,test,건강식품,T3 개념확장,64cae80d-532a-435f-85d2-d96de987ef86,일월인삼약초,수삼,금산수삼센터,전통시장,충청남도,,,
3b692ac82321be766359,full_annotation_v1,A,q_건강식품_05,수삼,식료품 중 '건강식품'을 판매·제공하는 매장,test,건강식품,T3 개념확장,54ef3443-1a5c-4b51-9d0d-4ec6e95a8e0f,금산수삼센터24호,수삼,금산수삼센터,전통시장,충청남도,,,
071dbff1bdc66d826a41,full_annotation_v1,A,q_건강식품_05,수삼,식료품 중 '건강식품'을 판매·제공하는 매장,test,건강식품,T3 개념확장,794b70a1-60b5-438c-a94d-3c124f431913,수삼센터9호,수삼,금산수삼센터,전통시장,충청남도,,,
c2bac1be97dcc5008fc0,full_annotation_v1,A,q_건강식품_05,수삼,식료품 중 '건강식품'을 판매·제공하는 매장,test,건강식품,T3 개념확장,1b68ce1b-3021-4583-bf8f-0c4d80c14d9e,대원인삼사,수삼,풍기선비골인삼시장,전통시장,경상북도,,,
cec8f1a16c6b57e9148c,full_annotation_v1,A,q_건강식품_05,수삼,식료품 중 '건강식품'을 판매·제공하는 매장,test,건강식품,T3 개념확장,1154f224-f3bd-4214-9a5d-26e740fefb01,새재마당바위,민박업,문경새재 골목형상점가,골목형상점가,경상북도,,,
1969a92a604a558c69b4,full_annotation_v1,A,q_건강식품_05,수삼,식료품 중 '건강식품'을 판매·제공하는 매장,test,건강식품,T3 개념확장,d156a8a9-85df-4c9c-9d76-cdfa0ab64896,퀸즈바디 필라테스&플라잉요가,요가필라테스,선부광장로상점가,자율상권구역,경기도,,,
74a4aff807cfd7e6eb9d,full_annotation_v1,A,q_건강식품_05,수삼,식료품 중 '건강식품'을 판매·제공하는 매장,test,건강식품,T3 개념확장,86471046-1921-4aab-8463-b3eb176bc47c,홍사자농장,수삼,무주시장(반딧불장터),전통시장,전북특별자치도,,,
ba3efbe8f89493884bec,full_annotation_v1,A,q_건강식품_05,수삼,식료품 중 '건강식품'을 판매·제공하는 매장,test,건강식품,T3 개념확장,b5713d41-c83d-4b42-83d6-897ec49382bb,금산수삼센터,수삼,금산수삼센터,전통시장,충청남도,,,
9447c90401b1bc0dbbe7,full_annotation_v1,A,q_건강식품_05,수삼,식료품 중 '건강식품'을 판매·제공하는 매장,test,건강식품,T3 개념확장,4c35b30e-ad0f-4308-85b9-6d95132075d9,금산수삼센터88호,수삼,금산수삼센터,전통시장,충청남도,,,
ce3362c3516ab325f411,full_annotation_v1,A,q_건강식품_05,수삼,식료품 중 '건강식품'을 판매·제공하는 매장,test,건강식품,T3 개념확장,01f1ff87-d7c5-4c13-b60e-937f9d6221fd,수삼센터 83호,인삼(수삼),금산수삼센터,전통시장,충청남도,,,
e01bfc41dd50db91ae5f,full_annotation_v1,A,q_건강식품_05,수삼,식료품 중 '건강식품'을 판매·제공하는 매장,test,건강식품,T3 개념확장,1d01e54d-feb7-4943-b1b4-20d19bc17b92,수삼센터87호,수삼,금산수삼센터,전통시장,충청남도,,,
640eda722cd464d25a37,full_annotation_v1,A,q_건강식품_05,수삼,식료품 중 '건강식품'을 판매·제공하는 매장,test,건강식품,T3 개념확장,4c00c517-6213-4066-ac5e-550751e73717,금산수삼센터36호,수삼,금산수삼센터,전통시장,충청남도,,,
843545008c0c989ecc09,full_annotation_v1,A,q_건강식품_05,수삼,식료품 중 '건강식품'을 판매·제공하는 매장,test,건강식품,T3 개념확장,4c2670e2-db60-47ed-9d4b-1a471bb2196a,태양인삼사,수삼,풍기인삼시장,전통시장,경상북도,,,
ca8157921c0bf1b38f25,full_annotation_v1,A,q_건강식품_05,수삼,식료품 중 '건강식품'을 판매·제공하는 매장,test,건강식품,T3 개념확장,89c4f49b-e645-4823-bd0f-86f5b42fa9b2,토종인삼사,수삼,금산약초시장,전통시장,충청남도,,,
31fe382ed41166e1e3d7,full_annotation_v1,A,q_건강식품_05,수삼,식료품 중 '건강식품'을 판매·제공하는 매장,test,건강식품,T3 개념확장,b83de26b-d47a-4e50-bf54-9bca13a92b9b,금산수삼센터,수삼,금산수삼센터,전통시장,충청남도,,,
8a2984453dd42ed416b9,full_annotation_v1,A,q_건강식품_05,수삼,식료품 중 '건강식품'을 판매·제공하는 매장,test,건강식품,T3 개념확장,49b7cd2c-95da-4047-9fc9-817168c33ddd,금산수삼센타29,수삼,금산수삼센터,전통시장,충청남도,,,
283253f43f946c0ea8c9,full_annotation_v1,A,q_건강식품_05,수삼,식료품 중 '건강식품'을 판매·제공하는 매장,test,건강식품,T3 개념확장,530a8e05-b099-49bb-b078-7892b903892d,금산수삼센타37호,수삼,금산수삼센터,전통시장,충청남도,,,
473e6662c4f9b8cc600d,full_annotation_v1,A,q_건강식품_05,수삼,식료품 중 '건강식품'을 판매·제공하는 매장,test,건강식품,T3 개념확장,137eb5f8-0671-4e35-855b-9f8bdde56d74,금산수삼센터1호,수삼,금산수삼센터,전통시장,충청남도,,,
e389cdd6d65ec7957853,full_annotation_v1,A,q_건강식품_05,수삼,식료품 중 '건강식품'을 판매·제공하는 매장,test,건강식품,T3 개념확장,3aa3bae8-b2be-47df-be05-9a6af21148d6,굴림샤브 &콩국수,칼국수,신대지구상가,자율상권구역,전라남도,,,
66f8d0d6e3682c4ade60,full_annotation_v1,A,q_건강식품_05,수삼,식료품 중 '건강식품'을 판매·제공하는 매장,test,건강식품,T3 개념확장,395b613a-7288-441a-b257-58a291b3655a,금산수삼센타84호,수삼,금산수삼센터,전통시장,충청남도,,,
7d5014ebc53533fe1c9d,full_annotation_v1,A,q_건강식품_05,수삼,식료품 중 '건강식품'을 판매·제공하는 매장,test,건강식품,T3 개념확장,4521bae5-0ca6-4f3f-b115-b33742b6a4cb,금산수삼센터82호,수삼,금산수삼센터,전통시장,충청남도,,,
fb9bd4034779dec4c754,full_annotation_v1,A,q_건강식품_05,수삼,식료품 중 '건강식품'을 판매·제공하는 매장,test,건강식품,T3 개념확장,0112a558-2787-41dc-ae68-695e60c4930c,해동그랜드약국,약국,전곡시장,전통시장,서울특별시,,,
455fac508de90d3d9a6c,full_annotation_v1,A,q_건강식품_05,수삼,식료품 중 '건강식품'을 판매·제공하는 매장,test,건강식품,T3 개념확장,7f503693-c115-490c-be62-e86eb061ef75,수매장41호,수삼,금산수삼센터,전통시장,충청남도,,,
c225d9ffdaddb40868e1,full_annotation_v1,A,q_건강식품_05,수삼,식료품 중 '건강식품'을 판매·제공하는 매장,test,건강식품,T3 개념확장,4364186f-8bee-4633-bb26-2606a9b75908,한보인삼사,수삼,풍기인삼시장,전통시장,경상북도,,,
c8cc164117472ec89811,full_annotation_v1,A,q_건강식품_05,수삼,식료품 중 '건강식품'을 판매·제공하는 매장,test,건강식품,T3 개념확장,002c02f2-4428-4a84-a248-7b23ae109459,정관장 반석점,홍삼건강식품,지족반석 골목형상점가,골목형상점가,대전광역시,,,
dd37117a6d4682f34604,full_annotation_v1,A,q_건강식품_05,수삼,식료품 중 '건강식품'을 판매·제공하는 매장,test,건강식품,T3 개념확장,642df609-b8c8-412b-bead-66404b882651,금산수삼센타,수삼,금산수삼센터,전통시장,충청남도,,,
44a8548903c9e085d6e7,full_annotation_v1,A,q_건강식품_05,수삼,식료품 중 '건강식품'을 판매·제공하는 매장,test,건강식품,T3 개념확장,00339341-0652-4ec2-abc9-9cfd99cfafd8,정관장 화서시장점,건강기능식품,화서시장,전통시장,경기도,,,
08a328f5b52e33bcea63,full_annotation_v1,A,q_건강식품_05,수삼,식료품 중 '건강식품'을 판매·제공하는 매장,test,건강식품,T3 개념확장,009bd725-6319-41ec-87fb-f904d54243ca,현대인삼,"홍삼, 인삼",경동시장,전통시장,서울특별시,,,
38ae132180d5b9fd2fcd,full_annotation_v1,A,q_건강식품_05,수삼,식료품 중 '건강식품'을 판매·제공하는 매장,test,건강식품,T3 개념확장,00140fab-ec56-4d81-8a03-d3d4aa8d5a49,계령약국,의약품,성대시장골목형상점가,골목형상점가,서울특별시,,,
65a7c35d63f982020bed,full_annotation_v1,A,q_건강식품_05,수삼,식료품 중 '건강식품'을 판매·제공하는 매장,test,건강식품,T3 개념확장,9c9d3f91-3c45-4f33-99e7-a104b1cbdc0f,짬뽕중심,중식,삼각동 골목형상점가,골목형상점가,광주광역시,,,
d22c4952239722171983,full_annotation_v1,A,q_건강식품_05,수삼,식료품 중 '건강식품'을 판매·제공하는 매장,test,건강식품,T3 개념확장,0048134e-4060-4bf0-bffb-0cac8a53f2d8,사랑의뜰안 북광주점,건강기능식품,운암대자골 골목형상점가,골목형상점가,광주광역시,,,
b80234777d3c964a2898,full_annotation_v1,A,q_건강식품_05,수삼,식료품 중 '건강식품'을 판매·제공하는 매장,test,건강식품,T3 개념확장,357b2edf-bae6-4d8d-8e6a-a8cb57c0943c,도매38호,수삼,금산수삼센터,전통시장,충청남도,,,
d13adacfa24224da55b1,full_annotation_v1,A,q_건강식품_05,수삼,식료품 중 '건강식품'을 판매·제공하는 매장,test,건강식품,T3 개념확장,a064ffbf-84ec-4d15-b915-21861937d006,금산수삼센터17호,수삼,금산수삼센터,전통시장,충청남도,,,
aba13d19ceaebbe05674,full_annotation_v1,A,q_건강식품_05,수삼,식료품 중 '건강식품'을 판매·제공하는 매장,test,건강식품,T3 개념확장,7b9b09fa-8327-4e3a-8579-49d91871ba74,금산수산센터15호,수삼,금산수삼센터,전통시장,충청남도,,,
306a4768e909b0339d45,full_annotation_v1,A,q_건강식품_05,수삼,식료품 중 '건강식품'을 판매·제공하는 매장,test,건강식품,T3 개념확장,01befe6d-bfd6-4c6f-be43-d02efffe1dd1,성덕인삼,인삼,부전인삼시장,전통시장,부산광역시,,,
08fb311f1278a44c38bb,full_annotation_v1,A,q_건강식품_05,수삼,식료품 중 '건강식품'을 판매·제공하는 매장,test,건강식품,T3 개념확장,00bd78a7-2a89-48d4-b7ec-efe5116ce2a4,반월당경북약국,약국,메트로센터(반월당지하쇼핑),일반지하상점가,대구광역시,,,
db2eba3575caded172ce,full_annotation_v1,A,q_건강식품_05,수삼,식료품 중 '건강식품'을 판매·제공하는 매장,test,건강식품,T3 개념확장,0fcba534-b523-4d5c-a028-4278c9b3d8d1,금산수삼센타,수삼,금산수삼센터,전통시장,충청남도,,,
95e8eab9491e8610285c,full_annotation_v1,A,q_건강식품_05,수삼,식료품 중 '건강식품'을 판매·제공하는 매장,test,건강식품,T3 개념확장,0bdbd475-0f7d-418e-89ae-b5ea2015b849,노르디스크원주점,구두,원주중앙시장활성화구역,상권활성화구역,강원특별자치도,,,
d8a13f8a758805a56ced,full_annotation_v1,A,q_건강식품_05,수삼,식료품 중 '건강식품'을 판매·제공하는 매장,test,건강식품,T3 개념확장,d4dad115-b641-4e4b-bf3a-0bbfea318ac6,금산수삼센타86,수삼,금산수삼센터,전통시장,충청남도,,,
e8670d7627f20f975817,full_annotation_v1,A,q_건강식품_05,수삼,식료품 중 '건강식품'을 판매·제공하는 매장,test,건강식품,T3 개념확장,2698af2d-f7d3-43b8-a5de-de83366d4600,수삼센터70호,수삼,금산수삼센터,전통시장,충청남도,,,
ff3bf66c12ed0ca3f51d,full_annotation_v1,A,q_건강식품_05,수삼,식료품 중 '건강식품'을 판매·제공하는 매장,test,건강식품,T3 개념확장,b19ca973-8418-4553-8cdc-04a1ff3705f8,금산수삼센터18호,수삼,금산수삼센터,전통시장,충청남도,,,
958422a850f0b2fd4561,full_annotation_v1,A,q_건강식품_05,수삼,식료품 중 '건강식품'을 판매·제공하는 매장,test,건강식품,T3 개념확장,02be019a-4b05-4459-818a-e5e816fa0c03,수삼센터 38호,수삼,금산수삼센터,전통시장,충청남도,,,
8f2fbf2e186dc4bc697a,full_annotation_v1,A,q_건강식품_05,수삼,식료품 중 '건강식품'을 판매·제공하는 매장,test,건강식품,T3 개념확장,6c3ab275-8bdf-488d-a7ac-0361369cf22a,수삼센터89호,수삼,금산수삼센터,전통시장,충청남도,,,
0c169d228e26675c9e96,full_annotation_v1,A,q_건강식품_05,수삼,식료품 중 '건강식품'을 판매·제공하는 매장,test,건강식품,T3 개념확장,980a310c-0785-4317-9e02-a6157feba947,금산수삼센타,수삼,금산수삼센터,전통시장,충청남도,,,
1e1e2b851d9631d7497c,full_annotation_v1,A,q_건강식품_05,수삼,식료품 중 '건강식품'을 판매·제공하는 매장,test,건강식품,T3 개념확장,3a089deb-5253-460b-83ed-842b01a6596e,금산수삼센터20호,수삼,금산수삼센터,전통시장,충청남도,,,
bababc1706377bd351f2,full_annotation_v1,A,q_건강식품_05,수삼,식료품 중 '건강식품'을 판매·제공하는 매장,test,건강식품,T3 개념확장,908d6a12-75cc-4651-9d50-3fa2a4e210ac,현대만석인삼사,수삼,풍기인삼시장,전통시장,경상북도,,,
1732827a6bbcea646703,full_annotation_v1,A,q_건강식품_05,수삼,식료품 중 '건강식품'을 판매·제공하는 매장,test,건강식품,T3 개념확장,25112fef-e129-40a4-9363-6304d6f2dc31,천하인삼사,수삼,풍기인삼시장,전통시장,경상북도,,,
abfe83f2b3b5c5a9882b,full_annotation_v1,A,q_건강식품_05,수삼,식료품 중 '건강식품'을 판매·제공하는 매장,test,건강식품,T3 개념확장,5f5092e0-c478-40b3-85bf-85b54354710c,금산수삼센터,수삼,금산수삼센터,전통시장,충청남도,,,
5014f04c3d9674160fb9,full_annotation_v1,A,q_건강식품_05,수삼,식료품 중 '건강식품'을 판매·제공하는 매장,test,건강식품,T3 개념확장,e0385651-6299-4874-aa4d-8078b8d31f05,금산수삼센터,수삼,금산수삼센터,전통시장,충청남도,,,
33b3b94b79d36db9d27d,full_annotation_v1,A,q_건강식품_05,수삼,식료품 중 '건강식품'을 판매·제공하는 매장,test,건강식품,T3 개념확장,c10735b6-e0a2-40af-9c9f-e4c9e77a964d,수삼센터 61호,수삼,금산수삼센터,전통시장,충청남도,,,
3d7034b18e8058352d06,full_annotation_v1,A,q_건강식품_05,수삼,식료품 중 '건강식품'을 판매·제공하는 매장,test,건강식품,T3 개념확장,be86d2c4-487e-4dd8-b65f-0d623aec5610,금산수삼센타47호,수삼,금산수삼센터,전통시장,충청남도,,,
6470b1b6455d1924b86c,full_annotation_v1,A,q_건강식품_05,수삼,식료품 중 '건강식품'을 판매·제공하는 매장,test,건강식품,T3 개념확장,3b00a30a-6a17-4e5a-9ef7-ec86a7610856,커피살롱in신대리,커피 음료,신대지구상가,자율상권구역,전라남도,,,
d08e32d61b0a8b9f884d,full_annotation_v1,A,q_건강식품_05,수삼,식료품 중 '건강식품'을 판매·제공하는 매장,test,건강식품,T3 개념확장,8388cf4c-d21d-48f2-8ff8-e0c9040c3b78,금산수삼센타,수삼,금산수삼센터,전통시장,충청남도,,,
5b3373c41dfb6f36c032,full_annotation_v1,A,q_건강식품_05,수삼,식료품 중 '건강식품'을 판매·제공하는 매장,test,건강식품,T3 개념확장,55576fe3-4e4f-47ae-83b1-fe6750510d2e,수매장2호,수삼,금산수삼센터,전통시장,충청남도,,,
0cd800f315956e27b7ce,full_annotation_v1,A,q_건강식품_05,수삼,식료품 중 '건강식품'을 판매·제공하는 매장,test,건강식품,T3 개념확장,000db6d6-585c-4aba-94e7-fc6a23a694fb,시민약국,의약품,문경중앙시장,전통시장,경상북도,,,
4d68588a41b88b73240f,full_annotation_v1,A,q_건강식품_05,수삼,식료품 중 '건강식품'을 판매·제공하는 매장,test,건강식품,T3 개념확장,7a5a327b-3dbe-4d4e-b8b5-940f0ac9338f,파오,간이음식,삼각동 골목형상점가,골목형상점가,광주광역시,,,
75f1c4bc53c5da2b8ac2,full_annotation_v1,A,q_건강식품_05,수삼,식료품 중 '건강식품'을 판매·제공하는 매장,test,건강식품,T3 개념확장,4ffd04c1-dcf3-4302-ae28-aa6868eb4ee2,금산수삼센터79호,수삼,금산수삼센터,전통시장,충청남도,,,
c82042ef0a12abdb9bf6,full_annotation_v1,A,q_건강식품_05,수삼,식료품 중 '건강식품'을 판매·제공하는 매장,test,건강식품,T3 개념확장,5b73b6d7-ce89-4008-b63e-c628cee5515c,금산수삼센타69호,수삼,금산수삼센터,전통시장,충청남도,,,
7453c5f5834678d2a1ac,full_annotation_v1,A,q_건강식품_05,수삼,식료품 중 '건강식품'을 판매·제공하는 매장,test,건강식품,T3 개념확장,9b6552a4-2256-40f5-b5b4-f723d6741816,고려수삼13호,수삼,금산수삼센터,전통시장,충청남도,,,
82050411b59b7a7f51f6,full_annotation_v1,A,q_건강식품_05,수삼,식료품 중 '건강식품'을 판매·제공하는 매장,test,건강식품,T3 개념확장,fbafa979-dcb9-4297-bd18-8f5ef6b4efab,금산수삼센타50호,수삼,금산수삼센터,전통시장,충청남도,,,
8c2e10037f7af52272b6,full_annotation_v1,A,q_건강식품_05,수삼,식료품 중 '건강식품'을 판매·제공하는 매장,test,건강식품,T3 개념확장,6a0ef589-2765-4512-861c-eb7be3b425cc,금산수삼센터1호,수삼,금산수삼센터,전통시장,충청남도,,,
d769a8cfff6977d78a39,full_annotation_v1,A,q_건강식품_05,수삼,식료품 중 '건강식품'을 판매·제공하는 매장,test,건강식품,T3 개념확장,86143f25-244b-415f-af58-5a34db8c09cc,BNC치과의원,치과,뉴월드프라자골목형상점가,골목형상점가,경기도,,,
3a4cbcbf0c55b616c596,full_annotation_v1,A,q_건강식품_05,수삼,식료품 중 '건강식품'을 판매·제공하는 매장,test,건강식품,T3 개념확장,001961d9-cb5d-40bc-903a-33d483f7d132,헬씨스탠다드,"건강기능식품, 쌀, 견과류, 약재",응암소담길 골목형상점가,골목형상점가,서울특별시,,,
8aff1345bd760539e892,full_annotation_v1,A,q_건강식품_05,수삼,식료품 중 '건강식품'을 판매·제공하는 매장,test,건강식품,T3 개념확장,84c1ff59-a3ac-436d-b104-803a6f121f11,금산수삼센터88호,수삼,금산수삼센터,전통시장,충청남도,,,
4a5583ffb8089c04b92b,full_annotation_v1,A,q_건강식품_05,수삼,식료품 중 '건강식품'을 판매·제공하는 매장,test,건강식품,T3 개념확장,56595ebc-547e-4838-b328-f460dc198303,고려수삼,수삼,금산수삼시장,전통시장,충청남도,,,
866e6e86e7025db7fd45,full_annotation_v1,A,q_건강식품_05,수삼,식료품 중 '건강식품'을 판매·제공하는 매장,test,건강식품,T3 개념확장,e072ca46-1a87-4375-8087-3825b357be4b,제일수산,,마산어시장,전통시장,경상남도,,,
446a1bd9b19be13844bc,full_annotation_v1,A,q_건강식품_05,수삼,식료품 중 '건강식품'을 판매·제공하는 매장,test,건강식품,T3 개념확장,143a98cb-6007-4fd1-94cc-c09087ba239e,별도깨비포장맛차 양산점,한식,양산 나래메트로시티 골목형상점가,골목형상점가,경상남도,,,
4be4ec2292d9046daafc,full_annotation_v1,A,q_건강식품_05,수삼,식료품 중 '건강식품'을 판매·제공하는 매장,test,건강식품,T3 개념확장,17124fb5-986b-4949-9dc9-a95fb367fc66,금산수삼센타,수삼,금산수삼센터,전통시장,충청남도,,,
f20d7f49d2e1e4e55fb6,full_annotation_v1,A,q_건강식품_05,수삼,식료품 중 '건강식품'을 판매·제공하는 매장,test,건강식품,T3 개념확장,0d863b56-4ff8-43ba-8eb0-aae684ad2698,풍기인견,인견,문창시장,전통시장,대전광역시,,,
a7eb2363f58193d3010a,full_annotation_v1,A,q_건강식품_05,수삼,식료품 중 '건강식품'을 판매·제공하는 매장,test,건강식품,T3 개념확장,019ac829-9ffd-42aa-bfd1-9da1dfba52e2,바디엔 약국,,남악1번가 골목형상점가,골목형상점가,,,,
03f421ed9f364333fb3e,full_annotation_v1,A,q_건강식품_05,수삼,식료품 중 '건강식품'을 판매·제공하는 매장,test,건강식품,T3 개념확장,14dc4908-3fd3-4f34-a144-ccd8f86b7a7a,토종인삼 22,수삼,금산수삼시장,전통시장,충청남도,,,
48217df1eb30b7cc6750,full_annotation_v1,A,q_건강식품_05,수삼,식료품 중 '건강식품'을 판매·제공하는 매장,test,건강식품,T3 개념확장,faed76a7-8aff-41fe-bd72-898d3cb996eb,수삼센터 수매장39호,수삼,금산수삼센터,전통시장,충청남도,,,
616a88124a367b68b4e7,full_annotation_v1,A,q_건강식품_06,칡즙,식료품 중 '건강식품'을 판매·제공하는 매장,test,건강식품,T3 개념확장,c939ad51-9ba2-4e74-900b-54d5adc82a11,착한건강원,홍삼 배도라지즙 각종과일즙 한방약차 등,주월1동회재로 골목형상점가,골목형상점가,광주광역시,,,
1224b1758c6fb6553e7d,full_annotation_v1,A,q_건강식품_06,칡즙,식료품 중 '건강식품'을 판매·제공하는 매장,test,건강식품,T3 개념확장,055443a0-8c7d-49db-9ff8-4eed7090a23b,채전밭,비트즙,건천시장,전통시장,경상북도,,,
78a62857b96bb6828bcf,full_annotation_v1,A,q_건강식품_06,칡즙,식료품 중 '건강식품'을 판매·제공하는 매장,test,건강식품,T3 개념확장,ec3c2781-e575-4227-a10f-2f160b44c422,손치과의원,치과 의료,뚝섬역상점가(서울숲상원길상점가),자율상권구역,서울특별시,,,
5506954faa8ced9d62f3,full_annotation_v1,A,q_건강식품_06,칡즙,식료품 중 '건강식품'을 판매·제공하는 매장,test,건강식품,T3 개념확장,000db6d6-585c-4aba-94e7-fc6a23a694fb,시민약국,의약품,문경중앙시장,전통시장,경상북도,,,
85d69cdb8b4ae824ff5c,full_annotation_v1,A,q_건강식품_06,칡즙,식료품 중 '건강식품'을 판매·제공하는 매장,test,건강식품,T3 개념확장,004b2dbc-a37a-4c33-8661-ca25a873ac90,중앙인삼사,인삼,통영중앙전통시장,전통시장,경상남도,,,
5ba318943b49e14744e1,full_annotation_v1,A,q_건강식품_06,칡즙,식료품 중 '건강식품'을 판매·제공하는 매장,test,건강식품,T3 개념확장,687311e2-e474-40e0-9001-5a585e0d3c66,화순건강원,각종즙,화순고인돌전통시장,전통시장,전라남도,,,
adb76d35c7b1e4b24bef,full_annotation_v1,A,q_건강식품_06,칡즙,식료품 중 '건강식품'을 판매·제공하는 매장,test,건강식품,T3 개념확장,00e92856-b294-4032-8540-d60e9817f2d8,럭키약국,"의약품, 건강기능식품, 식품",충무로골목형상점가,골목형상점가,서울특별시,,,
8640993c12de91ae6146,full_annotation_v1,A,q_건강식품_06,칡즙,식료품 중 '건강식품'을 판매·제공하는 매장,test,건강식품,T3 개념확장,8afb05e0-29d5-461a-a83f-8ec545f2bcfb,동산건강원,양파즙,무안전통시장,전통시장,전라남도,,,
a7efc7b24b9b962042f2,full_annotation_v1,A,q_건강식품_06,칡즙,식료품 중 '건강식품'을 판매·제공하는 매장,test,건강식품,T3 개념확장,027cecd7-d8bb-40f9-9532-06a27b7792e9,정관장홍삼 내손동점,홍삼,의왕예술의거리골목형상점가,골목형상점가,경기도,,,
5f18f98e8942a64cc14a,full_annotation_v1,A,q_건강식품_06,칡즙,식료품 중 '건강식품'을 판매·제공하는 매장,test,건강식품,T3 개념확장,45eca081-cc37-40d5-834e-2dcbc5688357,수완푸른녹즙,음료품배달,흑석동 골목형상점가,골목형상점가,광주광역시,,,
5287f60ce9a76ea27837,full_annotation_v1,A,q_건강식품_06,칡즙,식료품 중 '건강식품'을 판매·제공하는 매장,test,건강식품,T3 개념확장,00bd78a7-2a89-48d4-b7ec-efe5116ce2a4,반월당경북약국,약국,메트로센터(반월당지하쇼핑),일반지하상점가,대구광역시,,,
41fe759be0be419f3419,full_annotation_v1,A,q_건강식품_06,칡즙,식료품 중 '건강식품'을 판매·제공하는 매장,test,건강식품,T3 개념확장,abf6eefc-085e-426d-9996-3c01587d4766,허준과심마니,"약초, 칡등",속초중앙전통시장,전통시장,강원특별자치도,,,
e131737785cfe531bbb4,full_annotation_v1,A,q_건강식품_06,칡즙,식료품 중 '건강식품'을 판매·제공하는 매장,test,건강식품,T3 개념확장,206c9308-314d-4bb3-a036-0bcf0cd8119a,영천건강원,과채즙,민락골목시장,전통시장,부산광역시,,,
b8a080c409748f8403aa,full_annotation_v1,A,q_건강식품_06,칡즙,식료품 중 '건강식품'을 판매·제공하는 매장,test,건강식품,T3 개념확장,867a78e5-a666-4c50-9d49-28cd75de4a98,성우물산,대추즙,연산전통시장,전통시장,충청남도,,,
75d0cbe2fc7c0720cb1d,full_annotation_v1,A,q_건강식품_06,칡즙,식료품 중 '건강식품'을 판매·제공하는 매장,test,건강식품,T3 개념확장,0746e35e-57ca-4d1b-a575-461aaa02ab04,강동상사,건어물 건조된 농 수산물,암사종합시장,전통시장,서울특별시,,,
46d46226d1f20597d3f2,full_annotation_v1,A,q_건강식품_06,칡즙,식료품 중 '건강식품'을 판매·제공하는 매장,test,건강식품,T3 개념확장,792eb352-1b51-4c39-a911-906bb1620e6f,조선건강원,즙,신도꼼지락시장,전통시장,대전광역시,,,
ca2bc3c0234e4669ce9d,full_annotation_v1,A,q_건강식품_06,칡즙,식료품 중 '건강식품'을 판매·제공하는 매장,test,건강식품,T3 개념확장,00339341-0652-4ec2-abc9-9cfd99cfafd8,정관장 화서시장점,건강기능식품,화서시장,전통시장,경기도,,,
45ce586153e7ad3bd56a,full_annotation_v1,A,q_건강식품_06,칡즙,식료품 중 '건강식품'을 판매·제공하는 매장,test,건강식품,T3 개념확장,ddf55c9f-b65d-4c90-96f8-c7ec9225c715,영광건강원,즙,오천시장,전통시장,경상북도,,,
70679515f2d8e07c30b4,full_annotation_v1,A,q_건강식품_06,칡즙,식료품 중 '건강식품'을 판매·제공하는 매장,test,건강식품,T3 개념확장,00768c91-a678-4fbc-a372-a2ee0260218f,수택온누리약국,,구리시 구도심 상권활성화구역,상권활성화구역,경기도,,,
a0b98545e5c69d9fbbf9,full_annotation_v1,A,q_건강식품_06,칡즙,식료품 중 '건강식품'을 판매·제공하는 매장,test,건강식품,T3 개념확장,a6566103-1f5d-4353-90ab-7d8000e455e9,거먹골 칡냉면,냉면,광교매탄 골목형상점가,골목형상점가,경기도,,,
8d864a6d8d5657db440e,full_annotation_v1,A,q_건강식품_06,칡즙,식료품 중 '건강식품'을 판매·제공하는 매장,test,건강식품,T3 개념확장,62ea6b0d-83db-4446-8a56-d5c0534668cd,태백칡냉면,칡냉면,엄사 골목형상점가,골목형상점가,충청남도,,,
9428ce862ce55e402578,full_annotation_v1,A,q_건강식품_06,칡즙,식료품 중 '건강식품'을 판매·제공하는 매장,test,건강식품,T3 개념확장,023caced-6133-4a64-839b-a1c69c27bb87,정관장과천점,소매업(홍삼제품),별양동상점가,자율상권구역,경기도,,,
bdcb2bf63ff5d621f26e,full_annotation_v1,A,q_건강식품_06,칡즙,식료품 중 '건강식품'을 판매·제공하는 매장,test,건강식품,T3 개념확장,d54ff6a6-e8ae-4993-815e-292b0487f20d,금가락지,귀금속,동산상가,전통시장,대구광역시,,,
f2c525f36538418c59aa,full_annotation_v1,A,q_건강식품_06,칡즙,식료품 중 '건강식품'을 판매·제공하는 매장,test,건강식품,T3 개념확장,399ccba3-1434-45c4-897b-17e5d51bc3eb,선동초장1호점,초장집,울산농수산물도매시장 수산소매동,골목형상점가,울산광역시,,,
bb6356442bef4d586491,full_annotation_v1,A,q_건강식품_06,칡즙,식료품 중 '건강식품'을 판매·제공하는 매장,test,건강식품,T3 개념확장,c58e0424-6ef9-4b34-b63a-1b32f19962a1,한우리축산,정육,신성전통시장,전통시장,서울특별시,,,
96da518cfcce96901d47,full_annotation_v1,A,q_건강식품_06,칡즙,식료품 중 '건강식품'을 판매·제공하는 매장,test,건강식품,T3 개념확장,c161c9c4-2edd-48a0-bbf5-fdf94425a6e4,영구건강원,건강즙,삼례시장,전통시장,전북특별자치도,,,
337b31d2900d5e4d302c,full_annotation_v1,A,q_건강식품_06,칡즙,식료품 중 '건강식품'을 판매·제공하는 매장,test,건강식품,T3 개념확장,016f8113-22a7-4ef1-a80f-0562dd2a06e9,동이식품,"식품, 농산물",중앙신시장,전통시장,경상북도,,,
09fa34ce085fa26b3d77,full_annotation_v1,A,q_건강식품_06,칡즙,식료품 중 '건강식품'을 판매·제공하는 매장,test,건강식품,T3 개념확장,ec90cb2f-98ba-454c-bae4-7c7dd8c4b727,진월건강원,배즙,광양5일시장,전통시장,,,,
40e6d9292c357a840001,full_annotation_v1,A,q_건강식품_06,칡즙,식료품 중 '건강식품'을 판매·제공하는 매장,test,건강식품,T3 개념확장,00b6e321-5954-437c-b1d9-94fded29f67e,웰빙마트,식품,서남신시장,전통시장,대구광역시,,,
e8103c52c9110e0b9248,full_annotation_v1,A,q_건강식품_06,칡즙,식료품 중 '건강식품'을 판매·제공하는 매장,test,건강식품,T3 개념확장,69b3517b-600d-427b-9b8c-751d7943f9e4,자연생활,약초즙 과일즙외 환류,내상로 골목형상점가,골목형상점가,광주광역시,,,
007a7143cdfbbdac54cf,full_annotation_v1,A,q_건강식품_06,칡즙,식료품 중 '건강식품'을 판매·제공하는 매장,test,건강식품,T3 개념확장,9d0d5631-b9c4-4675-bed4-b435afb27409,원미흑염소,건강즙,원미종합시장,전통시장,경기도,,,
3df8a19c5fc5af662ba9,full_annotation_v1,A,q_건강식품_06,칡즙,식료품 중 '건강식품'을 판매·제공하는 매장,test,건강식품,T3 개념확장,2222e0d5-6c0e-4ca4-b9ad-089d5106aecf,미소야채,야채,여수교동시장,전통시장,전라남도,,,
381e771eec3d5dd3e95b,full_annotation_v1,A,q_건강식품_06,칡즙,식료품 중 '건강식품'을 판매·제공하는 매장,test,건강식품,T3 개념확장,a9587758-0821-4f24-a82f-14a730823930,칡산에,보쌈,백년소상공인,기타,강원특별자치도,,,
7f3c36cf81c2f3affe0a,full_annotation_v1,A,q_건강식품_06,칡즙,식료품 중 '건강식품'을 판매·제공하는 매장,test,건강식품,T3 개념확장,0040b4e6-7b74-4175-b54d-add4fe693d49,메디팜보명당약국,"의약품, 의료욕구, 복지욕구, 의료기기",점촌역전상점가,자율상권구역,경상북도,,,
712d5631f6cda86803d1,full_annotation_v1,A,q_건강식품_06,칡즙,식료품 중 '건강식품'을 판매·제공하는 매장,test,건강식품,T3 개념확장,008b065b-181b-4891-95dc-7a77a7c143d1,혜화온누리약국,약국,유성도안 골목형상점가,골목형상점가,대전광역시,,,
dc0b48cc2922edaa8f68,full_annotation_v1,A,q_건강식품_06,칡즙,식료품 중 '건강식품'을 판매·제공하는 매장,test,건강식품,T3 개념확장,74a7247b-688c-4f0e-99a2-d262ca4220e9,금성 칡 냉면 금호점,한식,금화상인회 골목형상점가,골목형상점가,광주광역시,,,
c3065339cc2e9bed5e1a,full_annotation_v1,A,q_건강식품_06,칡즙,식료품 중 '건강식품'을 판매·제공하는 매장,test,건강식품,T3 개념확장,22d155b9-0d93-4679-85e6-7a2bec7a7267,설악칡냉면,칡냉면,용정 골목형상점가,골목형상점가,대전광역시,,,
3847b52d51690ccfcdfb,full_annotation_v1,A,q_건강식품_06,칡즙,식료품 중 '건강식품'을 판매·제공하는 매장,test,건강식품,T3 개념확장,2496486b-4892-47cc-a50f-514283c8bdad,영창건강원,추출가공품양파즙 배즙,학운 골목형상점가,골목형상점가,광주광역시,,,
a53a83db4bbe032b447d,full_annotation_v1,A,q_건강식품_06,칡즙,식료품 중 '건강식품'을 판매·제공하는 매장,test,건강식품,T3 개념확장,06fe7415-8daf-4f2f-bfb2-c99869da1e15,건강마을,각종즙,경산공설시장,전통시장,경상북도,,,
f8991cb911a3c3b8c980,full_annotation_v1,A,q_건강식품_06,칡즙,식료품 중 '건강식품'을 판매·제공하는 매장,test,건강식품,T3 개념확장,7b483336-b400-46c6-8c20-9e39c12ed10a,바다수산,활어회 해산물,청마로 골목형상점가,골목형상점가,인천광역시,,,
db7e71966b83432da4d8,full_annotation_v1,A,q_건강식품_06,칡즙,식료품 중 '건강식품'을 판매·제공하는 매장,test,건강식품,T3 개념확장,019ac829-9ffd-42aa-bfd1-9da1dfba52e2,바디엔 약국,,남악1번가 골목형상점가,골목형상점가,,,,
67a8768b0fbc4fc159dd,full_annotation_v1,A,q_건강식품_06,칡즙,식료품 중 '건강식품'을 판매·제공하는 매장,test,건강식품,T3 개념확장,0048134e-4060-4bf0-bffb-0cac8a53f2d8,사랑의뜰안 북광주점,건강기능식품,운암대자골 골목형상점가,골목형상점가,광주광역시,,,
830ad3fb6f3e6442e8c4,full_annotation_v1,A,q_건강식품_06,칡즙,식료품 중 '건강식품'을 판매·제공하는 매장,test,건강식품,T3 개념확장,c148ba22-40e5-4457-ae4f-0b8ec7457cd8,골든핸즈가든,예술품,북촌계동길골목형상점가,골목형상점가,서울특별시,,,
0c5148a0cc8883040ca2,full_annotation_v1,A,q_건강식품_06,칡즙,식료품 중 '건강식품'을 판매·제공하는 매장,test,건강식품,T3 개념확장,e1f15c02-626b-467a-959a-e15a844f26ad,무등흑염소,건강즙,대인시장,전통시장,광주광역시,,,
2d11b8ea5a526c50a1a7,full_annotation_v1,A,q_건강식품_06,칡즙,식료품 중 '건강식품'을 판매·제공하는 매장,test,건강식품,T3 개념확장,b6ce5a30-5f8d-432b-b509-63d9e9426047,쌍마상회,칡뿌리,경동시장,전통시장,서울특별시,,,
8f77beeda8dbc4c63d43,full_annotation_v1,A,q_건강식품_06,칡즙,식료품 중 '건강식품'을 판매·제공하는 매장,test,건강식품,T3 개념확장,d30b95e1-67ba-48ff-9326-22687fdf3561,성원건강원,즙,익산구시장,전통시장,전북특별자치도,,,
542d2451957974576f5e,full_annotation_v1,A,q_건강식품_06,칡즙,식료품 중 '건강식품'을 판매·제공하는 매장,test,건강식품,T3 개념확장,c13227b0-2a3d-4e5b-bf8a-6e96465167ae,소백상회,"기념품, 나물, 마, 칡",동문시장,전통시장,충청북도,,,
db2797cad0574d9ec6c2,full_annotation_v1,A,q_건강식품_06,칡즙,식료품 중 '건강식품'을 판매·제공하는 매장,test,건강식품,T3 개념확장,0f1f39a2-1d6f-4a67-96be-e064ead57313,삼진한과,쌀엿한과칡즙,창평전통시장,전통시장,전라남도,,,
5f84dee20ebaa7c8d141,full_annotation_v1,A,q_건강식품_06,칡즙,식료품 중 '건강식품'을 판매·제공하는 매장,test,건강식품,T3 개념확장,017027d8-dbc4-49d9-82f8-f16291770c91,강릉인삼사,인삼건강식품,경동시장,전통시장,서울특별시,,,
673aa73463e1d3cd5823,full_annotation_v1,A,q_건강식품_06,칡즙,식료품 중 '건강식품'을 판매·제공하는 매장,test,건강식품,T3 개념확장,01f1ff87-d7c5-4c13-b60e-937f9d6221fd,수삼센터 83호,인삼(수삼),금산수삼센터,전통시장,충청남도,,,
b5879230dadbdd8c14c9,full_annotation_v1,A,q_건강식품_06,칡즙,식료품 중 '건강식품'을 판매·제공하는 매장,test,건강식품,T3 개념확장,006929a4-6712-43ca-80d7-f540710009b5,삼송프라자약국,의약품 외 건강기능식품,신원권율3 골목형상점가,골목형상점가,경기도,,,
f975f2b23dc1c9120c07,full_annotation_v1,A,q_건강식품_06,칡즙,식료품 중 '건강식품'을 판매·제공하는 매장,test,건강식품,T3 개념확장,48016863-1eb6-4f8b-9b4e-afb7bf70d1e3,참선진녹즙 강릉대리점,녹즙,노암길골목형상점가,골목형상점가,강원특별자치도,,,
b26b786f490d62111a05,full_annotation_v1,A,q_건강식품_06,칡즙,식료품 중 '건강식품'을 판매·제공하는 매장,test,건강식품,T3 개념확장,57ef33bb-e147-492b-a46b-0224442d21b5,청산산삼,산약초즙,남부골목시장,전통시장,서울특별시,,,
b2a9741224af7eea6f5a,full_annotation_v1,A,q_건강식품_06,칡즙,식료품 중 '건강식품'을 판매·제공하는 매장,test,건강식품,T3 개념확장,94aff5a7-6e33-42c7-90a3-ae5ed6e70b9c,양산민물보양원,장어즙,부전기장골목시장,전통시장,부산광역시,,,
43bc3f87bcaa77425c29,full_annotation_v1,A,q_건강식품_06,칡즙,식료품 중 '건강식품'을 판매·제공하는 매장,test,건강식품,T3 개념확장,52d2e983-cb5f-4a26-aaa1-3215ec4f30cd,가장맛있는족발 본오점,일반 음식점업,샘골로골목형상점가,골목형상점가,경기도,,,
d559cda55f56bdc37c88,full_annotation_v1,A,q_건강식품_06,칡즙,식료품 중 '건강식품'을 판매·제공하는 매장,test,건강식품,T3 개념확장,fc824a90-9dd6-476c-b8e3-1a730ded81bc,칡상회,농산물 채소 약초등 소매업,청도공설시장,전통시장,경상북도,,,
4a92bf91b2bce86170ad,full_annotation_v1,A,q_건강식품_06,칡즙,식료품 중 '건강식품'을 판매·제공하는 매장,test,건강식품,T3 개념확장,02cd45e9-fe92-42d2-9ae1-da8fc01edbdb,(주)서울인삼유통,홍삼,경동시장,전통시장,서울특별시,,,
1c3a7b69f6828740df87,full_annotation_v1,A,q_건강식품_06,칡즙,식료품 중 '건강식품'을 판매·제공하는 매장,test,건강식품,T3 개념확장,1ce40298-aadf-4caa-90bc-f74d3a4eafdb,정관장 원당역점,홍삼,원당온누리 골목형상점가,골목형상점가,경기도,,,
f844b9f023e8e646db15,full_annotation_v1,A,q_건강식품_06,칡즙,식료품 중 '건강식품'을 판매·제공하는 매장,test,건강식품,T3 개념확장,00b64830-f897-4643-a5fa-6d8950c2ef89,낭만상회,식품,문산자유시장,전통시장,경기도,,,
9d3c1d698da4e96ac7a7,full_annotation_v1,A,q_건강식품_06,칡즙,식료품 중 '건강식품'을 판매·제공하는 매장,test,건강식품,T3 개념확장,9828e152-05fa-4a2d-a84e-4795ad445471,효자건강원,즙,원미금강 상점가,자율상권구역,경기도,,,
7a768ee4c0a74eefbead,full_annotation_v1,A,q_건강식품_06,칡즙,식료품 중 '건강식품'을 판매·제공하는 매장,test,건강식품,T3 개념확장,abd1b86d-7409-4ee2-8de3-94f9758e584f,송촌열쇠.철물,열쇠 등,송촌시장,전통시장,대전광역시,,,
213ea05bc24ee337ceab,full_annotation_v1,A,q_건강식품_06,칡즙,식료품 중 '건강식품'을 판매·제공하는 매장,test,건강식품,T3 개념확장,e80a2f52-678c-475b-bdf8-83b3e8861f19,자연담은건강원,건강원즙,서구청먹자골목상인회 골목형상점가,골목형상점가,광주광역시,,,
7e73ac16b1bd15c8e8d1,full_annotation_v1,A,q_건강식품_06,칡즙,식료품 중 '건강식품'을 판매·제공하는 매장,test,건강식품,T3 개념확장,0d1e5132-177c-499c-9470-0b2230c87597,권순희 생선,생선,안동구시장,전통시장,경상북도,,,
bb6ebd2726a666463ec8,full_annotation_v1,A,q_건강식품_06,칡즙,식료품 중 '건강식품'을 판매·제공하는 매장,test,건강식품,T3 개념확장,01befe6d-bfd6-4c6f-be43-d02efffe1dd1,성덕인삼,인삼,부전인삼시장,전통시장,부산광역시,,,
2edd5195db3f1073cd07,full_annotation_v1,A,q_건강식품_06,칡즙,식료품 중 '건강식품'을 판매·제공하는 매장,test,건강식품,T3 개념확장,5485d180-2bc5-4490-887b-8caaa9e76f39,평생건강원,즙,천안중앙시장,전통시장,충청남도,,,
0c325368007723baf061,full_annotation_v1,A,q_건강식품_06,칡즙,식료품 중 '건강식품'을 판매·제공하는 매장,test,건강식품,T3 개념확장,a8b7981d-a4e9-4b81-8126-2976958d6f36,뿌리건강원,즙,서동시장(창인시장),전통시장,전북특별자치도,,,
311e3a9b4dc6cf6f5570,full_annotation_v1,A,q_건강식품_06,칡즙,식료품 중 '건강식품'을 판매·제공하는 매장,test,건강식품,T3 개념확장,3813d137-f8fb-4c7c-a8cf-94c9d2e4c451,다사랑건강즙,건강즙,목행시장,전통시장,충청북도,,,
cc654cebdc30ddb63779,full_annotation_v1,A,q_건강식품_06,칡즙,식료품 중 '건강식품'을 판매·제공하는 매장,test,건강식품,T3 개념확장,00140fab-ec56-4d81-8a03-d3d4aa8d5a49,계령약국,의약품,성대시장골목형상점가,골목형상점가,서울특별시,,,
12ff8f3e30895725a563,full_annotation_v1,A,q_건강식품_06,칡즙,식료품 중 '건강식품'을 판매·제공하는 매장,test,건강식품,T3 개념확장,6b66ed39-8412-468e-a966-f38324b1fce1,서구제3특판녹즙,녹즙,세은 골목형상점가,골목형상점가,광주광역시,,,
8986021b2c28930e0ce0,full_annotation_v1,A,q_건강식품_06,칡즙,식료품 중 '건강식품'을 판매·제공하는 매장,test,건강식품,T3 개념확장,950ddbb8-7cb5-47c8-aa8b-1fcbec7661d5,서천상회,마늘,전주풍남문상점가,자율상권구역,전북특별자치도,,,
b3b3aa9e673b55255079,full_annotation_v1,A,q_건강식품_06,칡즙,식료품 중 '건강식품'을 판매·제공하는 매장,test,건강식품,T3 개념확장,01049348-bdd8-4303-a750-8f85f7029a84,사랑의손효소마을,건강식품,구미형곡시장프라자,전통시장,경상북도,,,
22a3d8a616437e99a960,full_annotation_v1,A,q_건강식품_06,칡즙,식료품 중 '건강식품'을 판매·제공하는 매장,test,건강식품,T3 개념확장,68468499-6c46-4d0b-a3e1-a8230b82b0a4,넉넉한사람들,사과생즙,박달재전통시장,전통시장,충청북도,,,
7094fd1dbf9f3be1d709,full_annotation_v1,A,q_건강식품_06,칡즙,식료품 중 '건강식품'을 판매·제공하는 매장,test,건강식품,T3 개념확장,002c02f2-4428-4a84-a248-7b23ae109459,정관장 반석점,홍삼건강식품,지족반석 골목형상점가,골목형상점가,대전광역시,,,
83c2a5d49f3f45e936ba,full_annotation_v1,A,q_건강식품_06,칡즙,식료품 중 '건강식품'을 판매·제공하는 매장,test,건강식품,T3 개념확장,a867198a-c38e-48af-b5f6-d3f25ddf49cc,지리산칡생즙약초,칡,하동 화개장터,전통시장,경상남도,,,
31c6aae8a2802c9ccc5c,full_annotation_v1,A,q_건강식품_06,칡즙,식료품 중 '건강식품'을 판매·제공하는 매장,test,건강식품,T3 개념확장,009bd725-6319-41ec-87fb-f904d54243ca,현대인삼,"홍삼, 인삼",경동시장,전통시장,서울특별시,,,
29f138b09b598458c4a4,full_annotation_v1,A,q_건강식품_06,칡즙,식료품 중 '건강식품'을 판매·제공하는 매장,test,건강식품,T3 개념확장,964986f9-15fe-4e57-bf51-421aead1c8ec,착한벌교꼬막고잔점,꼬막,고잔뜰 상점가,자율상권구역,경기도,,,
e53089cbbc431764914e,full_annotation_v1,A,q_건강식품_06,칡즙,식료품 중 '건강식품'을 판매·제공하는 매장,test,건강식품,T3 개념확장,655fd722-60c7-41cd-90aa-065054ae7acc,월봉옹기건강원,즙,대왕암 월봉시장,전통시장,울산광역시,,,
3a5f14f3de2af7375feb,full_annotation_v1,A,q_건강식품_06,칡즙,식료품 중 '건강식품'을 판매·제공하는 매장,test,건강식품,T3 개념확장,0112a558-2787-41dc-ae68-695e60c4930c,해동그랜드약국,약국,전곡시장,전통시장,서울특별시,,,
a2995313ef71e9d5b553,full_annotation_v1,A,q_건강식품_06,칡즙,식료품 중 '건강식품'을 판매·제공하는 매장,test,건강식품,T3 개념확장,548e33f2-ae50-45ea-bb87-066e16284028,시장건강원,칡즙 붕어 홍삼 즙,서천시장거리 골목형상점가,골목형상점가,충청남도,,,
212cb507e1c0c0ff9b85,full_annotation_v1,A,q_건강식품_06,칡즙,식료품 중 '건강식품'을 판매·제공하는 매장,test,건강식품,T3 개념확장,001961d9-cb5d-40bc-903a-33d483f7d132,헬씨스탠다드,"건강기능식품, 쌀, 견과류, 약재",응암소담길 골목형상점가,골목형상점가,서울특별시,,,
4c8d5c20e954076ed13f,full_annotation_v1,A,q_건강식품_06,칡즙,식료품 중 '건강식품'을 판매·제공하는 매장,test,건강식품,T3 개념확장,008a831c-1fd3-4b7c-96c1-0e92332ccbf3,명성약국,의약품,공주산성시장,전통시장,충청남도,,,
1485f433b2d90a7e6ea2,full_annotation_v1,A,q_건강식품_06,칡즙,식료품 중 '건강식품'을 판매·제공하는 매장,test,건강식품,T3 개념확장,0bf42dc9-d9b4-4572-8f3e-f2aac69e02cd,크린토피아 대전노은동아점,세탁,은구비서로사회적협동조합 골목형상점가,골목형상점가,대전광역시,,,
61178e163e386a977b8c,full_annotation_v1,A,q_건강식품_06,칡즙,식료품 중 '건강식품'을 판매·제공하는 매장,test,건강식품,T3 개념확장,3632afa4-f7cc-4392-a6a2-18df1739b5d8,동평화 BYC,잡화,동평화시장(동평화패션타운),전통시장,서울특별시,,,
593a8d0c3ac1204480f3,full_annotation_v1,A,q_건강식품_07,건강즙 짜는 곳,식료품 중 '건강식품'을 판매·제공하는 매장,test,건강식품,T4 구어·문장,000db6d6-585c-4aba-94e7-fc6a23a694fb,시민약국,의약품,문경중앙시장,전통시장,경상북도,,,
350fe8d7fa61c67229f2,full_annotation_v1,A,q_건강식품_07,건강즙 짜는 곳,식료품 중 '건강식품'을 판매·제공하는 매장,test,건강식품,T4 구어·문장,f8c31de9-7b29-4ee0-8237-99367110f2f3,금복건강원,건강즙,고산구시장 상점가,자율상권구역,전북특별자치도,,,
82bc54755b704258f352,full_annotation_v1,A,q_건강식품_07,건강즙 짜는 곳,식료품 중 '건강식품'을 판매·제공하는 매장,test,건강식품,T4 구어·문장,b69b2061-94c1-4638-95f4-3e62891520a8,장수건강원,건강즙,장림골목시장,전통시장,부산광역시,,,
5c37e04458c3ee651674,full_annotation_v1,A,q_건강식품_07,건강즙 짜는 곳,식료품 중 '건강식품'을 판매·제공하는 매장,test,건강식품,T4 구어·문장,e80a2f52-678c-475b-bdf8-83b3e8861f19,자연담은건강원,건강원즙,서구청먹자골목상인회 골목형상점가,골목형상점가,광주광역시,,,
50ebda449d9922f7cc56,full_annotation_v1,A,q_건강식품_07,건강즙 짜는 곳,식료품 중 '건강식품'을 판매·제공하는 매장,test,건강식품,T4 구어·문장,be9f8c61-892c-48ed-a49d-b63bd032c025,소곳,의류,고투몰(강남터미널지하도상점가),일반지하상점가,서울특별시,,,
19752c1125976bb9704c,full_annotation_v1,A,q_건강식품_07,건강즙 짜는 곳,식료품 중 '건강식품'을 판매·제공하는 매장,test,건강식품,T4 구어·문장,e055fafb-08b1-4587-8248-e1fcbc651256,청정해오름,"식품(꿀,건강즙)",왕십리도선동상점가,자율상권구역,서울특별시,,,
a0a4639c957784854655,full_annotation_v1,A,q_건강식품_07,건강즙 짜는 곳,식료품 중 '건강식품'을 판매·제공하는 매장,test,건강식품,T4 구어·문장,2c6b48eb-0b64-4ebf-91e8-233f47c9e892,백제건강원,건강즙,문창시장,전통시장,대전광역시,,,
56a0d6365594c5ee970d,full_annotation_v1,A,q_건강식품_07,건강즙 짜는 곳,식료품 중 '건강식품'을 판매·제공하는 매장,test,건강식품,T4 구어·문장,3813d137-f8fb-4c7c-a8cf-94c9d2e4c451,다사랑건강즙,건강즙,목행시장,전통시장,충청북도,,,
3e13c41397e6dd1f55fb,full_annotation_v1,A,q_건강식품_07,건강즙 짜는 곳,식료품 중 '건강식품'을 판매·제공하는 매장,test,건강식품,T4 구어·문장,017027d8-dbc4-49d9-82f8-f16291770c91,강릉인삼사,인삼건강식품,경동시장,전통시장,서울특별시,,,
ba2295836c6966c067b5,full_annotation_v1,A,q_건강식품_07,건강즙 짜는 곳,식료품 중 '건강식품'을 판매·제공하는 매장,test,건강식품,T4 구어·문장,c111ac9d-3f3a-405c-a8db-4d127ccda9e2,행복이 있는 곳,잡화,제주로얄쇼핑센터,자율상권구역,제주특별자치도,,,
3060f1feb98cf141d297,full_annotation_v1,A,q_건강식품_07,건강즙 짜는 곳,식료품 중 '건강식품'을 판매·제공하는 매장,test,건강식품,T4 구어·문장,009bd725-6319-41ec-87fb-f904d54243ca,현대인삼,"홍삼, 인삼",경동시장,전통시장,서울특별시,,,
5510648a83caff1147d7,full_annotation_v1,A,q_건강식품_07,건강즙 짜는 곳,식료품 중 '건강식품'을 판매·제공하는 매장,test,건강식품,T4 구어·문장,ccee7aa4-09c8-4c4e-b498-d3b8812d28dc,일미리금계찜닭(고한사북점),한식,고한구공탄시장(고한시장),전통시장,강원특별자치도,,,
0a8781c9a75cf5b7fa75,full_annotation_v1,A,q_건강식품_07,건강즙 짜는 곳,식료품 중 '건강식품'을 판매·제공하는 매장,test,건강식품,T4 구어·문장,002c02f2-4428-4a84-a248-7b23ae109459,정관장 반석점,홍삼건강식품,지족반석 골목형상점가,골목형상점가,대전광역시,,,
3018868bc44c5e347013,full_annotation_v1,A,q_건강식품_07,건강즙 짜는 곳,식료품 중 '건강식품'을 판매·제공하는 매장,test,건강식품,T4 구어·문장,0048134e-4060-4bf0-bffb-0cac8a53f2d8,사랑의뜰안 북광주점,건강기능식품,운암대자골 골목형상점가,골목형상점가,광주광역시,,,
2775ffa39580546ecd6b,full_annotation_v1,A,q_건강식품_07,건강즙 짜는 곳,식료품 중 '건강식품'을 판매·제공하는 매장,test,건강식품,T4 구어·문장,47d75585-9434-4866-8201-ef261a0c8873,명가수예,수예,부산진시장,전통시장,부산광역시,,,
ba907b3f6ccae8581e8a,full_annotation_v1,A,q_건강식품_07,건강즙 짜는 곳,식료품 중 '건강식품'을 판매·제공하는 매장,test,건강식품,T4 구어·문장,f58868c2-9526-4e37-bde2-abd31fd77ec8,시골건강원,건강즙,화성남양시장,전통시장,경기도,,,
1318f3b765788ad81b62,full_annotation_v1,A,q_건강식품_07,건강즙 짜는 곳,식료품 중 '건강식품'을 판매·제공하는 매장,test,건강식품,T4 구어·문장,2743811c-5e71-4d2b-aa75-1b0147d44f2d,사우 꽃이 피는 곳,꽃,김포 풍년마을 골목형상점가,골목형상점가,경기도,,,
d0e8de6986ef3d065c5b,full_annotation_v1,A,q_건강식품_07,건강즙 짜는 곳,식료품 중 '건강식품'을 판매·제공하는 매장,test,건강식품,T4 구어·문장,0040b4e6-7b74-4175-b54d-add4fe693d49,메디팜보명당약국,"의약품, 의료욕구, 복지욕구, 의료기기",점촌역전상점가,자율상권구역,경상북도,,,
1a46edc070c0fc2d4b71,full_annotation_v1,A,q_건강식품_07,건강즙 짜는 곳,식료품 중 '건강식품'을 판매·제공하는 매장,test,건강식품,T4 구어·문장,001961d9-cb5d-40bc-903a-33d483f7d132,헬씨스탠다드,"건강기능식품, 쌀, 견과류, 약재",응암소담길 골목형상점가,골목형상점가,서울특별시,,,
0a42a565902df29ac1f9,full_annotation_v1,A,q_건강식품_07,건강즙 짜는 곳,식료품 중 '건강식품'을 판매·제공하는 매장,test,건강식품,T4 구어·문장,9da098ee-08e2-4fb0-a491-4de42bad3e81,우리건강원,건강즙,임실시장,전통시장,전북특별자치도,,,
b41dad997e836ff7b76e,full_annotation_v1,A,q_건강식품_07,건강즙 짜는 곳,식료품 중 '건강식품'을 판매·제공하는 매장,test,건강식품,T4 구어·문장,019ac829-9ffd-42aa-bfd1-9da1dfba52e2,바디엔 약국,,남악1번가 골목형상점가,골목형상점가,,,,
80926745ebd2f0ce9847,full_annotation_v1,A,q_건강식품_07,건강즙 짜는 곳,식료품 중 '건강식품'을 판매·제공하는 매장,test,건강식품,T4 구어·문장,f7de87eb-52f7-4883-90ee-58b8ef3fc6ac,영양건강원,건강즙,수원통닭거리 골목형사점가,골목형상점가,경기도,,,
5aa1094cb908903f326d,full_annotation_v1,A,q_건강식품_07,건강즙 짜는 곳,식료품 중 '건강식품'을 판매·제공하는 매장,test,건강식품,T4 구어·문장,5e918825-77d6-4cb7-90ec-d777b8c69dca,멕시카나치킨세이점,일반음식점,문화1동 골목형상점가,골목형상점가,대전광역시,,,
584a9aa4f44576e50d83,full_annotation_v1,A,q_건강식품_07,건강즙 짜는 곳,식료품 중 '건강식품'을 판매·제공하는 매장,test,건강식품,T4 구어·문장,382d62ad-a557-4b09-8f1b-9f6c74fd07f3,성수흑염소건강원,건강즙,임실시장,전통시장,전북특별자치도,,,
9469cc34d4f9e6a7230d,full_annotation_v1,A,q_건강식품_07,건강즙 짜는 곳,식료품 중 '건강식품'을 판매·제공하는 매장,test,건강식품,T4 구어·문장,00b64830-f897-4643-a5fa-6d8950c2ef89,낭만상회,식품,문산자유시장,전통시장,경기도,,,
e002d3d82ecb836ea2aa,full_annotation_v1,A,q_건강식품_07,건강즙 짜는 곳,식료품 중 '건강식품'을 판매·제공하는 매장,test,건강식품,T4 구어·문장,236b564c-8111-4ca7-8f8d-45068fc76f31,건강돌봄약국,의약품,상동역 골목형상점가,골목형상점가,경기도,,,
c9a576dc7fbd7b7ac435,full_annotation_v1,A,q_건강식품_07,건강즙 짜는 곳,식료품 중 '건강식품'을 판매·제공하는 매장,test,건강식품,T4 구어·문장,2a6402c2-c1ce-4c6d-9a32-4273a6123baa,라파연세마취통증의학과의원,의원,상동역 골목형상점가,골목형상점가,경기도,,,
e4c230cf2e10faa41621,full_annotation_v1,A,q_건강식품_07,건강즙 짜는 곳,식료품 중 '건강식품'을 판매·제공하는 매장,test,건강식품,T4 구어·문장,02cd45e9-fe92-42d2-9ae1-da8fc01edbdb,(주)서울인삼유통,홍삼,경동시장,전통시장,서울특별시,,,
5763c8c47065892cedcc,full_annotation_v1,A,q_건강식품_07,건강즙 짜는 곳,식료품 중 '건강식품'을 판매·제공하는 매장,test,건강식품,T4 구어·문장,15463c5a-68b5-4e0a-80a6-0fa12b666be3,장성호건강원,건강즙,매곡 사랑길 골목형상점가,골목형상점가,광주광역시,,,
26db819ee9b45cdf64ed,full_annotation_v1,A,q_건강식품_07,건강즙 짜는 곳,식료품 중 '건강식품'을 판매·제공하는 매장,test,건강식품,T4 구어·문장,8b8da89b-f744-4d40-9fb0-1cbff3b17cd6,자연담은건강원,건강즙,오케이 양산동 골목형상점가,골목형상점가,광주광역시,,,
4f1b68e484cf775eb7c1,full_annotation_v1,A,q_건강식품_07,건강즙 짜는 곳,식료품 중 '건강식품'을 판매·제공하는 매장,test,건강식품,T4 구어·문장,9d0d5631-b9c4-4675-bed4-b435afb27409,원미흑염소,건강즙,원미종합시장,전통시장,경기도,,,
b85391df704a12f225ad,full_annotation_v1,A,q_건강식품_07,건강즙 짜는 곳,식료품 중 '건강식품'을 판매·제공하는 매장,test,건강식품,T4 구어·문장,006929a4-6712-43ca-80d7-f540710009b5,삼송프라자약국,의약품 외 건강기능식품,신원권율3 골목형상점가,골목형상점가,경기도,,,
457e7f96938547cd7129,full_annotation_v1,A,q_건강식품_07,건강즙 짜는 곳,식료품 중 '건강식품'을 판매·제공하는 매장,test,건강식품,T4 구어·문장,3494000a-df69-4dc9-b3a2-8b975aa3b331,제천동산약초,"한약재, 건강즙",제천역전한마음시장(구 제천역전시장),전통시장,충청북도,,,
6426fa2ba8763acab3fd,full_annotation_v1,A,q_건강식품_07,건강즙 짜는 곳,식료품 중 '건강식품'을 판매·제공하는 매장,test,건강식품,T4 구어·문장,703e7626-361f-4b7a-b0ce-c1a20e16687e,명산건강원,건강즙,명산시장,전통시장,전북특별자치도,,,
9fbf1162ed72aec1eb35,full_annotation_v1,A,q_건강식품_07,건강즙 짜는 곳,식료품 중 '건강식품'을 판매·제공하는 매장,test,건강식품,T4 구어·문장,bde663ed-d220-4c79-b3bc-7b21044573cf,약초건강원,건강즙,중리시장,전통시장,대전광역시,,,
25ba24d1a45815883c28,full_annotation_v1,A,q_건강식품_07,건강즙 짜는 곳,식료품 중 '건강식품'을 판매·제공하는 매장,test,건강식품,T4 구어·문장,24456103-f6b8-46af-8655-82e61d7265d8,커피가 머무르는 곳,커피,반드레길골목형상점가,골목형상점가,서울특별시,,,
6e29a4dfa57f8caab6c4,full_annotation_v1,A,q_건강식품_07,건강즙 짜는 곳,식료품 중 '건강식품'을 판매·제공하는 매장,test,건강식품,T4 구어·문장,00e92856-b294-4032-8540-d60e9817f2d8,럭키약국,"의약품, 건강기능식품, 식품",충무로골목형상점가,골목형상점가,서울특별시,,,
cca3b78e04837ff661a1,full_annotation_v1,A,q_건강식품_07,건강즙 짜는 곳,식료품 중 '건강식품'을 판매·제공하는 매장,test,건강식품,T4 구어·문장,0d33b8d2-93d3-4187-965f-292e65b8997c,슈올즈 첨단점,기능성 건강 신발,LC타워거리 골목형상점가,골목형상점가,광주광역시,,,
abf73b96985ab059e2ce,full_annotation_v1,A,q_건강식품_07,건강즙 짜는 곳,식료품 중 '건강식품'을 판매·제공하는 매장,test,건강식품,T4 구어·문장,e72dded4-a187-401c-b79e-239760d7983f,성일식당,음식,순천원도심상점가,자율상권구역,전라남도,,,
092be0fe0d16085bc71a,full_annotation_v1,A,q_건강식품_07,건강즙 짜는 곳,식료품 중 '건강식품'을 판매·제공하는 매장,test,건강식품,T4 구어·문장,d1ad1745-ed50-4dd9-b4a8-b4a5bc8b1392,동화비니루,비닐,홍도동 상점가,자율상권구역,대전광역시,,,
fff42bb3b4fe6bf2017f,full_annotation_v1,A,q_건강식품_07,건강즙 짜는 곳,식료품 중 '건강식품'을 판매·제공하는 매장,test,건강식품,T4 구어·문장,0387e7e1-5a67-457e-accd-f082c7082988,화정웰빙건강원,건강즙,화정소담상인회 골목형상점가,골목형상점가,광주광역시,,,
fd0b90a07a8b35bb987e,full_annotation_v1,A,q_건강식품_07,건강즙 짜는 곳,식료품 중 '건강식품'을 판매·제공하는 매장,test,건강식품,T4 구어·문장,4f02c9e5-23af-4c39-848c-92fedab62cfc,우승건강원,건강즙,큰방림길 골목형상점가,골목형상점가,광주광역시,,,
fa3021ed5c763f9b5570,full_annotation_v1,A,q_건강식품_07,건강즙 짜는 곳,식료품 중 '건강식품'을 판매·제공하는 매장,test,건강식품,T4 구어·문장,11efba88-c72d-484a-b69f-3012df1aa132,백제약국,양약,수문통 골목형상점가,골목형상점가,인천광역시,,,
4af5d8b57f7a31133213,full_annotation_v1,A,q_건강식품_07,건강즙 짜는 곳,식료품 중 '건강식품'을 판매·제공하는 매장,test,건강식품,T4 구어·문장,ac072078-bf9c-4d56-b7ed-e5f8f07d7863,부부팥죽,한식,아랫장,전통시장,전라남도,,,
d878aeffafa92f084827,full_annotation_v1,A,q_건강식품_07,건강즙 짜는 곳,식료품 중 '건강식품'을 판매·제공하는 매장,test,건강식품,T4 구어·문장,c6fc3438-eb3a-47ba-a00e-b64cd3b3782a,유창건강원,건강즙,독산동 우시장,자율상권구역,서울특별시,,,
2af423031106b6c8e4ee,full_annotation_v1,A,q_건강식품_07,건강즙 짜는 곳,식료품 중 '건강식품'을 판매·제공하는 매장,test,건강식품,T4 구어·문장,027cecd7-d8bb-40f9-9532-06a27b7792e9,정관장홍삼 내손동점,홍삼,의왕예술의거리골목형상점가,골목형상점가,경기도,,,
f183ed95d282b17f0e7a,full_annotation_v1,A,q_건강식품_07,건강즙 짜는 곳,식료품 중 '건강식품'을 판매·제공하는 매장,test,건강식품,T4 구어·문장,1496371e-54a3-4ab5-813e-b80c328905c0,신세계건강원,건강즙제조,산수시장,전통시장,광주광역시,,,
0ebb89793629ac9edb8e,full_annotation_v1,A,q_건강식품_07,건강즙 짜는 곳,식료품 중 '건강식품'을 판매·제공하는 매장,test,건강식품,T4 구어·문장,016f8113-22a7-4ef1-a80f-0562dd2a06e9,동이식품,"식품, 농산물",중앙신시장,전통시장,경상북도,,,
12272c25973fae7578f0,full_annotation_v1,A,q_건강식품_07,건강즙 짜는 곳,식료품 중 '건강식품'을 판매·제공하는 매장,test,건강식품,T4 구어·문장,ce2974a9-a3a0-47d2-9c86-4579cd8f6223,현대건강원,건강즙,문흥동대천로 골목형상점가,골목형상점가,광주광역시,,,
b3b7af4e6f2781b966f4,full_annotation_v1,A,q_건강식품_07,건강즙 짜는 곳,식료품 중 '건강식품'을 판매·제공하는 매장,test,건강식품,T4 구어·문장,390df0af-ea5c-4e1e-b436-e392505c4bd8,엘리트 양주점(아이니),교복 학생복,덕정골목형상점가,골목형상점가,경기도,,,
3c6f0a20e821f663f160,full_annotation_v1,A,q_건강식품_07,건강즙 짜는 곳,식료품 중 '건강식품'을 판매·제공하는 매장,test,건강식품,T4 구어·문장,a5a4ff70-6c4e-4be0-9e87-fa614ad3c16e,인테리어 소망,커튼 외,앰코로 골목형상점가,골목형상점가,광주광역시,,,
8a8a14dd41ff6ba30d9b,full_annotation_v1,A,q_건강식품_07,건강즙 짜는 곳,식료품 중 '건강식품'을 판매·제공하는 매장,test,건강식품,T4 구어·문장,d2c2a2b1-b3ec-4f51-9712-469f5c046ea1,백세건강원,건강즙,무주반딧불상권활성화구역,상권활성화구역,전북특별자치도,,,
5df77cd17de7292e584f,full_annotation_v1,A,q_건강식품_07,건강즙 짜는 곳,식료품 중 '건강식품'을 판매·제공하는 매장,test,건강식품,T4 구어·문장,00140fab-ec56-4d81-8a03-d3d4aa8d5a49,계령약국,의약품,성대시장골목형상점가,골목형상점가,서울특별시,,,
802068042c1feca22214,full_annotation_v1,A,q_건강식품_07,건강즙 짜는 곳,식료품 중 '건강식품'을 판매·제공하는 매장,test,건강식품,T4 구어·문장,8c0f6d61-6964-49f1-8589-711e882033b8,임실흑염소건강원,건강즙,임실시장,전통시장,전북특별자치도,,,
2a38cc6d14d09affad26,full_annotation_v1,A,q_건강식품_07,건강즙 짜는 곳,식료품 중 '건강식품'을 판매·제공하는 매장,test,건강식품,T4 구어·문장,76a3551b-dae4-4326-92cc-662015aedbfb,쉴 곳,한식,칠성로상점가,자율상권구역,제주특별자치도,,,
748465f1851945b83ae3,full_annotation_v1,A,q_건강식품_07,건강즙 짜는 곳,식료품 중 '건강식품'을 판매·제공하는 매장,test,건강식품,T4 구어·문장,00b6e321-5954-437c-b1d9-94fded29f67e,웰빙마트,식품,서남신시장,전통시장,대구광역시,,,
06425c077f85da4e1177,full_annotation_v1,A,q_건강식품_07,건강즙 짜는 곳,식료품 중 '건강식품'을 판매·제공하는 매장,test,건강식품,T4 구어·문장,00bd78a7-2a89-48d4-b7ec-efe5116ce2a4,반월당경북약국,약국,메트로센터(반월당지하쇼핑),일반지하상점가,대구광역시,,,
5e7b6fdd8ede9534a5e7,full_annotation_v1,A,q_건강식품_07,건강즙 짜는 곳,식료품 중 '건강식품'을 판매·제공하는 매장,test,건강식품,T4 구어·문장,eee9553a-b115-4f5a-9d11-82facedb601d,참기름 짜는 육회집,육회,방이시장,전통시장,서울특별시,,,
b09384237b55db3c3c8d,full_annotation_v1,A,q_건강식품_07,건강즙 짜는 곳,식료품 중 '건강식품'을 판매·제공하는 매장,test,건강식품,T4 구어·문장,c161c9c4-2edd-48a0-bbf5-fdf94425a6e4,영구건강원,건강즙,삼례시장,전통시장,전북특별자치도,,,
706b27a877664a7d7344,full_annotation_v1,A,q_건강식품_07,건강즙 짜는 곳,식료품 중 '건강식품'을 판매·제공하는 매장,test,건강식품,T4 구어·문장,842f6cf1-6411-4f4b-be23-746d79e31656,섬곳,한식,플레이사계 지오단길 골목형상점가,골목형상점가,제주특별자치도,,,
58bbf48a3ff90322b7b7,full_annotation_v1,A,q_건강식품_07,건강즙 짜는 곳,식료품 중 '건강식품'을 판매·제공하는 매장,test,건강식품,T4 구어·문장,008b065b-181b-4891-95dc-7a77a7c143d1,혜화온누리약국,약국,유성도안 골목형상점가,골목형상점가,대전광역시,,,
512927e732377408f31b,full_annotation_v1,A,q_건강식품_07,건강즙 짜는 곳,식료품 중 '건강식품'을 판매·제공하는 매장,test,건강식품,T4 구어·문장,01f1ff87-d7c5-4c13-b60e-937f9d6221fd,수삼센터 83호,인삼(수삼),금산수삼센터,전통시장,충청남도,,,
4e009eb10fe152de1726,full_annotation_v1,A,q_건강식품_07,건강즙 짜는 곳,식료품 중 '건강식품'을 판매·제공하는 매장,test,건강식품,T4 구어·문장,01049348-bdd8-4303-a750-8f85f7029a84,사랑의손효소마을,건강식품,구미형곡시장프라자,전통시장,경상북도,,,
69d95bbd0115a77db1a0,full_annotation_v1,A,q_건강식품_07,건강즙 짜는 곳,식료품 중 '건강식품'을 판매·제공하는 매장,test,건강식품,T4 구어·문장,01befe6d-bfd6-4c6f-be43-d02efffe1dd1,성덕인삼,인삼,부전인삼시장,전통시장,부산광역시,,,
ac31ccd9a7f028f6c6e8,full_annotation_v1,A,q_건강식품_07,건강즙 짜는 곳,식료품 중 '건강식품'을 판매·제공하는 매장,test,건강식품,T4 구어·문장,66693f61-ea6a-42d7-82f1-274ab2541767,복진천막사,고급카페트,충주자유시장,전통시장,충청북도,,,
71c6e1472f730a68c83b,full_annotation_v1,A,q_건강식품_07,건강즙 짜는 곳,식료품 중 '건강식품'을 판매·제공하는 매장,test,건강식품,T4 구어·문장,7b65cfbd-2b30-4dae-b1b3-0557226aa280,지리산약초건강원,건강즙,익산동부시장 골목형상점가,골목형상점가,전북특별자치도,,,
e1be514a08fea60edcc9,full_annotation_v1,A,q_건강식품_07,건강즙 짜는 곳,식료품 중 '건강식품'을 판매·제공하는 매장,test,건강식품,T4 구어·문장,e1f15c02-626b-467a-959a-e15a844f26ad,무등흑염소,건강즙,대인시장,전통시장,광주광역시,,,
09ff38e707aa18b2d353,full_annotation_v1,A,q_건강식품_07,건강즙 짜는 곳,식료품 중 '건강식품'을 판매·제공하는 매장,test,건강식품,T4 구어·문장,06261986-3eba-4244-b63f-397460d82f4a,이곳,미용,나주혁신도시 골목형상점가,골목형상점가,전라남도,,,
2193591f31f80c0d85dd,full_annotation_v1,A,q_건강식품_07,건강즙 짜는 곳,식료품 중 '건강식품'을 판매·제공하는 매장,test,건강식품,T4 구어·문장,d7a6ebd8-883d-413a-a398-4fc28e86a1d9,동호건강원,건강즙,해운대시장,전통시장,부산광역시,,,
a19272da3e400ce199d6,full_annotation_v1,A,q_건강식품_07,건강즙 짜는 곳,식료품 중 '건강식품'을 판매·제공하는 매장,test,건강식품,T4 구어·문장,023caced-6133-4a64-839b-a1c69c27bb87,정관장과천점,소매업(홍삼제품),별양동상점가,자율상권구역,경기도,,,
fb5b6a116be06b2d6aae,full_annotation_v1,A,q_건강식품_07,건강즙 짜는 곳,식료품 중 '건강식품'을 판매·제공하는 매장,test,건강식품,T4 구어·문장,c0627767-3f81-45a8-a32a-17b1ba7fdd0f,금산건강원,흑염소중탕,오목교중앙시장,전통시장,서울특별시,,,
853bd71e68c2a90801bc,full_annotation_v1,A,q_건강식품_07,건강즙 짜는 곳,식료품 중 '건강식품'을 판매·제공하는 매장,test,건강식품,T4 구어·문장,00339341-0652-4ec2-abc9-9cfd99cfafd8,정관장 화서시장점,건강기능식품,화서시장,전통시장,경기도,,,
212a12dc6ee4c26738b6,full_annotation_v1,A,q_건강식품_07,건강즙 짜는 곳,식료품 중 '건강식품'을 판매·제공하는 매장,test,건강식품,T4 구어·문장,0112a558-2787-41dc-ae68-695e60c4930c,해동그랜드약국,약국,전곡시장,전통시장,서울특별시,,,
96fed27af3e2a91ca8e3,full_annotation_v1,A,q_건강식품_07,건강즙 짜는 곳,식료품 중 '건강식품'을 판매·제공하는 매장,test,건강식품,T4 구어·문장,004b2dbc-a37a-4c33-8661-ca25a873ac90,중앙인삼사,인삼,통영중앙전통시장,전통시장,경상남도,,,
0b7f67ff408648345dfd,full_annotation_v1,A,q_건강식품_07,건강즙 짜는 곳,식료품 중 '건강식품'을 판매·제공하는 매장,test,건강식품,T4 구어·문장,29f377bf-b358-4995-ba80-2d2e299b8379,파리바게뜨센트럴문화점,제과제빵,문화1동 골목형상점가,골목형상점가,대전광역시,,,
0204cfa924a409014307,full_annotation_v1,A,q_건강식품_07,건강즙 짜는 곳,식료품 중 '건강식품'을 판매·제공하는 매장,test,건강식품,T4 구어·문장,193b05a0-c9c5-4d4d-8f46-2ef2e7dd8dcc,천지건강원,건강즙,금산국제인삼시장,전통시장,충청남도,,,
b8df92f84fb2a4154eed,full_annotation_v1,A,q_건강식품_07,건강즙 짜는 곳,식료품 중 '건강식품'을 판매·제공하는 매장,test,건강식품,T4 구어·문장,047aa29c-deb8-4220-9082-a0c3a8a8caad,서천건강원,건강즙,사거리온누리 골목형상점가,골목형상점가,충청남도,,,
0058098c62d909d57357,full_annotation_v1,A,q_건강식품_07,건강즙 짜는 곳,식료품 중 '건강식품'을 판매·제공하는 매장,test,건강식품,T4 구어·문장,8f5952f8-bb4a-4c09-9c96-6693a97e6c0d,웰빙건강촌,건강즙,대구예전우시장,전통시장,대구광역시,,,
da15fa8d34bec08e6319,full_annotation_v1,A,q_건강식품_07,건강즙 짜는 곳,식료품 중 '건강식품'을 판매·제공하는 매장,test,건강식품,T4 구어·문장,b658dedd-f9db-42cd-898c-7ab3b108785c,우선건강원,건강즙,말바우시장,전통시장,광주광역시,,,
e0da92b7a3a61633c8cd,full_annotation_v1,A,q_건강식품_07,건강즙 짜는 곳,식료품 중 '건강식품'을 판매·제공하는 매장,test,건강식품,T4 구어·문장,00768c91-a678-4fbc-a372-a2ee0260218f,수택온누리약국,,구리시 구도심 상권활성화구역,상권활성화구역,경기도,,,
477b2d64354ad77a3356,full_annotation_v1,A,q_건강식품_07,건강즙 짜는 곳,식료품 중 '건강식품'을 판매·제공하는 매장,test,건강식품,T4 구어·문장,008a831c-1fd3-4b7c-96c1-0e92332ccbf3,명성약국,의약품,공주산성시장,전통시장,충청남도,,,
cdf2f5b47828442c216e,full_annotation_v1,A,q_건강식품_07,건강즙 짜는 곳,식료품 중 '건강식품'을 판매·제공하는 매장,test,건강식품,T4 구어·문장,969c1099-0f8b-44f6-8af5-f9e5e09c445f,미정건강원,건강즙,괴정골목시장,전통시장,부산광역시,,,
2bc41b15678ea7221e34,full_annotation_v1,A,q_건강식품_07,건강즙 짜는 곳,식료품 중 '건강식품'을 판매·제공하는 매장,test,건강식품,T4 구어·문장,d3f4f733-5831-4347-96f9-a2082fdef09c,참좋은 건강원,건강즙,겸재한신길 골목형상점가,골목형상점가,서울특별시,,,
4ddb7cae4faa6972676d,full_annotation_v1,A,q_건강식품_07,건강즙 짜는 곳,식료품 중 '건강식품'을 판매·제공하는 매장,test,건강식품,T4 구어·문장,8a90e8cf-f755-408d-a7b4-5813dc00922b,맛닭꼬,치킨,초지항아리 골목형상점가,골목형상점가,경기도,,,
9ec2b2b96c38b622b4ee,full_annotation_v1,A,q_건강식품_07,건강즙 짜는 곳,식료품 중 '건강식품'을 판매·제공하는 매장,test,건강식품,T4 구어·문장,a47706e2-f85b-468a-8fdb-a8df7fb2368e,경동건강원,건강즙,부천자유시장,전통시장,경기도,,,
de7bc343e6262e742e93,full_annotation_v1,A,q_건강식품_08,건강 식품,식료품 중 '건강식품'을 판매·제공하는 매장,test,건강식품,T6 기계변형,6486943e-e934-4aa3-a156-55d5a68d792f,뉴욕식품,식품,시청광장 지하쇼핑센터,일반지하상점가,서울특별시,,,
06339e3553fc1c5a749f,full_annotation_v1,A,q_건강식품_08,건강 식품,식료품 중 '건강식품'을 판매·제공하는 매장,test,건강식품,T6 기계변형,82d76546-9bbf-451c-b801-71a696591b2f,한국인삼,"인삼, 홍삼, 흑삼 및 건강 보조 식품",진주 논개시장,전통시장,경상남도,,,
4386f55b2e23bfea2614,full_annotation_v1,A,q_건강식품_08,건강 식품,식료품 중 '건강식품'을 판매·제공하는 매장,test,건강식품,T6 기계변형,3d14748f-afad-4836-85e8-855622621f2e,신앙촌상회,식품,부산진시장,전통시장,부산광역시,,,
b713b23853e350936bdd,full_annotation_v1,A,q_건강식품_08,건강 식품,식료품 중 '건강식품'을 판매·제공하는 매장,test,건강식품,T6 기계변형,d605ffe7-b2e0-481b-a7db-361ce00d1402,신광상회,식품,녹동전통시장,전통시장,전라남도,,,
a15246c1d62006f034dc,full_annotation_v1,A,q_건강식품_08,건강 식품,식료품 중 '건강식품'을 판매·제공하는 매장,test,건강식품,T6 기계변형,60ffbb8f-4522-4394-995e-ff3fb48ff872,찰김식품,식품,관고전통시장,전통시장,경기도,,,
03da532165f2f20f8d5d,full_annotation_v1,A,q_건강식품_08,건강 식품,식료품 중 '건강식품'을 판매·제공하는 매장,test,건강식품,T6 기계변형,4ecf23b0-3840-4fed-85e2-3e4f10722750,대성상회,식품,경동광성상가,전통시장,서울특별시,,,
8994ecb16ded4dca76c0,full_annotation_v1,A,q_건강식품_08,건강 식품,식료품 중 '건강식품'을 판매·제공하는 매장,test,건강식품,T6 기계변형,ee0987ed-8616-45aa-944d-2734d313f95f,원마트,식품,후평일단지시장,전통시장,강원특별자치도,,,
af9cdd06a19a0c895751,full_annotation_v1,A,q_건강식품_08,건강 식품,식료품 중 '건강식품'을 판매·제공하는 매장,test,건강식품,T6 기계변형,69018c9c-9e82-4570-bcd7-d2b10031f57f,한농원 농약종묘사,농자재,김천중앙시장,전통시장,경상북도,,,
866ef5e4dd76f5a4ccbe,full_annotation_v1,A,q_건강식품_08,건강 식품,식료품 중 '건강식품'을 판매·제공하는 매장,test,건강식품,T6 기계변형,8596b8d9-6ea6-4714-aea0-c1e065f43cf1,호주뉴질랜드 면세점 안성점,건강 보조식품 소매업,안성중앙시장,전통시장,경기도,,,
fb7a40524012325304ad,full_annotation_v1,A,q_건강식품_08,건강 식품,식료품 중 '건강식품'을 판매·제공하는 매장,test,건강식품,T6 기계변형,b7cbe1db-a7bd-4933-8006-514b8d2290d6,매탄식품,식품,구매탄시장,전통시장,경기도,,,
9b2521e7449ae0f32f97,full_annotation_v1,A,q_건강식품_08,건강 식품,식료품 중 '건강식품'을 판매·제공하는 매장,test,건강식품,T6 기계변형,659a736e-0bb4-4ec2-a83a-10c9a2920ec4,맛있게두얌얌,식품,가좌시장,전통시장,인천광역시,,,
9bbce65eeb951c9e10ee,full_annotation_v1,A,q_건강식품_08,건강 식품,식료품 중 '건강식품'을 판매·제공하는 매장,test,건강식품,T6 기계변형,f61d447b-12ae-4147-8c83-39e7587bafdb,다솜식품,식품,오정동상점가,자율상권구역,대전광역시,,,
4037701e9956569c85f7,full_annotation_v1,A,q_건강식품_08,건강 식품,식료품 중 '건강식품'을 판매·제공하는 매장,test,건강식품,T6 기계변형,000db6d6-585c-4aba-94e7-fc6a23a694fb,시민약국,의약품,문경중앙시장,전통시장,경상북도,,,
fcf6cc130cba52082386,full_annotation_v1,A,q_건강식품_08,건강 식품,식료품 중 '건강식품'을 판매·제공하는 매장,test,건강식품,T6 기계변형,d88a8e56-1706-4086-a64f-3ef57efceb91,중국식품,식품,천안중앙시장,전통시장,충청남도,,,
2164303d5fd1d496ed19,full_annotation_v1,A,q_건강식품_08,건강 식품,식료품 중 '건강식품'을 판매·제공하는 매장,test,건강식품,T6 기계변형,eea36583-c3f6-43ab-bcf8-99ddaff9d680,송죽식품,식품,월곡시장,전통시장,광주광역시,,,
a8293ff7dce3b91991b0,full_annotation_v1,A,q_건강식품_08,건강 식품,식료품 중 '건강식품'을 판매·제공하는 매장,test,건강식품,T6 기계변형,cc2ba533-db53-49c3-aad4-e182bdc2b4e0,하나상회,의류,김천평화시장,전통시장,경상북도,,,
7cbedcd3a361311c0a72,full_annotation_v1,A,q_건강식품_08,건강 식품,식료품 중 '건강식품'을 판매·제공하는 매장,test,건강식품,T6 기계변형,0a6effa5-5904-4563-9e70-b5f3d467990f,우리건어물,건어물,주문진건어물시장,전통시장,강원특별자치도,,,
e25232a4fcc46f93b7ee,full_annotation_v1,A,q_건강식품_08,건강 식품,식료품 중 '건강식품'을 판매·제공하는 매장,test,건강식품,T6 기계변형,0048134e-4060-4bf0-bffb-0cac8a53f2d8,사랑의뜰안 북광주점,건강기능식품,운암대자골 골목형상점가,골목형상점가,광주광역시,,,
dba3e7a05cba4a776427,full_annotation_v1,A,q_건강식품_08,건강 식품,식료품 중 '건강식품'을 판매·제공하는 매장,test,건강식품,T6 기계변형,5b6af350-9881-47c7-934b-e0340c14fa9a,올리브영 울산상안점,"체인화편의점, 건강 및 미용관련상품",유니온 골목형상점가,골목형상점가,울산광역시,,,
dae442eb1d0c68bb280c,full_annotation_v1,A,q_건강식품_08,건강 식품,식료품 중 '건강식품'을 판매·제공하는 매장,test,건강식품,T6 기계변형,e34a7ef2-7550-48df-958d-4e97a11d0050,자연과건강,건강식품,보은전통시장,전통시장,충청북도,,,
862313aa48b2fd6059d0,full_annotation_v1,A,q_건강식품_08,건강 식품,식료품 중 '건강식품'을 판매·제공하는 매장,test,건강식품,T6 기계변형,c40360ea-6ce9-4111-9e2d-514a0bb989a8,맛사랑식품,식품,서부시장(서부재래시장),전통시장,충청남도,,,
d1ba1bbf692f181e08b4,full_annotation_v1,A,q_건강식품_08,건강 식품,식료품 중 '건강식품'을 판매·제공하는 매장,test,건강식품,T6 기계변형,017027d8-dbc4-49d9-82f8-f16291770c91,강릉인삼사,인삼건강식품,경동시장,전통시장,서울특별시,,,
aa61ea154dff23a5ba56,full_annotation_v1,A,q_건강식품_08,건강 식품,식료품 중 '건강식품'을 판매·제공하는 매장,test,건강식품,T6 기계변형,3599ec51-387e-4770-8d48-e5bccc77d1c0,구사 식품,,북광장상가,자율상권구역,경기도,,,
7e4ee6778e69d6f74dce,full_annotation_v1,A,q_건강식품_08,건강 식품,식료품 중 '건강식품'을 판매·제공하는 매장,test,건강식품,T6 기계변형,d51374de-c800-4fa2-b0e4-1957c034052d,현대주방그릇,주방용품,동산상가,전통시장,대구광역시,,,
d2b0e81833ae2a8735e1,full_annotation_v1,A,q_건강식품_08,건강 식품,식료품 중 '건강식품'을 판매·제공하는 매장,test,건강식품,T6 기계변형,01049348-bdd8-4303-a750-8f85f7029a84,사랑의손효소마을,건강식품,구미형곡시장프라자,전통시장,경상북도,,,
cfb698eb719cb9b725d1,full_annotation_v1,A,q_건강식품_08,건강 식품,식료품 중 '건강식품'을 판매·제공하는 매장,test,건강식품,T6 기계변형,e6164253-aab1-489e-b455-791cd7303c21,33떡볶이대구봉덕점,,신촌길 서한이다음 골목형상점가,골목형상점가,대구광역시,,,
3552dec0a3a464743527,full_annotation_v1,A,q_건강식품_08,건강 식품,식료품 중 '건강식품'을 판매·제공하는 매장,test,건강식품,T6 기계변형,2a91d2c4-656a-49c8-bea1-30edf7aae84e,서울상회,식품,충주자유시장,전통시장,충청북도,,,
d7f1dfa4acc6915b30a1,full_annotation_v1,A,q_건강식품_08,건강 식품,식료품 중 '건강식품'을 판매·제공하는 매장,test,건강식품,T6 기계변형,027cecd7-d8bb-40f9-9532-06a27b7792e9,정관장홍삼 내손동점,홍삼,의왕예술의거리골목형상점가,골목형상점가,경기도,,,
7ccb801cb8b7326c0ba0,full_annotation_v1,A,q_건강식품_08,건강 식품,식료품 중 '건강식품'을 판매·제공하는 매장,test,건강식품,T6 기계변형,66717476-854c-4c6b-8f59-dc7c8ef958ea,대박농원,식품,세종전통시장,전통시장,세종특별자치시,,,
69676d1d76b18948fee3,full_annotation_v1,A,q_건강식품_08,건강 식품,식료품 중 '건강식품'을 판매·제공하는 매장,test,건강식품,T6 기계변형,0040b4e6-7b74-4175-b54d-add4fe693d49,메디팜보명당약국,"의약품, 의료욕구, 복지욕구, 의료기기",점촌역전상점가,자율상권구역,경상북도,,,
91115ec87788c6b61f10,full_annotation_v1,A,q_건강식품_08,건강 식품,식료품 중 '건강식품'을 판매·제공하는 매장,test,건강식품,T6 기계변형,e52438d0-21fe-40df-bbe9-2e6b7548d323,부산상회,식품,부천자유시장,전통시장,경기도,,,
32083449ad452e303698,full_annotation_v1,A,q_건강식품_08,건강 식품,식료품 중 '건강식품'을 판매·제공하는 매장,test,건강식품,T6 기계변형,b6ecef22-41a0-41d4-a942-f951b1b94b8e,회동집,식품,정선아리랑시장,전통시장,강원특별자치도,,,
8f282c09df0cf2db4b50,full_annotation_v1,A,q_건강식품_08,건강 식품,식료품 중 '건강식품'을 판매·제공하는 매장,test,건강식품,T6 기계변형,3583d740-71d3-44ba-85cb-c867237c0546,신앙촌상회,식품,우리시장,자율상권구역,서울특별시,,,
4b558c0a5d87d5218ecc,full_annotation_v1,A,q_건강식품_08,건강 식품,식료품 중 '건강식품'을 판매·제공하는 매장,test,건강식품,T6 기계변형,d6dffcda-f6c1-44af-a41d-8dda80440c80,신앙촌상회,식품,말바우지키미 골목형상점가,골목형상점가,광주광역시,,,
daba13a88283c31dd2ca,full_annotation_v1,A,q_건강식품_08,건강 식품,식료품 중 '건강식품'을 판매·제공하는 매장,test,건강식품,T6 기계변형,f6fe618f-f8dd-434d-9583-20c8b7eab132,약초 건강 백세,,신성전통시장,전통시장,서울특별시,,,
9be8cb75dd39bbf2e706,full_annotation_v1,A,q_건강식품_08,건강 식품,식료품 중 '건강식품'을 판매·제공하는 매장,test,건강식품,T6 기계변형,54edd245-b30e-4902-bd21-3ea7097a5d49,힐스템 건강 찜질,찜질,담양중앙 골목형상점가,골목형상점가,전라남도,,,
908799490f672ad6add2,full_annotation_v1,A,q_건강식품_08,건강 식품,식료품 중 '건강식품'을 판매·제공하는 매장,test,건강식품,T6 기계변형,1908f525-b9d4-4044-846d-7b8eaa684b7a,(유)가락수산회센타,일실,가락몰골목형상점가,골목형상점가,서울특별시,,,
16903244b60464299edc,full_annotation_v1,A,q_건강식품_08,건강 식품,식료품 중 '건강식품'을 판매·제공하는 매장,test,건강식품,T6 기계변형,f699f611-5eb7-4f04-a75e-5cbefe815ed0,호주면세점 상설할인점,건강 보조식품 소매업 외,경주성동공설시장,전통시장,경상북도,,,
6e893aafde7a051b3c5c,full_annotation_v1,A,q_건강식품_08,건강 식품,식료품 중 '건강식품'을 판매·제공하는 매장,test,건강식품,T6 기계변형,9fc66126-c3f1-4541-acf3-1780b5dc41c3,젠키,식품,용봉전대상대 골목형상점가,골목형상점가,광주광역시,,,
12a450544bf55460d291,full_annotation_v1,A,q_건강식품_08,건강 식품,식료품 중 '건강식품'을 판매·제공하는 매장,test,건강식품,T6 기계변형,2b41db63-1caf-4e2e-bf48-45ce6e0182da,Gs25,식품,태평시장,전통시장,대전광역시,,,
9ce32f6dbefac7ac67c8,full_annotation_v1,A,q_건강식품_08,건강 식품,식료품 중 '건강식품'을 판매·제공하는 매장,test,건강식품,T6 기계변형,59f9ee6a-9509-4b5a-8e81-c4d80188676a,서울상회,식품,황학시장,전통시장,서울특별시,,,
7586b139c0412d4f5b1f,full_annotation_v1,A,q_건강식품_08,건강 식품,식료품 중 '건강식품'을 판매·제공하는 매장,test,건강식품,T6 기계변형,d5533fa6-6e92-4d94-b777-2ddcdc46164d,자연건강,건강식품,메트로센터(반월당지하쇼핑),일반지하상점가,대구광역시,,,
491e72f51848a4e3be24,full_annotation_v1,A,q_건강식품_08,건강 식품,식료품 중 '건강식품'을 판매·제공하는 매장,test,건강식품,T6 기계변형,b0d7bda0-cdf4-4bdb-a340-af60d0e22c4f,건영식품,식품,안양농수산물 골목형상점가,골목형상점가,경기도,,,
d653f012618fd3a5776e,full_annotation_v1,A,q_건강식품_08,건강 식품,식료품 중 '건강식품'을 판매·제공하는 매장,test,건강식품,T6 기계변형,001961d9-cb5d-40bc-903a-33d483f7d132,헬씨스탠다드,"건강기능식품, 쌀, 견과류, 약재",응암소담길 골목형상점가,골목형상점가,서울특별시,,,
4a092009db882a94dc79,full_annotation_v1,A,q_건강식품_08,건강 식품,식료품 중 '건강식품'을 판매·제공하는 매장,test,건강식품,T6 기계변형,00b64830-f897-4643-a5fa-6d8950c2ef89,낭만상회,식품,문산자유시장,전통시장,경기도,,,
d636b1abdd5b25614ee9,full_annotation_v1,A,q_건강식품_08,건강 식품,식료품 중 '건강식품'을 판매·제공하는 매장,test,건강식품,T6 기계변형,6814c466-5d66-492d-b2a1-2879945fc39b,종근당 건강 헬스벨스토리 인천작전점,건강식품,작전시장,전통시장,인천광역시,,,
d856b456085a867ea7df,full_annotation_v1,A,q_건강식품_08,건강 식품,식료품 중 '건강식품'을 판매·제공하는 매장,test,건강식품,T6 기계변형,008b065b-181b-4891-95dc-7a77a7c143d1,혜화온누리약국,약국,유성도안 골목형상점가,골목형상점가,대전광역시,,,
6499acea902b5a7279dc,full_annotation_v1,A,q_건강식품_08,건강 식품,식료품 중 '건강식품'을 판매·제공하는 매장,test,건강식품,T6 기계변형,016f8113-22a7-4ef1-a80f-0562dd2a06e9,동이식품,"식품, 농산물",중앙신시장,전통시장,경상북도,,,
dafb70ae11dd53396187,full_annotation_v1,A,q_건강식품_08,건강 식품,식료품 중 '건강식품'을 판매·제공하는 매장,test,건강식품,T6 기계변형,004b2dbc-a37a-4c33-8661-ca25a873ac90,중앙인삼사,인삼,통영중앙전통시장,전통시장,경상남도,,,
4aea019947a2eb2e71bb,full_annotation_v1,A,q_건강식품_08,건강 식품,식료품 중 '건강식품'을 판매·제공하는 매장,test,건강식품,T6 기계변형,2b4273dc-bc27-49e9-a851-4d3c7143175c,전주참편한콩나물국밥미역국,국밥,금호푸른상인회 골목형상점가,골목형상점가,광주광역시,,,
857813590afa7bd6df93,full_annotation_v1,A,q_건강식품_08,건강 식품,식료품 중 '건강식품'을 판매·제공하는 매장,test,건강식품,T6 기계변형,81f6b2a2-71ba-454c-8dbd-8e948c315d34,올리브영홍천점,체인화편의점 건강 및 미용관련상품,신장대리 자율상권구역,,강원특별자치도,,,
07c76b3668cd55196559,full_annotation_v1,A,q_건강식품_08,건강 식품,식료품 중 '건강식품'을 판매·제공하는 매장,test,건강식품,T6 기계변형,00339341-0652-4ec2-abc9-9cfd99cfafd8,정관장 화서시장점,건강기능식품,화서시장,전통시장,경기도,,,
8c128f4e61b49236e98f,full_annotation_v1,A,q_건강식품_08,건강 식품,식료품 중 '건강식품'을 판매·제공하는 매장,test,건강식품,T6 기계변형,af010048-aa51-44a7-814e-0b9778c521c9,OK상사,식품,숭례문수입상가,전통시장,서울특별시,,,
eb4f291d3346a48b84f2,full_annotation_v1,A,q_건강식품_08,건강 식품,식료품 중 '건강식품'을 판매·제공하는 매장,test,건강식품,T6 기계변형,ad2f63a7-279a-4e8d-99a3-87f459ec5853,퀸,의류,새동인천지하상가,일반지하상점가,인천광역시,,,
93d3422c290e6e8f2373,full_annotation_v1,A,q_건강식품_08,건강 식품,식료품 중 '건강식품'을 판매·제공하는 매장,test,건강식품,T6 기계변형,aa9e25e7-3413-483e-b15b-d0cff2b6ac31,다비치안경 천안불당점,안경 및 건강 보조식품 소매업,시청앞사거리 골목형상점가,골목형상점가,충청남도,,,
dad24c777f2a64da51e9,full_annotation_v1,A,q_건강식품_08,건강 식품,식료품 중 '건강식품'을 판매·제공하는 매장,test,건강식품,T6 기계변형,01f1ff87-d7c5-4c13-b60e-937f9d6221fd,수삼센터 83호,인삼(수삼),금산수삼센터,전통시장,충청남도,,,
429021dfa90120787fe7,full_annotation_v1,A,q_건강식품_08,건강 식품,식료품 중 '건강식품'을 판매·제공하는 매장,test,건강식품,T6 기계변형,aa2c028d-6478-4df0-820a-a9930e0a5f31,영마트세종점,식품,한솔센터 골목형상점가,골목형상점가,세종특별자치시,,,
8f9f32384e3d321f5fab,full_annotation_v1,A,q_건강식품_08,건강 식품,식료품 중 '건강식품'을 판매·제공하는 매장,test,건강식품,T6 기계변형,006929a4-6712-43ca-80d7-f540710009b5,삼송프라자약국,의약품 외 건강기능식품,신원권율3 골목형상점가,골목형상점가,경기도,,,
bbf3f9032224662deb73,full_annotation_v1,A,q_건강식품_08,건강 식품,식료품 중 '건강식품'을 판매·제공하는 매장,test,건강식품,T6 기계변형,00bd78a7-2a89-48d4-b7ec-efe5116ce2a4,반월당경북약국,약국,메트로센터(반월당지하쇼핑),일반지하상점가,대구광역시,,,
37ea20f6ddd032e9270c,full_annotation_v1,A,q_건강식품_08,건강 식품,식료품 중 '건강식품'을 판매·제공하는 매장,test,건강식품,T6 기계변형,62a5ce47-8e22-4e48-83a1-636152b6e35a,삼성비뇨기과,건강 보조식품 소매업,쌍용동 충무로1구역 골목형상점가,골목형상점가,충청남도,,,
15ff089eb6ca1928d353,full_annotation_v1,A,q_건강식품_08,건강 식품,식료품 중 '건강식품'을 판매·제공하는 매장,test,건강식품,T6 기계변형,019ac829-9ffd-42aa-bfd1-9da1dfba52e2,바디엔 약국,,남악1번가 골목형상점가,골목형상점가,,,,
2598d6dca12c14b6fd96,full_annotation_v1,A,q_건강식품_08,건강 식품,식료품 중 '건강식품'을 판매·제공하는 매장,test,건강식품,T6 기계변형,c736454a-7fcd-4f14-b1fd-e41f91437566,중앙푸드,식품,오산오색시장(구 오산중앙시장),전통시장,경기도,,,
909b2e79baf299d4d24e,full_annotation_v1,A,q_건강식품_08,건강 식품,식료품 중 '건강식품'을 판매·제공하는 매장,test,건강식품,T6 기계변형,00140fab-ec56-4d81-8a03-d3d4aa8d5a49,계령약국,의약품,성대시장골목형상점가,골목형상점가,서울특별시,,,
e3563c798482cf0f9791,full_annotation_v1,A,q_건강식품_08,건강 식품,식료품 중 '건강식품'을 판매·제공하는 매장,test,건강식품,T6 기계변형,cb7305ef-a51e-4948-bee1-c9793068f295,옛날반찬,식품,속초종합중앙시장,전통시장,강원특별자치도,,,
c0cda88c775efb16d7c8,full_annotation_v1,A,q_건강식품_08,건강 식품,식료품 중 '건강식품'을 판매·제공하는 매장,test,건강식품,T6 기계변형,3301506d-dbfb-4afd-9608-f73cf98266e0,광주서구지역자활센터 건강&즙,과일야채즙,상무1동아파트상인회 골목형상점가,골목형상점가,광주광역시,,,
7b78dac62ae3208b021e,full_annotation_v1,A,q_건강식품_08,건강 식품,식료품 중 '건강식품'을 판매·제공하는 매장,test,건강식품,T6 기계변형,b2c1f519-0dcf-4eeb-bc3e-c3426c31b24a,스마일건강,건강기능식품,남포지하도상가,일반지하상점가,부산광역시,,,
7c5bb18fd6b0636ee179,full_annotation_v1,A,q_건강식품_08,건강 식품,식료품 중 '건강식품'을 판매·제공하는 매장,test,건강식품,T6 기계변형,e59f5288-28ef-4279-bf5f-9bb7dbdff366,맛최고찹쌀꽈배기,식품,진잠 골목형상점가,골목형상점가,대전광역시,,,
9ed3b5149ce51ea631de,full_annotation_v1,A,q_건강식품_08,건강 식품,식료품 중 '건강식품'을 판매·제공하는 매장,test,건강식품,T6 기계변형,00768c91-a678-4fbc-a372-a2ee0260218f,수택온누리약국,,구리시 구도심 상권활성화구역,상권활성화구역,경기도,,,
5a0c082f7cd33c32ce84,full_annotation_v1,A,q_건강식품_08,건강 식품,식료품 중 '건강식품'을 판매·제공하는 매장,test,건강식품,T6 기계변형,692c6cca-6440-4c07-8282-63175e6df621,짱이네유통,건강 보조용 액화식품제조,호계종합시장,전통시장,경기도,,,
73ef35e719697bed84c1,full_annotation_v1,A,q_건강식품_08,건강 식품,식료품 중 '건강식품'을 판매·제공하는 매장,test,건강식품,T6 기계변형,1957ce61-15ee-48c3-a96c-941858155912,옵티마약초약국,건강 기능식품 의약품,의왕도깨비시장,전통시장,경기도,,,
2a1a308ef94698970e78,full_annotation_v1,A,q_건강식품_08,건강 식품,식료품 중 '건강식품'을 판매·제공하는 매장,test,건강식품,T6 기계변형,3fa37621-8424-42d2-a1f4-10b0397e3124,씨유 마륵공원점,"식품, 주류, 담배",금호운천로상인회 골목형상점가,골목형상점가,광주광역시,,,
7701f82f33df37d1baad,full_annotation_v1,A,q_건강식품_08,건강 식품,식료품 중 '건강식품'을 판매·제공하는 매장,test,건강식품,T6 기계변형,0d33b8d2-93d3-4187-965f-292e65b8997c,슈올즈 첨단점,기능성 건강 신발,LC타워거리 골목형상점가,골목형상점가,광주광역시,,,
2774eca342f9819fe89e,full_annotation_v1,A,q_건강식품_08,건강 식품,식료품 중 '건강식품'을 판매·제공하는 매장,test,건강식품,T6 기계변형,0963b21f-b49e-4987-aacc-6f3edb426b4b,푸른뫼,식품,춘천풍물시장,전통시장,강원특별자치도,,,
2660bec3bdcdf32dddae,full_annotation_v1,A,q_건강식품_08,건강 식품,식료품 중 '건강식품'을 판매·제공하는 매장,test,건강식품,T6 기계변형,002c02f2-4428-4a84-a248-7b23ae109459,정관장 반석점,홍삼건강식품,지족반석 골목형상점가,골목형상점가,대전광역시,,,
6b3c1451488d4f54974b,full_annotation_v1,A,q_건강식품_08,건강 식품,식료품 중 '건강식품'을 판매·제공하는 매장,test,건강식품,T6 기계변형,0112a558-2787-41dc-ae68-695e60c4930c,해동그랜드약국,약국,전곡시장,전통시장,서울특별시,,,
7b1d3c55c71510f3dd87,full_annotation_v1,A,q_건강식품_08,건강 식품,식료품 중 '건강식품'을 판매·제공하는 매장,test,건강식품,T6 기계변형,ae05f3a8-f9b2-4ebf-a4be-055f60a06c7e,해광농산,소매(농산물),일산시장(구 일산전통시장),전통시장,경기도,,,
6fa7f984e4c56fc9d788,full_annotation_v1,A,q_건강식품_08,건강 식품,식료품 중 '건강식품'을 판매·제공하는 매장,test,건강식품,T6 기계변형,3e192d51-04dd-478a-a9c5-c3b65d8cd974,세일종합상사,농업용자재,답십리 건축자재시장,전통시장,서울특별시,,,
5e9417d8b4eef9eac50a,full_annotation_v1,A,q_건강식품_08,건강 식품,식료품 중 '건강식품'을 판매·제공하는 매장,test,건강식품,T6 기계변형,01befe6d-bfd6-4c6f-be43-d02efffe1dd1,성덕인삼,인삼,부전인삼시장,전통시장,부산광역시,,,
6c7a2f5f63ad24b4bdf4,full_annotation_v1,A,q_건강식품_08,건강 식품,식료품 중 '건강식품'을 판매·제공하는 매장,test,건강식품,T6 기계변형,ad0e01ae-fdaf-43f8-bb2d-2de9beef09b2,제일건강원,건강,아랫장,전통시장,전라남도,,,
7c7e6f2f7df39e68332d,full_annotation_v1,A,q_건강식품_08,건강 식품,식료품 중 '건강식품'을 판매·제공하는 매장,test,건강식품,T6 기계변형,b4d9f6b9-ca3c-4354-b329-77363f5db9e6,우리홈마트,식품,명산시장,전통시장,전북특별자치도,,,
4db409774ca3a25b69f8,full_annotation_v1,A,q_건강식품_08,건강 식품,식료품 중 '건강식품'을 판매·제공하는 매장,test,건강식품,T6 기계변형,7a34d1a0-40c5-4059-87b4-bad643260761,금척유통,식품,건천시장,전통시장,경상북도,,,
94ab3ff8fa2dcdd42014,full_annotation_v1,A,q_건강식품_08,건강 식품,식료품 중 '건강식품'을 판매·제공하는 매장,test,건강식품,T6 기계변형,4f464e22-1a9a-459e-9cd4-a91771891272,본정 식품,,함평천지전통시장(함평5일시장),전통시장,,,,
6674a13109d8074cc54b,full_annotation_v1,A,q_건강식품_08,건강 식품,식료품 중 '건강식품'을 판매·제공하는 매장,test,건강식품,T6 기계변형,7b04abd9-c4a5-4506-91bf-c1992957cc31,(주)더블유산후조리원건강기능식품지점,건강 보조식품 소매업,운수대통 골목형상점가,골목형상점가,광주광역시,,,
be343a2dcd770125c69e,full_annotation_v1,A,q_건강식품_08,건강 식품,식료품 중 '건강식품'을 판매·제공하는 매장,test,건강식품,T6 기계변형,5b37ecfe-713e-455d-9f9f-d7a899726e1d,조마식품,식품,김천황금시장,전통시장,경상북도,,,
01420df2fdef1f50dcb5,full_annotation_v1,A,q_건강식품_08,건강 식품,식료품 중 '건강식품'을 판매·제공하는 매장,test,건강식품,T6 기계변형,d7ac9187-a8e7-40bf-8dc7-f89d552f9f18,미대언니,,신촌길 서한이다음 골목형상점가,골목형상점가,대구광역시,,,
95ed503171ee7023e2f1,full_annotation_v1,A,q_건강식품_08,건강 식품,식료품 중 '건강식품'을 판매·제공하는 매장,test,건강식품,T6 기계변형,eef00883-c67c-436a-911c-5eb4a23c4d74,리얼프랜드,"건강 보조식품, 족욕",석촌시장,전통시장,서울특별시,,,
169709329cc07d87502e,full_annotation_v1,A,q_건강식품_08,건강 식품,식료품 중 '건강식품'을 판매·제공하는 매장,test,건강식품,T6 기계변형,b98e5c9b-2c5e-450b-a0b7-8511e258049f,코코양복점,양복,제2경주중심상가시장(경주봉황중심상가시장),전통시장,경상북도,,,
5d1c7161f9596368592f,full_annotation_v1,A,q_건강식품_08,건강 식품,식료품 중 '건강식품'을 판매·제공하는 매장,test,건강식품,T6 기계변형,ea9af1a4-e2a3-4432-9004-69948c72e7a0,건강튼튼365,식품,구미 아카데미상가 골목형상점가,골목형상점가,경상북도,,,
b9bb7e4021459e36ad76,full_annotation_v1,A,q_건강식품_08,건강 식품,식료품 중 '건강식품'을 판매·제공하는 매장,test,건강식품,T6 기계변형,02cd45e9-fe92-42d2-9ae1-da8fc01edbdb,(주)서울인삼유통,홍삼,경동시장,전통시장,서울특별시,,,
10afee5f554a0058c405,full_annotation_v1,A,q_건강식품_08,건강 식품,식료품 중 '건강식품'을 판매·제공하는 매장,test,건강식품,T6 기계변형,e88516a3-3a8a-49d8-9742-e5e33885ad4d,신앙촌상회,식품,구서오시게시장,전통시장,부산광역시,,,
5b45dd02aae004116892,full_annotation_v1,A,q_건강식품_08,건강 식품,식료품 중 '건강식품'을 판매·제공하는 매장,test,건강식품,T6 기계변형,e72f4e43-057a-49bc-8960-f7373b78d21f,건강 가득찬,반찬,자양전통시장,전통시장,서울특별시,,,
60fdf2316ca10ba4e48f,full_annotation_v1,A,q_건강식품_08,건강 식품,식료품 중 '건강식품'을 판매·제공하는 매장,test,건강식품,T6 기계변형,4261898b-d1f2-4cb2-bd18-0a3cc7614b84,내추럴 건강,차류,과천새서울프라자시장,전통시장,경기도,,,
841c072b2c54a4018003,full_annotation_v1,A,q_건강식품_08,건강 식품,식료품 중 '건강식품'을 판매·제공하는 매장,test,건강식품,T6 기계변형,18be2348-db7b-4393-84d7-fb5afc16a45c,수억상회,식품,청량리종합시장,전통시장,서울특별시,,,
48ffc172da985efdc9b6,full_annotation_v1,A,q_건강식품_08,건강 식품,식료품 중 '건강식품'을 판매·제공하는 매장,test,건강식품,T6 기계변형,194f478c-fd9a-4cd2-865b-ca314f66e2e7,려가중국식품,식품,지동시장,전통시장,경기도,,,
15048a9aedbaa978754b,full_annotation_v1,A,q_건강식품_08,건강 식품,식료품 중 '건강식품'을 판매·제공하는 매장,test,건강식품,T6 기계변형,9b41fb41-2c52-4a7d-802f-341075ec7dcf,라벨르 건강 살롱,화장품,동래시장,전통시장,부산광역시,,,
2a27fbe109f384cc70da,full_annotation_v1,A,q_건강식품_08,건강 식품,식료품 중 '건강식품'을 판매·제공하는 매장,test,건강식품,T6 기계변형,958a38c2-3a5b-4f1d-8195-2c42f874bbe2,참젓갈,식품,포항죽도농산물시장,전통시장,경상북도,,,
b2adf33b2aa644f2a7e8,full_annotation_v1,A,q_건강식품_08,건강 식품,식료품 중 '건강식품'을 판매·제공하는 매장,test,건강식품,T6 기계변형,92a1d4df-6f83-4911-bba7-2af52cc1d69c,피엠(PM)건강,잡화,시티프라자골목형상점가,골목형상점가,전라남도,,,
3a21684ed2a77573df5c,full_annotation_v1,A,q_건강식품_08,건강 식품,식료품 중 '건강식품'을 판매·제공하는 매장,test,건강식품,T6 기계변형,fae50d07-57d0-422c-8e29-8b25e2770fcd,네이쳐스영 창원점,건강 기능식품,창원 명서시장,전통시장,경상남도,,,
75b33afc2ab7482b3910,full_annotation_v1,A,q_건강식품_08,건강 식품,식료품 중 '건강식품'을 판매·제공하는 매장,test,건강식품,T6 기계변형,008a831c-1fd3-4b7c-96c1-0e92332ccbf3,명성약국,의약품,공주산성시장,전통시장,충청남도,,,
7a33264e48ed76c4f813,full_annotation_v1,A,q_건강식품_08,건강 식품,식료품 중 '건강식품'을 판매·제공하는 매장,test,건강식품,T6 기계변형,c3b5f783-4caf-4a51-b71d-c73f5b032136,호주면세점 남문시장점,건강 기능식품,수원남문패션1번가시장,전통시장,경기도,,,
83be6001c77234cf814e,full_annotation_v1,A,q_건강식품_08,건강 식품,식료품 중 '건강식품'을 판매·제공하는 매장,test,건강식품,T6 기계변형,c714500e-8e3d-4019-85cd-bba5dc9b0e82,원쌤미식,식품,가재마을 골목형상점가,골목형상점가,세종특별자치시,,,
4bf58eca18e192211a4a,full_annotation_v1,A,q_건강식품_08,건강 식품,식료품 중 '건강식품'을 판매·제공하는 매장,test,건강식품,T6 기계변형,00b6e321-5954-437c-b1d9-94fded29f67e,웰빙마트,식품,서남신시장,전통시장,대구광역시,,,
6a91d96f4c0cb75ee1ed,full_annotation_v1,A,q_건강식품_08,건강 식품,식료품 중 '건강식품'을 판매·제공하는 매장,test,건강식품,T6 기계변형,17030cd3-f60c-4b7f-baea-2da51cdbd0df,미성식육점,식육도소매,영주공설시장,전통시장,경상북도,,,
5aea96773a22534cf67c,full_annotation_v1,A,q_건강식품_08,건강 식품,식료품 중 '건강식품'을 판매·제공하는 매장,test,건강식품,T6 기계변형,47b279e9-8901-45b7-95d9-ceca774eb6b0,동향식품,식품,목포항동시장,전통시장,전라남도,,,
df49de166623d1bfd835,full_annotation_v1,A,q_건강식품_08,건강 식품,식료품 중 '건강식품'을 판매·제공하는 매장,test,건강식품,T6 기계변형,33f2beb2-6fa4-4451-980f-8cac745c80e1,해성식품,식품,예천상설시장,전통시장,경상북도,,,
59355b4ed306e71c6166,full_annotation_v1,A,q_건강식품_08,건강 식품,식료품 중 '건강식품'을 판매·제공하는 매장,test,건강식품,T6 기계변형,c8fd8e05-db70-43f1-9896-bad54c465879,유통1번지,식품,서울중부시장,전통시장,서울특별시,,,
e7662c13ba8a5c271066,full_annotation_v1,A,q_건강식품_08,건강 식품,식료품 중 '건강식품'을 판매·제공하는 매장,test,건강식품,T6 기계변형,9fa02ae7-7b42-43f1-86b9-2c9b9314935a,중국식품,식품,별빛뉴타운골목형상점가,골목형상점가,서울특별시,,,
e36dc3c4be671b93db76,full_annotation_v1,A,q_건강식품_08,건강 식품,식료품 중 '건강식품'을 판매·제공하는 매장,test,건강식품,T6 기계변형,a4cef5cf-dbaa-4f36-a7e7-f0eda7272eab,로얄식품,식품,중앙식료시장(중앙먹통시장),전통시장,전라남도,,,
80be82a76ecf676c7cb6,full_annotation_v1,A,q_건강식품_08,건강 식품,식료품 중 '건강식품'을 판매·제공하는 매장,test,건강식품,T6 기계변형,023caced-6133-4a64-839b-a1c69c27bb87,정관장과천점,소매업(홍삼제품),별양동상점가,자율상권구역,경기도,,,
65bc33d94e7d48ecd6ac,full_annotation_v1,A,q_건강식품_08,건강 식품,식료품 중 '건강식품'을 판매·제공하는 매장,test,건강식품,T6 기계변형,159f8f9d-7e9d-41ae-af32-651b655453d1,종근당 건강 헬스벨스토리 진주중앙시장,,진주 중앙시장,전통시장,경상남도,,,
b1d2cc1d876fe5f35ab2,full_annotation_v1,A,q_건강식품_08,건강 식품,식료품 중 '건강식품'을 판매·제공하는 매장,test,건강식품,T6 기계변형,a9b50f2e-0042-4374-91e9-bc34ae275a9a,한국커피평가원 주식회사,교육,월배선사 골목형상점가,골목형상점가,대구광역시,,,
9214cc550f3f2b795633,full_annotation_v1,A,q_건강식품_08,건강 식품,식료품 중 '건강식품'을 판매·제공하는 매장,test,건강식품,T6 기계변형,b3bf0bfd-fa1d-4460-b86d-3a0b155bd2d2,채움힘찬건강,건강식품,면목골목시장,전통시장,서울특별시,,,
25c71d05a8a0a25d4f20,full_annotation_v1,A,q_건강식품_08,건강 식품,식료품 중 '건강식품'을 판매·제공하는 매장,test,건강식품,T6 기계변형,aa4eda60-013d-4790-890c-a0e04db9e162,인어스헤어 광주금호점,미용실,금호운천로상인회 골목형상점가,골목형상점가,광주광역시,,,
65464f560c9f5766bae4,full_annotation_v1,A,q_건강식품_08,건강 식품,식료품 중 '건강식품'을 판매·제공하는 매장,test,건강식품,T6 기계변형,00e92856-b294-4032-8540-d60e9817f2d8,럭키약국,"의약품, 건강기능식품, 식품",충무로골목형상점가,골목형상점가,서울특별시,,,
7659cb5d745971e44d83,full_annotation_v1,A,q_건강식품_08,건강 식품,식료품 중 '건강식품'을 판매·제공하는 매장,test,건강식품,T6 기계변형,427cd152-40af-45bd-b6ee-c6a336ce775b,일억식품,식품,박달시장,전통시장,경기도,,,
7dad5fec87f00f69e61b,full_annotation_v1,A,q_건강식품_08,건강 식품,식료품 중 '건강식품'을 판매·제공하는 매장,test,건강식품,T6 기계변형,42a2e9f9-7dce-4dfe-97fd-51fdaa878d1d,서울건강원,건강 보조용 액화식품,강진읍 상권활성화구역,상권활성화구역,전라남도,,,
0a6c00716875bf333d22,full_annotation_v1,A,q_건강식품_08,건강 식품,식료품 중 '건강식품'을 판매·제공하는 매장,test,건강식품,T6 기계변형,5dc1051e-ba8f-4d5b-b710-3dc13465d873,동방식품,식품,신중앙시장,전통시장,서울특별시,,,
f41b80b1f43a22394fd6,full_annotation_v1,A,q_건강식품_08,건강 식품,식료품 중 '건강식품'을 판매·제공하는 매장,test,건강식품,T6 기계변형,73df9930-c10c-46bc-8c4f-1c1910fc0a35,신앙촌상회,식품,용호1동골목시장,전통시장,부산광역시,,,
16516a8a4ab97bc56818,full_annotation_v1,A,q_건강식품_08,건강 식품,식료품 중 '건강식품'을 판매·제공하는 매장,test,건강식품,T6 기계변형,13ff5f6e-698b-460b-bd88-a7dfe02f4c80,웰빙건강랜드,건강 식품,금당로 골목형상점가,골목형상점가,광주광역시,,,
eab573b0765e1ee5b562,full_annotation_v1,A,q_건강식품_08,건강 식품,식료품 중 '건강식품'을 판매·제공하는 매장,test,건강식품,T6 기계변형,37c47c13-80aa-408b-bbde-fb498372bdd8,공단식품,식품,신평골목시장,전통시장,부산광역시,,,
8391e6f8f2de9ff29843,full_annotation_v1,A,q_건강식품_08,건강 식품,식료품 중 '건강식품'을 판매·제공하는 매장,test,건강식품,T6 기계변형,8d5b45d3-c2b3-4855-bc44-15dcb8f604bc,힐스템 건강(동천점),화장품ㆍ헬스,신창중앙,골목형상점가,광주광역시,,,
ecb0b5243ed8bbb3e2b6,full_annotation_v1,A,q_건강식품_08,건강 식품,식료품 중 '건강식품'을 판매·제공하는 매장,test,건강식품,T6 기계변형,94705af6-a9ab-481f-b9c0-32835e4032e1,신광분식,식품,서문공설시장,전통시장,제주특별자치도,,,
0c6f08993ef4a2c6dd40,full_annotation_v1,A,q_건강식품_08,건강 식품,식료품 중 '건강식품'을 판매·제공하는 매장,test,건강식품,T6 기계변형,0a8df3aa-6114-4f1d-93a6-7ee4232caf0e,건강,한식,산수시장,전통시장,광주광역시,,,
5d7697158002aef5a003,full_annotation_v1,A,q_건강식품_08,건강 식품,식료품 중 '건강식품'을 판매·제공하는 매장,test,건강식품,T6 기계변형,fdfaefa1-7b27-4a24-b501-9bac1549112d,건강,돼지곱창전골,우산동 골목형상점가,골목형상점가,광주광역시,,,
e405fd06408e6c0c9932,full_annotation_v1,A,q_건강식품_08,건강 식품,식료품 중 '건강식품'을 판매·제공하는 매장,test,건강식품,T6 기계변형,b3046930-7fcb-4daf-bea8-adc4172714d2,고려인삼,건강 보조식품,경동시장,전통시장,서울특별시,,,
1424e6b6912086642ba4,full_annotation_v1,A,q_건강식품_08,건강 식품,식료품 중 '건강식품'을 판매·제공하는 매장,test,건강식품,T6 기계변형,c814f2a1-e5e9-4ea9-8fc2-803318998cd3,두메식품,식품,부천상동시장,전통시장,경기도,,,
4ddb5e697f99f50c3168,full_annotation_v1,A,q_건강식품_08,건강 식품,식료품 중 '건강식품'을 판매·제공하는 매장,test,건강식품,T6 기계변형,009bd725-6319-41ec-87fb-f904d54243ca,현대인삼,"홍삼, 인삼",경동시장,전통시장,서울특별시,,,
759bbbc9035fabdfdfe6,full_annotation_v1,A,q_건강식품_09,건강식푼,식료품 중 '건강식품'을 판매·제공하는 매장,test,건강식품,T6 기계변형,4ac9ee52-44d1-4d33-b5d2-d8c27eb5cf16,건강식품,곡물,충금지하도상가,일반지하상점가,광주광역시,,,
78a740f27ed8f23c13f6,full_annotation_v1,A,q_건강식품_09,건강식푼,식료품 중 '건강식품'을 판매·제공하는 매장,test,건강식품,T6 기계변형,1a2da266-a156-4b54-b774-c23da7844e2f,유향,건강식품,부천자유시장,전통시장,경기도,,,
8d862cee83e84afcc8c1,full_annotation_v1,A,q_건강식품_09,건강식푼,식료품 중 '건강식품'을 판매·제공하는 매장,test,건강식품,T6 기계변형,252d05ae-d624-4e20-820f-dd0c41e24014,건강마트,건강식품,광명새마을시장,전통시장,경기도,,,
bde0f7596c756cd0467e,full_annotation_v1,A,q_건강식품_09,건강식푼,식료품 중 '건강식품'을 판매·제공하는 매장,test,건강식품,T6 기계변형,421789af-5708-4fc4-9198-2be291a028b7,보라매양품,의류,서산동부전통시장,전통시장,충청남도,,,
67160115f444b81e3936,full_annotation_v1,A,q_건강식품_09,건강식푼,식료품 중 '건강식품'을 판매·제공하는 매장,test,건강식품,T6 기계변형,0040b4e6-7b74-4175-b54d-add4fe693d49,메디팜보명당약국,"의약품, 의료욕구, 복지욕구, 의료기기",점촌역전상점가,자율상권구역,경상북도,,,
78194cd268068b1017eb,full_annotation_v1,A,q_건강식품_09,건강식푼,식료품 중 '건강식품'을 판매·제공하는 매장,test,건강식품,T6 기계변형,017027d8-dbc4-49d9-82f8-f16291770c91,강릉인삼사,인삼건강식품,경동시장,전통시장,서울특별시,,,
6765dcf4365984dad87a,full_annotation_v1,A,q_건강식품_09,건강식푼,식료품 중 '건강식품'을 판매·제공하는 매장,test,건강식품,T6 기계변형,008b065b-181b-4891-95dc-7a77a7c143d1,혜화온누리약국,약국,유성도안 골목형상점가,골목형상점가,대전광역시,,,
91d18fae1e48a8b825a2,full_annotation_v1,A,q_건강식품_09,건강식푼,식료품 중 '건강식품'을 판매·제공하는 매장,test,건강식품,T6 기계변형,c4498a18-2af7-4694-9057-551a5112f03f,건강찾는건강원,건강식품,포남용마거리골목형상점가,골목형상점가,강원특별자치도,,,
268e445f5bfbfac761ea,full_annotation_v1,A,q_건강식품_09,건강식푼,식료품 중 '건강식품'을 판매·제공하는 매장,test,건강식품,T6 기계변형,f1903e70-32e8-48a4-8265-57fa4b5cc138,건강식품판매점,건강식품,행복상점가,자율상권구역,경상북도,,,
71675d3f709e064adc13,full_annotation_v1,A,q_건강식품_09,건강식푼,식료품 중 '건강식품'을 판매·제공하는 매장,test,건강식품,T6 기계변형,02cd45e9-fe92-42d2-9ae1-da8fc01edbdb,(주)서울인삼유통,홍삼,경동시장,전통시장,서울특별시,,,
e5970e83b750eb62f810,full_annotation_v1,A,q_건강식품_09,건강식푼,식료품 중 '건강식품'을 판매·제공하는 매장,test,건강식품,T6 기계변형,56684664-6707-48c1-af66-f998dd930116,상무 건강원,건강식품,치평동중흥상가상인회 골목형상점가,골목형상점가,광주광역시,,,
f8448fa03b85bd1566fa,full_annotation_v1,A,q_건강식품_09,건강식푼,식료품 중 '건강식품'을 판매·제공하는 매장,test,건강식품,T6 기계변형,019ac829-9ffd-42aa-bfd1-9da1dfba52e2,바디엔 약국,,남악1번가 골목형상점가,골목형상점가,,,,
66392455bfa3c07fd65d,full_annotation_v1,A,q_건강식품_09,건강식푼,식료품 중 '건강식품'을 판매·제공하는 매장,test,건강식품,T6 기계변형,01f1ff87-d7c5-4c13-b60e-937f9d6221fd,수삼센터 83호,인삼(수삼),금산수삼센터,전통시장,충청남도,,,
11571b074de7be26f896,full_annotation_v1,A,q_건강식품_09,건강식푼,식료품 중 '건강식품'을 판매·제공하는 매장,test,건강식품,T6 기계변형,89fdbc96-07aa-47a7-a92c-39c28ed57dcf,옥설건강원,건강식품,남부골목시장,전통시장,서울특별시,,,
24054405501218f5d4e7,full_annotation_v1,A,q_건강식품_09,건강식푼,식료품 중 '건강식품'을 판매·제공하는 매장,test,건강식품,T6 기계변형,01befe6d-bfd6-4c6f-be43-d02efffe1dd1,성덕인삼,인삼,부전인삼시장,전통시장,부산광역시,,,
1940b28c284e6ee28d71,full_annotation_v1,A,q_건강식품_09,건강식푼,식료품 중 '건강식품'을 판매·제공하는 매장,test,건강식품,T6 기계변형,57eaecd9-7eb3-4f42-abc1-f66654c86bfc,평택인삼,건강식품,평택통복시장,전통시장,경기도,,,
1eff1334459109ab444f,full_annotation_v1,A,q_건강식품_09,건강식푼,식료품 중 '건강식품'을 판매·제공하는 매장,test,건강식품,T6 기계변형,23dcbd65-fd6a-4e61-a4d5-643067e94ca2,호두잡화점,주방용품 및 가정용 유리 패브릭제품,새마을골목형상점가,골목형상점가,강원특별자치도,,,
3823beb8c518ea161af0,full_annotation_v1,A,q_건강식품_09,건강식푼,식료품 중 '건강식품'을 판매·제공하는 매장,test,건강식품,T6 기계변형,00bd78a7-2a89-48d4-b7ec-efe5116ce2a4,반월당경북약국,약국,메트로센터(반월당지하쇼핑),일반지하상점가,대구광역시,,,
de61411bc09fcbb9f1b8,full_annotation_v1,A,q_건강식품_09,건강식푼,식료품 중 '건강식품'을 판매·제공하는 매장,test,건강식품,T6 기계변형,5d5b7d63-5843-4ead-aeea-67d8e220195e,엠오엠,건강식품,현대시장,전통시장,인천광역시,,,
b55574f1077ac606b1d1,full_annotation_v1,A,q_건강식품_09,건강식푼,식료품 중 '건강식품'을 판매·제공하는 매장,test,건강식품,T6 기계변형,000db6d6-585c-4aba-94e7-fc6a23a694fb,시민약국,의약품,문경중앙시장,전통시장,경상북도,,,
1ff26d109ffb51a2e1a0,full_annotation_v1,A,q_건강식품_09,건강식푼,식료품 중 '건강식품'을 판매·제공하는 매장,test,건강식품,T6 기계변형,11c6866d-e731-4265-bdbf-9fe5b18cfa08,투핸즈헬스,건강식픔,영천시장,전통시장,서울특별시,,,
2e0a8a02f09ba39e8d86,full_annotation_v1,A,q_건강식품_09,건강식푼,식료품 중 '건강식품'을 판매·제공하는 매장,test,건강식품,T6 기계변형,aa30459f-430a-48b1-8d05-09684e936091,풍년방앗간,참기름미숫가루,학운 골목형상점가,골목형상점가,광주광역시,,,
29eac8e82db72f59599c,full_annotation_v1,A,q_건강식품_09,건강식푼,식료품 중 '건강식품'을 판매·제공하는 매장,test,건강식품,T6 기계변형,d5da111d-1b5b-4450-9a35-1e9dd7d76543,네일,네일아트,을지로지하보도쇼핑센터,일반지하상점가,서울특별시,,,
007d65fa778df7c2a216,full_annotation_v1,A,q_건강식품_09,건강식푼,식료품 중 '건강식품'을 판매·제공하는 매장,test,건강식품,T6 기계변형,027cecd7-d8bb-40f9-9532-06a27b7792e9,정관장홍삼 내손동점,홍삼,의왕예술의거리골목형상점가,골목형상점가,경기도,,,
021d7588e321ae6d56e8,full_annotation_v1,A,q_건강식품_09,건강식푼,식료품 중 '건강식품'을 판매·제공하는 매장,test,건강식품,T6 기계변형,b50bf870-7f90-4edd-aaaa-513ca8d6bd13,굿카브,건강식 한식,고운마음 골목형상점가,골목형상점가,세종특별자치시,,,
815b21fea00d25a700d7,full_annotation_v1,A,q_건강식품_09,건강식푼,식료품 중 '건강식품'을 판매·제공하는 매장,test,건강식품,T6 기계변형,001961d9-cb5d-40bc-903a-33d483f7d132,헬씨스탠다드,"건강기능식품, 쌀, 견과류, 약재",응암소담길 골목형상점가,골목형상점가,서울특별시,,,
274566604ad7dd8a3151,full_annotation_v1,A,q_건강식품_09,건강식푼,식료품 중 '건강식품'을 판매·제공하는 매장,test,건강식품,T6 기계변형,0365a848-2165-4cd2-8285-5b74e5898bcf,웰빙시대,건강식품,수암종합시장,전통시장,울산광역시,,,
b00d6d6553160c8ddf02,full_annotation_v1,A,q_건강식품_09,건강식푼,식료품 중 '건강식품'을 판매·제공하는 매장,test,건강식품,T6 기계변형,016f8113-22a7-4ef1-a80f-0562dd2a06e9,동이식품,"식품, 농산물",중앙신시장,전통시장,경상북도,,,
7c7f89f3ba117cbd4548,full_annotation_v1,A,q_건강식품_09,건강식푼,식료품 중 '건강식품'을 판매·제공하는 매장,test,건강식품,T6 기계변형,eb8d8f22-b825-47bb-97fa-886bb9f70afa,건강시대,건강식품,주안시민지하도상점가,일반지하상점가,인천광역시,,,
d55666cccfd42d7d2d53,full_annotation_v1,A,q_건강식품_09,건강식푼,식료품 중 '건강식품'을 판매·제공하는 매장,test,건강식품,T6 기계변형,008a831c-1fd3-4b7c-96c1-0e92332ccbf3,명성약국,의약품,공주산성시장,전통시장,충청남도,,,
3c467f268319d4517a83,full_annotation_v1,A,q_건강식품_09,건강식푼,식료품 중 '건강식품'을 판매·제공하는 매장,test,건강식품,T6 기계변형,004b2dbc-a37a-4c33-8661-ca25a873ac90,중앙인삼사,인삼,통영중앙전통시장,전통시장,경상남도,,,
dd2a4c6c59273a8a9479,full_annotation_v1,A,q_건강식품_09,건강식푼,식료품 중 '건강식품'을 판매·제공하는 매장,test,건강식품,T6 기계변형,006929a4-6712-43ca-80d7-f540710009b5,삼송프라자약국,의약품 외 건강기능식품,신원권율3 골목형상점가,골목형상점가,경기도,,,
b5750e4378814f3c79d2,full_annotation_v1,A,q_건강식품_09,건강식푼,식료품 중 '건강식품'을 판매·제공하는 매장,test,건강식품,T6 기계변형,00b64830-f897-4643-a5fa-6d8950c2ef89,낭만상회,식품,문산자유시장,전통시장,경기도,,,
724833a467d4ce54a105,full_annotation_v1,A,q_건강식품_09,건강식푼,식료품 중 '건강식품'을 판매·제공하는 매장,test,건강식품,T6 기계변형,6c4b66f8-b95c-49fc-a620-fc8dee2e0a4d,건강의집,건강식품,군포역전전통시장,전통시장,경기도,,,
a63bbcaef23127aa21bb,full_annotation_v1,A,q_건강식품_09,건강식푼,식료품 중 '건강식품'을 판매·제공하는 매장,test,건강식품,T6 기계변형,dd69dc6d-958c-4a8b-96be-1b4b61a14db7,특효건강원,건강식품,공주산성시장,전통시장,충청남도,,,
35621ac27814db134689,full_annotation_v1,A,q_건강식품_09,건강식푼,식료품 중 '건강식품'을 판매·제공하는 매장,test,건강식품,T6 기계변형,c58f8e9f-7e28-46bc-b530-a081b1c2760f,다모아유통,슈퍼마켓,계양산전통시장,전통시장,인천광역시,,,
234de9914c071a898bfe,full_annotation_v1,A,q_건강식품_09,건강식푼,식료품 중 '건강식품'을 판매·제공하는 매장,test,건강식품,T6 기계변형,71e00c9e-c1cb-407c-bbf6-33c3557a890e,보강원,건강식품,오창전통시장,전통시장,충청북도,,,
adb2b42a4381d7388915,full_annotation_v1,A,q_건강식품_09,건강식푼,식료품 중 '건강식품'을 판매·제공하는 매장,test,건강식품,T6 기계변형,e2aa75f7-47fd-499d-ac3c-077a0b73a9d6,웰빙천국,건강식품,주안시민지하도상점가,일반지하상점가,인천광역시,,,
2ae9a553a567cd95a184,full_annotation_v1,A,q_건강식품_09,건강식푼,식료품 중 '건강식품'을 판매·제공하는 매장,test,건강식품,T6 기계변형,fd256287-6a17-489b-9105-3f0a57f5a4cc,청솔건강원,건강식품,유천시장,전통시장,대전광역시,,,
43974bc0a93d012ea3f2,full_annotation_v1,A,q_건강식품_09,건강식푼,식료품 중 '건강식품'을 판매·제공하는 매장,test,건강식품,T6 기계변형,0112a558-2787-41dc-ae68-695e60c4930c,해동그랜드약국,약국,전곡시장,전통시장,서울특별시,,,
84b3f01f14e7321fcf6a,full_annotation_v1,A,q_건강식품_09,건강식푼,식료품 중 '건강식품'을 판매·제공하는 매장,test,건강식품,T6 기계변형,7f12d4b7-9b90-447b-b043-9931ff5a67ff,백조건강원,건강식품,학소로 골목형상점가,골목형상점가,광주광역시,,,
adeb79ec2e4df157bf6d,full_annotation_v1,A,q_건강식품_09,건강식푼,식료품 중 '건강식품'을 판매·제공하는 매장,test,건강식품,T6 기계변형,00339341-0652-4ec2-abc9-9cfd99cfafd8,정관장 화서시장점,건강기능식품,화서시장,전통시장,경기도,,,
6466e4bb4fb073dce6f1,full_annotation_v1,A,q_건강식품_09,건강식푼,식료품 중 '건강식품'을 판매·제공하는 매장,test,건강식품,T6 기계변형,aede93ef-a560-4b86-8550-c73191e08f39,연서건강식품,건강식품,연서시장,전통시장,서울특별시,,,
bdcc9ad334da0f665c17,full_annotation_v1,A,q_건강식품_09,건강식푼,식료품 중 '건강식품'을 판매·제공하는 매장,test,건강식품,T6 기계변형,fe64a77a-116e-443a-a8fa-60a6f55989c2,GS25 속초해오름점,편의점 담배,새마을골목형상점가,골목형상점가,강원특별자치도,,,
8df52bf30834aac7556c,full_annotation_v1,A,q_건강식품_09,건강식푼,식료품 중 '건강식품'을 판매·제공하는 매장,test,건강식품,T6 기계변형,714e4529-1823-4be9-a6dd-7e66e97c3946,잉꼬건강원,건강식품,예산상설시장,전통시장,충청남도,,,
73eb437652d91c168fcc,full_annotation_v1,A,q_건강식품_09,건강식푼,식료품 중 '건강식품'을 판매·제공하는 매장,test,건강식품,T6 기계변형,a79b3c63-9f22-41c1-b261-de141f4aa14c,비뉴트,건강식품,부천자유시장,전통시장,경기도,,,
ec2f9948fbbf721975c1,full_annotation_v1,A,q_건강식품_09,건강식푼,식료품 중 '건강식품'을 판매·제공하는 매장,test,건강식품,T6 기계변형,3fd24b99-7dc3-4d09-ab92-40f25966c82d,홍두깨 칼국수,한식,원미부흥시장,전통시장,경기도,,,
bc74fc664801d96073e4,full_annotation_v1,A,q_건강식품_09,건강식푼,식료품 중 '건강식품'을 판매·제공하는 매장,test,건강식품,T6 기계변형,023caced-6133-4a64-839b-a1c69c27bb87,정관장과천점,소매업(홍삼제품),별양동상점가,자율상권구역,경기도,,,
160a7df47585c0136d4f,full_annotation_v1,A,q_건강식품_09,건강식푼,식료품 중 '건강식품'을 판매·제공하는 매장,test,건강식품,T6 기계변형,38d27467-e1e4-45ef-8fec-a1e6d6248cd0,흥보건강식품,건강식품,서울약령시장,전통시장,서울특별시,,,
b92b45d65006e932af23,full_annotation_v1,A,q_건강식품_09,건강식푼,식료품 중 '건강식품'을 판매·제공하는 매장,test,건강식품,T6 기계변형,0048134e-4060-4bf0-bffb-0cac8a53f2d8,사랑의뜰안 북광주점,건강기능식품,운암대자골 골목형상점가,골목형상점가,광주광역시,,,
41aab9c53adb72f0ed68,full_annotation_v1,A,q_건강식품_09,건강식푼,식료품 중 '건강식품'을 판매·제공하는 매장,test,건강식품,T6 기계변형,de98e597-a065-4d53-9ac1-142d49120452,루마버텍스 광주 북구점,차량 썬팅,임동오거리 골목형상점가,골목형상점가,광주광역시,,,
aff901794dc7069fa8f1,full_annotation_v1,A,q_건강식품_09,건강식푼,식료품 중 '건강식품'을 판매·제공하는 매장,test,건강식품,T6 기계변형,1001a67f-0c5a-4693-8e4e-f39dfdabc5ef,인산건강식품,건강식품,신천지시장,전통시장,부산광역시,,,
f4fb0a74d0301d26caaf,full_annotation_v1,A,q_건강식품_09,건강식푼,식료품 중 '건강식품'을 판매·제공하는 매장,test,건강식품,T6 기계변형,009bd725-6319-41ec-87fb-f904d54243ca,현대인삼,"홍삼, 인삼",경동시장,전통시장,서울특별시,,,
42fbebcf513f99591861,full_annotation_v1,A,q_건강식품_09,건강식푼,식료품 중 '건강식품'을 판매·제공하는 매장,test,건강식품,T6 기계변형,28de08a3-0947-4913-b8a0-9ce81c2ff1e4,대교건강원,건강식품,통영 북신전통시장,전통시장,경상남도,,,
6d0181670d6d09332312,full_annotation_v1,A,q_건강식품_09,건강식푼,식료품 중 '건강식품'을 판매·제공하는 매장,test,건강식품,T6 기계변형,0d2ad8c1-3a91-4425-bb48-6b1ed8250bc7,태산기획,생활잡화전기매트,센트럴프라자,골목형상점가,울산광역시,,,
a4513502d68a8bb77903,full_annotation_v1,A,q_건강식품_09,건강식푼,식료품 중 '건강식품'을 판매·제공하는 매장,test,건강식품,T6 기계변형,caf73004-600d-43ea-aaf6-a82ff75505d6,장위건강원,건강식품,꿈의숲장곡골목형상점가,골목형상점가,서울특별시,,,
8ad582f0dde0425deb7f,full_annotation_v1,A,q_건강식품_09,건강식푼,식료품 중 '건강식품'을 판매·제공하는 매장,test,건강식품,T6 기계변형,41691715-f4ff-45fb-bc9c-9e4d8b3e781b,시와팜,건강식품,창원 성원그랜드쇼핑상가,전통시장,경상남도,,,
b203eb3429f6b18d9eb9,full_annotation_v1,A,q_건강식품_09,건강식푼,식료품 중 '건강식품'을 판매·제공하는 매장,test,건강식품,T6 기계변형,20b5a60a-f723-4a96-a7b6-325b65851ae1,영광오리탕,오리탕,광주역앞교통광장 골목형상점가,골목형상점가,광주광역시,,,
d64bd73ac7d74088276a,full_annotation_v1,A,q_건강식품_09,건강식푼,식료품 중 '건강식품'을 판매·제공하는 매장,test,건강식품,T6 기계변형,00e92856-b294-4032-8540-d60e9817f2d8,럭키약국,"의약품, 건강기능식품, 식품",충무로골목형상점가,골목형상점가,서울특별시,,,
70e049d93f075e287027,full_annotation_v1,A,q_건강식품_09,건강식푼,식료품 중 '건강식품'을 판매·제공하는 매장,test,건강식품,T6 기계변형,00140fab-ec56-4d81-8a03-d3d4aa8d5a49,계령약국,의약품,성대시장골목형상점가,골목형상점가,서울특별시,,,
ccf952dcb17c017f36d8,full_annotation_v1,A,q_건강식품_09,건강식푼,식료품 중 '건강식품'을 판매·제공하는 매장,test,건강식품,T6 기계변형,1c403fbe-8de7-451b-a5bf-69539d445172,한밭건강원,건강식품,한민시장,전통시장,대전광역시,,,
43aa4e80183a95511e20,full_annotation_v1,A,q_건강식품_09,건강식푼,식료품 중 '건강식품'을 판매·제공하는 매장,test,건강식품,T6 기계변형,d55cf2e6-5630-4e57-9696-3ca5ee5991a4,반석건강원,건강식품,영등포전통시장,자율상권구역,서울특별시,,,
b10d645f0e9a743d9dd2,full_annotation_v1,A,q_건강식품_09,건강식푼,식료품 중 '건강식품'을 판매·제공하는 매장,test,건강식품,T6 기계변형,ae9b9ac2-0448-496c-b446-02b890480bc6,한약인수원,건강식품,화산면 골목형상점가,골목형상점가,전라남도,,,
ac7e84578a1d788d1bb5,full_annotation_v1,A,q_건강식품_09,건강식푼,식료품 중 '건강식품'을 판매·제공하는 매장,test,건강식품,T6 기계변형,002c02f2-4428-4a84-a248-7b23ae109459,정관장 반석점,홍삼건강식품,지족반석 골목형상점가,골목형상점가,대전광역시,,,
6a3bfda648c69e4886c5,full_annotation_v1,A,q_건강식품_09,건강식푼,식료품 중 '건강식품'을 판매·제공하는 매장,test,건강식품,T6 기계변형,ae41f838-496e-4394-a486-05a71a2da785,금산약초,과일,말바우시장,전통시장,광주광역시,,,
7ff42ba435ba6a5e2d03,full_annotation_v1,A,q_건강식품_09,건강식푼,식료품 중 '건강식품'을 판매·제공하는 매장,test,건강식품,T6 기계변형,58fdc068-3ef2-4b97-8cfc-abcafc36ee66,우엉건강초,건강식품,함평천지전통시장(함평5일시장),전통시장,전라남도,,,
771df5657c138bca7ff5,full_annotation_v1,A,q_건강식품_09,건강식푼,식료품 중 '건강식품'을 판매·제공하는 매장,test,건강식품,T6 기계변형,8fc2d6ae-acd3-4729-8a9c-ff57ca14c817,정근상사,건강식품,신정평화시장,전통시장,울산광역시,,,
9fb57a2a7140e6ccdae8,full_annotation_v1,A,q_건강식품_09,건강식푼,식료품 중 '건강식품'을 판매·제공하는 매장,test,건강식품,T6 기계변형,00768c91-a678-4fbc-a372-a2ee0260218f,수택온누리약국,,구리시 구도심 상권활성화구역,상권활성화구역,경기도,,,
9fe739d38b89179ea5ea,full_annotation_v1,A,q_건강식품_09,건강식푼,식료품 중 '건강식품'을 판매·제공하는 매장,test,건강식품,T6 기계변형,b3bf0bfd-fa1d-4460-b86d-3a0b155bd2d2,채움힘찬건강,건강식품,면목골목시장,전통시장,서울특별시,,,
f124cf88dca5d395cb85,full_annotation_v1,A,q_건강식품_09,건강식푼,식료품 중 '건강식품'을 판매·제공하는 매장,test,건강식품,T6 기계변형,42ce6509-b342-4f68-a5bf-92b4447d8b1a,성진C&C,"도소매(신발,잡화,의류,화장품) 도매(무역) 소매(이불",팔달문시장,전통시장,경기도,,,
37347c52865926706eb0,full_annotation_v1,A,q_건강식품_09,건강식푼,식료품 중 '건강식품'을 판매·제공하는 매장,test,건강식품,T6 기계변형,00b6e321-5954-437c-b1d9-94fded29f67e,웰빙마트,식품,서남신시장,전통시장,대구광역시,,,
d527fe54062bbb41c8a6,full_annotation_v1,A,q_건강식품_09,건강식푼,식료품 중 '건강식품'을 판매·제공하는 매장,test,건강식품,T6 기계변형,58a5819c-b999-47db-8c01-7fcc8fd5c9f3,에덴건강원,건강식품,능동로골목시장(자양한강전통시장),전통시장,서울특별시,,,
3784d9551b83c046e34d,full_annotation_v1,A,q_건강식품_09,건강식푼,식료품 중 '건강식품'을 판매·제공하는 매장,test,건강식품,T6 기계변형,498c4db6-94d6-4ea2-ab7f-b3a6ddf702ed,임진강건강원,건강식품,까치산시장,전통시장,서울특별시,,,
7116bc812c628c60f652,full_annotation_v1,A,q_건강식품_09,건강식푼,식료품 중 '건강식품'을 판매·제공하는 매장,test,건강식품,T6 기계변형,4c0d4c46-7698-4e0d-b29c-a4d0dedfb6be,늘봄건강원,건강식품,산본전통시장(구 군포산본시장),전통시장,경기도,,,
72a53e4d81394cde81b4,full_annotation_v1,A,q_건강식품_09,건강식푼,식료품 중 '건강식품'을 판매·제공하는 매장,test,건강식품,T6 기계변형,431c093f-ce1e-4144-b10c-2cbbe2aa8410,경희건강원,건강식품,원미부흥시장,전통시장,경기도,,,
8bf2c51acf95139b4bdf,full_annotation_v1,A,q_건강식품_09,건강식푼,식료품 중 '건강식품'을 판매·제공하는 매장,test,건강식품,T6 기계변형,a591dcdb-3486-4b58-ba80-073dd905d4bc,쌍방울,속옷,전주모래내시장,전통시장,전북특별자치도,,,
beee0245a45ef282f114,full_annotation_v1,A,q_건강식품_09,건강식푼,식료품 중 '건강식품'을 판매·제공하는 매장,test,건강식품,T6 기계변형,c793ebb3-f301-430f-833b-d1d80ae04ca8,뉴타운란제리,내의,세종전통시장,전통시장,세종특별자치시,,,
1aa4347077c3bd638490,full_annotation_v1,A,q_건강식품_09,건강식푼,식료품 중 '건강식품'을 판매·제공하는 매장,test,건강식품,T6 기계변형,034381c4-df95-42ea-88a4-0dc0d37e8e6b,정관장 남문로점,홍삼제품,학동 남문로 골목형상점가,골목형상점가,광주광역시,,,
8f34a8e706571e926251,full_annotation_v1,A,q_건강식품_09,건강식푼,식료품 중 '건강식품'을 판매·제공하는 매장,test,건강식품,T6 기계변형,4fe9bb5e-18db-42f4-943f-e73bfa60c04b,충무꿀빵,휴게음식,통영 서호전통시장,전통시장,경상남도,,,
dbd63e83fdc394f37225,full_annotation_v1,A,q_건강식품_09,건강식푼,식료품 중 '건강식품'을 판매·제공하는 매장,test,건강식품,T6 기계변형,f398b994-f8a9-414f-898c-03b612bf4409,건강상회,건강식품,상계중앙시장,전통시장,서울특별시,,,
a1756cf03d8b45c1d309,full_annotation_v1,A,q_건강식품_09,건강식푼,식료품 중 '건강식품'을 판매·제공하는 매장,test,건강식품,T6 기계변형,485eb8c7-2868-4453-981d-2e6b0af0463e,신홍삼에버케어,건강식품,거제 고현시장,전통시장,경상남도,,,
a1ddaeeb20b740630bcc,full_annotation_v1,A,q_건강식품_09,건강식푼,식료품 중 '건강식품'을 판매·제공하는 매장,test,건강식품,T6 기계변형,01049348-bdd8-4303-a750-8f85f7029a84,사랑의손효소마을,건강식품,구미형곡시장프라자,전통시장,경상북도,,,
8aecd6c11f53a28751a5,full_annotation_v1,A,q_건강식품_09,건강식푼,식료품 중 '건강식품'을 판매·제공하는 매장,test,건강식품,T6 기계변형,b095f7b7-ad5d-425e-97f8-38e449001c72,더드림 건강식품,건강식품,남서상점가,자율상권구역,경상북도,,,
e5161d674988613ef29b,full_annotation_v1,A,q_건어물_01,건어물,식료품 중 '건어물'을 판매·제공하는 매장,train,건어물,T1 정확표기,f62a6241-37db-403b-ae23-39ef324c7d56,대영 건어물,건어물,"칠성진,경명시장",전통시장,대구광역시,,,
f1cc7f71cb8a6a5e9a70,full_annotation_v1,A,q_건어물_01,건어물,식료품 중 '건어물'을 판매·제공하는 매장,train,건어물,T1 정확표기,58f65bd1-a3f0-46b5-9d72-86b7d72a7500,부평건어물,건어물,부평깡통시장(구 부산부평시장),전통시장,부산광역시,,,
44411d16419e8b832cc8,full_annotation_v1,A,q_건어물_01,건어물,식료품 중 '건어물'을 판매·제공하는 매장,train,건어물,T1 정확표기,6f4fb1b8-700f-4084-a187-2725fd822603,참좋은 건어물,건어물,북수원시장( 구 파장시장),전통시장,경기도,,,
7fb643fb019b2024ab8e,full_annotation_v1,A,q_건어물_01,건어물,식료품 중 '건어물'을 판매·제공하는 매장,train,건어물,T1 정확표기,2e2ed552-b12d-41b9-a1f1-ac511380fe74,경주상회,미역,포항죽도시장,전통시장,경상북도,,,
e460fc0618c3bb80beb4,full_annotation_v1,A,q_건어물_01,건어물,식료품 중 '건어물'을 판매·제공하는 매장,train,건어물,T1 정확표기,8e2e0686-2a08-4806-a940-7deb28f024e0,미소유통(건어물),건어물,단양팔경 골목형상점가,골목형상점가,충청북도,,,
21b53271c37719c5ed53,full_annotation_v1,A,q_건어물_01,건어물,식료품 중 '건어물'을 판매·제공하는 매장,train,건어물,T1 정확표기,753482ab-e6cb-46ce-9a22-4ae94d304156,충청마늘상회,마늘,황학시장,전통시장,서울특별시,,,
46b4200ff885b7347a8e,full_annotation_v1,A,q_건어물_01,건어물,식료품 중 '건어물'을 판매·제공하는 매장,train,건어물,T1 정확표기,752fae15-22cc-4a50-a99e-c1fc1a3b3cdd,쌍둥이 건어물,건어물,광명전통시장,전통시장,경기도,,,
30cf1f0cb794d73bb2af,full_annotation_v1,A,q_건어물_01,건어물,식료품 중 '건어물'을 판매·제공하는 매장,train,건어물,T1 정확표기,a8b73678-cc9f-429a-b01f-53c41f0b42b6,별표식품,건어물,군산시 구도심 상권활성화구역,상권활성화구역,전북특별자치도,,,
1d8bfb569fc52bb1a24a,full_annotation_v1,A,q_건어물_01,건어물,식료품 중 '건어물'을 판매·제공하는 매장,train,건어물,T1 정확표기,082711d5-e6ab-4078-8378-117f51fd8849,남부건어물,멸치 오징어 황태 등 건어물,전주남부시장,전통시장,전북특별자치도,,,
d57cabf7f0a53e459938,full_annotation_v1,A,q_건어물_01,건어물,식료품 중 '건어물'을 판매·제공하는 매장,train,건어물,T1 정확표기,af5a696a-7a73-4083-9184-595c772cf9b1,은행건어물,건어물,성남남한산성시장(구 은행골목시장),전통시장,경기도,,,
e8b1249f82b25a2e1639,full_annotation_v1,A,q_건어물_01,건어물,식료품 중 '건어물'을 판매·제공하는 매장,train,건어물,T1 정확표기,2f4ea315-ec67-4317-af1c-602a84c05f11,병철건어물,건어물,소래포구전통어시장,전통시장,인천광역시,,,
ba0504d0583bd79cacaf,full_annotation_v1,A,q_건어물_01,건어물,식료품 중 '건어물'을 판매·제공하는 매장,train,건어물,T1 정확표기,9198665a-80db-45bd-af02-d7b9454f67c0,우리네 건어물,건어물,양산 나래메트로시티 골목형상점가,골목형상점가,경상남도,,,
2cae2b66d144e7833051,full_annotation_v1,A,q_건어물_01,건어물,식료품 중 '건어물'을 판매·제공하는 매장,train,건어물,T1 정확표기,afe5f2c7-4bc3-45a6-8017-e0f487b545b7,청청건어물,건어물,까치산시장,전통시장,서울특별시,,,
3275747100681474db66,full_annotation_v1,A,q_건어물_01,건어물,식료품 중 '건어물'을 판매·제공하는 매장,train,건어물,T1 정확표기,89e23e85-9892-4b2a-906f-191a40e25d3d,천하무적건어물,건어물,대천항수산시장,전통시장,충청남도,,,
3593d8e2b789d9b7d119,full_annotation_v1,A,q_건어물_01,건어물,식료품 중 '건어물'을 판매·제공하는 매장,train,건어물,T1 정확표기,0d35ad16-f669-49b9-90c2-5d0ca5dcdabb,조은 건어물,건어물,관문상가시장,전통시장,대구광역시,,,
d4b9dc1ad82791d0aa6a,full_annotation_v1,A,q_건어물_01,건어물,식료품 중 '건어물'을 판매·제공하는 매장,train,건어물,T1 정확표기,008d479d-5e9e-40af-abf9-68279d698d42,남해 건어물,건어물,옥련시장,전통시장,인천광역시,,,
e9d908faf34fa4217f9c,full_annotation_v1,A,q_건어물_01,건어물,식료품 중 '건어물'을 판매·제공하는 매장,train,건어물,T1 정확표기,068c7c2c-3e2e-436b-8ffd-01f8b7630429,해농유통,김 자반 멸치 건어물등,매월동상인회 골목형상점가,골목형상점가,광주광역시,,,
9250b36e332454144105,full_annotation_v1,A,q_건어물_01,건어물,식료품 중 '건어물'을 판매·제공하는 매장,train,건어물,T1 정확표기,39e739a6-6516-409d-a7ae-88000f54efb0,한밭건어물,건어물,용운시장,전통시장,대전광역시,,,
6f3ece93b54236307d5f,full_annotation_v1,A,q_건어물_01,건어물,식료품 중 '건어물'을 판매·제공하는 매장,train,건어물,T1 정확표기,6a87a625-b780-48d5-ade7-69b0101bc78d,수협건어물,건어물,기장시장 일원 자율상권구역,,부산광역시,,,
4017065e0ce381a48222,full_annotation_v1,A,q_건어물_01,건어물,식료품 중 '건어물'을 판매·제공하는 매장,train,건어물,T1 정확표기,7a394c65-b6d2-49ed-9502-8e3608833d82,홍가네 건어물,건어물,엄사 골목형상점가,골목형상점가,충청남도,,,
090861992507f04dd9e2,full_annotation_v1,A,q_건어물_01,건어물,식료품 중 '건어물'을 판매·제공하는 매장,train,건어물,T1 정확표기,f67393fd-bb98-4ce7-8916-455e3d277bfc,다움핏 PT&헬스 동래,,SK 3차 골목형상점가,골목형상점가,부산광역시,,,
acc659c2d7fec9d0066c,full_annotation_v1,A,q_건어물_01,건어물,식료품 중 '건어물'을 판매·제공하는 매장,train,건어물,T1 정확표기,cf6ae456-4a09-4fa7-9f19-10643bfc3d68,형제상회,건어물,거창 전통시장,전통시장,경상남도,,,
d4016621a0ab0bc3477f,full_annotation_v1,A,q_건어물_01,건어물,식료품 중 '건어물'을 판매·제공하는 매장,train,건어물,T1 정확표기,2fe38cf9-f0a2-4965-8e45-12ca069faf78,어쩌다 건어물,건어물,신정상가시장,전통시장,울산광역시,,,
659a9d5ae2e6e5122d2c,full_annotation_v1,A,q_건어물_01,건어물,식료품 중 '건어물'을 판매·제공하는 매장,train,건어물,T1 정확표기,bb1771c1-a6e2-4c76-ba14-ac45976dd923,민수네(건어물),건어물,주문진좌판풍물시장,전통시장,강원특별자치도,,,
9012e95a90439b851f3e,full_annotation_v1,A,q_건어물_01,건어물,식료품 중 '건어물'을 판매·제공하는 매장,train,건어물,T1 정확표기,683679e4-bdd4-4745-8015-caf8d77295c6,대동상회(건어물),건어물,정이있는 구포시장,전통시장,부산광역시,,,
bf9182416ab8bc524bd9,full_annotation_v1,A,q_건어물_01,건어물,식료품 중 '건어물'을 판매·제공하는 매장,train,건어물,T1 정확표기,16317be1-6f55-476b-960c-a24322f5e611,복된건어물,건어물,부천상동시장,전통시장,경기도,,,
7b9a10f64e2132b2d560,full_annotation_v1,A,q_건어물_01,건어물,식료품 중 '건어물'을 판매·제공하는 매장,train,건어물,T1 정확표기,2bcfd171-7e6c-40c0-9f1b-8056c6755d4b,영동상회농수산물,농산물(미역멸치황태),길동복조리시장,전통시장,서울특별시,,,
d6474915a19fa2655ad6,full_annotation_v1,A,q_건어물_01,건어물,식료품 중 '건어물'을 판매·제공하는 매장,train,건어물,T1 정확표기,9e513890-b538-4c63-887b-3537ab29610d,부평건어물,건어물,일신시장(舊 부일종합시장),전통시장,인천광역시,,,
0046d1740aea814c0aa6,full_annotation_v1,A,q_건어물_01,건어물,식료품 중 '건어물'을 판매·제공하는 매장,train,건어물,T1 정확표기,34d9bfe9-f203-467c-bba4-d1c4f4d038fb,현주네 건어물,건어물,비아5일시장,전통시장,광주광역시,,,
f9c1197c52dcf1777e97,full_annotation_v1,A,q_건어물_01,건어물,식료품 중 '건어물'을 판매·제공하는 매장,train,건어물,T1 정확표기,c7fbbb60-047c-4c6c-beee-40e8790f86e0,첼로,의류,중앙전통시장,전통시장,울산광역시,,,
9b6241c118187bf16770,full_annotation_v1,A,q_건어물_01,건어물,식료품 중 '건어물'을 판매·제공하는 매장,train,건어물,T1 정확표기,dd94f949-4d9b-44d8-ac4a-945a9b6c1ddd,주례식품,건어물,장림골목시장,전통시장,부산광역시,,,
ab76b7de1724ee41e877,full_annotation_v1,A,q_건어물_01,건어물,식료품 중 '건어물'을 판매·제공하는 매장,train,건어물,T1 정확표기,887db2ca-4813-4675-96d9-86fcbb3822f2,내고향빈대떡,음식점업(한식),덕풍전통시장,전통시장,경기도,,,
452fe3540ce85f3750db,full_annotation_v1,A,q_건어물_01,건어물,식료품 중 '건어물'을 판매·제공하는 매장,train,건어물,T1 정확표기,00b090ad-30c0-4573-a43a-123f5116851b,호호정 멸치국수,,그랜드프라자&상용b상가 상점가,골목형상점가,경기도,,,
bbd32a20b79b7b8d703c,full_annotation_v1,A,q_건어물_01,건어물,식료품 중 '건어물'을 판매·제공하는 매장,train,건어물,T1 정확표기,0f723647-935f-41da-a1d7-794666dc4dc4,정이네,"오징어순대, 튀김",속초종합중앙시장,전통시장,강원특별자치도,,,
c71cfe8ac900f85a874c,full_annotation_v1,A,q_건어물_01,건어물,식료품 중 '건어물'을 판매·제공하는 매장,train,건어물,T1 정확표기,ef6aeb9d-21c4-432c-97a3-b4d07db60b44,일품 건어물,건어물,법동시장,전통시장,대전광역시,,,
f6409c08b899decd1ad3,full_annotation_v1,A,q_건어물_01,건어물,식료품 중 '건어물'을 판매·제공하는 매장,train,건어물,T1 정확표기,c981cdab-50ed-4f86-b7c8-46ade752a373,나만아는 건어물,건어물,매곡에뜰 골목형상점가,골목형상점가,울산광역시,,,
872061d70874c1715eb9,full_annotation_v1,A,q_건어물_01,건어물,식료품 중 '건어물'을 판매·제공하는 매장,train,건어물,T1 정확표기,18c13fa4-0fb0-4045-8b10-3ad77aa48a2f,(주)해가유통,건어물 김 미역,매월동상인회 골목형상점가,골목형상점가,광주광역시,,,
42c4e23bd12950ccf266,full_annotation_v1,A,q_건어물_01,건어물,식료품 중 '건어물'을 판매·제공하는 매장,train,건어물,T1 정확표기,6f61f4bb-6ae8-4a92-9244-e7ce81906b6c,원통건어물,건어물,인제시장,전통시장,강원특별자치도,,,
79160907442cbd67868d,full_annotation_v1,A,q_건어물_01,건어물,식료품 중 '건어물'을 판매·제공하는 매장,train,건어물,T1 정확표기,50ef96f2-27d3-4fc2-a628-9437ad9793ba,통영짱건어물,건어물,통영중앙전통시장,전통시장,경상남도,,,
77f85f26f0bae393bba4,full_annotation_v1,A,q_건어물_01,건어물,식료품 중 '건어물'을 판매·제공하는 매장,train,건어물,T1 정확표기,d8d008e2-2dfa-4cdc-8536-0b737488ebdd,동원 건어물,건어물,경동시장,전통시장,서울특별시,,,
59190a0fcce5630c4e39,full_annotation_v1,A,q_건어물_01,건어물,식료품 중 '건어물'을 판매·제공하는 매장,train,건어물,T1 정확표기,3941ee93-6da0-45f1-8c52-42890334284d,대진수산(건어물),건어물,군산수산물종합센터,전통시장,전북특별자치도,,,
2a09a9bf491508586b33,full_annotation_v1,A,q_건어물_01,건어물,식료품 중 '건어물'을 판매·제공하는 매장,train,건어물,T1 정확표기,fa617792-1903-40f4-bc6a-e3de89fa26f1,마산횟집,횟집,마산 석전시장,전통시장,경상남도,,,
f2fd88d38b9a63c98489,full_annotation_v1,A,q_건어물_01,건어물,식료품 중 '건어물'을 판매·제공하는 매장,train,건어물,T1 정확표기,13926788-2052-40ad-a147-eed6cf819c92,칸건어물,건어물,웃장,전통시장,전라남도,,,
bc0384e9ed31c9ed973f,full_annotation_v1,A,q_건어물_01,건어물,식료품 중 '건어물'을 판매·제공하는 매장,train,건어물,T1 정확표기,ce9b91dd-06b8-4248-bb3b-6be9c30eef5f,밀양집 건어물,건어물,초량전통시장,전통시장,부산광역시,,,
c7e9ddd0f606268bbc3b,full_annotation_v1,A,q_건어물_01,건어물,식료품 중 '건어물'을 판매·제공하는 매장,train,건어물,T1 정확표기,dac530a4-9d59-4244-9ac5-165fbd53c4b0,형제상회,건어물,장림시장,전통시장,부산광역시,,,
fa56a6b7f6219d28f786,full_annotation_v1,A,q_건어물_01,건어물,식료품 중 '건어물'을 판매·제공하는 매장,train,건어물,T1 정확표기,05f6ac9d-f1a6-4680-8792-5150ad00337e,한국건어물,건어물,태화시장,전통시장,울산광역시,,,
a2afe2e653121b823f15,full_annotation_v1,A,q_건어물_01,건어물,식료품 중 '건어물'을 판매·제공하는 매장,train,건어물,T1 정확표기,8a4807ba-6748-4ce5-9c75-51889b364b8e,51번 건어물,건어물,사천 삼천포중앙시장,전통시장,경상남도,,,
35ce93c31c17973f83f3,full_annotation_v1,A,q_건어물_01,건어물,식료품 중 '건어물'을 판매·제공하는 매장,train,건어물,T1 정확표기,06873b8c-d1f7-4101-9d4b-f5face2ee848,비룡상회,건오징어,포항죽도시장,전통시장,경상북도,,,
121d0b2ded4827782db2,full_annotation_v1,A,q_건어물_01,건어물,식료품 중 '건어물'을 판매·제공하는 매장,train,건어물,T1 정확표기,58342798-81b4-43ea-9bd5-7ec06b2a36c1,부완상회,건어물,남포동건어물도매시장,전통시장,부산광역시,,,
53fe0f4332f11215dda1,full_annotation_v1,A,q_건어물_01,건어물,식료품 중 '건어물'을 판매·제공하는 매장,train,건어물,T1 정확표기,ce3aead0-cc89-4214-bf4f-26616a7c7c07,햅번,의류,마산 창동통합상가,자율상권구역,경상남도,,,
3c92160d0ef97f3b43b3,full_annotation_v1,A,q_건어물_01,건어물,식료품 중 '건어물'을 판매·제공하는 매장,train,건어물,T1 정확표기,9ecbca4e-d871-45e5-8b43-4083b87391be,장군건어물,건어물,기장시장,전통시장,부산광역시,,,
a29ea9da326d6d3fbf9f,full_annotation_v1,A,q_건어물_01,건어물,식료품 중 '건어물'을 판매·제공하는 매장,train,건어물,T1 정확표기,0831a084-d734-4518-a249-a2fa02715306,연일추어탕,추어탕 미역국,연산골목시장상점가,자율상권구역,부산광역시,,,
c482c81b6e254bf12d87,full_annotation_v1,A,q_건어물_01,건어물,식료품 중 '건어물'을 판매·제공하는 매장,train,건어물,T1 정확표기,78f97197-49ea-4217-bbeb-881dc4cd2f35,환영식당,일반음식점,덕양시장,전통시장,전라남도,,,
7de0f7c27044b34c0538,full_annotation_v1,A,q_건어물_01,건어물,식료품 중 '건어물'을 판매·제공하는 매장,train,건어물,T1 정확표기,bc4cfd30-df29-493c-a56c-ea3fa6d22f20,팔도 건어물,건어물,통영 서호전통시장,전통시장,경상남도,,,
fd9c54a0e8ae3a7ba938,full_annotation_v1,A,q_건어물_01,건어물,식료품 중 '건어물'을 판매·제공하는 매장,train,건어물,T1 정확표기,7e1ef143-bad2-44ce-af99-a46587e23a2c,거북고흥 건어물,건어물,거북시장,전통시장,인천광역시,,,
efb75d4346397fd29798,full_annotation_v1,A,q_건어물_01,건어물,식료품 중 '건어물'을 판매·제공하는 매장,train,건어물,T1 정확표기,000d55be-8181-4f45-827e-52082b2ae284,명희유통,건어물,성북시장,전통시장,부산광역시,,,
610b37ffb24402b2b46d,full_annotation_v1,A,q_건어물_01,건어물,식료품 중 '건어물'을 판매·제공하는 매장,train,건어물,T1 정확표기,af70bd1f-42f7-4223-a23d-01439466a4ab,신포항 건어물,"건어물, 십원빵",구룡포시장,전통시장,경상북도,,,
edc5dc8322d64b4c5951,full_annotation_v1,A,q_건어물_01,건어물,식료품 중 '건어물'을 판매·제공하는 매장,train,건어물,T1 정확표기,2dcf7cec-bc4c-4bc8-b022-00bac318544f,석심건어물,건어물,덕풍전통시장,전통시장,경기도,,,
65a24aa63153a76d9329,full_annotation_v1,A,q_건어물_01,건어물,식료품 중 '건어물'을 판매·제공하는 매장,train,건어물,T1 정확표기,b93ca91f-3fd5-4880-b835-d1b0f1bfa3ad,영완상회,건어물,진주 논개시장,전통시장,경상남도,,,
f13a7c73c3192c47f9c8,full_annotation_v1,A,q_건어물_01,건어물,식료품 중 '건어물'을 판매·제공하는 매장,train,건어물,T1 정확표기,cd1f1c09-6a2a-4e71-90ec-cab9ec401bcf,건어물 상회,건어물,감천문화시장,전통시장,부산광역시,,,
07d17dfe14ff850ff526,full_annotation_v1,A,q_건어물_01,건어물,식료품 중 '건어물'을 판매·제공하는 매장,train,건어물,T1 정확표기,fc478d82-4890-4e4a-bfd7-ea2d6e2ab6b9,전통 건어물,건어물,성내전통시장,전통시장,서울특별시,,,
91bdd262c1a4788a9cf8,full_annotation_v1,A,q_건어물_01,건어물,식료품 중 '건어물'을 판매·제공하는 매장,train,건어물,T1 정확표기,447d3624-facd-4ecc-bcb4-3497175dd0d9,임피건어물,건어물,군산수산물종합센터,전통시장,전북특별자치도,,,
8a7aec8f948fd02364bb,full_annotation_v1,A,q_건어물_01,건어물,식료품 중 '건어물'을 판매·제공하는 매장,train,건어물,T1 정확표기,82617f76-6302-4cc3-a631-c63c91c23371,이모 건어물,건어물,부평종합시장,전통시장,인천광역시,,,
ee2917cad8d690587207,full_annotation_v1,A,q_건어물_01,건어물,식료품 중 '건어물'을 판매·제공하는 매장,train,건어물,T1 정확표기,1d999b51-cbf3-41e1-bf3e-5760e040f36f,전주상회,미역,각화도매 골목형상점가,골목형상점가,광주광역시,,,
4e6a06ebf05f070f41c4,full_annotation_v1,A,q_건어물_01,건어물,식료품 중 '건어물'을 판매·제공하는 매장,train,건어물,T1 정확표기,482fda89-8b88-4bf2-97f8-2c926d67a9fc,엄나무집,,백년소상공인,,강원특별자치도,,,
d45e02b478d550c92f4e,full_annotation_v1,A,q_건어물_01,건어물,식료품 중 '건어물'을 판매·제공하는 매장,train,건어물,T1 정확표기,f2fb2fd7-a768-4c49-a34f-0e34882c9451,향기정원,"꽃, 화분",송현시장,전통시장,인천광역시,,,
451d0e49da99a52d6afc,full_annotation_v1,A,q_건어물_01,건어물,식료품 중 '건어물'을 판매·제공하는 매장,train,건어물,T1 정확표기,84039c18-2643-4911-a285-41cdcca2a952,다담 건어물,건어물,주문진건어물시장,전통시장,강원특별자치도,,,
47cd83351426c4129040,full_annotation_v1,A,q_건어물_01,건어물,식료품 중 '건어물'을 판매·제공하는 매장,train,건어물,T1 정확표기,2f728208-696d-4b4d-9ea1-86b5ec8ac78e,맛디,건어물,한글거리 상점가상인회,자율상권구역,세종특별자치시,,,
7184f39edce5d0d62bf0,full_annotation_v1,A,q_건어물_01,건어물,식료품 중 '건어물'을 판매·제공하는 매장,train,건어물,T1 정확표기,74deb791-ffd3-4acf-a160-cfbdd0f370f6,가야건어물,건어물,통영중앙전통시장,전통시장,경상남도,,,
ec171f8772d86d7f14e4,full_annotation_v1,A,q_건어물_01,건어물,식료품 중 '건어물'을 판매·제공하는 매장,train,건어물,T1 정확표기,8174c703-b148-4e02-b792-28a7daec5f24,성당 건어물,건어물,성당신시장,전통시장,대구광역시,,,
98fa29bfe41b04030bb7,full_annotation_v1,A,q_건어물_01,건어물,식료품 중 '건어물'을 판매·제공하는 매장,train,건어물,T1 정확표기,7c062104-d8ef-45d6-b921-1cef451f43c2,광혜건강원,중탕,양산 북부시장,전통시장,경상남도,,,
4bfef850c991906b40b8,full_annotation_v1,A,q_건어물_01,건어물,식료품 중 '건어물'을 판매·제공하는 매장,train,건어물,T1 정확표기,4f2260c8-6b9b-476d-9f15-81292b4b8ea6,여수금오도 건어물,"건어물, 생선",㈜여수수산물특화시장,전통시장,전라남도,,,
94651b6275ff18ac970c,full_annotation_v1,A,q_건어물_01,건어물,식료품 중 '건어물'을 판매·제공하는 매장,train,건어물,T1 정확표기,610dc109-2c6d-47b6-abef-23710e9bb871,돈나라,고기류,운천테라스길상인회 골목형상점가,골목형상점가,광주광역시,,,
df8690e530bcbaf7d5cc,full_annotation_v1,A,q_건어물_01,건어물,식료품 중 '건어물'을 판매·제공하는 매장,train,건어물,T1 정확표기,0f003712-a3ed-4ef5-bbd8-04f08ba41bd0,썬이네 건어물,건어물,말바우시장,전통시장,광주광역시,,,
0fa42b71fe1824f99021,full_annotation_v1,A,q_건어물_01,건어물,식료품 중 '건어물'을 판매·제공하는 매장,train,건어물,T1 정확표기,78c40c57-88ba-4fec-93db-8ea8f1c45c51,타이어프로상무점,자동차타이어,상무평화상인회 골목형상점가,골목형상점가,광주광역시,,,
e1ebd88dbb2d7a4e99f7,full_annotation_v1,A,q_건어물_01,건어물,식료품 중 '건어물'을 판매·제공하는 매장,train,건어물,T1 정확표기,f306d636-c09c-4c78-8948-643738832d8f,만물 건어물,건어물,연동골목시장,자율상권구역,부산광역시,,,
d33aade7d5e4e472fa7b,full_annotation_v1,A,q_건어물_01,건어물,식료품 중 '건어물'을 판매·제공하는 매장,train,건어물,T1 정확표기,21ac9bc7-8754-4187-8589-a137a7c947cc,할머니 건어물,건어물,장안마실골목형상점가,골목형상점가,서울특별시,,,
f1bda054c613a0dcbc38,full_annotation_v1,A,q_건어물_01,건어물,식료품 중 '건어물'을 판매·제공하는 매장,train,건어물,T1 정확표기,b2436e5e-44c6-46a1-9edc-1e9513ea1d7d,우리김구이 건어물,건어물,목포동부시장,전통시장,전라남도,,,
44586300ca986ae27fb6,full_annotation_v1,A,q_건어물_01,건어물,식료품 중 '건어물'을 판매·제공하는 매장,train,건어물,T1 정확표기,8460f81c-07a9-4587-9fa5-27cab813f281,소망건어물,건어물,담양시장,전통시장,전라남도,,,
a160104547e72c1ee772,full_annotation_v1,A,q_건어물_01,건어물,식료품 중 '건어물'을 판매·제공하는 매장,train,건어물,T1 정확표기,ae078dea-7f56-4e5c-802c-c38abacaa659,남성 건어물,건어물,남성사계시장,전통시장,서울특별시,,,
c7a3401f574de07721b6,full_annotation_v1,A,q_건어물_01,건어물,식료품 중 '건어물'을 판매·제공하는 매장,train,건어물,T1 정확표기,292c6cc9-9e00-4d1c-8259-3d77c4119580,복된건어물,건어물,원종종합시장,전통시장,경기도,,,
f4f6884d395c312bfeac,full_annotation_v1,A,q_건어물_01,건어물,식료품 중 '건어물'을 판매·제공하는 매장,train,건어물,T1 정확표기,7c49ef32-4a73-4786-89bb-d02fecaad99f,건어물,건어물,용남시장,전통시장,인천광역시,,,
a0be6e45b4514b39a120,full_annotation_v1,A,q_건어물_01,건어물,식료품 중 '건어물'을 판매·제공하는 매장,train,건어물,T1 정확표기,00527b0b-893c-4d64-862e-3ef8113d07fb,해선언니네,건어물,용상공설시장,전통시장,경상북도,,,
86adb989209b33b1c359,full_annotation_v1,A,q_건어물_01,건어물,식료품 중 '건어물'을 판매·제공하는 매장,train,건어물,T1 정확표기,2e173a98-3cf1-4fc4-ade1-0ecaa42efd6f,인혜건어물,건어물,천안중앙시장,전통시장,충청남도,,,
097b6a8d1c8607a172e2,full_annotation_v1,A,q_건어물_01,건어물,식료품 중 '건어물'을 판매·제공하는 매장,train,건어물,T1 정확표기,ebd45587-d620-4c04-8742-026c4679f039,은애 건어물,건어물,산성시장,전통시장,대전광역시,,,
277e6e192d3027324f34,full_annotation_v1,A,q_건어물_01,건어물,식료품 중 '건어물'을 판매·제공하는 매장,train,건어물,T1 정확표기,15a7f93f-3ca5-4df9-9bd8-e80f9f39339f,비어카페펀비어킹,"오징어한판떡볶이, 치킨",둔전골목형상점가,골목형상점가,경기도,,,
295c4d19bdcd136e0bfc,full_annotation_v1,A,q_건어물_01,건어물,식료품 중 '건어물'을 판매·제공하는 매장,train,건어물,T1 정확표기,7a4ca294-74af-49b5-ac88-5984ed43816f,신수호 건어물,건어물,통영중앙전통시장,전통시장,경상남도,,,
62f49027abfa4dfd2d35,full_annotation_v1,A,q_건어물_01,건어물,식료품 중 '건어물'을 판매·제공하는 매장,train,건어물,T1 정확표기,090f7531-5091-4cae-ba51-4198ab831a21,영덕상회,"건어물, 전자상거래(멸치, 김, 건어물",남포동건어물도매시장,전통시장,부산광역시,,,
916087296489c689d64e,full_annotation_v1,A,q_건어물_01,건어물,식료품 중 '건어물'을 판매·제공하는 매장,train,건어물,T1 정확표기,00945636-d878-4c80-820b-f931d0e08f7b,부산강아지분양 펫하우스,,SK 3차 골목형상점가,골목형상점가,부산광역시,,,
edc83985cb5a78cddb74,full_annotation_v1,A,q_건어물_01,건어물,식료품 중 '건어물'을 판매·제공하는 매장,train,건어물,T1 정확표기,ca960da0-38ae-4686-be84-7ef8b3466b08,오가네 건어물,건어물,부평깡시장,전통시장,인천광역시,,,
017bf9a4e2fbf47fda10,full_annotation_v1,A,q_건어물_01,건어물,식료품 중 '건어물'을 판매·제공하는 매장,train,건어물,T1 정확표기,fe08c2b8-179a-43e7-ab9a-81497b077c9d,진 건어물,건어물,남목전통시장,전통시장,울산광역시,,,
2ea5e2bdb34f61ef1ee6,full_annotation_v1,A,q_건어물_01,건어물,식료품 중 '건어물'을 판매·제공하는 매장,train,건어물,T1 정확표기,004d071d-dda6-41e4-9fcb-7c74c8f8ef0f,영남상회,건어물,수영팔도시장(구 수영팔도상가시장),전통시장,부산광역시,,,
de12b4947d5721258461,full_annotation_v1,A,q_건어물_01,건어물,식료품 중 '건어물'을 판매·제공하는 매장,train,건어물,T1 정확표기,0720e384-efce-4175-a1d5-54f8311e1e0b,부경상회,멸치,수안인정시장,전통시장,부산광역시,,,
df523345eea0429d494f,full_annotation_v1,A,q_건어물_01,건어물,식료품 중 '건어물'을 판매·제공하는 매장,train,건어물,T1 정확표기,7c994ea6-c0db-4931-ad0f-709a59ad1f0d,삼익건어물,건어물,삼익2차쇼핑 골목형상점가,골목형상점가,서울특별시,,,
45c6fa54f05ade4fb56d,full_annotation_v1,A,q_건어물_01,건어물,식료품 중 '건어물'을 판매·제공하는 매장,train,건어물,T1 정확표기,407a26ab-f944-4e12-853c-00f7018f8efd,빼짝건어물,건어물,수완머그로 골목형상점가,골목형상점가,광주광역시,,,
ff91268a6c086a76fa8d,full_annotation_v1,A,q_건어물_01,건어물,식료품 중 '건어물'을 판매·제공하는 매장,train,건어물,T1 정확표기,e59daa55-9d26-41e6-aca3-80a909c344a6,대변건어물,건어물,기장시장,전통시장,부산광역시,,,
809295931179646061c1,full_annotation_v1,A,q_건어물_01,건어물,식료품 중 '건어물'을 판매·제공하는 매장,train,건어물,T1 정확표기,0a9c8241-2ef4-4389-a3d9-d3b9b2d96d79,해오름길식당,매운갈비찜조기매운탕오징어볶음제육볶음조림김치찌개백반술,각화주공 골목형상점가,골목형상점가,광주광역시,,,
1ce638dbe743c1f769ba,full_annotation_v1,A,q_건어물_01,건어물,식료품 중 '건어물'을 판매·제공하는 매장,train,건어물,T1 정확표기,720700f6-8bf0-4eb3-a72d-dccd59b39ae0,대광상회,식품,반송큰시장,전통시장,부산광역시,,,
e7842b059e81725fcaba,full_annotation_v1,A,q_건어물_01,건어물,식료품 중 '건어물'을 판매·제공하는 매장,train,건어물,T1 정확표기,924aedc0-761c-4187-b36b-460233686154,주환이네 건어물,건어물,"온양온천시장(온양재래시장, 전통시장)",전통시장,충청남도,,,
80d589c6015f68d8ba63,full_annotation_v1,A,q_건어물_01,건어물,식료품 중 '건어물'을 판매·제공하는 매장,train,건어물,T1 정확표기,006f90a6-dbc8-4b65-89c9-b485153b1409,충남상회,소매(건어물),안성중앙시장,전통시장,경기도,,,
16b5ba1c1c1bf0849b42,full_annotation_v1,A,q_건어물_01,건어물,식료품 중 '건어물'을 판매·제공하는 매장,train,건어물,T1 정확표기,ce5eda17-8f68-4117-83b5-a720df732924,건어물,건어물,대곡시장,전통시장,대구광역시,,,
6f9e523b9f12d440978f,full_annotation_v1,A,q_건어물_01,건어물,식료품 중 '건어물'을 판매·제공하는 매장,train,건어물,T1 정확표기,e9c22c06-b118-4f4c-b9ac-3373ca92772a,정우청과,과일,부전상가시장,전통시장,부산광역시,,,
f0ce07b72b4f958c01d1,full_annotation_v1,A,q_건어물_01,건어물,식료품 중 '건어물'을 판매·제공하는 매장,train,건어물,T1 정확표기,7c83c02e-8e4b-47c1-b056-f4a564556f44,이씨손만두전골,,혁신도시3구역 골목형상점가,골목형상점가,강원특별자치도,,,
9eb2200c147f0830873d,full_annotation_v1,A,q_건어물_01,건어물,식료품 중 '건어물'을 판매·제공하는 매장,train,건어물,T1 정확표기,eb494244-94ee-473a-a092-706375019a61,장터건어물,건어물,덕풍전통시장,전통시장,경기도,,,
47da689bf87f532d5fb7,full_annotation_v1,A,q_건어물_01,건어물,식료품 중 '건어물'을 판매·제공하는 매장,train,건어물,T1 정확표기,00356e71-7b15-4a42-be60-f232011707b8,유한회사 덕재건재,건어물,가락몰골목형상점가,골목형상점가,서울특별시,,,
1169f111a0811e2d54fd,full_annotation_v1,A,q_건어물_01,건어물,식료품 중 '건어물'을 판매·제공하는 매장,train,건어물,T1 정확표기,bca03bcb-2230-46c3-8e06-9005b57d6a7e,건모네 건어물,건어물,주문진건어물시장,전통시장,강원특별자치도,,,
28700eb249e762984b84,full_annotation_v1,A,q_건어물_02,멸치,식료품 중 '건어물'을 판매·제공하는 매장,train,건어물,T2 동의어,5ac52ed6-c1dc-4bee-a265-0dc6308e19a2,세종바이오,채소 버섯,유성시장 골목형상점가,골목형상점가,대전광역시,,,
81d7ace9f56275e75f20,full_annotation_v1,A,q_건어물_02,멸치,식료품 중 '건어물'을 판매·제공하는 매장,train,건어물,T2 동의어,7d750b6d-4800-494c-8763-6a219967fcb7,NAMOO,,남원시 원도심 상권활성화 구역,상권활성화구역,전북특별자치도,,,
800afe8c4021e96b20bc,full_annotation_v1,A,q_건어물_02,멸치,식료품 중 '건어물'을 판매·제공하는 매장,train,건어물,T2 동의어,63bf1076-bd4d-476c-a93d-da8592372856,길성상회앞자리,"김, 멸치",양동건어물시장,전통시장,광주광역시,,,
780448dbe87413a94a19,full_annotation_v1,A,q_건어물_02,멸치,식료품 중 '건어물'을 판매·제공하는 매장,train,건어물,T2 동의어,068c7c2c-3e2e-436b-8ffd-01f8b7630429,해농유통,김 자반 멸치 건어물등,매월동상인회 골목형상점가,골목형상점가,광주광역시,,,
4497a066ae44c53bce3f,full_annotation_v1,A,q_건어물_02,멸치,식료품 중 '건어물'을 판매·제공하는 매장,train,건어물,T2 동의어,00b090ad-30c0-4573-a43a-123f5116851b,호호정 멸치국수,,그랜드프라자&상용b상가 상점가,골목형상점가,경기도,,,
aa73a92f48c6743e72f4,full_annotation_v1,A,q_건어물_02,멸치,식료품 중 '건어물'을 판매·제공하는 매장,train,건어물,T2 동의어,ad368010-02c7-4b71-8a7a-32ad3d9cc1fa,형제상회,"멸치, 건어물",남포동건어물도매시장,전통시장,부산광역시,,,
2b86cafea0d2bd47405d,full_annotation_v1,A,q_건어물_02,멸치,식료품 중 '건어물'을 판매·제공하는 매장,train,건어물,T2 동의어,0feb5e3b-25bd-4030-a6c5-ab6e5840bdcc,참멸치건어물,멸치,통영중앙전통시장,전통시장,경상남도,,,
0aafcf916c7afc21828a,full_annotation_v1,A,q_건어물_02,멸치,식료품 중 '건어물'을 판매·제공하는 매장,train,건어물,T2 동의어,2bcfd171-7e6c-40c0-9f1b-8056c6755d4b,영동상회농수산물,농산물(미역멸치황태),길동복조리시장,전통시장,서울특별시,,,
a28a735a3ce699a109d4,full_annotation_v1,A,q_건어물_02,멸치,식료품 중 '건어물'을 판매·제공하는 매장,train,건어물,T2 동의어,006f90a6-dbc8-4b65-89c9-b485153b1409,충남상회,소매(건어물),안성중앙시장,전통시장,경기도,,,
7cc1f86187667bf5b994,full_annotation_v1,A,q_건어물_02,멸치,식료품 중 '건어물'을 판매·제공하는 매장,train,건어물,T2 동의어,f23aaa3c-24e7-43bb-b6f4-653c30b5ae0c,대도상회,김 자반 멸치 건어물등,매월동상인회 골목형상점가,골목형상점가,광주광역시,,,
cc8dd01d6df1cd984a3e,full_annotation_v1,A,q_건어물_02,멸치,식료품 중 '건어물'을 판매·제공하는 매장,train,건어물,T2 동의어,85336ee9-f6ef-4c1d-9046-c970e9030eca,멸치와계란,멸치 건어물 계란,북수원시장( 구 파장시장),전통시장,경기도,,,
74ef4958d26391f55a79,full_annotation_v1,A,q_건어물_02,멸치,식료품 중 '건어물'을 판매·제공하는 매장,train,건어물,T2 동의어,ed2c28e1-d7cd-4ec8-8d18-dd0eb079a512,수정상회,"미역, 멸치, 다시마",좌동재래시장,전통시장,부산광역시,,,
09b72752c47ec6286fec,full_annotation_v1,A,q_건어물_02,멸치,식료품 중 '건어물'을 판매·제공하는 매장,train,건어물,T2 동의어,d4d81d83-c167-4f8b-8262-685962026052,하나수산,한식,삼각동 골목형상점가,골목형상점가,광주광역시,,,
218ee799d8675ee55de4,full_annotation_v1,A,q_건어물_02,멸치,식료품 중 '건어물'을 판매·제공하는 매장,train,건어물,T2 동의어,7b700352-f36d-4713-b4f0-2a45720ffd46,문왁스,"화장품, 왁스",삼각동 골목형상점가,골목형상점가,광주광역시,,,
15f56566d4414f2ebd47,full_annotation_v1,A,q_건어물_02,멸치,식료품 중 '건어물'을 판매·제공하는 매장,train,건어물,T2 동의어,0831a084-d734-4518-a249-a2fa02715306,연일추어탕,추어탕 미역국,연산골목시장상점가,자율상권구역,부산광역시,,,
eb1453c9ab52abc9e43b,full_annotation_v1,A,q_건어물_02,멸치,식료품 중 '건어물'을 판매·제공하는 매장,train,건어물,T2 동의어,dffcb4d1-30c5-4e4b-b1f2-6d1c06614193,참건식품,김 자반 멸치 건어물등,매월동상인회 골목형상점가,골목형상점가,광주광역시,,,
beaa63520757ea2f0523,full_annotation_v1,A,q_건어물_02,멸치,식료품 중 '건어물'을 판매·제공하는 매장,train,건어물,T2 동의어,598414ea-00b8-4c6f-8519-2a73f07c5026,화정상회,건어물 멸치 새우젓,송정매일시장,전통시장,광주광역시,,,
daf216dd18dd0f01a389,full_annotation_v1,A,q_건어물_02,멸치,식료품 중 '건어물'을 판매·제공하는 매장,train,건어물,T2 동의어,18c13fa4-0fb0-4045-8b10-3ad77aa48a2f,(주)해가유통,건어물 김 미역,매월동상인회 골목형상점가,골목형상점가,광주광역시,,,
61254814d1ecd915ba7a,full_annotation_v1,A,q_건어물_02,멸치,식료품 중 '건어물'을 판매·제공하는 매장,train,건어물,T2 동의어,910c48b4-f73a-4b00-b4b9-b007073fc47d,멸치와 계란,멸치,정자시장,전통시장,경기도,,,
128c2a6918a07f1a32bb,full_annotation_v1,A,q_건어물_02,멸치,식료품 중 '건어물'을 판매·제공하는 매장,train,건어물,T2 동의어,8238d5f7-3b4c-4896-a28d-047d2cfd6a1d,건어25번상회,"멸치, 쥐포",사천 삼천포중앙시장,전통시장,경상남도,,,
9338d43be56a1260e583,full_annotation_v1,A,q_건어물_02,멸치,식료품 중 '건어물'을 판매·제공하는 매장,train,건어물,T2 동의어,3a3d05b5-d726-48da-9afe-c2fad6573ecf,성심상회,오징어 멸치 등등,자갈치시장,전통시장,부산광역시,,,
afbca843a7ca4404afe4,full_annotation_v1,A,q_건어물_02,멸치,식료품 중 '건어물'을 판매·제공하는 매장,train,건어물,T2 동의어,000d55be-8181-4f45-827e-52082b2ae284,명희유통,건어물,성북시장,전통시장,부산광역시,,,
fbb0bc5b0829f206432d,full_annotation_v1,A,q_건어물_02,멸치,식료품 중 '건어물'을 판매·제공하는 매장,train,건어물,T2 동의어,7e3016b6-fa85-45a9-8c0b-de85134f8a63,씨유신가호반점,"식품 및 비식품, 담배 등",신가동 골목형상점가,골목형상점가,광주광역시,,,
c36ddf35e7c4bdb2d150,full_annotation_v1,A,q_건어물_02,멸치,식료품 중 '건어물'을 판매·제공하는 매장,train,건어물,T2 동의어,15e56c06-df48-462c-bc5e-b7047fc7909f,제일건어물,멸치,사천 삼천포전통수산시장,전통시장,경상남도,,,
b1a716507f286cfe96ec,full_annotation_v1,A,q_건어물_02,멸치,식료품 중 '건어물'을 판매·제공하는 매장,train,건어물,T2 동의어,8430b0b5-2faa-48bf-a900-3787983dc05f,우진상회,"마른김, 다시마, 멸치",중부건어물 골목형상점가,골목형상점가,대전광역시,,,
3a5025a321592a79b3de,full_annotation_v1,A,q_건어물_02,멸치,식료품 중 '건어물'을 판매·제공하는 매장,train,건어물,T2 동의어,d3c33cb5-f0a5-40ba-93d6-5e94ef9b9034,네일아이,뷰티재료,향촌 상가 골목형상점가,골목형상점가,대전광역시,,,
7d59cbe22d673178f5c3,full_annotation_v1,A,q_건어물_02,멸치,식료품 중 '건어물'을 판매·제공하는 매장,train,건어물,T2 동의어,dfaeb10a-0434-45c0-b715-f3cf510e168b,멸치박사,건어물,대림골목시장,전통시장,서울특별시,,,
47c2ae70b3f44b5c620c,full_annotation_v1,A,q_건어물_02,멸치,식료품 중 '건어물'을 판매·제공하는 매장,train,건어물,T2 동의어,62d22aea-e9ea-4513-b371-cfada5f31426,연안상회,멸치 김 오징어,인천종합어시장,전통시장,인천광역시,,,
950049717bc514401051,full_annotation_v1,A,q_건어물_02,멸치,식료품 중 '건어물'을 판매·제공하는 매장,train,건어물,T2 동의어,d6b2f2a6-2f09-48e2-84c2-a37f73aa2853,통제영건어물,멸치 건어물,통영중앙전통시장,전통시장,경상남도,,,
8e553c8c5310f4403009,full_annotation_v1,A,q_건어물_02,멸치,식료품 중 '건어물'을 판매·제공하는 매장,train,건어물,T2 동의어,dae011fc-83c2-4d45-95cf-56a295a5935d,대성상사,"건어물, 멸치",양동건어물시장,전통시장,광주광역시,,,
e4cf1815f53d6ad2930c,full_annotation_v1,A,q_건어물_02,멸치,식료품 중 '건어물'을 판매·제공하는 매장,train,건어물,T2 동의어,57762971-2d57-4f92-80a4-1df79c462937,신나는의원,"비뇨의학과, 피부과",일곡동 골목형상점가,골목형상점가,광주광역시,,,
5961ace0bea13f1c5c6f,full_annotation_v1,A,q_건어물_02,멸치,식료품 중 '건어물'을 판매·제공하는 매장,train,건어물,T2 동의어,004d071d-dda6-41e4-9fcb-7c74c8f8ef0f,영남상회,건어물,수영팔도시장(구 수영팔도상가시장),전통시장,부산광역시,,,
3975c93de6d92ac0b6be,full_annotation_v1,A,q_건어물_02,멸치,식료품 중 '건어물'을 판매·제공하는 매장,train,건어물,T2 동의어,b7ef298f-ef17-4cae-9df0-f76a699852bb,경덕상회,김 자반 멸치 건어물등,매월동상인회 골목형상점가,골목형상점가,광주광역시,,,
e589211997046e8ec13f,full_annotation_v1,A,q_건어물_02,멸치,식료품 중 '건어물'을 판매·제공하는 매장,train,건어물,T2 동의어,2f52bf62-410d-4eac-85b2-665078c81214,홍덕건어유통,김 자반 멸치 건어물등,매월동상인회 골목형상점가,골목형상점가,광주광역시,,,
6a5c07d631d21ac5f38d,full_annotation_v1,A,q_건어물_02,멸치,식료품 중 '건어물'을 판매·제공하는 매장,train,건어물,T2 동의어,06873b8c-d1f7-4101-9d4b-f5face2ee848,비룡상회,건오징어,포항죽도시장,전통시장,경상북도,,,
07fe54a156b9a3f51dff,full_annotation_v1,A,q_건어물_02,멸치,식료품 중 '건어물'을 판매·제공하는 매장,train,건어물,T2 동의어,b07ecbae-145e-474d-964e-f2c3ebedbed5,율포건어물,멸치 김,다운장 골목형상점가,골목형상점가,울산광역시,,,
61c6f123a0afb067ac4b,full_annotation_v1,A,q_건어물_02,멸치,식료품 중 '건어물'을 판매·제공하는 매장,train,건어물,T2 동의어,00527b0b-893c-4d64-862e-3ef8113d07fb,해선언니네,건어물,용상공설시장,전통시장,경상북도,,,
c620ccdc2b296d1e4baf,full_annotation_v1,A,q_건어물_02,멸치,식료품 중 '건어물'을 판매·제공하는 매장,train,건어물,T2 동의어,5e2dc9a1-cb15-4a3c-a1ce-bb8639ccb82a,대명상회,멸치,마산어시장,전통시장,경상남도,,,
86c21c8ce3e553e3cebb,full_annotation_v1,A,q_건어물_02,멸치,식료품 중 '건어물'을 판매·제공하는 매장,train,건어물,T2 동의어,284b01f9-3e3e-457a-9745-cebee37255d3,오복상회,참기름,김해 외동전통시장,전통시장,경상남도,,,
23958dc7aeea8685ae08,full_annotation_v1,A,q_건어물_02,멸치,식료품 중 '건어물'을 판매·제공하는 매장,train,건어물,T2 동의어,670efe93-b7dd-44d3-b997-fa7207a334ce,충북상회건어89호,김 멸치 오징어,인천종합어시장,전통시장,인천광역시,,,
e43775d6ccc5dd0da297,full_annotation_v1,A,q_건어물_02,멸치,식료품 중 '건어물'을 판매·제공하는 매장,train,건어물,T2 동의어,0f723647-935f-41da-a1d7-794666dc4dc4,정이네,"오징어순대, 튀김",속초종합중앙시장,전통시장,강원특별자치도,,,
34032b7a0a39dff14eb3,full_annotation_v1,A,q_건어물_02,멸치,식료품 중 '건어물'을 판매·제공하는 매장,train,건어물,T2 동의어,a76c00e7-e644-4b7c-9685-2038e1054739,예담이불,이불,문창시장,전통시장,대전광역시,,,
1fe5eb82864226d96986,full_annotation_v1,A,q_건어물_02,멸치,식료품 중 '건어물'을 판매·제공하는 매장,train,건어물,T2 동의어,0a9c8241-2ef4-4389-a3d9-d3b9b2d96d79,해오름길식당,매운갈비찜조기매운탕오징어볶음제육볶음조림김치찌개백반술,각화주공 골목형상점가,골목형상점가,광주광역시,,,
d93a782b406009665441,full_annotation_v1,A,q_건어물_02,멸치,식료품 중 '건어물'을 판매·제공하는 매장,train,건어물,T2 동의어,27eda523-2da0-44fe-9f3c-f54e4ab7153e,본죽&비빔밥신길성애병원옆점,죽 비빔밥,신길성애 골목형상점가,골목형상점가,서울특별시,,,
afe7a2878c75d1c90f66,full_annotation_v1,A,q_건어물_02,멸치,식료품 중 '건어물'을 판매·제공하는 매장,train,건어물,T2 동의어,7f743a9c-cbb0-45b9-ba04-679ba5ac3df7,동성유통,"멸치, 건어물",남포동건어물도매시장,전통시장,부산광역시,,,
d5a6c25db3ee7b70f6f1,full_annotation_v1,A,q_건어물_02,멸치,식료품 중 '건어물'을 판매·제공하는 매장,train,건어물,T2 동의어,87816b79-c6f0-4dcc-af91-baf0faae553e,멸치집,멸치회무침,온누리 골목형상점가,골목형상점가,경기도,,,
f5927e360ab5ad52484e,full_annotation_v1,A,q_건어물_02,멸치,식료품 중 '건어물'을 판매·제공하는 매장,train,건어물,T2 동의어,97e71029-a200-44af-bc06-51eacd63f250,예산상회,멸치,인천종합어시장,전통시장,인천광역시,,,
19e0802a5bc724ffb278,full_annotation_v1,A,q_건어물_02,멸치,식료품 중 '건어물'을 판매·제공하는 매장,train,건어물,T2 동의어,b5acaf86-d889-4e90-b231-9a7aa4426f63,기장건어물2호점,미역 다시마 멸치,기장시장 일원 자율상권구역,상권활성화구역,부산광역시,,,
2915ccdd4a2317d3b362,full_annotation_v1,A,q_건어물_02,멸치,식료품 중 '건어물'을 판매·제공하는 매장,train,건어물,T2 동의어,e9f92be1-41bb-4536-a515-13e2c552eae4,멸치집,한식,왕십리도선동상점가,자율상권구역,서울특별시,,,
fd4fea48be6ea68767a8,full_annotation_v1,A,q_건어물_02,멸치,식료품 중 '건어물'을 판매·제공하는 매장,train,건어물,T2 동의어,26c16c3d-785c-4503-9f75-10931bb50db7,도그마캣 남원점,,남원시 원도심 상권활성화 구역,상권활성화구역,전북특별자치도,,,
99e002de0cbcf086940a,full_annotation_v1,A,q_건어물_02,멸치,식료품 중 '건어물'을 판매·제공하는 매장,train,건어물,T2 동의어,2b3ed94b-ccbe-4a20-a9c0-9ef3e523e27d,대창상회,김 파래 멸치,부전농수산물새벽시장,전통시장,부산광역시,,,
1161a4e32fa715c30d63,full_annotation_v1,A,q_건어물_02,멸치,식료품 중 '건어물'을 판매·제공하는 매장,train,건어물,T2 동의어,da49f3da-47b3-44de-877e-0d0f04749f94,국민멸치,멸치 진미채 등,정서진중앙시장(구 서구중앙시장),전통시장,인천광역시,,,
8de11d24fa491d32a6d4,full_annotation_v1,A,q_건어물_02,멸치,식료품 중 '건어물'을 판매·제공하는 매장,train,건어물,T2 동의어,14392308-4f3a-4339-a305-cb73bf3b7b1d,유진유통,김 자반 멸치 건어물등,매월동상인회 골목형상점가,골목형상점가,광주광역시,,,
05598e46e69432c9b238,full_annotation_v1,A,q_건어물_02,멸치,식료품 중 '건어물'을 판매·제공하는 매장,train,건어물,T2 동의어,3e73ca58-7257-42fe-9ab4-06551bbf7e9f,남해덕자,"건어물 및 젓갈류, 멸치 등",남포동건어물도매시장,전통시장,부산광역시,,,
34e0a01678da0a0835d5,full_annotation_v1,A,q_건어물_02,멸치,식료품 중 '건어물'을 판매·제공하는 매장,train,건어물,T2 동의어,41d4d302-306d-4d3e-8ead-cdce6e76433a,통영멸치1번가,멸치,통영중앙전통시장,전통시장,경상남도,,,
d864b00cdd664342e133,full_annotation_v1,A,q_건어물_02,멸치,식료품 중 '건어물'을 판매·제공하는 매장,train,건어물,T2 동의어,49adafc7-0268-4af9-9e90-58297167469e,정통식품,멸치,각화도매정문 골목형상점가,골목형상점가,광주광역시,,,
626e4004aef68d99b466,full_annotation_v1,A,q_건어물_02,멸치,식료품 중 '건어물'을 판매·제공하는 매장,train,건어물,T2 동의어,501d4836-681c-49e6-b28c-6a39845f690e,삼촌네건어물,멸치 오징어,인천종합어시장,전통시장,인천광역시,,,
1a7373f4a8efe7d79bef,full_annotation_v1,A,q_건어물_02,멸치,식료품 중 '건어물'을 판매·제공하는 매장,train,건어물,T2 동의어,594c0b8c-7dcf-447e-b5b3-3cccbba68fdb,광덕물산,김 자반 멸치 건어물등,매월동상인회 골목형상점가,골목형상점가,광주광역시,,,
5b40ffafdec581d620e1,full_annotation_v1,A,q_건어물_02,멸치,식료품 중 '건어물'을 판매·제공하는 매장,train,건어물,T2 동의어,9dbcbb89-8811-480e-8e40-806ac0f4f958,충북추어탕,추어탕,구리시 구도심 상권활성화구역,상권활성화구역,경기도,,,
497196666ed815fc49fa,full_annotation_v1,A,q_건어물_02,멸치,식료품 중 '건어물'을 판매·제공하는 매장,train,건어물,T2 동의어,a1ff9b51-3b9c-42aa-b888-fc7e61e3c12a,동양상회,"김, 멸치",광천전통시장,전통시장,충청남도,,,
13affea305b0fdec5b3b,full_annotation_v1,A,q_건어물_02,멸치,식료품 중 '건어물'을 판매·제공하는 매장,train,건어물,T2 동의어,e4b9ba6c-14d3-4244-8d81-8a4505f56940,마음한스푼,한식,소촌중앙 골목형상점가,골목형상점가,광주광역시,,,
c7cc86a652a28eae9c57,full_annotation_v1,A,q_건어물_02,멸치,식료품 중 '건어물'을 판매·제공하는 매장,train,건어물,T2 동의어,0720e384-efce-4175-a1d5-54f8311e1e0b,부경상회,멸치,수안인정시장,전통시장,부산광역시,,,
3fc9b3aa0b10211dd6e7,full_annotation_v1,A,q_건어물_02,멸치,식료품 중 '건어물'을 판매·제공하는 매장,train,건어물,T2 동의어,090f7531-5091-4cae-ba51-4198ab831a21,영덕상회,"건어물, 전자상거래(멸치, 김, 건어물",남포동건어물도매시장,전통시장,부산광역시,,,
477340863034469ec2fb,full_annotation_v1,A,q_건어물_02,멸치,식료품 중 '건어물'을 판매·제공하는 매장,train,건어물,T2 동의어,efaca444-d1dd-439b-a318-85aa03f70875,제일상회,멸치 미역 외 등,신동아수산물종합시장,전통시장,부산광역시,,,
8833ee8aeb6320675aa2,full_annotation_v1,A,q_건어물_02,멸치,식료품 중 '건어물'을 판매·제공하는 매장,train,건어물,T2 동의어,1d999b51-cbf3-41e1-bf3e-5760e040f36f,전주상회,미역,각화도매 골목형상점가,골목형상점가,광주광역시,,,
668f421c5935e0026aea,full_annotation_v1,A,q_건어물_02,멸치,식료품 중 '건어물'을 판매·제공하는 매장,train,건어물,T2 동의어,082711d5-e6ab-4078-8378-117f51fd8849,남부건어물,멸치 오징어 황태 등 건어물,전주남부시장,전통시장,전북특별자치도,,,
57d5cbdcbadd6e7071cc,full_annotation_v1,A,q_건어물_02,멸치,식료품 중 '건어물'을 판매·제공하는 매장,train,건어물,T2 동의어,42605b92-3c37-4be9-b08b-d20f8936f90a,태성건어물,건어물(멸치),전주신중앙시장(구 중앙버드나무시장),전통시장,전북특별자치도,,,
b662297ef41d0874125b,full_annotation_v1,A,q_건어물_02,멸치,식료품 중 '건어물'을 판매·제공하는 매장,train,건어물,T2 동의어,1e43cd38-83f6-48ad-8866-8c233e1d6ffd,해송건어물,김 멸치 다시마등 건어물,당감새시장,전통시장,부산광역시,,,
fc6eacfdc8d63ca34180,full_annotation_v1,A,q_건어물_02,멸치,식료품 중 '건어물'을 판매·제공하는 매장,train,건어물,T2 동의어,eba8783f-e9fe-4584-b493-2946722722de,경진상회,김 멸치,남포동건어물도매시장,전통시장,부산광역시,,,
f96b0cf5c8500a10db3d,full_annotation_v1,A,q_건어물_02,멸치,식료품 중 '건어물'을 판매·제공하는 매장,train,건어물,T2 동의어,971f8393-e2ac-4cfb-94de-99006a791688,성주상회,"김, 멸치",서문시장건해산물상가,전통시장,대구광역시,,,
2d8ff353941848a13477,full_annotation_v1,A,q_건어물_02,멸치,식료품 중 '건어물'을 판매·제공하는 매장,train,건어물,T2 동의어,d2bc15cf-2406-438d-8aeb-d3aaf4d6abfd,동명멸치,,신중부시장,전통시장,서울특별시,,,
9c1468f782815068f446,full_annotation_v1,A,q_건어물_02,멸치,식료품 중 '건어물'을 판매·제공하는 매장,train,건어물,T2 동의어,04076068-86f1-45f1-9953-07384c15f094,브론즈,여성복,마산 (주)대현프리몰 지하도상점가,일반지하상점가,경상남도,,,
c71de280cf4bd795265f,full_annotation_v1,A,q_건어물_02,멸치,식료품 중 '건어물'을 판매·제공하는 매장,train,건어물,T2 동의어,32afc8f6-cff0-4323-bb79-ece78e9cd928,퍼스트뷰티,피부관리,나성중앙 골목형상점가,골목형상점가,세종특별자치시,,,
92ce14fb8dc817554349,full_annotation_v1,A,q_건어물_02,멸치,식료품 중 '건어물'을 판매·제공하는 매장,train,건어물,T2 동의어,95b0c98d-5b7a-4bed-bb5c-81cd32de6fc4,해농물산,김 자반 멸치 건어물등,매월동상인회 골목형상점가,골목형상점가,광주광역시,,,
3aefd1dbe3674c162ea1,full_annotation_v1,A,q_건어물_02,멸치,식료품 중 '건어물'을 판매·제공하는 매장,train,건어물,T2 동의어,90ef0c3d-4335-4945-a64e-802d4ab59aef,진성상회,김 자반 멸치 건어물등,매월동상인회 골목형상점가,골목형상점가,광주광역시,,,
7bf82dc534a521676a37,full_annotation_v1,A,q_건어물_02,멸치,식료품 중 '건어물'을 판매·제공하는 매장,train,건어물,T2 동의어,8737fe5c-4c5f-4ff0-a8df-c8942e634114,유원식품,멸치 김 건어물,복이있는덕포시장,전통시장,부산광역시,,,
07c69d7839c33cdae0b0,full_annotation_v1,A,q_건어물_02,멸치,식료품 중 '건어물'을 판매·제공하는 매장,train,건어물,T2 동의어,9ab3791c-d2a9-4b73-b950-72cb41192aa2,동화사,"우산, 비옷",양동복개상가,전통시장,,,,
d88862dea80984fa0644,full_annotation_v1,A,q_건어물_02,멸치,식료품 중 '건어물'을 판매·제공하는 매장,train,건어물,T2 동의어,ccdc3e5b-5e62-477a-bdfb-fd8b89e56a2b,해운물산,김 자반 멸치 건어물등,매월동상인회 골목형상점가,골목형상점가,광주광역시,,,
8a3645b5c7a7bb048aaf,full_annotation_v1,A,q_건어물_02,멸치,식료품 중 '건어물'을 판매·제공하는 매장,train,건어물,T2 동의어,99a6078c-0ee0-46b0-b0a6-ca0e4b8d58e0,삼일상회,멸치,남포동건어물도매시장,전통시장,부산광역시,,,
d7aa2d2b5bdaa26aee16,full_annotation_v1,A,q_건어물_02,멸치,식료품 중 '건어물'을 판매·제공하는 매장,train,건어물,T2 동의어,72e7bfe3-78e8-4a6f-b785-5e8b2bd01f3b,교동육수공방,"건어물(멸치,새우)",대룡시장골목형상점가,골목형상점가,인천광역시,,,
14a4d9a08fccf89d062e,full_annotation_v1,A,q_건어물_02,멸치,식료품 중 '건어물'을 판매·제공하는 매장,train,건어물,T2 동의어,683e8081-d498-4bdb-af22-ad393ed4e4b7,건어물멸치,멸치,광명전통시장,전통시장,경기도,,,
85d0dbb815cc80c62acb,full_annotation_v1,A,q_건어물_02,멸치,식료품 중 '건어물'을 판매·제공하는 매장,train,건어물,T2 동의어,15a7f93f-3ca5-4df9-9bd8-e80f9f39339f,비어카페펀비어킹,"오징어한판떡볶이, 치킨",둔전골목형상점가,골목형상점가,경기도,,,
db03fa29c09b1e7802b5,full_annotation_v1,A,q_건어물_02,멸치,식료품 중 '건어물'을 판매·제공하는 매장,train,건어물,T2 동의어,2e2ed552-b12d-41b9-a1f1-ac511380fe74,경주상회,미역,포항죽도시장,전통시장,경상북도,,,
1e34ba909581146367a5,full_annotation_v1,A,q_건어물_02,멸치,식료품 중 '건어물'을 판매·제공하는 매장,train,건어물,T2 동의어,51436a97-7a07-4601-b0f5-f381d9ab3d2c,태경상회,멸치,남포동건어물도매시장,전통시장,부산광역시,,,
9b07951459cbfd6887c6,full_annotation_v1,A,q_건어물_02,멸치,식료품 중 '건어물'을 판매·제공하는 매장,train,건어물,T2 동의어,e3899393-afad-434a-8d11-82b157aee788,건어112호,멸치,인천종합어시장,전통시장,인천광역시,,,
b7d917abff21289add50,full_annotation_v1,A,q_건어물_02,멸치,식료품 중 '건어물'을 판매·제공하는 매장,train,건어물,T2 동의어,c8c694a6-2057-4fb9-ab21-866a8c8e120f,멸치박사,건어물,방이시장,전통시장,서울특별시,,,
40d669195955aa00f5cd,full_annotation_v1,A,q_건어물_02,멸치,식료품 중 '건어물'을 판매·제공하는 매장,train,건어물,T2 동의어,00356e71-7b15-4a42-be60-f232011707b8,유한회사 덕재건재,건어물,가락몰골목형상점가,골목형상점가,서울특별시,,,
e6a5f3ef5ea48633f00e,full_annotation_v1,A,q_건어물_02,멸치,식료품 중 '건어물'을 판매·제공하는 매장,train,건어물,T2 동의어,9848811a-fbac-4ed2-8567-9f1956229f91,해성농수산물,김 자반 멸치 건어물등,매월동상인회 골목형상점가,골목형상점가,광주광역시,,,
27150f161ad58bbca6cf,full_annotation_v1,A,q_건어물_02,멸치,식료품 중 '건어물'을 판매·제공하는 매장,train,건어물,T2 동의어,6afcc74c-9084-4a63-9f60-36b9195eb294,하동상회,멸치,남포동건어물도매시장,전통시장,부산광역시,,,
10277292fd099ac2a76b,full_annotation_v1,A,q_건어물_03,미역,식료품 중 '건어물'을 판매·제공하는 매장,train,건어물,T2 동의어,b8fcf7fb-d18a-4d0b-ac49-5250f1c812aa,귀한 섬미역,,합덕전통시장,전통시장,충청남도,,,
2c5303e93010a092cf99,full_annotation_v1,A,q_건어물_03,미역,식료품 중 '건어물'을 판매·제공하는 매장,train,건어물,T2 동의어,090f7531-5091-4cae-ba51-4198ab831a21,영덕상회,"건어물, 전자상거래(멸치, 김, 건어물",남포동건어물도매시장,전통시장,부산광역시,,,
302e46df32326b8771db,full_annotation_v1,A,q_건어물_03,미역,식료품 중 '건어물'을 판매·제공하는 매장,train,건어물,T2 동의어,ed2c28e1-d7cd-4ec8-8d18-dd0eb079a512,수정상회,"미역, 멸치, 다시마",좌동재래시장,전통시장,부산광역시,,,
622b99b7499c120bbf60,full_annotation_v1,A,q_건어물_03,미역,식료품 중 '건어물'을 판매·제공하는 매장,train,건어물,T2 동의어,823fe2ae-d3f9-4a15-985a-6c90ec3efa55,고래건어물,미역다시마각종건어물,기장시장 일원 자율상권구역,,부산광역시,,,
d1002df5f7ebbfad4a79,full_annotation_v1,A,q_건어물_03,미역,식료품 중 '건어물'을 판매·제공하는 매장,train,건어물,T2 동의어,34fe211d-8e37-4ebf-824e-52f7e63dcc95,오복미역 남천본점,한식,남천바다내음 골목형상점가,골목형상점가,부산광역시,,,
08e6ef33676eaae18f82,full_annotation_v1,A,q_건어물_03,미역,식료품 중 '건어물'을 판매·제공하는 매장,train,건어물,T2 동의어,1f5dbc55-6d8c-418b-a571-82f2d683593b,서현이네,순대,울산번개시장,전통시장,울산광역시,,,
cb808410d515f8beac74,full_annotation_v1,A,q_건어물_03,미역,식료품 중 '건어물'을 판매·제공하는 매장,train,건어물,T2 동의어,6593fe58-4382-4c31-a982-f63dadb83db6,부산미역,"미역, 농산물",엄궁농산물도매시장식품·청과 소매동 골목형상점가,골목형상점가,부산광역시,,,
043a1f1b74c7f7b23df7,full_annotation_v1,A,q_건어물_03,미역,식료품 중 '건어물'을 판매·제공하는 매장,train,건어물,T2 동의어,328a48f4-2078-43b1-be1c-8aca6321b1d2,꼭지상회,"미역줄기, 다시마",마산어시장,전통시장,경상남도,,,
dcb7316394f8a29e51ea,full_annotation_v1,A,q_건어물_03,미역,식료품 중 '건어물'을 판매·제공하는 매장,train,건어물,T2 동의어,e90fa73b-df7e-4850-9787-2a03244d0700,선운점,김 미역 다시마누륭지 견과류전기매트,선운 골목형상점가,골목형상점가,광주광역시,,,
076fe3a01fc5d3feb58a,full_annotation_v1,A,q_건어물_03,미역,식료품 중 '건어물'을 판매·제공하는 매장,train,건어물,T2 동의어,8571992e-d1e7-45e9-9159-ad976fdde0dd,다올농산,쌀 잡곡 미역 다시마,오치1동 골목형상점가,골목형상점가,광주광역시,,,
7d5e782ae1ed3a23765f,full_annotation_v1,A,q_건어물_03,미역,식료품 중 '건어물'을 판매·제공하는 매장,train,건어물,T2 동의어,004d071d-dda6-41e4-9fcb-7c74c8f8ef0f,영남상회,건어물,수영팔도시장(구 수영팔도상가시장),전통시장,부산광역시,,,
a1f202cf383a3f61d46d,full_annotation_v1,A,q_건어물_03,미역,식료품 중 '건어물'을 판매·제공하는 매장,train,건어물,T2 동의어,0a9c8241-2ef4-4389-a3d9-d3b9b2d96d79,해오름길식당,매운갈비찜조기매운탕오징어볶음제육볶음조림김치찌개백반술,각화주공 골목형상점가,골목형상점가,광주광역시,,,
55774701c56203037486,full_annotation_v1,A,q_건어물_03,미역,식료품 중 '건어물'을 판매·제공하는 매장,train,건어물,T2 동의어,b19e1bfc-d96d-4ce5-90d5-9ebf9a0595d5,광천상회,멸치북어미역,대림시장,전통시장,서울특별시,,,
120db7e41721a25741c6,full_annotation_v1,A,q_건어물_03,미역,식료품 중 '건어물'을 판매·제공하는 매장,train,건어물,T2 동의어,ad09669f-ac29-43ce-9f5e-4f3ff5e79f4a,성재상사,물미역,포항죽도농산물시장,전통시장,경상북도,,,
2baa7d8a31992712dc7f,full_annotation_v1,A,q_건어물_03,미역,식료품 중 '건어물'을 판매·제공하는 매장,train,건어물,T2 동의어,bfc462dc-d852-4f76-966c-5a6b004c2acb,삼미유통,"도매및소매업(건어물,새우,미역(거리가게))",시흥삼미시장,전통시장,경기도,,,
ae89c13c8ffc1afdd02b,full_annotation_v1,A,q_건어물_03,미역,식료품 중 '건어물'을 판매·제공하는 매장,train,건어물,T2 동의어,86612825-bde8-4cd7-9563-0e5a3228332c,투썸플레이스 백운초교점,휴게음식점,백운브릿지 골목형상점가,골목형상점가,광주광역시,,,
c02ed4430f24a8cc64da,full_annotation_v1,A,q_건어물_03,미역,식료품 중 '건어물'을 판매·제공하는 매장,train,건어물,T2 동의어,8eff6fb5-0cff-45cb-9eb2-5bdde9ca4762,진양식품,건어물 미역 다시마 멸치 김 건어물 기타,반여농산물도매시장 관련상품동,골목형상점가,부산광역시,,,
9a67efa24d7442477a1f,full_annotation_v1,A,q_건어물_03,미역,식료품 중 '건어물'을 판매·제공하는 매장,train,건어물,T2 동의어,24907bbf-689b-4976-b174-a19fb0c9cdcd,천금당,시계,충주자유시장,전통시장,충청북도,,,
7762697b4879303d7489,full_annotation_v1,A,q_건어물_03,미역,식료품 중 '건어물'을 판매·제공하는 매장,train,건어물,T2 동의어,1d999b51-cbf3-41e1-bf3e-5760e040f36f,전주상회,미역,각화도매 골목형상점가,골목형상점가,광주광역시,,,
3b0cb7e5be9bc5788f4c,full_annotation_v1,A,q_건어물_03,미역,식료품 중 '건어물'을 판매·제공하는 매장,train,건어물,T2 동의어,99fec656-69ce-4573-884b-81ce4f835d4d,대일상회,"멸치, 미역, 김 등 건어물",목포해산물 상점가,자율상권구역,전라남도,,,
752dd7b63b7c5843a483,full_annotation_v1,A,q_건어물_03,미역,식료품 중 '건어물'을 판매·제공하는 매장,train,건어물,T2 동의어,6864fdd8-2b76-4d55-98da-df2ca9191c4f,희망상회,"미역, 김, 다시마",남성사계시장,전통시장,서울특별시,,,
2c7f6f1ca1c4bc9859ba,full_annotation_v1,A,q_건어물_03,미역,식료품 중 '건어물'을 판매·제공하는 매장,train,건어물,T2 동의어,e056fe73-adb9-4621-a0ef-55881346fa81,유리네 상회,농수산물젓갈미역,정이있는 구포시장,전통시장,부산광역시,,,
e986d153bfcd2b7a0191,full_annotation_v1,A,q_건어물_03,미역,식료품 중 '건어물'을 판매·제공하는 매장,train,건어물,T2 동의어,15a7f93f-3ca5-4df9-9bd8-e80f9f39339f,비어카페펀비어킹,"오징어한판떡볶이, 치킨",둔전골목형상점가,골목형상점가,경기도,,,
b49a9b533ffe9122ae04,full_annotation_v1,A,q_건어물_03,미역,식료품 중 '건어물'을 판매·제공하는 매장,train,건어물,T2 동의어,122383b5-23f2-482c-8e29-3f627ee085fa,담벼락옥수수,식품,31사단 골목형상점가,골목형상점가,광주광역시,,,
0947b58d70d1d199e9d9,full_annotation_v1,A,q_건어물_03,미역,식료품 중 '건어물'을 판매·제공하는 매장,train,건어물,T2 동의어,006f90a6-dbc8-4b65-89c9-b485153b1409,충남상회,소매(건어물),안성중앙시장,전통시장,경기도,,,
fe11e7e4f55579d84361,full_annotation_v1,A,q_건어물_03,미역,식료품 중 '건어물'을 판매·제공하는 매장,train,건어물,T2 동의어,6e3a930a-9d05-4ab1-b034-554798f81b63,해남야채상회,"야채, 미역",목포동부시장,전통시장,전라남도,,,
d4ad0af265639b3fe181,full_annotation_v1,A,q_건어물_03,미역,식료품 중 '건어물'을 판매·제공하는 매장,train,건어물,T2 동의어,7bbc161b-1854-4d80-ac47-11a064559f9f,망고케이스 구미역,휴대폰 악세사리,문화로 자율상권구역,상권활성화구역,경상북도,,,
f882da32c9a3c0e83577,full_annotation_v1,A,q_건어물_03,미역,식료품 중 '건어물'을 판매·제공하는 매장,train,건어물,T2 동의어,6b26b587-4187-4d74-b419-3b6102d1ba1e,풍조미역,한식,성수역골목형상점가,골목형상점가,서울특별시,,,
ff05a82dfd48ee54a85b,full_annotation_v1,A,q_건어물_03,미역,식료품 중 '건어물'을 판매·제공하는 매장,train,건어물,T2 동의어,4f38851e-6419-433a-accf-b49f96daa0af,창돈역,,창동역 상점가,자율상권구역,서울특별시,,,
a31dd0fa8d8418eb6ae1,full_annotation_v1,A,q_건어물_03,미역,식료품 중 '건어물'을 판매·제공하는 매장,train,건어물,T2 동의어,398859ca-7ed8-493b-8ace-cacd5311aa71,참마트대명시장,슈퍼마켓,대명신시장,전통시장,대구광역시,,,
6869050fe7c6b2576033,full_annotation_v1,A,q_건어물_03,미역,식료품 중 '건어물'을 판매·제공하는 매장,train,건어물,T2 동의어,70e1e9c7-2bef-4f75-a5aa-b6debf69d249,소라수산식품,"김, 미역",연천시장,전통시장,부산광역시,,,
f6ebd9d023a268de13ba,full_annotation_v1,A,q_건어물_03,미역,식료품 중 '건어물'을 판매·제공하는 매장,train,건어물,T2 동의어,f63d7c91-f20a-4fc0-aee9-20be7872a3eb,청담미역 선부점,미역국,선부광장로상점가,자율상권구역,경기도,,,
9023cf70ade1cd28f599,full_annotation_v1,A,q_건어물_03,미역,식료품 중 '건어물'을 판매·제공하는 매장,train,건어물,T2 동의어,a8be086c-7022-42e4-ac0c-e05d1cdac936,금안상회,멸치 미역 김 다시마 새우 오징어 등,자갈치해안시장,전통시장,부산광역시,,,
80281c2eff7dc6c73a27,full_annotation_v1,A,q_건어물_03,미역,식료품 중 '건어물'을 판매·제공하는 매장,train,건어물,T2 동의어,18c13fa4-0fb0-4045-8b10-3ad77aa48a2f,(주)해가유통,건어물 김 미역,매월동상인회 골목형상점가,골목형상점가,광주광역시,,,
ea0353a1ed9b0658c697,full_annotation_v1,A,q_건어물_03,미역,식료품 중 '건어물'을 판매·제공하는 매장,train,건어물,T2 동의어,0720e384-efce-4175-a1d5-54f8311e1e0b,부경상회,멸치,수안인정시장,전통시장,부산광역시,,,
aafc0000918604d224b9,full_annotation_v1,A,q_건어물_03,미역,식료품 중 '건어물'을 판매·제공하는 매장,train,건어물,T2 동의어,37879624-49f4-4eca-9089-c19875821aef,동창미역,미역,경동시장,전통시장,서울특별시,,,
249faa501b051ad0b7d3,full_annotation_v1,A,q_건어물_03,미역,식료품 중 '건어물'을 판매·제공하는 매장,train,건어물,T2 동의어,2bcfd171-7e6c-40c0-9f1b-8056c6755d4b,영동상회농수산물,농산물(미역멸치황태),길동복조리시장,전통시장,서울특별시,,,
4bca2f49f69809405bd3,full_annotation_v1,A,q_건어물_03,미역,식료품 중 '건어물'을 판매·제공하는 매장,train,건어물,T2 동의어,5cef0c4d-0496-486e-8466-4964a0095cdc,질주바이크나라,오토바이,31사단 골목형상점가,골목형상점가,광주광역시,,,
dbfe032557c8b38b506a,full_annotation_v1,A,q_건어물_03,미역,식료품 중 '건어물'을 판매·제공하는 매장,train,건어물,T2 동의어,000d55be-8181-4f45-827e-52082b2ae284,명희유통,건어물,성북시장,전통시장,부산광역시,,,
e0d478731ec8dab30631,full_annotation_v1,A,q_건어물_03,미역,식료품 중 '건어물'을 판매·제공하는 매장,train,건어물,T2 동의어,2e2ed552-b12d-41b9-a1f1-ac511380fe74,경주상회,미역,포항죽도시장,전통시장,경상북도,,,
015a1834ac112d6dfdb8,full_annotation_v1,A,q_건어물_03,미역,식료품 중 '건어물'을 판매·제공하는 매장,train,건어물,T2 동의어,00b090ad-30c0-4573-a43a-123f5116851b,호호정 멸치국수,,그랜드프라자&상용b상가 상점가,골목형상점가,경기도,,,
97230c83a2859bc3e37c,full_annotation_v1,A,q_건어물_03,미역,식료품 중 '건어물'을 판매·제공하는 매장,train,건어물,T2 동의어,b1308ec0-2f6d-48c8-8664-6d0e5371c73f,짱이네지웰시티자이1단지,아이스크림,지웰시티자이상가 골목형상점가,골목형상점가,울산광역시,,,
7afb3b2388a632bac3f8,full_annotation_v1,A,q_건어물_03,미역,식료품 중 '건어물'을 판매·제공하는 매장,train,건어물,T2 동의어,3addf41e-7dbe-49af-960c-6d0c52af3890,미,남여의류,부평역지하상가,일반지하상점가,인천광역시,,,
d54d0b3955b4085c190a,full_annotation_v1,A,q_건어물_03,미역,식료품 중 '건어물'을 판매·제공하는 매장,train,건어물,T2 동의어,0831a084-d734-4518-a249-a2fa02715306,연일추어탕,추어탕 미역국,연산골목시장상점가,자율상권구역,부산광역시,,,
a0c6550e08b3025bd67a,full_annotation_v1,A,q_건어물_03,미역,식료품 중 '건어물'을 판매·제공하는 매장,train,건어물,T2 동의어,a2762e28-022b-4ddc-91da-efbcb7b6ac07,온지구로,미역다시마김멸치,부평종합시장,전통시장,인천광역시,,,
d56f46dd0303073215a6,full_annotation_v1,A,q_건어물_03,미역,식료품 중 '건어물'을 판매·제공하는 매장,train,건어물,T2 동의어,04039ec7-709d-4300-9a7b-98a3d4423957,더벤티 대전도안점,"제조음료, 커피, 디저트",유성도안 골목형상점가,골목형상점가,대전광역시,,,
22781c22f5eabf728fd0,full_annotation_v1,A,q_건어물_03,미역,식료품 중 '건어물'을 판매·제공하는 매장,train,건어물,T2 동의어,c3f7791c-527c-4f0b-82a2-fc180b4d57d1,한강회관(주),,이촌종합시장,전통시장,서울특별시,,,
a0d174cb344b81e784f9,full_annotation_v1,A,q_건어물_03,미역,식료품 중 '건어물'을 판매·제공하는 매장,train,건어물,T2 동의어,1f29409c-bc92-4cdf-88f1-3b36b0d76719,24시슈퍼,슈퍼,산본로데오거리(구 산본중심상가),자율상권구역,경기도,,,
9e50a114ca1d6818baa6,full_annotation_v1,A,q_건어물_03,미역,식료품 중 '건어물'을 판매·제공하는 매장,train,건어물,T2 동의어,77703956-09cb-4aa1-996c-11320ab8d649,완도드림,건다시마 건미역 멸치 김 굴 장어등,완도전통시장(완도5일시장),전통시장,전라남도,,,
d79a88733cae9add6757,full_annotation_v1,A,q_건어물_03,미역,식료품 중 '건어물'을 판매·제공하는 매장,train,건어물,T2 동의어,bdbf49ba-6ec6-40a6-88ae-2173b5d85290,해논산업,미역국,구서오시게시장,전통시장,부산광역시,,,
0ccdcdd26c15ee1d0fc8,full_annotation_v1,A,q_건어물_03,미역,식료품 중 '건어물'을 판매·제공하는 매장,train,건어물,T2 동의어,338e782d-d31c-4dba-b600-f65b34b06403,블레도르,"음식점업(제과,제빵)",성남백현카페문화거리,골목형상점가,경기도,,,
877aecae475f5c9555f9,full_annotation_v1,A,q_건어물_03,미역,식료품 중 '건어물'을 판매·제공하는 매장,train,건어물,T2 동의어,3ffa7b79-0dc5-434c-bacf-3e9db7e03080,로이드수원,소매업(시계 및 악세사리),수원역로데오거리상점가(매산로테마거리),자율상권구역,경기도,,,
a411d16d226ca0a22126,full_annotation_v1,A,q_건어물_03,미역,식료품 중 '건어물'을 판매·제공하는 매장,train,건어물,T2 동의어,fddaab3f-06ca-43b6-ba27-0292b6f63051,다혜 농수산(다먹고 또사고),"농수산물(건어물, 김, 미역, 멸치)",역곡남부시장,전통시장,경기도,,,
118b1c29b66f86670888,full_annotation_v1,A,q_건어물_03,미역,식료품 중 '건어물'을 판매·제공하는 매장,train,건어물,T2 동의어,5ea975c5-1dfc-4277-8838-40fd9e0411d2,바다일품,명태포진미미역 각종건어물,동성시장,전통시장,대구광역시,,,
e8f7ae548e9d460f556f,full_annotation_v1,A,q_건어물_03,미역,식료품 중 '건어물'을 판매·제공하는 매장,train,건어물,T2 동의어,7c2d8960-0c5d-4ca7-a664-56faf1d73fa7,자갈치 바른건어물,멸치 미역 다시마 김 등,자갈치해안시장,전통시장,부산광역시,,,
343082cfe51ce2360468,full_annotation_v1,A,q_건어물_03,미역,식료품 중 '건어물'을 판매·제공하는 매장,train,건어물,T2 동의어,3a692aa4-7d4c-4506-acde-417f3f2a499b,수정,의류 등,전주중앙상가시장,전통시장,전북특별자치도,,,
39cfe37f22c15a2753bf,full_annotation_v1,A,q_건어물_03,미역,식료품 중 '건어물'을 판매·제공하는 매장,train,건어물,T2 동의어,00527b0b-893c-4d64-862e-3ef8113d07fb,해선언니네,건어물,용상공설시장,전통시장,경상북도,,,
225552d9614886af21d0,full_annotation_v1,A,q_건어물_03,미역,식료품 중 '건어물'을 판매·제공하는 매장,train,건어물,T2 동의어,068c7c2c-3e2e-436b-8ffd-01f8b7630429,해농유통,김 자반 멸치 건어물등,매월동상인회 골목형상점가,골목형상점가,광주광역시,,,
e04489ac73bec00adeac,full_annotation_v1,A,q_건어물_03,미역,식료품 중 '건어물'을 판매·제공하는 매장,train,건어물,T2 동의어,212fddc2-baa3-45b3-ad6b-0bd1d68d01e4,진소우,한식,유성도안 골목형상점가,골목형상점가,대전광역시,,,
0ee09d9b08eaaee4ef08,full_annotation_v1,A,q_건어물_03,미역,식료품 중 '건어물'을 판매·제공하는 매장,train,건어물,T2 동의어,b1e45624-9890-4f72-a1c9-4104750f70fb,조씨네미역,미역,강릉중앙시장,전통시장,강원특별자치도,,,
d4791639a1adc0aed846,full_annotation_v1,A,q_건어물_03,미역,식료품 중 '건어물'을 판매·제공하는 매장,train,건어물,T2 동의어,4dfef34e-2c2b-4e2d-a00f-78004956170f,동막역,,대흥숲길 골목형상점가,골목형상점가,서울특별시,,,
982318e1671d36702081,full_annotation_v1,A,q_건어물_03,미역,식료품 중 '건어물'을 판매·제공하는 매장,train,건어물,T2 동의어,49b9ec26-92cf-4a31-9c25-60089e0e16ac,맥반석김에반하다,김 미역 다시마 김부각,신영시장,전통시장,서울특별시,,,
c7428d7552561ab2eb4e,full_annotation_v1,A,q_건어물_03,미역,식료품 중 '건어물'을 판매·제공하는 매장,train,건어물,T2 동의어,00356e71-7b15-4a42-be60-f232011707b8,유한회사 덕재건재,건어물,가락몰골목형상점가,골목형상점가,서울특별시,,,
384158e14faca831a7be,full_annotation_v1,A,q_건어물_03,미역,식료품 중 '건어물'을 판매·제공하는 매장,train,건어물,T2 동의어,df35b8df-bda2-44a8-8cea-49d66ce2ca7d,부산미역,"수산물, 농산물, 등",부산새벽시장,전통시장,부산광역시,,,
b67c72e744ece7b76672,full_annotation_v1,A,q_건어물_03,미역,식료품 중 '건어물'을 판매·제공하는 매장,train,건어물,T2 동의어,2ea37bd9-4cf0-4c42-a175-a5f7b6affeaf,골목참기름,참기름,하양꿈바우시장,전통시장,경상북도,,,
798be7da3febe52b0d24,full_annotation_v1,A,q_건어물_03,미역,식료품 중 '건어물'을 판매·제공하는 매장,train,건어물,T2 동의어,efaca444-d1dd-439b-a318-85aa03f70875,제일상회,멸치 미역 외 등,신동아수산물종합시장,전통시장,부산광역시,,,
62dbdd58d821429c373d,full_annotation_v1,A,q_건어물_03,미역,식료품 중 '건어물'을 판매·제공하는 매장,train,건어물,T2 동의어,343bc366-2597-45ec-8ae5-426eda4e8b30,동해식품,"김, 미역",동쪽바다중앙시장(구 동해중앙시장),전통시장,강원특별자치도,,,
912931fadf7aad122b64,full_annotation_v1,A,q_건어물_03,미역,식료품 중 '건어물'을 판매·제공하는 매장,train,건어물,T2 동의어,0f723647-935f-41da-a1d7-794666dc4dc4,정이네,"오징어순대, 튀김",속초종합중앙시장,전통시장,강원특별자치도,,,
ec56f9995c1fed4ce3b4,full_annotation_v1,A,q_건어물_03,미역,식료품 중 '건어물'을 판매·제공하는 매장,train,건어물,T2 동의어,85a71ed2-d6f2-4443-a451-b3a40e030f6c,해남야채상회,야채.미역,오룡행복 골목형상점가,골목형상점가,전라남도,,,
92db07da9a2c30465d36,full_annotation_v1,A,q_건어물_03,미역,식료품 중 '건어물'을 판매·제공하는 매장,train,건어물,T2 동의어,ce938290-9a5d-47ef-937d-53116a51ce27,완도미역,미역,강릉중앙시장,전통시장,강원특별자치도,,,
f3c816fad9ff5531e3dd,full_annotation_v1,A,q_건어물_03,미역,식료품 중 '건어물'을 판매·제공하는 매장,train,건어물,T2 동의어,082711d5-e6ab-4078-8378-117f51fd8849,남부건어물,멸치 오징어 황태 등 건어물,전주남부시장,전통시장,전북특별자치도,,,
b1c41fd4662867c1bf0a,full_annotation_v1,A,q_건어물_03,미역,식료품 중 '건어물'을 판매·제공하는 매장,train,건어물,T2 동의어,40fda665-9695-4782-a460-c37bc2980bcf,일품장수미역,한식,대가야 자율상권구역,,경상북도,,,
76a96d6c7ae972e405fc,full_annotation_v1,A,q_건어물_03,미역,식료품 중 '건어물'을 판매·제공하는 매장,train,건어물,T2 동의어,b5acaf86-d889-4e90-b231-9a7aa4426f63,기장건어물2호점,미역 다시마 멸치,기장시장 일원 자율상권구역,상권활성화구역,부산광역시,,,
ba75c4c6deb7e5b18221,full_annotation_v1,A,q_건어물_03,미역,식료품 중 '건어물'을 판매·제공하는 매장,train,건어물,T2 동의어,64b094d6-28df-4fda-beac-cb63cd815c36,어영차수산,반건조생선 다시마 미역 김 북어포 생선 등,군산나운상가 골목형상점가,골목형상점가,전북특별자치도,,,
79d381783b1cce3b4742,full_annotation_v1,A,q_건어물_03,미역,식료품 중 '건어물'을 판매·제공하는 매장,train,건어물,T2 동의어,06873b8c-d1f7-4101-9d4b-f5face2ee848,비룡상회,건오징어,포항죽도시장,전통시장,경상북도,,,
02de74e742f2ec0a7009,full_annotation_v1,A,q_건어물_03,미역,식료품 중 '건어물'을 판매·제공하는 매장,train,건어물,T2 동의어,d330bf64-c058-4c4b-85ba-d88fdc5fed5c,해논미역 평촌직영점,한식,귀인동먹거리촌 골목형상점가,골목형상점가,경기도,,,
4ff48bed51d18543f960,full_annotation_v1,A,q_건어물_04,오징어,식료품 중 '건어물'을 판매·제공하는 매장,train,건어물,T2 동의어,9d57a64d-9fbc-4041-9038-5b037e1f06e5,일호선,"누룽지 오징어 순대, 삼겹쪽파말이",아주대 대학로 골목형상점가,골목형상점가,경기도,,,
4080547e866370983110,full_annotation_v1,A,q_건어물_04,오징어,식료품 중 '건어물'을 판매·제공하는 매장,train,건어물,T2 동의어,acb27c36-dc70-4b45-9905-0e36941cbac2,싱싱포차 오징어 대봉점,,봉리단길 맛거리,골목형상점가,대구광역시,,,
aebfe0c6ff18c35bce4a,full_annotation_v1,A,q_건어물_04,오징어,식료품 중 '건어물'을 판매·제공하는 매장,train,건어물,T2 동의어,a0fbe71a-a36a-4fd0-aa6f-08ff3186b86d,해신수산,회,송도수산물판매장골목형상점가,골목형상점가,전라남도,,,
c142021a06ad6f814f2a,full_annotation_v1,A,q_건어물_04,오징어,식료품 중 '건어물'을 판매·제공하는 매장,train,건어물,T2 동의어,1b97a424-c12a-4fb7-8897-0c67d2ebd2dd,우주청과,과일,김천평화시장,전통시장,경상북도,,,
674f9ffa440111169c55,full_annotation_v1,A,q_건어물_04,오징어,식료품 중 '건어물'을 판매·제공하는 매장,train,건어물,T2 동의어,068c7c2c-3e2e-436b-8ffd-01f8b7630429,해농유통,김 자반 멸치 건어물등,매월동상인회 골목형상점가,골목형상점가,광주광역시,,,
e374771bc4373b094e1a,full_annotation_v1,A,q_건어물_04,오징어,식료품 중 '건어물'을 판매·제공하는 매장,train,건어물,T2 동의어,64174508-ae58-4495-97b6-58b4b479cbeb,바다보관소,오징어 갈치,자갈치해안시장,전통시장,부산광역시,,,
2f4cad32195d24859c87,full_annotation_v1,A,q_건어물_04,오징어,식료품 중 '건어물'을 판매·제공하는 매장,train,건어물,T2 동의어,0831a084-d734-4518-a249-a2fa02715306,연일추어탕,추어탕 미역국,연산골목시장상점가,자율상권구역,부산광역시,,,
cdf96a69cdfd73f2878f,full_annotation_v1,A,q_건어물_04,오징어,식료품 중 '건어물'을 판매·제공하는 매장,train,건어물,T2 동의어,27d9a566-1156-4737-8b93-3dce2c61fbc8,오징어촌,한식,귀인동먹거리촌 골목형상점가,골목형상점가,경기도,,,
23bc0b4bf8adb8a402fc,full_annotation_v1,A,q_건어물_04,오징어,식료품 중 '건어물'을 판매·제공하는 매장,train,건어물,T2 동의어,8a35e56e-0d44-4730-94c1-a3f4b4c62bab,수다떠는 오징어,활어회,옥정메인타워상점가,골목형상점가,경기도,,,
e5db084c4324743ff112,full_annotation_v1,A,q_건어물_04,오징어,식료품 중 '건어물'을 판매·제공하는 매장,train,건어물,T2 동의어,600788c6-1398-47fd-83c0-d8541de578ea,회박사,오징어 회 대구,인천모래내전통시장,전통시장,인천광역시,,,
4a7f1c87ae69c4202e59,full_annotation_v1,A,q_건어물_04,오징어,식료품 중 '건어물'을 판매·제공하는 매장,train,건어물,T2 동의어,f52e0bd4-24e5-493f-9dc8-08655762eca8,수다 떠는 오징어 방학점,일식,방학단길골목형상점가,골목형상점가,서울특별시,,,
7b4f1acc833b252578ec,full_annotation_v1,A,q_건어물_04,오징어,식료품 중 '건어물'을 판매·제공하는 매장,train,건어물,T2 동의어,0347881e-5be7-4f92-b2a1-fd21edbe25b0,중개인2호(해태수산),회,송도수산물판매장골목형상점가,골목형상점가,전라남도,,,
03763959444516794941,full_annotation_v1,A,q_건어물_04,오징어,식료품 중 '건어물'을 판매·제공하는 매장,train,건어물,T2 동의어,670efe93-b7dd-44d3-b997-fa7207a334ce,충북상회건어89호,김 멸치 오징어,인천종합어시장,전통시장,인천광역시,,,
b4d70d6656457a36c39d,full_annotation_v1,A,q_건어물_04,오징어,식료품 중 '건어물'을 판매·제공하는 매장,train,건어물,T2 동의어,990b0242-4a3e-4816-a2aa-9eeb04ba14cb,스타수산,갈치 오징어 고등어 낙지 기타 냉동수산물,범천중앙시장,전통시장,부산광역시,,,
554778ade5821a27e1df,full_annotation_v1,A,q_건어물_04,오징어,식료품 중 '건어물'을 판매·제공하는 매장,train,건어물,T2 동의어,4921ba8f-8c15-4fe3-a9bd-d9a0c94ff8d9,브레드세븐(두암점),제과,두암3동 먹자골목 골목형상점가,골목형상점가,광주광역시,,,
3661a0d82ff1dac452b3,full_annotation_v1,A,q_건어물_04,오징어,식료품 중 '건어물'을 판매·제공하는 매장,train,건어물,T2 동의어,f70a5a55-bb8c-4a4e-a2f8-c12cc9372295,부산건어물,건어물,수암상가시장,전통시장,울산광역시,,,
e3fe49c8458118c1888c,full_annotation_v1,A,q_건어물_04,오징어,식료품 중 '건어물'을 판매·제공하는 매장,train,건어물,T2 동의어,00b090ad-30c0-4573-a43a-123f5116851b,호호정 멸치국수,,그랜드프라자&상용b상가 상점가,골목형상점가,경기도,,,
2b030d1bb0fb2b35fe0b,full_annotation_v1,A,q_건어물_04,오징어,식료품 중 '건어물'을 판매·제공하는 매장,train,건어물,T2 동의어,006f90a6-dbc8-4b65-89c9-b485153b1409,충남상회,소매(건어물),안성중앙시장,전통시장,경기도,,,
dd497d918058d55926b2,full_annotation_v1,A,q_건어물_04,오징어,식료품 중 '건어물'을 판매·제공하는 매장,train,건어물,T2 동의어,b218913a-06c0-4fb0-9c20-5d3c65b910fc,거제수산,고등어 삼치 전갱이 오징어,자갈치해안시장,전통시장,부산광역시,,,
5f9f1ff8521d299fdb46,full_annotation_v1,A,q_건어물_04,오징어,식료품 중 '건어물'을 판매·제공하는 매장,train,건어물,T2 동의어,3a3d05b5-d726-48da-9afe-c2fad6573ecf,성심상회,오징어 멸치 등등,자갈치시장,전통시장,부산광역시,,,
af87706466108adfeb01,full_annotation_v1,A,q_건어물_04,오징어,식료품 중 '건어물'을 판매·제공하는 매장,train,건어물,T2 동의어,3ab84e66-6f02-4210-ba90-7c029126a74c,생선명가 거북명태,명태 오징어 갑오징어,송촌동상점가,자율상권구역,대전광역시,,,
b5b66f834243404f3e66,full_annotation_v1,A,q_건어물_04,오징어,식료품 중 '건어물'을 판매·제공하는 매장,train,건어물,T2 동의어,7ce78caf-154c-4fbc-a6fc-8d5c82070ab7,더아루나,,나주읍성 골목형상점가,골목형상점가,,,,
5aeb70721ce24a6db8ce,full_annotation_v1,A,q_건어물_04,오징어,식료품 중 '건어물'을 판매·제공하는 매장,train,건어물,T2 동의어,a0d85103-239c-4243-a632-3ea689e55c9f,대박산꼼장어,꼼장어 및 오징어,관평동 골목형상점가,골목형상점가,대전광역시,,,
2db437db1c501811b702,full_annotation_v1,A,q_건어물_04,오징어,식료품 중 '건어물'을 판매·제공하는 매장,train,건어물,T2 동의어,656610b6-9957-48af-98d8-9e0625935649,오징어슈퍼,오징어요리,부평테마의거리 골목형 상점가,골목형상점가,인천광역시,,,
97281a7e74f5f995d0b0,full_annotation_v1,A,q_건어물_04,오징어,식료품 중 '건어물'을 판매·제공하는 매장,train,건어물,T2 동의어,ce15ea7f-bcdf-4442-bed7-f4e93c0e2fba,화끈네오징양,오징어,용강동상점가,자율상권구역,서울특별시,,,
80d66061ac79abdccb35,full_annotation_v1,A,q_건어물_04,오징어,식료품 중 '건어물'을 판매·제공하는 매장,train,건어물,T2 동의어,2e2ed552-b12d-41b9-a1f1-ac511380fe74,경주상회,미역,포항죽도시장,전통시장,경상북도,,,
75859fe8f7c814f7d45d,full_annotation_v1,A,q_건어물_04,오징어,식료품 중 '건어물'을 판매·제공하는 매장,train,건어물,T2 동의어,b9f761f1-0765-44d5-8b79-1ad970d6cd32,관저오징어나라,오징어,관저동 먹자골목 골목형상점가,골목형상점가,대전광역시,,,
88d232412d752b6d89f4,full_annotation_v1,A,q_건어물_04,오징어,식료품 중 '건어물'을 판매·제공하는 매장,train,건어물,T2 동의어,0b62d1f2-fce7-4d83-903f-217a7874e835,용자오징어,건어물,경주성동공설시장,전통시장,경상북도,,,
4cbee3e20ea214def1ab,full_annotation_v1,A,q_건어물_04,오징어,식료품 중 '건어물'을 판매·제공하는 매장,train,건어물,T2 동의어,1e80705b-2363-480f-b845-a9eb50f853de,남문전기조명,,나주읍성 골목형상점가,골목형상점가,,,,
d169374e8f63d6467396,full_annotation_v1,A,q_건어물_04,오징어,식료품 중 '건어물'을 판매·제공하는 매장,train,건어물,T2 동의어,62d22aea-e9ea-4513-b371-cfada5f31426,연안상회,멸치 김 오징어,인천종합어시장,전통시장,인천광역시,,,
93acc8faf66b23f34d02,full_annotation_v1,A,q_건어물_04,오징어,식료품 중 '건어물'을 판매·제공하는 매장,train,건어물,T2 동의어,5e233c3e-aa94-431e-8111-d405207ad7a0,오적회관 강남세곡점,오징어 보쌈,세곡동 은곡마을 골목형상점가,골목형상점가,서울특별시,,,
e1ca38e8f7758f447c45,full_annotation_v1,A,q_건어물_04,오징어,식료품 중 '건어물'을 판매·제공하는 매장,train,건어물,T2 동의어,a5ea95c1-c655-422d-b2a8-496bb72842d4,최민주 더업 밥,돈까스 제육 오징어 카레,방배역먹자골목 골목형상점가,골목형상점가,서울특별시,,,
47c0347d031a9c5c68d4,full_annotation_v1,A,q_건어물_04,오징어,식료품 중 '건어물'을 판매·제공하는 매장,train,건어물,T2 동의어,501d4836-681c-49e6-b28c-6a39845f690e,삼촌네건어물,멸치 오징어,인천종합어시장,전통시장,인천광역시,,,
61561ec74439e07aa81b,full_annotation_v1,A,q_건어물_04,오징어,식료품 중 '건어물'을 판매·제공하는 매장,train,건어물,T2 동의어,15a7f93f-3ca5-4df9-9bd8-e80f9f39339f,비어카페펀비어킹,"오징어한판떡볶이, 치킨",둔전골목형상점가,골목형상점가,경기도,,,
2f8635ac2688c356a50f,full_annotation_v1,A,q_건어물_04,오징어,식료품 중 '건어물'을 판매·제공하는 매장,train,건어물,T2 동의어,a38fe726-b2d9-42a7-8bc0-8232105f98b8,원당오징어,음식,원당 중앙로 골목형상점가,골목형상점가,인천광역시,,,
344fe2b03c7d7eb33719,full_annotation_v1,A,q_건어물_04,오징어,식료품 중 '건어물'을 판매·제공하는 매장,train,건어물,T2 동의어,8a5c59e5-0316-429b-aee9-a5d1e633d310,대진상회,"건어물(멸치,다시마,김,오징어 등)",남포동건어물도매시장,전통시장,부산광역시,,,
cdf614b4c3904c9a7c5b,full_annotation_v1,A,q_건어물_04,오징어,식료품 중 '건어물'을 판매·제공하는 매장,train,건어물,T2 동의어,618bd7fc-fcdd-47bf-98b5-440ad59a9eb9,안경마을,안경,동백 이음길 골목형상점가,골목형상점가,경기도,,,
04ceb67c1f3c7730e5e2,full_annotation_v1,A,q_건어물_04,오징어,식료품 중 '건어물'을 판매·제공하는 매장,train,건어물,T2 동의어,18c13fa4-0fb0-4045-8b10-3ad77aa48a2f,(주)해가유통,건어물 김 미역,매월동상인회 골목형상점가,골목형상점가,광주광역시,,,
11f2311d699f691835eb,full_annotation_v1,A,q_건어물_04,오징어,식료품 중 '건어물'을 판매·제공하는 매장,train,건어물,T2 동의어,1cd1d334-42b8-45e5-9488-15ec524b4d54,오사모,"오징어 버터구이, 수산물 등",수영팔도시장(구 수영팔도상가시장),전통시장,부산광역시,,,
2fc80bbb68afaa2914bf,full_annotation_v1,A,q_건어물_04,오징어,식료품 중 '건어물'을 판매·제공하는 매장,train,건어물,T2 동의어,c6c25462-d270-44b0-83bc-03c2eb2ac91a,통통한 오징어,오징어회,안동시옥동 골목형상점가,골목형상점가,경상북도,,,
e68055dcd2c610e383b2,full_annotation_v1,A,q_건어물_04,오징어,식료품 중 '건어물'을 판매·제공하는 매장,train,건어물,T2 동의어,000d55be-8181-4f45-827e-52082b2ae284,명희유통,건어물,성북시장,전통시장,부산광역시,,,
e27825b58828ea7c615b,full_annotation_v1,A,q_건어물_04,오징어,식료품 중 '건어물'을 판매·제공하는 매장,train,건어물,T2 동의어,fde6c70d-e184-4d4a-b1e9-2b57a922e4b4,오셰프,오징어,한솔동4단지상점가,자율상권구역,세종특별자치시,,,
d5af7832d8caa23bcf7e,full_annotation_v1,A,q_건어물_04,오징어,식료품 중 '건어물'을 판매·제공하는 매장,train,건어물,T2 동의어,cf9511fa-450f-4813-b8a7-f71d12562df3,해수기네 군것질,오징어,해운대시장,전통시장,부산광역시,,,
7b703640d11d8cd729c6,full_annotation_v1,A,q_건어물_04,오징어,식료품 중 '건어물'을 판매·제공하는 매장,train,건어물,T2 동의어,30660b5a-3fa2-41a5-b8b3-e0e62a493897,현태수산,,동광전통어시장 골목형상점가,골목형상점가,경상북도,,,
1794b6802fdd6f83d562,full_annotation_v1,A,q_건어물_04,오징어,식료품 중 '건어물'을 판매·제공하는 매장,train,건어물,T2 동의어,090f7531-5091-4cae-ba51-4198ab831a21,영덕상회,"건어물, 전자상거래(멸치, 김, 건어물",남포동건어물도매시장,전통시장,부산광역시,,,
ba66e35c1de9e5557b3e,full_annotation_v1,A,q_건어물_04,오징어,식료품 중 '건어물'을 판매·제공하는 매장,train,건어물,T2 동의어,0f723647-935f-41da-a1d7-794666dc4dc4,정이네,"오징어순대, 튀김",속초종합중앙시장,전통시장,강원특별자치도,,,
2392787a311cd3de611f,full_annotation_v1,A,q_건어물_04,오징어,식료품 중 '건어물'을 판매·제공하는 매장,train,건어물,T2 동의어,bad5686f-92d6-4159-ba91-fb28a3b3ce29,해송,오징어,속초종합중앙시장,전통시장,강원특별자치도,,,
b7333abb63e4d8421bce,full_annotation_v1,A,q_건어물_04,오징어,식료품 중 '건어물'을 판매·제공하는 매장,train,건어물,T2 동의어,8a2d951b-c442-48cc-b400-452d24f2fc09,마스터오징어,한식,사리골상점가,자율상권구역,경기도,,,
2c78403db249577eafd0,full_annotation_v1,A,q_건어물_04,오징어,식료품 중 '건어물'을 판매·제공하는 매장,train,건어물,T2 동의어,334135e0-aa1c-4dd3-8769-42a79d328f1d,이하선 삼동오징어,,둔산3동상점가,자율상권구역,대전광역시,,,
808d2870cc934638c383,full_annotation_v1,A,q_건어물_04,오징어,식료품 중 '건어물'을 판매·제공하는 매장,train,건어물,T2 동의어,14de413e-693d-4ac4-8be7-590e0b04041e,속초 오징어 어시장 난곡점,음식점,난우길골목형상점가,골목형상점가,서울특별시,,,
a62994c1d8b98e3716e2,full_annotation_v1,A,q_건어물_04,오징어,식료품 중 '건어물'을 판매·제공하는 매장,train,건어물,T2 동의어,1d999b51-cbf3-41e1-bf3e-5760e040f36f,전주상회,미역,각화도매 골목형상점가,골목형상점가,광주광역시,,,
6c36ba12d8e18cd4a790,full_annotation_v1,A,q_건어물_04,오징어,식료품 중 '건어물'을 판매·제공하는 매장,train,건어물,T2 동의어,2bcfd171-7e6c-40c0-9f1b-8056c6755d4b,영동상회농수산물,농산물(미역멸치황태),길동복조리시장,전통시장,서울특별시,,,
f714ec3cb140471a3784,full_annotation_v1,A,q_건어물_04,오징어,식료품 중 '건어물'을 판매·제공하는 매장,train,건어물,T2 동의어,00527b0b-893c-4d64-862e-3ef8113d07fb,해선언니네,건어물,용상공설시장,전통시장,경상북도,,,
5d69028845ef96c58c7b,full_annotation_v1,A,q_건어물_04,오징어,식료품 중 '건어물'을 판매·제공하는 매장,train,건어물,T2 동의어,6f740e80-a5a7-4c5a-b5f9-a38226764a16,오징어와친구들,오징어회,대흥동 특화거리 상점가,자율상권구역,대전광역시,,,
c8f1092bebe3b095f1c0,full_annotation_v1,A,q_건어물_04,오징어,식료품 중 '건어물'을 판매·제공하는 매장,train,건어물,T2 동의어,082711d5-e6ab-4078-8378-117f51fd8849,남부건어물,멸치 오징어 황태 등 건어물,전주남부시장,전통시장,전북특별자치도,,,
e3e6ed923161977712a9,full_annotation_v1,A,q_건어물_04,오징어,식료품 중 '건어물'을 판매·제공하는 매장,train,건어물,T2 동의어,004d071d-dda6-41e4-9fcb-7c74c8f8ef0f,영남상회,건어물,수영팔도시장(구 수영팔도상가시장),전통시장,부산광역시,,,
d3ffd9aa65289a4c842a,full_annotation_v1,A,q_건어물_04,오징어,식료품 중 '건어물'을 판매·제공하는 매장,train,건어물,T2 동의어,50777592-237f-41a1-95ba-3b63d934130c,오징어나라,산오징어,목포자유시장,전통시장,전라남도,,,
5d4650ad6f744b3d3cf9,full_annotation_v1,A,q_건어물_04,오징어,식료품 중 '건어물'을 판매·제공하는 매장,train,건어물,T2 동의어,7928e462-c3da-4b7e-b3bf-e0fbb08418f7,신선마트,식품 과일 야채,천안중앙시장,전통시장,충청남도,,,
1d3121e4aff62ebc052f,full_annotation_v1,A,q_건어물_04,오징어,식료품 중 '건어물'을 판매·제공하는 매장,train,건어물,T2 동의어,acc7395c-b4c6-4f88-b7bf-575f8ccc02f4,농약방 오씨,농약 및 영양제 비료,연무안심시장,전통시장,충청남도,,,
f210640d67a4d7cba487,full_annotation_v1,A,q_건어물_04,오징어,식료품 중 '건어물'을 판매·제공하는 매장,train,건어물,T2 동의어,0a9c8241-2ef4-4389-a3d9-d3b9b2d96d79,해오름길식당,매운갈비찜조기매운탕오징어볶음제육볶음조림김치찌개백반술,각화주공 골목형상점가,골목형상점가,광주광역시,,,
7d28db25a8e40e89be8f,full_annotation_v1,A,q_건어물_04,오징어,식료품 중 '건어물'을 판매·제공하는 매장,train,건어물,T2 동의어,c5ef45c8-4131-4f6f-99d7-79c40a880ebf,오징어야,일식,노량진만나로골목형상점가,골목형상점가,서울특별시,,,
3507d087757eb4c8b594,full_annotation_v1,A,q_건어물_04,오징어,식료품 중 '건어물'을 판매·제공하는 매장,train,건어물,T2 동의어,eddef9c7-b0ab-4b0c-8abf-3007d5d31bc0,삼등집,한식,과천스마트케이 골목형상점가,골목형상점가,경기도,,,
963fc5d81c0cb4385681,full_annotation_v1,A,q_건어물_04,오징어,식료품 중 '건어물'을 판매·제공하는 매장,train,건어물,T2 동의어,788795da-f591-43e3-ba07-dcb04cd49c07,스마일꽃집,생화,남대문시장,전통시장,서울특별시,,,
c68ca5181392a30a9aaa,full_annotation_v1,A,q_건어물_04,오징어,식료품 중 '건어물'을 판매·제공하는 매장,train,건어물,T2 동의어,60c6ebc4-a9e7-4fe3-8c93-a56729783a11,라쿵푸마라탕칠곡석적점,,석적읍 중리일번지 골목형상점가,골목형상점가,경상북도,,,
e459f6a65eddf8e56c81,full_annotation_v1,A,q_건어물_04,오징어,식료품 중 '건어물'을 판매·제공하는 매장,train,건어물,T2 동의어,00356e71-7b15-4a42-be60-f232011707b8,유한회사 덕재건재,건어물,가락몰골목형상점가,골목형상점가,서울특별시,,,
d6a785a4ed16dfaf3228,full_annotation_v1,A,q_건어물_04,오징어,식료품 중 '건어물'을 판매·제공하는 매장,train,건어물,T2 동의어,6dd1e71a-a7f5-4fa4-8ca4-6ee1e7729a8a,광장 산오징어 활어수산,오징어,두류젊음의광장 상점가,자율상권구역,대구광역시,,,
a5b4e61c57bd01c96a92,full_annotation_v1,A,q_건어물_04,오징어,식료품 중 '건어물'을 판매·제공하는 매장,train,건어물,T2 동의어,ed5b8ea0-1156-40dc-9196-177ea67f020b,독수리오징어,건어물,매곡동 골목형상점가,골목형상점가,광주광역시,,,
38d16e8d5fbb6fc670e0,full_annotation_v1,A,q_건어물_04,오징어,식료품 중 '건어물'을 판매·제공하는 매장,train,건어물,T2 동의어,eb18f9ec-04d9-4340-8a46-650b2190aaf6,오징어마을,회,수원통닭거리 골목형사점가,골목형상점가,경기도,,,
f083cd1b51950b95c2ed,full_annotation_v1,A,q_건어물_04,오징어,식료품 중 '건어물'을 판매·제공하는 매장,train,건어물,T2 동의어,06873b8c-d1f7-4101-9d4b-f5face2ee848,비룡상회,건오징어,포항죽도시장,전통시장,경상북도,,,
88d620221c8702988e3f,full_annotation_v1,A,q_건어물_04,오징어,식료품 중 '건어물'을 판매·제공하는 매장,train,건어물,T2 동의어,8a3f2d95-9c49-419b-b9bb-a67b82048608,괴정수산2호점,"고등어, 갈치, 오징어",온택트 괴정스마트 상권활성화구역,상권활성화구역,부산광역시,,,
d12bdaf8648eb95303c6,full_annotation_v1,A,q_건어물_04,오징어,식료품 중 '건어물'을 판매·제공하는 매장,train,건어물,T2 동의어,a8be086c-7022-42e4-ac0c-e05d1cdac936,금안상회,멸치 미역 김 다시마 새우 오징어 등,자갈치해안시장,전통시장,부산광역시,,,
c36530f6ee522f9cf8df,full_annotation_v1,A,q_건어물_04,오징어,식료품 중 '건어물'을 판매·제공하는 매장,train,건어물,T2 동의어,43b6998b-f498-46ae-b795-106af80c3beb,에스에이치푸드,냉면,솔올중앞골목형상점가,골목형상점가,강원특별자치도,,,
828227978a3e21f7420c,full_annotation_v1,A,q_건어물_04,오징어,식료품 중 '건어물'을 판매·제공하는 매장,train,건어물,T2 동의어,0720e384-efce-4175-a1d5-54f8311e1e0b,부경상회,멸치,수안인정시장,전통시장,부산광역시,,,
1ae20842703711af1ab6,full_annotation_v1,A,q_건어물_04,오징어,식료품 중 '건어물'을 판매·제공하는 매장,train,건어물,T2 동의어,e88891ac-9503-41e0-be4a-c50dcccf4ac6,귀한족발,족발,화정로상인회 골목형상점가,골목형상점가,광주광역시,,,
14978bdaa3631a920c9a,full_annotation_v1,A,q_건어물_04,오징어,식료품 중 '건어물'을 판매·제공하는 매장,train,건어물,T2 동의어,ae5d0b8e-1ed5-42e7-99f0-11df32bc9d88,원조소문난무침회,"오징어 무침회, 꼬막 무침회, 납작만두",속초중앙전통시장,전통시장,강원특별자치도,,,
1e92762ba960b705c92d,full_annotation_v1,A,q_건어물_04,오징어,식료품 중 '건어물'을 판매·제공하는 매장,train,건어물,T2 동의어,dc77eae8-1486-4583-9099-85b44b88dcd6,해탄원주혁신도시점,오징어,혁신도시4구역골목형상점가,골목형상점가,강원특별자치도,,,
fe8f161db74a85587541,full_annotation_v1,A,q_건어물_04,오징어,식료품 중 '건어물'을 판매·제공하는 매장,train,건어물,T2 동의어,1c909f3d-538e-4eef-938a-6cc36045536f,싱싱 오징어 바다,한식,머내마을 상점가,골목형상점가,경기도,,,
6a4bf23991f2cd28f7af,full_annotation_v1,A,q_건어물_04,오징어,식료품 중 '건어물'을 판매·제공하는 매장,train,건어물,T2 동의어,f871b4f4-330a-4b68-bf05-a63223ae61c6,연안꽃게달인,새우 오징어 꽃게 기타수산물,인천종합어시장,전통시장,인천광역시,,,
772a4d628932cc354053,full_annotation_v1,A,q_건어물_04,오징어,식료품 중 '건어물'을 판매·제공하는 매장,train,건어물,T2 동의어,b83a26c2-321c-429b-80ad-5758f8ece773,㈜송림상회,건어물(오징어),포항죽도시장,전통시장,경상북도,,,
29c6fa2fc68d2e825ab7,full_annotation_v1,A,q_건어물_04,오징어,식료품 중 '건어물'을 판매·제공하는 매장,train,건어물,T2 동의어,ed88089c-ee71-4b9b-a7df-6cfabab3d62f,세호수산,"명태, 오징어 외",충무동 새벽시장,전통시장,부산광역시,,,
8665734dc4decbf35b1b,full_annotation_v1,A,q_건어물_05,건어물추천,식료품 중 '건어물'을 판매·제공하는 매장,train,건어물,T6 기계변형,65baa4a7-d3b4-45e3-b872-327ddadae795,명성(수예)이불,"수예, 이불",부산진시장,전통시장,부산광역시,,,
67e0cb1d4ce35e63ef22,full_annotation_v1,A,q_건어물_05,건어물추천,식료품 중 '건어물'을 판매·제공하는 매장,train,건어물,T6 기계변형,30aaab03-3a52-4794-bac9-a627a8ce7f4e,토닭숯불구이,,대구예전우시장,전통시장,대구광역시,,,
acd297e9ef8ce3f78a57,full_annotation_v1,A,q_건어물_05,건어물추천,식료품 중 '건어물'을 판매·제공하는 매장,train,건어물,T6 기계변형,a8b73678-cc9f-429a-b01f-53c41f0b42b6,별표식품,건어물,군산시 구도심 상권활성화구역,상권활성화구역,전북특별자치도,,,
5e594a518bc2f2ae8135,full_annotation_v1,A,q_건어물_05,건어물추천,식료품 중 '건어물'을 판매·제공하는 매장,train,건어물,T6 기계변형,2e2ed552-b12d-41b9-a1f1-ac511380fe74,경주상회,미역,포항죽도시장,전통시장,경상북도,,,
dba3435aa407e9a3374e,full_annotation_v1,A,q_건어물_05,건어물추천,식료품 중 '건어물'을 판매·제공하는 매장,train,건어물,T6 기계변형,757843c4-e6dc-42e8-8209-fd156a253553,건어물천국,건어물,안양관양시장,전통시장,경기도,,,
1817a01ab2631d3be564,full_annotation_v1,A,q_건어물_05,건어물추천,식료품 중 '건어물'을 판매·제공하는 매장,train,건어물,T6 기계변형,fa42b768-0b89-48f8-8287-18447776d58a,건어물세상,건어물,토지금고시장,전통시장,인천광역시,,,
2571c4a09bcc312a09a0,full_annotation_v1,A,q_건어물_05,건어물추천,식료품 중 '건어물'을 판매·제공하는 매장,train,건어물,T6 기계변형,9e6a40f4-7f32-448a-9441-36818797cb05,단원마트,공산품외,풍영 골목형상점가,골목형상점가,광주광역시,,,
8117a7c9ff231e14b708,full_annotation_v1,A,q_건어물_05,건어물추천,식료품 중 '건어물'을 판매·제공하는 매장,train,건어물,T6 기계변형,0a9c8241-2ef4-4389-a3d9-d3b9b2d96d79,해오름길식당,매운갈비찜조기매운탕오징어볶음제육볶음조림김치찌개백반술,각화주공 골목형상점가,골목형상점가,광주광역시,,,
d826c5062905a45d161c,full_annotation_v1,A,q_건어물_05,건어물추천,식료품 중 '건어물'을 판매·제공하는 매장,train,건어물,T6 기계변형,15e63e14-6bea-4300-80a9-4b4d287d64dc,중앙수산,수산물 어패류,대천항수산시장,전통시장,충청남도,,,
3a5ee19862041bd2741b,full_annotation_v1,A,q_건어물_05,건어물추천,식료품 중 '건어물'을 판매·제공하는 매장,train,건어물,T6 기계변형,33f3c7ac-0b42-4081-8afb-19c26c8acd57,에츠헤어 살롱,두발미용,풍영철길로 골목형상점가,골목형상점가,광주광역시,,,
25d0f107164c0e569a60,full_annotation_v1,A,q_건어물_05,건어물추천,식료품 중 '건어물'을 판매·제공하는 매장,train,건어물,T6 기계변형,5860a76a-6c84-4f98-9ac2-f76c6bcd0097,25시해장국,음숙,별양동상점가,자율상권구역,경기도,,,
3547640504371f90731e,full_annotation_v1,A,q_건어물_05,건어물추천,식료품 중 '건어물'을 판매·제공하는 매장,train,건어물,T6 기계변형,d88a8e56-1706-4086-a64f-3ef57efceb91,중국식품,식품,천안중앙시장,전통시장,충청남도,,,
883d372483216dba8adc,full_annotation_v1,A,q_건어물_05,건어물추천,식료품 중 '건어물'을 판매·제공하는 매장,train,건어물,T6 기계변형,7c49ef32-4a73-4786-89bb-d02fecaad99f,건어물,건어물,용남시장,전통시장,인천광역시,,,
e03065dc6f9a4dc614d4,full_annotation_v1,A,q_건어물_05,건어물추천,식료품 중 '건어물'을 판매·제공하는 매장,train,건어물,T6 기계변형,e59daa55-9d26-41e6-aca3-80a909c344a6,대변건어물,건어물,기장시장,전통시장,부산광역시,,,
e0d7b353fffef7de2fc8,full_annotation_v1,A,q_건어물_05,건어물추천,식료품 중 '건어물'을 판매·제공하는 매장,train,건어물,T6 기계변형,82617f76-6302-4cc3-a631-c63c91c23371,이모 건어물,건어물,부평종합시장,전통시장,인천광역시,,,
19e203e04f276108f7ad,full_annotation_v1,A,q_건어물_05,건어물추천,식료품 중 '건어물'을 판매·제공하는 매장,train,건어물,T6 기계변형,004d071d-dda6-41e4-9fcb-7c74c8f8ef0f,영남상회,건어물,수영팔도시장(구 수영팔도상가시장),전통시장,부산광역시,,,
22fae568807e7837b422,full_annotation_v1,A,q_건어물_05,건어물추천,식료품 중 '건어물'을 판매·제공하는 매장,train,건어물,T6 기계변형,b93ca91f-3fd5-4880-b835-d1b0f1bfa3ad,영완상회,건어물,진주 논개시장,전통시장,경상남도,,,
326e555ee08234b53c19,full_annotation_v1,A,q_건어물_05,건어물추천,식료품 중 '건어물'을 판매·제공하는 매장,train,건어물,T6 기계변형,2bcfd171-7e6c-40c0-9f1b-8056c6755d4b,영동상회농수산물,농산물(미역멸치황태),길동복조리시장,전통시장,서울특별시,,,
0cd4429a04b7eefb93ee,full_annotation_v1,A,q_건어물_05,건어물추천,식료품 중 '건어물'을 판매·제공하는 매장,train,건어물,T6 기계변형,0f723647-935f-41da-a1d7-794666dc4dc4,정이네,"오징어순대, 튀김",속초종합중앙시장,전통시장,강원특별자치도,,,
26f5dc107263549b73d3,full_annotation_v1,A,q_건어물_05,건어물추천,식료품 중 '건어물'을 판매·제공하는 매장,train,건어물,T6 기계변형,9c8ea400-2bba-4b9e-b418-8f06d86df611,건어물아라,건어물,신중부시장,전통시장,서울특별시,,,
b2840d9570ddc11fb5be,full_annotation_v1,A,q_건어물_05,건어물추천,식료품 중 '건어물'을 판매·제공하는 매장,train,건어물,T6 기계변형,ebd45587-d620-4c04-8742-026c4679f039,은애 건어물,건어물,산성시장,전통시장,대전광역시,,,
5a895ae3c79367bfae3f,full_annotation_v1,A,q_건어물_05,건어물추천,식료품 중 '건어물'을 판매·제공하는 매장,train,건어물,T6 기계변형,eb494244-94ee-473a-a092-706375019a61,장터건어물,건어물,덕풍전통시장,전통시장,경기도,,,
cc6743b39d4e017e5372,full_annotation_v1,A,q_건어물_05,건어물추천,식료품 중 '건어물'을 판매·제공하는 매장,train,건어물,T6 기계변형,0720e384-efce-4175-a1d5-54f8311e1e0b,부경상회,멸치,수안인정시장,전통시장,부산광역시,,,
41884633c6860f68baf0,full_annotation_v1,A,q_건어물_05,건어물추천,식료품 중 '건어물'을 판매·제공하는 매장,train,건어물,T6 기계변형,05f6ac9d-f1a6-4680-8792-5150ad00337e,한국건어물,건어물,태화시장,전통시장,울산광역시,,,
34e5697c1d7579cad471,full_annotation_v1,A,q_건어물_05,건어물추천,식료품 중 '건어물'을 판매·제공하는 매장,train,건어물,T6 기계변형,dd94f949-4d9b-44d8-ac4a-945a9b6c1ddd,주례식품,건어물,장림골목시장,전통시장,부산광역시,,,
12acd67e4be442072e9b,full_annotation_v1,A,q_건어물_05,건어물추천,식료품 중 '건어물'을 판매·제공하는 매장,train,건어물,T6 기계변형,15a7f93f-3ca5-4df9-9bd8-e80f9f39339f,비어카페펀비어킹,"오징어한판떡볶이, 치킨",둔전골목형상점가,골목형상점가,경기도,,,
889293ee1fd56e348997,full_annotation_v1,A,q_건어물_05,건어물추천,식료품 중 '건어물'을 판매·제공하는 매장,train,건어물,T6 기계변형,627db508-83a1-435e-a804-c8292acd9a5f,장일정육점,정육점,낙원악기상가,전통시장,서울특별시,,,
3e57815208578f7bb73e,full_annotation_v1,A,q_건어물_05,건어물추천,식료품 중 '건어물'을 판매·제공하는 매장,train,건어물,T6 기계변형,a1df7ada-d77a-4591-8bed-399dd29057b5,헹운건강원,추출가공식품,강진읍 상권활성화구역,상권활성화구역,전라남도,,,
f5a3a037ce4590bea989,full_annotation_v1,A,q_건어물_05,건어물추천,식료품 중 '건어물'을 판매·제공하는 매장,train,건어물,T6 기계변형,2831dcf3-66d2-489c-8119-993897861e03,건어물시장,건어물,부천상동시장,전통시장,경기도,,,
7665afbf965776404b0a,full_annotation_v1,A,q_건어물_05,건어물추천,식료품 중 '건어물'을 판매·제공하는 매장,train,건어물,T6 기계변형,00b090ad-30c0-4573-a43a-123f5116851b,호호정 멸치국수,,그랜드프라자&상용b상가 상점가,골목형상점가,경기도,,,
e76584eb0e10a6cdd212,full_annotation_v1,A,q_건어물_05,건어물추천,식료품 중 '건어물'을 판매·제공하는 매장,train,건어물,T6 기계변형,c94a902f-7e6d-4baf-b369-82e682df7a74,배스킨라빈스 명륜아이파크점,,명륜시실로 골목형상점가,골목형상점가,부산광역시,,,
fc09610bd014f65f5c6e,full_annotation_v1,A,q_건어물_05,건어물추천,식료품 중 '건어물'을 판매·제공하는 매장,train,건어물,T6 기계변형,8174c703-b148-4e02-b792-28a7daec5f24,성당 건어물,건어물,성당신시장,전통시장,대구광역시,,,
f184dd10a7e11dc5dd12,full_annotation_v1,A,q_건어물_05,건어물추천,식료품 중 '건어물'을 판매·제공하는 매장,train,건어물,T6 기계변형,292c6cc9-9e00-4d1c-8259-3d77c4119580,복된건어물,건어물,원종종합시장,전통시장,경기도,,,
ceadee535981c76fb5bf,full_annotation_v1,A,q_건어물_05,건어물추천,식료품 중 '건어물'을 판매·제공하는 매장,train,건어물,T6 기계변형,13926788-2052-40ad-a147-eed6cf819c92,칸건어물,건어물,웃장,전통시장,전라남도,,,
ae2f6da96dcd850d117b,full_annotation_v1,A,q_건어물_05,건어물추천,식료품 중 '건어물'을 판매·제공하는 매장,train,건어물,T6 기계변형,16317be1-6f55-476b-960c-a24322f5e611,복된건어물,건어물,부천상동시장,전통시장,경기도,,,
c6db12a6b71b171fa780,full_annotation_v1,A,q_건어물_05,건어물추천,식료품 중 '건어물'을 판매·제공하는 매장,train,건어물,T6 기계변형,407a26ab-f944-4e12-853c-00f7018f8efd,빼짝건어물,건어물,수완머그로 골목형상점가,골목형상점가,광주광역시,,,
b10b049b0a0938165343,full_annotation_v1,A,q_건어물_05,건어물추천,식료품 중 '건어물'을 판매·제공하는 매장,train,건어물,T6 기계변형,6dc09fd1-0e3e-4b96-be3d-cc4d94f4cea5,대양식육점,육류,문경전통시장,전통시장,경상북도,,,
01ca9046a4ccb2f8ff0b,full_annotation_v1,A,q_건어물_05,건어물추천,식료품 중 '건어물'을 판매·제공하는 매장,train,건어물,T6 기계변형,58342798-81b4-43ea-9bd5-7ec06b2a36c1,부완상회,건어물,남포동건어물도매시장,전통시장,부산광역시,,,
ddf205e2d3b090025b01,full_annotation_v1,A,q_건어물_05,건어물추천,식료품 중 '건어물'을 판매·제공하는 매장,train,건어물,T6 기계변형,090f7531-5091-4cae-ba51-4198ab831a21,영덕상회,"건어물, 전자상거래(멸치, 김, 건어물",남포동건어물도매시장,전통시장,부산광역시,,,
e0ffa01b8f8d61968baa,full_annotation_v1,A,q_건어물_05,건어물추천,식료품 중 '건어물'을 판매·제공하는 매장,train,건어물,T6 기계변형,0f003712-a3ed-4ef5-bbd8-04f08ba41bd0,썬이네 건어물,건어물,말바우시장,전통시장,광주광역시,,,
e37849ccd3256818ab65,full_annotation_v1,A,q_건어물_05,건어물추천,식료품 중 '건어물'을 판매·제공하는 매장,train,건어물,T6 기계변형,082711d5-e6ab-4078-8378-117f51fd8849,남부건어물,멸치 오징어 황태 등 건어물,전주남부시장,전통시장,전북특별자치도,,,
f6a6d13b2aec61711ea9,full_annotation_v1,A,q_건어물_05,건어물추천,식료품 중 '건어물'을 판매·제공하는 매장,train,건어물,T6 기계변형,068c7c2c-3e2e-436b-8ffd-01f8b7630429,해농유통,김 자반 멸치 건어물등,매월동상인회 골목형상점가,골목형상점가,광주광역시,,,
4ebb3940d0550137c683,full_annotation_v1,A,q_건어물_05,건어물추천,식료품 중 '건어물'을 판매·제공하는 매장,train,건어물,T6 기계변형,bc4cfd30-df29-493c-a56c-ea3fa6d22f20,팔도 건어물,건어물,통영 서호전통시장,전통시장,경상남도,,,
8904dce2c26a5ac8d4f5,full_annotation_v1,A,q_건어물_05,건어물추천,식료품 중 '건어물'을 판매·제공하는 매장,train,건어물,T6 기계변형,06873b8c-d1f7-4101-9d4b-f5face2ee848,비룡상회,건오징어,포항죽도시장,전통시장,경상북도,,,
9c1a2017bbe42c2d7371,full_annotation_v1,A,q_건어물_05,건어물추천,식료품 중 '건어물'을 판매·제공하는 매장,train,건어물,T6 기계변형,00356e71-7b15-4a42-be60-f232011707b8,유한회사 덕재건재,건어물,가락몰골목형상점가,골목형상점가,서울특별시,,,
30147555502a4ceb9989,full_annotation_v1,A,q_건어물_05,건어물추천,식료품 중 '건어물'을 판매·제공하는 매장,train,건어물,T6 기계변형,fe08c2b8-179a-43e7-ab9a-81497b077c9d,진 건어물,건어물,남목전통시장,전통시장,울산광역시,,,
8d15cb3d1284881e7a7f,full_annotation_v1,A,q_건어물_05,건어물추천,식료품 중 '건어물'을 판매·제공하는 매장,train,건어물,T6 기계변형,9e513890-b538-4c63-887b-3537ab29610d,부평건어물,건어물,일신시장(舊 부일종합시장),전통시장,인천광역시,,,
2dfec5ecc666f8be975e,full_annotation_v1,A,q_건어물_05,건어물추천,식료품 중 '건어물'을 판매·제공하는 매장,train,건어물,T6 기계변형,06a35f04-c76b-4e49-b3ee-29e70c945d8a,건어물주,,단양구경시장(단양인정시장),전통시장,충청북도,,,
7e9211fb02fb9ba6bd23,full_annotation_v1,A,q_건어물_05,건어물추천,식료품 중 '건어물'을 판매·제공하는 매장,train,건어물,T6 기계변형,006f90a6-dbc8-4b65-89c9-b485153b1409,충남상회,소매(건어물),안성중앙시장,전통시장,경기도,,,
e13a8f8dc674f9d4471d,full_annotation_v1,A,q_건어물_05,건어물추천,식료품 중 '건어물'을 판매·제공하는 매장,train,건어물,T6 기계변형,58f65bd1-a3f0-46b5-9d72-86b7d72a7500,부평건어물,건어물,부평깡통시장(구 부산부평시장),전통시장,부산광역시,,,
fb371b8aad609c4641d1,full_annotation_v1,A,q_건어물_05,건어물추천,식료품 중 '건어물'을 판매·제공하는 매장,train,건어물,T6 기계변형,7a4ca294-74af-49b5-ac88-5984ed43816f,신수호 건어물,건어물,통영중앙전통시장,전통시장,경상남도,,,
4958cc0190244a2ee3fc,full_annotation_v1,A,q_건어물_05,건어물추천,식료품 중 '건어물'을 판매·제공하는 매장,train,건어물,T6 기계변형,8460f81c-07a9-4587-9fa5-27cab813f281,소망건어물,건어물,담양시장,전통시장,전라남도,,,
551d6314623af439a72b,full_annotation_v1,A,q_건어물_05,건어물추천,식료품 중 '건어물'을 판매·제공하는 매장,train,건어물,T6 기계변형,7e7c97be-212a-4866-902e-13c914bea76a,건어물61,건어물,함평천지전통시장(함평5일시장),전통시장,전라남도,,,
2e64f9542db38f68d2eb,full_annotation_v1,A,q_건어물_05,건어물추천,식료품 중 '건어물'을 판매·제공하는 매장,train,건어물,T6 기계변형,2f728208-696d-4b4d-9ea1-86b5ec8ac78e,맛디,건어물,한글거리 상점가상인회,자율상권구역,세종특별자치시,,,
42b69afc14045b335d51,full_annotation_v1,A,q_건어물_05,건어물추천,식료품 중 '건어물'을 판매·제공하는 매장,train,건어물,T6 기계변형,24e3eb71-8e2f-43dc-9a0e-47a5d977c45e,건어물나라,건어물,마천중앙시장,전통시장,서울특별시,,,
63ec89f181a3ae03f907,full_annotation_v1,A,q_건어물_05,건어물추천,식료품 중 '건어물'을 판매·제공하는 매장,train,건어물,T6 기계변형,00527b0b-893c-4d64-862e-3ef8113d07fb,해선언니네,건어물,용상공설시장,전통시장,경상북도,,,
0406da4484b4e67e62ac,full_annotation_v1,A,q_건어물_05,건어물추천,식료품 중 '건어물'을 판매·제공하는 매장,train,건어물,T6 기계변형,1d999b51-cbf3-41e1-bf3e-5760e040f36f,전주상회,미역,각화도매 골목형상점가,골목형상점가,광주광역시,,,
d2160eadcbd0d0446b13,full_annotation_v1,A,q_건어물_05,건어물추천,식료품 중 '건어물'을 판매·제공하는 매장,train,건어물,T6 기계변형,8ff467f6-2e1d-4ac9-a3c7-247169a29e75,정사운드,악기,낙원악기상가,전통시장,서울특별시,,,
50107e7b215b7fdd1378,full_annotation_v1,A,q_건어물_05,건어물추천,식료품 중 '건어물'을 판매·제공하는 매장,train,건어물,T6 기계변형,0831a084-d734-4518-a249-a2fa02715306,연일추어탕,추어탕 미역국,연산골목시장상점가,자율상권구역,부산광역시,,,
f7bfdf921dd090813352,full_annotation_v1,A,q_건어물_05,건어물추천,식료품 중 '건어물'을 판매·제공하는 매장,train,건어물,T6 기계변형,bca03bcb-2230-46c3-8e06-9005b57d6a7e,건모네 건어물,건어물,주문진건어물시장,전통시장,강원특별자치도,,,
0d92f0304053c1a102ea,full_annotation_v1,A,q_건어물_05,건어물추천,식료품 중 '건어물'을 판매·제공하는 매장,train,건어물,T6 기계변형,c496450c-0a74-4dab-85ec-ab8ba16e6312,영D.C하우스,생활용품,용산용문시장,전통시장,서울특별시,,,
c42d50ed3b86cd71622b,full_annotation_v1,A,q_건어물_05,건어물추천,식료품 중 '건어물'을 판매·제공하는 매장,train,건어물,T6 기계변형,0d35ad16-f669-49b9-90c2-5d0ca5dcdabb,조은 건어물,건어물,관문상가시장,전통시장,대구광역시,,,
a0a2fcd44477bd80ed2f,full_annotation_v1,A,q_건어물_05,건어물추천,식료품 중 '건어물'을 판매·제공하는 매장,train,건어물,T6 기계변형,6f61f4bb-6ae8-4a92-9244-e7ce81906b6c,원통건어물,건어물,인제시장,전통시장,강원특별자치도,,,
c59f8f141b48bdb8067b,full_annotation_v1,A,q_건어물_05,건어물추천,식료품 중 '건어물'을 판매·제공하는 매장,train,건어물,T6 기계변형,2e173a98-3cf1-4fc4-ade1-0ecaa42efd6f,인혜건어물,건어물,천안중앙시장,전통시장,충청남도,,,
841bf968a36c4b946e50,full_annotation_v1,A,q_건어물_05,건어물추천,식료품 중 '건어물'을 판매·제공하는 매장,train,건어물,T6 기계변형,000d55be-8181-4f45-827e-52082b2ae284,명희유통,건어물,성북시장,전통시장,부산광역시,,,
8753f4811c7c5602f6a1,full_annotation_v1,A,q_건어물_05,건어물추천,식료품 중 '건어물'을 판매·제공하는 매장,train,건어물,T6 기계변형,99466164-421a-4d9e-8fa5-d3e29e4d4d42,건어물하우스,건어물,신창 골목형상점가,골목형상점가,광주광역시,,,
bf48d961d91c3b45bb2a,full_annotation_v1,A,q_건어물_05,건어물추천,식료품 중 '건어물'을 판매·제공하는 매장,train,건어물,T6 기계변형,afe5f2c7-4bc3-45a6-8017-e0f487b545b7,청청건어물,건어물,까치산시장,전통시장,서울특별시,,,
30aeebebc4a426ed5c00,full_annotation_v1,A,q_건어물_05,건어물추천,식료품 중 '건어물'을 판매·제공하는 매장,train,건어물,T6 기계변형,1cf3fdfa-6e06-48e0-8d3c-545a46bca825,건어물에 진심,건어물,포항죽도시장,전통시장,경상북도,,,
f199e0ccb62e72818ea9,full_annotation_v1,A,q_건어물_05,건어물추천,식료품 중 '건어물'을 판매·제공하는 매장,train,건어물,T6 기계변형,b73a11fc-0bff-40fd-8fac-45ea46891be1,그리너,커피,두정로 두정상가길 골목형상점가,골목형상점가,충청남도,,,
cc8cc5cbf1ab5cff55ca,full_annotation_v1,A,q_건어물_05,건어물추천,식료품 중 '건어물'을 판매·제공하는 매장,train,건어물,T6 기계변형,ce5eda17-8f68-4117-83b5-a720df732924,건어물,건어물,대곡시장,전통시장,대구광역시,,,
9b8315b411354b63fcd2,full_annotation_v1,A,q_건어물_05,건어물추천,식료품 중 '건어물'을 판매·제공하는 매장,train,건어물,T6 기계변형,18c13fa4-0fb0-4045-8b10-3ad77aa48a2f,(주)해가유통,건어물 김 미역,매월동상인회 골목형상점가,골목형상점가,광주광역시,,,
dc08fb67cde0b5990bb5,full_annotation_v1,A,q_건어물_05,건어물추천,식료품 중 '건어물'을 판매·제공하는 매장,train,건어물,T6 기계변형,9150ca1e-9f2a-4e03-9a5d-ce9dd4ea0803,감포생아구 중구점,한식,우정전통시장,전통시장,울산광역시,,,
bf8e383ecf929a79591c,full_annotation_v1,A,q_건어물_05,건어물추천,식료품 중 '건어물'을 판매·제공하는 매장,train,건어물,T6 기계변형,f1637217-c25c-4185-b348-76b54a60b4bd,산샘농구교실,농구강습,용산지구 골목형상점가,골목형상점가,광주광역시,,,
72bd9e83c3af81ba1742,full_annotation_v1,A,q_건어물_05,건어물추천,식료품 중 '건어물'을 판매·제공하는 매장,train,건어물,T6 기계변형,cd1f1c09-6a2a-4e71-90ec-cab9ec401bcf,건어물 상회,건어물,감천문화시장,전통시장,부산광역시,,,
8d339918b67e838a26a4,full_annotation_v1,A,q_건어물_05,건어물추천,식료품 중 '건어물'을 판매·제공하는 매장,train,건어물,T6 기계변형,3e4ba4cc-0401-4286-bf9b-c2ef3e2795a3,똘빡네,건어물,속초종합중앙시장,전통시장,강원특별자치도,,,
6b12000977a70af2f280,full_annotation_v1,A,q_건어물_06,건어뭉,식료품 중 '건어물'을 판매·제공하는 매장,train,건어물,T6 기계변형,004d071d-dda6-41e4-9fcb-7c74c8f8ef0f,영남상회,건어물,수영팔도시장(구 수영팔도상가시장),전통시장,부산광역시,,,
329f04449a890e4862ba,full_annotation_v1,A,q_건어물_06,건어뭉,식료품 중 '건어물'을 판매·제공하는 매장,train,건어물,T6 기계변형,068c7c2c-3e2e-436b-8ffd-01f8b7630429,해농유통,김 자반 멸치 건어물등,매월동상인회 골목형상점가,골목형상점가,광주광역시,,,
d72ec7d06f6f86d7e3cf,full_annotation_v1,A,q_건어물_06,건어뭉,식료품 중 '건어물'을 판매·제공하는 매장,train,건어물,T6 기계변형,7a803b6c-c713-4675-8b1b-6eeb29046f18,건융,,방이시장,전통시장,서울특별시,,,
789ad2606b0783fae19b,full_annotation_v1,A,q_건어물_06,건어뭉,식료품 중 '건어물'을 판매·제공하는 매장,train,건어물,T6 기계변형,bca03bcb-2230-46c3-8e06-9005b57d6a7e,건모네 건어물,건어물,주문진건어물시장,전통시장,강원특별자치도,,,
59b1ff5860f17fc3c7c1,full_annotation_v1,A,q_건어물_06,건어뭉,식료품 중 '건어물'을 판매·제공하는 매장,train,건어물,T6 기계변형,00b090ad-30c0-4573-a43a-123f5116851b,호호정 멸치국수,,그랜드프라자&상용b상가 상점가,골목형상점가,경기도,,,
517c6a9a5a437b1750fb,full_annotation_v1,A,q_건어물_06,건어뭉,식료품 중 '건어물'을 판매·제공하는 매장,train,건어물,T6 기계변형,7a4ca294-74af-49b5-ac88-5984ed43816f,신수호 건어물,건어물,통영중앙전통시장,전통시장,경상남도,,,
4fddb9f959ffc8fd1d9c,full_annotation_v1,A,q_건어물_06,건어뭉,식료품 중 '건어물'을 판매·제공하는 매장,train,건어물,T6 기계변형,cd1f1c09-6a2a-4e71-90ec-cab9ec401bcf,건어물 상회,건어물,감천문화시장,전통시장,부산광역시,,,
c79875a62330c90f0e62,full_annotation_v1,A,q_건어물_06,건어뭉,식료품 중 '건어물'을 판매·제공하는 매장,train,건어물,T6 기계변형,bdd481aa-07ef-4077-a3d1-bb74f007bbab,윤정상회,활어,사천 삼천포용궁수산시장,전통시장,경상남도,,,
0777408db00ade3e43c7,full_annotation_v1,A,q_건어물_06,건어뭉,식료품 중 '건어물'을 판매·제공하는 매장,train,건어물,T6 기계변형,1c2b69ca-cd81-4a37-b99b-658e528b22d0,역전할머니맥주 남양주퇴계원점,한식,퇴계원먹자골목상점가,골목형상점가,경기도,,,
7adde7a7aef96d6369f1,full_annotation_v1,A,q_건어물_06,건어뭉,식료품 중 '건어물'을 판매·제공하는 매장,train,건어물,T6 기계변형,ddb2ca75-573b-4736-becc-c1378762a0f0,문창종묘농약사,"농약, 비료",문창시장,전통시장,대전광역시,,,
b4bb6c0b5c42c05843b4,full_annotation_v1,A,q_건어물_06,건어뭉,식료품 중 '건어물'을 판매·제공하는 매장,train,건어물,T6 기계변형,2bcfd171-7e6c-40c0-9f1b-8056c6755d4b,영동상회농수산물,농산물(미역멸치황태),길동복조리시장,전통시장,서울특별시,,,
3f78e22a96f1967c3f63,full_annotation_v1,A,q_건어물_06,건어뭉,식료품 중 '건어물'을 판매·제공하는 매장,train,건어물,T6 기계변형,0f723647-935f-41da-a1d7-794666dc4dc4,정이네,"오징어순대, 튀김",속초종합중앙시장,전통시장,강원특별자치도,,,
f3d9a2a02427fbbf8499,full_annotation_v1,A,q_건어물_06,건어뭉,식료품 중 '건어물'을 판매·제공하는 매장,train,건어물,T6 기계변형,c4707076-2676-4e33-bb5d-55a7e7f3c499,부경슈퍼,잡화,김해 외동전통시장,전통시장,경상남도,,,
bfb74542bb9c5f78762b,full_annotation_v1,A,q_건어물_06,건어뭉,식료품 중 '건어물'을 판매·제공하는 매장,train,건어물,T6 기계변형,312e6c35-5bf8-42d8-b06f-b48ec67ea790,대전기름집,"참기름, 들기름",유성시장 골목형상점가,골목형상점가,대전광역시,,,
ab6839b4e26ff1bf5478,full_annotation_v1,A,q_건어물_06,건어뭉,식료품 중 '건어물'을 판매·제공하는 매장,train,건어물,T6 기계변형,69b0ea3e-da8e-4a9f-bd3b-9e930584ea6f,한국밤농산,곡물,칠성종합 상권활성화구역,상권활성화구역,대구광역시,,,
c3225f2b6c944b13aa1b,full_annotation_v1,A,q_건어물_06,건어뭉,식료품 중 '건어물'을 판매·제공하는 매장,train,건어물,T6 기계변형,090f7531-5091-4cae-ba51-4198ab831a21,영덕상회,"건어물, 전자상거래(멸치, 김, 건어물",남포동건어물도매시장,전통시장,부산광역시,,,
a1eedf8c086d6334f544,full_annotation_v1,A,q_건어물_06,건어뭉,식료품 중 '건어물'을 판매·제공하는 매장,train,건어물,T6 기계변형,b01dfbb3-82a2-49b4-95dc-4a91d07669e5,건어명가,건어물,포항죽도시장,전통시장,경상북도,,,
8d03c0e866be360b5163,full_annotation_v1,A,q_건어물_06,건어뭉,식료품 중 '건어물'을 판매·제공하는 매장,train,건어물,T6 기계변형,a5ed204b-9e89-4017-963c-3a25b54d599f,이안경나라,안경,산성로 상권활성화구역,상권활성화구역,경기도,,,
91f08b34b10d95991d2f,full_annotation_v1,A,q_건어물_06,건어뭉,식료품 중 '건어물'을 판매·제공하는 매장,train,건어물,T6 기계변형,292c6cc9-9e00-4d1c-8259-3d77c4119580,복된건어물,건어물,원종종합시장,전통시장,경기도,,,
810c6532d8f994f1b0f3,full_annotation_v1,A,q_건어물_06,건어뭉,식료품 중 '건어물'을 판매·제공하는 매장,train,건어물,T6 기계변형,18c13fa4-0fb0-4045-8b10-3ad77aa48a2f,(주)해가유통,건어물 김 미역,매월동상인회 골목형상점가,골목형상점가,광주광역시,,,
42f5b207cd11d0cdf5fa,full_annotation_v1,A,q_건어물_06,건어뭉,식료품 중 '건어물'을 판매·제공하는 매장,train,건어물,T6 기계변형,f306d636-c09c-4c78-8948-643738832d8f,만물 건어물,건어물,연동골목시장,자율상권구역,부산광역시,,,
83a92a2f5a53b107bbfb,full_annotation_v1,A,q_건어물_06,건어뭉,식료품 중 '건어물'을 판매·제공하는 매장,train,건어물,T6 기계변형,0d35ad16-f669-49b9-90c2-5d0ca5dcdabb,조은 건어물,건어물,관문상가시장,전통시장,대구광역시,,,
a1bc7699e135c2648bdc,full_annotation_v1,A,q_건어물_06,건어뭉,식료품 중 '건어물'을 판매·제공하는 매장,train,건어물,T6 기계변형,8174c703-b148-4e02-b792-28a7daec5f24,성당 건어물,건어물,성당신시장,전통시장,대구광역시,,,
8d4170a3b2022bcc41e4,full_annotation_v1,A,q_건어물_06,건어뭉,식료품 중 '건어물'을 판매·제공하는 매장,train,건어물,T6 기계변형,00527b0b-893c-4d64-862e-3ef8113d07fb,해선언니네,건어물,용상공설시장,전통시장,경상북도,,,
a7b1dba43a1f1878c70f,full_annotation_v1,A,q_건어물_06,건어뭉,식료품 중 '건어물'을 판매·제공하는 매장,train,건어물,T6 기계변형,00356e71-7b15-4a42-be60-f232011707b8,유한회사 덕재건재,건어물,가락몰골목형상점가,골목형상점가,서울특별시,,,
02d6d4e0896c34569f18,full_annotation_v1,A,q_건어물_06,건어뭉,식료품 중 '건어물'을 판매·제공하는 매장,train,건어물,T6 기계변형,dd94f949-4d9b-44d8-ac4a-945a9b6c1ddd,주례식품,건어물,장림골목시장,전통시장,부산광역시,,,
d7bd349b52b4e65a0e0e,full_annotation_v1,A,q_건어물_06,건어뭉,식료품 중 '건어물'을 판매·제공하는 매장,train,건어물,T6 기계변형,06a35f04-c76b-4e49-b3ee-29e70c945d8a,건어물주,,단양구경시장(단양인정시장),전통시장,충청북도,,,
19b335831b164025b19b,full_annotation_v1,A,q_건어물_06,건어뭉,식료품 중 '건어물'을 판매·제공하는 매장,train,건어물,T6 기계변형,fe08c2b8-179a-43e7-ab9a-81497b077c9d,진 건어물,건어물,남목전통시장,전통시장,울산광역시,,,
bce69badef21b6a88ccd,full_annotation_v1,A,q_건어물_06,건어뭉,식료품 중 '건어물'을 판매·제공하는 매장,train,건어물,T6 기계변형,fa42b768-0b89-48f8-8287-18447776d58a,건어물세상,건어물,토지금고시장,전통시장,인천광역시,,,
919e7d66f70c00a99ec3,full_annotation_v1,A,q_건어물_06,건어뭉,식료품 중 '건어물'을 판매·제공하는 매장,train,건어물,T6 기계변형,07a656df-1edc-4d07-af2f-d4f12ca58601,정아식당,음식,고척골목시장상점가,전통시장,서울특별시,,,
441a8288f5f9b8f982d4,full_annotation_v1,A,q_건어물_06,건어뭉,식료품 중 '건어물'을 판매·제공하는 매장,train,건어물,T6 기계변형,7e7c97be-212a-4866-902e-13c914bea76a,건어물61,건어물,함평천지전통시장(함평5일시장),전통시장,전라남도,,,
c05842efcad9bee1ce76,full_annotation_v1,A,q_건어물_06,건어뭉,식료품 중 '건어물'을 판매·제공하는 매장,train,건어물,T6 기계변형,2c1466b9-04b5-41ec-91e4-8c300b54491f,주식회사 고릴라리빙,,용인어정가구단지상점가,자율상권구역,경기도,,,
26f7998238c2150cd09f,full_annotation_v1,A,q_건어물_06,건어뭉,식료품 중 '건어물'을 판매·제공하는 매장,train,건어물,T6 기계변형,006f90a6-dbc8-4b65-89c9-b485153b1409,충남상회,소매(건어물),안성중앙시장,전통시장,경기도,,,
ee383f0d39c532684e84,full_annotation_v1,A,q_건어물_06,건어뭉,식료품 중 '건어물'을 판매·제공하는 매장,train,건어물,T6 기계변형,0a9c8241-2ef4-4389-a3d9-d3b9b2d96d79,해오름길식당,매운갈비찜조기매운탕오징어볶음제육볶음조림김치찌개백반술,각화주공 골목형상점가,골목형상점가,광주광역시,,,
ac3b0409bc761ad0371f,full_annotation_v1,A,q_건어물_06,건어뭉,식료품 중 '건어물'을 판매·제공하는 매장,train,건어물,T6 기계변형,de886292-e83d-46f4-80d9-dbd5df72ec7e,프리모서점,서적,배곧상가,골목형상점가,경기도,,,
b9802269cbca8168c176,full_annotation_v1,A,q_건어물_06,건어뭉,식료품 중 '건어물'을 판매·제공하는 매장,train,건어물,T6 기계변형,4fde6ee4-fe4a-46d0-8c6d-b8e57f608dc0,인생극장,한식,BOCA 보카상점가,골목형상점가,경기도,,,
8be962985526880f8e86,full_annotation_v1,A,q_건어물_06,건어뭉,식료품 중 '건어물'을 판매·제공하는 매장,train,건어물,T6 기계변형,082711d5-e6ab-4078-8378-117f51fd8849,남부건어물,멸치 오징어 황태 등 건어물,전주남부시장,전통시장,전북특별자치도,,,
78335a66506642a4aca4,full_annotation_v1,A,q_건어물_06,건어뭉,식료품 중 '건어물'을 판매·제공하는 매장,train,건어물,T6 기계변형,150f5b4d-510f-49f9-836a-dbf7e81f27d4,태뭉,한식,평촌1번가 상점가,자율상권구역,경기도,,,
68779adf3080726670b4,full_annotation_v1,A,q_건어물_06,건어뭉,식료품 중 '건어물'을 판매·제공하는 매장,train,건어물,T6 기계변형,0720e384-efce-4175-a1d5-54f8311e1e0b,부경상회,멸치,수안인정시장,전통시장,부산광역시,,,
42beb2d2ee1aca699dc5,full_annotation_v1,A,q_건어물_06,건어뭉,식료품 중 '건어물'을 판매·제공하는 매장,train,건어물,T6 기계변형,2e2ed552-b12d-41b9-a1f1-ac511380fe74,경주상회,미역,포항죽도시장,전통시장,경상북도,,,
54e6e14df27f168983d9,full_annotation_v1,A,q_건어물_06,건어뭉,식료품 중 '건어물'을 판매·제공하는 매장,train,건어물,T6 기계변형,bc4cfd30-df29-493c-a56c-ea3fa6d22f20,팔도 건어물,건어물,통영 서호전통시장,전통시장,경상남도,,,
9d06bc9a6b12b9d57620,full_annotation_v1,A,q_건어물_06,건어뭉,식료품 중 '건어물'을 판매·제공하는 매장,train,건어물,T6 기계변형,000d55be-8181-4f45-827e-52082b2ae284,명희유통,건어물,성북시장,전통시장,부산광역시,,,
95806ba25af72629ab41,full_annotation_v1,A,q_건어물_06,건어뭉,식료품 중 '건어물'을 판매·제공하는 매장,train,건어물,T6 기계변형,99466164-421a-4d9e-8fa5-d3e29e4d4d42,건어물하우스,건어물,신창 골목형상점가,골목형상점가,광주광역시,,,
fe695e5adb96a6eb3f66,full_annotation_v1,A,q_건어물_06,건어뭉,식료품 중 '건어물'을 판매·제공하는 매장,train,건어물,T6 기계변형,0f003712-a3ed-4ef5-bbd8-04f08ba41bd0,썬이네 건어물,건어물,말바우시장,전통시장,광주광역시,,,
4ba82f5ffda84ac6effe,full_annotation_v1,A,q_건어물_06,건어뭉,식료품 중 '건어물'을 판매·제공하는 매장,train,건어물,T6 기계변형,ce5eda17-8f68-4117-83b5-a720df732924,건어물,건어물,대곡시장,전통시장,대구광역시,,,
16208065279f84969ec3,full_annotation_v1,A,q_건어물_06,건어뭉,식료품 중 '건어물'을 판매·제공하는 매장,train,건어물,T6 기계변형,0db54af1-5ae6-461b-8b6c-ed1f725b2520,건어상회,건어물,포항죽도농산물시장,전통시장,경상북도,,,
0fa69f0969afbb2eb790,full_annotation_v1,A,q_건어물_06,건어뭉,식료품 중 '건어물'을 판매·제공하는 매장,train,건어물,T6 기계변형,58342798-81b4-43ea-9bd5-7ec06b2a36c1,부완상회,건어물,남포동건어물도매시장,전통시장,부산광역시,,,
3f2592bb1ffabee24f5c,full_annotation_v1,A,q_건어물_06,건어뭉,식료품 중 '건어물'을 판매·제공하는 매장,train,건어물,T6 기계변형,a8b73678-cc9f-429a-b01f-53c41f0b42b6,별표식품,건어물,군산시 구도심 상권활성화구역,상권활성화구역,전북특별자치도,,,
7e783a038e376eef1da4,full_annotation_v1,A,q_건어물_06,건어뭉,식료품 중 '건어물'을 판매·제공하는 매장,train,건어물,T6 기계변형,9c8ea400-2bba-4b9e-b418-8f06d86df611,건어물아라,건어물,신중부시장,전통시장,서울특별시,,,
d86b9bbd2a4c828632c8,full_annotation_v1,A,q_건어물_06,건어뭉,식료품 중 '건어물'을 판매·제공하는 매장,train,건어물,T6 기계변형,1cf3fdfa-6e06-48e0-8d3c-545a46bca825,건어물에 진심,건어물,포항죽도시장,전통시장,경상북도,,,
0f4fffa3553695c0c707,full_annotation_v1,A,q_건어물_06,건어뭉,식료품 중 '건어물'을 판매·제공하는 매장,train,건어물,T6 기계변형,2f728208-696d-4b4d-9ea1-86b5ec8ac78e,맛디,건어물,한글거리 상점가상인회,자율상권구역,세종특별자치시,,,
d75bfe21f11b58672507,full_annotation_v1,A,q_건어물_06,건어뭉,식료품 중 '건어물'을 판매·제공하는 매장,train,건어물,T6 기계변형,49c4c345-e535-4f54-9f3e-f319ee63d8af,건어67,건어물,인천종합어시장,전통시장,인천광역시,,,
66fed43f05a43171aa6c,full_annotation_v1,A,q_건어물_06,건어뭉,식료품 중 '건어물'을 판매·제공하는 매장,train,건어물,T6 기계변형,15a7f93f-3ca5-4df9-9bd8-e80f9f39339f,비어카페펀비어킹,"오징어한판떡볶이, 치킨",둔전골목형상점가,골목형상점가,경기도,,,
b9f5237cc22297b4769f,full_annotation_v1,A,q_건어물_06,건어뭉,식료품 중 '건어물'을 판매·제공하는 매장,train,건어물,T6 기계변형,3e4ba4cc-0401-4286-bf9b-c2ef3e2795a3,똘빡네,건어물,속초종합중앙시장,전통시장,강원특별자치도,,,
455488f71140fe5d7938,full_annotation_v1,A,q_건어물_06,건어뭉,식료품 중 '건어물'을 판매·제공하는 매장,train,건어물,T6 기계변형,73e84b44-3ae5-409e-960a-a24541980dcd,신데렐라,"도소매업(중고의류,잡화)",성남중앙시장(중앙공설시장),전통시장,경기도,,,
ad67b19721492d5da316,full_annotation_v1,A,q_건어물_06,건어뭉,식료품 중 '건어물'을 판매·제공하는 매장,train,건어물,T6 기계변형,82617f76-6302-4cc3-a631-c63c91c23371,이모 건어물,건어물,부평종합시장,전통시장,인천광역시,,,
f269a448843dabc513cf,full_annotation_v1,A,q_건어물_06,건어뭉,식료품 중 '건어물'을 판매·제공하는 매장,train,건어물,T6 기계변형,6ade8ec6-596b-4ce3-8b87-13450828ad95,까뭉,구두,안양일번가 지하쇼핑몰,일반지하상점가,경기도,,,
3ce2af7cea2f4d326e90,full_annotation_v1,A,q_건어물_06,건어뭉,식료품 중 '건어물'을 판매·제공하는 매장,train,건어물,T6 기계변형,b17e54e4-709e-4199-b941-70aebd140a0d,그건어. 건어시장,건어물,격포어촌계 골목형상점가,골목형상점가,전북특별자치도,,,
e3d7661742a4886980da,full_annotation_v1,A,q_건어물_06,건어뭉,식료품 중 '건어물'을 판매·제공하는 매장,train,건어물,T6 기계변형,7736383e-2334-4fca-9449-0acb7278dcd3,핑크네일,미용업,시장로타리지하상가,일반지하상점가,인천광역시,,,
7aa7a5a7565215bf05b8,full_annotation_v1,A,q_건어물_06,건어뭉,식료품 중 '건어물'을 판매·제공하는 매장,train,건어물,T6 기계변형,0831a084-d734-4518-a249-a2fa02715306,연일추어탕,추어탕 미역국,연산골목시장상점가,자율상권구역,부산광역시,,,
7b5486f3d04eaefff6ae,full_annotation_v1,A,q_건어물_06,건어뭉,식료품 중 '건어물'을 판매·제공하는 매장,train,건어물,T6 기계변형,d5aa6c6a-c59b-4248-9a0f-d4008db2ab2b,슈슈건어물,건어뭏,왜관시장,전통시장,경상북도,,,
61ca48197aaee3265cde,full_annotation_v1,A,q_건어물_06,건어뭉,식료품 중 '건어물'을 판매·제공하는 매장,train,건어물,T6 기계변형,757843c4-e6dc-42e8-8209-fd156a253553,건어물천국,건어물,안양관양시장,전통시장,경기도,,,
179085aba6cdbf837b18,full_annotation_v1,A,q_건어물_06,건어뭉,식료품 중 '건어물'을 판매·제공하는 매장,train,건어물,T6 기계변형,06873b8c-d1f7-4101-9d4b-f5face2ee848,비룡상회,건오징어,포항죽도시장,전통시장,경상북도,,,
41be5012aeb2f7931208,full_annotation_v1,A,q_건어물_06,건어뭉,식료품 중 '건어물'을 판매·제공하는 매장,train,건어물,T6 기계변형,ae078dea-7f56-4e5c-802c-c38abacaa659,남성 건어물,건어물,남성사계시장,전통시장,서울특별시,,,
e59a39481f772b2b3cc1,full_annotation_v1,A,q_건어물_06,건어뭉,식료품 중 '건어물'을 판매·제공하는 매장,train,건어물,T6 기계변형,16317be1-6f55-476b-960c-a24322f5e611,복된건어물,건어물,부천상동시장,전통시장,경기도,,,
dcfe80ec7db9179729f5,full_annotation_v1,A,q_건어물_06,건어뭉,식료품 중 '건어물'을 판매·제공하는 매장,train,건어물,T6 기계변형,1d999b51-cbf3-41e1-bf3e-5760e040f36f,전주상회,미역,각화도매 골목형상점가,골목형상점가,광주광역시,,,
6832f9a61b8258a241c1,full_annotation_v1,A,q_건어물_06,건어뭉,식료품 중 '건어물'을 판매·제공하는 매장,train,건어물,T6 기계변형,230f017b-c3e5-487d-b967-ce27ff1ce7e9,진성마트,마트,장안마실골목형상점가,골목형상점가,서울특별시,,,
4e3919baa5f4cef0537b,full_annotation_v1,A,q_건어물_06,건어뭉,식료품 중 '건어물'을 판매·제공하는 매장,train,건어물,T6 기계변형,ebd45587-d620-4c04-8742-026c4679f039,은애 건어물,건어물,산성시장,전통시장,대전광역시,,,
678206260f66b0cfac00,full_annotation_v1,A,q_건어물_06,건어뭉,식료품 중 '건어물'을 판매·제공하는 매장,train,건어물,T6 기계변형,e59daa55-9d26-41e6-aca3-80a909c344a6,대변건어물,건어물,기장시장,전통시장,부산광역시,,,
d2ab516123fd097aadb7,full_annotation_v1,A,q_건어물_06,건어뭉,식료품 중 '건어물'을 판매·제공하는 매장,train,건어물,T6 기계변형,24e3eb71-8e2f-43dc-9a0e-47a5d977c45e,건어물나라,건어물,마천중앙시장,전통시장,서울특별시,,,
f37149411f87f6af911c,full_annotation_v1,A,q_건어물_06,건어뭉,식료품 중 '건어물'을 판매·제공하는 매장,train,건어물,T6 기계변형,562b61e2-f08f-4888-9c98-0282280d3e25,옵틱라이프 성수점,안경 콘택트렌즈 선글라스,성수역골목형상점가,골목형상점가,서울특별시,,,
12e067694c74e916ccb3,full_annotation_v1,A,q_건어물_06,건어뭉,식료품 중 '건어물'을 판매·제공하는 매장,train,건어물,T6 기계변형,b93ca91f-3fd5-4880-b835-d1b0f1bfa3ad,영완상회,건어물,진주 논개시장,전통시장,경상남도,,,
e7ab04b3cb45aaccfef8,full_annotation_v1,A,q_건어물_06,건어뭉,식료품 중 '건어물'을 판매·제공하는 매장,train,건어물,T6 기계변형,7c49ef32-4a73-4786-89bb-d02fecaad99f,건어물,건어물,용남시장,전통시장,인천광역시,,,
0becadb79d57a4dcee20,full_annotation_v1,A,q_건어물_06,건어뭉,식료품 중 '건어물'을 판매·제공하는 매장,train,건어물,T6 기계변형,2831dcf3-66d2-489c-8119-993897861e03,건어물시장,건어물,부천상동시장,전통시장,경기도,,,
0892cd7cdceedc93341b,full_annotation_v1,A,q_건어물_06,건어뭉,식료품 중 '건어물'을 판매·제공하는 매장,train,건어물,T6 기계변형,cf667724-0b19-4568-ac5c-fca38c55aed3,존(JOHN)316 스시로만,초밥.우동.돈까스,은구비서로사회적협동조합 골목형상점가,골목형상점가,대전광역시,,,
eface4df9202d2d81344,full_annotation_v1,A,q_공예_01,공예,문화·여가 중 '공예'를 판매·제공하는 매장,val,공예,T1 정확표기,208e01f4-302b-42ea-8339-b8b73c7cfa23,전남기물,그릇,양동시장,전통시장,광주광역시,,,
f2b296ca7a5c54027b1b,full_annotation_v1,A,q_공예_01,공예,문화·여가 중 '공예'를 판매·제공하는 매장,val,공예,T1 정확표기,51b27973-b921-4d47-9b91-b59dff648ad3,오늘도설렘,공예,강동산하 골목형상점가,골목형상점가,울산광역시,,,
08aa738ae3b34c683db0,full_annotation_v1,A,q_공예_01,공예,문화·여가 중 '공예'를 판매·제공하는 매장,val,공예,T1 정확표기,04baede5-1cb5-421b-ae51-c42ae1e347e0,베데레vedere,가죽제품,송정벚꽃골목형상점가,골목형상점가,서울특별시,,,
d52d72d476b557c35772,full_annotation_v1,A,q_공예_01,공예,문화·여가 중 '공예'를 판매·제공하는 매장,val,공예,T1 정확표기,8803d2e6-1af3-483a-bc65-ac6f5c54084f,영성공예,"스카프, 공예",청계5가 쇼핑센터,일반지하상점가,서울특별시,,,
b8f211f99281ebbb49d4,full_annotation_v1,A,q_공예_01,공예,문화·여가 중 '공예'를 판매·제공하는 매장,val,공예,T1 정확표기,55909750-ec07-4fb7-89f6-4bda2ed7141d,에덴뜨게방,"공예, 실",여수진남시장,전통시장,전라남도,,,
d4914d1586909a0c7b5a,full_annotation_v1,A,q_공예_01,공예,문화·여가 중 '공예'를 판매·제공하는 매장,val,공예,T1 정확표기,016791a8-1d36-407c-be53-a8bf1f7d6f98,눈데이썬(NOONDAY SUN,예술공방공예품,천안역지하상가,일반지하상점가,충청남도,,,
283159ec666d9c216fe8,full_annotation_v1,A,q_공예_01,공예,문화·여가 중 '공예'를 판매·제공하는 매장,val,공예,T1 정확표기,5a39d21b-144a-4bf7-8cdf-92dddef3bea7,채정공방,섬유 공예,빛고을공예창작촌 골목형상점가,골목형상점가,광주광역시,,,
1dc0eed22bf92f60bd85,full_annotation_v1,A,q_공예_01,공예,문화·여가 중 '공예'를 판매·제공하는 매장,val,공예,T1 정확표기,479d4844-f279-4e7e-a693-9f4829c9ae42,리본아트,공예,현대유통쇼핑센터,전통시장,경상북도,,,
9796b11b2fa9c11a5395,full_annotation_v1,A,q_공예_01,공예,문화·여가 중 '공예'를 판매·제공하는 매장,val,공예,T1 정확표기,03f3c2e2-de36-4c1f-a497-cbcc7dd014d0,크래프트 스튜디오 88,은 장신구 및 은 공예품,빛고을공예창작촌 골목형상점가,골목형상점가,광주광역시,,,
4bd77eee1de6a7a48dff,full_annotation_v1,A,q_공예_01,공예,문화·여가 중 '공예'를 판매·제공하는 매장,val,공예,T1 정확표기,6b26b587-4187-4d74-b419-3b6102d1ba1e,풍조미역,한식,성수역골목형상점가,골목형상점가,서울특별시,,,
0c91d979143ee50c62d0,full_annotation_v1,A,q_공예_01,공예,문화·여가 중 '공예'를 판매·제공하는 매장,val,공예,T1 정확표기,3bae97ff-081f-45c3-b996-79a06a8196eb,자연,공예 잡화,전주한옥마을 골목형상점가,골목형상점가,전북특별자치도,,,
6c3e64d60c2cb29fc37b,full_annotation_v1,A,q_공예_01,공예,문화·여가 중 '공예'를 판매·제공하는 매장,val,공예,T1 정확표기,5fcc6beb-ce3b-4cb2-83c8-470cee306d1c,금손공예마을협동조합,공예,진잠 골목형상점가,골목형상점가,대전광역시,,,
ecb0250bfb27827db9a3,full_annotation_v1,A,q_공예_01,공예,문화·여가 중 '공예'를 판매·제공하는 매장,val,공예,T1 정확표기,19ad7c14-7251-43be-a457-e4c1f7b94ec6,행운건강원,"건강식품가공, 판매",전의왕의물시장(전의전통시장),전통시장,세종특별자치시,,,
372eda2815863836d62f,full_annotation_v1,A,q_공예_01,공예,문화·여가 중 '공예'를 판매·제공하는 매장,val,공예,T1 정확표기,1b312ba1-a340-4466-8345-8fb8b9978347,서촌통큰아귀찜,음식점,세종마을음식문화거리,자율상권구역,서울특별시,,,
70468adfee7598dd4713,full_annotation_v1,A,q_공예_01,공예,문화·여가 중 '공예'를 판매·제공하는 매장,val,공예,T1 정확표기,63b693cf-401f-4541-b508-ea917c65c1bb,다화앤코,공예 및 잡화,서산번화2로,자율상권구역,충청남도,,,
f5867c33db7542ecf5c3,full_annotation_v1,A,q_공예_01,공예,문화·여가 중 '공예'를 판매·제공하는 매장,val,공예,T1 정확표기,eb4948a0-874d-4366-9f3f-59c2e32fb6c7,비즈마을,공예,현대유통쇼핑센터,전통시장,경상북도,,,
4e65852cd43ac2e724b5,full_annotation_v1,A,q_공예_01,공예,문화·여가 중 '공예'를 판매·제공하는 매장,val,공예,T1 정확표기,0607a1be-785f-4ff8-a429-3cece4493cca,마마스핸즈 세종한솔공방,,한솔센터 골목형상점가,골목형상점가,세종특별자치시,,,
a68127c2310c07617e84,full_annotation_v1,A,q_공예_01,공예,문화·여가 중 '공예'를 판매·제공하는 매장,val,공예,T1 정확표기,bd198848-9bd7-4506-a89c-d2c3d372d9e7,오로라닉,공예 창작물,마산 부림시장,전통시장,경상남도,,,
3bf94e9270535b43cda3,full_annotation_v1,A,q_공예_01,공예,문화·여가 중 '공예'를 판매·제공하는 매장,val,공예,T1 정확표기,0a66a7fc-3a7b-4f93-b364-fc8b98b96d50,엄사스포츠,"스포츠용품, 기념품",엄사 골목형상점가,골목형상점가,충청남도,,,
920aa84b9dc7aba0c8fb,full_annotation_v1,A,q_공예_01,공예,문화·여가 중 '공예'를 판매·제공하는 매장,val,공예,T1 정확표기,07cda024-8aeb-44c2-b5e2-48a753b93afe,가죽공방 수미상관,가죽제품,첨단이웃사랑 골목형상점가,골목형상점가,광주광역시,,,
bd297d04676379e06ae1,full_annotation_v1,A,q_공예_01,공예,문화·여가 중 '공예'를 판매·제공하는 매장,val,공예,T1 정확표기,9e346a06-d3f3-49e2-872d-6e8885d3078c,합천한우촌,식육,도원시장,전통시장,대구광역시,,,
366461e3a2fb80bb787d,full_annotation_v1,A,q_공예_01,공예,문화·여가 중 '공예'를 판매·제공하는 매장,val,공예,T1 정확표기,9548eca4-897c-4c9a-bf60-9b4bffda8429,공방 또각,공예 수업 및 공예품 판매,전남대후문골목형상점가,골목형상점가,광주광역시,,,
e6f29b228f3379187e6c,full_annotation_v1,A,q_공예_01,공예,문화·여가 중 '공예'를 판매·제공하는 매장,val,공예,T1 정확표기,efd60dd1-d03e-4b21-89a2-a66c949b769c,아르젠띠,"공예, 잡화",남대문시장,전통시장,서울특별시,,,
22a18b1f2f4b82c85c95,full_annotation_v1,A,q_공예_01,공예,문화·여가 중 '공예'를 판매·제공하는 매장,val,공예,T1 정확표기,21db5b4b-9e8b-4619-9d62-b66ab92f4109,반다레더스튜디오,공예,예스파크 상점가,자율상권구역,경기도,,,
1c67ec71576ca1551174,full_annotation_v1,A,q_공예_01,공예,문화·여가 중 '공예'를 판매·제공하는 매장,val,공예,T1 정확표기,2d475444-a435-41ef-9165-5226318bc30f,우성식당,한식,강진중앙로상가,자율상권구역,전라남도,,,
9336df9a9cb658499a28,full_annotation_v1,A,q_공예_01,공예,문화·여가 중 '공예'를 판매·제공하는 매장,val,공예,T1 정확표기,22e50959-254c-4856-8ae7-425371df5d65,플로라디자인,조화 공예,둔산3동상점가,자율상권구역,대전광역시,,,
9e8fa2fbe4b3433fe1d1,full_annotation_v1,A,q_공예_01,공예,문화·여가 중 '공예'를 판매·제공하는 매장,val,공예,T1 정확표기,e5d9fe16-3966-4e1f-a7c2-4fd569ebfcda,BBQ과천점,치킨,별양동상점가,자율상권구역,경기도,,,
a6ebc9eb9226c08e1e21,full_annotation_v1,A,q_공예_01,공예,문화·여가 중 '공예'를 판매·제공하는 매장,val,공예,T1 정확표기,98360381-2070-43f7-8f65-d44b7df72d7c,복민사,"매듭, 공예",남대문시장,전통시장,서울특별시,,,
cc7924dec99596364e61,full_annotation_v1,A,q_공예_01,공예,문화·여가 중 '공예'를 판매·제공하는 매장,val,공예,T1 정확표기,8f5cd5b6-a43b-47e1-b566-c85201f7d1be,동양공예,공예품,동산상가,전통시장,대구광역시,,,
1c9d5f945eb35eb09b29,full_annotation_v1,A,q_공예_01,공예,문화·여가 중 '공예'를 판매·제공하는 매장,val,공예,T1 정확표기,af503168-2adb-4c5a-abd5-c9c76eda37e4,대도공예,공예,남대문시장,전통시장,서울특별시,,,
339a0e30f0ad02ca6cc1,full_annotation_v1,A,q_공예_01,공예,문화·여가 중 '공예'를 판매·제공하는 매장,val,공예,T1 정확표기,02a0c412-f0ae-4a4f-b716-75605cdcb533,"현대종합가구,해일공방",,장흥시장 골목형상점가,골목형상점가,,,,
7c6bf3cd8f0e8cf15b77,full_annotation_v1,A,q_공예_01,공예,문화·여가 중 '공예'를 판매·제공하는 매장,val,공예,T1 정확표기,ddbf3dc6-af94-46f3-b4d4-e275fdd2f0b0,손꼼지락,"공예, 체험",지리산나들이장터,전통시장,전라남도,,,
f39c411bc531a125266a,full_annotation_v1,A,q_공예_01,공예,문화·여가 중 '공예'를 판매·제공하는 매장,val,공예,T1 정확표기,1c15e98a-d519-4117-9388-c63e1177a958,광일혼수방,이불베게,원고개시장,전통시장,대구광역시,,,
1fcd34212a5c05d23c53,full_annotation_v1,A,q_공예_01,공예,문화·여가 중 '공예'를 판매·제공하는 매장,val,공예,T1 정확표기,86ef7bd2-af87-4692-bea3-4dbbb2d681bf,대신공예,공예품,길음시장,전통시장,서울특별시,,,
0f0e442b3139c55a0867,full_annotation_v1,A,q_공예_01,공예,문화·여가 중 '공예'를 판매·제공하는 매장,val,공예,T1 정확표기,0aae4585-5820-472c-a819-bfbb3faca317,감천문화마을 소행성 비612 기념품숍,"기념품, 공예품",감천문화마을 골목형상점가,골목형상점가,부산광역시,,,
34236d3187fba9b2795a,full_annotation_v1,A,q_공예_01,공예,문화·여가 중 '공예'를 판매·제공하는 매장,val,공예,T1 정확표기,003d5df8-0856-45e0-a11e-5098cf70541e,앨리스리본&공방,"공방, 잡화",봉화내성시장,전통시장,경상북도,,,
968daadd19270781e711,full_annotation_v1,A,q_공예_01,공예,문화·여가 중 '공예'를 판매·제공하는 매장,val,공예,T1 정확표기,0193006c-a04d-4bd7-8ce5-791c5497fe3a,드림크래프트,"액자제작, 공예재료",북동 골목형상점가,골목형상점가,광주광역시,,,
f0434055fec33c5a5cb8,full_annotation_v1,A,q_공예_01,공예,문화·여가 중 '공예'를 판매·제공하는 매장,val,공예,T1 정확표기,7af4045c-e523-4249-a93c-e3bafd31b711,여의주아트,공예,국제지하도상가,일반지하상점가,부산광역시,,,
256ec1d05f6ba5034b0b,full_annotation_v1,A,q_공예_01,공예,문화·여가 중 '공예'를 판매·제공하는 매장,val,공예,T1 정확표기,02a3b9f3-83e8-44d2-bc4b-4b2c25796b3d,서현 크래프트,수공예품,예술의거리 골목형상점가,골목형상점가,광주광역시,,,
ffa762a4069370c8b703,full_annotation_v1,A,q_공예_01,공예,문화·여가 중 '공예'를 판매·제공하는 매장,val,공예,T1 정확표기,04fc594a-7456-4447-b3d9-fe9568dc59a5,채영헤어,미용,은구비서로사회적협동조합 골목형상점가,골목형상점가,대전광역시,,,
d41cc7c9cf74f289f5b5,full_annotation_v1,A,q_공예_01,공예,문화·여가 중 '공예'를 판매·제공하는 매장,val,공예,T1 정확표기,e65840d7-bb82-4609-b422-3de153973af9,퀼트앤소잉학원,공예,운림중인근 골목형상점가,골목형상점가,광주광역시,,,
adda990516b4ba9e94d3,full_annotation_v1,A,q_공예_01,공예,문화·여가 중 '공예'를 판매·제공하는 매장,val,공예,T1 정확표기,37160543-e81f-4e4a-b30b-56077259eca5,빈스공방,공예,동두천제일시장,전통시장,경기도,,,
2757ba0c0aa3054f99f6,full_annotation_v1,A,q_공예_01,공예,문화·여가 중 '공예'를 판매·제공하는 매장,val,공예,T1 정확표기,9c682638-8555-4836-8071-1b9fc356dbb5,엘케이퀼트,공예,김해 대우유토피아상가,골목형상점가,경상남도,,,
2e8f633e8f81d5fad058,full_annotation_v1,A,q_공예_01,공예,문화·여가 중 '공예'를 판매·제공하는 매장,val,공예,T1 정확표기,025b097b-3ecb-4738-ab0f-d71bc283e74d,반지점방,공예품 장신구,양림공예거리 골목형상점가,골목형상점가,광주광역시,,,
e84eb77edb77f6bc47dc,full_annotation_v1,A,q_공예_01,공예,문화·여가 중 '공예'를 판매·제공하는 매장,val,공예,T1 정확표기,22ea6f56-810d-462b-b4d6-7b325e6cd9cd,댄디라인,가죽제품,서부시장(서부재래시장),전통시장,충청남도,,,
8034facfda4355b74f20,full_annotation_v1,A,q_공예_01,공예,문화·여가 중 '공예'를 판매·제공하는 매장,val,공예,T1 정확표기,eeb497b7-428c-4202-aeaa-3bf0f929bfe4,이츠피아노음악학원,음악학원,세종 반딧불 골목형상점가,골목형상점가,세종특별자치시,,,
7e68c05d1cdc7611d05d,full_annotation_v1,A,q_공예_01,공예,문화·여가 중 '공예'를 판매·제공하는 매장,val,공예,T1 정확표기,05c601de-f626-410c-adee-b08537ab3042,버치크래프트 코리아,관광민예품 및 장식용품 관광기념품,강릉성남시장,전통시장,강원특별자치도,,,
f2f348e0b594af877b60,full_annotation_v1,A,q_공예_01,공예,문화·여가 중 '공예'를 판매·제공하는 매장,val,공예,T1 정확표기,37342389-7f96-4ad6-a143-c3129f7c3d7c,바느질공방K,공예,엄사 골목형상점가,골목형상점가,충청남도,,,
8ac81a0bc64b1e716c77,full_annotation_v1,A,q_공예_01,공예,문화·여가 중 '공예'를 판매·제공하는 매장,val,공예,T1 정확표기,b6a05c5a-a78b-4b91-b57b-e5fd21f2f1ce,어머니의고등어,음식점,전농로터리시장,전통시장,서울특별시,,,
fc4fc25b830e33a129e1,full_annotation_v1,A,q_공예_01,공예,문화·여가 중 '공예'를 판매·제공하는 매장,val,공예,T1 정확표기,4418fd52-63dc-4408-b709-058906827ccd,왜관기름집,식용유,왜관시장,전통시장,경상북도,,,
affa9fbe7ed5c3e2fe48,full_annotation_v1,A,q_공예_01,공예,문화·여가 중 '공예'를 판매·제공하는 매장,val,공예,T1 정확표기,01dc0a63-97c4-4bc6-8d70-8515d03d9657,엠에이치(MH) 딜리버리,한식,태릉골목형상점가,골목형상점가,서울특별시,,,
7f148ba7d5d223e14c18,full_annotation_v1,A,q_공예_01,공예,문화·여가 중 '공예'를 판매·제공하는 매장,val,공예,T1 정확표기,789a0ccc-9f01-4f98-abbb-1f29cbbbb971,주식회사,음식,풍암순환로상인회 골목형상점가,골목형상점가,광주광역시,,,
b71f76d17fb6a9ddac62,full_annotation_v1,A,q_공예_01,공예,문화·여가 중 '공예'를 판매·제공하는 매장,val,공예,T1 정확표기,019d27d7-ed5d-4bc6-aee7-3162cf2c7d3e,탑키드,공예부자재,동대문문구완구거리,자율상권구역,서울특별시,,,
719901a60614320fdcc5,full_annotation_v1,A,q_공예_01,공예,문화·여가 중 '공예'를 판매·제공하는 매장,val,공예,T1 정확표기,9b92d31e-3383-4544-910c-503d4ae15b79,비플레인,의류(소매),진주 로데오거리상점가,자율상권구역,경상남도,,,
0f6ccbc947dd15b778ac,full_annotation_v1,A,q_공예_01,공예,문화·여가 중 '공예'를 판매·제공하는 매장,val,공예,T1 정확표기,fd26c830-38b4-4067-8be5-45c1691e7af5,산청상회,공예,신천지시장,전통시장,부산광역시,,,
82bc1e56ce30e5da8770,full_annotation_v1,A,q_공예_01,공예,문화·여가 중 '공예'를 판매·제공하는 매장,val,공예,T1 정확표기,05d82934-32de-48f2-bbd0-038f8d09fe4f,시즈레더,가죽제품,신창 골목형상점가,골목형상점가,광주광역시,,,
6e6d00ea30f75cf9bb75,full_annotation_v1,A,q_공예_01,공예,문화·여가 중 '공예'를 판매·제공하는 매장,val,공예,T1 정확표기,cfd43da6-6535-4e97-90c4-86fbfb3c553c,나래캘리연구소,공예,상무운천로상인회 골목형상점가,골목형상점가,광주광역시,,,
ea552d2fee64480f7cba,full_annotation_v1,A,q_공예_01,공예,문화·여가 중 '공예'를 판매·제공하는 매장,val,공예,T1 정확표기,9db067fc-2ce1-40ca-873e-280db5801f8f,만미식품,양파,문경중앙시장,전통시장,경상북도,,,
913f6d0274361279ae8e,full_annotation_v1,A,q_공예_01,공예,문화·여가 중 '공예'를 판매·제공하는 매장,val,공예,T1 정확표기,16ad44e5-7220-4fe9-b859-3c7bd0a043af,문풍지한지공예,공예,메트로프라자,일반지하상점가,대구광역시,,,
b771f5a652d4e5982602,full_annotation_v1,A,q_공예_01,공예,문화·여가 중 '공예'를 판매·제공하는 매장,val,공예,T1 정확표기,beacf2c2-9a40-4e20-a7d4-6804a3b60a22,환&환 공예스쿨,공예,문화의거리 상점가,자율상권구역,울산광역시,,,
6addee639032ac347468,full_annotation_v1,A,q_공예_01,공예,문화·여가 중 '공예'를 판매·제공하는 매장,val,공예,T1 정확표기,77da1942-045d-433b-b18d-fef854c8eff1,소요,공예,엄사 골목형상점가,골목형상점가,충청남도,,,
77d1fe14525e38c54471,full_annotation_v1,A,q_공예_01,공예,문화·여가 중 '공예'를 판매·제공하는 매장,val,공예,T1 정확표기,6a8f9647-0989-4a5f-b865-bffdfe9a9327,지영공방,공예,순천문화의거리 금꽃예술촌,자율상권구역,,,,
ebb740d5168620778d6b,full_annotation_v1,A,q_공예_01,공예,문화·여가 중 '공예'를 판매·제공하는 매장,val,공예,T1 정확표기,1595bb71-38ba-4077-bffc-8fd2e340eae3,마루공예,공예품,고산미소시장(고산시장),전통시장,전북특별자치도,,,
b8010aae4396c5ab97d5,full_annotation_v1,A,q_공예_01,공예,문화·여가 중 '공예'를 판매·제공하는 매장,val,공예,T1 정확표기,b9a2ab49-5463-4560-960c-68674bd774c1,새롬아트,공예.잡화,남대문시장,전통시장,서울특별시,,,
70d1473a871262bfc66a,full_annotation_v1,A,q_공예_01,공예,문화·여가 중 '공예'를 판매·제공하는 매장,val,공예,T1 정확표기,659e5f37-c479-4f6d-91d7-69ca6117cd5f,가위든가족,"미용, 공예",조종시장,전통시장,경기도,,,
fbb9479bc32e0b68a016,full_annotation_v1,A,q_공예_01,공예,문화·여가 중 '공예'를 판매·제공하는 매장,val,공예,T1 정확표기,0a357b62-4c2e-456c-a5c3-e626d87f7939,플로체디자인랩(그린스미스),기념품 화분 인테리어소품 생화 분화,도란도란 골목형상점가,골목형상점가,전북특별자치도,,,
6a9e9bff333a5558c956,full_annotation_v1,A,q_공예_01,공예,문화·여가 중 '공예'를 판매·제공하는 매장,val,공예,T1 정확표기,04835808-77c7-4465-89b2-7033f3d66b88,홍 스트링 공방(홍 스포츠),,양산 물금백호마을 골목형상점가,골목형상점가,경상남도,,,
84fd1db604d0fe393005,full_annotation_v1,A,q_공예_01,공예,문화·여가 중 '공예'를 판매·제공하는 매장,val,공예,T1 정확표기,18ca5432-8f6f-4a62-a718-feaa9e5e18e2,나나메이킹,공예,속초종합중앙시장,전통시장,강원특별자치도,,,
a405aac3554a72089c8a,full_annotation_v1,A,q_공예_01,공예,문화·여가 중 '공예'를 판매·제공하는 매장,val,공예,T1 정확표기,0b54b009-8bc8-4e20-8e75-d013800de0ff,가인,공예,서문시장2지구 종합상가,전통시장,대구광역시,,,
f5bcb9c0b8e6ad9a5ff2,full_annotation_v1,A,q_공예_01,공예,문화·여가 중 '공예'를 판매·제공하는 매장,val,공예,T1 정확표기,e9807260-de3c-4478-bb32-8b6724057593,향기도예,도자기 공예,화성행궁골목형상점가,골목형상점가,경기도,,,
a9dc3e0312c65d6e9c19,full_annotation_v1,A,q_공예_01,공예,문화·여가 중 '공예'를 판매·제공하는 매장,val,공예,T1 정확표기,fc5d6f04-ab0d-4928-adcf-d9c45171ee8d,몰랑앤모어,"공예, 패션, 소품",예술의거리 골목형상점가,골목형상점가,광주광역시,,,
60a68f04c6cb8701e874,full_annotation_v1,A,q_공예_01,공예,문화·여가 중 '공예'를 판매·제공하는 매장,val,공예,T1 정확표기,d7ef267f-784f-4d8c-b7a2-74fd97a217d9,맹그는공예공방,"공방, 공예",화서시장,전통시장,경기도,,,
6874d68e9c707a289181,full_annotation_v1,A,q_공예_01,공예,문화·여가 중 '공예'를 판매·제공하는 매장,val,공예,T1 정확표기,00a8e75c-0d18-48db-9f9b-42f8ced936b8,미다리본,공예품,구미형곡시장프라자,전통시장,경상북도,,,
2d9bf09ab0fa911aeba8,full_annotation_v1,A,q_공예_01,공예,문화·여가 중 '공예'를 판매·제공하는 매장,val,공예,T1 정확표기,43cecd98-f23d-45be-b189-c49208410fc0,공설꽃공예,공예품,충주자유시장,전통시장,충청북도,,,
9cf2a52a5913d8da8e34,full_annotation_v1,A,q_공예_01,공예,문화·여가 중 '공예'를 판매·제공하는 매장,val,공예,T1 정확표기,1d5631fa-ec06-4f91-be13-602ed27d1b7b,반지제작소,공예,BOCA 보카상점가,골목형상점가,경기도,,,
9a38aa7cba7599dc8d38,full_annotation_v1,A,q_공예_01,공예,문화·여가 중 '공예'를 판매·제공하는 매장,val,공예,T1 정확표기,59c4d072-6dea-4931-9216-5d3203b8aab6,양산닭집,닭,중마시장,전통시장,전라남도,,,
6b9e2f4948c17198999e,full_annotation_v1,A,q_공예_01,공예,문화·여가 중 '공예'를 판매·제공하는 매장,val,공예,T1 정확표기,1224addb-6518-4f08-8235-6fd7c8d4fdab,예인공예,공예품,원주미로예술중앙시장(원주중앙시장),전통시장,강원특별자치도,,,
93e7e0b0a16acedb4079,full_annotation_v1,A,q_공예_01,공예,문화·여가 중 '공예'를 판매·제공하는 매장,val,공예,T1 정확표기,f3ffec96-3564-4108-99cc-65ef8de9e783,대우공예,고가구.공예,동산상가,전통시장,대구광역시,,,
e531a8466cab75067080,full_annotation_v1,A,q_공예_01,공예,문화·여가 중 '공예'를 판매·제공하는 매장,val,공예,T1 정확표기,01a0bb9d-a1c3-427c-8c4b-2fb13171253a,우물옆그집,커피음료쿠키기념품,개항희망문화상권 상권활성화구역,상권활성화구역,인천광역시,,,
d01f497c882a0e2e86bd,full_annotation_v1,A,q_공예_01,공예,문화·여가 중 '공예'를 판매·제공하는 매장,val,공예,T1 정확표기,7fa1e300-36d8-43e0-adee-e043a71d6a88,산적공장,공예 생활용품 교육,안계정기시장,전통시장,경상북도,,,
21484f11d39013f78c12,full_annotation_v1,A,q_공예_01,공예,문화·여가 중 '공예'를 판매·제공하는 매장,val,공예,T1 정확표기,c7b14794-2cd9-4074-bca9-d2488beab129,아이즈온,"공예, 액세서리",춘천중앙시장,전통시장,강원특별자치도,,,
1bd5362f34b50889bf88,full_annotation_v1,A,q_공예_01,공예,문화·여가 중 '공예'를 판매·제공하는 매장,val,공예,T1 정확표기,1c9508a7-414a-4f41-956d-a5bdaee45266,사과랑 그림이랑,공예,진보전통시장,전통시장,경상북도,,,
5a6dcff63cb7a0928452,full_annotation_v1,A,q_공예_01,공예,문화·여가 중 '공예'를 판매·제공하는 매장,val,공예,T1 정확표기,13fcc1a8-e340-4773-b8ba-b6256ff5465f,부민상회,공예 잡화,월드상가골목형상점가,골목형상점가,인천광역시,,,
a1ae7ddc823bed6ae36e,full_annotation_v1,A,q_공예_01,공예,문화·여가 중 '공예'를 판매·제공하는 매장,val,공예,T1 정확표기,5b39cce8-0592-4852-a518-7e47a5c9ece6,천암공간,공예,매곡 사랑길 골목형상점가,골목형상점가,광주광역시,,,
845f0b468ef2b71866d8,full_annotation_v1,A,q_공예_01,공예,문화·여가 중 '공예'를 판매·제공하는 매장,val,공예,T1 정확표기,d1bbccfd-df09-43fc-8811-22de6a0cce73,미광상회,"공예, 잡화",서문시장2지구 종합상가,전통시장,대구광역시,,,
a31c658df08e5589f38e,full_annotation_v1,A,q_공예_01,공예,문화·여가 중 '공예'를 판매·제공하는 매장,val,공예,T1 정확표기,a0fa7ab0-61bc-4a11-bf8c-0d266df65c19,창석화실공방,공예,밀양 내일전통시장,전통시장,경상남도,,,
f9d571265b2f4eed2247,full_annotation_v1,A,q_공예_01,공예,문화·여가 중 '공예'를 판매·제공하는 매장,val,공예,T1 정확표기,939e2d54-588c-42ba-9ca9-f38d11ab9e3f,튀는 아이,공예 숙녀복,봉선1로 골목형상점가,골목형상점가,광주광역시,,,
004486f70d111ce313a2,full_annotation_v1,A,q_공예_02,공방,문화·여가 중 '공예'를 판매·제공하는 매장,val,공예,T2 동의어,b9c9d175-225d-4674-a073-31f42b1150e2,발효공방누룩담,공방,공항동먹자골목골목형상점가,골목형상점가,서울특별시,,,
46ea0a76dbcb18820528,full_annotation_v1,A,q_공예_02,공방,문화·여가 중 '공예'를 판매·제공하는 매장,val,공예,T2 동의어,71ef1d40-7632-45fc-88f4-fe3945376936,소울엔공방,공방 공예품,단국대 앞 골목형상점가,골목형상점가,경기도,,,
e7a895e6af73b236d886,full_annotation_v1,A,q_공예_02,공방,문화·여가 중 '공예'를 판매·제공하는 매장,val,공예,T2 동의어,610f714e-fb33-434b-8020-bae4f6d857b5,소유축산,식육,전방의거리 골목형상점가,골목형상점가,인천광역시,,,
6d22d3e8c4edaed907f0,full_annotation_v1,A,q_공예_02,공방,문화·여가 중 '공예'를 판매·제공하는 매장,val,공예,T2 동의어,66156121-14ec-4698-9ef5-72b1e7d524ae,고봉민김밥인직산점,일반음식점업,직산읍삼은1번가골목형상점가,골목형상점가,충청남도,,,
c36f3f2d55ad570350f2,full_annotation_v1,A,q_공예_02,공방,문화·여가 중 '공예'를 판매·제공하는 매장,val,공예,T2 동의어,33ce0080-45d5-4117-81dc-31457b4040c1,느루히,공방,김해 동상전통시장,전통시장,경상남도,,,
a0243ed540ad9b7c8ad7,full_annotation_v1,A,q_공예_02,공방,문화·여가 중 '공예'를 판매·제공하는 매장,val,공예,T2 동의어,458af3ac-f69b-49e9-b127-03a1acc74b1a,꿈이음,공방,전주남부시장,전통시장,전북특별자치도,,,
b789cf34ac9a50d92067,full_annotation_v1,A,q_공예_02,공방,문화·여가 중 '공예'를 판매·제공하는 매장,val,공예,T2 동의어,07bf0fd7-8b36-4177-b412-ff2f25f16a59,로뎀공방,공방,하양꿈바우시장,전통시장,경상북도,,,
bd34ac1d6b7ad7558f6a,full_annotation_v1,A,q_공예_02,공방,문화·여가 중 '공예'를 판매·제공하는 매장,val,공예,T2 동의어,8e030335-00eb-42e0-86ae-6dc201885920,해피생활건강,화장품 건강식품,평광청구상가 골목형상점가,골목형상점가,대구광역시,,,
d5b0f78bbafd5db6b2fe,full_annotation_v1,A,q_공예_02,공방,문화·여가 중 '공예'를 판매·제공하는 매장,val,공예,T2 동의어,ba4c51c4-1bcb-49cc-b0f4-647beeaf248c,안다미로바느질방,공방,빛가람 하나로 골목형상점가,골목형상점가,전라남도,,,
245016ee8d4a69cd6c0a,full_annotation_v1,A,q_공예_02,공방,문화·여가 중 '공예'를 판매·제공하는 매장,val,공예,T2 동의어,be627400-0bf0-439d-aa48-792248acc9d0,죽이야기 수성점,죽 도시락 한식,지범골목먹거리타운 골목형상점가,골목형상점가,대구광역시,,,
d077293b4a12b58373c4,full_annotation_v1,A,q_공예_02,공방,문화·여가 중 '공예'를 판매·제공하는 매장,val,공예,T2 동의어,1b717a6f-2d38-40ea-8a68-85bc33f53dda,휴공방,공방,엄사 골목형상점가,골목형상점가,충청남도,,,
3b332f7f33fd04d22861,full_annotation_v1,A,q_공예_02,공방,문화·여가 중 '공예'를 판매·제공하는 매장,val,공예,T2 동의어,d431eed3-8c72-461f-8186-8a828400f091,소소(SOSO) 공방,공방,의정부제일시장,전통시장,경기도,,,
5827775e991f7ce06429,full_annotation_v1,A,q_공예_02,공방,문화·여가 중 '공예'를 판매·제공하는 매장,val,공예,T2 동의어,e8177fe9-160f-4162-93c9-7b4c48fc9952,손수다,공방,염주먹자골목B구역상인회 골목형상점가,골목형상점가,광주광역시,,,
3fb89e2af973af8bd49f,full_annotation_v1,A,q_공예_02,공방,문화·여가 중 '공예'를 판매·제공하는 매장,val,공예,T2 동의어,bd695bc3-0427-466d-8a75-ea240a0ae129,공방 다재,,용상공설시장,전통시장,경상북도,,,
3d0903167d3b16132896,full_annotation_v1,A,q_공예_02,공방,문화·여가 중 '공예'를 판매·제공하는 매장,val,공예,T2 동의어,0e2fe574-d400-4022-a456-f3c2b55c061c,시원솜씨,공방,춘천지하상가,일반지하상점가,강원특별자치도,,,
390323e8f926b7388b40,full_annotation_v1,A,q_공예_02,공방,문화·여가 중 '공예'를 판매·제공하는 매장,val,공예,T2 동의어,a8f394b3-ef11-47de-ae26-8e40b62849d2,디올드,한식,함양 한들 자율상권구역,,경상남도,,,
873982a4e5c50eb7e495,full_annotation_v1,A,q_공예_02,공방,문화·여가 중 '공예'를 판매·제공하는 매장,val,공예,T2 동의어,05d82934-32de-48f2-bbd0-038f8d09fe4f,시즈레더,가죽제품,신창 골목형상점가,골목형상점가,광주광역시,,,
52793850e61f71a65880,full_annotation_v1,A,q_공예_02,공방,문화·여가 중 '공예'를 판매·제공하는 매장,val,공예,T2 동의어,6ad3b5a5-3acb-426c-bcbd-964edb033a27,팔팔참기름,일용잡화,밀양 내일전통시장,전통시장,경상남도,,,
806ea54899d7db220784,full_annotation_v1,A,q_공예_02,공방,문화·여가 중 '공예'를 판매·제공하는 매장,val,공예,T2 동의어,025b097b-3ecb-4738-ab0f-d71bc283e74d,반지점방,공예품 장신구,양림공예거리 골목형상점가,골목형상점가,광주광역시,,,
85b1f0840ece9ec5a285,full_annotation_v1,A,q_공예_02,공방,문화·여가 중 '공예'를 판매·제공하는 매장,val,공예,T2 동의어,9e69d889-0c3e-4127-acaf-e0b8faf5a07b,심야 당구 카페,당구장 운영,안동시옥동 골목형상점가,골목형상점가,경상북도,,,
aa07d8a6fc5303e00f07,full_annotation_v1,A,q_공예_02,공방,문화·여가 중 '공예'를 판매·제공하는 매장,val,공예,T2 동의어,6351b447-fcef-43ec-b6a6-a10970545fa2,여울아트센터,공방,산본로데오거리(구 산본중심상가),자율상권구역,경기도,,,
7834ed948b85176c6322,full_annotation_v1,A,q_공예_02,공방,문화·여가 중 '공예'를 판매·제공하는 매장,val,공예,T2 동의어,33a97d33-cd63-40f2-86fd-434d0ed8e51e,공간연출나누리,공방,첨단이웃사랑 골목형상점가,골목형상점가,광주광역시,,,
4bf15ab5918589a5dcf7,full_annotation_v1,A,q_공예_02,공방,문화·여가 중 '공예'를 판매·제공하는 매장,val,공예,T2 동의어,07cda024-8aeb-44c2-b5e2-48a753b93afe,가죽공방 수미상관,가죽제품,첨단이웃사랑 골목형상점가,골목형상점가,광주광역시,,,
e6acf83d2a6efc118bca,full_annotation_v1,A,q_공예_02,공방,문화·여가 중 '공예'를 판매·제공하는 매장,val,공예,T2 동의어,003d5df8-0856-45e0-a11e-5098cf70541e,앨리스리본&공방,"공방, 잡화",봉화내성시장,전통시장,경상북도,,,
a721e14f00ddefcccaac,full_annotation_v1,A,q_공예_02,공방,문화·여가 중 '공예'를 판매·제공하는 매장,val,공예,T2 동의어,4c225c41-7ef0-4a48-981e-ee878a0ba5b4,손그림공방,공방,경산중앙로상점가,자율상권구역,경상북도,,,
0e60497cbab0eea0fb30,full_annotation_v1,A,q_공예_02,공방,문화·여가 중 '공예'를 판매·제공하는 매장,val,공예,T2 동의어,69b973b7-23c8-4794-a734-8995aaad5597,메리공방,공방,월산상가 골목형 상점가,골목형상점가,충청남도,,,
33d915b2cb30b80d3e9f,full_annotation_v1,A,q_공예_02,공방,문화·여가 중 '공예'를 판매·제공하는 매장,val,공예,T2 동의어,ffbbfcb5-36e4-415a-a91c-86f5effdbbac,꼼지락공방,공방,세아프라자상가(동두천세아상가시장),전통시장,경기도,,,
87e3b1158790250db33f,full_annotation_v1,A,q_공예_02,공방,문화·여가 중 '공예'를 판매·제공하는 매장,val,공예,T2 동의어,01a0bb9d-a1c3-427c-8c4b-2fb13171253a,우물옆그집,커피음료쿠키기념품,개항희망문화상권 상권활성화구역,상권활성화구역,인천광역시,,,
c2aa031cf228ac770ff1,full_annotation_v1,A,q_공예_02,공방,문화·여가 중 '공예'를 판매·제공하는 매장,val,공예,T2 동의어,5104674b-e345-454e-94ad-760bb8635dde,나래정보통신,통신기기,월드상가골목형상점가,골목형상점가,인천광역시,,,
51f47cd4e925800fe43d,full_annotation_v1,A,q_공예_02,공방,문화·여가 중 '공예'를 판매·제공하는 매장,val,공예,T2 동의어,1ca60dc0-38d0-49d7-8bdb-160b86a48635,로사,공방,중앙로상점가,자율상권구역,제주특별자치도,,,
8d491a38af8ac5e0f6e7,full_annotation_v1,A,q_공예_02,공방,문화·여가 중 '공예'를 판매·제공하는 매장,val,공예,T2 동의어,49a01ef8-f5c2-4abb-843e-c4b6d0e9ddb8,가죽자파리,공방,서문공설시장,전통시장,제주특별자치도,,,
2e7534c24841d45a335c,full_annotation_v1,A,q_공예_02,공방,문화·여가 중 '공예'를 판매·제공하는 매장,val,공예,T2 동의어,019d27d7-ed5d-4bc6-aee7-3162cf2c7d3e,탑키드,공예부자재,동대문문구완구거리,자율상권구역,서울특별시,,,
2332d1cb2848e379a789,full_annotation_v1,A,q_공예_02,공방,문화·여가 중 '공예'를 판매·제공하는 매장,val,공예,T2 동의어,c884f137-815a-4b8a-b16b-07a3f1861fb2,요담엔,공방,오월첫동네 골목형상점가,골목형상점가,광주광역시,,,
befbe5acd39e4d3a235e,full_annotation_v1,A,q_공예_02,공방,문화·여가 중 '공예'를 판매·제공하는 매장,val,공예,T2 동의어,3b921e52-fcc2-4bb1-beba-6fa3649a1ae2,포슬린페인팅아트스쿨,공방,송도 아트포레 판매시설 골목형상점가,골목형상점가,인천광역시,,,
e479897e1815141cf8ed,full_annotation_v1,A,q_공예_02,공방,문화·여가 중 '공예'를 판매·제공하는 매장,val,공예,T2 동의어,016791a8-1d36-407c-be53-a8bf1f7d6f98,눈데이썬(NOONDAY SUN,예술공방공예품,천안역지하상가,일반지하상점가,충청남도,,,
a8c8004fa5b0105d7651,full_annotation_v1,A,q_공예_02,공방,문화·여가 중 '공예'를 판매·제공하는 매장,val,공예,T2 동의어,75f0976b-a3f7-468e-9333-8b009e274856,작품한땀,공방,금당산길상인회 골목형상점가,골목형상점가,광주광역시,,,
00240fd72c660011fae0,full_annotation_v1,A,q_공예_02,공방,문화·여가 중 '공예'를 판매·제공하는 매장,val,공예,T2 동의어,4a0d8a9a-83bd-4c83-b657-e49c221fba51,민승기공방,공방,예스파크 상점가,자율상권구역,경기도,,,
e98503f57507ddc21dca,full_annotation_v1,A,q_공예_02,공방,문화·여가 중 '공예'를 판매·제공하는 매장,val,공예,T2 동의어,e9e20731-33a0-4875-8349-74a6bf8ec5a5,도란도란공방,공방,동래시장,전통시장,부산광역시,,,
c606f9c1bc41cfa8369d,full_annotation_v1,A,q_공예_02,공방,문화·여가 중 '공예'를 판매·제공하는 매장,val,공예,T2 동의어,b7b6dc2b-2cbc-45d2-8185-acdc73ba8108,앨리스,공방,광양시장골목형상점가,골목형상점가,제주특별자치도,,,
f43cd817629e1419f520,full_annotation_v1,A,q_공예_02,공방,문화·여가 중 '공예'를 판매·제공하는 매장,val,공예,T2 동의어,ff6bc585-8f5c-49d3-9b26-2c5ed4d9c86b,또임이의햇살드는창가,공방,명덕마을 골목형상점가,골목형상점가,울산광역시,,,
990b4d2d032ff9b86eba,full_annotation_v1,A,q_공예_02,공방,문화·여가 중 '공예'를 판매·제공하는 매장,val,공예,T2 동의어,9a3ffaa8-c407-4929-8d02-b783f49034b7,신황제해물짬뽕,,솔매사랑길 골목형상점가,골목형상점가,서울특별시,,,
e2ddc7a49cb92683a064,full_annotation_v1,A,q_공예_02,공방,문화·여가 중 '공예'를 판매·제공하는 매장,val,공예,T2 동의어,0a66a7fc-3a7b-4f93-b364-fc8b98b96d50,엄사스포츠,"스포츠용품, 기념품",엄사 골목형상점가,골목형상점가,충청남도,,,
55885d9a02b98d32cdf9,full_annotation_v1,A,q_공예_02,공방,문화·여가 중 '공예'를 판매·제공하는 매장,val,공예,T2 동의어,f03b6c13-89bd-4a57-8ebf-5617ff76c940,현대꽃수족관,생화,월정로시장,기타,서울특별시,,,
5eb76236637b5449d848,full_annotation_v1,A,q_공예_02,공방,문화·여가 중 '공예'를 판매·제공하는 매장,val,공예,T2 동의어,2263a8b5-9011-4c9b-a550-60c3816a79dd,쏭 동전노래연습장,노래연습장,안동시옥동 골목형상점가,골목형상점가,경상북도,,,
1dbb9eb636ae0f1ac080,full_annotation_v1,A,q_공예_02,공방,문화·여가 중 '공예'를 판매·제공하는 매장,val,공예,T2 동의어,d4483f86-9eac-42df-a467-2a7f511ebd57,복공방,공방,군산공설시장,전통시장,전북특별자치도,,,
8eb90b7e1346a06e9281,full_annotation_v1,A,q_공예_02,공방,문화·여가 중 '공예'를 판매·제공하는 매장,val,공예,T2 동의어,05c601de-f626-410c-adee-b08537ab3042,버치크래프트 코리아,관광민예품 및 장식용품 관광기념품,강릉성남시장,전통시장,강원특별자치도,,,
5766361edc3416bd5b36,full_annotation_v1,A,q_공예_02,공방,문화·여가 중 '공예'를 판매·제공하는 매장,val,공예,T2 동의어,752394f2-60bb-4903-b2df-fd8224631afb,단아소보농업회사법인,농산물,단양구경시장(단양인정시장),전통시장,충청북도,,,
038cd9ac2db49f31f3e2,full_annotation_v1,A,q_공예_02,공방,문화·여가 중 '공예'를 판매·제공하는 매장,val,공예,T2 동의어,825f3a22-0385-4ca5-bed2-58cf570346fd,두드림공방,공방,순천문화의거리 금꽃예술촌,자율상권구역,전라남도,,,
6ddb086f36d755100d0e,full_annotation_v1,A,q_공예_02,공방,문화·여가 중 '공예'를 판매·제공하는 매장,val,공예,T2 동의어,4b8ea17c-be61-4a3a-accc-7ad637cf8a48,다온공방,공방,제민천 골목형상점가,골목형상점가,충청남도,,,
18d4dd743065d374b670,full_annotation_v1,A,q_공예_02,공방,문화·여가 중 '공예'를 판매·제공하는 매장,val,공예,T2 동의어,acc3edb2-bc33-42fa-a2b5-e516a7f5e353,영자네곱창,,솔매사랑길 골목형상점가,골목형상점가,서울특별시,,,
d1946a1905a0415fc063,full_annotation_v1,A,q_공예_02,공방,문화·여가 중 '공예'를 판매·제공하는 매장,val,공예,T2 동의어,4d86361d-47de-4414-b3ef-7a2a02d16bfd,단단,공방,증산종합시장,전통시장,서울특별시,,,
6cff070530c0956f94dc,full_annotation_v1,A,q_공예_02,공방,문화·여가 중 '공예'를 판매·제공하는 매장,val,공예,T2 동의어,8be444db-7fc1-431c-a042-1042571ad38a,예인공방,공방,신창진흥 골목형상점가,골목형상점가,광주광역시,,,
a2c4895d51f1b2dcdf4b,full_annotation_v1,A,q_공예_02,공방,문화·여가 중 '공예'를 판매·제공하는 매장,val,공예,T2 동의어,5a5bebf1-2fc0-4165-ae11-f78d836c935a,본아트,공방,임방울거리3구역 골목형상점가,골목형상점가,광주광역시,,,
c69e76ba1e7a0aa39066,full_annotation_v1,A,q_공예_02,공방,문화·여가 중 '공예'를 판매·제공하는 매장,val,공예,T2 동의어,61e5fe19-ae56-4c90-a061-35a0f817be5b,미샤아울렛서산점,,서산시장길 골목형상점가,골목형상점가,충청남도,,,
fa0b95f0ac58c78f8817,full_annotation_v1,A,q_공예_02,공방,문화·여가 중 '공예'를 판매·제공하는 매장,val,공예,T2 동의어,a114c7ac-8df1-4b6c-8d03-82ed92aa6d65,다다다소잉스튜디오,공방,망원동월드컵시장,전통시장,서울특별시,,,
1ddb0fc281c1068b602b,full_annotation_v1,A,q_공예_02,공방,문화·여가 중 '공예'를 판매·제공하는 매장,val,공예,T2 동의어,6f03c13c-bd2e-4ac2-85dc-d48802b7c9c6,해이데이 공방,공방,문화의거리 상점가,자율상권구역,울산광역시,,,
784d4b0b3ad3e0200a98,full_annotation_v1,A,q_공예_02,공방,문화·여가 중 '공예'를 판매·제공하는 매장,val,공예,T2 동의어,4cc56f8b-616a-4606-b22a-e83855feb0ee,묘원공예갤러리,공방,마산 부림시장,전통시장,경상남도,,,
e03b3fe8771d9de5832f,full_annotation_v1,A,q_공예_02,공방,문화·여가 중 '공예'를 판매·제공하는 매장,val,공예,T2 동의어,286ae918-a755-4196-b02d-6311c73d7e36,토토공방,도자기 공방,상무중앙로46구역상인회 골목형상점가,골목형상점가,광주광역시,,,
e2be48744ec0cee0bc2a,full_annotation_v1,A,q_공예_02,공방,문화·여가 중 '공예'를 판매·제공하는 매장,val,공예,T2 동의어,256398a5-2d08-4fb9-823d-8ba966ef891b,리베쥬드레스,공방,두암2동참판골 골목형상점가,골목형상점가,광주광역시,,,
18a6e5d21c1f143af2f6,full_annotation_v1,A,q_공예_02,공방,문화·여가 중 '공예'를 판매·제공하는 매장,val,공예,T2 동의어,0aae4585-5820-472c-a819-bfbb3faca317,감천문화마을 소행성 비612 기념품숍,"기념품, 공예품",감천문화마을 골목형상점가,골목형상점가,부산광역시,,,
ab3757de74db940ae2cf,full_annotation_v1,A,q_공예_02,공방,문화·여가 중 '공예'를 판매·제공하는 매장,val,공예,T2 동의어,0193006c-a04d-4bd7-8ce5-791c5497fe3a,드림크래프트,"액자제작, 공예재료",북동 골목형상점가,골목형상점가,광주광역시,,,
c0267c0f5f1458002152,full_annotation_v1,A,q_공예_02,공방,문화·여가 중 '공예'를 판매·제공하는 매장,val,공예,T2 동의어,c9d3728f-aa4b-472b-8a75-2357e82c3e62,온누크래프트,공방,충주관아골상가,전통시장,충청북도,,,
a7b92bb260c5e799afae,full_annotation_v1,A,q_공예_02,공방,문화·여가 중 '공예'를 판매·제공하는 매장,val,공예,T2 동의어,d135cc3d-e9cd-46f0-a56c-ae32e622ff90,보다세라믹스튜디오,공방,영동전통시장,전통시장,서울특별시,,,
08f635def18afae76554,full_annotation_v1,A,q_공예_02,공방,문화·여가 중 '공예'를 판매·제공하는 매장,val,공예,T2 동의어,0607a1be-785f-4ff8-a429-3cece4493cca,마마스핸즈 세종한솔공방,,한솔센터 골목형상점가,골목형상점가,세종특별자치시,,,
808d99b9195ed54fd6bf,full_annotation_v1,A,q_공예_02,공방,문화·여가 중 '공예'를 판매·제공하는 매장,val,공예,T2 동의어,96c398f0-08a9-4f74-b892-908df5f7e8b3,꽃바늘,공방,구미형곡시장프라자,전통시장,경상북도,,,
cc7ae2034eae2278e7be,full_annotation_v1,A,q_공예_02,공방,문화·여가 중 '공예'를 판매·제공하는 매장,val,공예,T2 동의어,00a8e75c-0d18-48db-9f9b-42f8ced936b8,미다리본,공예품,구미형곡시장프라자,전통시장,경상북도,,,
cccb54511c979fac7977,full_annotation_v1,A,q_공예_02,공방,문화·여가 중 '공예'를 판매·제공하는 매장,val,공예,T2 동의어,647a22e6-0bdf-4dab-9e51-077e53965e2c,한올공방,공방,대왕암 월봉시장,전통시장,울산광역시,,,
a73da8bc1f84884e20f9,full_annotation_v1,A,q_공예_02,공방,문화·여가 중 '공예'를 판매·제공하는 매장,val,공예,T2 동의어,22ea6f56-810d-462b-b4d6-7b325e6cd9cd,댄디라인,가죽제품,서부시장(서부재래시장),전통시장,충청남도,,,
cebb249cdf53e9e87b68,full_annotation_v1,A,q_공예_02,공방,문화·여가 중 '공예'를 판매·제공하는 매장,val,공예,T2 동의어,53695a72-6fc1-4a56-9a15-b44842ff9b11,랄라아트클래스,공방,과천새서울프라자시장,전통시장,경기도,,,
fc65dcb13c8a5bb4800f,full_annotation_v1,A,q_공예_02,공방,문화·여가 중 '공예'를 판매·제공하는 매장,val,공예,T2 동의어,fc6c4003-14fe-4889-96ed-68521d87ce0e,아랑화실,공방,사기막골도자기시장(구 사기막골도예촌재래시장),전통시장,경기도,,,
50a09fcbcbb592a0c161,full_annotation_v1,A,q_공예_02,공방,문화·여가 중 '공예'를 판매·제공하는 매장,val,공예,T2 동의어,03f3c2e2-de36-4c1f-a497-cbcc7dd014d0,크래프트 스튜디오 88,은 장신구 및 은 공예품,빛고을공예창작촌 골목형상점가,골목형상점가,광주광역시,,,
e42f32374171a803718a,full_annotation_v1,A,q_공예_02,공방,문화·여가 중 '공예'를 판매·제공하는 매장,val,공예,T2 동의어,02a3b9f3-83e8-44d2-bc4b-4b2c25796b3d,서현 크래프트,수공예품,예술의거리 골목형상점가,골목형상점가,광주광역시,,,
c28c527c828b1fcd0bff,full_annotation_v1,A,q_공예_02,공방,문화·여가 중 '공예'를 판매·제공하는 매장,val,공예,T2 동의어,04835808-77c7-4465-89b2-7033f3d66b88,홍 스트링 공방(홍 스포츠),,양산 물금백호마을 골목형상점가,골목형상점가,경상남도,,,
dc6a690e7fa170d12285,full_annotation_v1,A,q_공예_02,공방,문화·여가 중 '공예'를 판매·제공하는 매장,val,공예,T2 동의어,dabd06a7-f4d2-44a4-b0ad-a4cae4431aa5,라라공방,공방,군산 원도심 골목형상점가,골목형상점가,전북특별자치도,,,
7b8001516b16a92d04cd,full_annotation_v1,A,q_공예_02,공방,문화·여가 중 '공예'를 판매·제공하는 매장,val,공예,T2 동의어,8025bd52-26a6-4cbf-a521-41b4f2a6216a,드로잉룸2.5,,왕도심 골목형상점가,골목형상점가,충청남도,,,
09abbb37e24d5d2ba91f,full_annotation_v1,A,q_공예_02,공방,문화·여가 중 '공예'를 판매·제공하는 매장,val,공예,T2 동의어,683a0aaf-5d8a-4e70-8613-f41741b0644a,퀼트로제,공방,선스포츠프라자,전통시장,대구광역시,,,
7f60d9414c669f10d2e1,full_annotation_v1,A,q_공예_02,공방,문화·여가 중 '공예'를 판매·제공하는 매장,val,공예,T2 동의어,92556999-b0fd-41e6-8e91-35c70feac78a,토몽,공방,예스파크 상점가,자율상권구역,경기도,,,
b2d572315b9395d22593,full_annotation_v1,A,q_공예_02,공방,문화·여가 중 '공예'를 판매·제공하는 매장,val,공예,T2 동의어,3a507a66-65c0-4a20-aa30-a6be10e0888a,바느질공방마루,공방,순천문화의거리 금꽃예술촌,자율상권구역,전라남도,,,
b22ab1fc25950489081a,full_annotation_v1,A,q_공예_02,공방,문화·여가 중 '공예'를 판매·제공하는 매장,val,공예,T2 동의어,19ad7c14-7251-43be-a457-e4c1f7b94ec6,행운건강원,"건강식품가공, 판매",전의왕의물시장(전의전통시장),전통시장,세종특별자치시,,,
68201a20931078e77520,full_annotation_v1,A,q_공예_02,공방,문화·여가 중 '공예'를 판매·제공하는 매장,val,공예,T2 동의어,bb49b066-8411-403f-999c-c668fd69c932,대대토건,공방,중앙어울림시장(구 중앙공설시장),전통시장,충청북도,,,
9ce96701bad1f4b8db0f,full_annotation_v1,A,q_공예_02,공방,문화·여가 중 '공예'를 판매·제공하는 매장,val,공예,T2 동의어,338b9d8a-623c-46bd-8dd6-3091b3a1f40e,한국예술공예회,공방,남대문로 지하도상가,일반지하상점가,서울특별시,,,
ca2cc864daa6302f1495,full_annotation_v1,A,q_공예_02,공방,문화·여가 중 '공예'를 판매·제공하는 매장,val,공예,T2 동의어,b266eea7-cce2-4b28-9bbd-2a5699ebea11,서현공방,공방,마산 부림시장,전통시장,경상남도,,,
6b346ba29ad9459852f1,full_annotation_v1,A,q_공예_02,공방,문화·여가 중 '공예'를 판매·제공하는 매장,val,공예,T2 동의어,cf5bf583-5b12-40c0-9b41-b0ad783b17fa,낭만포차,음식점,탁옥로 골목형상점가,골목형상점가,인천광역시,,,
ddd6ecb7de99edc1efb8,full_annotation_v1,A,q_공예_02,공방,문화·여가 중 '공예'를 판매·제공하는 매장,val,공예,T2 동의어,62eff91e-6bb7-454b-b902-3f21cb32d95f,뜨개놀이터,공방,도남시장,전통시장,제주특별자치도,,,
8a9c11ad82380343ce68,full_annotation_v1,A,q_공예_02,공방,문화·여가 중 '공예'를 판매·제공하는 매장,val,공예,T2 동의어,9476da6d-685f-4d5a-85e8-e9f2eba1dad8,자매공방,공방,유동 경열로 골목형상점가,골목형상점가,광주광역시,,,
b127c2274d68c37d9d10,full_annotation_v1,A,q_공예_02,공방,문화·여가 중 '공예'를 판매·제공하는 매장,val,공예,T2 동의어,c2ca7cf5-aff9-4715-a401-8c192c8d91f5,레이져공방 새김,공방,홍대소상공인 상점가,자율상권구역,서울특별시,,,
d97788f22136ed8211ce,full_annotation_v1,A,q_공예_02,공방,문화·여가 중 '공예'를 판매·제공하는 매장,val,공예,T2 동의어,0a357b62-4c2e-456c-a5c3-e626d87f7939,플로체디자인랩(그린스미스),기념품 화분 인테리어소품 생화 분화,도란도란 골목형상점가,골목형상점가,전북특별자치도,,,
3534158e2b90370b6281,full_annotation_v1,A,q_공예_02,공방,문화·여가 중 '공예'를 판매·제공하는 매장,val,공예,T2 동의어,e15594db-6d7d-49f8-a3b4-89872d84803d,레더하루,공방,삼각동 골목형상점가,골목형상점가,광주광역시,,,
4729ac9d531b778325a8,full_annotation_v1,A,q_공예_02,공방,문화·여가 중 '공예'를 판매·제공하는 매장,val,공예,T2 동의어,02a0c412-f0ae-4a4f-b716-75605cdcb533,"현대종합가구,해일공방",,장흥시장 골목형상점가,골목형상점가,,,,
f45b64c29e8ba955d289,full_annotation_v1,A,q_공예_02,공방,문화·여가 중 '공예'를 판매·제공하는 매장,val,공예,T2 동의어,04baede5-1cb5-421b-ae51-c42ae1e347e0,베데레vedere,가죽제품,송정벚꽃골목형상점가,골목형상점가,서울특별시,,,
a716e78964936463df8c,full_annotation_v1,A,q_공예_03,공예품,문화·여가 중 '공예'를 판매·제공하는 매장,val,공예,T2 동의어,06959709-fec7-4197-a9aa-65b026ac2b30,가죽공예,공예품,무주반딧불상권활성화구역,상권활성화구역,전북특별자치도,,,
7c49d593ffe121ca0901,full_annotation_v1,A,q_공예_03,공예품,문화·여가 중 '공예'를 판매·제공하는 매장,val,공예,T2 동의어,9ed70cee-7b03-4959-931d-86653110ccf8,육쌈냉면,한식,산본로데오거리(구 산본중심상가),자율상권구역,경기도,,,
3747e3dc674ae3e02e4c,full_annotation_v1,A,q_공예_03,공예품,문화·여가 중 '공예'를 판매·제공하는 매장,val,공예,T2 동의어,a3496307-c684-4521-aecc-159552c5b81d,카페여유,커피,송탄관광특구 골목형상점가,골목형상점가,경기도,,,
16bfc015068d41be9ea2,full_annotation_v1,A,q_공예_03,공예품,문화·여가 중 '공예'를 판매·제공하는 매장,val,공예,T2 동의어,c340de43-7dce-4143-9153-4f091aab0d5c,귀금양행,공예품,사강시장,전통시장,경기도,,,
612b5b1eb3108163ac4d,full_annotation_v1,A,q_공예_03,공예품,문화·여가 중 '공예'를 판매·제공하는 매장,val,공예,T2 동의어,eb54f27a-1d91-41b4-9147-4af084f16f67,태종상회,공예품,불국상가시장,전통시장,경상북도,,,
a46e07f6973c54bc3582,full_annotation_v1,A,q_공예_03,공예품,문화·여가 중 '공예'를 판매·제공하는 매장,val,공예,T2 동의어,19ad7c14-7251-43be-a457-e4c1f7b94ec6,행운건강원,"건강식품가공, 판매",전의왕의물시장(전의전통시장),전통시장,세종특별자치시,,,
f56d957fd83819f15d24,full_annotation_v1,A,q_공예_03,공예품,문화·여가 중 '공예'를 판매·제공하는 매장,val,공예,T2 동의어,9fdd3293-43a8-456d-a65e-227cf7f2a0dd,꽃길만,공예품,서문공설시장,전통시장,제주특별자치도,,,
5ec90031bc58b70c0e7c,full_annotation_v1,A,q_공예_03,공예품,문화·여가 중 '공예'를 판매·제공하는 매장,val,공예,T2 동의어,c9fcb61f-406f-433e-a898-972203c5bade,내가좋아하는,공예품,진주 중앙지하도상가,일반지하상점가,경상남도,,,
aa09de78642d36e6c744,full_annotation_v1,A,q_공예_03,공예품,문화·여가 중 '공예'를 판매·제공하는 매장,val,공예,T2 동의어,417e30bf-2817-4bc6-b715-b9ffd7080dfa,한국타이어광주총판,타이어,설죽로 패션의거리 골목형상점가,골목형상점가,광주광역시,,,
00c144bd7fb61ebeea20,full_annotation_v1,A,q_공예_03,공예품,문화·여가 중 '공예'를 판매·제공하는 매장,val,공예,T2 동의어,03f3c2e2-de36-4c1f-a497-cbcc7dd014d0,크래프트 스튜디오 88,은 장신구 및 은 공예품,빛고을공예창작촌 골목형상점가,골목형상점가,광주광역시,,,
60da1da99e8b3ab34691,full_annotation_v1,A,q_공예_03,공예품,문화·여가 중 '공예'를 판매·제공하는 매장,val,공예,T2 동의어,bfd54941-7bc3-4d22-9969-c559d59f244a,아름다운수공예秀,공예품,순천문화의거리 금꽃예술촌,자율상권구역,,,,
6a292a6b77d56b5ab419,full_annotation_v1,A,q_공예_03,공예품,문화·여가 중 '공예'를 판매·제공하는 매장,val,공예,T2 동의어,300e8d21-a9a9-4950-aa90-457d9e637c70,혜숙야채,농수산물,평택통복시장,전통시장,경기도,,,
8cb280f1bf6174419a4a,full_annotation_v1,A,q_공예_03,공예품,문화·여가 중 '공예'를 판매·제공하는 매장,val,공예,T2 동의어,0193006c-a04d-4bd7-8ce5-791c5497fe3a,드림크래프트,"액자제작, 공예재료",북동 골목형상점가,골목형상점가,광주광역시,,,
eafbcf5bee39db9cf8b7,full_annotation_v1,A,q_공예_03,공예품,문화·여가 중 '공예'를 판매·제공하는 매장,val,공예,T2 동의어,e4591f45-37f5-450a-8079-cc13b5d9fdf0,공덕불교사,공예품,제천중앙시장,전통시장,충청북도,,,
e4b7f9efce21cea7e99c,full_annotation_v1,A,q_공예_03,공예품,문화·여가 중 '공예'를 판매·제공하는 매장,val,공예,T2 동의어,14182ca2-57f6-4474-bf66-e2261a31b1dd,동영 온라인점,전제제품,장량성도시장,전통시장,경상북도,,,
1e1d969ab64ab0610324,full_annotation_v1,A,q_공예_03,공예품,문화·여가 중 '공예'를 판매·제공하는 매장,val,공예,T2 동의어,2167a1a4-f8e0-4dce-b7ab-00ee46733450,연공방,공예품,마산 부림시장,전통시장,경상남도,,,
165bb92ce17a762a10ed,full_annotation_v1,A,q_공예_03,공예품,문화·여가 중 '공예'를 판매·제공하는 매장,val,공예,T2 동의어,18f5a8e1-a79a-4e62-9347-b93bbb5d4e4f,모디미,공예품,김해 동상전통시장,전통시장,경상남도,,,
bc81fdd7b7129a17c501,full_annotation_v1,A,q_공예_03,공예품,문화·여가 중 '공예'를 판매·제공하는 매장,val,공예,T2 동의어,225c0500-61ce-476e-8e76-42815cd9e9c6,부따공방카페,공예품,불국상가시장,전통시장,경상북도,,,
439e3955a6d13518e2ef,full_annotation_v1,A,q_공예_03,공예품,문화·여가 중 '공예'를 판매·제공하는 매장,val,공예,T2 동의어,84b7643f-7c93-4aeb-81da-909eab7c2024,공방소소,공예품,전주한옥마을 골목형상점가,골목형상점가,전북특별자치도,,,
0a77e5dbe62ca08e6f9b,full_annotation_v1,A,q_공예_03,공예품,문화·여가 중 '공예'를 판매·제공하는 매장,val,공예,T2 동의어,003d5df8-0856-45e0-a11e-5098cf70541e,앨리스리본&공방,"공방, 잡화",봉화내성시장,전통시장,경상북도,,,
d4a56428c1a7b549cb3c,full_annotation_v1,A,q_공예_03,공예품,문화·여가 중 '공예'를 판매·제공하는 매장,val,공예,T2 동의어,05c601de-f626-410c-adee-b08537ab3042,버치크래프트 코리아,관광민예품 및 장식용품 관광기념품,강릉성남시장,전통시장,강원특별자치도,,,
86d75c816aa96ab265a3,full_annotation_v1,A,q_공예_03,공예품,문화·여가 중 '공예'를 판매·제공하는 매장,val,공예,T2 동의어,55c32db2-9cb7-46ee-bc42-659be2831943,그리미지,공예품,전주교대 골목형상점가,골목형상점가,전북특별자치도,,,
affecf131616643ea4b4,full_annotation_v1,A,q_공예_03,공예품,문화·여가 중 '공예'를 판매·제공하는 매장,val,공예,T2 동의어,72415fde-3593-42ef-ae78-57f87c51e1c7,청실홍실수예점,공예품,㈜여수서시장,전통시장,전라남도,,,
5d5eec1da4332bd97146,full_annotation_v1,A,q_공예_03,공예품,문화·여가 중 '공예'를 판매·제공하는 매장,val,공예,T2 동의어,431e83ea-d764-4102-aa52-5b992b844122,남주공방,공예품,문화의거리 상점가,자율상권구역,울산광역시,,,
6f4d40656d57edb0ef49,full_annotation_v1,A,q_공예_03,공예품,문화·여가 중 '공예'를 판매·제공하는 매장,val,공예,T2 동의어,d9d96ddd-f30c-4b84-9648-8c3da32a839d,대한공예사,공예품,익산북부시장,전통시장,전북특별자치도,,,
d7e000087892e3d2674d,full_annotation_v1,A,q_공예_03,공예품,문화·여가 중 '공예'를 판매·제공하는 매장,val,공예,T2 동의어,02a3b9f3-83e8-44d2-bc4b-4b2c25796b3d,서현 크래프트,수공예품,예술의거리 골목형상점가,골목형상점가,광주광역시,,,
1c7b7e47796df270296a,full_annotation_v1,A,q_공예_03,공예품,문화·여가 중 '공예'를 판매·제공하는 매장,val,공예,T2 동의어,69992252-4d67-45f4-a029-f8c55e18760d,젬포스,공예품,남대문시장,전통시장,서울특별시,,,
c4f3d798582468e397ee,full_annotation_v1,A,q_공예_03,공예품,문화·여가 중 '공예'를 판매·제공하는 매장,val,공예,T2 동의어,9e7fbb21-5853-4ae6-881b-d17fd8cbe7b1,빈야드 필라테스,필라테스,화개 상인회 골목형상점가,골목형상점가,광주광역시,,,
efe1ca5a444aa8aaa0c2,full_annotation_v1,A,q_공예_03,공예품,문화·여가 중 '공예'를 판매·제공하는 매장,val,공예,T2 동의어,5b2fd7d2-75ce-4f1d-914a-419303fd1535,인천핸드메이드라온센터,공예품,토지금고시장,전통시장,인천광역시,,,
cbe3c3c36426617840e1,full_annotation_v1,A,q_공예_03,공예품,문화·여가 중 '공예'를 판매·제공하는 매장,val,공예,T2 동의어,f02fffeb-8d01-4cc0-836b-ef52cc0b22bd,토탈상사,공예품,오산오색시장(구 오산중앙시장),전통시장,경기도,,,
808beacf249e8c73c0a3,full_annotation_v1,A,q_공예_03,공예품,문화·여가 중 '공예'를 판매·제공하는 매장,val,공예,T2 동의어,0a66a7fc-3a7b-4f93-b364-fc8b98b96d50,엄사스포츠,"스포츠용품, 기념품",엄사 골목형상점가,골목형상점가,충청남도,,,
61f5b6e26bdfd5d7876e,full_annotation_v1,A,q_공예_03,공예품,문화·여가 중 '공예'를 판매·제공하는 매장,val,공예,T2 동의어,500fe3be-bb2b-4be8-b0b2-97ad64eddde0,두공,공예품,신정평화시장,전통시장,울산광역시,,,
be293b607fb08508a885,full_annotation_v1,A,q_공예_03,공예품,문화·여가 중 '공예'를 판매·제공하는 매장,val,공예,T2 동의어,d5a4cf83-f672-40c2-a553-15dd1f422110,신기루상점,공예품,속초중앙전통시장,전통시장,강원특별자치도,,,
55d9b16063197dcda3e3,full_annotation_v1,A,q_공예_03,공예품,문화·여가 중 '공예'를 판매·제공하는 매장,val,공예,T2 동의어,4b6491d6-7d66-40be-a535-2184a563ab41,알라딘,,안양일번가 지하쇼핑몰,일반지하상점가,경기도,,,
f780aee228c3434c2ed1,full_annotation_v1,A,q_공예_03,공예품,문화·여가 중 '공예'를 판매·제공하는 매장,val,공예,T2 동의어,1224addb-6518-4f08-8235-6fd7c8d4fdab,예인공예,공예품,원주미로예술중앙시장(원주중앙시장),전통시장,강원특별자치도,,,
5d72bacb80eef426c584,full_annotation_v1,A,q_공예_03,공예품,문화·여가 중 '공예'를 판매·제공하는 매장,val,공예,T2 동의어,cb809876-e7b4-4f26-ac3b-702b36dfcba8,아당,공예품 외,안동구시장,전통시장,경상북도,,,
f4757bb5a45b4d8bc459,full_annotation_v1,A,q_공예_03,공예품,문화·여가 중 '공예'를 판매·제공하는 매장,val,공예,T2 동의어,980733d2-1f4a-4ced-8aa0-64f904da76b4,태백로가디스,의류,태백마루 자율상권,,강원특별자치도,,,
ceb68076f9e101423200,full_annotation_v1,A,q_공예_03,공예품,문화·여가 중 '공예'를 판매·제공하는 매장,val,공예,T2 동의어,71443d88-2852-4c5d-ace3-19d37c17716d,봄라탄,공예품,오케이 양산동 골목형상점가,골목형상점가,광주광역시,,,
3dba55eab6ef1d1b7f25,full_annotation_v1,A,q_공예_03,공예품,문화·여가 중 '공예'를 판매·제공하는 매장,val,공예,T2 동의어,04baede5-1cb5-421b-ae51-c42ae1e347e0,베데레vedere,가죽제품,송정벚꽃골목형상점가,골목형상점가,서울특별시,,,
3ea588f2ec0a06815fb3,full_annotation_v1,A,q_공예_03,공예품,문화·여가 중 '공예'를 판매·제공하는 매장,val,공예,T2 동의어,328ce010-10a0-41c7-9d9a-1015ba14a913,"종합가구점 , 공예품","가구, 공예품",신천지시장,전통시장,부산광역시,,,
9846e76ddfe9ed6c1d86,full_annotation_v1,A,q_공예_03,공예품,문화·여가 중 '공예'를 판매·제공하는 매장,val,공예,T2 동의어,244c596a-6147-454a-b441-ad5407ab1ebf,나미띠꽈배기,꽈배기도넛,운암이 골목형상점가,골목형상점가,광주광역시,,,
5200623a95f55e73a2e0,full_annotation_v1,A,q_공예_03,공예품,문화·여가 중 '공예'를 판매·제공하는 매장,val,공예,T2 동의어,2be26e79-7dc5-4198-bd33-057f317a73a7,한라봉캐리커처앤디저트,,칠성로상점가,자율상권구역,제주특별자치도,,,
722d2129ca3d695327db,full_annotation_v1,A,q_공예_03,공예품,문화·여가 중 '공예'를 판매·제공하는 매장,val,공예,T2 동의어,025b097b-3ecb-4738-ab0f-d71bc283e74d,반지점방,공예품 장신구,양림공예거리 골목형상점가,골목형상점가,광주광역시,,,
68a62c6dbb47c5182048,full_annotation_v1,A,q_공예_03,공예품,문화·여가 중 '공예'를 판매·제공하는 매장,val,공예,T2 동의어,dd5006fa-0322-487c-87a5-d3b297d76fa4,성남공예산업협동조합,제조업(공예품) 도소매(공예품),성남중앙지하시장,일반지하상점가,경기도,,,
f74dcfb5775caf31a8b9,full_annotation_v1,A,q_공예_03,공예품,문화·여가 중 '공예'를 판매·제공하는 매장,val,공예,T2 동의어,7ea81ea4-af06-4f31-b3d1-b5bfb7285d6b,전통공예,공예품,부산좌천동가구상가,자율상권구역,부산광역시,,,
2646b413473ab59f7821,full_annotation_v1,A,q_공예_03,공예품,문화·여가 중 '공예'를 판매·제공하는 매장,val,공예,T2 동의어,8e216bc4-a0af-4c74-bebb-189b14a76e4d,엘로사,공예품,북촌계동길골목형상점가,골목형상점가,서울특별시,,,
2cfa843ecb6371785c18,full_annotation_v1,A,q_공예_03,공예품,문화·여가 중 '공예'를 판매·제공하는 매장,val,공예,T2 동의어,016791a8-1d36-407c-be53-a8bf1f7d6f98,눈데이썬(NOONDAY SUN,예술공방공예품,천안역지하상가,일반지하상점가,충청남도,,,
bf9058cddc60dca3b119,full_annotation_v1,A,q_공예_03,공예품,문화·여가 중 '공예'를 판매·제공하는 매장,val,공예,T2 동의어,e21f9154-a888-4cf3-9588-8df20d2bd86a,공방상회,공예품,달서시장,전통시장,대구광역시,,,
c9e81257041275f2c708,full_annotation_v1,A,q_공예_03,공예품,문화·여가 중 '공예'를 판매·제공하는 매장,val,공예,T2 동의어,1b26802c-d486-4f66-9a41-c5eabde3339a,에쓰씨올푸드,한식,성서용산시장,전통시장,대구광역시,,,
c99a5e25774c5bc0e8ec,full_annotation_v1,A,q_공예_03,공예품,문화·여가 중 '공예'를 판매·제공하는 매장,val,공예,T2 동의어,4bfbc682-4df8-4caf-b10a-3a2041b2e6e5,소담공방,공예품,방림로 골목형상점가,골목형상점가,광주광역시,,,
8899ca06f25596620280,full_annotation_v1,A,q_공예_03,공예품,문화·여가 중 '공예'를 판매·제공하는 매장,val,공예,T2 동의어,8efefff1-e838-42b8-9def-0abffdef78c6,자수향기,공예품,창원 성원그랜드쇼핑상가,전통시장,경상남도,,,
692b857ee36e70cc25b7,full_annotation_v1,A,q_공예_03,공예품,문화·여가 중 '공예'를 판매·제공하는 매장,val,공예,T2 동의어,e937cabc-8e0d-4065-a386-3f7de6be6ebc,다솜공방,공예품,마산 부림시장,전통시장,경상남도,,,
c786f74460175ab14eb9,full_annotation_v1,A,q_공예_03,공예품,문화·여가 중 '공예'를 판매·제공하는 매장,val,공예,T2 동의어,a4c2f145-e663-4f9f-9267-4f6b0e6b5a05,아진,공예품,역전지하상가,일반지하상점가,대전광역시,,,
1ddd158939bd57b52f13,full_annotation_v1,A,q_공예_03,공예품,문화·여가 중 '공예'를 판매·제공하는 매장,val,공예,T2 동의어,d7a1a4ef-90a5-4095-b4fb-d342f001355b,이곱착한고기,한식,사당1동 먹자골목 상점가,자율상권구역,서울특별시,,,
e570f19d06c4aa409230,full_annotation_v1,A,q_공예_03,공예품,문화·여가 중 '공예'를 판매·제공하는 매장,val,공예,T2 동의어,37c22f91-33eb-49d1-93bd-904da7f1a163,연미매듭,공예품,제천중앙시장,전통시장,충청북도,,,
6dbd7f67751a998afc32,full_annotation_v1,A,q_공예_03,공예품,문화·여가 중 '공예'를 판매·제공하는 매장,val,공예,T2 동의어,649b6011-ddd4-438d-ba06-f5a36f301b31,까치네,공예품,동원전통종합시장,전통시장,서울특별시,,,
d2233b3116e9b4e0e086,full_annotation_v1,A,q_공예_03,공예품,문화·여가 중 '공예'를 판매·제공하는 매장,val,공예,T2 동의어,b4eebe5f-f3bf-45ab-9614-7909b3ee50b0,아리랑시리랑,공예품,금남지하도상가2공구,일반지하상점가,광주광역시,,,
981d04d0c4ae16b46cc3,full_annotation_v1,A,q_공예_03,공예품,문화·여가 중 '공예'를 판매·제공하는 매장,val,공예,T2 동의어,05d82934-32de-48f2-bbd0-038f8d09fe4f,시즈레더,가죽제품,신창 골목형상점가,골목형상점가,광주광역시,,,
40d9aed38e56b7e98a52,full_annotation_v1,A,q_공예_03,공예품,문화·여가 중 '공예'를 판매·제공하는 매장,val,공예,T2 동의어,0607a1be-785f-4ff8-a429-3cece4493cca,마마스핸즈 세종한솔공방,,한솔센터 골목형상점가,골목형상점가,세종특별자치시,,,
136b494df70509e345cd,full_annotation_v1,A,q_공예_03,공예품,문화·여가 중 '공예'를 판매·제공하는 매장,val,공예,T2 동의어,5c88b4b3-594a-45ae-9985-8cfdeb21f981,청목공예,공예품,하동 화개장터,전통시장,경상남도,,,
07c6c528d38bf4fb59ae,full_annotation_v1,A,q_공예_03,공예품,문화·여가 중 '공예'를 판매·제공하는 매장,val,공예,T2 동의어,8cecfa26-c1dc-4eb9-9f85-55f137518cf9,美미사,공예품,남대문시장,전통시장,서울특별시,,,
d093e4ceeaad6e4ad9ce,full_annotation_v1,A,q_공예_03,공예품,문화·여가 중 '공예'를 판매·제공하는 매장,val,공예,T2 동의어,3eadc04f-19ee-45d1-b831-50f06e532d03,힐링뜨개,공예품,원주자유시장,전통시장,강원특별자치도,,,
9a2ec39ccbe9d0c0378d,full_annotation_v1,A,q_공예_03,공예품,문화·여가 중 '공예'를 판매·제공하는 매장,val,공예,T2 동의어,4ca4b45d-e3cc-4adb-9ec2-d04fbde7a25a,에덴공방,공예품,충장로45가 상점가,자율상권구역,광주광역시,,,
f6c435029a588b9d9e43,full_annotation_v1,A,q_공예_03,공예품,문화·여가 중 '공예'를 판매·제공하는 매장,val,공예,T2 동의어,43cecd98-f23d-45be-b189-c49208410fc0,공설꽃공예,공예품,충주자유시장,전통시장,충청북도,,,
e74a2cfea63a1d44d19c,full_annotation_v1,A,q_공예_03,공예품,문화·여가 중 '공예'를 판매·제공하는 매장,val,공예,T2 동의어,f38c2c67-2579-45aa-aa0f-da7aaf74fa40,다락방아트센터,공예품,북동 골목형상점가,골목형상점가,광주광역시,,,
663489ee8678a3b18a82,full_annotation_v1,A,q_공예_03,공예품,문화·여가 중 '공예'를 판매·제공하는 매장,val,공예,T2 동의어,01a0bb9d-a1c3-427c-8c4b-2fb13171253a,우물옆그집,커피음료쿠키기념품,개항희망문화상권 상권활성화구역,상권활성화구역,인천광역시,,,
a21773063f2add5441b4,full_annotation_v1,A,q_공예_03,공예품,문화·여가 중 '공예'를 판매·제공하는 매장,val,공예,T2 동의어,820234f7-9152-4f15-b785-3ef6f7eb0ae2,밝은눈안경원,안경 및 렌즈,태백마루 자율상권,,강원특별자치도,,,
780d426b9f1b798dbdf6,full_annotation_v1,A,q_공예_03,공예품,문화·여가 중 '공예'를 판매·제공하는 매장,val,공예,T2 동의어,6ef236d2-2cde-4b7b-8097-c6f229ca7b27,새누공방,공예품,백년소상공인,기타,인천광역시,,,
314a67511c58087f0433,full_annotation_v1,A,q_공예_03,공예품,문화·여가 중 '공예'를 판매·제공하는 매장,val,공예,T2 동의어,9c886121-7a10-491f-9483-eee016bfa51b,세라핸즈,공예품,마산 부림시장,전통시장,경상남도,,,
dcd363c12bd0d3169d06,full_annotation_v1,A,q_공예_03,공예품,문화·여가 중 '공예'를 판매·제공하는 매장,val,공예,T2 동의어,ac59613d-6e42-498c-bff9-e5831c049757,오색공방,공예품,순천문화의거리 금꽃예술촌,자율상권구역,전라남도,,,
f0698f2c2fbeab1bd81e,full_annotation_v1,A,q_공예_03,공예품,문화·여가 중 '공예'를 판매·제공하는 매장,val,공예,T2 동의어,aee9a773-efab-48ea-8340-eabf940a02af,끽다연,공예품,국수거리 골목형상점가,골목형상점가,전라남도,,,
7af825dd541d53cfc504,full_annotation_v1,A,q_공예_03,공예품,문화·여가 중 '공예'를 판매·제공하는 매장,val,공예,T2 동의어,32764894-249b-45cc-b438-61317b4f96cc,미래공방,공예품,해남매일시장,전통시장,전라남도,,,
5766651119012f680e51,full_annotation_v1,A,q_공예_03,공예품,문화·여가 중 '공예'를 판매·제공하는 매장,val,공예,T2 동의어,8f9c7377-240c-4d29-82f6-8440c70b5871,나무이야기,공예품,중앙로 지하상가 상점가,일반지하상점가,대전광역시,,,
fb3b02bff4f18b67c312,full_annotation_v1,A,q_공예_03,공예품,문화·여가 중 '공예'를 판매·제공하는 매장,val,공예,T2 동의어,c6e0aa1c-af94-4f54-9656-a6e12791403b,프레쉬푸드마켓,,송정청춘 골목형상점가,골목형상점가,울산광역시,,,
a546d2493c244749a8b9,full_annotation_v1,A,q_공예_03,공예품,문화·여가 중 '공예'를 판매·제공하는 매장,val,공예,T2 동의어,4b3c3f44-493e-4505-8762-fe5f9f8f3683,소년공방,공예품,"지웰시티몰 1,2단지 골목형상점가",골목형상점가,충청남도,,,
7841f718eec238cc676b,full_annotation_v1,A,q_공예_03,공예품,문화·여가 중 '공예'를 판매·제공하는 매장,val,공예,T2 동의어,c4d543b0-21f2-4b88-b605-673a8bce2d9f,궁중매듭공예,공예품,제천중앙시장,전통시장,충청북도,,,
cbdc218bc43405d248be,full_annotation_v1,A,q_공예_03,공예품,문화·여가 중 '공예'를 판매·제공하는 매장,val,공예,T2 동의어,ad90a05e-a44d-4ebd-9f09-2051bba420d8,한얼공방,공예품,종오지하쇼핑센터,일반지하상점가,서울특별시,,,
4543d8026068da282419,full_annotation_v1,A,q_공예_03,공예품,문화·여가 중 '공예'를 판매·제공하는 매장,val,공예,T2 동의어,8dd53608-c417-411b-bb22-5942ed72e51a,마드모아젤주안점,"의류, 신발",주안시민지하도상점가,일반지하상점가,인천광역시,,,
7dcc706c1555abbd40fb,full_annotation_v1,A,q_공예_03,공예품,문화·여가 중 '공예'를 판매·제공하는 매장,val,공예,T2 동의어,8f5cd5b6-a43b-47e1-b566-c85201f7d1be,동양공예,공예품,동산상가,전통시장,대구광역시,,,
f8ad35ddd8dce13e0c8a,full_annotation_v1,A,q_공예_03,공예품,문화·여가 중 '공예'를 판매·제공하는 매장,val,공예,T2 동의어,c5a81280-1330-488b-b403-ea057b0d8245,펠트돌,공예품,거제 한라프라자,전통시장,경상남도,,,
e35f287f3da2a2e5ef9e,full_annotation_v1,A,q_공예_03,공예품,문화·여가 중 '공예'를 판매·제공하는 매장,val,공예,T2 동의어,1595bb71-38ba-4077-bffc-8fd2e340eae3,마루공예,공예품,고산미소시장(고산시장),전통시장,전북특별자치도,,,
63159c68df847a4a43a4,full_annotation_v1,A,q_공예_03,공예품,문화·여가 중 '공예'를 판매·제공하는 매장,val,공예,T2 동의어,00a8e75c-0d18-48db-9f9b-42f8ced936b8,미다리본,공예품,구미형곡시장프라자,전통시장,경상북도,,,
2936dbb400c4be896951,full_annotation_v1,A,q_공예_03,공예품,문화·여가 중 '공예'를 판매·제공하는 매장,val,공예,T2 동의어,ba568810-133b-4a0f-8ed3-c250b8783a80,한지공예,공예품,1913송정역시장,전통시장,광주광역시,,,
437fac4182c4cde6f664,full_annotation_v1,A,q_공예_03,공예품,문화·여가 중 '공예'를 판매·제공하는 매장,val,공예,T2 동의어,0a357b62-4c2e-456c-a5c3-e626d87f7939,플로체디자인랩(그린스미스),기념품 화분 인테리어소품 생화 분화,도란도란 골목형상점가,골목형상점가,전북특별자치도,,,
3c8fcb018a639c27cf78,full_annotation_v1,A,q_공예_03,공예품,문화·여가 중 '공예'를 판매·제공하는 매장,val,공예,T2 동의어,0aae4585-5820-472c-a819-bfbb3faca317,감천문화마을 소행성 비612 기념품숍,"기념품, 공예품",감천문화마을 골목형상점가,골목형상점가,부산광역시,,,
4efbf092059ab833992b,full_annotation_v1,A,q_공예_03,공예품,문화·여가 중 '공예'를 판매·제공하는 매장,val,공예,T2 동의어,1e90d9cf-4436-45cd-9373-439bc2ba7f68,오색공방,공예품,광장전통시장,자율상권구역,서울특별시,,,
441367fb1a4339b68f82,full_annotation_v1,A,q_공예_03,공예품,문화·여가 중 '공예'를 판매·제공하는 매장,val,공예,T2 동의어,1d848bf2-e07e-4637-8e52-47f2a261e6cb,찍지,공예품,진주 중앙지하도상가,일반지하상점가,경상남도,,,
42e3cc0616e8fcad338f,full_annotation_v1,A,q_공예_03,공예품,문화·여가 중 '공예'를 판매·제공하는 매장,val,공예,T2 동의어,86ef7bd2-af87-4692-bea3-4dbbb2d681bf,대신공예,공예품,길음시장,전통시장,서울특별시,,,
69bb32be30eae8295a11,full_annotation_v1,A,q_공예_03,공예품,문화·여가 중 '공예'를 판매·제공하는 매장,val,공예,T2 동의어,54156edb-f90d-434e-8daf-e21eec8800e2,나래엘,공예품,용상공설시장,전통시장,경상북도,,,
edd592f858fa2a9d7305,full_annotation_v1,A,q_공예_03,공예품,문화·여가 중 '공예'를 판매·제공하는 매장,val,공예,T2 동의어,07cda024-8aeb-44c2-b5e2-48a753b93afe,가죽공방 수미상관,가죽제품,첨단이웃사랑 골목형상점가,골목형상점가,광주광역시,,,
682206b5c2494eb77c9b,full_annotation_v1,A,q_공예_03,공예품,문화·여가 중 '공예'를 판매·제공하는 매장,val,공예,T2 동의어,a5d6805e-3692-4ff9-b9ef-c71b9078ad3a,아랑조을,농산물,서귀포향토오일시장,전통시장,제주특별자치도,,,
0bf304e30e2517e16dff,full_annotation_v1,A,q_공예_03,공예품,문화·여가 중 '공예'를 판매·제공하는 매장,val,공예,T2 동의어,f8efc715-2f43-435a-ad3b-f6cd4430cffa,썸머비,공예품,진안시장(진안고원시장),전통시장,전북특별자치도,,,
a6e63c3a114a50eeb3bb,full_annotation_v1,A,q_공예_03,공예품,문화·여가 중 '공예'를 판매·제공하는 매장,val,공예,T2 동의어,fd4d6232-996d-4cf1-8eb6-409ebaacc9d4,하이포엑스사,공예품,고투몰(강남터미널지하도상점가),일반지하상점가,서울특별시,,,
7d64ffb818fccca299b4,full_annotation_v1,A,q_공예_03,공예품,문화·여가 중 '공예'를 판매·제공하는 매장,val,공예,T2 동의어,b9014758-624d-440b-a90a-fae2e08f8094,펠트클럽제이제이,공예품,창원 성원그랜드쇼핑상가,전통시장,경상남도,,,
4832f8fc80f1a769803d,full_annotation_v1,A,q_공예_03,공예품,문화·여가 중 '공예'를 판매·제공하는 매장,val,공예,T2 동의어,80f12c88-b6ce-4a6f-a249-aa4935f2ac9b,서목아트,공예품,문화의거리 상점가,자율상권구역,울산광역시,,,
8c527689f81d08bb6ce0,full_annotation_v1,A,q_공예_03,공예품,문화·여가 중 '공예'를 판매·제공하는 매장,val,공예,T2 동의어,e79978ea-7246-4d6d-b2aa-0e5cc7385226,하비스쿨,공예품,동성타워프라자,전통시장,서울특별시,,,
8af52a6e492d169c894a,full_annotation_v1,A,q_공예_03,공예품,문화·여가 중 '공예'를 판매·제공하는 매장,val,공예,T2 동의어,02a0c412-f0ae-4a4f-b716-75605cdcb533,"현대종합가구,해일공방",,장흥시장 골목형상점가,골목형상점가,,,,
ed86f5b38e190ef8d017,full_annotation_v1,A,q_공예_03,공예품,문화·여가 중 '공예'를 판매·제공하는 매장,val,공예,T2 동의어,019d27d7-ed5d-4bc6-aee7-3162cf2c7d3e,탑키드,공예부자재,동대문문구완구거리,자율상권구역,서울특별시,,,
108c234f588d9a6f0c2f,full_annotation_v1,A,q_공예_03,공예품,문화·여가 중 '공예'를 판매·제공하는 매장,val,공예,T2 동의어,fd8ed99f-f899-4a11-926f-ecc68acf202f,수레질,공예품,삼각동 골목형상점가,골목형상점가,광주광역시,,,
e60146a0607bbe9b59d8,full_annotation_v1,A,q_공예_03,공예품,문화·여가 중 '공예'를 판매·제공하는 매장,val,공예,T2 동의어,85c818e2-79b8-4590-80c6-28eb47da0f69,영화아트,공예품,거제 한라프라자,전통시장,경상남도,,,
6b6fd546e074ded7fea8,full_annotation_v1,A,q_공예_03,공예품,문화·여가 중 '공예'를 판매·제공하는 매장,val,공예,T2 동의어,04835808-77c7-4465-89b2-7033f3d66b88,홍 스트링 공방(홍 스포츠),,양산 물금백호마을 골목형상점가,골목형상점가,경상남도,,,
c52ea201afa5328ce320,full_annotation_v1,A,q_공예_03,공예품,문화·여가 중 '공예'를 판매·제공하는 매장,val,공예,T2 동의어,3fd99196-1c99-4701-80f5-a6664554672c,더반짝,공예품,농성동벚꽃상인회 골목형상점가,골목형상점가,광주광역시,,,
c91c60b4237f407869ed,full_annotation_v1,A,q_공예_03,공예품,문화·여가 중 '공예'를 판매·제공하는 매장,val,공예,T2 동의어,69665542-b262-4fb0-9aa4-59eb851a7533,로터스가죽이야기,공예품,월배시장,전통시장,대구광역시,,,
5a80cf87137cfba7fbf7,full_annotation_v1,A,q_공예_03,공예품,문화·여가 중 '공예'를 판매·제공하는 매장,val,공예,T2 동의어,abc27387-36c3-4c07-bdfd-1f3284c90275,갤러리유,공예품,문화의거리 상점가,자율상권구역,울산광역시,,,
deefd01b6497d7c47d83,full_annotation_v1,A,q_공예_03,공예품,문화·여가 중 '공예'를 판매·제공하는 매장,val,공예,T2 동의어,22ea6f56-810d-462b-b4d6-7b325e6cd9cd,댄디라인,가죽제품,서부시장(서부재래시장),전통시장,충청남도,,,
6f5a0215b83f2bbf6bf1,full_annotation_v1,A,q_공예_03,공예품,문화·여가 중 '공예'를 판매·제공하는 매장,val,공예,T2 동의어,e6e6ef12-de40-4180-953d-1c755f1317b2,신양상회,공예품,강화풍물시장,전통시장,인천광역시,,,
f442d0c5073aaef7ebb6,full_annotation_v1,A,q_공예_04,기념품,문화·여가 중 '공예'를 판매·제공하는 매장,val,공예,T2 동의어,2f7ef796-3436-4a31-97d7-9c935f34f4fa,피플,"잡화, 기념품",누웨마루거리상점가,자율상권구역,제주특별자치도,,,
62282b50a3307740c424,full_annotation_v1,A,q_공예_04,기념품,문화·여가 중 '공예'를 판매·제공하는 매장,val,공예,T2 동의어,e6258ebc-6749-4680-82bf-08fac2164fe2,찐찐 제주,기념품,제주중앙지하상가,일반지하상점가,제주특별자치도,,,
3f074b5f68f13aae3ece,full_annotation_v1,A,q_공예_04,기념품,문화·여가 중 '공예'를 판매·제공하는 매장,val,공예,T2 동의어,a56ddbaf-a866-4127-bee5-9f24407651dd,탠저비 칠성로점,기념품,칠성로상점가,자율상권구역,제주특별자치도,,,
3a755a8a8f513de63756,full_annotation_v1,A,q_공예_04,기념품,문화·여가 중 '공예'를 판매·제공하는 매장,val,공예,T2 동의어,28e2e925-af2a-4d69-b5c4-5cfe7a52f8b6,과랑과랑,기념품,서문공설시장,전통시장,제주특별자치도,,,
e949dcf17b0d8e48fd18,full_annotation_v1,A,q_공예_04,기념품,문화·여가 중 '공예'를 판매·제공하는 매장,val,공예,T2 동의어,5beaf8eb-fd26-488e-85cb-016df209ebb8,묘한,기념품,동해중앙시장상권활성화구역,상권활성화구역,강원특별자치도,,,
67486afd8e1d3add46a4,full_annotation_v1,A,q_공예_04,기념품,문화·여가 중 '공예'를 판매·제공하는 매장,val,공예,T2 동의어,6b13adc1-19b5-43e3-85a6-b3c121a87a8e,너나들이,기념품,경주중심상가,전통시장,경상북도,,,
44b82c6f7a6453c58148,full_annotation_v1,A,q_공예_04,기념품,문화·여가 중 '공예'를 판매·제공하는 매장,val,공예,T2 동의어,0193006c-a04d-4bd7-8ce5-791c5497fe3a,드림크래프트,"액자제작, 공예재료",북동 골목형상점가,골목형상점가,광주광역시,,,
fecdd2f9d99523b3fbe4,full_annotation_v1,A,q_공예_04,기념품,문화·여가 중 '공예'를 판매·제공하는 매장,val,공예,T2 동의어,0aae4585-5820-472c-a819-bfbb3faca317,감천문화마을 소행성 비612 기념품숍,"기념품, 공예품",감천문화마을 골목형상점가,골목형상점가,부산광역시,,,
3ed591cd75897074049e,full_annotation_v1,A,q_공예_04,기념품,문화·여가 중 '공예'를 판매·제공하는 매장,val,공예,T2 동의어,04835808-77c7-4465-89b2-7033f3d66b88,홍 스트링 공방(홍 스포츠),,양산 물금백호마을 골목형상점가,골목형상점가,경상남도,,,
600c6bc3bb852360b203,full_annotation_v1,A,q_공예_04,기념품,문화·여가 중 '공예'를 판매·제공하는 매장,val,공예,T2 동의어,1520764b-a562-49ac-8d5d-33a8ab99269d,드뮤즈뷰티,속눈썹연장 속눈썹펌,첨단이웃사랑 골목형상점가,골목형상점가,광주광역시,,,
3df9488515a0c64cc3ff,full_annotation_v1,A,q_공예_04,기념품,문화·여가 중 '공예'를 판매·제공하는 매장,val,공예,T2 동의어,b243c11e-6f7f-4be4-b404-16bdd0fa55d9,고래,기념품,동쪽바다중앙시장(구 동해중앙시장),전통시장,강원특별자치도,,,
5086e45719598844e6cb,full_annotation_v1,A,q_공예_04,기념품,문화·여가 중 '공예'를 판매·제공하는 매장,val,공예,T2 동의어,02a0c412-f0ae-4a4f-b716-75605cdcb533,"현대종합가구,해일공방",,장흥시장 골목형상점가,골목형상점가,,,,
08a6427408191b304622,full_annotation_v1,A,q_공예_04,기념품,문화·여가 중 '공예'를 판매·제공하는 매장,val,공예,T2 동의어,588f3f4b-cbca-4b3a-93ac-9500c745c6a3,CAMP,여행용품 기념품 등,종각지하쇼핑센터,일반지하상점가,서울특별시,,,
85a6e906c339637f8b4b,full_annotation_v1,A,q_공예_04,기념품,문화·여가 중 '공예'를 판매·제공하는 매장,val,공예,T2 동의어,03f3c2e2-de36-4c1f-a497-cbcc7dd014d0,크래프트 스튜디오 88,은 장신구 및 은 공예품,빛고을공예창작촌 골목형상점가,골목형상점가,광주광역시,,,
94ba8d5d9a745fb6bdf0,full_annotation_v1,A,q_공예_04,기념품,문화·여가 중 '공예'를 판매·제공하는 매장,val,공예,T2 동의어,7977fcb8-9e8b-4540-8f92-efca7b56f41b,충주상회,소매업(고추 참기름),영등포전통시장,자율상권구역,서울특별시,,,
29624ffec7ef7dbc7228,full_annotation_v1,A,q_공예_04,기념품,문화·여가 중 '공예'를 판매·제공하는 매장,val,공예,T2 동의어,6ee80860-cd73-42fb-9b95-2d5f694f7443,베롱베롱,기념품,이중섭거리 명동로상가,골목형상점가,제주특별자치도,,,
116c5475ad6748ac4d0f,full_annotation_v1,A,q_공예_04,기념품,문화·여가 중 '공예'를 판매·제공하는 매장,val,공예,T2 동의어,4cbc8f0f-0353-4449-8dd9-69525528ebaf,깡통,의류,신장대리 자율상권구역,,강원특별자치도,,,
3cb1f6a78833c875d96b,full_annotation_v1,A,q_공예_04,기념품,문화·여가 중 '공예'를 판매·제공하는 매장,val,공예,T2 동의어,c005ae2a-be01-404d-9877-b71e30152087,삼성상회,채소,대구능금시장,전통시장,대구광역시,,,
059c9a0cf1023af5af5c,full_annotation_v1,A,q_공예_04,기념품,문화·여가 중 '공예'를 판매·제공하는 매장,val,공예,T2 동의어,01a0bb9d-a1c3-427c-8c4b-2fb13171253a,우물옆그집,커피음료쿠키기념품,개항희망문화상권 상권활성화구역,상권활성화구역,인천광역시,,,
467f64428d94122f78e1,full_annotation_v1,A,q_공예_04,기념품,문화·여가 중 '공예'를 판매·제공하는 매장,val,공예,T2 동의어,cd96af1b-6523-486d-bb2a-ef35d2d42bfe,오키하우스,기념품,삼청정독길골목형상점가,골목형상점가,서울특별시,,,
c3f47c58375542f257d8,full_annotation_v1,A,q_공예_04,기념품,문화·여가 중 '공예'를 판매·제공하는 매장,val,공예,T2 동의어,9c024341-282e-4247-aa01-b8dfcb267be1,큐신라,기념품,제2경주중심상가시장(경주봉황중심상가시장),전통시장,경상북도,,,
b105a6ddae78dfac235f,full_annotation_v1,A,q_공예_04,기념품,문화·여가 중 '공예'를 판매·제공하는 매장,val,공예,T2 동의어,f82f3eec-0989-40b2-870d-ad213b8506f0,파워몽,기념품,을지로지하보도쇼핑센터,일반지하상점가,서울특별시,,,
f318ad39719bde684c73,full_annotation_v1,A,q_공예_04,기념품,문화·여가 중 '공예'를 판매·제공하는 매장,val,공예,T2 동의어,0607a1be-785f-4ff8-a429-3cece4493cca,마마스핸즈 세종한솔공방,,한솔센터 골목형상점가,골목형상점가,세종특별자치시,,,
f835448194b9d6b837b2,full_annotation_v1,A,q_공예_04,기념품,문화·여가 중 '공예'를 판매·제공하는 매장,val,공예,T2 동의어,ad190f10-21c8-43c5-88e1-fe5997dbc906,참고서(IBERICO PLACE),돼지고기,댕리단길 골목형상점가,골목형상점가,경기도,,,
da04d6b1ddd612390608,full_annotation_v1,A,q_공예_04,기념품,문화·여가 중 '공예'를 판매·제공하는 매장,val,공예,T2 동의어,0d2aa7b7-fa96-491f-9558-d1372b660ddf,소미네,"잡화, 기념품",감천문화시장,전통시장,부산광역시,,,
79f5b55655b483b5172f,full_annotation_v1,A,q_공예_04,기념품,문화·여가 중 '공예'를 판매·제공하는 매장,val,공예,T2 동의어,95061e72-2662-46b9-9d41-3fe45ebc95fc,송월타올나라,타올 기념품,창원 상남시장,전통시장,경상남도,,,
6602a4efb2c12cfe3941,full_annotation_v1,A,q_공예_04,기념품,문화·여가 중 '공예'를 판매·제공하는 매장,val,공예,T2 동의어,8ce66318-43ab-489b-abae-adb1ca1dc425,엠카잇,기념품,을지로지하보도쇼핑센터,일반지하상점가,서울특별시,,,
fc36f133890a113bde2c,full_annotation_v1,A,q_공예_04,기념품,문화·여가 중 '공예'를 판매·제공하는 매장,val,공예,T2 동의어,329bfaf1-de34-4289-9d0d-369b5626a4d9,탄탄아리카페,커피 기념품 등,정선사북시장,전통시장,강원특별자치도,,,
589533242520deae8d92,full_annotation_v1,A,q_공예_04,기념품,문화·여가 중 '공예'를 판매·제공하는 매장,val,공예,T2 동의어,44c53a36-a0c1-4fe0-aa82-553dbd0873a3,영신사,기념품,서면종합시장,전통시장,부산광역시,,,
9690ae468801a1297e1d,full_annotation_v1,A,q_공예_04,기념품,문화·여가 중 '공예'를 판매·제공하는 매장,val,공예,T2 동의어,9a6925b0-34cc-4acf-890c-29bcbf050201,시골밥상,한식,괴정골목시장,전통시장,부산광역시,,,
7a7628acdbefe7c110fa,full_annotation_v1,A,q_공예_04,기념품,문화·여가 중 '공예'를 판매·제공하는 매장,val,공예,T2 동의어,d1855287-7101-494c-9fa4-77cddf4e779b,한땀한땀,기념품,설악로데오거리상점가,자율상권구역,강원특별자치도,,,
4599d010757b9b505d9a,full_annotation_v1,A,q_공예_04,기념품,문화·여가 중 '공예'를 판매·제공하는 매장,val,공예,T2 동의어,7b9c8716-ddbf-4cc3-b570-800f55148f8e,단양청년문화협동조합,기념품 등,단양구경시장(단양인정시장),전통시장,충청북도,,,
2bd4fe12a12e9a846d47,full_annotation_v1,A,q_공예_04,기념품,문화·여가 중 '공예'를 판매·제공하는 매장,val,공예,T2 동의어,21702bfc-e47b-47c4-aad1-74ed70ce9f40,섬이야기 올레,기념품,서귀포매일올레시장,전통시장,제주특별자치도,,,
2fbd97f606ddc54653dc,full_annotation_v1,A,q_공예_04,기념품,문화·여가 중 '공예'를 판매·제공하는 매장,val,공예,T2 동의어,ccb2a9bf-d293-4e1d-8b7b-597508be55d9,으뜸축산,식육,청주육거리종합시장,전통시장,충청북도,,,
027d4eabde7769ce47f5,full_annotation_v1,A,q_공예_04,기념품,문화·여가 중 '공예'를 판매·제공하는 매장,val,공예,T2 동의어,019d27d7-ed5d-4bc6-aee7-3162cf2c7d3e,탑키드,공예부자재,동대문문구완구거리,자율상권구역,서울특별시,,,
af0354f90c7b143565f9,full_annotation_v1,A,q_공예_04,기념품,문화·여가 중 '공예'를 판매·제공하는 매장,val,공예,T2 동의어,0870d6a1-14a2-477a-a20d-04a2d98adf7a,한민시장 떡갈비,떡갈비,한민시장,전통시장,대전광역시,,,
c17d19f007b5122bac0f,full_annotation_v1,A,q_공예_04,기념품,문화·여가 중 '공예'를 판매·제공하는 매장,val,공예,T2 동의어,8cf20eca-40c2-49f3-96d5-fe15f4da8540,송월타올나라,"타올, 기념품",창원 상남시장,전통시장,경상남도,,,
6f88c5e8d1454319e434,full_annotation_v1,A,q_공예_04,기념품,문화·여가 중 '공예'를 판매·제공하는 매장,val,공예,T2 동의어,07cda024-8aeb-44c2-b5e2-48a753b93afe,가죽공방 수미상관,가죽제품,첨단이웃사랑 골목형상점가,골목형상점가,광주광역시,,,
65a54c1fa1919d4a48f9,full_annotation_v1,A,q_공예_04,기념품,문화·여가 중 '공예'를 판매·제공하는 매장,val,공예,T2 동의어,05c601de-f626-410c-adee-b08537ab3042,버치크래프트 코리아,관광민예품 및 장식용품 관광기념품,강릉성남시장,전통시장,강원특별자치도,,,
45aed369b06d3ef8221a,full_annotation_v1,A,q_공예_04,기념품,문화·여가 중 '공예'를 판매·제공하는 매장,val,공예,T2 동의어,0c27bef5-d73b-40cb-af1a-a5733177336f,온마을,현수막 기념품,서구유통단지상인회 골목형상점가,골목형상점가,광주광역시,,,
b33064f3bb36c870e041,full_annotation_v1,A,q_공예_04,기념품,문화·여가 중 '공예'를 판매·제공하는 매장,val,공예,T2 동의어,94882f2d-bd58-488e-8f1b-c759b8058ffb,감귤당,기념품,제주중앙지하상가,일반지하상점가,제주특별자치도,,,
b34bb25cba67476433cd,full_annotation_v1,A,q_공예_04,기념품,문화·여가 중 '공예'를 판매·제공하는 매장,val,공예,T2 동의어,0a66a7fc-3a7b-4f93-b364-fc8b98b96d50,엄사스포츠,"스포츠용품, 기념품",엄사 골목형상점가,골목형상점가,충청남도,,,
5e86b4d94ec594281046,full_annotation_v1,A,q_공예_04,기념품,문화·여가 중 '공예'를 판매·제공하는 매장,val,공예,T2 동의어,37676661-4388-4c08-ad9b-42fd5fcdd88a,흙,기념품,을지로지하보도쇼핑센터,일반지하상점가,서울특별시,,,
c2a7fa4278c1ce922241,full_annotation_v1,A,q_공예_04,기념품,문화·여가 중 '공예'를 판매·제공하는 매장,val,공예,T2 동의어,5ce48861-946f-4649-b65b-a77deb946df9,포스트카페,기념품,감천문화마을 골목형상점가,골목형상점가,부산광역시,,,
56b746c90b799b0d6ac8,full_annotation_v1,A,q_공예_04,기념품,문화·여가 중 '공예'를 판매·제공하는 매장,val,공예,T2 동의어,016791a8-1d36-407c-be53-a8bf1f7d6f98,눈데이썬(NOONDAY SUN,예술공방공예품,천안역지하상가,일반지하상점가,충청남도,,,
fa806b8c25e765e23356,full_annotation_v1,A,q_공예_04,기념품,문화·여가 중 '공예'를 판매·제공하는 매장,val,공예,T2 동의어,c4977010-041c-4d1a-86bf-2b4b8cd6915e,리틀 걸,소품 및 기념품,칠성로상점가,자율상권구역,제주특별자치도,,,
38e07cd35edd2c08eb98,full_annotation_v1,A,q_공예_04,기념품,문화·여가 중 '공예'를 판매·제공하는 매장,val,공예,T2 동의어,6f69d8d6-c582-4d09-9493-18ef998579e4,호호잡화점,기념품,양양로 골목형상점가,골목형상점가,강원특별자치도,,,
9ff596064eeb8202322f,full_annotation_v1,A,q_공예_04,기념품,문화·여가 중 '공예'를 판매·제공하는 매장,val,공예,T2 동의어,0a357b62-4c2e-456c-a5c3-e626d87f7939,플로체디자인랩(그린스미스),기념품 화분 인테리어소품 생화 분화,도란도란 골목형상점가,골목형상점가,전북특별자치도,,,
7af224bc71548861e590,full_annotation_v1,A,q_공예_04,기념품,문화·여가 중 '공예'를 판매·제공하는 매장,val,공예,T2 동의어,0e67b273-8545-4e2c-b72d-413cafdee0af,득일기념품,기념품,불국상가시장,전통시장,경상북도,,,
26b225af67665d68081a,full_annotation_v1,A,q_공예_04,기념품,문화·여가 중 '공예'를 판매·제공하는 매장,val,공예,T2 동의어,a9ffac86-782b-418c-8432-9a8528549cab,속초와짜니,기념품,속초중앙전통시장,전통시장,강원특별자치도,,,
fba48af791974a531ff6,full_annotation_v1,A,q_공예_04,기념품,문화·여가 중 '공예'를 판매·제공하는 매장,val,공예,T2 동의어,04baede5-1cb5-421b-ae51-c42ae1e347e0,베데레vedere,가죽제품,송정벚꽃골목형상점가,골목형상점가,서울특별시,,,
0bed382e97b0b4937b5f,full_annotation_v1,A,q_공예_04,기념품,문화·여가 중 '공예'를 판매·제공하는 매장,val,공예,T2 동의어,e9b7a106-3429-4515-9309-21c63e7339b7,다노,기념품,동문재래시장,전통시장,제주특별자치도,,,
805fd9bed53710450771,full_annotation_v1,A,q_공예_04,기념품,문화·여가 중 '공예'를 판매·제공하는 매장,val,공예,T2 동의어,1bbb1e86-1b52-49ca-9ecc-ddfd93dadb0b,토탈아트디자인,기념품,범양골목형상점가,골목형상점가,인천광역시,,,
13df86e9309b7d30c3ff,full_annotation_v1,A,q_공예_04,기념품,문화·여가 중 '공예'를 판매·제공하는 매장,val,공예,T2 동의어,71c6f3be-f165-4347-a129-31a15e4bfc16,감천문화마을 기념품숍,기념품,감천문화마을 골목형상점가,골목형상점가,부산광역시,,,
285421a6b6f41a557395,full_annotation_v1,A,q_공예_04,기념품,문화·여가 중 '공예'를 판매·제공하는 매장,val,공예,T2 동의어,b6c62485-2617-483f-9666-35bde2de8a75,화개장터1번가,기념품,하동 화개장터,전통시장,경상남도,,,
79166eb8b4422db3bd2b,full_annotation_v1,A,q_공예_04,기념품,문화·여가 중 '공예'를 판매·제공하는 매장,val,공예,T2 동의어,3ac6df40-5ff3-4a87-9f95-97131491f24b,애경크리스탈&타올애,기념품,순천원도심상점가,자율상권구역,전라남도,,,
7e54b5815323d59cab31,full_annotation_v1,A,q_공예_04,기념품,문화·여가 중 '공예'를 판매·제공하는 매장,val,공예,T2 동의어,a70c8ab8-9690-4659-aa37-e1712059a626,엄마카세,식료품,금성상가시장,전통시장,부산광역시,,,
8035731d5cd6810a69d3,full_annotation_v1,A,q_공예_04,기념품,문화·여가 중 '공예'를 판매·제공하는 매장,val,공예,T2 동의어,025b097b-3ecb-4738-ab0f-d71bc283e74d,반지점방,공예품 장신구,양림공예거리 골목형상점가,골목형상점가,광주광역시,,,
2c23fab8d53b4b9df2b5,full_annotation_v1,A,q_공예_04,기념품,문화·여가 중 '공예'를 판매·제공하는 매장,val,공예,T2 동의어,0f5bf068-fe34-4ae2-9bdf-0f3692accde3,초의선사의다연재,기념품,플레이사계 지오단길 골목형상점가,골목형상점가,제주특별자치도,,,
52a8062cdceabf179d03,full_annotation_v1,A,q_공예_04,기념품,문화·여가 중 '공예'를 판매·제공하는 매장,val,공예,T2 동의어,8f2f6e10-2263-4a49-84e9-329707844929,가는길에,기념품,동문재래시장,전통시장,제주특별자치도,,,
c4ca48e5d36a17159638,full_annotation_v1,A,q_공예_04,기념품,문화·여가 중 '공예'를 판매·제공하는 매장,val,공예,T2 동의어,05d82934-32de-48f2-bbd0-038f8d09fe4f,시즈레더,가죽제품,신창 골목형상점가,골목형상점가,광주광역시,,,
b96ec3218cceda8aa363,full_annotation_v1,A,q_공예_04,기념품,문화·여가 중 '공예'를 판매·제공하는 매장,val,공예,T2 동의어,e3028c8a-7347-467f-b9dc-4f93990bb12d,가연찐빵,찐빵,성주시장,전통시장,경상북도,,,
ac7faa45b6e0bd8d95e4,full_annotation_v1,A,q_공예_04,기념품,문화·여가 중 '공예'를 판매·제공하는 매장,val,공예,T2 동의어,19ad7c14-7251-43be-a457-e4c1f7b94ec6,행운건강원,"건강식품가공, 판매",전의왕의물시장(전의전통시장),전통시장,세종특별자치시,,,
2f985f9925f98bc7dd70,full_annotation_v1,A,q_공예_04,기념품,문화·여가 중 '공예'를 판매·제공하는 매장,val,공예,T2 동의어,52bd40d5-3d90-490f-a8a7-022a2c55fe6f,감천국갤러리,기념품,감천문화시장,전통시장,부산광역시,,,
e4b524aef7040e075eb3,full_annotation_v1,A,q_공예_04,기념품,문화·여가 중 '공예'를 판매·제공하는 매장,val,공예,T2 동의어,98611bac-f747-4435-bb68-242c4a9c4602,삼양식육,식육,함평천지 골목형상점가,골목형상점가,전라남도,,,
50309b97e5fc0748d6b2,full_annotation_v1,A,q_공예_04,기념품,문화·여가 중 '공예'를 판매·제공하는 매장,val,공예,T2 동의어,2e7554c2-ffe9-4a70-873c-e265e10398e3,섬물,기념품,동문재래시장,전통시장,제주특별자치도,,,
b2dcbf032b8ef849025f,full_annotation_v1,A,q_공예_04,기념품,문화·여가 중 '공예'를 판매·제공하는 매장,val,공예,T2 동의어,02a3b9f3-83e8-44d2-bc4b-4b2c25796b3d,서현 크래프트,수공예품,예술의거리 골목형상점가,골목형상점가,광주광역시,,,
ca7dae8878f2a64e2114,full_annotation_v1,A,q_공예_04,기념품,문화·여가 중 '공예'를 판매·제공하는 매장,val,공예,T2 동의어,6ab5a28e-88da-45c6-a834-40760359e260,고향보리밥,일반음식,망미중앙시장,전통시장,부산광역시,,,
d1dfabf01c728f92fc57,full_annotation_v1,A,q_공예_04,기념품,문화·여가 중 '공예'를 판매·제공하는 매장,val,공예,T2 동의어,c2c9c1d4-1268-4f7c-92a3-af61a00ec097,보석나라,"기념품, 장식용품",감천문화마을 골목형상점가,골목형상점가,부산광역시,,,
7e3f6f662d2bc5a18963,full_annotation_v1,A,q_공예_04,기념품,문화·여가 중 '공예'를 판매·제공하는 매장,val,공예,T2 동의어,22ea6f56-810d-462b-b4d6-7b325e6cd9cd,댄디라인,가죽제품,서부시장(서부재래시장),전통시장,충청남도,,,
0b0ad192c4964a42fcef,full_annotation_v1,A,q_공예_04,기념품,문화·여가 중 '공예'를 판매·제공하는 매장,val,공예,T2 동의어,59d14f59-4da6-4b4f-9e5f-d04db2421a26,고래섬,한식,성서계대로데오거리 골목형상점가,골목형상점가,대구광역시,,,
060fe37539c7cfaa5ffb,full_annotation_v1,A,q_공예_04,기념품,문화·여가 중 '공예'를 판매·제공하는 매장,val,공예,T2 동의어,e10bf8f6-39b5-4631-a253-f4079ee9c789,영우상회,"농산물, 기념품",말바우시장,전통시장,광주광역시,,,
855a1821b26d49d54b48,full_annotation_v1,A,q_공예_04,기념품,문화·여가 중 '공예'를 판매·제공하는 매장,val,공예,T2 동의어,3b86a570-6c88-4357-9f59-f37f3abf1426,기념품가게,기념품,경주중심상가,전통시장,경상북도,,,
82dda67acdc50eb62705,full_annotation_v1,A,q_공예_04,기념품,문화·여가 중 '공예'를 판매·제공하는 매장,val,공예,T2 동의어,2ab4b420-d975-4e0d-9749-c32b29d7906e,주식회사엔씨엔상사,기념품,동대문문구완구거리,자율상권구역,서울특별시,,,
73488bf104dbd4e76896,full_annotation_v1,A,q_공예_04,기념품,문화·여가 중 '공예'를 판매·제공하는 매장,val,공예,T2 동의어,90c10e4f-c120-443c-8807-56078870c84e,우드톡,기념품,중앙로 지하상가 상점가,일반지하상점가,대전광역시,,,
fa3e7b916ab8f6d2dea4,full_annotation_v1,A,q_공예_04,기념품,문화·여가 중 '공예'를 판매·제공하는 매장,val,공예,T2 동의어,8962c4b7-06c5-44b2-bad8-0975e3177279,유신종합마트,"초콜릿, 기념품",동문재래시장,전통시장,제주특별자치도,,,
d438d0be02074eef3d92,full_annotation_v1,A,q_공예_04,기념품,문화·여가 중 '공예'를 판매·제공하는 매장,val,공예,T2 동의어,2bf040a2-321b-4356-acf2-d19d542d53fb,로컬푸드 다담다,농축산물,수완하나로 골목형상점가,골목형상점가,광주광역시,,,
5b945ae1a5354fe6eaae,full_annotation_v1,A,q_공예_04,기념품,문화·여가 중 '공예'를 판매·제공하는 매장,val,공예,T2 동의어,5487ab4b-2ac6-4998-b756-e0174eba1727,대한국기사,기념품,진주 중앙상점가,자율상권구역,경상남도,,,
bb77f59699f6b03ed51a,full_annotation_v1,A,q_공예_04,기념품,문화·여가 중 '공예'를 판매·제공하는 매장,val,공예,T2 동의어,00a8e75c-0d18-48db-9f9b-42f8ced936b8,미다리본,공예품,구미형곡시장프라자,전통시장,경상북도,,,
02cd8eac0f05d55e92e8,full_annotation_v1,A,q_공예_04,기념품,문화·여가 중 '공예'를 판매·제공하는 매장,val,공예,T2 동의어,ff338a69-424c-4d2d-802a-28330e67dd3a,살구스튜디오,기념품,부여도심 상권활성화구역,상권활성화구역,충청남도,,,
50b0c816c8567e81ebf1,full_annotation_v1,A,q_공예_04,기념품,문화·여가 중 '공예'를 판매·제공하는 매장,val,공예,T2 동의어,cedca808-74fd-4ef5-812e-a89f5400c5f0,나씨네뒷고기(홍천점),삼겹살,신장대리 자율상권구역,,강원특별자치도,,,
c57cee24ad024fc3f131,full_annotation_v1,A,q_공예_04,기념품,문화·여가 중 '공예'를 판매·제공하는 매장,val,공예,T2 동의어,003d5df8-0856-45e0-a11e-5098cf70541e,앨리스리본&공방,"공방, 잡화",봉화내성시장,전통시장,경상북도,,,
aa93fff4e48cdacdc362,full_annotation_v1,A,q_공예_04,기념품,문화·여가 중 '공예'를 판매·제공하는 매장,val,공예,T2 동의어,4412e07a-ca37-4903-8717-684eb4ed15ad,매일종합공구상사,"일반철물, 공구",구천동공구시장,전통시장,경기도,,,
13e786ddffdc694939d0,full_annotation_v1,A,q_공예_04,기념품,문화·여가 중 '공예'를 판매·제공하는 매장,val,공예,T2 동의어,1a23039e-217b-48a7-8bb2-5591dc6ec91c,(주)감천아울,기념품,감천문화시장,전통시장,부산광역시,,,
fb2d13a3444cefdb328b,full_annotation_v1,A,q_공예_04,기념품,문화·여가 중 '공예'를 판매·제공하는 매장,val,공예,T2 동의어,26c94277-ab17-46a4-a82b-8f464fc2cfcc,삼화령,도자기 기념품,광복지하도상가,일반지하상점가,부산광역시,,,
51cdd3a40c63f2a1e681,full_annotation_v1,A,q_공예_04,기념품,문화·여가 중 '공예'를 판매·제공하는 매장,val,공예,T2 동의어,72202010-9aa3-4e88-be04-9ecea049f1a4,국제선물,기념품,아리랑거리,전통시장,부산광역시,,,
6f004e568354c7861046,full_annotation_v1,A,q_공예_04,기념품,문화·여가 중 '공예'를 판매·제공하는 매장,val,공예,T2 동의어,4d914bd5-7a3d-4450-875c-f56aac853293,오당봉갔져,기념품 및 잡화,서귀포매일올레시장,전통시장,제주특별자치도,,,
23481bd74d810c35c055,full_annotation_v1,A,q_공예_04,기념품,문화·여가 중 '공예'를 판매·제공하는 매장,val,공예,T2 동의어,ec63f33a-1506-446a-ba71-3b2f52dd2dfa,bidam,기념품,쓰담길 골목형상점가,골목형상점가,전라남도,,,
24a3062ba3a2506aa023,full_annotation_v1,A,q_공예_04,기념품,문화·여가 중 '공예'를 판매·제공하는 매장,val,공예,T2 동의어,e4abedeb-f43c-4786-8489-fd8c2d24dbcc,문화출장소협동조합,기념품 등,신정평화시장,전통시장,울산광역시,,,
6075f24c65bbf6513de9,full_annotation_v1,A,q_공예_05,가죽 공방,문화·여가 중 '공예'를 판매·제공하는 매장,val,공예,T4 구어·문장,4020fa87-ad11-428a-ad1c-fba521795c94,컴다운 가죽공방,가죽,운천상무시장 골목형상점가,골목형상점가,광주광역시,,,
1dfe0abce8a9089e3c89,full_annotation_v1,A,q_공예_05,가죽 공방,문화·여가 중 '공예'를 판매·제공하는 매장,val,공예,T4 구어·문장,016791a8-1d36-407c-be53-a8bf1f7d6f98,눈데이썬(NOONDAY SUN,예술공방공예품,천안역지하상가,일반지하상점가,충청남도,,,
852bbd470dd1df65d59d,full_annotation_v1,A,q_공예_05,가죽 공방,문화·여가 중 '공예'를 판매·제공하는 매장,val,공예,T4 구어·문장,23cf9ee3-722c-4b32-a7ca-436f89cda6c9,해우리,양식,수비벡스코 골목형상점가,골목형상점가,부산광역시,,,
aa220bdf0e46e79bf5ef,full_annotation_v1,A,q_공예_05,가죽 공방,문화·여가 중 '공예'를 판매·제공하는 매장,val,공예,T4 구어·문장,33ce0080-45d5-4117-81dc-31457b4040c1,느루히,공방,김해 동상전통시장,전통시장,경상남도,,,
19e71c2eb8470c27e051,full_annotation_v1,A,q_공예_05,가죽 공방,문화·여가 중 '공예'를 판매·제공하는 매장,val,공예,T4 구어·문장,07cda024-8aeb-44c2-b5e2-48a753b93afe,가죽공방 수미상관,가죽제품,첨단이웃사랑 골목형상점가,골목형상점가,광주광역시,,,
266efda510285d583f21,full_annotation_v1,A,q_공예_05,가죽 공방,문화·여가 중 '공예'를 판매·제공하는 매장,val,공예,T4 구어·문장,c2ca7cf5-aff9-4715-a401-8c192c8d91f5,레이져공방 새김,공방,홍대소상공인 상점가,자율상권구역,서울특별시,,,
d4c83377e82af967e9fd,full_annotation_v1,A,q_공예_05,가죽 공방,문화·여가 중 '공예'를 판매·제공하는 매장,val,공예,T4 구어·문장,4b8ea17c-be61-4a3a-accc-7ad637cf8a48,다온공방,공방,제민천 골목형상점가,골목형상점가,충청남도,,,
d3dee0641ea2a064e1c4,full_annotation_v1,A,q_공예_05,가죽 공방,문화·여가 중 '공예'를 판매·제공하는 매장,val,공예,T4 구어·문장,4d86361d-47de-4414-b3ef-7a2a02d16bfd,단단,공방,증산종합시장,전통시장,서울특별시,,,
1e9f1edae23f81ec0e6a,full_annotation_v1,A,q_공예_05,가죽 공방,문화·여가 중 '공예'를 판매·제공하는 매장,val,공예,T4 구어·문장,e8177fe9-160f-4162-93c9-7b4c48fc9952,손수다,공방,염주먹자골목B구역상인회 골목형상점가,골목형상점가,광주광역시,,,
ba49e4f3ae4ddf711741,full_annotation_v1,A,q_공예_05,가죽 공방,문화·여가 중 '공예'를 판매·제공하는 매장,val,공예,T4 구어·문장,05c601de-f626-410c-adee-b08537ab3042,버치크래프트 코리아,관광민예품 및 장식용품 관광기념품,강릉성남시장,전통시장,강원특별자치도,,,
7950338898576408a5fb,full_annotation_v1,A,q_공예_05,가죽 공방,문화·여가 중 '공예'를 판매·제공하는 매장,val,공예,T4 구어·문장,d1cc5d4b-07b8-4867-b8b6-247825948d74,담담과일,청과,동천동먹자골목1번가상인회 골목형상점가,골목형상점가,광주광역시,,,
49761d0e6c5bfff42925,full_annotation_v1,A,q_공예_05,가죽 공방,문화·여가 중 '공예'를 판매·제공하는 매장,val,공예,T4 구어·문장,9476da6d-685f-4d5a-85e8-e9f2eba1dad8,자매공방,공방,유동 경열로 골목형상점가,골목형상점가,광주광역시,,,
37fbe5a2a927488969ef,full_annotation_v1,A,q_공예_05,가죽 공방,문화·여가 중 '공예'를 판매·제공하는 매장,val,공예,T4 구어·문장,d4483f86-9eac-42df-a467-2a7f511ebd57,복공방,공방,군산공설시장,전통시장,전북특별자치도,,,
ba79b880e88ee09f25c8,full_annotation_v1,A,q_공예_05,가죽 공방,문화·여가 중 '공예'를 판매·제공하는 매장,val,공예,T4 구어·문장,4c225c41-7ef0-4a48-981e-ee878a0ba5b4,손그림공방,공방,경산중앙로상점가,자율상권구역,경상북도,,,
e438a1dcb5119fbec4fc,full_annotation_v1,A,q_공예_05,가죽 공방,문화·여가 중 '공예'를 판매·제공하는 매장,val,공예,T4 구어·문장,ffbbfcb5-36e4-415a-a91c-86f5effdbbac,꼼지락공방,공방,세아프라자상가(동두천세아상가시장),전통시장,경기도,,,
edeac3b55123c12e4f67,full_annotation_v1,A,q_공예_05,가죽 공방,문화·여가 중 '공예'를 판매·제공하는 매장,val,공예,T4 구어·문장,9fe5c815-4118-4058-805c-96c59d00995c,조선인절미,떡,부리단길 골목형상점가,골목형상점가,부산광역시,,,
eab32a098c995f634185,full_annotation_v1,A,q_공예_05,가죽 공방,문화·여가 중 '공예'를 판매·제공하는 매장,val,공예,T4 구어·문장,94137d3b-0413-43fa-b207-1868cd74b4a8,망고랑,카페,북촌계동길골목형상점가,골목형상점가,서울특별시,,,
bbf6b94121fe25a6053b,full_annotation_v1,A,q_공예_05,가죽 공방,문화·여가 중 '공예'를 판매·제공하는 매장,val,공예,T4 구어·문장,07bf0fd7-8b36-4177-b412-ff2f25f16a59,로뎀공방,공방,하양꿈바우시장,전통시장,경상북도,,,
b9c66573cca2b0fa8d2c,full_annotation_v1,A,q_공예_05,가죽 공방,문화·여가 중 '공예'를 판매·제공하는 매장,val,공예,T4 구어·문장,e15594db-6d7d-49f8-a3b4-89872d84803d,레더하루,공방,삼각동 골목형상점가,골목형상점가,광주광역시,,,
2a9a75d5f9f446b0fb17,full_annotation_v1,A,q_공예_05,가죽 공방,문화·여가 중 '공예'를 판매·제공하는 매장,val,공예,T4 구어·문장,025b097b-3ecb-4738-ab0f-d71bc283e74d,반지점방,공예품 장신구,양림공예거리 골목형상점가,골목형상점가,광주광역시,,,
d6aa1e560c9e62e55ffa,full_annotation_v1,A,q_공예_05,가죽 공방,문화·여가 중 '공예'를 판매·제공하는 매장,val,공예,T4 구어·문장,1b717a6f-2d38-40ea-8a68-85bc33f53dda,휴공방,공방,엄사 골목형상점가,골목형상점가,충청남도,,,
9ba141abb1e7e4382711,full_annotation_v1,A,q_공예_05,가죽 공방,문화·여가 중 '공예'를 판매·제공하는 매장,val,공예,T4 구어·문장,74ddacc9-0641-41a0-96f1-2cf09d0989bf,디제이유통,모피 가죽,동평화시장(동평화패션타운),전통시장,서울특별시,,,
001205628d5d8872cf17,full_annotation_v1,A,q_공예_05,가죽 공방,문화·여가 중 '공예'를 판매·제공하는 매장,val,공예,T4 구어·문장,777e007a-a40a-4af9-a2f9-dcf7c92b682d,산채식당,한식,억지춘향시장(구 봉화춘향시장),전통시장,경상북도,,,
ff18aa5118fca5d96b3f,full_annotation_v1,A,q_공예_05,가죽 공방,문화·여가 중 '공예'를 판매·제공하는 매장,val,공예,T4 구어·문장,825f3a22-0385-4ca5-bed2-58cf570346fd,두드림공방,공방,순천문화의거리 금꽃예술촌,자율상권구역,전라남도,,,
85d63dab5da764b51f04,full_annotation_v1,A,q_공예_05,가죽 공방,문화·여가 중 '공예'를 판매·제공하는 매장,val,공예,T4 구어·문장,05d82934-32de-48f2-bbd0-038f8d09fe4f,시즈레더,가죽제품,신창 골목형상점가,골목형상점가,광주광역시,,,
028e91a71282b6849fc0,full_annotation_v1,A,q_공예_05,가죽 공방,문화·여가 중 '공예'를 판매·제공하는 매장,val,공예,T4 구어·문장,49a01ef8-f5c2-4abb-843e-c4b6d0e9ddb8,가죽자파리,공방,서문공설시장,전통시장,제주특별자치도,,,
6d064a941f43d3ae3d54,full_annotation_v1,A,q_공예_05,가죽 공방,문화·여가 중 '공예'를 판매·제공하는 매장,val,공예,T4 구어·문장,b0d21f9e-49c6-4741-a388-9f5e5429fc1a,모란담,강정 등,상대원시장,전통시장,경기도,,,
bac071de56fc078613ac,full_annotation_v1,A,q_공예_05,가죽 공방,문화·여가 중 '공예'를 판매·제공하는 매장,val,공예,T4 구어·문장,92556999-b0fd-41e6-8e91-35c70feac78a,토몽,공방,예스파크 상점가,자율상권구역,경기도,,,
0d0176ce741b1792c1a6,full_annotation_v1,A,q_공예_05,가죽 공방,문화·여가 중 '공예'를 판매·제공하는 매장,val,공예,T4 구어·문장,779998ec-2426-4c82-b76b-b484c636ee24,탄생,가죽 및 가죽제품,중앙로 지하상가 상점가,일반지하상점가,대전광역시,,,
6f51af0e6f00fc31fbe4,full_annotation_v1,A,q_공예_05,가죽 공방,문화·여가 중 '공예'를 판매·제공하는 매장,val,공예,T4 구어·문장,338b9d8a-623c-46bd-8dd6-3091b3a1f40e,한국예술공예회,공방,남대문로 지하도상가,일반지하상점가,서울특별시,,,
1f9c88dda84a79a4d7cd,full_annotation_v1,A,q_공예_05,가죽 공방,문화·여가 중 '공예'를 판매·제공하는 매장,val,공예,T4 구어·문장,0aae4585-5820-472c-a819-bfbb3faca317,감천문화마을 소행성 비612 기념품숍,"기념품, 공예품",감천문화마을 골목형상점가,골목형상점가,부산광역시,,,
62e838480c6ce8bed770,full_annotation_v1,A,q_공예_05,가죽 공방,문화·여가 중 '공예'를 판매·제공하는 매장,val,공예,T4 구어·문장,47cdec5b-82b0-4460-9c8c-990a638d2985,두손이야,가죽,빛고을공예창작촌 골목형상점가,골목형상점가,광주광역시,,,
7ea3540ae59265677f88,full_annotation_v1,A,q_공예_05,가죽 공방,문화·여가 중 '공예'를 판매·제공하는 매장,val,공예,T4 구어·문장,04835808-77c7-4465-89b2-7033f3d66b88,홍 스트링 공방(홍 스포츠),,양산 물금백호마을 골목형상점가,골목형상점가,경상남도,,,
4d4709111eca7b0f4b95,full_annotation_v1,A,q_공예_05,가죽 공방,문화·여가 중 '공예'를 판매·제공하는 매장,val,공예,T4 구어·문장,69b973b7-23c8-4794-a734-8995aaad5597,메리공방,공방,월산상가 골목형 상점가,골목형상점가,충청남도,,,
6473c1c023d26d29053c,full_annotation_v1,A,q_공예_05,가죽 공방,문화·여가 중 '공예'를 판매·제공하는 매장,val,공예,T4 구어·문장,4cc56f8b-616a-4606-b22a-e83855feb0ee,묘원공예갤러리,공방,마산 부림시장,전통시장,경상남도,,,
af8cddeaa1024212b39d,full_annotation_v1,A,q_공예_05,가죽 공방,문화·여가 중 '공예'를 판매·제공하는 매장,val,공예,T4 구어·문장,4a0aa3ba-cfee-4fe8-a9c4-5ccbc1002663,남부제일약국,약국,남부시장,전통시장,경상북도,,,
14b772e667ed65c57d88,full_annotation_v1,A,q_공예_05,가죽 공방,문화·여가 중 '공예'를 판매·제공하는 매장,val,공예,T4 구어·문장,d135cc3d-e9cd-46f0-a56c-ae32e622ff90,보다세라믹스튜디오,공방,영동전통시장,전통시장,서울특별시,,,
badac71fec9394dc8648,full_annotation_v1,A,q_공예_05,가죽 공방,문화·여가 중 '공예'를 판매·제공하는 매장,val,공예,T4 구어·문장,42c7e9cf-c27b-4355-8a1a-19094373437a,포인트벨트,가죽 제품,남대문시장,전통시장,서울특별시,,,
028043516f8557ed9c1a,full_annotation_v1,A,q_공예_05,가죽 공방,문화·여가 중 '공예'를 판매·제공하는 매장,val,공예,T4 구어·문장,cd4fcdc6-2911-4a80-aff7-95e9211d8300,지우지누,가죽 제품,중흥동 풍경채 옆길 골목형상점가,골목형상점가,광주광역시,,,
18909aa06776a7e15479,full_annotation_v1,A,q_공예_05,가죽 공방,문화·여가 중 '공예'를 판매·제공하는 매장,val,공예,T4 구어·문장,8be444db-7fc1-431c-a042-1042571ad38a,예인공방,공방,신창진흥 골목형상점가,골목형상점가,광주광역시,,,
24f72b1a5c12aecb68fd,full_annotation_v1,A,q_공예_05,가죽 공방,문화·여가 중 '공예'를 판매·제공하는 매장,val,공예,T4 구어·문장,127b64af-4097-4a2e-8b52-630b06f1ad4a,플레이키즈모이몰른정읍점,아동복 스포츠릐류 스포츠용품,정읍샘고을정다운상권,상권활성화구역,전북특별자치도,,,
3e90487a9e7f020ad4bb,full_annotation_v1,A,q_공예_05,가죽 공방,문화·여가 중 '공예'를 판매·제공하는 매장,val,공예,T4 구어·문장,96c398f0-08a9-4f74-b892-908df5f7e8b3,꽃바늘,공방,구미형곡시장프라자,전통시장,경상북도,,,
f4ac33f142570011912c,full_annotation_v1,A,q_공예_05,가죽 공방,문화·여가 중 '공예'를 판매·제공하는 매장,val,공예,T4 구어·문장,647a22e6-0bdf-4dab-9e51-077e53965e2c,한올공방,공방,대왕암 월봉시장,전통시장,울산광역시,,,
b0bca6c18ba864426acb,full_annotation_v1,A,q_공예_05,가죽 공방,문화·여가 중 '공예'를 판매·제공하는 매장,val,공예,T4 구어·문장,3a507a66-65c0-4a20-aa30-a6be10e0888a,바느질공방마루,공방,순천문화의거리 금꽃예술촌,자율상권구역,전라남도,,,
6ef06dddc4819a7a7d78,full_annotation_v1,A,q_공예_05,가죽 공방,문화·여가 중 '공예'를 판매·제공하는 매장,val,공예,T4 구어·문장,1ca60dc0-38d0-49d7-8bdb-160b86a48635,로사,공방,중앙로상점가,자율상권구역,제주특별자치도,,,
e285457c1094d04226ac,full_annotation_v1,A,q_공예_05,가죽 공방,문화·여가 중 '공예'를 판매·제공하는 매장,val,공예,T4 구어·문장,ff8b2b8a-d586-47fc-9edb-90a83ea6d54a,인스타일,가죽 의류,남대문시장,전통시장,서울특별시,,,
680a78e3d3d47ad41bc6,full_annotation_v1,A,q_공예_05,가죽 공방,문화·여가 중 '공예'를 판매·제공하는 매장,val,공예,T4 구어·문장,01a0bb9d-a1c3-427c-8c4b-2fb13171253a,우물옆그집,커피음료쿠키기념품,개항희망문화상권 상권활성화구역,상권활성화구역,인천광역시,,,
8191121bfc8524773aae,full_annotation_v1,A,q_공예_05,가죽 공방,문화·여가 중 '공예'를 판매·제공하는 매장,val,공예,T4 구어·문장,0a357b62-4c2e-456c-a5c3-e626d87f7939,플로체디자인랩(그린스미스),기념품 화분 인테리어소품 생화 분화,도란도란 골목형상점가,골목형상점가,전북특별자치도,,,
793659a098cba87f809a,full_annotation_v1,A,q_공예_05,가죽 공방,문화·여가 중 '공예'를 판매·제공하는 매장,val,공예,T4 구어·문장,22ea6f56-810d-462b-b4d6-7b325e6cd9cd,댄디라인,가죽제품,서부시장(서부재래시장),전통시장,충청남도,,,
e9b26c2cce016b359e90,full_annotation_v1,A,q_공예_05,가죽 공방,문화·여가 중 '공예'를 판매·제공하는 매장,val,공예,T4 구어·문장,19ad7c14-7251-43be-a457-e4c1f7b94ec6,행운건강원,"건강식품가공, 판매",전의왕의물시장(전의전통시장),전통시장,세종특별자치시,,,
62ccd039432820fe4c13,full_annotation_v1,A,q_공예_05,가죽 공방,문화·여가 중 '공예'를 판매·제공하는 매장,val,공예,T4 구어·문장,c884f137-815a-4b8a-b16b-07a3f1861fb2,요담엔,공방,오월첫동네 골목형상점가,골목형상점가,광주광역시,,,
d6e06084db1395dc282b,full_annotation_v1,A,q_공예_05,가죽 공방,문화·여가 중 '공예'를 판매·제공하는 매장,val,공예,T4 구어·문장,3b921e52-fcc2-4bb1-beba-6fa3649a1ae2,포슬린페인팅아트스쿨,공방,송도 아트포레 판매시설 골목형상점가,골목형상점가,인천광역시,,,
286315bc05f432ddff85,full_annotation_v1,A,q_공예_05,가죽 공방,문화·여가 중 '공예'를 판매·제공하는 매장,val,공예,T4 구어·문장,b266eea7-cce2-4b28-9bbd-2a5699ebea11,서현공방,공방,마산 부림시장,전통시장,경상남도,,,
a343abde7fc3f6e54313,full_annotation_v1,A,q_공예_05,가죽 공방,문화·여가 중 '공예'를 판매·제공하는 매장,val,공예,T4 구어·문장,62eff91e-6bb7-454b-b902-3f21cb32d95f,뜨개놀이터,공방,도남시장,전통시장,제주특별자치도,,,
62997aec0ab8b9defd88,full_annotation_v1,A,q_공예_05,가죽 공방,문화·여가 중 '공예'를 판매·제공하는 매장,val,공예,T4 구어·문장,03f3c2e2-de36-4c1f-a497-cbcc7dd014d0,크래프트 스튜디오 88,은 장신구 및 은 공예품,빛고을공예창작촌 골목형상점가,골목형상점가,광주광역시,,,
3f85860121f96cdf92ef,full_annotation_v1,A,q_공예_05,가죽 공방,문화·여가 중 '공예'를 판매·제공하는 매장,val,공예,T4 구어·문장,c9d3728f-aa4b-472b-8a75-2357e82c3e62,온누크래프트,공방,충주관아골상가,전통시장,충청북도,,,
5c872fc2ee7bdba2b349,full_annotation_v1,A,q_공예_05,가죽 공방,문화·여가 중 '공예'를 판매·제공하는 매장,val,공예,T4 구어·문장,0607a1be-785f-4ff8-a429-3cece4493cca,마마스핸즈 세종한솔공방,,한솔센터 골목형상점가,골목형상점가,세종특별자치시,,,
4721a38aecf886ef5c4c,full_annotation_v1,A,q_공예_05,가죽 공방,문화·여가 중 '공예'를 판매·제공하는 매장,val,공예,T4 구어·문장,7ca52e26-4ca6-4ce1-894d-04388f314dee,파파식당,음식,LC타워거리 골목형상점가,골목형상점가,광주광역시,,,
7b6c4ce3571131569d3b,full_annotation_v1,A,q_공예_05,가죽 공방,문화·여가 중 '공예'를 판매·제공하는 매장,val,공예,T4 구어·문장,5a5bebf1-2fc0-4165-ae11-f78d836c935a,본아트,공방,임방울거리3구역 골목형상점가,골목형상점가,광주광역시,,,
e3f00f95a6e71aab7142,full_annotation_v1,A,q_공예_05,가죽 공방,문화·여가 중 '공예'를 판매·제공하는 매장,val,공예,T4 구어·문장,ba4c51c4-1bcb-49cc-b0f4-647beeaf248c,안다미로바느질방,공방,빛가람 하나로 골목형상점가,골목형상점가,전라남도,,,
f91cc0945578430e8a05,full_annotation_v1,A,q_공예_05,가죽 공방,문화·여가 중 '공예'를 판매·제공하는 매장,val,공예,T4 구어·문장,bd695bc3-0427-466d-8a75-ea240a0ae129,공방 다재,,용상공설시장,전통시장,경상북도,,,
2e203091f194e66f9994,full_annotation_v1,A,q_공예_05,가죽 공방,문화·여가 중 '공예'를 판매·제공하는 매장,val,공예,T4 구어·문장,019d27d7-ed5d-4bc6-aee7-3162cf2c7d3e,탑키드,공예부자재,동대문문구완구거리,자율상권구역,서울특별시,,,
bc1083ddc128154ae382,full_annotation_v1,A,q_공예_05,가죽 공방,문화·여가 중 '공예'를 판매·제공하는 매장,val,공예,T4 구어·문장,0193006c-a04d-4bd7-8ce5-791c5497fe3a,드림크래프트,"액자제작, 공예재료",북동 골목형상점가,골목형상점가,광주광역시,,,
b35d14ec948e4fd15081,full_annotation_v1,A,q_공예_05,가죽 공방,문화·여가 중 '공예'를 판매·제공하는 매장,val,공예,T4 구어·문장,53695a72-6fc1-4a56-9a15-b44842ff9b11,랄라아트클래스,공방,과천새서울프라자시장,전통시장,경기도,,,
ebdb41ff6c990696fc39,full_annotation_v1,A,q_공예_05,가죽 공방,문화·여가 중 '공예'를 판매·제공하는 매장,val,공예,T4 구어·문장,683a0aaf-5d8a-4e70-8613-f41741b0644a,퀼트로제,공방,선스포츠프라자,전통시장,대구광역시,,,
6e93a070e3c6b9f240e1,full_annotation_v1,A,q_공예_05,가죽 공방,문화·여가 중 '공예'를 판매·제공하는 매장,val,공예,T4 구어·문장,c226642b-2ca0-4b11-8ef4-778db1c937b5,장수혼수방,이불,대전중앙활성화구역,상권활성화구역,대전광역시,,,
c38b8b0dc42dc4c17362,full_annotation_v1,A,q_공예_05,가죽 공방,문화·여가 중 '공예'를 판매·제공하는 매장,val,공예,T4 구어·문장,a114c7ac-8df1-4b6c-8d03-82ed92aa6d65,다다다소잉스튜디오,공방,망원동월드컵시장,전통시장,서울특별시,,,
1d49c021c99b22a4e02f,full_annotation_v1,A,q_공예_05,가죽 공방,문화·여가 중 '공예'를 판매·제공하는 매장,val,공예,T4 구어·문장,02a3b9f3-83e8-44d2-bc4b-4b2c25796b3d,서현 크래프트,수공예품,예술의거리 골목형상점가,골목형상점가,광주광역시,,,
38438fa67b1b7d7bc612,full_annotation_v1,A,q_공예_05,가죽 공방,문화·여가 중 '공예'를 판매·제공하는 매장,val,공예,T4 구어·문장,b9c9d175-225d-4674-a073-31f42b1150e2,발효공방누룩담,공방,공항동먹자골목골목형상점가,골목형상점가,서울특별시,,,
5703cf1c063ddc240d2f,full_annotation_v1,A,q_공예_05,가죽 공방,문화·여가 중 '공예'를 판매·제공하는 매장,val,공예,T4 구어·문장,b7b6dc2b-2cbc-45d2-8185-acdc73ba8108,앨리스,공방,광양시장골목형상점가,골목형상점가,제주특별자치도,,,
7a5440e8bb842847084e,full_annotation_v1,A,q_공예_05,가죽 공방,문화·여가 중 '공예'를 판매·제공하는 매장,val,공예,T4 구어·문장,749d94bc-7e09-4b22-9d2e-bae821ed0b0a,네일서리다,네일,금호아파트상인회 골목형상점가,골목형상점가,광주광역시,,,
503f48854e98535f4ec9,full_annotation_v1,A,q_공예_05,가죽 공방,문화·여가 중 '공예'를 판매·제공하는 매장,val,공예,T4 구어·문장,dd41080d-5423-4741-91cf-af232d51394a,정동필 참치,일식,강서구청먹자골목골목형상점가,골목형상점가,서울특별시,,,
1265dada6f502db46d59,full_annotation_v1,A,q_공예_05,가죽 공방,문화·여가 중 '공예'를 판매·제공하는 매장,val,공예,T4 구어·문장,0a66a7fc-3a7b-4f93-b364-fc8b98b96d50,엄사스포츠,"스포츠용품, 기념품",엄사 골목형상점가,골목형상점가,충청남도,,,
ca2adae2d3a32be3bd8e,full_annotation_v1,A,q_공예_05,가죽 공방,문화·여가 중 '공예'를 판매·제공하는 매장,val,공예,T4 구어·문장,a2de5c7e-6482-4f31-b19e-153c3a207ee7,라마노(LaMano),가죽,문화의거리 상점가,자율상권구역,울산광역시,,,
5a295885b6deeebde2c0,full_annotation_v1,A,q_공예_05,가죽 공방,문화·여가 중 '공예'를 판매·제공하는 매장,val,공예,T4 구어·문장,003d5df8-0856-45e0-a11e-5098cf70541e,앨리스리본&공방,"공방, 잡화",봉화내성시장,전통시장,경상북도,,,
fcb0b7e3f6e8e64cdc7f,full_annotation_v1,A,q_공예_05,가죽 공방,문화·여가 중 '공예'를 판매·제공하는 매장,val,공예,T4 구어·문장,4d9fa5b9-72a7-4ceb-914c-a31d3c13e4a6,토박이무쇠가마솥닭강정,치킨,가경터미널시장,전통시장,충청북도,,,
aadb10a7ceb2c3a7e710,full_annotation_v1,A,q_공예_05,가죽 공방,문화·여가 중 '공예'를 판매·제공하는 매장,val,공예,T4 구어·문장,6372ee34-2e04-4dbe-8296-47d72d17bcf6,니들웍스 가죽공방,가죽,예술의거리 골목형상점가,골목형상점가,광주광역시,,,
500f7304fbb89354b614,full_annotation_v1,A,q_공예_05,가죽 공방,문화·여가 중 '공예'를 판매·제공하는 매장,val,공예,T4 구어·문장,286ae918-a755-4196-b02d-6311c73d7e36,토토공방,도자기 공방,상무중앙로46구역상인회 골목형상점가,골목형상점가,광주광역시,,,
32480d8cd042c80bb402,full_annotation_v1,A,q_공예_05,가죽 공방,문화·여가 중 '공예'를 판매·제공하는 매장,val,공예,T4 구어·문장,4a0d8a9a-83bd-4c83-b657-e49c221fba51,민승기공방,공방,예스파크 상점가,자율상권구역,경기도,,,
3efea500281a3cb2b3dd,full_annotation_v1,A,q_공예_05,가죽 공방,문화·여가 중 '공예'를 판매·제공하는 매장,val,공예,T4 구어·문장,275b46e0-7d68-46ee-be7b-a9bbfa8718ad,줄벼락,냉면,전남대 상대 골목형상점가,골목형상점가,광주광역시,,,
3a70aba1276ba93fabd4,full_annotation_v1,A,q_공예_05,가죽 공방,문화·여가 중 '공예'를 판매·제공하는 매장,val,공예,T4 구어·문장,bb49b066-8411-403f-999c-c668fd69c932,대대토건,공방,중앙어울림시장(구 중앙공설시장),전통시장,충청북도,,,
714ae9af9080f93822af,full_annotation_v1,A,q_공예_05,가죽 공방,문화·여가 중 '공예'를 판매·제공하는 매장,val,공예,T4 구어·문장,71ef1d40-7632-45fc-88f4-fe3945376936,소울엔공방,공방 공예품,단국대 앞 골목형상점가,골목형상점가,경기도,,,
6871633031fdff2235b6,full_annotation_v1,A,q_공예_05,가죽 공방,문화·여가 중 '공예'를 판매·제공하는 매장,val,공예,T4 구어·문장,0e2fe574-d400-4022-a456-f3c2b55c061c,시원솜씨,공방,춘천지하상가,일반지하상점가,강원특별자치도,,,
61f74033b94f7a9f508e,full_annotation_v1,A,q_공예_05,가죽 공방,문화·여가 중 '공예'를 판매·제공하는 매장,val,공예,T4 구어·문장,d431eed3-8c72-461f-8186-8a828400f091,소소(SOSO) 공방,공방,의정부제일시장,전통시장,경기도,,,
3caba7325cfaf76a48e5,full_annotation_v1,A,q_공예_05,가죽 공방,문화·여가 중 '공예'를 판매·제공하는 매장,val,공예,T4 구어·문장,6f03c13c-bd2e-4ac2-85dc-d48802b7c9c6,해이데이 공방,공방,문화의거리 상점가,자율상권구역,울산광역시,,,
c9b3ce1ecbf7de67bd56,full_annotation_v1,A,q_공예_05,가죽 공방,문화·여가 중 '공예'를 판매·제공하는 매장,val,공예,T4 구어·문장,416a34ca-71c1-4fb9-9406-edd11d5329a7,순희네상가 2번,활어,죽도어시장,전통시장,경상북도,,,
e50b5aa06bc302069c78,full_annotation_v1,A,q_공예_05,가죽 공방,문화·여가 중 '공예'를 판매·제공하는 매장,val,공예,T4 구어·문장,75f0976b-a3f7-468e-9333-8b009e274856,작품한땀,공방,금당산길상인회 골목형상점가,골목형상점가,광주광역시,,,
c0b899039781759bf4b5,full_annotation_v1,A,q_공예_05,가죽 공방,문화·여가 중 '공예'를 판매·제공하는 매장,val,공예,T4 구어·문장,d090d493-7a09-449e-a0ca-1e9e19e0665e,유쾌한작업실,가죽,오정 어린이공원 골목형상점가,골목형상점가,광주광역시,,,
9a828658fe875d0ed8b0,full_annotation_v1,A,q_공예_05,가죽 공방,문화·여가 중 '공예'를 판매·제공하는 매장,val,공예,T4 구어·문장,00a8e75c-0d18-48db-9f9b-42f8ced936b8,미다리본,공예품,구미형곡시장프라자,전통시장,경상북도,,,
ef7cfa104665934c25a7,full_annotation_v1,A,q_공예_05,가죽 공방,문화·여가 중 '공예'를 판매·제공하는 매장,val,공예,T4 구어·문장,02a0c412-f0ae-4a4f-b716-75605cdcb533,"현대종합가구,해일공방",,장흥시장 골목형상점가,골목형상점가,,,,
eee99214cb5976a53e51,full_annotation_v1,A,q_공예_05,가죽 공방,문화·여가 중 '공예'를 판매·제공하는 매장,val,공예,T4 구어·문장,fc6c4003-14fe-4889-96ed-68521d87ce0e,아랑화실,공방,사기막골도자기시장(구 사기막골도예촌재래시장),전통시장,경기도,,,
5974945bfeeda1df062d,full_annotation_v1,A,q_공예_05,가죽 공방,문화·여가 중 '공예'를 판매·제공하는 매장,val,공예,T4 구어·문장,981d1ee5-ffa1-4f32-8af1-a40da826d49d,올랑올랑 아이스크림,"식품, 문구",다산 상생 상점가,골목형상점가,경기도,,,
2908a397cdbb5c49b2cb,full_annotation_v1,A,q_공예_05,가죽 공방,문화·여가 중 '공예'를 판매·제공하는 매장,val,공예,T4 구어·문장,dabd06a7-f4d2-44a4-b0ad-a4cae4431aa5,라라공방,공방,군산 원도심 골목형상점가,골목형상점가,전북특별자치도,,,
0752f4169422f532591b,full_annotation_v1,A,q_공예_05,가죽 공방,문화·여가 중 '공예'를 판매·제공하는 매장,val,공예,T4 구어·문장,04baede5-1cb5-421b-ae51-c42ae1e347e0,베데레vedere,가죽제품,송정벚꽃골목형상점가,골목형상점가,서울특별시,,,
02e86382f0e2b99ac85f,full_annotation_v1,A,q_공예_06,공녜,문화·여가 중 '공예'를 판매·제공하는 매장,val,공예,T6 기계변형,042f49ec-6fb9-4278-afdd-941eb811d671,공밀,떡류,바람골골목형상점가,골목형상점가,충청북도,,,
eb08ccd42b730cba618c,full_annotation_v1,A,q_공예_06,공녜,문화·여가 중 '공예'를 판매·제공하는 매장,val,공예,T6 기계변형,f91fbd9b-581c-475c-b311-4f755d3ffd19,씨유 기흥보라타운점,,한보라 골목형상점가,골목형상점가,경기도,,,
bf364d82e185f2558861,full_annotation_v1,A,q_공예_06,공녜,문화·여가 중 '공예'를 판매·제공하는 매장,val,공예,T6 기계변형,29af563e-bd97-4b6c-97c9-6bcf3a75e74a,하이오커피 광주신창점,"커피, 음료",신창중 골목형상점가,골목형상점가,광주광역시,,,
427a25998886ff4537a2,full_annotation_v1,A,q_공예_06,공녜,문화·여가 중 '공예'를 판매·제공하는 매장,val,공예,T6 기계변형,e9c78a46-2454-46bc-b86a-b04deaf17748,발자국카페,커피등,고산구시장 상점가,자율상권구역,전북특별자치도,,,
97bfa94e7a225fa4d9fc,full_annotation_v1,A,q_공예_06,공녜,문화·여가 중 '공예'를 판매·제공하는 매장,val,공예,T6 기계변형,05c601de-f626-410c-adee-b08537ab3042,버치크래프트 코리아,관광민예품 및 장식용품 관광기념품,강릉성남시장,전통시장,강원특별자치도,,,
0dca2fc408704500ce3e,full_annotation_v1,A,q_공예_06,공녜,문화·여가 중 '공예'를 판매·제공하는 매장,val,공예,T6 기계변형,84b7643f-7c93-4aeb-81da-909eab7c2024,공방소소,공예품,전주한옥마을 골목형상점가,골목형상점가,전북특별자치도,,,
5fed544db0d1122b1734,full_annotation_v1,A,q_공예_06,공녜,문화·여가 중 '공예'를 판매·제공하는 매장,val,공예,T6 기계변형,196b138e-f061-45f6-9cb0-1f1b128b7027,공영상회,,팔달신시장,전통시장,대구광역시,,,
8a9887313c3817813454,full_annotation_v1,A,q_공예_06,공녜,문화·여가 중 '공예'를 판매·제공하는 매장,val,공예,T6 기계변형,558918d0-5a30-4323-a395-7e800f63ec2f,25센치관꼬치앤오뎅바,꼬치앤오뎅,관저동 먹자골목 골목형상점가,골목형상점가,대전광역시,,,
c48dcf1c73a8cb982a4c,full_annotation_v1,A,q_공예_06,공녜,문화·여가 중 '공예'를 판매·제공하는 매장,val,공예,T6 기계변형,9a9515ca-5553-41af-90ee-1c4bd428ccf4,청월호야,공방 및 공예품,가락타운상가시장,전통시장,부산광역시,,,
4fb5430904041b8b05c1,full_annotation_v1,A,q_공예_06,공녜,문화·여가 중 '공예'를 판매·제공하는 매장,val,공예,T6 기계변형,025b097b-3ecb-4738-ab0f-d71bc283e74d,반지점방,공예품 장신구,양림공예거리 골목형상점가,골목형상점가,광주광역시,,,
d65eef21ec39850cc24e,full_annotation_v1,A,q_공예_06,공녜,문화·여가 중 '공예'를 판매·제공하는 매장,val,공예,T6 기계변형,6a300ecf-780e-42a6-b847-ff643a1ff3c8,공방예빛,의류,종오지하쇼핑센터,일반지하상점가,서울특별시,,,
45d85c7a2b1634b7c6c6,full_annotation_v1,A,q_공예_06,공녜,문화·여가 중 '공예'를 판매·제공하는 매장,val,공예,T6 기계변형,ca3aadd7-26e1-40c2-b2b2-19ac4e53f063,길호찹쌀호떡,호떡,중마시장,전통시장,전라남도,,,
04fb709af6cf657d5aba,full_annotation_v1,A,q_공예_06,공녜,문화·여가 중 '공예'를 판매·제공하는 매장,val,공예,T6 기계변형,0aae4585-5820-472c-a819-bfbb3faca317,감천문화마을 소행성 비612 기념품숍,"기념품, 공예품",감천문화마을 골목형상점가,골목형상점가,부산광역시,,,
66de2aa96d1186fe2c21,full_annotation_v1,A,q_공예_06,공녜,문화·여가 중 '공예'를 판매·제공하는 매장,val,공예,T6 기계변형,6bea6bc5-0451-410d-b318-e6a3c0df6f4c,공병상회,,원주자유시장,전통시장,강원특별자치도,,,
24b1b88431b1df5557ab,full_annotation_v1,A,q_공예_06,공녜,문화·여가 중 '공예'를 판매·제공하는 매장,val,공예,T6 기계변형,003d5df8-0856-45e0-a11e-5098cf70541e,앨리스리본&공방,"공방, 잡화",봉화내성시장,전통시장,경상북도,,,
e9c71e326276fe395bec,full_annotation_v1,A,q_공예_06,공녜,문화·여가 중 '공예'를 판매·제공하는 매장,val,공예,T6 기계변형,4342b611-a06b-49ba-a1d6-67c3cb3907b6,공석어물,생선,울진시장(울진바지게시장),전통시장,경상북도,,,
7834fe0da608c2cc035f,full_annotation_v1,A,q_공예_06,공녜,문화·여가 중 '공예'를 판매·제공하는 매장,val,공예,T6 기계변형,2e445a15-d008-42f3-9285-7568927c1c3e,공블리,잡화,동산상가,전통시장,대구광역시,,,
dd6533e268f3a4fa6b74,full_annotation_v1,A,q_공예_06,공녜,문화·여가 중 '공예'를 판매·제공하는 매장,val,공예,T6 기계변형,00a8e75c-0d18-48db-9f9b-42f8ced936b8,미다리본,공예품,구미형곡시장프라자,전통시장,경상북도,,,
6cf1f3db0c22741d2a19,full_annotation_v1,A,q_공예_06,공녜,문화·여가 중 '공예'를 판매·제공하는 매장,val,공예,T6 기계변형,189313b8-6797-4fb4-83dd-2d89f6419c16,공간,,빛가람 로데오 골목형상점가,골목형상점가,,,,
d309ff0c948b6bf35548,full_annotation_v1,A,q_공예_06,공녜,문화·여가 중 '공예'를 판매·제공하는 매장,val,공예,T6 기계변형,5e924461-f970-4bc0-8dda-b512a9bb67e8,공간커피,카페,서울약령시장,전통시장,서울특별시,,,
a2115119480df3224d03,full_annotation_v1,A,q_공예_06,공녜,문화·여가 중 '공예'를 판매·제공하는 매장,val,공예,T6 기계변형,5eb6149a-3688-4d97-983b-392a434e8307,공간봄,,도안우미 골목형상점가,골목형상점가,대전광역시,,,
b9ebe096305168d032c8,full_annotation_v1,A,q_공예_06,공녜,문화·여가 중 '공예'를 판매·제공하는 매장,val,공예,T6 기계변형,c6ef0aca-d5be-4c29-a74f-0888d01881fd,공미,한식,산업용재관,전통시장,대구광역시,,,
b78ff3b7ac00e23f1ab0,full_annotation_v1,A,q_공예_06,공녜,문화·여가 중 '공예'를 판매·제공하는 매장,val,공예,T6 기계변형,0b20bc64-fbfa-4e46-9963-166d496a34a1,공주당,,청라언덕 골목형상점가,골목형상점가,대구광역시,,,
af1e66763f01e18c766c,full_annotation_v1,A,q_공예_06,공녜,문화·여가 중 '공예'를 판매·제공하는 매장,val,공예,T6 기계변형,02a3b9f3-83e8-44d2-bc4b-4b2c25796b3d,서현 크래프트,수공예품,예술의거리 골목형상점가,골목형상점가,광주광역시,,,
ee1a894887296fcbf664,full_annotation_v1,A,q_공예_06,공녜,문화·여가 중 '공예'를 판매·제공하는 매장,val,공예,T6 기계변형,a2024a74-a051-48cb-8dd1-bc0d406254fe,호미아크,,한보라 골목형상점가,골목형상점가,경기도,,,
0d65ffd75ea52290c85c,full_annotation_v1,A,q_공예_06,공녜,문화·여가 중 '공예'를 판매·제공하는 매장,val,공예,T6 기계변형,60867575-86f7-4a01-bcae-7a6d17ce529a,공명상회,의류,경주성동공설시장,전통시장,경상북도,,,
c244b349f007eee07bf9,full_annotation_v1,A,q_공예_06,공녜,문화·여가 중 '공예'를 판매·제공하는 매장,val,공예,T6 기계변형,eb2bc825-cc92-4823-9ed9-dc46ba62b032,공다정,음식,범어식주가무명인골목 골목형상점가,골목형상점가,대구광역시,,,
fb1445befa2caf0006e4,full_annotation_v1,A,q_공예_06,공녜,문화·여가 중 '공예'를 판매·제공하는 매장,val,공예,T6 기계변형,a110f586-840e-41c9-a0eb-39f12dd83da7,공블리,의류,창원 성원그랜드쇼핑상가,전통시장,경상남도,,,
21d3d583cc55e59747ff,full_annotation_v1,A,q_공예_06,공녜,문화·여가 중 '공예'를 판매·제공하는 매장,val,공예,T6 기계변형,7a53fb98-45c9-4807-b8e1-a39342c49c52,명주네전집,한식,이수미로골목형상점가,골목형상점가,서울특별시,,,
a19e24d77eb034fb551d,full_annotation_v1,A,q_공예_06,공녜,문화·여가 중 '공예'를 판매·제공하는 매장,val,공예,T6 기계변형,01a0bb9d-a1c3-427c-8c4b-2fb13171253a,우물옆그집,커피음료쿠키기념품,개항희망문화상권 상권활성화구역,상권활성화구역,인천광역시,,,
94bfc78ab771674e024c,full_annotation_v1,A,q_공예_06,공녜,문화·여가 중 '공예'를 판매·제공하는 매장,val,공예,T6 기계변형,38102f2b-88ac-4171-82ff-61277f7ef50d,공다방,커피,공산성골목형상점가,골목형상점가,충청남도,,,
9fea5f50ce804064995a,full_annotation_v1,A,q_공예_06,공녜,문화·여가 중 '공예'를 판매·제공하는 매장,val,공예,T6 기계변형,14fde275-edc6-40f2-8cdf-691b7079d968,공항맛집,,톱머리 골목형상점가,골목형상점가,전라남도,,,
d455ff7442494def3e1c,full_annotation_v1,A,q_공예_06,공녜,문화·여가 중 '공예'를 판매·제공하는 매장,val,공예,T6 기계변형,beacf2c2-9a40-4e20-a7d4-6804a3b60a22,환&환 공예스쿨,공예,문화의거리 상점가,자율상권구역,울산광역시,,,
574e6420102280280b85,full_annotation_v1,A,q_공예_06,공녜,문화·여가 중 '공예'를 판매·제공하는 매장,val,공예,T6 기계변형,078ab1aa-7e8f-4e02-8438-52d71691c5b9,공단횟집,한식,창원 토월복합상가시장,전통시장,경상남도,,,
eaa0a7e20c9d6a06d4ab,full_annotation_v1,A,q_공예_06,공녜,문화·여가 중 '공예'를 판매·제공하는 매장,val,공예,T6 기계변형,0193006c-a04d-4bd7-8ce5-791c5497fe3a,드림크래프트,"액자제작, 공예재료",북동 골목형상점가,골목형상점가,광주광역시,,,
7c396f0fae5fa15729de,full_annotation_v1,A,q_공예_06,공녜,문화·여가 중 '공예'를 판매·제공하는 매장,val,공예,T6 기계변형,a9fa8b06-280a-4076-babf-27bef58ca4c6,이화자수,자수제품,충장로45가 상점가,자율상권구역,광주광역시,,,
0c4a45ede73c1d3c5770,full_annotation_v1,A,q_공예_06,공녜,문화·여가 중 '공예'를 판매·제공하는 매장,val,공예,T6 기계변형,bd695bc3-0427-466d-8a75-ea240a0ae129,공방 다재,,용상공설시장,전통시장,경상북도,,,
181c67e43eee532ba0cb,full_annotation_v1,A,q_공예_06,공녜,문화·여가 중 '공예'를 판매·제공하는 매장,val,공예,T6 기계변형,3ca53b1e-d84d-417d-9ab0-80c4d1e80234,공식당,,양산동 골목형상점가,골목형상점가,광주광역시,,,
76971bcf5c45af98921a,full_annotation_v1,A,q_공예_06,공녜,문화·여가 중 '공예'를 판매·제공하는 매장,val,공예,T6 기계변형,93e3d6ef-a7c5-40a3-8cb8-2d7d587cf5a0,공앤공,순대,구포축산물도매시장,전통시장,부산광역시,,,
ecf0441aad0459a38d23,full_annotation_v1,A,q_공예_06,공녜,문화·여가 중 '공예'를 판매·제공하는 매장,val,공예,T6 기계변형,43cecd98-f23d-45be-b189-c49208410fc0,공설꽃공예,공예품,충주자유시장,전통시장,충청북도,,,
6f39a4ffa4de20172980,full_annotation_v1,A,q_공예_06,공녜,문화·여가 중 '공예'를 판매·제공하는 매장,val,공예,T6 기계변형,e21f9154-a888-4cf3-9588-8df20d2bd86a,공방상회,공예품,달서시장,전통시장,대구광역시,,,
c04537b8e3b2daba96d6,full_annotation_v1,A,q_공예_06,공녜,문화·여가 중 '공예'를 판매·제공하는 매장,val,공예,T6 기계변형,04835808-77c7-4465-89b2-7033f3d66b88,홍 스트링 공방(홍 스포츠),,양산 물금백호마을 골목형상점가,골목형상점가,경상남도,,,
d9b91baf71f1f459e9f7,full_annotation_v1,A,q_공예_06,공녜,문화·여가 중 '공예'를 판매·제공하는 매장,val,공예,T6 기계변형,0a357b62-4c2e-456c-a5c3-e626d87f7939,플로체디자인랩(그린스미스),기념품 화분 인테리어소품 생화 분화,도란도란 골목형상점가,골목형상점가,전북특별자치도,,,
fe27bac4ab63188b2393,full_annotation_v1,A,q_공예_06,공녜,문화·여가 중 '공예'를 판매·제공하는 매장,val,공예,T6 기계변형,6214ff11-3c60-42e8-908c-bec14b3380e1,자운가정의원,병원,자운대 골목형상점가,골목형상점가,대전광역시,,,
eac08b360bd1be0851f8,full_annotation_v1,A,q_공예_06,공녜,문화·여가 중 '공예'를 판매·제공하는 매장,val,공예,T6 기계변형,66c1c790-23b7-45c5-8de1-02428b4e76bd,공작새,의류,연산전통시장,전통시장,충청남도,,,
2d9802c95c303c744ca9,full_annotation_v1,A,q_공예_06,공녜,문화·여가 중 '공예'를 판매·제공하는 매장,val,공예,T6 기계변형,19ad7c14-7251-43be-a457-e4c1f7b94ec6,행운건강원,"건강식품가공, 판매",전의왕의물시장(전의전통시장),전통시장,세종특별자치시,,,
92177f90197c5bac40ea,full_annotation_v1,A,q_공예_06,공녜,문화·여가 중 '공예'를 판매·제공하는 매장,val,공예,T6 기계변형,02a0c412-f0ae-4a4f-b716-75605cdcb533,"현대종합가구,해일공방",,장흥시장 골목형상점가,골목형상점가,,,,
45d3613449cb7a073bd3,full_annotation_v1,A,q_공예_06,공녜,문화·여가 중 '공예'를 판매·제공하는 매장,val,공예,T6 기계변형,03f3c2e2-de36-4c1f-a497-cbcc7dd014d0,크래프트 스튜디오 88,은 장신구 및 은 공예품,빛고을공예창작촌 골목형상점가,골목형상점가,광주광역시,,,
b0722707dac0dcf980c6,full_annotation_v1,A,q_공예_06,공녜,문화·여가 중 '공예'를 판매·제공하는 매장,val,공예,T6 기계변형,00c044be-2483-4a59-9e29-41cbd79cfbe4,배움태권도,교육서비스업,압촌동 골목형상점가,골목형상점가,광주광역시,,,
d85a3f092a9b8f4d86a3,full_annotation_v1,A,q_공예_06,공녜,문화·여가 중 '공예'를 판매·제공하는 매장,val,공예,T6 기계변형,92556999-b0fd-41e6-8e91-35c70feac78a,토몽,공방,예스파크 상점가,자율상권구역,경기도,,,
5e3c73134cddf8f0685d,full_annotation_v1,A,q_공예_06,공녜,문화·여가 중 '공예'를 판매·제공하는 매장,val,공예,T6 기계변형,0607a1be-785f-4ff8-a429-3cece4493cca,마마스핸즈 세종한솔공방,,한솔센터 골목형상점가,골목형상점가,세종특별자치시,,,
d98ef3b7f5f6fa669666,full_annotation_v1,A,q_공예_06,공녜,문화·여가 중 '공예'를 판매·제공하는 매장,val,공예,T6 기계변형,37d34ee2-39b2-4ac6-a6c3-b2e70f7031a0,공중가,한식,호매실역중심상가 골목형상점가,골목형상점가,경기도,,,
79358ffecb527bfc275b,full_annotation_v1,A,q_공예_06,공녜,문화·여가 중 '공예'를 판매·제공하는 매장,val,공예,T6 기계변형,f3211873-f9d0-400b-91ce-69feb0cadb3e,일성스텐,주방그릇,경동시장,전통시장,서울특별시,,,
3e3c512944b63b54f78b,full_annotation_v1,A,q_공예_06,공녜,문화·여가 중 '공예'를 판매·제공하는 매장,val,공예,T6 기계변형,65777e28-f906-4eed-9483-31afb8e2f103,공앤리,의류,길음시장,전통시장,서울특별시,,,
e0f845bc9537f6f7ac9a,full_annotation_v1,A,q_공예_06,공녜,문화·여가 중 '공예'를 판매·제공하는 매장,val,공예,T6 기계변형,2fe1147b-e40e-4929-a88e-44fdb67b5b87,공구시대,공구,산업용재관,전통시장,대구광역시,,,
327b7afb766c5ace5782,full_annotation_v1,A,q_공예_06,공녜,문화·여가 중 '공예'를 판매·제공하는 매장,val,공예,T6 기계변형,a23fbdbd-32c7-453b-aa76-582f9b37bca5,공수뜰가든,한식,거창 가조상점가거리,골목형상점가,경상남도,,,
9fe8fb8129d90133c815,full_annotation_v1,A,q_공예_06,공녜,문화·여가 중 '공예'를 판매·제공하는 매장,val,공예,T6 기계변형,c91a8030-506c-4a5b-a45a-7fb34f2b8bd7,청호수산,수산물,목포청호시장,전통시장,,,,
0b8d2d04cad37733a1a8,full_annotation_v1,A,q_공예_06,공녜,문화·여가 중 '공예'를 판매·제공하는 매장,val,공예,T6 기계변형,33a97d33-cd63-40f2-86fd-434d0ed8e51e,공간연출나누리,공방,첨단이웃사랑 골목형상점가,골목형상점가,광주광역시,,,
cdc9cebd97079a040f3c,full_annotation_v1,A,q_공예_06,공녜,문화·여가 중 '공예'를 판매·제공하는 매장,val,공예,T6 기계변형,569d2f2a-c6ac-4835-8aba-c6a6e21e7abb,공리,중식,잠원하길골목형상점가,골목형상점가,서울특별시,,,
08feae7548d574749aa2,full_annotation_v1,A,q_공예_06,공녜,문화·여가 중 '공예'를 판매·제공하는 매장,val,공예,T6 기계변형,019d27d7-ed5d-4bc6-aee7-3162cf2c7d3e,탑키드,공예부자재,동대문문구완구거리,자율상권구역,서울특별시,,,
6a17ff36f6ed565cf380,full_annotation_v1,A,q_공예_06,공녜,문화·여가 중 '공예'를 판매·제공하는 매장,val,공예,T6 기계변형,016791a8-1d36-407c-be53-a8bf1f7d6f98,눈데이썬(NOONDAY SUN,예술공방공예품,천안역지하상가,일반지하상점가,충청남도,,,
e9bf5f36b10114eb57fc,full_annotation_v1,A,q_공예_06,공녜,문화·여가 중 '공예'를 판매·제공하는 매장,val,공예,T6 기계변형,171ea25d-c592-4bec-8c76-13d558dfe174,다모아카센타,자동차수리,송도용보 골목형상점가,골목형상점가,광주광역시,,,
29d9e5e50944f93d59b1,full_annotation_v1,A,q_공예_06,공녜,문화·여가 중 '공예'를 판매·제공하는 매장,val,공예,T6 기계변형,d7f66821-be89-40bb-9dcf-357fc6bfd42e,혜일,공예잡화,남대문시장,전통시장,서울특별시,,,
f9807f4cd9131b429456,full_annotation_v1,A,q_공예_06,공녜,문화·여가 중 '공예'를 판매·제공하는 매장,val,공예,T6 기계변형,970a188d-9bbf-4845-8428-1547c556d7e2,공간타일,,팔달 골목형상점가,골목형상점가,전북특별자치도,,,
caf09cac694363189f54,full_annotation_v1,A,q_공예_06,공녜,문화·여가 중 '공예'를 판매·제공하는 매장,val,공예,T6 기계변형,22ea6f56-810d-462b-b4d6-7b325e6cd9cd,댄디라인,가죽제품,서부시장(서부재래시장),전통시장,충청남도,,,
3d631646850488008299,full_annotation_v1,A,q_공예_06,공녜,문화·여가 중 '공예'를 판매·제공하는 매장,val,공예,T6 기계변형,59f49d8c-6d4f-442a-8235-9e101aff1e4d,태창상회,속옷,중앙종합시장,전통시장,대전광역시,,,
d397ae2ebd4b47850506,full_annotation_v1,A,q_공예_06,공녜,문화·여가 중 '공예'를 판매·제공하는 매장,val,공예,T6 기계변형,c4b0e5d5-b165-4403-b47c-5977a44a7b1f,공떡,음식점,남부골목시장,전통시장,서울특별시,,,
e232f31a0d734bfdbf27,full_annotation_v1,A,q_공예_06,공녜,문화·여가 중 '공예'를 판매·제공하는 매장,val,공예,T6 기계변형,b5c7614b-f017-4913-b3f3-c1d8b0353dcb,태권도장 아토,태권도,커낼워크상점가,골목형상점가,인천광역시,,,
876c37634f2484258cdf,full_annotation_v1,A,q_공예_06,공녜,문화·여가 중 '공예'를 판매·제공하는 매장,val,공예,T6 기계변형,56378130-a5fb-4d82-ab47-83e7941afda3,해육반,음식,첨단시리단길,골목형상점가,광주광역시,,,
f6882a79d35323bb938d,full_annotation_v1,A,q_공예_06,공녜,문화·여가 중 '공예'를 판매·제공하는 매장,val,공예,T6 기계변형,7077e40c-b2f3-4fda-8a42-61f8613f4362,아이툴스,공구,양동산업용품시장,전통시장,광주광역시,,,
84c43b6b06fc09abf931,full_annotation_v1,A,q_공예_06,공녜,문화·여가 중 '공예'를 판매·제공하는 매장,val,공예,T6 기계변형,04baede5-1cb5-421b-ae51-c42ae1e347e0,베데레vedere,가죽제품,송정벚꽃골목형상점가,골목형상점가,서울특별시,,,
07975c648cbf2414a60f,full_annotation_v1,A,q_공예_06,공녜,문화·여가 중 '공예'를 판매·제공하는 매장,val,공예,T6 기계변형,c884f137-815a-4b8a-b16b-07a3f1861fb2,요담엔,공방,오월첫동네 골목형상점가,골목형상점가,광주광역시,,,
e7c015cb7ff658e80586,full_annotation_v1,A,q_공예_06,공녜,문화·여가 중 '공예'를 판매·제공하는 매장,val,공예,T6 기계변형,0a76f312-624d-4fec-9ad0-b0cf033dab4c,공익사,의류,대전중앙활성화구역,상권활성화구역,대전광역시,,,
558ef827a368128d901e,full_annotation_v1,A,q_공예_06,공녜,문화·여가 중 '공예'를 판매·제공하는 매장,val,공예,T6 기계변형,05d82934-32de-48f2-bbd0-038f8d09fe4f,시즈레더,가죽제품,신창 골목형상점가,골목형상점가,광주광역시,,,
f73ca4b1e0a538811e3f,full_annotation_v1,A,q_공예_06,공녜,문화·여가 중 '공예'를 판매·제공하는 매장,val,공예,T6 기계변형,07cda024-8aeb-44c2-b5e2-48a753b93afe,가죽공방 수미상관,가죽제품,첨단이웃사랑 골목형상점가,골목형상점가,광주광역시,,,
c278db344d69dc59d229,full_annotation_v1,A,q_공예_06,공녜,문화·여가 중 '공예'를 판매·제공하는 매장,val,공예,T6 기계변형,0a66a7fc-3a7b-4f93-b364-fc8b98b96d50,엄사스포츠,"스포츠용품, 기념품",엄사 골목형상점가,골목형상점가,충청남도,,,
a2beeed187ca22b64c74,full_annotation_v1,A,q_공예_06,공녜,문화·여가 중 '공예'를 판매·제공하는 매장,val,공예,T6 기계변형,e4671673-6c51-4a82-9531-eee81535674d,공만치킨,,현대테라타워DIMC상점가,골목형상점가,경기도,,,
e1219e9bf280b174d11f,full_annotation_v1,A,q_공예_07,공예추천,문화·여가 중 '공예'를 판매·제공하는 매장,val,공예,T6 기계변형,04835808-77c7-4465-89b2-7033f3d66b88,홍 스트링 공방(홍 스포츠),,양산 물금백호마을 골목형상점가,골목형상점가,경상남도,,,
9e2bb19584e44fece84d,full_annotation_v1,A,q_공예_07,공예추천,문화·여가 중 '공예'를 판매·제공하는 매장,val,공예,T6 기계변형,70717104-d5ee-4c47-8bd0-ff6df99c872d,K-마트,슈퍼,성당시장,전통시장,대구광역시,,,
fbe816ea2b74957117c3,full_annotation_v1,A,q_공예_07,공예추천,문화·여가 중 '공예'를 판매·제공하는 매장,val,공예,T6 기계변형,1d848bf2-e07e-4637-8e52-47f2a261e6cb,찍지,공예품,진주 중앙지하도상가,일반지하상점가,경상남도,,,
15ebf5493c37f4553ab4,full_annotation_v1,A,q_공예_07,공예추천,문화·여가 중 '공예'를 판매·제공하는 매장,val,공예,T6 기계변형,d1b816f0-a4bd-443c-8935-7d91e20ececc,형제공예사,공예품,안양중앙인정시장,전통시장,경기도,,,
9fe1d3fdf0aeb2e6aede,full_annotation_v1,A,q_공예_07,공예추천,문화·여가 중 '공예'를 판매·제공하는 매장,val,공예,T6 기계변형,01a0bb9d-a1c3-427c-8c4b-2fb13171253a,우물옆그집,커피음료쿠키기념품,개항희망문화상권 상권활성화구역,상권활성화구역,인천광역시,,,
dac7edf0221f9f0e40fc,full_annotation_v1,A,q_공예_07,공예추천,문화·여가 중 '공예'를 판매·제공하는 매장,val,공예,T6 기계변형,8f5cd5b6-a43b-47e1-b566-c85201f7d1be,동양공예,공예품,동산상가,전통시장,대구광역시,,,
0164066b7c386ae4c386,full_annotation_v1,A,q_공예_07,공예추천,문화·여가 중 '공예'를 판매·제공하는 매장,val,공예,T6 기계변형,05d82934-32de-48f2-bbd0-038f8d09fe4f,시즈레더,가죽제품,신창 골목형상점가,골목형상점가,광주광역시,,,
c592431efa72b41f7397,full_annotation_v1,A,q_공예_07,공예추천,문화·여가 중 '공예'를 판매·제공하는 매장,val,공예,T6 기계변형,fd8ed99f-f899-4a11-926f-ecc68acf202f,수레질,공예품,삼각동 골목형상점가,골목형상점가,광주광역시,,,
62b8460f68eda7376215,full_annotation_v1,A,q_공예_07,공예추천,문화·여가 중 '공예'를 판매·제공하는 매장,val,공예,T6 기계변형,98360381-2070-43f7-8f65-d44b7df72d7c,복민사,"매듭, 공예",남대문시장,전통시장,서울특별시,,,
76174280c051669e005f,full_annotation_v1,A,q_공예_07,공예추천,문화·여가 중 '공예'를 판매·제공하는 매장,val,공예,T6 기계변형,c7100480-9bd6-4057-91e3-067f0a8bf983,한밭갈비,음식,사천 삼천포중앙시장,전통시장,경상남도,,,
7c510a4a23fb74fa27e4,full_annotation_v1,A,q_공예_07,공예추천,문화·여가 중 '공예'를 판매·제공하는 매장,val,공예,T6 기계변형,43712ad7-9ddc-4f80-a87d-f71e03532f8e,유한농산물,채소,창원 반송시장,전통시장,경상남도,,,
968493d016bdb339b467,full_annotation_v1,A,q_공예_07,공예추천,문화·여가 중 '공예'를 판매·제공하는 매장,val,공예,T6 기계변형,feb1b1f0-15f4-41e7-b49f-96d6a336c2bb,땅꼬공예방,공예품,우산상인회 골목형상점가,골목형상점가,광주광역시,,,
040834a99ad7aca1b027,full_annotation_v1,A,q_공예_07,공예추천,문화·여가 중 '공예'를 판매·제공하는 매장,val,공예,T6 기계변형,80c4738a-934b-4b41-9de9-a82a5967a614,천외천,한식,상봉먹자골목형상점가,골목형상점가,서울특별시,,,
917448c350f829ba4109,full_annotation_v1,A,q_공예_07,공예추천,문화·여가 중 '공예'를 판매·제공하는 매장,val,공예,T6 기계변형,af503168-2adb-4c5a-abd5-c9c76eda37e4,대도공예,공예,남대문시장,전통시장,서울특별시,,,
f5354647209389002e70,full_annotation_v1,A,q_공예_07,공예추천,문화·여가 중 '공예'를 판매·제공하는 매장,val,공예,T6 기계변형,04baede5-1cb5-421b-ae51-c42ae1e347e0,베데레vedere,가죽제품,송정벚꽃골목형상점가,골목형상점가,서울특별시,,,
875ddbec53e86466c2f4,full_annotation_v1,A,q_공예_07,공예추천,문화·여가 중 '공예'를 판매·제공하는 매장,val,공예,T6 기계변형,6a8f9647-0989-4a5f-b865-bffdfe9a9327,지영공방,공예,순천문화의거리 금꽃예술촌,자율상권구역,,,,
daedbf7dc003619c212b,full_annotation_v1,A,q_공예_07,공예추천,문화·여가 중 '공예'를 판매·제공하는 매장,val,공예,T6 기계변형,ab2dfb29-13f6-4d14-868e-53f12822e42a,케이씨산업 주식회사,숙박,우산동빛고을 골목형상점가,골목형상점가,광주광역시,,,
02a40cfcfad457336273,full_annotation_v1,A,q_공예_07,공예추천,문화·여가 중 '공예'를 판매·제공하는 매장,val,공예,T6 기계변형,07cda024-8aeb-44c2-b5e2-48a753b93afe,가죽공방 수미상관,가죽제품,첨단이웃사랑 골목형상점가,골목형상점가,광주광역시,,,
2882372e78aff112b35e,full_annotation_v1,A,q_공예_07,공예추천,문화·여가 중 '공예'를 판매·제공하는 매장,val,공예,T6 기계변형,41d5e49a-f402-4c36-a80c-bb9cb8c1b064,중동건어물,건어물,중동사랑시장,전통시장,경기도,,,
aeca6fefc8e4303d47fb,full_annotation_v1,A,q_공예_07,공예추천,문화·여가 중 '공예'를 판매·제공하는 매장,val,공예,T6 기계변형,500fe3be-bb2b-4be8-b0b2-97ad64eddde0,두공,공예품,신정평화시장,전통시장,울산광역시,,,
6f871997c49614577062,full_annotation_v1,A,q_공예_07,공예추천,문화·여가 중 '공예'를 판매·제공하는 매장,val,공예,T6 기계변형,0aae4585-5820-472c-a819-bfbb3faca317,감천문화마을 소행성 비612 기념품숍,"기념품, 공예품",감천문화마을 골목형상점가,골목형상점가,부산광역시,,,
457af2619c31c9655838,full_annotation_v1,A,q_공예_07,공예추천,문화·여가 중 '공예'를 판매·제공하는 매장,val,공예,T6 기계변형,2167a1a4-f8e0-4dce-b7ab-00ee46733450,연공방,공예품,마산 부림시장,전통시장,경상남도,,,
4cec2bcf9017889f3ba7,full_annotation_v1,A,q_공예_07,공예추천,문화·여가 중 '공예'를 판매·제공하는 매장,val,공예,T6 기계변형,a4c2f145-e663-4f9f-9267-4f6b0e6b5a05,아진,공예품,역전지하상가,일반지하상점가,대전광역시,,,
4fa82f8df30f14a84c8e,full_annotation_v1,A,q_공예_07,공예추천,문화·여가 중 '공예'를 판매·제공하는 매장,val,공예,T6 기계변형,0a357b62-4c2e-456c-a5c3-e626d87f7939,플로체디자인랩(그린스미스),기념품 화분 인테리어소품 생화 분화,도란도란 골목형상점가,골목형상점가,전북특별자치도,,,
76062c544ff97b3dfe35,full_annotation_v1,A,q_공예_07,공예추천,문화·여가 중 '공예'를 판매·제공하는 매장,val,공예,T6 기계변형,4bfbc682-4df8-4caf-b10a-3a2041b2e6e5,소담공방,공예품,방림로 골목형상점가,골목형상점가,광주광역시,,,
0d2f06edc98adb7fe95a,full_annotation_v1,A,q_공예_07,공예추천,문화·여가 중 '공예'를 판매·제공하는 매장,val,공예,T6 기계변형,0193006c-a04d-4bd7-8ce5-791c5497fe3a,드림크래프트,"액자제작, 공예재료",북동 골목형상점가,골목형상점가,광주광역시,,,
0668066610cc874e5655,full_annotation_v1,A,q_공예_07,공예추천,문화·여가 중 '공예'를 판매·제공하는 매장,val,공예,T6 기계변형,025b097b-3ecb-4738-ab0f-d71bc283e74d,반지점방,공예품 장신구,양림공예거리 골목형상점가,골목형상점가,광주광역시,,,
70736d29f98861d4441c,full_annotation_v1,A,q_공예_07,공예추천,문화·여가 중 '공예'를 판매·제공하는 매장,val,공예,T6 기계변형,00a8e75c-0d18-48db-9f9b-42f8ced936b8,미다리본,공예품,구미형곡시장프라자,전통시장,경상북도,,,
c519baf39774a5d50831,full_annotation_v1,A,q_공예_07,공예추천,문화·여가 중 '공예'를 판매·제공하는 매장,val,공예,T6 기계변형,8289c823-141a-49a7-9bf4-68bfab7cb0a8,대륙,"기타 자동차 신품 부품 및 내장품 판매업, 빵류 과자류 및 당류 소매업",여의동 골목형상점가,골목형상점가,전북특별자치도,,,
3622e8d49129e8fc3edc,full_annotation_v1,A,q_공예_07,공예추천,문화·여가 중 '공예'를 판매·제공하는 매장,val,공예,T6 기계변형,de1730ff-5b42-42e9-9e22-3f509f3d7d7b,여수시 공예협회,공예품,여수진남상가,자율상권구역,전라남도,,,
059f6d4d3738efa74840,full_annotation_v1,A,q_공예_07,공예추천,문화·여가 중 '공예'를 판매·제공하는 매장,val,공예,T6 기계변형,d9d96ddd-f30c-4b84-9648-8c3da32a839d,대한공예사,공예품,익산북부시장,전통시장,전북특별자치도,,,
92511d9d0b77db78f469,full_annotation_v1,A,q_공예_07,공예추천,문화·여가 중 '공예'를 판매·제공하는 매장,val,공예,T6 기계변형,ae11f4b9-cecd-492f-979f-5750103dceb2,미듬우리약국,의약품,여의동 골목형상점가,골목형상점가,전북특별자치도,,,
fe6b422463ebbd7e61fd,full_annotation_v1,A,q_공예_07,공예추천,문화·여가 중 '공예'를 판매·제공하는 매장,val,공예,T6 기계변형,c4d543b0-21f2-4b88-b605-673a8bce2d9f,궁중매듭공예,공예품,제천중앙시장,전통시장,충청북도,,,
c388389671d13bc25782,full_annotation_v1,A,q_공예_07,공예추천,문화·여가 중 '공예'를 판매·제공하는 매장,val,공예,T6 기계변형,f02fffeb-8d01-4cc0-836b-ef52cc0b22bd,토탈상사,공예품,오산오색시장(구 오산중앙시장),전통시장,경기도,,,
8b49363c81e97b4da198,full_annotation_v1,A,q_공예_07,공예추천,문화·여가 중 '공예'를 판매·제공하는 매장,val,공예,T6 기계변형,02a3b9f3-83e8-44d2-bc4b-4b2c25796b3d,서현 크래프트,수공예품,예술의거리 골목형상점가,골목형상점가,광주광역시,,,
2b1231adfbb5cfd90226,full_annotation_v1,A,q_공예_07,공예추천,문화·여가 중 '공예'를 판매·제공하는 매장,val,공예,T6 기계변형,19ad7c14-7251-43be-a457-e4c1f7b94ec6,행운건강원,"건강식품가공, 판매",전의왕의물시장(전의전통시장),전통시장,세종특별자치시,,,
b8a8f7063778d75068af,full_annotation_v1,A,q_공예_07,공예추천,문화·여가 중 '공예'를 판매·제공하는 매장,val,공예,T6 기계변형,beacf2c2-9a40-4e20-a7d4-6804a3b60a22,환&환 공예스쿨,공예,문화의거리 상점가,자율상권구역,울산광역시,,,
cbdd3c02c1875f60c5bd,full_annotation_v1,A,q_공예_07,공예추천,문화·여가 중 '공예'를 판매·제공하는 매장,val,공예,T6 기계변형,0b54b009-8bc8-4e20-8e75-d013800de0ff,가인,공예,서문시장2지구 종합상가,전통시장,대구광역시,,,
2c46a91bd3d0f523a173,full_annotation_v1,A,q_공예_07,공예추천,문화·여가 중 '공예'를 판매·제공하는 매장,val,공예,T6 기계변형,019d27d7-ed5d-4bc6-aee7-3162cf2c7d3e,탑키드,공예부자재,동대문문구완구거리,자율상권구역,서울특별시,,,
1a8b54da1d5025ef0268,full_annotation_v1,A,q_공예_07,공예추천,문화·여가 중 '공예'를 판매·제공하는 매장,val,공예,T6 기계변형,fcb4f54c-eabe-4521-a955-8e7ccb5f934f,주식회사 웨딩봄날,,아시아음식문화거리 골목형상점가,골목형상점가,,,,
c6dcf60e0c4abef73d96,full_annotation_v1,A,q_공예_07,공예추천,문화·여가 중 '공예'를 판매·제공하는 매장,val,공예,T6 기계변형,44dfdc5c-b7ec-4fc8-b20f-74d2c14ef6c0,샤인,의류,신정현대홈타운상가,골목형상점가,울산광역시,,,
5434824aa1e2bf8bbbed,full_annotation_v1,A,q_공예_07,공예추천,문화·여가 중 '공예'를 판매·제공하는 매장,val,공예,T6 기계변형,1e58ba9b-a0ec-4954-a4c8-e99d2888866c,동호상회,채소,팔달신시장,전통시장,대구광역시,,,
b58020ba693d5ad68c11,full_annotation_v1,A,q_공예_07,공예추천,문화·여가 중 '공예'를 판매·제공하는 매장,val,공예,T6 기계변형,0a66a7fc-3a7b-4f93-b364-fc8b98b96d50,엄사스포츠,"스포츠용품, 기념품",엄사 골목형상점가,골목형상점가,충청남도,,,
362057b07df1524763a4,full_annotation_v1,A,q_공예_07,공예추천,문화·여가 중 '공예'를 판매·제공하는 매장,val,공예,T6 기계변형,4ca4b45d-e3cc-4adb-9ec2-d04fbde7a25a,에덴공방,공예품,충장로45가 상점가,자율상권구역,광주광역시,,,
93ba8ed5f8476998d675,full_annotation_v1,A,q_공예_07,공예추천,문화·여가 중 '공예'를 판매·제공하는 매장,val,공예,T6 기계변형,6f0caa42-5f13-452b-a4a0-355a81409840,진심어묵,어묵,전주남부시장,전통시장,전북특별자치도,,,
bfc3fa9c7a56510f50fa,full_annotation_v1,A,q_공예_07,공예추천,문화·여가 중 '공예'를 판매·제공하는 매장,val,공예,T6 기계변형,5b39cce8-0592-4852-a518-7e47a5c9ece6,천암공간,공예,매곡 사랑길 골목형상점가,골목형상점가,광주광역시,,,
084798a43adeda017e92,full_annotation_v1,A,q_공예_07,공예추천,문화·여가 중 '공예'를 판매·제공하는 매장,val,공예,T6 기계변형,54156edb-f90d-434e-8daf-e21eec8800e2,나래엘,공예품,용상공설시장,전통시장,경상북도,,,
cd8df90e86aae709ef5a,full_annotation_v1,A,q_공예_07,공예추천,문화·여가 중 '공예'를 판매·제공하는 매장,val,공예,T6 기계변형,0e1ce415-05e4-41d4-a97a-6a7cc809f371,생활공감DC마트,생활잡화,금호아파트상인회 골목형상점가,골목형상점가,광주광역시,,,
ab0742cd985a5e551d2e,full_annotation_v1,A,q_공예_07,공예추천,문화·여가 중 '공예'를 판매·제공하는 매장,val,공예,T6 기계변형,003d5df8-0856-45e0-a11e-5098cf70541e,앨리스리본&공방,"공방, 잡화",봉화내성시장,전통시장,경상북도,,,
11f5a92405d720c47191,full_annotation_v1,A,q_공예_07,공예추천,문화·여가 중 '공예'를 판매·제공하는 매장,val,공예,T6 기계변형,05c601de-f626-410c-adee-b08537ab3042,버치크래프트 코리아,관광민예품 및 장식용품 관광기념품,강릉성남시장,전통시장,강원특별자치도,,,
fe2561fd64df46702681,full_annotation_v1,A,q_공예_07,공예추천,문화·여가 중 '공예'를 판매·제공하는 매장,val,공예,T6 기계변형,4c0db8f0-b02f-469d-8e5b-a51e9084363f,옵스,육류밎기타음식,봉선먹자골목 골목형상점가,골목형상점가,광주광역시,,,
380949d1586bcc569d1f,full_annotation_v1,A,q_공예_07,공예추천,문화·여가 중 '공예'를 판매·제공하는 매장,val,공예,T6 기계변형,02a0c412-f0ae-4a4f-b716-75605cdcb533,"현대종합가구,해일공방",,장흥시장 골목형상점가,골목형상점가,,,,
3998d15a8d762a0f70ca,full_annotation_v1,A,q_공예_07,공예추천,문화·여가 중 '공예'를 판매·제공하는 매장,val,공예,T6 기계변형,016791a8-1d36-407c-be53-a8bf1f7d6f98,눈데이썬(NOONDAY SUN,예술공방공예품,천안역지하상가,일반지하상점가,충청남도,,,
9af1dce68b2087527f5c,full_annotation_v1,A,q_공예_07,공예추천,문화·여가 중 '공예'를 판매·제공하는 매장,val,공예,T6 기계변형,1224addb-6518-4f08-8235-6fd7c8d4fdab,예인공예,공예품,원주미로예술중앙시장(원주중앙시장),전통시장,강원특별자치도,,,
f895cfef824fdb715b7d,full_annotation_v1,A,q_공예_07,공예추천,문화·여가 중 '공예'를 판매·제공하는 매장,val,공예,T6 기계변형,86ef7bd2-af87-4692-bea3-4dbbb2d681bf,대신공예,공예품,길음시장,전통시장,서울특별시,,,
cb624bf7115b3194a04a,full_annotation_v1,A,q_공예_07,공예추천,문화·여가 중 '공예'를 판매·제공하는 매장,val,공예,T6 기계변형,0607a1be-785f-4ff8-a429-3cece4493cca,마마스핸즈 세종한솔공방,,한솔센터 골목형상점가,골목형상점가,세종특별자치시,,,
b9012d42df6088471582,full_annotation_v1,A,q_공예_07,공예추천,문화·여가 중 '공예'를 판매·제공하는 매장,val,공예,T6 기계변형,84b7643f-7c93-4aeb-81da-909eab7c2024,공방소소,공예품,전주한옥마을 골목형상점가,골목형상점가,전북특별자치도,,,
8ca0b16b4804abc6bff8,full_annotation_v1,A,q_공예_07,공예추천,문화·여가 중 '공예'를 판매·제공하는 매장,val,공예,T6 기계변형,43cecd98-f23d-45be-b189-c49208410fc0,공설꽃공예,공예품,충주자유시장,전통시장,충청북도,,,
850164bc5ad156ae7fc4,full_annotation_v1,A,q_공예_07,공예추천,문화·여가 중 '공예'를 판매·제공하는 매장,val,공예,T6 기계변형,aee9a773-efab-48ea-8340-eabf940a02af,끽다연,공예품,국수거리 골목형상점가,골목형상점가,전라남도,,,
be43aaf39fbece58c762,full_annotation_v1,A,q_공예_07,공예추천,문화·여가 중 '공예'를 판매·제공하는 매장,val,공예,T6 기계변형,479d4844-f279-4e7e-a693-9f4829c9ae42,리본아트,공예,현대유통쇼핑센터,전통시장,경상북도,,,
76ccd45f07b49ef7d161,full_annotation_v1,A,q_공예_07,공예추천,문화·여가 중 '공예'를 판매·제공하는 매장,val,공예,T6 기계변형,37160543-e81f-4e4a-b30b-56077259eca5,빈스공방,공예,동두천제일시장,전통시장,경기도,,,
3bdfab08f6a8d9cccc8b,full_annotation_v1,A,q_공예_07,공예추천,문화·여가 중 '공예'를 판매·제공하는 매장,val,공예,T6 기계변형,22ea6f56-810d-462b-b4d6-7b325e6cd9cd,댄디라인,가죽제품,서부시장(서부재래시장),전통시장,충청남도,,,
6e6042bf0c1aaf36e050,full_annotation_v1,A,q_공예_07,공예추천,문화·여가 중 '공예'를 판매·제공하는 매장,val,공예,T6 기계변형,44ad5455-11ba-475c-9e27-fab8e5850d27,아름다운 공예사랑,공예품,임방울거리3구역 골목형상점가,골목형상점가,광주광역시,,,
2267138f4ceb83b13abf,full_annotation_v1,A,q_공예_07,공예추천,문화·여가 중 '공예'를 판매·제공하는 매장,val,공예,T6 기계변형,03f3c2e2-de36-4c1f-a497-cbcc7dd014d0,크래프트 스튜디오 88,은 장신구 및 은 공예품,빛고을공예창작촌 골목형상점가,골목형상점가,광주광역시,,,
224a7079cf291b4eca3d,full_annotation_v1,A,q_공예_07,공예추천,문화·여가 중 '공예'를 판매·제공하는 매장,val,공예,T6 기계변형,eb4948a0-874d-4366-9f3f-59c2e32fb6c7,비즈마을,공예,현대유통쇼핑센터,전통시장,경상북도,,,
6d9dcc244a9981d44b76,full_annotation_v1,A,q_공예_07,공예추천,문화·여가 중 '공예'를 판매·제공하는 매장,val,공예,T6 기계변형,9548eca4-897c-4c9a-bf60-9b4bffda8429,공방 또각,공예 수업 및 공예품 판매,전남대후문골목형상점가,골목형상점가,광주광역시,,,
5fc7aa42d68921673145,full_annotation_v1,A,q_공예_07,공예추천,문화·여가 중 '공예'를 판매·제공하는 매장,val,공예,T6 기계변형,6046dd79-b5d0-4e99-bb12-c304d004b9ac,Gs25봉선태산점,일반상품,봉선먹자골목 골목형상점가,골목형상점가,광주광역시,,,
0525f7ca8430fbf3e71b,full_annotation_v1,A,q_공예_07,공예추천,문화·여가 중 '공예'를 판매·제공하는 매장,val,공예,T6 기계변형,80f12c88-b6ce-4a6f-a249-aa4935f2ac9b,서목아트,공예품,문화의거리 상점가,자율상권구역,울산광역시,,,
47fdee9452d73afb74df,full_annotation_v1,A,q_공예_07,공예추천,문화·여가 중 '공예'를 판매·제공하는 매장,val,공예,T6 기계변형,1595bb71-38ba-4077-bffc-8fd2e340eae3,마루공예,공예품,고산미소시장(고산시장),전통시장,전북특별자치도,,,
bdd0d17475f1379f44ec,full_annotation_v1,A,q_공예_07,공예추천,문화·여가 중 '공예'를 판매·제공하는 매장,val,공예,T6 기계변형,1051e754-75df-4019-bc87-4907b0c80feb,신발나라,신발,만리시장,전통시장,서울특별시,,,
b281347e91ae4346c352,full_annotation_v1,A,q_공예_07,공예추천,문화·여가 중 '공예'를 판매·제공하는 매장,val,공예,T6 기계변형,77da1942-045d-433b-b18d-fef854c8eff1,소요,공예,엄사 골목형상점가,골목형상점가,충청남도,,,
508c1f2d5dc8807e10bf,full_annotation_v1,A,q_공예_07,공예추천,문화·여가 중 '공예'를 판매·제공하는 매장,val,공예,T6 기계변형,e21f9154-a888-4cf3-9588-8df20d2bd86a,공방상회,공예품,달서시장,전통시장,대구광역시,,,
859fc5fa079e3fd79bf2,full_annotation_v1,A,q_공예_07,공예추천,문화·여가 중 '공예'를 판매·제공하는 매장,val,공예,T6 기계변형,1b433386-09b0-449c-8c5d-3b2d48a7b989,신인하헤어샵미용실,미용,감전시장,전통시장,부산광역시,,,
ff3c3e294d937a88c209,full_annotation_v1,A,q_공예_07,공예추천,문화·여가 중 '공예'를 판매·제공하는 매장,val,공예,T6 기계변형,d7f66821-be89-40bb-9dcf-357fc6bfd42e,혜일,공예잡화,남대문시장,전통시장,서울특별시,,,
2bab387370fc8cc4f5d3,full_annotation_v1,A,q_공예_07,공예추천,문화·여가 중 '공예'를 판매·제공하는 매장,val,공예,T6 기계변형,de45a295-3b75-43e8-9eaa-d393e45165e5,신광공예사,공예품,㈜여수중앙시장,전통시장,전라남도,,,
a7df12d0781cf27c0edf,full_annotation_v1,A,q_공예_07,공예추천,문화·여가 중 '공예'를 판매·제공하는 매장,val,공예,T6 기계변형,8cecfa26-c1dc-4eb9-9f85-55f137518cf9,美미사,공예품,남대문시장,전통시장,서울특별시,,,
e13d12ebcc3fb7beaad5,full_annotation_v1,A,q_과일_01,과일,식료품 중 '과일'을 판매·제공하는 매장,val,과일,T1 정확표기,3c49cc60-6135-4713-bf97-a40661ba8e07,뉴팜,사과 샤인머스켓,금오시장,전통시장,경상북도,,,
b1e8aac0f86f588c509a,full_annotation_v1,A,q_과일_01,과일,식료품 중 '과일'을 판매·제공하는 매장,val,과일,T1 정확표기,dd9e9b3b-3a7d-4923-82ca-8dbb210e7f7f,더채움치과의원,치과,조원동상인연합회 골목형상점가,골목형상점가,경기도,,,
ba1c0075f5a4cec14e01,full_annotation_v1,A,q_과일_01,과일,식료품 중 '과일'을 판매·제공하는 매장,val,과일,T1 정확표기,f01a3800-a20d-4912-a3a0-302a163478f8,과일나라,과일,신평리시장,전통시장,대구광역시,,,
2f15945dc8e87e34c09d,full_annotation_v1,A,q_과일_01,과일,식료품 중 '과일'을 판매·제공하는 매장,val,과일,T1 정확표기,c1e8546e-1a81-4dab-8006-5445de5aaaa8,과일나라,과일,장량성도시장,전통시장,경상북도,,,
a5cf9676e5f562e24244,full_annotation_v1,A,q_과일_01,과일,식료품 중 '과일'을 판매·제공하는 매장,val,과일,T1 정확표기,e59beb2f-b57b-492e-a2c5-00d05b73edf7,군북과일,과일,성북시장,전통시장,부산광역시,,,
fa99b6600484bdadea18,full_annotation_v1,A,q_과일_01,과일,식료품 중 '과일'을 판매·제공하는 매장,val,과일,T1 정확표기,90837a7f-5899-4589-905d-b1f91f48d97b,과일실록,과일,상계중앙시장,전통시장,서울특별시,,,
477ed26eaa199dc6452a,full_annotation_v1,A,q_과일_01,과일,식료품 중 '과일'을 판매·제공하는 매장,val,과일,T1 정확표기,6ec6598a-72bf-42bb-bc0f-b0a90d58e02f,하나과일,과일,인헌시장,전통시장,서울특별시,,,
1db6a900a6bb1d84b610,full_annotation_v1,A,q_과일_01,과일,식료품 중 '과일'을 판매·제공하는 매장,val,과일,T1 정확표기,be3c13d0-5946-4b75-a158-c67fbb8308c6,경희과일,과일,반구시장,전통시장,울산광역시,,,
aa77e38b93da1c7355c1,full_annotation_v1,A,q_과일_01,과일,식료품 중 '과일'을 판매·제공하는 매장,val,과일,T1 정확표기,30aab4f1-0a08-40f8-8ec9-7fb904873471,봉좌산농원,농산물(사과),안강공설시장,전통시장,경상북도,,,
30378675ba177e121264,full_annotation_v1,A,q_과일_01,과일,식료품 중 '과일'을 판매·제공하는 매장,val,과일,T1 정확표기,eafcb353-12e7-4b51-bca3-53c5ac1a8c4a,과일나라,과일,세종전통시장,전통시장,세종특별자치시,,,
19543d014da2ffe5f8f6,full_annotation_v1,A,q_과일_01,과일,식료품 중 '과일'을 판매·제공하는 매장,val,과일,T1 정확표기,a846d2f2-7cfa-494f-8d7a-56c61bf00d2d,유진이네 과일,과일,남항시장,전통시장,부산광역시,,,
ec19906f4ff48a0a6084,full_annotation_v1,A,q_과일_01,과일,식료품 중 '과일'을 판매·제공하는 매장,val,과일,T1 정확표기,6c4ecb59-8fa0-4687-9aa6-3325dff6b130,과일나라,과일,괴정가장로 골목형상점가,골목형상점가,대전광역시,,,
a3a7d8182ad009f617c9,full_annotation_v1,A,q_과일_01,과일,식료품 중 '과일'을 판매·제공하는 매장,val,과일,T1 정확표기,fc9c60d0-c242-4b7f-9b09-60db435a59e0,과일밭,과일,남목전통시장,전통시장,울산광역시,,,
f62f5ad365c0a261fe7e,full_annotation_v1,A,q_과일_01,과일,식료품 중 '과일'을 판매·제공하는 매장,val,과일,T1 정확표기,a5ada226-75a9-4784-8742-6e6dd9dc140e,하양상회,과일,팔달신시장,전통시장,대구광역시,,,
90a5fc82eab849e810a9,full_annotation_v1,A,q_과일_01,과일,식료품 중 '과일'을 판매·제공하는 매장,val,과일,T1 정확표기,06a818b2-847f-414f-89e8-b103f4ae145e,시계탑과일,과일,원주미로예술중앙시장(원주중앙시장),전통시장,강원특별자치도,,,
8f799d323a2eb8fdc74d,full_annotation_v1,A,q_과일_01,과일,식료품 중 '과일'을 판매·제공하는 매장,val,과일,T1 정확표기,9c355620-d661-477c-8b19-022eb19a8a96,그랜드약국,,정남진활력의거리 골목형상점가,골목형상점가,,,,
1da2443f795ac158556f,full_annotation_v1,A,q_과일_01,과일,식료품 중 '과일'을 판매·제공하는 매장,val,과일,T1 정확표기,7098e612-0cae-40fe-acd7-f2ba94eb23b7,과일나라,과일,창원 지귀시장,전통시장,경상남도,,,
f4067cce0287f1f874b8,full_annotation_v1,A,q_과일_01,과일,식료품 중 '과일'을 판매·제공하는 매장,val,과일,T1 정확표기,26bec8be-7e70-41c6-b463-833aa0224e18,진이네 과일,과일,가좌동골목형상점가,골목형상점가,경기도,,,
9c55524a5f3d57e6f38f,full_annotation_v1,A,q_과일_01,과일,식료품 중 '과일'을 판매·제공하는 매장,val,과일,T1 정확표기,cffa1555-3472-4bf6-8773-86d5f1f5444f,과일나라,과일,연동골목시장,자율상권구역,부산광역시,,,
2f70b46f4a5dbda88472,full_annotation_v1,A,q_과일_01,과일,식료품 중 '과일'을 판매·제공하는 매장,val,과일,T1 정확표기,0042e83d-930b-4d1d-a96f-f1a2691256cd,성화상회,과일,대구능금시장,전통시장,대구광역시,,,
25f415b3fdafc8cba946,full_annotation_v1,A,q_과일_01,과일,식료품 중 '과일'을 판매·제공하는 매장,val,과일,T1 정확표기,0063671e-77f7-466c-bbc2-223497c0dae4,무가당,카페,세병호 골목형상점가,골목형상점가,전북특별자치도,,,
d802a7169c7114e4337b,full_annotation_v1,A,q_과일_01,과일,식료품 중 '과일'을 판매·제공하는 매장,val,과일,T1 정확표기,07f5dcc1-080d-4db8-807f-7c2904ee20b2,개똥이네 과일,과일,당감골목시장,전통시장,부산광역시,,,
facab826708ede8732b2,full_annotation_v1,A,q_과일_01,과일,식료품 중 '과일'을 판매·제공하는 매장,val,과일,T1 정확표기,e56873ad-306b-4938-bac5-8dfae6a8e5b6,구로과일,과일,남구로시장,전통시장,서울특별시,,,
35c1e6acb734004df035,full_annotation_v1,A,q_과일_01,과일,식료품 중 '과일'을 판매·제공하는 매장,val,과일,T1 정확표기,db00e4d7-ac50-41de-9261-5dba7cea1e99,형제청과,과일,정왕시장,전통시장,경기도,,,
b1a9d629632310c9056c,full_annotation_v1,A,q_과일_01,과일,식료품 중 '과일'을 판매·제공하는 매장,val,과일,T1 정확표기,656f192f-72d8-4531-aec0-18bd03d05bc6,명과일,과일,장위전통시장,전통시장,서울특별시,,,
3def35cdfbdb9b0afa4f,full_annotation_v1,A,q_과일_01,과일,식료품 중 '과일'을 판매·제공하는 매장,val,과일,T1 정확표기,4f5bd719-ba90-4857-9b18-c91599767125,과일나라,과일,못골골목시장,전통시장,부산광역시,,,
57fbf102772580835e35,full_annotation_v1,A,q_과일_01,과일,식료품 중 '과일'을 판매·제공하는 매장,val,과일,T1 정확표기,18603839-70c1-4941-8f60-f20154907e00,황소건어물 과일,건어물 과일,푸른마을공동체센터 골목형상점가,골목형상점가,광주광역시,,,
c5531802cb327cb97ca0,full_annotation_v1,A,q_과일_01,과일,식료품 중 '과일'을 판매·제공하는 매장,val,과일,T1 정확표기,00333be0-b70d-4197-aa97-5a277d61e0da,㈜신진후르츠,과일,부전농수산물새벽시장,전통시장,부산광역시,,,
b073b6b40a5318b18c49,full_annotation_v1,A,q_과일_01,과일,식료품 중 '과일'을 판매·제공하는 매장,val,과일,T1 정확표기,109d73d2-717c-40e8-a8f6-a1bb3dcf719a,문재청과,과일,곡성기차마을 전통시장,전통시장,전라남도,,,
e4af44529a0ebcef28dd,full_annotation_v1,A,q_과일_01,과일,식료품 중 '과일'을 판매·제공하는 매장,val,과일,T1 정확표기,67fdb6a6-516f-4ab5-97cc-870939a1ac89,과일장터,과일,상주풍물시장,전통시장,경상북도,,,
e1d4a93978d7412b8b55,full_annotation_v1,A,q_과일_01,과일,식료품 중 '과일'을 판매·제공하는 매장,val,과일,T1 정확표기,cae8849b-5676-4b4a-973f-ba74b776d48e,고흥과일,과일,목포동부시장,전통시장,전라남도,,,
ec67c1cc6cc0d1f2c4d1,full_annotation_v1,A,q_과일_01,과일,식료품 중 '과일'을 판매·제공하는 매장,val,과일,T1 정확표기,31fcc0ce-54c8-480a-a4b7-607597718a2d,농산물,과일,삼천동제일 골목형상점가,골목형상점가,전북특별자치도,,,
0a7cdc2c0ae839c080ec,full_annotation_v1,A,q_과일_01,과일,식료품 중 '과일'을 판매·제공하는 매장,val,과일,T1 정확표기,ab565df0-5322-4f50-a1b0-86f369e76f0d,여기 과일,,황금수정 골목형상점가,골목형상점가,부산광역시,,,
5f2bf587bd12fe02521f,full_annotation_v1,A,q_과일_01,과일,식료품 중 '과일'을 판매·제공하는 매장,val,과일,T1 정확표기,e50663cb-2e0e-4fb8-b139-7bd05c5cfe02,과일(강씨과일),과일,팔달신시장,전통시장,대구광역시,,,
5677bbb725f6dc9641f8,full_annotation_v1,A,q_과일_01,과일,식료품 중 '과일'을 판매·제공하는 매장,val,과일,T1 정확표기,00da8084-69b5-4bcc-b2ca-3eaf11175611,밀키샵 별내점,디저트,별내로데오상점가,골목형상점가,경기도,,,
b3fb64a2feba1b2429ba,full_annotation_v1,A,q_과일_01,과일,식료품 중 '과일'을 판매·제공하는 매장,val,과일,T1 정확표기,006204f3-b214-4611-a434-f896bf75e919,장터사랑,과일,농성세대공감상인회 골목형상점가,골목형상점가,광주광역시,,,
d306e42ce5ea4a1f8889,full_annotation_v1,A,q_과일_01,과일,식료품 중 '과일'을 판매·제공하는 매장,val,과일,T1 정확표기,bb18c45d-9514-47c4-9b16-0ba51cbff6a7,건후네 과일,과일,용문천년시장,전통시장,경기도,,,
2208d38768b0045c8236,full_annotation_v1,A,q_과일_01,과일,식료품 중 '과일'을 판매·제공하는 매장,val,과일,T1 정확표기,31b0bfe3-cac5-47f0-867d-5552d8f0972a,과일 픽,과일,두정로 두정상가길 골목형상점가,골목형상점가,충청남도,,,
1aca62b737922665e90b,full_annotation_v1,A,q_과일_01,과일,식료품 중 '과일'을 판매·제공하는 매장,val,과일,T1 정확표기,6bc9b36a-31f2-49da-8924-672493958b94,과일 정원,과일,오송역파라곤센트럴시티2차골목형상점가,골목형상점가,충청북도,,,
014289fedcd0bfa1f38a,full_annotation_v1,A,q_과일_01,과일,식료품 중 '과일'을 판매·제공하는 매장,val,과일,T1 정확표기,07aa9211-faba-46ea-bda8-0efd60f4653c,과일짱,과일,광명새마을시장,전통시장,경기도,,,
0987fbc40831a92fdb67,full_annotation_v1,A,q_과일_01,과일,식료품 중 '과일'을 판매·제공하는 매장,val,과일,T1 정확표기,ab7abf3b-c86c-46b7-a254-9e9124bd1cda,고향과일,과일,월배신시장,전통시장,대구광역시,,,
5d462afedab8d2d1e6e2,full_annotation_v1,A,q_과일_01,과일,식료품 중 '과일'을 판매·제공하는 매장,val,과일,T1 정확표기,00045dfc-0681-4fb3-8265-33b3df14c289,한라농산,과일,황지시장상점가,자율상권구역,강원특별자치도,,,
6f7691270a69c59ab379,full_annotation_v1,A,q_과일_01,과일,식료품 중 '과일'을 판매·제공하는 매장,val,과일,T1 정확표기,4ccfa149-b4f6-4212-9bb7-414643477abe,대광과일,과일,덕풍전통시장,전통시장,경기도,,,
9f50ce0830807cd3550f,full_annotation_v1,A,q_과일_01,과일,식료품 중 '과일'을 판매·제공하는 매장,val,과일,T1 정확표기,86b3fde9-d5da-480b-9849-4029ad7ddcac,임실N치즈피자(전남대문흥점),피자,문흥2동 골목형상점가,골목형상점가,광주광역시,,,
13deb48008b70002398a,full_annotation_v1,A,q_과일_01,과일,식료품 중 '과일'을 판매·제공하는 매장,val,과일,T1 정확표기,a1043ef0-029a-4122-9781-07de7a9a0a97,벽산문구점,문구,가야벽산상가,전통시장,부산광역시,,,
f3a84e17d348e530790d,full_annotation_v1,A,q_과일_01,과일,식료품 중 '과일'을 판매·제공하는 매장,val,과일,T1 정확표기,103c83f7-8510-4eb0-b9b0-e85633c1a7a1,경희과일,과일,범천중앙시장,전통시장,부산광역시,,,
9062523ba1b7d6a3e3a0,full_annotation_v1,A,q_과일_01,과일,식료품 중 '과일'을 판매·제공하는 매장,val,과일,T1 정확표기,3f3531a1-d993-45ae-b188-2104998253c6,욍과일,과일,은행나무시장(구시흥중앙시장),전통시장,서울특별시,,,
e2be78d10fbc61a21b75,full_annotation_v1,A,q_과일_01,과일,식료품 중 '과일'을 판매·제공하는 매장,val,과일,T1 정확표기,8a0e1e5b-92ef-4e85-b26b-1954a25e82d8,구름위에사과나무,과일,동원전통시장상점가,자율상권구역,서울특별시,,,
15f9433549d26653311b,full_annotation_v1,A,q_과일_01,과일,식료품 중 '과일'을 판매·제공하는 매장,val,과일,T1 정확표기,00d3ef33-13db-4750-93a0-4b31010fcb70,온유베이크,카페,스타타워1 골목형상점가,골목형상점가,인천광역시,,,
00d1ac5b6980e36980d5,full_annotation_v1,A,q_과일_01,과일,식료품 중 '과일'을 판매·제공하는 매장,val,과일,T1 정확표기,0165a7f2-4303-433a-a548-17d89cb6fa0f,"꽃,과일","꽃, 과일",이동 골목형상점가,골목형상점가,경기도,,,
a1bf03691c649587546e,full_annotation_v1,A,q_과일_01,과일,식료품 중 '과일'을 판매·제공하는 매장,val,과일,T1 정확표기,8898592e-9850-4e53-97c8-a0ff37691b52,참과일,과일,연일전통시장,전통시장,경상북도,,,
29a7f1a98cb15ee573bc,full_annotation_v1,A,q_과일_01,과일,식료품 중 '과일'을 판매·제공하는 매장,val,과일,T1 정확표기,ccfff857-f617-48ed-b6a5-c33281c34fa6,으뜸과일,과일,서서울골목형상점가,골목형상점가,서울특별시,,,
965d8f495f8a84c0a204,full_annotation_v1,A,q_과일_01,과일,식료품 중 '과일'을 판매·제공하는 매장,val,과일,T1 정확표기,41271a18-a3ae-445b-86bd-f7a2651faabe,동현상회,사과청과,대구능금시장,전통시장,대구광역시,,,
e5f83ee086e6be9f28f6,full_annotation_v1,A,q_과일_01,과일,식료품 중 '과일'을 판매·제공하는 매장,val,과일,T1 정확표기,00ebc127-05c7-4f5b-8926-20ba39cc1cda,대전따봉,"소매(청과,생선)",권선종합시장,전통시장,경기도,,,
b8528be6193be9929a4d,full_annotation_v1,A,q_과일_01,과일,식료품 중 '과일'을 판매·제공하는 매장,val,과일,T1 정확표기,b6843f2b-0cdc-4ea9-8219-8af49e11779d,행복한 과일,과일,목포동부시장,전통시장,전라남도,,,
5f3c91b17bf8c44697e8,full_annotation_v1,A,q_과일_01,과일,식료품 중 '과일'을 판매·제공하는 매장,val,과일,T1 정확표기,00e927c5-be32-44e1-b7fd-80e9cfc81773,진양상회,청과물,진주 청과시장,전통시장,경상남도,,,
445a6bbe986f4b960bd3,full_annotation_v1,A,q_과일_01,과일,식료품 중 '과일'을 판매·제공하는 매장,val,과일,T1 정확표기,0045f871-6f40-4361-bcdd-2b94bf597287,무파장터,야채 청과물,신금정시장 골목형 상점가,골목형상점가,부산광역시,,,
42966358f30936f4428d,full_annotation_v1,A,q_과일_01,과일,식료품 중 '과일'을 판매·제공하는 매장,val,과일,T1 정확표기,85a25e3b-d855-41e5-9389-8fc2da55980f,하늘 과일,,조양타워골목형상점가,골목형상점가,인천광역시,,,
33a68f860fa2cc9d0f6b,full_annotation_v1,A,q_과일_01,과일,식료품 중 '과일'을 판매·제공하는 매장,val,과일,T1 정확표기,d5e7658d-de05-4ed1-ae04-73b13b79ddfd,"재주, 과일",과일,세류2동 골목형상점가,골목형상점가,경기도,,,
72253bcdd2cee1f7fe4a,full_annotation_v1,A,q_과일_01,과일,식료품 중 '과일'을 판매·제공하는 매장,val,과일,T1 정확표기,6ccb6a10-28ff-481c-a593-4786d6909307,대우식육점,식육,매포전통시장(매포재래시장),전통시장,충청북도,,,
889f20bb1a1484324cdf,full_annotation_v1,A,q_과일_01,과일,식료품 중 '과일'을 판매·제공하는 매장,val,과일,T1 정확표기,21e532ca-b765-4b95-a38a-659e6ea9ef75,꿈냥꿈냥,카페,수유역골목형상점가,골목형상점가,서울특별시,,,
c94661c67e30cdc9a88e,full_annotation_v1,A,q_과일_01,과일,식료품 중 '과일'을 판매·제공하는 매장,val,과일,T1 정확표기,2acea435-157a-42b2-82f0-0bfe6b5e3be5,이레과일,과일,용인중앙시장,전통시장,경기도,,,
dd2ff7f559c823d9359f,full_annotation_v1,A,q_과일_01,과일,식료품 중 '과일'을 판매·제공하는 매장,val,과일,T1 정확표기,de1dc1a1-abbd-42c1-9293-6af8c390a9ce,청춘과일,과일,첨단하나로,골목형상점가,광주광역시,,,
54c0a4cb8e5a5dfe16e2,full_annotation_v1,A,q_과일_01,과일,식료품 중 '과일'을 판매·제공하는 매장,val,과일,T1 정확표기,23f5706a-cdfe-4775-bf2b-cb06398e1394,과일나라,과일,안녕마을골목형상점가,골목형상점가,대전광역시,,,
350021bdf4ebbd61366c,full_annotation_v1,A,q_과일_01,과일,식료품 중 '과일'을 판매·제공하는 매장,val,과일,T1 정확표기,7e959fac-b477-4693-a63b-1cd743c5e27e,갈비굽는집,갈비,양산동일신아파트 골목형상점가,골목형상점가,광주광역시,,,
69ce4ddeb46002930519,full_annotation_v1,A,q_과일_01,과일,식료품 중 '과일'을 판매·제공하는 매장,val,과일,T1 정확표기,003d7e3f-6459-4018-ac58-7184cd2457d5,눈치 금호점,카페,금호1동상가번영회 골목형상점가,골목형상점가,광주광역시,,,
705f56c31d2a7ff0ab66,full_annotation_v1,A,q_과일_01,과일,식료품 중 '과일'을 판매·제공하는 매장,val,과일,T1 정확표기,8610a172-d4b3-4bf0-80a6-edc4d5baa104,과일나라,과일,목포동부시장,전통시장,전라남도,,,
7366d71c68e0488c950b,full_annotation_v1,A,q_과일_01,과일,식료품 중 '과일'을 판매·제공하는 매장,val,과일,T1 정확표기,78b151bf-7bc4-4ff4-ae68-dbe01de9c746,과일나라,과일,광명새마을시장,전통시장,경기도,,,
c2edbe8d680488184924,full_annotation_v1,A,q_과일_01,과일,식료품 중 '과일'을 판매·제공하는 매장,val,과일,T1 정확표기,187d2ad9-738a-43f7-817f-433752106e00,좋은약국,약국,용봉지구 골목형상점가,골목형상점가,,,,
f5e9d88eacd198cc1ed3,full_annotation_v1,A,q_과일_01,과일,식료품 중 '과일'을 판매·제공하는 매장,val,과일,T1 정확표기,5797f002-48ee-4167-835b-c246efb39cab,사계 신선 과일,과일,원미부흥시장,전통시장,경기도,,,
2630e287e7fd8b6a2a1e,full_annotation_v1,A,q_과일_01,과일,식료품 중 '과일'을 판매·제공하는 매장,val,과일,T1 정확표기,614d06b5-966b-4be0-9167-68ce2dc9bcda,장수과일,과일,김해 동상전통시장,전통시장,경상남도,,,
c4c5200f2da11a0645a0,full_annotation_v1,A,q_과일_01,과일,식료품 중 '과일'을 판매·제공하는 매장,val,과일,T1 정확표기,719d5290-8548-4311-8057-16f0dff7d7b9,태봉식당,한식,공주산성시장,전통시장,충청남도,,,
e155680caa01272936fb,full_annotation_v1,A,q_과일_01,과일,식료품 중 '과일'을 판매·제공하는 매장,val,과일,T1 정확표기,d250e4cb-997d-44f8-8d99-5d9505ec8cb4,과일,과일,능동로골목시장(자양한강전통시장),전통시장,서울특별시,,,
d5cc919c29ce151860b8,full_annotation_v1,A,q_과일_01,과일,식료품 중 '과일'을 판매·제공하는 매장,val,과일,T1 정확표기,69073e4f-39a1-4bb2-9d42-ca57b18cb03a,은서과일,과일,달서시장,전통시장,대구광역시,,,
57cc6add15d0209e6db4,full_annotation_v1,A,q_과일_01,과일,식료품 중 '과일'을 판매·제공하는 매장,val,과일,T1 정확표기,8019268d-e8c3-49c6-b65d-eb3fb8e3a55f,짱과일,과일,꽃밭정이 골목형상점가,골목형상점가,전북특별자치도,,,
1b99900afdeb3e6be39b,full_annotation_v1,A,q_과일_01,과일,식료품 중 '과일'을 판매·제공하는 매장,val,과일,T1 정확표기,bc8b2639-3ddc-4af2-a5c0-457ad0ca686b,남해과일,과일,함안 가야전통시장,전통시장,경상남도,,,
192292d35e2b3db8b9cd,full_annotation_v1,A,q_과일_01,과일,식료품 중 '과일'을 판매·제공하는 매장,val,과일,T1 정확표기,fba258c4-51ef-4d9d-ab5b-da80d5bbddbd,대왕솥뚜껑 생삼겹,한,수유역골목형상점가,골목형상점가,서울특별시,,,
37f5a809c7a995d95e01,full_annotation_v1,A,q_과일_01,과일,식료품 중 '과일'을 판매·제공하는 매장,val,과일,T1 정확표기,0ebab450-c982-4695-9b6e-a7eff5d8d0c5,정이네 과일,과일,가좌시장,전통시장,인천광역시,,,
44d4e5f08ef680445503,full_annotation_v1,A,q_과일_01,과일,식료품 중 '과일'을 판매·제공하는 매장,val,과일,T1 정확표기,3e6e7885-b089-490d-9743-1d67ef9371cc,과일톡,과일,의정부시 구도심 상권활성화구역,상권활성화구역,경기도,,,
0bd17650660fb4e2a6c8,full_annotation_v1,A,q_과일_01,과일,식료품 중 '과일'을 판매·제공하는 매장,val,과일,T1 정확표기,00c6ce65-3761-4ba1-a849-bcedeaa97463,평화상회,청과,경산공설시장,전통시장,경상북도,,,
0fd9fb8b47f4654a42e5,full_annotation_v1,A,q_과일_01,과일,식료품 중 '과일'을 판매·제공하는 매장,val,과일,T1 정확표기,0a616092-c136-486a-be27-0dc7a2116f6f,소문난 과일,과일,중곡제일골목시장(중곡제일전통시장),전통시장,서울특별시,,,
f89c619ad54e5ba0d648,full_annotation_v1,A,q_과일_01,과일,식료품 중 '과일'을 판매·제공하는 매장,val,과일,T1 정확표기,a794767b-9613-4dc6-a8f8-429ea10e8546,두리 과일,과일,익산장(구 북부장),전통시장,전북특별자치도,,,
516a2fd9c7bed0b7575e,full_annotation_v1,A,q_과일_01,과일,식료품 중 '과일'을 판매·제공하는 매장,val,과일,T1 정확표기,d90ec355-3194-4734-965a-995e2aed7423,훈훈한 과일,농산물 과일,석바위시장,전통시장,인천광역시,,,
eff91d63d11354874763,full_annotation_v1,A,q_과일_01,과일,식료품 중 '과일'을 판매·제공하는 매장,val,과일,T1 정확표기,84b2117e-0363-4bfd-b6d7-b9c5adb68bbf,과일이야기,과일,삼호읍 중앙 골목형상점가,골목형상점가,전라남도,,,
7be147d5502df5fd7425,full_annotation_v1,A,q_과일_01,과일,식료품 중 '과일'을 판매·제공하는 매장,val,과일,T1 정확표기,ebbb4f99-01f9-4ea2-bc32-3da80392b9b6,동성전통순대,한식,조원동상인연합회 골목형상점가,골목형상점가,경기도,,,
c69e4d66f55e601ef2dd,full_annotation_v1,A,q_과일_01,과일,식료품 중 '과일'을 판매·제공하는 매장,val,과일,T1 정확표기,003e7ebf-1112-4ab4-a484-67716e4b2a85,이든,카페,원주중앙시장활성화구역,상권활성화구역,강원특별자치도,,,
cfb16c18b0501099632e,full_annotation_v1,A,q_과일_01,과일,식료품 중 '과일'을 판매·제공하는 매장,val,과일,T1 정확표기,fece4c59-3bea-4bda-8a9d-16d4ee800626,경북과일,과일,포항죽도농산물시장,전통시장,경상북도,,,
290ab2db0ec2787a6696,full_annotation_v1,A,q_과일_01,과일,식료품 중 '과일'을 판매·제공하는 매장,val,과일,T1 정확표기,75f6cb49-965b-48ee-bf8f-c1847c903d0a,단과일,과일,다같이 울산송정 골목형상점가,골목형상점가,울산광역시,,,
bdd935dcbcb53f57edc0,full_annotation_v1,A,q_과일_01,과일,식료품 중 '과일'을 판매·제공하는 매장,val,과일,T1 정확표기,451f66e8-a8aa-442e-8899-8a22fe952437,예쁜과일,과일,개금골목시장,전통시장,부산광역시,,,
6a13e0c7ced999cc645b,full_annotation_v1,A,q_과일_01,과일,식료품 중 '과일'을 판매·제공하는 매장,val,과일,T1 정확표기,5b20aaf0-37b4-4889-9660-c83968384f0b,"과일, 야채대장",과일 채소,좌동재래시장,전통시장,부산광역시,,,
79d34b45a97c11428ec6,full_annotation_v1,A,q_과일_01,과일,식료품 중 '과일'을 판매·제공하는 매장,val,과일,T1 정확표기,8e877536-9def-46fd-9648-58da4b6230ee,명서과일,과일,창원 명서시장,전통시장,경상남도,,,
4dfa8bee1652a63ccae1,full_annotation_v1,A,q_과일_01,과일,식료품 중 '과일'을 판매·제공하는 매장,val,과일,T1 정확표기,0af5f838-4190-4a50-8032-c9982143d578,청해과일,과일,구역전전통시장,전통시장,울산광역시,,,
18e7990933677600cc98,full_annotation_v1,A,q_과일_01,과일,식료품 중 '과일'을 판매·제공하는 매장,val,과일,T1 정확표기,35883750-a8fa-4dc2-a2e9-90c571031879,지리산고지농원,"사과, 종자, 오미자",남원인월시장,전통시장,전북특별자치도,,,
d5f307814019665a5f12,full_annotation_v1,A,q_과일_01,과일,식료품 중 '과일'을 판매·제공하는 매장,val,과일,T1 정확표기,33718306-2235-4dc8-980f-6194b2d058b8,달보드레 과일,과일,보정중심 골목형상점가,골목형상점가,경기도,,,
10c9c7140676179c1773,full_annotation_v1,A,q_과일_01,과일,식료품 중 '과일'을 판매·제공하는 매장,val,과일,T1 정확표기,94ddbe5e-a54c-4c41-ad33-106a9391131f,과일나라,과일,공주산성시장,전통시장,충청남도,,,
f7c8512fcb8e5abeeb06,full_annotation_v1,A,q_과일_01,과일,식료품 중 '과일'을 판매·제공하는 매장,val,과일,T1 정확표기,ccc63c2c-1b36-40f1-8e62-09fbe3c7217e,훈훈한 과일,과일,정서진중앙시장(구 서구중앙시장),전통시장,인천광역시,,,
b0183529051d72b20de6,full_annotation_v1,A,q_과일_01,과일,식료품 중 '과일'을 판매·제공하는 매장,val,과일,T1 정확표기,e9c484e6-7c6f-447b-ba33-7c6069442634,과일나라,과일,구역전시장,전통시장,울산광역시,,,
c7a028896989f23f3f6b,full_annotation_v1,A,q_과일_01,과일,식료품 중 '과일'을 판매·제공하는 매장,val,과일,T1 정확표기,03bdb89c-b551-49dc-a73f-54cf757bd138,삼익과일,과일,송하동 골목형상점가,골목형상점가,광주광역시,,,
1a8e3826fe931ecb28b9,full_annotation_v1,A,q_과일_01,과일,식료품 중 '과일'을 판매·제공하는 매장,val,과일,T1 정확표기,ca7d06e4-65b3-49b5-9437-c15afd5967c0,이레청과,과일,용인중앙시장,전통시장,경기도,,,
d3a5e101ff44bdbdc57b,full_annotation_v1,A,q_과일_01,과일,식료품 중 '과일'을 판매·제공하는 매장,val,과일,T1 정확표기,d5d5ed39-23d8-43d9-9798-1cae81971165,정우 과일 상회,과일,해남매일시장,전통시장,전라남도,,,
f22d764a76e4ad7b60b3,full_annotation_v1,A,q_과일_01,과일,식료품 중 '과일'을 판매·제공하는 매장,val,과일,T1 정확표기,165b3625-5da0-4998-af46-c016619a2e7c,한밭과일,과일,태평시장,전통시장,대전광역시,,,
7e0a445b9937c781c0a0,full_annotation_v1,A,q_과일_01,과일,식료품 중 '과일'을 판매·제공하는 매장,val,과일,T1 정확표기,8e2ea134-dd75-4c3e-a414-aabf4a50c93e,과일나라,과일,언양알프스시장,전통시장,울산광역시,,,
c4bebdd19a002856ed7f,full_annotation_v1,A,q_과일_01,과일,식료품 중 '과일'을 판매·제공하는 매장,val,과일,T1 정확표기,d10dba74-a1e7-4a6b-8160-4138ddb6e7da,달당,과일,복대가경시장,전통시장,충청북도,,,
2263fa5687dac9d57984,full_annotation_v1,A,q_과일_01,과일,식료품 중 '과일'을 판매·제공하는 매장,val,과일,T1 정확표기,b4ed9da3-96a4-4270-98f2-2d299fbcc883,과일나라,과일,동원전통종합시장,전통시장,서울특별시,,,
9c2354af8d79005cb979,full_annotation_v1,A,q_과일_01,과일,식료품 중 '과일'을 판매·제공하는 매장,val,과일,T1 정확표기,fff524d9-2b80-4495-8a50-3e99039afa1a,약국옆과일,과일,신 강남시장,전통시장,인천광역시,,,
bffbf7f725ad680f9ad5,full_annotation_v1,A,q_과일_01,과일,식료품 중 '과일'을 판매·제공하는 매장,val,과일,T1 정확표기,edceee03-fbb0-4c43-86af-b46c94360a83,이근철청과,과일,남부시장,전통시장,경상북도,,,
1313be3a4273aa1d863e,full_annotation_v1,A,q_과일_01,과일,식료품 중 '과일'을 판매·제공하는 매장,val,과일,T1 정확표기,6ff4937b-ccca-4a5d-8e35-f886f595a6ab,모닝과일,과일,수유전통시장(구 수유골목시장),전통시장,서울특별시,,,
611a056e24d1748e4b44,full_annotation_v1,A,q_과일_01,과일,식료품 중 '과일'을 판매·제공하는 매장,val,과일,T1 정확표기,00468e6b-39c6-4ce1-a534-a6b1eecac01d,태양농산물,과일,정릉서경대길골목형상점가(정릉골),골목형상점가,서울특별시,,,
4a97d88bb8cf78d72df7,full_annotation_v1,A,q_과일_01,과일,식료품 중 '과일'을 판매·제공하는 매장,val,과일,T1 정확표기,12def721-d9b2-4401-8120-605d3bae375f,수과일,과일,용호1동골목시장,전통시장,부산광역시,,,
14efb28bda5c27908ca8,full_annotation_v1,A,q_과일_01,과일,식료품 중 '과일'을 판매·제공하는 매장,val,과일,T1 정확표기,c8fcb2ea-8750-48e0-823a-5c40f8f0eb05,과일나라,과일,"온양온천시장(온양재래시장, 전통시장)",전통시장,충청남도,,,
103750ef31d2105910e4,full_annotation_v1,A,q_과일_01,과일,식료품 중 '과일'을 판매·제공하는 매장,val,과일,T1 정확표기,087412ce-b00a-4ba5-a027-05c22ba6ba0d,과일나라,과일,태평상가,골목형상점가,경기도,,,
df94c64210045f70ccf8,full_annotation_v1,A,q_과일_01,과일,식료품 중 '과일'을 판매·제공하는 매장,val,과일,T1 정확표기,9066a406-0030-4259-94ad-e96c0715fe88,과일 창고,과일,정림동 골목형상점가,골목형상점가,대전광역시,,,
0328cc95e75ed89fb2be,full_annotation_v1,A,q_과일_01,과일,식료품 중 '과일'을 판매·제공하는 매장,val,과일,T1 정확표기,201d8195-4190-4d3f-aad0-463e6a03129c,대물민물장어,,삼사 골목형상점가,골목형상점가,전북특별자치도,,,
34ffe5a5c4ba3cf2cb54,full_annotation_v1,A,q_과일_01,과일,식료품 중 '과일'을 판매·제공하는 매장,val,과일,T1 정확표기,3847397b-c8df-4285-91bd-f01548bf6a31,백해수 과일,과일,봉덕신시장,전통시장,대구광역시,,,
10dea438f07d7325fd2d,full_annotation_v1,A,q_과일_01,과일,식료품 중 '과일'을 판매·제공하는 매장,val,과일,T1 정확표기,28707b87-2080-466f-ac49-5684a21c41f6,7번청과청호점,과일,목포청호시장,전통시장,전라남도,,,
b7bc1676dd80e915b3e4,full_annotation_v1,A,q_과일_01,과일,식료품 중 '과일'을 판매·제공하는 매장,val,과일,T1 정확표기,9c3f4d4e-4ee1-43dd-8c07-8f2e8e3640f0,바이찬(bychan),의류,문흥2동 골목형상점가,골목형상점가,광주광역시,,,
916a2aedcf720189b8b6,full_annotation_v1,A,q_과일_01,과일,식료품 중 '과일'을 판매·제공하는 매장,val,과일,T1 정확표기,1732b474-5fd1-4efa-b932-ca82015e604d,제주애() 과일,과일,제주시민속오일시장,전통시장,제주특별자치도,,,
204929ed666504e90647,full_annotation_v1,A,q_과일_01,과일,식료품 중 '과일'을 판매·제공하는 매장,val,과일,T1 정확표기,5a6d5f0e-9bfc-49bd-93bd-8e194df61be4,본도시락 과천지식정보타운점,일반음식점,과천스마트케이 골목형상점가,골목형상점가,경기도,,,
b69b20498dc1515fb371,full_annotation_v1,A,q_과일_01,과일,식료품 중 '과일'을 판매·제공하는 매장,val,과일,T1 정확표기,5196aac6-522c-4328-8360-a778c0ee8e1e,수명청과유통,과일,상주풍물시장,전통시장,경상북도,,,
14a01b5afc21cb2ea4c7,full_annotation_v1,A,q_과일_01,과일,식료품 중 '과일'을 판매·제공하는 매장,val,과일,T1 정확표기,36fbb793-24e5-4f3f-948e-522b0f86b8b9,더 과일,과일,"지웰시티몰 1,2단지 골목형상점가",골목형상점가,충청남도,,,
43e551061533e9350271,full_annotation_v1,A,q_과일_01,과일,식료품 중 '과일'을 판매·제공하는 매장,val,과일,T1 정확표기,1cc3727c-675f-479a-9ae4-ccf4acba7e2c,과일나라,과일,괴정골목시장,전통시장,부산광역시,,,
45bc1e4498f418829ff0,full_annotation_v1,A,q_과일_01,과일,식료품 중 '과일'을 판매·제공하는 매장,val,과일,T1 정확표기,566e01b8-53f0-4c08-b88e-486fdfe2749e,과일나라,과일,구역전시장,전통시장,울산광역시,,,
b6385e5b7561099b5a12,full_annotation_v1,A,q_과일_01,과일,식료품 중 '과일'을 판매·제공하는 매장,val,과일,T1 정확표기,b17526ac-af8d-4e0e-97b4-3cbf29acda2a,욱수과일,과일,신매시장,전통시장,대구광역시,,,
43ab83324038b31bb030,full_annotation_v1,A,q_과일_01,과일,식료품 중 '과일'을 판매·제공하는 매장,val,과일,T1 정확표기,07d974e4-4e7d-41fe-8b1f-a7a96756dc79,백산청과,사과,충주농산물종합시장(구 중앙청과시장),전통시장,충청북도,,,
03974649c04f30509541,full_annotation_v1,A,q_과일_01,과일,식료품 중 '과일'을 판매·제공하는 매장,val,과일,T1 정확표기,a6ffed67-a918-4e43-b62b-e4c8e14450d2,호박포차,꼼장어 오돌뼈,양산동일신아파트 골목형상점가,골목형상점가,광주광역시,,,
d5cdc03d5fd1f224b325,full_annotation_v1,A,q_과일_01,과일,식료품 중 '과일'을 판매·제공하는 매장,val,과일,T1 정확표기,009efeba-a92a-4bf2-867f-f40d57386d40,(유)진경농산,청과,가락몰골목형상점가,골목형상점가,서울특별시,,,
18feaf966dfdbd2c6e8a,full_annotation_v1,A,q_과일_01,과일,식료품 중 '과일'을 판매·제공하는 매장,val,과일,T1 정확표기,84de0b35-60d6-46d3-b0aa-79e52ffe213f,재필이네 과일,과일,둔포전통시장,전통시장,충청남도,,,
778f2aa7dde149f4e7f1,full_annotation_v1,A,q_과일_01,과일,식료품 중 '과일'을 판매·제공하는 매장,val,과일,T1 정확표기,5d7e03d1-e47d-4037-8079-ed91dea8e87a,빵파레,완구,동대문문구완구거리,자율상권구역,서울특별시,,,
3ab103a96a113cde9401,full_annotation_v1,A,q_과일_01,과일,식료품 중 '과일'을 판매·제공하는 매장,val,과일,T1 정확표기,234ee312-05ba-4183-af7a-8a8ac8f25047,과일#,과일,서부시장상점가(서부시장 통합),전통시장,전북특별자치도,,,
5eb1ec193bb3932e2ab8,full_annotation_v1,A,q_과일_02,과일가게,식료품 중 '과일'을 판매·제공하는 매장,val,과일,T2 동의어,3e3952b7-2fbe-4750-ab37-05cc64d46f62,포항수협13번 중매인,수산물,죽도어시장,전통시장,경상북도,,,
fedbcbb092a46c1e49a6,full_annotation_v1,A,q_과일_02,과일가게,식료품 중 '과일'을 판매·제공하는 매장,val,과일,T2 동의어,00ebc127-05c7-4f5b-8926-20ba39cc1cda,대전따봉,"소매(청과,생선)",권선종합시장,전통시장,경기도,,,
3a7698f7295784b2acdf,full_annotation_v1,A,q_과일_02,과일가게,식료품 중 '과일'을 판매·제공하는 매장,val,과일,T2 동의어,06b14dd2-9361-4c86-97a3-c9f0a07abb57,영호네가게,과일,청학시장,전통시장,부산광역시,,,
322915f9aa481eedad59,full_annotation_v1,A,q_과일_02,과일가게,식료품 중 '과일'을 판매·제공하는 매장,val,과일,T2 동의어,8787ae1e-16eb-4a5d-a5b0-f500d3797100,아지야과일가게 다사,식료품,(유)다사소상공인연합,골목형상점가,대구광역시,,,
2d06a744593169c253cd,full_annotation_v1,A,q_과일_02,과일가게,식료품 중 '과일'을 판매·제공하는 매장,val,과일,T2 동의어,f04b0663-2d43-498f-91b9-1d2796a4b516,천원야채과일가게,농산물,돌곶이시장,전통시장,서울특별시,,,
17c5cf402f482dc98767,full_annotation_v1,A,q_과일_02,과일가게,식료품 중 '과일'을 판매·제공하는 매장,val,과일,T2 동의어,41271a18-a3ae-445b-86bd-f7a2651faabe,동현상회,사과청과,대구능금시장,전통시장,대구광역시,,,
a22eba067da5a2ce0923,full_annotation_v1,A,q_과일_02,과일가게,식료품 중 '과일'을 판매·제공하는 매장,val,과일,T2 동의어,0cd09fe7-5d5e-42bb-8712-27b8d72771e7,장군닭발,한식 및 닭발,우산동상인회 골목형상점가,골목형상점가,광주광역시,,,
e944a138a5a43690fb99,full_annotation_v1,A,q_과일_02,과일가게,식료품 중 '과일'을 판매·제공하는 매장,val,과일,T2 동의어,aaeca17d-baa0-49fc-933a-ef216715775c,유성식당,한식,송촌동상점가,자율상권구역,대전광역시,,,
5a0f68054b24cf5b3b40,full_annotation_v1,A,q_과일_02,과일가게,식료품 중 '과일'을 판매·제공하는 매장,val,과일,T2 동의어,00da8084-69b5-4bcc-b2ca-3eaf11175611,밀키샵 별내점,디저트,별내로데오상점가,골목형상점가,경기도,,,
968480af9fc86e25bdf6,full_annotation_v1,A,q_과일_02,과일가게,식료품 중 '과일'을 판매·제공하는 매장,val,과일,T2 동의어,0ebc7000-bceb-485c-99d5-d6c74d93ce51,수상한 과일가게(노은동점),,열매 골목형상점가,골목형상점가,대전광역시,,,
1c6000acdaa000ef8c37,full_annotation_v1,A,q_과일_02,과일가게,식료품 중 '과일'을 판매·제공하는 매장,val,과일,T2 동의어,58403d4c-00cd-4d26-8aef-6c049b0b8567,과일가게,과일,화천재래시장,전통시장,강원특별자치도,,,
5576c49a48d83a6b00b6,full_annotation_v1,A,q_과일_02,과일가게,식료품 중 '과일'을 판매·제공하는 매장,val,과일,T2 동의어,f953acfb-34b9-4fcd-a648-d689609e2620,태릉 과일가게,과일,태능엔터피아,전통시장,서울특별시,,,
c90a77c64ec243d75266,full_annotation_v1,A,q_과일_02,과일가게,식료품 중 '과일'을 판매·제공하는 매장,val,과일,T2 동의어,2c66ef13-48f6-4f11-98f8-ace3aa79d2f7,마이미용실,미용실,백운 대성시장 골목형상점가,골목형상점가,광주광역시,,,
635fc7820849708882c0,full_annotation_v1,A,q_과일_02,과일가게,식료품 중 '과일'을 판매·제공하는 매장,val,과일,T2 동의어,7bd8678a-0342-4b4a-8e03-ccd327be2fcd,삽다리과일가게,과일,송현시장,전통시장,인천광역시,,,
343428c79a5a3d94d176,full_annotation_v1,A,q_과일_02,과일가게,식료품 중 '과일'을 판매·제공하는 매장,val,과일,T2 동의어,60be11ff-3689-4b5e-9cc8-7bb7a1c73b21,아지야과일가게,"과일, 야채",삼성명가상가 골목형상점가,골목형상점가,대구광역시,,,
f4a6532a6ab681aba435,full_annotation_v1,A,q_과일_02,과일가게,식료품 중 '과일'을 판매·제공하는 매장,val,과일,T2 동의어,64168587-3412-4b58-943a-09b1e7fdaab2,과일가게(남영청과),소매(과일),장미원골목시장,전통시장,서울특별시,,,
6ebb69cff8123a9c01eb,full_annotation_v1,A,q_과일_02,과일가게,식료품 중 '과일'을 판매·제공하는 매장,val,과일,T2 동의어,2a5cb75b-f50c-4436-9477-d52835799063,진이과일가게,과일,부전농수산물새벽시장,전통시장,부산광역시,,,
1b0f009404671dfb6ac4,full_annotation_v1,A,q_과일_02,과일가게,식료품 중 '과일'을 판매·제공하는 매장,val,과일,T2 동의어,d877842b-d2fb-426b-8fc5-2015a281eb05,자영머리방,일반미용실,억지춘향시장(구 봉화춘향시장),전통시장,경상북도,,,
1e389653c6fc5bfaa7ba,full_annotation_v1,A,q_과일_02,과일가게,식료품 중 '과일'을 판매·제공하는 매장,val,과일,T2 동의어,ce428479-0251-4b91-a391-7b5886951dc3,과일가게,기타,복이있는덕포시장,전통시장,부산광역시,,,
f546c2907b2c416ff552,full_annotation_v1,A,q_과일_02,과일가게,식료품 중 '과일'을 판매·제공하는 매장,val,과일,T2 동의어,36d4a6b7-f286-4dc5-8438-b9fe225903c5,해영이네 과일가게,과일,연산골목시장상점가,자율상권구역,부산광역시,,,
ed6c1e4dd6efaf752ced,full_annotation_v1,A,q_과일_02,과일가게,식료품 중 '과일'을 판매·제공하는 매장,val,과일,T2 동의어,127132ae-8b0c-4184-83ad-e081bc51a472,지영이네과일가게,"채소, 과일, 뿌리작물",안양중앙시장,전통시장,경기도,,,
06298286517a71e228f0,full_annotation_v1,A,q_과일_02,과일가게,식료품 중 '과일'을 판매·제공하는 매장,val,과일,T2 동의어,3c49cc60-6135-4713-bf97-a40661ba8e07,뉴팜,사과 샤인머스켓,금오시장,전통시장,경상북도,,,
040ee4c740819ddbb8e5,full_annotation_v1,A,q_과일_02,과일가게,식료품 중 '과일'을 판매·제공하는 매장,val,과일,T2 동의어,003e7ebf-1112-4ab4-a484-67716e4b2a85,이든,카페,원주중앙시장활성화구역,상권활성화구역,강원특별자치도,,,
b8a165b7f7a92868904c,full_annotation_v1,A,q_과일_02,과일가게,식료품 중 '과일'을 판매·제공하는 매장,val,과일,T2 동의어,30aab4f1-0a08-40f8-8ec9-7fb904873471,봉좌산농원,농산물(사과),안강공설시장,전통시장,경상북도,,,
b3f7f2a4e533957ce0be,full_annotation_v1,A,q_과일_02,과일가게,식료품 중 '과일'을 판매·제공하는 매장,val,과일,T2 동의어,56d90e55-ba9d-4a89-a453-5319509d5335,진실한과일가게,청과물,둔촌역전통시장,전통시장,서울특별시,,,
f98825ac80e03dae5f06,full_annotation_v1,A,q_과일_02,과일가게,식료품 중 '과일'을 판매·제공하는 매장,val,과일,T2 동의어,5c55b609-2e0f-4319-b960-25580e714d4c,차칸가게,과일,일산시장(구 일산전통시장),전통시장,경기도,,,
3f0eae69e59e9b626017,full_annotation_v1,A,q_과일_02,과일가게,식료품 중 '과일'을 판매·제공하는 매장,val,과일,T2 동의어,835c312d-8329-4d28-a013-7d48a28ca457,아저씨네과일가게,과일,정선아리랑시장,전통시장,강원특별자치도,,,
f0cbb7cc03ca7c0ffcae,full_annotation_v1,A,q_과일_02,과일가게,식료품 중 '과일'을 판매·제공하는 매장,val,과일,T2 동의어,12b2e72e-4a91-4960-87a5-3fde352385bb,베트남댁 과일가게,과일,군분로 골목형상점가,골목형상점가,광주광역시,,,
4daf355339a342821454,full_annotation_v1,A,q_과일_02,과일가게,식료품 중 '과일'을 판매·제공하는 매장,val,과일,T2 동의어,69dc3d15-9102-4026-8841-adf44cfff7e1,올레과일가게,과일,서귀포매일올레시장,전통시장,제주특별자치도,,,
e9c3651c610d3a4ac0b2,full_annotation_v1,A,q_과일_02,과일가게,식료품 중 '과일'을 판매·제공하는 매장,val,과일,T2 동의어,bec127be-a36b-47e7-9a03-f2bae040bee8,고향정한식뷔페,한식,포항 대이상가 골목형상점가,골목형상점가,경상북도,,,
78879a99d6df58a1d913,full_annotation_v1,A,q_과일_02,과일가게,식료품 중 '과일'을 판매·제공하는 매장,val,과일,T2 동의어,eeadf602-36f7-429b-80e1-3462aa485ee0,원이네과일가게,,남천동로108번길 골목형상점가,골목형상점가,부산광역시,,,
5ea8c0e7aa454f1ec256,full_annotation_v1,A,q_과일_02,과일가게,식료품 중 '과일'을 판매·제공하는 매장,val,과일,T2 동의어,fc294c2c-efe8-4be4-9f6b-b866929b2c74,민후네과일가게,청과,송화벽화시장,전통시장,서울특별시,,,
81a55a27b30f72b44c0e,full_annotation_v1,A,q_과일_02,과일가게,식료품 중 '과일'을 판매·제공하는 매장,val,과일,T2 동의어,7688687c-2617-44ab-960a-3f7d7f7eb742,수상한 과일가게(관평점),,테크노밸리 골목형상점가,골목형상점가,대전광역시,,,
eaa8b285b4c18cb49cc8,full_annotation_v1,A,q_과일_02,과일가게,식료품 중 '과일'을 판매·제공하는 매장,val,과일,T2 동의어,35883750-a8fa-4dc2-a2e9-90c571031879,지리산고지농원,"사과, 종자, 오미자",남원인월시장,전통시장,전북특별자치도,,,
99f9216b5239e4440d82,full_annotation_v1,A,q_과일_02,과일가게,식료품 중 '과일'을 판매·제공하는 매장,val,과일,T2 동의어,b866a00c-742c-41da-92ec-50421aa0e07c,순리당,"피자, 햄버거",순천원도심상점가,자율상권구역,전라남도,,,
ae568d43b6d47ba92a5f,full_annotation_v1,A,q_과일_02,과일가게,식료품 중 '과일'을 판매·제공하는 매장,val,과일,T2 동의어,b0d12be1-8fe8-471e-8108-9c3850098564,꽃옷가게,,낭주골 골목형상점가,골목형상점가,전북특별자치도,,,
47fb5ec01b4b8a614907,full_annotation_v1,A,q_과일_02,과일가게,식료품 중 '과일'을 판매·제공하는 매장,val,과일,T2 동의어,00d3ef33-13db-4750-93a0-4b31010fcb70,온유베이크,카페,스타타워1 골목형상점가,골목형상점가,인천광역시,,,
a1281a8a2d1683394679,full_annotation_v1,A,q_과일_02,과일가게,식료품 중 '과일'을 판매·제공하는 매장,val,과일,T2 동의어,00333be0-b70d-4197-aa97-5a277d61e0da,㈜신진후르츠,과일,부전농수산물새벽시장,전통시장,부산광역시,,,
11708da34de4eb9903d4,full_annotation_v1,A,q_과일_02,과일가게,식료품 중 '과일'을 판매·제공하는 매장,val,과일,T2 동의어,77b1ef73-4bc1-4281-a84d-a9b16f2b6efc,동가네과일가게,청과물,사직시장,전통시장,부산광역시,,,
616c917cac64a320c75b,full_annotation_v1,A,q_과일_02,과일가게,식료품 중 '과일'을 판매·제공하는 매장,val,과일,T2 동의어,a1373443-822b-44dd-bdaa-9b7c89eaaab8,오빠네 과일가게,과일,시흥삼미시장,전통시장,경기도,,,
32274364a5ec0a3018fd,full_annotation_v1,A,q_과일_02,과일가게,식료품 중 '과일'을 판매·제공하는 매장,val,과일,T2 동의어,f1057783-cf34-4c9e-a37c-3af9a8dcb41d,초량 7번 과일가게,과일,초량전통시장,전통시장,부산광역시,,,
6b5a51f3ac629445e241,full_annotation_v1,A,q_과일_02,과일가게,식료품 중 '과일'을 판매·제공하는 매장,val,과일,T2 동의어,00c6ce65-3761-4ba1-a849-bcedeaa97463,평화상회,청과,경산공설시장,전통시장,경상북도,,,
38383d01e94691af65d2,full_annotation_v1,A,q_과일_02,과일가게,식료품 중 '과일'을 판매·제공하는 매장,val,과일,T2 동의어,e77f8d3f-97d4-4307-8217-42e28cc50f5e,와이(y),의류,중앙로 지하상가 상점가,일반지하상점가,대전광역시,,,
d41ce724636779d5df28,full_annotation_v1,A,q_과일_02,과일가게,식료품 중 '과일'을 판매·제공하는 매장,val,과일,T2 동의어,7d7d8a60-aacc-4f21-897b-444addc3554b,과일가게,과일,은행시장,전통시장,경기도,,,
9708294414082951186e,full_annotation_v1,A,q_과일_02,과일가게,식료품 중 '과일'을 판매·제공하는 매장,val,과일,T2 동의어,d4010c45-89a1-4f1e-a4c7-749104665a11,프리미엄 과일가게,과일,한들물빛도시 골목형 상점가,골목형상점가,충청남도,,,
41e41d3321be1c45933c,full_annotation_v1,A,q_과일_02,과일가게,식료품 중 '과일'을 판매·제공하는 매장,val,과일,T2 동의어,1823fd44-45da-4750-81ae-788f701f2a74,다해림맛김,김,사가정시장,전통시장,서울특별시,,,
9cac5169efd5483e4f50,full_annotation_v1,A,q_과일_02,과일가게,식료품 중 '과일'을 판매·제공하는 매장,val,과일,T2 동의어,124e0de2-687b-4aa7-b5bc-b23e36855964,아지야 야채과일가게 남산점,과일 채소 양곡,청라언덕 골목형상점가,골목형상점가,대구광역시,,,
9980f4e0e83456d715de,full_annotation_v1,A,q_과일_02,과일가게,식료품 중 '과일'을 판매·제공하는 매장,val,과일,T2 동의어,5ae97bb8-f785-4fc4-b135-afc389aecf5d,고구려토종한우,한우,포항 대이상가 골목형상점가,골목형상점가,경상북도,,,
6a4b54c904434400597d,full_annotation_v1,A,q_과일_02,과일가게,식료품 중 '과일'을 판매·제공하는 매장,val,과일,T2 동의어,c15b7d24-b90f-4edb-a4d7-38d243dad39e,가게,담배,대명시장,전통시장,대구광역시,,,
e00937b2fb20fd90f4c6,full_annotation_v1,A,q_과일_02,과일가게,식료품 중 '과일'을 판매·제공하는 매장,val,과일,T2 동의어,00e927c5-be32-44e1-b7fd-80e9cfc81773,진양상회,청과물,진주 청과시장,전통시장,경상남도,,,
f576abd136d8c3e66550,full_annotation_v1,A,q_과일_02,과일가게,식료품 중 '과일'을 판매·제공하는 매장,val,과일,T2 동의어,5849d389-c893-485e-bf10-eb407fb7ce88,1호과일가게,과일,마산 석전시장,전통시장,경상남도,,,
df713ef2df33e30b41f7,full_annotation_v1,A,q_과일_02,과일가게,식료품 중 '과일'을 판매·제공하는 매장,val,과일,T2 동의어,009efeba-a92a-4bf2-867f-f40d57386d40,(유)진경농산,청과,가락몰골목형상점가,골목형상점가,서울특별시,,,
3079bdf1a6096c71f168,full_annotation_v1,A,q_과일_02,과일가게,식료품 중 '과일'을 판매·제공하는 매장,val,과일,T2 동의어,153427c3-67c2-4fc6-95af-bb41cbea3f5f,주식회사 훈훈한과일가게,과일 채소,인천모래내전통시장,전통시장,인천광역시,,,
4e617611e5491076018b,full_annotation_v1,A,q_과일_02,과일가게,식료품 중 '과일'을 판매·제공하는 매장,val,과일,T2 동의어,8d37151e-2b4d-4129-a3f3-e700da455787,경주과일가게,과일,언양알프스시장,전통시장,울산광역시,,,
86c6fac8f8e7d19198c7,full_annotation_v1,A,q_과일_02,과일가게,식료품 중 '과일'을 판매·제공하는 매장,val,과일,T2 동의어,003d7e3f-6459-4018-ac58-7184cd2457d5,눈치 금호점,카페,금호1동상가번영회 골목형상점가,골목형상점가,광주광역시,,,
1a0b8fe54847540daed3,full_annotation_v1,A,q_과일_02,과일가게,식료품 중 '과일'을 판매·제공하는 매장,val,과일,T2 동의어,d0886a0c-5b06-43e7-ad96-0e47b13ff0e8,개성연출,미용,가락골 골목형상점가,골목형상점가,서울특별시,,,
cb7cdb626577bfe637f6,full_annotation_v1,A,q_과일_02,과일가게,식료품 중 '과일'을 판매·제공하는 매장,val,과일,T2 동의어,b29c627e-81b4-4ff1-90e7-dc57bd68272d,행복한가게,과일,흑석시장골목형상점가,골목형상점가,서울특별시,,,
adbdf7394f31ed5f2914,full_annotation_v1,A,q_과일_02,과일가게,식료품 중 '과일'을 판매·제공하는 매장,val,과일,T2 동의어,29b11d45-18d9-4bdb-a258-138e601805c6,양재시장 정육점,정육,양재시장,전통시장,서울특별시,,,
6b12dafbbeb46184e87a,full_annotation_v1,A,q_과일_02,과일가게,식료품 중 '과일'을 판매·제공하는 매장,val,과일,T2 동의어,b83ef1c9-ae54-44d2-b7f0-7d606a3912e0,행복한 과일가게,,군산원협 싱싱마루 골목형상점가,골목형상점가,전북특별자치도,,,
691e7393b4619e825e2c,full_annotation_v1,A,q_과일_02,과일가게,식료품 중 '과일'을 판매·제공하는 매장,val,과일,T2 동의어,5e884e92-4e95-434c-913d-e64cd3660ef8,과일가게아저씨,채소 과실 소매업,용강동상점가,자율상권구역,서울특별시,,,
e6e948f23ca8db3607f0,full_annotation_v1,A,q_과일_02,과일가게,식료품 중 '과일'을 판매·제공하는 매장,val,과일,T2 동의어,07d974e4-4e7d-41fe-8b1f-a7a96756dc79,백산청과,사과,충주농산물종합시장(구 중앙청과시장),전통시장,충청북도,,,
de5512648bf92cc03c37,full_annotation_v1,A,q_과일_02,과일가게,식료품 중 '과일'을 판매·제공하는 매장,val,과일,T2 동의어,0063671e-77f7-466c-bbc2-223497c0dae4,무가당,카페,세병호 골목형상점가,골목형상점가,전북특별자치도,,,
514e2dab196fffa959cc,full_annotation_v1,A,q_과일_02,과일가게,식료품 중 '과일'을 판매·제공하는 매장,val,과일,T2 동의어,0045f871-6f40-4361-bcdd-2b94bf597287,무파장터,야채 청과물,신금정시장 골목형 상점가,골목형상점가,부산광역시,,,
164a259036e0c286dc1f,full_annotation_v1,A,q_과일_02,과일가게,식료품 중 '과일'을 판매·제공하는 매장,val,과일,T2 동의어,ec70b989-6b3e-4aa5-b93b-0d7c0fcf0c28,대박집,농수산물 도소매,평택통복시장,전통시장,경기도,,,
ae8277b7e265d82c5a5b,full_annotation_v1,A,q_과일_02,과일가게,식료품 중 '과일'을 판매·제공하는 매장,val,과일,T2 동의어,00468e6b-39c6-4ce1-a534-a6b1eecac01d,태양농산물,과일,정릉서경대길골목형상점가(정릉골),골목형상점가,서울특별시,,,
d27b1aea50f13842b9a9,full_annotation_v1,A,q_과일_02,과일가게,식료품 중 '과일'을 판매·제공하는 매장,val,과일,T2 동의어,00045dfc-0681-4fb3-8265-33b3df14c289,한라농산,과일,황지시장상점가,자율상권구역,강원특별자치도,,,
ddfa17343ea92ea64c91,full_annotation_v1,A,q_과일_02,과일가게,식료품 중 '과일'을 판매·제공하는 매장,val,과일,T2 동의어,9dc79f10-cfd4-481f-bcb5-2e530d6e881b,과일가게,과일,홍성전통시장(구 홍성정기시장),전통시장,충청남도,,,
1b0c5cd8777043245db5,full_annotation_v1,A,q_과일_02,과일가게,식료품 중 '과일'을 판매·제공하는 매장,val,과일,T2 동의어,d4afcbd4-7938-46f8-abfc-01eb6cecfcdf,로이드충주점,액세서리,성서중심시장(성서시장문화의거리 통합),전통시장,충청북도,,,
3d3609f20ecdd8fb4d36,full_annotation_v1,A,q_과일_02,과일가게,식료품 중 '과일'을 판매·제공하는 매장,val,과일,T2 동의어,07aa9211-faba-46ea-bda8-0efd60f4653c,과일짱,과일,광명새마을시장,전통시장,경기도,,,
2e8300acec6ef4f60a34,full_annotation_v1,A,q_과일_02,과일가게,식료품 중 '과일'을 판매·제공하는 매장,val,과일,T2 동의어,006204f3-b214-4611-a434-f896bf75e919,장터사랑,과일,농성세대공감상인회 골목형상점가,골목형상점가,광주광역시,,,
959ba2714c3e5bdfcbe3,full_annotation_v1,A,q_과일_02,과일가게,식료품 중 '과일'을 판매·제공하는 매장,val,과일,T2 동의어,fda03f8e-4c0a-43a1-acc1-3a7c7be4d046,호산나,의류,주안시민지하도상점가,일반지하상점가,인천광역시,,,
c47abe4fb42ad407cc3f,full_annotation_v1,A,q_과일_02,과일가게,식료품 중 '과일'을 판매·제공하는 매장,val,과일,T2 동의어,eb2859eb-2ef0-4054-99c5-95a4eec3f9cd,수상한과일가게(관평동점),야채 과일,테크노밸리 골목형상점가,골목형상점가,대전광역시,,,
a2150a14c36807e2193f,full_annotation_v1,A,q_과일_02,과일가게,식료품 중 '과일'을 판매·제공하는 매장,val,과일,T2 동의어,ca50be97-0ebb-4461-9266-fd7a8a58ad19,엄마네과일가게,과일,대야전통시장,전통시장,전북특별자치도,,,
7712ddcf3d01cfff001e,full_annotation_v1,A,q_과일_02,과일가게,식료품 중 '과일'을 판매·제공하는 매장,val,과일,T2 동의어,0042e83d-930b-4d1d-a96f-f1a2691256cd,성화상회,과일,대구능금시장,전통시장,대구광역시,,,
179c38dfb57d70b51c8e,full_annotation_v1,A,q_과일_02,과일가게,식료품 중 '과일'을 판매·제공하는 매장,val,과일,T2 동의어,f912610c-5396-4246-9bcf-ad530b452a40,블루버드,치킨 돈가스 샐러드 골뱅이무침 해물탕,북부서 맞은편 골목형상점가,골목형상점가,광주광역시,,,
080619cf1ec14d9649da,full_annotation_v1,A,q_과일_02,과일가게,식료품 중 '과일'을 판매·제공하는 매장,val,과일,T2 동의어,3519f163-53c4-4c7a-a052-7d1e6cfbedfe,우리동네과일가게,과일,쌍학로상인회 골목형상점가,골목형상점가,광주광역시,,,
2243eb6cd362040d89d8,full_annotation_v1,A,q_과일_03,사과,식료품 중 '과일'을 판매·제공하는 매장,val,과일,T2 동의어,85a14899-fe8a-4997-af7d-86e69780f740,단양죽령사과,사과,원주중앙로문화의거리,자율상권구역,강원특별자치도,,,
abe349e320e4665481fd,full_annotation_v1,A,q_과일_03,사과,식료품 중 '과일'을 판매·제공하는 매장,val,과일,T2 동의어,58b8631a-65ab-4ad8-bee5-609778650e64,"문경사과빵,새재샌드","사과빵, 사과샌드",문경새재 골목형상점가,골목형상점가,경상북도,,,
5061563f0685cb038a5a,full_annotation_v1,A,q_과일_03,사과,식료품 중 '과일'을 판매·제공하는 매장,val,과일,T2 동의어,00da8084-69b5-4bcc-b2ca-3eaf11175611,밀키샵 별내점,디저트,별내로데오상점가,골목형상점가,경기도,,,
af1f6f1f9caa17faa4fd,full_annotation_v1,A,q_과일_03,사과,식료품 중 '과일'을 판매·제공하는 매장,val,과일,T2 동의어,00c6ce65-3761-4ba1-a849-bcedeaa97463,평화상회,청과,경산공설시장,전통시장,경상북도,,,
4971c388f7b8b77b1c46,full_annotation_v1,A,q_과일_03,사과,식료품 중 '과일'을 판매·제공하는 매장,val,과일,T2 동의어,42e0ffa0-4c68-4378-8cfc-6042f2e58af7,선경이불주단,"침구류(이불,한복)",중앙전통시장,전통시장,울산광역시,,,
7985d5eaff8fb5f51a48,full_annotation_v1,A,q_과일_03,사과,식료품 중 '과일'을 판매·제공하는 매장,val,과일,T2 동의어,f4f1396b-414c-4964-9c7c-513e7fd72c6f,고운사랑스튜디오,사진촬영,금호사랑 상인회 골목형상점가,골목형상점가,전라남도,,,
8563bbe9990ce0e4369c,full_annotation_v1,A,q_과일_03,사과,식료품 중 '과일'을 판매·제공하는 매장,val,과일,T2 동의어,0045f871-6f40-4361-bcdd-2b94bf597287,무파장터,야채 청과물,신금정시장 골목형 상점가,골목형상점가,부산광역시,,,
6c2adb312a638e15b8e8,full_annotation_v1,A,q_과일_03,사과,식료품 중 '과일'을 판매·제공하는 매장,val,과일,T2 동의어,68468499-6c46-4d0b-a3e1-a8230b82b0a4,넉넉한사람들,사과생즙,박달재전통시장,전통시장,충청북도,,,
56499aac5d9500f4dc3b,full_annotation_v1,A,q_과일_03,사과,식료품 중 '과일'을 판매·제공하는 매장,val,과일,T2 동의어,1c9508a7-414a-4f41-956d-a5bdaee45266,사과랑 그림이랑,공예,진보전통시장,전통시장,경상북도,,,
aa036dc4e4ca84572b3d,full_annotation_v1,A,q_과일_03,사과,식료품 중 '과일'을 판매·제공하는 매장,val,과일,T2 동의어,6b431741-f7fc-4616-b02e-35be23d0f3ef,사과도매전문,과일,거제 고현시장,전통시장,경상남도,,,
71b8b99ec944634574ff,full_annotation_v1,A,q_과일_03,사과,식료품 중 '과일'을 판매·제공하는 매장,val,과일,T2 동의어,d307f009-1a39-4bda-b2e8-5574aa399afa,훈이네과일,사과,못골골목시장,전통시장,부산광역시,,,
1aa1e51e70fd17f690e0,full_annotation_v1,A,q_과일_03,사과,식료품 중 '과일'을 판매·제공하는 매장,val,과일,T2 동의어,30c6297b-3c0e-472f-86ba-4b383be6cbf5,한강텐트대여 감성텐트 뚝섬점,텐트대여,이튼타워리버3차골목형상점가,골목형상점가,서울특별시,,,
2eabcf0203b3b645690b,full_annotation_v1,A,q_과일_03,사과,식료품 중 '과일'을 판매·제공하는 매장,val,과일,T2 동의어,599ef3e2-d6e0-419d-bc0f-6a0bb522453d,사과당,,문화로 자율상권구역,,경상북도,,,
69ab8dd02938ee5bb74d,full_annotation_v1,A,q_과일_03,사과,식료품 중 '과일'을 판매·제공하는 매장,val,과일,T2 동의어,8b8d8076-90d5-494a-9786-b70aaa6b1a3f,꽁지횟집,수산물,노량진수산시장골목형상점가,골목형상점가,서울특별시,,,
b78bb54f22a6849ad9e3,full_annotation_v1,A,q_과일_03,사과,식료품 중 '과일'을 판매·제공하는 매장,val,과일,T2 동의어,cf6a0605-080c-4e97-8c18-11fb18916627,누리마켓,제철과일 복숭아 자두 살구 사과 블루베리 등 뿌리채소 고구마 감자 당근,청도공설시장,전통시장,경상북도,,,
3875cd58448e5ca4b2d5,full_annotation_v1,A,q_과일_03,사과,식료품 중 '과일'을 판매·제공하는 매장,val,과일,T2 동의어,e1f7411f-e562-4170-8360-3c56c08c74e2,동명비니루,기타지류,거제 고현종합시장,전통시장,경상남도,,,
c9786798d3dc6610f0c7,full_annotation_v1,A,q_과일_03,사과,식료품 중 '과일'을 판매·제공하는 매장,val,과일,T2 동의어,df6d41fb-11a3-45de-9129-3a80ccfc7ba7,빨간사과,의류 잡화,부산평화시장,전통시장,부산광역시,,,
8a2d2a6b70c66bf9a49c,full_annotation_v1,A,q_과일_03,사과,식료품 중 '과일'을 판매·제공하는 매장,val,과일,T2 동의어,913c71ca-d70f-437d-9a60-8ef3da3bda90,대양농원,사과 오미자청,문경전통시장,전통시장,경상북도,,,
0b400ab229fb883bbcb0,full_annotation_v1,A,q_과일_03,사과,식료품 중 '과일'을 판매·제공하는 매장,val,과일,T2 동의어,55e8d7a1-1d4d-4dec-9536-f85b1fc4995b,사과도장,아이폰,보람동 골목형상점가,골목형상점가,세종특별자치시,,,
dccd6c4e8e4a18870d38,full_annotation_v1,A,q_과일_03,사과,식료품 중 '과일'을 판매·제공하는 매장,val,과일,T2 동의어,adec8fb8-b023-4e14-8e58-5f245904c82c,사과아저씨,청과,정읍샘고을시장,전통시장,전북특별자치도,,,
a659e762ce2cd7cc78c5,full_annotation_v1,A,q_과일_03,사과,식료품 중 '과일'을 판매·제공하는 매장,val,과일,T2 동의어,628b2730-f812-4890-8a94-189ca64d95e3,사과당 새롬점,사과파이,새롬동 골목형상점가,골목형상점가,세종특별자치시,,,
26bff8e43dab278f8ba2,full_annotation_v1,A,q_과일_03,사과,식료품 중 '과일'을 판매·제공하는 매장,val,과일,T2 동의어,10231dfb-8299-400e-92e9-f5b2f92bbd5d,임마누엘인쇄출판사,경인쇄,백년소상공인,기타,대전광역시,,,
0f8922513ba35c179e7d,full_annotation_v1,A,q_과일_03,사과,식료품 중 '과일'을 판매·제공하는 매장,val,과일,T2 동의어,6fad644a-8924-4b9b-8c1c-e7bac9b8a4d1,더풋샵 뚝섬유원지역점,미용,이튼타워리버3차골목형상점가,골목형상점가,서울특별시,,,
bcce8168b5b6a0ae9a4e,full_annotation_v1,A,q_과일_03,사과,식료품 중 '과일'을 판매·제공하는 매장,val,과일,T2 동의어,fbce6e7e-6e68-44e6-bb08-e3d7bad5cb0c,빨간사과,,양산 덕계종합상설시장,전통시장,경상남도,,,
ebe2084caa70162419c5,full_annotation_v1,A,q_과일_03,사과,식료품 중 '과일'을 판매·제공하는 매장,val,과일,T2 동의어,41271a18-a3ae-445b-86bd-f7a2651faabe,동현상회,사과청과,대구능금시장,전통시장,대구광역시,,,
bca41b93bf2633ed5f96,full_annotation_v1,A,q_과일_03,사과,식료품 중 '과일'을 판매·제공하는 매장,val,과일,T2 동의어,41a0de32-eb39-43c5-8b41-9f1368e4ec10,황남밀면,한식,황남상가시장,전통시장,경상북도,,,
6d709b12b97b9a8b771e,full_annotation_v1,A,q_과일_03,사과,식료품 중 '과일'을 판매·제공하는 매장,val,과일,T2 동의어,c05ab23b-b950-45e3-b6f0-a079af3986fd,사과나무떡,떡,동천동먹자골목1번가상인회 골목형상점가,골목형상점가,광주광역시,,,
184aff6b2908fa24899a,full_annotation_v1,A,q_과일_03,사과,식료품 중 '과일'을 판매·제공하는 매장,val,과일,T2 동의어,003e7ebf-1112-4ab4-a484-67716e4b2a85,이든,카페,원주중앙시장활성화구역,상권활성화구역,강원특별자치도,,,
32d10da4c5fb77806f3c,full_annotation_v1,A,q_과일_03,사과,식료품 중 '과일'을 판매·제공하는 매장,val,과일,T2 동의어,0042e83d-930b-4d1d-a96f-f1a2691256cd,성화상회,과일,대구능금시장,전통시장,대구광역시,,,
a70b2a2c093c3f206fd7,full_annotation_v1,A,q_과일_03,사과,식료품 중 '과일'을 판매·제공하는 매장,val,과일,T2 동의어,00e927c5-be32-44e1-b7fd-80e9cfc81773,진양상회,청과물,진주 청과시장,전통시장,경상남도,,,
9a464c603c17a1c05f3b,full_annotation_v1,A,q_과일_03,사과,식료품 중 '과일'을 판매·제공하는 매장,val,과일,T2 동의어,95fb03de-6ae7-46f7-95c6-912e3136e817,고동품은문어(재백수산),문어 고동 생대구 고등어,포항죽도시장,전통시장,경상북도,,,
595f5104b22442a35fc5,full_annotation_v1,A,q_과일_03,사과,식료품 중 '과일'을 판매·제공하는 매장,val,과일,T2 동의어,3b1947c0-4e2f-4572-a561-b1272a90eb73,유진상회,과일(도소매),유진상가,전통시장,서울특별시,,,
3592d45ac7e8949a13a4,full_annotation_v1,A,q_과일_03,사과,식료품 중 '과일'을 판매·제공하는 매장,val,과일,T2 동의어,c0be88d4-a71a-4637-bdf6-a080f678a3f6,사과당 에코시티점,사과파이,세병호 골목형상점가,골목형상점가,전북특별자치도,,,
d7cfe2568138b4a08693,full_annotation_v1,A,q_과일_03,사과,식료품 중 '과일'을 판매·제공하는 매장,val,과일,T2 동의어,009efeba-a92a-4bf2-867f-f40d57386d40,(유)진경농산,청과,가락몰골목형상점가,골목형상점가,서울특별시,,,
e44d9c804a96895b8f0f,full_annotation_v1,A,q_과일_03,사과,식료품 중 '과일'을 판매·제공하는 매장,val,과일,T2 동의어,e6b1e758-460c-42b9-b425-cc86f9e2d42d,하루계란 아산탕정점,계란 사과 치즈,한들물빛도시 골목형 상점가,골목형상점가,충청남도,,,
7fa9399787c29fd33d22,full_annotation_v1,A,q_과일_03,사과,식료품 중 '과일'을 판매·제공하는 매장,val,과일,T2 동의어,8d5e4ae6-2b4b-4e4c-821f-6c8cc45b6402,수완사과,청과물,석세스,골목형상점가,광주광역시,,,
8d5b9c3dc92065f73994,full_annotation_v1,A,q_과일_03,사과,식료품 중 '과일'을 판매·제공하는 매장,val,과일,T2 동의어,56331b0e-55fd-43ad-9934-1a156651efb7,발가락70개,사과 참외 배,운암제일 골목형상점가,골목형상점가,광주광역시,,,
e8bf670db3ccbb19976e,full_annotation_v1,A,q_과일_03,사과,식료품 중 '과일'을 판매·제공하는 매장,val,과일,T2 동의어,63945ec4-93aa-4afd-b4aa-c6055041d340,예산사과,과일,예산상설시장,전통시장,충청남도,,,
05109c4bacf47f98b82f,full_annotation_v1,A,q_과일_03,사과,식료품 중 '과일'을 판매·제공하는 매장,val,과일,T2 동의어,2d2f465b-e2bf-494c-8379-ff5df77e8c95,맛땡이사과,과일,영등포청과시장,자율상권구역,서울특별시,,,
64ffdee27cdef072f971,full_annotation_v1,A,q_과일_03,사과,식료품 중 '과일'을 판매·제공하는 매장,val,과일,T2 동의어,e5cbe72a-7753-4f7c-b369-02e21cab2cf6,태양수산,"생선, 활어, 건어물",대천항수산시장,전통시장,충청남도,,,
81669e8b9a8c0f38c51d,full_annotation_v1,A,q_과일_03,사과,식료품 중 '과일'을 판매·제공하는 매장,val,과일,T2 동의어,0063671e-77f7-466c-bbc2-223497c0dae4,무가당,카페,세병호 골목형상점가,골목형상점가,전북특별자치도,,,
426ce46c336707158bc8,full_annotation_v1,A,q_과일_03,사과,식료품 중 '과일'을 판매·제공하는 매장,val,과일,T2 동의어,ea161b81-9071-4b45-8ca2-5ffab3958d4a,헤어파트너,미용업,금호사랑 상인회 골목형상점가,골목형상점가,전라남도,,,
0872f2c71bca71898526,full_annotation_v1,A,q_과일_03,사과,식료품 중 '과일'을 판매·제공하는 매장,val,과일,T2 동의어,b65c37d3-7759-4e86-9d8c-e85b4e3f1eea,사과같은내얼굴,피부관리,화정한울타리상인회 골목형상점가,골목형상점가,광주광역시,,,
4fcca18e274d5bd2ca02,full_annotation_v1,A,q_과일_03,사과,식료품 중 '과일'을 판매·제공하는 매장,val,과일,T2 동의어,b096500f-a811-416f-90bf-f8aeb0a11eb4,장수사과,사과판매,봉선시장,전통시장,광주광역시,,,
5c6954fac0aa84cb1373,full_annotation_v1,A,q_과일_03,사과,식료품 중 '과일'을 판매·제공하는 매장,val,과일,T2 동의어,006204f3-b214-4611-a434-f896bf75e919,장터사랑,과일,농성세대공감상인회 골목형상점가,골목형상점가,광주광역시,,,
46edd0dce84a98191c52,full_annotation_v1,A,q_과일_03,사과,식료품 중 '과일'을 판매·제공하는 매장,val,과일,T2 동의어,a852a877-179b-496a-81aa-16a2bbcbd90e,과일엔사과,사과,중랑동부시장,전통시장,서울특별시,,,
777e31a1912f5af372f8,full_annotation_v1,A,q_과일_03,사과,식료품 중 '과일'을 판매·제공하는 매장,val,과일,T2 동의어,64fdeb12-d6f8-40c3-8bf9-da8b35b4c90b,사과나무,의류,금남지하도상가2공구,일반지하상점가,광주광역시,,,
ff599642ebdc1de76fec,full_annotation_v1,A,q_과일_03,사과,식료품 중 '과일'을 판매·제공하는 매장,val,과일,T2 동의어,dbec2127-32b6-4c9c-aaac-b2df39f539ca,사과나무,과일,창원 반송시장,전통시장,경상남도,,,
09c659348808124afc01,full_annotation_v1,A,q_과일_03,사과,식료품 중 '과일'을 판매·제공하는 매장,val,과일,T2 동의어,f70e8289-e72d-4341-97eb-30c94fc9ecfc,사과점빵,커피,진보전통시장,전통시장,경상북도,,,
273298bca1e944d5d775,full_annotation_v1,A,q_과일_03,사과,식료품 중 '과일'을 판매·제공하는 매장,val,과일,T2 동의어,931f531b-3868-403f-9137-640d06ae4aa8,은석유통,과일(사과),석소 골목형상점가,골목형상점가,전북특별자치도,,,
3b572f41959122ca406e,full_annotation_v1,A,q_과일_03,사과,식료품 중 '과일'을 판매·제공하는 매장,val,과일,T2 동의어,eea6e4ae-4dc4-40b1-8e2d-af3c13524458,사과텔레콤,휴대폰,원주자유시장,전통시장,강원특별자치도,,,
f9c55fb4337116fc7138,full_annotation_v1,A,q_과일_03,사과,식료품 중 '과일'을 판매·제공하는 매장,val,과일,T2 동의어,30aab4f1-0a08-40f8-8ec9-7fb904873471,봉좌산농원,농산물(사과),안강공설시장,전통시장,경상북도,,,
43d4a10ba2badd9ccce4,full_annotation_v1,A,q_과일_03,사과,식료품 중 '과일'을 판매·제공하는 매장,val,과일,T2 동의어,00045dfc-0681-4fb3-8265-33b3df14c289,한라농산,과일,황지시장상점가,자율상권구역,강원특별자치도,,,
52cace3986068d9035d6,full_annotation_v1,A,q_과일_03,사과,식료품 중 '과일'을 판매·제공하는 매장,val,과일,T2 동의어,28cff1d6-8642-41d8-8e37-3c31866c7042,사과하나,과일,못골골목시장,전통시장,부산광역시,,,
40f3917a927f18c04c32,full_annotation_v1,A,q_과일_03,사과,식료품 중 '과일'을 판매·제공하는 매장,val,과일,T2 동의어,8d019c20-35ff-40b7-ab6c-8511d6a1a71d,과일엔사과,사과,중랑동부시장,전통시장,서울특별시,,,
8585fcb9548e954a6ca7,full_annotation_v1,A,q_과일_03,사과,식료품 중 '과일'을 판매·제공하는 매장,val,과일,T2 동의어,7423a9cb-15c3-475e-ae8a-d32fc60ed470,사과당,,산내마을 골목형상점가,골목형상점가,경기도,,,
39c2e1916bb0e11c493a,full_annotation_v1,A,q_과일_03,사과,식료품 중 '과일'을 판매·제공하는 매장,val,과일,T2 동의어,00ebc127-05c7-4f5b-8926-20ba39cc1cda,대전따봉,"소매(청과,생선)",권선종합시장,전통시장,경기도,,,
df9a0894e9af04ad9fb0,full_annotation_v1,A,q_과일_03,사과,식료품 중 '과일'을 판매·제공하는 매장,val,과일,T2 동의어,3c49cc60-6135-4713-bf97-a40661ba8e07,뉴팜,사과 샤인머스켓,금오시장,전통시장,경상북도,,,
8cafd1b4c3e62f897961,full_annotation_v1,A,q_과일_03,사과,식료품 중 '과일'을 판매·제공하는 매장,val,과일,T2 동의어,a78be6f2-50f5-464d-9656-3a3f236c3df0,엑스포청과,과일.사과.야채,엑스포코아 골목형상점가,골목형상점가,대전광역시,,,
d6fc5ccd4f10bc69e767,full_annotation_v1,A,q_과일_03,사과,식료품 중 '과일'을 판매·제공하는 매장,val,과일,T2 동의어,a1321107-2312-42f6-a693-6e42b43c0fb1,영광전기조명,전기조명,덕이동메인타운상점가(구 덕이동로데오메인타운),자율상권구역,경기도,,,
6e30d9d4ca1a7830ce8d,full_annotation_v1,A,q_과일_03,사과,식료품 중 '과일'을 판매·제공하는 매장,val,과일,T2 동의어,00d3ef33-13db-4750-93a0-4b31010fcb70,온유베이크,카페,스타타워1 골목형상점가,골목형상점가,인천광역시,,,
6b51fef7a31fd02e9990,full_annotation_v1,A,q_과일_03,사과,식료품 중 '과일'을 판매·제공하는 매장,val,과일,T2 동의어,f4f3557c-16fa-4304-bb97-cd3ae56dfcb2,사과숲,소품샵,정선아리랑시장상권활성화구역,상권활성화구역,강원특별자치도,,,
049c979548c87ad17a5d,full_annotation_v1,A,q_과일_03,사과,식료품 중 '과일'을 판매·제공하는 매장,val,과일,T2 동의어,bb573e58-dab4-4e73-a037-1194a05244d7,에스엠마트,농산물정육수산물음료과자라면등,동적골 골목형상점가,골목형상점가,광주광역시,,,
1741ac803aafb789edf6,full_annotation_v1,A,q_과일_03,사과,식료품 중 '과일'을 판매·제공하는 매장,val,과일,T2 동의어,1527f914-abae-4b8b-87ff-55a704910b95,사과나무,과일,창원 가음정시장,전통시장,경상남도,,,
c0bea5225fa748fc2d92,full_annotation_v1,A,q_과일_03,사과,식료품 중 '과일'을 판매·제공하는 매장,val,과일,T2 동의어,dee364a8-d748-47ed-9e09-50c9b9e43c52,왕자고무,신발,예산상설시장,전통시장,충청남도,,,
cea7846bddcaa9908098,full_annotation_v1,A,q_과일_03,사과,식료품 중 '과일'을 판매·제공하는 매장,val,과일,T2 동의어,07d974e4-4e7d-41fe-8b1f-a7a96756dc79,백산청과,사과,충주농산물종합시장(구 중앙청과시장),전통시장,충청북도,,,
3fce160c4936ebdef4f1,full_annotation_v1,A,q_과일_03,사과,식료품 중 '과일'을 판매·제공하는 매장,val,과일,T2 동의어,00468e6b-39c6-4ce1-a534-a6b1eecac01d,태양농산물,과일,정릉서경대길골목형상점가(정릉골),골목형상점가,서울특별시,,,
cc70ae0a81d985d68d42,full_annotation_v1,A,q_과일_03,사과,식료품 중 '과일'을 판매·제공하는 매장,val,과일,T2 동의어,081dd836-bd13-408d-bfbd-d160835c3a1c,사과나무,과일,왕지상가,자율상권구역,전라남도,,,
7d6f6c4029f412ca92f7,full_annotation_v1,A,q_과일_03,사과,식료품 중 '과일'을 판매·제공하는 매장,val,과일,T2 동의어,003d7e3f-6459-4018-ac58-7184cd2457d5,눈치 금호점,카페,금호1동상가번영회 골목형상점가,골목형상점가,광주광역시,,,
43fa96f0df00aaf1e9f9,full_annotation_v1,A,q_과일_03,사과,식료품 중 '과일'을 판매·제공하는 매장,val,과일,T2 동의어,35883750-a8fa-4dc2-a2e9-90c571031879,지리산고지농원,"사과, 종자, 오미자",남원인월시장,전통시장,전북특별자치도,,,
cfad59ab6f725807d365,full_annotation_v1,A,q_과일_03,사과,식료품 중 '과일'을 판매·제공하는 매장,val,과일,T2 동의어,00333be0-b70d-4197-aa97-5a277d61e0da,㈜신진후르츠,과일,부전농수산물새벽시장,전통시장,부산광역시,,,
e5170a9875165fc5d3b9,full_annotation_v1,A,q_과일_03,사과,식료품 중 '과일'을 판매·제공하는 매장,val,과일,T2 동의어,57f21678-123d-46b7-aca2-39c04f9ab3bf,인환수산,생선,소래포구전통어시장,전통시장,인천광역시,,,
0e95b9a6396be86106c0,full_annotation_v1,A,q_과일_03,사과,식료품 중 '과일'을 판매·제공하는 매장,val,과일,T2 동의어,665a26cb-d792-4331-8b20-1930521135d7,안동청송사과,과일,중리시장,전통시장,대전광역시,,,
ccfd46a19f73cc20ac63,full_annotation_v1,A,q_과일_03,사과,식료품 중 '과일'을 판매·제공하는 매장,val,과일,T2 동의어,955813aa-2409-4c40-b91f-043136c7819d,안동상회,"사과, 감귤(청과)",학성새벽시장,전통시장,울산광역시,,,
2d9501e23375e93b800c,full_annotation_v1,A,q_과일_03,사과,식료품 중 '과일'을 판매·제공하는 매장,val,과일,T2 동의어,a8b0ef15-b2f5-47fc-8202-a0ed6fce97a9,더(The)농장,"복숭아, 사과",충주농산물종합시장(구 중앙청과시장),전통시장,충청북도,,,
d81b6f0ae818a7d03b0a,full_annotation_v1,A,q_과일_03,사과,식료품 중 '과일'을 판매·제공하는 매장,val,과일,T2 동의어,b221515f-6bb0-4bd8-a6dd-697851371199,사과당,카페,첨단연신로 골목형상점가,골목형상점가,광주광역시,,,
cd0df429e81e5e2fb48e,full_annotation_v1,A,q_과일_04,청과,식료품 중 '과일'을 판매·제공하는 매장,val,과일,T2 동의어,a9ccd761-9ef7-4515-9a43-e625b725af26,신천상회,청과,대구청과시장,전통시장,대구광역시,,,
b83b293b9c982f6d9662,full_annotation_v1,A,q_과일_04,청과,식료품 중 '과일'을 판매·제공하는 매장,val,과일,T2 동의어,04203640-82fd-49e8-8b44-4758b0552474,세미온,케이크 음료,녹두S밸리골목형상점가,골목형상점가,서울특별시,,,
57e7c5a9d331cf2624e3,full_annotation_v1,A,q_과일_04,청과,식료품 중 '과일'을 판매·제공하는 매장,val,과일,T2 동의어,b69c5167-999d-4d4d-877a-a6894bbdffe5,중앙청과,청과,비아로 골목형상점가,골목형상점가,광주광역시,,,
84a455cfafa538124953,full_annotation_v1,A,q_과일_04,청과,식료품 중 '과일'을 판매·제공하는 매장,val,과일,T2 동의어,0d4b57c7-bcd2-4850-88e8-24c4052948c4,골든청과,청과,영등포청과시장,자율상권구역,서울특별시,,,
ab9d846ae37bdcf206cf,full_annotation_v1,A,q_과일_04,청과,식료품 중 '과일'을 판매·제공하는 매장,val,과일,T2 동의어,f4fd8dc7-1ca0-4aa6-9a76-88d4129d2ad9,팔도청과건어물,청과,용인중앙시장,전통시장,경기도,,,
3d38d30a899732b6a53c,full_annotation_v1,A,q_과일_04,청과,식료품 중 '과일'을 판매·제공하는 매장,val,과일,T2 동의어,0042e83d-930b-4d1d-a96f-f1a2691256cd,성화상회,과일,대구능금시장,전통시장,대구광역시,,,
e0e8f1831b0d34cac276,full_annotation_v1,A,q_과일_04,청과,식료품 중 '과일'을 판매·제공하는 매장,val,과일,T2 동의어,2d2d83bd-c95c-4e9e-b583-bd223bdf6c8c,중앙청과,청과,세종전통시장,전통시장,세종특별자치시,,,
fd773b9b2f13b9fd7117,full_annotation_v1,A,q_과일_04,청과,식료품 중 '과일'을 판매·제공하는 매장,val,과일,T2 동의어,dda52a9d-a0ad-42db-bade-4dda08c5a717,창조청과,청과,장승백이전통시장(구 만수창대시장),전통시장,인천광역시,,,
6675a41c76308d6bd157,full_annotation_v1,A,q_과일_04,청과,식료품 중 '과일'을 판매·제공하는 매장,val,과일,T2 동의어,1f4b070e-e4e9-48d9-aabc-fc433c771921,충남상회,청과,공주산성시장,전통시장,충청남도,,,
931dd5105f03dc04c14c,full_annotation_v1,A,q_과일_04,청과,식료품 중 '과일'을 판매·제공하는 매장,val,과일,T2 동의어,0ea17dbf-5a19-4500-8908-6cb43d06d379,형제상회,청과,영등포청과시장,자율상권구역,서울특별시,,,
fdefc2fa3684f828aecf,full_annotation_v1,A,q_과일_04,청과,식료품 중 '과일'을 판매·제공하는 매장,val,과일,T2 동의어,83978001-a61e-45cb-98e9-9fbc8206d741,황금청과,청과,예천중앙시장,전통시장,경상북도,,,
6e938492bb86041943f7,full_annotation_v1,A,q_과일_04,청과,식료품 중 '과일'을 판매·제공하는 매장,val,과일,T2 동의어,07bbbe31-f816-4ff2-901c-81ca9eb38f16,정하나로청과,청과,도군머리 골목형상점가,골목형상점가,광주광역시,,,
20eebf2440add7e14554,full_annotation_v1,A,q_과일_04,청과,식료품 중 '과일'을 판매·제공하는 매장,val,과일,T2 동의어,a50c8d81-c587-41c6-8327-725bb7569f90,섬진강청과,청과,중마시장,전통시장,전라남도,,,
73d2d785f41c393e52b1,full_annotation_v1,A,q_과일_04,청과,식료품 중 '과일'을 판매·제공하는 매장,val,과일,T2 동의어,d684b3c5-5a92-4be9-980b-e606b597a2c4,대림상회,청과,경산공설시장,전통시장,경상북도,,,
3e846c28933943c18e9e,full_annotation_v1,A,q_과일_04,청과,식료품 중 '과일'을 판매·제공하는 매장,val,과일,T2 동의어,00d3ef33-13db-4750-93a0-4b31010fcb70,온유베이크,카페,스타타워1 골목형상점가,골목형상점가,인천광역시,,,
7b601d8005cba3a5e971,full_annotation_v1,A,q_과일_04,청과,식료품 중 '과일'을 판매·제공하는 매장,val,과일,T2 동의어,5c0d590b-1fc8-4af2-abef-587f72a0171b,형제청과,청과,정왕시장,전통시장,경기도,,,
4e703afc56a478c734bf,full_annotation_v1,A,q_과일_04,청과,식료품 중 '과일'을 판매·제공하는 매장,val,과일,T2 동의어,e8a4c29d-5d25-4811-a090-87aed2bc36ee,삼일 청과,청과,안양남부시장,전통시장,경기도,,,
695e92738d342e19057b,full_annotation_v1,A,q_과일_04,청과,식료품 중 '과일'을 판매·제공하는 매장,val,과일,T2 동의어,ebb39eca-8eac-486c-b4c4-4b3f81834c67,주회청과,청과,제주시민속오일시장,전통시장,제주특별자치도,,,
b53ff18d415b5a75c986,full_annotation_v1,A,q_과일_04,청과,식료품 중 '과일'을 판매·제공하는 매장,val,과일,T2 동의어,20c12ad6-1ed2-49d6-9c1a-37ffade68e8d,두리청과,청과,오류동 특화거리 상점가,자율상권구역,대전광역시,,,
863a0c828211dc48f7a9,full_annotation_v1,A,q_과일_04,청과,식료품 중 '과일'을 판매·제공하는 매장,val,과일,T2 동의어,e93b2223-be1b-49b0-9020-262d652bb635,한솔청과,청과,오정동상점가,자율상권구역,대전광역시,,,
4d7b2eee8da844e11cee,full_annotation_v1,A,q_과일_04,청과,식료품 중 '과일'을 판매·제공하는 매장,val,과일,T2 동의어,56208649-90ac-47d2-b2e3-9f5c976f45b5,보문청과,청과,신영주번개시장,전통시장,경상북도,,,
54ca52846dc65a6ad841,full_annotation_v1,A,q_과일_04,청과,식료품 중 '과일'을 판매·제공하는 매장,val,과일,T2 동의어,82a2613b-17c7-49f0-8313-4c9dc62b7eb9,진주상회,청과,대구능금시장,전통시장,대구광역시,,,
c4d43a2070eb154e42da,full_annotation_v1,A,q_과일_04,청과,식료품 중 '과일'을 판매·제공하는 매장,val,과일,T2 동의어,382ac34b-4383-45d6-8410-d0208dd31ee1,92.5,여성잡 화,매곡 가인 골목형상점가,골목형상점가,광주광역시,,,
97c06c0c044762beada2,full_annotation_v1,A,q_과일_04,청과,식료품 중 '과일'을 판매·제공하는 매장,val,과일,T2 동의어,7b678ee6-c33e-4a5d-a65b-15ae98fafc4e,화순청과,청과,무등시장,전통시장,광주광역시,,,
38c3c87180218bdf0be5,full_annotation_v1,A,q_과일_04,청과,식료품 중 '과일'을 판매·제공하는 매장,val,과일,T2 동의어,0c16bf8c-4f04-45c3-b326-026b001c0d0a,선영이네김치짜글이전문점,식품접객업,단국대 앞 골목형상점가,골목형상점가,경기도,,,
5b65b718a65621885551,full_annotation_v1,A,q_과일_04,청과,식료품 중 '과일'을 판매·제공하는 매장,val,과일,T2 동의어,13f59ca7-17aa-485e-a151-09a29f0ea875,현대청과,청과,한민시장,전통시장,대전광역시,,,
56fcc047f99003d98b55,full_annotation_v1,A,q_과일_04,청과,식료품 중 '과일'을 판매·제공하는 매장,val,과일,T2 동의어,6ecca49a-1c56-4208-85ae-09ffcec68a59,충청도 청과,"청과, 채소",목포동부시장,전통시장,전라남도,,,
8e23f742bf44a13d88ca,full_annotation_v1,A,q_과일_04,청과,식료품 중 '과일'을 판매·제공하는 매장,val,과일,T2 동의어,f4dd1c5a-190f-4228-b2f9-9fd2102bef4e,포항청과,청과,남부시장,전통시장,경상북도,,,
699d2609cacb831251d4,full_annotation_v1,A,q_과일_04,청과,식료품 중 '과일'을 판매·제공하는 매장,val,과일,T2 동의어,807e0c0e-4308-4190-adf1-d47e8738ce0e,형제청과,청과,청주육거리종합시장,전통시장,충청북도,,,
bb4df6aecb3ba8e575c8,full_annotation_v1,A,q_과일_04,청과,식료품 중 '과일'을 판매·제공하는 매장,val,과일,T2 동의어,8eb09005-ae96-4b13-af19-a17506756e93,(주)조광청과,농산물,마포농수산물시장,전통시장,서울특별시,,,
e443339bcfa20a19fed5,full_annotation_v1,A,q_과일_04,청과,식료품 중 '과일'을 판매·제공하는 매장,val,과일,T2 동의어,9220c7d2-acdb-4fea-953f-d4d0271c751a,장원청과,청과,상주왕산상점가,자율상권구역,경상북도,,,
8a5c8d64967d61be8929,full_annotation_v1,A,q_과일_04,청과,식료품 중 '과일'을 판매·제공하는 매장,val,과일,T2 동의어,d12f6e37-4857-431d-9b73-676cda68e32f,장터청과,청과,나운종합상가 골목형상점가,골목형상점가,전북특별자치도,,,
8872eda794b3feb9678d,full_annotation_v1,A,q_과일_04,청과,식료품 중 '과일'을 판매·제공하는 매장,val,과일,T2 동의어,60a1a2b4-4bea-4ef7-9fd6-11741a7d400e,볼트짐,휘트니스,대명5동아우름길 골목형상점가,골목형상점가,대구광역시,,,
b01f4fdc37e0e096b6aa,full_annotation_v1,A,q_과일_04,청과,식료품 중 '과일'을 판매·제공하는 매장,val,과일,T2 동의어,dab3ad9b-2b94-41fe-a6c1-061d227abc7c,서울청과,청과,동문재래시장,전통시장,제주특별자치도,,,
2381754137b7a444a20f,full_annotation_v1,A,q_과일_04,청과,식료품 중 '과일'을 판매·제공하는 매장,val,과일,T2 동의어,00c6ce65-3761-4ba1-a849-bcedeaa97463,평화상회,청과,경산공설시장,전통시장,경상북도,,,
5b532c8a3333dead2f93,full_annotation_v1,A,q_과일_04,청과,식료품 중 '과일'을 판매·제공하는 매장,val,과일,T2 동의어,07d974e4-4e7d-41fe-8b1f-a7a96756dc79,백산청과,사과,충주농산물종합시장(구 중앙청과시장),전통시장,충청북도,,,
627f34419fc02fb836fa,full_annotation_v1,A,q_과일_04,청과,식료품 중 '과일'을 판매·제공하는 매장,val,과일,T2 동의어,c03bf6f0-dbc6-42ad-a649-680c123d3dc4,토탈하우징시스템,페인트,일곡동(제1지역:자연마을 일동초 거리) 골목형상점가,골목형상점가,광주광역시,,,
78bf8983665bc3135e99,full_annotation_v1,A,q_과일_04,청과,식료품 중 '과일'을 판매·제공하는 매장,val,과일,T2 동의어,697395b5-04b2-4981-9407-7628fbd8c3c6,또와요청과,청과,운수대통!생거진천전통시장,전통시장,충청북도,,,
9251534224ee44c7ff3b,full_annotation_v1,A,q_과일_04,청과,식료품 중 '과일'을 판매·제공하는 매장,val,과일,T2 동의어,e6b5fa9c-e6d1-4581-92bf-0a7ed6fa6bd4,슬애네,청과,청량리종합시장,전통시장,서울특별시,,,
c89ea85e4d3406a0f88f,full_annotation_v1,A,q_과일_04,청과,식료품 중 '과일'을 판매·제공하는 매장,val,과일,T2 동의어,2bd63341-0406-437a-a7d4-20b1ecdab98d,점핑배틀 죽전보정점,체험형 오락시설,BOCA 보카상점가,골목형상점가,경기도,,,
aeaf48eec545432c2f40,full_annotation_v1,A,q_과일_04,청과,식료품 중 '과일'을 판매·제공하는 매장,val,과일,T2 동의어,65da745e-d60a-4605-8f8b-f7c0520240f8,우리한의원,의료서비스,신성전통시장,전통시장,서울특별시,,,
03d496e542cb8c574245,full_annotation_v1,A,q_과일_04,청과,식료품 중 '과일'을 판매·제공하는 매장,val,과일,T2 동의어,003d7e3f-6459-4018-ac58-7184cd2457d5,눈치 금호점,카페,금호1동상가번영회 골목형상점가,골목형상점가,광주광역시,,,
d29004bba81e33b8fd31,full_annotation_v1,A,q_과일_04,청과,식료품 중 '과일'을 판매·제공하는 매장,val,과일,T2 동의어,bb3f8b16-545d-4512-99b9-a4b5f06b9969,과일세상,청과,용강동상점가,자율상권구역,서울특별시,,,
a10d46401e033170729a,full_annotation_v1,A,q_과일_04,청과,식료품 중 '과일'을 판매·제공하는 매장,val,과일,T2 동의어,35883750-a8fa-4dc2-a2e9-90c571031879,지리산고지농원,"사과, 종자, 오미자",남원인월시장,전통시장,전북특별자치도,,,
4219d33881cc1bccbd52,full_annotation_v1,A,q_과일_04,청과,식료품 중 '과일'을 판매·제공하는 매장,val,과일,T2 동의어,aab5cef5-67b4-4e83-ab04-ebb6e2d0bbd4,과일나라,청과,양동시장,전통시장,광주광역시,,,
39dd6e6f76b1cc4673fa,full_annotation_v1,A,q_과일_04,청과,식료품 중 '과일'을 판매·제공하는 매장,val,과일,T2 동의어,0063671e-77f7-466c-bbc2-223497c0dae4,무가당,카페,세병호 골목형상점가,골목형상점가,전북특별자치도,,,
19ae36534a2c7e04bfd2,full_annotation_v1,A,q_과일_04,청과,식료품 중 '과일'을 판매·제공하는 매장,val,과일,T2 동의어,0c51b967-d106-4c6e-b0d8-04bd27020a49,단비네 청과,청과,제주시민속오일시장,전통시장,제주특별자치도,,,
07ad90f97eca7e760492,full_annotation_v1,A,q_과일_04,청과,식료품 중 '과일'을 판매·제공하는 매장,val,과일,T2 동의어,1b83b65d-17a6-44a2-94ab-8f427981b5b2,대구상회,청과,서천특화시장,전통시장,충청남도,,,
579015bfe2bacdd4a83d,full_annotation_v1,A,q_과일_04,청과,식료품 중 '과일'을 판매·제공하는 매장,val,과일,T2 동의어,0eac7a08-1d82-4b56-8015-6a88c1ef20ce,우리농산물,청과,통인시장,전통시장,서울특별시,,,
fd8d7c341172fa63a3aa,full_annotation_v1,A,q_과일_04,청과,식료품 중 '과일'을 판매·제공하는 매장,val,과일,T2 동의어,811c55cf-5557-4d73-a16b-ccaae8570b68,만민청과,청과,영광터미널시장,전통시장,,,,
c04c969f96e6a2a71e5b,full_annotation_v1,A,q_과일_04,청과,식료품 중 '과일'을 판매·제공하는 매장,val,과일,T2 동의어,e39b8488-36cd-4e8b-b0d5-4d2efbec2753,진례청과,청과,함평천지전통시장(함평5일시장),전통시장,전라남도,,,
e57f71d7dd901105d358,full_annotation_v1,A,q_과일_04,청과,식료품 중 '과일'을 판매·제공하는 매장,val,과일,T2 동의어,ab38e245-8b35-4dc0-8909-211671aef03d,새벽청과,청과,서귀포향토오일시장,전통시장,제주특별자치도,,,
9386cb06807365292aa5,full_annotation_v1,A,q_과일_04,청과,식료품 중 '과일'을 판매·제공하는 매장,val,과일,T2 동의어,f9ab6de9-0184-454d-86c5-23a88168a097,대구상회,청과,학성새벽시장,전통시장,울산광역시,,,
3fe4566a6de4f3ef24d7,full_annotation_v1,A,q_과일_04,청과,식료품 중 '과일'을 판매·제공하는 매장,val,과일,T2 동의어,00da8084-69b5-4bcc-b2ca-3eaf11175611,밀키샵 별내점,디저트,별내로데오상점가,골목형상점가,경기도,,,
3356a3ceca71febb688a,full_annotation_v1,A,q_과일_04,청과,식료품 중 '과일'을 판매·제공하는 매장,val,과일,T2 동의어,e3dd8f9a-1df3-4fc1-9498-0e7486a53ddb,성배청과,청과,박달시장,전통시장,경기도,,,
063bafee01baeb3c0e5c,full_annotation_v1,A,q_과일_04,청과,식료품 중 '과일'을 판매·제공하는 매장,val,과일,T2 동의어,293d05ce-5d72-4cc5-8276-aff33abcb5e7,이삭상회,청과,학성새벽시장,전통시장,울산광역시,,,
5945ce367f364c2dd475,full_annotation_v1,A,q_과일_04,청과,식료품 중 '과일'을 판매·제공하는 매장,val,과일,T2 동의어,a7921497-2475-4903-8aef-14639c431f76,신성청과,청과,오정동상점가,자율상권구역,대전광역시,,,
d22ed32b31ad5ad1a01e,full_annotation_v1,A,q_과일_04,청과,식료품 중 '과일'을 판매·제공하는 매장,val,과일,T2 동의어,38ca19aa-623c-47fb-ba82-ce71af07bdd6,대청상회,청과,동서시장,전통시장,서울특별시,,,
9d2356e93b70fa7b64c1,full_annotation_v1,A,q_과일_04,청과,식료품 중 '과일'을 판매·제공하는 매장,val,과일,T2 동의어,3c49cc60-6135-4713-bf97-a40661ba8e07,뉴팜,사과 샤인머스켓,금오시장,전통시장,경상북도,,,
e71633a135b6d0b9eebc,full_annotation_v1,A,q_과일_04,청과,식료품 중 '과일'을 판매·제공하는 매장,val,과일,T2 동의어,948ae9b5-6e9e-44f6-b405-fa4b348e9413,보성청과,청과,보성매일시장,전통시장,전라남도,,,
5dbb8cbd8d99361d3169,full_annotation_v1,A,q_과일_04,청과,식료품 중 '과일'을 판매·제공하는 매장,val,과일,T2 동의어,2bfe9b0c-0a92-453d-baaf-20cfe5b6beb9,태백청과,청과,안동서부시장,전통시장,경상북도,,,
226472c99ebe4b86ef94,full_annotation_v1,A,q_과일_04,청과,식료품 중 '과일'을 판매·제공하는 매장,val,과일,T2 동의어,6bf208bd-75d7-44da-ad65-3787dcc1f50a,과일나라,청과,비단길현대시장,전통시장,서울특별시,,,
9849a75c031d745b1269,full_annotation_v1,A,q_과일_04,청과,식료품 중 '과일'을 판매·제공하는 매장,val,과일,T2 동의어,4c257abf-1987-4522-a368-62feba5c0ee7,형제청과,청과,김천황금시장,전통시장,경상북도,,,
314d2a62e7c5a9731bfa,full_annotation_v1,A,q_과일_04,청과,식료품 중 '과일'을 판매·제공하는 매장,val,과일,T2 동의어,30aab4f1-0a08-40f8-8ec9-7fb904873471,봉좌산농원,농산물(사과),안강공설시장,전통시장,경상북도,,,
8199be419d6d46334aa7,full_annotation_v1,A,q_과일_04,청과,식료품 중 '과일'을 판매·제공하는 매장,val,과일,T2 동의어,7446df10-8eda-4a0e-a6ec-c5bbd7240a3f,중앙청과,청과,보령한내시장,전통시장,충청남도,,,
44c5160f170b5c1e8920,full_annotation_v1,A,q_과일_04,청과,식료품 중 '과일'을 판매·제공하는 매장,val,과일,T2 동의어,6e662876-68a1-46ec-a053-d9d16e1caf6b,중앙상회,청과,동서시장,전통시장,서울특별시,,,
8ccc27ca35ce8cb5167b,full_annotation_v1,A,q_과일_04,청과,식료품 중 '과일'을 판매·제공하는 매장,val,과일,T2 동의어,65ef9b98-a6e0-4baa-9975-ab8977c105e8,메디팜세종약국,약,두암2동 도로변 골목형상점가,골목형상점가,광주광역시,,,
0bdd8ec04319cc7a925b,full_annotation_v1,A,q_과일_04,청과,식료품 중 '과일'을 판매·제공하는 매장,val,과일,T2 동의어,adec8fb8-b023-4e14-8e58-5f245904c82c,사과아저씨,청과,정읍샘고을시장,전통시장,전북특별자치도,,,
d517b5d2f983294ab31c,full_annotation_v1,A,q_과일_04,청과,식료품 중 '과일'을 판매·제공하는 매장,val,과일,T2 동의어,4a8397a3-de7f-44d2-b086-efd9a2edd503,버들청과,청과,전주모래내시장,전통시장,전북특별자치도,,,
7e7ddc7494257587e8e5,full_annotation_v1,A,q_과일_04,청과,식료품 중 '과일'을 판매·제공하는 매장,val,과일,T2 동의어,00468e6b-39c6-4ce1-a534-a6b1eecac01d,태양농산물,과일,정릉서경대길골목형상점가(정릉골),골목형상점가,서울특별시,,,
b29f001905bd305d8ffa,full_annotation_v1,A,q_과일_04,청과,식료품 중 '과일'을 판매·제공하는 매장,val,과일,T2 동의어,5935a533-fc72-4875-931b-9e7488725c1f,대영청과,청과,아랫장,전통시장,전라남도,,,
a07c56dc75329cef6d12,full_annotation_v1,A,q_과일_04,청과,식료품 중 '과일'을 판매·제공하는 매장,val,과일,T2 동의어,76e8ebac-7b90-4392-a53c-c7e5a42b2f3e,나눔상회,청과,신성전통시장,전통시장,서울특별시,,,
91c2dd02bfb0a467548f,full_annotation_v1,A,q_과일_04,청과,식료품 중 '과일'을 판매·제공하는 매장,val,과일,T2 동의어,b31980f7-cb4f-4b4d-896b-7f4d32d13d39,이지워시 셀프 빨래방 용인 보정점,세탁,보정중심 골목형상점가,골목형상점가,경기도,,,
17cee38c1c6932eb4135,full_annotation_v1,A,q_과일_04,청과,식료품 중 '과일'을 판매·제공하는 매장,val,과일,T2 동의어,0de5d2fe-b290-4652-b9d4-311f3e2484a0,백암족발,한식,권선종합시장,전통시장,경기도,,,
33a68544539dcae74c72,full_annotation_v1,A,q_과일_04,청과,식료품 중 '과일'을 판매·제공하는 매장,val,과일,T2 동의어,71641fe6-0a0d-4389-8ecd-ef673505a29c,모녀청과,청과,벌교매일시장,전통시장,,,,
5661dd301107011891a5,full_annotation_v1,A,q_과일_04,청과,식료품 중 '과일'을 판매·제공하는 매장,val,과일,T2 동의어,006204f3-b214-4611-a434-f896bf75e919,장터사랑,과일,농성세대공감상인회 골목형상점가,골목형상점가,광주광역시,,,
c478a00c80da33b8c621,full_annotation_v1,A,q_과일_04,청과,식료품 중 '과일'을 판매·제공하는 매장,val,과일,T2 동의어,dc527ec3-4d61-46e2-b191-f172bbdf2fb9,순이네과일,청과,청주육거리종합시장,전통시장,충청북도,,,
ecbce178b03574acfea4,full_annotation_v1,A,q_과일_04,청과,식료품 중 '과일'을 판매·제공하는 매장,val,과일,T2 동의어,00e927c5-be32-44e1-b7fd-80e9cfc81773,진양상회,청과물,진주 청과시장,전통시장,경상남도,,,
44dea67228893a99eeeb,full_annotation_v1,A,q_과일_04,청과,식료품 중 '과일'을 판매·제공하는 매장,val,과일,T2 동의어,41271a18-a3ae-445b-86bd-f7a2651faabe,동현상회,사과청과,대구능금시장,전통시장,대구광역시,,,
0bdc1c8acbc340ed4ae8,full_annotation_v1,A,q_과일_04,청과,식료품 중 '과일'을 판매·제공하는 매장,val,과일,T2 동의어,8ac8fe0c-9e2d-4a95-b0b8-b510b1f54f46,미용청과,청과,청량리종합시장,전통시장,서울특별시,,,
c666307cd3d847fe04cf,full_annotation_v1,A,q_과일_04,청과,식료품 중 '과일'을 판매·제공하는 매장,val,과일,T2 동의어,cc1c1483-6a34-4695-b072-14b443dc1ef9,자연들청과,채소 청과,문창시장,전통시장,대전광역시,,,
7a8097e80e6c23d88e6b,full_annotation_v1,A,q_과일_04,청과,식료품 중 '과일'을 판매·제공하는 매장,val,과일,T2 동의어,c8aa34f0-5c3b-4e39-a128-1ce8bc3d5673,무안유통,청과,청량리종합시장,전통시장,서울특별시,,,
37770f65dba976ebe99d,full_annotation_v1,A,q_과일_04,청과,식료품 중 '과일'을 판매·제공하는 매장,val,과일,T2 동의어,95b1193b-02d6-4f41-89e9-fdab099113d6,태종청과,청과,대왕암 월봉시장,전통시장,울산광역시,,,
a064943f075db4abda21,full_annotation_v1,A,q_과일_04,청과,식료품 중 '과일'을 판매·제공하는 매장,val,과일,T2 동의어,73e803d6-7bc9-4880-9177-3ec9c78fdeae,명태골,한식,광명새마을시장,전통시장,경기도,,,
9e9ea0aedb20e77947f1,full_annotation_v1,A,q_과일_04,청과,식료품 중 '과일'을 판매·제공하는 매장,val,과일,T2 동의어,d3869c18-5c53-4a30-b814-904dc57d7288,한일상사,청과,청량리종합시장,전통시장,서울특별시,,,
f4cc0c91753fc3f7a6c2,full_annotation_v1,A,q_과일_04,청과,식료품 중 '과일'을 판매·제공하는 매장,val,과일,T2 동의어,b140a887-6a04-4114-93fb-10995066c338,인수네과일,청과,석촌시장,전통시장,서울특별시,,,
36c595b96830dc254946,full_annotation_v1,A,q_과일_04,청과,식료품 중 '과일'을 판매·제공하는 매장,val,과일,T2 동의어,8254ee28-2e67-43e5-b4c0-636e93b40e8e,형제상회,청과,동두천큰시장,전통시장,경기도,,,
3809866bb2e46c40ce43,full_annotation_v1,A,q_과일_04,청과,식료품 중 '과일'을 판매·제공하는 매장,val,과일,T2 동의어,1459e452-789d-40d9-9746-4501dd0ae950,김밥이군,김밥,예산상설시장,전통시장,충청남도,,,
33eec7a1e67b5c4cf72b,full_annotation_v1,A,q_과일_04,청과,식료품 중 '과일'을 판매·제공하는 매장,val,과일,T2 동의어,18a52d66-978d-4d47-9061-fd2825607c5f,진명상회,청과,영등포청과시장,자율상권구역,서울특별시,,,
bdc06cb8976345ba9a2b,full_annotation_v1,A,q_과일_04,청과,식료품 중 '과일'을 판매·제공하는 매장,val,과일,T2 동의어,25c81bda-6989-4a19-bbcb-5da7e175b400,곱창1119천안두정점,곱창,두정동상점가,자율상권구역,충청남도,,,
757a30da3907646bd327,full_annotation_v1,A,q_과일_04,청과,식료품 중 '과일'을 판매·제공하는 매장,val,과일,T2 동의어,171766d8-8c80-4cd1-b1db-b3592fce76b5,알뜰청과,청과,하당꽃길1가 골목형상점가,골목형상점가,전라남도,,,
264e7f1e8ae847e328d3,full_annotation_v1,A,q_과일_04,청과,식료품 중 '과일'을 판매·제공하는 매장,val,과일,T2 동의어,5444e513-9990-42bc-abd9-478248fc96d8,일직청과,청과,중앙신시장,전통시장,경상북도,,,
18bc8364a52c20e3610e,full_annotation_v1,A,q_과일_04,청과,식료품 중 '과일'을 판매·제공하는 매장,val,과일,T2 동의어,f94dd518-390d-47c1-87aa-5fc4d38b7874,독립꾼 청과,청과,목동깨비시장(구 목3동시장),전통시장,서울특별시,,,
aa6bce028070a1c9b591,full_annotation_v1,A,q_과일_04,청과,식료품 중 '과일'을 판매·제공하는 매장,val,과일,T2 동의어,f7121e8c-6a42-4a6f-97ce-eb88b5854be0,광주상회,청과,영등포청과시장,자율상권구역,서울특별시,,,
c3d591aba5d3dd0b607b,full_annotation_v1,A,q_과일_04,청과,식료품 중 '과일'을 판매·제공하는 매장,val,과일,T2 동의어,b947c61d-3d08-4754-88ed-625729405770,언니청과,청과,봉선중길 골목형상점가,골목형상점가,광주광역시,,,
e7558a17d8c14e74d313,full_annotation_v1,A,q_과일_04,청과,식료품 중 '과일'을 판매·제공하는 매장,val,과일,T2 동의어,7ef764e5-19bc-4b6d-b8c2-526f83b08de1,현대청과,청과,거제 능포 골목형상점가,골목형상점가,경상남도,,,
7591d66a8c04a0cd35d9,full_annotation_v1,A,q_과일_04,청과,식료품 중 '과일'을 판매·제공하는 매장,val,과일,T2 동의어,d376dae7-676e-4e1a-80b5-c01477769571,대경청과,청과,당진원시가지상가,자율상권구역,충청남도,,,
6d27919cce983e4bbeb5,full_annotation_v1,A,q_과일_04,청과,식료품 중 '과일'을 판매·제공하는 매장,val,과일,T2 동의어,6ae4a4cd-a62e-4343-bf1c-f6f39057db18,충남상회,청과,부여중앙시장,전통시장,충청남도,,,
0a87b806f0706e0785a4,full_annotation_v1,A,q_과일_04,청과,식료품 중 '과일'을 판매·제공하는 매장,val,과일,T2 동의어,1344afc4-e148-48f3-a7cb-3c925453b217,한남유통,청과,청량리청과물시장,전통시장,서울특별시,,,
9b7442234d7756efd5ea,full_annotation_v1,A,q_과일_04,청과,식료품 중 '과일'을 판매·제공하는 매장,val,과일,T2 동의어,2c06bafc-5a4a-46b4-9a9b-3a6f04ae1dcb,우리농산물,청과,송정벚꽃골목형상점가,골목형상점가,서울특별시,,,
002370fc9b997d48e883,full_annotation_v1,A,q_과일_04,청과,식료품 중 '과일'을 판매·제공하는 매장,val,과일,T2 동의어,3d2f8d35-0289-499c-8a07-7622c9253f30,금산청과,청과,이촌종합시장,전통시장,서울특별시,,,
33a50dc3618501c3a1f6,full_annotation_v1,A,q_과일_04,청과,식료품 중 '과일'을 판매·제공하는 매장,val,과일,T2 동의어,b879d170-d7f2-4b29-a200-93e2cc735276,올바른장터,청과,수정전통시장,전통시장,부산광역시,,,
5ea9f10f92dfa5cc1f75,full_annotation_v1,A,q_과일_04,청과,식료품 중 '과일'을 판매·제공하는 매장,val,과일,T2 동의어,74ea2268-d71c-475f-96bf-33863748e21e,홈 청과,"농산물(청과,야채)",새미래 골목형상점가,골목형상점가,대전광역시,,,
e517f0ab6a579375c3d8,full_annotation_v1,A,q_과일_04,청과,식료품 중 '과일'을 판매·제공하는 매장,val,과일,T2 동의어,debc29f8-083f-4447-881b-62b8023a1596,풍년상회,청과,경산중앙상점가,자율상권구역,경상북도,,,
82e149c1b4254bdb17f5,full_annotation_v1,A,q_과일_04,청과,식료품 중 '과일'을 판매·제공하는 매장,val,과일,T2 동의어,d6570ad2-3041-4112-b70e-951c66e49685,남일상회,청과,오정동상점가,자율상권구역,대전광역시,,,
76445e16000b1b8fdbb4,full_annotation_v1,A,q_과일_04,청과,식료품 중 '과일'을 판매·제공하는 매장,val,과일,T2 동의어,003e7ebf-1112-4ab4-a484-67716e4b2a85,이든,카페,원주중앙시장활성화구역,상권활성화구역,강원특별자치도,,,
f0187b6b7449af601a5d,full_annotation_v1,A,q_과일_04,청과,식료품 중 '과일'을 판매·제공하는 매장,val,과일,T2 동의어,ea3c6a0d-4c52-4ad7-a550-136a6b17867d,간석청과,청과,간석자유시장,전통시장,인천광역시,,,
8478aa63ab9c2b4b5112,full_annotation_v1,A,q_과일_04,청과,식료품 중 '과일'을 판매·제공하는 매장,val,과일,T2 동의어,6e9628d9-9629-49bb-9e86-4e5cc48111ab,참죤청과,청과,부전농수산물새벽시장,전통시장,부산광역시,,,
90acb585c6e8f4e87e68,full_annotation_v1,A,q_과일_04,청과,식료품 중 '과일'을 판매·제공하는 매장,val,과일,T2 동의어,263fe663-fc1d-4063-a2bf-0245bc21e627,중앙청과,청과,안양중앙인정시장,전통시장,경기도,,,
dc9b861807b937001c04,full_annotation_v1,A,q_과일_04,청과,식료품 중 '과일'을 판매·제공하는 매장,val,과일,T2 동의어,b5263fa3-98a1-4812-a523-aa222a1a66ca,형제청과,청과,서부시장상점가(서부시장 통합),전통시장,전북특별자치도,,,
1e135fde0d83dc103d44,full_annotation_v1,A,q_과일_04,청과,식료품 중 '과일'을 판매·제공하는 매장,val,과일,T2 동의어,9121585f-9531-4b30-b007-dd0d5f4843bd,낙안청과,청과,벌교매일시장,전통시장,전라남도,,,
b34fe2574e32d8202ac5,full_annotation_v1,A,q_과일_04,청과,식료품 중 '과일'을 판매·제공하는 매장,val,과일,T2 동의어,0539c329-c22d-4dde-bff3-e041be120b79,95번청과,청과,대명 오손도손 골목형상점가,골목형상점가,전북특별자치도,,,
3e8374934d8ca09d156e,full_annotation_v1,A,q_과일_04,청과,식료품 중 '과일'을 판매·제공하는 매장,val,과일,T2 동의어,00045dfc-0681-4fb3-8265-33b3df14c289,한라농산,과일,황지시장상점가,자율상권구역,강원특별자치도,,,
3201d447cc9301de0a83,full_annotation_v1,A,q_과일_04,청과,식료품 중 '과일'을 판매·제공하는 매장,val,과일,T2 동의어,e6cb0055-fa56-4c4e-96a6-5a3f710b2ac9,현대청과,청과,서부시장(서부재래시장),전통시장,충청남도,,,
ce0afe5aa982d4f75230,full_annotation_v1,A,q_과일_04,청과,식료품 중 '과일'을 판매·제공하는 매장,val,과일,T2 동의어,90c31c33-0a1b-4bb0-b2c4-e187d07c7131,수암권청과,청과,수암상가시장,전통시장,울산광역시,,,
0f4a368f9203c3f6656e,full_annotation_v1,A,q_과일_04,청과,식료품 중 '과일'을 판매·제공하는 매장,val,과일,T2 동의어,5f3cdb6c-dc4f-4580-9ca2-9d2a5f9a0253,상록청과,청과,구미시농산물도매시장 골목형상점가,골목형상점가,경상북도,,,
6cb047821416c244f69f,full_annotation_v1,A,q_과일_04,청과,식료품 중 '과일'을 판매·제공하는 매장,val,과일,T2 동의어,5a0493ce-758b-430f-a0f7-f62a79a199b0,장수묵국수,청과,부천상동시장,전통시장,경기도,,,
0a230d7af08cc8850ed3,full_annotation_v1,A,q_과일_04,청과,식료품 중 '과일'을 판매·제공하는 매장,val,과일,T2 동의어,90631a8d-3731-4e88-a692-fcdafa9ed753,윤이나,청과,전주중앙상가시장,전통시장,전북특별자치도,,,
76d868ba1333642922c8,full_annotation_v1,A,q_과일_04,청과,식료품 중 '과일'을 판매·제공하는 매장,val,과일,T2 동의어,17a2274f-0831-4ead-9795-f90266cd9281,성만청과,청과,밀양 수산시장,전통시장,경상남도,,,
a23cd62f6d7fb9651287,full_annotation_v1,A,q_과일_04,청과,식료품 중 '과일'을 판매·제공하는 매장,val,과일,T2 동의어,009efeba-a92a-4bf2-867f-f40d57386d40,(유)진경농산,청과,가락몰골목형상점가,골목형상점가,서울특별시,,,
b405733ac7c5dfbf2645,full_annotation_v1,A,q_과일_04,청과,식료품 중 '과일'을 판매·제공하는 매장,val,과일,T2 동의어,9a8b5c35-c520-4766-8ddc-5ee5c3d8ebac,먹벵이,청과,자양전통시장,전통시장,서울특별시,,,
f663935a6159c47d23b3,full_annotation_v1,A,q_과일_04,청과,식료품 중 '과일'을 판매·제공하는 매장,val,과일,T2 동의어,02df6136-5744-4c9b-82ab-c4db06db06dd,오빠청과,청과,중곡제일골목시장(중곡제일전통시장),전통시장,서울특별시,,,
7d10f298cff446d92b66,full_annotation_v1,A,q_과일_04,청과,식료품 중 '과일'을 판매·제공하는 매장,val,과일,T2 동의어,5ddd768f-5c2c-4fbf-84dd-b76040d0afcf,365마트 첨단점 청과,청과,첨단부영 골목형상점가,골목형상점가,광주광역시,,,
43b32ab490fd3303e48c,full_annotation_v1,A,q_과일_04,청과,식료품 중 '과일'을 판매·제공하는 매장,val,과일,T2 동의어,c1a32c54-0797-4415-97c7-72472557746e,365청과,청과,쌍촌로상인회 골목형상점가,골목형상점가,광주광역시,,,
29dda8ec0cedf1b46e3f,full_annotation_v1,A,q_과일_04,청과,식료품 중 '과일'을 판매·제공하는 매장,val,과일,T2 동의어,0d45d8ed-b132-47ec-b2ac-7756631cc331,성일상회,청과,영등포청과시장,자율상권구역,서울특별시,,,
f41224d580cbc29d0f64,full_annotation_v1,A,q_과일_04,청과,식료품 중 '과일'을 판매·제공하는 매장,val,과일,T2 동의어,0045f871-6f40-4361-bcdd-2b94bf597287,무파장터,야채 청과물,신금정시장 골목형 상점가,골목형상점가,부산광역시,,,
ff6b3549f31ab0d959a5,full_annotation_v1,A,q_과일_04,청과,식료품 중 '과일'을 판매·제공하는 매장,val,과일,T2 동의어,7ca0c6b5-d6db-48a4-9faa-b58dde475676,대림상회,청과,청량리청과물시장,전통시장,서울특별시,,,
7c767596aedf482dcc0e,full_annotation_v1,A,q_과일_04,청과,식료품 중 '과일'을 판매·제공하는 매장,val,과일,T2 동의어,4febd5e3-6468-4a2d-86f1-ac806b41a8cb,시장식당,한식,양구중앙시장,전통시장,강원특별자치도,,,
726f74f8233f00a31997,full_annotation_v1,A,q_과일_04,청과,식료품 중 '과일'을 판매·제공하는 매장,val,과일,T2 동의어,8e9949f1-ed5c-4082-8900-922b7ad6fc1f,광주상회,청과,청량리청과물시장,전통시장,서울특별시,,,
7678750ae678c9a72851,full_annotation_v1,A,q_과일_04,청과,식료품 중 '과일'을 판매·제공하는 매장,val,과일,T2 동의어,00333be0-b70d-4197-aa97-5a277d61e0da,㈜신진후르츠,과일,부전농수산물새벽시장,전통시장,부산광역시,,,
49d3258b86d76a538324,full_annotation_v1,A,q_과일_04,청과,식료품 중 '과일'을 판매·제공하는 매장,val,과일,T2 동의어,97cb4d4b-3cd4-42fd-a5c6-72592182f7bd,중앙청과,청과,목포신중앙시장,전통시장,전라남도,,,
2a99ca4b62a719748048,full_annotation_v1,A,q_과일_04,청과,식료품 중 '과일'을 판매·제공하는 매장,val,과일,T2 동의어,605d57ae-bf81-4782-9985-9f6ab08f8a13,성민청과,청과,시흥삼미시장,전통시장,경기도,,,
d05fc46110eb1353c8a7,full_annotation_v1,A,q_과일_04,청과,식료품 중 '과일'을 판매·제공하는 매장,val,과일,T2 동의어,3a5715b6-4af5-437a-b929-2fc12aed60b9,로페,의류,부평깡통시장(구 부산부평시장),전통시장,부산광역시,,,
65f6d6563a0f6f60eb4a,full_annotation_v1,A,q_과일_04,청과,식료품 중 '과일'을 판매·제공하는 매장,val,과일,T2 동의어,84e60536-4168-4ed7-9df9-71a69684d308,진영 청과,,대구능금시장,전통시장,대구광역시,,,
ab74765ec67ce72b95cb,full_annotation_v1,A,q_과일_04,청과,식료품 중 '과일'을 판매·제공하는 매장,val,과일,T2 동의어,13b21326-7304-465d-b4d9-d4b223ed808c,경북상회,청과,석바위시장,전통시장,인천광역시,,,
89cab4a5ac7f701a8283,full_annotation_v1,A,q_과일_04,청과,식료품 중 '과일'을 판매·제공하는 매장,val,과일,T2 동의어,00ebc127-05c7-4f5b-8926-20ba39cc1cda,대전따봉,"소매(청과,생선)",권선종합시장,전통시장,경기도,,,
58a7b4e1eaedf21216b5,full_annotation_v1,A,q_과일_04,청과,식료품 중 '과일'을 판매·제공하는 매장,val,과일,T2 동의어,4bada717-683c-4f6a-9705-d69b567b7dd4,대풍농산,청과,북평민속시장(북평민속5일장),전통시장,강원특별자치도,,,
631673e6544ba04e2913,full_annotation_v1,A,q_과일_04,청과,식료품 중 '과일'을 판매·제공하는 매장,val,과일,T2 동의어,e4c20376-c116-4910-bd1b-d5ee925bedbc,형제청과,청과,원주중앙시장활성화구역,상권활성화구역,강원특별자치도,,,
469ffd06988c2f92b7d8,full_annotation_v1,A,q_과일_04,청과,식료품 중 '과일'을 판매·제공하는 매장,val,과일,T2 동의어,d3286e29-5228-4f67-a01a-65b3006052ae,대광상회,청과,하대원공설시장,전통시장,경기도,,,
76174f83e3641fcf401d,full_annotation_v1,A,q_과일_04,청과,식료품 중 '과일'을 판매·제공하는 매장,val,과일,T2 동의어,8f946e74-01a0-4398-ba23-0be1753be83b,대구상회,청과,논산화지중앙시장,전통시장,충청남도,,,
2cc32f2b5337b1bce63c,full_annotation_v1,A,q_과일_04,청과,식료품 중 '과일'을 판매·제공하는 매장,val,과일,T2 동의어,fb215998-cd77-4314-b499-d9c728e8154b,오성 청과,청과,김제중앙시장,전통시장,전북특별자치도,,,
805e5d994bb65a5d9295,full_annotation_v1,A,q_과일_05,딸기,식료품 중 '과일'을 판매·제공하는 매장,val,과일,T3 개념확장,2120353e-2bff-4a5e-a803-2fbe7ed38e63,딸기스넥,한식 음식점업,연무 골목형상점가,골목형상점가,경기도,,,
6f7025b4cdac6ce2ad17,full_annotation_v1,A,q_과일_05,딸기,식료품 중 '과일'을 판매·제공하는 매장,val,과일,T3 개념확장,47edfb03-89d8-4730-b073-8d3c54353b55,부여딸기,딸기,부여중앙시장,전통시장,충청남도,,,
5aecddca0b90e6d234f4,full_annotation_v1,A,q_과일_05,딸기,식료품 중 '과일'을 판매·제공하는 매장,val,과일,T3 개념확장,93f19624-52dd-41f4-a787-4b1254641e42,모아당약국,의약품,오월첫동네 골목형상점가,골목형상점가,광주광역시,,,
f23781b2756644ba17f8,full_annotation_v1,A,q_과일_05,딸기,식료품 중 '과일'을 판매·제공하는 매장,val,과일,T3 개념확장,e4ac16be-8cc5-44d8-91dc-b9cb56f00f80,딸기언니배추오빠,일회용기,수유재래시장,전통시장,서울특별시,,,
9cf6c0560b623eb337ce,full_annotation_v1,A,q_과일_05,딸기,식료품 중 '과일'을 판매·제공하는 매장,val,과일,T3 개념확장,192d61b3-ead5-4ba0-a1a5-46c0034ec60a,선한약속치과,치과서비스,벽산황계로 골목형상점가,골목형상점가,광주광역시,,,
0f4dc29295e0c22e87b6,full_annotation_v1,A,q_과일_05,딸기,식료품 중 '과일'을 판매·제공하는 매장,val,과일,T3 개념확장,8ad25c2d-7e8d-4839-bd6b-88f799b393eb,딸기네,서적,스타프라자전통시장,전통시장,경기도,,,
c00df0dd012d5bc0ee6b,full_annotation_v1,A,q_과일_05,딸기,식료품 중 '과일'을 판매·제공하는 매장,val,과일,T3 개념확장,41271a18-a3ae-445b-86bd-f7a2651faabe,동현상회,사과청과,대구능금시장,전통시장,대구광역시,,,
57d7b2811d1ddd66411f,full_annotation_v1,A,q_과일_05,딸기,식료품 중 '과일'을 판매·제공하는 매장,val,과일,T3 개념확장,de89b55f-671d-467c-b673-6e1b7a821035,대가숯불갈비,한식,태화십리대밭먹거리단지 상점가,자율상권구역,울산광역시,,,
4973fd4ea10b1f92c609,full_annotation_v1,A,q_과일_05,딸기,식료품 중 '과일'을 판매·제공하는 매장,val,과일,T3 개념확장,d4abe091-5fcf-47ae-8c8a-be32f64af9a9,속초딸기모찌,떡,속초종합중앙시장,전통시장,강원특별자치도,,,
c7944439fbe2040889db,full_annotation_v1,A,q_과일_05,딸기,식료품 중 '과일'을 판매·제공하는 매장,val,과일,T3 개념확장,ecd540eb-745d-47e2-8feb-27d38f3de574,여수 딸기모찌 고마리,떡제조,여수진남상가,자율상권구역,,,,
a2f92c3fabbd6f017059,full_annotation_v1,A,q_과일_05,딸기,식료품 중 '과일'을 판매·제공하는 매장,val,과일,T3 개념확장,a6f0547d-33b7-4d57-98f8-6ccab589b8b6,월계닭갈비,한식,첨단2동 골목형상점가,골목형상점가,광주광역시,,,
17c715f1bc81c3f85fcb,full_annotation_v1,A,q_과일_05,딸기,식료품 중 '과일'을 판매·제공하는 매장,val,과일,T3 개념확장,b7bedd5c-47f9-4b3a-ba14-591feaef290d,딸기공주,잡화,동산상가,전통시장,대구광역시,,,
6ace2cd83d5a1be45ab9,full_annotation_v1,A,q_과일_05,딸기,식료품 중 '과일'을 판매·제공하는 매장,val,과일,T3 개념확장,ef3b8131-ca42-43f3-98c3-7c1029ae186e,딸기헤어,헤어,설악로데오거리상점가,자율상권구역,강원특별자치도,,,
6ca62a9c817d57707377,full_annotation_v1,A,q_과일_05,딸기,식료품 중 '과일'을 판매·제공하는 매장,val,과일,T3 개념확장,b36035f0-32b1-442a-9dc3-250754052811,딸기,소매(의류),의정부제일시장,전통시장,경기도,,,
d1ab8eee380414462307,full_annotation_v1,A,q_과일_05,딸기,식료품 중 '과일'을 판매·제공하는 매장,val,과일,T3 개념확장,00045dfc-0681-4fb3-8265-33b3df14c289,한라농산,과일,황지시장상점가,자율상권구역,강원특별자치도,,,
92d217477b7739cdaaf9,full_annotation_v1,A,q_과일_05,딸기,식료품 중 '과일'을 판매·제공하는 매장,val,과일,T3 개념확장,00d3ef33-13db-4750-93a0-4b31010fcb70,온유베이크,카페,스타타워1 골목형상점가,골목형상점가,인천광역시,,,
a57a46ad8aaa79aff7dd,full_annotation_v1,A,q_과일_05,딸기,식료품 중 '과일'을 판매·제공하는 매장,val,과일,T3 개념확장,c7fbea62-c3ab-4472-a90f-3c14e02cdb1e,딸기나무,농수산물,원당 중앙로 골목형상점가,골목형상점가,인천광역시,,,
1699982e92bc3cabad97,full_annotation_v1,A,q_과일_05,딸기,식료품 중 '과일'을 판매·제공하는 매장,val,과일,T3 개념확장,4cc1593e-8077-4d49-863f-fabc7e1dac18,순희딸기,음료 및 디저트,황남상가시장,전통시장,경상북도,,,
0154bf8bde34b442f836,full_annotation_v1,A,q_과일_05,딸기,식료품 중 '과일'을 판매·제공하는 매장,val,과일,T3 개념확장,2256ae40-9020-4539-8b78-4bbe2116c342,업라이트,주얼리,첨단2동 골목형상점가,골목형상점가,광주광역시,,,
d395479a6b94eaf1b0c4,full_annotation_v1,A,q_과일_05,딸기,식료품 중 '과일'을 판매·제공하는 매장,val,과일,T3 개념확장,12442dac-e7a5-4c50-9330-c5ad9c4f8e5f,딸부잣집,고기,고한구공탄시장(고한시장),전통시장,강원특별자치도,,,
753d86f3b74c0b41821f,full_annotation_v1,A,q_과일_05,딸기,식료품 중 '과일'을 판매·제공하는 매장,val,과일,T3 개념확장,00468e6b-39c6-4ce1-a534-a6b1eecac01d,태양농산물,과일,정릉서경대길골목형상점가(정릉골),골목형상점가,서울특별시,,,
f108aa084b64e80d8b60,full_annotation_v1,A,q_과일_05,딸기,식료품 중 '과일'을 판매·제공하는 매장,val,과일,T3 개념확장,705d5582-3f02-41a9-adb4-78d1215eaaf0,딸기네김치,김치,신정상가시장,전통시장,울산광역시,,,
94fa20499999e42dd8c0,full_annotation_v1,A,q_과일_05,딸기,식료품 중 '과일'을 판매·제공하는 매장,val,과일,T3 개념확장,96e4ad45-d365-4092-b124-59eab9d0ee00,꼬뜨도르,서양음식 주류,허드슨1041 골목형상점가,골목형상점가,광주광역시,,,
578a5caa5943a43ed3da,full_annotation_v1,A,q_과일_05,딸기,식료품 중 '과일'을 판매·제공하는 매장,val,과일,T3 개념확장,3c49cc60-6135-4713-bf97-a40661ba8e07,뉴팜,사과 샤인머스켓,금오시장,전통시장,경상북도,,,
c9172ef95d4b99ece3da,full_annotation_v1,A,q_과일_05,딸기,식료품 중 '과일'을 판매·제공하는 매장,val,과일,T3 개념확장,00333be0-b70d-4197-aa97-5a277d61e0da,㈜신진후르츠,과일,부전농수산물새벽시장,전통시장,부산광역시,,,
447db58a64ef2e463abb,full_annotation_v1,A,q_과일_05,딸기,식료품 중 '과일'을 판매·제공하는 매장,val,과일,T3 개념확장,fc2eedd0-e435-4771-8c3e-fc8ec7475b33,어반에이살롱(URBAN A SALON),헤어커트,운수대통 골목형상점가,골목형상점가,광주광역시,,,
1ef74d71756c72346bcf,full_annotation_v1,A,q_과일_05,딸기,식료품 중 '과일'을 판매·제공하는 매장,val,과일,T3 개념확장,30aab4f1-0a08-40f8-8ec9-7fb904873471,봉좌산농원,농산물(사과),안강공설시장,전통시장,경상북도,,,
b28a512155389e17adb3,full_annotation_v1,A,q_과일_05,딸기,식료품 중 '과일'을 판매·제공하는 매장,val,과일,T3 개념확장,1a4af47c-9e51-47a1-be84-47b8a98f3675,미녀딸기,음식가공판매,거창 가조상점가거리,골목형상점가,경상남도,,,
0869462ca09201448e29,full_annotation_v1,A,q_과일_05,딸기,식료품 중 '과일'을 판매·제공하는 매장,val,과일,T3 개념확장,9ca01133-60b0-41fe-8de5-f7447d2b335e,살롱드태가,,효자1가 골목형상점가,골목형상점가,전북특별자치도,,,
ccbe26c38b5c73a31a7f,full_annotation_v1,A,q_과일_05,딸기,식료품 중 '과일'을 판매·제공하는 매장,val,과일,T3 개념확장,0042e83d-930b-4d1d-a96f-f1a2691256cd,성화상회,과일,대구능금시장,전통시장,대구광역시,,,
fe523f3a77f8ce99498d,full_annotation_v1,A,q_과일_05,딸기,식료품 중 '과일'을 판매·제공하는 매장,val,과일,T3 개념확장,af7c1c57-ff59-4730-b82f-77a3a656212a,더이튼치과의원,의료서비스,두암1동 골목형상점가,골목형상점가,광주광역시,,,
a0a750b5c9ca8a2d29d8,full_annotation_v1,A,q_과일_05,딸기,식료품 중 '과일'을 판매·제공하는 매장,val,과일,T3 개념확장,4dc407e6-2bde-42e3-aefd-99551bdbef52,광익상사,일반기계 장비,인천산업유통센터,전통시장,인천광역시,,,
fd2e4e9045f2e75e980c,full_annotation_v1,A,q_과일_05,딸기,식료품 중 '과일'을 판매·제공하는 매장,val,과일,T3 개념확장,81d230ea-9d1f-44ae-a7ca-8b9a7836679f,딸기,숙녀복,동산상가,전통시장,대구광역시,,,
34db9e4168b9d77bbe42,full_annotation_v1,A,q_과일_05,딸기,식료품 중 '과일'을 판매·제공하는 매장,val,과일,T3 개념확장,00e927c5-be32-44e1-b7fd-80e9cfc81773,진양상회,청과물,진주 청과시장,전통시장,경상남도,,,
d60d7d068708a7c7e894,full_annotation_v1,A,q_과일_05,딸기,식료품 중 '과일'을 판매·제공하는 매장,val,과일,T3 개념확장,9607ab83-eadc-49b8-8357-94db82a40ea5,딸기,의류,밀양 내일전통시장,전통시장,경상남도,,,
485086dd841c1b6b4b93,full_annotation_v1,A,q_과일_05,딸기,식료품 중 '과일'을 판매·제공하는 매장,val,과일,T3 개념확장,006204f3-b214-4611-a434-f896bf75e919,장터사랑,과일,농성세대공감상인회 골목형상점가,골목형상점가,광주광역시,,,
de3f304f30738982cfe0,full_annotation_v1,A,q_과일_05,딸기,식료품 중 '과일'을 판매·제공하는 매장,val,과일,T3 개념확장,b0467d6b-13ce-4420-99eb-3e176a3bd27d,딸기딸기,농산물,제주중앙지하상가,일반지하상점가,제주특별자치도,,,
486df74318d817749e71,full_annotation_v1,A,q_과일_05,딸기,식료품 중 '과일'을 판매·제공하는 매장,val,과일,T3 개념확장,7de5b272-0210-4ef7-a1f7-3e0ebca59cb7,딸기공주,아동복,창원 성원그랜드쇼핑상가,전통시장,경상남도,,,
5d1435fced1790ff5470,full_annotation_v1,A,q_과일_05,딸기,식료품 중 '과일'을 판매·제공하는 매장,val,과일,T3 개념확장,6b26b587-4187-4d74-b419-3b6102d1ba1e,풍조미역,한식,성수역골목형상점가,골목형상점가,서울특별시,,,
cc1dfbd40a7b04a4cfd5,full_annotation_v1,A,q_과일_05,딸기,식료품 중 '과일'을 판매·제공하는 매장,val,과일,T3 개념확장,6b4d98cf-bb0e-4b7f-9c93-918689da529b,케이앤팜,딸기,대구능금시장,전통시장,대구광역시,,,
d9eecb4ffcfc01682dae,full_annotation_v1,A,q_과일_05,딸기,식료품 중 '과일'을 판매·제공하는 매장,val,과일,T3 개념확장,3a3f839d-95aa-4a03-b230-08fcc7072877,가람식당,부대찌개,인천산업유통센터,전통시장,인천광역시,,,
66a8e930f458953a0883,full_annotation_v1,A,q_과일_05,딸기,식료품 중 '과일'을 판매·제공하는 매장,val,과일,T3 개념확장,35883750-a8fa-4dc2-a2e9-90c571031879,지리산고지농원,"사과, 종자, 오미자",남원인월시장,전통시장,전북특별자치도,,,
238befe592384bc01ad3,full_annotation_v1,A,q_과일_05,딸기,식료품 중 '과일'을 판매·제공하는 매장,val,과일,T3 개념확장,a25d064e-9e2e-457d-b262-6e10676d9aa5,순흥상회,야채,경동광성상가,전통시장,서울특별시,,,
a856073a246df5952a0b,full_annotation_v1,A,q_과일_05,딸기,식료품 중 '과일'을 판매·제공하는 매장,val,과일,T3 개념확장,8fee28ac-453a-4023-bbf1-8a0bba68b9ef,딸기공주,액세서리,성서와룡시장,전통시장,대구광역시,,,
25699683a14a419d5d23,full_annotation_v1,A,q_과일_05,딸기,식료품 중 '과일'을 판매·제공하는 매장,val,과일,T3 개념확장,80cb009b-d56d-4fcf-ab08-53d92ef8a473,영남상사,"우산, 잡화",서문시장건해산물상가,전통시장,대구광역시,,,
fa7d02fe9ddfaceaddbf,full_annotation_v1,A,q_과일_05,딸기,식료품 중 '과일'을 판매·제공하는 매장,val,과일,T3 개념확장,07d974e4-4e7d-41fe-8b1f-a7a96756dc79,백산청과,사과,충주농산물종합시장(구 중앙청과시장),전통시장,충청북도,,,
4b07d84bad1b21962987,full_annotation_v1,A,q_과일_05,딸기,식료품 중 '과일'을 판매·제공하는 매장,val,과일,T3 개념확장,56a41ff1-9cb3-4df6-be80-326aacf439da,A36,음식점업(일반음식점),양주신산시장마을상점가,골목형상점가,경기도,,,
9b6c0e6c36d2cdf5449b,full_annotation_v1,A,q_과일_05,딸기,식료품 중 '과일'을 판매·제공하는 매장,val,과일,T3 개념확장,003e7ebf-1112-4ab4-a484-67716e4b2a85,이든,카페,원주중앙시장활성화구역,상권활성화구역,강원특별자치도,,,
d305c5b5b64042c9318d,full_annotation_v1,A,q_과일_05,딸기,식료품 중 '과일'을 판매·제공하는 매장,val,과일,T3 개념확장,00ebc127-05c7-4f5b-8926-20ba39cc1cda,대전따봉,"소매(청과,생선)",권선종합시장,전통시장,경기도,,,
aec11a7b4ad6a6cefe15,full_annotation_v1,A,q_과일_05,딸기,식료품 중 '과일'을 판매·제공하는 매장,val,과일,T3 개념확장,d36f2b31-00c6-4c8c-8f4b-a8b020734954,논산딸기마을,빵,논산화지중앙시장,전통시장,충청남도,,,
dc10ce0d8cc2fd7fc481,full_annotation_v1,A,q_과일_05,딸기,식료품 중 '과일'을 판매·제공하는 매장,val,과일,T3 개념확장,91d87be1-a81f-48b0-8bfd-3c11cefe4ddd,심쿵딸기,과일수제청 음료,여수진남상가,자율상권구역,전라남도,,,
6742a87abae14cfbf30b,full_annotation_v1,A,q_과일_05,딸기,식료품 중 '과일'을 판매·제공하는 매장,val,과일,T3 개념확장,f824f865-8b93-44ab-8b29-a1611a67abe2,딸기약국,,성성1번가 골목형상점가,골목형상점가,충청남도,,,
86faa638c8356b31b6e4,full_annotation_v1,A,q_과일_05,딸기,식료품 중 '과일'을 판매·제공하는 매장,val,과일,T3 개념확장,00da8084-69b5-4bcc-b2ca-3eaf11175611,밀키샵 별내점,디저트,별내로데오상점가,골목형상점가,경기도,,,
35429de9d2319d534d40,full_annotation_v1,A,q_과일_05,딸기,식료품 중 '과일'을 판매·제공하는 매장,val,과일,T3 개념확장,00c6ce65-3761-4ba1-a849-bcedeaa97463,평화상회,청과,경산공설시장,전통시장,경상북도,,,
46f6dd8b881b4d21eab4,full_annotation_v1,A,q_과일_05,딸기,식료품 중 '과일'을 판매·제공하는 매장,val,과일,T3 개념확장,3fa8b2f1-8b22-4cf4-838c-dd37120e9229,딸기헤어,미용실,경서골목형상점가,골목형상점가,인천광역시,,,
69a778000971661606cc,full_annotation_v1,A,q_과일_05,딸기,식료품 중 '과일'을 판매·제공하는 매장,val,과일,T3 개념확장,2577b12f-1c9b-4962-9049-418d50dfb35c,거창상회,"의류, 부자재",부산남문시장,전통시장,부산광역시,,,
6f770d2318f69483661b,full_annotation_v1,A,q_과일_05,딸기,식료품 중 '과일'을 판매·제공하는 매장,val,과일,T3 개념확장,b8312833-6cd3-4905-a1fa-30f47fc59174,딸기,의류,서문시장2지구 종합상가,전통시장,대구광역시,,,
f24a6f88c302793170fb,full_annotation_v1,A,q_과일_05,딸기,식료품 중 '과일'을 판매·제공하는 매장,val,과일,T3 개념확장,18ed863b-ab50-4d2c-b4ce-13fbd831da1b,행복한딸기,"가방, 모자",제천중앙시장,전통시장,충청북도,,,
9f9705d66d90061db53a,full_annotation_v1,A,q_과일_05,딸기,식료품 중 '과일'을 판매·제공하는 매장,val,과일,T3 개념확장,4aae00d1-5a8f-477e-a9ac-5d1b891b6c06,딸기공주,의류,보령한내시장,전통시장,충청남도,,,
ed07f84a87af64eebe06,full_annotation_v1,A,q_과일_05,딸기,식료품 중 '과일'을 판매·제공하는 매장,val,과일,T3 개념확장,422100fb-6823-4f31-8213-00e051563a53,딸기,의류,용현시장,전통시장,인천광역시,,,
7def0b779b19b340f624,full_annotation_v1,A,q_과일_05,딸기,식료품 중 '과일'을 판매·제공하는 매장,val,과일,T3 개념확장,003d7e3f-6459-4018-ac58-7184cd2457d5,눈치 금호점,카페,금호1동상가번영회 골목형상점가,골목형상점가,광주광역시,,,
23654df2706cbbf9fce1,full_annotation_v1,A,q_과일_05,딸기,식료품 중 '과일'을 판매·제공하는 매장,val,과일,T3 개념확장,9141cd64-b717-43b5-806e-00fa65334eed,딸네보리밥,한식,서동향토시장,전통시장,부산광역시,,,
56b49c4cd96818605b29,full_annotation_v1,A,q_과일_05,딸기,식료품 중 '과일'을 판매·제공하는 매장,val,과일,T3 개념확장,bf5dcce5-7b5d-464d-a9dd-f102fffdb1e3,딸내미네,한식,쌍촌골상인회 골목형상점가,골목형상점가,광주광역시,,,
362712d6e6bdf8c5c165,full_annotation_v1,A,q_과일_05,딸기,식료품 중 '과일'을 판매·제공하는 매장,val,과일,T3 개념확장,3977b9b6-11af-4b88-a255-c7757004639b,딸기공주,악세사리,광복지하도상가,일반지하상점가,부산광역시,,,
38929cc8da6067d7156f,full_annotation_v1,A,q_과일_05,딸기,식료품 중 '과일'을 판매·제공하는 매장,val,과일,T3 개념확장,3eea72dc-6adb-4283-b300-59b3ec298ec2,고추총각 딸기아가씨,청과,만수시장,전통시장,인천광역시,,,
0515f86081b6303089ed,full_annotation_v1,A,q_과일_05,딸기,식료품 중 '과일'을 판매·제공하는 매장,val,과일,T3 개념확장,009efeba-a92a-4bf2-867f-f40d57386d40,(유)진경농산,청과,가락몰골목형상점가,골목형상점가,서울특별시,,,
b7baef2a2a9df1645ec3,full_annotation_v1,A,q_과일_05,딸기,식료품 중 '과일'을 판매·제공하는 매장,val,과일,T3 개념확장,a4bd771a-c347-4e04-aa18-f3d66ec87e24,딸랑구찹살떡,떡,전주한옥마을 골목형상점가,골목형상점가,전북특별자치도,,,
ebcfe4f8f8b4a942c158,full_annotation_v1,A,q_과일_05,딸기,식료품 중 '과일'을 판매·제공하는 매장,val,과일,T3 개념확장,2002dcd5-9883-4682-823f-c8603763e861,딸기공장,"디저트, 빵",보람동 골목형상점가,골목형상점가,세종특별자치시,,,
40d768f637ebdf92c60f,full_annotation_v1,A,q_과일_05,딸기,식료품 중 '과일'을 판매·제공하는 매장,val,과일,T3 개념확장,0063671e-77f7-466c-bbc2-223497c0dae4,무가당,카페,세병호 골목형상점가,골목형상점가,전북특별자치도,,,
c35cf5d14c6847764080,full_annotation_v1,A,q_과일_05,딸기,식료품 중 '과일'을 판매·제공하는 매장,val,과일,T3 개념확장,c2f79892-e34f-49fd-a01b-495441211c15,딸기쉐이크,여성의류 및 잡화,춘천지하상가,일반지하상점가,강원특별자치도,,,
7018a208fe456820c463,full_annotation_v1,A,q_과일_05,딸기,식료품 중 '과일'을 판매·제공하는 매장,val,과일,T3 개념확장,6be08094-cb1d-4fba-baa2-ed06ec3cfcf9,달디단딸기,딸기 쌀 야채 농산물 가공식품,나릿재마크원 골목형상점가,골목형상점가,세종특별자치시,,,
79ec59005b31bf9eaa14,full_annotation_v1,A,q_과일_05,딸기,식료품 중 '과일'을 판매·제공하는 매장,val,과일,T3 개념확장,befd9341-2bfe-4b8a-8ad7-777d6f4dd2c8,딸기초콜릿,여성의류,부평깡통시장(구 부산부평시장),전통시장,부산광역시,,,
3185281a52cbcbf13bc1,full_annotation_v1,A,q_과일_05,딸기,식료품 중 '과일'을 판매·제공하는 매장,val,과일,T3 개념확장,d2a0851b-85d9-48cd-84fa-e1a5c15e2445,딸기분식,분식류,수암상가시장,전통시장,울산광역시,,,
4dd0f588465192820f00,full_annotation_v1,A,q_과일_05,딸기,식료품 중 '과일'을 판매·제공하는 매장,val,과일,T3 개념확장,0045f871-6f40-4361-bcdd-2b94bf597287,무파장터,야채 청과물,신금정시장 골목형 상점가,골목형상점가,부산광역시,,,
b5a1cc48092852cc910e,full_annotation_v1,A,q_과일_05,딸기,식료품 중 '과일'을 판매·제공하는 매장,val,과일,T3 개념확장,e9598b45-1862-4a31-951e-34f9c6c15fa1,별난딸기,잼,해남매일시장,전통시장,전라남도,,,
cd7ae325677c5f164fb0,full_annotation_v1,A,q_과일_05,딸기,식료품 중 '과일'을 판매·제공하는 매장,val,과일,T3 개념확장,f220255f-4619-47b0-989a-b466cffa3c0e,딸기,악세사리,영등포로타리지하도상점가,일반지하상점가,서울특별시,,,
9838a8238d8a0181ea2f,full_annotation_v1,A,q_과일_06,과일 사는 곳,식료품 중 '과일'을 판매·제공하는 매장,val,과일,T4 구어·문장,00ebc127-05c7-4f5b-8926-20ba39cc1cda,대전따봉,"소매(청과,생선)",권선종합시장,전통시장,경기도,,,
6151b1da9236a867085e,full_annotation_v1,A,q_과일_06,과일 사는 곳,식료품 중 '과일'을 판매·제공하는 매장,val,과일,T4 구어·문장,c8fcb2ea-8750-48e0-823a-5c40f8f0eb05,과일나라,과일,"온양온천시장(온양재래시장, 전통시장)",전통시장,충청남도,,,
57bc66e89ca8cb2906e2,full_annotation_v1,A,q_과일_06,과일 사는 곳,식료품 중 '과일'을 판매·제공하는 매장,val,과일,T4 구어·문장,00333be0-b70d-4197-aa97-5a277d61e0da,㈜신진후르츠,과일,부전농수산물새벽시장,전통시장,부산광역시,,,
4e04b693d79446ccfe69,full_annotation_v1,A,q_과일_06,과일 사는 곳,식료품 중 '과일'을 판매·제공하는 매장,val,과일,T4 구어·문장,e21222b7-9d80-444d-8522-dee3f1f2046b,미래과일,과일,김해 외동전통시장,전통시장,경상남도,,,
1638835f46b951228860,full_annotation_v1,A,q_과일_06,과일 사는 곳,식료품 중 '과일'을 판매·제공하는 매장,val,과일,T4 구어·문장,e50663cb-2e0e-4fb8-b139-7bd05c5cfe02,과일(강씨과일),과일,팔달신시장,전통시장,대구광역시,,,
7b32e76aa07f34ac13c5,full_annotation_v1,A,q_과일_06,과일 사는 곳,식료품 중 '과일'을 판매·제공하는 매장,val,과일,T4 구어·문장,00c6ce65-3761-4ba1-a849-bcedeaa97463,평화상회,청과,경산공설시장,전통시장,경상북도,,,
5f87ee6ded866b03c52b,full_annotation_v1,A,q_과일_06,과일 사는 곳,식료품 중 '과일'을 판매·제공하는 매장,val,과일,T4 구어·문장,003e7ebf-1112-4ab4-a484-67716e4b2a85,이든,카페,원주중앙시장활성화구역,상권활성화구역,강원특별자치도,,,
79d91a5ac225321216fc,full_annotation_v1,A,q_과일_06,과일 사는 곳,식료품 중 '과일'을 판매·제공하는 매장,val,과일,T4 구어·문장,bf9d3dcb-e5da-4ee8-b781-e4939b5f3abc,명성청과,과일,성서와룡시장,전통시장,대구광역시,,,
36be1c35e2b562bf71bb,full_annotation_v1,A,q_과일_06,과일 사는 곳,식료품 중 '과일'을 판매·제공하는 매장,val,과일,T4 구어·문장,07d974e4-4e7d-41fe-8b1f-a7a96756dc79,백산청과,사과,충주농산물종합시장(구 중앙청과시장),전통시장,충청북도,,,
c4f174a9f8809249731e,full_annotation_v1,A,q_과일_06,과일 사는 곳,식료품 중 '과일'을 판매·제공하는 매장,val,과일,T4 구어·문장,6b6c4579-36af-4980-a456-543ca0aa158c,과일나라,과일,박달시장,전통시장,경기도,,,
e98f6776d3d1222ada00,full_annotation_v1,A,q_과일_06,과일 사는 곳,식료품 중 '과일'을 판매·제공하는 매장,val,과일,T4 구어·문장,b17526ac-af8d-4e0e-97b4-3cbf29acda2a,욱수과일,과일,신매시장,전통시장,대구광역시,,,
a6bf067beaf4fa69cbfb,full_annotation_v1,A,q_과일_06,과일 사는 곳,식료품 중 '과일'을 판매·제공하는 매장,val,과일,T4 구어·문장,d250e4cb-997d-44f8-8d99-5d9505ec8cb4,과일,과일,능동로골목시장(자양한강전통시장),전통시장,서울특별시,,,
bc0663fe19c2987b3500,full_annotation_v1,A,q_과일_06,과일 사는 곳,식료품 중 '과일'을 판매·제공하는 매장,val,과일,T4 구어·문장,6298f9a9-bdc8-4273-bf37-7bcc8722900c,과일나라,과일,송정5일시장,전통시장,광주광역시,,,
614a6329756d3d8d1e20,full_annotation_v1,A,q_과일_06,과일 사는 곳,식료품 중 '과일'을 판매·제공하는 매장,val,과일,T4 구어·문장,96fb06c4-5705-4beb-a3f8-145090c46652,올리브팜 베이커리,,둔산3동상점가,자율상권구역,대전광역시,,,
e1472a2c9939b44642d8,full_annotation_v1,A,q_과일_06,과일 사는 곳,식료품 중 '과일'을 판매·제공하는 매장,val,과일,T4 구어·문장,edceee03-fbb0-4c43-86af-b46c94360a83,이근철청과,과일,남부시장,전통시장,경상북도,,,
181fa12c03016008ad91,full_annotation_v1,A,q_과일_06,과일 사는 곳,식료품 중 '과일'을 판매·제공하는 매장,val,과일,T4 구어·문장,234ee312-05ba-4183-af7a-8a8ac8f25047,과일#,과일,서부시장상점가(서부시장 통합),전통시장,전북특별자치도,,,
0a9f83a1d38e0500fd90,full_annotation_v1,A,q_과일_06,과일 사는 곳,식료품 중 '과일'을 판매·제공하는 매장,val,과일,T4 구어·문장,de1dc1a1-abbd-42c1-9293-6af8c390a9ce,청춘과일,과일,첨단하나로,골목형상점가,광주광역시,,,
290d9dfbb7afac167adc,full_annotation_v1,A,q_과일_06,과일 사는 곳,식료품 중 '과일'을 판매·제공하는 매장,val,과일,T4 구어·문장,69073e4f-39a1-4bb2-9d42-ca57b18cb03a,은서과일,과일,달서시장,전통시장,대구광역시,,,
b3770099c404f412e76a,full_annotation_v1,A,q_과일_06,과일 사는 곳,식료품 중 '과일'을 판매·제공하는 매장,val,과일,T4 구어·문장,78b151bf-7bc4-4ff4-ae68-dbe01de9c746,과일나라,과일,광명새마을시장,전통시장,경기도,,,
a5d41bcff099444c8870,full_annotation_v1,A,q_과일_06,과일 사는 곳,식료품 중 '과일'을 판매·제공하는 매장,val,과일,T4 구어·문장,07f5dcc1-080d-4db8-807f-7c2904ee20b2,개똥이네 과일,과일,당감골목시장,전통시장,부산광역시,,,
ff33080dd4ebbfc53a4d,full_annotation_v1,A,q_과일_06,과일 사는 곳,식료품 중 '과일'을 판매·제공하는 매장,val,과일,T4 구어·문장,a846d2f2-7cfa-494f-8d7a-56c61bf00d2d,유진이네 과일,과일,남항시장,전통시장,부산광역시,,,
53c665d804915d2e7b7a,full_annotation_v1,A,q_과일_06,과일 사는 곳,식료품 중 '과일'을 판매·제공하는 매장,val,과일,T4 구어·문장,63607fe6-4653-4c87-8b7b-6cbe7db20fa1,강운상회,외의,울진시장(울진바지게시장),전통시장,경상북도,,,
b8a70622599c0cbbf796,full_annotation_v1,A,q_과일_06,과일 사는 곳,식료품 중 '과일'을 판매·제공하는 매장,val,과일,T4 구어·문장,1732b474-5fd1-4efa-b932-ca82015e604d,제주애() 과일,과일,제주시민속오일시장,전통시장,제주특별자치도,,,
ec7446d7b5b328ed5fea,full_annotation_v1,A,q_과일_06,과일 사는 곳,식료품 중 '과일'을 판매·제공하는 매장,val,과일,T4 구어·문장,0165a7f2-4303-433a-a548-17d89cb6fa0f,"꽃,과일","꽃, 과일",이동 골목형상점가,골목형상점가,경기도,,,
480328a67b1cf0578eca,full_annotation_v1,A,q_과일_06,과일 사는 곳,식료품 중 '과일'을 판매·제공하는 매장,val,과일,T4 구어·문장,cffa1555-3472-4bf6-8773-86d5f1f5444f,과일나라,과일,연동골목시장,자율상권구역,부산광역시,,,
110e660e46d60cc8bebe,full_annotation_v1,A,q_과일_06,과일 사는 곳,식료품 중 '과일'을 판매·제공하는 매장,val,과일,T4 구어·문장,48dfeca9-91e0-485b-a912-6fcbec68232a,질러존노래연습장,노래방,두정동상점가,자율상권구역,충청남도,,,
19bf1d51adf9c4d15908,full_annotation_v1,A,q_과일_06,과일 사는 곳,식료품 중 '과일'을 판매·제공하는 매장,val,과일,T4 구어·문장,90837a7f-5899-4589-905d-b1f91f48d97b,과일실록,과일,상계중앙시장,전통시장,서울특별시,,,
66b4dfec16e6a3c56dbf,full_annotation_v1,A,q_과일_06,과일 사는 곳,식료품 중 '과일'을 판매·제공하는 매장,val,과일,T4 구어·문장,31fcc0ce-54c8-480a-a4b7-607597718a2d,농산물,과일,삼천동제일 골목형상점가,골목형상점가,전북특별자치도,,,
5c4f538cb88ef79d99c1,full_annotation_v1,A,q_과일_06,과일 사는 곳,식료품 중 '과일'을 판매·제공하는 매장,val,과일,T4 구어·문장,36fbb793-24e5-4f3f-948e-522b0f86b8b9,더 과일,과일,"지웰시티몰 1,2단지 골목형상점가",골목형상점가,충청남도,,,
0e1f5ff1ef2c91b60910,full_annotation_v1,A,q_과일_06,과일 사는 곳,식료품 중 '과일'을 판매·제공하는 매장,val,과일,T4 구어·문장,0042e83d-930b-4d1d-a96f-f1a2691256cd,성화상회,과일,대구능금시장,전통시장,대구광역시,,,
20388a9a91386ebf81b0,full_annotation_v1,A,q_과일_06,과일 사는 곳,식료품 중 '과일'을 판매·제공하는 매장,val,과일,T4 구어·문장,cae8849b-5676-4b4a-973f-ba74b776d48e,고흥과일,과일,목포동부시장,전통시장,전라남도,,,
35c1ea57cdf5a827e9c2,full_annotation_v1,A,q_과일_06,과일 사는 곳,식료품 중 '과일'을 판매·제공하는 매장,val,과일,T4 구어·문장,eafcb353-12e7-4b51-bca3-53c5ac1a8c4a,과일나라,과일,세종전통시장,전통시장,세종특별자치시,,,
7855348d50c28be2be73,full_annotation_v1,A,q_과일_06,과일 사는 곳,식료품 중 '과일'을 판매·제공하는 매장,val,과일,T4 구어·문장,26bec8be-7e70-41c6-b463-833aa0224e18,진이네 과일,과일,가좌동골목형상점가,골목형상점가,경기도,,,
eb39c7d0646654491aff,full_annotation_v1,A,q_과일_06,과일 사는 곳,식료품 중 '과일'을 판매·제공하는 매장,val,과일,T4 구어·문장,330cfc2d-6ac0-4892-ba35-94ad50c6e74c,소소맥주,,원신흥어울림길 골목형상점가,골목형상점가,대전광역시,,,
eace06f278df14cbc71d,full_annotation_v1,A,q_과일_06,과일 사는 곳,식료품 중 '과일'을 판매·제공하는 매장,val,과일,T4 구어·문장,a8b8c85d-0a12-4ffb-90a2-ad2416b37d4f,열매상점,과일,후평일단지시장,전통시장,강원특별자치도,,,
5646120a77b47632fc54,full_annotation_v1,A,q_과일_06,과일 사는 곳,식료품 중 '과일'을 판매·제공하는 매장,val,과일,T4 구어·문장,0c795edf-76c3-43a6-b999-2bdef777490f,과일나라,과일,태평시장,전통시장,대전광역시,,,
aff4ec412d3d6ee83ac4,full_annotation_v1,A,q_과일_06,과일 사는 곳,식료품 중 '과일'을 판매·제공하는 매장,val,과일,T4 구어·문장,35883750-a8fa-4dc2-a2e9-90c571031879,지리산고지농원,"사과, 종자, 오미자",남원인월시장,전통시장,전북특별자치도,,,
f450da784d7833ca34e0,full_annotation_v1,A,q_과일_06,과일 사는 곳,식료품 중 '과일'을 판매·제공하는 매장,val,과일,T4 구어·문장,be1bddfc-c4f8-42de-b14a-8e13dd531f69,강남인테리어,수예 및 커텐,부산진시장,전통시장,부산광역시,,,
3f781a1b25fd99fb7bee,full_annotation_v1,A,q_과일_06,과일 사는 곳,식료품 중 '과일'을 판매·제공하는 매장,val,과일,T4 구어·문장,fc9c60d0-c242-4b7f-9b09-60db435a59e0,과일밭,과일,남목전통시장,전통시장,울산광역시,,,
097bb9a5fc09b80b6f48,full_annotation_v1,A,q_과일_06,과일 사는 곳,식료품 중 '과일'을 판매·제공하는 매장,val,과일,T4 구어·문장,0ebab450-c982-4695-9b6e-a7eff5d8d0c5,정이네 과일,과일,가좌시장,전통시장,인천광역시,,,
22e1b31427304911a847,full_annotation_v1,A,q_과일_06,과일 사는 곳,식료품 중 '과일'을 판매·제공하는 매장,val,과일,T4 구어·문장,1102444e-cdcf-4822-afd6-cb712f6677d5,중앙청과,과일,경안전통시장,전통시장,경기도,,,
dd35b60be8c28db3cfbd,full_annotation_v1,A,q_과일_06,과일 사는 곳,식료품 중 '과일'을 판매·제공하는 매장,val,과일,T4 구어·문장,a794767b-9613-4dc6-a8f8-429ea10e8546,두리 과일,과일,익산장(구 북부장),전통시장,전북특별자치도,,,
ad7ba819890073e297bd,full_annotation_v1,A,q_과일_06,과일 사는 곳,식료품 중 '과일'을 판매·제공하는 매장,val,과일,T4 구어·문장,656f192f-72d8-4531-aec0-18bd03d05bc6,명과일,과일,장위전통시장,전통시장,서울특별시,,,
db7b20666cbf1215d9ea,full_annotation_v1,A,q_과일_06,과일 사는 곳,식료품 중 '과일'을 판매·제공하는 매장,val,과일,T4 구어·문장,c111ac9d-3f3a-405c-a8db-4d127ccda9e2,행복이 있는 곳,잡화,제주로얄쇼핑센터,자율상권구역,제주특별자치도,,,
c630ee3ac9aa7dd8d21a,full_annotation_v1,A,q_과일_06,과일 사는 곳,식료품 중 '과일'을 판매·제공하는 매장,val,과일,T4 구어·문장,06a818b2-847f-414f-89e8-b103f4ae145e,시계탑과일,과일,원주미로예술중앙시장(원주중앙시장),전통시장,강원특별자치도,,,
2a0ab1e74cfcc09af447,full_annotation_v1,A,q_과일_06,과일 사는 곳,식료품 중 '과일'을 판매·제공하는 매장,val,과일,T4 구어·문장,00468e6b-39c6-4ce1-a534-a6b1eecac01d,태양농산물,과일,정릉서경대길골목형상점가(정릉골),골목형상점가,서울특별시,,,
9257f998fdafca7dc64e,full_annotation_v1,A,q_과일_06,과일 사는 곳,식료품 중 '과일'을 판매·제공하는 매장,val,과일,T4 구어·문장,c7857c54-7407-41a8-80c2-76e49a6934aa,숙이네,한식,대주먹자골목 골목형상점가,골목형상점가,광주광역시,,,
b14592d5f4aadfeaae7a,full_annotation_v1,A,q_과일_06,과일 사는 곳,식료품 중 '과일'을 판매·제공하는 매장,val,과일,T4 구어·문장,0063671e-77f7-466c-bbc2-223497c0dae4,무가당,카페,세병호 골목형상점가,골목형상점가,전북특별자치도,,,
580b74987ac032be5ca5,full_annotation_v1,A,q_과일_06,과일 사는 곳,식료품 중 '과일'을 판매·제공하는 매장,val,과일,T4 구어·문장,0889ecee-f388-40dd-a7dc-1b2b0167c5cf,삼촌네과일,과일,방이시장,전통시장,서울특별시,,,
8168e2addd1f5f9a01be,full_annotation_v1,A,q_과일_06,과일 사는 곳,식료품 중 '과일'을 판매·제공하는 매장,val,과일,T4 구어·문장,66c245dd-1f6e-4aea-8673-9243f9d79463,동진상회,곡물,대인시장,전통시장,광주광역시,,,
220c23f80d00ae707676,full_annotation_v1,A,q_과일_06,과일 사는 곳,식료품 중 '과일'을 판매·제공하는 매장,val,과일,T4 구어·문장,0a616092-c136-486a-be27-0dc7a2116f6f,소문난 과일,과일,중곡제일골목시장(중곡제일전통시장),전통시장,서울특별시,,,
500f0e24a4a2c8cb7626,full_annotation_v1,A,q_과일_06,과일 사는 곳,식료품 중 '과일'을 판매·제공하는 매장,val,과일,T4 구어·문장,3847397b-c8df-4285-91bd-f01548bf6a31,백해수 과일,과일,봉덕신시장,전통시장,대구광역시,,,
4610f049ecd37eccf787,full_annotation_v1,A,q_과일_06,과일 사는 곳,식료품 중 '과일'을 판매·제공하는 매장,val,과일,T4 구어·문장,1e56b89e-13ce-4ca4-be2b-f45bc446c4a4,광주하트치과,치과의원,초록쉼터길 골목형상점가,골목형상점가,광주광역시,,,
e18c603ce89db6fa9e69,full_annotation_v1,A,q_과일_06,과일 사는 곳,식료품 중 '과일'을 판매·제공하는 매장,val,과일,T4 구어·문장,76a3551b-dae4-4326-92cc-662015aedbfb,쉴 곳,한식,칠성로상점가,자율상권구역,제주특별자치도,,,
2400f5943656ebeba5c4,full_annotation_v1,A,q_과일_06,과일 사는 곳,식료품 중 '과일'을 판매·제공하는 매장,val,과일,T4 구어·문장,ed2615b6-e98a-4116-b0f3-a7f52c841f42,장우손어묵,어묵,광장시장,전통시장,서울특별시,,,
215e38acfef3224eb4b1,full_annotation_v1,A,q_과일_06,과일 사는 곳,식료품 중 '과일'을 판매·제공하는 매장,val,과일,T4 구어·문장,009efeba-a92a-4bf2-867f-f40d57386d40,(유)진경농산,청과,가락몰골목형상점가,골목형상점가,서울특별시,,,
aa1045b1bc862029fe86,full_annotation_v1,A,q_과일_06,과일 사는 곳,식료품 중 '과일'을 판매·제공하는 매장,val,과일,T4 구어·문장,ab7abf3b-c86c-46b7-a254-9e9124bd1cda,고향과일,과일,월배신시장,전통시장,대구광역시,,,
5accb80d0fdc73f57a04,full_annotation_v1,A,q_과일_06,과일 사는 곳,식료품 중 '과일'을 판매·제공하는 매장,val,과일,T4 구어·문장,4ccfa149-b4f6-4212-9bb7-414643477abe,대광과일,과일,덕풍전통시장,전통시장,경기도,,,
06c07b993c5638ef9dc1,full_annotation_v1,A,q_과일_06,과일 사는 곳,식료품 중 '과일'을 판매·제공하는 매장,val,과일,T4 구어·문장,0b9d8ea2-85e3-4d59-a83a-f2306011a3aa,과일나라,과일,화순고인돌전통시장,전통시장,전라남도,,,
ef2a61b6b6b8623f1fa1,full_annotation_v1,A,q_과일_06,과일 사는 곳,식료품 중 '과일'을 판매·제공하는 매장,val,과일,T4 구어·문장,d68ca51b-fcc9-4769-9b35-3dec4ae1bd4a,빵집,제빵,용남시장,전통시장,인천광역시,,,
4d57bd00e4be34bff51e,full_annotation_v1,A,q_과일_06,과일 사는 곳,식료품 중 '과일'을 판매·제공하는 매장,val,과일,T4 구어·문장,fff524d9-2b80-4495-8a50-3e99039afa1a,약국옆과일,과일,신 강남시장,전통시장,인천광역시,,,
6b3b31eee2e5b02c8cea,full_annotation_v1,A,q_과일_06,과일 사는 곳,식료품 중 '과일'을 판매·제공하는 매장,val,과일,T4 구어·문장,2743811c-5e71-4d2b-aa75-1b0147d44f2d,사우 꽃이 피는 곳,꽃,김포 풍년마을 골목형상점가,골목형상점가,경기도,,,
35f55c91f738d8839cb6,full_annotation_v1,A,q_과일_06,과일 사는 곳,식료품 중 '과일'을 판매·제공하는 매장,val,과일,T4 구어·문장,9e1d4c60-800f-44f2-b8a2-237d374ce8a0,명품튀김,튀김,삼척중앙시장,전통시장,강원특별자치도,,,
ea037ec2f1dada9b4c91,full_annotation_v1,A,q_과일_06,과일 사는 곳,식료품 중 '과일'을 판매·제공하는 매장,val,과일,T4 구어·문장,e4d717cd-02b1-4d12-860d-0a94eea0da17,아시아식품,차 음료,부평깡시장,전통시장,인천광역시,,,
82497940b557a84bd8b2,full_annotation_v1,A,q_과일_06,과일 사는 곳,식료품 중 '과일'을 판매·제공하는 매장,val,과일,T4 구어·문장,31b0bfe3-cac5-47f0-867d-5552d8f0972a,과일 픽,과일,두정로 두정상가길 골목형상점가,골목형상점가,충청남도,,,
5be26911271f5b0c5476,full_annotation_v1,A,q_과일_06,과일 사는 곳,식료품 중 '과일'을 판매·제공하는 매장,val,과일,T4 구어·문장,614d06b5-966b-4be0-9167-68ce2dc9bcda,장수과일,과일,김해 동상전통시장,전통시장,경상남도,,,
e67d8064f0b218d9fe2c,full_annotation_v1,A,q_과일_06,과일 사는 곳,식료품 중 '과일'을 판매·제공하는 매장,val,과일,T4 구어·문장,451f66e8-a8aa-442e-8899-8a22fe952437,예쁜과일,과일,개금골목시장,전통시장,부산광역시,,,
b696eac3d0063856d706,full_annotation_v1,A,q_과일_06,과일 사는 곳,식료품 중 '과일'을 판매·제공하는 매장,val,과일,T4 구어·문장,e2928b97-168c-4bcd-925c-deeb35510489,사랑:담,과일,지족북로 골목형상점가,골목형상점가,대전광역시,,,
a763adcdca3de4aad7ca,full_annotation_v1,A,q_과일_06,과일 사는 곳,식료품 중 '과일'을 판매·제공하는 매장,val,과일,T4 구어·문장,b6843f2b-0cdc-4ea9-8219-8af49e11779d,행복한 과일,과일,목포동부시장,전통시장,전라남도,,,
d8705e60f1fa4e9da1c1,full_annotation_v1,A,q_과일_06,과일 사는 곳,식료품 중 '과일'을 판매·제공하는 매장,val,과일,T4 구어·문장,3c49cc60-6135-4713-bf97-a40661ba8e07,뉴팜,사과 샤인머스켓,금오시장,전통시장,경상북도,,,
7cb86623c4c31c19a78a,full_annotation_v1,A,q_과일_06,과일 사는 곳,식료품 중 '과일'을 판매·제공하는 매장,val,과일,T4 구어·문장,e0c462b4-c3fc-4e7d-87a9-f6b9434a247d,노랑통닭,,둔산3동상점가,자율상권구역,대전광역시,,,
877e9a34f7f7d6937efe,full_annotation_v1,A,q_과일_06,과일 사는 곳,식료품 중 '과일'을 판매·제공하는 매장,val,과일,T4 구어·문장,41271a18-a3ae-445b-86bd-f7a2651faabe,동현상회,사과청과,대구능금시장,전통시장,대구광역시,,,
4bf9620eeb706f89a5bb,full_annotation_v1,A,q_과일_06,과일 사는 곳,식료품 중 '과일'을 판매·제공하는 매장,val,과일,T4 구어·문장,9066a406-0030-4259-94ad-e96c0715fe88,과일 창고,과일,정림동 골목형상점가,골목형상점가,대전광역시,,,
46416f142f831331161a,full_annotation_v1,A,q_과일_06,과일 사는 곳,식료품 중 '과일'을 판매·제공하는 매장,val,과일,T4 구어·문장,83642241-2532-497b-8842-d9d85eced4ec,과일나라,과일,태화시장,전통시장,울산광역시,,,
dc2011a848163679e0f7,full_annotation_v1,A,q_과일_06,과일 사는 곳,식료품 중 '과일'을 판매·제공하는 매장,val,과일,T4 구어·문장,fece4c59-3bea-4bda-8a9d-16d4ee800626,경북과일,과일,포항죽도농산물시장,전통시장,경상북도,,,
b519ccb5a75c4e419048,full_annotation_v1,A,q_과일_06,과일 사는 곳,식료품 중 '과일'을 판매·제공하는 매장,val,과일,T4 구어·문장,ac830611-6a55-4e52-85e6-49726339153a,태양농산,과일,부천상동시장,전통시장,경기도,,,
d9e0698af8a44f58a816,full_annotation_v1,A,q_과일_06,과일 사는 곳,식료품 중 '과일'을 판매·제공하는 매장,val,과일,T4 구어·문장,33718306-2235-4dc8-980f-6194b2d058b8,달보드레 과일,과일,보정중심 골목형상점가,골목형상점가,경기도,,,
8e87c838877b2674da3d,full_annotation_v1,A,q_과일_06,과일 사는 곳,식료품 중 '과일'을 판매·제공하는 매장,val,과일,T4 구어·문장,14adf9e2-73da-48a3-9988-6e3af12c12dc,과일나라,과일,금부로상인회 골목형상점가,골목형상점가,광주광역시,,,
a88d557e48f82786c368,full_annotation_v1,A,q_과일_06,과일 사는 곳,식료품 중 '과일'을 판매·제공하는 매장,val,과일,T4 구어·문장,de4d8d2c-aac1-4114-958c-df80e57b41d9,뷰티블리,피부미용,오치 한전 골목형상점가,골목형상점가,광주광역시,,,
d9863793f2f678887a86,full_annotation_v1,A,q_과일_06,과일 사는 곳,식료품 중 '과일'을 판매·제공하는 매장,val,과일,T4 구어·문장,be3c13d0-5946-4b75-a158-c67fbb8308c6,경희과일,과일,반구시장,전통시장,울산광역시,,,
354a7f6e8d588cd93811,full_annotation_v1,A,q_과일_06,과일 사는 곳,식료품 중 '과일'을 판매·제공하는 매장,val,과일,T4 구어·문장,18603839-70c1-4941-8f60-f20154907e00,황소건어물 과일,건어물 과일,푸른마을공동체센터 골목형상점가,골목형상점가,광주광역시,,,
a95ba177999ed869a5a2,full_annotation_v1,A,q_과일_06,과일 사는 곳,식료품 중 '과일'을 판매·제공하는 매장,val,과일,T4 구어·문장,a42b209b-1a06-42ce-8f83-f87c6626bcef,브라보당구장,당구장,대주먹자골목 골목형상점가,골목형상점가,광주광역시,,,
e83c7d55125f56046245,full_annotation_v1,A,q_과일_06,과일 사는 곳,식료품 중 '과일'을 판매·제공하는 매장,val,과일,T4 구어·문장,6bc9b36a-31f2-49da-8924-672493958b94,과일 정원,과일,오송역파라곤센트럴시티2차골목형상점가,골목형상점가,충청북도,,,
14106f85c402ba23787e,full_annotation_v1,A,q_과일_06,과일 사는 곳,식료품 중 '과일'을 판매·제공하는 매장,val,과일,T4 구어·문장,fe5c2b2f-d738-4d7e-920c-ddd3718a0579,갤러리스크린골프,,둔산2동 골목형상점가,골목형상점가,대전광역시,,,
ab783e94d047b0319ca5,full_annotation_v1,A,q_과일_06,과일 사는 곳,식료품 중 '과일'을 판매·제공하는 매장,val,과일,T4 구어·문장,003d7e3f-6459-4018-ac58-7184cd2457d5,눈치 금호점,카페,금호1동상가번영회 골목형상점가,골목형상점가,광주광역시,,,
fed0fbaad964a54219b8,full_annotation_v1,A,q_과일_06,과일 사는 곳,식료품 중 '과일'을 판매·제공하는 매장,val,과일,T4 구어·문장,84de0b35-60d6-46d3-b0aa-79e52ffe213f,재필이네 과일,과일,둔포전통시장,전통시장,충청남도,,,
d9a3af74f46aba14f91d,full_annotation_v1,A,q_과일_06,과일 사는 곳,식료품 중 '과일'을 판매·제공하는 매장,val,과일,T4 구어·문장,2acea435-157a-42b2-82f0-0bfe6b5e3be5,이레과일,과일,용인중앙시장,전통시장,경기도,,,
0049b0bafa1707ec7e0c,full_annotation_v1,A,q_과일_06,과일 사는 곳,식료품 중 '과일'을 판매·제공하는 매장,val,과일,T4 구어·문장,5b20aaf0-37b4-4889-9660-c83968384f0b,"과일, 야채대장",과일 채소,좌동재래시장,전통시장,부산광역시,,,
bcf75bf8eb0420f1f2d4,full_annotation_v1,A,q_과일_06,과일 사는 곳,식료품 중 '과일'을 판매·제공하는 매장,val,과일,T4 구어·문장,d10dba74-a1e7-4a6b-8160-4138ddb6e7da,달당,과일,복대가경시장,전통시장,충청북도,,,
2c2dad1bc7fb4f7fd650,full_annotation_v1,A,q_과일_06,과일 사는 곳,식료품 중 '과일'을 판매·제공하는 매장,val,과일,T4 구어·문장,30aab4f1-0a08-40f8-8ec9-7fb904873471,봉좌산농원,농산물(사과),안강공설시장,전통시장,경상북도,,,
18520cae031f6788e9c9,full_annotation_v1,A,q_과일_06,과일 사는 곳,식료품 중 '과일'을 판매·제공하는 매장,val,과일,T4 구어·문장,6c4ecb59-8fa0-4687-9aa6-3325dff6b130,과일나라,과일,괴정가장로 골목형상점가,골목형상점가,대전광역시,,,
07b15d4556bea407556a,full_annotation_v1,A,q_과일_06,과일 사는 곳,식료품 중 '과일'을 판매·제공하는 매장,val,과일,T4 구어·문장,ccfff857-f617-48ed-b6a5-c33281c34fa6,으뜸과일,과일,서서울골목형상점가,골목형상점가,서울특별시,,,
28f661bbdb9614054ab7,full_annotation_v1,A,q_과일_06,과일 사는 곳,식료품 중 '과일'을 판매·제공하는 매장,val,과일,T4 구어·문장,8898592e-9850-4e53-97c8-a0ff37691b52,참과일,과일,연일전통시장,전통시장,경상북도,,,
5c767bbb2850a1d41b1e,full_annotation_v1,A,q_과일_06,과일 사는 곳,식료품 중 '과일'을 판매·제공하는 매장,val,과일,T4 구어·문장,d90ec355-3194-4734-965a-995e2aed7423,훈훈한 과일,농산물 과일,석바위시장,전통시장,인천광역시,,,
e1bcd63bbce75b970b3b,full_annotation_v1,A,q_과일_06,과일 사는 곳,식료품 중 '과일'을 판매·제공하는 매장,val,과일,T4 구어·문장,0045f871-6f40-4361-bcdd-2b94bf597287,무파장터,야채 청과물,신금정시장 골목형 상점가,골목형상점가,부산광역시,,,
85db8ca9a02dc948d454,full_annotation_v1,A,q_과일_06,과일 사는 곳,식료품 중 '과일'을 판매·제공하는 매장,val,과일,T4 구어·문장,0af5f838-4190-4a50-8032-c9982143d578,청해과일,과일,구역전전통시장,전통시장,울산광역시,,,
e5c17630fb8502ebc374,full_annotation_v1,A,q_과일_06,과일 사는 곳,식료품 중 '과일'을 판매·제공하는 매장,val,과일,T4 구어·문장,24456103-f6b8-46af-8655-82e61d7265d8,커피가 머무르는 곳,커피,반드레길골목형상점가,골목형상점가,서울특별시,,,
3224042c58282db485bd,full_annotation_v1,A,q_과일_06,과일 사는 곳,식료품 중 '과일'을 판매·제공하는 매장,val,과일,T4 구어·문장,ccc63c2c-1b36-40f1-8e62-09fbe3c7217e,훈훈한 과일,과일,정서진중앙시장(구 서구중앙시장),전통시장,인천광역시,,,
09ec94de725dc9a60ac0,full_annotation_v1,A,q_과일_06,과일 사는 곳,식료품 중 '과일'을 판매·제공하는 매장,val,과일,T4 구어·문장,103c83f7-8510-4eb0-b9b0-e85633c1a7a1,경희과일,과일,범천중앙시장,전통시장,부산광역시,,,
20533700f88b0097614c,full_annotation_v1,A,q_과일_06,과일 사는 곳,식료품 중 '과일'을 판매·제공하는 매장,val,과일,T4 구어·문장,00045dfc-0681-4fb3-8265-33b3df14c289,한라농산,과일,황지시장상점가,자율상권구역,강원특별자치도,,,
e92926cd17d2354c577b,full_annotation_v1,A,q_과일_06,과일 사는 곳,식료품 중 '과일'을 판매·제공하는 매장,val,과일,T4 구어·문장,00da8084-69b5-4bcc-b2ca-3eaf11175611,밀키샵 별내점,디저트,별내로데오상점가,골목형상점가,경기도,,,
2081ceb6f7904d7c4cf5,full_annotation_v1,A,q_과일_06,과일 사는 곳,식료품 중 '과일'을 판매·제공하는 매장,val,과일,T4 구어·문장,3f3531a1-d993-45ae-b188-2104998253c6,욍과일,과일,은행나무시장(구시흥중앙시장),전통시장,서울특별시,,,
f0dbd475a4751ae01192,full_annotation_v1,A,q_과일_06,과일 사는 곳,식료품 중 '과일'을 판매·제공하는 매장,val,과일,T4 구어·문장,06b14dd2-9361-4c86-97a3-c9f0a07abb57,영호네가게,과일,청학시장,전통시장,부산광역시,,,
87302d8f258b222c4071,full_annotation_v1,A,q_과일_06,과일 사는 곳,식료품 중 '과일'을 판매·제공하는 매장,val,과일,T4 구어·문장,00d3ef33-13db-4750-93a0-4b31010fcb70,온유베이크,카페,스타타워1 골목형상점가,골목형상점가,인천광역시,,,
df04012c3ad629ca693d,full_annotation_v1,A,q_과일_06,과일 사는 곳,식료품 중 '과일'을 판매·제공하는 매장,val,과일,T4 구어·문장,07aa9211-faba-46ea-bda8-0efd60f4653c,과일짱,과일,광명새마을시장,전통시장,경기도,,,
ac9e40f5255589f26ab9,full_annotation_v1,A,q_과일_06,과일 사는 곳,식료품 중 '과일'을 판매·제공하는 매장,val,과일,T4 구어·문장,3e6e7885-b089-490d-9743-1d67ef9371cc,과일톡,과일,의정부시 구도심 상권활성화구역,상권활성화구역,경기도,,,
dbea9b5f31d3434270b5,full_annotation_v1,A,q_과일_06,과일 사는 곳,식료품 중 '과일'을 판매·제공하는 매장,val,과일,T4 구어·문장,0f8cb76a-b26a-4e84-b044-7def2844cb52,과일나라,과일,삼성동시장,기타,서울특별시,,,
50abcbc03971e494fa8b,full_annotation_v1,A,q_과일_06,과일 사는 곳,식료품 중 '과일'을 판매·제공하는 매장,val,과일,T4 구어·문장,3781b795-dc3a-4e0a-9aeb-a896efaa51a1,신한청과물,과일,부산새벽시장,전통시장,부산광역시,,,
3f886827e3d6508c6329,full_annotation_v1,A,q_과일_06,과일 사는 곳,식료품 중 '과일'을 판매·제공하는 매장,val,과일,T4 구어·문장,d5d5ed39-23d8-43d9-9798-1cae81971165,정우 과일 상회,과일,해남매일시장,전통시장,전라남도,,,
71df47d44a1dbf9c762d,full_annotation_v1,A,q_과일_06,과일 사는 곳,식료품 중 '과일'을 판매·제공하는 매장,val,과일,T4 구어·문장,bb18c45d-9514-47c4-9b16-0ba51cbff6a7,건후네 과일,과일,용문천년시장,전통시장,경기도,,,
a572d5f42d22b2b42d84,full_annotation_v1,A,q_과일_06,과일 사는 곳,식료품 중 '과일'을 판매·제공하는 매장,val,과일,T4 구어·문장,e59beb2f-b57b-492e-a2c5-00d05b73edf7,군북과일,과일,성북시장,전통시장,부산광역시,,,
836b884929f335f819b6,full_annotation_v1,A,q_과일_06,과일 사는 곳,식료품 중 '과일'을 판매·제공하는 매장,val,과일,T4 구어·문장,006204f3-b214-4611-a434-f896bf75e919,장터사랑,과일,농성세대공감상인회 골목형상점가,골목형상점가,광주광역시,,,
e9f59bf4b1c95146853a,full_annotation_v1,A,q_과일_06,과일 사는 곳,식료품 중 '과일'을 판매·제공하는 매장,val,과일,T4 구어·문장,00e927c5-be32-44e1-b7fd-80e9cfc81773,진양상회,청과물,진주 청과시장,전통시장,경상남도,,,
6e792626c3e44bfc3705,full_annotation_v1,A,q_과일_06,과일 사는 곳,식료품 중 '과일'을 판매·제공하는 매장,val,과일,T4 구어·문장,b8f0e68e-bb3f-4993-bf4c-530ed5fa0cc9,풍성한과일,과일,포항죽도농산물시장,전통시장,경상북도,,,
fdddafc363d14f012c78,full_annotation_v1,A,q_과일_06,과일 사는 곳,식료품 중 '과일'을 판매·제공하는 매장,val,과일,T4 구어·문장,d5e7658d-de05-4ed1-ae04-73b13b79ddfd,"재주, 과일",과일,세류2동 골목형상점가,골목형상점가,경기도,,,
dcf3dbc97508a3a6e5b3,full_annotation_v1,A,q_과일_06,과일 사는 곳,식료품 중 '과일'을 판매·제공하는 매장,val,과일,T4 구어·문장,8019268d-e8c3-49c6-b65d-eb3fb8e3a55f,짱과일,과일,꽃밭정이 골목형상점가,골목형상점가,전북특별자치도,,,
b3790732b4db35b4e5ee,full_annotation_v1,A,q_과일_06,과일 사는 곳,식료품 중 '과일'을 판매·제공하는 매장,val,과일,T4 구어·문장,247ddfde-cc23-4451-a254-bc0ee1931a6d,과일나라,과일,북수원시장( 구 파장시장),전통시장,경기도,,,
364ffa832d9ced13ef05,full_annotation_v1,A,q_과일_06,과일 사는 곳,식료품 중 '과일'을 판매·제공하는 매장,val,과일,T4 구어·문장,5797f002-48ee-4167-835b-c246efb39cab,사계 신선 과일,과일,원미부흥시장,전통시장,경기도,,,
0786b7f4027b1f3cd5db,full_annotation_v1,A,q_과일_06,과일 사는 곳,식료품 중 '과일'을 판매·제공하는 매장,val,과일,T4 구어·문장,087412ce-b00a-4ba5-a027-05c22ba6ba0d,과일나라,과일,태평상가,골목형상점가,경기도,,,
41e6e835d4b7bc427ff3,full_annotation_v1,A,q_과일_06,과일 사는 곳,식료품 중 '과일'을 판매·제공하는 매장,val,과일,T4 구어·문장,12def721-d9b2-4401-8120-605d3bae375f,수과일,과일,용호1동골목시장,전통시장,부산광역시,,,
f47f4d05df26fedd555c,full_annotation_v1,A,q_과일_06,과일 사는 곳,식료품 중 '과일'을 판매·제공하는 매장,val,과일,T4 구어·문장,bc8b2639-3ddc-4af2-a5c0-457ad0ca686b,남해과일,과일,함안 가야전통시장,전통시장,경상남도,,,
332e83901e2947997558,full_annotation_v1,A,q_과일_07,과일 사는 데,식료품 중 '과일'을 판매·제공하는 매장,val,과일,T4 구어·문장,07aa9211-faba-46ea-bda8-0efd60f4653c,과일짱,과일,광명새마을시장,전통시장,경기도,,,
64ae1e91b22bc3c705f7,full_annotation_v1,A,q_과일_07,과일 사는 데,식료품 중 '과일'을 판매·제공하는 매장,val,과일,T4 구어·문장,5797f002-48ee-4167-835b-c246efb39cab,사계 신선 과일,과일,원미부흥시장,전통시장,경기도,,,
7514229bea1153aa6a44,full_annotation_v1,A,q_과일_07,과일 사는 데,식료품 중 '과일'을 판매·제공하는 매장,val,과일,T4 구어·문장,0165a7f2-4303-433a-a548-17d89cb6fa0f,"꽃,과일","꽃, 과일",이동 골목형상점가,골목형상점가,경기도,,,
7ab0323b1a4c7221e2b2,full_annotation_v1,A,q_과일_07,과일 사는 데,식료품 중 '과일'을 판매·제공하는 매장,val,과일,T4 구어·문장,00333be0-b70d-4197-aa97-5a277d61e0da,㈜신진후르츠,과일,부전농수산물새벽시장,전통시장,부산광역시,,,
67fea1288dc66365a0f8,full_annotation_v1,A,q_과일_07,과일 사는 데,식료품 중 '과일'을 판매·제공하는 매장,val,과일,T4 구어·문장,2acea435-157a-42b2-82f0-0bfe6b5e3be5,이레과일,과일,용인중앙시장,전통시장,경기도,,,
8f42748e6af756fc57e5,full_annotation_v1,A,q_과일_07,과일 사는 데,식료품 중 '과일'을 판매·제공하는 매장,val,과일,T4 구어·문장,75f6cb49-965b-48ee-bf8f-c1847c903d0a,단과일,과일,다같이 울산송정 골목형상점가,골목형상점가,울산광역시,,,
7015f78151e298647efb,full_annotation_v1,A,q_과일_07,과일 사는 데,식료품 중 '과일'을 판매·제공하는 매장,val,과일,T4 구어·문장,35883750-a8fa-4dc2-a2e9-90c571031879,지리산고지농원,"사과, 종자, 오미자",남원인월시장,전통시장,전북특별자치도,,,
8887dc07b614b57ef818,full_annotation_v1,A,q_과일_07,과일 사는 데,식료품 중 '과일'을 판매·제공하는 매장,val,과일,T4 구어·문장,bf9d3dcb-e5da-4ee8-b781-e4939b5f3abc,명성청과,과일,성서와룡시장,전통시장,대구광역시,,,
bdc07d6a909a4be7cb37,full_annotation_v1,A,q_과일_07,과일 사는 데,식료품 중 '과일'을 판매·제공하는 매장,val,과일,T4 구어·문장,26bec8be-7e70-41c6-b463-833aa0224e18,진이네 과일,과일,가좌동골목형상점가,골목형상점가,경기도,,,
5f82d3079f3226fe3982,full_annotation_v1,A,q_과일_07,과일 사는 데,식료품 중 '과일'을 판매·제공하는 매장,val,과일,T4 구어·문장,12def721-d9b2-4401-8120-605d3bae375f,수과일,과일,용호1동골목시장,전통시장,부산광역시,,,
e0f0499068e0823843de,full_annotation_v1,A,q_과일_07,과일 사는 데,식료품 중 '과일'을 판매·제공하는 매장,val,과일,T4 구어·문장,a794767b-9613-4dc6-a8f8-429ea10e8546,두리 과일,과일,익산장(구 북부장),전통시장,전북특별자치도,,,
ee0ed69c7c6530be2222,full_annotation_v1,A,q_과일_07,과일 사는 데,식료품 중 '과일'을 판매·제공하는 매장,val,과일,T4 구어·문장,bc8b2639-3ddc-4af2-a5c0-457ad0ca686b,남해과일,과일,함안 가야전통시장,전통시장,경상남도,,,
c840a7998ff8008c9f11,full_annotation_v1,A,q_과일_07,과일 사는 데,식료품 중 '과일'을 판매·제공하는 매장,val,과일,T4 구어·문장,0d2fadd8-3040-43de-8be3-73233faa59a6,행복한재래식손두부,식품,옥련시장,전통시장,인천광역시,,,
5a4f121a5f2819fff692,full_annotation_v1,A,q_과일_07,과일 사는 데,식료품 중 '과일'을 판매·제공하는 매장,val,과일,T4 구어·문장,14458c68-fe46-4008-9d81-154403fd4af8,도화,"화초 및 식물 소매업, 기술및직업훈련",전주남부시장,전통시장,전북특별자치도,,,
fe6ab2ab5e2799f1ddf5,full_annotation_v1,A,q_과일_07,과일 사는 데,식료품 중 '과일'을 판매·제공하는 매장,val,과일,T4 구어·문장,e56873ad-306b-4938-bac5-8dfae6a8e5b6,구로과일,과일,남구로시장,전통시장,서울특별시,,,
e7e0547581518a316590,full_annotation_v1,A,q_과일_07,과일 사는 데,식료품 중 '과일'을 판매·제공하는 매장,val,과일,T4 구어·문장,566e01b8-53f0-4c08-b88e-486fdfe2749e,과일나라,과일,구역전시장,전통시장,울산광역시,,,
e81b60a338742b470449,full_annotation_v1,A,q_과일_07,과일 사는 데,식료품 중 '과일'을 판매·제공하는 매장,val,과일,T4 구어·문장,d90ec355-3194-4734-965a-995e2aed7423,훈훈한 과일,농산물 과일,석바위시장,전통시장,인천광역시,,,
9fa59e14881a4097a570,full_annotation_v1,A,q_과일_07,과일 사는 데,식료품 중 '과일'을 판매·제공하는 매장,val,과일,T4 구어·문장,00e927c5-be32-44e1-b7fd-80e9cfc81773,진양상회,청과물,진주 청과시장,전통시장,경상남도,,,
588deaa045c4410929f9,full_annotation_v1,A,q_과일_07,과일 사는 데,식료품 중 '과일'을 판매·제공하는 매장,val,과일,T4 구어·문장,614d06b5-966b-4be0-9167-68ce2dc9bcda,장수과일,과일,김해 동상전통시장,전통시장,경상남도,,,
028956ecb62bc71046e7,full_annotation_v1,A,q_과일_07,과일 사는 데,식료품 중 '과일'을 판매·제공하는 매장,val,과일,T4 구어·문장,36fbb793-24e5-4f3f-948e-522b0f86b8b9,더 과일,과일,"지웰시티몰 1,2단지 골목형상점가",골목형상점가,충청남도,,,
31a7998396e8d7935be7,full_annotation_v1,A,q_과일_07,과일 사는 데,식료품 중 '과일'을 판매·제공하는 매장,val,과일,T4 구어·문장,8610a172-d4b3-4bf0-80a6-edc4d5baa104,과일나라,과일,목포동부시장,전통시장,전라남도,,,
60c20924637ba35f7887,full_annotation_v1,A,q_과일_07,과일 사는 데,식료품 중 '과일'을 판매·제공하는 매장,val,과일,T4 구어·문장,d10dba74-a1e7-4a6b-8160-4138ddb6e7da,달당,과일,복대가경시장,전통시장,충청북도,,,
00fa0a582efbcb35f2a4,full_annotation_v1,A,q_과일_07,과일 사는 데,식료품 중 '과일'을 판매·제공하는 매장,val,과일,T4 구어·문장,4f5bd719-ba90-4857-9b18-c91599767125,과일나라,과일,못골골목시장,전통시장,부산광역시,,,
0797dd48bf219bf00682,full_annotation_v1,A,q_과일_07,과일 사는 데,식료품 중 '과일'을 판매·제공하는 매장,val,과일,T4 구어·문장,5345aea7-9591-44d7-913c-2510a3a1c627,초지화과왕,중식,초지항아리 골목형상점가,골목형상점가,경기도,,,
5f4de5c2082572e81cb8,full_annotation_v1,A,q_과일_07,과일 사는 데,식료품 중 '과일'을 판매·제공하는 매장,val,과일,T4 구어·문장,5b20aaf0-37b4-4889-9660-c83968384f0b,"과일, 야채대장",과일 채소,좌동재래시장,전통시장,부산광역시,,,
076703d2f95cc69dad40,full_annotation_v1,A,q_과일_07,과일 사는 데,식료품 중 '과일'을 판매·제공하는 매장,val,과일,T4 구어·문장,1102444e-cdcf-4822-afd6-cb712f6677d5,중앙청과,과일,경안전통시장,전통시장,경기도,,,
a840f022c930823238db,full_annotation_v1,A,q_과일_07,과일 사는 데,식료품 중 '과일'을 판매·제공하는 매장,val,과일,T4 구어·문장,00d3ef33-13db-4750-93a0-4b31010fcb70,온유베이크,카페,스타타워1 골목형상점가,골목형상점가,인천광역시,,,
976583ae50c4cb887db7,full_annotation_v1,A,q_과일_07,과일 사는 데,식료품 중 '과일'을 판매·제공하는 매장,val,과일,T4 구어·문장,9066a406-0030-4259-94ad-e96c0715fe88,과일 창고,과일,정림동 골목형상점가,골목형상점가,대전광역시,,,
b4583e918460c130d571,full_annotation_v1,A,q_과일_07,과일 사는 데,식료품 중 '과일'을 판매·제공하는 매장,val,과일,T4 구어·문장,1b2f8dfa-76a8-44ec-ae91-0edfb77f7aaa,과일나라,과일,학운 골목형상점가,골목형상점가,광주광역시,,,
58333d8983bafc0bea49,full_annotation_v1,A,q_과일_07,과일 사는 데,식료품 중 '과일'을 판매·제공하는 매장,val,과일,T4 구어·문장,23f5706a-cdfe-4775-bf2b-cb06398e1394,과일나라,과일,안녕마을골목형상점가,골목형상점가,대전광역시,,,
e0c0f6d314ca0c8f65a0,full_annotation_v1,A,q_과일_07,과일 사는 데,식료품 중 '과일'을 판매·제공하는 매장,val,과일,T4 구어·문장,3c49cc60-6135-4713-bf97-a40661ba8e07,뉴팜,사과 샤인머스켓,금오시장,전통시장,경상북도,,,
c78c214a579b84111cdf,full_annotation_v1,A,q_과일_07,과일 사는 데,식료품 중 '과일'을 판매·제공하는 매장,val,과일,T4 구어·문장,0a616092-c136-486a-be27-0dc7a2116f6f,소문난 과일,과일,중곡제일골목시장(중곡제일전통시장),전통시장,서울특별시,,,
da15e0d08fe9d2bc0e01,full_annotation_v1,A,q_과일_07,과일 사는 데,식료품 중 '과일'을 판매·제공하는 매장,val,과일,T4 구어·문장,116be126-838b-4b7c-a7b9-75848bc88ffb,올리버아동복,의류,신포지하상가,일반지하상점가,인천광역시,,,
d27db884ed337f020957,full_annotation_v1,A,q_과일_07,과일 사는 데,식료품 중 '과일'을 판매·제공하는 매장,val,과일,T4 구어·문장,de1dc1a1-abbd-42c1-9293-6af8c390a9ce,청춘과일,과일,첨단하나로,골목형상점가,광주광역시,,,
38d5cfe86492c00b5359,full_annotation_v1,A,q_과일_07,과일 사는 데,식료품 중 '과일'을 판매·제공하는 매장,val,과일,T4 구어·문장,64cd017c-a1e3-4d1d-9d73-2e825b50e430,다원미용실,두발미용,동구청앞 골목형상점가,골목형상점가,광주광역시,,,
ac001d7abe273f951db6,full_annotation_v1,A,q_과일_07,과일 사는 데,식료품 중 '과일'을 판매·제공하는 매장,val,과일,T4 구어·문장,aba76fc2-984e-4030-ba01-e2e7d78264c7,데 아로즈 대전둔산본점,,갈리단길 골목형상점가,골목형상점가,대전광역시,,,
9e13daa3d8b62bc762b1,full_annotation_v1,A,q_과일_07,과일 사는 데,식료품 중 '과일'을 판매·제공하는 매장,val,과일,T4 구어·문장,00c6ce65-3761-4ba1-a849-bcedeaa97463,평화상회,청과,경산공설시장,전통시장,경상북도,,,
55544bce4f1e20a20033,full_annotation_v1,A,q_과일_07,과일 사는 데,식료품 중 '과일'을 판매·제공하는 매장,val,과일,T4 구어·문장,00468e6b-39c6-4ce1-a534-a6b1eecac01d,태양농산물,과일,정릉서경대길골목형상점가(정릉골),골목형상점가,서울특별시,,,
3f714c2bd0cfe3a83fb7,full_annotation_v1,A,q_과일_07,과일 사는 데,식료품 중 '과일'을 판매·제공하는 매장,val,과일,T4 구어·문장,5a60cb65-67b3-4ce4-b2b8-eb14a4dd4ae4,어바니썸중앙점,의류,원주중앙로문화의거리,자율상권구역,강원특별자치도,,,
3592c70e82b4f3736bcd,full_annotation_v1,A,q_과일_07,과일 사는 데,식료품 중 '과일'을 판매·제공하는 매장,val,과일,T4 구어·문장,69073e4f-39a1-4bb2-9d42-ca57b18cb03a,은서과일,과일,달서시장,전통시장,대구광역시,,,
9bda26c2a3578219afe5,full_annotation_v1,A,q_과일_07,과일 사는 데,식료품 중 '과일'을 판매·제공하는 매장,val,과일,T4 구어·문장,e50663cb-2e0e-4fb8-b139-7bd05c5cfe02,과일(강씨과일),과일,팔달신시장,전통시장,대구광역시,,,
d502d9015e8fba8b042b,full_annotation_v1,A,q_과일_07,과일 사는 데,식료품 중 '과일'을 판매·제공하는 매장,val,과일,T4 구어·문장,00da8084-69b5-4bcc-b2ca-3eaf11175611,밀키샵 별내점,디저트,별내로데오상점가,골목형상점가,경기도,,,
99216bfa926b512595cf,full_annotation_v1,A,q_과일_07,과일 사는 데,식료품 중 '과일'을 판매·제공하는 매장,val,과일,T4 구어·문장,c1e8546e-1a81-4dab-8006-5445de5aaaa8,과일나라,과일,장량성도시장,전통시장,경상북도,,,
0574a8e8ba176a0d911b,full_annotation_v1,A,q_과일_07,과일 사는 데,식료품 중 '과일'을 판매·제공하는 매장,val,과일,T4 구어·문장,ab7abf3b-c86c-46b7-a254-9e9124bd1cda,고향과일,과일,월배신시장,전통시장,대구광역시,,,
dfcce7816b6118f0890c,full_annotation_v1,A,q_과일_07,과일 사는 데,식료품 중 '과일'을 판매·제공하는 매장,val,과일,T4 구어·문장,9df767ae-c4bc-4d14-9a5a-376c40fef3c5,무지개,통신장비,용문 골목형상점가,골목형상점가,제주특별자치도,,,
e926a97dbf71e9eb3629,full_annotation_v1,A,q_과일_07,과일 사는 데,식료품 중 '과일'을 판매·제공하는 매장,val,과일,T4 구어·문장,22d89c98-8869-4e78-922d-3dd3e7e4cd9f,우리청과,과일,김해 삼방전통시장,전통시장,경상남도,,,
4f303b6f705d48c75cc8,full_annotation_v1,A,q_과일_07,과일 사는 데,식료품 중 '과일'을 판매·제공하는 매장,val,과일,T4 구어·문장,00045dfc-0681-4fb3-8265-33b3df14c289,한라농산,과일,황지시장상점가,자율상권구역,강원특별자치도,,,
44b0d6f7d7823aeb0e74,full_annotation_v1,A,q_과일_07,과일 사는 데,식료품 중 '과일'을 판매·제공하는 매장,val,과일,T4 구어·문장,f035c120-fe9f-4743-b01b-47594a90d9d1,신나라,소매업(신발),일죽시장,전통시장,경기도,,,
1129bb65ce6935ac5c9a,full_annotation_v1,A,q_과일_07,과일 사는 데,식료품 중 '과일'을 판매·제공하는 매장,val,과일,T4 구어·문장,ccfff857-f617-48ed-b6a5-c33281c34fa6,으뜸과일,과일,서서울골목형상점가,골목형상점가,서울특별시,,,
03c803cfd25bb78684f3,full_annotation_v1,A,q_과일_07,과일 사는 데,식료품 중 '과일'을 판매·제공하는 매장,val,과일,T4 구어·문장,30aab4f1-0a08-40f8-8ec9-7fb904873471,봉좌산농원,농산물(사과),안강공설시장,전통시장,경상북도,,,
77c11db76115c7d1c39e,full_annotation_v1,A,q_과일_07,과일 사는 데,식료품 중 '과일'을 판매·제공하는 매장,val,과일,T4 구어·문장,1e71f102-32ef-47fc-aa65-ebc57fe8b218,그린아동발달센터,장애아동상담,산본로데오거리(구 산본중심상가),자율상권구역,경기도,,,
e6ef356abc1ac6ca0675,full_annotation_v1,A,q_과일_07,과일 사는 데,식료품 중 '과일'을 판매·제공하는 매장,val,과일,T4 구어·문장,cae8849b-5676-4b4a-973f-ba74b776d48e,고흥과일,과일,목포동부시장,전통시장,전라남도,,,
16c6254b3115d5267c58,full_annotation_v1,A,q_과일_07,과일 사는 데,식료품 중 '과일'을 판매·제공하는 매장,val,과일,T4 구어·문장,009efeba-a92a-4bf2-867f-f40d57386d40,(유)진경농산,청과,가락몰골목형상점가,골목형상점가,서울특별시,,,
252294e5d3e9042efbeb,full_annotation_v1,A,q_과일_07,과일 사는 데,식료품 중 '과일'을 판매·제공하는 매장,val,과일,T4 구어·문장,90837a7f-5899-4589-905d-b1f91f48d97b,과일실록,과일,상계중앙시장,전통시장,서울특별시,,,
c737f51a5fe41ae0a397,full_annotation_v1,A,q_과일_07,과일 사는 데,식료품 중 '과일'을 판매·제공하는 매장,val,과일,T4 구어·문장,07f5dcc1-080d-4db8-807f-7c2904ee20b2,개똥이네 과일,과일,당감골목시장,전통시장,부산광역시,,,
5958e7bea4056a596276,full_annotation_v1,A,q_과일_07,과일 사는 데,식료품 중 '과일'을 판매·제공하는 매장,val,과일,T4 구어·문장,41271a18-a3ae-445b-86bd-f7a2651faabe,동현상회,사과청과,대구능금시장,전통시장,대구광역시,,,
f4c6bb1c2715da80cf9c,full_annotation_v1,A,q_과일_07,과일 사는 데,식료품 중 '과일'을 판매·제공하는 매장,val,과일,T4 구어·문장,247ddfde-cc23-4451-a254-bc0ee1931a6d,과일나라,과일,북수원시장( 구 파장시장),전통시장,경기도,,,
d57d45f1a47c4a061f2d,full_annotation_v1,A,q_과일_07,과일 사는 데,식료품 중 '과일'을 판매·제공하는 매장,val,과일,T4 구어·문장,e59beb2f-b57b-492e-a2c5-00d05b73edf7,군북과일,과일,성북시장,전통시장,부산광역시,,,
a9ec39a9168961b3f187,full_annotation_v1,A,q_과일_07,과일 사는 데,식료품 중 '과일'을 판매·제공하는 매장,val,과일,T4 구어·문장,7f1675e9-61ec-4409-88b5-3e50224585ae,다인수산,수산물,목포동부시장,전통시장,전라남도,,,
3a595cf5a09d9014707e,full_annotation_v1,A,q_과일_07,과일 사는 데,식료품 중 '과일'을 판매·제공하는 매장,val,과일,T4 구어·문장,8cb0ac69-b475-4e66-82de-bad09ec0d896,김포닭집,정육,원종고강제일시장(부천제일시장),전통시장,경기도,,,
0d38fab54a8ade7be53b,full_annotation_v1,A,q_과일_07,과일 사는 데,식료품 중 '과일'을 판매·제공하는 매장,val,과일,T4 구어·문장,d250e4cb-997d-44f8-8d99-5d9505ec8cb4,과일,과일,능동로골목시장(자양한강전통시장),전통시장,서울특별시,,,
aafe657f2c499482a3d3,full_annotation_v1,A,q_과일_07,과일 사는 데,식료품 중 '과일'을 판매·제공하는 매장,val,과일,T4 구어·문장,33718306-2235-4dc8-980f-6194b2d058b8,달보드레 과일,과일,보정중심 골목형상점가,골목형상점가,경기도,,,
22e54e135cf74fee4964,full_annotation_v1,A,q_과일_07,과일 사는 데,식료품 중 '과일'을 판매·제공하는 매장,val,과일,T4 구어·문장,b17526ac-af8d-4e0e-97b4-3cbf29acda2a,욱수과일,과일,신매시장,전통시장,대구광역시,,,
81903d6ef82c894e2ff2,full_annotation_v1,A,q_과일_07,과일 사는 데,식료품 중 '과일'을 판매·제공하는 매장,val,과일,T4 구어·문장,282b0e8b-051c-49f9-a707-b982df803589,까라벨라 데 오르,스파게티,동명동 카페거리 골목형상점가,골목형상점가,광주광역시,,,
82568c247070fb411498,full_annotation_v1,A,q_과일_07,과일 사는 데,식료품 중 '과일'을 판매·제공하는 매장,val,과일,T4 구어·문장,be3c13d0-5946-4b75-a158-c67fbb8308c6,경희과일,과일,반구시장,전통시장,울산광역시,,,
be96da980d6cba33f54a,full_annotation_v1,A,q_과일_07,과일 사는 데,식료품 중 '과일'을 판매·제공하는 매장,val,과일,T4 구어·문장,bb18c45d-9514-47c4-9b16-0ba51cbff6a7,건후네 과일,과일,용문천년시장,전통시장,경기도,,,
bcda395fb240e1afa3b8,full_annotation_v1,A,q_과일_07,과일 사는 데,식료품 중 '과일'을 판매·제공하는 매장,val,과일,T4 구어·문장,0889ecee-f388-40dd-a7dc-1b2b0167c5cf,삼촌네과일,과일,방이시장,전통시장,서울특별시,,,
6eb8d97e9c1c79c2e57a,full_annotation_v1,A,q_과일_07,과일 사는 데,식료품 중 '과일'을 판매·제공하는 매장,val,과일,T4 구어·문장,c23974d2-5400-4944-baf1-b4541e755a6a,교학사,서적,안동시 대안로 골목형상점가,골목형상점가,경상북도,,,
238fb124616a588d3d62,full_annotation_v1,A,q_과일_07,과일 사는 데,식료품 중 '과일'을 판매·제공하는 매장,val,과일,T4 구어·문장,003d7e3f-6459-4018-ac58-7184cd2457d5,눈치 금호점,카페,금호1동상가번영회 골목형상점가,골목형상점가,광주광역시,,,
6243b69e556df6caf19a,full_annotation_v1,A,q_과일_07,과일 사는 데,식료품 중 '과일'을 판매·제공하는 매장,val,과일,T4 구어·문장,83642241-2532-497b-8842-d9d85eced4ec,과일나라,과일,태화시장,전통시장,울산광역시,,,
2d127657480d11dc8f91,full_annotation_v1,A,q_과일_07,과일 사는 데,식료품 중 '과일'을 판매·제공하는 매장,val,과일,T4 구어·문장,27f5a532-9fa9-40c7-9b49-465f6aa830c2,영뷰티,피부미용,각화주공사거리 골목형상점가,골목형상점가,광주광역시,,,
a5a4c00cd495b46cdfad,full_annotation_v1,A,q_과일_07,과일 사는 데,식료품 중 '과일'을 판매·제공하는 매장,val,과일,T4 구어·문장,103c83f7-8510-4eb0-b9b0-e85633c1a7a1,경희과일,과일,범천중앙시장,전통시장,부산광역시,,,
4f37d64ceb61813bac97,full_annotation_v1,A,q_과일_07,과일 사는 데,식료품 중 '과일'을 판매·제공하는 매장,val,과일,T4 구어·문장,f14df4d3-9858-4a8b-8597-20fd477d8e32,갤러리 데 루치아,가구,용인어정가구단지상점가,자율상권구역,경기도,,,
594c97eb1aa88e3fe99d,full_annotation_v1,A,q_과일_07,과일 사는 데,식료품 중 '과일'을 판매·제공하는 매장,val,과일,T4 구어·문장,4ccfa149-b4f6-4212-9bb7-414643477abe,대광과일,과일,덕풍전통시장,전통시장,경기도,,,
515c7d1e66f9977afea7,full_annotation_v1,A,q_과일_07,과일 사는 데,식료품 중 '과일'을 판매·제공하는 매장,val,과일,T4 구어·문장,00ebc127-05c7-4f5b-8926-20ba39cc1cda,대전따봉,"소매(청과,생선)",권선종합시장,전통시장,경기도,,,
d531c3330e40c2d5ffd4,full_annotation_v1,A,q_과일_07,과일 사는 데,식료품 중 '과일'을 판매·제공하는 매장,val,과일,T4 구어·문장,3781b795-dc3a-4e0a-9aeb-a896efaa51a1,신한청과물,과일,부산새벽시장,전통시장,부산광역시,,,
d8da00f5e98149b40d4a,full_annotation_v1,A,q_과일_07,과일 사는 데,식료품 중 '과일'을 판매·제공하는 매장,val,과일,T4 구어·문장,0ebab450-c982-4695-9b6e-a7eff5d8d0c5,정이네 과일,과일,가좌시장,전통시장,인천광역시,,,
8f3b55e78790c82a1e44,full_annotation_v1,A,q_과일_07,과일 사는 데,식료품 중 '과일'을 판매·제공하는 매장,val,과일,T4 구어·문장,84de0b35-60d6-46d3-b0aa-79e52ffe213f,재필이네 과일,과일,둔포전통시장,전통시장,충청남도,,,
5bec735c6cf74dc4718c,full_annotation_v1,A,q_과일_07,과일 사는 데,식료품 중 '과일'을 판매·제공하는 매장,val,과일,T4 구어·문장,b6843f2b-0cdc-4ea9-8219-8af49e11779d,행복한 과일,과일,목포동부시장,전통시장,전라남도,,,
c549b0502264795ca598,full_annotation_v1,A,q_과일_07,과일 사는 데,식료품 중 '과일'을 판매·제공하는 매장,val,과일,T4 구어·문장,31fcc0ce-54c8-480a-a4b7-607597718a2d,농산물,과일,삼천동제일 골목형상점가,골목형상점가,전북특별자치도,,,
8186af7078df40cfafb5,full_annotation_v1,A,q_과일_07,과일 사는 데,식료품 중 '과일'을 판매·제공하는 매장,val,과일,T4 구어·문장,311223df-a155-4404-be02-e20c70b77133,초요일,소품,용문 골목형상점가,골목형상점가,제주특별자치도,,,
c120b2c27f017d81ae9d,full_annotation_v1,A,q_과일_07,과일 사는 데,식료품 중 '과일'을 판매·제공하는 매장,val,과일,T4 구어·문장,b4ed9da3-96a4-4270-98f2-2d299fbcc883,과일나라,과일,동원전통종합시장,전통시장,서울특별시,,,
f12b058c2f20c4962636,full_annotation_v1,A,q_과일_07,과일 사는 데,식료품 중 '과일'을 판매·제공하는 매장,val,과일,T4 구어·문장,003e7ebf-1112-4ab4-a484-67716e4b2a85,이든,카페,원주중앙시장활성화구역,상권활성화구역,강원특별자치도,,,
46f059f8524482a3b615,full_annotation_v1,A,q_과일_07,과일 사는 데,식료품 중 '과일'을 판매·제공하는 매장,val,과일,T4 구어·문장,1732b474-5fd1-4efa-b932-ca82015e604d,제주애() 과일,과일,제주시민속오일시장,전통시장,제주특별자치도,,,
c9a798e999a5774ddd32,full_annotation_v1,A,q_과일_07,과일 사는 데,식료품 중 '과일'을 판매·제공하는 매장,val,과일,T4 구어·문장,0af5f838-4190-4a50-8032-c9982143d578,청해과일,과일,구역전전통시장,전통시장,울산광역시,,,
5511a5cbe1c85a9b0f70,full_annotation_v1,A,q_과일_07,과일 사는 데,식료품 중 '과일'을 판매·제공하는 매장,val,과일,T4 구어·문장,656f192f-72d8-4531-aec0-18bd03d05bc6,명과일,과일,장위전통시장,전통시장,서울특별시,,,
c999b071d8e1ace0da0f,full_annotation_v1,A,q_과일_07,과일 사는 데,식료품 중 '과일'을 판매·제공하는 매장,val,과일,T4 구어·문장,8019268d-e8c3-49c6-b65d-eb3fb8e3a55f,짱과일,과일,꽃밭정이 골목형상점가,골목형상점가,전북특별자치도,,,
a7047f777f7fa09b5632,full_annotation_v1,A,q_과일_07,과일 사는 데,식료품 중 '과일'을 판매·제공하는 매장,val,과일,T4 구어·문장,d5e7658d-de05-4ed1-ae04-73b13b79ddfd,"재주, 과일",과일,세류2동 골목형상점가,골목형상점가,경기도,,,
a65b098f053e87cab45b,full_annotation_v1,A,q_과일_07,과일 사는 데,식료품 중 '과일'을 판매·제공하는 매장,val,과일,T4 구어·문장,3847397b-c8df-4285-91bd-f01548bf6a31,백해수 과일,과일,봉덕신시장,전통시장,대구광역시,,,
64e5948f8ac71de1809b,full_annotation_v1,A,q_과일_07,과일 사는 데,식료품 중 '과일'을 판매·제공하는 매장,val,과일,T4 구어·문장,03bdb89c-b551-49dc-a73f-54cf757bd138,삼익과일,과일,송하동 골목형상점가,골목형상점가,광주광역시,,,
4d311c80dc614da5d545,full_annotation_v1,A,q_과일_07,과일 사는 데,식료품 중 '과일'을 판매·제공하는 매장,val,과일,T4 구어·문장,ccc63c2c-1b36-40f1-8e62-09fbe3c7217e,훈훈한 과일,과일,정서진중앙시장(구 서구중앙시장),전통시장,인천광역시,,,
46c0585d47c38bcbd435,full_annotation_v1,A,q_과일_07,과일 사는 데,식료품 중 '과일'을 판매·제공하는 매장,val,과일,T4 구어·문장,e2928b97-168c-4bcd-925c-deeb35510489,사랑:담,과일,지족북로 골목형상점가,골목형상점가,대전광역시,,,
32186db21f982f4c8d86,full_annotation_v1,A,q_과일_07,과일 사는 데,식료품 중 '과일'을 판매·제공하는 매장,val,과일,T4 구어·문장,a846d2f2-7cfa-494f-8d7a-56c61bf00d2d,유진이네 과일,과일,남항시장,전통시장,부산광역시,,,
9487f04de32b70e15616,full_annotation_v1,A,q_과일_07,과일 사는 데,식료품 중 '과일'을 판매·제공하는 매장,val,과일,T4 구어·문장,fece4c59-3bea-4bda-8a9d-16d4ee800626,경북과일,과일,포항죽도농산물시장,전통시장,경상북도,,,
582afcd46d5f3fe7bd6b,full_annotation_v1,A,q_과일_07,과일 사는 데,식료품 중 '과일'을 판매·제공하는 매장,val,과일,T4 구어·문장,087412ce-b00a-4ba5-a027-05c22ba6ba0d,과일나라,과일,태평상가,골목형상점가,경기도,,,
81c97098d18449ea7d5d,full_annotation_v1,A,q_과일_07,과일 사는 데,식료품 중 '과일'을 판매·제공하는 매장,val,과일,T4 구어·문장,d5d5ed39-23d8-43d9-9798-1cae81971165,정우 과일 상회,과일,해남매일시장,전통시장,전라남도,,,
6d526026f36463ed995d,full_annotation_v1,A,q_과일_07,과일 사는 데,식료품 중 '과일'을 판매·제공하는 매장,val,과일,T4 구어·문장,451f66e8-a8aa-442e-8899-8a22fe952437,예쁜과일,과일,개금골목시장,전통시장,부산광역시,,,
ceaee724c360be97ab2f,full_annotation_v1,A,q_과일_07,과일 사는 데,식료품 중 '과일'을 판매·제공하는 매장,val,과일,T4 구어·문장,234ee312-05ba-4183-af7a-8a8ac8f25047,과일#,과일,서부시장상점가(서부시장 통합),전통시장,전북특별자치도,,,
475e74770e139fcdb161,full_annotation_v1,A,q_과일_07,과일 사는 데,식료품 중 '과일'을 판매·제공하는 매장,val,과일,T4 구어·문장,5a95856d-dbfb-40dc-aafd-0042757aa0d9,뷰티에비뉴(대림점),화장품,대림중앙시장,전통시장,서울특별시,,,
68a18127ae73c17909f1,full_annotation_v1,A,q_과일_07,과일 사는 데,식료품 중 '과일'을 판매·제공하는 매장,val,과일,T4 구어·문장,0045f871-6f40-4361-bcdd-2b94bf597287,무파장터,야채 청과물,신금정시장 골목형 상점가,골목형상점가,부산광역시,,,
68a47b26f89f7a14a14e,full_annotation_v1,A,q_과일_07,과일 사는 데,식료품 중 '과일'을 판매·제공하는 매장,val,과일,T4 구어·문장,c8fcb2ea-8750-48e0-823a-5c40f8f0eb05,과일나라,과일,"온양온천시장(온양재래시장, 전통시장)",전통시장,충청남도,,,
8358385e2b1a2492445a,full_annotation_v1,A,q_과일_07,과일 사는 데,식료품 중 '과일'을 판매·제공하는 매장,val,과일,T4 구어·문장,b8f0e68e-bb3f-4993-bf4c-530ed5fa0cc9,풍성한과일,과일,포항죽도농산물시장,전통시장,경상북도,,,
09f416df515427709596,full_annotation_v1,A,q_과일_07,과일 사는 데,식료품 중 '과일'을 판매·제공하는 매장,val,과일,T4 구어·문장,ac830611-6a55-4e52-85e6-49726339153a,태양농산,과일,부천상동시장,전통시장,경기도,,,
aa0cd570e9f6d4ac1eaf,full_annotation_v1,A,q_과일_07,과일 사는 데,식료품 중 '과일'을 판매·제공하는 매장,val,과일,T4 구어·문장,006204f3-b214-4611-a434-f896bf75e919,장터사랑,과일,농성세대공감상인회 골목형상점가,골목형상점가,광주광역시,,,
8bbfbf0addb401feb9bc,full_annotation_v1,A,q_과일_07,과일 사는 데,식료품 중 '과일'을 판매·제공하는 매장,val,과일,T4 구어·문장,cffa1555-3472-4bf6-8773-86d5f1f5444f,과일나라,과일,연동골목시장,자율상권구역,부산광역시,,,
aa299335c40ceb70885b,full_annotation_v1,A,q_과일_07,과일 사는 데,식료품 중 '과일'을 판매·제공하는 매장,val,과일,T4 구어·문장,06a818b2-847f-414f-89e8-b103f4ae145e,시계탑과일,과일,원주미로예술중앙시장(원주중앙시장),전통시장,강원특별자치도,,,
135144e882ec2420de95,full_annotation_v1,A,q_과일_07,과일 사는 데,식료품 중 '과일'을 판매·제공하는 매장,val,과일,T4 구어·문장,07d974e4-4e7d-41fe-8b1f-a7a96756dc79,백산청과,사과,충주농산물종합시장(구 중앙청과시장),전통시장,충청북도,,,
7afc8c70ca214c3296bf,full_annotation_v1,A,q_과일_07,과일 사는 데,식료품 중 '과일'을 판매·제공하는 매장,val,과일,T4 구어·문장,e9c484e6-7c6f-447b-ba33-7c6069442634,과일나라,과일,구역전시장,전통시장,울산광역시,,,
84055f3e33f291bf4225,full_annotation_v1,A,q_과일_07,과일 사는 데,식료품 중 '과일'을 판매·제공하는 매장,val,과일,T4 구어·문장,c5b3f2cd-a8b7-477a-8384-7be635074766,경주중앙농산물도매시장88번,과일,경주중심상가,전통시장,경상북도,,,
02145a888bdbb64b0456,full_annotation_v1,A,q_과일_07,과일 사는 데,식료품 중 '과일'을 판매·제공하는 매장,val,과일,T4 구어·문장,6ff4937b-ccca-4a5d-8e35-f886f595a6ab,모닝과일,과일,수유전통시장(구 수유골목시장),전통시장,서울특별시,,,
9728d852c19f954b7eca,full_annotation_v1,A,q_과일_07,과일 사는 데,식료품 중 '과일'을 판매·제공하는 매장,val,과일,T4 구어·문장,317a8790-673c-439e-a6a8-6f3510fa43b4,오빠노래연습장,노래연습장,운남동우체국 골목형상점가,골목형상점가,광주광역시,,,
4ba6a1334e19388c792d,full_annotation_v1,A,q_과일_07,과일 사는 데,식료품 중 '과일'을 판매·제공하는 매장,val,과일,T4 구어·문장,3e6e7885-b089-490d-9743-1d67ef9371cc,과일톡,과일,의정부시 구도심 상권활성화구역,상권활성화구역,경기도,,,
3a366a62e95bcaa35594,full_annotation_v1,A,q_과일_07,과일 사는 데,식료품 중 '과일'을 판매·제공하는 매장,val,과일,T4 구어·문장,6bc9b36a-31f2-49da-8924-672493958b94,과일 정원,과일,오송역파라곤센트럴시티2차골목형상점가,골목형상점가,충청북도,,,
ab484aae2e215a45edcc,full_annotation_v1,A,q_과일_07,과일 사는 데,식료품 중 '과일'을 판매·제공하는 매장,val,과일,T4 구어·문장,a8b8c85d-0a12-4ffb-90a2-ad2416b37d4f,열매상점,과일,후평일단지시장,전통시장,강원특별자치도,,,
942f31076debda007d42,full_annotation_v1,A,q_과일_07,과일 사는 데,식료품 중 '과일'을 판매·제공하는 매장,val,과일,T4 구어·문장,94ddbe5e-a54c-4c41-ad33-106a9391131f,과일나라,과일,공주산성시장,전통시장,충청남도,,,
d0f61f81f32c4dbb6223,full_annotation_v1,A,q_과일_07,과일 사는 데,식료품 중 '과일'을 판매·제공하는 매장,val,과일,T4 구어·문장,0042e83d-930b-4d1d-a96f-f1a2691256cd,성화상회,과일,대구능금시장,전통시장,대구광역시,,,
d28cebf5181b3b9eabf0,full_annotation_v1,A,q_과일_07,과일 사는 데,식료품 중 '과일'을 판매·제공하는 매장,val,과일,T4 구어·문장,31b0bfe3-cac5-47f0-867d-5552d8f0972a,과일 픽,과일,두정로 두정상가길 골목형상점가,골목형상점가,충청남도,,,
dbd5c1701ff6a9f5dcfe,full_annotation_v1,A,q_과일_07,과일 사는 데,식료품 중 '과일'을 판매·제공하는 매장,val,과일,T4 구어·문장,a62b5bea-dba1-4b87-bba8-b5b8ce17a9a7,과일나라,과일,양산 남부시장상가,전통시장,경상남도,,,
22d3fc2dcad8bcae0c9b,full_annotation_v1,A,q_과일_07,과일 사는 데,식료품 중 '과일'을 판매·제공하는 매장,val,과일,T4 구어·문장,e21222b7-9d80-444d-8522-dee3f1f2046b,미래과일,과일,김해 외동전통시장,전통시장,경상남도,,,
f33966d9e669af010412,full_annotation_v1,A,q_과일_07,과일 사는 데,식료품 중 '과일'을 판매·제공하는 매장,val,과일,T4 구어·문장,edceee03-fbb0-4c43-86af-b46c94360a83,이근철청과,과일,남부시장,전통시장,경상북도,,,
085681f260cfad9e9896,full_annotation_v1,A,q_과일_07,과일 사는 데,식료품 중 '과일'을 판매·제공하는 매장,val,과일,T4 구어·문장,fc9c60d0-c242-4b7f-9b09-60db435a59e0,과일밭,과일,남목전통시장,전통시장,울산광역시,,,
99297f3ab0dd83359b22,full_annotation_v1,A,q_과일_07,과일 사는 데,식료품 중 '과일'을 판매·제공하는 매장,val,과일,T4 구어·문장,fff524d9-2b80-4495-8a50-3e99039afa1a,약국옆과일,과일,신 강남시장,전통시장,인천광역시,,,
831f24f6659a96dae17c,full_annotation_v1,A,q_과일_07,과일 사는 데,식료품 중 '과일'을 판매·제공하는 매장,val,과일,T4 구어·문장,8898592e-9850-4e53-97c8-a0ff37691b52,참과일,과일,연일전통시장,전통시장,경상북도,,,
bb5fe09dfbe3e38c5301,full_annotation_v1,A,q_과일_07,과일 사는 데,식료품 중 '과일'을 판매·제공하는 매장,val,과일,T4 구어·문장,18603839-70c1-4941-8f60-f20154907e00,황소건어물 과일,건어물 과일,푸른마을공동체센터 골목형상점가,골목형상점가,광주광역시,,,
5911fe30787bb4c9fa2d,full_annotation_v1,A,q_과일_07,과일 사는 데,식료품 중 '과일'을 판매·제공하는 매장,val,과일,T4 구어·문장,3f3531a1-d993-45ae-b188-2104998253c6,욍과일,과일,은행나무시장(구시흥중앙시장),전통시장,서울특별시,,,
fab6652fd17cdaf17e7d,full_annotation_v1,A,q_과일_07,과일 사는 데,식료품 중 '과일'을 판매·제공하는 매장,val,과일,T4 구어·문장,0063671e-77f7-466c-bbc2-223497c0dae4,무가당,카페,세병호 골목형상점가,골목형상점가,전북특별자치도,,,
ca62f50e0d57b13b1b8a,full_annotation_v1,A,q_과일_08,과일 선물할 거,식료품 중 '과일'을 판매·제공하는 매장,val,과일,T4 구어·문장,12def721-d9b2-4401-8120-605d3bae375f,수과일,과일,용호1동골목시장,전통시장,부산광역시,,,
f35be506ce80b36b977f,full_annotation_v1,A,q_과일_08,과일 선물할 거,식료품 중 '과일'을 판매·제공하는 매장,val,과일,T4 구어·문장,0165a7f2-4303-433a-a548-17d89cb6fa0f,"꽃,과일","꽃, 과일",이동 골목형상점가,골목형상점가,경기도,,,
13e2c5a53308482dde32,full_annotation_v1,A,q_과일_08,과일 선물할 거,식료품 중 '과일'을 판매·제공하는 매장,val,과일,T4 구어·문장,03bdb89c-b551-49dc-a73f-54cf757bd138,삼익과일,과일,송하동 골목형상점가,골목형상점가,광주광역시,,,
f015fd3d5c2042cff83b,full_annotation_v1,A,q_과일_08,과일 선물할 거,식료품 중 '과일'을 판매·제공하는 매장,val,과일,T4 구어·문장,ccc63c2c-1b36-40f1-8e62-09fbe3c7217e,훈훈한 과일,과일,정서진중앙시장(구 서구중앙시장),전통시장,인천광역시,,,
863623b37693fa010aee,full_annotation_v1,A,q_과일_08,과일 선물할 거,식료품 중 '과일'을 판매·제공하는 매장,val,과일,T4 구어·문장,00c6ce65-3761-4ba1-a849-bcedeaa97463,평화상회,청과,경산공설시장,전통시장,경상북도,,,
d89be0f7b6a55d270486,full_annotation_v1,A,q_과일_08,과일 선물할 거,식료품 중 '과일'을 판매·제공하는 매장,val,과일,T4 구어·문장,286adca9-8d3f-437c-b5f0-2b621bdef13b,오송과일,과일,오송역파라곤센트럴시티2차골목형상점가,골목형상점가,충청북도,,,
b4a2f5bcd3b1204f561a,full_annotation_v1,A,q_과일_08,과일 선물할 거,식료품 중 '과일'을 판매·제공하는 매장,val,과일,T4 구어·문장,18603839-70c1-4941-8f60-f20154907e00,황소건어물 과일,건어물 과일,푸른마을공동체센터 골목형상점가,골목형상점가,광주광역시,,,
18e86bdde037cece0da4,full_annotation_v1,A,q_과일_08,과일 선물할 거,식료품 중 '과일'을 판매·제공하는 매장,val,과일,T4 구어·문장,b17526ac-af8d-4e0e-97b4-3cbf29acda2a,욱수과일,과일,신매시장,전통시장,대구광역시,,,
be5eb4616cccb3002dc7,full_annotation_v1,A,q_과일_08,과일 선물할 거,식료품 중 '과일'을 판매·제공하는 매장,val,과일,T4 구어·문장,31b0bfe3-cac5-47f0-867d-5552d8f0972a,과일 픽,과일,두정로 두정상가길 골목형상점가,골목형상점가,충청남도,,,
e9600787d0d54d548380,full_annotation_v1,A,q_과일_08,과일 선물할 거,식료품 중 '과일'을 판매·제공하는 매장,val,과일,T4 구어·문장,451f66e8-a8aa-442e-8899-8a22fe952437,예쁜과일,과일,개금골목시장,전통시장,부산광역시,,,
24715880add945cc86db,full_annotation_v1,A,q_과일_08,과일 선물할 거,식료품 중 '과일'을 판매·제공하는 매장,val,과일,T4 구어·문장,f8502365-03bf-47e4-ab47-4e9380544a13,인동국시,국수,인동시장,전통시장,대전광역시,,,
42100af5e22f8edf2324,full_annotation_v1,A,q_과일_08,과일 선물할 거,식료품 중 '과일'을 판매·제공하는 매장,val,과일,T4 구어·문장,83642241-2532-497b-8842-d9d85eced4ec,과일나라,과일,태화시장,전통시장,울산광역시,,,
6d004a7a1acbd06159a9,full_annotation_v1,A,q_과일_08,과일 선물할 거,식료품 중 '과일'을 판매·제공하는 매장,val,과일,T4 구어·문장,3f3531a1-d993-45ae-b188-2104998253c6,욍과일,과일,은행나무시장(구시흥중앙시장),전통시장,서울특별시,,,
0f0ed6f8e2a92395c3a9,full_annotation_v1,A,q_과일_08,과일 선물할 거,식료품 중 '과일'을 판매·제공하는 매장,val,과일,T4 구어·문장,6b6c4579-36af-4980-a456-543ca0aa158c,과일나라,과일,박달시장,전통시장,경기도,,,
d6ca9bc1f93dc3fef972,full_annotation_v1,A,q_과일_08,과일 선물할 거,식료품 중 '과일'을 판매·제공하는 매장,val,과일,T4 구어·문장,75419d29-9f63-4638-a28e-13d39f945165,아이요(EYE YO),안경,행복로골목형상점가,골목형상점가,경기도,,,
5d2bc627a7bcb0d51ab0,full_annotation_v1,A,q_과일_08,과일 선물할 거,식료품 중 '과일'을 판매·제공하는 매장,val,과일,T4 구어·문장,26bec8be-7e70-41c6-b463-833aa0224e18,진이네 과일,과일,가좌동골목형상점가,골목형상점가,경기도,,,
dcfe433759d2abf5decd,full_annotation_v1,A,q_과일_08,과일 선물할 거,식료품 중 '과일'을 판매·제공하는 매장,val,과일,T4 구어·문장,85a25e3b-d855-41e5-9389-8fc2da55980f,하늘 과일,,조양타워골목형상점가,골목형상점가,인천광역시,,,
0ec5de195d6b8350d688,full_annotation_v1,A,q_과일_08,과일 선물할 거,식료품 중 '과일'을 판매·제공하는 매장,val,과일,T4 구어·문장,30aab4f1-0a08-40f8-8ec9-7fb904873471,봉좌산농원,농산물(사과),안강공설시장,전통시장,경상북도,,,
793891c8489458afa7be,full_annotation_v1,A,q_과일_08,과일 선물할 거,식료품 중 '과일'을 판매·제공하는 매장,val,과일,T4 구어·문장,07f5dcc1-080d-4db8-807f-7c2904ee20b2,개똥이네 과일,과일,당감골목시장,전통시장,부산광역시,,,
15328656979a11275923,full_annotation_v1,A,q_과일_08,과일 선물할 거,식료품 중 '과일'을 판매·제공하는 매장,val,과일,T4 구어·문장,fece4c59-3bea-4bda-8a9d-16d4ee800626,경북과일,과일,포항죽도농산물시장,전통시장,경상북도,,,
f322eecfd604a69e1681,full_annotation_v1,A,q_과일_08,과일 선물할 거,식료품 중 '과일'을 판매·제공하는 매장,val,과일,T4 구어·문장,614d06b5-966b-4be0-9167-68ce2dc9bcda,장수과일,과일,김해 동상전통시장,전통시장,경상남도,,,
898125a59395716a22b9,full_annotation_v1,A,q_과일_08,과일 선물할 거,식료품 중 '과일'을 판매·제공하는 매장,val,과일,T4 구어·문장,1cc3727c-675f-479a-9ae4-ccf4acba7e2c,과일나라,과일,괴정골목시장,전통시장,부산광역시,,,
96946ca7eb89ef04df17,full_annotation_v1,A,q_과일_08,과일 선물할 거,식료품 중 '과일'을 판매·제공하는 매장,val,과일,T4 구어·문장,a846d2f2-7cfa-494f-8d7a-56c61bf00d2d,유진이네 과일,과일,남항시장,전통시장,부산광역시,,,
c6da4d929580854bfaf0,full_annotation_v1,A,q_과일_08,과일 선물할 거,식료품 중 '과일'을 판매·제공하는 매장,val,과일,T4 구어·문장,b4ed9da3-96a4-4270-98f2-2d299fbcc883,과일나라,과일,동원전통종합시장,전통시장,서울특별시,,,
3a948181ff77f4ce1dfc,full_annotation_v1,A,q_과일_08,과일 선물할 거,식료품 중 '과일'을 판매·제공하는 매장,val,과일,T4 구어·문장,e59beb2f-b57b-492e-a2c5-00d05b73edf7,군북과일,과일,성북시장,전통시장,부산광역시,,,
d99b5550fb1c044b28b6,full_annotation_v1,A,q_과일_08,과일 선물할 거,식료품 중 '과일'을 판매·제공하는 매장,val,과일,T4 구어·문장,1732b474-5fd1-4efa-b932-ca82015e604d,제주애() 과일,과일,제주시민속오일시장,전통시장,제주특별자치도,,,
065633a5b436d4896a23,full_annotation_v1,A,q_과일_08,과일 선물할 거,식료품 중 '과일'을 판매·제공하는 매장,val,과일,T4 구어·문장,0ebab450-c982-4695-9b6e-a7eff5d8d0c5,정이네 과일,과일,가좌시장,전통시장,인천광역시,,,
f612fd918fcc26c832e7,full_annotation_v1,A,q_과일_08,과일 선물할 거,식료품 중 '과일'을 판매·제공하는 매장,val,과일,T4 구어·문장,566e01b8-53f0-4c08-b88e-486fdfe2749e,과일나라,과일,구역전시장,전통시장,울산광역시,,,
6727c180ba86be5ca94e,full_annotation_v1,A,q_과일_08,과일 선물할 거,식료품 중 '과일'을 판매·제공하는 매장,val,과일,T4 구어·문장,d04e75cd-fe24-499f-89da-f5725484591e,천경상회,한복,부산국제시장,전통시장,부산광역시,,,
e02887d0590c63c466fc,full_annotation_v1,A,q_과일_08,과일 선물할 거,식료품 중 '과일'을 판매·제공하는 매장,val,과일,T4 구어·문장,07aa9211-faba-46ea-bda8-0efd60f4653c,과일짱,과일,광명새마을시장,전통시장,경기도,,,
edc29e846bf9e859f761,full_annotation_v1,A,q_과일_08,과일 선물할 거,식료품 중 '과일'을 판매·제공하는 매장,val,과일,T4 구어·문장,b2320054-86cb-47ac-a68f-7a5c9398c496,과일나라,과일,공릉동도깨비시장,전통시장,서울특별시,,,
17ae4cf766820952a5ee,full_annotation_v1,A,q_과일_08,과일 선물할 거,식료품 중 '과일'을 판매·제공하는 매장,val,과일,T4 구어·문장,d10dba74-a1e7-4a6b-8160-4138ddb6e7da,달당,과일,복대가경시장,전통시장,충청북도,,,
21c338ba1a3d83525927,full_annotation_v1,A,q_과일_08,과일 선물할 거,식료품 중 '과일'을 판매·제공하는 매장,val,과일,T4 구어·문장,d5e7658d-de05-4ed1-ae04-73b13b79ddfd,"재주, 과일",과일,세류2동 골목형상점가,골목형상점가,경기도,,,
8e261a2590d5183d282c,full_annotation_v1,A,q_과일_08,과일 선물할 거,식료품 중 '과일'을 판매·제공하는 매장,val,과일,T4 구어·문장,00e927c5-be32-44e1-b7fd-80e9cfc81773,진양상회,청과물,진주 청과시장,전통시장,경상남도,,,
d6fb66fb8b5218299a55,full_annotation_v1,A,q_과일_08,과일 선물할 거,식료품 중 '과일'을 판매·제공하는 매장,val,과일,T4 구어·문장,1b2f8dfa-76a8-44ec-ae91-0edfb77f7aaa,과일나라,과일,학운 골목형상점가,골목형상점가,광주광역시,,,
c2ac60907161a4d92023,full_annotation_v1,A,q_과일_08,과일 선물할 거,식료품 중 '과일'을 판매·제공하는 매장,val,과일,T4 구어·문장,d5d5ed39-23d8-43d9-9798-1cae81971165,정우 과일 상회,과일,해남매일시장,전통시장,전라남도,,,
b0cbca3fe1a9808f466a,full_annotation_v1,A,q_과일_08,과일 선물할 거,식료품 중 '과일'을 판매·제공하는 매장,val,과일,T4 구어·문장,7098e612-0cae-40fe-acd7-f2ba94eb23b7,과일나라,과일,창원 지귀시장,전통시장,경상남도,,,
1e1b7150a6b6d0af045c,full_annotation_v1,A,q_과일_08,과일 선물할 거,식료품 중 '과일'을 판매·제공하는 매장,val,과일,T4 구어·문장,00a0a978-afe3-4312-98e3-2305f4aecbff,전남상회,농약,양동산업용품시장,전통시장,광주광역시,,,
b5b8d703c0c22e4df215,full_annotation_v1,A,q_과일_08,과일 선물할 거,식료품 중 '과일'을 판매·제공하는 매장,val,과일,T4 구어·문장,fc9c60d0-c242-4b7f-9b09-60db435a59e0,과일밭,과일,남목전통시장,전통시장,울산광역시,,,
003a9ccb7ce2f24246b1,full_annotation_v1,A,q_과일_08,과일 선물할 거,식료품 중 '과일'을 판매·제공하는 매장,val,과일,T4 구어·문장,35883750-a8fa-4dc2-a2e9-90c571031879,지리산고지농원,"사과, 종자, 오미자",남원인월시장,전통시장,전북특별자치도,,,
5493e2e663ae64b0ed47,full_annotation_v1,A,q_과일_08,과일 선물할 거,식료품 중 '과일'을 판매·제공하는 매장,val,과일,T4 구어·문장,6ff4937b-ccca-4a5d-8e35-f886f595a6ab,모닝과일,과일,수유전통시장(구 수유골목시장),전통시장,서울특별시,,,
327d40d09c1db8ec8a15,full_annotation_v1,A,q_과일_08,과일 선물할 거,식료품 중 '과일'을 판매·제공하는 매장,val,과일,T4 구어·문장,a794767b-9613-4dc6-a8f8-429ea10e8546,두리 과일,과일,익산장(구 북부장),전통시장,전북특별자치도,,,
79b1449305796bda94a3,full_annotation_v1,A,q_과일_08,과일 선물할 거,식료품 중 '과일'을 판매·제공하는 매장,val,과일,T4 구어·문장,84de0b35-60d6-46d3-b0aa-79e52ffe213f,재필이네 과일,과일,둔포전통시장,전통시장,충청남도,,,
4cb44887d88c809bb6ba,full_annotation_v1,A,q_과일_08,과일 선물할 거,식료품 중 '과일'을 판매·제공하는 매장,val,과일,T4 구어·문장,0b9d8ea2-85e3-4d59-a83a-f2306011a3aa,과일나라,과일,화순고인돌전통시장,전통시장,전라남도,,,
00602b18b27d39339dd0,full_annotation_v1,A,q_과일_08,과일 선물할 거,식료품 중 '과일'을 판매·제공하는 매장,val,과일,T4 구어·문장,6bc9b36a-31f2-49da-8924-672493958b94,과일 정원,과일,오송역파라곤센트럴시티2차골목형상점가,골목형상점가,충청북도,,,
04b2e37bd1c83afed43d,full_annotation_v1,A,q_과일_08,과일 선물할 거,식료품 중 '과일'을 판매·제공하는 매장,val,과일,T4 구어·문장,e56873ad-306b-4938-bac5-8dfae6a8e5b6,구로과일,과일,남구로시장,전통시장,서울특별시,,,
f4bb51b86ee8f33548d3,full_annotation_v1,A,q_과일_08,과일 선물할 거,식료품 중 '과일'을 판매·제공하는 매장,val,과일,T4 구어·문장,6a4cf2b8-422b-41c1-b97d-6f54f4a5d930,원앤샵(One An Shop),이용업 헤어,내곡동골목형상점가,골목형상점가,강원특별자치도,,,
a0498466a62ef7b0c3ad,full_annotation_v1,A,q_과일_08,과일 선물할 거,식료품 중 '과일'을 판매·제공하는 매장,val,과일,T4 구어·문장,6298f9a9-bdc8-4273-bf37-7bcc8722900c,과일나라,과일,송정5일시장,전통시장,광주광역시,,,
333d8af2dcb2e43cb2f2,full_annotation_v1,A,q_과일_08,과일 선물할 거,식료품 중 '과일'을 판매·제공하는 매장,val,과일,T4 구어·문장,edceee03-fbb0-4c43-86af-b46c94360a83,이근철청과,과일,남부시장,전통시장,경상북도,,,
30be4f99e99978de574d,full_annotation_v1,A,q_과일_08,과일 선물할 거,식료품 중 '과일'을 판매·제공하는 매장,val,과일,T4 구어·문장,003e7ebf-1112-4ab4-a484-67716e4b2a85,이든,카페,원주중앙시장활성화구역,상권활성화구역,강원특별자치도,,,
1625c21e67548b369856,full_annotation_v1,A,q_과일_08,과일 선물할 거,식료품 중 '과일'을 판매·제공하는 매장,val,과일,T4 구어·문장,0063671e-77f7-466c-bbc2-223497c0dae4,무가당,카페,세병호 골목형상점가,골목형상점가,전북특별자치도,,,
826ef322d2c0174420ff,full_annotation_v1,A,q_과일_08,과일 선물할 거,식료품 중 '과일'을 판매·제공하는 매장,val,과일,T4 구어·문장,57768c4d-3563-407c-b1e1-8888fb04a68d,대장간,가정용품수리(대장간),무안전통시장,전통시장,전라남도,,,
e0947ee4dc863dc0ba33,full_annotation_v1,A,q_과일_08,과일 선물할 거,식료품 중 '과일'을 판매·제공하는 매장,val,과일,T4 구어·문장,009efeba-a92a-4bf2-867f-f40d57386d40,(유)진경농산,청과,가락몰골목형상점가,골목형상점가,서울특별시,,,
6a74dd2c06d80ceedc38,full_annotation_v1,A,q_과일_08,과일 선물할 거,식료품 중 '과일'을 판매·제공하는 매장,val,과일,T4 구어·문장,75f6cb49-965b-48ee-bf8f-c1847c903d0a,단과일,과일,다같이 울산송정 골목형상점가,골목형상점가,울산광역시,,,
9164d148e9bd8fef345a,full_annotation_v1,A,q_과일_08,과일 선물할 거,식료품 중 '과일'을 판매·제공하는 매장,val,과일,T4 구어·문장,00ebc127-05c7-4f5b-8926-20ba39cc1cda,대전따봉,"소매(청과,생선)",권선종합시장,전통시장,경기도,,,
f50f802ca40a5f826707,full_annotation_v1,A,q_과일_08,과일 선물할 거,식료품 중 '과일'을 판매·제공하는 매장,val,과일,T4 구어·문장,3e6e7885-b089-490d-9743-1d67ef9371cc,과일톡,과일,의정부시 구도심 상권활성화구역,상권활성화구역,경기도,,,
a586ac83bc3890880cc7,full_annotation_v1,A,q_과일_08,과일 선물할 거,식료품 중 '과일'을 판매·제공하는 매장,val,과일,T4 구어·문장,3847397b-c8df-4285-91bd-f01548bf6a31,백해수 과일,과일,봉덕신시장,전통시장,대구광역시,,,
43e6588dbef8ce646199,full_annotation_v1,A,q_과일_08,과일 선물할 거,식료품 중 '과일'을 판매·제공하는 매장,val,과일,T4 구어·문장,ab565df0-5322-4f50-a1b0-86f369e76f0d,여기 과일,,황금수정 골목형상점가,골목형상점가,부산광역시,,,
369fc2d28610b646dae8,full_annotation_v1,A,q_과일_08,과일 선물할 거,식료품 중 '과일'을 판매·제공하는 매장,val,과일,T4 구어·문장,006204f3-b214-4611-a434-f896bf75e919,장터사랑,과일,농성세대공감상인회 골목형상점가,골목형상점가,광주광역시,,,
c4281c22134320843be0,full_annotation_v1,A,q_과일_08,과일 선물할 거,식료품 중 '과일'을 판매·제공하는 매장,val,과일,T4 구어·문장,0a616092-c136-486a-be27-0dc7a2116f6f,소문난 과일,과일,중곡제일골목시장(중곡제일전통시장),전통시장,서울특별시,,,
85abc036548bb7cd793a,full_annotation_v1,A,q_과일_08,과일 선물할 거,식료품 중 '과일'을 판매·제공하는 매장,val,과일,T4 구어·문장,69073e4f-39a1-4bb2-9d42-ca57b18cb03a,은서과일,과일,달서시장,전통시장,대구광역시,,,
90565b6363f7f5b39974,full_annotation_v1,A,q_과일_08,과일 선물할 거,식료품 중 '과일'을 판매·제공하는 매장,val,과일,T4 구어·문장,a9fa2654-061a-40ba-b395-98961ae8b15f,맘스터치강릉내곡점,햄버거,내곡동골목형상점가,골목형상점가,강원특별자치도,,,
af399607a520d6756769,full_annotation_v1,A,q_과일_08,과일 선물할 거,식료품 중 '과일'을 판매·제공하는 매장,val,과일,T4 구어·문장,8a0e1e5b-92ef-4e85-b26b-1954a25e82d8,구름위에사과나무,과일,동원전통시장상점가,자율상권구역,서울특별시,,,
e8de9f25b36cf70724b4,full_annotation_v1,A,q_과일_08,과일 선물할 거,식료품 중 '과일'을 판매·제공하는 매장,val,과일,T4 구어·문장,67fdb6a6-516f-4ab5-97cc-870939a1ac89,과일장터,과일,상주풍물시장,전통시장,경상북도,,,
eae2715f330a6de86bb6,full_annotation_v1,A,q_과일_08,과일 선물할 거,식료품 중 '과일'을 판매·제공하는 매장,val,과일,T4 구어·문장,08064272-24c8-425e-93fe-ff2cdcba91b0,청연,과일,유성온천거리 골목형상점가,골목형상점가,대전광역시,,,
14fab524186aad3e2e1e,full_annotation_v1,A,q_과일_08,과일 선물할 거,식료품 중 '과일'을 판매·제공하는 매장,val,과일,T4 구어·문장,eeca903d-9571-470a-a4c3-49ea0dd700fd,고창청과,과일,익산중앙시장,전통시장,전북특별자치도,,,
275c1f3fe40ccb0e3191,full_annotation_v1,A,q_과일_08,과일 선물할 거,식료품 중 '과일'을 판매·제공하는 매장,val,과일,T4 구어·문장,3675eafc-8a52-4c23-a569-69e19403fd90,킹구수산,수산물,신원시장,전통시장,서울특별시,,,
8f5aa28e5f69f3e9c564,full_annotation_v1,A,q_과일_08,과일 선물할 거,식료품 중 '과일'을 판매·제공하는 매장,val,과일,T4 구어·문장,9066a406-0030-4259-94ad-e96c0715fe88,과일 창고,과일,정림동 골목형상점가,골목형상점가,대전광역시,,,
d283682d0199d89e0d61,full_annotation_v1,A,q_과일_08,과일 선물할 거,식료품 중 '과일'을 판매·제공하는 매장,val,과일,T4 구어·문장,8898592e-9850-4e53-97c8-a0ff37691b52,참과일,과일,연일전통시장,전통시장,경상북도,,,
76e2d4f8affb61bdb121,full_annotation_v1,A,q_과일_08,과일 선물할 거,식료품 중 '과일'을 판매·제공하는 매장,val,과일,T4 구어·문장,41271a18-a3ae-445b-86bd-f7a2651faabe,동현상회,사과청과,대구능금시장,전통시장,대구광역시,,,
49f1353a44db80ea6d73,full_annotation_v1,A,q_과일_08,과일 선물할 거,식료품 중 '과일'을 판매·제공하는 매장,val,과일,T4 구어·문장,00333be0-b70d-4197-aa97-5a277d61e0da,㈜신진후르츠,과일,부전농수산물새벽시장,전통시장,부산광역시,,,
e6d78123451e4758ea15,full_annotation_v1,A,q_과일_08,과일 선물할 거,식료품 중 '과일'을 판매·제공하는 매장,val,과일,T4 구어·문장,ec323005-d545-48d8-a9e2-08e668eaf3db,일성떡집,떡,당감새시장,전통시장,부산광역시,,,
aec730df9b919d920a06,full_annotation_v1,A,q_과일_08,과일 선물할 거,식료품 중 '과일'을 판매·제공하는 매장,val,과일,T4 구어·문장,d90ec355-3194-4734-965a-995e2aed7423,훈훈한 과일,농산물 과일,석바위시장,전통시장,인천광역시,,,
09e36263957d7a8e2b3d,full_annotation_v1,A,q_과일_08,과일 선물할 거,식료품 중 '과일'을 판매·제공하는 매장,val,과일,T4 구어·문장,9e9025f2-17ae-40ba-b977-3187dda0f611,명진기름집,참기름,고성시장,전통시장,경상남도,,,
f56c57ae4206fdc4f376,full_annotation_v1,A,q_과일_08,과일 선물할 거,식료품 중 '과일'을 판매·제공하는 매장,val,과일,T4 구어·문장,5e19ed2f-dcad-4e55-bb89-2360d1b16bf9,컴투미,컴퓨터 및 주변기기외,성남중앙지하시장,일반지하상점가,경기도,,,
7714d87ca5aff65abd66,full_annotation_v1,A,q_과일_08,과일 선물할 거,식료품 중 '과일'을 판매·제공하는 매장,val,과일,T4 구어·문장,8019268d-e8c3-49c6-b65d-eb3fb8e3a55f,짱과일,과일,꽃밭정이 골목형상점가,골목형상점가,전북특별자치도,,,
f337c18fd11132b1779e,full_annotation_v1,A,q_과일_08,과일 선물할 거,식료품 중 '과일'을 판매·제공하는 매장,val,과일,T4 구어·문장,fff524d9-2b80-4495-8a50-3e99039afa1a,약국옆과일,과일,신 강남시장,전통시장,인천광역시,,,
7c8d9beec94231eb3083,full_annotation_v1,A,q_과일_08,과일 선물할 거,식료품 중 '과일'을 판매·제공하는 매장,val,과일,T4 구어·문장,a224281f-5374-45cd-8a21-af3a9ed2ee22,프 랭크 버 거 인 동점,햄버거,인동중앙상점가,골목형상점가,경상북도,,,
90f569a49df48aa99a82,full_annotation_v1,A,q_과일_08,과일 선물할 거,식료품 중 '과일'을 판매·제공하는 매장,val,과일,T4 구어·문장,e50663cb-2e0e-4fb8-b139-7bd05c5cfe02,과일(강씨과일),과일,팔달신시장,전통시장,대구광역시,,,
4801c3d4b1eaa77671a6,full_annotation_v1,A,q_과일_08,과일 선물할 거,식료품 중 '과일'을 판매·제공하는 매장,val,과일,T4 구어·문장,06a818b2-847f-414f-89e8-b103f4ae145e,시계탑과일,과일,원주미로예술중앙시장(원주중앙시장),전통시장,강원특별자치도,,,
34bbe25a0a7306625158,full_annotation_v1,A,q_과일_08,과일 선물할 거,식료품 중 '과일'을 판매·제공하는 매장,val,과일,T4 구어·문장,00d3ef33-13db-4750-93a0-4b31010fcb70,온유베이크,카페,스타타워1 골목형상점가,골목형상점가,인천광역시,,,
cb41c936396aac5c5d6d,full_annotation_v1,A,q_과일_08,과일 선물할 거,식료품 중 '과일'을 판매·제공하는 매장,val,과일,T4 구어·문장,33718306-2235-4dc8-980f-6194b2d058b8,달보드레 과일,과일,보정중심 골목형상점가,골목형상점가,경기도,,,
7cba798e666abc278d08,full_annotation_v1,A,q_과일_08,과일 선물할 거,식료품 중 '과일'을 판매·제공하는 매장,val,과일,T4 구어·문장,a62b5bea-dba1-4b87-bba8-b5b8ce17a9a7,과일나라,과일,양산 남부시장상가,전통시장,경상남도,,,
9f27093d0f798cdadf85,full_annotation_v1,A,q_과일_08,과일 선물할 거,식료품 중 '과일'을 판매·제공하는 매장,val,과일,T4 구어·문장,eafcb353-12e7-4b51-bca3-53c5ac1a8c4a,과일나라,과일,세종전통시장,전통시장,세종특별자치시,,,
79b2ba07c84274a1ed52,full_annotation_v1,A,q_과일_08,과일 선물할 거,식료품 중 '과일'을 판매·제공하는 매장,val,과일,T4 구어·문장,0af5f838-4190-4a50-8032-c9982143d578,청해과일,과일,구역전전통시장,전통시장,울산광역시,,,
ed4293bd5bcfeb432fe4,full_annotation_v1,A,q_과일_08,과일 선물할 거,식료품 중 '과일'을 판매·제공하는 매장,val,과일,T4 구어·문장,0045f871-6f40-4361-bcdd-2b94bf597287,무파장터,야채 청과물,신금정시장 골목형 상점가,골목형상점가,부산광역시,,,
f2390f3a072ce6e6e2ee,full_annotation_v1,A,q_과일_08,과일 선물할 거,식료품 중 '과일'을 판매·제공하는 매장,val,과일,T4 구어·문장,9af8442a-5c12-4f82-9c90-185f97336ff3,과일나라,과일,태평시장,전통시장,대전광역시,,,
8d7dee6aab9c8a5f7744,full_annotation_v1,A,q_과일_08,과일 선물할 거,식료품 중 '과일'을 판매·제공하는 매장,val,과일,T4 구어·문장,2acea435-157a-42b2-82f0-0bfe6b5e3be5,이레과일,과일,용인중앙시장,전통시장,경기도,,,
044295440e943259b0ef,full_annotation_v1,A,q_과일_08,과일 선물할 거,식료품 중 '과일'을 판매·제공하는 매장,val,과일,T4 구어·문장,a58d42d3-47a3-4e04-b3cf-ba84808b0177,과일삼촌,과일,신안제일행복한 골목형상점가,골목형상점가,광주광역시,,,
e74017b12f8c834a4b5d,full_annotation_v1,A,q_과일_08,과일 선물할 거,식료품 중 '과일'을 판매·제공하는 매장,val,과일,T4 구어·문장,23e585ec-0b1d-4888-a87c-67282778581a,라라코스트삼봉점,,삼봉지구 골목형상점가,골목형상점가,전북특별자치도,,,
5072548cfccad91801bd,full_annotation_v1,A,q_과일_08,과일 선물할 거,식료품 중 '과일'을 판매·제공하는 매장,val,과일,T4 구어·문장,36fbb793-24e5-4f3f-948e-522b0f86b8b9,더 과일,과일,"지웰시티몰 1,2단지 골목형상점가",골목형상점가,충청남도,,,
d7b3c4353e48208a148e,full_annotation_v1,A,q_과일_08,과일 선물할 거,식료품 중 '과일'을 판매·제공하는 매장,val,과일,T4 구어·문장,0042e83d-930b-4d1d-a96f-f1a2691256cd,성화상회,과일,대구능금시장,전통시장,대구광역시,,,
32658db2b50ff53974a6,full_annotation_v1,A,q_과일_08,과일 선물할 거,식료품 중 '과일'을 판매·제공하는 매장,val,과일,T4 구어·문장,07d974e4-4e7d-41fe-8b1f-a7a96756dc79,백산청과,사과,충주농산물종합시장(구 중앙청과시장),전통시장,충청북도,,,
97585fb906241e227337,full_annotation_v1,A,q_과일_08,과일 선물할 거,식료품 중 '과일'을 판매·제공하는 매장,val,과일,T4 구어·문장,ab7abf3b-c86c-46b7-a254-9e9124bd1cda,고향과일,과일,월배신시장,전통시장,대구광역시,,,
779bb398f3321bef2968,full_annotation_v1,A,q_과일_08,과일 선물할 거,식료품 중 '과일'을 판매·제공하는 매장,val,과일,T4 구어·문장,c1e8546e-1a81-4dab-8006-5445de5aaaa8,과일나라,과일,장량성도시장,전통시장,경상북도,,,
0f7f20b46dc965e702f3,full_annotation_v1,A,q_과일_08,과일 선물할 거,식료품 중 '과일'을 판매·제공하는 매장,val,과일,T4 구어·문장,bb18c45d-9514-47c4-9b16-0ba51cbff6a7,건후네 과일,과일,용문천년시장,전통시장,경기도,,,
e7231803de43387003b1,full_annotation_v1,A,q_과일_08,과일 선물할 거,식료품 중 '과일'을 판매·제공하는 매장,val,과일,T4 구어·문장,00468e6b-39c6-4ce1-a534-a6b1eecac01d,태양농산물,과일,정릉서경대길골목형상점가(정릉골),골목형상점가,서울특별시,,,
16c7415cb7d08346becb,full_annotation_v1,A,q_과일_08,과일 선물할 거,식료품 중 '과일'을 판매·제공하는 매장,val,과일,T4 구어·문장,be3c13d0-5946-4b75-a158-c67fbb8308c6,경희과일,과일,반구시장,전통시장,울산광역시,,,
14226794010baae82e38,full_annotation_v1,A,q_과일_08,과일 선물할 거,식료품 중 '과일'을 판매·제공하는 매장,val,과일,T4 구어·문장,f6780004-cbe9-4f55-9d37-d7976a3908ce,뚜레쥬르 동천동문점,"제과, 빵",머내마을 상점가,골목형상점가,경기도,,,
08d5e0724f284fb4d550,full_annotation_v1,A,q_과일_08,과일 선물할 거,식료품 중 '과일'을 판매·제공하는 매장,val,과일,T4 구어·문장,78b151bf-7bc4-4ff4-ae68-dbe01de9c746,과일나라,과일,광명새마을시장,전통시장,경기도,,,
3089c88ec2e7e7c628eb,full_annotation_v1,A,q_과일_08,과일 선물할 거,식료품 중 '과일'을 판매·제공하는 매장,val,과일,T4 구어·문장,59ade699-0ca6-4633-9fbf-6ff62933479b,목동명품등갈비 목동점,,목사랑시장,전통시장,서울특별시,,,
1ba50a9e4e41974c431c,full_annotation_v1,A,q_과일_08,과일 선물할 거,식료품 중 '과일'을 판매·제공하는 매장,val,과일,T4 구어·문장,78cffce4-b988-418c-828f-30a7dff95730,주식회사도담언어발달,,삼봉지구 골목형상점가,골목형상점가,전북특별자치도,,,
86cede6bc25db684f87c,full_annotation_v1,A,q_과일_08,과일 선물할 거,식료품 중 '과일'을 판매·제공하는 매장,val,과일,T4 구어·문장,90837a7f-5899-4589-905d-b1f91f48d97b,과일실록,과일,상계중앙시장,전통시장,서울특별시,,,
5c314d36b81b1d5c2127,full_annotation_v1,A,q_과일_08,과일 선물할 거,식료품 중 '과일'을 판매·제공하는 매장,val,과일,T4 구어·문장,234ee312-05ba-4183-af7a-8a8ac8f25047,과일#,과일,서부시장상점가(서부시장 통합),전통시장,전북특별자치도,,,
b8810b595b11d2c657ce,full_annotation_v1,A,q_과일_08,과일 선물할 거,식료품 중 '과일'을 판매·제공하는 매장,val,과일,T4 구어·문장,de1dc1a1-abbd-42c1-9293-6af8c390a9ce,청춘과일,과일,첨단하나로,골목형상점가,광주광역시,,,
95ee19bfbd3d17da6fec,full_annotation_v1,A,q_과일_08,과일 선물할 거,식료품 중 '과일'을 판매·제공하는 매장,val,과일,T4 구어·문장,609600e2-7a3d-475e-9c9b-c545d39185e4,한아름마트,과일,쌍용1번가 골목형상점가,골목형상점가,충청남도,,,
8be33eaefaa101a4125d,full_annotation_v1,A,q_과일_08,과일 선물할 거,식료품 중 '과일'을 판매·제공하는 매장,val,과일,T4 구어·문장,ccfff857-f617-48ed-b6a5-c33281c34fa6,으뜸과일,과일,서서울골목형상점가,골목형상점가,서울특별시,,,
cda7248813cb57fb9412,full_annotation_v1,A,q_과일_08,과일 선물할 거,식료품 중 '과일'을 판매·제공하는 매장,val,과일,T4 구어·문장,4ccfa149-b4f6-4212-9bb7-414643477abe,대광과일,과일,덕풍전통시장,전통시장,경기도,,,
3687a27ab8d9ed9f19e2,full_annotation_v1,A,q_과일_08,과일 선물할 거,식료품 중 '과일'을 판매·제공하는 매장,val,과일,T4 구어·문장,84b2117e-0363-4bfd-b6d7-b9c5adb68bbf,과일이야기,과일,삼호읍 중앙 골목형상점가,골목형상점가,전라남도,,,
7e3a2736a28a479d9081,full_annotation_v1,A,q_과일_08,과일 선물할 거,식료품 중 '과일'을 판매·제공하는 매장,val,과일,T4 구어·문장,109d73d2-717c-40e8-a8f6-a1bb3dcf719a,문재청과,과일,곡성기차마을 전통시장,전통시장,전라남도,,,
7a8094661cca8662d52f,full_annotation_v1,A,q_과일_08,과일 선물할 거,식료품 중 '과일'을 판매·제공하는 매장,val,과일,T4 구어·문장,5797f002-48ee-4167-835b-c246efb39cab,사계 신선 과일,과일,원미부흥시장,전통시장,경기도,,,
5bda9569c8c6131a3454,full_annotation_v1,A,q_과일_08,과일 선물할 거,식료품 중 '과일'을 판매·제공하는 매장,val,과일,T4 구어·문장,b6843f2b-0cdc-4ea9-8219-8af49e11779d,행복한 과일,과일,목포동부시장,전통시장,전라남도,,,
e09acedba644aab7cb66,full_annotation_v1,A,q_과일_08,과일 선물할 거,식료품 중 '과일'을 판매·제공하는 매장,val,과일,T4 구어·문장,00045dfc-0681-4fb3-8265-33b3df14c289,한라농산,과일,황지시장상점가,자율상권구역,강원특별자치도,,,
6823b01de5cd5a79a83e,full_annotation_v1,A,q_과일_08,과일 선물할 거,식료품 중 '과일'을 판매·제공하는 매장,val,과일,T4 구어·문장,662cadab-d814-4c91-a235-2e6d4dbcfd96,부산이삭어묵,어묵,반여2동상가시장,전통시장,부산광역시,,,
c7ac48fa2422e516ac54,full_annotation_v1,A,q_과일_08,과일 선물할 거,식료품 중 '과일'을 판매·제공하는 매장,val,과일,T4 구어·문장,00da8084-69b5-4bcc-b2ca-3eaf11175611,밀키샵 별내점,디저트,별내로데오상점가,골목형상점가,경기도,,,
91c6d1018c05e3d4d550,full_annotation_v1,A,q_과일_08,과일 선물할 거,식료품 중 '과일'을 판매·제공하는 매장,val,과일,T4 구어·문장,103c83f7-8510-4eb0-b9b0-e85633c1a7a1,경희과일,과일,범천중앙시장,전통시장,부산광역시,,,
093b34ea36a440aa0b9c,full_annotation_v1,A,q_과일_08,과일 선물할 거,식료품 중 '과일'을 판매·제공하는 매장,val,과일,T4 구어·문장,cae8849b-5676-4b4a-973f-ba74b776d48e,고흥과일,과일,목포동부시장,전통시장,전라남도,,,
76a22454cb648b3e0387,full_annotation_v1,A,q_과일_08,과일 선물할 거,식료품 중 '과일'을 판매·제공하는 매장,val,과일,T4 구어·문장,247ddfde-cc23-4451-a254-bc0ee1931a6d,과일나라,과일,북수원시장( 구 파장시장),전통시장,경기도,,,
0cdad81ea3faae6d6e22,full_annotation_v1,A,q_과일_08,과일 선물할 거,식료품 중 '과일'을 판매·제공하는 매장,val,과일,T4 구어·문장,db00e4d7-ac50-41de-9261-5dba7cea1e99,형제청과,과일,정왕시장,전통시장,경기도,,,
f03fab1224c21a4e7fe7,full_annotation_v1,A,q_과일_08,과일 선물할 거,식료품 중 '과일'을 판매·제공하는 매장,val,과일,T4 구어·문장,656f192f-72d8-4531-aec0-18bd03d05bc6,명과일,과일,장위전통시장,전통시장,서울특별시,,,
e423a7fa2053b8a61a06,full_annotation_v1,A,q_과일_08,과일 선물할 거,식료품 중 '과일'을 판매·제공하는 매장,val,과일,T4 구어·문장,c8fcb2ea-8750-48e0-823a-5c40f8f0eb05,과일나라,과일,"온양온천시장(온양재래시장, 전통시장)",전통시장,충청남도,,,
f79ebf946d4e83b60f96,full_annotation_v1,A,q_과일_08,과일 선물할 거,식료품 중 '과일'을 판매·제공하는 매장,val,과일,T4 구어·문장,d250e4cb-997d-44f8-8d99-5d9505ec8cb4,과일,과일,능동로골목시장(자양한강전통시장),전통시장,서울특별시,,,
39be5392e0d7eb0d0f48,full_annotation_v1,A,q_과일_08,과일 선물할 거,식료품 중 '과일'을 판매·제공하는 매장,val,과일,T4 구어·문장,31fcc0ce-54c8-480a-a4b7-607597718a2d,농산물,과일,삼천동제일 골목형상점가,골목형상점가,전북특별자치도,,,
2932d82a892c20b5df7b,full_annotation_v1,A,q_과일_08,과일 선물할 거,식료품 중 '과일'을 판매·제공하는 매장,val,과일,T4 구어·문장,3c49cc60-6135-4713-bf97-a40661ba8e07,뉴팜,사과 샤인머스켓,금오시장,전통시장,경상북도,,,
698a8b27284989623895,full_annotation_v1,A,q_과일_08,과일 선물할 거,식료품 중 '과일'을 판매·제공하는 매장,val,과일,T4 구어·문장,5b20aaf0-37b4-4889-9660-c83968384f0b,"과일, 야채대장",과일 채소,좌동재래시장,전통시장,부산광역시,,,
583f29a71acf3205dbf9,full_annotation_v1,A,q_과일_08,과일 선물할 거,식료품 중 '과일'을 판매·제공하는 매장,val,과일,T4 구어·문장,bc8b2639-3ddc-4af2-a5c0-457ad0ca686b,남해과일,과일,함안 가야전통시장,전통시장,경상남도,,,
cd1e663bd9d566dc49a0,full_annotation_v1,A,q_과일_08,과일 선물할 거,식료품 중 '과일'을 판매·제공하는 매장,val,과일,T4 구어·문장,003d7e3f-6459-4018-ac58-7184cd2457d5,눈치 금호점,카페,금호1동상가번영회 골목형상점가,골목형상점가,광주광역시,,,
ef63c6b626e0b182f6f3,full_annotation_v1,A,q_과일_08,과일 선물할 거,식료품 중 '과일'을 판매·제공하는 매장,val,과일,T4 구어·문장,165b3625-5da0-4998-af46-c016619a2e7c,한밭과일,과일,태평시장,전통시장,대전광역시,,,
5a0adb2afbccc63f059f,full_annotation_v1,A,q_과일_09,과일 파는 곳,식료품 중 '과일'을 판매·제공하는 매장,val,과일,T4 구어·문장,a644262e-6070-44ee-86d5-84ad3ff1c30a,선녀&나무꾼,미용,수완하나로 골목형상점가,골목형상점가,광주광역시,,,
daf11b5a88c8e599eecd,full_annotation_v1,A,q_과일_09,과일 파는 곳,식료품 중 '과일'을 판매·제공하는 매장,val,과일,T4 구어·문장,fff524d9-2b80-4495-8a50-3e99039afa1a,약국옆과일,과일,신 강남시장,전통시장,인천광역시,,,
6f547a92bfccf2246f70,full_annotation_v1,A,q_과일_09,과일 파는 곳,식료품 중 '과일'을 판매·제공하는 매장,val,과일,T4 구어·문장,67c18751-8bd4-4801-a4fd-4c26c7774f4b,청아식자재,식자재,소래포구종합어시장,자율상권구역,인천광역시,,,
dcbe5d5a2817c519a781,full_annotation_v1,A,q_과일_09,과일 파는 곳,식료품 중 '과일'을 판매·제공하는 매장,val,과일,T4 구어·문장,ccfff857-f617-48ed-b6a5-c33281c34fa6,으뜸과일,과일,서서울골목형상점가,골목형상점가,서울특별시,,,
09c5dc276fe7c3741e43,full_annotation_v1,A,q_과일_09,과일 파는 곳,식료품 중 '과일'을 판매·제공하는 매장,val,과일,T4 구어·문장,aa3084bb-8969-4b04-b21d-ce25b34bf6e3,해피통신,,방어진항 골목형상점가,골목형상점가,울산광역시,,,
7e921d05d3654f50ec41,full_annotation_v1,A,q_과일_09,과일 파는 곳,식료품 중 '과일'을 판매·제공하는 매장,val,과일,T4 구어·문장,d5d5ed39-23d8-43d9-9798-1cae81971165,정우 과일 상회,과일,해남매일시장,전통시장,전라남도,,,
14fdcb5ac2109a092fe6,full_annotation_v1,A,q_과일_09,과일 파는 곳,식료품 중 '과일'을 판매·제공하는 매장,val,과일,T4 구어·문장,00c6ce65-3761-4ba1-a849-bcedeaa97463,평화상회,청과,경산공설시장,전통시장,경상북도,,,
c290719bd3affa812447,full_annotation_v1,A,q_과일_09,과일 파는 곳,식료품 중 '과일'을 판매·제공하는 매장,val,과일,T4 구어·문장,a846d2f2-7cfa-494f-8d7a-56c61bf00d2d,유진이네 과일,과일,남항시장,전통시장,부산광역시,,,
12601e07a390fe705c25,full_annotation_v1,A,q_과일_09,과일 파는 곳,식료품 중 '과일'을 판매·제공하는 매장,val,과일,T4 구어·문장,3781b795-dc3a-4e0a-9aeb-a896efaa51a1,신한청과물,과일,부산새벽시장,전통시장,부산광역시,,,
1f0c1fab4b9a8f94e763,full_annotation_v1,A,q_과일_09,과일 파는 곳,식료품 중 '과일'을 판매·제공하는 매장,val,과일,T4 구어·문장,c4657102-fdf6-42b2-a85b-2a39806cb09f,김치찜은 못참지인동점,김치찜,인동로데오상가,골목형상점가,경상북도,,,
ccf8e87e2a20e6381b56,full_annotation_v1,A,q_과일_09,과일 파는 곳,식료품 중 '과일'을 판매·제공하는 매장,val,과일,T4 구어·문장,edceee03-fbb0-4c43-86af-b46c94360a83,이근철청과,과일,남부시장,전통시장,경상북도,,,
6d61e6909b023e861fcd,full_annotation_v1,A,q_과일_09,과일 파는 곳,식료품 중 '과일'을 판매·제공하는 매장,val,과일,T4 구어·문장,0045f871-6f40-4361-bcdd-2b94bf597287,무파장터,야채 청과물,신금정시장 골목형 상점가,골목형상점가,부산광역시,,,
ff09862a4bb0865371ba,full_annotation_v1,A,q_과일_09,과일 파는 곳,식료품 중 '과일'을 판매·제공하는 매장,val,과일,T4 구어·문장,07d974e4-4e7d-41fe-8b1f-a7a96756dc79,백산청과,사과,충주농산물종합시장(구 중앙청과시장),전통시장,충청북도,,,
6ecf23dc3801504339c8,full_annotation_v1,A,q_과일_09,과일 파는 곳,식료품 중 '과일'을 판매·제공하는 매장,val,과일,T4 구어·문장,d5e7658d-de05-4ed1-ae04-73b13b79ddfd,"재주, 과일",과일,세류2동 골목형상점가,골목형상점가,경기도,,,
8df1a303dcb774a75a84,full_annotation_v1,A,q_과일_09,과일 파는 곳,식료품 중 '과일'을 판매·제공하는 매장,val,과일,T4 구어·문장,7136748c-4c37-484c-8437-68117a3bcd03,한밭한과과자,즉석과자,도마큰시장,전통시장,대전광역시,,,
d28a2b1ceadcec2634dc,full_annotation_v1,A,q_과일_09,과일 파는 곳,식료품 중 '과일'을 판매·제공하는 매장,val,과일,T4 구어·문장,6e0c4950-1c76-4d65-bd4e-e5e564c179a6,더세탁,세탁,수완나들목 골목형상점가,골목형상점가,광주광역시,,,
e859cdcb7a1337ae0f6a,full_annotation_v1,A,q_과일_09,과일 파는 곳,식료품 중 '과일'을 판매·제공하는 매장,val,과일,T4 구어·문장,0889ecee-f388-40dd-a7dc-1b2b0167c5cf,삼촌네과일,과일,방이시장,전통시장,서울특별시,,,
1783924525f3db36c137,full_annotation_v1,A,q_과일_09,과일 파는 곳,식료품 중 '과일'을 판매·제공하는 매장,val,과일,T4 구어·문장,83642241-2532-497b-8842-d9d85eced4ec,과일나라,과일,태화시장,전통시장,울산광역시,,,
d21a4b27cd1097a5f9e9,full_annotation_v1,A,q_과일_09,과일 파는 곳,식료품 중 '과일'을 판매·제공하는 매장,val,과일,T4 구어·문장,c111ac9d-3f3a-405c-a8db-4d127ccda9e2,행복이 있는 곳,잡화,제주로얄쇼핑센터,자율상권구역,제주특별자치도,,,
43f56262d4c9103aca81,full_annotation_v1,A,q_과일_09,과일 파는 곳,식료품 중 '과일'을 판매·제공하는 매장,val,과일,T4 구어·문장,00da8084-69b5-4bcc-b2ca-3eaf11175611,밀키샵 별내점,디저트,별내로데오상점가,골목형상점가,경기도,,,
c5bfad429a4b468594ef,full_annotation_v1,A,q_과일_09,과일 파는 곳,식료품 중 '과일'을 판매·제공하는 매장,val,과일,T4 구어·문장,24456103-f6b8-46af-8655-82e61d7265d8,커피가 머무르는 곳,커피,반드레길골목형상점가,골목형상점가,서울특별시,,,
591d0331c5134aa647fb,full_annotation_v1,A,q_과일_09,과일 파는 곳,식료품 중 '과일'을 판매·제공하는 매장,val,과일,T4 구어·문장,0d05ea9c-1790-4424-8c8d-af299cca010c,대성종합주방,그릇 주방용품,부평종합시장,전통시장,인천광역시,,,
a452a298bce1b36d9441,full_annotation_v1,A,q_과일_09,과일 파는 곳,식료품 중 '과일'을 판매·제공하는 매장,val,과일,T4 구어·문장,b17526ac-af8d-4e0e-97b4-3cbf29acda2a,욱수과일,과일,신매시장,전통시장,대구광역시,,,
6591d5f9d45fa42ff657,full_annotation_v1,A,q_과일_09,과일 파는 곳,식료품 중 '과일'을 판매·제공하는 매장,val,과일,T4 구어·문장,d10dba74-a1e7-4a6b-8160-4138ddb6e7da,달당,과일,복대가경시장,전통시장,충청북도,,,
1aee2957dee558160c73,full_annotation_v1,A,q_과일_09,과일 파는 곳,식료품 중 '과일'을 판매·제공하는 매장,val,과일,T4 구어·문장,103c83f7-8510-4eb0-b9b0-e85633c1a7a1,경희과일,과일,범천중앙시장,전통시장,부산광역시,,,
2441843b1ba489d182fb,full_annotation_v1,A,q_과일_09,과일 파는 곳,식료품 중 '과일'을 판매·제공하는 매장,val,과일,T4 구어·문장,0c795edf-76c3-43a6-b999-2bdef777490f,과일나라,과일,태평시장,전통시장,대전광역시,,,
6e2aa4d6b233682a118d,full_annotation_v1,A,q_과일_09,과일 파는 곳,식료품 중 '과일'을 판매·제공하는 매장,val,과일,T4 구어·문장,82c40fb2-4323-457b-82d8-3c5a6410076e,일루와어학원,교육서비스,문성 연정빌딩,골목형상점가,경상북도,,,
b16272b18013eed4cc72,full_annotation_v1,A,q_과일_09,과일 파는 곳,식료품 중 '과일'을 판매·제공하는 매장,val,과일,T4 구어·문장,fc9c60d0-c242-4b7f-9b09-60db435a59e0,과일밭,과일,남목전통시장,전통시장,울산광역시,,,
1aedaeeab1c4deac13c7,full_annotation_v1,A,q_과일_09,과일 파는 곳,식료품 중 '과일'을 판매·제공하는 매장,val,과일,T4 구어·문장,3c49cc60-6135-4713-bf97-a40661ba8e07,뉴팜,사과 샤인머스켓,금오시장,전통시장,경상북도,,,
e4d84ba82e54e6e417b6,full_annotation_v1,A,q_과일_09,과일 파는 곳,식료품 중 '과일'을 판매·제공하는 매장,val,과일,T4 구어·문장,e21222b7-9d80-444d-8522-dee3f1f2046b,미래과일,과일,김해 외동전통시장,전통시장,경상남도,,,
9a8f4a13cafe1a8a5b91,full_annotation_v1,A,q_과일_09,과일 파는 곳,식료품 중 '과일'을 판매·제공하는 매장,val,과일,T4 구어·문장,0ebab450-c982-4695-9b6e-a7eff5d8d0c5,정이네 과일,과일,가좌시장,전통시장,인천광역시,,,
3e40e081707b00491c46,full_annotation_v1,A,q_과일_09,과일 파는 곳,식료품 중 '과일'을 판매·제공하는 매장,val,과일,T4 구어·문장,3847397b-c8df-4285-91bd-f01548bf6a31,백해수 과일,과일,봉덕신시장,전통시장,대구광역시,,,
6986954675c4c973dc92,full_annotation_v1,A,q_과일_09,과일 파는 곳,식료품 중 '과일'을 판매·제공하는 매장,val,과일,T4 구어·문장,30aab4f1-0a08-40f8-8ec9-7fb904873471,봉좌산농원,농산물(사과),안강공설시장,전통시장,경상북도,,,
0960300c6a5af63f7cb7,full_annotation_v1,A,q_과일_09,과일 파는 곳,식료품 중 '과일'을 판매·제공하는 매장,val,과일,T4 구어·문장,e59beb2f-b57b-492e-a2c5-00d05b73edf7,군북과일,과일,성북시장,전통시장,부산광역시,,,
61c75e527e65a740de72,full_annotation_v1,A,q_과일_09,과일 파는 곳,식료품 중 '과일'을 판매·제공하는 매장,val,과일,T4 구어·문장,3e6e7885-b089-490d-9743-1d67ef9371cc,과일톡,과일,의정부시 구도심 상권활성화구역,상권활성화구역,경기도,,,
95c7db3f78a31297c565,full_annotation_v1,A,q_과일_09,과일 파는 곳,식료품 중 '과일'을 판매·제공하는 매장,val,과일,T4 구어·문장,5b20aaf0-37b4-4889-9660-c83968384f0b,"과일, 야채대장",과일 채소,좌동재래시장,전통시장,부산광역시,,,
243cf7bd2d52ff4159ba,full_annotation_v1,A,q_과일_09,과일 파는 곳,식료품 중 '과일'을 판매·제공하는 매장,val,과일,T4 구어·문장,3f3531a1-d993-45ae-b188-2104998253c6,욍과일,과일,은행나무시장(구시흥중앙시장),전통시장,서울특별시,,,
b77419e921839a87bdc6,full_annotation_v1,A,q_과일_09,과일 파는 곳,식료품 중 '과일'을 판매·제공하는 매장,val,과일,T4 구어·문장,009efeba-a92a-4bf2-867f-f40d57386d40,(유)진경농산,청과,가락몰골목형상점가,골목형상점가,서울특별시,,,
645380391bb9bcbcbec7,full_annotation_v1,A,q_과일_09,과일 파는 곳,식료품 중 '과일'을 판매·제공하는 매장,val,과일,T4 구어·문장,e50663cb-2e0e-4fb8-b139-7bd05c5cfe02,과일(강씨과일),과일,팔달신시장,전통시장,대구광역시,,,
5cb8e549a2d478a4fdab,full_annotation_v1,A,q_과일_09,과일 파는 곳,식료품 중 '과일'을 판매·제공하는 매장,val,과일,T4 구어·문장,b53ea375-bd60-4154-a506-4f610a832d05,리나커텐,"커텐, 원단",양동복개상가,전통시장,광주광역시,,,
7ecb528292ee511ad261,full_annotation_v1,A,q_과일_09,과일 파는 곳,식료품 중 '과일'을 판매·제공하는 매장,val,과일,T4 구어·문장,00ebc127-05c7-4f5b-8926-20ba39cc1cda,대전따봉,"소매(청과,생선)",권선종합시장,전통시장,경기도,,,
26e9f6a5a713e2455d7a,full_annotation_v1,A,q_과일_09,과일 파는 곳,식료품 중 '과일'을 판매·제공하는 매장,val,과일,T4 구어·문장,6c4ecb59-8fa0-4687-9aa6-3325dff6b130,과일나라,과일,괴정가장로 골목형상점가,골목형상점가,대전광역시,,,
d1187da32678a59f661e,full_annotation_v1,A,q_과일_09,과일 파는 곳,식료품 중 '과일'을 판매·제공하는 매장,val,과일,T4 구어·문장,641ee759-cac7-4812-ab2f-7b399371f880,과일나라,과일,장터길 골목형상점가,골목형상점가,경기도,,,
edaabf2d4846692951c4,full_annotation_v1,A,q_과일_09,과일 파는 곳,식료품 중 '과일'을 판매·제공하는 매장,val,과일,T4 구어·문장,0165a7f2-4303-433a-a548-17d89cb6fa0f,"꽃,과일","꽃, 과일",이동 골목형상점가,골목형상점가,경기도,,,
106a7e07e5e52acf274a,full_annotation_v1,A,q_과일_09,과일 파는 곳,식료품 중 '과일'을 판매·제공하는 매장,val,과일,T4 구어·문장,6bc9b36a-31f2-49da-8924-672493958b94,과일 정원,과일,오송역파라곤센트럴시티2차골목형상점가,골목형상점가,충청북도,,,
2de44484c855e2748d84,full_annotation_v1,A,q_과일_09,과일 파는 곳,식료품 중 '과일'을 판매·제공하는 매장,val,과일,T4 구어·문장,451f66e8-a8aa-442e-8899-8a22fe952437,예쁜과일,과일,개금골목시장,전통시장,부산광역시,,,
522008d72d4b724b9e21,full_annotation_v1,A,q_과일_09,과일 파는 곳,식료품 중 '과일'을 판매·제공하는 매장,val,과일,T4 구어·문장,5797f002-48ee-4167-835b-c246efb39cab,사계 신선 과일,과일,원미부흥시장,전통시장,경기도,,,
5e2c1ab74a77096dff21,full_annotation_v1,A,q_과일_09,과일 파는 곳,식료품 중 '과일'을 판매·제공하는 매장,val,과일,T4 구어·문장,c1e8546e-1a81-4dab-8006-5445de5aaaa8,과일나라,과일,장량성도시장,전통시장,경상북도,,,
5d9afa6f2e40064417b3,full_annotation_v1,A,q_과일_09,과일 파는 곳,식료품 중 '과일'을 판매·제공하는 매장,val,과일,T4 구어·문장,c161453d-f2c8-4b97-a2c3-a54e0cbdb7e8,생활용품 싸게 파는 집,잡화,안성중앙시장,전통시장,경기도,,,
27d9a25d979862839066,full_annotation_v1,A,q_과일_09,과일 파는 곳,식료품 중 '과일'을 판매·제공하는 매장,val,과일,T4 구어·문장,de1dc1a1-abbd-42c1-9293-6af8c390a9ce,청춘과일,과일,첨단하나로,골목형상점가,광주광역시,,,
432afe7b1f367d9a5057,full_annotation_v1,A,q_과일_09,과일 파는 곳,식료품 중 '과일'을 판매·제공하는 매장,val,과일,T4 구어·문장,ccc63c2c-1b36-40f1-8e62-09fbe3c7217e,훈훈한 과일,과일,정서진중앙시장(구 서구중앙시장),전통시장,인천광역시,,,
cac1ad1efb78d3557ba4,full_annotation_v1,A,q_과일_09,과일 파는 곳,식료품 중 '과일'을 판매·제공하는 매장,val,과일,T4 구어·문장,2acea435-157a-42b2-82f0-0bfe6b5e3be5,이레과일,과일,용인중앙시장,전통시장,경기도,,,
38dfd8f14e0f53cfb243,full_annotation_v1,A,q_과일_09,과일 파는 곳,식료품 중 '과일'을 판매·제공하는 매장,val,과일,T4 구어·문장,41271a18-a3ae-445b-86bd-f7a2651faabe,동현상회,사과청과,대구능금시장,전통시장,대구광역시,,,
ccb96e9ae4a9327b1dda,full_annotation_v1,A,q_과일_09,과일 파는 곳,식료품 중 '과일'을 판매·제공하는 매장,val,과일,T4 구어·문장,439744da-c202-4a54-b8eb-db79c6a56ceb,영광젓갈,젓갈,굴비골영광시장(구 영광매일시장),전통시장,전라남도,,,
888864a6b6ab2ac70ee6,full_annotation_v1,A,q_과일_09,과일 파는 곳,식료품 중 '과일'을 판매·제공하는 매장,val,과일,T4 구어·문장,8898592e-9850-4e53-97c8-a0ff37691b52,참과일,과일,연일전통시장,전통시장,경상북도,,,
20c32c07497b844267dd,full_annotation_v1,A,q_과일_09,과일 파는 곳,식료품 중 '과일'을 판매·제공하는 매장,val,과일,T4 구어·문장,b4abc037-178f-4713-91bb-c581ecf41a5f,신가수산,생선,신가동 골목형상점가,골목형상점가,광주광역시,,,
a6e151eadd15796d4877,full_annotation_v1,A,q_과일_09,과일 파는 곳,식료품 중 '과일'을 판매·제공하는 매장,val,과일,T4 구어·문장,8019268d-e8c3-49c6-b65d-eb3fb8e3a55f,짱과일,과일,꽃밭정이 골목형상점가,골목형상점가,전북특별자치도,,,
4d9f9f3c15b2f14d4f20,full_annotation_v1,A,q_과일_09,과일 파는 곳,식료품 중 '과일'을 판매·제공하는 매장,val,과일,T4 구어·문장,be3c13d0-5946-4b75-a158-c67fbb8308c6,경희과일,과일,반구시장,전통시장,울산광역시,,,
6a2745226f2eba3ec774,full_annotation_v1,A,q_과일_09,과일 파는 곳,식료품 중 '과일'을 판매·제공하는 매장,val,과일,T4 구어·문장,b6843f2b-0cdc-4ea9-8219-8af49e11779d,행복한 과일,과일,목포동부시장,전통시장,전라남도,,,
8113aa5d516a97ead3b8,full_annotation_v1,A,q_과일_09,과일 파는 곳,식료품 중 '과일'을 판매·제공하는 매장,val,과일,T4 구어·문장,8610a172-d4b3-4bf0-80a6-edc4d5baa104,과일나라,과일,목포동부시장,전통시장,전라남도,,,
5c5b3c450b37e4865209,full_annotation_v1,A,q_과일_09,과일 파는 곳,식료품 중 '과일'을 판매·제공하는 매장,val,과일,T4 구어·문장,b8f0e68e-bb3f-4993-bf4c-530ed5fa0cc9,풍성한과일,과일,포항죽도농산물시장,전통시장,경상북도,,,
fee52337b65f68aae681,full_annotation_v1,A,q_과일_09,과일 파는 곳,식료품 중 '과일'을 판매·제공하는 매장,val,과일,T4 구어·문장,06a818b2-847f-414f-89e8-b103f4ae145e,시계탑과일,과일,원주미로예술중앙시장(원주중앙시장),전통시장,강원특별자치도,,,
b1e37d6ae0d9820dfc2c,full_annotation_v1,A,q_과일_09,과일 파는 곳,식료품 중 '과일'을 판매·제공하는 매장,val,과일,T4 구어·문장,9af8442a-5c12-4f82-9c90-185f97336ff3,과일나라,과일,태평시장,전통시장,대전광역시,,,
454feea91cc17b15c01c,full_annotation_v1,A,q_과일_09,과일 파는 곳,식료품 중 '과일'을 판매·제공하는 매장,val,과일,T4 구어·문장,b2320054-86cb-47ac-a68f-7a5c9398c496,과일나라,과일,공릉동도깨비시장,전통시장,서울특별시,,,
008bebda855e2b9e3859,full_annotation_v1,A,q_과일_09,과일 파는 곳,식료품 중 '과일'을 판매·제공하는 매장,val,과일,T4 구어·문장,614d06b5-966b-4be0-9167-68ce2dc9bcda,장수과일,과일,김해 동상전통시장,전통시장,경상남도,,,
e704fc82db1a33b2e56e,full_annotation_v1,A,q_과일_09,과일 파는 곳,식료품 중 '과일'을 판매·제공하는 매장,val,과일,T4 구어·문장,31b0bfe3-cac5-47f0-867d-5552d8f0972a,과일 픽,과일,두정로 두정상가길 골목형상점가,골목형상점가,충청남도,,,
e3f8d6b514b12455b7a7,full_annotation_v1,A,q_과일_09,과일 파는 곳,식료품 중 '과일'을 판매·제공하는 매장,val,과일,T4 구어·문장,2743811c-5e71-4d2b-aa75-1b0147d44f2d,사우 꽃이 피는 곳,꽃,김포 풍년마을 골목형상점가,골목형상점가,경기도,,,
8b596386d5af427dc874,full_annotation_v1,A,q_과일_09,과일 파는 곳,식료품 중 '과일'을 판매·제공하는 매장,val,과일,T4 구어·문장,36fbb793-24e5-4f3f-948e-522b0f86b8b9,더 과일,과일,"지웰시티몰 1,2단지 골목형상점가",골목형상점가,충청남도,,,
d2833f313505df211e6d,full_annotation_v1,A,q_과일_09,과일 파는 곳,식료품 중 '과일'을 판매·제공하는 매장,val,과일,T4 구어·문장,33718306-2235-4dc8-980f-6194b2d058b8,달보드레 과일,과일,보정중심 골목형상점가,골목형상점가,경기도,,,
857576afac5d78baafb9,full_annotation_v1,A,q_과일_09,과일 파는 곳,식료품 중 '과일'을 판매·제공하는 매장,val,과일,T4 구어·문장,74d5e4df-535d-4df2-8a15-5202fcaac5e8,조은뿌리,야채,김해 외동전통시장,전통시장,경상남도,,,
40b1dbf26ce331eeca98,full_annotation_v1,A,q_과일_09,과일 파는 곳,식료품 중 '과일'을 판매·제공하는 매장,val,과일,T4 구어·문장,8996d187-a978-4644-b3e4-ca7c90d15c42,파레스,의류,호남동 골목형상점가,골목형상점가,광주광역시,,,
1015d837d728ed4940ce,full_annotation_v1,A,q_과일_09,과일 파는 곳,식료품 중 '과일'을 판매·제공하는 매장,val,과일,T4 구어·문장,247ddfde-cc23-4451-a254-bc0ee1931a6d,과일나라,과일,북수원시장( 구 파장시장),전통시장,경기도,,,
af55d353c8d6c5bb0f79,full_annotation_v1,A,q_과일_09,과일 파는 곳,식료품 중 '과일'을 판매·제공하는 매장,val,과일,T4 구어·문장,a960ea42-1a1b-4024-a067-348915fd1762,지니분식,한식분식점,창원 상남시장,전통시장,경상남도,,,
cf0dd315b6c2626d4e9a,full_annotation_v1,A,q_과일_09,과일 파는 곳,식료품 중 '과일'을 판매·제공하는 매장,val,과일,T4 구어·문장,e9c484e6-7c6f-447b-ba33-7c6069442634,과일나라,과일,구역전시장,전통시장,울산광역시,,,
5d5f810f1531ec400923,full_annotation_v1,A,q_과일_09,과일 파는 곳,식료품 중 '과일'을 판매·제공하는 매장,val,과일,T4 구어·문장,fece4c59-3bea-4bda-8a9d-16d4ee800626,경북과일,과일,포항죽도농산물시장,전통시장,경상북도,,,
41844f0df54dc1ff62d3,full_annotation_v1,A,q_과일_09,과일 파는 곳,식료품 중 '과일'을 판매·제공하는 매장,val,과일,T4 구어·문장,00045dfc-0681-4fb3-8265-33b3df14c289,한라농산,과일,황지시장상점가,자율상권구역,강원특별자치도,,,
8f3beb4e4ac319b5dfcf,full_annotation_v1,A,q_과일_09,과일 파는 곳,식료품 중 '과일'을 판매·제공하는 매장,val,과일,T4 구어·문장,0af5f838-4190-4a50-8032-c9982143d578,청해과일,과일,구역전전통시장,전통시장,울산광역시,,,
3a2cd8a112d7287dd7e8,full_annotation_v1,A,q_과일_09,과일 파는 곳,식료품 중 '과일'을 판매·제공하는 매장,val,과일,T4 구어·문장,bf9d3dcb-e5da-4ee8-b781-e4939b5f3abc,명성청과,과일,성서와룡시장,전통시장,대구광역시,,,
cbfb1b6cabd13fdb0266,full_annotation_v1,A,q_과일_09,과일 파는 곳,식료품 중 '과일'을 판매·제공하는 매장,val,과일,T4 구어·문장,cae8849b-5676-4b4a-973f-ba74b776d48e,고흥과일,과일,목포동부시장,전통시장,전라남도,,,
74625d00753ed934ea5a,full_annotation_v1,A,q_과일_09,과일 파는 곳,식료품 중 '과일'을 판매·제공하는 매장,val,과일,T4 구어·문장,f01a3800-a20d-4912-a3a0-302a163478f8,과일나라,과일,신평리시장,전통시장,대구광역시,,,
6714bc65b9555b97cebe,full_annotation_v1,A,q_과일_09,과일 파는 곳,식료품 중 '과일'을 판매·제공하는 매장,val,과일,T4 구어·문장,0a616092-c136-486a-be27-0dc7a2116f6f,소문난 과일,과일,중곡제일골목시장(중곡제일전통시장),전통시장,서울특별시,,,
4d9de079b3f5295755fa,full_annotation_v1,A,q_과일_09,과일 파는 곳,식료품 중 '과일'을 판매·제공하는 매장,val,과일,T4 구어·문장,d250e4cb-997d-44f8-8d99-5d9505ec8cb4,과일,과일,능동로골목시장(자양한강전통시장),전통시장,서울특별시,,,
01ce0e48a106e6ac0e79,full_annotation_v1,A,q_과일_09,과일 파는 곳,식료품 중 '과일'을 판매·제공하는 매장,val,과일,T4 구어·문장,84de0b35-60d6-46d3-b0aa-79e52ffe213f,재필이네 과일,과일,둔포전통시장,전통시장,충청남도,,,
72671182826fd2e807c2,full_annotation_v1,A,q_과일_09,과일 파는 곳,식료품 중 '과일'을 판매·제공하는 매장,val,과일,T4 구어·문장,4ccfa149-b4f6-4212-9bb7-414643477abe,대광과일,과일,덕풍전통시장,전통시장,경기도,,,
52896457de54e2793a08,full_annotation_v1,A,q_과일_09,과일 파는 곳,식료품 중 '과일'을 판매·제공하는 매장,val,과일,T4 구어·문장,0042e83d-930b-4d1d-a96f-f1a2691256cd,성화상회,과일,대구능금시장,전통시장,대구광역시,,,
324545ee6dc13b988d6b,full_annotation_v1,A,q_과일_09,과일 파는 곳,식료품 중 '과일'을 판매·제공하는 매장,val,과일,T4 구어·문장,1732b474-5fd1-4efa-b932-ca82015e604d,제주애() 과일,과일,제주시민속오일시장,전통시장,제주특별자치도,,,
6452c8f614495dcf411e,full_annotation_v1,A,q_과일_09,과일 파는 곳,식료품 중 '과일'을 판매·제공하는 매장,val,과일,T4 구어·문장,d90ec355-3194-4734-965a-995e2aed7423,훈훈한 과일,농산물 과일,석바위시장,전통시장,인천광역시,,,
584ab743386b10eb2f70,full_annotation_v1,A,q_과일_09,과일 파는 곳,식료품 중 '과일'을 판매·제공하는 매장,val,과일,T4 구어·문장,90837a7f-5899-4589-905d-b1f91f48d97b,과일실록,과일,상계중앙시장,전통시장,서울특별시,,,
6aa5bb45cadf55e97410,full_annotation_v1,A,q_과일_09,과일 파는 곳,식료품 중 '과일'을 판매·제공하는 매장,val,과일,T4 구어·문장,35883750-a8fa-4dc2-a2e9-90c571031879,지리산고지농원,"사과, 종자, 오미자",남원인월시장,전통시장,전북특별자치도,,,
7c50a582142320acd815,full_annotation_v1,A,q_과일_09,과일 파는 곳,식료품 중 '과일'을 판매·제공하는 매장,val,과일,T4 구어·문장,12def721-d9b2-4401-8120-605d3bae375f,수과일,과일,용호1동골목시장,전통시장,부산광역시,,,
f38121ba0ec3a442b839,full_annotation_v1,A,q_과일_09,과일 파는 곳,식료품 중 '과일'을 판매·제공하는 매장,val,과일,T4 구어·문장,ac830611-6a55-4e52-85e6-49726339153a,태양농산,과일,부천상동시장,전통시장,경기도,,,
f5461ea3eec0e50b2fcd,full_annotation_v1,A,q_과일_09,과일 파는 곳,식료품 중 '과일'을 판매·제공하는 매장,val,과일,T4 구어·문장,75f6cb49-965b-48ee-bf8f-c1847c903d0a,단과일,과일,다같이 울산송정 골목형상점가,골목형상점가,울산광역시,,,
5286f9cfd232a6565a8d,full_annotation_v1,A,q_과일_09,과일 파는 곳,식료품 중 '과일'을 판매·제공하는 매장,val,과일,T4 구어·문장,003d7e3f-6459-4018-ac58-7184cd2457d5,눈치 금호점,카페,금호1동상가번영회 골목형상점가,골목형상점가,광주광역시,,,
4daa2d3a0a590fce01d0,full_annotation_v1,A,q_과일_09,과일 파는 곳,식료품 중 '과일'을 판매·제공하는 매장,val,과일,T4 구어·문장,00e927c5-be32-44e1-b7fd-80e9cfc81773,진양상회,청과물,진주 청과시장,전통시장,경상남도,,,
fb479d12cd41bc63b692,full_annotation_v1,A,q_과일_09,과일 파는 곳,식료품 중 '과일'을 판매·제공하는 매장,val,과일,T4 구어·문장,006204f3-b214-4611-a434-f896bf75e919,장터사랑,과일,농성세대공감상인회 골목형상점가,골목형상점가,광주광역시,,,
44f413c78064b58a2294,full_annotation_v1,A,q_과일_09,과일 파는 곳,식료품 중 '과일'을 판매·제공하는 매장,val,과일,T4 구어·문장,003e7ebf-1112-4ab4-a484-67716e4b2a85,이든,카페,원주중앙시장활성화구역,상권활성화구역,강원특별자치도,,,
fcf4132726a201726f53,full_annotation_v1,A,q_과일_09,과일 파는 곳,식료품 중 '과일'을 판매·제공하는 매장,val,과일,T4 구어·문장,00468e6b-39c6-4ce1-a534-a6b1eecac01d,태양농산물,과일,정릉서경대길골목형상점가(정릉골),골목형상점가,서울특별시,,,
ccb3d9a2dac8dfab5e36,full_annotation_v1,A,q_과일_09,과일 파는 곳,식료품 중 '과일'을 판매·제공하는 매장,val,과일,T4 구어·문장,bb18c45d-9514-47c4-9b16-0ba51cbff6a7,건후네 과일,과일,용문천년시장,전통시장,경기도,,,
f22f1415a2ba344d6121,full_annotation_v1,A,q_과일_09,과일 파는 곳,식료품 중 '과일'을 판매·제공하는 매장,val,과일,T4 구어·문장,24b69b32-4668-4fb8-9c62-45dc0162599e,미다모은,공예 부속품 및 기념품판매,성덕중사거리,골목형상점가,광주광역시,,,
37463edfafdbb3689d9e,full_annotation_v1,A,q_과일_09,과일 파는 곳,식료품 중 '과일'을 판매·제공하는 매장,val,과일,T4 구어·문장,76a3551b-dae4-4326-92cc-662015aedbfb,쉴 곳,한식,칠성로상점가,자율상권구역,제주특별자치도,,,
00d7204791f25dcb9091,full_annotation_v1,A,q_과일_09,과일 파는 곳,식료품 중 '과일'을 판매·제공하는 매장,val,과일,T4 구어·문장,69073e4f-39a1-4bb2-9d42-ca57b18cb03a,은서과일,과일,달서시장,전통시장,대구광역시,,,
85efcee740bf7235079d,full_annotation_v1,A,q_과일_09,과일 파는 곳,식료품 중 '과일'을 판매·제공하는 매장,val,과일,T4 구어·문장,20441f89-33d3-48ab-8cd1-46d4e6234f5e,과일나라,과일,대명신시장,전통시장,대구광역시,,,
2038acc2200474d9aad0,full_annotation_v1,A,q_과일_09,과일 파는 곳,식료품 중 '과일'을 판매·제공하는 매장,val,과일,T4 구어·문장,00333be0-b70d-4197-aa97-5a277d61e0da,㈜신진후르츠,과일,부전농수산물새벽시장,전통시장,부산광역시,,,
bf9c9d43615a100262c0,full_annotation_v1,A,q_과일_09,과일 파는 곳,식료품 중 '과일'을 판매·제공하는 매장,val,과일,T4 구어·문장,234ee312-05ba-4183-af7a-8a8ac8f25047,과일#,과일,서부시장상점가(서부시장 통합),전통시장,전북특별자치도,,,
d4e6acf231a5205e35ec,full_annotation_v1,A,q_과일_09,과일 파는 곳,식료품 중 '과일'을 판매·제공하는 매장,val,과일,T4 구어·문장,31fcc0ce-54c8-480a-a4b7-607597718a2d,농산물,과일,삼천동제일 골목형상점가,골목형상점가,전북특별자치도,,,
79004ba212906345148f,full_annotation_v1,A,q_과일_09,과일 파는 곳,식료품 중 '과일'을 판매·제공하는 매장,val,과일,T4 구어·문장,bc8b2639-3ddc-4af2-a5c0-457ad0ca686b,남해과일,과일,함안 가야전통시장,전통시장,경상남도,,,
ab574a6acb8e8e7c63a9,full_annotation_v1,A,q_과일_09,과일 파는 곳,식료품 중 '과일'을 판매·제공하는 매장,val,과일,T4 구어·문장,ab7abf3b-c86c-46b7-a254-9e9124bd1cda,고향과일,과일,월배신시장,전통시장,대구광역시,,,
a36d8a271cf9f376f5b1,full_annotation_v1,A,q_과일_09,과일 파는 곳,식료품 중 '과일'을 판매·제공하는 매장,val,과일,T4 구어·문장,18603839-70c1-4941-8f60-f20154907e00,황소건어물 과일,건어물 과일,푸른마을공동체센터 골목형상점가,골목형상점가,광주광역시,,,
578e389d08cc94ac5da9,full_annotation_v1,A,q_과일_09,과일 파는 곳,식료품 중 '과일'을 판매·제공하는 매장,val,과일,T4 구어·문장,26bec8be-7e70-41c6-b463-833aa0224e18,진이네 과일,과일,가좌동골목형상점가,골목형상점가,경기도,,,
5e95a281d6d425bfd24e,full_annotation_v1,A,q_과일_09,과일 파는 곳,식료품 중 '과일'을 판매·제공하는 매장,val,과일,T4 구어·문장,07aa9211-faba-46ea-bda8-0efd60f4653c,과일짱,과일,광명새마을시장,전통시장,경기도,,,
06e811e1338b784e3215,full_annotation_v1,A,q_과일_09,과일 파는 곳,식료품 중 '과일'을 판매·제공하는 매장,val,과일,T4 구어·문장,656f192f-72d8-4531-aec0-18bd03d05bc6,명과일,과일,장위전통시장,전통시장,서울특별시,,,
b544c0ea546f17705285,full_annotation_v1,A,q_과일_09,과일 파는 곳,식료품 중 '과일'을 판매·제공하는 매장,val,과일,T4 구어·문장,07f5dcc1-080d-4db8-807f-7c2904ee20b2,개똥이네 과일,과일,당감골목시장,전통시장,부산광역시,,,
dba5a282387cddf3ef72,full_annotation_v1,A,q_과일_09,과일 파는 곳,식료품 중 '과일'을 판매·제공하는 매장,val,과일,T4 구어·문장,0063671e-77f7-466c-bbc2-223497c0dae4,무가당,카페,세병호 골목형상점가,골목형상점가,전북특별자치도,,,
0ea0d69242f3ebaf2bbd,full_annotation_v1,A,q_과일_09,과일 파는 곳,식료품 중 '과일'을 판매·제공하는 매장,val,과일,T4 구어·문장,9066a406-0030-4259-94ad-e96c0715fe88,과일 창고,과일,정림동 골목형상점가,골목형상점가,대전광역시,,,
24d3b5484b9d68b2da9a,full_annotation_v1,A,q_과일_09,과일 파는 곳,식료품 중 '과일'을 판매·제공하는 매장,val,과일,T4 구어·문장,28af9e0d-500b-41f1-8bef-d5421714c15f,싱싱과일나라,과일,감전시장,전통시장,부산광역시,,,
76935079fecb4b9fc470,full_annotation_v1,A,q_과일_09,과일 파는 곳,식료품 중 '과일'을 판매·제공하는 매장,val,과일,T4 구어·문장,00d3ef33-13db-4750-93a0-4b31010fcb70,온유베이크,카페,스타타워1 골목형상점가,골목형상점가,인천광역시,,,
564150569984ed2e1866,full_annotation_v1,A,q_과일_09,과일 파는 곳,식료품 중 '과일'을 판매·제공하는 매장,val,과일,T4 구어·문장,8e2ea134-dd75-4c3e-a414-aabf4a50c93e,과일나라,과일,언양알프스시장,전통시장,울산광역시,,,
1eddb53485779ad72c0a,full_annotation_v1,A,q_과일_09,과일 파는 곳,식료품 중 '과일'을 판매·제공하는 매장,val,과일,T4 구어·문장,1102444e-cdcf-4822-afd6-cb712f6677d5,중앙청과,과일,경안전통시장,전통시장,경기도,,,
d536219d385f3a807e21,full_annotation_v1,A,q_과일_09,과일 파는 곳,식료품 중 '과일'을 판매·제공하는 매장,val,과일,T4 구어·문장,a794767b-9613-4dc6-a8f8-429ea10e8546,두리 과일,과일,익산장(구 북부장),전통시장,전북특별자치도,,,
6f3df46f6ab9515580ab,full_annotation_v1,A,q_과일_09,과일 파는 곳,식료품 중 '과일'을 판매·제공하는 매장,val,과일,T4 구어·문장,fc147f40-3785-420d-8004-37ce85e97d45,주식회사 엠에스통신,,산본로데오거리(구 산본중심상가),자율상권구역,경기도,,,
2a96e2dd0158edfc058b,full_annotation_v1,A,q_과일_10,과일추천,식료품 중 '과일'을 판매·제공하는 매장,val,과일,T6 기계변형,00d3ef33-13db-4750-93a0-4b31010fcb70,온유베이크,카페,스타타워1 골목형상점가,골목형상점가,인천광역시,,,
b1f1beed6952a28994b6,full_annotation_v1,A,q_과일_10,과일추천,식료품 중 '과일'을 판매·제공하는 매장,val,과일,T6 기계변형,e2966631-1c7a-461a-a114-9d17987241cb,와동상회,농산물,홍천시장(홍천구시장),전통시장,강원특별자치도,,,
f9f5dc8db8c3a4f50493,full_annotation_v1,A,q_과일_10,과일추천,식료품 중 '과일'을 판매·제공하는 매장,val,과일,T6 기계변형,7dd34579-0d23-481e-8d86-6cc8d445d89d,다연훠궈,중식,충주원도심뉴트로상권,상권활성화구역,충청북도,,,
7368729176a4ed175fdd,full_annotation_v1,A,q_과일_10,과일추천,식료품 중 '과일'을 판매·제공하는 매장,val,과일,T6 기계변형,8019268d-e8c3-49c6-b65d-eb3fb8e3a55f,짱과일,과일,꽃밭정이 골목형상점가,골목형상점가,전북특별자치도,,,
6e69fc4a29f24541ff17,full_annotation_v1,A,q_과일_10,과일추천,식료품 중 '과일'을 판매·제공하는 매장,val,과일,T6 기계변형,3b8fbf7e-c6a0-4b9b-a05d-4d695e96190c,과일꾸러미,과일,화정소담상인회 골목형상점가,골목형상점가,광주광역시,,,
1d98e39346d0b7f7e57a,full_annotation_v1,A,q_과일_10,과일추천,식료품 중 '과일'을 판매·제공하는 매장,val,과일,T6 기계변형,00e927c5-be32-44e1-b7fd-80e9cfc81773,진양상회,청과물,진주 청과시장,전통시장,경상남도,,,
80c2bc6470532c23373a,full_annotation_v1,A,q_과일_10,과일추천,식료품 중 '과일'을 판매·제공하는 매장,val,과일,T6 기계변형,84b86250-c550-4009-ab22-757bf69939fd,과일은 살안쪄,과일,동림푸른 골목형상점가,골목형상점가,광주광역시,,,
689e2913cfa2089d6cfc,full_annotation_v1,A,q_과일_10,과일추천,식료품 중 '과일'을 판매·제공하는 매장,val,과일,T6 기계변형,0063671e-77f7-466c-bbc2-223497c0dae4,무가당,카페,세병호 골목형상점가,골목형상점가,전북특별자치도,,,
010d53127eb100ed3444,full_annotation_v1,A,q_과일_10,과일추천,식료품 중 '과일'을 판매·제공하는 매장,val,과일,T6 기계변형,35883750-a8fa-4dc2-a2e9-90c571031879,지리산고지농원,"사과, 종자, 오미자",남원인월시장,전통시장,전북특별자치도,,,
313fc52273b4cf9b3dbe,full_annotation_v1,A,q_과일_10,과일추천,식료품 중 '과일'을 판매·제공하는 매장,val,과일,T6 기계변형,37493098-a068-4c71-858d-25240ddfccb0,과일부자,과일,예산상설시장,전통시장,충청남도,,,
b8e74c011e0e6bf9f255,full_annotation_v1,A,q_과일_10,과일추천,식료품 중 '과일'을 판매·제공하는 매장,val,과일,T6 기계변형,fff524d9-2b80-4495-8a50-3e99039afa1a,약국옆과일,과일,신 강남시장,전통시장,인천광역시,,,
cd8a33f94beee87a98db,full_annotation_v1,A,q_과일_10,과일추천,식료품 중 '과일'을 판매·제공하는 매장,val,과일,T6 기계변형,998d6278-b129-4f1e-bd1e-11991e8b9a95,메가엠지씨커피 세종도담점,커피음료디저트,카림애비뉴애 골목형상점가,골목형상점가,세종특별자치시,,,
c0a7ea2b6a6104a14c7f,full_annotation_v1,A,q_과일_10,과일추천,식료품 중 '과일'을 판매·제공하는 매장,val,과일,T6 기계변형,bc22ac65-ce42-4e5c-a03c-95a69e142a93,과일전문점,과일,오류버들시장골목형상점가,골목형상점가,서울특별시,,,
e6f1f3d47245adc6c975,full_annotation_v1,A,q_과일_10,과일추천,식료품 중 '과일'을 판매·제공하는 매장,val,과일,T6 기계변형,00da8084-69b5-4bcc-b2ca-3eaf11175611,밀키샵 별내점,디저트,별내로데오상점가,골목형상점가,경기도,,,
1118e6b57f459b5848cc,full_annotation_v1,A,q_과일_10,과일추천,식료품 중 '과일'을 판매·제공하는 매장,val,과일,T6 기계변형,07aa9211-faba-46ea-bda8-0efd60f4653c,과일짱,과일,광명새마을시장,전통시장,경기도,,,
defe78dd6f645dd62432,full_annotation_v1,A,q_과일_10,과일추천,식료품 중 '과일'을 판매·제공하는 매장,val,과일,T6 기계변형,a68e6f03-6254-4281-9de2-c9d6d585e624,과일마당,과일,좌동재래시장,전통시장,부산광역시,,,
f6c11c3208b78c715990,full_annotation_v1,A,q_과일_10,과일추천,식료품 중 '과일'을 판매·제공하는 매장,val,과일,T6 기계변형,8898592e-9850-4e53-97c8-a0ff37691b52,참과일,과일,연일전통시장,전통시장,경상북도,,,
7a5c63659976d7abc322,full_annotation_v1,A,q_과일_10,과일추천,식료품 중 '과일'을 판매·제공하는 매장,val,과일,T6 기계변형,edceee03-fbb0-4c43-86af-b46c94360a83,이근철청과,과일,남부시장,전통시장,경상북도,,,
eaf57f42aeda12d9389a,full_annotation_v1,A,q_과일_10,과일추천,식료품 중 '과일'을 판매·제공하는 매장,val,과일,T6 기계변형,90837a7f-5899-4589-905d-b1f91f48d97b,과일실록,과일,상계중앙시장,전통시장,서울특별시,,,
b8a6cb96b5008f27121b,full_annotation_v1,A,q_과일_10,과일추천,식료품 중 '과일'을 판매·제공하는 매장,val,과일,T6 기계변형,c5bcfe09-6ef1-46e5-9f9a-70a2a55f7b71,웰빙착한고기,축산,남광주시장,전통시장,,,,
748a10dbde40dcfaf07f,full_annotation_v1,A,q_과일_10,과일추천,식료품 중 '과일'을 판매·제공하는 매장,val,과일,T6 기계변형,7b654bdf-fdd1-4394-ba15-b59485cd7823,과일유통,과일,석바위시장,전통시장,인천광역시,,,
540926cb30f8609c946f,full_annotation_v1,A,q_과일_10,과일추천,식료품 중 '과일'을 판매·제공하는 매장,val,과일,T6 기계변형,6ac8cf86-ef51-4d9a-a28d-27dc57fc1af8,지형청과,과일,서귀포향토오일시장,전통시장,제주특별자치도,,,
576c6025c155f893ddd4,full_annotation_v1,A,q_과일_10,과일추천,식료품 중 '과일'을 판매·제공하는 매장,val,과일,T6 기계변형,3e6e7885-b089-490d-9743-1d67ef9371cc,과일톡,과일,의정부시 구도심 상권활성화구역,상권활성화구역,경기도,,,
bd8eaa85f3da5aae67dd,full_annotation_v1,A,q_과일_10,과일추천,식료품 중 '과일'을 판매·제공하는 매장,val,과일,T6 기계변형,bb18c45d-9514-47c4-9b16-0ba51cbff6a7,건후네 과일,과일,용문천년시장,전통시장,경기도,,,
4081ad5c2cb7f219a96e,full_annotation_v1,A,q_과일_10,과일추천,식료품 중 '과일'을 판매·제공하는 매장,val,과일,T6 기계변형,003e7ebf-1112-4ab4-a484-67716e4b2a85,이든,카페,원주중앙시장활성화구역,상권활성화구역,강원특별자치도,,,
99e2ae19c9dd3be68da1,full_annotation_v1,A,q_과일_10,과일추천,식료품 중 '과일'을 판매·제공하는 매장,val,과일,T6 기계변형,fc9c60d0-c242-4b7f-9b09-60db435a59e0,과일밭,과일,남목전통시장,전통시장,울산광역시,,,
7b8f4c657789e6a3865e,full_annotation_v1,A,q_과일_10,과일추천,식료품 중 '과일'을 판매·제공하는 매장,val,과일,T6 기계변형,4c347647-04f9-40f8-9463-aaab69a5733d,센트럴세탁,세탁,"각화서희,더샵주변 골목형상점가",골목형상점가,광주광역시,,,
3db04fc8ab61e0c3e7f3,full_annotation_v1,A,q_과일_10,과일추천,식료품 중 '과일'을 판매·제공하는 매장,val,과일,T6 기계변형,3f3531a1-d993-45ae-b188-2104998253c6,욍과일,과일,은행나무시장(구시흥중앙시장),전통시장,서울특별시,,,
01c74aa96082119b7b52,full_annotation_v1,A,q_과일_10,과일추천,식료품 중 '과일'을 판매·제공하는 매장,val,과일,T6 기계변형,39d741e2-64e6-4320-b895-b2c741a5015f,과일본부장,과일,괴정골목시장,전통시장,부산광역시,,,
a24338408f4b6ddef936,full_annotation_v1,A,q_과일_10,과일추천,식료품 중 '과일'을 판매·제공하는 매장,val,과일,T6 기계변형,ab9f5a42-aa17-4ca7-98bb-57bde247562f,과일집,과일,태릉골목형상점가,골목형상점가,서울특별시,,,
39e3658d93927bebd7d6,full_annotation_v1,A,q_과일_10,과일추천,식료품 중 '과일'을 판매·제공하는 매장,val,과일,T6 기계변형,00ebc127-05c7-4f5b-8926-20ba39cc1cda,대전따봉,"소매(청과,생선)",권선종합시장,전통시장,경기도,,,
8b8e4ef3b2412c90819d,full_annotation_v1,A,q_과일_10,과일추천,식료품 중 '과일'을 판매·제공하는 매장,val,과일,T6 기계변형,07d974e4-4e7d-41fe-8b1f-a7a96756dc79,백산청과,사과,충주농산물종합시장(구 중앙청과시장),전통시장,충청북도,,,
19479876b921ee13f275,full_annotation_v1,A,q_과일_10,과일추천,식료품 중 '과일'을 판매·제공하는 매장,val,과일,T6 기계변형,3c49cc60-6135-4713-bf97-a40661ba8e07,뉴팜,사과 샤인머스켓,금오시장,전통시장,경상북도,,,
c9225bd8128ac1369734,full_annotation_v1,A,q_과일_10,과일추천,식료품 중 '과일'을 판매·제공하는 매장,val,과일,T6 기계변형,36fbb793-24e5-4f3f-948e-522b0f86b8b9,더 과일,과일,"지웰시티몰 1,2단지 골목형상점가",골목형상점가,충청남도,,,
daf0dcbe5e9012a63f04,full_annotation_v1,A,q_과일_10,과일추천,식료품 중 '과일'을 판매·제공하는 매장,val,과일,T6 기계변형,47458328-e1f1-4036-a9bc-d3dabb4ad908,과일랜드,과일,도마큰시장,전통시장,대전광역시,,,
4d701c6e13944287ad95,full_annotation_v1,A,q_과일_10,과일추천,식료품 중 '과일'을 판매·제공하는 매장,val,과일,T6 기계변형,3857f411-deb4-41d4-af9f-ca4b735d423f,가방메고모자쓰고,가방,당진원시가지상가,자율상권구역,충청남도,,,
ae179f0248b775b61f81,full_annotation_v1,A,q_과일_10,과일추천,식료품 중 '과일'을 판매·제공하는 매장,val,과일,T6 기계변형,3fabff5f-e9f4-4499-abd1-e836468e0ea8,과일맨,과일 및 야채,용봉지구 골목형상점가,골목형상점가,광주광역시,,,
32d4a02af81680c312b2,full_annotation_v1,A,q_과일_10,과일추천,식료품 중 '과일'을 판매·제공하는 매장,val,과일,T6 기계변형,2632d8a6-9a3e-4627-8814-fa0f7a3fec3d,연관청과,과일,현대상가시장,전통시장,충청남도,,,
a7206031bb46fc499295,full_annotation_v1,A,q_과일_10,과일추천,식료품 중 '과일'을 판매·제공하는 매장,val,과일,T6 기계변형,e59beb2f-b57b-492e-a2c5-00d05b73edf7,군북과일,과일,성북시장,전통시장,부산광역시,,,
45f905e7292ccbd51e4b,full_annotation_v1,A,q_과일_10,과일추천,식료품 중 '과일'을 판매·제공하는 매장,val,과일,T6 기계변형,296f6464-51f1-4dde-937b-102d1962b1cd,미소축산물도매센터,축산,남문시장,전통시장,서울특별시,,,
5fdb40314d71d4bbfa1b,full_annotation_v1,A,q_과일_10,과일추천,식료품 중 '과일'을 판매·제공하는 매장,val,과일,T6 기계변형,d250e4cb-997d-44f8-8d99-5d9505ec8cb4,과일,과일,능동로골목시장(자양한강전통시장),전통시장,서울특별시,,,
019fbadfc4f2d4a7dadb,full_annotation_v1,A,q_과일_10,과일추천,식료품 중 '과일'을 판매·제공하는 매장,val,과일,T6 기계변형,84de0b35-60d6-46d3-b0aa-79e52ffe213f,재필이네 과일,과일,둔포전통시장,전통시장,충청남도,,,
58f6f6fa86a0fb0e6ae5,full_annotation_v1,A,q_과일_10,과일추천,식료품 중 '과일'을 판매·제공하는 매장,val,과일,T6 기계변형,80c4738a-934b-4b41-9de9-a82a5967a614,천외천,한식,상봉먹자골목형상점가,골목형상점가,서울특별시,,,
9689d841dd59126425c5,full_annotation_v1,A,q_과일_10,과일추천,식료품 중 '과일'을 판매·제공하는 매장,val,과일,T6 기계변형,006204f3-b214-4611-a434-f896bf75e919,장터사랑,과일,농성세대공감상인회 골목형상점가,골목형상점가,광주광역시,,,
dfe8d39a32c17ded413d,full_annotation_v1,A,q_과일_10,과일추천,식료품 중 '과일'을 판매·제공하는 매장,val,과일,T6 기계변형,b68e56b6-a59e-4b3a-b876-69c3ada93551,"과일을,담다",과일,대성상가 골목형상점가,골목형상점가,부산광역시,,,
91766e9b1e8b897ad87a,full_annotation_v1,A,q_과일_10,과일추천,식료품 중 '과일'을 판매·제공하는 매장,val,과일,T6 기계변형,3489ef39-b782-4468-8e92-284d9b7018da,서천방앗간,방앗간,보령중앙시장,전통시장,충청남도,,,
7327a38b89bcba33529d,full_annotation_v1,A,q_과일_10,과일추천,식료품 중 '과일'을 판매·제공하는 매장,val,과일,T6 기계변형,677b8fee-6263-4317-a3ad-1604b7e57616,링스 조치원점,의류,조치원중심가로상점가,자율상권구역,세종특별자치시,,,
cfe7eaaaf3438bdc8336,full_annotation_v1,A,q_과일_10,과일추천,식료품 중 '과일'을 판매·제공하는 매장,val,과일,T6 기계변형,a214869a-0496-47e3-975d-3bb6e8cb3cf4,동해수산,,광명전통시장,전통시장,경기도,,,
e7769b34450a0d73c661,full_annotation_v1,A,q_과일_10,과일추천,식료품 중 '과일'을 판매·제공하는 매장,val,과일,T6 기계변형,72e6b173-6813-4e5d-8c1d-8876c6e32f10,찰칵사진관,사진관,춘천지하상가,일반지하상점가,강원특별자치도,,,
dc3d239192c44d597c12,full_annotation_v1,A,q_과일_10,과일추천,식료품 중 '과일'을 판매·제공하는 매장,val,과일,T6 기계변형,b17526ac-af8d-4e0e-97b4-3cbf29acda2a,욱수과일,과일,신매시장,전통시장,대구광역시,,,
0eaedc7fa25fff14b8f1,full_annotation_v1,A,q_과일_10,과일추천,식료품 중 '과일'을 판매·제공하는 매장,val,과일,T6 기계변형,003d7e3f-6459-4018-ac58-7184cd2457d5,눈치 금호점,카페,금호1동상가번영회 골목형상점가,골목형상점가,광주광역시,,,
d0f09e6c8b8c40cd2133,full_annotation_v1,A,q_과일_10,과일추천,식료품 중 '과일'을 판매·제공하는 매장,val,과일,T6 기계변형,234ee312-05ba-4183-af7a-8a8ac8f25047,과일#,과일,서부시장상점가(서부시장 통합),전통시장,전북특별자치도,,,
96f0f30113968d90539d,full_annotation_v1,A,q_과일_10,과일추천,식료품 중 '과일'을 판매·제공하는 매장,val,과일,T6 기계변형,acf3e00c-97c6-42c6-b183-6b737f32d9ea,광주붙임머리전문점센스,미용실,금남지하도상가2공구,일반지하상점가,광주광역시,,,
3a96efa0004ea65a2ec7,full_annotation_v1,A,q_과일_10,과일추천,식료품 중 '과일'을 판매·제공하는 매장,val,과일,T6 기계변형,a58d42d3-47a3-4e04-b3cf-ba84808b0177,과일삼촌,과일,신안제일행복한 골목형상점가,골목형상점가,광주광역시,,,
dadec6f6a6d743871d61,full_annotation_v1,A,q_과일_10,과일추천,식료품 중 '과일'을 판매·제공하는 매장,val,과일,T6 기계변형,2bd1de52-85e3-455b-baee-d5fc453fdd10,이태리부대찌개 낙성대점,한식,낙낙별길골목형상점가,골목형상점가,서울특별시,,,
b72805703e5678d12342,full_annotation_v1,A,q_과일_10,과일추천,식료품 중 '과일'을 판매·제공하는 매장,val,과일,T6 기계변형,3bc4bff7-f209-4873-bf65-cd78ac127a08,과일특공대,과일,대연중앙골목시장 골목형상점가,골목형상점가,부산광역시,,,
6f80b24045d028b5592d,full_annotation_v1,A,q_과일_10,과일추천,식료품 중 '과일'을 판매·제공하는 매장,val,과일,T6 기계변형,00333be0-b70d-4197-aa97-5a277d61e0da,㈜신진후르츠,과일,부전농수산물새벽시장,전통시장,부산광역시,,,
446949f7d3a15a7df882,full_annotation_v1,A,q_과일_10,과일추천,식료품 중 '과일'을 판매·제공하는 매장,val,과일,T6 기계변형,3ce95951-87b4-446c-a76f-975a295f65da,과일팜,과일,풍암우미상인회 골목형상점가,골목형상점가,광주광역시,,,
6d15f394b500abd86339,full_annotation_v1,A,q_과일_10,과일추천,식료품 중 '과일'을 판매·제공하는 매장,val,과일,T6 기계변형,3847397b-c8df-4285-91bd-f01548bf6a31,백해수 과일,과일,봉덕신시장,전통시장,대구광역시,,,
c4fe96b00e1df1b14f65,full_annotation_v1,A,q_과일_10,과일추천,식료품 중 '과일'을 판매·제공하는 매장,val,과일,T6 기계변형,93aa9685-f74d-4c3e-a362-915e6a3d6a44,이쿠,한식,낙낙별길골목형상점가,골목형상점가,서울특별시,,,
7e26ba6530d4ce2d0f87,full_annotation_v1,A,q_과일_10,과일추천,식료품 중 '과일'을 판매·제공하는 매장,val,과일,T6 기계변형,1b111ef0-a167-406f-99e9-105675a0918a,과일만남,과일,누리종합상가 골목형상점가,골목형상점가,대전광역시,,,
7034cb3988a6cd1af0ba,full_annotation_v1,A,q_과일_10,과일추천,식료품 중 '과일'을 판매·제공하는 매장,val,과일,T6 기계변형,d10dba74-a1e7-4a6b-8160-4138ddb6e7da,달당,과일,복대가경시장,전통시장,충청북도,,,
b474579a14fc71a64a7a,full_annotation_v1,A,q_과일_10,과일추천,식료품 중 '과일'을 판매·제공하는 매장,val,과일,T6 기계변형,41271a18-a3ae-445b-86bd-f7a2651faabe,동현상회,사과청과,대구능금시장,전통시장,대구광역시,,,
afe3a2c4580656275141,full_annotation_v1,A,q_과일_10,과일추천,식료품 중 '과일'을 판매·제공하는 매장,val,과일,T6 기계변형,8e63b9c8-225f-4f9f-90d8-eb2f9d6b2e4c,드림세탁,의류세탁,동림푸른 골목형상점가,골목형상점가,광주광역시,,,
19c5ec13e03482813de4,full_annotation_v1,A,q_과일_10,과일추천,식료품 중 '과일'을 판매·제공하는 매장,val,과일,T6 기계변형,30aab4f1-0a08-40f8-8ec9-7fb904873471,봉좌산농원,농산물(사과),안강공설시장,전통시장,경상북도,,,
a4177ec555dc823d09fc,full_annotation_v1,A,q_과일_10,과일추천,식료품 중 '과일'을 판매·제공하는 매장,val,과일,T6 기계변형,31b0bfe3-cac5-47f0-867d-5552d8f0972a,과일 픽,과일,두정로 두정상가길 골목형상점가,골목형상점가,충청남도,,,
295633222f742445df6d,full_annotation_v1,A,q_과일_10,과일추천,식료품 중 '과일'을 판매·제공하는 매장,val,과일,T6 기계변형,00045dfc-0681-4fb3-8265-33b3df14c289,한라농산,과일,황지시장상점가,자율상권구역,강원특별자치도,,,
88d92a6da8de21fed80e,full_annotation_v1,A,q_과일_10,과일추천,식료품 중 '과일'을 판매·제공하는 매장,val,과일,T6 기계변형,009efeba-a92a-4bf2-867f-f40d57386d40,(유)진경농산,청과,가락몰골목형상점가,골목형상점가,서울특별시,,,
f732f82552e827f78f89,full_annotation_v1,A,q_과일_10,과일추천,식료품 중 '과일'을 판매·제공하는 매장,val,과일,T6 기계변형,0045f871-6f40-4361-bcdd-2b94bf597287,무파장터,야채 청과물,신금정시장 골목형 상점가,골목형상점가,부산광역시,,,
45c0ba8d3c208d7b7900,full_annotation_v1,A,q_과일_10,과일추천,식료품 중 '과일'을 판매·제공하는 매장,val,과일,T6 기계변형,e2887b36-a83a-4dbb-8e8f-546980422525,과일풍경,과일,울산번개시장,전통시장,울산광역시,,,
654c96a18e8d192baceb,full_annotation_v1,A,q_과일_10,과일추천,식료품 중 '과일'을 판매·제공하는 매장,val,과일,T6 기계변형,12def721-d9b2-4401-8120-605d3bae375f,수과일,과일,용호1동골목시장,전통시장,부산광역시,,,
77ade0ea5d771b7bd048,full_annotation_v1,A,q_과일_10,과일추천,식료품 중 '과일'을 판매·제공하는 매장,val,과일,T6 기계변형,ff546377-c251-41a0-9786-8e46eea4acf9,별뜨는집,"닭, 오리, 고등어, 갈치, 삼겹살, 등갈비",충무자동차거리 상점가,자율상권구역,대전광역시,,,
65144db10b0a73f2a8d8,full_annotation_v1,A,q_과일_10,과일추천,식료품 중 '과일'을 판매·제공하는 매장,val,과일,T6 기계변형,6bc9b36a-31f2-49da-8924-672493958b94,과일 정원,과일,오송역파라곤센트럴시티2차골목형상점가,골목형상점가,충청북도,,,
53fe06078bdc233b271b,full_annotation_v1,A,q_과일_10,과일추천,식료품 중 '과일'을 판매·제공하는 매장,val,과일,T6 기계변형,0042e83d-930b-4d1d-a96f-f1a2691256cd,성화상회,과일,대구능금시장,전통시장,대구광역시,,,
a741b606db36d17d0e81,full_annotation_v1,A,q_과일_10,과일추천,식료품 중 '과일'을 판매·제공하는 매장,val,과일,T6 기계변형,00468e6b-39c6-4ce1-a534-a6b1eecac01d,태양농산물,과일,정릉서경대길골목형상점가(정릉골),골목형상점가,서울특별시,,,
1df8300ccfd27358857d,full_annotation_v1,A,q_과일_10,과일추천,식료품 중 '과일'을 판매·제공하는 매장,val,과일,T6 기계변형,00c6ce65-3761-4ba1-a849-bcedeaa97463,평화상회,청과,경산공설시장,전통시장,경상북도,,,
7fa0445d1b4862cdc493,full_annotation_v1,A,q_과일_11,과잉,식료품 중 '과일'을 판매·제공하는 매장,val,과일,T6 기계변형,0b647d8c-0248-4721-993c-5bc398b96821,(주)에스케이스틸,스텐레스 파이프 환봉 앵글 외,공구의거리,자율상권구역,광주광역시,,,
2820a4b71fb9822e7d6f,full_annotation_v1,A,q_과일_11,과잉,식료품 중 '과일'을 판매·제공하는 매장,val,과일,T6 기계변형,090607a4-ab10-4e32-857e-d7f52a5aea85,리얼드로잉,피부 관련 서비스 및 제품 판매,효행구봉담상점가,골목형상점가,경기도,,,
3e4480cff40c23a4302b,full_annotation_v1,A,q_과일_11,과잉,식료품 중 '과일'을 판매·제공하는 매장,val,과일,T6 기계변형,5f766ce2-88bd-44b4-a750-5ab55dfdd4af,케치브루잉,커피,새샘하루 골목형상점가,골목형상점가,세종특별자치시,,,
5b0248c262db84eadd2a,full_annotation_v1,A,q_과일_11,과잉,식료품 중 '과일'을 판매·제공하는 매장,val,과일,T6 기계변형,07d974e4-4e7d-41fe-8b1f-a7a96756dc79,백산청과,사과,충주농산물종합시장(구 중앙청과시장),전통시장,충청북도,,,
fbcb770765107a5f2844,full_annotation_v1,A,q_과일_11,과잉,식료품 중 '과일'을 판매·제공하는 매장,val,과일,T6 기계변형,3b8fbf7e-c6a0-4b9b-a05d-4d695e96190c,과일꾸러미,과일,화정소담상인회 골목형상점가,골목형상점가,광주광역시,,,
a6625c982d8847a7fb65,full_annotation_v1,A,q_과일_11,과잉,식료품 중 '과일'을 판매·제공하는 매장,val,과일,T6 기계변형,a51fe241-9ebd-4a5c-8660-4eb06865da11,다소니 드로잉,,고운뜰 골목형상점가,골목형상점가,세종특별자치시,,,
c04a2a2ba88dd1945d42,full_annotation_v1,A,q_과일_11,과잉,식료품 중 '과일'을 판매·제공하는 매장,val,과일,T6 기계변형,30aab4f1-0a08-40f8-8ec9-7fb904873471,봉좌산농원,농산물(사과),안강공설시장,전통시장,경상북도,,,
354a6c6e3ffbb151f20a,full_annotation_v1,A,q_과일_11,과잉,식료품 중 '과일'을 판매·제공하는 매장,val,과일,T6 기계변형,4d116571-232e-46ab-b78f-53dd678efbc8,바이크잉,자전거,효덕마을 골목형상점가,골목형상점가,광주광역시,,,
5bf4cdd013e014545928,full_annotation_v1,A,q_과일_11,과잉,식료품 중 '과일'을 판매·제공하는 매장,val,과일,T6 기계변형,28e15265-b72e-497b-9e1e-6eef4b7b6fbf,급한마음탕수육 광주하남점,한식,하남 골목형상점가,골목형상점가,광주광역시,,,
7362e96ff6efca87df89,full_annotation_v1,A,q_과일_11,과잉,식료품 중 '과일'을 판매·제공하는 매장,val,과일,T6 기계변형,00ebc127-05c7-4f5b-8926-20ba39cc1cda,대전따봉,"소매(청과,생선)",권선종합시장,전통시장,경기도,,,
7f5a735cf1c55d23cee6,full_annotation_v1,A,q_과일_11,과잉,식료품 중 '과일'을 판매·제공하는 매장,val,과일,T6 기계변형,cd616e3f-9eb8-44e0-b544-3fe71b0748f3,대패업소 광주하남점,대패,하남 골목형상점가,골목형상점가,광주광역시,,,
c45b124a306240dd4dfe,full_annotation_v1,A,q_과일_11,과잉,식료품 중 '과일'을 판매·제공하는 매장,val,과일,T6 기계변형,41271a18-a3ae-445b-86bd-f7a2651faabe,동현상회,사과청과,대구능금시장,전통시장,대구광역시,,,
702449925adf15b9c88b,full_annotation_v1,A,q_과일_11,과잉,식료품 중 '과일'을 판매·제공하는 매장,val,과일,T6 기계변형,36fbb793-24e5-4f3f-948e-522b0f86b8b9,더 과일,과일,"지웰시티몰 1,2단지 골목형상점가",골목형상점가,충청남도,,,
d2ec1de6c564ca247654,full_annotation_v1,A,q_과일_11,과잉,식료품 중 '과일'을 판매·제공하는 매장,val,과일,T6 기계변형,00333be0-b70d-4197-aa97-5a277d61e0da,㈜신진후르츠,과일,부전농수산물새벽시장,전통시장,부산광역시,,,
57373de9bf0fd9435485,full_annotation_v1,A,q_과일_11,과잉,식료품 중 '과일'을 판매·제공하는 매장,val,과일,T6 기계변형,6f045290-2de3-4ff9-876b-889dc1e46af1,쿠잉,의류,순천원도심상점가,자율상권구역,전라남도,,,
4564fb43be9b594d6586,full_annotation_v1,A,q_과일_11,과잉,식료품 중 '과일'을 판매·제공하는 매장,val,과일,T6 기계변형,5143404a-31e8-4cd8-a6d8-918a0f6bdf4d,그로잉 마인드,심리상담,대평동 골목형상점가,골목형상점가,세종특별자치시,,,
f052ecb8f675702db7f4,full_annotation_v1,A,q_과일_11,과잉,식료품 중 '과일'을 판매·제공하는 매장,val,과일,T6 기계변형,418e8cf0-b38c-4c0c-8ee0-4e29b3faed20,아잉,의류,㈜르네시떼,전통시장,부산광역시,,,
b4aa545c35499227e9ae,full_annotation_v1,A,q_과일_11,과잉,식료품 중 '과일'을 판매·제공하는 매장,val,과일,T6 기계변형,6206f9e8-33fb-4d71-8604-5ce0876d95a4,그로잉 헤어,두발미용업,신대지구상가,자율상권구역,전라남도,,,
370fa8d1972cb8a609f3,full_annotation_v1,A,q_과일_11,과잉,식료품 중 '과일'을 판매·제공하는 매장,val,과일,T6 기계변형,3e6e7885-b089-490d-9743-1d67ef9371cc,과일톡,과일,의정부시 구도심 상권활성화구역,상권활성화구역,경기도,,,
3fc7d46c47861a75778b,full_annotation_v1,A,q_과일_11,과잉,식료품 중 '과일'을 판매·제공하는 매장,val,과일,T6 기계변형,1630b52f-ca52-4541-b40f-e5e355f3400e,굿소잉,원단외부자재 도서,노은상가연합 골목형상점가,골목형상점가,대전광역시,,,
7d19cd730c09a0aaaf9a,full_annotation_v1,A,q_과일_11,과잉,식료품 중 '과일'을 판매·제공하는 매장,val,과일,T6 기계변형,07aa9211-faba-46ea-bda8-0efd60f4653c,과일짱,과일,광명새마을시장,전통시장,경기도,,,
4ca013d6da614680d6bb,full_annotation_v1,A,q_과일_11,과잉,식료품 중 '과일'을 판매·제공하는 매장,val,과일,T6 기계변형,86b97811-a926-4388-b026-90678bd9700c,이포잉,의류 및 잡화,주월리 골목형상점가,골목형상점가,광주광역시,,,
3671b307fad0bca476a5,full_annotation_v1,A,q_과일_11,과잉,식료품 중 '과일'을 판매·제공하는 매장,val,과일,T6 기계변형,00468e6b-39c6-4ce1-a534-a6b1eecac01d,태양농산물,과일,정릉서경대길골목형상점가(정릉골),골목형상점가,서울특별시,,,
23abfe93baf5bbcb178c,full_annotation_v1,A,q_과일_11,과잉,식료품 중 '과일'을 판매·제공하는 매장,val,과일,T6 기계변형,14d247a0-b22f-4a99-8fa1-b04cdd3c42e9,심플소잉 광주시청점,원단 외 부자재,계수마을상인회 골목형상점가,골목형상점가,광주광역시,,,
dc988c04fde58a3da0e5,full_annotation_v1,A,q_과일_11,과잉,식료품 중 '과일'을 판매·제공하는 매장,val,과일,T6 기계변형,56331b0e-55fd-43ad-9934-1a156651efb7,발가락70개,사과 참외 배,운암제일 골목형상점가,골목형상점가,광주광역시,,,
6cc477c476e00fd38def,full_annotation_v1,A,q_과일_11,과잉,식료품 중 '과일'을 판매·제공하는 매장,val,과일,T6 기계변형,2712fcad-e7b1-4743-8d36-1d520f9665f8,과수야,과일,신가동 골목형상점가,골목형상점가,광주광역시,,,
c091660ad9752f6c44a7,full_annotation_v1,A,q_과일_11,과잉,식료품 중 '과일'을 판매·제공하는 매장,val,과일,T6 기계변형,aeb93ae9-c8f6-48f9-8522-87dc5315799d,아잉뜨잉,커피 기타 음료 디저트류,서귀포중심상가번영회,자율상권구역,제주특별자치도,,,
3bc625abc88a9d04032b,full_annotation_v1,A,q_과일_11,과잉,식료품 중 '과일'을 판매·제공하는 매장,val,과일,T6 기계변형,6fd7194f-8654-4594-8ff7-33ddbaa3cd54,더바잉,의류,창원 성원그랜드쇼핑상가,전통시장,경상남도,,,
14c39cd6c4fbed1469da,full_annotation_v1,A,q_과일_11,과잉,식료품 중 '과일'을 판매·제공하는 매장,val,과일,T6 기계변형,ecf4cbe6-f0be-4713-860f-d4e6ffa4efe7,초원상회,"약재, 채소",월배시장,전통시장,대구광역시,,,
adcfb6f8e7e15014102b,full_annotation_v1,A,q_과일_11,과잉,식료품 중 '과일'을 판매·제공하는 매장,val,과일,T6 기계변형,81b3aaa5-5b24-4975-9016-779b1205fca3,생선바구니,생선,부전상가시장,전통시장,부산광역시,,,
e694f5082329fd35dff5,full_annotation_v1,A,q_과일_11,과잉,식료품 중 '과일'을 판매·제공하는 매장,val,과일,T6 기계변형,00c6ce65-3761-4ba1-a849-bcedeaa97463,평화상회,청과,경산공설시장,전통시장,경상북도,,,
3f542f402fec1f2416b2,full_annotation_v1,A,q_과일_11,과잉,식료품 중 '과일'을 판매·제공하는 매장,val,과일,T6 기계변형,e29eed55-c2f8-4373-97db-87833f696040,대우커텐,커튼,안양중앙인정시장,전통시장,경기도,,,
4e0671d7159e6f43f660,full_annotation_v1,A,q_과일_11,과잉,식료품 중 '과일'을 판매·제공하는 매장,val,과일,T6 기계변형,175ae4e3-c014-414b-addc-6ce54b05fea3,지에스(GS)25 중마데시앙점,편의점,중마중앙로골목형상점가,골목형상점가,전라남도,,,
af6d0c56e6fc3085b550,full_annotation_v1,A,q_과일_11,과잉,식료품 중 '과일'을 판매·제공하는 매장,val,과일,T6 기계변형,43c7c363-48ac-464c-bf6e-9d6e74e68f2a,더바른요가&번지플라잉 매탄점,요가 번지 스텝박스 플라잉,매탄중심상가 골목형상점가,골목형상점가,경기도,,,
efa18707e19c8d9a147b,full_annotation_v1,A,q_과일_11,과잉,식료품 중 '과일'을 판매·제공하는 매장,val,과일,T6 기계변형,3847397b-c8df-4285-91bd-f01548bf6a31,백해수 과일,과일,봉덕신시장,전통시장,대구광역시,,,
3b856ad5072ba045b089,full_annotation_v1,A,q_과일_11,과잉,식료품 중 '과일'을 판매·제공하는 매장,val,과일,T6 기계변형,b143b02c-617b-4b5a-ae48-c26367aff18f,쿠잉,의류,흥국상가,자율상권구역,전라남도,,,
a60764481307a7007448,full_annotation_v1,A,q_과일_11,과잉,식료품 중 '과일'을 판매·제공하는 매장,val,과일,T6 기계변형,0042e83d-930b-4d1d-a96f-f1a2691256cd,성화상회,과일,대구능금시장,전통시장,대구광역시,,,
eae86289caccf7ef0cee,full_annotation_v1,A,q_과일_11,과잉,식료품 중 '과일'을 판매·제공하는 매장,val,과일,T6 기계변형,f69aded2-e40f-4755-b7ea-5dafce845d6d,한빛소잉,의류직물제품,한빛프라자 골목형상점가,골목형상점가,대전광역시,,,
fc5f0931c89ce7baade5,full_annotation_v1,A,q_과일_11,과잉,식료품 중 '과일'을 판매·제공하는 매장,val,과일,T6 기계변형,009efeba-a92a-4bf2-867f-f40d57386d40,(유)진경농산,청과,가락몰골목형상점가,골목형상점가,서울특별시,,,
2b5a4ad0d6da08e49678,full_annotation_v1,A,q_과일_11,과잉,식료품 중 '과일'을 판매·제공하는 매장,val,과일,T6 기계변형,c0759634-3833-47f0-a179-036899604084,다이소 가평현리점,생활용품,조종시장,전통시장,경기도,,,
b02ae8ea1f23cb96c954,full_annotation_v1,A,q_과일_11,과잉,식료품 중 '과일'을 판매·제공하는 매장,val,과일,T6 기계변형,e3aa9ac6-348b-4560-8d1b-09c2371a359a,과미당,과실,대구능금시장,전통시장,대구광역시,,,
42e6e13703d3797c5649,full_annotation_v1,A,q_과일_11,과잉,식료품 중 '과일'을 판매·제공하는 매장,val,과일,T6 기계변형,c9bec870-dab1-4c5c-9c93-eddf9440182c,친절상회,소매업,논산화지중앙시장,전통시장,충청남도,,,
4b4af7671a8e07451733,full_annotation_v1,A,q_과일_11,과잉,식료품 중 '과일'을 판매·제공하는 매장,val,과일,T6 기계변형,d250e4cb-997d-44f8-8d99-5d9505ec8cb4,과일,과일,능동로골목시장(자양한강전통시장),전통시장,서울특별시,,,
3ab58c587f80034fc0b3,full_annotation_v1,A,q_과일_11,과잉,식료품 중 '과일'을 판매·제공하는 매장,val,과일,T6 기계변형,dfd34262-070c-4a3d-810c-ed93ed6fed75,유유쏘잉,,동해남부재래시장,전통시장,강원특별자치도,,,
582b46ca216f90afb745,full_annotation_v1,A,q_과일_11,과잉,식료품 중 '과일'을 판매·제공하는 매장,val,과일,T6 기계변형,ae91f12f-972d-4ce1-b3d5-a62fba2f9764,네일도 예쁨,네잉,무진중오거리 골목형상점가,골목형상점가,광주광역시,,,
de2d63a4e88154fefad5,full_annotation_v1,A,q_과일_11,과잉,식료품 중 '과일'을 판매·제공하는 매장,val,과일,T6 기계변형,fa8d7e0e-3766-4e84-a26a-26ccba1aec0d,이태리2,의류,영등포시장지하도상점가,일반지하상점가,서울특별시,,,
0563e7a6b955da15f5bb,full_annotation_v1,A,q_과일_11,과잉,식료품 중 '과일'을 판매·제공하는 매장,val,과일,T6 기계변형,00045dfc-0681-4fb3-8265-33b3df14c289,한라농산,과일,황지시장상점가,자율상권구역,강원특별자치도,,,
a9974d6b459dc883d067,full_annotation_v1,A,q_과일_11,과잉,식료품 중 '과일'을 판매·제공하는 매장,val,과일,T6 기계변형,0c93fd99-5f66-462e-8af0-42e1befac6b2,아이쿠잉,,늘해랑상인회 골목형상점가,골목형상점가,광주광역시,,,
8f924e795d9d61ecae7b,full_annotation_v1,A,q_과일_11,과잉,식료품 중 '과일'을 판매·제공하는 매장,val,과일,T6 기계변형,36da5a8b-e89a-4bc3-bac5-e959afa3b71f,리리요가앤플라잉,운동서비스,호계종합시장,전통시장,경기도,,,
f5bf8f36437ad7dce3ff,full_annotation_v1,A,q_과일_11,과잉,식료품 중 '과일'을 판매·제공하는 매장,val,과일,T6 기계변형,0063671e-77f7-466c-bbc2-223497c0dae4,무가당,카페,세병호 골목형상점가,골목형상점가,전북특별자치도,,,
ce96f3938910c335ac33,full_annotation_v1,A,q_과일_11,과잉,식료품 중 '과일'을 판매·제공하는 매장,val,과일,T6 기계변형,c838d764-8a9c-4e62-975c-b580f51910b5,쿠잉,의류,잠실역지하쇼핑센터,일반지하상점가,서울특별시,,,
8bceb6f8680ceb87a69a,full_annotation_v1,A,q_과일_11,과잉,식료품 중 '과일'을 판매·제공하는 매장,val,과일,T6 기계변형,8bc20c00-af8f-47ff-8a05-7f4bb7741f75,우리축산물,식육,구미종합제일시장,전통시장,경상북도,,,
e5bc6fae385d36a693b5,full_annotation_v1,A,q_과일_11,과잉,식료품 중 '과일'을 판매·제공하는 매장,val,과일,T6 기계변형,e8202265-718a-4e40-990f-7e45bb62109c,오브나잉 OVENAYING,,배방세교 골목형상점가,골목형상점가,충청남도,,,
39c791eccfd89962923e,full_annotation_v1,A,q_과일_11,과잉,식료품 중 '과일'을 판매·제공하는 매장,val,과일,T6 기계변형,cc6bf886-81fd-416a-923e-9b4daf21a667,계명미용재료상사,미용재료,경주중심상가,전통시장,경상북도,,,
af658afc974c1f038042,full_annotation_v1,A,q_과일_11,과잉,식료품 중 '과일'을 판매·제공하는 매장,val,과일,T6 기계변형,4529ddf6-8ad2-41da-b4c5-c0e860bfe75f,스즈키악기,악기,둔산3동상점가,자율상권구역,대전광역시,,,
e7a307a923b8fceaa42e,full_annotation_v1,A,q_과일_11,과잉,식료품 중 '과일'을 판매·제공하는 매장,val,과일,T6 기계변형,003e7ebf-1112-4ab4-a484-67716e4b2a85,이든,카페,원주중앙시장활성화구역,상권활성화구역,강원특별자치도,,,
d3914160121c0df2a120,full_annotation_v1,A,q_과일_11,과잉,식료품 중 '과일'을 판매·제공하는 매장,val,과일,T6 기계변형,ce5ac47f-c3e1-4264-ba0d-45ecbe5bae94,복샘요가 & 플라잉,요가,용강동상점가,자율상권구역,서울특별시,,,
50dbf7877c2c88ef1fd0,full_annotation_v1,A,q_과일_11,과잉,식료품 중 '과일'을 판매·제공하는 매장,val,과일,T6 기계변형,00d3ef33-13db-4750-93a0-4b31010fcb70,온유베이크,카페,스타타워1 골목형상점가,골목형상점가,인천광역시,,,
afc16d9dda4c945997bf,full_annotation_v1,A,q_과일_11,과잉,식료품 중 '과일'을 판매·제공하는 매장,val,과일,T6 기계변형,114d7d46-2723-40fd-9e07-283d65f14c26,써니쏘잉,패브릭소품판매,꿈의숲장곡골목형상점가,골목형상점가,서울특별시,,,
2d6ec278620c78152386,full_annotation_v1,A,q_과일_11,과잉,식료품 중 '과일'을 판매·제공하는 매장,val,과일,T6 기계변형,0045f871-6f40-4361-bcdd-2b94bf597287,무파장터,야채 청과물,신금정시장 골목형 상점가,골목형상점가,부산광역시,,,
ceb723ac4a1456a0dd34,full_annotation_v1,A,q_과일_11,과잉,식료품 중 '과일'을 판매·제공하는 매장,val,과일,T6 기계변형,d18b8975-9b44-49d8-9c70-96c7e96f39cc,시골촌닭,"닭, 오리",거창 전통시장,전통시장,경상남도,,,
e99d5c2082a7e945aea7,full_annotation_v1,A,q_과일_11,과잉,식료품 중 '과일'을 판매·제공하는 매장,val,과일,T6 기계변형,3bc4bff7-f209-4873-bf65-cd78ac127a08,과일특공대,과일,대연중앙골목시장 골목형상점가,골목형상점가,부산광역시,,,
349f879eb03bc065c40f,full_annotation_v1,A,q_과일_11,과잉,식료품 중 '과일'을 판매·제공하는 매장,val,과일,T6 기계변형,00e927c5-be32-44e1-b7fd-80e9cfc81773,진양상회,청과물,진주 청과시장,전통시장,경상남도,,,
559c487335b86580e737,full_annotation_v1,A,q_과일_11,과잉,식료품 중 '과일'을 판매·제공하는 매장,val,과일,T6 기계변형,7425a3a5-272b-412b-af93-d89d0e3348a4,오다요가,요가플라잉,선운별 골목형상점가,골목형상점가,광주광역시,,,
386453da2b4f2beadffe,full_annotation_v1,A,q_과일_11,과잉,식료품 중 '과일'을 판매·제공하는 매장,val,과일,T6 기계변형,003d7e3f-6459-4018-ac58-7184cd2457d5,눈치 금호점,카페,금호1동상가번영회 골목형상점가,골목형상점가,광주광역시,,,
ff8726d71d3b79780a65,full_annotation_v1,A,q_과일_11,과잉,식료품 중 '과일'을 판매·제공하는 매장,val,과일,T6 기계변형,90837a7f-5899-4589-905d-b1f91f48d97b,과일실록,과일,상계중앙시장,전통시장,서울특별시,,,
81511cd9ad7e09cb289d,full_annotation_v1,A,q_과일_11,과잉,식료품 중 '과일'을 판매·제공하는 매장,val,과일,T6 기계변형,00da8084-69b5-4bcc-b2ca-3eaf11175611,밀키샵 별내점,디저트,별내로데오상점가,골목형상점가,경기도,,,
6ab5dbb4f192577c71f1,full_annotation_v1,A,q_과일_11,과잉,식료품 중 '과일'을 판매·제공하는 매장,val,과일,T6 기계변형,4a080d6f-6033-4fbc-aa35-6ab2576957a2,사마브루잉,,도마달 골목형상점가,골목형상점가,대전광역시,,,
2181bdacc476c0bb8796,full_annotation_v1,A,q_과일_11,과잉,식료품 중 '과일'을 판매·제공하는 매장,val,과일,T6 기계변형,3c49cc60-6135-4713-bf97-a40661ba8e07,뉴팜,사과 샤인머스켓,금오시장,전통시장,경상북도,,,
2b0671d331c446a41a3e,full_annotation_v1,A,q_과일_11,과잉,식료품 중 '과일'을 판매·제공하는 매장,val,과일,T6 기계변형,006204f3-b214-4611-a434-f896bf75e919,장터사랑,과일,농성세대공감상인회 골목형상점가,골목형상점가,광주광역시,,,
bcaae5dd3aa27bd3abd1,full_annotation_v1,A,q_과일_11,과잉,식료품 중 '과일'을 판매·제공하는 매장,val,과일,T6 기계변형,9a7da882-ed13-4ac0-934d-fd9666075a2b,베이직주짓수클럽,학원,장대동패션상가 골목형상점가,골목형상점가,대전광역시,,,
8ac0118fb207e0575d07,full_annotation_v1,A,q_과일_11,과잉,식료품 중 '과일'을 판매·제공하는 매장,val,과일,T6 기계변형,35883750-a8fa-4dc2-a2e9-90c571031879,지리산고지농원,"사과, 종자, 오미자",남원인월시장,전통시장,전북특별자치도,,,
0a4971f3f72798a070a9,full_annotation_v1,A,q_과일_11,과잉,식료품 중 '과일'을 판매·제공하는 매장,val,과일,T6 기계변형,81e3b955-a916-41d3-abdb-1df3613834d7,롤링브루잉,,산지천1 골목형상점가,골목형상점가,제주특별자치도,,,
486757e35952625bc079,full_annotation_v1,A,q_과일_11,과잉,식료품 중 '과일'을 판매·제공하는 매장,val,과일,T6 기계변형,35da6fd9-aa03-48f3-8aab-c259adee5994,대덕농산,과잉,청량리청과물시장,전통시장,서울특별시,,,
829b80204d5283d40cc0,full_annotation_v1,A,q_과일_11,과잉,식료품 중 '과일'을 판매·제공하는 매장,val,과일,T6 기계변형,fc9c60d0-c242-4b7f-9b09-60db435a59e0,과일밭,과일,남목전통시장,전통시장,울산광역시,,,
49e4231600afd231cfec,full_annotation_v1,A,q_과일_11,과잉,식료품 중 '과일'을 판매·제공하는 매장,val,과일,T6 기계변형,62625157-8d67-4ea3-9c5e-d9a6bd71afbd,과일탐구영역,과실,하양꿈바우시장,전통시장,경상북도,,,
b34caad67111bb2299c7,full_annotation_v1,A,q_교육_01,배우러 다니는 곳,교육 중 '교육'을 판매·제공하는 매장,train,교육,T4 구어·문장,60aa103a-4d76-46dd-ad41-27a60936911b,더포스학원,교육,효천로 골목형상점가,골목형상점가,광주광역시,,,
797d349b616601339bb2,full_annotation_v1,A,q_교육_01,배우러 다니는 곳,교육 중 '교육'을 판매·제공하는 매장,train,교육,T4 구어·문장,01198069-e953-469c-a9ba-cdbde430ca5e,꿈샘음악교습소,피아노 교습,겸재한신길 골목형상점가,골목형상점가,서울특별시,,,
2ba363043e80a6e34d2e,full_annotation_v1,A,q_교육_01,배우러 다니는 곳,교육 중 '교육'을 판매·제공하는 매장,train,교육,T4 구어·문장,c831ad22-b526-47bc-a17a-700336aef422,센트럴태권도,교육,계림그랜드센트럴 골목형상점가,골목형상점가,광주광역시,,,
39a51ab91cf0487ce83c,full_annotation_v1,A,q_교육_01,배우러 다니는 곳,교육 중 '교육'을 판매·제공하는 매장,train,교육,T4 구어·문장,bf147693-ade0-46a7-9f64-a81c28107c91,플라잉크루승무원학원,교육,예술의거리 골목형상점가,골목형상점가,광주광역시,,,
3e8a1737cd408f35247c,full_annotation_v1,A,q_교육_01,배우러 다니는 곳,교육 중 '교육'을 판매·제공하는 매장,train,교육,T4 구어·문장,cc0b6612-2caf-4830-a85a-2612937296d5,스트레치메이트,교육,잠원하길골목형상점가,골목형상점가,서울특별시,,,
604fb29ad96919d682af,full_annotation_v1,A,q_교육_01,배우러 다니는 곳,교육 중 '교육'을 판매·제공하는 매장,train,교육,T4 구어·문장,8270c23e-40de-4c63-b651-72b7557570c4,카페 배러,,영산포 골목형상점가,골목형상점가,,,,
7008eca008c601c5b2a9,full_annotation_v1,A,q_교육_01,배우러 다니는 곳,교육 중 '교육'을 판매·제공하는 매장,train,교육,T4 구어·문장,00b25125-d398-4ecd-b7c9-38a5a5ceef62,에이비에이(ABA)코칭센터,"교육서비스, 상담",하기동 골목형상점가,골목형상점가,대전광역시,,,
dcdfd6a3dd7faa90528a,full_annotation_v1,A,q_교육_01,배우러 다니는 곳,교육 중 '교육'을 판매·제공하는 매장,train,교육,T4 구어·문장,9ac5baa8-b036-40fa-adc5-e855e6bda4db,다니엘커텐,커튼,양동복개상가,전통시장,광주광역시,,,
5bfd22c2dfb3f21a2a8f,full_annotation_v1,A,q_교육_01,배우러 다니는 곳,교육 중 '교육'을 판매·제공하는 매장,train,교육,T4 구어·문장,051e49b4-b94d-4476-8cad-a86c43ac55b1,짐랩,스포츠 교육,반월신영통상가,자율상권구역,경기도,,,
510f37412dc766dcc9d9,full_annotation_v1,A,q_교육_01,배우러 다니는 곳,교육 중 '교육'을 판매·제공하는 매장,train,교육,T4 구어·문장,62fefa33-4037-4252-badd-47d3aca67a57,서울 마님죽,,비단길현대시장,전통시장,서울특별시,,,
7928559515f8b9e7db3d,full_annotation_v1,A,q_교육_01,배우러 다니는 곳,교육 중 '교육'을 판매·제공하는 매장,train,교육,T4 구어·문장,3a675504-da2c-4111-a3da-9940248943e2,마포조이바이올린교습소,교육,신수동토정로 골목형상점가,골목형상점가,서울특별시,,,
a809180551922d9d6ad1,full_annotation_v1,A,q_교육_01,배우러 다니는 곳,교육 중 '교육'을 판매·제공하는 매장,train,교육,T4 구어·문장,029c9be5-681a-4e33-b8c9-d53c519c4ee4,그라시아음악교습소,,보람동 호려울 골목형상점가,골목형상점가,세종특별자치시,,,
761bd5950432e91fcecb,full_annotation_v1,A,q_교육_01,배우러 다니는 곳,교육 중 '교육'을 판매·제공하는 매장,train,교육,T4 구어·문장,6aa10347-01b0-4c02-8d3e-a3d7709101bc,빌드아트아동미술교습소,교육,금호아파트상인회 골목형상점가,골목형상점가,광주광역시,,,
86d7cbb86f08c87ed0e7,full_annotation_v1,A,q_교육_01,배우러 다니는 곳,교육 중 '교육'을 판매·제공하는 매장,train,교육,T4 구어·문장,ad1aa746-b6e0-4c9c-90f8-4605ccd111db,한들음악학원,교육,"지웰시티몰 1,2단지 골목형상점가",골목형상점가,충청남도,,,
418579513818107c283f,full_annotation_v1,A,q_교육_01,배우러 다니는 곳,교육 중 '교육'을 판매·제공하는 매장,train,교육,T4 구어·문장,7680df8d-107d-41fc-b8e5-fd9d4bca1170,EJ브리튼어학원,교육,다정중앙 골목형상점가,골목형상점가,세종특별자치시,,,
ef86ea4d73777b47e833,full_annotation_v1,A,q_교육_01,배우러 다니는 곳,교육 중 '교육'을 판매·제공하는 매장,train,교육,T4 구어·문장,00684edc-9eb1-4411-a744-2ffdcf2b08b5,선경컴퓨터학원,컴퓨터학원,신월7동골목형상점가,골목형상점가,서울특별시,,,
ca8908b966fbcdde4ed0,full_annotation_v1,A,q_교육_01,배우러 다니는 곳,교육 중 '교육'을 판매·제공하는 매장,train,교육,T4 구어·문장,dcbb9d7e-989c-4bf4-90a3-e39d80462921,봄봄,교육,빛가람 하나로 골목형상점가,골목형상점가,전라남도,,,
a59f712c99ca3b3f1ecb,full_annotation_v1,A,q_교육_01,배우러 다니는 곳,교육 중 '교육'을 판매·제공하는 매장,train,교육,T4 구어·문장,c111ac9d-3f3a-405c-a8db-4d127ccda9e2,행복이 있는 곳,잡화,제주로얄쇼핑센터,자율상권구역,제주특별자치도,,,
341fb32719c8b3b60714,full_annotation_v1,A,q_교육_01,배우러 다니는 곳,교육 중 '교육'을 판매·제공하는 매장,train,교육,T4 구어·문장,0c67467a-2433-4998-ad8d-d156a112ef1a,배불둑이,한식,동림동 골목형상점가,골목형상점가,광주광역시,,,
f57d8182011ff71a6e30,full_annotation_v1,A,q_교육_01,배우러 다니는 곳,교육 중 '교육'을 판매·제공하는 매장,train,교육,T4 구어·문장,f7adc09d-e5c5-465f-bbbb-7886dce781f8,나니발레,교육,효천2지구 골목형상점가,골목형상점가,광주광역시,,,
2661ab08f783e6876205,full_annotation_v1,A,q_교육_01,배우러 다니는 곳,교육 중 '교육'을 판매·제공하는 매장,train,교육,T4 구어·문장,02130465-d05c-4d6b-bd96-8c02775b19ad,자라다남아미술학원,교육,운수대통 골목형상점가,골목형상점가,광주광역시,,,
2d7c7e704efc8a5f678a,full_annotation_v1,A,q_교육_01,배우러 다니는 곳,교육 중 '교육'을 판매·제공하는 매장,train,교육,T4 구어·문장,61df4247-10ca-45ca-9ecb-55fba7c564db,세종김관진실용음악학원,교육,아름동상점가,자율상권구역,세종특별자치시,,,
6fa79114cb020cf1476c,full_annotation_v1,A,q_교육_01,배우러 다니는 곳,교육 중 '교육'을 판매·제공하는 매장,train,교육,T4 구어·문장,bc6e319a-f3cc-414f-a13e-4c8298fc041b,주은음악학원,교육,풍암당산상인회 골목형상점가,골목형상점가,광주광역시,,,
7c179ccd214f030c4120,full_annotation_v1,A,q_교육_01,배우러 다니는 곳,교육 중 '교육'을 판매·제공하는 매장,train,교육,T4 구어·문장,3e10fc78-6da9-43b5-8807-0914d9c128d2,평택누리아동발달센터,교육,이충 중심상가,골목형상점가,경기도,,,
c7f17b5024f3a8ad62cc,full_annotation_v1,A,q_교육_01,배우러 다니는 곳,교육 중 '교육'을 판매·제공하는 매장,train,교육,T4 구어·문장,0181a9ad-d2dd-43dc-a661-52371dfa6103,엘피아노음악교습소,피아노 레슨,효천2지구 골목형상점가,골목형상점가,광주광역시,,,
0952fa6a430ff7fc2ce7,full_annotation_v1,A,q_교육_01,배우러 다니는 곳,교육 중 '교육'을 판매·제공하는 매장,train,교육,T4 구어·문장,72c5e266-a585-453f-99d2-65454a05f11d,엔젤음악학원,교육,빛가람 로데오 골목형상점가,골목형상점가,전라남도,,,
88ab65eb57edf8438948,full_annotation_v1,A,q_교육_01,배우러 다니는 곳,교육 중 '교육'을 판매·제공하는 매장,train,교육,T4 구어·문장,c17a73e9-1544-44fb-9a69-d520012197af,강호체육관,교육,용대로119번길 골목형상점가,골목형상점가,광주광역시,,,
8dbca2bfee1b6cc98dc9,full_annotation_v1,A,q_교육_01,배우러 다니는 곳,교육 중 '교육'을 판매·제공하는 매장,train,교육,T4 구어·문장,d64437fe-016a-4357-be45-4e6b33fdbed1,한스예술센터,교육,매곡 사랑길 골목형상점가,골목형상점가,광주광역시,,,
16830f76e697f425f42a,full_annotation_v1,A,q_교육_01,배우러 다니는 곳,교육 중 '교육'을 판매·제공하는 매장,train,교육,T4 구어·문장,21b9be07-6f0c-4784-8371-6b007a06416d,달리미술,교육,아름드리 골목형상점가,골목형상점가,세종특별자치시,,,
3efb3a5f54eba6689239,full_annotation_v1,A,q_교육_01,배우러 다니는 곳,교육 중 '교육'을 판매·제공하는 매장,train,교육,T4 구어·문장,c0cc81b4-89ec-4a70-b6f7-089de1fd92a8,소소한곳,,양산 물금백호마을 골목형상점가,골목형상점가,경상남도,,,
e0da5a69d0e1ae2b0d36,full_annotation_v1,A,q_교육_01,배우러 다니는 곳,교육 중 '교육'을 판매·제공하는 매장,train,교육,T4 구어·문장,61dc7244-68c1-4010-9006-299d44f2a45f,다니엘,"의류, 잡화",전주남부시장,전통시장,전북특별자치도,,,
1443b5ab06bae22b4c8f,full_annotation_v1,A,q_교육_01,배우러 다니는 곳,교육 중 '교육'을 판매·제공하는 매장,train,교육,T4 구어·문장,a38b80d9-4b71-4e7e-9965-d7f3cca79504,팔도상회,,창동골목시장,전통시장,서울특별시,,,
017f6c874f0e8caed597,full_annotation_v1,A,q_교육_01,배우러 다니는 곳,교육 중 '교육'을 판매·제공하는 매장,train,교육,T4 구어·문장,6cd7942a-5653-4c21-a9bf-05e63448716d,드림로봇학원,교육,소사벌 골목형상점가,골목형상점가,경기도,,,
0a75c880f747acd7324c,full_annotation_v1,A,q_교육_01,배우러 다니는 곳,교육 중 '교육'을 판매·제공하는 매장,train,교육,T4 구어·문장,ac706599-6471-42bf-a97d-c858d4651620,교촌치킨 현리점,치킨,조종시장,전통시장,경기도,,,
ce7df297a612f6e8f456,full_annotation_v1,A,q_교육_01,배우러 다니는 곳,교육 중 '교육'을 판매·제공하는 매장,train,교육,T4 구어·문장,0177df58-5821-49cb-a1ee-2e58aa4a9f76,전경란미술학원,미술,상암마을상인회 골목형상점가,골목형상점가,광주광역시,,,
159588eee0c3e311f33b,full_annotation_v1,A,q_교육_01,배우러 다니는 곳,교육 중 '교육'을 판매·제공하는 매장,train,교육,T4 구어·문장,d81dcec1-d2bb-44c2-b6d6-87dc9bdf22e7,예음뮤직음악캐슬,교육,목3동골목형상점가,골목형상점가,서울특별시,,,
0c910147f0c1cc046b53,full_annotation_v1,A,q_교육_01,배우러 다니는 곳,교육 중 '교육'을 판매·제공하는 매장,train,교육,T4 구어·문장,5cfe7ead-89dc-4457-93dd-b992385a0313,그림조아미술교습소,교육,반곡동행복 골목형상점가,골목형상점가,세종특별자치시,,,
76122391946e52ce6ab5,full_annotation_v1,A,q_교육_01,배우러 다니는 곳,교육 중 '교육'을 판매·제공하는 매장,train,교육,T4 구어·문장,0d277fb4-f4be-4a29-932c-c3df519181b7,꿈나무바둑스쿨학원,교육,혁신도시5구역골목형상점가,골목형상점가,강원특별자치도,,,
780e3126824650958ad2,full_annotation_v1,A,q_교육_01,배우러 다니는 곳,교육 중 '교육'을 판매·제공하는 매장,train,교육,T4 구어·문장,f17652df-f7e4-4c6c-922f-6573184de1e8,레콩음악학원,교육,매곡동 골목형상점가,골목형상점가,광주광역시,,,
7efbc8d7af86a768ae1b,full_annotation_v1,A,q_교육_01,배우러 다니는 곳,교육 중 '교육'을 판매·제공하는 매장,train,교육,T4 구어·문장,59d5c6c0-433e-435a-8590-a823c72bf67a,다니아 필라테스,필라테스,영풍리젠시 골목형상점가,골목형상점가,부산광역시,,,
910cba35105c74b80940,full_annotation_v1,A,q_교육_01,배우러 다니는 곳,교육 중 '교육'을 판매·제공하는 매장,train,교육,T4 구어·문장,02432c0f-8e7a-477c-a263-a5af2337acaf,세종루체음악학원,피아노학원,새롬동 골목형상점가,골목형상점가,세종특별자치시,,,
b4beb814ea44d32b1c1a,full_annotation_v1,A,q_교육_01,배우러 다니는 곳,교육 중 '교육'을 판매·제공하는 매장,train,교육,T4 구어·문장,d848d2ef-d18f-42a5-ad0f-96c04ac9250c,힘과균형필라테스,교육,운천상무시장 골목형상점가,골목형상점가,광주광역시,,,
c444cd4bcd9788e414f3,full_annotation_v1,A,q_교육_01,배우러 다니는 곳,교육 중 '교육'을 판매·제공하는 매장,train,교육,T4 구어·문장,d3425a8e-f3b6-4162-8626-5e2f62b904e4,잡디엔에이취업컨설팅학원,교육,전남대후문골목형상점가,골목형상점가,광주광역시,,,
4621300acd3cf199040a,full_annotation_v1,A,q_교육_01,배우러 다니는 곳,교육 중 '교육'을 판매·제공하는 매장,train,교육,T4 구어·문장,3aa5732b-31fd-43a8-bc16-d644d498a111,수완에꼴드에땅미술학원,교육,수완나들목 골목형상점가,골목형상점가,광주광역시,,,
5bc69d02560078dbcec1,full_annotation_v1,A,q_교육_01,배우러 다니는 곳,교육 중 '교육'을 판매·제공하는 매장,train,교육,T4 구어·문장,00c044be-2483-4a59-9e29-41cbd79cfbe4,배움태권도,교육서비스업,압촌동 골목형상점가,골목형상점가,광주광역시,,,
56eee04226a3c7c9b62a,full_annotation_v1,A,q_교육_01,배우러 다니는 곳,교육 중 '교육'을 판매·제공하는 매장,train,교육,T4 구어·문장,98172392-65e0-481f-8564-39ab6d03b7ca,모란면옥,한식,영해만세시장(구 영해시장),전통시장,경상북도,,,
5ca24d561e18b2c2f55b,full_annotation_v1,A,q_교육_01,배우러 다니는 곳,교육 중 '교육'을 판매·제공하는 매장,train,교육,T4 구어·문장,af841040-0055-4f95-bbe1-b98bb9cf9b59,밀곳,제과,부평깡통시장(구 부산부평시장),전통시장,부산광역시,,,
3adb4a233d996c5131c3,full_annotation_v1,A,q_교육_01,배우러 다니는 곳,교육 중 '교육'을 판매·제공하는 매장,train,교육,T4 구어·문장,a797ca3b-0d5c-4e77-8daa-18a5802616a2,이지짐,교육 서비스,남문로 어울림 골목 골목형상점가,골목형상점가,광주광역시,,,
41244342880e74719dfb,full_annotation_v1,A,q_교육_01,배우러 다니는 곳,교육 중 '교육'을 판매·제공하는 매장,train,교육,T4 구어·문장,0d5ab7e0-1a6f-4355-92eb-fb81f4b9f03f,그림과향기,교육,천상일길 골목형상점가,골목형상점가,울산광역시,,,
384a58b51663afc4b727,full_annotation_v1,A,q_교육_01,배우러 다니는 곳,교육 중 '교육'을 판매·제공하는 매장,train,교육,T4 구어·문장,01f69f52-7c70-4a08-a14c-785ba50fc78c,뮤직엣지음악학원,,천왕마을 골목형상점가,골목형상점가,서울특별시,,,
4e310e146a4b2cc94fcf,full_annotation_v1,A,q_교육_01,배우러 다니는 곳,교육 중 '교육'을 판매·제공하는 매장,train,교육,T4 구어·문장,0f385697-5aea-42d1-8e7a-7ca7e528126e,다니엘,의류잡화,전주중앙상가시장,전통시장,전북특별자치도,,,
378aa241013ded13142b,full_annotation_v1,A,q_교육_01,배우러 다니는 곳,교육 중 '교육'을 판매·제공하는 매장,train,교육,T4 구어·문장,010382b4-561d-43c7-848c-cdfed4f4d93d,문성당서점,서적 교육용씨디 비디오 문구 자료처리,부안석정 골목형상점가,골목형상점가,전북특별자치도,,,
08fb7ba39fbe0a838316,full_annotation_v1,A,q_교육_01,배우러 다니는 곳,교육 중 '교육'을 판매·제공하는 매장,train,교육,T4 구어·문장,6eb37051-3812-4645-860a-6a15830731e8,다니엘의원,의료,효천로 골목형상점가,골목형상점가,광주광역시,,,
c65e22e12a52bf7553dc,full_annotation_v1,A,q_교육_01,배우러 다니는 곳,교육 중 '교육'을 판매·제공하는 매장,train,교육,T4 구어·문장,b1a31189-a174-4a35-bb63-2f427d34e191,배다니 닭곰탕,한식,홍성상설시장,전통시장,충청남도,,,
bd48094ffd7f7918e51d,full_annotation_v1,A,q_교육_01,배우러 다니는 곳,교육 중 '교육'을 판매·제공하는 매장,train,교육,T4 구어·문장,72fd2929-cb78-4c2c-a319-8224ce421179,원조민속떡집,과자류(떡류),전주중앙상가시장,전통시장,전북특별자치도,,,
09f2acc539dd58602198,full_annotation_v1,A,q_교육_01,배우러 다니는 곳,교육 중 '교육'을 판매·제공하는 매장,train,교육,T4 구어·문장,0c47c16a-3c5d-4430-9f65-0d50442db32b,피아노스토리,피아노교습소,수완중흥대방 골목형상점가,골목형상점가,광주광역시,,,
253f705b21493268dad4,full_annotation_v1,A,q_교육_01,배우러 다니는 곳,교육 중 '교육'을 판매·제공하는 매장,train,교육,T4 구어·문장,c5bb5d47-e982-47a9-9c21-19b3ebd7d9a0,계명대마루태권도장,교육,매천동골목형상점가,골목형상점가,대구광역시,,,
10aec4f71f88b49d3393,full_annotation_v1,A,q_교육_01,배우러 다니는 곳,교육 중 '교육'을 판매·제공하는 매장,train,교육,T4 구어·문장,fa549941-97f0-43d7-ae4c-1cdf02b41c4c,다니엘코리아,쌀 외,둔포전통시장,전통시장,충청남도,,,
b660a05a3fbb9508e64c,full_annotation_v1,A,q_교육_01,배우러 다니는 곳,교육 중 '교육'을 판매·제공하는 매장,train,교육,T4 구어·문장,4b363b50-e7c1-4e5d-bc84-29c90838dc60,새롬음악학원,교육,새롬동 골목형상점가,골목형상점가,세종특별자치시,,,
6a93218b4d8d29055732,full_annotation_v1,A,q_교육_01,배우러 다니는 곳,교육 중 '교육'을 판매·제공하는 매장,train,교육,T4 구어·문장,bca25798-419a-4af8-9a6a-2a42acd5dd59,다니엘의원,보건업,성수역골목형상점가,골목형상점가,서울특별시,,,
261024ddfcdd2def5527,full_annotation_v1,A,q_교육_01,배우러 다니는 곳,교육 중 '교육'을 판매·제공하는 매장,train,교육,T4 구어·문장,5a67e9c5-e876-4c01-a1c8-1cd41c8de6e0,다니엘베이스,의류 신발 악세사리등,희담길,골목형상점가,광주광역시,,,
f4a632660a9e8ccc357e,full_annotation_v1,A,q_교육_01,배우러 다니는 곳,교육 중 '교육'을 판매·제공하는 매장,train,교육,T4 구어·문장,0165f75f-ef5b-48e9-8e9d-43ceee042b17,리브로아르츠동구센트럴점미술교습소,아동미술,계림그랜드센트럴 골목형상점가,골목형상점가,광주광역시,,,
416a768fde0e57070fae,full_annotation_v1,A,q_교육_01,배우러 다니는 곳,교육 중 '교육'을 판매·제공하는 매장,train,교육,T4 구어·문장,3223670f-05c0-4c94-8613-5fd591606964,복싱마스터,교육,아름드리 골목형상점가,골목형상점가,세종특별자치시,,,
9efcd14ff7a8f16505a0,full_annotation_v1,A,q_교육_01,배우러 다니는 곳,교육 중 '교육'을 판매·제공하는 매장,train,교육,T4 구어·문장,4982ffe0-b858-4091-8f72-0c517f2cc765,다니엘상사,간장게장,괴정골목시장,전통시장,부산광역시,,,
fcf215d015c848d1efa0,full_annotation_v1,A,q_교육_01,배우러 다니는 곳,교육 중 '교육'을 판매·제공하는 매장,train,교육,T4 구어·문장,e58e7a7a-6ba9-446c-89b5-325fc5cbece7,피아플룻음악학원,교육,광교상현역 온누리 골목형상점가,골목형상점가,경기도,,,
87be674f3a57e90644a8,full_annotation_v1,A,q_교육_01,배우러 다니는 곳,교육 중 '교육'을 판매·제공하는 매장,train,교육,T4 구어·문장,6a2baeb3-cf0c-4355-9607-b5fd924f06e4,월평그리고미술학원,교육,다모아상가 골목형상점가,골목형상점가,대전광역시,,,
e1ddd94ac3ad91546f2e,full_annotation_v1,A,q_교육_01,배우러 다니는 곳,교육 중 '교육'을 판매·제공하는 매장,train,교육,T4 구어·문장,d683ecb8-1931-48e3-9dff-5be73e9585e1,이은식토익어학원,교육,전남대후문골목형상점가,골목형상점가,광주광역시,,,
155aa3a6ee29590c2faa,full_annotation_v1,A,q_교육_01,배우러 다니는 곳,교육 중 '교육'을 판매·제공하는 매장,train,교육,T4 구어·문장,1541f2d6-a9a8-4d04-b131-008cf212888a,켈로짐,교육,배방월천 골목형상점가,골목형상점가,충청남도,,,
19e219cd7159d4c15163,full_annotation_v1,A,q_교육_01,배우러 다니는 곳,교육 중 '교육'을 판매·제공하는 매장,train,교육,T4 구어·문장,f7cccb40-6bc3-4a33-93ba-3242dd03f435,다독영어,교육,계림아이파크SK뷰 골목형상점가,골목형상점가,광주광역시,,,
d4e2e76896619dbd1809,full_annotation_v1,A,q_교육_01,배우러 다니는 곳,교육 중 '교육'을 판매·제공하는 매장,train,교육,T4 구어·문장,6b3d5eaf-309f-4ed4-b960-61a2be8cc209,스마일필라테스,교육,임동오거리 골목형상점가,골목형상점가,광주광역시,,,
d03a828f953df1700d3b,full_annotation_v1,A,q_교육_01,배우러 다니는 곳,교육 중 '교육'을 판매·제공하는 매장,train,교육,T4 구어·문장,1819fa94-5c75-4bbd-a21e-9589266097e0,기구필라테스,교육,신창 골목형상점가,골목형상점가,광주광역시,,,
58df57a72ec2f5bca1ec,full_annotation_v1,A,q_교육_01,배우러 다니는 곳,교육 중 '교육'을 판매·제공하는 매장,train,교육,T4 구어·문장,02c687d7-3422-41e4-be2d-39d56a3ff206,놀작아트팝 미술교습소,교육미술,자운대 골목형상점가,골목형상점가,대전광역시,,,
a642d6dac08b821401e2,full_annotation_v1,A,q_교육_01,배우러 다니는 곳,교육 중 '교육'을 판매·제공하는 매장,train,교육,T4 구어·문장,1a7d813b-1f26-448c-ac59-a6639f7cef64,에듀아트보람점미술학원,교육,보람동 골목형상점가,골목형상점가,세종특별자치시,,,
1f493639ba188ceae83e,full_annotation_v1,A,q_교육_01,배우러 다니는 곳,교육 중 '교육'을 판매·제공하는 매장,train,교육,T4 구어·문장,f89b554a-3722-4991-908f-a806c65c6d2d,청룡태권도,교육,첨단이웃사랑 골목형상점가,골목형상점가,광주광역시,,,
584929087575211a34c6,full_annotation_v1,A,q_교육_01,배우러 다니는 곳,교육 중 '교육'을 판매·제공하는 매장,train,교육,T4 구어·문장,ed3b2abc-2d05-4508-95bc-44024f0034dd,사라요가,교육,오류동 특화거리 상점가,자율상권구역,대전광역시,,,
c291e23abc6c70e869f5,full_annotation_v1,A,q_교육_01,배우러 다니는 곳,교육 중 '교육'을 판매·제공하는 매장,train,교육,T4 구어·문장,00594901-8fad-449d-b608-ba4326ab8522,에반스뮤직아카데미음악교습소EvansMusicAcadem,음악교습소,효덕마을 골목형상점가,골목형상점가,광주광역시,,,
ab3493ceb14cdd92b425,full_annotation_v1,A,q_교육_01,배우러 다니는 곳,교육 중 '교육'을 판매·제공하는 매장,train,교육,T4 구어·문장,795ce7f4-8aaa-400f-a9a0-49b06c6b7a38,JB음악학원,교육,아름동상점가,자율상권구역,세종특별자치시,,,
bc9166def93d47a502e8,full_annotation_v1,A,q_교육_01,배우러 다니는 곳,교육 중 '교육'을 판매·제공하는 매장,train,교육,T4 구어·문장,b241ed02-567e-40a9-9512-f7445e015119,모유육아상담실,교육,목원대 골목형상점가,골목형상점가,대전광역시,,,
34e148e28d1ea258d872,full_annotation_v1,A,q_교육_01,배우러 다니는 곳,교육 중 '교육'을 판매·제공하는 매장,train,교육,T4 구어·문장,645c74a5-d108-493c-b5b4-a08b28a6cb3a,다니엘,,서문시장2지구 종합상가,전통시장,대구광역시,,,
5a09a546757c9cfe2c62,full_annotation_v1,A,q_교육_01,배우러 다니는 곳,교육 중 '교육'을 판매·제공하는 매장,train,교육,T4 구어·문장,7f39011f-d13e-4f35-affe-23125d9f2c93,딜러,의류,부산평화시장,전통시장,부산광역시,,,
38183d7c37942a4e88b7,full_annotation_v1,A,q_교육_01,배우러 다니는 곳,교육 중 '교육'을 판매·제공하는 매장,train,교육,T4 구어·문장,11878aa0-dcc4-4a0e-8482-2424a6308581,참미르태권도,교육,임방울대로 골목형상점가,골목형상점가,광주광역시,,,
8fde18690cf021bbccaf,full_annotation_v1,A,q_교육_01,배우러 다니는 곳,교육 중 '교육'을 판매·제공하는 매장,train,교육,T4 구어·문장,47adea45-738e-4767-87f8-9ae5d47f5c15,이은식어학원,교육,전남대후문골목형상점가,골목형상점가,광주광역시,,,
5b1a308bdd367c898350,full_annotation_v1,A,q_교육_01,배우러 다니는 곳,교육 중 '교육'을 판매·제공하는 매장,train,교육,T4 구어·문장,02f0d2df-412f-4757-9c4c-b3a40267f829,스타무용학원,무용학원,매곡 가인 골목형상점가,골목형상점가,광주광역시,,,
e9a887783e3e4aa7111c,full_annotation_v1,A,q_교육_01,배우러 다니는 곳,교육 중 '교육'을 판매·제공하는 매장,train,교육,T4 구어·문장,8111da47-bf21-4138-ad34-5f36f7faba76,풍산숯불갈비칡냉면,갈비,김천황금시장,전통시장,경상북도,,,
3cd8ec57528de3bb3a7b,full_annotation_v1,A,q_교육_01,배우러 다니는 곳,교육 중 '교육'을 판매·제공하는 매장,train,교육,T4 구어·문장,a73ad348-d18c-4ea0-886d-99d1afed3a9f,신화합기도,교육,반곡동행복 골목형상점가,골목형상점가,세종특별자치시,,,
f0789a6e1bbf41229dff,full_annotation_v1,A,q_교육_01,배우러 다니는 곳,교육 중 '교육'을 판매·제공하는 매장,train,교육,T4 구어·문장,eb363b85-6286-4cbd-b505-436cb757b0a7,사유한자어학원,교육,새롬동 골목형상점가,골목형상점가,세종특별자치시,,,
eb95494ee682049f7cc1,full_annotation_v1,A,q_교육_01,배우러 다니는 곳,교육 중 '교육'을 판매·제공하는 매장,train,교육,T4 구어·문장,59dcb836-352c-49b7-b166-7512c8916eb9,창원캐드디자인학원,교육,창원 정우상가,자율상권구역,경상남도,,,
0f183c84d45a7586b0b2,full_annotation_v1,A,q_교육_01,배우러 다니는 곳,교육 중 '교육'을 판매·제공하는 매장,train,교육,T4 구어·문장,28f5146c-ce1c-487d-a04f-416cf6e4d8ae,팀필주짓수,교육,아름동상점가,자율상권구역,세종특별자치시,,,
1acd8c024a195aa7b257,full_annotation_v1,A,q_교육_01,배우러 다니는 곳,교육 중 '교육'을 판매·제공하는 매장,train,교육,T4 구어·문장,be9f8c61-892c-48ed-a49d-b63bd032c025,소곳,의류,고투몰(강남터미널지하도상점가),일반지하상점가,서울특별시,,,
714c946d327176080ec1,full_annotation_v1,A,q_교육_01,배우러 다니는 곳,교육 중 '교육'을 판매·제공하는 매장,train,교육,T4 구어·문장,141d9160-c971-49c0-b319-2c76bc568e17,다니엘,의류,부산평화시장,전통시장,부산광역시,,,
f3fc6d17b8199dff7fa2,full_annotation_v1,A,q_교육_01,배우러 다니는 곳,교육 중 '교육'을 판매·제공하는 매장,train,교육,T4 구어·문장,1ca8eae4-7dcc-44e2-b2dc-fefc7e7d6523,오늘은피아노음악교습소,교육,은구비서로사회적협동조합 골목형상점가,골목형상점가,대전광역시,,,
07e38ca53be9ba8e3aa6,full_annotation_v1,A,q_교육_01,배우러 다니는 곳,교육 중 '교육'을 판매·제공하는 매장,train,교육,T4 구어·문장,85ba547a-3241-4566-beb6-7ab50cdaa5d5,한결태권도장,교육,운암 서영 골목형상점가,기타,광주광역시,,,
a8f09f9924c727c9c48f,full_annotation_v1,A,q_교육_01,배우러 다니는 곳,교육 중 '교육'을 판매·제공하는 매장,train,교육,T4 구어·문장,f0d3d1ba-dca1-4826-a03a-3ab50f7437b0,뮤터음악학원,교육,첨단하나로,골목형상점가,광주광역시,,,
c251043b0e23d3c0d65a,full_annotation_v1,A,q_교육_01,배우러 다니는 곳,교육 중 '교육'을 판매·제공하는 매장,train,교육,T4 구어·문장,9f3aed00-35fd-4958-90a8-6cd79f2580c2,쎄씨,잡화,신부평지하상가,일반지하상점가,인천광역시,,,
2527f42ff658ab1cc21b,full_annotation_v1,A,q_교육_01,배우러 다니는 곳,교육 중 '교육'을 판매·제공하는 매장,train,교육,T4 구어·문장,cd303c86-d6ac-48b4-b44d-622e6f5012b0,아방데코,이불,반송큰시장,전통시장,부산광역시,,,
b0301fd8f77b8a77dc61,full_annotation_v1,A,q_교육_01,배우러 다니는 곳,교육 중 '교육'을 판매·제공하는 매장,train,교육,T4 구어·문장,3b446c28-e2fa-43a7-ae2d-64379614f478,울림음악학원,교육,새희망본촌 골목형상점가,골목형상점가,광주광역시,,,
07d9ead320e8e3520af7,full_annotation_v1,A,q_교육_01,배우러 다니는 곳,교육 중 '교육'을 판매·제공하는 매장,train,교육,T4 구어·문장,b0d66cee-4938-4afc-bcd2-68c412098fdc,뮤직트리음악학원,교육,보람동 골목형상점가,골목형상점가,세종특별자치시,,,
5f3ea6bef4bd32723d4e,full_annotation_v1,A,q_교육_01,배우러 다니는 곳,교육 중 '교육'을 판매·제공하는 매장,train,교육,T4 구어·문장,065d792e-50fc-4416-b759-bbf7eae7dce4,솔라피아노교습소,,퀸덤3단지골목형상점가,골목형상점가,부산광역시,,,
ef6ce14362a99b0b9b16,full_annotation_v1,A,q_교육_01,배우러 다니는 곳,교육 중 '교육'을 판매·제공하는 매장,train,교육,T4 구어·문장,8658aa57-f08e-4ef8-843f-4d107809f56e,다니엘,잡화,여수진남상가,자율상권구역,전라남도,,,
1a07fa1688e10313d8ef,full_annotation_v1,A,q_교육_01,배우러 다니는 곳,교육 중 '교육'을 판매·제공하는 매장,train,교육,T4 구어·문장,01081bcc-863e-4cd3-9948-f65e19202042,아트펀미술학원,미술,문흥2동 골목형상점가,골목형상점가,광주광역시,,,
0dfdf272ce1f2cc04dd3,full_annotation_v1,A,q_교육_01,배우러 다니는 곳,교육 중 '교육'을 판매·제공하는 매장,train,교육,T4 구어·문장,24456103-f6b8-46af-8655-82e61d7265d8,커피가 머무르는 곳,커피,반드레길골목형상점가,골목형상점가,서울특별시,,,
8b0981087955e6092f6c,full_annotation_v1,A,q_교육_01,배우러 다니는 곳,교육 중 '교육'을 판매·제공하는 매장,train,교육,T4 구어·문장,1870e3f1-8928-4262-ad8a-5aec2701a1a3,옥득진프로바둑학원,교육,대전아이파크시티 골목형상점가,골목형상점가,대전광역시,,,
d5b96025e69aa8787bd8,full_annotation_v1,A,q_교육_01,배우러 다니는 곳,교육 중 '교육'을 판매·제공하는 매장,train,교육,T4 구어·문장,02dde4f0-2859-478f-8fc6-bbb4fe2a2895,더샆 음악학원,피아노,수완하나로 골목형상점가,골목형상점가,광주광역시,,,
6e3dd5cd1ff6a139b7d2,full_annotation_v1,A,q_교육_01,배우러 다니는 곳,교육 중 '교육'을 판매·제공하는 매장,train,교육,T4 구어·문장,aa590fe8-fc68-4e09-9012-10fd2bd3dae1,다니엘 이불,이불,"온양온천시장(온양재래시장, 전통시장)",전통시장,충청남도,,,
98129af09137c98b33f0,full_annotation_v1,A,q_교육_01,배우러 다니는 곳,교육 중 '교육'을 판매·제공하는 매장,train,교육,T4 구어·문장,8efa42a2-cd15-452d-bc2a-3e56df7c7e76,예은요양보호사교육원,교육,두암시장주변 골목형상점가,골목형상점가,광주광역시,,,
273340d8331011a2c3ea,full_annotation_v1,A,q_교육_01,배우러 다니는 곳,교육 중 '교육'을 판매·제공하는 매장,train,교육,T4 구어·문장,c7278fa7-0db0-4f58-932c-26496c2a73c2,다니엘패션,의류,아름다운별장거리골목형상점가,골목형상점가,서울특별시,,,
6ee755bc2bcc5e28b4af,full_annotation_v1,A,q_교육_01,배우러 다니는 곳,교육 중 '교육'을 판매·제공하는 매장,train,교육,T4 구어·문장,25fb4d1e-0668-48fe-83f6-11839efd16db,신화합기도,교육,계수마을상인회 골목형상점가,골목형상점가,광주광역시,,,
49174a449de47a6ccac7,full_annotation_v1,A,q_교육_01,배우러 다니는 곳,교육 중 '교육'을 판매·제공하는 매장,train,교육,T4 구어·문장,d57f8b59-bd19-4ea7-bde6-fbe2bb71e369,브레스요가,교육,남사한숲 골목형상점가,골목형상점가,경기도,,,
bd73920b7ca17a44b42e,full_annotation_v1,A,q_교육_01,배우러 다니는 곳,교육 중 '교육'을 판매·제공하는 매장,train,교육,T4 구어·문장,d968ff72-dd55-4e5e-b546-a4d0ef2a4bed,아인피아노음악학원,교육,신창호반,골목형상점가,광주광역시,,,
7a023e8a5cd658fa34ed,full_annotation_v1,A,q_교육_01,배우러 다니는 곳,교육 중 '교육'을 판매·제공하는 매장,train,교육,T4 구어·문장,5f352daf-9aa9-41c7-be98-d55ff1569db8,세종나성유도관,교육,나성동 골목형상점가,골목형상점가,세종특별자치시,,,
b423eb75df41ba2e6deb,full_annotation_v1,A,q_교육_01,배우러 다니는 곳,교육 중 '교육'을 판매·제공하는 매장,train,교육,T4 구어·문장,7b2114b5-7f98-4e12-a1e3-1070a99fed7f,한울음악학원,교육,동림1 골목형상점가,골목형상점가,광주광역시,,,
71540a3d0a373ebfcec5,full_annotation_v1,A,q_교육_01,배우러 다니는 곳,교육 중 '교육'을 판매·제공하는 매장,train,교육,T4 구어·문장,2743811c-5e71-4d2b-aa75-1b0147d44f2d,사우 꽃이 피는 곳,꽃,김포 풍년마을 골목형상점가,골목형상점가,경기도,,,
e0980d459db1fbf58a4b,full_annotation_v1,A,q_교육_01,배우러 다니는 곳,교육 중 '교육'을 판매·제공하는 매장,train,교육,T4 구어·문장,71eb162b-0ad9-4bd3-94c0-48693398621e,유니팝미술학원,교육,풍암1로상인회 골목형상점가,골목형상점가,광주광역시,,,
02dea392801a712633fb,full_annotation_v1,A,q_교육_01,배우러 다니는 곳,교육 중 '교육'을 판매·제공하는 매장,train,교육,T4 구어·문장,1768c992-33c0-4d1d-a33a-05270eabe3d9,다니야 청수점,꼬치,청당2번가 골목형상점가,골목형상점가,충청남도,,,
cb81ff3c574337b07aba,full_annotation_v1,A,q_교육_01,배우러 다니는 곳,교육 중 '교육'을 판매·제공하는 매장,train,교육,T4 구어·문장,ce7bb25f-4d03-4485-a9de-29504e11f503,우정문구사,문구,창원 양곡시장,전통시장,경상남도,,,
b142b29435adbbe6b7e3,full_annotation_v1,A,q_교육_01,배우러 다니는 곳,교육 중 '교육'을 판매·제공하는 매장,train,교육,T4 구어·문장,be11f956-3cfc-4909-9e92-d04da5708703,라별음악학원,교육,하남 골목형상점가,골목형상점가,광주광역시,,,
6af98936c85819722ea1,full_annotation_v1,A,q_교육_01,배우러 다니는 곳,교육 중 '교육'을 판매·제공하는 매장,train,교육,T4 구어·문장,e52585fb-cf51-4e38-b956-ef9bc8787604,한일오토,자동차정비,풍세로세광 골목형상점가,골목형상점가,충청남도,,,
eeafb6c4c223dc337c85,full_annotation_v1,A,q_교육_01,배우러 다니는 곳,교육 중 '교육'을 판매·제공하는 매장,train,교육,T4 구어·문장,de44ed28-55e8-4a77-88f9-db5ca8bfe290,다니엘,의류,광장전통시장,자율상권구역,서울특별시,,,
1b9cef21cd2f239d43d9,full_annotation_v1,A,q_교육_01,배우러 다니는 곳,교육 중 '교육'을 판매·제공하는 매장,train,교육,T4 구어·문장,1f0679bc-2cd6-47d2-acae-60d4d689d5fc,위즈음악교습소,교육,과천슈르탑 골목형상점가,골목형상점가,경기도,,,
d4a0e27cf5a0814f6876,full_annotation_v1,A,q_교육_01,배우러 다니는 곳,교육 중 '교육'을 판매·제공하는 매장,train,교육,T4 구어·문장,3c63bf43-1ae1-43bc-b272-b9e43c1c3b2c,에이플랫성악,교육,나릿재 골목형상점가,골목형상점가,세종특별자치시,,,
de875d3d39ccd47a8a2d,full_annotation_v1,A,q_교육_01,배우러 다니는 곳,교육 중 '교육'을 판매·제공하는 매장,train,교육,T4 구어·문장,dceafa58-0a5e-4f86-b544-91bebdb70fbc,리플어학원,교육,아름동상점가,자율상권구역,세종특별자치시,,,
e6abf26f99eb4eeae253,full_annotation_v1,A,q_교육_01,배우러 다니는 곳,교육 중 '교육'을 판매·제공하는 매장,train,교육,T4 구어·문장,7971f009-6099-4da9-a217-102c5e059952,다니야 계룡점,꼬치류,엄사 골목형상점가,골목형상점가,충청남도,,,
7a03d0a13ec083f0121a,full_annotation_v1,A,q_교육_01,배우러 다니는 곳,교육 중 '교육'을 판매·제공하는 매장,train,교육,T4 구어·문장,f8153f40-05b3-4cae-bb90-87390fccd58a,루나폴댄스학원,교육,상무중앙상인회 골목형상점가,골목형상점가,광주광역시,,,
74fdf063986d86b3586d,full_annotation_v1,A,q_교육_01,배우러 다니는 곳,교육 중 '교육'을 판매·제공하는 매장,train,교육,T4 구어·문장,5d7afcf3-39cb-4392-b3ac-1ea1fa4bb5a6,명곡학원,교육,창원 명서시장,전통시장,경상남도,,,
86366fc27b79db3acb5a,full_annotation_v1,A,q_교육_01,배우러 다니는 곳,교육 중 '교육'을 판매·제공하는 매장,train,교육,T4 구어·문장,9d5eef5f-f122-4149-ac83-666eee09df65,왕새우나라 용곡신방점,해산물,풍세로세광 골목형상점가,골목형상점가,충청남도,,,
a1b90ac4ec57decc3d44,full_annotation_v1,A,q_교육_01,배우러 다니는 곳,교육 중 '교육'을 판매·제공하는 매장,train,교육,T4 구어·문장,02f75e9d-cd24-473b-9635-4a6f5aba71ed,피아노맘피아노교습소,피아노교습,새미래 골목형상점가,골목형상점가,대전광역시,,,
66999235db1307401926,full_annotation_v1,A,q_교육_01,배우러 다니는 곳,교육 중 '교육'을 판매·제공하는 매장,train,교육,T4 구어·문장,195edc3e-2630-4970-8890-7af4ab0a892b,낙낙화실,교육 서비스,산본로데오거리(구 산본중심상가),자율상권구역,경기도,,,
777d5ee733510d135906,full_annotation_v1,A,q_교육_01,배우러 다니는 곳,교육 중 '교육'을 판매·제공하는 매장,train,교육,T4 구어·문장,000be075-07c7-4f2c-9717-15dd71125658,소이미술교습소,,한뜰누리 골목형상점가,골목형상점가,세종특별자치시,,,
9942b710efa13695c89b,full_annotation_v1,A,q_교육_01,배우러 다니는 곳,교육 중 '교육'을 판매·제공하는 매장,train,교육,T4 구어·문장,de49e568-01a7-41e0-ae91-37458c89580d,책통클럽,교육,아름동상점가,자율상권구역,세종특별자치시,,,
116ca24dac19e7de73d3,full_annotation_v1,A,q_교육_01,배우러 다니는 곳,교육 중 '교육'을 판매·제공하는 매장,train,교육,T4 구어·문장,a3384eeb-16e9-4c4d-badd-174ddf04444b,다니엘치과의원,치과치료,매곡 큰길 골목형상점가,골목형상점가,광주광역시,,,
c8a0f290be22e3672733,full_annotation_v1,A,q_교육_01,배우러 다니는 곳,교육 중 '교육'을 판매·제공하는 매장,train,교육,T4 구어·문장,014931f7-6b34-46d5-9a7c-c9110c79a186,쁘띠아트미술학원,교육,보정중심 골목형상점가,골목형상점가,경기도,,,
4e0bc9dbe2d465c880eb,full_annotation_v1,A,q_교육_01,배우러 다니는 곳,교육 중 '교육'을 판매·제공하는 매장,train,교육,T4 구어·문장,76a3551b-dae4-4326-92cc-662015aedbfb,쉴 곳,한식,칠성로상점가,자율상권구역,제주특별자치도,,,
ea4e6ab567394e372a8e,full_annotation_v1,A,q_교육_01,배우러 다니는 곳,교육 중 '교육'을 판매·제공하는 매장,train,교육,T4 구어·문장,12f9e74a-7d32-4e98-9e18-99bc172cbb8e,아르떼음악학원,교육,바람골골목형상점가,골목형상점가,충청북도,,,
78f994926006cf7249ce,full_annotation_v1,A,q_교육_01,배우러 다니는 곳,교육 중 '교육'을 판매·제공하는 매장,train,교육,T4 구어·문장,b0ee6739-92e7-4211-b178-b5d0eae93a48,다니엘(Daniel),의류,충장로123가 상점가,자율상권구역,광주광역시,,,
cd9f7dda8bf8afeade7c,full_annotation_v1,A,q_교육_01,배우러 다니는 곳,교육 중 '교육'을 판매·제공하는 매장,train,교육,T4 구어·문장,1eaf6dc3-f0f0-4350-8341-9f6f4334b965,다소곳,옷,전주모래내시장,전통시장,전북특별자치도,,,
93f6c19b02666241e6b8,full_annotation_v1,A,q_교육_01,배우러 다니는 곳,교육 중 '교육'을 판매·제공하는 매장,train,교육,T4 구어·문장,19b6e5db-5866-4752-afed-7fa0dc010f81,곳간,한식,태화십리대밭먹거리단지 상점가,자율상권구역,울산광역시,,,
3ab09a9cc95cd47c2a12,full_annotation_v1,A,q_교육_01,배우러 다니는 곳,교육 중 '교육'을 판매·제공하는 매장,train,교육,T4 구어·문장,c390148c-5c33-45a2-b919-ea29c02ae482,다니엘76헤어살롱,미용서비스,동성로상점가,자율상권구역,대구광역시,,,
d033524f8bad5f1c9b80,full_annotation_v1,A,q_교육_01,배우러 다니는 곳,교육 중 '교육'을 판매·제공하는 매장,train,교육,T4 구어·문장,c76908a6-acf4-41c7-ad65-ab67c88372b5,다소곳,의복 및 잡화,가재마을 골목형상점가,골목형상점가,세종특별자치시,,,
a5c32946259b0e06ccea,full_annotation_v1,A,q_교육_01,배우러 다니는 곳,교육 중 '교육'을 판매·제공하는 매장,train,교육,T4 구어·문장,7e3c45e5-6fe9-4c25-962f-a96fdb857910,영천상회,"마늘, 생강, 야채",학성새벽시장,전통시장,울산광역시,,,
89c12bca6739552d3161,full_annotation_v1,A,q_교육_01,배우러 다니는 곳,교육 중 '교육'을 판매·제공하는 매장,train,교육,T4 구어·문장,003b433e-01fc-4ef0-9dc8-a06376b015e4,캘리그라피글꼴,광고디자인 원화디자인 기타교육지원서비,동가재미 골목형상점가,골목형상점가,전북특별자치도,,,
e924a6b4b5c404b43823,full_annotation_v1,A,q_교육_01,배우러 다니는 곳,교육 중 '교육'을 판매·제공하는 매장,train,교육,T4 구어·문장,4a2e1525-757f-4f06-8cea-e289f2a7b461,유니팝중흥우산센터,교육,중흥동 큰샘길 골목형상점가,골목형상점가,광주광역시,,,
bc7b0b1b267ec1d84edc,full_annotation_v1,A,q_교육_01,배우러 다니는 곳,교육 중 '교육'을 판매·제공하는 매장,train,교육,T4 구어·문장,20e990e4-aaf3-4784-9ba0-caad51d06b23,곳간,한식,수완장덕 골목형상점가,골목형상점가,광주광역시,,,
9dd4848ab50a04aea3c9,full_annotation_v1,A,q_교육_01,배우러 다니는 곳,교육 중 '교육'을 판매·제공하는 매장,train,교육,T4 구어·문장,89341b31-8967-419c-bf58-800b555b4fa3,마더스닭강정,닭강정,여주한글시장(여주중앙로상점가),전통시장,경기도,,,
be72f5dd2f44df78581c,full_annotation_v1,A,q_교육_01,배우러 다니는 곳,교육 중 '교육'을 판매·제공하는 매장,train,교육,T4 구어·문장,1002200b-d17f-4997-8124-4fae39ce0560,CM실용음악학원,교육,계수마을상인회 골목형상점가,골목형상점가,광주광역시,,,
a1a4631ade5235847eee,full_annotation_v1,A,q_교육_01,배우러 다니는 곳,교육 중 '교육'을 판매·제공하는 매장,train,교육,T4 구어·문장,9e70c876-68e3-43b2-a0f2-3f0273b0fdca,동일약국,의약품,다산역 로데오 상점가,자율상권구역,경기도,,,
db99107818358b334462,full_annotation_v1,A,q_교육_01,배우러 다니는 곳,교육 중 '교육'을 판매·제공하는 매장,train,교육,T4 구어·문장,63c8359e-c586-4848-babf-9136e96b4d89,빌바오미술교습소,교육,반곡동행복 골목형상점가,골목형상점가,세종특별자치시,,,
d0da82a964c9d8d3b982,full_annotation_v1,A,q_교육_01,배우러 다니는 곳,교육 중 '교육'을 판매·제공하는 매장,train,교육,T4 구어·문장,fe87cc05-185f-47c8-b842-594bf7685e38,메가엠지씨커피일산원당시장점,커피,원당시장(구 원당전통시장),전통시장,경기도,,,
464820a38499606812ca,full_annotation_v1,A,q_교육_01,배우러 다니는 곳,교육 중 '교육'을 판매·제공하는 매장,train,교육,T4 구어·문장,1ad18c88-f81e-486d-a3f0-fefea64c0364,마루지스피치학원,교육,목원대 골목형상점가,골목형상점가,대전광역시,,,
ad459eced737cd2ca46c,full_annotation_v1,A,q_교육_01,배우러 다니는 곳,교육 중 '교육'을 판매·제공하는 매장,train,교육,T4 구어·문장,90fcc1b4-c238-4e73-8842-3bba34e0002b,이지심리감각운동발달센터,교육,고척프라자,전통시장,서울특별시,,,
09a7f5be21bb55491117,full_annotation_v1,A,q_교육_01,배우러 다니는 곳,교육 중 '교육'을 판매·제공하는 매장,train,교육,T4 구어·문장,842f6cf1-6411-4f4b-be23-746d79e31656,섬곳,한식,플레이사계 지오단길 골목형상점가,골목형상점가,제주특별자치도,,,
e38882a1a40d4beeef68,full_annotation_v1,A,q_교육_01,배우러 다니는 곳,교육 중 '교육'을 판매·제공하는 매장,train,교육,T4 구어·문장,e8fbbf70-a353-4917-a80c-8c934130294b,다니엘,,진주 중앙상점가,자율상권구역,경상남도,,,
4892b1ee571cce0777cf,full_annotation_v1,A,q_교육_01,배우러 다니는 곳,교육 중 '교육'을 판매·제공하는 매장,train,교육,T4 구어·문장,8c0e9113-f2f2-42e2-becb-339e605315ce,목련태권도,교육,운남더존 골목형상점가,골목형상점가,광주광역시,,,
171fe0d4ed3f55b47925,full_annotation_v1,A,q_교육_01,배우러 다니는 곳,교육 중 '교육'을 판매·제공하는 매장,train,교육,T4 구어·문장,06261986-3eba-4244-b63f-397460d82f4a,이곳,미용,나주혁신도시 골목형상점가,골목형상점가,전라남도,,,
30386368ce28dccfd342,full_annotation_v1,A,q_교육_01,배우러 다니는 곳,교육 중 '교육'을 판매·제공하는 매장,train,교육,T4 구어·문장,2534481a-d8ce-423f-abb6-9320af92985f,유성태권도,교육,신창수문 골목형상점가,골목형상점가,광주광역시,,,
2095f635efe0544bd5bc,full_annotation_v1,A,q_교육_01,배우러 다니는 곳,교육 중 '교육'을 판매·제공하는 매장,train,교육,T4 구어·문장,7d43783c-41d9-45a5-9ee1-2668920cf502,다니엘,악세서리,숭례문수입상가,전통시장,서울특별시,,,
e9e96535c204e8f337e4,full_annotation_v1,A,q_교육_01,배우러 다니는 곳,교육 중 '교육'을 판매·제공하는 매장,train,교육,T4 구어·문장,02cfd6c1-16d7-43bb-9b52-8c2f42d0269e,에녹실용음악학원,실용음악학원,귀인동먹거리촌 골목형상점가,골목형상점가,경기도,,,
54106b9e42bc56d53e7c,full_annotation_v1,A,q_교육_01,배우러 다니는 곳,교육 중 '교육'을 판매·제공하는 매장,train,교육,T4 구어·문장,07245b1d-91d1-4a96-a806-738d4011b7c4,네일티나,네일,명촌꽃길 골목형상점가,골목형상점가,울산광역시,,,
cd2b595decada6d109da,full_annotation_v1,A,q_교육_01,배우러 다니는 곳,교육 중 '교육'을 판매·제공하는 매장,train,교육,T4 구어·문장,94fd6f91-ccff-4cf5-b7fe-754cef8027c5,다니엘 수선,옷수선,㈜여수서시장,전통시장,전라남도,,,
f2f24a83955f13c81708,full_annotation_v1,A,q_교육_02,교육,교육 중 '교육'을 판매·제공하는 매장,train,교육,T1 정확표기,d625bab5-9584-44b6-9b48-4c875cec0809,심포니아실용음악학원,학원,장대동패션상가 골목형상점가,골목형상점가,대전광역시,,,
db5e6c13708ecc4e4c3b,full_annotation_v1,A,q_교육_02,교육,교육 중 '교육'을 판매·제공하는 매장,train,교육,T1 정확표기,a31987f0-3488-4d79-8c1e-705caff3a048,인앤원학원,학원,의왕도깨비시장,전통시장,경기도,,,
fd3b07b490ec3993ed05,full_annotation_v1,A,q_교육_02,교육,교육 중 '교육'을 판매·제공하는 매장,train,교육,T1 정확표기,3aa5732b-31fd-43a8-bc16-d644d498a111,수완에꼴드에땅미술학원,교육,수완나들목 골목형상점가,골목형상점가,광주광역시,,,
8574b31e39f08f7bfbba,full_annotation_v1,A,q_교육_02,교육,교육 중 '교육'을 판매·제공하는 매장,train,교육,T1 정확표기,bc6e319a-f3cc-414f-a13e-4c8298fc041b,주은음악학원,교육,풍암당산상인회 골목형상점가,골목형상점가,광주광역시,,,
ba208670cbf8fc101bbf,full_annotation_v1,A,q_교육_02,교육,교육 중 '교육'을 판매·제공하는 매장,train,교육,T1 정확표기,24d9f355-8f13-41ec-bbd0-5942519a3ffc,세종이화발레학원,학원,노은역 골목형상점가,골목형상점가,대전광역시,,,
23da0b10ac3f1af490ca,full_annotation_v1,A,q_교육_02,교육,교육 중 '교육'을 판매·제공하는 매장,train,교육,T1 정확표기,12f9e74a-7d32-4e98-9e18-99bc172cbb8e,아르떼음악학원,교육,바람골골목형상점가,골목형상점가,충청북도,,,
ec890bdf927040f10ca6,full_annotation_v1,A,q_교육_02,교육,교육 중 '교육'을 판매·제공하는 매장,train,교육,T1 정확표기,00594901-8fad-449d-b608-ba4326ab8522,에반스뮤직아카데미음악교습소EvansMusicAcadem,음악교습소,효덕마을 골목형상점가,골목형상점가,광주광역시,,,
eb644f639bdb59084232,full_annotation_v1,A,q_교육_02,교육,교육 중 '교육'을 판매·제공하는 매장,train,교육,T1 정확표기,e4d55e2a-54b0-450b-8104-562950657f01,제일정보처리학원,학원,강남개포시장(구 개포2동중심상점가),자율상권구역,서울특별시,,,
f22ba4499cd9ad3557ae,full_annotation_v1,A,q_교육_02,교육,교육 중 '교육'을 판매·제공하는 매장,train,교육,T1 정확표기,0d5ab7e0-1a6f-4355-92eb-fb81f4b9f03f,그림과향기,교육,천상일길 골목형상점가,골목형상점가,울산광역시,,,
c5587ad2b6561f7bfad0,full_annotation_v1,A,q_교육_02,교육,교육 중 '교육'을 판매·제공하는 매장,train,교육,T1 정확표기,bab59684-8609-46b2-9085-2d6db0721514,울산아이폰수리 아이메딕,통신기기,웰컴시티,전통시장,울산광역시,,,
0e91ffddcf5f1b0e1efc,full_annotation_v1,A,q_교육_02,교육,교육 중 '교육'을 판매·제공하는 매장,train,교육,T1 정확표기,25fb4d1e-0668-48fe-83f6-11839efd16db,신화합기도,교육,계수마을상인회 골목형상점가,골목형상점가,광주광역시,,,
cf742e840a74fa6b292f,full_annotation_v1,A,q_교육_02,교육,교육 중 '교육'을 판매·제공하는 매장,train,교육,T1 정확표기,72c5e266-a585-453f-99d2-65454a05f11d,엔젤음악학원,교육,빛가람 로데오 골목형상점가,골목형상점가,전라남도,,,
bc4f90ee42f44ce2dddf,full_annotation_v1,A,q_교육_02,교육,교육 중 '교육'을 판매·제공하는 매장,train,교육,T1 정확표기,02130465-d05c-4d6b-bd96-8c02775b19ad,자라다남아미술학원,교육,운수대통 골목형상점가,골목형상점가,광주광역시,,,
aea0b73dbf7b5b781f34,full_annotation_v1,A,q_교육_02,교육,교육 중 '교육'을 판매·제공하는 매장,train,교육,T1 정확표기,60aa103a-4d76-46dd-ad41-27a60936911b,더포스학원,교육,효천로 골목형상점가,골목형상점가,광주광역시,,,
13338df4af08d86c11b6,full_annotation_v1,A,q_교육_02,교육,교육 중 '교육'을 판매·제공하는 매장,train,교육,T1 정확표기,f8153f40-05b3-4cae-bb90-87390fccd58a,루나폴댄스학원,교육,상무중앙상인회 골목형상점가,골목형상점가,광주광역시,,,
2a8b80fa3baf82c29ad4,full_annotation_v1,A,q_교육_02,교육,교육 중 '교육'을 판매·제공하는 매장,train,교육,T1 정확표기,577246f5-7388-4c74-a5c7-57f3da8df2c0,엘리제음악학원,학원,수완사랑 골목형상점가,골목형상점가,광주광역시,,,
7ded0a19f6acd37a5c2b,full_annotation_v1,A,q_교육_02,교육,교육 중 '교육'을 판매·제공하는 매장,train,교육,T1 정확표기,f17652df-f7e4-4c6c-922f-6573184de1e8,레콩음악학원,교육,매곡동 골목형상점가,골목형상점가,광주광역시,,,
85cb8e8f40f205022ecd,full_annotation_v1,A,q_교육_02,교육,교육 중 '교육'을 판매·제공하는 매장,train,교육,T1 정확표기,43ad5d85-b3b1-4394-990a-52b5d58bead0,현아트미술교습소,학원,상인화성파크 골목형상점가,골목형상점가,대구광역시,,,
c7abb32cda89c6f65856,full_annotation_v1,A,q_교육_02,교육,교육 중 '교육'을 판매·제공하는 매장,train,교육,T1 정확표기,02f75e9d-cd24-473b-9635-4a6f5aba71ed,피아노맘피아노교습소,피아노교습,새미래 골목형상점가,골목형상점가,대전광역시,,,
616e5bc2258e47b3635a,full_annotation_v1,A,q_교육_02,교육,교육 중 '교육'을 판매·제공하는 매장,train,교육,T1 정확표기,c31b362b-64ac-4465-99e7-10d71b866115,수이,학원,치동천 수변상가,자율상권구역,경기도,,,
5d8af6e2580b9ed4608b,full_annotation_v1,A,q_교육_02,교육,교육 중 '교육'을 판매·제공하는 매장,train,교육,T1 정확표기,87ba2dff-fd7c-4004-95f9-af3438e9830e,서울뮤직음악학원,학원,남사한숲 골목형상점가,골목형상점가,경기도,,,
4c223767e573426b9fa5,full_annotation_v1,A,q_교육_02,교육,교육 중 '교육'을 판매·제공하는 매장,train,교육,T1 정확표기,6aa10347-01b0-4c02-8d3e-a3d7709101bc,빌드아트아동미술교습소,교육,금호아파트상인회 골목형상점가,골목형상점가,광주광역시,,,
4244b8f6438f80bac28d,full_annotation_v1,A,q_교육_02,교육,교육 중 '교육'을 판매·제공하는 매장,train,교육,T1 정확표기,1870e3f1-8928-4262-ad8a-5aec2701a1a3,옥득진프로바둑학원,교육,대전아이파크시티 골목형상점가,골목형상점가,대전광역시,,,
f8acf816ba2a3c8c9d6a,full_annotation_v1,A,q_교육_02,교육,교육 중 '교육'을 판매·제공하는 매장,train,교육,T1 정확표기,9eec0c14-ffe5-4641-a3a8-d805a2a87fcc,이상희컴퓨터학원,학원,포항 대이상가 골목형상점가,골목형상점가,경상북도,,,
61e767a45f85e31a4bd0,full_annotation_v1,A,q_교육_02,교육,교육 중 '교육'을 판매·제공하는 매장,train,교육,T1 정확표기,993fd3ad-179d-45a4-bedf-b161c5fe09e9,올리브,,울산대바보사거리 골목형상점가,골목형상점가,울산광역시,,,
f9037e31571647d5633e,full_annotation_v1,A,q_교육_02,교육,교육 중 '교육'을 판매·제공하는 매장,train,교육,T1 정확표기,5859f17e-63fe-4cc0-a535-3167c5be5bf1,바둑의신학원,학원교육,화정로상인회 골목형상점가,골목형상점가,광주광역시,,,
3f4cd994c77b57300487,full_annotation_v1,A,q_교육_02,교육,교육 중 '교육'을 판매·제공하는 매장,train,교육,T1 정확표기,014931f7-6b34-46d5-9a7c-c9110c79a186,쁘띠아트미술학원,교육,보정중심 골목형상점가,골목형상점가,경기도,,,
36a9a24f83bd70a221d7,full_annotation_v1,A,q_교육_02,교육,교육 중 '교육'을 판매·제공하는 매장,train,교육,T1 정확표기,195edc3e-2630-4970-8890-7af4ab0a892b,낙낙화실,교육 서비스,산본로데오거리(구 산본중심상가),자율상권구역,경기도,,,
8af188f2140b2fd073d1,full_annotation_v1,A,q_교육_02,교육,교육 중 '교육'을 판매·제공하는 매장,train,교육,T1 정확표기,8b94ada0-89e9-4348-8564-2ebc28bfc487,리베음악미술학원,학원,아진상가,골목형상점가,울산광역시,,,
f35b6d1ca9ee36bcfbc3,full_annotation_v1,A,q_교육_02,교육,교육 중 '교육'을 판매·제공하는 매장,train,교육,T1 정확표기,d848d2ef-d18f-42a5-ad0f-96c04ac9250c,힘과균형필라테스,교육,운천상무시장 골목형상점가,골목형상점가,광주광역시,,,
79a4ff1df01b1792c752,full_annotation_v1,A,q_교육_02,교육,교육 중 '교육'을 판매·제공하는 매장,train,교육,T1 정확표기,0d277fb4-f4be-4a29-932c-c3df519181b7,꿈나무바둑스쿨학원,교육,혁신도시5구역골목형상점가,골목형상점가,강원특별자치도,,,
f8eddbaf35e444312f82,full_annotation_v1,A,q_교육_02,교육,교육 중 '교육'을 판매·제공하는 매장,train,교육,T1 정확표기,f7adc09d-e5c5-465f-bbbb-7886dce781f8,나니발레,교육,효천2지구 골목형상점가,골목형상점가,광주광역시,,,
77eed5669e6d3355af76,full_annotation_v1,A,q_교육_02,교육,교육 중 '교육'을 판매·제공하는 매장,train,교육,T1 정확표기,8a21b930-e4c9-42be-8de3-145c17945628,버크앤리어학원,학원,보람동 골목형상점가,골목형상점가,세종특별자치시,,,
e01aef0c9f5a1cfacb52,full_annotation_v1,A,q_교육_02,교육,교육 중 '교육'을 판매·제공하는 매장,train,교육,T1 정확표기,2aa1601b-649a-404f-b060-5a8b3828c446,경희대SKY태권도,학원,다산예스프라자 골목형상점가,골목형상점가,경기도,,,
29e7011ea1023da6e1e0,full_annotation_v1,A,q_교육_02,교육,교육 중 '교육'을 판매·제공하는 매장,train,교육,T1 정확표기,f42cb6b6-087c-41be-9a4c-07a09ce96ed5,그랜드 음악학원,학원,계림그랜드센트럴 골목형상점가,골목형상점가,광주광역시,,,
6b52a650794cdd8c4f90,full_annotation_v1,A,q_교육_02,교육,교육 중 '교육'을 판매·제공하는 매장,train,교육,T1 정확표기,0165f75f-ef5b-48e9-8e9d-43ceee042b17,리브로아르츠동구센트럴점미술교습소,아동미술,계림그랜드센트럴 골목형상점가,골목형상점가,광주광역시,,,
6f584cf2ca5b9faa403e,full_annotation_v1,A,q_교육_02,교육,교육 중 '교육'을 판매·제공하는 매장,train,교육,T1 정확표기,64e933ac-605c-477c-8c96-71becc1a44a9,이안미술음악학원,학원,용두마을길 골목형상점가,골목형상점가,광주광역시,,,
fa365f2e0f5f9cdf6f1d,full_annotation_v1,A,q_교육_02,교육,교육 중 '교육'을 판매·제공하는 매장,train,교육,T1 정확표기,61df4247-10ca-45ca-9ecb-55fba7c564db,세종김관진실용음악학원,교육,아름동상점가,자율상권구역,세종특별자치시,,,
c75e8f6e28a9a2d37099,full_annotation_v1,A,q_교육_02,교육,교육 중 '교육'을 판매·제공하는 매장,train,교육,T1 정확표기,abb0601d-4e59-49a7-93f2-60da61d300cd,혁신위드기타학원,기타 학원,혁신도시2구역골목형상점가,골목형상점가,강원특별자치도,,,
07f21dfb4404456b33ef,full_annotation_v1,A,q_교육_02,교육,교육 중 '교육'을 판매·제공하는 매장,train,교육,T1 정확표기,36e54eaf-89ea-4639-b60d-5300be944dd0,민트미술학윈,학원,새봄골목형상점가,골목형상점가,경기도,,,
ea28c1fa88aaf40d2a1e,full_annotation_v1,A,q_교육_02,교육,교육 중 '교육'을 판매·제공하는 매장,train,교육,T1 정확표기,717ca04a-cd92-4ff6-9a2e-890ed06df9d6,북경중국어학원,학원,부산대자율상권구역,,부산광역시,,,
ae227184b23551c27f43,full_annotation_v1,A,q_교육_02,교육,교육 중 '교육'을 판매·제공하는 매장,train,교육,T1 정확표기,e2dd6378-544b-4666-b013-ef4ce325adef,우리들피아노,학원,한솔동 5~6단지상점가,자율상권구역,세종특별자치시,,,
6fb3ec027bb0b6e1c4d6,full_annotation_v1,A,q_교육_02,교육,교육 중 '교육'을 판매·제공하는 매장,train,교육,T1 정확표기,a797ca3b-0d5c-4e77-8daa-18a5802616a2,이지짐,교육 서비스,남문로 어울림 골목 골목형상점가,골목형상점가,광주광역시,,,
4f7d40182127e51e49ae,full_annotation_v1,A,q_교육_02,교육,교육 중 '교육'을 판매·제공하는 매장,train,교육,T1 정확표기,85ba547a-3241-4566-beb6-7ab50cdaa5d5,한결태권도장,교육,운암 서영 골목형상점가,기타,광주광역시,,,
ff7001c00a473bc4dc6b,full_annotation_v1,A,q_교육_02,교육,교육 중 '교육'을 판매·제공하는 매장,train,교육,T1 정확표기,82f5ecba-aeba-4509-937e-acd2c48500d7,패스트런,학원,장대동패션상가 골목형상점가,골목형상점가,대전광역시,,,
894ef51dd5dcf3bfe494,full_annotation_v1,A,q_교육_02,교육,교육 중 '교육'을 판매·제공하는 매장,train,교육,T1 정확표기,7680df8d-107d-41fc-b8e5-fd9d4bca1170,EJ브리튼어학원,교육,다정중앙 골목형상점가,골목형상점가,세종특별자치시,,,
b9effec67ed7a3c38f1e,full_annotation_v1,A,q_교육_02,교육,교육 중 '교육'을 판매·제공하는 매장,train,교육,T1 정확표기,8efa42a2-cd15-452d-bc2a-3e56df7c7e76,예은요양보호사교육원,교육,두암시장주변 골목형상점가,골목형상점가,광주광역시,,,
6cb074af82ca34ca0f2b,full_annotation_v1,A,q_교육_02,교육,교육 중 '교육'을 판매·제공하는 매장,train,교육,T1 정확표기,3f559163-e3cf-4b19-a8ec-337443dc60d3,양지헤어센스,미용,풍납시장,전통시장,서울특별시,,,
1a178d7a83dc74de278a,full_annotation_v1,A,q_교육_02,교육,교육 중 '교육'을 판매·제공하는 매장,train,교육,T1 정확표기,f0d3d1ba-dca1-4826-a03a-3ab50f7437b0,뮤터음악학원,교육,첨단하나로,골목형상점가,광주광역시,,,
68820bc1a463bd1b796e,full_annotation_v1,A,q_교육_02,교육,교육 중 '교육'을 판매·제공하는 매장,train,교육,T1 정확표기,99e3bebe-c38c-4210-a056-7e347195ad55,비욘드잉글리쉬어학원,학원,현대센트럴스퀘어,골목형상점가,경기도,,,
524a3e7828206fc6cb94,full_annotation_v1,A,q_교육_02,교육,교육 중 '교육'을 판매·제공하는 매장,train,교육,T1 정확표기,a827f9f0-9ba0-4702-bf19-5401f4a8acb3,이성식기타전문학원,학원,천천중심상가 골목형상점가,골목형상점가,경기도,,,
4095591c18431170a82c,full_annotation_v1,A,q_교육_02,교육,교육 중 '교육'을 판매·제공하는 매장,train,교육,T1 정확표기,1002200b-d17f-4997-8124-4fae39ce0560,CM실용음악학원,교육,계수마을상인회 골목형상점가,골목형상점가,광주광역시,,,
243b60fe9fb7da8b6c47,full_annotation_v1,A,q_교육_02,교육,교육 중 '교육'을 판매·제공하는 매장,train,교육,T1 정확표기,c5bb5d47-e982-47a9-9c21-19b3ebd7d9a0,계명대마루태권도장,교육,매천동골목형상점가,골목형상점가,대구광역시,,,
77c459896faf808bac3c,full_annotation_v1,A,q_교육_02,교육,교육 중 '교육'을 판매·제공하는 매장,train,교육,T1 정확표기,e52fe732-6d2b-40bc-96b9-eb24d45a1f8c,피아노와함께피아노교습소,학원,온누리상인회 골목형상점가,골목형상점가,광주광역시,,,
5acb08a4cdf33b489611,full_annotation_v1,A,q_교육_02,교육,교육 중 '교육'을 판매·제공하는 매장,train,교육,T1 정확표기,11878aa0-dcc4-4a0e-8482-2424a6308581,참미르태권도,교육,임방울대로 골목형상점가,골목형상점가,광주광역시,,,
6f7a8cead8707155f8eb,full_annotation_v1,A,q_교육_02,교육,교육 중 '교육'을 판매·제공하는 매장,train,교육,T1 정확표기,8c0e9113-f2f2-42e2-becb-339e605315ce,목련태권도,교육,운남더존 골목형상점가,골목형상점가,광주광역시,,,
42f45bd2df3e7b48748c,full_annotation_v1,A,q_교육_02,교육,교육 중 '교육'을 판매·제공하는 매장,train,교육,T1 정확표기,010382b4-561d-43c7-848c-cdfed4f4d93d,문성당서점,서적 교육용씨디 비디오 문구 자료처리,부안석정 골목형상점가,골목형상점가,전북특별자치도,,,
b3306ec236ddd8966a4c,full_annotation_v1,A,q_교육_02,교육,교육 중 '교육'을 판매·제공하는 매장,train,교육,T1 정확표기,5a87ac98-3261-419c-910c-e798407a609d,만하임음악학원,학원,동천동먹자골목1번가상인회 골목형상점가,골목형상점가,광주광역시,,,
0b57309444e7d845e738,full_annotation_v1,A,q_교육_02,교육,교육 중 '교육'을 판매·제공하는 매장,train,교육,T1 정확표기,1541f2d6-a9a8-4d04-b131-008cf212888a,켈로짐,교육,배방월천 골목형상점가,골목형상점가,충청남도,,,
110643c3e34888271bbb,full_annotation_v1,A,q_교육_02,교육,교육 중 '교육'을 판매·제공하는 매장,train,교육,T1 정확표기,5936e36b-109d-456b-b466-b52e14698755,점프스쿨 음악줄넘기,줄넘기교육서비스,운암 다정 골목형상점가,골목형상점가,광주광역시,,,
545f3a065922b34dbb5f,full_annotation_v1,A,q_교육_02,교육,교육 중 '교육'을 판매·제공하는 매장,train,교육,T1 정확표기,1819fa94-5c75-4bbd-a21e-9589266097e0,기구필라테스,교육,신창 골목형상점가,골목형상점가,광주광역시,,,
ada5566c043cd1b7a22a,full_annotation_v1,A,q_교육_02,교육,교육 중 '교육'을 판매·제공하는 매장,train,교육,T1 정확표기,0dcb2a4d-9012-4560-b07f-40602a3cbaa9,더 뮤즈 음악학원,학원,포일중앙 골목형상점가,골목형상점가,경기도,,,
e8399a54bd950b7e57a8,full_annotation_v1,A,q_교육_02,교육,교육 중 '교육'을 판매·제공하는 매장,train,교육,T1 정확표기,1ca8eae4-7dcc-44e2-b2dc-fefc7e7d6523,오늘은피아노음악교습소,교육,은구비서로사회적협동조합 골목형상점가,골목형상점가,대전광역시,,,
f6037016ff1fdea267d3,full_annotation_v1,A,q_교육_02,교육,교육 중 '교육'을 판매·제공하는 매장,train,교육,T1 정확표기,d3425a8e-f3b6-4162-8626-5e2f62b904e4,잡디엔에이취업컨설팅학원,교육,전남대후문골목형상점가,골목형상점가,광주광역시,,,
ddd6b75dc81cf3d3d62d,full_annotation_v1,A,q_교육_02,교육,교육 중 '교육'을 판매·제공하는 매장,train,교육,T1 정확표기,90fcc1b4-c238-4e73-8842-3bba34e0002b,이지심리감각운동발달센터,교육,고척프라자,전통시장,서울특별시,,,
6b35cdc2268b85f91a4e,full_annotation_v1,A,q_교육_02,교육,교육 중 '교육'을 판매·제공하는 매장,train,교육,T1 정확표기,f7cccb40-6bc3-4a33-93ba-3242dd03f435,다독영어,교육,계림아이파크SK뷰 골목형상점가,골목형상점가,광주광역시,,,
bc648d1818a0422d1a5c,full_annotation_v1,A,q_교육_02,교육,교육 중 '교육'을 판매·제공하는 매장,train,교육,T1 정확표기,63c8359e-c586-4848-babf-9136e96b4d89,빌바오미술교습소,교육,반곡동행복 골목형상점가,골목형상점가,세종특별자치시,,,
1bad1a44703dddb58dde,full_annotation_v1,A,q_교육_02,교육,교육 중 '교육'을 판매·제공하는 매장,train,교육,T1 정확표기,3223670f-05c0-4c94-8613-5fd591606964,복싱마스터,교육,아름드리 골목형상점가,골목형상점가,세종특별자치시,,,
69039af65820bc993f33,full_annotation_v1,A,q_교육_02,교육,교육 중 '교육'을 판매·제공하는 매장,train,교육,T1 정확표기,065d792e-50fc-4416-b759-bbf7eae7dce4,솔라피아노교습소,,퀸덤3단지골목형상점가,골목형상점가,부산광역시,,,
c6458f9d4d84a6ca6ae2,full_annotation_v1,A,q_교육_02,교육,교육 중 '교육'을 판매·제공하는 매장,train,교육,T1 정확표기,e58e7a7a-6ba9-446c-89b5-325fc5cbece7,피아플룻음악학원,교육,광교상현역 온누리 골목형상점가,골목형상점가,경기도,,,
51e416be10d3bb315595,full_annotation_v1,A,q_교육_02,교육,교육 중 '교육'을 판매·제공하는 매장,train,교육,T1 정확표기,d64437fe-016a-4357-be45-4e6b33fdbed1,한스예술센터,교육,매곡 사랑길 골목형상점가,골목형상점가,광주광역시,,,
7cb86f39823f475a6de7,full_annotation_v1,A,q_교육_02,교육,교육 중 '교육'을 판매·제공하는 매장,train,교육,T1 정확표기,795ce7f4-8aaa-400f-a9a0-49b06c6b7a38,JB음악학원,교육,아름동상점가,자율상권구역,세종특별자치시,,,
af9ef45833b3fda73b34,full_annotation_v1,A,q_교육_02,교육,교육 중 '교육'을 판매·제공하는 매장,train,교육,T1 정확표기,6cd7942a-5653-4c21-a9bf-05e63448716d,드림로봇학원,교육,소사벌 골목형상점가,골목형상점가,경기도,,,
a9de6f62952bb3c68d9c,full_annotation_v1,A,q_교육_02,교육,교육 중 '교육'을 판매·제공하는 매장,train,교육,T1 정확표기,d683ecb8-1931-48e3-9dff-5be73e9585e1,이은식토익어학원,교육,전남대후문골목형상점가,골목형상점가,광주광역시,,,
d60057e05296aa1e832a,full_annotation_v1,A,q_교육_02,교육,교육 중 '교육'을 판매·제공하는 매장,train,교육,T1 정확표기,eb6f125b-be58-41ce-8e2d-bab819f1fd64,주식회사 에이아이플랜,컴퓨터프로그래밍호스팅및관련서비스웨딩컨설팅,(대구)시청앞 동문 골목형상점가,골목형상점가,대구광역시,,,
da5833f63a27b20234bc,full_annotation_v1,A,q_교육_02,교육,교육 중 '교육'을 판매·제공하는 매장,train,교육,T1 정확표기,c99dd784-6fbd-47c5-ab1f-5b0f65d5b5db,팀영어수학입시학원,학원,엄사 골목형상점가,골목형상점가,충청남도,,,
758cfc43d6807da293fa,full_annotation_v1,A,q_교육_02,교육,교육 중 '교육'을 판매·제공하는 매장,train,교육,T1 정확표기,800eb3fc-d7ce-4e29-bd7f-f8b43372bcf1,엘비에프교육센터학원,학원,삼익사거리 골목형상점가,골목형상점가,광주광역시,,,
80bab7ab71f1ad60de49,full_annotation_v1,A,q_교육_02,교육,교육 중 '교육'을 판매·제공하는 매장,train,교육,T1 정확표기,db3049be-d927-401a-b87c-76e92e870ff3,제이음악학원,학원,고운마음 골목형상점가,골목형상점가,세종특별자치시,,,
eb85949281eac5251bc4,full_annotation_v1,A,q_교육_02,교육,교육 중 '교육'을 판매·제공하는 매장,train,교육,T1 정확표기,47adea45-738e-4767-87f8-9ae5d47f5c15,이은식어학원,교육,전남대후문골목형상점가,골목형상점가,광주광역시,,,
434d266fbf28fec54d94,full_annotation_v1,A,q_교육_02,교육,교육 중 '교육'을 판매·제공하는 매장,train,교육,T1 정확표기,5e40865b-ca01-447c-91ee-309666c847de,한라합기도,교육 학원,금암중심상가 골목형상점가,골목형상점가,경기도,,,
da56b7c5461ff4e87e09,full_annotation_v1,A,q_교육_02,교육,교육 중 '교육'을 판매·제공하는 매장,train,교육,T1 정확표기,bf147693-ade0-46a7-9f64-a81c28107c91,플라잉크루승무원학원,교육,예술의거리 골목형상점가,골목형상점가,광주광역시,,,
5851ef8ab6ea4ac8ae4c,full_annotation_v1,A,q_교육_02,교육,교육 중 '교육'을 판매·제공하는 매장,train,교육,T1 정확표기,b241ed02-567e-40a9-9512-f7445e015119,모유육아상담실,교육,목원대 골목형상점가,골목형상점가,대전광역시,,,
fedfc014b14d82e5a211,full_annotation_v1,A,q_교육_02,교육,교육 중 '교육'을 판매·제공하는 매장,train,교육,T1 정확표기,83a5b6b1-2220-46fd-b093-e9fcb47befc6,장대태권도,학원,장대동패션상가 골목형상점가,골목형상점가,대전광역시,,,
2786fdfce264a5d9202a,full_annotation_v1,A,q_교육_02,교육,교육 중 '교육'을 판매·제공하는 매장,train,교육,T1 정확표기,3c63bf43-1ae1-43bc-b272-b9e43c1c3b2c,에이플랫성악,교육,나릿재 골목형상점가,골목형상점가,세종특별자치시,,,
0ec16d2e80ab02f4b4d5,full_annotation_v1,A,q_교육_02,교육,교육 중 '교육'을 판매·제공하는 매장,train,교육,T1 정확표기,13a8a005-130d-44ce-b11c-01670b242f34,칠성회상회,수산물 젓갈,칠성시장,전통시장,대구광역시,,,
18b9c2db066127560f29,full_annotation_v1,A,q_교육_02,교육,교육 중 '교육'을 판매·제공하는 매장,train,교육,T1 정확표기,00b25125-d398-4ecd-b7c9-38a5a5ceef62,에이비에이(ABA)코칭센터,"교육서비스, 상담",하기동 골목형상점가,골목형상점가,대전광역시,,,
9a0bd49a29a9c54aae00,full_annotation_v1,A,q_교육_02,교육,교육 중 '교육'을 판매·제공하는 매장,train,교육,T1 정확표기,1f0679bc-2cd6-47d2-acae-60d4d689d5fc,위즈음악교습소,교육,과천슈르탑 골목형상점가,골목형상점가,경기도,,,
0ff9596c6e15831c8dc5,full_annotation_v1,A,q_교육_02,교육,교육 중 '교육'을 판매·제공하는 매장,train,교육,T1 정확표기,02cfd6c1-16d7-43bb-9b52-8c2f42d0269e,에녹실용음악학원,실용음악학원,귀인동먹거리촌 골목형상점가,골목형상점가,경기도,,,
f0f085b36d0267beb358,full_annotation_v1,A,q_교육_02,교육,교육 중 '교육'을 판매·제공하는 매장,train,교육,T1 정확표기,dcbb9d7e-989c-4bf4-90a3-e39d80462921,봄봄,교육,빛가람 하나로 골목형상점가,골목형상점가,전라남도,,,
f9df7fdf282a29f52f02,full_annotation_v1,A,q_교육_02,교육,교육 중 '교육'을 판매·제공하는 매장,train,교육,T1 정확표기,02f0d2df-412f-4757-9c4c-b3a40267f829,스타무용학원,무용학원,매곡 가인 골목형상점가,골목형상점가,광주광역시,,,
7407f7c5f81c802cf3f8,full_annotation_v1,A,q_교육_02,교육,교육 중 '교육'을 판매·제공하는 매장,train,교육,T1 정확표기,5f4ce417-31f4-4282-8775-1a45625f6d27,화이트벨,,강촌 골목형상점가,골목형상점가,강원특별자치도,,,
052456a9d84998b19efe,full_annotation_v1,A,q_교육_02,교육,교육 중 '교육'을 판매·제공하는 매장,train,교육,T1 정확표기,f89b554a-3722-4991-908f-a806c65c6d2d,청룡태권도,교육,첨단이웃사랑 골목형상점가,골목형상점가,광주광역시,,,
708a41ed0423f23c356b,full_annotation_v1,A,q_교육_02,교육,교육 중 '교육'을 판매·제공하는 매장,train,교육,T1 정확표기,ad1aa746-b6e0-4c9c-90f8-4605ccd111db,한들음악학원,교육,"지웰시티몰 1,2단지 골목형상점가",골목형상점가,충청남도,,,
28c368dce0a8cb5a4320,full_annotation_v1,A,q_교육_02,교육,교육 중 '교육'을 판매·제공하는 매장,train,교육,T1 정확표기,c17a73e9-1544-44fb-9a69-d520012197af,강호체육관,교육,용대로119번길 골목형상점가,골목형상점가,광주광역시,,,
17ffa92e2392357471e1,full_annotation_v1,A,q_교육_02,교육,교육 중 '교육'을 판매·제공하는 매장,train,교육,T1 정확표기,1ad6e38b-5274-41db-aeb3-c2fa5ac5761b,파리바게뜨 광주방림점,,용대로119번길 골목형상점가,골목형상점가,,,,
967c226aeb94348a369f,full_annotation_v1,A,q_교육_02,교육,교육 중 '교육'을 판매·제공하는 매장,train,교육,T1 정확표기,a73ad348-d18c-4ea0-886d-99d1afed3a9f,신화합기도,교육,반곡동행복 골목형상점가,골목형상점가,세종특별자치시,,,
4465a4c24d1e3c9e6f98,full_annotation_v1,A,q_교육_02,교육,교육 중 '교육'을 판매·제공하는 매장,train,교육,T1 정확표기,5f352daf-9aa9-41c7-be98-d55ff1569db8,세종나성유도관,교육,나성동 골목형상점가,골목형상점가,세종특별자치시,,,
1024a1e2e6a940537f55,full_annotation_v1,A,q_교육_02,교육,교육 중 '교육'을 판매·제공하는 매장,train,교육,T1 정확표기,af83dbee-cf1b-43ba-9614-df654b250af9,카일하우시찌다,학원,소촌중앙 골목형상점가,골목형상점가,광주광역시,,,
3235c88c1e44822c790c,full_annotation_v1,A,q_교육_02,교육,교육 중 '교육'을 판매·제공하는 매장,train,교육,T1 정확표기,c831ad22-b526-47bc-a17a-700336aef422,센트럴태권도,교육,계림그랜드센트럴 골목형상점가,골목형상점가,광주광역시,,,
eb20b7cfcffc9b683016,full_annotation_v1,A,q_교육_02,교육,교육 중 '교육'을 판매·제공하는 매장,train,교육,T1 정확표기,255cfd06-0ec4-4c6f-a479-d58c2cbf9e16,아이야음악학원,학원,항동 골목형상점가,골목형상점가,서울특별시,,,
2f47344e3b13b8a87b8b,full_annotation_v1,A,q_교육_02,교육,교육 중 '교육'을 판매·제공하는 매장,train,교육,T1 정확표기,b0d66cee-4938-4afc-bcd2-68c412098fdc,뮤직트리음악학원,교육,보람동 골목형상점가,골목형상점가,세종특별자치시,,,
db63cc7603449a3ff6b9,full_annotation_v1,A,q_교육_02,교육,교육 중 '교육'을 판매·제공하는 매장,train,교육,T1 정확표기,5627181f-2ebf-4905-bcf5-969ca7825803,샘약국,의약품,배방상점가,자율상권구역,충청남도,,,
c5555995b595bdf83744,full_annotation_v1,A,q_교육_02,교육,교육 중 '교육'을 판매·제공하는 매장,train,교육,T1 정확표기,dceafa58-0a5e-4f86-b544-91bebdb70fbc,리플어학원,교육,아름동상점가,자율상권구역,세종특별자치시,,,
db8b632bb534db025ac2,full_annotation_v1,A,q_교육_02,교육,교육 중 '교육'을 판매·제공하는 매장,train,교육,T1 정확표기,e1801715-0fce-403f-b6b4-5c0dfe3d1835,뮤직플라츠 음악학원,학원,월곡달빛오거리골목형상점가,골목형상점가,서울특별시,,,
32dfadd93ad8581897fc,full_annotation_v1,A,q_교육_02,교육,교육 중 '교육'을 판매·제공하는 매장,train,교육,T1 정확표기,4b363b50-e7c1-4e5d-bc84-29c90838dc60,새롬음악학원,교육,새롬동 골목형상점가,골목형상점가,세종특별자치시,,,
df11fddbeb9041399ead,full_annotation_v1,A,q_교육_02,교육,교육 중 '교육'을 판매·제공하는 매장,train,교육,T1 정확표기,de49e568-01a7-41e0-ae91-37458c89580d,책통클럽,교육,아름동상점가,자율상권구역,세종특별자치시,,,
42e9e3262fba2caf5388,full_annotation_v1,A,q_교육_02,교육,교육 중 '교육'을 판매·제공하는 매장,train,교육,T1 정확표기,fdb8321f-0edc-4f16-a40f-60d45bded6ca,광주속기학원,교육 학원,"금남로1,2,3가 골목형상점가",골목형상점가,광주광역시,,,
4cf5e6ba9f694378ceeb,full_annotation_v1,A,q_교육_02,교육,교육 중 '교육'을 판매·제공하는 매장,train,교육,T1 정확표기,89559f14-b9df-4f21-a491-fffc17a5fd7c,드뷔시피아노학원,학원,백운브릿지 골목형상점가,골목형상점가,광주광역시,,,
2a02cbd8bcc94a8823de,full_annotation_v1,A,q_교육_02,교육,교육 중 '교육'을 판매·제공하는 매장,train,교육,T1 정확표기,3b446c28-e2fa-43a7-ae2d-64379614f478,울림음악학원,교육,새희망본촌 골목형상점가,골목형상점가,광주광역시,,,
6293c247cc328bb2d586,full_annotation_v1,A,q_교육_02,교육,교육 중 '교육'을 판매·제공하는 매장,train,교육,T1 정확표기,45840f91-2726-467a-850e-51c8b0791875,하람음악학원,학원,롯데 리치빌골목형상점가,골목형상점가,대전광역시,,,
9b01b8c67595958fb316,full_annotation_v1,A,q_교육_02,교육,교육 중 '교육'을 판매·제공하는 매장,train,교육,T1 정확표기,00c044be-2483-4a59-9e29-41cbd79cfbe4,배움태권도,교육서비스업,압촌동 골목형상점가,골목형상점가,광주광역시,,,
def1df2edc1d2787d5e6,full_annotation_v1,A,q_교육_02,교육,교육 중 '교육'을 판매·제공하는 매장,train,교육,T1 정확표기,11733627-36cf-42f7-a020-0b156b648130,설화피아노 학원,,초원 골목형상점가,골목형상점가,충청남도,,,
e025daaeddd20658878f,full_annotation_v1,A,q_교육_02,교육,교육 중 '교육'을 판매·제공하는 매장,train,교육,T1 정확표기,be11f956-3cfc-4909-9e92-d04da5708703,라별음악학원,교육,하남 골목형상점가,골목형상점가,광주광역시,,,
5111515eba999160c5d2,full_annotation_v1,A,q_교육_02,교육,교육 중 '교육'을 판매·제공하는 매장,train,교육,T1 정확표기,5b1e7f01-9a2e-46bb-a7d4-05946c9e074b,디엠헤어,,브라운가골목형상점가,골목형상점가,강원특별자치도,,,
68da86fa579f9aefc6b4,full_annotation_v1,A,q_교육_02,교육,교육 중 '교육'을 판매·제공하는 매장,train,교육,T1 정확표기,71eb162b-0ad9-4bd3-94c0-48693398621e,유니팝미술학원,교육,풍암1로상인회 골목형상점가,골목형상점가,광주광역시,,,
365780e328b490683d23,full_annotation_v1,A,q_교육_02,교육,교육 중 '교육'을 판매·제공하는 매장,train,교육,T1 정확표기,051e49b4-b94d-4476-8cad-a86c43ac55b1,짐랩,스포츠 교육,반월신영통상가,자율상권구역,경기도,,,
1c28b51abc1faeaa18f8,full_annotation_v1,A,q_교육_02,교육,교육 중 '교육'을 판매·제공하는 매장,train,교육,T1 정확표기,59dcb836-352c-49b7-b166-7512c8916eb9,창원캐드디자인학원,교육,창원 정우상가,자율상권구역,경상남도,,,
0e3a9f862cbf445866e6,full_annotation_v1,A,q_교육_02,교육,교육 중 '교육'을 판매·제공하는 매장,train,교육,T1 정확표기,1ad18c88-f81e-486d-a3f0-fefea64c0364,마루지스피치학원,교육,목원대 골목형상점가,골목형상점가,대전광역시,,,
94981fe9101f2d057241,full_annotation_v1,A,q_교육_02,교육,교육 중 '교육'을 판매·제공하는 매장,train,교육,T1 정확표기,28f5146c-ce1c-487d-a04f-416cf6e4d8ae,팀필주짓수,교육,아름동상점가,자율상권구역,세종특별자치시,,,
59ba9441c35f28d2c54e,full_annotation_v1,A,q_교육_02,교육,교육 중 '교육'을 판매·제공하는 매장,train,교육,T1 정확표기,0bf1e7cb-04f3-431c-b532-36195d8b58c0,대학당구장,,울산대바보사거리 골목형상점가,골목형상점가,울산광역시,,,
0e675a36dcfbc2063c36,full_annotation_v1,A,q_교육_02,교육,교육 중 '교육'을 판매·제공하는 매장,train,교육,T1 정확표기,afcefd9a-f3c7-4485-a14f-77eca4c9bb30,도담건강케어,건강보조식품,모란시장 쉼터길 골목형상점가,골목형상점가,경기도,,,
225ea4fec7b54d5405e9,full_annotation_v1,A,q_교육_02,교육,교육 중 '교육'을 판매·제공하는 매장,train,교육,T1 정확표기,6a2baeb3-cf0c-4355-9607-b5fd924f06e4,월평그리고미술학원,교육,다모아상가 골목형상점가,골목형상점가,대전광역시,,,
095fed95d99f4db2010c,full_annotation_v1,A,q_교육_02,교육,교육 중 '교육'을 판매·제공하는 매장,train,교육,T1 정확표기,ec388b8b-acd5-4f88-b69e-1529d12e38a3,키커피(KICOFFEE),커피 및 음료,원주중앙시장활성화구역,상권활성화구역,강원특별자치도,,,
2f4c221aeaff9d1e3f5a,full_annotation_v1,A,q_교육_02,교육,교육 중 '교육'을 판매·제공하는 매장,train,교육,T1 정확표기,5cfe7ead-89dc-4457-93dd-b992385a0313,그림조아미술교습소,교육,반곡동행복 골목형상점가,골목형상점가,세종특별자치시,,,
4795638054023619dbfc,full_annotation_v1,A,q_교육_02,교육,교육 중 '교육'을 판매·제공하는 매장,train,교육,T1 정확표기,0dbdb4e1-3d4b-49b2-bd4e-6a8a930a3f56,아이소리학원,학원,송도 타임스페이스 골목형상점가,골목형상점가,인천광역시,,,
f0cecb84d2920e94c517,full_annotation_v1,A,q_교육_02,교육,교육 중 '교육'을 판매·제공하는 매장,train,교육,T1 정확표기,7b2114b5-7f98-4e12-a1e3-1070a99fed7f,한울음악학원,교육,동림1 골목형상점가,골목형상점가,광주광역시,,,
ab7bb401e9762e5222e8,full_annotation_v1,A,q_교육_02,교육,교육 중 '교육'을 판매·제공하는 매장,train,교육,T1 정확표기,01f69f52-7c70-4a08-a14c-785ba50fc78c,뮤직엣지음악학원,,천왕마을 골목형상점가,골목형상점가,서울특별시,,,
55b9dbc35236575d290a,full_annotation_v1,A,q_교육_02,교육,교육 중 '교육'을 판매·제공하는 매장,train,교육,T1 정확표기,17799776-b473-406e-aa82-04a5f26858c2,풍암케이엠음악학원,학원,풍암벚꽃길상인회 골목형상점가,골목형상점가,광주광역시,,,
95b12ef7b924dbb0c76a,full_annotation_v1,A,q_교육_02,교육,교육 중 '교육'을 판매·제공하는 매장,train,교육,T1 정확표기,000be075-07c7-4f2c-9717-15dd71125658,소이미술교습소,,한뜰누리 골목형상점가,골목형상점가,세종특별자치시,,,
4a91cdd25a61eca2245f,full_annotation_v1,A,q_교육_02,교육,교육 중 '교육'을 판매·제공하는 매장,train,교육,T1 정확표기,1a7d813b-1f26-448c-ac59-a6639f7cef64,에듀아트보람점미술학원,교육,보람동 골목형상점가,골목형상점가,세종특별자치시,,,
231bc04942ebcf138c2a,full_annotation_v1,A,q_교육_02,교육,교육 중 '교육'을 판매·제공하는 매장,train,교육,T1 정확표기,0c47c16a-3c5d-4430-9f65-0d50442db32b,피아노스토리,피아노교습소,수완중흥대방 골목형상점가,골목형상점가,광주광역시,,,
fe05980a38e4eb6c61d0,full_annotation_v1,A,q_교육_02,교육,교육 중 '교육'을 판매·제공하는 매장,train,교육,T1 정확표기,427cd152-40af-45bd-b6ee-c6a336ce775b,일억식품,식품,박달시장,전통시장,경기도,,,
4bec7c9991b3753c6a9b,full_annotation_v1,A,q_교육_02,교육,교육 중 '교육'을 판매·제공하는 매장,train,교육,T1 정확표기,38a09c72-6522-4919-914c-f788c03190ee,에릭칼아트잉글리쉬스튜디오학원,학원,다정중앙 골목형상점가,골목형상점가,세종특별자치시,,,
bd39e7f9969a57cf7942,full_annotation_v1,A,q_교육_02,교육,교육 중 '교육'을 판매·제공하는 매장,train,교육,T1 정확표기,cc0b6612-2caf-4830-a85a-2612937296d5,스트레치메이트,교육,잠원하길골목형상점가,골목형상점가,서울특별시,,,
6b6ff7cecc51ec0ae345,full_annotation_v1,A,q_교육_02,교육,교육 중 '교육'을 판매·제공하는 매장,train,교육,T1 정확표기,28b81dd4-e838-48a2-81f5-d64e2d766b8b,펜타곤학원,학원,인후동1가 골목형상점가,골목형상점가,전북특별자치도,,,
9e34a9dcd65f44cebf8f,full_annotation_v1,A,q_교육_02,교육,교육 중 '교육'을 판매·제공하는 매장,train,교육,T1 정확표기,15dc1e04-85ae-4513-a539-c56438b3bb5f,곱창대도,한식,화양제일골목시장(화양제일시장),전통시장,서울특별시,,,
b314bba683a6ea3b1abd,full_annotation_v1,A,q_교육_02,교육,교육 중 '교육'을 판매·제공하는 매장,train,교육,T1 정확표기,6583d861-2b7d-4abc-82f3-57d3a7fa9e59,창작미술학원,학원,오류버들시장골목형상점가,골목형상점가,서울특별시,,,
8f58ac6b7511c9b71871,full_annotation_v1,A,q_교육_02,교육,교육 중 '교육'을 판매·제공하는 매장,train,교육,T1 정확표기,6b3d5eaf-309f-4ed4-b960-61a2be8cc209,스마일필라테스,교육,임동오거리 골목형상점가,골목형상점가,광주광역시,,,
ae2526690b97e2f6c809,full_annotation_v1,A,q_교육_02,교육,교육 중 '교육'을 판매·제공하는 매장,train,교육,T1 정확표기,3e10fc78-6da9-43b5-8807-0914d9c128d2,평택누리아동발달센터,교육,이충 중심상가,골목형상점가,경기도,,,
1b320efc8f6617d0d239,full_annotation_v1,A,q_교육_02,교육,교육 중 '교육'을 판매·제공하는 매장,train,교육,T1 정확표기,2534481a-d8ce-423f-abb6-9320af92985f,유성태권도,교육,신창수문 골목형상점가,골목형상점가,광주광역시,,,
7b11a4b27c4b2e3fdbbb,full_annotation_v1,A,q_교육_02,교육,교육 중 '교육'을 판매·제공하는 매장,train,교육,T1 정확표기,184800bb-0306-4ffd-9518-cf3e69f3af1c,정수셈수학교습소,학원,포방터시장,전통시장,서울특별시,,,
bc419d140b41c6c66882,full_annotation_v1,A,q_교육_02,교육,교육 중 '교육'을 판매·제공하는 매장,train,교육,T1 정확표기,361b5b21-f120-4a2e-9366-72ee03710a3b,힐스음악학원,학원,서희1차현대 골목형상점가,골목형상점가,광주광역시,,,
5adeeb4f078d1d9cee00,full_annotation_v1,A,q_교육_02,교육,교육 중 '교육'을 판매·제공하는 매장,train,교육,T1 정확표기,003b433e-01fc-4ef0-9dc8-a06376b015e4,캘리그라피글꼴,광고디자인 원화디자인 기타교육지원서비,동가재미 골목형상점가,골목형상점가,전북특별자치도,,,
5af9fc8cb647bf044a85,full_annotation_v1,A,q_교육_02,교육,교육 중 '교육'을 판매·제공하는 매장,train,교육,T1 정확표기,02432c0f-8e7a-477c-a263-a5af2337acaf,세종루체음악학원,피아노학원,새롬동 골목형상점가,골목형상점가,세종특별자치시,,,
503fee7a2ded281cd27d,full_annotation_v1,A,q_교육_02,교육,교육 중 '교육'을 판매·제공하는 매장,train,교육,T1 정확표기,01081bcc-863e-4cd3-9948-f65e19202042,아트펀미술학원,미술,문흥2동 골목형상점가,골목형상점가,광주광역시,,,
05824fa04cca9a5494c1,full_annotation_v1,A,q_교육_02,교육,교육 중 '교육'을 판매·제공하는 매장,train,교육,T1 정확표기,a9e987d4-863a-4225-a3ae-b786f3dc617e,스팀융합미술학원,학원 서비스,효천로 골목형상점가,골목형상점가,광주광역시,,,
b94412a10e25d7cf0e9c,full_annotation_v1,A,q_교육_02,교육,교육 중 '교육'을 판매·제공하는 매장,train,교육,T1 정확표기,3a675504-da2c-4111-a3da-9940248943e2,마포조이바이올린교습소,교육,신수동토정로 골목형상점가,골목형상점가,서울특별시,,,
4712e170cfc0ca2cf5c2,full_annotation_v1,A,q_교육_02,교육,교육 중 '교육'을 판매·제공하는 매장,train,교육,T1 정확표기,02c687d7-3422-41e4-be2d-39d56a3ff206,놀작아트팝 미술교습소,교육미술,자운대 골목형상점가,골목형상점가,대전광역시,,,
83879ed48e9a17a8f522,full_annotation_v1,A,q_교육_02,교육,교육 중 '교육'을 판매·제공하는 매장,train,교육,T1 정확표기,0181a9ad-d2dd-43dc-a661-52371dfa6103,엘피아노음악교습소,피아노 레슨,효천2지구 골목형상점가,골목형상점가,광주광역시,,,
44de0d320a82b9cf9b34,full_annotation_v1,A,q_교육_02,교육,교육 중 '교육'을 판매·제공하는 매장,train,교육,T1 정확표기,96d75700-a4cc-4c7c-ad2e-7c9fe23c6d2e,뮤엠영어다산가람점,학원,다산예스프라자 골목형상점가,골목형상점가,경기도,,,
71be648477766873bf0f,full_annotation_v1,A,q_교육_02,교육,교육 중 '교육'을 판매·제공하는 매장,train,교육,T1 정확표기,02dde4f0-2859-478f-8fc6-bbb4fe2a2895,더샆 음악학원,피아노,수완하나로 골목형상점가,골목형상점가,광주광역시,,,
734de4447b20b37813b5,full_annotation_v1,A,q_교육_02,교육,교육 중 '교육'을 판매·제공하는 매장,train,교육,T1 정확표기,1d71c9c8-b9bb-4209-aa87-769d3c4053a6,금용정육점,소매(식육판매),화곡중앙시장,전통시장,서울특별시,,,
24aa99f5fd0cffe7d6c2,full_annotation_v1,A,q_교육_02,교육,교육 중 '교육'을 판매·제공하는 매장,train,교육,T1 정확표기,0177df58-5821-49cb-a1ee-2e58aa4a9f76,전경란미술학원,미술,상암마을상인회 골목형상점가,골목형상점가,광주광역시,,,
2a17afd8dbe5c5bcafaf,full_annotation_v1,A,q_교육_02,교육,교육 중 '교육'을 판매·제공하는 매장,train,교육,T1 정확표기,84687a1e-8460-4f61-be68-1cb745b96314,세이뷰티아카데미,학원,빛가람 상리단길 골목형상점가,골목형상점가,전라남도,,,
ce59aaff85bc75ea9dae,full_annotation_v1,A,q_교육_02,교육,교육 중 '교육'을 판매·제공하는 매장,train,교육,T1 정확표기,4a2e1525-757f-4f06-8cea-e289f2a7b461,유니팝중흥우산센터,교육,중흥동 큰샘길 골목형상점가,골목형상점가,광주광역시,,,
cca97fb3e0775d28da0e,full_annotation_v1,A,q_교육_02,교육,교육 중 '교육'을 판매·제공하는 매장,train,교육,T1 정확표기,32c87c54-6904-4e64-af82-ba082f9fc47d,다산쉬피랜드어학원,학원,다산예스프라자 골목형상점가,골목형상점가,경기도,,,
f090568d92ac323019c5,full_annotation_v1,A,q_교육_02,교육,교육 중 '교육'을 판매·제공하는 매장,train,교육,T1 정확표기,816e96c4-ad7f-46e1-b3d6-3b39f1c8d699,점핑클레이,학원,영월종합상가,전통시장,강원특별자치도,,,
34610097bc8d8eeeb896,full_annotation_v1,A,q_교육_02,교육,교육 중 '교육'을 판매·제공하는 매장,train,교육,T1 정확표기,d968ff72-dd55-4e5e-b546-a4d0ef2a4bed,아인피아노음악학원,교육,신창호반,골목형상점가,광주광역시,,,
dc21b05a423ea8edd651,full_annotation_v1,A,q_교육_02,교육,교육 중 '교육'을 판매·제공하는 매장,train,교육,T1 정확표기,5d7afcf3-39cb-4392-b3ac-1ea1fa4bb5a6,명곡학원,교육,창원 명서시장,전통시장,경상남도,,,
ba1f048925f1f450e593,full_annotation_v1,A,q_교육_02,교육,교육 중 '교육'을 판매·제공하는 매장,train,교육,T1 정확표기,eb363b85-6286-4cbd-b505-436cb757b0a7,사유한자어학원,교육,새롬동 골목형상점가,골목형상점가,세종특별자치시,,,
d0b1090ca518fd857f98,full_annotation_v1,A,q_교육_02,교육,교육 중 '교육'을 판매·제공하는 매장,train,교육,T1 정확표기,b31bb5d1-e421-49e0-86e8-5d417caf1d44,위댄스학원,학원,소담마실길 골목형상점가,골목형상점가,세종특별자치시,,,
c62053cdfb9f9b69140a,full_annotation_v1,A,q_교육_02,교육,교육 중 '교육'을 판매·제공하는 매장,train,교육,T1 정확표기,d57f8b59-bd19-4ea7-bde6-fbe2bb71e369,브레스요가,교육,남사한숲 골목형상점가,골목형상점가,경기도,,,
185e07f478ac7eba05ff,full_annotation_v1,A,q_교육_02,교육,교육 중 '교육'을 판매·제공하는 매장,train,교육,T1 정확표기,21b9be07-6f0c-4784-8371-6b007a06416d,달리미술,교육,아름드리 골목형상점가,골목형상점가,세종특별자치시,,,
00db1c96c9a293dded8b,full_annotation_v1,A,q_교육_02,교육,교육 중 '교육'을 판매·제공하는 매장,train,교육,T1 정확표기,80f061da-e6c0-4beb-905e-f4998d4f3283,윤선생영어숲방림학원,학원,큰방림길 골목형상점가,골목형상점가,광주광역시,,,
5bd438b83a75c03e92dd,full_annotation_v1,A,q_교육_02,교육,교육 중 '교육'을 판매·제공하는 매장,train,교육,T1 정확표기,915f0e71-3a17-4564-8f2d-3330685fc3fe,세종간호전문학원,학원,장대동패션상가 골목형상점가,골목형상점가,대전광역시,,,
34caf88d8f08881cf696,full_annotation_v1,A,q_교육_02,교육,교육 중 '교육'을 판매·제공하는 매장,train,교육,T1 정확표기,d81dcec1-d2bb-44c2-b6d6-87dc9bdf22e7,예음뮤직음악캐슬,교육,목3동골목형상점가,골목형상점가,서울특별시,,,
00153901e9a934687884,full_annotation_v1,A,q_교육_02,교육,교육 중 '교육'을 판매·제공하는 매장,train,교육,T1 정확표기,44aa574e-fbcf-4cde-ae48-a563c0d1cd96,민튼즈실용음악학원,학원,운수대통 골목형상점가,골목형상점가,광주광역시,,,
2f88c21e0addb91a5d2f,full_annotation_v1,A,q_교육_02,교육,교육 중 '교육'을 판매·제공하는 매장,train,교육,T1 정확표기,9a7da882-ed13-4ac0-934d-fd9666075a2b,베이직주짓수클럽,학원,장대동패션상가 골목형상점가,골목형상점가,대전광역시,,,
c6a44e974d655f800fea,full_annotation_v1,A,q_교육_02,교육,교육 중 '교육'을 판매·제공하는 매장,train,교육,T1 정확표기,5f0fa302-d8f5-45b8-9903-63a7887d7d4b,이루다음악학원,학원,서초쇼핑골목형상점가,골목형상점가,서울특별시,,,
b4067d2fa892eb0d1470,full_annotation_v1,A,q_교육_02,교육,교육 중 '교육'을 판매·제공하는 매장,train,교육,T1 정확표기,ed3b2abc-2d05-4508-95bc-44024f0034dd,사라요가,교육,오류동 특화거리 상점가,자율상권구역,대전광역시,,,
fa393c38a7536acdeea6,full_annotation_v1,A,q_교육_02,교육,교육 중 '교육'을 판매·제공하는 매장,train,교육,T1 정확표기,01198069-e953-469c-a9ba-cdbde430ca5e,꿈샘음악교습소,피아노 교습,겸재한신길 골목형상점가,골목형상점가,서울특별시,,,
8c90a17de984aa95dee3,full_annotation_v1,A,q_교육_02,교육,교육 중 '교육'을 판매·제공하는 매장,train,교육,T1 정확표기,029c9be5-681a-4e33-b8c9-d53c519c4ee4,그라시아음악교습소,,보람동 호려울 골목형상점가,골목형상점가,세종특별자치시,,,
b79a2774729d4010410d,full_annotation_v1,A,q_교육_02,교육,교육 중 '교육'을 판매·제공하는 매장,train,교육,T1 정확표기,00684edc-9eb1-4411-a744-2ffdcf2b08b5,선경컴퓨터학원,컴퓨터학원,신월7동골목형상점가,골목형상점가,서울특별시,,,
0b6295d9c75411c53c3d,full_annotation_v1,A,q_교육_03,학원,교육 중 '교육'을 판매·제공하는 매장,train,교육,T1 정확표기,014931f7-6b34-46d5-9a7c-c9110c79a186,쁘띠아트미술학원,교육,보정중심 골목형상점가,골목형상점가,경기도,,,
a63ef25a4e6e2839fc99,full_annotation_v1,A,q_교육_03,학원,교육 중 '교육'을 판매·제공하는 매장,train,교육,T1 정확표기,00594901-8fad-449d-b608-ba4326ab8522,에반스뮤직아카데미음악교습소EvansMusicAcadem,음악교습소,효덕마을 골목형상점가,골목형상점가,광주광역시,,,
6449c5f8b803fd2b6d1c,full_annotation_v1,A,q_교육_03,학원,교육 중 '교육'을 판매·제공하는 매장,train,교육,T1 정확표기,9a7da882-ed13-4ac0-934d-fd9666075a2b,베이직주짓수클럽,학원,장대동패션상가 골목형상점가,골목형상점가,대전광역시,,,
bf4a390fade104747354,full_annotation_v1,A,q_교육_03,학원,교육 중 '교육'을 판매·제공하는 매장,train,교육,T1 정확표기,6583d861-2b7d-4abc-82f3-57d3a7fa9e59,창작미술학원,학원,오류버들시장골목형상점가,골목형상점가,서울특별시,,,
12633c61859bb863f7c8,full_annotation_v1,A,q_교육_03,학원,교육 중 '교육'을 판매·제공하는 매장,train,교육,T1 정확표기,000be075-07c7-4f2c-9717-15dd71125658,소이미술교습소,,한뜰누리 골목형상점가,골목형상점가,세종특별자치시,,,
ce078b528d28ad68ab92,full_annotation_v1,A,q_교육_03,학원,교육 중 '교육'을 판매·제공하는 매장,train,교육,T1 정확표기,abb0601d-4e59-49a7-93f2-60da61d300cd,혁신위드기타학원,기타 학원,혁신도시2구역골목형상점가,골목형상점가,강원특별자치도,,,
d5980d33321e69033685,full_annotation_v1,A,q_교육_03,학원,교육 중 '교육'을 판매·제공하는 매장,train,교육,T1 정확표기,c8b792c4-8888-4863-a7de-7e255e461cae,목동 피아노 교습소,,보람동 호려울 골목형상점가,골목형상점가,세종특별자치시,,,
241072a1ad45c520c569,full_annotation_v1,A,q_교육_03,학원,교육 중 '교육'을 판매·제공하는 매장,train,교육,T1 정확표기,99e3bebe-c38c-4210-a056-7e347195ad55,비욘드잉글리쉬어학원,학원,현대센트럴스퀘어,골목형상점가,경기도,,,
68c27d60575699d66b3d,full_annotation_v1,A,q_교육_03,학원,교육 중 '교육'을 판매·제공하는 매장,train,교육,T1 정확표기,bb77357a-8666-407f-bff5-6973a277c22c,윤미술교습소,미술교습소,오치1동 골목형상점가,골목형상점가,광주광역시,,,
3f717259d4d26ef6be04,full_annotation_v1,A,q_교육_03,학원,교육 중 '교육'을 판매·제공하는 매장,train,교육,T1 정확표기,d1582b38-f5ed-4d35-ae78-a409e3c12735,리라음악교습소,피아노 교습,마륵동상인회 골목형상점가,골목형상점가,광주광역시,,,
acb375d5c2425b1a9f10,full_annotation_v1,A,q_교육_03,학원,교육 중 '교육'을 판매·제공하는 매장,train,교육,T1 정확표기,0177df58-5821-49cb-a1ee-2e58aa4a9f76,전경란미술학원,미술,상암마을상인회 골목형상점가,골목형상점가,광주광역시,,,
0dfb0779b33ecf46b052,full_annotation_v1,A,q_교육_03,학원,교육 중 '교육'을 판매·제공하는 매장,train,교육,T1 정확표기,db75c4ac-32e1-4a19-9cdf-aef47b923513,샬롯의과학실험,교습소,우미린상가,골목형상점가,전라남도,,,
54189d619407a8d81900,full_annotation_v1,A,q_교육_03,학원,교육 중 '교육'을 판매·제공하는 매장,train,교육,T1 정확표기,3cb9d8cc-3ea5-4b5b-8e08-cf1b95a76574,코드스튜디오 코딩컴퓨터 교습소,컴퓨터학원 코딩,홍산로 골목형상점가,골목형상점가,전북특별자치도,,,
47405f8dcc2a9928c471,full_annotation_v1,A,q_교육_03,학원,교육 중 '교육'을 판매·제공하는 매장,train,교육,T1 정확표기,0dcb2a4d-9012-4560-b07f-40602a3cbaa9,더 뮤즈 음악학원,학원,포일중앙 골목형상점가,골목형상점가,경기도,,,
fe0edbb78950c4b0f0d4,full_annotation_v1,A,q_교육_03,학원,교육 중 '교육'을 판매·제공하는 매장,train,교육,T1 정확표기,50c84d98-c629-4898-b1c6-30d9dcb4ef85,이태훈태권도장,태궈도,임방울거리3구역 골목형상점가,골목형상점가,광주광역시,,,
97020290a2470a8653c8,full_annotation_v1,A,q_교육_03,학원,교육 중 '교육'을 판매·제공하는 매장,train,교육,T1 정확표기,96d75700-a4cc-4c7c-ad2e-7c9fe23c6d2e,뮤엠영어다산가람점,학원,다산예스프라자 골목형상점가,골목형상점가,경기도,,,
6dde4b12952fb511f1f8,full_annotation_v1,A,q_교육_03,학원,교육 중 '교육'을 판매·제공하는 매장,train,교육,T1 정확표기,577246f5-7388-4c74-a5c7-57f3da8df2c0,엘리제음악학원,학원,수완사랑 골목형상점가,골목형상점가,광주광역시,,,
1df3342bbfa3a8d9bedd,full_annotation_v1,A,q_교육_03,학원,교육 중 '교육'을 판매·제공하는 매장,train,교육,T1 정확표기,02dde4f0-2859-478f-8fc6-bbb4fe2a2895,더샆 음악학원,피아노,수완하나로 골목형상점가,골목형상점가,광주광역시,,,
8af71b477e2d4b52d513,full_annotation_v1,A,q_교육_03,학원,교육 중 '교육'을 판매·제공하는 매장,train,교육,T1 정확표기,36e54eaf-89ea-4639-b60d-5300be944dd0,민트미술학윈,학원,새봄골목형상점가,골목형상점가,경기도,,,
61689d2a5cedc9ab3ea6,full_annotation_v1,A,q_교육_03,학원,교육 중 '교육'을 판매·제공하는 매장,train,교육,T1 정확표기,3c0329e5-e3a5-4155-ab6d-4e7338e04323,엘에이팜스(LA팜스),,"칠성진,경명시장",전통시장,대구광역시,,,
56e97193481679255967,full_annotation_v1,A,q_교육_03,학원,교육 중 '교육'을 판매·제공하는 매장,train,교육,T1 정확표기,38a09c72-6522-4919-914c-f788c03190ee,에릭칼아트잉글리쉬스튜디오학원,학원,다정중앙 골목형상점가,골목형상점가,세종특별자치시,,,
ffda15a513cba1935ac8,full_annotation_v1,A,q_교육_03,학원,교육 중 '교육'을 판매·제공하는 매장,train,교육,T1 정확표기,82a93198-e03f-4e1d-9451-7b50a8ccb3b6,윤이네 반찬,,신평리시장,전통시장,대구광역시,,,
1ebe5fa56f96244d54dd,full_annotation_v1,A,q_교육_03,학원,교육 중 '교육'을 판매·제공하는 매장,train,교육,T1 정확표기,01081bcc-863e-4cd3-9948-f65e19202042,아트펀미술학원,미술,문흥2동 골목형상점가,골목형상점가,광주광역시,,,
5f92d471cc6b21f501a5,full_annotation_v1,A,q_교육_03,학원,교육 중 '교육'을 판매·제공하는 매장,train,교육,T1 정확표기,856b0191-a7cf-43fa-9202-c3cccec09fe0,브레멘 음 악 교습소,피아노교육,동패 책향기 골목형상점가,골목형상점가,경기도,,,
3450c6933446e72ceb68,full_annotation_v1,A,q_교육_03,학원,교육 중 '교육'을 판매·제공하는 매장,train,교육,T1 정확표기,2aa1601b-649a-404f-b060-5a8b3828c446,경희대SKY태권도,학원,다산예스프라자 골목형상점가,골목형상점가,경기도,,,
675f7ef9a1f0300bbfc1,full_annotation_v1,A,q_교육_03,학원,교육 중 '교육'을 판매·제공하는 매장,train,교육,T1 정확표기,703caf2e-736c-401b-a266-3824f63049d4,. 피크닉 강북3호점,,미사단길 골목형상점가,골목형상점가,서울특별시,,,
f21264e6f5372e37503e,full_annotation_v1,A,q_교육_03,학원,교육 중 '교육'을 판매·제공하는 매장,train,교육,T1 정확표기,b22d9cff-918b-4d28-9829-b779b43824a0,덕신상회,건어물,춘천중앙시장,전통시장,강원특별자치도,,,
3ec157fbdfda848830e9,full_annotation_v1,A,q_교육_03,학원,교육 중 '교육'을 판매·제공하는 매장,train,교육,T1 정확표기,5859f17e-63fe-4cc0-a535-3167c5be5bf1,바둑의신학원,학원교육,화정로상인회 골목형상점가,골목형상점가,광주광역시,,,
b8602eb340689a494860,full_annotation_v1,A,q_교육_03,학원,교육 중 '교육'을 판매·제공하는 매장,train,교육,T1 정확표기,39823fb6-f9ab-4032-8d47-d6c2aa8916ba,도도솔솔라라솔음악교습소,피아노교습소,송천중앙로 골목형상점가,골목형상점가,전북특별자치도,,,
e74f6865299cf1237173,full_annotation_v1,A,q_교육_03,학원,교육 중 '교육'을 판매·제공하는 매장,train,교육,T1 정확표기,5e40865b-ca01-447c-91ee-309666c847de,한라합기도,교육 학원,금암중심상가 골목형상점가,골목형상점가,경기도,,,
4b10a989a4bbe602e176,full_annotation_v1,A,q_교육_03,학원,교육 중 '교육'을 판매·제공하는 매장,train,교육,T1 정확표기,02f75e9d-cd24-473b-9635-4a6f5aba71ed,피아노맘피아노교습소,피아노교습,새미래 골목형상점가,골목형상점가,대전광역시,,,
3310269f4bcbe58dc198,full_annotation_v1,A,q_교육_03,학원,교육 중 '교육'을 판매·제공하는 매장,train,교육,T1 정확표기,5fbb774a-d7f3-4d31-993b-57680e0a1c2a,으막 아카데미 음악교습소,교습소,고운동상점가,자율상권구역,세종특별자치시,,,
5a454938451ae8b07937,full_annotation_v1,A,q_교육_03,학원,교육 중 '교육'을 판매·제공하는 매장,train,교육,T1 정확표기,dc615e17-7c1b-4e03-b427-471eee685ee5,노래하는손가락 교습소,피아노학원,임방울대로 골목형상점가,골목형상점가,광주광역시,,,
1e7671a3dfa6d982916e,full_annotation_v1,A,q_교육_03,학원,교육 중 '교육'을 판매·제공하는 매장,train,교육,T1 정확표기,8b94ada0-89e9-4348-8564-2ebc28bfc487,리베음악미술학원,학원,아진상가,골목형상점가,울산광역시,,,
3c89f745e38e1623c4af,full_annotation_v1,A,q_교육_03,학원,교육 중 '교육'을 판매·제공하는 매장,train,교육,T1 정확표기,b3df1fc3-f147-4247-9d1c-3abbfc97bfc7,한예종 연기교습소,,보람동 호려울 골목형상점가,골목형상점가,세종특별자치시,,,
b9fc9f565f0a2ce931cc,full_annotation_v1,A,q_교육_03,학원,교육 중 '교육'을 판매·제공하는 매장,train,교육,T1 정확표기,ea4e7d59-20ec-454a-87c7-d2a254b89fa0,또또와 네일,,장흥중앙로 골목형상점가,골목형상점가,,,,
2a3b352975c0e6bad691,full_annotation_v1,A,q_교육_03,학원,교육 중 '교육'을 판매·제공하는 매장,train,교육,T1 정확표기,52176ec6-3e7d-4085-8c0e-e78744a332f4,앤미술 교습소,미술교육,월드시티상가 골목형상점가,골목형상점가,울산광역시,,,
fc2fa3d3ec156420b259,full_annotation_v1,A,q_교육_03,학원,교육 중 '교육'을 판매·제공하는 매장,train,교육,T1 정확표기,184800bb-0306-4ffd-9518-cf3e69f3af1c,정수셈수학교습소,학원,포방터시장,전통시장,서울특별시,,,
853b192a78ce6f489e10,full_annotation_v1,A,q_교육_03,학원,교육 중 '교육'을 판매·제공하는 매장,train,교육,T1 정확표기,d6caa347-4fbd-4c7d-b170-77bef37820b7,뮤즈 피아노 스튜디오 교습소,피아노교습소,광안리SUP샤카,골목형상점가,부산광역시,,,
6bcba4d4b42e7b1bfb87,full_annotation_v1,A,q_교육_03,학원,교육 중 '교육'을 판매·제공하는 매장,train,교육,T1 정확표기,af83dbee-cf1b-43ba-9614-df654b250af9,카일하우시찌다,학원,소촌중앙 골목형상점가,골목형상점가,광주광역시,,,
b64c2b1dc1127119c011,full_annotation_v1,A,q_교육_03,학원,교육 중 '교육'을 판매·제공하는 매장,train,교육,T1 정확표기,f42cb6b6-087c-41be-9a4c-07a09ce96ed5,그랜드 음악학원,학원,계림그랜드센트럴 골목형상점가,골목형상점가,광주광역시,,,
b2663018a64823f95787,full_annotation_v1,A,q_교육_03,학원,교육 중 '교육'을 판매·제공하는 매장,train,교육,T1 정확표기,e52fe732-6d2b-40bc-96b9-eb24d45a1f8c,피아노와함께피아노교습소,학원,온누리상인회 골목형상점가,골목형상점가,광주광역시,,,
e037ae35614f2b68670f,full_annotation_v1,A,q_교육_03,학원,교육 중 '교육'을 판매·제공하는 매장,train,교육,T1 정확표기,e4d55e2a-54b0-450b-8104-562950657f01,제일정보처리학원,학원,강남개포시장(구 개포2동중심상점가),자율상권구역,서울특별시,,,
15a868758895afb4f8a7,full_annotation_v1,A,q_교육_03,학원,교육 중 '교육'을 판매·제공하는 매장,train,교육,T1 정확표기,45974ccb-5686-4d8d-a1cb-ae7074906584,블록영어 교습소,영어,다모아상가 골목형상점가,골목형상점가,대전광역시,,,
e7765b398337ae538234,full_annotation_v1,A,q_교육_03,학원,교육 중 '교육'을 판매·제공하는 매장,train,교육,T1 정확표기,44aa574e-fbcf-4cde-ae48-a563c0d1cd96,민튼즈실용음악학원,학원,운수대통 골목형상점가,골목형상점가,광주광역시,,,
96cbf33cc815aba90c64,full_annotation_v1,A,q_교육_03,학원,교육 중 '교육'을 판매·제공하는 매장,train,교육,T1 정확표기,01198069-e953-469c-a9ba-cdbde430ca5e,꿈샘음악교습소,피아노 교습,겸재한신길 골목형상점가,골목형상점가,서울특별시,,,
67f5a4362c052dc47f00,full_annotation_v1,A,q_교육_03,학원,교육 중 '교육'을 판매·제공하는 매장,train,교육,T1 정확표기,575d9868-735a-497b-8f15-2428ddc34a40,도서관 영어 교습소 (DEAR),영어 교습소,다정중앙 골목형상점가,골목형상점가,세종특별자치시,,,
7ba420fde2865a988d40,full_annotation_v1,A,q_교육_03,학원,교육 중 '교육'을 판매·제공하는 매장,train,교육,T1 정확표기,9618b65d-9c75-480d-a9d0-e98d035212cc,보라미,"음식, 소매업빵류, 과자류",전주남부시장,전통시장,전북특별자치도,,,
b948f0536751879ca767,full_annotation_v1,A,q_교육_03,학원,교육 중 '교육'을 판매·제공하는 매장,train,교육,T1 정확표기,396007d3-ca40-4083-9099-399adffc8f04,슈필라움 미술교습소,교습소,중흥동 큰샘길 골목형상점가,골목형상점가,광주광역시,,,
2efaf25c3b59cd663b0f,full_annotation_v1,A,q_교육_03,학원,교육 중 '교육'을 판매·제공하는 매장,train,교육,T1 정확표기,a0ab6c64-2d4b-4226-a89e-853e4576bb90,힐스피아노교습소,피아노 교습소,고운마음 골목형상점가,골목형상점가,세종특별자치시,,,
58c2a46fbb842f0aabc3,full_annotation_v1,A,q_교육_03,학원,교육 중 '교육'을 판매·제공하는 매장,train,교육,T1 정확표기,c31b362b-64ac-4465-99e7-10d71b866115,수이,학원,치동천 수변상가,자율상권구역,경기도,,,
f34fad89ab6927d9f738,full_annotation_v1,A,q_교육_03,학원,교육 중 '교육'을 판매·제공하는 매장,train,교육,T1 정확표기,97d64dba-9109-4173-9417-0ae9c81e8371,고기오빠,한식 식육판매,동운고가도로 골목형상점가,골목형상점가,광주광역시,,,
822c5d2150aeb39f24a9,full_annotation_v1,A,q_교육_03,학원,교육 중 '교육'을 판매·제공하는 매장,train,교육,T1 정확표기,5ec95d3b-01f0-4e4e-92f4-5b65e44c4f85,쇼팽 피아노 교습소,피아노교습,금암동 골목형상점가,골목형상점가,충청남도,,,
f36a2b9fe9c2ff0d8f9e,full_annotation_v1,A,q_교육_03,학원,교육 중 '교육'을 판매·제공하는 매장,train,교육,T1 정확표기,45840f91-2726-467a-850e-51c8b0791875,하람음악학원,학원,롯데 리치빌골목형상점가,골목형상점가,대전광역시,,,
8cdc26934486f0248eb0,full_annotation_v1,A,q_교육_03,학원,교육 중 '교육'을 판매·제공하는 매장,train,교육,T1 정확표기,dd81f32d-a660-4a57-983a-e341cba559a8,아베크피아노,교습소,대전아이파크시티 골목형상점가,골목형상점가,대전광역시,,,
1adfcd501594417be5f4,full_annotation_v1,A,q_교육_03,학원,교육 중 '교육'을 판매·제공하는 매장,train,교육,T1 정확표기,717ca04a-cd92-4ff6-9a2e-890ed06df9d6,북경중국어학원,학원,부산대자율상권구역,,부산광역시,,,
f52ca6316bce4769c22d,full_annotation_v1,A,q_교육_03,학원,교육 중 '교육'을 판매·제공하는 매장,train,교육,T1 정확표기,82f5ecba-aeba-4509-937e-acd2c48500d7,패스트런,학원,장대동패션상가 골목형상점가,골목형상점가,대전광역시,,,
f19ff30bd6e7a2dafb44,full_annotation_v1,A,q_교육_03,학원,교육 중 '교육'을 판매·제공하는 매장,train,교육,T1 정확표기,02cfd6c1-16d7-43bb-9b52-8c2f42d0269e,에녹실용음악학원,실용음악학원,귀인동먹거리촌 골목형상점가,골목형상점가,경기도,,,
dbc7a2d9c21ed8fa00c9,full_annotation_v1,A,q_교육_03,학원,교육 중 '교육'을 판매·제공하는 매장,train,교육,T1 정확표기,00c044be-2483-4a59-9e29-41cbd79cfbe4,배움태권도,교육서비스업,압촌동 골목형상점가,골목형상점가,광주광역시,,,
82c1791933efdf96c1ba,full_annotation_v1,A,q_교육_03,학원,교육 중 '교육'을 판매·제공하는 매장,train,교육,T1 정확표기,9d835597-5551-41ea-868e-93272059074e,파란마음 미술 교습소,교육서비스(미술),가락타운상가시장,전통시장,부산광역시,,,
85a6de855d3ce216b739,full_annotation_v1,A,q_교육_03,학원,교육 중 '교육'을 판매·제공하는 매장,train,교육,T1 정확표기,b31bb5d1-e421-49e0-86e8-5d417caf1d44,위댄스학원,학원,소담마실길 골목형상점가,골목형상점가,세종특별자치시,,,
4995b3497bc82e26fbb9,full_annotation_v1,A,q_교육_03,학원,교육 중 '교육'을 판매·제공하는 매장,train,교육,T1 정확표기,cba07ede-19d7-41e0-b0e3-2b43d6ae5853,다올상상미술교습소,교습,소사벌 에듀타운 상인회 골목형상점가,골목형상점가,경기도,,,
f458a55504d2185d70e0,full_annotation_v1,A,q_교육_03,학원,교육 중 '교육'을 판매·제공하는 매장,train,교육,T1 정확표기,ba025f5b-980e-4732-83d0-a548b50351a0,꿈과 소망피아노 음악교습소,교습소,동림동 골목형상점가,골목형상점가,광주광역시,,,
e493fc31c24bab77383f,full_annotation_v1,A,q_교육_03,학원,교육 중 '교육'을 판매·제공하는 매장,train,교육,T1 정확표기,88c36a77-c6b9-47ca-9fff-c28a77e2e57a,이엘 바이올린 교습소,음악학원,항동 골목형상점가,골목형상점가,서울특별시,,,
94fa5c3d86e6fc89587c,full_annotation_v1,A,q_교육_03,학원,교육 중 '교육'을 판매·제공하는 매장,train,교육,T1 정확표기,32c87c54-6904-4e64-af82-ba082f9fc47d,다산쉬피랜드어학원,학원,다산예스프라자 골목형상점가,골목형상점가,경기도,,,
aa63eb5de374ca184486,full_annotation_v1,A,q_교육_03,학원,교육 중 '교육'을 판매·제공하는 매장,train,교육,T1 정확표기,f700b0d7-1184-43b4-86ee-1464a3393ab4,아마빌레 피아노 교습소,교육,효자촌 골목형상점가,골목형상점가,경기도,,,
ff6916b55aaecb05ebfb,full_annotation_v1,A,q_교육_03,학원,교육 중 '교육'을 판매·제공하는 매장,train,교육,T1 정확표기,a9e987d4-863a-4225-a3ae-b786f3dc617e,스팀융합미술학원,학원 서비스,효천로 골목형상점가,골목형상점가,광주광역시,,,
a0412186a1990f9f10d1,full_annotation_v1,A,q_교육_03,학원,교육 중 '교육'을 판매·제공하는 매장,train,교육,T1 정확표기,0181a9ad-d2dd-43dc-a661-52371dfa6103,엘피아노음악교습소,피아노 레슨,효천2지구 골목형상점가,골목형상점가,광주광역시,,,
921998b379b7ce6af410,full_annotation_v1,A,q_교육_03,학원,교육 중 '교육'을 판매·제공하는 매장,train,교육,T1 정확표기,59697c25-8948-46b3-971b-b63ec86d54d0,스토리,커피,행복 북문대로2 골목형상점가,골목형상점가,광주광역시,,,
96e9d1f553166522de12,full_annotation_v1,A,q_교육_03,학원,교육 중 '교육'을 판매·제공하는 매장,train,교육,T1 정확표기,800eb3fc-d7ce-4e29-bd7f-f8b43372bcf1,엘비에프교육센터학원,학원,삼익사거리 골목형상점가,골목형상점가,광주광역시,,,
5285e633f86c7ce41745,full_annotation_v1,A,q_교육_03,학원,교육 중 '교육'을 판매·제공하는 매장,train,교육,T1 정확표기,02432c0f-8e7a-477c-a263-a5af2337acaf,세종루체음악학원,피아노학원,새롬동 골목형상점가,골목형상점가,세종특별자치시,,,
82ab8babcc4a2dbb9547,full_annotation_v1,A,q_교육_03,학원,교육 중 '교육'을 판매·제공하는 매장,train,교육,T1 정확표기,885c3ec9-6804-43f1-8819-9c4b4d8581e6,아팅 미술 교습소,미술교육,신봉동 온누리 골목형상점가,골목형상점가,경기도,,,
c484a124e8268b1085f0,full_annotation_v1,A,q_교육_03,학원,교육 중 '교육'을 판매·제공하는 매장,train,교육,T1 정확표기,06d1f87d-7fc6-4de2-9193-857aa55f0df1,아주 특별한 피아노 음악 교습소,음악교육,화성향남2지구상점가,자율상권구역,경기도,,,
51247a2f74648a1f6479,full_annotation_v1,A,q_교육_03,학원,교육 중 '교육'을 판매·제공하는 매장,train,교육,T1 정확표기,e1801715-0fce-403f-b6b4-5c0dfe3d1835,뮤직플라츠 음악학원,학원,월곡달빛오거리골목형상점가,골목형상점가,서울특별시,,,
ad67c79b8f2f7aade6e1,full_annotation_v1,A,q_교육_03,학원,교육 중 '교육'을 판매·제공하는 매장,train,교육,T1 정확표기,87ba2dff-fd7c-4004-95f9-af3438e9830e,서울뮤직음악학원,학원,남사한숲 골목형상점가,골목형상점가,경기도,,,
10d631c260695b39b665,full_annotation_v1,A,q_교육_03,학원,교육 중 '교육'을 판매·제공하는 매장,train,교육,T1 정확표기,a827f9f0-9ba0-4702-bf19-5401f4a8acb3,이성식기타전문학원,학원,천천중심상가 골목형상점가,골목형상점가,경기도,,,
53232d82116ca544e454,full_annotation_v1,A,q_교육_03,학원,교육 중 '교육'을 판매·제공하는 매장,train,교육,T1 정확표기,c2f0052b-b972-43bf-af8e-27d4b0349c9a,수영어 교습소,교육서비스,금산프라자 골목형상점가,골목형상점가,경기도,,,
2fdc7af73b68ca886c82,full_annotation_v1,A,q_교육_03,학원,교육 중 '교육'을 판매·제공하는 매장,train,교육,T1 정확표기,28b81dd4-e838-48a2-81f5-d64e2d766b8b,펜타곤학원,학원,인후동1가 골목형상점가,골목형상점가,전북특별자치도,,,
8f540756fea7760b2a77,full_annotation_v1,A,q_교육_03,학원,교육 중 '교육'을 판매·제공하는 매장,train,교육,T1 정확표기,029c9be5-681a-4e33-b8c9-d53c519c4ee4,그라시아음악교습소,,보람동 호려울 골목형상점가,골목형상점가,세종특별자치시,,,
7c0f7e4905700576728a,full_annotation_v1,A,q_교육_03,학원,교육 중 '교육'을 판매·제공하는 매장,train,교육,T1 정확표기,915f0e71-3a17-4564-8f2d-3330685fc3fe,세종간호전문학원,학원,장대동패션상가 골목형상점가,골목형상점가,대전광역시,,,
ef7a26a58cdbc64d1e27,full_annotation_v1,A,q_교육_03,학원,교육 중 '교육'을 판매·제공하는 매장,train,교육,T1 정확표기,c087750d-a841-45c2-9a27-1e937068ed35,씨드영어 교습소,영어학원,신부유람단골목형상점가,골목형상점가,충청남도,,,
080e4e50d6a914428e61,full_annotation_v1,A,q_교육_03,학원,교육 중 '교육'을 판매·제공하는 매장,train,교육,T1 정확표기,816e96c4-ad7f-46e1-b3d6-3b39f1c8d699,점핑클레이,학원,영월종합상가,전통시장,강원특별자치도,,,
eb7e36e7473165bb9252,full_annotation_v1,A,q_교육_03,학원,교육 중 '교육'을 판매·제공하는 매장,train,교육,T1 정확표기,01f69f52-7c70-4a08-a14c-785ba50fc78c,뮤직엣지음악학원,,천왕마을 골목형상점가,골목형상점가,서울특별시,,,
4e4e79e70641c360ff66,full_annotation_v1,A,q_교육_03,학원,교육 중 '교육'을 판매·제공하는 매장,train,교육,T1 정확표기,2512afdf-41c2-438c-9df2-41ed3d84a14e,백화에스테틱,화장품,리버파크 골목형상점가,골목형상점가,광주광역시,,,
62e67eaf80fb4068a249,full_annotation_v1,A,q_교육_03,학원,교육 중 '교육'을 판매·제공하는 매장,train,교육,T1 정확표기,003b433e-01fc-4ef0-9dc8-a06376b015e4,캘리그라피글꼴,광고디자인 원화디자인 기타교육지원서비,동가재미 골목형상점가,골목형상점가,전북특별자치도,,,
74c33217dc58b225a852,full_annotation_v1,A,q_교육_03,학원,교육 중 '교육'을 판매·제공하는 매장,train,교육,T1 정확표기,a2e23479-5330-4b3c-a8a1-4a479338bd9c,최일성골프아카데미,골프 연습장,군산원협 싱싱마루 골목형상점가,골목형상점가,전북특별자치도,,,
7345731b55c536b9f267,full_annotation_v1,A,q_교육_03,학원,교육 중 '교육'을 판매·제공하는 매장,train,교육,T1 정확표기,d53dd521-16b9-47df-94cc-d9f89eece0f5,명플륫교습소,음악학원,태장사거리 골목형상점가,골목형상점가,경기도,,,
2f5642a37e3eb2f5e8c6,full_annotation_v1,A,q_교육_03,학원,교육 중 '교육'을 판매·제공하는 매장,train,교육,T1 정확표기,d625bab5-9584-44b6-9b48-4c875cec0809,심포니아실용음악학원,학원,장대동패션상가 골목형상점가,골목형상점가,대전광역시,,,
a9de1926dbf3ad8963a8,full_annotation_v1,A,q_교육_03,학원,교육 중 '교육'을 판매·제공하는 매장,train,교육,T1 정확표기,0dbdb4e1-3d4b-49b2-bd4e-6a8a930a3f56,아이소리학원,학원,송도 타임스페이스 골목형상점가,골목형상점가,인천광역시,,,
6dcf1d4677297b146aea,full_annotation_v1,A,q_교육_03,학원,교육 중 '교육'을 판매·제공하는 매장,train,교육,T1 정확표기,113123cb-133e-4d09-badf-553b4673b667,군산원협중도매인66번,농산물,군산원협 싱싱마루 골목형상점가,골목형상점가,전북특별자치도,,,
b61acdd0808e808cedf0,full_annotation_v1,A,q_교육_03,학원,교육 중 '교육'을 판매·제공하는 매장,train,교육,T1 정확표기,292b961e-25cc-4d72-a175-39cd6eac6dca,혜윰 독서논술 교습소,글쓰기 웅변,반곡동행복 골목형상점가,골목형상점가,세종특별자치시,,,
7ac59626b851d775d8d3,full_annotation_v1,A,q_교육_03,학원,교육 중 '교육'을 판매·제공하는 매장,train,교육,T1 정확표기,255cfd06-0ec4-4c6f-a479-d58c2cbf9e16,아이야음악학원,학원,항동 골목형상점가,골목형상점가,서울특별시,,,
cd6dd4e0e9afa87b0fec,full_annotation_v1,A,q_교육_03,학원,교육 중 '교육'을 판매·제공하는 매장,train,교육,T1 정확표기,fdb8321f-0edc-4f16-a40f-60d45bded6ca,광주속기학원,교육 학원,"금남로1,2,3가 골목형상점가",골목형상점가,광주광역시,,,
cad62e5745c348935457,full_annotation_v1,A,q_교육_03,학원,교육 중 '교육'을 판매·제공하는 매장,train,교육,T1 정확표기,44fe8505-6be7-4cd9-87a1-201cd635b1e5,크리아트창의미술교습소,미술 교습소,중흥동 큰샘길 골목형상점가,골목형상점가,광주광역시,,,
e7128508036da1e0d1a9,full_annotation_v1,A,q_교육_03,학원,교육 중 '교육'을 판매·제공하는 매장,train,교육,T1 정확표기,db3049be-d927-401a-b87c-76e92e870ff3,제이음악학원,학원,고운마음 골목형상점가,골목형상점가,세종특별자치시,,,
3b72ab87498c329b4de3,full_annotation_v1,A,q_교육_03,학원,교육 중 '교육'을 판매·제공하는 매장,train,교육,T1 정확표기,291cb7f8-77fb-46ca-8cd2-97a7bea5a8df,이엘씨(ELC)영어 교습소,교습소,신가동 골목형상점가,골목형상점가,광주광역시,,,
aec9406ba21049597111,full_annotation_v1,A,q_교육_03,학원,교육 중 '교육'을 판매·제공하는 매장,train,교육,T1 정확표기,00b25125-d398-4ecd-b7c9-38a5a5ceef62,에이비에이(ABA)코칭센터,"교육서비스, 상담",하기동 골목형상점가,골목형상점가,대전광역시,,,
db716eab4564ee41feb3,full_annotation_v1,A,q_교육_03,학원,교육 중 '교육'을 판매·제공하는 매장,train,교육,T1 정확표기,17799776-b473-406e-aa82-04a5f26858c2,풍암케이엠음악학원,학원,풍암벚꽃길상인회 골목형상점가,골목형상점가,광주광역시,,,
6b9f27230fb6933e884d,full_annotation_v1,A,q_교육_03,학원,교육 중 '교육'을 판매·제공하는 매장,train,교육,T1 정확표기,60c8ed6b-5f8a-423b-b433-aac07522cc52,로네 미술 교습소,미술,힐스상인회 골목형상점가,골목형상점가,광주광역시,,,
1aa54788389678250872,full_annotation_v1,A,q_교육_03,학원,교육 중 '교육'을 판매·제공하는 매장,train,교육,T1 정확표기,acc074ff-ffff-495a-8db8-91f357165455,리드인 생각숲 독서논술 교습소,교육,보람동 골목형상점가,골목형상점가,세종특별자치시,,,
46bacd7896d4a2030c05,full_annotation_v1,A,q_교육_03,학원,교육 중 '교육'을 판매·제공하는 매장,train,교육,T1 정확표기,84687a1e-8460-4f61-be68-1cb745b96314,세이뷰티아카데미,학원,빛가람 상리단길 골목형상점가,골목형상점가,전라남도,,,
e0fbc6775a208988ea48,full_annotation_v1,A,q_교육_03,학원,교육 중 '교육'을 판매·제공하는 매장,train,교육,T1 정확표기,a0c30e22-0025-4c5f-b3b0-14fe20d24b24,호만음악교습소,,만덕그린코아상가 골목형상점가,골목형상점가,부산광역시,,,
8fb383a9bcb54f07f7ca,full_annotation_v1,A,q_교육_03,학원,교육 중 '교육'을 판매·제공하는 매장,train,교육,T1 정확표기,bf8b6e54-f4e4-4317-9c2e-591835f5e2fd,굿데이영어교습소,교육서비스(교습소),가락타운상가시장,전통시장,부산광역시,,,
6bf46dde1739b7dd361f,full_annotation_v1,A,q_교육_03,학원,교육 중 '교육'을 판매·제공하는 매장,train,교육,T1 정확표기,0de056d9-a663-454a-a01e-33964c4641e6,원피규어,피규어,설악로데오거리상점가,자율상권구역,강원특별자치도,,,
164cbfe6ee59bd787094,full_annotation_v1,A,q_교육_03,학원,교육 중 '교육'을 판매·제공하는 매장,train,교육,T1 정확표기,7c1e0f50-6ce3-42b1-8a33-fe674422aef2,상상정원미술교습소,교습,대추골골목형상점가,골목형상점가,서울특별시,,,
575825b6d0c7ab16f2d7,full_annotation_v1,A,q_교육_03,학원,교육 중 '교육'을 판매·제공하는 매장,train,교육,T1 정확표기,02c687d7-3422-41e4-be2d-39d56a3ff206,놀작아트팝 미술교습소,교육미술,자운대 골목형상점가,골목형상점가,대전광역시,,,
bcfc433672af4b512922,full_annotation_v1,A,q_교육_03,학원,교육 중 '교육'을 판매·제공하는 매장,train,교육,T1 정확표기,5f0fa302-d8f5-45b8-9903-63a7887d7d4b,이루다음악학원,학원,서초쇼핑골목형상점가,골목형상점가,서울특별시,,,
78fbb05fa0bad0ec49f9,full_annotation_v1,A,q_교육_03,학원,교육 중 '교육'을 판매·제공하는 매장,train,교육,T1 정확표기,0c47c16a-3c5d-4430-9f65-0d50442db32b,피아노스토리,피아노교습소,수완중흥대방 골목형상점가,골목형상점가,광주광역시,,,
1065ef7d4c8f724f4fb7,full_annotation_v1,A,q_교육_03,학원,교육 중 '교육'을 판매·제공하는 매장,train,교육,T1 정확표기,57d83fe8-0d66-4132-8831-99ca11743db1,목동비와이씨,,목동로데오 먹자거리 골목형상점가,골목형상점가,서울특별시,,,
a7fb0016b01e611b0d74,full_annotation_v1,A,q_교육_03,학원,교육 중 '교육'을 판매·제공하는 매장,train,교육,T1 정확표기,0165f75f-ef5b-48e9-8e9d-43ceee042b17,리브로아르츠동구센트럴점미술교습소,아동미술,계림그랜드센트럴 골목형상점가,골목형상점가,광주광역시,,,
812b6466a28a687aa6cf,full_annotation_v1,A,q_교육_03,학원,교육 중 '교육'을 판매·제공하는 매장,train,교육,T1 정확표기,c6503381-7a0f-489b-b58e-45517f974cac,담담그림터미술교습소,교습소,포레나 골목형상점가,골목형상점가,전북특별자치도,,,
8cb9c543b880b8b665eb,full_annotation_v1,A,q_교육_03,학원,교육 중 '교육'을 판매·제공하는 매장,train,교육,T1 정확표기,9eec0c14-ffe5-4641-a3a8-d805a2a87fcc,이상희컴퓨터학원,학원,포항 대이상가 골목형상점가,골목형상점가,경상북도,,,
66adaeb5f944796384bd,full_annotation_v1,A,q_교육_03,학원,교육 중 '교육'을 판매·제공하는 매장,train,교육,T1 정확표기,58f23b9c-10a3-4f8e-8145-70bb1d5d680f,태양세탁소,,장흥중앙로 골목형상점가,골목형상점가,,,,
c880b1b4da4042c9f223,full_annotation_v1,A,q_교육_03,학원,교육 중 '교육'을 판매·제공하는 매장,train,교육,T1 정확표기,64e933ac-605c-477c-8c96-71becc1a44a9,이안미술음악학원,학원,용두마을길 골목형상점가,골목형상점가,광주광역시,,,
bac77716d9d713fc882e,full_annotation_v1,A,q_교육_03,학원,교육 중 '교육'을 판매·제공하는 매장,train,교육,T1 정확표기,065d792e-50fc-4416-b759-bbf7eae7dce4,솔라피아노교습소,,퀸덤3단지골목형상점가,골목형상점가,부산광역시,,,
53c9bcc49cb8db3d18c0,full_annotation_v1,A,q_교육_03,학원,교육 중 '교육'을 판매·제공하는 매장,train,교육,T1 정확표기,e2dd6378-544b-4666-b013-ef4ce325adef,우리들피아노,학원,한솔동 5~6단지상점가,자율상권구역,세종특별자치시,,,
2a0ad16e354919f6ffd5,full_annotation_v1,A,q_교육_03,학원,교육 중 '교육'을 판매·제공하는 매장,train,교육,T1 정확표기,7b2b14da-4045-4afb-b8fd-34c5c6a55cb7,은피아노음악교습소,교습,으뜸 효동 골목형상점가,골목형상점가,광주광역시,,,
c9df0caf7731577bdc3a,full_annotation_v1,A,q_교육_03,학원,교육 중 '교육'을 판매·제공하는 매장,train,교육,T1 정확표기,11733627-36cf-42f7-a020-0b156b648130,설화피아노 학원,,초원 골목형상점가,골목형상점가,충청남도,,,
85ae6f4cb5c809978601,full_annotation_v1,A,q_교육_03,학원,교육 중 '교육'을 판매·제공하는 매장,train,교육,T1 정확표기,010382b4-561d-43c7-848c-cdfed4f4d93d,문성당서점,서적 교육용씨디 비디오 문구 자료처리,부안석정 골목형상점가,골목형상점가,전북특별자치도,,,
a9899b830f0c62f7cb79,full_annotation_v1,A,q_교육_03,학원,교육 중 '교육'을 판매·제공하는 매장,train,교육,T1 정확표기,80f061da-e6c0-4beb-905e-f4998d4f3283,윤선생영어숲방림학원,학원,큰방림길 골목형상점가,골목형상점가,광주광역시,,,
22ab20f83d3771d4bcd3,full_annotation_v1,A,q_교육_03,학원,교육 중 '교육'을 판매·제공하는 매장,train,교육,T1 정확표기,43ad5d85-b3b1-4394-990a-52b5d58bead0,현아트미술교습소,학원,상인화성파크 골목형상점가,골목형상점가,대구광역시,,,
55385543fc31408f2c5f,full_annotation_v1,A,q_교육_03,학원,교육 중 '교육'을 판매·제공하는 매장,train,교육,T1 정확표기,5a87ac98-3261-419c-910c-e798407a609d,만하임음악학원,학원,동천동먹자골목1번가상인회 골목형상점가,골목형상점가,광주광역시,,,
072b577da633a64e326d,full_annotation_v1,A,q_교육_03,학원,교육 중 '교육'을 판매·제공하는 매장,train,교육,T1 정확표기,c99dd784-6fbd-47c5-ab1f-5b0f65d5b5db,팀영어수학입시학원,학원,엄사 골목형상점가,골목형상점가,충청남도,,,
fba1585152806e472c60,full_annotation_v1,A,q_교육_03,학원,교육 중 '교육'을 판매·제공하는 매장,train,교육,T1 정확표기,83a5b6b1-2220-46fd-b093-e9fcb47befc6,장대태권도,학원,장대동패션상가 골목형상점가,골목형상점가,대전광역시,,,
a167a179c3bfb27f9d0e,full_annotation_v1,A,q_교육_03,학원,교육 중 '교육'을 판매·제공하는 매장,train,교육,T1 정확표기,88d46db3-14c7-46c0-9a37-22d0bf533d06,진스콘체르트 피아노 교습소,피아노학원,해운대 화목쇼핑타운 골목형 상점가,골목형상점가,부산광역시,,,
2d3e568c490e263e5682,full_annotation_v1,A,q_교육_03,학원,교육 중 '교육'을 판매·제공하는 매장,train,교육,T1 정확표기,a31987f0-3488-4d79-8c1e-705caff3a048,인앤원학원,학원,의왕도깨비시장,전통시장,경기도,,,
a7b35b06b6b9f6d680df,full_annotation_v1,A,q_교육_03,학원,교육 중 '교육'을 판매·제공하는 매장,train,교육,T1 정확표기,8a21b930-e4c9-42be-8de3-145c17945628,버크앤리어학원,학원,보람동 골목형상점가,골목형상점가,세종특별자치시,,,
33107d3082236c68eeaa,full_annotation_v1,A,q_교육_03,학원,교육 중 '교육'을 판매·제공하는 매장,train,교육,T1 정확표기,361b5b21-f120-4a2e-9366-72ee03710a3b,힐스음악학원,학원,서희1차현대 골목형상점가,골목형상점가,광주광역시,,,
9ca2ddd498bfcd17a4aa,full_annotation_v1,A,q_교육_03,학원,교육 중 '교육'을 판매·제공하는 매장,train,교육,T1 정확표기,ac879c03-6ea6-4051-b3a8-895be1e363f5,우리집치킨,통닭,일산중앙상점가 골목형상점가,골목형상점가,경기도,,,
4f0f045de7efd85872da,full_annotation_v1,A,q_교육_03,학원,교육 중 '교육'을 판매·제공하는 매장,train,교육,T1 정확표기,00684edc-9eb1-4411-a744-2ffdcf2b08b5,선경컴퓨터학원,컴퓨터학원,신월7동골목형상점가,골목형상점가,서울특별시,,,
ff3bc04f421a67fad980,full_annotation_v1,A,q_교육_03,학원,교육 중 '교육'을 판매·제공하는 매장,train,교육,T1 정확표기,89559f14-b9df-4f21-a491-fffc17a5fd7c,드뷔시피아노학원,학원,백운브릿지 골목형상점가,골목형상점가,광주광역시,,,
8f61e586029c228747dc,full_annotation_v1,A,q_교육_03,학원,교육 중 '교육'을 판매·제공하는 매장,train,교육,T1 정확표기,02f0d2df-412f-4757-9c4c-b3a40267f829,스타무용학원,무용학원,매곡 가인 골목형상점가,골목형상점가,광주광역시,,,
361ea8e7a63b10f89c58,full_annotation_v1,A,q_교육_03,학원,교육 중 '교육'을 판매·제공하는 매장,train,교육,T1 정확표기,24d9f355-8f13-41ec-bbd0-5942519a3ffc,세종이화발레학원,학원,노은역 골목형상점가,골목형상점가,대전광역시,,,
8e42042572bd76b47106,full_annotation_v1,A,q_교육_03,학원,교육 중 '교육'을 판매·제공하는 매장,train,교육,T1 정확표기,468ede49-2fd5-4fa2-97ee-816f21e88cc2,아트앤하트산천원효점,미술 교습소,삼성테마트 골목형상점가,골목형상점가,서울특별시,,,
37cff313dca3fe719182,full_annotation_v1,A,q_교육_04,교습소,교육 중 '교육'을 판매·제공하는 매장,train,교육,T2 동의어,266f19dd-e337-46f5-81d9-86804fec9079,반곡미술학원,미술,반곡동행복 골목형상점가,골목형상점가,세종특별자치시,,,
3c112a68d6897053c5fa,full_annotation_v1,A,q_교육_04,교습소,교육 중 '교육'을 판매·제공하는 매장,train,교육,T2 동의어,16363bc3-6d06-4da6-9a5f-9ee95a1b7f29,쿠키,의류,동산상가,전통시장,대구광역시,,,
3ccb7ea591fbfdf986bd,full_annotation_v1,A,q_교육_04,교습소,교육 중 '교육'을 판매·제공하는 매장,train,교육,T2 동의어,60c8ed6b-5f8a-423b-b433-aac07522cc52,로네 미술 교습소,미술,힐스상인회 골목형상점가,골목형상점가,광주광역시,,,
aa344947a8f2cd4a0986,full_annotation_v1,A,q_교육_04,교습소,교육 중 '교육'을 판매·제공하는 매장,train,교육,T2 동의어,88d46db3-14c7-46c0-9a37-22d0bf533d06,진스콘체르트 피아노 교습소,피아노학원,해운대 화목쇼핑타운 골목형 상점가,골목형상점가,부산광역시,,,
464bb136f476a2febb6b,full_annotation_v1,A,q_교육_04,교습소,교육 중 '교육'을 판매·제공하는 매장,train,교육,T2 동의어,dc615e17-7c1b-4e03-b427-471eee685ee5,노래하는손가락 교습소,피아노학원,임방울대로 골목형상점가,골목형상점가,광주광역시,,,
aaaac8c61cbc003c5034,full_annotation_v1,A,q_교육_04,교습소,교육 중 '교육'을 판매·제공하는 매장,train,교육,T2 동의어,856b0191-a7cf-43fa-9202-c3cccec09fe0,브레멘 음 악 교습소,피아노교육,동패 책향기 골목형상점가,골목형상점가,경기도,,,
e3aaaaf62dfa453a7fe0,full_annotation_v1,A,q_교육_04,교습소,교육 중 '교육'을 판매·제공하는 매장,train,교육,T2 동의어,7efba18e-1a5f-4792-a599-582d710644e1,벨라,네일,금당산길상인회 골목형상점가,골목형상점가,광주광역시,,,
483fca7cf63a500a391c,full_annotation_v1,A,q_교육_04,교습소,교육 중 '교육'을 판매·제공하는 매장,train,교육,T2 동의어,bf8b6e54-f4e4-4317-9c2e-591835f5e2fd,굿데이영어교습소,교육서비스(교습소),가락타운상가시장,전통시장,부산광역시,,,
9d15d08dbf1e7a6cf776,full_annotation_v1,A,q_교육_04,교습소,교육 중 '교육'을 판매·제공하는 매장,train,교육,T2 동의어,575d9868-735a-497b-8f15-2428ddc34a40,도서관 영어 교습소 (DEAR),영어 교습소,다정중앙 골목형상점가,골목형상점가,세종특별자치시,,,
11ed48da54765a3aa8a3,full_annotation_v1,A,q_교육_04,교습소,교육 중 '교육'을 판매·제공하는 매장,train,교육,T2 동의어,b3df1fc3-f147-4247-9d1c-3abbfc97bfc7,한예종 연기교습소,,보람동 호려울 골목형상점가,골목형상점가,세종특별자치시,,,
206271e311dcb7017db5,full_annotation_v1,A,q_교육_04,교습소,교육 중 '교육'을 판매·제공하는 매장,train,교육,T2 동의어,72a28eb2-ddf9-4529-b089-2ba3fef158ff,놀작도담도담미술교습소,미술,탕정역 지웰시티몰 3단지 골목형상점가,골목형상점가,충청남도,,,
7b39621b84441ec1e727,full_annotation_v1,A,q_교육_04,교습소,교육 중 '교육'을 판매·제공하는 매장,train,교육,T2 동의어,2066bd9d-af2e-4a79-949a-9cdcfc35bdf4,수지상현자라다남아미술학원,미술,상현2동 골목형상점가,골목형상점가,경기도,,,
f3ef79e5e51d5fe913b8,full_annotation_v1,A,q_교육_04,교습소,교육 중 '교육'을 판매·제공하는 매장,train,교육,T2 동의어,c6503381-7a0f-489b-b58e-45517f974cac,담담그림터미술교습소,교습소,포레나 골목형상점가,골목형상점가,전북특별자치도,,,
d2b8c12940848eb9ebe1,full_annotation_v1,A,q_교육_04,교습소,교육 중 '교육'을 판매·제공하는 매장,train,교육,T2 동의어,02dde4f0-2859-478f-8fc6-bbb4fe2a2895,더샆 음악학원,피아노,수완하나로 골목형상점가,골목형상점가,광주광역시,,,
c4a6d30bcc8bd6dd7a66,full_annotation_v1,A,q_교육_04,교습소,교육 중 '교육'을 판매·제공하는 매장,train,교육,T2 동의어,108a7c2e-0fb9-4489-bab7-8501af47a1d1,필아트미술학원,미술,보정중심 골목형상점가,골목형상점가,경기도,,,
ab9a2b7c435b06491fa4,full_annotation_v1,A,q_교육_04,교습소,교육 중 '교육'을 판매·제공하는 매장,train,교육,T2 동의어,291cb7f8-77fb-46ca-8cd2-97a7bea5a8df,이엘씨(ELC)영어 교습소,교습소,신가동 골목형상점가,골목형상점가,광주광역시,,,
3ab31ca17bd6a1d043c4,full_annotation_v1,A,q_교육_04,교습소,교육 중 '교육'을 판매·제공하는 매장,train,교육,T2 동의어,374a3451-2dda-413e-9b1e-3e4189d583b7,봉선점C&C미술학원,미술,봉선로1 골목형상점가,골목형상점가,광주광역시,,,
dc59e30634fefe9ee68c,full_annotation_v1,A,q_교육_04,교습소,교육 중 '교육'을 판매·제공하는 매장,train,교육,T2 동의어,0181a9ad-d2dd-43dc-a661-52371dfa6103,엘피아노음악교습소,피아노 레슨,효천2지구 골목형상점가,골목형상점가,광주광역시,,,
5033cda184b51ba47120,full_annotation_v1,A,q_교육_04,교습소,교육 중 '교육'을 판매·제공하는 매장,train,교육,T2 동의어,7b2b14da-4045-4afb-b8fd-34c5c6a55cb7,은피아노음악교습소,교습,으뜸 효동 골목형상점가,골목형상점가,광주광역시,,,
8582ea3973481898f79c,full_annotation_v1,A,q_교육_04,교습소,교육 중 '교육'을 판매·제공하는 매장,train,교육,T2 동의어,a3382a6e-9645-4020-929e-2e3f35a5712c,화홍,"조각, 미술",화성행궁골목형상점가,골목형상점가,경기도,,,
57b2d429edcf38cf7494,full_annotation_v1,A,q_교육_04,교습소,교육 중 '교육'을 판매·제공하는 매장,train,교육,T2 동의어,0165f75f-ef5b-48e9-8e9d-43ceee042b17,리브로아르츠동구센트럴점미술교습소,아동미술,계림그랜드센트럴 골목형상점가,골목형상점가,광주광역시,,,
48f568b77d7943e88a4b,full_annotation_v1,A,q_교육_04,교습소,교육 중 '교육'을 판매·제공하는 매장,train,교육,T2 동의어,0177df58-5821-49cb-a1ee-2e58aa4a9f76,전경란미술학원,미술,상암마을상인회 골목형상점가,골목형상점가,광주광역시,,,
b8db2b2e507595691390,full_annotation_v1,A,q_교육_04,교습소,교육 중 '교육'을 판매·제공하는 매장,train,교육,T2 동의어,885c3ec9-6804-43f1-8819-9c4b4d8581e6,아팅 미술 교습소,미술교육,신봉동 온누리 골목형상점가,골목형상점가,경기도,,,
4f5dc372c8c6b222daa3,full_annotation_v1,A,q_교육_04,교습소,교육 중 '교육'을 판매·제공하는 매장,train,교육,T2 동의어,01198069-e953-469c-a9ba-cdbde430ca5e,꿈샘음악교습소,피아노 교습,겸재한신길 골목형상점가,골목형상점가,서울특별시,,,
b157ddfc263d96b0a390,full_annotation_v1,A,q_교육_04,교습소,교육 중 '교육'을 판매·제공하는 매장,train,교육,T2 동의어,2580385b-2b8f-44fd-86bd-10a91fde89fe,아트스토리 미술학원,미술,과천슈르탑 골목형상점가,골목형상점가,경기도,,,
ec69016884c88c87f2b6,full_annotation_v1,A,q_교육_04,교습소,교육 중 '교육'을 판매·제공하는 매장,train,교육,T2 동의어,292b961e-25cc-4d72-a175-39cd6eac6dca,혜윰 독서논술 교습소,글쓰기 웅변,반곡동행복 골목형상점가,골목형상점가,세종특별자치시,,,
789f771dda66d926e62a,full_annotation_v1,A,q_교육_04,교습소,교육 중 '교육'을 판매·제공하는 매장,train,교육,T2 동의어,c4645ffb-eb01-4df8-b66d-d9ff80254dc1,은주,한식,운천테라스길상인회 골목형상점가,골목형상점가,광주광역시,,,
528566d2815e37320f1e,full_annotation_v1,A,q_교육_04,교습소,교육 중 '교육'을 판매·제공하는 매장,train,교육,T2 동의어,c2f0052b-b972-43bf-af8e-27d4b0349c9a,수영어 교습소,교육서비스,금산프라자 골목형상점가,골목형상점가,경기도,,,
8646e3f474558eb9aa1b,full_annotation_v1,A,q_교육_04,교습소,교육 중 '교육'을 판매·제공하는 매장,train,교육,T2 동의어,44fe8505-6be7-4cd9-87a1-201cd635b1e5,크리아트창의미술교습소,미술 교습소,중흥동 큰샘길 골목형상점가,골목형상점가,광주광역시,,,
ddc683567f2ea7b3fdc8,full_annotation_v1,A,q_교육_04,교습소,교육 중 '교육'을 판매·제공하는 매장,train,교육,T2 동의어,2d5d39db-0870-41e1-b16a-88dd61f1ccb3,아이러브아트미술학원,미술,신용동 골목형상점가,골목형상점가,광주광역시,,,
792b2d60c84acf434e48,full_annotation_v1,A,q_교육_04,교습소,교육 중 '교육'을 판매·제공하는 매장,train,교육,T2 동의어,bbe7a459-608e-400e-b322-6e0ea8cc08f3,림아트미술학원,미술,다산 상생 상점가,골목형상점가,경기도,,,
af76d3347683dddf6ac3,full_annotation_v1,A,q_교육_04,교습소,교육 중 '교육'을 판매·제공하는 매장,train,교육,T2 동의어,468ede49-2fd5-4fa2-97ee-816f21e88cc2,아트앤하트산천원효점,미술 교습소,삼성테마트 골목형상점가,골목형상점가,서울특별시,,,
f6efe74a7560fb899831,full_annotation_v1,A,q_교육_04,교습소,교육 중 '교육'을 판매·제공하는 매장,train,교육,T2 동의어,a42a5dfc-4184-4831-8d56-2370605ff237,더프리미엄아트톡미술학원,미술,맹동혁신골목형상점가,골목형상점가,충청북도,,,
b4a7a4ac4eebf51f10d5,full_annotation_v1,A,q_교육_04,교습소,교육 중 '교육'을 판매·제공하는 매장,train,교육,T2 동의어,c8b792c4-8888-4863-a7de-7e255e461cae,목동 피아노 교습소,,보람동 호려울 골목형상점가,골목형상점가,세종특별자치시,,,
743736dfea313e1a7874,full_annotation_v1,A,q_교육_04,교습소,교육 중 '교육'을 판매·제공하는 매장,train,교육,T2 동의어,1de3a170-c09a-48ce-8bf9-8d7469f47aa0,아트톡톡미술,미술,대남대로181번길 골목형상점가,골목형상점가,광주광역시,,,
1873547a65e4f4958b66,full_annotation_v1,A,q_교육_04,교습소,교육 중 '교육'을 판매·제공하는 매장,train,교육,T2 동의어,f700b0d7-1184-43b4-86ee-1464a3393ab4,아마빌레 피아노 교습소,교육,효자촌 골목형상점가,골목형상점가,경기도,,,
f0ae1cb7ce4f9b9c4d5a,full_annotation_v1,A,q_교육_04,교습소,교육 중 '교육'을 판매·제공하는 매장,train,교육,T2 동의어,0c47c16a-3c5d-4430-9f65-0d50442db32b,피아노스토리,피아노교습소,수완중흥대방 골목형상점가,골목형상점가,광주광역시,,,
57bd8a1c78510b4da8b9,full_annotation_v1,A,q_교육_04,교습소,교육 중 '교육'을 판매·제공하는 매장,train,교육,T2 동의어,4f714347-7af0-40b9-9305-9ae043e7a58c,크리아트봉선아르떼미술학원,미술,용대로53번길 골목형상점가,골목형상점가,광주광역시,,,
2494dd07493a53983ee9,full_annotation_v1,A,q_교육_04,교습소,교육 중 '교육'을 판매·제공하는 매장,train,교육,T2 동의어,acc074ff-ffff-495a-8db8-91f357165455,리드인 생각숲 독서논술 교습소,교육,보람동 골목형상점가,골목형상점가,세종특별자치시,,,
75a3b34bbc191a134758,full_annotation_v1,A,q_교육_04,교습소,교육 중 '교육'을 판매·제공하는 매장,train,교육,T2 동의어,12faff74-1837-422d-8762-839115c57e23,꽃들에땅 미술교습소,미술,탕정역 지웰시티몰 3단지 골목형상점가,골목형상점가,충청남도,,,
794b934624c046d6d884,full_annotation_v1,A,q_교육_04,교습소,교육 중 '교육'을 판매·제공하는 매장,train,교육,T2 동의어,8424114b-b1e5-4b61-928c-dd86451db7a0,광주캘리그라피학원,미술,중흥청춘로 골목형상점가,골목형상점가,광주광역시,,,
825bdc15a5281e396e1c,full_annotation_v1,A,q_교육_04,교습소,교육 중 '교육'을 판매·제공하는 매장,train,교육,T2 동의어,e164cfbd-9771-426d-9a33-6f351eb18ed1,새롬미술교습소,미술,새롬동 골목형상점가,골목형상점가,세종특별자치시,,,
485e8d90f581e7f8b4c6,full_annotation_v1,A,q_교육_04,교습소,교육 중 '교육'을 판매·제공하는 매장,train,교육,T2 동의어,84266bb8-fa56-4d3f-b92b-6bc13c2f9ce6,에땅미술관숙제미술교습소,미술,리버파크 골목형상점가,골목형상점가,광주광역시,,,
f2c87007dfeddc9413ed,full_annotation_v1,A,q_교육_04,교습소,교육 중 '교육'을 판매·제공하는 매장,train,교육,T2 동의어,04c4402e-c11e-4318-97e2-4a1d94e88702,더그림미술학원,미술,금호상인회 골목형상점가,골목형상점가,광주광역시,,,
eb555c853aae381fcbdb,full_annotation_v1,A,q_교육_04,교습소,교육 중 '교육'을 판매·제공하는 매장,train,교육,T2 동의어,45974ccb-5686-4d8d-a1cb-ae7074906584,블록영어 교습소,영어,다모아상가 골목형상점가,골목형상점가,대전광역시,,,
fe3d8a814b01e1838c9d,full_annotation_v1,A,q_교육_04,교습소,교육 중 '교육'을 판매·제공하는 매장,train,교육,T2 동의어,d66f7600-f7ac-48c2-8cff-acfa66f99b19,아이러브미술,미술,범지기 골목형상점가,골목형상점가,세종특별자치시,,,
5408f4ed033009fb27d8,full_annotation_v1,A,q_교육_04,교습소,교육 중 '교육'을 판매·제공하는 매장,train,교육,T2 동의어,38effd9c-39c4-4afd-a2a4-f64043f4259e,크리아트소담창의미술학원,미술,소담마실길 골목형상점가,골목형상점가,세종특별자치시,,,
d78f99b294ae545274ce,full_annotation_v1,A,q_교육_04,교습소,교육 중 '교육'을 판매·제공하는 매장,train,교육,T2 동의어,7455bd62-c4a3-4032-a981-0d9821cede9a,그림소리미술학원,미술,석촌시장,전통시장,서울특별시,,,
acb9cf120c08eb09eb16,full_annotation_v1,A,q_교육_04,교습소,교육 중 '교육'을 판매·제공하는 매장,train,교육,T2 동의어,9d835597-5551-41ea-868e-93272059074e,파란마음 미술 교습소,교육서비스(미술),가락타운상가시장,전통시장,부산광역시,,,
35af1d821acdf16b1bab,full_annotation_v1,A,q_교육_04,교습소,교육 중 '교육'을 판매·제공하는 매장,train,교육,T2 동의어,b4e83d5b-d234-45a2-859e-869ff8db9f4c,예미술학원,미술,안동광석거리 골목형상점가,골목형상점가,경상북도,,,
6341bdfaa09315690712,full_annotation_v1,A,q_교육_04,교습소,교육 중 '교육'을 판매·제공하는 매장,train,교육,T2 동의어,31bf3130-c405-4a61-a6fe-36d7511b68fd,상상숲미술학원,미술,계림그랜드센트럴 골목형상점가,골목형상점가,광주광역시,,,
424923629bd4a3c8f554,full_annotation_v1,A,q_교육_04,교습소,교육 중 '교육'을 판매·제공하는 매장,train,교육,T2 동의어,df179aad-310c-4a95-91a6-30309746c283,공룡분식,김밥등 분식,성당신시장,전통시장,대구광역시,,,
608a1c80cf6c9b9f18ab,full_annotation_v1,A,q_교육_04,교습소,교육 중 '교육'을 판매·제공하는 매장,train,교육,T2 동의어,47a337ee-1c79-4b2d-9498-65ea51ef8df5,하얀집,양말,수원역전지하도상가,일반지하상점가,경기도,,,
d97916f6b6582f26eb6c,full_annotation_v1,A,q_교육_04,교습소,교육 중 '교육'을 판매·제공하는 매장,train,교육,T2 동의어,4574a243-75a4-439d-80ff-547057539908,유진아트미술교습소,미술,첨단2지구 골목형상점가,골목형상점가,광주광역시,,,
46117fc7464b331d1621,full_annotation_v1,A,q_교육_04,교습소,교육 중 '교육'을 판매·제공하는 매장,train,교육,T2 동의어,5ec95d3b-01f0-4e4e-92f4-5b65e44c4f85,쇼팽 피아노 교습소,피아노교습,금암동 골목형상점가,골목형상점가,충청남도,,,
bac7a2b6f88895e980d1,full_annotation_v1,A,q_교육_04,교습소,교육 중 '교육'을 판매·제공하는 매장,train,교육,T2 동의어,94aa59f8-be29-4a6a-aae0-9795d51c8f05,비비드아트 미술교습소,미술,계산동 골목형상점가,골목형상점가,대전광역시,,,
a0268d4db546f5f15c6d,full_annotation_v1,A,q_교육_04,교습소,교육 중 '교육'을 판매·제공하는 매장,train,교육,T2 동의어,05956f43-7e43-4c50-99b1-46b958ab7058,포도미술학원,미술,새롬동 골목형상점가,골목형상점가,세종특별자치시,,,
b8bb82515c420aaf87be,full_annotation_v1,A,q_교육_04,교습소,교육 중 '교육'을 판매·제공하는 매장,train,교육,T2 동의어,02cfd6c1-16d7-43bb-9b52-8c2f42d0269e,에녹실용음악학원,실용음악학원,귀인동먹거리촌 골목형상점가,골목형상점가,경기도,,,
b724483d147417084650,full_annotation_v1,A,q_교육_04,교습소,교육 중 '교육'을 판매·제공하는 매장,train,교육,T2 동의어,00b25125-d398-4ecd-b7c9-38a5a5ceef62,에이비에이(ABA)코칭센터,"교육서비스, 상담",하기동 골목형상점가,골목형상점가,대전광역시,,,
e470309daadde0ef5c61,full_annotation_v1,A,q_교육_04,교습소,교육 중 '교육'을 판매·제공하는 매장,train,교육,T2 동의어,d6caa347-4fbd-4c7d-b170-77bef37820b7,뮤즈 피아노 스튜디오 교습소,피아노교습소,광안리SUP샤카,골목형상점가,부산광역시,,,
1ba6170bac1a8051b068,full_annotation_v1,A,q_교육_04,교습소,교육 중 '교육'을 판매·제공하는 매장,train,교육,T2 동의어,3cb9d8cc-3ea5-4b5b-8e08-cf1b95a76574,코드스튜디오 코딩컴퓨터 교습소,컴퓨터학원 코딩,홍산로 골목형상점가,골목형상점가,전북특별자치도,,,
93706b7994a81587e330,full_annotation_v1,A,q_교육_04,교습소,교육 중 '교육'을 판매·제공하는 매장,train,교육,T2 동의어,2e7d4b14-e0c1-41c2-8d41-42d268d9200b,놀부국밥,국밥,쌍촌골상인회 골목형상점가,골목형상점가,광주광역시,,,
1128e37b2110d96452e9,full_annotation_v1,A,q_교육_04,교습소,교육 중 '교육'을 판매·제공하는 매장,train,교육,T2 동의어,0c964a3f-67a0-420f-8910-f424caeed142,미술 레시피,미술공방,성북천골목형상점가,골목형상점가,서울특별시,,,
ade820788ee22f35ea59,full_annotation_v1,A,q_교육_04,교습소,교육 중 '교육'을 판매·제공하는 매장,train,교육,T2 동의어,003b433e-01fc-4ef0-9dc8-a06376b015e4,캘리그라피글꼴,광고디자인 원화디자인 기타교육지원서비,동가재미 골목형상점가,골목형상점가,전북특별자치도,,,
30722e1eb7161503dfd4,full_annotation_v1,A,q_교육_04,교습소,교육 중 '교육'을 판매·제공하는 매장,train,교육,T2 동의어,010382b4-561d-43c7-848c-cdfed4f4d93d,문성당서점,서적 교육용씨디 비디오 문구 자료처리,부안석정 골목형상점가,골목형상점가,전북특별자치도,,,
2871efba1033acfeec27,full_annotation_v1,A,q_교육_04,교습소,교육 중 '교육'을 판매·제공하는 매장,train,교육,T2 동의어,41710d83-8379-4d81-a4b2-9477cd87c584,케어타로,타로,춘천중앙시장,전통시장,강원특별자치도,,,
e39fe13f6ecbd41d9a42,full_annotation_v1,A,q_교육_04,교습소,교육 중 '교육'을 판매·제공하는 매장,train,교육,T2 동의어,dda5eaf0-deff-4042-979d-4f3ed9529dfa,앤유미술학원,미술 교육,보람동 골목형상점가,골목형상점가,세종특별자치시,,,
dfe8a376ab34912087c8,full_annotation_v1,A,q_교육_04,교습소,교육 중 '교육'을 판매·제공하는 매장,train,교육,T2 동의어,06d1f87d-7fc6-4de2-9193-857aa55f0df1,아주 특별한 피아노 음악 교습소,음악교육,화성향남2지구상점가,자율상권구역,경기도,,,
3b8274defc791a206503,full_annotation_v1,A,q_교육_04,교습소,교육 중 '교육'을 판매·제공하는 매장,train,교육,T2 동의어,dbe89f2c-9560-4dad-9b35-d17cfa9af29a,놀작리비에르미술교습소,미술,평창리비에르 2차 골목형상점가,골목형상점가,울산광역시,,,
ceb1732e9d123d1003db,full_annotation_v1,A,q_교육_04,교습소,교육 중 '교육'을 판매·제공하는 매장,train,교육,T2 동의어,c087750d-a841-45c2-9a27-1e937068ed35,씨드영어 교습소,영어학원,신부유람단골목형상점가,골목형상점가,충청남도,,,
ffb71927a23fca66f526,full_annotation_v1,A,q_교육_04,교습소,교육 중 '교육'을 판매·제공하는 매장,train,교육,T2 동의어,d7e293b8-394f-4e53-bed2-2789a786c710,아트시온 미술학원,미술,운남우방 골목형상점가,골목형상점가,광주광역시,,,
b19c1b9aaef0c561440f,full_annotation_v1,A,q_교육_04,교습소,교육 중 '교육'을 판매·제공하는 매장,train,교육,T2 동의어,02432c0f-8e7a-477c-a263-a5af2337acaf,세종루체음악학원,피아노학원,새롬동 골목형상점가,골목형상점가,세종특별자치시,,,
66f447dce573b507146a,full_annotation_v1,A,q_교육_04,교습소,교육 중 '교육'을 판매·제공하는 매장,train,교육,T2 동의어,00684edc-9eb1-4411-a744-2ffdcf2b08b5,선경컴퓨터학원,컴퓨터학원,신월7동골목형상점가,골목형상점가,서울특별시,,,
e61f8841a1312950399a,full_annotation_v1,A,q_교육_04,교습소,교육 중 '교육'을 판매·제공하는 매장,train,교육,T2 동의어,b5b16e89-2afd-4b1d-929b-68d5e6acd8bf,놀작크키크미술학원,미술,대전아이파크시티 골목형상점가,골목형상점가,대전광역시,,,
5f7f825a364aee5a54a2,full_annotation_v1,A,q_교육_04,교습소,교육 중 '교육'을 판매·제공하는 매장,train,교육,T2 동의어,463bbc32-2ccd-4646-9ebe-abebbeec40c9,길동야채,야채,길동복조리시장,전통시장,서울특별시,,,
bff3cb6872acd57e7e34,full_annotation_v1,A,q_교육_04,교습소,교육 중 '교육'을 판매·제공하는 매장,train,교육,T2 동의어,306f8eba-9ebb-4eb5-8a98-6fd762cb68f6,유니팝미술학원,미술,남사한숲 골목형상점가,골목형상점가,경기도,,,
9cada8e4aeb4f850b360,full_annotation_v1,A,q_교육_04,교습소,교육 중 '교육'을 판매·제공하는 매장,train,교육,T2 동의어,877c97ca-5713-42d1-ba7c-ad8447b242dc,밍글맹글미술학원,미술,세양청구마을 골목형상점가,골목형상점가,울산광역시,,,
2c2586f935c945e77b07,full_annotation_v1,A,q_교육_04,교습소,교육 중 '교육'을 판매·제공하는 매장,train,교육,T2 동의어,99b41ed8-2bbf-487d-a00b-d7995d031e4b,광포상사(너랑나랑),화장품,성서와룡시장,전통시장,대구광역시,,,
67e85293ee2da4a1788a,full_annotation_v1,A,q_교육_04,교습소,교육 중 '교육'을 판매·제공하는 매장,train,교육,T2 동의어,9dc072f0-6ecf-4356-81f4-f6652d36ee03,보물창고,의류 잡화,두류1번가,일반지하상점가,대구광역시,,,
29aebfe9b350ef40daec,full_annotation_v1,A,q_교육_04,교습소,교육 중 '교육'을 판매·제공하는 매장,train,교육,T2 동의어,014931f7-6b34-46d5-9a7c-c9110c79a186,쁘띠아트미술학원,교육,보정중심 골목형상점가,골목형상점가,경기도,,,
62fecd8a91c0b419fd4f,full_annotation_v1,A,q_교육_04,교습소,교육 중 '교육'을 판매·제공하는 매장,train,교육,T2 동의어,1777a04b-059a-4357-bd06-4ac69d0ab80c,더함미술교습소,미술,신용동 골목형상점가,골목형상점가,광주광역시,,,
653d5cb7cabba8589b42,full_annotation_v1,A,q_교육_04,교습소,교육 중 '교육'을 판매·제공하는 매장,train,교육,T2 동의어,02c687d7-3422-41e4-be2d-39d56a3ff206,놀작아트팝 미술교습소,교육미술,자운대 골목형상점가,골목형상점가,대전광역시,,,
142f3f2975260d500d90,full_annotation_v1,A,q_교육_04,교습소,교육 중 '교육'을 판매·제공하는 매장,train,교육,T2 동의어,68c6b22c-bc67-45dc-bd7a-f2b2e0adff07,아트노리미술학원,미술,유촌동상인회 골목형상점가,골목형상점가,광주광역시,,,
61e7b08dee4cc363adf7,full_annotation_v1,A,q_교육_04,교습소,교육 중 '교육'을 판매·제공하는 매장,train,교육,T2 동의어,9cc8d30a-928f-4321-998c-f3f6bcfafd04,피카소의 꿈 미술학원,미술,신가동 골목형상점가,골목형상점가,광주광역시,,,
3795a7adee184fa8c401,full_annotation_v1,A,q_교육_04,교습소,교육 중 '교육'을 판매·제공하는 매장,train,교육,T2 동의어,7c1e0f50-6ce3-42b1-8a33-fe674422aef2,상상정원미술교습소,교습,대추골골목형상점가,골목형상점가,서울특별시,,,
49018ecd7730a8abdace,full_annotation_v1,A,q_교육_04,교습소,교육 중 '교육'을 판매·제공하는 매장,train,교육,T2 동의어,396007d3-ca40-4083-9099-399adffc8f04,슈필라움 미술교습소,교습소,중흥동 큰샘길 골목형상점가,골목형상점가,광주광역시,,,
6c018001bf8e564c60bf,full_annotation_v1,A,q_교육_04,교습소,교육 중 '교육'을 판매·제공하는 매장,train,교육,T2 동의어,217ca7a9-e6ce-4b90-8c44-0ef8c949ed6f,오디너리 아트루틴,미술,산본로데오거리(구 산본중심상가),자율상권구역,경기도,,,
d00db63cbf43fe46ffb6,full_annotation_v1,A,q_교육_04,교습소,교육 중 '교육'을 판매·제공하는 매장,train,교육,T2 동의어,01081bcc-863e-4cd3-9948-f65e19202042,아트펀미술학원,미술,문흥2동 골목형상점가,골목형상점가,광주광역시,,,
380722eea2c4e3876b24,full_annotation_v1,A,q_교육_04,교습소,교육 중 '교육'을 판매·제공하는 매장,train,교육,T2 동의어,661c559f-8571-4ecd-8ce7-50777b51b2d2,상상더함미술,미술,"일곡동(제4지역:쌍용,호반,청솔2,호반일신,청솔1)",골목형상점가,광주광역시,,,
3b8f613090d81eca1c1b,full_annotation_v1,A,q_교육_04,교습소,교육 중 '교육'을 판매·제공하는 매장,train,교육,T2 동의어,01f69f52-7c70-4a08-a14c-785ba50fc78c,뮤직엣지음악학원,,천왕마을 골목형상점가,골목형상점가,서울특별시,,,
093d6675bf34db50b19d,full_annotation_v1,A,q_교육_04,교습소,교육 중 '교육'을 판매·제공하는 매장,train,교육,T2 동의어,00c044be-2483-4a59-9e29-41cbd79cfbe4,배움태권도,교육서비스업,압촌동 골목형상점가,골목형상점가,광주광역시,,,
492e0562b1e0d47a7d6f,full_annotation_v1,A,q_교육_04,교습소,교육 중 '교육'을 판매·제공하는 매장,train,교육,T2 동의어,065d792e-50fc-4416-b759-bbf7eae7dce4,솔라피아노교습소,,퀸덤3단지골목형상점가,골목형상점가,부산광역시,,,
72330ff4385025496368,full_annotation_v1,A,q_교육_04,교습소,교육 중 '교육'을 판매·제공하는 매장,train,교육,T2 동의어,88c36a77-c6b9-47ca-9fff-c28a77e2e57a,이엘 바이올린 교습소,음악학원,항동 골목형상점가,골목형상점가,서울특별시,,,
759ff4ec93a0fb8e76ca,full_annotation_v1,A,q_교육_04,교습소,교육 중 '교육'을 판매·제공하는 매장,train,교육,T2 동의어,bb77357a-8666-407f-bff5-6973a277c22c,윤미술교습소,미술교습소,오치1동 골목형상점가,골목형상점가,광주광역시,,,
dd7fd5c3bfd3e2734e07,full_annotation_v1,A,q_교육_04,교습소,교육 중 '교육'을 판매·제공하는 매장,train,교육,T2 동의어,bf3b240b-b9e3-4b44-8154-d01becf1e935,다온미술교습소,미술,금리단길 골목형상점가,골목형상점가,부산광역시,,,
c68d998e9e3b53fc13c0,full_annotation_v1,A,q_교육_04,교습소,교육 중 '교육'을 판매·제공하는 매장,train,교육,T2 동의어,a0c30e22-0025-4c5f-b3b0-14fe20d24b24,호만음악교습소,,만덕그린코아상가 골목형상점가,골목형상점가,부산광역시,,,
70dd5ab779acdfe2ba2d,full_annotation_v1,A,q_교육_04,교습소,교육 중 '교육'을 판매·제공하는 매장,train,교육,T2 동의어,d2c9fcf5-eb48-4cf7-8f8c-2824204df43a,패션양말,양말,서문시장아진상가,전통시장,대구광역시,,,
2af9c66a8382742959eb,full_annotation_v1,A,q_교육_04,교습소,교육 중 '교육'을 판매·제공하는 매장,train,교육,T2 동의어,afaac4fc-2b42-4a0d-8b99-335e18fdabfd,다올미술학원,미술 교육,하남 골목형상점가,골목형상점가,광주광역시,,,
c77689bbdc8fd43b2d01,full_annotation_v1,A,q_교육_04,교습소,교육 중 '교육'을 판매·제공하는 매장,train,교육,T2 동의어,52920921-835a-4e34-9811-93c30e8242b4,글리밍아트미술교습소,미술,수완사랑 골목형상점가,골목형상점가,광주광역시,,,
802a3c1ed681dad54c50,full_annotation_v1,A,q_교육_04,교습소,교육 중 '교육'을 판매·제공하는 매장,train,교육,T2 동의어,02f75e9d-cd24-473b-9635-4a6f5aba71ed,피아노맘피아노교습소,피아노교습,새미래 골목형상점가,골목형상점가,대전광역시,,,
b5e60b79c396cb639ea2,full_annotation_v1,A,q_교육_04,교습소,교육 중 '교육'을 판매·제공하는 매장,train,교육,T2 동의어,d1582b38-f5ed-4d35-ae78-a409e3c12735,리라음악교습소,피아노 교습,마륵동상인회 골목형상점가,골목형상점가,광주광역시,,,
fc4163e9afc59389bf2a,full_annotation_v1,A,q_교육_04,교습소,교육 중 '교육'을 판매·제공하는 매장,train,교육,T2 동의어,000be075-07c7-4f2c-9717-15dd71125658,소이미술교습소,,한뜰누리 골목형상점가,골목형상점가,세종특별자치시,,,
337bfd108766232c6337,full_annotation_v1,A,q_교육_04,교습소,교육 중 '교육'을 판매·제공하는 매장,train,교육,T2 동의어,75cbdb7d-0280-49a6-9253-b71d12c3236b,본초허브,건강기능보조식품,서울약령시장,전통시장,서울특별시,,,
5a07c43bc103d2327efe,full_annotation_v1,A,q_교육_04,교습소,교육 중 '교육'을 판매·제공하는 매장,train,교육,T2 동의어,a0ab6c64-2d4b-4226-a89e-853e4576bb90,힐스피아노교습소,피아노 교습소,고운마음 골목형상점가,골목형상점가,세종특별자치시,,,
45e18f67cf86b31a56ab,full_annotation_v1,A,q_교육_04,교습소,교육 중 '교육'을 판매·제공하는 매장,train,교육,T2 동의어,406bf859-b02b-4b80-a430-f45ccb0fd73b,원더아트미술학원,미술,제니스 골목형상점가,골목형상점가,광주광역시,,,
d867c5a224608dd17e7d,full_annotation_v1,A,q_교육_04,교습소,교육 중 '교육'을 판매·제공하는 매장,train,교육,T2 동의어,dd81f32d-a660-4a57-983a-e341cba559a8,아베크피아노,교습소,대전아이파크시티 골목형상점가,골목형상점가,대전광역시,,,
0d15adaf6958d708507f,full_annotation_v1,A,q_교육_04,교습소,교육 중 '교육'을 판매·제공하는 매장,train,교육,T2 동의어,f4b1156a-e9d7-4fe6-b8e0-efa3148af572,마야미술,미술,금암동 골목형상점가,골목형상점가,충청남도,,,
29d34626d1b1cfa60a8d,full_annotation_v1,A,q_교육_04,교습소,교육 중 '교육'을 판매·제공하는 매장,train,교육,T2 동의어,fd42dacd-410d-43b3-94da-66b58066d309,알록미술관미술교습소,미술,첨단쌍이 골목형상점가,골목형상점가,광주광역시,,,
4e5f017036a7696fc0d3,full_annotation_v1,A,q_교육_04,교습소,교육 중 '교육'을 판매·제공하는 매장,train,교육,T2 동의어,b39ed0aa-ab3a-472e-9ecd-9f52685dffdb,고양이상자미술교습소,미술,유촌동상인회 골목형상점가,골목형상점가,광주광역시,,,
d94a15b9b64eb1d575c1,full_annotation_v1,A,q_교육_04,교습소,교육 중 '교육'을 판매·제공하는 매장,train,교육,T2 동의어,f86a3f6a-6228-4484-8f36-9cfa717f6156,놀작 빅클로우아트 미술학원,미술,호계종합시장,전통시장,경기도,,,
31e0771f8126d1bb0e55,full_annotation_v1,A,q_교육_04,교습소,교육 중 '교육'을 판매·제공하는 매장,train,교육,T2 동의어,c7b8d07a-3179-4f44-921c-93f56714d74f,리크브레인아트,미술,혁신도시5구역골목형상점가,골목형상점가,강원특별자치도,,,
dc14147e17c9a28f2d1f,full_annotation_v1,A,q_교육_04,교습소,교육 중 '교육'을 판매·제공하는 매장,train,교육,T2 동의어,ba025f5b-980e-4732-83d0-a548b50351a0,꿈과 소망피아노 음악교습소,교습소,동림동 골목형상점가,골목형상점가,광주광역시,,,
121b9c9c025a2589479c,full_annotation_v1,A,q_교육_04,교습소,교육 중 '교육'을 판매·제공하는 매장,train,교육,T2 동의어,db75c4ac-32e1-4a19-9cdf-aef47b923513,샬롯의과학실험,교습소,우미린상가,골목형상점가,전라남도,,,
3cbef77818c1c8ff1fe9,full_annotation_v1,A,q_교육_04,교습소,교육 중 '교육'을 판매·제공하는 매장,train,교육,T2 동의어,6bf6c357-cdff-4a99-9e62-4d797ed0b9c5,"아트센터그리다,미술",미술,선운별 골목형상점가,골목형상점가,광주광역시,,,
466f30fb3f0d2581808c,full_annotation_v1,A,q_교육_04,교습소,교육 중 '교육'을 판매·제공하는 매장,train,교육,T2 동의어,110a7ce4-7b8b-4bb8-9f7e-83005810f572,송선유통,농축산물,창원 상남시장,전통시장,경상남도,,,
bc47fa9792fb8ec7ab95,full_annotation_v1,A,q_교육_04,교습소,교육 중 '교육'을 판매·제공하는 매장,train,교육,T2 동의어,02f0d2df-412f-4757-9c4c-b3a40267f829,스타무용학원,무용학원,매곡 가인 골목형상점가,골목형상점가,광주광역시,,,
106ef45b86bd6ada7b11,full_annotation_v1,A,q_교육_04,교습소,교육 중 '교육'을 판매·제공하는 매장,train,교육,T2 동의어,e21eff00-daff-40c8-a437-b2d90dbb3297,전북웹툰아카데미애니챔프만화학원,미술,경원동 골목형상점가,골목형상점가,전북특별자치도,,,
9ff8aa57d57974d1aa9f,full_annotation_v1,A,q_교육_04,교습소,교육 중 '교육'을 판매·제공하는 매장,train,교육,T2 동의어,c24ccc0e-c67f-4188-86ae-61f7beb1b777,이큐미술학원,미술,신창수문 골목형상점가,골목형상점가,광주광역시,,,
fa95776668db04f5e1df,full_annotation_v1,A,q_교육_04,교습소,교육 중 '교육'을 판매·제공하는 매장,train,교육,T2 동의어,5c437a35-3e92-4d4b-8df5-cff2f4d72333,크리아트울산명촌라라미술학,미술,명촌꽃길 골목형상점가,골목형상점가,울산광역시,,,
71a9435e1bfe2313e9f2,full_annotation_v1,A,q_교육_04,교습소,교육 중 '교육'을 판매·제공하는 매장,train,교육,T2 동의어,c052f8c1-f68a-419f-8275-ec492c38ed16,도화동사람들,음식점업,도화동상점가,자율상권구역,서울특별시,,,
cd9216bb20f3c7b4b374,full_annotation_v1,A,q_교육_04,교습소,교육 중 '교육'을 판매·제공하는 매장,train,교육,T2 동의어,029c9be5-681a-4e33-b8c9-d53c519c4ee4,그라시아음악교습소,,보람동 호려울 골목형상점가,골목형상점가,세종특별자치시,,,
b0057a1dde9aee39b1f3,full_annotation_v1,A,q_교육_04,교습소,교육 중 '교육'을 판매·제공하는 매장,train,교육,T2 동의어,00594901-8fad-449d-b608-ba4326ab8522,에반스뮤직아카데미음악교습소EvansMusicAcadem,음악교습소,효덕마을 골목형상점가,골목형상점가,광주광역시,,,
bd1c5b20ca6dd119e79d,full_annotation_v1,A,q_교육_04,교습소,교육 중 '교육'을 판매·제공하는 매장,train,교육,T2 동의어,39823fb6-f9ab-4032-8d47-d6c2aa8916ba,도도솔솔라라솔음악교습소,피아노교습소,송천중앙로 골목형상점가,골목형상점가,전북특별자치도,,,
409256167a74d2ab9d96,full_annotation_v1,A,q_교육_04,교습소,교육 중 '교육'을 판매·제공하는 매장,train,교육,T2 동의어,81e9c06b-a32e-494b-b5fd-bdc58f2c10e4,모멘토,미술,매화 하백로 골목형상점가,골목형상점가,광주광역시,,,
af1106c0bc4d0c22645c,full_annotation_v1,A,q_교육_04,교습소,교육 중 '교육'을 판매·제공하는 매장,train,교육,T2 동의어,d7522d56-7f20-45f8-92d5-5fdffa99e5e0,달리반피카소학원,미술,고운동상점가,자율상권구역,세종특별자치시,,,
816da1d95df1d8909261,full_annotation_v1,A,q_교육_04,교습소,교육 중 '교육'을 판매·제공하는 매장,train,교육,T2 동의어,14ecee0c-5858-41ce-812a-ac796d5a229e,호랑이수산,생선,노량진수산시장골목형상점가,골목형상점가,서울특별시,,,
9651954b7a3f5d8ee330,full_annotation_v1,A,q_교육_04,교습소,교육 중 '교육'을 판매·제공하는 매장,train,교육,T2 동의어,cba07ede-19d7-41e0-b0e3-2b43d6ae5853,다올상상미술교습소,교습,소사벌 에듀타운 상인회 골목형상점가,골목형상점가,경기도,,,
ed57e952532dc4025c6a,full_annotation_v1,A,q_교육_04,교습소,교육 중 '교육'을 판매·제공하는 매장,train,교육,T2 동의어,7a0dfd58-c9e0-4b33-a208-78e5d1547269,놀작 블룸아트 미술학원,미술,용산동 골목형상점가,골목형상점가,대전광역시,,,
912da2f796ebb1882385,full_annotation_v1,A,q_교육_04,교습소,교육 중 '교육'을 판매·제공하는 매장,train,교육,T2 동의어,549a72df-e4b7-4ab9-96c9-b3f3a7ea3a64,투데이,음식,풍암초앞상인회 골목형상점가,골목형상점가,광주광역시,,,
32bace47ddee8cef1594,full_annotation_v1,A,q_교육_04,교습소,교육 중 '교육'을 판매·제공하는 매장,train,교육,T2 동의어,5fbb774a-d7f3-4d31-993b-57680e0a1c2a,으막 아카데미 음악교습소,교습소,고운동상점가,자율상권구역,세종특별자치시,,,
95414c54b70c36ecf5e7,full_annotation_v1,A,q_교육_04,교습소,교육 중 '교육'을 판매·제공하는 매장,train,교육,T2 동의어,52176ec6-3e7d-4085-8c0e-e78744a332f4,앤미술 교습소,미술교육,월드시티상가 골목형상점가,골목형상점가,울산광역시,,,
9f43035c88f35665b46b,full_annotation_v1,A,q_교육_04,교습소,교육 중 '교육'을 판매·제공하는 매장,train,교육,T2 동의어,d53dd521-16b9-47df-94cc-d9f89eece0f5,명플륫교습소,음악학원,태장사거리 골목형상점가,골목형상점가,경기도,,,
7340a912ba393dbca04c,full_annotation_v1,A,q_교육_05,미술,교육 중 '교육'을 판매·제공하는 매장,train,교육,T2 동의어,3282d006-78d6-42af-88fa-d4467307adc3,초롱피아노음악학원,피아노,중앙로 백운1동 골목형상점가,골목형상점가,광주광역시,,,
e99b1a25203c13e6e23c,full_annotation_v1,A,q_교육_05,미술,교육 중 '교육'을 판매·제공하는 매장,train,교육,T2 동의어,e21eff00-daff-40c8-a437-b2d90dbb3297,전북웹툰아카데미애니챔프만화학원,미술,경원동 골목형상점가,골목형상점가,전북특별자치도,,,
ec6a1f285899422174c8,full_annotation_v1,A,q_교육_05,미술,교육 중 '교육'을 판매·제공하는 매장,train,교육,T2 동의어,05956f43-7e43-4c50-99b1-46b958ab7058,포도미술학원,미술,새롬동 골목형상점가,골목형상점가,세종특별자치시,,,
008505205c8ccf8cb9f4,full_annotation_v1,A,q_교육_05,미술,교육 중 '교육'을 판매·제공하는 매장,train,교육,T2 동의어,d87b554b-eab3-4975-aac2-f68f5df57261,나도 피아노 학원,피아노,나주혁신도시 골목형상점가,골목형상점가,전라남도,,,
6f60bd3c9ae99978e611,full_annotation_v1,A,q_교육_05,미술,교육 중 '교육'을 판매·제공하는 매장,train,교육,T2 동의어,18ff8e2e-787b-483d-bc5d-ebb238e1c797,광천상회,젓갈,강경젓갈시장,전통시장,충청남도,,,
ed5f18e4db213024eb33,full_annotation_v1,A,q_교육_05,미술,교육 중 '교육'을 판매·제공하는 매장,train,교육,T2 동의어,108a7c2e-0fb9-4489-bab7-8501af47a1d1,필아트미술학원,미술,보정중심 골목형상점가,골목형상점가,경기도,,,
d3a1ec49b972f5b54d5e,full_annotation_v1,A,q_교육_05,미술,교육 중 '교육'을 판매·제공하는 매장,train,교육,T2 동의어,fd01abe0-f298-4a54-9735-42dc2840031d,영쓰모자,잡화,프로방스 골목형상점가,골목형상점가,전라남도,,,
33653e228fe582e169d3,full_annotation_v1,A,q_교육_05,미술,교육 중 '교육'을 판매·제공하는 매장,train,교육,T2 동의어,60c8ed6b-5f8a-423b-b433-aac07522cc52,로네 미술 교습소,미술,힐스상인회 골목형상점가,골목형상점가,광주광역시,,,
bd701019d86b46d2e850,full_annotation_v1,A,q_교육_05,미술,교육 중 '교육'을 판매·제공하는 매장,train,교육,T2 동의어,7a0dfd58-c9e0-4b33-a208-78e5d1547269,놀작 블룸아트 미술학원,미술,용산동 골목형상점가,골목형상점가,대전광역시,,,
cbe33a32e0cbb511fae3,full_annotation_v1,A,q_교육_05,미술,교육 중 '교육'을 판매·제공하는 매장,train,교육,T2 동의어,000be075-07c7-4f2c-9717-15dd71125658,소이미술교습소,,한뜰누리 골목형상점가,골목형상점가,세종특별자치시,,,
c55307d082a643881a1f,full_annotation_v1,A,q_교육_05,미술,교육 중 '교육'을 판매·제공하는 매장,train,교육,T2 동의어,ae4537ce-e3f1-4ec2-b820-629d68ef7bfd,노블음악학원,피아노,하남 골목형상점가,골목형상점가,광주광역시,,,
ea534897e37cf597892b,full_annotation_v1,A,q_교육_05,미술,교육 중 '교육'을 판매·제공하는 매장,train,교육,T2 동의어,7064cc45-4820-428c-88e0-5613feb9a81d,가온음악학원,피아노,양산동 골목형상점가,골목형상점가,광주광역시,,,
76159a29f70e718229b4,full_annotation_v1,A,q_교육_05,미술,교육 중 '교육'을 판매·제공하는 매장,train,교육,T2 동의어,010382b4-561d-43c7-848c-cdfed4f4d93d,문성당서점,서적 교육용씨디 비디오 문구 자료처리,부안석정 골목형상점가,골목형상점가,전북특별자치도,,,
d2cabd94e11a646c1fbf,full_annotation_v1,A,q_교육_05,미술,교육 중 '교육'을 판매·제공하는 매장,train,교육,T2 동의어,0177df58-5821-49cb-a1ee-2e58aa4a9f76,전경란미술학원,미술,상암마을상인회 골목형상점가,골목형상점가,광주광역시,,,
fd3bab0a5811cdfec4d0,full_annotation_v1,A,q_교육_05,미술,교육 중 '교육'을 판매·제공하는 매장,train,교육,T2 동의어,8424114b-b1e5-4b61-928c-dd86451db7a0,광주캘리그라피학원,미술,중흥청춘로 골목형상점가,골목형상점가,광주광역시,,,
8b619bdb677968726315,full_annotation_v1,A,q_교육_05,미술,교육 중 '교육'을 판매·제공하는 매장,train,교육,T2 동의어,217ca7a9-e6ce-4b90-8c44-0ef8c949ed6f,오디너리 아트루틴,미술,산본로데오거리(구 산본중심상가),자율상권구역,경기도,,,
e038593adb8011407632,full_annotation_v1,A,q_교육_05,미술,교육 중 '교육'을 판매·제공하는 매장,train,교육,T2 동의어,827c8aaf-ed4d-413a-ad2f-ce07eb2ede48,칸타빌레음악교습소,피아노,상암마을상인회 골목형상점가,골목형상점가,광주광역시,,,
ba129b599c9ed17aee07,full_annotation_v1,A,q_교육_05,미술,교육 중 '교육'을 판매·제공하는 매장,train,교육,T2 동의어,dda5eaf0-deff-4042-979d-4f3ed9529dfa,앤유미술학원,미술 교육,보람동 골목형상점가,골목형상점가,세종특별자치시,,,
ba582fb4e052ea87a8e3,full_annotation_v1,A,q_교육_05,미술,교육 중 '교육'을 판매·제공하는 매장,train,교육,T2 동의어,00684edc-9eb1-4411-a744-2ffdcf2b08b5,선경컴퓨터학원,컴퓨터학원,신월7동골목형상점가,골목형상점가,서울특별시,,,
dd06ab843b88b30cfbc4,full_annotation_v1,A,q_교육_05,미술,교육 중 '교육'을 판매·제공하는 매장,train,교육,T2 동의어,31bf3130-c405-4a61-a6fe-36d7511b68fd,상상숲미술학원,미술,계림그랜드센트럴 골목형상점가,골목형상점가,광주광역시,,,
ecc4829dddc24bea8417,full_annotation_v1,A,q_교육_05,미술,교육 중 '교육'을 판매·제공하는 매장,train,교육,T2 동의어,59c4bf7c-4602-444b-a987-67cbd7da6d75,라온음악학원,피아노,"빛가람 스타타워, 메가티움1차, 메가티움2차 골목형상점가",골목형상점가,전라남도,,,
60eb4ece3207ea84219e,full_annotation_v1,A,q_교육_05,미술,교육 중 '교육'을 판매·제공하는 매장,train,교육,T2 동의어,52920921-835a-4e34-9811-93c30e8242b4,글리밍아트미술교습소,미술,수완사랑 골목형상점가,골목형상점가,광주광역시,,,
e40288ab6daedaa64a93,full_annotation_v1,A,q_교육_05,미술,교육 중 '교육'을 판매·제공하는 매장,train,교육,T2 동의어,5f6c5c37-e454-4ee3-b00b-93c426cf61b9,아이사랑음악학원,피아노,장원초 입구 골목형상점가,골목형상점가,광주광역시,,,
3b0aaa00a59ca854c734,full_annotation_v1,A,q_교육_05,미술,교육 중 '교육'을 판매·제공하는 매장,train,교육,T2 동의어,00b25125-d398-4ecd-b7c9-38a5a5ceef62,에이비에이(ABA)코칭센터,"교육서비스, 상담",하기동 골목형상점가,골목형상점가,대전광역시,,,
435403dd4b421bdf564a,full_annotation_v1,A,q_교육_05,미술,교육 중 '교육'을 판매·제공하는 매장,train,교육,T2 동의어,a9b78d8a-718e-4898-86cb-ed4237bc363f,바흐 피아노,피아노교습,청운시장골목형상점가,골목형상점가,경기도,,,
181d7254756c398064c5,full_annotation_v1,A,q_교육_05,미술,교육 중 '교육'을 판매·제공하는 매장,train,교육,T2 동의어,52b2b7df-0506-4526-b7f8-36d6818ea740,시엘음악학원,피아노,제니스 골목형상점가,골목형상점가,광주광역시,,,
dc6bbb9678d4275205ad,full_annotation_v1,A,q_교육_05,미술,교육 중 '교육'을 판매·제공하는 매장,train,교육,T2 동의어,c24ccc0e-c67f-4188-86ae-61f7beb1b777,이큐미술학원,미술,신창수문 골목형상점가,골목형상점가,광주광역시,,,
98db8f27dc180465c03a,full_annotation_v1,A,q_교육_05,미술,교육 중 '교육'을 판매·제공하는 매장,train,교육,T2 동의어,8c77c016-aff7-49f1-ad5a-2a184cb432b0,나래음악학원,피아노,용정 골목형상점가,골목형상점가,대전광역시,,,
fdf3889289b41dd092b5,full_annotation_v1,A,q_교육_05,미술,교육 중 '교육'을 판매·제공하는 매장,train,교육,T2 동의어,029c9be5-681a-4e33-b8c9-d53c519c4ee4,그라시아음악교습소,,보람동 호려울 골목형상점가,골목형상점가,세종특별자치시,,,
00275f6db0ddf9cfb369,full_annotation_v1,A,q_교육_05,미술,교육 중 '교육'을 판매·제공하는 매장,train,교육,T2 동의어,01f69f52-7c70-4a08-a14c-785ba50fc78c,뮤직엣지음악학원,,천왕마을 골목형상점가,골목형상점가,서울특별시,,,
6d672d091d0ec916ef9b,full_annotation_v1,A,q_교육_05,미술,교육 중 '교육'을 판매·제공하는 매장,train,교육,T2 동의어,f4b1156a-e9d7-4fe6-b8e0-efa3148af572,마야미술,미술,금암동 골목형상점가,골목형상점가,충청남도,,,
25c0d7aaa59215be76d8,full_annotation_v1,A,q_교육_05,미술,교육 중 '교육'을 판매·제공하는 매장,train,교육,T2 동의어,afaac4fc-2b42-4a0d-8b99-335e18fdabfd,다올미술학원,미술 교육,하남 골목형상점가,골목형상점가,광주광역시,,,
c2498541874355621e89,full_annotation_v1,A,q_교육_05,미술,교육 중 '교육'을 판매·제공하는 매장,train,교육,T2 동의어,dabd06a7-f4d2-44a4-b0ad-a4cae4431aa5,라라공방,공방,군산 원도심 골목형상점가,골목형상점가,전북특별자치도,,,
54210279a7c1fc89408c,full_annotation_v1,A,q_교육_05,미술,교육 중 '교육'을 판매·제공하는 매장,train,교육,T2 동의어,7905d53f-9849-4739-a56e-de2d0b04696b,예송음악학원,피아노,더불어용두 골목형상점가,골목형상점가,광주광역시,,,
81ded27952488a99770c,full_annotation_v1,A,q_교육_05,미술,교육 중 '교육'을 판매·제공하는 매장,train,교육,T2 동의어,a3382a6e-9645-4020-929e-2e3f35a5712c,화홍,"조각, 미술",화성행궁골목형상점가,골목형상점가,경기도,,,
e01460ef21b2d874e94e,full_annotation_v1,A,q_교육_05,미술,교육 중 '교육'을 판매·제공하는 매장,train,교육,T2 동의어,02dde4f0-2859-478f-8fc6-bbb4fe2a2895,더샆 음악학원,피아노,수완하나로 골목형상점가,골목형상점가,광주광역시,,,
d351136b9538a4f5f378,full_annotation_v1,A,q_교육_05,미술,교육 중 '교육'을 판매·제공하는 매장,train,교육,T2 동의어,9eb5fe61-d934-4383-ab9c-aa556cf5a7ba,삼익피아노춘천특약점,피아노,춘천지하상가,일반지하상점가,강원특별자치도,,,
559cd827a824580cc793,full_annotation_v1,A,q_교육_05,미술,교육 중 '교육'을 판매·제공하는 매장,train,교육,T2 동의어,92fb3f75-6f3c-4325-ab00-bf6da0a92223,반값통신,휴대폰,진주 동부시장,전통시장,경상남도,,,
bd994d34b5a0f9a87bc5,full_annotation_v1,A,q_교육_05,미술,교육 중 '교육'을 판매·제공하는 매장,train,교육,T2 동의어,fe708dc7-d191-43d8-9dd6-1e8d5c2d3eb5,잔치떡집,떡,여수교동시장,전통시장,전라남도,,,
5fc0c8c434514a2c445f,full_annotation_v1,A,q_교육_05,미술,교육 중 '교육'을 판매·제공하는 매장,train,교육,T2 동의어,b5b16e89-2afd-4b1d-929b-68d5e6acd8bf,놀작크키크미술학원,미술,대전아이파크시티 골목형상점가,골목형상점가,대전광역시,,,
574e19eb36c01557cab6,full_annotation_v1,A,q_교육_05,미술,교육 중 '교육'을 판매·제공하는 매장,train,교육,T2 동의어,374a3451-2dda-413e-9b1e-3e4189d583b7,봉선점C&C미술학원,미술,봉선로1 골목형상점가,골목형상점가,광주광역시,,,
533f3cec9da026969cf3,full_annotation_v1,A,q_교육_05,미술,교육 중 '교육'을 판매·제공하는 매장,train,교육,T2 동의어,f86a3f6a-6228-4484-8f36-9cfa717f6156,놀작 빅클로우아트 미술학원,미술,호계종합시장,전통시장,경기도,,,
82ba430ea31fe41e5472,full_annotation_v1,A,q_교육_05,미술,교육 중 '교육'을 판매·제공하는 매장,train,교육,T2 동의어,1ce023e8-09f6-46b9-a62a-ca328737afee,아이러브 피아노,피아노,범지기 골목형상점가,골목형상점가,세종특별자치시,,,
e2afc4a3d52bca034b8f,full_annotation_v1,A,q_교육_05,미술,교육 중 '교육'을 판매·제공하는 매장,train,교육,T2 동의어,fc50902f-1a0d-44f3-9860-f1b687a52a2d,건반피아노학원,피아노,삼익사거리 골목형상점가,골목형상점가,광주광역시,,,
b4710c054610c9b3c6c4,full_annotation_v1,A,q_교육_05,미술,교육 중 '교육'을 판매·제공하는 매장,train,교육,T2 동의어,639267c6-8612-4983-983f-112f06ecfa45,이소이음악학원,피아노,효천2지구 골목형상점가,골목형상점가,광주광역시,,,
7c093a2a769ea791ee94,full_annotation_v1,A,q_교육_05,미술,교육 중 '교육'을 판매·제공하는 매장,train,교육,T2 동의어,12baeaab-c75a-4b41-97e4-946b478178dc,솔라음악학원,피아노,쌍학로상인회 골목형상점가,골목형상점가,광주광역시,,,
488365729ea8fb056193,full_annotation_v1,A,q_교육_05,미술,교육 중 '교육'을 판매·제공하는 매장,train,교육,T2 동의어,e12b8210-1921-414b-8db6-6f8d44e5c668,비발디피아노교습소,피아노,두마면 대실골목형상점가,골목형상점가,충청남도,,,
6b4357aa0f0b94032065,full_annotation_v1,A,q_교육_05,미술,교육 중 '교육'을 판매·제공하는 매장,train,교육,T2 동의어,e9b72212-6fe3-4be8-8b5a-d2c291aa9a52,왕관피아노학원,피아노,반곡동행복 골목형상점가,골목형상점가,세종특별자치시,,,
c834cc6e40878ded52a2,full_annotation_v1,A,q_교육_05,미술,교육 중 '교육'을 판매·제공하는 매장,train,교육,T2 동의어,58e6beaa-a8a2-4686-b808-4a64ef52cbfa,엘 피아노 학원,피아노,고운동상점가,자율상권구역,세종특별자치시,,,
9a3786eaa908893a3fb3,full_annotation_v1,A,q_교육_05,미술,교육 중 '교육'을 판매·제공하는 매장,train,교육,T2 동의어,02f75e9d-cd24-473b-9635-4a6f5aba71ed,피아노맘피아노교습소,피아노교습,새미래 골목형상점가,골목형상점가,대전광역시,,,
7edcf7c234f91086fe1e,full_annotation_v1,A,q_교육_05,미술,교육 중 '교육'을 판매·제공하는 매장,train,교육,T2 동의어,0c47c16a-3c5d-4430-9f65-0d50442db32b,피아노스토리,피아노교습소,수완중흥대방 골목형상점가,골목형상점가,광주광역시,,,
559fb33090dac820fbcc,full_annotation_v1,A,q_교육_05,미술,교육 중 '교육'을 판매·제공하는 매장,train,교육,T2 동의어,5c437a35-3e92-4d4b-8df5-cff2f4d72333,크리아트울산명촌라라미술학,미술,명촌꽃길 골목형상점가,골목형상점가,울산광역시,,,
c4a721f53361c8644c10,full_annotation_v1,A,q_교육_05,미술,교육 중 '교육'을 판매·제공하는 매장,train,교육,T2 동의어,e1e8e93f-a03d-4ee2-b713-8e74453f72bf,버들예음피아노학원,피아노,유촌동상인회 골목형상점가,골목형상점가,광주광역시,,,
150ab3fc5b221b9afec4,full_annotation_v1,A,q_교육_05,미술,교육 중 '교육'을 판매·제공하는 매장,train,교육,T2 동의어,bf3b240b-b9e3-4b44-8154-d01becf1e935,다온미술교습소,미술,금리단길 골목형상점가,골목형상점가,부산광역시,,,
de56976d3b9e7b80a2b0,full_annotation_v1,A,q_교육_05,미술,교육 중 '교육'을 판매·제공하는 매장,train,교육,T2 동의어,0c964a3f-67a0-420f-8910-f424caeed142,미술 레시피,미술공방,성북천골목형상점가,골목형상점가,서울특별시,,,
0904316a8490e059d63d,full_annotation_v1,A,q_교육_05,미술,교육 중 '교육'을 판매·제공하는 매장,train,교육,T2 동의어,4f714347-7af0-40b9-9305-9ae043e7a58c,크리아트봉선아르떼미술학원,미술,용대로53번길 골목형상점가,골목형상점가,광주광역시,,,
c9983d39c2839eed1fd1,full_annotation_v1,A,q_교육_05,미술,교육 중 '교육'을 판매·제공하는 매장,train,교육,T2 동의어,9811d2ec-770d-43cb-a8b7-bdc28f764d0c,전진음악학원,피아노,양산제로 골목형상점가,골목형상점가,광주광역시,,,
bb8b2cbec87036b87924,full_annotation_v1,A,q_교육_05,미술,교육 중 '교육'을 판매·제공하는 매장,train,교육,T2 동의어,00594901-8fad-449d-b608-ba4326ab8522,에반스뮤직아카데미음악교습소EvansMusicAcadem,음악교습소,효덕마을 골목형상점가,골목형상점가,광주광역시,,,
eb522e56562fb5e00538,full_annotation_v1,A,q_교육_05,미술,교육 중 '교육'을 판매·제공하는 매장,train,교육,T2 동의어,ce20bd46-1c6a-457f-95ad-1b26fbfa5793,쾰른음악학원,피아노,신원권율4 골목형상점가,골목형상점가,경기도,,,
ecb44441bf9c647d8551,full_annotation_v1,A,q_교육_05,미술,교육 중 '교육'을 판매·제공하는 매장,train,교육,T2 동의어,d66f7600-f7ac-48c2-8cff-acfa66f99b19,아이러브미술,미술,범지기 골목형상점가,골목형상점가,세종특별자치시,,,
3d2aaa9a767a6054eb8d,full_annotation_v1,A,q_교육_05,미술,교육 중 '교육'을 판매·제공하는 매장,train,교육,T2 동의어,065d792e-50fc-4416-b759-bbf7eae7dce4,솔라피아노교습소,,퀸덤3단지골목형상점가,골목형상점가,부산광역시,,,
d300572f182b666d466f,full_annotation_v1,A,q_교육_05,미술,교육 중 '교육'을 판매·제공하는 매장,train,교육,T2 동의어,0165f75f-ef5b-48e9-8e9d-43ceee042b17,리브로아르츠동구센트럴점미술교습소,아동미술,계림그랜드센트럴 골목형상점가,골목형상점가,광주광역시,,,
ab9179d48435b4d6bebe,full_annotation_v1,A,q_교육_05,미술,교육 중 '교육'을 판매·제공하는 매장,train,교육,T2 동의어,c5d8d6fe-d883-444e-b1bb-7e3b319cc557,시엘피아노,피아노,풍암동부상인회 골목형상점가,골목형상점가,광주광역시,,,
78afd94598256d339013,full_annotation_v1,A,q_교육_05,미술,교육 중 '교육'을 판매·제공하는 매장,train,교육,T2 동의어,96e2704f-14e3-4b46-989d-6263e37730d7,필그림음악학원,피아노,신창수문 골목형상점가,골목형상점가,광주광역시,,,
b5b43303e3a903b0d233,full_annotation_v1,A,q_교육_05,미술,교육 중 '교육'을 판매·제공하는 매장,train,교육,T2 동의어,7455bd62-c4a3-4032-a981-0d9821cede9a,그림소리미술학원,미술,석촌시장,전통시장,서울특별시,,,
f99961e14034ce6df18f,full_annotation_v1,A,q_교육_05,미술,교육 중 '교육'을 판매·제공하는 매장,train,교육,T2 동의어,014931f7-6b34-46d5-9a7c-c9110c79a186,쁘띠아트미술학원,교육,보정중심 골목형상점가,골목형상점가,경기도,,,
b7c701fcea95765f3bf5,full_annotation_v1,A,q_교육_05,미술,교육 중 '교육'을 판매·제공하는 매장,train,교육,T2 동의어,003b433e-01fc-4ef0-9dc8-a06376b015e4,캘리그라피글꼴,광고디자인 원화디자인 기타교육지원서비,동가재미 골목형상점가,골목형상점가,전북특별자치도,,,
2f49ea96b2e10c939663,full_annotation_v1,A,q_교육_05,미술,교육 중 '교육'을 판매·제공하는 매장,train,교육,T2 동의어,5b1f0449-07c0-4f23-b3d6-78d24c5550da,라벨피아노학원,피아노,효천2지구 골목형상점가,골목형상점가,광주광역시,,,
d0e813295bc511b21c7d,full_annotation_v1,A,q_교육_05,미술,교육 중 '교육'을 판매·제공하는 매장,train,교육,T2 동의어,0d2f2054-1989-4a4b-b849-c46f93f45ecb,영창피아노,피아노,평화로상가,자율상권구역,경상북도,,,
da191cd1a4363bbaaf17,full_annotation_v1,A,q_교육_05,미술,교육 중 '교육'을 판매·제공하는 매장,train,교육,T2 동의어,12faff74-1837-422d-8762-839115c57e23,꽃들에땅 미술교습소,미술,탕정역 지웰시티몰 3단지 골목형상점가,골목형상점가,충청남도,,,
2f96d988342f1066b5b2,full_annotation_v1,A,q_교육_05,미술,교육 중 '교육'을 판매·제공하는 매장,train,교육,T2 동의어,b2209226-e503-4588-a041-584bbd9933b6,해안선,해산물,매탄중심상가 골목형상점가,골목형상점가,경기도,,,
30e3937996abcebd0069,full_annotation_v1,A,q_교육_05,미술,교육 중 '교육'을 판매·제공하는 매장,train,교육,T2 동의어,9df64023-9eb9-4f96-a294-7b0045e35ae6,맛있는김밥,한식,진주 동부시장,전통시장,경상남도,,,
d2b4dd6b12e3443a817e,full_annotation_v1,A,q_교육_05,미술,교육 중 '교육'을 판매·제공하는 매장,train,교육,T2 동의어,80e04259-007d-4d31-91cc-59ce67553623,메가 후르츠 동탄역점,프리미엄과일 앤 카페전문점,치동천 수변상가,자율상권구역,경기도,,,
d54fa25d13b8ae7021fc,full_annotation_v1,A,q_교육_05,미술,교육 중 '교육'을 판매·제공하는 매장,train,교육,T2 동의어,877c97ca-5713-42d1-ba7c-ad8447b242dc,밍글맹글미술학원,미술,세양청구마을 골목형상점가,골목형상점가,울산광역시,,,
29e1a335bcef03ac3a6a,full_annotation_v1,A,q_교육_05,미술,교육 중 '교육'을 판매·제공하는 매장,train,교육,T2 동의어,a28c4291-bf46-4b31-a224-ad81c2436a9c,동산김치,반찬,목포동부시장,전통시장,전라남도,,,
56040962415a883e323f,full_annotation_v1,A,q_교육_05,미술,교육 중 '교육'을 판매·제공하는 매장,train,교육,T2 동의어,d77716af-d6ed-4d08-819a-6f6cb5a266c4,리베라 토탈 크린,의류수선신발 세탁,둔산2동 골목형상점가,골목형상점가,대전광역시,,,
df031caa1c8e161b797f,full_annotation_v1,A,q_교육_05,미술,교육 중 '교육'을 판매·제공하는 매장,train,교육,T2 동의어,6e00043e-10ed-4b1f-ac30-62c8946a8861,뮤직톡음악학원,피아노,맹동혁신골목형상점가,골목형상점가,충청북도,,,
8fdafda9f693400e3b5a,full_annotation_v1,A,q_교육_05,미술,교육 중 '교육'을 판매·제공하는 매장,train,교육,T2 동의어,72a28eb2-ddf9-4529-b089-2ba3fef158ff,놀작도담도담미술교습소,미술,탕정역 지웰시티몰 3단지 골목형상점가,골목형상점가,충청남도,,,
76d08512828b6570112e,full_annotation_v1,A,q_교육_05,미술,교육 중 '교육'을 판매·제공하는 매장,train,교육,T2 동의어,2066bd9d-af2e-4a79-949a-9cdcfc35bdf4,수지상현자라다남아미술학원,미술,상현2동 골목형상점가,골목형상점가,경기도,,,
dc3b15f1831e1fe42295,full_annotation_v1,A,q_교육_05,미술,교육 중 '교육'을 판매·제공하는 매장,train,교육,T2 동의어,406bf859-b02b-4b80-a430-f45ccb0fd73b,원더아트미술학원,미술,제니스 골목형상점가,골목형상점가,광주광역시,,,
15a510f4a204d05ef313,full_annotation_v1,A,q_교육_05,미술,교육 중 '교육'을 판매·제공하는 매장,train,교육,T2 동의어,9cc8d30a-928f-4321-998c-f3f6bcfafd04,피카소의 꿈 미술학원,미술,신가동 골목형상점가,골목형상점가,광주광역시,,,
e35e6571b860bbda2cbd,full_annotation_v1,A,q_교육_05,미술,교육 중 '교육'을 판매·제공하는 매장,train,교육,T2 동의어,fd42dacd-410d-43b3-94da-66b58066d309,알록미술관미술교습소,미술,첨단쌍이 골목형상점가,골목형상점가,광주광역시,,,
e0042ef4229af13957fc,full_annotation_v1,A,q_교육_05,미술,교육 중 '교육'을 판매·제공하는 매장,train,교육,T2 동의어,7c9bbbff-a680-439c-90e0-352b80ba01da,더즐거운음학학원,피아노,산본전통시장(구 군포산본시장),전통시장,경기도,,,
788773f1d370f0c2b96b,full_annotation_v1,A,q_교육_05,미술,교육 중 '교육'을 판매·제공하는 매장,train,교육,T2 동의어,1f5787cf-2952-480e-8134-19f820f0c9c1,음사랑음악학원,피아노,고운동상점가,자율상권구역,세종특별자치시,,,
c43b3968dbe87ba55cea,full_annotation_v1,A,q_교육_05,미술,교육 중 '교육'을 판매·제공하는 매장,train,교육,T2 동의어,b8d3ac72-76df-4e94-b7f5-1a8bfe9e2fcd,이레악기,피아노,죽전로데오상점가,전통시장,경기도,,,
a5a76f5f61c982d91f9b,full_annotation_v1,A,q_교육_05,미술,교육 중 '교육'을 판매·제공하는 매장,train,교육,T2 동의어,7d744916-ea58-455c-87f5-dc9c6ff5e041,김규원피아노교습소,피아노,홍산로 골목형상점가,골목형상점가,전북특별자치도,,,
a712d7c907b9c279992a,full_annotation_v1,A,q_교육_05,미술,교육 중 '교육'을 판매·제공하는 매장,train,교육,T2 동의어,fbba2d4f-11e7-455a-af17-6242e09a8f58,수피아노,피아노,나성동 소방청 골목형상점가,골목형상점가,세종특별자치시,,,
afd89da82ef07ea66490,full_annotation_v1,A,q_교육_05,미술,교육 중 '교육'을 판매·제공하는 매장,train,교육,T2 동의어,058cc1f2-3514-4948-a650-a7bb4e52ab9b,이든음악학원,피아노,용산지구 골목형상점가,골목형상점가,광주광역시,,,
60e5bdacaae533932af4,full_annotation_v1,A,q_교육_05,미술,교육 중 '교육'을 판매·제공하는 매장,train,교육,T2 동의어,1d4cc760-18d4-49ce-aaad-b0f376e2fc06,금호마을점 BBQ,치킨,금호운천로상인회 골목형상점가,골목형상점가,광주광역시,,,
09c7756f6dd6bc5942c1,full_annotation_v1,A,q_교육_05,미술,교육 중 '교육'을 판매·제공하는 매장,train,교육,T2 동의어,02c687d7-3422-41e4-be2d-39d56a3ff206,놀작아트팝 미술교습소,교육미술,자운대 골목형상점가,골목형상점가,대전광역시,,,
b2c33c43ea1f3fae6268,full_annotation_v1,A,q_교육_05,미술,교육 중 '교육'을 판매·제공하는 매장,train,교육,T2 동의어,d365ac73-9e5a-44c1-9bf8-05a2698fd02e,맨하튼음악학원,피아노,신가동 골목형상점가,골목형상점가,광주광역시,,,
526f06399abce19d1766,full_annotation_v1,A,q_교육_05,미술,교육 중 '교육'을 판매·제공하는 매장,train,교육,T2 동의어,38effd9c-39c4-4afd-a2a4-f64043f4259e,크리아트소담창의미술학원,미술,소담마실길 골목형상점가,골목형상점가,세종특별자치시,,,
287e6eaeaf8305e60f20,full_annotation_v1,A,q_교육_05,미술,교육 중 '교육'을 판매·제공하는 매장,train,교육,T2 동의어,99bf4bc8-cf2d-4fbb-bc94-8d288abb0f73,예가피아노학원,피아노,금호운천로상인회 골목형상점가,골목형상점가,광주광역시,,,
012625df2ffacccafa55,full_annotation_v1,A,q_교육_05,미술,교육 중 '교육'을 판매·제공하는 매장,train,교육,T2 동의어,831db8a8-53fb-46de-9470-b4a86f9d24f3,플레잉음악전문학원,피아노,매봉 골목형상점가,골목형상점가,광주광역시,,,
008d5c14f3e7f856994f,full_annotation_v1,A,q_교육_05,미술,교육 중 '교육'을 판매·제공하는 매장,train,교육,T2 동의어,e164cfbd-9771-426d-9a33-6f351eb18ed1,새롬미술교습소,미술,새롬동 골목형상점가,골목형상점가,세종특별자치시,,,
0ba3d568a1182d4f9571,full_annotation_v1,A,q_교육_05,미술,교육 중 '교육'을 판매·제공하는 매장,train,교육,T2 동의어,fef74897-bcd0-4948-a480-728e748c425c,서연피아노,음악피아노,반곡동행복 골목형상점가,골목형상점가,세종특별자치시,,,
be0b3cab21901c4d3557,full_annotation_v1,A,q_교육_05,미술,교육 중 '교육'을 판매·제공하는 매장,train,교육,T2 동의어,b23fae17-13d4-4c2e-9f62-0dffeff87ef0,신뮤즈피아노,피아노 교습,운남골목 골목형상점가,골목형상점가,광주광역시,,,
00bfc72594bf9af646b9,full_annotation_v1,A,q_교육_05,미술,교육 중 '교육'을 판매·제공하는 매장,train,교육,T2 동의어,6bf6c357-cdff-4a99-9e62-4d797ed0b9c5,"아트센터그리다,미술",미술,선운별 골목형상점가,골목형상점가,광주광역시,,,
1e9c8ce023e162ae566d,full_annotation_v1,A,q_교육_05,미술,교육 중 '교육'을 판매·제공하는 매장,train,교육,T2 동의어,db946160-a68e-47ba-bb9a-3433c86298f1,피아노,의류,안양일번가 지하쇼핑몰,일반지하상점가,경기도,,,
796b3ba48d09b15e0c7d,full_annotation_v1,A,q_교육_05,미술,교육 중 '교육'을 판매·제공하는 매장,train,교육,T2 동의어,1900674b-0146-4361-9e63-49acb99c6c66,효천라온음악학원,피아노,효천2지구 골목형상점가,골목형상점가,광주광역시,,,
ffa2637536c159c697af,full_annotation_v1,A,q_교육_05,미술,교육 중 '교육'을 판매·제공하는 매장,train,교육,T2 동의어,1bd36396-85e9-4019-84c5-1eb1515d93d6,새움피아노학원,피아노 성악,다정중앙 골목형상점가,골목형상점가,세종특별자치시,,,
21262dbfb717d1e338ab,full_annotation_v1,A,q_교육_05,미술,교육 중 '교육'을 판매·제공하는 매장,train,교육,T2 동의어,01081bcc-863e-4cd3-9948-f65e19202042,아트펀미술학원,미술,문흥2동 골목형상점가,골목형상점가,광주광역시,,,
25b667a7cd63c1f3233e,full_annotation_v1,A,q_교육_05,미술,교육 중 '교육'을 판매·제공하는 매장,train,교육,T2 동의어,b9e64412-3caf-4add-af31-22ba1b00d22a,글래드클레프피아노교습소,피아노,"지웰시티몰 1,2단지 골목형상점가",골목형상점가,충청남도,,,
631abb17107bb416f9bf,full_annotation_v1,A,q_교육_05,미술,교육 중 '교육'을 판매·제공하는 매장,train,교육,T2 동의어,7ea2752a-08d8-4ae7-81a1-65916966c360,랑랑피아노,피아노,해밀동 골목형상점가,골목형상점가,세종특별자치시,,,
22de73490bf524059cd6,full_annotation_v1,A,q_교육_05,미술,교육 중 '교육'을 판매·제공하는 매장,train,교육,T2 동의어,0469b923-5988-447a-a2d7-0f53530476f0,피아노,의류,사직시장,전통시장,부산광역시,,,
00af7894452b0be115a6,full_annotation_v1,A,q_교육_05,미술,교육 중 '교육'을 판매·제공하는 매장,train,교육,T2 동의어,db29b631-3ae6-4b7c-8c89-9ba7115a3a8c,전하라 피아노,음악학원(피아노),동천동 상인회 골목형상점가,골목형상점가,광주광역시,,,
a8e29c3bbdae1d07bc83,full_annotation_v1,A,q_교육_05,미술,교육 중 '교육'을 판매·제공하는 매장,train,교육,T2 동의어,81e9c06b-a32e-494b-b5fd-bdc58f2c10e4,모멘토,미술,매화 하백로 골목형상점가,골목형상점가,광주광역시,,,
f3f6528659936df31ee6,full_annotation_v1,A,q_교육_05,미술,교육 중 '교육'을 판매·제공하는 매장,train,교육,T2 동의어,d7522d56-7f20-45f8-92d5-5fdffa99e5e0,달리반피카소학원,미술,고운동상점가,자율상권구역,세종특별자치시,,,
22b1e2dd89c808a2f112,full_annotation_v1,A,q_교육_05,미술,교육 중 '교육'을 판매·제공하는 매장,train,교육,T2 동의어,1777a04b-059a-4357-bd06-4ac69d0ab80c,더함미술교습소,미술,신용동 골목형상점가,골목형상점가,광주광역시,,,
fceb01011e4a463308af,full_annotation_v1,A,q_교육_05,미술,교육 중 '교육'을 판매·제공하는 매장,train,교육,T2 동의어,2580385b-2b8f-44fd-86bd-10a91fde89fe,아트스토리 미술학원,미술,과천슈르탑 골목형상점가,골목형상점가,경기도,,,
6069086792b81bcc8f93,full_annotation_v1,A,q_교육_05,미술,교육 중 '교육'을 판매·제공하는 매장,train,교육,T2 동의어,0f1b8f01-3259-4c41-b1ad-5daa2d1b4c2d,하늘꿈음악학원,피아노,고운마음 골목형상점가,골목형상점가,세종특별자치시,,,
e990269a7291081c8876,full_annotation_v1,A,q_교육_05,미술,교육 중 '교육'을 판매·제공하는 매장,train,교육,T2 동의어,94aa59f8-be29-4a6a-aae0-9795d51c8f05,비비드아트 미술교습소,미술,계산동 골목형상점가,골목형상점가,대전광역시,,,
4c5c4997ed81d80f00bd,full_annotation_v1,A,q_교육_05,미술,교육 중 '교육'을 판매·제공하는 매장,train,교육,T2 동의어,a97bd29a-7ad8-4326-b253-22acd42bb8f3,서광피아노,피아노,쌍촌골상인회 골목형상점가,골목형상점가,광주광역시,,,
4b3125e6a90061ffdcbb,full_annotation_v1,A,q_교육_05,미술,교육 중 '교육'을 판매·제공하는 매장,train,교육,T2 동의어,78be82fe-fbba-416b-9298-e0ad21cd539a,세탁쇼 다산아이파크점,세탁소,다산 상생 상점가,골목형상점가,경기도,,,
3c9e6b2157aac9f19583,full_annotation_v1,A,q_교육_05,미술,교육 중 '교육'을 판매·제공하는 매장,train,교육,T2 동의어,306f8eba-9ebb-4eb5-8a98-6fd762cb68f6,유니팝미술학원,미술,남사한숲 골목형상점가,골목형상점가,경기도,,,
c94d28bb7b16bfb05278,full_annotation_v1,A,q_교육_05,미술,교육 중 '교육'을 판매·제공하는 매장,train,교육,T2 동의어,4574a243-75a4-439d-80ff-547057539908,유진아트미술교습소,미술,첨단2지구 골목형상점가,골목형상점가,광주광역시,,,
3462bfe45bd81522be6e,full_annotation_v1,A,q_교육_05,미술,교육 중 '교육'을 판매·제공하는 매장,train,교육,T2 동의어,68c6b22c-bc67-45dc-bd7a-f2b2e0adff07,아트노리미술학원,미술,유촌동상인회 골목형상점가,골목형상점가,광주광역시,,,
82434fa1eaa31bf48e33,full_annotation_v1,A,q_교육_05,미술,교육 중 '교육'을 판매·제공하는 매장,train,교육,T2 동의어,7404de0f-c62d-4b33-8baf-be6fd2053620,리베피아노,피아노,농성동벚꽃상인회 골목형상점가,골목형상점가,광주광역시,,,
e7af458ef323397fcaa1,full_annotation_v1,A,q_교육_05,미술,교육 중 '교육'을 판매·제공하는 매장,train,교육,T2 동의어,1de3a170-c09a-48ce-8bf9-8d7469f47aa0,아트톡톡미술,미술,대남대로181번길 골목형상점가,골목형상점가,광주광역시,,,
68f4a4b592a071631631,full_annotation_v1,A,q_교육_05,미술,교육 중 '교육'을 판매·제공하는 매장,train,교육,T2 동의어,7c58723d-8904-43ac-9157-7b03850a40cc,솔피아노 음악학원,피아노 레슨,나성동 골목형상점가,골목형상점가,세종특별자치시,,,
e1e44453bfc37d96d0f1,full_annotation_v1,A,q_교육_05,미술,교육 중 '교육'을 판매·제공하는 매장,train,교육,T2 동의어,81576f8d-75e4-4a71-8eb7-4a0a09975f40,에벤에셀음악교습소,피아노,이동 골목형상점가,골목형상점가,경기도,,,
c238dfb363ad4002eddc,full_annotation_v1,A,q_교육_05,미술,교육 중 '교육'을 판매·제공하는 매장,train,교육,T2 동의어,077bc80c-4abe-487e-96c6-657302791759,SOOVELY,미용,임방울거리3구역 골목형상점가,골목형상점가,광주광역시,,,
904b0164380337e49722,full_annotation_v1,A,q_교육_05,미술,교육 중 '교육'을 판매·제공하는 매장,train,교육,T2 동의어,84266bb8-fa56-4d3f-b92b-6bc13c2f9ce6,에땅미술관숙제미술교습소,미술,리버파크 골목형상점가,골목형상점가,광주광역시,,,
de5159ae2eb337d1e958,full_annotation_v1,A,q_교육_05,미술,교육 중 '교육'을 판매·제공하는 매장,train,교육,T2 동의어,3cbf5612-06cf-4d9e-8afa-11af3ca9650c,연피아노교습소,피아노,염주B상인회 골목형상점가,골목형상점가,광주광역시,,,
522a29a5ce17fc542d5c,full_annotation_v1,A,q_교육_05,미술,교육 중 '교육'을 판매·제공하는 매장,train,교육,T2 동의어,8bd0a34f-bd13-4ad5-87e7-7fba06e73437,전북타운음악학원,피아노,전주우성타운 골목형상점가,골목형상점가,전북특별자치도,,,
dfc976e2f64b40a7df76,full_annotation_v1,A,q_교육_05,미술,교육 중 '교육'을 판매·제공하는 매장,train,교육,T2 동의어,dbe89f2c-9560-4dad-9b35-d17cfa9af29a,놀작리비에르미술교습소,미술,평창리비에르 2차 골목형상점가,골목형상점가,울산광역시,,,
4efcc3120f84c122085a,full_annotation_v1,A,q_교육_05,미술,교육 중 '교육'을 판매·제공하는 매장,train,교육,T2 동의어,7b247ed1-5de4-45c5-88b5-d040a250c6b0,조에피아노 음악교습소,피아노,나릿재마크원 골목형상점가,골목형상점가,세종특별자치시,,,
ea11e7b40b4cae325c7a,full_annotation_v1,A,q_교육_05,미술,교육 중 '교육'을 판매·제공하는 매장,train,교육,T2 동의어,00c044be-2483-4a59-9e29-41cbd79cfbe4,배움태권도,교육서비스업,압촌동 골목형상점가,골목형상점가,광주광역시,,,
fe95792a62600f6ab3d5,full_annotation_v1,A,q_교육_05,미술,교육 중 '교육'을 판매·제공하는 매장,train,교육,T2 동의어,661c559f-8571-4ecd-8ce7-50777b51b2d2,상상더함미술,미술,"일곡동(제4지역:쌍용,호반,청솔2,호반일신,청솔1)",골목형상점가,광주광역시,,,
2fcbd108fbbc149aebdb,full_annotation_v1,A,q_교육_05,미술,교육 중 '교육'을 판매·제공하는 매장,train,교육,T2 동의어,c7b8d07a-3179-4f44-921c-93f56714d74f,리크브레인아트,미술,혁신도시5구역골목형상점가,골목형상점가,강원특별자치도,,,
59cc09d395bbeea738b8,full_annotation_v1,A,q_교육_05,미술,교육 중 '교육'을 판매·제공하는 매장,train,교육,T2 동의어,b39ed0aa-ab3a-472e-9ecd-9f52685dffdb,고양이상자미술교습소,미술,유촌동상인회 골목형상점가,골목형상점가,광주광역시,,,
a8c8c15c72ab4e561bcf,full_annotation_v1,A,q_교육_05,미술,교육 중 '교육'을 판매·제공하는 매장,train,교육,T2 동의어,a42a5dfc-4184-4831-8d56-2370605ff237,더프리미엄아트톡미술학원,미술,맹동혁신골목형상점가,골목형상점가,충청북도,,,
c77efd0c47973eda479b,full_annotation_v1,A,q_교육_05,미술,교육 중 '교육'을 판매·제공하는 매장,train,교육,T2 동의어,1c3c48ab-78f2-4309-b159-daa543c0da33,로거스음악학원,피아노,치평동아파트연합상인회 골목형상점가,골목형상점가,광주광역시,,,
ac3aa60f9caf07f24914,full_annotation_v1,A,q_교육_05,미술,교육 중 '교육'을 판매·제공하는 매장,train,교육,T2 동의어,74d52c67-9a0c-4c05-8c57-4036b80c8710,엘리음악학원,피아노,가재마을 골목형상점가,골목형상점가,세종특별자치시,,,
d8d98a97cc265cf4f987,full_annotation_v1,A,q_교육_05,미술,교육 중 '교육'을 판매·제공하는 매장,train,교육,T2 동의어,266f19dd-e337-46f5-81d9-86804fec9079,반곡미술학원,미술,반곡동행복 골목형상점가,골목형상점가,세종특별자치시,,,
ca5e92f2f0df7898e5fd,full_annotation_v1,A,q_교육_05,미술,교육 중 '교육'을 판매·제공하는 매장,train,교육,T2 동의어,2d5d39db-0870-41e1-b16a-88dd61f1ccb3,아이러브아트미술학원,미술,신용동 골목형상점가,골목형상점가,광주광역시,,,
810e72a146f9de9facdc,full_annotation_v1,A,q_교육_05,미술,교육 중 '교육'을 판매·제공하는 매장,train,교육,T2 동의어,2c5803ed-11fa-49ee-95d7-7aafe4ef9e58,더클래식음악교습소,피아노,첨단2지구 골목형상점가,골목형상점가,광주광역시,,,
4b4f12b6600ae925fd60,full_annotation_v1,A,q_교육_05,미술,교육 중 '교육'을 판매·제공하는 매장,train,교육,T2 동의어,2d3ca737-2f6d-4c21-8f50-2f65f0a12eb4,라온음악학원,피아노,풍암동부상인회 골목형상점가,골목형상점가,광주광역시,,,
6b260041c97f9759eddf,full_annotation_v1,A,q_교육_05,미술,교육 중 '교육'을 판매·제공하는 매장,train,교육,T2 동의어,729d7dda-4e65-49be-99ef-b04567263a75,모아제일피아노,피아노,상무1동아파트상인회 골목형상점가,골목형상점가,광주광역시,,,
b554375ff892f50a8c0e,full_annotation_v1,A,q_교육_05,미술,교육 중 '교육'을 판매·제공하는 매장,train,교육,T2 동의어,b411d9be-3440-4446-9bb8-a4564b167be6,피아노,의류,동산상가,전통시장,대구광역시,,,
dc8b41322ad09c808e5a,full_annotation_v1,A,q_교육_05,미술,교육 중 '교육'을 판매·제공하는 매장,train,교육,T2 동의어,605d6f3a-51a5-4c9c-96b0-cb25fdf8a690,"다시,피아노",피아노 교육 서비스업,거창 전통시장,전통시장,경상남도,,,
e4be3eaa1bf386d61579,full_annotation_v1,A,q_교육_05,미술,교육 중 '교육'을 판매·제공하는 매장,train,교육,T2 동의어,a9aeb0f8-025e-47ea-8e9f-8d8cf3c47c18,김현숙헤어샵,미용,임방울거리3구역 골목형상점가,골목형상점가,광주광역시,,,
ffe99d531b82eb0e79ce,full_annotation_v1,A,q_교육_05,미술,교육 중 '교육'을 판매·제공하는 매장,train,교육,T2 동의어,0d1cb9ff-7f56-463c-98be-42c7d3013841,영창피아노남양주대리점,피아노,주막거리상점가,자율상권구역,경기도,,,
434c8b3ea688d5877b17,full_annotation_v1,A,q_교육_05,미술,교육 중 '교육'을 판매·제공하는 매장,train,교육,T2 동의어,cbe867e9-b841-46ad-8896-ba3e29107f29,소망피아노학원,피아노,운암 동운로 골목형상점가,골목형상점가,광주광역시,,,
5bcfdc2d8f7df78e31bb,full_annotation_v1,A,q_교육_05,미술,교육 중 '교육'을 판매·제공하는 매장,train,교육,T2 동의어,3da5075b-8c55-43f0-8763-a729c8983bb0,호반필음악학원,피아노,동천동먹자골목1번가상인회 골목형상점가,골목형상점가,광주광역시,,,
28c0ada7d9e014ccd263,full_annotation_v1,A,q_교육_05,미술,교육 중 '교육'을 판매·제공하는 매장,train,교육,T2 동의어,bbe7a459-608e-400e-b322-6e0ea8cc08f3,림아트미술학원,미술,다산 상생 상점가,골목형상점가,경기도,,,
704d6879adf5bda9a2b5,full_annotation_v1,A,q_교육_05,미술,교육 중 '교육'을 판매·제공하는 매장,train,교육,T2 동의어,53341c81-6c4c-4daa-a0ea-88bcd36708e4,씨엔피아노음악학원,피아노,선운별 골목형상점가,골목형상점가,광주광역시,,,
5387921ab4de0de961d9,full_annotation_v1,A,q_교육_05,미술,교육 중 '교육'을 판매·제공하는 매장,train,교육,T2 동의어,01198069-e953-469c-a9ba-cdbde430ca5e,꿈샘음악교습소,피아노 교습,겸재한신길 골목형상점가,골목형상점가,서울특별시,,,
e945066560536f7d17b9,full_annotation_v1,A,q_교육_05,미술,교육 중 '교육'을 판매·제공하는 매장,train,교육,T2 동의어,02432c0f-8e7a-477c-a263-a5af2337acaf,세종루체음악학원,피아노학원,새롬동 골목형상점가,골목형상점가,세종특별자치시,,,
c41c2ef49828c414ee14,full_annotation_v1,A,q_교육_05,미술,교육 중 '교육'을 판매·제공하는 매장,train,교육,T2 동의어,b4e83d5b-d234-45a2-859e-869ff8db9f4c,예미술학원,미술,안동광석거리 골목형상점가,골목형상점가,경상북도,,,
19aa03dc99cccfffc781,full_annotation_v1,A,q_교육_05,미술,교육 중 '교육'을 판매·제공하는 매장,train,교육,T2 동의어,3645e8f2-bd94-4866-98b6-46aef0f9cd1d,윤남숙음악학원,피아노,배곧상가,골목형상점가,경기도,,,
7f84f5abe7ea8d8ea71c,full_annotation_v1,A,q_교육_05,미술,교육 중 '교육'을 판매·제공하는 매장,train,교육,T2 동의어,92d02070-cadc-4e98-b749-3a76ad786f74,The 하늘소리 피아노,피아노 수업,동림1 골목형상점가,골목형상점가,광주광역시,,,
1eee226ee87d754377a2,full_annotation_v1,A,q_교육_05,미술,교육 중 '교육'을 판매·제공하는 매장,train,교육,T2 동의어,0181a9ad-d2dd-43dc-a661-52371dfa6103,엘피아노음악교습소,피아노 레슨,효천2지구 골목형상점가,골목형상점가,광주광역시,,,
4fc49a66a5cb60086521,full_annotation_v1,A,q_교육_05,미술,교육 중 '교육'을 판매·제공하는 매장,train,교육,T2 동의어,8c610242-df1b-4724-818b-8bc8e086a6fb,채수화음악학원,피아노,군산디오션시티 G플레이스 골목형상점가,골목형상점가,전북특별자치도,,,
da02dedd3f07cd6d07fa,full_annotation_v1,A,q_교육_05,미술,교육 중 '교육'을 판매·제공하는 매장,train,교육,T2 동의어,04c4402e-c11e-4318-97e2-4a1d94e88702,더그림미술학원,미술,금호상인회 골목형상점가,골목형상점가,광주광역시,,,
70f12a2235f1ed404b30,full_annotation_v1,A,q_교육_05,미술,교육 중 '교육'을 판매·제공하는 매장,train,교육,T2 동의어,d7e293b8-394f-4e53-bed2-2789a786c710,아트시온 미술학원,미술,운남우방 골목형상점가,골목형상점가,광주광역시,,,
ba2a84ade152994c44dc,full_annotation_v1,A,q_교육_05,미술,교육 중 '교육'을 판매·제공하는 매장,train,교육,T2 동의어,d257654e-fb59-4266-8c89-b6d0bd0a42e0,금란음악학원,피아노,"호성2길, 3길 골목형상점가",골목형상점가,전북특별자치도,,,
2de5240a9aba57fbf483,full_annotation_v1,A,q_교육_05,미술,교육 중 '교육'을 판매·제공하는 매장,train,교육,T2 동의어,02f0d2df-412f-4757-9c4c-b3a40267f829,스타무용학원,무용학원,매곡 가인 골목형상점가,골목형상점가,광주광역시,,,
edb8984176887edc71b8,full_annotation_v1,A,q_교육_05,미술,교육 중 '교육'을 판매·제공하는 매장,train,교육,T2 동의어,4aa5d41a-6ade-42db-94a4-6c3ab01f2ee8,송이,한식,흑석시장골목형상점가,골목형상점가,서울특별시,,,
cfc12687a0ee0e89cf47,full_annotation_v1,A,q_교육_05,미술,교육 중 '교육'을 판매·제공하는 매장,train,교육,T2 동의어,eb95ca8a-bb6b-41ce-b4eb-901fa1624647,해밀피아노 음악교습소,피아노 교육,학소로 골목형상점가,골목형상점가,광주광역시,,,
bff8226aadc4aaca9d66,full_annotation_v1,A,q_교육_05,미술,교육 중 '교육'을 판매·제공하는 매장,train,교육,T2 동의어,9c403c7f-7579-4344-b1d9-adff2b66ca89,맛나다한끼,일반음식,군산 원도심 골목형상점가,골목형상점가,전북특별자치도,,,
a2fb87b271e18388b4f2,full_annotation_v1,A,q_교육_05,미술,교육 중 '교육'을 판매·제공하는 매장,train,교육,T2 동의어,885c3ec9-6804-43f1-8819-9c4b4d8581e6,아팅 미술 교습소,미술교육,신봉동 온누리 골목형상점가,골목형상점가,경기도,,,
16cbd262478602abebec,full_annotation_v1,A,q_교육_05,미술,교육 중 '교육'을 판매·제공하는 매장,train,교육,T2 동의어,f72301c7-7bd0-4f2f-8cf3-e6dd7d1e6177,이화드림음악학원,피아노,가재마을 골목형상점가,골목형상점가,세종특별자치시,,,
60f86d1feb8f3f621003,full_annotation_v1,A,q_교육_05,미술,교육 중 '교육'을 판매·제공하는 매장,train,교육,T2 동의어,02cfd6c1-16d7-43bb-9b52-8c2f42d0269e,에녹실용음악학원,실용음악학원,귀인동먹거리촌 골목형상점가,골목형상점가,경기도,,,
ab75a3e3d76440c043f3,full_annotation_v1,A,q_교육_06,피아노,교육 중 '교육'을 판매·제공하는 매장,train,교육,T2 동의어,9d63fe24-818c-4da5-b7ac-813abddbbe2c,지유명차 수원영통점,차 다기류 외,영통역아이파크 골목형상점가,골목형상점가,경기도,,,
6c3589850919110cd368,full_annotation_v1,A,q_교육_06,피아노,교육 중 '교육'을 판매·제공하는 매장,train,교육,T2 동의어,7064cc45-4820-428c-88e0-5613feb9a81d,가온음악학원,피아노,양산동 골목형상점가,골목형상점가,광주광역시,,,
0558f3c6ba39f701fa9a,full_annotation_v1,A,q_교육_06,피아노,교육 중 '교육'을 판매·제공하는 매장,train,교육,T2 동의어,02432c0f-8e7a-477c-a263-a5af2337acaf,세종루체음악학원,피아노학원,새롬동 골목형상점가,골목형상점가,세종특별자치시,,,
9d82a01c482f4d359677,full_annotation_v1,A,q_교육_06,피아노,교육 중 '교육'을 판매·제공하는 매장,train,교육,T2 동의어,eb95ca8a-bb6b-41ce-b4eb-901fa1624647,해밀피아노 음악교습소,피아노 교육,학소로 골목형상점가,골목형상점가,광주광역시,,,
bca07cd9f1ae669a7179,full_annotation_v1,A,q_교육_06,피아노,교육 중 '교육'을 판매·제공하는 매장,train,교육,T2 동의어,7905d53f-9849-4739-a56e-de2d0b04696b,예송음악학원,피아노,더불어용두 골목형상점가,골목형상점가,광주광역시,,,
54a26e09d218e86ff096,full_annotation_v1,A,q_교육_06,피아노,교육 중 '교육'을 판매·제공하는 매장,train,교육,T2 동의어,5f0fa302-d8f5-45b8-9903-63a7887d7d4b,이루다음악학원,학원,서초쇼핑골목형상점가,골목형상점가,서울특별시,,,
104eb957aba770847bd7,full_annotation_v1,A,q_교육_06,피아노,교육 중 '교육'을 판매·제공하는 매장,train,교육,T2 동의어,7404de0f-c62d-4b33-8baf-be6fd2053620,리베피아노,피아노,농성동벚꽃상인회 골목형상점가,골목형상점가,광주광역시,,,
d55090828597df7f46de,full_annotation_v1,A,q_교육_06,피아노,교육 중 '교육'을 판매·제공하는 매장,train,교육,T2 동의어,7d744916-ea58-455c-87f5-dc9c6ff5e041,김규원피아노교습소,피아노,홍산로 골목형상점가,골목형상점가,전북특별자치도,,,
f5a7bb60f44944f15820,full_annotation_v1,A,q_교육_06,피아노,교육 중 '교육'을 판매·제공하는 매장,train,교육,T2 동의어,c7278fa7-0db0-4f58-932c-26496c2a73c2,다니엘패션,의류,아름다운별장거리골목형상점가,골목형상점가,서울특별시,,,
56115ea353097477d49e,full_annotation_v1,A,q_교육_06,피아노,교육 중 '교육'을 판매·제공하는 매장,train,교육,T2 동의어,577246f5-7388-4c74-a5c7-57f3da8df2c0,엘리제음악학원,학원,수완사랑 골목형상점가,골목형상점가,광주광역시,,,
8a2a9d286425f734b154,full_annotation_v1,A,q_교육_06,피아노,교육 중 '교육'을 판매·제공하는 매장,train,교육,T2 동의어,9811d2ec-770d-43cb-a8b7-bdc28f764d0c,전진음악학원,피아노,양산제로 골목형상점가,골목형상점가,광주광역시,,,
495edb0bb5efa4a9a7a5,full_annotation_v1,A,q_교육_06,피아노,교육 중 '교육'을 판매·제공하는 매장,train,교육,T2 동의어,96e2704f-14e3-4b46-989d-6263e37730d7,필그림음악학원,피아노,신창수문 골목형상점가,골목형상점가,광주광역시,,,
7dbf3666000c1509d074,full_annotation_v1,A,q_교육_06,피아노,교육 중 '교육'을 판매·제공하는 매장,train,교육,T2 동의어,e2dd6378-544b-4666-b013-ef4ce325adef,우리들피아노,학원,한솔동 5~6단지상점가,자율상권구역,세종특별자치시,,,
a694c2c576d8acee7fdf,full_annotation_v1,A,q_교육_06,피아노,교육 중 '교육'을 판매·제공하는 매장,train,교육,T2 동의어,32c87c54-6904-4e64-af82-ba082f9fc47d,다산쉬피랜드어학원,학원,다산예스프라자 골목형상점가,골목형상점가,경기도,,,
d5ee68f0ffd7af970606,full_annotation_v1,A,q_교육_06,피아노,교육 중 '교육'을 판매·제공하는 매장,train,교육,T2 동의어,e52fe732-6d2b-40bc-96b9-eb24d45a1f8c,피아노와함께피아노교습소,학원,온누리상인회 골목형상점가,골목형상점가,광주광역시,,,
1aae67919b39800ba963,full_annotation_v1,A,q_교육_06,피아노,교육 중 '교육'을 판매·제공하는 매장,train,교육,T2 동의어,89559f14-b9df-4f21-a491-fffc17a5fd7c,드뷔시피아노학원,학원,백운브릿지 골목형상점가,골목형상점가,광주광역시,,,
434539bfdedc8e6450ac,full_annotation_v1,A,q_교육_06,피아노,교육 중 '교육'을 판매·제공하는 매장,train,교육,T2 동의어,2aa1601b-649a-404f-b060-5a8b3828c446,경희대SKY태권도,학원,다산예스프라자 골목형상점가,골목형상점가,경기도,,,
bd5dbdbedd25fa33de45,full_annotation_v1,A,q_교육_06,피아노,교육 중 '교육'을 판매·제공하는 매장,train,교육,T2 동의어,9707bc21-6f5a-45d1-a0a2-768cd9870b65,모미지,일식,봉명동우산거리 골목형상점가,골목형상점가,대전광역시,,,
7481740978d94eb5d779,full_annotation_v1,A,q_교육_06,피아노,교육 중 '교육'을 판매·제공하는 매장,train,교육,T2 동의어,7c58723d-8904-43ac-9157-7b03850a40cc,솔피아노 음악학원,피아노 레슨,나성동 골목형상점가,골목형상점가,세종특별자치시,,,
308b2e132bc4e196b98c,full_annotation_v1,A,q_교육_06,피아노,교육 중 '교육'을 판매·제공하는 매장,train,교육,T2 동의어,003b433e-01fc-4ef0-9dc8-a06376b015e4,캘리그라피글꼴,광고디자인 원화디자인 기타교육지원서비,동가재미 골목형상점가,골목형상점가,전북특별자치도,,,
33a76437e10831dcc22a,full_annotation_v1,A,q_교육_06,피아노,교육 중 '교육'을 판매·제공하는 매장,train,교육,T2 동의어,12baeaab-c75a-4b41-97e4-946b478178dc,솔라음악학원,피아노,쌍학로상인회 골목형상점가,골목형상점가,광주광역시,,,
03d9af00c4efc7ed9868,full_annotation_v1,A,q_교육_06,피아노,교육 중 '교육'을 판매·제공하는 매장,train,교육,T2 동의어,434bf866-f537-4195-81db-8a679da01c08,메가엠지씨커피 익산영등점,카페,익산 다e로움 상권활성화구역,상권활성화구역,전북특별자치도,,,
ed13ff11e781bce6a708,full_annotation_v1,A,q_교육_06,피아노,교육 중 '교육'을 판매·제공하는 매장,train,교육,T2 동의어,9eb5fe61-d934-4383-ab9c-aa556cf5a7ba,삼익피아노춘천특약점,피아노,춘천지하상가,일반지하상점가,강원특별자치도,,,
e6f954d09a8c47ebdbcd,full_annotation_v1,A,q_교육_06,피아노,교육 중 '교육'을 판매·제공하는 매장,train,교육,T2 동의어,3cbf5612-06cf-4d9e-8afa-11af3ca9650c,연피아노교습소,피아노,염주B상인회 골목형상점가,골목형상점가,광주광역시,,,
b30594d0a8c0ac988442,full_annotation_v1,A,q_교육_06,피아노,교육 중 '교육'을 판매·제공하는 매장,train,교육,T2 동의어,7b247ed1-5de4-45c5-88b5-d040a250c6b0,조에피아노 음악교습소,피아노,나릿재마크원 골목형상점가,골목형상점가,세종특별자치시,,,
48099c4dbea734278fdb,full_annotation_v1,A,q_교육_06,피아노,교육 중 '교육'을 판매·제공하는 매장,train,교육,T2 동의어,8c77c016-aff7-49f1-ad5a-2a184cb432b0,나래음악학원,피아노,용정 골목형상점가,골목형상점가,대전광역시,,,
dcf4e909193d826d24c8,full_annotation_v1,A,q_교육_06,피아노,교육 중 '교육'을 판매·제공하는 매장,train,교육,T2 동의어,db946160-a68e-47ba-bb9a-3433c86298f1,피아노,의류,안양일번가 지하쇼핑몰,일반지하상점가,경기도,,,
17d5eb11f1ddd4a5a008,full_annotation_v1,A,q_교육_06,피아노,교육 중 '교육'을 판매·제공하는 매장,train,교육,T2 동의어,32ed3cca-965f-4ff7-84e0-37d095d162f7,석천조경,"조경, 생화",부산자유시장,전통시장,부산광역시,,,
6cd9647e81d3d983e057,full_annotation_v1,A,q_교육_06,피아노,교육 중 '교육'을 판매·제공하는 매장,train,교육,T2 동의어,81576f8d-75e4-4a71-8eb7-4a0a09975f40,에벤에셀음악교습소,피아노,이동 골목형상점가,골목형상점가,경기도,,,
b6376dab8d129a0d1ad0,full_annotation_v1,A,q_교육_06,피아노,교육 중 '교육'을 판매·제공하는 매장,train,교육,T2 동의어,1c3c48ab-78f2-4309-b159-daa543c0da33,로거스음악학원,피아노,치평동아파트연합상인회 골목형상점가,골목형상점가,광주광역시,,,
cab4bd00ac9affa41228,full_annotation_v1,A,q_교육_06,피아노,교육 중 '교육'을 판매·제공하는 매장,train,교육,T2 동의어,b8d3ac72-76df-4e94-b7f5-1a8bfe9e2fcd,이레악기,피아노,죽전로데오상점가,전통시장,경기도,,,
338a5a2f36f03cf06f7a,full_annotation_v1,A,q_교육_06,피아노,교육 중 '교육'을 판매·제공하는 매장,train,교육,T2 동의어,82f5ecba-aeba-4509-937e-acd2c48500d7,패스트런,학원,장대동패션상가 골목형상점가,골목형상점가,대전광역시,,,
f45096b013e71c9666ff,full_annotation_v1,A,q_교육_06,피아노,교육 중 '교육'을 판매·제공하는 매장,train,교육,T2 동의어,a647f916-2542-4b28-b8e4-4c4e511ba4aa,백년장어,장어,덕풍전통시장,전통시장,경기도,,,
3f0f6ea8201864e8b282,full_annotation_v1,A,q_교육_06,피아노,교육 중 '교육'을 판매·제공하는 매장,train,교육,T2 동의어,a9b78d8a-718e-4898-86cb-ed4237bc363f,바흐 피아노,피아노교습,청운시장골목형상점가,골목형상점가,경기도,,,
04ced4d297a9f5a1b8a7,full_annotation_v1,A,q_교육_06,피아노,교육 중 '교육'을 판매·제공하는 매장,train,교육,T2 동의어,0968a119-1d76-43aa-b264-28dac4edc015,영도세창식육점,식육,영해종합시장,전통시장,부산광역시,,,
8116881c0d7835b1e937,full_annotation_v1,A,q_교육_06,피아노,교육 중 '교육'을 판매·제공하는 매장,train,교육,T2 동의어,19d077ec-9d6e-45d5-bc9d-5b953473f38c,ISIS,여성의류,충장로123가 상점가,자율상권구역,광주광역시,,,
c4c17aa1f7e1553cc8ab,full_annotation_v1,A,q_교육_06,피아노,교육 중 '교육'을 판매·제공하는 매장,train,교육,T2 동의어,e1801715-0fce-403f-b6b4-5c0dfe3d1835,뮤직플라츠 음악학원,학원,월곡달빛오거리골목형상점가,골목형상점가,서울특별시,,,
5c88f23abfb82fe80936,full_annotation_v1,A,q_교육_06,피아노,교육 중 '교육'을 판매·제공하는 매장,train,교육,T2 동의어,db3049be-d927-401a-b87c-76e92e870ff3,제이음악학원,학원,고운마음 골목형상점가,골목형상점가,세종특별자치시,,,
9f0a647e9705dc6ad585,full_annotation_v1,A,q_교육_06,피아노,교육 중 '교육'을 판매·제공하는 매장,train,교육,T2 동의어,6826954d-4736-4a46-8188-fa8b60edaa68,미자포차봉덕점,,봉덕맛길 골목형상점가,골목형상점가,대구광역시,,,
c7fd78f513f4baf91de2,full_annotation_v1,A,q_교육_06,피아노,교육 중 '교육'을 판매·제공하는 매장,train,교육,T2 동의어,0177df58-5821-49cb-a1ee-2e58aa4a9f76,전경란미술학원,미술,상암마을상인회 골목형상점가,골목형상점가,광주광역시,,,
6afa5ad91132a3e62dd0,full_annotation_v1,A,q_교육_06,피아노,교육 중 '교육'을 판매·제공하는 매장,train,교육,T2 동의어,3da5075b-8c55-43f0-8763-a729c8983bb0,호반필음악학원,피아노,동천동먹자골목1번가상인회 골목형상점가,골목형상점가,광주광역시,,,
3281df456e229f2ddce7,full_annotation_v1,A,q_교육_06,피아노,교육 중 '교육'을 판매·제공하는 매장,train,교육,T2 동의어,e12b8210-1921-414b-8db6-6f8d44e5c668,비발디피아노교습소,피아노,두마면 대실골목형상점가,골목형상점가,충청남도,,,
84f9e4c8f5c2aff0b181,full_annotation_v1,A,q_교육_06,피아노,교육 중 '교육'을 판매·제공하는 매장,train,교육,T2 동의어,02f75e9d-cd24-473b-9635-4a6f5aba71ed,피아노맘피아노교습소,피아노교습,새미래 골목형상점가,골목형상점가,대전광역시,,,
1fe11d76ec13884443ff,full_annotation_v1,A,q_교육_06,피아노,교육 중 '교육'을 판매·제공하는 매장,train,교육,T2 동의어,0d2f2054-1989-4a4b-b849-c46f93f45ecb,영창피아노,피아노,평화로상가,자율상권구역,경상북도,,,
ce1fa1adcd63e4a9d571,full_annotation_v1,A,q_교육_06,피아노,교육 중 '교육'을 판매·제공하는 매장,train,교육,T2 동의어,282b0e8b-051c-49f9-a707-b982df803589,까라벨라 데 오르,스파게티,동명동 카페거리 골목형상점가,골목형상점가,광주광역시,,,
ac3c9371d5495ef22c39,full_annotation_v1,A,q_교육_06,피아노,교육 중 '교육'을 판매·제공하는 매장,train,교육,T2 동의어,0d1cb9ff-7f56-463c-98be-42c7d3013841,영창피아노남양주대리점,피아노,주막거리상점가,자율상권구역,경기도,,,
5bc862c1d548eb978a71,full_annotation_v1,A,q_교육_06,피아노,교육 중 '교육'을 판매·제공하는 매장,train,교육,T2 동의어,aba76fc2-984e-4030-ba01-e2e7d78264c7,데 아로즈 대전둔산본점,,갈리단길 골목형상점가,골목형상점가,대전광역시,,,
0dd42cae8be3c8ed78c0,full_annotation_v1,A,q_교육_06,피아노,교육 중 '교육'을 판매·제공하는 매장,train,교육,T2 동의어,11733627-36cf-42f7-a020-0b156b648130,설화피아노 학원,,초원 골목형상점가,골목형상점가,충청남도,,,
247257765ac1d763b1b1,full_annotation_v1,A,q_교육_06,피아노,교육 중 '교육'을 판매·제공하는 매장,train,교육,T2 동의어,fef74897-bcd0-4948-a480-728e748c425c,서연피아노,음악피아노,반곡동행복 골목형상점가,골목형상점가,세종특별자치시,,,
40762930f45a52c0b9b5,full_annotation_v1,A,q_교육_06,피아노,교육 중 '교육'을 판매·제공하는 매장,train,교육,T2 동의어,b31bb5d1-e421-49e0-86e8-5d417caf1d44,위댄스학원,학원,소담마실길 골목형상점가,골목형상점가,세종특별자치시,,,
4ace55c456347cff20b6,full_annotation_v1,A,q_교육_06,피아노,교육 중 '교육'을 판매·제공하는 매장,train,교육,T2 동의어,17799776-b473-406e-aa82-04a5f26858c2,풍암케이엠음악학원,학원,풍암벚꽃길상인회 골목형상점가,골목형상점가,광주광역시,,,
bae6cd1b73738200bc96,full_annotation_v1,A,q_교육_06,피아노,교육 중 '교육'을 판매·제공하는 매장,train,교육,T2 동의어,fdb8321f-0edc-4f16-a40f-60d45bded6ca,광주속기학원,교육 학원,"금남로1,2,3가 골목형상점가",골목형상점가,광주광역시,,,
6cab17953c67412bc86b,full_annotation_v1,A,q_교육_06,피아노,교육 중 '교육'을 판매·제공하는 매장,train,교육,T2 동의어,43ad5d85-b3b1-4394-990a-52b5d58bead0,현아트미술교습소,학원,상인화성파크 골목형상점가,골목형상점가,대구광역시,,,
89e4e7a66904696517a3,full_annotation_v1,A,q_교육_06,피아노,교육 중 '교육'을 판매·제공하는 매장,train,교육,T2 동의어,01f69f52-7c70-4a08-a14c-785ba50fc78c,뮤직엣지음악학원,,천왕마을 골목형상점가,골목형상점가,서울특별시,,,
b258c37fa6b56b826156,full_annotation_v1,A,q_교육_06,피아노,교육 중 '교육'을 판매·제공하는 매장,train,교육,T2 동의어,00c044be-2483-4a59-9e29-41cbd79cfbe4,배움태권도,교육서비스업,압촌동 골목형상점가,골목형상점가,광주광역시,,,
87d0a5833b8b5d956a2a,full_annotation_v1,A,q_교육_06,피아노,교육 중 '교육'을 판매·제공하는 매장,train,교육,T2 동의어,0dbdb4e1-3d4b-49b2-bd4e-6a8a930a3f56,아이소리학원,학원,송도 타임스페이스 골목형상점가,골목형상점가,인천광역시,,,
c7dd37c9e8bdd002c0c7,full_annotation_v1,A,q_교육_06,피아노,교육 중 '교육'을 판매·제공하는 매장,train,교육,T2 동의어,1900674b-0146-4361-9e63-49acb99c6c66,효천라온음악학원,피아노,효천2지구 골목형상점가,골목형상점가,광주광역시,,,
9719399e0e6a5831bdb3,full_annotation_v1,A,q_교육_06,피아노,교육 중 '교육'을 판매·제공하는 매장,train,교육,T2 동의어,3645e8f2-bd94-4866-98b6-46aef0f9cd1d,윤남숙음악학원,피아노,배곧상가,골목형상점가,경기도,,,
88430ca48e794e7bb600,full_annotation_v1,A,q_교육_06,피아노,교육 중 '교육'을 판매·제공하는 매장,train,교육,T2 동의어,5a87ac98-3261-419c-910c-e798407a609d,만하임음악학원,학원,동천동먹자골목1번가상인회 골목형상점가,골목형상점가,광주광역시,,,
7d7a8a0919fe47f2c7f6,full_annotation_v1,A,q_교육_06,피아노,교육 중 '교육'을 판매·제공하는 매장,train,교육,T2 동의어,00594901-8fad-449d-b608-ba4326ab8522,에반스뮤직아카데미음악교습소EvansMusicAcadem,음악교습소,효덕마을 골목형상점가,골목형상점가,광주광역시,,,
b49b9ea98f03c714f005,full_annotation_v1,A,q_교육_06,피아노,교육 중 '교육'을 판매·제공하는 매장,train,교육,T2 동의어,f72301c7-7bd0-4f2f-8cf3-e6dd7d1e6177,이화드림음악학원,피아노,가재마을 골목형상점가,골목형상점가,세종특별자치시,,,
3b934e0d1683a4b46d7e,full_annotation_v1,A,q_교육_06,피아노,교육 중 '교육'을 판매·제공하는 매장,train,교육,T2 동의어,53341c81-6c4c-4daa-a0ea-88bcd36708e4,씨엔피아노음악학원,피아노,선운별 골목형상점가,골목형상점가,광주광역시,,,
a5fce4de9269333a76b1,full_annotation_v1,A,q_교육_06,피아노,교육 중 '교육'을 판매·제공하는 매장,train,교육,T2 동의어,6e00043e-10ed-4b1f-ac30-62c8946a8861,뮤직톡음악학원,피아노,맹동혁신골목형상점가,골목형상점가,충청북도,,,
06b0490d15d54fda11b9,full_annotation_v1,A,q_교육_06,피아노,교육 중 '교육'을 판매·제공하는 매장,train,교육,T2 동의어,639267c6-8612-4983-983f-112f06ecfa45,이소이음악학원,피아노,효천2지구 골목형상점가,골목형상점가,광주광역시,,,
280b5f850752d99e4a1b,full_annotation_v1,A,q_교육_06,피아노,교육 중 '교육'을 판매·제공하는 매장,train,교육,T2 동의어,915f0e71-3a17-4564-8f2d-3330685fc3fe,세종간호전문학원,학원,장대동패션상가 골목형상점가,골목형상점가,대전광역시,,,
dd699ae7c381d5043521,full_annotation_v1,A,q_교육_06,피아노,교육 중 '교육'을 판매·제공하는 매장,train,교육,T2 동의어,029c9be5-681a-4e33-b8c9-d53c519c4ee4,그라시아음악교습소,,보람동 호려울 골목형상점가,골목형상점가,세종특별자치시,,,
90f56d2a5bf89a8d8bb7,full_annotation_v1,A,q_교육_06,피아노,교육 중 '교육'을 판매·제공하는 매장,train,교육,T2 동의어,184800bb-0306-4ffd-9518-cf3e69f3af1c,정수셈수학교습소,학원,포방터시장,전통시장,서울특별시,,,
afdd3c95bb98fff6eeb7,full_annotation_v1,A,q_교육_06,피아노,교육 중 '교육'을 판매·제공하는 매장,train,교육,T2 동의어,fbba2d4f-11e7-455a-af17-6242e09a8f58,수피아노,피아노,나성동 소방청 골목형상점가,골목형상점가,세종특별자치시,,,
c66c7cbf7ebeff7b8b56,full_annotation_v1,A,q_교육_06,피아노,교육 중 '교육'을 판매·제공하는 매장,train,교육,T2 동의어,be496cce-7e33-4011-b1a5-29e64eeeec7a,(유)장군수산,수산물,가락몰골목형상점가,골목형상점가,서울특별시,,,
2f0c0720b543fff5be32,full_annotation_v1,A,q_교육_06,피아노,교육 중 '교육'을 판매·제공하는 매장,train,교육,T2 동의어,058cc1f2-3514-4948-a650-a7bb4e52ab9b,이든음악학원,피아노,용산지구 골목형상점가,골목형상점가,광주광역시,,,
1486f39a6d69ba99485d,full_annotation_v1,A,q_교육_06,피아노,교육 중 '교육'을 판매·제공하는 매장,train,교육,T2 동의어,e1e8e93f-a03d-4ee2-b713-8e74453f72bf,버들예음피아노학원,피아노,유촌동상인회 골목형상점가,골목형상점가,광주광역시,,,
56308c841e8c4dce86c9,full_annotation_v1,A,q_교육_06,피아노,교육 중 '교육'을 판매·제공하는 매장,train,교육,T2 동의어,a827f9f0-9ba0-4702-bf19-5401f4a8acb3,이성식기타전문학원,학원,천천중심상가 골목형상점가,골목형상점가,경기도,,,
7dbb713b9374d62fbd90,full_annotation_v1,A,q_교육_06,피아노,교육 중 '교육'을 판매·제공하는 매장,train,교육,T2 동의어,58e6beaa-a8a2-4686-b808-4a64ef52cbfa,엘 피아노 학원,피아노,고운동상점가,자율상권구역,세종특별자치시,,,
0483a1092752a8e200eb,full_annotation_v1,A,q_교육_06,피아노,교육 중 '교육'을 판매·제공하는 매장,train,교육,T2 동의어,605d6f3a-51a5-4c9c-96b0-cb25fdf8a690,"다시,피아노",피아노 교육 서비스업,거창 전통시장,전통시장,경상남도,,,
b07b41d31b1d4bcf7dd5,full_annotation_v1,A,q_교육_06,피아노,교육 중 '교육'을 판매·제공하는 매장,train,교육,T2 동의어,92d02070-cadc-4e98-b749-3a76ad786f74,The 하늘소리 피아노,피아노 수업,동림1 골목형상점가,골목형상점가,광주광역시,,,
97ba78b0e9d7a55c0dc9,full_annotation_v1,A,q_교육_06,피아노,교육 중 '교육'을 판매·제공하는 매장,train,교육,T2 동의어,b411d9be-3440-4446-9bb8-a4564b167be6,피아노,의류,동산상가,전통시장,대구광역시,,,
70944beafd929076635e,full_annotation_v1,A,q_교육_06,피아노,교육 중 '교육'을 판매·제공하는 매장,train,교육,T2 동의어,2c5803ed-11fa-49ee-95d7-7aafe4ef9e58,더클래식음악교습소,피아노,첨단2지구 골목형상점가,골목형상점가,광주광역시,,,
2373f02a6bea3b56ac8f,full_annotation_v1,A,q_교육_06,피아노,교육 중 '교육'을 판매·제공하는 매장,train,교육,T2 동의어,e61efbbe-a6c2-4a74-9647-42aaa298deb0,김지우헤어갤러리,두발미용,"일곡동(제8지역:롯데,벽산,동아,삼호,월드스파)",골목형상점가,광주광역시,,,
5d60ee165cf54b67faa7,full_annotation_v1,A,q_교육_06,피아노,교육 중 '교육'을 판매·제공하는 매장,train,교육,T2 동의어,64e933ac-605c-477c-8c96-71becc1a44a9,이안미술음악학원,학원,용두마을길 골목형상점가,골목형상점가,광주광역시,,,
07b0e8a0731d2a53011e,full_annotation_v1,A,q_교육_06,피아노,교육 중 '교육'을 판매·제공하는 매장,train,교육,T2 동의어,800eb3fc-d7ce-4e29-bd7f-f8b43372bcf1,엘비에프교육센터학원,학원,삼익사거리 골목형상점가,골목형상점가,광주광역시,,,
ee2460c7b4fef5dc3685,full_annotation_v1,A,q_교육_06,피아노,교육 중 '교육'을 판매·제공하는 매장,train,교육,T2 동의어,729d7dda-4e65-49be-99ef-b04567263a75,모아제일피아노,피아노,상무1동아파트상인회 골목형상점가,골목형상점가,광주광역시,,,
6e9e2b02f5ca21da0779,full_annotation_v1,A,q_교육_06,피아노,교육 중 '교육'을 판매·제공하는 매장,train,교육,T2 동의어,abb0601d-4e59-49a7-93f2-60da61d300cd,혁신위드기타학원,기타 학원,혁신도시2구역골목형상점가,골목형상점가,강원특별자치도,,,
b587d2887a573965f0ad,full_annotation_v1,A,q_교육_06,피아노,교육 중 '교육'을 판매·제공하는 매장,train,교육,T2 동의어,1d7d8f70-d3ce-4a03-b07e-9955053564d0,포항종합건어물,"건어물, 수산물",죽도어시장,전통시장,경상북도,,,
dc46c88c7730f585c56d,full_annotation_v1,A,q_교육_06,피아노,교육 중 '교육'을 판매·제공하는 매장,train,교육,T2 동의어,36e54eaf-89ea-4639-b60d-5300be944dd0,민트미술학윈,학원,새봄골목형상점가,골목형상점가,경기도,,,
96c718dfd428dbaaba3c,full_annotation_v1,A,q_교육_06,피아노,교육 중 '교육'을 판매·제공하는 매장,train,교육,T2 동의어,c5d8d6fe-d883-444e-b1bb-7e3b319cc557,시엘피아노,피아노,풍암동부상인회 골목형상점가,골목형상점가,광주광역시,,,
18766d07e8cec8982549,full_annotation_v1,A,q_교육_06,피아노,교육 중 '교육'을 판매·제공하는 매장,train,교육,T2 동의어,d87b554b-eab3-4975-aac2-f68f5df57261,나도 피아노 학원,피아노,나주혁신도시 골목형상점가,골목형상점가,전라남도,,,
0f7d89cd4a9d101ba90f,full_annotation_v1,A,q_교육_06,피아노,교육 중 '교육'을 판매·제공하는 매장,train,교육,T2 동의어,87ba2dff-fd7c-4004-95f9-af3438e9830e,서울뮤직음악학원,학원,남사한숲 골목형상점가,골목형상점가,경기도,,,
c2801b56514938c86001,full_annotation_v1,A,q_교육_06,피아노,교육 중 '교육'을 판매·제공하는 매장,train,교육,T2 동의어,e4d55e2a-54b0-450b-8104-562950657f01,제일정보처리학원,학원,강남개포시장(구 개포2동중심상점가),자율상권구역,서울특별시,,,
bf3fc673fd62bf5eb5c8,full_annotation_v1,A,q_교육_06,피아노,교육 중 '교육'을 판매·제공하는 매장,train,교육,T2 동의어,0dcb2a4d-9012-4560-b07f-40602a3cbaa9,더 뮤즈 음악학원,학원,포일중앙 골목형상점가,골목형상점가,경기도,,,
bd88d8c7562f4d98d38e,full_annotation_v1,A,q_교육_06,피아노,교육 중 '교육'을 판매·제공하는 매장,train,교육,T2 동의어,c052027f-26e7-4947-80a4-91a794b566e9,씨엘(CL)볼링장,서비스,역곡남부 한빛 골목형상점가,골목형상점가,경기도,,,
286de1b16ff5c59770cc,full_annotation_v1,A,q_교육_06,피아노,교육 중 '교육'을 판매·제공하는 매장,train,교육,T2 동의어,59c4bf7c-4602-444b-a987-67cbd7da6d75,라온음악학원,피아노,"빛가람 스타타워, 메가티움1차, 메가티움2차 골목형상점가",골목형상점가,전라남도,,,
396287c41f96fcc0c00a,full_annotation_v1,A,q_교육_06,피아노,교육 중 '교육'을 판매·제공하는 매장,train,교육,T2 동의어,02cfd6c1-16d7-43bb-9b52-8c2f42d0269e,에녹실용음악학원,실용음악학원,귀인동먹거리촌 골목형상점가,골목형상점가,경기도,,,
dfaea037afbf9436b74d,full_annotation_v1,A,q_교육_06,피아노,교육 중 '교육'을 판매·제공하는 매장,train,교육,T2 동의어,db29b631-3ae6-4b7c-8c89-9ba7115a3a8c,전하라 피아노,음악학원(피아노),동천동 상인회 골목형상점가,골목형상점가,광주광역시,,,
146475d90cf01d3cc5b9,full_annotation_v1,A,q_교육_06,피아노,교육 중 '교육'을 판매·제공하는 매장,train,교육,T2 동의어,8a21b930-e4c9-42be-8de3-145c17945628,버크앤리어학원,학원,보람동 골목형상점가,골목형상점가,세종특별자치시,,,
0bf04de03c5a83d6a113,full_annotation_v1,A,q_교육_06,피아노,교육 중 '교육'을 판매·제공하는 매장,train,교육,T2 동의어,5f6c5c37-e454-4ee3-b00b-93c426cf61b9,아이사랑음악학원,피아노,장원초 입구 골목형상점가,골목형상점가,광주광역시,,,
d323d5a1ebbce5d8e5ac,full_annotation_v1,A,q_교육_06,피아노,교육 중 '교육'을 판매·제공하는 매장,train,교육,T2 동의어,c99dd784-6fbd-47c5-ab1f-5b0f65d5b5db,팀영어수학입시학원,학원,엄사 골목형상점가,골목형상점가,충청남도,,,
861e95b8bae84d1b8848,full_annotation_v1,A,q_교육_06,피아노,교육 중 '교육'을 판매·제공하는 매장,train,교육,T2 동의어,e9b72212-6fe3-4be8-8b5a-d2c291aa9a52,왕관피아노학원,피아노,반곡동행복 골목형상점가,골목형상점가,세종특별자치시,,,
caa854a5b564665db604,full_annotation_v1,A,q_교육_06,피아노,교육 중 '교육'을 판매·제공하는 매장,train,교육,T2 동의어,0165f75f-ef5b-48e9-8e9d-43ceee042b17,리브로아르츠동구센트럴점미술교습소,아동미술,계림그랜드센트럴 골목형상점가,골목형상점가,광주광역시,,,
cf47b8b24bbec97deae8,full_annotation_v1,A,q_교육_06,피아노,교육 중 '교육'을 판매·제공하는 매장,train,교육,T2 동의어,96d75700-a4cc-4c7c-ad2e-7c9fe23c6d2e,뮤엠영어다산가람점,학원,다산예스프라자 골목형상점가,골목형상점가,경기도,,,
012ca24689c35b0abce5,full_annotation_v1,A,q_교육_06,피아노,교육 중 '교육'을 판매·제공하는 매장,train,교육,T2 동의어,f14df4d3-9858-4a8b-8597-20fd477d8e32,갤러리 데 루치아,가구,용인어정가구단지상점가,자율상권구역,경기도,,,
b2fa296143c16f01fb95,full_annotation_v1,A,q_교육_06,피아노,교육 중 '교육'을 판매·제공하는 매장,train,교육,T2 동의어,c31b362b-64ac-4465-99e7-10d71b866115,수이,학원,치동천 수변상가,자율상권구역,경기도,,,
67ce68649aeccb07d438,full_annotation_v1,A,q_교육_06,피아노,교육 중 '교육'을 판매·제공하는 매장,train,교육,T2 동의어,8c66e658-9ea7-4b81-a9d1-caa42e33c69c,문산곰탕,곰탕 수육,각화2지구 골목형상점가,골목형상점가,광주광역시,,,
1144b584121f0bed6c5f,full_annotation_v1,A,q_교육_06,피아노,교육 중 '교육'을 판매·제공하는 매장,train,교육,T2 동의어,6583d861-2b7d-4abc-82f3-57d3a7fa9e59,창작미술학원,학원,오류버들시장골목형상점가,골목형상점가,서울특별시,,,
0452ae78baf083a88284,full_annotation_v1,A,q_교육_06,피아노,교육 중 '교육'을 판매·제공하는 매장,train,교육,T2 동의어,1bd36396-85e9-4019-84c5-1eb1515d93d6,새움피아노학원,피아노 성악,다정중앙 골목형상점가,골목형상점가,세종특별자치시,,,
987eb548922e648b314a,full_annotation_v1,A,q_교육_06,피아노,교육 중 '교육'을 판매·제공하는 매장,train,교육,T2 동의어,a97bd29a-7ad8-4326-b253-22acd42bb8f3,서광피아노,피아노,쌍촌골상인회 골목형상점가,골목형상점가,광주광역시,,,
1ac00d3e651c0e0c6e76,full_annotation_v1,A,q_교육_06,피아노,교육 중 '교육'을 판매·제공하는 매장,train,교육,T2 동의어,ce20bd46-1c6a-457f-95ad-1b26fbfa5793,쾰른음악학원,피아노,신원권율4 골목형상점가,골목형상점가,경기도,,,
161efbf9c0c4cfa2b050,full_annotation_v1,A,q_교육_06,피아노,교육 중 '교육'을 판매·제공하는 매장,train,교육,T2 동의어,00b25125-d398-4ecd-b7c9-38a5a5ceef62,에이비에이(ABA)코칭센터,"교육서비스, 상담",하기동 골목형상점가,골목형상점가,대전광역시,,,
604c9f03366461f1a919,full_annotation_v1,A,q_교육_06,피아노,교육 중 '교육'을 판매·제공하는 매장,train,교육,T2 동의어,000be075-07c7-4f2c-9717-15dd71125658,소이미술교습소,,한뜰누리 골목형상점가,골목형상점가,세종특별자치시,,,
50563bf69b066ae6ff10,full_annotation_v1,A,q_교육_06,피아노,교육 중 '교육'을 판매·제공하는 매장,train,교육,T2 동의어,0181a9ad-d2dd-43dc-a661-52371dfa6103,엘피아노음악교습소,피아노 레슨,효천2지구 골목형상점가,골목형상점가,광주광역시,,,
93c5d475b0adcbd88916,full_annotation_v1,A,q_교육_06,피아노,교육 중 '교육'을 판매·제공하는 매장,train,교육,T2 동의어,02f0d2df-412f-4757-9c4c-b3a40267f829,스타무용학원,무용학원,매곡 가인 골목형상점가,골목형상점가,광주광역시,,,
9b11a6137f9e9bfdfee9,full_annotation_v1,A,q_교육_06,피아노,교육 중 '교육'을 판매·제공하는 매장,train,교육,T2 동의어,cbe867e9-b841-46ad-8896-ba3e29107f29,소망피아노학원,피아노,운암 동운로 골목형상점가,골목형상점가,광주광역시,,,
62044f6fb57d8b084323,full_annotation_v1,A,q_교육_06,피아노,교육 중 '교육'을 판매·제공하는 매장,train,교육,T2 동의어,2d3ca737-2f6d-4c21-8f50-2f65f0a12eb4,라온음악학원,피아노,풍암동부상인회 골목형상점가,골목형상점가,광주광역시,,,
bb76230f0d0d82af91f7,full_annotation_v1,A,q_교육_06,피아노,교육 중 '교육'을 판매·제공하는 매장,train,교육,T2 동의어,827c8aaf-ed4d-413a-ad2f-ce07eb2ede48,칸타빌레음악교습소,피아노,상암마을상인회 골목형상점가,골목형상점가,광주광역시,,,
a6e454f3960da015e23a,full_annotation_v1,A,q_교육_06,피아노,교육 중 '교육'을 판매·제공하는 매장,train,교육,T2 동의어,7c9bbbff-a680-439c-90e0-352b80ba01da,더즐거운음학학원,피아노,산본전통시장(구 군포산본시장),전통시장,경기도,,,
4096f699efde9b98763b,full_annotation_v1,A,q_교육_06,피아노,교육 중 '교육'을 판매·제공하는 매장,train,교육,T2 동의어,28b81dd4-e838-48a2-81f5-d64e2d766b8b,펜타곤학원,학원,인후동1가 골목형상점가,골목형상점가,전북특별자치도,,,
d13d6b740efba96e0e7e,full_annotation_v1,A,q_교육_06,피아노,교육 중 '교육'을 판매·제공하는 매장,train,교육,T2 동의어,a31987f0-3488-4d79-8c1e-705caff3a048,인앤원학원,학원,의왕도깨비시장,전통시장,경기도,,,
24bf6a0829731f8a728b,full_annotation_v1,A,q_교육_06,피아노,교육 중 '교육'을 판매·제공하는 매장,train,교육,T2 동의어,00684edc-9eb1-4411-a744-2ffdcf2b08b5,선경컴퓨터학원,컴퓨터학원,신월7동골목형상점가,골목형상점가,서울특별시,,,
dc47ad15b2a5dcc06db1,full_annotation_v1,A,q_교육_06,피아노,교육 중 '교육'을 판매·제공하는 매장,train,교육,T2 동의어,d625bab5-9584-44b6-9b48-4c875cec0809,심포니아실용음악학원,학원,장대동패션상가 골목형상점가,골목형상점가,대전광역시,,,
67174e444f8cac787f58,full_annotation_v1,A,q_교육_06,피아노,교육 중 '교육'을 판매·제공하는 매장,train,교육,T2 동의어,831db8a8-53fb-46de-9470-b4a86f9d24f3,플레잉음악전문학원,피아노,매봉 골목형상점가,골목형상점가,광주광역시,,,
fe6a20b985c6f66178c6,full_annotation_v1,A,q_교육_06,피아노,교육 중 '교육'을 판매·제공하는 매장,train,교육,T2 동의어,f42cb6b6-087c-41be-9a4c-07a09ce96ed5,그랜드 음악학원,학원,계림그랜드센트럴 골목형상점가,골목형상점가,광주광역시,,,
4cefab236edb42894b54,full_annotation_v1,A,q_교육_06,피아노,교육 중 '교육'을 판매·제공하는 매장,train,교육,T2 동의어,01081bcc-863e-4cd3-9948-f65e19202042,아트펀미술학원,미술,문흥2동 골목형상점가,골목형상점가,광주광역시,,,
5fa7151bcd45ae2061cb,full_annotation_v1,A,q_교육_06,피아노,교육 중 '교육'을 판매·제공하는 매장,train,교육,T2 동의어,24d9f355-8f13-41ec-bbd0-5942519a3ffc,세종이화발레학원,학원,노은역 골목형상점가,골목형상점가,대전광역시,,,
b0599509a7e188b162c1,full_annotation_v1,A,q_교육_06,피아노,교육 중 '교육'을 판매·제공하는 매장,train,교육,T2 동의어,45840f91-2726-467a-850e-51c8b0791875,하람음악학원,학원,롯데 리치빌골목형상점가,골목형상점가,대전광역시,,,
07fc1796861d7c55cd5f,full_annotation_v1,A,q_교육_06,피아노,교육 중 '교육'을 판매·제공하는 매장,train,교육,T2 동의어,1ce023e8-09f6-46b9-a62a-ca328737afee,아이러브 피아노,피아노,범지기 골목형상점가,골목형상점가,세종특별자치시,,,
5f1812b5a0923f7bd74d,full_annotation_v1,A,q_교육_06,피아노,교육 중 '교육'을 판매·제공하는 매장,train,교육,T2 동의어,816e96c4-ad7f-46e1-b3d6-3b39f1c8d699,점핑클레이,학원,영월종합상가,전통시장,강원특별자치도,,,
1c26050da3eb3e55f248,full_annotation_v1,A,q_교육_06,피아노,교육 중 '교육'을 판매·제공하는 매장,train,교육,T2 동의어,af83dbee-cf1b-43ba-9614-df654b250af9,카일하우시찌다,학원,소촌중앙 골목형상점가,골목형상점가,광주광역시,,,
a3b51e9c5ae1df5ee0d8,full_annotation_v1,A,q_교육_06,피아노,교육 중 '교육'을 판매·제공하는 매장,train,교육,T2 동의어,a9e987d4-863a-4225-a3ae-b786f3dc617e,스팀융합미술학원,학원 서비스,효천로 골목형상점가,골목형상점가,광주광역시,,,
98e0d3fe3652e9b18bf7,full_annotation_v1,A,q_교육_06,피아노,교육 중 '교육'을 판매·제공하는 매장,train,교육,T2 동의어,02dde4f0-2859-478f-8fc6-bbb4fe2a2895,더샆 음악학원,피아노,수완하나로 골목형상점가,골목형상점가,광주광역시,,,
a6e3fd80a1738a63399a,full_annotation_v1,A,q_교육_06,피아노,교육 중 '교육'을 판매·제공하는 매장,train,교육,T2 동의어,0c47c16a-3c5d-4430-9f65-0d50442db32b,피아노스토리,피아노교습소,수완중흥대방 골목형상점가,골목형상점가,광주광역시,,,
1e5a0284213de8551efc,full_annotation_v1,A,q_교육_06,피아노,교육 중 '교육'을 판매·제공하는 매장,train,교육,T2 동의어,9eec0c14-ffe5-4641-a3a8-d805a2a87fcc,이상희컴퓨터학원,학원,포항 대이상가 골목형상점가,골목형상점가,경상북도,,,
e3f64a84e9f07d763ced,full_annotation_v1,A,q_교육_06,피아노,교육 중 '교육'을 판매·제공하는 매장,train,교육,T2 동의어,014931f7-6b34-46d5-9a7c-c9110c79a186,쁘띠아트미술학원,교육,보정중심 골목형상점가,골목형상점가,경기도,,,
64761175887af28df092,full_annotation_v1,A,q_교육_06,피아노,교육 중 '교육'을 판매·제공하는 매장,train,교육,T2 동의어,361b5b21-f120-4a2e-9366-72ee03710a3b,힐스음악학원,학원,서희1차현대 골목형상점가,골목형상점가,광주광역시,,,
1d9144ca100783a8240e,full_annotation_v1,A,q_교육_06,피아노,교육 중 '교육'을 판매·제공하는 매장,train,교육,T2 동의어,0f1b8f01-3259-4c41-b1ad-5daa2d1b4c2d,하늘꿈음악학원,피아노,고운마음 골목형상점가,골목형상점가,세종특별자치시,,,
76997d566d3f6202382d,full_annotation_v1,A,q_교육_06,피아노,교육 중 '교육'을 판매·제공하는 매장,train,교육,T2 동의어,a828641a-e13a-44e7-9999-2d43bd2f9a60,단밤왕만두,"만두, 찐빵",화성행궁골목형상점가,골목형상점가,경기도,,,
c4bf8e5aae27d958d845,full_annotation_v1,A,q_교육_06,피아노,교육 중 '교육'을 판매·제공하는 매장,train,교육,T2 동의어,99e3bebe-c38c-4210-a056-7e347195ad55,비욘드잉글리쉬어학원,학원,현대센트럴스퀘어,골목형상점가,경기도,,,
6caf536733efd10f3427,full_annotation_v1,A,q_교육_06,피아노,교육 중 '교육'을 판매·제공하는 매장,train,교육,T2 동의어,1f5787cf-2952-480e-8134-19f820f0c9c1,음사랑음악학원,피아노,고운동상점가,자율상권구역,세종특별자치시,,,
5a11ccb8572fcc123f71,full_annotation_v1,A,q_교육_06,피아노,교육 중 '교육'을 판매·제공하는 매장,train,교육,T2 동의어,8c610242-df1b-4724-818b-8bc8e086a6fb,채수화음악학원,피아노,군산디오션시티 G플레이스 골목형상점가,골목형상점가,전북특별자치도,,,
4b659b5e3adfe6d27493,full_annotation_v1,A,q_교육_06,피아노,교육 중 '교육'을 판매·제공하는 매장,train,교육,T2 동의어,74d52c67-9a0c-4c05-8c57-4036b80c8710,엘리음악학원,피아노,가재마을 골목형상점가,골목형상점가,세종특별자치시,,,
ef3771c15a75c8280c9c,full_annotation_v1,A,q_교육_06,피아노,교육 중 '교육'을 판매·제공하는 매장,train,교육,T2 동의어,38a09c72-6522-4919-914c-f788c03190ee,에릭칼아트잉글리쉬스튜디오학원,학원,다정중앙 골목형상점가,골목형상점가,세종특별자치시,,,
255e5138b644c6833aba,full_annotation_v1,A,q_교육_06,피아노,교육 중 '교육'을 판매·제공하는 매장,train,교육,T2 동의어,44aa574e-fbcf-4cde-ae48-a563c0d1cd96,민튼즈실용음악학원,학원,운수대통 골목형상점가,골목형상점가,광주광역시,,,
de2abd8565972b5f77c4,full_annotation_v1,A,q_교육_06,피아노,교육 중 '교육'을 판매·제공하는 매장,train,교육,T2 동의어,b23fae17-13d4-4c2e-9f62-0dffeff87ef0,신뮤즈피아노,피아노 교습,운남골목 골목형상점가,골목형상점가,광주광역시,,,
8ae5fe980c828f091d6c,full_annotation_v1,A,q_교육_06,피아노,교육 중 '교육'을 판매·제공하는 매장,train,교육,T2 동의어,997c34c2-7299-42e9-8688-c43b2d2c6b49,꾸어구어숯불구이,삼겹살,죽산시장,전통시장,경기도,,,
ef6a8fe9a0c2ac0178f6,full_annotation_v1,A,q_교육_06,피아노,교육 중 '교육'을 판매·제공하는 매장,train,교육,T2 동의어,d257654e-fb59-4266-8c89-b6d0bd0a42e0,금란음악학원,피아노,"호성2길, 3길 골목형상점가",골목형상점가,전북특별자치도,,,
db3f7e76166e47db2b39,full_annotation_v1,A,q_교육_06,피아노,교육 중 '교육'을 판매·제공하는 매장,train,교육,T2 동의어,3282d006-78d6-42af-88fa-d4467307adc3,초롱피아노음악학원,피아노,중앙로 백운1동 골목형상점가,골목형상점가,광주광역시,,,
056cee9e53be347b100c,full_annotation_v1,A,q_교육_06,피아노,교육 중 '교육'을 판매·제공하는 매장,train,교육,T2 동의어,fc50902f-1a0d-44f3-9860-f1b687a52a2d,건반피아노학원,피아노,삼익사거리 골목형상점가,골목형상점가,광주광역시,,,
89856b2170430e6eaf20,full_annotation_v1,A,q_교육_06,피아노,교육 중 '교육'을 판매·제공하는 매장,train,교육,T2 동의어,80f061da-e6c0-4beb-905e-f4998d4f3283,윤선생영어숲방림학원,학원,큰방림길 골목형상점가,골목형상점가,광주광역시,,,
39ced4596fb0c0df3d70,full_annotation_v1,A,q_교육_06,피아노,교육 중 '교육'을 판매·제공하는 매장,train,교육,T2 동의어,065d792e-50fc-4416-b759-bbf7eae7dce4,솔라피아노교습소,,퀸덤3단지골목형상점가,골목형상점가,부산광역시,,,
977fdc5fef78fa48f748,full_annotation_v1,A,q_교육_06,피아노,교육 중 '교육'을 판매·제공하는 매장,train,교육,T2 동의어,46977c59-70a2-4ed7-a4cb-83d8e10c1bd1,화수브루어리 서울강북점,피자 치킨 생맥주,가오리골목형상점가,골목형상점가,서울특별시,,,
cfa20dbcb40b42bb4fc5,full_annotation_v1,A,q_교육_06,피아노,교육 중 '교육'을 판매·제공하는 매장,train,교육,T2 동의어,83a5b6b1-2220-46fd-b093-e9fcb47befc6,장대태권도,학원,장대동패션상가 골목형상점가,골목형상점가,대전광역시,,,
ec5fe65ccc0e11a87150,full_annotation_v1,A,q_교육_06,피아노,교육 중 '교육'을 판매·제공하는 매장,train,교육,T2 동의어,96f079f1-a1e6-4532-aba8-b2f180a9a976,하늘을 나는 그림책 학원,교육,희담길,골목형상점가,광주광역시,,,
33198a6d765f4038c399,full_annotation_v1,A,q_교육_06,피아노,교육 중 '교육'을 판매·제공하는 매장,train,교육,T2 동의어,d365ac73-9e5a-44c1-9bf8-05a2698fd02e,맨하튼음악학원,피아노,신가동 골목형상점가,골목형상점가,광주광역시,,,
8d03b48589d7ff4362cf,full_annotation_v1,A,q_교육_06,피아노,교육 중 '교육'을 판매·제공하는 매장,train,교육,T2 동의어,0469b923-5988-447a-a2d7-0f53530476f0,피아노,의류,사직시장,전통시장,부산광역시,,,
bd4a60afa91325a6eb0f,full_annotation_v1,A,q_교육_06,피아노,교육 중 '교육'을 판매·제공하는 매장,train,교육,T2 동의어,b9e64412-3caf-4add-af31-22ba1b00d22a,글래드클레프피아노교습소,피아노,"지웰시티몰 1,2단지 골목형상점가",골목형상점가,충청남도,,,
19f286b9191d103d9fd2,full_annotation_v1,A,q_교육_06,피아노,교육 중 '교육'을 판매·제공하는 매장,train,교육,T2 동의어,99bf4bc8-cf2d-4fbb-bc94-8d288abb0f73,예가피아노학원,피아노,금호운천로상인회 골목형상점가,골목형상점가,광주광역시,,,
92ddac5d3dd6a1148171,full_annotation_v1,A,q_교육_06,피아노,교육 중 '교육'을 판매·제공하는 매장,train,교육,T2 동의어,5e40865b-ca01-447c-91ee-309666c847de,한라합기도,교육 학원,금암중심상가 골목형상점가,골목형상점가,경기도,,,
53f81fa575b87a7dbc98,full_annotation_v1,A,q_교육_06,피아노,교육 중 '교육'을 판매·제공하는 매장,train,교육,T2 동의어,ae4537ce-e3f1-4ec2-b820-629d68ef7bfd,노블음악학원,피아노,하남 골목형상점가,골목형상점가,광주광역시,,,
38894863dcc508cfbadd,full_annotation_v1,A,q_교육_06,피아노,교육 중 '교육'을 판매·제공하는 매장,train,교육,T2 동의어,255cfd06-0ec4-4c6f-a479-d58c2cbf9e16,아이야음악학원,학원,항동 골목형상점가,골목형상점가,서울특별시,,,
3b4bc6bc251fe713bf67,full_annotation_v1,A,q_교육_06,피아노,교육 중 '교육'을 판매·제공하는 매장,train,교육,T2 동의어,5b1f0449-07c0-4f23-b3d6-78d24c5550da,라벨피아노학원,피아노,효천2지구 골목형상점가,골목형상점가,광주광역시,,,
084004eeeee6ced6526c,full_annotation_v1,A,q_교육_06,피아노,교육 중 '교육'을 판매·제공하는 매장,train,교육,T2 동의어,02c687d7-3422-41e4-be2d-39d56a3ff206,놀작아트팝 미술교습소,교육미술,자운대 골목형상점가,골목형상점가,대전광역시,,,
c4892712024eea2a5f48,full_annotation_v1,A,q_교육_06,피아노,교육 중 '교육'을 판매·제공하는 매장,train,교육,T2 동의어,8bd0a34f-bd13-4ad5-87e7-7fba06e73437,전북타운음악학원,피아노,전주우성타운 골목형상점가,골목형상점가,전북특별자치도,,,
374f54f1b749f7091fd4,full_annotation_v1,A,q_교육_06,피아노,교육 중 '교육'을 판매·제공하는 매장,train,교육,T2 동의어,7ea2752a-08d8-4ae7-81a1-65916966c360,랑랑피아노,피아노,해밀동 골목형상점가,골목형상점가,세종특별자치시,,,
22c9bbbed8a7397aab39,full_annotation_v1,A,q_교육_06,피아노,교육 중 '교육'을 판매·제공하는 매장,train,교육,T2 동의어,01198069-e953-469c-a9ba-cdbde430ca5e,꿈샘음악교습소,피아노 교습,겸재한신길 골목형상점가,골목형상점가,서울특별시,,,
51eae026beebac520350,full_annotation_v1,A,q_교육_06,피아노,교육 중 '교육'을 판매·제공하는 매장,train,교육,T2 동의어,9a7da882-ed13-4ac0-934d-fd9666075a2b,베이직주짓수클럽,학원,장대동패션상가 골목형상점가,골목형상점가,대전광역시,,,
aaa630938846c9cfecc6,full_annotation_v1,A,q_교육_06,피아노,교육 중 '교육'을 판매·제공하는 매장,train,교육,T2 동의어,010382b4-561d-43c7-848c-cdfed4f4d93d,문성당서점,서적 교육용씨디 비디오 문구 자료처리,부안석정 골목형상점가,골목형상점가,전북특별자치도,,,
d551140e2a2b19c66821,full_annotation_v1,A,q_교육_06,피아노,교육 중 '교육'을 판매·제공하는 매장,train,교육,T2 동의어,8b94ada0-89e9-4348-8564-2ebc28bfc487,리베음악미술학원,학원,아진상가,골목형상점가,울산광역시,,,
02bad6cc8f009c7e7215,full_annotation_v1,A,q_교육_06,피아노,교육 중 '교육'을 판매·제공하는 매장,train,교육,T2 동의어,52b2b7df-0506-4526-b7f8-36d6818ea740,시엘음악학원,피아노,제니스 골목형상점가,골목형상점가,광주광역시,,,
af62964d1c083f37e2fe,full_annotation_v1,A,q_교육_07,학원 다니는 데,교육 중 '교육'을 판매·제공하는 매장,train,교육,T4 구어·문장,75de2835-764e-4f87-b435-34285ad1b6e9,태사자,교육서비스,도봉산옛길골목형상점가,골목형상점가,서울특별시,,,
65ef7331d7433c317b07,full_annotation_v1,A,q_교육_07,학원 다니는 데,교육 중 '교육'을 판매·제공하는 매장,train,교육,T4 구어·문장,0165f75f-ef5b-48e9-8e9d-43ceee042b17,리브로아르츠동구센트럴점미술교습소,아동미술,계림그랜드센트럴 골목형상점가,골목형상점가,광주광역시,,,
e575ecf857405ca978d9,full_annotation_v1,A,q_교육_07,학원 다니는 데,교육 중 '교육'을 판매·제공하는 매장,train,교육,T4 구어·문장,11878aa0-dcc4-4a0e-8482-2424a6308581,참미르태권도,교육,임방울대로 골목형상점가,골목형상점가,광주광역시,,,
1f7f61a5ce9692154046,full_annotation_v1,A,q_교육_07,학원 다니는 데,교육 중 '교육'을 판매·제공하는 매장,train,교육,T4 구어·문장,f17652df-f7e4-4c6c-922f-6573184de1e8,레콩음악학원,교육,매곡동 골목형상점가,골목형상점가,광주광역시,,,
2becb6acfdf148a994ef,full_annotation_v1,A,q_교육_07,학원 다니는 데,교육 중 '교육'을 판매·제공하는 매장,train,교육,T4 구어·문장,ed3b2abc-2d05-4508-95bc-44024f0034dd,사라요가,교육,오류동 특화거리 상점가,자율상권구역,대전광역시,,,
609d95cc2d44dda9d888,full_annotation_v1,A,q_교육_07,학원 다니는 데,교육 중 '교육'을 판매·제공하는 매장,train,교육,T4 구어·문장,00c044be-2483-4a59-9e29-41cbd79cfbe4,배움태권도,교육서비스업,압촌동 골목형상점가,골목형상점가,광주광역시,,,
7b48b9487935538b4cb6,full_annotation_v1,A,q_교육_07,학원 다니는 데,교육 중 '교육'을 판매·제공하는 매장,train,교육,T4 구어·문장,28b81dd4-e838-48a2-81f5-d64e2d766b8b,펜타곤학원,학원,인후동1가 골목형상점가,골목형상점가,전북특별자치도,,,
cc55d4baa807c82cdeb0,full_annotation_v1,A,q_교육_07,학원 다니는 데,교육 중 '교육'을 판매·제공하는 매장,train,교육,T4 구어·문장,02432c0f-8e7a-477c-a263-a5af2337acaf,세종루체음악학원,피아노학원,새롬동 골목형상점가,골목형상점가,세종특별자치시,,,
74ad2c24c650f74a771a,full_annotation_v1,A,q_교육_07,학원 다니는 데,교육 중 '교육'을 판매·제공하는 매장,train,교육,T4 구어·문장,85ba547a-3241-4566-beb6-7ab50cdaa5d5,한결태권도장,교육,운암 서영 골목형상점가,기타,광주광역시,,,
72285a1d7d38e7f1856e,full_annotation_v1,A,q_교육_07,학원 다니는 데,교육 중 '교육'을 판매·제공하는 매장,train,교육,T4 구어·문장,47adea45-738e-4767-87f8-9ae5d47f5c15,이은식어학원,교육,전남대후문골목형상점가,골목형상점가,광주광역시,,,
bef6ec9a6b701d1cd19f,full_annotation_v1,A,q_교육_07,학원 다니는 데,교육 중 '교육'을 판매·제공하는 매장,train,교육,T4 구어·문장,051e49b4-b94d-4476-8cad-a86c43ac55b1,짐랩,스포츠 교육,반월신영통상가,자율상권구역,경기도,,,
1c38c496a68385dc9d40,full_annotation_v1,A,q_교육_07,학원 다니는 데,교육 중 '교육'을 판매·제공하는 매장,train,교육,T4 구어·문장,6cd7942a-5653-4c21-a9bf-05e63448716d,드림로봇학원,교육,소사벌 골목형상점가,골목형상점가,경기도,,,
f10e137d3bf5a0cb07d0,full_annotation_v1,A,q_교육_07,학원 다니는 데,교육 중 '교육'을 판매·제공하는 매장,train,교육,T4 구어·문장,f0d3d1ba-dca1-4826-a03a-3ab50f7437b0,뮤터음악학원,교육,첨단하나로,골목형상점가,광주광역시,,,
6b6a3096f9dfb8de23dd,full_annotation_v1,A,q_교육_07,학원 다니는 데,교육 중 '교육'을 판매·제공하는 매장,train,교육,T4 구어·문장,8c1792fe-59f3-42a5-b2f7-6b1120cf0265,차느에스테틱,피부미용업,대남마주길 골목형상점가,골목형상점가,광주광역시,,,
4cdcc4c326fcebcbe307,full_annotation_v1,A,q_교육_07,학원 다니는 데,교육 중 '교육'을 판매·제공하는 매장,train,교육,T4 구어·문장,abb0601d-4e59-49a7-93f2-60da61d300cd,혁신위드기타학원,기타 학원,혁신도시2구역골목형상점가,골목형상점가,강원특별자치도,,,
ccc1a1b91901f012399c,full_annotation_v1,A,q_교육_07,학원 다니는 데,교육 중 '교육'을 판매·제공하는 매장,train,교육,T4 구어·문장,ae34832a-ffaa-484e-a04a-1063af3fd66c,바닐라,의류,설악로데오거리상점가,자율상권구역,강원특별자치도,,,
7b00c04721bf94fd0ae1,full_annotation_v1,A,q_교육_07,학원 다니는 데,교육 중 '교육'을 판매·제공하는 매장,train,교육,T4 구어·문장,af83dbee-cf1b-43ba-9614-df654b250af9,카일하우시찌다,학원,소촌중앙 골목형상점가,골목형상점가,광주광역시,,,
8402272ae5c1537e58ea,full_annotation_v1,A,q_교육_07,학원 다니는 데,교육 중 '교육'을 판매·제공하는 매장,train,교육,T4 구어·문장,89559f14-b9df-4f21-a491-fffc17a5fd7c,드뷔시피아노학원,학원,백운브릿지 골목형상점가,골목형상점가,광주광역시,,,
9b0e81028ffadad967ee,full_annotation_v1,A,q_교육_07,학원 다니는 데,교육 중 '교육'을 판매·제공하는 매장,train,교육,T4 구어·문장,f7adc09d-e5c5-465f-bbbb-7886dce781f8,나니발레,교육,효천2지구 골목형상점가,골목형상점가,광주광역시,,,
a427d494146c630c4139,full_annotation_v1,A,q_교육_07,학원 다니는 데,교육 중 '교육'을 판매·제공하는 매장,train,교육,T4 구어·문장,aba76fc2-984e-4030-ba01-e2e7d78264c7,데 아로즈 대전둔산본점,,갈리단길 골목형상점가,골목형상점가,대전광역시,,,
35f44d92a6bf2911147c,full_annotation_v1,A,q_교육_07,학원 다니는 데,교육 중 '교육'을 판매·제공하는 매장,train,교육,T4 구어·문장,5a87ac98-3261-419c-910c-e798407a609d,만하임음악학원,학원,동천동먹자골목1번가상인회 골목형상점가,골목형상점가,광주광역시,,,
4ec581f74a9618ccc134,full_annotation_v1,A,q_교육_07,학원 다니는 데,교육 중 '교육'을 판매·제공하는 매장,train,교육,T4 구어·문장,9eec0c14-ffe5-4641-a3a8-d805a2a87fcc,이상희컴퓨터학원,학원,포항 대이상가 골목형상점가,골목형상점가,경상북도,,,
39ae6421f15a335cef39,full_annotation_v1,A,q_교육_07,학원 다니는 데,교육 중 '교육'을 판매·제공하는 매장,train,교육,T4 구어·문장,f7cccb40-6bc3-4a33-93ba-3242dd03f435,다독영어,교육,계림아이파크SK뷰 골목형상점가,골목형상점가,광주광역시,,,
483692d995230e9b330a,full_annotation_v1,A,q_교육_07,학원 다니는 데,교육 중 '교육'을 판매·제공하는 매장,train,교육,T4 구어·문장,8b94ada0-89e9-4348-8564-2ebc28bfc487,리베음악미술학원,학원,아진상가,골목형상점가,울산광역시,,,
903639f00eb5022ed861,full_annotation_v1,A,q_교육_07,학원 다니는 데,교육 중 '교육'을 판매·제공하는 매장,train,교육,T4 구어·문장,003b433e-01fc-4ef0-9dc8-a06376b015e4,캘리그라피글꼴,광고디자인 원화디자인 기타교육지원서비,동가재미 골목형상점가,골목형상점가,전북특별자치도,,,
bbb3b4eed87b6dbec10d,full_annotation_v1,A,q_교육_07,학원 다니는 데,교육 중 '교육'을 판매·제공하는 매장,train,교육,T4 구어·문장,0177df58-5821-49cb-a1ee-2e58aa4a9f76,전경란미술학원,미술,상암마을상인회 골목형상점가,골목형상점가,광주광역시,,,
e612f954404a3f3db492,full_annotation_v1,A,q_교육_07,학원 다니는 데,교육 중 '교육'을 판매·제공하는 매장,train,교육,T4 구어·문장,2a42e823-2935-4df9-baf3-b329ba8dd751,자미온침구,침구,성동용답상가시장,전통시장,서울특별시,,,
8bbf16401c2ccf8bb78d,full_annotation_v1,A,q_교육_07,학원 다니는 데,교육 중 '교육'을 판매·제공하는 매장,train,교육,T4 구어·문장,d848d2ef-d18f-42a5-ad0f-96c04ac9250c,힘과균형필라테스,교육,운천상무시장 골목형상점가,골목형상점가,광주광역시,,,
30b81603fc6f1f4aa945,full_annotation_v1,A,q_교육_07,학원 다니는 데,교육 중 '교육'을 판매·제공하는 매장,train,교육,T4 구어·문장,9a7da882-ed13-4ac0-934d-fd9666075a2b,베이직주짓수클럽,학원,장대동패션상가 골목형상점가,골목형상점가,대전광역시,,,
a374b1b111cf05217033,full_annotation_v1,A,q_교육_07,학원 다니는 데,교육 중 '교육'을 판매·제공하는 매장,train,교육,T4 구어·문장,111718ee-2d58-4e3e-b415-495cbebef08f,총각네푸줏간,육류,약수시장골목형상점가,골목형상점가,서울특별시,,,
a92a472e7a635d01a2f7,full_annotation_v1,A,q_교육_07,학원 다니는 데,교육 중 '교육'을 판매·제공하는 매장,train,교육,T4 구어·문장,184800bb-0306-4ffd-9518-cf3e69f3af1c,정수셈수학교습소,학원,포방터시장,전통시장,서울특별시,,,
3383b2ab36a95b9710ca,full_annotation_v1,A,q_교육_07,학원 다니는 데,교육 중 '교육'을 판매·제공하는 매장,train,교육,T4 구어·문장,bc6e319a-f3cc-414f-a13e-4c8298fc041b,주은음악학원,교육,풍암당산상인회 골목형상점가,골목형상점가,광주광역시,,,
e5eca8d12bae6c73bda8,full_annotation_v1,A,q_교육_07,학원 다니는 데,교육 중 '교육'을 판매·제공하는 매장,train,교육,T4 구어·문장,816e96c4-ad7f-46e1-b3d6-3b39f1c8d699,점핑클레이,학원,영월종합상가,전통시장,강원특별자치도,,,
9123520117191eb2bb93,full_annotation_v1,A,q_교육_07,학원 다니는 데,교육 중 '교육'을 판매·제공하는 매장,train,교육,T4 구어·문장,02cfd6c1-16d7-43bb-9b52-8c2f42d0269e,에녹실용음악학원,실용음악학원,귀인동먹거리촌 골목형상점가,골목형상점가,경기도,,,
a35ef6142f97de6723be,full_annotation_v1,A,q_교육_07,학원 다니는 데,교육 중 '교육'을 판매·제공하는 매장,train,교육,T4 구어·문장,5e40865b-ca01-447c-91ee-309666c847de,한라합기도,교육 학원,금암중심상가 골목형상점가,골목형상점가,경기도,,,
5f8e30f9f6015fe28b41,full_annotation_v1,A,q_교육_07,학원 다니는 데,교육 중 '교육'을 판매·제공하는 매장,train,교육,T4 구어·문장,36e54eaf-89ea-4639-b60d-5300be944dd0,민트미술학윈,학원,새봄골목형상점가,골목형상점가,경기도,,,
d50227ab2c2df7acc396,full_annotation_v1,A,q_교육_07,학원 다니는 데,교육 중 '교육'을 판매·제공하는 매장,train,교육,T4 구어·문장,22a94491-853d-4840-b253-418bc12c7e10,산천,,홍도 골목형상점가,골목형상점가,대전광역시,,,
7bc0f0a2643dddb94dfb,full_annotation_v1,A,q_교육_07,학원 다니는 데,교육 중 '교육'을 판매·제공하는 매장,train,교육,T4 구어·문장,000be075-07c7-4f2c-9717-15dd71125658,소이미술교습소,,한뜰누리 골목형상점가,골목형상점가,세종특별자치시,,,
84fdef36125d3805e9ee,full_annotation_v1,A,q_교육_07,학원 다니는 데,교육 중 '교육'을 판매·제공하는 매장,train,교육,T4 구어·문장,a797ca3b-0d5c-4e77-8daa-18a5802616a2,이지짐,교육 서비스,남문로 어울림 골목 골목형상점가,골목형상점가,광주광역시,,,
08c40d11d5fb36e87db6,full_annotation_v1,A,q_교육_07,학원 다니는 데,교육 중 '교육'을 판매·제공하는 매장,train,교육,T4 구어·문장,e4d55e2a-54b0-450b-8104-562950657f01,제일정보처리학원,학원,강남개포시장(구 개포2동중심상점가),자율상권구역,서울특별시,,,
0ac9e856f5fb2ad7b73e,full_annotation_v1,A,q_교육_07,학원 다니는 데,교육 중 '교육'을 판매·제공하는 매장,train,교육,T4 구어·문장,172961ca-0c85-4246-a5bc-a63d7cadc829,브릭스짐,헬스장,나주혁신도시 골목형상점가,골목형상점가,전라남도,,,
2ce7060dcd47cdc63d34,full_annotation_v1,A,q_교육_07,학원 다니는 데,교육 중 '교육'을 판매·제공하는 매장,train,교육,T4 구어·문장,800eb3fc-d7ce-4e29-bd7f-f8b43372bcf1,엘비에프교육센터학원,학원,삼익사거리 골목형상점가,골목형상점가,광주광역시,,,
8736d7b5ccba5037fb77,full_annotation_v1,A,q_교육_07,학원 다니는 데,교육 중 '교육'을 판매·제공하는 매장,train,교육,T4 구어·문장,24d9f355-8f13-41ec-bbd0-5942519a3ffc,세종이화발레학원,학원,노은역 골목형상점가,골목형상점가,대전광역시,,,
06cf7b9db0a209ac61f4,full_annotation_v1,A,q_교육_07,학원 다니는 데,교육 중 '교육'을 판매·제공하는 매장,train,교육,T4 구어·문장,361b5b21-f120-4a2e-9366-72ee03710a3b,힐스음악학원,학원,서희1차현대 골목형상점가,골목형상점가,광주광역시,,,
fbcf69c0eea57b60a8c4,full_annotation_v1,A,q_교육_07,학원 다니는 데,교육 중 '교육'을 판매·제공하는 매장,train,교육,T4 구어·문장,f42cb6b6-087c-41be-9a4c-07a09ce96ed5,그랜드 음악학원,학원,계림그랜드센트럴 골목형상점가,골목형상점가,광주광역시,,,
2aae08bc15de9aa895b3,full_annotation_v1,A,q_교육_07,학원 다니는 데,교육 중 '교육'을 판매·제공하는 매장,train,교육,T4 구어·문장,0d5ab7e0-1a6f-4355-92eb-fb81f4b9f03f,그림과향기,교육,천상일길 골목형상점가,골목형상점가,울산광역시,,,
3067bafbd139eeaf1061,full_annotation_v1,A,q_교육_07,학원 다니는 데,교육 중 '교육'을 판매·제공하는 매장,train,교육,T4 구어·문장,17799776-b473-406e-aa82-04a5f26858c2,풍암케이엠음악학원,학원,풍암벚꽃길상인회 골목형상점가,골목형상점가,광주광역시,,,
9cdaf6373ba7c0da8a9e,full_annotation_v1,A,q_교육_07,학원 다니는 데,교육 중 '교육'을 판매·제공하는 매장,train,교육,T4 구어·문장,7680df8d-107d-41fc-b8e5-fd9d4bca1170,EJ브리튼어학원,교육,다정중앙 골목형상점가,골목형상점가,세종특별자치시,,,
45b9d41e8ec7089ddfe6,full_annotation_v1,A,q_교육_07,학원 다니는 데,교육 중 '교육'을 판매·제공하는 매장,train,교육,T4 구어·문장,0dcb2a4d-9012-4560-b07f-40602a3cbaa9,더 뮤즈 음악학원,학원,포일중앙 골목형상점가,골목형상점가,경기도,,,
87d7fe40e44c15453286,full_annotation_v1,A,q_교육_07,학원 다니는 데,교육 중 '교육'을 판매·제공하는 매장,train,교육,T4 구어·문장,0181a9ad-d2dd-43dc-a661-52371dfa6103,엘피아노음악교습소,피아노 레슨,효천2지구 골목형상점가,골목형상점가,광주광역시,,,
831e4f67194f9b132a85,full_annotation_v1,A,q_교육_07,학원 다니는 데,교육 중 '교육'을 판매·제공하는 매장,train,교육,T4 구어·문장,5d7afcf3-39cb-4392-b3ac-1ea1fa4bb5a6,명곡학원,교육,창원 명서시장,전통시장,경상남도,,,
e8593169159b250f70d8,full_annotation_v1,A,q_교육_07,학원 다니는 데,교육 중 '교육'을 판매·제공하는 매장,train,교육,T4 구어·문장,02dde4f0-2859-478f-8fc6-bbb4fe2a2895,더샆 음악학원,피아노,수완하나로 골목형상점가,골목형상점가,광주광역시,,,
f85b119c3a3205137562,full_annotation_v1,A,q_교육_07,학원 다니는 데,교육 중 '교육'을 판매·제공하는 매장,train,교육,T4 구어·문장,02c687d7-3422-41e4-be2d-39d56a3ff206,놀작아트팝 미술교습소,교육미술,자운대 골목형상점가,골목형상점가,대전광역시,,,
3f368ef5b22e7241ddaa,full_annotation_v1,A,q_교육_07,학원 다니는 데,교육 중 '교육'을 판매·제공하는 매장,train,교육,T4 구어·문장,c99dd784-6fbd-47c5-ab1f-5b0f65d5b5db,팀영어수학입시학원,학원,엄사 골목형상점가,골목형상점가,충청남도,,,
3cde15ae9b9a3d9d0fbd,full_annotation_v1,A,q_교육_07,학원 다니는 데,교육 중 '교육'을 판매·제공하는 매장,train,교육,T4 구어·문장,99e3bebe-c38c-4210-a056-7e347195ad55,비욘드잉글리쉬어학원,학원,현대센트럴스퀘어,골목형상점가,경기도,,,
173d25b3f48fa0521b28,full_annotation_v1,A,q_교육_07,학원 다니는 데,교육 중 '교육'을 판매·제공하는 매장,train,교육,T4 구어·문장,60aa103a-4d76-46dd-ad41-27a60936911b,더포스학원,교육,효천로 골목형상점가,골목형상점가,광주광역시,,,
bc4197a2ae6a121aaca0,full_annotation_v1,A,q_교육_07,학원 다니는 데,교육 중 '교육'을 판매·제공하는 매장,train,교육,T4 구어·문장,72c5e266-a585-453f-99d2-65454a05f11d,엔젤음악학원,교육,빛가람 로데오 골목형상점가,골목형상점가,전라남도,,,
c6cbe53bec481552bf90,full_annotation_v1,A,q_교육_07,학원 다니는 데,교육 중 '교육'을 판매·제공하는 매장,train,교육,T4 구어·문장,dceafa58-0a5e-4f86-b544-91bebdb70fbc,리플어학원,교육,아름동상점가,자율상권구역,세종특별자치시,,,
c789d5e805d3ed283184,full_annotation_v1,A,q_교육_07,학원 다니는 데,교육 중 '교육'을 판매·제공하는 매장,train,교육,T4 구어·문장,255cfd06-0ec4-4c6f-a479-d58c2cbf9e16,아이야음악학원,학원,항동 골목형상점가,골목형상점가,서울특별시,,,
df6de83a42bdd7be6167,full_annotation_v1,A,q_교육_07,학원 다니는 데,교육 중 '교육'을 판매·제공하는 매장,train,교육,T4 구어·문장,96f079f1-a1e6-4532-aba8-b2f180a9a976,하늘을 나는 그림책 학원,교육,희담길,골목형상점가,광주광역시,,,
2f67f9de6a678b42956b,full_annotation_v1,A,q_교육_07,학원 다니는 데,교육 중 '교육'을 판매·제공하는 매장,train,교육,T4 구어·문장,6583d861-2b7d-4abc-82f3-57d3a7fa9e59,창작미술학원,학원,오류버들시장골목형상점가,골목형상점가,서울특별시,,,
fece4c802bd0dd9c3851,full_annotation_v1,A,q_교육_07,학원 다니는 데,교육 중 '교육'을 판매·제공하는 매장,train,교육,T4 구어·문장,d64437fe-016a-4357-be45-4e6b33fdbed1,한스예술센터,교육,매곡 사랑길 골목형상점가,골목형상점가,광주광역시,,,
b3f7d5ae5dc652ad2c24,full_annotation_v1,A,q_교육_07,학원 다니는 데,교육 중 '교육'을 판매·제공하는 매장,train,교육,T4 구어·문장,7b2114b5-7f98-4e12-a1e3-1070a99fed7f,한울음악학원,교육,동림1 골목형상점가,골목형상점가,광주광역시,,,
304f8f658ef92224335b,full_annotation_v1,A,q_교육_07,학원 다니는 데,교육 중 '교육'을 판매·제공하는 매장,train,교육,T4 구어·문장,64e933ac-605c-477c-8c96-71becc1a44a9,이안미술음악학원,학원,용두마을길 골목형상점가,골목형상점가,광주광역시,,,
98fe83d16966f703135d,full_annotation_v1,A,q_교육_07,학원 다니는 데,교육 중 '교육'을 판매·제공하는 매장,train,교육,T4 구어·문장,c9353284-b4a6-4b40-88f0-ee768704a91d,쿵더쿵곡물고추상회,고추 등,세은 골목형상점가,골목형상점가,광주광역시,,,
b15b5229edebb170f4ca,full_annotation_v1,A,q_교육_07,학원 다니는 데,교육 중 '교육'을 판매·제공하는 매장,train,교육,T4 구어·문장,c17a73e9-1544-44fb-9a69-d520012197af,강호체육관,교육,용대로119번길 골목형상점가,골목형상점가,광주광역시,,,
4ccdaa355172dc650f54,full_annotation_v1,A,q_교육_07,학원 다니는 데,교육 중 '교육'을 판매·제공하는 매장,train,교육,T4 구어·문장,32c87c54-6904-4e64-af82-ba082f9fc47d,다산쉬피랜드어학원,학원,다산예스프라자 골목형상점가,골목형상점가,경기도,,,
5e75182e5ca4f1d3a8b5,full_annotation_v1,A,q_교육_07,학원 다니는 데,교육 중 '교육'을 판매·제공하는 매장,train,교육,T4 구어·문장,5e4ae774-5a20-4c87-980d-88ea10c10294,365우리약국,양약,나주혁신도시 골목형상점가,골목형상점가,전라남도,,,
5c5060f9dab3603826ff,full_annotation_v1,A,q_교육_07,학원 다니는 데,교육 중 '교육'을 판매·제공하는 매장,train,교육,T4 구어·문장,00684edc-9eb1-4411-a744-2ffdcf2b08b5,선경컴퓨터학원,컴퓨터학원,신월7동골목형상점가,골목형상점가,서울특별시,,,
7f19dfa1935ffd33c7a1,full_annotation_v1,A,q_교육_07,학원 다니는 데,교육 중 '교육'을 판매·제공하는 매장,train,교육,T4 구어·문장,96d75700-a4cc-4c7c-ad2e-7c9fe23c6d2e,뮤엠영어다산가람점,학원,다산예스프라자 골목형상점가,골목형상점가,경기도,,,
7536aec2f78eb44edb3d,full_annotation_v1,A,q_교육_07,학원 다니는 데,교육 중 '교육'을 판매·제공하는 매장,train,교육,T4 구어·문장,b31bb5d1-e421-49e0-86e8-5d417caf1d44,위댄스학원,학원,소담마실길 골목형상점가,골목형상점가,세종특별자치시,,,
75a63e9760f0e3b1419d,full_annotation_v1,A,q_교육_07,학원 다니는 데,교육 중 '교육'을 판매·제공하는 매장,train,교육,T4 구어·문장,2aa1601b-649a-404f-b060-5a8b3828c446,경희대SKY태권도,학원,다산예스프라자 골목형상점가,골목형상점가,경기도,,,
7f75b0dfbb81523ebc9b,full_annotation_v1,A,q_교육_07,학원 다니는 데,교육 중 '교육'을 판매·제공하는 매장,train,교육,T4 구어·문장,28f5146c-ce1c-487d-a04f-416cf6e4d8ae,팀필주짓수,교육,아름동상점가,자율상권구역,세종특별자치시,,,
2b97f17eca910da85488,full_annotation_v1,A,q_교육_07,학원 다니는 데,교육 중 '교육'을 판매·제공하는 매장,train,교육,T4 구어·문장,be11f956-3cfc-4909-9e92-d04da5708703,라별음악학원,교육,하남 골목형상점가,골목형상점가,광주광역시,,,
e43dd83c2f6d37907db0,full_annotation_v1,A,q_교육_07,학원 다니는 데,교육 중 '교육'을 판매·제공하는 매장,train,교육,T4 구어·문장,44aa574e-fbcf-4cde-ae48-a563c0d1cd96,민튼즈실용음악학원,학원,운수대통 골목형상점가,골목형상점가,광주광역시,,,
03e88fba9ca53b2ad2a8,full_annotation_v1,A,q_교육_07,학원 다니는 데,교육 중 '교육'을 판매·제공하는 매장,train,교육,T4 구어·문장,38a09c72-6522-4919-914c-f788c03190ee,에릭칼아트잉글리쉬스튜디오학원,학원,다정중앙 골목형상점가,골목형상점가,세종특별자치시,,,
54ceb7d4c1cc8b1ee49d,full_annotation_v1,A,q_교육_07,학원 다니는 데,교육 중 '교육'을 판매·제공하는 매장,train,교육,T4 구어·문장,c7278fa7-0db0-4f58-932c-26496c2a73c2,다니엘패션,의류,아름다운별장거리골목형상점가,골목형상점가,서울특별시,,,
9741d45322bbcd61775a,full_annotation_v1,A,q_교육_07,학원 다니는 데,교육 중 '교육'을 판매·제공하는 매장,train,교육,T4 구어·문장,a827f9f0-9ba0-4702-bf19-5401f4a8acb3,이성식기타전문학원,학원,천천중심상가 골목형상점가,골목형상점가,경기도,,,
885811f01bc16d1d0eee,full_annotation_v1,A,q_교육_07,학원 다니는 데,교육 중 '교육'을 판매·제공하는 매장,train,교육,T4 구어·문장,014931f7-6b34-46d5-9a7c-c9110c79a186,쁘띠아트미술학원,교육,보정중심 골목형상점가,골목형상점가,경기도,,,
48429735805d4e49d3e6,full_annotation_v1,A,q_교육_07,학원 다니는 데,교육 중 '교육'을 판매·제공하는 매장,train,교육,T4 구어·문장,fdb8321f-0edc-4f16-a40f-60d45bded6ca,광주속기학원,교육 학원,"금남로1,2,3가 골목형상점가",골목형상점가,광주광역시,,,
8cd4517a57b38670e1b0,full_annotation_v1,A,q_교육_07,학원 다니는 데,교육 중 '교육'을 판매·제공하는 매장,train,교육,T4 구어·문장,5e471d75-111a-4e7d-9e27-c1bc3ca775cb,향유랑,참기름,강남개포시장(구 개포2동중심상점가),자율상권구역,서울특별시,,,
4d65a52441aa057ee900,full_annotation_v1,A,q_교육_07,학원 다니는 데,교육 중 '교육'을 판매·제공하는 매장,train,교육,T4 구어·문장,de49e568-01a7-41e0-ae91-37458c89580d,책통클럽,교육,아름동상점가,자율상권구역,세종특별자치시,,,
7ac8e62f74c85de77532,full_annotation_v1,A,q_교육_07,학원 다니는 데,교육 중 '교육'을 판매·제공하는 매장,train,교육,T4 구어·문장,80c4738a-934b-4b41-9de9-a82a5967a614,천외천,한식,상봉먹자골목형상점가,골목형상점가,서울특별시,,,
86743b9619d45ec53d40,full_annotation_v1,A,q_교육_07,학원 다니는 데,교육 중 '교육'을 판매·제공하는 매장,train,교육,T4 구어·문장,dcbb9d7e-989c-4bf4-90a3-e39d80462921,봄봄,교육,빛가람 하나로 골목형상점가,골목형상점가,전라남도,,,
f48ac844aa9fbf4aba67,full_annotation_v1,A,q_교육_07,학원 다니는 데,교육 중 '교육'을 판매·제공하는 매장,train,교육,T4 구어·문장,010382b4-561d-43c7-848c-cdfed4f4d93d,문성당서점,서적 교육용씨디 비디오 문구 자료처리,부안석정 골목형상점가,골목형상점가,전북특별자치도,,,
2c1d0973595953ee9099,full_annotation_v1,A,q_교육_07,학원 다니는 데,교육 중 '교육'을 판매·제공하는 매장,train,교육,T4 구어·문장,0dbdb4e1-3d4b-49b2-bd4e-6a8a930a3f56,아이소리학원,학원,송도 타임스페이스 골목형상점가,골목형상점가,인천광역시,,,
71a3948c252524c2c916,full_annotation_v1,A,q_교육_07,학원 다니는 데,교육 중 '교육'을 판매·제공하는 매장,train,교육,T4 구어·문장,195edc3e-2630-4970-8890-7af4ab0a892b,낙낙화실,교육 서비스,산본로데오거리(구 산본중심상가),자율상권구역,경기도,,,
a01c551ce63c5e5c8ee5,full_annotation_v1,A,q_교육_07,학원 다니는 데,교육 중 '교육'을 판매·제공하는 매장,train,교육,T4 구어·문장,6af04d25-a2c1-4d6f-b780-1f9c59379477,88상회,속옷,부천자유시장,전통시장,경기도,,,
5cdf96d5659d22f82bc7,full_annotation_v1,A,q_교육_07,학원 다니는 데,교육 중 '교육'을 판매·제공하는 매장,train,교육,T4 구어·문장,83a5b6b1-2220-46fd-b093-e9fcb47befc6,장대태권도,학원,장대동패션상가 골목형상점가,골목형상점가,대전광역시,,,
5dd2273205f6fa33c096,full_annotation_v1,A,q_교육_07,학원 다니는 데,교육 중 '교육'을 판매·제공하는 매장,train,교육,T4 구어·문장,f14df4d3-9858-4a8b-8597-20fd477d8e32,갤러리 데 루치아,가구,용인어정가구단지상점가,자율상권구역,경기도,,,
5bdf8a03de96ba9d9e94,full_annotation_v1,A,q_교육_07,학원 다니는 데,교육 중 '교육'을 판매·제공하는 매장,train,교육,T4 구어·문장,82f5ecba-aeba-4509-937e-acd2c48500d7,패스트런,학원,장대동패션상가 골목형상점가,골목형상점가,대전광역시,,,
f26f2b1ef574a32274d9,full_annotation_v1,A,q_교육_07,학원 다니는 데,교육 중 '교육'을 판매·제공하는 매장,train,교육,T4 구어·문장,db3049be-d927-401a-b87c-76e92e870ff3,제이음악학원,학원,고운마음 골목형상점가,골목형상점가,세종특별자치시,,,
c1b64c33536cce463b72,full_annotation_v1,A,q_교육_07,학원 다니는 데,교육 중 '교육'을 판매·제공하는 매장,train,교육,T4 구어·문장,282b0e8b-051c-49f9-a707-b982df803589,까라벨라 데 오르,스파게티,동명동 카페거리 골목형상점가,골목형상점가,광주광역시,,,
0649986ec20dff1a7799,full_annotation_v1,A,q_교육_07,학원 다니는 데,교육 중 '교육'을 판매·제공하는 매장,train,교육,T4 구어·문장,208f8318-71f8-482b-9b23-d5e4bc45056d,화성회관,한식,대남마주길 골목형상점가,골목형상점가,광주광역시,,,
ea07a0d0543548a90a8e,full_annotation_v1,A,q_교육_07,학원 다니는 데,교육 중 '교육'을 판매·제공하는 매장,train,교육,T4 구어·문장,a9e987d4-863a-4225-a3ae-b786f3dc617e,스팀융합미술학원,학원 서비스,효천로 골목형상점가,골목형상점가,광주광역시,,,
0e9683b460c9fe54f085,full_annotation_v1,A,q_교육_07,학원 다니는 데,교육 중 '교육'을 판매·제공하는 매장,train,교육,T4 구어·문장,029c9be5-681a-4e33-b8c9-d53c519c4ee4,그라시아음악교습소,,보람동 호려울 골목형상점가,골목형상점가,세종특별자치시,,,
443e7c89be7094af255d,full_annotation_v1,A,q_교육_07,학원 다니는 데,교육 중 '교육'을 판매·제공하는 매장,train,교육,T4 구어·문장,e2dd6378-544b-4666-b013-ef4ce325adef,우리들피아노,학원,한솔동 5~6단지상점가,자율상권구역,세종특별자치시,,,
c87e9a46257fde494000,full_annotation_v1,A,q_교육_07,학원 다니는 데,교육 중 '교육'을 판매·제공하는 매장,train,교육,T4 구어·문장,ef101229-2ded-49f9-8ddc-a8b3285a03e0,브레그하임제과,제과,오치주공 골목형상점가,골목형상점가,광주광역시,,,
c30d6b5277d9ee376010,full_annotation_v1,A,q_교육_07,학원 다니는 데,교육 중 '교육'을 판매·제공하는 매장,train,교육,T4 구어·문장,e52fe732-6d2b-40bc-96b9-eb24d45a1f8c,피아노와함께피아노교습소,학원,온누리상인회 골목형상점가,골목형상점가,광주광역시,,,
24229e8553e9e18b6b91,full_annotation_v1,A,q_교육_07,학원 다니는 데,교육 중 '교육'을 판매·제공하는 매장,train,교육,T4 구어·문장,00b25125-d398-4ecd-b7c9-38a5a5ceef62,에이비에이(ABA)코칭센터,"교육서비스, 상담",하기동 골목형상점가,골목형상점가,대전광역시,,,
3378803f43732fea470a,full_annotation_v1,A,q_교육_07,학원 다니는 데,교육 중 '교육'을 판매·제공하는 매장,train,교육,T4 구어·문장,4b363b50-e7c1-4e5d-bc84-29c90838dc60,새롬음악학원,교육,새롬동 골목형상점가,골목형상점가,세종특별자치시,,,
5b521b3d21846c577013,full_annotation_v1,A,q_교육_07,학원 다니는 데,교육 중 '교육'을 판매·제공하는 매장,train,교육,T4 구어·문장,3c63bf43-1ae1-43bc-b272-b9e43c1c3b2c,에이플랫성악,교육,나릿재 골목형상점가,골목형상점가,세종특별자치시,,,
34895397e22b836a3503,full_annotation_v1,A,q_교육_07,학원 다니는 데,교육 중 '교육'을 판매·제공하는 매장,train,교육,T4 구어·문장,8c0e9113-f2f2-42e2-becb-339e605315ce,목련태권도,교육,운남더존 골목형상점가,골목형상점가,광주광역시,,,
1b819c415fcf2574caaa,full_annotation_v1,A,q_교육_07,학원 다니는 데,교육 중 '교육'을 판매·제공하는 매장,train,교육,T4 구어·문장,c831ad22-b526-47bc-a17a-700336aef422,센트럴태권도,교육,계림그랜드센트럴 골목형상점가,골목형상점가,광주광역시,,,
57f8b9b6d8e1a8983518,full_annotation_v1,A,q_교육_07,학원 다니는 데,교육 중 '교육'을 판매·제공하는 매장,train,교육,T4 구어·문장,80f061da-e6c0-4beb-905e-f4998d4f3283,윤선생영어숲방림학원,학원,큰방림길 골목형상점가,골목형상점가,광주광역시,,,
1a38f17f5add36f770c6,full_annotation_v1,A,q_교육_07,학원 다니는 데,교육 중 '교육'을 판매·제공하는 매장,train,교육,T4 구어·문장,ad1aa746-b6e0-4c9c-90f8-4605ccd111db,한들음악학원,교육,"지웰시티몰 1,2단지 골목형상점가",골목형상점가,충청남도,,,
b0d33338187b21b7ee30,full_annotation_v1,A,q_교육_07,학원 다니는 데,교육 중 '교육'을 판매·제공하는 매장,train,교육,T4 구어·문장,02f0d2df-412f-4757-9c4c-b3a40267f829,스타무용학원,무용학원,매곡 가인 골목형상점가,골목형상점가,광주광역시,,,
871f7eccb6c0e758d2a1,full_annotation_v1,A,q_교육_07,학원 다니는 데,교육 중 '교육'을 판매·제공하는 매장,train,교육,T4 구어·문장,03c7b72f-3a1a-4668-a9af-7cafb86e322b,맘스리치 홈케어,매트,㈜르네시떼,전통시장,부산광역시,,,
43ac5ea448c3f866c8b9,full_annotation_v1,A,q_교육_07,학원 다니는 데,교육 중 '교육'을 판매·제공하는 매장,train,교육,T4 구어·문장,795ce7f4-8aaa-400f-a9a0-49b06c6b7a38,JB음악학원,교육,아름동상점가,자율상권구역,세종특별자치시,,,
ccb7c28a121819625237,full_annotation_v1,A,q_교육_07,학원 다니는 데,교육 중 '교육'을 판매·제공하는 매장,train,교육,T4 구어·문장,8a21b930-e4c9-42be-8de3-145c17945628,버크앤리어학원,학원,보람동 골목형상점가,골목형상점가,세종특별자치시,,,
f0b46536a4f95ef78385,full_annotation_v1,A,q_교육_07,학원 다니는 데,교육 중 '교육'을 판매·제공하는 매장,train,교육,T4 구어·문장,6b3d5eaf-309f-4ed4-b960-61a2be8cc209,스마일필라테스,교육,임동오거리 골목형상점가,골목형상점가,광주광역시,,,
f628579cd613436b2abe,full_annotation_v1,A,q_교육_07,학원 다니는 데,교육 중 '교육'을 판매·제공하는 매장,train,교육,T4 구어·문장,c31b362b-64ac-4465-99e7-10d71b866115,수이,학원,치동천 수변상가,자율상권구역,경기도,,,
01d77c08da6ab5675354,full_annotation_v1,A,q_교육_07,학원 다니는 데,교육 중 '교육'을 판매·제공하는 매장,train,교육,T4 구어·문장,0c47c16a-3c5d-4430-9f65-0d50442db32b,피아노스토리,피아노교습소,수완중흥대방 골목형상점가,골목형상점가,광주광역시,,,
0fba61902968fae6a325,full_annotation_v1,A,q_교육_07,학원 다니는 데,교육 중 '교육'을 판매·제공하는 매장,train,교육,T4 구어·문장,87ba2dff-fd7c-4004-95f9-af3438e9830e,서울뮤직음악학원,학원,남사한숲 골목형상점가,골목형상점가,경기도,,,
f0ee194d8bda93484cac,full_annotation_v1,A,q_교육_07,학원 다니는 데,교육 중 '교육'을 판매·제공하는 매장,train,교육,T4 구어·문장,45840f91-2726-467a-850e-51c8b0791875,하람음악학원,학원,롯데 리치빌골목형상점가,골목형상점가,대전광역시,,,
d70b71a4740f07d7cfb5,full_annotation_v1,A,q_교육_07,학원 다니는 데,교육 중 '교육'을 판매·제공하는 매장,train,교육,T4 구어·문장,577246f5-7388-4c74-a5c7-57f3da8df2c0,엘리제음악학원,학원,수완사랑 골목형상점가,골목형상점가,광주광역시,,,
18b8a0da8538798c98f3,full_annotation_v1,A,q_교육_07,학원 다니는 데,교육 중 '교육'을 판매·제공하는 매장,train,교육,T4 구어·문장,00594901-8fad-449d-b608-ba4326ab8522,에반스뮤직아카데미음악교습소EvansMusicAcadem,음악교습소,효덕마을 골목형상점가,골목형상점가,광주광역시,,,
afa32d4683e9e0c71a06,full_annotation_v1,A,q_교육_07,학원 다니는 데,교육 중 '교육'을 판매·제공하는 매장,train,교육,T4 구어·문장,d625bab5-9584-44b6-9b48-4c875cec0809,심포니아실용음악학원,학원,장대동패션상가 골목형상점가,골목형상점가,대전광역시,,,
d0ea56768484719ca72f,full_annotation_v1,A,q_교육_07,학원 다니는 데,교육 중 '교육'을 판매·제공하는 매장,train,교육,T4 구어·문장,01f69f52-7c70-4a08-a14c-785ba50fc78c,뮤직엣지음악학원,,천왕마을 골목형상점가,골목형상점가,서울특별시,,,
2e484b6191c2debf4cc5,full_annotation_v1,A,q_교육_07,학원 다니는 데,교육 중 '교육'을 판매·제공하는 매장,train,교육,T4 구어·문장,dc53dd40-cef9-4aaf-b7ef-4a6ab335ed23,청주농약종묘사,농약.비료.씨앗.모종.농자재,청주육거리종합시장,전통시장,충청북도,,,
9f4f285d6fba1a390776,full_annotation_v1,A,q_교육_07,학원 다니는 데,교육 중 '교육'을 판매·제공하는 매장,train,교육,T4 구어·문장,1541f2d6-a9a8-4d04-b131-008cf212888a,켈로짐,교육,배방월천 골목형상점가,골목형상점가,충청남도,,,
941ada2aff6faee5ec0b,full_annotation_v1,A,q_교육_07,학원 다니는 데,교육 중 '교육'을 판매·제공하는 매장,train,교육,T4 구어·문장,21b9be07-6f0c-4784-8371-6b007a06416d,달리미술,교육,아름드리 골목형상점가,골목형상점가,세종특별자치시,,,
4ea7b3f6eab771b0c365,full_annotation_v1,A,q_교육_07,학원 다니는 데,교육 중 '교육'을 판매·제공하는 매장,train,교육,T4 구어·문장,43ad5d85-b3b1-4394-990a-52b5d58bead0,현아트미술교습소,학원,상인화성파크 골목형상점가,골목형상점가,대구광역시,,,
45a2e435bca11fef8f1a,full_annotation_v1,A,q_교육_07,학원 다니는 데,교육 중 '교육'을 판매·제공하는 매장,train,교육,T4 구어·문장,a31987f0-3488-4d79-8c1e-705caff3a048,인앤원학원,학원,의왕도깨비시장,전통시장,경기도,,,
b7a4ed11050dd9984416,full_annotation_v1,A,q_교육_07,학원 다니는 데,교육 중 '교육'을 판매·제공하는 매장,train,교육,T4 구어·문장,e1801715-0fce-403f-b6b4-5c0dfe3d1835,뮤직플라츠 음악학원,학원,월곡달빛오거리골목형상점가,골목형상점가,서울특별시,,,
e6371715fd8f20446b39,full_annotation_v1,A,q_교육_07,학원 다니는 데,교육 중 '교육'을 판매·제공하는 매장,train,교육,T4 구어·문장,328af5b4-dc72-4e59-9430-0b8bec7ca7fd,백만전백화점,음식점(전),수유시장,전통시장,서울특별시,,,
6b1f5c8e5d8056e99614,full_annotation_v1,A,q_교육_07,학원 다니는 데,교육 중 '교육'을 판매·제공하는 매장,train,교육,T4 구어·문장,01198069-e953-469c-a9ba-cdbde430ca5e,꿈샘음악교습소,피아노 교습,겸재한신길 골목형상점가,골목형상점가,서울특별시,,,
4fcb1d9f0a54a02562ac,full_annotation_v1,A,q_교육_07,학원 다니는 데,교육 중 '교육'을 판매·제공하는 매장,train,교육,T4 구어·문장,01081bcc-863e-4cd3-9948-f65e19202042,아트펀미술학원,미술,문흥2동 골목형상점가,골목형상점가,광주광역시,,,
ebb95b9a47d7932cb4c6,full_annotation_v1,A,q_교육_07,학원 다니는 데,교육 중 '교육'을 판매·제공하는 매장,train,교육,T4 구어·문장,02f75e9d-cd24-473b-9635-4a6f5aba71ed,피아노맘피아노교습소,피아노교습,새미래 골목형상점가,골목형상점가,대전광역시,,,
f928ea7f259100fbe5c6,full_annotation_v1,A,q_교육_07,학원 다니는 데,교육 중 '교육'을 판매·제공하는 매장,train,교육,T4 구어·문장,915f0e71-3a17-4564-8f2d-3330685fc3fe,세종간호전문학원,학원,장대동패션상가 골목형상점가,골목형상점가,대전광역시,,,
ce1b560c9e28384f6995,full_annotation_v1,A,q_교육_07,학원 다니는 데,교육 중 '교육'을 판매·제공하는 매장,train,교육,T4 구어·문장,065d792e-50fc-4416-b759-bbf7eae7dce4,솔라피아노교습소,,퀸덤3단지골목형상점가,골목형상점가,부산광역시,,,
194052c584594bb64ddd,full_annotation_v1,A,q_교육_07,학원 다니는 데,교육 중 '교육'을 판매·제공하는 매장,train,교육,T4 구어·문장,5f0fa302-d8f5-45b8-9903-63a7887d7d4b,이루다음악학원,학원,서초쇼핑골목형상점가,골목형상점가,서울특별시,,,
a2616365a2d876ba2d2b,full_annotation_v1,A,q_교육_07,학원 다니는 데,교육 중 '교육'을 판매·제공하는 매장,train,교육,T4 구어·문장,36609f07-31a4-4d06-9ea2-8f5dd452c680,주식회사아람미트,축산물,마장축산물시장,전통시장,서울특별시,,,
148c480e9f79e6e4a362,full_annotation_v1,A,q_교육_07,학원 다니는 데,교육 중 '교육'을 판매·제공하는 매장,train,교육,T4 구어·문장,c939bf90-1fa7-41d4-b52e-813ecfa856b1,탐나라,의류,역전지하상가,일반지하상점가,대전광역시,,,
2670a0f17550a067f0e1,full_annotation_v1,A,q_교육_07,학원 다니는 데,교육 중 '교육'을 판매·제공하는 매장,train,교육,T4 구어·문장,11733627-36cf-42f7-a020-0b156b648130,설화피아노 학원,,초원 골목형상점가,골목형상점가,충청남도,,,
dc94bc4ea54480178704,full_annotation_v1,A,q_교육_07,학원 다니는 데,교육 중 '교육'을 판매·제공하는 매장,train,교육,T4 구어·문장,eb363b85-6286-4cbd-b505-436cb757b0a7,사유한자어학원,교육,새롬동 골목형상점가,골목형상점가,세종특별자치시,,,
6a4547a6a7fa80a60d07,full_annotation_v1,A,q_교육_08,교육추천,교육 중 '교육'을 판매·제공하는 매장,train,교육,T6 기계변형,4fbabc49-4ebc-4e5c-a8de-37304dae95de,피자마루,피자,무거현대시장,골목형상점가,울산광역시,,,
0c09407a5bb4535e1707,full_annotation_v1,A,q_교육_08,교육추천,교육 중 '교육'을 판매·제공하는 매장,train,교육,T6 기계변형,54d99933-5e09-43f4-8485-115d8733113a,교동봉투,잡화,부산자유시장,전통시장,부산광역시,,,
09d0cddc4896e2976832,full_annotation_v1,A,q_교육_08,교육추천,교육 중 '교육'을 판매·제공하는 매장,train,교육,T6 기계변형,f0d3d1ba-dca1-4826-a03a-3ab50f7437b0,뮤터음악학원,교육,첨단하나로,골목형상점가,광주광역시,,,
806170bdb50b9c2c8133,full_annotation_v1,A,q_교육_08,교육추천,교육 중 '교육'을 판매·제공하는 매장,train,교육,T6 기계변형,0181a9ad-d2dd-43dc-a661-52371dfa6103,엘피아노음악교습소,피아노 레슨,효천2지구 골목형상점가,골목형상점가,광주광역시,,,
eebceb33c8054919695c,full_annotation_v1,A,q_교육_08,교육추천,교육 중 '교육'을 판매·제공하는 매장,train,교육,T6 기계변형,6b3d5eaf-309f-4ed4-b960-61a2be8cc209,스마일필라테스,교육,임동오거리 골목형상점가,골목형상점가,광주광역시,,,
2b1240fb2c55ee484e37,full_annotation_v1,A,q_교육_08,교육추천,교육 중 '교육'을 판매·제공하는 매장,train,교육,T6 기계변형,eb363b85-6286-4cbd-b505-436cb757b0a7,사유한자어학원,교육,새롬동 골목형상점가,골목형상점가,세종특별자치시,,,
0048e61b190592b35285,full_annotation_v1,A,q_교육_08,교육추천,교육 중 '교육'을 판매·제공하는 매장,train,교육,T6 기계변형,cb482d79-d1e0-42ac-bb5d-a211db4e83d8,세라쥬얼리,귀금속,골드테마거리,전통시장,부산광역시,,,
5d86ef3abf8e5870103a,full_annotation_v1,A,q_교육_08,교육추천,교육 중 '교육'을 판매·제공하는 매장,train,교육,T6 기계변형,f22ff30a-d019-472e-a968-a3b9ef244d4a,교반,,나주읍성 골목형상점가,골목형상점가,,,,
6e7024fd1bbfd9cae005,full_annotation_v1,A,q_교육_08,교육추천,교육 중 '교육'을 판매·제공하는 매장,train,교육,T6 기계변형,4b363b50-e7c1-4e5d-bc84-29c90838dc60,새롬음악학원,교육,새롬동 골목형상점가,골목형상점가,세종특별자치시,,,
9b39ef75b3f36ca6e487,full_annotation_v1,A,q_교육_08,교육추천,교육 중 '교육'을 판매·제공하는 매장,train,교육,T6 기계변형,0ddcc19c-8745-4f35-93eb-14b3b618a206,교호커피,커피,종로5가역일번출구상점가,자율상권구역,서울특별시,,,
71a1cf3585ba1c541d7f,full_annotation_v1,A,q_교육_08,교육추천,교육 중 '교육'을 판매·제공하는 매장,train,교육,T6 기계변형,f7cccb40-6bc3-4a33-93ba-3242dd03f435,다독영어,교육,계림아이파크SK뷰 골목형상점가,골목형상점가,광주광역시,,,
c864d82c704c8313f5fe,full_annotation_v1,A,q_교육_08,교육추천,교육 중 '교육'을 판매·제공하는 매장,train,교육,T6 기계변형,8eb8347b-8391-498e-a010-1cd8a324e701,교동사랑,한식,전주한옥마을 골목형상점가,골목형상점가,전북특별자치도,,,
4f6f00b373200f3ba2ef,full_annotation_v1,A,q_교육_08,교육추천,교육 중 '교육'을 판매·제공하는 매장,train,교육,T6 기계변형,d25403e9-026c-4917-bbe1-c47558965055,교촌식당,한식,강진읍 상권활성화구역,상권활성화구역,전라남도,,,
365fa3318ca1398c27ed,full_annotation_v1,A,q_교육_08,교육추천,교육 중 '교육'을 판매·제공하는 매장,train,교육,T6 기계변형,8c0e9113-f2f2-42e2-becb-339e605315ce,목련태권도,교육,운남더존 골목형상점가,골목형상점가,광주광역시,,,
1a6e8d612ae90f756176,full_annotation_v1,A,q_교육_08,교육추천,교육 중 '교육'을 판매·제공하는 매장,train,교육,T6 기계변형,a997e756-e6b9-426d-bc08-c8d386855349,엄마농산,농산물,고분다리시장,전통시장,서울특별시,,,
de2cbdac2b1ab78a4621,full_annotation_v1,A,q_교육_08,교육추천,교육 중 '교육'을 판매·제공하는 매장,train,교육,T6 기계변형,f7adc09d-e5c5-465f-bbbb-7886dce781f8,나니발레,교육,효천2지구 골목형상점가,골목형상점가,광주광역시,,,
b2bb39178583ada4dbbf,full_annotation_v1,A,q_교육_08,교육추천,교육 중 '교육'을 판매·제공하는 매장,train,교육,T6 기계변형,003b433e-01fc-4ef0-9dc8-a06376b015e4,캘리그라피글꼴,광고디자인 원화디자인 기타교육지원서비,동가재미 골목형상점가,골목형상점가,전북특별자치도,,,
3756918409701d9e991d,full_annotation_v1,A,q_교육_08,교육추천,교육 중 '교육'을 판매·제공하는 매장,train,교육,T6 기계변형,1541f2d6-a9a8-4d04-b131-008cf212888a,켈로짐,교육,배방월천 골목형상점가,골목형상점가,충청남도,,,
44619b2ea8f63bc86c06,full_annotation_v1,A,q_교육_08,교육추천,교육 중 '교육'을 판매·제공하는 매장,train,교육,T6 기계변형,623ffc57-81b0-4aa3-b5b0-749007d4653c,교방수산,수산물,마산가고파수산시장,전통시장,경상남도,,,
54920acab1fed9d8abdc,full_annotation_v1,A,q_교육_08,교육추천,교육 중 '교육'을 판매·제공하는 매장,train,교육,T6 기계변형,02432c0f-8e7a-477c-a263-a5af2337acaf,세종루체음악학원,피아노학원,새롬동 골목형상점가,골목형상점가,세종특별자치시,,,
49cea05c089aceef767d,full_annotation_v1,A,q_교육_08,교육추천,교육 중 '교육'을 판매·제공하는 매장,train,교육,T6 기계변형,27b2e371-1f67-4a21-8908-f7eb4881121a,교다이,음식,조대장미의거리 상점가,자율상권구역,광주광역시,,,
57aedc724718fbe2de31,full_annotation_v1,A,q_교육_08,교육추천,교육 중 '교육'을 판매·제공하는 매장,train,교육,T6 기계변형,7680df8d-107d-41fc-b8e5-fd9d4bca1170,EJ브리튼어학원,교육,다정중앙 골목형상점가,골목형상점가,세종특별자치시,,,
11f4604a151a5599b5e1,full_annotation_v1,A,q_교육_08,교육추천,교육 중 '교육'을 판매·제공하는 매장,train,교육,T6 기계변형,a3dc6940-00ef-45fa-bcaf-2acbe2d88291,교반,한식,오정동상점가,자율상권구역,대전광역시,,,
ef7ea56074abc78c1f1c,full_annotation_v1,A,q_교육_08,교육추천,교육 중 '교육'을 판매·제공하는 매장,train,교육,T6 기계변형,00594901-8fad-449d-b608-ba4326ab8522,에반스뮤직아카데미음악교습소EvansMusicAcadem,음악교습소,효덕마을 골목형상점가,골목형상점가,광주광역시,,,
c4613e30d076d3b26179,full_annotation_v1,A,q_교육_08,교육추천,교육 중 '교육'을 판매·제공하는 매장,train,교육,T6 기계변형,00b25125-d398-4ecd-b7c9-38a5a5ceef62,에이비에이(ABA)코칭센터,"교육서비스, 상담",하기동 골목형상점가,골목형상점가,대전광역시,,,
04c482ed78dc3e0ebeac,full_annotation_v1,A,q_교육_08,교육추천,교육 중 '교육'을 판매·제공하는 매장,train,교육,T6 기계변형,2fd85f8f-948d-4d85-b1ab-1909a9ab80ed,교동집,식당,강화풍물시장,전통시장,인천광역시,,,
acc1a4a3af391630d664,full_annotation_v1,A,q_교육_08,교육추천,교육 중 '교육'을 판매·제공하는 매장,train,교육,T6 기계변형,00684edc-9eb1-4411-a744-2ffdcf2b08b5,선경컴퓨터학원,컴퓨터학원,신월7동골목형상점가,골목형상점가,서울특별시,,,
edd322f12edd6e44b5a5,full_annotation_v1,A,q_교육_08,교육추천,교육 중 '교육'을 판매·제공하는 매장,train,교육,T6 기계변형,c17a73e9-1544-44fb-9a69-d520012197af,강호체육관,교육,용대로119번길 골목형상점가,골목형상점가,광주광역시,,,
b71f1de4b3d15a5adf66,full_annotation_v1,A,q_교육_08,교육추천,교육 중 '교육'을 판매·제공하는 매장,train,교육,T6 기계변형,df4ec77d-aafb-4123-b4ff-e446a8216e55,민속한우판매장,식육판매,포항죽도시장,전통시장,경상북도,,,
f1f644324a3767d5b68e,full_annotation_v1,A,q_교육_08,교육추천,교육 중 '교육'을 판매·제공하는 매장,train,교육,T6 기계변형,010382b4-561d-43c7-848c-cdfed4f4d93d,문성당서점,서적 교육용씨디 비디오 문구 자료처리,부안석정 골목형상점가,골목형상점가,전북특별자치도,,,
5f8177c5f65507ddf038,full_annotation_v1,A,q_교육_08,교육추천,교육 중 '교육'을 판매·제공하는 매장,train,교육,T6 기계변형,7076c221-5eb1-4ec3-a9b0-517126792522,경희한방약선발효연구소,한약재,서울약령시장,전통시장,서울특별시,,,
2482711b9f0792c751ad,full_annotation_v1,A,q_교육_08,교육추천,교육 중 '교육'을 판매·제공하는 매장,train,교육,T6 기계변형,358ced1a-42a5-4ae1-9bfb-a3b3e00cadb4,응급실국물떡볶이세종새롬점,떡볶이닭볶음탕등,나성중앙 골목형상점가,골목형상점가,세종특별자치시,,,
8b4a5707fcf56f9a8ff8,full_annotation_v1,A,q_교육_08,교육추천,교육 중 '교육'을 판매·제공하는 매장,train,교육,T6 기계변형,9eb2e7d5-9b74-4fd9-87d8-e0a7eb5c91cb,교동곰탕,,교동연합,골목형상점가,대구광역시,,,
fcca1889cc6ab7b21c9f,full_annotation_v1,A,q_교육_08,교육추천,교육 중 '교육'을 판매·제공하는 매장,train,교육,T6 기계변형,b401a79d-afc0-4c82-9637-2c2699e44da5,한스케익,케이크,풍2동 골목형상점가,골목형상점가,경기도,,,
76a3d686264e1ad24b92,full_annotation_v1,A,q_교육_08,교육추천,교육 중 '교육'을 판매·제공하는 매장,train,교육,T6 기계변형,0c47c16a-3c5d-4430-9f65-0d50442db32b,피아노스토리,피아노교습소,수완중흥대방 골목형상점가,골목형상점가,광주광역시,,,
7d0ace9dc6898087c2d6,full_annotation_v1,A,q_교육_08,교육추천,교육 중 '교육'을 판매·제공하는 매장,train,교육,T6 기계변형,029c9be5-681a-4e33-b8c9-d53c519c4ee4,그라시아음악교습소,,보람동 호려울 골목형상점가,골목형상점가,세종특별자치시,,,
ef5a71da28d9ab1a05e6,full_annotation_v1,A,q_교육_08,교육추천,교육 중 '교육'을 판매·제공하는 매장,train,교육,T6 기계변형,00c044be-2483-4a59-9e29-41cbd79cfbe4,배움태권도,교육서비스업,압촌동 골목형상점가,골목형상점가,광주광역시,,,
db29ddde566c69d79bb9,full_annotation_v1,A,q_교육_08,교육추천,교육 중 '교육'을 판매·제공하는 매장,train,교육,T6 기계변형,019e1807-6d7e-468f-be4b-2adc14e0c5a5,교반,,남평 강변도시 골목형상점가,골목형상점가,전라남도,,,
e8aee074eec5c1354931,full_annotation_v1,A,q_교육_08,교육추천,교육 중 '교육'을 판매·제공하는 매장,train,교육,T6 기계변형,3c63bf43-1ae1-43bc-b272-b9e43c1c3b2c,에이플랫성악,교육,나릿재 골목형상점가,골목형상점가,세종특별자치시,,,
dcc1d6c84c6b899d6b89,full_annotation_v1,A,q_교육_08,교육추천,교육 중 '교육'을 판매·제공하는 매장,train,교육,T6 기계변형,ce52c062-d001-46b8-84a7-ed834b32be87,태양상회,,부전시장,전통시장,부산광역시,,,
836c3a751fccf66ed7ad,full_annotation_v1,A,q_교육_08,교육추천,교육 중 '교육'을 판매·제공하는 매장,train,교육,T6 기계변형,28f5146c-ce1c-487d-a04f-416cf6e4d8ae,팀필주짓수,교육,아름동상점가,자율상권구역,세종특별자치시,,,
2a926201cbe05e64f0af,full_annotation_v1,A,q_교육_08,교육추천,교육 중 '교육'을 판매·제공하는 매장,train,교육,T6 기계변형,72c5e266-a585-453f-99d2-65454a05f11d,엔젤음악학원,교육,빛가람 로데오 골목형상점가,골목형상점가,전라남도,,,
5af9b02e72b1086a2a48,full_annotation_v1,A,q_교육_08,교육추천,교육 중 '교육'을 판매·제공하는 매장,train,교육,T6 기계변형,a7940619-5ac9-40f7-ad14-6d9d42f17e9c,교꾸스시,음식점,용강동상점가,자율상권구역,서울특별시,,,
fc0e4e99d9147579a1a5,full_annotation_v1,A,q_교육_08,교육추천,교육 중 '교육'을 판매·제공하는 매장,train,교육,T6 기계변형,01f69f52-7c70-4a08-a14c-785ba50fc78c,뮤직엣지음악학원,,천왕마을 골목형상점가,골목형상점가,서울특별시,,,
a96fce1e0f9f2e4e21e8,full_annotation_v1,A,q_교육_08,교육추천,교육 중 '교육'을 판매·제공하는 매장,train,교육,T6 기계변형,6cd7942a-5653-4c21-a9bf-05e63448716d,드림로봇학원,교육,소사벌 골목형상점가,골목형상점가,경기도,,,
fc14f29fb8a133ffac09,full_annotation_v1,A,q_교육_08,교육추천,교육 중 '교육'을 판매·제공하는 매장,train,교육,T6 기계변형,057e3bac-e1b9-45c2-8bad-ca93a79011e9,삼진,"교재, 교구, 완구",동대문문구완구거리,자율상권구역,서울특별시,,,
0b694d9abcfbcbc0e3c1,full_annotation_v1,A,q_교육_08,교육추천,교육 중 '교육'을 판매·제공하는 매장,train,교육,T6 기계변형,60aa103a-4d76-46dd-ad41-27a60936911b,더포스학원,교육,효천로 골목형상점가,골목형상점가,광주광역시,,,
79396821dabb93466f8c,full_annotation_v1,A,q_교육_08,교육추천,교육 중 '교육'을 판매·제공하는 매장,train,교육,T6 기계변형,e202c796-4cc0-4963-9486-ff0356daf1e6,명문사,교적,평창올림픽시장(평창전통시장),전통시장,강원특별자치도,,,
857cfd1862b2a6e74ec3,full_annotation_v1,A,q_교육_08,교육추천,교육 중 '교육'을 판매·제공하는 매장,train,교육,T6 기계변형,093223fc-30fc-4774-9283-34215300403c,교짬,중식,영주로상권,자율상권구역,경상북도,,,
d298d802b3a460695c07,full_annotation_v1,A,q_교육_08,교육추천,교육 중 '교육'을 판매·제공하는 매장,train,교육,T6 기계변형,10c75c3f-7f86-4d6c-8c24-a2dcfc49930f,교석서점,서적,전곡로데오거리 골목형상점가,골목형상점가,경기도,,,
6a002f07da480ed5baaa,full_annotation_v1,A,q_교육_08,교육추천,교육 중 '교육'을 판매·제공하는 매장,train,교육,T6 기계변형,02dde4f0-2859-478f-8fc6-bbb4fe2a2895,더샆 음악학원,피아노,수완하나로 골목형상점가,골목형상점가,광주광역시,,,
6b5133d3512fe263b6ca,full_annotation_v1,A,q_교육_08,교육추천,교육 중 '교육'을 판매·제공하는 매장,train,교육,T6 기계변형,684ec6d2-a727-4a30-9198-740a0a472d76,영재개발놀이원,교재 교구 교과서,과천슈르탑 골목형상점가,골목형상점가,경기도,,,
52955b9daf08099bccfe,full_annotation_v1,A,q_교육_08,교육추천,교육 중 '교육'을 판매·제공하는 매장,train,교육,T6 기계변형,d848d2ef-d18f-42a5-ad0f-96c04ac9250c,힘과균형필라테스,교육,운천상무시장 골목형상점가,골목형상점가,광주광역시,,,
8caa959529af2edbcb59,full_annotation_v1,A,q_교육_08,교육추천,교육 중 '교육'을 판매·제공하는 매장,train,교육,T6 기계변형,02cfd6c1-16d7-43bb-9b52-8c2f42d0269e,에녹실용음악학원,실용음악학원,귀인동먹거리촌 골목형상점가,골목형상점가,경기도,,,
97b8bcee69c4d5afb159,full_annotation_v1,A,q_교육_08,교육추천,교육 중 '교육'을 판매·제공하는 매장,train,교육,T6 기계변형,02f75e9d-cd24-473b-9635-4a6f5aba71ed,피아노맘피아노교습소,피아노교습,새미래 골목형상점가,골목형상점가,대전광역시,,,
f00f807768a02bc91e67,full_annotation_v1,A,q_교육_08,교육추천,교육 중 '교육'을 판매·제공하는 매장,train,교육,T6 기계변형,21b9be07-6f0c-4784-8371-6b007a06416d,달리미술,교육,아름드리 골목형상점가,골목형상점가,세종특별자치시,,,
5f8dc3a8414281905c01,full_annotation_v1,A,q_교육_08,교육추천,교육 중 '교육'을 판매·제공하는 매장,train,교육,T6 기계변형,a797ca3b-0d5c-4e77-8daa-18a5802616a2,이지짐,교육 서비스,남문로 어울림 골목 골목형상점가,골목형상점가,광주광역시,,,
16b6383622962aff0a38,full_annotation_v1,A,q_교육_08,교육추천,교육 중 '교육'을 판매·제공하는 매장,train,교육,T6 기계변형,d64437fe-016a-4357-be45-4e6b33fdbed1,한스예술센터,교육,매곡 사랑길 골목형상점가,골목형상점가,광주광역시,,,
19020003d22969c63760,full_annotation_v1,A,q_교육_08,교육추천,교육 중 '교육'을 판매·제공하는 매장,train,교육,T6 기계변형,ed3b2abc-2d05-4508-95bc-44024f0034dd,사라요가,교육,오류동 특화거리 상점가,자율상권구역,대전광역시,,,
643169a54b0455ff0828,full_annotation_v1,A,q_교육_08,교육추천,교육 중 '교육'을 판매·제공하는 매장,train,교육,T6 기계변형,051e49b4-b94d-4476-8cad-a86c43ac55b1,짐랩,스포츠 교육,반월신영통상가,자율상권구역,경기도,,,
0164d370af0c4b81fe24,full_annotation_v1,A,q_교육_08,교육추천,교육 중 '교육'을 판매·제공하는 매장,train,교육,T6 기계변형,a3c627fb-b38a-4abd-827c-e05c60d9eddc,교토야,한식,탄방동 골목형상점가,골목형상점가,대전광역시,,,
17cc6639146f4c018708,full_annotation_v1,A,q_교육_08,교육추천,교육 중 '교육'을 판매·제공하는 매장,train,교육,T6 기계변형,0d5ab7e0-1a6f-4355-92eb-fb81f4b9f03f,그림과향기,교육,천상일길 골목형상점가,골목형상점가,울산광역시,,,
fac1ef2361178ba3d1bb,full_annotation_v1,A,q_교육_08,교육추천,교육 중 '교육'을 판매·제공하는 매장,train,교육,T6 기계변형,10464b82-451f-4908-8d04-707560f501a1,주형사,타올,부산남문시장,전통시장,부산광역시,,,
9e5f8e382679dcb826af,full_annotation_v1,A,q_교육_08,교육추천,교육 중 '교육'을 판매·제공하는 매장,train,교육,T6 기계변형,02c687d7-3422-41e4-be2d-39d56a3ff206,놀작아트팝 미술교습소,교육미술,자운대 골목형상점가,골목형상점가,대전광역시,,,
095a1b4e578fa0790bbb,full_annotation_v1,A,q_교육_08,교육추천,교육 중 '교육'을 판매·제공하는 매장,train,교육,T6 기계변형,795ce7f4-8aaa-400f-a9a0-49b06c6b7a38,JB음악학원,교육,아름동상점가,자율상권구역,세종특별자치시,,,
390edf03da44e48c2c86,full_annotation_v1,A,q_교육_08,교육추천,교육 중 '교육'을 판매·제공하는 매장,train,교육,T6 기계변형,d94b03c3-c256-4904-9a9f-a505cbf1c034,교촌쌍촌1호점,치킨,상암마을상인회 골목형상점가,골목형상점가,광주광역시,,,
f688b2409279f706ba7f,full_annotation_v1,A,q_교육_08,교육추천,교육 중 '교육'을 판매·제공하는 매장,train,교육,T6 기계변형,a998f236-b81b-4826-911e-6da2de2e38ad,교동반점,,신산격종합시장 골목형상점가,골목형상점가,대구광역시,,,
81504aa045438d59b29e,full_annotation_v1,A,q_교육_08,교육추천,교육 중 '교육'을 판매·제공하는 매장,train,교육,T6 기계변형,be11f956-3cfc-4909-9e92-d04da5708703,라별음악학원,교육,하남 골목형상점가,골목형상점가,광주광역시,,,
b0e34407eb4550b1cd6b,full_annotation_v1,A,q_교육_08,교육추천,교육 중 '교육'을 판매·제공하는 매장,train,교육,T6 기계변형,4d27b97f-5d1d-4143-a5ec-b855170a2e72,교집홈,커피,첨단이웃사랑 골목형상점가,골목형상점가,광주광역시,,,
95bb2e43060fc4f5e777,full_annotation_v1,A,q_교육_08,교육추천,교육 중 '교육'을 판매·제공하는 매장,train,교육,T6 기계변형,7d59f0f8-ee3b-41ab-85bc-6714ab2c762f,교촌서재세천점,치킨,서재소상공인연합회,골목형상점가,대구광역시,,,
38a6cb1500938bc02235,full_annotation_v1,A,q_교육_08,교육추천,교육 중 '교육'을 판매·제공하는 매장,train,교육,T6 기계변형,dceafa58-0a5e-4f86-b544-91bebdb70fbc,리플어학원,교육,아름동상점가,자율상권구역,세종특별자치시,,,
17d3123a14c0766dd62e,full_annotation_v1,A,q_교육_08,교육추천,교육 중 '교육'을 판매·제공하는 매장,train,교육,T6 기계변형,a1ee8677-d16d-4e94-8710-f3e036bbcfce,도울원,교정,서현센트럴상점,골목형상점가,경기도,,,
0d5d1d7090f726bd40a0,full_annotation_v1,A,q_교육_08,교육추천,교육 중 '교육'을 판매·제공하는 매장,train,교육,T6 기계변형,91cc2ec9-1d1d-40de-9d48-2967c67dc9ab,교동시래청,한식,전주한옥마을 골목형상점가,골목형상점가,전북특별자치도,,,
1da4cf9710b3487695d3,full_annotation_v1,A,q_교육_08,교육추천,교육 중 '교육'을 판매·제공하는 매장,train,교육,T6 기계변형,01198069-e953-469c-a9ba-cdbde430ca5e,꿈샘음악교습소,피아노 교습,겸재한신길 골목형상점가,골목형상점가,서울특별시,,,
512c44826a31bdaca761,full_annotation_v1,A,q_교육_08,교육추천,교육 중 '교육'을 판매·제공하는 매장,train,교육,T6 기계변형,11878aa0-dcc4-4a0e-8482-2424a6308581,참미르태권도,교육,임방울대로 골목형상점가,골목형상점가,광주광역시,,,
cb31fb52fd5ef1384bc6,full_annotation_v1,A,q_교육_08,교육추천,교육 중 '교육'을 판매·제공하는 매장,train,교육,T6 기계변형,c2f0052b-b972-43bf-af8e-27d4b0349c9a,수영어 교습소,교육서비스,금산프라자 골목형상점가,골목형상점가,경기도,,,
1998abdc2bc8c4787e38,full_annotation_v1,A,q_교육_08,교육추천,교육 중 '교육'을 판매·제공하는 매장,train,교육,T6 기계변형,7ef71e81-aade-4b67-bdad-29f3236fc67c,교동마님댁,의류,대룡시장골목형상점가,골목형상점가,인천광역시,,,
111b3c88909e9f36f19b,full_annotation_v1,A,q_교육_08,교육추천,교육 중 '교육'을 판매·제공하는 매장,train,교육,T6 기계변형,5d7afcf3-39cb-4392-b3ac-1ea1fa4bb5a6,명곡학원,교육,창원 명서시장,전통시장,경상남도,,,
edec9ab0b9a3b1b7badf,full_annotation_v1,A,q_교육_08,교육추천,교육 중 '교육'을 판매·제공하는 매장,train,교육,T6 기계변형,db8448fb-6190-4312-b28f-e2247a56ce8d,경북사,교복,상주남문거리 골목형상점가,골목형상점가,경상북도,,,
2b13891796cd97f0abbb,full_annotation_v1,A,q_교육_08,교육추천,교육 중 '교육'을 판매·제공하는 매장,train,교육,T6 기계변형,22a94491-853d-4840-b253-418bc12c7e10,산천,,홍도 골목형상점가,골목형상점가,대전광역시,,,
9f8fe0023dc78613bbba,full_annotation_v1,A,q_교육_08,교육추천,교육 중 '교육'을 판매·제공하는 매장,train,교육,T6 기계변형,f17652df-f7e4-4c6c-922f-6573184de1e8,레콩음악학원,교육,매곡동 골목형상점가,골목형상점가,광주광역시,,,
d09b55d0442781e56e4b,full_annotation_v1,A,q_교육_08,교육추천,교육 중 '교육'을 판매·제공하는 매장,train,교육,T6 기계변형,1d373b38-de47-40cf-96fc-cfd94964b337,삼진글로벌,냉동수산물,부전시장,전통시장,부산광역시,,,
65e5c39cf036f784bd44,full_annotation_v1,A,q_교육_08,교육추천,교육 중 '교육'을 판매·제공하는 매장,train,교육,T6 기계변형,7b2114b5-7f98-4e12-a1e3-1070a99fed7f,한울음악학원,교육,동림1 골목형상점가,골목형상점가,광주광역시,,,
453082f0727380f20d84,full_annotation_v1,A,q_교육_08,교육추천,교육 중 '교육'을 판매·제공하는 매장,train,교육,T6 기계변형,0177df58-5821-49cb-a1ee-2e58aa4a9f76,전경란미술학원,미술,상암마을상인회 골목형상점가,골목형상점가,광주광역시,,,
2d3ded00550f8ac395cd,full_annotation_v1,A,q_교육_08,교육추천,교육 중 '교육'을 판매·제공하는 매장,train,교육,T6 기계변형,7753516e-b0dc-4bf0-ac3d-4e6b519194b4,교구자료상사,교구자료,나주금빛상점가,자율상권구역,전라남도,,,
24d86dcf6e0690156792,full_annotation_v1,A,q_교육_08,교육추천,교육 중 '교육'을 판매·제공하는 매장,train,교육,T6 기계변형,d06296bd-5ba2-47ff-9896-ef914535902b,팔화당 구리갈매점,육류 음식점,갈매아이&유거리 골목형상점가,골목형상점가,경기도,,,
ca6b7d52acd42800f597,full_annotation_v1,A,q_교육_08,교육추천,교육 중 '교육'을 판매·제공하는 매장,train,교육,T6 기계변형,62ca12f0-3c45-4372-be7f-dcc960510e08,언더윈,잡화,신천지시장,전통시장,부산광역시,,,
37591a0240439a961ddd,full_annotation_v1,A,q_교육_08,교육추천,교육 중 '교육'을 판매·제공하는 매장,train,교육,T6 기계변형,ad1aa746-b6e0-4c9c-90f8-4605ccd111db,한들음악학원,교육,"지웰시티몰 1,2단지 골목형상점가",골목형상점가,충청남도,,,
40a82ca63453c3bf2534,full_annotation_v1,A,q_교육_08,교육추천,교육 중 '교육'을 판매·제공하는 매장,train,교육,T6 기계변형,02f0d2df-412f-4757-9c4c-b3a40267f829,스타무용학원,무용학원,매곡 가인 골목형상점가,골목형상점가,광주광역시,,,
fe9d50357328b3ce3def,full_annotation_v1,A,q_교육_08,교육추천,교육 중 '교육'을 판매·제공하는 매장,train,교육,T6 기계변형,75de2835-764e-4f87-b435-34285ad1b6e9,태사자,교육서비스,도봉산옛길골목형상점가,골목형상점가,서울특별시,,,
7ce130f21e041faa1e05,full_annotation_v1,A,q_교육_08,교육추천,교육 중 '교육'을 판매·제공하는 매장,train,교육,T6 기계변형,de49e568-01a7-41e0-ae91-37458c89580d,책통클럽,교육,아름동상점가,자율상권구역,세종특별자치시,,,
83f5aa3b48beb095058d,full_annotation_v1,A,q_교육_08,교육추천,교육 중 '교육'을 판매·제공하는 매장,train,교육,T6 기계변형,c831ad22-b526-47bc-a17a-700336aef422,센트럴태권도,교육,계림그랜드센트럴 골목형상점가,골목형상점가,광주광역시,,,
0fa06f054eb5029feb05,full_annotation_v1,A,q_교육_08,교육추천,교육 중 '교육'을 판매·제공하는 매장,train,교육,T6 기계변형,195edc3e-2630-4970-8890-7af4ab0a892b,낙낙화실,교육 서비스,산본로데오거리(구 산본중심상가),자율상권구역,경기도,,,
51996f14fc4744f63a6d,full_annotation_v1,A,q_교육_08,교육추천,교육 중 '교육'을 판매·제공하는 매장,train,교육,T6 기계변형,bc6e319a-f3cc-414f-a13e-4c8298fc041b,주은음악학원,교육,풍암당산상인회 골목형상점가,골목형상점가,광주광역시,,,
c32dda8729d858c303a8,full_annotation_v1,A,q_교육_08,교육추천,교육 중 '교육'을 판매·제공하는 매장,train,교육,T6 기계변형,9945d8f2-432f-4751-a6af-9c2cbd790362,애돈(광주본점),한식,운암대자골 골목형상점가,골목형상점가,광주광역시,,,
9da5cafa72c7c9b7068c,full_annotation_v1,A,q_교육_08,교육추천,교육 중 '교육'을 판매·제공하는 매장,train,교육,T6 기계변형,85ba547a-3241-4566-beb6-7ab50cdaa5d5,한결태권도장,교육,운암 서영 골목형상점가,기타,광주광역시,,,
ce6822ee2e78b821843e,full_annotation_v1,A,q_교육_08,교육추천,교육 중 '교육'을 판매·제공하는 매장,train,교육,T6 기계변형,f58c7473-fcdd-4194-806d-18914ee3dccd,교동상회,,강릉중앙시장,전통시장,강원특별자치도,,,
52cad7ae28ce2aa50066,full_annotation_v1,A,q_교육_08,교육추천,교육 중 '교육'을 판매·제공하는 매장,train,교육,T6 기계변형,47adea45-738e-4767-87f8-9ae5d47f5c15,이은식어학원,교육,전남대후문골목형상점가,골목형상점가,광주광역시,,,
5959ad5052e98e367760,full_annotation_v1,A,q_교육_08,교육추천,교육 중 '교육'을 판매·제공하는 매장,train,교육,T6 기계변형,dcbb9d7e-989c-4bf4-90a3-e39d80462921,봄봄,교육,빛가람 하나로 골목형상점가,골목형상점가,전라남도,,,
fe1923b7f8698bc308e8,full_annotation_v1,A,q_교육_08,교육추천,교육 중 '교육'을 판매·제공하는 매장,train,교육,T6 기계변형,014931f7-6b34-46d5-9a7c-c9110c79a186,쁘띠아트미술학원,교육,보정중심 골목형상점가,골목형상점가,경기도,,,
3a47a4624bdbfe8136bd,full_annotation_v1,A,q_교육_08,교육추천,교육 중 '교육'을 판매·제공하는 매장,train,교육,T6 기계변형,01081bcc-863e-4cd3-9948-f65e19202042,아트펀미술학원,미술,문흥2동 골목형상점가,골목형상점가,광주광역시,,,
ffb0bcc825fe1c9f24d6,full_annotation_v1,A,q_교육_08,교육추천,교육 중 '교육'을 판매·제공하는 매장,train,교육,T6 기계변형,0165f75f-ef5b-48e9-8e9d-43ceee042b17,리브로아르츠동구센트럴점미술교습소,아동미술,계림그랜드센트럴 골목형상점가,골목형상점가,광주광역시,,,
403a9a382d41ea165d85,full_annotation_v1,A,q_교육_08,교육추천,교육 중 '교육'을 판매·제공하는 매장,train,교육,T6 기계변형,75250aac-9aa1-40ac-91fd-cc509667bb6d,김마네,김밥,다사역 골목형상점가,골목형상점가,대구광역시,,,
b0b85c239438e6d47bc9,full_annotation_v1,A,q_교육_08,교육추천,교육 중 '교육'을 판매·제공하는 매장,train,교육,T6 기계변형,80c4738a-934b-4b41-9de9-a82a5967a614,천외천,한식,상봉먹자골목형상점가,골목형상점가,서울특별시,,,
af155e452b4c6501e84f,full_annotation_v1,A,q_교육_08,교육추천,교육 중 '교육'을 판매·제공하는 매장,train,교육,T6 기계변형,ebb801a1-94a3-4037-9bc6-9f2532c3404a,꼬메르치킨다사점,,다사역 골목형상점가,골목형상점가,대구광역시,,,
46e384612032a4a59a60,full_annotation_v1,A,q_교육_08,교육추천,교육 중 '교육'을 판매·제공하는 매장,train,교육,T6 기계변형,92becc99-58a6-4154-adf6-9b65b8ccd307,이현헤어,미용업,거제 상동 골목형상점가,골목형상점가,경상남도,,,
331db4ca2f820021b510,full_annotation_v1,A,q_교육_08,교육추천,교육 중 '교육'을 판매·제공하는 매장,train,교육,T6 기계변형,000be075-07c7-4f2c-9717-15dd71125658,소이미술교습소,,한뜰누리 골목형상점가,골목형상점가,세종특별자치시,,,
6f90cdd96d762a6019e4,full_annotation_v1,A,q_교육_08,교육추천,교육 중 '교육'을 판매·제공하는 매장,train,교육,T6 기계변형,065d792e-50fc-4416-b759-bbf7eae7dce4,솔라피아노교습소,,퀸덤3단지골목형상점가,골목형상점가,부산광역시,,,
fc37bbb707dae41bc094,full_annotation_v1,A,q_교육_08,교육추천,교육 중 '교육'을 판매·제공하는 매장,train,교육,T6 기계변형,a1f200f1-8ad1-4d16-822c-6058c9b86623,교하문고,,교하중심상가 골목형상점가,골목형상점가,경기도,,,
dc23e3ab72982c3302fa,full_annotation_v1,A,q_교육_08,교육추천,교육 중 '교육'을 판매·제공하는 매장,train,교육,T6 기계변형,1c7e41ec-bcf4-424a-a92c-8e9e31dd4083,교촌반찬,,효목마을 골목형상점가,골목형상점가,대구광역시,,,
87d0904cdf0f3d156e8b,full_annotation_v1,A,q_교육_09,교윧,교육 중 '교육'을 판매·제공하는 매장,train,교육,T6 기계변형,6cd7942a-5653-4c21-a9bf-05e63448716d,드림로봇학원,교육,소사벌 골목형상점가,골목형상점가,경기도,,,
29d4ca5b9f185ef21106,full_annotation_v1,A,q_교육_09,교윧,교육 중 '교육'을 판매·제공하는 매장,train,교육,T6 기계변형,02432c0f-8e7a-477c-a263-a5af2337acaf,세종루체음악학원,피아노학원,새롬동 골목형상점가,골목형상점가,세종특별자치시,,,
2b5607662a7aa9e23e09,full_annotation_v1,A,q_교육_09,교윧,교육 중 '교육'을 판매·제공하는 매장,train,교육,T6 기계변형,7d59f0f8-ee3b-41ab-85bc-6714ab2c762f,교촌서재세천점,치킨,서재소상공인연합회,골목형상점가,대구광역시,,,
c0c205c92c7af2963897,full_annotation_v1,A,q_교육_09,교윧,교육 중 '교육'을 판매·제공하는 매장,train,교육,T6 기계변형,0165f75f-ef5b-48e9-8e9d-43ceee042b17,리브로아르츠동구센트럴점미술교습소,아동미술,계림그랜드센트럴 골목형상점가,골목형상점가,광주광역시,,,
c7de92780eb81dad90f9,full_annotation_v1,A,q_교육_09,교윧,교육 중 '교육'을 판매·제공하는 매장,train,교육,T6 기계변형,a3c627fb-b38a-4abd-827c-e05c60d9eddc,교토야,한식,탄방동 골목형상점가,골목형상점가,대전광역시,,,
7c720bbdb51414d1940e,full_annotation_v1,A,q_교육_09,교윧,교육 중 '교육'을 판매·제공하는 매장,train,교육,T6 기계변형,f58c7473-fcdd-4194-806d-18914ee3dccd,교동상회,,강릉중앙시장,전통시장,강원특별자치도,,,
b50d365ec3007be30992,full_annotation_v1,A,q_교육_09,교윧,교육 중 '교육'을 판매·제공하는 매장,train,교육,T6 기계변형,623ffc57-81b0-4aa3-b5b0-749007d4653c,교방수산,수산물,마산가고파수산시장,전통시장,경상남도,,,
9b9ee3929f3b0e7a16cc,full_annotation_v1,A,q_교육_09,교윧,교육 중 '교육'을 판매·제공하는 매장,train,교육,T6 기계변형,029c9be5-681a-4e33-b8c9-d53c519c4ee4,그라시아음악교습소,,보람동 호려울 골목형상점가,골목형상점가,세종특별자치시,,,
f09d7c0de3309d621319,full_annotation_v1,A,q_교육_09,교윧,교육 중 '교육'을 판매·제공하는 매장,train,교육,T6 기계변형,54d99933-5e09-43f4-8485-115d8733113a,교동봉투,잡화,부산자유시장,전통시장,부산광역시,,,
64440a483badfbde8d04,full_annotation_v1,A,q_교육_09,교윧,교육 중 '교육'을 판매·제공하는 매장,train,교육,T6 기계변형,000be075-07c7-4f2c-9717-15dd71125658,소이미술교습소,,한뜰누리 골목형상점가,골목형상점가,세종특별자치시,,,
25515dcd6ff050e81872,full_annotation_v1,A,q_교육_09,교윧,교육 중 '교육'을 판매·제공하는 매장,train,교육,T6 기계변형,02dde4f0-2859-478f-8fc6-bbb4fe2a2895,더샆 음악학원,피아노,수완하나로 골목형상점가,골목형상점가,광주광역시,,,
2fc3312069803d7abe6f,full_annotation_v1,A,q_교육_09,교윧,교육 중 '교육'을 판매·제공하는 매장,train,교육,T6 기계변형,91cc2ec9-1d1d-40de-9d48-2967c67dc9ab,교동시래청,한식,전주한옥마을 골목형상점가,골목형상점가,전북특별자치도,,,
dc9cc319457d8e972d9d,full_annotation_v1,A,q_교육_09,교윧,교육 중 '교육'을 판매·제공하는 매장,train,교육,T6 기계변형,0177df58-5821-49cb-a1ee-2e58aa4a9f76,전경란미술학원,미술,상암마을상인회 골목형상점가,골목형상점가,광주광역시,,,
469e49c5f841c5fdfd86,full_annotation_v1,A,q_교육_09,교윧,교육 중 '교육'을 판매·제공하는 매장,train,교육,T6 기계변형,0181a9ad-d2dd-43dc-a661-52371dfa6103,엘피아노음악교습소,피아노 레슨,효천2지구 골목형상점가,골목형상점가,광주광역시,,,
f5d1dac3546eea05e198,full_annotation_v1,A,q_교육_09,교윧,교육 중 '교육'을 판매·제공하는 매장,train,교육,T6 기계변형,d0313f91-9c5a-47fe-8b30-dc17cb03d637,휠라인티모,속옷,강진중앙로상가,자율상권구역,전라남도,,,
cfeb0f1439e3a5c64ccf,full_annotation_v1,A,q_교육_09,교윧,교육 중 '교육'을 판매·제공하는 매장,train,교육,T6 기계변형,02f75e9d-cd24-473b-9635-4a6f5aba71ed,피아노맘피아노교습소,피아노교습,새미래 골목형상점가,골목형상점가,대전광역시,,,
717329921eaf93e08c08,full_annotation_v1,A,q_교육_09,교윧,교육 중 '교육'을 판매·제공하는 매장,train,교육,T6 기계변형,02cfd6c1-16d7-43bb-9b52-8c2f42d0269e,에녹실용음악학원,실용음악학원,귀인동먹거리촌 골목형상점가,골목형상점가,경기도,,,
41fc94f41274bf91dc32,full_annotation_v1,A,q_교육_09,교윧,교육 중 '교육'을 판매·제공하는 매장,train,교육,T6 기계변형,4d27b97f-5d1d-4143-a5ec-b855170a2e72,교집홈,커피,첨단이웃사랑 골목형상점가,골목형상점가,광주광역시,,,
a6a9da770e90fb66026c,full_annotation_v1,A,q_교육_09,교윧,교육 중 '교육'을 판매·제공하는 매장,train,교육,T6 기계변형,01198069-e953-469c-a9ba-cdbde430ca5e,꿈샘음악교습소,피아노 교습,겸재한신길 골목형상점가,골목형상점가,서울특별시,,,
e86e5b9e21c24fb7fc6e,full_annotation_v1,A,q_교육_09,교윧,교육 중 '교육'을 판매·제공하는 매장,train,교육,T6 기계변형,5d7afcf3-39cb-4392-b3ac-1ea1fa4bb5a6,명곡학원,교육,창원 명서시장,전통시장,경상남도,,,
0cdd55bee1553177c264,full_annotation_v1,A,q_교육_09,교윧,교육 중 '교육'을 판매·제공하는 매장,train,교육,T6 기계변형,01f69f52-7c70-4a08-a14c-785ba50fc78c,뮤직엣지음악학원,,천왕마을 골목형상점가,골목형상점가,서울특별시,,,
2e9db607ac033483d295,full_annotation_v1,A,q_교육_09,교윧,교육 중 '교육'을 판매·제공하는 매장,train,교육,T6 기계변형,c2f0052b-b972-43bf-af8e-27d4b0349c9a,수영어 교습소,교육서비스,금산프라자 골목형상점가,골목형상점가,경기도,,,
265eddfae119e0048e5b,full_annotation_v1,A,q_교육_09,교윧,교육 중 '교육'을 판매·제공하는 매장,train,교육,T6 기계변형,db8448fb-6190-4312-b28f-e2247a56ce8d,경북사,교복,상주남문거리 골목형상점가,골목형상점가,경상북도,,,
14a562cb51e79aae5406,full_annotation_v1,A,q_교육_09,교윧,교육 중 '교육'을 판매·제공하는 매장,train,교육,T6 기계변형,01081bcc-863e-4cd3-9948-f65e19202042,아트펀미술학원,미술,문흥2동 골목형상점가,골목형상점가,광주광역시,,,
917dc78a7efe22857bbd,full_annotation_v1,A,q_교육_09,교윧,교육 중 '교육'을 판매·제공하는 매장,train,교육,T6 기계변형,1541f2d6-a9a8-4d04-b131-008cf212888a,켈로짐,교육,배방월천 골목형상점가,골목형상점가,충청남도,,,
b5b5a0c7a475b366fa09,full_annotation_v1,A,q_교육_09,교윧,교육 중 '교육'을 판매·제공하는 매장,train,교육,T6 기계변형,f17652df-f7e4-4c6c-922f-6573184de1e8,레콩음악학원,교육,매곡동 골목형상점가,골목형상점가,광주광역시,,,
e0b42ce59d47cd832133,full_annotation_v1,A,q_교육_09,교윧,교육 중 '교육'을 판매·제공하는 매장,train,교육,T6 기계변형,ed3b2abc-2d05-4508-95bc-44024f0034dd,사라요가,교육,오류동 특화거리 상점가,자율상권구역,대전광역시,,,
922e9eea654bae51df36,full_annotation_v1,A,q_교육_09,교윧,교육 중 '교육'을 판매·제공하는 매장,train,교육,T6 기계변형,a3dc6940-00ef-45fa-bcaf-2acbe2d88291,교반,한식,오정동상점가,자율상권구역,대전광역시,,,
8955ad57bc07f9a79d57,full_annotation_v1,A,q_교육_09,교윧,교육 중 '교육'을 판매·제공하는 매장,train,교육,T6 기계변형,27b2e371-1f67-4a21-8908-f7eb4881121a,교다이,음식,조대장미의거리 상점가,자율상권구역,광주광역시,,,
36220d2f13aa01e00ce9,full_annotation_v1,A,q_교육_09,교윧,교육 중 '교육'을 판매·제공하는 매장,train,교육,T6 기계변형,976bd03b-0233-432b-a12c-0c8850c9e1eb,토리돈까스,돈까스 스파게티,월곡달빛오거리골목형상점가,골목형상점가,서울특별시,,,
63c6e76bf82c83f63ae1,full_annotation_v1,A,q_교육_09,교윧,교육 중 '교육'을 판매·제공하는 매장,train,교육,T6 기계변형,019e1807-6d7e-468f-be4b-2adc14e0c5a5,교반,,남평 강변도시 골목형상점가,골목형상점가,전라남도,,,
8ffec3d093bc3e9e149c,full_annotation_v1,A,q_교육_09,교윧,교육 중 '교육'을 판매·제공하는 매장,train,교육,T6 기계변형,d25403e9-026c-4917-bbe1-c47558965055,교촌식당,한식,강진읍 상권활성화구역,상권활성화구역,전라남도,,,
093c085cac8cbb334997,full_annotation_v1,A,q_교육_09,교윧,교육 중 '교육'을 판매·제공하는 매장,train,교육,T6 기계변형,7ef71e81-aade-4b67-bdad-29f3236fc67c,교동마님댁,의류,대룡시장골목형상점가,골목형상점가,인천광역시,,,
eaac170a92aaa0980d57,full_annotation_v1,A,q_교육_09,교윧,교육 중 '교육'을 판매·제공하는 매장,train,교육,T6 기계변형,057e3bac-e1b9-45c2-8bad-ca93a79011e9,삼진,"교재, 교구, 완구",동대문문구완구거리,자율상권구역,서울특별시,,,
3563fb0238618bd51519,full_annotation_v1,A,q_교육_09,교윧,교육 중 '교육'을 판매·제공하는 매장,train,교육,T6 기계변형,ba4efddd-1aee-4340-939a-d4c7608249f2,꼬신내음,커피,서대신동골목시장,전통시장,부산광역시,,,
0df6356c4356fa8598bf,full_annotation_v1,A,q_교육_09,교윧,교육 중 '교육'을 판매·제공하는 매장,train,교육,T6 기계변형,3a532876-4094-4802-ab3c-50d2b771a4ca,아트슐레미술학원,미술학원,매탄골목상인회 골목형상점가,골목형상점가,경기도,,,
99b0bbaf1ee98eddc740,full_annotation_v1,A,q_교육_09,교윧,교육 중 '교육'을 판매·제공하는 매장,train,교육,T6 기계변형,f026bd0c-5a86-4857-bbb7-cada5d76d060,화덕피자파숑(개포점),음식(피자),강남개포시장(구 개포2동중심상점가),자율상권구역,서울특별시,,,
f4f3a79e990580a5a7e0,full_annotation_v1,A,q_교육_09,교윧,교육 중 '교육'을 판매·제공하는 매장,train,교육,T6 기계변형,a7940619-5ac9-40f7-ad14-6d9d42f17e9c,교꾸스시,음식점,용강동상점가,자율상권구역,서울특별시,,,
7111340a2e0e83e01a54,full_annotation_v1,A,q_교육_09,교윧,교육 중 '교육'을 판매·제공하는 매장,train,교육,T6 기계변형,d94b03c3-c256-4904-9a9f-a505cbf1c034,교촌쌍촌1호점,치킨,상암마을상인회 골목형상점가,골목형상점가,광주광역시,,,
b1733373964529a055f3,full_annotation_v1,A,q_교육_09,교윧,교육 중 '교육'을 판매·제공하는 매장,train,교육,T6 기계변형,8eb8347b-8391-498e-a010-1cd8a324e701,교동사랑,한식,전주한옥마을 골목형상점가,골목형상점가,전북특별자치도,,,
3535a8f3a318f36070b4,full_annotation_v1,A,q_교육_09,교윧,교육 중 '교육'을 판매·제공하는 매장,train,교육,T6 기계변형,57c39908-59a4-4e0b-9917-36cf56fa38b1,컴포즈커피 광주효천1지구,커피 및 음료,효천로 골목형상점가,골목형상점가,광주광역시,,,
4d8004dd715b4406679e,full_annotation_v1,A,q_교육_09,교윧,교육 중 '교육'을 판매·제공하는 매장,train,교육,T6 기계변형,065d792e-50fc-4416-b759-bbf7eae7dce4,솔라피아노교습소,,퀸덤3단지골목형상점가,골목형상점가,부산광역시,,,
1c1a21e9098b4ca38935,full_annotation_v1,A,q_교육_09,교윧,교육 중 '교육'을 판매·제공하는 매장,train,교육,T6 기계변형,9e8e9acb-cf83-49e0-84aa-8f383ddb9499,빨간낙지집낙지마당,한식,산본로데오거리(구 산본중심상가),자율상권구역,경기도,,,
e82ef9979aef789f9b22,full_annotation_v1,A,q_교육_09,교윧,교육 중 '교육'을 판매·제공하는 매장,train,교육,T6 기계변형,014931f7-6b34-46d5-9a7c-c9110c79a186,쁘띠아트미술학원,교육,보정중심 골목형상점가,골목형상점가,경기도,,,
f73b8b734d84cf0a7ec8,full_annotation_v1,A,q_교육_09,교윧,교육 중 '교육'을 판매·제공하는 매장,train,교육,T6 기계변형,003b433e-01fc-4ef0-9dc8-a06376b015e4,캘리그라피글꼴,광고디자인 원화디자인 기타교육지원서비,동가재미 골목형상점가,골목형상점가,전북특별자치도,,,
92fc5c77eec7a9886fc2,full_annotation_v1,A,q_교육_09,교윧,교육 중 '교육'을 판매·제공하는 매장,train,교육,T6 기계변형,010382b4-561d-43c7-848c-cdfed4f4d93d,문성당서점,서적 교육용씨디 비디오 문구 자료처리,부안석정 골목형상점가,골목형상점가,전북특별자치도,,,
2b532186e8c92f05f89c,full_annotation_v1,A,q_교육_09,교윧,교육 중 '교육'을 판매·제공하는 매장,train,교육,T6 기계변형,9eb2e7d5-9b74-4fd9-87d8-e0a7eb5c91cb,교동곰탕,,교동연합,골목형상점가,대구광역시,,,
b39758bbfd032e70a8b8,full_annotation_v1,A,q_교육_09,교윧,교육 중 '교육'을 판매·제공하는 매장,train,교육,T6 기계변형,02f0d2df-412f-4757-9c4c-b3a40267f829,스타무용학원,무용학원,매곡 가인 골목형상점가,골목형상점가,광주광역시,,,
a571e456e43b4c8d990e,full_annotation_v1,A,q_교육_09,교윧,교육 중 '교육'을 판매·제공하는 매장,train,교육,T6 기계변형,0c47c16a-3c5d-4430-9f65-0d50442db32b,피아노스토리,피아노교습소,수완중흥대방 골목형상점가,골목형상점가,광주광역시,,,
d06548760e70a964b674,full_annotation_v1,A,q_교육_09,교윧,교육 중 '교육'을 판매·제공하는 매장,train,교육,T6 기계변형,093223fc-30fc-4774-9283-34215300403c,교짬,중식,영주로상권,자율상권구역,경상북도,,,
29531a2bc2524cc789f3,full_annotation_v1,A,q_교육_09,교윧,교육 중 '교육'을 판매·제공하는 매장,train,교육,T6 기계변형,1c7e41ec-bcf4-424a-a92c-8e9e31dd4083,교촌반찬,,효목마을 골목형상점가,골목형상점가,대구광역시,,,
309e0c6172e45b1675cb,full_annotation_v1,A,q_교육_09,교윧,교육 중 '교육'을 판매·제공하는 매장,train,교육,T6 기계변형,00b25125-d398-4ecd-b7c9-38a5a5ceef62,에이비에이(ABA)코칭센터,"교육서비스, 상담",하기동 골목형상점가,골목형상점가,대전광역시,,,
745e97cfe76b7ad9fea3,full_annotation_v1,A,q_교육_09,교윧,교육 중 '교육'을 판매·제공하는 매장,train,교육,T6 기계변형,a998f236-b81b-4826-911e-6da2de2e38ad,교동반점,,신산격종합시장 골목형상점가,골목형상점가,대구광역시,,,
ec833283712268b31be5,full_annotation_v1,A,q_교육_09,교윧,교육 중 '교육'을 판매·제공하는 매장,train,교육,T6 기계변형,a1f200f1-8ad1-4d16-822c-6058c9b86623,교하문고,,교하중심상가 골목형상점가,골목형상점가,경기도,,,
4b234ed6c5ee6c8b45af,full_annotation_v1,A,q_교육_09,교윧,교육 중 '교육'을 판매·제공하는 매장,train,교육,T6 기계변형,d64437fe-016a-4357-be45-4e6b33fdbed1,한스예술센터,교육,매곡 사랑길 골목형상점가,골목형상점가,광주광역시,,,
07ae2106dfdfb7508ee8,full_annotation_v1,A,q_교육_09,교윧,교육 중 '교육'을 판매·제공하는 매장,train,교육,T6 기계변형,f7adc09d-e5c5-465f-bbbb-7886dce781f8,나니발레,교육,효천2지구 골목형상점가,골목형상점가,광주광역시,,,
7e2f38718e7cfa37df26,full_annotation_v1,A,q_교육_09,교윧,교육 중 '교육'을 판매·제공하는 매장,train,교육,T6 기계변형,10c75c3f-7f86-4d6c-8c24-a2dcfc49930f,교석서점,서적,전곡로데오거리 골목형상점가,골목형상점가,경기도,,,
54054ad64a280ca47eb5,full_annotation_v1,A,q_교육_09,교윧,교육 중 '교육'을 판매·제공하는 매장,train,교육,T6 기계변형,00594901-8fad-449d-b608-ba4326ab8522,에반스뮤직아카데미음악교습소EvansMusicAcadem,음악교습소,효덕마을 골목형상점가,골목형상점가,광주광역시,,,
16cb164cc09fa068d561,full_annotation_v1,A,q_교육_09,교윧,교육 중 '교육'을 판매·제공하는 매장,train,교육,T6 기계변형,2fd85f8f-948d-4d85-b1ab-1909a9ab80ed,교동집,식당,강화풍물시장,전통시장,인천광역시,,,
0137d158ac3c62dd9459,full_annotation_v1,A,q_교육_09,교윧,교육 중 '교육'을 판매·제공하는 매장,train,교육,T6 기계변형,00c044be-2483-4a59-9e29-41cbd79cfbe4,배움태권도,교육서비스업,압촌동 골목형상점가,골목형상점가,광주광역시,,,
639f4a0620d322cae8a0,full_annotation_v1,A,q_교육_09,교윧,교육 중 '교육'을 판매·제공하는 매장,train,교육,T6 기계변형,00684edc-9eb1-4411-a744-2ffdcf2b08b5,선경컴퓨터학원,컴퓨터학원,신월7동골목형상점가,골목형상점가,서울특별시,,,
ad4c4cee10ec057f6b90,full_annotation_v1,A,q_교육_09,교윧,교육 중 '교육'을 판매·제공하는 매장,train,교육,T6 기계변형,1d140b18-234e-48ff-bd38-a6c0ac92ba7a,지리산흑돈가 꺼멍,흑돼지,원당 중앙로 골목형상점가,골목형상점가,인천광역시,,,
d669ff32a43ba13c7461,full_annotation_v1,A,q_교육_09,교윧,교육 중 '교육'을 판매·제공하는 매장,train,교육,T6 기계변형,02c687d7-3422-41e4-be2d-39d56a3ff206,놀작아트팝 미술교습소,교육미술,자운대 골목형상점가,골목형상점가,대전광역시,,,
d8f7a65de21ef77d35f1,full_annotation_v1,A,q_교육_09,교윧,교육 중 '교육'을 판매·제공하는 매장,train,교육,T6 기계변형,0ddcc19c-8745-4f35-93eb-14b3b618a206,교호커피,커피,종로5가역일번출구상점가,자율상권구역,서울특별시,,,
0b410d4b0d59fe05789a,full_annotation_v1,A,q_교육_09,교윧,교육 중 '교육'을 판매·제공하는 매장,train,교육,T6 기계변형,de49e568-01a7-41e0-ae91-37458c89580d,책통클럽,교육,아름동상점가,자율상권구역,세종특별자치시,,,
72c1eebe5aa181688638,full_annotation_v1,A,q_교육_09,교윧,교육 중 '교육'을 판매·제공하는 매장,train,교육,T6 기계변형,be11f956-3cfc-4909-9e92-d04da5708703,라별음악학원,교육,하남 골목형상점가,골목형상점가,광주광역시,,,
b9f3bf472090e3193b2b,full_annotation_v1,A,q_교육_09,교윧,교육 중 '교육'을 판매·제공하는 매장,train,교육,T6 기계변형,e202c796-4cc0-4963-9486-ff0356daf1e6,명문사,교적,평창올림픽시장(평창전통시장),전통시장,강원특별자치도,,,
f44d3f1a3a85786d67d5,full_annotation_v1,A,q_교육_09,교윧,교육 중 '교육'을 판매·제공하는 매장,train,교육,T6 기계변형,684ec6d2-a727-4a30-9198-740a0a472d76,영재개발놀이원,교재 교구 교과서,과천슈르탑 골목형상점가,골목형상점가,경기도,,,
93812601e9b6c9b1525e,full_annotation_v1,A,q_교육_09,교윧,교육 중 '교육'을 판매·제공하는 매장,train,교육,T6 기계변형,a1ee8677-d16d-4e94-8710-f3e036bbcfce,도울원,교정,서현센트럴상점,골목형상점가,경기도,,,
f60ba0c6e9b2ce6da1e5,full_annotation_v1,A,q_교육_09,교윧,교육 중 '교육'을 판매·제공하는 매장,train,교육,T6 기계변형,f22ff30a-d019-472e-a968-a3b9ef244d4a,교반,,나주읍성 골목형상점가,골목형상점가,,,,
4bdc849e0e1595fc7f60,full_annotation_v1,A,q_교육_09,교윧,교육 중 '교육'을 판매·제공하는 매장,train,교육,T6 기계변형,7753516e-b0dc-4bf0-ac3d-4e6b519194b4,교구자료상사,교구자료,나주금빛상점가,자율상권구역,전라남도,,,
aeb4c865787edc4638af,full_annotation_v1,A,q_귀금속_01,금 팔러 가는 곳,패션·잡화 중 '귀금속'을 판매·제공하는 매장,test,귀금속,T4 구어·문장,d12ff413-0240-47df-a0a8-5a67a0682fe4,성광당,시계수리 금 은,와우로 골목형상점가,골목형상점가,광주광역시,,,
430fb429e5d47944cd42,full_annotation_v1,A,q_귀금속_01,금 팔러 가는 곳,패션·잡화 중 '귀금속'을 판매·제공하는 매장,test,귀금속,T4 구어·문장,568276ba-b910-47b9-bf9d-ee78d4e4c599,제일미장원,미용실,예산상설시장,전통시장,충청남도,,,
779f9411033da60ce579,full_annotation_v1,A,q_귀금속_01,금 팔러 가는 곳,패션·잡화 중 '귀금속'을 판매·제공하는 매장,test,귀금속,T4 구어·문장,06f92a02-db8d-46be-8ee1-213693507a55,오드워치,시계,남대문시장,전통시장,서울특별시,,,
456120f0b17ce1190b4d,full_annotation_v1,A,q_귀금속_01,금 팔러 가는 곳,패션·잡화 중 '귀금속'을 판매·제공하는 매장,test,귀금속,T4 구어·문장,c0cc81b4-89ec-4a70-b6f7-089de1fd92a8,소소한곳,,양산 물금백호마을 골목형상점가,골목형상점가,경상남도,,,
5e89b0e18103d494158d,full_annotation_v1,A,q_귀금속_01,금 팔러 가는 곳,패션·잡화 중 '귀금속'을 판매·제공하는 매장,test,귀금속,T4 구어·문장,72a23dbc-e71d-44c1-a21d-9aa6e0af626d,거성종합철물,철물,전곡첫머리거리 골목형상점가,골목형상점가,경기도,,,
a8ad430e2ce90ea458c2,full_annotation_v1,A,q_귀금속_01,금 팔러 가는 곳,패션·잡화 중 '귀금속'을 판매·제공하는 매장,test,귀금속,T4 구어·문장,901050d3-bdfd-4b3b-a9fb-f182c5a42db0,마니주,"금, 은",서문시장2지구 종합상가,전통시장,대구광역시,,,
afd507b521d20a45aad5,full_annotation_v1,A,q_귀금속_01,금 팔러 가는 곳,패션·잡화 중 '귀금속'을 판매·제공하는 매장,test,귀금속,T4 구어·문장,78fd0c56-8e37-4235-9286-55a4db6f65f8,태금당,귀금속,"온양온천시장(온양재래시장, 전통시장)",전통시장,충청남도,,,
be25d840b7ec3bf956dd,full_annotation_v1,A,q_귀금속_01,금 팔러 가는 곳,패션·잡화 중 '귀금속'을 판매·제공하는 매장,test,귀금속,T4 구어·문장,7b1b7ea1-4689-4330-91be-836a3b904d7e,정금당,귀금속,중곡제일골목시장(중곡제일전통시장),전통시장,서울특별시,,,
f65e55e2aab13d35f76f,full_annotation_v1,A,q_귀금속_01,금 팔러 가는 곳,패션·잡화 중 '귀금속'을 판매·제공하는 매장,test,귀금속,T4 구어·문장,0188cda6-6441-4058-82b0-0cb89e035583,친한친구,액세서리,㈜르네시떼,전통시장,부산광역시,,,
483d5599f0e8a60c546d,full_annotation_v1,A,q_귀금속_01,금 팔러 가는 곳,패션·잡화 중 '귀금속'을 판매·제공하는 매장,test,귀금속,T4 구어·문장,01b52fc6-d48d-430d-981d-7623dc5c38ca,가는날이장날,음식,고령대가야시장,전통시장,경상북도,,,
c15fd433c751ecb57441,full_annotation_v1,A,q_귀금속_01,금 팔러 가는 곳,패션·잡화 중 '귀금속'을 판매·제공하는 매장,test,귀금속,T4 구어·문장,edc24139-7c1d-47c5-a3e5-84821a9769ac,유일사,"금, 귀금속, 시계",전주모래내시장,전통시장,전북특별자치도,,,
0b9dc0db290fd38cf4ad,full_annotation_v1,A,q_귀금속_01,금 팔러 가는 곳,패션·잡화 중 '귀금속'을 판매·제공하는 매장,test,귀금속,T4 구어·문장,00d97ab1-39d4-4e3c-9edf-7392ca5c40e3,금쟁이,"금, 악세서리류",중앙로 지하상가 상점가,일반지하상점가,대전광역시,,,
c95f2d6280b755c3948d,full_annotation_v1,A,q_귀금속_01,금 팔러 가는 곳,패션·잡화 중 '귀금속'을 판매·제공하는 매장,test,귀금속,T4 구어·문장,86902cc1-22e7-4f2a-9182-42fe52e4becd,보석당,귀금속,천안역전시장(구 천안역공설시장),전통시장,충청남도,,,
cf1a2ef0949484e75542,full_annotation_v1,A,q_귀금속_01,금 팔러 가는 곳,패션·잡화 중 '귀금속'을 판매·제공하는 매장,test,귀금속,T4 구어·문장,419e3247-0b10-428e-b489-99b46353142a,보광당,금.은.시계,용해동 포미타운 골목형상점가,골목형상점가,전라남도,,,
111985c9e60b69ca53b0,full_annotation_v1,A,q_귀금속_01,금 팔러 가는 곳,패션·잡화 중 '귀금속'을 판매·제공하는 매장,test,귀금속,T4 구어·문장,4f2eeb24-3135-457a-ad76-b0a9bda5e930,상금당,귀금속,개금골목시장,전통시장,부산광역시,,,
6867c77285a6dae5db1e,full_annotation_v1,A,q_귀금속_01,금 팔러 가는 곳,패션·잡화 중 '귀금속'을 판매·제공하는 매장,test,귀금속,T4 구어·문장,8f2f6e10-2263-4a49-84e9-329707844929,가는길에,기념품,동문재래시장,전통시장,제주특별자치도,,,
e3dbddc6c9a72097d03a,full_annotation_v1,A,q_귀금속_01,금 팔러 가는 곳,패션·잡화 중 '귀금속'을 판매·제공하는 매장,test,귀금속,T4 구어·문장,4c3c3921-e358-41a7-8ee0-4e43be556b49,황석,귀금속,대구패션주얼리특구,자율상권구역,대구광역시,,,
adbc6a5e4cc44968d18f,full_annotation_v1,A,q_귀금속_01,금 팔러 가는 곳,패션·잡화 중 '귀금속'을 판매·제공하는 매장,test,귀금속,T4 구어·문장,85f6cef5-8a49-447e-bb24-6143d7b60764,예돌젬,귀금속,대구패션주얼리특구,자율상권구역,대구광역시,,,
c25f34df6aa28fe89389,full_annotation_v1,A,q_귀금속_01,금 팔러 가는 곳,패션·잡화 중 '귀금속'을 판매·제공하는 매장,test,귀금속,T4 구어·문장,4b5c7716-2911-4faa-a1f4-aaf6cd4a290a,보금당,귀금속,점촌역전상점가,자율상권구역,경상북도,,,
619e3ecc319b27c0afad,full_annotation_v1,A,q_귀금속_01,금 팔러 가는 곳,패션·잡화 중 '귀금속'을 판매·제공하는 매장,test,귀금속,T4 구어·문장,6c67907c-3257-4876-8560-82935ba855c9,대흥보석,금 은 시계,포항 해도새록새로 골목형상점가,골목형상점가,경상북도,,,
370da3b282a139b1d9d5,full_annotation_v1,A,q_귀금속_01,금 팔러 가는 곳,패션·잡화 중 '귀금속'을 판매·제공하는 매장,test,귀금속,T4 구어·문장,fcc5a717-0a5d-4b5b-b724-a344999c1bb1,동인당,금 은 시계,대명 오손도손 골목형상점가,골목형상점가,전북특별자치도,,,
b7ddd90b491b13e08eb7,full_annotation_v1,A,q_귀금속_01,금 팔러 가는 곳,패션·잡화 중 '귀금속'을 판매·제공하는 매장,test,귀금속,T4 구어·문장,a54a3ab8-d1b5-4844-80b7-ac70fad66dc0,에테르주얼리,반지 및 악세서리,대봉애 골목형상점가,골목형상점가,대구광역시,,,
ab1f56cab76677248f85,full_annotation_v1,A,q_귀금속_01,금 팔러 가는 곳,패션·잡화 중 '귀금속'을 판매·제공하는 매장,test,귀금속,T4 구어·문장,35751535-771d-45e6-adaf-fd563dfbd2be,황금당,귀금속,성안길상점가,자율상권구역,충청북도,,,
aeb8d104acd3dc73d576,full_annotation_v1,A,q_귀금속_01,금 팔러 가는 곳,패션·잡화 중 '귀금속'을 판매·제공하는 매장,test,귀금속,T4 구어·문장,c3a34fc5-08d8-4a3b-8121-001753cd64e7,코코주얼리,귀금속,골드테마거리,전통시장,부산광역시,,,
68229450c22b5398744e,full_annotation_v1,A,q_귀금속_01,금 팔러 가는 곳,패션·잡화 중 '귀금속'을 판매·제공하는 매장,test,귀금속,T4 구어·문장,595e9f12-9ff0-4c5d-8b49-e0fbb70a816b,하목리,귀금속,골드테마거리,전통시장,부산광역시,,,
8d90bb493ae452572655,full_annotation_v1,A,q_귀금속_01,금 팔러 가는 곳,패션·잡화 중 '귀금속'을 판매·제공하는 매장,test,귀금속,T4 구어·문장,f431b3e1-57e4-4ed4-8b3f-6d72b872cb78,중앙사,귀금속,남양주장현전통시장,전통시장,경기도,,,
b08909bd63531edbb23f,full_annotation_v1,A,q_귀금속_01,금 팔러 가는 곳,패션·잡화 중 '귀금속'을 판매·제공하는 매장,test,귀금속,T4 구어·문장,f92d8805-6fde-43fb-a43c-7ca90a917a70,초록귀금속,귀금속,거제 장평종합시장,전통시장,경상남도,,,
f7515c97080e5fa5f171,full_annotation_v1,A,q_귀금속_01,금 팔러 가는 곳,패션·잡화 중 '귀금속'을 판매·제공하는 매장,test,귀금속,T4 구어·문장,1eaf6dc3-f0f0-4350-8341-9f6f4334b965,다소곳,옷,전주모래내시장,전통시장,전북특별자치도,,,
acc9fe7564368855cc21,full_annotation_v1,A,q_귀금속_01,금 팔러 가는 곳,패션·잡화 중 '귀금속'을 판매·제공하는 매장,test,귀금속,T4 구어·문장,e83bf675-e9c9-45e5-b359-c949658e3e9c,금장,귀금속,장위전통시장,전통시장,서울특별시,,,
4c49362d0650189f1c84,full_annotation_v1,A,q_귀금속_01,금 팔러 가는 곳,패션·잡화 중 '귀금속'을 판매·제공하는 매장,test,귀금속,T4 구어·문장,166c9193-005d-4dc3-8637-ed2bfd71be6f,부산금은방 남매금빵,,골드테마거리,전통시장,부산광역시,,,
773e3b325672330e0fdd,full_annotation_v1,A,q_귀금속_01,금 팔러 가는 곳,패션·잡화 중 '귀금속'을 판매·제공하는 매장,test,귀금속,T4 구어·문장,60f34431-6960-42f8-aabb-5d0c39d6f6d4,거꾸로 가는 시간,피부 미용,서산번화2로,자율상권구역,충청남도,,,
2b9209647aef75502ca6,full_annotation_v1,A,q_귀금속_01,금 팔러 가는 곳,패션·잡화 중 '귀금속'을 판매·제공하는 매장,test,귀금속,T4 구어·문장,904f02fb-c578-4a2b-b003-f595ae7153ec,수정당,금,강진마량 횟집거리 상점가,골목형상점가,전라남도,,,
29eb7c3c9b47acdb8330,full_annotation_v1,A,q_귀금속_01,금 팔러 가는 곳,패션·잡화 중 '귀금속'을 판매·제공하는 매장,test,귀금속,T4 구어·문장,4f68e3be-67ee-4ce7-bf3c-d9bb024c203f,골드보석,금.보석,하당꽃길2가 골목형상점가,골목형상점가,전라남도,,,
92cec119cec91b813b61,full_annotation_v1,A,q_귀금속_01,금 팔러 가는 곳,패션·잡화 중 '귀금속'을 판매·제공하는 매장,test,귀금속,T4 구어·문장,eff4e43f-e0b7-4205-a1c3-004c8748edbb,쇼메,귀금속,골드테마거리,전통시장,부산광역시,,,
f322e78e6cfae9629b28,full_annotation_v1,A,q_귀금속_01,금 팔러 가는 곳,패션·잡화 중 '귀금속'을 판매·제공하는 매장,test,귀금속,T4 구어·문장,9d846251-645f-4e8f-8afe-25d27df2115f,옥신,귀금속,골드테마거리,전통시장,부산광역시,,,
85dd08698eb40c327657,full_annotation_v1,A,q_귀금속_01,금 팔러 가는 곳,패션·잡화 중 '귀금속'을 판매·제공하는 매장,test,귀금속,T4 구어·문장,a45e1aa8-107e-4d4d-b3a6-1a6497228750,정금당,귀금속,유진상가,전통시장,서울특별시,,,
04ec642997f080d85605,full_annotation_v1,A,q_귀금속_01,금 팔러 가는 곳,패션·잡화 중 '귀금속'을 판매·제공하는 매장,test,귀금속,T4 구어·문장,8e9f88f9-af36-41bc-a050-1fd06e552413,장터,한식,행운담길골목형상점가,골목형상점가,서울특별시,,,
cf334d4b8f9a0f6839e0,full_annotation_v1,A,q_귀금속_01,금 팔러 가는 곳,패션·잡화 중 '귀금속'을 판매·제공하는 매장,test,귀금속,T4 구어·문장,f8d077f3-da8b-4859-852c-640fa82f99c3,더솔쥬얼리,금 은 악세서리,도곡시장,자율상권구역,서울특별시,,,
d9a181e4edb32fceaf0b,full_annotation_v1,A,q_귀금속_01,금 팔러 가는 곳,패션·잡화 중 '귀금속'을 판매·제공하는 매장,test,귀금속,T4 구어·문장,2aea60d7-b7f4-4a15-b43d-e5d29a5f75a9,황금보석,"금, 은 시계보석",주막거리상점가,자율상권구역,경기도,,,
f806f29ddb400977555f,full_annotation_v1,A,q_귀금속_01,금 팔러 가는 곳,패션·잡화 중 '귀금속'을 판매·제공하는 매장,test,귀금속,T4 구어·문장,a1fb4d1e-d044-4df4-8c16-d43a1954ecd5,행운당,귀금속,구역전시장,전통시장,울산광역시,,,
6db6350746bbee172078,full_annotation_v1,A,q_귀금속_01,금 팔러 가는 곳,패션·잡화 중 '귀금속'을 판매·제공하는 매장,test,귀금속,T4 구어·문장,53de7214-cdf0-4e52-8884-96a2b324ae69,블링걸,장식귀걸이목걸이반지머리핀,신안프라자전통시장,전통시장,경기도,,,
2b47ccb40f2685449534,full_annotation_v1,A,q_귀금속_01,금 팔러 가는 곳,패션·잡화 중 '귀금속'을 판매·제공하는 매장,test,귀금속,T4 구어·문장,5b626bfd-6a75-4dd1-adeb-ba95302874ce,에쎄귀금속,귀금속,창원 상남시장,전통시장,경상남도,,,
111c1d427d9d61d2e675,full_annotation_v1,A,q_귀금속_01,금 팔러 가는 곳,패션·잡화 중 '귀금속'을 판매·제공하는 매장,test,귀금속,T4 구어·문장,2840e854-1481-44cd-b66b-baf6ba31be51,일루이,귀금속,진주 로데오거리상점가,자율상권구역,경상남도,,,
104c5392516dc19aa74d,full_annotation_v1,A,q_귀금속_01,금 팔러 가는 곳,패션·잡화 중 '귀금속'을 판매·제공하는 매장,test,귀금속,T4 구어·문장,6b5a60ab-09cc-4003-9fee-72784fcacf0d,황금당,귀금속,"온양온천시장(온양재래시장, 전통시장)",전통시장,충청남도,,,
1ca4f7d368c4e0fb8d05,full_annotation_v1,A,q_귀금속_01,금 팔러 가는 곳,패션·잡화 중 '귀금속'을 판매·제공하는 매장,test,귀금속,T4 구어·문장,e1cd936d-6182-424e-b6cb-86813e47f687,창춘,귀금속,대구패션주얼리특구,자율상권구역,대구광역시,,,
af4571eadd391d1254bc,full_annotation_v1,A,q_귀금속_01,금 팔러 가는 곳,패션·잡화 중 '귀금속'을 판매·제공하는 매장,test,귀금속,T4 구어·문장,f9cb26c5-8d3b-44e8-9485-391635810401,쥬벨,귀금속,골드테마거리,전통시장,부산광역시,,,
a175be521915621d5de8,full_annotation_v1,A,q_귀금속_01,금 팔러 가는 곳,패션·잡화 중 '귀금속'을 판매·제공하는 매장,test,귀금속,T4 구어·문장,3421169c-743d-4654-859c-67511793ca59,멜로브,귀금속,충장로123가 상점가,자율상권구역,광주광역시,,,
025c3a3e9d13452b85c0,full_annotation_v1,A,q_귀금속_01,금 팔러 가는 곳,패션·잡화 중 '귀금속'을 판매·제공하는 매장,test,귀금속,T4 구어·문장,9b154fd2-ee62-4e33-88b5-5c1ac4a5b649,으뜸보석,"금, 은, 보석",두꺼비시장,전통시장,충청북도,,,
efd2fe0fdca7bc70659a,full_annotation_v1,A,q_귀금속_01,금 팔러 가는 곳,패션·잡화 중 '귀금속'을 판매·제공하는 매장,test,귀금속,T4 구어·문장,a888bff9-1182-4d28-aef2-b0ea9c1933f6,뮬,돈까스 함박스테이크,전곡첫머리거리 골목형상점가,골목형상점가,경기도,,,
4e6e78bbea4e7061f5ec,full_annotation_v1,A,q_귀금속_01,금 팔러 가는 곳,패션·잡화 중 '귀금속'을 판매·제공하는 매장,test,귀금속,T4 구어·문장,cc2d3a5e-7b27-492e-8cd2-a8212d5ae555,성심사,"금, 은, 보석",발안만세시장(구 발안시장),전통시장,경기도,,,
58a1281184ade7950d19,full_annotation_v1,A,q_귀금속_01,금 팔러 가는 곳,패션·잡화 중 '귀금속'을 판매·제공하는 매장,test,귀금속,T4 구어·문장,aec29961-46e3-489b-a459-e68a1257dc94,충주금시계골드앤와치,"금, 시계",성서중심시장(성서시장문화의거리 통합),전통시장,충청북도,,,
30be97ad63c74a9742d4,full_annotation_v1,A,q_귀금속_01,금 팔러 가는 곳,패션·잡화 중 '귀금속'을 판매·제공하는 매장,test,귀금속,T4 구어·문장,e818302b-511c-48de-9174-d74315411a2c,金보석,귀금속,밀양 원도심 햇살문화 상권활성화 구역,상권활성화구역,경상남도,,,
ca70dbe9cddc052816af,full_annotation_v1,A,q_귀금속_01,금 팔러 가는 곳,패션·잡화 중 '귀금속'을 판매·제공하는 매장,test,귀금속,T4 구어·문장,675d34e5-7cde-46fd-8c81-178a33406095,금옥당,"금, 은, 시계",과천제일쇼핑시장,전통시장,경기도,,,
c42ce87ef76e2fe5516d,full_annotation_v1,A,q_귀금속_01,금 팔러 가는 곳,패션·잡화 중 '귀금속'을 판매·제공하는 매장,test,귀금속,T4 구어·문장,58551dec-f3ac-489b-8786-2fc22b648804,백금당,귀금속,황지시장상점가,자율상권구역,강원특별자치도,,,
14b66c70059170fefa84,full_annotation_v1,A,q_귀금속_01,금 팔러 가는 곳,패션·잡화 중 '귀금속'을 판매·제공하는 매장,test,귀금속,T4 구어·문장,4ac26ade-30ef-403d-8a03-46359fdbe1a7,대광당,귀금속,광주송정역세권 상권활성화구역,상권활성화구역,광주광역시,,,
b3522d8b4a5e4bf9fd70,full_annotation_v1,A,q_귀금속_01,금 팔러 가는 곳,패션·잡화 중 '귀금속'을 판매·제공하는 매장,test,귀금속,T4 구어·문장,97aca676-1a70-42d4-9d8b-625f4446ef79,황금진쥬얼리,금 은 귀금속 악세사리,서부안심길골목형상점가,골목형상점가,서울특별시,,,
c72cc8f031f091dc5bc1,full_annotation_v1,A,q_귀금속_01,금 팔러 가는 곳,패션·잡화 중 '귀금속'을 판매·제공하는 매장,test,귀금속,T4 구어·문장,d54ff6a6-e8ae-4993-815e-292b0487f20d,금가락지,귀금속,동산상가,전통시장,대구광역시,,,
bf0f126a68e765e6feb2,full_annotation_v1,A,q_귀금속_01,금 팔러 가는 곳,패션·잡화 중 '귀금속'을 판매·제공하는 매장,test,귀금속,T4 구어·문장,7be4c66c-b788-47f5-93b2-65524fe6e68c,정금당,귀금속,서천읍 군사리 골목형상점가,골목형상점가,충청남도,,,
942bc7f24f561ed6e935,full_annotation_v1,A,q_귀금속_01,금 팔러 가는 곳,패션·잡화 중 '귀금속'을 판매·제공하는 매장,test,귀금속,T4 구어·문장,50acf00b-db42-450e-9d1c-57cb858e220d,종로귀금속주식회사,귀금속,수원남문로데오시장,전통시장,경기도,,,
5ace497ca984eee9edae,full_annotation_v1,A,q_귀금속_01,금 팔러 가는 곳,패션·잡화 중 '귀금속'을 판매·제공하는 매장,test,귀금속,T4 구어·문장,531a1e19-68a2-466f-b3d3-596cd6510f27,황금당,귀금속,현대상가시장,전통시장,충청남도,,,
fd7f9b843591a3e481d1,full_annotation_v1,A,q_귀금속_01,금 팔러 가는 곳,패션·잡화 중 '귀금속'을 판매·제공하는 매장,test,귀금속,T4 구어·문장,b4f53bdf-cf9c-43d5-8b20-0368e3155170,헤라,귀금속,동산상가,전통시장,대구광역시,,,
7d6561b8786ccbeda1c6,full_annotation_v1,A,q_귀금속_01,금 팔러 가는 곳,패션·잡화 중 '귀금속'을 판매·제공하는 매장,test,귀금속,T4 구어·문장,19b6e5db-5866-4752-afed-7fa0dc010f81,곳간,한식,태화십리대밭먹거리단지 상점가,자율상권구역,울산광역시,,,
531aad726bcd21d1cff3,full_annotation_v1,A,q_귀금속_01,금 팔러 가는 곳,패션·잡화 중 '귀금속'을 판매·제공하는 매장,test,귀금속,T4 구어·문장,109f3dad-122a-4cc4-b637-cbc044fc5075,정남사,"금, 은시계",오산오색시장(구 오산중앙시장),전통시장,경기도,,,
486cdd937460d1399471,full_annotation_v1,A,q_귀금속_01,금 팔러 가는 곳,패션·잡화 중 '귀금속'을 판매·제공하는 매장,test,귀금속,T4 구어·문장,4eda9c8b-ebeb-4ba5-9a46-c938fb0a090a,황금당,귀금속,양곡시장,전통시장,경기도,,,
abf2d04d81b08acfeb2d,full_annotation_v1,A,q_귀금속_01,금 팔러 가는 곳,패션·잡화 중 '귀금속'을 판매·제공하는 매장,test,귀금속,T4 구어·문장,03d2f183-77cc-44c8-b4e4-f34ed3bcfa83,다나,"소매업(귀금속,액세서리,모조장신구)",코끼리시장,전통시장,경기도,,,
bc1d2dff26f6bd9998fb,full_annotation_v1,A,q_귀금속_01,금 팔러 가는 곳,패션·잡화 중 '귀금속'을 판매·제공하는 매장,test,귀금속,T4 구어·문장,00ee1cd3-ec15-467a-86d2-07e596d7d395,금옥당,"귀금속, 시계 소매",골드테마거리,전통시장,부산광역시,,,
f042f9d180685129f6db,full_annotation_v1,A,q_귀금속_01,금 팔러 가는 곳,패션·잡화 중 '귀금속'을 판매·제공하는 매장,test,귀금속,T4 구어·문장,371f6fab-9e7e-4cf0-aa20-285c5fdb9440,골드귀금속,귀금속,관고전통시장,전통시장,경기도,,,
bf4e82b34c5f03ce62ce,full_annotation_v1,A,q_귀금속_01,금 팔러 가는 곳,패션·잡화 중 '귀금속'을 판매·제공하는 매장,test,귀금속,T4 구어·문장,1548b8f8-fe1c-4fe8-9804-2b66f2378c07,황금당,귀금속,조암시장,전통시장,경기도,,,
24b7c92658cd9d41c312,full_annotation_v1,A,q_귀금속_01,금 팔러 가는 곳,패션·잡화 중 '귀금속'을 판매·제공하는 매장,test,귀금속,T4 구어·문장,5da3c929-8554-4163-9891-7319c3b9944e,꼬맹지 갈비촌,한식,금호1동상가번영회 골목형상점가,골목형상점가,광주광역시,,,
e74bf46b3deca08abb43,full_annotation_v1,A,q_귀금속_01,금 팔러 가는 곳,패션·잡화 중 '귀금속'을 판매·제공하는 매장,test,귀금속,T4 구어·문장,9aac8c1e-ca4d-4a50-ae4a-b692c1933976,금옥당,귀금속,신탄진시장,전통시장,대전광역시,,,
7cd3ef1504e5ceba8476,full_annotation_v1,A,q_귀금속_01,금 팔러 가는 곳,패션·잡화 중 '귀금속'을 판매·제공하는 매장,test,귀금속,T4 구어·문장,a5f8b46d-9f4d-4295-ac59-1f472c49855b,베자렐앤코,귀금속,나릿재마크원 골목형상점가,골목형상점가,세종특별자치시,,,
355e3f02ed499b4162a8,full_annotation_v1,A,q_귀금속_01,금 팔러 가는 곳,패션·잡화 중 '귀금속'을 판매·제공하는 매장,test,귀금속,T4 구어·문장,46a227f2-0513-45b2-8b29-f8ae75d4e2c0,당나귀금거래소,귀금속,방이시장,전통시장,서울특별시,,,
44c63829e67b0019a13a,full_annotation_v1,A,q_귀금속_01,금 팔러 가는 곳,패션·잡화 중 '귀금속'을 판매·제공하는 매장,test,귀금속,T4 구어·문장,2743811c-5e71-4d2b-aa75-1b0147d44f2d,사우 꽃이 피는 곳,꽃,김포 풍년마을 골목형상점가,골목형상점가,경기도,,,
81e072269470b199618b,full_annotation_v1,A,q_귀금속_01,금 팔러 가는 곳,패션·잡화 중 '귀금속'을 판매·제공하는 매장,test,귀금속,T4 구어·문장,0056f9b4-b953-40f2-b820-71d6e7b46c58,주얼리루비,귀금속,하남 골목형상점가,골목형상점가,광주광역시,,,
00666109738ddb93142b,full_annotation_v1,A,q_귀금속_01,금 팔러 가는 곳,패션·잡화 중 '귀금속'을 판매·제공하는 매장,test,귀금속,T4 구어·문장,9a5575f9-c99d-4b68-8566-a5463ccc0c88,신보금당,"금, 시계",비래동골목형상점가,골목형상점가,대전광역시,,,
d437315953dabd90a8dc,full_annotation_v1,A,q_귀금속_01,금 팔러 가는 곳,패션·잡화 중 '귀금속'을 판매·제공하는 매장,test,귀금속,T4 구어·문장,06261986-3eba-4244-b63f-397460d82f4a,이곳,미용,나주혁신도시 골목형상점가,골목형상점가,전라남도,,,
ea2c822ba456ef1f4cd7,full_annotation_v1,A,q_귀금속_01,금 팔러 가는 곳,패션·잡화 중 '귀금속'을 판매·제공하는 매장,test,귀금속,T4 구어·문장,069cebbe-575a-40b5-9b2f-0a082b552037,별보석금나라,,전통중앙도매상가,전통시장,대전광역시,,,
4ed5bd37fc554f5036ca,full_annotation_v1,A,q_귀금속_01,금 팔러 가는 곳,패션·잡화 중 '귀금속'을 판매·제공하는 매장,test,귀금속,T4 구어·문장,0043881b-db89-4699-8cc4-29ff178f91ee,국제보석,귀금속,대구패션주얼리특구,자율상권구역,대구광역시,,,
f488f31fdba4b516a869,full_annotation_v1,A,q_귀금속_01,금 팔러 가는 곳,패션·잡화 중 '귀금속'을 판매·제공하는 매장,test,귀금속,T4 구어·문장,03398f1a-7a3f-446a-83bd-af19448c925b,미석,귀금속,창원 성원그랜드쇼핑상가,전통시장,경상남도,,,
18d5db9d4774840adab7,full_annotation_v1,A,q_귀금속_01,금 팔러 가는 곳,패션·잡화 중 '귀금속'을 판매·제공하는 매장,test,귀금속,T4 구어·문장,f2090393-8d0b-4bd5-8d67-998367598210,명보사,귀금속,목사랑시장,전통시장,서울특별시,,,
716cdd3f88db6dfe5b01,full_annotation_v1,A,q_귀금속_01,금 팔러 가는 곳,패션·잡화 중 '귀금속'을 판매·제공하는 매장,test,귀금속,T4 구어·문장,a2b91ba6-d538-43b5-bdc0-7b3f7df0ede9,흰,귀금속,북촌계동길골목형상점가,골목형상점가,서울특별시,,,
e6b7e8b2b17e6113edf8,full_annotation_v1,A,q_귀금속_01,금 팔러 가는 곳,패션·잡화 중 '귀금속'을 판매·제공하는 매장,test,귀금속,T4 구어·문장,24456103-f6b8-46af-8655-82e61d7265d8,커피가 머무르는 곳,커피,반드레길골목형상점가,골목형상점가,서울특별시,,,
0d467cd53d980fb3f483,full_annotation_v1,A,q_귀금속_01,금 팔러 가는 곳,패션·잡화 중 '귀금속'을 판매·제공하는 매장,test,귀금속,T4 구어·문장,b11b9085-92f6-414d-91a1-763dd8cd0124,보금당,귀금속,둔전골목형상점가,골목형상점가,경기도,,,
76aa2f98b28309be483e,full_annotation_v1,A,q_귀금속_01,금 팔러 가는 곳,패션·잡화 중 '귀금속'을 판매·제공하는 매장,test,귀금속,T4 구어·문장,18dd5715-f963-495d-b161-d7d28772a2ab,현대보석,"금, 은, 보석시계",전통중앙도매상가,전통시장,대전광역시,,,
cbb2ffcfcf7dc770a636,full_annotation_v1,A,q_귀금속_01,금 팔러 가는 곳,패션·잡화 중 '귀금속'을 판매·제공하는 매장,test,귀금속,T4 구어·문장,be9f8c61-892c-48ed-a49d-b63bd032c025,소곳,의류,고투몰(강남터미널지하도상점가),일반지하상점가,서울특별시,,,
bbe7da06b084c2b9a9a4,full_annotation_v1,A,q_귀금속_01,금 팔러 가는 곳,패션·잡화 중 '귀금속'을 판매·제공하는 매장,test,귀금속,T4 구어·문장,2ca4d969-1cc5-4778-a52e-5cef6b367a6b,금성당,"금, 은",장성읍 골목형상점가,골목형상점가,전라남도,,,
dd04d609353871aabf84,full_annotation_v1,A,q_귀금속_01,금 팔러 가는 곳,패션·잡화 중 '귀금속'을 판매·제공하는 매장,test,귀금속,T4 구어·문장,560c610f-5a45-486a-9a82-d6cf1d9f69e6,대보당,귀금속,문창동 보물찾(Chat)길 골목형상점가,골목형상점가,대전광역시,,,
f58ed5f452d1cedb5169,full_annotation_v1,A,q_귀금속_01,금 팔러 가는 곳,패션·잡화 중 '귀금속'을 판매·제공하는 매장,test,귀금속,T4 구어·문장,75872f16-c8d6-4300-a58d-b8afb62f81cc,황금당,"시계, 금, 은",도마큰시장,전통시장,대전광역시,,,
47c164d9c4ddeb7a4077,full_annotation_v1,A,q_귀금속_01,금 팔러 가는 곳,패션·잡화 중 '귀금속'을 판매·제공하는 매장,test,귀금속,T4 구어·문장,0e2e755c-8da6-4a62-a7f2-090761b15e55,가는거야 미용실,두발 미용,광복마을3-4길 골목형상점가,골목형상점가,광주광역시,,,
701c56ecbb7aa17826c3,full_annotation_v1,A,q_귀금속_01,금 팔러 가는 곳,패션·잡화 중 '귀금속'을 판매·제공하는 매장,test,귀금속,T4 구어·문장,807b2134-fdd1-4fb1-af83-a182bfcabe1e,보금당,귀금속,용호골목시장,전통시장,부산광역시,,,
964f0baf6ea9fb8a8d7f,full_annotation_v1,A,q_귀금속_01,금 팔러 가는 곳,패션·잡화 중 '귀금속'을 판매·제공하는 매장,test,귀금속,T4 구어·문장,73ec7fde-e568-490b-b6ff-91787aa3f7cb,쥬엘,귀금속,대구패션주얼리특구,자율상권구역,대구광역시,,,
1af7d1200e5583eccd91,full_annotation_v1,A,q_귀금속_01,금 팔러 가는 곳,패션·잡화 중 '귀금속'을 판매·제공하는 매장,test,귀금속,T4 구어·문장,10de78d1-e53e-4617-8bf1-5c53e8665faa,경일사,"보석, 시계",송탄시장(송북시장),전통시장,경기도,,,
00c61e3fdc28915d3a23,full_annotation_v1,A,q_귀금속_01,금 팔러 가는 곳,패션·잡화 중 '귀금속'을 판매·제공하는 매장,test,귀금속,T4 구어·문장,01f2baea-5004-4e8d-a9a5-66c50aaf49e6,머쓱케이스,휴대폰 액세서리,동성로상점가,자율상권구역,대구광역시,,,
3ba181b930b32756f83e,full_annotation_v1,A,q_귀금속_01,금 팔러 가는 곳,패션·잡화 중 '귀금속'을 판매·제공하는 매장,test,귀금속,T4 구어·문장,ee374b4f-3b5a-4d72-a8c5-fb91e8dbec22,황금당,귀금속,구리전통시장,전통시장,경기도,,,
488f3980428d4518f59f,full_annotation_v1,A,q_귀금속_01,금 팔러 가는 곳,패션·잡화 중 '귀금속'을 판매·제공하는 매장,test,귀금속,T4 구어·문장,57da6baf-613f-4082-ad5a-d63591a2781f,보드람치킨,치킨,회기랑길골목형상점가,골목형상점가,서울특별시,,,
7efd29ed7fedbafb75b2,full_annotation_v1,A,q_귀금속_01,금 팔러 가는 곳,패션·잡화 중 '귀금속'을 판매·제공하는 매장,test,귀금속,T4 구어·문장,7f1827f2-b254-429a-9111-501b6622abc7,귀금당,귀금속,진주 논개시장,전통시장,경상남도,,,
da0214a9137e86fa9dcb,full_annotation_v1,A,q_귀금속_01,금 팔러 가는 곳,패션·잡화 중 '귀금속'을 판매·제공하는 매장,test,귀금속,T4 구어·문장,7ab2921e-3f71-4bc1-9c06-4b6443f443d1,뉴월드 귀금속,귀금속 시계,"온양온천시장(온양재래시장, 전통시장)",전통시장,충청남도,,,
a22c25eb416fa6c0965c,full_annotation_v1,A,q_귀금속_01,금 팔러 가는 곳,패션·잡화 중 '귀금속'을 판매·제공하는 매장,test,귀금속,T4 구어·문장,ebb4924e-7939-44f2-bfed-a802fe9e0b65,백금당,귀금속,골드테마거리,전통시장,부산광역시,,,
18d43bd6c1fc86aceb76,full_annotation_v1,A,q_귀금속_01,금 팔러 가는 곳,패션·잡화 중 '귀금속'을 판매·제공하는 매장,test,귀금속,T4 구어·문장,6ddb763d-7c2c-49de-899c-981bc042b50a,작금,한식,중앙로골목형상점가,골목형상점가,강원특별자치도,,,
49abc87779aad578bcf6,full_annotation_v1,A,q_귀금속_01,금 팔러 가는 곳,패션·잡화 중 '귀금속'을 판매·제공하는 매장,test,귀금속,T4 구어·문장,f6eb0505-e761-4efd-ab90-8c56a2bd6b84,한국감정금매입거래소 송도1호점,쥬얼리 금,송도랜드마크시티 센트럴더샵 골목형상점가,골목형상점가,인천광역시,,,
4bd4ce9ee9cd5434c1fe,full_annotation_v1,A,q_귀금속_01,금 팔러 가는 곳,패션·잡화 중 '귀금속'을 판매·제공하는 매장,test,귀금속,T4 구어·문장,bf7a2f42-e96b-4247-9c8d-df25a3dc8562,황금당,귀금속,서산중심상가,자율상권구역,충청남도,,,
885a3132da120baf9ecf,full_annotation_v1,A,q_귀금속_01,금 팔러 가는 곳,패션·잡화 중 '귀금속'을 판매·제공하는 매장,test,귀금속,T4 구어·문장,eab6ecf9-595b-41cb-a8c7-7b38c8b9d1ce,이즈마이주얼리,귀금속,위드수암 골목형상점가,골목형상점가,울산광역시,,,
776c777d55840f000cb2,full_annotation_v1,A,q_귀금속_01,금 팔러 가는 곳,패션·잡화 중 '귀금속'을 판매·제공하는 매장,test,귀금속,T4 구어·문장,370fe534-4763-4278-80e8-09bb0ba40c97,진금당,귀금속,도곡시장,자율상권구역,서울특별시,,,
60806d44c1d29c3ce37c,full_annotation_v1,A,q_귀금속_01,금 팔러 가는 곳,패션·잡화 중 '귀금속'을 판매·제공하는 매장,test,귀금속,T4 구어·문장,979a719c-d1b4-4d54-a14c-561ac99c6336,환희수예점,귀금속,원주자유시장,전통시장,강원특별자치도,,,
7d5554c280ee8f65e5a0,full_annotation_v1,A,q_귀금속_01,금 팔러 가는 곳,패션·잡화 중 '귀금속'을 판매·제공하는 매장,test,귀금속,T4 구어·문장,94bb3f31-d949-46bc-8082-2af638fdedbb,골프존파크 용봉아이골프24시점,스크린골프,설죽로 패션의거리 골목형상점가,골목형상점가,광주광역시,,,
9019c4c9b5e36adec8b8,full_annotation_v1,A,q_귀금속_01,금 팔러 가는 곳,패션·잡화 중 '귀금속'을 판매·제공하는 매장,test,귀금속,T4 구어·문장,90c0b96d-a710-48dd-b3b3-37e79355541c,찾아가는 고기,축산물,의왕도깨비시장,전통시장,경기도,,,
981f5c59b9cacd200993,full_annotation_v1,A,q_귀금속_01,금 팔러 가는 곳,패션·잡화 중 '귀금속'을 판매·제공하는 매장,test,귀금속,T4 구어·문장,03d7c59b-0f64-4647-9c85-97eb7310d1cc,세이젬,"악세사리, 장신구, 귀금속, 시계, 지금",경주중심상가,전통시장,경상북도,,,
118df12ff9ea45b12379,full_annotation_v1,A,q_귀금속_01,금 팔러 가는 곳,패션·잡화 중 '귀금속'을 판매·제공하는 매장,test,귀금속,T4 구어·문장,fd584ac1-5ac4-4e6a-b0dd-9861a32d13df,골든쥬얼리,귀금속,우장산역 골목형상점가,골목형상점가,서울특별시,,,
93c11559fed716621e05,full_annotation_v1,A,q_귀금속_01,금 팔러 가는 곳,패션·잡화 중 '귀금속'을 판매·제공하는 매장,test,귀금속,T4 구어·문장,fc13f70f-fc22-4f62-8e4f-ed8bc8960ee8,백금당,귀금속,신평시장,전통시장,충청남도,,,
43058f7fcfc362459852,full_annotation_v1,A,q_귀금속_01,금 팔러 가는 곳,패션·잡화 중 '귀금속'을 판매·제공하는 매장,test,귀금속,T4 구어·문장,ff140cea-e058-4624-99bc-30144d5df3d9,신용당,귀금속,봉천제일종합시장,전통시장,서울특별시,,,
c0217441975130a34763,full_annotation_v1,A,q_귀금속_01,금 팔러 가는 곳,패션·잡화 중 '귀금속'을 판매·제공하는 매장,test,귀금속,T4 구어·문장,2fb7c102-9be3-4546-b581-0b6d92ce9109,황금당,귀금속,덕신1차시장,전통시장,울산광역시,,,
7515b3d1aa2b7f10661f,full_annotation_v1,A,q_귀금속_01,금 팔러 가는 곳,패션·잡화 중 '귀금속'을 판매·제공하는 매장,test,귀금속,T4 구어·문장,ee1c7934-3371-42ee-805f-52ad3bbba834,하늘보석,귀금속,경주중심상가,전통시장,경상북도,,,
e67d45417fdf86ccf625,full_annotation_v1,A,q_귀금속_01,금 팔러 가는 곳,패션·잡화 중 '귀금속'을 판매·제공하는 매장,test,귀금속,T4 구어·문장,594c61f4-0dc2-4932-ab3c-42b7eef196e6,보석당,귀금속,수원남문패션1번가시장,전통시장,경기도,,,
7c8a3cb5fa19a819c1d8,full_annotation_v1,A,q_귀금속_01,금 팔러 가는 곳,패션·잡화 중 '귀금속'을 판매·제공하는 매장,test,귀금속,T4 구어·문장,d1303d62-822f-4f1c-abfa-85771853b6c4,황금당,귀금속,기린전통시장,전통시장,강원특별자치도,,,
86581e1cc5abcfcdc3b5,full_annotation_v1,A,q_귀금속_01,금 팔러 가는 곳,패션·잡화 중 '귀금속'을 판매·제공하는 매장,test,귀금속,T4 구어·문장,273dce22-9145-4347-a5c0-21978ee2ff4f,금당,금,봉일천전통시장,전통시장,경기도,,,
c34d43fe7166d8e3505b,full_annotation_v1,A,q_귀금속_01,금 팔러 가는 곳,패션·잡화 중 '귀금속'을 판매·제공하는 매장,test,귀금속,T4 구어·문장,79786f48-9ec9-4d49-9550-2f0c204ab682,주쥬,귀금속,골드테마거리,전통시장,부산광역시,,,
ce2779084635725d20ec,full_annotation_v1,A,q_귀금속_01,금 팔러 가는 곳,패션·잡화 중 '귀금속'을 판매·제공하는 매장,test,귀금속,T4 구어·문장,bbe8a430-a2fc-4e9b-bcce-541b4175ac24,이시계점,"금, 은, 시계",오수시장,전통시장,전북특별자치도,,,
9cd246d328176fa0e9e0,full_annotation_v1,A,q_귀금속_01,금 팔러 가는 곳,패션·잡화 중 '귀금속'을 판매·제공하는 매장,test,귀금속,T4 구어·문장,685409c5-1d12-4a58-a054-317e1733cfb1,보금당,귀금속,새마을시장,전통시장,서울특별시,,,
0408fdc522b8359f165a,full_annotation_v1,A,q_귀금속_01,금 팔러 가는 곳,패션·잡화 중 '귀금속'을 판매·제공하는 매장,test,귀금속,T4 구어·문장,12110612-1632-4790-b2c8-6aa09a2c18ea,아벨귀금속,귀금속,불당1번가골목형상점가,골목형상점가,충청남도,,,
f1488de29136a1790602,full_annotation_v1,A,q_귀금속_01,금 팔러 가는 곳,패션·잡화 중 '귀금속'을 판매·제공하는 매장,test,귀금속,T4 구어·문장,cac40402-9bc2-4745-a61d-997a72afa827,금강금은,귀금속,삼구시장,전통시장,서울특별시,,,
ffc38c80ca7dba7280d5,full_annotation_v1,A,q_귀금속_01,금 팔러 가는 곳,패션·잡화 중 '귀금속'을 판매·제공하는 매장,test,귀금속,T4 구어·문장,ea7c690a-1aab-44de-b7b3-b4319e7717a4,보곡당,귀금속,진해중앙시장,전통시장,경상남도,,,
d016e2138cf9fb1fb5fd,full_annotation_v1,A,q_귀금속_01,금 팔러 가는 곳,패션·잡화 중 '귀금속'을 판매·제공하는 매장,test,귀금속,T4 구어·문장,76a3551b-dae4-4326-92cc-662015aedbfb,쉴 곳,한식,칠성로상점가,자율상권구역,제주특별자치도,,,
d5f09d3a1717bbf84c83,full_annotation_v1,A,q_귀금속_01,금 팔러 가는 곳,패션·잡화 중 '귀금속'을 판매·제공하는 매장,test,귀금속,T4 구어·문장,d4a64f69-9b17-4dbb-8c98-d3c2839d136f,백금당,귀금속,난곡골목형상점가,골목형상점가,서울특별시,,,
88aeb53be55dbf06359e,full_annotation_v1,A,q_귀금속_01,금 팔러 가는 곳,패션·잡화 중 '귀금속'을 판매·제공하는 매장,test,귀금속,T4 구어·문장,bd3a58fd-59e3-43e0-a327-61bfcf64b85f,금맥,귀금속,대구패션주얼리특구,자율상권구역,대구광역시,,,
7cd4027e0b1d3fe6fe16,full_annotation_v1,A,q_귀금속_01,금 팔러 가는 곳,패션·잡화 중 '귀금속'을 판매·제공하는 매장,test,귀금속,T4 구어·문장,f831d968-c580-42f8-a8b9-39b9aabc0331,금란당,귀금속,군산중앙로 골목형상점가,골목형상점가,전북특별자치도,,,
4327a935f44b9ec17c78,full_annotation_v1,A,q_귀금속_01,금 팔러 가는 곳,패션·잡화 중 '귀금속'을 판매·제공하는 매장,test,귀금속,T4 구어·문장,049f8988-fdf6-4dac-acb6-ef8b0af859fa,삼성당,시계,해미읍성전통시장,전통시장,충청남도,,,
4824c3635364dc096e6d,full_annotation_v1,A,q_귀금속_01,금 팔러 가는 곳,패션·잡화 중 '귀금속'을 판매·제공하는 매장,test,귀금속,T4 구어·문장,fb28f966-8006-43a5-9c4d-e623b409c83e,보석장,귀금속,창원 가음시장대상가,전통시장,경상남도,,,
8ccef5c9992bda7d0c2e,full_annotation_v1,A,q_귀금속_01,금 팔러 가는 곳,패션·잡화 중 '귀금속'을 판매·제공하는 매장,test,귀금속,T4 구어·문장,734de297-0a6a-419b-84b9-f86639e41eae,명성당,귀금속,횡성전통시장,전통시장,강원특별자치도,,,
155514d76d1e5ef90239,full_annotation_v1,A,q_귀금속_01,금 팔러 가는 곳,패션·잡화 중 '귀금속'을 판매·제공하는 매장,test,귀금속,T4 구어·문장,30bf7d12-c06d-48a4-bcaf-f307725b7ea0,영화귀금속,귀금속,충장로45가 상점가,자율상권구역,광주광역시,,,
30b96f8d143305362aaf,full_annotation_v1,A,q_귀금속_01,금 팔러 가는 곳,패션·잡화 중 '귀금속'을 판매·제공하는 매장,test,귀금속,T4 구어·문장,af841040-0055-4f95-bbe1-b98bb9cf9b59,밀곳,제과,부평깡통시장(구 부산부평시장),전통시장,부산광역시,,,
7af5ae2b40f8b7427937,full_annotation_v1,A,q_귀금속_01,금 팔러 가는 곳,패션·잡화 중 '귀금속'을 판매·제공하는 매장,test,귀금속,T4 구어·문장,d2e24a71-6f56-496d-8b20-62b2f271495f,백두상회 지곡점,,포항 지곡에드빌 골목형상점가,골목형상점가,경상북도,,,
416d4f868ad316d66f2f,full_annotation_v1,A,q_귀금속_01,금 팔러 가는 곳,패션·잡화 중 '귀금속'을 판매·제공하는 매장,test,귀금속,T4 구어·문장,dc9e7dc9-cbea-44eb-8359-0847d103a172,아름보석,금 시계,"일곡동(제4지역:쌍용,호반,청솔2,호반일신,청솔1)",골목형상점가,광주광역시,,,
2bd2abe347be661b3796,full_annotation_v1,A,q_귀금속_01,금 팔러 가는 곳,패션·잡화 중 '귀금속'을 판매·제공하는 매장,test,귀금속,T4 구어·문장,607695d5-67e1-4751-b220-d93cd73d3f21,세금당,귀금속,팔달시장,전통시장,대구광역시,,,
f7c4a81373c317d20e06,full_annotation_v1,A,q_귀금속_01,금 팔러 가는 곳,패션·잡화 중 '귀금속'을 판매·제공하는 매장,test,귀금속,T4 구어·문장,07f8b8f4-9040-49c7-8e2b-25cbd6db3f96,서북당,귀금속,전통중앙도매상가,전통시장,대전광역시,,,
673f7e06862f8558d272,full_annotation_v1,A,q_귀금속_01,금 팔러 가는 곳,패션·잡화 중 '귀금속'을 판매·제공하는 매장,test,귀금속,T4 구어·문장,2bed4eca-ea12-4933-9fc6-07fe5452dd79,황금당,귀금속,부여도심 상권활성화구역,상권활성화구역,충청남도,,,
8f867b8ee9e38c51449c,full_annotation_v1,A,q_귀금속_01,금 팔러 가는 곳,패션·잡화 중 '귀금속'을 판매·제공하는 매장,test,귀금속,T4 구어·문장,df23ac63-7a21-481d-bda5-398f3cd9caa6,보금당,귀금속,망미중앙시장,전통시장,부산광역시,,,
29ce93b898ca006f0a74,full_annotation_v1,A,q_귀금속_01,금 팔러 가는 곳,패션·잡화 중 '귀금속'을 판매·제공하는 매장,test,귀금속,T4 구어·문장,c1dc8fba-5e1c-4c68-b08c-35057da03c63,보금당,귀금속,보라매다올길골목형상점가,골목형상점가,서울특별시,,,
6ced66400adbcdf40426,full_annotation_v1,A,q_귀금속_01,금 팔러 가는 곳,패션·잡화 중 '귀금속'을 판매·제공하는 매장,test,귀금속,T4 구어·문장,4304ee55-bc0b-4f66-933a-fd3e086a5c11,꽃반지,귀금속,㈜르네시떼,전통시장,부산광역시,,,
69a35eb19efcc244571d,full_annotation_v1,A,q_귀금속_01,금 팔러 가는 곳,패션·잡화 중 '귀금속'을 판매·제공하는 매장,test,귀금속,T4 구어·문장,409fe8c3-1560-4d16-bc24-f5781bb345be,종로귀금속,귀금속,전통중앙도매상가,전통시장,대전광역시,,,
76f315bd05e143227250,full_annotation_v1,A,q_귀금속_01,금 팔러 가는 곳,패션·잡화 중 '귀금속'을 판매·제공하는 매장,test,귀금속,T4 구어·문장,aac6b3a7-acb7-4ea4-a532-97b4b4fcf8a8,수금당,귀금속,성남프라자,전통시장,울산광역시,,,
a1bf16b4106edf218b39,full_annotation_v1,A,q_귀금속_01,금 팔러 가는 곳,패션·잡화 중 '귀금속'을 판매·제공하는 매장,test,귀금속,T4 구어·문장,5dceba02-08e9-45ea-bfbe-c443d7fd81f0,서북사,시계 금,지석사거리 골목형상점가,골목형상점가,광주광역시,,,
455292591b6ac5b11ed7,full_annotation_v1,A,q_귀금속_01,금 팔러 가는 곳,패션·잡화 중 '귀금속'을 판매·제공하는 매장,test,귀금속,T4 구어·문장,9cf3c9b7-fd4d-4c0f-93b4-1d78820077e5,향남귀금속,귀금속,향남로 골목형상점가,골목형상점가,경기도,,,
c2441bcb0039b9f02a8f,full_annotation_v1,A,q_귀금속_01,금 팔러 가는 곳,패션·잡화 중 '귀금속'을 판매·제공하는 매장,test,귀금속,T4 구어·문장,052ef594-49c5-4a9e-9a8e-22fe36be376a,금옥당,"금, 은",초량전통시장,전통시장,부산광역시,,,
8e7f65241864f807755a,full_annotation_v1,A,q_귀금속_01,금 팔러 가는 곳,패션·잡화 중 '귀금속'을 판매·제공하는 매장,test,귀금속,T4 구어·문장,69b4bac3-5de5-44c5-b2a7-4d0fbbe3647f,보석당,귀금속,호계종합시장,전통시장,경기도,,,
41fd65c49b43ec07d69f,full_annotation_v1,A,q_귀금속_01,금 팔러 가는 곳,패션·잡화 중 '귀금속'을 판매·제공하는 매장,test,귀금속,T4 구어·문장,e63e5b86-a4d6-4094-9877-46941caa0acd,젬코,귀금속,골드테마거리,전통시장,부산광역시,,,
7ec072d93e8007babf05,full_annotation_v1,A,q_귀금속_01,금 팔러 가는 곳,패션·잡화 중 '귀금속'을 판매·제공하는 매장,test,귀금속,T4 구어·문장,f5050292-2432-443a-a0fa-46f0eb84a244,금옥당,귀금속,괴정골목시장,전통시장,부산광역시,,,
0b5dd2046016e55f93b2,full_annotation_v1,A,q_귀금속_01,금 팔러 가는 곳,패션·잡화 중 '귀금속'을 판매·제공하는 매장,test,귀금속,T4 구어·문장,a691d1b5-fe7f-4c97-a78e-6fa2145af164,골드문,귀금속,서동시장,전통시장,울산광역시,,,
c5fe53bb399d69849e56,full_annotation_v1,A,q_귀금속_01,금 팔러 가는 곳,패션·잡화 중 '귀금속'을 판매·제공하는 매장,test,귀금속,T4 구어·문장,c0563d68-0f81-4872-8cc5-47594d519241,내가 잘가는 미용실,미용실,김천황금시장,전통시장,경상북도,,,
4f5fad72adc45c5ddec7,full_annotation_v1,A,q_귀금속_01,금 팔러 가는 곳,패션·잡화 중 '귀금속'을 판매·제공하는 매장,test,귀금속,T4 구어·문장,0361133a-3124-415a-999c-3ca3a41d9a3e,다온,귀금속,골드테마거리,전통시장,부산광역시,,,
47231759cc81c063f34a,full_annotation_v1,A,q_귀금속_01,금 팔러 가는 곳,패션·잡화 중 '귀금속'을 판매·제공하는 매장,test,귀금속,T4 구어·문장,20e990e4-aaf3-4784-9ba0-caad51d06b23,곳간,한식,수완장덕 골목형상점가,골목형상점가,광주광역시,,,
edd40bcefdf4da9647d8,full_annotation_v1,A,q_귀금속_01,금 팔러 가는 곳,패션·잡화 중 '귀금속'을 판매·제공하는 매장,test,귀금속,T4 구어·문장,0308940f-189d-41bd-9a0c-cae20bfc8b65,실버투유,액세서리,남대문시장,전통시장,서울특별시,,,
ae701117124f392a7b1c,full_annotation_v1,A,q_귀금속_01,금 팔러 가는 곳,패션·잡화 중 '귀금속'을 판매·제공하는 매장,test,귀금속,T4 구어·문장,38734df9-1aea-49b2-9050-25ba327f052d,호박당,금은방(귀금속),전주모래내시장,전통시장,전북특별자치도,,,
be3013752e3fdb563a43,full_annotation_v1,A,q_귀금속_01,금 팔러 가는 곳,패션·잡화 중 '귀금속'을 판매·제공하는 매장,test,귀금속,T4 구어·문장,f26ba2b8-8080-4119-a6dd-c5360e73b267,황금당,금,화정로상가상인회 골목형상점가,골목형상점가,광주광역시,,,
a56e5071a8d053bfcbeb,full_annotation_v1,A,q_귀금속_01,금 팔러 가는 곳,패션·잡화 중 '귀금속'을 판매·제공하는 매장,test,귀금속,T4 구어·문장,17e123ab-fc74-4080-a0d6-7f22b7985670,배통치킨,치킨,남이동길골목형상점가,골목형상점가,서울특별시,,,
4529e3996928815cb608,full_annotation_v1,A,q_귀금속_01,금 팔러 가는 곳,패션·잡화 중 '귀금속'을 판매·제공하는 매장,test,귀금속,T4 구어·문장,49a3fe9c-bbf7-42a9-a741-99166f39ce92,진보당,금은방,진해중앙시장,전통시장,경상남도,,,
bdc928e7fbaa93f70e21,full_annotation_v1,A,q_귀금속_01,금 팔러 가는 곳,패션·잡화 중 '귀금속'을 판매·제공하는 매장,test,귀금속,T4 구어·문장,0cf82b2a-71a4-4657-b871-9a52288c43c1,반지만들기공방반지놀이터울산점,반지만들기,성남먹자골목,골목형상점가,울산광역시,,,
6c9f9516f45c32d8f246,full_annotation_v1,A,q_귀금속_01,금 팔러 가는 곳,패션·잡화 중 '귀금속'을 판매·제공하는 매장,test,귀금속,T4 구어·문장,81155419-03f7-4f67-b5e7-18a00285c5eb,철원금거래소,귀금속,동송전통시장,전통시장,강원특별자치도,,,
5468130966a45cb30390,full_annotation_v1,A,q_귀금속_01,금 팔러 가는 곳,패션·잡화 중 '귀금속'을 판매·제공하는 매장,test,귀금속,T4 구어·문장,c704f88d-4ea8-40a2-bce2-23af9ac7c7eb,팔방,한식,남이동길골목형상점가,골목형상점가,서울특별시,,,
8478d589b31c97a0825f,full_annotation_v1,A,q_귀금속_01,금 팔러 가는 곳,패션·잡화 중 '귀금속'을 판매·제공하는 매장,test,귀금속,T4 구어·문장,00ec77a3-3e9a-4a5b-b837-c4014ef84285,은은하당,귀금속소매업,테크노밸리 골목형상점가,골목형상점가,대전광역시,,,
cadfa0e5a0555159a29b,full_annotation_v1,A,q_귀금속_01,금 팔러 가는 곳,패션·잡화 중 '귀금속'을 판매·제공하는 매장,test,귀금속,T4 구어·문장,016d2bb5-8af2-45c2-8456-33067cd315bb,황금당,"금, 시계",홍성명동상가,자율상권구역,충청남도,,,
10448d687b71ce706939,full_annotation_v1,A,q_귀금속_01,금 팔러 가는 곳,패션·잡화 중 '귀금속'을 판매·제공하는 매장,test,귀금속,T4 구어·문장,0038905e-d969-4b31-b09f-c35bdc0b9b8b,영보석,귀금속,촬영소사거리골목형상점가,골목형상점가,서울특별시,,,
41bdd18eeaa7c3875895,full_annotation_v1,A,q_귀금속_01,금 팔러 가는 곳,패션·잡화 중 '귀금속'을 판매·제공하는 매장,test,귀금속,T4 구어·문장,a8697e9b-8a44-432d-9000-48d99ccc1c83,쥬델,귀금속,중앙종합시장,전통시장,대전광역시,,,
2377e19ceffcebc61568,full_annotation_v1,A,q_귀금속_01,금 팔러 가는 곳,패션·잡화 중 '귀금속'을 판매·제공하는 매장,test,귀금속,T4 구어·문장,cf180480-df0a-4e26-b978-d247cd81be6b,커플링마을광주점,은반지 은팔찌,"금남로4,5가 골목형상점가",골목형상점가,광주광역시,,,
480a48e343452ee31eb6,full_annotation_v1,A,q_귀금속_01,금 팔러 가는 곳,패션·잡화 중 '귀금속'을 판매·제공하는 매장,test,귀금속,T4 구어·문장,a2c182ca-cdcf-453c-a32d-802993ee3091,은백귀금속,귀금속,춘천동부시장,전통시장,강원특별자치도,,,
6f1bbdd1abe8ed307449,full_annotation_v1,A,q_귀금속_01,금 팔러 가는 곳,패션·잡화 중 '귀금속'을 판매·제공하는 매장,test,귀금속,T4 구어·문장,8bf1fc9a-d444-4c19-ae30-cf197c6abd03,팔봉각,,여의동2가 골목형상점가,골목형상점가,전북특별자치도,,,
9008f10d260b36a93362,full_annotation_v1,A,q_귀금속_01,금 팔러 가는 곳,패션·잡화 중 '귀금속'을 판매·제공하는 매장,test,귀금속,T4 구어·문장,842f6cf1-6411-4f4b-be23-746d79e31656,섬곳,한식,플레이사계 지오단길 골목형상점가,골목형상점가,제주특별자치도,,,
574b09183369eb20615e,full_annotation_v1,A,q_귀금속_01,금 팔러 가는 곳,패션·잡화 중 '귀금속'을 판매·제공하는 매장,test,귀금속,T4 구어·문장,f131ac57-c107-4181-8c5d-8a0cbb4ab4c3,명월당,귀금속,위드수암 골목형상점가,골목형상점가,울산광역시,,,
661b9e5cd7649b16d606,full_annotation_v1,A,q_귀금속_01,금 팔러 가는 곳,패션·잡화 중 '귀금속'을 판매·제공하는 매장,test,귀금속,T4 구어·문장,dad46390-cf03-401e-9c75-3cac3f1fb906,좋은사람들,귀금속,오산오색시장(구 오산중앙시장),전통시장,경기도,,,
8bc8674bc4fcadabf540,full_annotation_v1,A,q_귀금속_01,금 팔러 가는 곳,패션·잡화 중 '귀금속'을 판매·제공하는 매장,test,귀금속,T4 구어·문장,022f2fd5-a34e-4313-aad7-e333c361e000,귀금당,귀금속,옥골시장,전통시장,울산광역시,,,
81f68cafd1de7c55e9d8,full_annotation_v1,A,q_귀금속_01,금 팔러 가는 곳,패션·잡화 중 '귀금속'을 판매·제공하는 매장,test,귀금속,T4 구어·문장,c435389f-5ba8-4d71-a178-8b3db0ec08be,정금당,귀금속,천안중앙시장,전통시장,충청남도,,,
9d0d31a57afa59e3798f,full_annotation_v1,A,q_귀금속_01,금 팔러 가는 곳,패션·잡화 중 '귀금속'을 판매·제공하는 매장,test,귀금속,T4 구어·문장,17ce1c6d-7e97-44a9-8bee-82a605b4e6cd,보금당,귀금속,녹색거리상점가,자율상권구역,경기도,,,
3f8cd7b0fadce3dc420e,full_annotation_v1,A,q_귀금속_01,금 팔러 가는 곳,패션·잡화 중 '귀금속'을 판매·제공하는 매장,test,귀금속,T4 구어·문장,59aa9e28-1b79-4fd0-a424-981ff023ac46,보금당,금 시계 은,대송시장,전통시장,울산광역시,,,
9bbc14de984fbe26a6d6,full_annotation_v1,A,q_귀금속_01,금 팔러 가는 곳,패션·잡화 중 '귀금속'을 판매·제공하는 매장,test,귀금속,T4 구어·문장,f501c7e7-8d27-4c88-bd93-e071d6aee917,금방석,귀금속,서남신시장,전통시장,대구광역시,,,
d2ffcc006faddb997460,full_annotation_v1,A,q_귀금속_01,금 팔러 가는 곳,패션·잡화 중 '귀금속'을 판매·제공하는 매장,test,귀금속,T4 구어·문장,0fc4023c-9fa1-4506-ab4d-ca2c3192746f,잘나가는 멋쟁이,여성읠,신부평지하상가,일반지하상점가,인천광역시,,,
76b7d384752e032e8e7e,full_annotation_v1,A,q_귀금속_01,금 팔러 가는 곳,패션·잡화 중 '귀금속'을 판매·제공하는 매장,test,귀금속,T4 구어·문장,e94d5ed9-12e0-4bc9-a7dc-d0576958311a,거금,한식,포항 해도새록새로 골목형상점가,골목형상점가,경상북도,,,
314ce2f9e3320e4ab611,full_annotation_v1,A,q_귀금속_01,금 팔러 가는 곳,패션·잡화 중 '귀금속'을 판매·제공하는 매장,test,귀금속,T4 구어·문장,ed459f76-f67c-40ab-ab41-755ca55e886f,미금사,"금, 은, 시계",마천중앙시장,전통시장,서울특별시,,,
33295b84dca8250a5ce7,full_annotation_v1,A,q_귀금속_01,금 팔러 가는 곳,패션·잡화 중 '귀금속'을 판매·제공하는 매장,test,귀금속,T4 구어·문장,a9c0fbed-aa68-4ecf-a487-b6de49c1ebdb,금시당쥬얼리,"금, 은, 액세서리",대전중앙활성화구역,상권활성화구역,대전광역시,,,
b42bcfabe74839c7563c,full_annotation_v1,A,q_귀금속_01,금 팔러 가는 곳,패션·잡화 중 '귀금속'을 판매·제공하는 매장,test,귀금속,T4 구어·문장,c77e457a-fd7b-4b89-8740-97bf52db2c4d,백억모싯잎송편,모시송편 과자,운암 행복 나눔 골목형상점가,골목형상점가,광주광역시,,,
f88f3a90e92ca2830480,full_annotation_v1,A,q_귀금속_01,금 팔러 가는 곳,패션·잡화 중 '귀금속'을 판매·제공하는 매장,test,귀금속,T4 구어·문장,fdb0c1a6-8ea5-40d4-9ed0-095357f55ee4,보금당,귀금속,"온양온천시장(온양재래시장, 전통시장)",전통시장,충청남도,,,
1bfa2c864c417b2044ab,full_annotation_v1,A,q_귀금속_01,금 팔러 가는 곳,패션·잡화 중 '귀금속'을 판매·제공하는 매장,test,귀금속,T4 구어·문장,c01ef315-5273-480e-a31e-ec2f7509e0cb,금강당,귀금속,남부골목시장,전통시장,서울특별시,,,
ffa6d79c128a59b4bdeb,full_annotation_v1,A,q_귀금속_01,금 팔러 가는 곳,패션·잡화 중 '귀금속'을 판매·제공하는 매장,test,귀금속,T4 구어·문장,e394d3d0-6b9c-498d-a8e5-78df18148e7c,정금당,귀금속,왕십리도선동상점가,자율상권구역,서울특별시,,,
beeba3ae63a61a77a5c6,full_annotation_v1,A,q_귀금속_01,금 팔러 가는 곳,패션·잡화 중 '귀금속'을 판매·제공하는 매장,test,귀금속,T4 구어·문장,045b116c-e7af-48dc-9104-bc56fb91dd7b,정금당(귀금속),귀금속,창원 성원그랜드쇼핑상가,전통시장,경상남도,,,
be073233c659be334967,full_annotation_v1,A,q_귀금속_01,금 팔러 가는 곳,패션·잡화 중 '귀금속'을 판매·제공하는 매장,test,귀금속,T4 구어·문장,085465ef-544c-4898-9421-c8b9babe2186,해와달,소매(준보석),천호로데오거리상점가,자율상권구역,서울특별시,,,
8559844685a1527a9c8e,full_annotation_v1,A,q_귀금속_01,금 팔러 가는 곳,패션·잡화 중 '귀금속'을 판매·제공하는 매장,test,귀금속,T4 구어·문장,fbc3bfab-6035-4b48-832b-761de568779b,천보당,귀금속,창원 명서시장,전통시장,경상남도,,,
c954424ae2b3fe7f7223,full_annotation_v1,A,q_귀금속_01,금 팔러 가는 곳,패션·잡화 중 '귀금속'을 판매·제공하는 매장,test,귀금속,T4 구어·문장,f6c7b5ed-f72e-45c9-a4f8-54e2eab9edf0,보금당,시계 금,길동복조리시장,전통시장,서울특별시,,,
4359d78193f60803eb8e,full_annotation_v1,A,q_귀금속_01,금 팔러 가는 곳,패션·잡화 중 '귀금속'을 판매·제공하는 매장,test,귀금속,T4 구어·문장,0e91fb33-dae3-4417-83a9-0eb35df25ab8,황보당,귀금속,오천시장,전통시장,경상북도,,,
30c77115286347700998,full_annotation_v1,A,q_귀금속_01,금 팔러 가는 곳,패션·잡화 중 '귀금속'을 판매·제공하는 매장,test,귀금속,T4 구어·문장,974eb70f-fe6a-49ac-8f5b-7524dd1cf941,충남사,모자,종오지하쇼핑센터,일반지하상점가,서울특별시,,,
aee33410e57ff30ce4a4,full_annotation_v1,A,q_귀금속_01,금 팔러 가는 곳,패션·잡화 중 '귀금속'을 판매·제공하는 매장,test,귀금속,T4 구어·문장,17b08de5-86f2-4105-8125-4ba52f675f2b,보석당,귀금속,순천원도심상점가,자율상권구역,전라남도,,,
91217764f51b241e5b8f,full_annotation_v1,A,q_귀금속_01,금 팔러 가는 곳,패션·잡화 중 '귀금속'을 판매·제공하는 매장,test,귀금속,T4 구어·문장,c111ac9d-3f3a-405c-a8db-4d127ccda9e2,행복이 있는 곳,잡화,제주로얄쇼핑센터,자율상권구역,제주특별자치도,,,
324a9a489f557fa0a0df,full_annotation_v1,A,q_귀금속_01,금 팔러 가는 곳,패션·잡화 중 '귀금속'을 판매·제공하는 매장,test,귀금속,T4 구어·문장,c08e7841-8300-47be-a070-9624336572e7,찬금당,금 은 시계,영동전통시장,전통시장,서울특별시,,,
e805fce1cb00dd46e3f8,full_annotation_v1,A,q_귀금속_01,금 팔러 가는 곳,패션·잡화 중 '귀금속'을 판매·제공하는 매장,test,귀금속,T4 구어·문장,03d999c9-d1ad-4f94-8fa6-a7f9bf1c412d,갱'S쥬얼리,"귀금속, 시계",신림별빛거리골목형상점가,골목형상점가,서울특별시,,,
b1e006ed98ac3313284c,full_annotation_v1,A,q_귀금속_01,금 팔러 가는 곳,패션·잡화 중 '귀금속'을 판매·제공하는 매장,test,귀금속,T4 구어·문장,d9839019-8879-4533-88bd-90d46421b3b2,행복한,귀금속,골드테마거리,전통시장,부산광역시,,,
857a11d533cd88e6a7e1,full_annotation_v1,A,q_귀금속_01,금 팔러 가는 곳,패션·잡화 중 '귀금속'을 판매·제공하는 매장,test,귀금속,T4 구어·문장,004eaf2b-83b1-4387-9843-85074f3b3f6f,색동보석,보석,충주자유시장,전통시장,충청북도,,,
2ae294a71970e9e66ea3,full_annotation_v1,A,q_귀금속_01,금 팔러 가는 곳,패션·잡화 중 '귀금속'을 판매·제공하는 매장,test,귀금속,T4 구어·문장,1758a148-4d0f-43ee-8d71-2f39c0a84e5f,053웨이브(wave),,교동연합,골목형상점가,대구광역시,,,
c57e88fde6668e706577,full_annotation_v1,A,q_귀금속_01,금 팔러 가는 곳,패션·잡화 중 '귀금속'을 판매·제공하는 매장,test,귀금속,T4 구어·문장,905fdfef-83ca-4ed1-be97-3b0170dabcdb,젬하우스,악세사리 반지공방,신사세로수길골목형상점가,골목형상점가,서울특별시,,,
3f1ad7b2b45573e2eb15,full_annotation_v1,A,q_귀금속_01,금 팔러 가는 곳,패션·잡화 중 '귀금속'을 판매·제공하는 매장,test,귀금속,T4 구어·문장,1c5e7c39-a265-449a-b66f-fefb1f9a7889,중앙보석,"금, 은",역전지하상가,일반지하상점가,대전광역시,,,
c9a61f0471b5094264cf,full_annotation_v1,A,q_귀금속_01,금 팔러 가는 곳,패션·잡화 중 '귀금속'을 판매·제공하는 매장,test,귀금속,T4 구어·문장,199250ff-d01b-4ffb-aea7-ab9b2742ee9a,금옥당,귀금속,팔등로기부거리,골목형상점가,울산광역시,,,
81be547b209329bc51eb,full_annotation_v1,A,q_귀금속_01,금 팔러 가는 곳,패션·잡화 중 '귀금속'을 판매·제공하는 매장,test,귀금속,T4 구어·문장,be58611b-5fa8-4ac2-beca-f75b2b31c544,쥬얼리,귀금속,포항중앙상가,전통시장,경상북도,,,
c0ac286efd32cdc06db3,full_annotation_v1,A,q_귀금속_01,금 팔러 가는 곳,패션·잡화 중 '귀금속'을 판매·제공하는 매장,test,귀금속,T4 구어·문장,7049cdfb-6b69-4364-b573-3167fb75ce3f,오팔하우스,금,은마종합상점가,자율상권구역,서울특별시,,,
b6d059ee540be8edd010,full_annotation_v1,A,q_귀금속_01,금 팔러 가는 곳,패션·잡화 중 '귀금속'을 판매·제공하는 매장,test,귀금속,T4 구어·문장,ed04cea8-27e0-4d42-9c1d-435e749d385d,삼보당,귀금속,솔샘시장 골목형상점가,골목형상점가,서울특별시,,,
abcc46cb2f1efb9719a5,full_annotation_v1,A,q_귀금속_01,금 팔러 가는 곳,패션·잡화 중 '귀금속'을 판매·제공하는 매장,test,귀금속,T4 구어·문장,57ed8e5f-3d34-4037-8b0a-1d34333f739b,금줄,귀금속,대구패션주얼리특구,자율상권구역,대구광역시,,,
e58bc8d49428a06ae22b,full_annotation_v1,A,q_귀금속_01,금 팔러 가는 곳,패션·잡화 중 '귀금속'을 판매·제공하는 매장,test,귀금속,T4 구어·문장,71d18af8-c181-42d6-9669-e958d73bb611,장수옥갈비,한식,금호1동상가번영회 골목형상점가,골목형상점가,광주광역시,,,
d20e30de5b96260fd020,full_annotation_v1,A,q_귀금속_01,금 팔러 가는 곳,패션·잡화 중 '귀금속'을 판매·제공하는 매장,test,귀금속,T4 구어·문장,c629ece4-02c6-4829-ac0b-da16e1d748b9,정확사,귀금속,구리전통시장,전통시장,경기도,,,
0331d1aab2a43324bfd0,full_annotation_v1,A,q_귀금속_01,금 팔러 가는 곳,패션·잡화 중 '귀금속'을 판매·제공하는 매장,test,귀금속,T4 구어·문장,3e83d8ee-19b6-4f78-bef8-4ccd8a6acda2,동광당,금은방,전주중앙상가시장,전통시장,전북특별자치도,,,
daac9df430ad9199eb06,full_annotation_v1,A,q_귀금속_01,금 팔러 가는 곳,패션·잡화 중 '귀금속'을 판매·제공하는 매장,test,귀금속,T4 구어·문장,6b614986-d73c-462a-bd15-b86a6ad88de2,뉴골드,"금, 은, 귀금속",전통중앙도매상가,전통시장,대전광역시,,,
4e522cbb9b5d3dc6288b,full_annotation_v1,A,q_귀금속_01,금 팔러 가는 곳,패션·잡화 중 '귀금속'을 판매·제공하는 매장,test,귀금속,T4 구어·문장,b8e89e46-66be-42e4-b87d-b605bc3b135a,찾아가는 한우,한식,의왕도깨비시장,전통시장,경기도,,,
52e42687ad63705c4441,full_annotation_v1,A,q_귀금속_01,금 팔러 가는 곳,패션·잡화 중 '귀금속'을 판매·제공하는 매장,test,귀금속,T4 구어·문장,4acf4fc4-5074-4b85-9054-a44171285020,바이오풋케어&아임뷰티,이미용업,내상로 골목형상점가,골목형상점가,광주광역시,,,
e9575d93a51a8f9ea7d5,full_annotation_v1,A,q_귀금속_01,금 팔러 가는 곳,패션·잡화 중 '귀금속'을 판매·제공하는 매장,test,귀금속,T4 구어·문장,0da63e5c-a9fb-41a1-872c-ff5dc1062a61,보광골드,"금, 은, 시계",군산나운상가 골목형상점가,골목형상점가,전북특별자치도,,,
ebd1aca83aa24971e2c4,full_annotation_v1,A,q_귀금속_01,금 팔러 가는 곳,패션·잡화 중 '귀금속'을 판매·제공하는 매장,test,귀금속,T4 구어·문장,6e140458-ff7c-403a-a918-9a5f41a1683c,부금당금방,금 은 보석 시계 악세사리,일곡동 골목형상점가,골목형상점가,광주광역시,,,
3ed0ace02c3e957836ee,full_annotation_v1,A,q_귀금속_01,금 팔러 가는 곳,패션·잡화 중 '귀금속'을 판매·제공하는 매장,test,귀금속,T4 구어·문장,8ae5f0e8-adea-4aa9-9db5-6fa3245963ad,보석정,귀금속,능곡시장(구 능곡전통시장),전통시장,경기도,,,
20468b102d955ae13279,full_annotation_v1,A,q_귀금속_01,금 팔러 가는 곳,패션·잡화 중 '귀금속'을 판매·제공하는 매장,test,귀금속,T4 구어·문장,a2421117-3144-4c43-b2f4-e7aaba603ad3,사론,귀금속,골드테마거리,전통시장,부산광역시,,,
7916a68fd63115a5f627,full_annotation_v1,A,q_귀금속_01,금 팔러 가는 곳,패션·잡화 중 '귀금속'을 판매·제공하는 매장,test,귀금속,T4 구어·문장,4af6128c-51b1-4ea8-ae60-2b958126a172,원보석,소매(금은방),우림골목시장,전통시장,서울특별시,,,
d7e40daa54a9e9d14806,full_annotation_v1,A,q_귀금속_01,금 팔러 가는 곳,패션·잡화 중 '귀금속'을 판매·제공하는 매장,test,귀금속,T4 구어·문장,03425599-9eed-4d3b-8682-d3c2e620325e,초량전통시장 노점매대 54번,액세서리,초량전통시장,전통시장,부산광역시,,,
be386d07c0be6e89c07c,full_annotation_v1,A,q_귀금속_01,금 팔러 가는 곳,패션·잡화 중 '귀금속'을 판매·제공하는 매장,test,귀금속,T4 구어·문장,53c4c6cc-37b3-4ad8-87d7-a7c97ea1358c,귀금속프라자,귀금속,사강시장,전통시장,경기도,,,
1d7ba7b6e902ceb395cf,full_annotation_v1,A,q_귀금속_01,금 팔러 가는 곳,패션·잡화 중 '귀금속'을 판매·제공하는 매장,test,귀금속,T4 구어·문장,b6aa00ab-ee3d-4642-b765-45a2e1634ae2,피코크,귀금속,골드테마거리,전통시장,부산광역시,,,
1cdb79ad14df489fcf9e,full_annotation_v1,A,q_귀금속_01,금 팔러 가는 곳,패션·잡화 중 '귀금속'을 판매·제공하는 매장,test,귀금속,T4 구어·문장,76c53d76-02d4-49d9-93fb-2ce9d1171ff1,꿀복이 꽈배기 인수점,꽈배기,인수로골목형상점가,골목형상점가,서울특별시,,,
d5ea7a69ecfd9cf43697,full_annotation_v1,A,q_귀금속_01,금 팔러 가는 곳,패션·잡화 중 '귀금속'을 판매·제공하는 매장,test,귀금속,T4 구어·문장,bfcb4924-5a40-4cd8-8ede-d7d41522825e,보금당,귀금속,삼송상점가,자율상권구역,경기도,,,
16d65ada7684e8e243cf,full_annotation_v1,A,q_귀금속_01,금 팔러 가는 곳,패션·잡화 중 '귀금속'을 판매·제공하는 매장,test,귀금속,T4 구어·문장,38fe00fd-7bd1-4b4e-8cc0-beb918d637b4,원금당,"금, 은",역전지하상가,일반지하상점가,대전광역시,,,
159b5179e59490ed503f,full_annotation_v1,A,q_귀금속_01,금 팔러 가는 곳,패션·잡화 중 '귀금속'을 판매·제공하는 매장,test,귀금속,T4 구어·문장,5f90571a-1c68-418a-93af-00cb901c5569,원일귀금속,귀금속,골드테마거리,전통시장,부산광역시,,,
622a16391376dac70486,full_annotation_v1,A,q_귀금속_01,금 팔러 가는 곳,패션·잡화 중 '귀금속'을 판매·제공하는 매장,test,귀금속,T4 구어·문장,14e9f9e7-6e3a-4a52-a83f-910c14f0896b,이노티안경&렌즈미 두암타운점,안경렌즈,두암타운 골목형상점가,골목형상점가,광주광역시,,,
475c0dd9ea823338ffa5,full_annotation_v1,A,q_귀금속_02,귀금속,패션·잡화 중 '귀금속'을 판매·제공하는 매장,test,귀금속,T1 정확표기,5b626bfd-6a75-4dd1-adeb-ba95302874ce,에쎄귀금속,귀금속,창원 상남시장,전통시장,경상남도,,,
64ce5016b420080b0c90,full_annotation_v1,A,q_귀금속_02,귀금속,패션·잡화 중 '귀금속'을 판매·제공하는 매장,test,귀금속,T1 정확표기,cf93d301-e03e-4693-8afb-9b2426c4b9d2,백금당,금은방,동쪽바다중앙시장(구 동해중앙시장),전통시장,강원특별자치도,,,
3df8349082d812437add,full_annotation_v1,A,q_귀금속_02,귀금속,패션·잡화 중 '귀금속'을 판매·제공하는 매장,test,귀금속,T1 정확표기,46a227f2-0513-45b2-8b29-f8ae75d4e2c0,당나귀금거래소,귀금속,방이시장,전통시장,서울특별시,,,
8059d573075c79370d72,full_annotation_v1,A,q_귀금속_02,귀금속,패션·잡화 중 '귀금속'을 판매·제공하는 매장,test,귀금속,T1 정확표기,eab6ecf9-595b-41cb-a8c7-7b38c8b9d1ce,이즈마이주얼리,귀금속,위드수암 골목형상점가,골목형상점가,울산광역시,,,
b3126563af4d01b29d11,full_annotation_v1,A,q_귀금속_02,귀금속,패션·잡화 중 '귀금속'을 판매·제공하는 매장,test,귀금속,T1 정확표기,18e24926-e1c8-4931-877d-079643547bf4,화성당,금은시계,전주중앙상가시장,전통시장,전북특별자치도,,,
ae8cc89ec6a255b2948a,full_annotation_v1,A,q_귀금속_02,귀금속,패션·잡화 중 '귀금속'을 판매·제공하는 매장,test,귀금속,T1 정확표기,a2b91ba6-d538-43b5-bdc0-7b3f7df0ede9,흰,귀금속,북촌계동길골목형상점가,골목형상점가,서울특별시,,,
6b24094027e4cf95f921,full_annotation_v1,A,q_귀금속_02,귀금속,패션·잡화 중 '귀금속'을 판매·제공하는 매장,test,귀금속,T1 정확표기,1548b8f8-fe1c-4fe8-9804-2b66f2378c07,황금당,귀금속,조암시장,전통시장,경기도,,,
b169c3b3840b30e7f8ad,full_annotation_v1,A,q_귀금속_02,귀금속,패션·잡화 중 '귀금속'을 판매·제공하는 매장,test,귀금속,T1 정확표기,4f2eeb24-3135-457a-ad76-b0a9bda5e930,상금당,귀금속,개금골목시장,전통시장,부산광역시,,,
4b27dfdd769ecf9c898e,full_annotation_v1,A,q_귀금속_02,귀금속,패션·잡화 중 '귀금속'을 판매·제공하는 매장,test,귀금속,T1 정확표기,409fe8c3-1560-4d16-bc24-f5781bb345be,종로귀금속,귀금속,전통중앙도매상가,전통시장,대전광역시,,,
70f71e61735bc5b8b32e,full_annotation_v1,A,q_귀금속_02,귀금속,패션·잡화 중 '귀금속'을 판매·제공하는 매장,test,귀금속,T1 정확표기,984688cd-cd46-4095-8d30-47ee49c3efec,형제금방,금은방,보령한내시장,전통시장,충청남도,,,
3730015ab2e1c2c61799,full_annotation_v1,A,q_귀금속_02,귀금속,패션·잡화 중 '귀금속'을 판매·제공하는 매장,test,귀금속,T1 정확표기,de220091-6eff-4423-be02-599409d033bc,마루한정식,한식,산업용재관,전통시장,대구광역시,,,
a48def11452740d6e591,full_annotation_v1,A,q_귀금속_02,귀금속,패션·잡화 중 '귀금속'을 판매·제공하는 매장,test,귀금속,T1 정확표기,9cf3c9b7-fd4d-4c0f-93b4-1d78820077e5,향남귀금속,귀금속,향남로 골목형상점가,골목형상점가,경기도,,,
caf2ba9851d739113a68,full_annotation_v1,A,q_귀금속_02,귀금속,패션·잡화 중 '귀금속'을 판매·제공하는 매장,test,귀금속,T1 정확표기,085465ef-544c-4898-9421-c8b9babe2186,해와달,소매(준보석),천호로데오거리상점가,자율상권구역,서울특별시,,,
393f3ef97772f99ddc31,full_annotation_v1,A,q_귀금속_02,귀금속,패션·잡화 중 '귀금속'을 판매·제공하는 매장,test,귀금속,T1 정확표기,734de297-0a6a-419b-84b9-f86639e41eae,명성당,귀금속,횡성전통시장,전통시장,강원특별자치도,,,
3f18acbdc74d1263ca79,full_annotation_v1,A,q_귀금속_02,귀금속,패션·잡화 중 '귀금속'을 판매·제공하는 매장,test,귀금속,T1 정확표기,807b2134-fdd1-4fb1-af83-a182bfcabe1e,보금당,귀금속,용호골목시장,전통시장,부산광역시,,,
de33df67fb44b640f3e1,full_annotation_v1,A,q_귀금속_02,귀금속,패션·잡화 중 '귀금속'을 판매·제공하는 매장,test,귀금속,T1 정확표기,fc13f70f-fc22-4f62-8e4f-ed8bc8960ee8,백금당,귀금속,신평시장,전통시장,충청남도,,,
b5d0057104df74ecbf23,full_annotation_v1,A,q_귀금속_02,귀금속,패션·잡화 중 '귀금속'을 판매·제공하는 매장,test,귀금속,T1 정확표기,73ec7fde-e568-490b-b6ff-91787aa3f7cb,쥬엘,귀금속,대구패션주얼리특구,자율상권구역,대구광역시,,,
5f12663ca8ea6cb157eb,full_annotation_v1,A,q_귀금속_02,귀금속,패션·잡화 중 '귀금속'을 판매·제공하는 매장,test,귀금속,T1 정확표기,595e9f12-9ff0-4c5d-8b49-e0fbb70a816b,하목리,귀금속,골드테마거리,전통시장,부산광역시,,,
c6b6c73fdbb302d07926,full_annotation_v1,A,q_귀금속_02,귀금속,패션·잡화 중 '귀금속'을 판매·제공하는 매장,test,귀금속,T1 정확표기,560c610f-5a45-486a-9a82-d6cf1d9f69e6,대보당,귀금속,문창동 보물찾(Chat)길 골목형상점가,골목형상점가,대전광역시,,,
95d01fb0ec0c64b64299,full_annotation_v1,A,q_귀금속_02,귀금속,패션·잡화 중 '귀금속'을 판매·제공하는 매장,test,귀금속,T1 정확표기,a45e1aa8-107e-4d4d-b3a6-1a6497228750,정금당,귀금속,유진상가,전통시장,서울특별시,,,
b4337b9f935f5bc135a4,full_annotation_v1,A,q_귀금속_02,귀금속,패션·잡화 중 '귀금속'을 판매·제공하는 매장,test,귀금속,T1 정확표기,237b8724-d54e-4896-b7b2-eb4adcbf69fe,금은당,귀금속,오창전통시장,전통시장,충청북도,,,
56518b19b8b438357f8f,full_annotation_v1,A,q_귀금속_02,귀금속,패션·잡화 중 '귀금속'을 판매·제공하는 매장,test,귀금속,T1 정확표기,bf7a2f42-e96b-4247-9c8d-df25a3dc8562,황금당,귀금속,서산중심상가,자율상권구역,충청남도,,,
b7b32c0e746a60111b95,full_annotation_v1,A,q_귀금속_02,귀금속,패션·잡화 중 '귀금속'을 판매·제공하는 매장,test,귀금속,T1 정확표기,f501c7e7-8d27-4c88-bd93-e071d6aee917,금방석,귀금속,서남신시장,전통시장,대구광역시,,,
b4006ba9e071357230cd,full_annotation_v1,A,q_귀금속_02,귀금속,패션·잡화 중 '귀금속'을 판매·제공하는 매장,test,귀금속,T1 정확표기,b4f53bdf-cf9c-43d5-8b20-0368e3155170,헤라,귀금속,동산상가,전통시장,대구광역시,,,
8cbc49bc909d3c43dc51,full_annotation_v1,A,q_귀금속_02,귀금속,패션·잡화 중 '귀금속'을 판매·제공하는 매장,test,귀금속,T1 정확표기,a26d3443-5f75-4224-8f73-c7d1da43520a,낭만정육점,정육,창원 가음정시장,전통시장,경상남도,,,
f341dccff4dcf42b29e7,full_annotation_v1,A,q_귀금속_02,귀금속,패션·잡화 중 '귀금속'을 판매·제공하는 매장,test,귀금속,T1 정확표기,0df2a5d3-1035-45b4-913d-eaba06a2f9d4,예쁜청,여자용 겉옷,부평대아지하상점가,일반지하상점가,인천광역시,,,
806156a93782019645ff,full_annotation_v1,A,q_귀금속_02,귀금속,패션·잡화 중 '귀금속'을 판매·제공하는 매장,test,귀금속,T1 정확표기,862680ab-103e-4357-a1f0-d727d4f38db2,풍암보석,금은시계,풍암1로상인회 골목형상점가,골목형상점가,광주광역시,,,
73eba102efec0ecd66f6,full_annotation_v1,A,q_귀금속_02,귀금속,패션·잡화 중 '귀금속'을 판매·제공하는 매장,test,귀금속,T1 정확표기,a84325be-be8c-465e-93fb-6ae0068b5551,금반지,금은세공,광복마을푸른길 골목형상점가,골목형상점가,광주광역시,,,
8cf0d05d19512d117bd2,full_annotation_v1,A,q_귀금속_02,귀금속,패션·잡화 중 '귀금속'을 판매·제공하는 매장,test,귀금속,T1 정확표기,c01ef315-5273-480e-a31e-ec2f7509e0cb,금강당,귀금속,남부골목시장,전통시장,서울특별시,,,
c83cadd0868b68091f81,full_annotation_v1,A,q_귀금속_02,귀금속,패션·잡화 중 '귀금속'을 판매·제공하는 매장,test,귀금속,T1 정확표기,2def96be-e339-4079-824e-4349a9f9732c,금은동축산,정육,부평깡시장,전통시장,인천광역시,,,
a3408a55db3964f5dcac,full_annotation_v1,A,q_귀금속_02,귀금속,패션·잡화 중 '귀금속'을 판매·제공하는 매장,test,귀금속,T1 정확표기,0056f9b4-b953-40f2-b820-71d6e7b46c58,주얼리루비,귀금속,하남 골목형상점가,골목형상점가,광주광역시,,,
160469b927d5df019cc1,full_annotation_v1,A,q_귀금속_02,귀금속,패션·잡화 중 '귀금속'을 판매·제공하는 매장,test,귀금속,T1 정확표기,fb28f966-8006-43a5-9c4d-e623b409c83e,보석장,귀금속,창원 가음시장대상가,전통시장,경상남도,,,
22e5a8055043c9f5e4fe,full_annotation_v1,A,q_귀금속_02,귀금속,패션·잡화 중 '귀금속'을 판매·제공하는 매장,test,귀금속,T1 정확표기,50acf00b-db42-450e-9d1c-57cb858e220d,종로귀금속주식회사,귀금속,수원남문로데오시장,전통시장,경기도,,,
4c064eaef1140252962c,full_annotation_v1,A,q_귀금속_02,귀금속,패션·잡화 중 '귀금속'을 판매·제공하는 매장,test,귀금속,T1 정확표기,a2c182ca-cdcf-453c-a32d-802993ee3091,은백귀금속,귀금속,춘천동부시장,전통시장,강원특별자치도,,,
de5bf235192b367493ab,full_annotation_v1,A,q_귀금속_02,귀금속,패션·잡화 중 '귀금속'을 판매·제공하는 매장,test,귀금속,T1 정확표기,53c4c6cc-37b3-4ad8-87d7-a7c97ea1358c,귀금속프라자,귀금속,사강시장,전통시장,경기도,,,
8e1de320b7a460e6b8b7,full_annotation_v1,A,q_귀금속_02,귀금속,패션·잡화 중 '귀금속'을 판매·제공하는 매장,test,귀금속,T1 정확표기,9bb2b4f7-bc8e-4d79-ac2c-99a5cc08789f,진선우 유한책임회사,농산물,숭인시장,전통시장,서울특별시,,,
8de8d1d6b300c4c72484,full_annotation_v1,A,q_귀금속_02,귀금속,패션·잡화 중 '귀금속'을 판매·제공하는 매장,test,귀금속,T1 정확표기,a5f8b46d-9f4d-4295-ac59-1f472c49855b,베자렐앤코,귀금속,나릿재마크원 골목형상점가,골목형상점가,세종특별자치시,,,
9a229362bdd7e698e1f9,full_annotation_v1,A,q_귀금속_02,귀금속,패션·잡화 중 '귀금속'을 판매·제공하는 매장,test,귀금속,T1 정확표기,016d2bb5-8af2-45c2-8456-33067cd315bb,황금당,"금, 시계",홍성명동상가,자율상권구역,충청남도,,,
d0a85c6cd6086f8f60fd,full_annotation_v1,A,q_귀금속_02,귀금속,패션·잡화 중 '귀금속'을 판매·제공하는 매장,test,귀금속,T1 정확표기,bb840349-5f48-48a5-8700-46fea0ec2d78,보석사랑,금은방,괴산시장,전통시장,충청북도,,,
1436c871da94ac4f704e,full_annotation_v1,A,q_귀금속_02,귀금속,패션·잡화 중 '귀금속'을 판매·제공하는 매장,test,귀금속,T1 정확표기,30bf7d12-c06d-48a4-bcaf-f307725b7ea0,영화귀금속,귀금속,충장로45가 상점가,자율상권구역,광주광역시,,,
d63cdbc37f73203f506e,full_annotation_v1,A,q_귀금속_02,귀금속,패션·잡화 중 '귀금속'을 판매·제공하는 매장,test,귀금속,T1 정확표기,0cf82b2a-71a4-4657-b871-9a52288c43c1,반지만들기공방반지놀이터울산점,반지만들기,성남먹자골목,골목형상점가,울산광역시,,,
039b15b9c315c78e1642,full_annotation_v1,A,q_귀금속_02,귀금속,패션·잡화 중 '귀금속'을 판매·제공하는 매장,test,귀금속,T1 정확표기,90ca722d-c33f-47cb-8076-38f918299e43,금은장,귀금속,신월7동골목형상점가,골목형상점가,서울특별시,,,
2e5a2053de02975fb3de,full_annotation_v1,A,q_귀금속_02,귀금속,패션·잡화 중 '귀금속'을 판매·제공하는 매장,test,귀금속,T1 정확표기,0188cda6-6441-4058-82b0-0cb89e035583,친한친구,액세서리,㈜르네시떼,전통시장,부산광역시,,,
4d2f4a1eff247d609b7e,full_annotation_v1,A,q_귀금속_02,귀금속,패션·잡화 중 '귀금속'을 판매·제공하는 매장,test,귀금속,T1 정확표기,a54a3ab8-d1b5-4844-80b7-ac70fad66dc0,에테르주얼리,반지 및 악세서리,대봉애 골목형상점가,골목형상점가,대구광역시,,,
31cc9cb430de23567f05,full_annotation_v1,A,q_귀금속_02,귀금속,패션·잡화 중 '귀금속'을 판매·제공하는 매장,test,귀금속,T1 정확표기,03398f1a-7a3f-446a-83bd-af19448c925b,미석,귀금속,창원 성원그랜드쇼핑상가,전통시장,경상남도,,,
65ba0e3c9426f0df9fd3,full_annotation_v1,A,q_귀금속_02,귀금속,패션·잡화 중 '귀금속'을 판매·제공하는 매장,test,귀금속,T1 정확표기,db2144ab-0133-4497-bfae-07618e32821d,광덕공예사,금은세공,진주 중앙시장,전통시장,경상남도,,,
272a1ecf1eba66d9f204,full_annotation_v1,A,q_귀금속_02,귀금속,패션·잡화 중 '귀금속'을 판매·제공하는 매장,test,귀금속,T1 정확표기,07f8b8f4-9040-49c7-8e2b-25cbd6db3f96,서북당,귀금속,전통중앙도매상가,전통시장,대전광역시,,,
b26cb2e134d65857e048,full_annotation_v1,A,q_귀금속_02,귀금속,패션·잡화 중 '귀금속'을 판매·제공하는 매장,test,귀금속,T1 정확표기,3e83d8ee-19b6-4f78-bef8-4ccd8a6acda2,동광당,금은방,전주중앙상가시장,전통시장,전북특별자치도,,,
ed22579d1255d05892b1,full_annotation_v1,A,q_귀금속_02,귀금속,패션·잡화 중 '귀금속'을 판매·제공하는 매장,test,귀금속,T1 정확표기,e83bf675-e9c9-45e5-b359-c949658e3e9c,금장,귀금속,장위전통시장,전통시장,서울특별시,,,
bcea24e8b271a86b5bad,full_annotation_v1,A,q_귀금속_02,귀금속,패션·잡화 중 '귀금속'을 판매·제공하는 매장,test,귀금속,T1 정확표기,c3a34fc5-08d8-4a3b-8121-001753cd64e7,코코주얼리,귀금속,골드테마거리,전통시장,부산광역시,,,
67d6436fb8d3c8482f16,full_annotation_v1,A,q_귀금속_02,귀금속,패션·잡화 중 '귀금속'을 판매·제공하는 매장,test,귀금속,T1 정확표기,a2421117-3144-4c43-b2f4-e7aaba603ad3,사론,귀금속,골드테마거리,전통시장,부산광역시,,,
32311d0c4ddcd1ef0513,full_annotation_v1,A,q_귀금속_02,귀금속,패션·잡화 중 '귀금속'을 판매·제공하는 매장,test,귀금속,T1 정확표기,a974a887-c02b-4e9c-9635-e4e597a333fa,좋은방,내의판매,신철원시장,전통시장,강원특별자치도,,,
b5bcba30b84278f25975,full_annotation_v1,A,q_귀금속_02,귀금속,패션·잡화 중 '귀금속'을 판매·제공하는 매장,test,귀금속,T1 정확표기,f831d968-c580-42f8-a8b9-39b9aabc0331,금란당,귀금속,군산중앙로 골목형상점가,골목형상점가,전북특별자치도,,,
c3540fa0a84e5fb9cb36,full_annotation_v1,A,q_귀금속_02,귀금속,패션·잡화 중 '귀금속'을 판매·제공하는 매장,test,귀금속,T1 정확표기,ea7c690a-1aab-44de-b7b3-b4319e7717a4,보곡당,귀금속,진해중앙시장,전통시장,경상남도,,,
44d5a98aad718c3e29e1,full_annotation_v1,A,q_귀금속_02,귀금속,패션·잡화 중 '귀금속'을 판매·제공하는 매장,test,귀금속,T1 정확표기,2fb7c102-9be3-4546-b581-0b6d92ce9109,황금당,귀금속,덕신1차시장,전통시장,울산광역시,,,
04a7a9b3e41439d91ad9,full_annotation_v1,A,q_귀금속_02,귀금속,패션·잡화 중 '귀금속'을 판매·제공하는 매장,test,귀금속,T1 정확표기,6b5a60ab-09cc-4003-9fee-72784fcacf0d,황금당,귀금속,"온양온천시장(온양재래시장, 전통시장)",전통시장,충청남도,,,
28c81eeb8726bff94bb6,full_annotation_v1,A,q_귀금속_02,귀금속,패션·잡화 중 '귀금속'을 판매·제공하는 매장,test,귀금속,T1 정확표기,95c74ed8-80f0-47a7-915d-1b0d948b23bb,불로초장터,분식,서귀포매일올레시장,전통시장,제주특별자치도,,,
c5d9e9118e013f1718b6,full_annotation_v1,A,q_귀금속_02,귀금속,패션·잡화 중 '귀금속'을 판매·제공하는 매장,test,귀금속,T1 정확표기,f45abf0c-0035-4de1-a0a9-9f1606bcff49,오다,장식용그릇,방천시장,전통시장,대구광역시,,,
75cfb4cb7f7358aea96d,full_annotation_v1,A,q_귀금속_02,귀금속,패션·잡화 중 '귀금속'을 판매·제공하는 매장,test,귀금속,T1 정확표기,b5e0fd5f-6c4b-42eb-8c1f-5b81951d2cca,우일사,시계 금은 장신구,현대시장,전통시장,인천광역시,,,
9dea68917433b38a6e2a,full_annotation_v1,A,q_귀금속_02,귀금속,패션·잡화 중 '귀금속'을 판매·제공하는 매장,test,귀금속,T1 정확표기,f9cb26c5-8d3b-44e8-9485-391635810401,쥬벨,귀금속,골드테마거리,전통시장,부산광역시,,,
39d072f9988fe13d0984,full_annotation_v1,A,q_귀금속_02,귀금속,패션·잡화 중 '귀금속'을 판매·제공하는 매장,test,귀금속,T1 정확표기,370fe534-4763-4278-80e8-09bb0ba40c97,진금당,귀금속,도곡시장,자율상권구역,서울특별시,,,
3a97a60236ed7b038076,full_annotation_v1,A,q_귀금속_02,귀금속,패션·잡화 중 '귀금속'을 판매·제공하는 매장,test,귀금속,T1 정확표기,c9c98e8d-d3b3-432c-bb0d-b32a6233ab11,시장분식,한식,사천 삼천포중앙시장,전통시장,경상남도,,,
8ed1fe976630143b1e42,full_annotation_v1,A,q_귀금속_02,귀금속,패션·잡화 중 '귀금속'을 판매·제공하는 매장,test,귀금속,T1 정확표기,c435389f-5ba8-4d71-a178-8b3db0ec08be,정금당,귀금속,천안중앙시장,전통시장,충청남도,,,
2c3f537e1c4cd4e64285,full_annotation_v1,A,q_귀금속_02,귀금속,패션·잡화 중 '귀금속'을 판매·제공하는 매장,test,귀금속,T1 정확표기,cf180480-df0a-4e26-b978-d247cd81be6b,커플링마을광주점,은반지 은팔찌,"금남로4,5가 골목형상점가",골목형상점가,광주광역시,,,
f89621f338f8e92251ee,full_annotation_v1,A,q_귀금속_02,귀금속,패션·잡화 중 '귀금속'을 판매·제공하는 매장,test,귀금속,T1 정확표기,5f76c41d-31d2-4395-90f7-2e0a47c01605,박씨금은방,귀금속,창원 성원그랜드쇼핑상가,전통시장,경상남도,,,
423a537233426590f926,full_annotation_v1,A,q_귀금속_02,귀금속,패션·잡화 중 '귀금속'을 판매·제공하는 매장,test,귀금속,T1 정확표기,4eda9c8b-ebeb-4ba5-9a46-c938fb0a090a,황금당,귀금속,양곡시장,전통시장,경기도,,,
97898837ec44c9c6fa96,full_annotation_v1,A,q_귀금속_02,귀금속,패션·잡화 중 '귀금속'을 판매·제공하는 매장,test,귀금속,T1 정확표기,4c3c3921-e358-41a7-8ee0-4e43be556b49,황석,귀금속,대구패션주얼리특구,자율상권구역,대구광역시,,,
d4e9ecb244c15ab6b079,full_annotation_v1,A,q_귀금속_02,귀금속,패션·잡화 중 '귀금속'을 판매·제공하는 매장,test,귀금속,T1 정확표기,045b116c-e7af-48dc-9104-bc56fb91dd7b,정금당(귀금속),귀금속,창원 성원그랜드쇼핑상가,전통시장,경상남도,,,
99689293144ce254aa90,full_annotation_v1,A,q_귀금속_02,귀금속,패션·잡화 중 '귀금속'을 판매·제공하는 매장,test,귀금속,T1 정확표기,f431b3e1-57e4-4ed4-8b3f-6d72b872cb78,중앙사,귀금속,남양주장현전통시장,전통시장,경기도,,,
6aa8c16d484975a981e1,full_annotation_v1,A,q_귀금속_02,귀금속,패션·잡화 중 '귀금속'을 판매·제공하는 매장,test,귀금속,T1 정확표기,685409c5-1d12-4a58-a054-317e1733cfb1,보금당,귀금속,새마을시장,전통시장,서울특별시,,,
a10639a53b0aa9ef84b0,full_annotation_v1,A,q_귀금속_02,귀금속,패션·잡화 중 '귀금속'을 판매·제공하는 매장,test,귀금속,T1 정확표기,905fdfef-83ca-4ed1-be97-3b0170dabcdb,젬하우스,악세사리 반지공방,신사세로수길골목형상점가,골목형상점가,서울특별시,,,
c15f1f3385d6f208417a,full_annotation_v1,A,q_귀금속_02,귀금속,패션·잡화 중 '귀금속'을 판매·제공하는 매장,test,귀금속,T1 정확표기,7b1b7ea1-4689-4330-91be-836a3b904d7e,정금당,귀금속,중곡제일골목시장(중곡제일전통시장),전통시장,서울특별시,,,
5a7bc8ff6135d9c8ba55,full_annotation_v1,A,q_귀금속_02,귀금속,패션·잡화 중 '귀금속'을 판매·제공하는 매장,test,귀금속,T1 정확표기,fd584ac1-5ac4-4e6a-b0dd-9861a32d13df,골든쥬얼리,귀금속,우장산역 골목형상점가,골목형상점가,서울특별시,,,
e10ab691162c6773639a,full_annotation_v1,A,q_귀금속_02,귀금속,패션·잡화 중 '귀금속'을 판매·제공하는 매장,test,귀금속,T1 정확표기,0038905e-d969-4b31-b09f-c35bdc0b9b8b,영보석,귀금속,촬영소사거리골목형상점가,골목형상점가,서울특별시,,,
33acc8b01276e93c3f59,full_annotation_v1,A,q_귀금속_02,귀금속,패션·잡화 중 '귀금속'을 판매·제공하는 매장,test,귀금속,T1 정확표기,4af6128c-51b1-4ea8-ae60-2b958126a172,원보석,소매(금은방),우림골목시장,전통시장,서울특별시,,,
b9efdf01a59c005ad64d,full_annotation_v1,A,q_귀금속_02,귀금속,패션·잡화 중 '귀금속'을 판매·제공하는 매장,test,귀금속,T1 정확표기,2f1560da-5330-482c-b086-f25258e9a56b,주식회사 모앤미,화장품건강식품,상무평화상인회 골목형상점가,골목형상점가,광주광역시,,,
7ccdcc40d699ce1fbeaf,full_annotation_v1,A,q_귀금속_02,귀금속,패션·잡화 중 '귀금속'을 판매·제공하는 매장,test,귀금속,T1 정확표기,0e91fb33-dae3-4417-83a9-0eb35df25ab8,황보당,귀금속,오천시장,전통시장,경상북도,,,
9b8553767220e600ca72,full_annotation_v1,A,q_귀금속_02,귀금속,패션·잡화 중 '귀금속'을 판매·제공하는 매장,test,귀금속,T1 정확표기,d1303d62-822f-4f1c-abfa-85771853b6c4,황금당,귀금속,기린전통시장,전통시장,강원특별자치도,,,
beff8f1b2e223612cef8,full_annotation_v1,A,q_귀금속_02,귀금속,패션·잡화 중 '귀금속'을 판매·제공하는 매장,test,귀금속,T1 정확표기,12110612-1632-4790-b2c8-6aa09a2c18ea,아벨귀금속,귀금속,불당1번가골목형상점가,골목형상점가,충청남도,,,
b927d3fd56487f73aa52,full_annotation_v1,A,q_귀금속_02,귀금속,패션·잡화 중 '귀금속'을 판매·제공하는 매장,test,귀금속,T1 정확표기,c1ba90d4-227f-4fc8-8ad3-286f126415fb,오복당,금은,신탄진시장,전통시장,대전광역시,,,
d1ba39c2979d2108a915,full_annotation_v1,A,q_귀금속_02,귀금속,패션·잡화 중 '귀금속'을 판매·제공하는 매장,test,귀금속,T1 정확표기,d4a64f69-9b17-4dbb-8c98-d3c2839d136f,백금당,귀금속,난곡골목형상점가,골목형상점가,서울특별시,,,
cd52635a4b7eb773d59e,full_annotation_v1,A,q_귀금속_02,귀금속,패션·잡화 중 '귀금속'을 판매·제공하는 매장,test,귀금속,T1 정확표기,049f8988-fdf6-4dac-acb6-ef8b0af859fa,삼성당,시계,해미읍성전통시장,전통시장,충청남도,,,
2e7c7ceac8acd4329500,full_annotation_v1,A,q_귀금속_02,귀금속,패션·잡화 중 '귀금속'을 판매·제공하는 매장,test,귀금속,T1 정확표기,d9839019-8879-4533-88bd-90d46421b3b2,행복한,귀금속,골드테마거리,전통시장,부산광역시,,,
3e1b02fc040c445ed517,full_annotation_v1,A,q_귀금속_02,귀금속,패션·잡화 중 '귀금속'을 판매·제공하는 매장,test,귀금속,T1 정확표기,57ed8e5f-3d34-4037-8b0a-1d34333f739b,금줄,귀금속,대구패션주얼리특구,자율상권구역,대구광역시,,,
65429e49ca7f4fb2f061,full_annotation_v1,A,q_귀금속_02,귀금속,패션·잡화 중 '귀금속'을 판매·제공하는 매장,test,귀금속,T1 정확표기,0fa79d26-39b6-41ab-bc90-d357ee01afe3,미화금방,금은시계,전주중앙상가시장,전통시장,전북특별자치도,,,
776a83ee95dc08728f1e,full_annotation_v1,A,q_귀금속_02,귀금속,패션·잡화 중 '귀금속'을 판매·제공하는 매장,test,귀금속,T1 정확표기,39bba1c2-ce84-40ba-b69f-27a2666623a7,금은화주단,한복,부산진시장,전통시장,부산광역시,,,
7cb769ed90b1a97854e3,full_annotation_v1,A,q_귀금속_02,귀금속,패션·잡화 중 '귀금속'을 판매·제공하는 매장,test,귀금속,T1 정확표기,ee1c7934-3371-42ee-805f-52ad3bbba834,하늘보석,귀금속,경주중심상가,전통시장,경상북도,,,
6ecff078180bd90c90d6,full_annotation_v1,A,q_귀금속_02,귀금속,패션·잡화 중 '귀금속'을 판매·제공하는 매장,test,귀금속,T1 정확표기,a1fb4d1e-d044-4df4-8c16-d43a1954ecd5,행운당,귀금속,구역전시장,전통시장,울산광역시,,,
3ee3e54a82b1892cb4a8,full_annotation_v1,A,q_귀금속_02,귀금속,패션·잡화 중 '귀금속'을 판매·제공하는 매장,test,귀금속,T1 정확표기,0308940f-189d-41bd-9a0c-cae20bfc8b65,실버투유,액세서리,남대문시장,전통시장,서울특별시,,,
493fe834f98f82081646,full_annotation_v1,A,q_귀금속_02,귀금속,패션·잡화 중 '귀금속'을 판매·제공하는 매장,test,귀금속,T1 정확표기,f131ac57-c107-4181-8c5d-8a0cbb4ab4c3,명월당,귀금속,위드수암 골목형상점가,골목형상점가,울산광역시,,,
2d0bf85931ef24c20efb,full_annotation_v1,A,q_귀금속_02,귀금속,패션·잡화 중 '귀금속'을 판매·제공하는 매장,test,귀금속,T1 정확표기,a0a976ce-bfe9-4704-93fa-35315d9e0770,고은방 이불집,이불,신대방1동온누리길골목형상점가,골목형상점가,서울특별시,,,
57ca733bb5fbc2740f14,full_annotation_v1,A,q_귀금속_02,귀금속,패션·잡화 중 '귀금속'을 판매·제공하는 매장,test,귀금속,T1 정확표기,607695d5-67e1-4751-b220-d93cd73d3f21,세금당,귀금속,팔달시장,전통시장,대구광역시,,,
598f5983617cb0f96fc9,full_annotation_v1,A,q_귀금속_02,귀금속,패션·잡화 중 '귀금속'을 판매·제공하는 매장,test,귀금속,T1 정확표기,70e25fe7-1e3b-4ca0-9655-383670451a36,금시당,금은시계안경,퐁당거리 골목형상점가,골목형상점가,전라남도,,,
4aa00f49ce526e9c7174,full_annotation_v1,A,q_귀금속_02,귀금속,패션·잡화 중 '귀금속'을 판매·제공하는 매장,test,귀금속,T1 정확표기,17b08de5-86f2-4105-8125-4ba52f675f2b,보석당,귀금속,순천원도심상점가,자율상권구역,전라남도,,,
34d0447735af8041798d,full_annotation_v1,A,q_귀금속_02,귀금속,패션·잡화 중 '귀금속'을 판매·제공하는 매장,test,귀금속,T1 정확표기,cac40402-9bc2-4745-a61d-997a72afa827,금강금은,귀금속,삼구시장,전통시장,서울특별시,,,
6c04fca4a35778062f86,full_annotation_v1,A,q_귀금속_02,귀금속,패션·잡화 중 '귀금속'을 판매·제공하는 매장,test,귀금속,T1 정확표기,3f405473-2564-4908-aa03-16267a848365,하삼동커피 통영중앙시장점,음료,통영중앙전통시장,전통시장,경상남도,,,
44304c51ddd56e11a0b7,full_annotation_v1,A,q_귀금속_02,귀금속,패션·잡화 중 '귀금속'을 판매·제공하는 매장,test,귀금속,T1 정확표기,199250ff-d01b-4ffb-aea7-ab9b2742ee9a,금옥당,귀금속,팔등로기부거리,골목형상점가,울산광역시,,,
dae607ca6744bf20584d,full_annotation_v1,A,q_귀금속_02,귀금속,패션·잡화 중 '귀금속'을 판매·제공하는 매장,test,귀금속,T1 정확표기,01f2baea-5004-4e8d-a9a5-66c50aaf49e6,머쓱케이스,휴대폰 액세서리,동성로상점가,자율상권구역,대구광역시,,,
ac73dc4bdc4b25d18d99,full_annotation_v1,A,q_귀금속_02,귀금속,패션·잡화 중 '귀금속'을 판매·제공하는 매장,test,귀금속,T1 정확표기,95ab9499-684e-4d5b-827a-bb1bee187544,칠성당,금은시계,전주웨딩거리상점가,자율상권구역,전북특별자치도,,,
1104842ad6254738d044,full_annotation_v1,A,q_귀금속_02,귀금속,패션·잡화 중 '귀금속'을 판매·제공하는 매장,test,귀금속,T1 정확표기,b11b9085-92f6-414d-91a1-763dd8cd0124,보금당,귀금속,둔전골목형상점가,골목형상점가,경기도,,,
5595d559c2591f753453,full_annotation_v1,A,q_귀금속_02,귀금속,패션·잡화 중 '귀금속'을 판매·제공하는 매장,test,귀금속,T1 정확표기,b6aa00ab-ee3d-4642-b765-45a2e1634ae2,피코크,귀금속,골드테마거리,전통시장,부산광역시,,,
c48bf5394df9ff690eb5,full_annotation_v1,A,q_귀금속_02,귀금속,패션·잡화 중 '귀금속'을 판매·제공하는 매장,test,귀금속,T1 정확표기,9aac8c1e-ca4d-4a50-ae4a-b692c1933976,금옥당,귀금속,신탄진시장,전통시장,대전광역시,,,
401cbb9f2fbad30ab1c2,full_annotation_v1,A,q_귀금속_02,귀금속,패션·잡화 중 '귀금속'을 판매·제공하는 매장,test,귀금속,T1 정확표기,e74df0f4-f566-49f0-8f03-da271475f232,정현당,금은시계,전주모래내시장,전통시장,전북특별자치도,,,
3f539726189e3a1deef8,full_annotation_v1,A,q_귀금속_02,귀금속,패션·잡화 중 '귀금속'을 판매·제공하는 매장,test,귀금속,T1 정확표기,531a1e19-68a2-466f-b3d3-596cd6510f27,황금당,귀금속,현대상가시장,전통시장,충청남도,,,
aa46486bad54ff0e74a9,full_annotation_v1,A,q_귀금속_02,귀금속,패션·잡화 중 '귀금속'을 판매·제공하는 매장,test,귀금속,T1 정확표기,53de7214-cdf0-4e52-8884-96a2b324ae69,블링걸,장식귀걸이목걸이반지머리핀,신안프라자전통시장,전통시장,경기도,,,
e8063fa61cc5f16ad99a,full_annotation_v1,A,q_귀금속_02,귀금속,패션·잡화 중 '귀금속'을 판매·제공하는 매장,test,귀금속,T1 정확표기,00ee1cd3-ec15-467a-86d2-07e596d7d395,금옥당,"귀금속, 시계 소매",골드테마거리,전통시장,부산광역시,,,
db9c98391bfddac59234,full_annotation_v1,A,q_귀금속_02,귀금속,패션·잡화 중 '귀금속'을 판매·제공하는 매장,test,귀금속,T1 정확표기,f2090393-8d0b-4bd5-8d67-998367598210,명보사,귀금속,목사랑시장,전통시장,서울특별시,,,
e68a76db8d18a4733efd,full_annotation_v1,A,q_귀금속_02,귀금속,패션·잡화 중 '귀금속'을 판매·제공하는 매장,test,귀금속,T1 정확표기,d7feffa1-cacf-45cb-b85e-cd2f8ec549f5,찬찬찬 서구점,즉석섭취식품 즉석조리식품 김치 등,서구청먹자골목상인회 골목형상점가,골목형상점가,광주광역시,,,
0f659b356c3b0ca0a557,full_annotation_v1,A,q_귀금속_02,귀금속,패션·잡화 중 '귀금속'을 판매·제공하는 매장,test,귀금속,T1 정확표기,18df1b65-5a2b-477b-9ba3-e4d5a5d8d6ff,시민당,금은시계,천안중앙시장,전통시장,충청남도,,,
5c207bf59a8df93e88a2,full_annotation_v1,A,q_귀금속_02,귀금속,패션·잡화 중 '귀금속'을 판매·제공하는 매장,test,귀금속,T1 정확표기,17ce1c6d-7e97-44a9-8bee-82a605b4e6cd,보금당,귀금속,녹색거리상점가,자율상권구역,경기도,,,
79d7bfe06aeccf97b2da,full_annotation_v1,A,q_귀금속_02,귀금속,패션·잡화 중 '귀금속'을 판매·제공하는 매장,test,귀금속,T1 정확표기,2bed4eca-ea12-4933-9fc6-07fe5452dd79,황금당,귀금속,부여도심 상권활성화구역,상권활성화구역,충청남도,,,
82a4fd7f00a98761828f,full_annotation_v1,A,q_귀금속_02,귀금속,패션·잡화 중 '귀금속'을 판매·제공하는 매장,test,귀금속,T1 정확표기,022f2fd5-a34e-4313-aad7-e333c361e000,귀금당,귀금속,옥골시장,전통시장,울산광역시,,,
35df25cb8f651d386ea2,full_annotation_v1,A,q_귀금속_02,귀금속,패션·잡화 중 '귀금속'을 판매·제공하는 매장,test,귀금속,T1 정확표기,8a34c8a7-0a3f-4b5b-8f2a-1c5524e414c2,디스코네일,네일,미라클,골목형상점가,광주광역시,,,
5124b0eec07d4a07c8f5,full_annotation_v1,A,q_귀금속_02,귀금속,패션·잡화 중 '귀금속'을 판매·제공하는 매장,test,귀금속,T1 정확표기,4ac26ade-30ef-403d-8a03-46359fdbe1a7,대광당,귀금속,광주송정역세권 상권활성화구역,상권활성화구역,광주광역시,,,
f10b7ea3ff52385f4502,full_annotation_v1,A,q_귀금속_02,귀금속,패션·잡화 중 '귀금속'을 판매·제공하는 매장,test,귀금속,T1 정확표기,5f90571a-1c68-418a-93af-00cb901c5569,원일귀금속,귀금속,골드테마거리,전통시장,부산광역시,,,
2b501439e7c129084970,full_annotation_v1,A,q_귀금속_02,귀금속,패션·잡화 중 '귀금속'을 판매·제공하는 매장,test,귀금속,T1 정확표기,35880ae6-254d-4e1d-ac96-a9098bf417d5,PRIME AD,광고 대행업,신창진흥 골목형상점가,골목형상점가,광주광역시,,,
fb44245478d26c0d87e7,full_annotation_v1,A,q_귀금속_02,귀금속,패션·잡화 중 '귀금속'을 판매·제공하는 매장,test,귀금속,T1 정확표기,9a8c7ceb-63bd-4e18-9791-30014f0b3810,명작금은방,귀금속,창원 성원그랜드쇼핑상가,전통시장,경상남도,,,
3730a3d303d2050148ff,full_annotation_v1,A,q_귀금속_02,귀금속,패션·잡화 중 '귀금속'을 판매·제공하는 매장,test,귀금속,T1 정확표기,81155419-03f7-4f67-b5e7-18a00285c5eb,철원금거래소,귀금속,동송전통시장,전통시장,강원특별자치도,,,
6a7b1e7b3d8fe0393cbc,full_annotation_v1,A,q_귀금속_02,귀금속,패션·잡화 중 '귀금속'을 판매·제공하는 매장,test,귀금속,T1 정확표기,49a3fe9c-bbf7-42a9-a741-99166f39ce92,진보당,금은방,진해중앙시장,전통시장,경상남도,,,
c55ddb1e5f82754e5c11,full_annotation_v1,A,q_귀금속_02,귀금속,패션·잡화 중 '귀금속'을 판매·제공하는 매장,test,귀금속,T1 정확표기,4b5c7716-2911-4faa-a1f4-aaf6cd4a290a,보금당,귀금속,점촌역전상점가,자율상권구역,경상북도,,,
fc22c0ccd5830dfa173d,full_annotation_v1,A,q_귀금속_02,귀금속,패션·잡화 중 '귀금속'을 판매·제공하는 매장,test,귀금속,T1 정확표기,58551dec-f3ac-489b-8786-2fc22b648804,백금당,귀금속,황지시장상점가,자율상권구역,강원특별자치도,,,
db825a441225b0818959,full_annotation_v1,A,q_귀금속_02,귀금속,패션·잡화 중 '귀금속'을 판매·제공하는 매장,test,귀금속,T1 정확표기,f92d8805-6fde-43fb-a43c-7ca90a917a70,초록귀금속,귀금속,거제 장평종합시장,전통시장,경상남도,,,
00a06d0f48c586944870,full_annotation_v1,A,q_귀금속_02,귀금속,패션·잡화 중 '귀금속'을 판매·제공하는 매장,test,귀금속,T1 정확표기,85f6cef5-8a49-447e-bb24-6143d7b60764,예돌젬,귀금속,대구패션주얼리특구,자율상권구역,대구광역시,,,
7d3e8f8aed6af689a4df,full_annotation_v1,A,q_귀금속_02,귀금속,패션·잡화 중 '귀금속'을 판매·제공하는 매장,test,귀금속,T1 정확표기,bd3a58fd-59e3-43e0-a327-61bfcf64b85f,금맥,귀금속,대구패션주얼리특구,자율상권구역,대구광역시,,,
1b923fd806459703fe61,full_annotation_v1,A,q_귀금속_02,귀금속,패션·잡화 중 '귀금속'을 판매·제공하는 매장,test,귀금속,T1 정확표기,fbc3bfab-6035-4b48-832b-761de568779b,천보당,귀금속,창원 명서시장,전통시장,경상남도,,,
50e5b8f9207143b66c6e,full_annotation_v1,A,q_귀금속_02,귀금속,패션·잡화 중 '귀금속'을 판매·제공하는 매장,test,귀금속,T1 정확표기,72ca18f5-57c7-4222-9c68-5d8a3604ef59,자유헤어,미용실,남양주장현전통시장,전통시장,경기도,,,
c5bb2920bf7010a84f22,full_annotation_v1,A,q_귀금속_02,귀금속,패션·잡화 중 '귀금속'을 판매·제공하는 매장,test,귀금속,T1 정확표기,979a719c-d1b4-4d54-a14c-561ac99c6336,환희수예점,귀금속,원주자유시장,전통시장,강원특별자치도,,,
d7ba08b94d4f98d368f6,full_annotation_v1,A,q_귀금속_02,귀금속,패션·잡화 중 '귀금속'을 판매·제공하는 매장,test,귀금속,T1 정확표기,03d7c59b-0f64-4647-9c85-97eb7310d1cc,세이젬,"악세사리, 장신구, 귀금속, 시계, 지금",경주중심상가,전통시장,경상북도,,,
7714ebbe985a76cab702,full_annotation_v1,A,q_귀금속_02,귀금속,패션·잡화 중 '귀금속'을 판매·제공하는 매장,test,귀금속,T1 정확표기,ec727152-d807-40ac-ad45-55ce67be54cf,숯양두마리치킨 백운점,치킨,백운 대성시장 골목형상점가,골목형상점가,광주광역시,,,
4f8352ba690d06ecb949,full_annotation_v1,A,q_귀금속_02,귀금속,패션·잡화 중 '귀금속'을 판매·제공하는 매장,test,귀금속,T1 정확표기,e1cd936d-6182-424e-b6cb-86813e47f687,창춘,귀금속,대구패션주얼리특구,자율상권구역,대구광역시,,,
a994e0f662dee36d2102,full_annotation_v1,A,q_귀금속_02,귀금속,패션·잡화 중 '귀금속'을 판매·제공하는 매장,test,귀금속,T1 정확표기,ebb4924e-7939-44f2-bfed-a802fe9e0b65,백금당,귀금속,골드테마거리,전통시장,부산광역시,,,
1bfce65151e34b4586d7,full_annotation_v1,A,q_귀금속_02,귀금속,패션·잡화 중 '귀금속'을 판매·제공하는 매장,test,귀금속,T1 정확표기,06f92a02-db8d-46be-8ee1-213693507a55,오드워치,시계,남대문시장,전통시장,서울특별시,,,
0137a5d7e0e867f9d261,full_annotation_v1,A,q_귀금속_02,귀금속,패션·잡화 중 '귀금속'을 판매·제공하는 매장,test,귀금속,T1 정확표기,069cebbe-575a-40b5-9b2f-0a082b552037,별보석금나라,,전통중앙도매상가,전통시장,대전광역시,,,
7ecbcbea35c1a4352be9,full_annotation_v1,A,q_귀금속_02,귀금속,패션·잡화 중 '귀금속'을 판매·제공하는 매장,test,귀금속,T1 정확표기,557f8063-2498-4bf1-8ab8-b33089435ec4,종로금거래소,금은귀금속,안양아크로상가골목형상점가,골목형상점가,경기도,,,
583bd42f500cfe24bf72,full_annotation_v1,A,q_귀금속_02,귀금속,패션·잡화 중 '귀금속'을 판매·제공하는 매장,test,귀금속,T1 정확표기,39abeec8-61c1-4897-9688-df98e8933e55,금은수산,,군산수산물종합센터,전통시장,전북특별자치도,,,
fd99f3878ed88f5acfe9,full_annotation_v1,A,q_귀금속_02,귀금속,패션·잡화 중 '귀금속'을 판매·제공하는 매장,test,귀금속,T1 정확표기,eff4e43f-e0b7-4205-a1c3-004c8748edbb,쇼메,귀금속,골드테마거리,전통시장,부산광역시,,,
1292b531be17e10f9597,full_annotation_v1,A,q_귀금속_02,귀금속,패션·잡화 중 '귀금속'을 판매·제공하는 매장,test,귀금속,T1 정확표기,bfcb4924-5a40-4cd8-8ede-d7d41522825e,보금당,귀금속,삼송상점가,자율상권구역,경기도,,,
607db81f1dc06e5d3817,full_annotation_v1,A,q_귀금속_02,귀금속,패션·잡화 중 '귀금속'을 판매·제공하는 매장,test,귀금속,T1 정확표기,35751535-771d-45e6-adaf-fd563dfbd2be,황금당,귀금속,성안길상점가,자율상권구역,충청북도,,,
05e720c568d9f9d8bcda,full_annotation_v1,A,q_귀금속_02,귀금속,패션·잡화 중 '귀금속'을 판매·제공하는 매장,test,귀금속,T1 정확표기,b1058651-25e6-4b09-a2e9-6d5f86308f57,고은방,도소매(의류),신평화패션타운,전통시장,서울특별시,,,
a8f08038fb656f48a7cc,full_annotation_v1,A,q_귀금속_02,귀금속,패션·잡화 중 '귀금속'을 판매·제공하는 매장,test,귀금속,T1 정확표기,273e71d0-3dda-4f64-91e2-846fe5ed18b8,칠성당,금은보석시계,화성남양시장,전통시장,경기도,,,
d76ae84d2a7f9a259087,full_annotation_v1,A,q_귀금속_02,귀금속,패션·잡화 중 '귀금속'을 판매·제공하는 매장,test,귀금속,T1 정확표기,9725f4ff-7770-48db-a543-e43066795cce,명성당,금은방,남광주시장,전통시장,,,,
30c6bbd7bb687a6cd5cd,full_annotation_v1,A,q_귀금속_02,귀금속,패션·잡화 중 '귀금속'을 판매·제공하는 매장,test,귀금속,T1 정확표기,5594e06e-c7f2-490c-afb2-c8eef2b067cd,정명사,금은방,주문진수산시장,전통시장,강원특별자치도,,,
ec8361f5377ac85df5dc,full_annotation_v1,A,q_귀금속_02,귀금속,패션·잡화 중 '귀금속'을 판매·제공하는 매장,test,귀금속,T1 정확표기,3421169c-743d-4654-859c-67511793ca59,멜로브,귀금속,충장로123가 상점가,자율상권구역,광주광역시,,,
dff17ec32e60be658d7b,full_annotation_v1,A,q_귀금속_02,귀금속,패션·잡화 중 '귀금속'을 판매·제공하는 매장,test,귀금속,T1 정확표기,3b51455a-1cb0-4be0-a0d0-a7d69a956e3a,행운골드,금은세공,전통중앙도매상가,전통시장,대전광역시,,,
2fd05dadd3eded7ce682,full_annotation_v1,A,q_귀금속_02,귀금속,패션·잡화 중 '귀금속'을 판매·제공하는 매장,test,귀금속,T1 정확표기,0043881b-db89-4699-8cc4-29ff178f91ee,국제보석,귀금속,대구패션주얼리특구,자율상권구역,대구광역시,,,
1a6603b510a1c53dc686,full_annotation_v1,A,q_귀금속_02,귀금속,패션·잡화 중 '귀금속'을 판매·제공하는 매장,test,귀금속,T1 정확표기,61b9773f-879c-443c-a657-2950180e97eb,보석의집,금은귀금속,운천테라스길상인회 골목형상점가,골목형상점가,광주광역시,,,
e79cb4624e5fe85774a0,full_annotation_v1,A,q_귀금속_02,귀금속,패션·잡화 중 '귀금속'을 판매·제공하는 매장,test,귀금속,T1 정확표기,8ae5f0e8-adea-4aa9-9db5-6fa3245963ad,보석정,귀금속,능곡시장(구 능곡전통시장),전통시장,경기도,,,
351b8ea5e78ecb2583f5,full_annotation_v1,A,q_귀금속_02,귀금속,패션·잡화 중 '귀금속'을 판매·제공하는 매장,test,귀금속,T1 정확표기,166c9193-005d-4dc3-8637-ed2bfd71be6f,부산금은방 남매금빵,,골드테마거리,전통시장,부산광역시,,,
a1dd4e57c77781174f0a,full_annotation_v1,A,q_귀금속_02,귀금속,패션·잡화 중 '귀금속'을 판매·제공하는 매장,test,귀금속,T1 정확표기,c1dc8fba-5e1c-4c68-b08c-35057da03c63,보금당,귀금속,보라매다올길골목형상점가,골목형상점가,서울특별시,,,
170fb59521e4f5869b17,full_annotation_v1,A,q_귀금속_02,귀금속,패션·잡화 중 '귀금속'을 판매·제공하는 매장,test,귀금속,T1 정확표기,4304ee55-bc0b-4f66-933a-fd3e086a5c11,꽃반지,귀금속,㈜르네시떼,전통시장,부산광역시,,,
235945961f33b2044110,full_annotation_v1,A,q_귀금속_02,귀금속,패션·잡화 중 '귀금속'을 판매·제공하는 매장,test,귀금속,T1 정확표기,594c61f4-0dc2-4932-ab3c-42b7eef196e6,보석당,귀금속,수원남문패션1번가시장,전통시장,경기도,,,
bcc143fa7edb63d41ed9,full_annotation_v1,A,q_귀금속_02,귀금속,패션·잡화 중 '귀금속'을 판매·제공하는 매장,test,귀금속,T1 정확표기,57199fb7-d9dd-430f-93ec-126b45f97b89,금은닭계장,한식,연원시장,전통시장,충청북도,,,
8af1a73e8af09c5ef607,full_annotation_v1,A,q_귀금속_02,귀금속,패션·잡화 중 '귀금속'을 판매·제공하는 매장,test,귀금속,T1 정확표기,e63e5b86-a4d6-4094-9877-46941caa0acd,젬코,귀금속,골드테마거리,전통시장,부산광역시,,,
40e49b951f00e6766445,full_annotation_v1,A,q_귀금속_02,귀금속,패션·잡화 중 '귀금속'을 판매·제공하는 매장,test,귀금속,T1 정확표기,d54ff6a6-e8ae-4993-815e-292b0487f20d,금가락지,귀금속,동산상가,전통시장,대구광역시,,,
c524aa74ea0dcc5ed152,full_annotation_v1,A,q_귀금속_02,귀금속,패션·잡화 중 '귀금속'을 판매·제공하는 매장,test,귀금속,T1 정확표기,a4336643-0090-48ab-9fb5-910a48547a4c,명보석,"소매(금은방,시계)",군포당동로시장상점가,골목형상점가,경기도,,,
f0570b724c6716692861,full_annotation_v1,A,q_귀금속_02,귀금속,패션·잡화 중 '귀금속'을 판매·제공하는 매장,test,귀금속,T1 정확표기,3ae659f2-92d1-48d2-952e-197bbd368849,금은나라,귀금속,관고전통시장,전통시장,경기도,,,
de0b1fb1a7436b0023d4,full_annotation_v1,A,q_귀금속_02,귀금속,패션·잡화 중 '귀금속'을 판매·제공하는 매장,test,귀금속,T1 정확표기,7ab2921e-3f71-4bc1-9c06-4b6443f443d1,뉴월드 귀금속,귀금속 시계,"온양온천시장(온양재래시장, 전통시장)",전통시장,충청남도,,,
cb6a20e2a0f6738e659d,full_annotation_v1,A,q_귀금속_02,귀금속,패션·잡화 중 '귀금속'을 판매·제공하는 매장,test,귀금속,T1 정확표기,a691d1b5-fe7f-4c97-a78e-6fa2145af164,골드문,귀금속,서동시장,전통시장,울산광역시,,,
b5d149dc0846bc07c592,full_annotation_v1,A,q_귀금속_02,귀금속,패션·잡화 중 '귀금속'을 판매·제공하는 매장,test,귀금속,T1 정확표기,03d2f183-77cc-44c8-b4e4-f34ed3bcfa83,다나,"소매업(귀금속,액세서리,모조장신구)",코끼리시장,전통시장,경기도,,,
523421419a8c749637a0,full_annotation_v1,A,q_귀금속_02,귀금속,패션·잡화 중 '귀금속'을 판매·제공하는 매장,test,귀금속,T1 정확표기,ed04cea8-27e0-4d42-9c1d-435e749d385d,삼보당,귀금속,솔샘시장 골목형상점가,골목형상점가,서울특별시,,,
bcda67bf90591f1b89da,full_annotation_v1,A,q_귀금속_02,귀금속,패션·잡화 중 '귀금속'을 판매·제공하는 매장,test,귀금속,T1 정확표기,78fd0c56-8e37-4235-9286-55a4db6f65f8,태금당,귀금속,"온양온천시장(온양재래시장, 전통시장)",전통시장,충청남도,,,
1d150b3e64042310abcd,full_annotation_v1,A,q_귀금속_02,귀금속,패션·잡화 중 '귀금속'을 판매·제공하는 매장,test,귀금속,T1 정확표기,be58611b-5fa8-4ac2-beca-f75b2b31c544,쥬얼리,귀금속,포항중앙상가,전통시장,경상북도,,,
e435e99c7c46cff2644f,full_annotation_v1,A,q_귀금속_02,귀금속,패션·잡화 중 '귀금속'을 판매·제공하는 매장,test,귀금속,T1 정확표기,69b4bac3-5de5-44c5-b2a7-4d0fbbe3647f,보석당,귀금속,호계종합시장,전통시장,경기도,,,
b5b2431028ec1ffb1eeb,full_annotation_v1,A,q_귀금속_02,귀금속,패션·잡화 중 '귀금속'을 판매·제공하는 매장,test,귀금속,T1 정확표기,aac6b3a7-acb7-4ea4-a532-97b4b4fcf8a8,수금당,귀금속,성남프라자,전통시장,울산광역시,,,
33c2d9677fadabc5c83a,full_annotation_v1,A,q_귀금속_02,귀금속,패션·잡화 중 '귀금속'을 판매·제공하는 매장,test,귀금속,T1 정확표기,ee374b4f-3b5a-4d72-a8c5-fb91e8dbec22,황금당,귀금속,구리전통시장,전통시장,경기도,,,
750a52e933ad35ca3baa,full_annotation_v1,A,q_귀금속_02,귀금속,패션·잡화 중 '귀금속'을 판매·제공하는 매장,test,귀금속,T1 정확표기,10de78d1-e53e-4617-8bf1-5c53e8665faa,경일사,"보석, 시계",송탄시장(송북시장),전통시장,경기도,,,
1c65f03f1912f0a653fd,full_annotation_v1,A,q_귀금속_02,귀금속,패션·잡화 중 '귀금속'을 판매·제공하는 매장,test,귀금속,T1 정확표기,a8697e9b-8a44-432d-9000-48d99ccc1c83,쥬델,귀금속,중앙종합시장,전통시장,대전광역시,,,
1cd707ad0ecf0cce2ca8,full_annotation_v1,A,q_귀금속_02,귀금속,패션·잡화 중 '귀금속'을 판매·제공하는 매장,test,귀금속,T1 정확표기,79786f48-9ec9-4d49-9550-2f0c204ab682,주쥬,귀금속,골드테마거리,전통시장,부산광역시,,,
3adae2df3dcbeb0afcb8,full_annotation_v1,A,q_귀금속_02,귀금속,패션·잡화 중 '귀금속'을 판매·제공하는 매장,test,귀금속,T1 정확표기,03425599-9eed-4d3b-8682-d3c2e620325e,초량전통시장 노점매대 54번,액세서리,초량전통시장,전통시장,부산광역시,,,
c66d5c207a880f50aee1,full_annotation_v1,A,q_귀금속_02,귀금속,패션·잡화 중 '귀금속'을 판매·제공하는 매장,test,귀금속,T1 정확표기,d412f3a6-c43c-4136-98bc-f6ce3e1148b0,처인성불닭발,닭발,남사한숲 골목형상점가,골목형상점가,경기도,,,
835d7e0ae484f58339db,full_annotation_v1,A,q_귀금속_02,귀금속,패션·잡화 중 '귀금속'을 판매·제공하는 매장,test,귀금속,T1 정확표기,df23ac63-7a21-481d-bda5-398f3cd9caa6,보금당,귀금속,망미중앙시장,전통시장,부산광역시,,,
9b76630c21fe7869caf9,full_annotation_v1,A,q_귀금속_02,귀금속,패션·잡화 중 '귀금속'을 판매·제공하는 매장,test,귀금속,T1 정확표기,38734df9-1aea-49b2-9050-25ba327f052d,호박당,금은방(귀금속),전주모래내시장,전통시장,전북특별자치도,,,
20407180cd19fd0b95ae,full_annotation_v1,A,q_귀금속_02,귀금속,패션·잡화 중 '귀금속'을 판매·제공하는 매장,test,귀금속,T1 정확표기,e818302b-511c-48de-9174-d74315411a2c,金보석,귀금속,밀양 원도심 햇살문화 상권활성화 구역,상권활성화구역,경상남도,,,
9b9c35dd83fd4b962756,full_annotation_v1,A,q_귀금속_02,귀금속,패션·잡화 중 '귀금속'을 판매·제공하는 매장,test,귀금속,T1 정확표기,e394d3d0-6b9c-498d-a8e5-78df18148e7c,정금당,귀금속,왕십리도선동상점가,자율상권구역,서울특별시,,,
fdd1f2a115d458efbac4,full_annotation_v1,A,q_귀금속_02,귀금속,패션·잡화 중 '귀금속'을 판매·제공하는 매장,test,귀금속,T1 정확표기,c629ece4-02c6-4829-ac0b-da16e1d748b9,정확사,귀금속,구리전통시장,전통시장,경기도,,,
e831b5db569ab13702d8,full_annotation_v1,A,q_귀금속_02,귀금속,패션·잡화 중 '귀금속'을 판매·제공하는 매장,test,귀금속,T1 정확표기,fdb0c1a6-8ea5-40d4-9ed0-095357f55ee4,보금당,귀금속,"온양온천시장(온양재래시장, 전통시장)",전통시장,충청남도,,,
c0485fda1b06a994a589,full_annotation_v1,A,q_귀금속_02,귀금속,패션·잡화 중 '귀금속'을 판매·제공하는 매장,test,귀금속,T1 정확표기,0361133a-3124-415a-999c-3ca3a41d9a3e,다온,귀금속,골드테마거리,전통시장,부산광역시,,,
13d8306e39b52b2452c6,full_annotation_v1,A,q_귀금속_02,귀금속,패션·잡화 중 '귀금속'을 판매·제공하는 매장,test,귀금속,T1 정확표기,2840e854-1481-44cd-b66b-baf6ba31be51,일루이,귀금속,진주 로데오거리상점가,자율상권구역,경상남도,,,
35c03d1c545e4fff0745,full_annotation_v1,A,q_귀금속_02,귀금속,패션·잡화 중 '귀금속'을 판매·제공하는 매장,test,귀금속,T1 정확표기,18dd5715-f963-495d-b161-d7d28772a2ab,현대보석,"금, 은, 보석시계",전통중앙도매상가,전통시장,대전광역시,,,
c341293e1b91f07346be,full_annotation_v1,A,q_귀금속_02,귀금속,패션·잡화 중 '귀금속'을 판매·제공하는 매장,test,귀금속,T1 정확표기,7be4c66c-b788-47f5-93b2-65524fe6e68c,정금당,귀금속,서천읍 군사리 골목형상점가,골목형상점가,충청남도,,,
9847ed68f149f8737b7a,full_annotation_v1,A,q_귀금속_02,귀금속,패션·잡화 중 '귀금속'을 판매·제공하는 매장,test,귀금속,T1 정확표기,004eaf2b-83b1-4387-9843-85074f3b3f6f,색동보석,보석,충주자유시장,전통시장,충청북도,,,
af536c76267609e13f02,full_annotation_v1,A,q_귀금속_02,귀금속,패션·잡화 중 '귀금속'을 판매·제공하는 매장,test,귀금속,T1 정확표기,9d846251-645f-4e8f-8afe-25d27df2115f,옥신,귀금속,골드테마거리,전통시장,부산광역시,,,
7ec717b1c23a3197fda4,full_annotation_v1,A,q_귀금속_02,귀금속,패션·잡화 중 '귀금속'을 판매·제공하는 매장,test,귀금속,T1 정확표기,50f18a26-e088-4e62-9ee4-40a2662673bc,황금사,금은세공품,모래내골목형상점가,골목형상점가,전북특별자치도,,,
006cc01544e9c7c85b76,full_annotation_v1,A,q_귀금속_02,귀금속,패션·잡화 중 '귀금속'을 판매·제공하는 매장,test,귀금속,T1 정확표기,03d999c9-d1ad-4f94-8fa6-a7f9bf1c412d,갱'S쥬얼리,"귀금속, 시계",신림별빛거리골목형상점가,골목형상점가,서울특별시,,,
cb407ba8192318470d5c,full_annotation_v1,A,q_귀금속_02,귀금속,패션·잡화 중 '귀금속'을 판매·제공하는 매장,test,귀금속,T1 정확표기,ff140cea-e058-4624-99bc-30144d5df3d9,신용당,귀금속,봉천제일종합시장,전통시장,서울특별시,,,
bbb31d3f056ee33504ef,full_annotation_v1,A,q_귀금속_02,귀금속,패션·잡화 중 '귀금속'을 판매·제공하는 매장,test,귀금속,T1 정확표기,7f1827f2-b254-429a-9111-501b6622abc7,귀금당,귀금속,진주 논개시장,전통시장,경상남도,,,
ff1fe4b668f7941aa492,full_annotation_v1,A,q_귀금속_02,귀금속,패션·잡화 중 '귀금속'을 판매·제공하는 매장,test,귀금속,T1 정확표기,2d97e6a0-20a9-48f4-87af-1455c0f66c39,HAY(헤이),의류,동성로상점가,자율상권구역,대구광역시,,,
b17e8abab3d40a910325,full_annotation_v1,A,q_귀금속_02,귀금속,패션·잡화 중 '귀금속'을 판매·제공하는 매장,test,귀금속,T1 정확표기,059dc9f6-0880-4cf2-a377-863a1a65aca6,시금당,금은시계,전주중앙상가시장,전통시장,전북특별자치도,,,
7fe16e6cb89630292173,full_annotation_v1,A,q_귀금속_02,귀금속,패션·잡화 중 '귀금속'을 판매·제공하는 매장,test,귀금속,T1 정확표기,86902cc1-22e7-4f2a-9182-42fe52e4becd,보석당,귀금속,천안역전시장(구 천안역공설시장),전통시장,충청남도,,,
c0134224d697e6a0e259,full_annotation_v1,A,q_귀금속_02,귀금속,패션·잡화 중 '귀금속'을 판매·제공하는 매장,test,귀금속,T1 정확표기,00ec77a3-3e9a-4a5b-b837-c4014ef84285,은은하당,귀금속소매업,테크노밸리 골목형상점가,골목형상점가,대전광역시,,,
1d4ae970ed461cbd6938,full_annotation_v1,A,q_귀금속_02,귀금속,패션·잡화 중 '귀금속'을 판매·제공하는 매장,test,귀금속,T1 정확표기,f5050292-2432-443a-a0fa-46f0eb84a244,금옥당,귀금속,괴정골목시장,전통시장,부산광역시,,,
1681d034054458a3a4d8,full_annotation_v1,A,q_귀금속_02,귀금속,패션·잡화 중 '귀금속'을 판매·제공하는 매장,test,귀금속,T1 정확표기,dad46390-cf03-401e-9c75-3cac3f1fb906,좋은사람들,귀금속,오산오색시장(구 오산중앙시장),전통시장,경기도,,,
9a092e04aadc3d2e9485,full_annotation_v1,A,q_귀금속_02,귀금속,패션·잡화 중 '귀금속'을 판매·제공하는 매장,test,귀금속,T1 정확표기,371f6fab-9e7e-4cf0-aa20-285c5fdb9440,골드귀금속,귀금속,관고전통시장,전통시장,경기도,,,
cdc6e6e419442264b6f8,full_annotation_v1,A,q_귀금속_03,금은방,패션·잡화 중 '귀금속'을 판매·제공하는 매장,test,귀금속,T2 동의어,a4336643-0090-48ab-9fb5-910a48547a4c,명보석,"소매(금은방,시계)",군포당동로시장상점가,골목형상점가,경기도,,,
4902d9a8b6c7092817bd,full_annotation_v1,A,q_귀금속_03,금은방,패션·잡화 중 '귀금속'을 판매·제공하는 매장,test,귀금속,T2 동의어,39bba1c2-ce84-40ba-b69f-27a2666623a7,금은화주단,한복,부산진시장,전통시장,부산광역시,,,
a4abcacaa1469f858890,full_annotation_v1,A,q_귀금속_03,금은방,패션·잡화 중 '귀금속'을 판매·제공하는 매장,test,귀금속,T2 동의어,18e24926-e1c8-4931-877d-079643547bf4,화성당,금은시계,전주중앙상가시장,전통시장,전북특별자치도,,,
e833030de12feb652c5f,full_annotation_v1,A,q_귀금속_03,금은방,패션·잡화 중 '귀금속'을 판매·제공하는 매장,test,귀금속,T2 동의어,18df1b65-5a2b-477b-9ba3-e4d5a5d8d6ff,시민당,금은시계,천안중앙시장,전통시장,충청남도,,,
92f48deb27c886f08efa,full_annotation_v1,A,q_귀금속_03,금은방,패션·잡화 중 '귀금속'을 판매·제공하는 매장,test,귀금속,T2 동의어,3e83d8ee-19b6-4f78-bef8-4ccd8a6acda2,동광당,금은방,전주중앙상가시장,전통시장,전북특별자치도,,,
36cb3abc9e36baea89f7,full_annotation_v1,A,q_귀금속_03,금은방,패션·잡화 중 '귀금속'을 판매·제공하는 매장,test,귀금속,T2 동의어,03d2f183-77cc-44c8-b4e4-f34ed3bcfa83,다나,"소매업(귀금속,액세서리,모조장신구)",코끼리시장,전통시장,경기도,,,
ec1fe001f1f9573cdf74,full_annotation_v1,A,q_귀금속_03,금은방,패션·잡화 중 '귀금속'을 판매·제공하는 매장,test,귀금속,T2 동의어,b36728c9-2188-48ad-a693-3091af9aef9f,탕화쿵푸마라탕,마라탕,동인천먹자골목형상점가,골목형상점가,인천광역시,,,
3564be5fa5e54d361ccc,full_annotation_v1,A,q_귀금속_03,금은방,패션·잡화 중 '귀금속'을 판매·제공하는 매장,test,귀금속,T2 동의어,f0fc7fa7-940d-4614-80d2-b66cfcce54e7,요거트월드(고투몰점),요거트 아이스크림 및 음료,고투몰(강남터미널지하도상점가),일반지하상점가,서울특별시,,,
f2d97128894dbc3861bb,full_annotation_v1,A,q_귀금속_03,금은방,패션·잡화 중 '귀금속'을 판매·제공하는 매장,test,귀금속,T2 동의어,176528af-59ef-46e8-9287-6a90a3a48e9b,와삭통통닭강정,닭강정,산본로데오거리(구 산본중심상가),자율상권구역,경기도,,,
868106cee279ece5a43f,full_annotation_v1,A,q_귀금속_03,금은방,패션·잡화 중 '귀금속'을 판매·제공하는 매장,test,귀금속,T2 동의어,0cf82b2a-71a4-4657-b871-9a52288c43c1,반지만들기공방반지놀이터울산점,반지만들기,성남먹자골목,골목형상점가,울산광역시,,,
b4b4292eb9bc023585e1,full_annotation_v1,A,q_귀금속_03,금은방,패션·잡화 중 '귀금속'을 판매·제공하는 매장,test,귀금속,T2 동의어,18dd5715-f963-495d-b161-d7d28772a2ab,현대보석,"금, 은, 보석시계",전통중앙도매상가,전통시장,대전광역시,,,
0c1a79d09cb549dd6838,full_annotation_v1,A,q_귀금속_03,금은방,패션·잡화 중 '귀금속'을 판매·제공하는 매장,test,귀금속,T2 동의어,5d527e89-64f4-454f-912b-a6808ac7164b,돌섬횟집,한식,마산어시장,전통시장,경상남도,,,
0317deb8703984d4720f,full_annotation_v1,A,q_귀금속_03,금은방,패션·잡화 중 '귀금속'을 판매·제공하는 매장,test,귀금속,T2 동의어,8d078916-3053-4d0d-b5c3-e573d4e8990b,김해금방 금반지야,악세사리,김해 외동전통시장,전통시장,경상남도,,,
80b43152fc04a6551871,full_annotation_v1,A,q_귀금속_03,금은방,패션·잡화 중 '귀금속'을 판매·제공하는 매장,test,귀금속,T2 동의어,a54a3ab8-d1b5-4844-80b7-ac70fad66dc0,에테르주얼리,반지 및 악세서리,대봉애 골목형상점가,골목형상점가,대구광역시,,,
3eecee075f1a8deb057b,full_annotation_v1,A,q_귀금속_03,금은방,패션·잡화 중 '귀금속'을 판매·제공하는 매장,test,귀금속,T2 동의어,f4b3a9ea-5081-4126-a4f9-6ad610b7496d,옛맛의정부부대찌개,한식 찌개류,신림별빛거리골목형상점가,골목형상점가,서울특별시,,,
0ae556825e02b08e4d4b,full_annotation_v1,A,q_귀금속_03,금은방,패션·잡화 중 '귀금속'을 판매·제공하는 매장,test,귀금속,T2 동의어,0308940f-189d-41bd-9a0c-cae20bfc8b65,실버투유,액세서리,남대문시장,전통시장,서울특별시,,,
071f86a9e62f0d79c0bd,full_annotation_v1,A,q_귀금속_03,금은방,패션·잡화 중 '귀금속'을 판매·제공하는 매장,test,귀금속,T2 동의어,03425599-9eed-4d3b-8682-d3c2e620325e,초량전통시장 노점매대 54번,액세서리,초량전통시장,전통시장,부산광역시,,,
582cdf64f8f0d60eb880,full_annotation_v1,A,q_귀금속_03,금은방,패션·잡화 중 '귀금속'을 판매·제공하는 매장,test,귀금속,T2 동의어,a974a887-c02b-4e9c-9635-e4e597a333fa,좋은방,내의판매,신철원시장,전통시장,강원특별자치도,,,
b4394f3505a201925e09,full_annotation_v1,A,q_귀금속_03,금은방,패션·잡화 중 '귀금속'을 판매·제공하는 매장,test,귀금속,T2 동의어,db263250-3318-4ca7-b22e-98ddf160bc69,보미당,반지,청주시 소나무길 일원 자율상권구역,상권활성화구역,충청북도,,,
4ec7f287c2ca0383d04b,full_annotation_v1,A,q_귀금속_03,금은방,패션·잡화 중 '귀금속'을 판매·제공하는 매장,test,귀금속,T2 동의어,03d999c9-d1ad-4f94-8fa6-a7f9bf1c412d,갱'S쥬얼리,"귀금속, 시계",신림별빛거리골목형상점가,골목형상점가,서울특별시,,,
3c6eb990f3bc8d07e71e,full_annotation_v1,A,q_귀금속_03,금은방,패션·잡화 중 '귀금속'을 판매·제공하는 매장,test,귀금속,T2 동의어,74d84965-c901-4e3a-818c-0725bcb45313,반지하 천안두정점,육류,두정동상점가,자율상권구역,충청남도,,,
5796e169e94e6cd2c84d,full_annotation_v1,A,q_귀금속_03,금은방,패션·잡화 중 '귀금속'을 판매·제공하는 매장,test,귀금속,T2 동의어,b5e0fd5f-6c4b-42eb-8c1f-5b81951d2cca,우일사,시계 금은 장신구,현대시장,전통시장,인천광역시,,,
0c3304a458497bf7ba25,full_annotation_v1,A,q_귀금속_03,금은방,패션·잡화 중 '귀금속'을 판매·제공하는 매장,test,귀금속,T2 동의어,0038905e-d969-4b31-b09f-c35bdc0b9b8b,영보석,귀금속,촬영소사거리골목형상점가,골목형상점가,서울특별시,,,
6a40fa1b0217da645bab,full_annotation_v1,A,q_귀금속_03,금은방,패션·잡화 중 '귀금속'을 판매·제공하는 매장,test,귀금속,T2 동의어,5a546f19-77f8-489d-a3f2-fbb130f97f02,깐지,한식,부천일로 골목형상점가,골목형상점가,경기도,,,
9c97ed755000a57817d4,full_annotation_v1,A,q_귀금속_03,금은방,패션·잡화 중 '귀금속'을 판매·제공하는 매장,test,귀금속,T2 동의어,0188cda6-6441-4058-82b0-0cb89e035583,친한친구,액세서리,㈜르네시떼,전통시장,부산광역시,,,
0432f261e1f5a4d551a6,full_annotation_v1,A,q_귀금속_03,금은방,패션·잡화 중 '귀금속'을 판매·제공하는 매장,test,귀금속,T2 동의어,9725f4ff-7770-48db-a543-e43066795cce,명성당,금은방,남광주시장,전통시장,,,,
e0452324189c9b0ab06f,full_annotation_v1,A,q_귀금속_03,금은방,패션·잡화 중 '귀금속'을 판매·제공하는 매장,test,귀금속,T2 동의어,00ee1cd3-ec15-467a-86d2-07e596d7d395,금옥당,"귀금속, 시계 소매",골드테마거리,전통시장,부산광역시,,,
8ad657bce2d2cfa49092,full_annotation_v1,A,q_귀금속_03,금은방,패션·잡화 중 '귀금속'을 판매·제공하는 매장,test,귀금속,T2 동의어,069cebbe-575a-40b5-9b2f-0a082b552037,별보석금나라,,전통중앙도매상가,전통시장,대전광역시,,,
7a94ae102c6f2d1dbe7a,full_annotation_v1,A,q_귀금속_03,금은방,패션·잡화 중 '귀금속'을 판매·제공하는 매장,test,귀금속,T2 동의어,004eaf2b-83b1-4387-9843-85074f3b3f6f,색동보석,보석,충주자유시장,전통시장,충청북도,,,
5de984d7b59d3e814fae,full_annotation_v1,A,q_귀금속_03,금은방,패션·잡화 중 '귀금속'을 판매·제공하는 매장,test,귀금속,T2 동의어,155e3dce-3d2f-4a58-b7a0-a8e7e9c6f1ee,오늘뭐먹지,반찬,중랑동부시장,전통시장,서울특별시,,,
b00a401cf5cc01ed60da,full_annotation_v1,A,q_귀금속_03,금은방,패션·잡화 중 '귀금속'을 판매·제공하는 매장,test,귀금속,T2 동의어,049f8988-fdf6-4dac-acb6-ef8b0af859fa,삼성당,시계,해미읍성전통시장,전통시장,충청남도,,,
d18647ef4453e7562afa,full_annotation_v1,A,q_귀금속_03,금은방,패션·잡화 중 '귀금속'을 판매·제공하는 매장,test,귀금속,T2 동의어,b1058651-25e6-4b09-a2e9-6d5f86308f57,고은방,도소매(의류),신평화패션타운,전통시장,서울특별시,,,
24f39a65e7b455824182,full_annotation_v1,A,q_귀금속_03,금은방,패션·잡화 중 '귀금속'을 판매·제공하는 매장,test,귀금속,T2 동의어,c8392e11-c530-4a1e-b197-08c75274077e,리프패럿광주월곡점,애완용동물관련용품,월곡대반 골목형상점가,골목형상점가,광주광역시,,,
c3e9c32c35a2ace1558f,full_annotation_v1,A,q_귀금속_03,금은방,패션·잡화 중 '귀금속'을 판매·제공하는 매장,test,귀금속,T2 동의어,fb1abfce-7993-4105-9194-ff00c184df05,도쿄앤펄,반지,아시아음식문화거리 골목형상점가,골목형상점가,광주광역시,,,
a05808ae7ce3accc9e49,full_annotation_v1,A,q_귀금속_03,금은방,패션·잡화 중 '귀금속'을 판매·제공하는 매장,test,귀금속,T2 동의어,3b51455a-1cb0-4be0-a0d0-a7d69a956e3a,행운골드,금은세공,전통중앙도매상가,전통시장,대전광역시,,,
00b2f3dfb548117779d4,full_annotation_v1,A,q_귀금속_03,금은방,패션·잡화 중 '귀금속'을 판매·제공하는 매장,test,귀금속,T2 동의어,025b097b-3ecb-4738-ab0f-d71bc283e74d,반지점방,공예품 장신구,양림공예거리 골목형상점가,골목형상점가,광주광역시,,,
a91bd075a2f4686df010,full_annotation_v1,A,q_귀금속_03,금은방,패션·잡화 중 '귀금속'을 판매·제공하는 매장,test,귀금속,T2 동의어,70e25fe7-1e3b-4ca0-9655-383670451a36,금시당,금은시계안경,퐁당거리 골목형상점가,골목형상점가,전라남도,,,
6c0e26b3a83a139527a0,full_annotation_v1,A,q_귀금속_03,금은방,패션·잡화 중 '귀금속'을 판매·제공하는 매장,test,귀금속,T2 동의어,557f8063-2498-4bf1-8ab8-b33089435ec4,종로금거래소,금은귀금속,안양아크로상가골목형상점가,골목형상점가,경기도,,,
ccd565dff97879f8370c,full_annotation_v1,A,q_귀금속_03,금은방,패션·잡화 중 '귀금속'을 판매·제공하는 매장,test,귀금속,T2 동의어,38734df9-1aea-49b2-9050-25ba327f052d,호박당,금은방(귀금속),전주모래내시장,전통시장,전북특별자치도,,,
a6e7a6bde6aa51fbfd2f,full_annotation_v1,A,q_귀금속_03,금은방,패션·잡화 중 '귀금속'을 판매·제공하는 매장,test,귀금속,T2 동의어,fc1d3535-a0d5-487f-8e55-1280673d7615,금부치아,주얼리 반지 목걸이 팔찌 귀걸이 등 귀금속 및 보석,백년소상공인,기타,서울특별시,,,
48c6f65f1d8e385ba4bf,full_annotation_v1,A,q_귀금속_03,금은방,패션·잡화 중 '귀금속'을 판매·제공하는 매장,test,귀금속,T2 동의어,3179f691-2e35-47ee-87c3-9bed90fe10fb,스마일링 반지공방,원데이클래스,부천 옥길 골목형상점가,골목형상점가,경기도,,,
352335e2c303efb8d1ce,full_annotation_v1,A,q_귀금속_03,금은방,패션·잡화 중 '귀금속'을 판매·제공하는 매장,test,귀금속,T2 동의어,e0cbe687-8b30-4336-ab3a-677052fad136,석바위충남상회,잡곡,석바위시장,전통시장,인천광역시,,,
8ce1ec503b3ffe8f91ee,full_annotation_v1,A,q_귀금속_03,금은방,패션·잡화 중 '귀금속'을 판매·제공하는 매장,test,귀금속,T2 동의어,03d7c59b-0f64-4647-9c85-97eb7310d1cc,세이젬,"악세사리, 장신구, 귀금속, 시계, 지금",경주중심상가,전통시장,경상북도,,,
24e327feef58ec31082a,full_annotation_v1,A,q_귀금속_03,금은방,패션·잡화 중 '귀금속'을 판매·제공하는 매장,test,귀금속,T2 동의어,016d2bb5-8af2-45c2-8456-33067cd315bb,황금당,"금, 시계",홍성명동상가,자율상권구역,충청남도,,,
8d1e5dba7b870780395f,full_annotation_v1,A,q_귀금속_03,금은방,패션·잡화 중 '귀금속'을 판매·제공하는 매장,test,귀금속,T2 동의어,5f76c41d-31d2-4395-90f7-2e0a47c01605,박씨금은방,귀금속,창원 성원그랜드쇼핑상가,전통시장,경상남도,,,
be429d2b00e81fe17550,full_annotation_v1,A,q_귀금속_03,금은방,패션·잡화 중 '귀금속'을 판매·제공하는 매장,test,귀금속,T2 동의어,0043881b-db89-4699-8cc4-29ff178f91ee,국제보석,귀금속,대구패션주얼리특구,자율상권구역,대구광역시,,,
4f78e2ffa5c2235db1df,full_annotation_v1,A,q_귀금속_03,금은방,패션·잡화 중 '귀금속'을 판매·제공하는 매장,test,귀금속,T2 동의어,4598de33-884d-4f2a-876e-84ddd772f0d0,60계치킨 포천송우리점,치킨,태봉마을 골목형상점가,골목형상점가,경기도,,,
11f1e8f0a6f5fac21ff1,full_annotation_v1,A,q_귀금속_03,금은방,패션·잡화 중 '귀금속'을 판매·제공하는 매장,test,귀금속,T2 동의어,d6bdb049-2eeb-49d3-b6a4-fd08a60249ba,문돼지,,양주옥정호수공원3차상점가,골목형상점가,경기도,,,
20b481b56a4102c4c518,full_annotation_v1,A,q_귀금속_03,금은방,패션·잡화 중 '귀금속'을 판매·제공하는 매장,test,귀금속,T2 동의어,20674988-7871-48f7-a2bf-d436cee2a0aa,참돼지,,정남진활력의거리 골목형상점가,골목형상점가,,,,
24952e71b712667329f5,full_annotation_v1,A,q_귀금속_03,금은방,패션·잡화 중 '귀금속'을 판매·제공하는 매장,test,귀금속,T2 동의어,e57eb80d-d852-4fc4-8679-8743b040178b,대구한복점,의류,동래시장,전통시장,부산광역시,,,
eff70b4a5a0baa84e956,full_annotation_v1,A,q_귀금속_03,금은방,패션·잡화 중 '귀금속'을 판매·제공하는 매장,test,귀금속,T2 동의어,00ec77a3-3e9a-4a5b-b837-c4014ef84285,은은하당,귀금속소매업,테크노밸리 골목형상점가,골목형상점가,대전광역시,,,
ccc11c227b2a26f1c0fa,full_annotation_v1,A,q_귀금속_03,금은방,패션·잡화 중 '귀금속'을 판매·제공하는 매장,test,귀금속,T2 동의어,4377c62f-2ba9-431c-9301-1aec38929ced,반지더하기 신림점,귀금속,서원동상점가,자율상권구역,서울특별시,,,
1e171b474ceed7bfbd71,full_annotation_v1,A,q_귀금속_03,금은방,패션·잡화 중 '귀금속'을 판매·제공하는 매장,test,귀금속,T2 동의어,38be9d5c-882c-404c-b2ce-cda16d015a86,반찬카페,,관저상가 골목형상점가,골목형상점가,대전광역시,,,
0a3cf9d7b9712271ec13,full_annotation_v1,A,q_귀금속_03,금은방,패션·잡화 중 '귀금속'을 판매·제공하는 매장,test,귀금속,T2 동의어,1aad65ec-a516-48b5-a24b-cebe00857b5c,파로스,의류,동평화시장(동평화패션타운),전통시장,서울특별시,,,
43b6d51b4cd46523565b,full_annotation_v1,A,q_귀금속_03,금은방,패션·잡화 중 '귀금속'을 판매·제공하는 매장,test,귀금속,T2 동의어,273e71d0-3dda-4f64-91e2-846fe5ed18b8,칠성당,금은보석시계,화성남양시장,전통시장,경기도,,,
d8c374f7e46af8ae0694,full_annotation_v1,A,q_귀금속_03,금은방,패션·잡화 중 '귀금속'을 판매·제공하는 매장,test,귀금속,T2 동의어,d03c4e5c-adda-4c40-b62e-3588b7d90a12,반지하 불당점,돼지고기,시청앞사거리 골목형상점가,골목형상점가,충청남도,,,
bd9b4cc857aeb91ceafd,full_annotation_v1,A,q_귀금속_03,금은방,패션·잡화 중 '귀금속'을 판매·제공하는 매장,test,귀금속,T2 동의어,0056f9b4-b953-40f2-b820-71d6e7b46c58,주얼리루비,귀금속,하남 골목형상점가,골목형상점가,광주광역시,,,
282b8062143c2efa897d,full_annotation_v1,A,q_귀금속_03,금은방,패션·잡화 중 '귀금속'을 판매·제공하는 매장,test,귀금속,T2 동의어,63a56588-5bfa-4172-bc75-54f5bcccebce,반찬온,,옥계 600,골목형상점가,경상북도,,,
99de550c3ac11fb5c64b,full_annotation_v1,A,q_귀금속_03,금은방,패션·잡화 중 '귀금속'을 판매·제공하는 매장,test,귀금속,T2 동의어,f75764d4-4ad8-44c8-ad99-7ccf3eea78de,파지,,중흥자재거리 골목형상점가,골목형상점가,광주광역시,,,
738d1460112c2a29329a,full_annotation_v1,A,q_귀금속_03,금은방,패션·잡화 중 '귀금속'을 판매·제공하는 매장,test,귀금속,T2 동의어,02c5ba61-b67f-443e-8887-b4a6097fe0b4,꽃반지,잡화(악세사리),해미읍성전통시장,전통시장,충청남도,,,
d63c67528452921d1727,full_annotation_v1,A,q_귀금속_03,금은방,패션·잡화 중 '귀금속'을 판매·제공하는 매장,test,귀금속,T2 동의어,0fa79d26-39b6-41ab-bc90-d357ee01afe3,미화금방,금은시계,전주중앙상가시장,전통시장,전북특별자치도,,,
7e2613e69465bccbb2de,full_annotation_v1,A,q_귀금속_03,금은방,패션·잡화 중 '귀금속'을 판매·제공하는 매장,test,귀금속,T2 동의어,90ca722d-c33f-47cb-8076-38f918299e43,금은장,귀금속,신월7동골목형상점가,골목형상점가,서울특별시,,,
fef3c03e45d84eedcbcb,full_annotation_v1,A,q_귀금속_03,금은방,패션·잡화 중 '귀금속'을 판매·제공하는 매장,test,귀금속,T2 동의어,cb08f609-f64b-4fda-ba0e-39cc5df35cf9,반찬투정,반찬과일,토지금고시장,전통시장,인천광역시,,,
24e2b0b4e81c5318cf5d,full_annotation_v1,A,q_귀금속_03,금은방,패션·잡화 중 '귀금속'을 판매·제공하는 매장,test,귀금속,T2 동의어,09e3a824-23c2-4ac1-9710-9e5e2fc11a73,반지하가오점,한식,가오동 골목형상점가,골목형상점가,대전광역시,,,
99c69b0a9d8c83c902a4,full_annotation_v1,A,q_귀금속_03,금은방,패션·잡화 중 '귀금속'을 판매·제공하는 매장,test,귀금속,T2 동의어,49a3fe9c-bbf7-42a9-a741-99166f39ce92,진보당,금은방,진해중앙시장,전통시장,경상남도,,,
48e1692707bddeacc6dd,full_annotation_v1,A,q_귀금속_03,금은방,패션·잡화 중 '귀금속'을 판매·제공하는 매장,test,귀금속,T2 동의어,166c9193-005d-4dc3-8637-ed2bfd71be6f,부산금은방 남매금빵,,골드테마거리,전통시장,부산광역시,,,
1b54c2d6bf4b5a80c60c,full_annotation_v1,A,q_귀금속_03,금은방,패션·잡화 중 '귀금속'을 판매·제공하는 매장,test,귀금속,T2 동의어,4af6128c-51b1-4ea8-ae60-2b958126a172,원보석,소매(금은방),우림골목시장,전통시장,서울특별시,,,
58d63de315f428855dfd,full_annotation_v1,A,q_귀금속_03,금은방,패션·잡화 중 '귀금속'을 판매·제공하는 매장,test,귀금속,T2 동의어,edcc81c8-8997-4975-95c1-197a28e3efeb,팔선,,첨단2동 골목형상점가,골목형상점가,광주광역시,,,
2d6446032c36812b3671,full_annotation_v1,A,q_귀금속_03,금은방,패션·잡화 중 '귀금속'을 판매·제공하는 매장,test,귀금속,T2 동의어,cf180480-df0a-4e26-b978-d247cd81be6b,커플링마을광주점,은반지 은팔찌,"금남로4,5가 골목형상점가",골목형상점가,광주광역시,,,
e5dfba4c9807803be1c6,full_annotation_v1,A,q_귀금속_03,금은방,패션·잡화 중 '귀금속'을 판매·제공하는 매장,test,귀금속,T2 동의어,e1e1778d-a2f1-4a9c-861c-7cc508e6cbe5,반지하도안점,한식,목대온기 골목형상점가,골목형상점가,대전광역시,,,
240ea4cee2999bee6731,full_annotation_v1,A,q_귀금속_03,금은방,패션·잡화 중 '귀금속'을 판매·제공하는 매장,test,귀금속,T2 동의어,9a8c7ceb-63bd-4e18-9791-30014f0b3810,명작금은방,귀금속,창원 성원그랜드쇼핑상가,전통시장,경상남도,,,
9daa124ec6243e87be04,full_annotation_v1,A,q_귀금속_03,금은방,패션·잡화 중 '귀금속'을 판매·제공하는 매장,test,귀금속,T2 동의어,196709e2-8179-4314-8e6d-868eed73754a,해석벽지,,방산시장 상점가,자율상권구역,서울특별시,,,
073c11a36c009b0e96f5,full_annotation_v1,A,q_귀금속_03,금은방,패션·잡화 중 '귀금속'을 판매·제공하는 매장,test,귀금속,T2 동의어,bb840349-5f48-48a5-8700-46fea0ec2d78,보석사랑,금은방,괴산시장,전통시장,충청북도,,,
ee0be3ddfddfa713a858,full_annotation_v1,A,q_귀금속_03,금은방,패션·잡화 중 '귀금속'을 판매·제공하는 매장,test,귀금속,T2 동의어,0862f2e1-d161-4725-bc99-c2617acfb78b,애지,의류,원주자유시장,전통시장,강원특별자치도,,,
ce77a5d025cf2231eb7e,full_annotation_v1,A,q_귀금속_03,금은방,패션·잡화 중 '귀금속'을 판매·제공하는 매장,test,귀금속,T2 동의어,39abeec8-61c1-4897-9688-df98e8933e55,금은수산,,군산수산물종합센터,전통시장,전북특별자치도,,,
bcb0d774c6589641ad18,full_annotation_v1,A,q_귀금속_03,금은방,패션·잡화 중 '귀금속'을 판매·제공하는 매장,test,귀금속,T2 동의어,203e224d-9a9c-41c5-ad0f-a2b24d4df66e,앨리스,의류,아트프라자,자율상권구역,서울특별시,,,
6e2eedcd932452ece219,full_annotation_v1,A,q_귀금속_03,금은방,패션·잡화 중 '귀금속'을 판매·제공하는 매장,test,귀금속,T2 동의어,3ae659f2-92d1-48d2-952e-197bbd368849,금은나라,귀금속,관고전통시장,전통시장,경기도,,,
fa8818dc303b42b73446,full_annotation_v1,A,q_귀금속_03,금은방,패션·잡화 중 '귀금속'을 판매·제공하는 매장,test,귀금속,T2 동의어,4304ee55-bc0b-4f66-933a-fd3e086a5c11,꽃반지,귀금속,㈜르네시떼,전통시장,부산광역시,,,
a353440cd06599b9d95c,full_annotation_v1,A,q_귀금속_03,금은방,패션·잡화 중 '귀금속'을 판매·제공하는 매장,test,귀금속,T2 동의어,c1ba90d4-227f-4fc8-8ad3-286f126415fb,오복당,금은,신탄진시장,전통시장,대전광역시,,,
86f9fd436c4ce18d1bb4,full_annotation_v1,A,q_귀금속_03,금은방,패션·잡화 중 '귀금속'을 판매·제공하는 매장,test,귀금속,T2 동의어,61b9773f-879c-443c-a657-2950180e97eb,보석의집,금은귀금속,운천테라스길상인회 골목형상점가,골목형상점가,광주광역시,,,
2ad6a445ac9d5c012da7,full_annotation_v1,A,q_귀금속_03,금은방,패션·잡화 중 '귀금속'을 판매·제공하는 매장,test,귀금속,T2 동의어,e287e27f-9101-41ec-b452-55f52ff8fa39,명보쥬얼리,보석류반지목걸이,화성남양시장,전통시장,경기도,,,
3f88c8bde4e3c6818515,full_annotation_v1,A,q_귀금속_03,금은방,패션·잡화 중 '귀금속'을 판매·제공하는 매장,test,귀금속,T2 동의어,a84325be-be8c-465e-93fb-6ae0068b5551,금반지,금은세공,광복마을푸른길 골목형상점가,골목형상점가,광주광역시,,,
f07d9c3ee06614180651,full_annotation_v1,A,q_귀금속_03,금은방,패션·잡화 중 '귀금속'을 판매·제공하는 매장,test,귀금속,T2 동의어,5594e06e-c7f2-490c-afb2-c8eef2b067cd,정명사,금은방,주문진수산시장,전통시장,강원특별자치도,,,
472934cb61ca5d91db95,full_annotation_v1,A,q_귀금속_03,금은방,패션·잡화 중 '귀금속'을 판매·제공하는 매장,test,귀금속,T2 동의어,e74df0f4-f566-49f0-8f03-da271475f232,정현당,금은시계,전주모래내시장,전통시장,전북특별자치도,,,
6cc8261964a9b06aa682,full_annotation_v1,A,q_귀금속_03,금은방,패션·잡화 중 '귀금속'을 판매·제공하는 매장,test,귀금속,T2 동의어,01f2baea-5004-4e8d-a9a5-66c50aaf49e6,머쓱케이스,휴대폰 액세서리,동성로상점가,자율상권구역,대구광역시,,,
22754604ca062a0838d3,full_annotation_v1,A,q_귀금속_03,금은방,패션·잡화 중 '귀금속'을 판매·제공하는 매장,test,귀금속,T2 동의어,3001684f-07d6-408c-b893-0f8d11140118,코딱지,의류,원주자유시장,전통시장,강원특별자치도,,,
ba614d8ad29daad4f62a,full_annotation_v1,A,q_귀금속_03,금은방,패션·잡화 중 '귀금속'을 판매·제공하는 매장,test,귀금속,T2 동의어,db2144ab-0133-4497-bfae-07618e32821d,광덕공예사,금은세공,진주 중앙시장,전통시장,경상남도,,,
1c3d0807fe8697032286,full_annotation_v1,A,q_귀금속_03,금은방,패션·잡화 중 '귀금속'을 판매·제공하는 매장,test,귀금속,T2 동의어,a0a976ce-bfe9-4704-93fa-35315d9e0770,고은방 이불집,이불,신대방1동온누리길골목형상점가,골목형상점가,서울특별시,,,
f4d074f560b6dc93b6e7,full_annotation_v1,A,q_귀금속_03,금은방,패션·잡화 중 '귀금속'을 판매·제공하는 매장,test,귀금속,T2 동의어,ece6bfcc-8f42-4173-bba2-6cf1c8f8bdcd,크린토피아 이충점,세탁,이충 중심상가,골목형상점가,경기도,,,
95c35852a70750b28196,full_annotation_v1,A,q_귀금속_03,금은방,패션·잡화 중 '귀금속'을 판매·제공하는 매장,test,귀금속,T2 동의어,57199fb7-d9dd-430f-93ec-126b45f97b89,금은닭계장,한식,연원시장,전통시장,충청북도,,,
a79da22a07f8d38cee4c,full_annotation_v1,A,q_귀금속_03,금은방,패션·잡화 중 '귀금속'을 판매·제공하는 매장,test,귀금속,T2 동의어,95ab9499-684e-4d5b-827a-bb1bee187544,칠성당,금은시계,전주웨딩거리상점가,자율상권구역,전북특별자치도,,,
ccd15846da30ddeb27dc,full_annotation_v1,A,q_귀금속_03,금은방,패션·잡화 중 '귀금속'을 판매·제공하는 매장,test,귀금속,T2 동의어,e40315b7-ff13-4378-96d3-764034562fb9,꽃반지,잡화,해미읍성전통시장,전통시장,충청남도,,,
82394574bf7e83a912fa,full_annotation_v1,A,q_귀금속_03,금은방,패션·잡화 중 '귀금속'을 판매·제공하는 매장,test,귀금속,T2 동의어,10de78d1-e53e-4617-8bf1-5c53e8665faa,경일사,"보석, 시계",송탄시장(송북시장),전통시장,경기도,,,
9dd9fb2c37ce9c7dbe55,full_annotation_v1,A,q_귀금속_03,금은방,패션·잡화 중 '귀금속'을 판매·제공하는 매장,test,귀금속,T2 동의어,905fdfef-83ca-4ed1-be97-3b0170dabcdb,젬하우스,악세사리 반지공방,신사세로수길골목형상점가,골목형상점가,서울특별시,,,
8e2905483739f6f155c7,full_annotation_v1,A,q_귀금속_03,금은방,패션·잡화 중 '귀금속'을 판매·제공하는 매장,test,귀금속,T2 동의어,085465ef-544c-4898-9421-c8b9babe2186,해와달,소매(준보석),천호로데오거리상점가,자율상권구역,서울특별시,,,
34944e3d4462752440bd,full_annotation_v1,A,q_귀금속_03,금은방,패션·잡화 중 '귀금속'을 판매·제공하는 매장,test,귀금속,T2 동의어,237b8724-d54e-4896-b7b2-eb4adcbf69fe,금은당,귀금속,오창전통시장,전통시장,충청북도,,,
e296258f63f57d97d08f,full_annotation_v1,A,q_귀금속_03,금은방,패션·잡화 중 '귀금속'을 판매·제공하는 매장,test,귀금속,T2 동의어,06f92a02-db8d-46be-8ee1-213693507a55,오드워치,시계,남대문시장,전통시장,서울특별시,,,
4d97fd67a85d623cce6f,full_annotation_v1,A,q_귀금속_03,금은방,패션·잡화 중 '귀금속'을 판매·제공하는 매장,test,귀금속,T2 동의어,1d5631fa-ec06-4f91-be13-602ed27d1b7b,반지제작소,공예,BOCA 보카상점가,골목형상점가,경기도,,,
9a4361d8da8c94ebbff2,full_annotation_v1,A,q_귀금속_03,금은방,패션·잡화 중 '귀금속'을 판매·제공하는 매장,test,귀금속,T2 동의어,cf93d301-e03e-4693-8afb-9b2426c4b9d2,백금당,금은방,동쪽바다중앙시장(구 동해중앙시장),전통시장,강원특별자치도,,,
d5f411c49aa262fe3a58,full_annotation_v1,A,q_귀금속_03,금은방,패션·잡화 중 '귀금속'을 판매·제공하는 매장,test,귀금속,T2 동의어,a7ec59a5-9ab1-4236-9c8e-e03ad8d7f92c,반지공작소,액세서리,원주중앙로문화의거리,자율상권구역,강원특별자치도,,,
83472f34b73554db53f6,full_annotation_v1,A,q_귀금속_03,금은방,패션·잡화 중 '귀금속'을 판매·제공하는 매장,test,귀금속,T2 동의어,2def96be-e339-4079-824e-4349a9f9732c,금은동축산,정육,부평깡시장,전통시장,인천광역시,,,
2f794340361b93762431,full_annotation_v1,A,q_귀금속_03,금은방,패션·잡화 중 '귀금속'을 판매·제공하는 매장,test,귀금속,T2 동의어,3a330a6a-5b74-4495-bd51-dfb3952e7e53,팡팡노래연습장,음료,동천동먹자골목2번가상인회 골목형상점가,골목형상점가,광주광역시,,,
f539f2b791ca3357f27e,full_annotation_v1,A,q_귀금속_03,금은방,패션·잡화 중 '귀금속'을 판매·제공하는 매장,test,귀금속,T2 동의어,98858e1c-b81c-4939-8cce-e57dedc7c06d,미올지,,한들물빛도시 골목형 상점가,골목형상점가,충청남도,,,
1766badf576277cd7d0c,full_annotation_v1,A,q_귀금속_03,금은방,패션·잡화 중 '귀금속'을 판매·제공하는 매장,test,귀금속,T2 동의어,0c0f2fd4-dd64-4b86-a11c-ed97ef89b2d1,언니반지,귀금속,신원권율2 골목형상점가,골목형상점가,경기도,,,
c84a20c145cc880eeefe,full_annotation_v1,A,q_귀금속_03,금은방,패션·잡화 중 '귀금속'을 판매·제공하는 매장,test,귀금속,T2 동의어,bbfd4469-1932-4de3-9f40-199e36478fa0,반찬일번지,반찬,경안전통시장,전통시장,경기도,,,
6c31b88a53d0e023b39e,full_annotation_v1,A,q_귀금속_03,금은방,패션·잡화 중 '귀금속'을 판매·제공하는 매장,test,귀금속,T2 동의어,862680ab-103e-4357-a1f0-d727d4f38db2,풍암보석,금은시계,풍암1로상인회 골목형상점가,골목형상점가,광주광역시,,,
1dad798483afdcc18317,full_annotation_v1,A,q_귀금속_03,금은방,패션·잡화 중 '귀금속'을 판매·제공하는 매장,test,귀금속,T2 동의어,9b87bf4c-630d-4b79-8804-7dac360ed28a,1000빵,"빵, 과자등",마산 (주)대현프리몰 지하도상점가,일반지하상점가,경상남도,,,
eefdac153ef572962f6d,full_annotation_v1,A,q_귀금속_03,금은방,패션·잡화 중 '귀금속'을 판매·제공하는 매장,test,귀금속,T2 동의어,53de7214-cdf0-4e52-8884-96a2b324ae69,블링걸,장식귀걸이목걸이반지머리핀,신안프라자전통시장,전통시장,경기도,,,
6ee1d65d7ffba72d4ea9,full_annotation_v1,A,q_귀금속_03,금은방,패션·잡화 중 '귀금속'을 판매·제공하는 매장,test,귀금속,T2 동의어,50f18a26-e088-4e62-9ee4-40a2662673bc,황금사,금은세공품,모래내골목형상점가,골목형상점가,전북특별자치도,,,
1b707c970829883928bb,full_annotation_v1,A,q_귀금속_03,금은방,패션·잡화 중 '귀금속'을 판매·제공하는 매장,test,귀금속,T2 동의어,8f4625ab-593d-4854-8c21-c6a1662c0147,반지만들기카페 건대점,여가서비스,건대로데오거리골목형상점가,골목형상점가,서울특별시,,,
40ee7e73c222c26aa5fc,full_annotation_v1,A,q_귀금속_03,금은방,패션·잡화 중 '귀금속'을 판매·제공하는 매장,test,귀금속,T2 동의어,984688cd-cd46-4095-8d30-47ee49c3efec,형제금방,금은방,보령한내시장,전통시장,충청남도,,,
a6d51ab33bc36e0a1f0b,full_annotation_v1,A,q_귀금속_03,금은방,패션·잡화 중 '귀금속'을 판매·제공하는 매장,test,귀금속,T2 동의어,b22b2ed5-65b8-434c-8638-857392dea45d,반계순,한식,동래시장,전통시장,부산광역시,,,
5f778fc89e286a14307f,full_annotation_v1,A,q_귀금속_03,금은방,패션·잡화 중 '귀금속'을 판매·제공하는 매장,test,귀금속,T2 동의어,059dc9f6-0880-4cf2-a377-863a1a65aca6,시금당,금은시계,전주중앙상가시장,전통시장,전북특별자치도,,,
e4ec0cf64e1297f0cc24,full_annotation_v1,A,q_귀금속_03,금은방,패션·잡화 중 '귀금속'을 판매·제공하는 매장,test,귀금속,T2 동의어,f58b6bbd-22bb-477d-bec8-a782912d02d0,씨유 장덕영신점,,해피니스,골목형상점가,광주광역시,,,
95334df53f3288ece2b2,full_annotation_v1,A,q_귀금속_03,금은방,패션·잡화 중 '귀금속'을 판매·제공하는 매장,test,귀금속,T2 동의어,a4612722-0028-4b08-bd0a-1b2c3e0ed4a1,반지하 나성점,돼지고기,나성동 골목형상점가,골목형상점가,세종특별자치시,,,
0e195b3ce5a1bcb8d1ce,full_annotation_v1,A,q_귀금속_03,금은방,패션·잡화 중 '귀금속'을 판매·제공하는 매장,test,귀금속,T2 동의어,7f847992-1881-4f5f-b7be-5a4b0202b23b,반찬통,반찬,안마을 골목형상점가,골목형상점가,서울특별시,,,
6b4b486dc1b9e7e81983,full_annotation_v1,A,q_귀금속_04,반지,패션·잡화 중 '귀금속'을 판매·제공하는 매장,test,귀금속,T2 동의어,9d21ea10-68d4-4df9-adcb-9f1bfba176c3,엘리 보석,귀금속,삼성명가상가 골목형상점가,골목형상점가,대구광역시,,,
556302b00e3c22beb963,full_annotation_v1,A,q_귀금속_04,반지,패션·잡화 중 '귀금속'을 판매·제공하는 매장,test,귀금속,T2 동의어,38de5a5d-7f3a-48f0-ba7c-96bab8fc0132,보석당,"보석, 귀금속",오산원동상점가,골목형상점가,경기도,,,
317208a5934bfc546732,full_annotation_v1,A,q_귀금속_04,반지,패션·잡화 중 '귀금속'을 판매·제공하는 매장,test,귀금속,T2 동의어,b3611b79-afe4-4e02-b1b5-e4d32ba485c4,나주반찬,반찬,능동로골목시장(자양한강전통시장),전통시장,서울특별시,,,
9982895d22157fe6d680,full_annotation_v1,A,q_귀금속_04,반지,패션·잡화 중 '귀금속'을 판매·제공하는 매장,test,귀금속,T2 동의어,049f8988-fdf6-4dac-acb6-ef8b0af859fa,삼성당,시계,해미읍성전통시장,전통시장,충청남도,,,
ec882d6b16d8d013714f,full_annotation_v1,A,q_귀금속_04,반지,패션·잡화 중 '귀금속'을 판매·제공하는 매장,test,귀금속,T2 동의어,025b097b-3ecb-4738-ab0f-d71bc283e74d,반지점방,공예품 장신구,양림공예거리 골목형상점가,골목형상점가,광주광역시,,,
e161287d9828ca257348,full_annotation_v1,A,q_귀금속_04,반지,패션·잡화 중 '귀금속'을 판매·제공하는 매장,test,귀금속,T2 동의어,76393be6-9382-4d62-a6d8-0195adc272fa,버드내 보석,,버드내코아 골목형상점가,골목형상점가,대전광역시,,,
4f795be063a265d0468e,full_annotation_v1,A,q_귀금속_04,반지,패션·잡화 중 '귀금속'을 판매·제공하는 매장,test,귀금속,T2 동의어,0cf82b2a-71a4-4657-b871-9a52288c43c1,반지만들기공방반지놀이터울산점,반지만들기,성남먹자골목,골목형상점가,울산광역시,,,
457e59bc1f13b8df5c45,full_annotation_v1,A,q_귀금속_04,반지,패션·잡화 중 '귀금속'을 판매·제공하는 매장,test,귀금속,T2 동의어,3e83d8ee-19b6-4f78-bef8-4ccd8a6acda2,동광당,금은방,전주중앙상가시장,전통시장,전북특별자치도,,,
39226f8b549c305b2d81,full_annotation_v1,A,q_귀금속_04,반지,패션·잡화 중 '귀금속'을 판매·제공하는 매장,test,귀금속,T2 동의어,d03c4e5c-adda-4c40-b62e-3588b7d90a12,반지하 불당점,돼지고기,시청앞사거리 골목형상점가,골목형상점가,충청남도,,,
b985818bc27ca16f81a1,full_annotation_v1,A,q_귀금속_04,반지,패션·잡화 중 '귀금속'을 판매·제공하는 매장,test,귀금속,T2 동의어,02c5ba61-b67f-443e-8887-b4a6097fe0b4,꽃반지,잡화(악세사리),해미읍성전통시장,전통시장,충청남도,,,
c518b69a11b1475c656f,full_annotation_v1,A,q_귀금속_04,반지,패션·잡화 중 '귀금속'을 판매·제공하는 매장,test,귀금속,T2 동의어,b22b2ed5-65b8-434c-8638-857392dea45d,반계순,한식,동래시장,전통시장,부산광역시,,,
7a372fcb01877de382d6,full_annotation_v1,A,q_귀금속_04,반지,패션·잡화 중 '귀금속'을 판매·제공하는 매장,test,귀금속,T2 동의어,5a7b8641-cdf9-45f0-9c38-2471d1efedaa,명지보석,"보석, 시계",반딧불이연무시장,전통시장,경기도,,,
b2a40af6aaa6db6eda9c,full_annotation_v1,A,q_귀금속_04,반지,패션·잡화 중 '귀금속'을 판매·제공하는 매장,test,귀금속,T2 동의어,0d05ea9c-1790-4424-8c8d-af299cca010c,대성종합주방,그릇 주방용품,부평종합시장,전통시장,인천광역시,,,
fc14d193c03e7d576be9,full_annotation_v1,A,q_귀금속_04,반지,패션·잡화 중 '귀금속'을 판매·제공하는 매장,test,귀금속,T2 동의어,fe7704e4-85d2-410a-8598-3e2d3ab991c5,진명사,보석,산본로데오거리(구 산본중심상가),자율상권구역,경기도,,,
617c40104634cd000978,full_annotation_v1,A,q_귀금속_04,반지,패션·잡화 중 '귀금속'을 판매·제공하는 매장,test,귀금속,T2 동의어,4377c62f-2ba9-431c-9301-1aec38929ced,반지더하기 신림점,귀금속,서원동상점가,자율상권구역,서울특별시,,,
98750e9362b7da48ff6d,full_annotation_v1,A,q_귀금속_04,반지,패션·잡화 중 '귀금속'을 판매·제공하는 매장,test,귀금속,T2 동의어,016d2bb5-8af2-45c2-8456-33067cd315bb,황금당,"금, 시계",홍성명동상가,자율상권구역,충청남도,,,
0529f9d3c3cfc087b7f1,full_annotation_v1,A,q_귀금속_04,반지,패션·잡화 중 '귀금속'을 판매·제공하는 매장,test,귀금속,T2 동의어,03d7c59b-0f64-4647-9c85-97eb7310d1cc,세이젬,"악세사리, 장신구, 귀금속, 시계, 지금",경주중심상가,전통시장,경상북도,,,
1fb2a6d9931c0a0e286e,full_annotation_v1,A,q_귀금속_04,반지,패션·잡화 중 '귀금속'을 판매·제공하는 매장,test,귀금속,T2 동의어,8f4625ab-593d-4854-8c21-c6a1662c0147,반지만들기카페 건대점,여가서비스,건대로데오거리골목형상점가,골목형상점가,서울특별시,,,
fad26bcc1549bd756ef0,full_annotation_v1,A,q_귀금속_04,반지,패션·잡화 중 '귀금속'을 판매·제공하는 매장,test,귀금속,T2 동의어,38be9d5c-882c-404c-b2ce-cda16d015a86,반찬카페,,관저상가 골목형상점가,골목형상점가,대전광역시,,,
3c3891e6882de10129f1,full_annotation_v1,A,q_귀금속_04,반지,패션·잡화 중 '귀금속'을 판매·제공하는 매장,test,귀금속,T2 동의어,155e3dce-3d2f-4a58-b7a0-a8e7e9c6f1ee,오늘뭐먹지,반찬,중랑동부시장,전통시장,서울특별시,,,
6d9e4148ff52d9a268fe,full_annotation_v1,A,q_귀금속_04,반지,패션·잡화 중 '귀금속'을 판매·제공하는 매장,test,귀금속,T2 동의어,592e0067-5918-4cfe-8d4a-24279020c02b,일단와봐유,한식,성정시장(구 성정5단지시장),전통시장,충청남도,,,
29e0f2783a50f1690ece,full_annotation_v1,A,q_귀금속_04,반지,패션·잡화 중 '귀금속'을 판매·제공하는 매장,test,귀금속,T2 동의어,794fd872-f238-415d-9503-5c3be5981ca5,토파즈,"악세사리, 보석, 시계",익산 다e로움 상권활성화구역,상권활성화구역,전북특별자치도,,,
f6b690bb389de508da01,full_annotation_v1,A,q_귀금속_04,반지,패션·잡화 중 '귀금속'을 판매·제공하는 매장,test,귀금속,T2 동의어,bdda6a07-8f99-4854-9418-ed615d6d9bae,동양보석,,골드테마거리,전통시장,부산광역시,,,
b0a69ac04a7e3e9ecc13,full_annotation_v1,A,q_귀금속_04,반지,패션·잡화 중 '귀금속'을 판매·제공하는 매장,test,귀금속,T2 동의어,a7ec59a5-9ab1-4236-9c8e-e03ad8d7f92c,반지공작소,액세서리,원주중앙로문화의거리,자율상권구역,강원특별자치도,,,
2cdafdbdd63b1b9948c8,full_annotation_v1,A,q_귀금속_04,반지,패션·잡화 중 '귀금속'을 판매·제공하는 매장,test,귀금속,T2 동의어,a84325be-be8c-465e-93fb-6ae0068b5551,금반지,금은세공,광복마을푸른길 골목형상점가,골목형상점가,광주광역시,,,
94bdcb12945a550c35c8,full_annotation_v1,A,q_귀금속_04,반지,패션·잡화 중 '귀금속'을 판매·제공하는 매장,test,귀금속,T2 동의어,3507440c-a07e-4c33-bb7b-da3a205b0f6e,대광당,금.은.보석.시계,당진원시가지상가,자율상권구역,충청남도,,,
bf6b8583476f7657d986,full_annotation_v1,A,q_귀금속_04,반지,패션·잡화 중 '귀금속'을 판매·제공하는 매장,test,귀금속,T2 동의어,97dce0e8-a756-474e-8624-75b982802335,미쥬보석,귀금속,메트로센터(반월당지하쇼핑),일반지하상점가,대구광역시,,,
a4a14d6d084cbd8a4e4c,full_annotation_v1,A,q_귀금속_04,반지,패션·잡화 중 '귀금속'을 판매·제공하는 매장,test,귀금속,T2 동의어,a01d016a-620d-4d3c-a9da-3cc89d2dbb49,무궁화대진옷집,옷,진안시장(진안고원시장),전통시장,전북특별자치도,,,
ac875eed787d67adf45f,full_annotation_v1,A,q_귀금속_04,반지,패션·잡화 중 '귀금속'을 판매·제공하는 매장,test,귀금속,T2 동의어,a4612722-0028-4b08-bd0a-1b2c3e0ed4a1,반지하 나성점,돼지고기,나성동 골목형상점가,골목형상점가,세종특별자치시,,,
e7fb06d6f82986949b99,full_annotation_v1,A,q_귀금속_04,반지,패션·잡화 중 '귀금속'을 판매·제공하는 매장,test,귀금속,T2 동의어,917789a1-37a6-4ef3-87f1-c7a57cffe49a,성창테이프,테이프,산업용재관,전통시장,대구광역시,,,
df72069ef9faee910959,full_annotation_v1,A,q_귀금속_04,반지,패션·잡화 중 '귀금속'을 판매·제공하는 매장,test,귀금속,T2 동의어,53de7214-cdf0-4e52-8884-96a2b324ae69,블링걸,장식귀걸이목걸이반지머리핀,신안프라자전통시장,전통시장,경기도,,,
46378ef7317852e765c5,full_annotation_v1,A,q_귀금속_04,반지,패션·잡화 중 '귀금속'을 판매·제공하는 매장,test,귀금속,T2 동의어,0056f9b4-b953-40f2-b820-71d6e7b46c58,주얼리루비,귀금속,하남 골목형상점가,골목형상점가,광주광역시,,,
be2b6ae0e3d4372d1993,full_annotation_v1,A,q_귀금속_04,반지,패션·잡화 중 '귀금속'을 판매·제공하는 매장,test,귀금속,T2 동의어,6e140458-ff7c-403a-a918-9a5f41a1683c,부금당금방,금 은 보석 시계 악세사리,일곡동 골목형상점가,골목형상점가,광주광역시,,,
0c56e00a00a81d479212,full_annotation_v1,A,q_귀금속_04,반지,패션·잡화 중 '귀금속'을 판매·제공하는 매장,test,귀금속,T2 동의어,49a3fe9c-bbf7-42a9-a741-99166f39ce92,진보당,금은방,진해중앙시장,전통시장,경상남도,,,
d8a287350065dff514f1,full_annotation_v1,A,q_귀금속_04,반지,패션·잡화 중 '귀금속'을 판매·제공하는 매장,test,귀금속,T2 동의어,67f87d56-6dd0-4869-bfc4-0ff663f9e8a6,보석명가,,매곡시장 골목형상점가,골목형상점가,울산광역시,,,
ae5079ef010a94809a21,full_annotation_v1,A,q_귀금속_04,반지,패션·잡화 중 '귀금속'을 판매·제공하는 매장,test,귀금속,T2 동의어,004eaf2b-83b1-4387-9843-85074f3b3f6f,색동보석,보석,충주자유시장,전통시장,충청북도,,,
a19e332fbb391ddcca95,full_annotation_v1,A,q_귀금속_04,반지,패션·잡화 중 '귀금속'을 판매·제공하는 매장,test,귀금속,T2 동의어,8d078916-3053-4d0d-b5c3-e573d4e8990b,김해금방 금반지야,악세사리,김해 외동전통시장,전통시장,경상남도,,,
0db1048f3afe04e61346,full_annotation_v1,A,q_귀금속_04,반지,패션·잡화 중 '귀금속'을 판매·제공하는 매장,test,귀금속,T2 동의어,db263250-3318-4ca7-b22e-98ddf160bc69,보미당,반지,청주시 소나무길 일원 자율상권구역,상권활성화구역,충청북도,,,
ace36774f6d19367925d,full_annotation_v1,A,q_귀금속_04,반지,패션·잡화 중 '귀금속'을 판매·제공하는 매장,test,귀금속,T2 동의어,b864eec3-4a20-463c-8d6d-588d53f9b36b,동방보석,"보석, 액세서리",서남신시장,전통시장,대구광역시,,,
ee68fe7a503b89f0bb87,full_annotation_v1,A,q_귀금속_04,반지,패션·잡화 중 '귀금속'을 판매·제공하는 매장,test,귀금속,T2 동의어,06f92a02-db8d-46be-8ee1-213693507a55,오드워치,시계,남대문시장,전통시장,서울특별시,,,
51f598a0672798548a40,full_annotation_v1,A,q_귀금속_04,반지,패션·잡화 중 '귀금속'을 판매·제공하는 매장,test,귀금속,T2 동의어,4304ee55-bc0b-4f66-933a-fd3e086a5c11,꽃반지,귀금속,㈜르네시떼,전통시장,부산광역시,,,
9a7200def0a013a568cb,full_annotation_v1,A,q_귀금속_04,반지,패션·잡화 중 '귀금속'을 판매·제공하는 매장,test,귀금속,T2 동의어,4f68e3be-67ee-4ce7-bf3c-d9bb024c203f,골드보석,금.보석,하당꽃길2가 골목형상점가,골목형상점가,전라남도,,,
eafc591d1a0bf1ed3996,full_annotation_v1,A,q_귀금속_04,반지,패션·잡화 중 '귀금속'을 판매·제공하는 매장,test,귀금속,T2 동의어,072851b4-8d47-4e6b-a1f4-18ef47490ed1,금빛돌보석,시계,봉덕신시장,전통시장,대구광역시,,,
b1d93fa9d42d95d8e074,full_annotation_v1,A,q_귀금속_04,반지,패션·잡화 중 '귀금속'을 판매·제공하는 매장,test,귀금속,T2 동의어,38734df9-1aea-49b2-9050-25ba327f052d,호박당,금은방(귀금속),전주모래내시장,전통시장,전북특별자치도,,,
269d2af209c93fe0e14a,full_annotation_v1,A,q_귀금속_04,반지,패션·잡화 중 '귀금속'을 판매·제공하는 매장,test,귀금속,T2 동의어,bbfd4469-1932-4de3-9f40-199e36478fa0,반찬일번지,반찬,경안전통시장,전통시장,경기도,,,
b968b03e2864bf517bb8,full_annotation_v1,A,q_귀금속_04,반지,패션·잡화 중 '귀금속'을 판매·제공하는 매장,test,귀금속,T2 동의어,3674b5e8-3d99-4a8d-a961-f7b913ea37ca,서울보석,귀금속,나주혁신도시 골목형상점가,골목형상점가,전라남도,,,
aed57def266c8101e945,full_annotation_v1,A,q_귀금속_04,반지,패션·잡화 중 '귀금속'을 판매·제공하는 매장,test,귀금속,T2 동의어,98858e1c-b81c-4939-8cce-e57dedc7c06d,미올지,,한들물빛도시 골목형 상점가,골목형상점가,충청남도,,,
f82929c44fb5daf787b6,full_annotation_v1,A,q_귀금속_04,반지,패션·잡화 중 '귀금속'을 판매·제공하는 매장,test,귀금속,T2 동의어,10de78d1-e53e-4617-8bf1-5c53e8665faa,경일사,"보석, 시계",송탄시장(송북시장),전통시장,경기도,,,
769b996746c58c053d40,full_annotation_v1,A,q_귀금속_04,반지,패션·잡화 중 '귀금속'을 판매·제공하는 매장,test,귀금속,T2 동의어,e40315b7-ff13-4378-96d3-764034562fb9,꽃반지,잡화,해미읍성전통시장,전통시장,충청남도,,,
442a9e2d14dcce92bc81,full_annotation_v1,A,q_귀금속_04,반지,패션·잡화 중 '귀금속'을 판매·제공하는 매장,test,귀금속,T2 동의어,0043881b-db89-4699-8cc4-29ff178f91ee,국제보석,귀금속,대구패션주얼리특구,자율상권구역,대구광역시,,,
ff61104820690f9acea8,full_annotation_v1,A,q_귀금속_04,반지,패션·잡화 중 '귀금속'을 판매·제공하는 매장,test,귀금속,T2 동의어,4c612205-c63f-4715-b8cb-1cdf6d99ee58,권보석,귀금속,민락골목시장,전통시장,부산광역시,,,
178a63cc5293e5698aa6,full_annotation_v1,A,q_귀금속_04,반지,패션·잡화 중 '귀금속'을 판매·제공하는 매장,test,귀금속,T2 동의어,0038905e-d969-4b31-b09f-c35bdc0b9b8b,영보석,귀금속,촬영소사거리골목형상점가,골목형상점가,서울특별시,,,
672deded03b8ea0a0c57,full_annotation_v1,A,q_귀금속_04,반지,패션·잡화 중 '귀금속'을 판매·제공하는 매장,test,귀금속,T2 동의어,d6bdb049-2eeb-49d3-b6a4-fd08a60249ba,문돼지,,양주옥정호수공원3차상점가,골목형상점가,경기도,,,
f8951d2ea329b936010b,full_annotation_v1,A,q_귀금속_04,반지,패션·잡화 중 '귀금속'을 판매·제공하는 매장,test,귀금속,T2 동의어,7f847992-1881-4f5f-b7be-5a4b0202b23b,반찬통,반찬,안마을 골목형상점가,골목형상점가,서울특별시,,,
b62a442b5b1c4ce7ca53,full_annotation_v1,A,q_귀금속_04,반지,패션·잡화 중 '귀금속'을 판매·제공하는 매장,test,귀금속,T2 동의어,87cdf98c-5082-4a62-997f-e7d618f0c863,명신당,보석,오정시장,전통시장,경기도,,,
1ebe0953d1096f1b0e01,full_annotation_v1,A,q_귀금속_04,반지,패션·잡화 중 '귀금속'을 판매·제공하는 매장,test,귀금속,T2 동의어,bb7dcbd2-544d-4976-ab8f-b51bfb3b0796,보석창고,잡화,간석자유시장,전통시장,인천광역시,,,
1ae9e6defe4e85310234,full_annotation_v1,A,q_귀금속_04,반지,패션·잡화 중 '귀금속'을 판매·제공하는 매장,test,귀금속,T2 동의어,bf7a5918-0aba-45a3-a28c-7e849b351939,영주얼리,보석,서문시장2지구 종합상가,전통시장,대구광역시,,,
7cc4aa278b89b88d9b9d,full_annotation_v1,A,q_귀금속_04,반지,패션·잡화 중 '귀금속'을 판매·제공하는 매장,test,귀금속,T2 동의어,03d999c9-d1ad-4f94-8fa6-a7f9bf1c412d,갱'S쥬얼리,"귀금속, 시계",신림별빛거리골목형상점가,골목형상점가,서울특별시,,,
1bd8eda1feabb52faa01,full_annotation_v1,A,q_귀금속_04,반지,패션·잡화 중 '귀금속'을 판매·제공하는 매장,test,귀금속,T2 동의어,01f2baea-5004-4e8d-a9a5-66c50aaf49e6,머쓱케이스,휴대폰 액세서리,동성로상점가,자율상권구역,대구광역시,,,
94dfe68d96d12ccd187e,full_annotation_v1,A,q_귀금속_04,반지,패션·잡화 중 '귀금속'을 판매·제공하는 매장,test,귀금속,T2 동의어,47b2f16f-c891-4189-a903-364a38abe66b,카페온담,"커피, 수제차",용봉지구 골목형상점가,골목형상점가,광주광역시,,,
fdf39c575aa5384660aa,full_annotation_v1,A,q_귀금속_04,반지,패션·잡화 중 '귀금속'을 판매·제공하는 매장,test,귀금속,T2 동의어,09e3a824-23c2-4ac1-9710-9e5e2fc11a73,반지하가오점,한식,가오동 골목형상점가,골목형상점가,대전광역시,,,
e5e28b3ac4f9012fa91a,full_annotation_v1,A,q_귀금속_04,반지,패션·잡화 중 '귀금속'을 판매·제공하는 매장,test,귀금속,T2 동의어,4af6128c-51b1-4ea8-ae60-2b958126a172,원보석,소매(금은방),우림골목시장,전통시장,서울특별시,,,
b2832736bf8c381f14b0,full_annotation_v1,A,q_귀금속_04,반지,패션·잡화 중 '귀금속'을 판매·제공하는 매장,test,귀금속,T2 동의어,f0853023-f226-4420-8a62-eb492f12e38c,서울보석,귀금속,상무중앙상인회 골목형상점가,골목형상점가,광주광역시,,,
afe9513f003ef3075ba4,full_annotation_v1,A,q_귀금속_04,반지,패션·잡화 중 '귀금속'을 판매·제공하는 매장,test,귀금속,T2 동의어,2ff9ae04-ef5e-42a8-8933-8ae8130583f3,우주마켓,의류 보석 쥬얼리 핸드메이드소품,은구비서로사회적협동조합 골목형상점가,골목형상점가,대전광역시,,,
563b54c5dc0af4d79a89,full_annotation_v1,A,q_귀금속_04,반지,패션·잡화 중 '귀금속'을 판매·제공하는 매장,test,귀금속,T2 동의어,26bb0fa5-d3a8-4a65-aca0-48c7e2a07d3e,금향보석,귀금속,충장로45가 상점가,자율상권구역,광주광역시,,,
a7ce8fbc5d538834b7b8,full_annotation_v1,A,q_귀금속_04,반지,패션·잡화 중 '귀금속'을 판매·제공하는 매장,test,귀금속,T2 동의어,3db43f45-141b-4b4a-bb9e-4756ac5484aa,삼도보석,,구리전통시장,전통시장,경기도,,,
027a6a3a69c775e3a49b,full_annotation_v1,A,q_귀금속_04,반지,패션·잡화 중 '귀금속'을 판매·제공하는 매장,test,귀금속,T2 동의어,166c9193-005d-4dc3-8637-ed2bfd71be6f,부산금은방 남매금빵,,골드테마거리,전통시장,부산광역시,,,
48495d9e9e75ec313712,full_annotation_v1,A,q_귀금속_04,반지,패션·잡화 중 '귀금속'을 판매·제공하는 매장,test,귀금속,T2 동의어,cb08f609-f64b-4fda-ba0e-39cc5df35cf9,반찬투정,반찬과일,토지금고시장,전통시장,인천광역시,,,
79ab462cdb0c20622425,full_annotation_v1,A,q_귀금속_04,반지,패션·잡화 중 '귀금속'을 판매·제공하는 매장,test,귀금속,T2 동의어,dc55af39-06a5-461b-91be-f2c9b410c7a5,금우당,"시계, 보석",진주 자유시장,전통시장,경상남도,,,
93692f22f7d6cac3bef3,full_annotation_v1,A,q_귀금속_04,반지,패션·잡화 중 '귀금속'을 판매·제공하는 매장,test,귀금속,T2 동의어,0862f2e1-d161-4725-bc99-c2617acfb78b,애지,의류,원주자유시장,전통시장,강원특별자치도,,,
3a478afaf60a74366eb8,full_annotation_v1,A,q_귀금속_04,반지,패션·잡화 중 '귀금속'을 판매·제공하는 매장,test,귀금속,T2 동의어,8eb90807-87fc-4164-828f-4b206644bbe8,진보석,보석,범한프라자시장,전통시장,경기도,,,
94f1f788121ea7bc7e87,full_annotation_v1,A,q_귀금속_04,반지,패션·잡화 중 '귀금속'을 판매·제공하는 매장,test,귀금속,T2 동의어,0308940f-189d-41bd-9a0c-cae20bfc8b65,실버투유,액세서리,남대문시장,전통시장,서울특별시,,,
b31129fe807508a9e7df,full_annotation_v1,A,q_귀금속_04,반지,패션·잡화 중 '귀금속'을 판매·제공하는 매장,test,귀금속,T2 동의어,03425599-9eed-4d3b-8682-d3c2e620325e,초량전통시장 노점매대 54번,액세서리,초량전통시장,전통시장,부산광역시,,,
e7b0af7d4c27be34a4a3,full_annotation_v1,A,q_귀금속_04,반지,패션·잡화 중 '귀금속'을 판매·제공하는 매장,test,귀금속,T2 동의어,fd762636-f758-4eb5-a249-46f3093609af,바다아트,교육서비스,조양타워골목형상점가,골목형상점가,인천광역시,,,
645b9f2bd4e9ff6ade22,full_annotation_v1,A,q_귀금속_04,반지,패션·잡화 중 '귀금속'을 판매·제공하는 매장,test,귀금속,T2 동의어,cc2d3a5e-7b27-492e-8cd2-a8212d5ae555,성심사,"금, 은, 보석",발안만세시장(구 발안시장),전통시장,경기도,,,
90b490581c4815790323,full_annotation_v1,A,q_귀금속_04,반지,패션·잡화 중 '귀금속'을 판매·제공하는 매장,test,귀금속,T2 동의어,00ee1cd3-ec15-467a-86d2-07e596d7d395,금옥당,"귀금속, 시계 소매",골드테마거리,전통시장,부산광역시,,,
a3fcba49038f256ce4f7,full_annotation_v1,A,q_귀금속_04,반지,패션·잡화 중 '귀금속'을 판매·제공하는 매장,test,귀금속,T2 동의어,74d84965-c901-4e3a-818c-0725bcb45313,반지하 천안두정점,육류,두정동상점가,자율상권구역,충청남도,,,
e76b1b7f3bea7aac5a39,full_annotation_v1,A,q_귀금속_04,반지,패션·잡화 중 '귀금속'을 판매·제공하는 매장,test,귀금속,T2 동의어,e818302b-511c-48de-9174-d74315411a2c,金보석,귀금속,밀양 원도심 햇살문화 상권활성화 구역,상권활성화구역,경상남도,,,
0ebafadad2a0e5af2900,full_annotation_v1,A,q_귀금속_04,반지,패션·잡화 중 '귀금속'을 판매·제공하는 매장,test,귀금속,T2 동의어,2aea60d7-b7f4-4a15-b43d-e5d29a5f75a9,황금보석,"금, 은 시계보석",주막거리상점가,자율상권구역,경기도,,,
39cd73b236097fd3a341,full_annotation_v1,A,q_귀금속_04,반지,패션·잡화 중 '귀금속'을 판매·제공하는 매장,test,귀금속,T2 동의어,3a072283-4036-49cc-b5e3-63def44e6fab,고려사,"보석, 시계",대송시장,전통시장,울산광역시,,,
038059efe423db004ef9,full_annotation_v1,A,q_귀금속_04,반지,패션·잡화 중 '귀금속'을 판매·제공하는 매장,test,귀금속,T2 동의어,fc1d3535-a0d5-487f-8e55-1280673d7615,금부치아,주얼리 반지 목걸이 팔찌 귀걸이 등 귀금속 및 보석,백년소상공인,기타,서울특별시,,,
3a6e13ca94852ae069c8,full_annotation_v1,A,q_귀금속_04,반지,패션·잡화 중 '귀금속'을 판매·제공하는 매장,test,귀금속,T2 동의어,a2cf1089-05ed-48f4-874d-54db6bc0ec49,민보석,귀금속,은마종합상점가,자율상권구역,서울특별시,,,
7097fa52efcd338b48da,full_annotation_v1,A,q_귀금속_04,반지,패션·잡화 중 '귀금속'을 판매·제공하는 매장,test,귀금속,T2 동의어,3d2dad2f-f23c-4515-aff7-368efc81889c,보석김밥,,신가동 골목형상점가,골목형상점가,광주광역시,,,
e3397570fce77e507748,full_annotation_v1,A,q_귀금속_04,반지,패션·잡화 중 '귀금속'을 판매·제공하는 매장,test,귀금속,T2 동의어,03d2f183-77cc-44c8-b4e4-f34ed3bcfa83,다나,"소매업(귀금속,액세서리,모조장신구)",코끼리시장,전통시장,경기도,,,
d4ae5e43c7f19ba88e2b,full_annotation_v1,A,q_귀금속_04,반지,패션·잡화 중 '귀금속'을 판매·제공하는 매장,test,귀금속,T2 동의어,0188cda6-6441-4058-82b0-0cb89e035583,친한친구,액세서리,㈜르네시떼,전통시장,부산광역시,,,
404ab4f15143c73265bb,full_annotation_v1,A,q_귀금속_04,반지,패션·잡화 중 '귀금속'을 판매·제공하는 매장,test,귀금속,T2 동의어,b26d80a9-301a-4ca6-a297-1fa1aabfddd5,임보석,귀금속,골드테마거리,전통시장,부산광역시,,,
6205e1b686e5affa4bf1,full_annotation_v1,A,q_귀금속_04,반지,패션·잡화 중 '귀금속'을 판매·제공하는 매장,test,귀금속,T2 동의어,b2afa2d4-8e21-4723-9f51-f22574bebdd5,오!쥬얼리,보석,효자시장,전통시장,경상북도,,,
da7cbe8cd233272fe2aa,full_annotation_v1,A,q_귀금속_04,반지,패션·잡화 중 '귀금속'을 판매·제공하는 매장,test,귀금속,T2 동의어,63a56588-5bfa-4172-bc75-54f5bcccebce,반찬온,,옥계 600,골목형상점가,경상북도,,,
9dc32538852288eb618b,full_annotation_v1,A,q_귀금속_04,반지,패션·잡화 중 '귀금속'을 판매·제공하는 매장,test,귀금속,T2 동의어,3179f691-2e35-47ee-87c3-9bed90fe10fb,스마일링 반지공방,원데이클래스,부천 옥길 골목형상점가,골목형상점가,경기도,,,
7d58bc7f3773db0e9bf2,full_annotation_v1,A,q_귀금속_04,반지,패션·잡화 중 '귀금속'을 판매·제공하는 매장,test,귀금속,T2 동의어,1167c570-83fc-4aec-a9f2-b1635d54f8bd,서닮보석,귀금속,김대중컨벤션상인회 골목형상점가,골목형상점가,광주광역시,,,
3adb81931e6a6b61b2e1,full_annotation_v1,A,q_귀금속_04,반지,패션·잡화 중 '귀금속'을 판매·제공하는 매장,test,귀금속,T2 동의어,876bb4d4-ee5a-4998-b16d-d6e57b064335,장성떡집,떡,진주 새서부시장,전통시장,경상남도,,,
f4ec483ca1ea5c9467dc,full_annotation_v1,A,q_귀금속_04,반지,패션·잡화 중 '귀금속'을 판매·제공하는 매장,test,귀금속,T2 동의어,5a546f19-77f8-489d-a3f2-fbb130f97f02,깐지,한식,부천일로 골목형상점가,골목형상점가,경기도,,,
82117b21d158af7da537,full_annotation_v1,A,q_귀금속_04,반지,패션·잡화 중 '귀금속'을 판매·제공하는 매장,test,귀금속,T2 동의어,085465ef-544c-4898-9421-c8b9babe2186,해와달,소매(준보석),천호로데오거리상점가,자율상권구역,서울특별시,,,
e5d9543168e1b32580a1,full_annotation_v1,A,q_귀금속_04,반지,패션·잡화 중 '귀금속'을 판매·제공하는 매장,test,귀금속,T2 동의어,8dcbb137-b612-43f3-a0cc-42af610c024e,옥보당,"금, 은, 보석, 시계",우정전통시장,전통시장,울산광역시,,,
61120e2012bb8c04bd8d,full_annotation_v1,A,q_귀금속_04,반지,패션·잡화 중 '귀금속'을 판매·제공하는 매장,test,귀금속,T2 동의어,e1e1778d-a2f1-4a9c-861c-7cc508e6cbe5,반지하도안점,한식,목대온기 골목형상점가,골목형상점가,대전광역시,,,
7c4b52f265aa4c7506e9,full_annotation_v1,A,q_귀금속_04,반지,패션·잡화 중 '귀금속'을 판매·제공하는 매장,test,귀금속,T2 동의어,00ec77a3-3e9a-4a5b-b837-c4014ef84285,은은하당,귀금속소매업,테크노밸리 골목형상점가,골목형상점가,대전광역시,,,
cd646df71ea884b90856,full_annotation_v1,A,q_귀금속_04,반지,패션·잡화 중 '귀금속'을 판매·제공하는 매장,test,귀금속,T2 동의어,18dd5715-f963-495d-b161-d7d28772a2ab,현대보석,"금, 은, 보석시계",전통중앙도매상가,전통시장,대전광역시,,,
4090a7c94c59d0e90f6d,full_annotation_v1,A,q_귀금속_04,반지,패션·잡화 중 '귀금속'을 판매·제공하는 매장,test,귀금속,T2 동의어,f545bcec-ee0a-4ae0-b54e-91c22cc94af7,은혜보석,귀금속,춘천중앙시장,전통시장,강원특별자치도,,,
9e7cd59bc5cf104d1890,full_annotation_v1,A,q_귀금속_04,반지,패션·잡화 중 '귀금속'을 판매·제공하는 매장,test,귀금속,T2 동의어,fb1abfce-7993-4105-9194-ff00c184df05,도쿄앤펄,반지,아시아음식문화거리 골목형상점가,골목형상점가,광주광역시,,,
42bbf24bd9d704c71a90,full_annotation_v1,A,q_귀금속_04,반지,패션·잡화 중 '귀금속'을 판매·제공하는 매장,test,귀금속,T2 동의어,65752053-ac16-4348-ab9a-6e3b1d5f80b2,강원산약초산나물,"농산물, 약초",정선아리랑시장,전통시장,강원특별자치도,,,
d2086b743e0a454aa64b,full_annotation_v1,A,q_귀금속_04,반지,패션·잡화 중 '귀금속'을 판매·제공하는 매장,test,귀금속,T2 동의어,cf180480-df0a-4e26-b978-d247cd81be6b,커플링마을광주점,은반지 은팔찌,"금남로4,5가 골목형상점가",골목형상점가,광주광역시,,,
d0f4008dafe0909dec21,full_annotation_v1,A,q_귀금속_04,반지,패션·잡화 중 '귀금속'을 판매·제공하는 매장,test,귀금속,T2 동의어,8fa43204-123c-46fa-b6eb-5c4304d36da0,정금당,"금은, 보석, 시계",수유시장,전통시장,서울특별시,,,
2b44e7dea6a42d218d01,full_annotation_v1,A,q_귀금속_04,반지,패션·잡화 중 '귀금속'을 판매·제공하는 매장,test,귀금속,T2 동의어,3001684f-07d6-408c-b893-0f8d11140118,코딱지,의류,원주자유시장,전통시장,강원특별자치도,,,
424f2e5bae1040de5dca,full_annotation_v1,A,q_귀금속_04,반지,패션·잡화 중 '귀금속'을 판매·제공하는 매장,test,귀금속,T2 동의어,38b04847-32fa-4783-b1ab-19609fbede69,미야상회,과일,대구능금시장,전통시장,대구광역시,,,
671089aa4fc532c53f86,full_annotation_v1,A,q_귀금속_04,반지,패션·잡화 중 '귀금속'을 판매·제공하는 매장,test,귀금속,T2 동의어,e287e27f-9101-41ec-b452-55f52ff8fa39,명보쥬얼리,보석류반지목걸이,화성남양시장,전통시장,경기도,,,
b587105e0a4017a43913,full_annotation_v1,A,q_귀금속_04,반지,패션·잡화 중 '귀금속'을 판매·제공하는 매장,test,귀금속,T2 동의어,196709e2-8179-4314-8e6d-868eed73754a,해석벽지,,방산시장 상점가,자율상권구역,서울특별시,,,
e931c58c07b8329e8fc4,full_annotation_v1,A,q_귀금속_04,반지,패션·잡화 중 '귀금속'을 판매·제공하는 매장,test,귀금속,T2 동의어,d7262610-8261-4e0e-bfa4-afe01a0c6b20,e이보석,귀금속,현대시장(수정구),전통시장,경기도,,,
05e78b7c0d70286506d4,full_annotation_v1,A,q_귀금속_04,반지,패션·잡화 중 '귀금속'을 판매·제공하는 매장,test,귀금속,T2 동의어,9b154fd2-ee62-4e33-88b5-5c1ac4a5b649,으뜸보석,"금, 은, 보석",두꺼비시장,전통시장,충청북도,,,
016952ec8dbcdd5fece0,full_annotation_v1,A,q_귀금속_04,반지,패션·잡화 중 '귀금속'을 판매·제공하는 매장,test,귀금속,T2 동의어,4f46dcfb-bad6-43c5-bf36-da4461661eb9,굽네치킨송정도산,치킨,임방울거리1구역 골목형상점가,골목형상점가,광주광역시,,,
41e947f3d34b3a13f9f0,full_annotation_v1,A,q_귀금속_04,반지,패션·잡화 중 '귀금속'을 판매·제공하는 매장,test,귀금속,T2 동의어,1b2c7133-8411-400e-9c1e-6ce34bd1d6c7,뷰티바이블,피부미용,안양1번가 상점가,자율상권구역,경기도,,,
42840cfb26db391c0901,full_annotation_v1,A,q_귀금속_04,반지,패션·잡화 중 '귀금속'을 판매·제공하는 매장,test,귀금속,T2 동의어,6d9af3cd-029f-42d1-89aa-0c4f2d71c106,금성스타보석,,둔산3동근린상가 골목형상점가,골목형상점가,대전광역시,,,
1e06cefcbef445103a1c,full_annotation_v1,A,q_귀금속_04,반지,패션·잡화 중 '귀금속'을 판매·제공하는 매장,test,귀금속,T2 동의어,1d5631fa-ec06-4f91-be13-602ed27d1b7b,반지제작소,공예,BOCA 보카상점가,골목형상점가,경기도,,,
992a05457de0a1db01db,full_annotation_v1,A,q_귀금속_04,반지,패션·잡화 중 '귀금속'을 판매·제공하는 매장,test,귀금속,T2 동의어,0c0f2fd4-dd64-4b86-a11c-ed97ef89b2d1,언니반지,귀금속,신원권율2 골목형상점가,골목형상점가,경기도,,,
6db749583a7d035ddeef,full_annotation_v1,A,q_귀금속_04,반지,패션·잡화 중 '귀금속'을 판매·제공하는 매장,test,귀금속,T2 동의어,fb28f966-8006-43a5-9c4d-e623b409c83e,보석장,귀금속,창원 가음시장대상가,전통시장,경상남도,,,
dfbca70b6c5b7b2b74ef,full_annotation_v1,A,q_귀금속_04,반지,패션·잡화 중 '귀금속'을 판매·제공하는 매장,test,귀금속,T2 동의어,9a4c0c40-000c-4c0c-a0ba-326719ba4594,보석당,"금, 보석, 광고, 귀금속",평창올림픽시장(평창전통시장),전통시장,강원특별자치도,,,
82023041dfa6aed67f20,full_annotation_v1,A,q_귀금속_04,반지,패션·잡화 중 '귀금속'을 판매·제공하는 매장,test,귀금속,T2 동의어,70a57915-6a4c-47d5-a0bf-22a96af7feba,보석상회,의류,동산상가,전통시장,대구광역시,,,
77b3c865e204abf2a994,full_annotation_v1,A,q_귀금속_04,반지,패션·잡화 중 '귀금속'을 판매·제공하는 매장,test,귀금속,T2 동의어,20674988-7871-48f7-a2bf-d436cee2a0aa,참돼지,,정남진활력의거리 골목형상점가,골목형상점가,,,,
fe10c51649a61d34046f,full_annotation_v1,A,q_귀금속_04,반지,패션·잡화 중 '귀금속'을 판매·제공하는 매장,test,귀금속,T2 동의어,498959dc-6f9b-4f94-8fe5-2a7879895ca7,닥앤독스광주상무점,치킨 앤 쪽갈비,운천상무시장 골목형상점가,골목형상점가,광주광역시,,,
e3cd361d7608943b7ce0,full_annotation_v1,A,q_귀금속_04,반지,패션·잡화 중 '귀금속'을 판매·제공하는 매장,test,귀금속,T2 동의어,905fdfef-83ca-4ed1-be97-3b0170dabcdb,젬하우스,악세사리 반지공방,신사세로수길골목형상점가,골목형상점가,서울특별시,,,
9a9193cc0976cfb5d2c8,full_annotation_v1,A,q_귀금속_04,반지,패션·잡화 중 '귀금속'을 판매·제공하는 매장,test,귀금속,T2 동의어,d360e16b-824c-4a78-9359-d0dec3f42165,해신활어직판장,유비끼전문점,운천테라스길상인회 골목형상점가,골목형상점가,광주광역시,,,
18c6268ba090bebe6541,full_annotation_v1,A,q_귀금속_04,반지,패션·잡화 중 '귀금속'을 판매·제공하는 매장,test,귀금속,T2 동의어,991adb94-8eda-4327-9ca2-6cf87661d134,보석 갤러리,"보석, 악세사리",고도리 장터거리 상점가,골목형상점가,전라남도,,,
894d099766c71e018ce9,full_annotation_v1,A,q_귀금속_04,반지,패션·잡화 중 '귀금속'을 판매·제공하는 매장,test,귀금속,T2 동의어,79c468d0-8dfc-404c-9fec-0303ce050cfb,보석상자,의류,은구비서로사회적협동조합 골목형상점가,골목형상점가,대전광역시,,,
b07b6e7ffb428b03ee94,full_annotation_v1,A,q_귀금속_04,반지,패션·잡화 중 '귀금속'을 판매·제공하는 매장,test,귀금속,T2 동의어,dc001ad8-3368-4879-aa19-2787abcc6960,민트보석,악세사리 시계수리 보석,산성로 상권활성화구역,상권활성화구역,경기도,,,
cac3023c4371f59d20f2,full_annotation_v1,A,q_귀금속_04,반지,패션·잡화 중 '귀금속'을 판매·제공하는 매장,test,귀금속,T2 동의어,28cc09c0-ad3b-4ad3-9575-5b45a5c520db,장정육,한식,평촌역 상점가,자율상권구역,경기도,,,
6edb683bf77b85ad0fd5,full_annotation_v1,A,q_귀금속_04,반지,패션·잡화 중 '귀금속'을 판매·제공하는 매장,test,귀금속,T2 동의어,da2d89ee-9770-42dd-bf35-54afce0c2f31,서남쌍방울,,서남신시장,전통시장,대구광역시,,,
2f3df8d46d161779611d,full_annotation_v1,A,q_귀금속_04,반지,패션·잡화 중 '귀금속'을 판매·제공하는 매장,test,귀금속,T2 동의어,a54a3ab8-d1b5-4844-80b7-ac70fad66dc0,에테르주얼리,반지 및 악세서리,대봉애 골목형상점가,골목형상점가,대구광역시,,,
62346fd522fa69948cd1,full_annotation_v1,A,q_귀금속_04,반지,패션·잡화 중 '귀금속'을 판매·제공하는 매장,test,귀금속,T2 동의어,7f2d76ed-1d62-46bf-86e5-8917e08ce752,경 보석,귀금속,충장로45가 상점가,자율상권구역,,,,
80e4d952f7180ccaa0e3,full_annotation_v1,A,q_귀금속_04,반지,패션·잡화 중 '귀금속'을 판매·제공하는 매장,test,귀금속,T2 동의어,069cebbe-575a-40b5-9b2f-0a082b552037,별보석금나라,,전통중앙도매상가,전통시장,대전광역시,,,
bf10929d4d8e30d37cf0,full_annotation_v1,A,q_귀금속_04,반지,패션·잡화 중 '귀금속'을 판매·제공하는 매장,test,귀금속,T2 동의어,f75764d4-4ad8-44c8-ad99-7ccf3eea78de,파지,,중흥자재거리 골목형상점가,골목형상점가,광주광역시,,,
be1dcdd989e990f655f9,full_annotation_v1,A,q_귀금속_05,보석,패션·잡화 중 '귀금속'을 판매·제공하는 매장,test,귀금속,T2 동의어,18dd5715-f963-495d-b161-d7d28772a2ab,현대보석,"금, 은, 보석시계",전통중앙도매상가,전통시장,대전광역시,,,
8bac8c6db14450fe3be8,full_annotation_v1,A,q_귀금속_05,보석,패션·잡화 중 '귀금속'을 판매·제공하는 매장,test,귀금속,T2 동의어,049f8988-fdf6-4dac-acb6-ef8b0af859fa,삼성당,시계,해미읍성전통시장,전통시장,충청남도,,,
0a9cac1a4942d0460e76,full_annotation_v1,A,q_귀금속_05,보석,패션·잡화 중 '귀금속'을 판매·제공하는 매장,test,귀금속,T2 동의어,9ab0ce65-8fd8-42cf-87fa-fcd9b97cbdb6,비즈박스,잡화,서면지하도상가 부전몰,일반지하상점가,부산광역시,,,
44b646853320d057611b,full_annotation_v1,A,q_귀금속_05,보석,패션·잡화 중 '귀금속'을 판매·제공하는 매장,test,귀금속,T2 동의어,3eec5871-f5b1-4e96-9831-3218f5a6a102,칠보와치,시계,여수진남상가,자율상권구역,전라남도,,,
0a182301848c10b28d76,full_annotation_v1,A,q_귀금속_05,보석,패션·잡화 중 '귀금속'을 판매·제공하는 매장,test,귀금속,T2 동의어,51803f5d-715b-44f5-a1da-ec9959d10a67,다스틸로,의류,서산번화2로,자율상권구역,충청남도,,,
84548bd23e8dc664c89b,full_annotation_v1,A,q_귀금속_05,보석,패션·잡화 중 '귀금속'을 판매·제공하는 매장,test,귀금속,T2 동의어,ac5cc32e-296e-4c13-ae5e-872d9a0f48bb,황옥당,시계,말바우시장,전통시장,광주광역시,,,
8f2b49db105063d8f9cc,full_annotation_v1,A,q_귀금속_05,보석,패션·잡화 중 '귀금속'을 판매·제공하는 매장,test,귀금속,T2 동의어,8d6f7b8f-6c40-4bae-82ab-f733189a6f38,보광당,시계,억지춘향시장(구 봉화춘향시장),전통시장,경상북도,,,
e865cf6e040fd8911ae7,full_annotation_v1,A,q_귀금속_05,보석,패션·잡화 중 '귀금속'을 판매·제공하는 매장,test,귀금속,T2 동의어,fc1d3535-a0d5-487f-8e55-1280673d7615,금부치아,주얼리 반지 목걸이 팔찌 귀걸이 등 귀금속 및 보석,백년소상공인,기타,서울특별시,,,
52c7459a0528e2d0390b,full_annotation_v1,A,q_귀금속_05,보석,패션·잡화 중 '귀금속'을 판매·제공하는 매장,test,귀금속,T2 동의어,dc001ad8-3368-4879-aa19-2787abcc6960,민트보석,악세사리 시계수리 보석,산성로 상권활성화구역,상권활성화구역,경기도,,,
891db3225a52acc4c45f,full_annotation_v1,A,q_귀금속_05,보석,패션·잡화 중 '귀금속'을 판매·제공하는 매장,test,귀금속,T2 동의어,03425599-9eed-4d3b-8682-d3c2e620325e,초량전통시장 노점매대 54번,액세서리,초량전통시장,전통시장,부산광역시,,,
0ba75cf91e1012f92b6f,full_annotation_v1,A,q_귀금속_05,보석,패션·잡화 중 '귀금속'을 판매·제공하는 매장,test,귀금속,T2 동의어,5dceba02-08e9-45ea-bfbe-c443d7fd81f0,서북사,시계 금,지석사거리 골목형상점가,골목형상점가,광주광역시,,,
2ad47a487706f209a6a3,full_annotation_v1,A,q_귀금속_05,보석,패션·잡화 중 '귀금속'을 판매·제공하는 매장,test,귀금속,T2 동의어,d5d66a0c-eab0-40ec-bf5d-0d4a32d9c78b,대운당,시계,제천중앙시장,전통시장,충청북도,,,
aba5c52aa1a9836cfa9e,full_annotation_v1,A,q_귀금속_05,보석,패션·잡화 중 '귀금속'을 판매·제공하는 매장,test,귀금속,T2 동의어,4c612205-c63f-4715-b8cb-1cdf6d99ee58,권보석,귀금속,민락골목시장,전통시장,부산광역시,,,
dbbe5f5b32d7d1a10a1f,full_annotation_v1,A,q_귀금속_05,보석,패션·잡화 중 '귀금속'을 판매·제공하는 매장,test,귀금속,T2 동의어,e9894b8d-e8c1-46c5-ac1b-67157db1efcc,부일당,시계,범일골목시장,전통시장,부산광역시,,,
66692c91cf47cb0017fe,full_annotation_v1,A,q_귀금속_05,보석,패션·잡화 중 '귀금속'을 판매·제공하는 매장,test,귀금속,T2 동의어,dc55af39-06a5-461b-91be-f2c9b410c7a5,금우당,"시계, 보석",진주 자유시장,전통시장,경상남도,,,
d031ab55fd9d53839b48,full_annotation_v1,A,q_귀금속_05,보석,패션·잡화 중 '귀금속'을 판매·제공하는 매장,test,귀금속,T2 동의어,fe885d51-ae99-4b63-8605-e2951e20d0bc,골드라인,시계,서면지하도상가 부전몰,일반지하상점가,부산광역시,,,
ebfb665dba0b495fe58a,full_annotation_v1,A,q_귀금속_05,보석,패션·잡화 중 '귀금속'을 판매·제공하는 매장,test,귀금속,T2 동의어,a598b5d7-03cb-4ad2-82ad-6c930a183334,보금장,시계,김제전통시장,전통시장,전북특별자치도,,,
f0c202810ef47f1eb153,full_annotation_v1,A,q_귀금속_05,보석,패션·잡화 중 '귀금속'을 판매·제공하는 매장,test,귀금속,T2 동의어,085465ef-544c-4898-9421-c8b9babe2186,해와달,소매(준보석),천호로데오거리상점가,자율상권구역,서울특별시,,,
50b764f79ab7788f3769,full_annotation_v1,A,q_귀금속_05,보석,패션·잡화 중 '귀금속'을 판매·제공하는 매장,test,귀금속,T2 동의어,70a57915-6a4c-47d5-a0bf-22a96af7feba,보석상회,의류,동산상가,전통시장,대구광역시,,,
fe550458f4878d5c3080,full_annotation_v1,A,q_귀금속_05,보석,패션·잡화 중 '귀금속'을 판매·제공하는 매장,test,귀금속,T2 동의어,fb28f966-8006-43a5-9c4d-e623b409c83e,보석장,귀금속,창원 가음시장대상가,전통시장,경상남도,,,
4d028d623a7f29661a8a,full_annotation_v1,A,q_귀금속_05,보석,패션·잡화 중 '귀금속'을 판매·제공하는 매장,test,귀금속,T2 동의어,d4171827-052f-4d8a-863e-12a8205d7be1,춘양시계,시계,남광주시장,전통시장,광주광역시,,,
0f730b057666bbb9f6a6,full_annotation_v1,A,q_귀금속_05,보석,패션·잡화 중 '귀금속'을 판매·제공하는 매장,test,귀금속,T2 동의어,507b8a00-5fba-4980-952e-1ad226c9de15,아사라,시계,금남지하도상가 1공구,일반지하상점가,광주광역시,,,
c0a19983b380b0ce18d5,full_annotation_v1,A,q_귀금속_05,보석,패션·잡화 중 '귀금속'을 판매·제공하는 매장,test,귀금속,T2 동의어,8c660ebf-1f57-4a3f-9891-66c740af5d09,대광당,시계,속초중앙전통시장,전통시장,강원특별자치도,,,
323f5c3e05226b44c436,full_annotation_v1,A,q_귀금속_05,보석,패션·잡화 중 '귀금속'을 판매·제공하는 매장,test,귀금속,T2 동의어,af8c6723-7093-4693-97b1-5a200af18d2a,중앙사,시계,부평깡통시장(구 부산부평시장),전통시장,부산광역시,,,
f2c7a7146cd100efcef2,full_annotation_v1,A,q_귀금속_05,보석,패션·잡화 중 '귀금속'을 판매·제공하는 매장,test,귀금속,T2 동의어,98b0cc86-88a8-406c-9dd4-413f817183ba,보금당,시계,장한평역먹자골목형상점가,골목형상점가,서울특별시,,,
034e1a78b23c32baaf8d,full_annotation_v1,A,q_귀금속_05,보석,패션·잡화 중 '귀금속'을 판매·제공하는 매장,test,귀금속,T2 동의어,a54a3ab8-d1b5-4844-80b7-ac70fad66dc0,에테르주얼리,반지 및 악세서리,대봉애 골목형상점가,골목형상점가,대구광역시,,,
ba4b5039fb75f0e691b6,full_annotation_v1,A,q_귀금속_05,보석,패션·잡화 중 '귀금속'을 판매·제공하는 매장,test,귀금속,T2 동의어,06f92a02-db8d-46be-8ee1-213693507a55,오드워치,시계,남대문시장,전통시장,서울특별시,,,
da6feae9bc77bc6009f8,full_annotation_v1,A,q_귀금속_05,보석,패션·잡화 중 '귀금속'을 판매·제공하는 매장,test,귀금속,T2 동의어,f16853cb-fcf8-4e50-bda5-c64a0691acc4,현대사,시계,서면지하도상가 서면몰(대현프리몰),일반지하상점가,부산광역시,,,
7b6dbf8507b6bb716dc3,full_annotation_v1,A,q_귀금속_05,보석,패션·잡화 중 '귀금속'을 판매·제공하는 매장,test,귀금속,T2 동의어,776876f2-011f-4cda-97e6-74e2dd54d63f,명보당,시계,먹자골음식문화의거리(창동먹자골상점가),자율상권구역,경기도,,,
0426cfae0e6371819c5f,full_annotation_v1,A,q_귀금속_05,보석,패션·잡화 중 '귀금속'을 판매·제공하는 매장,test,귀금속,T2 동의어,23a6e67b-88b8-4bf9-b95f-80bee8e037bd,은아당,시계,포항중앙상가,전통시장,경상북도,,,
46397c8c8ec542b5fdb4,full_annotation_v1,A,q_귀금속_05,보석,패션·잡화 중 '귀금속'을 판매·제공하는 매장,test,귀금속,T2 동의어,0ebce67a-9623-415d-b313-f7771a4f1558,정원당,시계,계림오거리 골목형상점가,골목형상점가,광주광역시,,,
a872beeca70a73e40f92,full_annotation_v1,A,q_귀금속_05,보석,패션·잡화 중 '귀금속'을 판매·제공하는 매장,test,귀금속,T2 동의어,8eb90807-87fc-4164-828f-4b206644bbe8,진보석,보석,범한프라자시장,전통시장,경기도,,,
02579b1a72d3d6f1549e,full_annotation_v1,A,q_귀금속_05,보석,패션·잡화 중 '귀금속'을 판매·제공하는 매장,test,귀금속,T2 동의어,8dcbb137-b612-43f3-a0cc-42af610c024e,옥보당,"금, 은, 보석, 시계",우정전통시장,전통시장,울산광역시,,,
d60b917e6a323ae71e6a,full_annotation_v1,A,q_귀금속_05,보석,패션·잡화 중 '귀금속'을 판매·제공하는 매장,test,귀금속,T2 동의어,2b5e65c7-8ab2-49a1-bc1d-a3a872d26442,동화수산,생선,부전상가시장,전통시장,부산광역시,,,
0ebbcbdaa6c1f25ac43c,full_annotation_v1,A,q_귀금속_05,보석,패션·잡화 중 '귀금속'을 판매·제공하는 매장,test,귀금속,T2 동의어,bc55186b-8332-43cc-9b23-76a517a8acda,명금당,시계,다시남목 골목형상점가,골목형상점가,울산광역시,,,
03f1460e4787f9005c55,full_annotation_v1,A,q_귀금속_05,보석,패션·잡화 중 '귀금속'을 판매·제공하는 매장,test,귀금속,T2 동의어,4e364986-3c9c-46d0-a74c-0fcabc0bb270,보광당,시계,도곡시장,자율상권구역,서울특별시,,,
e42639ddf6083ba8a645,full_annotation_v1,A,q_귀금속_05,보석,패션·잡화 중 '귀금속'을 판매·제공하는 매장,test,귀금속,T2 동의어,9fbe1367-4b7c-4d7e-88fd-b282f72d5bad,보광당,시계,서산중심상가,자율상권구역,충청남도,,,
e3ca8d5967c1f0ae064f,full_annotation_v1,A,q_귀금속_05,보석,패션·잡화 중 '귀금속'을 판매·제공하는 매장,test,귀금속,T2 동의어,38de5a5d-7f3a-48f0-ba7c-96bab8fc0132,보석당,"보석, 귀금속",오산원동상점가,골목형상점가,경기도,,,
0376f0e477fa0af7347d,full_annotation_v1,A,q_귀금속_05,보석,패션·잡화 중 '귀금속'을 판매·제공하는 매장,test,귀금속,T2 동의어,b4bf3d63-7c7f-4551-8bc2-b100cb1edfb5,미금당,시계,다시남목 골목형상점가,골목형상점가,울산광역시,,,
b8ee1e65fc7fa1e8f228,full_annotation_v1,A,q_귀금속_05,보석,패션·잡화 중 '귀금속'을 판매·제공하는 매장,test,귀금속,T2 동의어,3674b5e8-3d99-4a8d-a961-f7b913ea37ca,서울보석,귀금속,나주혁신도시 골목형상점가,골목형상점가,전라남도,,,
4a94da900cf7b17e5fe3,full_annotation_v1,A,q_귀금속_05,보석,패션·잡화 중 '귀금속'을 판매·제공하는 매장,test,귀금속,T2 동의어,6e140458-ff7c-403a-a918-9a5f41a1683c,부금당금방,금 은 보석 시계 악세사리,일곡동 골목형상점가,골목형상점가,광주광역시,,,
af27551ba53fe9d5d2a1,full_annotation_v1,A,q_귀금속_05,보석,패션·잡화 중 '귀금속'을 판매·제공하는 매장,test,귀금속,T2 동의어,d7262610-8261-4e0e-bfa4-afe01a0c6b20,e이보석,귀금속,현대시장(수정구),전통시장,경기도,,,
64d35ce8926c0dfdb4b7,full_annotation_v1,A,q_귀금속_05,보석,패션·잡화 중 '귀금속'을 판매·제공하는 매장,test,귀금속,T2 동의어,ea4dfe62-4d90-42e9-b234-39c263212b08,광명당,시계,전곡전통시장,전통시장,경기도,,,
fe8cf30ae2034f2aa4d0,full_annotation_v1,A,q_귀금속_05,보석,패션·잡화 중 '귀금속'을 판매·제공하는 매장,test,귀금속,T2 동의어,866f4073-63fd-4696-9252-d2ea37d7e802,동양사,시계,건리단길 골목형상점가,골목형상점가,서울특별시,,,
bebfafab02341cef9d4d,full_annotation_v1,A,q_귀금속_05,보석,패션·잡화 중 '귀금속'을 판매·제공하는 매장,test,귀금속,T2 동의어,2ff9ae04-ef5e-42a8-8933-8ae8130583f3,우주마켓,의류 보석 쥬얼리 핸드메이드소품,은구비서로사회적협동조합 골목형상점가,골목형상점가,대전광역시,,,
df97baa1098a1c859c19,full_annotation_v1,A,q_귀금속_05,보석,패션·잡화 중 '귀금속'을 판매·제공하는 매장,test,귀금속,T2 동의어,78523050-7887-4d76-8854-a0f9b5b539ca,동해아케이드,시계,부평깡통시장(구 부산부평시장),전통시장,부산광역시,,,
d042bbd6e96e1ec223aa,full_annotation_v1,A,q_귀금속_05,보석,패션·잡화 중 '귀금속'을 판매·제공하는 매장,test,귀금속,T2 동의어,6564913c-dc87-40ca-b23c-7aebb9a2f1be,오복금방,시계,익산황등시장,전통시장,전북특별자치도,,,
b067740ae761659c64f3,full_annotation_v1,A,q_귀금속_05,보석,패션·잡화 중 '귀금속'을 판매·제공하는 매장,test,귀금속,T2 동의어,6deeb4ab-bbda-458d-a762-e85290e40cf3,현대시계,시계,부산국제시장,전통시장,부산광역시,,,
d945c7259864402fce4a,full_annotation_v1,A,q_귀금속_05,보석,패션·잡화 중 '귀금속'을 판매·제공하는 매장,test,귀금속,T2 동의어,0043881b-db89-4699-8cc4-29ff178f91ee,국제보석,귀금속,대구패션주얼리특구,자율상권구역,대구광역시,,,
9cd7ef2dfc42b4eacbdb,full_annotation_v1,A,q_귀금속_05,보석,패션·잡화 중 '귀금속'을 판매·제공하는 매장,test,귀금속,T2 동의어,accc7586-6436-4ac2-9353-29568ef19616,미광당,시계,만덕시장,전통시장,부산광역시,,,
988d87d582513413fd4b,full_annotation_v1,A,q_귀금속_05,보석,패션·잡화 중 '귀금속'을 판매·제공하는 매장,test,귀금속,T2 동의어,a5e200aa-16a0-4ef5-9c7a-cf38f1763c28,선물백화점,시계,주안역지하도상점가,일반지하상점가,인천광역시,,,
73995a100f3f297afe46,full_annotation_v1,A,q_귀금속_05,보석,패션·잡화 중 '귀금속'을 판매·제공하는 매장,test,귀금속,T2 동의어,738cb144-db64-49e1-9fc4-d42d0eaf1f52,백금당,시계,경주중심상가,전통시장,경상북도,,,
b9b2badd2f6eb07ade7b,full_annotation_v1,A,q_귀금속_05,보석,패션·잡화 중 '귀금속'을 판매·제공하는 매장,test,귀금속,T2 동의어,00ec77a3-3e9a-4a5b-b837-c4014ef84285,은은하당,귀금속소매업,테크노밸리 골목형상점가,골목형상점가,대전광역시,,,
50801c45350adfc809ac,full_annotation_v1,A,q_귀금속_05,보석,패션·잡화 중 '귀금속'을 판매·제공하는 매장,test,귀금속,T2 동의어,0308940f-189d-41bd-9a0c-cae20bfc8b65,실버투유,액세서리,남대문시장,전통시장,서울특별시,,,
8b7ec1a58189c61ebcc4,full_annotation_v1,A,q_귀금속_05,보석,패션·잡화 중 '귀금속'을 판매·제공하는 매장,test,귀금속,T2 동의어,016d2bb5-8af2-45c2-8456-33067cd315bb,황금당,"금, 시계",홍성명동상가,자율상권구역,충청남도,,,
2d28d333fb17c32cc3c4,full_annotation_v1,A,q_귀금속_05,보석,패션·잡화 중 '귀금속'을 판매·제공하는 매장,test,귀금속,T2 동의어,7f2d76ed-1d62-46bf-86e5-8917e08ce752,경 보석,귀금속,충장로45가 상점가,자율상권구역,,,,
806c7a78c3ce4d910ac7,full_annotation_v1,A,q_귀금속_05,보석,패션·잡화 중 '귀금속'을 판매·제공하는 매장,test,귀금속,T2 동의어,004eaf2b-83b1-4387-9843-85074f3b3f6f,색동보석,보석,충주자유시장,전통시장,충청북도,,,
dce5dc92d202c3ef357d,full_annotation_v1,A,q_귀금속_05,보석,패션·잡화 중 '귀금속'을 판매·제공하는 매장,test,귀금속,T2 동의어,3d2dad2f-f23c-4515-aff7-368efc81889c,보석김밥,,신가동 골목형상점가,골목형상점가,광주광역시,,,
33a042686614f983066a,full_annotation_v1,A,q_귀금속_05,보석,패션·잡화 중 '귀금속'을 판매·제공하는 매장,test,귀금속,T2 동의어,10de78d1-e53e-4617-8bf1-5c53e8665faa,경일사,"보석, 시계",송탄시장(송북시장),전통시장,경기도,,,
3a8b36b57821f51f3aaf,full_annotation_v1,A,q_귀금속_05,보석,패션·잡화 중 '귀금속'을 판매·제공하는 매장,test,귀금속,T2 동의어,bf7a5918-0aba-45a3-a28c-7e849b351939,영주얼리,보석,서문시장2지구 종합상가,전통시장,대구광역시,,,
771318f9d2589bd74118,full_annotation_v1,A,q_귀금속_05,보석,패션·잡화 중 '귀금속'을 판매·제공하는 매장,test,귀금속,T2 동의어,03d999c9-d1ad-4f94-8fa6-a7f9bf1c412d,갱'S쥬얼리,"귀금속, 시계",신림별빛거리골목형상점가,골목형상점가,서울특별시,,,
c0470121b1e223185663,full_annotation_v1,A,q_귀금속_05,보석,패션·잡화 중 '귀금속'을 판매·제공하는 매장,test,귀금속,T2 동의어,2c7c9c42-7c61-4fd8-9aaf-3f40541fe34e,금탑,시계,화정역상인회 골목형상점가,골목형상점가,광주광역시,,,
baa387afc70bd0180639,full_annotation_v1,A,q_귀금속_05,보석,패션·잡화 중 '귀금속'을 판매·제공하는 매장,test,귀금속,T2 동의어,67f87d56-6dd0-4869-bfc4-0ff663f9e8a6,보석명가,,매곡시장 골목형상점가,골목형상점가,울산광역시,,,
a24943cebb9c50e9ecaa,full_annotation_v1,A,q_귀금속_05,보석,패션·잡화 중 '귀금속'을 판매·제공하는 매장,test,귀금속,T2 동의어,a2cf1089-05ed-48f4-874d-54db6bc0ec49,민보석,귀금속,은마종합상점가,자율상권구역,서울특별시,,,
920d96082dee51c70580,full_annotation_v1,A,q_귀금속_05,보석,패션·잡화 중 '귀금속'을 판매·제공하는 매장,test,귀금속,T2 동의어,00ee1cd3-ec15-467a-86d2-07e596d7d395,금옥당,"귀금속, 시계 소매",골드테마거리,전통시장,부산광역시,,,
4b283b03e470b4c395b8,full_annotation_v1,A,q_귀금속_05,보석,패션·잡화 중 '귀금속'을 판매·제공하는 매장,test,귀금속,T2 동의어,072851b4-8d47-4e6b-a1f4-18ef47490ed1,금빛돌보석,시계,봉덕신시장,전통시장,대구광역시,,,
cceaa57d02ef3b50bebd,full_annotation_v1,A,q_귀금속_05,보석,패션·잡화 중 '귀금속'을 판매·제공하는 매장,test,귀금속,T2 동의어,add3d265-6ffe-4444-bb5e-82c80918e812,보옥당,시계,행복골목형상점가,골목형상점가,부산광역시,,,
68473706cdb9e14c715e,full_annotation_v1,A,q_귀금속_05,보석,패션·잡화 중 '귀금속'을 판매·제공하는 매장,test,귀금속,T2 동의어,b7a5d4b3-5a17-4987-96c9-6fb50fef5356,하라,시계,골드테마거리,전통시장,부산광역시,,,
9a504db39d84773317d7,full_annotation_v1,A,q_귀금속_05,보석,패션·잡화 중 '귀금속'을 판매·제공하는 매장,test,귀금속,T2 동의어,45521128-91f8-45c1-a6cf-1fcc998e57ca,커피나무 노원역점,,노원역9번출구 골목형상점가,골목형상점가,서울특별시,,,
7f983e1d86b5d51ac475,full_annotation_v1,A,q_귀금속_05,보석,패션·잡화 중 '귀금속'을 판매·제공하는 매장,test,귀금속,T2 동의어,0188cda6-6441-4058-82b0-0cb89e035583,친한친구,액세서리,㈜르네시떼,전통시장,부산광역시,,,
173c7c01993a0c55297c,full_annotation_v1,A,q_귀금속_05,보석,패션·잡화 중 '귀금속'을 판매·제공하는 매장,test,귀금속,T2 동의어,3db43f45-141b-4b4a-bb9e-4756ac5484aa,삼도보석,,구리전통시장,전통시장,경기도,,,
263657c0859fdda3632d,full_annotation_v1,A,q_귀금속_05,보석,패션·잡화 중 '귀금속'을 판매·제공하는 매장,test,귀금속,T2 동의어,01f2baea-5004-4e8d-a9a5-66c50aaf49e6,머쓱케이스,휴대폰 액세서리,동성로상점가,자율상권구역,대구광역시,,,
4fc702c31846ae037ea3,full_annotation_v1,A,q_귀금속_05,보석,패션·잡화 중 '귀금속'을 판매·제공하는 매장,test,귀금속,T2 동의어,59fcc4dc-7e09-4ba9-a007-1fac9c30c351,정금당,시계,도마큰시장,전통시장,대전광역시,,,
b5e05be3c10e704f8800,full_annotation_v1,A,q_귀금속_05,보석,패션·잡화 중 '귀금속'을 판매·제공하는 매장,test,귀금속,T2 동의어,3a072283-4036-49cc-b5e3-63def44e6fab,고려사,"보석, 시계",대송시장,전통시장,울산광역시,,,
09551a8fa68f58dd19f1,full_annotation_v1,A,q_귀금속_05,보석,패션·잡화 중 '귀금속'을 판매·제공하는 매장,test,귀금속,T2 동의어,4b565137-ef57-412e-b85f-85d0f03ffb3c,신미당,시계,백년소상공인,기타,대전광역시,,,
e11ae14aa44edd9bc4c7,full_annotation_v1,A,q_귀금속_05,보석,패션·잡화 중 '귀금속'을 판매·제공하는 매장,test,귀금속,T2 동의어,90c3d1b7-ae69-44d8-8cc8-ba30241c1e11,옥수당,시계,제2경주중심상가시장(경주봉황중심상가시장),전통시장,경상북도,,,
402433d76ccd69cbf31c,full_annotation_v1,A,q_귀금속_05,보석,패션·잡화 중 '귀금속'을 판매·제공하는 매장,test,귀금속,T2 동의어,1167c570-83fc-4aec-a9f2-b1635d54f8bd,서닮보석,귀금속,김대중컨벤션상인회 골목형상점가,골목형상점가,광주광역시,,,
5e349a1fc629aa6878c6,full_annotation_v1,A,q_귀금속_05,보석,패션·잡화 중 '귀금속'을 판매·제공하는 매장,test,귀금속,T2 동의어,f545bcec-ee0a-4ae0-b54e-91c22cc94af7,은혜보석,귀금속,춘천중앙시장,전통시장,강원특별자치도,,,
f810465d82ab373e8793,full_annotation_v1,A,q_귀금속_05,보석,패션·잡화 중 '귀금속'을 판매·제공하는 매장,test,귀금속,T2 동의어,794fd872-f238-415d-9503-5c3be5981ca5,토파즈,"악세사리, 보석, 시계",익산 다e로움 상권활성화구역,상권활성화구역,전북특별자치도,,,
0d0af6e05e1a130ea252,full_annotation_v1,A,q_귀금속_05,보석,패션·잡화 중 '귀금속'을 판매·제공하는 매장,test,귀금속,T2 동의어,4f68e3be-67ee-4ce7-bf3c-d9bb024c203f,골드보석,금.보석,하당꽃길2가 골목형상점가,골목형상점가,전라남도,,,
68dfa082079111f6f9bc,full_annotation_v1,A,q_귀금속_05,보석,패션·잡화 중 '귀금속'을 판매·제공하는 매장,test,귀금속,T2 동의어,39bfd737-720f-4720-9d38-1d968c2cd152,드림시계,시계,대구교동시장,전통시장,대구광역시,,,
eb98feaa4f403553ed2f,full_annotation_v1,A,q_귀금속_05,보석,패션·잡화 중 '귀금속'을 판매·제공하는 매장,test,귀금속,T2 동의어,a85689b0-a75b-4074-bbf1-63c955a803e9,보광당,시계,서산중심상가,자율상권구역,충청남도,,,
88f2440fc856397aa2cb,full_annotation_v1,A,q_귀금속_05,보석,패션·잡화 중 '귀금속'을 판매·제공하는 매장,test,귀금속,T2 동의어,0cf82b2a-71a4-4657-b871-9a52288c43c1,반지만들기공방반지놀이터울산점,반지만들기,성남먹자골목,골목형상점가,울산광역시,,,
a32867ea1401638391eb,full_annotation_v1,A,q_귀금속_05,보석,패션·잡화 중 '귀금속'을 판매·제공하는 매장,test,귀금속,T2 동의어,53de7214-cdf0-4e52-8884-96a2b324ae69,블링걸,장식귀걸이목걸이반지머리핀,신안프라자전통시장,전통시장,경기도,,,
554b27f3832ec0ff6404,full_annotation_v1,A,q_귀금속_05,보석,패션·잡화 중 '귀금속'을 판매·제공하는 매장,test,귀금속,T2 동의어,5d277adb-d0f5-4252-b633-c8b8b456559b,태양당,시계,의성중앙상점가(의성읍중앙길상가거리),자율상권구역,경상북도,,,
d7fb199627f4fe419843,full_annotation_v1,A,q_귀금속_05,보석,패션·잡화 중 '귀금속'을 판매·제공하는 매장,test,귀금속,T2 동의어,e818302b-511c-48de-9174-d74315411a2c,金보석,귀금속,밀양 원도심 햇살문화 상권활성화 구역,상권활성화구역,경상남도,,,
3a2a5eb93df54c71db1c,full_annotation_v1,A,q_귀금속_05,보석,패션·잡화 중 '귀금속'을 판매·제공하는 매장,test,귀금속,T2 동의어,af059b9b-6557-4837-8d4b-90d30405a602,창민당,시계,영신상가,전통시장,서울특별시,,,
d92106b5d09a9b9a0988,full_annotation_v1,A,q_귀금속_05,보석,패션·잡화 중 '귀금속'을 판매·제공하는 매장,test,귀금속,T2 동의어,5b5afea1-8c19-4072-9b04-ee36c0ce04de,금보원,시계,동운고가도로 골목형상점가,골목형상점가,광주광역시,,,
70a34a4d9442e66e534e,full_annotation_v1,A,q_귀금속_05,보석,패션·잡화 중 '귀금속'을 판매·제공하는 매장,test,귀금속,T2 동의어,0724e735-862f-4d85-a766-94de4f9cc181,시온공방,시계,포항죽도시장,전통시장,경상북도,,,
a9d4ffac4dcffa000271,full_annotation_v1,A,q_귀금속_05,보석,패션·잡화 중 '귀금속'을 판매·제공하는 매장,test,귀금속,T2 동의어,24907bbf-689b-4976-b174-a19fb0c9cdcd,천금당,시계,충주자유시장,전통시장,충청북도,,,
f0e0e8da50eb5229732c,full_annotation_v1,A,q_귀금속_05,보석,패션·잡화 중 '귀금속'을 판매·제공하는 매장,test,귀금속,T2 동의어,97dce0e8-a756-474e-8624-75b982802335,미쥬보석,귀금속,메트로센터(반월당지하쇼핑),일반지하상점가,대구광역시,,,
19e41cc3a971260c2e65,full_annotation_v1,A,q_귀금속_05,보석,패션·잡화 중 '귀금속'을 판매·제공하는 매장,test,귀금속,T2 동의어,166c9193-005d-4dc3-8637-ed2bfd71be6f,부산금은방 남매금빵,,골드테마거리,전통시장,부산광역시,,,
37b88638dbe750317de0,full_annotation_v1,A,q_귀금속_05,보석,패션·잡화 중 '귀금속'을 판매·제공하는 매장,test,귀금속,T2 동의어,549865d5-9306-42d7-b4e6-71638e3980f5,원보당,시계,진해중앙시장,전통시장,경상남도,,,
92b31a41595a9f9e06c6,full_annotation_v1,A,q_귀금속_05,보석,패션·잡화 중 '귀금속'을 판매·제공하는 매장,test,귀금속,T2 동의어,08341663-eb2c-4629-b845-6ed59bb7d84a,스마일찹쌀꽈배기,꽈배기,학동 남문로 골목형상점가,골목형상점가,광주광역시,,,
da4e8f7062bac373cb16,full_annotation_v1,A,q_귀금속_05,보석,패션·잡화 중 '귀금속'을 판매·제공하는 매장,test,귀금속,T2 동의어,392d500a-be25-4181-b79d-45cbc47b0878,티파니,시계,464번길 골목형상점가,골목형상점가,부산광역시,,,
e2082651b4db0268eecd,full_annotation_v1,A,q_귀금속_05,보석,패션·잡화 중 '귀금속'을 판매·제공하는 매장,test,귀금속,T2 동의어,76393be6-9382-4d62-a6d8-0195adc272fa,버드내 보석,,버드내코아 골목형상점가,골목형상점가,대전광역시,,,
d39de401f7c5d5bdaa1e,full_annotation_v1,A,q_귀금속_05,보석,패션·잡화 중 '귀금속'을 판매·제공하는 매장,test,귀금속,T2 동의어,b864eec3-4a20-463c-8d6d-588d53f9b36b,동방보석,"보석, 액세서리",서남신시장,전통시장,대구광역시,,,
81fc223e694cefa216e2,full_annotation_v1,A,q_귀금속_05,보석,패션·잡화 중 '귀금속'을 판매·제공하는 매장,test,귀금속,T2 동의어,b2afa2d4-8e21-4723-9f51-f22574bebdd5,오!쥬얼리,보석,효자시장,전통시장,경상북도,,,
9333ac68042866837692,full_annotation_v1,A,q_귀금속_05,보석,패션·잡화 중 '귀금속'을 판매·제공하는 매장,test,귀금속,T2 동의어,25814a85-3b12-4762-9a73-9f1608f8dcc7,전주한옥만두핑크망고,분식 음로,고산구시장 상점가,자율상권구역,전북특별자치도,,,
9099c525d880922c74b5,full_annotation_v1,A,q_귀금속_05,보석,패션·잡화 중 '귀금속'을 판매·제공하는 매장,test,귀금속,T2 동의어,f5ce6c02-50fd-45a3-9d2c-6393c7134ba4,금호당,시계,금남지하도상가 1공구,일반지하상점가,광주광역시,,,
df847456859035b56c04,full_annotation_v1,A,q_귀금속_05,보석,패션·잡화 중 '귀금속'을 판매·제공하는 매장,test,귀금속,T2 동의어,79c468d0-8dfc-404c-9fec-0303ce050cfb,보석상자,의류,은구비서로사회적협동조합 골목형상점가,골목형상점가,대전광역시,,,
801020302b6f0c09df71,full_annotation_v1,A,q_귀금속_05,보석,패션·잡화 중 '귀금속'을 판매·제공하는 매장,test,귀금속,T2 동의어,2aea60d7-b7f4-4a15-b43d-e5d29a5f75a9,황금보석,"금, 은 시계보석",주막거리상점가,자율상권구역,경기도,,,
6f949d5e0db30ca802c6,full_annotation_v1,A,q_귀금속_05,보석,패션·잡화 중 '귀금속'을 판매·제공하는 매장,test,귀금속,T2 동의어,cf180480-df0a-4e26-b978-d247cd81be6b,커플링마을광주점,은반지 은팔찌,"금남로4,5가 골목형상점가",골목형상점가,광주광역시,,,
71c9c7646b9d6ea04421,full_annotation_v1,A,q_귀금속_05,보석,패션·잡화 중 '귀금속'을 판매·제공하는 매장,test,귀금속,T2 동의어,cc2d3a5e-7b27-492e-8cd2-a8212d5ae555,성심사,"금, 은, 보석",발안만세시장(구 발안시장),전통시장,경기도,,,
fcf1560e64123873e689,full_annotation_v1,A,q_귀금속_05,보석,패션·잡화 중 '귀금속'을 판매·제공하는 매장,test,귀금속,T2 동의어,4ffa510c-73ff-428f-be10-fb1d55be13f4,로이드,시계,은행동상점가(구 으능정이상점가),자율상권구역,대전광역시,,,
0acbfe924da26e8bb5e3,full_annotation_v1,A,q_귀금속_05,보석,패션·잡화 중 '귀금속'을 판매·제공하는 매장,test,귀금속,T2 동의어,ae483b39-3c64-445b-88dc-3595cef52ac3,이천당,시계,충금지하도상가,일반지하상점가,광주광역시,,,
a4e49f75757ccb78261d,full_annotation_v1,A,q_귀금속_05,보석,패션·잡화 중 '귀금속'을 판매·제공하는 매장,test,귀금속,T2 동의어,d105614b-1ed4-4446-8983-66a63808f00c,대명당,시계,대조시장,전통시장,서울특별시,,,
b5c52a1a62c4f2a27f43,full_annotation_v1,A,q_귀금속_05,보석,패션·잡화 중 '귀금속'을 판매·제공하는 매장,test,귀금속,T2 동의어,37dd294b-8f9b-4ff7-9439-47c61c378286,부름양행,시계,비단길현대시장,전통시장,서울특별시,,,
970c0812dc9fb5239a20,full_annotation_v1,A,q_귀금속_05,보석,패션·잡화 중 '귀금속'을 판매·제공하는 매장,test,귀금속,T2 동의어,a4d2114b-8a40-4d8e-be56-e11755076618,세종당,시계,비단길현대시장,전통시장,서울특별시,,,
a64f6405106b1e9f0da6,full_annotation_v1,A,q_귀금속_05,보석,패션·잡화 중 '귀금속'을 판매·제공하는 매장,test,귀금속,T2 동의어,c8642d9d-f65f-46eb-8233-0b6dcdb40b80,서울시계주식회사,시계,은마종합상점가,자율상권구역,서울특별시,,,
2a6bc895843a692e1291,full_annotation_v1,A,q_귀금속_05,보석,패션·잡화 중 '귀금속'을 판매·제공하는 매장,test,귀금속,T2 동의어,8fa43204-123c-46fa-b6eb-5c4304d36da0,정금당,"금은, 보석, 시계",수유시장,전통시장,서울특별시,,,
50e7c7cbec0be425c076,full_annotation_v1,A,q_귀금속_05,보석,패션·잡화 중 '귀금속'을 판매·제공하는 매장,test,귀금속,T2 동의어,0056f9b4-b953-40f2-b820-71d6e7b46c58,주얼리루비,귀금속,하남 골목형상점가,골목형상점가,광주광역시,,,
3d7df433bea63c5047d8,full_annotation_v1,A,q_귀금속_05,보석,패션·잡화 중 '귀금속'을 판매·제공하는 매장,test,귀금속,T2 동의어,9d21ea10-68d4-4df9-adcb-9f1bfba176c3,엘리 보석,귀금속,삼성명가상가 골목형상점가,골목형상점가,대구광역시,,,
b341635bfccdd4bad3a0,full_annotation_v1,A,q_귀금속_05,보석,패션·잡화 중 '귀금속'을 판매·제공하는 매장,test,귀금속,T2 동의어,c0a9a8f0-3cfc-4f3a-91aa-bdad8f992aef,한샘리하우스 광산대리점,인테리어,운수대통 골목형상점가,골목형상점가,광주광역시,,,
6e6af60fbd3f75603b76,full_annotation_v1,A,q_귀금속_05,보석,패션·잡화 중 '귀금속'을 판매·제공하는 매장,test,귀금속,T2 동의어,069cebbe-575a-40b5-9b2f-0a082b552037,별보석금나라,,전통중앙도매상가,전통시장,대전광역시,,,
8afa699da5a632bd1840,full_annotation_v1,A,q_귀금속_05,보석,패션·잡화 중 '귀금속'을 판매·제공하는 매장,test,귀금속,T2 동의어,440ec0ea-734b-44a8-bfd7-2c2df8c50172,순흥당,시계,포항죽도농산물시장,전통시장,경상북도,,,
dadc53db015bdac1fc73,full_annotation_v1,A,q_귀금속_05,보석,패션·잡화 중 '귀금속'을 판매·제공하는 매장,test,귀금속,T2 동의어,ec0ba45d-0894-4399-bf49-1a73a6c3619b,정금사,시계,칠성로상점가,자율상권구역,제주특별자치도,,,
00caea4cdc7f01f29f8b,full_annotation_v1,A,q_귀금속_05,보석,패션·잡화 중 '귀금속'을 판매·제공하는 매장,test,귀금속,T2 동의어,fa20d119-83b1-47e6-83bc-550edf0df06b,카페행선지,"카페, 디저트",산본로데오거리(구 산본중심상가),자율상권구역,경기도,,,
eea35515c412aac629b1,full_annotation_v1,A,q_귀금속_05,보석,패션·잡화 중 '귀금속'을 판매·제공하는 매장,test,귀금속,T2 동의어,82cf0a05-1e7e-4d0e-b1f2-5de65c3f8282,울산금방,시계,호계공설시장,전통시장,울산광역시,,,
b1801543b55fa252f474,full_annotation_v1,A,q_귀금속_05,보석,패션·잡화 중 '귀금속'을 판매·제공하는 매장,test,귀금속,T2 동의어,5a6e663b-e90d-48e0-ba19-7765290e9f89,은희네 수제지엔빙,전병,수원영동시장,전통시장,경기도,,,
5f303089d016b632d33a,full_annotation_v1,A,q_귀금속_05,보석,패션·잡화 중 '귀금속'을 판매·제공하는 매장,test,귀금속,T2 동의어,339ddeed-1813-43b3-b3aa-81770ecc60c7,정월리당,시계,오치2동 골목형상점가,골목형상점가,광주광역시,,,
1c79f95a76d1d07e2116,full_annotation_v1,A,q_귀금속_05,보석,패션·잡화 중 '귀금속'을 판매·제공하는 매장,test,귀금속,T2 동의어,19d2cb9a-653f-4aef-bfc3-b1af185e411c,정확당,시계,고도리 장터거리 상점가,골목형상점가,전라남도,,,
bc5c3b670c87f1b7fc81,full_annotation_v1,A,q_귀금속_05,보석,패션·잡화 중 '귀금속'을 판매·제공하는 매장,test,귀금속,T2 동의어,5a7b8641-cdf9-45f0-9c38-2471d1efedaa,명지보석,"보석, 시계",반딧불이연무시장,전통시장,경기도,,,
9d4ef94575c8cb84ff53,full_annotation_v1,A,q_귀금속_05,보석,패션·잡화 중 '귀금속'을 판매·제공하는 매장,test,귀금속,T2 동의어,38734df9-1aea-49b2-9050-25ba327f052d,호박당,금은방(귀금속),전주모래내시장,전통시장,전북특별자치도,,,
4359496f68c63ae39866,full_annotation_v1,A,q_귀금속_05,보석,패션·잡화 중 '귀금속'을 판매·제공하는 매장,test,귀금속,T2 동의어,49a3fe9c-bbf7-42a9-a741-99166f39ce92,진보당,금은방,진해중앙시장,전통시장,경상남도,,,
4741500a94de2f60f9ba,full_annotation_v1,A,q_귀금속_05,보석,패션·잡화 중 '귀금속'을 판매·제공하는 매장,test,귀금속,T2 동의어,bedf6bc3-9c78-453b-9f6c-4738e66b5721,동명동골방,한식,서석초 인근 골목형상점가,골목형상점가,광주광역시,,,
b0d427690b2320cb620e,full_annotation_v1,A,q_귀금속_05,보석,패션·잡화 중 '귀금속'을 판매·제공하는 매장,test,귀금속,T2 동의어,fe7704e4-85d2-410a-8598-3e2d3ab991c5,진명사,보석,산본로데오거리(구 산본중심상가),자율상권구역,경기도,,,
8c88b9d3c00d81be25e8,full_annotation_v1,A,q_귀금속_05,보석,패션·잡화 중 '귀금속'을 판매·제공하는 매장,test,귀금속,T2 동의어,9b154fd2-ee62-4e33-88b5-5c1ac4a5b649,으뜸보석,"금, 은, 보석",두꺼비시장,전통시장,충청북도,,,
1a5e674895c3247bca56,full_annotation_v1,A,q_귀금속_05,보석,패션·잡화 중 '귀금속'을 판매·제공하는 매장,test,귀금속,T2 동의어,542c2042-454a-4b80-bd2a-b32e53ae8572,금옥장,시계,창신골목시장,자율상권구역,서울특별시,,,
ffadfb94f385c9f082bc,full_annotation_v1,A,q_귀금속_05,보석,패션·잡화 중 '귀금속'을 판매·제공하는 매장,test,귀금속,T2 동의어,f1b6f862-7ac3-4ca1-b019-db9c32651f23,천년마루,민박,전주한옥마을 골목형상점가,골목형상점가,전북특별자치도,,,
793cae62d7376eb0a119,full_annotation_v1,A,q_귀금속_05,보석,패션·잡화 중 '귀금속'을 판매·제공하는 매장,test,귀금속,T2 동의어,5100d89f-832d-4db5-b272-55faf3225696,금오당,시계,온양온천역 골목형 상점가,골목형상점가,충청남도,,,
961c7398baca3ff331d3,full_annotation_v1,A,q_귀금속_05,보석,패션·잡화 중 '귀금속'을 판매·제공하는 매장,test,귀금속,T2 동의어,4af6128c-51b1-4ea8-ae60-2b958126a172,원보석,소매(금은방),우림골목시장,전통시장,서울특별시,,,
1d6b4d92173493d3a072,full_annotation_v1,A,q_귀금속_05,보석,패션·잡화 중 '귀금속'을 판매·제공하는 매장,test,귀금속,T2 동의어,3e83d8ee-19b6-4f78-bef8-4ccd8a6acda2,동광당,금은방,전주중앙상가시장,전통시장,전북특별자치도,,,
9a8f41abfcba284131c4,full_annotation_v1,A,q_귀금속_05,보석,패션·잡화 중 '귀금속'을 판매·제공하는 매장,test,귀금속,T2 동의어,bbce3a74-023b-4678-8025-6a547eb9d357,황숙현의리듬체조스쿨,,둔촌스포츠거리 골목형상점가,골목형상점가,서울특별시,,,
067487934490c188c4a6,full_annotation_v1,A,q_귀금속_05,보석,패션·잡화 중 '귀금속'을 판매·제공하는 매장,test,귀금속,T2 동의어,9a4c0c40-000c-4c0c-a0ba-326719ba4594,보석당,"금, 보석, 광고, 귀금속",평창올림픽시장(평창전통시장),전통시장,강원특별자치도,,,
b89b69fc85d8e25ffdc2,full_annotation_v1,A,q_귀금속_05,보석,패션·잡화 중 '귀금속'을 판매·제공하는 매장,test,귀금속,T2 동의어,87cdf98c-5082-4a62-997f-e7d618f0c863,명신당,보석,오정시장,전통시장,경기도,,,
e078e05c2118cb3a5b84,full_annotation_v1,A,q_귀금속_05,보석,패션·잡화 중 '귀금속'을 판매·제공하는 매장,test,귀금속,T2 동의어,0ebcdbf6-c241-4e04-8922-150bb639df19,형진양행,시계,대구교동시장,전통시장,대구광역시,,,
394fb6da1b9d813dc8a2,full_annotation_v1,A,q_귀금속_05,보석,패션·잡화 중 '귀금속'을 판매·제공하는 매장,test,귀금속,T2 동의어,738bb2a4-a50a-4e60-b227-a81c5119aac4,타임피아,시계,포항중앙상가,전통시장,경상북도,,,
ffd5a333bee72e535d62,full_annotation_v1,A,q_귀금속_05,보석,패션·잡화 중 '귀금속'을 판매·제공하는 매장,test,귀금속,T2 동의어,7e5fbaeb-4cda-4bb6-a992-c1167952ba8c,쿼드커피 금오점,커피,금오골목형상점가,골목형상점가,경기도,,,
9b233e7216a3b07315cb,full_annotation_v1,A,q_귀금속_05,보석,패션·잡화 중 '귀금속'을 판매·제공하는 매장,test,귀금속,T2 동의어,9c5fe269-8a4c-4dfc-8c1d-ff4a6da73531,황금당,시계,성남먹자골목,골목형상점가,울산광역시,,,
8571c302cddbf602256c,full_annotation_v1,A,q_귀금속_05,보석,패션·잡화 중 '귀금속'을 판매·제공하는 매장,test,귀금속,T2 동의어,f0853023-f226-4420-8a62-eb492f12e38c,서울보석,귀금속,상무중앙상인회 골목형상점가,골목형상점가,광주광역시,,,
90976bc3b867cc94d717,full_annotation_v1,A,q_귀금속_05,보석,패션·잡화 중 '귀금속'을 판매·제공하는 매장,test,귀금속,T2 동의어,d5e7e608-a033-43e9-ae87-ff6a3d2d4c34,명금당,시계,관문상가시장,전통시장,대구광역시,,,
629782e42c9ee0b5eb45,full_annotation_v1,A,q_귀금속_05,보석,패션·잡화 중 '귀금속'을 판매·제공하는 매장,test,귀금속,T2 동의어,b26d80a9-301a-4ca6-a297-1fa1aabfddd5,임보석,귀금속,골드테마거리,전통시장,부산광역시,,,
6d538937c11dd3e548a5,full_annotation_v1,A,q_귀금속_05,보석,패션·잡화 중 '귀금속'을 판매·제공하는 매장,test,귀금속,T2 동의어,d835374f-6917-4744-a71a-364c5ff83ea7,원골드,시계,유진상가,전통시장,서울특별시,,,
fa76b05f70be28ce7d00,full_annotation_v1,A,q_귀금속_05,보석,패션·잡화 중 '귀금속'을 판매·제공하는 매장,test,귀금속,T2 동의어,bb7dcbd2-544d-4976-ab8f-b51bfb3b0796,보석창고,잡화,간석자유시장,전통시장,인천광역시,,,
de62eb671f1d44906e4d,full_annotation_v1,A,q_귀금속_05,보석,패션·잡화 중 '귀금속'을 판매·제공하는 매장,test,귀금속,T2 동의어,407678f7-463f-4e2e-a1f4-906364f88bdc,정금당,시계,결초보은시장(구 보은종합시장),전통시장,충청북도,,,
30863602129a6bf7d8b6,full_annotation_v1,A,q_귀금속_05,보석,패션·잡화 중 '귀금속'을 판매·제공하는 매장,test,귀금속,T2 동의어,905fdfef-83ca-4ed1-be97-3b0170dabcdb,젬하우스,악세사리 반지공방,신사세로수길골목형상점가,골목형상점가,서울특별시,,,
a28244e6eaad7e7ab330,full_annotation_v1,A,q_귀금속_05,보석,패션·잡화 중 '귀금속'을 판매·제공하는 매장,test,귀금속,T2 동의어,6d9af3cd-029f-42d1-89aa-0c4f2d71c106,금성스타보석,,둔산3동근린상가 골목형상점가,골목형상점가,대전광역시,,,
1861835cd7050a8e040b,full_annotation_v1,A,q_귀금속_05,보석,패션·잡화 중 '귀금속'을 판매·제공하는 매장,test,귀금속,T2 동의어,7f46c9c0-dd42-42b0-b34c-504a87a1b5d4,광명당,시계,진도 남문로 상권활성화구역,상권활성화구역,전라남도,,,
37204d14d77b62fe5940,full_annotation_v1,A,q_귀금속_05,보석,패션·잡화 중 '귀금속'을 판매·제공하는 매장,test,귀금속,T2 동의어,e92932c6-e5df-4794-b039-11bdd7c93bc8,팀레스토랑,경양식,전북대대학로상점가,자율상권구역,전북특별자치도,,,
c6ee3eb9ada18e291974,full_annotation_v1,A,q_귀금속_05,보석,패션·잡화 중 '귀금속'을 판매·제공하는 매장,test,귀금속,T2 동의어,dd0ba528-ca42-4aa0-bd31-8ea8cdb3ef6f,느낌좋은걸,시계,하당꽃길1가 골목형상점가,골목형상점가,전라남도,,,
ade1f2101cef4c949d23,full_annotation_v1,A,q_귀금속_05,보석,패션·잡화 중 '귀금속'을 판매·제공하는 매장,test,귀금속,T2 동의어,03d7c59b-0f64-4647-9c85-97eb7310d1cc,세이젬,"악세사리, 장신구, 귀금속, 시계, 지금",경주중심상가,전통시장,경상북도,,,
5c397ffa2e5417bea08b,full_annotation_v1,A,q_귀금속_05,보석,패션·잡화 중 '귀금속'을 판매·제공하는 매장,test,귀금속,T2 동의어,3e5d11a5-df3d-43d0-aa3d-b61f2a219228,명진사,시계,청주육거리종합시장,전통시장,충청북도,,,
f5ffd1ca81a5a9b93130,full_annotation_v1,A,q_귀금속_05,보석,패션·잡화 중 '귀금속'을 판매·제공하는 매장,test,귀금속,T2 동의어,3507440c-a07e-4c33-bb7b-da3a205b0f6e,대광당,금.은.보석.시계,당진원시가지상가,자율상권구역,충청남도,,,
185b472cf88e6e147266,full_annotation_v1,A,q_귀금속_05,보석,패션·잡화 중 '귀금속'을 판매·제공하는 매장,test,귀금속,T2 동의어,dd0944c8-6188-46bf-86e9-af6eb1a770bc,라크비에스테틱,피부미용,솔올중앞골목형상점가,골목형상점가,강원특별자치도,,,
bb200e0cadfaf0a1a772,full_annotation_v1,A,q_귀금속_05,보석,패션·잡화 중 '귀금속'을 판매·제공하는 매장,test,귀금속,T2 동의어,5b2c3133-280c-4159-bcf5-a92aeec643c7,금성당,시계,봉화내성시장,전통시장,경상북도,,,
8fbc7a2af24a9412a094,full_annotation_v1,A,q_귀금속_05,보석,패션·잡화 중 '귀금속'을 판매·제공하는 매장,test,귀금속,T2 동의어,b7b7c0e6-e2bd-43c3-89cf-74b86aadf8c7,명성사광성재료,시계,수기동천변 골목형상점가,골목형상점가,광주광역시,,,
53bbd227e01510e0d615,full_annotation_v1,A,q_귀금속_05,보석,패션·잡화 중 '귀금속'을 판매·제공하는 매장,test,귀금속,T2 동의어,0038905e-d969-4b31-b09f-c35bdc0b9b8b,영보석,귀금속,촬영소사거리골목형상점가,골목형상점가,서울특별시,,,
bea6e4131af4ecd04df0,full_annotation_v1,A,q_귀금속_05,보석,패션·잡화 중 '귀금속'을 판매·제공하는 매장,test,귀금속,T2 동의어,991adb94-8eda-4327-9ca2-6cf87661d134,보석 갤러리,"보석, 악세사리",고도리 장터거리 상점가,골목형상점가,전라남도,,,
113cc3fe5da6e115f085,full_annotation_v1,A,q_귀금속_05,보석,패션·잡화 중 '귀금속'을 판매·제공하는 매장,test,귀금속,T2 동의어,bf9203d4-3ca6-4540-b896-2e8e760dc0b8,보경사,시계,충장로45가 상점가,자율상권구역,광주광역시,,,
f66249e5bf512cc835c7,full_annotation_v1,A,q_귀금속_05,보석,패션·잡화 중 '귀금속'을 판매·제공하는 매장,test,귀금속,T2 동의어,2dffa3ed-8659-49e5-a995-d5f95da1a16d,광일사,시계,남대문시장,전통시장,서울특별시,,,
08b1bd2edcbc70a8b196,full_annotation_v1,A,q_귀금속_05,보석,패션·잡화 중 '귀금속'을 판매·제공하는 매장,test,귀금속,T2 동의어,69835963-62de-49b7-a261-116070fe6bc6,백금상회,시계,새동인천지하상가,일반지하상점가,인천광역시,,,
5b7f3f01e00359c9232e,full_annotation_v1,A,q_귀금속_05,보석,패션·잡화 중 '귀금속'을 판매·제공하는 매장,test,귀금속,T2 동의어,d58133be-fe3b-4dfe-81f1-4a1e906ad385,산호당,시계,홍성명동상가,자율상권구역,충청남도,,,
cd36fbd4d8df098a1c67,full_annotation_v1,A,q_귀금속_05,보석,패션·잡화 중 '귀금속'을 판매·제공하는 매장,test,귀금속,T2 동의어,10d7de83-7786-4755-9083-4609c328428c,동하사,시계,골드테마거리,전통시장,부산광역시,,,
9d15a9638e3dfda8d089,full_annotation_v1,A,q_귀금속_05,보석,패션·잡화 중 '귀금속'을 판매·제공하는 매장,test,귀금속,T2 동의어,26bb0fa5-d3a8-4a65-aca0-48c7e2a07d3e,금향보석,귀금속,충장로45가 상점가,자율상권구역,광주광역시,,,
541f783b72d934e2d788,full_annotation_v1,A,q_귀금속_05,보석,패션·잡화 중 '귀금속'을 판매·제공하는 매장,test,귀금속,T2 동의어,bdda6a07-8f99-4854-9418-ed615d6d9bae,동양보석,,골드테마거리,전통시장,부산광역시,,,
0d3b5928eee9610c8951,full_annotation_v1,A,q_귀금속_05,보석,패션·잡화 중 '귀금속'을 판매·제공하는 매장,test,귀금속,T2 동의어,03d2f183-77cc-44c8-b4e4-f34ed3bcfa83,다나,"소매업(귀금속,액세서리,모조장신구)",코끼리시장,전통시장,경기도,,,
e03e3a8ceca5664b7863,full_annotation_v1,A,q_귀금속_05,보석,패션·잡화 중 '귀금속'을 판매·제공하는 매장,test,귀금속,T2 동의어,8f635adf-bf5d-4190-9ac8-422b2fa8422c,무안 갯벌 낙지 전 문 8호점,"낙지, 바다장어",톱머리 골목형상점가,골목형상점가,전라남도,,,
4723ebf49cc79db8ced9,full_annotation_v1,A,q_귀금속_06,시계,패션·잡화 중 '귀금속'을 판매·제공하는 매장,test,귀금속,T3 개념확장,45f8e75d-4133-4126-a22c-5474be6aea7b,한오백년추어탕,추어탕,서천시장거리 골목형상점가,골목형상점가,충청남도,,,
617db7d9e7c9ab0558da,full_annotation_v1,A,q_귀금속_06,시계,패션·잡화 중 '귀금속'을 판매·제공하는 매장,test,귀금속,T3 개념확장,d58133be-fe3b-4dfe-81f1-4a1e906ad385,산호당,시계,홍성명동상가,자율상권구역,충청남도,,,
b8ced8ac096605483b95,full_annotation_v1,A,q_귀금속_06,시계,패션·잡화 중 '귀금속'을 판매·제공하는 매장,test,귀금속,T3 개념확장,738bb2a4-a50a-4e60-b227-a81c5119aac4,타임피아,시계,포항중앙상가,전통시장,경상북도,,,
9b1d52b60dd05393c29e,full_annotation_v1,A,q_귀금속_06,시계,패션·잡화 중 '귀금속'을 판매·제공하는 매장,test,귀금속,T3 개념확장,0cf82b2a-71a4-4657-b871-9a52288c43c1,반지만들기공방반지놀이터울산점,반지만들기,성남먹자골목,골목형상점가,울산광역시,,,
6880cb124461bd7662be,full_annotation_v1,A,q_귀금속_06,시계,패션·잡화 중 '귀금속'을 판매·제공하는 매장,test,귀금속,T3 개념확장,072851b4-8d47-4e6b-a1f4-18ef47490ed1,금빛돌보석,시계,봉덕신시장,전통시장,대구광역시,,,
ad69b870082b8c02c585,full_annotation_v1,A,q_귀금속_06,시계,패션·잡화 중 '귀금속'을 판매·제공하는 매장,test,귀금속,T3 개념확장,d835374f-6917-4744-a71a-364c5ff83ea7,원골드,시계,유진상가,전통시장,서울특별시,,,
6d6c82bd823c446ef6a9,full_annotation_v1,A,q_귀금속_06,시계,패션·잡화 중 '귀금속'을 판매·제공하는 매장,test,귀금속,T3 개념확장,4ffa510c-73ff-428f-be10-fb1d55be13f4,로이드,시계,은행동상점가(구 으능정이상점가),자율상권구역,대전광역시,,,
75acb29f5439dc8ded6b,full_annotation_v1,A,q_귀금속_06,시계,패션·잡화 중 '귀금속'을 판매·제공하는 매장,test,귀금속,T3 개념확장,10de78d1-e53e-4617-8bf1-5c53e8665faa,경일사,"보석, 시계",송탄시장(송북시장),전통시장,경기도,,,
e9d1b548ffb4d5a97585,full_annotation_v1,A,q_귀금속_06,시계,패션·잡화 중 '귀금속'을 판매·제공하는 매장,test,귀금속,T3 개념확장,28d22337-0868-46f4-871f-9dff8402e282,양지설렁탕,한식,도화동상점가,자율상권구역,서울특별시,,,
d8095ed853623f8a183d,full_annotation_v1,A,q_귀금속_06,시계,패션·잡화 중 '귀금속'을 판매·제공하는 매장,test,귀금속,T3 개념확장,5c8eccae-d81b-4acb-9d45-777b252d79d5,한글회초밥,초밥,부전시장,전통시장,부산광역시,,,
1bdead68e50118e875b0,full_annotation_v1,A,q_귀금속_06,시계,패션·잡화 중 '귀금속'을 판매·제공하는 매장,test,귀금속,T3 개념확장,5b2c3133-280c-4159-bcf5-a92aeec643c7,금성당,시계,봉화내성시장,전통시장,경상북도,,,
d3ff59039b76d012886c,full_annotation_v1,A,q_귀금속_06,시계,패션·잡화 중 '귀금속'을 판매·제공하는 매장,test,귀금속,T3 개념확장,407678f7-463f-4e2e-a1f4-906364f88bdc,정금당,시계,결초보은시장(구 보은종합시장),전통시장,충청북도,,,
bea828762ae0a26a45f5,full_annotation_v1,A,q_귀금속_06,시계,패션·잡화 중 '귀금속'을 판매·제공하는 매장,test,귀금속,T3 개념확장,5723d922-e55c-46bc-a5b9-846ba2afdf5d,커피파는 집,,거제 성포 골목형상점가,골목형상점가,경상남도,,,
6011ee3018572ab4a2a7,full_annotation_v1,A,q_귀금속_06,시계,패션·잡화 중 '귀금속'을 판매·제공하는 매장,test,귀금속,T3 개념확장,4af6128c-51b1-4ea8-ae60-2b958126a172,원보석,소매(금은방),우림골목시장,전통시장,서울특별시,,,
6c3990ba7bc413a0419e,full_annotation_v1,A,q_귀금속_06,시계,패션·잡화 중 '귀금속'을 판매·제공하는 매장,test,귀금속,T3 개념확장,78523050-7887-4d76-8854-a0f9b5b539ca,동해아케이드,시계,부평깡통시장(구 부산부평시장),전통시장,부산광역시,,,
7d421c27fd401021c690,full_annotation_v1,A,q_귀금속_06,시계,패션·잡화 중 '귀금속'을 판매·제공하는 매장,test,귀금속,T3 개념확장,09e3a824-23c2-4ac1-9710-9e5e2fc11a73,반지하가오점,한식,가오동 골목형상점가,골목형상점가,대전광역시,,,
4444db4d9b700545131b,full_annotation_v1,A,q_귀금속_06,시계,패션·잡화 중 '귀금속'을 판매·제공하는 매장,test,귀금속,T3 개념확장,e1e1778d-a2f1-4a9c-861c-7cc508e6cbe5,반지하도안점,한식,목대온기 골목형상점가,골목형상점가,대전광역시,,,
0ff00f01af818a20d70c,full_annotation_v1,A,q_귀금속_06,시계,패션·잡화 중 '귀금속'을 판매·제공하는 매장,test,귀금속,T3 개념확장,d5d66a0c-eab0-40ec-bf5d-0d4a32d9c78b,대운당,시계,제천중앙시장,전통시장,충청북도,,,
7f71422ae017277706d8,full_annotation_v1,A,q_귀금속_06,시계,패션·잡화 중 '귀금속'을 판매·제공하는 매장,test,귀금속,T3 개념확장,e24e8e77-1b91-4a49-a2b4-8f4517e38769,만화72,커피,순천문화의거리 금꽃예술촌,자율상권구역,전라남도,,,
5d9ab32110090bd58a87,full_annotation_v1,A,q_귀금속_06,시계,패션·잡화 중 '귀금속'을 판매·제공하는 매장,test,귀금속,T3 개념확장,af8c6723-7093-4693-97b1-5a200af18d2a,중앙사,시계,부평깡통시장(구 부산부평시장),전통시장,부산광역시,,,
1931d3510c64359d5534,full_annotation_v1,A,q_귀금속_06,시계,패션·잡화 중 '귀금속'을 판매·제공하는 매장,test,귀금속,T3 개념확장,ae483b39-3c64-445b-88dc-3595cef52ac3,이천당,시계,충금지하도상가,일반지하상점가,광주광역시,,,
ccd24dbf1887a0b34975,full_annotation_v1,A,q_귀금속_06,시계,패션·잡화 중 '귀금속'을 판매·제공하는 매장,test,귀금속,T3 개념확장,f5ce6c02-50fd-45a3-9d2c-6393c7134ba4,금호당,시계,금남지하도상가 1공구,일반지하상점가,광주광역시,,,
4652fa483a6f0ad045dc,full_annotation_v1,A,q_귀금속_06,시계,패션·잡화 중 '귀금속'을 판매·제공하는 매장,test,귀금속,T3 개념확장,b4bf3d63-7c7f-4551-8bc2-b100cb1edfb5,미금당,시계,다시남목 골목형상점가,골목형상점가,울산광역시,,,
dcd120cffb7aeb29affc,full_annotation_v1,A,q_귀금속_06,시계,패션·잡화 중 '귀금속'을 판매·제공하는 매장,test,귀금속,T3 개념확장,03425599-9eed-4d3b-8682-d3c2e620325e,초량전통시장 노점매대 54번,액세서리,초량전통시장,전통시장,부산광역시,,,
007c8dd7f03d81a97684,full_annotation_v1,A,q_귀금속_06,시계,패션·잡화 중 '귀금속'을 판매·제공하는 매장,test,귀금속,T3 개념확장,db501aba-a212-40a0-b824-1fa363a3e7af,국제금다이아거래소,귀걸이 목걸이 등 쥬얼리,별양동상점가,자율상권구역,경기도,,,
9de1453c6cced68cb3c2,full_annotation_v1,A,q_귀금속_06,시계,패션·잡화 중 '귀금속'을 판매·제공하는 매장,test,귀금속,T3 개념확장,ea4dfe62-4d90-42e9-b234-39c263212b08,광명당,시계,전곡전통시장,전통시장,경기도,,,
2d2446fb11d5980ade95,full_annotation_v1,A,q_귀금속_06,시계,패션·잡화 중 '귀금속'을 판매·제공하는 매장,test,귀금속,T3 개념확장,6564913c-dc87-40ca-b23c-7aebb9a2f1be,오복금방,시계,익산황등시장,전통시장,전북특별자치도,,,
53882c6da81033fb9856,full_annotation_v1,A,q_귀금속_06,시계,패션·잡화 중 '귀금속'을 판매·제공하는 매장,test,귀금속,T3 개념확장,9c5fe269-8a4c-4dfc-8c1d-ff4a6da73531,황금당,시계,성남먹자골목,골목형상점가,울산광역시,,,
dec424f9b86b91847b93,full_annotation_v1,A,q_귀금속_06,시계,패션·잡화 중 '귀금속'을 판매·제공하는 매장,test,귀금속,T3 개념확장,bc55186b-8332-43cc-9b23-76a517a8acda,명금당,시계,다시남목 골목형상점가,골목형상점가,울산광역시,,,
19d63dd1139dc4822dc2,full_annotation_v1,A,q_귀금속_06,시계,패션·잡화 중 '귀금속'을 판매·제공하는 매장,test,귀금속,T3 개념확장,69835963-62de-49b7-a261-116070fe6bc6,백금상회,시계,새동인천지하상가,일반지하상점가,인천광역시,,,
27449963a1b31375d278,full_annotation_v1,A,q_귀금속_06,시계,패션·잡화 중 '귀금속'을 판매·제공하는 매장,test,귀금속,T3 개념확장,4b565137-ef57-412e-b85f-85d0f03ffb3c,신미당,시계,백년소상공인,기타,대전광역시,,,
f752284e82b56a2e9728,full_annotation_v1,A,q_귀금속_06,시계,패션·잡화 중 '귀금속'을 판매·제공하는 매장,test,귀금속,T3 개념확장,23516cc3-b2d7-4dc4-b372-5acad39542dd,만물상회,메리야스,남성사계시장,전통시장,서울특별시,,,
e7670d1d3b1bd35ede58,full_annotation_v1,A,q_귀금속_06,시계,패션·잡화 중 '귀금속'을 판매·제공하는 매장,test,귀금속,T3 개념확장,542c2042-454a-4b80-bd2a-b32e53ae8572,금옥장,시계,창신골목시장,자율상권구역,서울특별시,,,
ae5ea8987f6248440bb7,full_annotation_v1,A,q_귀금속_06,시계,패션·잡화 중 '귀금속'을 판매·제공하는 매장,test,귀금속,T3 개념확장,3e5d11a5-df3d-43d0-aa3d-b61f2a219228,명진사,시계,청주육거리종합시장,전통시장,충청북도,,,
f9817a0cce5147ac1186,full_annotation_v1,A,q_귀금속_06,시계,패션·잡화 중 '귀금속'을 판매·제공하는 매장,test,귀금속,T3 개념확장,e9894b8d-e8c1-46c5-ac1b-67157db1efcc,부일당,시계,범일골목시장,전통시장,부산광역시,,,
64100ce10d5980dfdfaf,full_annotation_v1,A,q_귀금속_06,시계,패션·잡화 중 '귀금속'을 판매·제공하는 매장,test,귀금속,T3 개념확장,af059b9b-6557-4837-8d4b-90d30405a602,창민당,시계,영신상가,전통시장,서울특별시,,,
edf5f6c5617e22505740,full_annotation_v1,A,q_귀금속_06,시계,패션·잡화 중 '귀금속'을 판매·제공하는 매장,test,귀금속,T3 개념확장,49a3fe9c-bbf7-42a9-a741-99166f39ce92,진보당,금은방,진해중앙시장,전통시장,경상남도,,,
9ab3d6a851624a195dd6,full_annotation_v1,A,q_귀금속_06,시계,패션·잡화 중 '귀금속'을 판매·제공하는 매장,test,귀금속,T3 개념확장,dd0ba528-ca42-4aa0-bd31-8ea8cdb3ef6f,느낌좋은걸,시계,하당꽃길1가 골목형상점가,골목형상점가,전라남도,,,
eca89f1fa9c78b5a10fe,full_annotation_v1,A,q_귀금속_06,시계,패션·잡화 중 '귀금속'을 판매·제공하는 매장,test,귀금속,T3 개념확장,98b0cc86-88a8-406c-9dd4-413f817183ba,보금당,시계,장한평역먹자골목형상점가,골목형상점가,서울특별시,,,
2b2f463a5fe520252db1,full_annotation_v1,A,q_귀금속_06,시계,패션·잡화 중 '귀금속'을 판매·제공하는 매장,test,귀금속,T3 개념확장,ad2284ff-8791-453b-b8a9-67654ff94220,폰파는 신사,휴대폰,남해 명품화전길 골목형상점가,골목형상점가,경상남도,,,
9cafd72479bbef108b3c,full_annotation_v1,A,q_귀금속_06,시계,패션·잡화 중 '귀금속'을 판매·제공하는 매장,test,귀금속,T3 개념확장,5b5afea1-8c19-4072-9b04-ee36c0ce04de,금보원,시계,동운고가도로 골목형상점가,골목형상점가,광주광역시,,,
b27c77089b1acc9ece6e,full_annotation_v1,A,q_귀금속_06,시계,패션·잡화 중 '귀금속'을 판매·제공하는 매장,test,귀금속,T3 개념확장,392d500a-be25-4181-b79d-45cbc47b0878,티파니,시계,464번길 골목형상점가,골목형상점가,부산광역시,,,
5b2cdfa871eadeb73ce9,full_annotation_v1,A,q_귀금속_06,시계,패션·잡화 중 '귀금속'을 판매·제공하는 매장,test,귀금속,T3 개념확장,23a6e67b-88b8-4bf9-b95f-80bee8e037bd,은아당,시계,포항중앙상가,전통시장,경상북도,,,
0d3da01b4c3bb25771fc,full_annotation_v1,A,q_귀금속_06,시계,패션·잡화 중 '귀금속'을 판매·제공하는 매장,test,귀금속,T3 개념확장,1d5631fa-ec06-4f91-be13-602ed27d1b7b,반지제작소,공예,BOCA 보카상점가,골목형상점가,경기도,,,
34f3ba9cde05af5719e9,full_annotation_v1,A,q_귀금속_06,시계,패션·잡화 중 '귀금속'을 판매·제공하는 매장,test,귀금속,T3 개념확장,a7ec59a5-9ab1-4236-9c8e-e03ad8d7f92c,반지공작소,액세서리,원주중앙로문화의거리,자율상권구역,강원특별자치도,,,
0ac1fcae8945c02f9c06,full_annotation_v1,A,q_귀금속_06,시계,패션·잡화 중 '귀금속'을 판매·제공하는 매장,test,귀금속,T3 개념확장,e09f3552-27af-4e38-9038-56b5992e4952,고분반찬,음식점,고분다리시장,전통시장,서울특별시,,,
9d7a2e7e9b029604b4f2,full_annotation_v1,A,q_귀금속_06,시계,패션·잡화 중 '귀금속'을 판매·제공하는 매장,test,귀금속,T3 개념확장,00ee1cd3-ec15-467a-86d2-07e596d7d395,금옥당,"귀금속, 시계 소매",골드테마거리,전통시장,부산광역시,,,
c9cc0af3025ce7c468cb,full_annotation_v1,A,q_귀금속_06,시계,패션·잡화 중 '귀금속'을 판매·제공하는 매장,test,귀금속,T3 개념확장,a5e200aa-16a0-4ef5-9c7a-cf38f1763c28,선물백화점,시계,주안역지하도상점가,일반지하상점가,인천광역시,,,
4ada3d5706d115453ae7,full_annotation_v1,A,q_귀금속_06,시계,패션·잡화 중 '귀금속'을 판매·제공하는 매장,test,귀금속,T3 개념확장,4f860117-3701-4de7-bb54-f753ce3044c8,벽걸이TV갈무리,벽걸이 및 시계 설치등,영천10단지 골목형상점가,골목형상점가,광주광역시,,,
a4e0d6c0468644b4fb2b,full_annotation_v1,A,q_귀금속_06,시계,패션·잡화 중 '귀금속'을 판매·제공하는 매장,test,귀금속,T3 개념확장,a84325be-be8c-465e-93fb-6ae0068b5551,금반지,금은세공,광복마을푸른길 골목형상점가,골목형상점가,광주광역시,,,
a697ff0ee536a9a698c2,full_annotation_v1,A,q_귀금속_06,시계,패션·잡화 중 '귀금속'을 판매·제공하는 매장,test,귀금속,T3 개념확장,0724e735-862f-4d85-a766-94de4f9cc181,시온공방,시계,포항죽도시장,전통시장,경상북도,,,
a742551c60f6b36822b4,full_annotation_v1,A,q_귀금속_06,시계,패션·잡화 중 '귀금속'을 판매·제공하는 매장,test,귀금속,T3 개념확장,5100d89f-832d-4db5-b272-55faf3225696,금오당,시계,온양온천역 골목형 상점가,골목형상점가,충청남도,,,
ecf5f66276dafc0af447,full_annotation_v1,A,q_귀금속_06,시계,패션·잡화 중 '귀금속'을 판매·제공하는 매장,test,귀금속,T3 개념확장,dc5c0ce0-f6c9-4e30-b7ac-b536f2771a50,옷걸이,여성복,망미중앙시장,전통시장,부산광역시,,,
1fd61d3ec3794a8ceb14,full_annotation_v1,A,q_귀금속_06,시계,패션·잡화 중 '귀금속'을 판매·제공하는 매장,test,귀금속,T3 개념확장,db263250-3318-4ca7-b22e-98ddf160bc69,보미당,반지,청주시 소나무길 일원 자율상권구역,상권활성화구역,충청북도,,,
a5a5bcdd11461e1a7c61,full_annotation_v1,A,q_귀금속_06,시계,패션·잡화 중 '귀금속'을 판매·제공하는 매장,test,귀금속,T3 개념확장,7f46c9c0-dd42-42b0-b34c-504a87a1b5d4,광명당,시계,진도 남문로 상권활성화구역,상권활성화구역,전라남도,,,
9d54c3f92cf5c4f49259,full_annotation_v1,A,q_귀금속_06,시계,패션·잡화 중 '귀금속'을 판매·제공하는 매장,test,귀금속,T3 개념확장,a54a3ab8-d1b5-4844-80b7-ac70fad66dc0,에테르주얼리,반지 및 악세서리,대봉애 골목형상점가,골목형상점가,대구광역시,,,
32dc3554f0f4c657c2af,full_annotation_v1,A,q_귀금속_06,시계,패션·잡화 중 '귀금속'을 판매·제공하는 매장,test,귀금속,T3 개념확장,8d6f7b8f-6c40-4bae-82ab-f733189a6f38,보광당,시계,억지춘향시장(구 봉화춘향시장),전통시장,경상북도,,,
c35ed20aec947563c5df,full_annotation_v1,A,q_귀금속_06,시계,패션·잡화 중 '귀금속'을 판매·제공하는 매장,test,귀금속,T3 개념확장,18a7e907-d255-4652-9dcf-3eec01bfdb38,로컬러플레이스,관광기념품,수원남문로데오시장,전통시장,경기도,,,
4e877b1c4fb561e2bfa4,full_annotation_v1,A,q_귀금속_06,시계,패션·잡화 중 '귀금속'을 판매·제공하는 매장,test,귀금속,T3 개념확장,e287e27f-9101-41ec-b452-55f52ff8fa39,명보쥬얼리,보석류반지목걸이,화성남양시장,전통시장,경기도,,,
1388121c05395b76f4ad,full_annotation_v1,A,q_귀금속_06,시계,패션·잡화 중 '귀금속'을 판매·제공하는 매장,test,귀금속,T3 개념확장,d5e7e608-a033-43e9-ae87-ff6a3d2d4c34,명금당,시계,관문상가시장,전통시장,대구광역시,,,
3a6e1ec9aad126e6aa3c,full_annotation_v1,A,q_귀금속_06,시계,패션·잡화 중 '귀금속'을 판매·제공하는 매장,test,귀금속,T3 개념확장,06f92a02-db8d-46be-8ee1-213693507a55,오드워치,시계,남대문시장,전통시장,서울특별시,,,
458abadafd5679f251a1,full_annotation_v1,A,q_귀금속_06,시계,패션·잡화 중 '귀금속'을 판매·제공하는 매장,test,귀금속,T3 개념확장,37dd294b-8f9b-4ff7-9439-47c61c378286,부름양행,시계,비단길현대시장,전통시장,서울특별시,,,
f9407f3fa395d2b821e3,full_annotation_v1,A,q_귀금속_06,시계,패션·잡화 중 '귀금속'을 판매·제공하는 매장,test,귀금속,T3 개념확장,905fdfef-83ca-4ed1-be97-3b0170dabcdb,젬하우스,악세사리 반지공방,신사세로수길골목형상점가,골목형상점가,서울특별시,,,
128d6de535ededbd00e0,full_annotation_v1,A,q_귀금속_06,시계,패션·잡화 중 '귀금속'을 판매·제공하는 매장,test,귀금속,T3 개념확장,bf9203d4-3ca6-4540-b896-2e8e760dc0b8,보경사,시계,충장로45가 상점가,자율상권구역,광주광역시,,,
0ebf09edea27c6658b4f,full_annotation_v1,A,q_귀금속_06,시계,패션·잡화 중 '귀금속'을 판매·제공하는 매장,test,귀금속,T3 개념확장,5f59c153-0ca4-4ba4-9f1c-e59663f9e5e2,꽃파는 카페 가배화,꽃가게,맛조이상인회 골목형상점가,골목형상점가,광주광역시,,,
5af7f6d78e514b14cf6a,full_annotation_v1,A,q_귀금속_06,시계,패션·잡화 중 '귀금속'을 판매·제공하는 매장,test,귀금속,T3 개념확장,d4171827-052f-4d8a-863e-12a8205d7be1,춘양시계,시계,남광주시장,전통시장,광주광역시,,,
e20c004d9b6085d6368c,full_annotation_v1,A,q_귀금속_06,시계,패션·잡화 중 '귀금속'을 판매·제공하는 매장,test,귀금속,T3 개념확장,0188cda6-6441-4058-82b0-0cb89e035583,친한친구,액세서리,㈜르네시떼,전통시장,부산광역시,,,
ed67a373afaa5111bfd5,full_annotation_v1,A,q_귀금속_06,시계,패션·잡화 중 '귀금속'을 판매·제공하는 매장,test,귀금속,T3 개념확장,11bf25d9-8703-4be2-a1e8-5c3765ffea8a,서교동귀걸이,악세사리,홍대소상공인 상점가,자율상권구역,서울특별시,,,
a8a982fb75bf47856bac,full_annotation_v1,A,q_귀금속_06,시계,패션·잡화 중 '귀금속'을 판매·제공하는 매장,test,귀금속,T3 개념확장,2743811c-5e71-4d2b-aa75-1b0147d44f2d,사우 꽃이 피는 곳,꽃,김포 풍년마을 골목형상점가,골목형상점가,경기도,,,
eb67df6caac22a2b9f33,full_annotation_v1,A,q_귀금속_06,시계,패션·잡화 중 '귀금속'을 판매·제공하는 매장,test,귀금속,T3 개념확장,507b8a00-5fba-4980-952e-1ad226c9de15,아사라,시계,금남지하도상가 1공구,일반지하상점가,광주광역시,,,
c7de78fafac56d3ddabf,full_annotation_v1,A,q_귀금속_06,시계,패션·잡화 중 '귀금속'을 판매·제공하는 매장,test,귀금속,T3 개념확장,3e83d8ee-19b6-4f78-bef8-4ccd8a6acda2,동광당,금은방,전주중앙상가시장,전통시장,전북특별자치도,,,
a741cad9bc93d03c4e17,full_annotation_v1,A,q_귀금속_06,시계,패션·잡화 중 '귀금속'을 판매·제공하는 매장,test,귀금속,T3 개념확장,06261986-3eba-4244-b63f-397460d82f4a,이곳,미용,나주혁신도시 골목형상점가,골목형상점가,전라남도,,,
d3fbac0a029a4e2f2184,full_annotation_v1,A,q_귀금속_06,시계,패션·잡화 중 '귀금속'을 판매·제공하는 매장,test,귀금속,T3 개념확장,166c9193-005d-4dc3-8637-ed2bfd71be6f,부산금은방 남매금빵,,골드테마거리,전통시장,부산광역시,,,
c11413521010d25cad4a,full_annotation_v1,A,q_귀금속_06,시계,패션·잡화 중 '귀금속'을 판매·제공하는 매장,test,귀금속,T3 개념확장,e6787258-90da-4617-8330-1dcbf79d4ad5,최가커피회관,커피,건리단길 골목형상점가,골목형상점가,서울특별시,,,
819e2c59b8f1a6c4fa79,full_annotation_v1,A,q_귀금속_06,시계,패션·잡화 중 '귀금속'을 판매·제공하는 매장,test,귀금속,T3 개념확장,2f8f2b6a-9ea3-4b43-8629-fd4f39d086aa,이편한서점,문구 먹걸이,다사역 골목형상점가,골목형상점가,대구광역시,,,
f77dd97a98e62a6c920d,full_annotation_v1,A,q_귀금속_06,시계,패션·잡화 중 '귀금속'을 판매·제공하는 매장,test,귀금속,T3 개념확장,4304ee55-bc0b-4f66-933a-fd3e086a5c11,꽃반지,귀금속,㈜르네시떼,전통시장,부산광역시,,,
37723ab10ad20e5be8e3,full_annotation_v1,A,q_귀금속_06,시계,패션·잡화 중 '귀금속'을 판매·제공하는 매장,test,귀금속,T3 개념확장,add3d265-6ffe-4444-bb5e-82c80918e812,보옥당,시계,행복골목형상점가,골목형상점가,부산광역시,,,
d6ea6b336d353f41096d,full_annotation_v1,A,q_귀금속_06,시계,패션·잡화 중 '귀금속'을 판매·제공하는 매장,test,귀금속,T3 개념확장,38734df9-1aea-49b2-9050-25ba327f052d,호박당,금은방(귀금속),전주모래내시장,전통시장,전북특별자치도,,,
243284ff81d87a0083a1,full_annotation_v1,A,q_귀금속_06,시계,패션·잡화 중 '귀금속'을 판매·제공하는 매장,test,귀금속,T3 개념확장,0ebce67a-9623-415d-b313-f7771a4f1558,정원당,시계,계림오거리 골목형상점가,골목형상점가,광주광역시,,,
0c3c06c93bd633abed5e,full_annotation_v1,A,q_귀금속_06,시계,패션·잡화 중 '귀금속'을 판매·제공하는 매장,test,귀금속,T3 개념확장,9fbe1367-4b7c-4d7e-88fd-b282f72d5bad,보광당,시계,서산중심상가,자율상권구역,충청남도,,,
00963dff92449b8ec75b,full_annotation_v1,A,q_귀금속_06,시계,패션·잡화 중 '귀금속'을 판매·제공하는 매장,test,귀금속,T3 개념확장,f16853cb-fcf8-4e50-bda5-c64a0691acc4,현대사,시계,서면지하도상가 서면몰(대현프리몰),일반지하상점가,부산광역시,,,
f5fc73ff10a72a82109d,full_annotation_v1,A,q_귀금속_06,시계,패션·잡화 중 '귀금속'을 판매·제공하는 매장,test,귀금속,T3 개념확장,016d2bb5-8af2-45c2-8456-33067cd315bb,황금당,"금, 시계",홍성명동상가,자율상권구역,충청남도,,,
0e38fe17204e25634d6d,full_annotation_v1,A,q_귀금속_06,시계,패션·잡화 중 '귀금속'을 판매·제공하는 매장,test,귀금속,T3 개념확장,b7a5d4b3-5a17-4987-96c9-6fb50fef5356,하라,시계,골드테마거리,전통시장,부산광역시,,,
95fa2f8506fef9ebf88c,full_annotation_v1,A,q_귀금속_06,시계,패션·잡화 중 '귀금속'을 판매·제공하는 매장,test,귀금속,T3 개념확장,069cebbe-575a-40b5-9b2f-0a082b552037,별보석금나라,,전통중앙도매상가,전통시장,대전광역시,,,
8ce0f4b79ede4c13bdde,full_annotation_v1,A,q_귀금속_06,시계,패션·잡화 중 '귀금속'을 판매·제공하는 매장,test,귀금속,T3 개념확장,440ec0ea-734b-44a8-bfd7-2c2df8c50172,순흥당,시계,포항죽도농산물시장,전통시장,경상북도,,,
04dc350fc4ffc47d1da1,full_annotation_v1,A,q_귀금속_06,시계,패션·잡화 중 '귀금속'을 판매·제공하는 매장,test,귀금속,T3 개념확장,0038905e-d969-4b31-b09f-c35bdc0b9b8b,영보석,귀금속,촬영소사거리골목형상점가,골목형상점가,서울특별시,,,
4a896f497b063b1bf793,full_annotation_v1,A,q_귀금속_06,시계,패션·잡화 중 '귀금속'을 판매·제공하는 매장,test,귀금속,T3 개념확장,085465ef-544c-4898-9421-c8b9babe2186,해와달,소매(준보석),천호로데오거리상점가,자율상권구역,서울특별시,,,
6413e5b60753e5b17c1a,full_annotation_v1,A,q_귀금속_06,시계,패션·잡화 중 '귀금속'을 판매·제공하는 매장,test,귀금속,T3 개념확장,776876f2-011f-4cda-97e6-74e2dd54d63f,명보당,시계,먹자골음식문화의거리(창동먹자골상점가),자율상권구역,경기도,,,
8f9cefe6af6077837348,full_annotation_v1,A,q_귀금속_06,시계,패션·잡화 중 '귀금속'을 판매·제공하는 매장,test,귀금속,T3 개념확장,fe885d51-ae99-4b63-8605-e2951e20d0bc,골드라인,시계,서면지하도상가 부전몰,일반지하상점가,부산광역시,,,
05b3fedb15367458f739,full_annotation_v1,A,q_귀금속_06,시계,패션·잡화 중 '귀금속'을 판매·제공하는 매장,test,귀금속,T3 개념확장,ac373383-b8ae-4d55-96fc-93362464806b,자유장식,행거옷걸이,부산자유시장,전통시장,부산광역시,,,
f1889a7b43447e2b4107,full_annotation_v1,A,q_귀금속_06,시계,패션·잡화 중 '귀금속'을 판매·제공하는 매장,test,귀금속,T3 개념확장,59fcc4dc-7e09-4ba9-a007-1fac9c30c351,정금당,시계,도마큰시장,전통시장,대전광역시,,,
709e3f0cba5a53416036,full_annotation_v1,A,q_귀금속_06,시계,패션·잡화 중 '귀금속'을 판매·제공하는 매장,test,귀금속,T3 개념확장,d105614b-1ed4-4446-8983-66a63808f00c,대명당,시계,대조시장,전통시장,서울특별시,,,
224a47cc7668d3c41318,full_annotation_v1,A,q_귀금속_06,시계,패션·잡화 중 '귀금속'을 판매·제공하는 매장,test,귀금속,T3 개념확장,76a3551b-dae4-4326-92cc-662015aedbfb,쉴 곳,한식,칠성로상점가,자율상권구역,제주특별자치도,,,
e66219bbbc7e1d217d8c,full_annotation_v1,A,q_귀금속_06,시계,패션·잡화 중 '귀금속'을 판매·제공하는 매장,test,귀금속,T3 개념확장,f331f5d4-d1cd-4de1-93a2-273ed4754364,신안철물,철물점 전기재료,신안동서암대로 골목형상점가,골목형상점가,광주광역시,,,
8ff1ef0104d478451d95,full_annotation_v1,A,q_귀금속_06,시계,패션·잡화 중 '귀금속'을 판매·제공하는 매장,test,귀금속,T3 개념확장,2c7c9c42-7c61-4fd8-9aaf-3f40541fe34e,금탑,시계,화정역상인회 골목형상점가,골목형상점가,광주광역시,,,
5936db816173e5d7debb,full_annotation_v1,A,q_귀금속_06,시계,패션·잡화 중 '귀금속'을 판매·제공하는 매장,test,귀금속,T3 개념확장,6deeb4ab-bbda-458d-a762-e85290e40cf3,현대시계,시계,부산국제시장,전통시장,부산광역시,,,
867b01e0e1d8583da64c,full_annotation_v1,A,q_귀금속_06,시계,패션·잡화 중 '귀금속'을 판매·제공하는 매장,test,귀금속,T3 개념확장,ac5cc32e-296e-4c13-ae5e-872d9a0f48bb,황옥당,시계,말바우시장,전통시장,광주광역시,,,
2173b2a136a0de290f4f,full_annotation_v1,A,q_귀금속_06,시계,패션·잡화 중 '귀금속'을 판매·제공하는 매장,test,귀금속,T3 개념확장,f8a09916-a3e3-4d99-8adc-d1c497d3f60b,the옷걸이,의류,의정부역지하상가,일반지하상점가,경기도,,,
6d1e17490fa82b20b810,full_annotation_v1,A,q_귀금속_06,시계,패션·잡화 중 '귀금속'을 판매·제공하는 매장,test,귀금속,T3 개념확장,0c0f2fd4-dd64-4b86-a11c-ed97ef89b2d1,언니반지,귀금속,신원권율2 골목형상점가,골목형상점가,경기도,,,
52ffb8e32a2a0d70e165,full_annotation_v1,A,q_귀금속_06,시계,패션·잡화 중 '귀금속'을 판매·제공하는 매장,test,귀금속,T3 개념확장,549865d5-9306-42d7-b4e6-71638e3980f5,원보당,시계,진해중앙시장,전통시장,경상남도,,,
6c9fd9d0202b4c29cd32,full_annotation_v1,A,q_귀금속_06,시계,패션·잡화 중 '귀금속'을 판매·제공하는 매장,test,귀금속,T3 개념확장,53de7214-cdf0-4e52-8884-96a2b324ae69,블링걸,장식귀걸이목걸이반지머리핀,신안프라자전통시장,전통시장,경기도,,,
b10351c66ec0cf8a898b,full_annotation_v1,A,q_귀금속_06,시계,패션·잡화 중 '귀금속'을 판매·제공하는 매장,test,귀금속,T3 개념확장,38e12124-12be-4664-a127-0fa1d2d69561,옷걸이,의류,의정부역지하상가,일반지하상점가,경기도,,,
ba2c8790e12bd345bfb6,full_annotation_v1,A,q_귀금속_06,시계,패션·잡화 중 '귀금속'을 판매·제공하는 매장,test,귀금속,T3 개념확장,c111ac9d-3f3a-405c-a8db-4d127ccda9e2,행복이 있는 곳,잡화,제주로얄쇼핑센터,자율상권구역,제주특별자치도,,,
51dffdbaa8599975a2fd,full_annotation_v1,A,q_귀금속_06,시계,패션·잡화 중 '귀금속'을 판매·제공하는 매장,test,귀금속,T3 개념확장,39bfd737-720f-4720-9d38-1d968c2cd152,드림시계,시계,대구교동시장,전통시장,대구광역시,,,
6c03ab68129276032528,full_annotation_v1,A,q_귀금속_06,시계,패션·잡화 중 '귀금속'을 판매·제공하는 매장,test,귀금속,T3 개념확장,241353ff-1067-4dbb-83c4-e8a9d0e414c8,태백산시골풍경,한식,잠원하길골목형상점가,골목형상점가,서울특별시,,,
04e89a8ba4345461840f,full_annotation_v1,A,q_귀금속_06,시계,패션·잡화 중 '귀금속'을 판매·제공하는 매장,test,귀금속,T3 개념확장,3363dd8f-2a3f-4111-823a-d048c179f721,크린토피아 광주쌍암대라수점,개인용 세탁물,어썸시티,골목형상점가,광주광역시,,,
471c71a1b39b95ff1e31,full_annotation_v1,A,q_귀금속_06,시계,패션·잡화 중 '귀금속'을 판매·제공하는 매장,test,귀금속,T3 개념확장,4e364986-3c9c-46d0-a74c-0fcabc0bb270,보광당,시계,도곡시장,자율상권구역,서울특별시,,,
9476ffd18fc778382229,full_annotation_v1,A,q_귀금속_06,시계,패션·잡화 중 '귀금속'을 판매·제공하는 매장,test,귀금속,T3 개념확장,2b6dda42-8790-4b98-a526-30baa0d9710e,부부상회,"감자, 오이",광안시장,전통시장,부산광역시,,,
3b9ee7b9473d6a0ad4f4,full_annotation_v1,A,q_귀금속_06,시계,패션·잡화 중 '귀금속'을 판매·제공하는 매장,test,귀금속,T3 개념확장,a4d2114b-8a40-4d8e-be56-e11755076618,세종당,시계,비단길현대시장,전통시장,서울특별시,,,
f87c8289c5e63d5697da,full_annotation_v1,A,q_귀금속_06,시계,패션·잡화 중 '귀금속'을 판매·제공하는 매장,test,귀금속,T3 개념확장,ec0ba45d-0894-4399-bf49-1a73a6c3619b,정금사,시계,칠성로상점가,자율상권구역,제주특별자치도,,,
21f62cfb670c690fe59b,full_annotation_v1,A,q_귀금속_06,시계,패션·잡화 중 '귀금속'을 판매·제공하는 매장,test,귀금속,T3 개념확장,accc7586-6436-4ac2-9353-29568ef19616,미광당,시계,만덕시장,전통시장,부산광역시,,,
6c812caa46d6ef7b1ef3,full_annotation_v1,A,q_귀금속_06,시계,패션·잡화 중 '귀금속'을 판매·제공하는 매장,test,귀금속,T3 개념확장,82cf0a05-1e7e-4d0e-b1f2-5de65c3f8282,울산금방,시계,호계공설시장,전통시장,울산광역시,,,
1e50cfbef697126dfd05,full_annotation_v1,A,q_귀금속_06,시계,패션·잡화 중 '귀금속'을 판매·제공하는 매장,test,귀금속,T3 개념확장,b7b7c0e6-e2bd-43c3-89cf-74b86aadf8c7,명성사광성재료,시계,수기동천변 골목형상점가,골목형상점가,광주광역시,,,
407abe8411dcb6509646,full_annotation_v1,A,q_귀금속_06,시계,패션·잡화 중 '귀금속'을 판매·제공하는 매장,test,귀금속,T3 개념확장,fb1abfce-7993-4105-9194-ff00c184df05,도쿄앤펄,반지,아시아음식문화거리 골목형상점가,골목형상점가,광주광역시,,,
68f7954f3713c120ee55,full_annotation_v1,A,q_귀금속_06,시계,패션·잡화 중 '귀금속'을 판매·제공하는 매장,test,귀금속,T3 개념확장,866f4073-63fd-4696-9252-d2ea37d7e802,동양사,시계,건리단길 골목형상점가,골목형상점가,서울특별시,,,
815f781be0f186affd78,full_annotation_v1,A,q_귀금속_06,시계,패션·잡화 중 '귀금속'을 판매·제공하는 매장,test,귀금속,T3 개념확장,00ec77a3-3e9a-4a5b-b837-c4014ef84285,은은하당,귀금속소매업,테크노밸리 골목형상점가,골목형상점가,대전광역시,,,
2c6b27437c2a12b329f3,full_annotation_v1,A,q_귀금속_06,시계,패션·잡화 중 '귀금속'을 판매·제공하는 매장,test,귀금속,T3 개념확장,c8642d9d-f65f-46eb-8233-0b6dcdb40b80,서울시계주식회사,시계,은마종합상점가,자율상권구역,서울특별시,,,
a228c5b6cb05eccd3679,full_annotation_v1,A,q_귀금속_06,시계,패션·잡화 중 '귀금속'을 판매·제공하는 매장,test,귀금속,T3 개념확장,004eaf2b-83b1-4387-9843-85074f3b3f6f,색동보석,보석,충주자유시장,전통시장,충청북도,,,
4fc508ee40a11ad2ffd9,full_annotation_v1,A,q_귀금속_06,시계,패션·잡화 중 '귀금속'을 판매·제공하는 매장,test,귀금속,T3 개념확장,4d94b5a5-cab3-4fde-8e3a-f9f587c0cdc3,옷걸이,의류,보세거리 상점가,자율상권구역,울산광역시,,,
4ab74a117b390484f99f,full_annotation_v1,A,q_귀금속_06,시계,패션·잡화 중 '귀금속'을 판매·제공하는 매장,test,귀금속,T3 개념확장,71788e0c-f1d0-4eec-a872-b04f991ae407,서천우리약국,약,서천시장거리 골목형상점가,골목형상점가,충청남도,,,
62e4853b24eb22ca3b5b,full_annotation_v1,A,q_귀금속_06,시계,패션·잡화 중 '귀금속'을 판매·제공하는 매장,test,귀금속,T3 개념확장,025b097b-3ecb-4738-ab0f-d71bc283e74d,반지점방,공예품 장신구,양림공예거리 골목형상점가,골목형상점가,광주광역시,,,
70ca66e13a919ff8a7cd,full_annotation_v1,A,q_귀금속_06,시계,패션·잡화 중 '귀금속'을 판매·제공하는 매장,test,귀금속,T3 개념확장,339ddeed-1813-43b3-b3aa-81770ecc60c7,정월리당,시계,오치2동 골목형상점가,골목형상점가,광주광역시,,,
8e0fd3de037913c52156,full_annotation_v1,A,q_귀금속_06,시계,패션·잡화 중 '귀금속'을 판매·제공하는 매장,test,귀금속,T3 개념확장,0ebcdbf6-c241-4e04-8922-150bb639df19,형진양행,시계,대구교동시장,전통시장,대구광역시,,,
f14c8502a7b77b26c766,full_annotation_v1,A,q_귀금속_06,시계,패션·잡화 중 '귀금속'을 판매·제공하는 매장,test,귀금속,T3 개념확장,6702c44f-743f-4a82-a486-762c643027a2,야채파는 총각,농산물,구리전통시장,전통시장,경기도,,,
5b748cea8cf354d7b66d,full_annotation_v1,A,q_귀금속_06,시계,패션·잡화 중 '귀금속'을 판매·제공하는 매장,test,귀금속,T3 개념확장,fc1d3535-a0d5-487f-8e55-1280673d7615,금부치아,주얼리 반지 목걸이 팔찌 귀걸이 등 귀금속 및 보석,백년소상공인,기타,서울특별시,,,
de9b3df50f201233d23e,full_annotation_v1,A,q_귀금속_06,시계,패션·잡화 중 '귀금속'을 판매·제공하는 매장,test,귀금속,T3 개념확장,03d2f183-77cc-44c8-b4e4-f34ed3bcfa83,다나,"소매업(귀금속,액세서리,모조장신구)",코끼리시장,전통시장,경기도,,,
a739cb6d9ca0919ab412,full_annotation_v1,A,q_귀금속_06,시계,패션·잡화 중 '귀금속'을 판매·제공하는 매장,test,귀금속,T3 개념확장,24456103-f6b8-46af-8655-82e61d7265d8,커피가 머무르는 곳,커피,반드레길골목형상점가,골목형상점가,서울특별시,,,
f2302b7550c0825ec84c,full_annotation_v1,A,q_귀금속_06,시계,패션·잡화 중 '귀금속'을 판매·제공하는 매장,test,귀금속,T3 개념확장,04953f2e-6237-48ad-bae3-331572b31a5d,미니스피어싱수지점,귀걸이.목걸이.팔찌,풍2동 골목형상점가,골목형상점가,경기도,,,
100f26353c12f652e7c0,full_annotation_v1,A,q_귀금속_06,시계,패션·잡화 중 '귀금속'을 판매·제공하는 매장,test,귀금속,T3 개념확장,c161453d-f2c8-4b97-a2c3-a54e0cbdb7e8,생활용품 싸게 파는 집,잡화,안성중앙시장,전통시장,경기도,,,
45d32e4ad05450f78c84,full_annotation_v1,A,q_귀금속_06,시계,패션·잡화 중 '귀금속'을 판매·제공하는 매장,test,귀금속,T3 개념확장,19d2cb9a-653f-4aef-bfc3-b1af185e411c,정확당,시계,고도리 장터거리 상점가,골목형상점가,전라남도,,,
7c112dc045ce5b673e16,full_annotation_v1,A,q_귀금속_06,시계,패션·잡화 중 '귀금속'을 판매·제공하는 매장,test,귀금속,T3 개념확장,0043881b-db89-4699-8cc4-29ff178f91ee,국제보석,귀금속,대구패션주얼리특구,자율상권구역,대구광역시,,,
08225f203e45120d2d4f,full_annotation_v1,A,q_귀금속_06,시계,패션·잡화 중 '귀금속'을 판매·제공하는 매장,test,귀금속,T3 개념확장,76d1abf1-3feb-4576-a880-f69fe18f5f91,옷걸이,의류,중앙로 지하상가 상점가,일반지하상점가,대전광역시,,,
463e6da199012fb33ef1,full_annotation_v1,A,q_귀금속_06,시계,패션·잡화 중 '귀금속'을 판매·제공하는 매장,test,귀금속,T3 개념확장,90c3d1b7-ae69-44d8-8cc8-ba30241c1e11,옥수당,시계,제2경주중심상가시장(경주봉황중심상가시장),전통시장,경상북도,,,
345d5bbafa0763519641,full_annotation_v1,A,q_귀금속_06,시계,패션·잡화 중 '귀금속'을 판매·제공하는 매장,test,귀금속,T3 개념확장,a85689b0-a75b-4074-bbf1-63c955a803e9,보광당,시계,서산중심상가,자율상권구역,충청남도,,,
f3568134a66074a7f930,full_annotation_v1,A,q_귀금속_06,시계,패션·잡화 중 '귀금속'을 판매·제공하는 매장,test,귀금속,T3 개념확장,03d999c9-d1ad-4f94-8fa6-a7f9bf1c412d,갱'S쥬얼리,"귀금속, 시계",신림별빛거리골목형상점가,골목형상점가,서울특별시,,,
e0e4b1f3cd8422fc5afe,full_annotation_v1,A,q_귀금속_06,시계,패션·잡화 중 '귀금속'을 판매·제공하는 매장,test,귀금속,T3 개념확장,cf180480-df0a-4e26-b978-d247cd81be6b,커플링마을광주점,은반지 은팔찌,"금남로4,5가 골목형상점가",골목형상점가,광주광역시,,,
30b72e8ef88e6c53418d,full_annotation_v1,A,q_귀금속_06,시계,패션·잡화 중 '귀금속'을 판매·제공하는 매장,test,귀금속,T3 개념확장,e40315b7-ff13-4378-96d3-764034562fb9,꽃반지,잡화,해미읍성전통시장,전통시장,충청남도,,,
b7ead335120a4e09544e,full_annotation_v1,A,q_귀금속_06,시계,패션·잡화 중 '귀금속'을 판매·제공하는 매장,test,귀금속,T3 개념확장,be9f8c61-892c-48ed-a49d-b63bd032c025,소곳,의류,고투몰(강남터미널지하도상점가),일반지하상점가,서울특별시,,,
0ee42e3affa7690dc7fa,full_annotation_v1,A,q_귀금속_06,시계,패션·잡화 중 '귀금속'을 판매·제공하는 매장,test,귀금속,T3 개념확장,03d7c59b-0f64-4647-9c85-97eb7310d1cc,세이젬,"악세사리, 장신구, 귀금속, 시계, 지금",경주중심상가,전통시장,경상북도,,,
944c8828ced9dd6fd1b0,full_annotation_v1,A,q_귀금속_06,시계,패션·잡화 중 '귀금속'을 판매·제공하는 매장,test,귀금속,T3 개념확장,f75764d4-4ad8-44c8-ad99-7ccf3eea78de,파지,,중흥자재거리 골목형상점가,골목형상점가,광주광역시,,,
553024a3e9805c8b7486,full_annotation_v1,A,q_귀금속_06,시계,패션·잡화 중 '귀금속'을 판매·제공하는 매장,test,귀금속,T3 개념확장,8c660ebf-1f57-4a3f-9891-66c740af5d09,대광당,시계,속초중앙전통시장,전통시장,강원특별자치도,,,
a064eb0e6f20cb7919a2,full_annotation_v1,A,q_귀금속_06,시계,패션·잡화 중 '귀금속'을 판매·제공하는 매장,test,귀금속,T3 개념확장,842f6cf1-6411-4f4b-be23-746d79e31656,섬곳,한식,플레이사계 지오단길 골목형상점가,골목형상점가,제주특별자치도,,,
50fae98adca424b74a8d,full_annotation_v1,A,q_귀금속_06,시계,패션·잡화 중 '귀금속'을 판매·제공하는 매장,test,귀금속,T3 개념확장,cad4f82c-e22c-4459-ba8c-f5de408c181a,롱달이,"과자, 떡제조",선운 골목형상점가,골목형상점가,광주광역시,,,
09a1b3e75b31a879c0a1,full_annotation_v1,A,q_귀금속_06,시계,패션·잡화 중 '귀금속'을 판매·제공하는 매장,test,귀금속,T3 개념확장,8c4aa1ed-da08-4335-abe8-15d0849592c2,중앙수림꽃집,"꽃, 화초, 식물",성남중앙시장(중앙공설시장),전통시장,경기도,,,
e0accad22407f7f170a9,full_annotation_v1,A,q_귀금속_06,시계,패션·잡화 중 '귀금속'을 판매·제공하는 매장,test,귀금속,T3 개념확장,3eec5871-f5b1-4e96-9831-3218f5a6a102,칠보와치,시계,여수진남상가,자율상권구역,전라남도,,,
7ec03f01c46974c230f4,full_annotation_v1,A,q_귀금속_06,시계,패션·잡화 중 '귀금속'을 판매·제공하는 매장,test,귀금속,T3 개념확장,01f2baea-5004-4e8d-a9a5-66c50aaf49e6,머쓱케이스,휴대폰 액세서리,동성로상점가,자율상권구역,대구광역시,,,
dab0aa0c3442eff4d90c,full_annotation_v1,A,q_귀금속_06,시계,패션·잡화 중 '귀금속'을 판매·제공하는 매장,test,귀금속,T3 개념확장,738cb144-db64-49e1-9fc4-d42d0eaf1f52,백금당,시계,경주중심상가,전통시장,경상북도,,,
fce8c1e0edfa8e792a47,full_annotation_v1,A,q_귀금속_06,시계,패션·잡화 중 '귀금속'을 판매·제공하는 매장,test,귀금속,T3 개념확장,049f8988-fdf6-4dac-acb6-ef8b0af859fa,삼성당,시계,해미읍성전통시장,전통시장,충청남도,,,
07ec0b3a943a4f903f6e,full_annotation_v1,A,q_귀금속_06,시계,패션·잡화 중 '귀금속'을 판매·제공하는 매장,test,귀금속,T3 개념확장,0056f9b4-b953-40f2-b820-71d6e7b46c58,주얼리루비,귀금속,하남 골목형상점가,골목형상점가,광주광역시,,,
cc4fa7e0fd47f9ec33ea,full_annotation_v1,A,q_귀금속_06,시계,패션·잡화 중 '귀금속'을 판매·제공하는 매장,test,귀금속,T3 개념확장,06cb281a-925e-4896-ab43-3f9138f9c289,베스띠벨리 전주메가월드점,의류 스포츠의류,송천메가 골목형상점가,골목형상점가,전북특별자치도,,,
ffc3f02cc4f2b37d01c5,full_annotation_v1,A,q_귀금속_06,시계,패션·잡화 중 '귀금속'을 판매·제공하는 매장,test,귀금속,T3 개념확장,24907bbf-689b-4976-b174-a19fb0c9cdcd,천금당,시계,충주자유시장,전통시장,충청북도,,,
fc0d434a40a25af2f5eb,full_annotation_v1,A,q_귀금속_06,시계,패션·잡화 중 '귀금속'을 판매·제공하는 매장,test,귀금속,T3 개념확장,2dffa3ed-8659-49e5-a995-d5f95da1a16d,광일사,시계,남대문시장,전통시장,서울특별시,,,
d011736113be191b3ee6,full_annotation_v1,A,q_귀금속_06,시계,패션·잡화 중 '귀금속'을 판매·제공하는 매장,test,귀금속,T3 개념확장,18dd5715-f963-495d-b161-d7d28772a2ab,현대보석,"금, 은, 보석시계",전통중앙도매상가,전통시장,대전광역시,,,
9cbb1d0ec7ebbbaf09d6,full_annotation_v1,A,q_귀금속_06,시계,패션·잡화 중 '귀금속'을 판매·제공하는 매장,test,귀금속,T3 개념확장,0308940f-189d-41bd-9a0c-cae20bfc8b65,실버투유,액세서리,남대문시장,전통시장,서울특별시,,,
5ff2cf0d1bfb3ac3ad2b,full_annotation_v1,A,q_귀금속_06,시계,패션·잡화 중 '귀금속'을 판매·제공하는 매장,test,귀금속,T3 개념확장,5dceba02-08e9-45ea-bfbe-c443d7fd81f0,서북사,시계 금,지석사거리 골목형상점가,골목형상점가,광주광역시,,,
0f18facd3e92f73899ea,full_annotation_v1,A,q_귀금속_06,시계,패션·잡화 중 '귀금속'을 판매·제공하는 매장,test,귀금속,T3 개념확장,a598b5d7-03cb-4ad2-82ad-6c930a183334,보금장,시계,김제전통시장,전통시장,전북특별자치도,,,
187ba5b0149b85aa5e69,full_annotation_v1,A,q_귀금속_06,시계,패션·잡화 중 '귀금속'을 판매·제공하는 매장,test,귀금속,T3 개념확장,5d277adb-d0f5-4252-b633-c8b8b456559b,태양당,시계,의성중앙상점가(의성읍중앙길상가거리),자율상권구역,경상북도,,,
d2c6d0c51a4992d41798,full_annotation_v1,A,q_귀금속_06,시계,패션·잡화 중 '귀금속'을 판매·제공하는 매장,test,귀금속,T3 개념확장,10d7de83-7786-4755-9083-4609c328428c,동하사,시계,골드테마거리,전통시장,부산광역시,,,
a54cda14c39f6c29da10,full_annotation_v1,A,q_귀금속_07,목걸이 반지 파는 곳,패션·잡화 중 '귀금속'을 판매·제공하는 매장,test,귀금속,T4 구어·문장,a84325be-be8c-465e-93fb-6ae0068b5551,금반지,금은세공,광복마을푸른길 골목형상점가,골목형상점가,광주광역시,,,
88b6cb8c264f6cf9762e,full_annotation_v1,A,q_귀금속_07,목걸이 반지 파는 곳,패션·잡화 중 '귀금속'을 판매·제공하는 매장,test,귀금속,T4 구어·문장,4e364986-3c9c-46d0-a74c-0fcabc0bb270,보광당,시계,도곡시장,자율상권구역,서울특별시,,,
ac6009c9b6ece1cb08c8,full_annotation_v1,A,q_귀금속_07,목걸이 반지 파는 곳,패션·잡화 중 '귀금속'을 판매·제공하는 매장,test,귀금속,T4 구어·문장,c161453d-f2c8-4b97-a2c3-a54e0cbdb7e8,생활용품 싸게 파는 집,잡화,안성중앙시장,전통시장,경기도,,,
028c4f9f7dfc9ad371fd,full_annotation_v1,A,q_귀금속_07,목걸이 반지 파는 곳,패션·잡화 중 '귀금속'을 판매·제공하는 매장,test,귀금속,T4 구어·문장,fb9d98e0-50e4-451d-9ce9-d0f2287e63d9,배터리픽스,자동차배터리,하남 골목형상점가,골목형상점가,광주광역시,,,
c929501f746ceed240e8,full_annotation_v1,A,q_귀금속_07,목걸이 반지 파는 곳,패션·잡화 중 '귀금속'을 판매·제공하는 매장,test,귀금속,T4 구어·문장,11bf25d9-8703-4be2-a1e8-5c3765ffea8a,서교동귀걸이,악세사리,홍대소상공인 상점가,자율상권구역,서울특별시,,,
c1d569e2aaddf6ef31fa,full_annotation_v1,A,q_귀금속_07,목걸이 반지 파는 곳,패션·잡화 중 '귀금속'을 판매·제공하는 매장,test,귀금속,T4 구어·문장,166c9193-005d-4dc3-8637-ed2bfd71be6f,부산금은방 남매금빵,,골드테마거리,전통시장,부산광역시,,,
9d30ad8eebad70b67181,full_annotation_v1,A,q_귀금속_07,목걸이 반지 파는 곳,패션·잡화 중 '귀금속'을 판매·제공하는 매장,test,귀금속,T4 구어·문장,fb1abfce-7993-4105-9194-ff00c184df05,도쿄앤펄,반지,아시아음식문화거리 골목형상점가,골목형상점가,광주광역시,,,
40090d7135a84fbc4b40,full_annotation_v1,A,q_귀금속_07,목걸이 반지 파는 곳,패션·잡화 중 '귀금속'을 판매·제공하는 매장,test,귀금속,T4 구어·문장,2f8f2b6a-9ea3-4b43-8629-fd4f39d086aa,이편한서점,문구 먹걸이,다사역 골목형상점가,골목형상점가,대구광역시,,,
6fb15bd2d4134170bc6b,full_annotation_v1,A,q_귀금속_07,목걸이 반지 파는 곳,패션·잡화 중 '귀금속'을 판매·제공하는 매장,test,귀금속,T4 구어·문장,9fbe1367-4b7c-4d7e-88fd-b282f72d5bad,보광당,시계,서산중심상가,자율상권구역,충청남도,,,
bfca1634c587054e1ca8,full_annotation_v1,A,q_귀금속_07,목걸이 반지 파는 곳,패션·잡화 중 '귀금속'을 판매·제공하는 매장,test,귀금속,T4 구어·문장,76d1abf1-3feb-4576-a880-f69fe18f5f91,옷걸이,의류,중앙로 지하상가 상점가,일반지하상점가,대전광역시,,,
b6f5ad3a4ff981b72535,full_annotation_v1,A,q_귀금속_07,목걸이 반지 파는 곳,패션·잡화 중 '귀금속'을 판매·제공하는 매장,test,귀금속,T4 구어·문장,09e3a824-23c2-4ac1-9710-9e5e2fc11a73,반지하가오점,한식,가오동 골목형상점가,골목형상점가,대전광역시,,,
d2cd42db4257f62c163e,full_annotation_v1,A,q_귀금속_07,목걸이 반지 파는 곳,패션·잡화 중 '귀금속'을 판매·제공하는 매장,test,귀금속,T4 구어·문장,c111ac9d-3f3a-405c-a8db-4d127ccda9e2,행복이 있는 곳,잡화,제주로얄쇼핑센터,자율상권구역,제주특별자치도,,,
11c6775246414a659861,full_annotation_v1,A,q_귀금속_07,목걸이 반지 파는 곳,패션·잡화 중 '귀금속'을 판매·제공하는 매장,test,귀금속,T4 구어·문장,38e12124-12be-4664-a127-0fa1d2d69561,옷걸이,의류,의정부역지하상가,일반지하상점가,경기도,,,
159c871b28de744223fc,full_annotation_v1,A,q_귀금속_07,목걸이 반지 파는 곳,패션·잡화 중 '귀금속'을 판매·제공하는 매장,test,귀금속,T4 구어·문장,37dd294b-8f9b-4ff7-9439-47c61c378286,부름양행,시계,비단길현대시장,전통시장,서울특별시,,,
c2771cbe1f143daabc26,full_annotation_v1,A,q_귀금속_07,목걸이 반지 파는 곳,패션·잡화 중 '귀금속'을 판매·제공하는 매장,test,귀금속,T4 구어·문장,b7b7c0e6-e2bd-43c3-89cf-74b86aadf8c7,명성사광성재료,시계,수기동천변 골목형상점가,골목형상점가,광주광역시,,,
d843fad291b0bbd74c61,full_annotation_v1,A,q_귀금속_07,목걸이 반지 파는 곳,패션·잡화 중 '귀금속'을 판매·제공하는 매장,test,귀금속,T4 구어·문장,5c2b824e-6c6c-49d5-8927-60df452d03f4,대전시민자동차출장배터리,전지 배터리,충무자동차거리 상점가,자율상권구역,대전광역시,,,
2539982c29cf1da96cdb,full_annotation_v1,A,q_귀금속_07,목걸이 반지 파는 곳,패션·잡화 중 '귀금속'을 판매·제공하는 매장,test,귀금속,T4 구어·문장,871cefc8-dc7a-4fd0-b354-9040c70a9f32,반값밧데리할인마트,배터리 전지,첨단월봉로 골목형상점가,골목형상점가,광주광역시,,,
1131094b8950babaf10c,full_annotation_v1,A,q_귀금속_07,목걸이 반지 파는 곳,패션·잡화 중 '귀금속'을 판매·제공하는 매장,test,귀금속,T4 구어·문장,a094b560-951c-434d-bb74-3fc37c4f9658,변강쇠밧데리,"축전지, 배터리",시화유통상가,전통시장,경기도,,,
41d59eab0d36c1d4a220,full_annotation_v1,A,q_귀금속_07,목걸이 반지 파는 곳,패션·잡화 중 '귀금속'을 판매·제공하는 매장,test,귀금속,T4 구어·문장,392d500a-be25-4181-b79d-45cbc47b0878,티파니,시계,464번길 골목형상점가,골목형상점가,부산광역시,,,
e5481df90fad020914e1,full_annotation_v1,A,q_귀금속_07,목걸이 반지 파는 곳,패션·잡화 중 '귀금속'을 판매·제공하는 매장,test,귀금속,T4 구어·문장,016d2bb5-8af2-45c2-8456-33067cd315bb,황금당,"금, 시계",홍성명동상가,자율상권구역,충청남도,,,
5e576d375afb7cb6e244,full_annotation_v1,A,q_귀금속_07,목걸이 반지 파는 곳,패션·잡화 중 '귀금속'을 판매·제공하는 매장,test,귀금속,T4 구어·문장,c216cabc-a49c-468e-b996-d2f92ec871c9,달인밧데리,자동차배터리,도군머리 골목형상점가,골목형상점가,광주광역시,,,
bee0672ca541d0571b09,full_annotation_v1,A,q_귀금속_07,목걸이 반지 파는 곳,패션·잡화 중 '귀금속'을 판매·제공하는 매장,test,귀금속,T4 구어·문장,98bd4de1-9108-4c92-99f9-8cbd85a7fa5f,관평 .998(GWANPYEON.998),양식 호프,관평동 골목형상점가,골목형상점가,대전광역시,,,
ee2f41e485f8fa51fa8c,full_annotation_v1,A,q_귀금속_07,목걸이 반지 파는 곳,패션·잡화 중 '귀금속'을 판매·제공하는 매장,test,귀금속,T4 구어·문장,e40315b7-ff13-4378-96d3-764034562fb9,꽃반지,잡화,해미읍성전통시장,전통시장,충청남도,,,
2b1a8c78059be240fb0f,full_annotation_v1,A,q_귀금속_07,목걸이 반지 파는 곳,패션·잡화 중 '귀금속'을 판매·제공하는 매장,test,귀금속,T4 구어·문장,60f34431-6960-42f8-aabb-5d0c39d6f6d4,거꾸로 가는 시간,피부 미용,서산번화2로,자율상권구역,충청남도,,,
950fdc9bde084d27dd39,full_annotation_v1,A,q_귀금속_07,목걸이 반지 파는 곳,패션·잡화 중 '귀금속'을 판매·제공하는 매장,test,귀금속,T4 구어·문장,2e518c2a-083e-4116-8ce8-cc4d12e0b5e9,배터리할인마트,배터리,양산동 행복 골목형상점가,골목형상점가,광주광역시,,,
cf8ea627c864cc851066,full_annotation_v1,A,q_귀금속_07,목걸이 반지 파는 곳,패션·잡화 중 '귀금속'을 판매·제공하는 매장,test,귀금속,T4 구어·문장,8d6f7b8f-6c40-4bae-82ab-f733189a6f38,보광당,시계,억지춘향시장(구 봉화춘향시장),전통시장,경상북도,,,
019ea4ee43530b7fe3b2,full_annotation_v1,A,q_귀금속_07,목걸이 반지 파는 곳,패션·잡화 중 '귀금속'을 판매·제공하는 매장,test,귀금속,T4 구어·문장,cd9ebbec-3967-420f-967c-d67e614dcf6f,울산전자담배 하카동구점,배터리 충전기 담배,대왕암사거리 골목형상점가,골목형상점가,울산광역시,,,
b263f561c2d14eb5a515,full_annotation_v1,A,q_귀금속_07,목걸이 반지 파는 곳,패션·잡화 중 '귀금속'을 판매·제공하는 매장,test,귀금속,T4 구어·문장,5509a8e1-143b-4174-8d32-a78782f77e88,좋은밧데리,배터리,중문로 골목형상점가,골목형상점가,광주광역시,,,
5930190b828bdd5eee69,full_annotation_v1,A,q_귀금속_07,목걸이 반지 파는 곳,패션·잡화 중 '귀금속'을 판매·제공하는 매장,test,귀금속,T4 구어·문장,19d2cb9a-653f-4aef-bfc3-b1af185e411c,정확당,시계,고도리 장터거리 상점가,골목형상점가,전라남도,,,
7cac620936415eb0ba48,full_annotation_v1,A,q_귀금속_07,목걸이 반지 파는 곳,패션·잡화 중 '귀금속'을 판매·제공하는 매장,test,귀금속,T4 구어·문장,af8c6723-7093-4693-97b1-5a200af18d2a,중앙사,시계,부평깡통시장(구 부산부평시장),전통시장,부산광역시,,,
a75a0f0141c92a8f9c5a,full_annotation_v1,A,q_귀금속_07,목걸이 반지 파는 곳,패션·잡화 중 '귀금속'을 판매·제공하는 매장,test,귀금속,T4 구어·문장,4ffa510c-73ff-428f-be10-fb1d55be13f4,로이드,시계,은행동상점가(구 으능정이상점가),자율상권구역,대전광역시,,,
16f5309e53c02126117d,full_annotation_v1,A,q_귀금속_07,목걸이 반지 파는 곳,패션·잡화 중 '귀금속'을 판매·제공하는 매장,test,귀금속,T4 구어·문장,03d7c59b-0f64-4647-9c85-97eb7310d1cc,세이젬,"악세사리, 장신구, 귀금속, 시계, 지금",경주중심상가,전통시장,경상북도,,,
29e3850a6a517592c223,full_annotation_v1,A,q_귀금속_07,목걸이 반지 파는 곳,패션·잡화 중 '귀금속'을 판매·제공하는 매장,test,귀금속,T4 구어·문장,d105614b-1ed4-4446-8983-66a63808f00c,대명당,시계,대조시장,전통시장,서울특별시,,,
d1c1260689b738a33e95,full_annotation_v1,A,q_귀금속_07,목걸이 반지 파는 곳,패션·잡화 중 '귀금속'을 판매·제공하는 매장,test,귀금속,T4 구어·문장,a85689b0-a75b-4074-bbf1-63c955a803e9,보광당,시계,서산중심상가,자율상권구역,충청남도,,,
6ec984810595df78ccb3,full_annotation_v1,A,q_귀금속_07,목걸이 반지 파는 곳,패션·잡화 중 '귀금속'을 판매·제공하는 매장,test,귀금속,T4 구어·문장,06f92a02-db8d-46be-8ee1-213693507a55,오드워치,시계,남대문시장,전통시장,서울특별시,,,
5b277731d7f198e1a14b,full_annotation_v1,A,q_귀금속_07,목걸이 반지 파는 곳,패션·잡화 중 '귀금속'을 판매·제공하는 매장,test,귀금속,T4 구어·문장,5670a981-7f71-4bb8-9149-27c80d7c860d,다솜이네반찬,반찬,안양중앙인정시장,전통시장,경기도,,,
ec58616f568ed44bc135,full_annotation_v1,A,q_귀금속_07,목걸이 반지 파는 곳,패션·잡화 중 '귀금속'을 판매·제공하는 매장,test,귀금속,T4 구어·문장,03d2f183-77cc-44c8-b4e4-f34ed3bcfa83,다나,"소매업(귀금속,액세서리,모조장신구)",코끼리시장,전통시장,경기도,,,
440172b61207da8eb4a4,full_annotation_v1,A,q_귀금속_07,목걸이 반지 파는 곳,패션·잡화 중 '귀금속'을 판매·제공하는 매장,test,귀금속,T4 구어·문장,03d999c9-d1ad-4f94-8fa6-a7f9bf1c412d,갱'S쥬얼리,"귀금속, 시계",신림별빛거리골목형상점가,골목형상점가,서울특별시,,,
a9eca234b54abc568348,full_annotation_v1,A,q_귀금속_07,목걸이 반지 파는 곳,패션·잡화 중 '귀금속'을 판매·제공하는 매장,test,귀금속,T4 구어·문장,e293994d-4559-471a-aa90-7da1b1966ffd,솥밥정식,한식,전하시장,자율상권구역,울산광역시,,,
d1b7af1e35b97c29b48e,full_annotation_v1,A,q_귀금속_07,목걸이 반지 파는 곳,패션·잡화 중 '귀금속'을 판매·제공하는 매장,test,귀금속,T4 구어·문장,fe885d51-ae99-4b63-8605-e2951e20d0bc,골드라인,시계,서면지하도상가 부전몰,일반지하상점가,부산광역시,,,
7334c09d96d6cae7cdcb,full_annotation_v1,A,q_귀금속_07,목걸이 반지 파는 곳,패션·잡화 중 '귀금속'을 판매·제공하는 매장,test,귀금속,T4 구어·문장,d835374f-6917-4744-a71a-364c5ff83ea7,원골드,시계,유진상가,전통시장,서울특별시,,,
b68a783ed448c8f06c95,full_annotation_v1,A,q_귀금속_07,목걸이 반지 파는 곳,패션·잡화 중 '귀금속'을 판매·제공하는 매장,test,귀금속,T4 구어·문장,24456103-f6b8-46af-8655-82e61d7265d8,커피가 머무르는 곳,커피,반드레길골목형상점가,골목형상점가,서울특별시,,,
831e08c5baa05d210b2e,full_annotation_v1,A,q_귀금속_07,목걸이 반지 파는 곳,패션·잡화 중 '귀금속'을 판매·제공하는 매장,test,귀금속,T4 구어·문장,d5e7e608-a033-43e9-ae87-ff6a3d2d4c34,명금당,시계,관문상가시장,전통시장,대구광역시,,,
1a1eab49e21e2e156c1e,full_annotation_v1,A,q_귀금속_07,목걸이 반지 파는 곳,패션·잡화 중 '귀금속'을 판매·제공하는 매장,test,귀금속,T4 구어·문장,a7ec59a5-9ab1-4236-9c8e-e03ad8d7f92c,반지공작소,액세서리,원주중앙로문화의거리,자율상권구역,강원특별자치도,,,
d6952697d6a82e4d34a1,full_annotation_v1,A,q_귀금속_07,목걸이 반지 파는 곳,패션·잡화 중 '귀금속'을 판매·제공하는 매장,test,귀금속,T4 구어·문장,8ac4d22a-9800-4667-8f0b-ae5460ee3faf,케이원 밧데리,배터리,오치1동 골목형상점가,골목형상점가,광주광역시,,,
72b62ece8dc38a4c6617,full_annotation_v1,A,q_귀금속_07,목걸이 반지 파는 곳,패션·잡화 중 '귀금속'을 판매·제공하는 매장,test,귀금속,T4 구어·문장,fc1d3535-a0d5-487f-8e55-1280673d7615,금부치아,주얼리 반지 목걸이 팔찌 귀걸이 등 귀금속 및 보석,백년소상공인,기타,서울특별시,,,
e48013481650f7b79027,full_annotation_v1,A,q_귀금속_07,목걸이 반지 파는 곳,패션·잡화 중 '귀금속'을 판매·제공하는 매장,test,귀금속,T4 구어·문장,069cebbe-575a-40b5-9b2f-0a082b552037,별보석금나라,,전통중앙도매상가,전통시장,대전광역시,,,
03a355cfc94040b9bbd0,full_annotation_v1,A,q_귀금속_07,목걸이 반지 파는 곳,패션·잡화 중 '귀금속'을 판매·제공하는 매장,test,귀금속,T4 구어·문장,f75764d4-4ad8-44c8-ad99-7ccf3eea78de,파지,,중흥자재거리 골목형상점가,골목형상점가,광주광역시,,,
a9051e19868b2bcf8894,full_annotation_v1,A,q_귀금속_07,목걸이 반지 파는 곳,패션·잡화 중 '귀금속'을 판매·제공하는 매장,test,귀금속,T4 구어·문장,5b2c3133-280c-4159-bcf5-a92aeec643c7,금성당,시계,봉화내성시장,전통시장,경상북도,,,
7b392438e2145312c1a7,full_annotation_v1,A,q_귀금속_07,목걸이 반지 파는 곳,패션·잡화 중 '귀금속'을 판매·제공하는 매장,test,귀금속,T4 구어·문장,d2856192-8ed1-4b97-826b-8d0c51d7bd61,맛땡기는집,분식,중마시장,전통시장,전라남도,,,
9b2a187b4a50ca016924,full_annotation_v1,A,q_귀금속_07,목걸이 반지 파는 곳,패션·잡화 중 '귀금속'을 판매·제공하는 매장,test,귀금속,T4 구어·문장,5f105e71-3b64-4818-b4d6-526e2ffc9219,에스엘파워텍 주식회사,배터리,인천산업유통센터,전통시장,인천광역시,,,
e0e518c2b45888706af4,full_annotation_v1,A,q_귀금속_07,목걸이 반지 파는 곳,패션·잡화 중 '귀금속'을 판매·제공하는 매장,test,귀금속,T4 구어·문장,ded41bb9-ae69-4528-9587-7dc87646a14d,옥돌장어구이,한식,창원 도계부부시장,전통시장,경상남도,,,
93578661444fd71609b4,full_annotation_v1,A,q_귀금속_07,목걸이 반지 파는 곳,패션·잡화 중 '귀금속'을 판매·제공하는 매장,test,귀금속,T4 구어·문장,e1e1778d-a2f1-4a9c-861c-7cc508e6cbe5,반지하도안점,한식,목대온기 골목형상점가,골목형상점가,대전광역시,,,
d872798e8a52b96e67f8,full_annotation_v1,A,q_귀금속_07,목걸이 반지 파는 곳,패션·잡화 중 '귀금속'을 판매·제공하는 매장,test,귀금속,T4 구어·문장,01f2baea-5004-4e8d-a9a5-66c50aaf49e6,머쓱케이스,휴대폰 액세서리,동성로상점가,자율상권구역,대구광역시,,,
9769a929e33dc415c7c2,full_annotation_v1,A,q_귀금속_07,목걸이 반지 파는 곳,패션·잡화 중 '귀금속'을 판매·제공하는 매장,test,귀금속,T4 구어·문장,025b097b-3ecb-4738-ab0f-d71bc283e74d,반지점방,공예품 장신구,양림공예거리 골목형상점가,골목형상점가,광주광역시,,,
5d3fafc30ce59cfc8706,full_annotation_v1,A,q_귀금속_07,목걸이 반지 파는 곳,패션·잡화 중 '귀금속'을 판매·제공하는 매장,test,귀금속,T4 구어·문장,407678f7-463f-4e2e-a1f4-906364f88bdc,정금당,시계,결초보은시장(구 보은종합시장),전통시장,충청북도,,,
57cb0ee5383b953ee92d,full_annotation_v1,A,q_귀금속_07,목걸이 반지 파는 곳,패션·잡화 중 '귀금속'을 판매·제공하는 매장,test,귀금속,T4 구어·문장,db263250-3318-4ca7-b22e-98ddf160bc69,보미당,반지,청주시 소나무길 일원 자율상권구역,상권활성화구역,충청북도,,,
3574e8306f6e11756813,full_annotation_v1,A,q_귀금속_07,목걸이 반지 파는 곳,패션·잡화 중 '귀금속'을 판매·제공하는 매장,test,귀금속,T4 구어·문장,3dd4ba77-4bae-49d3-83c6-a419b0a38692,남양,도소매업(축산물),마장축산물시장,전통시장,서울특별시,,,
0ceaa791712e40e9cf65,full_annotation_v1,A,q_귀금속_07,목걸이 반지 파는 곳,패션·잡화 중 '귀금속'을 판매·제공하는 매장,test,귀금속,T4 구어·문장,004eaf2b-83b1-4387-9843-85074f3b3f6f,색동보석,보석,충주자유시장,전통시장,충청북도,,,
3a1871584cf6227b88f6,full_annotation_v1,A,q_귀금속_07,목걸이 반지 파는 곳,패션·잡화 중 '귀금속'을 판매·제공하는 매장,test,귀금속,T4 구어·문장,00ec77a3-3e9a-4a5b-b837-c4014ef84285,은은하당,귀금속소매업,테크노밸리 골목형상점가,골목형상점가,대전광역시,,,
277f4dab2b996a6298b3,full_annotation_v1,A,q_귀금속_07,목걸이 반지 파는 곳,패션·잡화 중 '귀금속'을 판매·제공하는 매장,test,귀금속,T4 구어·문장,6deeb4ab-bbda-458d-a762-e85290e40cf3,현대시계,시계,부산국제시장,전통시장,부산광역시,,,
2fff65c75303c8f86781,full_annotation_v1,A,q_귀금속_07,목걸이 반지 파는 곳,패션·잡화 중 '귀금속'을 판매·제공하는 매장,test,귀금속,T4 구어·문장,5f59c153-0ca4-4ba4-9f1c-e59663f9e5e2,꽃파는 카페 가배화,꽃가게,맛조이상인회 골목형상점가,골목형상점가,광주광역시,,,
e8bf4027d182d4afaca3,full_annotation_v1,A,q_귀금속_07,목걸이 반지 파는 곳,패션·잡화 중 '귀금속'을 판매·제공하는 매장,test,귀금속,T4 구어·문장,a26b8e42-bddc-4979-85c1-4f3ad12658e7,숲 태권도장,태권도,양원숲길 골목형상점가,골목형상점가,서울특별시,,,
6e519f5bf82979d4e0a1,full_annotation_v1,A,q_귀금속_07,목걸이 반지 파는 곳,패션·잡화 중 '귀금속'을 판매·제공하는 매장,test,귀금속,T4 구어·문장,53de7214-cdf0-4e52-8884-96a2b324ae69,블링걸,장식귀걸이목걸이반지머리핀,신안프라자전통시장,전통시장,경기도,,,
d6eef1f6cdcea2e84733,full_annotation_v1,A,q_귀금속_07,목걸이 반지 파는 곳,패션·잡화 중 '귀금속'을 판매·제공하는 매장,test,귀금속,T4 구어·문장,5dceba02-08e9-45ea-bfbe-c443d7fd81f0,서북사,시계 금,지석사거리 골목형상점가,골목형상점가,광주광역시,,,
79dd434bf4977a4bc040,full_annotation_v1,A,q_귀금속_07,목걸이 반지 파는 곳,패션·잡화 중 '귀금속'을 판매·제공하는 매장,test,귀금속,T4 구어·문장,e287e27f-9101-41ec-b452-55f52ff8fa39,명보쥬얼리,보석류반지목걸이,화성남양시장,전통시장,경기도,,,
ef9c2d96a182d5cb0223,full_annotation_v1,A,q_귀금속_07,목걸이 반지 파는 곳,패션·잡화 중 '귀금속'을 판매·제공하는 매장,test,귀금속,T4 구어·문장,103070d7-4bc2-4efd-9d0f-748753a1934a,안경기업 전농점,안경테안경렌즈콘택트렌즈선글라스안경관련소모품,간데메공원골목형상점가,골목형상점가,서울특별시,,,
109222ccb7f1915c877d,full_annotation_v1,A,q_귀금속_07,목걸이 반지 파는 곳,패션·잡화 중 '귀금속'을 판매·제공하는 매장,test,귀금속,T4 구어·문장,0188cda6-6441-4058-82b0-0cb89e035583,친한친구,액세서리,㈜르네시떼,전통시장,부산광역시,,,
029ee74bd67a5d28cfba,full_annotation_v1,A,q_귀금속_07,목걸이 반지 파는 곳,패션·잡화 중 '귀금속'을 판매·제공하는 매장,test,귀금속,T4 구어·문장,4bbf37b7-93ed-484a-b4f7-3b04096e8f83,굿모닝보청기 광주수완세계로병원점,보청기 및 배터리 등,수영 골목형상점가,골목형상점가,광주광역시,,,
b3a49b167d0f7a5a07d6,full_annotation_v1,A,q_귀금속_07,목걸이 반지 파는 곳,패션·잡화 중 '귀금속'을 판매·제공하는 매장,test,귀금속,T4 구어·문장,7e79c0b4-09fd-4fbe-be7b-70c2df2a247f,도도세차장내방점,세차 배터리,늘해랑상인회 골목형상점가,골목형상점가,광주광역시,,,
6655106a6340b72c2404,full_annotation_v1,A,q_귀금속_07,목걸이 반지 파는 곳,패션·잡화 중 '귀금속'을 판매·제공하는 매장,test,귀금속,T4 구어·문장,10de78d1-e53e-4617-8bf1-5c53e8665faa,경일사,"보석, 시계",송탄시장(송북시장),전통시장,경기도,,,
820b88d6dd6c652ab0bb,full_annotation_v1,A,q_귀금속_07,목걸이 반지 파는 곳,패션·잡화 중 '귀금속'을 판매·제공하는 매장,test,귀금속,T4 구어·문장,18dd5715-f963-495d-b161-d7d28772a2ab,현대보석,"금, 은, 보석시계",전통중앙도매상가,전통시장,대전광역시,,,
753a17d768805c46b751,full_annotation_v1,A,q_귀금속_07,목걸이 반지 파는 곳,패션·잡화 중 '귀금속'을 판매·제공하는 매장,test,귀금속,T4 구어·문장,4f860117-3701-4de7-bb54-f753ce3044c8,벽걸이TV갈무리,벽걸이 및 시계 설치등,영천10단지 골목형상점가,골목형상점가,광주광역시,,,
e826ce1b5a1421c1fb4a,full_annotation_v1,A,q_귀금속_07,목걸이 반지 파는 곳,패션·잡화 중 '귀금속'을 판매·제공하는 매장,test,귀금속,T4 구어·문장,06261986-3eba-4244-b63f-397460d82f4a,이곳,미용,나주혁신도시 골목형상점가,골목형상점가,전라남도,,,
fa8a287b613eb73cffc5,full_annotation_v1,A,q_귀금속_07,목걸이 반지 파는 곳,패션·잡화 중 '귀금속'을 판매·제공하는 매장,test,귀금속,T4 구어·문장,6702c44f-743f-4a82-a486-762c643027a2,야채파는 총각,농산물,구리전통시장,전통시장,경기도,,,
775641beb71b345ed95f,full_annotation_v1,A,q_귀금속_07,목걸이 반지 파는 곳,패션·잡화 중 '귀금속'을 판매·제공하는 매장,test,귀금속,T4 구어·문장,3e83d8ee-19b6-4f78-bef8-4ccd8a6acda2,동광당,금은방,전주중앙상가시장,전통시장,전북특별자치도,,,
5e48726057fd017e4b29,full_annotation_v1,A,q_귀금속_07,목걸이 반지 파는 곳,패션·잡화 중 '귀금속'을 판매·제공하는 매장,test,귀금속,T4 구어·문장,3e5d11a5-df3d-43d0-aa3d-b61f2a219228,명진사,시계,청주육거리종합시장,전통시장,충청북도,,,
7d3ba67223a425140f0e,full_annotation_v1,A,q_귀금속_07,목걸이 반지 파는 곳,패션·잡화 중 '귀금속'을 판매·제공하는 매장,test,귀금속,T4 구어·문장,5723d922-e55c-46bc-a5b9-846ba2afdf5d,커피파는 집,,거제 성포 골목형상점가,골목형상점가,경상남도,,,
7235ef19d4b152c21f20,full_annotation_v1,A,q_귀금속_07,목걸이 반지 파는 곳,패션·잡화 중 '귀금속'을 판매·제공하는 매장,test,귀금속,T4 구어·문장,0c0f2fd4-dd64-4b86-a11c-ed97ef89b2d1,언니반지,귀금속,신원권율2 골목형상점가,골목형상점가,경기도,,,
cdb268062d736ac28a70,full_annotation_v1,A,q_귀금속_07,목걸이 반지 파는 곳,패션·잡화 중 '귀금속'을 판매·제공하는 매장,test,귀금속,T4 구어·문장,2c7c9c42-7c61-4fd8-9aaf-3f40541fe34e,금탑,시계,화정역상인회 골목형상점가,골목형상점가,광주광역시,,,
327d458610e25311f612,full_annotation_v1,A,q_귀금속_07,목걸이 반지 파는 곳,패션·잡화 중 '귀금속'을 판매·제공하는 매장,test,귀금속,T4 구어·문장,0724e735-862f-4d85-a766-94de4f9cc181,시온공방,시계,포항죽도시장,전통시장,경상북도,,,
0b9d2bdf0e24ddb1e60c,full_annotation_v1,A,q_귀금속_07,목걸이 반지 파는 곳,패션·잡화 중 '귀금속'을 판매·제공하는 매장,test,귀금속,T4 구어·문장,82cf0a05-1e7e-4d0e-b1f2-5de65c3f8282,울산금방,시계,호계공설시장,전통시장,울산광역시,,,
80e2440d4174b6ee3ae7,full_annotation_v1,A,q_귀금속_07,목걸이 반지 파는 곳,패션·잡화 중 '귀금속'을 판매·제공하는 매장,test,귀금속,T4 구어·문장,339ddeed-1813-43b3-b3aa-81770ecc60c7,정월리당,시계,오치2동 골목형상점가,골목형상점가,광주광역시,,,
8c70a63aa0832e941db4,full_annotation_v1,A,q_귀금속_07,목걸이 반지 파는 곳,패션·잡화 중 '귀금속'을 판매·제공하는 매장,test,귀금속,T4 구어·문장,085465ef-544c-4898-9421-c8b9babe2186,해와달,소매(준보석),천호로데오거리상점가,자율상권구역,서울특별시,,,
683d72e2a6cff8ac9310,full_annotation_v1,A,q_귀금속_07,목걸이 반지 파는 곳,패션·잡화 중 '귀금속'을 판매·제공하는 매장,test,귀금속,T4 구어·문장,be9f8c61-892c-48ed-a49d-b63bd032c025,소곳,의류,고투몰(강남터미널지하도상점가),일반지하상점가,서울특별시,,,
afac5d028e0c66c43968,full_annotation_v1,A,q_귀금속_07,목걸이 반지 파는 곳,패션·잡화 중 '귀금속'을 판매·제공하는 매장,test,귀금속,T4 구어·문장,00ee1cd3-ec15-467a-86d2-07e596d7d395,금옥당,"귀금속, 시계 소매",골드테마거리,전통시장,부산광역시,,,
8a9c0f3c67fcd89ecbdb,full_annotation_v1,A,q_귀금속_07,목걸이 반지 파는 곳,패션·잡화 중 '귀금속'을 판매·제공하는 매장,test,귀금속,T4 구어·문장,14e374fe-70bd-4af1-8697-693af770da73,세종배터리 할인매장,배터리판매,새호반 골목형상점가,골목형상점가,세종특별자치시,,,
2093171fef197719c1db,full_annotation_v1,A,q_귀금속_07,목걸이 반지 파는 곳,패션·잡화 중 '귀금속'을 판매·제공하는 매장,test,귀금속,T4 구어·문장,f8a09916-a3e3-4d99-8adc-d1c497d3f60b,the옷걸이,의류,의정부역지하상가,일반지하상점가,경기도,,,
49a9454f1f5ff9ee5d78,full_annotation_v1,A,q_귀금속_07,목걸이 반지 파는 곳,패션·잡화 중 '귀금속'을 판매·제공하는 매장,test,귀금속,T4 구어·문장,0308940f-189d-41bd-9a0c-cae20bfc8b65,실버투유,액세서리,남대문시장,전통시장,서울특별시,,,
2c8de64cbfbd0f6160e6,full_annotation_v1,A,q_귀금속_07,목걸이 반지 파는 곳,패션·잡화 중 '귀금속'을 판매·제공하는 매장,test,귀금속,T4 구어·문장,000d4d47-3a3f-4a73-9fce-cd3802a5ebb3,은여우두마리치킨,치킨,봉곡우전로 골목형상점가,골목형상점가,전북특별자치도,,,
4cfb34da899c946828b5,full_annotation_v1,A,q_귀금속_07,목걸이 반지 파는 곳,패션·잡화 중 '귀금속'을 판매·제공하는 매장,test,귀금속,T4 구어·문장,a4d2114b-8a40-4d8e-be56-e11755076618,세종당,시계,비단길현대시장,전통시장,서울특별시,,,
3def81e84f1e2edb493c,full_annotation_v1,A,q_귀금속_07,목걸이 반지 파는 곳,패션·잡화 중 '귀금속'을 판매·제공하는 매장,test,귀금속,T4 구어·문장,d4171827-052f-4d8a-863e-12a8205d7be1,춘양시계,시계,남광주시장,전통시장,광주광역시,,,
143afc04da83827a8a08,full_annotation_v1,A,q_귀금속_07,목걸이 반지 파는 곳,패션·잡화 중 '귀금속'을 판매·제공하는 매장,test,귀금속,T4 구어·문장,04953f2e-6237-48ad-bae3-331572b31a5d,미니스피어싱수지점,귀걸이.목걸이.팔찌,풍2동 골목형상점가,골목형상점가,경기도,,,
0b6331e36ded8f5d5149,full_annotation_v1,A,q_귀금속_07,목걸이 반지 파는 곳,패션·잡화 중 '귀금속'을 판매·제공하는 매장,test,귀금속,T4 구어·문장,4af6128c-51b1-4ea8-ae60-2b958126a172,원보석,소매(금은방),우림골목시장,전통시장,서울특별시,,,
a68507ddd5fca7e9a2c9,full_annotation_v1,A,q_귀금속_07,목걸이 반지 파는 곳,패션·잡화 중 '귀금속'을 판매·제공하는 매장,test,귀금속,T4 구어·문장,2743811c-5e71-4d2b-aa75-1b0147d44f2d,사우 꽃이 피는 곳,꽃,김포 풍년마을 골목형상점가,골목형상점가,경기도,,,
73a7a0380a4af10dd69b,full_annotation_v1,A,q_귀금속_07,목걸이 반지 파는 곳,패션·잡화 중 '귀금속'을 판매·제공하는 매장,test,귀금속,T4 구어·문장,049f8988-fdf6-4dac-acb6-ef8b0af859fa,삼성당,시계,해미읍성전통시장,전통시장,충청남도,,,
956fed52ca792cf2a75c,full_annotation_v1,A,q_귀금속_07,목걸이 반지 파는 곳,패션·잡화 중 '귀금속'을 판매·제공하는 매장,test,귀금속,T4 구어·문장,e5d47809-eb83-4fd4-bde2-0910f7c75b0d,피자스쿨왕지점,피자,왕지상가,자율상권구역,전라남도,,,
5de5f1b19c6221ff9b10,full_annotation_v1,A,q_귀금속_07,목걸이 반지 파는 곳,패션·잡화 중 '귀금속'을 판매·제공하는 매장,test,귀금속,T4 구어·문장,317445e1-154f-4db9-ba60-961401befda4,스타키보청기 성남수정센터,보청기 배터리,성남중앙시장(중앙공설시장),전통시장,경기도,,,
9a32bb55735e31817fd9,full_annotation_v1,A,q_귀금속_07,목걸이 반지 파는 곳,패션·잡화 중 '귀금속'을 판매·제공하는 매장,test,귀금속,T4 구어·문장,ad2284ff-8791-453b-b8a9-67654ff94220,폰파는 신사,휴대폰,남해 명품화전길 골목형상점가,골목형상점가,경상남도,,,
e4ffc7bf5bdf0c4a5ab8,full_annotation_v1,A,q_귀금속_07,목걸이 반지 파는 곳,패션·잡화 중 '귀금속'을 판매·제공하는 매장,test,귀금속,T4 구어·문장,f16853cb-fcf8-4e50-bda5-c64a0691acc4,현대사,시계,서면지하도상가 서면몰(대현프리몰),일반지하상점가,부산광역시,,,
82fe39b3cc80bf5232c1,full_annotation_v1,A,q_귀금속_07,목걸이 반지 파는 곳,패션·잡화 중 '귀금속'을 판매·제공하는 매장,test,귀금속,T4 구어·문장,ae483b39-3c64-445b-88dc-3595cef52ac3,이천당,시계,충금지하도상가,일반지하상점가,광주광역시,,,
297e0b93dff1a0b86c09,full_annotation_v1,A,q_귀금속_07,목걸이 반지 파는 곳,패션·잡화 중 '귀금속'을 판매·제공하는 매장,test,귀금속,T4 구어·문장,74509433-00ef-4455-abdf-5aa975adaa09,대전 농민자동차 출장 배터리,배터리 전지,석교동 이웃마루 골목형상점가,골목형상점가,대전광역시,,,
e6365b31fcd50e950ad6,full_annotation_v1,A,q_귀금속_07,목걸이 반지 파는 곳,패션·잡화 중 '귀금속'을 판매·제공하는 매장,test,귀금속,T4 구어·문장,67b67649-68b3-4b5c-ab50-01f8b1b3fbfb,명원,,경암동 서래장터 골목형상점가,골목형상점가,전북특별자치도,,,
7acfaaaab9001b7126ef,full_annotation_v1,A,q_귀금속_07,목걸이 반지 파는 곳,패션·잡화 중 '귀금속'을 판매·제공하는 매장,test,귀금속,T4 구어·문장,542c2042-454a-4b80-bd2a-b32e53ae8572,금옥장,시계,창신골목시장,자율상권구역,서울특별시,,,
063aa4f9be13b4f4859a,full_annotation_v1,A,q_귀금속_07,목걸이 반지 파는 곳,패션·잡화 중 '귀금속'을 판매·제공하는 매장,test,귀금속,T4 구어·문장,49a3fe9c-bbf7-42a9-a741-99166f39ce92,진보당,금은방,진해중앙시장,전통시장,경상남도,,,
a8b12db2a4ee178fc166,full_annotation_v1,A,q_귀금속_07,목걸이 반지 파는 곳,패션·잡화 중 '귀금속'을 판매·제공하는 매장,test,귀금속,T4 구어·문장,ddcda5a5-02f9-4c93-978f-789538017b7f,준규상회,야채 건어물,부평종합시장,전통시장,인천광역시,,,
e248b7b9ee858911a589,full_annotation_v1,A,q_귀금속_07,목걸이 반지 파는 곳,패션·잡화 중 '귀금속'을 판매·제공하는 매장,test,귀금속,T4 구어·문장,5b5afea1-8c19-4072-9b04-ee36c0ce04de,금보원,시계,동운고가도로 골목형상점가,골목형상점가,광주광역시,,,
931cb02d67cfba2f131e,full_annotation_v1,A,q_귀금속_07,목걸이 반지 파는 곳,패션·잡화 중 '귀금속'을 판매·제공하는 매장,test,귀금속,T4 구어·문장,dc5c0ce0-f6c9-4e30-b7ac-b536f2771a50,옷걸이,여성복,망미중앙시장,전통시장,부산광역시,,,
afa3d65f93a909c95e13,full_annotation_v1,A,q_귀금속_07,목걸이 반지 파는 곳,패션·잡화 중 '귀금속'을 판매·제공하는 매장,test,귀금속,T4 구어·문장,59fcc4dc-7e09-4ba9-a007-1fac9c30c351,정금당,시계,도마큰시장,전통시장,대전광역시,,,
3bcd9caedbe037468392,full_annotation_v1,A,q_귀금속_07,목걸이 반지 파는 곳,패션·잡화 중 '귀금속'을 판매·제공하는 매장,test,귀금속,T4 구어·문장,39bfd737-720f-4720-9d38-1d968c2cd152,드림시계,시계,대구교동시장,전통시장,대구광역시,,,
d0d5dd9b7f53f71a80f0,full_annotation_v1,A,q_귀금속_07,목걸이 반지 파는 곳,패션·잡화 중 '귀금속'을 판매·제공하는 매장,test,귀금속,T4 구어·문장,0ebce67a-9623-415d-b313-f7771a4f1558,정원당,시계,계림오거리 골목형상점가,골목형상점가,광주광역시,,,
5a74f77d7353c788b062,full_annotation_v1,A,q_귀금속_07,목걸이 반지 파는 곳,패션·잡화 중 '귀금속'을 판매·제공하는 매장,test,귀금속,T4 구어·문장,5a5dcb3a-574b-46c8-acb3-d6af40613dda,전동앤배터리,자전거,서울약령시장,전통시장,서울특별시,,,
8e1a07d18f12b4a5b212,full_annotation_v1,A,q_귀금속_07,목걸이 반지 파는 곳,패션·잡화 중 '귀금속'을 판매·제공하는 매장,test,귀금속,T4 구어·문장,98b0cc86-88a8-406c-9dd4-413f817183ba,보금당,시계,장한평역먹자골목형상점가,골목형상점가,서울특별시,,,
bd7d811b809d258aa01d,full_annotation_v1,A,q_귀금속_07,목걸이 반지 파는 곳,패션·잡화 중 '귀금속'을 판매·제공하는 매장,test,귀금속,T4 구어·문장,38734df9-1aea-49b2-9050-25ba327f052d,호박당,금은방(귀금속),전주모래내시장,전통시장,전북특별자치도,,,
a581b30837d9949de8a7,full_annotation_v1,A,q_귀금속_07,목걸이 반지 파는 곳,패션·잡화 중 '귀금속'을 판매·제공하는 매장,test,귀금속,T4 구어·문장,1d5631fa-ec06-4f91-be13-602ed27d1b7b,반지제작소,공예,BOCA 보카상점가,골목형상점가,경기도,,,
58b889dd873277b886ca,full_annotation_v1,A,q_귀금속_07,목걸이 반지 파는 곳,패션·잡화 중 '귀금속'을 판매·제공하는 매장,test,귀금속,T4 구어·문장,905fdfef-83ca-4ed1-be97-3b0170dabcdb,젬하우스,악세사리 반지공방,신사세로수길골목형상점가,골목형상점가,서울특별시,,,
586061f44e419eb31246,full_annotation_v1,A,q_귀금속_07,목걸이 반지 파는 곳,패션·잡화 중 '귀금속'을 판매·제공하는 매장,test,귀금속,T4 구어·문장,ac373383-b8ae-4d55-96fc-93362464806b,자유장식,행거옷걸이,부산자유시장,전통시장,부산광역시,,,
4d1bb8652926ad730aaa,full_annotation_v1,A,q_귀금속_07,목걸이 반지 파는 곳,패션·잡화 중 '귀금속'을 판매·제공하는 매장,test,귀금속,T4 구어·문장,0635a9e8-fd64-4c4e-8c9f-d77bf89f33dd,월드상사,자동차 배터리,산업용재유통센터 상인회 골목형상점가,골목형상점가,광주광역시,,,
f827d8c082066f957066,full_annotation_v1,A,q_귀금속_07,목걸이 반지 파는 곳,패션·잡화 중 '귀금속'을 판매·제공하는 매장,test,귀금속,T4 구어·문장,5100d89f-832d-4db5-b272-55faf3225696,금오당,시계,온양온천역 골목형 상점가,골목형상점가,충청남도,,,
2558f6bc418cac45daa5,full_annotation_v1,A,q_귀금속_07,목걸이 반지 파는 곳,패션·잡화 중 '귀금속'을 판매·제공하는 매장,test,귀금속,T4 구어·문장,607770d9-d4fb-4782-bc96-3bbcbbc116b4,행복한 정육점,정육점,병점중심상가,자율상권구역,경기도,,,
790194b6f19a813a50d0,full_annotation_v1,A,q_귀금속_07,목걸이 반지 파는 곳,패션·잡화 중 '귀금속'을 판매·제공하는 매장,test,귀금속,T4 구어·문장,0056f9b4-b953-40f2-b820-71d6e7b46c58,주얼리루비,귀금속,하남 골목형상점가,골목형상점가,광주광역시,,,
c6dd3ecb77af93eb4021,full_annotation_v1,A,q_귀금속_07,목걸이 반지 파는 곳,패션·잡화 중 '귀금속'을 판매·제공하는 매장,test,귀금속,T4 구어·문장,de03ffde-46fd-4f1c-8058-1474060b1dfc,구움공간,제과 전자상거래,봉곡우전로 골목형상점가,골목형상점가,전북특별자치도,,,
8e4b1bef273f3ff5469f,full_annotation_v1,A,q_귀금속_07,목걸이 반지 파는 곳,패션·잡화 중 '귀금속'을 판매·제공하는 매장,test,귀금속,T4 구어·문장,bc55186b-8332-43cc-9b23-76a517a8acda,명금당,시계,다시남목 골목형상점가,골목형상점가,울산광역시,,,
98eef5f6cd7268d72e9b,full_annotation_v1,A,q_귀금속_07,목걸이 반지 파는 곳,패션·잡화 중 '귀금속'을 판매·제공하는 매장,test,귀금속,T4 구어·문장,c8642d9d-f65f-46eb-8233-0b6dcdb40b80,서울시계주식회사,시계,은마종합상점가,자율상권구역,서울특별시,,,
b8f8ff5cf1f440ff2f00,full_annotation_v1,A,q_귀금속_07,목걸이 반지 파는 곳,패션·잡화 중 '귀금속'을 판매·제공하는 매장,test,귀금속,T4 구어·문장,4304ee55-bc0b-4f66-933a-fd3e086a5c11,꽃반지,귀금속,㈜르네시떼,전통시장,부산광역시,,,
84e8c23ca22cc31d0995,full_annotation_v1,A,q_귀금속_07,목걸이 반지 파는 곳,패션·잡화 중 '귀금속'을 판매·제공하는 매장,test,귀금속,T4 구어·문장,0cf82b2a-71a4-4657-b871-9a52288c43c1,반지만들기공방반지놀이터울산점,반지만들기,성남먹자골목,골목형상점가,울산광역시,,,
a8aa800f05b106aff9eb,full_annotation_v1,A,q_귀금속_07,목걸이 반지 파는 곳,패션·잡화 중 '귀금속'을 판매·제공하는 매장,test,귀금속,T4 구어·문장,b9f614f1-79f5-406a-9978-6cc0f0f394f1,광주 밧데리 할인점,자동차 배터리,수완이지더원 골목형상점가,골목형상점가,광주광역시,,,
ead9922adbae9a948bb6,full_annotation_v1,A,q_귀금속_07,목걸이 반지 파는 곳,패션·잡화 중 '귀금속'을 판매·제공하는 매장,test,귀금속,T4 구어·문장,8c100586-762e-45c7-a654-721c5f1bd279,광주밧데리총판,자동차 배터리,학소로 골목형상점가,골목형상점가,광주광역시,,,
4c41231e60d325b43cb4,full_annotation_v1,A,q_귀금속_07,목걸이 반지 파는 곳,패션·잡화 중 '귀금속'을 판매·제공하는 매장,test,귀금속,T4 구어·문장,0038905e-d969-4b31-b09f-c35bdc0b9b8b,영보석,귀금속,촬영소사거리골목형상점가,골목형상점가,서울특별시,,,
453ea3b9138e424d7e0f,full_annotation_v1,A,q_귀금속_07,목걸이 반지 파는 곳,패션·잡화 중 '귀금속'을 판매·제공하는 매장,test,귀금속,T4 구어·문장,dd0ba528-ca42-4aa0-bd31-8ea8cdb3ef6f,느낌좋은걸,시계,하당꽃길1가 골목형상점가,골목형상점가,전라남도,,,
0251162b84aef9a7da22,full_annotation_v1,A,q_귀금속_07,목걸이 반지 파는 곳,패션·잡화 중 '귀금속'을 판매·제공하는 매장,test,귀금속,T4 구어·문장,a54a3ab8-d1b5-4844-80b7-ac70fad66dc0,에테르주얼리,반지 및 악세서리,대봉애 골목형상점가,골목형상점가,대구광역시,,,
63f92a47e5e63b8371f6,full_annotation_v1,A,q_귀금속_07,목걸이 반지 파는 곳,패션·잡화 중 '귀금속'을 판매·제공하는 매장,test,귀금속,T4 구어·문장,db501aba-a212-40a0-b824-1fa363a3e7af,국제금다이아거래소,귀걸이 목걸이 등 쥬얼리,별양동상점가,자율상권구역,경기도,,,
b9a11250d7852d9bde67,full_annotation_v1,A,q_귀금속_07,목걸이 반지 파는 곳,패션·잡화 중 '귀금속'을 판매·제공하는 매장,test,귀금속,T4 구어·문장,076133ae-9b49-4a02-962d-a3265a9a2c5d,베리배터리,양식,경대북문 골목형상점가,골목형상점가,대구광역시,,,
24c76afbd3b3adf691d7,full_annotation_v1,A,q_귀금속_07,목걸이 반지 파는 곳,패션·잡화 중 '귀금속'을 판매·제공하는 매장,test,귀금속,T4 구어·문장,31528fae-22a3-4d68-9184-f17f2d74d41a,달인밧데리 신안점,배터리,자동차의거리,자율상권구역,광주광역시,,,
028c8e3193ad7d7ac2b7,full_annotation_v1,A,q_귀금속_07,목걸이 반지 파는 곳,패션·잡화 중 '귀금속'을 판매·제공하는 매장,test,귀금속,T4 구어·문장,655da4e5-d21f-4e09-baf4-0a60ea98d888,다솜문구,"소매업(문구,완구)",금호행복시장(금호시장),전통시장,경기도,,,
bec80485c9b5fdf82d9e,full_annotation_v1,A,q_귀금속_07,목걸이 반지 파는 곳,패션·잡화 중 '귀금속'을 판매·제공하는 매장,test,귀금속,T4 구어·문장,add3d265-6ffe-4444-bb5e-82c80918e812,보옥당,시계,행복골목형상점가,골목형상점가,부산광역시,,,
28748e32f4e88a2c2be6,full_annotation_v1,A,q_귀금속_07,목걸이 반지 파는 곳,패션·잡화 중 '귀금속'을 판매·제공하는 매장,test,귀금속,T4 구어·문장,842f6cf1-6411-4f4b-be23-746d79e31656,섬곳,한식,플레이사계 지오단길 골목형상점가,골목형상점가,제주특별자치도,,,
09f9c82dba2160f83301,full_annotation_v1,A,q_귀금속_07,목걸이 반지 파는 곳,패션·잡화 중 '귀금속'을 판매·제공하는 매장,test,귀금속,T4 구어·문장,55b91852-932c-4c5a-9b6d-9a9eca54983f,중앙AMF볼링센터,볼링장,제천중앙시장,전통시장,충청북도,,,
0f04871462c1c4db2a43,full_annotation_v1,A,q_귀금속_07,목걸이 반지 파는 곳,패션·잡화 중 '귀금속'을 판매·제공하는 매장,test,귀금속,T4 구어·문장,4d94b5a5-cab3-4fde-8e3a-f9f587c0cdc3,옷걸이,의류,보세거리 상점가,자율상권구역,울산광역시,,,
feff4d807d93a38face8,full_annotation_v1,A,q_귀금속_07,목걸이 반지 파는 곳,패션·잡화 중 '귀금속'을 판매·제공하는 매장,test,귀금속,T4 구어·문장,ac5cc32e-296e-4c13-ae5e-872d9a0f48bb,황옥당,시계,말바우시장,전통시장,광주광역시,,,
dc6891efaef955abf887,full_annotation_v1,A,q_귀금속_07,목걸이 반지 파는 곳,패션·잡화 중 '귀금속'을 판매·제공하는 매장,test,귀금속,T4 구어·문장,9c5fe269-8a4c-4dfc-8c1d-ff4a6da73531,황금당,시계,성남먹자골목,골목형상점가,울산광역시,,,
f63530a423f862c933c5,full_annotation_v1,A,q_귀금속_07,목걸이 반지 파는 곳,패션·잡화 중 '귀금속'을 판매·제공하는 매장,test,귀금속,T4 구어·문장,738cb144-db64-49e1-9fc4-d42d0eaf1f52,백금당,시계,경주중심상가,전통시장,경상북도,,,
809726201f5b09f16af6,full_annotation_v1,A,q_귀금속_07,목걸이 반지 파는 곳,패션·잡화 중 '귀금속'을 판매·제공하는 매장,test,귀금속,T4 구어·문장,6d0e7d9a-5803-4404-8a10-966e7b152d2b,광주 배터리,자동차 배터리,마륵동상인회 골목형상점가,골목형상점가,광주광역시,,,
d4b3aa96365b801efa8b,full_annotation_v1,A,q_귀금속_07,목걸이 반지 파는 곳,패션·잡화 중 '귀금속'을 판매·제공하는 매장,test,귀금속,T4 구어·문장,03425599-9eed-4d3b-8682-d3c2e620325e,초량전통시장 노점매대 54번,액세서리,초량전통시장,전통시장,부산광역시,,,
0778982e892f2b16424e,full_annotation_v1,A,q_귀금속_07,목걸이 반지 파는 곳,패션·잡화 중 '귀금속'을 판매·제공하는 매장,test,귀금속,T4 구어·문장,76a3551b-dae4-4326-92cc-662015aedbfb,쉴 곳,한식,칠성로상점가,자율상권구역,제주특별자치도,,,
99db5a2d4223ebdcca73,full_annotation_v1,A,q_귀금속_07,목걸이 반지 파는 곳,패션·잡화 중 '귀금속'을 판매·제공하는 매장,test,귀금속,T4 구어·문장,cf180480-df0a-4e26-b978-d247cd81be6b,커플링마을광주점,은반지 은팔찌,"금남로4,5가 골목형상점가",골목형상점가,광주광역시,,,
9526cb08f21acb0dec0f,full_annotation_v1,A,q_귀금속_07,목걸이 반지 파는 곳,패션·잡화 중 '귀금속'을 판매·제공하는 매장,test,귀금속,T4 구어·문장,0043881b-db89-4699-8cc4-29ff178f91ee,국제보석,귀금속,대구패션주얼리특구,자율상권구역,대구광역시,,,
df0a1cc4168e1a72bca8,full_annotation_v1,A,q_귀금속_08,시계 배터리 가는 곳,패션·잡화 중 '귀금속'을 판매·제공하는 매장,test,귀금속,T4 구어·문장,9c5fe269-8a4c-4dfc-8c1d-ff4a6da73531,황금당,시계,성남먹자골목,골목형상점가,울산광역시,,,
e8ddd16dcef7f8f5f85a,full_annotation_v1,A,q_귀금속_08,시계 배터리 가는 곳,패션·잡화 중 '귀금속'을 판매·제공하는 매장,test,귀금속,T4 구어·문장,3e5d11a5-df3d-43d0-aa3d-b61f2a219228,명진사,시계,청주육거리종합시장,전통시장,충청북도,,,
43d445854b76bd21be03,full_annotation_v1,A,q_귀금속_08,시계 배터리 가는 곳,패션·잡화 중 '귀금속'을 판매·제공하는 매장,test,귀금속,T4 구어·문장,7e79c0b4-09fd-4fbe-be7b-70c2df2a247f,도도세차장내방점,세차 배터리,늘해랑상인회 골목형상점가,골목형상점가,광주광역시,,,
b6e46a392ba0e204cf79,full_annotation_v1,A,q_귀금속_08,시계 배터리 가는 곳,패션·잡화 중 '귀금속'을 판매·제공하는 매장,test,귀금속,T4 구어·문장,5657e286-0340-4b81-a82d-433ac10ebd3f,153쥬얼,주얼리 패션잡화,포항죽도농산물시장,전통시장,경상북도,,,
5406e3882e4b99f4c5a0,full_annotation_v1,A,q_귀금속_08,시계 배터리 가는 곳,패션·잡화 중 '귀금속'을 판매·제공하는 매장,test,귀금속,T4 구어·문장,f41de799-620d-4701-af86-b02d09d2469a,인비저블꼴라주,주얼리,북촌계동길골목형상점가,골목형상점가,서울특별시,,,
c022a332a2c5d42daaf9,full_annotation_v1,A,q_귀금속_08,시계 배터리 가는 곳,패션·잡화 중 '귀금속'을 판매·제공하는 매장,test,귀금속,T4 구어·문장,ac5cc32e-296e-4c13-ae5e-872d9a0f48bb,황옥당,시계,말바우시장,전통시장,광주광역시,,,
0b93080391e8542596b7,full_annotation_v1,A,q_귀금속_08,시계 배터리 가는 곳,패션·잡화 중 '귀금속'을 판매·제공하는 매장,test,귀금속,T4 구어·문장,19d2cb9a-653f-4aef-bfc3-b1af185e411c,정확당,시계,고도리 장터거리 상점가,골목형상점가,전라남도,,,
78c2e5a0faf8a5303129,full_annotation_v1,A,q_귀금속_08,시계 배터리 가는 곳,패션·잡화 중 '귀금속'을 판매·제공하는 매장,test,귀금속,T4 구어·문장,6d0e7d9a-5803-4404-8a10-966e7b152d2b,광주 배터리,자동차 배터리,마륵동상인회 골목형상점가,골목형상점가,광주광역시,,,
5f249fabea5890643e9e,full_annotation_v1,A,q_귀금속_08,시계 배터리 가는 곳,패션·잡화 중 '귀금속'을 판매·제공하는 매장,test,귀금속,T4 구어·문장,8ac4d22a-9800-4667-8f0b-ae5460ee3faf,케이원 밧데리,배터리,오치1동 골목형상점가,골목형상점가,광주광역시,,,
eeda9b68401cee009a78,full_annotation_v1,A,q_귀금속_08,시계 배터리 가는 곳,패션·잡화 중 '귀금속'을 판매·제공하는 매장,test,귀금속,T4 구어·문장,c111ac9d-3f3a-405c-a8db-4d127ccda9e2,행복이 있는 곳,잡화,제주로얄쇼핑센터,자율상권구역,제주특별자치도,,,
d3c5d58fc8b93231b43c,full_annotation_v1,A,q_귀금속_08,시계 배터리 가는 곳,패션·잡화 중 '귀금속'을 판매·제공하는 매장,test,귀금속,T4 구어·문장,e81105a7-36d3-440e-9b78-f92c82fcf615,비에르 주얼리,귀금속,고운마음 골목형상점가,골목형상점가,세종특별자치시,,,
c0ee2b8500728aa15507,full_annotation_v1,A,q_귀금속_08,시계 배터리 가는 곳,패션·잡화 중 '귀금속'을 판매·제공하는 매장,test,귀금속,T4 구어·문장,0302b9a8-ea93-4418-92d9-25ad62798402,더젠틀,섬유,이도패션거리 골목형상점가,골목형상점가,제주특별자치도,,,
23521d569746d89c7251,full_annotation_v1,A,q_귀금속_08,시계 배터리 가는 곳,패션·잡화 중 '귀금속'을 판매·제공하는 매장,test,귀금속,T4 구어·문장,a4d2114b-8a40-4d8e-be56-e11755076618,세종당,시계,비단길현대시장,전통시장,서울특별시,,,
d24183718055cb568bb8,full_annotation_v1,A,q_귀금속_08,시계 배터리 가는 곳,패션·잡화 중 '귀금속'을 판매·제공하는 매장,test,귀금속,T4 구어·문장,5dceba02-08e9-45ea-bfbe-c443d7fd81f0,서북사,시계 금,지석사거리 골목형상점가,골목형상점가,광주광역시,,,
b98f4d6bb434bca5c4e3,full_annotation_v1,A,q_귀금속_08,시계 배터리 가는 곳,패션·잡화 중 '귀금속'을 판매·제공하는 매장,test,귀금속,T4 구어·문장,24456103-f6b8-46af-8655-82e61d7265d8,커피가 머무르는 곳,커피,반드레길골목형상점가,골목형상점가,서울특별시,,,
80a5bc6d662f7ef7db77,full_annotation_v1,A,q_귀금속_08,시계 배터리 가는 곳,패션·잡화 중 '귀금속'을 판매·제공하는 매장,test,귀금속,T4 구어·문장,b7b7c0e6-e2bd-43c3-89cf-74b86aadf8c7,명성사광성재료,시계,수기동천변 골목형상점가,골목형상점가,광주광역시,,,
565d55f3e296a8868f1f,full_annotation_v1,A,q_귀금속_08,시계 배터리 가는 곳,패션·잡화 중 '귀금속'을 판매·제공하는 매장,test,귀금속,T4 구어·문장,282b0e8b-051c-49f9-a707-b982df803589,까라벨라 데 오르,스파게티,동명동 카페거리 골목형상점가,골목형상점가,광주광역시,,,
dac55ad893e62921d643,full_annotation_v1,A,q_귀금속_08,시계 배터리 가는 곳,패션·잡화 중 '귀금속'을 판매·제공하는 매장,test,귀금속,T4 구어·문장,01f2baea-5004-4e8d-a9a5-66c50aaf49e6,머쓱케이스,휴대폰 액세서리,동성로상점가,자율상권구역,대구광역시,,,
f485547506a5bb7848ea,full_annotation_v1,A,q_귀금속_08,시계 배터리 가는 곳,패션·잡화 중 '귀금속'을 판매·제공하는 매장,test,귀금속,T4 구어·문장,004eaf2b-83b1-4387-9843-85074f3b3f6f,색동보석,보석,충주자유시장,전통시장,충청북도,,,
c036fd0db06c3240d3dd,full_annotation_v1,A,q_귀금속_08,시계 배터리 가는 곳,패션·잡화 중 '귀금속'을 판매·제공하는 매장,test,귀금속,T4 구어·문장,4af6128c-51b1-4ea8-ae60-2b958126a172,원보석,소매(금은방),우림골목시장,전통시장,서울특별시,,,
83fb07c357bff21290d9,full_annotation_v1,A,q_귀금속_08,시계 배터리 가는 곳,패션·잡화 중 '귀금속'을 판매·제공하는 매장,test,귀금속,T4 구어·문장,d5e7e608-a033-43e9-ae87-ff6a3d2d4c34,명금당,시계,관문상가시장,전통시장,대구광역시,,,
d022169310d74e9a5564,full_annotation_v1,A,q_귀금속_08,시계 배터리 가는 곳,패션·잡화 중 '귀금속'을 판매·제공하는 매장,test,귀금속,T4 구어·문장,5b5afea1-8c19-4072-9b04-ee36c0ce04de,금보원,시계,동운고가도로 골목형상점가,골목형상점가,광주광역시,,,
fe317a2dbefca6d77e31,full_annotation_v1,A,q_귀금속_08,시계 배터리 가는 곳,패션·잡화 중 '귀금속'을 판매·제공하는 매장,test,귀금속,T4 구어·문장,bc55186b-8332-43cc-9b23-76a517a8acda,명금당,시계,다시남목 골목형상점가,골목형상점가,울산광역시,,,
c70d4a4726ad708de772,full_annotation_v1,A,q_귀금속_08,시계 배터리 가는 곳,패션·잡화 중 '귀금속'을 판매·제공하는 매장,test,귀금속,T4 구어·문장,aecfd023-8d79-4268-bf6a-8efe135a09ba,제이스주얼리,주얼리,천안신부문화거리상점가,자율상권구역,충청남도,,,
0d75f3b1b229491bee15,full_annotation_v1,A,q_귀금속_08,시계 배터리 가는 곳,패션·잡화 중 '귀금속'을 판매·제공하는 매장,test,귀금속,T4 구어·문장,a54a3ab8-d1b5-4844-80b7-ac70fad66dc0,에테르주얼리,반지 및 악세서리,대봉애 골목형상점가,골목형상점가,대구광역시,,,
42d709e28371ebdd787c,full_annotation_v1,A,q_귀금속_08,시계 배터리 가는 곳,패션·잡화 중 '귀금속'을 판매·제공하는 매장,test,귀금속,T4 구어·문장,98b0cc86-88a8-406c-9dd4-413f817183ba,보금당,시계,장한평역먹자골목형상점가,골목형상점가,서울특별시,,,
2335013353bf8cf1b690,full_annotation_v1,A,q_귀금속_08,시계 배터리 가는 곳,패션·잡화 중 '귀금속'을 판매·제공하는 매장,test,귀금속,T4 구어·문장,18dd5715-f963-495d-b161-d7d28772a2ab,현대보석,"금, 은, 보석시계",전통중앙도매상가,전통시장,대전광역시,,,
3d8bd404c8257c221132,full_annotation_v1,A,q_귀금속_08,시계 배터리 가는 곳,패션·잡화 중 '귀금속'을 판매·제공하는 매장,test,귀금속,T4 구어·문장,f16853cb-fcf8-4e50-bda5-c64a0691acc4,현대사,시계,서면지하도상가 서면몰(대현프리몰),일반지하상점가,부산광역시,,,
9d68f5fa27a7b9f49f99,full_annotation_v1,A,q_귀금속_08,시계 배터리 가는 곳,패션·잡화 중 '귀금속'을 판매·제공하는 매장,test,귀금속,T4 구어·문장,c8642d9d-f65f-46eb-8233-0b6dcdb40b80,서울시계주식회사,시계,은마종합상점가,자율상권구역,서울특별시,,,
fe008f92f055be5fc076,full_annotation_v1,A,q_귀금속_08,시계 배터리 가는 곳,패션·잡화 중 '귀금속'을 판매·제공하는 매장,test,귀금속,T4 구어·문장,53de7214-cdf0-4e52-8884-96a2b324ae69,블링걸,장식귀걸이목걸이반지머리핀,신안프라자전통시장,전통시장,경기도,,,
f7a6fbc2a606d5a5d0d6,full_annotation_v1,A,q_귀금속_08,시계 배터리 가는 곳,패션·잡화 중 '귀금속'을 판매·제공하는 매장,test,귀금속,T4 구어·문장,add3d265-6ffe-4444-bb5e-82c80918e812,보옥당,시계,행복골목형상점가,골목형상점가,부산광역시,,,
c2b99e1568da03ccc34c,full_annotation_v1,A,q_귀금속_08,시계 배터리 가는 곳,패션·잡화 중 '귀금속'을 판매·제공하는 매장,test,귀금속,T4 구어·문장,049f8988-fdf6-4dac-acb6-ef8b0af859fa,삼성당,시계,해미읍성전통시장,전통시장,충청남도,,,
186e104611000c03f151,full_annotation_v1,A,q_귀금속_08,시계 배터리 가는 곳,패션·잡화 중 '귀금속'을 판매·제공하는 매장,test,귀금속,T4 구어·문장,31528fae-22a3-4d68-9184-f17f2d74d41a,달인밧데리 신안점,배터리,자동차의거리,자율상권구역,광주광역시,,,
0e51986fb7288c80159d,full_annotation_v1,A,q_귀금속_08,시계 배터리 가는 곳,패션·잡화 중 '귀금속'을 판매·제공하는 매장,test,귀금속,T4 구어·문장,2c7c9c42-7c61-4fd8-9aaf-3f40541fe34e,금탑,시계,화정역상인회 골목형상점가,골목형상점가,광주광역시,,,
c9d4edca4bda7688b0f8,full_annotation_v1,A,q_귀금속_08,시계 배터리 가는 곳,패션·잡화 중 '귀금속'을 판매·제공하는 매장,test,귀금속,T4 구어·문장,99853446-9549-40a8-a9a9-6c1585eb069a,주얼리 비원,주얼리,풍암새누리상인회 골목형상점가,골목형상점가,광주광역시,,,
bca37cb6c8e427123a4a,full_annotation_v1,A,q_귀금속_08,시계 배터리 가는 곳,패션·잡화 중 '귀금속'을 판매·제공하는 매장,test,귀금속,T4 구어·문장,0ebce67a-9623-415d-b313-f7771a4f1558,정원당,시계,계림오거리 골목형상점가,골목형상점가,광주광역시,,,
68b161b2bf39967f0e65,full_annotation_v1,A,q_귀금속_08,시계 배터리 가는 곳,패션·잡화 중 '귀금속'을 판매·제공하는 매장,test,귀금속,T4 구어·문장,b9f614f1-79f5-406a-9978-6cc0f0f394f1,광주 밧데리 할인점,자동차 배터리,수완이지더원 골목형상점가,골목형상점가,광주광역시,,,
34953d3ea7adf463d46d,full_annotation_v1,A,q_귀금속_08,시계 배터리 가는 곳,패션·잡화 중 '귀금속'을 판매·제공하는 매장,test,귀금속,T4 구어·문장,4243d89c-b92b-44f4-b1b7-b5166be0deff,프리그 주얼리,,파워존 골목형상점가,골목형상점가,대전광역시,,,
6284741c07709b9f87fc,full_annotation_v1,A,q_귀금속_08,시계 배터리 가는 곳,패션·잡화 중 '귀금속'을 판매·제공하는 매장,test,귀금속,T4 구어·문장,91d77d49-0158-4313-9dd8-276944259054,아망뜨,"주얼리, 귀금속",서산중앙상가,자율상권구역,충청남도,,,
03c18e29ca4b4e15c8a8,full_annotation_v1,A,q_귀금속_08,시계 배터리 가는 곳,패션·잡화 중 '귀금속'을 판매·제공하는 매장,test,귀금속,T4 구어·문장,03425599-9eed-4d3b-8682-d3c2e620325e,초량전통시장 노점매대 54번,액세서리,초량전통시장,전통시장,부산광역시,,,
21c2ef40a5b9b543ae8b,full_annotation_v1,A,q_귀금속_08,시계 배터리 가는 곳,패션·잡화 중 '귀금속'을 판매·제공하는 매장,test,귀금속,T4 구어·문장,076133ae-9b49-4a02-962d-a3265a9a2c5d,베리배터리,양식,경대북문 골목형상점가,골목형상점가,대구광역시,,,
78328f01ce1e2c5a4677,full_annotation_v1,A,q_귀금속_08,시계 배터리 가는 곳,패션·잡화 중 '귀금속'을 판매·제공하는 매장,test,귀금속,T4 구어·문장,870e7266-cb09-4946-994c-3124b93d14b8,숙이네,도소매(의류),동평화시장(동평화패션타운),전통시장,서울특별시,,,
cc7484295f512aa7b9f5,full_annotation_v1,A,q_귀금속_08,시계 배터리 가는 곳,패션·잡화 중 '귀금속'을 판매·제공하는 매장,test,귀금속,T4 구어·문장,f3b93dbe-8392-4adc-bab2-5c1ab589365f,캐럿,주얼리,당진원시가지상가,자율상권구역,충청남도,,,
1881df1954f20f501a6a,full_annotation_v1,A,q_귀금속_08,시계 배터리 가는 곳,패션·잡화 중 '귀금속'을 판매·제공하는 매장,test,귀금속,T4 구어·문장,49a3fe9c-bbf7-42a9-a741-99166f39ce92,진보당,금은방,진해중앙시장,전통시장,경상남도,,,
c19cbeff83d61511042b,full_annotation_v1,A,q_귀금속_08,시계 배터리 가는 곳,패션·잡화 중 '귀금속'을 판매·제공하는 매장,test,귀금속,T4 구어·문장,aba76fc2-984e-4030-ba01-e2e7d78264c7,데 아로즈 대전둔산본점,,갈리단길 골목형상점가,골목형상점가,대전광역시,,,
3bba5551207886b3e739,full_annotation_v1,A,q_귀금속_08,시계 배터리 가는 곳,패션·잡화 중 '귀금속'을 판매·제공하는 매장,test,귀금속,T4 구어·문장,2f0d5367-ef10-42db-98ec-880fd3df212a,동서청과,농축수산품,부여시장,전통시장,충청남도,,,
e361e81720eedca809c1,full_annotation_v1,A,q_귀금속_08,시계 배터리 가는 곳,패션·잡화 중 '귀금속'을 판매·제공하는 매장,test,귀금속,T4 구어·문장,0cf82b2a-71a4-4657-b871-9a52288c43c1,반지만들기공방반지놀이터울산점,반지만들기,성남먹자골목,골목형상점가,울산광역시,,,
ff3c592861782346272a,full_annotation_v1,A,q_귀금속_08,시계 배터리 가는 곳,패션·잡화 중 '귀금속'을 판매·제공하는 매장,test,귀금속,T4 구어·문장,871cefc8-dc7a-4fd0-b354-9040c70a9f32,반값밧데리할인마트,배터리 전지,첨단월봉로 골목형상점가,골목형상점가,광주광역시,,,
515c59513675723db082,full_annotation_v1,A,q_귀금속_08,시계 배터리 가는 곳,패션·잡화 중 '귀금속'을 판매·제공하는 매장,test,귀금속,T4 구어·문장,2e518c2a-083e-4116-8ce8-cc4d12e0b5e9,배터리할인마트,배터리,양산동 행복 골목형상점가,골목형상점가,광주광역시,,,
16a80deb6419bef63d9f,full_annotation_v1,A,q_귀금속_08,시계 배터리 가는 곳,패션·잡화 중 '귀금속'을 판매·제공하는 매장,test,귀금속,T4 구어·문장,5509a8e1-143b-4174-8d32-a78782f77e88,좋은밧데리,배터리,중문로 골목형상점가,골목형상점가,광주광역시,,,
fd0885b6c4763c89aafa,full_annotation_v1,A,q_귀금속_08,시계 배터리 가는 곳,패션·잡화 중 '귀금속'을 판매·제공하는 매장,test,귀금속,T4 구어·문장,af8c6723-7093-4693-97b1-5a200af18d2a,중앙사,시계,부평깡통시장(구 부산부평시장),전통시장,부산광역시,,,
6205105eb03a79b486ba,full_annotation_v1,A,q_귀금속_08,시계 배터리 가는 곳,패션·잡화 중 '귀금속'을 판매·제공하는 매장,test,귀금속,T4 구어·문장,c0d1e471-7814-47d7-a3c2-2707dae77699,로웰폭스,악세사리ㆍ주얼리,불당지웰4블럭 골목형상점가,골목형상점가,충청남도,,,
59e34a1b5280b4de1227,full_annotation_v1,A,q_귀금속_08,시계 배터리 가는 곳,패션·잡화 중 '귀금속'을 판매·제공하는 매장,test,귀금속,T4 구어·문장,ab5f9272-a3d4-4784-b6de-a3aa8f12f3ce,오르니크,주얼리,순천원도심상점가,자율상권구역,전라남도,,,
78592da3c71eed76c5eb,full_annotation_v1,A,q_귀금속_08,시계 배터리 가는 곳,패션·잡화 중 '귀금속'을 판매·제공하는 매장,test,귀금속,T4 구어·문장,5b2c3133-280c-4159-bcf5-a92aeec643c7,금성당,시계,봉화내성시장,전통시장,경상북도,,,
19d7570780804451e444,full_annotation_v1,A,q_귀금속_08,시계 배터리 가는 곳,패션·잡화 중 '귀금속'을 판매·제공하는 매장,test,귀금속,T4 구어·문장,2743811c-5e71-4d2b-aa75-1b0147d44f2d,사우 꽃이 피는 곳,꽃,김포 풍년마을 골목형상점가,골목형상점가,경기도,,,
9a1ac206d5c00a8a2f21,full_annotation_v1,A,q_귀금속_08,시계 배터리 가는 곳,패션·잡화 중 '귀금속'을 판매·제공하는 매장,test,귀금속,T4 구어·문장,10de78d1-e53e-4617-8bf1-5c53e8665faa,경일사,"보석, 시계",송탄시장(송북시장),전통시장,경기도,,,
bb490b1f33945d522b6b,full_annotation_v1,A,q_귀금속_08,시계 배터리 가는 곳,패션·잡화 중 '귀금속'을 판매·제공하는 매장,test,귀금속,T4 구어·문장,407678f7-463f-4e2e-a1f4-906364f88bdc,정금당,시계,결초보은시장(구 보은종합시장),전통시장,충청북도,,,
a05c9c9a720e2557921b,full_annotation_v1,A,q_귀금속_08,시계 배터리 가는 곳,패션·잡화 중 '귀금속'을 판매·제공하는 매장,test,귀금속,T4 구어·문장,d9ab5b09-09a9-41d1-b4d0-76845a1c43e0,유니오주얼리,주얼리,삼익패션타운,전통시장,서울특별시,,,
61613c120cba81b3735d,full_annotation_v1,A,q_귀금속_08,시계 배터리 가는 곳,패션·잡화 중 '귀금속'을 판매·제공하는 매장,test,귀금속,T4 구어·문장,4c2da11f-4773-4358-9f0f-b6ccaf2b89c5,루베제 주얼리,귀금속,치평1230상인회 골목형상점가,골목형상점가,광주광역시,,,
74a07f6ee19874057201,full_annotation_v1,A,q_귀금속_08,시계 배터리 가는 곳,패션·잡화 중 '귀금속'을 판매·제공하는 매장,test,귀금속,T4 구어·문장,a094b560-951c-434d-bb74-3fc37c4f9658,변강쇠밧데리,"축전지, 배터리",시화유통상가,전통시장,경기도,,,
111c9798a9610b0d6a7b,full_annotation_v1,A,q_귀금속_08,시계 배터리 가는 곳,패션·잡화 중 '귀금속'을 판매·제공하는 매장,test,귀금속,T4 구어·문장,069cebbe-575a-40b5-9b2f-0a082b552037,별보석금나라,,전통중앙도매상가,전통시장,대전광역시,,,
bcbc935391fd636038e0,full_annotation_v1,A,q_귀금속_08,시계 배터리 가는 곳,패션·잡화 중 '귀금속'을 판매·제공하는 매장,test,귀금속,T4 구어·문장,317445e1-154f-4db9-ba60-961401befda4,스타키보청기 성남수정센터,보청기 배터리,성남중앙시장(중앙공설시장),전통시장,경기도,,,
d44e738d25e575487420,full_annotation_v1,A,q_귀금속_08,시계 배터리 가는 곳,패션·잡화 중 '귀금속'을 판매·제공하는 매장,test,귀금속,T4 구어·문장,6deeb4ab-bbda-458d-a762-e85290e40cf3,현대시계,시계,부산국제시장,전통시장,부산광역시,,,
17ba9cb90a2bd576c571,full_annotation_v1,A,q_귀금속_08,시계 배터리 가는 곳,패션·잡화 중 '귀금속'을 판매·제공하는 매장,test,귀금속,T4 구어·문장,5c2b824e-6c6c-49d5-8927-60df452d03f4,대전시민자동차출장배터리,전지 배터리,충무자동차거리 상점가,자율상권구역,대전광역시,,,
b35e783cf01cb8057660,full_annotation_v1,A,q_귀금속_08,시계 배터리 가는 곳,패션·잡화 중 '귀금속'을 판매·제공하는 매장,test,귀금속,T4 구어·문장,a754851e-0e1d-4357-acbb-b1dca71ecd3f,업라이트,주얼리,동명동 카페거리 골목형상점가,골목형상점가,광주광역시,,,
b7cca895198a47a846f5,full_annotation_v1,A,q_귀금속_08,시계 배터리 가는 곳,패션·잡화 중 '귀금속'을 판매·제공하는 매장,test,귀금속,T4 구어·문장,82cf0a05-1e7e-4d0e-b1f2-5de65c3f8282,울산금방,시계,호계공설시장,전통시장,울산광역시,,,
896c3a003b849ab17680,full_annotation_v1,A,q_귀금속_08,시계 배터리 가는 곳,패션·잡화 중 '귀금속'을 판매·제공하는 매장,test,귀금속,T4 구어·문장,849cdd6c-94c7-4640-a2e8-f10fd91121e1,카페원스,카페 및 휴게음식점,신가동 골목형상점가,골목형상점가,광주광역시,,,
2a706789581f2559d286,full_annotation_v1,A,q_귀금속_08,시계 배터리 가는 곳,패션·잡화 중 '귀금속'을 판매·제공하는 매장,test,귀금속,T4 구어·문장,5100d89f-832d-4db5-b272-55faf3225696,금오당,시계,온양온천역 골목형 상점가,골목형상점가,충청남도,,,
6e821e78981239d3d1e3,full_annotation_v1,A,q_귀금속_08,시계 배터리 가는 곳,패션·잡화 중 '귀금속'을 판매·제공하는 매장,test,귀금속,T4 구어·문장,9fbe1367-4b7c-4d7e-88fd-b282f72d5bad,보광당,시계,서산중심상가,자율상권구역,충청남도,,,
5e047f1337d9f7692bf1,full_annotation_v1,A,q_귀금속_08,시계 배터리 가는 곳,패션·잡화 중 '귀금속'을 판매·제공하는 매장,test,귀금속,T4 구어·문장,f6226a71-1c88-43d0-b8b9-fd610412d6a3,뤼미에르,주얼리 악세사리,새롬BRT 골목형상점가,골목형상점가,세종특별자치시,,,
b1e2226b240199e1b0f5,full_annotation_v1,A,q_귀금속_08,시계 배터리 가는 곳,패션·잡화 중 '귀금속'을 판매·제공하는 매장,test,귀금속,T4 구어·문장,03d7c59b-0f64-4647-9c85-97eb7310d1cc,세이젬,"악세사리, 장신구, 귀금속, 시계, 지금",경주중심상가,전통시장,경상북도,,,
ee570fcc3fd2979f96d9,full_annotation_v1,A,q_귀금속_08,시계 배터리 가는 곳,패션·잡화 중 '귀금속'을 판매·제공하는 매장,test,귀금속,T4 구어·문장,f22ca4b0-08e5-4fa3-868f-5a814e562c58,가네트,주얼리 악세서리,남대문시장,전통시장,서울특별시,,,
9c2266d98b127e9e32a1,full_annotation_v1,A,q_귀금속_08,시계 배터리 가는 곳,패션·잡화 중 '귀금속'을 판매·제공하는 매장,test,귀금속,T4 구어·문장,a85689b0-a75b-4074-bbf1-63c955a803e9,보광당,시계,서산중심상가,자율상권구역,충청남도,,,
8082ba4fa000f8e7838b,full_annotation_v1,A,q_귀금속_08,시계 배터리 가는 곳,패션·잡화 중 '귀금속'을 판매·제공하는 매장,test,귀금속,T4 구어·문장,5c87873d-08dd-4da1-8365-3b98b0a8c3c2,달링달링 봉담점,주얼리,효행구봉담상점가,골목형상점가,경기도,,,
76422911cc13375fcc7f,full_annotation_v1,A,q_귀금속_08,시계 배터리 가는 곳,패션·잡화 중 '귀금속'을 판매·제공하는 매장,test,귀금속,T4 구어·문장,df1d4d49-f255-43f3-bd6f-95f7ae0f8397,피렌체,주얼리,중앙로상점가,자율상권구역,제주특별자치도,,,
fcd873598354046f6609,full_annotation_v1,A,q_귀금속_08,시계 배터리 가는 곳,패션·잡화 중 '귀금속'을 판매·제공하는 매장,test,귀금속,T4 구어·문장,4234c3dc-659d-4f03-9b56-90ab29de6482,업라이트,주얼리,전남대후문골목형상점가,골목형상점가,광주광역시,,,
38ea340287b1c0ad90e4,full_annotation_v1,A,q_귀금속_08,시계 배터리 가는 곳,패션·잡화 중 '귀금속'을 판매·제공하는 매장,test,귀금속,T4 구어·문장,b224a2ee-8edb-422c-8701-f04850efd65e,모자갓김치,"김치, 젓갈",㈜여수수산물특화시장,전통시장,전라남도,,,
1412220d9b5cb0a6ea8a,full_annotation_v1,A,q_귀금속_08,시계 배터리 가는 곳,패션·잡화 중 '귀금속'을 판매·제공하는 매장,test,귀금속,T4 구어·문장,cd9ebbec-3967-420f-967c-d67e614dcf6f,울산전자담배 하카동구점,배터리 충전기 담배,대왕암사거리 골목형상점가,골목형상점가,울산광역시,,,
ed3198219a14c5209b59,full_annotation_v1,A,q_귀금속_08,시계 배터리 가는 곳,패션·잡화 중 '귀금속'을 판매·제공하는 매장,test,귀금속,T4 구어·문장,73947765-3a97-4a07-9f63-cbc493ec678e,아트J,주얼리,대구패션주얼리특구,자율상권구역,대구광역시,,,
89d7ea851f8d6bec303c,full_annotation_v1,A,q_귀금속_08,시계 배터리 가는 곳,패션·잡화 중 '귀금속'을 판매·제공하는 매장,test,귀금속,T4 구어·문장,d835374f-6917-4744-a71a-364c5ff83ea7,원골드,시계,유진상가,전통시장,서울특별시,,,
19a134556c4d603fffb8,full_annotation_v1,A,q_귀금속_08,시계 배터리 가는 곳,패션·잡화 중 '귀금속'을 판매·제공하는 매장,test,귀금속,T4 구어·문장,0635a9e8-fd64-4c4e-8c9f-d77bf89f33dd,월드상사,자동차 배터리,산업용재유통센터 상인회 골목형상점가,골목형상점가,광주광역시,,,
9f63497d9f7aa2713993,full_annotation_v1,A,q_귀금속_08,시계 배터리 가는 곳,패션·잡화 중 '귀금속'을 판매·제공하는 매장,test,귀금속,T4 구어·문장,339ddeed-1813-43b3-b3aa-81770ecc60c7,정월리당,시계,오치2동 골목형상점가,골목형상점가,광주광역시,,,
df42649e6bb9389032ae,full_annotation_v1,A,q_귀금속_08,시계 배터리 가는 곳,패션·잡화 중 '귀금속'을 판매·제공하는 매장,test,귀금속,T4 구어·문장,0188cda6-6441-4058-82b0-0cb89e035583,친한친구,액세서리,㈜르네시떼,전통시장,부산광역시,,,
bf701d73685e750e1df8,full_annotation_v1,A,q_귀금속_08,시계 배터리 가는 곳,패션·잡화 중 '귀금속'을 판매·제공하는 매장,test,귀금속,T4 구어·문장,9e42a89f-db82-4aee-81e9-2247d4e2cd47,립씨엘,주얼리,경동시장,전통시장,서울특별시,,,
594890bddf6a612384b5,full_annotation_v1,A,q_귀금속_08,시계 배터리 가는 곳,패션·잡화 중 '귀금속'을 판매·제공하는 매장,test,귀금속,T4 구어·문장,ab08e689-f974-4af6-b4b1-e130bd0b2794,가락지,주얼리,매봉 골목형상점가,골목형상점가,광주광역시,,,
e2c9194a3dd7b437a64b,full_annotation_v1,A,q_귀금속_08,시계 배터리 가는 곳,패션·잡화 중 '귀금속'을 판매·제공하는 매장,test,귀금속,T4 구어·문장,166c9193-005d-4dc3-8637-ed2bfd71be6f,부산금은방 남매금빵,,골드테마거리,전통시장,부산광역시,,,
3d32daea03d4e037ecd0,full_annotation_v1,A,q_귀금속_08,시계 배터리 가는 곳,패션·잡화 중 '귀금속'을 판매·제공하는 매장,test,귀금속,T4 구어·문장,d105614b-1ed4-4446-8983-66a63808f00c,대명당,시계,대조시장,전통시장,서울특별시,,,
1d4ecf53ebb777675f09,full_annotation_v1,A,q_귀금속_08,시계 배터리 가는 곳,패션·잡화 중 '귀금속'을 판매·제공하는 매장,test,귀금속,T4 구어·문장,76a3551b-dae4-4326-92cc-662015aedbfb,쉴 곳,한식,칠성로상점가,자율상권구역,제주특별자치도,,,
a798a6a3f69c300c5d38,full_annotation_v1,A,q_귀금속_08,시계 배터리 가는 곳,패션·잡화 중 '귀금속'을 판매·제공하는 매장,test,귀금속,T4 구어·문장,3e83d8ee-19b6-4f78-bef8-4ccd8a6acda2,동광당,금은방,전주중앙상가시장,전통시장,전북특별자치도,,,
1e2745cc9d916feb3b66,full_annotation_v1,A,q_귀금속_08,시계 배터리 가는 곳,패션·잡화 중 '귀금속'을 판매·제공하는 매장,test,귀금속,T4 구어·문장,df95dbf6-8904-44fa-b4a8-264d5a541a33,마노,주얼리,부평중앙 지하상가,일반지하상점가,인천광역시,,,
bb59ee86bec38b2694bd,full_annotation_v1,A,q_귀금속_08,시계 배터리 가는 곳,패션·잡화 중 '귀금속'을 판매·제공하는 매장,test,귀금속,T4 구어·문장,90e5aed7-f1ec-4262-9c89-2a1af6fd7ffb,티파니,주얼리,의정부역지하상가,일반지하상점가,경기도,,,
eabfea471c01c78edb22,full_annotation_v1,A,q_귀금속_08,시계 배터리 가는 곳,패션·잡화 중 '귀금속'을 판매·제공하는 매장,test,귀금속,T4 구어·문장,03d999c9-d1ad-4f94-8fa6-a7f9bf1c412d,갱'S쥬얼리,"귀금속, 시계",신림별빛거리골목형상점가,골목형상점가,서울특별시,,,
b7e220ff89b3f14615d2,full_annotation_v1,A,q_귀금속_08,시계 배터리 가는 곳,패션·잡화 중 '귀금속'을 판매·제공하는 매장,test,귀금속,T4 구어·문장,06f92a02-db8d-46be-8ee1-213693507a55,오드워치,시계,남대문시장,전통시장,서울특별시,,,
2bca5ac37478adfd3c3d,full_annotation_v1,A,q_귀금속_08,시계 배터리 가는 곳,패션·잡화 중 '귀금속'을 판매·제공하는 매장,test,귀금속,T4 구어·문장,1aa6e5ad-5def-469e-8de1-5c458bdd9ca9,설빙 나주혁신도시점,,빛가람 로데오 골목형상점가,골목형상점가,전라남도,,,
291c2ae3de07d0a0ea9b,full_annotation_v1,A,q_귀금속_08,시계 배터리 가는 곳,패션·잡화 중 '귀금속'을 판매·제공하는 매장,test,귀금속,T4 구어·문장,0056f9b4-b953-40f2-b820-71d6e7b46c58,주얼리루비,귀금속,하남 골목형상점가,골목형상점가,광주광역시,,,
358d500dddb1d8c2b65d,full_annotation_v1,A,q_귀금속_08,시계 배터리 가는 곳,패션·잡화 중 '귀금속'을 판매·제공하는 매장,test,귀금속,T4 구어·문장,59fcc4dc-7e09-4ba9-a007-1fac9c30c351,정금당,시계,도마큰시장,전통시장,대전광역시,,,
b1f61eb249bd8bc3f0a3,full_annotation_v1,A,q_귀금속_08,시계 배터리 가는 곳,패션·잡화 중 '귀금속'을 판매·제공하는 매장,test,귀금속,T4 구어·문장,4e364986-3c9c-46d0-a74c-0fcabc0bb270,보광당,시계,도곡시장,자율상권구역,서울특별시,,,
6b408e8fdee91e370ed8,full_annotation_v1,A,q_귀금속_08,시계 배터리 가는 곳,패션·잡화 중 '귀금속'을 판매·제공하는 매장,test,귀금속,T4 구어·문장,7e194087-5a1b-4a6f-b2cd-f0a892445a69,예당귀금속,주얼리,구월시장,전통시장,인천광역시,,,
f7d50c970aee561692ae,full_annotation_v1,A,q_귀금속_08,시계 배터리 가는 곳,패션·잡화 중 '귀금속'을 판매·제공하는 매장,test,귀금속,T4 구어·문장,6b19069e-1d57-4555-8b95-047667525f89,레오네 주일리,주얼리,거제 상동 골목형상점가,골목형상점가,경상남도,,,
0031c8df685d3f08f7f0,full_annotation_v1,A,q_귀금속_08,시계 배터리 가는 곳,패션·잡화 중 '귀금속'을 판매·제공하는 매장,test,귀금속,T4 구어·문장,0043881b-db89-4699-8cc4-29ff178f91ee,국제보석,귀금속,대구패션주얼리특구,자율상권구역,대구광역시,,,
28cfa5256453bfed32be,full_annotation_v1,A,q_귀금속_08,시계 배터리 가는 곳,패션·잡화 중 '귀금속'을 판매·제공하는 매장,test,귀금속,T4 구어·문장,7b34a7a0-8abc-4472-a552-a380a349dec8,오르디오르,주얼리,신흥시장,전통시장,서울특별시,,,
3d17d4e096c0f0294d73,full_annotation_v1,A,q_귀금속_08,시계 배터리 가는 곳,패션·잡화 중 '귀금속'을 판매·제공하는 매장,test,귀금속,T4 구어·문장,a73c81f3-a1cc-4a81-a8b0-0953db4a54e7,홍주,"의류, 주얼리",의정부제일시장,전통시장,경기도,,,
f803d9dc43ecbc38152e,full_annotation_v1,A,q_귀금속_08,시계 배터리 가는 곳,패션·잡화 중 '귀금속'을 판매·제공하는 매장,test,귀금속,T4 구어·문장,5a5dcb3a-574b-46c8-acb3-d6af40613dda,전동앤배터리,자전거,서울약령시장,전통시장,서울특별시,,,
74fdad9cee38a5d676c7,full_annotation_v1,A,q_귀금속_08,시계 배터리 가는 곳,패션·잡화 중 '귀금속'을 판매·제공하는 매장,test,귀금속,T4 구어·문장,00ec77a3-3e9a-4a5b-b837-c4014ef84285,은은하당,귀금속소매업,테크노밸리 골목형상점가,골목형상점가,대전광역시,,,
d8843f17edf4d3a62924,full_annotation_v1,A,q_귀금속_08,시계 배터리 가는 곳,패션·잡화 중 '귀금속'을 판매·제공하는 매장,test,귀금속,T4 구어·문장,39bfd737-720f-4720-9d38-1d968c2cd152,드림시계,시계,대구교동시장,전통시장,대구광역시,,,
178e0e802fe5697254a8,full_annotation_v1,A,q_귀금속_08,시계 배터리 가는 곳,패션·잡화 중 '귀금속'을 판매·제공하는 매장,test,귀금속,T4 구어·문장,179fe76e-e8c5-4c23-85fc-720531126e86,디온즈,두발미용,이도패션거리 골목형상점가,골목형상점가,제주특별자치도,,,
28ec7a20f82f6b5e1fef,full_annotation_v1,A,q_귀금속_08,시계 배터리 가는 곳,패션·잡화 중 '귀금속'을 판매·제공하는 매장,test,귀금속,T4 구어·문장,3cb4a2bf-e614-4572-9f50-63a8e61ad24f,러뷰보석,주얼리,(포항)법원로 골목형상점가,골목형상점가,경상북도,,,
c1409b664668c85ce324,full_annotation_v1,A,q_귀금속_08,시계 배터리 가는 곳,패션·잡화 중 '귀금속'을 판매·제공하는 매장,test,귀금속,T4 구어·문장,4032e577-cabb-401c-be9b-b141b8cb6990,제이나,악세사리 주얼리 잡화,중계 씨앤미 상가,자율상권구역,서울특별시,,,
6b69bf1b374c0e62219b,full_annotation_v1,A,q_귀금속_08,시계 배터리 가는 곳,패션·잡화 중 '귀금속'을 판매·제공하는 매장,test,귀금속,T4 구어·문장,c216cabc-a49c-468e-b996-d2f92ec871c9,달인밧데리,자동차배터리,도군머리 골목형상점가,골목형상점가,광주광역시,,,
434c93ecbe417922d616,full_annotation_v1,A,q_귀금속_08,시계 배터리 가는 곳,패션·잡화 중 '귀금속'을 판매·제공하는 매장,test,귀금속,T4 구어·문장,f85fcc7d-4404-4f62-8a7b-8f05946b4c9f,삼호골드,주얼리,삼호읍 중앙 골목형상점가,골목형상점가,전라남도,,,
b2515eaf30327af43e3a,full_annotation_v1,A,q_귀금속_08,시계 배터리 가는 곳,패션·잡화 중 '귀금속'을 판매·제공하는 매장,test,귀금속,T4 구어·문장,392d500a-be25-4181-b79d-45cbc47b0878,티파니,시계,464번길 골목형상점가,골목형상점가,부산광역시,,,
aa16d32daf8e55196bbc,full_annotation_v1,A,q_귀금속_08,시계 배터리 가는 곳,패션·잡화 중 '귀금속'을 판매·제공하는 매장,test,귀금속,T4 구어·문장,ae483b39-3c64-445b-88dc-3595cef52ac3,이천당,시계,충금지하도상가,일반지하상점가,광주광역시,,,
59e3ffcda323de912756,full_annotation_v1,A,q_귀금속_08,시계 배터리 가는 곳,패션·잡화 중 '귀금속'을 판매·제공하는 매장,test,귀금속,T4 구어·문장,016d2bb5-8af2-45c2-8456-33067cd315bb,황금당,"금, 시계",홍성명동상가,자율상권구역,충청남도,,,
8a5f3762d31ff99ee969,full_annotation_v1,A,q_귀금속_08,시계 배터리 가는 곳,패션·잡화 중 '귀금속'을 판매·제공하는 매장,test,귀금속,T4 구어·문장,905fdfef-83ca-4ed1-be97-3b0170dabcdb,젬하우스,악세사리 반지공방,신사세로수길골목형상점가,골목형상점가,서울특별시,,,
0a785ef4c0ed2ce32761,full_annotation_v1,A,q_귀금속_08,시계 배터리 가는 곳,패션·잡화 중 '귀금속'을 판매·제공하는 매장,test,귀금속,T4 구어·문장,33e3ea0e-758e-4e3e-bb3c-dd4129212c9d,트윙클,주얼리,부평중앙 지하상가,일반지하상점가,인천광역시,,,
d16f061f7ffdd33a07a4,full_annotation_v1,A,q_귀금속_08,시계 배터리 가는 곳,패션·잡화 중 '귀금속'을 판매·제공하는 매장,test,귀금속,T4 구어·문장,8826949d-c99b-44aa-8416-bcc80738fcc4,이마트24 광주금호한국점,신선식품 및 가공품,금화로상인회 골목형상점가,골목형상점가,광주광역시,,,
9b88756c3d03b4a0c3d0,full_annotation_v1,A,q_귀금속_08,시계 배터리 가는 곳,패션·잡화 중 '귀금속'을 판매·제공하는 매장,test,귀금속,T4 구어·문장,bd5491a2-34c2-41b6-9820-3a44bb6c7a5b,해피니스,주얼리,법원단지길골목형상점가,골목형상점가,서울특별시,,,
566d11f7731f21c801cd,full_annotation_v1,A,q_귀금속_08,시계 배터리 가는 곳,패션·잡화 중 '귀금속'을 판매·제공하는 매장,test,귀금속,T4 구어·문장,c6deb935-fede-481e-9d47-88f8ff03b47c,주식회사 스토리,휴대폰,중마중앙로골목형상점가,골목형상점가,전라남도,,,
3a2c815fd5795c6cbb51,full_annotation_v1,A,q_귀금속_08,시계 배터리 가는 곳,패션·잡화 중 '귀금속'을 판매·제공하는 매장,test,귀금속,T4 구어·문장,00ee1cd3-ec15-467a-86d2-07e596d7d395,금옥당,"귀금속, 시계 소매",골드테마거리,전통시장,부산광역시,,,
fa8b79b08da9f79af206,full_annotation_v1,A,q_귀금속_08,시계 배터리 가는 곳,패션·잡화 중 '귀금속'을 판매·제공하는 매장,test,귀금속,T4 구어·문장,f38aea68-99b7-4759-90e3-ea3de2a19bf1,글로리아 주얼리,,이안센트럴D 골목형상점가,골목형상점가,대구광역시,,,
937b2f07939152871a09,full_annotation_v1,A,q_귀금속_08,시계 배터리 가는 곳,패션·잡화 중 '귀금속'을 판매·제공하는 매장,test,귀금속,T4 구어·문장,d8d231a3-b970-4e1f-92d6-d30becc3dac7,약선흑염소 월산점,음식업,군분로 골목형상점가,골목형상점가,광주광역시,,,
b530368b7a981e69a916,full_annotation_v1,A,q_귀금속_08,시계 배터리 가는 곳,패션·잡화 중 '귀금속'을 판매·제공하는 매장,test,귀금속,T4 구어·문장,36ff21ca-0e11-4cb9-b41d-a11b2d0550b8,수누주얼리,,대봉모리 골목형상점가,골목형상점가,대구광역시,,,
411b00352bfd6fd42981,full_annotation_v1,A,q_귀금속_08,시계 배터리 가는 곳,패션·잡화 중 '귀금속'을 판매·제공하는 매장,test,귀금속,T4 구어·문장,4ffa510c-73ff-428f-be10-fb1d55be13f4,로이드,시계,은행동상점가(구 으능정이상점가),자율상권구역,대전광역시,,,
0d24e46553d24264fc40,full_annotation_v1,A,q_귀금속_08,시계 배터리 가는 곳,패션·잡화 중 '귀금속'을 판매·제공하는 매장,test,귀금속,T4 구어·문장,0c03b5af-6bcc-4845-812a-7a7460599260,주얼리 카노,귀금속,계수마을상인회 골목형상점가,골목형상점가,광주광역시,,,
51e33f55a19da4a0683c,full_annotation_v1,A,q_귀금속_08,시계 배터리 가는 곳,패션·잡화 중 '귀금속'을 판매·제공하는 매장,test,귀금속,T4 구어·문장,0038905e-d969-4b31-b09f-c35bdc0b9b8b,영보석,귀금속,촬영소사거리골목형상점가,골목형상점가,서울특별시,,,
cb93e2732b057fb63e95,full_annotation_v1,A,q_귀금속_08,시계 배터리 가는 곳,패션·잡화 중 '귀금속'을 판매·제공하는 매장,test,귀금속,T4 구어·문장,542c2042-454a-4b80-bd2a-b32e53ae8572,금옥장,시계,창신골목시장,자율상권구역,서울특별시,,,
f866503ce922db5ef085,full_annotation_v1,A,q_귀금속_08,시계 배터리 가는 곳,패션·잡화 중 '귀금속'을 판매·제공하는 매장,test,귀금속,T4 구어·문장,60f34431-6960-42f8-aabb-5d0c39d6f6d4,거꾸로 가는 시간,피부 미용,서산번화2로,자율상권구역,충청남도,,,
be8341fd38b6d9449d89,full_annotation_v1,A,q_귀금속_08,시계 배터리 가는 곳,패션·잡화 중 '귀금속'을 판매·제공하는 매장,test,귀금속,T4 구어·문장,bdd6187e-54e8-49e4-878a-64c99af9b0af,산호약국,의약품 및 건강기능식품,왕십리도선동상점가,자율상권구역,서울특별시,,,
71551107fade364dac5e,full_annotation_v1,A,q_귀금속_08,시계 배터리 가는 곳,패션·잡화 중 '귀금속'을 판매·제공하는 매장,test,귀금속,T4 구어·문장,31970843-0b7f-4ca7-901e-feae69a91c1e,샵 주얼리,,하리오션시티 골목형상점가,골목형상점가,부산광역시,,,
a97bf8d6ba6233b47a73,full_annotation_v1,A,q_귀금속_08,시계 배터리 가는 곳,패션·잡화 중 '귀금속'을 판매·제공하는 매장,test,귀금속,T4 구어·문장,74509433-00ef-4455-abdf-5aa975adaa09,대전 농민자동차 출장 배터리,배터리 전지,석교동 이웃마루 골목형상점가,골목형상점가,대전광역시,,,
a26b48be1ca921bbb22c,full_annotation_v1,A,q_귀금속_08,시계 배터리 가는 곳,패션·잡화 중 '귀금속'을 판매·제공하는 매장,test,귀금속,T4 구어·문장,c916d66f-d56c-4fe0-ad39-58f2db6b1914,보성녹차김치,,보성녹차 골목형상점가,골목형상점가,,,,
3b73bfecafefdfca745a,full_annotation_v1,A,q_귀금속_08,시계 배터리 가는 곳,패션·잡화 중 '귀금속'을 판매·제공하는 매장,test,귀금속,T4 구어·문장,a36c3fde-0764-4aac-9ef6-bdce56fe519d,화포집,한식,독산동 맛나는거리 상점가,자율상권구역,서울특별시,,,
40f3ef567ca54622fc6e,full_annotation_v1,A,q_귀금속_08,시계 배터리 가는 곳,패션·잡화 중 '귀금속'을 판매·제공하는 매장,test,귀금속,T4 구어·문장,0308940f-189d-41bd-9a0c-cae20bfc8b65,실버투유,액세서리,남대문시장,전통시장,서울특별시,,,
d556102cf0e579f10a84,full_annotation_v1,A,q_귀금속_08,시계 배터리 가는 곳,패션·잡화 중 '귀금속'을 판매·제공하는 매장,test,귀금속,T4 구어·문장,82f8a9fb-ec75-4ac4-9763-5794b46a5ac9,주얼리부부(jewelry BUBU),주얼리,전주중앙상가시장,전통시장,전북특별자치도,,,
d4f55340130c18022ef6,full_annotation_v1,A,q_귀금속_08,시계 배터리 가는 곳,패션·잡화 중 '귀금속'을 판매·제공하는 매장,test,귀금속,T4 구어·문장,d4171827-052f-4d8a-863e-12a8205d7be1,춘양시계,시계,남광주시장,전통시장,광주광역시,,,
40f5e8b2178e87c2ba75,full_annotation_v1,A,q_귀금속_08,시계 배터리 가는 곳,패션·잡화 중 '귀금속'을 판매·제공하는 매장,test,귀금속,T4 구어·문장,2256ae40-9020-4539-8b78-4bbe2116c342,업라이트,주얼리,첨단2동 골목형상점가,골목형상점가,광주광역시,,,
f0f858a34fc0ef6389bd,full_annotation_v1,A,q_귀금속_08,시계 배터리 가는 곳,패션·잡화 중 '귀금속'을 판매·제공하는 매장,test,귀금속,T4 구어·문장,8d6f7b8f-6c40-4bae-82ab-f733189a6f38,보광당,시계,억지춘향시장(구 봉화춘향시장),전통시장,경상북도,,,
a9add78f1ce31badb0ed,full_annotation_v1,A,q_귀금속_08,시계 배터리 가는 곳,패션·잡화 중 '귀금속'을 판매·제공하는 매장,test,귀금속,T4 구어·문장,03d2f183-77cc-44c8-b4e4-f34ed3bcfa83,다나,"소매업(귀금속,액세서리,모조장신구)",코끼리시장,전통시장,경기도,,,
6ac3a84fd71bea0b5a44,full_annotation_v1,A,q_귀금속_08,시계 배터리 가는 곳,패션·잡화 중 '귀금속'을 판매·제공하는 매장,test,귀금속,T4 구어·문장,38734df9-1aea-49b2-9050-25ba327f052d,호박당,금은방(귀금속),전주모래내시장,전통시장,전북특별자치도,,,
2283f81724e8e01a2c30,full_annotation_v1,A,q_귀금속_08,시계 배터리 가는 곳,패션·잡화 중 '귀금속'을 판매·제공하는 매장,test,귀금속,T4 구어·문장,c39095be-a8a6-4e00-9e88-a86045cbe3a7,금다온 주얼리,,골드테마거리,전통시장,부산광역시,,,
942d23f7c7b68eee24cb,full_annotation_v1,A,q_귀금속_08,시계 배터리 가는 곳,패션·잡화 중 '귀금속'을 판매·제공하는 매장,test,귀금속,T4 구어·문장,29dd535c-5a04-4924-8275-85c5a1737d88,금요일,주얼리,갈매광장 골목형상점가,골목형상점가,경기도,,,
02ab8dbf450bd91a737c,full_annotation_v1,A,q_귀금속_08,시계 배터리 가는 곳,패션·잡화 중 '귀금속'을 판매·제공하는 매장,test,귀금속,T4 구어·문장,8f0183a4-9b7e-4e79-bd2c-cdf56084c1fe,라엘,주얼리,둔산2동 골목형상점가,골목형상점가,대전광역시,,,
af8ae7cb5ecacd92843a,full_annotation_v1,A,q_귀금속_08,시계 배터리 가는 곳,패션·잡화 중 '귀금속'을 판매·제공하는 매장,test,귀금속,T4 구어·문장,fb9d98e0-50e4-451d-9ce9-d0f2287e63d9,배터리픽스,자동차배터리,하남 골목형상점가,골목형상점가,광주광역시,,,
ec952bbb59c9fe75e209,full_annotation_v1,A,q_귀금속_08,시계 배터리 가는 곳,패션·잡화 중 '귀금속'을 판매·제공하는 매장,test,귀금속,T4 구어·문장,fe885d51-ae99-4b63-8605-e2951e20d0bc,골드라인,시계,서면지하도상가 부전몰,일반지하상점가,부산광역시,,,
960c6bc4c1de99451acf,full_annotation_v1,A,q_귀금속_08,시계 배터리 가는 곳,패션·잡화 중 '귀금속'을 판매·제공하는 매장,test,귀금속,T4 구어·문장,dd0ba528-ca42-4aa0-bd31-8ea8cdb3ef6f,느낌좋은걸,시계,하당꽃길1가 골목형상점가,골목형상점가,전라남도,,,
5b08ebf1124b78a19181,full_annotation_v1,A,q_귀금속_08,시계 배터리 가는 곳,패션·잡화 중 '귀금속'을 판매·제공하는 매장,test,귀금속,T4 구어·문장,710db2d9-9dbb-40f3-ac3a-9b624483b6b0,소예당,주얼리,새롬동 골목형상점가,골목형상점가,세종특별자치시,,,
22919bd19046fb2d9663,full_annotation_v1,A,q_귀금속_08,시계 배터리 가는 곳,패션·잡화 중 '귀금속'을 판매·제공하는 매장,test,귀금속,T4 구어·문장,14e374fe-70bd-4af1-8697-693af770da73,세종배터리 할인매장,배터리판매,새호반 골목형상점가,골목형상점가,세종특별자치시,,,
23c8f4e631febfee1917,full_annotation_v1,A,q_귀금속_08,시계 배터리 가는 곳,패션·잡화 중 '귀금속'을 판매·제공하는 매장,test,귀금속,T4 구어·문장,8c100586-762e-45c7-a654-721c5f1bd279,광주밧데리총판,자동차 배터리,학소로 골목형상점가,골목형상점가,광주광역시,,,
07c148e2f59201540e60,full_annotation_v1,A,q_귀금속_08,시계 배터리 가는 곳,패션·잡화 중 '귀금속'을 판매·제공하는 매장,test,귀금속,T4 구어·문장,55fd2cdd-161a-4ba5-b68e-b73668db1f29,주얼리,액세서리,성남중앙지하시장,일반지하상점가,경기도,,,
01df85300dbe990f717f,full_annotation_v1,A,q_귀금속_08,시계 배터리 가는 곳,패션·잡화 중 '귀금속'을 판매·제공하는 매장,test,귀금속,T4 구어·문장,085465ef-544c-4898-9421-c8b9babe2186,해와달,소매(준보석),천호로데오거리상점가,자율상권구역,서울특별시,,,
e437f49a1544295df07a,full_annotation_v1,A,q_귀금속_08,시계 배터리 가는 곳,패션·잡화 중 '귀금속'을 판매·제공하는 매장,test,귀금속,T4 구어·문장,644f43ea-8821-4a86-9694-2fa5da055d19,보우귀금속,주얼리,신세계앞상인회 골목형상점가,골목형상점가,광주광역시,,,
11180e48a3d395454e3b,full_annotation_v1,A,q_귀금속_08,시계 배터리 가는 곳,패션·잡화 중 '귀금속'을 판매·제공하는 매장,test,귀금속,T4 구어·문장,37dd294b-8f9b-4ff7-9439-47c61c378286,부름양행,시계,비단길현대시장,전통시장,서울특별시,,,
a51727554bae4dd7779c,full_annotation_v1,A,q_귀금속_08,시계 배터리 가는 곳,패션·잡화 중 '귀금속'을 판매·제공하는 매장,test,귀금속,T4 구어·문장,302f4279-8179-4419-8425-73c11e7e028d,도쿄앤펄,주얼리,중앙 상권활성화구역,상권활성화구역,울산광역시,,,
742f5cdc05054b1978ed,full_annotation_v1,A,q_귀금속_08,시계 배터리 가는 곳,패션·잡화 중 '귀금속'을 판매·제공하는 매장,test,귀금속,T4 구어·문장,bcf9eedf-f430-498c-8f7d-2df2935edf04,농업회사법인 주식회사 다도락 녹차아울렛 지점,,보성녹차 골목형상점가,골목형상점가,,,,
6ef0dfa00752ecf4901e,full_annotation_v1,A,q_귀금속_08,시계 배터리 가는 곳,패션·잡화 중 '귀금속'을 판매·제공하는 매장,test,귀금속,T4 구어·문장,edc97583-d1d8-4b89-9615-b811244fa81b,주식회사 세계로,주얼리,염매시장(구 덕산시장),전통시장,대구광역시,,,
cc260fb8562e6c40c3bd,full_annotation_v1,A,q_귀금속_08,시계 배터리 가는 곳,패션·잡화 중 '귀금속'을 판매·제공하는 매장,test,귀금속,T4 구어·문장,0724e735-862f-4d85-a766-94de4f9cc181,시온공방,시계,포항죽도시장,전통시장,경상북도,,,
2b5ed6edda0819afeed0,full_annotation_v1,A,q_귀금속_08,시계 배터리 가는 곳,패션·잡화 중 '귀금속'을 판매·제공하는 매장,test,귀금속,T4 구어·문장,4bbf37b7-93ed-484a-b4f7-3b04096e8f83,굿모닝보청기 광주수완세계로병원점,보청기 및 배터리 등,수영 골목형상점가,골목형상점가,광주광역시,,,
66774795cf6648428288,full_annotation_v1,A,q_귀금속_08,시계 배터리 가는 곳,패션·잡화 중 '귀금속'을 판매·제공하는 매장,test,귀금속,T4 구어·문장,5f105e71-3b64-4818-b4d6-526e2ffc9219,에스엘파워텍 주식회사,배터리,인천산업유통센터,전통시장,인천광역시,,,
6468095262811a9a8c7e,full_annotation_v1,A,q_귀금속_08,시계 배터리 가는 곳,패션·잡화 중 '귀금속'을 판매·제공하는 매장,test,귀금속,T4 구어·문장,cf180480-df0a-4e26-b978-d247cd81be6b,커플링마을광주점,은반지 은팔찌,"금남로4,5가 골목형상점가",골목형상점가,광주광역시,,,
0f2b9176c9d2bb06c510,full_annotation_v1,A,q_귀금속_08,시계 배터리 가는 곳,패션·잡화 중 '귀금속'을 판매·제공하는 매장,test,귀금속,T4 구어·문장,f14df4d3-9858-4a8b-8597-20fd477d8e32,갤러리 데 루치아,가구,용인어정가구단지상점가,자율상권구역,경기도,,,
4149c7466770a2f973c9,full_annotation_v1,A,q_귀금속_08,시계 배터리 가는 곳,패션·잡화 중 '귀금속'을 판매·제공하는 매장,test,귀금속,T4 구어·문장,1634e012-ec79-4c1b-807f-c1fa1777de08,훈연가,음식점,연신내골목형상점가,골목형상점가,서울특별시,,,
40203eebf9d553eca45d,full_annotation_v1,A,q_귀금속_08,시계 배터리 가는 곳,패션·잡화 중 '귀금속'을 판매·제공하는 매장,test,귀금속,T4 구어·문장,738cb144-db64-49e1-9fc4-d42d0eaf1f52,백금당,시계,경주중심상가,전통시장,경상북도,,,
e9efadd9159a3a3f3294,full_annotation_v1,A,q_귀금속_08,시계 배터리 가는 곳,패션·잡화 중 '귀금속'을 판매·제공하는 매장,test,귀금속,T4 구어·문장,dbeb50e6-dcc2-4c0d-bfd3-34d2de7fdaa9,나리플뢰르(NARIFLEUR),주얼리,반드레길골목형상점가,골목형상점가,서울특별시,,,
bfaa82b1b1fc6c11164f,full_annotation_v1,A,q_귀금속_08,시계 배터리 가는 곳,패션·잡화 중 '귀금속'을 판매·제공하는 매장,test,귀금속,T4 구어·문장,1dfd588a-863e-4648-af0e-0470d4b6c452,여우별,의류,거제 장평종합시장,전통시장,경상남도,,,
1dc9838d042ccc44af72,full_annotation_v1,A,q_귀금속_09,주얼리 사는 데,패션·잡화 중 '귀금속'을 판매·제공하는 매장,test,귀금속,T4 구어·문장,b6aa00ab-ee3d-4642-b765-45a2e1634ae2,피코크,귀금속,골드테마거리,전통시장,부산광역시,,,
e6b064462438241d8645,full_annotation_v1,A,q_귀금속_09,주얼리 사는 데,패션·잡화 중 '귀금속'을 판매·제공하는 매장,test,귀금속,T4 구어·문장,53de7214-cdf0-4e52-8884-96a2b324ae69,블링걸,장식귀걸이목걸이반지머리핀,신안프라자전통시장,전통시장,경기도,,,
90191b505480a6578705,full_annotation_v1,A,q_귀금속_09,주얼리 사는 데,패션·잡화 중 '귀금속'을 판매·제공하는 매장,test,귀금속,T4 구어·문장,cf180480-df0a-4e26-b978-d247cd81be6b,커플링마을광주점,은반지 은팔찌,"금남로4,5가 골목형상점가",골목형상점가,광주광역시,,,
411e2b0e1db58422c9c7,full_annotation_v1,A,q_귀금속_09,주얼리 사는 데,패션·잡화 중 '귀금속'을 판매·제공하는 매장,test,귀금속,T4 구어·문장,85f6cef5-8a49-447e-bb24-6143d7b60764,예돌젬,귀금속,대구패션주얼리특구,자율상권구역,대구광역시,,,
ef11940516f688e3e84c,full_annotation_v1,A,q_귀금속_09,주얼리 사는 데,패션·잡화 중 '귀금속'을 판매·제공하는 매장,test,귀금속,T4 구어·문장,0c03b5af-6bcc-4845-812a-7a7460599260,주얼리 카노,귀금속,계수마을상인회 골목형상점가,골목형상점가,광주광역시,,,
963357408173b3b8a990,full_annotation_v1,A,q_귀금속_09,주얼리 사는 데,패션·잡화 중 '귀금속'을 판매·제공하는 매장,test,귀금속,T4 구어·문장,4c3c3921-e358-41a7-8ee0-4e43be556b49,황석,귀금속,대구패션주얼리특구,자율상권구역,대구광역시,,,
29ba527e9e41bc81cd74,full_annotation_v1,A,q_귀금속_09,주얼리 사는 데,패션·잡화 중 '귀금속'을 판매·제공하는 매장,test,귀금속,T4 구어·문장,aba76fc2-984e-4030-ba01-e2e7d78264c7,데 아로즈 대전둔산본점,,갈리단길 골목형상점가,골목형상점가,대전광역시,,,
bd25706ca88ffe78b66d,full_annotation_v1,A,q_귀금속_09,주얼리 사는 데,패션·잡화 중 '귀금속'을 판매·제공하는 매장,test,귀금속,T4 구어·문장,5b626bfd-6a75-4dd1-adeb-ba95302874ce,에쎄귀금속,귀금속,창원 상남시장,전통시장,경상남도,,,
7094f3f580aa90834df8,full_annotation_v1,A,q_귀금속_09,주얼리 사는 데,패션·잡화 중 '귀금속'을 판매·제공하는 매장,test,귀금속,T4 구어·문장,33e3ea0e-758e-4e3e-bb3c-dd4129212c9d,트윙클,주얼리,부평중앙 지하상가,일반지하상점가,인천광역시,,,
0514f40256b5ca9d861e,full_annotation_v1,A,q_귀금속_09,주얼리 사는 데,패션·잡화 중 '귀금속'을 판매·제공하는 매장,test,귀금속,T4 구어·문장,f3b93dbe-8392-4adc-bab2-5c1ab589365f,캐럿,주얼리,당진원시가지상가,자율상권구역,충청남도,,,
064b1492b34a9faf015e,full_annotation_v1,A,q_귀금속_09,주얼리 사는 데,패션·잡화 중 '귀금속'을 판매·제공하는 매장,test,귀금속,T4 구어·문장,644f43ea-8821-4a86-9694-2fa5da055d19,보우귀금속,주얼리,신세계앞상인회 골목형상점가,골목형상점가,광주광역시,,,
090a7fe4840bb7e19d01,full_annotation_v1,A,q_귀금속_09,주얼리 사는 데,패션·잡화 중 '귀금속'을 판매·제공하는 매장,test,귀금속,T4 구어·문장,c1690a22-08f3-44c6-a77c-8ba14270c0b2,제니패션,속옷,흥국상가,자율상권구역,전라남도,,,
0d1225b80b04808bc063,full_annotation_v1,A,q_귀금속_09,주얼리 사는 데,패션·잡화 중 '귀금속'을 판매·제공하는 매장,test,귀금속,T4 구어·문장,4c2da11f-4773-4358-9f0f-b6ccaf2b89c5,루베제 주얼리,귀금속,치평1230상인회 골목형상점가,골목형상점가,광주광역시,,,
244c59708dba5ceb4c8e,full_annotation_v1,A,q_귀금속_09,주얼리 사는 데,패션·잡화 중 '귀금속'을 판매·제공하는 매장,test,귀금속,T4 구어·문장,900fe76e-e49c-49c9-a23a-6c0384cea8e5,영우농수산,구운김,오산오색시장(구 오산중앙시장),전통시장,경기도,,,
e380e3abff0b82cd584c,full_annotation_v1,A,q_귀금속_09,주얼리 사는 데,패션·잡화 중 '귀금속'을 판매·제공하는 매장,test,귀금속,T4 구어·문장,82f8a9fb-ec75-4ac4-9763-5794b46a5ac9,주얼리부부(jewelry BUBU),주얼리,전주중앙상가시장,전통시장,전북특별자치도,,,
3900f738cd851226928c,full_annotation_v1,A,q_귀금속_09,주얼리 사는 데,패션·잡화 중 '귀금속'을 판매·제공하는 매장,test,귀금속,T4 구어·문장,03d7c59b-0f64-4647-9c85-97eb7310d1cc,세이젬,"악세사리, 장신구, 귀금속, 시계, 지금",경주중심상가,전통시장,경상북도,,,
fcf237fbf189c9d0ae3a,full_annotation_v1,A,q_귀금속_09,주얼리 사는 데,패션·잡화 중 '귀금속'을 판매·제공하는 매장,test,귀금속,T4 구어·문장,11d44329-487d-491b-a04f-ce34a6b20a8e,왔다상회,대파,포항죽도농산물시장,전통시장,경상북도,,,
6aba07eb350e32af2cde,full_annotation_v1,A,q_귀금속_09,주얼리 사는 데,패션·잡화 중 '귀금속'을 판매·제공하는 매장,test,귀금속,T4 구어·문장,069cebbe-575a-40b5-9b2f-0a082b552037,별보석금나라,,전통중앙도매상가,전통시장,대전광역시,,,
78443fd9046a31365604,full_annotation_v1,A,q_귀금속_09,주얼리 사는 데,패션·잡화 중 '귀금속'을 판매·제공하는 매장,test,귀금속,T4 구어·문장,595e9f12-9ff0-4c5d-8b49-e0fbb70a816b,하목리,귀금속,골드테마거리,전통시장,부산광역시,,,
a26fab35ff4fde5b5ff2,full_annotation_v1,A,q_귀금속_09,주얼리 사는 데,패션·잡화 중 '귀금속'을 판매·제공하는 매장,test,귀금속,T4 구어·문장,5f90571a-1c68-418a-93af-00cb901c5569,원일귀금속,귀금속,골드테마거리,전통시장,부산광역시,,,
aa7280a77b3cf3d9773e,full_annotation_v1,A,q_귀금속_09,주얼리 사는 데,패션·잡화 중 '귀금속'을 판매·제공하는 매장,test,귀금속,T4 구어·문장,e1cd936d-6182-424e-b6cb-86813e47f687,창춘,귀금속,대구패션주얼리특구,자율상권구역,대구광역시,,,
01ce17d8b24bbd4ae258,full_annotation_v1,A,q_귀금속_09,주얼리 사는 데,패션·잡화 중 '귀금속'을 판매·제공하는 매장,test,귀금속,T4 구어·문장,049f8988-fdf6-4dac-acb6-ef8b0af859fa,삼성당,시계,해미읍성전통시장,전통시장,충청남도,,,
bbdb947957a3b3e3a48d,full_annotation_v1,A,q_귀금속_09,주얼리 사는 데,패션·잡화 중 '귀금속'을 판매·제공하는 매장,test,귀금속,T4 구어·문장,c0d1e471-7814-47d7-a3c2-2707dae77699,로웰폭스,악세사리ㆍ주얼리,불당지웰4블럭 골목형상점가,골목형상점가,충청남도,,,
d2cd4db2c56594491549,full_annotation_v1,A,q_귀금속_09,주얼리 사는 데,패션·잡화 중 '귀금속'을 판매·제공하는 매장,test,귀금속,T4 구어·문장,8c024a34-b030-45ad-b8fc-5a7f1afa2502,서울콩비지,한식 콩비지 콩국수 콩비지전,문정동로데오상점가,자율상권구역,서울특별시,,,
14fe369cc79b000e80f9,full_annotation_v1,A,q_귀금속_09,주얼리 사는 데,패션·잡화 중 '귀금속'을 판매·제공하는 매장,test,귀금속,T4 구어·문장,f22ca4b0-08e5-4fa3-868f-5a814e562c58,가네트,주얼리 악세서리,남대문시장,전통시장,서울특별시,,,
1516e540f4896f5c10ae,full_annotation_v1,A,q_귀금속_09,주얼리 사는 데,패션·잡화 중 '귀금속'을 판매·제공하는 매장,test,귀금속,T4 구어·문장,8f0183a4-9b7e-4e79-bd2c-cdf56084c1fe,라엘,주얼리,둔산2동 골목형상점가,골목형상점가,대전광역시,,,
e5d388bb7a71dcc27164,full_annotation_v1,A,q_귀금속_09,주얼리 사는 데,패션·잡화 중 '귀금속'을 판매·제공하는 매장,test,귀금속,T4 구어·문장,a2421117-3144-4c43-b2f4-e7aaba603ad3,사론,귀금속,골드테마거리,전통시장,부산광역시,,,
aa61cf889880e410d90f,full_annotation_v1,A,q_귀금속_09,주얼리 사는 데,패션·잡화 중 '귀금속'을 판매·제공하는 매장,test,귀금속,T4 구어·문장,07f8b8f4-9040-49c7-8e2b-25cbd6db3f96,서북당,귀금속,전통중앙도매상가,전통시장,대전광역시,,,
201f11c7981944c51112,full_annotation_v1,A,q_귀금속_09,주얼리 사는 데,패션·잡화 중 '귀금속'을 판매·제공하는 매장,test,귀금속,T4 구어·문장,f9cb26c5-8d3b-44e8-9485-391635810401,쥬벨,귀금속,골드테마거리,전통시장,부산광역시,,,
009d6ca7f5a84aeb3ee5,full_annotation_v1,A,q_귀금속_09,주얼리 사는 데,패션·잡화 중 '귀금속'을 판매·제공하는 매장,test,귀금속,T4 구어·문장,a3abe39a-47b9-45a8-9701-e6963822cccd,삼호상회,농산물,철뚝시장,전통시장,부산광역시,,,
28e8dc790fe1a351d014,full_annotation_v1,A,q_귀금속_09,주얼리 사는 데,패션·잡화 중 '귀금속'을 판매·제공하는 매장,test,귀금속,T4 구어·문장,df1d4d49-f255-43f3-bd6f-95f7ae0f8397,피렌체,주얼리,중앙로상점가,자율상권구역,제주특별자치도,,,
85b4244effd09c6bee30,full_annotation_v1,A,q_귀금속_09,주얼리 사는 데,패션·잡화 중 '귀금속'을 판매·제공하는 매장,test,귀금속,T4 구어·문장,0043881b-db89-4699-8cc4-29ff178f91ee,국제보석,귀금속,대구패션주얼리특구,자율상권구역,대구광역시,,,
23f39be2f2954008a430,full_annotation_v1,A,q_귀금속_09,주얼리 사는 데,패션·잡화 중 '귀금속'을 판매·제공하는 매장,test,귀금속,T4 구어·문장,a2c182ca-cdcf-453c-a32d-802993ee3091,은백귀금속,귀금속,춘천동부시장,전통시장,강원특별자치도,,,
d8bdbfd2a77526d4ed08,full_annotation_v1,A,q_귀금속_09,주얼리 사는 데,패션·잡화 중 '귀금속'을 판매·제공하는 매장,test,귀금속,T4 구어·문장,f38aea68-99b7-4759-90e3-ea3de2a19bf1,글로리아 주얼리,,이안센트럴D 골목형상점가,골목형상점가,대구광역시,,,
04f25d1ccbecbdb4bc45,full_annotation_v1,A,q_귀금속_09,주얼리 사는 데,패션·잡화 중 '귀금속'을 판매·제공하는 매장,test,귀금속,T4 구어·문장,03398f1a-7a3f-446a-83bd-af19448c925b,미석,귀금속,창원 성원그랜드쇼핑상가,전통시장,경상남도,,,
b8de321ffdc61e2a97d4,full_annotation_v1,A,q_귀금속_09,주얼리 사는 데,패션·잡화 중 '귀금속'을 판매·제공하는 매장,test,귀금속,T4 구어·문장,01f2baea-5004-4e8d-a9a5-66c50aaf49e6,머쓱케이스,휴대폰 액세서리,동성로상점가,자율상권구역,대구광역시,,,
3ed1c9614e864080486d,full_annotation_v1,A,q_귀금속_09,주얼리 사는 데,패션·잡화 중 '귀금속'을 판매·제공하는 매장,test,귀금속,T4 구어·문장,9d846251-645f-4e8f-8afe-25d27df2115f,옥신,귀금속,골드테마거리,전통시장,부산광역시,,,
3f3a516d132010e8a317,full_annotation_v1,A,q_귀금속_09,주얼리 사는 데,패션·잡화 중 '귀금속'을 판매·제공하는 매장,test,귀금속,T4 구어·문장,30bf7d12-c06d-48a4-bcaf-f307725b7ea0,영화귀금속,귀금속,충장로45가 상점가,자율상권구역,광주광역시,,,
e6586d6766e65714ecf7,full_annotation_v1,A,q_귀금속_09,주얼리 사는 데,패션·잡화 중 '귀금속'을 판매·제공하는 매장,test,귀금속,T4 구어·문장,00ee1cd3-ec15-467a-86d2-07e596d7d395,금옥당,"귀금속, 시계 소매",골드테마거리,전통시장,부산광역시,,,
d34294be87964215febf,full_annotation_v1,A,q_귀금속_09,주얼리 사는 데,패션·잡화 중 '귀금속'을 판매·제공하는 매장,test,귀금속,T4 구어·문장,607695d5-67e1-4751-b220-d93cd73d3f21,세금당,귀금속,팔달시장,전통시장,대구광역시,,,
600dc9755d70fc49f45d,full_annotation_v1,A,q_귀금속_09,주얼리 사는 데,패션·잡화 중 '귀금속'을 판매·제공하는 매장,test,귀금속,T4 구어·문장,c39095be-a8a6-4e00-9e88-a86045cbe3a7,금다온 주얼리,,골드테마거리,전통시장,부산광역시,,,
66a644d4014e3cb290a1,full_annotation_v1,A,q_귀금속_09,주얼리 사는 데,패션·잡화 중 '귀금속'을 판매·제공하는 매장,test,귀금속,T4 구어·문장,f92d8805-6fde-43fb-a43c-7ca90a917a70,초록귀금속,귀금속,거제 장평종합시장,전통시장,경상남도,,,
93c4c3632b468cf1e6c4,full_annotation_v1,A,q_귀금속_09,주얼리 사는 데,패션·잡화 중 '귀금속'을 판매·제공하는 매장,test,귀금속,T4 구어·문장,06f92a02-db8d-46be-8ee1-213693507a55,오드워치,시계,남대문시장,전통시장,서울특별시,,,
3ac55df1a465f04f3753,full_annotation_v1,A,q_귀금속_09,주얼리 사는 데,패션·잡화 중 '귀금속'을 판매·제공하는 매장,test,귀금속,T4 구어·문장,004eaf2b-83b1-4387-9843-85074f3b3f6f,색동보석,보석,충주자유시장,전통시장,충청북도,,,
bc50603f621edd646c40,full_annotation_v1,A,q_귀금속_09,주얼리 사는 데,패션·잡화 중 '귀금속'을 판매·제공하는 매장,test,귀금속,T4 구어·문장,31970843-0b7f-4ca7-901e-feae69a91c1e,샵 주얼리,,하리오션시티 골목형상점가,골목형상점가,부산광역시,,,
d088b6a23153ead0669d,full_annotation_v1,A,q_귀금속_09,주얼리 사는 데,패션·잡화 중 '귀금속'을 판매·제공하는 매장,test,귀금속,T4 구어·문장,53c4c6cc-37b3-4ad8-87d7-a7c97ea1358c,귀금속프라자,귀금속,사강시장,전통시장,경기도,,,
df933d2a8b8c71c80a34,full_annotation_v1,A,q_귀금속_09,주얼리 사는 데,패션·잡화 중 '귀금속'을 판매·제공하는 매장,test,귀금속,T4 구어·문장,2256ae40-9020-4539-8b78-4bbe2116c342,업라이트,주얼리,첨단2동 골목형상점가,골목형상점가,광주광역시,,,
855c6b19fbbfcc2d1ba1,full_annotation_v1,A,q_귀금속_09,주얼리 사는 데,패션·잡화 중 '귀금속'을 판매·제공하는 매장,test,귀금속,T4 구어·문장,eff4e43f-e0b7-4205-a1c3-004c8748edbb,쇼메,귀금속,골드테마거리,전통시장,부산광역시,,,
6d44435666b7a5fe7166,full_annotation_v1,A,q_귀금속_09,주얼리 사는 데,패션·잡화 중 '귀금속'을 판매·제공하는 매장,test,귀금속,T4 구어·문장,370fe534-4763-4278-80e8-09bb0ba40c97,진금당,귀금속,도곡시장,자율상권구역,서울특별시,,,
4fe28882273a04054e5c,full_annotation_v1,A,q_귀금속_09,주얼리 사는 데,패션·잡화 중 '귀금속'을 판매·제공하는 매장,test,귀금속,T4 구어·문장,03d2f183-77cc-44c8-b4e4-f34ed3bcfa83,다나,"소매업(귀금속,액세서리,모조장신구)",코끼리시장,전통시장,경기도,,,
0d3e6463a4f94550dd2f,full_annotation_v1,A,q_귀금속_09,주얼리 사는 데,패션·잡화 중 '귀금속'을 판매·제공하는 매장,test,귀금속,T4 구어·문장,1b4fc6ab-fb68-477b-8e6c-d026cec6603b,리치,의류,서변중앙시장,전통시장,대구광역시,,,
65cdba44fbd90415b719,full_annotation_v1,A,q_귀금속_09,주얼리 사는 데,패션·잡화 중 '귀금속'을 판매·제공하는 매장,test,귀금속,T4 구어·문장,e63e5b86-a4d6-4094-9877-46941caa0acd,젬코,귀금속,골드테마거리,전통시장,부산광역시,,,
0c78b58a2692572a061a,full_annotation_v1,A,q_귀금속_09,주얼리 사는 데,패션·잡화 중 '귀금속'을 판매·제공하는 매장,test,귀금속,T4 구어·문장,122595ad-ba88-4fe7-9d07-11b1594a905e,현대청과,과일,두암1동 골목형상점가,골목형상점가,광주광역시,,,
31dce914360289ef1497,full_annotation_v1,A,q_귀금속_09,주얼리 사는 데,패션·잡화 중 '귀금속'을 판매·제공하는 매장,test,귀금속,T4 구어·문장,90110b15-b2c2-4093-a7f7-69c5c0c62857,배스킨라빈스,아이스크림,제민천 골목형상점가,골목형상점가,충청남도,,,
2d496bc6d0c27524fb65,full_annotation_v1,A,q_귀금속_09,주얼리 사는 데,패션·잡화 중 '귀금속'을 판매·제공하는 매장,test,귀금속,T4 구어·문장,bd5491a2-34c2-41b6-9820-3a44bb6c7a5b,해피니스,주얼리,법원단지길골목형상점가,골목형상점가,서울특별시,,,
27a70e55c4172e57e92b,full_annotation_v1,A,q_귀금속_09,주얼리 사는 데,패션·잡화 중 '귀금속'을 판매·제공하는 매장,test,귀금속,T4 구어·문장,49a3fe9c-bbf7-42a9-a741-99166f39ce92,진보당,금은방,진해중앙시장,전통시장,경상남도,,,
33100e03e8a291c11328,full_annotation_v1,A,q_귀금속_09,주얼리 사는 데,패션·잡화 중 '귀금속'을 판매·제공하는 매장,test,귀금속,T4 구어·문장,90e5aed7-f1ec-4262-9c89-2a1af6fd7ffb,티파니,주얼리,의정부역지하상가,일반지하상점가,경기도,,,
ff7f68ec42e1fbf0f16b,full_annotation_v1,A,q_귀금속_09,주얼리 사는 데,패션·잡화 중 '귀금속'을 판매·제공하는 매장,test,귀금속,T4 구어·문장,ea7c690a-1aab-44de-b7b3-b4319e7717a4,보곡당,귀금속,진해중앙시장,전통시장,경상남도,,,
8be7a022ea782f896d0c,full_annotation_v1,A,q_귀금속_09,주얼리 사는 데,패션·잡화 중 '귀금속'을 판매·제공하는 매장,test,귀금속,T4 구어·문장,5c87873d-08dd-4da1-8365-3b98b0a8c3c2,달링달링 봉담점,주얼리,효행구봉담상점가,골목형상점가,경기도,,,
f02c95c93f4b95f594ae,full_annotation_v1,A,q_귀금속_09,주얼리 사는 데,패션·잡화 중 '귀금속'을 판매·제공하는 매장,test,귀금속,T4 구어·문장,d9ab5b09-09a9-41d1-b4d0-76845a1c43e0,유니오주얼리,주얼리,삼익패션타운,전통시장,서울특별시,,,
02b84c48fe280f26f2ff,full_annotation_v1,A,q_귀금속_09,주얼리 사는 데,패션·잡화 중 '귀금속'을 판매·제공하는 매장,test,귀금속,T4 구어·문장,73ec7fde-e568-490b-b6ff-91787aa3f7cb,쥬엘,귀금속,대구패션주얼리특구,자율상권구역,대구광역시,,,
5cf46ebb85a282ad943e,full_annotation_v1,A,q_귀금속_09,주얼리 사는 데,패션·잡화 중 '귀금속'을 판매·제공하는 매장,test,귀금속,T4 구어·문장,0038905e-d969-4b31-b09f-c35bdc0b9b8b,영보석,귀금속,촬영소사거리골목형상점가,골목형상점가,서울특별시,,,
a6ab5a2f013ab68c9bd7,full_annotation_v1,A,q_귀금속_09,주얼리 사는 데,패션·잡화 중 '귀금속'을 판매·제공하는 매장,test,귀금속,T4 구어·문장,99853446-9549-40a8-a9a9-6c1585eb069a,주얼리 비원,주얼리,풍암새누리상인회 골목형상점가,골목형상점가,광주광역시,,,
e5d51a3726fb2c9e63bb,full_annotation_v1,A,q_귀금속_09,주얼리 사는 데,패션·잡화 중 '귀금속'을 판매·제공하는 매장,test,귀금속,T4 구어·문장,03d999c9-d1ad-4f94-8fa6-a7f9bf1c412d,갱'S쥬얼리,"귀금속, 시계",신림별빛거리골목형상점가,골목형상점가,서울특별시,,,
c6bc716881e2277dceef,full_annotation_v1,A,q_귀금속_09,주얼리 사는 데,패션·잡화 중 '귀금속'을 판매·제공하는 매장,test,귀금속,T4 구어·문장,4f2eeb24-3135-457a-ad76-b0a9bda5e930,상금당,귀금속,개금골목시장,전통시장,부산광역시,,,
e180831f28cc77a7fc79,full_annotation_v1,A,q_귀금속_09,주얼리 사는 데,패션·잡화 중 '귀금속'을 판매·제공하는 매장,test,귀금속,T4 구어·문장,e818302b-511c-48de-9174-d74315411a2c,金보석,귀금속,밀양 원도심 햇살문화 상권활성화 구역,상권활성화구역,경상남도,,,
f46df1d0b32dce765662,full_annotation_v1,A,q_귀금속_09,주얼리 사는 데,패션·잡화 중 '귀금속'을 판매·제공하는 매장,test,귀금속,T4 구어·문장,ab5f9272-a3d4-4784-b6de-a3aa8f12f3ce,오르니크,주얼리,순천원도심상점가,자율상권구역,전라남도,,,
1b42e3d58236461dcda4,full_annotation_v1,A,q_귀금속_09,주얼리 사는 데,패션·잡화 중 '귀금속'을 판매·제공하는 매장,test,귀금속,T4 구어·문장,3cb4a2bf-e614-4572-9f50-63a8e61ad24f,러뷰보석,주얼리,(포항)법원로 골목형상점가,골목형상점가,경상북도,,,
8043a33c3c84fb7ba851,full_annotation_v1,A,q_귀금속_09,주얼리 사는 데,패션·잡화 중 '귀금속'을 판매·제공하는 매장,test,귀금속,T4 구어·문장,29dd535c-5a04-4924-8275-85c5a1737d88,금요일,주얼리,갈매광장 골목형상점가,골목형상점가,경기도,,,
2abd5928d9110605e102,full_annotation_v1,A,q_귀금속_09,주얼리 사는 데,패션·잡화 중 '귀금속'을 판매·제공하는 매장,test,귀금속,T4 구어·문장,7e194087-5a1b-4a6f-b2cd-f0a892445a69,예당귀금속,주얼리,구월시장,전통시장,인천광역시,,,
c6c01fd88b64a36e68f9,full_annotation_v1,A,q_귀금속_09,주얼리 사는 데,패션·잡화 중 '귀금속'을 판매·제공하는 매장,test,귀금속,T4 구어·문장,4032e577-cabb-401c-be9b-b141b8cb6990,제이나,악세사리 주얼리 잡화,중계 씨앤미 상가,자율상권구역,서울특별시,,,
88a248813abd54d4784d,full_annotation_v1,A,q_귀금속_09,주얼리 사는 데,패션·잡화 중 '귀금속'을 판매·제공하는 매장,test,귀금속,T4 구어·문장,a54a3ab8-d1b5-4844-80b7-ac70fad66dc0,에테르주얼리,반지 및 악세서리,대봉애 골목형상점가,골목형상점가,대구광역시,,,
0bed2393b65dfb60725d,full_annotation_v1,A,q_귀금속_09,주얼리 사는 데,패션·잡화 중 '귀금속'을 판매·제공하는 매장,test,귀금속,T4 구어·문장,9e42a89f-db82-4aee-81e9-2247d4e2cd47,립씨엘,주얼리,경동시장,전통시장,서울특별시,,,
282ac388e80116db3706,full_annotation_v1,A,q_귀금속_09,주얼리 사는 데,패션·잡화 중 '귀금속'을 판매·제공하는 매장,test,귀금속,T4 구어·문장,a8697e9b-8a44-432d-9000-48d99ccc1c83,쥬델,귀금속,중앙종합시장,전통시장,대전광역시,,,
c859349a755e29d0b548,full_annotation_v1,A,q_귀금속_09,주얼리 사는 데,패션·잡화 중 '귀금속'을 판매·제공하는 매장,test,귀금속,T4 구어·문장,a73c81f3-a1cc-4a81-a8b0-0953db4a54e7,홍주,"의류, 주얼리",의정부제일시장,전통시장,경기도,,,
683ac872ab5f56e1b421,full_annotation_v1,A,q_귀금속_09,주얼리 사는 데,패션·잡화 중 '귀금속'을 판매·제공하는 매장,test,귀금속,T4 구어·문장,7f1827f2-b254-429a-9111-501b6622abc7,귀금당,귀금속,진주 논개시장,전통시장,경상남도,,,
05a45f7127889c7ce4be,full_annotation_v1,A,q_귀금속_09,주얼리 사는 데,패션·잡화 중 '귀금속'을 판매·제공하는 매장,test,귀금속,T4 구어·문장,3e192f12-c6e5-4e70-babb-c45ba0472c16,크림,식품,제민천 골목형상점가,골목형상점가,충청남도,,,
5b3ed0b6ebc46291ec99,full_annotation_v1,A,q_귀금속_09,주얼리 사는 데,패션·잡화 중 '귀금속'을 판매·제공하는 매장,test,귀금속,T4 구어·문장,905fdfef-83ca-4ed1-be97-3b0170dabcdb,젬하우스,악세사리 반지공방,신사세로수길골목형상점가,골목형상점가,서울특별시,,,
d704d322d5852620d683,full_annotation_v1,A,q_귀금속_09,주얼리 사는 데,패션·잡화 중 '귀금속'을 판매·제공하는 매장,test,귀금속,T4 구어·문장,371f6fab-9e7e-4cf0-aa20-285c5fdb9440,골드귀금속,귀금속,관고전통시장,전통시장,경기도,,,
3b63563b4cd0262e1b9b,full_annotation_v1,A,q_귀금속_09,주얼리 사는 데,패션·잡화 중 '귀금속'을 판매·제공하는 매장,test,귀금속,T4 구어·문장,aecfd023-8d79-4268-bf6a-8efe135a09ba,제이스주얼리,주얼리,천안신부문화거리상점가,자율상권구역,충청남도,,,
f68bf93998b59b10361d,full_annotation_v1,A,q_귀금속_09,주얼리 사는 데,패션·잡화 중 '귀금속'을 판매·제공하는 매장,test,귀금속,T4 구어·문장,085465ef-544c-4898-9421-c8b9babe2186,해와달,소매(준보석),천호로데오거리상점가,자율상권구역,서울특별시,,,
b483aaaec9e908012898,full_annotation_v1,A,q_귀금속_09,주얼리 사는 데,패션·잡화 중 '귀금속'을 판매·제공하는 매장,test,귀금속,T4 구어·문장,f41de799-620d-4701-af86-b02d09d2469a,인비저블꼴라주,주얼리,북촌계동길골목형상점가,골목형상점가,서울특별시,,,
35ac980c9bf9bce70d2b,full_annotation_v1,A,q_귀금속_09,주얼리 사는 데,패션·잡화 중 '귀금속'을 판매·제공하는 매장,test,귀금속,T4 구어·문장,b5076f37-836a-4f69-a28b-ecda5d42710c,엔틱블랑&대도라인,인테리어소품,마산 부림상시장,전통시장,경상남도,,,
3e1d9d4d98fb01a5c898,full_annotation_v1,A,q_귀금속_09,주얼리 사는 데,패션·잡화 중 '귀금속'을 판매·제공하는 매장,test,귀금속,T4 구어·문장,55fd2cdd-161a-4ba5-b68e-b73668db1f29,주얼리,액세서리,성남중앙지하시장,일반지하상점가,경기도,,,
87f16f96b56c2f834dca,full_annotation_v1,A,q_귀금속_09,주얼리 사는 데,패션·잡화 중 '귀금속'을 판매·제공하는 매장,test,귀금속,T4 구어·문장,0cf82b2a-71a4-4657-b871-9a52288c43c1,반지만들기공방반지놀이터울산점,반지만들기,성남먹자골목,골목형상점가,울산광역시,,,
94a49beb2b463961678b,full_annotation_v1,A,q_귀금속_09,주얼리 사는 데,패션·잡화 중 '귀금속'을 판매·제공하는 매장,test,귀금속,T4 구어·문장,5657e286-0340-4b81-a82d-433ac10ebd3f,153쥬얼,주얼리 패션잡화,포항죽도농산물시장,전통시장,경상북도,,,
ee296ff201921a0b0d4e,full_annotation_v1,A,q_귀금속_09,주얼리 사는 데,패션·잡화 중 '귀금속'을 판매·제공하는 매장,test,귀금속,T4 구어·문장,8a9bedea-4867-4ecd-9c2f-0738b2cfe7c3,지미네세탁소,서비스(세탁),강남개포시장(구 개포2동중심상점가),자율상권구역,서울특별시,,,
d4add57852b079ab2e27,full_annotation_v1,A,q_귀금속_09,주얼리 사는 데,패션·잡화 중 '귀금속'을 판매·제공하는 매장,test,귀금속,T4 구어·문장,aac6b3a7-acb7-4ea4-a532-97b4b4fcf8a8,수금당,귀금속,성남프라자,전통시장,울산광역시,,,
869960799dc99a3346bd,full_annotation_v1,A,q_귀금속_09,주얼리 사는 데,패션·잡화 중 '귀금속'을 판매·제공하는 매장,test,귀금속,T4 구어·문장,bbfa4939-f003-41d1-9a1c-737d4277b97d,축복흑염소건강원,건강원,산본전통시장(구 군포산본시장),전통시장,경기도,,,
24803c2d1a28bdf0bd61,full_annotation_v1,A,q_귀금속_09,주얼리 사는 데,패션·잡화 중 '귀금속'을 판매·제공하는 매장,test,귀금속,T4 구어·문장,7bc5be7d-8d1d-407c-a415-89cbbfbfd438,송죽닭갈비,닭갈비막국수,송죽만석 골목형상점가,골목형상점가,경기도,,,
b3ae1bf8228cf1e8830b,full_annotation_v1,A,q_귀금속_09,주얼리 사는 데,패션·잡화 중 '귀금속'을 판매·제공하는 매장,test,귀금속,T4 구어·문장,a2b91ba6-d538-43b5-bdc0-7b3f7df0ede9,흰,귀금속,북촌계동길골목형상점가,골목형상점가,서울특별시,,,
1a4d4cc21e6095f914f1,full_annotation_v1,A,q_귀금속_09,주얼리 사는 데,패션·잡화 중 '귀금속'을 판매·제공하는 매장,test,귀금속,T4 구어·문장,39eee286-002c-4bcc-a623-10e0f14b5463,협동상회,농산물,공주산성시장,전통시장,충청남도,,,
62d44a3801b6197c2756,full_annotation_v1,A,q_귀금속_09,주얼리 사는 데,패션·잡화 중 '귀금속'을 판매·제공하는 매장,test,귀금속,T4 구어·문장,edc97583-d1d8-4b89-9615-b811244fa81b,주식회사 세계로,주얼리,염매시장(구 덕산시장),전통시장,대구광역시,,,
5763d1ec6c3acdc10067,full_annotation_v1,A,q_귀금속_09,주얼리 사는 데,패션·잡화 중 '귀금속'을 판매·제공하는 매장,test,귀금속,T4 구어·문장,fb28f966-8006-43a5-9c4d-e623b409c83e,보석장,귀금속,창원 가음시장대상가,전통시장,경상남도,,,
235cf2a39f6fa968f7b9,full_annotation_v1,A,q_귀금속_09,주얼리 사는 데,패션·잡화 중 '귀금속'을 판매·제공하는 매장,test,귀금속,T4 구어·문장,41d1a369-f00a-4d58-8135-66f6f2e80aac,지반,귀금속,대구패션주얼리특구,자율상권구역,대구광역시,,,
d81de072d1c6f60c7c81,full_annotation_v1,A,q_귀금속_09,주얼리 사는 데,패션·잡화 중 '귀금속'을 판매·제공하는 매장,test,귀금속,T4 구어·문장,4e9fcbed-1342-4b0b-b8a3-5db5e1e0635a,영동수산,수산물,노량진수산시장골목형상점가,골목형상점가,서울특별시,,,
257439a013267da86687,full_annotation_v1,A,q_귀금속_09,주얼리 사는 데,패션·잡화 중 '귀금속'을 판매·제공하는 매장,test,귀금속,T4 구어·문장,38734df9-1aea-49b2-9050-25ba327f052d,호박당,금은방(귀금속),전주모래내시장,전통시장,전북특별자치도,,,
cb74d7ab2947c663fd16,full_annotation_v1,A,q_귀금속_09,주얼리 사는 데,패션·잡화 중 '귀금속'을 판매·제공하는 매장,test,귀금속,T4 구어·문장,18dd5715-f963-495d-b161-d7d28772a2ab,현대보석,"금, 은, 보석시계",전통중앙도매상가,전통시장,대전광역시,,,
499ff7d4c70feb18058f,full_annotation_v1,A,q_귀금속_09,주얼리 사는 데,패션·잡화 중 '귀금속'을 판매·제공하는 매장,test,귀금속,T4 구어·문장,f6226a71-1c88-43d0-b8b9-fd610412d6a3,뤼미에르,주얼리 악세사리,새롬BRT 골목형상점가,골목형상점가,세종특별자치시,,,
45fdf0b4fbb1bb10f7c5,full_annotation_v1,A,q_귀금속_09,주얼리 사는 데,패션·잡화 중 '귀금속'을 판매·제공하는 매장,test,귀금속,T4 구어·문장,4af6128c-51b1-4ea8-ae60-2b958126a172,원보석,소매(금은방),우림골목시장,전통시장,서울특별시,,,
fd32777b9db51c804474,full_annotation_v1,A,q_귀금속_09,주얼리 사는 데,패션·잡화 중 '귀금속'을 판매·제공하는 매장,test,귀금속,T4 구어·문장,c01ef315-5273-480e-a31e-ec2f7509e0cb,금강당,귀금속,남부골목시장,전통시장,서울특별시,,,
2c93cf2c33d0a14e8ecc,full_annotation_v1,A,q_귀금속_09,주얼리 사는 데,패션·잡화 중 '귀금속'을 판매·제공하는 매장,test,귀금속,T4 구어·문장,10de78d1-e53e-4617-8bf1-5c53e8665faa,경일사,"보석, 시계",송탄시장(송북시장),전통시장,경기도,,,
cc4dab5b054ad9aaa460,full_annotation_v1,A,q_귀금속_09,주얼리 사는 데,패션·잡화 중 '귀금속'을 판매·제공하는 매장,test,귀금속,T4 구어·문장,79786f48-9ec9-4d49-9550-2f0c204ab682,주쥬,귀금속,골드테마거리,전통시장,부산광역시,,,
6430491ee2fbfeb0142a,full_annotation_v1,A,q_귀금속_09,주얼리 사는 데,패션·잡화 중 '귀금속'을 판매·제공하는 매장,test,귀금속,T4 구어·문장,7b34a7a0-8abc-4472-a552-a380a349dec8,오르디오르,주얼리,신흥시장,전통시장,서울특별시,,,
07c153ee97c65ffd7d8e,full_annotation_v1,A,q_귀금속_09,주얼리 사는 데,패션·잡화 중 '귀금속'을 판매·제공하는 매장,test,귀금속,T4 구어·문장,302f4279-8179-4419-8425-73c11e7e028d,도쿄앤펄,주얼리,중앙 상권활성화구역,상권활성화구역,울산광역시,,,
ee83ee29e84e735b660c,full_annotation_v1,A,q_귀금속_09,주얼리 사는 데,패션·잡화 중 '귀금속'을 판매·제공하는 매장,test,귀금속,T4 구어·문장,a754851e-0e1d-4357-acbb-b1dca71ecd3f,업라이트,주얼리,동명동 카페거리 골목형상점가,골목형상점가,광주광역시,,,
492c15c263cb65c54234,full_annotation_v1,A,q_귀금속_09,주얼리 사는 데,패션·잡화 중 '귀금속'을 판매·제공하는 매장,test,귀금속,T4 구어·문장,022f2fd5-a34e-4313-aad7-e333c361e000,귀금당,귀금속,옥골시장,전통시장,울산광역시,,,
ff697851caba07f0f552,full_annotation_v1,A,q_귀금속_09,주얼리 사는 데,패션·잡화 중 '귀금속'을 판매·제공하는 매장,test,귀금속,T4 구어·문장,73947765-3a97-4a07-9f63-cbc493ec678e,아트J,주얼리,대구패션주얼리특구,자율상권구역,대구광역시,,,
d561541fec767152f23a,full_annotation_v1,A,q_귀금속_09,주얼리 사는 데,패션·잡화 중 '귀금속'을 판매·제공하는 매장,test,귀금속,T4 구어·문장,4243d89c-b92b-44f4-b1b7-b5166be0deff,프리그 주얼리,,파워존 골목형상점가,골목형상점가,대전광역시,,,
518a9078d53ad160ec66,full_annotation_v1,A,q_귀금속_09,주얼리 사는 데,패션·잡화 중 '귀금속'을 판매·제공하는 매장,test,귀금속,T4 구어·문장,4234c3dc-659d-4f03-9b56-90ab29de6482,업라이트,주얼리,전남대후문골목형상점가,골목형상점가,광주광역시,,,
7af8ce1043911a19590f,full_annotation_v1,A,q_귀금속_09,주얼리 사는 데,패션·잡화 중 '귀금속'을 판매·제공하는 매장,test,귀금속,T4 구어·문장,0188cda6-6441-4058-82b0-0cb89e035583,친한친구,액세서리,㈜르네시떼,전통시장,부산광역시,,,
dcd8ab443dd2185a059b,full_annotation_v1,A,q_귀금속_09,주얼리 사는 데,패션·잡화 중 '귀금속'을 판매·제공하는 매장,test,귀금속,T4 구어·문장,df95dbf6-8904-44fa-b4a8-264d5a541a33,마노,주얼리,부평중앙 지하상가,일반지하상점가,인천광역시,,,
c77839b464ff8c101cb1,full_annotation_v1,A,q_귀금속_09,주얼리 사는 데,패션·잡화 중 '귀금속'을 판매·제공하는 매장,test,귀금속,T4 구어·문장,c629ece4-02c6-4829-ac0b-da16e1d748b9,정확사,귀금속,구리전통시장,전통시장,경기도,,,
25a0e8c586168c8f00f7,full_annotation_v1,A,q_귀금속_09,주얼리 사는 데,패션·잡화 중 '귀금속'을 판매·제공하는 매장,test,귀금속,T4 구어·문장,b666fb7a-335f-4504-8447-19e9d46eb360,굳앤굳,귀금속엑사사리,부평역지하상가,일반지하상점가,인천광역시,,,
1218a76b3f8452704e00,full_annotation_v1,A,q_귀금속_09,주얼리 사는 데,패션·잡화 중 '귀금속'을 판매·제공하는 매장,test,귀금속,T4 구어·문장,ab08e689-f974-4af6-b4b1-e130bd0b2794,가락지,주얼리,매봉 골목형상점가,골목형상점가,광주광역시,,,
12966b2b2f8bb06bad73,full_annotation_v1,A,q_귀금속_09,주얼리 사는 데,패션·잡화 중 '귀금속'을 판매·제공하는 매장,test,귀금속,T4 구어·문장,016d2bb5-8af2-45c2-8456-33067cd315bb,황금당,"금, 시계",홍성명동상가,자율상권구역,충청남도,,,
a5dcf151ad955d1d08fe,full_annotation_v1,A,q_귀금속_09,주얼리 사는 데,패션·잡화 중 '귀금속'을 판매·제공하는 매장,test,귀금속,T4 구어·문장,00ec77a3-3e9a-4a5b-b837-c4014ef84285,은은하당,귀금속소매업,테크노밸리 골목형상점가,골목형상점가,대전광역시,,,
95328e91360cdb9b4906,full_annotation_v1,A,q_귀금속_09,주얼리 사는 데,패션·잡화 중 '귀금속'을 판매·제공하는 매장,test,귀금속,T4 구어·문장,166c9193-005d-4dc3-8637-ed2bfd71be6f,부산금은방 남매금빵,,골드테마거리,전통시장,부산광역시,,,
6a3ef22cb21b900d6650,full_annotation_v1,A,q_귀금속_09,주얼리 사는 데,패션·잡화 중 '귀금속'을 판매·제공하는 매장,test,귀금속,T4 구어·문장,29506671-4ed6-4b85-bcba-e7001c279b60,대작스튜디오,사진촬영,시흥삼미시장,전통시장,경기도,,,
bdcf1ca884a812674add,full_annotation_v1,A,q_귀금속_09,주얼리 사는 데,패션·잡화 중 '귀금속'을 판매·제공하는 매장,test,귀금속,T4 구어·문장,36ff21ca-0e11-4cb9-b41d-a11b2d0550b8,수누주얼리,,대봉모리 골목형상점가,골목형상점가,대구광역시,,,
3404e9d237c8a1511a03,full_annotation_v1,A,q_귀금속_09,주얼리 사는 데,패션·잡화 중 '귀금속'을 판매·제공하는 매장,test,귀금속,T4 구어·문장,282b0e8b-051c-49f9-a707-b982df803589,까라벨라 데 오르,스파게티,동명동 카페거리 골목형상점가,골목형상점가,광주광역시,,,
136bc4cf058f46dec5e8,full_annotation_v1,A,q_귀금속_09,주얼리 사는 데,패션·잡화 중 '귀금속'을 판매·제공하는 매장,test,귀금속,T4 구어·문장,409fe8c3-1560-4d16-bc24-f5781bb345be,종로귀금속,귀금속,전통중앙도매상가,전통시장,대전광역시,,,
c57adf265d64e2916a38,full_annotation_v1,A,q_귀금속_09,주얼리 사는 데,패션·잡화 중 '귀금속'을 판매·제공하는 매장,test,귀금속,T4 구어·문장,710db2d9-9dbb-40f3-ac3a-9b624483b6b0,소예당,주얼리,새롬동 골목형상점가,골목형상점가,세종특별자치시,,,
66fa18391cd710774341,full_annotation_v1,A,q_귀금속_09,주얼리 사는 데,패션·잡화 중 '귀금속'을 판매·제공하는 매장,test,귀금속,T4 구어·문장,0056f9b4-b953-40f2-b820-71d6e7b46c58,주얼리루비,귀금속,하남 골목형상점가,골목형상점가,광주광역시,,,
5cc9dbd45e7c331ab4f7,full_annotation_v1,A,q_귀금속_09,주얼리 사는 데,패션·잡화 중 '귀금속'을 판매·제공하는 매장,test,귀금속,T4 구어·문장,dbeb50e6-dcc2-4c0d-bfd3-34d2de7fdaa9,나리플뢰르(NARIFLEUR),주얼리,반드레길골목형상점가,골목형상점가,서울특별시,,,
b4966b0325c4ff80dd85,full_annotation_v1,A,q_귀금속_09,주얼리 사는 데,패션·잡화 중 '귀금속'을 판매·제공하는 매장,test,귀금속,T4 구어·문장,91d77d49-0158-4313-9dd8-276944259054,아망뜨,"주얼리, 귀금속",서산중앙상가,자율상권구역,충청남도,,,
e1d30b8c1328c5a9e60c,full_annotation_v1,A,q_귀금속_09,주얼리 사는 데,패션·잡화 중 '귀금속'을 판매·제공하는 매장,test,귀금속,T4 구어·문장,78fd0c56-8e37-4235-9286-55a4db6f65f8,태금당,귀금속,"온양온천시장(온양재래시장, 전통시장)",전통시장,충청남도,,,
2964cc58677c097b1a33,full_annotation_v1,A,q_귀금속_09,주얼리 사는 데,패션·잡화 중 '귀금속'을 판매·제공하는 매장,test,귀금속,T4 구어·문장,f85fcc7d-4404-4f62-8a7b-8f05946b4c9f,삼호골드,주얼리,삼호읍 중앙 골목형상점가,골목형상점가,전라남도,,,
4d4ee11590739a105808,full_annotation_v1,A,q_귀금속_09,주얼리 사는 데,패션·잡화 중 '귀금속'을 판매·제공하는 매장,test,귀금속,T4 구어·문장,6b19069e-1d57-4555-8b95-047667525f89,레오네 주일리,주얼리,거제 상동 골목형상점가,골목형상점가,경상남도,,,
d6893b0ea63cdded7658,full_annotation_v1,A,q_귀금속_09,주얼리 사는 데,패션·잡화 중 '귀금속'을 판매·제공하는 매장,test,귀금속,T4 구어·문장,57ed8e5f-3d34-4037-8b0a-1d34333f739b,금줄,귀금속,대구패션주얼리특구,자율상권구역,대구광역시,,,
3fd147947ad3a0c0768d,full_annotation_v1,A,q_귀금속_09,주얼리 사는 데,패션·잡화 중 '귀금속'을 판매·제공하는 매장,test,귀금속,T4 구어·문장,0308940f-189d-41bd-9a0c-cae20bfc8b65,실버투유,액세서리,남대문시장,전통시장,서울특별시,,,
ede43f9c7ede01887b43,full_annotation_v1,A,q_귀금속_09,주얼리 사는 데,패션·잡화 중 '귀금속'을 판매·제공하는 매장,test,귀금속,T4 구어·문장,bd3a58fd-59e3-43e0-a327-61bfcf64b85f,금맥,귀금속,대구패션주얼리특구,자율상권구역,대구광역시,,,
e3f6657e3fbfc437d753,full_annotation_v1,A,q_귀금속_09,주얼리 사는 데,패션·잡화 중 '귀금속'을 판매·제공하는 매장,test,귀금속,T4 구어·문장,3e83d8ee-19b6-4f78-bef8-4ccd8a6acda2,동광당,금은방,전주중앙상가시장,전통시장,전북특별자치도,,,
bd28c8493306d8348265,full_annotation_v1,A,q_귀금속_09,주얼리 사는 데,패션·잡화 중 '귀금속'을 판매·제공하는 매장,test,귀금속,T4 구어·문장,03425599-9eed-4d3b-8682-d3c2e620325e,초량전통시장 노점매대 54번,액세서리,초량전통시장,전통시장,부산광역시,,,
4883802277ce2d10b519,full_annotation_v1,A,q_귀금속_09,주얼리 사는 데,패션·잡화 중 '귀금속'을 판매·제공하는 매장,test,귀금속,T4 구어·문장,f14df4d3-9858-4a8b-8597-20fd477d8e32,갤러리 데 루치아,가구,용인어정가구단지상점가,자율상권구역,경기도,,,
a87334cbad67a0336dcc,full_annotation_v1,A,q_귀금속_09,주얼리 사는 데,패션·잡화 중 '귀금속'을 판매·제공하는 매장,test,귀금속,T4 구어·문장,e81105a7-36d3-440e-9b78-f92c82fcf615,비에르 주얼리,귀금속,고운마음 골목형상점가,골목형상점가,세종특별자치시,,,
fc6b11d1f7e2ce501459,full_annotation_v1,A,q_귀금속_10,귀금속추천,패션·잡화 중 '귀금속'을 판매·제공하는 매장,test,귀금속,T6 기계변형,06f92a02-db8d-46be-8ee1-213693507a55,오드워치,시계,남대문시장,전통시장,서울특별시,,,
e692fd255cc90ee7f981,full_annotation_v1,A,q_귀금속_10,귀금속추천,패션·잡화 중 '귀금속'을 판매·제공하는 매장,test,귀금속,T6 기계변형,76567eac-1dce-4148-aa5f-7b0b8329ec34,서울수산,수산물,온천인정시장,전통시장,부산광역시,,,
05be4cd0d3f42b996ea8,full_annotation_v1,A,q_귀금속_10,귀금속추천,패션·잡화 중 '귀금속'을 판매·제공하는 매장,test,귀금속,T6 기계변형,a2c182ca-cdcf-453c-a32d-802993ee3091,은백귀금속,귀금속,춘천동부시장,전통시장,강원특별자치도,,,
703b7f1f2986c0fba5ec,full_annotation_v1,A,q_귀금속_10,귀금속추천,패션·잡화 중 '귀금속'을 판매·제공하는 매장,test,귀금속,T6 기계변형,e818302b-511c-48de-9174-d74315411a2c,金보석,귀금속,밀양 원도심 햇살문화 상권활성화 구역,상권활성화구역,경상남도,,,
1b113c9a062dfc4db99f,full_annotation_v1,A,q_귀금속_10,귀금속추천,패션·잡화 중 '귀금속'을 판매·제공하는 매장,test,귀금속,T6 기계변형,b666fb7a-335f-4504-8447-19e9d46eb360,굳앤굳,귀금속엑사사리,부평역지하상가,일반지하상점가,인천광역시,,,
1cae273c8df39b3b6f92,full_annotation_v1,A,q_귀금속_10,귀금속추천,패션·잡화 중 '귀금속'을 판매·제공하는 매장,test,귀금속,T6 기계변형,83c25b26-1a29-49d6-9233-a97620512be3,혜화동뒷고기,음식,수암상가시장,전통시장,울산광역시,,,
bb019459d2a52e00c4a0,full_annotation_v1,A,q_귀금속_10,귀금속추천,패션·잡화 중 '귀금속'을 판매·제공하는 매장,test,귀금속,T6 기계변형,9d846251-645f-4e8f-8afe-25d27df2115f,옥신,귀금속,골드테마거리,전통시장,부산광역시,,,
03e9976eed9fe975ad74,full_annotation_v1,A,q_귀금속_10,귀금속추천,패션·잡화 중 '귀금속'을 판매·제공하는 매장,test,귀금속,T6 기계변형,03425599-9eed-4d3b-8682-d3c2e620325e,초량전통시장 노점매대 54번,액세서리,초량전통시장,전통시장,부산광역시,,,
c0a3f81bcddcaf271a9a,full_annotation_v1,A,q_귀금속_10,귀금속추천,패션·잡화 중 '귀금속'을 판매·제공하는 매장,test,귀금속,T6 기계변형,f9cb26c5-8d3b-44e8-9485-391635810401,쥬벨,귀금속,골드테마거리,전통시장,부산광역시,,,
2270583b35010308a25b,full_annotation_v1,A,q_귀금속_10,귀금속추천,패션·잡화 중 '귀금속'을 판매·제공하는 매장,test,귀금속,T6 기계변형,0043881b-db89-4699-8cc4-29ff178f91ee,국제보석,귀금속,대구패션주얼리특구,자율상권구역,대구광역시,,,
404ed48cd60ddad3b614,full_annotation_v1,A,q_귀금속_10,귀금속추천,패션·잡화 중 '귀금속'을 판매·제공하는 매장,test,귀금속,T6 기계변형,085465ef-544c-4898-9421-c8b9babe2186,해와달,소매(준보석),천호로데오거리상점가,자율상권구역,서울특별시,,,
e6b2e0ddcee6bb42fc0f,full_annotation_v1,A,q_귀금속_10,귀금속추천,패션·잡화 중 '귀금속'을 판매·제공하는 매장,test,귀금속,T6 기계변형,460ba01f-bf29-44fa-b894-6d220f55a315,민속참기름,,효목마을 골목형상점가,골목형상점가,대구광역시,,,
3a9c71598a70a7fd1e53,full_annotation_v1,A,q_귀금속_10,귀금속추천,패션·잡화 중 '귀금속'을 판매·제공하는 매장,test,귀금속,T6 기계변형,0056f9b4-b953-40f2-b820-71d6e7b46c58,주얼리루비,귀금속,하남 골목형상점가,골목형상점가,광주광역시,,,
a06020d3a588df5476a4,full_annotation_v1,A,q_귀금속_10,귀금속추천,패션·잡화 중 '귀금속'을 판매·제공하는 매장,test,귀금속,T6 기계변형,03d999c9-d1ad-4f94-8fa6-a7f9bf1c412d,갱'S쥬얼리,"귀금속, 시계",신림별빛거리골목형상점가,골목형상점가,서울특별시,,,
51ec8ed63a384b3b4c88,full_annotation_v1,A,q_귀금속_10,귀금속추천,패션·잡화 중 '귀금속'을 판매·제공하는 매장,test,귀금속,T6 기계변형,fb28f966-8006-43a5-9c4d-e623b409c83e,보석장,귀금속,창원 가음시장대상가,전통시장,경상남도,,,
8827b42f077a4b505e92,full_annotation_v1,A,q_귀금속_10,귀금속추천,패션·잡화 중 '귀금속'을 판매·제공하는 매장,test,귀금속,T6 기계변형,34f6ab81-fcbb-43dc-a907-70901d53611e,카페 나팔꽃,커피,광흥창골목형상점가,골목형상점가,서울특별시,,,
21a5a724e8e02c867d73,full_annotation_v1,A,q_귀금속_10,귀금속추천,패션·잡화 중 '귀금속'을 판매·제공하는 매장,test,귀금속,T6 기계변형,76718342-b6a9-4871-9b43-f1bf3f43a73d,연산사계횟집,한식,연제오방 상권활성화구역,상권활성화구역,부산광역시,,,
caf6f6d529583297abc2,full_annotation_v1,A,q_귀금속_10,귀금속추천,패션·잡화 중 '귀금속'을 판매·제공하는 매장,test,귀금속,T6 기계변형,285cd18a-e1e3-401e-bd74-427d9470be61,도야짬뽕용봉점,중식,전남대 상대 골목형상점가,골목형상점가,광주광역시,,,
45fc2b1b1c482f1a9806,full_annotation_v1,A,q_귀금속_10,귀금속추천,패션·잡화 중 '귀금속'을 판매·제공하는 매장,test,귀금속,T6 기계변형,03d2f183-77cc-44c8-b4e4-f34ed3bcfa83,다나,"소매업(귀금속,액세서리,모조장신구)",코끼리시장,전통시장,경기도,,,
4b5f79b88f745f51ba1f,full_annotation_v1,A,q_귀금속_10,귀금속추천,패션·잡화 중 '귀금속'을 판매·제공하는 매장,test,귀금속,T6 기계변형,00ee1cd3-ec15-467a-86d2-07e596d7d395,금옥당,"귀금속, 시계 소매",골드테마거리,전통시장,부산광역시,,,
eb6e7f080b394bbcecbd,full_annotation_v1,A,q_귀금속_10,귀금속추천,패션·잡화 중 '귀금속'을 판매·제공하는 매장,test,귀금속,T6 기계변형,4f2eeb24-3135-457a-ad76-b0a9bda5e930,상금당,귀금속,개금골목시장,전통시장,부산광역시,,,
a76968e6d5cd2ea1e659,full_annotation_v1,A,q_귀금속_10,귀금속추천,패션·잡화 중 '귀금속'을 판매·제공하는 매장,test,귀금속,T6 기계변형,a2421117-3144-4c43-b2f4-e7aaba603ad3,사론,귀금속,골드테마거리,전통시장,부산광역시,,,
c11cc59f9350503f8e6a,full_annotation_v1,A,q_귀금속_10,귀금속추천,패션·잡화 중 '귀금속'을 판매·제공하는 매장,test,귀금속,T6 기계변형,bd3a58fd-59e3-43e0-a327-61bfcf64b85f,금맥,귀금속,대구패션주얼리특구,자율상권구역,대구광역시,,,
8732d32499567e024973,full_annotation_v1,A,q_귀금속_10,귀금속추천,패션·잡화 중 '귀금속'을 판매·제공하는 매장,test,귀금속,T6 기계변형,049f8988-fdf6-4dac-acb6-ef8b0af859fa,삼성당,시계,해미읍성전통시장,전통시장,충청남도,,,
27239dcf052bc643ab4e,full_annotation_v1,A,q_귀금속_10,귀금속추천,패션·잡화 중 '귀금속'을 판매·제공하는 매장,test,귀금속,T6 기계변형,0188cda6-6441-4058-82b0-0cb89e035583,친한친구,액세서리,㈜르네시떼,전통시장,부산광역시,,,
bf1b9b94535ba48cb448,full_annotation_v1,A,q_귀금속_10,귀금속추천,패션·잡화 중 '귀금속'을 판매·제공하는 매장,test,귀금속,T6 기계변형,84eb8ba1-59c8-4b99-8a74-e38da5dbd792,귀금당,"귀금속, 시계",㈜르네시떼,전통시장,부산광역시,,,
d77b8ef9048473419d9f,full_annotation_v1,A,q_귀금속_10,귀금속추천,패션·잡화 중 '귀금속'을 판매·제공하는 매장,test,귀금속,T6 기계변형,4af6128c-51b1-4ea8-ae60-2b958126a172,원보석,소매(금은방),우림골목시장,전통시장,서울특별시,,,
7d282ad1e22f1402991b,full_annotation_v1,A,q_귀금속_10,귀금속추천,패션·잡화 중 '귀금속'을 판매·제공하는 매장,test,귀금속,T6 기계변형,4336c67e-c771-4250-8131-6e674e73ccf8,동림식품,소매식품 및 잡화,양동닭전길시장,전통시장,,,,
6f7e4b3686b2e25521cd,full_annotation_v1,A,q_귀금속_10,귀금속추천,패션·잡화 중 '귀금속'을 판매·제공하는 매장,test,귀금속,T6 기계변형,1e79e0aa-b7e1-460d-a477-11c95addfc36,김씨상회,야채,부전상가시장,전통시장,부산광역시,,,
8cc5cdbc49f2129189f6,full_annotation_v1,A,q_귀금속_10,귀금속추천,패션·잡화 중 '귀금속'을 판매·제공하는 매장,test,귀금속,T6 기계변형,0cf82b2a-71a4-4657-b871-9a52288c43c1,반지만들기공방반지놀이터울산점,반지만들기,성남먹자골목,골목형상점가,울산광역시,,,
d245db8cc77e971bad25,full_annotation_v1,A,q_귀금속_10,귀금속추천,패션·잡화 중 '귀금속'을 판매·제공하는 매장,test,귀금속,T6 기계변형,e1cd936d-6182-424e-b6cb-86813e47f687,창춘,귀금속,대구패션주얼리특구,자율상권구역,대구광역시,,,
5b252b7ee57599d4d9f9,full_annotation_v1,A,q_귀금속_10,귀금속추천,패션·잡화 중 '귀금속'을 판매·제공하는 매장,test,귀금속,T6 기계변형,f92d8805-6fde-43fb-a43c-7ca90a917a70,초록귀금속,귀금속,거제 장평종합시장,전통시장,경상남도,,,
d23b73c5e5ad01067ae7,full_annotation_v1,A,q_귀금속_10,귀금속추천,패션·잡화 중 '귀금속'을 판매·제공하는 매장,test,귀금속,T6 기계변형,465ee171-50ef-4cc9-957d-4b1a704e89ec,궁중떡집,,효목마을 골목형상점가,골목형상점가,대구광역시,,,
942d517cccc148c99127,full_annotation_v1,A,q_귀금속_10,귀금속추천,패션·잡화 중 '귀금속'을 판매·제공하는 매장,test,귀금속,T6 기계변형,85f6cef5-8a49-447e-bb24-6143d7b60764,예돌젬,귀금속,대구패션주얼리특구,자율상권구역,대구광역시,,,
cf04c86d571a634dcc49,full_annotation_v1,A,q_귀금속_10,귀금속추천,패션·잡화 중 '귀금속'을 판매·제공하는 매장,test,귀금속,T6 기계변형,aac6b3a7-acb7-4ea4-a532-97b4b4fcf8a8,수금당,귀금속,성남프라자,전통시장,울산광역시,,,
8a228944cd8eeac1d967,full_annotation_v1,A,q_귀금속_10,귀금속추천,패션·잡화 중 '귀금속'을 판매·제공하는 매장,test,귀금속,T6 기계변형,c93583fe-cd6e-4288-8728-e34823274e54,BYC당진전문점,"내의, 스포츠의류",당진원시가지상가,자율상권구역,충청남도,,,
abc141c77047e5b5fb96,full_annotation_v1,A,q_귀금속_10,귀금속추천,패션·잡화 중 '귀금속'을 판매·제공하는 매장,test,귀금속,T6 기계변형,03d7c59b-0f64-4647-9c85-97eb7310d1cc,세이젬,"악세사리, 장신구, 귀금속, 시계, 지금",경주중심상가,전통시장,경상북도,,,
af3a3159d515b62d7d60,full_annotation_v1,A,q_귀금속_10,귀금속추천,패션·잡화 중 '귀금속'을 판매·제공하는 매장,test,귀금속,T6 기계변형,3e83d8ee-19b6-4f78-bef8-4ccd8a6acda2,동광당,금은방,전주중앙상가시장,전통시장,전북특별자치도,,,
a86df19197d54f4210d7,full_annotation_v1,A,q_귀금속_10,귀금속추천,패션·잡화 중 '귀금속'을 판매·제공하는 매장,test,귀금속,T6 기계변형,a2b91ba6-d538-43b5-bdc0-7b3f7df0ede9,흰,귀금속,북촌계동길골목형상점가,골목형상점가,서울특별시,,,
4a405a59095008b13ae5,full_annotation_v1,A,q_귀금속_10,귀금속추천,패션·잡화 중 '귀금속'을 판매·제공하는 매장,test,귀금속,T6 기계변형,53c4c6cc-37b3-4ad8-87d7-a7c97ea1358c,귀금속프라자,귀금속,사강시장,전통시장,경기도,,,
58602bfe7c9c9e98ed93,full_annotation_v1,A,q_귀금속_10,귀금속추천,패션·잡화 중 '귀금속'을 판매·제공하는 매장,test,귀금속,T6 기계변형,c8cb0a07-759b-4ba9-acc3-8bf89f4c43e3,찬영수산,수산물,자갈치시장,전통시장,부산광역시,,,
d38d06761008457fa28c,full_annotation_v1,A,q_귀금속_10,귀금속추천,패션·잡화 중 '귀금속'을 판매·제공하는 매장,test,귀금속,T6 기계변형,a54a3ab8-d1b5-4844-80b7-ac70fad66dc0,에테르주얼리,반지 및 악세서리,대봉애 골목형상점가,골목형상점가,대구광역시,,,
c7241c3b70333b974c7e,full_annotation_v1,A,q_귀금속_10,귀금속추천,패션·잡화 중 '귀금속'을 판매·제공하는 매장,test,귀금속,T6 기계변형,03398f1a-7a3f-446a-83bd-af19448c925b,미석,귀금속,창원 성원그랜드쇼핑상가,전통시장,경상남도,,,
df833b5f65a60ff05ddc,full_annotation_v1,A,q_귀금속_10,귀금속추천,패션·잡화 중 '귀금속'을 판매·제공하는 매장,test,귀금속,T6 기계변형,905fdfef-83ca-4ed1-be97-3b0170dabcdb,젬하우스,악세사리 반지공방,신사세로수길골목형상점가,골목형상점가,서울특별시,,,
603de60cbea357738914,full_annotation_v1,A,q_귀금속_10,귀금속추천,패션·잡화 중 '귀금속'을 판매·제공하는 매장,test,귀금속,T6 기계변형,c01ef315-5273-480e-a31e-ec2f7509e0cb,금강당,귀금속,남부골목시장,전통시장,서울특별시,,,
e7fb2587c4e45c99225f,full_annotation_v1,A,q_귀금속_10,귀금속추천,패션·잡화 중 '귀금속'을 판매·제공하는 매장,test,귀금속,T6 기계변형,bfd88ed7-915b-45aa-894b-41dde05ce3af,예금당,귀금속,수유프라자,전통시장,서울특별시,,,
8c86a029f44f08fa49d9,full_annotation_v1,A,q_귀금속_10,귀금속추천,패션·잡화 중 '귀금속'을 판매·제공하는 매장,test,귀금속,T6 기계변형,069cebbe-575a-40b5-9b2f-0a082b552037,별보석금나라,,전통중앙도매상가,전통시장,대전광역시,,,
8ff2fb4390f7590aa09e,full_annotation_v1,A,q_귀금속_10,귀금속추천,패션·잡화 중 '귀금속'을 판매·제공하는 매장,test,귀금속,T6 기계변형,5b626bfd-6a75-4dd1-adeb-ba95302874ce,에쎄귀금속,귀금속,창원 상남시장,전통시장,경상남도,,,
62c3f7c4e2e081660efe,full_annotation_v1,A,q_귀금속_10,귀금속추천,패션·잡화 중 '귀금속'을 판매·제공하는 매장,test,귀금속,T6 기계변형,595e9f12-9ff0-4c5d-8b49-e0fbb70a816b,하목리,귀금속,골드테마거리,전통시장,부산광역시,,,
7faeda28a17fbcdf1865,full_annotation_v1,A,q_귀금속_10,귀금속추천,패션·잡화 중 '귀금속'을 판매·제공하는 매장,test,귀금속,T6 기계변형,0038905e-d969-4b31-b09f-c35bdc0b9b8b,영보석,귀금속,촬영소사거리골목형상점가,골목형상점가,서울특별시,,,
a118d7b271ff7ed96035,full_annotation_v1,A,q_귀금속_10,귀금속추천,패션·잡화 중 '귀금속'을 판매·제공하는 매장,test,귀금속,T6 기계변형,0308940f-189d-41bd-9a0c-cae20bfc8b65,실버투유,액세서리,남대문시장,전통시장,서울특별시,,,
c6c550eb84d5f09675c6,full_annotation_v1,A,q_귀금속_10,귀금속추천,패션·잡화 중 '귀금속'을 판매·제공하는 매장,test,귀금속,T6 기계변형,004eaf2b-83b1-4387-9843-85074f3b3f6f,색동보석,보석,충주자유시장,전통시장,충청북도,,,
d7158cdfb676d869917d,full_annotation_v1,A,q_귀금속_10,귀금속추천,패션·잡화 중 '귀금속'을 판매·제공하는 매장,test,귀금속,T6 기계변형,386a3dba-4f0d-40d2-93d6-d8c9b4add21c,돈맛탱남구점,포장판매음식점,주월1동회재로 골목형상점가,골목형상점가,광주광역시,,,
26aa632780c8079a6129,full_annotation_v1,A,q_귀금속_10,귀금속추천,패션·잡화 중 '귀금속'을 판매·제공하는 매장,test,귀금속,T6 기계변형,e63e5b86-a4d6-4094-9877-46941caa0acd,젬코,귀금속,골드테마거리,전통시장,부산광역시,,,
b2e034e881968b02b711,full_annotation_v1,A,q_귀금속_10,귀금속추천,패션·잡화 중 '귀금속'을 판매·제공하는 매장,test,귀금속,T6 기계변형,07f8b8f4-9040-49c7-8e2b-25cbd6db3f96,서북당,귀금속,전통중앙도매상가,전통시장,대전광역시,,,
460c670d0bb5efff6474,full_annotation_v1,A,q_귀금속_10,귀금속추천,패션·잡화 중 '귀금속'을 판매·제공하는 매장,test,귀금속,T6 기계변형,c629ece4-02c6-4829-ac0b-da16e1d748b9,정확사,귀금속,구리전통시장,전통시장,경기도,,,
2926c1cd8b88237baf5c,full_annotation_v1,A,q_귀금속_10,귀금속추천,패션·잡화 중 '귀금속'을 판매·제공하는 매장,test,귀금속,T6 기계변형,00ec77a3-3e9a-4a5b-b837-c4014ef84285,은은하당,귀금속소매업,테크노밸리 골목형상점가,골목형상점가,대전광역시,,,
cb6d30599e4342e9c083,full_annotation_v1,A,q_귀금속_10,귀금속추천,패션·잡화 중 '귀금속'을 판매·제공하는 매장,test,귀금속,T6 기계변형,607695d5-67e1-4751-b220-d93cd73d3f21,세금당,귀금속,팔달시장,전통시장,대구광역시,,,
633286ced29b2d202949,full_annotation_v1,A,q_귀금속_10,귀금속추천,패션·잡화 중 '귀금속'을 판매·제공하는 매장,test,귀금속,T6 기계변형,bec4f0ae-e963-48ce-b1a1-4d6c1b7f5a91,테니스윈아카데미,테니스레슨,나주혁신도시 골목형상점가,골목형상점가,전라남도,,,
3c56ef6fef4fbc73a6f1,full_annotation_v1,A,q_귀금속_10,귀금속추천,패션·잡화 중 '귀금속'을 판매·제공하는 매장,test,귀금속,T6 기계변형,8f078d03-cf9f-4f8a-843f-4f4cea86eb40,남해식육점,,용호골목시장,전통시장,부산광역시,,,
39338751aa1c8d97f509,full_annotation_v1,A,q_귀금속_10,귀금속추천,패션·잡화 중 '귀금속'을 판매·제공하는 매장,test,귀금속,T6 기계변형,10de78d1-e53e-4617-8bf1-5c53e8665faa,경일사,"보석, 시계",송탄시장(송북시장),전통시장,경기도,,,
a2699e31a96d0d73fbbc,full_annotation_v1,A,q_귀금속_10,귀금속추천,패션·잡화 중 '귀금속'을 판매·제공하는 매장,test,귀금속,T6 기계변형,e11e1afd-c3eb-444c-a499-cc8d248ccf87,모두 멀티만화카페,"도서대여, 음료, 음식",나주혁신도시 골목형상점가,골목형상점가,전라남도,,,
342f8f7a26b29c04f0eb,full_annotation_v1,A,q_귀금속_10,귀금속추천,패션·잡화 중 '귀금속'을 판매·제공하는 매장,test,귀금속,T6 기계변형,6679df8a-f9d0-4611-94af-73d5dd1b36f0,예금당,귀금속,중랑동부시장,전통시장,서울특별시,,,
3555ac2cce63e201b599,full_annotation_v1,A,q_귀금속_10,귀금속추천,패션·잡화 중 '귀금속'을 판매·제공하는 매장,test,귀금속,T6 기계변형,79786f48-9ec9-4d49-9550-2f0c204ab682,주쥬,귀금속,골드테마거리,전통시장,부산광역시,,,
9f059ab40fd488715dea,full_annotation_v1,A,q_귀금속_10,귀금속추천,패션·잡화 중 '귀금속'을 판매·제공하는 매장,test,귀금속,T6 기계변형,371f6fab-9e7e-4cf0-aa20-285c5fdb9440,골드귀금속,귀금속,관고전통시장,전통시장,경기도,,,
b3c6cd2202423609cfa6,full_annotation_v1,A,q_귀금속_10,귀금속추천,패션·잡화 중 '귀금속'을 판매·제공하는 매장,test,귀금속,T6 기계변형,ea7c690a-1aab-44de-b7b3-b4319e7717a4,보곡당,귀금속,진해중앙시장,전통시장,경상남도,,,
7a2a733e2cd7781bd874,full_annotation_v1,A,q_귀금속_10,귀금속추천,패션·잡화 중 '귀금속'을 판매·제공하는 매장,test,귀금속,T6 기계변형,78fd0c56-8e37-4235-9286-55a4db6f65f8,태금당,귀금속,"온양온천시장(온양재래시장, 전통시장)",전통시장,충청남도,,,
37563a6d5dcc5f1b7eba,full_annotation_v1,A,q_귀금속_10,귀금속추천,패션·잡화 중 '귀금속'을 판매·제공하는 매장,test,귀금속,T6 기계변형,409fe8c3-1560-4d16-bc24-f5781bb345be,종로귀금속,귀금속,전통중앙도매상가,전통시장,대전광역시,,,
e17ac5beb6a523391eb0,full_annotation_v1,A,q_귀금속_10,귀금속추천,패션·잡화 중 '귀금속'을 판매·제공하는 매장,test,귀금속,T6 기계변형,38734df9-1aea-49b2-9050-25ba327f052d,호박당,금은방(귀금속),전주모래내시장,전통시장,전북특별자치도,,,
d87dbb119d0311d28e05,full_annotation_v1,A,q_귀금속_10,귀금속추천,패션·잡화 중 '귀금속'을 판매·제공하는 매장,test,귀금속,T6 기계변형,166c9193-005d-4dc3-8637-ed2bfd71be6f,부산금은방 남매금빵,,골드테마거리,전통시장,부산광역시,,,
bb2c60cbd0ae0ab26730,full_annotation_v1,A,q_귀금속_10,귀금속추천,패션·잡화 중 '귀금속'을 판매·제공하는 매장,test,귀금속,T6 기계변형,01f2baea-5004-4e8d-a9a5-66c50aaf49e6,머쓱케이스,휴대폰 액세서리,동성로상점가,자율상권구역,대구광역시,,,
7a8242b019b79598a194,full_annotation_v1,A,q_귀금속_10,귀금속추천,패션·잡화 중 '귀금속'을 판매·제공하는 매장,test,귀금속,T6 기계변형,73ec7fde-e568-490b-b6ff-91787aa3f7cb,쥬엘,귀금속,대구패션주얼리특구,자율상권구역,대구광역시,,,
5c3a99cfbedbcfb11755,full_annotation_v1,A,q_귀금속_10,귀금속추천,패션·잡화 중 '귀금속'을 판매·제공하는 매장,test,귀금속,T6 기계변형,7f1827f2-b254-429a-9111-501b6622abc7,귀금당,귀금속,진주 논개시장,전통시장,경상남도,,,
42555011822fe267fa46,full_annotation_v1,A,q_귀금속_10,귀금속추천,패션·잡화 중 '귀금속'을 판매·제공하는 매장,test,귀금속,T6 기계변형,41d1a369-f00a-4d58-8135-66f6f2e80aac,지반,귀금속,대구패션주얼리특구,자율상권구역,대구광역시,,,
42d332d5e34799ed143b,full_annotation_v1,A,q_귀금속_10,귀금속추천,패션·잡화 중 '귀금속'을 판매·제공하는 매장,test,귀금속,T6 기계변형,97dce0e8-a756-474e-8624-75b982802335,미쥬보석,귀금속,메트로센터(반월당지하쇼핑),일반지하상점가,대구광역시,,,
e245eba40f361e0c202d,full_annotation_v1,A,q_귀금속_10,귀금속추천,패션·잡화 중 '귀금속'을 판매·제공하는 매장,test,귀금속,T6 기계변형,dc5a32c5-6885-4784-81e9-9e2e9ef54edd,동아전자,전자제품,세운상가 가동,자율상권구역,서울특별시,,,
f4336377b04dc92325c0,full_annotation_v1,A,q_귀금속_10,귀금속추천,패션·잡화 중 '귀금속'을 판매·제공하는 매장,test,귀금속,T6 기계변형,4c3c3921-e358-41a7-8ee0-4e43be556b49,황석,귀금속,대구패션주얼리특구,자율상권구역,대구광역시,,,
ac19d6009ce1fba0ded5,full_annotation_v1,A,q_귀금속_10,귀금속추천,패션·잡화 중 '귀금속'을 판매·제공하는 매장,test,귀금속,T6 기계변형,022f2fd5-a34e-4313-aad7-e333c361e000,귀금당,귀금속,옥골시장,전통시장,울산광역시,,,
f3ec6ea7cb0f79b2743e,full_annotation_v1,A,q_귀금속_10,귀금속추천,패션·잡화 중 '귀금속'을 판매·제공하는 매장,test,귀금속,T6 기계변형,370fe534-4763-4278-80e8-09bb0ba40c97,진금당,귀금속,도곡시장,자율상권구역,서울특별시,,,
8e7380a115e506262db7,full_annotation_v1,A,q_귀금속_10,귀금속추천,패션·잡화 중 '귀금속'을 판매·제공하는 매장,test,귀금속,T6 기계변형,d07b7619-eedc-4b5e-bd34-8c0c263343bb,귀금사,,전주웨딩거리상점가,자율상권구역,전북특별자치도,,,
ff0ea10fdb8ab046a4ee,full_annotation_v1,A,q_귀금속_10,귀금속추천,패션·잡화 중 '귀금속'을 판매·제공하는 매장,test,귀금속,T6 기계변형,eff4e43f-e0b7-4205-a1c3-004c8748edbb,쇼메,귀금속,골드테마거리,전통시장,부산광역시,,,
00ebb3129b868554a4d4,full_annotation_v1,A,q_귀금속_10,귀금속추천,패션·잡화 중 '귀금속'을 판매·제공하는 매장,test,귀금속,T6 기계변형,49a3fe9c-bbf7-42a9-a741-99166f39ce92,진보당,금은방,진해중앙시장,전통시장,경상남도,,,
153edc61a653f39a693f,full_annotation_v1,A,q_귀금속_10,귀금속추천,패션·잡화 중 '귀금속'을 판매·제공하는 매장,test,귀금속,T6 기계변형,30bf7d12-c06d-48a4-bcaf-f307725b7ea0,영화귀금속,귀금속,충장로45가 상점가,자율상권구역,광주광역시,,,
43bc2a9989e48ce9519f,full_annotation_v1,A,q_귀금속_10,귀금속추천,패션·잡화 중 '귀금속'을 판매·제공하는 매장,test,귀금속,T6 기계변형,5a079860-70bb-4546-befc-c83b1fbc4cdb,민골드,귀금속,연제동 골목형상점가,골목형상점가,광주광역시,,,
70692861b318a642d5c6,full_annotation_v1,A,q_귀금속_10,귀금속추천,패션·잡화 중 '귀금속'을 판매·제공하는 매장,test,귀금속,T6 기계변형,a8697e9b-8a44-432d-9000-48d99ccc1c83,쥬델,귀금속,중앙종합시장,전통시장,대전광역시,,,
282c7aaa0f13758d55f0,full_annotation_v1,A,q_귀금속_10,귀금속추천,패션·잡화 중 '귀금속'을 판매·제공하는 매장,test,귀금속,T6 기계변형,016d2bb5-8af2-45c2-8456-33067cd315bb,황금당,"금, 시계",홍성명동상가,자율상권구역,충청남도,,,
a6e02a81730ca3dc8250,full_annotation_v1,A,q_귀금속_10,귀금속추천,패션·잡화 중 '귀금속'을 판매·제공하는 매장,test,귀금속,T6 기계변형,b6aa00ab-ee3d-4642-b765-45a2e1634ae2,피코크,귀금속,골드테마거리,전통시장,부산광역시,,,
1abea959996b8c0fa62d,full_annotation_v1,A,q_귀금속_10,귀금속추천,패션·잡화 중 '귀금속'을 판매·제공하는 매장,test,귀금속,T6 기계변형,cf180480-df0a-4e26-b978-d247cd81be6b,커플링마을광주점,은반지 은팔찌,"금남로4,5가 골목형상점가",골목형상점가,광주광역시,,,
6aec15a46bcdff762964,full_annotation_v1,A,q_귀금속_10,귀금속추천,패션·잡화 중 '귀금속'을 판매·제공하는 매장,test,귀금속,T6 기계변형,57ed8e5f-3d34-4037-8b0a-1d34333f739b,금줄,귀금속,대구패션주얼리특구,자율상권구역,대구광역시,,,
93604c3cc4b6270fe3b4,full_annotation_v1,A,q_귀금속_10,귀금속추천,패션·잡화 중 '귀금속'을 판매·제공하는 매장,test,귀금속,T6 기계변형,53de7214-cdf0-4e52-8884-96a2b324ae69,블링걸,장식귀걸이목걸이반지머리핀,신안프라자전통시장,전통시장,경기도,,,
c43932d797d151b99b82,full_annotation_v1,A,q_귀금속_10,귀금속추천,패션·잡화 중 '귀금속'을 판매·제공하는 매장,test,귀금속,T6 기계변형,5f90571a-1c68-418a-93af-00cb901c5569,원일귀금속,귀금속,골드테마거리,전통시장,부산광역시,,,
6ec9337949d351d61745,full_annotation_v1,A,q_귀금속_10,귀금속추천,패션·잡화 중 '귀금속'을 판매·제공하는 매장,test,귀금속,T6 기계변형,18dd5715-f963-495d-b161-d7d28772a2ab,현대보석,"금, 은, 보석시계",전통중앙도매상가,전통시장,대전광역시,,,
7c1f8aadfa0d7571c9d9,full_annotation_v1,A,q_귀금속_11,귀금솓,패션·잡화 중 '귀금속'을 판매·제공하는 매장,test,귀금속,T6 기계변형,53de7214-cdf0-4e52-8884-96a2b324ae69,블링걸,장식귀걸이목걸이반지머리핀,신안프라자전통시장,전통시장,경기도,,,
2ed4648bd98372d0eaa2,full_annotation_v1,A,q_귀금속_11,귀금솓,패션·잡화 중 '귀금속'을 판매·제공하는 매장,test,귀금속,T6 기계변형,6679df8a-f9d0-4611-94af-73d5dd1b36f0,예금당,귀금속,중랑동부시장,전통시장,서울특별시,,,
08ecaf621f2bfe008f56,full_annotation_v1,A,q_귀금속_11,귀금솓,패션·잡화 중 '귀금속'을 판매·제공하는 매장,test,귀금속,T6 기계변형,4af6128c-51b1-4ea8-ae60-2b958126a172,원보석,소매(금은방),우림골목시장,전통시장,서울특별시,,,
f84f9f2af6ac35954d14,full_annotation_v1,A,q_귀금속_11,귀금솓,패션·잡화 중 '귀금속'을 판매·제공하는 매장,test,귀금속,T6 기계변형,370fe534-4763-4278-80e8-09bb0ba40c97,진금당,귀금속,도곡시장,자율상권구역,서울특별시,,,
daed757b6f34ed354bac,full_annotation_v1,A,q_귀금속_11,귀금솓,패션·잡화 중 '귀금속'을 판매·제공하는 매장,test,귀금속,T6 기계변형,5b626bfd-6a75-4dd1-adeb-ba95302874ce,에쎄귀금속,귀금속,창원 상남시장,전통시장,경상남도,,,
8d57cdb09916eabaca40,full_annotation_v1,A,q_귀금속_11,귀금솓,패션·잡화 중 '귀금속'을 판매·제공하는 매장,test,귀금속,T6 기계변형,03425599-9eed-4d3b-8682-d3c2e620325e,초량전통시장 노점매대 54번,액세서리,초량전통시장,전통시장,부산광역시,,,
bb516110daf5bf440771,full_annotation_v1,A,q_귀금속_11,귀금솓,패션·잡화 중 '귀금속'을 판매·제공하는 매장,test,귀금속,T6 기계변형,03398f1a-7a3f-446a-83bd-af19448c925b,미석,귀금속,창원 성원그랜드쇼핑상가,전통시장,경상남도,,,
0ecc8c4fc8884740d513,full_annotation_v1,A,q_귀금속_11,귀금솓,패션·잡화 중 '귀금속'을 판매·제공하는 매장,test,귀금속,T6 기계변형,bbd18527-65eb-4a1f-b108-dcb6fa4ce541,부영축산유통,축산물,장성읍 골목형상점가,골목형상점가,전라남도,,,
600bd5870281243aa241,full_annotation_v1,A,q_귀금속_11,귀금솓,패션·잡화 중 '귀금속'을 판매·제공하는 매장,test,귀금속,T6 기계변형,0038905e-d969-4b31-b09f-c35bdc0b9b8b,영보석,귀금속,촬영소사거리골목형상점가,골목형상점가,서울특별시,,,
c3a2db732362f1ca1ff5,full_annotation_v1,A,q_귀금속_11,귀금솓,패션·잡화 중 '귀금속'을 판매·제공하는 매장,test,귀금속,T6 기계변형,a8697e9b-8a44-432d-9000-48d99ccc1c83,쥬델,귀금속,중앙종합시장,전통시장,대전광역시,,,
4c783c52aebe964f51ff,full_annotation_v1,A,q_귀금속_11,귀금솓,패션·잡화 중 '귀금속'을 판매·제공하는 매장,test,귀금속,T6 기계변형,c01ef315-5273-480e-a31e-ec2f7509e0cb,금강당,귀금속,남부골목시장,전통시장,서울특별시,,,
02c958086acc33224888,full_annotation_v1,A,q_귀금속_11,귀금솓,패션·잡화 중 '귀금속'을 판매·제공하는 매장,test,귀금속,T6 기계변형,bd3a58fd-59e3-43e0-a327-61bfcf64b85f,금맥,귀금속,대구패션주얼리특구,자율상권구역,대구광역시,,,
b929e3a627088f18d892,full_annotation_v1,A,q_귀금속_11,귀금솓,패션·잡화 중 '귀금속'을 판매·제공하는 매장,test,귀금속,T6 기계변형,049f8988-fdf6-4dac-acb6-ef8b0af859fa,삼성당,시계,해미읍성전통시장,전통시장,충청남도,,,
cc1ebf0df242a2693b11,full_annotation_v1,A,q_귀금속_11,귀금솓,패션·잡화 중 '귀금속'을 판매·제공하는 매장,test,귀금속,T6 기계변형,0043881b-db89-4699-8cc4-29ff178f91ee,국제보석,귀금속,대구패션주얼리특구,자율상권구역,대구광역시,,,
645f8f4e80168262f003,full_annotation_v1,A,q_귀금속_11,귀금솓,패션·잡화 중 '귀금속'을 판매·제공하는 매장,test,귀금속,T6 기계변형,a54a3ab8-d1b5-4844-80b7-ac70fad66dc0,에테르주얼리,반지 및 악세서리,대봉애 골목형상점가,골목형상점가,대구광역시,,,
23303aec9b60e0949efb,full_annotation_v1,A,q_귀금속_11,귀금솓,패션·잡화 중 '귀금속'을 판매·제공하는 매장,test,귀금속,T6 기계변형,84eb8ba1-59c8-4b99-8a74-e38da5dbd792,귀금당,"귀금속, 시계",㈜르네시떼,전통시장,부산광역시,,,
ddbe4b870da1fc9071e1,full_annotation_v1,A,q_귀금속_11,귀금솓,패션·잡화 중 '귀금속'을 판매·제공하는 매장,test,귀금속,T6 기계변형,4f2eeb24-3135-457a-ad76-b0a9bda5e930,상금당,귀금속,개금골목시장,전통시장,부산광역시,,,
1df7cef620087d372633,full_annotation_v1,A,q_귀금속_11,귀금솓,패션·잡화 중 '귀금속'을 판매·제공하는 매장,test,귀금속,T6 기계변형,004eaf2b-83b1-4387-9843-85074f3b3f6f,색동보석,보석,충주자유시장,전통시장,충청북도,,,
e51160f37cbae41227f7,full_annotation_v1,A,q_귀금속_11,귀금솓,패션·잡화 중 '귀금속'을 판매·제공하는 매장,test,귀금속,T6 기계변형,a2b91ba6-d538-43b5-bdc0-7b3f7df0ede9,흰,귀금속,북촌계동길골목형상점가,골목형상점가,서울특별시,,,
f38e04cc8cb60c1a6dd4,full_annotation_v1,A,q_귀금속_11,귀금솓,패션·잡화 중 '귀금속'을 판매·제공하는 매장,test,귀금속,T6 기계변형,fb28f966-8006-43a5-9c4d-e623b409c83e,보석장,귀금속,창원 가음시장대상가,전통시장,경상남도,,,
73fefc33b728a64762d2,full_annotation_v1,A,q_귀금속_11,귀금솓,패션·잡화 중 '귀금속'을 판매·제공하는 매장,test,귀금속,T6 기계변형,0cf82b2a-71a4-4657-b871-9a52288c43c1,반지만들기공방반지놀이터울산점,반지만들기,성남먹자골목,골목형상점가,울산광역시,,,
225c2ba80b0d7d9a6a34,full_annotation_v1,A,q_귀금속_11,귀금솓,패션·잡화 중 '귀금속'을 판매·제공하는 매장,test,귀금속,T6 기계변형,18dd5715-f963-495d-b161-d7d28772a2ab,현대보석,"금, 은, 보석시계",전통중앙도매상가,전통시장,대전광역시,,,
604adb586fdbfdf4e6af,full_annotation_v1,A,q_귀금속_11,귀금솓,패션·잡화 중 '귀금속'을 판매·제공하는 매장,test,귀금속,T6 기계변형,c629ece4-02c6-4829-ac0b-da16e1d748b9,정확사,귀금속,구리전통시장,전통시장,경기도,,,
3c14887a599a4f8524a8,full_annotation_v1,A,q_귀금속_11,귀금솓,패션·잡화 중 '귀금속'을 판매·제공하는 매장,test,귀금속,T6 기계변형,bfd88ed7-915b-45aa-894b-41dde05ce3af,예금당,귀금속,수유프라자,전통시장,서울특별시,,,
385d35f79ebddb9d61b4,full_annotation_v1,A,q_귀금속_11,귀금솓,패션·잡화 중 '귀금속'을 판매·제공하는 매장,test,귀금속,T6 기계변형,4c3c3921-e358-41a7-8ee0-4e43be556b49,황석,귀금속,대구패션주얼리특구,자율상권구역,대구광역시,,,
2f2c15e88ffd09a1d930,full_annotation_v1,A,q_귀금속_11,귀금솓,패션·잡화 중 '귀금속'을 판매·제공하는 매장,test,귀금속,T6 기계변형,eff4e43f-e0b7-4205-a1c3-004c8748edbb,쇼메,귀금속,골드테마거리,전통시장,부산광역시,,,
b5b845fb4b1634b92ede,full_annotation_v1,A,q_귀금속_11,귀금솓,패션·잡화 중 '귀금속'을 판매·제공하는 매장,test,귀금속,T6 기계변형,79786f48-9ec9-4d49-9550-2f0c204ab682,주쥬,귀금속,골드테마거리,전통시장,부산광역시,,,
4cfd079289c57502e36b,full_annotation_v1,A,q_귀금속_11,귀금솓,패션·잡화 중 '귀금속'을 판매·제공하는 매장,test,귀금속,T6 기계변형,10de78d1-e53e-4617-8bf1-5c53e8665faa,경일사,"보석, 시계",송탄시장(송북시장),전통시장,경기도,,,
1e8e1ef45b3e2d04076c,full_annotation_v1,A,q_귀금속_11,귀금솓,패션·잡화 중 '귀금속'을 판매·제공하는 매장,test,귀금속,T6 기계변형,53c4c6cc-37b3-4ad8-87d7-a7c97ea1358c,귀금속프라자,귀금속,사강시장,전통시장,경기도,,,
54ee565a9890ebcc109e,full_annotation_v1,A,q_귀금속_11,귀금솓,패션·잡화 중 '귀금속'을 판매·제공하는 매장,test,귀금속,T6 기계변형,e63e5b86-a4d6-4094-9877-46941caa0acd,젬코,귀금속,골드테마거리,전통시장,부산광역시,,,
1382c508f1cd480a81d6,full_annotation_v1,A,q_귀금속_11,귀금솓,패션·잡화 중 '귀금속'을 판매·제공하는 매장,test,귀금속,T6 기계변형,00ee1cd3-ec15-467a-86d2-07e596d7d395,금옥당,"귀금속, 시계 소매",골드테마거리,전통시장,부산광역시,,,
77d8b3a437404dfe6b12,full_annotation_v1,A,q_귀금속_11,귀금솓,패션·잡화 중 '귀금속'을 판매·제공하는 매장,test,귀금속,T6 기계변형,5dbe0211-79ae-420c-bb76-f498244db9e4,아이린,의류,창원 가음시장대상가,전통시장,경상남도,,,
feecef434582e091e3a5,full_annotation_v1,A,q_귀금속_11,귀금솓,패션·잡화 중 '귀금속'을 판매·제공하는 매장,test,귀금속,T6 기계변형,9d846251-645f-4e8f-8afe-25d27df2115f,옥신,귀금속,골드테마거리,전통시장,부산광역시,,,
37105d97379966138176,full_annotation_v1,A,q_귀금속_11,귀금솓,패션·잡화 중 '귀금속'을 판매·제공하는 매장,test,귀금속,T6 기계변형,8d2b556f-60b2-4625-9ec6-459f287f44ff,바다스토리 한산도수산,수산물,통영 서호전통시장,전통시장,경상남도,,,
288e6686f2bdcfdbce43,full_annotation_v1,A,q_귀금속_11,귀금솓,패션·잡화 중 '귀금속'을 판매·제공하는 매장,test,귀금속,T6 기계변형,57ed8e5f-3d34-4037-8b0a-1d34333f739b,금줄,귀금속,대구패션주얼리특구,자율상권구역,대구광역시,,,
4e75b38fce1f1a0a31e6,full_annotation_v1,A,q_귀금속_11,귀금솓,패션·잡화 중 '귀금속'을 판매·제공하는 매장,test,귀금속,T6 기계변형,38734df9-1aea-49b2-9050-25ba327f052d,호박당,금은방(귀금속),전주모래내시장,전통시장,전북특별자치도,,,
a95fe9494c38fbf880ac,full_annotation_v1,A,q_귀금속_11,귀금솓,패션·잡화 중 '귀금속'을 판매·제공하는 매장,test,귀금속,T6 기계변형,73ec7fde-e568-490b-b6ff-91787aa3f7cb,쥬엘,귀금속,대구패션주얼리특구,자율상권구역,대구광역시,,,
bc9e97391651a339fe3f,full_annotation_v1,A,q_귀금속_11,귀금솓,패션·잡화 중 '귀금속'을 판매·제공하는 매장,test,귀금속,T6 기계변형,0056f9b4-b953-40f2-b820-71d6e7b46c58,주얼리루비,귀금속,하남 골목형상점가,골목형상점가,광주광역시,,,
41862ee0fb3bd01be6e3,full_annotation_v1,A,q_귀금속_11,귀금솓,패션·잡화 중 '귀금속'을 판매·제공하는 매장,test,귀금속,T6 기계변형,e1cd936d-6182-424e-b6cb-86813e47f687,창춘,귀금속,대구패션주얼리특구,자율상권구역,대구광역시,,,
c00b12f09b87247b15f9,full_annotation_v1,A,q_귀금속_11,귀금솓,패션·잡화 중 '귀금속'을 판매·제공하는 매장,test,귀금속,T6 기계변형,d07b7619-eedc-4b5e-bd34-8c0c263343bb,귀금사,,전주웨딩거리상점가,자율상권구역,전북특별자치도,,,
7a21eacaef8f385a950b,full_annotation_v1,A,q_귀금속_11,귀금솓,패션·잡화 중 '귀금속'을 판매·제공하는 매장,test,귀금속,T6 기계변형,03d7c59b-0f64-4647-9c85-97eb7310d1cc,세이젬,"악세사리, 장신구, 귀금속, 시계, 지금",경주중심상가,전통시장,경상북도,,,
6b6d0555bfeb7a3d0022,full_annotation_v1,A,q_귀금속_11,귀금솓,패션·잡화 중 '귀금속'을 판매·제공하는 매장,test,귀금속,T6 기계변형,085465ef-544c-4898-9421-c8b9babe2186,해와달,소매(준보석),천호로데오거리상점가,자율상권구역,서울특별시,,,
9ed18668c55b171b8f44,full_annotation_v1,A,q_귀금속_11,귀금솓,패션·잡화 중 '귀금속'을 판매·제공하는 매장,test,귀금속,T6 기계변형,3e83d8ee-19b6-4f78-bef8-4ccd8a6acda2,동광당,금은방,전주중앙상가시장,전통시장,전북특별자치도,,,
f91cd59086e8e2fc42cb,full_annotation_v1,A,q_귀금속_11,귀금솓,패션·잡화 중 '귀금속'을 판매·제공하는 매장,test,귀금속,T6 기계변형,318480b4-a38c-4b2c-a5f6-022a771ce37a,드리다뷰티&왁싱,미용,늘솔길상인회 골목형상점가,골목형상점가,광주광역시,,,
57424ddcd830c0d8fce6,full_annotation_v1,A,q_귀금속_11,귀금솓,패션·잡화 중 '귀금속'을 판매·제공하는 매장,test,귀금속,T6 기계변형,b6aa00ab-ee3d-4642-b765-45a2e1634ae2,피코크,귀금속,골드테마거리,전통시장,부산광역시,,,
d4af75b036d84d67e968,full_annotation_v1,A,q_귀금속_11,귀금솓,패션·잡화 중 '귀금속'을 판매·제공하는 매장,test,귀금속,T6 기계변형,0308940f-189d-41bd-9a0c-cae20bfc8b65,실버투유,액세서리,남대문시장,전통시장,서울특별시,,,
5707f284283d9a0b47d9,full_annotation_v1,A,q_귀금속_11,귀금솓,패션·잡화 중 '귀금속'을 판매·제공하는 매장,test,귀금속,T6 기계변형,e818302b-511c-48de-9174-d74315411a2c,金보석,귀금속,밀양 원도심 햇살문화 상권활성화 구역,상권활성화구역,경상남도,,,
f5a3e33c9e97c0ce02ca,full_annotation_v1,A,q_귀금속_11,귀금솓,패션·잡화 중 '귀금속'을 판매·제공하는 매장,test,귀금속,T6 기계변형,b666fb7a-335f-4504-8447-19e9d46eb360,굳앤굳,귀금속엑사사리,부평역지하상가,일반지하상점가,인천광역시,,,
093e867fb2e1c5f93d64,full_annotation_v1,A,q_귀금속_11,귀금솓,패션·잡화 중 '귀금속'을 판매·제공하는 매장,test,귀금속,T6 기계변형,ef9d32b3-87f8-43be-a687-6ac7a2c85b67,부연,도매(의류),신평화패션타운,전통시장,서울특별시,,,
9906bc37118febe00141,full_annotation_v1,A,q_귀금속_11,귀금솓,패션·잡화 중 '귀금속'을 판매·제공하는 매장,test,귀금속,T6 기계변형,00ec77a3-3e9a-4a5b-b837-c4014ef84285,은은하당,귀금속소매업,테크노밸리 골목형상점가,골목형상점가,대전광역시,,,
62c9461aeb9b567e985d,full_annotation_v1,A,q_귀금속_11,귀금솓,패션·잡화 중 '귀금속'을 판매·제공하는 매장,test,귀금속,T6 기계변형,0188cda6-6441-4058-82b0-0cb89e035583,친한친구,액세서리,㈜르네시떼,전통시장,부산광역시,,,
aa857cf88b43de144a69,full_annotation_v1,A,q_귀금속_11,귀금솓,패션·잡화 중 '귀금속'을 판매·제공하는 매장,test,귀금속,T6 기계변형,cf180480-df0a-4e26-b978-d247cd81be6b,커플링마을광주점,은반지 은팔찌,"금남로4,5가 골목형상점가",골목형상점가,광주광역시,,,
bf6c1a90faae16ed5666,full_annotation_v1,A,q_귀금속_11,귀금솓,패션·잡화 중 '귀금속'을 판매·제공하는 매장,test,귀금속,T6 기계변형,5a079860-70bb-4546-befc-c83b1fbc4cdb,민골드,귀금속,연제동 골목형상점가,골목형상점가,광주광역시,,,
112bb6c4b7fdc404242a,full_annotation_v1,A,q_귀금속_11,귀금솓,패션·잡화 중 '귀금속'을 판매·제공하는 매장,test,귀금속,T6 기계변형,f9cb26c5-8d3b-44e8-9485-391635810401,쥬벨,귀금속,골드테마거리,전통시장,부산광역시,,,
8b520e9ab4a56ce631ce,full_annotation_v1,A,q_귀금속_11,귀금솓,패션·잡화 중 '귀금속'을 판매·제공하는 매장,test,귀금속,T6 기계변형,ea7c690a-1aab-44de-b7b3-b4319e7717a4,보곡당,귀금속,진해중앙시장,전통시장,경상남도,,,
d33290deebec4345b468,full_annotation_v1,A,q_귀금속_11,귀금솓,패션·잡화 중 '귀금속'을 판매·제공하는 매장,test,귀금속,T6 기계변형,069cebbe-575a-40b5-9b2f-0a082b552037,별보석금나라,,전통중앙도매상가,전통시장,대전광역시,,,
9b7db72475743c6cdd82,full_annotation_v1,A,q_귀금속_11,귀금솓,패션·잡화 중 '귀금속'을 판매·제공하는 매장,test,귀금속,T6 기계변형,03d2f183-77cc-44c8-b4e4-f34ed3bcfa83,다나,"소매업(귀금속,액세서리,모조장신구)",코끼리시장,전통시장,경기도,,,
e9fc90799bbcbfc27fd3,full_annotation_v1,A,q_귀금속_11,귀금솓,패션·잡화 중 '귀금속'을 판매·제공하는 매장,test,귀금속,T6 기계변형,607695d5-67e1-4751-b220-d93cd73d3f21,세금당,귀금속,팔달시장,전통시장,대구광역시,,,
c1e1cba2adb9dffe8220,full_annotation_v1,A,q_귀금속_11,귀금솓,패션·잡화 중 '귀금속'을 판매·제공하는 매장,test,귀금속,T6 기계변형,03d999c9-d1ad-4f94-8fa6-a7f9bf1c412d,갱'S쥬얼리,"귀금속, 시계",신림별빛거리골목형상점가,골목형상점가,서울특별시,,,
ba130a7a8e1d5bf51c86,full_annotation_v1,A,q_귀금속_11,귀금솓,패션·잡화 중 '귀금속'을 판매·제공하는 매장,test,귀금속,T6 기계변형,aac6b3a7-acb7-4ea4-a532-97b4b4fcf8a8,수금당,귀금속,성남프라자,전통시장,울산광역시,,,
41aa21da8a9011d0a71e,full_annotation_v1,A,q_귀금속_11,귀금솓,패션·잡화 중 '귀금속'을 판매·제공하는 매장,test,귀금속,T6 기계변형,41d1a369-f00a-4d58-8135-66f6f2e80aac,지반,귀금속,대구패션주얼리특구,자율상권구역,대구광역시,,,
b7600553c23d4c3011ea,full_annotation_v1,A,q_귀금속_11,귀금솓,패션·잡화 중 '귀금속'을 판매·제공하는 매장,test,귀금속,T6 기계변형,07f8b8f4-9040-49c7-8e2b-25cbd6db3f96,서북당,귀금속,전통중앙도매상가,전통시장,대전광역시,,,
f13f5dfa4f37bc25a709,full_annotation_v1,A,q_귀금속_11,귀금솓,패션·잡화 중 '귀금속'을 판매·제공하는 매장,test,귀금속,T6 기계변형,a2421117-3144-4c43-b2f4-e7aaba603ad3,사론,귀금속,골드테마거리,전통시장,부산광역시,,,
e8b3efdf8b9252b953ee,full_annotation_v1,A,q_귀금속_11,귀금솓,패션·잡화 중 '귀금속'을 판매·제공하는 매장,test,귀금속,T6 기계변형,97dce0e8-a756-474e-8624-75b982802335,미쥬보석,귀금속,메트로센터(반월당지하쇼핑),일반지하상점가,대구광역시,,,
6977f8d44a5aa0c3b579,full_annotation_v1,A,q_귀금속_11,귀금솓,패션·잡화 중 '귀금속'을 판매·제공하는 매장,test,귀금속,T6 기계변형,85f6cef5-8a49-447e-bb24-6143d7b60764,예돌젬,귀금속,대구패션주얼리특구,자율상권구역,대구광역시,,,
b49607b2a57e9d5aa2a0,full_annotation_v1,A,q_귀금속_11,귀금솓,패션·잡화 중 '귀금속'을 판매·제공하는 매장,test,귀금속,T6 기계변형,7f1827f2-b254-429a-9111-501b6622abc7,귀금당,귀금속,진주 논개시장,전통시장,경상남도,,,
301b9d457fd2ebb97edd,full_annotation_v1,A,q_귀금속_11,귀금솓,패션·잡화 중 '귀금속'을 판매·제공하는 매장,test,귀금속,T6 기계변형,022f2fd5-a34e-4313-aad7-e333c361e000,귀금당,귀금속,옥골시장,전통시장,울산광역시,,,
8065d61c6aa71d616062,full_annotation_v1,A,q_귀금속_11,귀금솓,패션·잡화 중 '귀금속'을 판매·제공하는 매장,test,귀금속,T6 기계변형,06f92a02-db8d-46be-8ee1-213693507a55,오드워치,시계,남대문시장,전통시장,서울특별시,,,
672c73aee7d2e98e536e,full_annotation_v1,A,q_귀금속_11,귀금솓,패션·잡화 중 '귀금속'을 판매·제공하는 매장,test,귀금속,T6 기계변형,595e9f12-9ff0-4c5d-8b49-e0fbb70a816b,하목리,귀금속,골드테마거리,전통시장,부산광역시,,,
581eadbe6630c1a82bd0,full_annotation_v1,A,q_귀금속_11,귀금솓,패션·잡화 중 '귀금속'을 판매·제공하는 매장,test,귀금속,T6 기계변형,016d2bb5-8af2-45c2-8456-33067cd315bb,황금당,"금, 시계",홍성명동상가,자율상권구역,충청남도,,,
7f4eee0d7cc581640174,full_annotation_v1,A,q_귀금속_11,귀금솓,패션·잡화 중 '귀금속'을 판매·제공하는 매장,test,귀금속,T6 기계변형,905fdfef-83ca-4ed1-be97-3b0170dabcdb,젬하우스,악세사리 반지공방,신사세로수길골목형상점가,골목형상점가,서울특별시,,,
2c13f94a39165047b4bc,full_annotation_v1,A,q_귀금속_11,귀금솓,패션·잡화 중 '귀금속'을 판매·제공하는 매장,test,귀금속,T6 기계변형,9e6d68bc-8f32-4a6c-aff6-b3ed576ad673,영모드,의류,신평화패션타운,전통시장,서울특별시,,,
b8f64e19a21d8740ad82,full_annotation_v1,A,q_귀금속_11,귀금솓,패션·잡화 중 '귀금속'을 판매·제공하는 매장,test,귀금속,T6 기계변형,01f2baea-5004-4e8d-a9a5-66c50aaf49e6,머쓱케이스,휴대폰 액세서리,동성로상점가,자율상권구역,대구광역시,,,
db3833f5e564458884a5,full_annotation_v1,A,q_귀금속_11,귀금솓,패션·잡화 중 '귀금속'을 판매·제공하는 매장,test,귀금속,T6 기계변형,5de04d79-0a05-4971-8ba9-e7f02713641f,가마솥옛날시골통닭 거제고현점,,거제 고현시장,전통시장,경상남도,,,
d3cc319b41d65c6cf6ef,full_annotation_v1,A,q_귀금속_11,귀금솓,패션·잡화 중 '귀금속'을 판매·제공하는 매장,test,귀금속,T6 기계변형,166c9193-005d-4dc3-8637-ed2bfd71be6f,부산금은방 남매금빵,,골드테마거리,전통시장,부산광역시,,,
c91e5cec82c9d252fe5b,full_annotation_v1,A,q_귀금속_11,귀금솓,패션·잡화 중 '귀금속'을 판매·제공하는 매장,test,귀금속,T6 기계변형,f3b75bd1-868f-4d59-9224-6aa806148339,충무상회,농산물,동문수산시장,전통시장,제주특별자치도,,,
55b2877f2f7989f86566,full_annotation_v1,A,q_귀금속_11,귀금솓,패션·잡화 중 '귀금속'을 판매·제공하는 매장,test,귀금속,T6 기계변형,78fd0c56-8e37-4235-9286-55a4db6f65f8,태금당,귀금속,"온양온천시장(온양재래시장, 전통시장)",전통시장,충청남도,,,
2ab187276c16d56251f0,full_annotation_v1,A,q_귀금속_11,귀금솓,패션·잡화 중 '귀금속'을 판매·제공하는 매장,test,귀금속,T6 기계변형,49a3fe9c-bbf7-42a9-a741-99166f39ce92,진보당,금은방,진해중앙시장,전통시장,경상남도,,,
e1a4a09b50af7fb499f4,full_annotation_v1,A,q_꽃_01,꽃,생활서비스 중 '꽃'을 판매·제공하는 매장,val,꽃,T1 정확표기,0d323782-ba89-4d45-808b-6ec881613c97,주주플라워,꽃,대구꽃백화점 골목형상점가,골목형상점가,대구광역시,,,
ba01f6c05d0b0c7fddf9,full_annotation_v1,A,q_꽃_01,꽃,생활서비스 중 '꽃'을 판매·제공하는 매장,val,꽃,T1 정확표기,eacb761c-7bf8-4aaf-8ec6-43d5e2c65c93,태백꽃집,꽃,황지시장상점가,자율상권구역,강원특별자치도,,,
9dd49ce944fe2da19981,full_annotation_v1,A,q_꽃_01,꽃,생활서비스 중 '꽃'을 판매·제공하는 매장,val,꽃,T1 정확표기,2304145c-2506-43ea-bdcc-f5d0ae9afd10,플로리스마레,꽃,지족북로 골목형상점가,골목형상점가,대전광역시,,,
94329e0178672ac368ae,full_annotation_v1,A,q_꽃_01,꽃,생활서비스 중 '꽃'을 판매·제공하는 매장,val,꽃,T1 정확표기,aace9af5-85fc-4ea3-ae03-bb77ad69d32d,24시 꽃 온땅,꽃,염주B상인회 골목형상점가,골목형상점가,광주광역시,,,
78c96314ccadd0880eba,full_annotation_v1,A,q_꽃_01,꽃,생활서비스 중 '꽃'을 판매·제공하는 매장,val,꽃,T1 정확표기,0393ce95-3e7d-4bb5-8ad3-e5da1199e516,꽃사랑화원,화원,남해 명품화전길 골목형상점가,골목형상점가,경상남도,,,
6ec13d3f9c27843bdbf2,full_annotation_v1,A,q_꽃_01,꽃,생활서비스 중 '꽃'을 판매·제공하는 매장,val,꽃,T1 정확표기,7e6c6a7c-67fb-4e79-b3e0-a9a30a8d62a3,식물꽃나라,꽃,매곡동 골목형상점가,골목형상점가,광주광역시,,,
75594ee8859f4ddd678a,full_annotation_v1,A,q_꽃_01,꽃,생활서비스 중 '꽃'을 판매·제공하는 매장,val,꽃,T1 정확표기,d44114b6-26ce-4a36-aeff-94f7bae6a6ab,"이쁘다, 꽃",식물 꽃,서희1차현대 골목형상점가,골목형상점가,광주광역시,,,
1f062015240e2a68637f,full_annotation_v1,A,q_꽃_01,꽃,생활서비스 중 '꽃'을 판매·제공하는 매장,val,꽃,T1 정확표기,1ac40510-ad3a-4d89-aa28-ae7bd11eb9bc,프롬마음,꽃,하남 골목형상점가,골목형상점가,광주광역시,,,
e600fe28676e4b73898a,full_annotation_v1,A,q_꽃_01,꽃,생활서비스 중 '꽃'을 판매·제공하는 매장,val,꽃,T1 정확표기,adce481f-e15e-4db6-8e49-425b0ebab629,꽃걸음,꽃,대인동예술담길 골목형상점가,골목형상점가,광주광역시,,,
389a3b89fea8da2439be,full_annotation_v1,A,q_꽃_01,꽃,생활서비스 중 '꽃'을 판매·제공하는 매장,val,꽃,T1 정확표기,61351d25-d537-4c5d-aa7f-e3d1bfdd8693,플로렌스,꽃,지범골목먹거리타운 골목형상점가,골목형상점가,대구광역시,,,
cf32266b318d812e6af4,full_annotation_v1,A,q_꽃_01,꽃,생활서비스 중 '꽃'을 판매·제공하는 매장,val,꽃,T1 정확표기,01b50703-620e-4976-9b84-a03f2ba9bdcf,메르세드플라워,,관저상가 골목형상점가,골목형상점가,대전광역시,,,
c492293708b3dc504fc8,full_annotation_v1,A,q_꽃_01,꽃,생활서비스 중 '꽃'을 판매·제공하는 매장,val,꽃,T1 정확표기,46090ff9-d080-41b3-82dc-f3e2d4029e36,오월의 꽃,꽃,금암동 골목형상점가,골목형상점가,충청남도,,,
e17d5e4586a20ac3c232,full_annotation_v1,A,q_꽃_01,꽃,생활서비스 중 '꽃'을 판매·제공하는 매장,val,꽃,T1 정확표기,08b9f9fd-7584-41c1-ba08-8a0cbb126f18,유플라워,꽃집,달서시장,전통시장,대구광역시,,,
18e31a651a1c22cb0cca,full_annotation_v1,A,q_꽃_01,꽃,생활서비스 중 '꽃'을 판매·제공하는 매장,val,꽃,T1 정확표기,091b1d69-d4e3-4d8c-9000-1d40f95f50e9,은자씨 플라워,화환,부티크타운 골목형 상점가,골목형상점가,충청남도,,,
0b45ada8d64170369935,full_annotation_v1,A,q_꽃_01,꽃,생활서비스 중 '꽃'을 판매·제공하는 매장,val,꽃,T1 정확표기,91ae106a-db0c-44f0-8c26-ebabbc7d5252,민플라워,꽃,수완은빛마을,골목형상점가,광주광역시,,,
40cd0f633cdb024602b0,full_annotation_v1,A,q_꽃_01,꽃,생활서비스 중 '꽃'을 판매·제공하는 매장,val,꽃,T1 정확표기,957cf2ab-48cd-4318-acf9-256e66cc5641,휘니체,꽃,밀양 아리랑시장,전통시장,경상남도,,,
dea9c516b34aa72db7fc,full_annotation_v1,A,q_꽃_01,꽃,생활서비스 중 '꽃'을 판매·제공하는 매장,val,꽃,T1 정확표기,d31a8752-dd4d-4fe2-a513-c93a96253557,꽃라온,꽃,북촌계동길골목형상점가,골목형상점가,서울특별시,,,
865a941cf6d299d07767,full_annotation_v1,A,q_꽃_01,꽃,생활서비스 중 '꽃'을 판매·제공하는 매장,val,꽃,T1 정확표기,60ef0cbd-6d4c-43a5-b978-e76ce0f50d50,금란꽃,꽃,새동인천지하상가,일반지하상점가,인천광역시,,,
16fd751bb8804ca366e8,full_annotation_v1,A,q_꽃_01,꽃,생활서비스 중 '꽃'을 판매·제공하는 매장,val,꽃,T1 정확표기,0043469e-66b6-48d0-b7a9-d87c0887cf59,꽃이예쁜집,꽃,장동앞길 골목형상점가,골목형상점가,광주광역시,,,
f81cefd9a6caf1fbc079,full_annotation_v1,A,q_꽃_01,꽃,생활서비스 중 '꽃'을 판매·제공하는 매장,val,꽃,T1 정확표기,b85a1186-2171-487e-a9c3-bda720b4f26e,꽃수레,꽃,부산자유시장,전통시장,부산광역시,,,
0c7ce16910ab07eb492c,full_annotation_v1,A,q_꽃_01,꽃,생활서비스 중 '꽃'을 판매·제공하는 매장,val,꽃,T1 정확표기,92340aa1-95cb-43c2-a683-6a93c40fb2f4,동성꽃집,꽃,서면시장,전통시장,부산광역시,,,
efd77f7207875e4904ee,full_annotation_v1,A,q_꽃_01,꽃,생활서비스 중 '꽃'을 판매·제공하는 매장,val,꽃,T1 정확표기,c5a66601-dbaf-4b1d-86fa-822ea6890ffe,수플라워,꽃,봉곡우전로 골목형상점가,골목형상점가,전북특별자치도,,,
b64d1dc57f749e1ca22c,full_annotation_v1,A,q_꽃_01,꽃,생활서비스 중 '꽃'을 판매·제공하는 매장,val,꽃,T1 정확표기,64f46af6-68e6-445c-ba37-30a3e6efc1ad,꽃기린,꽃,운암 예술 골목형상점가,골목형상점가,광주광역시,,,
d3483e1cc77cebf3d983,full_annotation_v1,A,q_꽃_01,꽃,생활서비스 중 '꽃'을 판매·제공하는 매장,val,꽃,T1 정확표기,a0544dd5-6d13-4a34-abf8-097955ba18c7,허브플라워,꽃,다모아상가 골목형상점가,골목형상점가,대전광역시,,,
d274408a234106107c3f,full_annotation_v1,A,q_꽃_01,꽃,생활서비스 중 '꽃'을 판매·제공하는 매장,val,꽃,T1 정확표기,ad7c5583-b22c-46d6-9ac0-97c2235f9086,꽃부리영,꽃,둔산꽃길 골목형상점가,골목형상점가,대전광역시,,,
4bcb881d784bc87e4d20,full_annotation_v1,A,q_꽃_01,꽃,생활서비스 중 '꽃'을 판매·제공하는 매장,val,꽃,T1 정확표기,9b4fc779-b33c-4d82-bee6-9acf7defc3c1,주식회사 두두컴퍼니코리아,배달,자양로13길골목형상점가,골목형상점가,서울특별시,,,
bf73cf1ef5a04d8c6402,full_annotation_v1,A,q_꽃_01,꽃,생활서비스 중 '꽃'을 판매·제공하는 매장,val,꽃,T1 정확표기,6b9f3adc-8af6-49b2-93de-5b1b1361f479,플로라,꽃,서구청먹자골목상인회 골목형상점가,골목형상점가,광주광역시,,,
ff004df63ddf13eac23f,full_annotation_v1,A,q_꽃_01,꽃,생활서비스 중 '꽃'을 판매·제공하는 매장,val,꽃,T1 정확표기,cf3f25d4-b24f-4665-a5ea-13a15974d898,오오플라워,화환,삼각지맛길 골목형상점가,골목형상점가,대구광역시,,,
276a5a5566c112079115,full_annotation_v1,A,q_꽃_01,꽃,생활서비스 중 '꽃'을 판매·제공하는 매장,val,꽃,T1 정확표기,4825acae-5ec9-42a7-a4dd-bcaabd92399d,꽃집,꽃,동명동 카페거리 골목형상점가,골목형상점가,광주광역시,,,
7afcdd60b1c80311deec,full_annotation_v1,A,q_꽃_01,꽃,생활서비스 중 '꽃'을 판매·제공하는 매장,val,꽃,T1 정확표기,69fada19-3d28-4709-b619-5302447f6c58,온로즈,꽃,상무백운상인회 골목형상점가,골목형상점가,광주광역시,,,
b778f44d8923519dba79,full_annotation_v1,A,q_꽃_01,꽃,생활서비스 중 '꽃'을 판매·제공하는 매장,val,꽃,T1 정확표기,0e5a591b-cc1f-4529-9593-c68d305729a6,꼬슬란꽃집,소매(화원),가평잣고을시장,전통시장,경기도,,,
539e3d781ad28774df4d,full_annotation_v1,A,q_꽃_01,꽃,생활서비스 중 '꽃'을 판매·제공하는 매장,val,꽃,T1 정확표기,7313e2f8-9fe0-4e0e-8dd9-3f1100802046,허브역,꽃,동두천중앙시장,전통시장,경기도,,,
0d257201130f54d3c7be,full_annotation_v1,A,q_꽃_01,꽃,생활서비스 중 '꽃'을 판매·제공하는 매장,val,꽃,T1 정확표기,a2753a1b-f34d-4e5e-a36d-58dd0caa86ca,아이비플라워,꽃,광주송정역세권 상권활성화구역,상권활성화구역,광주광역시,,,
ee8dff8e10034a9b62d0,full_annotation_v1,A,q_꽃_01,꽃,생활서비스 중 '꽃'을 판매·제공하는 매장,val,꽃,T1 정확표기,a8219d77-e430-4f5f-bfa4-1346cf570a86,깡우동 안양평촌점,"우동, 튀김 등",평촌역 상점가,자율상권구역,경기도,,,
8cc79618252aa2f773f5,full_annotation_v1,A,q_꽃_01,꽃,생활서비스 중 '꽃'을 판매·제공하는 매장,val,꽃,T1 정확표기,b8d695e7-bfff-4615-9dab-9308a7ec236c,조공화원,꽃,조공시장,전통시장,경기도,,,
8272d58d835698e492cb,full_annotation_v1,A,q_꽃_01,꽃,생활서비스 중 '꽃'을 판매·제공하는 매장,val,꽃,T1 정확표기,06dede93-cca4-4e0a-8ee9-26168a0b4f4d,장터꽃 화원,꽃,김천황금시장,전통시장,경상북도,,,
6da3d9dd3a51fc7ed732,full_annotation_v1,A,q_꽃_01,꽃,생활서비스 중 '꽃'을 판매·제공하는 매장,val,꽃,T1 정확표기,d2ea14c2-e186-4317-9e87-7ed2568dcf5b,하나꽃화원,꽃,"온양온천시장(온양재래시장, 전통시장)",전통시장,충청남도,,,
822006688b0ae1f07a02,full_annotation_v1,A,q_꽃_01,꽃,생활서비스 중 '꽃'을 판매·제공하는 매장,val,꽃,T1 정확표기,0268ed52-44bd-4e9c-a295-7a64f656640a,양정화원,화원,관고전통시장,전통시장,경기도,,,
eef44c732a15d0428782,full_annotation_v1,A,q_꽃_01,꽃,생활서비스 중 '꽃'을 판매·제공하는 매장,val,꽃,T1 정확표기,015a9bf5-459a-4d82-bb4d-f6b4136ffda5,그대가 꽃,꽃,첨단월계 골목형상점가,골목형상점가,광주광역시,,,
3ec7c793e0e42de6981e,full_annotation_v1,A,q_꽃_01,꽃,생활서비스 중 '꽃'을 판매·제공하는 매장,val,꽃,T1 정확표기,c0f128e0-b353-459b-a093-fbf678406e9b,약초백화점,가공식품농산물곡류,자갈치해안시장,전통시장,부산광역시,,,
7ab285327111d3d4bd33,full_annotation_v1,A,q_꽃_01,꽃,생활서비스 중 '꽃'을 판매·제공하는 매장,val,꽃,T1 정확표기,21185fcd-8419-4a15-9957-4ddd34b2e8eb,레토,꽃,운천상무시장 골목형상점가,골목형상점가,광주광역시,,,
342b33b1932d203fd069,full_annotation_v1,A,q_꽃_01,꽃,생활서비스 중 '꽃'을 판매·제공하는 매장,val,꽃,T1 정확표기,2fd6db16-8b47-41d4-b6d9-a1cc57c25343,미리내flowershop,"생화, 조화, 화분, 화환",인동중앙상점가,골목형상점가,경상북도,,,
803f1fb26b8b9be0edd2,full_annotation_v1,A,q_꽃_01,꽃,생활서비스 중 '꽃'을 판매·제공하는 매장,val,꽃,T1 정확표기,989fb6d4-ed19-46cb-8322-9e6e9194211c,파랑새,꽃,쌍리단길상점가,자율상권구역,서울특별시,,,
7b24b57f2a2b0e1ac501,full_annotation_v1,A,q_꽃_01,꽃,생활서비스 중 '꽃'을 판매·제공하는 매장,val,꽃,T1 정확표기,01361075-0980-43ea-8c81-a58d44a604bb,플라워루체,생화,운암북문대로 골목형상점가,골목형상점가,광주광역시,,,
cc7eeb4812f09454e760,full_annotation_v1,A,q_꽃_01,꽃,생활서비스 중 '꽃'을 판매·제공하는 매장,val,꽃,T1 정확표기,c728980b-26ee-46a1-8b26-54cc22a40c48,"꽃,그린피아",꽃,조종시장,전통시장,경기도,,,
b1d07c5162098352ffd4,full_annotation_v1,A,q_꽃_01,꽃,생활서비스 중 '꽃'을 판매·제공하는 매장,val,꽃,T1 정확표기,f906ade2-dc38-4c41-a0ae-18e5ac72c5a4,꽃길,꽃,강진중앙로상가,자율상권구역,전라남도,,,
aa4e1e5996bc21d1073f,full_annotation_v1,A,q_꽃_01,꽃,생활서비스 중 '꽃'을 판매·제공하는 매장,val,꽃,T1 정확표기,7d44654a-2278-435b-b9d4-64bf236a8e2e,설렘,꽃,나주 예가람,골목형상점가,전라남도,,,
4c7316b4ef75918f2649,full_annotation_v1,A,q_꽃_01,꽃,생활서비스 중 '꽃'을 판매·제공하는 매장,val,꽃,T1 정확표기,00afc023-f2e3-417c-b675-42c0a2f682ac,경영꽃집,꽃,유성구암 골목형상점가,골목형상점가,대전광역시,,,
5c848e5c1afb265f7832,full_annotation_v1,A,q_꽃_01,꽃,생활서비스 중 '꽃'을 판매·제공하는 매장,val,꽃,T1 정확표기,0ff18875-cc57-4adc-a7d1-9a8407ae6abf,목포서해수산,수산물,목포종합수산시장,전통시장,전라남도,,,
65d33d4b45b85e943e28,full_annotation_v1,A,q_꽃_01,꽃,생활서비스 중 '꽃'을 판매·제공하는 매장,val,꽃,T1 정확표기,02b04299-d64f-4c59-b73c-487d485fff0f,속초꽃집 화사랑플라워,,청학사거리 골목형상점가,골목형상점가,강원특별자치도,,,
60b20627bbd47c88eee6,full_annotation_v1,A,q_꽃_01,꽃,생활서비스 중 '꽃'을 판매·제공하는 매장,val,꽃,T1 정확표기,00046925-dcb7-4796-8c1e-0de154aa3825,가든꽃화원,생화,전주풍남문상점가,자율상권구역,전북특별자치도,,,
382e0aee91f3676b6eff,full_annotation_v1,A,q_꽃_01,꽃,생활서비스 중 '꽃'을 판매·제공하는 매장,val,꽃,T1 정확표기,0165a7f2-4303-433a-a548-17d89cb6fa0f,"꽃,과일","꽃, 과일",이동 골목형상점가,골목형상점가,경기도,,,
ec421af42ffd8804b51e,full_annotation_v1,A,q_꽃_01,꽃,생활서비스 중 '꽃'을 판매·제공하는 매장,val,꽃,T1 정확표기,065a7a8c-5299-430a-93b1-257064b5c858,멜리플라워,,의왕가구거리 골목형상점가,골목형상점가,경기도,,,
1500daa6537288fc7f9b,full_annotation_v1,A,q_꽃_01,꽃,생활서비스 중 '꽃'을 판매·제공하는 매장,val,꽃,T1 정확표기,01d1c245-a6a7-441a-8977-85303f01e56e,인플라워,생화,유성도안 골목형상점가,골목형상점가,대전광역시,,,
e5aec91eba76c3f7e348,full_annotation_v1,A,q_꽃_01,꽃,생활서비스 중 '꽃'을 판매·제공하는 매장,val,꽃,T1 정확표기,8f2d4f86-310f-4248-855e-e1ee8027bbaf,여기 꽃,"꽃, 식물",옥계 부성상가,골목형상점가,경상북도,,,
7656dc5a943892a74fb1,full_annotation_v1,A,q_꽃_01,꽃,생활서비스 중 '꽃'을 판매·제공하는 매장,val,꽃,T1 정확표기,0123cf0c-2929-4bbe-9b13-1354e60a6922,혜오르 플라워(HYEOR FLOWER),생화 및 식물,신창진흥 골목형상점가,골목형상점가,광주광역시,,,
9a40ad1d37fce7b6aca4,full_annotation_v1,A,q_꽃_01,꽃,생활서비스 중 '꽃'을 판매·제공하는 매장,val,꽃,T1 정확표기,2441ce2f-57c7-453e-80a4-0a4e41d5d0ec,궁전꽃집,꽃,현대시장,전통시장,인천광역시,,,
90ccd88299e17d44250d,full_annotation_v1,A,q_꽃_01,꽃,생활서비스 중 '꽃'을 판매·제공하는 매장,val,꽃,T1 정확표기,a385dc0d-a4a8-49c1-9459-00541d2a357f,진플라워,"생화, 관엽, 동양난, 서양난, 화분, 화환, 꽃배달",문화길 골목형상점가,골목형상점가,세종특별자치시,,,
8c73579e463ca67ded96,full_annotation_v1,A,q_꽃_01,꽃,생활서비스 중 '꽃'을 판매·제공하는 매장,val,꽃,T1 정확표기,a7c18a13-d1ed-4856-be79-dc8661d809a4,장터홍어,홍 어,무안전통시장,전통시장,전라남도,,,
6af983ad66e0eb3510fc,full_annotation_v1,A,q_꽃_01,꽃,생활서비스 중 '꽃'을 판매·제공하는 매장,val,꽃,T1 정확표기,5126e924-1bd8-446b-83da-5e4bfb27b002,푸른화원,꽃,진주 동성상가,전통시장,경상남도,,,
ac1ef6a16a0d4628e4c7,full_annotation_v1,A,q_꽃_01,꽃,생활서비스 중 '꽃'을 판매·제공하는 매장,val,꽃,T1 정확표기,680bfced-ec7b-4bf5-a6d0-d7123bae1cd0,환희,꽃,서대신동골목시장,전통시장,부산광역시,,,
12cc54c270538262e099,full_annotation_v1,A,q_꽃_01,꽃,생활서비스 중 '꽃'을 판매·제공하는 매장,val,꽃,T1 정확표기,07e2a120-4803-4634-bd52-ebd7c5433825,슬이네(보떼),조화,고투몰(강남터미널지하도상점가),일반지하상점가,서울특별시,,,
c10579c4b6d4cb90eb47,full_annotation_v1,A,q_꽃_01,꽃,생활서비스 중 '꽃'을 판매·제공하는 매장,val,꽃,T1 정확표기,b051c4f3-8b69-4d56-a7fb-f4c9c9bc97fb,꽃다비,꽃,불광먹자골목 골목형상점가,골목형상점가,서울특별시,,,
89d713050143afa68010,full_annotation_v1,A,q_꽃_01,꽃,생활서비스 중 '꽃'을 판매·제공하는 매장,val,꽃,T1 정확표기,5a69cbfa-c12a-49b8-90ec-4328d6d357f6,가든파티,꽃,전남대후문골목형상점가,골목형상점가,광주광역시,,,
d56458d450185cc560fb,full_annotation_v1,A,q_꽃_01,꽃,생활서비스 중 '꽃'을 판매·제공하는 매장,val,꽃,T1 정확표기,70e1e9c7-2bef-4f75-a5aa-b6debf69d249,소라수산식품,"김, 미역",연천시장,전통시장,부산광역시,,,
eef74010a5e7a00d4942,full_annotation_v1,A,q_꽃_01,꽃,생활서비스 중 '꽃'을 판매·제공하는 매장,val,꽃,T1 정확표기,a0c3dc25-8fc8-4d3a-a909-3ae2445b4982,덕분에꽃,꽃,수완중흥대방 골목형상점가,골목형상점가,광주광역시,,,
9e3dd2bcaf54c63feff0,full_annotation_v1,A,q_꽃_01,꽃,생활서비스 중 '꽃'을 판매·제공하는 매장,val,꽃,T1 정확표기,b6e122e6-145c-46b6-a8a4-d6857ec819c9,늘꽃,꽃,북부중앙 골목형상점가,골목형상점가,경기도,,,
21695c91d1b72a4e59a3,full_annotation_v1,A,q_꽃_01,꽃,생활서비스 중 '꽃'을 판매·제공하는 매장,val,꽃,T1 정확표기,8d650c6a-5a65-4333-8344-0f9eda52ffa4,양지꽃집,꽃,봉리단길골목형상점가,골목형상점가,서울특별시,,,
2137485a7261342a1143,full_annotation_v1,A,q_꽃_01,꽃,생활서비스 중 '꽃'을 판매·제공하는 매장,val,꽃,T1 정확표기,ae3782b4-7742-4e4a-8223-325b3cc082b5,꽃마루,꽃,금촌명동로시장,전통시장,경기도,,,
3f8ab645c32a8701e509,full_annotation_v1,A,q_꽃_01,꽃,생활서비스 중 '꽃'을 판매·제공하는 매장,val,꽃,T1 정확표기,0087b08e-75d9-4580-98ee-b89a11922c32,전광화원,,장흥시장 골목형상점가,골목형상점가,,,,
e64d48e1daae46a4256f,full_annotation_v1,A,q_꽃_01,꽃,생활서비스 중 '꽃'을 판매·제공하는 매장,val,꽃,T1 정확표기,17ab16c1-e885-4dd3-9f1d-0c26539ee24d,장미꽃,꽃,역곡남부시장,전통시장,경기도,,,
728548b4103a559da166,full_annotation_v1,A,q_꽃_01,꽃,생활서비스 중 '꽃'을 판매·제공하는 매장,val,꽃,T1 정확표기,006964ff-b2f9-421f-8fa7-f87219c26c0a,블리스블룸,생화,BOCA 보카상점가,골목형상점가,경기도,,,
62b135b471a749b4b65f,full_annotation_v1,A,q_꽃_01,꽃,생활서비스 중 '꽃'을 판매·제공하는 매장,val,꽃,T1 정확표기,591290db-7773-4bb0-a717-a5f27278e6c6,다미수,꽃,수완사랑 골목형상점가,골목형상점가,광주광역시,,,
7d481932ae180ecaadff,full_annotation_v1,A,q_꽃_01,꽃,생활서비스 중 '꽃'을 판매·제공하는 매장,val,꽃,T1 정확표기,39d79cf6-29ee-4dd6-8efb-0b2cce6d8271,베니르,꽃,빛가람 하나로 골목형상점가,골목형상점가,전라남도,,,
275c250c1ae85947fadd,full_annotation_v1,A,q_꽃_01,꽃,생활서비스 중 '꽃'을 판매·제공하는 매장,val,꽃,T1 정확표기,012ed1bc-d2d6-4dad-8b36-6ad33d367ab2,24시꽃집럭키플라워송도점,생화 식물,송도랜드마크시티 센트럴더샵 골목형상점가,골목형상점가,인천광역시,,,
91199e3bd75ab6d27d36,full_annotation_v1,A,q_꽃_01,꽃,생활서비스 중 '꽃'을 판매·제공하는 매장,val,꽃,T1 정확표기,00b13ca2-ef5b-4243-9a38-2de8507a2c21,남촌플라워,생화,용상공설시장,전통시장,경상북도,,,
2bb42edfda36c3594498,full_annotation_v1,A,q_꽃_01,꽃,생활서비스 중 '꽃'을 판매·제공하는 매장,val,꽃,T1 정확표기,761f7b24-0ee3-455c-a7f3-e20f7dcd6165,꽃마실,꽃,서동시장,전통시장,울산광역시,,,
ce2f7f950524617979bb,full_annotation_v1,A,q_꽃_01,꽃,생활서비스 중 '꽃'을 판매·제공하는 매장,val,꽃,T1 정확표기,c8715ecb-5295-43e2-ad58-ff5e7747b452,플라포,꽃,목포원도심상점가,자율상권구역,전라남도,,,
6f7ee6dd6cc13e929c2b,full_annotation_v1,A,q_꽃_01,꽃,생활서비스 중 '꽃'을 판매·제공하는 매장,val,꽃,T1 정확표기,ae37be81-fd10-428e-8c9e-5ec63fedf54b,흔연재,꽃,모현 청경채 골목형상점가,골목형상점가,경기도,,,
42451e574fac32d7ca08,full_annotation_v1,A,q_꽃_01,꽃,생활서비스 중 '꽃'을 판매·제공하는 매장,val,꽃,T1 정확표기,ce36b00b-1c22-4c2c-85a1-bd518659c1ac,달콤한하루,,우치서하로 골목형상점가,골목형상점가,,,,
41fd53f6f09004bfe742,full_annotation_v1,A,q_꽃_01,꽃,생활서비스 중 '꽃'을 판매·제공하는 매장,val,꽃,T1 정확표기,00b610a8-8a8a-4c5e-9e0b-cba5e4d22c93,에덴꽃화원,꽃,태화시장,전통시장,울산광역시,,,
417c277e1ec222f62384,full_annotation_v1,A,q_꽃_01,꽃,생활서비스 중 '꽃'을 판매·제공하는 매장,val,꽃,T1 정확표기,fba2de74-75f0-46b9-a95a-112ee7499d82,아담플라워,화환,월곡달빛오거리골목형상점가,골목형상점가,서울특별시,,,
8f6c35e8acf1a0574c78,full_annotation_v1,A,q_꽃_01,꽃,생활서비스 중 '꽃'을 판매·제공하는 매장,val,꽃,T1 정확표기,1789331b-68b5-4a70-ac8a-f94c71281f8c,전북화원,꽃,군산동백로 나운상가 골목형상점가,골목형상점가,전북특별자치도,,,
8c96418b0a7bf8a0baa3,full_annotation_v1,A,q_꽃_01,꽃,생활서비스 중 '꽃'을 판매·제공하는 매장,val,꽃,T1 정확표기,f370b7c2-ee14-4344-bec9-69dff26c9b53,아트플라워,꽃,미포1길 골목형상점가,골목형상점가,울산광역시,,,
66d9b7a6ef9bb30cebd9,full_annotation_v1,A,q_꽃_01,꽃,생활서비스 중 '꽃'을 판매·제공하는 매장,val,꽃,T1 정확표기,c0591314-c5a5-44fc-8ce7-61b817a653ce,꽃담,꽃,새샘하루 골목형상점가,골목형상점가,세종특별자치시,,,
75c7ea095cc6f7e16a12,full_annotation_v1,A,q_꽃_01,꽃,생활서비스 중 '꽃'을 판매·제공하는 매장,val,꽃,T1 정확표기,e63b99a9-28a2-48de-b49f-1c08839a8fa2,정순모,꽃,제주시민속오일시장,전통시장,제주특별자치도,,,
a52bb6bffcc7158e1559,full_annotation_v1,A,q_꽃_01,꽃,생활서비스 중 '꽃'을 판매·제공하는 매장,val,꽃,T1 정확표기,f7e3eaff-5bb2-4c04-aa6e-f4dc9216ca7c,민플라워,꽃,휴먼시아 3단지 골목형상점가,골목형상점가,울산광역시,,,
7cce6c1486422a5dd06c,full_annotation_v1,A,q_꽃_01,꽃,생활서비스 중 '꽃'을 판매·제공하는 매장,val,꽃,T1 정확표기,139f6d68-83b9-40cc-8339-120b154b8714,이딜리크,꽃집,월평1동 상인연합회,골목형상점가,대전광역시,,,
4673be8c27b8eedc10e8,full_annotation_v1,A,q_꽃_01,꽃,생활서비스 중 '꽃'을 판매·제공하는 매장,val,꽃,T1 정확표기,4fed0842-d41d-47a8-8ec8-a1de479bbf34,원플라워,꽃,성서와룡시장,전통시장,대구광역시,,,
a0b14b3935eeaf4143fb,full_annotation_v1,A,q_꽃_01,꽃,생활서비스 중 '꽃'을 판매·제공하는 매장,val,꽃,T1 정확표기,c81eed34-8218-4851-a21c-d9ec6232c200,앙팡프리슈 홍성점,의류,홍성명동상가,자율상권구역,충청남도,,,
4e207325f6a1b404b594,full_annotation_v1,A,q_꽃_01,꽃,생활서비스 중 '꽃'을 판매·제공하는 매장,val,꽃,T1 정확표기,001b5693-72ee-4677-9cdb-39117fbc932a,로사리움,꽃,첨단지구 골목형상점가,골목형상점가,광주광역시,,,
0288b95a3b1b32b35a62,full_annotation_v1,A,q_꽃_01,꽃,생활서비스 중 '꽃'을 판매·제공하는 매장,val,꽃,T1 정확표기,010fea22-a965-4d8e-a805-083042a361ec,니어앤디어Cafe,꽃,상주중앙시장,전통시장,경상북도,,,
2ff09c5c4e9333e0dae7,full_annotation_v1,A,q_꽃_01,꽃,생활서비스 중 '꽃'을 판매·제공하는 매장,val,꽃,T1 정확표기,49c4af0c-2c40-4feb-af06-ed8e7d7b8156,꽃사랑,꽃,청평여울시장,전통시장,경기도,,,
743ee1e77c17052daf45,full_annotation_v1,A,q_꽃_01,꽃,생활서비스 중 '꽃'을 판매·제공하는 매장,val,꽃,T1 정확표기,4412fafc-4ea4-453d-b7b7-a6d20e95bf27,화성상회,식품,포항죽도시장,전통시장,경상북도,,,
ee3961516ea6a2aaf27e,full_annotation_v1,A,q_꽃_01,꽃,생활서비스 중 '꽃'을 판매·제공하는 매장,val,꽃,T1 정확표기,03de55fd-e04d-4c83-861f-72bd167d8afc,드레스플라워,,대봉모리 골목형상점가,골목형상점가,대구광역시,,,
c6c060d0d8194ee6cead,full_annotation_v1,A,q_꽃_01,꽃,생활서비스 중 '꽃'을 판매·제공하는 매장,val,꽃,T1 정확표기,1cd2d8cc-91fb-4461-b020-38169644e8cf,에덴화원,꽃,용산용문시장,전통시장,서울특별시,,,
5decdbc116c5ca8a25b2,full_annotation_v1,A,q_꽃_01,꽃,생활서비스 중 '꽃'을 판매·제공하는 매장,val,꽃,T1 정확표기,55511638-d2c6-4aff-a1ba-ba1208083e92,엘로디,꽃,일곡동(제9지역:커피의 거리),골목형상점가,광주광역시,,,
9eae45c1769cc23e03a6,full_annotation_v1,A,q_꽃_01,꽃,생활서비스 중 '꽃'을 판매·제공하는 매장,val,꽃,T1 정확표기,94019ef1-8bfc-45ea-b8be-7e8b0c7b7b35,남경회수산,"활어회포장, 배달",원대신시장,전통시장,대구광역시,,,
18c84c88dce6c08bbac9,full_annotation_v1,A,q_꽃_01,꽃,생활서비스 중 '꽃'을 판매·제공하는 매장,val,꽃,T1 정확표기,0dc54a43-0aee-4fcb-939d-b0f59e5b1b25,금원꽃집,,송강동 골목형상점가,골목형상점가,대전광역시,,,
46619bb0f809aa82a7d1,full_annotation_v1,A,q_꽃_01,꽃,생활서비스 중 '꽃'을 판매·제공하는 매장,val,꽃,T1 정확표기,550339d1-4494-4f36-ab66-9c76f0c6b0de,살롱하나린,두발미용업,법리단길 골목형상점가,골목형상점가,전북특별자치도,,,
a3df503a1f5f5492e133,full_annotation_v1,A,q_꽃_01,꽃,생활서비스 중 '꽃'을 판매·제공하는 매장,val,꽃,T1 정확표기,359df784-64ca-44d9-843d-119b126f095a,서산헬퍼,배달,서산동부전통시장,전통시장,충청남도,,,
9002695ec88ecbd474eb,full_annotation_v1,A,q_꽃_01,꽃,생활서비스 중 '꽃'을 판매·제공하는 매장,val,꽃,T1 정확표기,50d7d00a-1572-4a4c-94df-5349ce0ae9a6,정직한고깃간,육류,효천로 골목형상점가,골목형상점가,광주광역시,,,
09833af1fc44bfefb96d,full_annotation_v1,A,q_꽃_01,꽃,생활서비스 중 '꽃'을 판매·제공하는 매장,val,꽃,T1 정확표기,86f3d7ec-5dae-4c95-9b50-8947d2239853,서동꽃집,꽃,서동전통골목시장,전통시장,부산광역시,,,
cd043abf38bd1f84d234,full_annotation_v1,A,q_꽃_01,꽃,생활서비스 중 '꽃'을 판매·제공하는 매장,val,꽃,T1 정확표기,fefb8767-6974-462c-bc35-8885afedf5b7,진플라워,꽃,남구로시장,전통시장,서울특별시,,,
42252a97fa382a3ecd4b,full_annotation_v1,A,q_꽃_01,꽃,생활서비스 중 '꽃'을 판매·제공하는 매장,val,꽃,T1 정확표기,04c231bf-d3f7-4202-b3a8-d03eb7531853,실버라인,도소매(조화),고투몰(강남터미널지하도상점가),일반지하상점가,서울특별시,,,
c1ae3d6b29f6ace4f033,full_annotation_v1,A,q_꽃_01,꽃,생활서비스 중 '꽃'을 판매·제공하는 매장,val,꽃,T1 정확표기,416f3ce1-792d-42cd-a396-916074b99167,꽃향기플라워,꽃,성수역골목형상점가,골목형상점가,서울특별시,,,
40f89bd7efad6874f69f,full_annotation_v1,A,q_꽃_01,꽃,생활서비스 중 '꽃'을 판매·제공하는 매장,val,꽃,T1 정확표기,6c173e48-b1d5-46a4-8c7e-b8986310dfbe,소매업,꽃,둔산꽃길 골목형상점가,골목형상점가,대전광역시,,,
2b91da11d6d5d1924d1c,full_annotation_v1,A,q_꽃_01,꽃,생활서비스 중 '꽃'을 판매·제공하는 매장,val,꽃,T1 정확표기,1d3a7396-fb62-43f5-b53d-fa43a333ff0b,로랭,꽃,춘천지하상가,일반지하상점가,강원특별자치도,,,
83ea990661ea8fe2e215,full_annotation_v1,A,q_꽃_01,꽃,생활서비스 중 '꽃'을 판매·제공하는 매장,val,꽃,T1 정확표기,00b20e6f-4b2f-410f-984c-b6a206704138,나리화원.꽃,,승달 골목형상점가,골목형상점가,,,,
dfbe21dfb19e1ab1ec7d,full_annotation_v1,A,q_꽃_01,꽃,생활서비스 중 '꽃'을 판매·제공하는 매장,val,꽃,T1 정확표기,1a11edc3-9598-4fe4-b093-b4f766ee30d8,유천꽃,꽃,유천택지올림픽길골목형상점가,골목형상점가,강원특별자치도,,,
8ec8a5c3814690e1c447,full_annotation_v1,A,q_꽃_01,꽃,생활서비스 중 '꽃'을 판매·제공하는 매장,val,꽃,T1 정확표기,0fdda0b6-8af0-4e6d-9574-2a8b043c0bc0,이플,"꽃집, 꽃배달",담양중앙2번가 골목형상점가,골목형상점가,전라남도,,,
735eb6cbe24bc18544d6,full_annotation_v1,A,q_꽃_01,꽃,생활서비스 중 '꽃'을 판매·제공하는 매장,val,꽃,T1 정확표기,9a5c0258-950c-478e-83b6-c33660b6e704,예쁜집,꽃,제일종합시장,전통시장,강원특별자치도,,,
4586dd1606de847af981,full_annotation_v1,A,q_꽃_01,꽃,생활서비스 중 '꽃'을 판매·제공하는 매장,val,꽃,T1 정확표기,569f6cd9-123c-4e86-9ad8-920d6201859d,그리지오,꽃,봉선중길 골목형상점가,골목형상점가,광주광역시,,,
376f60cb30a24872e05a,full_annotation_v1,A,q_꽃_01,꽃,생활서비스 중 '꽃'을 판매·제공하는 매장,val,꽃,T1 정확표기,9d15b26c-b7c6-48cf-afbc-f0dcdc22cccf,꽃디,꽃,푸른마을공동체센터 골목형상점가,골목형상점가,광주광역시,,,
53526d4f7554d91dbd16,full_annotation_v1,A,q_꽃_01,꽃,생활서비스 중 '꽃'을 판매·제공하는 매장,val,꽃,T1 정확표기,4986be7f-8f73-4efe-a042-f653180519be,오늘,꽃,송천동1가 골목형상점가,골목형상점가,전북특별자치도,,,
a1fa0a978be5478a34cb,full_annotation_v1,A,q_꽃_01,꽃,생활서비스 중 '꽃'을 판매·제공하는 매장,val,꽃,T1 정확표기,68768347-697e-44c9-9438-db42d626fde2,쁠라와,꽃,성수역골목형상점가,골목형상점가,서울특별시,,,
e63598451cf3f2db9720,full_annotation_v1,A,q_꽃_01,꽃,생활서비스 중 '꽃'을 판매·제공하는 매장,val,꽃,T1 정확표기,468b55ab-1faf-455d-9885-c6c15e9ac37c,그루,꽃,전주서곡 골목형상점가,골목형상점가,전북특별자치도,,,
b58d95778896f3e3d39c,full_annotation_v1,A,q_꽃_01,꽃,생활서비스 중 '꽃'을 판매·제공하는 매장,val,꽃,T1 정확표기,f0b44480-12c9-4504-b5ca-43103dda7686,플로스유화,꽃,둔산꽃길 골목형상점가,골목형상점가,대전광역시,,,
d9467174761fccdf3090,full_annotation_v1,A,q_꽃_01,꽃,생활서비스 중 '꽃'을 판매·제공하는 매장,val,꽃,T1 정확표기,dbf83553-7416-4e54-9207-a35cd1e4617a,꽃이야기,꽃,성정시장(구 성정5단지시장),전통시장,충청남도,,,
0b571e47209e982df8e8,full_annotation_v1,A,q_꽃_01,꽃,생활서비스 중 '꽃'을 판매·제공하는 매장,val,꽃,T1 정확표기,a50f3a3b-871c-4566-aa04-ed83142e2bf1,그래도 꽃,,다향보성 골목형상점가,골목형상점가,,,,
2a359afe1e2be099043a,full_annotation_v1,A,q_꽃_01,꽃,생활서비스 중 '꽃'을 판매·제공하는 매장,val,꽃,T1 정확표기,5f39317e-2916-47e2-9fee-ede53deff33a,"언제나,꽃",꽃,조치원 전통길 골목형상점가,골목형상점가,세종특별자치시,,,
5f657c255ae2f2b641cf,full_annotation_v1,A,q_꽃_01,꽃,생활서비스 중 '꽃'을 판매·제공하는 매장,val,꽃,T1 정확표기,046df2a5-89ee-4b7a-8aad-91bdc5272130,향기플라워,,정남진활력의거리 골목형상점가,골목형상점가,,,,
f853687a8edc1c3130b3,full_annotation_v1,A,q_꽃_01,꽃,생활서비스 중 '꽃'을 판매·제공하는 매장,val,꽃,T1 정확표기,070a949c-b89d-4ccf-8e63-1743372657bf,조경나라,조화,고투몰(강남터미널지하도상점가),일반지하상점가,서울특별시,,,
e222b508dc653de0f335,full_annotation_v1,A,q_꽃_01,꽃,생활서비스 중 '꽃'을 판매·제공하는 매장,val,꽃,T1 정확표기,745e6036-88e5-4f37-9320-4eaf5c33ba40,다온컴퍼니,꽃,엄사 골목형상점가,골목형상점가,충청남도,,,
93db01c8676def5530c6,full_annotation_v1,A,q_꽃_01,꽃,생활서비스 중 '꽃'을 판매·제공하는 매장,val,꽃,T1 정확표기,04b1ff99-e4e2-47bb-bcae-f7079bd73cae,삼성꽃집,조화,포항죽도시장,전통시장,경상북도,,,
934cf78e4ce444f95d7f,full_annotation_v1,A,q_꽃_01,꽃,생활서비스 중 '꽃'을 판매·제공하는 매장,val,꽃,T1 정확표기,81192042-d2b7-4473-9879-cb4e33d0bdab,루비와꽃,꽃,홀릭스,골목형상점가,광주광역시,,,
36e563b2e4812ba7d515,full_annotation_v1,A,q_꽃_01,꽃,생활서비스 중 '꽃'을 판매·제공하는 매장,val,꽃,T1 정확표기,df130639-b40a-4429-9dac-1eacf992e7cb,유들라위,꽃,하남 골목형상점가,골목형상점가,광주광역시,,,
463d01b5d9e4e97d936e,full_annotation_v1,A,q_꽃_01,꽃,생활서비스 중 '꽃'을 판매·제공하는 매장,val,꽃,T1 정확표기,55e9ce41-6342-4c2c-bf0d-46eaf99370b6,원슈퍼(꽃),,수영팔도시장(구 수영팔도상가시장),전통시장,부산광역시,,,
8052955b82ec72e10d12,full_annotation_v1,A,q_꽃_01,꽃,생활서비스 중 '꽃'을 판매·제공하는 매장,val,꽃,T1 정확표기,72e4403e-31bd-44e9-b724-9aac71f443ed,수플라워,꽃,송강동 골목형상점가,골목형상점가,대전광역시,,,
b953e2cb8a3c75e08cc5,full_annotation_v1,A,q_꽃_01,꽃,생활서비스 중 '꽃'을 판매·제공하는 매장,val,꽃,T1 정확표기,c4a26831-0cfa-4769-9a1a-9f1585b396ba,정플라워,꽃,전남대 상대 골목형상점가,골목형상점가,광주광역시,,,
97ba851cd39c0e3234e8,full_annotation_v1,A,q_꽃_01,꽃,생활서비스 중 '꽃'을 판매·제공하는 매장,val,꽃,T1 정확표기,caa03831-2d90-4d27-b54f-8af3d8994d2e,"찬란유리, 꽃",,보라빛거리골목형상점가,골목형상점가,서울특별시,,,
1cc01e0ad92622f6d325,full_annotation_v1,A,q_꽃_01,꽃,생활서비스 중 '꽃'을 판매·제공하는 매장,val,꽃,T1 정확표기,067b4645-360b-4994-b793-9940b502f4fe,어여쁨꽃,꽃,운천호수공원상인회 골목형상점가,골목형상점가,광주광역시,,,
c3607b83a7bdb8963bd8,full_annotation_v1,A,q_꽃_01,꽃,생활서비스 중 '꽃'을 판매·제공하는 매장,val,꽃,T1 정확표기,24fd4408-df3e-4dec-a117-f10772ba6f5e,티케플라워,꽃,대구꽃백화점 골목형상점가,골목형상점가,대구광역시,,,
0be1386311461eab37fe,full_annotation_v1,A,q_꽃_01,꽃,생활서비스 중 '꽃'을 판매·제공하는 매장,val,꽃,T1 정확표기,1ed47012-2edf-4d5e-8253-efb4fa15e1ef,한주축산,소고기 돼지고기,신효천 골목형상점가,골목형상점가,광주광역시,,,
2d5cee4b5ac1f8bac793,full_annotation_v1,A,q_꽃_01,꽃,생활서비스 중 '꽃'을 판매·제공하는 매장,val,꽃,T1 정확표기,21bba60d-9cbb-46ee-9010-ca30ba99dec2,덕산상회,꽃,예산시장,전통시장,충청남도,,,
cabed40fcf077ef54e21,full_annotation_v1,A,q_꽃_01,꽃,생활서비스 중 '꽃'을 판매·제공하는 매장,val,꽃,T1 정확표기,d6821f66-069a-4e18-9c5e-cb8ee5ded4fe,두일조화,꽃,대구꽃백화점 골목형상점가,골목형상점가,대구광역시,,,
857204375c561d8a32b3,full_annotation_v1,A,q_꽃_01,꽃,생활서비스 중 '꽃'을 판매·제공하는 매장,val,꽃,T1 정확표기,4b432d01-8745-42c4-9568-5bec5239748e,올리브,조화외 인터리어소품,대구꽃백화점 골목형상점가,골목형상점가,대구광역시,,,
3299e52fe8598de2aba1,full_annotation_v1,A,q_꽃_01,꽃,생활서비스 중 '꽃'을 판매·제공하는 매장,val,꽃,T1 정확표기,fe3b79f7-6f18-4179-8d1d-f906eb88f9f8,(유)바른정육,,송정사랑 골목형상점가,골목형상점가,,,,
8d63bf07b6ab634db7e8,full_annotation_v1,A,q_꽃_01,꽃,생활서비스 중 '꽃'을 판매·제공하는 매장,val,꽃,T1 정확표기,066a65ee-fe0b-442c-a440-4ce37e296082,화인꽃방,생화조화,김해 동상전통시장,전통시장,경상남도,,,
b5d61445b0f04aef6846,full_annotation_v1,A,q_꽃_01,꽃,생활서비스 중 '꽃'을 판매·제공하는 매장,val,꽃,T1 정확표기,af2adfa5-7d49-416e-80a0-ca963f003412,세동상회,건어물,목포종합수산시장,전통시장,전라남도,,,
4e07a79753bb2cd27ac9,full_annotation_v1,A,q_꽃_01,꽃,생활서비스 중 '꽃'을 판매·제공하는 매장,val,꽃,T1 정확표기,1bcd761f-7621-4c88-9bbf-aab18c1f13ad,보드람치킨 평촌역점,치킨프렌차이즈,평촌역 상점가,자율상권구역,경기도,,,
64c140da1c466a6fdf88,full_annotation_v1,A,q_꽃_01,꽃,생활서비스 중 '꽃'을 판매·제공하는 매장,val,꽃,T1 정확표기,9fd9bf80-f13f-47fe-a5f0-8417e68b1c88,"꽃, 방",꽃,사가정시장,전통시장,서울특별시,,,
7c742adc8c8287e790d6,full_annotation_v1,A,q_꽃_01,꽃,생활서비스 중 '꽃'을 판매·제공하는 매장,val,꽃,T1 정확표기,1f17df28-643a-4205-b24d-68dedbfd70d1,꽃앤수,꽃,둔산꽃길 골목형상점가,골목형상점가,대전광역시,,,
386c5b56489538190079,full_annotation_v1,A,q_꽃_01,꽃,생활서비스 중 '꽃'을 판매·제공하는 매장,val,꽃,T1 정확표기,3a781f2e-8202-470c-befb-3c36411033bf,창가에 꽃,꽃,신용연제 골목형상점가,골목형상점가,광주광역시,,,
65e9a97b03973d4be7d3,full_annotation_v1,A,q_꽃_02,꽃집,생활서비스 중 '꽃'을 판매·제공하는 매장,val,꽃,T2 동의어,fba2de74-75f0-46b9-a95a-112ee7499d82,아담플라워,화환,월곡달빛오거리골목형상점가,골목형상점가,서울특별시,,,
270fe4e146b57249bf39,full_annotation_v1,A,q_꽃_02,꽃집,생활서비스 중 '꽃'을 판매·제공하는 매장,val,꽃,T2 동의어,19df6713-324c-4735-9d58-5bd62b617486,주희꽃,꽃집,공릉동도깨비시장,전통시장,서울특별시,,,
f8a8cf5210584de43650,full_annotation_v1,A,q_꽃_02,꽃집,생활서비스 중 '꽃'을 판매·제공하는 매장,val,꽃,T2 동의어,7952b3db-31ab-4427-b30a-1e073265a065,조은꽃,꽃집,면목골목시장,전통시장,서울특별시,,,
ff67534dc4d9b1af93f2,full_annotation_v1,A,q_꽃_02,꽃집,생활서비스 중 '꽃'을 판매·제공하는 매장,val,꽃,T2 동의어,c1b0a12c-8da3-4750-bd1c-2f871722b9ce,꼭지양품,양품점,논산화지중앙시장,전통시장,충청남도,,,
324b1f49c291d4688815,full_annotation_v1,A,q_꽃_02,꽃집,생활서비스 중 '꽃'을 판매·제공하는 매장,val,꽃,T2 동의어,e56553fb-0d58-4e21-ac49-b47a33c5fa52,정성꽃집,꽃집,수원영동시장,전통시장,경기도,,,
dae0cb94bccfe6264d96,full_annotation_v1,A,q_꽃_02,꽃집,생활서비스 중 '꽃'을 판매·제공하는 매장,val,꽃,T2 동의어,244f896f-5275-4216-83b8-03ccbaffa742,제이디엑스(JDX),의류,원주중앙로문화의거리,자율상권구역,강원특별자치도,,,
3b43ace9aabbe411f6ce,full_annotation_v1,A,q_꽃_02,꽃집,생활서비스 중 '꽃'을 판매·제공하는 매장,val,꽃,T2 동의어,01b50703-620e-4976-9b84-a03f2ba9bdcf,메르세드플라워,,관저상가 골목형상점가,골목형상점가,대전광역시,,,
93f17f6afdd1aa908c2b,full_annotation_v1,A,q_꽃_02,꽃집,생활서비스 중 '꽃'을 판매·제공하는 매장,val,꽃,T2 동의어,07e2a120-4803-4634-bd52-ebd7c5433825,슬이네(보떼),조화,고투몰(강남터미널지하도상점가),일반지하상점가,서울특별시,,,
948cee046a3dc0edd0cf,full_annotation_v1,A,q_꽃_02,꽃집,생활서비스 중 '꽃'을 판매·제공하는 매장,val,꽃,T2 동의어,67ae06c5-5250-4bfe-9a0c-661f49694b6c,유어플라워,꽃집,안양1번가 상점가,자율상권구역,경기도,,,
192694a0c18f469f0020,full_annotation_v1,A,q_꽃_02,꽃집,생활서비스 중 '꽃'을 판매·제공하는 매장,val,꽃,T2 동의어,00046925-dcb7-4796-8c1e-0de154aa3825,가든꽃화원,생화,전주풍남문상점가,자율상권구역,전북특별자치도,,,
8b195a9b9f88cbcb5dc2,full_annotation_v1,A,q_꽃_02,꽃집,생활서비스 중 '꽃'을 판매·제공하는 매장,val,꽃,T2 동의어,4825acae-5ec9-42a7-a4dd-bcaabd92399d,꽃집,꽃,동명동 카페거리 골목형상점가,골목형상점가,광주광역시,,,
fc8e2b81ec6cee092814,full_annotation_v1,A,q_꽃_02,꽃집,생활서비스 중 '꽃'을 판매·제공하는 매장,val,꽃,T2 동의어,08b9f9fd-7584-41c1-ba08-8a0cbb126f18,유플라워,꽃집,달서시장,전통시장,대구광역시,,,
cc576d1493b6281a6372,full_annotation_v1,A,q_꽃_02,꽃집,생활서비스 중 '꽃'을 판매·제공하는 매장,val,꽃,T2 동의어,a385dc0d-a4a8-49c1-9459-00541d2a357f,진플라워,"생화, 관엽, 동양난, 서양난, 화분, 화환, 꽃배달",문화길 골목형상점가,골목형상점가,세종특별자치시,,,
ecffea4c6527e6efa2df,full_annotation_v1,A,q_꽃_02,꽃집,생활서비스 중 '꽃'을 판매·제공하는 매장,val,꽃,T2 동의어,e238e2e2-cc03-45ae-babb-8af8275337f3,경북상회,양곡,연지시장,전통시장,부산광역시,,,
e96553ea62c1caf0ef1f,full_annotation_v1,A,q_꽃_02,꽃집,생활서비스 중 '꽃'을 판매·제공하는 매장,val,꽃,T2 동의어,091b1d69-d4e3-4d8c-9000-1d40f95f50e9,은자씨 플라워,화환,부티크타운 골목형 상점가,골목형상점가,충청남도,,,
035842780215b8274c61,full_annotation_v1,A,q_꽃_02,꽃집,생활서비스 중 '꽃'을 판매·제공하는 매장,val,꽃,T2 동의어,5c409cc2-cfed-4726-ae67-caf3350c80a6,코스모스,꽃집,수원역전지하도상가,일반지하상점가,경기도,,,
cc3366af82cf3d85b09c,full_annotation_v1,A,q_꽃_02,꽃집,생활서비스 중 '꽃'을 판매·제공하는 매장,val,꽃,T2 동의어,76e6d125-64c6-4956-b374-9a908d9c7ced,그라시아스 꽃집,꽃집,간데메공원골목형상점가,골목형상점가,서울특별시,,,
fe7fd852f54d38313a88,full_annotation_v1,A,q_꽃_02,꽃집,생활서비스 중 '꽃'을 판매·제공하는 매장,val,꽃,T2 동의어,708e9945-9b7a-4b0c-b6e3-5187ae60bb0f,플라워여여,꽃집,풍암동부상인회 골목형상점가,골목형상점가,광주광역시,,,
3e25501e36964d6dd2bf,full_annotation_v1,A,q_꽃_02,꽃집,생활서비스 중 '꽃'을 판매·제공하는 매장,val,꽃,T2 동의어,0e5a591b-cc1f-4529-9593-c68d305729a6,꼬슬란꽃집,소매(화원),가평잣고을시장,전통시장,경기도,,,
ffebbdba09f6530f0575,full_annotation_v1,A,q_꽃_02,꽃집,생활서비스 중 '꽃'을 판매·제공하는 매장,val,꽃,T2 동의어,fbe4ed75-ba84-4f11-9a96-eef98beb4498,꽃밭에서,꽃집 소매,마산 오동동상인연합상가,자율상권구역,경상남도,,,
2f8a564ea577aef3c1ce,full_annotation_v1,A,q_꽃_02,꽃집,생활서비스 중 '꽃'을 판매·제공하는 매장,val,꽃,T2 동의어,aaf25881-c6f3-417e-a6d2-0260ab83fe57,"꽃 작업실, 이랑",꽃집,중흥동 큰샘길 골목형상점가,골목형상점가,광주광역시,,,
629e306ba7e18d06eb6b,full_annotation_v1,A,q_꽃_02,꽃집,생활서비스 중 '꽃'을 판매·제공하는 매장,val,꽃,T2 동의어,cf118645-a54a-45ab-a7c8-aebcd44ed261,에떼르넬플뢰르,꽃집,상무연하상인회 골목형상점가,골목형상점가,광주광역시,,,
dc0cc466779b7f5990b9,full_annotation_v1,A,q_꽃_02,꽃집,생활서비스 중 '꽃'을 판매·제공하는 매장,val,꽃,T2 동의어,01d1c245-a6a7-441a-8977-85303f01e56e,인플라워,생화,유성도안 골목형상점가,골목형상점가,대전광역시,,,
7763b2b1e77f5f5fa690,full_annotation_v1,A,q_꽃_02,꽃집,생활서비스 중 '꽃'을 판매·제공하는 매장,val,꽃,T2 동의어,065a7a8c-5299-430a-93b1-257064b5c858,멜리플라워,,의왕가구거리 골목형상점가,골목형상점가,경기도,,,
0137f8c514bf897c338e,full_annotation_v1,A,q_꽃_02,꽃집,생활서비스 중 '꽃'을 판매·제공하는 매장,val,꽃,T2 동의어,65fd7b2b-a15b-4706-8260-0a3420441b1f,영동꽃집,꽃집,용운시장,전통시장,대전광역시,,,
cadebcea91b9b1f11583,full_annotation_v1,A,q_꽃_02,꽃집,생활서비스 중 '꽃'을 판매·제공하는 매장,val,꽃,T2 동의어,046df2a5-89ee-4b7a-8aad-91bdc5272130,향기플라워,,정남진활력의거리 골목형상점가,골목형상점가,,,,
2eca9860924a3340dc28,full_annotation_v1,A,q_꽃_02,꽃집,생활서비스 중 '꽃'을 판매·제공하는 매장,val,꽃,T2 동의어,ac194725-ce79-4e59-85ca-829519da085e,유한회사 농장의아침,"식육, 잡화",마재상인회 골목형상점가,골목형상점가,광주광역시,,,
a96874131a094073fc3c,full_annotation_v1,A,q_꽃_02,꽃집,생활서비스 중 '꽃'을 판매·제공하는 매장,val,꽃,T2 동의어,fa823281-bd00-4ff9-9aaa-b1cee2c4322c,마마도수집,중식,대림역도림로 골목형상점가,골목형상점가,서울특별시,,,
f8afa42f8fd934c0a2c7,full_annotation_v1,A,q_꽃_02,꽃집,생활서비스 중 '꽃'을 판매·제공하는 매장,val,꽃,T2 동의어,6192e0ca-16f5-4699-a35d-f4b952842b23,리빙플라워,꽃집,메트로센터(반월당지하쇼핑),일반지하상점가,대구광역시,,,
cada7634e689eb54cfa7,full_annotation_v1,A,q_꽃_02,꽃집,생활서비스 중 '꽃'을 판매·제공하는 매장,val,꽃,T2 동의어,00b13ca2-ef5b-4243-9a38-2de8507a2c21,남촌플라워,생화,용상공설시장,전통시장,경상북도,,,
0127429e52751ec457b8,full_annotation_v1,A,q_꽃_02,꽃집,생활서비스 중 '꽃'을 판매·제공하는 매장,val,꽃,T2 동의어,0dc54a43-0aee-4fcb-939d-b0f59e5b1b25,금원꽃집,,송강동 골목형상점가,골목형상점가,대전광역시,,,
6dfbd26d4e7cf1ddd838,full_annotation_v1,A,q_꽃_02,꽃집,생활서비스 중 '꽃'을 판매·제공하는 매장,val,꽃,T2 동의어,359df784-64ca-44d9-843d-119b126f095a,서산헬퍼,배달,서산동부전통시장,전통시장,충청남도,,,
9167dcde8a9cdd024f5c,full_annotation_v1,A,q_꽃_02,꽃집,생활서비스 중 '꽃'을 판매·제공하는 매장,val,꽃,T2 동의어,04c231bf-d3f7-4202-b3a8-d03eb7531853,실버라인,도소매(조화),고투몰(강남터미널지하도상점가),일반지하상점가,서울특별시,,,
8391fe89803d968df0b7,full_annotation_v1,A,q_꽃_02,꽃집,생활서비스 중 '꽃'을 판매·제공하는 매장,val,꽃,T2 동의어,1630990b-a27c-4e55-b95e-c228cac65919,클리지사천점,여성복,사천읍시장,전통시장,경상남도,,,
cfbdf97420e00776c52c,full_annotation_v1,A,q_꽃_02,꽃집,생활서비스 중 '꽃'을 판매·제공하는 매장,val,꽃,T2 동의어,fff0cefc-6fb6-4102-ba21-0b820e052c61,꽃누리화원,꽃집,금암동 골목형상점가,골목형상점가,전북특별자치도,,,
11326a241cf288e3c03b,full_annotation_v1,A,q_꽃_02,꽃집,생활서비스 중 '꽃'을 판매·제공하는 매장,val,꽃,T2 동의어,010fea22-a965-4d8e-a805-083042a361ec,니어앤디어Cafe,꽃,상주중앙시장,전통시장,경상북도,,,
7bfd317c878589b8de84,full_annotation_v1,A,q_꽃_02,꽃집,생활서비스 중 '꽃'을 판매·제공하는 매장,val,꽃,T2 동의어,ea85d148-3537-47db-970b-ea48491867eb,남경상회,생선,자갈치시장,전통시장,부산광역시,,,
49b47c5e225d9e2f4df3,full_annotation_v1,A,q_꽃_02,꽃집,생활서비스 중 '꽃'을 판매·제공하는 매장,val,꽃,T2 동의어,edb57fca-afe3-40d2-bff6-c23905495322,"이지조경, 꽃집",꽃조경수,이지더원 골목형 상점가,골목형상점가,충청남도,,,
c278a9deb189cfb3efbb,full_annotation_v1,A,q_꽃_02,꽃집,생활서비스 중 '꽃'을 판매·제공하는 매장,val,꽃,T2 동의어,0087b08e-75d9-4580-98ee-b89a11922c32,전광화원,,장흥시장 골목형상점가,골목형상점가,,,,
3678fd6455c246a73e3f,full_annotation_v1,A,q_꽃_02,꽃집,생활서비스 중 '꽃'을 판매·제공하는 매장,val,꽃,T2 동의어,625a945c-bd99-484b-b606-b3ad7cce42d2,초록숲,꽃집,운리공원상인회 골목형상점가,골목형상점가,광주광역시,,,
fd1ddcb7bfd72a2a4cdc,full_annotation_v1,A,q_꽃_02,꽃집,생활서비스 중 '꽃'을 판매·제공하는 매장,val,꽃,T2 동의어,f8d52913-22cb-4465-9eb4-f12e7f675bf9,꽃동산,꽃집,당산로 골목형상점가,골목형상점가,전북특별자치도,,,
2b21425e4c49c0e4eaa2,full_annotation_v1,A,q_꽃_02,꽃집,생활서비스 중 '꽃'을 판매·제공하는 매장,val,꽃,T2 동의어,0fdda0b6-8af0-4e6d-9574-2a8b043c0bc0,이플,"꽃집, 꽃배달",담양중앙2번가 골목형상점가,골목형상점가,전라남도,,,
2ff5a46a7ee03e92700d,full_annotation_v1,A,q_꽃_02,꽃집,생활서비스 중 '꽃'을 판매·제공하는 매장,val,꽃,T2 동의어,32c32e0c-34f9-4ff9-b1d5-efce3af113fa,민지네 꽃집,생화,송정역카페거리골목형상점가,골목형상점가,서울특별시,,,
851e65fefefe1936ad2d,full_annotation_v1,A,q_꽃_02,꽃집,생활서비스 중 '꽃'을 판매·제공하는 매장,val,꽃,T2 동의어,5710315b-3754-44ff-82d5-6af37e637d74,서남꽃집,꽃집,서남신시장,전통시장,대구광역시,,,
299181abc88d157fe24a,full_annotation_v1,A,q_꽃_02,꽃집,생활서비스 중 '꽃'을 판매·제공하는 매장,val,꽃,T2 동의어,bebbcc5a-7cca-445a-b398-8d5069c8c1f9,큰길정원플라워,꽃집,달아실 골목형상점가,골목형상점가,광주광역시,,,
642e294b11895c4feee2,full_annotation_v1,A,q_꽃_02,꽃집,생활서비스 중 '꽃'을 판매·제공하는 매장,val,꽃,T2 동의어,e6b9fb70-2521-4988-a880-4169c242be14,땅스부대찌개 태평시장점,부대찌개,태평시장,전통시장,대전광역시,,,
cfd4e535008cb2ae437e,full_annotation_v1,A,q_꽃_02,꽃집,생활서비스 중 '꽃'을 판매·제공하는 매장,val,꽃,T2 동의어,ab09599c-e67d-445d-8f03-32bf04d8bcd7,진영상회,,논산화지중앙시장,전통시장,충청남도,,,
b467282f4e79dd5242e7,full_annotation_v1,A,q_꽃_02,꽃집,생활서비스 중 '꽃'을 판매·제공하는 매장,val,꽃,T2 동의어,2fd6db16-8b47-41d4-b6d9-a1cc57c25343,미리내flowershop,"생화, 조화, 화분, 화환",인동중앙상점가,골목형상점가,경상북도,,,
ea86c644e933387e15a6,full_annotation_v1,A,q_꽃_02,꽃집,생활서비스 중 '꽃'을 판매·제공하는 매장,val,꽃,T2 동의어,cf3f25d4-b24f-4665-a5ea-13a15974d898,오오플라워,화환,삼각지맛길 골목형상점가,골목형상점가,대구광역시,,,
883060a268a41753c0f4,full_annotation_v1,A,q_꽃_02,꽃집,생활서비스 중 '꽃'을 판매·제공하는 매장,val,꽃,T2 동의어,784adc40-92bf-4943-9430-df5d467d2a67,땅스부대찌개 시흥현대시장점,음식점(부대찌개),비단길현대시장,전통시장,서울특별시,,,
0859f09da304469a5f26,full_annotation_v1,A,q_꽃_02,꽃집,생활서비스 중 '꽃'을 판매·제공하는 매장,val,꽃,T2 동의어,2b921088-aee2-45fb-941f-864337394f39,르플로라,꽃집,일곡동(제3지역:자연마을 공방거리),골목형상점가,광주광역시,,,
61e7eadbe3a9ad3e52ef,full_annotation_v1,A,q_꽃_02,꽃집,생활서비스 중 '꽃'을 판매·제공하는 매장,val,꽃,T2 동의어,088bac35-34c2-4e2d-bb99-28404c82eb05,홈런수산,수산물,군산수산물종합센터,전통시장,전북특별자치도,,,
2d157ae43464568cdc6e,full_annotation_v1,A,q_꽃_02,꽃집,생활서비스 중 '꽃'을 판매·제공하는 매장,val,꽃,T2 동의어,a6427c37-a1c9-4693-80f8-5d4a34c9937f,민들레화원,꽃집,설악눈메골시장,전통시장,경기도,,,
c5ed275293c6e4c42e13,full_annotation_v1,A,q_꽃_02,꽃집,생활서비스 중 '꽃'을 판매·제공하는 매장,val,꽃,T2 동의어,001b5693-72ee-4677-9cdb-39117fbc932a,로사리움,꽃,첨단지구 골목형상점가,골목형상점가,광주광역시,,,
2b958f212d14ac8df8a2,full_annotation_v1,A,q_꽃_02,꽃집,생활서비스 중 '꽃'을 판매·제공하는 매장,val,꽃,T2 동의어,006964ff-b2f9-421f-8fa7-f87219c26c0a,블리스블룸,생화,BOCA 보카상점가,골목형상점가,경기도,,,
5ef5dae65e206575ef9f,full_annotation_v1,A,q_꽃_02,꽃집,생활서비스 중 '꽃'을 판매·제공하는 매장,val,꽃,T2 동의어,0268ed52-44bd-4e9c-a295-7a64f656640a,양정화원,화원,관고전통시장,전통시장,경기도,,,
749004938393c58d2fb9,full_annotation_v1,A,q_꽃_02,꽃집,생활서비스 중 '꽃'을 판매·제공하는 매장,val,꽃,T2 동의어,b63a09d7-f4f1-4a85-9654-35a7f50acc1b,은혜꽃농원,꽃집,서희1차현대 골목형상점가,골목형상점가,광주광역시,,,
60c2b831c2674b092698,full_annotation_v1,A,q_꽃_02,꽃집,생활서비스 중 '꽃'을 판매·제공하는 매장,val,꽃,T2 동의어,e7a29284-ce04-4b43-bbbf-117cedfb8892,꽃집 들꽃향기,,장흥중앙로 골목형상점가,골목형상점가,,,,
a3f80485a6de07e1e2ca,full_annotation_v1,A,q_꽃_02,꽃집,생활서비스 중 '꽃'을 판매·제공하는 매장,val,꽃,T2 동의어,04b1ff99-e4e2-47bb-bcae-f7079bd73cae,삼성꽃집,조화,포항죽도시장,전통시장,경상북도,,,
3e75d8d3b2f905a29ec6,full_annotation_v1,A,q_꽃_02,꽃집,생활서비스 중 '꽃'을 판매·제공하는 매장,val,꽃,T2 동의어,4ed75aae-093c-4ead-8698-d743aeef147f,꽃집시월,"꽃집, 꽃배달",다정한 골목형상점가,골목형상점가,세종특별자치시,,,
1e2a599c32d51c4e98e4,full_annotation_v1,A,q_꽃_02,꽃집,생활서비스 중 '꽃'을 판매·제공하는 매장,val,꽃,T2 동의어,604fd235-a1b1-49c1-8450-7136c8f727c3,미아플라워,꽃집,미사강변 골목형상점가,골목형상점가,경기도,,,
7e2971990b620c0f3f98,full_annotation_v1,A,q_꽃_02,꽃집,생활서비스 중 '꽃'을 판매·제공하는 매장,val,꽃,T2 동의어,cdb13f1a-1aa8-45fc-9c64-0a7078a1e43d,장미나라,꽃집,운암 서암대로1 골목형상점가,골목형상점가,광주광역시,,,
48ea6f5e7f7e839814ef,full_annotation_v1,A,q_꽃_02,꽃집,생활서비스 중 '꽃'을 판매·제공하는 매장,val,꽃,T2 동의어,f66979a5-e8bd-4467-a707-6a1de4b1b11d,가덕도반찬,반찬,감포시장,전통시장,경상북도,,,
2aca4bd57148743af3fc,full_annotation_v1,A,q_꽃_02,꽃집,생활서비스 중 '꽃'을 판매·제공하는 매장,val,꽃,T2 동의어,c982a516-7110-4738-ad3c-dfb2513c736b,처음꽃방,꽃집,동해남부재래시장,전통시장,강원특별자치도,,,
5bdf037c2df85f042e1c,full_annotation_v1,A,q_꽃_02,꽃집,생활서비스 중 '꽃'을 판매·제공하는 매장,val,꽃,T2 동의어,d693bcbd-a9fa-4239-b63b-16af8ccd0913,싱싱한 꽃집,꽃,정이있는 구포시장,전통시장,부산광역시,,,
91c99e09abe61f74927f,full_annotation_v1,A,q_꽃_02,꽃집,생활서비스 중 '꽃'을 판매·제공하는 매장,val,꽃,T2 동의어,012ed1bc-d2d6-4dad-8b36-6ad33d367ab2,24시꽃집럭키플라워송도점,생화 식물,송도랜드마크시티 센트럴더샵 골목형상점가,골목형상점가,인천광역시,,,
12e1db6eab3acfeafadc,full_annotation_v1,A,q_꽃_02,꽃집,생활서비스 중 '꽃'을 판매·제공하는 매장,val,꽃,T2 동의어,4e0beb5c-fc71-441c-981f-70b83382cf7d,드림플라워,꽃집,서희1차현대 골목형상점가,골목형상점가,광주광역시,,,
54adf73f256605cc7a30,full_annotation_v1,A,q_꽃_02,꽃집,생활서비스 중 '꽃'을 판매·제공하는 매장,val,꽃,T2 동의어,f06e2882-121d-4a4c-938a-e0e4f5705f7f,보촌농원,꽃집,서희1차현대 골목형상점가,골목형상점가,광주광역시,,,
61cd0798d6793f4411f2,full_annotation_v1,A,q_꽃_02,꽃집,생활서비스 중 '꽃'을 판매·제공하는 매장,val,꽃,T2 동의어,0123cf0c-2929-4bbe-9b13-1354e60a6922,혜오르 플라워(HYEOR FLOWER),생화 및 식물,신창진흥 골목형상점가,골목형상점가,광주광역시,,,
de2bf7d084d0205e8ccf,full_annotation_v1,A,q_꽃_02,꽃집,생활서비스 중 '꽃'을 판매·제공하는 매장,val,꽃,T2 동의어,00b20e6f-4b2f-410f-984c-b6a206704138,나리화원.꽃,,승달 골목형상점가,골목형상점가,,,,
fea1811f066d38ced0ce,full_annotation_v1,A,q_꽃_02,꽃집,생활서비스 중 '꽃'을 판매·제공하는 매장,val,꽃,T2 동의어,fcc936b2-3189-4ead-98dc-c4c49f968d9d,행복화원,꽃집,서희1차현대 골목형상점가,골목형상점가,광주광역시,,,
3175ccd5670013c8f69a,full_annotation_v1,A,q_꽃_02,꽃집,생활서비스 중 '꽃'을 판매·제공하는 매장,val,꽃,T2 동의어,0393ce95-3e7d-4bb5-8ad3-e5da1199e516,꽃사랑화원,화원,남해 명품화전길 골목형상점가,골목형상점가,경상남도,,,
259ecb4666109991a105,full_annotation_v1,A,q_꽃_02,꽃집,생활서비스 중 '꽃'을 판매·제공하는 매장,val,꽃,T2 동의어,070a949c-b89d-4ccf-8e63-1743372657bf,조경나라,조화,고투몰(강남터미널지하도상점가),일반지하상점가,서울특별시,,,
825e86f7387e4d51d2ea,full_annotation_v1,A,q_꽃_02,꽃집,생활서비스 중 '꽃'을 판매·제공하는 매장,val,꽃,T2 동의어,4b8d360b-2a99-46a9-8fa2-cefd7c23aa34,세연이네꽃방,꽃집,상암동상점가,자율상권구역,서울특별시,,,
100aa2fd4f9db596840a,full_annotation_v1,A,q_꽃_02,꽃집,생활서비스 중 '꽃'을 판매·제공하는 매장,val,꽃,T2 동의어,c2c6f758-2b78-413c-b6c6-9f3348af86c0,효천꽃식물원,꽃집,내수전통시장,전통시장,충청북도,,,
a4f49cfbc068ed150e14,full_annotation_v1,A,q_꽃_02,꽃집,생활서비스 중 '꽃'을 판매·제공하는 매장,val,꽃,T2 동의어,0043469e-66b6-48d0-b7a9-d87c0887cf59,꽃이예쁜집,꽃,장동앞길 골목형상점가,골목형상점가,광주광역시,,,
5a0643f9a90ef4733e1d,full_annotation_v1,A,q_꽃_02,꽃집,생활서비스 중 '꽃'을 판매·제공하는 매장,val,꽃,T2 동의어,c02f7529-042f-48b8-85a7-8151ca11ca7b,꽃집 림야,"꽃, 식물",새샘하루 골목형상점가,골목형상점가,세종특별자치시,,,
639e2ae488a8230b3e8b,full_annotation_v1,A,q_꽃_02,꽃집,생활서비스 중 '꽃'을 판매·제공하는 매장,val,꽃,T2 동의어,03de55fd-e04d-4c83-861f-72bd167d8afc,드레스플라워,,대봉모리 골목형상점가,골목형상점가,대구광역시,,,
495bf7f28dcff2b6475c,full_annotation_v1,A,q_꽃_02,꽃집,생활서비스 중 '꽃'을 판매·제공하는 매장,val,꽃,T2 동의어,1efe5c1e-357b-4186-81c7-88bf538f3a57,샤론꽃집,꽃집,대구꽃백화점 골목형상점가,골목형상점가,대구광역시,,,
a60f8110a5c5262f5780,full_annotation_v1,A,q_꽃_02,꽃집,생활서비스 중 '꽃'을 판매·제공하는 매장,val,꽃,T2 동의어,21917a35-0b5a-4960-859f-c13a13fd614b,꽃순이,꽃집,부산국제시장,전통시장,부산광역시,,,
aa9afb8566b7a86e76c3,full_annotation_v1,A,q_꽃_02,꽃집,생활서비스 중 '꽃'을 판매·제공하는 매장,val,꽃,T2 동의어,94019ef1-8bfc-45ea-b8be-7e8b0c7b7b35,남경회수산,"활어회포장, 배달",원대신시장,전통시장,대구광역시,,,
6745b9948c21cf2ef12a,full_annotation_v1,A,q_꽃_02,꽃집,생활서비스 중 '꽃'을 판매·제공하는 매장,val,꽃,T2 동의어,02c687d7-3422-41e4-be2d-39d56a3ff206,놀작아트팝 미술교습소,교육미술,자운대 골목형상점가,골목형상점가,대전광역시,,,
b93ccf70da937feddc17,full_annotation_v1,A,q_꽃_02,꽃집,생활서비스 중 '꽃'을 판매·제공하는 매장,val,꽃,T2 동의어,00afc023-f2e3-417c-b675-42c0a2f682ac,경영꽃집,꽃,유성구암 골목형상점가,골목형상점가,대전광역시,,,
56e02302153bf34f7f9c,full_annotation_v1,A,q_꽃_02,꽃집,생활서비스 중 '꽃'을 판매·제공하는 매장,val,꽃,T2 동의어,1e82dd11-c331-4fb1-a897-60d259d3960c,꽃나래,꽃집,양산 나래메트로시티 골목형상점가,골목형상점가,경상남도,,,
c32b05dc85e200a1da70,full_annotation_v1,A,q_꽃_02,꽃집,생활서비스 중 '꽃'을 판매·제공하는 매장,val,꽃,T2 동의어,52e2033c-4b45-4a6b-aa3d-c1082c180e58,버거운버거 자운대점,햄버거,자운대 골목형상점가,골목형상점가,대전광역시,,,
650f4e80b84e314dcf9d,full_annotation_v1,A,q_꽃_02,꽃집,생활서비스 중 '꽃'을 판매·제공하는 매장,val,꽃,T2 동의어,9b4fc779-b33c-4d82-bee6-9acf7defc3c1,주식회사 두두컴퍼니코리아,배달,자양로13길골목형상점가,골목형상점가,서울특별시,,,
afddb8f7359db600207b,full_annotation_v1,A,q_꽃_02,꽃집,생활서비스 중 '꽃'을 판매·제공하는 매장,val,꽃,T2 동의어,00b610a8-8a8a-4c5e-9e0b-cba5e4d22c93,에덴꽃화원,꽃,태화시장,전통시장,울산광역시,,,
068bb235dc0d744d3552,full_annotation_v1,A,q_꽃_02,꽃집,생활서비스 중 '꽃'을 판매·제공하는 매장,val,꽃,T2 동의어,2c599e14-7e33-4651-9ff3-a34a73f7cc3e,연화목,꽃집,백석한들1번가 골목형상점가,골목형상점가,충청남도,,,
c22c750d0470dde21dba,full_annotation_v1,A,q_꽃_02,꽃집,생활서비스 중 '꽃'을 판매·제공하는 매장,val,꽃,T2 동의어,8819d46a-89ec-487b-98a6-fb5f0060c5fe,미담화 꽃집,생화,중외공원길 골목형상점가,골목형상점가,광주광역시,,,
b44ae0fcc603925bd7de,full_annotation_v1,A,q_꽃_02,꽃집,생활서비스 중 '꽃'을 판매·제공하는 매장,val,꽃,T2 동의어,cce47f77-33bb-40a6-aa82-9cd7db0f94d9,바로족발,한식,김해 외동전통시장,전통시장,경상남도,,,
6263c88422c2ee4204cb,full_annotation_v1,A,q_꽃_02,꽃집,생활서비스 중 '꽃'을 판매·제공하는 매장,val,꽃,T2 동의어,01361075-0980-43ea-8c81-a58d44a604bb,플라워루체,생화,운암북문대로 골목형상점가,골목형상점가,광주광역시,,,
605723677785eb6b5da1,full_annotation_v1,A,q_꽃_02,꽃집,생활서비스 중 '꽃'을 판매·제공하는 매장,val,꽃,T2 동의어,b673ed87-58db-4d09-be60-f04dbbc336a8,메이 플라워,꽃집,상록마을 우성종합 골목형상점가,골목형상점가,경기도,,,
50abd2d72441f5906458,full_annotation_v1,A,q_꽃_02,꽃집,생활서비스 중 '꽃'을 판매·제공하는 매장,val,꽃,T2 동의어,2151ea87-64f3-4dca-8f67-00266fe3b86d,해바라기 꽃집,화훼,표선사거리상점가(골목형상점가),골목형상점가,제주특별자치도,,,
3daccd7479c8136303b8,full_annotation_v1,A,q_꽃_02,꽃집,생활서비스 중 '꽃'을 판매·제공하는 매장,val,꽃,T2 동의어,d4315754-5332-4a7c-9955-aed475690a82,꽃단지,꽃집,풍납시장,전통시장,서울특별시,,,
444d413510311bae84fc,full_annotation_v1,A,q_꽃_02,꽃집,생활서비스 중 '꽃'을 판매·제공하는 매장,val,꽃,T2 동의어,308f2f39-3c42-41c5-9a51-a4469d825859,디어파트너,꽃집,전주혁신사랑 골목형상점가,골목형상점가,전북특별자치도,,,
08fa7b15be7310d3112f,full_annotation_v1,A,q_꽃_02,꽃집,생활서비스 중 '꽃'을 판매·제공하는 매장,val,꽃,T2 동의어,d261f436-b600-4104-982e-ca592fd34fee,슬기플라워,꽃집,서희1차현대 골목형상점가,골목형상점가,광주광역시,,,
c56239ec0a384fa654df,full_annotation_v1,A,q_꽃_02,꽃집,생활서비스 중 '꽃'을 판매·제공하는 매장,val,꽃,T2 동의어,f9287260-6a4b-43c7-af66-94138cbbc90b,플라워스토리,꽃집,신수동토정로 골목형상점가,골목형상점가,서울특별시,,,
b6489520aaf72b6f5ed5,full_annotation_v1,A,q_꽃_02,꽃집,생활서비스 중 '꽃'을 판매·제공하는 매장,val,꽃,T2 동의어,066a65ee-fe0b-442c-a440-4ce37e296082,화인꽃방,생화조화,김해 동상전통시장,전통시장,경상남도,,,
c1ae84139ad09d98e352,full_annotation_v1,A,q_꽃_02,꽃집,생활서비스 중 '꽃'을 판매·제공하는 매장,val,꽃,T2 동의어,c393099e-7bcc-4a1d-a945-db6ea7ac7828,365서울한의원,한의원,대림역도림로 골목형상점가,골목형상점가,서울특별시,,,
9bad177b236dbd203bfd,full_annotation_v1,A,q_꽃_02,꽃집,생활서비스 중 '꽃'을 판매·제공하는 매장,val,꽃,T2 동의어,02b04299-d64f-4c59-b73c-487d485fff0f,속초꽃집 화사랑플라워,,청학사거리 골목형상점가,골목형상점가,강원특별자치도,,,
9049f072e0b50b9d4694,full_annotation_v1,A,q_꽃_02,꽃집,생활서비스 중 '꽃'을 판매·제공하는 매장,val,꽃,T2 동의어,139f6d68-83b9-40cc-8339-120b154b8714,이딜리크,꽃집,월평1동 상인연합회,골목형상점가,대전광역시,,,
447b0af0d34b9fc8da96,full_annotation_v1,A,q_꽃_03,생화,생활서비스 중 '꽃'을 판매·제공하는 매장,val,꽃,T2 동의어,ff2cb867-696a-42eb-a0e8-f83d3e7a8f8d,박서준플라워,생화,행복상점가,자율상권구역,경상북도,,,
70f2e21d7d3976076088,full_annotation_v1,A,q_꽃_03,생화,생활서비스 중 '꽃'을 판매·제공하는 매장,val,꽃,T2 동의어,babdcb82-00c8-4c64-bfe6-42a0c73cc2ed,일리아,생화,BOCA 보카상점가,골목형상점가,경기도,,,
106cdff77fa07c80ec90,full_annotation_v1,A,q_꽃_03,생화,생활서비스 중 '꽃'을 판매·제공하는 매장,val,꽃,T2 동의어,c57ff15d-a804-43c1-861c-bd7cca77cb26,하가꽃,생화,하가지구 골목형상점가,골목형상점가,전북특별자치도,,,
d23d40646ab1e441267c,full_annotation_v1,A,q_꽃_03,생화,생활서비스 중 '꽃'을 판매·제공하는 매장,val,꽃,T2 동의어,bd77ab23-18d2-46a1-8289-eb65f2363e8e,해리소재,생화,남대문시장,전통시장,서울특별시,,,
2e3dc1780db785f27d7d,full_annotation_v1,A,q_꽃_03,생화,생활서비스 중 '꽃'을 판매·제공하는 매장,val,꽃,T2 동의어,00046925-dcb7-4796-8c1e-0de154aa3825,가든꽃화원,생화,전주풍남문상점가,자율상권구역,전북특별자치도,,,
d5789ca4439fe65fe033,full_annotation_v1,A,q_꽃_03,생화,생활서비스 중 '꽃'을 판매·제공하는 매장,val,꽃,T2 동의어,00b20e6f-4b2f-410f-984c-b6a206704138,나리화원.꽃,,승달 골목형상점가,골목형상점가,,,,
59ba4b624146778e834f,full_annotation_v1,A,q_꽃_03,생화,생활서비스 중 '꽃'을 판매·제공하는 매장,val,꽃,T2 동의어,0e5a591b-cc1f-4529-9593-c68d305729a6,꼬슬란꽃집,소매(화원),가평잣고을시장,전통시장,경기도,,,
566d2fd3815b81297bfe,full_annotation_v1,A,q_꽃_03,생화,생활서비스 중 '꽃'을 판매·제공하는 매장,val,꽃,T2 동의어,2958565f-3773-42c4-bb7d-16d2b785c96b,오늘기분,생화,철길공원 골목형상점가,골목형상점가,전북특별자치도,,,
7df5ddc65f03c23b6645,full_annotation_v1,A,q_꽃_03,생화,생활서비스 중 '꽃'을 판매·제공하는 매장,val,꽃,T2 동의어,ae1b2aac-d3a7-4725-ac9a-3f3c1baf1984,푸른화원,생화,거제 옥빛나 골목형상점가,골목형상점가,경상남도,,,
cdcd0d94020018ee4255,full_annotation_v1,A,q_꽃_03,생화,생활서비스 중 '꽃'을 판매·제공하는 매장,val,꽃,T2 동의어,03de55fd-e04d-4c83-861f-72bd167d8afc,드레스플라워,,대봉모리 골목형상점가,골목형상점가,대구광역시,,,
827cdfd9f68c1b78a447,full_annotation_v1,A,q_꽃_03,생화,생활서비스 중 '꽃'을 판매·제공하는 매장,val,꽃,T2 동의어,35a3da05-e782-4a5e-9cc0-b32dadd71932,파보플라워,생화,탕정미래 골목형상점가,골목형상점가,충청남도,,,
e349b52ac79fe05676f7,full_annotation_v1,A,q_꽃_03,생화,생활서비스 중 '꽃'을 판매·제공하는 매장,val,꽃,T2 동의어,45a85963-e28e-4698-821a-7051f1e3e57b,청지꽃꽂이,생화,시장로타리지하상가,일반지하상점가,인천광역시,,,
bb5902d540e37c32d6ab,full_annotation_v1,A,q_꽃_03,생화,생활서비스 중 '꽃'을 판매·제공하는 매장,val,꽃,T2 동의어,f9cb71f4-e10a-401b-aa55-bc4556ace0a9,상주고추상회,고추,영동전통시장,전통시장,서울특별시,,,
fac22b090409a3e71919,full_annotation_v1,A,q_꽃_03,생화,생활서비스 중 '꽃'을 판매·제공하는 매장,val,꽃,T2 동의어,f9fb5dc6-c0a1-432d-8d4f-78620d21f7cf,꽃길,생화,창원 신대방 골목형상점가,골목형상점가,경상남도,,,
31f14d038e8650d0a0aa,full_annotation_v1,A,q_꽃_03,생화,생활서비스 중 '꽃'을 판매·제공하는 매장,val,꽃,T2 동의어,01b50703-620e-4976-9b84-a03f2ba9bdcf,메르세드플라워,,관저상가 골목형상점가,골목형상점가,대전광역시,,,
0a82c4817ff173bfccb6,full_annotation_v1,A,q_꽃_03,생화,생활서비스 중 '꽃'을 판매·제공하는 매장,val,꽃,T2 동의어,cd3ed1fb-9818-4427-a98c-916f968b797a,더페이스샵(횡성점),,횡성전통시장,전통시장,강원특별자치도,,,
15eb0d5c55258bc72103,full_annotation_v1,A,q_꽃_03,생화,생활서비스 중 '꽃'을 판매·제공하는 매장,val,꽃,T2 동의어,11edaea3-4b0b-4a3b-ba0e-0964dbeaec27,플라워월드,생화,둔산3동상점가,자율상권구역,대전광역시,,,
4c1bcdfdfd35532819cd,full_annotation_v1,A,q_꽃_03,생화,생활서비스 중 '꽃'을 판매·제공하는 매장,val,꽃,T2 동의어,a4751b34-ebfd-45ed-8656-654ed74c7ad7,썬플라워,생화,고투몰(강남터미널지하도상점가),일반지하상점가,서울특별시,,,
d231461e7ff35bf723ea,full_annotation_v1,A,q_꽃_03,생화,생활서비스 중 '꽃'을 판매·제공하는 매장,val,꽃,T2 동의어,f84792ca-ac20-412f-bbb3-8bbf11544499,꽃사랑,생화,대구꽃백화점 골목형상점가,골목형상점가,대구광역시,,,
7a554ae3f1b8a15f675d,full_annotation_v1,A,q_꽃_03,생화,생활서비스 중 '꽃'을 판매·제공하는 매장,val,꽃,T2 동의어,04b1ff99-e4e2-47bb-bcae-f7079bd73cae,삼성꽃집,조화,포항죽도시장,전통시장,경상북도,,,
a23d5e7575d010dd2e1f,full_annotation_v1,A,q_꽃_03,생화,생활서비스 중 '꽃'을 판매·제공하는 매장,val,꽃,T2 동의어,3527225a-9528-43f2-a430-07e34a223897,그리녹플라워,생화,화정로상인회 골목형상점가,골목형상점가,광주광역시,,,
72fa751891e81886dee8,full_annotation_v1,A,q_꽃_03,생화,생활서비스 중 '꽃'을 판매·제공하는 매장,val,꽃,T2 동의어,02b04299-d64f-4c59-b73c-487d485fff0f,속초꽃집 화사랑플라워,,청학사거리 골목형상점가,골목형상점가,강원특별자치도,,,
b7d8714f6fd6f00c1545,full_annotation_v1,A,q_꽃_03,생화,생활서비스 중 '꽃'을 판매·제공하는 매장,val,꽃,T2 동의어,0dd53d86-3139-44a5-8488-bd49c845ef05,초롱꽃생화,생화,포항중앙상가,전통시장,경상북도,,,
c421734c1b7fec63a9f4,full_annotation_v1,A,q_꽃_03,생화,생활서비스 중 '꽃'을 판매·제공하는 매장,val,꽃,T2 동의어,fba2de74-75f0-46b9-a95a-112ee7499d82,아담플라워,화환,월곡달빛오거리골목형상점가,골목형상점가,서울특별시,,,
543b6571fcac8666a45f,full_annotation_v1,A,q_꽃_03,생화,생활서비스 중 '꽃'을 판매·제공하는 매장,val,꽃,T2 동의어,13141b7e-4752-43e7-ab59-eee7e44eb3d4,양쥬플레르,생화,하가지구 골목형상점가,골목형상점가,전북특별자치도,,,
14e3bddf76855bc53e8d,full_annotation_v1,A,q_꽃_03,생화,생활서비스 중 '꽃'을 판매·제공하는 매장,val,꽃,T2 동의어,97b21111-3331-4089-bd0b-61c05d5719db,순돌이네,한식,문흥1동 골목형상점가,골목형상점가,광주광역시,,,
294fe1710de6370b14f7,full_annotation_v1,A,q_꽃_03,생화,생활서비스 중 '꽃'을 판매·제공하는 매장,val,꽃,T2 동의어,0268ed52-44bd-4e9c-a295-7a64f656640a,양정화원,화원,관고전통시장,전통시장,경기도,,,
7795fce0c7978ab0514a,full_annotation_v1,A,q_꽃_03,생화,생활서비스 중 '꽃'을 판매·제공하는 매장,val,꽃,T2 동의어,136b0d38-57a7-4f5f-a5f8-3ae6e2a594c9,풍경,생화,효자천변1길 골목형상점가,골목형상점가,전북특별자치도,,,
70aaf2ceb3a933f38c45,full_annotation_v1,A,q_꽃_03,생화,생활서비스 중 '꽃'을 판매·제공하는 매장,val,꽃,T2 동의어,7b11fdcb-2fdb-4f8e-a186-e367bc1b642e,그린플라워,생화,대구꽃백화점 골목형상점가,골목형상점가,대구광역시,,,
b646c17a2d39a3654565,full_annotation_v1,A,q_꽃_03,생화,생활서비스 중 '꽃'을 판매·제공하는 매장,val,꽃,T2 동의어,001b5693-72ee-4677-9cdb-39117fbc932a,로사리움,꽃,첨단지구 골목형상점가,골목형상점가,광주광역시,,,
1f3ce7075ee521423f6b,full_annotation_v1,A,q_꽃_03,생화,생활서비스 중 '꽃'을 판매·제공하는 매장,val,꽃,T2 동의어,ef6221e3-3811-47ca-84e1-83a5117d248a,서울화원,생화,천안역전시장(구 천안역공설시장),전통시장,충청남도,,,
27b936af1b6694b110c9,full_annotation_v1,A,q_꽃_03,생화,생활서비스 중 '꽃'을 판매·제공하는 매장,val,꽃,T2 동의어,820c4f5c-ff0f-43a3-919c-547058041634,진플라워,생화,부산자유시장,전통시장,부산광역시,,,
39b96e40d03332dd66d0,full_annotation_v1,A,q_꽃_03,생화,생활서비스 중 '꽃'을 판매·제공하는 매장,val,꽃,T2 동의어,507364b3-c161-4f41-aa5b-48ed21e87c9e,가야식품,기타,구포축산물도매시장,전통시장,부산광역시,,,
9929ec95c86ed271901d,full_annotation_v1,A,q_꽃_03,생화,생활서비스 중 '꽃'을 판매·제공하는 매장,val,꽃,T2 동의어,69d1c9f3-7cf2-4530-8ba0-a4f7af4f7766,뷸라플라워,생화,천안신부문화거리상점가,자율상권구역,충청남도,,,
020304f9a5bd73d0ab34,full_annotation_v1,A,q_꽃_03,생화,생활서비스 중 '꽃'을 판매·제공하는 매장,val,꽃,T2 동의어,7a242fbd-249d-4ae5-8ddb-add211b09ba2,꽃핀날,생화,숭인사랑골목형상점가,골목형상점가,서울특별시,,,
0bec135d1b4f8e7847cb,full_annotation_v1,A,q_꽃_03,생화,생활서비스 중 '꽃'을 판매·제공하는 매장,val,꽃,T2 동의어,7f3d529e-5afe-4d8b-873d-67ab3f88e7e7,꽃구름,생화,명덕마을 골목형상점가,골목형상점가,울산광역시,,,
cbc4351f30e67c5a8e8d,full_annotation_v1,A,q_꽃_03,생화,생활서비스 중 '꽃'을 판매·제공하는 매장,val,꽃,T2 동의어,77262068-6a95-4301-bdd3-34a349a0367d,꽃이야기,생화,조종시장,전통시장,경기도,,,
02637f7ac6ce017d2703,full_annotation_v1,A,q_꽃_03,생화,생활서비스 중 '꽃'을 판매·제공하는 매장,val,꽃,T2 동의어,2fd6db16-8b47-41d4-b6d9-a1cc57c25343,미리내flowershop,"생화, 조화, 화분, 화환",인동중앙상점가,골목형상점가,경상북도,,,
581de36a5a76102b2258,full_annotation_v1,A,q_꽃_03,생화,생활서비스 중 '꽃'을 판매·제공하는 매장,val,꽃,T2 동의어,482d229b-2988-4616-b30b-31ad002f5c19,제주,생화,대구꽃백화점 골목형상점가,골목형상점가,대구광역시,,,
b1d3db3da0c94a1c0ee1,full_annotation_v1,A,q_꽃_03,생화,생활서비스 중 '꽃'을 판매·제공하는 매장,val,꽃,T2 동의어,38e277c7-2df1-4eb6-8ea6-2e802481eb45,수선화,생화,학동 남문로 골목형상점가,골목형상점가,광주광역시,,,
7d9c85fc0afb117c9554,full_annotation_v1,A,q_꽃_03,생화,생활서비스 중 '꽃'을 판매·제공하는 매장,val,꽃,T2 동의어,0123cf0c-2929-4bbe-9b13-1354e60a6922,혜오르 플라워(HYEOR FLOWER),생화 및 식물,신창진흥 골목형상점가,골목형상점가,광주광역시,,,
0e4f4d3563b37c7d4c95,full_annotation_v1,A,q_꽃_03,생화,생활서비스 중 '꽃'을 판매·제공하는 매장,val,꽃,T2 동의어,006964ff-b2f9-421f-8fa7-f87219c26c0a,블리스블룸,생화,BOCA 보카상점가,골목형상점가,경기도,,,
1599b61c3a4daa1785e7,full_annotation_v1,A,q_꽃_03,생화,생활서비스 중 '꽃'을 판매·제공하는 매장,val,꽃,T2 동의어,00b610a8-8a8a-4c5e-9e0b-cba5e4d22c93,에덴꽃화원,꽃,태화시장,전통시장,울산광역시,,,
2491a3ccf0bc4fb80ce6,full_annotation_v1,A,q_꽃_03,생화,생활서비스 중 '꽃'을 판매·제공하는 매장,val,꽃,T2 동의어,caacb9c3-69d2-4f7c-a9a1-5d97aa65c055,털보원예,생화,연서시장,전통시장,서울특별시,,,
a1d91bf56e0cab6599bb,full_annotation_v1,A,q_꽃_03,생화,생활서비스 중 '꽃'을 판매·제공하는 매장,val,꽃,T2 동의어,095e5e59-0c33-4606-8ebd-b997096638a6,대구꽃집,생화,대구꽃백화점 골목형상점가,골목형상점가,대구광역시,,,
635d0becea56bfad5ade,full_annotation_v1,A,q_꽃_03,생화,생활서비스 중 '꽃'을 판매·제공하는 매장,val,꽃,T2 동의어,1f8e4b2b-583b-400f-b818-aa626394d826,김향석꽃방,생화,둔산3동상점가,자율상권구역,대전광역시,,,
24e2ef57e057e1264efd,full_annotation_v1,A,q_꽃_03,생화,생활서비스 중 '꽃'을 판매·제공하는 매장,val,꽃,T2 동의어,83e10b65-f16a-4bef-abbe-77e95f6b8806,만족한사진관,사진관,녹두 골목형상점가,골목형상점가,서울특별시,,,
32e549b6b989a5c21d07,full_annotation_v1,A,q_꽃_03,생화,생활서비스 중 '꽃'을 판매·제공하는 매장,val,꽃,T2 동의어,a385dc0d-a4a8-49c1-9459-00541d2a357f,진플라워,"생화, 관엽, 동양난, 서양난, 화분, 화환, 꽃배달",문화길 골목형상점가,골목형상점가,세종특별자치시,,,
0e35bda72659d2cfbd8a,full_annotation_v1,A,q_꽃_03,생화,생활서비스 중 '꽃'을 판매·제공하는 매장,val,꽃,T2 동의어,0838ebd8-8e52-472e-8b55-713d7e585593,현꽃집,생화,영신상가,전통시장,서울특별시,,,
3320ab420f5c7cfb5f2c,full_annotation_v1,A,q_꽃_03,생화,생활서비스 중 '꽃'을 판매·제공하는 매장,val,꽃,T2 동의어,848a5f9a-f20b-4191-99a8-2050e9548ce7,새벽정원,생화,망리단길골목형상점가,골목형상점가,서울특별시,,,
3b9a9fb59b88507cf88d,full_annotation_v1,A,q_꽃_03,생화,생활서비스 중 '꽃'을 판매·제공하는 매장,val,꽃,T2 동의어,791bdc94-2e65-45bb-85c1-5438e9cfa495,로뎀나무,생화,백년소상공인,기타,제주특별자치도,,,
21f7a4da141ae348ec94,full_annotation_v1,A,q_꽃_03,생화,생활서비스 중 '꽃'을 판매·제공하는 매장,val,꽃,T2 동의어,4d19f7cb-d71c-4b89-8cc3-d5dfc3382af1,꽃소쿠리,생화,호남동 골목형상점가,골목형상점가,광주광역시,,,
b481f2d4063d04fc1434,full_annotation_v1,A,q_꽃_03,생화,생활서비스 중 '꽃'을 판매·제공하는 매장,val,꽃,T2 동의어,59da42fa-88c1-4518-9c76-4097c3f467ee,행복꽃집,생화,영동전통시장,전통시장,충청북도,,,
d236606f8c1d9fcc0111,full_annotation_v1,A,q_꽃_03,생화,생활서비스 중 '꽃'을 판매·제공하는 매장,val,꽃,T2 동의어,6e60fbfc-4128-4034-9373-379e27aab5dc,미니센트,생화,정부청사 골목형상점가,골목형상점가,광주광역시,,,
12a1cda813b418183f60,full_annotation_v1,A,q_꽃_03,생화,생활서비스 중 '꽃'을 판매·제공하는 매장,val,꽃,T2 동의어,2275e28f-e3e4-4b3a-8ade-cfc5d13550ff,아미고,생화,"온양온천시장(온양재래시장, 전통시장)",전통시장,충청남도,,,
7047bd4ac9747f52fac6,full_annotation_v1,A,q_꽃_03,생화,생활서비스 중 '꽃'을 판매·제공하는 매장,val,꽃,T2 동의어,eefb2f1c-5891-4d50-8257-cd89557dd086,명랑꽃화원,생화,무극시장,전통시장,충청북도,,,
761c09fd4c2064c9e94f,full_annotation_v1,A,q_꽃_03,생화,생활서비스 중 '꽃'을 판매·제공하는 매장,val,꽃,T2 동의어,d630c14a-a78a-495d-ac65-1973237b56d8,목화,생화,장천동상가,자율상권구역,전라남도,,,
e1bef84ac0100492cda0,full_annotation_v1,A,q_꽃_03,생화,생활서비스 중 '꽃'을 판매·제공하는 매장,val,꽃,T2 동의어,7183b3a6-0671-404f-813a-51a48ccd3864,팅커벨,생화,하남대로가구의거리상인회 골목형상점가,골목형상점가,광주광역시,,,
2f59ada4eb17bef44bca,full_annotation_v1,A,q_꽃_03,생화,생활서비스 중 '꽃'을 판매·제공하는 매장,val,꽃,T2 동의어,0043469e-66b6-48d0-b7a9-d87c0887cf59,꽃이예쁜집,꽃,장동앞길 골목형상점가,골목형상점가,광주광역시,,,
05e9e3bd6ae690e9a9e0,full_annotation_v1,A,q_꽃_03,생화,생활서비스 중 '꽃'을 판매·제공하는 매장,val,꽃,T2 동의어,0dc54a43-0aee-4fcb-939d-b0f59e5b1b25,금원꽃집,,송강동 골목형상점가,골목형상점가,대전광역시,,,
5d953a03e919915f4637,full_annotation_v1,A,q_꽃_03,생화,생활서비스 중 '꽃'을 판매·제공하는 매장,val,꽃,T2 동의어,10845c7a-1388-40af-aee6-13938da3da2a,세영생화,생화,옥골시장,전통시장,울산광역시,,,
e057091d3bd5fc9531b0,full_annotation_v1,A,q_꽃_03,생화,생활서비스 중 '꽃'을 판매·제공하는 매장,val,꽃,T2 동의어,526f4972-b9dc-4094-b5da-6d8090076e1d,화소림,생화,둔산꽃길 골목형상점가,골목형상점가,대전광역시,,,
32f2c049cf510cbb6f20,full_annotation_v1,A,q_꽃_03,생화,생활서비스 중 '꽃'을 판매·제공하는 매장,val,꽃,T2 동의어,20f8d8ad-7455-44a9-9d60-70be01215023,태이정원,생화,"지웰시티몰 1,2단지 골목형상점가",골목형상점가,충청남도,,,
1fe6ad785ee310e0f8c6,full_annotation_v1,A,q_꽃_03,생화,생활서비스 중 '꽃'을 판매·제공하는 매장,val,꽃,T2 동의어,82fe3969-3c88-4866-9a50-3c8976724828,들에핀꽃,생화,전주송천동골목형상점가,골목형상점가,전북특별자치도,,,
1bdc475d982c0318b1a8,full_annotation_v1,A,q_꽃_03,생화,생활서비스 중 '꽃'을 판매·제공하는 매장,val,꽃,T2 동의어,010fea22-a965-4d8e-a805-083042a361ec,니어앤디어Cafe,꽃,상주중앙시장,전통시장,경상북도,,,
c8678790fffdf270df91,full_annotation_v1,A,q_꽃_03,생화,생활서비스 중 '꽃'을 판매·제공하는 매장,val,꽃,T2 동의어,78dd1e5d-e8a3-4cd6-b212-c488dd86a434,진해꽃집,생화,진해중앙시장,전통시장,경상남도,,,
fe4c4aea5b5be67a146d,full_annotation_v1,A,q_꽃_03,생화,생활서비스 중 '꽃'을 판매·제공하는 매장,val,꽃,T2 동의어,c76ecedf-f03e-4f9f-a96a-8fc1f95e8fd0,수담플라워,생화,가재마을 골목형상점가,골목형상점가,세종특별자치시,,,
4aee2d18affe851256aa,full_annotation_v1,A,q_꽃_03,생화,생활서비스 중 '꽃'을 판매·제공하는 매장,val,꽃,T2 동의어,01d1c245-a6a7-441a-8977-85303f01e56e,인플라워,생화,유성도안 골목형상점가,골목형상점가,대전광역시,,,
c919fff7f75fb0e37aef,full_annotation_v1,A,q_꽃_03,생화,생활서비스 중 '꽃'을 판매·제공하는 매장,val,꽃,T2 동의어,b8be4043-6813-48a6-99f0-050ae6bfcf4b,초콜렛,생화,서문시장2지구 종합상가,전통시장,대구광역시,,,
8cbc5a8c569277882d19,full_annotation_v1,A,q_꽃_03,생화,생활서비스 중 '꽃'을 판매·제공하는 매장,val,꽃,T2 동의어,16957e71-5a95-492b-bf75-815e56cb2685,꽃의낙원,생화,약수시장골목형상점가,골목형상점가,서울특별시,,,
c47520b10817b8cdbc1f,full_annotation_v1,A,q_꽃_03,생화,생활서비스 중 '꽃'을 판매·제공하는 매장,val,꽃,T2 동의어,995f7b89-d251-47dc-8579-d9e4b49523ef,일랑일랑,생화,진도 남문로 상권활성화구역,상권활성화구역,전라남도,,,
28f36d28bdf7e7d6ba34,full_annotation_v1,A,q_꽃_03,생화,생활서비스 중 '꽃'을 판매·제공하는 매장,val,꽃,T2 동의어,096aed8d-1da1-47f7-aa13-2ff0bd438330,부영화원,생화,월산상가 골목형 상점가,골목형상점가,충청남도,,,
a89e3e46a2a9419b38e1,full_annotation_v1,A,q_꽃_03,생화,생활서비스 중 '꽃'을 판매·제공하는 매장,val,꽃,T2 동의어,00b13ca2-ef5b-4243-9a38-2de8507a2c21,남촌플라워,생화,용상공설시장,전통시장,경상북도,,,
2f5a5fba4af8c23f848e,full_annotation_v1,A,q_꽃_03,생화,생활서비스 중 '꽃'을 판매·제공하는 매장,val,꽃,T2 동의어,a936f2f5-32ba-4870-9cb5-5fcd9ff7458b,첨단화원,생화,첨단이웃사랑 골목형상점가,골목형상점가,광주광역시,,,
4f8b51d81ca268974de8,full_annotation_v1,A,q_꽃_03,생화,생활서비스 중 '꽃'을 판매·제공하는 매장,val,꽃,T2 동의어,139f6d68-83b9-40cc-8339-120b154b8714,이딜리크,꽃집,월평1동 상인연합회,골목형상점가,대전광역시,,,
ccec0f01bdb42ccf830d,full_annotation_v1,A,q_꽃_03,생화,생활서비스 중 '꽃'을 판매·제공하는 매장,val,꽃,T2 동의어,d051f1bc-00eb-4392-af93-ca139183e854,한우랑돼지랑,도소매(식육),남부골목시장,전통시장,서울특별시,,,
ab3b844122e200cceff2,full_annotation_v1,A,q_꽃_03,생화,생활서비스 중 '꽃'을 판매·제공하는 매장,val,꽃,T2 동의어,b3fcaf5a-4878-41c3-8a2f-1bc3a9c7f899,끌레르,생화,나성BRT 골목형상점가,골목형상점가,세종특별자치시,,,
f54f660ad7db737c5dfb,full_annotation_v1,A,q_꽃_03,생화,생활서비스 중 '꽃'을 판매·제공하는 매장,val,꽃,T2 동의어,6111fcff-545e-40a6-b936-af27bd68cc5e,신데렐라,생화,상무화원상인회 골목형상점가,골목형상점가,광주광역시,,,
f161496e3216100ac4ad,full_annotation_v1,A,q_꽃_03,생화,생활서비스 중 '꽃'을 판매·제공하는 매장,val,꽃,T2 동의어,96af24e2-3052-45e3-ab0c-fa4ee1b6aac6,비비드플라워,생화,궁동 골목형상점가,골목형상점가,대전광역시,,,
5fd71dd3f39c889c70ed,full_annotation_v1,A,q_꽃_03,생화,생활서비스 중 '꽃'을 판매·제공하는 매장,val,꽃,T2 동의어,8d3d8a5f-5f50-49f9-a3f6-2dbfb2828cd4,플라워샵허니비,생화,신아타운,전통시장,서울특별시,,,
21af74d16eaf4cb737c5,full_annotation_v1,A,q_꽃_03,생화,생활서비스 중 '꽃'을 판매·제공하는 매장,val,꽃,T2 동의어,4a06f4a5-c45f-4aa3-bba3-5fc0b7b3c088,기산식당,음식,공주산성시장,전통시장,충청남도,,,
db523ea3d61f5fba1e82,full_annotation_v1,A,q_꽃_03,생화,생활서비스 중 '꽃'을 판매·제공하는 매장,val,꽃,T2 동의어,5421f17d-f25c-4c6a-a86a-2d99185bcdfb,플라워스토리,생화,부리단길 골목형상점가,골목형상점가,부산광역시,,,
81ff5d3d80c0d05cad1a,full_annotation_v1,A,q_꽃_03,생화,생활서비스 중 '꽃'을 판매·제공하는 매장,val,꽃,T2 동의어,8129f771-1471-400f-a731-fdc1077ede4b,만재꽃화원,생화,장성읍 골목형상점가,골목형상점가,전라남도,,,
f7fc79012d7a28cb4ff1,full_annotation_v1,A,q_꽃_03,생화,생활서비스 중 '꽃'을 판매·제공하는 매장,val,꽃,T2 동의어,0087b08e-75d9-4580-98ee-b89a11922c32,전광화원,,장흥시장 골목형상점가,골목형상점가,,,,
a63a4be2a852e4736fec,full_annotation_v1,A,q_꽃_03,생화,생활서비스 중 '꽃'을 판매·제공하는 매장,val,꽃,T2 동의어,8c446c98-a7a0-412d-a9b8-7ef13d9bf7a9,불타는노래연습장,노래 연습장,남성역먹거리골목형상점가,골목형상점가,서울특별시,,,
53c3d5aa1ba86cca8811,full_annotation_v1,A,q_꽃_03,생화,생활서비스 중 '꽃'을 판매·제공하는 매장,val,꽃,T2 동의어,c47ff879-0357-4eca-ad1a-117d741e877d,썬플라워,생화,남대문시장,전통시장,서울특별시,,,
ea20ef4c2dddf4d214d0,full_annotation_v1,A,q_꽃_03,생화,생활서비스 중 '꽃'을 판매·제공하는 매장,val,꽃,T2 동의어,e6ea3226-d51d-4709-a9bb-79e6a10ad404,꽃나라,생화,영일대북부시장(구 북부시장),전통시장,경상북도,,,
75b56864fa77a0b332be,full_annotation_v1,A,q_꽃_03,생화,생활서비스 중 '꽃'을 판매·제공하는 매장,val,꽃,T2 동의어,b7b89e70-48b6-4101-bd83-cb04771390b5,예림꽃집,생화,남대문시장,전통시장,서울특별시,,,
ec6941ff50bed2b6b9a9,full_annotation_v1,A,q_꽃_03,생화,생활서비스 중 '꽃'을 판매·제공하는 매장,val,꽃,T2 동의어,01361075-0980-43ea-8c81-a58d44a604bb,플라워루체,생화,운암북문대로 골목형상점가,골목형상점가,광주광역시,,,
a48209fee8b36bd256fa,full_annotation_v1,A,q_꽃_03,생화,생활서비스 중 '꽃'을 판매·제공하는 매장,val,꽃,T2 동의어,48ba0a2c-fb10-4223-ac04-ef6ff6385f4f,옹기꽃화원,생화,정이있는 구포시장,전통시장,부산광역시,,,
1deb993e8a4fa10a405f,full_annotation_v1,A,q_꽃_03,생화,생활서비스 중 '꽃'을 판매·제공하는 매장,val,꽃,T2 동의어,eee2fec8-100d-446b-bb6b-21d2b40da602,에스제이플라워,생화,영신상가,전통시장,서울특별시,,,
1c799020374f2af8bf5d,full_annotation_v1,A,q_꽃_03,생화,생활서비스 중 '꽃'을 판매·제공하는 매장,val,꽃,T2 동의어,7b76f020-6dcb-4a88-b451-ad2b1d4f0232,만개정원,생화,퐁당거리 골목형상점가,골목형상점가,전라남도,,,
ac0f3fe5d07e5e5047e1,full_annotation_v1,A,q_꽃_03,생화,생활서비스 중 '꽃'을 판매·제공하는 매장,val,꽃,T2 동의어,046df2a5-89ee-4b7a-8aad-91bdc5272130,향기플라워,,정남진활력의거리 골목형상점가,골목형상점가,,,,
e41c9a7e3ef2cd85ecbb,full_annotation_v1,A,q_꽃_03,생화,생활서비스 중 '꽃'을 판매·제공하는 매장,val,꽃,T2 동의어,2e816a98-c86e-433c-a977-85026010f8d7,솔로몬,생화,칠성시장,전통시장,대구광역시,,,
a3e4f9a3450cf84510ec,full_annotation_v1,A,q_꽃_03,생화,생활서비스 중 '꽃'을 판매·제공하는 매장,val,꽃,T2 동의어,09ac7cf1-86a5-4f4d-80d7-72710de26799,꽃동네,생화,태화시장,전통시장,울산광역시,,,
874c182f3943f0060bf1,full_annotation_v1,A,q_꽃_03,생화,생활서비스 중 '꽃'을 판매·제공하는 매장,val,꽃,T2 동의어,1dcd062f-4fda-4028-98d9-7f32a9887470,수담플라워,생화,부산자유시장,전통시장,부산광역시,,,
3fd8f4b7ee90bf7dfbcf,full_annotation_v1,A,q_꽃_03,생화,생활서비스 중 '꽃'을 판매·제공하는 매장,val,꽃,T2 동의어,d7f55717-5bfa-460e-933d-feb1d80d070c,브이아이피(VIP) 골프존,스크린골프,매월동상인회 골목형상점가,골목형상점가,광주광역시,,,
d397b6bbb43e49a9e468,full_annotation_v1,A,q_꽃_03,생화,생활서비스 중 '꽃'을 판매·제공하는 매장,val,꽃,T2 동의어,4e8a85fb-13d3-4bc7-a9ed-17ad1dabad4f,보고팟,생화,나주혁신도시 골목형상점가,골목형상점가,전라남도,,,
231c17cbf0b64cb4a9dc,full_annotation_v1,A,q_꽃_03,생화,생활서비스 중 '꽃'을 판매·제공하는 매장,val,꽃,T2 동의어,2ed6b487-161b-45cc-9d87-25604e3ca462,썬플라워,생화,동가재미 골목형상점가,골목형상점가,전북특별자치도,,,
8b985fc07e076a297b69,full_annotation_v1,A,q_꽃_03,생화,생활서비스 중 '꽃'을 판매·제공하는 매장,val,꽃,T2 동의어,2db3d1cd-df05-4f7b-9e1c-dc4244ad407c,꽃빛,생화,화동길상점가,자율상권구역,전북특별자치도,,,
3071203854ac4286f656,full_annotation_v1,A,q_꽃_03,생화,생활서비스 중 '꽃'을 판매·제공하는 매장,val,꽃,T2 동의어,2e21a222-1dde-438f-bd3b-8ebbd1fd91b3,소이화,생화,다정한 골목형상점가,골목형상점가,세종특별자치시,,,
b16e26d0259b0564627c,full_annotation_v1,A,q_꽃_03,생화,생활서비스 중 '꽃'을 판매·제공하는 매장,val,꽃,T2 동의어,04c231bf-d3f7-4202-b3a8-d03eb7531853,실버라인,도소매(조화),고투몰(강남터미널지하도상점가),일반지하상점가,서울특별시,,,
0719fee16bd12de8559b,full_annotation_v1,A,q_꽃_03,생화,생활서비스 중 '꽃'을 판매·제공하는 매장,val,꽃,T2 동의어,b3684c8b-e0a3-4248-8c1e-afc99675f76c,헬렌플라워가든,생화,장량성도시장,전통시장,경상북도,,,
68d86ca5649ed20b7576,full_annotation_v1,A,q_꽃_03,생화,생활서비스 중 '꽃'을 판매·제공하는 매장,val,꽃,T2 동의어,852d020b-e1be-4d1e-801e-f68e7646aa0b,서울화원,생화,백년소상공인,기타,충청북도,,,
d9ada02b12635b4c32bc,full_annotation_v1,A,q_꽃_03,생화,생활서비스 중 '꽃'을 판매·제공하는 매장,val,꽃,T2 동의어,7290953f-b420-48cc-a936-0acf244713b0,아라꽃집,생화,대흥동 특화거리 상점가,자율상권구역,대전광역시,,,
1109e1d47bcde5d08807,full_annotation_v1,A,q_꽃_03,생화,생활서비스 중 '꽃'을 판매·제공하는 매장,val,꽃,T2 동의어,359df784-64ca-44d9-843d-119b126f095a,서산헬퍼,배달,서산동부전통시장,전통시장,충청남도,,,
db87ae07ab3b14fd5d9a,full_annotation_v1,A,q_꽃_03,생화,생활서비스 중 '꽃'을 판매·제공하는 매장,val,꽃,T2 동의어,09c8f667-54f0-4904-a60b-a025b5a48c50,기쁨샘,생화,남대문시장,전통시장,서울특별시,,,
63e9cf1bbc37042699d3,full_annotation_v1,A,q_꽃_03,생화,생활서비스 중 '꽃'을 판매·제공하는 매장,val,꽃,T2 동의어,ef3d4c0a-feb7-44fe-bbdd-47443b35f13b,꽃드리,생화,광탄전통시장,전통시장,경기도,,,
4989dd1a063429a29179,full_annotation_v1,A,q_꽃_03,생화,생활서비스 중 '꽃'을 판매·제공하는 매장,val,꽃,T2 동의어,bca2f85a-b3d3-49fa-99c7-e4dd61b4bb9d,행복꽃집,생화,봉덕신시장,전통시장,대구광역시,,,
95403891c69f9698212b,full_annotation_v1,A,q_꽃_03,생화,생활서비스 중 '꽃'을 판매·제공하는 매장,val,꽃,T2 동의어,88497932-355f-472a-bed9-887f48f18430,소프,생화,해방촌 골목형상점가,골목형상점가,서울특별시,,,
fd93cea829b4b59904d7,full_annotation_v1,A,q_꽃_03,생화,생활서비스 중 '꽃'을 판매·제공하는 매장,val,꽃,T2 동의어,3abec203-e819-4033-8688-86ca9225f7ef,조이플로르,생화,머내마을 상점가,골목형상점가,경기도,,,
73983491cfe9deadc2a5,full_annotation_v1,A,q_꽃_03,생화,생활서비스 중 '꽃'을 판매·제공하는 매장,val,꽃,T2 동의어,0e62b4e0-0c9e-4713-a271-6605c433a572,아로마꽃나라,생화,임동 골목형상점가,골목형상점가,광주광역시,,,
d8ba8216734bc86ee242,full_annotation_v1,A,q_꽃_03,생화,생활서비스 중 '꽃'을 판매·제공하는 매장,val,꽃,T2 동의어,070a949c-b89d-4ccf-8e63-1743372657bf,조경나라,조화,고투몰(강남터미널지하도상점가),일반지하상점가,서울특별시,,,
ac51694adaf0be68930c,full_annotation_v1,A,q_꽃_03,생화,생활서비스 중 '꽃'을 판매·제공하는 매장,val,꽃,T2 동의어,96b5044c-7637-4aa5-9757-ca450d16cddd,명연꽃집,생화,영신상가,전통시장,서울특별시,,,
ee1d7f4bab8a47c7a31d,full_annotation_v1,A,q_꽃_03,생화,생활서비스 중 '꽃'을 판매·제공하는 매장,val,꽃,T2 동의어,de67cbce-0b4f-44f1-8f3c-b86f3542e644,생활꽃공간,생화,양주가래비중앙로상점가,골목형상점가,경기도,,,
83da694a49e59a29c34c,full_annotation_v1,A,q_꽃_03,생화,생활서비스 중 '꽃'을 판매·제공하는 매장,val,꽃,T2 동의어,d1ebf17f-2418-4496-a2e2-0211e98b478c,풀빛희원,생화,첨단부영 골목형상점가,골목형상점가,광주광역시,,,
c8da4126d164bd18b679,full_annotation_v1,A,q_꽃_03,생화,생활서비스 중 '꽃'을 판매·제공하는 매장,val,꽃,T2 동의어,3a446238-4cb8-4f16-94cb-4479384a307b,그린플라워,생화,봉선2로 골목형상점가,골목형상점가,광주광역시,,,
3fb83b5625d17849c265,full_annotation_v1,A,q_꽃_03,생화,생활서비스 중 '꽃'을 판매·제공하는 매장,val,꽃,T2 동의어,a6b02578-aff3-45ba-88fc-98130cc4f9a9,화인,생화,신설동들락거리,골목형상점가,서울특별시,,,
18745e26503be1f7d15d,full_annotation_v1,A,q_꽃_03,생화,생활서비스 중 '꽃'을 판매·제공하는 매장,val,꽃,T2 동의어,aafb1786-93bb-43af-8af9-b2a6488f2cf3,문흥골오리탕,한식,문흥1동 골목형상점가,골목형상점가,광주광역시,,,
16b7e0f7278e54b19a81,full_annotation_v1,A,q_꽃_03,생화,생활서비스 중 '꽃'을 판매·제공하는 매장,val,꽃,T2 동의어,4cffe4bb-b60c-4c5f-9c1c-9fe8ea2ae3d5,마녀손톱,네일아트,둔산3동상점가,자율상권구역,대전광역시,,,
c93b869648aeb6b27fd9,full_annotation_v1,A,q_꽃_03,생화,생활서비스 중 '꽃'을 판매·제공하는 매장,val,꽃,T2 동의어,10e7e9a0-781c-42c3-a0ca-9c4e17f57fbc,꽃동네,생화,둔산꽃길 골목형상점가,골목형상점가,대전광역시,,,
aa10da2d1297aa216a5a,full_annotation_v1,A,q_꽃_03,생화,생활서비스 중 '꽃'을 판매·제공하는 매장,val,꽃,T2 동의어,5b5f79e8-8b4e-4f77-8081-bbf9a3b2e112,인우,의류,서문시장2지구 종합상가,전통시장,대구광역시,,,
641d133bb55cecdccf36,full_annotation_v1,A,q_꽃_03,생화,생활서비스 중 '꽃'을 판매·제공하는 매장,val,꽃,T2 동의어,0393ce95-3e7d-4bb5-8ad3-e5da1199e516,꽃사랑화원,화원,남해 명품화전길 골목형상점가,골목형상점가,경상남도,,,
7127659884d44427a04a,full_annotation_v1,A,q_꽃_03,생화,생활서비스 중 '꽃'을 판매·제공하는 매장,val,꽃,T2 동의어,8ff13037-46a9-4b14-8e21-82c9f6c1a471,꼿밧,생화,중촌동 맞춤거리 상점가,자율상권구역,대전광역시,,,
96f176f33a34c149bcc1,full_annotation_v1,A,q_꽃_03,생화,생활서비스 중 '꽃'을 판매·제공하는 매장,val,꽃,T2 동의어,25499cdd-8427-4566-a223-d5fd45aff705,소담꽃,생화,문흥2동 골목형상점가,골목형상점가,광주광역시,,,
0a2666828c9b69e3e9c1,full_annotation_v1,A,q_꽃_03,생화,생활서비스 중 '꽃'을 판매·제공하는 매장,val,꽃,T2 동의어,066a65ee-fe0b-442c-a440-4ce37e296082,화인꽃방,생화조화,김해 동상전통시장,전통시장,경상남도,,,
c9b649642b0f0d76f5e4,full_annotation_v1,A,q_꽃_03,생화,생활서비스 중 '꽃'을 판매·제공하는 매장,val,꽃,T2 동의어,082321ee-cdd8-442a-a380-1cb37a154668,레망마지끄,생화,경의숲길서강 골목형상점가,골목형상점가,서울특별시,,,
792c3f44472ee4251e1f,full_annotation_v1,A,q_꽃_03,생화,생활서비스 중 '꽃'을 판매·제공하는 매장,val,꽃,T2 동의어,012ed1bc-d2d6-4dad-8b36-6ad33d367ab2,24시꽃집럭키플라워송도점,생화 식물,송도랜드마크시티 센트럴더샵 골목형상점가,골목형상점가,인천광역시,,,
a4dc3454f2a3e28a7f0c,full_annotation_v1,A,q_꽃_03,생화,생활서비스 중 '꽃'을 판매·제공하는 매장,val,꽃,T2 동의어,ad97653a-310a-4f12-bf37-2a8aef6887f8,본플라워,생화,신월7동골목형상점가,골목형상점가,서울특별시,,,
9287c0181a9e8a2de34c,full_annotation_v1,A,q_꽃_03,생화,생활서비스 중 '꽃'을 판매·제공하는 매장,val,꽃,T2 동의어,59da01ae-74d1-4d55-9970-54aefbb8d8f8,부영화원,생화,못골골목시장,전통시장,부산광역시,,,
8922caade463009fb076,full_annotation_v1,A,q_꽃_03,생화,생활서비스 중 '꽃'을 판매·제공하는 매장,val,꽃,T2 동의어,72a313df-26ff-4ddd-b400-15ac407b935a,한우상회,생선,마산어시장,전통시장,경상남도,,,
286c0d063a930daf2eef,full_annotation_v1,A,q_꽃_03,생화,생활서비스 중 '꽃'을 판매·제공하는 매장,val,꽃,T2 동의어,fcbbf76b-9a4a-4d81-b5b0-647881d98e8e,추씨농원,생화,대구꽃백화점 골목형상점가,골목형상점가,대구광역시,,,
5dc049b51b6d325c89e5,full_annotation_v1,A,q_꽃_03,생화,생활서비스 중 '꽃'을 판매·제공하는 매장,val,꽃,T2 동의어,0fdda0b6-8af0-4e6d-9574-2a8b043c0bc0,이플,"꽃집, 꽃배달",담양중앙2번가 골목형상점가,골목형상점가,전라남도,,,
b69b7b50a85ba8b10f8f,full_annotation_v1,A,q_꽃_03,생화,생활서비스 중 '꽃'을 판매·제공하는 매장,val,꽃,T2 동의어,4c803252-e536-48ce-b395-3dbf73ddc4d0,아르장,생화,첨단지구 골목형상점가,골목형상점가,광주광역시,,,
96daed47b65ac5f498cc,full_annotation_v1,A,q_꽃_03,생화,생활서비스 중 '꽃'을 판매·제공하는 매장,val,꽃,T2 동의어,07e2a120-4803-4634-bd52-ebd7c5433825,슬이네(보떼),조화,고투몰(강남터미널지하도상점가),일반지하상점가,서울특별시,,,
f131fb08dca0aa26afcf,full_annotation_v1,A,q_꽃_03,생화,생활서비스 중 '꽃'을 판매·제공하는 매장,val,꽃,T2 동의어,b6dd669c-dd1c-4a99-af83-26d34064db97,필꽃집,생화,상인영남화성시장,전통시장,대구광역시,,,
59a28c1f8b1f7645f465,full_annotation_v1,A,q_꽃_03,생화,생활서비스 중 '꽃'을 판매·제공하는 매장,val,꽃,T2 동의어,94019ef1-8bfc-45ea-b8be-7e8b0c7b7b35,남경회수산,"활어회포장, 배달",원대신시장,전통시장,대구광역시,,,
0a699b2a8193a26105c4,full_annotation_v1,A,q_꽃_03,생화,생활서비스 중 '꽃'을 판매·제공하는 매장,val,꽃,T2 동의어,5b0768a4-260c-4521-b0d9-45f86292de0c,백제갈비,갈비,남성역먹거리골목형상점가,골목형상점가,서울특별시,,,
1d16e8565c1085f5227a,full_annotation_v1,A,q_꽃_03,생화,생활서비스 중 '꽃'을 판매·제공하는 매장,val,꽃,T2 동의어,dd6d4440-3e8c-4c86-8a26-b7ac6ecb5b4f,레인화원,생화,청주사창시장,전통시장,충청북도,,,
5cdd602b9c00beab70e0,full_annotation_v1,A,q_꽃_03,생화,생활서비스 중 '꽃'을 판매·제공하는 매장,val,꽃,T2 동의어,08b9f9fd-7584-41c1-ba08-8a0cbb126f18,유플라워,꽃집,달서시장,전통시장,대구광역시,,,
8983985b4b222990bd36,full_annotation_v1,A,q_꽃_03,생화,생활서비스 중 '꽃'을 판매·제공하는 매장,val,꽃,T2 동의어,a077d0a0-2aef-4689-b968-cea99be4a1d4,자연,생화,삼각동 골목형상점가,골목형상점가,광주광역시,,,
e8fa89947c9e28c40d18,full_annotation_v1,A,q_꽃_03,생화,생활서비스 중 '꽃'을 판매·제공하는 매장,val,꽃,T2 동의어,2bb30eed-409d-46e0-9647-0522a5a1a88f,예원,생화,영신상가,전통시장,서울특별시,,,
aca494ec4d3243ebb8dd,full_annotation_v1,A,q_꽃_03,생화,생활서비스 중 '꽃'을 판매·제공하는 매장,val,꽃,T2 동의어,065a7a8c-5299-430a-93b1-257064b5c858,멜리플라워,,의왕가구거리 골목형상점가,골목형상점가,경기도,,,
3a6db36e8ca0b813e521,full_annotation_v1,A,q_꽃_03,생화,생활서비스 중 '꽃'을 판매·제공하는 매장,val,꽃,T2 동의어,00afc023-f2e3-417c-b675-42c0a2f682ac,경영꽃집,꽃,유성구암 골목형상점가,골목형상점가,대전광역시,,,
085db91531bf2ebc0d1c,full_annotation_v1,A,q_꽃_03,생화,생활서비스 중 '꽃'을 판매·제공하는 매장,val,꽃,T2 동의어,d4653c90-fbc1-487c-ba8b-63fdb8908b47,꽃그리다,생화,더센트럴 골목형상점가,골목형상점가,세종특별자치시,,,
c15108b7fadb4f5abb52,full_annotation_v1,A,q_꽃_03,생화,생활서비스 중 '꽃'을 판매·제공하는 매장,val,꽃,T2 동의어,52c8d398-7bb2-4e2d-b8f4-fabda975b474,유난,생화,광안종합시장,전통시장,부산광역시,,,
bf7f400c5d845291f9a7,full_annotation_v1,A,q_꽃_03,생화,생활서비스 중 '꽃'을 판매·제공하는 매장,val,꽃,T2 동의어,ce22ca18-1c12-4ba1-9bda-a94ec8398992,원플라워,생화,남대문시장,전통시장,서울특별시,,,
06df1b302638926bf443,full_annotation_v1,A,q_꽃_03,생화,생활서비스 중 '꽃'을 판매·제공하는 매장,val,꽃,T2 동의어,9b4fc779-b33c-4d82-bee6-9acf7defc3c1,주식회사 두두컴퍼니코리아,배달,자양로13길골목형상점가,골목형상점가,서울특별시,,,
89b9d1c34834d1824710,full_annotation_v1,A,q_꽃_03,생화,생활서비스 중 '꽃'을 판매·제공하는 매장,val,꽃,T2 동의어,b46c73f4-99bd-4c98-b0c8-46925336cad3,한아름,생화,개봉현대정문상가 골목형상점가,골목형상점가,서울특별시,,,
dc3adbbbac16481a7935,full_annotation_v1,A,q_꽃_03,생화,생활서비스 중 '꽃'을 판매·제공하는 매장,val,꽃,T2 동의어,522f0025-59d0-4bae-8bab-425cea929055,꽃뜰플라워,생화,호계종합시장,전통시장,경기도,,,
1e1c1f735e66ffea464c,full_annotation_v1,A,q_꽃_03,생화,생활서비스 중 '꽃'을 판매·제공하는 매장,val,꽃,T2 동의어,b718189d-1d95-4aa1-bbcd-d67fadacbc83,경북꽃집,생화,양정시장,전통시장,부산광역시,,,
eebd54a6b509d655791a,full_annotation_v1,A,q_꽃_03,생화,생활서비스 중 '꽃'을 판매·제공하는 매장,val,꽃,T2 동의어,0afb8a2b-1af8-4f53-9021-994b4d4ef6e6,월간맥주 계림점,일반음식,광주고인근 골목형상점가,골목형상점가,광주광역시,,,
f13d9298211cd09ab52e,full_annotation_v1,A,q_꽃_03,생화,생활서비스 중 '꽃'을 판매·제공하는 매장,val,꽃,T2 동의어,cf3f25d4-b24f-4665-a5ea-13a15974d898,오오플라워,화환,삼각지맛길 골목형상점가,골목형상점가,대구광역시,,,
4bc2c5405bf027429838,full_annotation_v1,A,q_꽃_03,생화,생활서비스 중 '꽃'을 판매·제공하는 매장,val,꽃,T2 동의어,8dcea9b1-25b6-4857-8b49-2759be790044,마론,생화,단국대 앞 골목형상점가,골목형상점가,경기도,,,
d7c64c973818288656ad,full_annotation_v1,A,q_꽃_03,생화,생활서비스 중 '꽃'을 판매·제공하는 매장,val,꽃,T2 동의어,c79e6381-2d90-444d-a8dd-d05eb595f2ec,보떼중앙점,화장품소매,속초중앙전통시장,전통시장,강원특별자치도,,,
bb0b0a6c5cac71eb2b2e,full_annotation_v1,A,q_꽃_03,생화,생활서비스 중 '꽃'을 판매·제공하는 매장,val,꽃,T2 동의어,38952b75-83ea-4c4d-bb51-032ad64714c6,큰고개화원,생화,칠성원시장,전통시장,대구광역시,,,
f784ea44870d1cc236ab,full_annotation_v1,A,q_꽃_03,생화,생활서비스 중 '꽃'을 판매·제공하는 매장,val,꽃,T2 동의어,a1de7805-2c26-4e64-b7bf-4ac8bf1662e0,푸른화원,생화,양양로 골목형상점가,골목형상점가,강원특별자치도,,,
bf5778535377f7d229ae,full_annotation_v1,A,q_꽃_03,생화,생활서비스 중 '꽃'을 판매·제공하는 매장,val,꽃,T2 동의어,f44ab6ba-c72a-470a-9322-631beb0431fe,영록화원,생화,중흥청춘로 골목형상점가,골목형상점가,광주광역시,,,
a27802b551e8b8815ed5,full_annotation_v1,A,q_꽃_03,생화,생활서비스 중 '꽃'을 판매·제공하는 매장,val,꽃,T2 동의어,091b1d69-d4e3-4d8c-9000-1d40f95f50e9,은자씨 플라워,화환,부티크타운 골목형 상점가,골목형상점가,충청남도,,,
f2128f07964e9016b8e4,full_annotation_v1,A,q_꽃_03,생화,생활서비스 중 '꽃'을 판매·제공하는 매장,val,꽃,T2 동의어,26a2098d-a278-4009-897b-820a53e3faa7,메리골드,생화,주안역지하도상점가,일반지하상점가,인천광역시,,,
1939ca2f96f90fd4e2aa,full_annotation_v1,A,q_꽃_03,생화,생활서비스 중 '꽃'을 판매·제공하는 매장,val,꽃,T2 동의어,1b65bc5a-36bb-4ba5-a838-b9ea81b463fb,햇살정원,생화,청주사창시장,전통시장,충청북도,,,
a4aaec70d89ec5309ee6,full_annotation_v1,A,q_꽃_03,생화,생활서비스 중 '꽃'을 판매·제공하는 매장,val,꽃,T2 동의어,8f01db59-18a1-4ee6-b4f7-5b33282757fa,전원,생화,남대문시장,전통시장,서울특별시,,,
881dc08cf2e419ada577,full_annotation_v1,A,q_꽃_04,생화 가게,생활서비스 중 '꽃'을 판매·제공하는 매장,val,꽃,T2 동의어,01d1c245-a6a7-441a-8977-85303f01e56e,인플라워,생화,유성도안 골목형상점가,골목형상점가,대전광역시,,,
1d93f1c650e0fe794c1c,full_annotation_v1,A,q_꽃_04,생화 가게,생활서비스 중 '꽃'을 판매·제공하는 매장,val,꽃,T2 동의어,7f3d529e-5afe-4d8b-873d-67ab3f88e7e7,꽃구름,생화,명덕마을 골목형상점가,골목형상점가,울산광역시,,,
286a14648b783823588f,full_annotation_v1,A,q_꽃_04,생화 가게,생활서비스 중 '꽃'을 판매·제공하는 매장,val,꽃,T2 동의어,b7b89e70-48b6-4101-bd83-cb04771390b5,예림꽃집,생화,남대문시장,전통시장,서울특별시,,,
c696a31f9a122f28a392,full_annotation_v1,A,q_꽃_04,생화 가게,생활서비스 중 '꽃'을 판매·제공하는 매장,val,꽃,T2 동의어,fba2de74-75f0-46b9-a95a-112ee7499d82,아담플라워,화환,월곡달빛오거리골목형상점가,골목형상점가,서울특별시,,,
c29b7714cc75d977957d,full_annotation_v1,A,q_꽃_04,생화 가게,생활서비스 중 '꽃'을 판매·제공하는 매장,val,꽃,T2 동의어,8f1ab898-c235-484c-8412-21943c8b7a2d,하은이네반찬 가게,채소,용호1동골목시장,전통시장,부산광역시,,,
69e3d73c41259718d91b,full_annotation_v1,A,q_꽃_04,생화 가게,생활서비스 중 '꽃'을 판매·제공하는 매장,val,꽃,T2 동의어,3abec203-e819-4033-8688-86ca9225f7ef,조이플로르,생화,머내마을 상점가,골목형상점가,경기도,,,
d15ea8711c705dfb2ff5,full_annotation_v1,A,q_꽃_04,생화 가게,생활서비스 중 '꽃'을 판매·제공하는 매장,val,꽃,T2 동의어,0838ebd8-8e52-472e-8b55-713d7e585593,현꽃집,생화,영신상가,전통시장,서울특별시,,,
58123d956e8992ab6072,full_annotation_v1,A,q_꽃_04,생화 가게,생활서비스 중 '꽃'을 판매·제공하는 매장,val,꽃,T2 동의어,fcbbf76b-9a4a-4d81-b5b0-647881d98e8e,추씨농원,생화,대구꽃백화점 골목형상점가,골목형상점가,대구광역시,,,
b7c0db036bbae5be08ad,full_annotation_v1,A,q_꽃_04,생화 가게,생활서비스 중 '꽃'을 판매·제공하는 매장,val,꽃,T2 동의어,7183b3a6-0671-404f-813a-51a48ccd3864,팅커벨,생화,하남대로가구의거리상인회 골목형상점가,골목형상점가,광주광역시,,,
dd7798835fcf3a1dcd30,full_annotation_v1,A,q_꽃_04,생화 가게,생활서비스 중 '꽃'을 판매·제공하는 매장,val,꽃,T2 동의어,2958565f-3773-42c4-bb7d-16d2b785c96b,오늘기분,생화,철길공원 골목형상점가,골목형상점가,전북특별자치도,,,
007f3ba3fb59a52bc8f2,full_annotation_v1,A,q_꽃_04,생화 가게,생활서비스 중 '꽃'을 판매·제공하는 매장,val,꽃,T2 동의어,ff2cb867-696a-42eb-a0e8-f83d3e7a8f8d,박서준플라워,생화,행복상점가,자율상권구역,경상북도,,,
499e23ea84a343ec1a11,full_annotation_v1,A,q_꽃_04,생화 가게,생활서비스 중 '꽃'을 판매·제공하는 매장,val,꽃,T2 동의어,96af24e2-3052-45e3-ab0c-fa4ee1b6aac6,비비드플라워,생화,궁동 골목형상점가,골목형상점가,대전광역시,,,
ea01918e621506ec6adc,full_annotation_v1,A,q_꽃_04,생화 가게,생활서비스 중 '꽃'을 판매·제공하는 매장,val,꽃,T2 동의어,4f429078-685a-42f2-9b6c-9be06316f0eb,가든메이,생화,금암동 골목형상점가,골목형상점가,충청남도,,,
461da5a6cbf04d7bc773,full_annotation_v1,A,q_꽃_04,생화 가게,생활서비스 중 '꽃'을 판매·제공하는 매장,val,꽃,T2 동의어,09ac7cf1-86a5-4f4d-80d7-72710de26799,꽃동네,생화,태화시장,전통시장,울산광역시,,,
7f6ee06493d1b3acf5ea,full_annotation_v1,A,q_꽃_04,생화 가게,생활서비스 중 '꽃'을 판매·제공하는 매장,val,꽃,T2 동의어,cf3f25d4-b24f-4665-a5ea-13a15974d898,오오플라워,화환,삼각지맛길 골목형상점가,골목형상점가,대구광역시,,,
339f7e11ddc10d4cc640,full_annotation_v1,A,q_꽃_04,생화 가게,생활서비스 중 '꽃'을 판매·제공하는 매장,val,꽃,T2 동의어,0dc54a43-0aee-4fcb-939d-b0f59e5b1b25,금원꽃집,,송강동 골목형상점가,골목형상점가,대전광역시,,,
8e1fd5eab7f369a36eae,full_annotation_v1,A,q_꽃_04,생화 가게,생활서비스 중 '꽃'을 판매·제공하는 매장,val,꽃,T2 동의어,0e4020f9-303d-4110-86ef-0e31dcc34f37,꽃누리화원,생화,을지로지하보도쇼핑센터,일반지하상점가,서울특별시,,,
ef2def5f4f216c1b8ac7,full_annotation_v1,A,q_꽃_04,생화 가게,생활서비스 중 '꽃'을 판매·제공하는 매장,val,꽃,T2 동의어,0fdda0b6-8af0-4e6d-9574-2a8b043c0bc0,이플,"꽃집, 꽃배달",담양중앙2번가 골목형상점가,골목형상점가,전라남도,,,
a8d48c0378bff72ec261,full_annotation_v1,A,q_꽃_04,생화 가게,생활서비스 중 '꽃'을 판매·제공하는 매장,val,꽃,T2 동의어,b3fcaf5a-4878-41c3-8a2f-1bc3a9c7f899,끌레르,생화,나성BRT 골목형상점가,골목형상점가,세종특별자치시,,,
817ffa6de14fca327c76,full_annotation_v1,A,q_꽃_04,생화 가게,생활서비스 중 '꽃'을 판매·제공하는 매장,val,꽃,T2 동의어,4e8a85fb-13d3-4bc7-a9ed-17ad1dabad4f,보고팟,생화,나주혁신도시 골목형상점가,골목형상점가,전라남도,,,
87612ed84bdd01aa38cf,full_annotation_v1,A,q_꽃_04,생화 가게,생활서비스 중 '꽃'을 판매·제공하는 매장,val,꽃,T2 동의어,820c4f5c-ff0f-43a3-919c-547058041634,진플라워,생화,부산자유시장,전통시장,부산광역시,,,
4c7548282e839daaa9cf,full_annotation_v1,A,q_꽃_04,생화 가게,생활서비스 중 '꽃'을 판매·제공하는 매장,val,꽃,T2 동의어,b46c73f4-99bd-4c98-b0c8-46925336cad3,한아름,생화,개봉현대정문상가 골목형상점가,골목형상점가,서울특별시,,,
68c246846e9dbbdce65c,full_annotation_v1,A,q_꽃_04,생화 가게,생활서비스 중 '꽃'을 판매·제공하는 매장,val,꽃,T2 동의어,d4c38876-fbd5-458c-b677-ea6c41194b13,중리도매닭집,생닭,중리시장,전통시장,대전광역시,,,
749cfaf4800bbb3615c1,full_annotation_v1,A,q_꽃_04,생화 가게,생활서비스 중 '꽃'을 판매·제공하는 매장,val,꽃,T2 동의어,59da42fa-88c1-4518-9c76-4097c3f467ee,행복꽃집,생화,영동전통시장,전통시장,충청북도,,,
eb78e9010b85ec4d6609,full_annotation_v1,A,q_꽃_04,생화 가게,생활서비스 중 '꽃'을 판매·제공하는 매장,val,꽃,T2 동의어,57c89bdd-b60f-402d-a8f1-6381779b8f52,유플라워,생화,거북시장,전통시장,인천광역시,,,
db04080456d86e5719c8,full_annotation_v1,A,q_꽃_04,생화 가게,생활서비스 중 '꽃'을 판매·제공하는 매장,val,꽃,T2 동의어,08b9f9fd-7584-41c1-ba08-8a0cbb126f18,유플라워,꽃집,달서시장,전통시장,대구광역시,,,
e3c74b516b08f02d8c3b,full_annotation_v1,A,q_꽃_04,생화 가게,생활서비스 중 '꽃'을 판매·제공하는 매장,val,꽃,T2 동의어,136b0d38-57a7-4f5f-a5f8-3ae6e2a594c9,풍경,생화,효자천변1길 골목형상점가,골목형상점가,전북특별자치도,,,
86286e5cf7db17ffcfc9,full_annotation_v1,A,q_꽃_04,생화 가게,생활서비스 중 '꽃'을 판매·제공하는 매장,val,꽃,T2 동의어,8031187c-8adb-4867-9355-a391558c79ea,대박삼겹살굴구이,삼겹살,거제 능포 골목형상점가,골목형상점가,경상남도,,,
bb046483dfa39726af5c,full_annotation_v1,A,q_꽃_04,생화 가게,생활서비스 중 '꽃'을 판매·제공하는 매장,val,꽃,T2 동의어,de67cbce-0b4f-44f1-8f3c-b86f3542e644,생활꽃공간,생화,양주가래비중앙로상점가,골목형상점가,경기도,,,
1131a25620fbdfdc5028,full_annotation_v1,A,q_꽃_04,생화 가게,생활서비스 중 '꽃'을 판매·제공하는 매장,val,꽃,T2 동의어,ae1b2aac-d3a7-4725-ac9a-3f3c1baf1984,푸른화원,생화,거제 옥빛나 골목형상점가,골목형상점가,경상남도,,,
a4cfa7d66a43300734f3,full_annotation_v1,A,q_꽃_04,생화 가게,생활서비스 중 '꽃'을 판매·제공하는 매장,val,꽃,T2 동의어,32ce5003-63d5-48dc-9fe7-641b6cf3546b,청아플라워즈,생화,백년소상공인,기타,강원특별자치도,,,
ad81572179957976e0e0,full_annotation_v1,A,q_꽃_04,생화 가게,생활서비스 중 '꽃'을 판매·제공하는 매장,val,꽃,T2 동의어,0043469e-66b6-48d0-b7a9-d87c0887cf59,꽃이예쁜집,꽃,장동앞길 골목형상점가,골목형상점가,광주광역시,,,
f249073a6542130a1ffa,full_annotation_v1,A,q_꽃_04,생화 가게,생활서비스 중 '꽃'을 판매·제공하는 매장,val,꽃,T2 동의어,01b50703-620e-4976-9b84-a03f2ba9bdcf,메르세드플라워,,관저상가 골목형상점가,골목형상점가,대전광역시,,,
99c2df0cd435d9decbd9,full_annotation_v1,A,q_꽃_04,생화 가게,생활서비스 중 '꽃'을 판매·제공하는 매장,val,꽃,T2 동의어,ae506f36-f439-4362-b38a-435fb7e2f7f7,온실보테니컬컴퍼니,생화,청담삼익시장,전통시장,서울특별시,,,
dd71a0ae8a131fdaea01,full_annotation_v1,A,q_꽃_04,생화 가게,생활서비스 중 '꽃'을 판매·제공하는 매장,val,꽃,T2 동의어,3fcfa027-45ef-446c-8044-29bb38e92e3b,오행생식원,생식 건강식품,둔산꽃길 골목형상점가,골목형상점가,대전광역시,,,
048af5e20fc811a7d47d,full_annotation_v1,A,q_꽃_04,생화 가게,생활서비스 중 '꽃'을 판매·제공하는 매장,val,꽃,T2 동의어,2fd6db16-8b47-41d4-b6d9-a1cc57c25343,미리내flowershop,"생화, 조화, 화분, 화환",인동중앙상점가,골목형상점가,경상북도,,,
5673cb70fe7df319b5d6,full_annotation_v1,A,q_꽃_04,생화 가게,생활서비스 중 '꽃'을 판매·제공하는 매장,val,꽃,T2 동의어,7a242fbd-249d-4ae5-8ddb-add211b09ba2,꽃핀날,생화,숭인사랑골목형상점가,골목형상점가,서울특별시,,,
1cf72ed49c3b56ab5d9b,full_annotation_v1,A,q_꽃_04,생화 가게,생활서비스 중 '꽃'을 판매·제공하는 매장,val,꽃,T2 동의어,0123cf0c-2929-4bbe-9b13-1354e60a6922,혜오르 플라워(HYEOR FLOWER),생화 및 식물,신창진흥 골목형상점가,골목형상점가,광주광역시,,,
d17fdce41f0cb0d5f42c,full_annotation_v1,A,q_꽃_04,생화 가게,생활서비스 중 '꽃'을 판매·제공하는 매장,val,꽃,T2 동의어,e9a6ca5f-2ce0-493d-b577-f87948d627c2,늘푸른꽃집,생화,설성골목형상점가,골목형상점가,충청북도,,,
52da1c7e80857c6a66da,full_annotation_v1,A,q_꽃_04,생화 가게,생활서비스 중 '꽃'을 판매·제공하는 매장,val,꽃,T2 동의어,4c803252-e536-48ce-b395-3dbf73ddc4d0,아르장,생화,첨단지구 골목형상점가,골목형상점가,광주광역시,,,
d31dac6d79b869df2fc2,full_annotation_v1,A,q_꽃_04,생화 가게,생활서비스 중 '꽃'을 판매·제공하는 매장,val,꽃,T2 동의어,bf2ec897-0556-46fa-a1e9-8b593c0c8620,신청담한우,한우,서구청먹자골목상인회 골목형상점가,골목형상점가,광주광역시,,,
3cc8c4c6d7a51a049843,full_annotation_v1,A,q_꽃_04,생화 가게,생활서비스 중 '꽃'을 판매·제공하는 매장,val,꽃,T2 동의어,3404e0f5-fed2-4e2e-b256-7ef8343016f1,팝,미용실,수완이지더원 골목형상점가,골목형상점가,광주광역시,,,
e3d2282a7da207726689,full_annotation_v1,A,q_꽃_04,생화 가게,생활서비스 중 '꽃'을 판매·제공하는 매장,val,꽃,T2 동의어,f68da046-5735-4faf-8fe7-0696bf8bb284,도경사주타로,사주,부평대아지하상점가,일반지하상점가,인천광역시,,,
bcf06db4729afd63d29d,full_annotation_v1,A,q_꽃_04,생화 가게,생활서비스 중 '꽃'을 판매·제공하는 매장,val,꽃,T2 동의어,096aed8d-1da1-47f7-aa13-2ff0bd438330,부영화원,생화,월산상가 골목형 상점가,골목형상점가,충청남도,,,
351db38a422dacab7392,full_annotation_v1,A,q_꽃_04,생화 가게,생활서비스 중 '꽃'을 판매·제공하는 매장,val,꽃,T2 동의어,00046925-dcb7-4796-8c1e-0de154aa3825,가든꽃화원,생화,전주풍남문상점가,자율상권구역,전북특별자치도,,,
6702ec1599afbc6789c4,full_annotation_v1,A,q_꽃_04,생화 가게,생활서비스 중 '꽃'을 판매·제공하는 매장,val,꽃,T2 동의어,c47ff879-0357-4eca-ad1a-117d741e877d,썬플라워,생화,남대문시장,전통시장,서울특별시,,,
a2f85faf29023e060a80,full_annotation_v1,A,q_꽃_04,생화 가게,생활서비스 중 '꽃'을 판매·제공하는 매장,val,꽃,T2 동의어,ad97653a-310a-4f12-bf37-2a8aef6887f8,본플라워,생화,신월7동골목형상점가,골목형상점가,서울특별시,,,
58907aa6b01b6f411366,full_annotation_v1,A,q_꽃_04,생화 가게,생활서비스 중 '꽃'을 판매·제공하는 매장,val,꽃,T2 동의어,03de55fd-e04d-4c83-861f-72bd167d8afc,드레스플라워,,대봉모리 골목형상점가,골목형상점가,대구광역시,,,
1bf7a07ec51a9dfe6a32,full_annotation_v1,A,q_꽃_04,생화 가게,생활서비스 중 '꽃'을 판매·제공하는 매장,val,꽃,T2 동의어,f9fb5dc6-c0a1-432d-8d4f-78620d21f7cf,꽃길,생화,창원 신대방 골목형상점가,골목형상점가,경상남도,,,
d14e43dc464e9c16e284,full_annotation_v1,A,q_꽃_04,생화 가게,생활서비스 중 '꽃'을 판매·제공하는 매장,val,꽃,T2 동의어,482d229b-2988-4616-b30b-31ad002f5c19,제주,생화,대구꽃백화점 골목형상점가,골목형상점가,대구광역시,,,
d0053e1700f6431dd209,full_annotation_v1,A,q_꽃_04,생화 가게,생활서비스 중 '꽃'을 판매·제공하는 매장,val,꽃,T2 동의어,012ed1bc-d2d6-4dad-8b36-6ad33d367ab2,24시꽃집럭키플라워송도점,생화 식물,송도랜드마크시티 센트럴더샵 골목형상점가,골목형상점가,인천광역시,,,
76920f2d0a56125da24d,full_annotation_v1,A,q_꽃_04,생화 가게,생활서비스 중 '꽃'을 판매·제공하는 매장,val,꽃,T2 동의어,010fea22-a965-4d8e-a805-083042a361ec,니어앤디어Cafe,꽃,상주중앙시장,전통시장,경상북도,,,
dd89a6236388f8d39ddd,full_annotation_v1,A,q_꽃_04,생화 가게,생활서비스 중 '꽃'을 판매·제공하는 매장,val,꽃,T2 동의어,45a85963-e28e-4698-821a-7051f1e3e57b,청지꽃꽂이,생화,시장로타리지하상가,일반지하상점가,인천광역시,,,
c765c730f13d02ea9b32,full_annotation_v1,A,q_꽃_04,생화 가게,생활서비스 중 '꽃'을 판매·제공하는 매장,val,꽃,T2 동의어,e959f764-3c64-4453-a023-35c2f7bb2459,유니비키,의류 수영복 비키니,부평중앙 지하상가,일반지하상점가,인천광역시,,,
c01333eddbfc1e6ce60d,full_annotation_v1,A,q_꽃_04,생화 가게,생활서비스 중 '꽃'을 판매·제공하는 매장,val,꽃,T2 동의어,7290953f-b420-48cc-a936-0acf244713b0,아라꽃집,생화,대흥동 특화거리 상점가,자율상권구역,대전광역시,,,
f0ba6f0a1c5a294799b3,full_annotation_v1,A,q_꽃_04,생화 가게,생활서비스 중 '꽃'을 판매·제공하는 매장,val,꽃,T2 동의어,49132720-87a4-4acc-8b5e-90653bb4a8b7,가위,미용헤어,우치서하로 골목형상점가,골목형상점가,광주광역시,,,
6a40d3f13f93c25ac58a,full_annotation_v1,A,q_꽃_04,생화 가게,생활서비스 중 '꽃'을 판매·제공하는 매장,val,꽃,T2 동의어,2bb30eed-409d-46e0-9647-0522a5a1a88f,예원,생화,영신상가,전통시장,서울특별시,,,
d66c2ff09f8368848a3b,full_annotation_v1,A,q_꽃_04,생화 가게,생활서비스 중 '꽃'을 판매·제공하는 매장,val,꽃,T2 동의어,20f8d8ad-7455-44a9-9d60-70be01215023,태이정원,생화,"지웰시티몰 1,2단지 골목형상점가",골목형상점가,충청남도,,,
4e583ed4b22239b2ddab,full_annotation_v1,A,q_꽃_04,생화 가게,생활서비스 중 '꽃'을 판매·제공하는 매장,val,꽃,T2 동의어,04b1ff99-e4e2-47bb-bcae-f7079bd73cae,삼성꽃집,조화,포항죽도시장,전통시장,경상북도,,,
cc79c471982e851750d8,full_annotation_v1,A,q_꽃_04,생화 가게,생활서비스 중 '꽃'을 판매·제공하는 매장,val,꽃,T2 동의어,8dcea9b1-25b6-4857-8b49-2759be790044,마론,생화,단국대 앞 골목형상점가,골목형상점가,경기도,,,
532afc0542297dc78c0f,full_annotation_v1,A,q_꽃_04,생화 가게,생활서비스 중 '꽃'을 판매·제공하는 매장,val,꽃,T2 동의어,8f01db59-18a1-4ee6-b4f7-5b33282757fa,전원,생화,남대문시장,전통시장,서울특별시,,,
59c3c82c4e0efb95870a,full_annotation_v1,A,q_꽃_04,생화 가게,생활서비스 중 '꽃'을 판매·제공하는 매장,val,꽃,T2 동의어,095e5e59-0c33-4606-8ebd-b997096638a6,대구꽃집,생화,대구꽃백화점 골목형상점가,골목형상점가,대구광역시,,,
8ed8d83c33fd5fee6d4c,full_annotation_v1,A,q_꽃_04,생화 가게,생활서비스 중 '꽃'을 판매·제공하는 매장,val,꽃,T2 동의어,07e2a120-4803-4634-bd52-ebd7c5433825,슬이네(보떼),조화,고투몰(강남터미널지하도상점가),일반지하상점가,서울특별시,,,
33e8070437a8e77af94b,full_annotation_v1,A,q_꽃_04,생화 가게,생활서비스 중 '꽃'을 판매·제공하는 매장,val,꽃,T2 동의어,1b65bc5a-36bb-4ba5-a838-b9ea81b463fb,햇살정원,생화,청주사창시장,전통시장,충청북도,,,
ad6a429018dedd1bf04f,full_annotation_v1,A,q_꽃_04,생화 가게,생활서비스 중 '꽃'을 판매·제공하는 매장,val,꽃,T2 동의어,ce22ca18-1c12-4ba1-9bda-a94ec8398992,원플라워,생화,남대문시장,전통시장,서울특별시,,,
b965fdd9ddf52e44ff3a,full_annotation_v1,A,q_꽃_04,생화 가게,생활서비스 중 '꽃'을 판매·제공하는 매장,val,꽃,T2 동의어,00b13ca2-ef5b-4243-9a38-2de8507a2c21,남촌플라워,생화,용상공설시장,전통시장,경상북도,,,
aeb597e1871c199f0442,full_annotation_v1,A,q_꽃_04,생화 가게,생활서비스 중 '꽃'을 판매·제공하는 매장,val,꽃,T2 동의어,2ed6b487-161b-45cc-9d87-25604e3ca462,썬플라워,생화,동가재미 골목형상점가,골목형상점가,전북특별자치도,,,
a02d4977d961c26605a5,full_annotation_v1,A,q_꽃_04,생화 가게,생활서비스 중 '꽃'을 판매·제공하는 매장,val,꽃,T2 동의어,b8be4043-6813-48a6-99f0-050ae6bfcf4b,초콜렛,생화,서문시장2지구 종합상가,전통시장,대구광역시,,,
ed5d68f061600026bb9a,full_annotation_v1,A,q_꽃_04,생화 가게,생활서비스 중 '꽃'을 판매·제공하는 매장,val,꽃,T2 동의어,d630c14a-a78a-495d-ac65-1973237b56d8,목화,생화,장천동상가,자율상권구역,전라남도,,,
155f5b00b9e353443137,full_annotation_v1,A,q_꽃_04,생화 가게,생활서비스 중 '꽃'을 판매·제공하는 매장,val,꽃,T2 동의어,0268ed52-44bd-4e9c-a295-7a64f656640a,양정화원,화원,관고전통시장,전통시장,경기도,,,
5433a496918fc7c07622,full_annotation_v1,A,q_꽃_04,생화 가게,생활서비스 중 '꽃'을 판매·제공하는 매장,val,꽃,T2 동의어,2e21a222-1dde-438f-bd3b-8ebbd1fd91b3,소이화,생화,다정한 골목형상점가,골목형상점가,세종특별자치시,,,
0842da21c74ee9f4396a,full_annotation_v1,A,q_꽃_04,생화 가게,생활서비스 중 '꽃'을 판매·제공하는 매장,val,꽃,T2 동의어,10845c7a-1388-40af-aee6-13938da3da2a,세영생화,생화,옥골시장,전통시장,울산광역시,,,
484235b35a7de5a9ede9,full_annotation_v1,A,q_꽃_04,생화 가게,생활서비스 중 '꽃'을 판매·제공하는 매장,val,꽃,T2 동의어,a4751b34-ebfd-45ed-8656-654ed74c7ad7,썬플라워,생화,고투몰(강남터미널지하도상점가),일반지하상점가,서울특별시,,,
28cf346c049e7cd5dc41,full_annotation_v1,A,q_꽃_04,생화 가게,생활서비스 중 '꽃'을 판매·제공하는 매장,val,꽃,T2 동의어,8be33f48-5edf-4cd7-85ac-35ce3a167297,우기축산,소고기 돼지고기 수입육,스타타워1 골목형상점가,골목형상점가,인천광역시,,,
c8f436be92726cb3393b,full_annotation_v1,A,q_꽃_04,생화 가게,생활서비스 중 '꽃'을 판매·제공하는 매장,val,꽃,T2 동의어,7b76f020-6dcb-4a88-b451-ad2b1d4f0232,만개정원,생화,퐁당거리 골목형상점가,골목형상점가,전라남도,,,
a4cb5cb3b8c8a6ace480,full_annotation_v1,A,q_꽃_04,생화 가게,생활서비스 중 '꽃'을 판매·제공하는 매장,val,꽃,T2 동의어,00afc023-f2e3-417c-b675-42c0a2f682ac,경영꽃집,꽃,유성구암 골목형상점가,골목형상점가,대전광역시,,,
dfcbdc32242e07c17e30,full_annotation_v1,A,q_꽃_04,생화 가게,생활서비스 중 '꽃'을 판매·제공하는 매장,val,꽃,T2 동의어,e6ea3226-d51d-4709-a9bb-79e6a10ad404,꽃나라,생화,영일대북부시장(구 북부시장),전통시장,경상북도,,,
6c9a49121b7921d594a5,full_annotation_v1,A,q_꽃_04,생화 가게,생활서비스 중 '꽃'을 판매·제공하는 매장,val,꽃,T2 동의어,6111fcff-545e-40a6-b936-af27bd68cc5e,신데렐라,생화,상무화원상인회 골목형상점가,골목형상점가,광주광역시,,,
62690e28c7a35e7e8768,full_annotation_v1,A,q_꽃_04,생화 가게,생활서비스 중 '꽃'을 판매·제공하는 매장,val,꽃,T2 동의어,c15b7d24-b90f-4edb-a4d7-38d243dad39e,가게,담배,대명시장,전통시장,대구광역시,,,
960773849cb011959c15,full_annotation_v1,A,q_꽃_04,생화 가게,생활서비스 중 '꽃'을 판매·제공하는 매장,val,꽃,T2 동의어,77262068-6a95-4301-bdd3-34a349a0367d,꽃이야기,생화,조종시장,전통시장,경기도,,,
8e83241f7b711c0fe172,full_annotation_v1,A,q_꽃_04,생화 가게,생활서비스 중 '꽃'을 판매·제공하는 매장,val,꽃,T2 동의어,d1ebf17f-2418-4496-a2e2-0211e98b478c,풀빛희원,생화,첨단부영 골목형상점가,골목형상점가,광주광역시,,,
a00d7ac7f72820ecfb49,full_annotation_v1,A,q_꽃_04,생화 가게,생활서비스 중 '꽃'을 판매·제공하는 매장,val,꽃,T2 동의어,39ae0c2a-1bdd-425e-939b-fcbab4dc1161,으뜸아이안경,,거제 능포 골목형상점가,골목형상점가,경상남도,,,
289a892a33b91206d601,full_annotation_v1,A,q_꽃_04,생화 가게,생활서비스 중 '꽃'을 판매·제공하는 매장,val,꽃,T2 동의어,006964ff-b2f9-421f-8fa7-f87219c26c0a,블리스블룸,생화,BOCA 보카상점가,골목형상점가,경기도,,,
ec6ed7d228d8c21c9048,full_annotation_v1,A,q_꽃_04,생화 가게,생활서비스 중 '꽃'을 판매·제공하는 매장,val,꽃,T2 동의어,59da01ae-74d1-4d55-9970-54aefbb8d8f8,부영화원,생화,못골골목시장,전통시장,부산광역시,,,
db59a5da5fa7ee298c8c,full_annotation_v1,A,q_꽃_04,생화 가게,생활서비스 중 '꽃'을 판매·제공하는 매장,val,꽃,T2 동의어,3a446238-4cb8-4f16-94cb-4479384a307b,그린플라워,생화,봉선2로 골목형상점가,골목형상점가,광주광역시,,,
a932f611824654eea9f3,full_annotation_v1,A,q_꽃_04,생화 가게,생활서비스 중 '꽃'을 판매·제공하는 매장,val,꽃,T2 동의어,7b11fdcb-2fdb-4f8e-a186-e367bc1b642e,그린플라워,생화,대구꽃백화점 골목형상점가,골목형상점가,대구광역시,,,
c85ad81b513e96b42f3e,full_annotation_v1,A,q_꽃_04,생화 가게,생활서비스 중 '꽃'을 판매·제공하는 매장,val,꽃,T2 동의어,f84792ca-ac20-412f-bbb3-8bbf11544499,꽃사랑,생화,대구꽃백화점 골목형상점가,골목형상점가,대구광역시,,,
577dce66976afc63b9b5,full_annotation_v1,A,q_꽃_04,생화 가게,생활서비스 중 '꽃'을 판매·제공하는 매장,val,꽃,T2 동의어,00b610a8-8a8a-4c5e-9e0b-cba5e4d22c93,에덴꽃화원,꽃,태화시장,전통시장,울산광역시,,,
29c355f6600e350ecaf7,full_annotation_v1,A,q_꽃_04,생화 가게,생활서비스 중 '꽃'을 판매·제공하는 매장,val,꽃,T2 동의어,848a5f9a-f20b-4191-99a8-2050e9548ce7,새벽정원,생화,망리단길골목형상점가,골목형상점가,서울특별시,,,
e864d19e720a8a98e11e,full_annotation_v1,A,q_꽃_04,생화 가게,생활서비스 중 '꽃'을 판매·제공하는 매장,val,꽃,T2 동의어,7304f9c1-00af-4a03-a870-248305b7e4d5,가든파티,생화,둔산꽃길 골목형상점가,골목형상점가,대전광역시,,,
38e504b11f603011b67a,full_annotation_v1,A,q_꽃_04,생화 가게,생활서비스 중 '꽃'을 판매·제공하는 매장,val,꽃,T2 동의어,8129f771-1471-400f-a731-fdc1077ede4b,만재꽃화원,생화,장성읍 골목형상점가,골목형상점가,전라남도,,,
5d8b9bcac97c89bb826f,full_annotation_v1,A,q_꽃_04,생화 가게,생활서비스 중 '꽃'을 판매·제공하는 매장,val,꽃,T2 동의어,9b4fc779-b33c-4d82-bee6-9acf7defc3c1,주식회사 두두컴퍼니코리아,배달,자양로13길골목형상점가,골목형상점가,서울특별시,,,
f04a9f5a6f19fb7094e9,full_annotation_v1,A,q_꽃_04,생화 가게,생활서비스 중 '꽃'을 판매·제공하는 매장,val,꽃,T2 동의어,359df784-64ca-44d9-843d-119b126f095a,서산헬퍼,배달,서산동부전통시장,전통시장,충청남도,,,
a14966a2b811d3165189,full_annotation_v1,A,q_꽃_04,생화 가게,생활서비스 중 '꽃'을 판매·제공하는 매장,val,꽃,T2 동의어,52c8d398-7bb2-4e2d-b8f4-fabda975b474,유난,생화,광안종합시장,전통시장,부산광역시,,,
355318fdf51bb41f241b,full_annotation_v1,A,q_꽃_04,생화 가게,생활서비스 중 '꽃'을 판매·제공하는 매장,val,꽃,T2 동의어,ef6221e3-3811-47ca-84e1-83a5117d248a,서울화원,생화,천안역전시장(구 천안역공설시장),전통시장,충청남도,,,
cef09faa02e98c4ab273,full_annotation_v1,A,q_꽃_04,생화 가게,생활서비스 중 '꽃'을 판매·제공하는 매장,val,꽃,T2 동의어,bca2f85a-b3d3-49fa-99c7-e4dd61b4bb9d,행복꽃집,생화,봉덕신시장,전통시장,대구광역시,,,
f5cf526613b86cef7d4e,full_annotation_v1,A,q_꽃_04,생화 가게,생활서비스 중 '꽃'을 판매·제공하는 매장,val,꽃,T2 동의어,96b5044c-7637-4aa5-9757-ca450d16cddd,명연꽃집,생화,영신상가,전통시장,서울특별시,,,
a3fa93329952f9297e25,full_annotation_v1,A,q_꽃_04,생화 가게,생활서비스 중 '꽃'을 판매·제공하는 매장,val,꽃,T2 동의어,852d020b-e1be-4d1e-801e-f68e7646aa0b,서울화원,생화,백년소상공인,기타,충청북도,,,
fdbbfc07394dc44ca7df,full_annotation_v1,A,q_꽃_04,생화 가게,생활서비스 중 '꽃'을 판매·제공하는 매장,val,꽃,T2 동의어,0393ce95-3e7d-4bb5-8ad3-e5da1199e516,꽃사랑화원,화원,남해 명품화전길 골목형상점가,골목형상점가,경상남도,,,
715481b97e90a242ef55,full_annotation_v1,A,q_꽃_04,생화 가게,생활서비스 중 '꽃'을 판매·제공하는 매장,val,꽃,T2 동의어,526f4972-b9dc-4094-b5da-6d8090076e1d,화소림,생화,둔산꽃길 골목형상점가,골목형상점가,대전광역시,,,
2cbccb6e1d6982e523b9,full_annotation_v1,A,q_꽃_04,생화 가게,생활서비스 중 '꽃'을 판매·제공하는 매장,val,꽃,T2 동의어,f1aaa72e-df72-417e-82bd-4b63d96fcd1c,금빛화원,생화,온택트 괴정스마트 상권활성화구역,상권활성화구역,부산광역시,,,
8aef6ce5d595634abdf4,full_annotation_v1,A,q_꽃_04,생화 가게,생활서비스 중 '꽃'을 판매·제공하는 매장,val,꽃,T2 동의어,bd77ab23-18d2-46a1-8289-eb65f2363e8e,해리소재,생화,남대문시장,전통시장,서울특별시,,,
cdc9ef71d72dc7d85483,full_annotation_v1,A,q_꽃_04,생화 가게,생활서비스 중 '꽃'을 판매·제공하는 매장,val,꽃,T2 동의어,0e5a591b-cc1f-4529-9593-c68d305729a6,꼬슬란꽃집,소매(화원),가평잣고을시장,전통시장,경기도,,,
399ca54b5b42b30bc96a,full_annotation_v1,A,q_꽃_04,생화 가게,생활서비스 중 '꽃'을 판매·제공하는 매장,val,꽃,T2 동의어,a1de7805-2c26-4e64-b7bf-4ac8bf1662e0,푸른화원,생화,양양로 골목형상점가,골목형상점가,강원특별자치도,,,
b80da289d88a9ea6b9c9,full_annotation_v1,A,q_꽃_04,생화 가게,생활서비스 중 '꽃'을 판매·제공하는 매장,val,꽃,T2 동의어,82fe3969-3c88-4866-9a50-3c8976724828,들에핀꽃,생화,전주송천동골목형상점가,골목형상점가,전북특별자치도,,,
0341896f96ae9bfa6923,full_annotation_v1,A,q_꽃_04,생화 가게,생활서비스 중 '꽃'을 판매·제공하는 매장,val,꽃,T2 동의어,68900737-c800-458e-8c7c-9a1cddf8d4f5,신토불이떡집,떡,탄방동7번길 상인회,골목형상점가,대전광역시,,,
9dfb786362f9b9505913,full_annotation_v1,A,q_꽃_04,생화 가게,생활서비스 중 '꽃'을 판매·제공하는 매장,val,꽃,T2 동의어,0f2c24e0-9c57-4275-b67b-d6236b056254,소리사랑음악사,음반,우치서하로 골목형상점가,골목형상점가,광주광역시,,,
c29b28525896ac644c11,full_annotation_v1,A,q_꽃_04,생화 가게,생활서비스 중 '꽃'을 판매·제공하는 매장,val,꽃,T2 동의어,16957e71-5a95-492b-bf75-815e56cb2685,꽃의낙원,생화,약수시장골목형상점가,골목형상점가,서울특별시,,,
e7ccdeb27bad0718797c,full_annotation_v1,A,q_꽃_04,생화 가게,생활서비스 중 '꽃'을 판매·제공하는 매장,val,꽃,T2 동의어,09c8f667-54f0-4904-a60b-a025b5a48c50,기쁨샘,생화,남대문시장,전통시장,서울특별시,,,
0edc115c991897a03779,full_annotation_v1,A,q_꽃_04,생화 가게,생활서비스 중 '꽃'을 판매·제공하는 매장,val,꽃,T2 동의어,0087b08e-75d9-4580-98ee-b89a11922c32,전광화원,,장흥시장 골목형상점가,골목형상점가,,,,
94251923bd40b2d4e320,full_annotation_v1,A,q_꽃_04,생화 가게,생활서비스 중 '꽃'을 판매·제공하는 매장,val,꽃,T2 동의어,94019ef1-8bfc-45ea-b8be-7e8b0c7b7b35,남경회수산,"활어회포장, 배달",원대신시장,전통시장,대구광역시,,,
85d1ab967bdff7424b76,full_annotation_v1,A,q_꽃_04,생화 가게,생활서비스 중 '꽃'을 판매·제공하는 매장,val,꽃,T2 동의어,00b20e6f-4b2f-410f-984c-b6a206704138,나리화원.꽃,,승달 골목형상점가,골목형상점가,,,,
b68ede0d9b9cc52f01e1,full_annotation_v1,A,q_꽃_04,생화 가게,생활서비스 중 '꽃'을 판매·제공하는 매장,val,꽃,T2 동의어,38e277c7-2df1-4eb6-8ea6-2e802481eb45,수선화,생화,학동 남문로 골목형상점가,골목형상점가,광주광역시,,,
fab1c47ff06d621ab6ee,full_annotation_v1,A,q_꽃_04,생화 가게,생활서비스 중 '꽃'을 판매·제공하는 매장,val,꽃,T2 동의어,196142aa-e94d-4f68-ad52-a9f7454123a9,화니플라워,생화,동화동골목형상가,골목형상점가,서울특별시,,,
760b01cdf504ade59666,full_annotation_v1,A,q_꽃_04,생화 가게,생활서비스 중 '꽃'을 판매·제공하는 매장,val,꽃,T2 동의어,c76ecedf-f03e-4f9f-a96a-8fc1f95e8fd0,수담플라워,생화,가재마을 골목형상점가,골목형상점가,세종특별자치시,,,
dc8e0b13769d177775c4,full_annotation_v1,A,q_꽃_04,생화 가게,생활서비스 중 '꽃'을 판매·제공하는 매장,val,꽃,T2 동의어,055a5292-5619-4ef0-a8fa-36b412d0675e,명지플라워,생화,남대문시장,전통시장,서울특별시,,,
98e14b881df21e8e93d6,full_annotation_v1,A,q_꽃_04,생화 가게,생활서비스 중 '꽃'을 판매·제공하는 매장,val,꽃,T2 동의어,066a65ee-fe0b-442c-a440-4ce37e296082,화인꽃방,생화조화,김해 동상전통시장,전통시장,경상남도,,,
84f9ddd12babf1ca320f,full_annotation_v1,A,q_꽃_04,생화 가게,생활서비스 중 '꽃'을 판매·제공하는 매장,val,꽃,T2 동의어,091b1d69-d4e3-4d8c-9000-1d40f95f50e9,은자씨 플라워,화환,부티크타운 골목형 상점가,골목형상점가,충청남도,,,
029858b9de83ec3f542b,full_annotation_v1,A,q_꽃_04,생화 가게,생활서비스 중 '꽃'을 판매·제공하는 매장,val,꽃,T2 동의어,a077d0a0-2aef-4689-b968-cea99be4a1d4,자연,생화,삼각동 골목형상점가,골목형상점가,광주광역시,,,
614d7fc82792321d39d1,full_annotation_v1,A,q_꽃_04,생화 가게,생활서비스 중 '꽃'을 판매·제공하는 매장,val,꽃,T2 동의어,b718189d-1d95-4aa1-bbcd-d67fadacbc83,경북꽃집,생화,양정시장,전통시장,부산광역시,,,
2d0dde4e1ec6f04cb4e2,full_annotation_v1,A,q_꽃_04,생화 가게,생활서비스 중 '꽃'을 판매·제공하는 매장,val,꽃,T2 동의어,b6dd669c-dd1c-4a99-af83-26d34064db97,필꽃집,생화,상인영남화성시장,전통시장,대구광역시,,,
2538e9937d1ed2e2e0aa,full_annotation_v1,A,q_꽃_04,생화 가게,생활서비스 중 '꽃'을 판매·제공하는 매장,val,꽃,T2 동의어,6e60fbfc-4128-4034-9373-379e27aab5dc,미니센트,생화,정부청사 골목형상점가,골목형상점가,광주광역시,,,
f4a1cf8ce502b34ae375,full_annotation_v1,A,q_꽃_04,생화 가게,생활서비스 중 '꽃'을 판매·제공하는 매장,val,꽃,T2 동의어,185e630e-7590-4f3b-91c6-8c084194f803,하나플라워,생화,신성전통시장,전통시장,서울특별시,,,
8481e09af3012ecd27cc,full_annotation_v1,A,q_꽃_04,생화 가게,생활서비스 중 '꽃'을 판매·제공하는 매장,val,꽃,T2 동의어,9afdf371-e71a-4ff9-9bc8-e80d64be3725,메밀꽃화원,생화,봉평전통시장,전통시장,강원특별자치도,,,
d84f701e1d43e437a074,full_annotation_v1,A,q_꽃_04,생화 가게,생활서비스 중 '꽃'을 판매·제공하는 매장,val,꽃,T2 동의어,48c47d12-58fc-4fdf-b24a-572bdf89b475,아름꽃집,생화,영신상가,전통시장,서울특별시,,,
bca431580de3b7a2f469,full_annotation_v1,A,q_꽃_04,생화 가게,생활서비스 중 '꽃'을 판매·제공하는 매장,val,꽃,T2 동의어,01361075-0980-43ea-8c81-a58d44a604bb,플라워루체,생화,운암북문대로 골목형상점가,골목형상점가,광주광역시,,,
c002a332f9bb87c1dc05,full_annotation_v1,A,q_꽃_04,생화 가게,생활서비스 중 '꽃'을 판매·제공하는 매장,val,꽃,T2 동의어,88497932-355f-472a-bed9-887f48f18430,소프,생화,해방촌 골목형상점가,골목형상점가,서울특별시,,,
f3d2e054b50784b9bb2e,full_annotation_v1,A,q_꽃_04,생화 가게,생활서비스 중 '꽃'을 판매·제공하는 매장,val,꽃,T2 동의어,35a3da05-e782-4a5e-9cc0-b32dadd71932,파보플라워,생화,탕정미래 골목형상점가,골목형상점가,충청남도,,,
7fbf5b5632e62a8f66ea,full_annotation_v1,A,q_꽃_04,생화 가게,생활서비스 중 '꽃'을 판매·제공하는 매장,val,꽃,T2 동의어,04c231bf-d3f7-4202-b3a8-d03eb7531853,실버라인,도소매(조화),고투몰(강남터미널지하도상점가),일반지하상점가,서울특별시,,,
e89cdd8020b3cf82c074,full_annotation_v1,A,q_꽃_04,생화 가게,생활서비스 중 '꽃'을 판매·제공하는 매장,val,꽃,T2 동의어,10e7e9a0-781c-42c3-a0ca-9c4e17f57fbc,꽃동네,생화,둔산꽃길 골목형상점가,골목형상점가,대전광역시,,,
8d8f166cbb7525e75c6b,full_annotation_v1,A,q_꽃_04,생화 가게,생활서비스 중 '꽃'을 판매·제공하는 매장,val,꽃,T2 동의어,001b5693-72ee-4677-9cdb-39117fbc932a,로사리움,꽃,첨단지구 골목형상점가,골목형상점가,광주광역시,,,
db738a8acecf2b85487f,full_annotation_v1,A,q_꽃_04,생화 가게,생활서비스 중 '꽃'을 판매·제공하는 매장,val,꽃,T2 동의어,8ff13037-46a9-4b14-8e21-82c9f6c1a471,꼿밧,생화,중촌동 맞춤거리 상점가,자율상권구역,대전광역시,,,
e2e0775c4640371caed2,full_annotation_v1,A,q_꽃_04,생화 가게,생활서비스 중 '꽃'을 판매·제공하는 매장,val,꽃,T2 동의어,0ae8af14-20bb-4d47-b308-0727627c67dd,홈데코상주장식,"벽지, 장판",이현시장,전통시장,대구광역시,,,
2a3b7e927276c29b3e23,full_annotation_v1,A,q_꽃_04,생화 가게,생활서비스 중 '꽃'을 판매·제공하는 매장,val,꽃,T2 동의어,8d3d8a5f-5f50-49f9-a3f6-2dbfb2828cd4,플라워샵허니비,생화,신아타운,전통시장,서울특별시,,,
e5bfe7b73525fcad772d,full_annotation_v1,A,q_꽃_04,생화 가게,생활서비스 중 '꽃'을 판매·제공하는 매장,val,꽃,T2 동의어,070a949c-b89d-4ccf-8e63-1743372657bf,조경나라,조화,고투몰(강남터미널지하도상점가),일반지하상점가,서울특별시,,,
4fe15bf5022d6312a0d4,full_annotation_v1,A,q_꽃_04,생화 가게,생활서비스 중 '꽃'을 판매·제공하는 매장,val,꽃,T2 동의어,995f7b89-d251-47dc-8579-d9e4b49523ef,일랑일랑,생화,진도 남문로 상권활성화구역,상권활성화구역,전라남도,,,
d07efec6a41c42087763,full_annotation_v1,A,q_꽃_04,생화 가게,생활서비스 중 '꽃'을 판매·제공하는 매장,val,꽃,T2 동의어,791bdc94-2e65-45bb-85c1-5438e9cfa495,로뎀나무,생화,백년소상공인,기타,제주특별자치도,,,
92bf4534a94e49661bc0,full_annotation_v1,A,q_꽃_04,생화 가게,생활서비스 중 '꽃'을 판매·제공하는 매장,val,꽃,T2 동의어,bc945ee0-8490-4738-bf09-473099e44f7e,네일숨,미용업,치평동중흥상가상인회 골목형상점가,골목형상점가,광주광역시,,,
8030117c3d7abf5052d2,full_annotation_v1,A,q_꽃_04,생화 가게,생활서비스 중 '꽃'을 판매·제공하는 매장,val,꽃,T2 동의어,78dd1e5d-e8a3-4cd6-b212-c488dd86a434,진해꽃집,생화,진해중앙시장,전통시장,경상남도,,,
0ddf4a93bf9d1bd2824b,full_annotation_v1,A,q_꽃_04,생화 가게,생활서비스 중 '꽃'을 판매·제공하는 매장,val,꽃,T2 동의어,b2911090-1c12-4790-a449-24c4b68d9e95,한국화원,생화,영신상가,전통시장,서울특별시,,,
7c1bebf0fbf9a202b89e,full_annotation_v1,A,q_꽃_04,생화 가게,생활서비스 중 '꽃'을 판매·제공하는 매장,val,꽃,T2 동의어,2275e28f-e3e4-4b3a-8ade-cfc5d13550ff,아미고,생화,"온양온천시장(온양재래시장, 전통시장)",전통시장,충청남도,,,
f2f062f3bad0655f1778,full_annotation_v1,A,q_꽃_04,생화 가게,생활서비스 중 '꽃'을 판매·제공하는 매장,val,꽃,T2 동의어,ef3d4c0a-feb7-44fe-bbdd-47443b35f13b,꽃드리,생화,광탄전통시장,전통시장,경기도,,,
c36b403a1d3c207327ec,full_annotation_v1,A,q_꽃_04,생화 가게,생활서비스 중 '꽃'을 판매·제공하는 매장,val,꽃,T2 동의어,cdd35578-75ac-4981-bcb3-8d0e17cdd6ea,이연플라워,생화,이천중앙로상가,자율상권구역,경기도,,,
2bc266f19deb0dc12ef5,full_annotation_v1,A,q_꽃_04,생화 가게,생활서비스 중 '꽃'을 판매·제공하는 매장,val,꽃,T2 동의어,5421f17d-f25c-4c6a-a86a-2d99185bcdfb,플라워스토리,생화,부리단길 골목형상점가,골목형상점가,부산광역시,,,
0b597084768b7fab643f,full_annotation_v1,A,q_꽃_04,생화 가게,생활서비스 중 '꽃'을 판매·제공하는 매장,val,꽃,T2 동의어,82abed70-2c6d-43fb-b4fd-384c9c3856cb,튀김나라,한식,무등시장,전통시장,광주광역시,,,
138389184c067706faaf,full_annotation_v1,A,q_꽃_04,생화 가게,생활서비스 중 '꽃'을 판매·제공하는 매장,val,꽃,T2 동의어,8d57fa1e-6915-4c03-bc8e-775cf3addb2f,꽃가게 뜰,생화 및 꽃,두마면 팥거리골목형상점가,골목형상점가,충청남도,,,
4c552caca46ba64c479a,full_annotation_v1,A,q_꽃_04,생화 가게,생활서비스 중 '꽃'을 판매·제공하는 매장,val,꽃,T2 동의어,a385dc0d-a4a8-49c1-9459-00541d2a357f,진플라워,"생화, 관엽, 동양난, 서양난, 화분, 화환, 꽃배달",문화길 골목형상점가,골목형상점가,세종특별자치시,,,
4f5319585442848e0e54,full_annotation_v1,A,q_꽃_04,생화 가게,생활서비스 중 '꽃'을 판매·제공하는 매장,val,꽃,T2 동의어,26a2098d-a278-4009-897b-820a53e3faa7,메리골드,생화,주안역지하도상점가,일반지하상점가,인천광역시,,,
f65491f2fe514fc57ebe,full_annotation_v1,A,q_꽃_04,생화 가게,생활서비스 중 '꽃'을 판매·제공하는 매장,val,꽃,T2 동의어,babdcb82-00c8-4c64-bfe6-42a0c73cc2ed,일리아,생화,BOCA 보카상점가,골목형상점가,경기도,,,
b0c92aa5c4e4c3f1bbe6,full_annotation_v1,A,q_꽃_04,생화 가게,생활서비스 중 '꽃'을 판매·제공하는 매장,val,꽃,T2 동의어,25499cdd-8427-4566-a223-d5fd45aff705,소담꽃,생화,문흥2동 골목형상점가,골목형상점가,광주광역시,,,
45b85bd9415372bfb1ea,full_annotation_v1,A,q_꽃_04,생화 가게,생활서비스 중 '꽃'을 판매·제공하는 매장,val,꽃,T2 동의어,1dcd062f-4fda-4028-98d9-7f32a9887470,수담플라워,생화,부산자유시장,전통시장,부산광역시,,,
2d734b2b113bf2bcf4e3,full_annotation_v1,A,q_꽃_04,생화 가게,생활서비스 중 '꽃'을 판매·제공하는 매장,val,꽃,T2 동의어,046df2a5-89ee-4b7a-8aad-91bdc5272130,향기플라워,,정남진활력의거리 골목형상점가,골목형상점가,,,,
996d9afcb997e34badc4,full_annotation_v1,A,q_꽃_04,생화 가게,생활서비스 중 '꽃'을 판매·제공하는 매장,val,꽃,T2 동의어,193f0a1e-c87b-4765-9f64-3a944b6ed4bc,더플로리움,생화,효천로 골목형상점가,골목형상점가,광주광역시,,,
3631688e3e786924878c,full_annotation_v1,A,q_꽃_04,생화 가게,생활서비스 중 '꽃'을 판매·제공하는 매장,val,꽃,T2 동의어,42a99210-f6d8-42ec-814f-d96e99bb8b3a,수정커텐,커텐 블라인드,부산진시장,전통시장,부산광역시,,,
66ee4008c041a4f2480d,full_annotation_v1,A,q_꽃_04,생화 가게,생활서비스 중 '꽃'을 판매·제공하는 매장,val,꽃,T2 동의어,a936f2f5-32ba-4870-9cb5-5fcd9ff7458b,첨단화원,생화,첨단이웃사랑 골목형상점가,골목형상점가,광주광역시,,,
4be7a8e5f49e7a7e501f,full_annotation_v1,A,q_꽃_04,생화 가게,생활서비스 중 '꽃'을 판매·제공하는 매장,val,꽃,T2 동의어,139f6d68-83b9-40cc-8339-120b154b8714,이딜리크,꽃집,월평1동 상인연합회,골목형상점가,대전광역시,,,
c18528f7fba5c848fc9e,full_annotation_v1,A,q_꽃_04,생화 가게,생활서비스 중 '꽃'을 판매·제공하는 매장,val,꽃,T2 동의어,02b04299-d64f-4c59-b73c-487d485fff0f,속초꽃집 화사랑플라워,,청학사거리 골목형상점가,골목형상점가,강원특별자치도,,,
b4f515c3d2c8c14e7f21,full_annotation_v1,A,q_꽃_04,생화 가게,생활서비스 중 '꽃'을 판매·제공하는 매장,val,꽃,T2 동의어,2db3d1cd-df05-4f7b-9e1c-dc4244ad407c,꽃빛,생화,화동길상점가,자율상권구역,전북특별자치도,,,
7193141b29df99504b52,full_annotation_v1,A,q_꽃_04,생화 가게,생활서비스 중 '꽃'을 판매·제공하는 매장,val,꽃,T2 동의어,a6b02578-aff3-45ba-88fc-98130cc4f9a9,화인,생화,신설동들락거리,골목형상점가,서울특별시,,,
a792d0deb8e271e3a7c6,full_annotation_v1,A,q_꽃_04,생화 가게,생활서비스 중 '꽃'을 판매·제공하는 매장,val,꽃,T2 동의어,065a7a8c-5299-430a-93b1-257064b5c858,멜리플라워,,의왕가구거리 골목형상점가,골목형상점가,경기도,,,
49bbe0ba2047836a4873,full_annotation_v1,A,q_꽃_04,생화 가게,생활서비스 중 '꽃'을 판매·제공하는 매장,val,꽃,T2 동의어,f44ab6ba-c72a-470a-9322-631beb0431fe,영록화원,생화,중흥청춘로 골목형상점가,골목형상점가,광주광역시,,,
775055f0460bb73a1ca3,full_annotation_v1,A,q_꽃_05,플라워,생활서비스 중 '꽃'을 판매·제공하는 매장,val,꽃,T2 동의어,006964ff-b2f9-421f-8fa7-f87219c26c0a,블리스블룸,생화,BOCA 보카상점가,골목형상점가,경기도,,,
c12d3254ac00d6ff450b,full_annotation_v1,A,q_꽃_05,플라워,생활서비스 중 '꽃'을 판매·제공하는 매장,val,꽃,T2 동의어,01361075-0980-43ea-8c81-a58d44a604bb,플라워루체,생화,운암북문대로 골목형상점가,골목형상점가,광주광역시,,,
9e9292a75c4da1f91e64,full_annotation_v1,A,q_꽃_05,플라워,생활서비스 중 '꽃'을 판매·제공하는 매장,val,꽃,T2 동의어,0087b08e-75d9-4580-98ee-b89a11922c32,전광화원,,장흥시장 골목형상점가,골목형상점가,,,,
f94b99c710d2612cf0de,full_annotation_v1,A,q_꽃_05,플라워,생활서비스 중 '꽃'을 판매·제공하는 매장,val,꽃,T2 동의어,065a7a8c-5299-430a-93b1-257064b5c858,멜리플라워,,의왕가구거리 골목형상점가,골목형상점가,경기도,,,
42de1fa29f4e9daf3db3,full_annotation_v1,A,q_꽃_05,플라워,생활서비스 중 '꽃'을 판매·제공하는 매장,val,꽃,T2 동의어,81de63f2-70c5-4ac4-9b86-8c0656788b9e,모어댄 플라워,생화,"지웰시티몰 1,2단지 골목형상점가",골목형상점가,충청남도,,,
729cbc2f2801ed8c8408,full_annotation_v1,A,q_꽃_05,플라워,생활서비스 중 '꽃'을 판매·제공하는 매장,val,꽃,T2 동의어,a7f9ece6-68d9-4bd0-99b9-60205a0acbec,플라워 현,꽃,고성시장,전통시장,경상남도,,,
aa5a3928807a2ec61372,full_annotation_v1,A,q_꽃_05,플라워,생활서비스 중 '꽃'을 판매·제공하는 매장,val,꽃,T2 동의어,00b13ca2-ef5b-4243-9a38-2de8507a2c21,남촌플라워,생화,용상공설시장,전통시장,경상북도,,,
1a3a5a91524af7157759,full_annotation_v1,A,q_꽃_05,플라워,생활서비스 중 '꽃'을 판매·제공하는 매장,val,꽃,T2 동의어,724c2f0c-e7db-4a66-8c3a-810561c58de6,모든자전거,자전거,매곡에뜰 골목형상점가,골목형상점가,울산광역시,,,
29fd698aa7ab74aebb2b,full_annotation_v1,A,q_꽃_05,플라워,생활서비스 중 '꽃'을 판매·제공하는 매장,val,꽃,T2 동의어,00b610a8-8a8a-4c5e-9e0b-cba5e4d22c93,에덴꽃화원,꽃,태화시장,전통시장,울산광역시,,,
34db8c73e8be1c9ab68b,full_annotation_v1,A,q_꽃_05,플라워,생활서비스 중 '꽃'을 판매·제공하는 매장,val,꽃,T2 동의어,e6f37e5b-8a2c-4d7b-bca0-dfd02b450d3c,꽃나라 플라워,꽃화훼,오케이 양산동 골목형상점가,골목형상점가,광주광역시,,,
025dc51da31ce000cbba,full_annotation_v1,A,q_꽃_05,플라워,생활서비스 중 '꽃'을 판매·제공하는 매장,val,꽃,T2 동의어,2362f010-47d8-4b80-86ab-3712b8b24844,보볼리 플라워,생화,카림애비뉴애 골목형상점가,골목형상점가,세종특별자치시,,,
fa52ce8c455afe4f128c,full_annotation_v1,A,q_꽃_05,플라워,생활서비스 중 '꽃'을 판매·제공하는 매장,val,꽃,T2 동의어,95c9dc50-a5a8-4057-afa0-065a7ae5b261,플라워,,파워존 골목형상점가,골목형상점가,대전광역시,,,
67a613ceabf1fd0f9bb4,full_annotation_v1,A,q_꽃_05,플라워,생활서비스 중 '꽃'을 판매·제공하는 매장,val,꽃,T2 동의어,066a65ee-fe0b-442c-a440-4ce37e296082,화인꽃방,생화조화,김해 동상전통시장,전통시장,경상남도,,,
7b81410c24321b3b39f2,full_annotation_v1,A,q_꽃_05,플라워,생활서비스 중 '꽃'을 판매·제공하는 매장,val,꽃,T2 동의어,01b50703-620e-4976-9b84-a03f2ba9bdcf,메르세드플라워,,관저상가 골목형상점가,골목형상점가,대전광역시,,,
0845d6b780aca3d4edc7,full_annotation_v1,A,q_꽃_05,플라워,생활서비스 중 '꽃'을 판매·제공하는 매장,val,꽃,T2 동의어,3a96e14b-0821-4f4d-8a45-32283148ff2a,홈타운,침구류,태백마루 자율상권,,강원특별자치도,,,
5143f948916bbb89f200,full_annotation_v1,A,q_꽃_05,플라워,생활서비스 중 '꽃'을 판매·제공하는 매장,val,꽃,T2 동의어,df31dd44-8488-4c6d-948c-11e641773681,창민축산,고기,마산어시장,전통시장,경상남도,,,
36030970f0f646ab7101,full_annotation_v1,A,q_꽃_05,플라워,생활서비스 중 '꽃'을 판매·제공하는 매장,val,꽃,T2 동의어,91fd15d9-58dc-456a-b53c-600cc25355f2,로지 플라워,화훼,첨단쌍이 골목형상점가,골목형상점가,광주광역시,,,
fe79d1ee3b1f9a77600b,full_annotation_v1,A,q_꽃_05,플라워,생활서비스 중 '꽃'을 판매·제공하는 매장,val,꽃,T2 동의어,fc97bbfc-23ad-42a4-80c7-c439380c7547,센텀 퀸 플라워,꽃,수비벡스코 골목형상점가,골목형상점가,부산광역시,,,
114d8766b7f186de1757,full_annotation_v1,A,q_꽃_05,플라워,생활서비스 중 '꽃'을 판매·제공하는 매장,val,꽃,T2 동의어,7b58be76-4a6e-4b6b-9f95-6cd68bec6e66,상무1483,한식,마륵동상인회 골목형상점가,골목형상점가,광주광역시,,,
f0640474d62ca8c10e2c,full_annotation_v1,A,q_꽃_05,플라워,생활서비스 중 '꽃'을 판매·제공하는 매장,val,꽃,T2 동의어,dcb8d3d6-4d9a-4a01-b99e-aca4fa00b908,토보 플라워,생화,풍암신암상인회 골목형상점가,골목형상점가,광주광역시,,,
41b8b33626b407ba4942,full_annotation_v1,A,q_꽃_05,플라워,생활서비스 중 '꽃'을 판매·제공하는 매장,val,꽃,T2 동의어,ba2b2133-5fdd-434b-9114-600925626ee6,모모한우진갈비 울산매곡점,한우,매곡에뜰 골목형상점가,골목형상점가,울산광역시,,,
40031be5f9ed2170a89b,full_annotation_v1,A,q_꽃_05,플라워,생활서비스 중 '꽃'을 판매·제공하는 매장,val,꽃,T2 동의어,a385dc0d-a4a8-49c1-9459-00541d2a357f,진플라워,"생화, 관엽, 동양난, 서양난, 화분, 화환, 꽃배달",문화길 골목형상점가,골목형상점가,세종특별자치시,,,
58117a8f580323cc2b46,full_annotation_v1,A,q_꽃_05,플라워,생활서비스 중 '꽃'을 판매·제공하는 매장,val,꽃,T2 동의어,75a152c4-e8db-451e-a08b-7e6faed25e27,록옵티컬안경원,안경,한양대앞상점가,자율상권구역,서울특별시,,,
06b33c5785769b97d92b,full_annotation_v1,A,q_꽃_05,플라워,생활서비스 중 '꽃'을 판매·제공하는 매장,val,꽃,T2 동의어,04b1ff99-e4e2-47bb-bcae-f7079bd73cae,삼성꽃집,조화,포항죽도시장,전통시장,경상북도,,,
c089cec7fdc4c8c5d6af,full_annotation_v1,A,q_꽃_05,플라워,생활서비스 중 '꽃'을 판매·제공하는 매장,val,꽃,T2 동의어,b8402b51-6db8-4fa2-aafa-8fa29d10f7a7,꽃소식 플라워,생화,둔산꽃길 골목형상점가,골목형상점가,대전광역시,,,
ae196a69a952d01237d0,full_annotation_v1,A,q_꽃_05,플라워,생활서비스 중 '꽃'을 판매·제공하는 매장,val,꽃,T2 동의어,8fb9ad83-d563-4f05-948e-29564d29082d,플라워 비,꽃,포항 대이상가 골목형상점가,골목형상점가,경상북도,,,
b9253f05c2a533bd0e2c,full_annotation_v1,A,q_꽃_05,플라워,생활서비스 중 '꽃'을 판매·제공하는 매장,val,꽃,T2 동의어,2fd6db16-8b47-41d4-b6d9-a1cc57c25343,미리내flowershop,"생화, 조화, 화분, 화환",인동중앙상점가,골목형상점가,경상북도,,,
d6e5da56ab304897b972,full_annotation_v1,A,q_꽃_05,플라워,생활서비스 중 '꽃'을 판매·제공하는 매장,val,꽃,T2 동의어,c19036a9-fde3-495f-adc2-2142e3ba75e6,유토피아 플라워,꽃집,농성누리상인회 골목형상점가,골목형상점가,광주광역시,,,
c8faffeb863c3ed35c30,full_annotation_v1,A,q_꽃_05,플라워,생활서비스 중 '꽃'을 판매·제공하는 매장,val,꽃,T2 동의어,b071d0d4-71b6-48cf-95a4-f0d39ce72c34,희 플라워 데코,생화,용봉지구 골목형상점가,골목형상점가,광주광역시,,,
062ebe1ea1e6c471777e,full_annotation_v1,A,q_꽃_05,플라워,생활서비스 중 '꽃'을 판매·제공하는 매장,val,꽃,T2 동의어,00afc023-f2e3-417c-b675-42c0a2f682ac,경영꽃집,꽃,유성구암 골목형상점가,골목형상점가,대전광역시,,,
0d8a5cd931a6fa816449,full_annotation_v1,A,q_꽃_05,플라워,생활서비스 중 '꽃'을 판매·제공하는 매장,val,꽃,T2 동의어,35146b8c-9ab5-48d8-98cb-bb5aab5b2b0b,플라워,의류,진주 중앙상점가,자율상권구역,경상남도,,,
09db9c9a154b590c9511,full_annotation_v1,A,q_꽃_05,플라워,생활서비스 중 '꽃'을 판매·제공하는 매장,val,꽃,T2 동의어,26e79f1d-0134-48e0-80b2-ca73c950c6a1,더 피올라 플라워,,수송제일 골목형상점가,골목형상점가,전북특별자치도,,,
50b89043e8bb5e92963c,full_annotation_v1,A,q_꽃_05,플라워,생활서비스 중 '꽃'을 판매·제공하는 매장,val,꽃,T2 동의어,6b0196ac-5200-4fa0-b3fb-e226fb775cb9,윤플라워,,낭주골 골목형상점가,골목형상점가,전북특별자치도,,,
0df9b1e4a082fc6c8cd2,full_annotation_v1,A,q_꽃_05,플라워,생활서비스 중 '꽃'을 판매·제공하는 매장,val,꽃,T2 동의어,0fdda0b6-8af0-4e6d-9574-2a8b043c0bc0,이플,"꽃집, 꽃배달",담양중앙2번가 골목형상점가,골목형상점가,전라남도,,,
a5acfa1ebbe8242e0e06,full_annotation_v1,A,q_꽃_05,플라워,생활서비스 중 '꽃'을 판매·제공하는 매장,val,꽃,T2 동의어,03de55fd-e04d-4c83-861f-72bd167d8afc,드레스플라워,,대봉모리 골목형상점가,골목형상점가,대구광역시,,,
cf884d4956585582142d,full_annotation_v1,A,q_꽃_05,플라워,생활서비스 중 '꽃'을 판매·제공하는 매장,val,꽃,T2 동의어,dd4e9478-d7db-4974-a7e4-349d3d267669,형님수산,선어,청량리수산시장,전통시장,서울특별시,,,
2b3e25a302b2b7117e65,full_annotation_v1,A,q_꽃_05,플라워,생활서비스 중 '꽃'을 판매·제공하는 매장,val,꽃,T2 동의어,3e857b40-4d80-4208-bf99-cc7c7a05c318,기쁨 플라워,,사동로 골목형상점가,골목형상점가,,,,
040dd6430ebf09b61ff2,full_annotation_v1,A,q_꽃_05,플라워,생활서비스 중 '꽃'을 판매·제공하는 매장,val,꽃,T2 동의어,11ae1152-e3fa-465f-9c92-c5e0d8af7d53,다농 플라워,생화,안산다농마트전통시장,전통시장,경기도,,,
436a833fe306af322452,full_annotation_v1,A,q_꽃_05,플라워,생활서비스 중 '꽃'을 판매·제공하는 매장,val,꽃,T2 동의어,3904203a-e9aa-4dfc-a40e-89571839ea06,가토주니,제과 플라워,청주시 소나무길 일원 자율상권구역,상권활성화구역,충청북도,,,
c8fdafe1463a91900ebd,full_annotation_v1,A,q_꽃_05,플라워,생활서비스 중 '꽃'을 판매·제공하는 매장,val,꽃,T2 동의어,2bccaa6c-84db-4d5f-97c1-f39d0da5e59d,이 플라워 디자인,꽃,남문로 어울림 골목 골목형상점가,골목형상점가,광주광역시,,,
3429ececc797419973bb,full_annotation_v1,A,q_꽃_05,플라워,생활서비스 중 '꽃'을 판매·제공하는 매장,val,꽃,T2 동의어,00046925-dcb7-4796-8c1e-0de154aa3825,가든꽃화원,생화,전주풍남문상점가,자율상권구역,전북특별자치도,,,
f57917236790e1fd2637,full_annotation_v1,A,q_꽃_05,플라워,생활서비스 중 '꽃'을 판매·제공하는 매장,val,꽃,T2 동의어,31755216-1952-443d-88f1-160604af9477,곤지암할매소머리국밥,소머리국밥,태백마루 자율상권,,강원특별자치도,,,
5b0ac42e49f4a93d03f0,full_annotation_v1,A,q_꽃_05,플라워,생활서비스 중 '꽃'을 판매·제공하는 매장,val,꽃,T2 동의어,3e7577ea-bc74-467a-877c-25a62f5d184f,J-플라워,생화,나성동 국세청 골목형상점가,골목형상점가,세종특별자치시,,,
3b11d189aea11dd4a255,full_annotation_v1,A,q_꽃_05,플라워,생활서비스 중 '꽃'을 판매·제공하는 매장,val,꽃,T2 동의어,cf3f25d4-b24f-4665-a5ea-13a15974d898,오오플라워,화환,삼각지맛길 골목형상점가,골목형상점가,대구광역시,,,
cd5f5e4139e7aca8a946,full_annotation_v1,A,q_꽃_05,플라워,생활서비스 중 '꽃'을 판매·제공하는 매장,val,꽃,T2 동의어,0dc54a43-0aee-4fcb-939d-b0f59e5b1b25,금원꽃집,,송강동 골목형상점가,골목형상점가,대전광역시,,,
3d76dd23cc3c3f79bf21,full_annotation_v1,A,q_꽃_05,플라워,생활서비스 중 '꽃'을 판매·제공하는 매장,val,꽃,T2 동의어,3edc4077-4818-4a79-80c8-d070b1feed36,메이블루 플라워,생화꽃공예,양림천변좌로 골목형상점가,골목형상점가,광주광역시,,,
8f72e957169090be84d4,full_annotation_v1,A,q_꽃_05,플라워,생활서비스 중 '꽃'을 판매·제공하는 매장,val,꽃,T2 동의어,00b20e6f-4b2f-410f-984c-b6a206704138,나리화원.꽃,,승달 골목형상점가,골목형상점가,,,,
c6d736bfd65040a4ea72,full_annotation_v1,A,q_꽃_05,플라워,생활서비스 중 '꽃'을 판매·제공하는 매장,val,꽃,T2 동의어,0043469e-66b6-48d0-b7a9-d87c0887cf59,꽃이예쁜집,꽃,장동앞길 골목형상점가,골목형상점가,광주광역시,,,
29f8932c591ebe2f5e03,full_annotation_v1,A,q_꽃_05,플라워,생활서비스 중 '꽃'을 판매·제공하는 매장,val,꽃,T2 동의어,f46520bd-209f-48be-a31e-523ad8c9554a,젤루야 플라워,생화,순헌황귀비길 골목형상점가,골목형상점가,서울특별시,,,
dec1d32ad353c1000f8b,full_annotation_v1,A,q_꽃_05,플라워,생활서비스 중 '꽃'을 판매·제공하는 매장,val,꽃,T2 동의어,091b1d69-d4e3-4d8c-9000-1d40f95f50e9,은자씨 플라워,화환,부티크타운 골목형 상점가,골목형상점가,충청남도,,,
f1a391dfe593b6bc3ace,full_annotation_v1,A,q_꽃_05,플라워,생활서비스 중 '꽃'을 판매·제공하는 매장,val,꽃,T2 동의어,c0332f0e-c642-4819-94fc-39c7108ad0eb,플라워 웍스,제과,인후동1가 골목형상점가,골목형상점가,전북특별자치도,,,
b640c93f3775d629102c,full_annotation_v1,A,q_꽃_05,플라워,생활서비스 중 '꽃'을 판매·제공하는 매장,val,꽃,T2 동의어,29bfeaec-507b-4b0e-871e-5ecd4303691f,아밀리에 플라워,화훼,송도 아트포레 판매시설 골목형상점가,골목형상점가,인천광역시,,,
0f897b37ba6e93775f32,full_annotation_v1,A,q_꽃_05,플라워,생활서비스 중 '꽃'을 판매·제공하는 매장,val,꽃,T2 동의어,d3622471-9ce4-43aa-b7bb-16862ca82e04,그린리 플라워,,배방세교 골목형상점가,골목형상점가,충청남도,,,
ec8918fb8e73613910f0,full_annotation_v1,A,q_꽃_05,플라워,생활서비스 중 '꽃'을 판매·제공하는 매장,val,꽃,T2 동의어,012ed1bc-d2d6-4dad-8b36-6ad33d367ab2,24시꽃집럭키플라워송도점,생화 식물,송도랜드마크시티 센트럴더샵 골목형상점가,골목형상점가,인천광역시,,,
de0043f06fa77bdcbf60,full_annotation_v1,A,q_꽃_05,플라워,생활서비스 중 '꽃'을 판매·제공하는 매장,val,꽃,T2 동의어,001b5693-72ee-4677-9cdb-39117fbc932a,로사리움,꽃,첨단지구 골목형상점가,골목형상점가,광주광역시,,,
d19a552a124893ced4a4,full_annotation_v1,A,q_꽃_05,플라워,생활서비스 중 '꽃'을 판매·제공하는 매장,val,꽃,T2 동의어,706a4ec5-c734-4e24-b6d0-96e49b3a0770,1st마메종,두발,화정꽃마을상인회 골목형상점가,골목형상점가,광주광역시,,,
97e45d3dd2923c210130,full_annotation_v1,A,q_꽃_05,플라워,생활서비스 중 '꽃'을 판매·제공하는 매장,val,꽃,T2 동의어,ad8cbd7d-d2f3-4678-9b5f-040875d925be,파크 플라워,화훼,치평동중흥상가상인회 골목형상점가,골목형상점가,광주광역시,,,
c7670a635667fca97f29,full_annotation_v1,A,q_꽃_05,플라워,생활서비스 중 '꽃'을 판매·제공하는 매장,val,꽃,T2 동의어,359df784-64ca-44d9-843d-119b126f095a,서산헬퍼,배달,서산동부전통시장,전통시장,충청남도,,,
219ceac42c48df7282ae,full_annotation_v1,A,q_꽃_05,플라워,생활서비스 중 '꽃'을 판매·제공하는 매장,val,꽃,T2 동의어,0e5a591b-cc1f-4529-9593-c68d305729a6,꼬슬란꽃집,소매(화원),가평잣고을시장,전통시장,경기도,,,
fefb0fb9fe9b4dff2b36,full_annotation_v1,A,q_꽃_05,플라워,생활서비스 중 '꽃'을 판매·제공하는 매장,val,꽃,T2 동의어,f0e5f1b6-4820-4e37-8956-021a995d02b7,오명옥 플라워,생화,풍암신암상인회 골목형상점가,골목형상점가,광주광역시,,,
fbf024abd37b6b1cea14,full_annotation_v1,A,q_꽃_05,플라워,생활서비스 중 '꽃'을 판매·제공하는 매장,val,꽃,T2 동의어,04c231bf-d3f7-4202-b3a8-d03eb7531853,실버라인,도소매(조화),고투몰(강남터미널지하도상점가),일반지하상점가,서울특별시,,,
80f126503c35ae1a1813,full_annotation_v1,A,q_꽃_05,플라워,생활서비스 중 '꽃'을 판매·제공하는 매장,val,꽃,T2 동의어,88854b80-1b0f-43ac-a245-fcc1a9817086,플라워팜,,관음동화골목형상점가,골목형상점가,대구광역시,,,
74c584c9cd3edbd830dc,full_annotation_v1,A,q_꽃_05,플라워,생활서비스 중 '꽃'을 판매·제공하는 매장,val,꽃,T2 동의어,ec677e1a-a107-4bac-9c2f-d2d122b5ad8a,"우보, 플라워 마켓",생화,반드레길골목형상점가,골목형상점가,서울특별시,,,
956936033426f7c9e7fa,full_annotation_v1,A,q_꽃_05,플라워,생활서비스 중 '꽃'을 판매·제공하는 매장,val,꽃,T2 동의어,38d62a3e-e834-44c3-852f-cdb356cf9d27,스위티 플라워,,금곡 골목형상점가,골목형상점가,경기도,,,
efc772fc9d347f34dbf7,full_annotation_v1,A,q_꽃_05,플라워,생활서비스 중 '꽃'을 판매·제공하는 매장,val,꽃,T2 동의어,dae6633c-aa8c-465a-a073-e1ac75d74594,플라워,의류,동산상가,전통시장,대구광역시,,,
656320a9af0bffdc117d,full_annotation_v1,A,q_꽃_05,플라워,생활서비스 중 '꽃'을 판매·제공하는 매장,val,꽃,T2 동의어,c89eec77-69c2-4105-aafb-be9a51f2ae7c,플라워화장품,,풍납시장,전통시장,서울특별시,,,
8bc379252aa9590b64a4,full_annotation_v1,A,q_꽃_05,플라워,생활서비스 중 '꽃'을 판매·제공하는 매장,val,꽃,T2 동의어,6a1944e1-ddd3-43c5-8ade-1005036c810c,수 플라워,화초,법원단지길골목형상점가,골목형상점가,서울특별시,,,
c2bf6e7d30da4c7fbb34,full_annotation_v1,A,q_꽃_05,플라워,생활서비스 중 '꽃'을 판매·제공하는 매장,val,꽃,T2 동의어,c0f52376-43e6-4278-9c1f-df11f70da064,트위티 플라워,꽃 식물,전주혁신사랑 골목형상점가,골목형상점가,전북특별자치도,,,
cfb166e423960c610238,full_annotation_v1,A,q_꽃_05,플라워,생활서비스 중 '꽃'을 판매·제공하는 매장,val,꽃,T2 동의어,1b73fbf9-48f2-4933-b211-fcd5052dc70e,아리랑도가니탕,음식점업(한식),권선종합시장,전통시장,경기도,,,
30a6b5c7516ad81495c9,full_annotation_v1,A,q_꽃_05,플라워,생활서비스 중 '꽃'을 판매·제공하는 매장,val,꽃,T2 동의어,f7d13352-6ecd-4bd6-a7cf-5f1944b7adf3,예담 플라워,,승달 골목형상점가,골목형상점가,,,,
3708799b81906dc3142e,full_annotation_v1,A,q_꽃_05,플라워,생활서비스 중 '꽃'을 판매·제공하는 매장,val,꽃,T2 동의어,0393ce95-3e7d-4bb5-8ad3-e5da1199e516,꽃사랑화원,화원,남해 명품화전길 골목형상점가,골목형상점가,경상남도,,,
24b2a8cafe9dda673784,full_annotation_v1,A,q_꽃_05,플라워,생활서비스 중 '꽃'을 판매·제공하는 매장,val,꽃,T2 동의어,186dc6aa-3405-48d6-83b5-e5d794b2bd7d,꽃뜨락 플라워,생화,화정로상인회 골목형상점가,골목형상점가,광주광역시,,,
b052b0d17cf1959c3745,full_annotation_v1,A,q_꽃_05,플라워,생활서비스 중 '꽃'을 판매·제공하는 매장,val,꽃,T2 동의어,fba2de74-75f0-46b9-a95a-112ee7499d82,아담플라워,화환,월곡달빛오거리골목형상점가,골목형상점가,서울특별시,,,
ac9558f71cb96401da27,full_annotation_v1,A,q_꽃_05,플라워,생활서비스 중 '꽃'을 판매·제공하는 매장,val,꽃,T2 동의어,94019ef1-8bfc-45ea-b8be-7e8b0c7b7b35,남경회수산,"활어회포장, 배달",원대신시장,전통시장,대구광역시,,,
28a4ac9fbcda5088e9de,full_annotation_v1,A,q_꽃_05,플라워,생활서비스 중 '꽃'을 판매·제공하는 매장,val,꽃,T2 동의어,010fea22-a965-4d8e-a805-083042a361ec,니어앤디어Cafe,꽃,상주중앙시장,전통시장,경상북도,,,
30ab21ed418affd89b72,full_annotation_v1,A,q_꽃_05,플라워,생활서비스 중 '꽃'을 판매·제공하는 매장,val,꽃,T2 동의어,695a67bc-1b8c-43f9-9c58-652a080bb871,엘플라워,,안흥초교 사거리 골목형상점가,골목형상점가,경기도,,,
07ff73cd5c734a3cfc36,full_annotation_v1,A,q_꽃_05,플라워,생활서비스 중 '꽃'을 판매·제공하는 매장,val,꽃,T2 동의어,1dda6879-a380-4c18-804f-0fe4990e6846,주물럭꼼장어,한식,한양대앞상점가,자율상권구역,서울특별시,,,
b65e09c3734ae489f8ed,full_annotation_v1,A,q_꽃_05,플라워,생활서비스 중 '꽃'을 판매·제공하는 매장,val,꽃,T2 동의어,205f8e5f-1c37-4a40-865b-36a6bd6aa4b5,디아네몬 플라워,화초,권율 골목형상점가,골목형상점가,경기도,,,
54c5281fd5203c7b0fe1,full_annotation_v1,A,q_꽃_05,플라워,생활서비스 중 '꽃'을 판매·제공하는 매장,val,꽃,T2 동의어,01d1c245-a6a7-441a-8977-85303f01e56e,인플라워,생화,유성도안 골목형상점가,골목형상점가,대전광역시,,,
95855ee030d23110a258,full_annotation_v1,A,q_꽃_05,플라워,생활서비스 중 '꽃'을 판매·제공하는 매장,val,꽃,T2 동의어,b11cead1-591f-4c25-974e-2f279d48a215,플라워,외의,단양구경시장(단양인정시장),전통시장,충청북도,,,
eb519e9d19dd246e0c61,full_annotation_v1,A,q_꽃_05,플라워,생활서비스 중 '꽃'을 판매·제공하는 매장,val,꽃,T2 동의어,e249d5a3-2dd0-4d64-b1ac-221d0f81b35d,주식회사 제이골프존파크,스크린골프,나성동 골목형상점가,골목형상점가,세종특별자치시,,,
6265e174a5eef340ba63,full_annotation_v1,A,q_꽃_05,플라워,생활서비스 중 '꽃'을 판매·제공하는 매장,val,꽃,T2 동의어,89c17efa-af0d-4a36-ae38-723c36022559,육담 고기로말하다,한우 한돈,사리골상점가,자율상권구역,경기도,,,
2b5d43ceb73402dec45d,full_annotation_v1,A,q_꽃_05,플라워,생활서비스 중 '꽃'을 판매·제공하는 매장,val,꽃,T2 동의어,070a949c-b89d-4ccf-8e63-1743372657bf,조경나라,조화,고투몰(강남터미널지하도상점가),일반지하상점가,서울특별시,,,
e9a162344e38cae76afb,full_annotation_v1,A,q_꽃_05,플라워,생활서비스 중 '꽃'을 판매·제공하는 매장,val,꽃,T2 동의어,7194bc58-8b0e-46d9-badf-c900c60f759b,수경 플라워,생화,학소로 골목형상점가,골목형상점가,광주광역시,,,
1db216ac318bee22c0dd,full_annotation_v1,A,q_꽃_05,플라워,생활서비스 중 '꽃'을 판매·제공하는 매장,val,꽃,T2 동의어,07e2a120-4803-4634-bd52-ebd7c5433825,슬이네(보떼),조화,고투몰(강남터미널지하도상점가),일반지하상점가,서울특별시,,,
1e8fe6adc8b8ac1ffcab,full_annotation_v1,A,q_꽃_05,플라워,생활서비스 중 '꽃'을 판매·제공하는 매장,val,꽃,T2 동의어,0123cf0c-2929-4bbe-9b13-1354e60a6922,혜오르 플라워(HYEOR FLOWER),생화 및 식물,신창진흥 골목형상점가,골목형상점가,광주광역시,,,
c292f7ba1709becd9c48,full_annotation_v1,A,q_꽃_05,플라워,생활서비스 중 '꽃'을 판매·제공하는 매장,val,꽃,T2 동의어,08b9f9fd-7584-41c1-ba08-8a0cbb126f18,유플라워,꽃집,달서시장,전통시장,대구광역시,,,
03f6772145751a0aa3be,full_annotation_v1,A,q_꽃_05,플라워,생활서비스 중 '꽃'을 판매·제공하는 매장,val,꽃,T2 동의어,42791e04-fb93-4228-a544-4f1e04966823,소누히 플라워,꽃,성덕중사거리,골목형상점가,광주광역시,,,
a228931a4907bb3398ed,full_annotation_v1,A,q_꽃_05,플라워,생활서비스 중 '꽃'을 판매·제공하는 매장,val,꽃,T2 동의어,139f6d68-83b9-40cc-8339-120b154b8714,이딜리크,꽃집,월평1동 상인연합회,골목형상점가,대전광역시,,,
9509de18faa3b796fe7c,full_annotation_v1,A,q_꽃_05,플라워,생활서비스 중 '꽃'을 판매·제공하는 매장,val,꽃,T2 동의어,046df2a5-89ee-4b7a-8aad-91bdc5272130,향기플라워,,정남진활력의거리 골목형상점가,골목형상점가,,,,
6bf2562961e0de4a2aa4,full_annotation_v1,A,q_꽃_05,플라워,생활서비스 중 '꽃'을 판매·제공하는 매장,val,꽃,T2 동의어,99fea5cd-04ba-46c2-bc5f-cdf90bca7fc1,글리밍 플라워,화훼,둔전골목형상점가,골목형상점가,경기도,,,
00418542537d0846771f,full_annotation_v1,A,q_꽃_05,플라워,생활서비스 중 '꽃'을 판매·제공하는 매장,val,꽃,T2 동의어,59c777f7-52c2-4ab1-9f1c-697750ce084b,플라워(FLOWER),의류,부평중앙 지하상가,일반지하상점가,인천광역시,,,
230ac5586a9027394ac2,full_annotation_v1,A,q_꽃_05,플라워,생활서비스 중 '꽃'을 판매·제공하는 매장,val,꽃,T2 동의어,b673ed87-58db-4d09-be60-f04dbbc336a8,메이 플라워,꽃집,상록마을 우성종합 골목형상점가,골목형상점가,경기도,,,
52bfc7303c612b15f460,full_annotation_v1,A,q_꽃_05,플라워,생활서비스 중 '꽃'을 판매·제공하는 매장,val,꽃,T2 동의어,87a1399d-f3c9-4968-acaa-57b1ab6b440d,첨단예본치과,치과,첨단리채 골목형상점가,골목형상점가,광주광역시,,,
759581e8e6766d6e1863,full_annotation_v1,A,q_꽃_05,플라워,생활서비스 중 '꽃'을 판매·제공하는 매장,val,꽃,T2 동의어,0268ed52-44bd-4e9c-a295-7a64f656640a,양정화원,화원,관고전통시장,전통시장,경기도,,,
96e807b2e56b30db8deb,full_annotation_v1,A,q_꽃_05,플라워,생활서비스 중 '꽃'을 판매·제공하는 매장,val,꽃,T2 동의어,3c374c66-2910-40ca-9ba5-74b32479d718,데이드림 플라워,,혁신도시3구역 골목형상점가,골목형상점가,강원특별자치도,,,
7770c2607f049fe34e47,full_annotation_v1,A,q_꽃_05,플라워,생활서비스 중 '꽃'을 판매·제공하는 매장,val,꽃,T2 동의어,45dcd537-2d80-41e3-97f6-a97c3a62c6bb,오늘은순두부,찌개류,첨단리채 골목형상점가,골목형상점가,광주광역시,,,
7e9e8aafeddb2c732b36,full_annotation_v1,A,q_꽃_05,플라워,생활서비스 중 '꽃'을 판매·제공하는 매장,val,꽃,T2 동의어,fb1202dc-261e-4768-a390-5ba3de8e9aba,아우첼라 플라워,꽃다발,구미 금리단길 골목형상점가,골목형상점가,경상북도,,,
562fe2bc70d6fdb87dab,full_annotation_v1,A,q_꽃_05,플라워,생활서비스 중 '꽃'을 판매·제공하는 매장,val,꽃,T2 동의어,9b4fc779-b33c-4d82-bee6-9acf7defc3c1,주식회사 두두컴퍼니코리아,배달,자양로13길골목형상점가,골목형상점가,서울특별시,,,
6638fbe95800d722dd7c,full_annotation_v1,A,q_꽃_05,플라워,생활서비스 중 '꽃'을 판매·제공하는 매장,val,꽃,T2 동의어,6c85c018-a090-40fb-a0fe-95e752f290f5,SFA스포츠 파크타운점,축구농구 등,코끼리시장,전통시장,경기도,,,
8756d5dda4730e7598e7,full_annotation_v1,A,q_꽃_05,플라워,생활서비스 중 '꽃'을 판매·제공하는 매장,val,꽃,T2 동의어,02b04299-d64f-4c59-b73c-487d485fff0f,속초꽃집 화사랑플라워,,청학사거리 골목형상점가,골목형상점가,강원특별자치도,,,
01018b610b4aa085cf7b,full_annotation_v1,A,q_꽃_06,화원,생활서비스 중 '꽃'을 판매·제공하는 매장,val,꽃,T2 동의어,cf1f0410-9db9-4f75-b486-8624bbcb4096,나연플라워아트,화원,영주로상권,자율상권구역,경상북도,,,
2ed4a9121876141d962a,full_annotation_v1,A,q_꽃_06,화원,생활서비스 중 '꽃'을 판매·제공하는 매장,val,꽃,T2 동의어,df3026fa-eddc-416f-87e9-6094c2e9dd36,한아름플라워,화원,양산 덕계 무지개 상점가,골목형상점가,경상남도,,,
c0e88bcd9c1daff4c7c6,full_annotation_v1,A,q_꽃_06,화원,생활서비스 중 '꽃'을 판매·제공하는 매장,val,꽃,T2 동의어,070a949c-b89d-4ccf-8e63-1743372657bf,조경나라,조화,고투몰(강남터미널지하도상점가),일반지하상점가,서울특별시,,,
658c84ba8aed333da612,full_annotation_v1,A,q_꽃_06,화원,생활서비스 중 '꽃'을 판매·제공하는 매장,val,꽃,T2 동의어,696c77fe-cc49-4841-97a2-b435710fd304,성산화원,,백제대로 골목형상점가,골목형상점가,전북특별자치도,,,
ccb5021286f1ac214505,full_annotation_v1,A,q_꽃_06,화원,생활서비스 중 '꽃'을 판매·제공하는 매장,val,꽃,T2 동의어,71f15015-bf0d-464e-858b-7bd7ac7fe201,무극화원,화원,무극시장,전통시장,충청북도,,,
22bdaa28d06c16f6a36f,full_annotation_v1,A,q_꽃_06,화원,생활서비스 중 '꽃'을 판매·제공하는 매장,val,꽃,T2 동의어,c23d41a0-baa5-46c5-9325-b1f71be67aa9,동아상회,참기름,남항시장,전통시장,부산광역시,,,
62181b32933efb8dc1d4,full_annotation_v1,A,q_꽃_06,화원,생활서비스 중 '꽃'을 판매·제공하는 매장,val,꽃,T2 동의어,874e7483-e8ef-42c9-9490-00fa7dc95022,믿음꽃집,화원,덕풍전통시장,전통시장,경기도,,,
a424a575b22d68b45d59,full_annotation_v1,A,q_꽃_06,화원,생활서비스 중 '꽃'을 판매·제공하는 매장,val,꽃,T2 동의어,21da5494-d565-43c0-8116-a2fd57280a59,꽃의 향연,화원,오치2동 골목형상점가,골목형상점가,광주광역시,,,
e80f1d428448909b849b,full_annotation_v1,A,q_꽃_06,화원,생활서비스 중 '꽃'을 판매·제공하는 매장,val,꽃,T2 동의어,d14bb4c2-4196-4d62-b9d5-91e4f3098fc9,넝쿨화원,,장성읍 골목형상점가,골목형상점가,전라남도,,,
8dadc19fc5f3b6ca3639,full_annotation_v1,A,q_꽃_06,화원,생활서비스 중 '꽃'을 판매·제공하는 매장,val,꽃,T2 동의어,00046925-dcb7-4796-8c1e-0de154aa3825,가든꽃화원,생화,전주풍남문상점가,자율상권구역,전북특별자치도,,,
3dee9791e8151ba0cc2b,full_annotation_v1,A,q_꽃_06,화원,생활서비스 중 '꽃'을 판매·제공하는 매장,val,꽃,T2 동의어,03de55fd-e04d-4c83-861f-72bd167d8afc,드레스플라워,,대봉모리 골목형상점가,골목형상점가,대구광역시,,,
d45cc48bc9fe85407f42,full_annotation_v1,A,q_꽃_06,화원,생활서비스 중 '꽃'을 판매·제공하는 매장,val,꽃,T2 동의어,0268ed52-44bd-4e9c-a295-7a64f656640a,양정화원,화원,관고전통시장,전통시장,경기도,,,
835ce96b69847ba7e3eb,full_annotation_v1,A,q_꽃_06,화원,생활서비스 중 '꽃'을 판매·제공하는 매장,val,꽃,T2 동의어,cc93e0f6-29d7-4269-b90f-983a557a2928,꽃이야기,화원,조대장미의거리 상점가,자율상권구역,광주광역시,,,
03547376a39aeff95499,full_annotation_v1,A,q_꽃_06,화원,생활서비스 중 '꽃'을 판매·제공하는 매장,val,꽃,T2 동의어,c80149b9-c9a8-4ff2-be39-ef19a4b18016,현성농수산,수산물,동문재래시장,전통시장,제주특별자치도,,,
c87a7a272b773d1ab320,full_annotation_v1,A,q_꽃_06,화원,생활서비스 중 '꽃'을 판매·제공하는 매장,val,꽃,T2 동의어,94019ef1-8bfc-45ea-b8be-7e8b0c7b7b35,남경회수산,"활어회포장, 배달",원대신시장,전통시장,대구광역시,,,
b596236c3286af7e84d9,full_annotation_v1,A,q_꽃_06,화원,생활서비스 중 '꽃'을 판매·제공하는 매장,val,꽃,T2 동의어,139f6d68-83b9-40cc-8339-120b154b8714,이딜리크,꽃집,월평1동 상인연합회,골목형상점가,대전광역시,,,
17e47a5e6e29fabc2d11,full_annotation_v1,A,q_꽃_06,화원,생활서비스 중 '꽃'을 판매·제공하는 매장,val,꽃,T2 동의어,3505a352-0a75-44f0-8303-c2b7113d23a9,아우라왁싱,미용,신창중 골목형상점가,골목형상점가,광주광역시,,,
b21009a8f682eaced0da,full_annotation_v1,A,q_꽃_06,화원,생활서비스 중 '꽃'을 판매·제공하는 매장,val,꽃,T2 동의어,0393ce95-3e7d-4bb5-8ad3-e5da1199e516,꽃사랑화원,화원,남해 명품화전길 골목형상점가,골목형상점가,경상남도,,,
9fdd9edcfdbf953ed98e,full_annotation_v1,A,q_꽃_06,화원,생활서비스 중 '꽃'을 판매·제공하는 매장,val,꽃,T2 동의어,07e2a120-4803-4634-bd52-ebd7c5433825,슬이네(보떼),조화,고투몰(강남터미널지하도상점가),일반지하상점가,서울특별시,,,
37e3b52edd6bb593d31f,full_annotation_v1,A,q_꽃_06,화원,생활서비스 중 '꽃'을 판매·제공하는 매장,val,꽃,T2 동의어,9b4fc779-b33c-4d82-bee6-9acf7defc3c1,주식회사 두두컴퍼니코리아,배달,자양로13길골목형상점가,골목형상점가,서울특별시,,,
968ac943dd583bf25caa,full_annotation_v1,A,q_꽃_06,화원,생활서비스 중 '꽃'을 판매·제공하는 매장,val,꽃,T2 동의어,006964ff-b2f9-421f-8fa7-f87219c26c0a,블리스블룸,생화,BOCA 보카상점가,골목형상점가,경기도,,,
e5ef45efcfda6e16a142,full_annotation_v1,A,q_꽃_06,화원,생활서비스 중 '꽃'을 판매·제공하는 매장,val,꽃,T2 동의어,17b7476e-94b2-45ab-ad8f-c0f4bba6404a,예쁜화원,화원,강진읍 상권활성화구역,상권활성화구역,전라남도,,,
d08ddb9cad23f0eeadf3,full_annotation_v1,A,q_꽃_06,화원,생활서비스 중 '꽃'을 판매·제공하는 매장,val,꽃,T2 동의어,b6b79bfe-1cb8-4a8f-82fd-811d62d078df,최은경꽃,화원,전주한옥마을 골목형상점가,골목형상점가,전북특별자치도,,,
ca42b07ef9301c71853e,full_annotation_v1,A,q_꽃_06,화원,생활서비스 중 '꽃'을 판매·제공하는 매장,val,꽃,T2 동의어,c305e602-f3b3-4893-8f8f-d31184592bbf,화천화원,꽃,화천재래시장,전통시장,강원특별자치도,,,
a2c3918287f0923906c6,full_annotation_v1,A,q_꽃_06,화원,생활서비스 중 '꽃'을 판매·제공하는 매장,val,꽃,T2 동의어,010fea22-a965-4d8e-a805-083042a361ec,니어앤디어Cafe,꽃,상주중앙시장,전통시장,경상북도,,,
26e4edbcaa321465abfd,full_annotation_v1,A,q_꽃_06,화원,생활서비스 중 '꽃'을 판매·제공하는 매장,val,꽃,T2 동의어,229143e0-cbfa-4763-aefe-a69516a67ccf,화원약국,약,화원역 비슬상점가,자율상권구역,대구광역시,,,
5da7ea9b5de00fe331ca,full_annotation_v1,A,q_꽃_06,화원,생활서비스 중 '꽃'을 판매·제공하는 매장,val,꽃,T2 동의어,01d1c245-a6a7-441a-8977-85303f01e56e,인플라워,생화,유성도안 골목형상점가,골목형상점가,대전광역시,,,
ec3f3ea56bf41b0f8cbc,full_annotation_v1,A,q_꽃_06,화원,생활서비스 중 '꽃'을 판매·제공하는 매장,val,꽃,T2 동의어,e51594e1-b93a-4d16-a371-0d25d13d6f1e,우주별화원,화원,제민천 골목형상점가,골목형상점가,충청남도,,,
2ac22dce743ecec3a55d,full_annotation_v1,A,q_꽃_06,화원,생활서비스 중 '꽃'을 판매·제공하는 매장,val,꽃,T2 동의어,fba2de74-75f0-46b9-a95a-112ee7499d82,아담플라워,화환,월곡달빛오거리골목형상점가,골목형상점가,서울특별시,,,
716dbeb643c0c994231d,full_annotation_v1,A,q_꽃_06,화원,생활서비스 중 '꽃'을 판매·제공하는 매장,val,꽃,T2 동의어,de0d0ce4-f21c-400c-938e-2f5b51310e75,화원상회,젓갈,목포항동시장,전통시장,전라남도,,,
cde77f4547c57207f17e,full_annotation_v1,A,q_꽃_06,화원,생활서비스 중 '꽃'을 판매·제공하는 매장,val,꽃,T2 동의어,066a65ee-fe0b-442c-a440-4ce37e296082,화인꽃방,생화조화,김해 동상전통시장,전통시장,경상남도,,,
046b84a74e6e66dded48,full_annotation_v1,A,q_꽃_06,화원,생활서비스 중 '꽃'을 판매·제공하는 매장,val,꽃,T2 동의어,04b1ff99-e4e2-47bb-bcae-f7079bd73cae,삼성꽃집,조화,포항죽도시장,전통시장,경상북도,,,
58f67e77cb8fb081aeb9,full_annotation_v1,A,q_꽃_06,화원,생활서비스 중 '꽃'을 판매·제공하는 매장,val,꽃,T2 동의어,001b5693-72ee-4677-9cdb-39117fbc932a,로사리움,꽃,첨단지구 골목형상점가,골목형상점가,광주광역시,,,
574c62b9bf15503dd06f,full_annotation_v1,A,q_꽃_06,화원,생활서비스 중 '꽃'을 판매·제공하는 매장,val,꽃,T2 동의어,b3fe964e-39e9-4ee3-bfc8-c4c5d780d91a,장미화원,화원,현대상가시장,전통시장,충청남도,,,
08405777b150c5e74edc,full_annotation_v1,A,q_꽃_06,화원,생활서비스 중 '꽃'을 판매·제공하는 매장,val,꽃,T2 동의어,0123cf0c-2929-4bbe-9b13-1354e60a6922,혜오르 플라워(HYEOR FLOWER),생화 및 식물,신창진흥 골목형상점가,골목형상점가,광주광역시,,,
a52b84a9e687e0ab1615,full_annotation_v1,A,q_꽃_06,화원,생활서비스 중 '꽃'을 판매·제공하는 매장,val,꽃,T2 동의어,a385dc0d-a4a8-49c1-9459-00541d2a357f,진플라워,"생화, 관엽, 동양난, 서양난, 화분, 화환, 꽃배달",문화길 골목형상점가,골목형상점가,세종특별자치시,,,
efc078c622043ca7e5e7,full_annotation_v1,A,q_꽃_06,화원,생활서비스 중 '꽃'을 판매·제공하는 매장,val,꽃,T2 동의어,e512a5ec-fe62-4f6b-a736-bdaf831ed39e,세종꽃집 우정식물나라,화원,새호반 골목형상점가,골목형상점가,세종특별자치시,,,
192432b0f8e95951f5c8,full_annotation_v1,A,q_꽃_06,화원,생활서비스 중 '꽃'을 판매·제공하는 매장,val,꽃,T2 동의어,c6680a9f-9e73-4363-85de-55c305c6e4a5,아주르가든,화원,동림1 골목형상점가,골목형상점가,광주광역시,,,
ae092a7b92a0cf25b076,full_annotation_v1,A,q_꽃_06,화원,생활서비스 중 '꽃'을 판매·제공하는 매장,val,꽃,T2 동의어,b9d6880f-0029-4f52-85f6-65f3efa27256,센스,의류,아트프라자,자율상권구역,서울특별시,,,
2a2cf727505552e4c551,full_annotation_v1,A,q_꽃_06,화원,생활서비스 중 '꽃'을 판매·제공하는 매장,val,꽃,T2 동의어,00afc023-f2e3-417c-b675-42c0a2f682ac,경영꽃집,꽃,유성구암 골목형상점가,골목형상점가,대전광역시,,,
6ad2abbb04976f4a4efd,full_annotation_v1,A,q_꽃_06,화원,생활서비스 중 '꽃'을 판매·제공하는 매장,val,꽃,T2 동의어,788cdf22-baee-4ba4-a170-7a07b0b2974b,풀잎플라워,화원,돌고래시장(돌고래종합상가),전통시장,경기도,,,
824aa9f825a5465fb362,full_annotation_v1,A,q_꽃_06,화원,생활서비스 중 '꽃'을 판매·제공하는 매장,val,꽃,T2 동의어,ca5b1890-7e8b-4243-92b2-f16b7059c861,삼원플라워,화원,광주송정역세권 상권활성화구역,상권활성화구역,,,,
6f20a7183e9f19cd3918,full_annotation_v1,A,q_꽃_06,화원,생활서비스 중 '꽃'을 판매·제공하는 매장,val,꽃,T2 동의어,cf3f25d4-b24f-4665-a5ea-13a15974d898,오오플라워,화환,삼각지맛길 골목형상점가,골목형상점가,대구광역시,,,
6f0a11cd6484847e9354,full_annotation_v1,A,q_꽃_06,화원,생활서비스 중 '꽃'을 판매·제공하는 매장,val,꽃,T2 동의어,a3a1ab14-e378-43a4-96bf-0fa9208d4993,우리화원,화원,진도 남문로 상권활성화구역,상권활성화구역,전라남도,,,
33448e7d9b8eae313e5d,full_annotation_v1,A,q_꽃_06,화원,생활서비스 중 '꽃'을 판매·제공하는 매장,val,꽃,T2 동의어,72153a47-5b23-4142-9fdd-ac6ea9062d67,공차 광주용봉지구점,음료 디저트,용봉지구 골목형상점가,골목형상점가,광주광역시,,,
486134d88f99983e2ca6,full_annotation_v1,A,q_꽃_06,화원,생활서비스 중 '꽃'을 판매·제공하는 매장,val,꽃,T2 동의어,0043469e-66b6-48d0-b7a9-d87c0887cf59,꽃이예쁜집,꽃,장동앞길 골목형상점가,골목형상점가,광주광역시,,,
838518024dad942f0feb,full_annotation_v1,A,q_꽃_06,화원,생활서비스 중 '꽃'을 판매·제공하는 매장,val,꽃,T2 동의어,b47f2b9b-49b1-4527-9357-caa85810dfb7,미조화원,,부산자유시장,전통시장,부산광역시,,,
4a34f23ec5b4bc417ad8,full_annotation_v1,A,q_꽃_06,화원,생활서비스 중 '꽃'을 판매·제공하는 매장,val,꽃,T2 동의어,0fdda0b6-8af0-4e6d-9574-2a8b043c0bc0,이플,"꽃집, 꽃배달",담양중앙2번가 골목형상점가,골목형상점가,전라남도,,,
3fdb6ddedd242160f0a6,full_annotation_v1,A,q_꽃_06,화원,생활서비스 중 '꽃'을 판매·제공하는 매장,val,꽃,T2 동의어,0dc54a43-0aee-4fcb-939d-b0f59e5b1b25,금원꽃집,,송강동 골목형상점가,골목형상점가,대전광역시,,,
5ed24d4f9873aa60c3bd,full_annotation_v1,A,q_꽃_06,화원,생활서비스 중 '꽃'을 판매·제공하는 매장,val,꽃,T2 동의어,b57251c4-7177-4a63-9b53-f452a908e099,이쁨드림(ebbmdream),화장품 미용기기,이지더원 골목형 상점가,골목형상점가,충청남도,,,
a0d82633ebc3b9d4c9cf,full_annotation_v1,A,q_꽃_06,화원,생활서비스 중 '꽃'을 판매·제공하는 매장,val,꽃,T2 동의어,c48e5ba2-780f-4c9c-bc87-1babcb7e6901,플로라(FLORA),화원,전주 삼천이 골목형상점가,골목형상점가,전북특별자치도,,,
5e3a2ab35e84469b4cee,full_annotation_v1,A,q_꽃_06,화원,생활서비스 중 '꽃'을 판매·제공하는 매장,val,꽃,T2 동의어,b8d695e7-bfff-4615-9dab-9308a7ec236c,조공화원,꽃,조공시장,전통시장,경기도,,,
9e1c7f57e7e45d7a49e3,full_annotation_v1,A,q_꽃_06,화원,생활서비스 중 '꽃'을 판매·제공하는 매장,val,꽃,T2 동의어,01b50703-620e-4976-9b84-a03f2ba9bdcf,메르세드플라워,,관저상가 골목형상점가,골목형상점가,대전광역시,,,
7882373c31eabccaeceb,full_annotation_v1,A,q_꽃_06,화원,생활서비스 중 '꽃'을 판매·제공하는 매장,val,꽃,T2 동의어,09726b27-3fc7-47ce-add5-919acbac173d,제로스토어 아산테크노밸리점,기타 음식료품,이지더원 골목형 상점가,골목형상점가,충청남도,,,
c2999db2293827ec057a,full_annotation_v1,A,q_꽃_06,화원,생활서비스 중 '꽃'을 판매·제공하는 매장,val,꽃,T2 동의어,64a45970-702c-4c40-80be-a1f5fbd2cb42,금강,"꽃, 화원",광명새마을시장,전통시장,경기도,,,
a84573637728042e789a,full_annotation_v1,A,q_꽃_06,화원,생활서비스 중 '꽃'을 판매·제공하는 매장,val,꽃,T2 동의어,0cdf9057-5a50-437b-919e-4a51992e7757,부여돈까스,돈가스,부여도심 상권활성화구역,상권활성화구역,충청남도,,,
ccc8560cbafe7314d05c,full_annotation_v1,A,q_꽃_06,화원,생활서비스 중 '꽃'을 판매·제공하는 매장,val,꽃,T2 동의어,d95d5073-5930-452d-8caa-78888afcb0cf,식물나라 화원,생화,왕지상가,자율상권구역,전라남도,,,
146f9657bf8f2cfb3242,full_annotation_v1,A,q_꽃_06,화원,생활서비스 중 '꽃'을 판매·제공하는 매장,val,꽃,T2 동의어,00b13ca2-ef5b-4243-9a38-2de8507a2c21,남촌플라워,생화,용상공설시장,전통시장,경상북도,,,
9574523ca20d717c10a3,full_annotation_v1,A,q_꽃_06,화원,생활서비스 중 '꽃'을 판매·제공하는 매장,val,꽃,T2 동의어,ba9a5a13-e0c8-4896-8ddb-7c276077d0b5,허갈닭강정,닭강정,부여도심 상권활성화구역,상권활성화구역,충청남도,,,
7083cd016826f84ab7fe,full_annotation_v1,A,q_꽃_06,화원,생활서비스 중 '꽃'을 판매·제공하는 매장,val,꽃,T2 동의어,359df784-64ca-44d9-843d-119b126f095a,서산헬퍼,배달,서산동부전통시장,전통시장,충청남도,,,
6343d8035ce2bddca618,full_annotation_v1,A,q_꽃_06,화원,생활서비스 중 '꽃'을 판매·제공하는 매장,val,꽃,T2 동의어,02b04299-d64f-4c59-b73c-487d485fff0f,속초꽃집 화사랑플라워,,청학사거리 골목형상점가,골목형상점가,강원특별자치도,,,
c1294830f7747be9b0c3,full_annotation_v1,A,q_꽃_06,화원,생활서비스 중 '꽃'을 판매·제공하는 매장,val,꽃,T2 동의어,5d1d4501-c1e4-41a0-a782-db6c6174cbd1,도청화원,,무안읍중심상가상점가,자율상권구역,,,,
b259332b25c6c08510e5,full_annotation_v1,A,q_꽃_06,화원,생활서비스 중 '꽃'을 판매·제공하는 매장,val,꽃,T2 동의어,012ed1bc-d2d6-4dad-8b36-6ad33d367ab2,24시꽃집럭키플라워송도점,생화 식물,송도랜드마크시티 센트럴더샵 골목형상점가,골목형상점가,인천광역시,,,
2336006818f96eda5d32,full_annotation_v1,A,q_꽃_06,화원,생활서비스 중 '꽃'을 판매·제공하는 매장,val,꽃,T2 동의어,18a0ab94-b233-4d80-940c-4b88e669f587,제일화원,"화원, 꽃",수유시장,전통시장,서울특별시,,,
ca2f9a8b97629e13dd36,full_annotation_v1,A,q_꽃_06,화원,생활서비스 중 '꽃'을 판매·제공하는 매장,val,꽃,T2 동의어,0e5a591b-cc1f-4529-9593-c68d305729a6,꼬슬란꽃집,소매(화원),가평잣고을시장,전통시장,경기도,,,
d90d59aba0d5a32efa86,full_annotation_v1,A,q_꽃_06,화원,생활서비스 중 '꽃'을 판매·제공하는 매장,val,꽃,T2 동의어,06dede93-cca4-4e0a-8ee9-26168a0b4f4d,장터꽃 화원,꽃,김천황금시장,전통시장,경상북도,,,
47d74fe5abfe8d7b7383,full_annotation_v1,A,q_꽃_06,화원,생활서비스 중 '꽃'을 판매·제공하는 매장,val,꽃,T2 동의어,13cf0d12-21be-4ffc-b618-7ba033425c83,슬기네,음식,전북대대학로상점가,자율상권구역,전북특별자치도,,,
daae800b3924def9c570,full_annotation_v1,A,q_꽃_06,화원,생활서비스 중 '꽃'을 판매·제공하는 매장,val,꽃,T2 동의어,04c231bf-d3f7-4202-b3a8-d03eb7531853,실버라인,도소매(조화),고투몰(강남터미널지하도상점가),일반지하상점가,서울특별시,,,
bb4f52035c0224df59e3,full_annotation_v1,A,q_꽃_06,화원,생활서비스 중 '꽃'을 판매·제공하는 매장,val,꽃,T2 동의어,870f604d-ebe3-49bd-8116-d96d015fe539,종학이네 화원,식물 화훼,광주송정역세권 상권활성화구역,상권활성화구역,광주광역시,,,
5f30761f6fe85b51848f,full_annotation_v1,A,q_꽃_06,화원,생활서비스 중 '꽃'을 판매·제공하는 매장,val,꽃,T2 동의어,8a2fddd7-b150-44f7-bafc-ca9ad0caef8b,보니따헤어클럽,미용실,비단길현대시장,전통시장,서울특별시,,,
b4cbc42f4d961a14d0f4,full_annotation_v1,A,q_꽃_06,화원,생활서비스 중 '꽃'을 판매·제공하는 매장,val,꽃,T2 동의어,4ebd4a90-c118-4fdb-91ec-ee027f4c94df,무안화원,,승달 골목형상점가,골목형상점가,,,,
d51839303c1f77fc1eae,full_annotation_v1,A,q_꽃_06,화원,생활서비스 중 '꽃'을 판매·제공하는 매장,val,꽃,T2 동의어,26044aac-2776-4625-affa-839beb85b297,뷰티플라워,화원 꽃,부평중앙 지하상가,일반지하상점가,인천광역시,,,
c51309cf2be513b6106a,full_annotation_v1,A,q_꽃_06,화원,생활서비스 중 '꽃'을 판매·제공하는 매장,val,꽃,T2 동의어,ac803d0f-e743-48a0-b5c2-c26fecd1b668,화창화원,꽃,문흥1동 골목형상점가,골목형상점가,광주광역시,,,
771ac40f622d5271ef9d,full_annotation_v1,A,q_꽃_06,화원,생활서비스 중 '꽃'을 판매·제공하는 매장,val,꽃,T2 동의어,80365e88-fb77-44fe-83d9-3ff648bfc6f7,365마트,식육,산정상인회 골목형상점가,골목형상점가,광주광역시,,,
0c445f1adbd8fee3ee6a,full_annotation_v1,A,q_꽃_06,화원,생활서비스 중 '꽃'을 판매·제공하는 매장,val,꽃,T2 동의어,00b20e6f-4b2f-410f-984c-b6a206704138,나리화원.꽃,,승달 골목형상점가,골목형상점가,,,,
60315fb2be7573657652,full_annotation_v1,A,q_꽃_06,화원,생활서비스 중 '꽃'을 판매·제공하는 매장,val,꽃,T2 동의어,b6f7ec02-f37f-4ad6-bb0b-677198d29e5c,예은플라워,화원,두암2동참판골 골목형상점가,골목형상점가,광주광역시,,,
66e022ead212f6119cb3,full_annotation_v1,A,q_꽃_06,화원,생활서비스 중 '꽃'을 판매·제공하는 매장,val,꽃,T2 동의어,00b610a8-8a8a-4c5e-9e0b-cba5e4d22c93,에덴꽃화원,꽃,태화시장,전통시장,울산광역시,,,
cbf9f174307e1e83ce98,full_annotation_v1,A,q_꽃_06,화원,생활서비스 중 '꽃'을 판매·제공하는 매장,val,꽃,T2 동의어,0087b08e-75d9-4580-98ee-b89a11922c32,전광화원,,장흥시장 골목형상점가,골목형상점가,,,,
20310c044963dbb1d78e,full_annotation_v1,A,q_꽃_06,화원,생활서비스 중 '꽃'을 판매·제공하는 매장,val,꽃,T2 동의어,08b9f9fd-7584-41c1-ba08-8a0cbb126f18,유플라워,꽃집,달서시장,전통시장,대구광역시,,,
65e6bc4bd670cbbe8439,full_annotation_v1,A,q_꽃_06,화원,생활서비스 중 '꽃'을 판매·제공하는 매장,val,꽃,T2 동의어,bc4fd2d5-3aa7-439e-b6f0-dd4468a592a6,흥부왕족발,,중곡제일골목시장(중곡제일전통시장),전통시장,서울특별시,,,
36225326d3cf9ae58b8e,full_annotation_v1,A,q_꽃_06,화원,생활서비스 중 '꽃'을 판매·제공하는 매장,val,꽃,T2 동의어,27626fd3-436c-42b1-a56a-a1548f1ac144,꽃처럼바람처럼,화원,강진중앙로상가,자율상권구역,전라남도,,,
8562bb458f8b02574fb8,full_annotation_v1,A,q_꽃_06,화원,생활서비스 중 '꽃'을 판매·제공하는 매장,val,꽃,T2 동의어,ae210fff-79d4-47cb-ad31-e14891584727,화원유통,식육,마장축산물시장,전통시장,서울특별시,,,
e23f9bd01adc327be1c8,full_annotation_v1,A,q_꽃_06,화원,생활서비스 중 '꽃'을 판매·제공하는 매장,val,꽃,T2 동의어,2fd6db16-8b47-41d4-b6d9-a1cc57c25343,미리내flowershop,"생화, 조화, 화분, 화환",인동중앙상점가,골목형상점가,경상북도,,,
7b99d65328d9e02183ea,full_annotation_v1,A,q_꽃_06,화원,생활서비스 중 '꽃'을 판매·제공하는 매장,val,꽃,T2 동의어,11535063-26f1-4383-8836-079055ec2a4b,신오로지곱창국밥,한식,신창중 골목형상점가,골목형상점가,광주광역시,,,
41fcc48c71cf0e1a57c9,full_annotation_v1,A,q_꽃_06,화원,생활서비스 중 '꽃'을 판매·제공하는 매장,val,꽃,T2 동의어,47cafab5-67af-4eb7-8ecc-f80e615032e9,꽃이야기,화원,신용동 골목형상점가,골목형상점가,광주광역시,,,
be9b8a979c0d21cad2bb,full_annotation_v1,A,q_꽃_06,화원,생활서비스 중 '꽃'을 판매·제공하는 매장,val,꽃,T2 동의어,f59a9f33-9c32-4849-9835-3d830987fee9,안일유통,수산물,노량진수산시장골목형상점가,골목형상점가,서울특별시,,,
967f786088349557afd2,full_annotation_v1,A,q_꽃_06,화원,생활서비스 중 '꽃'을 판매·제공하는 매장,val,꽃,T2 동의어,065a7a8c-5299-430a-93b1-257064b5c858,멜리플라워,,의왕가구거리 골목형상점가,골목형상점가,경기도,,,
a1ce93c3c3229b1f63dd,full_annotation_v1,A,q_꽃_06,화원,생활서비스 중 '꽃'을 판매·제공하는 매장,val,꽃,T2 동의어,f1278179-928d-4e1e-aeb9-bc7b9ef98ce0,금호화원,화원,양동산업용품시장,전통시장,광주광역시,,,
b4dcfd04e0ddf5f524b6,full_annotation_v1,A,q_꽃_06,화원,생활서비스 중 '꽃'을 판매·제공하는 매장,val,꽃,T2 동의어,091b1d69-d4e3-4d8c-9000-1d40f95f50e9,은자씨 플라워,화환,부티크타운 골목형 상점가,골목형상점가,충청남도,,,
07a215f2d4068fcf963a,full_annotation_v1,A,q_꽃_06,화원,생활서비스 중 '꽃'을 판매·제공하는 매장,val,꽃,T2 동의어,99149131-69b9-4a34-b003-4208fe5d7fa4,삼청동호떡,호떡,삼청정독길골목형상점가,골목형상점가,서울특별시,,,
c8d495dc6fb497f710bf,full_annotation_v1,A,q_꽃_06,화원,생활서비스 중 '꽃'을 판매·제공하는 매장,val,꽃,T2 동의어,01361075-0980-43ea-8c81-a58d44a604bb,플라워루체,생화,운암북문대로 골목형상점가,골목형상점가,광주광역시,,,
e684320daf034fd9fd0c,full_annotation_v1,A,q_꽃_06,화원,생활서비스 중 '꽃'을 판매·제공하는 매장,val,꽃,T2 동의어,1789331b-68b5-4a70-ac8a-f94c71281f8c,전북화원,꽃,군산동백로 나운상가 골목형상점가,골목형상점가,전북특별자치도,,,
064c17d406a53f7a96ad,full_annotation_v1,A,q_꽃_06,화원,생활서비스 중 '꽃'을 판매·제공하는 매장,val,꽃,T2 동의어,046df2a5-89ee-4b7a-8aad-91bdc5272130,향기플라워,,정남진활력의거리 골목형상점가,골목형상점가,,,,
c5b6abb6fa5ed1539a0a,full_annotation_v1,A,q_꽃_07,꽃 사는 데,생활서비스 중 '꽃'을 판매·제공하는 매장,val,꽃,T4 구어·문장,5f39317e-2916-47e2-9fee-ede53deff33a,"언제나,꽃",꽃,조치원 전통길 골목형상점가,골목형상점가,세종특별자치시,,,
c25e88410a15e8726583,full_annotation_v1,A,q_꽃_07,꽃 사는 데,생활서비스 중 '꽃'을 판매·제공하는 매장,val,꽃,T4 구어·문장,680bfced-ec7b-4bf5-a6d0-d7123bae1cd0,환희,꽃,서대신동골목시장,전통시장,부산광역시,,,
461edf9b8a6606687ca0,full_annotation_v1,A,q_꽃_07,꽃 사는 데,생활서비스 중 '꽃'을 판매·제공하는 매장,val,꽃,T4 구어·문장,9cc8508b-60fe-4d32-bf3b-832baa53080d,퍼플라인,,서문시장2지구 종합상가,전통시장,대구광역시,,,
c8047451c38b3f0f2c74,full_annotation_v1,A,q_꽃_07,꽃 사는 데,생활서비스 중 '꽃'을 판매·제공하는 매장,val,꽃,T4 구어·문장,046df2a5-89ee-4b7a-8aad-91bdc5272130,향기플라워,,정남진활력의거리 골목형상점가,골목형상점가,,,,
4018c2b5fb4aa670dcb9,full_annotation_v1,A,q_꽃_07,꽃 사는 데,생활서비스 중 '꽃'을 판매·제공하는 매장,val,꽃,T4 구어·문장,2e83dec4-fc4b-458a-b623-bb41eb4bf299,좋은축산마을,정육점,뉴월드프라자골목형상점가,골목형상점가,경기도,,,
6d1de58cc9636ff6f1c5,full_annotation_v1,A,q_꽃_07,꽃 사는 데,생활서비스 중 '꽃'을 판매·제공하는 매장,val,꽃,T4 구어·문장,43cc0cc5-f6d4-4de9-9829-b922a8267f42,꽃분이,꽃,장동로터리 골목형상점가,골목형상점가,광주광역시,,,
1af301b2685d95a54099,full_annotation_v1,A,q_꽃_07,꽃 사는 데,생활서비스 중 '꽃'을 판매·제공하는 매장,val,꽃,T4 구어·문장,091b1d69-d4e3-4d8c-9000-1d40f95f50e9,은자씨 플라워,화환,부티크타운 골목형 상점가,골목형상점가,충청남도,,,
472be454510f8cc16e63,full_annotation_v1,A,q_꽃_07,꽃 사는 데,생활서비스 중 '꽃'을 판매·제공하는 매장,val,꽃,T4 구어·문장,cdba5a1d-e2d0-43f8-840f-9c83308ceef2,홍플라워,꽃,간석자유시장,전통시장,인천광역시,,,
8c35de6d7bb201546d2c,full_annotation_v1,A,q_꽃_07,꽃 사는 데,생활서비스 중 '꽃'을 판매·제공하는 매장,val,꽃,T4 구어·문장,7543d5f6-37d7-4020-bd10-46e280b051df,사계절꽃집,꽃,대야전통시장,전통시장,전북특별자치도,,,
ef8327b363107fc9d465,full_annotation_v1,A,q_꽃_07,꽃 사는 데,생활서비스 중 '꽃'을 판매·제공하는 매장,val,꽃,T4 구어·문장,591290db-7773-4bb0-a717-a5f27278e6c6,다미수,꽃,수완사랑 골목형상점가,골목형상점가,광주광역시,,,
025eda4aad08f2bbc204,full_annotation_v1,A,q_꽃_07,꽃 사는 데,생활서비스 중 '꽃'을 판매·제공하는 매장,val,꽃,T4 구어·문장,f906ade2-dc38-4c41-a0ae-18e5ac72c5a4,꽃길,꽃,강진중앙로상가,자율상권구역,전라남도,,,
ff54403ee3519faf9ec8,full_annotation_v1,A,q_꽃_07,꽃 사는 데,생활서비스 중 '꽃'을 판매·제공하는 매장,val,꽃,T4 구어·문장,d44114b6-26ce-4a36-aeff-94f7bae6a6ab,"이쁘다, 꽃",식물 꽃,서희1차현대 골목형상점가,골목형상점가,광주광역시,,,
566e087f4b425ce95b50,full_annotation_v1,A,q_꽃_07,꽃 사는 데,생활서비스 중 '꽃'을 판매·제공하는 매장,val,꽃,T4 구어·문장,39d79cf6-29ee-4dd6-8efb-0b2cce6d8271,베니르,꽃,빛가람 하나로 골목형상점가,골목형상점가,전라남도,,,
46987b73b8af2b6bbd8c,full_annotation_v1,A,q_꽃_07,꽃 사는 데,생활서비스 중 '꽃'을 판매·제공하는 매장,val,꽃,T4 구어·문장,b051c4f3-8b69-4d56-a7fb-f4c9c9bc97fb,꽃다비,꽃,불광먹자골목 골목형상점가,골목형상점가,서울특별시,,,
ac89804cf247cad39598,full_annotation_v1,A,q_꽃_07,꽃 사는 데,생활서비스 중 '꽃'을 판매·제공하는 매장,val,꽃,T4 구어·문장,df130639-b40a-4429-9dac-1eacf992e7cb,유들라위,꽃,하남 골목형상점가,골목형상점가,광주광역시,,,
95ffb95ecd3b440e3f8c,full_annotation_v1,A,q_꽃_07,꽃 사는 데,생활서비스 중 '꽃'을 판매·제공하는 매장,val,꽃,T4 구어·문장,86f3d7ec-5dae-4c95-9b50-8947d2239853,서동꽃집,꽃,서동전통골목시장,전통시장,부산광역시,,,
8a03fa89bb45e8ceb714,full_annotation_v1,A,q_꽃_07,꽃 사는 데,생활서비스 중 '꽃'을 판매·제공하는 매장,val,꽃,T4 구어·문장,761f7b24-0ee3-455c-a7f3-e20f7dcd6165,꽃마실,꽃,서동시장,전통시장,울산광역시,,,
ea63e127ebd21eab216c,full_annotation_v1,A,q_꽃_07,꽃 사는 데,생활서비스 중 '꽃'을 판매·제공하는 매장,val,꽃,T4 구어·문장,06dede93-cca4-4e0a-8ee9-26168a0b4f4d,장터꽃 화원,꽃,김천황금시장,전통시장,경상북도,,,
73edace9c58ddb31b967,full_annotation_v1,A,q_꽃_07,꽃 사는 데,생활서비스 중 '꽃'을 판매·제공하는 매장,val,꽃,T4 구어·문장,69fada19-3d28-4709-b619-5302447f6c58,온로즈,꽃,상무백운상인회 골목형상점가,골목형상점가,광주광역시,,,
59cf6460279a0452f995,full_annotation_v1,A,q_꽃_07,꽃 사는 데,생활서비스 중 '꽃'을 판매·제공하는 매장,val,꽃,T4 구어·문장,c5a66601-dbaf-4b1d-86fa-822ea6890ffe,수플라워,꽃,봉곡우전로 골목형상점가,골목형상점가,전북특별자치도,,,
7043871ce41bb0f9334e,full_annotation_v1,A,q_꽃_07,꽃 사는 데,생활서비스 중 '꽃'을 판매·제공하는 매장,val,꽃,T4 구어·문장,416f3ce1-792d-42cd-a396-916074b99167,꽃향기플라워,꽃,성수역골목형상점가,골목형상점가,서울특별시,,,
b953e145e2e28547051e,full_annotation_v1,A,q_꽃_07,꽃 사는 데,생활서비스 중 '꽃'을 판매·제공하는 매장,val,꽃,T4 구어·문장,92340aa1-95cb-43c2-a683-6a93c40fb2f4,동성꽃집,꽃,서면시장,전통시장,부산광역시,,,
8c2d8075b380e084e1ac,full_annotation_v1,A,q_꽃_07,꽃 사는 데,생활서비스 중 '꽃'을 판매·제공하는 매장,val,꽃,T4 구어·문장,c41badad-2c75-4f80-b6a2-a8c8c0df4f56,최고의맛집,한식,단양구경시장(단양인정시장),전통시장,충청북도,,,
455e1816b26968e81d09,full_annotation_v1,A,q_꽃_07,꽃 사는 데,생활서비스 중 '꽃'을 판매·제공하는 매장,val,꽃,T4 구어·문장,ae37be81-fd10-428e-8c9e-5ec63fedf54b,흔연재,꽃,모현 청경채 골목형상점가,골목형상점가,경기도,,,
e937944facfc1e74cf2b,full_annotation_v1,A,q_꽃_07,꽃 사는 데,생활서비스 중 '꽃'을 판매·제공하는 매장,val,꽃,T4 구어·문장,0123cf0c-2929-4bbe-9b13-1354e60a6922,혜오르 플라워(HYEOR FLOWER),생화 및 식물,신창진흥 골목형상점가,골목형상점가,광주광역시,,,
9eb10dec4deb37f31b20,full_annotation_v1,A,q_꽃_07,꽃 사는 데,생활서비스 중 '꽃'을 판매·제공하는 매장,val,꽃,T4 구어·문장,070a949c-b89d-4ccf-8e63-1743372657bf,조경나라,조화,고투몰(강남터미널지하도상점가),일반지하상점가,서울특별시,,,
949949f0f96f20c535c3,full_annotation_v1,A,q_꽃_07,꽃 사는 데,생활서비스 중 '꽃'을 판매·제공하는 매장,val,꽃,T4 구어·문장,7d1ac177-c0be-4079-b7e9-bdf7857c9f41,더사랑하라,꽃,오류전통시장(오류빤짝시장),전통시장,대전광역시,,,
a4c5154af24f487fa138,full_annotation_v1,A,q_꽃_07,꽃 사는 데,생활서비스 중 '꽃'을 판매·제공하는 매장,val,꽃,T4 구어·문장,006964ff-b2f9-421f-8fa7-f87219c26c0a,블리스블룸,생화,BOCA 보카상점가,골목형상점가,경기도,,,
3f6752ce50650eac18dc,full_annotation_v1,A,q_꽃_07,꽃 사는 데,생활서비스 중 '꽃'을 판매·제공하는 매장,val,꽃,T4 구어·문장,0087b08e-75d9-4580-98ee-b89a11922c32,전광화원,,장흥시장 골목형상점가,골목형상점가,,,,
c28a96838d4728f71fcf,full_annotation_v1,A,q_꽃_07,꽃 사는 데,생활서비스 중 '꽃'을 판매·제공하는 매장,val,꽃,T4 구어·문장,21bba60d-9cbb-46ee-9010-ca30ba99dec2,덕산상회,꽃,예산시장,전통시장,충청남도,,,
098fd039760108047f01,full_annotation_v1,A,q_꽃_07,꽃 사는 데,생활서비스 중 '꽃'을 판매·제공하는 매장,val,꽃,T4 구어·문장,282b0e8b-051c-49f9-a707-b982df803589,까라벨라 데 오르,스파게티,동명동 카페거리 골목형상점가,골목형상점가,광주광역시,,,
2079c016577a15a1f513,full_annotation_v1,A,q_꽃_07,꽃 사는 데,생활서비스 중 '꽃'을 판매·제공하는 매장,val,꽃,T4 구어·문장,02b04299-d64f-4c59-b73c-487d485fff0f,속초꽃집 화사랑플라워,,청학사거리 골목형상점가,골목형상점가,강원특별자치도,,,
d388aae6146ba285116d,full_annotation_v1,A,q_꽃_07,꽃 사는 데,생활서비스 중 '꽃'을 판매·제공하는 매장,val,꽃,T4 구어·문장,e63b99a9-28a2-48de-b49f-1c08839a8fa2,정순모,꽃,제주시민속오일시장,전통시장,제주특별자치도,,,
8b58034d3566b17ea5a8,full_annotation_v1,A,q_꽃_07,꽃 사는 데,생활서비스 중 '꽃'을 판매·제공하는 매장,val,꽃,T4 구어·문장,f370b7c2-ee14-4344-bec9-69dff26c9b53,아트플라워,꽃,미포1길 골목형상점가,골목형상점가,울산광역시,,,
2fe5dfaa0c3678cd18d0,full_annotation_v1,A,q_꽃_07,꽃 사는 데,생활서비스 중 '꽃'을 판매·제공하는 매장,val,꽃,T4 구어·문장,065a7a8c-5299-430a-93b1-257064b5c858,멜리플라워,,의왕가구거리 골목형상점가,골목형상점가,경기도,,,
9b9fb399df593b3a8e79,full_annotation_v1,A,q_꽃_07,꽃 사는 데,생활서비스 중 '꽃'을 판매·제공하는 매장,val,꽃,T4 구어·문장,0ce5045c-a4bc-467a-95dd-f44b9bcc2d00,지에스(GS)25 세종으뜸점,"식품, 비식품, 담배, 주류",새롬동 골목형상점가,골목형상점가,세종특별자치시,,,
d7ffc9e0c8d011f7a879,full_annotation_v1,A,q_꽃_07,꽃 사는 데,생활서비스 중 '꽃'을 판매·제공하는 매장,val,꽃,T4 구어·문장,5126e924-1bd8-446b-83da-5e4bfb27b002,푸른화원,꽃,진주 동성상가,전통시장,경상남도,,,
8e8bbbfb5045340ffc46,full_annotation_v1,A,q_꽃_07,꽃 사는 데,생활서비스 중 '꽃'을 판매·제공하는 매장,val,꽃,T4 구어·문장,aace9af5-85fc-4ea3-ae03-bb77ad69d32d,24시 꽃 온땅,꽃,염주B상인회 골목형상점가,골목형상점가,광주광역시,,,
129c879ec2599545dcbe,full_annotation_v1,A,q_꽃_07,꽃 사는 데,생활서비스 중 '꽃'을 판매·제공하는 매장,val,꽃,T4 구어·문장,49c4af0c-2c40-4feb-af06-ed8e7d7b8156,꽃사랑,꽃,청평여울시장,전통시장,경기도,,,
5cddbed8e70fb72be485,full_annotation_v1,A,q_꽃_07,꽃 사는 데,생활서비스 중 '꽃'을 판매·제공하는 매장,val,꽃,T4 구어·문장,cf3f25d4-b24f-4665-a5ea-13a15974d898,오오플라워,화환,삼각지맛길 골목형상점가,골목형상점가,대구광역시,,,
1577c0999dde6fba27ae,full_annotation_v1,A,q_꽃_07,꽃 사는 데,생활서비스 중 '꽃'을 판매·제공하는 매장,val,꽃,T4 구어·문장,04b1ff99-e4e2-47bb-bcae-f7079bd73cae,삼성꽃집,조화,포항죽도시장,전통시장,경상북도,,,
6e3642e145726fe2623f,full_annotation_v1,A,q_꽃_07,꽃 사는 데,생활서비스 중 '꽃'을 판매·제공하는 매장,val,꽃,T4 구어·문장,35f59ce8-12bc-4d2a-9da0-730332584a02,무지개꽃집,꽃,양정시장,전통시장,부산광역시,,,
d34a72629417409f99bb,full_annotation_v1,A,q_꽃_07,꽃 사는 데,생활서비스 중 '꽃'을 판매·제공하는 매장,val,꽃,T4 구어·문장,c4a26831-0cfa-4769-9a1a-9f1585b396ba,정플라워,꽃,전남대 상대 골목형상점가,골목형상점가,광주광역시,,,
ffd6e4f59366182b5cec,full_annotation_v1,A,q_꽃_07,꽃 사는 데,생활서비스 중 '꽃'을 판매·제공하는 매장,val,꽃,T4 구어·문장,012ed1bc-d2d6-4dad-8b36-6ad33d367ab2,24시꽃집럭키플라워송도점,생화 식물,송도랜드마크시티 센트럴더샵 골목형상점가,골목형상점가,인천광역시,,,
35de05f3e79a1f2be542,full_annotation_v1,A,q_꽃_07,꽃 사는 데,생활서비스 중 '꽃'을 판매·제공하는 매장,val,꽃,T4 구어·문장,8f2d4f86-310f-4248-855e-e1ee8027bbaf,여기 꽃,"꽃, 식물",옥계 부성상가,골목형상점가,경상북도,,,
4261fe56ed337d234acd,full_annotation_v1,A,q_꽃_07,꽃 사는 데,생활서비스 중 '꽃'을 판매·제공하는 매장,val,꽃,T4 구어·문장,b6e122e6-145c-46b6-a8a4-d6857ec819c9,늘꽃,꽃,북부중앙 골목형상점가,골목형상점가,경기도,,,
d64c913ac655e4a7fb59,full_annotation_v1,A,q_꽃_07,꽃 사는 데,생활서비스 중 '꽃'을 판매·제공하는 매장,val,꽃,T4 구어·문장,00b610a8-8a8a-4c5e-9e0b-cba5e4d22c93,에덴꽃화원,꽃,태화시장,전통시장,울산광역시,,,
29acb6cacee81b39f62e,full_annotation_v1,A,q_꽃_07,꽃 사는 데,생활서비스 중 '꽃'을 판매·제공하는 매장,val,꽃,T4 구어·문장,4c308c12-84b4-4383-9959-ee8f6de1da19,사실빙 세종새름점,"빙수, 커피",새롬동 골목형상점가,골목형상점가,세종특별자치시,,,
7c69719da7e3cba89eb5,full_annotation_v1,A,q_꽃_07,꽃 사는 데,생활서비스 중 '꽃'을 판매·제공하는 매장,val,꽃,T4 구어·문장,91ae106a-db0c-44f0-8c26-ebabbc7d5252,민플라워,꽃,수완은빛마을,골목형상점가,광주광역시,,,
be64ca4a7541a2a3e2ef,full_annotation_v1,A,q_꽃_07,꽃 사는 데,생활서비스 중 '꽃'을 판매·제공하는 매장,val,꽃,T4 구어·문장,81192042-d2b7-4473-9879-cb4e33d0bdab,루비와꽃,꽃,홀릭스,골목형상점가,광주광역시,,,
be89441722c7ae716a38,full_annotation_v1,A,q_꽃_07,꽃 사는 데,생활서비스 중 '꽃'을 판매·제공하는 매장,val,꽃,T4 구어·문장,1a11edc3-9598-4fe4-b093-b4f766ee30d8,유천꽃,꽃,유천택지올림픽길골목형상점가,골목형상점가,강원특별자치도,,,
a91028fe0b91b41a8618,full_annotation_v1,A,q_꽃_07,꽃 사는 데,생활서비스 중 '꽃'을 판매·제공하는 매장,val,꽃,T4 구어·문장,01d1c245-a6a7-441a-8977-85303f01e56e,인플라워,생화,유성도안 골목형상점가,골목형상점가,대전광역시,,,
f3bff1c26d20af9d712c,full_annotation_v1,A,q_꽃_07,꽃 사는 데,생활서비스 중 '꽃'을 판매·제공하는 매장,val,꽃,T4 구어·문장,60ef0cbd-6d4c-43a5-b978-e76ce0f50d50,금란꽃,꽃,새동인천지하상가,일반지하상점가,인천광역시,,,
f5cfebab0d7b1dde30a6,full_annotation_v1,A,q_꽃_07,꽃 사는 데,생활서비스 중 '꽃'을 판매·제공하는 매장,val,꽃,T4 구어·문장,7ae29025-65ab-442e-a993-44a76f1040c7,하얀꽃식물나라,꽃,창원 봉곡프라자상가,전통시장,경상남도,,,
593ad518da3e836338ce,full_annotation_v1,A,q_꽃_07,꽃 사는 데,생활서비스 중 '꽃'을 판매·제공하는 매장,val,꽃,T4 구어·문장,c728980b-26ee-46a1-8b26-54cc22a40c48,"꽃,그린피아",꽃,조종시장,전통시장,경기도,,,
8ad51871729250b44960,full_annotation_v1,A,q_꽃_07,꽃 사는 데,생활서비스 중 '꽃'을 판매·제공하는 매장,val,꽃,T4 구어·문장,1ccf2652-53aa-4eef-b364-ea797f609109,퓨어에스테틱,피부미용,쌍학로상인회 골목형상점가,골목형상점가,광주광역시,,,
8adb95383e6313b81374,full_annotation_v1,A,q_꽃_07,꽃 사는 데,생활서비스 중 '꽃'을 판매·제공하는 매장,val,꽃,T4 구어·문장,f7e3eaff-5bb2-4c04-aa6e-f4dc9216ca7c,민플라워,꽃,휴먼시아 3단지 골목형상점가,골목형상점가,울산광역시,,,
904b8a65b8f51fea2305,full_annotation_v1,A,q_꽃_07,꽃 사는 데,생활서비스 중 '꽃'을 판매·제공하는 매장,val,꽃,T4 구어·문장,0fdda0b6-8af0-4e6d-9574-2a8b043c0bc0,이플,"꽃집, 꽃배달",담양중앙2번가 골목형상점가,골목형상점가,전라남도,,,
ee148282a7df0d19632d,full_annotation_v1,A,q_꽃_07,꽃 사는 데,생활서비스 중 '꽃'을 판매·제공하는 매장,val,꽃,T4 구어·문장,9b4fc779-b33c-4d82-bee6-9acf7defc3c1,주식회사 두두컴퍼니코리아,배달,자양로13길골목형상점가,골목형상점가,서울특별시,,,
623e800dbd97f1642f24,full_annotation_v1,A,q_꽃_07,꽃 사는 데,생활서비스 중 '꽃'을 판매·제공하는 매장,val,꽃,T4 구어·문장,4fed0842-d41d-47a8-8ec8-a1de479bbf34,원플라워,꽃,성서와룡시장,전통시장,대구광역시,,,
a3af61ca657067b105a6,full_annotation_v1,A,q_꽃_07,꽃 사는 데,생활서비스 중 '꽃'을 판매·제공하는 매장,val,꽃,T4 구어·문장,e1e070fe-0d1d-4d83-8280-12774eb864fe,선희네,메밀부침,원주남부시장,전통시장,강원특별자치도,,,
38f6e90a6edec75d6107,full_annotation_v1,A,q_꽃_07,꽃 사는 데,생활서비스 중 '꽃'을 판매·제공하는 매장,val,꽃,T4 구어·문장,ae3782b4-7742-4e4a-8223-325b3cc082b5,꽃마루,꽃,금촌명동로시장,전통시장,경기도,,,
3dd7826c3650fb123387,full_annotation_v1,A,q_꽃_07,꽃 사는 데,생활서비스 중 '꽃'을 판매·제공하는 매장,val,꽃,T4 구어·문장,7e6c6a7c-67fb-4e79-b3e0-a9a30a8d62a3,식물꽃나라,꽃,매곡동 골목형상점가,골목형상점가,광주광역시,,,
2b6d0cd3c0382a0ae38f,full_annotation_v1,A,q_꽃_07,꽃 사는 데,생활서비스 중 '꽃'을 판매·제공하는 매장,val,꽃,T4 구어·문장,00afc023-f2e3-417c-b675-42c0a2f682ac,경영꽃집,꽃,유성구암 골목형상점가,골목형상점가,대전광역시,,,
d215f3a1da93639e33a2,full_annotation_v1,A,q_꽃_07,꽃 사는 데,생활서비스 중 '꽃'을 판매·제공하는 매장,val,꽃,T4 구어·문장,0268ed52-44bd-4e9c-a295-7a64f656640a,양정화원,화원,관고전통시장,전통시장,경기도,,,
62a05e170be16daa9b89,full_annotation_v1,A,q_꽃_07,꽃 사는 데,생활서비스 중 '꽃'을 판매·제공하는 매장,val,꽃,T4 구어·문장,569f6cd9-123c-4e86-9ad8-920d6201859d,그리지오,꽃,봉선중길 골목형상점가,골목형상점가,광주광역시,,,
dab0d222b41633065dd3,full_annotation_v1,A,q_꽃_07,꽃 사는 데,생활서비스 중 '꽃'을 판매·제공하는 매장,val,꽃,T4 구어·문장,17ab16c1-e885-4dd3-9f1d-0c26539ee24d,장미꽃,꽃,역곡남부시장,전통시장,경기도,,,
934c73457cac4ea68af6,full_annotation_v1,A,q_꽃_07,꽃 사는 데,생활서비스 중 '꽃'을 판매·제공하는 매장,val,꽃,T4 구어·문장,f14df4d3-9858-4a8b-8597-20fd477d8e32,갤러리 데 루치아,가구,용인어정가구단지상점가,자율상권구역,경기도,,,
ab4e73ee3ad33c1dc897,full_annotation_v1,A,q_꽃_07,꽃 사는 데,생활서비스 중 '꽃'을 판매·제공하는 매장,val,꽃,T4 구어·문장,3a781f2e-8202-470c-befb-3c36411033bf,창가에 꽃,꽃,신용연제 골목형상점가,골목형상점가,광주광역시,,,
c95a428602ba44a977eb,full_annotation_v1,A,q_꽃_07,꽃 사는 데,생활서비스 중 '꽃'을 판매·제공하는 매장,val,꽃,T4 구어·문장,989fb6d4-ed19-46cb-8322-9e6e9194211c,파랑새,꽃,쌍리단길상점가,자율상권구역,서울특별시,,,
4983c24206206c32b351,full_annotation_v1,A,q_꽃_07,꽃 사는 데,생활서비스 중 '꽃'을 판매·제공하는 매장,val,꽃,T4 구어·문장,015a9bf5-459a-4d82-bb4d-f6b4136ffda5,그대가 꽃,꽃,첨단월계 골목형상점가,골목형상점가,광주광역시,,,
5277a472b87f9e4f10b7,full_annotation_v1,A,q_꽃_07,꽃 사는 데,생활서비스 중 '꽃'을 판매·제공하는 매장,val,꽃,T4 구어·문장,d31a8752-dd4d-4fe2-a513-c93a96253557,꽃라온,꽃,북촌계동길골목형상점가,골목형상점가,서울특별시,,,
51898b9c0af87d78de59,full_annotation_v1,A,q_꽃_07,꽃 사는 데,생활서비스 중 '꽃'을 판매·제공하는 매장,val,꽃,T4 구어·문장,2441ce2f-57c7-453e-80a4-0a4e41d5d0ec,궁전꽃집,꽃,현대시장,전통시장,인천광역시,,,
6ede7ac2bda8717b936e,full_annotation_v1,A,q_꽃_07,꽃 사는 데,생활서비스 중 '꽃'을 판매·제공하는 매장,val,꽃,T4 구어·문장,08b9f9fd-7584-41c1-ba08-8a0cbb126f18,유플라워,꽃집,달서시장,전통시장,대구광역시,,,
e97c58baef013437f25f,full_annotation_v1,A,q_꽃_07,꽃 사는 데,생활서비스 중 '꽃'을 판매·제공하는 매장,val,꽃,T4 구어·문장,d2ea14c2-e186-4317-9e87-7ed2568dcf5b,하나꽃화원,꽃,"온양온천시장(온양재래시장, 전통시장)",전통시장,충청남도,,,
45e234f702c572416442,full_annotation_v1,A,q_꽃_07,꽃 사는 데,생활서비스 중 '꽃'을 판매·제공하는 매장,val,꽃,T4 구어·문장,72e4403e-31bd-44e9-b724-9aac71f443ed,수플라워,꽃,송강동 골목형상점가,골목형상점가,대전광역시,,,
ab652b06f6b4b0e20467,full_annotation_v1,A,q_꽃_07,꽃 사는 데,생활서비스 중 '꽃'을 판매·제공하는 매장,val,꽃,T4 구어·문장,ad7c5583-b22c-46d6-9ac0-97c2235f9086,꽃부리영,꽃,둔산꽃길 골목형상점가,골목형상점가,대전광역시,,,
a65299beb39631015ecc,full_annotation_v1,A,q_꽃_07,꽃 사는 데,생활서비스 중 '꽃'을 판매·제공하는 매장,val,꽃,T4 구어·문장,066a65ee-fe0b-442c-a440-4ce37e296082,화인꽃방,생화조화,김해 동상전통시장,전통시장,경상남도,,,
1f48451e5a4623ce3a4a,full_annotation_v1,A,q_꽃_07,꽃 사는 데,생활서비스 중 '꽃'을 판매·제공하는 매장,val,꽃,T4 구어·문장,61351d25-d537-4c5d-aa7f-e3d1bfdd8693,플로렌스,꽃,지범골목먹거리타운 골목형상점가,골목형상점가,대구광역시,,,
ac54def26f3841ad932d,full_annotation_v1,A,q_꽃_07,꽃 사는 데,생활서비스 중 '꽃'을 판매·제공하는 매장,val,꽃,T4 구어·문장,0e5a591b-cc1f-4529-9593-c68d305729a6,꼬슬란꽃집,소매(화원),가평잣고을시장,전통시장,경기도,,,
b1f6d1c9a0fe8d84837b,full_annotation_v1,A,q_꽃_07,꽃 사는 데,생활서비스 중 '꽃'을 판매·제공하는 매장,val,꽃,T4 구어·문장,1f17df28-643a-4205-b24d-68dedbfd70d1,꽃앤수,꽃,둔산꽃길 골목형상점가,골목형상점가,대전광역시,,,
3461ca591bcdf4f88cbc,full_annotation_v1,A,q_꽃_07,꽃 사는 데,생활서비스 중 '꽃'을 판매·제공하는 매장,val,꽃,T4 구어·문장,b85a1186-2171-487e-a9c3-bda720b4f26e,꽃수레,꽃,부산자유시장,전통시장,부산광역시,,,
f490d2749743037e5010,full_annotation_v1,A,q_꽃_07,꽃 사는 데,생활서비스 중 '꽃'을 판매·제공하는 매장,val,꽃,T4 구어·문장,001b5693-72ee-4677-9cdb-39117fbc932a,로사리움,꽃,첨단지구 골목형상점가,골목형상점가,광주광역시,,,
8a6d9bbf0dc3b50436b3,full_annotation_v1,A,q_꽃_07,꽃 사는 데,생활서비스 중 '꽃'을 판매·제공하는 매장,val,꽃,T4 구어·문장,4edb9a0e-65a6-4da2-8461-912a9a7db07d,뮤토(MUTO),,울산대바보사거리 골목형상점가,골목형상점가,울산광역시,,,
6cbdf67c2df92e3618a0,full_annotation_v1,A,q_꽃_07,꽃 사는 데,생활서비스 중 '꽃'을 판매·제공하는 매장,val,꽃,T4 구어·문장,8b222442-07e6-4dea-b8e9-f5b7c3acda61,모이비엔,의류 및 잡화,창원 성원그랜드쇼핑상가,전통시장,경상남도,,,
eab4a80fb7e9998a8328,full_annotation_v1,A,q_꽃_07,꽃 사는 데,생활서비스 중 '꽃'을 판매·제공하는 매장,val,꽃,T4 구어·문장,29bb914e-74ed-4b8b-b26d-3cbb892a1182,연수꽃화원,꽃,옹달샘시장(구 충주남부시장),전통시장,충청북도,,,
633072754104f4b752cc,full_annotation_v1,A,q_꽃_07,꽃 사는 데,생활서비스 중 '꽃'을 판매·제공하는 매장,val,꽃,T4 구어·문장,01361075-0980-43ea-8c81-a58d44a604bb,플라워루체,생화,운암북문대로 골목형상점가,골목형상점가,광주광역시,,,
2a5a7c5561d611a46b43,full_annotation_v1,A,q_꽃_07,꽃 사는 데,생활서비스 중 '꽃'을 판매·제공하는 매장,val,꽃,T4 구어·문장,46090ff9-d080-41b3-82dc-f3e2d4029e36,오월의 꽃,꽃,금암동 골목형상점가,골목형상점가,충청남도,,,
66a2b8741344c20a0dd0,full_annotation_v1,A,q_꽃_07,꽃 사는 데,생활서비스 중 '꽃'을 판매·제공하는 매장,val,꽃,T4 구어·문장,a0c3dc25-8fc8-4d3a-a909-3ae2445b4982,덕분에꽃,꽃,수완중흥대방 골목형상점가,골목형상점가,광주광역시,,,
b037a2e6b074827e4797,full_annotation_v1,A,q_꽃_07,꽃 사는 데,생활서비스 중 '꽃'을 판매·제공하는 매장,val,꽃,T4 구어·문장,6b9f3adc-8af6-49b2-93de-5b1b1361f479,플로라,꽃,서구청먹자골목상인회 골목형상점가,골목형상점가,광주광역시,,,
6ad93a1b9d526ee868f8,full_annotation_v1,A,q_꽃_07,꽃 사는 데,생활서비스 중 '꽃'을 판매·제공하는 매장,val,꽃,T4 구어·문장,668fdfb3-7fad-4aa5-a571-c40573b1cddd,장석이네 식당,"추어탕, 육개장, 청국장, 돼지국밥, 순대국밥, 황태콩나물국밥, 얼큰수제비",울진시장(울진바지게시장),전통시장,경상북도,,,
38b4191ca75e9bec6cd3,full_annotation_v1,A,q_꽃_07,꽃 사는 데,생활서비스 중 '꽃'을 판매·제공하는 매장,val,꽃,T4 구어·문장,17d73f2c-e906-4804-ba93-8fcbbed7099c,강남화원,꽃,부천강남시장,전통시장,경기도,,,
e380015be0f3025c6047,full_annotation_v1,A,q_꽃_07,꽃 사는 데,생활서비스 중 '꽃'을 판매·제공하는 매장,val,꽃,T4 구어·문장,89cbffef-eb56-460c-b463-91b7cfb2c591,오늘도 훈훈헤어,미용,남악사랑 골목형상점가,골목형상점가,전라남도,,,
7fb00ba5c8542f384021,full_annotation_v1,A,q_꽃_07,꽃 사는 데,생활서비스 중 '꽃'을 판매·제공하는 매장,val,꽃,T4 구어·문장,00046925-dcb7-4796-8c1e-0de154aa3825,가든꽃화원,생화,전주풍남문상점가,자율상권구역,전북특별자치도,,,
dbae5f52950f655779b2,full_annotation_v1,A,q_꽃_07,꽃 사는 데,생활서비스 중 '꽃'을 판매·제공하는 매장,val,꽃,T4 구어·문장,fba2de74-75f0-46b9-a95a-112ee7499d82,아담플라워,화환,월곡달빛오거리골목형상점가,골목형상점가,서울특별시,,,
7d13c6fcaf7199bc1936,full_annotation_v1,A,q_꽃_07,꽃 사는 데,생활서비스 중 '꽃'을 판매·제공하는 매장,val,꽃,T4 구어·문장,272cbf5f-37fa-4725-aba1-62a9f278007d,살롱아미가,미용업,다산중앙로 상점가,자율상권구역,경기도,,,
47d97f3143472c68b020,full_annotation_v1,A,q_꽃_07,꽃 사는 데,생활서비스 중 '꽃'을 판매·제공하는 매장,val,꽃,T4 구어·문장,139f6d68-83b9-40cc-8339-120b154b8714,이딜리크,꽃집,월평1동 상인연합회,골목형상점가,대전광역시,,,
8729d468599774f3a27e,full_annotation_v1,A,q_꽃_07,꽃 사는 데,생활서비스 중 '꽃'을 판매·제공하는 매장,val,꽃,T4 구어·문장,64f46af6-68e6-445c-ba37-30a3e6efc1ad,꽃기린,꽃,운암 예술 골목형상점가,골목형상점가,광주광역시,,,
f5de80b8387879271e2a,full_annotation_v1,A,q_꽃_07,꽃 사는 데,생활서비스 중 '꽃'을 판매·제공하는 매장,val,꽃,T4 구어·문장,dbf83553-7416-4e54-9207-a35cd1e4617a,꽃이야기,꽃,성정시장(구 성정5단지시장),전통시장,충청남도,,,
3de5dd4832bc596651bb,full_annotation_v1,A,q_꽃_07,꽃 사는 데,생활서비스 중 '꽃'을 판매·제공하는 매장,val,꽃,T4 구어·문장,010fea22-a965-4d8e-a805-083042a361ec,니어앤디어Cafe,꽃,상주중앙시장,전통시장,경상북도,,,
41909ecd2bc9a3a1dcce,full_annotation_v1,A,q_꽃_07,꽃 사는 데,생활서비스 중 '꽃'을 판매·제공하는 매장,val,꽃,T4 구어·문장,359df784-64ca-44d9-843d-119b126f095a,서산헬퍼,배달,서산동부전통시장,전통시장,충청남도,,,
489c78168d719eebbde9,full_annotation_v1,A,q_꽃_07,꽃 사는 데,생활서비스 중 '꽃'을 판매·제공하는 매장,val,꽃,T4 구어·문장,1d312a49-e716-4215-8e46-7ea77e87567a,앤디엔카렌,의류업,마산 창동통합상가,자율상권구역,경상남도,,,
cbe08e26e96426d521d5,full_annotation_v1,A,q_꽃_07,꽃 사는 데,생활서비스 중 '꽃'을 판매·제공하는 매장,val,꽃,T4 구어·문장,b6202898-a9c7-454b-865f-a75428f5e858,정원꽃집,꽃,솔샘시장 골목형상점가,골목형상점가,서울특별시,,,
eed85543264d991671c2,full_annotation_v1,A,q_꽃_07,꽃 사는 데,생활서비스 중 '꽃'을 판매·제공하는 매장,val,꽃,T4 구어·문장,2743811c-5e71-4d2b-aa75-1b0147d44f2d,사우 꽃이 피는 곳,꽃,김포 풍년마을 골목형상점가,골목형상점가,경기도,,,
096e2ac9b7df32a5d3bb,full_annotation_v1,A,q_꽃_07,꽃 사는 데,생활서비스 중 '꽃'을 판매·제공하는 매장,val,꽃,T4 구어·문장,0dc54a43-0aee-4fcb-939d-b0f59e5b1b25,금원꽃집,,송강동 골목형상점가,골목형상점가,대전광역시,,,
5f221b296719fac1b552,full_annotation_v1,A,q_꽃_07,꽃 사는 데,생활서비스 중 '꽃'을 판매·제공하는 매장,val,꽃,T4 구어·문장,3eef013d-b63f-4d21-bd42-73239ce5d1aa,치에스타,양식 레스토랑,BOCA 보카상점가,골목형상점가,경기도,,,
33050c759ee9fe5c1684,full_annotation_v1,A,q_꽃_07,꽃 사는 데,생활서비스 중 '꽃'을 판매·제공하는 매장,val,꽃,T4 구어·문장,067b4645-360b-4994-b793-9940b502f4fe,어여쁨꽃,꽃,운천호수공원상인회 골목형상점가,골목형상점가,광주광역시,,,
5eb214def6b5a4e7a798,full_annotation_v1,A,q_꽃_07,꽃 사는 데,생활서비스 중 '꽃'을 판매·제공하는 매장,val,꽃,T4 구어·문장,d7ed43b7-3ccd-46eb-b959-fb6d7b683cee,플라워마리포사,꽃,마산 오동동 창동 어시장 상권활성화구역,상권활성화구역,경상남도,,,
0bd521250eed1f746b69,full_annotation_v1,A,q_꽃_07,꽃 사는 데,생활서비스 중 '꽃'을 판매·제공하는 매장,val,꽃,T4 구어·문장,a0544dd5-6d13-4a34-abf8-097955ba18c7,허브플라워,꽃,다모아상가 골목형상점가,골목형상점가,대전광역시,,,
c59e48cf965f8a0d90d1,full_annotation_v1,A,q_꽃_07,꽃 사는 데,생활서비스 중 '꽃'을 판매·제공하는 매장,val,꽃,T4 구어·문장,b8d695e7-bfff-4615-9dab-9308a7ec236c,조공화원,꽃,조공시장,전통시장,경기도,,,
06789defc8a4cb66834c,full_annotation_v1,A,q_꽃_07,꽃 사는 데,생활서비스 중 '꽃'을 판매·제공하는 매장,val,꽃,T4 구어·문장,b719ea37-b62a-4ab1-bdc0-173303a70688,화동꽃집,꽃,반딧불이연무시장,전통시장,경기도,,,
5c38e32afe78ef735c78,full_annotation_v1,A,q_꽃_07,꽃 사는 데,생활서비스 중 '꽃'을 판매·제공하는 매장,val,꽃,T4 구어·문장,68768347-697e-44c9-9438-db42d626fde2,쁠라와,꽃,성수역골목형상점가,골목형상점가,서울특별시,,,
1e22d90e979b22b67dca,full_annotation_v1,A,q_꽃_07,꽃 사는 데,생활서비스 중 '꽃'을 판매·제공하는 매장,val,꽃,T4 구어·문장,e375b505-a6d2-4593-9f96-3c633ad17f10,파리바게뜨 오목교역점,"빵, 음료",오목교역8번출구골목형상점가,골목형상점가,서울특별시,,,
ce8c0c0216bea808f759,full_annotation_v1,A,q_꽃_07,꽃 사는 데,생활서비스 중 '꽃'을 판매·제공하는 매장,val,꽃,T4 구어·문장,2fd6db16-8b47-41d4-b6d9-a1cc57c25343,미리내flowershop,"생화, 조화, 화분, 화환",인동중앙상점가,골목형상점가,경상북도,,,
ac80f11df67301b61879,full_annotation_v1,A,q_꽃_07,꽃 사는 데,생활서비스 중 '꽃'을 판매·제공하는 매장,val,꽃,T4 구어·문장,0043469e-66b6-48d0-b7a9-d87c0887cf59,꽃이예쁜집,꽃,장동앞길 골목형상점가,골목형상점가,광주광역시,,,
e201792a391dda2238d3,full_annotation_v1,A,q_꽃_07,꽃 사는 데,생활서비스 중 '꽃'을 판매·제공하는 매장,val,꽃,T4 구어·문장,9a5c0258-950c-478e-83b6-c33660b6e704,예쁜집,꽃,제일종합시장,전통시장,강원특별자치도,,,
8e09c61075aafdbecd7c,full_annotation_v1,A,q_꽃_07,꽃 사는 데,생활서비스 중 '꽃'을 판매·제공하는 매장,val,꽃,T4 구어·문장,fefb8767-6974-462c-bc35-8885afedf5b7,진플라워,꽃,남구로시장,전통시장,서울특별시,,,
7a7ff16e02a43fc9be8b,full_annotation_v1,A,q_꽃_07,꽃 사는 데,생활서비스 중 '꽃'을 판매·제공하는 매장,val,꽃,T4 구어·문장,c0591314-c5a5-44fc-8ce7-61b817a653ce,꽃담,꽃,새샘하루 골목형상점가,골목형상점가,세종특별자치시,,,
74bb69185c6186e8b7bf,full_annotation_v1,A,q_꽃_07,꽃 사는 데,생활서비스 중 '꽃'을 판매·제공하는 매장,val,꽃,T4 구어·문장,0165a7f2-4303-433a-a548-17d89cb6fa0f,"꽃,과일","꽃, 과일",이동 골목형상점가,골목형상점가,경기도,,,
c091aedea5fc9180c490,full_annotation_v1,A,q_꽃_07,꽃 사는 데,생활서비스 중 '꽃'을 판매·제공하는 매장,val,꽃,T4 구어·문장,4986be7f-8f73-4efe-a042-f653180519be,오늘,꽃,송천동1가 골목형상점가,골목형상점가,전북특별자치도,,,
bd1bb1787612e920cc9e,full_annotation_v1,A,q_꽃_07,꽃 사는 데,생활서비스 중 '꽃'을 판매·제공하는 매장,val,꽃,T4 구어·문장,1789331b-68b5-4a70-ac8a-f94c71281f8c,전북화원,꽃,군산동백로 나운상가 골목형상점가,골목형상점가,전북특별자치도,,,
87f9d21581551b703725,full_annotation_v1,A,q_꽃_07,꽃 사는 데,생활서비스 중 '꽃'을 판매·제공하는 매장,val,꽃,T4 구어·문장,9d15b26c-b7c6-48cf-afbc-f0dcdc22cccf,꽃디,꽃,푸른마을공동체센터 골목형상점가,골목형상점가,광주광역시,,,
3d00a00ecb154e82e4ae,full_annotation_v1,A,q_꽃_07,꽃 사는 데,생활서비스 중 '꽃'을 판매·제공하는 매장,val,꽃,T4 구어·문장,7d44654a-2278-435b-b9d4-64bf236a8e2e,설렘,꽃,나주 예가람,골목형상점가,전라남도,,,
69dbd08955f9ebdba735,full_annotation_v1,A,q_꽃_07,꽃 사는 데,생활서비스 중 '꽃'을 판매·제공하는 매장,val,꽃,T4 구어·문장,03de55fd-e04d-4c83-861f-72bd167d8afc,드레스플라워,,대봉모리 골목형상점가,골목형상점가,대구광역시,,,
d92f7a4c79d2d9bd62f1,full_annotation_v1,A,q_꽃_07,꽃 사는 데,생활서비스 중 '꽃'을 판매·제공하는 매장,val,꽃,T4 구어·문장,1d3a7396-fb62-43f5-b53d-fa43a333ff0b,로랭,꽃,춘천지하상가,일반지하상점가,강원특별자치도,,,
8f3abf3abc2c5701e943,full_annotation_v1,A,q_꽃_07,꽃 사는 데,생활서비스 중 '꽃'을 판매·제공하는 매장,val,꽃,T4 구어·문장,8d650c6a-5a65-4333-8344-0f9eda52ffa4,양지꽃집,꽃,봉리단길골목형상점가,골목형상점가,서울특별시,,,
30baf34f93896de5f57b,full_annotation_v1,A,q_꽃_07,꽃 사는 데,생활서비스 중 '꽃'을 판매·제공하는 매장,val,꽃,T4 구어·문장,7313e2f8-9fe0-4e0e-8dd9-3f1100802046,허브역,꽃,동두천중앙시장,전통시장,경기도,,,
5ad37d5968d628b82b90,full_annotation_v1,A,q_꽃_07,꽃 사는 데,생활서비스 중 '꽃'을 판매·제공하는 매장,val,꽃,T4 구어·문장,adce481f-e15e-4db6-8e49-425b0ebab629,꽃걸음,꽃,대인동예술담길 골목형상점가,골목형상점가,광주광역시,,,
e20a66013d6acc2edbdd,full_annotation_v1,A,q_꽃_07,꽃 사는 데,생활서비스 중 '꽃'을 판매·제공하는 매장,val,꽃,T4 구어·문장,f5fe5b04-934a-4757-a624-a8e3059081ec,청솔꽃문화원,꽃,수원역로데오거리상점가(매산로테마거리),자율상권구역,경기도,,,
cc1cced0335d9fbefc0f,full_annotation_v1,A,q_꽃_07,꽃 사는 데,생활서비스 중 '꽃'을 판매·제공하는 매장,val,꽃,T4 구어·문장,7d7bba07-5cc6-455a-9a92-b98726b97de1,플렉스데코,꽃,양정시장,전통시장,부산광역시,,,
db4fdc2ca45e3a4b4c5e,full_annotation_v1,A,q_꽃_07,꽃 사는 데,생활서비스 중 '꽃'을 판매·제공하는 매장,val,꽃,T4 구어·문장,0393ce95-3e7d-4bb5-8ad3-e5da1199e516,꽃사랑화원,화원,남해 명품화전길 골목형상점가,골목형상점가,경상남도,,,
7a8810f284c6991bbc6a,full_annotation_v1,A,q_꽃_07,꽃 사는 데,생활서비스 중 '꽃'을 판매·제공하는 매장,val,꽃,T4 구어·문장,475c8333-21b9-4508-86a9-24b33a4fc30d,송정맛고집,,송정청춘 골목형상점가,골목형상점가,울산광역시,,,
3a2bfe09418bb45a9096,full_annotation_v1,A,q_꽃_07,꽃 사는 데,생활서비스 중 '꽃'을 판매·제공하는 매장,val,꽃,T4 구어·문장,94019ef1-8bfc-45ea-b8be-7e8b0c7b7b35,남경회수산,"활어회포장, 배달",원대신시장,전통시장,대구광역시,,,
f05b42544c7ba984eeed,full_annotation_v1,A,q_꽃_07,꽃 사는 데,생활서비스 중 '꽃'을 판매·제공하는 매장,val,꽃,T4 구어·문장,d6821f66-069a-4e18-9c5e-cb8ee5ded4fe,두일조화,꽃,대구꽃백화점 골목형상점가,골목형상점가,대구광역시,,,
98ba4b9fa3249d341f30,full_annotation_v1,A,q_꽃_07,꽃 사는 데,생활서비스 중 '꽃'을 판매·제공하는 매장,val,꽃,T4 구어·문장,04c231bf-d3f7-4202-b3a8-d03eb7531853,실버라인,도소매(조화),고투몰(강남터미널지하도상점가),일반지하상점가,서울특별시,,,
e2c618775ca0f37969c8,full_annotation_v1,A,q_꽃_07,꽃 사는 데,생활서비스 중 '꽃'을 판매·제공하는 매장,val,꽃,T4 구어·문장,01b50703-620e-4976-9b84-a03f2ba9bdcf,메르세드플라워,,관저상가 골목형상점가,골목형상점가,대전광역시,,,
493fbd9bd79cbc7b6fa5,full_annotation_v1,A,q_꽃_07,꽃 사는 데,생활서비스 중 '꽃'을 판매·제공하는 매장,val,꽃,T4 구어·문장,4825acae-5ec9-42a7-a4dd-bcaabd92399d,꽃집,꽃,동명동 카페거리 골목형상점가,골목형상점가,광주광역시,,,
7ead83489b6071e89813,full_annotation_v1,A,q_꽃_07,꽃 사는 데,생활서비스 중 '꽃'을 판매·제공하는 매장,val,꽃,T4 구어·문장,aba76fc2-984e-4030-ba01-e2e7d78264c7,데 아로즈 대전둔산본점,,갈리단길 골목형상점가,골목형상점가,대전광역시,,,
ba461c649dd61acc177f,full_annotation_v1,A,q_꽃_07,꽃 사는 데,생활서비스 중 '꽃'을 판매·제공하는 매장,val,꽃,T4 구어·문장,a385dc0d-a4a8-49c1-9459-00541d2a357f,진플라워,"생화, 관엽, 동양난, 서양난, 화분, 화환, 꽃배달",문화길 골목형상점가,골목형상점가,세종특별자치시,,,
b9a1d646661bbd780dcc,full_annotation_v1,A,q_꽃_07,꽃 사는 데,생활서비스 중 '꽃'을 판매·제공하는 매장,val,꽃,T4 구어·문장,00b20e6f-4b2f-410f-984c-b6a206704138,나리화원.꽃,,승달 골목형상점가,골목형상점가,,,,
af2e0d27f42288fb349c,full_annotation_v1,A,q_꽃_07,꽃 사는 데,생활서비스 중 '꽃'을 판매·제공하는 매장,val,꽃,T4 구어·문장,00b13ca2-ef5b-4243-9a38-2de8507a2c21,남촌플라워,생화,용상공설시장,전통시장,경상북도,,,
62ec2851c4ef8ccd8955,full_annotation_v1,A,q_꽃_07,꽃 사는 데,생활서비스 중 '꽃'을 판매·제공하는 매장,val,꽃,T4 구어·문장,6c173e48-b1d5-46a4-8c7e-b8986310dfbe,소매업,꽃,둔산꽃길 골목형상점가,골목형상점가,대전광역시,,,
5de2dc62055c98ed3489,full_annotation_v1,A,q_꽃_07,꽃 사는 데,생활서비스 중 '꽃'을 판매·제공하는 매장,val,꽃,T4 구어·문장,1cd2d8cc-91fb-4461-b020-38169644e8cf,에덴화원,꽃,용산용문시장,전통시장,서울특별시,,,
90e610edfb632380d73f,full_annotation_v1,A,q_꽃_07,꽃 사는 데,생활서비스 중 '꽃'을 판매·제공하는 매장,val,꽃,T4 구어·문장,9fd9bf80-f13f-47fe-a5f0-8417e68b1c88,"꽃, 방",꽃,사가정시장,전통시장,서울특별시,,,
82aa73a399588612bc47,full_annotation_v1,A,q_꽃_07,꽃 사는 데,생활서비스 중 '꽃'을 판매·제공하는 매장,val,꽃,T4 구어·문장,07e2a120-4803-4634-bd52-ebd7c5433825,슬이네(보떼),조화,고투몰(강남터미널지하도상점가),일반지하상점가,서울특별시,,,
48918130925d0404551f,full_annotation_v1,A,q_꽃_07,꽃 사는 데,생활서비스 중 '꽃'을 판매·제공하는 매장,val,꽃,T4 구어·문장,a2753a1b-f34d-4e5e-a36d-58dd0caa86ca,아이비플라워,꽃,광주송정역세권 상권활성화구역,상권활성화구역,광주광역시,,,
616f4da336f1e1fba3a1,full_annotation_v1,A,q_꽃_07,꽃 사는 데,생활서비스 중 '꽃'을 판매·제공하는 매장,val,꽃,T4 구어·문장,957cf2ab-48cd-4318-acf9-256e66cc5641,휘니체,꽃,밀양 아리랑시장,전통시장,경상남도,,,
5bc20c68690e197e5d91,full_annotation_v1,A,q_꽃_08,꽃다발 파는 곳,생활서비스 중 '꽃'을 판매·제공하는 매장,val,꽃,T4 구어·문장,00046925-dcb7-4796-8c1e-0de154aa3825,가든꽃화원,생화,전주풍남문상점가,자율상권구역,전북특별자치도,,,
91e22d7a88e4bbe210f6,full_annotation_v1,A,q_꽃_08,꽃다발 파는 곳,생활서비스 중 '꽃'을 판매·제공하는 매장,val,꽃,T4 구어·문장,0cfffb5d-5240-4c84-8fef-ef393cd00d05,플라워스튜디오 하연,꽃다발 꽃바구니 식물 화환,원신흥어울림길 골목형상점가,골목형상점가,대전광역시,,,
0759cb52e46ce02d90d1,full_annotation_v1,A,q_꽃_08,꽃다발 파는 곳,생활서비스 중 '꽃'을 판매·제공하는 매장,val,꽃,T4 구어·문장,3a18fa30-9423-4252-b2e4-c29bc867ae66,아이비플라워,꽃다발 꽃바구니 근조화환 축하화환 개업화분,상무1동아파트상인회 골목형상점가,골목형상점가,광주광역시,,,
c3cf3a6d228c10f6ae99,full_annotation_v1,A,q_꽃_08,꽃다발 파는 곳,생활서비스 중 '꽃'을 판매·제공하는 매장,val,꽃,T4 구어·문장,359df784-64ca-44d9-843d-119b126f095a,서산헬퍼,배달,서산동부전통시장,전통시장,충청남도,,,
c9239429cf5e4bc5735d,full_annotation_v1,A,q_꽃_08,꽃다발 파는 곳,생활서비스 중 '꽃'을 판매·제공하는 매장,val,꽃,T4 구어·문장,fc594302-f669-4e1b-89cf-bd5db04ae722,꽃뜰에,"생화 꽃다발, 분화, 식물",종암북바위길골목형상점가,골목형상점가,서울특별시,,,
ffe7937ff2a00c863350,full_annotation_v1,A,q_꽃_08,꽃다발 파는 곳,생활서비스 중 '꽃'을 판매·제공하는 매장,val,꽃,T4 구어·문장,38247e3a-64d9-4f76-88f5-7b1a8d95d88a,베르데이지,꽃다발꽃바구니,진다리로 백운1동 골목형상점가,골목형상점가,광주광역시,,,
75f4eae5f9f6087340e8,full_annotation_v1,A,q_꽃_08,꽃다발 파는 곳,생활서비스 중 '꽃'을 판매·제공하는 매장,val,꽃,T4 구어·문장,9beeedf7-e6fd-4d10-b713-a195f9452adf,니어리스트(NEAREST),꽃다발,중흥동 큰샘길 골목형상점가,골목형상점가,광주광역시,,,
168942c28e742ba69b7c,full_annotation_v1,A,q_꽃_08,꽃다발 파는 곳,생활서비스 중 '꽃'을 판매·제공하는 매장,val,꽃,T4 구어·문장,ccec06ff-7d86-4a26-b28e-fbd2b2640e92,바닐라,셔츠 및 기타 의복,오산원동상점가,골목형상점가,경기도,,,
cf84522ef1c72d68b30a,full_annotation_v1,A,q_꽃_08,꽃다발 파는 곳,생활서비스 중 '꽃'을 판매·제공하는 매장,val,꽃,T4 구어·문장,08b9f9fd-7584-41c1-ba08-8a0cbb126f18,유플라워,꽃집,달서시장,전통시장,대구광역시,,,
e51c1df61606c3f7b3ae,full_annotation_v1,A,q_꽃_08,꽃다발 파는 곳,생활서비스 중 '꽃'을 판매·제공하는 매장,val,꽃,T4 구어·문장,010fea22-a965-4d8e-a805-083042a361ec,니어앤디어Cafe,꽃,상주중앙시장,전통시장,경상북도,,,
28802d5f00b6555ba6d6,full_annotation_v1,A,q_꽃_08,꽃다발 파는 곳,생활서비스 중 '꽃'을 판매·제공하는 매장,val,꽃,T4 구어·문장,5014d54a-b5f8-499b-a6e2-87cd2ba7e0b7,어쩌다꽃,꽃다발 꽃바구니 화초,평택국제중앙시장,전통시장,경기도,,,
5fc5b32e99f1aab51d17,full_annotation_v1,A,q_꽃_08,꽃다발 파는 곳,생활서비스 중 '꽃'을 판매·제공하는 매장,val,꽃,T4 구어·문장,ac1242cd-45a4-4acb-839d-8d3b40fecce3,동네사랑채,의류 신발 가방모자,광주송정역세권 상권활성화구역,상권활성화구역,광주광역시,,,
96f98d61e108a5da0aff,full_annotation_v1,A,q_꽃_08,꽃다발 파는 곳,생활서비스 중 '꽃'을 판매·제공하는 매장,val,꽃,T4 구어·문장,01b50703-620e-4976-9b84-a03f2ba9bdcf,메르세드플라워,,관저상가 골목형상점가,골목형상점가,대전광역시,,,
38372467c4456b6f4eeb,full_annotation_v1,A,q_꽃_08,꽃다발 파는 곳,생활서비스 중 '꽃'을 판매·제공하는 매장,val,꽃,T4 구어·문장,012ed1bc-d2d6-4dad-8b36-6ad33d367ab2,24시꽃집럭키플라워송도점,생화 식물,송도랜드마크시티 센트럴더샵 골목형상점가,골목형상점가,인천광역시,,,
ccdf1f8c48e6385b6c54,full_annotation_v1,A,q_꽃_08,꽃다발 파는 곳,생활서비스 중 '꽃'을 판매·제공하는 매장,val,꽃,T4 구어·문장,fb1202dc-261e-4768-a390-5ba3de8e9aba,아우첼라 플라워,꽃다발,구미 금리단길 골목형상점가,골목형상점가,경상북도,,,
f42924017958045acb1b,full_annotation_v1,A,q_꽃_08,꽃다발 파는 곳,생활서비스 중 '꽃'을 판매·제공하는 매장,val,꽃,T4 구어·문장,ad2284ff-8791-453b-b8a9-67654ff94220,폰파는 신사,휴대폰,남해 명품화전길 골목형상점가,골목형상점가,경상남도,,,
1dcfe1267af7bbb36f56,full_annotation_v1,A,q_꽃_08,꽃다발 파는 곳,생활서비스 중 '꽃'을 판매·제공하는 매장,val,꽃,T4 구어·문장,c2385b8c-427c-456d-b2cd-9348ab49a18b,리시안 플라워,"꽃다발, 화분",둔산꽃길 골목형상점가,골목형상점가,대전광역시,,,
8680d7cef923738a93ec,full_annotation_v1,A,q_꽃_08,꽃다발 파는 곳,생활서비스 중 '꽃'을 판매·제공하는 매장,val,꽃,T4 구어·문장,1d9b9636-ffa3-4b67-b16c-1e6a0ba61ff0,인플라워 (IN FLOWER),꽃다발,엄사 골목형상점가,골목형상점가,충청남도,,,
39024cd465db39cf5826,full_annotation_v1,A,q_꽃_08,꽃다발 파는 곳,생활서비스 중 '꽃'을 판매·제공하는 매장,val,꽃,T4 구어·문장,0268ed52-44bd-4e9c-a295-7a64f656640a,양정화원,화원,관고전통시장,전통시장,경기도,,,
3043d20fe95db80c2b95,full_annotation_v1,A,q_꽃_08,꽃다발 파는 곳,생활서비스 중 '꽃'을 판매·제공하는 매장,val,꽃,T4 구어·문장,b26d1af4-a593-4973-a22b-cde4ec7cf3ea,에덴화원,생화 초화 꽃다발 꽃바구니 화환 관엽 화분,하남대로,골목형상점가,광주광역시,,,
d6d170165486d9504df6,full_annotation_v1,A,q_꽃_08,꽃다발 파는 곳,생활서비스 중 '꽃'을 판매·제공하는 매장,val,꽃,T4 구어·문장,5723d922-e55c-46bc-a5b9-846ba2afdf5d,커피파는 집,,거제 성포 골목형상점가,골목형상점가,경상남도,,,
e055b12042a3d0193e50,full_annotation_v1,A,q_꽃_08,꽃다발 파는 곳,생활서비스 중 '꽃'을 판매·제공하는 매장,val,꽃,T4 구어·문장,00b610a8-8a8a-4c5e-9e0b-cba5e4d22c93,에덴꽃화원,꽃,태화시장,전통시장,울산광역시,,,
ebe39a71b78ace3f54f8,full_annotation_v1,A,q_꽃_08,꽃다발 파는 곳,생활서비스 중 '꽃'을 판매·제공하는 매장,val,꽃,T4 구어·문장,091b1d69-d4e3-4d8c-9000-1d40f95f50e9,은자씨 플라워,화환,부티크타운 골목형 상점가,골목형상점가,충청남도,,,
42afb6400ffdd9e0c61d,full_annotation_v1,A,q_꽃_08,꽃다발 파는 곳,생활서비스 중 '꽃'을 판매·제공하는 매장,val,꽃,T4 구어·문장,02b04299-d64f-4c59-b73c-487d485fff0f,속초꽃집 화사랑플라워,,청학사거리 골목형상점가,골목형상점가,강원특별자치도,,,
bf0bbbfe67b29a8b7dc3,full_annotation_v1,A,q_꽃_08,꽃다발 파는 곳,생활서비스 중 '꽃'을 판매·제공하는 매장,val,꽃,T4 구어·문장,070a949c-b89d-4ccf-8e63-1743372657bf,조경나라,조화,고투몰(강남터미널지하도상점가),일반지하상점가,서울특별시,,,
c5cad1f526e31bd0994e,full_annotation_v1,A,q_꽃_08,꽃다발 파는 곳,생활서비스 중 '꽃'을 판매·제공하는 매장,val,꽃,T4 구어·문장,0087b08e-75d9-4580-98ee-b89a11922c32,전광화원,,장흥시장 골목형상점가,골목형상점가,,,,
f5d1a1aba68f795940d5,full_annotation_v1,A,q_꽃_08,꽃다발 파는 곳,생활서비스 중 '꽃'을 판매·제공하는 매장,val,꽃,T4 구어·문장,9b4fc779-b33c-4d82-bee6-9acf7defc3c1,주식회사 두두컴퍼니코리아,배달,자양로13길골목형상점가,골목형상점가,서울특별시,,,
d4e8302ac8edb85c626b,full_annotation_v1,A,q_꽃_08,꽃다발 파는 곳,생활서비스 중 '꽃'을 판매·제공하는 매장,val,꽃,T4 구어·문장,00b13ca2-ef5b-4243-9a38-2de8507a2c21,남촌플라워,생화,용상공설시장,전통시장,경상북도,,,
00eb1538fc21ea99fe91,full_annotation_v1,A,q_꽃_08,꽃다발 파는 곳,생활서비스 중 '꽃'을 판매·제공하는 매장,val,꽃,T4 구어·문장,f3602c06-803c-4cba-95e5-27f51cdb7d4a,무지개 풍선가게,"풍선, 파티용품, 조화, 꽃다발",산울동 골목형상점가,골목형상점가,세종특별자치시,,,
a7aafcfffd234245e4ef,full_annotation_v1,A,q_꽃_08,꽃다발 파는 곳,생활서비스 중 '꽃'을 판매·제공하는 매장,val,꽃,T4 구어·문장,066a65ee-fe0b-442c-a440-4ce37e296082,화인꽃방,생화조화,김해 동상전통시장,전통시장,경상남도,,,
73c36740e842c149607e,full_annotation_v1,A,q_꽃_08,꽃다발 파는 곳,생활서비스 중 '꽃'을 판매·제공하는 매장,val,꽃,T4 구어·문장,1bcad751-ccc4-45fc-8879-6ea21e3893b7,이천기름집,도소매(농산물),모란전통기름시장,전통시장,경기도,,,
2ac11e7d3333ae9a1e26,full_annotation_v1,A,q_꽃_08,꽃다발 파는 곳,생활서비스 중 '꽃'을 판매·제공하는 매장,val,꽃,T4 구어·문장,7856c111-baf2-4da2-8108-222d665901ee,신흥꽃집,생화 꽃다발 식물,괴정가장로 골목형상점가,골목형상점가,대전광역시,,,
6c4d13cafd44eecad28e,full_annotation_v1,A,q_꽃_08,꽃다발 파는 곳,생활서비스 중 '꽃'을 판매·제공하는 매장,val,꽃,T4 구어·문장,94019ef1-8bfc-45ea-b8be-7e8b0c7b7b35,남경회수산,"활어회포장, 배달",원대신시장,전통시장,대구광역시,,,
8ecde0f8d778f1fe95a8,full_annotation_v1,A,q_꽃_08,꽃다발 파는 곳,생활서비스 중 '꽃'을 판매·제공하는 매장,val,꽃,T4 구어·문장,07e2a120-4803-4634-bd52-ebd7c5433825,슬이네(보떼),조화,고투몰(강남터미널지하도상점가),일반지하상점가,서울특별시,,,
cd3ad1e052351ecf4f79,full_annotation_v1,A,q_꽃_08,꽃다발 파는 곳,생활서비스 중 '꽃'을 판매·제공하는 매장,val,꽃,T4 구어·문장,c161453d-f2c8-4b97-a2c3-a54e0cbdb7e8,생활용품 싸게 파는 집,잡화,안성중앙시장,전통시장,경기도,,,
a581829ebba7fe561a65,full_annotation_v1,A,q_꽃_08,꽃다발 파는 곳,생활서비스 중 '꽃'을 판매·제공하는 매장,val,꽃,T4 구어·문장,9440ef6f-d0c8-4f8c-9711-ca5f1a316a9c,명가한식,한식,역삼동 골목형상점가,골목형상점가,서울특별시,,,
b56d444ed69e19e98545,full_annotation_v1,A,q_꽃_08,꽃다발 파는 곳,생활서비스 중 '꽃'을 판매·제공하는 매장,val,꽃,T4 구어·문장,065a7a8c-5299-430a-93b1-257064b5c858,멜리플라워,,의왕가구거리 골목형상점가,골목형상점가,경기도,,,
4606cc3d7f708fa49f07,full_annotation_v1,A,q_꽃_08,꽃다발 파는 곳,생활서비스 중 '꽃'을 판매·제공하는 매장,val,꽃,T4 구어·문장,76a3551b-dae4-4326-92cc-662015aedbfb,쉴 곳,한식,칠성로상점가,자율상권구역,제주특별자치도,,,
155abe422f2134fa7b9c,full_annotation_v1,A,q_꽃_08,꽃다발 파는 곳,생활서비스 중 '꽃'을 판매·제공하는 매장,val,꽃,T4 구어·문장,00afc023-f2e3-417c-b675-42c0a2f682ac,경영꽃집,꽃,유성구암 골목형상점가,골목형상점가,대전광역시,,,
04045a8ef31e36d3bd90,full_annotation_v1,A,q_꽃_08,꽃다발 파는 곳,생활서비스 중 '꽃'을 판매·제공하는 매장,val,꽃,T4 구어·문장,fba2de74-75f0-46b9-a95a-112ee7499d82,아담플라워,화환,월곡달빛오거리골목형상점가,골목형상점가,서울특별시,,,
0f25afe9a09d429554cc,full_annotation_v1,A,q_꽃_08,꽃다발 파는 곳,생활서비스 중 '꽃'을 판매·제공하는 매장,val,꽃,T4 구어·문장,c111ac9d-3f3a-405c-a8db-4d127ccda9e2,행복이 있는 곳,잡화,제주로얄쇼핑센터,자율상권구역,제주특별자치도,,,
530d6da394260eba81c8,full_annotation_v1,A,q_꽃_08,꽃다발 파는 곳,생활서비스 중 '꽃'을 판매·제공하는 매장,val,꽃,T4 구어·문장,2743811c-5e71-4d2b-aa75-1b0147d44f2d,사우 꽃이 피는 곳,꽃,김포 풍년마을 골목형상점가,골목형상점가,경기도,,,
53d7f7a437739de8a451,full_annotation_v1,A,q_꽃_08,꽃다발 파는 곳,생활서비스 중 '꽃'을 판매·제공하는 매장,val,꽃,T4 구어·문장,0fdda0b6-8af0-4e6d-9574-2a8b043c0bc0,이플,"꽃집, 꽃배달",담양중앙2번가 골목형상점가,골목형상점가,전라남도,,,
c9b02a9b8d93f39e7c17,full_annotation_v1,A,q_꽃_08,꽃다발 파는 곳,생활서비스 중 '꽃'을 판매·제공하는 매장,val,꽃,T4 구어·문장,be9f8c61-892c-48ed-a49d-b63bd032c025,소곳,의류,고투몰(강남터미널지하도상점가),일반지하상점가,서울특별시,,,
3e37aec6c4a384d1a847,full_annotation_v1,A,q_꽃_08,꽃다발 파는 곳,생활서비스 중 '꽃'을 판매·제공하는 매장,val,꽃,T4 구어·문장,98a35585-0858-4a67-9574-d36cf94ee2d6,플라워헤이데이,생화꽃다발,선운 골목형상점가,골목형상점가,광주광역시,,,
81f6d5a8ffca92126124,full_annotation_v1,A,q_꽃_08,꽃다발 파는 곳,생활서비스 중 '꽃'을 판매·제공하는 매장,val,꽃,T4 구어·문장,5e88b35c-ce2f-4b20-ab65-999a2557774c,목동신발,도소매(신발),목사랑시장,전통시장,서울특별시,,,
4ad67ea4fdb7bc457e4b,full_annotation_v1,A,q_꽃_08,꽃다발 파는 곳,생활서비스 중 '꽃'을 판매·제공하는 매장,val,꽃,T4 구어·문장,006964ff-b2f9-421f-8fa7-f87219c26c0a,블리스블룸,생화,BOCA 보카상점가,골목형상점가,경기도,,,
d30b6dd4d2d7448412d3,full_annotation_v1,A,q_꽃_08,꽃다발 파는 곳,생활서비스 중 '꽃'을 판매·제공하는 매장,val,꽃,T4 구어·문장,03de55fd-e04d-4c83-861f-72bd167d8afc,드레스플라워,,대봉모리 골목형상점가,골목형상점가,대구광역시,,,
79e714a07bc8502f5b74,full_annotation_v1,A,q_꽃_08,꽃다발 파는 곳,생활서비스 중 '꽃'을 판매·제공하는 매장,val,꽃,T4 구어·문장,f8b6dbb7-a5f0-42f7-8b13-a4d609de71f9,유엘플라워,"생화, 꽃다발, 화분, 관엽식물, 화훼상품",둔산꽃길 골목형상점가,골목형상점가,대전광역시,,,
3a0bc7ccd88f3fd602c1,full_annotation_v1,A,q_꽃_08,꽃다발 파는 곳,생활서비스 중 '꽃'을 판매·제공하는 매장,val,꽃,T4 구어·문장,b2985855-e1b8-485e-ad15-d495cc453736,우영미플라워,"꽃다발, 꽃바구니 등",둔산꽃길 골목형상점가,골목형상점가,대전광역시,,,
c761377337317e71b2e2,full_annotation_v1,A,q_꽃_08,꽃다발 파는 곳,생활서비스 중 '꽃'을 판매·제공하는 매장,val,꽃,T4 구어·문장,01d1c245-a6a7-441a-8977-85303f01e56e,인플라워,생화,유성도안 골목형상점가,골목형상점가,대전광역시,,,
fdecd031880acf8e83f4,full_annotation_v1,A,q_꽃_08,꽃다발 파는 곳,생활서비스 중 '꽃'을 판매·제공하는 매장,val,꽃,T4 구어·문장,2f001ec0-8e5c-4d0b-b6d3-c3d13e8ddf5b,GS25평촌아크로타워점,소매업,안양아크로상가골목형상점가,골목형상점가,경기도,,,
d7bc8b1eda2b410033b3,full_annotation_v1,A,q_꽃_08,꽃다발 파는 곳,생활서비스 중 '꽃'을 판매·제공하는 매장,val,꽃,T4 구어·문장,e68e1d27-83ad-4bac-88c8-79f93f443a0a,밀라노,의류,신평화패션타운,전통시장,서울특별시,,,
22a00b4071eb8490bf8a,full_annotation_v1,A,q_꽃_08,꽃다발 파는 곳,생활서비스 중 '꽃'을 판매·제공하는 매장,val,꽃,T4 구어·문장,6702c44f-743f-4a82-a486-762c643027a2,야채파는 총각,농산물,구리전통시장,전통시장,경기도,,,
07ec80a2a5b491b1fa71,full_annotation_v1,A,q_꽃_08,꽃다발 파는 곳,생활서비스 중 '꽃'을 판매·제공하는 매장,val,꽃,T4 구어·문장,0123cf0c-2929-4bbe-9b13-1354e60a6922,혜오르 플라워(HYEOR FLOWER),생화 및 식물,신창진흥 골목형상점가,골목형상점가,광주광역시,,,
8333a1d177c003ab2bf6,full_annotation_v1,A,q_꽃_08,꽃다발 파는 곳,생활서비스 중 '꽃'을 판매·제공하는 매장,val,꽃,T4 구어·문장,4240ed35-72a4-4ced-b8bd-b4ee76369962,이쉬,소매업(의류),수원역전시장,전통시장,경기도,,,
068754dc07104b787d55,full_annotation_v1,A,q_꽃_08,꽃다발 파는 곳,생활서비스 중 '꽃'을 판매·제공하는 매장,val,꽃,T4 구어·문장,d6518993-afa6-49c7-9c71-6c5752e1b10c,스텔라떡볶이 광주용봉점,분식,용봉지구 골목형상점가,골목형상점가,광주광역시,,,
9fd092654293d644a198,full_annotation_v1,A,q_꽃_08,꽃다발 파는 곳,생활서비스 중 '꽃'을 판매·제공하는 매장,val,꽃,T4 구어·문장,139f6d68-83b9-40cc-8339-120b154b8714,이딜리크,꽃집,월평1동 상인연합회,골목형상점가,대전광역시,,,
feb2a60e1b18d1b05764,full_annotation_v1,A,q_꽃_08,꽃다발 파는 곳,생활서비스 중 '꽃'을 판매·제공하는 매장,val,꽃,T4 구어·문장,01361075-0980-43ea-8c81-a58d44a604bb,플라워루체,생화,운암북문대로 골목형상점가,골목형상점가,광주광역시,,,
52f2bcc83c5e04110899,full_annotation_v1,A,q_꽃_08,꽃다발 파는 곳,생활서비스 중 '꽃'을 판매·제공하는 매장,val,꽃,T4 구어·문장,6db25e14-436f-49e1-aaca-aa863607185a,에덴플라워,단화환 서양란 동양란 관엽 꽃다발 수반 꽃바구니,계림 재미로 골목형상점가,골목형상점가,광주광역시,,,
e17d0def31f85015870c,full_annotation_v1,A,q_꽃_08,꽃다발 파는 곳,생활서비스 중 '꽃'을 판매·제공하는 매장,val,꽃,T4 구어·문장,e73a0198-6a1e-4746-a43a-678feac343f0,살롱드 얼루어,미용,역삼동 골목형상점가,골목형상점가,서울특별시,,,
091177e926853af744c2,full_annotation_v1,A,q_꽃_08,꽃다발 파는 곳,생활서비스 중 '꽃'을 판매·제공하는 매장,val,꽃,T4 구어·문장,2fd6db16-8b47-41d4-b6d9-a1cc57c25343,미리내flowershop,"생화, 조화, 화분, 화환",인동중앙상점가,골목형상점가,경상북도,,,
b646236afb486b6d1799,full_annotation_v1,A,q_꽃_08,꽃다발 파는 곳,생활서비스 중 '꽃'을 판매·제공하는 매장,val,꽃,T4 구어·문장,046df2a5-89ee-4b7a-8aad-91bdc5272130,향기플라워,,정남진활력의거리 골목형상점가,골목형상점가,,,,
302bf760fddb188e75cb,full_annotation_v1,A,q_꽃_08,꽃다발 파는 곳,생활서비스 중 '꽃'을 판매·제공하는 매장,val,꽃,T4 구어·문장,001b5693-72ee-4677-9cdb-39117fbc932a,로사리움,꽃,첨단지구 골목형상점가,골목형상점가,광주광역시,,,
cb80da9cc1f2f16c7bd9,full_annotation_v1,A,q_꽃_08,꽃다발 파는 곳,생활서비스 중 '꽃'을 판매·제공하는 매장,val,꽃,T4 구어·문장,8529283e-d4e1-4160-80e7-868d8f68f53b,플라워마켓수화,꽃다발꽃바구니디퓨저,하단자율상권구역,,부산광역시,,,
4aa02f1ff933cae75505,full_annotation_v1,A,q_꽃_08,꽃다발 파는 곳,생활서비스 중 '꽃'을 판매·제공하는 매장,val,꽃,T4 구어·문장,1880a34b-0ea4-4248-90cc-2b48f613180d,행복한 꽃집,"꽃다발, 꽃바구니, 관엽식물 등",양주옥정호수공원상점가,골목형상점가,경기도,,,
7b03d28bc119ece3a5ee,full_annotation_v1,A,q_꽃_08,꽃다발 파는 곳,생활서비스 중 '꽃'을 판매·제공하는 매장,val,꽃,T4 구어·문장,5f59c153-0ca4-4ba4-9f1c-e59663f9e5e2,꽃파는 카페 가배화,꽃가게,맛조이상인회 골목형상점가,골목형상점가,광주광역시,,,
d3bffee1f8d1430d8c19,full_annotation_v1,A,q_꽃_08,꽃다발 파는 곳,생활서비스 중 '꽃'을 판매·제공하는 매장,val,꽃,T4 구어·문장,de6704ee-63f8-4250-85b0-38da5a1b0209,르로제,꽃다발. 화분,설죽로 패션의거리 골목형상점가,골목형상점가,광주광역시,,,
23e0edfd4ec93e7e66c4,full_annotation_v1,A,q_꽃_08,꽃다발 파는 곳,생활서비스 중 '꽃'을 판매·제공하는 매장,val,꽃,T4 구어·문장,1df50f85-2e24-471e-9955-64cfe30d014e,체리로드(Cherry Road),"꽃다발, 꽃바구나 등",어은누리 골목형상점가,골목형상점가,대전광역시,,,
410afa14c950e6ba4f32,full_annotation_v1,A,q_꽃_08,꽃다발 파는 곳,생활서비스 중 '꽃'을 판매·제공하는 매장,val,꽃,T4 구어·문장,49fa384a-f969-4892-aabe-fb781940065f,꽃다지공방,,평화시장,전통시장,서울특별시,,,
baf9a706e5e0f965ad39,full_annotation_v1,A,q_꽃_08,꽃다발 파는 곳,생활서비스 중 '꽃'을 판매·제공하는 매장,val,꽃,T4 구어·문장,b051c4f3-8b69-4d56-a7fb-f4c9c9bc97fb,꽃다비,꽃,불광먹자골목 골목형상점가,골목형상점가,서울특별시,,,
9edd3a0984994cf0e6b6,full_annotation_v1,A,q_꽃_08,꽃다발 파는 곳,생활서비스 중 '꽃'을 판매·제공하는 매장,val,꽃,T4 구어·문장,b66dae54-c0df-4385-b175-b0a3af467ff7,꽃다방,,신알프스 중심 골목형상점가,골목형상점가,울산광역시,,,
bac2d4fed8f912c4eac7,full_annotation_v1,A,q_꽃_08,꽃다발 파는 곳,생활서비스 중 '꽃'을 판매·제공하는 매장,val,꽃,T4 구어·문장,6fe1fe81-a0f5-4e89-bd97-bd3409740760,광주야시장,한식,상무연하상인회 골목형상점가,골목형상점가,광주광역시,,,
75472010772a633105a4,full_annotation_v1,A,q_꽃_08,꽃다발 파는 곳,생활서비스 중 '꽃'을 판매·제공하는 매장,val,꽃,T4 구어·문장,6e13aba3-0da0-4add-b24e-d29a790f994d,꽃다롱,,고운뜰 골목형상점가,골목형상점가,세종특별자치시,,,
231dd6fb7a42192ab3fa,full_annotation_v1,A,q_꽃_08,꽃다발 파는 곳,생활서비스 중 '꽃'을 판매·제공하는 매장,val,꽃,T4 구어·문장,f497b2b3-4f6a-4433-a15b-b5cc8c058022,동부신발나라,신발,목포동부시장,전통시장,전라남도,,,
2b9a19ec4f3bcf623815,full_annotation_v1,A,q_꽃_08,꽃다발 파는 곳,생활서비스 중 '꽃'을 판매·제공하는 매장,val,꽃,T4 구어·문장,cf3f25d4-b24f-4665-a5ea-13a15974d898,오오플라워,화환,삼각지맛길 골목형상점가,골목형상점가,대구광역시,,,
5b95e9958a75cfb7b90c,full_annotation_v1,A,q_꽃_08,꽃다발 파는 곳,생활서비스 중 '꽃'을 판매·제공하는 매장,val,꽃,T4 구어·문장,24456103-f6b8-46af-8655-82e61d7265d8,커피가 머무르는 곳,커피,반드레길골목형상점가,골목형상점가,서울특별시,,,
4026b1d928a4feaa6119,full_annotation_v1,A,q_꽃_08,꽃다발 파는 곳,생활서비스 중 '꽃'을 판매·제공하는 매장,val,꽃,T4 구어·문장,cf23ee21-f071-4ca6-909d-79cbe1c1ecb6,카페다,커피 및 음료류,장터길 골목형상점가,골목형상점가,경기도,,,
18f2ad0fa4ae1f51943b,full_annotation_v1,A,q_꽃_08,꽃다발 파는 곳,생활서비스 중 '꽃'을 판매·제공하는 매장,val,꽃,T4 구어·문장,a9802b69-628e-4006-80a8-45494cb3cd9c,성지상사,주방용품,서문시장2지구 종합상가,전통시장,대구광역시,,,
1f09a2bc99bbe0e96e19,full_annotation_v1,A,q_꽃_08,꽃다발 파는 곳,생활서비스 중 '꽃'을 판매·제공하는 매장,val,꽃,T4 구어·문장,6547a5c2-a40d-46ee-9600-744fb29da73f,위트플라워,"생화, 꽃바구니, 꽃다발, 화분",본리 장대빌딩 골목형상점가,골목형상점가,대구광역시,,,
3319546f76bf25128fa0,full_annotation_v1,A,q_꽃_08,꽃다발 파는 곳,생활서비스 중 '꽃'을 판매·제공하는 매장,val,꽃,T4 구어·문장,04c231bf-d3f7-4202-b3a8-d03eb7531853,실버라인,도소매(조화),고투몰(강남터미널지하도상점가),일반지하상점가,서울특별시,,,
f2f784d266670a0f1975,full_annotation_v1,A,q_꽃_08,꽃다발 파는 곳,생활서비스 중 '꽃'을 판매·제공하는 매장,val,꽃,T4 구어·문장,00b20e6f-4b2f-410f-984c-b6a206704138,나리화원.꽃,,승달 골목형상점가,골목형상점가,,,,
2b2bc037029d3f42a272,full_annotation_v1,A,q_꽃_08,꽃다발 파는 곳,생활서비스 중 '꽃'을 판매·제공하는 매장,val,꽃,T4 구어·문장,e1ec6095-146f-47ab-b3ea-7439f49db354,꽃다지,의류,평화시장,전통시장,서울특별시,,,
9ccfeb7bfd473492a838,full_annotation_v1,A,q_꽃_08,꽃다발 파는 곳,생활서비스 중 '꽃'을 판매·제공하는 매장,val,꽃,T4 구어·문장,2ee374be-8d12-46cc-bbb9-f87fac54ddd7,화이트리 WHITREE,비누꽃다발,학운 골목형상점가,골목형상점가,광주광역시,,,
1c3ef7e8c67447b29b47,full_annotation_v1,A,q_꽃_08,꽃다발 파는 곳,생활서비스 중 '꽃'을 판매·제공하는 매장,val,꽃,T4 구어·문장,04b1ff99-e4e2-47bb-bcae-f7079bd73cae,삼성꽃집,조화,포항죽도시장,전통시장,경상북도,,,
4bb1b28d2fa03b31f699,full_annotation_v1,A,q_꽃_08,꽃다발 파는 곳,생활서비스 중 '꽃'을 판매·제공하는 매장,val,꽃,T4 구어·문장,08466db9-c2a5-487a-b866-956e229fdc9b,초예상점,"꽃다발, 꽃바구니",수성4가동 달구벌대로 골목형상점가,골목형상점가,대구광역시,,,
a014eb683f83b1011763,full_annotation_v1,A,q_꽃_08,꽃다발 파는 곳,생활서비스 중 '꽃'을 판매·제공하는 매장,val,꽃,T4 구어·문장,0dc54a43-0aee-4fcb-939d-b0f59e5b1b25,금원꽃집,,송강동 골목형상점가,골목형상점가,대전광역시,,,
64778498e906a2581b82,full_annotation_v1,A,q_꽃_08,꽃다발 파는 곳,생활서비스 중 '꽃'을 판매·제공하는 매장,val,꽃,T4 구어·문장,7ee8c1d2-4b06-4517-8127-0d6d42a4a697,에덴식물원,"꽃다발, 바구니, 식물",대전정원시장,전통시장,대전광역시,,,
c114c3bdfbf55a1fc774,full_annotation_v1,A,q_꽃_08,꽃다발 파는 곳,생활서비스 중 '꽃'을 판매·제공하는 매장,val,꽃,T4 구어·문장,0e5a591b-cc1f-4529-9593-c68d305729a6,꼬슬란꽃집,소매(화원),가평잣고을시장,전통시장,경기도,,,
adfc852575c2f0efb071,full_annotation_v1,A,q_꽃_08,꽃다발 파는 곳,생활서비스 중 '꽃'을 판매·제공하는 매장,val,꽃,T4 구어·문장,1a6bd9db-231c-4843-8704-98faf07edbb9,명인면옥 상무점,한식,상무연하상인회 골목형상점가,골목형상점가,광주광역시,,,
03a7771cf3a1d5e2c924,full_annotation_v1,A,q_꽃_08,꽃다발 파는 곳,생활서비스 중 '꽃'을 판매·제공하는 매장,val,꽃,T4 구어·문장,0043469e-66b6-48d0-b7a9-d87c0887cf59,꽃이예쁜집,꽃,장동앞길 골목형상점가,골목형상점가,광주광역시,,,
9da5e380581063a5928a,full_annotation_v1,A,q_꽃_08,꽃다발 파는 곳,생활서비스 중 '꽃'을 판매·제공하는 매장,val,꽃,T4 구어·문장,3604b7c6-0c52-41d4-8067-d6603b8ee6f0,자뎅 드 베르,생화 꽃다발 꽃바구니 식물,초록거리 골목형상점가,골목형상점가,경기도,,,
7babfad01204892d9b90,full_annotation_v1,A,q_꽃_08,꽃다발 파는 곳,생활서비스 중 '꽃'을 판매·제공하는 매장,val,꽃,T4 구어·문장,0393ce95-3e7d-4bb5-8ad3-e5da1199e516,꽃사랑화원,화원,남해 명품화전길 골목형상점가,골목형상점가,경상남도,,,
771725346f75d7d7dfba,full_annotation_v1,A,q_꽃_08,꽃다발 파는 곳,생활서비스 중 '꽃'을 판매·제공하는 매장,val,꽃,T4 구어·문장,a364d0f2-f981-4f91-9a39-b90e15e7a338,태양상회,건어물,서문시장건해산물상가,전통시장,대구광역시,,,
c7c39aeec4ffe786fdb2,full_annotation_v1,A,q_꽃_08,꽃다발 파는 곳,생활서비스 중 '꽃'을 판매·제공하는 매장,val,꽃,T4 구어·문장,a385dc0d-a4a8-49c1-9459-00541d2a357f,진플라워,"생화, 관엽, 동양난, 서양난, 화분, 화환, 꽃배달",문화길 골목형상점가,골목형상점가,세종특별자치시,,,
9c201e136442665a3cee,full_annotation_v1,A,q_꽃_09,생화 사는 곳,생활서비스 중 '꽃'을 판매·제공하는 매장,val,꽃,T4 구어·문장,11edaea3-4b0b-4a3b-ba0e-0964dbeaec27,플라워월드,생화,둔산3동상점가,자율상권구역,대전광역시,,,
02ac36a2eba0f14719ca,full_annotation_v1,A,q_꽃_09,생화 사는 곳,생활서비스 중 '꽃'을 판매·제공하는 매장,val,꽃,T4 구어·문장,0043469e-66b6-48d0-b7a9-d87c0887cf59,꽃이예쁜집,꽃,장동앞길 골목형상점가,골목형상점가,광주광역시,,,
fe4181fd2af4ee1a871c,full_annotation_v1,A,q_꽃_09,생화 사는 곳,생활서비스 중 '꽃'을 판매·제공하는 매장,val,꽃,T4 구어·문장,0123cf0c-2929-4bbe-9b13-1354e60a6922,혜오르 플라워(HYEOR FLOWER),생화 및 식물,신창진흥 골목형상점가,골목형상점가,광주광역시,,,
9113c2656480a2047776,full_annotation_v1,A,q_꽃_09,생화 사는 곳,생활서비스 중 '꽃'을 판매·제공하는 매장,val,꽃,T4 구어·문장,e6ea3226-d51d-4709-a9bb-79e6a10ad404,꽃나라,생화,영일대북부시장(구 북부시장),전통시장,경상북도,,,
a772700306823ddfb9af,full_annotation_v1,A,q_꽃_09,생화 사는 곳,생활서비스 중 '꽃'을 판매·제공하는 매장,val,꽃,T4 구어·문장,3a446238-4cb8-4f16-94cb-4479384a307b,그린플라워,생화,봉선2로 골목형상점가,골목형상점가,광주광역시,,,
24e0fb0c84817e758925,full_annotation_v1,A,q_꽃_09,생화 사는 곳,생활서비스 중 '꽃'을 판매·제공하는 매장,val,꽃,T4 구어·문장,f84792ca-ac20-412f-bbb3-8bbf11544499,꽃사랑,생화,대구꽃백화점 골목형상점가,골목형상점가,대구광역시,,,
347510fa86b94ee95164,full_annotation_v1,A,q_꽃_09,생화 사는 곳,생활서비스 중 '꽃'을 판매·제공하는 매장,val,꽃,T4 구어·문장,52c8d398-7bb2-4e2d-b8f4-fabda975b474,유난,생화,광안종합시장,전통시장,부산광역시,,,
c457d0020009946e002b,full_annotation_v1,A,q_꽃_09,생화 사는 곳,생활서비스 중 '꽃'을 판매·제공하는 매장,val,꽃,T4 구어·문장,10845c7a-1388-40af-aee6-13938da3da2a,세영생화,생화,옥골시장,전통시장,울산광역시,,,
710edbb9196d21c3e9e7,full_annotation_v1,A,q_꽃_09,생화 사는 곳,생활서비스 중 '꽃'을 판매·제공하는 매장,val,꽃,T4 구어·문장,046df2a5-89ee-4b7a-8aad-91bdc5272130,향기플라워,,정남진활력의거리 골목형상점가,골목형상점가,,,,
daea380949153064c963,full_annotation_v1,A,q_꽃_09,생화 사는 곳,생활서비스 중 '꽃'을 판매·제공하는 매장,val,꽃,T4 구어·문장,2db3d1cd-df05-4f7b-9e1c-dc4244ad407c,꽃빛,생화,화동길상점가,자율상권구역,전북특별자치도,,,
ba95ab8ffe7fda6a2e46,full_annotation_v1,A,q_꽃_09,생화 사는 곳,생활서비스 중 '꽃'을 판매·제공하는 매장,val,꽃,T4 구어·문장,b46c73f4-99bd-4c98-b0c8-46925336cad3,한아름,생화,개봉현대정문상가 골목형상점가,골목형상점가,서울특별시,,,
adff4b64cbd1f1a2e459,full_annotation_v1,A,q_꽃_09,생화 사는 곳,생활서비스 중 '꽃'을 판매·제공하는 매장,val,꽃,T4 구어·문장,526f4972-b9dc-4094-b5da-6d8090076e1d,화소림,생화,둔산꽃길 골목형상점가,골목형상점가,대전광역시,,,
3420b1027fc15b3017a3,full_annotation_v1,A,q_꽃_09,생화 사는 곳,생활서비스 중 '꽃'을 판매·제공하는 매장,val,꽃,T4 구어·문장,0268ed52-44bd-4e9c-a295-7a64f656640a,양정화원,화원,관고전통시장,전통시장,경기도,,,
ae311b849705291ad94f,full_annotation_v1,A,q_꽃_09,생화 사는 곳,생활서비스 중 '꽃'을 판매·제공하는 매장,val,꽃,T4 구어·문장,bca2f85a-b3d3-49fa-99c7-e4dd61b4bb9d,행복꽃집,생화,봉덕신시장,전통시장,대구광역시,,,
1cd2d8951efac02d3adf,full_annotation_v1,A,q_꽃_09,생화 사는 곳,생활서비스 중 '꽃'을 판매·제공하는 매장,val,꽃,T4 구어·문장,ef3d4c0a-feb7-44fe-bbdd-47443b35f13b,꽃드리,생화,광탄전통시장,전통시장,경기도,,,
fcc51310cef39331628f,full_annotation_v1,A,q_꽃_09,생화 사는 곳,생활서비스 중 '꽃'을 판매·제공하는 매장,val,꽃,T4 구어·문장,7510c188-dec1-4251-9c43-aff06e4d6c82,커피프리덤,커피,단국대 앞 골목형상점가,골목형상점가,경기도,,,
129280b04118e842867a,full_annotation_v1,A,q_꽃_09,생화 사는 곳,생활서비스 중 '꽃'을 판매·제공하는 매장,val,꽃,T4 구어·문장,35a3da05-e782-4a5e-9cc0-b32dadd71932,파보플라워,생화,탕정미래 골목형상점가,골목형상점가,충청남도,,,
57f7baef963983b8ecfd,full_annotation_v1,A,q_꽃_09,생화 사는 곳,생활서비스 중 '꽃'을 판매·제공하는 매장,val,꽃,T4 구어·문장,c111ac9d-3f3a-405c-a8db-4d127ccda9e2,행복이 있는 곳,잡화,제주로얄쇼핑센터,자율상권구역,제주특별자치도,,,
05bebe566af8864b332c,full_annotation_v1,A,q_꽃_09,생화 사는 곳,생활서비스 중 '꽃'을 판매·제공하는 매장,val,꽃,T4 구어·문장,14dc283d-f420-4cdb-82b2-bdd25f052667,너를보다플라워,생화,천안역지하상가,일반지하상점가,충청남도,,,
b1f38ad819eff62a8038,full_annotation_v1,A,q_꽃_09,생화 사는 곳,생활서비스 중 '꽃'을 판매·제공하는 매장,val,꽃,T4 구어·문장,a6b02578-aff3-45ba-88fc-98130cc4f9a9,화인,생화,신설동들락거리,골목형상점가,서울특별시,,,
df2e8f832404254c8185,full_annotation_v1,A,q_꽃_09,생화 사는 곳,생활서비스 중 '꽃'을 판매·제공하는 매장,val,꽃,T4 구어·문장,2bb30eed-409d-46e0-9647-0522a5a1a88f,예원,생화,영신상가,전통시장,서울특별시,,,
3985b05ed1d67535b194,full_annotation_v1,A,q_꽃_09,생화 사는 곳,생활서비스 중 '꽃'을 판매·제공하는 매장,val,꽃,T4 구어·문장,f1aaa72e-df72-417e-82bd-4b63d96fcd1c,금빛화원,생화,온택트 괴정스마트 상권활성화구역,상권활성화구역,부산광역시,,,
5c34e34e7415179e7b8e,full_annotation_v1,A,q_꽃_09,생화 사는 곳,생활서비스 중 '꽃'을 판매·제공하는 매장,val,꽃,T4 구어·문장,7b11fdcb-2fdb-4f8e-a186-e367bc1b642e,그린플라워,생화,대구꽃백화점 골목형상점가,골목형상점가,대구광역시,,,
2d9428ffe3b345e998cd,full_annotation_v1,A,q_꽃_09,생화 사는 곳,생활서비스 중 '꽃'을 판매·제공하는 매장,val,꽃,T4 구어·문장,852d020b-e1be-4d1e-801e-f68e7646aa0b,서울화원,생화,백년소상공인,기타,충청북도,,,
17e20f333235820f1da7,full_annotation_v1,A,q_꽃_09,생화 사는 곳,생활서비스 중 '꽃'을 판매·제공하는 매장,val,꽃,T4 구어·문장,ae1b2aac-d3a7-4725-ac9a-3f3c1baf1984,푸른화원,생화,거제 옥빛나 골목형상점가,골목형상점가,경상남도,,,
7aeb7b7879e4b697a78d,full_annotation_v1,A,q_꽃_09,생화 사는 곳,생활서비스 중 '꽃'을 판매·제공하는 매장,val,꽃,T4 구어·문장,1b65bc5a-36bb-4ba5-a838-b9ea81b463fb,햇살정원,생화,청주사창시장,전통시장,충청북도,,,
965356f7985657c1add4,full_annotation_v1,A,q_꽃_09,생화 사는 곳,생활서비스 중 '꽃'을 판매·제공하는 매장,val,꽃,T4 구어·문장,76a3551b-dae4-4326-92cc-662015aedbfb,쉴 곳,한식,칠성로상점가,자율상권구역,제주특별자치도,,,
4537470a7a39d6c46b8c,full_annotation_v1,A,q_꽃_09,생화 사는 곳,생활서비스 중 '꽃'을 판매·제공하는 매장,val,꽃,T4 구어·문장,0e5a591b-cc1f-4529-9593-c68d305729a6,꼬슬란꽃집,소매(화원),가평잣고을시장,전통시장,경기도,,,
500be987e67394ef1571,full_annotation_v1,A,q_꽃_09,생화 사는 곳,생활서비스 중 '꽃'을 판매·제공하는 매장,val,꽃,T4 구어·문장,a644370f-078a-4ac1-83b9-6cf171435658,라 사제스,생화,커낼워크상점가,골목형상점가,인천광역시,,,
93b3a40b3cfa45c0ca85,full_annotation_v1,A,q_꽃_09,생화 사는 곳,생활서비스 중 '꽃'을 판매·제공하는 매장,val,꽃,T4 구어·문장,2e21a222-1dde-438f-bd3b-8ebbd1fd91b3,소이화,생화,다정한 골목형상점가,골목형상점가,세종특별자치시,,,
5ca302b6fea9ce43e3d3,full_annotation_v1,A,q_꽃_09,생화 사는 곳,생활서비스 중 '꽃'을 판매·제공하는 매장,val,꽃,T4 구어·문장,9b4fc779-b33c-4d82-bee6-9acf7defc3c1,주식회사 두두컴퍼니코리아,배달,자양로13길골목형상점가,골목형상점가,서울특별시,,,
8a8cfd55af6b975af899,full_annotation_v1,A,q_꽃_09,생화 사는 곳,생활서비스 중 '꽃'을 판매·제공하는 매장,val,꽃,T4 구어·문장,066a65ee-fe0b-442c-a440-4ce37e296082,화인꽃방,생화조화,김해 동상전통시장,전통시장,경상남도,,,
5abf281e46f7216a972f,full_annotation_v1,A,q_꽃_09,생화 사는 곳,생활서비스 중 '꽃'을 판매·제공하는 매장,val,꽃,T4 구어·문장,ef6221e3-3811-47ca-84e1-83a5117d248a,서울화원,생화,천안역전시장(구 천안역공설시장),전통시장,충청남도,,,
83d8b515db189a4bf461,full_annotation_v1,A,q_꽃_09,생화 사는 곳,생활서비스 중 '꽃'을 판매·제공하는 매장,val,꽃,T4 구어·문장,fd9c19d0-0b74-4bcd-949e-27e4acbef59b,공판장유통,"식품, 잡화",학성새벽시장,전통시장,울산광역시,,,
a75bb8375c14796ba11b,full_annotation_v1,A,q_꽃_09,생화 사는 곳,생활서비스 중 '꽃'을 판매·제공하는 매장,val,꽃,T4 구어·문장,00afc023-f2e3-417c-b675-42c0a2f682ac,경영꽃집,꽃,유성구암 골목형상점가,골목형상점가,대전광역시,,,
d48905e5203c1c0a4a66,full_annotation_v1,A,q_꽃_09,생화 사는 곳,생활서비스 중 '꽃'을 판매·제공하는 매장,val,꽃,T4 구어·문장,96b5044c-7637-4aa5-9757-ca450d16cddd,명연꽃집,생화,영신상가,전통시장,서울특별시,,,
84d21c442163947f965f,full_annotation_v1,A,q_꽃_09,생화 사는 곳,생활서비스 중 '꽃'을 판매·제공하는 매장,val,꽃,T4 구어·문장,a936f2f5-32ba-4870-9cb5-5fcd9ff7458b,첨단화원,생화,첨단이웃사랑 골목형상점가,골목형상점가,광주광역시,,,
6d214cd5223c5c73cbc8,full_annotation_v1,A,q_꽃_09,생화 사는 곳,생활서비스 중 '꽃'을 판매·제공하는 매장,val,꽃,T4 구어·문장,012ed1bc-d2d6-4dad-8b36-6ad33d367ab2,24시꽃집럭키플라워송도점,생화 식물,송도랜드마크시티 센트럴더샵 골목형상점가,골목형상점가,인천광역시,,,
e6ed4897427cbb300f33,full_annotation_v1,A,q_꽃_09,생화 사는 곳,생활서비스 중 '꽃'을 판매·제공하는 매장,val,꽃,T4 구어·문장,32ce5003-63d5-48dc-9fe7-641b6cf3546b,청아플라워즈,생화,백년소상공인,기타,강원특별자치도,,,
d27d652bd4ad0dcd91d4,full_annotation_v1,A,q_꽃_09,생화 사는 곳,생활서비스 중 '꽃'을 판매·제공하는 매장,val,꽃,T4 구어·문장,10e7e9a0-781c-42c3-a0ca-9c4e17f57fbc,꽃동네,생화,둔산꽃길 골목형상점가,골목형상점가,대전광역시,,,
c86b9c54eb5484b3e820,full_annotation_v1,A,q_꽃_09,생화 사는 곳,생활서비스 중 '꽃'을 판매·제공하는 매장,val,꽃,T4 구어·문장,59da42fa-88c1-4518-9c76-4097c3f467ee,행복꽃집,생화,영동전통시장,전통시장,충청북도,,,
55d9c3c42bc95df2eea4,full_annotation_v1,A,q_꽃_09,생화 사는 곳,생활서비스 중 '꽃'을 판매·제공하는 매장,val,꽃,T4 구어·문장,b6dd669c-dd1c-4a99-af83-26d34064db97,필꽃집,생화,상인영남화성시장,전통시장,대구광역시,,,
501e64f09d16e23b5feb,full_annotation_v1,A,q_꽃_09,생화 사는 곳,생활서비스 중 '꽃'을 판매·제공하는 매장,val,꽃,T4 구어·문장,096aed8d-1da1-47f7-aa13-2ff0bd438330,부영화원,생화,월산상가 골목형 상점가,골목형상점가,충청남도,,,
23437e6ebb780a99120e,full_annotation_v1,A,q_꽃_09,생화 사는 곳,생활서비스 중 '꽃'을 판매·제공하는 매장,val,꽃,T4 구어·문장,010fea22-a965-4d8e-a805-083042a361ec,니어앤디어Cafe,꽃,상주중앙시장,전통시장,경상북도,,,
c9982eaaee2efb1aa0ed,full_annotation_v1,A,q_꽃_09,생화 사는 곳,생활서비스 중 '꽃'을 판매·제공하는 매장,val,꽃,T4 구어·문장,bb8d4bdf-0874-4984-b4be-2daad8d5dc6a,선약,꼬치구이,선운별 골목형상점가,골목형상점가,광주광역시,,,
05e0af876873ce5e2336,full_annotation_v1,A,q_꽃_09,생화 사는 곳,생활서비스 중 '꽃'을 판매·제공하는 매장,val,꽃,T4 구어·문장,07e2a120-4803-4634-bd52-ebd7c5433825,슬이네(보떼),조화,고투몰(강남터미널지하도상점가),일반지하상점가,서울특별시,,,
b269c475e131bbaf4b1e,full_annotation_v1,A,q_꽃_09,생화 사는 곳,생활서비스 중 '꽃'을 판매·제공하는 매장,val,꽃,T4 구어·문장,48c47d12-58fc-4fdf-b24a-572bdf89b475,아름꽃집,생화,영신상가,전통시장,서울특별시,,,
9313b43a9b76bdd80bcb,full_annotation_v1,A,q_꽃_09,생화 사는 곳,생활서비스 중 '꽃'을 판매·제공하는 매장,val,꽃,T4 구어·문장,9b2d0493-0767-4836-a686-1a3343f1630f,미미마라탕 풍암본점,마라탕,풍암벚꽃길상인회 골목형상점가,골목형상점가,광주광역시,,,
acef73960377c235c177,full_annotation_v1,A,q_꽃_09,생화 사는 곳,생활서비스 중 '꽃'을 판매·제공하는 매장,val,꽃,T4 구어·문장,7f3d529e-5afe-4d8b-873d-67ab3f88e7e7,꽃구름,생화,명덕마을 골목형상점가,골목형상점가,울산광역시,,,
a759e8970c6b2adfb4c1,full_annotation_v1,A,q_꽃_09,생화 사는 곳,생활서비스 중 '꽃'을 판매·제공하는 매장,val,꽃,T4 구어·문장,0dc54a43-0aee-4fcb-939d-b0f59e5b1b25,금원꽃집,,송강동 골목형상점가,골목형상점가,대전광역시,,,
ef37648418c7165f95e2,full_annotation_v1,A,q_꽃_09,생화 사는 곳,생활서비스 중 '꽃'을 판매·제공하는 매장,val,꽃,T4 구어·문장,0e62b4e0-0c9e-4713-a271-6605c433a572,아로마꽃나라,생화,임동 골목형상점가,골목형상점가,광주광역시,,,
5b29f46ff6b337f9f787,full_annotation_v1,A,q_꽃_09,생화 사는 곳,생활서비스 중 '꽃'을 판매·제공하는 매장,val,꽃,T4 구어·문장,75e06412-0f08-44a8-8979-f604b86b6257,미플레르,생화,아주대 대학로 골목형상점가,골목형상점가,경기도,,,
1aa2acf377f5403398df,full_annotation_v1,A,q_꽃_09,생화 사는 곳,생활서비스 중 '꽃'을 판매·제공하는 매장,val,꽃,T4 구어·문장,45a85963-e28e-4698-821a-7051f1e3e57b,청지꽃꽂이,생화,시장로타리지하상가,일반지하상점가,인천광역시,,,
1d5505fc88182023c387,full_annotation_v1,A,q_꽃_09,생화 사는 곳,생활서비스 중 '꽃'을 판매·제공하는 매장,val,꽃,T4 구어·문장,f719cd0a-190b-453d-839d-a885253d6d5a,행복한아이(베어스),아동복,신평리시장,전통시장,대구광역시,,,
c611d12dedc534a202eb,full_annotation_v1,A,q_꽃_09,생화 사는 곳,생활서비스 중 '꽃'을 판매·제공하는 매장,val,꽃,T4 구어·문장,09ac7cf1-86a5-4f4d-80d7-72710de26799,꽃동네,생화,태화시장,전통시장,울산광역시,,,
1981cc28222990a6e944,full_annotation_v1,A,q_꽃_09,생화 사는 곳,생활서비스 중 '꽃'을 판매·제공하는 매장,val,꽃,T4 구어·문장,bbc60bdd-325e-4575-af9c-324617a315cf,고려잡화상회,"과일, 야채",김천 삼색이수상권,상권활성화구역,경상북도,,,
7c130ff99540f6865c9d,full_annotation_v1,A,q_꽃_09,생화 사는 곳,생활서비스 중 '꽃'을 판매·제공하는 매장,val,꽃,T4 구어·문장,8dcea9b1-25b6-4857-8b49-2759be790044,마론,생화,단국대 앞 골목형상점가,골목형상점가,경기도,,,
74521ecb9613c3b03c4e,full_annotation_v1,A,q_꽃_09,생화 사는 곳,생활서비스 중 '꽃'을 판매·제공하는 매장,val,꽃,T4 구어·문장,139f6d68-83b9-40cc-8339-120b154b8714,이딜리크,꽃집,월평1동 상인연합회,골목형상점가,대전광역시,,,
c4302d60bf871379be57,full_annotation_v1,A,q_꽃_09,생화 사는 곳,생활서비스 중 '꽃'을 판매·제공하는 매장,val,꽃,T4 구어·문장,00b610a8-8a8a-4c5e-9e0b-cba5e4d22c93,에덴꽃화원,꽃,태화시장,전통시장,울산광역시,,,
404bc761e4d57c31aeb1,full_annotation_v1,A,q_꽃_09,생화 사는 곳,생활서비스 중 '꽃'을 판매·제공하는 매장,val,꽃,T4 구어·문장,8f01db59-18a1-4ee6-b4f7-5b33282757fa,전원,생화,남대문시장,전통시장,서울특별시,,,
e48bb1906a3d4d3a8198,full_annotation_v1,A,q_꽃_09,생화 사는 곳,생활서비스 중 '꽃'을 판매·제공하는 매장,val,꽃,T4 구어·문장,7290953f-b420-48cc-a936-0acf244713b0,아라꽃집,생화,대흥동 특화거리 상점가,자율상권구역,대전광역시,,,
eb0ced7a0754c9844700,full_annotation_v1,A,q_꽃_09,생화 사는 곳,생활서비스 중 '꽃'을 판매·제공하는 매장,val,꽃,T4 구어·문장,82fe3969-3c88-4866-9a50-3c8976724828,들에핀꽃,생화,전주송천동골목형상점가,골목형상점가,전북특별자치도,,,
b0c5a682f824edb84d59,full_annotation_v1,A,q_꽃_09,생화 사는 곳,생활서비스 중 '꽃'을 판매·제공하는 매장,val,꽃,T4 구어·문장,d630c14a-a78a-495d-ac65-1973237b56d8,목화,생화,장천동상가,자율상권구역,전라남도,,,
cd936b87ac61f61d3443,full_annotation_v1,A,q_꽃_09,생화 사는 곳,생활서비스 중 '꽃'을 판매·제공하는 매장,val,꽃,T4 구어·문장,58317946-9532-45a4-800a-31cb12b0ddbb,라씨네청과,농산물,대전중앙활성화구역,상권활성화구역,대전광역시,,,
2a25131a906e489f173b,full_annotation_v1,A,q_꽃_09,생화 사는 곳,생활서비스 중 '꽃'을 판매·제공하는 매장,val,꽃,T4 구어·문장,ad41e29b-15cf-4680-9d24-9622d6c68003,경성한우국밥,국밥,용봉IC 골목형상점가,골목형상점가,광주광역시,,,
f55ca022603931d5f02a,full_annotation_v1,A,q_꽃_09,생화 사는 곳,생활서비스 중 '꽃'을 판매·제공하는 매장,val,꽃,T4 구어·문장,4e8a85fb-13d3-4bc7-a9ed-17ad1dabad4f,보고팟,생화,나주혁신도시 골목형상점가,골목형상점가,전라남도,,,
a662d71f90168d1615ba,full_annotation_v1,A,q_꽃_09,생화 사는 곳,생활서비스 중 '꽃'을 판매·제공하는 매장,val,꽃,T4 구어·문장,1dcd062f-4fda-4028-98d9-7f32a9887470,수담플라워,생화,부산자유시장,전통시장,부산광역시,,,
cd9b47c5f6ee7ee474a8,full_annotation_v1,A,q_꽃_09,생화 사는 곳,생활서비스 중 '꽃'을 판매·제공하는 매장,val,꽃,T4 구어·문장,00b20e6f-4b2f-410f-984c-b6a206704138,나리화원.꽃,,승달 골목형상점가,골목형상점가,,,,
846e38d7a1b549f395b9,full_annotation_v1,A,q_꽃_09,생화 사는 곳,생활서비스 중 '꽃'을 판매·제공하는 매장,val,꽃,T4 구어·문장,786c7f4c-d952-43da-9cda-b47f1a10e323,해뜰날,김치찌개,금부로상인회 골목형상점가,골목형상점가,광주광역시,,,
1c69d73abbc64b0f8d45,full_annotation_v1,A,q_꽃_09,생화 사는 곳,생활서비스 중 '꽃'을 판매·제공하는 매장,val,꽃,T4 구어·문장,4d19f7cb-d71c-4b89-8cc3-d5dfc3382af1,꽃소쿠리,생화,호남동 골목형상점가,골목형상점가,광주광역시,,,
70a60de2f04c73d80c48,full_annotation_v1,A,q_꽃_09,생화 사는 곳,생활서비스 중 '꽃'을 판매·제공하는 매장,val,꽃,T4 구어·문장,9afdf371-e71a-4ff9-9bc8-e80d64be3725,메밀꽃화원,생화,봉평전통시장,전통시장,강원특별자치도,,,
0d8444f9ac701bb9b880,full_annotation_v1,A,q_꽃_09,생화 사는 곳,생활서비스 중 '꽃'을 판매·제공하는 매장,val,꽃,T4 구어·문장,02b04299-d64f-4c59-b73c-487d485fff0f,속초꽃집 화사랑플라워,,청학사거리 골목형상점가,골목형상점가,강원특별자치도,,,
f84c0d38108a01763869,full_annotation_v1,A,q_꽃_09,생화 사는 곳,생활서비스 중 '꽃'을 판매·제공하는 매장,val,꽃,T4 구어·문장,24456103-f6b8-46af-8655-82e61d7265d8,커피가 머무르는 곳,커피,반드레길골목형상점가,골목형상점가,서울특별시,,,
9c82cb88a6a0177f1ed5,full_annotation_v1,A,q_꽃_09,생화 사는 곳,생활서비스 중 '꽃'을 판매·제공하는 매장,val,꽃,T4 구어·문장,ae506f36-f439-4362-b38a-435fb7e2f7f7,온실보테니컬컴퍼니,생화,청담삼익시장,전통시장,서울특별시,,,
33b5e08d5c262c07a9d5,full_annotation_v1,A,q_꽃_09,생화 사는 곳,생활서비스 중 '꽃'을 판매·제공하는 매장,val,꽃,T4 구어·문장,055a5292-5619-4ef0-a8fa-36b412d0675e,명지플라워,생화,남대문시장,전통시장,서울특별시,,,
77b790aec9234ba735dc,full_annotation_v1,A,q_꽃_09,생화 사는 곳,생활서비스 중 '꽃'을 판매·제공하는 매장,val,꽃,T4 구어·문장,69d1c9f3-7cf2-4530-8ba0-a4f7af4f7766,뷸라플라워,생화,천안신부문화거리상점가,자율상권구역,충청남도,,,
0811fd30ce393f116c89,full_annotation_v1,A,q_꽃_09,생화 사는 곳,생활서비스 중 '꽃'을 판매·제공하는 매장,val,꽃,T4 구어·문장,006964ff-b2f9-421f-8fa7-f87219c26c0a,블리스블룸,생화,BOCA 보카상점가,골목형상점가,경기도,,,
f8d1c20af6243581f1b8,full_annotation_v1,A,q_꽃_09,생화 사는 곳,생활서비스 중 '꽃'을 판매·제공하는 매장,val,꽃,T4 구어·문장,136b0d38-57a7-4f5f-a5f8-3ae6e2a594c9,풍경,생화,효자천변1길 골목형상점가,골목형상점가,전북특별자치도,,,
5dd0bc911e3045d40d6b,full_annotation_v1,A,q_꽃_09,생화 사는 곳,생활서비스 중 '꽃'을 판매·제공하는 매장,val,꽃,T4 구어·문장,82bb7968-3151-460b-8e90-3dc94a4e578a,노블PC,PC방,은행동상점가(구 으능정이상점가),자율상권구역,대전광역시,,,
d98e2867b0d4ab8300ae,full_annotation_v1,A,q_꽃_09,생화 사는 곳,생활서비스 중 '꽃'을 판매·제공하는 매장,val,꽃,T4 구어·문장,25499cdd-8427-4566-a223-d5fd45aff705,소담꽃,생화,문흥2동 골목형상점가,골목형상점가,광주광역시,,,
30dfcab6ae1c9d6f5242,full_annotation_v1,A,q_꽃_09,생화 사는 곳,생활서비스 중 '꽃'을 판매·제공하는 매장,val,꽃,T4 구어·문장,791bdc94-2e65-45bb-85c1-5438e9cfa495,로뎀나무,생화,백년소상공인,기타,제주특별자치도,,,
61592b8659f1569db079,full_annotation_v1,A,q_꽃_09,생화 사는 곳,생활서비스 중 '꽃'을 판매·제공하는 매장,val,꽃,T4 구어·문장,6e60fbfc-4128-4034-9373-379e27aab5dc,미니센트,생화,정부청사 골목형상점가,골목형상점가,광주광역시,,,
b32f11c0d503e1a15ea0,full_annotation_v1,A,q_꽃_09,생화 사는 곳,생활서비스 중 '꽃'을 판매·제공하는 매장,val,꽃,T4 구어·문장,04c231bf-d3f7-4202-b3a8-d03eb7531853,실버라인,도소매(조화),고투몰(강남터미널지하도상점가),일반지하상점가,서울특별시,,,
1ab229895fe1d2735495,full_annotation_v1,A,q_꽃_09,생화 사는 곳,생활서비스 중 '꽃'을 판매·제공하는 매장,val,꽃,T4 구어·문장,01b50703-620e-4976-9b84-a03f2ba9bdcf,메르세드플라워,,관저상가 골목형상점가,골목형상점가,대전광역시,,,
288099bb9ed771bc2375,full_annotation_v1,A,q_꽃_09,생화 사는 곳,생활서비스 중 '꽃'을 판매·제공하는 매장,val,꽃,T4 구어·문장,b3fcaf5a-4878-41c3-8a2f-1bc3a9c7f899,끌레르,생화,나성BRT 골목형상점가,골목형상점가,세종특별자치시,,,
3dd4c976e91319269d95,full_annotation_v1,A,q_꽃_09,생화 사는 곳,생활서비스 중 '꽃'을 판매·제공하는 매장,val,꽃,T4 구어·문장,2ed6b487-161b-45cc-9d87-25604e3ca462,썬플라워,생화,동가재미 골목형상점가,골목형상점가,전북특별자치도,,,
5a8bd72069e12e25d22f,full_annotation_v1,A,q_꽃_09,생화 사는 곳,생활서비스 중 '꽃'을 판매·제공하는 매장,val,꽃,T4 구어·문장,59da01ae-74d1-4d55-9970-54aefbb8d8f8,부영화원,생화,못골골목시장,전통시장,부산광역시,,,
c1ec3296913890785419,full_annotation_v1,A,q_꽃_09,생화 사는 곳,생활서비스 중 '꽃'을 판매·제공하는 매장,val,꽃,T4 구어·문장,01d1c245-a6a7-441a-8977-85303f01e56e,인플라워,생화,유성도안 골목형상점가,골목형상점가,대전광역시,,,
6084948ed4fdf3ccb940,full_annotation_v1,A,q_꽃_09,생화 사는 곳,생활서비스 중 '꽃'을 판매·제공하는 매장,val,꽃,T4 구어·문장,cf3f25d4-b24f-4665-a5ea-13a15974d898,오오플라워,화환,삼각지맛길 골목형상점가,골목형상점가,대구광역시,,,
1a4c4a7e693a84e13959,full_annotation_v1,A,q_꽃_09,생화 사는 곳,생활서비스 중 '꽃'을 판매·제공하는 매장,val,꽃,T4 구어·문장,03de55fd-e04d-4c83-861f-72bd167d8afc,드레스플라워,,대봉모리 골목형상점가,골목형상점가,대구광역시,,,
0af3f992c62c90aadf82,full_annotation_v1,A,q_꽃_09,생화 사는 곳,생활서비스 중 '꽃'을 판매·제공하는 매장,val,꽃,T4 구어·문장,a1de7805-2c26-4e64-b7bf-4ac8bf1662e0,푸른화원,생화,양양로 골목형상점가,골목형상점가,강원특별자치도,,,
27a7969776e8a80271ab,full_annotation_v1,A,q_꽃_09,생화 사는 곳,생활서비스 중 '꽃'을 판매·제공하는 매장,val,꽃,T4 구어·문장,4f90b8ff-864a-435e-b2b9-f04438be0364,컴포즈 단대죽전점,커피,단국대 앞 골목형상점가,골목형상점가,경기도,,,
56cecefca691ddca4526,full_annotation_v1,A,q_꽃_09,생화 사는 곳,생활서비스 중 '꽃'을 판매·제공하는 매장,val,꽃,T4 구어·문장,94d638a6-f009-4341-b417-0b5a9bbddd46,진미감자탕,한식 및 감자탕,북부서 맞은편 골목형상점가,골목형상점가,광주광역시,,,
16ee6a12d4af7e3b0926,full_annotation_v1,A,q_꽃_09,생화 사는 곳,생활서비스 중 '꽃'을 판매·제공하는 매장,val,꽃,T4 구어·문장,f9fb5dc6-c0a1-432d-8d4f-78620d21f7cf,꽃길,생화,창원 신대방 골목형상점가,골목형상점가,경상남도,,,
6f3e147d154d0c3aef11,full_annotation_v1,A,q_꽃_09,생화 사는 곳,생활서비스 중 '꽃'을 판매·제공하는 매장,val,꽃,T4 구어·문장,16957e71-5a95-492b-bf75-815e56cb2685,꽃의낙원,생화,약수시장골목형상점가,골목형상점가,서울특별시,,,
38c4df0a50a915f833af,full_annotation_v1,A,q_꽃_09,생화 사는 곳,생활서비스 중 '꽃'을 판매·제공하는 매장,val,꽃,T4 구어·문장,08b9f9fd-7584-41c1-ba08-8a0cbb126f18,유플라워,꽃집,달서시장,전통시장,대구광역시,,,
e7240278ce0ae37fc028,full_annotation_v1,A,q_꽃_09,생화 사는 곳,생활서비스 중 '꽃'을 판매·제공하는 매장,val,꽃,T4 구어·문장,0087b08e-75d9-4580-98ee-b89a11922c32,전광화원,,장흥시장 골목형상점가,골목형상점가,,,,
c85c1ce2b0d580747dfe,full_annotation_v1,A,q_꽃_09,생화 사는 곳,생활서비스 중 '꽃'을 판매·제공하는 매장,val,꽃,T4 구어·문장,b8be4043-6813-48a6-99f0-050ae6bfcf4b,초콜렛,생화,서문시장2지구 종합상가,전통시장,대구광역시,,,
dd788ffce21ab82cb114,full_annotation_v1,A,q_꽃_09,생화 사는 곳,생활서비스 중 '꽃'을 판매·제공하는 매장,val,꽃,T4 구어·문장,091b1d69-d4e3-4d8c-9000-1d40f95f50e9,은자씨 플라워,화환,부티크타운 골목형 상점가,골목형상점가,충청남도,,,
e84947421873ef169b53,full_annotation_v1,A,q_꽃_09,생화 사는 곳,생활서비스 중 '꽃'을 판매·제공하는 매장,val,꽃,T4 구어·문장,00046925-dcb7-4796-8c1e-0de154aa3825,가든꽃화원,생화,전주풍남문상점가,자율상권구역,전북특별자치도,,,
dc151eef8e79014f9d05,full_annotation_v1,A,q_꽃_09,생화 사는 곳,생활서비스 중 '꽃'을 판매·제공하는 매장,val,꽃,T4 구어·문장,b718189d-1d95-4aa1-bbcd-d67fadacbc83,경북꽃집,생화,양정시장,전통시장,부산광역시,,,
dedb5fb0b90c18c2f40d,full_annotation_v1,A,q_꽃_09,생화 사는 곳,생활서비스 중 '꽃'을 판매·제공하는 매장,val,꽃,T4 구어·문장,995f7b89-d251-47dc-8579-d9e4b49523ef,일랑일랑,생화,진도 남문로 상권활성화구역,상권활성화구역,전라남도,,,
4dde637adf1f566c22ed,full_annotation_v1,A,q_꽃_09,생화 사는 곳,생활서비스 중 '꽃'을 판매·제공하는 매장,val,꽃,T4 구어·문장,9d2f0b36-b943-43cc-820f-e5f449f4b928,송천대파,대파,전주남부시장,전통시장,전북특별자치도,,,
38530148e3786ade6c8c,full_annotation_v1,A,q_꽃_09,생화 사는 곳,생활서비스 중 '꽃'을 판매·제공하는 매장,val,꽃,T4 구어·문장,e9a6ca5f-2ce0-493d-b577-f87948d627c2,늘푸른꽃집,생화,설성골목형상점가,골목형상점가,충청북도,,,
8c34ac8e6362f4874325,full_annotation_v1,A,q_꽃_09,생화 사는 곳,생활서비스 중 '꽃'을 판매·제공하는 매장,val,꽃,T4 구어·문장,baebb033-7ab3-41de-acf1-d2b9aa435d76,꽃수레,생화,백년소상공인,기타,경상북도,,,
9c77482f3c91dd1cddfa,full_annotation_v1,A,q_꽃_09,생화 사는 곳,생활서비스 중 '꽃'을 판매·제공하는 매장,val,꽃,T4 구어·문장,f38dc085-a176-4ce3-b894-389c5968d114,담다플라워,생화,마포구 도화·용강 상권활성화구역,상권활성화구역,서울특별시,,,
a0c96998db5e21b60244,full_annotation_v1,A,q_꽃_09,생화 사는 곳,생활서비스 중 '꽃'을 판매·제공하는 매장,val,꽃,T4 구어·문장,a385dc0d-a4a8-49c1-9459-00541d2a357f,진플라워,"생화, 관엽, 동양난, 서양난, 화분, 화환, 꽃배달",문화길 골목형상점가,골목형상점가,세종특별자치시,,,
b5b9b2a1d81e5070465f,full_annotation_v1,A,q_꽃_09,생화 사는 곳,생활서비스 중 '꽃'을 판매·제공하는 매장,val,꽃,T4 구어·문장,0fdda0b6-8af0-4e6d-9574-2a8b043c0bc0,이플,"꽃집, 꽃배달",담양중앙2번가 골목형상점가,골목형상점가,전라남도,,,
d8300c6a21830c6732ec,full_annotation_v1,A,q_꽃_09,생화 사는 곳,생활서비스 중 '꽃'을 판매·제공하는 매장,val,꽃,T4 구어·문장,88497932-355f-472a-bed9-887f48f18430,소프,생화,해방촌 골목형상점가,골목형상점가,서울특별시,,,
6b35a08157150997b3af,full_annotation_v1,A,q_꽃_09,생화 사는 곳,생활서비스 중 '꽃'을 판매·제공하는 매장,val,꽃,T4 구어·문장,96af24e2-3052-45e3-ab0c-fa4ee1b6aac6,비비드플라워,생화,궁동 골목형상점가,골목형상점가,대전광역시,,,
428d386b8c26d241907c,full_annotation_v1,A,q_꽃_09,생화 사는 곳,생활서비스 중 '꽃'을 판매·제공하는 매장,val,꽃,T4 구어·문장,c57ff15d-a804-43c1-861c-bd7cca77cb26,하가꽃,생화,하가지구 골목형상점가,골목형상점가,전북특별자치도,,,
9604e1e4074bbf032011,full_annotation_v1,A,q_꽃_09,생화 사는 곳,생활서비스 중 '꽃'을 판매·제공하는 매장,val,꽃,T4 구어·문장,2743811c-5e71-4d2b-aa75-1b0147d44f2d,사우 꽃이 피는 곳,꽃,김포 풍년마을 골목형상점가,골목형상점가,경기도,,,
7a161c0fff3c045ea37d,full_annotation_v1,A,q_꽃_09,생화 사는 곳,생활서비스 중 '꽃'을 판매·제공하는 매장,val,꽃,T4 구어·문장,5421f17d-f25c-4c6a-a86a-2d99185bcdfb,플라워스토리,생화,부리단길 골목형상점가,골목형상점가,부산광역시,,,
07f2231372e4284dbfe7,full_annotation_v1,A,q_꽃_09,생화 사는 곳,생활서비스 중 '꽃'을 판매·제공하는 매장,val,꽃,T4 구어·문장,5516793f-0a21-4030-afa2-7397d6ca707c,허니플라워LA,생화,남대문시장,전통시장,서울특별시,,,
5d1b6cdcee0af60992e5,full_annotation_v1,A,q_꽃_09,생화 사는 곳,생활서비스 중 '꽃'을 판매·제공하는 매장,val,꽃,T4 구어·문장,04b1ff99-e4e2-47bb-bcae-f7079bd73cae,삼성꽃집,조화,포항죽도시장,전통시장,경상북도,,,
8a63df1679a892d11ec2,full_annotation_v1,A,q_꽃_09,생화 사는 곳,생활서비스 중 '꽃'을 판매·제공하는 매장,val,꽃,T4 구어·문장,359df784-64ca-44d9-843d-119b126f095a,서산헬퍼,배달,서산동부전통시장,전통시장,충청남도,,,
6c7111204d0197a19ba8,full_annotation_v1,A,q_꽃_09,생화 사는 곳,생활서비스 중 '꽃'을 판매·제공하는 매장,val,꽃,T4 구어·문장,f05ba586-84d0-4e25-a145-013a59b9c308,로도스플라워가든,생화,상도전통시장,전통시장,서울특별시,,,
241d69b77cd29a70d055,full_annotation_v1,A,q_꽃_09,생화 사는 곳,생활서비스 중 '꽃'을 판매·제공하는 매장,val,꽃,T4 구어·문장,820c4f5c-ff0f-43a3-919c-547058041634,진플라워,생화,부산자유시장,전통시장,부산광역시,,,
59b3ba5ba1b9801878cd,full_annotation_v1,A,q_꽃_09,생화 사는 곳,생활서비스 중 '꽃'을 판매·제공하는 매장,val,꽃,T4 구어·문장,070a949c-b89d-4ccf-8e63-1743372657bf,조경나라,조화,고투몰(강남터미널지하도상점가),일반지하상점가,서울특별시,,,
1e1e34e5d50ed897ec41,full_annotation_v1,A,q_꽃_09,생화 사는 곳,생활서비스 중 '꽃'을 판매·제공하는 매장,val,꽃,T4 구어·문장,095e5e59-0c33-4606-8ebd-b997096638a6,대구꽃집,생화,대구꽃백화점 골목형상점가,골목형상점가,대구광역시,,,
e931f766b31977712e50,full_annotation_v1,A,q_꽃_09,생화 사는 곳,생활서비스 중 '꽃'을 판매·제공하는 매장,val,꽃,T4 구어·문장,f44ab6ba-c72a-470a-9322-631beb0431fe,영록화원,생화,중흥청춘로 골목형상점가,골목형상점가,광주광역시,,,
c15e7d98114b1aa39a23,full_annotation_v1,A,q_꽃_09,생화 사는 곳,생활서비스 중 '꽃'을 판매·제공하는 매장,val,꽃,T4 구어·문장,2275e28f-e3e4-4b3a-8ade-cfc5d13550ff,아미고,생화,"온양온천시장(온양재래시장, 전통시장)",전통시장,충청남도,,,
1a5cae36a4cc8b233662,full_annotation_v1,A,q_꽃_09,생화 사는 곳,생활서비스 중 '꽃'을 판매·제공하는 매장,val,꽃,T4 구어·문장,ff2cb867-696a-42eb-a0e8-f83d3e7a8f8d,박서준플라워,생화,행복상점가,자율상권구역,경상북도,,,
668f8d07a4b1c4c6c580,full_annotation_v1,A,q_꽃_09,생화 사는 곳,생활서비스 중 '꽃'을 판매·제공하는 매장,val,꽃,T4 구어·문장,065a7a8c-5299-430a-93b1-257064b5c858,멜리플라워,,의왕가구거리 골목형상점가,골목형상점가,경기도,,,
268eca5d58196243ccfe,full_annotation_v1,A,q_꽃_09,생화 사는 곳,생활서비스 중 '꽃'을 판매·제공하는 매장,val,꽃,T4 구어·문장,09c8f667-54f0-4904-a60b-a025b5a48c50,기쁨샘,생화,남대문시장,전통시장,서울특별시,,,
61441f9cd42c06f7284c,full_annotation_v1,A,q_꽃_09,생화 사는 곳,생활서비스 중 '꽃'을 판매·제공하는 매장,val,꽃,T4 구어·문장,d1ebf17f-2418-4496-a2e2-0211e98b478c,풀빛희원,생화,첨단부영 골목형상점가,골목형상점가,광주광역시,,,
3d2f1ddcd98abf7fa18a,full_annotation_v1,A,q_꽃_09,생화 사는 곳,생활서비스 중 '꽃'을 판매·제공하는 매장,val,꽃,T4 구어·문장,7b76f020-6dcb-4a88-b451-ad2b1d4f0232,만개정원,생화,퐁당거리 골목형상점가,골목형상점가,전라남도,,,
399a4bfdd344abf3ee7b,full_annotation_v1,A,q_꽃_09,생화 사는 곳,생활서비스 중 '꽃'을 판매·제공하는 매장,val,꽃,T4 구어·문장,ce22ca18-1c12-4ba1-9bda-a94ec8398992,원플라워,생화,남대문시장,전통시장,서울특별시,,,
2f3c1161bc00fd565c05,full_annotation_v1,A,q_꽃_09,생화 사는 곳,생활서비스 중 '꽃'을 판매·제공하는 매장,val,꽃,T4 구어·문장,8ff13037-46a9-4b14-8e21-82c9f6c1a471,꼿밧,생화,중촌동 맞춤거리 상점가,자율상권구역,대전광역시,,,
8234b51064bd9f7a1429,full_annotation_v1,A,q_꽃_09,생화 사는 곳,생활서비스 중 '꽃'을 판매·제공하는 매장,val,꽃,T4 구어·문장,01361075-0980-43ea-8c81-a58d44a604bb,플라워루체,생화,운암북문대로 골목형상점가,골목형상점가,광주광역시,,,
40aae58dade4f91e5292,full_annotation_v1,A,q_꽃_09,생화 사는 곳,생활서비스 중 '꽃'을 판매·제공하는 매장,val,꽃,T4 구어·문장,986c0001-7f5b-4d9b-ac38-c74d85e81938,어던,의류,중앙로 지하상가 상점가,일반지하상점가,대전광역시,,,
0e4d5ad72651263c6166,full_annotation_v1,A,q_꽃_09,생화 사는 곳,생활서비스 중 '꽃'을 판매·제공하는 매장,val,꽃,T4 구어·문장,ef730704-b0a6-467c-84d6-3dec7097c9e9,씨유 오산오색시장점,편의점,오산오색시장(구 오산중앙시장),전통시장,경기도,,,
d18eb6ff2f27a5215e2b,full_annotation_v1,A,q_꽃_09,생화 사는 곳,생활서비스 중 '꽃'을 판매·제공하는 매장,val,꽃,T4 구어·문장,001b5693-72ee-4677-9cdb-39117fbc932a,로사리움,꽃,첨단지구 골목형상점가,골목형상점가,광주광역시,,,
50663dbdc2af701c59c0,full_annotation_v1,A,q_꽃_09,생화 사는 곳,생활서비스 중 '꽃'을 판매·제공하는 매장,val,꽃,T4 구어·문장,7a242fbd-249d-4ae5-8ddb-add211b09ba2,꽃핀날,생화,숭인사랑골목형상점가,골목형상점가,서울특별시,,,
b5dd770b7240b685f849,full_annotation_v1,A,q_꽃_09,생화 사는 곳,생활서비스 중 '꽃'을 판매·제공하는 매장,val,꽃,T4 구어·문장,0838ebd8-8e52-472e-8b55-713d7e585593,현꽃집,생화,영신상가,전통시장,서울특별시,,,
aeac251640ffdb0b5af3,full_annotation_v1,A,q_꽃_09,생화 사는 곳,생활서비스 중 '꽃'을 판매·제공하는 매장,val,꽃,T4 구어·문장,6111fcff-545e-40a6-b936-af27bd68cc5e,신데렐라,생화,상무화원상인회 골목형상점가,골목형상점가,광주광역시,,,
80c517bb2db411cfafb4,full_annotation_v1,A,q_꽃_09,생화 사는 곳,생활서비스 중 '꽃'을 판매·제공하는 매장,val,꽃,T4 구어·문장,a077d0a0-2aef-4689-b968-cea99be4a1d4,자연,생화,삼각동 골목형상점가,골목형상점가,광주광역시,,,
72d43237669e0d60537f,full_annotation_v1,A,q_꽃_09,생화 사는 곳,생활서비스 중 '꽃'을 판매·제공하는 매장,val,꽃,T4 구어·문장,0393ce95-3e7d-4bb5-8ad3-e5da1199e516,꽃사랑화원,화원,남해 명품화전길 골목형상점가,골목형상점가,경상남도,,,
cbac19d75766996ccc39,full_annotation_v1,A,q_꽃_09,생화 사는 곳,생활서비스 중 '꽃'을 판매·제공하는 매장,val,꽃,T4 구어·문장,94019ef1-8bfc-45ea-b8be-7e8b0c7b7b35,남경회수산,"활어회포장, 배달",원대신시장,전통시장,대구광역시,,,
757b3c744018adb96c69,full_annotation_v1,A,q_꽃_09,생화 사는 곳,생활서비스 중 '꽃'을 판매·제공하는 매장,val,꽃,T4 구어·문장,fba2de74-75f0-46b9-a95a-112ee7499d82,아담플라워,화환,월곡달빛오거리골목형상점가,골목형상점가,서울특별시,,,
5c8f4ca1922330819c05,full_annotation_v1,A,q_꽃_09,생화 사는 곳,생활서비스 중 '꽃'을 판매·제공하는 매장,val,꽃,T4 구어·문장,c47ff879-0357-4eca-ad1a-117d741e877d,썬플라워,생화,남대문시장,전통시장,서울특별시,,,
4e521859259fb5097297,full_annotation_v1,A,q_꽃_09,생화 사는 곳,생활서비스 중 '꽃'을 판매·제공하는 매장,val,꽃,T4 구어·문장,196142aa-e94d-4f68-ad52-a9f7454123a9,화니플라워,생화,동화동골목형상가,골목형상점가,서울특별시,,,
bb70c61b924554dde2b0,full_annotation_v1,A,q_꽃_09,생화 사는 곳,생활서비스 중 '꽃'을 판매·제공하는 매장,val,꽃,T4 구어·문장,fcbbf76b-9a4a-4d81-b5b0-647881d98e8e,추씨농원,생화,대구꽃백화점 골목형상점가,골목형상점가,대구광역시,,,
4b3cf5da3c9284bcca22,full_annotation_v1,A,q_꽃_09,생화 사는 곳,생활서비스 중 '꽃'을 판매·제공하는 매장,val,꽃,T4 구어·문장,a4751b34-ebfd-45ed-8656-654ed74c7ad7,썬플라워,생화,고투몰(강남터미널지하도상점가),일반지하상점가,서울특별시,,,
fce7a74522a787bacf4a,full_annotation_v1,A,q_꽃_09,생화 사는 곳,생활서비스 중 '꽃'을 판매·제공하는 매장,val,꽃,T4 구어·문장,1d86102d-939d-44ac-abd5-d7cc454cdda9,창평식물원,생화,뒷개로청춘골목상점가,골목형상점가,전라남도,,,
5b447968c24fc1bccdfb,full_annotation_v1,A,q_꽃_09,생화 사는 곳,생활서비스 중 '꽃'을 판매·제공하는 매장,val,꽃,T4 구어·문장,c76ecedf-f03e-4f9f-a96a-8fc1f95e8fd0,수담플라워,생화,가재마을 골목형상점가,골목형상점가,세종특별자치시,,,
d616f2d7fe29248fce87,full_annotation_v1,A,q_꽃_09,생화 사는 곳,생활서비스 중 '꽃'을 판매·제공하는 매장,val,꽃,T4 구어·문장,00b13ca2-ef5b-4243-9a38-2de8507a2c21,남촌플라워,생화,용상공설시장,전통시장,경상북도,,,
cb4483383aab0ed13c2f,full_annotation_v1,A,q_꽃_09,생화 사는 곳,생활서비스 중 '꽃'을 판매·제공하는 매장,val,꽃,T4 구어·문장,482d229b-2988-4616-b30b-31ad002f5c19,제주,생화,대구꽃백화점 골목형상점가,골목형상점가,대구광역시,,,
59df5e58c42f35d38d39,full_annotation_v1,A,q_꽃_09,생화 사는 곳,생활서비스 중 '꽃'을 판매·제공하는 매장,val,꽃,T4 구어·문장,77262068-6a95-4301-bdd3-34a349a0367d,꽃이야기,생화,조종시장,전통시장,경기도,,,
4d83b55ed90f6294afda,full_annotation_v1,A,q_꽃_09,생화 사는 곳,생활서비스 중 '꽃'을 판매·제공하는 매장,val,꽃,T4 구어·문장,171e7857-6042-4db8-a7e8-0f592ab40f50,Hair리젤,미용,수완하나로 골목형상점가,골목형상점가,광주광역시,,,
cbb6a906aa18044bf366,full_annotation_v1,A,q_꽃_09,생화 사는 곳,생활서비스 중 '꽃'을 판매·제공하는 매장,val,꽃,T4 구어·문장,26a2098d-a278-4009-897b-820a53e3faa7,메리골드,생화,주안역지하도상점가,일반지하상점가,인천광역시,,,
9e7316a8a3adbdbe4587,full_annotation_v1,A,q_꽃_09,생화 사는 곳,생활서비스 중 '꽃'을 판매·제공하는 매장,val,꽃,T4 구어·문장,eefb2f1c-5891-4d50-8257-cd89557dd086,명랑꽃화원,생화,무극시장,전통시장,충청북도,,,
56874cc6122457eb45dc,full_annotation_v1,A,q_꽃_09,생화 사는 곳,생활서비스 중 '꽃'을 판매·제공하는 매장,val,꽃,T4 구어·문장,7183b3a6-0671-404f-813a-51a48ccd3864,팅커벨,생화,하남대로가구의거리상인회 골목형상점가,골목형상점가,광주광역시,,,
f5b00f5ab408b2bfcdc4,full_annotation_v1,A,q_꽃_09,생화 사는 곳,생활서비스 중 '꽃'을 판매·제공하는 매장,val,꽃,T4 구어·문장,eee2fec8-100d-446b-bb6b-21d2b40da602,에스제이플라워,생화,영신상가,전통시장,서울특별시,,,
4a303ff1ccb3baa796f9,full_annotation_v1,A,q_꽃_09,생화 사는 곳,생활서비스 중 '꽃'을 판매·제공하는 매장,val,꽃,T4 구어·문장,2958565f-3773-42c4-bb7d-16d2b785c96b,오늘기분,생화,철길공원 골목형상점가,골목형상점가,전북특별자치도,,,
4ea49f3309f80e3e66bf,full_annotation_v1,A,q_꽃_09,생화 사는 곳,생활서비스 중 '꽃'을 판매·제공하는 매장,val,꽃,T4 구어·문장,4c803252-e536-48ce-b395-3dbf73ddc4d0,아르장,생화,첨단지구 골목형상점가,골목형상점가,광주광역시,,,
6a1d2be36ceb0dd58d36,full_annotation_v1,A,q_꽃_09,생화 사는 곳,생활서비스 중 '꽃'을 판매·제공하는 매장,val,꽃,T4 구어·문장,2fd6db16-8b47-41d4-b6d9-a1cc57c25343,미리내flowershop,"생화, 조화, 화분, 화환",인동중앙상점가,골목형상점가,경상북도,,,
5b71d06ed4a0e3ca2b61,full_annotation_v1,A,q_꽃_09,생화 사는 곳,생활서비스 중 '꽃'을 판매·제공하는 매장,val,꽃,T4 구어·문장,caacb9c3-69d2-4f7c-a9a1-5d97aa65c055,털보원예,생화,연서시장,전통시장,서울특별시,,,
6af8517f96298295d4cc,full_annotation_v1,A,q_꽃_09,생화 사는 곳,생활서비스 중 '꽃'을 판매·제공하는 매장,val,꽃,T4 구어·문장,d4653c90-fbc1-487c-ba8b-63fdb8908b47,꽃그리다,생화,더센트럴 골목형상점가,골목형상점가,세종특별자치시,,,
194088e8283ba19f2ae5,full_annotation_v1,A,q_꽃_10,꽃추천,생활서비스 중 '꽃'을 판매·제공하는 매장,val,꽃,T6 기계변형,0393ce95-3e7d-4bb5-8ad3-e5da1199e516,꽃사랑화원,화원,남해 명품화전길 골목형상점가,골목형상점가,경상남도,,,
5305f33cf8f5915fedcf,full_annotation_v1,A,q_꽃_10,꽃추천,생활서비스 중 '꽃'을 판매·제공하는 매장,val,꽃,T6 기계변형,a63f0a39-cc86-4e1e-8aef-a0a0a6623891,알천,한식,달아실 골목형상점가,골목형상점가,광주광역시,,,
9c662db6846740273cef,full_annotation_v1,A,q_꽃_10,꽃추천,생활서비스 중 '꽃'을 판매·제공하는 매장,val,꽃,T6 기계변형,9c5ec1cd-d81e-4f74-bf83-f2c0b38d938a,해피천,생활용풍,우치로효동공원 골목형상점가,골목형상점가,광주광역시,,,
808d3e4a673d5b46a9a2,full_annotation_v1,A,q_꽃_10,꽃추천,생활서비스 중 '꽃'을 판매·제공하는 매장,val,꽃,T6 기계변형,5b009ebd-4432-4712-aed9-a529dcb3c80e,오렌지,의류,함안 가야전통시장,전통시장,경상남도,,,
8530214163cb88a3aaf9,full_annotation_v1,A,q_꽃_10,꽃추천,생활서비스 중 '꽃'을 판매·제공하는 매장,val,꽃,T6 기계변형,04c231bf-d3f7-4202-b3a8-d03eb7531853,실버라인,도소매(조화),고투몰(강남터미널지하도상점가),일반지하상점가,서울특별시,,,
0c7d23e2db91b32f6a0f,full_annotation_v1,A,q_꽃_10,꽃추천,생활서비스 중 '꽃'을 판매·제공하는 매장,val,꽃,T6 기계변형,cbcc75d5-29d8-4e75-98f5-fd7683760030,브레인예술종합학원,교육서비스,풍암중앙상인회 골목형상점가,골목형상점가,광주광역시,,,
c9e445977e8969ecb465,full_annotation_v1,A,q_꽃_10,꽃추천,생활서비스 중 '꽃'을 판매·제공하는 매장,val,꽃,T6 기계변형,00afc023-f2e3-417c-b675-42c0a2f682ac,경영꽃집,꽃,유성구암 골목형상점가,골목형상점가,대전광역시,,,
e26d38124b103a1a18d5,full_annotation_v1,A,q_꽃_10,꽃추천,생활서비스 중 '꽃'을 판매·제공하는 매장,val,꽃,T6 기계변형,187c6463-7949-4ec3-aca8-2dafa9e7f0c1,컬리반스,피자,부리단길 골목형상점가,골목형상점가,부산광역시,,,
dca586944189c4ea3158,full_annotation_v1,A,q_꽃_10,꽃추천,생활서비스 중 '꽃'을 판매·제공하는 매장,val,꽃,T6 기계변형,1fdbde44-5af5-44af-a712-d9812223c8a5,오티티박스,공간대여업,천안신부문화거리상점가,자율상권구역,충청남도,,,
630d91e55e0f972f6472,full_annotation_v1,A,q_꽃_10,꽃추천,생활서비스 중 '꽃'을 판매·제공하는 매장,val,꽃,T6 기계변형,cf3f25d4-b24f-4665-a5ea-13a15974d898,오오플라워,화환,삼각지맛길 골목형상점가,골목형상점가,대구광역시,,,
ad617e608e46c4d7d3de,full_annotation_v1,A,q_꽃_10,꽃추천,생활서비스 중 '꽃'을 판매·제공하는 매장,val,꽃,T6 기계변형,94019ef1-8bfc-45ea-b8be-7e8b0c7b7b35,남경회수산,"활어회포장, 배달",원대신시장,전통시장,대구광역시,,,
d8d9278bb82111a18cf6,full_annotation_v1,A,q_꽃_10,꽃추천,생활서비스 중 '꽃'을 판매·제공하는 매장,val,꽃,T6 기계변형,b7c7750c-4dc3-4c53-8705-0528f0106491,꼬뱅,의류,풍암새누리상인회 골목형상점가,골목형상점가,광주광역시,,,
fcc34534788732420fd1,full_annotation_v1,A,q_꽃_10,꽃추천,생활서비스 중 '꽃'을 판매·제공하는 매장,val,꽃,T6 기계변형,0e5a591b-cc1f-4529-9593-c68d305729a6,꼬슬란꽃집,소매(화원),가평잣고을시장,전통시장,경기도,,,
35a7c4d855f1be676aed,full_annotation_v1,A,q_꽃_10,꽃추천,생활서비스 중 '꽃'을 판매·제공하는 매장,val,꽃,T6 기계변형,923eb055-03c7-4384-b6fd-3fe63ee737f7,광천,어묵,대해불빛시장(대해종합시장),전통시장,경상북도,,,
873ef6ca6c3eaa5a7ffd,full_annotation_v1,A,q_꽃_10,꽃추천,생활서비스 중 '꽃'을 판매·제공하는 매장,val,꽃,T6 기계변형,8deeaaf0-c0e9-4088-913c-1022636f18fe,꽃세상,,진주 중앙상점가,자율상권구역,경상남도,,,
80951f44d559080b6ab2,full_annotation_v1,A,q_꽃_10,꽃추천,생활서비스 중 '꽃'을 판매·제공하는 매장,val,꽃,T6 기계변형,c1082f66-a832-4863-933d-c337d35d0299,합천 식육점,,진주 중앙상점가,자율상권구역,경상남도,,,
53d992158f546bd7ebc5,full_annotation_v1,A,q_꽃_10,꽃추천,생활서비스 중 '꽃'을 판매·제공하는 매장,val,꽃,T6 기계변형,006964ff-b2f9-421f-8fa7-f87219c26c0a,블리스블룸,생화,BOCA 보카상점가,골목형상점가,경기도,,,
69444a14da6d7764d67f,full_annotation_v1,A,q_꽃_10,꽃추천,생활서비스 중 '꽃'을 판매·제공하는 매장,val,꽃,T6 기계변형,0043469e-66b6-48d0-b7a9-d87c0887cf59,꽃이예쁜집,꽃,장동앞길 골목형상점가,골목형상점가,광주광역시,,,
867293a86e670ec866b4,full_annotation_v1,A,q_꽃_10,꽃추천,생활서비스 중 '꽃'을 판매·제공하는 매장,val,꽃,T6 기계변형,8d133d76-3081-4fdb-b487-bde7358850c9,꽃볶이,한식,잠원하길골목형상점가,골목형상점가,서울특별시,,,
f38ff5a10c8cb70cddb7,full_annotation_v1,A,q_꽃_10,꽃추천,생활서비스 중 '꽃'을 판매·제공하는 매장,val,꽃,T6 기계변형,e96a83bc-946a-43bc-9e0d-d1185bf52d51,옥천,수산물,부천상동시장,전통시장,경기도,,,
b393ee1863fa4f5aefce,full_annotation_v1,A,q_꽃_10,꽃추천,생활서비스 중 '꽃'을 판매·제공하는 매장,val,꽃,T6 기계변형,e725d8a3-b3f1-45aa-9aa7-fb74a1b81e22,문화온천,,장흥중앙로 골목형상점가,골목형상점가,,,,
8d44563a7b842a9b12c3,full_annotation_v1,A,q_꽃_10,꽃추천,생활서비스 중 '꽃'을 판매·제공하는 매장,val,꽃,T6 기계변형,4825acae-5ec9-42a7-a4dd-bcaabd92399d,꽃집,꽃,동명동 카페거리 골목형상점가,골목형상점가,광주광역시,,,
2a56eaa85f700bbe1d9c,full_annotation_v1,A,q_꽃_10,꽃추천,생활서비스 중 '꽃'을 판매·제공하는 매장,val,꽃,T6 기계변형,e8e177f8-b4a2-4294-b2e7-08eea9bce093,목사고을시장식육점,식육,나주목사고을시장,전통시장,,,,
4eca71a570d242d1e72c,full_annotation_v1,A,q_꽃_10,꽃추천,생활서비스 중 '꽃'을 판매·제공하는 매장,val,꽃,T6 기계변형,139f6d68-83b9-40cc-8339-120b154b8714,이딜리크,꽃집,월평1동 상인연합회,골목형상점가,대전광역시,,,
bda174b2f7bb8717c990,full_annotation_v1,A,q_꽃_10,꽃추천,생활서비스 중 '꽃'을 판매·제공하는 매장,val,꽃,T6 기계변형,03de55fd-e04d-4c83-861f-72bd167d8afc,드레스플라워,,대봉모리 골목형상점가,골목형상점가,대구광역시,,,
9d11e2e17190c52f0914,full_annotation_v1,A,q_꽃_10,꽃추천,생활서비스 중 '꽃'을 판매·제공하는 매장,val,꽃,T6 기계변형,4084441d-fcb3-4267-96dd-40f642042605,부처스청천,식육,서초쇼핑골목형상점가,골목형상점가,서울특별시,,,
554d67f238954486eeee,full_annotation_v1,A,q_꽃_10,꽃추천,생활서비스 중 '꽃'을 판매·제공하는 매장,val,꽃,T6 기계변형,b051c4f3-8b69-4d56-a7fb-f4c9c9bc97fb,꽃다비,꽃,불광먹자골목 골목형상점가,골목형상점가,서울특별시,,,
db6c7b546da10f1ac0a1,full_annotation_v1,A,q_꽃_10,꽃추천,생활서비스 중 '꽃'을 판매·제공하는 매장,val,꽃,T6 기계변형,64f46af6-68e6-445c-ba37-30a3e6efc1ad,꽃기린,꽃,운암 예술 골목형상점가,골목형상점가,광주광역시,,,
507395ec7c346b40e154,full_annotation_v1,A,q_꽃_10,꽃추천,생활서비스 중 '꽃'을 판매·제공하는 매장,val,꽃,T6 기계변형,157d3e8c-0788-4ad6-b5c5-817e14b93c3d,평화제유소,"참기름, 고추가루",김천평화시장,전통시장,경상북도,,,
bf7c1861ef3e1faea008,full_annotation_v1,A,q_꽃_10,꽃추천,생활서비스 중 '꽃'을 판매·제공하는 매장,val,꽃,T6 기계변형,39a89ef1-ccdb-4556-9a47-58ef50c7354b,원두막,한식,치평상무역상인회 골목형상점가,골목형상점가,광주광역시,,,
1a41ca0286df3f11086f,full_annotation_v1,A,q_꽃_10,꽃추천,생활서비스 중 '꽃'을 판매·제공하는 매장,val,꽃,T6 기계변형,488c87d3-7e0e-4cf9-adfa-bd793d32fe6e,가든온천,,정남진활력의거리 골목형상점가,골목형상점가,,,,
48b31691c993f18503f7,full_annotation_v1,A,q_꽃_10,꽃추천,생활서비스 중 '꽃'을 판매·제공하는 매장,val,꽃,T6 기계변형,2fd6db16-8b47-41d4-b6d9-a1cc57c25343,미리내flowershop,"생화, 조화, 화분, 화환",인동중앙상점가,골목형상점가,경상북도,,,
bbe254b263a30a565bdb,full_annotation_v1,A,q_꽃_10,꽃추천,생활서비스 중 '꽃'을 판매·제공하는 매장,val,꽃,T6 기계변형,001b5693-72ee-4677-9cdb-39117fbc932a,로사리움,꽃,첨단지구 골목형상점가,골목형상점가,광주광역시,,,
7df2b51e44454f8bbf15,full_annotation_v1,A,q_꽃_10,꽃추천,생활서비스 중 '꽃'을 판매·제공하는 매장,val,꽃,T6 기계변형,f5955665-026e-4b0d-9c51-00355cea61d7,꽃감분식,한식,아현동손기정길골목형상점가,골목형상점가,서울특별시,,,
e2738544072850a2dc3b,full_annotation_v1,A,q_꽃_10,꽃추천,생활서비스 중 '꽃'을 판매·제공하는 매장,val,꽃,T6 기계변형,070a949c-b89d-4ccf-8e63-1743372657bf,조경나라,조화,고투몰(강남터미널지하도상점가),일반지하상점가,서울특별시,,,
2a5d9f8973b273857926,full_annotation_v1,A,q_꽃_10,꽃추천,생활서비스 중 '꽃'을 판매·제공하는 매장,val,꽃,T6 기계변형,776bfded-7104-4579-8fbc-de89ef690d59,꽃별,,사강시장,전통시장,경기도,,,
1fb309043b4f375df16c,full_annotation_v1,A,q_꽃_10,꽃추천,생활서비스 중 '꽃'을 판매·제공하는 매장,val,꽃,T6 기계변형,80c4738a-934b-4b41-9de9-a82a5967a614,천외천,한식,상봉먹자골목형상점가,골목형상점가,서울특별시,,,
2c7f0e8dfb87c4551b1a,full_annotation_v1,A,q_꽃_10,꽃추천,생활서비스 중 '꽃'을 판매·제공하는 매장,val,꽃,T6 기계변형,ae3782b4-7742-4e4a-8223-325b3cc082b5,꽃마루,꽃,금촌명동로시장,전통시장,경기도,,,
edda4116ced31dce10b1,full_annotation_v1,A,q_꽃_10,꽃추천,생활서비스 중 '꽃'을 판매·제공하는 매장,val,꽃,T6 기계변형,adce481f-e15e-4db6-8e49-425b0ebab629,꽃걸음,꽃,대인동예술담길 골목형상점가,골목형상점가,광주광역시,,,
11f7c7ca38205f7aaaae,full_annotation_v1,A,q_꽃_10,꽃추천,생활서비스 중 '꽃'을 판매·제공하는 매장,val,꽃,T6 기계변형,07e2a120-4803-4634-bd52-ebd7c5433825,슬이네(보떼),조화,고투몰(강남터미널지하도상점가),일반지하상점가,서울특별시,,,
9a4cbe0477ddc6d42cb3,full_annotation_v1,A,q_꽃_10,꽃추천,생활서비스 중 '꽃'을 판매·제공하는 매장,val,꽃,T6 기계변형,221ade21-4169-49c5-8e3a-7a26be037870,소림타운천안점,마라탕,두정동상점가,자율상권구역,충청남도,,,
fcc4a952582f75b2f033,full_annotation_v1,A,q_꽃_10,꽃추천,생활서비스 중 '꽃'을 판매·제공하는 매장,val,꽃,T6 기계변형,359df784-64ca-44d9-843d-119b126f095a,서산헬퍼,배달,서산동부전통시장,전통시장,충청남도,,,
82b06e329c6c9b86d743,full_annotation_v1,A,q_꽃_10,꽃추천,생활서비스 중 '꽃'을 판매·제공하는 매장,val,꽃,T6 기계변형,00046925-dcb7-4796-8c1e-0de154aa3825,가든꽃화원,생화,전주풍남문상점가,자율상권구역,전북특별자치도,,,
79890157d7ff9a5a70ff,full_annotation_v1,A,q_꽃_10,꽃추천,생활서비스 중 '꽃'을 판매·제공하는 매장,val,꽃,T6 기계변형,c72ad5e5-3bac-47b9-8014-f1b9367630e1,안녕제천,,제천중앙시장,전통시장,충청북도,,,
6987f7f890fea698701e,full_annotation_v1,A,q_꽃_10,꽃추천,생활서비스 중 '꽃'을 판매·제공하는 매장,val,꽃,T6 기계변형,1f17df28-643a-4205-b24d-68dedbfd70d1,꽃앤수,꽃,둔산꽃길 골목형상점가,골목형상점가,대전광역시,,,
596e15d8ec5e2fed58d3,full_annotation_v1,A,q_꽃_10,꽃추천,생활서비스 중 '꽃'을 판매·제공하는 매장,val,꽃,T6 기계변형,2a293535-84ea-48fb-b6ad-64fc9c09d82b,온컴,컴퓨터 조립 컴퓨터 판매,대구종합유통단지전자관사업협동조합,전통시장,대구광역시,,,
770d375f9fce7ed3dd82,full_annotation_v1,A,q_꽃_10,꽃추천,생활서비스 중 '꽃'을 판매·제공하는 매장,val,꽃,T6 기계변형,44e0686a-9876-4f6a-a63b-6f9983eb6af6,스시천,일식,공항대로골목형상점가,골목형상점가,서울특별시,,,
50456054681703fab9ff,full_annotation_v1,A,q_꽃_10,꽃추천,생활서비스 중 '꽃'을 판매·제공하는 매장,val,꽃,T6 기계변형,d31a8752-dd4d-4fe2-a513-c93a96253557,꽃라온,꽃,북촌계동길골목형상점가,골목형상점가,서울특별시,,,
9f54a26f50337073a330,full_annotation_v1,A,q_꽃_10,꽃추천,생활서비스 중 '꽃'을 판매·제공하는 매장,val,꽃,T6 기계변형,0dc54a43-0aee-4fcb-939d-b0f59e5b1b25,금원꽃집,,송강동 골목형상점가,골목형상점가,대전광역시,,,
358dceae4eab0269b5eb,full_annotation_v1,A,q_꽃_10,꽃추천,생활서비스 중 '꽃'을 판매·제공하는 매장,val,꽃,T6 기계변형,62eda9ea-1031-4b17-974a-8186cc68a363,아우토반 키즈카,자전거 어린이킥보드 푸쉬카 밸런스바이크,치평동아파트연합상인회 골목형상점가,골목형상점가,광주광역시,,,
3b66812c3790799068a4,full_annotation_v1,A,q_꽃_10,꽃추천,생활서비스 중 '꽃'을 판매·제공하는 매장,val,꽃,T6 기계변형,22a94491-853d-4840-b253-418bc12c7e10,산천,,홍도 골목형상점가,골목형상점가,대전광역시,,,
39adc03f653fe40883ee,full_annotation_v1,A,q_꽃_10,꽃추천,생활서비스 중 '꽃'을 판매·제공하는 매장,val,꽃,T6 기계변형,01361075-0980-43ea-8c81-a58d44a604bb,플라워루체,생화,운암북문대로 골목형상점가,골목형상점가,광주광역시,,,
436af4222a496bcb0254,full_annotation_v1,A,q_꽃_10,꽃추천,생활서비스 중 '꽃'을 판매·제공하는 매장,val,꽃,T6 기계변형,0087b08e-75d9-4580-98ee-b89a11922c32,전광화원,,장흥시장 골목형상점가,골목형상점가,,,,
9c253bad3a64bb93fd14,full_annotation_v1,A,q_꽃_10,꽃추천,생활서비스 중 '꽃'을 판매·제공하는 매장,val,꽃,T6 기계변형,ad7c5583-b22c-46d6-9ac0-97c2235f9086,꽃부리영,꽃,둔산꽃길 골목형상점가,골목형상점가,대전광역시,,,
2852fd5476fbe8a94e6e,full_annotation_v1,A,q_꽃_10,꽃추천,생활서비스 중 '꽃'을 판매·제공하는 매장,val,꽃,T6 기계변형,012ed1bc-d2d6-4dad-8b36-6ad33d367ab2,24시꽃집럭키플라워송도점,생화 식물,송도랜드마크시티 센트럴더샵 골목형상점가,골목형상점가,인천광역시,,,
1802fec7f470be6f67fb,full_annotation_v1,A,q_꽃_10,꽃추천,생활서비스 중 '꽃'을 판매·제공하는 매장,val,꽃,T6 기계변형,010fea22-a965-4d8e-a805-083042a361ec,니어앤디어Cafe,꽃,상주중앙시장,전통시장,경상북도,,,
0e0cecf809c4bd338a56,full_annotation_v1,A,q_꽃_10,꽃추천,생활서비스 중 '꽃'을 판매·제공하는 매장,val,꽃,T6 기계변형,9b4fc779-b33c-4d82-bee6-9acf7defc3c1,주식회사 두두컴퍼니코리아,배달,자양로13길골목형상점가,골목형상점가,서울특별시,,,
d664d9f119849c41a6c1,full_annotation_v1,A,q_꽃_10,꽃추천,생활서비스 중 '꽃'을 판매·제공하는 매장,val,꽃,T6 기계변형,9d15b26c-b7c6-48cf-afbc-f0dcdc22cccf,꽃디,꽃,푸른마을공동체센터 골목형상점가,골목형상점가,광주광역시,,,
376a158c8f1b36ddfa93,full_annotation_v1,A,q_꽃_10,꽃추천,생활서비스 중 '꽃'을 판매·제공하는 매장,val,꽃,T6 기계변형,761f7b24-0ee3-455c-a7f3-e20f7dcd6165,꽃마실,꽃,서동시장,전통시장,울산광역시,,,
57d4abd5d75cb63bd93c,full_annotation_v1,A,q_꽃_10,꽃추천,생활서비스 중 '꽃'을 판매·제공하는 매장,val,꽃,T6 기계변형,84ec2b5f-3ecb-499e-8499-7cd0dd19a4e1,주식회사거천,수산물,북평민속시장(북평민속5일장),전통시장,강원특별자치도,,,
7836722d093091f8efce,full_annotation_v1,A,q_꽃_10,꽃추천,생활서비스 중 '꽃'을 판매·제공하는 매장,val,꽃,T6 기계변형,00b20e6f-4b2f-410f-984c-b6a206704138,나리화원.꽃,,승달 골목형상점가,골목형상점가,,,,
ecee503ce1a16f290b34,full_annotation_v1,A,q_꽃_10,꽃추천,생활서비스 중 '꽃'을 판매·제공하는 매장,val,꽃,T6 기계변형,fba2de74-75f0-46b9-a95a-112ee7499d82,아담플라워,화환,월곡달빛오거리골목형상점가,골목형상점가,서울특별시,,,
7ffa95e785718588f686,full_annotation_v1,A,q_꽃_10,꽃추천,생활서비스 중 '꽃'을 판매·제공하는 매장,val,꽃,T6 기계변형,7687eeab-3595-4b10-9bab-ffb44cc9cc04,사랑이 꽃피는 한의원,보건업,영풍리젠시 골목형상점가,골목형상점가,부산광역시,,,
86b356b9168ca3541017,full_annotation_v1,A,q_꽃_10,꽃추천,생활서비스 중 '꽃'을 판매·제공하는 매장,val,꽃,T6 기계변형,2ea6559f-65d1-48a6-9086-d6cdf669f5e5,꽃족발,,서부시장,전통시장,대구광역시,,,
ab381e93ce23597c339e,full_annotation_v1,A,q_꽃_10,꽃추천,생활서비스 중 '꽃'을 판매·제공하는 매장,val,꽃,T6 기계변형,0fdda0b6-8af0-4e6d-9574-2a8b043c0bc0,이플,"꽃집, 꽃배달",담양중앙2번가 골목형상점가,골목형상점가,전라남도,,,
ca9d259990000d1dc2dd,full_annotation_v1,A,q_꽃_10,꽃추천,생활서비스 중 '꽃'을 판매·제공하는 매장,val,꽃,T6 기계변형,00b610a8-8a8a-4c5e-9e0b-cba5e4d22c93,에덴꽃화원,꽃,태화시장,전통시장,울산광역시,,,
725bd6bca725b6d070b0,full_annotation_v1,A,q_꽃_10,꽃추천,생활서비스 중 '꽃'을 판매·제공하는 매장,val,꽃,T6 기계변형,103c0100-6c9d-4949-a0b9-bfe313656685,미소,의류,부산평화시장,전통시장,부산광역시,,,
2d6f5d394f62b64c8b6d,full_annotation_v1,A,q_꽃_10,꽃추천,생활서비스 중 '꽃'을 판매·제공하는 매장,val,꽃,T6 기계변형,01b50703-620e-4976-9b84-a03f2ba9bdcf,메르세드플라워,,관저상가 골목형상점가,골목형상점가,대전광역시,,,
7580ea09f4f417530b2f,full_annotation_v1,A,q_꽃_10,꽃추천,생활서비스 중 '꽃'을 판매·제공하는 매장,val,꽃,T6 기계변형,824ef76b-ae68-41f6-8d7c-0432343c990f,와우동천,,풍무동1 골목형상점가,골목형상점가,경기도,,,
86eae844d23e2edb787f,full_annotation_v1,A,q_꽃_10,꽃추천,생활서비스 중 '꽃'을 판매·제공하는 매장,val,꽃,T6 기계변형,868e3a70-b0aa-4ad0-a1e3-10a4310a2e5b,청아온천,,장성읍 골목형상점가,골목형상점가,전라남도,,,
f703fb7d63bfdbf25827,full_annotation_v1,A,q_꽃_10,꽃추천,생활서비스 중 '꽃'을 판매·제공하는 매장,val,꽃,T6 기계변형,0268ed52-44bd-4e9c-a295-7a64f656640a,양정화원,화원,관고전통시장,전통시장,경기도,,,
2b9eb23cb67bfeaec96f,full_annotation_v1,A,q_꽃_10,꽃추천,생활서비스 중 '꽃'을 판매·제공하는 매장,val,꽃,T6 기계변형,6549bd5b-225b-4c30-a03b-78537f1a644f,옥천,문구,통영 충무데파트,자율상권구역,경상남도,,,
2883ae12e7127cf7dcc0,full_annotation_v1,A,q_꽃_10,꽃추천,생활서비스 중 '꽃'을 판매·제공하는 매장,val,꽃,T6 기계변형,2cd0e2ef-c35b-4641-8bc7-9a2e3f5a4da8,꽃까신,의류,서천특화시장,전통시장,충청남도,,,
162081f6e061d289c8e1,full_annotation_v1,A,q_꽃_10,꽃추천,생활서비스 중 '꽃'을 판매·제공하는 매장,val,꽃,T6 기계변형,02b04299-d64f-4c59-b73c-487d485fff0f,속초꽃집 화사랑플라워,,청학사거리 골목형상점가,골목형상점가,강원특별자치도,,,
294c4df8998258dab4b0,full_annotation_v1,A,q_꽃_10,꽃추천,생활서비스 중 '꽃'을 판매·제공하는 매장,val,꽃,T6 기계변형,8998d62f-8875-47c9-80f5-c4637b190754,바이천,원단,서문시장2지구 종합상가,전통시장,대구광역시,,,
be0239b931ad7f06518f,full_annotation_v1,A,q_꽃_10,꽃추천,생활서비스 중 '꽃'을 판매·제공하는 매장,val,꽃,T6 기계변형,6985e359-bb88-47d4-98a7-8977541ecd03,영천,육류,태백시장,전통시장,대구광역시,,,
86f3c84f405ed08be046,full_annotation_v1,A,q_꽃_10,꽃추천,생활서비스 중 '꽃'을 판매·제공하는 매장,val,꽃,T6 기계변형,04b1ff99-e4e2-47bb-bcae-f7079bd73cae,삼성꽃집,조화,포항죽도시장,전통시장,경상북도,,,
39922a94eeb278e48301,full_annotation_v1,A,q_꽃_10,꽃추천,생활서비스 중 '꽃'을 판매·제공하는 매장,val,꽃,T6 기계변형,8b1d093a-cc2b-4594-9079-a232b746224a,한알천 본점,한식,원신흥어울림길 골목형상점가,골목형상점가,대전광역시,,,
4848a36415c0b20b7190,full_annotation_v1,A,q_꽃_10,꽃추천,생활서비스 중 '꽃'을 판매·제공하는 매장,val,꽃,T6 기계변형,81fda61c-9dff-4856-b91d-1bf2f68fd8da,광천,채소,난곡골목형상점가,골목형상점가,서울특별시,,,
92842f52690686f839ef,full_annotation_v1,A,q_꽃_10,꽃추천,생활서비스 중 '꽃'을 판매·제공하는 매장,val,꽃,T6 기계변형,efc27c91-20cb-4530-ba0f-222127c1cf2b,물망초 수예,도소매(뜨개질_),회현 지하쇼핑센터,일반지하상점가,서울특별시,,,
c587a85022ded910b506,full_annotation_v1,A,q_꽃_10,꽃추천,생활서비스 중 '꽃'을 판매·제공하는 매장,val,꽃,T6 기계변형,066a65ee-fe0b-442c-a440-4ce37e296082,화인꽃방,생화조화,김해 동상전통시장,전통시장,경상남도,,,
92f622dfe845d254acb7,full_annotation_v1,A,q_꽃_10,꽃추천,생활서비스 중 '꽃'을 판매·제공하는 매장,val,꽃,T6 기계변형,fc314ae9-f7a9-47e6-a57a-04449955ec04,영광경기이천,,주문진건어물시장,전통시장,강원특별자치도,,,
ab76694825bd7b07c756,full_annotation_v1,A,q_꽃_10,꽃추천,생활서비스 중 '꽃'을 판매·제공하는 매장,val,꽃,T6 기계변형,0123cf0c-2929-4bbe-9b13-1354e60a6922,혜오르 플라워(HYEOR FLOWER),생화 및 식물,신창진흥 골목형상점가,골목형상점가,광주광역시,,,
edb7832488212e46a663,full_annotation_v1,A,q_꽃_10,꽃추천,생활서비스 중 '꽃'을 판매·제공하는 매장,val,꽃,T6 기계변형,c06e4194-a73f-459c-a8fc-0619bdecd097,김씨천,원단,서문시장2지구 종합상가,전통시장,대구광역시,,,
4c560a9727fe095c8852,full_annotation_v1,A,q_꽃_10,꽃추천,생활서비스 중 '꽃'을 판매·제공하는 매장,val,꽃,T6 기계변형,091b1d69-d4e3-4d8c-9000-1d40f95f50e9,은자씨 플라워,화환,부티크타운 골목형 상점가,골목형상점가,충청남도,,,
06a0f528d5ef9b3a8f4e,full_annotation_v1,A,q_꽃_10,꽃추천,생활서비스 중 '꽃'을 판매·제공하는 매장,val,꽃,T6 기계변형,ec7e2edc-729f-4d05-8893-4f328f2581e0,헬로천,원단,서문시장2지구 종합상가,전통시장,대구광역시,,,
98b5d0d0a00f3a33d844,full_annotation_v1,A,q_꽃_10,꽃추천,생활서비스 중 '꽃'을 판매·제공하는 매장,val,꽃,T6 기계변형,08b9f9fd-7584-41c1-ba08-8a0cbb126f18,유플라워,꽃집,달서시장,전통시장,대구광역시,,,
50695a9b81753d645e44,full_annotation_v1,A,q_꽃_10,꽃추천,생활서비스 중 '꽃'을 판매·제공하는 매장,val,꽃,T6 기계변형,d47b8833-641b-4797-8f6f-668d945e26d9,모드니에,의류,대신지하상가,일반지하상점가,대구광역시,,,
75a7a76d239ca80321cf,full_annotation_v1,A,q_꽃_10,꽃추천,생활서비스 중 '꽃'을 판매·제공하는 매장,val,꽃,T6 기계변형,0558e949-95cb-4ebe-bdfa-90c8be117a11,야야(YaYa),"액세서리, 천연석, 실버, 부자재",부산진시장,전통시장,부산광역시,,,
4b15a482e49ff77013ee,full_annotation_v1,A,q_꽃_10,꽃추천,생활서비스 중 '꽃'을 판매·제공하는 매장,val,꽃,T6 기계변형,046df2a5-89ee-4b7a-8aad-91bdc5272130,향기플라워,,정남진활력의거리 골목형상점가,골목형상점가,,,,
57851b793c5728252330,full_annotation_v1,A,q_꽃_10,꽃추천,생활서비스 중 '꽃'을 판매·제공하는 매장,val,꽃,T6 기계변형,065a7a8c-5299-430a-93b1-257064b5c858,멜리플라워,,의왕가구거리 골목형상점가,골목형상점가,경기도,,,
af3cc84cabfbced54b27,full_annotation_v1,A,q_꽃_10,꽃추천,생활서비스 중 '꽃'을 판매·제공하는 매장,val,꽃,T6 기계변형,00b13ca2-ef5b-4243-9a38-2de8507a2c21,남촌플라워,생화,용상공설시장,전통시장,경상북도,,,
684338bd4cbbde67099e,full_annotation_v1,A,q_꽃_10,꽃추천,생활서비스 중 '꽃'을 판매·제공하는 매장,val,꽃,T6 기계변형,01d1c245-a6a7-441a-8977-85303f01e56e,인플라워,생화,유성도안 골목형상점가,골목형상점가,대전광역시,,,
70dfadc6b632a689085f,full_annotation_v1,A,q_꽃_10,꽃추천,생활서비스 중 '꽃'을 판매·제공하는 매장,val,꽃,T6 기계변형,a385dc0d-a4a8-49c1-9459-00541d2a357f,진플라워,"생화, 관엽, 동양난, 서양난, 화분, 화환, 꽃배달",문화길 골목형상점가,골목형상점가,세종특별자치시,,,
4475558a5fd25a19d8f9,full_annotation_v1,A,q_꽃_10,꽃추천,생활서비스 중 '꽃'을 판매·제공하는 매장,val,꽃,T6 기계변형,65782056-0714-4be9-b6c5-1c5194ef3072,고향산천,농산물,하동 화개장터,전통시장,경상남도,,,
e7bd3cb894a977105b81,full_annotation_v1,A,q_꽃_11,꽅,생활서비스 중 '꽃'을 판매·제공하는 매장,val,꽃,T6 기계변형,267ab5f1-d43d-475a-9a6a-4c64ea1ac84d,컴포즈커피 장원봉곡시장점,커피,창원 봉곡시장,전통시장,경상남도,,,
6c53fa5643dc6e178600,full_annotation_v1,A,q_꽃_11,꽅,생활서비스 중 '꽃'을 판매·제공하는 매장,val,꽃,T6 기계변형,baf3a7b7-6403-489e-a1d3-aa5c6fbbb3a4,목화제과,빵류,탄방동 골목형상점가,골목형상점가,대전광역시,,,
9775a54cee18820df443,full_annotation_v1,A,q_꽃_11,꽅,생활서비스 중 '꽃'을 판매·제공하는 매장,val,꽃,T6 기계변형,00afc023-f2e3-417c-b675-42c0a2f682ac,경영꽃집,꽃,유성구암 골목형상점가,골목형상점가,대전광역시,,,
36703544bcb76d7151eb,full_annotation_v1,A,q_꽃_11,꽅,생활서비스 중 '꽃'을 판매·제공하는 매장,val,꽃,T6 기계변형,0268ed52-44bd-4e9c-a295-7a64f656640a,양정화원,화원,관고전통시장,전통시장,경기도,,,
f846ff741b853bac8f7e,full_annotation_v1,A,q_꽃_11,꽅,생활서비스 중 '꽃'을 판매·제공하는 매장,val,꽃,T6 기계변형,94019ef1-8bfc-45ea-b8be-7e8b0c7b7b35,남경회수산,"활어회포장, 배달",원대신시장,전통시장,대구광역시,,,
c117e11015074cc3aaba,full_annotation_v1,A,q_꽃_11,꽅,생활서비스 중 '꽃'을 판매·제공하는 매장,val,꽃,T6 기계변형,0fdda0b6-8af0-4e6d-9574-2a8b043c0bc0,이플,"꽃집, 꽃배달",담양중앙2번가 골목형상점가,골목형상점가,전라남도,,,
3cbd5a51206a9bbf8856,full_annotation_v1,A,q_꽃_11,꽅,생활서비스 중 '꽃'을 판매·제공하는 매장,val,꽃,T6 기계변형,02b04299-d64f-4c59-b73c-487d485fff0f,속초꽃집 화사랑플라워,,청학사거리 골목형상점가,골목형상점가,강원특별자치도,,,
7b43d15316d8b1592eb0,full_annotation_v1,A,q_꽃_11,꽅,생활서비스 중 '꽃'을 판매·제공하는 매장,val,꽃,T6 기계변형,2fd6db16-8b47-41d4-b6d9-a1cc57c25343,미리내flowershop,"생화, 조화, 화분, 화환",인동중앙상점가,골목형상점가,경상북도,,,
c79eba846734a90a77f7,full_annotation_v1,A,q_꽃_11,꽅,생활서비스 중 '꽃'을 판매·제공하는 매장,val,꽃,T6 기계변형,1f222bdb-3022-46ce-9d97-08b9345bf9b7,미담숯불갈비,한식,연향3지구상가,자율상권구역,전라남도,,,
27c7045b11761d979e54,full_annotation_v1,A,q_꽃_11,꽅,생활서비스 중 '꽃'을 판매·제공하는 매장,val,꽃,T6 기계변형,066a65ee-fe0b-442c-a440-4ce37e296082,화인꽃방,생화조화,김해 동상전통시장,전통시장,경상남도,,,
1cd606a0c12c7d65db9e,full_annotation_v1,A,q_꽃_11,꽅,생활서비스 중 '꽃'을 판매·제공하는 매장,val,꽃,T6 기계변형,260a3fe5-3242-47c5-a461-efb356d5397d,역전청과,농축수산물,삼척중앙시장,전통시장,강원특별자치도,,,
3b8d8012ef03d2e2069b,full_annotation_v1,A,q_꽃_11,꽅,생활서비스 중 '꽃'을 판매·제공하는 매장,val,꽃,T6 기계변형,0043469e-66b6-48d0-b7a9-d87c0887cf59,꽃이예쁜집,꽃,장동앞길 골목형상점가,골목형상점가,광주광역시,,,
571806b6075aaf3be68c,full_annotation_v1,A,q_꽃_11,꽅,생활서비스 중 '꽃'을 판매·제공하는 매장,val,꽃,T6 기계변형,fba2de74-75f0-46b9-a95a-112ee7499d82,아담플라워,화환,월곡달빛오거리골목형상점가,골목형상점가,서울특별시,,,
f655ed9c312151c02679,full_annotation_v1,A,q_꽃_11,꽅,생활서비스 중 '꽃'을 판매·제공하는 매장,val,꽃,T6 기계변형,cf3f25d4-b24f-4665-a5ea-13a15974d898,오오플라워,화환,삼각지맛길 골목형상점가,골목형상점가,대구광역시,,,
7cf497d2bd8a46f3b01a,full_annotation_v1,A,q_꽃_11,꽅,생활서비스 중 '꽃'을 판매·제공하는 매장,val,꽃,T6 기계변형,00b610a8-8a8a-4c5e-9e0b-cba5e4d22c93,에덴꽃화원,꽃,태화시장,전통시장,울산광역시,,,
480e2af9d4f394925359,full_annotation_v1,A,q_꽃_11,꽅,생활서비스 중 '꽃'을 판매·제공하는 매장,val,꽃,T6 기계변형,065a7a8c-5299-430a-93b1-257064b5c858,멜리플라워,,의왕가구거리 골목형상점가,골목형상점가,경기도,,,
bd49679072c5f3225754,full_annotation_v1,A,q_꽃_11,꽅,생활서비스 중 '꽃'을 판매·제공하는 매장,val,꽃,T6 기계변형,01361075-0980-43ea-8c81-a58d44a604bb,플라워루체,생화,운암북문대로 골목형상점가,골목형상점가,광주광역시,,,
7d4008174513b0387560,full_annotation_v1,A,q_꽃_11,꽅,생활서비스 중 '꽃'을 판매·제공하는 매장,val,꽃,T6 기계변형,8311a85b-5164-495e-abab-f3b1da7599ea,담주리사진관,사진,담양중앙3번가 골목형상점가,골목형상점가,전라남도,,,
dcf529d8c408a9e201b0,full_annotation_v1,A,q_꽃_11,꽅,생활서비스 중 '꽃'을 판매·제공하는 매장,val,꽃,T6 기계변형,01d1c245-a6a7-441a-8977-85303f01e56e,인플라워,생화,유성도안 골목형상점가,골목형상점가,대전광역시,,,
1d6a40e638410a2bf028,full_annotation_v1,A,q_꽃_11,꽅,생활서비스 중 '꽃'을 판매·제공하는 매장,val,꽃,T6 기계변형,723dc401-4220-49e9-9d1b-a877d9d4c94f,연산순수장족발,족발 한식,연산골목시장상점가,자율상권구역,부산광역시,,,
3f173002fc1a6bfcf706,full_annotation_v1,A,q_꽃_11,꽅,생활서비스 중 '꽃'을 판매·제공하는 매장,val,꽃,T6 기계변형,0393ce95-3e7d-4bb5-8ad3-e5da1199e516,꽃사랑화원,화원,남해 명품화전길 골목형상점가,골목형상점가,경상남도,,,
551cb724ab3926bec827,full_annotation_v1,A,q_꽃_11,꽅,생활서비스 중 '꽃'을 판매·제공하는 매장,val,꽃,T6 기계변형,006964ff-b2f9-421f-8fa7-f87219c26c0a,블리스블룸,생화,BOCA 보카상점가,골목형상점가,경기도,,,
7c8a344097509c9e2978,full_annotation_v1,A,q_꽃_11,꽅,생활서비스 중 '꽃'을 판매·제공하는 매장,val,꽃,T6 기계변형,010fea22-a965-4d8e-a805-083042a361ec,니어앤디어Cafe,꽃,상주중앙시장,전통시장,경상북도,,,
35ac72d3b743430ef014,full_annotation_v1,A,q_꽃_11,꽅,생활서비스 중 '꽃'을 판매·제공하는 매장,val,꽃,T6 기계변형,9b4fc779-b33c-4d82-bee6-9acf7defc3c1,주식회사 두두컴퍼니코리아,배달,자양로13길골목형상점가,골목형상점가,서울특별시,,,
ec7bc864158b209dcff0,full_annotation_v1,A,q_꽃_11,꽅,생활서비스 중 '꽃'을 판매·제공하는 매장,val,꽃,T6 기계변형,141329da-a3ca-4442-8bd1-c190da2eae9d,참맛,반찬,무안전통시장,전통시장,전라남도,,,
e7a228f8e9f1d151d10d,full_annotation_v1,A,q_꽃_11,꽅,생활서비스 중 '꽃'을 판매·제공하는 매장,val,꽃,T6 기계변형,2d5b0105-062a-40b0-b0e6-f7528a8c92f8,삼부수산,수산물,서동시장(창인시장),전통시장,전북특별자치도,,,
3e7d16d4cec41c80c418,full_annotation_v1,A,q_꽃_11,꽅,생활서비스 중 '꽃'을 판매·제공하는 매장,val,꽃,T6 기계변형,03de55fd-e04d-4c83-861f-72bd167d8afc,드레스플라워,,대봉모리 골목형상점가,골목형상점가,대구광역시,,,
efd2a78dd40deed5862b,full_annotation_v1,A,q_꽃_11,꽅,생활서비스 중 '꽃'을 판매·제공하는 매장,val,꽃,T6 기계변형,5900c28e-805e-47ec-8c1a-0b8a10f51caf,지에스25 거제고현시장점,편의점,거제 고현시장,전통시장,경상남도,,,
fab8b2c8b4a1694e6101,full_annotation_v1,A,q_꽃_11,꽅,생활서비스 중 '꽃'을 판매·제공하는 매장,val,꽃,T6 기계변형,08b9f9fd-7584-41c1-ba08-8a0cbb126f18,유플라워,꽃집,달서시장,전통시장,대구광역시,,,
a516bae87041c7f531d6,full_annotation_v1,A,q_꽃_11,꽅,생활서비스 중 '꽃'을 판매·제공하는 매장,val,꽃,T6 기계변형,3b1f1ad7-f476-4368-8a38-e387940addf6,보라약국,의약품,창원 사파동성종합상가,전통시장,경상남도,,,
8af23f4fd744389200de,full_annotation_v1,A,q_꽃_11,꽅,생활서비스 중 '꽃'을 판매·제공하는 매장,val,꽃,T6 기계변형,01b50703-620e-4976-9b84-a03f2ba9bdcf,메르세드플라워,,관저상가 골목형상점가,골목형상점가,대전광역시,,,
143d8c237e1b98f2a92a,full_annotation_v1,A,q_꽃_11,꽅,생활서비스 중 '꽃'을 판매·제공하는 매장,val,꽃,T6 기계변형,cfe7ac2c-dc78-454f-90a4-3044c8ce4e08,해림분식,분식,선우시장,전통시장,울산광역시,,,
160fcc098a26a46132a2,full_annotation_v1,A,q_꽃_11,꽅,생활서비스 중 '꽃'을 판매·제공하는 매장,val,꽃,T6 기계변형,bc4ac04a-9a2c-4cfa-980e-10ff293dc48b,오대감,춘천닭갈비,금당상가,자율상권구역,전라남도,,,
ad7f7dce70fa74beeb09,full_annotation_v1,A,q_꽃_11,꽅,생활서비스 중 '꽃'을 판매·제공하는 매장,val,꽃,T6 기계변형,091b1d69-d4e3-4d8c-9000-1d40f95f50e9,은자씨 플라워,화환,부티크타운 골목형 상점가,골목형상점가,충청남도,,,
fcfb27e1b883d4594a8e,full_annotation_v1,A,q_꽃_11,꽅,생활서비스 중 '꽃'을 판매·제공하는 매장,val,꽃,T6 기계변형,07e2a120-4803-4634-bd52-ebd7c5433825,슬이네(보떼),조화,고투몰(강남터미널지하도상점가),일반지하상점가,서울특별시,,,
64403298aa7f34f43615,full_annotation_v1,A,q_꽃_11,꽅,생활서비스 중 '꽃'을 판매·제공하는 매장,val,꽃,T6 기계변형,012ed1bc-d2d6-4dad-8b36-6ad33d367ab2,24시꽃집럭키플라워송도점,생화 식물,송도랜드마크시티 센트럴더샵 골목형상점가,골목형상점가,인천광역시,,,
69e8ea642ee0d286951f,full_annotation_v1,A,q_꽃_11,꽅,생활서비스 중 '꽃'을 판매·제공하는 매장,val,꽃,T6 기계변형,0087b08e-75d9-4580-98ee-b89a11922c32,전광화원,,장흥시장 골목형상점가,골목형상점가,,,,
d19e686f9e633e5dd380,full_annotation_v1,A,q_꽃_11,꽅,생활서비스 중 '꽃'을 판매·제공하는 매장,val,꽃,T6 기계변형,fda44dae-4135-4bee-9f8c-1c84a8136e68,포브헤어,미용실,향촌 상가 골목형상점가,골목형상점가,대전광역시,,,
df97bac4be80decda617,full_annotation_v1,A,q_꽃_11,꽅,생활서비스 중 '꽃'을 판매·제공하는 매장,val,꽃,T6 기계변형,046df2a5-89ee-4b7a-8aad-91bdc5272130,향기플라워,,정남진활력의거리 골목형상점가,골목형상점가,,,,
20fe25adcd1593bafe4b,full_annotation_v1,A,q_꽃_11,꽅,생활서비스 중 '꽃'을 판매·제공하는 매장,val,꽃,T6 기계변형,04c231bf-d3f7-4202-b3a8-d03eb7531853,실버라인,도소매(조화),고투몰(강남터미널지하도상점가),일반지하상점가,서울특별시,,,
3ebcffde54c561f8996e,full_annotation_v1,A,q_꽃_11,꽅,생활서비스 중 '꽃'을 판매·제공하는 매장,val,꽃,T6 기계변형,c2d63fee-aea6-4532-949b-72c44e1d329c,요마인(y'r mine),의류,제일평화시장,전통시장,서울특별시,,,
ce158d2d187786e9cbf5,full_annotation_v1,A,q_꽃_11,꽅,생활서비스 중 '꽃'을 판매·제공하는 매장,val,꽃,T6 기계변형,a385dc0d-a4a8-49c1-9459-00541d2a357f,진플라워,"생화, 관엽, 동양난, 서양난, 화분, 화환, 꽃배달",문화길 골목형상점가,골목형상점가,세종특별자치시,,,
73ac639a9df13ed86c71,full_annotation_v1,A,q_꽃_11,꽅,생활서비스 중 '꽃'을 판매·제공하는 매장,val,꽃,T6 기계변형,3a9274e5-4c6b-42dd-8ae5-478ada49f8c1,개포한의원,한의원,강남개포시장(구 개포2동중심상점가),자율상권구역,서울특별시,,,
60b8087bbbb8a1404c35,full_annotation_v1,A,q_꽃_11,꽅,생활서비스 중 '꽃'을 판매·제공하는 매장,val,꽃,T6 기계변형,baf3b4f9-f6ec-42c2-851d-e4502b9aed62,고기&도매센터,식육,비아로 골목형상점가,골목형상점가,광주광역시,,,
3e2cf5864994b78e491d,full_annotation_v1,A,q_꽃_11,꽅,생활서비스 중 '꽃'을 판매·제공하는 매장,val,꽃,T6 기계변형,0e5a591b-cc1f-4529-9593-c68d305729a6,꼬슬란꽃집,소매(화원),가평잣고을시장,전통시장,경기도,,,
97f3bf0481c8b2673e7f,full_annotation_v1,A,q_꽃_11,꽅,생활서비스 중 '꽃'을 판매·제공하는 매장,val,꽃,T6 기계변형,139f6d68-83b9-40cc-8339-120b154b8714,이딜리크,꽃집,월평1동 상인연합회,골목형상점가,대전광역시,,,
39c6aaa01b33c7429692,full_annotation_v1,A,q_꽃_11,꽅,생활서비스 중 '꽃'을 판매·제공하는 매장,val,꽃,T6 기계변형,00b13ca2-ef5b-4243-9a38-2de8507a2c21,남촌플라워,생화,용상공설시장,전통시장,경상북도,,,
21e9bbe34bfaeaf08b8e,full_annotation_v1,A,q_꽃_11,꽅,생활서비스 중 '꽃'을 판매·제공하는 매장,val,꽃,T6 기계변형,070a949c-b89d-4ccf-8e63-1743372657bf,조경나라,조화,고투몰(강남터미널지하도상점가),일반지하상점가,서울특별시,,,
7b8ff985452a4b63772f,full_annotation_v1,A,q_꽃_11,꽅,생활서비스 중 '꽃'을 판매·제공하는 매장,val,꽃,T6 기계변형,00046925-dcb7-4796-8c1e-0de154aa3825,가든꽃화원,생화,전주풍남문상점가,자율상권구역,전북특별자치도,,,
4fda85ba356cd7b90c64,full_annotation_v1,A,q_꽃_11,꽅,생활서비스 중 '꽃'을 판매·제공하는 매장,val,꽃,T6 기계변형,0dc54a43-0aee-4fcb-939d-b0f59e5b1b25,금원꽃집,,송강동 골목형상점가,골목형상점가,대전광역시,,,
d174220e622f4908495f,full_annotation_v1,A,q_꽃_11,꽅,생활서비스 중 '꽃'을 판매·제공하는 매장,val,꽃,T6 기계변형,001b5693-72ee-4677-9cdb-39117fbc932a,로사리움,꽃,첨단지구 골목형상점가,골목형상점가,광주광역시,,,
bd92e92e3eefa43ce690,full_annotation_v1,A,q_꽃_11,꽅,생활서비스 중 '꽃'을 판매·제공하는 매장,val,꽃,T6 기계변형,00b20e6f-4b2f-410f-984c-b6a206704138,나리화원.꽃,,승달 골목형상점가,골목형상점가,,,,
4e395708fba3c4e7428b,full_annotation_v1,A,q_꽃_11,꽅,생활서비스 중 '꽃'을 판매·제공하는 매장,val,꽃,T6 기계변형,359df784-64ca-44d9-843d-119b126f095a,서산헬퍼,배달,서산동부전통시장,전통시장,충청남도,,,
0eb48af0f9423a499093,full_annotation_v1,A,q_꽃_11,꽅,생활서비스 중 '꽃'을 판매·제공하는 매장,val,꽃,T6 기계변형,04b1ff99-e4e2-47bb-bcae-f7079bd73cae,삼성꽃집,조화,포항죽도시장,전통시장,경상북도,,,
5955f9dffbea963bb3b1,full_annotation_v1,A,q_꽃_11,꽅,생활서비스 중 '꽃'을 판매·제공하는 매장,val,꽃,T6 기계변형,0123cf0c-2929-4bbe-9b13-1354e60a6922,혜오르 플라워(HYEOR FLOWER),생화 및 식물,신창진흥 골목형상점가,골목형상점가,광주광역시,,,
a54eeabd276df114a089,full_annotation_v1,A,q_낚시_01,어망,문화·여가 중 '낚시'를 판매·제공하는 매장,train,낚시,T3 개념확장,208f1a54-36a2-4934-afa0-ee23e7d07491,아르망,의류,대인시장,전통시장,,,,
ca45c2c051cd24a330e0,full_annotation_v1,A,q_낚시_01,어망,문화·여가 중 '낚시'를 판매·제공하는 매장,train,낚시,T3 개념확장,00445369-fa3a-4cd3-ae3a-6564876f4199,용수상회,수산물,서문시장건해산물상가,전통시장,대구광역시,,,
068f3415365eea7c4696,full_annotation_v1,A,q_낚시_01,어망,문화·여가 중 '낚시'를 판매·제공하는 매장,train,낚시,T3 개념확장,c115a1fa-eb66-40ff-baf9-72fe732f1c55,스윗아망,,흥덕 다채움 골목형 상점가,골목형상점가,경기도,,,
088846e466c273ab16f8,full_annotation_v1,A,q_낚시_01,어망,문화·여가 중 '낚시'를 판매·제공하는 매장,train,낚시,T3 개념확장,06afb8b9-93ff-4a35-ad96-8d105ebb0cdb,맛있는과일,,청주북부시장,전통시장,충청북도,,,
8e5ba36a6d1ea13b9a59,full_annotation_v1,A,q_낚시_01,어망,문화·여가 중 '낚시'를 판매·제공하는 매장,train,낚시,T3 개념확장,08d9c757-1130-419d-a3af-fc874ad7f072,경북상회,어망,동해묵호시장,전통시장,강원특별자치도,,,
d137bab993a1c2e61afa,full_annotation_v1,A,q_낚시_01,어망,문화·여가 중 '낚시'를 판매·제공하는 매장,train,낚시,T3 개념확장,813715cc-86e2-4f5c-bcbe-0a9d12b6b723,까망,의류,안산다농마트전통시장,전통시장,경기도,,,
3386b44bc2ccca02e4c5,full_annotation_v1,A,q_낚시_01,어망,문화·여가 중 '낚시'를 판매·제공하는 매장,train,낚시,T3 개념확장,001ec0bf-0eda-4aa8-8efc-a90930649cf5,원프룻,농수산물,정이있는 구포시장,전통시장,부산광역시,,,
4ef4c7c7b73c231d96a3,full_annotation_v1,A,q_낚시_01,어망,문화·여가 중 '낚시'를 판매·제공하는 매장,train,낚시,T3 개념확장,fccb73dd-2480-441f-a17f-f69a9be981dc,귤아주망,과일,모슬포 중앙시장,전통시장,제주특별자치도,,,
d322f9b8261da3fd5b43,full_annotation_v1,A,q_낚시_01,어망,문화·여가 중 '낚시'를 판매·제공하는 매장,train,낚시,T3 개념확장,f53056f0-a6f7-4af1-be1c-28b35919a31a,어란항,한식,유촌동상인회 골목형상점가,골목형상점가,광주광역시,,,
32bbc463057d1ab6a009,full_annotation_v1,A,q_낚시_01,어망,문화·여가 중 '낚시'를 판매·제공하는 매장,train,낚시,T3 개념확장,7913b115-87de-4470-96a4-848f6ec54548,희망,제과,괴정골목시장,전통시장,부산광역시,,,
38646c88595a972d1a01,full_annotation_v1,A,q_낚시_01,어망,문화·여가 중 '낚시'를 판매·제공하는 매장,train,낚시,T3 개념확장,ea476be7-b783-4aee-9779-c02ff7853747,헤어망고(과천점),미용업,과천중앙동상점가,자율상권구역,경기도,,,
f832732777dbf9ac7e33,full_annotation_v1,A,q_낚시_01,어망,문화·여가 중 '낚시'를 판매·제공하는 매장,train,낚시,T3 개념확장,d61cab17-dddf-480c-ba00-adcc99653eb4,어빠옷,의류,서문시장2지구 종합상가,전통시장,대구광역시,,,
083f6dd370af887556e6,full_annotation_v1,A,q_낚시_01,어망,문화·여가 중 '낚시'를 판매·제공하는 매장,train,낚시,T3 개념확장,8c24c853-bd83-4b85-bf04-4c9c87b2d509,까망,의류,구미 아카데미상가 골목형상점가,골목형상점가,경상북도,,,
609cb154630915f44a05,full_annotation_v1,A,q_낚시_01,어망,문화·여가 중 '낚시'를 판매·제공하는 매장,train,낚시,T3 개념확장,0016aa1a-5730-45a0-b427-06b0f51fc005,든든한밥상,농수산물,화산면 골목형상점가,골목형상점가,전라남도,,,
bf75861fbba8cfb9b186,full_annotation_v1,A,q_낚시_01,어망,문화·여가 중 '낚시'를 판매·제공하는 매장,train,낚시,T3 개념확장,47522197-e339-413c-84fc-5fbe56f60e36,범일상회,"고공품 및 돗자리, 어망, 모조장신",범천중앙시장,전통시장,부산광역시,,,
ef25c17c82416337fef8,full_annotation_v1,A,q_낚시_01,어망,문화·여가 중 '낚시'를 판매·제공하는 매장,train,낚시,T3 개념확장,cd755d65-4867-4a7d-805c-5b81360987ea,까망,의류,소사종합시장,전통시장,경기도,,,
570ba494ae5e6a332428,full_annotation_v1,A,q_낚시_01,어망,문화·여가 중 '낚시'를 판매·제공하는 매장,train,낚시,T3 개념확장,3a57e034-63ca-4dc3-b483-865199763e1b,멕시카나,치킨,양산동일신아파트 골목형상점가,골목형상점가,광주광역시,,,
af4cb721c3d8fce61033,full_annotation_v1,A,q_낚시_01,어망,문화·여가 중 '낚시'를 판매·제공하는 매장,train,낚시,T3 개념확장,ae17ec51-b945-4f6f-b0ae-2516bfd8341d,투망,한식,도두추억애거리 골목형상점가,골목형상점가,제주특별자치도,,,
f36be3a968cd5b76816e,full_annotation_v1,A,q_낚시_01,어망,문화·여가 중 '낚시'를 판매·제공하는 매장,train,낚시,T3 개념확장,0019e966-8007-4603-957c-4e9adcd1f05a,부남수산,수산물,서산동부전통시장,전통시장,충청남도,,,
d22d5579fd3c842e34aa,full_annotation_v1,A,q_낚시_01,어망,문화·여가 중 '낚시'를 판매·제공하는 매장,train,낚시,T3 개념확장,8b3ba430-44c4-4704-b227-0a782d03032f,송가네수산,생선,부안상설시장,전통시장,전북특별자치도,,,
dcce8f012ad5fb4fb0d0,full_annotation_v1,A,q_낚시_01,어망,문화·여가 중 '낚시'를 판매·제공하는 매장,train,낚시,T3 개념확장,e4f91164-fb34-4365-a857-ccbeecf20fdb,카페레쟈망,카페,수원역전지하도상가,일반지하상점가,경기도,,,
8b186b5848837b71fab5,full_annotation_v1,A,q_낚시_01,어망,문화·여가 중 '낚시'를 판매·제공하는 매장,train,낚시,T3 개념확장,d37dbefd-8851-44ff-a807-ff0e5f1e0f5e,베뜨망,의류,금남지하도상가2공구,일반지하상점가,광주광역시,,,
2e3c3532413cd9dd105f,full_annotation_v1,A,q_낚시_01,어망,문화·여가 중 '낚시'를 판매·제공하는 매장,train,낚시,T3 개념확장,1600edbf-70e4-4635-b257-c0f404981314,어쿱,,과천중앙동상점가,자율상권구역,경기도,,,
95702a3d84a202efdc32,full_annotation_v1,A,q_낚시_01,어망,문화·여가 중 '낚시'를 판매·제공하는 매장,train,낚시,T3 개념확장,3a051ec3-3893-4546-b814-c144810a8c50,디아망,의류,문창시장,전통시장,대전광역시,,,
ad042ba556410c02d24e,full_annotation_v1,A,q_낚시_01,어망,문화·여가 중 '낚시'를 판매·제공하는 매장,train,낚시,T3 개념확장,bfc6a35d-20df-4a90-ad3e-b68610a488c9,희망,한식,임방울거리1구역 골목형상점가,골목형상점가,광주광역시,,,
1858d6aae12daf5174a3,full_annotation_v1,A,q_낚시_01,어망,문화·여가 중 '낚시'를 판매·제공하는 매장,train,낚시,T3 개념확장,52499db5-bccf-47ea-a40d-5e9886e5cfba,까망,의류,주안시민지하도상점가,일반지하상점가,인천광역시,,,
aebb86c23e71f9bf470b,full_annotation_v1,A,q_낚시_01,어망,문화·여가 중 '낚시'를 판매·제공하는 매장,train,낚시,T3 개념확장,9a5d480e-3b71-4204-b314-2f5bee4cf064,퀸(이동통신),휴대폰,목포원도심상점가,자율상권구역,전라남도,,,
e9f2500ea0acde58d6bb,full_annotation_v1,A,q_낚시_01,어망,문화·여가 중 '낚시'를 판매·제공하는 매장,train,낚시,T3 개념확장,08abbf08-c99e-4e00-a8fb-ed697e98d883,희망,의류,부산진시장,전통시장,부산광역시,,,
1a6d4bbd08943c31931e,full_annotation_v1,A,q_낚시_01,어망,문화·여가 중 '낚시'를 판매·제공하는 매장,train,낚시,T3 개념확장,9a69c3e4-75b4-4fd3-a914-accdc37473f6,조느망,의류,문산자유시장,전통시장,경기도,,,
b192f25e081fdef25e05,full_annotation_v1,A,q_낚시_01,어망,문화·여가 중 '낚시'를 판매·제공하는 매장,train,낚시,T3 개념확장,56e9d867-4b03-45b3-9f6a-64b948cfc52c,아드망,의류 및 잡화,마치광장골목형상점가,골목형상점가,대전광역시,,,
462c45bf0ba8f74ae1fe,full_annotation_v1,A,q_낚시_01,어망,문화·여가 중 '낚시'를 판매·제공하는 매장,train,낚시,T3 개념확장,36f9dfbc-fd12-4326-ab90-0607b0affc63,자망,"의류, 잡화",광주송정역세권 상권활성화구역,상권활성화구역,,,,
1f4709f162791ea13370,full_annotation_v1,A,q_낚시_01,어망,문화·여가 중 '낚시'를 판매·제공하는 매장,train,낚시,T3 개념확장,d315eafd-a28b-4b95-96b9-fc1bbf38d49e,세림수입매장,"돗자리, 어망, 모조장신구",해운대시장,전통시장,부산광역시,,,
a3f16125de57b7a9a6c1,full_annotation_v1,A,q_낚시_01,어망,문화·여가 중 '낚시'를 판매·제공하는 매장,train,낚시,T3 개념확장,79c8b04e-7222-48fd-9f98-82bacd36cbf5,어딕션,의류,칠성로상점가,자율상권구역,제주특별자치도,,,
b6cfcaef5e42fdd8dd7e,full_annotation_v1,A,q_낚시_01,어망,문화·여가 중 '낚시'를 판매·제공하는 매장,train,낚시,T3 개념확장,76a1b160-f548-42a9-997a-d4cddfa35869,까망,의류,춘천중앙시장,전통시장,강원특별자치도,,,
f8912e9608e6d0cc000b,full_annotation_v1,A,q_낚시_01,어망,문화·여가 중 '낚시'를 판매·제공하는 매장,train,낚시,T3 개념확장,07d6b10a-9e83-4b9a-ae72-b3221b899fc3,해룡마대,"어망, 마대",아랫장,전통시장,전라남도,,,
897568e82554009a81fa,full_annotation_v1,A,q_낚시_01,어망,문화·여가 중 '낚시'를 판매·제공하는 매장,train,낚시,T3 개념확장,e6a2d3b9-cf84-405d-87e2-0e869226bd48,클로젯로망,의류,부평중앙 지하상가,일반지하상점가,인천광역시,,,
ce64e856bc13f92deb3b,full_annotation_v1,A,q_낚시_01,어망,문화·여가 중 '낚시'를 판매·제공하는 매장,train,낚시,T3 개념확장,0ac96b01-94e9-4f17-ad53-ddbf52bc6b9d,투망,의류,신평화패션타운,전통시장,서울특별시,,,
4a10fcf225fbec11cac3,full_annotation_v1,A,q_낚시_01,어망,문화·여가 중 '낚시'를 판매·제공하는 매장,train,낚시,T3 개념확장,e8f708b1-cfc0-4361-b1bd-83ca74e2b227,소니바니,네일미용,백운진다리 골목형상점가,골목형상점가,광주광역시,,,
522c2a8d7392eb39976f,full_annotation_v1,A,q_낚시_01,어망,문화·여가 중 '낚시'를 판매·제공하는 매장,train,낚시,T3 개념확장,4ca86da6-b67b-418f-81b6-9b48c5c6c717,라망,기타,제주중앙지하상가,일반지하상점가,제주특별자치도,,,
044007ee1a833a51a1ec,full_annotation_v1,A,q_낚시_01,어망,문화·여가 중 '낚시'를 판매·제공하는 매장,train,낚시,T3 개념확장,809ed1bc-06c9-4941-a546-9601e20e4627,동광참기름,기타음료식품,함안 가야전통시장,전통시장,경상남도,,,
e46efd4104a0df564c43,full_annotation_v1,A,q_낚시_01,어망,문화·여가 중 '낚시'를 판매·제공하는 매장,train,낚시,T3 개념확장,85e44da9-0598-44f2-ac85-a361c3b5acb5,희망,미용,염주B상인회 골목형상점가,골목형상점가,광주광역시,,,
5839366dc88017dd37b6,full_annotation_v1,A,q_낚시_01,어망,문화·여가 중 '낚시'를 판매·제공하는 매장,train,낚시,T3 개념확장,a730da06-c1c4-46b3-8ea1-5d2c1ff28db7,핑크하트,"고공품및돗자리, 어망, 모조장",부안마실 상권활성화구역,상권활성화구역,전북특별자치도,,,
28819a4869ba9b98e11b,full_annotation_v1,A,q_낚시_01,어망,문화·여가 중 '낚시'를 판매·제공하는 매장,train,낚시,T3 개념확장,5733c982-4de2-4bea-8323-1039a8f2a179,해창선구,"통발, 어망",통영 서호전통시장,전통시장,경상남도,,,
9bb82568ba86a7acb1f3,full_annotation_v1,A,q_낚시_01,어망,문화·여가 중 '낚시'를 판매·제공하는 매장,train,낚시,T3 개념확장,d74ed923-5d7d-4e38-8743-ba2e80d0ee6c,경기철망,철,구천동공구시장,기타,경기도,,,
8dcfa14c8b18abee323b,full_annotation_v1,A,q_낚시_01,어망,문화·여가 중 '낚시'를 판매·제공하는 매장,train,낚시,T3 개념확장,2c492ba3-b338-4436-9493-548dcd9a7bd9,핑크솔트(Pinksalt),의류,강남역지하도상점가,일반지하상점가,서울특별시,,,
0d6a4f5fd203a7c17650,full_annotation_v1,A,q_낚시_01,어망,문화·여가 중 '낚시'를 판매·제공하는 매장,train,낚시,T3 개념확장,46505a04-e001-4357-9097-4e5a7d49ac6d,꿈과 희망,의류,경주성동공설시장,전통시장,경상북도,,,
b329e838e83b22b60bf1,full_annotation_v1,A,q_낚시_01,어망,문화·여가 중 '낚시'를 판매·제공하는 매장,train,낚시,T3 개념확장,c4c06ada-4066-47d5-a8af-9dc7950a8091,갈비포차,육루점문점,고암 골목형상점가,골목형상점가,충청북도,,,
7e9b2d77bae36ecdb15c,full_annotation_v1,A,q_낚시_01,어망,문화·여가 중 '낚시'를 판매·제공하는 매장,train,낚시,T3 개념확장,2af63551-6354-41e3-9223-585f4801ecef,전망,한식 음료,전주한옥마을 골목형상점가,골목형상점가,전북특별자치도,,,
b05b09009bda45efe732,full_annotation_v1,A,q_낚시_01,어망,문화·여가 중 '낚시'를 판매·제공하는 매장,train,낚시,T3 개념확장,00298213-17ea-453a-b6e6-375d9ef636b6,대양농수산,농수산물,부평깡시장,전통시장,인천광역시,,,
5bc918d9d0fb4bd20437,full_annotation_v1,A,q_낚시_01,어망,문화·여가 중 '낚시'를 판매·제공하는 매장,train,낚시,T3 개념확장,924673c2-8e44-440b-9e44-68ddedc5f7b3,소망,,충금지하도상가,일반지하상점가,,,,
fcb259d9e2a76c49abc3,full_annotation_v1,A,q_낚시_01,어망,문화·여가 중 '낚시'를 판매·제공하는 매장,train,낚시,T3 개념확장,45f5aae5-538b-4656-bc3d-ab48f001b671,클레망,커피,유촌마을상인회 골목형상점가,골목형상점가,광주광역시,,,
0dd8d57ee4b5a11d9675,full_annotation_v1,A,q_낚시_01,어망,문화·여가 중 '낚시'를 판매·제공하는 매장,train,낚시,T3 개념확장,954e962d-187e-45fe-8dfa-495beb07bf27,금강휀스철망,철망,산업용재관,전통시장,대구광역시,,,
25a6af0eef8f1c6ff88a,full_annotation_v1,A,q_낚시_01,어망,문화·여가 중 '낚시'를 판매·제공하는 매장,train,낚시,T3 개념확장,e30454a4-fd5f-463a-9331-58461ad727d9,하양까망,의류,성환1번가 골목형상점가,골목형상점가,충청남도,,,
e90cad545317d8c44fc7,full_annotation_v1,A,q_네일_01,네일,뷰티·미용 중 '네일'을 판매·제공하는 매장,train,네일,T1 정확표기,f4cdbe53-42cc-42dd-a2d2-83f5806c3529,TOONZ(툰즈),만화카페,탕정미래 골목형상점가,골목형상점가,충청남도,,,
f09c626484bbd0224940,full_annotation_v1,A,q_네일_01,네일,뷰티·미용 중 '네일'을 판매·제공하는 매장,train,네일,T1 정확표기,dcc82117-0866-41ff-927e-32abd66d9e66,네일 소소리,네일,쌍문역둘리상점가,자율상권구역,서울특별시,,,
8c44141537cf45210cab,full_annotation_v1,A,q_네일_01,네일,뷰티·미용 중 '네일'을 판매·제공하는 매장,train,네일,T1 정확표기,61287ca4-e962-44c7-b3ac-92d1cce6ac45,"네일, 그리고",네일,매봉 골목형상점가,골목형상점가,광주광역시,,,
ed59f88fe0b67f731f57,full_annotation_v1,A,q_네일_01,네일,뷰티·미용 중 '네일'을 판매·제공하는 매장,train,네일,T1 정확표기,1b856a04-9038-498d-bee5-c389e585aa1b,네일림,네일,창원 성원그랜드쇼핑상가,전통시장,경상남도,,,
6a5b15731959365e5bd2,full_annotation_v1,A,q_네일_01,네일,뷰티·미용 중 '네일'을 판매·제공하는 매장,train,네일,T1 정확표기,00fb9ee1-65d6-4d91-8728-ddc945df6db7,네일정원,네일,용해동 포미타운 골목형상점가,골목형상점가,전라남도,,,
b65697dfb170181eb3f5,full_annotation_v1,A,q_네일_01,네일,뷰티·미용 중 '네일'을 판매·제공하는 매장,train,네일,T1 정확표기,19f5e2ba-a0ce-4fb8-a252-fe8123cf3306,하이윤 네일,네일,나성동 소방청 골목형상점가,골목형상점가,세종특별자치시,,,
8309221b6b47af1efc6f,full_annotation_v1,A,q_네일_01,네일,뷰티·미용 중 '네일'을 판매·제공하는 매장,train,네일,T1 정확표기,9c746d6e-ead6-4221-a4e3-ecd45011d35c,네일왓찌,네일,메트로프라자,일반지하상점가,대구광역시,,,
d6b46eb99811fa86564b,full_annotation_v1,A,q_네일_01,네일,뷰티·미용 중 '네일'을 판매·제공하는 매장,train,네일,T1 정확표기,00ca9bc4-3130-4534-8b71-b4e2a72c6a8a,네일뉴데이,네일미용업,목대온기 골목형상점가,골목형상점가,대전광역시,,,
9154964db682a49b292f,full_annotation_v1,A,q_네일_01,네일,뷰티·미용 중 '네일'을 판매·제공하는 매장,train,네일,T1 정확표기,088571a3-ff35-4fa3-b555-4751cb15a04f,반달손톱,,무주반딧불상권활성화구역,상권활성화구역,전북특별자치도,,,
e5bf4610b6846cf8a611,full_annotation_v1,A,q_네일_01,네일,뷰티·미용 중 '네일'을 판매·제공하는 매장,train,네일,T1 정확표기,88274287-6669-4784-b6ef-334f876ed810,네일몽,네일,여수진남상가,자율상권구역,전라남도,,,
b639c54eb58dbab90ea9,full_annotation_v1,A,q_네일_01,네일,뷰티·미용 중 '네일'을 판매·제공하는 매장,train,네일,T1 정확표기,fbe9a2d0-7d05-401e-a347-3bba3f5e7d39,923뷰티룸_네일,네일,매탄중심상가 골목형상점가,골목형상점가,경기도,,,
16f7902822a28a998815,full_annotation_v1,A,q_네일_01,네일,뷰티·미용 중 '네일'을 판매·제공하는 매장,train,네일,T1 정확표기,ee62d0b3-1375-4cd2-8b36-7ef4483549a0,이천물산,건어물,목포해산물 상점가,자율상권구역,전라남도,,,
d59d2bee5cd956ebd304,full_annotation_v1,A,q_네일_01,네일,뷰티·미용 중 '네일'을 판매·제공하는 매장,train,네일,T1 정확표기,f86a50fe-ba1e-433e-ab03-541e32563800,"네일,시작",네일,수완하나로 골목형상점가,골목형상점가,광주광역시,,,
55840663675f8c4e286b,full_annotation_v1,A,q_네일_01,네일,뷰티·미용 중 '네일'을 판매·제공하는 매장,train,네일,T1 정확표기,0b45756a-83b1-41aa-a27e-5c7a1a63992d,루시르 네일,네일,삼환분산상가,골목형상점가,부산광역시,,,
33ff34461d6ae3c0fee0,full_annotation_v1,A,q_네일_01,네일,뷰티·미용 중 '네일'을 판매·제공하는 매장,train,네일,T1 정확표기,c286fd29-1ad1-4bae-b8d1-4e2889eceda0,네일#,네일,남천골목시장 골목형상점가,골목형상점가,부산광역시,,,
5a88586b5eb1bb0de4e8,full_annotation_v1,A,q_네일_01,네일,뷰티·미용 중 '네일'을 판매·제공하는 매장,train,네일,T1 정확표기,79029542-3beb-47df-b726-c3d41153d396,네일유,네일,계림2동발전 골목형상점가,골목형상점가,광주광역시,,,
7623b8445fad3ec3ff52,full_annotation_v1,A,q_네일_01,네일,뷰티·미용 중 '네일'을 판매·제공하는 매장,train,네일,T1 정확표기,2a316971-3aef-4d8a-8b64-e0393fbe8467,블루베어 네일,네일,추억담은광주역뒷길 골목형상점가,골목형상점가,광주광역시,,,
86c2bc8853419c140c7f,full_annotation_v1,A,q_네일_01,네일,뷰티·미용 중 '네일'을 판매·제공하는 매장,train,네일,T1 정확표기,4d81ce66-2d3d-4358-9a0e-cd89719aebe6,네일_431,네일,더테라스골목형상점가,골목형상점가,인천광역시,,,
0607b4c06cff95ebdac6,full_annotation_v1,A,q_네일_01,네일,뷰티·미용 중 '네일'을 판매·제공하는 매장,train,네일,T1 정확표기,bbb02c5e-2356-46fa-8442-f7b013bd16fa,한천상회,채소,미나리광시장,전통시장,경기도,,,
4c8c25bedcf013116292,full_annotation_v1,A,q_네일_01,네일,뷰티·미용 중 '네일'을 판매·제공하는 매장,train,네일,T1 정확표기,155bdb19-8220-40af-ae12-7f3556833359,콩네일,네일,자마장시장골목형상점가,골목형상점가,서울특별시,,,
6a041b507222af815730,full_annotation_v1,A,q_네일_01,네일,뷰티·미용 중 '네일'을 판매·제공하는 매장,train,네일,T1 정확표기,f2da6916-c7d4-4ebe-8e94-5e58765ff124,손에핀 네일,네일,해광한신상가번영회 골목형상점가,골목형상점가,광주광역시,,,
15b9ef101378c5077241,full_annotation_v1,A,q_네일_01,네일,뷰티·미용 중 '네일'을 판매·제공하는 매장,train,네일,T1 정확표기,cc75e8b7-4dc9-4729-af2e-fbd7123e071a,쎄네일,네일,법원 앞 사과마을 골목형상점가,골목형상점가,광주광역시,,,
4eab75dacf51298df539,full_annotation_v1,A,q_네일_01,네일,뷰티·미용 중 '네일'을 판매·제공하는 매장,train,네일,T1 정확표기,c714ef26-e1da-49d3-b4ef-be76eb2dfe4a,네일 끌랑,네일,항동 골목형상점가,골목형상점가,서울특별시,,,
38aae61fb2027a6696f3,full_annotation_v1,A,q_네일_01,네일,뷰티·미용 중 '네일'을 판매·제공하는 매장,train,네일,T1 정확표기,2f0f4d4a-8899-4ac8-8788-dfc6f9f0d37d,미림조각치킨,"생닭, 닭튀김",간석자유시장,전통시장,인천광역시,,,
55a4309fcc56a0a77b90,full_annotation_v1,A,q_네일_01,네일,뷰티·미용 중 '네일'을 판매·제공하는 매장,train,네일,T1 정확표기,933564a4-21ab-4335-b927-49b642a0159a,쏭네일,네일,쌍문시장(쌍문역골목시장),전통시장,서울특별시,,,
225112a1b9fd34c27315,full_annotation_v1,A,q_네일_01,네일,뷰티·미용 중 '네일'을 판매·제공하는 매장,train,네일,T1 정확표기,77c1d628-eac1-4fd7-8a3e-aa4c9bfa8d96,네일콩,네일,구미 금리단길 골목형상점가,골목형상점가,경상북도,,,
36813f8b3eb9ea492b19,full_annotation_v1,A,q_네일_01,네일,뷰티·미용 중 '네일'을 판매·제공하는 매장,train,네일,T1 정확표기,bc24cd1c-0522-4cbe-a79e-b77ca8512ab0,JJ속눈썹 & 네일,네일,양산동일신아파트 골목형상점가,골목형상점가,광주광역시,,,
ef55c022bb8b102de926,full_annotation_v1,A,q_네일_01,네일,뷰티·미용 중 '네일'을 판매·제공하는 매장,train,네일,T1 정확표기,c7d3b008-53bd-4981-adb1-3b61a9d80923,네일벨,네일,루원이음길 골목형상점가,골목형상점가,인천광역시,,,
0783a1954703c449f308,full_annotation_v1,A,q_네일_01,네일,뷰티·미용 중 '네일'을 판매·제공하는 매장,train,네일,T1 정확표기,8ebad00d-ca85-44ea-b3e8-07346e82ab2a,네일듀,네일,양산동일신아파트 골목형상점가,골목형상점가,광주광역시,,,
f154b232308302c3e919,full_annotation_v1,A,q_네일_01,네일,뷰티·미용 중 '네일'을 판매·제공하는 매장,train,네일,T1 정확표기,1790372e-459a-48cd-bc47-1cd20d0e5762,네일퀸,네일,삼각동 골목형상점가,골목형상점가,광주광역시,,,
f9967709e3bb1eb1bb04,full_annotation_v1,A,q_네일_01,네일,뷰티·미용 중 '네일'을 판매·제공하는 매장,train,네일,T1 정확표기,b753da53-9fe1-423a-a623-44a268abcee1,하나양품,의류,자유도매시장,전통시장,대전광역시,,,
c2f42e179a90e6cd98f2,full_annotation_v1,A,q_네일_01,네일,뷰티·미용 중 '네일'을 판매·제공하는 매장,train,네일,T1 정확표기,1b961aef-8558-4285-9c71-83c931d92d4c,"지금, 네일",네일,초지항아리 골목형상점가,골목형상점가,경기도,,,
28e666bfe94484dfa870,full_annotation_v1,A,q_네일_01,네일,뷰티·미용 중 '네일'을 판매·제공하는 매장,train,네일,T1 정확표기,5beb6187-2766-4dd5-bcca-3b08cb8c087f,고기파는 총각들,,용마루길 골목형상점가,골목형상점가,서울특별시,,,
0d135197dab34e32f715,full_annotation_v1,A,q_네일_01,네일,뷰티·미용 중 '네일'을 판매·제공하는 매장,train,네일,T1 정확표기,0a8a8b3b-207e-4c35-960b-cff60656a7ac,감성네일,미용업 손톱발톱,일곡동 골목형상점가,골목형상점가,광주광역시,,,
873237e2afebb08fa6cf,full_annotation_v1,A,q_네일_01,네일,뷰티·미용 중 '네일'을 판매·제공하는 매장,train,네일,T1 정확표기,a804dfd9-8dfa-4711-a7dd-fa66e2262375,로지 네일,네일,염주상인회 골목형상점가,골목형상점가,광주광역시,,,
f92b36b522e6d66c756f,full_annotation_v1,A,q_네일_01,네일,뷰티·미용 중 '네일'을 판매·제공하는 매장,train,네일,T1 정확표기,e11c8ce3-ccda-402d-a269-23d7d7242de1,네일잇,네일,일곡동(제5지역:제1근린공원 건너편),골목형상점가,광주광역시,,,
c36370aad914b90112e8,full_annotation_v1,A,q_네일_01,네일,뷰티·미용 중 '네일'을 판매·제공하는 매장,train,네일,T1 정확표기,d16666a5-3298-4603-b14b-2339041a361f,네일 애즈유,네일,화운로상인회 골목형상점가,골목형상점가,광주광역시,,,
ed11b4bb28c9698596b1,full_annotation_v1,A,q_네일_01,네일,뷰티·미용 중 '네일'을 판매·제공하는 매장,train,네일,T1 정확표기,4a7a711d-9f21-4ad7-a298-f687fd1755d2,더후라이팬치킨,,동일로 이음길 골목형상점가,골목형상점가,서울특별시,,,
814a8785aec1cadb0a54,full_annotation_v1,A,q_네일_01,네일,뷰티·미용 중 '네일'을 판매·제공하는 매장,train,네일,T1 정확표기,03d91ce9-820d-4391-ba82-ba8d0ce304f1,칸네일,네일,화개 상인회 골목형상점가,골목형상점가,광주광역시,,,
f48d1227aabf21d38d6a,full_annotation_v1,A,q_네일_01,네일,뷰티·미용 중 '네일'을 판매·제공하는 매장,train,네일,T1 정확표기,129495a6-a0c7-41d2-9322-d5c3484aa1a9,나비네일,"손톱미용, 피부미용",마산 오동동상인연합상가,자율상권구역,경상남도,,,
2d4535d81cadbc678166,full_annotation_v1,A,q_네일_01,네일,뷰티·미용 중 '네일'을 판매·제공하는 매장,train,네일,T1 정확표기,cb92911e-9b5f-42f2-8031-d2a59d0aa586,오늘도 네일,네일,"일곡동(제7지역:대림1,현대2,진로,대우,한일)",골목형상점가,광주광역시,,,
e6566a9124245e59a20c,full_annotation_v1,A,q_네일_01,네일,뷰티·미용 중 '네일'을 판매·제공하는 매장,train,네일,T1 정확표기,f176fdc4-6367-4233-9019-e8d2f5b075d8,"네일, 연",네일,야탑 골목형상점가,골목형상점가,경기도,,,
107a6da4db0bb219268d,full_annotation_v1,A,q_네일_01,네일,뷰티·미용 중 '네일'을 판매·제공하는 매장,train,네일,T1 정확표기,b5ad9033-3947-4851-a724-15b5e76b6f02,"영, 네일",네일,파랑새원룸상인회 골목형상점가,골목형상점가,광주광역시,,,
78edb50ceaf515d11296,full_annotation_v1,A,q_네일_01,네일,뷰티·미용 중 '네일'을 판매·제공하는 매장,train,네일,T1 정확표기,9d068657-224c-409f-89ba-95cddf1788a4,봄봄 네일,네일,봉우시장골목형상점가,골목형상점가,서울특별시,,,
7255a90a21b3cc952f72,full_annotation_v1,A,q_네일_01,네일,뷰티·미용 중 '네일'을 판매·제공하는 매장,train,네일,T1 정확표기,f558e053-3a61-42b7-8bfd-f56fe323273a,네일엠,네일,진잠 골목형상점가,골목형상점가,대전광역시,,,
206d29a785012feea4de,full_annotation_v1,A,q_네일_01,네일,뷰티·미용 중 '네일'을 판매·제공하는 매장,train,네일,T1 정확표기,6a7aa0be-2ebc-476d-b5d1-47110140173d,마몽드 네일,네일,반드레길골목형상점가,골목형상점가,서울특별시,,,
cba3a2f126559e0774f8,full_annotation_v1,A,q_네일_01,네일,뷰티·미용 중 '네일'을 판매·제공하는 매장,train,네일,T1 정확표기,00700b8c-3670-4520-bcf5-98c36ed9320b,꽃길네일,네일,무꽃등 골목형상점가,골목형상점가,광주광역시,,,
57fce891a13b7096d9f5,full_annotation_v1,A,q_네일_01,네일,뷰티·미용 중 '네일'을 판매·제공하는 매장,train,네일,T1 정확표기,cd9b1ba5-be81-4c4b-9611-4752e07fad17,베스킨라빈스,음식(아이스크림),평촌역 상점가,자율상권구역,경기도,,,
e2519c693682181e9e02,full_annotation_v1,A,q_네일_01,네일,뷰티·미용 중 '네일'을 판매·제공하는 매장,train,네일,T1 정확표기,92cea526-df7b-4f31-b993-cc4fef71a9b8,엄마손팥칼국수,팥칼국수,무진중오거리 골목형상점가,골목형상점가,광주광역시,,,
037d7c6cdb415e54f8ea,full_annotation_v1,A,q_네일_01,네일,뷰티·미용 중 '네일'을 판매·제공하는 매장,train,네일,T1 정확표기,ad835a2e-cc70-4ebe-a5e1-65f81eb2bb8e,네일 501,네일,양산동 골목형상점가,골목형상점가,광주광역시,,,
f590ee2730210a8b2139,full_annotation_v1,A,q_네일_01,네일,뷰티·미용 중 '네일'을 판매·제공하는 매장,train,네일,T1 정확표기,05fe1168-d3ee-4e6d-846d-66cb682fbaf6,마법사 네일,네일,씨푸드타운 복합상가상인회 골목형상점가,골목형상점가,전라남도,,,
2bc0e18bd313ec9910a9,full_annotation_v1,A,q_네일_01,네일,뷰티·미용 중 '네일'을 판매·제공하는 매장,train,네일,T1 정확표기,721dc7a7-9bfd-4160-8782-d3355ef3b93c,"잇,네일",네일,소촌금봉 골목형상점가,골목형상점가,광주광역시,,,
c7b93ebfb844c2727f4c,full_annotation_v1,A,q_네일_01,네일,뷰티·미용 중 '네일'을 판매·제공하는 매장,train,네일,T1 정확표기,118be106-b3ea-4c87-85cd-465abef39fe6,손톱깎이,손톱손질,고운마음 골목형상점가,골목형상점가,세종특별자치시,,,
493525dd4b960dba3158,full_annotation_v1,A,q_네일_01,네일,뷰티·미용 중 '네일'을 판매·제공하는 매장,train,네일,T1 정확표기,c50854e7-b741-47c7-8f5b-420626c54691,"네일,더예뻐",네일,"빛가람 스타타워, 메가티움1차, 메가티움2차 골목형상점가",골목형상점가,전라남도,,,
0752f26edcceff702d74,full_annotation_v1,A,q_네일_01,네일,뷰티·미용 중 '네일'을 판매·제공하는 매장,train,네일,T1 정확표기,a2d55783-ffd1-454d-b6a1-7b21f1023d6d,옹골찬과일,도매(청과),영등포청과시장,자율상권구역,서울특별시,,,
fd52eb00a37d9b2a269f,full_annotation_v1,A,q_네일_01,네일,뷰티·미용 중 '네일'을 판매·제공하는 매장,train,네일,T1 정확표기,a839812f-e0a8-41c7-a7ee-3db55d41b416,감동 네일,네일,보람동 골목형상점가,골목형상점가,세종특별자치시,,,
d201ef253a073701bf4d,full_annotation_v1,A,q_네일_01,네일,뷰티·미용 중 '네일'을 판매·제공하는 매장,train,네일,T1 정확표기,eef74bd7-0758-405d-9551-5bd1bacae635,깡블리 네일,네일,미래그린시장,전통시장,경기도,,,
847042d6a67254f3734b,full_annotation_v1,A,q_네일_01,네일,뷰티·미용 중 '네일'을 판매·제공하는 매장,train,네일,T1 정확표기,357d769b-d7a9-44c1-a5da-235b79f4390a,엠네일,네일,대주먹자골목 골목형상점가,골목형상점가,광주광역시,,,
b25ac085f96c1350b31c,full_annotation_v1,A,q_네일_01,네일,뷰티·미용 중 '네일'을 판매·제공하는 매장,train,네일,T1 정확표기,571c6171-0b76-49e0-99a6-656ae45f614e,서인합기도검무관,합기도,탕정미래 골목형상점가,골목형상점가,충청남도,,,
714e62aada3890fc7b0d,full_annotation_v1,A,q_네일_01,네일,뷰티·미용 중 '네일'을 판매·제공하는 매장,train,네일,T1 정확표기,f070fd40-0253-42d6-8f8e-bd2f0aefa1ec,그린종합만물사,소매(잡화),반딧불이연무시장,전통시장,경기도,,,
c643ebcad5e430c2a8e8,full_annotation_v1,A,q_네일_01,네일,뷰티·미용 중 '네일'을 판매·제공하는 매장,train,네일,T1 정확표기,19548151-a23f-4646-bfa3-3d6105bda59e,앰버네일,네일,염주상인회 골목형상점가,골목형상점가,광주광역시,,,
63bc46e8e351e0795ba8,full_annotation_v1,A,q_네일_01,네일,뷰티·미용 중 '네일'을 판매·제공하는 매장,train,네일,T1 정확표기,ea1b23f4-a66c-4e61-95d2-935c3962355c,효네일,네일,지족반석 골목형상점가,골목형상점가,대전광역시,,,
0a10c5aee0268f6d34a1,full_annotation_v1,A,q_네일_01,네일,뷰티·미용 중 '네일'을 판매·제공하는 매장,train,네일,T1 정확표기,00b43268-5724-4c00-8433-812811783452,비비드샵,네일,반드레길골목형상점가,골목형상점가,서울특별시,,,
28f8a0793ed63938e6b0,full_annotation_v1,A,q_네일_01,네일,뷰티·미용 중 '네일'을 판매·제공하는 매장,train,네일,T1 정확표기,bcdd3fac-04cf-4936-8dc8-d4e92c4f726e,엄마밥집,한식,감전시장,전통시장,부산광역시,,,
f47ed6532031a1c823dc,full_annotation_v1,A,q_네일_01,네일,뷰티·미용 중 '네일'을 판매·제공하는 매장,train,네일,T1 정확표기,148d3f70-ecec-4a83-9d99-d7b82c848252,"네일, 하루",네일,각화주공사거리 골목형상점가,골목형상점가,광주광역시,,,
72b5cc1648849a9039a3,full_annotation_v1,A,q_네일_01,네일,뷰티·미용 중 '네일'을 판매·제공하는 매장,train,네일,T1 정확표기,f4571ed5-0517-4d4c-89f2-688bc514dcca,금네일,네일,양산길 골목형상점가,골목형상점가,광주광역시,,,
910510800907e9d47fb2,full_annotation_v1,A,q_네일_01,네일,뷰티·미용 중 '네일'을 판매·제공하는 매장,train,네일,T1 정확표기,007c8a4d-8fa0-486a-885a-e025ae0740b9,유니네일,네일,솔올중앞골목형상점가,골목형상점가,강원특별자치도,,,
c26f05160716fba8abdb,full_annotation_v1,A,q_네일_01,네일,뷰티·미용 중 '네일'을 판매·제공하는 매장,train,네일,T1 정확표기,540e61c2-2f18-47a6-930f-735f7e8e2fb0,더뷰티속눈썹&네일,네일,개봉중앙골목형상점가,골목형상점가,서울특별시,,,
e33a61eec8693c337ed7,full_annotation_v1,A,q_네일_01,네일,뷰티·미용 중 '네일'을 판매·제공하는 매장,train,네일,T1 정확표기,26ca8574-f34f-471c-b4b3-2d394d88dddf,듀네일,네일,화정금화로상인회 골목형상점가,골목형상점가,광주광역시,,,
08ffec4864e4d06fe33f,full_annotation_v1,A,q_네일_01,네일,뷰티·미용 중 '네일'을 판매·제공하는 매장,train,네일,T1 정확표기,a6228180-90b5-4b60-97b3-bbd7ca1254a2,블랑드미 네일,네일,우산동상인회 골목형상점가,골목형상점가,광주광역시,,,
3400ad13ccc9f3f457ab,full_annotation_v1,A,q_네일_01,네일,뷰티·미용 중 '네일'을 판매·제공하는 매장,train,네일,T1 정확표기,11b9b0eb-f4d7-4b5d-ba54-2dd56b508a1c,엘리시아 네일,네일,온양온천역 골목형 상점가,골목형상점가,충청남도,,,
9bad1cb1004fc693b7bc,full_annotation_v1,A,q_네일_01,네일,뷰티·미용 중 '네일'을 판매·제공하는 매장,train,네일,T1 정확표기,b28ce786-97ac-42ae-9db8-ae4f676baf59,건담네일,네일,운암 서암대로1 골목형상점가,골목형상점가,광주광역시,,,
65e548c19275346eb06a,full_annotation_v1,A,q_네일_01,네일,뷰티·미용 중 '네일'을 판매·제공하는 매장,train,네일,T1 정확표기,38e13ee5-e6b7-414a-9063-9aa635f31590,매력네일,네일,하남 골목형상점가,골목형상점가,광주광역시,,,
1bde851498306505a57f,full_annotation_v1,A,q_네일_01,네일,뷰티·미용 중 '네일'을 판매·제공하는 매장,train,네일,T1 정확표기,36b702c5-1ca6-4299-9d52-a8c44e1add82,"네일,우아르",네일,연제동 골목형상점가,골목형상점가,광주광역시,,,
55bf7629ff8f0b5d786d,full_annotation_v1,A,q_네일_01,네일,뷰티·미용 중 '네일'을 판매·제공하는 매장,train,네일,T1 정확표기,18a491c4-9066-411d-b5bb-e74adb13c158,엠네일,네일,성덕중사거리,골목형상점가,광주광역시,,,
56ada1dbba85f766e50e,full_annotation_v1,A,q_네일_01,네일,뷰티·미용 중 '네일'을 판매·제공하는 매장,train,네일,T1 정확표기,4d27d74d-7e8d-4caa-a975-1e27f8f21339,풀네일,네일,용주로사랑길 골목형상점가,골목형상점가,광주광역시,,,
5cc7ed6396245510efa0,full_annotation_v1,A,q_네일_01,네일,뷰티·미용 중 '네일'을 판매·제공하는 매장,train,네일,T1 정확표기,914a0671-d6f9-4308-9872-9be9242c6a63,"네일,더하트",네일,518먹자골목상인회 골목형상점가,골목형상점가,광주광역시,,,
991872f043270f364e93,full_annotation_v1,A,q_네일_01,네일,뷰티·미용 중 '네일'을 판매·제공하는 매장,train,네일,T1 정확표기,77a05593-9f7d-4f2a-9ec3-a3dcfe222229,르반네일,네일,북구빛나는 골목형상점가,골목형상점가,광주광역시,,,
fd433b49040cce3436b2,full_annotation_v1,A,q_네일_01,네일,뷰티·미용 중 '네일'을 판매·제공하는 매장,train,네일,T1 정확표기,34bd002d-73f1-4e93-b09d-a3f04437f6e4,"네일,봄",네일,중흥동 큰샘길 골목형상점가,골목형상점가,광주광역시,,,
8d8d8f2d3afa30441968,full_annotation_v1,A,q_네일_01,네일,뷰티·미용 중 '네일'을 판매·제공하는 매장,train,네일,T1 정확표기,148093b5-96d8-4d2c-b68a-9c7b21282243,뷰네일,네일,금촌명동로시장,전통시장,경기도,,,
aedd10b1755426c6b0c5,full_annotation_v1,A,q_네일_01,네일,뷰티·미용 중 '네일'을 판매·제공하는 매장,train,네일,T1 정확표기,8affea08-6922-4ebe-b59a-b7e3f51e0fd7,나답게 네일,,첨단하나로,골목형상점가,,,,
9fd0b47c2087915870e7,full_annotation_v1,A,q_네일_01,네일,뷰티·미용 중 '네일'을 판매·제공하는 매장,train,네일,T1 정확표기,2199ac5e-9ca5-4646-8151-c6298fdb7819,리나뷰티,미용업손톱발톱피부,천안신부문화거리상점가,자율상권구역,충청남도,,,
c43832dea8cdd6e061d1,full_annotation_v1,A,q_네일_01,네일,뷰티·미용 중 '네일'을 판매·제공하는 매장,train,네일,T1 정확표기,0b955278-5139-41f5-83e0-16c7b7360903,헤이린 네일,네일,휴먼시아 3단지 골목형상점가,골목형상점가,울산광역시,,,
678f13e5a93b31583b0b,full_annotation_v1,A,q_네일_01,네일,뷰티·미용 중 '네일'을 판매·제공하는 매장,train,네일,T1 정확표기,15e9b343-cce7-4e06-9982-cc8fef8153ec,네일,네일아트,주안역지하도상점가,일반지하상점가,인천광역시,,,
f416991cb26c094545a1,full_annotation_v1,A,q_네일_01,네일,뷰티·미용 중 '네일'을 판매·제공하는 매장,train,네일,T1 정확표기,b2465794-9943-4950-a09b-10bb7398a647,네일낭콩,네일,화운로상인회 골목형상점가,골목형상점가,광주광역시,,,
331a3927d0e1cc48d522,full_annotation_v1,A,q_네일_01,네일,뷰티·미용 중 '네일'을 판매·제공하는 매장,train,네일,T1 정확표기,453b08e4-5196-41ed-9f2d-b251c0ab9d7a,별네일,네일,효안 골목형상점가,골목형상점가,광주광역시,,,
9205fc06361c8abe9476,full_annotation_v1,A,q_네일_01,네일,뷰티·미용 중 '네일'을 판매·제공하는 매장,train,네일,T1 정확표기,e91b5d68-9b1e-4bc7-9008-b7266955d56d,네일 뭐해,네일,백운 대성시장 골목형상점가,골목형상점가,광주광역시,,,
ace34d0368f6daca6068,full_annotation_v1,A,q_네일_01,네일,뷰티·미용 중 '네일'을 판매·제공하는 매장,train,네일,T1 정확표기,2f0ddf0a-5c66-48d4-8c29-e21e5670685b,D네일,네일,동명동 카페거리 골목형상점가,골목형상점가,광주광역시,,,
849870dd7c302bb6eaae,full_annotation_v1,A,q_네일_01,네일,뷰티·미용 중 '네일'을 판매·제공하는 매장,train,네일,T1 정확표기,6b6f7e04-9b8f-4c93-a699-7e8ea453b0d2,"오빠,네일",네일,창원 가음시장대상가,전통시장,경상남도,,,
b02c27a9a799cae40898,full_annotation_v1,A,q_네일_01,네일,뷰티·미용 중 '네일'을 판매·제공하는 매장,train,네일,T1 정확표기,664f9c00-ab23-4531-89b0-e06f4cb8c9d1,네일5샵,네일,우산행복주택,골목형상점가,광주광역시,,,
68ada06c99edfc73bec7,full_annotation_v1,A,q_네일_01,네일,뷰티·미용 중 '네일'을 판매·제공하는 매장,train,네일,T1 정확표기,b5cb492e-b19d-4180-b177-d7d101e33870,한려수산,어패류,마산어시장,전통시장,경상남도,,,
a9be69fa9cf7d5a980e7,full_annotation_v1,A,q_네일_01,네일,뷰티·미용 중 '네일'을 판매·제공하는 매장,train,네일,T1 정확표기,86e43002-e959-4bc4-8668-92ca1b560197,초량전통한과,강정 과일 과자 등,초량전통시장,전통시장,부산광역시,,,
5f5fdf6813a9bf189055,full_annotation_v1,A,q_네일_01,네일,뷰티·미용 중 '네일'을 판매·제공하는 매장,train,네일,T1 정확표기,d9f1ce22-36d6-4787-b4f9-2702573bfd29,네일 베이비수,네일,향촌 상가 골목형상점가,골목형상점가,대전광역시,,,
441a94644c5468b1a4e7,full_annotation_v1,A,q_네일_01,네일,뷰티·미용 중 '네일'을 판매·제공하는 매장,train,네일,T1 정확표기,e6ef3358-7b5f-4833-b7dc-5656d3d891e6,네일콩,네일,목3동골목형상점가,골목형상점가,서울특별시,,,
bea0446ed4ab37f5ea5f,full_annotation_v1,A,q_네일_01,네일,뷰티·미용 중 '네일'을 판매·제공하는 매장,train,네일,T1 정확표기,f4e2dc33-a5a5-4964-bed5-78b1c4b5bef0,더 네일,네일,새롬BRT 골목형상점가,골목형상점가,세종특별자치시,,,
f3a5321bef4180d48793,full_annotation_v1,A,q_네일_01,네일,뷰티·미용 중 '네일'을 판매·제공하는 매장,train,네일,T1 정확표기,007fee80-11ba-4073-92f1-c67de14eebd2,네일미유,네일아트,반곡동 골목형상점가,골목형상점가,세종특별자치시,,,
b752d35e869a860657ff,full_annotation_v1,A,q_네일_01,네일,뷰티·미용 중 '네일'을 판매·제공하는 매장,train,네일,T1 정확표기,f0bc70f0-931a-4d2e-a656-3132b9999793,마호네일,네일,반드레길골목형상점가,골목형상점가,서울특별시,,,
3209f0166441a82884a7,full_annotation_v1,A,q_네일_01,네일,뷰티·미용 중 '네일'을 판매·제공하는 매장,train,네일,T1 정확표기,e3bfbb35-8e57-490d-9c73-3262b83106d3,"네일,맑음",네일,중앙로 골목형상점가,골목형상점가,전라남도,,,
9ebd70a07f2211bb3cd9,full_annotation_v1,A,q_네일_01,네일,뷰티·미용 중 '네일'을 판매·제공하는 매장,train,네일,T1 정확표기,73fd435f-d7c3-41d9-9265-77ec2be51a3c,룸투네일,네일,첨단강변로 골목형상점가,골목형상점가,광주광역시,,,
69db3006d13ef35fc3ed,full_annotation_v1,A,q_네일_01,네일,뷰티·미용 중 '네일'을 판매·제공하는 매장,train,네일,T1 정확표기,00d5be47-44d0-4e0b-aba0-74427ee58602,소유뷰티,네일,산본로데오거리(구 산본중심상가),자율상권구역,경기도,,,
af6b291058543c1d9dc2,full_annotation_v1,A,q_네일_01,네일,뷰티·미용 중 '네일'을 판매·제공하는 매장,train,네일,T1 정확표기,eb659763-904e-434c-8301-1f7835b70859,네일 이슬,네일,장덕투게더 골목형상점가,골목형상점가,광주광역시,,,
5c6c8970cb3c279ae252,full_annotation_v1,A,q_네일_01,네일,뷰티·미용 중 '네일'을 판매·제공하는 매장,train,네일,T1 정확표기,35011ab2-9086-4f2c-86c3-c6da85e3d358,네일핏,네일,매곡 가인 골목형상점가,골목형상점가,광주광역시,,,
e5b24c0bef7bcf0749de,full_annotation_v1,A,q_네일_01,네일,뷰티·미용 중 '네일'을 판매·제공하는 매장,train,네일,T1 정확표기,7e6d6ec7-7dbd-48d0-aa0f-0f13ab72353a,"네일, 느루",네일,다산역 로데오 상점가,자율상권구역,경기도,,,
5a678857636450a73bf2,full_annotation_v1,A,q_네일_01,네일,뷰티·미용 중 '네일'을 판매·제공하는 매장,train,네일,T1 정확표기,9b8d6c8f-7a07-4093-a98a-de6a1ad22732,김주희미용실,미용실,무진중오거리 골목형상점가,골목형상점가,광주광역시,,,
e29bf96dfbee204661bf,full_annotation_v1,A,q_네일_01,네일,뷰티·미용 중 '네일'을 판매·제공하는 매장,train,네일,T1 정확표기,7961ca9f-9020-44fd-b6a2-ffce95cbd637,네일르,네일,해운대 화목쇼핑타운 골목형 상점가,골목형상점가,부산광역시,,,
d994185c945f672f6f22,full_annotation_v1,A,q_네일_02,네일샵,뷰티·미용 중 '네일'을 판매·제공하는 매장,train,네일,T2 동의어,1534b599-72c2-4df1-bf31-331c4366be56,네일플롯,네일샵,첨단하나로,골목형상점가,광주광역시,,,
65f3874b67d46fcc4cc2,full_annotation_v1,A,q_네일_02,네일샵,뷰티·미용 중 '네일'을 판매·제공하는 매장,train,네일,T2 동의어,e902a51c-f0f5-4b5e-b1e7-a8cc740a818a,오늘네일,네일샵,법리단길 골목형상점가,골목형상점가,전북특별자치도,,,
63799c1f8be62a05e31a,full_annotation_v1,A,q_네일_02,네일샵,뷰티·미용 중 '네일'을 판매·제공하는 매장,train,네일,T2 동의어,729c8b22-34a0-4c68-919c-68d76fb16cd1,레푸스상무점,네일샵,상무로자율상권,상권활성화구역,광주광역시,,,
12f91967da3fafcce726,full_annotation_v1,A,q_네일_02,네일샵,뷰티·미용 중 '네일'을 판매·제공하는 매장,train,네일,T2 동의어,64b33b54-6886-49b7-9f47-8b9b8dd14d22,세종댄스학원,교육서비스,도담동 골목형상점가,골목형상점가,세종특별자치시,,,
e9b14fcc2a8e1aa4d560,full_annotation_v1,A,q_네일_02,네일샵,뷰티·미용 중 '네일'을 판매·제공하는 매장,train,네일,T2 동의어,aca58869-5cb5-4097-95f1-9e430bdfe6db,금주상사,원단,부산진시장,전통시장,부산광역시,,,
88c484e448cda91569c5,full_annotation_v1,A,q_네일_02,네일샵,뷰티·미용 중 '네일'을 판매·제공하는 매장,train,네일,T2 동의어,88ec4c30-883f-483a-8729-c36d65cd1943,캔디네일,네일샵,건국다복 골목형상점가,골목형상점가,광주광역시,,,
e7ea332e7d6d8aa9bb4e,full_annotation_v1,A,q_네일_02,네일샵,뷰티·미용 중 '네일'을 판매·제공하는 매장,train,네일,T2 동의어,007fee80-11ba-4073-92f1-c67de14eebd2,네일미유,네일아트,반곡동 골목형상점가,골목형상점가,세종특별자치시,,,
0b236234813111080644,full_annotation_v1,A,q_네일_02,네일샵,뷰티·미용 중 '네일'을 판매·제공하는 매장,train,네일,T2 동의어,2b50bccc-3a29-4485-b5aa-8577a179d57a,은찌네일,네일샵,월곡하늘 골목형상점가,골목형상점가,광주광역시,,,
af81d7a789dda13722e0,full_annotation_v1,A,q_네일_02,네일샵,뷰티·미용 중 '네일'을 판매·제공하는 매장,train,네일,T2 동의어,9d999bfb-878b-448b-ac95-e609b8166a0a,둥지카페,커피,일산중앙상점가 골목형상점가,골목형상점가,경기도,,,
fa4e8357d416e4324ea2,full_annotation_v1,A,q_네일_02,네일샵,뷰티·미용 중 '네일'을 판매·제공하는 매장,train,네일,T2 동의어,f6b02694-87d6-4db4-bbbe-e73e4f3dde45,쮸네일샵,네일,루원이음길 골목형상점가,골목형상점가,인천광역시,,,
7cae5255ccadbf1dc092,full_annotation_v1,A,q_네일_02,네일샵,뷰티·미용 중 '네일'을 판매·제공하는 매장,train,네일,T2 동의어,df8a572d-4742-4bf9-bebc-22af935c6920,네일로,네일샵,상록마을 우성종합 골목형상점가,골목형상점가,경기도,,,
a82bad477fe94c1d6e26,full_annotation_v1,A,q_네일_02,네일샵,뷰티·미용 중 '네일'을 판매·제공하는 매장,train,네일,T2 동의어,43783e29-c39e-40c2-98e2-d5aab5f07e97,대현란제리,의류,남포지하도상가,일반지하상점가,부산광역시,,,
b732c4fbbb68a300c0ec,full_annotation_v1,A,q_네일_02,네일샵,뷰티·미용 중 '네일'을 판매·제공하는 매장,train,네일,T2 동의어,2f7d86fd-73bc-4e64-85d6-4a511961168c,네일더예쁨,네일샵,남천골목시장 골목형상점가,골목형상점가,부산광역시,,,
09d0f5ec0c33609f2911,full_annotation_v1,A,q_네일_02,네일샵,뷰티·미용 중 '네일'을 판매·제공하는 매장,train,네일,T2 동의어,0a8a8b3b-207e-4c35-960b-cff60656a7ac,감성네일,미용업 손톱발톱,일곡동 골목형상점가,골목형상점가,광주광역시,,,
34d38f4394214d802eaf,full_annotation_v1,A,q_네일_02,네일샵,뷰티·미용 중 '네일'을 판매·제공하는 매장,train,네일,T2 동의어,74b77a80-0bc5-48a6-820d-9f0dd947191e,가비네일,네일샵,선운 골목형상점가,골목형상점가,광주광역시,,,
6ba864a58e2f62eed2e4,full_annotation_v1,A,q_네일_02,네일샵,뷰티·미용 중 '네일'을 판매·제공하는 매장,train,네일,T2 동의어,2199ac5e-9ca5-4646-8151-c6298fdb7819,리나뷰티,미용업손톱발톱피부,천안신부문화거리상점가,자율상권구역,충청남도,,,
482197f883ad78e43c67,full_annotation_v1,A,q_네일_02,네일샵,뷰티·미용 중 '네일'을 판매·제공하는 매장,train,네일,T2 동의어,706151c9-981a-4b6f-8bfc-7e4481514cd8,매일네일해,네일샵,산본로데오거리(구 산본중심상가),자율상권구역,경기도,,,
7807da852f65e85377da,full_annotation_v1,A,q_네일_02,네일샵,뷰티·미용 중 '네일'을 판매·제공하는 매장,train,네일,T2 동의어,62e03a27-5c00-4a25-aba7-a48e7cfc2acb,아르떼 필라테스 신흥점,필라테스,산성로 상권활성화구역,상권활성화구역,경기도,,,
ef60c983f3091aa2c946,full_annotation_v1,A,q_네일_02,네일샵,뷰티·미용 중 '네일'을 판매·제공하는 매장,train,네일,T2 동의어,b0d93586-2ac7-407b-b4a1-295afa974218,반짝반짝네일,네일샵,주월리 골목형상점가,골목형상점가,광주광역시,,,
15ebc66ab5342b3aea7b,full_annotation_v1,A,q_네일_02,네일샵,뷰티·미용 중 '네일'을 판매·제공하는 매장,train,네일,T2 동의어,1fccd41f-7698-4a89-a060-8574c5bbd02c,코브네일,네일샵,수완중흥대방 골목형상점가,골목형상점가,광주광역시,,,
2ca9e739aca22f38f9ab,full_annotation_v1,A,q_네일_02,네일샵,뷰티·미용 중 '네일'을 판매·제공하는 매장,train,네일,T2 동의어,1296029d-9183-4e5b-8ab0-308ce0b1b2c3,담봄네일,네일샵,산울림 골목형상점가,골목형상점가,세종특별자치시,,,
eeefb1aa64fce190fcf8,full_annotation_v1,A,q_네일_02,네일샵,뷰티·미용 중 '네일'을 판매·제공하는 매장,train,네일,T2 동의어,d0df74e7-92da-4361-8cf6-e336f0b8450a,유리공주네일,네일샵,주안역지하도상점가,일반지하상점가,인천광역시,,,
2c3b73871c2296b2e70f,full_annotation_v1,A,q_네일_02,네일샵,뷰티·미용 중 '네일'을 판매·제공하는 매장,train,네일,T2 동의어,007c8a4d-8fa0-486a-885a-e025ae0740b9,유니네일,네일,솔올중앞골목형상점가,골목형상점가,강원특별자치도,,,
bd6b35fbffbe4bc598df,full_annotation_v1,A,q_네일_02,네일샵,뷰티·미용 중 '네일'을 판매·제공하는 매장,train,네일,T2 동의어,8c938892-828c-4c35-a65d-d90094304a6c,제시네일,네일샵,치평상무역상인회 골목형상점가,골목형상점가,광주광역시,,,
f1abd282145c47820cf2,full_annotation_v1,A,q_네일_02,네일샵,뷰티·미용 중 '네일'을 판매·제공하는 매장,train,네일,T2 동의어,f5561999-0579-49ae-b428-d83181478adb,개풍상회,의류,서산동부전통시장,전통시장,충청남도,,,
4f3dfc12bed539ab9444,full_annotation_v1,A,q_네일_02,네일샵,뷰티·미용 중 '네일'을 판매·제공하는 매장,train,네일,T2 동의어,a76d5bb6-6249-4bdb-9801-30b732aa7075,손톱마녀,네일샵,회현 지하쇼핑센터,일반지하상점가,서울특별시,,,
f49bbd0058187b379a45,full_annotation_v1,A,q_네일_02,네일샵,뷰티·미용 중 '네일'을 판매·제공하는 매장,train,네일,T2 동의어,00700b8c-3670-4520-bcf5-98c36ed9320b,꽃길네일,네일,무꽃등 골목형상점가,골목형상점가,광주광역시,,,
a6752eddb4332222acae,full_annotation_v1,A,q_네일_02,네일샵,뷰티·미용 중 '네일'을 판매·제공하는 매장,train,네일,T2 동의어,0cfe753a-a75d-45b6-823e-13bb2b29d3fa,구블리네일,네일샵,창원 성원그랜드쇼핑상가,전통시장,경상남도,,,
163bb9758a52706b6bd0,full_annotation_v1,A,q_네일_02,네일샵,뷰티·미용 중 '네일'을 판매·제공하는 매장,train,네일,T2 동의어,088571a3-ff35-4fa3-b555-4751cb15a04f,반달손톱,,무주반딧불상권활성화구역,상권활성화구역,전북특별자치도,,,
96cc58a2ca44ee0f97ec,full_annotation_v1,A,q_네일_02,네일샵,뷰티·미용 중 '네일'을 판매·제공하는 매장,train,네일,T2 동의어,129495a6-a0c7-41d2-9322-d5c3484aa1a9,나비네일,"손톱미용, 피부미용",마산 오동동상인연합상가,자율상권구역,경상남도,,,
128661fddd77f0848da6,full_annotation_v1,A,q_네일_02,네일샵,뷰티·미용 중 '네일'을 판매·제공하는 매장,train,네일,T2 동의어,00fb9ee1-65d6-4d91-8728-ddc945df6db7,네일정원,네일,용해동 포미타운 골목형상점가,골목형상점가,전라남도,,,
8db4f658fc027db16685,full_annotation_v1,A,q_네일_02,네일샵,뷰티·미용 중 '네일'을 판매·제공하는 매장,train,네일,T2 동의어,19b0bd13-d53f-440a-9886-4afe12a422d5,경희약손한의원,한의원,금곡 골목형상점가,골목형상점가,경기도,,,
09fa82f29db4a2b94982,full_annotation_v1,A,q_네일_02,네일샵,뷰티·미용 중 '네일'을 판매·제공하는 매장,train,네일,T2 동의어,28357908-0550-4db7-96bc-36888efe3a94,라벨르네일,네일샵,방젯골용대로 골목형상점가,골목형상점가,광주광역시,,,
5263ac644eaaad90273d,full_annotation_v1,A,q_네일_02,네일샵,뷰티·미용 중 '네일'을 판매·제공하는 매장,train,네일,T2 동의어,e2498c41-c043-40da-b4e0-56cb0d3b1226,마이뷰네일,네일샵,갈매광장 골목형상점가,골목형상점가,경기도,,,
47587ac2f3de44588536,full_annotation_v1,A,q_네일_02,네일샵,뷰티·미용 중 '네일'을 판매·제공하는 매장,train,네일,T2 동의어,ed74e008-9af7-4852-8852-b94abcb400c1,헵시바헤어앤네일샵,네일샵,부천강남시장,전통시장,경기도,,,
5641030b37a62f7be7d1,full_annotation_v1,A,q_네일_02,네일샵,뷰티·미용 중 '네일'을 판매·제공하는 매장,train,네일,T2 동의어,d2cfc577-2727-43a8-94c8-eb8d60e707ca,네일드블랑,네일샵,봉평전통시장,전통시장,강원특별자치도,,,
df1d125eca87bcc9eed0,full_annotation_v1,A,q_네일_02,네일샵,뷰티·미용 중 '네일'을 판매·제공하는 매장,train,네일,T2 동의어,e2bad5c7-ea54-4687-bc72-a92d93719e3e,미소네일,네일샵,금촌문화로시장,전통시장,경기도,,,
58aaabb6f96fab140fe5,full_annotation_v1,A,q_네일_02,네일샵,뷰티·미용 중 '네일'을 판매·제공하는 매장,train,네일,T2 동의어,c018852a-a361-49d8-9cd5-54e4ea3fcf3d,블링블링,네일샵,성남중앙지하시장,일반지하상점가,경기도,,,
3667a3f661e0c1fdd1c8,full_annotation_v1,A,q_네일_02,네일샵,뷰티·미용 중 '네일'을 판매·제공하는 매장,train,네일,T2 동의어,d07fea72-cddd-4bac-b879-77270c1f0388,오프라인네일스튜디오,네일샵,목원대 골목형상점가,골목형상점가,대전광역시,,,
f8c00503f021124482f1,full_annotation_v1,A,q_네일_02,네일샵,뷰티·미용 중 '네일'을 판매·제공하는 매장,train,네일,T2 동의어,46a41a39-bb2b-4895-a49a-197e0febb649,쏘네일,네일샵,송죽솔대 골목형상점가,골목형상점가,경기도,,,
ad1e3bcb5676b8b62bdc,full_annotation_v1,A,q_네일_02,네일샵,뷰티·미용 중 '네일'을 판매·제공하는 매장,train,네일,T2 동의어,33f7b116-267e-4c5f-8323-d86bcf04c34f,MAGNET,휴대폰,일산중앙상점가 골목형상점가,골목형상점가,경기도,,,
1d5a63b73b3f5991b732,full_annotation_v1,A,q_네일_02,네일샵,뷰티·미용 중 '네일'을 판매·제공하는 매장,train,네일,T2 동의어,fb404ec3-e34b-456d-8e4f-d538eb9614cf,아워뷰티,네일샵,매곡 가인 골목형상점가,골목형상점가,광주광역시,,,
2f4f8d1c32357a4b6fd4,full_annotation_v1,A,q_네일_02,네일샵,뷰티·미용 중 '네일'을 판매·제공하는 매장,train,네일,T2 동의어,2b4cda8a-1bc9-4274-8bce-ed110ed5c040,호유네일,네일샵,풍암금당상인회 골목형상점가,골목형상점가,광주광역시,,,
2b93300b71361b725775,full_annotation_v1,A,q_네일_02,네일샵,뷰티·미용 중 '네일'을 판매·제공하는 매장,train,네일,T2 동의어,5891c532-bd60-4bfc-9a1b-fad270897d50,네일드엘,네일샵,다정한 골목형상점가,골목형상점가,세종특별자치시,,,
8ba1bbb85c4f87d48674,full_annotation_v1,A,q_네일_02,네일샵,뷰티·미용 중 '네일'을 판매·제공하는 매장,train,네일,T2 동의어,853f15f1-48d6-4576-a815-1c1abf2af7f3,일루몬드,네일샵,순천연향패션상가,자율상권구역,전라남도,,,
d2c09e78f9ada8f0ed2b,full_annotation_v1,A,q_네일_02,네일샵,뷰티·미용 중 '네일'을 판매·제공하는 매장,train,네일,T2 동의어,dacf0f98-f7f4-411f-90f4-0ca65ca60b0d,소담내과,보건업 및 사회복지서비스업,새샘하루 골목형상점가,골목형상점가,세종특별자치시,,,
a26f61381594676dc0d8,full_annotation_v1,A,q_네일_02,네일샵,뷰티·미용 중 '네일'을 판매·제공하는 매장,train,네일,T2 동의어,053d5ae8-ba7f-44b3-aaa0-a0265c922b10,네일온뮤,네일샵,다산 상생 상점가,골목형상점가,경기도,,,
3bd8c5d21bb81e1d1282,full_annotation_v1,A,q_네일_02,네일샵,뷰티·미용 중 '네일'을 판매·제공하는 매장,train,네일,T2 동의어,10829a71-dc73-4f77-9196-8d9e4c52f988,네일에땅,네일샵,건대로데오거리골목형상점가,골목형상점가,서울특별시,,,
024834d1d1cc3e3aa840,full_annotation_v1,A,q_네일_02,네일샵,뷰티·미용 중 '네일'을 판매·제공하는 매장,train,네일,T2 동의어,3d31c15c-5c17-4d6d-a961-4f892fde6984,골드빈네일,네일샵,늘해랑상인회 골목형상점가,골목형상점가,광주광역시,,,
60edcfd8f972565dea2c,full_annotation_v1,A,q_네일_02,네일샵,뷰티·미용 중 '네일'을 판매·제공하는 매장,train,네일,T2 동의어,499fe9a0-9d38-4cfe-975d-33b75fff5a6a,오롯이뷰티,네일샵,"호성2길, 3길 골목형상점가",골목형상점가,전북특별자치도,,,
d7201acc2edb14af1c8b,full_annotation_v1,A,q_네일_02,네일샵,뷰티·미용 중 '네일'을 판매·제공하는 매장,train,네일,T2 동의어,4a8bf8ef-2ed0-4262-b5a8-a81198e62940,네일도해,네일샵,무주반딧불상권활성화구역,상권활성화구역,전북특별자치도,,,
00da733062cea2ef0b00,full_annotation_v1,A,q_네일_02,네일샵,뷰티·미용 중 '네일'을 판매·제공하는 매장,train,네일,T2 동의어,c237b91f-87e9-4483-94ba-e4492c652c7e,명랑핫도그 울산호계점,핫도그,코끼리시장,골목형상점가,울산광역시,,,
b1657c5491a4d7f328e1,full_annotation_v1,A,q_네일_02,네일샵,뷰티·미용 중 '네일'을 판매·제공하는 매장,train,네일,T2 동의어,4b1951d4-aa67-4b08-91a6-de7833c6387c,네일어데이,네일샵,하가지구 골목형상점가,골목형상점가,전북특별자치도,,,
f215011d3046430d6e8b,full_annotation_v1,A,q_네일_02,네일샵,뷰티·미용 중 '네일'을 판매·제공하는 매장,train,네일,T2 동의어,3d809a17-bb1b-4f50-8501-2e3daf0be025,리봄,미용실,금호상인회 골목형상점가,골목형상점가,광주광역시,,,
6dcd8d076ddfc00d853d,full_annotation_v1,A,q_네일_02,네일샵,뷰티·미용 중 '네일'을 판매·제공하는 매장,train,네일,T2 동의어,e30ab297-c92f-4d02-badb-5f097b4258c8,유니드,네일샵,월산독립로 골목형상점가,골목형상점가,광주광역시,,,
c5d51cb5d4b56891fd83,full_annotation_v1,A,q_네일_02,네일샵,뷰티·미용 중 '네일'을 판매·제공하는 매장,train,네일,T2 동의어,67204a9e-67fe-4def-816f-72bc2ab8d1c7,네일만나는시간,네일샵,용봉IC 골목형상점가,골목형상점가,광주광역시,,,
a44a77b4703d8521ce7c,full_annotation_v1,A,q_네일_02,네일샵,뷰티·미용 중 '네일'을 판매·제공하는 매장,train,네일,T2 동의어,f676a6de-aecf-4eaa-a5a4-8d6f4d2185d5,김쌍네일,네일샵,운암휴튼2차 골목형상점가,골목형상점가,광주광역시,,,
e09738ddcf104665bb76,full_annotation_v1,A,q_네일_02,네일샵,뷰티·미용 중 '네일'을 판매·제공하는 매장,train,네일,T2 동의어,00d5be47-44d0-4e0b-aba0-74427ee58602,소유뷰티,네일,산본로데오거리(구 산본중심상가),자율상권구역,경기도,,,
70f245913549e330a302,full_annotation_v1,A,q_네일_02,네일샵,뷰티·미용 중 '네일'을 판매·제공하는 매장,train,네일,T2 동의어,118be106-b3ea-4c87-85cd-465abef39fe6,손톱깎이,손톱손질,고운마음 골목형상점가,골목형상점가,세종특별자치시,,,
5c4e4a5adaad7da71cb4,full_annotation_v1,A,q_네일_02,네일샵,뷰티·미용 중 '네일'을 판매·제공하는 매장,train,네일,T2 동의어,903ae331-865e-412c-81ff-3cc95a7620f1,채디브,네일샵,보람동 골목형상점가,골목형상점가,세종특별자치시,,,
1cecc3619f9cfb344e28,full_annotation_v1,A,q_네일_02,네일샵,뷰티·미용 중 '네일'을 판매·제공하는 매장,train,네일,T2 동의어,4caa8f35-2c7c-4494-aec7-a1dd0452f8ba,순한양꼬치,양꼬치,금곡 골목형상점가,골목형상점가,경기도,,,
18f8dfb1f2edb9f040e3,full_annotation_v1,A,q_네일_02,네일샵,뷰티·미용 중 '네일'을 판매·제공하는 매장,train,네일,T2 동의어,b4196e93-d128-4b36-9100-294b1312e3e5,예블링,네일샵,주안역지하도상점가,일반지하상점가,인천광역시,,,
c3d9166a6745c6b97796,full_annotation_v1,A,q_네일_02,네일샵,뷰티·미용 중 '네일'을 판매·제공하는 매장,train,네일,T2 동의어,00ca9bc4-3130-4534-8b71-b4e2a72c6a8a,네일뉴데이,네일미용업,목대온기 골목형상점가,골목형상점가,대전광역시,,,
76e2b99b2a37e9ac40ad,full_annotation_v1,A,q_네일_02,네일샵,뷰티·미용 중 '네일'을 판매·제공하는 매장,train,네일,T2 동의어,0515178c-f484-4cba-9ca0-fbeecdedb37f,온헤어,두발 시술,매봉 골목형상점가,골목형상점가,광주광역시,,,
6f5867554b42ba52b3c6,full_annotation_v1,A,q_네일_02,네일샵,뷰티·미용 중 '네일'을 판매·제공하는 매장,train,네일,T2 동의어,d202454d-b077-427e-a107-ecebad301133,오늘..네일,네일샵,강남개포시장(구 개포2동중심상점가),자율상권구역,서울특별시,,,
3f852baa8ab9a5ff75fd,full_annotation_v1,A,q_네일_02,네일샵,뷰티·미용 중 '네일'을 판매·제공하는 매장,train,네일,T2 동의어,8ca9647a-29af-4859-a038-c98dfb8f53f2,네일담,네일샵,서희1차현대 골목형상점가,골목형상점가,광주광역시,,,
5b634f1eea7e9533bbeb,full_annotation_v1,A,q_네일_02,네일샵,뷰티·미용 중 '네일'을 판매·제공하는 매장,train,네일,T2 동의어,89995266-a376-49fd-8427-392ca4d6c8a4,뷰티홀릭,네일샵,매곡드림 골목형상점가,골목형상점가,울산광역시,,,
f8d755ebc3c763a4fa8c,full_annotation_v1,A,q_네일_02,네일샵,뷰티·미용 중 '네일'을 판매·제공하는 매장,train,네일,T2 동의어,062d071c-6b8a-4010-b36d-bd646ea5b137,이영미궁중한방삼계탕,한식,매봉 골목형상점가,골목형상점가,광주광역시,,,
2d83e43dbc1cb705d1ef,full_annotation_v1,A,q_네일_02,네일샵,뷰티·미용 중 '네일'을 판매·제공하는 매장,train,네일,T2 동의어,78d65982-f477-4f27-8f08-eda02e7f2db8,네일샵,,크로바쇼핑센터 골목형상점가,골목형상점가,대전광역시,,,
fbf4743a960a611e7b08,full_annotation_v1,A,q_네일_02,네일샵,뷰티·미용 중 '네일'을 판매·제공하는 매장,train,네일,T2 동의어,ff3e7da8-6486-4196-8775-c9b4914cc0f2,카페요아정 광주선운점,디저트,선운 골목형상점가,골목형상점가,광주광역시,,,
7ae6b802cb5e361413bd,full_annotation_v1,A,q_네일_02,네일샵,뷰티·미용 중 '네일'을 판매·제공하는 매장,train,네일,T2 동의어,0706c8ad-df19-4184-9c1d-02449c480796,컴포즈커피구리돌다리점,음료,구리시 구도심 상권활성화구역,상권활성화구역,경기도,,,
99036dff04c788434c40,full_annotation_v1,A,q_네일_02,네일샵,뷰티·미용 중 '네일'을 판매·제공하는 매장,train,네일,T2 동의어,1bcccb0e-91ba-4245-9cc1-ed6646801628,본네일,네일샵,첨단하나로,골목형상점가,광주광역시,,,
821d7a218430b5a3171d,full_annotation_v1,A,q_네일_02,네일샵,뷰티·미용 중 '네일'을 판매·제공하는 매장,train,네일,T2 동의어,a8119d7e-d7d0-47f9-878c-c5fc86681652,달곰네일,네일샵,봉곡우전로 골목형상점가,골목형상점가,전북특별자치도,,,
8ce4d10ad85fa96e4e93,full_annotation_v1,A,q_네일_02,네일샵,뷰티·미용 중 '네일'을 판매·제공하는 매장,train,네일,T2 동의어,00b43268-5724-4c00-8433-812811783452,비비드샵,네일,반드레길골목형상점가,골목형상점가,서울특별시,,,
e6808fdb0fdbd0f4f9f1,full_annotation_v1,A,q_네일_02,네일샵,뷰티·미용 중 '네일'을 판매·제공하는 매장,train,네일,T2 동의어,916e9751-a58e-41dc-99fb-551af0254158,"네일, 유",네일샵,나성동 골목형상점가,골목형상점가,세종특별자치시,,,
b21b8271881fbf046bf1,full_annotation_v1,A,q_네일_02,네일샵,뷰티·미용 중 '네일'을 판매·제공하는 매장,train,네일,T2 동의어,e95e67f2-05ff-49ad-b335-e73eabd44049,오늘네일,네일샵,구미 금리단길 골목형상점가,골목형상점가,경상북도,,,
ebc01894a8a3a42d0ba5,full_annotation_v1,A,q_네일_02,네일샵,뷰티·미용 중 '네일'을 판매·제공하는 매장,train,네일,T2 동의어,43fd2b92-cad5-47c6-b4f9-6732d25b6618,벨라네일,네일샵,평촌1번가 상점가,자율상권구역,경기도,,,
cf6df47f32bf667314f3,full_annotation_v1,A,q_네일_02,네일샵,뷰티·미용 중 '네일'을 판매·제공하는 매장,train,네일,T2 동의어,6ec912e5-bb70-4bfc-8010-5664e7d3f314,벨아므네일,네일샵,새샘하루 골목형상점가,골목형상점가,세종특별자치시,,,
699ed4bec15bc7b271aa,full_annotation_v1,A,q_네일_03,네일아트,뷰티·미용 중 '네일'을 판매·제공하는 매장,train,네일,T2 동의어,b477b637-8971-41d2-ae1d-15fbab81e223,리아르네일,네일아트,오송역파라곤센트럴시티2차골목형상점가,골목형상점가,충청북도,,,
0ec92eec2b03f7b7b033,full_annotation_v1,A,q_네일_03,네일아트,뷰티·미용 중 '네일'을 판매·제공하는 매장,train,네일,T2 동의어,007fee80-11ba-4073-92f1-c67de14eebd2,네일미유,네일아트,반곡동 골목형상점가,골목형상점가,세종특별자치시,,,
f9bf2bc878c187b32b7b,full_annotation_v1,A,q_네일_03,네일아트,뷰티·미용 중 '네일'을 판매·제공하는 매장,train,네일,T2 동의어,18cf308d-1bff-4bcf-9a80-547874aad33e,네일아리,네일아트,문흥초등학교주변 골목형상점가,골목형상점가,광주광역시,,,
70532cd5856aaab5a8cc,full_annotation_v1,A,q_네일_03,네일아트,뷰티·미용 중 '네일'을 판매·제공하는 매장,train,네일,T2 동의어,ba92cc90-19be-41c8-89ce-66f32c41b100,시예네일,네일아트,웰컴시티,전통시장,울산광역시,,,
1b0304844445afe7590d,full_annotation_v1,A,q_네일_03,네일아트,뷰티·미용 중 '네일'을 판매·제공하는 매장,train,네일,T2 동의어,a16da508-2815-4ee9-b86e-c65241bd7a56,네일읻다,네일아트,세병호 골목형상점가,골목형상점가,전북특별자치도,,,
944871215343f8e5492d,full_annotation_v1,A,q_네일_03,네일아트,뷰티·미용 중 '네일'을 판매·제공하는 매장,train,네일,T2 동의어,567cf63e-c586-4fe1-b5d5-2fdf563103fc,네일뭐해,네일아트,제일종합시장,전통시장,강원특별자치도,,,
cfc31b8bc9d11cb41700,full_annotation_v1,A,q_네일_03,네일아트,뷰티·미용 중 '네일'을 판매·제공하는 매장,train,네일,T2 동의어,1f032edd-f8b8-4712-9833-99c139515f86,쏠네일,네일아트,당정동한세로 골목형상점가,골목형상점가,경기도,,,
35e518d80ad22cf75fb8,full_annotation_v1,A,q_네일_03,네일아트,뷰티·미용 중 '네일'을 판매·제공하는 매장,train,네일,T2 동의어,d5da111d-1b5b-4450-9a35-1e9dd7d76543,네일,네일아트,을지로지하보도쇼핑센터,일반지하상점가,서울특별시,,,
ffaf5cbcb6bf8a133d23,full_annotation_v1,A,q_네일_03,네일아트,뷰티·미용 중 '네일'을 판매·제공하는 매장,train,네일,T2 동의어,93932972-b09c-4428-8d0e-6f38638b853a,네일 서월,네일아트,산본로데오거리(구 산본중심상가),자율상권구역,경기도,,,
612b2cb395b801277bc8,full_annotation_v1,A,q_네일_03,네일아트,뷰티·미용 중 '네일'을 판매·제공하는 매장,train,네일,T2 동의어,64edae14-8110-403b-b3e7-aa24fe985dbb,예쁨,네일아트,공산성골목형상점가,골목형상점가,충청남도,,,
a419fe82ed5a7382dbc4,full_annotation_v1,A,q_네일_03,네일아트,뷰티·미용 중 '네일'을 판매·제공하는 매장,train,네일,T2 동의어,ae3aab0e-9ef6-4fdd-bca2-d6047bea1f3b,세운상사,채소,팔달신시장,전통시장,대구광역시,,,
f17d1ea7b6d3081f3bc5,full_annotation_v1,A,q_네일_03,네일아트,뷰티·미용 중 '네일'을 판매·제공하는 매장,train,네일,T2 동의어,03755fb1-c790-4c78-9623-5d3855f0bdce,네일스토리,네일아트,부평중앙 지하상가,일반지하상점가,인천광역시,,,
6c89cce02168e455c718,full_annotation_v1,A,q_네일_03,네일아트,뷰티·미용 중 '네일'을 판매·제공하는 매장,train,네일,T2 동의어,7897faf9-39c1-4edc-b27e-f037d7825f1b,무진공방 스튜디오,,구의역 가람길 골목형상점가,골목형상점가,서울특별시,,,
b9385685080609a84494,full_annotation_v1,A,q_네일_03,네일아트,뷰티·미용 중 '네일'을 판매·제공하는 매장,train,네일,T2 동의어,4e63f432-fdd6-49c1-8b30-122c6a0ddfb1,네일바다,네일아트,밀양 내일전통시장,전통시장,경상남도,,,
20faae78f662beb123ad,full_annotation_v1,A,q_네일_03,네일아트,뷰티·미용 중 '네일'을 판매·제공하는 매장,train,네일,T2 동의어,7b53d3cd-5655-49f3-9826-24bb51415359,네일비,네일아트,버들마을상인회 골목형상점가,골목형상점가,광주광역시,,,
ed64dbf18737328dc384,full_annotation_v1,A,q_네일_03,네일아트,뷰티·미용 중 '네일'을 판매·제공하는 매장,train,네일,T2 동의어,3383b8fa-d6bb-47aa-bc12-d4ab8bb30234,곰네일,네일아트,㈜르네시떼,전통시장,부산광역시,,,
daf114bbfeb1da9fd22a,full_annotation_v1,A,q_네일_03,네일아트,뷰티·미용 중 '네일'을 판매·제공하는 매장,train,네일,T2 동의어,f6dd6559-02a7-43c2-a4e6-df132a6a5ad1,별네일,네일아트,민락2지구골목형상점가,골목형상점가,경기도,,,
d650cd6b728090962f87,full_annotation_v1,A,q_네일_03,네일아트,뷰티·미용 중 '네일'을 판매·제공하는 매장,train,네일,T2 동의어,caa57b8a-9ffa-43c2-835b-dd5a9ec4d212,다즐,네일아트,잠실 장미종합상가 골목형상점가,골목형상점가,서울특별시,,,
67df358fe1a40ceea317,full_annotation_v1,A,q_네일_03,네일아트,뷰티·미용 중 '네일'을 판매·제공하는 매장,train,네일,T2 동의어,49a94171-cff6-4cdf-b63c-1b133a1d364d,하늘 네일아트 피부관리,네일아트,주안시민지하도상점가,일반지하상점가,인천광역시,,,
396157db1b9a116b48b7,full_annotation_v1,A,q_네일_03,네일아트,뷰티·미용 중 '네일'을 판매·제공하는 매장,train,네일,T2 동의어,7acd1fed-4d04-46e7-86fe-0e262bbd068c,네일블로썸,네일아트,메트로센터(반월당지하쇼핑),일반지하상점가,대구광역시,,,
9154d5aedf9880a59540,full_annotation_v1,A,q_네일_03,네일아트,뷰티·미용 중 '네일'을 판매·제공하는 매장,train,네일,T2 동의어,022b405a-4ce6-4a3c-b326-03ba929a7d80,콩깍지네일,네일아트,창원 성원그랜드쇼핑상가,전통시장,경상남도,,,
eba2f1de1757634dae64,full_annotation_v1,A,q_네일_03,네일아트,뷰티·미용 중 '네일'을 판매·제공하는 매장,train,네일,T2 동의어,b4315450-ad01-4d1a-a84f-5550bf1a781f,네일또와,네일아트,진천혁신골목형상점가,골목형상점가,충청북도,,,
46a9ebf9cdbc40d80c1b,full_annotation_v1,A,q_네일_03,네일아트,뷰티·미용 중 '네일'을 판매·제공하는 매장,train,네일,T2 동의어,9aebcb5d-ddd8-42f6-916a-41bd5b155752,늘솜네일,네일아트,행복로골목형상점가,골목형상점가,경기도,,,
e656e3d20052c5371ad0,full_annotation_v1,A,q_네일_03,네일아트,뷰티·미용 중 '네일'을 판매·제공하는 매장,train,네일,T2 동의어,9f8afad9-86cb-4260-a547-2af0d56caa26,NAIL#,네일아트,염주포스코상인회 골목형상점가,골목형상점가,광주광역시,,,
bf6823986e39a00ddee5,full_annotation_v1,A,q_네일_03,네일아트,뷰티·미용 중 '네일'을 판매·제공하는 매장,train,네일,T2 동의어,d96b2701-96e0-4fe2-aec2-d14f996c01dd,블라썸,네일아트,의정부역지하상가,일반지하상점가,경기도,,,
d104d9fb8a6cafebebae,full_annotation_v1,A,q_네일_03,네일아트,뷰티·미용 중 '네일'을 판매·제공하는 매장,train,네일,T2 동의어,c8ff43b6-4a54-4e3e-8ef2-2a808a130f3a,비웰스튜디오,,매탄골목상인회 골목형상점가,골목형상점가,경기도,,,
6e2b4d4839c42c328a26,full_annotation_v1,A,q_네일_03,네일아트,뷰티·미용 중 '네일'을 판매·제공하는 매장,train,네일,T2 동의어,2199ac5e-9ca5-4646-8151-c6298fdb7819,리나뷰티,미용업손톱발톱피부,천안신부문화거리상점가,자율상권구역,충청남도,,,
38e7af8d6dd9d39c01e5,full_annotation_v1,A,q_네일_03,네일아트,뷰티·미용 중 '네일'을 판매·제공하는 매장,train,네일,T2 동의어,1f2f2c08-b622-4937-bf24-fa007606f8d3,샐리뷰티,네일아트,뷰티거리골목형상점가,골목형상점가,서울특별시,,,
66953760ea054f7b6d0f,full_annotation_v1,A,q_네일_03,네일아트,뷰티·미용 중 '네일'을 판매·제공하는 매장,train,네일,T2 동의어,007c8a4d-8fa0-486a-885a-e025ae0740b9,유니네일,네일,솔올중앞골목형상점가,골목형상점가,강원특별자치도,,,
b74bce6207d8d3b947c5,full_annotation_v1,A,q_네일_03,네일아트,뷰티·미용 중 '네일'을 판매·제공하는 매장,train,네일,T2 동의어,37f0bc5e-5019-4abd-95f0-50722c277400,핑크네일,네일아트,공릉동도깨비시장,전통시장,서울특별시,,,
e296238c3c1639f7fa4e,full_annotation_v1,A,q_네일_03,네일아트,뷰티·미용 중 '네일'을 판매·제공하는 매장,train,네일,T2 동의어,5c7238a4-3156-44c5-930e-2c2c77158092,네일은혜윰,네일아트,결초보은시장(구 보은종합시장),전통시장,충청북도,,,
f4cd917a509a53f46be1,full_annotation_v1,A,q_네일_03,네일아트,뷰티·미용 중 '네일'을 판매·제공하는 매장,train,네일,T2 동의어,f0cfae43-a930-4947-a4ba-ed73042d67e2,아이리스네일,네일아트,구갈상점가,자율상권구역,경기도,,,
8ed62dd93f188fcf3338,full_annotation_v1,A,q_네일_03,네일아트,뷰티·미용 중 '네일'을 판매·제공하는 매장,train,네일,T2 동의어,45179022-0b01-40d3-9c28-a75ab1096252,수빈,네일아트,창원 가음시장대상가,전통시장,경상남도,,,
75b1cf2309b88a50442d,full_annotation_v1,A,q_네일_03,네일아트,뷰티·미용 중 '네일'을 판매·제공하는 매장,train,네일,T2 동의어,f26dcf1a-d768-469f-9a10-075c2465c454,꼼지네일,네일아트,진보전통시장,전통시장,경상북도,,,
16455b966203e30a2651,full_annotation_v1,A,q_네일_03,네일아트,뷰티·미용 중 '네일'을 판매·제공하는 매장,train,네일,T2 동의어,a8ab3c58-9f4b-424e-a753-5e15347a3165,네일베리,네일아트,창원 가음정시장,전통시장,경상남도,,,
c1772b4d1f550f3d7483,full_annotation_v1,A,q_네일_03,네일아트,뷰티·미용 중 '네일'을 판매·제공하는 매장,train,네일,T2 동의어,c7ffcd63-f235-450a-8dcf-925dac5c939a,아넬로,네일아트,홍성명동상가,자율상권구역,충청남도,,,
453ca467b79c19b59c85,full_annotation_v1,A,q_네일_03,네일아트,뷰티·미용 중 '네일'을 판매·제공하는 매장,train,네일,T2 동의어,5f2e7c04-5f2b-439b-a251-6cb875346d0c,산외한우부산물,식육,정읍산외한우마을상점,자율상권구역,전북특별자치도,,,
ee19870e8312f4ff54c2,full_annotation_v1,A,q_네일_03,네일아트,뷰티·미용 중 '네일'을 판매·제공하는 매장,train,네일,T2 동의어,47b4b111-427d-4a42-a276-f100a5f721da,라라휘트니스,헬스,어은누리 골목형상점가,골목형상점가,대전광역시,,,
10e8bef7c206808c7a75,full_annotation_v1,A,q_네일_03,네일아트,뷰티·미용 중 '네일'을 판매·제공하는 매장,train,네일,T2 동의어,30c56e70-10e1-4c7c-8439-ac0faf559c62,코코네일,네일아트,송천메가 골목형상점가,골목형상점가,전북특별자치도,,,
bc2eae1808f7cbdad603,full_annotation_v1,A,q_네일_03,네일아트,뷰티·미용 중 '네일'을 판매·제공하는 매장,train,네일,T2 동의어,0a8a8b3b-207e-4c35-960b-cff60656a7ac,감성네일,미용업 손톱발톱,일곡동 골목형상점가,골목형상점가,광주광역시,,,
21fc54aff8e8d324d8bb,full_annotation_v1,A,q_네일_03,네일아트,뷰티·미용 중 '네일'을 판매·제공하는 매장,train,네일,T2 동의어,5eb12351-1581-47e0-a9c9-4f15e23e2981,네일바다,네일아트,한빛프라자 골목형상점가,골목형상점가,대전광역시,,,
ddaeada2d914e335fc14,full_annotation_v1,A,q_네일_03,네일아트,뷰티·미용 중 '네일'을 판매·제공하는 매장,train,네일,T2 동의어,9dcadbb9-0c5c-4edd-83fd-adc78ece98f2,네일에딧,네일아트,평촌역 상점가,자율상권구역,경기도,,,
7d79390933e99dd4735c,full_annotation_v1,A,q_네일_03,네일아트,뷰티·미용 중 '네일'을 판매·제공하는 매장,train,네일,T2 동의어,4fb203cf-2899-46bd-936d-48ebf4b91fdb,리틀크레이지피자,피자,산본로데오거리(구 산본중심상가),자율상권구역,경기도,,,
39743aee9ce22ffbfd4f,full_annotation_v1,A,q_네일_03,네일아트,뷰티·미용 중 '네일'을 판매·제공하는 매장,train,네일,T2 동의어,25e391e8-a2a9-4d17-a6e8-941771778a50,네일호디에,네일아트,구리전통시장,전통시장,경기도,,,
a23a616b01feee6a8a9a,full_annotation_v1,A,q_네일_03,네일아트,뷰티·미용 중 '네일'을 판매·제공하는 매장,train,네일,T2 동의어,00ca9bc4-3130-4534-8b71-b4e2a72c6a8a,네일뉴데이,네일미용업,목대온기 골목형상점가,골목형상점가,대전광역시,,,
c55c9c06c453eb58f9c3,full_annotation_v1,A,q_네일_03,네일아트,뷰티·미용 중 '네일'을 판매·제공하는 매장,train,네일,T2 동의어,3cf5926b-4b27-40b5-adee-573c7aa812e3,도도한네일,네일아트,과천슈르탑 골목형상점가,골목형상점가,경기도,,,
30f7a6834ecd63dd908f,full_annotation_v1,A,q_네일_03,네일아트,뷰티·미용 중 '네일'을 판매·제공하는 매장,train,네일,T2 동의어,ce67886f-9358-4e6d-8928-5fb4cf0c5665,테라스,네일아트,명덕마을 골목형상점가,골목형상점가,울산광역시,,,
f5bb5f1432e5ac5f1607,full_annotation_v1,A,q_네일_03,네일아트,뷰티·미용 중 '네일'을 판매·제공하는 매장,train,네일,T2 동의어,697206eb-ed2b-4f3d-8e69-c6281d308bc6,1984,네일아트,월산먹자골목 골목형상점가,골목형상점가,광주광역시,,,
a7919005640be0b18dbd,full_annotation_v1,A,q_네일_03,네일아트,뷰티·미용 중 '네일'을 판매·제공하는 매장,train,네일,T2 동의어,fe4722cd-1865-47e6-a36f-99442b483f79,마운티아,스포츠웨어 신발 악세사리,동두천중앙시장,전통시장,경기도,,,
d20cac0169bad2e319ee,full_annotation_v1,A,q_네일_03,네일아트,뷰티·미용 중 '네일'을 판매·제공하는 매장,train,네일,T2 동의어,088571a3-ff35-4fa3-b555-4751cb15a04f,반달손톱,,무주반딧불상권활성화구역,상권활성화구역,전북특별자치도,,,
ec4755f374cc4cb7f22f,full_annotation_v1,A,q_네일_03,네일아트,뷰티·미용 중 '네일'을 판매·제공하는 매장,train,네일,T2 동의어,35bc7903-ee01-4c1e-8660-311f2ecc838f,더공주,네일아트,중앙로 지하상가 상점가,일반지하상점가,대전광역시,,,
b5f671d3d93c650e5dd4,full_annotation_v1,A,q_네일_03,네일아트,뷰티·미용 중 '네일'을 판매·제공하는 매장,train,네일,T2 동의어,80dc3068-b0bc-449d-b721-a14e281d7e42,발림,네일아트,연남동골목형상점가,골목형상점가,서울특별시,,,
5ce7b50c41fda67b65e5,full_annotation_v1,A,q_네일_03,네일아트,뷰티·미용 중 '네일'을 판매·제공하는 매장,train,네일,T2 동의어,eb94d9bf-9de3-408e-b751-22ba5ebc17f9,신데렐라,네일아트,인현지하도상가,일반지하상점가,인천광역시,,,
239ad65b970bdce921c9,full_annotation_v1,A,q_네일_03,네일아트,뷰티·미용 중 '네일'을 판매·제공하는 매장,train,네일,T2 동의어,03f86e5a-e674-4d9e-ab1f-6c68bcd18e6e,네일랩운정,네일아트,운정역 중심상가 골목형상점가,골목형상점가,경기도,,,
f4c481d1f1793dba9349,full_annotation_v1,A,q_네일_03,네일아트,뷰티·미용 중 '네일'을 판매·제공하는 매장,train,네일,T2 동의어,fbee40ba-780a-4abe-a8d4-d8d034198364,예쁜손,네일아트,오룡행복 골목형상점가,골목형상점가,전라남도,,,
9988b496435a818fbb86,full_annotation_v1,A,q_네일_03,네일아트,뷰티·미용 중 '네일'을 판매·제공하는 매장,train,네일,T2 동의어,3d3ab51c-d5ea-46ce-9cfe-f90f5fcb9c16,네일문,네일아트,원주미로예술중앙시장(원주중앙시장),전통시장,강원특별자치도,,,
2008ad53850b80f7a319,full_annotation_v1,A,q_네일_03,네일아트,뷰티·미용 중 '네일'을 판매·제공하는 매장,train,네일,T2 동의어,2a9c23e1-246a-4ed8-9dbf-c76ac0595c5a,도도,네일아트,아름동상점가,자율상권구역,세종특별자치시,,,
808e6bf6ffa215ac7634,full_annotation_v1,A,q_네일_03,네일아트,뷰티·미용 중 '네일'을 판매·제공하는 매장,train,네일,T2 동의어,4cffe4bb-b60c-4c5f-9c1c-9fe8ea2ae3d5,마녀손톱,네일아트,둔산3동상점가,자율상권구역,대전광역시,,,
3c3f935aa2812b541c3d,full_annotation_v1,A,q_네일_03,네일아트,뷰티·미용 중 '네일'을 판매·제공하는 매장,train,네일,T2 동의어,c977f5eb-a010-4738-bf79-3644fb719ab7,히리티룸,네일아트,도담동 골목형상점가,골목형상점가,세종특별자치시,,,
0a24a1654584a03d0f00,full_annotation_v1,A,q_네일_03,네일아트,뷰티·미용 중 '네일'을 판매·제공하는 매장,train,네일,T2 동의어,779f781c-21fe-43f3-9628-b35a1fb18ef4,무니톱톱,네일아트,화산로 골목형상점가,골목형상점가,광주광역시,,,
e36cb31b33ebec818cb6,full_annotation_v1,A,q_네일_03,네일아트,뷰티·미용 중 '네일'을 판매·제공하는 매장,train,네일,T2 동의어,4b39fd40-1dd1-4296-96da-ec41294b16cf,스타네일,네일아트,칠성로상점가,자율상권구역,제주특별자치도,,,
034c1cb095e2ef9f84bb,full_annotation_v1,A,q_네일_03,네일아트,뷰티·미용 중 '네일'을 판매·제공하는 매장,train,네일,T2 동의어,e90776b1-f3b0-4b6f-8e16-345a1c9df9b4,나나네일,네일아트,마북 골목형상점가,골목형상점가,경기도,,,
97bf105d3b9b5af20adc,full_annotation_v1,A,q_네일_03,네일아트,뷰티·미용 중 '네일'을 판매·제공하는 매장,train,네일,T2 동의어,289e5a7f-3726-4bdb-a44d-84e3b79a5a3e,오늘해네일,네일아트,명지 누리 골목형상점가,골목형상점가,전라남도,,,
4c814955eb9fbf261766,full_annotation_v1,A,q_네일_03,네일아트,뷰티·미용 중 '네일'을 판매·제공하는 매장,train,네일,T2 동의어,2df83262-4c75-4636-be21-f5099090e8a0,예쁜손,네일아트,안성명동거리 골목형상점가,골목형상점가,경기도,,,
ada6b865f23f74413dda,full_annotation_v1,A,q_네일_03,네일아트,뷰티·미용 중 '네일'을 판매·제공하는 매장,train,네일,T2 동의어,05b77861-16d7-4c19-9479-80fc7279d3b1,유노이아,네일아트,신포시장,전통시장,인천광역시,,,
a751e29b7940f46ab3b3,full_annotation_v1,A,q_네일_03,네일아트,뷰티·미용 중 '네일'을 판매·제공하는 매장,train,네일,T2 동의어,1efb95bf-1ca2-4f76-b499-960d77191959,리쁨,네일아트,전남대후문골목형상점가,골목형상점가,광주광역시,,,
af939d8548e5d1e1b23c,full_annotation_v1,A,q_네일_03,네일아트,뷰티·미용 중 '네일'을 판매·제공하는 매장,train,네일,T2 동의어,39f9b597-8200-4df5-adc4-42638fb5d704,휴담.결,,매탄골목상인회 골목형상점가,골목형상점가,경기도,,,
ca02e29682083fb28f99,full_annotation_v1,A,q_네일_03,네일아트,뷰티·미용 중 '네일'을 판매·제공하는 매장,train,네일,T2 동의어,5b903b05-98b7-4995-8af0-7d072107ed1a,핑크,네일아트,계수마을상인회 골목형상점가,골목형상점가,광주광역시,,,
e09a9816e7d22542177f,full_annotation_v1,A,q_네일_03,네일아트,뷰티·미용 중 '네일'을 판매·제공하는 매장,train,네일,T2 동의어,9c12b347-acb1-41ba-b317-288da081f7f7,골목네일,네일아트,민락2지구골목형상점가,골목형상점가,경기도,,,
65a9b98965fb7a93724e,full_annotation_v1,A,q_네일_03,네일아트,뷰티·미용 중 '네일'을 판매·제공하는 매장,train,네일,T2 동의어,f9f90649-f87f-439f-8a81-695f187b88ca,별샵,네일아트,유안초등북길 골목형상점가,골목형상점가,광주광역시,,,
2578692b3620e303bb27,full_annotation_v1,A,q_네일_03,네일아트,뷰티·미용 중 '네일'을 판매·제공하는 매장,train,네일,T2 동의어,160fd7ef-51d8-4e29-925e-6b51627760a8,네일디프,네일아트,나주혁신도시 상가번영회,자율상권구역,전라남도,,,
0dbae755ad2b29efdc66,full_annotation_v1,A,q_네일_03,네일아트,뷰티·미용 중 '네일'을 판매·제공하는 매장,train,네일,T2 동의어,8f6db123-e824-4d6d-8486-d6844eab54f9,뷰티퀸,네일아트,전곡중앙상가 골목형상점가,골목형상점가,경기도,,,
f5234664971853c2a158,full_annotation_v1,A,q_네일_03,네일아트,뷰티·미용 중 '네일'을 판매·제공하는 매장,train,네일,T2 동의어,118be106-b3ea-4c87-85cd-465abef39fe6,손톱깎이,손톱손질,고운마음 골목형상점가,골목형상점가,세종특별자치시,,,
10e533e0fb12c4725b0e,full_annotation_v1,A,q_네일_03,네일아트,뷰티·미용 중 '네일'을 판매·제공하는 매장,train,네일,T2 동의어,00700b8c-3670-4520-bcf5-98c36ed9320b,꽃길네일,네일,무꽃등 골목형상점가,골목형상점가,광주광역시,,,
e28e7c92090950e3d990,full_annotation_v1,A,q_네일_03,네일아트,뷰티·미용 중 '네일'을 판매·제공하는 매장,train,네일,T2 동의어,58b7def4-14a0-4d5f-bce0-610f8eab3987,늘솜네일,네일아트,신사세로수길골목형상점가,골목형상점가,서울특별시,,,
a9ebb351e8303254d919,full_annotation_v1,A,q_네일_03,네일아트,뷰티·미용 중 '네일'을 판매·제공하는 매장,train,네일,T2 동의어,6bbdd3d3-db98-442a-92d2-ca7c7238c65e,네일트리,네일아트,빛가람 호수로 골목형상점가,골목형상점가,전라남도,,,
e03309d02c5d5888c75f,full_annotation_v1,A,q_네일_03,네일아트,뷰티·미용 중 '네일'을 판매·제공하는 매장,train,네일,T2 동의어,a2850d2f-68ba-43ec-998c-7370f9a16c3e,네일정원,네일아트,빛가람 하나로 골목형상점가,골목형상점가,전라남도,,,
d6922b850edc72e6a789,full_annotation_v1,A,q_네일_03,네일아트,뷰티·미용 중 '네일'을 판매·제공하는 매장,train,네일,T2 동의어,92675fa9-0cea-4f39-a7a4-79a4d10577dc,네일잇,네일아트,송도 타임스페이스 골목형상점가,골목형상점가,인천광역시,,,
7751db599b6780609eb8,full_annotation_v1,A,q_네일_03,네일아트,뷰티·미용 중 '네일'을 판매·제공하는 매장,train,네일,T2 동의어,116ad352-49a8-48e6-b767-2f01c2140742,에일린네일,네일아트,삼척중앙시장,전통시장,강원특별자치도,,,
0dfcb673ad189e27e4b9,full_annotation_v1,A,q_네일_03,네일아트,뷰티·미용 중 '네일'을 판매·제공하는 매장,train,네일,T2 동의어,00d5be47-44d0-4e0b-aba0-74427ee58602,소유뷰티,네일,산본로데오거리(구 산본중심상가),자율상권구역,경기도,,,
f1e1191bcd7b8edb2599,full_annotation_v1,A,q_네일_03,네일아트,뷰티·미용 중 '네일'을 판매·제공하는 매장,train,네일,T2 동의어,a737cac8-5751-4e43-bbd7-34980af877b4,네일또와,네일아트,아름다운별장거리골목형상점가,골목형상점가,서울특별시,,,
fe0b34935adf51057028,full_annotation_v1,A,q_네일_03,네일아트,뷰티·미용 중 '네일'을 판매·제공하는 매장,train,네일,T2 동의어,a0b8c3af-2a26-4836-b6d1-aa2842846017,티히네일,네일아트,산울동 골목형상점가,골목형상점가,세종특별자치시,,,
9c65ce9eba351a7dc12f,full_annotation_v1,A,q_네일_03,네일아트,뷰티·미용 중 '네일'을 판매·제공하는 매장,train,네일,T2 동의어,8d2e7058-6387-4492-ae62-195ed8286108,푸리네일,네일아트,말죽거리골목형상점가,골목형상점가,서울특별시,,,
9d0230fe5a8bc08d5d32,full_annotation_v1,A,q_네일_03,네일아트,뷰티·미용 중 '네일'을 판매·제공하는 매장,train,네일,T2 동의어,e08b774a-c521-42d7-a733-fdfd53b1c8e9,러블리,네일아트,시장로타리지하상가,일반지하상점가,인천광역시,,,
3795b62b0cb6c6104acf,full_annotation_v1,A,q_네일_03,네일아트,뷰티·미용 중 '네일'을 판매·제공하는 매장,train,네일,T2 동의어,25587a55-06af-4d13-83bc-4a4d92ad7070,백설떡방앗간,참기름떡깨,밀양 수산시장,전통시장,경상남도,,,
32024006db9f724428dd,full_annotation_v1,A,q_네일_03,네일아트,뷰티·미용 중 '네일'을 판매·제공하는 매장,train,네일,T2 동의어,31d17f41-a907-4206-97e1-e1fd9bc1baac,오와네일,네일아트,모란종합시장,전통시장,경기도,,,
7aa66bf5580a0b376bd2,full_annotation_v1,A,q_네일_03,네일아트,뷰티·미용 중 '네일'을 판매·제공하는 매장,train,네일,T2 동의어,58a1d87c-920d-4e79-81ba-9834f6f66c2c,수네일,네일아트,오월첫동네 골목형상점가,골목형상점가,광주광역시,,,
ef5e4472937577939357,full_annotation_v1,A,q_네일_03,네일아트,뷰티·미용 중 '네일'을 판매·제공하는 매장,train,네일,T2 동의어,8f53c200-095c-4674-be92-07f1ad6bcfcb,핑크네일,네일아트,진해 군항상권활성화구역,상권활성화구역,경상남도,,,
8bbe1b6dbe8207042880,full_annotation_v1,A,q_네일_03,네일아트,뷰티·미용 중 '네일'을 판매·제공하는 매장,train,네일,T2 동의어,8c0ed015-c09d-468b-8169-8ab30a5d38fb,윤쁨,네일아트,나주 예가람,골목형상점가,전라남도,,,
5df7170707962801640f,full_annotation_v1,A,q_네일_03,네일아트,뷰티·미용 중 '네일'을 판매·제공하는 매장,train,네일,T2 동의어,07ee06d1-02e5-4b0c-8c82-f299b07e233d,용마횟집,한식,마산어시장,전통시장,경상남도,,,
1168114142c80dcd7296,full_annotation_v1,A,q_네일_03,네일아트,뷰티·미용 중 '네일'을 판매·제공하는 매장,train,네일,T2 동의어,3e760831-9541-4df7-8bdd-ce378ebc2452,뮤네일,네일아트,춘천 원도심 상권활성화,상권활성화구역,강원특별자치도,,,
a24f7c32675630a832d8,full_annotation_v1,A,q_네일_03,네일아트,뷰티·미용 중 '네일'을 판매·제공하는 매장,train,네일,T2 동의어,077c1623-1f46-4ff8-8157-733c383a1ce1,김진용이비인후과,병원,어은누리 골목형상점가,골목형상점가,대전광역시,,,
2e064d52918c52b67f5f,full_annotation_v1,A,q_네일_03,네일아트,뷰티·미용 중 '네일'을 판매·제공하는 매장,train,네일,T2 동의어,4623a72d-49b2-46a6-9c7d-62ab810ed089,꽃손작업실,네일아트,양산 덕계종합상설시장,전통시장,경상남도,,,
6ba3d893525969db45d8,full_annotation_v1,A,q_네일_03,네일아트,뷰티·미용 중 '네일'을 판매·제공하는 매장,train,네일,T2 동의어,eeb4698d-1d7b-4028-8de6-688a135cd2b2,성동식당,,구의역 가람길 골목형상점가,골목형상점가,서울특별시,,,
464dc1eb2f1aa0cec8bd,full_annotation_v1,A,q_네일_03,네일아트,뷰티·미용 중 '네일'을 판매·제공하는 매장,train,네일,T2 동의어,68c40973-2809-4e7b-89dc-5c117bf5fef2,더진주,네일아트,한빛프라자 골목형상점가,골목형상점가,대전광역시,,,
0423f428743df7a2e310,full_annotation_v1,A,q_네일_03,네일아트,뷰티·미용 중 '네일'을 판매·제공하는 매장,train,네일,T2 동의어,0f78b3ab-efbe-4f64-b57f-598322b08fe4,네일홀릭,네일아트,학운 골목형상점가,골목형상점가,광주광역시,,,
7973255d1679afae6944,full_annotation_v1,A,q_네일_03,네일아트,뷰티·미용 중 '네일'을 판매·제공하는 매장,train,네일,T2 동의어,e0054930-9ff3-49dd-9cda-c6bfe0678a7f,마녀손톱,네일아트,창원 성원그랜드쇼핑상가,전통시장,경상남도,,,
b1057f2e30929081bff3,full_annotation_v1,A,q_네일_03,네일아트,뷰티·미용 중 '네일'을 판매·제공하는 매장,train,네일,T2 동의어,bd15cff2-c5e3-4f75-b2fe-4187942947e9,까망아트,네일아트,중앙로 지하상가 상점가,일반지하상점가,대전광역시,,,
d5961eeae9819a2af1e9,full_annotation_v1,A,q_네일_03,네일아트,뷰티·미용 중 '네일'을 판매·제공하는 매장,train,네일,T2 동의어,957a13b1-fda7-41a9-839f-4cf8a9d5eec4,S2네일,네일아트,법원 앞 사과마을 골목형상점가,골목형상점가,광주광역시,,,
0038846377b3855e4e39,full_annotation_v1,A,q_네일_03,네일아트,뷰티·미용 중 '네일'을 판매·제공하는 매장,train,네일,T2 동의어,49c7e7f5-c27b-4fcb-96e3-592b0fc974ac,춘천댁네일,네일아트,춘천 원도심 상권활성화,상권활성화구역,강원특별자치도,,,
655858a3b046315a931d,full_annotation_v1,A,q_네일_03,네일아트,뷰티·미용 중 '네일'을 판매·제공하는 매장,train,네일,T2 동의어,26f62059-a4bc-464f-acf1-81076e54be16,자두,네일아트,용봉지구 골목형상점가,골목형상점가,광주광역시,,,
884a4559e838478444b4,full_annotation_v1,A,q_네일_03,네일아트,뷰티·미용 중 '네일'을 판매·제공하는 매장,train,네일,T2 동의어,7c10033e-08d4-4f97-be1a-5f58c657a178,고와네일,네일아트,임방울대로 골목형상점가,골목형상점가,광주광역시,,,
d737a87d181d17d45ff8,full_annotation_v1,A,q_네일_03,네일아트,뷰티·미용 중 '네일'을 판매·제공하는 매장,train,네일,T2 동의어,233a9d04-d1ab-4f29-a086-ff13c2894d7c,러블리,네일아트,산본로데오거리(구 산본중심상가),자율상권구역,경기도,,,
ffcabb7a89e6d4f4f458,full_annotation_v1,A,q_네일_03,네일아트,뷰티·미용 중 '네일'을 판매·제공하는 매장,train,네일,T2 동의어,2a28f7e2-b3e4-4df7-98a6-74823fd6debd,스텔라,네일아트,의정부역지하상가,일반지하상점가,경기도,,,
65ac5e55a5dd1da2088d,full_annotation_v1,A,q_네일_03,네일아트,뷰티·미용 중 '네일'을 판매·제공하는 매장,train,네일,T2 동의어,00b43268-5724-4c00-8433-812811783452,비비드샵,네일,반드레길골목형상점가,골목형상점가,서울특별시,,,
bbb4fffbda6d7ed76f2b,full_annotation_v1,A,q_네일_03,네일아트,뷰티·미용 중 '네일'을 판매·제공하는 매장,train,네일,T2 동의어,129495a6-a0c7-41d2-9322-d5c3484aa1a9,나비네일,"손톱미용, 피부미용",마산 오동동상인연합상가,자율상권구역,경상남도,,,
6f460c03ec27e4ae0f35,full_annotation_v1,A,q_네일_03,네일아트,뷰티·미용 중 '네일'을 판매·제공하는 매장,train,네일,T2 동의어,20f2147e-cf9e-422b-86d6-c6c9e7f5dd77,제젤 네일아트,네일,용문 골목형상점가,골목형상점가,제주특별자치도,,,
26d37c4f5120364e6538,full_annotation_v1,A,q_네일_03,네일아트,뷰티·미용 중 '네일'을 판매·제공하는 매장,train,네일,T2 동의어,0a55f6ec-5999-4d98-a05b-63924b46e55a,더스타일,네일아트,풍향골 골목형상점가,골목형상점가,광주광역시,,,
dea2ad88e6b8b212e50d,full_annotation_v1,A,q_네일_03,네일아트,뷰티·미용 중 '네일'을 판매·제공하는 매장,train,네일,T2 동의어,949f6fff-40c8-4762-aedd-7ad8840c46fd,네일스토리,네일아트,경주중심상가,전통시장,경상북도,,,
dad113e0a36629493143,full_annotation_v1,A,q_네일_03,네일아트,뷰티·미용 중 '네일'을 판매·제공하는 매장,train,네일,T2 동의어,00fb9ee1-65d6-4d91-8728-ddc945df6db7,네일정원,네일,용해동 포미타운 골목형상점가,골목형상점가,전라남도,,,
d2a3b6fc3725c4c82361,full_annotation_v1,A,q_네일_03,네일아트,뷰티·미용 중 '네일'을 판매·제공하는 매장,train,네일,T2 동의어,5c943127-0ef7-4887-8253-872c5f000602,네일픽,네일아트,청주시 소나무길 일원 자율상권구역,상권활성화구역,충청북도,,,
691f79565e62561cbabd,full_annotation_v1,A,q_네일_03,네일아트,뷰티·미용 중 '네일'을 판매·제공하는 매장,train,네일,T2 동의어,d0b45c26-c692-4f3e-8f27-25dae96a791e,썬네일,네일아트,㈜르네시떼,전통시장,부산광역시,,,
4a8ef5c7afe0764e81b2,full_annotation_v1,A,q_네일_03,네일아트,뷰티·미용 중 '네일'을 판매·제공하는 매장,train,네일,T2 동의어,d6237cb8-a7c5-4f59-ab7b-5e5858110006,샤샤네일,네일아트,창원 성원그랜드쇼핑상가,전통시장,경상남도,,,
cdc47b060740dce2960a,full_annotation_v1,A,q_네일_03,네일아트,뷰티·미용 중 '네일'을 판매·제공하는 매장,train,네일,T2 동의어,49779622-4c80-40dd-b41f-89887eae689a,체인지 라이프,"주방용품, 잡화, 농수산물, 기타가공식품",전주중앙상가시장,전통시장,전북특별자치도,,,
b759cfec904fc5aac04c,full_annotation_v1,A,q_네일_03,네일아트,뷰티·미용 중 '네일'을 판매·제공하는 매장,train,네일,T2 동의어,62c4e1a7-96f1-4a64-87eb-20ab5811bdcf,네일희희점,네일아트,나주혁신도시 골목형상점가,골목형상점가,전라남도,,,
92efd12a58d507f471c0,full_annotation_v1,A,q_네일_03,네일아트,뷰티·미용 중 '네일'을 판매·제공하는 매장,train,네일,T2 동의어,3cecd9e2-bf0d-434e-b4cf-e590d2383329,(熙)희네일,네일아트,진부전통시장,전통시장,강원특별자치도,,,
904ffb2a4ff0d987cd74,full_annotation_v1,A,q_네일_03,네일아트,뷰티·미용 중 '네일'을 판매·제공하는 매장,train,네일,T2 동의어,e5e30885-1b1b-4621-8666-e9c769bff554,네일온,네일아트,전주혁신사랑 골목형상점가,골목형상점가,전북특별자치도,,,
83709ca35d9efd63ef26,full_annotation_v1,A,q_네일_03,네일아트,뷰티·미용 중 '네일'을 판매·제공하는 매장,train,네일,T2 동의어,a56323c7-ec18-4fb5-9c26-8e4d230e48e5,정성반찬,반찬,사직시장,전통시장,부산광역시,,,
468f62a527f2f6acb374,full_annotation_v1,A,q_네일_03,네일아트,뷰티·미용 중 '네일'을 판매·제공하는 매장,train,네일,T2 동의어,19c5ecca-cd8d-46a4-981a-bf81e4124090,수네일,네일아트,상도전통시장,전통시장,서울특별시,,,
29baf3d5d4e1bc603fd2,full_annotation_v1,A,q_네일_03,네일아트,뷰티·미용 중 '네일'을 판매·제공하는 매장,train,네일,T2 동의어,f1e081c4-49e8-4a12-a79b-f6cf4739539a,민들레손톱가게,네일아트,동성타워프라자,전통시장,서울특별시,,,
c381313aa07513fdc7d7,full_annotation_v1,A,q_네일_03,네일아트,뷰티·미용 중 '네일'을 판매·제공하는 매장,train,네일,T2 동의어,b1622758-989d-45be-bd1d-ac83bd5d14af,러블리,네일아트,중앙로 지하상가 상점가,일반지하상점가,대전광역시,,,
f850975e63969adc82bf,full_annotation_v1,A,q_네일_03,네일아트,뷰티·미용 중 '네일'을 판매·제공하는 매장,train,네일,T2 동의어,641ebd0b-d341-4904-8d4e-1f5485efc92a,더블리,네일아트,의정부역지하상가,일반지하상점가,경기도,,,
01672da7d338aa23105d,full_annotation_v1,A,q_네일_03,네일아트,뷰티·미용 중 '네일'을 판매·제공하는 매장,train,네일,T2 동의어,f4baf839-a137-4e84-bb89-a11d1bc9a58c,엘리미용재료상(네일아트),"미용재료, 네일아트",신안프라자전통시장,전통시장,경기도,,,
2e16814690a8aae5e29c,full_annotation_v1,A,q_네일_03,네일아트,뷰티·미용 중 '네일'을 판매·제공하는 매장,train,네일,T2 동의어,d3fd3cca-0c7e-42d9-93c2-0857fd3722c8,러브온팁,네일아트,평촌1번가 상점가,자율상권구역,경기도,,,
1c956ea0862d161aa678,full_annotation_v1,A,q_네일_03,네일아트,뷰티·미용 중 '네일'을 판매·제공하는 매장,train,네일,T2 동의어,15e9b343-cce7-4e06-9982-cc8fef8153ec,네일,네일아트,주안역지하도상점가,일반지하상점가,인천광역시,,,
aad9eeaed784d837481f,full_annotation_v1,A,q_네일_03,네일아트,뷰티·미용 중 '네일'을 판매·제공하는 매장,train,네일,T2 동의어,f30b6505-27eb-4104-8b19-98c5c2b10544,더나은네일,네일아트,민락2지구골목형상점가,골목형상점가,경기도,,,
350082610b3f7f5dd885,full_annotation_v1,A,q_네일_03,네일아트,뷰티·미용 중 '네일'을 판매·제공하는 매장,train,네일,T2 동의어,ea7d0411-5240-4fd0-ad9b-51d78707649b,그레이스,네일아트,안양1번가 상점가,자율상권구역,경기도,,,
d0c4d2bfe8292d841151,full_annotation_v1,A,q_네일_03,네일아트,뷰티·미용 중 '네일'을 판매·제공하는 매장,train,네일,T2 동의어,5f153eb6-9fbf-47ef-af89-d16e20f34595,(주)암사럭키유통,슈퍼(마트),암사종합시장,전통시장,서울특별시,,,
42dce5b63c66f0b08f7f,full_annotation_v1,A,q_네일_03,네일아트,뷰티·미용 중 '네일'을 판매·제공하는 매장,train,네일,T2 동의어,dcdfaa2d-43b1-4e99-9734-f34689532edc,우무네일,네일아트,제니스 골목형상점가,골목형상점가,광주광역시,,,
7c62955b0a8e711fb1f8,full_annotation_v1,A,q_네일_03,네일아트,뷰티·미용 중 '네일'을 판매·제공하는 매장,train,네일,T2 동의어,05baba8d-0e0e-493a-b5cf-4926da9f70f8,스위트피네일,네일아트,칠성로상점가,자율상권구역,제주특별자치도,,,
d4e397cae44ed2fcda8e,full_annotation_v1,A,q_네일_03,네일아트,뷰티·미용 중 '네일'을 판매·제공하는 매장,train,네일,T2 동의어,ab84ed46-df48-46b9-b205-ee1791df3579,나봄네일,네일아트,광복마을3-4길 골목형상점가,골목형상점가,광주광역시,,,
1286dc5b8e435ef4d476,full_annotation_v1,A,q_네일_03,네일아트,뷰티·미용 중 '네일'을 판매·제공하는 매장,train,네일,T2 동의어,2b4454b7-7267-4b79-8957-7c550776fa8e,탱네일,네일아트,운정역 중심상가 골목형상점가,골목형상점가,경기도,,,
3a65387592212fae8907,full_annotation_v1,A,q_네일_03,네일아트,뷰티·미용 중 '네일'을 판매·제공하는 매장,train,네일,T2 동의어,cfc84c5f-4788-4224-86fd-8a3858838dcc,온채네일,네일아트,연제초 앞 골목형상점가,골목형상점가,광주광역시,,,
e31f667bdd007db78564,full_annotation_v1,A,q_네일_03,네일아트,뷰티·미용 중 '네일'을 판매·제공하는 매장,train,네일,T2 동의어,c04d7756-4861-4b9a-88fd-ed9010afb04a,대웅식육,식육,구포축산물도매시장,전통시장,부산광역시,,,
db0d3a7ebb85242e05a8,full_annotation_v1,A,q_네일_04,손톱,뷰티·미용 중 '네일'을 판매·제공하는 매장,train,네일,T2 동의어,e0054930-9ff3-49dd-9cda-c6bfe0678a7f,마녀손톱,네일아트,창원 성원그랜드쇼핑상가,전통시장,경상남도,,,
7f4699bb4711810b65de,full_annotation_v1,A,q_네일_04,손톱,뷰티·미용 중 '네일'을 판매·제공하는 매장,train,네일,T2 동의어,b366bcdc-6db1-46b3-a4f8-141be4f4d95b,바람난손톱,네일피부속눈썾,빛가람 중흥 골목형상점가,골목형상점가,전라남도,,,
951e71582f11293a21be,full_annotation_v1,A,q_네일_04,손톱,뷰티·미용 중 '네일'을 판매·제공하는 매장,train,네일,T2 동의어,b6909e32-55c5-4028-89d7-3e55c7705183,어울림,의류,전주중앙상가시장,전통시장,전북특별자치도,,,
612fbf8e8be087bd8ad4,full_annotation_v1,A,q_네일_04,손톱,뷰티·미용 중 '네일'을 판매·제공하는 매장,train,네일,T2 동의어,6eeeafea-aa7f-4260-af4c-9e06b23066eb,도현네일,미용 손톱관리,부리단길 골목형상점가,골목형상점가,부산광역시,,,
e91bdd4bce1405996d22,full_annotation_v1,A,q_네일_04,손톱,뷰티·미용 중 '네일'을 판매·제공하는 매장,train,네일,T2 동의어,f91323a8-ed92-4ece-85d8-71d4d408a433,예쁜손톱,네일,세은 골목형상점가,골목형상점가,광주광역시,,,
0ea88683c6093064556d,full_annotation_v1,A,q_네일_04,손톱,뷰티·미용 중 '네일'을 판매·제공하는 매장,train,네일,T2 동의어,4cffe4bb-b60c-4c5f-9c1c-9fe8ea2ae3d5,마녀손톱,네일아트,둔산3동상점가,자율상권구역,대전광역시,,,
570bb4aa858ce673cd04,full_annotation_v1,A,q_네일_04,손톱,뷰티·미용 중 '네일'을 판매·제공하는 매장,train,네일,T2 동의어,f316fbf7-589e-4e03-adc0-3687950303da,손노리,손톱,문흥라인아파트 골목형상점가,골목형상점가,광주광역시,,,
523e53c1228e8f8ee216,full_annotation_v1,A,q_네일_04,손톱,뷰티·미용 중 '네일'을 판매·제공하는 매장,train,네일,T2 동의어,a8a219d3-b78e-4a35-8ae1-9fe59e9e21c4,여우손톱,네일아트,천천중심상가 골목형상점가,골목형상점가,경기도,,,
9c4cac95249c4c5b695c,full_annotation_v1,A,q_네일_04,손톱,뷰티·미용 중 '네일'을 판매·제공하는 매장,train,네일,T2 동의어,5d0903f5-1862-447c-9fcf-2321fbfc0408,피크닉,"미용업(손톱, 발톱) 서비스",부평대아지하상점가,일반지하상점가,인천광역시,,,
6eba10206e6ad21e0c67,full_annotation_v1,A,q_네일_04,손톱,뷰티·미용 중 '네일'을 판매·제공하는 매장,train,네일,T2 동의어,d5ad3e3a-55fa-4ce5-8a53-b70cca409b1a,손톱양 발톱군,화장품 네일,신포지하상가,일반지하상점가,인천광역시,,,
84f45b18381d9461efa4,full_annotation_v1,A,q_네일_04,손톱,뷰티·미용 중 '네일'을 판매·제공하는 매장,train,네일,T2 동의어,cb4c02d9-831d-48a2-b301-94d24f11f1b7,서울상회(벨라월드),속눈썹 손톱깎이,남대문시장,전통시장,서울특별시,,,
77dd837d66bf27037a16,full_annotation_v1,A,q_네일_04,손톱,뷰티·미용 중 '네일'을 판매·제공하는 매장,train,네일,T2 동의어,a76d5bb6-6249-4bdb-9801-30b732aa7075,손톱마녀,네일샵,회현 지하쇼핑센터,일반지하상점가,서울특별시,,,
8643691790d6ff88b072,full_annotation_v1,A,q_네일_04,손톱,뷰티·미용 중 '네일'을 판매·제공하는 매장,train,네일,T2 동의어,602f7d04-e910-406e-84d2-5a6e7d406262,요거트월드 여주오학점,요거트 아이스크림 커피,오학동상점가,자율상권구역,경기도,,,
306c98395b28182a3697,full_annotation_v1,A,q_네일_04,손톱,뷰티·미용 중 '네일'을 판매·제공하는 매장,train,네일,T2 동의어,41de9718-c9e4-4e7a-9bcd-3fbf344cab61,고귀한 고깃간,정육점 소매업,광복마을5길 골목형상점가,골목형상점가,광주광역시,,,
fba0f2cbbcf4121388c9,full_annotation_v1,A,q_네일_04,손톱,뷰티·미용 중 '네일'을 판매·제공하는 매장,train,네일,T2 동의어,81a86fc2-6fca-4820-b0b4-77df1c636435,네일쏭,손톱,두암2동광신맨션주변 골목형상점가,골목형상점가,광주광역시,,,
8de8e2831e6659e72234,full_annotation_v1,A,q_네일_04,손톱,뷰티·미용 중 '네일'을 판매·제공하는 매장,train,네일,T2 동의어,614273d4-66a4-47fc-bd50-5418606a8a25,팔경마늘통닭,음식,단양구경시장(단양인정시장),전통시장,충청북도,,,
2b26dc39602f5ff8aa7c,full_annotation_v1,A,q_네일_04,손톱,뷰티·미용 중 '네일'을 판매·제공하는 매장,train,네일,T2 동의어,9503ca5b-d318-475d-84a2-85e7f5d93d98,예쁜손톱,네일,양산 덕계종합상설시장,전통시장,경상남도,,,
43399b9f1bde554ca2e8,full_annotation_v1,A,q_네일_04,손톱,뷰티·미용 중 '네일'을 판매·제공하는 매장,train,네일,T2 동의어,74194820-791e-42ac-ac44-606720c2314a,손톱가꾸는집,네일,북항사랑 골목형상점가,골목형상점가,전라남도,,,
a0f41a4e164c19f73236,full_annotation_v1,A,q_네일_04,손톱,뷰티·미용 중 '네일'을 판매·제공하는 매장,train,네일,T2 동의어,9981d8a8-fa07-4320-bb67-a22d20d99a14,풀꽃네일,"미용업(손톱, 발톱)",대우유토피아,골목형상점가,경상남도,,,
ac191f984ab30b7348f8,full_annotation_v1,A,q_네일_04,손톱,뷰티·미용 중 '네일'을 판매·제공하는 매장,train,네일,T2 동의어,66290dbf-5f94-4379-b6b2-f31d23f1a7d9,손톱깎이,미용,현대센트럴스퀘어,골목형상점가,경기도,,,
9dc8ce1a09ec8e1dd9f7,full_annotation_v1,A,q_네일_04,손톱,뷰티·미용 중 '네일'을 판매·제공하는 매장,train,네일,T2 동의어,9b5dfee4-8367-4c1a-9612-6c925edbc942,네일온,네일,오치 설죽로 골목형상점가,골목형상점가,광주광역시,,,
0bde1bf344feb97bb002,full_annotation_v1,A,q_네일_04,손톱,뷰티·미용 중 '네일'을 판매·제공하는 매장,train,네일,T2 동의어,af9adb09-c23a-4670-afe6-5bd85507dc98,어바웃,손톱관리,신아타운,전통시장,서울특별시,,,
98bcfb803f17ebdaf2e2,full_annotation_v1,A,q_네일_04,손톱,뷰티·미용 중 '네일'을 판매·제공하는 매장,train,네일,T2 동의어,81a61dc7-9ca1-4f2b-82f8-4810e9e51bc6,네일건,손톱관리,신창진흥 골목형상점가,골목형상점가,광주광역시,,,
a9278efaeffbe318327a,full_annotation_v1,A,q_네일_04,손톱,뷰티·미용 중 '네일'을 판매·제공하는 매장,train,네일,T2 동의어,b8d70936-4bd6-4e7f-8088-215ae55ebc99,손톱공주,네일아트,상주중앙시장,전통시장,경상북도,,,
de1a22ba2c1b47051746,full_annotation_v1,A,q_네일_04,손톱,뷰티·미용 중 '네일'을 판매·제공하는 매장,train,네일,T2 동의어,007fee80-11ba-4073-92f1-c67de14eebd2,네일미유,네일아트,반곡동 골목형상점가,골목형상점가,세종특별자치시,,,
aa6030e885e053f182a6,full_annotation_v1,A,q_네일_04,손톱,뷰티·미용 중 '네일'을 판매·제공하는 매장,train,네일,T2 동의어,557f195f-1605-4eb7-b0a8-5bdf0186bef8,네일방앗간,미용업 손톱 발톱 화장 분장,평화동모악로 골목형상점가,골목형상점가,전북특별자치도,,,
9c4103e155c488a171ea,full_annotation_v1,A,q_네일_04,손톱,뷰티·미용 중 '네일'을 판매·제공하는 매장,train,네일,T2 동의어,2b465c41-38fa-435e-802d-54f08c96e538,문산골한우,한우,문우초 골목형상점가,골목형상점가,광주광역시,,,
afb942074350e69623eb,full_annotation_v1,A,q_네일_04,손톱,뷰티·미용 중 '네일'을 판매·제공하는 매장,train,네일,T2 동의어,00700b8c-3670-4520-bcf5-98c36ed9320b,꽃길네일,네일,무꽃등 골목형상점가,골목형상점가,광주광역시,,,
5a61cce4651040d9cce5,full_annotation_v1,A,q_네일_04,손톱,뷰티·미용 중 '네일'을 판매·제공하는 매장,train,네일,T2 동의어,0c8dfb55-e557-489d-83f3-dc41dea9799e,쳬리손톱,네일아트,풍암1로상인회 골목형상점가,골목형상점가,광주광역시,,,
5896d74642e44157d470,full_annotation_v1,A,q_네일_04,손톱,뷰티·미용 중 '네일'을 판매·제공하는 매장,train,네일,T2 동의어,2199ac5e-9ca5-4646-8151-c6298fdb7819,리나뷰티,미용업손톱발톱피부,천안신부문화거리상점가,자율상권구역,충청남도,,,
e3779c944ef11f47e54c,full_annotation_v1,A,q_네일_04,손톱,뷰티·미용 중 '네일'을 판매·제공하는 매장,train,네일,T2 동의어,6bb4086d-a01f-4422-8f54-0d6bc5c6b7c0,아윤네일,"서비스업(미용업(손톱,발톱),메이크업)",성남백현카페문화거리,골목형상점가,경기도,,,
e14614908d06e056447b,full_annotation_v1,A,q_네일_04,손톱,뷰티·미용 중 '네일'을 판매·제공하는 매장,train,네일,T2 동의어,32e790c4-4de4-449d-82f4-10739d3ceb31,베트남쌀롱,쌀국수,서문대로663번길 골목형상점가,골목형상점가,광주광역시,,,
2238823ef6fec5001a85,full_annotation_v1,A,q_네일_04,손톱,뷰티·미용 중 '네일'을 판매·제공하는 매장,train,네일,T2 동의어,e716fed7-219d-4931-9880-89370bf5a6c2,윤씨당,,진주 중앙시장,전통시장,경상남도,,,
1ba1c1b0f21255434927,full_annotation_v1,A,q_네일_04,손톱,뷰티·미용 중 '네일'을 판매·제공하는 매장,train,네일,T2 동의어,129495a6-a0c7-41d2-9322-d5c3484aa1a9,나비네일,"손톱미용, 피부미용",마산 오동동상인연합상가,자율상권구역,경상남도,,,
d114972fca2cfd3a85ab,full_annotation_v1,A,q_네일_04,손톱,뷰티·미용 중 '네일'을 판매·제공하는 매장,train,네일,T2 동의어,088571a3-ff35-4fa3-b555-4751cb15a04f,반달손톱,,무주반딧불상권활성화구역,상권활성화구역,전북특별자치도,,,
143c4bcc28cb4ff44367,full_annotation_v1,A,q_네일_04,손톱,뷰티·미용 중 '네일'을 판매·제공하는 매장,train,네일,T2 동의어,7517ed95-d016-4b84-a111-4cd1f2a7c14c,손톱칠,,매곡신천 골목형상점가,골목형상점가,울산광역시,,,
808f1e3683c50c09eb8d,full_annotation_v1,A,q_네일_04,손톱,뷰티·미용 중 '네일'을 판매·제공하는 매장,train,네일,T2 동의어,a7c8c129-c702-4c20-a729-2bcf043a55c3,네일도봄,"미용(손톱,발톱)",대주먹자골목 골목형상점가,골목형상점가,광주광역시,,,
6e838dd4caf188dcacc5,full_annotation_v1,A,q_네일_04,손톱,뷰티·미용 중 '네일'을 판매·제공하는 매장,train,네일,T2 동의어,493f64b7-3a25-43fe-8581-1ff5f4e5b8d6,화천약국,양약,이수미로골목형상점가,골목형상점가,서울특별시,,,
e0e3f7b68e5ccae46397,full_annotation_v1,A,q_네일_04,손톱,뷰티·미용 중 '네일'을 판매·제공하는 매장,train,네일,T2 동의어,ebd5be01-e65e-4287-9936-a765d63cb125,지에스오산오색점,신선식품 음료등,오산오색시장(구 오산중앙시장),전통시장,경기도,,,
c3c08f7d190bd74c0495,full_annotation_v1,A,q_네일_04,손톱,뷰티·미용 중 '네일'을 판매·제공하는 매장,train,네일,T2 동의어,0a8a8b3b-207e-4c35-960b-cff60656a7ac,감성네일,미용업 손톱발톱,일곡동 골목형상점가,골목형상점가,광주광역시,,,
c28817bc37abebf1f3a7,full_annotation_v1,A,q_네일_04,손톱,뷰티·미용 중 '네일'을 판매·제공하는 매장,train,네일,T2 동의어,00fb9ee1-65d6-4d91-8728-ddc945df6db7,네일정원,네일,용해동 포미타운 골목형상점가,골목형상점가,전라남도,,,
87caef3c79596e5a9d81,full_annotation_v1,A,q_네일_04,손톱,뷰티·미용 중 '네일'을 판매·제공하는 매장,train,네일,T2 동의어,0d6c54cc-deb9-4830-a934-e57ab782802e,팔월의손톱,미용업,직산읍삼은1번가골목형상점가,골목형상점가,충청남도,,,
3e2fd84167a261c1e6de,full_annotation_v1,A,q_네일_04,손톱,뷰티·미용 중 '네일'을 판매·제공하는 매장,train,네일,T2 동의어,58da1b66-2ee7-4c35-ab39-8c2fcebd2e2c,네일유,미용 손톱 발톱,거북바위 골목형상점가,골목형상점가,전북특별자치도,,,
9213e73e2e83e8be5ae5,full_annotation_v1,A,q_네일_04,손톱,뷰티·미용 중 '네일'을 판매·제공하는 매장,train,네일,T2 동의어,d7c4fda0-d0b3-46dd-a3f0-9ff652718eb6,손톱공주,,스펙트럼시티 골목형상점가,골목형상점가,대구광역시,,,
aa1fc69c1da5ffa27638,full_annotation_v1,A,q_네일_04,손톱,뷰티·미용 중 '네일'을 판매·제공하는 매장,train,네일,T2 동의어,00ca9bc4-3130-4534-8b71-b4e2a72c6a8a,네일뉴데이,네일미용업,목대온기 골목형상점가,골목형상점가,대전광역시,,,
1dfc51923b233fa913a0,full_annotation_v1,A,q_네일_04,손톱,뷰티·미용 중 '네일'을 판매·제공하는 매장,train,네일,T2 동의어,835fce9b-af41-40e6-95c9-77ecd405d063,대관령두부마을,두부,부천상동시장,전통시장,경기도,,,
2229aae52ffea7018d4a,full_annotation_v1,A,q_네일_04,손톱,뷰티·미용 중 '네일'을 판매·제공하는 매장,train,네일,T2 동의어,4b1b2d3c-8e42-4df9-b615-62d89b32f750,손톱달,,영산포 골목형상점가,골목형상점가,,,,
d4a5617c4e5d925723b1,full_annotation_v1,A,q_네일_04,손톱,뷰티·미용 중 '네일'을 판매·제공하는 매장,train,네일,T2 동의어,f06ea9b7-6cbb-4260-b37d-b1356a3fbc45,네일라운지,손톱 발톱 피부,삼익사거리 골목형상점가,골목형상점가,광주광역시,,,
e5539a11a3b3102ac43d,full_annotation_v1,A,q_네일_04,손톱,뷰티·미용 중 '네일'을 판매·제공하는 매장,train,네일,T2 동의어,27e4048a-bff5-425f-a30d-bb17047bf285,네일앤아이,손톱 발톱 미용,소촌중앙 골목형상점가,골목형상점가,광주광역시,,,
2d817b14fec603359c0d,full_annotation_v1,A,q_네일_04,손톱,뷰티·미용 중 '네일'을 판매·제공하는 매장,train,네일,T2 동의어,43714f61-97d9-4b6c-9a2e-469aba8457d2,아이존,"안경, 콘택트렌즈",순천연향패션상가,자율상권구역,전라남도,,,
acd342dd166712eeb053,full_annotation_v1,A,q_네일_04,손톱,뷰티·미용 중 '네일'을 판매·제공하는 매장,train,네일,T2 동의어,ea702277-e6bf-4789-9e77-cfa19bd5f9a9,올리비아하슬러,외의의류,김포중앙시장,전통시장,경기도,,,
8297e346834d194bcc24,full_annotation_v1,A,q_네일_04,손톱,뷰티·미용 중 '네일'을 판매·제공하는 매장,train,네일,T2 동의어,fcdce3ed-1a96-4178-bb23-649e62c8117f,프리티네일,손톱발톱정리,평촌1번가 상점가,자율상권구역,경기도,,,
1163f8e113db80759b10,full_annotation_v1,A,q_네일_04,손톱,뷰티·미용 중 '네일'을 판매·제공하는 매장,train,네일,T2 동의어,b086d5e4-9aae-4f01-8b7a-86ea7bb2d4be,엄지공주네일,손톱 발톱,샘골로골목형상점가,골목형상점가,경기도,,,
fb4288c42a03c290a6f9,full_annotation_v1,A,q_네일_04,손톱,뷰티·미용 중 '네일'을 판매·제공하는 매장,train,네일,T2 동의어,479f9637-1af7-469a-8784-520d9f8c0260,손톱작업실,서비스,가락타운상가시장,전통시장,부산광역시,,,
8de163a2cf4a701c5054,full_annotation_v1,A,q_네일_04,손톱,뷰티·미용 중 '네일'을 판매·제공하는 매장,train,네일,T2 동의어,118be106-b3ea-4c87-85cd-465abef39fe6,손톱깎이,손톱손질,고운마음 골목형상점가,골목형상점가,세종특별자치시,,,
7c4873b5141715042837,full_annotation_v1,A,q_네일_04,손톱,뷰티·미용 중 '네일'을 판매·제공하는 매장,train,네일,T2 동의어,7f68bc09-9a8d-4931-811a-4e64baf76c3b,손톱치레,네일아트,무주반딧불상권활성화구역,상권활성화구역,전북특별자치도,,,
ceb0509d0cd39c0ca675,full_annotation_v1,A,q_네일_04,손톱,뷰티·미용 중 '네일'을 판매·제공하는 매장,train,네일,T2 동의어,007c8a4d-8fa0-486a-885a-e025ae0740b9,유니네일,네일,솔올중앞골목형상점가,골목형상점가,강원특별자치도,,,
8167a02427be90524d0e,full_annotation_v1,A,q_네일_04,손톱,뷰티·미용 중 '네일'을 판매·제공하는 매장,train,네일,T2 동의어,17751c94-d085-4bdb-b6ea-0bdb8a4d29d1,만나반찬,반찬,부영3차상가,자율상권구역,전라남도,,,
20be85c2dd98135cb63c,full_annotation_v1,A,q_네일_04,손톱,뷰티·미용 중 '네일'을 판매·제공하는 매장,train,네일,T2 동의어,e21c4a07-df26-4e42-8398-50c890e0aa82,네일비너스,"미용업(손톱, 발톱)",제주로얄쇼핑센터,자율상권구역,제주특별자치도,,,
c80384e6c6e31871e069,full_annotation_v1,A,q_네일_04,손톱,뷰티·미용 중 '네일'을 판매·제공하는 매장,train,네일,T2 동의어,473c7a0b-a290-435f-87f3-dc30b32b321e,더샵,"서비스업(피부,손톱,발톱미용), 도소매업(화장품)",사강시장,전통시장,경기도,,,
2bc3aa3b87a1f0e698b0,full_annotation_v1,A,q_네일_04,손톱,뷰티·미용 중 '네일'을 판매·제공하는 매장,train,네일,T2 동의어,2be3342e-2517-4382-8c8b-6df3e64851ea,스타네일,"미용업(손톱,발톱)",스타프라자전통시장,전통시장,경기도,,,
c8e277134b5d8c5266e1,full_annotation_v1,A,q_네일_04,손톱,뷰티·미용 중 '네일'을 판매·제공하는 매장,train,네일,T2 동의어,b1636a65-7117-4772-aba5-7a13ab0cd99b,마녀손톱,미용,마산 코오롱타운상가,전통시장,경상남도,,,
d55a8d3942cbb41d188a,full_annotation_v1,A,q_네일_04,손톱,뷰티·미용 중 '네일'을 판매·제공하는 매장,train,네일,T2 동의어,bde2c17a-b689-4fba-84d4-c275f603f503,방디샵,의류,부산자유시장,전통시장,부산광역시,,,
7b96b8b46e3e04e56d4f,full_annotation_v1,A,q_네일_04,손톱,뷰티·미용 중 '네일'을 판매·제공하는 매장,train,네일,T2 동의어,1541829b-2117-454a-a680-e49e16d561a8,빨강이 손톱,미용네일,충효상점가,자율상권구역,경상북도,,,
aa5f1258aa7b19a6bb56,full_annotation_v1,A,q_네일_04,손톱,뷰티·미용 중 '네일'을 판매·제공하는 매장,train,네일,T2 동의어,57ab079e-31c2-493a-87cc-99f7d4cdc99a,뷰티샵리리,손톱강화제,의정부로데오상점가,자율상권구역,경기도,,,
349747414410daa06281,full_annotation_v1,A,q_네일_04,손톱,뷰티·미용 중 '네일'을 판매·제공하는 매장,train,네일,T2 동의어,00b43268-5724-4c00-8433-812811783452,비비드샵,네일,반드레길골목형상점가,골목형상점가,서울특별시,,,
9c71eb913adbb70625d6,full_annotation_v1,A,q_네일_04,손톱,뷰티·미용 중 '네일'을 판매·제공하는 매장,train,네일,T2 동의어,62302e68-867e-409d-aac9-80fb34b0e6ca,네일투네일,"미용업(피부, 손톱, 발톱, 화장,",우아건지 골목형상점가,골목형상점가,전북특별자치도,,,
99ae212c4f9b7bed6634,full_annotation_v1,A,q_네일_04,손톱,뷰티·미용 중 '네일'을 판매·제공하는 매장,train,네일,T2 동의어,80312bd6-e1c7-4857-9081-73c478d7505f,향남힘찬한의원,의료서비스,화성향남2지구상점가,자율상권구역,경기도,,,
1d04806bc7f1d781d0c6,full_annotation_v1,A,q_네일_04,손톱,뷰티·미용 중 '네일'을 판매·제공하는 매장,train,네일,T2 동의어,00d5be47-44d0-4e0b-aba0-74427ee58602,소유뷰티,네일,산본로데오거리(구 산본중심상가),자율상권구역,경기도,,,
e06dfa18b05b9abc1699,full_annotation_v1,A,q_네일_04,손톱,뷰티·미용 중 '네일'을 판매·제공하는 매장,train,네일,T2 동의어,caa0c013-f250-4ba4-a9d7-975609a8f41d,윰네일,손톱 네일,사거리온누리 골목형상점가,골목형상점가,충청남도,,,
f1eafbe3a14eb630105c,full_annotation_v1,A,q_네일_04,손톱,뷰티·미용 중 '네일'을 판매·제공하는 매장,train,네일,T2 동의어,751df471-d34a-4929-9355-a466dd889366,빨강손톱,미용,천천중심상가 골목형상점가,골목형상점가,경기도,,,
2e2394b641fd9d19c76d,full_annotation_v1,A,q_네일_04,손톱,뷰티·미용 중 '네일'을 판매·제공하는 매장,train,네일,T2 동의어,892bd2f5-1d08-4717-b229-cdd6a0c6fdf6,손톱깍기,이미용,이수미로골목형상점가,골목형상점가,서울특별시,,,
17b76208e2b30b9fcd0f,full_annotation_v1,A,q_네일_04,손톱,뷰티·미용 중 '네일'을 판매·제공하는 매장,train,네일,T2 동의어,4f15d033-da64-49eb-b7f3-a1810535de5a,모마네일,"미용업(손톱, 발톱)",부산대자율상권구역,기타,부산광역시,,,
97bb0f81533aa4e3dd14,full_annotation_v1,A,q_네일_05,젤네일,뷰티·미용 중 '네일'을 판매·제공하는 매장,train,네일,T2 동의어,155bdb19-8220-40af-ae12-7f3556833359,콩네일,네일,자마장시장골목형상점가,골목형상점가,서울특별시,,,
8bdc8fe6ac7a2ac0aa64,full_annotation_v1,A,q_네일_05,젤네일,뷰티·미용 중 '네일'을 판매·제공하는 매장,train,네일,T2 동의어,26ca8574-f34f-471c-b4b3-2d394d88dddf,듀네일,네일,화정금화로상인회 골목형상점가,골목형상점가,광주광역시,,,
36467be079f01716ba35,full_annotation_v1,A,q_네일_05,젤네일,뷰티·미용 중 '네일'을 판매·제공하는 매장,train,네일,T2 동의어,00b43268-5724-4c00-8433-812811783452,비비드샵,네일,반드레길골목형상점가,골목형상점가,서울특별시,,,
38ad66f9b6485f2f2058,full_annotation_v1,A,q_네일_05,젤네일,뷰티·미용 중 '네일'을 판매·제공하는 매장,train,네일,T2 동의어,007c8a4d-8fa0-486a-885a-e025ae0740b9,유니네일,네일,솔올중앞골목형상점가,골목형상점가,강원특별자치도,,,
5138092dd35ca7d23f56,full_annotation_v1,A,q_네일_05,젤네일,뷰티·미용 중 '네일'을 판매·제공하는 매장,train,네일,T2 동의어,357a3082-7e65-49b5-9fa5-b3468b4fe2c7,양푼이저팔개,한식,남양시장골목형상점가,골목형상점가,경기도,,,
ac9d945451aa54c60f7b,full_annotation_v1,A,q_네일_05,젤네일,뷰티·미용 중 '네일'을 판매·제공하는 매장,train,네일,T2 동의어,b62cf3fc-ffba-48a1-96ef-4c5fbe74ff85,어떤날 어떤네일,젤 네일,쌍리단길상점가,자율상권구역,서울특별시,,,
0f44e223aca3b30ed28f,full_annotation_v1,A,q_네일_05,젤네일,뷰티·미용 중 '네일'을 판매·제공하는 매장,train,네일,T2 동의어,c78f9535-de0c-41d0-a68f-9e47c85861f0,찐야네일,네일,나성중앙 골목형상점가,골목형상점가,세종특별자치시,,,
9989a5c9d2a03c55bcaa,full_annotation_v1,A,q_네일_05,젤네일,뷰티·미용 중 '네일'을 판매·제공하는 매장,train,네일,T2 동의어,38e13ee5-e6b7-414a-9063-9aa635f31590,매력네일,네일,하남 골목형상점가,골목형상점가,광주광역시,,,
95b5baed6b82bc74b965,full_annotation_v1,A,q_네일_05,젤네일,뷰티·미용 중 '네일'을 판매·제공하는 매장,train,네일,T2 동의어,a5f6e2e5-1e1e-4c73-9eab-08595412609f,엔젤네일,네일미용업,더센트럴 골목형상점가,골목형상점가,세종특별자치시,,,
b38145e883f958624c41,full_annotation_v1,A,q_네일_05,젤네일,뷰티·미용 중 '네일'을 판매·제공하는 매장,train,네일,T2 동의어,7925ba02-d80d-48f7-b7c7-a671647a7832,랑쓰네일,,평촌1번가 상점가,자율상권구역,경기도,,,
e6b2cc1446628440da94,full_annotation_v1,A,q_네일_05,젤네일,뷰티·미용 중 '네일'을 판매·제공하는 매장,train,네일,T2 동의어,d1779eec-637c-428b-8f1d-bbe9c81e9890,수제과점,커피 디저트,육림고개상점가,자율상권구역,강원특별자치도,,,
03a6dd1d2c9ae4f0e3ee,full_annotation_v1,A,q_네일_05,젤네일,뷰티·미용 중 '네일'을 판매·제공하는 매장,train,네일,T2 동의어,0a8a8b3b-207e-4c35-960b-cff60656a7ac,감성네일,미용업 손톱발톱,일곡동 골목형상점가,골목형상점가,광주광역시,,,
da1d2a6f30972615aa85,full_annotation_v1,A,q_네일_05,젤네일,뷰티·미용 중 '네일'을 판매·제공하는 매장,train,네일,T2 동의어,40ccbb93-f590-4249-99ab-0a23b58c2c49,삼삼구이 무한리필,,산수 먹자골목 골목형상점가,골목형상점가,광주광역시,,,
1f57dbc0598a47d2ccd2,full_annotation_v1,A,q_네일_05,젤네일,뷰티·미용 중 '네일'을 판매·제공하는 매장,train,네일,T2 동의어,18e97f2d-906f-4ca4-9ecb-d5501afa323f,주감,한식,관저동 먹자골목 골목형상점가,골목형상점가,대전광역시,,,
262ac6a5139237461a2a,full_annotation_v1,A,q_네일_05,젤네일,뷰티·미용 중 '네일'을 판매·제공하는 매장,train,네일,T2 동의어,ea1b23f4-a66c-4e61-95d2-935c3962355c,효네일,네일,지족반석 골목형상점가,골목형상점가,대전광역시,,,
193d4a4146a59d94bde2,full_annotation_v1,A,q_네일_05,젤네일,뷰티·미용 중 '네일'을 판매·제공하는 매장,train,네일,T2 동의어,96c12761-70bb-4066-a229-58dfcec0aa8b,별난만두,일반음식,용남시장,전통시장,인천광역시,,,
bdaa31fc293044461666,full_annotation_v1,A,q_네일_05,젤네일,뷰티·미용 중 '네일'을 판매·제공하는 매장,train,네일,T2 동의어,118be106-b3ea-4c87-85cd-465abef39fe6,손톱깎이,손톱손질,고운마음 골목형상점가,골목형상점가,세종특별자치시,,,
23b4727ae63d82c22e5d,full_annotation_v1,A,q_네일_05,젤네일,뷰티·미용 중 '네일'을 판매·제공하는 매장,train,네일,T2 동의어,874e39b3-efba-4e23-91a3-9f7eb4905c38,꽃네일,네일,인천중앙로지하상가,일반지하상점가,인천광역시,,,
a4fc00e7329e3832c302,full_annotation_v1,A,q_네일_05,젤네일,뷰티·미용 중 '네일'을 판매·제공하는 매장,train,네일,T2 동의어,b28ce786-97ac-42ae-9db8-ae4f676baf59,건담네일,네일,운암 서암대로1 골목형상점가,골목형상점가,광주광역시,,,
c854e8ceda15937499f4,full_annotation_v1,A,q_네일_05,젤네일,뷰티·미용 중 '네일'을 판매·제공하는 매장,train,네일,T2 동의어,6d2c3f73-1f6e-4bd3-9db6-3b27137a98a4,커핑앤코,커피 케잌 빵 샌드위치,서산번화2로,자율상권구역,충청남도,,,
acedb664fd31ff834fb7,full_annotation_v1,A,q_네일_05,젤네일,뷰티·미용 중 '네일'을 판매·제공하는 매장,train,네일,T2 동의어,bb3fee4e-e65c-4a0c-8ec8-2d82e877f65f,라푼젤네일 푸스케어 파주운정점,네일,운정역 중심상가 골목형상점가,골목형상점가,경기도,,,
c8ac997c46f407492317,full_annotation_v1,A,q_네일_05,젤네일,뷰티·미용 중 '네일'을 판매·제공하는 매장,train,네일,T2 동의어,9bae9efe-ba1f-4589-a49f-e6110c502079,솔네일,,파워존 골목형상점가,골목형상점가,대전광역시,,,
e1e1cd1585f97fbc4a92,full_annotation_v1,A,q_네일_05,젤네일,뷰티·미용 중 '네일'을 판매·제공하는 매장,train,네일,T2 동의어,1e7bb416-8d90-492d-a995-c974755ac9fb,젤리네일,,승달 골목형상점가,골목형상점가,,,,
e7637b439a890077b8bb,full_annotation_v1,A,q_네일_05,젤네일,뷰티·미용 중 '네일'을 판매·제공하는 매장,train,네일,T2 동의어,4d27d74d-7e8d-4caa-a975-1e27f8f21339,풀네일,네일,용주로사랑길 골목형상점가,골목형상점가,광주광역시,,,
4ffdbff80bc17ccddcc8,full_annotation_v1,A,q_네일_05,젤네일,뷰티·미용 중 '네일'을 판매·제공하는 매장,train,네일,T2 동의어,1176e845-5547-45ba-af68-d9f5c6e3e59a,폴인네일,"네일아트, 젤네일, 젤패디",운암휴튼2차 골목형상점가,골목형상점가,광주광역시,,,
e49e60e3fa41e1bb60ac,full_annotation_v1,A,q_네일_05,젤네일,뷰티·미용 중 '네일'을 판매·제공하는 매장,train,네일,T2 동의어,df5901c8-6791-4e1a-b1b5-ff83de0f2b2b,블링블링네일샵,"네일관리, 속눈썹 연장, 페디큐어, 젤네일, 손발톱손질",별내별가람역상점가,골목형상점가,경기도,,,
27dabe75629587ccbbad,full_annotation_v1,A,q_네일_05,젤네일,뷰티·미용 중 '네일'을 판매·제공하는 매장,train,네일,T2 동의어,a971c948-b687-4400-8e97-0764a57688a9,해피뉴네일,네일,씨푸드타운 복합상가상인회 골목형상점가,골목형상점가,전라남도,,,
44898383eff19f054aaa,full_annotation_v1,A,q_네일_05,젤네일,뷰티·미용 중 '네일'을 판매·제공하는 매장,train,네일,T2 동의어,00ca9bc4-3130-4534-8b71-b4e2a72c6a8a,네일뉴데이,네일미용업,목대온기 골목형상점가,골목형상점가,대전광역시,,,
2dab017295c1c14ac68d,full_annotation_v1,A,q_네일_05,젤네일,뷰티·미용 중 '네일'을 판매·제공하는 매장,train,네일,T2 동의어,e974f68f-d9f5-4dec-903b-7bba934856ae,"1001안경,위드렌즈",안경 콘택트,가오동 골목형상점가,골목형상점가,대전광역시,,,
a8099b9bb0be31a4c752,full_annotation_v1,A,q_네일_05,젤네일,뷰티·미용 중 '네일'을 판매·제공하는 매장,train,네일,T2 동의어,51706c8a-846d-4143-b7d4-afb7ed9235b6,예쁜손 -젤네일전문샵-,,장성읍 골목형상점가,골목형상점가,전라남도,,,
ac378a5b74d8c694d227,full_annotation_v1,A,q_네일_05,젤네일,뷰티·미용 중 '네일'을 판매·제공하는 매장,train,네일,T2 동의어,2199ac5e-9ca5-4646-8151-c6298fdb7819,리나뷰티,미용업손톱발톱피부,천안신부문화거리상점가,자율상권구역,충청남도,,,
91ac245cdda0696b099f,full_annotation_v1,A,q_네일_05,젤네일,뷰티·미용 중 '네일'을 판매·제공하는 매장,train,네일,T2 동의어,129495a6-a0c7-41d2-9322-d5c3484aa1a9,나비네일,"손톱미용, 피부미용",마산 오동동상인연합상가,자율상권구역,경상남도,,,
86148a8ac0fd5350e518,full_annotation_v1,A,q_네일_05,젤네일,뷰티·미용 중 '네일'을 판매·제공하는 매장,train,네일,T2 동의어,d6fc1e14-e44a-4da4-8fe7-302a7d6c83c6,스코트,커피 베이커리,법원 앞 사과마을 골목형상점가,골목형상점가,광주광역시,,,
6f1c652e4b660b21072d,full_annotation_v1,A,q_네일_05,젤네일,뷰티·미용 중 '네일'을 판매·제공하는 매장,train,네일,T2 동의어,dc74037b-d5c4-4140-9d85-9351c2c47a9b,쭈네일,,광복마을3-4길 골목형상점가,골목형상점가,광주광역시,,,
8a79c647a79ccc08d79e,full_annotation_v1,A,q_네일_05,젤네일,뷰티·미용 중 '네일'을 판매·제공하는 매장,train,네일,T2 동의어,3f034d0b-0502-4837-a408-d7d58afdaa7b,모알네일,,해오름 골목형상점가,골목형상점가,경기도,,,
c110967c26ab19da9391,full_annotation_v1,A,q_네일_05,젤네일,뷰티·미용 중 '네일'을 판매·제공하는 매장,train,네일,T2 동의어,00fb9ee1-65d6-4d91-8728-ddc945df6db7,네일정원,네일,용해동 포미타운 골목형상점가,골목형상점가,전라남도,,,
0db83cd402d2a99de5d3,full_annotation_v1,A,q_네일_05,젤네일,뷰티·미용 중 '네일'을 판매·제공하는 매장,train,네일,T2 동의어,0ae84e8b-9047-4367-8772-22610927784d,정군숯불갈비전문점,한식,유안 골목형상점가,골목형상점가,광주광역시,,,
f75f5b0627bfaa326a60,full_annotation_v1,A,q_네일_05,젤네일,뷰티·미용 중 '네일'을 판매·제공하는 매장,train,네일,T2 동의어,9aacaa56-c6c2-4e77-b939-04994270c84c,복호두 다산점,호두과자,다산역 로데오 상점가,자율상권구역,경기도,,,
2311c79723aebec9fcd6,full_annotation_v1,A,q_네일_05,젤네일,뷰티·미용 중 '네일'을 판매·제공하는 매장,train,네일,T2 동의어,73fd435f-d7c3-41d9-9265-77ec2be51a3c,룸투네일,네일,첨단강변로 골목형상점가,골목형상점가,광주광역시,,,
0b437c97a5f761d5e100,full_annotation_v1,A,q_네일_05,젤네일,뷰티·미용 중 '네일'을 판매·제공하는 매장,train,네일,T2 동의어,148093b5-96d8-4d2c-b68a-9c7b21282243,뷰네일,네일,금촌명동로시장,전통시장,경기도,,,
8d502bfa898b4190b6c3,full_annotation_v1,A,q_네일_05,젤네일,뷰티·미용 중 '네일'을 판매·제공하는 매장,train,네일,T2 동의어,3135909c-4b6c-48b8-9013-11429ab42e72,인물미용실,미용,원통시장,전통시장,강원특별자치도,,,
8fe269253afa1f5f1cc2,full_annotation_v1,A,q_네일_05,젤네일,뷰티·미용 중 '네일'을 판매·제공하는 매장,train,네일,T2 동의어,f4571ed5-0517-4d4c-89f2-688bc514dcca,금네일,네일,양산길 골목형상점가,골목형상점가,광주광역시,,,
e291723ff9e2b16f2f67,full_annotation_v1,A,q_네일_05,젤네일,뷰티·미용 중 '네일'을 판매·제공하는 매장,train,네일,T2 동의어,898605f0-26de-48ce-accc-f23dd81fd3db,비춤네일,,상안 골목형상점가,골목형상점가,울산광역시,,,
57573d448dc3eb0f32c7,full_annotation_v1,A,q_네일_05,젤네일,뷰티·미용 중 '네일'을 판매·제공하는 매장,train,네일,T2 동의어,18a491c4-9066-411d-b5bb-e74adb13c158,엠네일,네일,성덕중사거리,골목형상점가,광주광역시,,,
1e4cb64ffdad3c26ac33,full_annotation_v1,A,q_네일_05,젤네일,뷰티·미용 중 '네일'을 판매·제공하는 매장,train,네일,T2 동의어,e99483ed-4f5b-450a-9cee-3a367cd23307,댄스줌스튜디오,댄스교습소,유안 골목형상점가,골목형상점가,광주광역시,,,
866f7fa43e208fa6fb7c,full_annotation_v1,A,q_네일_05,젤네일,뷰티·미용 중 '네일'을 판매·제공하는 매장,train,네일,T2 동의어,23cff44f-fd2f-46ef-9b70-67caf8487ee1,네일린(네일 LYN),젤네일,수완사랑 골목형상점가,골목형상점가,광주광역시,,,
e18d28d09f8d7c16d5e9,full_annotation_v1,A,q_네일_05,젤네일,뷰티·미용 중 '네일'을 판매·제공하는 매장,train,네일,T2 동의어,007fee80-11ba-4073-92f1-c67de14eebd2,네일미유,네일아트,반곡동 골목형상점가,골목형상점가,세종특별자치시,,,
32c8f113e1aab4751ae5,full_annotation_v1,A,q_네일_05,젤네일,뷰티·미용 중 '네일'을 판매·제공하는 매장,train,네일,T2 동의어,453b08e4-5196-41ed-9f2d-b251c0ab9d7a,별네일,네일,효안 골목형상점가,골목형상점가,광주광역시,,,
7f246368100191eb32cd,full_annotation_v1,A,q_네일_05,젤네일,뷰티·미용 중 '네일'을 판매·제공하는 매장,train,네일,T2 동의어,357d769b-d7a9-44c1-a5da-235b79f4390a,엠네일,네일,대주먹자골목 골목형상점가,골목형상점가,광주광역시,,,
c0aaa200453ee19f91ed,full_annotation_v1,A,q_네일_05,젤네일,뷰티·미용 중 '네일'을 판매·제공하는 매장,train,네일,T2 동의어,049c1cdd-4421-474e-bc08-7e1cdc943f29,도원1988,중식,다산 상생 상점가,골목형상점가,경기도,,,
e9a146cbe1a86916ee2e,full_annotation_v1,A,q_네일_05,젤네일,뷰티·미용 중 '네일'을 판매·제공하는 매장,train,네일,T2 동의어,270ac076-2ef5-410f-aa36-9cb057f8f43a,소품,의류,중앙로 지하상가 상점가,일반지하상점가,대전광역시,,,
179264adba02bb1cfd2c,full_annotation_v1,A,q_네일_05,젤네일,뷰티·미용 중 '네일'을 판매·제공하는 매장,train,네일,T2 동의어,19548151-a23f-4646-bfa3-3d6105bda59e,앰버네일,네일,염주상인회 골목형상점가,골목형상점가,광주광역시,,,
18d62e4ca90640d64855,full_annotation_v1,A,q_네일_05,젤네일,뷰티·미용 중 '네일'을 판매·제공하는 매장,train,네일,T2 동의어,77a05593-9f7d-4f2a-9ec3-a3dcfe222229,르반네일,네일,북구빛나는 골목형상점가,골목형상점가,광주광역시,,,
d5fd368c7a4d2ba10142,full_annotation_v1,A,q_네일_05,젤네일,뷰티·미용 중 '네일'을 판매·제공하는 매장,train,네일,T2 동의어,00700b8c-3670-4520-bcf5-98c36ed9320b,꽃길네일,네일,무꽃등 골목형상점가,골목형상점가,광주광역시,,,
6dbfc145e8987df122eb,full_annotation_v1,A,q_네일_05,젤네일,뷰티·미용 중 '네일'을 판매·제공하는 매장,train,네일,T2 동의어,088571a3-ff35-4fa3-b555-4751cb15a04f,반달손톱,,무주반딧불상권활성화구역,상권활성화구역,전북특별자치도,,,
b2f30ea6fc75e058d369,full_annotation_v1,A,q_네일_05,젤네일,뷰티·미용 중 '네일'을 판매·제공하는 매장,train,네일,T2 동의어,b94eca1c-f75a-4d60-9dfb-5ceca265e9d6,진주밀면&한판삼겹살,한식,관저동 먹자골목 골목형상점가,골목형상점가,대전광역시,,,
2860b0c68aa80f649e8d,full_annotation_v1,A,q_네일_05,젤네일,뷰티·미용 중 '네일'을 판매·제공하는 매장,train,네일,T2 동의어,f0bc70f0-931a-4d2e-a656-3132b9999793,마호네일,네일,반드레길골목형상점가,골목형상점가,서울특별시,,,
bd2ba8a466b8c8f5e8e9,full_annotation_v1,A,q_네일_05,젤네일,뷰티·미용 중 '네일'을 판매·제공하는 매장,train,네일,T2 동의어,54d733bf-07bd-4c25-9907-5556e8a923bd,쏨네일,네일,풍향골 골목형상점가,골목형상점가,광주광역시,,,
6a6c86f218debaab4be4,full_annotation_v1,A,q_네일_05,젤네일,뷰티·미용 중 '네일'을 판매·제공하는 매장,train,네일,T2 동의어,cc75e8b7-4dc9-4729-af2e-fbd7123e071a,쎄네일,네일,법원 앞 사과마을 골목형상점가,골목형상점가,광주광역시,,,
6c55206868aaf7379022,full_annotation_v1,A,q_네일_05,젤네일,뷰티·미용 중 '네일'을 판매·제공하는 매장,train,네일,T2 동의어,ba060124-b49f-430e-b674-1e27b98e2f01,루멘네일,,죽전힐삼 골목형상점가,골목형상점가,대구광역시,,,
3daf4b09cdb2538aee95,full_annotation_v1,A,q_네일_05,젤네일,뷰티·미용 중 '네일'을 판매·제공하는 매장,train,네일,T2 동의어,6a1489f7-b68c-4915-b772-436aa730e8af,현우사,여성의류,천안중앙시장,전통시장,충청남도,,,
121702b268b3e5ca10cb,full_annotation_v1,A,q_네일_05,젤네일,뷰티·미용 중 '네일'을 판매·제공하는 매장,train,네일,T2 동의어,00d5be47-44d0-4e0b-aba0-74427ee58602,소유뷰티,네일,산본로데오거리(구 산본중심상가),자율상권구역,경기도,,,
335a485ec40f955957c6,full_annotation_v1,A,q_네일_05,젤네일,뷰티·미용 중 '네일'을 판매·제공하는 매장,train,네일,T2 동의어,2f893e31-3e1b-45ef-b14e-e566ad79c34d,아송네일,네일,계림그랜드센트럴 골목형상점가,골목형상점가,광주광역시,,,
e753f75f186888a98bbe,full_annotation_v1,A,q_네일_05,젤네일,뷰티·미용 중 '네일'을 판매·제공하는 매장,train,네일,T2 동의어,b96d75c8-cc4f-49fc-bf5a-6b8ad612d49b,샤네일,,학장반도보라상가,전통시장,부산광역시,,,
4d72e06bcd78cdf8dcba,full_annotation_v1,A,q_네일_05,젤네일,뷰티·미용 중 '네일'을 판매·제공하는 매장,train,네일,T2 동의어,8ddad659-a1b6-4129-92d5-a9dbb8552836,연네일,네일,바람골골목형상점가,골목형상점가,충청북도,,,
e65201221f2a10b34ba9,full_annotation_v1,A,q_네일_05,젤네일,뷰티·미용 중 '네일'을 판매·제공하는 매장,train,네일,T2 동의어,933564a4-21ab-4335-b927-49b642a0159a,쏭네일,네일,쌍문시장(쌍문역골목시장),전통시장,서울특별시,,,
e5a91e8067d72920c7dd,full_annotation_v1,A,q_네일_05,젤네일,뷰티·미용 중 '네일'을 판매·제공하는 매장,train,네일,T2 동의어,03d91ce9-820d-4391-ba82-ba8d0ce304f1,칸네일,네일,화개 상인회 골목형상점가,골목형상점가,광주광역시,,,
3e46b39828ae1a53f5ce,full_annotation_v1,A,q_네일_05,젤네일,뷰티·미용 중 '네일'을 판매·제공하는 매장,train,네일,T2 동의어,0e68433f-e1de-4a89-a7e2-2396372cbeb2,민네일,네일,신가동 골목형상점가,골목형상점가,광주광역시,,,
91efedd835c67bd8bad4,full_annotation_v1,A,q_네일_05,젤네일,뷰티·미용 중 '네일'을 판매·제공하는 매장,train,네일,T2 동의어,2f0ddf0a-5c66-48d4-8c29-e21e5670685b,D네일,네일,동명동 카페거리 골목형상점가,골목형상점가,광주광역시,,,
73fc01d2ea367ef21309,full_annotation_v1,A,q_네일_06,네일 받는 데,뷰티·미용 중 '네일'을 판매·제공하는 매장,train,네일,T4 구어·문장,f86a50fe-ba1e-433e-ab03-541e32563800,"네일,시작",네일,수완하나로 골목형상점가,골목형상점가,광주광역시,,,
3f6639d7a49c676600ca,full_annotation_v1,A,q_네일_06,네일 받는 데,뷰티·미용 중 '네일'을 판매·제공하는 매장,train,네일,T4 구어·문장,dcc82117-0866-41ff-927e-32abd66d9e66,네일 소소리,네일,쌍문역둘리상점가,자율상권구역,서울특별시,,,
2c2cf0142c7d6935a2bf,full_annotation_v1,A,q_네일_06,네일 받는 데,뷰티·미용 중 '네일'을 판매·제공하는 매장,train,네일,T4 구어·문장,129495a6-a0c7-41d2-9322-d5c3484aa1a9,나비네일,"손톱미용, 피부미용",마산 오동동상인연합상가,자율상권구역,경상남도,,,
e1ae7d004595ea0d5201,full_annotation_v1,A,q_네일_06,네일 받는 데,뷰티·미용 중 '네일'을 판매·제공하는 매장,train,네일,T4 구어·문장,f0bc70f0-931a-4d2e-a656-3132b9999793,마호네일,네일,반드레길골목형상점가,골목형상점가,서울특별시,,,
5110a7484f630958b817,full_annotation_v1,A,q_네일_06,네일 받는 데,뷰티·미용 중 '네일'을 판매·제공하는 매장,train,네일,T4 구어·문장,00d5be47-44d0-4e0b-aba0-74427ee58602,소유뷰티,네일,산본로데오거리(구 산본중심상가),자율상권구역,경기도,,,
035fffe5954d3355d43b,full_annotation_v1,A,q_네일_06,네일 받는 데,뷰티·미용 중 '네일'을 판매·제공하는 매장,train,네일,T4 구어·문장,9c746d6e-ead6-4221-a4e3-ecd45011d35c,네일왓찌,네일,메트로프라자,일반지하상점가,대구광역시,,,
bf00862940b755a06917,full_annotation_v1,A,q_네일_06,네일 받는 데,뷰티·미용 중 '네일'을 판매·제공하는 매장,train,네일,T4 구어·문장,ddd6dfd5-170a-4bb5-8e9f-3c21c109a0fa,코코픽마켓,,배곧상가,골목형상점가,경기도,,,
02585752b0666f6cc883,full_annotation_v1,A,q_네일_06,네일 받는 데,뷰티·미용 중 '네일'을 판매·제공하는 매장,train,네일,T4 구어·문장,664f9c00-ab23-4531-89b0-e06f4cb8c9d1,네일5샵,네일,우산행복주택,골목형상점가,광주광역시,,,
fdda9e36be0465fe09bb,full_annotation_v1,A,q_네일_06,네일 받는 데,뷰티·미용 중 '네일'을 판매·제공하는 매장,train,네일,T4 구어·문장,0b955278-5139-41f5-83e0-16c7b7360903,헤이린 네일,네일,휴먼시아 3단지 골목형상점가,골목형상점가,울산광역시,,,
4489cd533f26372e1c07,full_annotation_v1,A,q_네일_06,네일 받는 데,뷰티·미용 중 '네일'을 판매·제공하는 매장,train,네일,T4 구어·문장,34bd002d-73f1-4e93-b09d-a3f04437f6e4,"네일,봄",네일,중흥동 큰샘길 골목형상점가,골목형상점가,광주광역시,,,
6776582f3d5395c2b4b6,full_annotation_v1,A,q_네일_06,네일 받는 데,뷰티·미용 중 '네일'을 판매·제공하는 매장,train,네일,T4 구어·문장,00700b8c-3670-4520-bcf5-98c36ed9320b,꽃길네일,네일,무꽃등 골목형상점가,골목형상점가,광주광역시,,,
722a773ddb90ce938f55,full_annotation_v1,A,q_네일_06,네일 받는 데,뷰티·미용 중 '네일'을 판매·제공하는 매장,train,네일,T4 구어·문장,19548151-a23f-4646-bfa3-3d6105bda59e,앰버네일,네일,염주상인회 골목형상점가,골목형상점가,광주광역시,,,
2ca4308c2daa4e2677d8,full_annotation_v1,A,q_네일_06,네일 받는 데,뷰티·미용 중 '네일'을 판매·제공하는 매장,train,네일,T4 구어·문장,540e61c2-2f18-47a6-930f-735f7e8e2fb0,더뷰티속눈썹&네일,네일,개봉중앙골목형상점가,골목형상점가,서울특별시,,,
0ca24b0aa6eeccbf79e5,full_annotation_v1,A,q_네일_06,네일 받는 데,뷰티·미용 중 '네일'을 판매·제공하는 매장,train,네일,T4 구어·문장,c96896cf-1f36-401a-bf0c-507255e7ce85,발라당,,새미래 골목형상점가,골목형상점가,대전광역시,,,
8967b27ba2789f72bd33,full_annotation_v1,A,q_네일_06,네일 받는 데,뷰티·미용 중 '네일'을 판매·제공하는 매장,train,네일,T4 구어·문장,b28ce786-97ac-42ae-9db8-ae4f676baf59,건담네일,네일,운암 서암대로1 골목형상점가,골목형상점가,광주광역시,,,
63de2a21b7eea1182e96,full_annotation_v1,A,q_네일_06,네일 받는 데,뷰티·미용 중 '네일'을 판매·제공하는 매장,train,네일,T4 구어·문장,007fee80-11ba-4073-92f1-c67de14eebd2,네일미유,네일아트,반곡동 골목형상점가,골목형상점가,세종특별자치시,,,
8ec0953f0a3f495b0bb0,full_annotation_v1,A,q_네일_06,네일 받는 데,뷰티·미용 중 '네일'을 판매·제공하는 매장,train,네일,T4 구어·문장,3331ba3b-84d3-40fd-b8de-06521a172f56,한초당한의원,한의원,산본전통시장(구 군포산본시장),전통시장,경기도,,,
1c8df8e620523baa1aa4,full_annotation_v1,A,q_네일_06,네일 받는 데,뷰티·미용 중 '네일'을 판매·제공하는 매장,train,네일,T4 구어·문장,d9f1ce22-36d6-4787-b4f9-2702573bfd29,네일 베이비수,네일,향촌 상가 골목형상점가,골목형상점가,대전광역시,,,
c7367194350f2c97d05a,full_annotation_v1,A,q_네일_06,네일 받는 데,뷰티·미용 중 '네일'을 판매·제공하는 매장,train,네일,T4 구어·문장,8ebad00d-ca85-44ea-b3e8-07346e82ab2a,네일듀,네일,양산동일신아파트 골목형상점가,골목형상점가,광주광역시,,,
ba8a27074f3def2c5fc6,full_annotation_v1,A,q_네일_06,네일 받는 데,뷰티·미용 중 '네일'을 판매·제공하는 매장,train,네일,T4 구어·문장,00b43268-5724-4c00-8433-812811783452,비비드샵,네일,반드레길골목형상점가,골목형상점가,서울특별시,,,
cf336a2b9579dcb7879a,full_annotation_v1,A,q_네일_06,네일 받는 데,뷰티·미용 중 '네일'을 판매·제공하는 매장,train,네일,T4 구어·문장,f558e053-3a61-42b7-8bfd-f56fe323273a,네일엠,네일,진잠 골목형상점가,골목형상점가,대전광역시,,,
68e16984524fc3335166,full_annotation_v1,A,q_네일_06,네일 받는 데,뷰티·미용 중 '네일'을 판매·제공하는 매장,train,네일,T4 구어·문장,088571a3-ff35-4fa3-b555-4751cb15a04f,반달손톱,,무주반딧불상권활성화구역,상권활성화구역,전북특별자치도,,,
7c7581f04f261cd8db74,full_annotation_v1,A,q_네일_06,네일 받는 데,뷰티·미용 중 '네일'을 판매·제공하는 매장,train,네일,T4 구어·문장,e9f6c732-291b-4403-a713-062e6e9a6b1b,임성교자,일반음식,용문 골목형상점가,골목형상점가,제주특별자치도,,,
0ad36ac38b64dbb17235,full_annotation_v1,A,q_네일_06,네일 받는 데,뷰티·미용 중 '네일'을 판매·제공하는 매장,train,네일,T4 구어·문장,1b856a04-9038-498d-bee5-c389e585aa1b,네일림,네일,창원 성원그랜드쇼핑상가,전통시장,경상남도,,,
989408ac2271d5414d18,full_annotation_v1,A,q_네일_06,네일 받는 데,뷰티·미용 중 '네일'을 판매·제공하는 매장,train,네일,T4 구어·문장,282b0e8b-051c-49f9-a707-b982df803589,까라벨라 데 오르,스파게티,동명동 카페거리 골목형상점가,골목형상점가,광주광역시,,,
11864f16c8d3780d40cb,full_annotation_v1,A,q_네일_06,네일 받는 데,뷰티·미용 중 '네일'을 판매·제공하는 매장,train,네일,T4 구어·문장,357d769b-d7a9-44c1-a5da-235b79f4390a,엠네일,네일,대주먹자골목 골목형상점가,골목형상점가,광주광역시,,,
83608aa5eed6148836ad,full_annotation_v1,A,q_네일_06,네일 받는 데,뷰티·미용 중 '네일'을 판매·제공하는 매장,train,네일,T4 구어·문장,eb659763-904e-434c-8301-1f7835b70859,네일 이슬,네일,장덕투게더 골목형상점가,골목형상점가,광주광역시,,,
7fd10336b64ddf212dd4,full_annotation_v1,A,q_네일_06,네일 받는 데,뷰티·미용 중 '네일'을 판매·제공하는 매장,train,네일,T4 구어·문장,1790372e-459a-48cd-bc47-1cd20d0e5762,네일퀸,네일,삼각동 골목형상점가,골목형상점가,광주광역시,,,
b770601fc6156024a842,full_annotation_v1,A,q_네일_06,네일 받는 데,뷰티·미용 중 '네일'을 판매·제공하는 매장,train,네일,T4 구어·문장,7961ca9f-9020-44fd-b6a2-ffce95cbd637,네일르,네일,해운대 화목쇼핑타운 골목형 상점가,골목형상점가,부산광역시,,,
41ad31d5d6079026b9d7,full_annotation_v1,A,q_네일_06,네일 받는 데,뷰티·미용 중 '네일'을 판매·제공하는 매장,train,네일,T4 구어·문장,26ca8574-f34f-471c-b4b3-2d394d88dddf,듀네일,네일,화정금화로상인회 골목형상점가,골목형상점가,광주광역시,,,
c0ca45381c02c10883b1,full_annotation_v1,A,q_네일_06,네일 받는 데,뷰티·미용 중 '네일'을 판매·제공하는 매장,train,네일,T4 구어·문장,cc8f3d3b-2374-48f5-9469-d02c25491c1b,마라원칙2호점,마라탕,둔전골목형상점가,골목형상점가,경기도,,,
a6621b738d278ded036b,full_annotation_v1,A,q_네일_06,네일 받는 데,뷰티·미용 중 '네일'을 판매·제공하는 매장,train,네일,T4 구어·문장,15517fe4-0ffb-4825-bec5-e8fc42bc5352,정희카클리닉,자동차정비,본촌 하서로 골목형상점가,골목형상점가,광주광역시,,,
d2a248a297d3e6518b2c,full_annotation_v1,A,q_네일_06,네일 받는 데,뷰티·미용 중 '네일'을 판매·제공하는 매장,train,네일,T4 구어·문장,b2465794-9943-4950-a09b-10bb7398a647,네일낭콩,네일,화운로상인회 골목형상점가,골목형상점가,광주광역시,,,
b6565d1f4b01a1be1168,full_annotation_v1,A,q_네일_06,네일 받는 데,뷰티·미용 중 '네일'을 판매·제공하는 매장,train,네일,T4 구어·문장,bc24cd1c-0522-4cbe-a79e-b77ca8512ab0,JJ속눈썹 & 네일,네일,양산동일신아파트 골목형상점가,골목형상점가,광주광역시,,,
35b634817ee2b359f22e,full_annotation_v1,A,q_네일_06,네일 받는 데,뷰티·미용 중 '네일'을 판매·제공하는 매장,train,네일,T4 구어·문장,148093b5-96d8-4d2c-b68a-9c7b21282243,뷰네일,네일,금촌명동로시장,전통시장,경기도,,,
25e47baa34b1e6d2f5ee,full_annotation_v1,A,q_네일_06,네일 받는 데,뷰티·미용 중 '네일'을 판매·제공하는 매장,train,네일,T4 구어·문장,c916d66f-d56c-4fe0-ad39-58f2db6b1914,보성녹차김치,,보성녹차 골목형상점가,골목형상점가,,,,
9b3409f0268fb2d229da,full_annotation_v1,A,q_네일_06,네일 받는 데,뷰티·미용 중 '네일'을 판매·제공하는 매장,train,네일,T4 구어·문장,c7d3b008-53bd-4981-adb1-3b61a9d80923,네일벨,네일,루원이음길 골목형상점가,골목형상점가,인천광역시,,,
551a5fa175171e6fcb57,full_annotation_v1,A,q_네일_06,네일 받는 데,뷰티·미용 중 '네일'을 판매·제공하는 매장,train,네일,T4 구어·문장,933564a4-21ab-4335-b927-49b642a0159a,쏭네일,네일,쌍문시장(쌍문역골목시장),전통시장,서울특별시,,,
9021a0a0e140d7455bde,full_annotation_v1,A,q_네일_06,네일 받는 데,뷰티·미용 중 '네일'을 판매·제공하는 매장,train,네일,T4 구어·문장,cb92911e-9b5f-42f2-8031-d2a59d0aa586,오늘도 네일,네일,"일곡동(제7지역:대림1,현대2,진로,대우,한일)",골목형상점가,광주광역시,,,
aff07fa8d5195efee727,full_annotation_v1,A,q_네일_06,네일 받는 데,뷰티·미용 중 '네일'을 판매·제공하는 매장,train,네일,T4 구어·문장,aba76fc2-984e-4030-ba01-e2e7d78264c7,데 아로즈 대전둔산본점,,갈리단길 골목형상점가,골목형상점가,대전광역시,,,
75e6fc7797bc72299281,full_annotation_v1,A,q_네일_06,네일 받는 데,뷰티·미용 중 '네일'을 판매·제공하는 매장,train,네일,T4 구어·문장,f176fdc4-6367-4233-9019-e8d2f5b075d8,"네일, 연",네일,야탑 골목형상점가,골목형상점가,경기도,,,
5c38e6831516d3ad2251,full_annotation_v1,A,q_네일_06,네일 받는 데,뷰티·미용 중 '네일'을 판매·제공하는 매장,train,네일,T4 구어·문장,e91b5d68-9b1e-4bc7-9008-b7266955d56d,네일 뭐해,네일,백운 대성시장 골목형상점가,골목형상점가,광주광역시,,,
5c59d6e4911c831cd995,full_annotation_v1,A,q_네일_06,네일 받는 데,뷰티·미용 중 '네일'을 판매·제공하는 매장,train,네일,T4 구어·문장,11b9b0eb-f4d7-4b5d-ba54-2dd56b508a1c,엘리시아 네일,네일,온양온천역 골목형 상점가,골목형상점가,충청남도,,,
39d9019763c1f9448749,full_annotation_v1,A,q_네일_06,네일 받는 데,뷰티·미용 중 '네일'을 판매·제공하는 매장,train,네일,T4 구어·문장,f14df4d3-9858-4a8b-8597-20fd477d8e32,갤러리 데 루치아,가구,용인어정가구단지상점가,자율상권구역,경기도,,,
22b49e389ff7372e5b63,full_annotation_v1,A,q_네일_06,네일 받는 데,뷰티·미용 중 '네일'을 판매·제공하는 매장,train,네일,T4 구어·문장,eef74bd7-0758-405d-9551-5bd1bacae635,깡블리 네일,네일,미래그린시장,전통시장,경기도,,,
f94300c8a7006b160e57,full_annotation_v1,A,q_네일_06,네일 받는 데,뷰티·미용 중 '네일'을 판매·제공하는 매장,train,네일,T4 구어·문장,4d27d74d-7e8d-4caa-a975-1e27f8f21339,풀네일,네일,용주로사랑길 골목형상점가,골목형상점가,광주광역시,,,
17836a18f3f1c2e3ae1a,full_annotation_v1,A,q_네일_06,네일 받는 데,뷰티·미용 중 '네일'을 판매·제공하는 매장,train,네일,T4 구어·문장,a804dfd9-8dfa-4711-a7dd-fa66e2262375,로지 네일,네일,염주상인회 골목형상점가,골목형상점가,광주광역시,,,
9ef7d90dc887240e8582,full_annotation_v1,A,q_네일_06,네일 받는 데,뷰티·미용 중 '네일'을 판매·제공하는 매장,train,네일,T4 구어·문장,ea1b23f4-a66c-4e61-95d2-935c3962355c,효네일,네일,지족반석 골목형상점가,골목형상점가,대전광역시,,,
74b3d638378276e6d5c0,full_annotation_v1,A,q_네일_06,네일 받는 데,뷰티·미용 중 '네일'을 판매·제공하는 매장,train,네일,T4 구어·문장,88274287-6669-4784-b6ef-334f876ed810,네일몽,네일,여수진남상가,자율상권구역,전라남도,,,
a08b0e4d90cddd5373e6,full_annotation_v1,A,q_네일_06,네일 받는 데,뷰티·미용 중 '네일'을 판매·제공하는 매장,train,네일,T4 구어·문장,f2da6916-c7d4-4ebe-8e94-5e58765ff124,손에핀 네일,네일,해광한신상가번영회 골목형상점가,골목형상점가,광주광역시,,,
a37fc0c5c191caf60485,full_annotation_v1,A,q_네일_06,네일 받는 데,뷰티·미용 중 '네일'을 판매·제공하는 매장,train,네일,T4 구어·문장,18a491c4-9066-411d-b5bb-e74adb13c158,엠네일,네일,성덕중사거리,골목형상점가,광주광역시,,,
b09ccc773b981b1475af,full_annotation_v1,A,q_네일_06,네일 받는 데,뷰티·미용 중 '네일'을 판매·제공하는 매장,train,네일,T4 구어·문장,03d91ce9-820d-4391-ba82-ba8d0ce304f1,칸네일,네일,화개 상인회 골목형상점가,골목형상점가,광주광역시,,,
1221b9f99dab6e103a92,full_annotation_v1,A,q_네일_06,네일 받는 데,뷰티·미용 중 '네일'을 판매·제공하는 매장,train,네일,T4 구어·문장,88658848-3e75-42b5-8a21-4133967a0d32,노랑통닭 용담점,치킨 전문점,용문 골목형상점가,골목형상점가,제주특별자치도,,,
795f83f019ba22a3d8df,full_annotation_v1,A,q_네일_06,네일 받는 데,뷰티·미용 중 '네일'을 판매·제공하는 매장,train,네일,T4 구어·문장,e11c8ce3-ccda-402d-a269-23d7d7242de1,네일잇,네일,일곡동(제5지역:제1근린공원 건너편),골목형상점가,광주광역시,,,
599106c2ff425e6ce555,full_annotation_v1,A,q_네일_06,네일 받는 데,뷰티·미용 중 '네일'을 판매·제공하는 매장,train,네일,T4 구어·문장,36b702c5-1ca6-4299-9d52-a8c44e1add82,"네일,우아르",네일,연제동 골목형상점가,골목형상점가,광주광역시,,,
e43445a1038997899d26,full_annotation_v1,A,q_네일_06,네일 받는 데,뷰티·미용 중 '네일'을 판매·제공하는 매장,train,네일,T4 구어·문장,ad835a2e-cc70-4ebe-a5e1-65f81eb2bb8e,네일 501,네일,양산동 골목형상점가,골목형상점가,광주광역시,,,
7bf93cac903679254b28,full_annotation_v1,A,q_네일_06,네일 받는 데,뷰티·미용 중 '네일'을 판매·제공하는 매장,train,네일,T4 구어·문장,b5ad9033-3947-4851-a724-15b5e76b6f02,"영, 네일",네일,파랑새원룸상인회 골목형상점가,골목형상점가,광주광역시,,,
999f52d908e7dd614bbf,full_annotation_v1,A,q_네일_06,네일 받는 데,뷰티·미용 중 '네일'을 판매·제공하는 매장,train,네일,T4 구어·문장,f4571ed5-0517-4d4c-89f2-688bc514dcca,금네일,네일,양산길 골목형상점가,골목형상점가,광주광역시,,,
56e3672f62008eb97997,full_annotation_v1,A,q_네일_06,네일 받는 데,뷰티·미용 중 '네일'을 판매·제공하는 매장,train,네일,T4 구어·문장,2a316971-3aef-4d8a-8b64-e0393fbe8467,블루베어 네일,네일,추억담은광주역뒷길 골목형상점가,골목형상점가,광주광역시,,,
b1fed485aba4deb1eca8,full_annotation_v1,A,q_네일_06,네일 받는 데,뷰티·미용 중 '네일'을 판매·제공하는 매장,train,네일,T4 구어·문장,2199ac5e-9ca5-4646-8151-c6298fdb7819,리나뷰티,미용업손톱발톱피부,천안신부문화거리상점가,자율상권구역,충청남도,,,
751a2d0c79c0065e3d8a,full_annotation_v1,A,q_네일_06,네일 받는 데,뷰티·미용 중 '네일'을 판매·제공하는 매장,train,네일,T4 구어·문장,fbe9a2d0-7d05-401e-a347-3bba3f5e7d39,923뷰티룸_네일,네일,매탄중심상가 골목형상점가,골목형상점가,경기도,,,
e93a097b9bb8fb8b83d3,full_annotation_v1,A,q_네일_06,네일 받는 데,뷰티·미용 중 '네일'을 판매·제공하는 매장,train,네일,T4 구어·문장,6a7aa0be-2ebc-476d-b5d1-47110140173d,마몽드 네일,네일,반드레길골목형상점가,골목형상점가,서울특별시,,,
8bad5e78ccddffbce3b4,full_annotation_v1,A,q_네일_06,네일 받는 데,뷰티·미용 중 '네일'을 판매·제공하는 매장,train,네일,T4 구어·문장,00ca9bc4-3130-4534-8b71-b4e2a72c6a8a,네일뉴데이,네일미용업,목대온기 골목형상점가,골목형상점가,대전광역시,,,
9923f0236f1cc7fd31c3,full_annotation_v1,A,q_네일_06,네일 받는 데,뷰티·미용 중 '네일'을 판매·제공하는 매장,train,네일,T4 구어·문장,00fb9ee1-65d6-4d91-8728-ddc945df6db7,네일정원,네일,용해동 포미타운 골목형상점가,골목형상점가,전라남도,,,
fc27c230dfdaada5557f,full_annotation_v1,A,q_네일_06,네일 받는 데,뷰티·미용 중 '네일'을 판매·제공하는 매장,train,네일,T4 구어·문장,148d3f70-ecec-4a83-9d99-d7b82c848252,"네일, 하루",네일,각화주공사거리 골목형상점가,골목형상점가,광주광역시,,,
8e7e1ed60a22924d7ddd,full_annotation_v1,A,q_네일_06,네일 받는 데,뷰티·미용 중 '네일'을 판매·제공하는 매장,train,네일,T4 구어·문장,914a0671-d6f9-4308-9872-9be9242c6a63,"네일,더하트",네일,518먹자골목상인회 골목형상점가,골목형상점가,광주광역시,,,
7ae29468ae4e52450c60,full_annotation_v1,A,q_네일_06,네일 받는 데,뷰티·미용 중 '네일'을 판매·제공하는 매장,train,네일,T4 구어·문장,9d068657-224c-409f-89ba-95cddf1788a4,봄봄 네일,네일,봉우시장골목형상점가,골목형상점가,서울특별시,,,
84ff63220eaa190b2cab,full_annotation_v1,A,q_네일_06,네일 받는 데,뷰티·미용 중 '네일'을 판매·제공하는 매장,train,네일,T4 구어·문장,c50854e7-b741-47c7-8f5b-420626c54691,"네일,더예뻐",네일,"빛가람 스타타워, 메가티움1차, 메가티움2차 골목형상점가",골목형상점가,전라남도,,,
752bba0b084c93e996ca,full_annotation_v1,A,q_네일_06,네일 받는 데,뷰티·미용 중 '네일'을 판매·제공하는 매장,train,네일,T4 구어·문장,05fe1168-d3ee-4e6d-846d-66cb682fbaf6,마법사 네일,네일,씨푸드타운 복합상가상인회 골목형상점가,골목형상점가,전라남도,,,
7fc28aac109a363d939b,full_annotation_v1,A,q_네일_06,네일 받는 데,뷰티·미용 중 '네일'을 판매·제공하는 매장,train,네일,T4 구어·문장,19f5e2ba-a0ce-4fb8-a252-fe8123cf3306,하이윤 네일,네일,나성동 소방청 골목형상점가,골목형상점가,세종특별자치시,,,
49e3669b94c9766c82de,full_annotation_v1,A,q_네일_06,네일 받는 데,뷰티·미용 중 '네일'을 판매·제공하는 매장,train,네일,T4 구어·문장,a839812f-e0a8-41c7-a7ee-3db55d41b416,감동 네일,네일,보람동 골목형상점가,골목형상점가,세종특별자치시,,,
6482d6dad77b00a1f6f2,full_annotation_v1,A,q_네일_06,네일 받는 데,뷰티·미용 중 '네일'을 판매·제공하는 매장,train,네일,T4 구어·문장,155bdb19-8220-40af-ae12-7f3556833359,콩네일,네일,자마장시장골목형상점가,골목형상점가,서울특별시,,,
bf00553ca6303a34a77b,full_annotation_v1,A,q_네일_06,네일 받는 데,뷰티·미용 중 '네일'을 판매·제공하는 매장,train,네일,T4 구어·문장,1b961aef-8558-4285-9c71-83c931d92d4c,"지금, 네일",네일,초지항아리 골목형상점가,골목형상점가,경기도,,,
353017917e21f78e976e,full_annotation_v1,A,q_네일_06,네일 받는 데,뷰티·미용 중 '네일'을 판매·제공하는 매장,train,네일,T4 구어·문장,a6228180-90b5-4b60-97b3-bbd7ca1254a2,블랑드미 네일,네일,우산동상인회 골목형상점가,골목형상점가,광주광역시,,,
d01044cffe5facd1f791,full_annotation_v1,A,q_네일_06,네일 받는 데,뷰티·미용 중 '네일'을 판매·제공하는 매장,train,네일,T4 구어·문장,90cb8e2c-7dfd-4c82-8434-659fcc5995fb,주) 무등LPG충전소,가스,본촌 하서로 골목형상점가,골목형상점가,광주광역시,,,
f455e20066d015292264,full_annotation_v1,A,q_네일_06,네일 받는 데,뷰티·미용 중 '네일'을 판매·제공하는 매장,train,네일,T4 구어·문장,d16666a5-3298-4603-b14b-2339041a361f,네일 애즈유,네일,화운로상인회 골목형상점가,골목형상점가,광주광역시,,,
45d44ae7ddd3751c9b3f,full_annotation_v1,A,q_네일_06,네일 받는 데,뷰티·미용 중 '네일'을 판매·제공하는 매장,train,네일,T4 구어·문장,0a8a8b3b-207e-4c35-960b-cff60656a7ac,감성네일,미용업 손톱발톱,일곡동 골목형상점가,골목형상점가,광주광역시,,,
99848f70431cce064979,full_annotation_v1,A,q_네일_06,네일 받는 데,뷰티·미용 중 '네일'을 판매·제공하는 매장,train,네일,T4 구어·문장,61287ca4-e962-44c7-b3ac-92d1cce6ac45,"네일, 그리고",네일,매봉 골목형상점가,골목형상점가,광주광역시,,,
63055f498f70089d7fab,full_annotation_v1,A,q_네일_06,네일 받는 데,뷰티·미용 중 '네일'을 판매·제공하는 매장,train,네일,T4 구어·문장,f4e2dc33-a5a5-4964-bed5-78b1c4b5bef0,더 네일,네일,새롬BRT 골목형상점가,골목형상점가,세종특별자치시,,,
bdca2a79557633321bd8,full_annotation_v1,A,q_네일_06,네일 받는 데,뷰티·미용 중 '네일'을 판매·제공하는 매장,train,네일,T4 구어·문장,cc75e8b7-4dc9-4729-af2e-fbd7123e071a,쎄네일,네일,법원 앞 사과마을 골목형상점가,골목형상점가,광주광역시,,,
83d52cee8a4e85a135af,full_annotation_v1,A,q_네일_06,네일 받는 데,뷰티·미용 중 '네일'을 판매·제공하는 매장,train,네일,T4 구어·문장,7e6d6ec7-7dbd-48d0-aa0f-0f13ab72353a,"네일, 느루",네일,다산역 로데오 상점가,자율상권구역,경기도,,,
ab752067c2a9d3c9ae42,full_annotation_v1,A,q_네일_06,네일 받는 데,뷰티·미용 중 '네일'을 판매·제공하는 매장,train,네일,T4 구어·문장,c286fd29-1ad1-4bae-b8d1-4e2889eceda0,네일#,네일,남천골목시장 골목형상점가,골목형상점가,부산광역시,,,
b0399403fc3862feb632,full_annotation_v1,A,q_네일_06,네일 받는 데,뷰티·미용 중 '네일'을 판매·제공하는 매장,train,네일,T4 구어·문장,e6ef3358-7b5f-4833-b7dc-5656d3d891e6,네일콩,네일,목3동골목형상점가,골목형상점가,서울특별시,,,
2c114ba006c623df65b0,full_annotation_v1,A,q_네일_06,네일 받는 데,뷰티·미용 중 '네일'을 판매·제공하는 매장,train,네일,T4 구어·문장,0b45756a-83b1-41aa-a27e-5c7a1a63992d,루시르 네일,네일,삼환분산상가,골목형상점가,부산광역시,,,
b202c767c6c5e5f236f6,full_annotation_v1,A,q_네일_06,네일 받는 데,뷰티·미용 중 '네일'을 판매·제공하는 매장,train,네일,T4 구어·문장,8376ebe2-136e-4438-b4a1-ef731cca077a,차짐PT헬스GX문지점,,문지동 골목형상점가,골목형상점가,대전광역시,,,
18b8d019d6db16ce94ed,full_annotation_v1,A,q_네일_06,네일 받는 데,뷰티·미용 중 '네일'을 판매·제공하는 매장,train,네일,T4 구어·문장,2f0ddf0a-5c66-48d4-8c29-e21e5670685b,D네일,네일,동명동 카페거리 골목형상점가,골목형상점가,광주광역시,,,
c1f59976bd473a885b68,full_annotation_v1,A,q_네일_06,네일 받는 데,뷰티·미용 중 '네일'을 판매·제공하는 매장,train,네일,T4 구어·문장,721dc7a7-9bfd-4160-8782-d3355ef3b93c,"잇,네일",네일,소촌금봉 골목형상점가,골목형상점가,광주광역시,,,
11918c2cd95818f58508,full_annotation_v1,A,q_네일_06,네일 받는 데,뷰티·미용 중 '네일'을 판매·제공하는 매장,train,네일,T4 구어·문장,73fd435f-d7c3-41d9-9265-77ec2be51a3c,룸투네일,네일,첨단강변로 골목형상점가,골목형상점가,광주광역시,,,
a7441ba113166b82ebc7,full_annotation_v1,A,q_네일_06,네일 받는 데,뷰티·미용 중 '네일'을 판매·제공하는 매장,train,네일,T4 구어·문장,7ad8cce7-abb0-4d1f-a0d6-0b0ead703358,대명악기,관악기,둔산3동상점가,자율상권구역,대전광역시,,,
4bd16533490bb181c5db,full_annotation_v1,A,q_네일_06,네일 받는 데,뷰티·미용 중 '네일'을 판매·제공하는 매장,train,네일,T4 구어·문장,e3bfbb35-8e57-490d-9c73-3262b83106d3,"네일,맑음",네일,중앙로 골목형상점가,골목형상점가,전라남도,,,
2c637754dcaead2c615e,full_annotation_v1,A,q_네일_06,네일 받는 데,뷰티·미용 중 '네일'을 판매·제공하는 매장,train,네일,T4 구어·문장,79029542-3beb-47df-b726-c3d41153d396,네일유,네일,계림2동발전 골목형상점가,골목형상점가,광주광역시,,,
aca895adc6b899a1cfe9,full_annotation_v1,A,q_네일_06,네일 받는 데,뷰티·미용 중 '네일'을 판매·제공하는 매장,train,네일,T4 구어·문장,2dc459c8-9752-4f47-9e61-00b78ac01758,삼겹살의달인미담,한식,지범골목먹거리타운 골목형상점가,골목형상점가,대구광역시,,,
c841bd374c9b10d3f79f,full_annotation_v1,A,q_네일_06,네일 받는 데,뷰티·미용 중 '네일'을 판매·제공하는 매장,train,네일,T4 구어·문장,77a05593-9f7d-4f2a-9ec3-a3dcfe222229,르반네일,네일,북구빛나는 골목형상점가,골목형상점가,광주광역시,,,
9d6e2e0d03fee8b0d3c8,full_annotation_v1,A,q_네일_06,네일 받는 데,뷰티·미용 중 '네일'을 판매·제공하는 매장,train,네일,T4 구어·문장,6b6f7e04-9b8f-4c93-a699-7e8ea453b0d2,"오빠,네일",네일,창원 가음시장대상가,전통시장,경상남도,,,
29d361b3a45a301d6393,full_annotation_v1,A,q_네일_06,네일 받는 데,뷰티·미용 중 '네일'을 판매·제공하는 매장,train,네일,T4 구어·문장,bcf9eedf-f430-498c-8f7d-2df2935edf04,농업회사법인 주식회사 다도락 녹차아울렛 지점,,보성녹차 골목형상점가,골목형상점가,,,,
47037ef55f2c78da1744,full_annotation_v1,A,q_네일_06,네일 받는 데,뷰티·미용 중 '네일'을 판매·제공하는 매장,train,네일,T4 구어·문장,35011ab2-9086-4f2c-86c3-c6da85e3d358,네일핏,네일,매곡 가인 골목형상점가,골목형상점가,광주광역시,,,
ffd6099398f11fe8d8d2,full_annotation_v1,A,q_네일_06,네일 받는 데,뷰티·미용 중 '네일'을 판매·제공하는 매장,train,네일,T4 구어·문장,c714ef26-e1da-49d3-b4ef-be76eb2dfe4a,네일 끌랑,네일,항동 골목형상점가,골목형상점가,서울특별시,,,
ea24855930ad4408d512,full_annotation_v1,A,q_네일_06,네일 받는 데,뷰티·미용 중 '네일'을 판매·제공하는 매장,train,네일,T4 구어·문장,38e13ee5-e6b7-414a-9063-9aa635f31590,매력네일,네일,하남 골목형상점가,골목형상점가,광주광역시,,,
a4b895a919b6bb9cb9df,full_annotation_v1,A,q_네일_06,네일 받는 데,뷰티·미용 중 '네일'을 판매·제공하는 매장,train,네일,T4 구어·문장,77c1d628-eac1-4fd7-8a3e-aa4c9bfa8d96,네일콩,네일,구미 금리단길 골목형상점가,골목형상점가,경상북도,,,
3022d5f4f342bf52230c,full_annotation_v1,A,q_네일_06,네일 받는 데,뷰티·미용 중 '네일'을 판매·제공하는 매장,train,네일,T4 구어·문장,c47dc5ec-f8ee-4513-9903-d6dfca013ddc,메가엠지씨커피 죽전단대점,카페,단국대 앞 골목형상점가,골목형상점가,경기도,,,
3b166ac01303136de196,full_annotation_v1,A,q_네일_06,네일 받는 데,뷰티·미용 중 '네일'을 판매·제공하는 매장,train,네일,T4 구어·문장,e51b5b46-f2c1-4556-ba1a-569b872c1cb1,영동지업사,"소매업, 도매(벽지,장판지)",수원영동시장,전통시장,경기도,,,
56cda4481bda1e3afd73,full_annotation_v1,A,q_네일_06,네일 받는 데,뷰티·미용 중 '네일'을 판매·제공하는 매장,train,네일,T4 구어·문장,453b08e4-5196-41ed-9f2d-b251c0ab9d7a,별네일,네일,효안 골목형상점가,골목형상점가,광주광역시,,,
626911cdfdce9f3f274d,full_annotation_v1,A,q_네일_06,네일 받는 데,뷰티·미용 중 '네일'을 판매·제공하는 매장,train,네일,T4 구어·문장,7a6124ce-f5fc-4b48-9c86-f0044645ceee,본죽비빔밥범물동아백화점점,죽 비빔밥,지범골목먹거리타운 골목형상점가,골목형상점가,대구광역시,,,
02334750cfc1da8195dd,full_annotation_v1,A,q_네일_06,네일 받는 데,뷰티·미용 중 '네일'을 판매·제공하는 매장,train,네일,T4 구어·문장,118be106-b3ea-4c87-85cd-465abef39fe6,손톱깎이,손톱손질,고운마음 골목형상점가,골목형상점가,세종특별자치시,,,
1e38483095d3de203fda,full_annotation_v1,A,q_네일_06,네일 받는 데,뷰티·미용 중 '네일'을 판매·제공하는 매장,train,네일,T4 구어·문장,007c8a4d-8fa0-486a-885a-e025ae0740b9,유니네일,네일,솔올중앞골목형상점가,골목형상점가,강원특별자치도,,,
ad1092b0a37c382ec9c1,full_annotation_v1,A,q_네일_06,네일 받는 데,뷰티·미용 중 '네일'을 판매·제공하는 매장,train,네일,T4 구어·문장,8affea08-6922-4ebe-b59a-b7e3f51e0fd7,나답게 네일,,첨단하나로,골목형상점가,,,,
a13f3b21789eed6c3826,full_annotation_v1,A,q_네일_07,손톱 관리 받는 곳,뷰티·미용 중 '네일'을 판매·제공하는 매장,train,네일,T4 구어·문장,0d6c54cc-deb9-4830-a934-e57ab782802e,팔월의손톱,미용업,직산읍삼은1번가골목형상점가,골목형상점가,충청남도,,,
1f4d5db1cdc8787cdd5c,full_annotation_v1,A,q_네일_07,손톱 관리 받는 곳,뷰티·미용 중 '네일'을 판매·제공하는 매장,train,네일,T4 구어·문장,0c8dfb55-e557-489d-83f3-dc41dea9799e,쳬리손톱,네일아트,풍암1로상인회 골목형상점가,골목형상점가,광주광역시,,,
62d5042acca81681ea60,full_annotation_v1,A,q_네일_07,손톱 관리 받는 곳,뷰티·미용 중 '네일'을 판매·제공하는 매장,train,네일,T4 구어·문장,e1ef4f13-83c7-402e-97a3-47b88a065eb0,고은피부,피부 관리,풍암신암상인회 골목형상점가,골목형상점가,광주광역시,,,
3f37e15e7558a8e03e18,full_annotation_v1,A,q_네일_07,손톱 관리 받는 곳,뷰티·미용 중 '네일'을 판매·제공하는 매장,train,네일,T4 구어·문장,00fb9ee1-65d6-4d91-8728-ddc945df6db7,네일정원,네일,용해동 포미타운 골목형상점가,골목형상점가,전라남도,,,
1bc658512aa74cfd1285,full_annotation_v1,A,q_네일_07,손톱 관리 받는 곳,뷰티·미용 중 '네일'을 판매·제공하는 매장,train,네일,T4 구어·문장,b1636a65-7117-4772-aba5-7a13ab0cd99b,마녀손톱,미용,마산 코오롱타운상가,전통시장,경상남도,,,
5e37be808a81a0358fd7,full_annotation_v1,A,q_네일_07,손톱 관리 받는 곳,뷰티·미용 중 '네일'을 판매·제공하는 매장,train,네일,T4 구어·문장,557f195f-1605-4eb7-b0a8-5bdf0186bef8,네일방앗간,미용업 손톱 발톱 화장 분장,평화동모악로 골목형상점가,골목형상점가,전북특별자치도,,,
4f5407cc21cd22eb7880,full_annotation_v1,A,q_네일_07,손톱 관리 받는 곳,뷰티·미용 중 '네일'을 판매·제공하는 매장,train,네일,T4 구어·문장,caa0c013-f250-4ba4-a9d7-975609a8f41d,윰네일,손톱 네일,사거리온누리 골목형상점가,골목형상점가,충청남도,,,
55464e9b47c2f392ad34,full_annotation_v1,A,q_네일_07,손톱 관리 받는 곳,뷰티·미용 중 '네일'을 판매·제공하는 매장,train,네일,T4 구어·문장,00ca9bc4-3130-4534-8b71-b4e2a72c6a8a,네일뉴데이,네일미용업,목대온기 골목형상점가,골목형상점가,대전광역시,,,
06ea2206ec9d394c8c3a,full_annotation_v1,A,q_네일_07,손톱 관리 받는 곳,뷰티·미용 중 '네일'을 판매·제공하는 매장,train,네일,T4 구어·문장,4b1b2d3c-8e42-4df9-b615-62d89b32f750,손톱달,,영산포 골목형상점가,골목형상점가,,,,
af8c5ced0fe4ce349af5,full_annotation_v1,A,q_네일_07,손톱 관리 받는 곳,뷰티·미용 중 '네일'을 판매·제공하는 매장,train,네일,T4 구어·문장,00d5be47-44d0-4e0b-aba0-74427ee58602,소유뷰티,네일,산본로데오거리(구 산본중심상가),자율상권구역,경기도,,,
ec595f783aa731320b9f,full_annotation_v1,A,q_네일_07,손톱 관리 받는 곳,뷰티·미용 중 '네일'을 판매·제공하는 매장,train,네일,T4 구어·문장,dac2cb07-7728-4595-97ad-b0fd6f41f08b,푸르던뷰티 에스테틱,피부미용 관리 서비스,신가동 골목형상점가,골목형상점가,광주광역시,,,
9f3fdec9ddd2cee07c2b,full_annotation_v1,A,q_네일_07,손톱 관리 받는 곳,뷰티·미용 중 '네일'을 판매·제공하는 매장,train,네일,T4 구어·문장,e8230c5d-f8fb-4b51-9e5a-2707af270a60,계림생닭,생닭,장림골목시장,전통시장,부산광역시,,,
7c1eea5dbf39ff2c280c,full_annotation_v1,A,q_네일_07,손톱 관리 받는 곳,뷰티·미용 중 '네일'을 판매·제공하는 매장,train,네일,T4 구어·문장,6bb4086d-a01f-4422-8f54-0d6bc5c6b7c0,아윤네일,"서비스업(미용업(손톱,발톱),메이크업)",성남백현카페문화거리,골목형상점가,경기도,,,
c54e6eb9acad26700d88,full_annotation_v1,A,q_네일_07,손톱 관리 받는 곳,뷰티·미용 중 '네일'을 판매·제공하는 매장,train,네일,T4 구어·문장,81a61dc7-9ca1-4f2b-82f8-4810e9e51bc6,네일건,손톱관리,신창진흥 골목형상점가,골목형상점가,광주광역시,,,
b63eab7c2cf3c06c4bc0,full_annotation_v1,A,q_네일_07,손톱 관리 받는 곳,뷰티·미용 중 '네일'을 판매·제공하는 매장,train,네일,T4 구어·문장,340ac757-2017-410b-8327-2b0286767291,성남준포스처,바른자세 관리,야탑 골목형상점가,골목형상점가,경기도,,,
d3fd2e0f24a114c6e799,full_annotation_v1,A,q_네일_07,손톱 관리 받는 곳,뷰티·미용 중 '네일'을 판매·제공하는 매장,train,네일,T4 구어·문장,c8d90403-d778-42b6-b99f-62bc9e7c9948,모모뷰티,피부 관리,운암북문대로 골목형상점가,골목형상점가,광주광역시,,,
f50c8e8c440b90a4c0cc,full_annotation_v1,A,q_네일_07,손톱 관리 받는 곳,뷰티·미용 중 '네일'을 판매·제공하는 매장,train,네일,T4 구어·문장,24456103-f6b8-46af-8655-82e61d7265d8,커피가 머무르는 곳,커피,반드레길골목형상점가,골목형상점가,서울특별시,,,
54dd5b9f1821b603769c,full_annotation_v1,A,q_네일_07,손톱 관리 받는 곳,뷰티·미용 중 '네일'을 판매·제공하는 매장,train,네일,T4 구어·문장,0c2fb6ba-f9f3-41f7-9bcd-5982dbcd4909,제일포목,포목,강릉중앙시장,전통시장,강원특별자치도,,,
28104265b518700d7019,full_annotation_v1,A,q_네일_07,손톱 관리 받는 곳,뷰티·미용 중 '네일'을 판매·제공하는 매장,train,네일,T4 구어·문장,504d1357-a49f-4cf4-8610-7018a712c931,먹고갈래싸갈래,포장마차 관리 거리가게,창원 명곡종합상가,전통시장,경상남도,,,
9b9937576fd0d80471ca,full_annotation_v1,A,q_네일_07,손톱 관리 받는 곳,뷰티·미용 중 '네일'을 판매·제공하는 매장,train,네일,T4 구어·문장,4bc2215b-77e3-45cd-b997-c9f173f6aa39,태후사랑,"화장품 생필품 머리염색, 관리",반월동 골목형상점가,골목형상점가,전북특별자치도,,,
6c47ece58f9175fd5717,full_annotation_v1,A,q_네일_07,손톱 관리 받는 곳,뷰티·미용 중 '네일'을 판매·제공하는 매장,train,네일,T4 구어·문장,fef9b323-becd-4e57-a66e-888c29f029dd,언클스닭오리숯불바베큐치킨,치킨,종암북바위길골목형상점가,골목형상점가,서울특별시,,,
9c9d6c01db97462721be,full_annotation_v1,A,q_네일_07,손톱 관리 받는 곳,뷰티·미용 중 '네일'을 판매·제공하는 매장,train,네일,T4 구어·문장,4f15d033-da64-49eb-b7f3-a1810535de5a,모마네일,"미용업(손톱, 발톱)",부산대자율상권구역,기타,부산광역시,,,
566d917dc8a6671b1a56,full_annotation_v1,A,q_네일_07,손톱 관리 받는 곳,뷰티·미용 중 '네일'을 판매·제공하는 매장,train,네일,T4 구어·문장,007c8a4d-8fa0-486a-885a-e025ae0740b9,유니네일,네일,솔올중앞골목형상점가,골목형상점가,강원특별자치도,,,
dde48fba8c5267c5d919,full_annotation_v1,A,q_네일_07,손톱 관리 받는 곳,뷰티·미용 중 '네일'을 판매·제공하는 매장,train,네일,T4 구어·문장,033c6144-b1ec-40ae-ba7d-729ba098d3ef,윤바다,의류,신창상가,전통시장,부산광역시,,,
16463e7622566eb34c68,full_annotation_v1,A,q_네일_07,손톱 관리 받는 곳,뷰티·미용 중 '네일'을 판매·제공하는 매장,train,네일,T4 구어·문장,9503ca5b-d318-475d-84a2-85e7f5d93d98,예쁜손톱,네일,양산 덕계종합상설시장,전통시장,경상남도,,,
73adff97a0338fd3ed5a,full_annotation_v1,A,q_네일_07,손톱 관리 받는 곳,뷰티·미용 중 '네일'을 판매·제공하는 매장,train,네일,T4 구어·문장,5097b55c-da95-44eb-a4f6-7ad54b6e4f1b,베스킨라빈스창원상남,아이스크림,창원 성원그랜드쇼핑상가,전통시장,경상남도,,,
b389352194ab4d14a60f,full_annotation_v1,A,q_네일_07,손톱 관리 받는 곳,뷰티·미용 중 '네일'을 판매·제공하는 매장,train,네일,T4 구어·문장,892bd2f5-1d08-4717-b229-cdd6a0c6fdf6,손톱깍기,이미용,이수미로골목형상점가,골목형상점가,서울특별시,,,
d773a7b9ec01d2d0b3f4,full_annotation_v1,A,q_네일_07,손톱 관리 받는 곳,뷰티·미용 중 '네일'을 판매·제공하는 매장,train,네일,T4 구어·문장,e997b216-4953-4843-b731-3ac18faa61f9,진주식당,한식,산업용재관,전통시장,대구광역시,,,
65e8b24a14adcffaeb97,full_annotation_v1,A,q_네일_07,손톱 관리 받는 곳,뷰티·미용 중 '네일'을 판매·제공하는 매장,train,네일,T4 구어·문장,d7c4fda0-d0b3-46dd-a3f0-9ff652718eb6,손톱공주,,스펙트럼시티 골목형상점가,골목형상점가,대구광역시,,,
85d8ffd2388c849858d7,full_annotation_v1,A,q_네일_07,손톱 관리 받는 곳,뷰티·미용 중 '네일'을 판매·제공하는 매장,train,네일,T4 구어·문장,e21c4a07-df26-4e42-8398-50c890e0aa82,네일비너스,"미용업(손톱, 발톱)",제주로얄쇼핑센터,자율상권구역,제주특별자치도,,,
afbcaf304fd641866533,full_annotation_v1,A,q_네일_07,손톱 관리 받는 곳,뷰티·미용 중 '네일'을 판매·제공하는 매장,train,네일,T4 구어·문장,935e1d45-2b5a-4579-b45f-fbf790cc0687,같이할개 반려견유치원,애완동물 관리,안말초로 골목형상점가,골목형상점가,경기도,,,
9cf7eca99e6ccf392eb5,full_annotation_v1,A,q_네일_07,손톱 관리 받는 곳,뷰티·미용 중 '네일'을 판매·제공하는 매장,train,네일,T4 구어·문장,751df471-d34a-4929-9355-a466dd889366,빨강손톱,미용,천천중심상가 골목형상점가,골목형상점가,경기도,,,
871d173901818de053bc,full_annotation_v1,A,q_네일_07,손톱 관리 받는 곳,뷰티·미용 중 '네일'을 판매·제공하는 매장,train,네일,T4 구어·문장,2be3342e-2517-4382-8c8b-6df3e64851ea,스타네일,"미용업(손톱,발톱)",스타프라자전통시장,전통시장,경기도,,,
bfd2435080580ebd3f5c,full_annotation_v1,A,q_네일_07,손톱 관리 받는 곳,뷰티·미용 중 '네일'을 판매·제공하는 매장,train,네일,T4 구어·문장,f724a1d0-309a-4ac4-931e-847b5bb09c9d,아웃도어 모터스,자동차 외관 관리,전평제상인회 골목형상점가,골목형상점가,광주광역시,,,
b3936cdb3357b25eb610,full_annotation_v1,A,q_네일_07,손톱 관리 받는 곳,뷰티·미용 중 '네일'을 판매·제공하는 매장,train,네일,T4 구어·문장,00700b8c-3670-4520-bcf5-98c36ed9320b,꽃길네일,네일,무꽃등 골목형상점가,골목형상점가,광주광역시,,,
4e81907544af210783b4,full_annotation_v1,A,q_네일_07,손톱 관리 받는 곳,뷰티·미용 중 '네일'을 판매·제공하는 매장,train,네일,T4 구어·문장,2199ac5e-9ca5-4646-8151-c6298fdb7819,리나뷰티,미용업손톱발톱피부,천안신부문화거리상점가,자율상권구역,충청남도,,,
08ee7a90a651de4c3a8d,full_annotation_v1,A,q_네일_07,손톱 관리 받는 곳,뷰티·미용 중 '네일'을 판매·제공하는 매장,train,네일,T4 구어·문장,74194820-791e-42ac-ac44-606720c2314a,손톱가꾸는집,네일,북항사랑 골목형상점가,골목형상점가,전라남도,,,
3351bcea3bd25356e07f,full_annotation_v1,A,q_네일_07,손톱 관리 받는 곳,뷰티·미용 중 '네일'을 판매·제공하는 매장,train,네일,T4 구어·문장,c111ac9d-3f3a-405c-a8db-4d127ccda9e2,행복이 있는 곳,잡화,제주로얄쇼핑센터,자율상권구역,제주특별자치도,,,
a823b25771cab49e292e,full_annotation_v1,A,q_네일_07,손톱 관리 받는 곳,뷰티·미용 중 '네일'을 판매·제공하는 매장,train,네일,T4 구어·문장,56197780-5425-480c-a2fa-f31ba0d5798e,부영만두,만두 관리 거리가게,창원 명서시장,전통시장,경상남도,,,
62b180d457b0e0cdd64d,full_annotation_v1,A,q_네일_07,손톱 관리 받는 곳,뷰티·미용 중 '네일'을 판매·제공하는 매장,train,네일,T4 구어·문장,512db918-ff5c-436d-828e-ec7a0afe7e3b,뛰뛰뻥뻥,곡물스낵,영천시장,전통시장,서울특별시,,,
f69b911cbeec02eb98f7,full_annotation_v1,A,q_네일_07,손톱 관리 받는 곳,뷰티·미용 중 '네일'을 판매·제공하는 매장,train,네일,T4 구어·문장,6eeeafea-aa7f-4260-af4c-9e06b23066eb,도현네일,미용 손톱관리,부리단길 골목형상점가,골목형상점가,부산광역시,,,
d54119651683974c9ef2,full_annotation_v1,A,q_네일_07,손톱 관리 받는 곳,뷰티·미용 중 '네일'을 판매·제공하는 매장,train,네일,T4 구어·문장,0a8a8b3b-207e-4c35-960b-cff60656a7ac,감성네일,미용업 손톱발톱,일곡동 골목형상점가,골목형상점가,광주광역시,,,
80748f0f0a5037698bc3,full_annotation_v1,A,q_네일_07,손톱 관리 받는 곳,뷰티·미용 중 '네일'을 판매·제공하는 매장,train,네일,T4 구어·문장,99973d84-7f47-4547-b51f-169ec7a326e1,위드제이뷰티,"피부, 바디 관리",포일중앙 골목형상점가,골목형상점가,경기도,,,
01dd33658318a8972818,full_annotation_v1,A,q_네일_07,손톱 관리 받는 곳,뷰티·미용 중 '네일'을 판매·제공하는 매장,train,네일,T4 구어·문장,b086d5e4-9aae-4f01-8b7a-86ea7bb2d4be,엄지공주네일,손톱 발톱,샘골로골목형상점가,골목형상점가,경기도,,,
f2739836f345033e23df,full_annotation_v1,A,q_네일_07,손톱 관리 받는 곳,뷰티·미용 중 '네일'을 판매·제공하는 매장,train,네일,T4 구어·문장,af9adb09-c23a-4670-afe6-5bd85507dc98,어바웃,손톱관리,신아타운,전통시장,서울특별시,,,
4b2547567fa0d37d8dc7,full_annotation_v1,A,q_네일_07,손톱 관리 받는 곳,뷰티·미용 중 '네일'을 판매·제공하는 매장,train,네일,T4 구어·문장,6c09e698-19e4-4522-990b-f4904a65ba38,플로르네일,손발톱 관리,월빛 골목형상점가,골목형상점가,광주광역시,,,
5f00f56a8c20ebedf532,full_annotation_v1,A,q_네일_07,손톱 관리 받는 곳,뷰티·미용 중 '네일'을 판매·제공하는 매장,train,네일,T4 구어·문장,248cd01f-7e85-424a-b3c0-8c72f4333aa4,하슬라에코,정수기 렌탈 관리,노암길골목형상점가,골목형상점가,강원특별자치도,,,
9b83d508fdea36c7b212,full_annotation_v1,A,q_네일_07,손톱 관리 받는 곳,뷰티·미용 중 '네일'을 판매·제공하는 매장,train,네일,T4 구어·문장,64b1d575-0b79-4c53-8551-f1ba5e9a1a40,정혜순조림과구이,한식,상암마을상인회 골목형상점가,골목형상점가,광주광역시,,,
3e3ef633b83d64930341,full_annotation_v1,A,q_네일_07,손톱 관리 받는 곳,뷰티·미용 중 '네일'을 판매·제공하는 매장,train,네일,T4 구어·문장,45323599-97a8-4945-8067-a8ea77bf0ff0,프로카케어,자동차 관리,서구청먹자골목상인회 골목형상점가,골목형상점가,광주광역시,,,
da13e00eceab4b84ad98,full_annotation_v1,A,q_네일_07,손톱 관리 받는 곳,뷰티·미용 중 '네일'을 판매·제공하는 매장,train,네일,T4 구어·문장,4faa9206-a549-4d82-b171-f7efaec362e3,속초영양젓갈,젓갈반찬 관리 거리가게,창원 명서시장,전통시장,경상남도,,,
ccc30a9d3afa71b07026,full_annotation_v1,A,q_네일_07,손톱 관리 받는 곳,뷰티·미용 중 '네일'을 판매·제공하는 매장,train,네일,T4 구어·문장,f316fbf7-589e-4e03-adc0-3687950303da,손노리,손톱,문흥라인아파트 골목형상점가,골목형상점가,광주광역시,,,
9bdfced2aca4ce7cba5a,full_annotation_v1,A,q_네일_07,손톱 관리 받는 곳,뷰티·미용 중 '네일'을 판매·제공하는 매장,train,네일,T4 구어·문장,f7aee8b2-4258-40a9-ace7-da74a7e57316,태나다네일 낙성대점,네일아트 손발톱 관리 서비스,낙낙별길골목형상점가,골목형상점가,서울특별시,,,
fae8a7bbc4b8563f2171,full_annotation_v1,A,q_네일_07,손톱 관리 받는 곳,뷰티·미용 중 '네일'을 판매·제공하는 매장,train,네일,T4 구어·문장,58da1b66-2ee7-4c35-ab39-8c2fcebd2e2c,네일유,미용 손톱 발톱,거북바위 골목형상점가,골목형상점가,전북특별자치도,,,
4c3b9db64b4a355fbe57,full_annotation_v1,A,q_네일_07,손톱 관리 받는 곳,뷰티·미용 중 '네일'을 판매·제공하는 매장,train,네일,T4 구어·문장,ee7be07a-9d93-47ec-aa6e-79b5d6ac0408,이안두피탈모,두피 탈모 관리,나성중앙 골목형상점가,골목형상점가,세종특별자치시,,,
1c33ac9261c046483e76,full_annotation_v1,A,q_네일_07,손톱 관리 받는 곳,뷰티·미용 중 '네일'을 판매·제공하는 매장,train,네일,T4 구어·문장,9e491526-e765-4456-a8fd-69a4e6c63277,푸른아로마,피부마사지 관리,서영대 먹자 골목형상점가,골목형상점가,광주광역시,,,
36284eda809a7b59da62,full_annotation_v1,A,q_네일_07,손톱 관리 받는 곳,뷰티·미용 중 '네일'을 판매·제공하는 매장,train,네일,T4 구어·문장,84c1f298-141f-405d-8a3f-7ee1d6d80225,온천상회,참깨 들깨 그외,유성시장 골목형상점가,골목형상점가,대전광역시,,,
bcf49cfdf611b01d36e0,full_annotation_v1,A,q_네일_07,손톱 관리 받는 곳,뷰티·미용 중 '네일'을 판매·제공하는 매장,train,네일,T4 구어·문장,2743811c-5e71-4d2b-aa75-1b0147d44f2d,사우 꽃이 피는 곳,꽃,김포 풍년마을 골목형상점가,골목형상점가,경기도,,,
4d415e0aab60135fc1c7,full_annotation_v1,A,q_네일_07,손톱 관리 받는 곳,뷰티·미용 중 '네일'을 판매·제공하는 매장,train,네일,T4 구어·문장,118be106-b3ea-4c87-85cd-465abef39fe6,손톱깎이,손톱손질,고운마음 골목형상점가,골목형상점가,세종특별자치시,,,
7e9fceb0ffeff7114918,full_annotation_v1,A,q_네일_07,손톱 관리 받는 곳,뷰티·미용 중 '네일'을 판매·제공하는 매장,train,네일,T4 구어·문장,14ecd542-a1bb-475f-b26c-3e807e0f9e16,고양이속눈썹,관리,소촌중앙 골목형상점가,골목형상점가,광주광역시,,,
eb9751d5189bcb1c17eb,full_annotation_v1,A,q_네일_07,손톱 관리 받는 곳,뷰티·미용 중 '네일'을 판매·제공하는 매장,train,네일,T4 구어·문장,2f695751-4c77-42fc-b9eb-153f10aee45a,오마이옷,의류,잠실역지하쇼핑센터,일반지하상점가,서울특별시,,,
1ad6795c40496760909b,full_annotation_v1,A,q_네일_07,손톱 관리 받는 곳,뷰티·미용 중 '네일'을 판매·제공하는 매장,train,네일,T4 구어·문장,b52cfb70-afcb-4773-8726-2887a0ddd9d9,귀한족발 종암점,족발,종암북바위길골목형상점가,골목형상점가,서울특별시,,,
bef1162e6e89eddbef48,full_annotation_v1,A,q_네일_07,손톱 관리 받는 곳,뷰티·미용 중 '네일'을 판매·제공하는 매장,train,네일,T4 구어·문장,4ed20c52-f56c-43a9-8f32-b5a9b5b6a24d,남진상회,생선,사천 삼천포용궁수산시장,전통시장,경상남도,,,
a977309e31afda70e2d5,full_annotation_v1,A,q_네일_07,손톱 관리 받는 곳,뷰티·미용 중 '네일'을 판매·제공하는 매장,train,네일,T4 구어·문장,81a86fc2-6fca-4820-b0b4-77df1c636435,네일쏭,손톱,두암2동광신맨션주변 골목형상점가,골목형상점가,광주광역시,,,
4bea6c5b31da795b2381,full_annotation_v1,A,q_네일_07,손톱 관리 받는 곳,뷰티·미용 중 '네일'을 판매·제공하는 매장,train,네일,T4 구어·문장,27e4048a-bff5-425f-a30d-bb17047bf285,네일앤아이,손톱 발톱 미용,소촌중앙 골목형상점가,골목형상점가,광주광역시,,,
4608eede91ea1eb5f350,full_annotation_v1,A,q_네일_07,손톱 관리 받는 곳,뷰티·미용 중 '네일'을 판매·제공하는 매장,train,네일,T4 구어·문장,f66df0ec-e38f-4bc2-bcf6-016b590fa267,티우한우,한우,마치광장골목형상점가,골목형상점가,대전광역시,,,
0adcaa1124cc9003e517,full_annotation_v1,A,q_네일_07,손톱 관리 받는 곳,뷰티·미용 중 '네일'을 판매·제공하는 매장,train,네일,T4 구어·문장,217ac1cd-002e-4475-bf4b-c94b599eab6b,라인업,남성의류.,주안역지하도상점가,일반지하상점가,인천광역시,,,
093673d9d32dac143316,full_annotation_v1,A,q_네일_07,손톱 관리 받는 곳,뷰티·미용 중 '네일'을 판매·제공하는 매장,train,네일,T4 구어·문장,f91323a8-ed92-4ece-85d8-71d4d408a433,예쁜손톱,네일,세은 골목형상점가,골목형상점가,광주광역시,,,
c3a58261c0945a88a82c,full_annotation_v1,A,q_네일_07,손톱 관리 받는 곳,뷰티·미용 중 '네일'을 판매·제공하는 매장,train,네일,T4 구어·문장,76a3551b-dae4-4326-92cc-662015aedbfb,쉴 곳,한식,칠성로상점가,자율상권구역,제주특별자치도,,,
e7ae526c87fa1191f2ea,full_annotation_v1,A,q_네일_07,손톱 관리 받는 곳,뷰티·미용 중 '네일'을 판매·제공하는 매장,train,네일,T4 구어·문장,7507af5d-dcb0-4f35-a5b5-ecd1b2a3f3e0,더헤스트,피부 관리,경신사거리 골목형상점가,골목형상점가,광주광역시,,,
0d1284fb1bbf5f1d4d47,full_annotation_v1,A,q_네일_07,손톱 관리 받는 곳,뷰티·미용 중 '네일'을 판매·제공하는 매장,train,네일,T4 구어·문장,66290dbf-5f94-4379-b6b2-f31d23f1a7d9,손톱깎이,미용,현대센트럴스퀘어,골목형상점가,경기도,,,
c016fa3307431a5b77b3,full_annotation_v1,A,q_네일_07,손톱 관리 받는 곳,뷰티·미용 중 '네일'을 판매·제공하는 매장,train,네일,T4 구어·문장,f06ea9b7-6cbb-4260-b37d-b1356a3fbc45,네일라운지,손톱 발톱 피부,삼익사거리 골목형상점가,골목형상점가,광주광역시,,,
1f18b08af8a0d389665c,full_annotation_v1,A,q_네일_07,손톱 관리 받는 곳,뷰티·미용 중 '네일'을 판매·제공하는 매장,train,네일,T4 구어·문장,5d0903f5-1862-447c-9fcf-2321fbfc0408,피크닉,"미용업(손톱, 발톱) 서비스",부평대아지하상점가,일반지하상점가,인천광역시,,,
20fda2432bc7d7ed55d7,full_annotation_v1,A,q_네일_07,손톱 관리 받는 곳,뷰티·미용 중 '네일'을 판매·제공하는 매장,train,네일,T4 구어·문장,00b43268-5724-4c00-8433-812811783452,비비드샵,네일,반드레길골목형상점가,골목형상점가,서울특별시,,,
8a935912266d931194e1,full_annotation_v1,A,q_네일_07,손톱 관리 받는 곳,뷰티·미용 중 '네일'을 판매·제공하는 매장,train,네일,T4 구어·문장,d3f5b13b-94fd-4a3f-badb-c1ec4a9be027,진성의료기,의료기,청주육거리종합시장,전통시장,충청북도,,,
36aff59407e82b705b16,full_annotation_v1,A,q_네일_07,손톱 관리 받는 곳,뷰티·미용 중 '네일'을 판매·제공하는 매장,train,네일,T4 구어·문장,a7c8c129-c702-4c20-a729-2bcf043a55c3,네일도봄,"미용(손톱,발톱)",대주먹자골목 골목형상점가,골목형상점가,광주광역시,,,
ce5ab205b3af2d50ee07,full_annotation_v1,A,q_네일_07,손톱 관리 받는 곳,뷰티·미용 중 '네일'을 판매·제공하는 매장,train,네일,T4 구어·문장,bae5b4ac-2e89-4bb0-8962-b0c8077f7ec1,수힐링테라피,피부 관리 용품,노대물빛근린공원 골목형상점가,골목형상점가,광주광역시,,,
789fab8431517b053663,full_annotation_v1,A,q_네일_07,손톱 관리 받는 곳,뷰티·미용 중 '네일'을 판매·제공하는 매장,train,네일,T4 구어·문장,626761c4-ecd9-44d9-8f8f-ee2756400cea,탑스칼프 천호점,두피 탈모 관리,천호로데오거리상점가,자율상권구역,서울특별시,,,
9910f0981e8137b4b9c8,full_annotation_v1,A,q_네일_07,손톱 관리 받는 곳,뷰티·미용 중 '네일'을 판매·제공하는 매장,train,네일,T4 구어·문장,a8a219d3-b78e-4a35-8ae1-9fe59e9e21c4,여우손톱,네일아트,천천중심상가 골목형상점가,골목형상점가,경기도,,,
335404ba8dd19bf022f9,full_annotation_v1,A,q_네일_07,손톱 관리 받는 곳,뷰티·미용 중 '네일'을 판매·제공하는 매장,train,네일,T4 구어·문장,007fee80-11ba-4073-92f1-c67de14eebd2,네일미유,네일아트,반곡동 골목형상점가,골목형상점가,세종특별자치시,,,
d677b5dacea97a6e1e1e,full_annotation_v1,A,q_네일_07,손톱 관리 받는 곳,뷰티·미용 중 '네일'을 판매·제공하는 매장,train,네일,T4 구어·문장,1541829b-2117-454a-a680-e49e16d561a8,빨강이 손톱,미용네일,충효상점가,자율상권구역,경상북도,,,
55b93d693f75051bdd4c,full_annotation_v1,A,q_네일_07,손톱 관리 받는 곳,뷰티·미용 중 '네일'을 판매·제공하는 매장,train,네일,T4 구어·문장,cf45caa2-d0a5-44f5-b8b5-0a2bbbc8b7cf,말자포차,포장마차 관리 거리가게,창원 명곡종합상가,전통시장,경상남도,,,
4ef469b1892a9a382961,full_annotation_v1,A,q_네일_07,손톱 관리 받는 곳,뷰티·미용 중 '네일'을 판매·제공하는 매장,train,네일,T4 구어·문장,129495a6-a0c7-41d2-9322-d5c3484aa1a9,나비네일,"손톱미용, 피부미용",마산 오동동상인연합상가,자율상권구역,경상남도,,,
840ded5503eeaf0e257b,full_annotation_v1,A,q_네일_07,손톱 관리 받는 곳,뷰티·미용 중 '네일'을 판매·제공하는 매장,train,네일,T4 구어·문장,dea099a4-1ca1-4348-b55b-3681daabcc7d,러블리,손발톱 관리,포항 대이상가 골목형상점가,골목형상점가,경상북도,,,
97ff0f4f2e169084dc62,full_annotation_v1,A,q_네일_07,손톱 관리 받는 곳,뷰티·미용 중 '네일'을 판매·제공하는 매장,train,네일,T4 구어·문장,088571a3-ff35-4fa3-b555-4751cb15a04f,반달손톱,,무주반딧불상권활성화구역,상권활성화구역,전북특별자치도,,,
f072e29107ec0410cf25,full_annotation_v1,A,q_네일_07,손톱 관리 받는 곳,뷰티·미용 중 '네일'을 판매·제공하는 매장,train,네일,T4 구어·문장,7517ed95-d016-4b84-a111-4cd1f2a7c14c,손톱칠,,매곡신천 골목형상점가,골목형상점가,울산광역시,,,
ac778746637d1296a49f,full_annotation_v1,A,q_네일_07,손톱 관리 받는 곳,뷰티·미용 중 '네일'을 판매·제공하는 매장,train,네일,T4 구어·문장,9981d8a8-fa07-4320-bb67-a22d20d99a14,풀꽃네일,"미용업(손톱, 발톱)",대우유토피아,골목형상점가,경상남도,,,
1beb804cae47746827ab,full_annotation_v1,A,q_네일_07,손톱 관리 받는 곳,뷰티·미용 중 '네일'을 판매·제공하는 매장,train,네일,T4 구어·문장,cb3127be-abee-4d67-b6c0-478384961fde,장흥한우프라자 주식회사,식육,장흥시장 골목형상점가,골목형상점가,전라남도,,,
4107f778048d960bbe49,full_annotation_v1,A,q_네일_08,네일 받으러,뷰티·미용 중 '네일'을 판매·제공하는 매장,train,네일,T5 서비스,35011ab2-9086-4f2c-86c3-c6da85e3d358,네일핏,네일,매곡 가인 골목형상점가,골목형상점가,광주광역시,,,
4cf9d78773b8e1d1560f,full_annotation_v1,A,q_네일_08,네일 받으러,뷰티·미용 중 '네일'을 판매·제공하는 매장,train,네일,T5 서비스,357d769b-d7a9-44c1-a5da-235b79f4390a,엠네일,네일,대주먹자골목 골목형상점가,골목형상점가,광주광역시,,,
dca10747fa7ba5deb6c2,full_annotation_v1,A,q_네일_08,네일 받으러,뷰티·미용 중 '네일'을 판매·제공하는 매장,train,네일,T5 서비스,11b9b0eb-f4d7-4b5d-ba54-2dd56b508a1c,엘리시아 네일,네일,온양온천역 골목형 상점가,골목형상점가,충청남도,,,
70243f1d94a845d20ae4,full_annotation_v1,A,q_네일_08,네일 받으러,뷰티·미용 중 '네일'을 판매·제공하는 매장,train,네일,T5 서비스,19f5e2ba-a0ce-4fb8-a252-fe8123cf3306,하이윤 네일,네일,나성동 소방청 골목형상점가,골목형상점가,세종특별자치시,,,
faa93efabaf5b3f8cb82,full_annotation_v1,A,q_네일_08,네일 받으러,뷰티·미용 중 '네일'을 판매·제공하는 매장,train,네일,T5 서비스,a1ec0710-3cfb-463c-8d74-eadf050680d9,갯벌수산,생선,소래포구전통어시장,전통시장,인천광역시,,,
ff16eea4d005f987dc29,full_annotation_v1,A,q_네일_08,네일 받으러,뷰티·미용 중 '네일'을 판매·제공하는 매장,train,네일,T5 서비스,77a05593-9f7d-4f2a-9ec3-a3dcfe222229,르반네일,네일,북구빛나는 골목형상점가,골목형상점가,광주광역시,,,
e9ecc98498d3b7b61870,full_annotation_v1,A,q_네일_08,네일 받으러,뷰티·미용 중 '네일'을 판매·제공하는 매장,train,네일,T5 서비스,05fe1168-d3ee-4e6d-846d-66cb682fbaf6,마법사 네일,네일,씨푸드타운 복합상가상인회 골목형상점가,골목형상점가,전라남도,,,
f5eed70f664842d3b126,full_annotation_v1,A,q_네일_08,네일 받으러,뷰티·미용 중 '네일'을 판매·제공하는 매장,train,네일,T5 서비스,34bd002d-73f1-4e93-b09d-a3f04437f6e4,"네일,봄",네일,중흥동 큰샘길 골목형상점가,골목형상점가,광주광역시,,,
5128f3efb3a7893f6e34,full_annotation_v1,A,q_네일_08,네일 받으러,뷰티·미용 중 '네일'을 판매·제공하는 매장,train,네일,T5 서비스,9ccd1f9c-a285-4abe-b258-44fc8e886a02,PC랜드,컴퓨터 및 주변기기,대구종합유통단지전자관사업협동조합,전통시장,대구광역시,,,
83561237def3e118f529,full_annotation_v1,A,q_네일_08,네일 받으러,뷰티·미용 중 '네일'을 판매·제공하는 매장,train,네일,T5 서비스,dcc82117-0866-41ff-927e-32abd66d9e66,네일 소소리,네일,쌍문역둘리상점가,자율상권구역,서울특별시,,,
a85e82c0f8273dcbb90b,full_annotation_v1,A,q_네일_08,네일 받으러,뷰티·미용 중 '네일'을 판매·제공하는 매장,train,네일,T5 서비스,77c1d628-eac1-4fd7-8a3e-aa4c9bfa8d96,네일콩,네일,구미 금리단길 골목형상점가,골목형상점가,경상북도,,,
ae3f49357d06b0d084d2,full_annotation_v1,A,q_네일_08,네일 받으러,뷰티·미용 중 '네일'을 판매·제공하는 매장,train,네일,T5 서비스,148d3f70-ecec-4a83-9d99-d7b82c848252,"네일, 하루",네일,각화주공사거리 골목형상점가,골목형상점가,광주광역시,,,
3c1caf0cd55d8f57dcca,full_annotation_v1,A,q_네일_08,네일 받으러,뷰티·미용 중 '네일'을 판매·제공하는 매장,train,네일,T5 서비스,00d5be47-44d0-4e0b-aba0-74427ee58602,소유뷰티,네일,산본로데오거리(구 산본중심상가),자율상권구역,경기도,,,
080cda8c9e720d313429,full_annotation_v1,A,q_네일_08,네일 받으러,뷰티·미용 중 '네일'을 판매·제공하는 매장,train,네일,T5 서비스,9d068657-224c-409f-89ba-95cddf1788a4,봄봄 네일,네일,봉우시장골목형상점가,골목형상점가,서울특별시,,,
60bdd39da8a460eefb41,full_annotation_v1,A,q_네일_08,네일 받으러,뷰티·미용 중 '네일'을 판매·제공하는 매장,train,네일,T5 서비스,c714ef26-e1da-49d3-b4ef-be76eb2dfe4a,네일 끌랑,네일,항동 골목형상점가,골목형상점가,서울특별시,,,
c4b7dee9c4e75fc02dee,full_annotation_v1,A,q_네일_08,네일 받으러,뷰티·미용 중 '네일'을 판매·제공하는 매장,train,네일,T5 서비스,7961ca9f-9020-44fd-b6a2-ffce95cbd637,네일르,네일,해운대 화목쇼핑타운 골목형 상점가,골목형상점가,부산광역시,,,
4e1b7f198eefca6e6982,full_annotation_v1,A,q_네일_08,네일 받으러,뷰티·미용 중 '네일'을 판매·제공하는 매장,train,네일,T5 서비스,19548151-a23f-4646-bfa3-3d6105bda59e,앰버네일,네일,염주상인회 골목형상점가,골목형상점가,광주광역시,,,
7a052940fadac8cc2170,full_annotation_v1,A,q_네일_08,네일 받으러,뷰티·미용 중 '네일'을 판매·제공하는 매장,train,네일,T5 서비스,6a7aa0be-2ebc-476d-b5d1-47110140173d,마몽드 네일,네일,반드레길골목형상점가,골목형상점가,서울특별시,,,
457c89176897d640fe54,full_annotation_v1,A,q_네일_08,네일 받으러,뷰티·미용 중 '네일'을 판매·제공하는 매장,train,네일,T5 서비스,0b45756a-83b1-41aa-a27e-5c7a1a63992d,루시르 네일,네일,삼환분산상가,골목형상점가,부산광역시,,,
c2c830e218f2b89716a6,full_annotation_v1,A,q_네일_08,네일 받으러,뷰티·미용 중 '네일'을 판매·제공하는 매장,train,네일,T5 서비스,cb92911e-9b5f-42f2-8031-d2a59d0aa586,오늘도 네일,네일,"일곡동(제7지역:대림1,현대2,진로,대우,한일)",골목형상점가,광주광역시,,,
f49b30c4cd47266d9453,full_annotation_v1,A,q_네일_08,네일 받으러,뷰티·미용 중 '네일'을 판매·제공하는 매장,train,네일,T5 서비스,96b3181c-caad-41da-9fd0-f954ce2bab53,강경젓갈,소매(수산물),궁평항해오름수산시장,전통시장,경기도,,,
29b35f7a9440631ee8e0,full_annotation_v1,A,q_네일_08,네일 받으러,뷰티·미용 중 '네일'을 판매·제공하는 매장,train,네일,T5 서비스,18b6765f-add1-4b60-82be-ad58ab9d0985,일강식당,한식,매포전통시장(매포재래시장),전통시장,충청북도,,,
249ec43e4f7ee149e72c,full_annotation_v1,A,q_네일_08,네일 받으러,뷰티·미용 중 '네일'을 판매·제공하는 매장,train,네일,T5 서비스,61287ca4-e962-44c7-b3ac-92d1cce6ac45,"네일, 그리고",네일,매봉 골목형상점가,골목형상점가,광주광역시,,,
fad01d639ffdb8d449e8,full_annotation_v1,A,q_네일_08,네일 받으러,뷰티·미용 중 '네일'을 판매·제공하는 매장,train,네일,T5 서비스,00fb9ee1-65d6-4d91-8728-ddc945df6db7,네일정원,네일,용해동 포미타운 골목형상점가,골목형상점가,전라남도,,,
0f6590af444d7264f327,full_annotation_v1,A,q_네일_08,네일 받으러,뷰티·미용 중 '네일'을 판매·제공하는 매장,train,네일,T5 서비스,9826da52-3196-44e8-9386-5d97e14e9060,몬스터유도주짓수스포츠클럽,유도,과천중앙동상점가,자율상권구역,경기도,,,
69c65ed42293f07dd229,full_annotation_v1,A,q_네일_08,네일 받으러,뷰티·미용 중 '네일'을 판매·제공하는 매장,train,네일,T5 서비스,1b961aef-8558-4285-9c71-83c931d92d4c,"지금, 네일",네일,초지항아리 골목형상점가,골목형상점가,경기도,,,
c1834632032dd766c274,full_annotation_v1,A,q_네일_08,네일 받으러,뷰티·미용 중 '네일'을 판매·제공하는 매장,train,네일,T5 서비스,2199ac5e-9ca5-4646-8151-c6298fdb7819,리나뷰티,미용업손톱발톱피부,천안신부문화거리상점가,자율상권구역,충청남도,,,
830321c08d05ce5c9526,full_annotation_v1,A,q_네일_08,네일 받으러,뷰티·미용 중 '네일'을 판매·제공하는 매장,train,네일,T5 서비스,00b43268-5724-4c00-8433-812811783452,비비드샵,네일,반드레길골목형상점가,골목형상점가,서울특별시,,,
2496e145e1fa9892a51d,full_annotation_v1,A,q_네일_08,네일 받으러,뷰티·미용 중 '네일'을 판매·제공하는 매장,train,네일,T5 서비스,6b6f7e04-9b8f-4c93-a699-7e8ea453b0d2,"오빠,네일",네일,창원 가음시장대상가,전통시장,경상남도,,,
d2d0785f0edc34dcf2e0,full_annotation_v1,A,q_네일_08,네일 받으러,뷰티·미용 중 '네일'을 판매·제공하는 매장,train,네일,T5 서비스,a804dfd9-8dfa-4711-a7dd-fa66e2262375,로지 네일,네일,염주상인회 골목형상점가,골목형상점가,광주광역시,,,
94e723df3d6e3da7ebd7,full_annotation_v1,A,q_네일_08,네일 받으러,뷰티·미용 중 '네일'을 판매·제공하는 매장,train,네일,T5 서비스,15e9b343-cce7-4e06-9982-cc8fef8153ec,네일,네일아트,주안역지하도상점가,일반지하상점가,인천광역시,,,
49a47a07acc86803fe64,full_annotation_v1,A,q_네일_08,네일 받으러,뷰티·미용 중 '네일'을 판매·제공하는 매장,train,네일,T5 서비스,9c746d6e-ead6-4221-a4e3-ecd45011d35c,네일왓찌,네일,메트로프라자,일반지하상점가,대구광역시,,,
ba4e8d03ec435b5f98b0,full_annotation_v1,A,q_네일_08,네일 받으러,뷰티·미용 중 '네일'을 판매·제공하는 매장,train,네일,T5 서비스,8ebad00d-ca85-44ea-b3e8-07346e82ab2a,네일듀,네일,양산동일신아파트 골목형상점가,골목형상점가,광주광역시,,,
2ed9f87bdd4aaf0db2f3,full_annotation_v1,A,q_네일_08,네일 받으러,뷰티·미용 중 '네일'을 판매·제공하는 매장,train,네일,T5 서비스,540e61c2-2f18-47a6-930f-735f7e8e2fb0,더뷰티속눈썹&네일,네일,개봉중앙골목형상점가,골목형상점가,서울특별시,,,
3c2fc8f7621a43007cc5,full_annotation_v1,A,q_네일_08,네일 받으러,뷰티·미용 중 '네일'을 판매·제공하는 매장,train,네일,T5 서비스,b28ce786-97ac-42ae-9db8-ae4f676baf59,건담네일,네일,운암 서암대로1 골목형상점가,골목형상점가,광주광역시,,,
41ded20b46faf7f9bb7c,full_annotation_v1,A,q_네일_08,네일 받으러,뷰티·미용 중 '네일'을 판매·제공하는 매장,train,네일,T5 서비스,36b702c5-1ca6-4299-9d52-a8c44e1add82,"네일,우아르",네일,연제동 골목형상점가,골목형상점가,광주광역시,,,
d2d82795a8925b15c6cc,full_annotation_v1,A,q_네일_08,네일 받으러,뷰티·미용 중 '네일'을 판매·제공하는 매장,train,네일,T5 서비스,914a0671-d6f9-4308-9872-9be9242c6a63,"네일,더하트",네일,518먹자골목상인회 골목형상점가,골목형상점가,광주광역시,,,
7abffb63f8b90f9dfd62,full_annotation_v1,A,q_네일_08,네일 받으러,뷰티·미용 중 '네일'을 판매·제공하는 매장,train,네일,T5 서비스,ea1b23f4-a66c-4e61-95d2-935c3962355c,효네일,네일,지족반석 골목형상점가,골목형상점가,대전광역시,,,
115effaf295b3e524c5b,full_annotation_v1,A,q_네일_08,네일 받으러,뷰티·미용 중 '네일'을 판매·제공하는 매장,train,네일,T5 서비스,59c9b2ce-edf1-4e35-99cc-3747eb8c1e57,다산온누리약국,약국,다산 상생 상점가,골목형상점가,경기도,,,
3c5c9689748c6980eef9,full_annotation_v1,A,q_네일_08,네일 받으러,뷰티·미용 중 '네일'을 판매·제공하는 매장,train,네일,T5 서비스,39af1920-c205-459f-9b4f-0c3acaa77cbb,세원축산,식육,신안미래로 골목형상점가,골목형상점가,광주광역시,,,
ab5dd7360f03d54d8c4f,full_annotation_v1,A,q_네일_08,네일 받으러,뷰티·미용 중 '네일'을 판매·제공하는 매장,train,네일,T5 서비스,f2da6916-c7d4-4ebe-8e94-5e58765ff124,손에핀 네일,네일,해광한신상가번영회 골목형상점가,골목형상점가,광주광역시,,,
5987dd76fa4330f0343b,full_annotation_v1,A,q_네일_08,네일 받으러,뷰티·미용 중 '네일'을 판매·제공하는 매장,train,네일,T5 서비스,e6ef3358-7b5f-4833-b7dc-5656d3d891e6,네일콩,네일,목3동골목형상점가,골목형상점가,서울특별시,,,
d2894f362d44d3abf679,full_annotation_v1,A,q_네일_08,네일 받으러,뷰티·미용 중 '네일'을 판매·제공하는 매장,train,네일,T5 서비스,06a77726-fd6f-4124-90c8-9a99fb990aa0,동백식탁,일반음식점,서부시장,전통시장,대구광역시,,,
405434b9516fc2fa8f49,full_annotation_v1,A,q_네일_08,네일 받으러,뷰티·미용 중 '네일'을 판매·제공하는 매장,train,네일,T5 서비스,c50854e7-b741-47c7-8f5b-420626c54691,"네일,더예뻐",네일,"빛가람 스타타워, 메가티움1차, 메가티움2차 골목형상점가",골목형상점가,전라남도,,,
da36a21667b09804df5d,full_annotation_v1,A,q_네일_08,네일 받으러,뷰티·미용 중 '네일'을 판매·제공하는 매장,train,네일,T5 서비스,38e13ee5-e6b7-414a-9063-9aa635f31590,매력네일,네일,하남 골목형상점가,골목형상점가,광주광역시,,,
280a0f9324bfc108c46c,full_annotation_v1,A,q_네일_08,네일 받으러,뷰티·미용 중 '네일'을 판매·제공하는 매장,train,네일,T5 서비스,00700b8c-3670-4520-bcf5-98c36ed9320b,꽃길네일,네일,무꽃등 골목형상점가,골목형상점가,광주광역시,,,
722f1a9f3593d50290bb,full_annotation_v1,A,q_네일_08,네일 받으러,뷰티·미용 중 '네일'을 판매·제공하는 매장,train,네일,T5 서비스,26ca8574-f34f-471c-b4b3-2d394d88dddf,듀네일,네일,화정금화로상인회 골목형상점가,골목형상점가,광주광역시,,,
c30340ba60810dda4ac7,full_annotation_v1,A,q_네일_08,네일 받으러,뷰티·미용 중 '네일'을 판매·제공하는 매장,train,네일,T5 서비스,007c8a4d-8fa0-486a-885a-e025ae0740b9,유니네일,네일,솔올중앞골목형상점가,골목형상점가,강원특별자치도,,,
f92506d8058c293abbb1,full_annotation_v1,A,q_네일_08,네일 받으러,뷰티·미용 중 '네일'을 판매·제공하는 매장,train,네일,T5 서비스,f4571ed5-0517-4d4c-89f2-688bc514dcca,금네일,네일,양산길 골목형상점가,골목형상점가,광주광역시,,,
d8597c5a80d33622fa4b,full_annotation_v1,A,q_네일_08,네일 받으러,뷰티·미용 중 '네일'을 판매·제공하는 매장,train,네일,T5 서비스,118be106-b3ea-4c87-85cd-465abef39fe6,손톱깎이,손톱손질,고운마음 골목형상점가,골목형상점가,세종특별자치시,,,
8521b8738a1d4b1c966e,full_annotation_v1,A,q_네일_08,네일 받으러,뷰티·미용 중 '네일'을 판매·제공하는 매장,train,네일,T5 서비스,088571a3-ff35-4fa3-b555-4751cb15a04f,반달손톱,,무주반딧불상권활성화구역,상권활성화구역,전북특별자치도,,,
8e21af3d83db1caa7c3e,full_annotation_v1,A,q_네일_08,네일 받으러,뷰티·미용 중 '네일'을 판매·제공하는 매장,train,네일,T5 서비스,1b856a04-9038-498d-bee5-c389e585aa1b,네일림,네일,창원 성원그랜드쇼핑상가,전통시장,경상남도,,,
3efebd4df304f6f86dac,full_annotation_v1,A,q_네일_08,네일 받으러,뷰티·미용 중 '네일'을 판매·제공하는 매장,train,네일,T5 서비스,e11c8ce3-ccda-402d-a269-23d7d7242de1,네일잇,네일,일곡동(제5지역:제1근린공원 건너편),골목형상점가,광주광역시,,,
fb6055f0897437954450,full_annotation_v1,A,q_네일_08,네일 받으러,뷰티·미용 중 '네일'을 판매·제공하는 매장,train,네일,T5 서비스,2f0ddf0a-5c66-48d4-8c29-e21e5670685b,D네일,네일,동명동 카페거리 골목형상점가,골목형상점가,광주광역시,,,
97cb0b7be76081ff4e44,full_annotation_v1,A,q_네일_08,네일 받으러,뷰티·미용 중 '네일'을 판매·제공하는 매장,train,네일,T5 서비스,f176fdc4-6367-4233-9019-e8d2f5b075d8,"네일, 연",네일,야탑 골목형상점가,골목형상점가,경기도,,,
8fbaf694335ceecc90ff,full_annotation_v1,A,q_네일_08,네일 받으러,뷰티·미용 중 '네일'을 판매·제공하는 매장,train,네일,T5 서비스,c680f00d-68e1-4a09-ae2d-f26a1111acd7,아주커치킨 전대점,치킨,신안미래로 골목형상점가,골목형상점가,광주광역시,,,
85b2558731e7f4d09754,full_annotation_v1,A,q_네일_08,네일 받으러,뷰티·미용 중 '네일'을 판매·제공하는 매장,train,네일,T5 서비스,4d27d74d-7e8d-4caa-a975-1e27f8f21339,풀네일,네일,용주로사랑길 골목형상점가,골목형상점가,광주광역시,,,
58716655d481e28b2c57,full_annotation_v1,A,q_네일_08,네일 받으러,뷰티·미용 중 '네일'을 판매·제공하는 매장,train,네일,T5 서비스,79029542-3beb-47df-b726-c3d41153d396,네일유,네일,계림2동발전 골목형상점가,골목형상점가,광주광역시,,,
ccdbd01efa539477428f,full_annotation_v1,A,q_네일_08,네일 받으러,뷰티·미용 중 '네일'을 판매·제공하는 매장,train,네일,T5 서비스,a839812f-e0a8-41c7-a7ee-3db55d41b416,감동 네일,네일,보람동 골목형상점가,골목형상점가,세종특별자치시,,,
3da5a04fc3a2a4dad1ab,full_annotation_v1,A,q_네일_08,네일 받으러,뷰티·미용 중 '네일'을 판매·제공하는 매장,train,네일,T5 서비스,73fd435f-d7c3-41d9-9265-77ec2be51a3c,룸투네일,네일,첨단강변로 골목형상점가,골목형상점가,광주광역시,,,
d7b97208cc7b2e2862d4,full_annotation_v1,A,q_네일_08,네일 받으러,뷰티·미용 중 '네일'을 판매·제공하는 매장,train,네일,T5 서비스,18a491c4-9066-411d-b5bb-e74adb13c158,엠네일,네일,성덕중사거리,골목형상점가,광주광역시,,,
2a75f5932a2f3fb944fb,full_annotation_v1,A,q_네일_08,네일 받으러,뷰티·미용 중 '네일'을 판매·제공하는 매장,train,네일,T5 서비스,363d180a-a929-409e-b9b3-38a23494eabc,한국오토바이,오토바이 수리 및 판매,읍내리 원도심 골목형상점가,골목형상점가,전라남도,,,
b28b19c213f05a90a68e,full_annotation_v1,A,q_네일_08,네일 받으러,뷰티·미용 중 '네일'을 판매·제공하는 매장,train,네일,T5 서비스,72a7202c-8046-44e1-b422-8cf8807170c0,이종은헤어,미용업,정릉시장,전통시장,서울특별시,,,
ed777ae4feecfff3205f,full_annotation_v1,A,q_네일_08,네일 받으러,뷰티·미용 중 '네일'을 판매·제공하는 매장,train,네일,T5 서비스,a6228180-90b5-4b60-97b3-bbd7ca1254a2,블랑드미 네일,네일,우산동상인회 골목형상점가,골목형상점가,광주광역시,,,
6b1caf6cc99f69e8cc90,full_annotation_v1,A,q_네일_08,네일 받으러,뷰티·미용 중 '네일'을 판매·제공하는 매장,train,네일,T5 서비스,a54be32c-a3bc-48a7-92d6-a0aff80bb76a,김군 하우스,한식,마산 창동통합상가,자율상권구역,경상남도,,,
95c482be4ec1fcf2c519,full_annotation_v1,A,q_네일_08,네일 받으러,뷰티·미용 중 '네일'을 판매·제공하는 매장,train,네일,T5 서비스,721dc7a7-9bfd-4160-8782-d3355ef3b93c,"잇,네일",네일,소촌금봉 골목형상점가,골목형상점가,광주광역시,,,
06428f57442067269b39,full_annotation_v1,A,q_네일_08,네일 받으러,뷰티·미용 중 '네일'을 판매·제공하는 매장,train,네일,T5 서비스,eef74bd7-0758-405d-9551-5bd1bacae635,깡블리 네일,네일,미래그린시장,전통시장,경기도,,,
9710621ddf3897e0219a,full_annotation_v1,A,q_네일_08,네일 받으러,뷰티·미용 중 '네일'을 판매·제공하는 매장,train,네일,T5 서비스,03d91ce9-820d-4391-ba82-ba8d0ce304f1,칸네일,네일,화개 상인회 골목형상점가,골목형상점가,광주광역시,,,
f3d87cff1a0f813c6b2a,full_annotation_v1,A,q_네일_08,네일 받으러,뷰티·미용 중 '네일'을 판매·제공하는 매장,train,네일,T5 서비스,e3bfbb35-8e57-490d-9c73-3262b83106d3,"네일,맑음",네일,중앙로 골목형상점가,골목형상점가,전라남도,,,
f702f0cbf05799d2c9e1,full_annotation_v1,A,q_네일_08,네일 받으러,뷰티·미용 중 '네일'을 판매·제공하는 매장,train,네일,T5 서비스,453b08e4-5196-41ed-9f2d-b251c0ab9d7a,별네일,네일,효안 골목형상점가,골목형상점가,광주광역시,,,
62d08ab2e8e92ea1c234,full_annotation_v1,A,q_네일_08,네일 받으러,뷰티·미용 중 '네일'을 판매·제공하는 매장,train,네일,T5 서비스,2a316971-3aef-4d8a-8b64-e0393fbe8467,블루베어 네일,네일,추억담은광주역뒷길 골목형상점가,골목형상점가,광주광역시,,,
922c50b0653f4a43c0de,full_annotation_v1,A,q_네일_08,네일 받으러,뷰티·미용 중 '네일'을 판매·제공하는 매장,train,네일,T5 서비스,155bdb19-8220-40af-ae12-7f3556833359,콩네일,네일,자마장시장골목형상점가,골목형상점가,서울특별시,,,
ee0e661e3d960e08ec5a,full_annotation_v1,A,q_네일_08,네일 받으러,뷰티·미용 중 '네일'을 판매·제공하는 매장,train,네일,T5 서비스,f4e2dc33-a5a5-4964-bed5-78b1c4b5bef0,더 네일,네일,새롬BRT 골목형상점가,골목형상점가,세종특별자치시,,,
bc4acc1950d11164abf4,full_annotation_v1,A,q_네일_08,네일 받으러,뷰티·미용 중 '네일'을 판매·제공하는 매장,train,네일,T5 서비스,f558e053-3a61-42b7-8bfd-f56fe323273a,네일엠,네일,진잠 골목형상점가,골목형상점가,대전광역시,,,
f9e3ef7da0c226283a66,full_annotation_v1,A,q_네일_08,네일 받으러,뷰티·미용 중 '네일'을 판매·제공하는 매장,train,네일,T5 서비스,fbe9a2d0-7d05-401e-a347-3bba3f5e7d39,923뷰티룸_네일,네일,매탄중심상가 골목형상점가,골목형상점가,경기도,,,
396d54cc7f5b7e2219c7,full_annotation_v1,A,q_네일_08,네일 받으러,뷰티·미용 중 '네일'을 판매·제공하는 매장,train,네일,T5 서비스,c7d3b008-53bd-4981-adb1-3b61a9d80923,네일벨,네일,루원이음길 골목형상점가,골목형상점가,인천광역시,,,
4ffe1a9efea0e0cd337f,full_annotation_v1,A,q_네일_08,네일 받으러,뷰티·미용 중 '네일'을 판매·제공하는 매장,train,네일,T5 서비스,933564a4-21ab-4335-b927-49b642a0159a,쏭네일,네일,쌍문시장(쌍문역골목시장),전통시장,서울특별시,,,
bbc8d954c88341672512,full_annotation_v1,A,q_네일_08,네일 받으러,뷰티·미용 중 '네일'을 판매·제공하는 매장,train,네일,T5 서비스,cc75e8b7-4dc9-4729-af2e-fbd7123e071a,쎄네일,네일,법원 앞 사과마을 골목형상점가,골목형상점가,광주광역시,,,
8ecc54e1235cbf1b19e0,full_annotation_v1,A,q_네일_08,네일 받으러,뷰티·미용 중 '네일'을 판매·제공하는 매장,train,네일,T5 서비스,b2465794-9943-4950-a09b-10bb7398a647,네일낭콩,네일,화운로상인회 골목형상점가,골목형상점가,광주광역시,,,
b79e586cdd80c0b72902,full_annotation_v1,A,q_네일_08,네일 받으러,뷰티·미용 중 '네일'을 판매·제공하는 매장,train,네일,T5 서비스,8affea08-6922-4ebe-b59a-b7e3f51e0fd7,나답게 네일,,첨단하나로,골목형상점가,,,,
c6fcce3264a18ca40376,full_annotation_v1,A,q_네일_08,네일 받으러,뷰티·미용 중 '네일'을 판매·제공하는 매장,train,네일,T5 서비스,c286fd29-1ad1-4bae-b8d1-4e2889eceda0,네일#,네일,남천골목시장 골목형상점가,골목형상점가,부산광역시,,,
440547b1fb8e797e3b5f,full_annotation_v1,A,q_네일_08,네일 받으러,뷰티·미용 중 '네일'을 판매·제공하는 매장,train,네일,T5 서비스,4d81ce66-2d3d-4358-9a0e-cd89719aebe6,네일_431,네일,더테라스골목형상점가,골목형상점가,인천광역시,,,
34261152cf67cae83616,full_annotation_v1,A,q_네일_08,네일 받으러,뷰티·미용 중 '네일'을 판매·제공하는 매장,train,네일,T5 서비스,129495a6-a0c7-41d2-9322-d5c3484aa1a9,나비네일,"손톱미용, 피부미용",마산 오동동상인연합상가,자율상권구역,경상남도,,,
98cf63cbaa97701dee49,full_annotation_v1,A,q_네일_08,네일 받으러,뷰티·미용 중 '네일'을 판매·제공하는 매장,train,네일,T5 서비스,f0bc70f0-931a-4d2e-a656-3132b9999793,마호네일,네일,반드레길골목형상점가,골목형상점가,서울특별시,,,
0a7a24b18c32cbd3bde6,full_annotation_v1,A,q_네일_08,네일 받으러,뷰티·미용 중 '네일'을 판매·제공하는 매장,train,네일,T5 서비스,0a8a8b3b-207e-4c35-960b-cff60656a7ac,감성네일,미용업 손톱발톱,일곡동 골목형상점가,골목형상점가,광주광역시,,,
a4b152b7170ce5100c2d,full_annotation_v1,A,q_네일_08,네일 받으러,뷰티·미용 중 '네일'을 판매·제공하는 매장,train,네일,T5 서비스,8197eb52-379e-45b0-939a-3647633953ce,선부청과,과일,선부광장로상점가,자율상권구역,경기도,,,
538198a5287ec89cbe05,full_annotation_v1,A,q_네일_08,네일 받으러,뷰티·미용 중 '네일'을 판매·제공하는 매장,train,네일,T5 서비스,b5ad9033-3947-4851-a724-15b5e76b6f02,"영, 네일",네일,파랑새원룸상인회 골목형상점가,골목형상점가,광주광역시,,,
6859ad963e97757cae1d,full_annotation_v1,A,q_네일_08,네일 받으러,뷰티·미용 중 '네일'을 판매·제공하는 매장,train,네일,T5 서비스,007fee80-11ba-4073-92f1-c67de14eebd2,네일미유,네일아트,반곡동 골목형상점가,골목형상점가,세종특별자치시,,,
ca6b4fad3643d2d2d790,full_annotation_v1,A,q_네일_08,네일 받으러,뷰티·미용 중 '네일'을 판매·제공하는 매장,train,네일,T5 서비스,bc24cd1c-0522-4cbe-a79e-b77ca8512ab0,JJ속눈썹 & 네일,네일,양산동일신아파트 골목형상점가,골목형상점가,광주광역시,,,
c396dbb85a781d929714,full_annotation_v1,A,q_네일_08,네일 받으러,뷰티·미용 중 '네일'을 판매·제공하는 매장,train,네일,T5 서비스,148093b5-96d8-4d2c-b68a-9c7b21282243,뷰네일,네일,금촌명동로시장,전통시장,경기도,,,
ef27c2153954d116569d,full_annotation_v1,A,q_네일_08,네일 받으러,뷰티·미용 중 '네일'을 판매·제공하는 매장,train,네일,T5 서비스,d9f1ce22-36d6-4787-b4f9-2702573bfd29,네일 베이비수,네일,향촌 상가 골목형상점가,골목형상점가,대전광역시,,,
5a58da9322c43f540a72,full_annotation_v1,A,q_네일_08,네일 받으러,뷰티·미용 중 '네일'을 판매·제공하는 매장,train,네일,T5 서비스,eb659763-904e-434c-8301-1f7835b70859,네일 이슬,네일,장덕투게더 골목형상점가,골목형상점가,광주광역시,,,
bec818182cdef26d85b2,full_annotation_v1,A,q_네일_08,네일 받으러,뷰티·미용 중 '네일'을 판매·제공하는 매장,train,네일,T5 서비스,1790372e-459a-48cd-bc47-1cd20d0e5762,네일퀸,네일,삼각동 골목형상점가,골목형상점가,광주광역시,,,
a94087797cc0f85ca1ef,full_annotation_v1,A,q_네일_08,네일 받으러,뷰티·미용 중 '네일'을 판매·제공하는 매장,train,네일,T5 서비스,88274287-6669-4784-b6ef-334f876ed810,네일몽,네일,여수진남상가,자율상권구역,전라남도,,,
c2380db4779841d7c423,full_annotation_v1,A,q_네일_08,네일 받으러,뷰티·미용 중 '네일'을 판매·제공하는 매장,train,네일,T5 서비스,d16666a5-3298-4603-b14b-2339041a361f,네일 애즈유,네일,화운로상인회 골목형상점가,골목형상점가,광주광역시,,,
23c86c6b627480d5f665,full_annotation_v1,A,q_네일_08,네일 받으러,뷰티·미용 중 '네일'을 판매·제공하는 매장,train,네일,T5 서비스,664f9c00-ab23-4531-89b0-e06f4cb8c9d1,네일5샵,네일,우산행복주택,골목형상점가,광주광역시,,,
1055c0236ec27d001c7d,full_annotation_v1,A,q_네일_08,네일 받으러,뷰티·미용 중 '네일'을 판매·제공하는 매장,train,네일,T5 서비스,e91b5d68-9b1e-4bc7-9008-b7266955d56d,네일 뭐해,네일,백운 대성시장 골목형상점가,골목형상점가,광주광역시,,,
753e1ed426a435749fba,full_annotation_v1,A,q_네일_08,네일 받으러,뷰티·미용 중 '네일'을 판매·제공하는 매장,train,네일,T5 서비스,00ca9bc4-3130-4534-8b71-b4e2a72c6a8a,네일뉴데이,네일미용업,목대온기 골목형상점가,골목형상점가,대전광역시,,,
e9b3c30e65d83775736f,full_annotation_v1,A,q_네일_08,네일 받으러,뷰티·미용 중 '네일'을 판매·제공하는 매장,train,네일,T5 서비스,0b955278-5139-41f5-83e0-16c7b7360903,헤이린 네일,네일,휴먼시아 3단지 골목형상점가,골목형상점가,울산광역시,,,
5fa9a6d7f3442b212933,full_annotation_v1,A,q_네일_08,네일 받으러,뷰티·미용 중 '네일'을 판매·제공하는 매장,train,네일,T5 서비스,f86a50fe-ba1e-433e-ab03-541e32563800,"네일,시작",네일,수완하나로 골목형상점가,골목형상점가,광주광역시,,,
1d087ecd4bde602d2bd7,full_annotation_v1,A,q_네일_08,네일 받으러,뷰티·미용 중 '네일'을 판매·제공하는 매장,train,네일,T5 서비스,7e6d6ec7-7dbd-48d0-aa0f-0f13ab72353a,"네일, 느루",네일,다산역 로데오 상점가,자율상권구역,경기도,,,
eb1f0e826d5a800337a9,full_annotation_v1,A,q_네일_08,네일 받으러,뷰티·미용 중 '네일'을 판매·제공하는 매장,train,네일,T5 서비스,343c1b2a-5d80-4350-bd0f-652f78d7f307,뼈다귀촌,한식,일곡동 골목형상점가,골목형상점가,광주광역시,,,
037515011483d48895da,full_annotation_v1,A,q_네일_08,네일 받으러,뷰티·미용 중 '네일'을 판매·제공하는 매장,train,네일,T5 서비스,ad835a2e-cc70-4ebe-a5e1-65f81eb2bb8e,네일 501,네일,양산동 골목형상점가,골목형상점가,광주광역시,,,
1d6bf547cc88e292f663,full_annotation_v1,A,q_네일_08,네일 받으러,뷰티·미용 중 '네일'을 판매·제공하는 매장,train,네일,T5 서비스,dd8725ab-b4f4-404e-86f5-490c6b46603c,라비앙폴댄스,폴댄스,더불어용두 골목형상점가,골목형상점가,광주광역시,,,
9e33bbb0ae1d4a6bd9f2,full_annotation_v1,A,q_네일_08,네일 받으러,뷰티·미용 중 '네일'을 판매·제공하는 매장,train,네일,T5 서비스,f2860710-c569-441d-ad8f-8ecb5dc23af1,동천청과야채,청과,동천동먹자골목1번가상인회 골목형상점가,골목형상점가,광주광역시,,,
21bd850ffb4656f6f083,full_annotation_v1,A,q_네일_09,네일추천,뷰티·미용 중 '네일'을 판매·제공하는 매장,train,네일,T6 기계변형,1790372e-459a-48cd-bc47-1cd20d0e5762,네일퀸,네일,삼각동 골목형상점가,골목형상점가,광주광역시,,,
659e43023d24f90f4b95,full_annotation_v1,A,q_네일_09,네일추천,뷰티·미용 중 '네일'을 판매·제공하는 매장,train,네일,T6 기계변형,77c1d628-eac1-4fd7-8a3e-aa4c9bfa8d96,네일콩,네일,구미 금리단길 골목형상점가,골목형상점가,경상북도,,,
693375f3fb3c1d917a7b,full_annotation_v1,A,q_네일_09,네일추천,뷰티·미용 중 '네일'을 판매·제공하는 매장,train,네일,T6 기계변형,f981cb35-d304-4c4e-939b-b676de25bac1,태현,"스타킹, 양말",신평화패션타운,전통시장,서울특별시,,,
7426c56fd7127814505e,full_annotation_v1,A,q_네일_09,네일추천,뷰티·미용 중 '네일'을 판매·제공하는 매장,train,네일,T6 기계변형,c8ff43b6-4a54-4e3e-8ef2-2a808a130f3a,비웰스튜디오,,매탄골목상인회 골목형상점가,골목형상점가,경기도,,,
d843e58f0a31598d253c,full_annotation_v1,A,q_네일_09,네일추천,뷰티·미용 중 '네일'을 판매·제공하는 매장,train,네일,T6 기계변형,ced11ee1-093d-44f5-98c4-c502493760b0,네일핏,,용산동 골목형상점가,골목형상점가,대전광역시,,,
4a5558ced44b1a94d4b3,full_annotation_v1,A,q_네일_09,네일추천,뷰티·미용 중 '네일'을 판매·제공하는 매장,train,네일,T6 기계변형,088571a3-ff35-4fa3-b555-4751cb15a04f,반달손톱,,무주반딧불상권활성화구역,상권활성화구역,전북특별자치도,,,
5ea6245d71e8561047d9,full_annotation_v1,A,q_네일_09,네일추천,뷰티·미용 중 '네일'을 판매·제공하는 매장,train,네일,T6 기계변형,3cb59977-064d-4435-9ccb-e7a2b7ec7871,꾸네일,네일업,더불어용두 골목형상점가,골목형상점가,광주광역시,,,
646b7ecf4e4da4797d98,full_annotation_v1,A,q_네일_09,네일추천,뷰티·미용 중 '네일'을 판매·제공하는 매장,train,네일,T6 기계변형,00fb9ee1-65d6-4d91-8728-ddc945df6db7,네일정원,네일,용해동 포미타운 골목형상점가,골목형상점가,전라남도,,,
32264e9eb69918c61fa7,full_annotation_v1,A,q_네일_09,네일추천,뷰티·미용 중 '네일'을 판매·제공하는 매장,train,네일,T6 기계변형,36cf5101-1e3d-453e-9949-767405b746c3,네일링,네일,파랑새원룸상인회 골목형상점가,골목형상점가,광주광역시,,,
b6f87397bdccff4dff7d,full_annotation_v1,A,q_네일_09,네일추천,뷰티·미용 중 '네일'을 판매·제공하는 매장,train,네일,T6 기계변형,129495a6-a0c7-41d2-9322-d5c3484aa1a9,나비네일,"손톱미용, 피부미용",마산 오동동상인연합상가,자율상권구역,경상남도,,,
d5cd93bc70b203b35f24,full_annotation_v1,A,q_네일_09,네일추천,뷰티·미용 중 '네일'을 판매·제공하는 매장,train,네일,T6 기계변형,88274287-6669-4784-b6ef-334f876ed810,네일몽,네일,여수진남상가,자율상권구역,전라남도,,,
302cc594343b5151598c,full_annotation_v1,A,q_네일_09,네일추천,뷰티·미용 중 '네일'을 판매·제공하는 매장,train,네일,T6 기계변형,007fee80-11ba-4073-92f1-c67de14eebd2,네일미유,네일아트,반곡동 골목형상점가,골목형상점가,세종특별자치시,,,
17e6fa37d3fb7856151a,full_annotation_v1,A,q_네일_09,네일추천,뷰티·미용 중 '네일'을 판매·제공하는 매장,train,네일,T6 기계변형,00ca9bc4-3130-4534-8b71-b4e2a72c6a8a,네일뉴데이,네일미용업,목대온기 골목형상점가,골목형상점가,대전광역시,,,
5ec0f1cf4c8acb24ec93,full_annotation_v1,A,q_네일_09,네일추천,뷰티·미용 중 '네일'을 판매·제공하는 매장,train,네일,T6 기계변형,b2465794-9943-4950-a09b-10bb7398a647,네일낭콩,네일,화운로상인회 골목형상점가,골목형상점가,광주광역시,,,
7006a0cc99c0edf6958e,full_annotation_v1,A,q_네일_09,네일추천,뷰티·미용 중 '네일'을 판매·제공하는 매장,train,네일,T6 기계변형,d1f4e7d2-aa1c-43c7-957c-0b1c948a1772,봉황상회,식자재,남광주해뜨는시장,전통시장,,,,
7f4102207ae914142d34,full_annotation_v1,A,q_네일_09,네일추천,뷰티·미용 중 '네일'을 판매·제공하는 매장,train,네일,T6 기계변형,d4ac832e-e8b9-485c-b591-cb4f73a3c114,네일꽃,네일,창원 사파동성종합상가,전통시장,경상남도,,,
569bedc06a5ec3363d1c,full_annotation_v1,A,q_네일_09,네일추천,뷰티·미용 중 '네일'을 판매·제공하는 매장,train,네일,T6 기계변형,faf8e570-56b6-4e69-9d5e-05d0de58377d,백섹,통신기기,앞산비스타동원상가 골목형상점가,골목형상점가,대구광역시,,,
96f4b0939f57248ede59,full_annotation_v1,A,q_네일_09,네일추천,뷰티·미용 중 '네일'을 판매·제공하는 매장,train,네일,T6 기계변형,0a8a8b3b-207e-4c35-960b-cff60656a7ac,감성네일,미용업 손톱발톱,일곡동 골목형상점가,골목형상점가,광주광역시,,,
0e8525fedf9c3904f397,full_annotation_v1,A,q_네일_09,네일추천,뷰티·미용 중 '네일'을 판매·제공하는 매장,train,네일,T6 기계변형,528125ff-eaba-4a27-bbf5-e584b6a35175,오뎅옥타쿠미,한식,두정동상점가,자율상권구역,충청남도,,,
683c0e3aea9367de7bca,full_annotation_v1,A,q_네일_09,네일추천,뷰티·미용 중 '네일'을 판매·제공하는 매장,train,네일,T6 기계변형,ab73b036-f8e9-4a06-b7fd-c5dbbb579164,오는정,음식(한식),세종마을음식문화거리,자율상권구역,서울특별시,,,
a0b7dd05ab4e9ae8c66e,full_annotation_v1,A,q_네일_09,네일추천,뷰티·미용 중 '네일'을 판매·제공하는 매장,train,네일,T6 기계변형,39f9b597-8200-4df5-adc4-42638fb5d704,휴담.결,,매탄골목상인회 골목형상점가,골목형상점가,경기도,,,
33d7d809e19d17d2914d,full_annotation_v1,A,q_네일_09,네일추천,뷰티·미용 중 '네일'을 판매·제공하는 매장,train,네일,T6 기계변형,1b856a04-9038-498d-bee5-c389e585aa1b,네일림,네일,창원 성원그랜드쇼핑상가,전통시장,경상남도,,,
36f0235060b26ebd9e96,full_annotation_v1,A,q_네일_09,네일추천,뷰티·미용 중 '네일'을 판매·제공하는 매장,train,네일,T6 기계변형,b8938a17-2d0c-4e8e-aa53-b9fd07ea70d6,네일영롱,네일,산본로데오거리(구 산본중심상가),자율상권구역,경기도,,,
64bc2bcdb7aea183e877,full_annotation_v1,A,q_네일_09,네일추천,뷰티·미용 중 '네일'을 판매·제공하는 매장,train,네일,T6 기계변형,00d5be47-44d0-4e0b-aba0-74427ee58602,소유뷰티,네일,산본로데오거리(구 산본중심상가),자율상권구역,경기도,,,
10eea4239e374ace924a,full_annotation_v1,A,q_네일_09,네일추천,뷰티·미용 중 '네일'을 판매·제공하는 매장,train,네일,T6 기계변형,514b0d39-6916-4317-81aa-7d4bb53906b2,네일초이,네일,명덕마을 골목형상점가,골목형상점가,울산광역시,,,
4d2b3fb183d9cb6bef18,full_annotation_v1,A,q_네일_09,네일추천,뷰티·미용 중 '네일'을 판매·제공하는 매장,train,네일,T6 기계변형,664f9c00-ab23-4531-89b0-e06f4cb8c9d1,네일5샵,네일,우산행복주택,골목형상점가,광주광역시,,,
f0e512cee7560a8ecb2c,full_annotation_v1,A,q_네일_09,네일추천,뷰티·미용 중 '네일'을 판매·제공하는 매장,train,네일,T6 기계변형,4d34f3c6-4d11-49de-8bc2-cc87b48ea32e,네일던,,한뜰누리 골목형상점가,골목형상점가,세종특별자치시,,,
8adacbd28ea29b5f08cb,full_annotation_v1,A,q_네일_09,네일추천,뷰티·미용 중 '네일'을 판매·제공하는 매장,train,네일,T6 기계변형,31288f48-7b95-4e41-b238-ed600cd0970d,태웅,한식,대흥사 골목형상점가,골목형상점가,전라남도,,,
609f67a666ea660294f6,full_annotation_v1,A,q_네일_09,네일추천,뷰티·미용 중 '네일'을 판매·제공하는 매장,train,네일,T6 기계변형,c981847b-b511-468a-a5d9-f0d36b137196,네일르아,네일,본촌 사랑마을 골목형상점가,골목형상점가,광주광역시,,,
dfcd638f28c9d32860fb,full_annotation_v1,A,q_네일_09,네일추천,뷰티·미용 중 '네일'을 판매·제공하는 매장,train,네일,T6 기계변형,ac5b6d7b-7179-4d58-b122-79d705dc5113,네일봄,네일,창원 가음시장대상가,전통시장,경상남도,,,
1edfcc32a03338954a9b,full_annotation_v1,A,q_네일_09,네일추천,뷰티·미용 중 '네일'을 판매·제공하는 매장,train,네일,T6 기계변형,07245b1d-91d1-4a96-a806-738d4011b7c4,네일티나,네일,명촌꽃길 골목형상점가,골목형상점가,울산광역시,,,
c3bd460668a10758940c,full_annotation_v1,A,q_네일_09,네일추천,뷰티·미용 중 '네일'을 판매·제공하는 매장,train,네일,T6 기계변형,c7d3b008-53bd-4981-adb1-3b61a9d80923,네일벨,네일,루원이음길 골목형상점가,골목형상점가,인천광역시,,,
c5dfdd10d359fbbeebc1,full_annotation_v1,A,q_네일_09,네일추천,뷰티·미용 중 '네일'을 판매·제공하는 매장,train,네일,T6 기계변형,3a6183d4-5127-408b-abab-cb10918de312,네일엔또,네일,메트로센터(반월당지하쇼핑),일반지하상점가,대구광역시,,,
ec299072537a517e1322,full_annotation_v1,A,q_네일_09,네일추천,뷰티·미용 중 '네일'을 판매·제공하는 매장,train,네일,T6 기계변형,51825418-7f56-429f-b585-5b768c7b48e0,네일블링,네일,문흥금호아파트 골목형상점가,골목형상점가,광주광역시,,,
4bdd7227070e88db48ef,full_annotation_v1,A,q_네일_09,네일추천,뷰티·미용 중 '네일'을 판매·제공하는 매장,train,네일,T6 기계변형,79029542-3beb-47df-b726-c3d41153d396,네일유,네일,계림2동발전 골목형상점가,골목형상점가,광주광역시,,,
e2ebb532b58038f92c53,full_annotation_v1,A,q_네일_09,네일추천,뷰티·미용 중 '네일'을 판매·제공하는 매장,train,네일,T6 기계변형,bcc059e6-31a1-45cf-b6f1-c74c39684553,유한회사 위푸드코리아,수산물,가락몰골목형상점가,골목형상점가,서울특별시,,,
f25a6238c7a9441b0fb0,full_annotation_v1,A,q_네일_09,네일추천,뷰티·미용 중 '네일'을 판매·제공하는 매장,train,네일,T6 기계변형,1ce8f563-2113-4f99-b66a-57860ccc72ef,유건모밀,만두,광주송정역세권 상권활성화구역,상권활성화구역,,,,
bf0ab3c24e1ba81c6b23,full_annotation_v1,A,q_네일_09,네일추천,뷰티·미용 중 '네일'을 판매·제공하는 매장,train,네일,T6 기계변형,efca1f79-b3d5-4fb2-b45f-2d01e60b12ca,네일슈,네일,삼익사거리 골목형상점가,골목형상점가,광주광역시,,,
f9987e178a1aa54cd508,full_annotation_v1,A,q_네일_09,네일추천,뷰티·미용 중 '네일'을 판매·제공하는 매장,train,네일,T6 기계변형,f558e053-3a61-42b7-8bfd-f56fe323273a,네일엠,네일,진잠 골목형상점가,골목형상점가,대전광역시,,,
6bc220d0dba4000d3ecf,full_annotation_v1,A,q_네일_09,네일추천,뷰티·미용 중 '네일'을 판매·제공하는 매장,train,네일,T6 기계변형,e11c8ce3-ccda-402d-a269-23d7d7242de1,네일잇,네일,일곡동(제5지역:제1근린공원 건너편),골목형상점가,광주광역시,,,
f53c69beb5a90223c311,full_annotation_v1,A,q_네일_09,네일추천,뷰티·미용 중 '네일'을 판매·제공하는 매장,train,네일,T6 기계변형,b3759394-f764-4318-a930-867cd97f1dbb,도미노피자,피자,매곡 골목형상점가,골목형상점가,대구광역시,,,
82103a83e247375f8ae4,full_annotation_v1,A,q_네일_09,네일추천,뷰티·미용 중 '네일'을 판매·제공하는 매장,train,네일,T6 기계변형,00b43268-5724-4c00-8433-812811783452,비비드샵,네일,반드레길골목형상점가,골목형상점가,서울특별시,,,
3e82ae2f5a063b2cc4f6,full_annotation_v1,A,q_네일_09,네일추천,뷰티·미용 중 '네일'을 판매·제공하는 매장,train,네일,T6 기계변형,007c8a4d-8fa0-486a-885a-e025ae0740b9,유니네일,네일,솔올중앞골목형상점가,골목형상점가,강원특별자치도,,,
16877e5bb0186c159fba,full_annotation_v1,A,q_네일_09,네일추천,뷰티·미용 중 '네일'을 판매·제공하는 매장,train,네일,T6 기계변형,e0bdb0b7-b261-4528-8ba5-46b6cd4517e5,네일홀릭,네일,신가동 골목형상점가,골목형상점가,광주광역시,,,
920ddbf3d15f14d87723,full_annotation_v1,A,q_네일_09,네일추천,뷰티·미용 중 '네일'을 판매·제공하는 매장,train,네일,T6 기계변형,9c4e7040-5559-47fd-9a36-670af757083b,네일엘라,네일,문화의거리 상점가,자율상권구역,울산광역시,,,
79c1230b61e128cb3d33,full_annotation_v1,A,q_네일_09,네일추천,뷰티·미용 중 '네일'을 판매·제공하는 매장,train,네일,T6 기계변형,dbd459e5-3abe-4fc0-a765-d0936e0e18f0,네일원,네일,본촌용두 골목형상점가,골목형상점가,광주광역시,,,
07fbc7ee999be4ce7d50,full_annotation_v1,A,q_네일_09,네일추천,뷰티·미용 중 '네일'을 판매·제공하는 매장,train,네일,T6 기계변형,4f7ef5fd-c9b7-46bc-80e9-a47b7f64d107,네일킴,네일,상무1동아파트상인회 골목형상점가,골목형상점가,광주광역시,,,
1a7063f0eadaf6d21868,full_annotation_v1,A,q_네일_09,네일추천,뷰티·미용 중 '네일'을 판매·제공하는 매장,train,네일,T6 기계변형,00700b8c-3670-4520-bcf5-98c36ed9320b,꽃길네일,네일,무꽃등 골목형상점가,골목형상점가,광주광역시,,,
ee0f0a6cd95aa48ffa8b,full_annotation_v1,A,q_네일_09,네일추천,뷰티·미용 중 '네일'을 판매·제공하는 매장,train,네일,T6 기계변형,56ed2df4-60ff-431a-8eb7-dd5970195a91,네일쩨이,,파워존 골목형상점가,골목형상점가,대전광역시,,,
effc41fe935684ed6f00,full_annotation_v1,A,q_네일_09,네일추천,뷰티·미용 중 '네일'을 판매·제공하는 매장,train,네일,T6 기계변형,7961ca9f-9020-44fd-b6a2-ffce95cbd637,네일르,네일,해운대 화목쇼핑타운 골목형 상점가,골목형상점가,부산광역시,,,
aec7690c9464acfe6d9c,full_annotation_v1,A,q_네일_09,네일추천,뷰티·미용 중 '네일'을 판매·제공하는 매장,train,네일,T6 기계변형,373b5f50-22a0-45f6-b020-fe4fac7c564d,태백영창뮤직,종합악기사,태백마루 자율상권,,강원특별자치도,,,
c4de38ceec87c1567bb1,full_annotation_v1,A,q_네일_09,네일추천,뷰티·미용 중 '네일'을 판매·제공하는 매장,train,네일,T6 기계변형,118be106-b3ea-4c87-85cd-465abef39fe6,손톱깎이,손톱손질,고운마음 골목형상점가,골목형상점가,세종특별자치시,,,
69362cd304952f425ad7,full_annotation_v1,A,q_네일_09,네일추천,뷰티·미용 중 '네일'을 판매·제공하는 매장,train,네일,T6 기계변형,e6ef3358-7b5f-4833-b7dc-5656d3d891e6,네일콩,네일,목3동골목형상점가,골목형상점가,서울특별시,,,
46092cba00510c13d000,full_annotation_v1,A,q_네일_09,네일추천,뷰티·미용 중 '네일'을 판매·제공하는 매장,train,네일,T6 기계변형,751762b3-e337-42f8-ac1b-d1f29f0ec4c5,도도리,애견미용,매곡 골목형상점가,골목형상점가,대구광역시,,,
946576faeada57d91fd5,full_annotation_v1,A,q_네일_09,네일추천,뷰티·미용 중 '네일'을 판매·제공하는 매장,train,네일,T6 기계변형,d9e20ea5-3b4b-48a4-9882-5ccabdbcb7d2,삼삼떡집,떡,동쪽바다중앙시장(구 동해중앙시장),전통시장,강원특별자치도,,,
d6f630a1f3ca7920063a,full_annotation_v1,A,q_네일_09,네일추천,뷰티·미용 중 '네일'을 판매·제공하는 매장,train,네일,T6 기계변형,bd5bac33-3d1a-47a9-989c-92e78e80a722,한독안경원아이디어사,안경,태백마루 자율상권,,강원특별자치도,,,
c7b3dbc3ba8791eeb693,full_annotation_v1,A,q_네일_09,네일추천,뷰티·미용 중 '네일'을 판매·제공하는 매장,train,네일,T6 기계변형,8189cbe5-3128-4532-9672-3758be1acb46,네일80#,네일,임방울거리1구역 골목형상점가,골목형상점가,광주광역시,,,
0f68aeb6048f47364cba,full_annotation_v1,A,q_네일_09,네일추천,뷰티·미용 중 '네일'을 판매·제공하는 매장,train,네일,T6 기계변형,8ebad00d-ca85-44ea-b3e8-07346e82ab2a,네일듀,네일,양산동일신아파트 골목형상점가,골목형상점가,광주광역시,,,
ba7d5d98342accf3e86d,full_annotation_v1,A,q_네일_09,네일추천,뷰티·미용 중 '네일'을 판매·제공하는 매장,train,네일,T6 기계변형,35011ab2-9086-4f2c-86c3-c6da85e3d358,네일핏,네일,매곡 가인 골목형상점가,골목형상점가,광주광역시,,,
140d80c739838dc69ffd,full_annotation_v1,A,q_네일_09,네일추천,뷰티·미용 중 '네일'을 판매·제공하는 매장,train,네일,T6 기계변형,9c746d6e-ead6-4221-a4e3-ecd45011d35c,네일왓찌,네일,메트로프라자,일반지하상점가,대구광역시,,,
f31a2c170e05d7985bc2,full_annotation_v1,A,q_네일_09,네일추천,뷰티·미용 중 '네일'을 판매·제공하는 매장,train,네일,T6 기계변형,9f2b189c-e4b1-47e0-b2da-9b64bf6db613,네일밤부,네일,운천호수공원상인회 골목형상점가,골목형상점가,광주광역시,,,
27d33fc3f856c0d17ae9,full_annotation_v1,A,q_네일_09,네일추천,뷰티·미용 중 '네일'을 판매·제공하는 매장,train,네일,T6 기계변형,2d3e9562-8ca8-4767-b58a-e46b42623a08,네일히포,네일,원주중앙로문화의거리,자율상권구역,강원특별자치도,,,
4c0b9be6625888f62e68,full_annotation_v1,A,q_네일_09,네일추천,뷰티·미용 중 '네일'을 판매·제공하는 매장,train,네일,T6 기계변형,a43db830-c61d-4c96-bce8-bac7b3226275,네일인,네일,첨단이웃사랑 골목형상점가,골목형상점가,광주광역시,,,
a669658286fa09a7c779,full_annotation_v1,A,q_네일_09,네일추천,뷰티·미용 중 '네일'을 판매·제공하는 매장,train,네일,T6 기계변형,ff2a7d2b-70b7-4f76-a3ed-6e04941735d2,네일주,네일,대추나무골 골목형상점가,골목형상점가,경기도,,,
a450948e60f90f884e23,full_annotation_v1,A,q_네일_09,네일추천,뷰티·미용 중 '네일'을 판매·제공하는 매장,train,네일,T6 기계변형,2199ac5e-9ca5-4646-8151-c6298fdb7819,리나뷰티,미용업손톱발톱피부,천안신부문화거리상점가,자율상권구역,충청남도,,,
22200df8c94b039255c2,full_annotation_v1,A,q_네일_09,네일추천,뷰티·미용 중 '네일'을 판매·제공하는 매장,train,네일,T6 기계변형,61261848-bbe4-415a-935b-8901ae7d1caf,대치떡집,소매(떡),길동복조리시장,전통시장,서울특별시,,,
074094ccdda5353de541,full_annotation_v1,A,q_네일_09,네일추천,뷰티·미용 중 '네일'을 판매·제공하는 매장,train,네일,T6 기계변형,eb556239-1735-484e-b8c8-f063f33750b9,네일주아,네일,시청앞 골목형상점가,골목형상점가,충청남도,,,
cc680c2616b61397b80a,full_annotation_v1,A,q_네일_10,네잉,뷰티·미용 중 '네일'을 판매·제공하는 매장,train,네일,T6 기계변형,20153a77-0a87-44c0-bd02-7775fea319a8,수진동점 신한국통닭,통닭,번성 상점가,골목형상점가,경기도,,,
8c789b5945702cdb1906,full_annotation_v1,A,q_네일_10,네잉,뷰티·미용 중 '네일'을 판매·제공하는 매장,train,네일,T6 기계변형,6877acfb-987f-4350-8c57-a846f0bb9888,부부찐빵,찐빵만두,충주자유시장,전통시장,충청북도,,,
a907f2ff837b302d9657,full_annotation_v1,A,q_네일_10,네잉,뷰티·미용 중 '네일'을 판매·제공하는 매장,train,네일,T6 기계변형,00700b8c-3670-4520-bcf5-98c36ed9320b,꽃길네일,네일,무꽃등 골목형상점가,골목형상점가,광주광역시,,,
7d789b371f488c1bb6c1,full_annotation_v1,A,q_네일_10,네잉,뷰티·미용 중 '네일'을 판매·제공하는 매장,train,네일,T6 기계변형,3bd9ddab-79d6-4a4d-981a-354bf4fb7d28,카울란(KAULAN),의류,춘천 원도심 상권활성화,상권활성화구역,강원특별자치도,,,
8ee05a5f1d5f0c44e769,full_annotation_v1,A,q_네일_10,네잉,뷰티·미용 중 '네일'을 판매·제공하는 매장,train,네일,T6 기계변형,2e054eec-c126-4e5b-9adb-db1c220e14f9,로맨스빠빠의곱창가게,음식점,검단중앙 골목형상점가,골목형상점가,인천광역시,,,
5ff47af8eaf77990ea4a,full_annotation_v1,A,q_네일_10,네잉,뷰티·미용 중 '네일'을 판매·제공하는 매장,train,네일,T6 기계변형,4d116571-232e-46ab-b78f-53dd678efbc8,바이크잉,자전거,효덕마을 골목형상점가,골목형상점가,광주광역시,,,
f35bae5881498688bef0,full_annotation_v1,A,q_네일_10,네잉,뷰티·미용 중 '네일'을 판매·제공하는 매장,train,네일,T6 기계변형,56ed2df4-60ff-431a-8eb7-dd5970195a91,네일쩨이,,파워존 골목형상점가,골목형상점가,대전광역시,,,
2c3198078b1b85d9bc19,full_annotation_v1,A,q_네일_10,네잉,뷰티·미용 중 '네일'을 판매·제공하는 매장,train,네일,T6 기계변형,35da6fd9-aa03-48f3-8aab-c259adee5994,대덕농산,과잉,청량리청과물시장,전통시장,서울특별시,,,
129f4cb2ad81dda558f4,full_annotation_v1,A,q_네일_10,네잉,뷰티·미용 중 '네일'을 판매·제공하는 매장,train,네일,T6 기계변형,dfd34262-070c-4a3d-810c-ed93ed6fed75,유유쏘잉,,동해남부재래시장,전통시장,강원특별자치도,,,
0b056f3b23088a6e014d,full_annotation_v1,A,q_네일_10,네잉,뷰티·미용 중 '네일'을 판매·제공하는 매장,train,네일,T6 기계변형,9c746d6e-ead6-4221-a4e3-ecd45011d35c,네일왓찌,네일,메트로프라자,일반지하상점가,대구광역시,,,
1f6304034cdd43a44659,full_annotation_v1,A,q_네일_10,네잉,뷰티·미용 중 '네일'을 판매·제공하는 매장,train,네일,T6 기계변형,cac1cbfd-16d8-4153-9a87-f3a28241c3c7,커피포션,커피,동천동벚꽃길상인회 골목형상점가,골목형상점가,광주광역시,,,
aa8013e9c374d61aefce,full_annotation_v1,A,q_네일_10,네잉,뷰티·미용 중 '네일'을 판매·제공하는 매장,train,네일,T6 기계변형,88274287-6669-4784-b6ef-334f876ed810,네일몽,네일,여수진남상가,자율상권구역,전라남도,,,
efdca8b6217325e68385,full_annotation_v1,A,q_네일_10,네잉,뷰티·미용 중 '네일'을 판매·제공하는 매장,train,네일,T6 기계변형,40e4850e-0db0-4416-90f2-7285c9fe0135,주성종합상사,전기자재,인천산업유통센터,전통시장,인천광역시,,,
2805f4e8f7730808cfc0,full_annotation_v1,A,q_네일_10,네잉,뷰티·미용 중 '네일'을 판매·제공하는 매장,train,네일,T6 기계변형,ced11ee1-093d-44f5-98c4-c502493760b0,네일핏,,용산동 골목형상점가,골목형상점가,대전광역시,,,
685edc1a2f5ab774704d,full_annotation_v1,A,q_네일_10,네잉,뷰티·미용 중 '네일'을 판매·제공하는 매장,train,네일,T6 기계변형,0a8a8b3b-207e-4c35-960b-cff60656a7ac,감성네일,미용업 손톱발톱,일곡동 골목형상점가,골목형상점가,광주광역시,,,
624b537fb4c2326ed254,full_annotation_v1,A,q_네일_10,네잉,뷰티·미용 중 '네일'을 판매·제공하는 매장,train,네일,T6 기계변형,c7d3b008-53bd-4981-adb1-3b61a9d80923,네일벨,네일,루원이음길 골목형상점가,골목형상점가,인천광역시,,,
7e6129cd5bc0906c0696,full_annotation_v1,A,q_네일_10,네잉,뷰티·미용 중 '네일'을 판매·제공하는 매장,train,네일,T6 기계변형,00b43268-5724-4c00-8433-812811783452,비비드샵,네일,반드레길골목형상점가,골목형상점가,서울특별시,,,
7258a56f1f972d520239,full_annotation_v1,A,q_네일_10,네잉,뷰티·미용 중 '네일'을 판매·제공하는 매장,train,네일,T6 기계변형,118be106-b3ea-4c87-85cd-465abef39fe6,손톱깎이,손톱손질,고운마음 골목형상점가,골목형상점가,세종특별자치시,,,
e1aa2e9a011c40ae7257,full_annotation_v1,A,q_네일_10,네잉,뷰티·미용 중 '네일'을 판매·제공하는 매장,train,네일,T6 기계변형,00d5be47-44d0-4e0b-aba0-74427ee58602,소유뷰티,네일,산본로데오거리(구 산본중심상가),자율상권구역,경기도,,,
ae254bd00abf063695a7,full_annotation_v1,A,q_네일_10,네잉,뷰티·미용 중 '네일'을 판매·제공하는 매장,train,네일,T6 기계변형,129495a6-a0c7-41d2-9322-d5c3484aa1a9,나비네일,"손톱미용, 피부미용",마산 오동동상인연합상가,자율상권구역,경상남도,,,
d82fa7a18000a366c03a,full_annotation_v1,A,q_네일_10,네잉,뷰티·미용 중 '네일'을 판매·제공하는 매장,train,네일,T6 기계변형,dbd459e5-3abe-4fc0-a765-d0936e0e18f0,네일원,네일,본촌용두 골목형상점가,골목형상점가,광주광역시,,,
829e99b11615b724814f,full_annotation_v1,A,q_네일_10,네잉,뷰티·미용 중 '네일'을 판매·제공하는 매장,train,네일,T6 기계변형,1790372e-459a-48cd-bc47-1cd20d0e5762,네일퀸,네일,삼각동 골목형상점가,골목형상점가,광주광역시,,,
ba6486ba7157790602df,full_annotation_v1,A,q_네일_10,네잉,뷰티·미용 중 '네일'을 판매·제공하는 매장,train,네일,T6 기계변형,b2465794-9943-4950-a09b-10bb7398a647,네일낭콩,네일,화운로상인회 골목형상점가,골목형상점가,광주광역시,,,
7c0917bd02ad4aeb63f4,full_annotation_v1,A,q_네일_10,네잉,뷰티·미용 중 '네일'을 판매·제공하는 매장,train,네일,T6 기계변형,4a080d6f-6033-4fbc-aa35-6ab2576957a2,사마브루잉,,도마달 골목형상점가,골목형상점가,대전광역시,,,
b8b10cfc912731de49df,full_annotation_v1,A,q_네일_10,네잉,뷰티·미용 중 '네일'을 판매·제공하는 매장,train,네일,T6 기계변형,b143b02c-617b-4b5a-ae48-c26367aff18f,쿠잉,의류,흥국상가,자율상권구역,전라남도,,,
778c2786105b8b30ce49,full_annotation_v1,A,q_네일_10,네잉,뷰티·미용 중 '네일'을 판매·제공하는 매장,train,네일,T6 기계변형,7961ca9f-9020-44fd-b6a2-ffce95cbd637,네일르,네일,해운대 화목쇼핑타운 골목형 상점가,골목형상점가,부산광역시,,,
1e83c5ab35901ffda919,full_annotation_v1,A,q_네일_10,네잉,뷰티·미용 중 '네일'을 판매·제공하는 매장,train,네일,T6 기계변형,f69aded2-e40f-4755-b7ea-5dafce845d6d,한빛소잉,의류직물제품,한빛프라자 골목형상점가,골목형상점가,대전광역시,,,
6106066010719c968c75,full_annotation_v1,A,q_네일_10,네잉,뷰티·미용 중 '네일'을 판매·제공하는 매장,train,네일,T6 기계변형,1b856a04-9038-498d-bee5-c389e585aa1b,네일림,네일,창원 성원그랜드쇼핑상가,전통시장,경상남도,,,
032106b77edf6c3180c0,full_annotation_v1,A,q_네일_10,네잉,뷰티·미용 중 '네일'을 판매·제공하는 매장,train,네일,T6 기계변형,a51fe241-9ebd-4a5c-8660-4eb06865da11,다소니 드로잉,,고운뜰 골목형상점가,골목형상점가,세종특별자치시,,,
09909d457cac48fe6b1f,full_annotation_v1,A,q_네일_10,네잉,뷰티·미용 중 '네일'을 판매·제공하는 매장,train,네일,T6 기계변형,59c53557-1d71-4b59-8690-250146bbc548,아영보세,도매및소매업(중고의류),코끼리시장,전통시장,경기도,,,
21a3e10ee263c7d26202,full_annotation_v1,A,q_네일_10,네잉,뷰티·미용 중 '네일'을 판매·제공하는 매장,train,네일,T6 기계변형,00fb9ee1-65d6-4d91-8728-ddc945df6db7,네일정원,네일,용해동 포미타운 골목형상점가,골목형상점가,전라남도,,,
faa6ec1a10b3d2730fd8,full_annotation_v1,A,q_네일_10,네잉,뷰티·미용 중 '네일'을 판매·제공하는 매장,train,네일,T6 기계변형,ba4017e7-769b-4b1f-8a8d-00b24fdb884c,금풍인삼사,홍삼,부사동 인삼거리 골목형상점가,골목형상점가,대전광역시,,,
e6481c5b4930359d5e99,full_annotation_v1,A,q_네일_10,네잉,뷰티·미용 중 '네일'을 판매·제공하는 매장,train,네일,T6 기계변형,088571a3-ff35-4fa3-b555-4751cb15a04f,반달손톱,,무주반딧불상권활성화구역,상권활성화구역,전북특별자치도,,,
9d4e3babc5ab4fc13e14,full_annotation_v1,A,q_네일_10,네잉,뷰티·미용 중 '네일'을 판매·제공하는 매장,train,네일,T6 기계변형,2199ac5e-9ca5-4646-8151-c6298fdb7819,리나뷰티,미용업손톱발톱피부,천안신부문화거리상점가,자율상권구역,충청남도,,,
479c30b71e74d3de2d93,full_annotation_v1,A,q_네일_10,네잉,뷰티·미용 중 '네일'을 판매·제공하는 매장,train,네일,T6 기계변형,ff2a7d2b-70b7-4f76-a3ed-6e04941735d2,네일주,네일,대추나무골 골목형상점가,골목형상점가,경기도,,,
8e32c28a3138c912360f,full_annotation_v1,A,q_네일_10,네잉,뷰티·미용 중 '네일'을 판매·제공하는 매장,train,네일,T6 기계변형,c3f86f40-ceea-47d1-a156-53160c10a408,이태원수입,옷,전주중앙상가시장,전통시장,전북특별자치도,,,
cc0fe4074e24deed6c73,full_annotation_v1,A,q_네일_10,네잉,뷰티·미용 중 '네일'을 판매·제공하는 매장,train,네일,T6 기계변형,f558e053-3a61-42b7-8bfd-f56fe323273a,네일엠,네일,진잠 골목형상점가,골목형상점가,대전광역시,,,
dbdb7ec519a51d670004,full_annotation_v1,A,q_네일_10,네잉,뷰티·미용 중 '네일'을 판매·제공하는 매장,train,네일,T6 기계변형,86b97811-a926-4388-b026-90678bd9700c,이포잉,의류 및 잡화,주월리 골목형상점가,골목형상점가,광주광역시,,,
6fed57fae071f6d1c78c,full_annotation_v1,A,q_네일_10,네잉,뷰티·미용 중 '네일'을 판매·제공하는 매장,train,네일,T6 기계변형,6fd7194f-8654-4594-8ff7-33ddbaa3cd54,더바잉,의류,창원 성원그랜드쇼핑상가,전통시장,경상남도,,,
0421b7f6fbaaa852d837,full_annotation_v1,A,q_네일_10,네잉,뷰티·미용 중 '네일'을 판매·제공하는 매장,train,네일,T6 기계변형,6ff136a7-a102-4939-a2e5-228b8faef3f7,여수싱싱야채막회수산,,효자1가 골목형상점가,골목형상점가,전북특별자치도,,,
678093b60df2c49e3caa,full_annotation_v1,A,q_네일_10,네잉,뷰티·미용 중 '네일'을 판매·제공하는 매장,train,네일,T6 기계변형,a610dc06-6e9e-4379-aee5-a9252e2e81ed,퓨어헤어,미용,당진시신도심상점가,자율상권구역,충청남도,,,
121a4fe034300e0be091,full_annotation_v1,A,q_네일_10,네잉,뷰티·미용 중 '네일'을 판매·제공하는 매장,train,네일,T6 기계변형,35011ab2-9086-4f2c-86c3-c6da85e3d358,네일핏,네일,매곡 가인 골목형상점가,골목형상점가,광주광역시,,,
1fd0782827a826dc17bd,full_annotation_v1,A,q_네일_10,네잉,뷰티·미용 중 '네일'을 판매·제공하는 매장,train,네일,T6 기계변형,a43db830-c61d-4c96-bce8-bac7b3226275,네일인,네일,첨단이웃사랑 골목형상점가,골목형상점가,광주광역시,,,
1f41b93fbea43c5de23f,full_annotation_v1,A,q_네일_10,네잉,뷰티·미용 중 '네일'을 판매·제공하는 매장,train,네일,T6 기계변형,8ebad00d-ca85-44ea-b3e8-07346e82ab2a,네일듀,네일,양산동일신아파트 골목형상점가,골목형상점가,광주광역시,,,
517a06331bdaf6b871fb,full_annotation_v1,A,q_네일_10,네잉,뷰티·미용 중 '네일'을 판매·제공하는 매장,train,네일,T6 기계변형,e6ef3358-7b5f-4833-b7dc-5656d3d891e6,네일콩,네일,목3동골목형상점가,골목형상점가,서울특별시,,,
499b440b744a68c0facd,full_annotation_v1,A,q_네일_10,네잉,뷰티·미용 중 '네일'을 판매·제공하는 매장,train,네일,T6 기계변형,c981847b-b511-468a-a5d9-f0d36b137196,네일르아,네일,본촌 사랑마을 골목형상점가,골목형상점가,광주광역시,,,
f9fca3fb3e566e44d9fc,full_annotation_v1,A,q_네일_10,네잉,뷰티·미용 중 '네일'을 판매·제공하는 매장,train,네일,T6 기계변형,5436daab-66ba-44d1-9a9e-5dd106233cc8,물고기자리,생선,정남진장흥토요시장,전통시장,전라남도,,,
c32416d2d9ac8b2796a8,full_annotation_v1,A,q_네일_10,네잉,뷰티·미용 중 '네일'을 판매·제공하는 매장,train,네일,T6 기계변형,aeb93ae9-c8f6-48f9-8522-87dc5315799d,아잉뜨잉,커피 기타 음료 디저트류,서귀포중심상가번영회,자율상권구역,제주특별자치도,,,
ef2b06a2569987dc2bc3,full_annotation_v1,A,q_네일_10,네잉,뷰티·미용 중 '네일'을 판매·제공하는 매장,train,네일,T6 기계변형,007c8a4d-8fa0-486a-885a-e025ae0740b9,유니네일,네일,솔올중앞골목형상점가,골목형상점가,강원특별자치도,,,
fa15caac3061a0b5c44a,full_annotation_v1,A,q_네일_10,네잉,뷰티·미용 중 '네일'을 판매·제공하는 매장,train,네일,T6 기계변형,0c93fd99-5f66-462e-8af0-42e1befac6b2,아이쿠잉,,늘해랑상인회 골목형상점가,골목형상점가,광주광역시,,,
b85e4190a3ace2d8c8fa,full_annotation_v1,A,q_네일_10,네잉,뷰티·미용 중 '네일'을 판매·제공하는 매장,train,네일,T6 기계변형,79029542-3beb-47df-b726-c3d41153d396,네일유,네일,계림2동발전 골목형상점가,골목형상점가,광주광역시,,,
9dd240d242d58df9428c,full_annotation_v1,A,q_네일_10,네잉,뷰티·미용 중 '네일'을 판매·제공하는 매장,train,네일,T6 기계변형,ae91f12f-972d-4ce1-b3d5-a62fba2f9764,네일도 예쁨,네잉,무진중오거리 골목형상점가,골목형상점가,광주광역시,,,
eea794851c82eaf62838,full_annotation_v1,A,q_네일_10,네잉,뷰티·미용 중 '네일'을 판매·제공하는 매장,train,네일,T6 기계변형,5f766ce2-88bd-44b4-a750-5ab55dfdd4af,케치브루잉,커피,새샘하루 골목형상점가,골목형상점가,세종특별자치시,,,
65197cb80fc8c4c4b2a7,full_annotation_v1,A,q_네일_10,네잉,뷰티·미용 중 '네일'을 판매·제공하는 매장,train,네일,T6 기계변형,4f7ef5fd-c9b7-46bc-80e9-a47b7f64d107,네일킴,네일,상무1동아파트상인회 골목형상점가,골목형상점가,광주광역시,,,
6a3ebe3a86e16f29ae5b,full_annotation_v1,A,q_네일_10,네잉,뷰티·미용 중 '네일'을 판매·제공하는 매장,train,네일,T6 기계변형,6f045290-2de3-4ff9-876b-889dc1e46af1,쿠잉,의류,순천원도심상점가,자율상권구역,전라남도,,,
0fcc433288f87a03851f,full_annotation_v1,A,q_네일_10,네잉,뷰티·미용 중 '네일'을 판매·제공하는 매장,train,네일,T6 기계변형,00ca9bc4-3130-4534-8b71-b4e2a72c6a8a,네일뉴데이,네일미용업,목대온기 골목형상점가,골목형상점가,대전광역시,,,
1832a007bba6f16ddabc,full_annotation_v1,A,q_네일_10,네잉,뷰티·미용 중 '네일'을 판매·제공하는 매장,train,네일,T6 기계변형,007fee80-11ba-4073-92f1-c67de14eebd2,네일미유,네일아트,반곡동 골목형상점가,골목형상점가,세종특별자치시,,,
1041f323c35c59aa965e,full_annotation_v1,A,q_네일_10,네잉,뷰티·미용 중 '네일'을 판매·제공하는 매장,train,네일,T6 기계변형,77c1d628-eac1-4fd7-8a3e-aa4c9bfa8d96,네일콩,네일,구미 금리단길 골목형상점가,골목형상점가,경상북도,,,
fb84ef53edbe1c222842,full_annotation_v1,A,q_네일_10,네잉,뷰티·미용 중 '네일'을 판매·제공하는 매장,train,네일,T6 기계변형,87deb5b6-494f-481a-85c6-4f8bbb99ffda,미분당 광주상무점,베트남음식,상무중앙상인회 골목형상점가,골목형상점가,광주광역시,,,
8075b34ba1ba66a7c316,full_annotation_v1,A,q_네일_10,네잉,뷰티·미용 중 '네일'을 판매·제공하는 매장,train,네일,T6 기계변형,1630b52f-ca52-4541-b40f-e5e355f3400e,굿소잉,원단외부자재 도서,노은상가연합 골목형상점가,골목형상점가,대전광역시,,,
8e9dfc00501c3292fbeb,full_annotation_v1,A,q_네일_10,네잉,뷰티·미용 중 '네일'을 판매·제공하는 매장,train,네일,T6 기계변형,664f9c00-ab23-4531-89b0-e06f4cb8c9d1,네일5샵,네일,우산행복주택,골목형상점가,광주광역시,,,
f59ea5db58fde0195298,full_annotation_v1,A,q_네일_10,네잉,뷰티·미용 중 '네일'을 판매·제공하는 매장,train,네일,T6 기계변형,418e8cf0-b38c-4c0c-8ee0-4e29b3faed20,아잉,의류,㈜르네시떼,전통시장,부산광역시,,,
a6f16f600be93900f361,full_annotation_v1,A,q_네일_10,네잉,뷰티·미용 중 '네일'을 판매·제공하는 매장,train,네일,T6 기계변형,4e46f819-f315-4e10-8a5e-ee2a105bb93e,오일팩토리,,효자1가 골목형상점가,골목형상점가,전북특별자치도,,,
bc3110c7a970ac9a7373,full_annotation_v1,A,q_네일_10,네잉,뷰티·미용 중 '네일'을 판매·제공하는 매장,train,네일,T6 기계변형,81e3b955-a916-41d3-abdb-1df3613834d7,롤링브루잉,,산지천1 골목형상점가,골목형상점가,제주특별자치도,,,
60f7b5efe9df4cd397f9,full_annotation_v1,A,q_네일_10,네잉,뷰티·미용 중 '네일'을 판매·제공하는 매장,train,네일,T6 기계변형,fe1a67b9-45e8-4109-82f5-41ec3ae6bc5b,포항문어,문어,중앙신시장,전통시장,경상북도,,,
11bec69f4c556c4cd88c,full_annotation_v1,A,q_네일_10,네잉,뷰티·미용 중 '네일'을 판매·제공하는 매장,train,네일,T6 기계변형,d08d057b-e952-49fe-a63d-d99b025495fa,써브웨이 광주상무점,샌드위치,상무중앙상인회 골목형상점가,골목형상점가,광주광역시,,,
e88a8a58be73a56e9314,full_annotation_v1,A,q_네일_10,네잉,뷰티·미용 중 '네일'을 판매·제공하는 매장,train,네일,T6 기계변형,e11c8ce3-ccda-402d-a269-23d7d7242de1,네일잇,네일,일곡동(제5지역:제1근린공원 건너편),골목형상점가,광주광역시,,,
e36a0f783c49a2ba0f63,full_annotation_v1,A,q_네일_10,네잉,뷰티·미용 중 '네일'을 판매·제공하는 매장,train,네일,T6 기계변형,c838d764-8a9c-4e62-975c-b580f51910b5,쿠잉,의류,잠실역지하쇼핑센터,일반지하상점가,서울특별시,,,
81960e7e08cbb179a7ed,full_annotation_v1,A,q_농자재_01,농기구,생활서비스 중 '농자재'를 판매·제공하는 매장,train,농자재,T3 개념확장,23cab056-7670-49e7-90cd-4c0cca01772e,충남상회,축산물,인천축산물시장,전통시장,인천광역시,,,
4598748b2eea6fc07bdf,full_annotation_v1,A,q_농자재_01,농기구,생활서비스 중 '농자재'를 판매·제공하는 매장,train,농자재,T3 개념확장,014e0403-940b-49b1-a7bc-f51be56c02a5,세이프티아웃도어 주식회사,아웃도어 작업복 안전화 등 안전용품 공구 및 소품,서면1번가 자율상권구역,,부산광역시,,,
eb5fd415a85ae1e39db4,full_annotation_v1,A,q_농자재_01,농기구,생활서비스 중 '농자재'를 판매·제공하는 매장,train,농자재,T3 개념확장,f3df078d-fb17-41f2-97a8-f05cc9f7ce76,신일전기,농기계펌프,서천읍 군사리 골목형상점가,골목형상점가,충청남도,,,
d20162e5cf38b10430a4,full_annotation_v1,A,q_농자재_01,농기구,생활서비스 중 '농자재'를 판매·제공하는 매장,train,농자재,T3 개념확장,0055b177-d472-4369-bb3e-116e9da81b50,일광종합상사,기계공구,산업용재관,전통시장,대구광역시,,,
a04978caeecdab4a4491,full_annotation_v1,A,q_농자재_01,농기구,생활서비스 중 '농자재'를 판매·제공하는 매장,train,농자재,T3 개념확장,14ca3bcf-9f36-4b3e-b1a6-b3d938c93669,상협모터스,자동차정비,파랑새원룸상인회 골목형상점가,골목형상점가,광주광역시,,,
6784e83c9b7f8591606f,full_annotation_v1,A,q_농자재_01,농기구,생활서비스 중 '농자재'를 판매·제공하는 매장,train,농자재,T3 개념확장,ab49b62f-ba60-4a04-bc29-087fbf96fea0,금강철공소,농기구수리,금산금빛시장(금산시장),전통시장,충청남도,,,
6847b08b6cbc765883d7,full_annotation_v1,A,q_농자재_01,농기구,생활서비스 중 '농자재'를 판매·제공하는 매장,train,농자재,T3 개념확장,f8af8b68-83a8-46a9-bec1-2ad8cc2beb70,초가왕족발보쌈,족발 보쌈,518먹자골목상인회 골목형상점가,골목형상점가,광주광역시,,,
89f59a91383826b8bda4,full_annotation_v1,A,q_농자재_01,농기구,생활서비스 중 '농자재'를 판매·제공하는 매장,train,농자재,T3 개념확장,10acb16f-ceba-4926-8f64-3b2785348705,민속대장간,농기구,서귀포향토오일시장,전통시장,제주특별자치도,,,
329d1dd44cdca1db7967,full_annotation_v1,A,q_농자재_01,농기구,생활서비스 중 '농자재'를 판매·제공하는 매장,train,농자재,T3 개념확장,ce3feca7-0276-4c69-aa00-992fce18a74c,정읍민속대장간,농기구수선,정읍샘고을시장,전통시장,전북특별자치도,,,
d6832792c8d98bfd69ee,full_annotation_v1,A,q_농자재_01,농기구,생활서비스 중 '농자재'를 판매·제공하는 매장,train,농자재,T3 개념확장,ecdfe290-45fb-4f71-8530-b4b72a751ca3,삼화종합상사,농기구,양동산업용품시장,전통시장,광주광역시,,,
de772efde2c606b45ffc,full_annotation_v1,A,q_농자재_01,농기구,생활서비스 중 '농자재'를 판매·제공하는 매장,train,농자재,T3 개념확장,023caaa3-b584-448b-a7b5-d20d8bc86c72,시화리데나,공구,시화유통상가,전통시장,경기도,,,
5d198ccb63a7b9ece18b,full_annotation_v1,A,q_농자재_01,농기구,생활서비스 중 '농자재'를 판매·제공하는 매장,train,농자재,T3 개념확장,d94458b3-5ee5-400d-83f9-c566f31e6ac9,영주대장간,농기구,백년소상공인,기타,경상북도,,,
e929dbd9b25af46bba51,full_annotation_v1,A,q_농자재_01,농기구,생활서비스 중 '농자재'를 판매·제공하는 매장,train,농자재,T3 개념확장,9d90694d-86c9-47d8-b5ec-5bedf5080ece,카페잇샌드 운암점,음식,운암1동 골목형상점가,골목형상점가,광주광역시,,,
c7b3c00d38d0c490918a,full_annotation_v1,A,q_농자재_01,농기구,생활서비스 중 '농자재'를 판매·제공하는 매장,train,농자재,T3 개념확장,997efeb2-bc7b-430f-808b-a44443871d3f,송정대장간,"철물, 농기구",송정5일시장,전통시장,광주광역시,,,
5eddc88d48ea4731589a,full_annotation_v1,A,q_농자재_01,농기구,생활서비스 중 '농자재'를 판매·제공하는 매장,train,농자재,T3 개념확장,ad0f32d1-c6d8-4346-9577-a26058731efd,외서만물상회,"철물, 농기구",상주중앙시장,전통시장,경상북도,,,
647682354ee79bcb0c42,full_annotation_v1,A,q_농자재_01,농기구,생활서비스 중 '농자재'를 판매·제공하는 매장,train,농자재,T3 개념확장,ca03dda1-391c-44f8-a093-8ddf25c58f77,무지개상사,"농기구, 청소용품",목행시장,전통시장,충청북도,,,
c4f0bdc49e393850ff9d,full_annotation_v1,A,q_농자재_01,농기구,생활서비스 중 '농자재'를 판매·제공하는 매장,train,농자재,T3 개념확장,6c6cd5c7-89c9-43bd-8322-6dd781062975,한일농기구,농기계,산업용재관,전통시장,대구광역시,,,
9daa06dffcee47737a5d,full_annotation_v1,A,q_농자재_01,농기구,생활서비스 중 '농자재'를 판매·제공하는 매장,train,농자재,T3 개념확장,c42e1dba-6513-4a49-b1fb-3bf7f0ca72c9,아세아상사,농기구,공산성골목형상점가,골목형상점가,충청남도,,,
67a3eeaaff5eb4ff73b6,full_annotation_v1,A,q_농자재_01,농기구,생활서비스 중 '농자재'를 판매·제공하는 매장,train,농자재,T3 개념확장,f9a909a9-16fb-4c11-b038-72ea51751ffb,대풍기계종합상사,농기구,무주반딧불상권활성화구역,상권활성화구역,전북특별자치도,,,
1e8cc015b2a6ca9ac82e,full_annotation_v1,A,q_농자재_01,농기구,생활서비스 중 '농자재'를 판매·제공하는 매장,train,농자재,T3 개념확장,03fd85c6-2e25-4d53-b902-f473cc8045ec,경성대장간,"철물, 농기구",군산공설시장,전통시장,전북특별자치도,,,
6d6e17d9f8c76f75af56,full_annotation_v1,A,q_농자재_01,농기구,생활서비스 중 '농자재'를 판매·제공하는 매장,train,농자재,T3 개념확장,7db2ca8e-2121-443b-9705-dfc43964a789,대림기계,농기계,보은전통시장,전통시장,충청북도,,,
7d344cf7bff9562b5279,full_annotation_v1,A,q_농자재_01,농기구,생활서비스 중 '농자재'를 판매·제공하는 매장,train,농자재,T3 개념확장,b9999c5b-7169-430b-bda2-49a7819c2adf,고령대장간,"농기구, 생활도구",고령대가야시장,전통시장,경상북도,,,
a38cf058dd1859082a38,full_annotation_v1,A,q_농자재_01,농기구,생활서비스 중 '농자재'를 판매·제공하는 매장,train,농자재,T3 개념확장,2f12a72a-5fdf-49b7-84f1-c911be35a8c0,삼천리자전거,"자전거, 농기구",강진읍 상권활성화구역,상권활성화구역,,,,
15e492337f549ac43973,full_annotation_v1,A,q_농자재_01,농기구,생활서비스 중 '농자재'를 판매·제공하는 매장,train,농자재,T3 개념확장,916b0ef4-fc86-45d5-8693-504d6d94d0de,영광종묘농약사,"씨앗, 농기구",삼송상점가,자율상권구역,경기도,,,
f8c68abe511887307335,full_annotation_v1,A,q_농자재_01,농기구,생활서비스 중 '농자재'를 판매·제공하는 매장,train,농자재,T3 개념확장,b863a87a-dc0c-49d9-9605-93f27f7ea6ed,대진농기상사,농기구부품,산업용재관,전통시장,대구광역시,,,
7ebde49e03a435dee350,full_annotation_v1,A,q_농자재_01,농기구,생활서비스 중 '농자재'를 판매·제공하는 매장,train,농자재,T3 개념확장,cb717869-2b42-4c79-a35f-0694633f6165,오투가구,사무기구,아현가구거리 상점가,자율상권구역,서울특별시,,,
1503d1851d0e2fd59486,full_annotation_v1,A,q_농자재_01,농기구,생활서비스 중 '농자재'를 판매·제공하는 매장,train,농자재,T3 개념확장,f9660cb9-dcd2-4392-9416-b80f4b21a142,태성농기계,농기계,상주남문거리 골목형상점가,골목형상점가,경상북도,,,
56adc85e9ffc1e0b9c3f,full_annotation_v1,A,q_농자재_01,농기구,생활서비스 중 '농자재'를 판매·제공하는 매장,train,농자재,T3 개념확장,55267d1e-610a-45cb-9d6b-6269e225b809,현대정미기,농기계,괴산시장,전통시장,충청북도,,,
bae36276670d7c9080bb,full_annotation_v1,A,q_농자재_01,농기구,생활서비스 중 '농자재'를 판매·제공하는 매장,train,농자재,T3 개념확장,6b734092-9c9f-40e5-9ebc-6615e751efe3,아이엠토스트 순천향대점,,순천향대 골목형상점가,골목형상점가,충청남도,,,
0c5c941232241fc1f976,full_annotation_v1,A,q_농자재_01,농기구,생활서비스 중 '농자재'를 판매·제공하는 매장,train,농자재,T3 개념확장,dd2db103-14d9-4b81-86db-4350669cef89,혜성,"농기구, 공구류",양동산업용품시장,전통시장,광주광역시,,,
6af8ed80be6a64f6a85f,full_annotation_v1,A,q_농자재_01,농기구,생활서비스 중 '농자재'를 판매·제공하는 매장,train,농자재,T3 개념확장,abc997a3-29db-40b5-910b-148091b727b2,삼호주방기구,주방기구,원당온누리 골목형상점가,골목형상점가,경기도,,,
ba581c4d7667cbf3b2bd,full_annotation_v1,A,q_농자재_01,농기구,생활서비스 중 '농자재'를 판매·제공하는 매장,train,농자재,T3 개념확장,cbc41ec4-06e1-4cec-b13a-9cd0b6ad9d35,불광대장간,농기구 제조및 수리,대추골골목형상점가,골목형상점가,서울특별시,,,
2a83687681d31747e5be,full_annotation_v1,A,q_농자재_01,농기구,생활서비스 중 '농자재'를 판매·제공하는 매장,train,농자재,T3 개념확장,8541a81b-5d12-4f61-8dea-12a5265caca6,천리인테리어,인테리어,이동 골목형상점가,골목형상점가,경기도,,,
c2e3a343a93fcc00586c,full_annotation_v1,A,q_농자재_01,농기구,생활서비스 중 '농자재'를 판매·제공하는 매장,train,농자재,T3 개념확장,7a4811c3-cd84-4309-84b3-4a3fde6682aa,현대기계공업사,농기구수선,목도시장,전통시장,충청북도,,,
f4662c195baacbf56d84,full_annotation_v1,A,q_농자재_01,농기구,생활서비스 중 '농자재'를 판매·제공하는 매장,train,농자재,T3 개념확장,6cff884b-e2ae-4727-a670-134d5a08e19e,영신농기,농기구부품,산업용재관,전통시장,대구광역시,,,
aa28954fb6ab1870e552,full_annotation_v1,A,q_농자재_01,농기구,생활서비스 중 '농자재'를 판매·제공하는 매장,train,농자재,T3 개념확장,2a01df5f-794a-4ccc-91b7-55a09f6df3b2,디테일로,미용,효행구봉담상점가,골목형상점가,경기도,,,
a3a69717935fb89ee6c5,full_annotation_v1,A,q_농자재_01,농기구,생활서비스 중 '농자재'를 판매·제공하는 매장,train,농자재,T3 개념확장,161b73a6-27ad-4491-8ecf-1a5c87f1fd84,원일 대장긴,농기구,제주시민속오일시장,전통시장,제주특별자치도,,,
798ea4473807360a0ea2,full_annotation_v1,A,q_농자재_01,농기구,생활서비스 중 '농자재'를 판매·제공하는 매장,train,농자재,T3 개념확장,1b579c3b-d54e-4a10-bc26-e0e80e81ffe0,문화종합철물,철물 공구 배관 수도부속 농기구 생활용품,전주풍남문상점가,자율상권구역,전북특별자치도,,,
336d7ca9a3dce98c4230,full_annotation_v1,A,q_농자재_01,농기구,생활서비스 중 '농자재'를 판매·제공하는 매장,train,농자재,T3 개념확장,015090f9-2e3d-48b5-956f-83cbf65a1c96,천일농기계,"농기계, 농기게 수리",사자탑 골목형상점가,골목형상점가,전북특별자치도,,,
6659c91df2a51f467c77,full_annotation_v1,A,q_농자재_01,농기구,생활서비스 중 '농자재'를 판매·제공하는 매장,train,농자재,T3 개념확장,43bed6b9-e283-45de-bcda-07041392a064,대동엔진총판,농기계및부품,산업용재관,전통시장,대구광역시,,,
2f56717dd79fe32a3168,full_annotation_v1,A,q_농자재_01,농기구,생활서비스 중 '농자재'를 판매·제공하는 매장,train,농자재,T3 개념확장,8aaa6870-5166-4366-9b1e-0a3bc306f71c,진성농기계,농기계,양동산업용품시장,전통시장,광주광역시,,,
5d1ee51f60630503083b,full_annotation_v1,A,q_농자재_01,농기구,생활서비스 중 '농자재'를 판매·제공하는 매장,train,농자재,T3 개념확장,025b2886-0d02-4b16-8d7e-6f3c417ddf77,영진물산,"기계공구, 콤파운드",울산산업공구월드,전통시장,울산광역시,,,
370e17ada9a5f8a962a2,full_annotation_v1,A,q_농자재_01,농기구,생활서비스 중 '농자재'를 판매·제공하는 매장,train,농자재,T3 개념확장,734cec98-005f-4f10-8101-f30d19caea96,금성종합기구,농기구농기구수선,봉화상설시장,전통시장,경상북도,,,
fc5f2bee1d958782263c,full_annotation_v1,A,q_농자재_01,농기구,생활서비스 중 '농자재'를 판매·제공하는 매장,train,농자재,T3 개념확장,e5128a60-14da-43df-a635-28bc753c719b,흥농종묘사,"농약, 씨앗, 각종 농기구",진해중앙시장,전통시장,경상남도,,,
38eee046a2c01c15d405,full_annotation_v1,A,q_농자재_01,농기구,생활서비스 중 '농자재'를 판매·제공하는 매장,train,농자재,T3 개념확장,32f9e39f-5b3a-4387-abc5-707824bddde1,한일전기,농기구,서천시장거리 골목형상점가,골목형상점가,충청남도,,,
9fc4002d22f2e2c5533b,full_annotation_v1,A,q_농자재_01,농기구,생활서비스 중 '농자재'를 판매·제공하는 매장,train,농자재,T3 개념확장,e8441b6c-7c99-46f1-ac1f-18ba59927f41,강남식당,한식,부여시장,전통시장,충청남도,,,
4587295b333bc27b26fd,full_annotation_v1,A,q_농자재_01,농기구,생활서비스 중 '농자재'를 판매·제공하는 매장,train,농자재,T3 개념확장,e55bf380-7c5f-4b0b-b433-80e588f98a71,범일농기구,,익산구시장,전통시장,전북특별자치도,,,
c3d2a9060fe33fbd06c0,full_annotation_v1,A,q_농자재_01,농기구,생활서비스 중 '농자재'를 판매·제공하는 매장,train,농자재,T3 개념확장,1d9501fa-0439-4302-a678-9b93bcfa2685,광양대장간,농기구,광양5일시장,전통시장,전라남도,,,
2544d7cef7b105636fab,full_annotation_v1,A,q_농자재_01,농기구,생활서비스 중 '농자재'를 판매·제공하는 매장,train,농자재,T3 개념확장,033565c3-9ab7-4fd0-9609-9d52f01f71a1,아산건설공구,건설공구,둔포전통시장,전통시장,충청남도,,,
fdfb967acd0e935707fd,full_annotation_v1,A,q_농자재_01,농기구,생활서비스 중 '농자재'를 판매·제공하는 매장,train,농자재,T3 개념확장,cffde824-fa9b-4651-986b-c3515e724a1d,우리종합철물,"농기구, 철물",청양전통시장(구 청양상설시장),전통시장,충청남도,,,
2221c90601a31e9b6821,full_annotation_v1,A,q_농자재_01,농기구,생활서비스 중 '농자재'를 판매·제공하는 매장,train,농자재,T3 개념확장,ff781597-12b2-48c6-a4a2-8931733a86a9,시흥종합농기,농기계,산업용재관,전통시장,대구광역시,,,
3aa5e9552910e322c01b,full_annotation_v1,A,q_농자재_01,농기구,생활서비스 중 '농자재'를 판매·제공하는 매장,train,농자재,T3 개념확장,bebec266-3189-4bad-86d0-f6801f1c8735,현대철물농기계,"철물, 농기구",임실시장,전통시장,전북특별자치도,,,
fc609279d5e1c0d0c335,full_annotation_v1,A,q_농자재_01,농기구,생활서비스 중 '농자재'를 판매·제공하는 매장,train,농자재,T3 개념확장,ba0a21cf-70be-43e3-aa2f-6335b80e0add,부영 철물상회,철물 잡화 농기구,진해 경화시장,전통시장,경상남도,,,
e19368ab7e7314abe60c,full_annotation_v1,A,q_담배_01,담배 파는 곳,생활·마트 중 '담배'를 판매·제공하는 매장,train,담배,T4 구어·문장,06f988ea-124e-4dfc-a60b-9d3c897cdf13,남문슈퍼,담배,전주풍남문상점가,자율상권구역,전북특별자치도,,,
d84683f92557143c73fa,full_annotation_v1,A,q_담배_01,담배 파는 곳,생활·마트 중 '담배'를 판매·제공하는 매장,train,담배,T4 구어·문장,09144e37-132d-4128-ac7c-e00f7b23650e,알리바이,담배,왕버들 골목형상점가,골목형상점가,광주광역시,,,
9cc2f94a456b35b0a13f,full_annotation_v1,A,q_담배_01,담배 파는 곳,생활·마트 중 '담배'를 판매·제공하는 매장,train,담배,T4 구어·문장,7eb4107d-7207-4f0a-885d-6525c3d64304,썬시티,가죽제품,서산중앙상가,자율상권구역,충청남도,,,
75e03517ae428faef2ff,full_annotation_v1,A,q_담배_01,담배 파는 곳,생활·마트 중 '담배'를 판매·제공하는 매장,train,담배,T4 구어·문장,4b56a6ba-e7cd-4685-98a1-442567a2bd31,동운슈퍼,식품 담배 음료,북광주세무서 골목형상점가,골목형상점가,광주광역시,,,
b72caa8db06f15e56ac2,full_annotation_v1,A,q_담배_01,담배 파는 곳,생활·마트 중 '담배'를 판매·제공하는 매장,train,담배,T4 구어·문장,c111ac9d-3f3a-405c-a8db-4d127ccda9e2,행복이 있는 곳,잡화,제주로얄쇼핑센터,자율상권구역,제주특별자치도,,,
503e052a843c8a43e51c,full_annotation_v1,A,q_담배_01,담배 파는 곳,생활·마트 중 '담배'를 판매·제공하는 매장,train,담배,T4 구어·문장,ec394176-18a9-4a75-8f08-bf6ba115d731,시가나라,담배,원,골목형상점가,광주광역시,,,
9a13bfd0a18319b054b7,full_annotation_v1,A,q_담배_01,담배 파는 곳,생활·마트 중 '담배'를 판매·제공하는 매장,train,담배,T4 구어·문장,6e13974e-e053-47ea-87d7-487d2e22d103,영춘마트,식잡 담배,주월1동독립로 골목형상점가,골목형상점가,광주광역시,,,
9db6d971056d04bde5ed,full_annotation_v1,A,q_담배_01,담배 파는 곳,생활·마트 중 '담배'를 판매·제공하는 매장,train,담배,T4 구어·문장,5723d922-e55c-46bc-a5b9-846ba2afdf5d,커피파는 집,,거제 성포 골목형상점가,골목형상점가,경상남도,,,
be1f9ca508142b8bca1f,full_annotation_v1,A,q_담배_01,담배 파는 곳,생활·마트 중 '담배'를 판매·제공하는 매장,train,담배,T4 구어·문장,59c0c5b1-4515-41ad-8704-c2c246699b37,연숙이네,담배,상계중앙시장,전통시장,서울특별시,,,
0ee8fee3670121ea6050,full_annotation_v1,A,q_담배_01,담배 파는 곳,생활·마트 중 '담배'를 판매·제공하는 매장,train,담배,T4 구어·문장,c15b7d24-b90f-4edb-a4d7-38d243dad39e,가게,담배,대명시장,전통시장,대구광역시,,,
3275185ca947b34271c2,full_annotation_v1,A,q_담배_01,담배 파는 곳,생활·마트 중 '담배'를 판매·제공하는 매장,train,담배,T4 구어·문장,f0c92d06-0466-4f13-a1ec-3c001dd9cfe9,군산수산,수산물,망원시장,전통시장,서울특별시,,,
3fd4af063ac4a4fc474d,full_annotation_v1,A,q_담배_01,담배 파는 곳,생활·마트 중 '담배'를 판매·제공하는 매장,train,담배,T4 구어·문장,48c28158-c643-4bff-9f99-9f9e017a02c8,관혁상회,"잡화, 담배",청주북부시장,전통시장,충청북도,,,
694af3963de6addbb99f,full_annotation_v1,A,q_담배_01,담배 파는 곳,생활·마트 중 '담배'를 판매·제공하는 매장,train,담배,T4 구어·문장,b2c71fc7-6399-4779-99b0-d76d7e5bda22,서울상회,담배,동두천큰시장,전통시장,경기도,,,
ca4a47f0d32a29a12c08,full_annotation_v1,A,q_담배_01,담배 파는 곳,생활·마트 중 '담배'를 판매·제공하는 매장,train,담배,T4 구어·문장,701bfe45-bb3e-4254-bdc6-9c0894cf184f,수제 담배 잎,,신정역 골목형상점가,골목형상점가,서울특별시,,,
926b059141b140b67f8e,full_annotation_v1,A,q_담배_01,담배 파는 곳,생활·마트 중 '담배'를 판매·제공하는 매장,train,담배,T4 구어·문장,43c8220c-7a91-4a21-a571-9039d0612a81,중앙상인회,야채,청주육거리종합시장,전통시장,충청북도,,,
b6621720a16d9e1d0f50,full_annotation_v1,A,q_담배_01,담배 파는 곳,생활·마트 중 '담배'를 판매·제공하는 매장,train,담배,T4 구어·문장,d79d2296-bb2d-48d9-be97-dd1ec9dc3909,천연담뱃잎,담배,"우산주공1,2단지 골목형상점가",골목형상점가,광주광역시,,,
263f4cecd3f7754f65ea,full_annotation_v1,A,q_담배_01,담배 파는 곳,생활·마트 중 '담배'를 판매·제공하는 매장,train,담배,T4 구어·문장,18f147e5-a4c5-4ca5-bb44-d80aa9c59ad7,담배,"야채, 담배",까치산시장,전통시장,서울특별시,,,
adafa73a7ced611403fd,full_annotation_v1,A,q_담배_01,담배 파는 곳,생활·마트 중 '담배'를 판매·제공하는 매장,train,담배,T4 구어·문장,75778afe-5a45-46f5-b366-c0cb93d6fce3,하카전자담배광주용봉점,담배,용봉지구 골목형상점가,골목형상점가,광주광역시,,,
5916970d1970f9854cac,full_annotation_v1,A,q_담배_01,담배 파는 곳,생활·마트 중 '담배'를 판매·제공하는 매장,train,담배,T4 구어·문장,4088e9ae-bf7f-408e-8fff-9a3de96fed25,세계스튜디오,담배,강진상가번영회제2구역,골목형상점가,전라남도,,,
e4f81749b537cc480f48,full_annotation_v1,A,q_담배_01,담배 파는 곳,생활·마트 중 '담배'를 판매·제공하는 매장,train,담배,T4 구어·문장,4f0e183e-cbbb-430d-8bac-0fc9e5688887,무등할인마트,담배,주월1동독립로 골목형상점가,골목형상점가,광주광역시,,,
388ba03bae1091377a2e,full_annotation_v1,A,q_담배_01,담배 파는 곳,생활·마트 중 '담배'를 판매·제공하는 매장,train,담배,T4 구어·문장,c6359ef7-ecd5-461e-ad83-2ea4ebe7c458,포트캔커피 노량진점,카페,노량진만나로골목형상점가,골목형상점가,서울특별시,,,
d4e250860938edeba002,full_annotation_v1,A,q_담배_01,담배 파는 곳,생활·마트 중 '담배'를 판매·제공하는 매장,train,담배,T4 구어·문장,98bbd63f-2fe0-4d04-8ef2-fffcbd9f04d9,오고파화장품,담배,서문시장건해산물상가,전통시장,대구광역시,,,
2c8391cec5c30f98e612,full_annotation_v1,A,q_담배_01,담배 파는 곳,생활·마트 중 '담배'를 판매·제공하는 매장,train,담배,T4 구어·문장,b9e7bce7-201c-4e65-b90d-f468201c0f40,화신슈퍼,담배,명덕마을 골목형상점가,골목형상점가,울산광역시,,,
8f0baeff8b6e16ab7c67,full_annotation_v1,A,q_담배_01,담배 파는 곳,생활·마트 중 '담배'를 판매·제공하는 매장,train,담배,T4 구어·문장,be21c8df-aa23-4589-a0f6-e60e6bf64bc0,정암수산,냉동신선 수산물,역전시장 상점가,자율상권구역,대전광역시,,,
71b4927d5051a1894ae6,full_annotation_v1,A,q_담배_01,담배 파는 곳,생활·마트 중 '담배'를 판매·제공하는 매장,train,담배,T4 구어·문장,3337d6b9-ecf6-490e-8e40-fc0f40785df4,화인슈퍼,담배,모라전통시장,전통시장,부산광역시,,,
ce5a0e099a3f2ee319a0,full_annotation_v1,A,q_담배_01,담배 파는 곳,생활·마트 중 '담배'를 판매·제공하는 매장,train,담배,T4 구어·문장,9944d3f4-9370-4d62-8a89-07300c321215,라붐,커피 담배,남문로 어울림 골목 골목형상점가,골목형상점가,광주광역시,,,
d0a3ed0b69824dc6584e,full_annotation_v1,A,q_담배_01,담배 파는 곳,생활·마트 중 '담배'를 판매·제공하는 매장,train,담배,T4 구어·문장,f0e04b30-b8b3-4af0-b7e5-b08ccbc7dab2,제일상회,담배,웅천시장,전통시장,충청남도,,,
8deafdffdd3783c78f0f,full_annotation_v1,A,q_담배_01,담배 파는 곳,생활·마트 중 '담배'를 판매·제공하는 매장,train,담배,T4 구어·문장,77646d1e-9f66-4c55-95c8-4060c1df9917,지읒지읒(ㅈㅈ)담배,,대방디엠시티 골목형상점가,골목형상점가,전북특별자치도,,,
5a2a9462a5f2bf2180ed,full_annotation_v1,A,q_담배_01,담배 파는 곳,생활·마트 중 '담배'를 판매·제공하는 매장,train,담배,T4 구어·문장,fdaf7287-a52c-440b-b062-54ba10ac9221,쌍용마트,슈퍼마켓 담배,안골광장 골목형상점가,골목형상점가,전북특별자치도,,,
370b24ecdfb1ce1d14b9,full_annotation_v1,A,q_담배_01,담배 파는 곳,생활·마트 중 '담배'를 판매·제공하는 매장,train,담배,T4 구어·문장,c503994d-96ba-4a7e-a3d1-a7d41a30a795,오벨전자담배,담배,수완하나로 골목형상점가,골목형상점가,광주광역시,,,
fc4beb10ebb0ee28ba0d,full_annotation_v1,A,q_담배_01,담배 파는 곳,생활·마트 중 '담배'를 판매·제공하는 매장,train,담배,T4 구어·문장,aca41d1b-ef26-4dc9-8c37-08d470bb4c99,유순상회,담배,사천읍시장,전통시장,경상남도,,,
4c5bb2c1e7cf00f4ddfb,full_annotation_v1,A,q_담배_01,담배 파는 곳,생활·마트 중 '담배'를 판매·제공하는 매장,train,담배,T4 구어·문장,2b60ca6d-35f5-4a9d-9960-7efe630a2047,동해상회,담배,사하시장,전통시장,부산광역시,,,
9f35a71d0549ab05a6a4,full_annotation_v1,A,q_담배_01,담배 파는 곳,생활·마트 중 '담배'를 판매·제공하는 매장,train,담배,T4 구어·문장,e604f2b3-d381-4ea8-8b2f-c74a1b071196,행운정육점,축산,제일시장,전통시장,인천광역시,,,
d6c77a9beea756b59dcb,full_annotation_v1,A,q_담배_01,담배 파는 곳,생활·마트 중 '담배'를 판매·제공하는 매장,train,담배,T4 구어·문장,c977fef4-56da-4c8f-8366-56aaaaa43fa6,제일축산,정육,문창시장,전통시장,대전광역시,,,
045c15224bb4c26d4523,full_annotation_v1,A,q_담배_01,담배 파는 곳,생활·마트 중 '담배'를 판매·제공하는 매장,train,담배,T4 구어·문장,eb87f3d1-2b71-454d-80a0-d2f9a7539ba3,과일나라,담배,으뜸길 골목형상점가,골목형상점가,경기도,,,
eb3af89a8219dd4bee87,full_annotation_v1,A,q_담배_01,담배 파는 곳,생활·마트 중 '담배'를 판매·제공하는 매장,train,담배,T4 구어·문장,821588d2-7bbc-49a6-b68c-431712dca438,나라수선,담배,성내전통시장,전통시장,서울특별시,,,
c7042ccd1059c7ccb0de,full_annotation_v1,A,q_담배_01,담배 파는 곳,생활·마트 중 '담배'를 판매·제공하는 매장,train,담배,T4 구어·문장,764c08df-2d5b-4a31-b4bb-9b3b02b51e2d,홈마트,"슈퍼, 담배",태화시장,전통시장,울산광역시,,,
c39608b7b05e7dd3eeeb,full_annotation_v1,A,q_담배_01,담배 파는 곳,생활·마트 중 '담배'를 판매·제공하는 매장,train,담배,T4 구어·문장,4de8c6ae-e583-46c6-baeb-36881d865bc1,명성건설,담배,사직동 서동로 골목형상점가,골목형상점가,광주광역시,,,
36d08f8850c31d07d74e,full_annotation_v1,A,q_담배_01,담배 파는 곳,생활·마트 중 '담배'를 판매·제공하는 매장,train,담배,T4 구어·문장,9dc40c1a-3a69-424e-bdac-488faf0c4714,이리땅콩상회,담배,익산매일시장,전통시장,전북특별자치도,,,
bc052ab86ff498cc794d,full_annotation_v1,A,q_담배_01,담배 파는 곳,생활·마트 중 '담배'를 판매·제공하는 매장,train,담배,T4 구어·문장,22b10b32-90fd-4e45-b03b-ced04557d42f,홈마트,"슈퍼마켓, 담배",진성 골목형상점가,골목형상점가,전북특별자치도,,,
69f22e7d290ef9cdc84a,full_annotation_v1,A,q_담배_01,담배 파는 곳,생활·마트 중 '담배'를 판매·제공하는 매장,train,담배,T4 구어·문장,a19e31e2-4c45-466d-b532-f7cc0480c644,우정마트,잡화 담배,삼각동 골목형상점가,골목형상점가,광주광역시,,,
e56b1c63253c5495d4f1,full_annotation_v1,A,q_담배_01,담배 파는 곳,생활·마트 중 '담배'를 판매·제공하는 매장,train,담배,T4 구어·문장,24456103-f6b8-46af-8655-82e61d7265d8,커피가 머무르는 곳,커피,반드레길골목형상점가,골목형상점가,서울특별시,,,
b1221db0c09b92431308,full_annotation_v1,A,q_담배_01,담배 파는 곳,생활·마트 중 '담배'를 판매·제공하는 매장,train,담배,T4 구어·문장,96a76fb2-df31-4cf1-b809-78c7cd10012e,하가전자담배,담배 소매업,하가지구 골목형상점가,골목형상점가,전북특별자치도,,,
2cfaae276ae7fdf07b91,full_annotation_v1,A,q_담배_01,담배 파는 곳,생활·마트 중 '담배'를 판매·제공하는 매장,train,담배,T4 구어·문장,2743811c-5e71-4d2b-aa75-1b0147d44f2d,사우 꽃이 피는 곳,꽃,김포 풍년마을 골목형상점가,골목형상점가,경기도,,,
5367da7af2d9de470dbd,full_annotation_v1,A,q_담배_01,담배 파는 곳,생활·마트 중 '담배'를 판매·제공하는 매장,train,담배,T4 구어·문장,5d463459-d157-4585-8604-4581d2418c57,까치농산,채소 농산물 담배,대구청과시장,전통시장,대구광역시,,,
4437c6496bff5a0d39e0,full_annotation_v1,A,q_담배_01,담배 파는 곳,생활·마트 중 '담배'를 판매·제공하는 매장,train,담배,T4 구어·문장,fde4eade-24cb-412f-a149-cfcf8f4eb0c9,삼성야채,담배,내토전통시장,전통시장,충청북도,,,
e4a6dc278a9e5997ed3a,full_annotation_v1,A,q_담배_01,담배 파는 곳,생활·마트 중 '담배'를 판매·제공하는 매장,train,담배,T4 구어·문장,7a68eaa7-1307-4989-b4c4-59810ac03c2f,큐마트,슈퍼 담배,현대 골목형상점가,골목형상점가,전라남도,,,
5f58cd31c6d8921e3971,full_annotation_v1,A,q_담배_01,담배 파는 곳,생활·마트 중 '담배'를 판매·제공하는 매장,train,담배,T4 구어·문장,32ca8190-76bc-43f0-b821-6fa9e066c893,담배소매인,담배,영천시장,전통시장,서울특별시,,,
db3803c93ad69fe79a94,full_annotation_v1,A,q_담배_01,담배 파는 곳,생활·마트 중 '담배'를 판매·제공하는 매장,train,담배,T4 구어·문장,695c6ac9-b753-4a5a-b6e0-e3a00f86c385,수정성회,담배,죽변시장,전통시장,경상북도,,,
fa2e47303a1f723edfcc,full_annotation_v1,A,q_담배_01,담배 파는 곳,생활·마트 중 '담배'를 판매·제공하는 매장,train,담배,T4 구어·문장,5778c58f-9a29-4159-ba66-970f1c54aeda,주공부식,반찬 담배,삼정로 골목형상점가,골목형상점가,광주광역시,,,
54894a968855dcaff090,full_annotation_v1,A,q_담배_01,담배 파는 곳,생활·마트 중 '담배'를 판매·제공하는 매장,train,담배,T4 구어·문장,df78ab9a-b36f-4d2b-8e4c-af84beec8f31,스타담배,담배,스타프라자전통시장,전통시장,경기도,,,
220a3bdccdef33ff335a,full_annotation_v1,A,q_담배_01,담배 파는 곳,생활·마트 중 '담배'를 판매·제공하는 매장,train,담배,T4 구어·문장,e69172ec-b9af-4d29-a493-4f3b8566ea3c,복권나라,담배,매봉 골목형상점가,골목형상점가,광주광역시,,,
4cd92a0fb17854feda8f,full_annotation_v1,A,q_담배_01,담배 파는 곳,생활·마트 중 '담배'를 판매·제공하는 매장,train,담배,T4 구어·문장,a2ad5498-1cad-45e4-baf2-3e4aaf7560d5,팝스토어광주,담배,서문대로 골목형상점가,골목형상점가,광주광역시,,,
f80fc17baca348a19ce4,full_annotation_v1,A,q_담배_01,담배 파는 곳,생활·마트 중 '담배'를 판매·제공하는 매장,train,담배,T4 구어·문장,c161453d-f2c8-4b97-a2c3-a54e0cbdb7e8,생활용품 싸게 파는 집,잡화,안성중앙시장,전통시장,경기도,,,
3ecf3a6e69b130b368c6,full_annotation_v1,A,q_담배_01,담배 파는 곳,생활·마트 중 '담배'를 판매·제공하는 매장,train,담배,T4 구어·문장,b6ebdd2c-8d26-4de9-8260-b37e3296fa9b,대일식품,담배,대구패션주얼리특구,자율상권구역,대구광역시,,,
aed2c703f2930643ca3f,full_annotation_v1,A,q_담배_01,담배 파는 곳,생활·마트 중 '담배'를 판매·제공하는 매장,train,담배,T4 구어·문장,90f638d2-6543-4cc1-9a13-5829beebbd47,민우상회,담배,증평장뜰재래시장,전통시장,충청북도,,,
ff8ac417a034223ce46a,full_annotation_v1,A,q_담배_01,담배 파는 곳,생활·마트 중 '담배'를 판매·제공하는 매장,train,담배,T4 구어·문장,76a3551b-dae4-4326-92cc-662015aedbfb,쉴 곳,한식,칠성로상점가,자율상권구역,제주특별자치도,,,
8b11f872dd84b0fdb717,full_annotation_v1,A,q_담배_01,담배 파는 곳,생활·마트 중 '담배'를 판매·제공하는 매장,train,담배,T4 구어·문장,449d118d-928a-4c6a-908a-55e1651b2a01,윤슈퍼,잡화 담배,대야전통시장,전통시장,전북특별자치도,,,
7cb56e964a0c3e4d983c,full_annotation_v1,A,q_담배_01,담배 파는 곳,생활·마트 중 '담배'를 판매·제공하는 매장,train,담배,T4 구어·문장,7307b19a-c970-415e-b803-f237e22eb07f,삼명종합상사,담배,양북시장,전통시장,경상북도,,,
d14c6b59ba813cbdcdcd,full_annotation_v1,A,q_담배_01,담배 파는 곳,생활·마트 중 '담배'를 판매·제공하는 매장,train,담배,T4 구어·문장,da721bdc-3052-47f1-9049-b095ea76203f,환희신발,신발,광명새마을시장,전통시장,경기도,,,
5e7a686fa941cef15677,full_annotation_v1,A,q_담배_01,담배 파는 곳,생활·마트 중 '담배'를 판매·제공하는 매장,train,담배,T4 구어·문장,3e083ff9-60d3-41eb-bb5a-6460fb933236,조은복권방,담배,수암종합시장,전통시장,울산광역시,,,
462af213cae37e470800,full_annotation_v1,A,q_담배_01,담배 파는 곳,생활·마트 중 '담배'를 판매·제공하는 매장,train,담배,T4 구어·문장,ce207463-9d30-4beb-87b6-6b57bf167b19,백암사회,담배,울진후포시장,전통시장,경상북도,,,
35e3a223a664f233cbd9,full_annotation_v1,A,q_도시락_01,도시락 사는 곳,음식점 중 '도시락'을 판매·제공하는 매장,test,도시락,T4 구어·문장,6cf86dc9-e386-4da0-a110-e54ce580e352,장수건강원,도시락,송강전통시장,전통시장,대전광역시,,,
4f767b2a7cda758c2545,full_annotation_v1,A,q_도시락_01,도시락 사는 곳,음식점 중 '도시락'을 판매·제공하는 매장,test,도시락,T4 구어·문장,96b99e18-02eb-45d8-9027-a0dd059d3609,오봉도시락,도시락,방배역먹자골목 골목형상점가,골목형상점가,서울특별시,,,
a5f2cc5e76d8c3e8e1f8,full_annotation_v1,A,q_도시락_01,도시락 사는 곳,음식점 중 '도시락'을 판매·제공하는 매장,test,도시락,T4 구어·문장,9c553416-8161-42ea-9209-369d3d6698de,한솥도시락강원양양점,도시락,양양로 골목형상점가,골목형상점가,강원특별자치도,,,
2a5f9a807e8d4bcade45,full_annotation_v1,A,q_도시락_01,도시락 사는 곳,음식점 중 '도시락'을 판매·제공하는 매장,test,도시락,T4 구어·문장,659165f9-3c6d-4253-af2c-3bf341ef0ca6,예인도시락,도시락식육,봉화상설시장,전통시장,경상북도,,,
1901ece08a3a223ad117,full_annotation_v1,A,q_도시락_01,도시락 사는 곳,음식점 중 '도시락'을 판매·제공하는 매장,test,도시락,T4 구어·문장,cb3d9d5d-0bee-4100-8dc2-b2c35f0827db,한솥수완점,도시락,희담길,골목형상점가,광주광역시,,,
de6f9e718d5adf7de473,full_annotation_v1,A,q_도시락_01,도시락 사는 곳,음식점 중 '도시락'을 판매·제공하는 매장,test,도시락,T4 구어·문장,f467781f-2d9f-4dda-a7d0-fe5cf9172712,늘봄,도시락,명촌효성해링턴상가 골목형상점가,골목형상점가,울산광역시,,,
f311280de9e0377a6414,full_annotation_v1,A,q_도시락_01,도시락 사는 곳,음식점 중 '도시락'을 판매·제공하는 매장,test,도시락,T4 구어·문장,8df6e07c-20a0-4df1-adbb-7bbb2ca5a32a,한솥도시락 울산달천점,도시락,달천상가 골목형상점가,골목형상점가,울산광역시,,,
463547cb9a27a7a3d40b,full_annotation_v1,A,q_도시락_01,도시락 사는 곳,음식점 중 '도시락'을 판매·제공하는 매장,test,도시락,T4 구어·문장,d2963ba5-2280-453c-a513-acbdda762a88,뚱이네,도시락,예천맛고을시장,전통시장,경상북도,,,
0c350b904538ac2d27a4,full_annotation_v1,A,q_도시락_01,도시락 사는 곳,음식점 중 '도시락'을 판매·제공하는 매장,test,도시락,T4 구어·문장,4ac5e75b-afd9-4983-a125-b5639efb6b37,한솥도시락의성점,도시락,의성중앙상점가(의성읍중앙길상가거리),자율상권구역,경상북도,,,
a4de48bddb6f4b65ed22,full_annotation_v1,A,q_도시락_01,도시락 사는 곳,음식점 중 '도시락'을 판매·제공하는 매장,test,도시락,T4 구어·문장,000a95c4-e0a6-4011-86fb-04307bcfae38,황갈비,한식,김천황금시장,전통시장,경상북도,,,
df5be8812b47c6d40bdb,full_annotation_v1,A,q_도시락_01,도시락 사는 곳,음식점 중 '도시락'을 판매·제공하는 매장,test,도시락,T4 구어·문장,2d2a5e1c-1599-4709-86b4-10c6754b5c88,한솥도시락,도시락,명덕마을 골목형상점가,골목형상점가,울산광역시,,,
8774f3d6ca7267b9c803,full_annotation_v1,A,q_도시락_01,도시락 사는 곳,음식점 중 '도시락'을 판매·제공하는 매장,test,도시락,T4 구어·문장,54b6c760-f5fd-4a21-b3a4-b3c10caab7b6,충남수산,수산물,서산동부전통시장,전통시장,충청남도,,,
bbe8ba60ae841e067230,full_annotation_v1,A,q_도시락_01,도시락 사는 곳,음식점 중 '도시락'을 판매·제공하는 매장,test,도시락,T4 구어·문장,d3af9b1b-032d-45a8-b5e8-b2d864696469,한솥도시락구성오거리점,도시락,영주문화시장,전통시장,경상북도,,,
35555ca1b96acb2f0dde,full_annotation_v1,A,q_도시락_01,도시락 사는 곳,음식점 중 '도시락'을 판매·제공하는 매장,test,도시락,T4 구어·문장,7c739363-fca5-4525-b149-2f82f554242f,맘스애찬,반찬 도시락,전남대 상대 골목형상점가,골목형상점가,광주광역시,,,
0feb66299b19d2f2f061,full_annotation_v1,A,q_도시락_01,도시락 사는 곳,음식점 중 '도시락'을 판매·제공하는 매장,test,도시락,T4 구어·문장,ebf21140-37ab-4b71-944e-4b17f770886a,한솥도시락중화산점,도시락,전주중산공원 골목형상점가,골목형상점가,전북특별자치도,,,
c48bc4ed5d8c4cb8c40e,full_annotation_v1,A,q_도시락_01,도시락 사는 곳,음식점 중 '도시락'을 판매·제공하는 매장,test,도시락,T4 구어·문장,35556fd3-fc16-47d2-8a51-a522043e48eb,한솥도시락,도시락,전남대용봉로 골목형상점가,골목형상점가,광주광역시,,,
b6987a88372708246ad8,full_annotation_v1,A,q_도시락_01,도시락 사는 곳,음식점 중 '도시락'을 판매·제공하는 매장,test,도시락,T4 구어·문장,fb3053a4-e707-4c84-a6de-825c5ef33fac,남대문도시락맛집,도시락,남대문시장,전통시장,서울특별시,,,
1371f61a6c1e81f46604,full_annotation_v1,A,q_도시락_01,도시락 사는 곳,음식점 중 '도시락'을 판매·제공하는 매장,test,도시락,T4 구어·문장,86db16cf-7518-495b-b122-305d2a982764,나른한오후도시락,도시락,무등산그린웰로제비앙 골목형상점가,골목형상점가,광주광역시,,,
88b2a1b7415fddcdc2b7,full_annotation_v1,A,q_도시락_01,도시락 사는 곳,음식점 중 '도시락'을 판매·제공하는 매장,test,도시락,T4 구어·문장,2743811c-5e71-4d2b-aa75-1b0147d44f2d,사우 꽃이 피는 곳,꽃,김포 풍년마을 골목형상점가,골목형상점가,경기도,,,
b65700562f72ea70d27a,full_annotation_v1,A,q_도시락_01,도시락 사는 곳,음식점 중 '도시락'을 판매·제공하는 매장,test,도시락,T4 구어·문장,b64fa47a-2f33-4f47-b1c7-9533d2af6f17,주미수제도시락,도시락,더테라스골목형상점가,골목형상점가,인천광역시,,,
47dc9ae05da7e5b16043,full_annotation_v1,A,q_도시락_01,도시락 사는 곳,음식점 중 '도시락'을 판매·제공하는 매장,test,도시락,T4 구어·문장,9234708e-d49d-41c1-9c67-b19915720e0c,맛미,도시락,세양청구마을 골목형상점가,골목형상점가,울산광역시,,,
78c7c2628c650aa9cf75,full_annotation_v1,A,q_도시락_01,도시락 사는 곳,음식점 중 '도시락'을 판매·제공하는 매장,test,도시락,T4 구어·문장,1ec81e17-4fab-4cd5-bec9-26072e4f8860,고고도시락,도시락,안녕마을골목형상점가,골목형상점가,대전광역시,,,
2a3de043632b49d78977,full_annotation_v1,A,q_도시락_01,도시락 사는 곳,음식점 중 '도시락'을 판매·제공하는 매장,test,도시락,T4 구어·문장,29f77c84-f085-4bd0-85eb-a3920de7ac1d,한솥광주보건대정문점,도시락,북문대로419번길 골목형상점가,골목형상점가,광주광역시,,,
4c91180d4e087344db6c,full_annotation_v1,A,q_도시락_01,도시락 사는 곳,음식점 중 '도시락'을 판매·제공하는 매장,test,도시락,T4 구어·문장,12d9f3a5-33ea-41c8-857e-8497272a0e8b,아현김밥,도시락,아현시장,전통시장,서울특별시,,,
03fec8f1374c516d86e6,full_annotation_v1,A,q_도시락_01,도시락 사는 곳,음식점 중 '도시락'을 판매·제공하는 매장,test,도시락,T4 구어·문장,8b8b7a77-d7ed-4ac1-8e6b-192a93c5e10e,본도시락 두류점,도시락,신내당시장 상점가,자율상권구역,대구광역시,,,
e6d757a877c9e53eb8e5,full_annotation_v1,A,q_도시락_01,도시락 사는 곳,음식점 중 '도시락'을 판매·제공하는 매장,test,도시락,T4 구어·문장,315f8bc9-fd38-401e-bf37-cfe282011a8a,화타생약,"농산물, 건강기능식품",의정부시장,전통시장,경기도,,,
beb0bd1c92647cbe243d,full_annotation_v1,A,q_도시락_01,도시락 사는 곳,음식점 중 '도시락'을 판매·제공하는 매장,test,도시락,T4 구어·문장,d730578b-220e-4043-a699-786866f2249b,한솥도시락,도시락,누리 골목형상점가,골목형상점가,경기도,,,
7e245b723ecb87d0dd8d,full_annotation_v1,A,q_도시락_01,도시락 사는 곳,음식점 중 '도시락'을 판매·제공하는 매장,test,도시락,T4 구어·문장,57ea948f-12f9-4b98-8723-f3e80c7b4196,네이처컬렉션 월촌역점,,송현로 상가번영회 골목형상점가,골목형상점가,대구광역시,,,
13024c04f927a3933e9e,full_annotation_v1,A,q_도시락_01,도시락 사는 곳,음식점 중 '도시락'을 판매·제공하는 매장,test,도시락,T4 구어·문장,8d6f3d87-a597-431b-9ff1-8927f6738db8,한솥도시락충북오송점,도시락,오송1산단오스코로골목형상점가,골목형상점가,충청북도,,,
1401c863e717f5cfc8f7,full_annotation_v1,A,q_도시락_01,도시락 사는 곳,음식점 중 '도시락'을 판매·제공하는 매장,test,도시락,T4 구어·문장,b6dd2ebd-d763-4070-8305-a74a10712d1c,채움 도시락&반찬,도시락 반찬,진잠 골목형상점가,골목형상점가,대전광역시,,,
96496269a8fbd7693631,full_annotation_v1,A,q_도시락_01,도시락 사는 곳,음식점 중 '도시락'을 판매·제공하는 매장,test,도시락,T4 구어·문장,fd5c88e0-d29a-4c66-97c1-b751c7d59797,한일상회,,광천전통시장,전통시장,충청남도,,,
e43a61cdecf2c3e6e537,full_annotation_v1,A,q_도시락_01,도시락 사는 곳,음식점 중 '도시락'을 판매·제공하는 매장,test,도시락,T4 구어·문장,0111a38b-8df8-43ae-9c16-778c27352864,본도시락,도시락,배방월천 골목형상점가,골목형상점가,충청남도,,,
1955adf06efc4f33bbc3,full_annotation_v1,A,q_도시락_01,도시락 사는 곳,음식점 중 '도시락'을 판매·제공하는 매장,test,도시락,T4 구어·문장,260d51cd-8733-46d2-9b00-6163e3e20ab0,본도시락,도시락,임방울거리3구역 골목형상점가,골목형상점가,광주광역시,,,
64feb683e7b94dc7b768,full_annotation_v1,A,q_도시락_01,도시락 사는 곳,음식점 중 '도시락'을 판매·제공하는 매장,test,도시락,T4 구어·문장,ab0c4ad6-a53b-4fc7-99f9-8027ba30d0b3,봉이네정육점,소고기,팔달신시장,전통시장,대구광역시,,,
b62fa32be2adbede2839,full_annotation_v1,A,q_도시락_01,도시락 사는 곳,음식점 중 '도시락'을 판매·제공하는 매장,test,도시락,T4 구어·문장,13c71909-abe9-4e24-ba09-6e78c4a6a2fa,브라더 한정식 도시락 예천읍점,도시락,예천맛고을시장,전통시장,경상북도,,,
a1e465f31e0c87c12001,full_annotation_v1,A,q_도시락_01,도시락 사는 곳,음식점 중 '도시락'을 판매·제공하는 매장,test,도시락,T4 구어·문장,24456103-f6b8-46af-8655-82e61d7265d8,커피가 머무르는 곳,커피,반드레길골목형상점가,골목형상점가,서울특별시,,,
ca111e35cc5dbe66a250,full_annotation_v1,A,q_도시락_01,도시락 사는 곳,음식점 중 '도시락'을 판매·제공하는 매장,test,도시락,T4 구어·문장,cf35316f-9a3e-4e20-a86b-0529ff5e6922,오예밥먹자,도시락,삼례시장,전통시장,전북특별자치도,,,
f57bf24599faefc7933e,full_annotation_v1,A,q_도시락_01,도시락 사는 곳,음식점 중 '도시락'을 판매·제공하는 매장,test,도시락,T4 구어·문장,00181552-6cc5-406b-ac59-bf9816f61398,갓지은밥,한식,남광주시장,전통시장,,,,
56b22cc6476ad343e819,full_annotation_v1,A,q_도시락_01,도시락 사는 곳,음식점 중 '도시락'을 판매·제공하는 매장,test,도시락,T4 구어·문장,7cc868ff-cf3c-45b8-bfc5-1729352b4fa2,밥톡,도시락,백석청구코아 골목형상점가,골목형상점가,경기도,,,
3600ea71891ebbae6bf8,full_annotation_v1,A,q_도시락_01,도시락 사는 곳,음식점 중 '도시락'을 판매·제공하는 매장,test,도시락,T4 구어·문장,7d709fca-fc6c-43e7-b5ef-18eb38f3871d,맛지음,도시락 반찬 음료,해들마을 골목형상점가,골목형상점가,세종특별자치시,,,
33e6c821ec01d503c309,full_annotation_v1,A,q_도시락_01,도시락 사는 곳,음식점 중 '도시락'을 판매·제공하는 매장,test,도시락,T4 구어·문장,14a20ad4-52f5-4c36-84e2-6923f89ef901,바른도시락,도시락,하남 골목형상점가,골목형상점가,광주광역시,,,
d7668b0d5c3004d792ed,full_annotation_v1,A,q_도시락_01,도시락 사는 곳,음식점 중 '도시락'을 판매·제공하는 매장,test,도시락,T4 구어·문장,478826f4-29ec-4b54-9b01-ec37aad0c6ef,도시락 가,한식,북수원시장( 구 파장시장),전통시장,경기도,,,
ab4405174ea577e10ce8,full_annotation_v1,A,q_도시락_01,도시락 사는 곳,음식점 중 '도시락'을 판매·제공하는 매장,test,도시락,T4 구어·문장,798e5989-b23a-4be8-a90b-0058d2702d59,본도시락 과천점,도시락,과천중앙동상점가,자율상권구역,경기도,,,
93c7e5107fe706016342,full_annotation_v1,A,q_도시락_01,도시락 사는 곳,음식점 중 '도시락'을 판매·제공하는 매장,test,도시락,T4 구어·문장,e65724de-fd66-4a57-9cc8-8929d3d83675,고아지,도시락,용산용문시장,전통시장,서울특별시,,,
c15f9eef2f6944cfb345,full_annotation_v1,A,q_도시락_01,도시락 사는 곳,음식점 중 '도시락'을 판매·제공하는 매장,test,도시락,T4 구어·문장,00118834-a0f4-4127-ba7d-f7908ced2e1d,골목집,한식,대흥낭만거리 골목형상점가,골목형상점가,대전광역시,,,
0dfa2a2c27964d4a3101,full_annotation_v1,A,q_도시락_01,도시락 사는 곳,음식점 중 '도시락'을 판매·제공하는 매장,test,도시락,T4 구어·문장,1ae690e5-ba67-4523-a303-9b545c7dc8a4,매일샌드,도시락,김해 동상전통시장,전통시장,경상남도,,,
c304a5f1aea64c299023,full_annotation_v1,A,q_도시락_01,도시락 사는 곳,음식점 중 '도시락'을 판매·제공하는 매장,test,도시락,T4 구어·문장,c1df4e35-9dae-4764-a971-3d054a6e2a3b,한솥도시락세종고운점,도시락,"가락마을 1,2단지 골목형상점가(가락마을 1,2단지 상인회)",골목형상점가,세종특별자치시,,,
691153a5b119e24c3baa,full_annotation_v1,A,q_도시락_01,도시락 사는 곳,음식점 중 '도시락'을 판매·제공하는 매장,test,도시락,T4 구어·문장,09b01dab-ec88-4e64-941a-36a3ff53351b,한솥도시락광주하남2지구점,도시락,하남 골목형상점가,골목형상점가,광주광역시,,,
e66cd7010e16a17d7e4e,full_annotation_v1,A,q_도시락_01,도시락 사는 곳,음식점 중 '도시락'을 판매·제공하는 매장,test,도시락,T4 구어·문장,ba44c66a-48bd-47be-ad33-7eb50e61b40b,한솥충남대후문점,도시락,궁동 골목형상점가,골목형상점가,대전광역시,,,
2b7875fe9d59d8f47336,full_annotation_v1,A,q_도시락_01,도시락 사는 곳,음식점 중 '도시락'을 판매·제공하는 매장,test,도시락,T4 구어·문장,57b2857d-d55c-4689-97b1-04de70b9c8ba,오꼬다꼬,타코야키,전남대후문골목형상점가,골목형상점가,광주광역시,,,
307a5e727d7b61c2d646,full_annotation_v1,A,q_도시락_01,도시락 사는 곳,음식점 중 '도시락'을 판매·제공하는 매장,test,도시락,T4 구어·문장,e213fe0d-9307-468f-9179-aa941f4d99db,본도시락 문지점,도시락,문지동 골목형상점가,골목형상점가,대전광역시,,,
4e8dd0372f8a427bd939,full_annotation_v1,A,q_도시락_01,도시락 사는 곳,음식점 중 '도시락'을 판매·제공하는 매장,test,도시락,T4 구어·문장,4061ed46-b439-4aeb-be4d-a738d82aa571,한솥도시락,도시락,선부광장로상점가,자율상권구역,경기도,,,
e1a7f4cfdbd63f425413,full_annotation_v1,A,q_도시락_01,도시락 사는 곳,음식점 중 '도시락'을 판매·제공하는 매장,test,도시락,T4 구어·문장,2b9a5db9-081a-4706-8fd4-3c5d5b5e6a04,한솥도시락울산호계점,도시락,호계중앙 골목형상점가,골목형상점가,울산광역시,,,
6570dcc550dcf1d8dd92,full_annotation_v1,A,q_도시락_01,도시락 사는 곳,음식점 중 '도시락'을 판매·제공하는 매장,test,도시락,T4 구어·문장,00066748-bce9-4daa-b881-7902dad46f14,하단맛집,한식,하단자율상권구역,,부산광역시,,,
51c7046f23b76c549828,full_annotation_v1,A,q_도시락_01,도시락 사는 곳,음식점 중 '도시락'을 판매·제공하는 매장,test,도시락,T4 구어·문장,a016eb65-c639-4179-8cdb-30fbecfbd400,슈슈밀,도시락 반찬,노블레스 골목형상점가,골목형상점가,경기도,,,
00ce45cc4e2c85224bd8,full_annotation_v1,A,q_도시락_01,도시락 사는 곳,음식점 중 '도시락'을 판매·제공하는 매장,test,도시락,T4 구어·문장,969d305f-1868-4c17-a90b-98f4a436648b,브라더한정식도시락전남대점,도시락,전남대후문골목형상점가,골목형상점가,광주광역시,,,
87175d99c58c5534d23b,full_annotation_v1,A,q_도시락_01,도시락 사는 곳,음식점 중 '도시락'을 판매·제공하는 매장,test,도시락,T4 구어·문장,bac5545b-f197-4350-a3e4-91d3e55303f2,치마치마벤또,도시락,안녕마을골목형상점가,골목형상점가,대전광역시,,,
5a33c9eb2cb39c74c9ba,full_annotation_v1,A,q_도시락_01,도시락 사는 곳,음식점 중 '도시락'을 판매·제공하는 매장,test,도시락,T4 구어·문장,76a3551b-dae4-4326-92cc-662015aedbfb,쉴 곳,한식,칠성로상점가,자율상권구역,제주특별자치도,,,
df8ed398d53b51bb4b27,full_annotation_v1,A,q_도시락_01,도시락 사는 곳,음식점 중 '도시락'을 판매·제공하는 매장,test,도시락,T4 구어·문장,001053bb-9a4d-431c-8073-f2204c857265,유달식당,한식,노량진수산시장골목형상점가,골목형상점가,서울특별시,,,
5fa849a408d14041e979,full_annotation_v1,A,q_도시락_01,도시락 사는 곳,음식점 중 '도시락'을 판매·제공하는 매장,test,도시락,T4 구어·문장,bd3faef6-cf6b-4851-a292-49ad6257f285,한솥도시락계명대동문점,도시락,성서계대로데오거리 골목형상점가,골목형상점가,대구광역시,,,
a8382bfeeb456988d21a,full_annotation_v1,A,q_도시락_01,도시락 사는 곳,음식점 중 '도시락'을 판매·제공하는 매장,test,도시락,T4 구어·문장,07df4770-d35b-4c7e-9a89-de8baf06f7fb,한솥도시락세종아름점,도시락,아름동상점가,자율상권구역,세종특별자치시,,,
a97ba62879a93617751c,full_annotation_v1,A,q_도시락_01,도시락 사는 곳,음식점 중 '도시락'을 판매·제공하는 매장,test,도시락,T4 구어·문장,061fc089-3c87-42dd-9ec4-c57cbe739270,한솥도시락 남천점,도시락,464번길 골목형상점가,골목형상점가,부산광역시,,,
582025434defe920b6c1,full_annotation_v1,A,q_도시락_01,도시락 사는 곳,음식점 중 '도시락'을 판매·제공하는 매장,test,도시락,T4 구어·문장,265124b0-be32-4c54-8013-34ddddb1adad,죽원,죽 밥 도시락,진주 논개시장,전통시장,경상남도,,,
3c020ce23c8dc618f1e9,full_annotation_v1,A,q_도시락_01,도시락 사는 곳,음식점 중 '도시락'을 판매·제공하는 매장,test,도시락,T4 구어·문장,a80f1a22-2dca-4350-9f81-b9b65e614b5b,한솥도시락 노은1지구,도시락,노은상가연합 골목형상점가,골목형상점가,대전광역시,,,
a5a6510bc81af3cebc74,full_annotation_v1,A,q_도시락_01,도시락 사는 곳,음식점 중 '도시락'을 판매·제공하는 매장,test,도시락,T4 구어·문장,6707840e-9b4d-4b69-9566-a769ac6f00c9,진도복김,건어물,두꺼비시장,전통시장,충청북도,,,
01223672315023ff18e7,full_annotation_v1,A,q_도시락_01,도시락 사는 곳,음식점 중 '도시락'을 판매·제공하는 매장,test,도시락,T4 구어·문장,7af29180-ecd2-4227-a519-be30be899dde,유성청과,과일,영덕시장,전통시장,경상북도,,,
29f85b6943af39870c37,full_annotation_v1,A,q_도시락_01,도시락 사는 곳,음식점 중 '도시락'을 판매·제공하는 매장,test,도시락,T4 구어·문장,0b9662ee-7d6f-458f-a24c-2867968f3cdf,한솥광주장덕점,도시락,성덕중사거리,골목형상점가,광주광역시,,,
96687edacf7c62617665,full_annotation_v1,A,q_도시락_01,도시락 사는 곳,음식점 중 '도시락'을 판매·제공하는 매장,test,도시락,T4 구어·문장,c111ac9d-3f3a-405c-a8db-4d127ccda9e2,행복이 있는 곳,잡화,제주로얄쇼핑센터,자율상권구역,제주특별자치도,,,
f3ffdff7f4004d3cbafa,full_annotation_v1,A,q_도시락_01,도시락 사는 곳,음식점 중 '도시락'을 판매·제공하는 매장,test,도시락,T4 구어·문장,3d0bcb12-d94d-481c-87af-73ef57c849f9,낙원가,도시락,두마면 팥거리골목형상점가,골목형상점가,충청남도,,,
3dbe8b10575aaf75a8e0,full_annotation_v1,A,q_도시락_01,도시락 사는 곳,음식점 중 '도시락'을 판매·제공하는 매장,test,도시락,T4 구어·문장,81ad6143-6b16-441c-a358-40120f0d7984,한솥도시락 한양대기숙사점,도시락,사근살곶이골목형상점가,골목형상점가,서울특별시,,,
216d089d1e7686f14a54,full_annotation_v1,A,q_도시락_01,도시락 사는 곳,음식점 중 '도시락'을 판매·제공하는 매장,test,도시락,T4 구어·문장,5f57d3e1-8ec9-497a-bf47-282ee0f1bb88,본도시락,도시락,공주산성 활성화구역,전통시장,충청남도,,,
75da8e80efabf71a0291,full_annotation_v1,A,q_도시락_01,도시락 사는 곳,음식점 중 '도시락'을 판매·제공하는 매장,test,도시락,T4 구어·문장,797cde3d-5b1d-40c6-b648-ce8825d7723e,한솥구로개봉점,도시락,개봉중앙골목형상점가,골목형상점가,서울특별시,,,
dad2081f9220a9e7f3ab,full_annotation_v1,A,q_도시락_01,도시락 사는 곳,음식점 중 '도시락'을 판매·제공하는 매장,test,도시락,T4 구어·문장,e93706df-3c4c-41d7-9124-e3696892d29b,도시락형제,도시락,대인시장,전통시장,광주광역시,,,
c5d4547b36acf818f74d,full_annotation_v1,A,q_두부_01,두부,식료품 중 '두부'를 판매·제공하는 매장,test,두부,T1 정확표기,88fba420-13ff-41a6-be03-43e06458392f,두부마을,두부,오정시장,전통시장,경기도,,,
65b0b19385f74e813c4a,full_annotation_v1,A,q_두부_01,두부,식료품 중 '두부'를 판매·제공하는 매장,test,두부,T1 정확표기,67e27844-2489-4075-a913-1286170aa199,박가네두부,두부,새마을시장,전통시장,서울특별시,,,
3d1c9e2e70945a443730,full_annotation_v1,A,q_두부_01,두부,식료품 중 '두부'를 판매·제공하는 매장,test,두부,T1 정확표기,ea2221b0-a35b-4e9a-84a4-5293a4c0df7f,광양손두부,두부,광양매일시장(광양상설시장),전통시장,전라남도,,,
ef7bd6b85e6dc34db9aa,full_annotation_v1,A,q_두부_01,두부,식료품 중 '두부'를 판매·제공하는 매장,test,두부,T1 정확표기,573a737a-9269-48ea-a293-86a8f1b4056f,담소두부전문점,두부,가오리골목형상점가,골목형상점가,서울특별시,,,
33616231a374fbf11d13,full_annotation_v1,A,q_두부_01,두부,식료품 중 '두부'를 판매·제공하는 매장,test,두부,T1 정확표기,3b80a003-4257-4cc1-b39b-11ed041edf74,여포두부,두부,통영중앙전통시장,전통시장,경상남도,,,
56f7e93be408d7bbe6f3,full_annotation_v1,A,q_두부_01,두부,식료품 중 '두부'를 판매·제공하는 매장,test,두부,T1 정확표기,f1fa5c62-1d76-4d44-a8f0-cb7ed091df33,춘하추동즉석두부,두부,광양5일시장,전통시장,전라남도,,,
d91a09ba8aa23098917f,full_annotation_v1,A,q_두부_01,두부,식료품 중 '두부'를 판매·제공하는 매장,test,두부,T1 정확표기,6cf63b7c-3a82-4492-8339-6bc7b5f0ffda,두부명가,두부,반딧불이연무시장,전통시장,경기도,,,
9d57a21b06a7a36439d3,full_annotation_v1,A,q_두부_01,두부,식료품 중 '두부'를 판매·제공하는 매장,test,두부,T1 정확표기,7ffac89b-6738-49f0-b68e-0999b352d78c,신선두부,두부,도봉산옛길골목형상점가,골목형상점가,서울특별시,,,
40972747457162968058,full_annotation_v1,A,q_두부_01,두부,식료품 중 '두부'를 판매·제공하는 매장,test,두부,T1 정확표기,3915bdfd-f4f0-43eb-a50d-3b471eb59ed6,미래식품,두부,용산종합큰시장,전통시장,대구광역시,,,
878510b233e1d020749c,full_annotation_v1,A,q_두부_01,두부,식료품 중 '두부'를 판매·제공하는 매장,test,두부,T1 정확표기,4eee54c6-ec82-4ced-a439-ed472c8da4a7,이두부야,두부,천상천 골목형상점가,골목형상점가,울산광역시,,,
513bc90aa7a990de5917,full_annotation_v1,A,q_두부_01,두부,식료품 중 '두부'를 판매·제공하는 매장,test,두부,T1 정확표기,c5febe51-11bf-4ab5-a557-0631a07d495a,거성 즉석 두부,두부,대명시장,전통시장,대구광역시,,,
c100171fdfdae04ef654,full_annotation_v1,A,q_두부_01,두부,식료품 중 '두부'를 판매·제공하는 매장,test,두부,T1 정확표기,f3c2d3c8-d60e-45b8-8712-e45c5c699309,예전두부,두부,수암상가시장,전통시장,울산광역시,,,
ef42a03c849473b6d298,full_annotation_v1,A,q_두부_01,두부,식료품 중 '두부'를 판매·제공하는 매장,test,두부,T1 정확표기,61fdbdb7-342d-4efb-996e-7ba6ceafe33d,두부마을,두부,홍천중앙시장(홍천신시장),전통시장,강원특별자치도,,,
c0b648c76ecfed61bc0e,full_annotation_v1,A,q_두부_01,두부,식료품 중 '두부'를 판매·제공하는 매장,test,두부,T1 정확표기,9e5c0161-cf4f-477f-b3c0-4f76a08f9b58,강원문구,문구용품,우산청년골목형상점가,골목형상점가,강원특별자치도,,,
62e20cc90ef6ccc1073d,full_annotation_v1,A,q_두부_01,두부,식료품 중 '두부'를 판매·제공하는 매장,test,두부,T1 정확표기,35b4ff20-a8f3-498f-9c95-7152a7be0f2c,두부마을,두부,송라시장,전통시장,대구광역시,,,
31736a50776b4a712c9a,full_annotation_v1,A,q_두부_01,두부,식료품 중 '두부'를 판매·제공하는 매장,test,두부,T1 정확표기,55387abb-7941-4c0b-b4bc-707375b036ce,두부명가,두부,백운시장,전통시장,서울특별시,,,
db472d52e219aa366aff,full_annotation_v1,A,q_두부_01,두부,식료품 중 '두부'를 판매·제공하는 매장,test,두부,T1 정확표기,a505d310-e0a4-4ad8-9263-67554df6e2b7,대경두부,두부,법동시장,전통시장,대전광역시,,,
8f3657e21a5b7ff7ba00,full_annotation_v1,A,q_두부_01,두부,식료품 중 '두부'를 판매·제공하는 매장,test,두부,T1 정확표기,dfb1ae5c-d025-4978-b09d-b911ce8cbb1d,두부마을,두부,방이시장,전통시장,서울특별시,,,
30b338192db2b1a8e2bf,full_annotation_v1,A,q_두부_01,두부,식료품 중 '두부'를 판매·제공하는 매장,test,두부,T1 정확표기,7f0c2b9c-c598-47dd-9d40-494f505c90fa,대명상회,속옷,부산자유시장,전통시장,부산광역시,,,
de804c35506c08a1de4e,full_annotation_v1,A,q_두부_01,두부,식료품 중 '두부'를 판매·제공하는 매장,test,두부,T1 정확표기,d79c2af0-c7cf-42a9-bdff-b59a47d46d82,앵콜노래방,노래연습,덕산전통시장,전통시장,충청북도,,,
812998a65a227d580c63,full_annotation_v1,A,q_두부_01,두부,식료품 중 '두부'를 판매·제공하는 매장,test,두부,T1 정확표기,e449cd7b-a279-465b-8e49-550e12071dae,부부두부,두부,경창시장,전통시장,서울특별시,,,
26721b700f523a18d422,full_annotation_v1,A,q_두부_01,두부,식료품 중 '두부'를 판매·제공하는 매장,test,두부,T1 정확표기,acb83eb8-7d70-45ca-bd5e-ecc40bb6cfbf,아이스탈,악세서리,신흥시장,전통시장,서울특별시,,,
99ce7560601710f55519,full_annotation_v1,A,q_두부_01,두부,식료품 중 '두부'를 판매·제공하는 매장,test,두부,T1 정확표기,1a49373a-1a58-4db8-b687-93320bf40ab5,웰빙즉석손두부,두부,인천모래내전통시장,전통시장,인천광역시,,,
8d0c5fd15f25d2557ad5,full_annotation_v1,A,q_두부_01,두부,식료품 중 '두부'를 판매·제공하는 매장,test,두부,T1 정확표기,c2e0c2ff-cfcc-40de-9009-2ef3859711c0,영두부,두부,고리울동굴시장,전통시장,경기도,,,
993022092100ef21b51f,full_annotation_v1,A,q_두부_01,두부,식료품 중 '두부'를 판매·제공하는 매장,test,두부,T1 정확표기,019ae811-4b2a-4aed-85e1-07d5d9b52645,Aucafe(오카페),커피 음료,어진동 골목형상점가,골목형상점가,세종특별자치시,,,
5cf7ca562d8a616f5c06,full_annotation_v1,A,q_두부_01,두부,식료품 중 '두부'를 판매·제공하는 매장,test,두부,T1 정확표기,f152b81c-1a8c-4bee-ba8a-f25474fe8988,재래손두부,두부,토지금고시장,전통시장,인천광역시,,,
d3200103d74afacad7f0,full_annotation_v1,A,q_두부_01,두부,식료품 중 '두부'를 판매·제공하는 매장,test,두부,T1 정확표기,77f22c56-68dd-4d77-ac28-12b5003e80bc,두부마을,두부,괴정골목시장,전통시장,부산광역시,,,
5b7b0aabf6391912aff5,full_annotation_v1,A,q_두부_01,두부,식료품 중 '두부'를 판매·제공하는 매장,test,두부,T1 정확표기,ace9f7c2-03ed-455e-b0ab-bb0269a23edd,하나로원두부,두부,안강공설시장,전통시장,경상북도,,,
7a55f89372b992835c2a,full_annotation_v1,A,q_두부_01,두부,식료품 중 '두부'를 판매·제공하는 매장,test,두부,T1 정확표기,639f8779-b15b-4ae1-8fb5-2c32a1044dcf,신용상회,두부,영도봉래시장,전통시장,부산광역시,,,
c6916c102f02a2325bc1,full_annotation_v1,A,q_두부_01,두부,식료품 중 '두부'를 판매·제공하는 매장,test,두부,T1 정확표기,b8a53820-000e-42e0-9ec5-88acbcb09761,천수두부,두부,포항 대이상가 골목형상점가,골목형상점가,경상북도,,,
5d2da745324f4543db5b,full_annotation_v1,A,q_두부_01,두부,식료품 중 '두부'를 판매·제공하는 매장,test,두부,T1 정확표기,df151aff-f1e7-45a4-85bd-fa576b442391,콩심이 두부,두부,벌교매일시장,전통시장,전라남도,,,
b5c40b59588544e4a6e6,full_annotation_v1,A,q_두부_01,두부,식료품 중 '두부'를 판매·제공하는 매장,test,두부,T1 정확표기,00faf8ae-f86f-4c14-86d8-5a72d4ee0e82,신선식품,두부제조,우리시장,자율상권구역,서울특별시,,,
61dbc4a670eb1b08c607,full_annotation_v1,A,q_두부_01,두부,식료품 중 '두부'를 판매·제공하는 매장,test,두부,T1 정확표기,6cb0e649-cf8f-4316-b0fc-8165d779ae8b,대림두부,두부,대림중앙시장,전통시장,서울특별시,,,
ef877b27b98688e57f87,full_annotation_v1,A,q_두부_01,두부,식료품 중 '두부'를 판매·제공하는 매장,test,두부,T1 정확표기,02e6e7b8-1131-401d-b587-fcff8760568b,우영이네,두부,청주북부시장,전통시장,충청북도,,,
f1ea40da2054de2d8ed0,full_annotation_v1,A,q_두부_01,두부,식료품 중 '두부'를 판매·제공하는 매장,test,두부,T1 정확표기,cd8a07d9-b273-4264-9915-b9a1c6bc2cd4,토석,두부,대림골목시장,전통시장,서울특별시,,,
504f2114a3f79e8ea021,full_annotation_v1,A,q_두부_01,두부,식료품 중 '두부'를 판매·제공하는 매장,test,두부,T1 정확표기,b972b786-a2b9-4195-9aeb-02fa32432917,천안태초두부,두부,천안중앙시장,전통시장,충청남도,,,
f09e1ffff3ed764cb8f0,full_annotation_v1,A,q_두부_01,두부,식료품 중 '두부'를 판매·제공하는 매장,test,두부,T1 정확표기,1c0f2d0e-0a0e-4eeb-8e99-fab5a6f1ab1a,오복손두부,두부,청주육거리종합시장,전통시장,충청북도,,,
cd390bae37a5321254da,full_annotation_v1,A,q_두부_01,두부,식료품 중 '두부'를 판매·제공하는 매장,test,두부,T1 정확표기,658b63a8-a639-4c3c-97a8-6447f0dbf721,자연식품,두부,광명새마을시장,전통시장,경기도,,,
535cfaa9041be2b1cd19,full_annotation_v1,A,q_두부_01,두부,식료품 중 '두부'를 판매·제공하는 매장,test,두부,T1 정확표기,3932c08d-bc28-4905-b70a-5db2d8dd03a3,두영식품,두부,비단길현대시장,전통시장,서울특별시,,,
11edf13e87add61595ea,full_annotation_v1,A,q_두부_01,두부,식료품 중 '두부'를 판매·제공하는 매장,test,두부,T1 정확표기,0263f33e-0b98-4058-b3f0-068d677af362,북부자연식품,두부,창동신창시장,전통시장,서울특별시,,,
3b752cf59cfc12775ebc,full_annotation_v1,A,q_두부_01,두부,식료품 중 '두부'를 판매·제공하는 매장,test,두부,T1 정확표기,7c03234b-f3d9-445d-9d91-eb7f33451449,옛날식두부,두부,북구빛나는 골목형상점가,골목형상점가,광주광역시,,,
9af192c41dee95876d64,full_annotation_v1,A,q_두부_01,두부,식료품 중 '두부'를 판매·제공하는 매장,test,두부,T1 정확표기,d9406998-e5bd-456a-a585-174bdbada603,즉석총각두부,두부,천안중앙시장,전통시장,충청남도,,,
360e6e7ee230e097bad8,full_annotation_v1,A,q_두부_01,두부,식료품 중 '두부'를 판매·제공하는 매장,test,두부,T1 정확표기,1eb76174-e588-4401-b98a-1b0dc8f2e7e8,정두부,두부,다정중앙 골목형상점가,골목형상점가,세종특별자치시,,,
fd326083f8d6a64b09fc,full_annotation_v1,A,q_두부_01,두부,식료품 중 '두부'를 판매·제공하는 매장,test,두부,T1 정확표기,69a94f8f-2725-4df2-9d1e-cb4628548927,한뚜부,두부,박달시장,전통시장,경기도,,,
490a7cd7933cb7e02e01,full_annotation_v1,A,q_두부_01,두부,식료품 중 '두부'를 판매·제공하는 매장,test,두부,T1 정확표기,79ca1894-36b9-4f4d-9f40-ba924ad2a5a0,흑산도홍어집,홍어,운암 북문대로1 골목형상점가,골목형상점가,광주광역시,,,
381814c151a6675b5fd5,full_annotation_v1,A,q_두부_01,두부,식료품 중 '두부'를 판매·제공하는 매장,test,두부,T1 정확표기,63eaad17-e700-4b0b-8b9b-1eb5cb9ba6c7,즉석두부,두부,금산금빛시장(금산시장),전통시장,충청남도,,,
7ea6a4d7961fcd25fdf0,full_annotation_v1,A,q_두부_01,두부,식료품 중 '두부'를 판매·제공하는 매장,test,두부,T1 정확표기,13d8ac39-308a-4a1a-a926-8b9e5d926074,두부명가,두부,화곡중앙시장,전통시장,서울특별시,,,
a39b490543c3786eb812,full_annotation_v1,A,q_두부_01,두부,식료품 중 '두부'를 판매·제공하는 매장,test,두부,T1 정확표기,889e86cd-5516-45c8-b45c-d7eff0b80820,삼례두부,두부,삼례상점가,자율상권구역,전북특별자치도,,,
0e421750cff76395b10d,full_annotation_v1,A,q_두부_01,두부,식료품 중 '두부'를 판매·제공하는 매장,test,두부,T1 정확표기,d2f0e99a-e525-496b-b1b2-e4772df0b782,즉석두부,두부,강화풍물시장,전통시장,인천광역시,,,
75ea2f14660efe115f22,full_annotation_v1,A,q_두부_01,두부,식료품 중 '두부'를 판매·제공하는 매장,test,두부,T1 정확표기,de656bed-4d3d-4dd9-b646-f83925678a3c,한사랑약국,양약,삼성면 원도심 자율상권구역,상권활성화구역,충청북도,,,
c16da94347f93de7f926,full_annotation_v1,A,q_두부_01,두부,식료품 중 '두부'를 판매·제공하는 매장,test,두부,T1 정확표기,ff645999-5e11-41f5-9848-325dcf5f2be5,건강두부,두부,화서시장,전통시장,경기도,,,
9dba1ebdf7d57421cebb,full_annotation_v1,A,q_두부_01,두부,식료품 중 '두부'를 판매·제공하는 매장,test,두부,T1 정확표기,d496b565-6c44-4976-80e8-46db9edea026,돈암손두부,두부,돈암시장,전통시장,서울특별시,,,
20dfa01b766129726e3a,full_annotation_v1,A,q_두부_01,두부,식료품 중 '두부'를 판매·제공하는 매장,test,두부,T1 정확표기,54ad8e52-01fe-4f03-b15a-ecb2ea5f217e,민속두부,두부,까치산시장,전통시장,서울특별시,,,
124c860fad8e5abff713,full_annotation_v1,A,q_두부_01,두부,식료품 중 '두부'를 판매·제공하는 매장,test,두부,T1 정확표기,dbd279d8-6c55-4375-a705-a775de3d5977,민속두부,두부,신영시장,전통시장,서울특별시,,,
5810592959d1920be44d,full_annotation_v1,A,q_두부_01,두부,식료품 중 '두부'를 판매·제공하는 매장,test,두부,T1 정확표기,e3ffe4e4-0ffc-43e8-8e8c-deb57fb6de6c,"두부,부부(즉석콩두부제작소)",두부,다운장 골목형상점가,골목형상점가,울산광역시,,,
42a6537ab89c22ad3de0,full_annotation_v1,A,q_두부_01,두부,식료품 중 '두부'를 판매·제공하는 매장,test,두부,T1 정확표기,d7ca083a-7790-4edc-8a5c-194f7c5da3fc,두부명가,두부,사직거인 골목형상점가,골목형상점가,부산광역시,,,
78257d98f106c728d2dc,full_annotation_v1,A,q_두부_01,두부,식료품 중 '두부'를 판매·제공하는 매장,test,두부,T1 정확표기,c5488f43-70ab-4eba-a090-8718741003ee,형제식품,두부,양동경열로시장,전통시장,,,,
0f743fd1e676f24c02a9,full_annotation_v1,A,q_두부_01,두부,식료품 중 '두부'를 판매·제공하는 매장,test,두부,T1 정확표기,642ff317-0ea2-4a0d-83d9-76ca98e216f0,두부명가,두부,태평시장,전통시장,대전광역시,,,
3c6cd2bebedd849a8609,full_annotation_v1,A,q_두부_01,두부,식료품 중 '두부'를 판매·제공하는 매장,test,두부,T1 정확표기,7eb139ff-0b6e-4ad1-8ca7-f469f1e9d623,야베스식품,두부,마산어시장,전통시장,경상남도,,,
030cfa2263c3dcf60065,full_annotation_v1,A,q_두부_01,두부,식료품 중 '두부'를 판매·제공하는 매장,test,두부,T1 정확표기,70a20c1c-2867-4575-8827-7e9d48223289,이두부야,두부,봉덕신시장,전통시장,대구광역시,,,
d7e87a80f60d95e62b9e,full_annotation_v1,A,q_두부_01,두부,식료품 중 '두부'를 판매·제공하는 매장,test,두부,T1 정확표기,63ed6194-b5eb-4780-a784-eb60effa1ad4,즉석두부,두부,태평시장,전통시장,대전광역시,,,
e16642220290d565fb0e,full_annotation_v1,A,q_두부_01,두부,식료품 중 '두부'를 판매·제공하는 매장,test,두부,T1 정확표기,cf04fcd8-d670-4cfe-bc50-eb4d5e07fa95,거창두부,두부,거창 전통시장,전통시장,경상남도,,,
eb88dae99edbc2e6a057,full_annotation_v1,A,q_두부_01,두부,식료품 중 '두부'를 판매·제공하는 매장,test,두부,T1 정확표기,efa2a2c3-e5d8-4365-b5cb-d01ec992be70,두부명가,두부,오천시장,전통시장,경상북도,,,
ab04a77ccbd4a3db805b,full_annotation_v1,A,q_두부_01,두부,식료품 중 '두부'를 판매·제공하는 매장,test,두부,T1 정확표기,481fc4e7-045b-4fb3-bf0c-eba04e887be9,두붓집,두부,자양15번가골목형상점가,골목형상점가,서울특별시,,,
39296876c17a8e71300c,full_annotation_v1,A,q_두부_01,두부,식료품 중 '두부'를 판매·제공하는 매장,test,두부,T1 정확표기,4f580439-e2db-485c-ae7f-18d9ee41a805,부자두부,두부,신평리시장,전통시장,대구광역시,,,
89398a26e5fe23ca8045,full_annotation_v1,A,q_두부_01,두부,식료품 중 '두부'를 판매·제공하는 매장,test,두부,T1 정확표기,ab9c6969-da0a-43e1-be2e-3408a3b83706,서울두부,두부,달서시장,전통시장,대구광역시,,,
fc7482aa490e963dd9f4,full_annotation_v1,A,q_두부_01,두부,식료품 중 '두부'를 판매·제공하는 매장,test,두부,T1 정확표기,f42cc7b0-44ac-4ff0-947f-eddfc14e47e7,만덕두부,두부,만덕2동제일상가시장,전통시장,부산광역시,,,
3a5b75401e95db9afe2c,full_annotation_v1,A,q_두부_01,두부,식료품 중 '두부'를 판매·제공하는 매장,test,두부,T1 정확표기,a6ba150b-dade-4282-be09-00c876947054,제일상회,두부,대조시장,전통시장,서울특별시,,,
2a92216e24dc355b15fe,full_annotation_v1,A,q_두부_01,두부,식료품 중 '두부'를 판매·제공하는 매장,test,두부,T1 정확표기,18b66b36-93b4-4c78-8c06-c2683df5fffc,프랭크버거(원주우산점),햄버거,우산청년골목형상점가,골목형상점가,강원특별자치도,,,
f7aac3428c8000bc5b2d,full_annotation_v1,A,q_두부_01,두부,식료품 중 '두부'를 판매·제공하는 매장,test,두부,T1 정확표기,6b0eb6fb-0d7d-424c-8bf2-1bdad0f30809,아침즉석두부,두부,삼호읍 중앙 골목형상점가,골목형상점가,전라남도,,,
c2834e31708cc57e8852,full_annotation_v1,A,q_두부_01,두부,식료품 중 '두부'를 판매·제공하는 매장,test,두부,T1 정확표기,40f7bbd1-bd4c-4cfe-96a8-ea79171063f6,정아식품,두부,중랑동부시장,전통시장,서울특별시,,,
7820297d8e3d72f84add,full_annotation_v1,A,q_두부_01,두부,식료품 중 '두부'를 판매·제공하는 매장,test,두부,T1 정확표기,387fb7e3-2efc-46c6-950b-8eef58c37bf1,두부마을,두부,전곡로데오거리골목형상점가,골목형상점가,경기도,,,
2d20a09e912c1beafe80,full_annotation_v1,A,q_두부_01,두부,식료품 중 '두부'를 판매·제공하는 매장,test,두부,T1 정확표기,d0969b5d-dd8d-4186-bae1-38a3447e46c6,동백전집,한식,청주서문시장,전통시장,충청북도,,,
35f113edafba7a29cae5,full_annotation_v1,A,q_두부_01,두부,식료품 중 '두부'를 판매·제공하는 매장,test,두부,T1 정확표기,b9b1dbce-c5bd-4b92-9e3c-69099611acf9,우리콩자연두부,두부,다산지금상점가,골목형상점가,경기도,,,
6d31e9c6f9ee70d1aea8,full_annotation_v1,A,q_두부_01,두부,식료품 중 '두부'를 판매·제공하는 매장,test,두부,T1 정확표기,bc2da352-ce00-479d-b46e-2a5d2dd9a547,두부마을,두부,돌곶이시장,전통시장,서울특별시,,,
5b5134f8c9a53c34812e,full_annotation_v1,A,q_두부_01,두부,식료품 중 '두부'를 판매·제공하는 매장,test,두부,T1 정확표기,0c74cbc7-64c4-478e-94be-833dcea62d5a,충남식품,두부,계양산전통시장,전통시장,인천광역시,,,
73df2666f5b87902a886,full_annotation_v1,A,q_두부_01,두부,식료품 중 '두부'를 판매·제공하는 매장,test,두부,T1 정확표기,00a74c3c-6931-4363-8806-0c064d828485,옛맷돌생즉석두부,두부,성정시장(구 성정5단지시장),전통시장,충청남도,,,
185f4e82b1e725e8b479,full_annotation_v1,A,q_두부_01,두부,식료품 중 '두부'를 판매·제공하는 매장,test,두부,T1 정확표기,4f2775fb-cf32-47c8-8961-01b00e82cf42,짱두부,두부,의왕예술의거리골목형상점가,골목형상점가,경기도,,,
c3ed0e185514f2ba34a5,full_annotation_v1,A,q_두부_01,두부,식료품 중 '두부'를 판매·제공하는 매장,test,두부,T1 정확표기,de3c9cc3-c685-4b25-942d-1c13a060b6ad,초원두부,두부,춘천동부시장,전통시장,강원특별자치도,,,
a4bf5875c9c024ebcb6d,full_annotation_v1,A,q_두부_01,두부,식료품 중 '두부'를 판매·제공하는 매장,test,두부,T1 정확표기,b78fa11d-e42c-4837-848d-1a06d544b199,닝오마흐(Ning O mah),동남아 음식점,포항중앙상가,전통시장,경상북도,,,
a4271149006a7cd63e4a,full_annotation_v1,A,q_두부_01,두부,식료품 중 '두부'를 판매·제공하는 매장,test,두부,T1 정확표기,00370e92-787b-44c8-a4cb-e87c3185e811,콩사랑즉석두부,두부,남부시장,전통시장,경상북도,,,
a963e34e502389f5b002,full_annotation_v1,A,q_두부_01,두부,식료품 중 '두부'를 판매·제공하는 매장,test,두부,T1 정확표기,0725224b-9e87-40bc-b799-038f0ee4da3e,신흥식품,두부,부천신흥시장,전통시장,경기도,,,
0db6d647fb2fc5edf48d,full_annotation_v1,A,q_두부_01,두부,식료품 중 '두부'를 판매·제공하는 매장,test,두부,T1 정확표기,20b84fb3-8203-48ef-8050-feb348d1cda9,맷돌손두부,두부,문산자유시장,전통시장,경기도,,,
d09893b12c2351834018,full_annotation_v1,A,q_두부_01,두부,식료품 중 '두부'를 판매·제공하는 매장,test,두부,T1 정확표기,e1635a72-30eb-42ca-b87d-ef73d2c64220,두부명가,두부,청주육거리종합시장,전통시장,충청북도,,,
8bb50770966a2c145d3f,full_annotation_v1,A,q_두부_01,두부,식료품 중 '두부'를 판매·제공하는 매장,test,두부,T1 정확표기,46a5eaab-5ffd-49d9-8537-cf872b932b5e,두부명가,두부,구월시장,전통시장,인천광역시,,,
b6216f564f0f39f2afdb,full_annotation_v1,A,q_두부_01,두부,식료품 중 '두부'를 판매·제공하는 매장,test,두부,T1 정확표기,6bedd793-4c99-4c2e-af0a-c9c1d6b8c2b9,두부명가,두부,신도꼼지락시장,전통시장,대전광역시,,,
d20db3023cc807ce79d8,full_annotation_v1,A,q_두부_01,두부,식료품 중 '두부'를 판매·제공하는 매장,test,두부,T1 정확표기,d0740585-92d0-48ff-ad13-e7bdbab24b4a,할배,두부,안양남부시장,전통시장,경기도,,,
b6c612abc43a72d02ec3,full_annotation_v1,A,q_두부_01,두부,식료품 중 '두부'를 판매·제공하는 매장,test,두부,T1 정확표기,8b10bc5e-2eb8-4158-bde8-275a6f9af44c,하얀두부,두부,옛 경양방죽 골목형상점가,골목형상점가,광주광역시,,,
8c30ea11a72d87a5115a,full_annotation_v1,A,q_두부_01,두부,식료품 중 '두부'를 판매·제공하는 매장,test,두부,T1 정확표기,ee6b54a3-321e-401e-8f14-1e9502b7b83f,장수두부,두부,원당시장(구 원당전통시장),전통시장,경기도,,,
80f17731caf8264f422b,full_annotation_v1,A,q_두부_01,두부,식료품 중 '두부'를 판매·제공하는 매장,test,두부,T1 정확표기,6fee5688-d168-49c2-99a3-48ec4c5ef776,온두부,두부,산정상인회 골목형상점가,골목형상점가,,,,
13ec47ad82dc5ac02677,full_annotation_v1,A,q_두부_01,두부,식료품 중 '두부'를 판매·제공하는 매장,test,두부,T1 정확표기,7be8d4fa-50c1-42a0-ac31-003072575d95,즉석두부,두부,답십리시장,전통시장,서울특별시,,,
d219bea8bc2f9a43e230,full_annotation_v1,A,q_두부_01,두부,식료품 중 '두부'를 판매·제공하는 매장,test,두부,T1 정확표기,8ce86e3c-28b1-4d4d-948e-ad0d3c47f353,콩사랑식품,두부,풍납시장,전통시장,서울특별시,,,
1edbadfea4b9b17e6fef,full_annotation_v1,A,q_두부_01,두부,식료품 중 '두부'를 판매·제공하는 매장,test,두부,T1 정확표기,e1b0c297-7a72-457c-a8ff-1f56da8bbb78,오늘은 두부,두부,새호반 골목형상점가,골목형상점가,세종특별자치시,,,
9650485047cc93a37179,full_annotation_v1,A,q_두부_01,두부,식료품 중 '두부'를 판매·제공하는 매장,test,두부,T1 정확표기,fd80cca6-6e62-4656-8081-6fc5cf937512,두부마을,두부,양평물맑은시장,전통시장,경기도,,,
81311bf8e5d2344c39d1,full_annotation_v1,A,q_두부_01,두부,식료품 중 '두부'를 판매·제공하는 매장,test,두부,T1 정확표기,c08cd7b7-f87a-44e6-97b9-f0deb8799005,㈜무일아이엔씨전곡시,슈퍼,전곡시장,전통시장,서울특별시,,,
da172134bcac69269cbf,full_annotation_v1,A,q_두부_01,두부,식료품 중 '두부'를 판매·제공하는 매장,test,두부,T1 정확표기,3f435949-0508-403d-9d84-e094f2b5e689,철이네 두부,두부,도마큰시장,전통시장,대전광역시,,,
0958bc08cad7abb86db5,full_annotation_v1,A,q_두부_01,두부,식료품 중 '두부'를 판매·제공하는 매장,test,두부,T1 정확표기,f0bc7d99-f460-4dfc-9344-d6e5986bac5c,해냄식품,두부,고척근린시장,전통시장,서울특별시,,,
87a9a92a05eab45d51ba,full_annotation_v1,A,q_두부_01,두부,식료품 중 '두부'를 판매·제공하는 매장,test,두부,T1 정확표기,a8842971-713d-461a-a0d6-94f2a4e46abb,한일두부,두부,안양관양시장,전통시장,경기도,,,
e1c97f91b15ce4d89b30,full_annotation_v1,A,q_두부_01,두부,식료품 중 '두부'를 판매·제공하는 매장,test,두부,T1 정확표기,43325eb1-36cd-4298-b4a2-0836427fcc29,현풍두부,두부,현풍백년도깨비시장,전통시장,대구광역시,,,
5ea05c2e1e341da6fcc1,full_annotation_v1,A,q_두부_01,두부,식료품 중 '두부'를 판매·제공하는 매장,test,두부,T1 정확표기,ee44c794-f8ec-4d6c-b06c-e92d2e8ebb42,고향두부,두부,부평종합시장,전통시장,인천광역시,,,
fb4b463308abaec915b6,full_annotation_v1,A,q_두부_01,두부,식료품 중 '두부'를 판매·제공하는 매장,test,두부,T1 정확표기,c0289b47-4cd2-4923-ad52-bb7831d71ffd,고고두부,두부,테크노밸리 골목형상점가,골목형상점가,대전광역시,,,
1bf92aa1a196f2a2c3b5,full_annotation_v1,A,q_두부_01,두부,식료품 중 '두부'를 판매·제공하는 매장,test,두부,T1 정확표기,000cb355-aef1-4aaf-8fb2-cb3f9fd94624,시골즉석두부,두부,신장전통시장,전통시장,경기도,,,
5cd80ba98701ef4f3a51,full_annotation_v1,A,q_두부_01,두부,식료품 중 '두부'를 판매·제공하는 매장,test,두부,T1 정확표기,7734ca82-a418-40fa-8351-e2ea23b58a20,착한두부,두부,대동한마음 골목형상점가,골목형상점가,울산광역시,,,
d8a6bac69f2f8baa130d,full_annotation_v1,A,q_두부_01,두부,식료품 중 '두부'를 판매·제공하는 매장,test,두부,T1 정확표기,efe1e70a-8051-4699-bbca-169b0408595c,두부한모,두부,봉일천전통시장,전통시장,경기도,,,
66db9d69b724adb4d919,full_annotation_v1,A,q_두부_01,두부,식료품 중 '두부'를 판매·제공하는 매장,test,두부,T1 정확표기,78e96343-cdc9-4ae6-9af0-d7f5f12e223a,두부마을,두부,용남시장,전통시장,인천광역시,,,
a51fd3a98916b16b2eae,full_annotation_v1,A,q_두부_01,두부,식료품 중 '두부'를 판매·제공하는 매장,test,두부,T1 정확표기,89181375-c57b-4535-a442-b1a101db2ed7,향원두부,두부,부천자유시장,전통시장,경기도,,,
e260013e9df3fd4ca750,full_annotation_v1,A,q_두부_01,두부,식료품 중 '두부'를 판매·제공하는 매장,test,두부,T1 정확표기,014175c9-602a-451f-adb6-d2ae725ab204,맷돌수제두부(콩사랑순두부),,정자시장,전통시장,경기도,,,
895b0a9b1a8a4a44fbd9,full_annotation_v1,A,q_두부_01,두부,식료품 중 '두부'를 판매·제공하는 매장,test,두부,T1 정확표기,27fad12e-b02e-4a86-aec1-72ed0bdf36a7,유선식품,두부,안성 전통 옛장터길 골목형상점가,골목형상점가,경기도,,,
3d31ea2b2ced51f6a65b,full_annotation_v1,A,q_두부_01,두부,식료품 중 '두부'를 판매·제공하는 매장,test,두부,T1 정확표기,5bab75de-06b1-4b59-8d9a-7395f4f0e10c,그린두부,두부,강릉성남시장,전통시장,강원특별자치도,,,
c3de8528a7ce04e016d2,full_annotation_v1,A,q_두부_01,두부,식료품 중 '두부'를 판매·제공하는 매장,test,두부,T1 정확표기,7cb98b06-e749-476a-aefe-d93b53ada736,진남손두부,두부,여수진남시장,전통시장,전라남도,,,
edbfb26dadc16d35791a,full_annotation_v1,A,q_두부_01,두부,식료품 중 '두부'를 판매·제공하는 매장,test,두부,T1 정확표기,dee3c4de-a2a6-4539-94ff-606f198933a5,두부명가,두부,청양전통시장(구 청양상설시장),전통시장,충청남도,,,
1d009fc64e2b0b4da648,full_annotation_v1,A,q_두부_01,두부,식료품 중 '두부'를 판매·제공하는 매장,test,두부,T1 정확표기,ecfb17e7-4687-4b83-9cb6-38cffa19b198,두부명가,두부,안양중앙인정시장,전통시장,경기도,,,
35ce4e1d38eae651ab15,full_annotation_v1,A,q_두부_01,두부,식료품 중 '두부'를 판매·제공하는 매장,test,두부,T1 정확표기,05218ab9-95f3-4c7c-bff8-2abd592ab2d6,역전두부,두부,마산역번개시장,전통시장,경상남도,,,
fcd83d7b593e1129541b,full_annotation_v1,A,q_두부_01,두부,식료품 중 '두부'를 판매·제공하는 매장,test,두부,T1 정확표기,5171ff57-3cee-4a79-80e1-7ac891ab5c48,콩사랑식품,두부,계산시장,전통시장,인천광역시,,,
2a852f9e5aee3a072a1e,full_annotation_v1,A,q_두부_01,두부,식료품 중 '두부'를 판매·제공하는 매장,test,두부,T1 정확표기,cc953dde-1be2-4a6d-9900-50c65a4d0904,믿음식품,두부,계양산전통시장,전통시장,인천광역시,,,
7654fb35ec1bdc4bdd42,full_annotation_v1,A,q_두부_01,두부,식료품 중 '두부'를 판매·제공하는 매장,test,두부,T1 정확표기,f6f7777a-de9b-4f9e-8da6-e523341c3fc5,이두부야,두부,신매시장,전통시장,대구광역시,,,
885c0f04e08d3bfdde70,full_annotation_v1,A,q_두부_01,두부,식료품 중 '두부'를 판매·제공하는 매장,test,두부,T1 정확표기,e7021342-86e5-4bf1-9caf-7d3f37914a8e,두부명가,두부,전곡전통시장,전통시장,경기도,,,
c018a15179784fadeec9,full_annotation_v1,A,q_두부_01,두부,식료품 중 '두부'를 판매·제공하는 매장,test,두부,T1 정확표기,06931f6c-326a-4ecd-82c0-e27cb74025b8,이두부야,두부,신정상가시장,전통시장,울산광역시,,,
c3f0bb0dc000e38e2318,full_annotation_v1,A,q_두부_01,두부,식료품 중 '두부'를 판매·제공하는 매장,test,두부,T1 정확표기,56518e37-15c9-4e7e-8e85-2f02143fac88,옛날두부,두부,온천인정시장,전통시장,부산광역시,,,
59abf1b31cf00e7fead0,full_annotation_v1,A,q_두부_01,두부,식료품 중 '두부'를 판매·제공하는 매장,test,두부,T1 정확표기,dc90a5aa-bfb2-401f-8728-5f220eed1b9b,두부온,두부,"온양온천시장(온양재래시장, 전통시장)",전통시장,충청남도,,,
a001345d8256e6905749,full_annotation_v1,A,q_두부_01,두부,식료품 중 '두부'를 판매·제공하는 매장,test,두부,T1 정확표기,c4231cd9-c770-4361-8bbb-f78844268ea2,봄연당,,백운광장 골목형상점가,골목형상점가,,,,
a0810c1ae8255984e4c9,full_annotation_v1,A,q_두부_01,두부,식료품 중 '두부'를 판매·제공하는 매장,test,두부,T1 정확표기,93560615-659d-4f06-aa10-9c216521e4d1,동양식품,"두부, 두부 제조업",초량전통시장,전통시장,부산광역시,,,
d319ef4a349b0e8aea68,full_annotation_v1,A,q_두부_01,두부,식료품 중 '두부'를 판매·제공하는 매장,test,두부,T1 정확표기,95755828-5b5b-460c-82de-9bf3f29d86b4,두부명가,두부,달서시장,전통시장,대구광역시,,,
4b41b62bcc4a42ff48f4,full_annotation_v1,A,q_두부_01,두부,식료품 중 '두부'를 판매·제공하는 매장,test,두부,T1 정확표기,9a156239-df2b-4f2c-b570-94e63712a53c,두부마을,두부,용남시장,전통시장,인천광역시,,,
e382781a6372d16cb4c8,full_annotation_v1,A,q_두부_01,두부,식료품 중 '두부'를 판매·제공하는 매장,test,두부,T1 정확표기,dfdf037d-4ea0-469e-91d8-b7b0dfad7d7e,즉석총각두부,두부,"온양온천시장(온양재래시장, 전통시장)",전통시장,충청남도,,,
c46449e9518260ba8b3a,full_annotation_v1,A,q_두부_01,두부,식료품 중 '두부'를 판매·제공하는 매장,test,두부,T1 정확표기,e4d12e66-066b-40d6-844b-d66476ac69ac,이두부야,두부,신곡시장 골목형상점가,골목형상점가,서울특별시,,,
c0d7069b852b67069f1e,full_annotation_v1,A,q_두부_01,두부,식료품 중 '두부'를 판매·제공하는 매장,test,두부,T1 정확표기,9ffb2b54-6aca-4700-b532-7f276f04769d,두부마을,두부,연희로 골목형상점가,골목형상점가,인천광역시,,,
b302a4d67322e550d05c,full_annotation_v1,A,q_두부_01,두부,식료품 중 '두부'를 판매·제공하는 매장,test,두부,T1 정확표기,51ecf389-b5ae-41ab-9b5b-75986b4be0da,씨앤씨미술학원,교육서비스,서문대로704번길 골목형상점가,골목형상점가,광주광역시,,,
f848defbeb176ab4a386,full_annotation_v1,A,q_두부_01,두부,식료품 중 '두부'를 판매·제공하는 매장,test,두부,T1 정확표기,d43529bb-5a2c-474a-8cae-a2101fae1d42,백세두부,두부,대해불빛시장(대해종합시장),전통시장,경상북도,,,
df717a0e85b6db77cf98,full_annotation_v1,A,q_두부_01,두부,식료품 중 '두부'를 판매·제공하는 매장,test,두부,T1 정확표기,1a4680e0-56b8-48f7-9e7d-951dffb05f6a,소담두부,두부,과천슈르탑 골목형상점가,골목형상점가,경기도,,,
c5618a2b3d2e5247e237,full_annotation_v1,A,q_두부_01,두부,식료품 중 '두부'를 판매·제공하는 매장,test,두부,T1 정확표기,2a2aebd8-418e-442c-b4d0-167603546e31,광명상총판,밥상 (식상),부평 문화의거리,전통시장,인천광역시,,,
8d149990074437fb68b4,full_annotation_v1,A,q_두부_01,두부,식료품 중 '두부'를 판매·제공하는 매장,test,두부,T1 정확표기,f7248831-11fb-4f35-a572-59b2ea510896,이두부야,두부,삼성명가상가 골목형상점가,골목형상점가,대구광역시,,,
1e936a2dda562edb45d9,full_annotation_v1,A,q_두부_01,두부,식료품 중 '두부'를 판매·제공하는 매장,test,두부,T1 정확표기,bd22ee77-109c-4976-b158-80aaae38a512,오봉자싸롱,주류,어진동 골목형상점가,골목형상점가,세종특별자치시,,,
374ffb8fabc339cf2216,full_annotation_v1,A,q_두부_01,두부,식료품 중 '두부'를 판매·제공하는 매장,test,두부,T1 정확표기,945d5476-c465-489d-9eec-36f706d76690,청진동해장국,해장국,운암 북문대로1 골목형상점가,골목형상점가,광주광역시,,,
dec46e57dd0a222ede28,full_annotation_v1,A,q_두부_02,두부 가게,식료품 중 '두부'를 판매·제공하는 매장,test,두부,T2 동의어,c0289b47-4cd2-4923-ad52-bb7831d71ffd,고고두부,두부,테크노밸리 골목형상점가,골목형상점가,대전광역시,,,
7b8361309bc5ce688620,full_annotation_v1,A,q_두부_02,두부 가게,식료품 중 '두부'를 판매·제공하는 매장,test,두부,T2 동의어,1eb76174-e588-4401-b98a-1b0dc8f2e7e8,정두부,두부,다정중앙 골목형상점가,골목형상점가,세종특별자치시,,,
50ab05e6910aeac9cf6e,full_annotation_v1,A,q_두부_02,두부 가게,식료품 중 '두부'를 판매·제공하는 매장,test,두부,T2 동의어,dbd279d8-6c55-4375-a705-a775de3d5977,민속두부,두부,신영시장,전통시장,서울특별시,,,
fdcd250d815e1ea0dbbf,full_annotation_v1,A,q_두부_02,두부 가게,식료품 중 '두부'를 판매·제공하는 매장,test,두부,T2 동의어,df151aff-f1e7-45a4-85bd-fa576b442391,콩심이 두부,두부,벌교매일시장,전통시장,전라남도,,,
f5f13181f32444450251,full_annotation_v1,A,q_두부_02,두부 가게,식료품 중 '두부'를 판매·제공하는 매장,test,두부,T2 동의어,889e86cd-5516-45c8-b45c-d7eff0b80820,삼례두부,두부,삼례상점가,자율상권구역,전북특별자치도,,,
33079a272b2a59091218,full_annotation_v1,A,q_두부_02,두부 가게,식료품 중 '두부'를 판매·제공하는 매장,test,두부,T2 동의어,43325eb1-36cd-4298-b4a2-0836427fcc29,현풍두부,두부,현풍백년도깨비시장,전통시장,대구광역시,,,
192f0bd66ad2ec2b78a7,full_annotation_v1,A,q_두부_02,두부 가게,식료품 중 '두부'를 판매·제공하는 매장,test,두부,T2 동의어,0725224b-9e87-40bc-b799-038f0ee4da3e,신흥식품,두부,부천신흥시장,전통시장,경기도,,,
40231eccfe5aabc96f6d,full_annotation_v1,A,q_두부_02,두부 가게,식료품 중 '두부'를 판매·제공하는 매장,test,두부,T2 동의어,8f1ab898-c235-484c-8412-21943c8b7a2d,하은이네반찬 가게,채소,용호1동골목시장,전통시장,부산광역시,,,
7579371639ba4ebd07e8,full_annotation_v1,A,q_두부_02,두부 가게,식료품 중 '두부'를 판매·제공하는 매장,test,두부,T2 동의어,9a69086a-f867-4f7b-9642-3ce91cd878e6,엑스포즉석두부전문점,두부,엑스포코아 골목형상점가,골목형상점가,대전광역시,,,
dae94d8ff16ce776b7d4,full_annotation_v1,A,q_두부_02,두부 가게,식료품 중 '두부'를 판매·제공하는 매장,test,두부,T2 동의어,f6f7777a-de9b-4f9e-8da6-e523341c3fc5,이두부야,두부,신매시장,전통시장,대구광역시,,,
6e29374f4fe6a82fb765,full_annotation_v1,A,q_두부_02,두부 가게,식료품 중 '두부'를 판매·제공하는 매장,test,두부,T2 동의어,4f2775fb-cf32-47c8-8961-01b00e82cf42,짱두부,두부,의왕예술의거리골목형상점가,골목형상점가,경기도,,,
6d7ed206f6f3e517720e,full_annotation_v1,A,q_두부_02,두부 가게,식료품 중 '두부'를 판매·제공하는 매장,test,두부,T2 동의어,387fb7e3-2efc-46c6-950b-8eef58c37bf1,두부마을,두부,전곡로데오거리골목형상점가,골목형상점가,경기도,,,
b18d45bc04b50ba7d90a,full_annotation_v1,A,q_두부_02,두부 가게,식료품 중 '두부'를 판매·제공하는 매장,test,두부,T2 동의어,bc2da352-ce00-479d-b46e-2a5d2dd9a547,두부마을,두부,돌곶이시장,전통시장,서울특별시,,,
164737a91a101bb35c9f,full_annotation_v1,A,q_두부_02,두부 가게,식료품 중 '두부'를 판매·제공하는 매장,test,두부,T2 동의어,0b0f2b4b-030c-424c-b407-250d8e408363,돼지장터숯불촌,왕갈비,대송시장,전통시장,울산광역시,,,
7e5a224598a69817d094,full_annotation_v1,A,q_두부_02,두부 가게,식료품 중 '두부'를 판매·제공하는 매장,test,두부,T2 동의어,c3a26d20-bdc0-4ba2-b61d-adb495bf353d,한아름전기,가저제품,화삼골상인회 골목형상점가,골목형상점가,광주광역시,,,
db702a6e26728e5e7325,full_annotation_v1,A,q_두부_02,두부 가게,식료품 중 '두부'를 판매·제공하는 매장,test,두부,T2 동의어,69a94f8f-2725-4df2-9d1e-cb4628548927,한뚜부,두부,박달시장,전통시장,경기도,,,
904508ab8ca4bd6dc431,full_annotation_v1,A,q_두부_02,두부 가게,식료품 중 '두부'를 판매·제공하는 매장,test,두부,T2 동의어,6cb0e649-cf8f-4316-b0fc-8165d779ae8b,대림두부,두부,대림중앙시장,전통시장,서울특별시,,,
040b9e0deb52c31b9e76,full_annotation_v1,A,q_두부_02,두부 가게,식료품 중 '두부'를 판매·제공하는 매장,test,두부,T2 동의어,dc90a5aa-bfb2-401f-8728-5f220eed1b9b,두부온,두부,"온양온천시장(온양재래시장, 전통시장)",전통시장,충청남도,,,
9e219f71566ee5f0fe05,full_annotation_v1,A,q_두부_02,두부 가게,식료품 중 '두부'를 판매·제공하는 매장,test,두부,T2 동의어,63ed6194-b5eb-4780-a784-eb60effa1ad4,즉석두부,두부,태평시장,전통시장,대전광역시,,,
d242142180dd0b20730d,full_annotation_v1,A,q_두부_02,두부 가게,식료품 중 '두부'를 판매·제공하는 매장,test,두부,T2 동의어,efa2a2c3-e5d8-4365-b5cb-d01ec992be70,두부명가,두부,오천시장,전통시장,경상북도,,,
7446b2d8ee86e3c1d4b9,full_annotation_v1,A,q_두부_02,두부 가게,식료품 중 '두부'를 판매·제공하는 매장,test,두부,T2 동의어,ee6b54a3-321e-401e-8f14-1e9502b7b83f,장수두부,두부,원당시장(구 원당전통시장),전통시장,경기도,,,
b2f011cd47dfc90c3bf0,full_annotation_v1,A,q_두부_02,두부 가게,식료품 중 '두부'를 판매·제공하는 매장,test,두부,T2 동의어,35b4ff20-a8f3-498f-9c95-7152a7be0f2c,두부마을,두부,송라시장,전통시장,대구광역시,,,
5f1d433e19dbe7143d7c,full_annotation_v1,A,q_두부_02,두부 가게,식료품 중 '두부'를 판매·제공하는 매장,test,두부,T2 동의어,7bd00745-483c-4b96-990f-76261004056b,맛나두부,두부,포항큰동해시장,전통시장,경상북도,,,
d743662da75be7bcecb7,full_annotation_v1,A,q_두부_02,두부 가게,식료품 중 '두부'를 판매·제공하는 매장,test,두부,T2 동의어,642ff317-0ea2-4a0d-83d9-76ca98e216f0,두부명가,두부,태평시장,전통시장,대전광역시,,,
64053f004cd1a2d1684e,full_annotation_v1,A,q_두부_02,두부 가게,식료품 중 '두부'를 판매·제공하는 매장,test,두부,T2 동의어,a505d310-e0a4-4ad8-9263-67554df6e2b7,대경두부,두부,법동시장,전통시장,대전광역시,,,
7c31adcc2ca3af39c24e,full_annotation_v1,A,q_두부_02,두부 가게,식료품 중 '두부'를 판매·제공하는 매장,test,두부,T2 동의어,b8a53820-000e-42e0-9ec5-88acbcb09761,천수두부,두부,포항 대이상가 골목형상점가,골목형상점가,경상북도,,,
19ecce9910ce87326475,full_annotation_v1,A,q_두부_02,두부 가게,식료품 중 '두부'를 판매·제공하는 매장,test,두부,T2 동의어,e449cd7b-a279-465b-8e49-550e12071dae,부부두부,두부,경창시장,전통시장,서울특별시,,,
645bc195007f77dbd9a3,full_annotation_v1,A,q_두부_02,두부 가게,식료품 중 '두부'를 판매·제공하는 매장,test,두부,T2 동의어,fd80cca6-6e62-4656-8081-6fc5cf937512,두부마을,두부,양평물맑은시장,전통시장,경기도,,,
1c5f8fd21100ed6e8591,full_annotation_v1,A,q_두부_02,두부 가게,식료품 중 '두부'를 판매·제공하는 매장,test,두부,T2 동의어,f311c92e-c393-40be-b933-293464e888be,레드존헤어,미용,창원 가음정시장,전통시장,경상남도,,,
e013635388a1b5ac9b54,full_annotation_v1,A,q_두부_02,두부 가게,식료품 중 '두부'를 판매·제공하는 매장,test,두부,T2 동의어,3f435949-0508-403d-9d84-e094f2b5e689,철이네 두부,두부,도마큰시장,전통시장,대전광역시,,,
c245ca9e153e2a51ed5b,full_annotation_v1,A,q_두부_02,두부 가게,식료품 중 '두부'를 판매·제공하는 매장,test,두부,T2 동의어,9a156239-df2b-4f2c-b570-94e63712a53c,두부마을,두부,용남시장,전통시장,인천광역시,,,
c7b844e2e46ba86aca11,full_annotation_v1,A,q_두부_02,두부 가게,식료품 중 '두부'를 판매·제공하는 매장,test,두부,T2 동의어,dee3c4de-a2a6-4539-94ff-606f198933a5,두부명가,두부,청양전통시장(구 청양상설시장),전통시장,충청남도,,,
1b09caba7588d9b75a04,full_annotation_v1,A,q_두부_02,두부 가게,식료품 중 '두부'를 판매·제공하는 매장,test,두부,T2 동의어,bcd66235-b65c-43df-87a8-81bca36b8232,을지보디가드,의류,을지로지하보도쇼핑센터,일반지하상점가,서울특별시,,,
b34d35093db05d7b891c,full_annotation_v1,A,q_두부_02,두부 가게,식료품 중 '두부'를 판매·제공하는 매장,test,두부,T2 동의어,906b2094-1c36-4e01-9e9d-a781ec2517a3,꽃보다 마카롱,마카롱,단국대 앞 골목형상점가,골목형상점가,경기도,,,
ccf2d57166852ee054f3,full_annotation_v1,A,q_두부_02,두부 가게,식료품 중 '두부'를 판매·제공하는 매장,test,두부,T2 동의어,d7ca083a-7790-4edc-8a5c-194f7c5da3fc,두부명가,두부,사직거인 골목형상점가,골목형상점가,부산광역시,,,
a46de6d9d55866b90ada,full_annotation_v1,A,q_두부_02,두부 가게,식료품 중 '두부'를 판매·제공하는 매장,test,두부,T2 동의어,56518e37-15c9-4e7e-8e85-2f02143fac88,옛날두부,두부,온천인정시장,전통시장,부산광역시,,,
68a99315cddbff8d9c8d,full_annotation_v1,A,q_두부_02,두부 가게,식료품 중 '두부'를 판매·제공하는 매장,test,두부,T2 동의어,c2e0c2ff-cfcc-40de-9009-2ef3859711c0,영두부,두부,고리울동굴시장,전통시장,경기도,,,
68aedd221fa458739906,full_annotation_v1,A,q_두부_02,두부 가게,식료품 중 '두부'를 판매·제공하는 매장,test,두부,T2 동의어,5efce89c-9cd4-43df-b67d-271356702c98,커피명가 경대부문점,커피,경대북문 골목형상점가,골목형상점가,대구광역시,,,
85dc8df57e775bcdfa92,full_annotation_v1,A,q_두부_02,두부 가게,식료품 중 '두부'를 판매·제공하는 매장,test,두부,T2 동의어,d0740585-92d0-48ff-ad13-e7bdbab24b4a,할배,두부,안양남부시장,전통시장,경기도,,,
bc317ea7ce34d8abecef,full_annotation_v1,A,q_두부_02,두부 가게,식료품 중 '두부'를 판매·제공하는 매장,test,두부,T2 동의어,54ad8e52-01fe-4f03-b15a-ecb2ea5f217e,민속두부,두부,까치산시장,전통시장,서울특별시,,,
d728e3bf1183be44f6b3,full_annotation_v1,A,q_두부_02,두부 가게,식료품 중 '두부'를 판매·제공하는 매장,test,두부,T2 동의어,ff645999-5e11-41f5-9848-325dcf5f2be5,건강두부,두부,화서시장,전통시장,경기도,,,
33d8f1369aaafb7b051e,full_annotation_v1,A,q_두부_02,두부 가게,식료품 중 '두부'를 판매·제공하는 매장,test,두부,T2 동의어,e1b0c297-7a72-457c-a8ff-1f56da8bbb78,오늘은 두부,두부,새호반 골목형상점가,골목형상점가,세종특별자치시,,,
028422fb8fa12446ecc0,full_annotation_v1,A,q_두부_02,두부 가게,식료품 중 '두부'를 판매·제공하는 매장,test,두부,T2 동의어,fd4bfec6-c9b7-4289-bc97-41a32a78b589,콩이랑두부랑,두부,부천한신시장,전통시장,경기도,,,
5d706c09ab376ceee69a,full_annotation_v1,A,q_두부_02,두부 가게,식료품 중 '두부'를 판매·제공하는 매장,test,두부,T2 동의어,4eee54c6-ec82-4ced-a439-ed472c8da4a7,이두부야,두부,천상천 골목형상점가,골목형상점가,울산광역시,,,
e295abf22fc1468d87c6,full_annotation_v1,A,q_두부_02,두부 가게,식료품 중 '두부'를 판매·제공하는 매장,test,두부,T2 동의어,7734ca82-a418-40fa-8351-e2ea23b58a20,착한두부,두부,대동한마음 골목형상점가,골목형상점가,울산광역시,,,
3886fb8af870ac91ece3,full_annotation_v1,A,q_두부_02,두부 가게,식료품 중 '두부'를 판매·제공하는 매장,test,두부,T2 동의어,dfb1ae5c-d025-4978-b09d-b911ce8cbb1d,두부마을,두부,방이시장,전통시장,서울특별시,,,
1765c806bd618bfe2067,full_annotation_v1,A,q_두부_02,두부 가게,식료품 중 '두부'를 판매·제공하는 매장,test,두부,T2 동의어,e1635a72-30eb-42ca-b87d-ef73d2c64220,두부명가,두부,청주육거리종합시장,전통시장,충청북도,,,
ece3489a295170cf07a5,full_annotation_v1,A,q_두부_02,두부 가게,식료품 중 '두부'를 판매·제공하는 매장,test,두부,T2 동의어,f3c2d3c8-d60e-45b8-8712-e45c5c699309,예전두부,두부,수암상가시장,전통시장,울산광역시,,,
1763fc1cf93ff51eb7d7,full_annotation_v1,A,q_두부_02,두부 가게,식료품 중 '두부'를 판매·제공하는 매장,test,두부,T2 동의어,95755828-5b5b-460c-82de-9bf3f29d86b4,두부명가,두부,달서시장,전통시장,대구광역시,,,
69dbff40c575909b2f51,full_annotation_v1,A,q_두부_02,두부 가게,식료품 중 '두부'를 판매·제공하는 매장,test,두부,T2 동의어,3932c08d-bc28-4905-b70a-5db2d8dd03a3,두영식품,두부,비단길현대시장,전통시장,서울특별시,,,
be409c64680454324c32,full_annotation_v1,A,q_두부_02,두부 가게,식료품 중 '두부'를 판매·제공하는 매장,test,두부,T2 동의어,5bab75de-06b1-4b59-8d9a-7395f4f0e10c,그린두부,두부,강릉성남시장,전통시장,강원특별자치도,,,
660e296eb5dfd3fe7004,full_annotation_v1,A,q_두부_02,두부 가게,식료품 중 '두부'를 판매·제공하는 매장,test,두부,T2 동의어,88fba420-13ff-41a6-be03-43e06458392f,두부마을,두부,오정시장,전통시장,경기도,,,
843651a89dc06aedd888,full_annotation_v1,A,q_두부_02,두부 가게,식료품 중 '두부'를 판매·제공하는 매장,test,두부,T2 동의어,c7d9bbb4-3288-4f19-a0da-3caac1b028d3,우리두부식품,두부,영양시장,전통시장,경상북도,,,
162381abfaf047fd70ae,full_annotation_v1,A,q_두부_02,두부 가게,식료품 중 '두부'를 판매·제공하는 매장,test,두부,T2 동의어,efe1e70a-8051-4699-bbca-169b0408595c,두부한모,두부,봉일천전통시장,전통시장,경기도,,,
51f774e0c1f443a3e9ac,full_annotation_v1,A,q_두부_02,두부 가게,식료품 중 '두부'를 판매·제공하는 매장,test,두부,T2 동의어,ecfb17e7-4687-4b83-9cb6-38cffa19b198,두부명가,두부,안양중앙인정시장,전통시장,경기도,,,
948d88cbf58804d87256,full_annotation_v1,A,q_두부_02,두부 가게,식료품 중 '두부'를 판매·제공하는 매장,test,두부,T2 동의어,1405e2d4-2a5d-43a5-9973-db7d1f44c39b,농일F&S,젓갈류 등,충무동 새벽시장,전통시장,부산광역시,,,
6bef517c64b063596779,full_annotation_v1,A,q_두부_02,두부 가게,식료품 중 '두부'를 판매·제공하는 매장,test,두부,T2 동의어,63eaad17-e700-4b0b-8b9b-1eb5cb9ba6c7,즉석두부,두부,금산금빛시장(금산시장),전통시장,충청남도,,,
199395a8bf3d678437b9,full_annotation_v1,A,q_두부_02,두부 가게,식료품 중 '두부'를 판매·제공하는 매장,test,두부,T2 동의어,779b2f1b-cd4d-4512-b2f6-225ffaa801b3,중앙침구사,침구,중앙신시장,전통시장,경상북도,,,
0cfe1cad40fe8055ef2e,full_annotation_v1,A,q_두부_02,두부 가게,식료품 중 '두부'를 판매·제공하는 매장,test,두부,T2 동의어,9dc15100-d0e1-4e03-8f09-32fa69b79572,백꼽(100×),커피,아리랑거리,전통시장,부산광역시,,,
038e99d6c5d4879a0e36,full_annotation_v1,A,q_두부_02,두부 가게,식료품 중 '두부'를 판매·제공하는 매장,test,두부,T2 동의어,7eb139ff-0b6e-4ad1-8ca7-f469f1e9d623,야베스식품,두부,마산어시장,전통시장,경상남도,,,
73763441e875c20eb823,full_annotation_v1,A,q_두부_02,두부 가게,식료품 중 '두부'를 판매·제공하는 매장,test,두부,T2 동의어,f42cc7b0-44ac-4ff0-947f-eddfc14e47e7,만덕두부,두부,만덕2동제일상가시장,전통시장,부산광역시,,,
9c3c419e6093f5e6bc47,full_annotation_v1,A,q_두부_02,두부 가게,식료품 중 '두부'를 판매·제공하는 매장,test,두부,T2 동의어,4be6685f-7bd0-43f8-bc41-91650a1140f2,두부본가,두부,암사종합시장,전통시장,서울특별시,,,
707fcbc02466dd2298be,full_annotation_v1,A,q_두부_02,두부 가게,식료품 중 '두부'를 판매·제공하는 매장,test,두부,T2 동의어,577e3302-d377-4520-b354-e8188963868e,군산곱창,한식,더불어용두 골목형상점가,골목형상점가,광주광역시,,,
dddc896cfc823b647834,full_annotation_v1,A,q_두부_02,두부 가게,식료품 중 '두부'를 판매·제공하는 매장,test,두부,T2 동의어,46a5eaab-5ffd-49d9-8537-cf872b932b5e,두부명가,두부,구월시장,전통시장,인천광역시,,,
ce25668786394256695d,full_annotation_v1,A,q_두부_02,두부 가게,식료품 중 '두부'를 판매·제공하는 매장,test,두부,T2 동의어,d9406998-e5bd-456a-a585-174bdbada603,즉석총각두부,두부,천안중앙시장,전통시장,충청남도,,,
c53138e73bb6f40eaf77,full_annotation_v1,A,q_두부_02,두부 가게,식료품 중 '두부'를 판매·제공하는 매장,test,두부,T2 동의어,573a737a-9269-48ea-a293-86a8f1b4056f,담소두부전문점,두부,가오리골목형상점가,골목형상점가,서울특별시,,,
5ad62a8e5bf68bae3ae1,full_annotation_v1,A,q_두부_02,두부 가게,식료품 중 '두부'를 판매·제공하는 매장,test,두부,T2 동의어,06931f6c-326a-4ecd-82c0-e27cb74025b8,이두부야,두부,신정상가시장,전통시장,울산광역시,,,
74b4d940db1f878fe673,full_annotation_v1,A,q_두부_02,두부 가게,식료품 중 '두부'를 판매·제공하는 매장,test,두부,T2 동의어,e3ffe4e4-0ffc-43e8-8e8c-deb57fb6de6c,"두부,부부(즉석콩두부제작소)",두부,다운장 골목형상점가,골목형상점가,울산광역시,,,
1f90a154cc8f28d98db4,full_annotation_v1,A,q_두부_02,두부 가게,식료품 중 '두부'를 판매·제공하는 매장,test,두부,T2 동의어,e4d12e66-066b-40d6-844b-d66476ac69ac,이두부야,두부,신곡시장 골목형상점가,골목형상점가,서울특별시,,,
a51c30e9680f51070eb3,full_annotation_v1,A,q_두부_02,두부 가게,식료품 중 '두부'를 판매·제공하는 매장,test,두부,T2 동의어,f0bc7d99-f460-4dfc-9344-d6e5986bac5c,해냄식품,두부,고척근린시장,전통시장,서울특별시,,,
1bc08476b5ae7b9c8ea7,full_annotation_v1,A,q_두부_02,두부 가게,식료품 중 '두부'를 판매·제공하는 매장,test,두부,T2 동의어,7ffac89b-6738-49f0-b68e-0999b352d78c,신선두부,두부,도봉산옛길골목형상점가,골목형상점가,서울특별시,,,
77b698585b8665e589bd,full_annotation_v1,A,q_두부_02,두부 가게,식료품 중 '두부'를 판매·제공하는 매장,test,두부,T2 동의어,d43529bb-5a2c-474a-8cae-a2101fae1d42,백세두부,두부,대해불빛시장(대해종합시장),전통시장,경상북도,,,
5f142a77273b88ba43ed,full_annotation_v1,A,q_두부_02,두부 가게,식료품 중 '두부'를 판매·제공하는 매장,test,두부,T2 동의어,8bd54dbe-3270-4c41-a54c-2303470d6eb6,약손테라피,피부관리,민락2지구골목형상점가,골목형상점가,경기도,,,
8358af22f529fc35c059,full_annotation_v1,A,q_두부_02,두부 가게,식료품 중 '두부'를 판매·제공하는 매장,test,두부,T2 동의어,9d3cd1cd-8564-4a09-a24c-8638a77ae510,제이원식품조은두부,두부,칠성시장,전통시장,대구광역시,,,
9c02a8e8767bae4d8b4c,full_annotation_v1,A,q_두부_02,두부 가게,식료품 중 '두부'를 판매·제공하는 매장,test,두부,T2 동의어,d2f0e99a-e525-496b-b1b2-e4772df0b782,즉석두부,두부,강화풍물시장,전통시장,인천광역시,,,
b14cfc5135d79d02fbd2,full_annotation_v1,A,q_두부_02,두부 가게,식료품 중 '두부'를 판매·제공하는 매장,test,두부,T2 동의어,1c0f2d0e-0a0e-4eeb-8e99-fab5a6f1ab1a,오복손두부,두부,청주육거리종합시장,전통시장,충청북도,,,
0ca173b0f58597c7faee,full_annotation_v1,A,q_두부_02,두부 가게,식료품 중 '두부'를 판매·제공하는 매장,test,두부,T2 동의어,02e6e7b8-1131-401d-b587-fcff8760568b,우영이네,두부,청주북부시장,전통시장,충청북도,,,
fb7c38b5c34e68f2a893,full_annotation_v1,A,q_두부_02,두부 가게,식료품 중 '두부'를 판매·제공하는 매장,test,두부,T2 동의어,4f580439-e2db-485c-ae7f-18d9ee41a805,부자두부,두부,신평리시장,전통시장,대구광역시,,,
ae5b6d17cd3b8a28a639,full_annotation_v1,A,q_두부_02,두부 가게,식료품 중 '두부'를 판매·제공하는 매장,test,두부,T2 동의어,481fc4e7-045b-4fb3-bf0c-eba04e887be9,두붓집,두부,자양15번가골목형상점가,골목형상점가,서울특별시,,,
513bf6562ee1734fd44d,full_annotation_v1,A,q_두부_02,두부 가게,식료품 중 '두부'를 판매·제공하는 매장,test,두부,T2 동의어,ab9c6969-da0a-43e1-be2e-3408a3b83706,서울두부,두부,달서시장,전통시장,대구광역시,,,
4ac5c6bf9653a131adc1,full_annotation_v1,A,q_두부_02,두부 가게,식료품 중 '두부'를 판매·제공하는 매장,test,두부,T2 동의어,3b80a003-4257-4cc1-b39b-11ed041edf74,여포두부,두부,통영중앙전통시장,전통시장,경상남도,,,
8c97c3e7217477e875f2,full_annotation_v1,A,q_두부_02,두부 가게,식료품 중 '두부'를 판매·제공하는 매장,test,두부,T2 동의어,61fdbdb7-342d-4efb-996e-7ba6ceafe33d,두부마을,두부,홍천중앙시장(홍천신시장),전통시장,강원특별자치도,,,
b8152270caaca90e131f,full_annotation_v1,A,q_두부_02,두부 가게,식료품 중 '두부'를 판매·제공하는 매장,test,두부,T2 동의어,905903cf-ec72-4282-99f8-f87d5516ea27,참치랑 가재랑,일식,태봉마을 골목형상점가,골목형상점가,경기도,,,
51231870d7fe9873ef20,full_annotation_v1,A,q_두부_02,두부 가게,식료품 중 '두부'를 판매·제공하는 매장,test,두부,T2 동의어,5b8fd172-7032-4e58-88d7-04749f9fb248,두부본가어묵,두부,못골골목시장,전통시장,부산광역시,,,
b5beccf9493c1518ff07,full_annotation_v1,A,q_두부_02,두부 가게,식료품 중 '두부'를 판매·제공하는 매장,test,두부,T2 동의어,87714942-4913-4f4e-923c-e3d9a2dd1e1e,황가네손두부짱,두부,남문시장,전통시장,서울특별시,,,
5f6e84df11a877d50c5b,full_annotation_v1,A,q_두부_02,두부 가게,식료품 중 '두부'를 판매·제공하는 매장,test,두부,T2 동의어,c5febe51-11bf-4ab5-a557-0631a07d495a,거성 즉석 두부,두부,대명시장,전통시장,대구광역시,,,
0dbef0a65e291fce9b3e,full_annotation_v1,A,q_두부_02,두부 가게,식료품 중 '두부'를 판매·제공하는 매장,test,두부,T2 동의어,6cf63b7c-3a82-4492-8339-6bc7b5f0ffda,두부명가,두부,반딧불이연무시장,전통시장,경기도,,,
c82ec6041708be5c80b7,full_annotation_v1,A,q_두부_02,두부 가게,식료품 중 '두부'를 판매·제공하는 매장,test,두부,T2 동의어,72ee8e20-9fad-433d-8d21-0e63d58de0c4,석천손두부,두부,청주육거리종합시장,전통시장,충청북도,,,
04236a5d49561a1d7d4c,full_annotation_v1,A,q_두부_02,두부 가게,식료품 중 '두부'를 판매·제공하는 매장,test,두부,T2 동의어,dfdf037d-4ea0-469e-91d8-b7b0dfad7d7e,즉석총각두부,두부,"온양온천시장(온양재래시장, 전통시장)",전통시장,충청남도,,,
4f5378b2289a77f6f92c,full_annotation_v1,A,q_두부_02,두부 가게,식료품 중 '두부'를 판매·제공하는 매장,test,두부,T2 동의어,f7248831-11fb-4f35-a572-59b2ea510896,이두부야,두부,삼성명가상가 골목형상점가,골목형상점가,대구광역시,,,
69fb559a437d0f30e463,full_annotation_v1,A,q_두부_02,두부 가게,식료품 중 '두부'를 판매·제공하는 매장,test,두부,T2 동의어,d496b565-6c44-4976-80e8-46db9edea026,돈암손두부,두부,돈암시장,전통시장,서울특별시,,,
23fd69bb7337034d5c9f,full_annotation_v1,A,q_두부_02,두부 가게,식료품 중 '두부'를 판매·제공하는 매장,test,두부,T2 동의어,00370e92-787b-44c8-a4cb-e87c3185e811,콩사랑즉석두부,두부,남부시장,전통시장,경상북도,,,
315305e9af90e9ddc2a8,full_annotation_v1,A,q_두부_02,두부 가게,식료품 중 '두부'를 판매·제공하는 매장,test,두부,T2 동의어,16531b04-dc57-4560-bc59-efe6c3998051,돈쭐,한식,광사먹골골목형상점가,골목형상점가,경기도,,,
3b9b8e04d6bcb1c08fbc,full_annotation_v1,A,q_두부_02,두부 가게,식료품 중 '두부'를 판매·제공하는 매장,test,두부,T2 동의어,ea2221b0-a35b-4e9a-84a4-5293a4c0df7f,광양손두부,두부,광양매일시장(광양상설시장),전통시장,전라남도,,,
64a63012396ac898733e,full_annotation_v1,A,q_두부_02,두부 가게,식료품 중 '두부'를 판매·제공하는 매장,test,두부,T2 동의어,a8842971-713d-461a-a0d6-94f2a4e46abb,한일두부,두부,안양관양시장,전통시장,경기도,,,
a6290a9bd8bdfb2b5496,full_annotation_v1,A,q_두부_02,두부 가게,식료품 중 '두부'를 판매·제공하는 매장,test,두부,T2 동의어,c665caa9-21dd-4f52-9486-ec5163475a3d,두부박사,두부,성남남한산성시장(구 은행골목시장),전통시장,경기도,,,
a21465baa26de40da205,full_annotation_v1,A,q_두부_02,두부 가게,식료품 중 '두부'를 판매·제공하는 매장,test,두부,T2 동의어,7be8d4fa-50c1-42a0-ac31-003072575d95,즉석두부,두부,답십리시장,전통시장,서울특별시,,,
da17b188bb1bf6515cbb,full_annotation_v1,A,q_두부_02,두부 가게,식료품 중 '두부'를 판매·제공하는 매장,test,두부,T2 동의어,314227de-8c3c-47ad-8c0a-f7343afac132,두부&,두부등음식류,동백역 골목형상점가,골목형상점가,경기도,,,
fddaa5ae982972559261,full_annotation_v1,A,q_두부_02,두부 가게,식료품 중 '두부'를 판매·제공하는 매장,test,두부,T2 동의어,a2a3e297-55a0-4584-b2bd-06329b33ed5c,함안식품,두부,함안 가야전통시장,전통시장,경상남도,,,
abe56fb2acd344451799,full_annotation_v1,A,q_두부_02,두부 가게,식료품 중 '두부'를 판매·제공하는 매장,test,두부,T2 동의어,89181375-c57b-4535-a442-b1a101db2ed7,향원두부,두부,부천자유시장,전통시장,경기도,,,
ad06e15719310a9af732,full_annotation_v1,A,q_두부_02,두부 가게,식료품 중 '두부'를 판매·제공하는 매장,test,두부,T2 동의어,93560615-659d-4f06-aa10-9c216521e4d1,동양식품,"두부, 두부 제조업",초량전통시장,전통시장,부산광역시,,,
3beca511a07c14ef917b,full_annotation_v1,A,q_두부_02,두부 가게,식료품 중 '두부'를 판매·제공하는 매장,test,두부,T2 동의어,70a20c1c-2867-4575-8827-7e9d48223289,이두부야,두부,봉덕신시장,전통시장,대구광역시,,,
aacfb3cae8853b15ef7c,full_annotation_v1,A,q_두부_02,두부 가게,식료품 중 '두부'를 판매·제공하는 매장,test,두부,T2 동의어,00a74c3c-6931-4363-8806-0c064d828485,옛맷돌생즉석두부,두부,성정시장(구 성정5단지시장),전통시장,충청남도,,,
d4386fa7bf3f9c6c16df,full_annotation_v1,A,q_두부_02,두부 가게,식료품 중 '두부'를 판매·제공하는 매장,test,두부,T2 동의어,000cb355-aef1-4aaf-8fb2-cb3f9fd94624,시골즉석두부,두부,신장전통시장,전통시장,경기도,,,
407b55b4bf7909863a78,full_annotation_v1,A,q_두부_02,두부 가게,식료품 중 '두부'를 판매·제공하는 매장,test,두부,T2 동의어,7cb98b06-e749-476a-aefe-d93b53ada736,진남손두부,두부,여수진남시장,전통시장,전라남도,,,
5c18fa55df612049ab5a,full_annotation_v1,A,q_두부_02,두부 가게,식료품 중 '두부'를 판매·제공하는 매장,test,두부,T2 동의어,79c468d0-8dfc-404c-9fec-0303ce050cfb,보석상자,의류,은구비서로사회적협동조합 골목형상점가,골목형상점가,대전광역시,,,
872f24f8483ce250c2e1,full_annotation_v1,A,q_두부_02,두부 가게,식료품 중 '두부'를 판매·제공하는 매장,test,두부,T2 동의어,7c03234b-f3d9-445d-9d91-eb7f33451449,옛날식두부,두부,북구빛나는 골목형상점가,골목형상점가,광주광역시,,,
6135e5e4e1808c654cf4,full_annotation_v1,A,q_두부_02,두부 가게,식료품 중 '두부'를 판매·제공하는 매장,test,두부,T2 동의어,05218ab9-95f3-4c7c-bff8-2abd592ab2d6,역전두부,두부,마산역번개시장,전통시장,경상남도,,,
7cbc2d07292f277894c7,full_annotation_v1,A,q_두부_02,두부 가게,식료품 중 '두부'를 판매·제공하는 매장,test,두부,T2 동의어,e9f2e8c7-b5f9-4f11-a959-2d62d4c420dd,승훈이네식품,두부,서남생활 골목형상점가,골목형상점가,대구광역시,,,
9dd89fb2220f42d6139b,full_annotation_v1,A,q_두부_02,두부 가게,식료품 중 '두부'를 판매·제공하는 매장,test,두부,T2 동의어,9ffb2b54-6aca-4700-b532-7f276f04769d,두부마을,두부,연희로 골목형상점가,골목형상점가,인천광역시,,,
424eb99cb40a540423ed,full_annotation_v1,A,q_두부_02,두부 가게,식료품 중 '두부'를 판매·제공하는 매장,test,두부,T2 동의어,cd8a07d9-b273-4264-9915-b9a1c6bc2cd4,토석,두부,대림골목시장,전통시장,서울특별시,,,
522c7e8c81e8ca82c87f,full_annotation_v1,A,q_두부_02,두부 가게,식료품 중 '두부'를 판매·제공하는 매장,test,두부,T2 동의어,835fce9b-af41-40e6-95c9-77ecd405d063,대관령두부마을,두부,부천상동시장,전통시장,경기도,,,
d59528c7ecf8bc2bf2a5,full_annotation_v1,A,q_두부_02,두부 가게,식료품 중 '두부'를 판매·제공하는 매장,test,두부,T2 동의어,6f7a1d4d-5353-4c29-a32c-d09ab1109281,크린토피아 상무치평점,세탁,치평동아파트연합상인회 골목형상점가,골목형상점가,광주광역시,,,
8c9842e81c07fdc7fba5,full_annotation_v1,A,q_두부_02,두부 가게,식료품 중 '두부'를 판매·제공하는 매장,test,두부,T2 동의어,d00b323f-d0e1-49e7-9cde-039ccc4b50bc,별난두부,두부,조원동 펭귄시장,전통시장,서울특별시,,,
c0db6963e525d9f7839c,full_annotation_v1,A,q_두부_02,두부 가게,식료품 중 '두부'를 판매·제공하는 매장,test,두부,T2 동의어,b972b786-a2b9-4195-9aeb-02fa32432917,천안태초두부,두부,천안중앙시장,전통시장,충청남도,,,
00682be0dbac36863dc4,full_annotation_v1,A,q_두부_02,두부 가게,식료품 중 '두부'를 판매·제공하는 매장,test,두부,T2 동의어,014175c9-602a-451f-adb6-d2ae725ab204,맷돌수제두부(콩사랑순두부),,정자시장,전통시장,경기도,,,
583d4f0caf24f144e8c1,full_annotation_v1,A,q_두부_02,두부 가게,식료품 중 '두부'를 판매·제공하는 매장,test,두부,T2 동의어,a01f4e63-4a94-41dd-b6d8-7075101f6ed0,타르틴,의류,동산상가,전통시장,대구광역시,,,
e8b838ab992ee699f2d9,full_annotation_v1,A,q_두부_02,두부 가게,식료품 중 '두부'를 판매·제공하는 매장,test,두부,T2 동의어,de3c9cc3-c685-4b25-942d-1c13a060b6ad,초원두부,두부,춘천동부시장,전통시장,강원특별자치도,,,
9e0134d24ca1c86df12d,full_annotation_v1,A,q_두부_02,두부 가게,식료품 중 '두부'를 판매·제공하는 매장,test,두부,T2 동의어,78e96343-cdc9-4ae6-9af0-d7f5f12e223a,두부마을,두부,용남시장,전통시장,인천광역시,,,
27e6d9c60e30d4321656,full_annotation_v1,A,q_두부_02,두부 가게,식료품 중 '두부'를 판매·제공하는 매장,test,두부,T2 동의어,77f22c56-68dd-4d77-ac28-12b5003e80bc,두부마을,두부,괴정골목시장,전통시장,부산광역시,,,
5c9fb41fc1e1f1c907ce,full_annotation_v1,A,q_두부_02,두부 가게,식료품 중 '두부'를 판매·제공하는 매장,test,두부,T2 동의어,13d8ac39-308a-4a1a-a926-8b9e5d926074,두부명가,두부,화곡중앙시장,전통시장,서울특별시,,,
2170d1c3550f9a328f9c,full_annotation_v1,A,q_두부_02,두부 가게,식료품 중 '두부'를 판매·제공하는 매장,test,두부,T2 동의어,ee6bc692-6f30-49cc-b349-b2ace7f9440b,가마솥두부,두부,신장전통시장,전통시장,경기도,,,
ea5257575ec8bb954b6e,full_annotation_v1,A,q_두부_02,두부 가게,식료품 중 '두부'를 판매·제공하는 매장,test,두부,T2 동의어,55387abb-7941-4c0b-b4bc-707375b036ce,두부명가,두부,백운시장,전통시장,서울특별시,,,
7ad3baa8d0cde45b3ff8,full_annotation_v1,A,q_두부_02,두부 가게,식료품 중 '두부'를 판매·제공하는 매장,test,두부,T2 동의어,e7021342-86e5-4bf1-9caf-7d3f37914a8e,두부명가,두부,전곡전통시장,전통시장,경기도,,,
f445c72006f795af8760,full_annotation_v1,A,q_두부_02,두부 가게,식료품 중 '두부'를 판매·제공하는 매장,test,두부,T2 동의어,7ef83587-1d80-4b9a-9b0c-950b367431be,늘푸른식품,두부,논산화지중앙시장,전통시장,충청남도,,,
bcace868bb51606b0b11,full_annotation_v1,A,q_두부_02,두부 가게,식료품 중 '두부'를 판매·제공하는 매장,test,두부,T2 동의어,6fee5688-d168-49c2-99a3-48ec4c5ef776,온두부,두부,산정상인회 골목형상점가,골목형상점가,,,,
682796bcaeee06f60cab,full_annotation_v1,A,q_두부_02,두부 가게,식료품 중 '두부'를 판매·제공하는 매장,test,두부,T2 동의어,00faf8ae-f86f-4c14-86d8-5a72d4ee0e82,신선식품,두부제조,우리시장,자율상권구역,서울특별시,,,
77ff96853e6e682e1f46,full_annotation_v1,A,q_두부_02,두부 가게,식료품 중 '두부'를 판매·제공하는 매장,test,두부,T2 동의어,6bedd793-4c99-4c2e-af0a-c9c1d6b8c2b9,두부명가,두부,신도꼼지락시장,전통시장,대전광역시,,,
704a76b2dd5f3ce9d6dc,full_annotation_v1,A,q_두부_02,두부 가게,식료품 중 '두부'를 판매·제공하는 매장,test,두부,T2 동의어,0263f33e-0b98-4058-b3f0-068d677af362,북부자연식품,두부,창동신창시장,전통시장,서울특별시,,,
29d0194a1c7c998e0889,full_annotation_v1,A,q_두부_02,두부 가게,식료품 중 '두부'를 판매·제공하는 매장,test,두부,T2 동의어,74cc0e76-45ca-44dd-a68b-36a03d62b1f6,동아식품,두부,엄궁농산물도매시장식품·청과 소매동 골목형상점가,골목형상점가,부산광역시,,,
38218ca2ad49a825bfee,full_annotation_v1,A,q_두부_02,두부 가게,식료품 중 '두부'를 판매·제공하는 매장,test,두부,T2 동의어,6de9480c-40e9-4045-988d-d16cf850b6ac,새두부,두부,남부골목시장,전통시장,서울특별시,,,
c20adb87cbba57509aab,full_annotation_v1,A,q_두부_02,두부 가게,식료품 중 '두부'를 판매·제공하는 매장,test,두부,T2 동의어,c15b7d24-b90f-4edb-a4d7-38d243dad39e,가게,담배,대명시장,전통시장,대구광역시,,,
d1f1b65477ca0adc808e,full_annotation_v1,A,q_두부_02,두부 가게,식료품 중 '두부'를 판매·제공하는 매장,test,두부,T2 동의어,8b10bc5e-2eb8-4158-bde8-275a6f9af44c,하얀두부,두부,옛 경양방죽 골목형상점가,골목형상점가,광주광역시,,,
5bd67637265147f14a66,full_annotation_v1,A,q_두부_02,두부 가게,식료품 중 '두부'를 판매·제공하는 매장,test,두부,T2 동의어,cf04fcd8-d670-4cfe-bc50-eb4d5e07fa95,거창두부,두부,거창 전통시장,전통시장,경상남도,,,
b6c708dc610d8ef1e800,full_annotation_v1,A,q_두부_03,두부 사고 싶어,식료품 중 '두부'를 판매·제공하는 매장,test,두부,T4 구어·문장,9a156239-df2b-4f2c-b570-94e63712a53c,두부마을,두부,용남시장,전통시장,인천광역시,,,
39a1efe2c4785547e629,full_annotation_v1,A,q_두부_03,두부 사고 싶어,식료품 중 '두부'를 판매·제공하는 매장,test,두부,T4 구어·문장,1c1ec1e4-5c81-4cb4-9e85-f49779e40603,흄카페,커피및음료,전평제상인회 골목형상점가,골목형상점가,광주광역시,,,
cc2cf706d181e2fb0f86,full_annotation_v1,A,q_두부_03,두부 사고 싶어,식료품 중 '두부'를 판매·제공하는 매장,test,두부,T4 구어·문장,5b8fd172-7032-4e58-88d7-04749f9fb248,두부본가어묵,두부,못골골목시장,전통시장,부산광역시,,,
fffc4d6d8fe943bf72ea,full_annotation_v1,A,q_두부_03,두부 사고 싶어,식료품 중 '두부'를 판매·제공하는 매장,test,두부,T4 구어·문장,6de9480c-40e9-4045-988d-d16cf850b6ac,새두부,두부,남부골목시장,전통시장,서울특별시,,,
12526f42fd26e94dbea3,full_annotation_v1,A,q_두부_03,두부 사고 싶어,식료품 중 '두부'를 판매·제공하는 매장,test,두부,T4 구어·문장,835fce9b-af41-40e6-95c9-77ecd405d063,대관령두부마을,두부,부천상동시장,전통시장,경기도,,,
8a1e87d93ebc24259165,full_annotation_v1,A,q_두부_03,두부 사고 싶어,식료품 중 '두부'를 판매·제공하는 매장,test,두부,T4 구어·문장,87714942-4913-4f4e-923c-e3d9a2dd1e1e,황가네손두부짱,두부,남문시장,전통시장,서울특별시,,,
26f40756aa9fea998d57,full_annotation_v1,A,q_두부_03,두부 사고 싶어,식료품 중 '두부'를 판매·제공하는 매장,test,두부,T4 구어·문장,5bab75de-06b1-4b59-8d9a-7395f4f0e10c,그린두부,두부,강릉성남시장,전통시장,강원특별자치도,,,
a46b5f99d87476baf6f8,full_annotation_v1,A,q_두부_03,두부 사고 싶어,식료품 중 '두부'를 판매·제공하는 매장,test,두부,T4 구어·문장,d0740585-92d0-48ff-ad13-e7bdbab24b4a,할배,두부,안양남부시장,전통시장,경기도,,,
b4fce343279f1655f3c3,full_annotation_v1,A,q_두부_03,두부 사고 싶어,식료품 중 '두부'를 판매·제공하는 매장,test,두부,T4 구어·문장,4eee54c6-ec82-4ced-a439-ed472c8da4a7,이두부야,두부,천상천 골목형상점가,골목형상점가,울산광역시,,,
3422c859199150618c97,full_annotation_v1,A,q_두부_03,두부 사고 싶어,식료품 중 '두부'를 판매·제공하는 매장,test,두부,T4 구어·문장,ab9c6969-da0a-43e1-be2e-3408a3b83706,서울두부,두부,달서시장,전통시장,대구광역시,,,
8af26d8b5bd1eb2daff6,full_annotation_v1,A,q_두부_03,두부 사고 싶어,식료품 중 '두부'를 판매·제공하는 매장,test,두부,T4 구어·문장,1c0f2d0e-0a0e-4eeb-8e99-fab5a6f1ab1a,오복손두부,두부,청주육거리종합시장,전통시장,충청북도,,,
590da5eec31702a707df,full_annotation_v1,A,q_두부_03,두부 사고 싶어,식료품 중 '두부'를 판매·제공하는 매장,test,두부,T4 구어·문장,e9f2e8c7-b5f9-4f11-a959-2d62d4c420dd,승훈이네식품,두부,서남생활 골목형상점가,골목형상점가,대구광역시,,,
b5bb71c1fc1a15054815,full_annotation_v1,A,q_두부_03,두부 사고 싶어,식료품 중 '두부'를 판매·제공하는 매장,test,두부,T4 구어·문장,cf04fcd8-d670-4cfe-bc50-eb4d5e07fa95,거창두부,두부,거창 전통시장,전통시장,경상남도,,,
5fc56020d0af5e0ee49d,full_annotation_v1,A,q_두부_03,두부 사고 싶어,식료품 중 '두부'를 판매·제공하는 매장,test,두부,T4 구어·문장,dbd279d8-6c55-4375-a705-a775de3d5977,민속두부,두부,신영시장,전통시장,서울특별시,,,
97674e38aa08db97310a,full_annotation_v1,A,q_두부_03,두부 사고 싶어,식료품 중 '두부'를 판매·제공하는 매장,test,두부,T4 구어·문장,fd4bfec6-c9b7-4289-bc97-41a32a78b589,콩이랑두부랑,두부,부천한신시장,전통시장,경기도,,,
a86f34eed62824c4a162,full_annotation_v1,A,q_두부_03,두부 사고 싶어,식료품 중 '두부'를 판매·제공하는 매장,test,두부,T4 구어·문장,481fc4e7-045b-4fb3-bf0c-eba04e887be9,두붓집,두부,자양15번가골목형상점가,골목형상점가,서울특별시,,,
90bd2527f3c46e13124c,full_annotation_v1,A,q_두부_03,두부 사고 싶어,식료품 중 '두부'를 판매·제공하는 매장,test,두부,T4 구어·문장,56518e37-15c9-4e7e-8e85-2f02143fac88,옛날두부,두부,온천인정시장,전통시장,부산광역시,,,
00e334f07d53a461afbd,full_annotation_v1,A,q_두부_03,두부 사고 싶어,식료품 중 '두부'를 판매·제공하는 매장,test,두부,T4 구어·문장,642ff317-0ea2-4a0d-83d9-76ca98e216f0,두부명가,두부,태평시장,전통시장,대전광역시,,,
7c16076e6c5f8f27e436,full_annotation_v1,A,q_두부_03,두부 사고 싶어,식료품 중 '두부'를 판매·제공하는 매장,test,두부,T4 구어·문장,f0bc7d99-f460-4dfc-9344-d6e5986bac5c,해냄식품,두부,고척근린시장,전통시장,서울특별시,,,
2b4a8ea96e2e9e7f3fbf,full_annotation_v1,A,q_두부_03,두부 사고 싶어,식료품 중 '두부'를 판매·제공하는 매장,test,두부,T4 구어·문장,b3359a20-2585-4b08-8453-d2e750eeb443,의령한우,한우,마산어시장,전통시장,경상남도,,,
a4c01d23ded3c4247b9b,full_annotation_v1,A,q_두부_03,두부 사고 싶어,식료품 중 '두부'를 판매·제공하는 매장,test,두부,T4 구어·문장,e3ffe4e4-0ffc-43e8-8e8c-deb57fb6de6c,"두부,부부(즉석콩두부제작소)",두부,다운장 골목형상점가,골목형상점가,울산광역시,,,
25e0362addb5cef54e23,full_annotation_v1,A,q_두부_03,두부 사고 싶어,식료품 중 '두부'를 판매·제공하는 매장,test,두부,T4 구어·문장,88fba420-13ff-41a6-be03-43e06458392f,두부마을,두부,오정시장,전통시장,경기도,,,
25145423a302ef353a4e,full_annotation_v1,A,q_두부_03,두부 사고 싶어,식료품 중 '두부'를 판매·제공하는 매장,test,두부,T4 구어·문장,d2f0e99a-e525-496b-b1b2-e4772df0b782,즉석두부,두부,강화풍물시장,전통시장,인천광역시,,,
3576a7e1b16183ced52f,full_annotation_v1,A,q_두부_03,두부 사고 싶어,식료품 중 '두부'를 판매·제공하는 매장,test,두부,T4 구어·문장,573a737a-9269-48ea-a293-86a8f1b4056f,담소두부전문점,두부,가오리골목형상점가,골목형상점가,서울특별시,,,
60a6e007fc69b5e8bb39,full_annotation_v1,A,q_두부_03,두부 사고 싶어,식료품 중 '두부'를 판매·제공하는 매장,test,두부,T4 구어·문장,cd8a07d9-b273-4264-9915-b9a1c6bc2cd4,토석,두부,대림골목시장,전통시장,서울특별시,,,
5f7a24b064cc5280c4d1,full_annotation_v1,A,q_두부_03,두부 사고 싶어,식료품 중 '두부'를 판매·제공하는 매장,test,두부,T4 구어·문장,e1635a72-30eb-42ca-b87d-ef73d2c64220,두부명가,두부,청주육거리종합시장,전통시장,충청북도,,,
5d3567721807679a87dc,full_annotation_v1,A,q_두부_03,두부 사고 싶어,식료품 중 '두부'를 판매·제공하는 매장,test,두부,T4 구어·문장,e32bcbce-92f6-4296-8898-5809e4bdab4c,토종한우본가,축산물,송화벽화시장,전통시장,서울특별시,,,
763d5fe30b501d87d368,full_annotation_v1,A,q_두부_03,두부 사고 싶어,식료품 중 '두부'를 판매·제공하는 매장,test,두부,T4 구어·문장,e449cd7b-a279-465b-8e49-550e12071dae,부부두부,두부,경창시장,전통시장,서울특별시,,,
23430df6d584e6b5b54c,full_annotation_v1,A,q_두부_03,두부 사고 싶어,식료품 중 '두부'를 판매·제공하는 매장,test,두부,T4 구어·문장,57eb7206-4682-4981-9de4-2a54fecd2c98,사고 또 사고,약초,우림골목시장,전통시장,서울특별시,,,
1f5f870b9d85373ec984,full_annotation_v1,A,q_두부_03,두부 사고 싶어,식료품 중 '두부'를 판매·제공하는 매장,test,두부,T4 구어·문장,70a20c1c-2867-4575-8827-7e9d48223289,이두부야,두부,봉덕신시장,전통시장,대구광역시,,,
6a7c8162a48e6a278007,full_annotation_v1,A,q_두부_03,두부 사고 싶어,식료품 중 '두부'를 판매·제공하는 매장,test,두부,T4 구어·문장,c0289b47-4cd2-4923-ad52-bb7831d71ffd,고고두부,두부,테크노밸리 골목형상점가,골목형상점가,대전광역시,,,
7b1497d38918d7ce29fd,full_annotation_v1,A,q_두부_03,두부 사고 싶어,식료품 중 '두부'를 판매·제공하는 매장,test,두부,T4 구어·문장,c2e0c2ff-cfcc-40de-9009-2ef3859711c0,영두부,두부,고리울동굴시장,전통시장,경기도,,,
c514be4f1a631737303d,full_annotation_v1,A,q_두부_03,두부 사고 싶어,식료품 중 '두부'를 판매·제공하는 매장,test,두부,T4 구어·문장,02e6e7b8-1131-401d-b587-fcff8760568b,우영이네,두부,청주북부시장,전통시장,충청북도,,,
c4d7ed37dff2eb46eb28,full_annotation_v1,A,q_두부_03,두부 사고 싶어,식료품 중 '두부'를 판매·제공하는 매장,test,두부,T4 구어·문장,a505d310-e0a4-4ad8-9263-67554df6e2b7,대경두부,두부,법동시장,전통시장,대전광역시,,,
9bfb14832ec092493004,full_annotation_v1,A,q_두부_03,두부 사고 싶어,식료품 중 '두부'를 판매·제공하는 매장,test,두부,T4 구어·문장,e4d12e66-066b-40d6-844b-d66476ac69ac,이두부야,두부,신곡시장 골목형상점가,골목형상점가,서울특별시,,,
4be8b3c02511a6716af5,full_annotation_v1,A,q_두부_03,두부 사고 싶어,식료품 중 '두부'를 판매·제공하는 매장,test,두부,T4 구어·문장,53f13a7d-ce5a-41bc-9bcb-d3422d3e1746,은광쇼파,소파,진다리로 백운1동 골목형상점가,골목형상점가,광주광역시,,,
13c45f93857964d4bf9d,full_annotation_v1,A,q_두부_03,두부 사고 싶어,식료품 중 '두부'를 판매·제공하는 매장,test,두부,T4 구어·문장,00a74c3c-6931-4363-8806-0c064d828485,옛맷돌생즉석두부,두부,성정시장(구 성정5단지시장),전통시장,충청남도,,,
365a1da64d1b59d1305a,full_annotation_v1,A,q_두부_03,두부 사고 싶어,식료품 중 '두부'를 판매·제공하는 매장,test,두부,T4 구어·문장,72ee8e20-9fad-433d-8d21-0e63d58de0c4,석천손두부,두부,청주육거리종합시장,전통시장,충청북도,,,
959992d795497c282fb1,full_annotation_v1,A,q_두부_03,두부 사고 싶어,식료품 중 '두부'를 판매·제공하는 매장,test,두부,T4 구어·문장,a81d2c1b-e991-4975-9d71-7bac5eaa9664,자동차밧데리할인점,축전지밧데리,효실천거리 골목형상점가,골목형상점가,인천광역시,,,
6bbd59555d7053aac259,full_annotation_v1,A,q_두부_03,두부 사고 싶어,식료품 중 '두부'를 판매·제공하는 매장,test,두부,T4 구어·문장,e7021342-86e5-4bf1-9caf-7d3f37914a8e,두부명가,두부,전곡전통시장,전통시장,경기도,,,
fb6cad6c94ba61d81d9b,full_annotation_v1,A,q_두부_03,두부 사고 싶어,식료품 중 '두부'를 판매·제공하는 매장,test,두부,T4 구어·문장,f3c2d3c8-d60e-45b8-8712-e45c5c699309,예전두부,두부,수암상가시장,전통시장,울산광역시,,,
dbe89e9af5c802b96f23,full_annotation_v1,A,q_두부_03,두부 사고 싶어,식료품 중 '두부'를 판매·제공하는 매장,test,두부,T4 구어·문장,3932c08d-bc28-4905-b70a-5db2d8dd03a3,두영식품,두부,비단길현대시장,전통시장,서울특별시,,,
45e17593a8958385ccab,full_annotation_v1,A,q_두부_03,두부 사고 싶어,식료품 중 '두부'를 판매·제공하는 매장,test,두부,T4 구어·문장,3f435949-0508-403d-9d84-e094f2b5e689,철이네 두부,두부,도마큰시장,전통시장,대전광역시,,,
367e5b8ef3d2217919a8,full_annotation_v1,A,q_두부_03,두부 사고 싶어,식료품 중 '두부'를 판매·제공하는 매장,test,두부,T4 구어·문장,ee6b54a3-321e-401e-8f14-1e9502b7b83f,장수두부,두부,원당시장(구 원당전통시장),전통시장,경기도,,,
fb25c14ae1a2ef0f2d0b,full_annotation_v1,A,q_두부_03,두부 사고 싶어,식료품 중 '두부'를 판매·제공하는 매장,test,두부,T4 구어·문장,82cc472c-9ccd-4a35-aa47-f56780c024aa,경안청과상회,청과,안계정기시장,전통시장,경상북도,,,
df95cb7270c1f34adafe,full_annotation_v1,A,q_두부_03,두부 사고 싶어,식료품 중 '두부'를 판매·제공하는 매장,test,두부,T4 구어·문장,7734ca82-a418-40fa-8351-e2ea23b58a20,착한두부,두부,대동한마음 골목형상점가,골목형상점가,울산광역시,,,
672da4f49ecc96c49286,full_annotation_v1,A,q_두부_03,두부 사고 싶어,식료품 중 '두부'를 판매·제공하는 매장,test,두부,T4 구어·문장,889e86cd-5516-45c8-b45c-d7eff0b80820,삼례두부,두부,삼례상점가,자율상권구역,전북특별자치도,,,
ed76af9d42b4737ab2b4,full_annotation_v1,A,q_두부_03,두부 사고 싶어,식료품 중 '두부'를 판매·제공하는 매장,test,두부,T4 구어·문장,0725224b-9e87-40bc-b799-038f0ee4da3e,신흥식품,두부,부천신흥시장,전통시장,경기도,,,
9aea098f19a38cceae85,full_annotation_v1,A,q_두부_03,두부 사고 싶어,식료품 중 '두부'를 판매·제공하는 매장,test,두부,T4 구어·문장,6d9eed77-2154-4e4a-9fab-cc2f941a2bf8,경상수산,해산물,노량진수산시장골목형상점가,골목형상점가,서울특별시,,,
0ca0e29a8b6532eb168f,full_annotation_v1,A,q_두부_03,두부 사고 싶어,식료품 중 '두부'를 판매·제공하는 매장,test,두부,T4 구어·문장,77f22c56-68dd-4d77-ac28-12b5003e80bc,두부마을,두부,괴정골목시장,전통시장,부산광역시,,,
e0b716f9d5aa5d1e4880,full_annotation_v1,A,q_두부_03,두부 사고 싶어,식료품 중 '두부'를 판매·제공하는 매장,test,두부,T4 구어·문장,de3c9cc3-c685-4b25-942d-1c13a060b6ad,초원두부,두부,춘천동부시장,전통시장,강원특별자치도,,,
8ca40abb97d52f5081a9,full_annotation_v1,A,q_두부_03,두부 사고 싶어,식료품 중 '두부'를 판매·제공하는 매장,test,두부,T4 구어·문장,6bedd793-4c99-4c2e-af0a-c9c1d6b8c2b9,두부명가,두부,신도꼼지락시장,전통시장,대전광역시,,,
68d499eb0724d607c493,full_annotation_v1,A,q_두부_03,두부 사고 싶어,식료품 중 '두부'를 판매·제공하는 매장,test,두부,T4 구어·문장,1eb76174-e588-4401-b98a-1b0dc8f2e7e8,정두부,두부,다정중앙 골목형상점가,골목형상점가,세종특별자치시,,,
9533d92479a1d2db1462,full_annotation_v1,A,q_두부_03,두부 사고 싶어,식료품 중 '두부'를 판매·제공하는 매장,test,두부,T4 구어·문장,43325eb1-36cd-4298-b4a2-0836427fcc29,현풍두부,두부,현풍백년도깨비시장,전통시장,대구광역시,,,
9b1c5add02a981db5301,full_annotation_v1,A,q_두부_03,두부 사고 싶어,식료품 중 '두부'를 판매·제공하는 매장,test,두부,T4 구어·문장,4f580439-e2db-485c-ae7f-18d9ee41a805,부자두부,두부,신평리시장,전통시장,대구광역시,,,
94725bd6f332a4bfb9ec,full_annotation_v1,A,q_두부_03,두부 사고 싶어,식료품 중 '두부'를 판매·제공하는 매장,test,두부,T4 구어·문장,014175c9-602a-451f-adb6-d2ae725ab204,맷돌수제두부(콩사랑순두부),,정자시장,전통시장,경기도,,,
59758d2573a54c95757a,full_annotation_v1,A,q_두부_03,두부 사고 싶어,식료품 중 '두부'를 판매·제공하는 매장,test,두부,T4 구어·문장,387fb7e3-2efc-46c6-950b-8eef58c37bf1,두부마을,두부,전곡로데오거리골목형상점가,골목형상점가,경기도,,,
636cd3b54f4988f1ad34,full_annotation_v1,A,q_두부_03,두부 사고 싶어,식료품 중 '두부'를 판매·제공하는 매장,test,두부,T4 구어·문장,a8842971-713d-461a-a0d6-94f2a4e46abb,한일두부,두부,안양관양시장,전통시장,경기도,,,
a8da5eae7cbcd93f054f,full_annotation_v1,A,q_두부_03,두부 사고 싶어,식료품 중 '두부'를 판매·제공하는 매장,test,두부,T4 구어·문장,95755828-5b5b-460c-82de-9bf3f29d86b4,두부명가,두부,달서시장,전통시장,대구광역시,,,
788f279757d86f6afbe6,full_annotation_v1,A,q_두부_03,두부 사고 싶어,식료품 중 '두부'를 판매·제공하는 매장,test,두부,T4 구어·문장,55387abb-7941-4c0b-b4bc-707375b036ce,두부명가,두부,백운시장,전통시장,서울특별시,,,
d54d411a10d5fac063a7,full_annotation_v1,A,q_두부_03,두부 사고 싶어,식료품 중 '두부'를 판매·제공하는 매장,test,두부,T4 구어·문장,cf58bdf0-9a6e-45c2-964b-f40dded92d54,까망머리,미용실,쌍촌로상인회 골목형상점가,골목형상점가,광주광역시,,,
98226e83f4010443ddc5,full_annotation_v1,A,q_두부_03,두부 사고 싶어,식료품 중 '두부'를 판매·제공하는 매장,test,두부,T4 구어·문장,c665caa9-21dd-4f52-9486-ec5163475a3d,두부박사,두부,성남남한산성시장(구 은행골목시장),전통시장,경기도,,,
44f0aed834d93c3bcf7c,full_annotation_v1,A,q_두부_03,두부 사고 싶어,식료품 중 '두부'를 판매·제공하는 매장,test,두부,T4 구어·문장,00faf8ae-f86f-4c14-86d8-5a72d4ee0e82,신선식품,두부제조,우리시장,자율상권구역,서울특별시,,,
55dc35d2c3c4b8aad808,full_annotation_v1,A,q_두부_03,두부 사고 싶어,식료품 중 '두부'를 판매·제공하는 매장,test,두부,T4 구어·문장,06931f6c-326a-4ecd-82c0-e27cb74025b8,이두부야,두부,신정상가시장,전통시장,울산광역시,,,
04d067d1d8f7ba26bae1,full_annotation_v1,A,q_두부_03,두부 사고 싶어,식료품 중 '두부'를 판매·제공하는 매장,test,두부,T4 구어·문장,93560615-659d-4f06-aa10-9c216521e4d1,동양식품,"두부, 두부 제조업",초량전통시장,전통시장,부산광역시,,,
1902c981be475932d6e2,full_annotation_v1,A,q_두부_03,두부 사고 싶어,식료품 중 '두부'를 판매·제공하는 매장,test,두부,T4 구어·문장,efa2a2c3-e5d8-4365-b5cb-d01ec992be70,두부명가,두부,오천시장,전통시장,경상북도,,,
01b7a06a4ae2d51ee02b,full_annotation_v1,A,q_두부_03,두부 사고 싶어,식료품 중 '두부'를 판매·제공하는 매장,test,두부,T4 구어·문장,05218ab9-95f3-4c7c-bff8-2abd592ab2d6,역전두부,두부,마산역번개시장,전통시장,경상남도,,,
b3a670643eaace89d116,full_annotation_v1,A,q_두부_03,두부 사고 싶어,식료품 중 '두부'를 판매·제공하는 매장,test,두부,T4 구어·문장,00370e92-787b-44c8-a4cb-e87c3185e811,콩사랑즉석두부,두부,남부시장,전통시장,경상북도,,,
a8c3525e6b7428ade0f5,full_annotation_v1,A,q_두부_03,두부 사고 싶어,식료품 중 '두부'를 판매·제공하는 매장,test,두부,T4 구어·문장,df151aff-f1e7-45a4-85bd-fa576b442391,콩심이 두부,두부,벌교매일시장,전통시장,전라남도,,,
272414474ff0d1f76550,full_annotation_v1,A,q_두부_03,두부 사고 싶어,식료품 중 '두부'를 판매·제공하는 매장,test,두부,T4 구어·문장,e1b0c297-7a72-457c-a8ff-1f56da8bbb78,오늘은 두부,두부,새호반 골목형상점가,골목형상점가,세종특별자치시,,,
2735c549473d7b4a924f,full_annotation_v1,A,q_두부_03,두부 사고 싶어,식료품 중 '두부'를 판매·제공하는 매장,test,두부,T4 구어·문장,7c03234b-f3d9-445d-9d91-eb7f33451449,옛날식두부,두부,북구빛나는 골목형상점가,골목형상점가,광주광역시,,,
65bd7412af4d42cc5a3d,full_annotation_v1,A,q_두부_03,두부 사고 싶어,식료품 중 '두부'를 판매·제공하는 매장,test,두부,T4 구어·문장,3c8ff8c7-4900-4c73-a85d-52579dc98365,꽃을든히포,화초,커낼워크상점가,골목형상점가,인천광역시,,,
3d418e0fc46bac16bb99,full_annotation_v1,A,q_두부_03,두부 사고 싶어,식료품 중 '두부'를 판매·제공하는 매장,test,두부,T4 구어·문장,b972b786-a2b9-4195-9aeb-02fa32432917,천안태초두부,두부,천안중앙시장,전통시장,충청남도,,,
5755f004c51a571c6954,full_annotation_v1,A,q_두부_03,두부 사고 싶어,식료품 중 '두부'를 판매·제공하는 매장,test,두부,T4 구어·문장,d9406998-e5bd-456a-a585-174bdbada603,즉석총각두부,두부,천안중앙시장,전통시장,충청남도,,,
d408dd965317d7eaca77,full_annotation_v1,A,q_두부_03,두부 사고 싶어,식료품 중 '두부'를 판매·제공하는 매장,test,두부,T4 구어·문장,7ffac89b-6738-49f0-b68e-0999b352d78c,신선두부,두부,도봉산옛길골목형상점가,골목형상점가,서울특별시,,,
fd0abe361bfd848f604b,full_annotation_v1,A,q_두부_03,두부 사고 싶어,식료품 중 '두부'를 판매·제공하는 매장,test,두부,T4 구어·문장,7bd00745-483c-4b96-990f-76261004056b,맛나두부,두부,포항큰동해시장,전통시장,경상북도,,,
bbc6e3c221bdd906f2d2,full_annotation_v1,A,q_두부_03,두부 사고 싶어,식료품 중 '두부'를 판매·제공하는 매장,test,두부,T4 구어·문장,c5febe51-11bf-4ab5-a557-0631a07d495a,거성 즉석 두부,두부,대명시장,전통시장,대구광역시,,,
a7c82373eebb25e8c69a,full_annotation_v1,A,q_두부_03,두부 사고 싶어,식료품 중 '두부'를 판매·제공하는 매장,test,두부,T4 구어·문장,d43529bb-5a2c-474a-8cae-a2101fae1d42,백세두부,두부,대해불빛시장(대해종합시장),전통시장,경상북도,,,
3af96e93980af7cad3bc,full_annotation_v1,A,q_두부_03,두부 사고 싶어,식료품 중 '두부'를 판매·제공하는 매장,test,두부,T4 구어·문장,7be8d4fa-50c1-42a0-ac31-003072575d95,즉석두부,두부,답십리시장,전통시장,서울특별시,,,
0917d94548f05a575a1e,full_annotation_v1,A,q_두부_03,두부 사고 싶어,식료품 중 '두부'를 판매·제공하는 매장,test,두부,T4 구어·문장,63ed6194-b5eb-4780-a784-eb60effa1ad4,즉석두부,두부,태평시장,전통시장,대전광역시,,,
0078df5cdf2e629e92d1,full_annotation_v1,A,q_두부_03,두부 사고 싶어,식료품 중 '두부'를 판매·제공하는 매장,test,두부,T4 구어·문장,fd80cca6-6e62-4656-8081-6fc5cf937512,두부마을,두부,양평물맑은시장,전통시장,경기도,,,
dd99480921afa27c3f65,full_annotation_v1,A,q_두부_03,두부 사고 싶어,식료품 중 '두부'를 판매·제공하는 매장,test,두부,T4 구어·문장,9a69086a-f867-4f7b-9642-3ce91cd878e6,엑스포즉석두부전문점,두부,엑스포코아 골목형상점가,골목형상점가,대전광역시,,,
475974d6ffae39b4d1d9,full_annotation_v1,A,q_두부_03,두부 사고 싶어,식료품 중 '두부'를 판매·제공하는 매장,test,두부,T4 구어·문장,392b5baf-264b-45d8-b5da-418d7aa2d3e0,마왕족발 광주상무점,한식,치평광명상가상인회 골목형상점가,골목형상점가,광주광역시,,,
8a6ef56c202c8920b991,full_annotation_v1,A,q_두부_03,두부 사고 싶어,식료품 중 '두부'를 판매·제공하는 매장,test,두부,T4 구어·문장,4f2775fb-cf32-47c8-8961-01b00e82cf42,짱두부,두부,의왕예술의거리골목형상점가,골목형상점가,경기도,,,
0742248176b4ecb0b334,full_annotation_v1,A,q_두부_03,두부 사고 싶어,식료품 중 '두부'를 판매·제공하는 매장,test,두부,T4 구어·문장,d496b565-6c44-4976-80e8-46db9edea026,돈암손두부,두부,돈암시장,전통시장,서울특별시,,,
fd2b8b4142e83ef90c03,full_annotation_v1,A,q_두부_03,두부 사고 싶어,식료품 중 '두부'를 판매·제공하는 매장,test,두부,T4 구어·문장,6fee5688-d168-49c2-99a3-48ec4c5ef776,온두부,두부,산정상인회 골목형상점가,골목형상점가,,,,
1ed136f679c1cd4fdfc2,full_annotation_v1,A,q_두부_03,두부 사고 싶어,식료품 중 '두부'를 판매·제공하는 매장,test,두부,T4 구어·문장,46a5eaab-5ffd-49d9-8537-cf872b932b5e,두부명가,두부,구월시장,전통시장,인천광역시,,,
7584cf85ce67f31531b9,full_annotation_v1,A,q_두부_03,두부 사고 싶어,식료품 중 '두부'를 판매·제공하는 매장,test,두부,T4 구어·문장,69a94f8f-2725-4df2-9d1e-cb4628548927,한뚜부,두부,박달시장,전통시장,경기도,,,
9781a9d768fcb0a5ba06,full_annotation_v1,A,q_두부_03,두부 사고 싶어,식료품 중 '두부'를 판매·제공하는 매장,test,두부,T4 구어·문장,000cb355-aef1-4aaf-8fb2-cb3f9fd94624,시골즉석두부,두부,신장전통시장,전통시장,경기도,,,
0a60e83486991ae20cad,full_annotation_v1,A,q_두부_03,두부 사고 싶어,식료품 중 '두부'를 판매·제공하는 매장,test,두부,T4 구어·문장,e3976266-47ee-4996-91c0-022b32f49ddc,큰나무집,삼계탕,일곡동(제9지역:커피의 거리),골목형상점가,광주광역시,,,
8f56a614e22fdd0b9b6c,full_annotation_v1,A,q_두부_03,두부 사고 싶어,식료품 중 '두부'를 판매·제공하는 매장,test,두부,T4 구어·문장,dfdf037d-4ea0-469e-91d8-b7b0dfad7d7e,즉석총각두부,두부,"온양온천시장(온양재래시장, 전통시장)",전통시장,충청남도,,,
b9f57f09624fd0f5897b,full_annotation_v1,A,q_두부_03,두부 사고 싶어,식료품 중 '두부'를 판매·제공하는 매장,test,두부,T4 구어·문장,314227de-8c3c-47ad-8c0a-f7343afac132,두부&,두부등음식류,동백역 골목형상점가,골목형상점가,경기도,,,
798b0ca8d525a4cbd309,full_annotation_v1,A,q_두부_03,두부 사고 싶어,식료품 중 '두부'를 판매·제공하는 매장,test,두부,T4 구어·문장,61fdbdb7-342d-4efb-996e-7ba6ceafe33d,두부마을,두부,홍천중앙시장(홍천신시장),전통시장,강원특별자치도,,,
52518919e7f0251b7d8e,full_annotation_v1,A,q_두부_03,두부 사고 싶어,식료품 중 '두부'를 판매·제공하는 매장,test,두부,T4 구어·문장,35b4ff20-a8f3-498f-9c95-7152a7be0f2c,두부마을,두부,송라시장,전통시장,대구광역시,,,
7e2ee3370daf3cc8436a,full_annotation_v1,A,q_두부_03,두부 사고 싶어,식료품 중 '두부'를 판매·제공하는 매장,test,두부,T4 구어·문장,89181375-c57b-4535-a442-b1a101db2ed7,향원두부,두부,부천자유시장,전통시장,경기도,,,
c74ea14c0617d6cac9a9,full_annotation_v1,A,q_두부_03,두부 사고 싶어,식료품 중 '두부'를 판매·제공하는 매장,test,두부,T4 구어·문장,a2a3e297-55a0-4584-b2bd-06329b33ed5c,함안식품,두부,함안 가야전통시장,전통시장,경상남도,,,
279fe2c058e655e2885a,full_annotation_v1,A,q_두부_03,두부 사고 싶어,식료품 중 '두부'를 판매·제공하는 매장,test,두부,T4 구어·문장,ff645999-5e11-41f5-9848-325dcf5f2be5,건강두부,두부,화서시장,전통시장,경기도,,,
68316fc6d8d5a7db4ee3,full_annotation_v1,A,q_두부_03,두부 사고 싶어,식료품 중 '두부'를 판매·제공하는 매장,test,두부,T4 구어·문장,bc2da352-ce00-479d-b46e-2a5d2dd9a547,두부마을,두부,돌곶이시장,전통시장,서울특별시,,,
b547b9aea1524e9e6bb6,full_annotation_v1,A,q_두부_03,두부 사고 싶어,식료품 중 '두부'를 판매·제공하는 매장,test,두부,T4 구어·문장,3b80a003-4257-4cc1-b39b-11ed041edf74,여포두부,두부,통영중앙전통시장,전통시장,경상남도,,,
7926cb11564a299c05ff,full_annotation_v1,A,q_두부_03,두부 사고 싶어,식료품 중 '두부'를 판매·제공하는 매장,test,두부,T4 구어·문장,81180fe7-559d-42fa-92c8-7987ed4bfd98,로체스포츠,의류,황지시장상점가,자율상권구역,강원특별자치도,,,
79ce36997d110af13615,full_annotation_v1,A,q_두부_03,두부 사고 싶어,식료품 중 '두부'를 판매·제공하는 매장,test,두부,T4 구어·문장,49082f24-9e22-4fee-9588-d4b68df3d56a,경남천막사,천막,칠성전자주방시장,전통시장,대구광역시,,,
cbdafc622db9569a7e53,full_annotation_v1,A,q_두부_03,두부 사고 싶어,식료품 중 '두부'를 판매·제공하는 매장,test,두부,T4 구어·문장,0263f33e-0b98-4058-b3f0-068d677af362,북부자연식품,두부,창동신창시장,전통시장,서울특별시,,,
66dcbf4d883acb351584,full_annotation_v1,A,q_두부_03,두부 사고 싶어,식료품 중 '두부'를 판매·제공하는 매장,test,두부,T4 구어·문장,7cb98b06-e749-476a-aefe-d93b53ada736,진남손두부,두부,여수진남시장,전통시장,전라남도,,,
9ea8a5729d86aa8eeaa7,full_annotation_v1,A,q_두부_03,두부 사고 싶어,식료품 중 '두부'를 판매·제공하는 매장,test,두부,T4 구어·문장,d00b323f-d0e1-49e7-9cde-039ccc4b50bc,별난두부,두부,조원동 펭귄시장,전통시장,서울특별시,,,
6ac337caccc5f2ea61de,full_annotation_v1,A,q_두부_03,두부 사고 싶어,식료품 중 '두부'를 판매·제공하는 매장,test,두부,T4 구어·문장,6cb0e649-cf8f-4316-b0fc-8165d779ae8b,대림두부,두부,대림중앙시장,전통시장,서울특별시,,,
a065b1db6f93f7f69c49,full_annotation_v1,A,q_두부_03,두부 사고 싶어,식료품 중 '두부'를 판매·제공하는 매장,test,두부,T4 구어·문장,b8a53820-000e-42e0-9ec5-88acbcb09761,천수두부,두부,포항 대이상가 골목형상점가,골목형상점가,경상북도,,,
c82b155876b4bd5b9a7c,full_annotation_v1,A,q_두부_03,두부 사고 싶어,식료품 중 '두부'를 판매·제공하는 매장,test,두부,T4 구어·문장,dc90a5aa-bfb2-401f-8728-5f220eed1b9b,두부온,두부,"온양온천시장(온양재래시장, 전통시장)",전통시장,충청남도,,,
72a7a4b7ddde1fb8b734,full_annotation_v1,A,q_두부_03,두부 사고 싶어,식료품 중 '두부'를 판매·제공하는 매장,test,두부,T4 구어·문장,d8bfeb7f-b2b6-4913-a4bd-bd48c4aa88d9,사고 또 사고,과일 외,안양중앙시장,전통시장,경기도,,,
0806c5bcd290dd543df0,full_annotation_v1,A,q_두부_03,두부 사고 싶어,식료품 중 '두부'를 판매·제공하는 매장,test,두부,T4 구어·문장,54ad8e52-01fe-4f03-b15a-ecb2ea5f217e,민속두부,두부,까치산시장,전통시장,서울특별시,,,
cc192cc13fb4b868a08d,full_annotation_v1,A,q_두부_03,두부 사고 싶어,식료품 중 '두부'를 판매·제공하는 매장,test,두부,T4 구어·문장,d7ca083a-7790-4edc-8a5c-194f7c5da3fc,두부명가,두부,사직거인 골목형상점가,골목형상점가,부산광역시,,,
b028e85af130f5a4df2c,full_annotation_v1,A,q_두부_03,두부 사고 싶어,식료품 중 '두부'를 판매·제공하는 매장,test,두부,T4 구어·문장,f6f7777a-de9b-4f9e-8da6-e523341c3fc5,이두부야,두부,신매시장,전통시장,대구광역시,,,
0c766c2756fb5d061433,full_annotation_v1,A,q_두부_03,두부 사고 싶어,식료품 중 '두부'를 판매·제공하는 매장,test,두부,T4 구어·문장,6cf63b7c-3a82-4492-8339-6bc7b5f0ffda,두부명가,두부,반딧불이연무시장,전통시장,경기도,,,
00ab11424a4466df54a1,full_annotation_v1,A,q_두부_03,두부 사고 싶어,식료품 중 '두부'를 판매·제공하는 매장,test,두부,T4 구어·문장,dee3c4de-a2a6-4539-94ff-606f198933a5,두부명가,두부,청양전통시장(구 청양상설시장),전통시장,충청남도,,,
850df546700cfa29f573,full_annotation_v1,A,q_두부_03,두부 사고 싶어,식료품 중 '두부'를 판매·제공하는 매장,test,두부,T4 구어·문장,8b10bc5e-2eb8-4158-bde8-275a6f9af44c,하얀두부,두부,옛 경양방죽 골목형상점가,골목형상점가,광주광역시,,,
1d8c98861befeca8caa1,full_annotation_v1,A,q_두부_03,두부 사고 싶어,식료품 중 '두부'를 판매·제공하는 매장,test,두부,T4 구어·문장,63eaad17-e700-4b0b-8b9b-1eb5cb9ba6c7,즉석두부,두부,금산금빛시장(금산시장),전통시장,충청남도,,,
039267a1ec3f44452625,full_annotation_v1,A,q_두부_03,두부 사고 싶어,식료품 중 '두부'를 판매·제공하는 매장,test,두부,T4 구어·문장,54eb1e22-41dd-440a-b4cc-6f32abc81400,대박마트,식품 잡화 정육 담배,문학로 골목형상점가,골목형상점가,전북특별자치도,,,
05bf7f3b3d5721a33da7,full_annotation_v1,A,q_두부_03,두부 사고 싶어,식료품 중 '두부'를 판매·제공하는 매장,test,두부,T4 구어·문장,3fdd1826-c018-43ca-926a-875e2de54fbc,유림식품,두부,부산새벽시장,전통시장,부산광역시,,,
2d934b57515eb5edac06,full_annotation_v1,A,q_두부_03,두부 사고 싶어,식료품 중 '두부'를 판매·제공하는 매장,test,두부,T4 구어·문장,7eb139ff-0b6e-4ad1-8ca7-f469f1e9d623,야베스식품,두부,마산어시장,전통시장,경상남도,,,
65111ee9dc1846c94534,full_annotation_v1,A,q_두부_03,두부 사고 싶어,식료품 중 '두부'를 판매·제공하는 매장,test,두부,T4 구어·문장,f42cc7b0-44ac-4ff0-947f-eddfc14e47e7,만덕두부,두부,만덕2동제일상가시장,전통시장,부산광역시,,,
635b778e61b310796ec4,full_annotation_v1,A,q_두부_03,두부 사고 싶어,식료품 중 '두부'를 판매·제공하는 매장,test,두부,T4 구어·문장,7ef83587-1d80-4b9a-9b0c-950b367431be,늘푸른식품,두부,논산화지중앙시장,전통시장,충청남도,,,
bf7b729dad49bb9ce44f,full_annotation_v1,A,q_두부_03,두부 사고 싶어,식료품 중 '두부'를 판매·제공하는 매장,test,두부,T4 구어·문장,68392f68-77be-4600-a4b3-99e49e240b8f,풍성상사,"잡화, 한약재",계양산전통시장,전통시장,인천광역시,,,
15fa556ea12f212243d8,full_annotation_v1,A,q_두부_03,두부 사고 싶어,식료품 중 '두부'를 판매·제공하는 매장,test,두부,T4 구어·문장,f7248831-11fb-4f35-a572-59b2ea510896,이두부야,두부,삼성명가상가 골목형상점가,골목형상점가,대구광역시,,,
e9f5ee0e3dd04cd52fcb,full_annotation_v1,A,q_두부_03,두부 사고 싶어,식료품 중 '두부'를 판매·제공하는 매장,test,두부,T4 구어·문장,ecfb17e7-4687-4b83-9cb6-38cffa19b198,두부명가,두부,안양중앙인정시장,전통시장,경기도,,,
d7d45e700d7ef73d3a5f,full_annotation_v1,A,q_두부_03,두부 사고 싶어,식료품 중 '두부'를 판매·제공하는 매장,test,두부,T4 구어·문장,9ffb2b54-6aca-4700-b532-7f276f04769d,두부마을,두부,연희로 골목형상점가,골목형상점가,인천광역시,,,
56f195afc9f31c219474,full_annotation_v1,A,q_두부_03,두부 사고 싶어,식료품 중 '두부'를 판매·제공하는 매장,test,두부,T4 구어·문장,4be6685f-7bd0-43f8-bc41-91650a1140f2,두부본가,두부,암사종합시장,전통시장,서울특별시,,,
c26d6d020e267e2e20d9,full_annotation_v1,A,q_두부_03,두부 사고 싶어,식료품 중 '두부'를 판매·제공하는 매장,test,두부,T4 구어·문장,dfb1ae5c-d025-4978-b09d-b911ce8cbb1d,두부마을,두부,방이시장,전통시장,서울특별시,,,
38b167bbd911a5e0432c,full_annotation_v1,A,q_두부_03,두부 사고 싶어,식료품 중 '두부'를 판매·제공하는 매장,test,두부,T4 구어·문장,ea2221b0-a35b-4e9a-84a4-5293a4c0df7f,광양손두부,두부,광양매일시장(광양상설시장),전통시장,전라남도,,,
f8b917cb0a9697aa2e2f,full_annotation_v1,A,q_두부_03,두부 사고 싶어,식료품 중 '두부'를 판매·제공하는 매장,test,두부,T4 구어·문장,9d3cd1cd-8564-4a09-a24c-8638a77ae510,제이원식품조은두부,두부,칠성시장,전통시장,대구광역시,,,
3ce9f2a8ccaa4a639238,full_annotation_v1,A,q_두부_03,두부 사고 싶어,식료품 중 '두부'를 판매·제공하는 매장,test,두부,T4 구어·문장,78e96343-cdc9-4ae6-9af0-d7f5f12e223a,두부마을,두부,용남시장,전통시장,인천광역시,,,
1545434c61db7695c108,full_annotation_v1,A,q_두부_03,두부 사고 싶어,식료품 중 '두부'를 판매·제공하는 매장,test,두부,T4 구어·문장,13d8ac39-308a-4a1a-a926-8b9e5d926074,두부명가,두부,화곡중앙시장,전통시장,서울특별시,,,
11b37c8193be68a58805,full_annotation_v1,A,q_두부_03,두부 사고 싶어,식료품 중 '두부'를 판매·제공하는 매장,test,두부,T4 구어·문장,8f44e5a2-079a-4ce0-b159-06121a23d298,지젤,의류,서문시장2지구 종합상가,전통시장,대구광역시,,,
edb843d99ae82578545d,full_annotation_v1,A,q_두부_04,두부 살 데,식료품 중 '두부'를 판매·제공하는 매장,test,두부,T4 구어·문장,1a4680e0-56b8-48f7-9e7d-951dffb05f6a,소담두부,두부,과천슈르탑 골목형상점가,골목형상점가,경기도,,,
6e7e44d009de8c638d75,full_annotation_v1,A,q_두부_04,두부 살 데,식료품 중 '두부'를 판매·제공하는 매장,test,두부,T4 구어·문장,481fc4e7-045b-4fb3-bf0c-eba04e887be9,두붓집,두부,자양15번가골목형상점가,골목형상점가,서울특별시,,,
a610216a793ac858dc21,full_annotation_v1,A,q_두부_04,두부 살 데,식료품 중 '두부'를 판매·제공하는 매장,test,두부,T4 구어·문장,cc953dde-1be2-4a6d-9900-50c65a4d0904,믿음식품,두부,계양산전통시장,전통시장,인천광역시,,,
ceceb972dcf5ef766c6f,full_annotation_v1,A,q_두부_04,두부 살 데,식료품 중 '두부'를 판매·제공하는 매장,test,두부,T4 구어·문장,87714942-4913-4f4e-923c-e3d9a2dd1e1e,황가네손두부짱,두부,남문시장,전통시장,서울특별시,,,
8865c666680b84ddc89c,full_annotation_v1,A,q_두부_04,두부 살 데,식료품 중 '두부'를 판매·제공하는 매장,test,두부,T4 구어·문장,4eee54c6-ec82-4ced-a439-ed472c8da4a7,이두부야,두부,천상천 골목형상점가,골목형상점가,울산광역시,,,
39843ea2fd5cb22b0a20,full_annotation_v1,A,q_두부_04,두부 살 데,식료품 중 '두부'를 판매·제공하는 매장,test,두부,T4 구어·문장,639f8779-b15b-4ae1-8fb5-2c32a1044dcf,신용상회,두부,영도봉래시장,전통시장,부산광역시,,,
85ee670e194a37f95b2b,full_annotation_v1,A,q_두부_04,두부 살 데,식료품 중 '두부'를 판매·제공하는 매장,test,두부,T4 구어·문장,aa20b99b-38eb-4a6e-a6e5-89ccb4f9b430,화분의공간,화초 및 식물 소매업,송천동1가 골목형상점가,골목형상점가,전북특별자치도,,,
f6b5ba7eff1b65f29583,full_annotation_v1,A,q_두부_04,두부 살 데,식료품 중 '두부'를 판매·제공하는 매장,test,두부,T4 구어·문장,8b10bc5e-2eb8-4158-bde8-275a6f9af44c,하얀두부,두부,옛 경양방죽 골목형상점가,골목형상점가,광주광역시,,,
6da54f94e1b1a9f86f7b,full_annotation_v1,A,q_두부_04,두부 살 데,식료품 중 '두부'를 판매·제공하는 매장,test,두부,T4 구어·문장,3b80a003-4257-4cc1-b39b-11ed041edf74,여포두부,두부,통영중앙전통시장,전통시장,경상남도,,,
5dddc5071a9a04a96736,full_annotation_v1,A,q_두부_04,두부 살 데,식료품 중 '두부'를 판매·제공하는 매장,test,두부,T4 구어·문장,61fdbdb7-342d-4efb-996e-7ba6ceafe33d,두부마을,두부,홍천중앙시장(홍천신시장),전통시장,강원특별자치도,,,
8627f333e38e714d76de,full_annotation_v1,A,q_두부_04,두부 살 데,식료품 중 '두부'를 판매·제공하는 매장,test,두부,T4 구어·문장,d43529bb-5a2c-474a-8cae-a2101fae1d42,백세두부,두부,대해불빛시장(대해종합시장),전통시장,경상북도,,,
7d7cbf66e62b6ed6d395,full_annotation_v1,A,q_두부_04,두부 살 데,식료품 중 '두부'를 판매·제공하는 매장,test,두부,T4 구어·문장,efa2a2c3-e5d8-4365-b5cb-d01ec992be70,두부명가,두부,오천시장,전통시장,경상북도,,,
e84ae1461776fba4649b,full_annotation_v1,A,q_두부_04,두부 살 데,식료품 중 '두부'를 판매·제공하는 매장,test,두부,T4 구어·문장,9a156239-df2b-4f2c-b570-94e63712a53c,두부마을,두부,용남시장,전통시장,인천광역시,,,
3e65e7a96169bed8b4ac,full_annotation_v1,A,q_두부_04,두부 살 데,식료품 중 '두부'를 판매·제공하는 매장,test,두부,T4 구어·문장,0c74cbc7-64c4-478e-94be-833dcea62d5a,충남식품,두부,계양산전통시장,전통시장,인천광역시,,,
15514827632cd71d2a89,full_annotation_v1,A,q_두부_04,두부 살 데,식료품 중 '두부'를 판매·제공하는 매장,test,두부,T4 구어·문장,63eaad17-e700-4b0b-8b9b-1eb5cb9ba6c7,즉석두부,두부,금산금빛시장(금산시장),전통시장,충청남도,,,
5f9ae3265c9294fa2dba,full_annotation_v1,A,q_두부_04,두부 살 데,식료품 중 '두부'를 판매·제공하는 매장,test,두부,T4 구어·문장,70a20c1c-2867-4575-8827-7e9d48223289,이두부야,두부,봉덕신시장,전통시장,대구광역시,,,
7673d6a39a46fb626e08,full_annotation_v1,A,q_두부_04,두부 살 데,식료품 중 '두부'를 판매·제공하는 매장,test,두부,T4 구어·문장,df151aff-f1e7-45a4-85bd-fa576b442391,콩심이 두부,두부,벌교매일시장,전통시장,전라남도,,,
ef8f555f5251875439fb,full_annotation_v1,A,q_두부_04,두부 살 데,식료품 중 '두부'를 판매·제공하는 매장,test,두부,T4 구어·문장,dfb1ae5c-d025-4978-b09d-b911ce8cbb1d,두부마을,두부,방이시장,전통시장,서울특별시,,,
bcf6760b098028b95a2c,full_annotation_v1,A,q_두부_04,두부 살 데,식료품 중 '두부'를 판매·제공하는 매장,test,두부,T4 구어·문장,f42cc7b0-44ac-4ff0-947f-eddfc14e47e7,만덕두부,두부,만덕2동제일상가시장,전통시장,부산광역시,,,
c6f62ecc76f0a8d2b2e6,full_annotation_v1,A,q_두부_04,두부 살 데,식료품 중 '두부'를 판매·제공하는 매장,test,두부,T4 구어·문장,c0289b47-4cd2-4923-ad52-bb7831d71ffd,고고두부,두부,테크노밸리 골목형상점가,골목형상점가,대전광역시,,,
9df01ae78ada477a6fd7,full_annotation_v1,A,q_두부_04,두부 살 데,식료품 중 '두부'를 판매·제공하는 매장,test,두부,T4 구어·문장,dfdf037d-4ea0-469e-91d8-b7b0dfad7d7e,즉석총각두부,두부,"온양온천시장(온양재래시장, 전통시장)",전통시장,충청남도,,,
71a93ae51946c0be3435,full_annotation_v1,A,q_두부_04,두부 살 데,식료품 중 '두부'를 판매·제공하는 매장,test,두부,T4 구어·문장,d1d5d579-6735-4b7a-900b-a13eb9e008b0,신사의 한우,한식,보람동 골목형상점가,골목형상점가,세종특별자치시,,,
43095d76742a6577f740,full_annotation_v1,A,q_두부_04,두부 살 데,식료품 중 '두부'를 판매·제공하는 매장,test,두부,T4 구어·문장,46a5eaab-5ffd-49d9-8537-cf872b932b5e,두부명가,두부,구월시장,전통시장,인천광역시,,,
43f3a435910368434e83,full_annotation_v1,A,q_두부_04,두부 살 데,식료품 중 '두부'를 판매·제공하는 매장,test,두부,T4 구어·문장,c5488f43-70ab-4eba-a090-8718741003ee,형제식품,두부,양동경열로시장,전통시장,,,,
c05c2d08d9825e3941d9,full_annotation_v1,A,q_두부_04,두부 살 데,식료품 중 '두부'를 판매·제공하는 매장,test,두부,T4 구어·문장,45f4c35c-f826-4860-b107-6f5f97dbeb71,지에스25 충북혁신센터점,도소매,맹동혁신골목형상점가,골목형상점가,충청북도,,,
fc625591be2256e2f82e,full_annotation_v1,A,q_두부_04,두부 살 데,식료품 중 '두부'를 판매·제공하는 매장,test,두부,T4 구어·문장,e3ffe4e4-0ffc-43e8-8e8c-deb57fb6de6c,"두부,부부(즉석콩두부제작소)",두부,다운장 골목형상점가,골목형상점가,울산광역시,,,
41f3d79d09aaa3b6a475,full_annotation_v1,A,q_두부_04,두부 살 데,식료품 중 '두부'를 판매·제공하는 매장,test,두부,T4 구어·문장,000cb355-aef1-4aaf-8fb2-cb3f9fd94624,시골즉석두부,두부,신장전통시장,전통시장,경기도,,,
84fc1086fba458806a80,full_annotation_v1,A,q_두부_04,두부 살 데,식료품 중 '두부'를 판매·제공하는 매장,test,두부,T4 구어·문장,3932c08d-bc28-4905-b70a-5db2d8dd03a3,두영식품,두부,비단길현대시장,전통시장,서울특별시,,,
030f33faa5bcbfa01c8d,full_annotation_v1,A,q_두부_04,두부 살 데,식료품 중 '두부'를 판매·제공하는 매장,test,두부,T4 구어·문장,aba76fc2-984e-4030-ba01-e2e7d78264c7,데 아로즈 대전둔산본점,,갈리단길 골목형상점가,골목형상점가,대전광역시,,,
a30c541f9606c346baf9,full_annotation_v1,A,q_두부_04,두부 살 데,식료품 중 '두부'를 판매·제공하는 매장,test,두부,T4 구어·문장,efe1e70a-8051-4699-bbca-169b0408595c,두부한모,두부,봉일천전통시장,전통시장,경기도,,,
265b39b92dba8cbe4a1a,full_annotation_v1,A,q_두부_04,두부 살 데,식료품 중 '두부'를 판매·제공하는 매장,test,두부,T4 구어·문장,56518e37-15c9-4e7e-8e85-2f02143fac88,옛날두부,두부,온천인정시장,전통시장,부산광역시,,,
0868d379682a7cb3198d,full_annotation_v1,A,q_두부_04,두부 살 데,식료품 중 '두부'를 판매·제공하는 매장,test,두부,T4 구어·문장,4f2775fb-cf32-47c8-8961-01b00e82cf42,짱두부,두부,의왕예술의거리골목형상점가,골목형상점가,경기도,,,
b0748083f54ee2c98116,full_annotation_v1,A,q_두부_04,두부 살 데,식료품 중 '두부'를 판매·제공하는 매장,test,두부,T4 구어·문장,d7ca083a-7790-4edc-8a5c-194f7c5da3fc,두부명가,두부,사직거인 골목형상점가,골목형상점가,부산광역시,,,
d27ac153750fd5d81f85,full_annotation_v1,A,q_두부_04,두부 살 데,식료품 중 '두부'를 판매·제공하는 매장,test,두부,T4 구어·문장,c2e0c2ff-cfcc-40de-9009-2ef3859711c0,영두부,두부,고리울동굴시장,전통시장,경기도,,,
0f7dd4ad6155216671b0,full_annotation_v1,A,q_두부_04,두부 살 데,식료품 중 '두부'를 판매·제공하는 매장,test,두부,T4 구어·문장,5b8fd172-7032-4e58-88d7-04749f9fb248,두부본가어묵,두부,못골골목시장,전통시장,부산광역시,,,
70a9f8e6d0f1f36261b3,full_annotation_v1,A,q_두부_04,두부 살 데,식료품 중 '두부'를 판매·제공하는 매장,test,두부,T4 구어·문장,6cb0e649-cf8f-4316-b0fc-8165d779ae8b,대림두부,두부,대림중앙시장,전통시장,서울특별시,,,
cb75963a5d49778d3d2a,full_annotation_v1,A,q_두부_04,두부 살 데,식료품 중 '두부'를 판매·제공하는 매장,test,두부,T4 구어·문장,e449cd7b-a279-465b-8e49-550e12071dae,부부두부,두부,경창시장,전통시장,서울특별시,,,
1a4f53dd815f1442a57b,full_annotation_v1,A,q_두부_04,두부 살 데,식료품 중 '두부'를 판매·제공하는 매장,test,두부,T4 구어·문장,e1635a72-30eb-42ca-b87d-ef73d2c64220,두부명가,두부,청주육거리종합시장,전통시장,충청북도,,,
a7240d87d47973aad74e,full_annotation_v1,A,q_두부_04,두부 살 데,식료품 중 '두부'를 판매·제공하는 매장,test,두부,T4 구어·문장,c580973b-08f7-4906-bc06-e7713f14ab94,우림식품,두부,우림골목시장,전통시장,서울특별시,,,
d42e72777afe094c7f92,full_annotation_v1,A,q_두부_04,두부 살 데,식료품 중 '두부'를 판매·제공하는 매장,test,두부,T4 구어·문장,e7021342-86e5-4bf1-9caf-7d3f37914a8e,두부명가,두부,전곡전통시장,전통시장,경기도,,,
01d15e52ced3eee21989,full_annotation_v1,A,q_두부_04,두부 살 데,식료품 중 '두부'를 판매·제공하는 매장,test,두부,T4 구어·문장,387fb7e3-2efc-46c6-950b-8eef58c37bf1,두부마을,두부,전곡로데오거리골목형상점가,골목형상점가,경기도,,,
9a74e4a4b049e6938b7e,full_annotation_v1,A,q_두부_04,두부 살 데,식료품 중 '두부'를 판매·제공하는 매장,test,두부,T4 구어·문장,b8a53820-000e-42e0-9ec5-88acbcb09761,천수두부,두부,포항 대이상가 골목형상점가,골목형상점가,경상북도,,,
6c0de413b1aa6f9b8873,full_annotation_v1,A,q_두부_04,두부 살 데,식료품 중 '두부'를 판매·제공하는 매장,test,두부,T4 구어·문장,503a399d-cc75-4475-8036-7b5b0b284767,민소,"도소매(공예품,잡화)",남대문시장,전통시장,서울특별시,,,
7a22950b74bb8cff0c4e,full_annotation_v1,A,q_두부_04,두부 살 데,식료품 중 '두부'를 판매·제공하는 매장,test,두부,T4 구어·문장,2b39a2f9-c9cc-48cf-b8f9-fb77830eee88,제현청과,과일,고성시장,전통시장,경상남도,,,
b7e587b34f362df47894,full_annotation_v1,A,q_두부_04,두부 살 데,식료품 중 '두부'를 판매·제공하는 매장,test,두부,T4 구어·문장,8dd1a856-f859-4a1c-85be-a16f20dde846,해륙수산,"생선, 닭",증평장뜰재래시장,전통시장,충청북도,,,
0dce91232255e6a18360,full_annotation_v1,A,q_두부_04,두부 살 데,식료품 중 '두부'를 판매·제공하는 매장,test,두부,T4 구어·문장,4f580439-e2db-485c-ae7f-18d9ee41a805,부자두부,두부,신평리시장,전통시장,대구광역시,,,
ea595de36359cb5805b9,full_annotation_v1,A,q_두부_04,두부 살 데,식료품 중 '두부'를 판매·제공하는 매장,test,두부,T4 구어·문장,fd4bfec6-c9b7-4289-bc97-41a32a78b589,콩이랑두부랑,두부,부천한신시장,전통시장,경기도,,,
7fc41fd971ce3877b448,full_annotation_v1,A,q_두부_04,두부 살 데,식료품 중 '두부'를 판매·제공하는 매장,test,두부,T4 구어·문장,00a74c3c-6931-4363-8806-0c064d828485,옛맷돌생즉석두부,두부,성정시장(구 성정5단지시장),전통시장,충청남도,,,
ee7b290e08f1b7baadc6,full_annotation_v1,A,q_두부_04,두부 살 데,식료품 중 '두부'를 판매·제공하는 매장,test,두부,T4 구어·문장,bc2da352-ce00-479d-b46e-2a5d2dd9a547,두부마을,두부,돌곶이시장,전통시장,서울특별시,,,
7a88c4dc31c16b603526,full_annotation_v1,A,q_두부_04,두부 살 데,식료품 중 '두부'를 판매·제공하는 매장,test,두부,T4 구어·문장,e1b0c297-7a72-457c-a8ff-1f56da8bbb78,오늘은 두부,두부,새호반 골목형상점가,골목형상점가,세종특별자치시,,,
2a6a9b80bc20f3308e39,full_annotation_v1,A,q_두부_04,두부 살 데,식료품 중 '두부'를 판매·제공하는 매장,test,두부,T4 구어·문장,c665caa9-21dd-4f52-9486-ec5163475a3d,두부박사,두부,성남남한산성시장(구 은행골목시장),전통시장,경기도,,,
78ebe98e49739c8f5e2d,full_annotation_v1,A,q_두부_04,두부 살 데,식료품 중 '두부'를 판매·제공하는 매장,test,두부,T4 구어·문장,ab9c6969-da0a-43e1-be2e-3408a3b83706,서울두부,두부,달서시장,전통시장,대구광역시,,,
34468d4d207aeeabb983,full_annotation_v1,A,q_두부_04,두부 살 데,식료품 중 '두부'를 판매·제공하는 매장,test,두부,T4 구어·문장,7c03234b-f3d9-445d-9d91-eb7f33451449,옛날식두부,두부,북구빛나는 골목형상점가,골목형상점가,광주광역시,,,
10c552796400b4c6ace4,full_annotation_v1,A,q_두부_04,두부 살 데,식료품 중 '두부'를 판매·제공하는 매장,test,두부,T4 구어·문장,dee3c4de-a2a6-4539-94ff-606f198933a5,두부명가,두부,청양전통시장(구 청양상설시장),전통시장,충청남도,,,
b0637abed64b773a83d1,full_annotation_v1,A,q_두부_04,두부 살 데,식료품 중 '두부'를 판매·제공하는 매장,test,두부,T4 구어·문장,00faf8ae-f86f-4c14-86d8-5a72d4ee0e82,신선식품,두부제조,우리시장,자율상권구역,서울특별시,,,
853b9b3f344a95b425d0,full_annotation_v1,A,q_두부_04,두부 살 데,식료품 중 '두부'를 판매·제공하는 매장,test,두부,T4 구어·문장,3f435949-0508-403d-9d84-e094f2b5e689,철이네 두부,두부,도마큰시장,전통시장,대전광역시,,,
37beb3ab5f1ae3ed35a7,full_annotation_v1,A,q_두부_04,두부 살 데,식료품 중 '두부'를 판매·제공하는 매장,test,두부,T4 구어·문장,6bedd793-4c99-4c2e-af0a-c9c1d6b8c2b9,두부명가,두부,신도꼼지락시장,전통시장,대전광역시,,,
bc26c6d6fed888082c1f,full_annotation_v1,A,q_두부_04,두부 살 데,식료품 중 '두부'를 판매·제공하는 매장,test,두부,T4 구어·문장,7ef83587-1d80-4b9a-9b0c-950b367431be,늘푸른식품,두부,논산화지중앙시장,전통시장,충청남도,,,
d278c1a1bf1c128bb4c0,full_annotation_v1,A,q_두부_04,두부 살 데,식료품 중 '두부'를 판매·제공하는 매장,test,두부,T4 구어·문장,0263f33e-0b98-4058-b3f0-068d677af362,북부자연식품,두부,창동신창시장,전통시장,서울특별시,,,
81b2fdbdd96966ea9b73,full_annotation_v1,A,q_두부_04,두부 살 데,식료품 중 '두부'를 판매·제공하는 매장,test,두부,T4 구어·문장,d9406998-e5bd-456a-a585-174bdbada603,즉석총각두부,두부,천안중앙시장,전통시장,충청남도,,,
4bac7c4dbc8cd7c2d1d9,full_annotation_v1,A,q_두부_04,두부 살 데,식료품 중 '두부'를 판매·제공하는 매장,test,두부,T4 구어·문장,13d8ac39-308a-4a1a-a926-8b9e5d926074,두부명가,두부,화곡중앙시장,전통시장,서울특별시,,,
7e7340d6d8f993dd17e5,full_annotation_v1,A,q_두부_04,두부 살 데,식료품 중 '두부'를 판매·제공하는 매장,test,두부,T4 구어·문장,ecfb17e7-4687-4b83-9cb6-38cffa19b198,두부명가,두부,안양중앙인정시장,전통시장,경기도,,,
cf9992a74734a5109e8d,full_annotation_v1,A,q_두부_04,두부 살 데,식료품 중 '두부'를 판매·제공하는 매장,test,두부,T4 구어·문장,ee6b54a3-321e-401e-8f14-1e9502b7b83f,장수두부,두부,원당시장(구 원당전통시장),전통시장,경기도,,,
9431afcdeacf3a87871a,full_annotation_v1,A,q_두부_04,두부 살 데,식료품 중 '두부'를 판매·제공하는 매장,test,두부,T4 구어·문장,d0740585-92d0-48ff-ad13-e7bdbab24b4a,할배,두부,안양남부시장,전통시장,경기도,,,
41cf365a4c0ba70e0e0a,full_annotation_v1,A,q_두부_04,두부 살 데,식료품 중 '두부'를 판매·제공하는 매장,test,두부,T4 구어·문장,d496b565-6c44-4976-80e8-46db9edea026,돈암손두부,두부,돈암시장,전통시장,서울특별시,,,
b7f0a72b1b8ff18eded4,full_annotation_v1,A,q_두부_04,두부 살 데,식료품 중 '두부'를 판매·제공하는 매장,test,두부,T4 구어·문장,78e96343-cdc9-4ae6-9af0-d7f5f12e223a,두부마을,두부,용남시장,전통시장,인천광역시,,,
da74e60a2d6b624ad118,full_annotation_v1,A,q_두부_04,두부 살 데,식료품 중 '두부'를 판매·제공하는 매장,test,두부,T4 구어·문장,dc90a5aa-bfb2-401f-8728-5f220eed1b9b,두부온,두부,"온양온천시장(온양재래시장, 전통시장)",전통시장,충청남도,,,
5d879ff794c5173a9f93,full_annotation_v1,A,q_두부_04,두부 살 데,식료품 중 '두부'를 판매·제공하는 매장,test,두부,T4 구어·문장,dbd279d8-6c55-4375-a705-a775de3d5977,민속두부,두부,신영시장,전통시장,서울특별시,,,
defc68c53cec2197000b,full_annotation_v1,A,q_두부_04,두부 살 데,식료품 중 '두부'를 판매·제공하는 매장,test,두부,T4 구어·문장,6cf63b7c-3a82-4492-8339-6bc7b5f0ffda,두부명가,두부,반딧불이연무시장,전통시장,경기도,,,
472bf16aa3b8236555f4,full_annotation_v1,A,q_두부_04,두부 살 데,식료품 중 '두부'를 판매·제공하는 매장,test,두부,T4 구어·문장,889e86cd-5516-45c8-b45c-d7eff0b80820,삼례두부,두부,삼례상점가,자율상권구역,전북특별자치도,,,
cb1ac58e6c5c19aaad61,full_annotation_v1,A,q_두부_04,두부 살 데,식료품 중 '두부'를 판매·제공하는 매장,test,두부,T4 구어·문장,88fba420-13ff-41a6-be03-43e06458392f,두부마을,두부,오정시장,전통시장,경기도,,,
f2470daa597eac7f93e1,full_annotation_v1,A,q_두부_04,두부 살 데,식료품 중 '두부'를 판매·제공하는 매장,test,두부,T4 구어·문장,d2f0e99a-e525-496b-b1b2-e4772df0b782,즉석두부,두부,강화풍물시장,전통시장,인천광역시,,,
94a55c83ab76212cceb8,full_annotation_v1,A,q_두부_04,두부 살 데,식료품 중 '두부'를 판매·제공하는 매장,test,두부,T4 구어·문장,35b4ff20-a8f3-498f-9c95-7152a7be0f2c,두부마을,두부,송라시장,전통시장,대구광역시,,,
e9c7a52f72ca9fd877e9,full_annotation_v1,A,q_두부_04,두부 살 데,식료품 중 '두부'를 판매·제공하는 매장,test,두부,T4 구어·문장,4be6685f-7bd0-43f8-bc41-91650a1140f2,두부본가,두부,암사종합시장,전통시장,서울특별시,,,
71129321bb4d715adbcf,full_annotation_v1,A,q_두부_04,두부 살 데,식료품 중 '두부'를 판매·제공하는 매장,test,두부,T4 구어·문장,3009d79e-0209-4dbc-af95-5d03bb6e8099,성일식품,재조업(기타육류가공및저장처리업),장터길 골목형상점가,골목형상점가,경기도,,,
c6cc253f10c51a9a5a83,full_annotation_v1,A,q_두부_04,두부 살 데,식료품 중 '두부'를 판매·제공하는 매장,test,두부,T4 구어·문장,92d2b51c-e659-4c90-83b4-6a6f6ee58952,인생아이,미용업,영천 골목형상점가,골목형상점가,광주광역시,,,
4d2b718e1b7db7b1f7af,full_annotation_v1,A,q_두부_04,두부 살 데,식료품 중 '두부'를 판매·제공하는 매장,test,두부,T4 구어·문장,282b0e8b-051c-49f9-a707-b982df803589,까라벨라 데 오르,스파게티,동명동 카페거리 골목형상점가,골목형상점가,광주광역시,,,
b7b6228d7dfa8724d487,full_annotation_v1,A,q_두부_04,두부 살 데,식료품 중 '두부'를 판매·제공하는 매장,test,두부,T4 구어·문장,3f2161c7-6eef-4ba4-b5d7-efb6ddd8bfe9,한옥맛집,한식,전주동문상점가,자율상권구역,전북특별자치도,,,
9a70ddfb7e42edf64a58,full_annotation_v1,A,q_두부_04,두부 살 데,식료품 중 '두부'를 판매·제공하는 매장,test,두부,T4 구어·문장,6fee5688-d168-49c2-99a3-48ec4c5ef776,온두부,두부,산정상인회 골목형상점가,골목형상점가,,,,
b7b227f5569456b3b9d1,full_annotation_v1,A,q_두부_04,두부 살 데,식료품 중 '두부'를 판매·제공하는 매장,test,두부,T4 구어·문장,06931f6c-326a-4ecd-82c0-e27cb74025b8,이두부야,두부,신정상가시장,전통시장,울산광역시,,,
38cf0c7f775f662bd29e,full_annotation_v1,A,q_두부_04,두부 살 데,식료품 중 '두부'를 판매·제공하는 매장,test,두부,T4 구어·문장,ff645999-5e11-41f5-9848-325dcf5f2be5,건강두부,두부,화서시장,전통시장,경기도,,,
2b131bdb6c4c505b3316,full_annotation_v1,A,q_두부_04,두부 살 데,식료품 중 '두부'를 판매·제공하는 매장,test,두부,T4 구어·문장,43325eb1-36cd-4298-b4a2-0836427fcc29,현풍두부,두부,현풍백년도깨비시장,전통시장,대구광역시,,,
f6d7affeb838be3a0d8e,full_annotation_v1,A,q_두부_04,두부 살 데,식료품 중 '두부'를 판매·제공하는 매장,test,두부,T4 구어·문장,b972b786-a2b9-4195-9aeb-02fa32432917,천안태초두부,두부,천안중앙시장,전통시장,충청남도,,,
06a1d3221879848a151e,full_annotation_v1,A,q_두부_04,두부 살 데,식료품 중 '두부'를 판매·제공하는 매장,test,두부,T4 구어·문장,1eb76174-e588-4401-b98a-1b0dc8f2e7e8,정두부,두부,다정중앙 골목형상점가,골목형상점가,세종특별자치시,,,
1ce48c8e8e4d9457abe4,full_annotation_v1,A,q_두부_04,두부 살 데,식료품 중 '두부'를 판매·제공하는 매장,test,두부,T4 구어·문장,7eb139ff-0b6e-4ad1-8ca7-f469f1e9d623,야베스식품,두부,마산어시장,전통시장,경상남도,,,
95aa1b39320809ed5830,full_annotation_v1,A,q_두부_04,두부 살 데,식료품 중 '두부'를 판매·제공하는 매장,test,두부,T4 구어·문장,a9447a59-e790-45fb-88d8-a0bd5526e787,김기대즉석두부,두부,안강공설시장,전통시장,경상북도,,,
bf270702bc19fb7a63d8,full_annotation_v1,A,q_두부_04,두부 살 데,식료품 중 '두부'를 판매·제공하는 매장,test,두부,T4 구어·문장,5afd4580-feac-4ab2-993a-56dc081a7740,야채백화점,야채,성서와룡시장,전통시장,대구광역시,,,
8c266de278e193502df4,full_annotation_v1,A,q_두부_04,두부 살 데,식료품 중 '두부'를 판매·제공하는 매장,test,두부,T4 구어·문장,6efd8c14-22ec-4c76-85ae-989e12a15443,방가삼대얼큰한뼈해장국,음식업,쇠내울골목형상점가,골목형상점가,충청북도,,,
d84440f9d5f7f85337c1,full_annotation_v1,A,q_두부_04,두부 살 데,식료품 중 '두부'를 판매·제공하는 매장,test,두부,T4 구어·문장,9ffb2b54-6aca-4700-b532-7f276f04769d,두부마을,두부,연희로 골목형상점가,골목형상점가,인천광역시,,,
98ba95c3256ed3ba680a,full_annotation_v1,A,q_두부_04,두부 살 데,식료품 중 '두부'를 판매·제공하는 매장,test,두부,T4 구어·문장,fd80cca6-6e62-4656-8081-6fc5cf937512,두부마을,두부,양평물맑은시장,전통시장,경기도,,,
b8b81a899a6541e661db,full_annotation_v1,A,q_두부_04,두부 살 데,식료품 중 '두부'를 판매·제공하는 매장,test,두부,T4 구어·문장,fc73ba6d-04ef-4c3c-9be0-5a9e2ed51870,두원즉석두부,두부,동대구역전시장,전통시장,대구광역시,,,
478c7990a01ad510d2b4,full_annotation_v1,A,q_두부_04,두부 살 데,식료품 중 '두부'를 판매·제공하는 매장,test,두부,T4 구어·문장,9a69086a-f867-4f7b-9642-3ce91cd878e6,엑스포즉석두부전문점,두부,엑스포코아 골목형상점가,골목형상점가,대전광역시,,,
0e2b3d716e8269464842,full_annotation_v1,A,q_두부_04,두부 살 데,식료품 중 '두부'를 판매·제공하는 매장,test,두부,T4 구어·문장,de3c9cc3-c685-4b25-942d-1c13a060b6ad,초원두부,두부,춘천동부시장,전통시장,강원특별자치도,,,
b645c6296468b20c3f26,full_annotation_v1,A,q_두부_04,두부 살 데,식료품 중 '두부'를 판매·제공하는 매장,test,두부,T4 구어·문장,63ed6194-b5eb-4780-a784-eb60effa1ad4,즉석두부,두부,태평시장,전통시장,대전광역시,,,
74dd6439353c93dc4c7d,full_annotation_v1,A,q_두부_04,두부 살 데,식료품 중 '두부'를 판매·제공하는 매장,test,두부,T4 구어·문장,5bab75de-06b1-4b59-8d9a-7395f4f0e10c,그린두부,두부,강릉성남시장,전통시장,강원특별자치도,,,
9168269cf68ca2a046d8,full_annotation_v1,A,q_두부_04,두부 살 데,식료품 중 '두부'를 판매·제공하는 매장,test,두부,T4 구어·문장,c5febe51-11bf-4ab5-a557-0631a07d495a,거성 즉석 두부,두부,대명시장,전통시장,대구광역시,,,
0f16ee254c8507483e78,full_annotation_v1,A,q_두부_04,두부 살 데,식료품 중 '두부'를 판매·제공하는 매장,test,두부,T4 구어·문장,642ff317-0ea2-4a0d-83d9-76ca98e216f0,두부명가,두부,태평시장,전통시장,대전광역시,,,
39db7077953b6108f5d3,full_annotation_v1,A,q_두부_04,두부 살 데,식료품 중 '두부'를 판매·제공하는 매장,test,두부,T4 구어·문장,cd8a07d9-b273-4264-9915-b9a1c6bc2cd4,토석,두부,대림골목시장,전통시장,서울특별시,,,
4761d8453479caa03199,full_annotation_v1,A,q_두부_04,두부 살 데,식료품 중 '두부'를 판매·제공하는 매장,test,두부,T4 구어·문장,658b63a8-a639-4c3c-97a8-6447f0dbf721,자연식품,두부,광명새마을시장,전통시장,경기도,,,
831441a6c99fc8eb7e95,full_annotation_v1,A,q_두부_04,두부 살 데,식료품 중 '두부'를 판매·제공하는 매장,test,두부,T4 구어·문장,00370e92-787b-44c8-a4cb-e87c3185e811,콩사랑즉석두부,두부,남부시장,전통시장,경상북도,,,
e107243b28b0b41a985d,full_annotation_v1,A,q_두부_04,두부 살 데,식료품 중 '두부'를 판매·제공하는 매장,test,두부,T4 구어·문장,014175c9-602a-451f-adb6-d2ae725ab204,맷돌수제두부(콩사랑순두부),,정자시장,전통시장,경기도,,,
f242ae89b46a98692694,full_annotation_v1,A,q_두부_04,두부 살 데,식료품 중 '두부'를 판매·제공하는 매장,test,두부,T4 구어·문장,f14df4d3-9858-4a8b-8597-20fd477d8e32,갤러리 데 루치아,가구,용인어정가구단지상점가,자율상권구역,경기도,,,
0c052e5bf8a7d956377e,full_annotation_v1,A,q_두부_04,두부 살 데,식료품 중 '두부'를 판매·제공하는 매장,test,두부,T4 구어·문장,67e27844-2489-4075-a913-1286170aa199,박가네두부,두부,새마을시장,전통시장,서울특별시,,,
a83d63247f86cb1f0a83,full_annotation_v1,A,q_두부_04,두부 살 데,식료품 중 '두부'를 판매·제공하는 매장,test,두부,T4 구어·문장,f0bc7d99-f460-4dfc-9344-d6e5986bac5c,해냄식품,두부,고척근린시장,전통시장,서울특별시,,,
e24e6c843914ff8c97cf,full_annotation_v1,A,q_두부_04,두부 살 데,식료품 중 '두부'를 판매·제공하는 매장,test,두부,T4 구어·문장,74cc0e76-45ca-44dd-a68b-36a03d62b1f6,동아식품,두부,엄궁농산물도매시장식품·청과 소매동 골목형상점가,골목형상점가,부산광역시,,,
b6f4bcc8b7648a9f1745,full_annotation_v1,A,q_두부_04,두부 살 데,식료품 중 '두부'를 판매·제공하는 매장,test,두부,T4 구어·문장,05218ab9-95f3-4c7c-bff8-2abd592ab2d6,역전두부,두부,마산역번개시장,전통시장,경상남도,,,
32489ef46f3c12758c33,full_annotation_v1,A,q_두부_04,두부 살 데,식료품 중 '두부'를 판매·제공하는 매장,test,두부,T4 구어·문장,02e6e7b8-1131-401d-b587-fcff8760568b,우영이네,두부,청주북부시장,전통시장,충청북도,,,
502bd9e7e36625688530,full_annotation_v1,A,q_두부_04,두부 살 데,식료품 중 '두부'를 판매·제공하는 매장,test,두부,T4 구어·문장,8d9f259f-286e-45ac-89b6-5e5159692580,식도가두부이야기,두부,강남골목시장 골목형상점가,골목형상점가,서울특별시,,,
77ec760e2b67949a11ac,full_annotation_v1,A,q_두부_04,두부 살 데,식료품 중 '두부'를 판매·제공하는 매장,test,두부,T4 구어·문장,e4d12e66-066b-40d6-844b-d66476ac69ac,이두부야,두부,신곡시장 골목형상점가,골목형상점가,서울특별시,,,
6f87edf4a384892db218,full_annotation_v1,A,q_두부_04,두부 살 데,식료품 중 '두부'를 판매·제공하는 매장,test,두부,T4 구어·문장,3915bdfd-f4f0-43eb-a50d-3b471eb59ed6,미래식품,두부,용산종합큰시장,전통시장,대구광역시,,,
52453e84fc9601abcb23,full_annotation_v1,A,q_두부_04,두부 살 데,식료품 중 '두부'를 판매·제공하는 매장,test,두부,T4 구어·문장,f3c2d3c8-d60e-45b8-8712-e45c5c699309,예전두부,두부,수암상가시장,전통시장,울산광역시,,,
97ccabb2e9c4bce03fc6,full_annotation_v1,A,q_두부_04,두부 살 데,식료품 중 '두부'를 판매·제공하는 매장,test,두부,T4 구어·문장,95755828-5b5b-460c-82de-9bf3f29d86b4,두부명가,두부,달서시장,전통시장,대구광역시,,,
527ad24218fb5f9f958b,full_annotation_v1,A,q_두부_04,두부 살 데,식료품 중 '두부'를 판매·제공하는 매장,test,두부,T4 구어·문장,cf04fcd8-d670-4cfe-bc50-eb4d5e07fa95,거창두부,두부,거창 전통시장,전통시장,경상남도,,,
153d33348ebb6d13c995,full_annotation_v1,A,q_두부_04,두부 살 데,식료품 중 '두부'를 판매·제공하는 매장,test,두부,T4 구어·문장,93560615-659d-4f06-aa10-9c216521e4d1,동양식품,"두부, 두부 제조업",초량전통시장,전통시장,부산광역시,,,
829acfc93ff7a434c47b,full_annotation_v1,A,q_두부_04,두부 살 데,식료품 중 '두부'를 판매·제공하는 매장,test,두부,T4 구어·문장,7be8d4fa-50c1-42a0-ac31-003072575d95,즉석두부,두부,답십리시장,전통시장,서울특별시,,,
49a62790266ef5e9efcf,full_annotation_v1,A,q_두부_04,두부 살 데,식료품 중 '두부'를 판매·제공하는 매장,test,두부,T4 구어·문장,7bd00745-483c-4b96-990f-76261004056b,맛나두부,두부,포항큰동해시장,전통시장,경상북도,,,
eccf3e6c47fdecab3f83,full_annotation_v1,A,q_두부_04,두부 살 데,식료품 중 '두부'를 판매·제공하는 매장,test,두부,T4 구어·문장,c70d3f7a-d167-46a0-b68c-7d143d4efd75,시동부침,한식,홍천중앙시장(홍천신시장),전통시장,강원특별자치도,,,
00f0aa4f9d004cd408a7,full_annotation_v1,A,q_두부_04,두부 살 데,식료품 중 '두부'를 판매·제공하는 매장,test,두부,T4 구어·문장,a505d310-e0a4-4ad8-9263-67554df6e2b7,대경두부,두부,법동시장,전통시장,대전광역시,,,
7640bf3e44b6693cad44,full_annotation_v1,A,q_두부_04,두부 살 데,식료품 중 '두부'를 판매·제공하는 매장,test,두부,T4 구어·문장,a2a3e297-55a0-4584-b2bd-06329b33ed5c,함안식품,두부,함안 가야전통시장,전통시장,경상남도,,,
8aa713c0b8663e05269b,full_annotation_v1,A,q_두부_04,두부 살 데,식료품 중 '두부'를 판매·제공하는 매장,test,두부,T4 구어·문장,62a12baf-b01d-4d68-bede-8ac919bd376a,엄마손두부,두부,한민시장,전통시장,대전광역시,,,
afc6a63a64f7b249a6a4,full_annotation_v1,A,q_두부_04,두부 살 데,식료품 중 '두부'를 판매·제공하는 매장,test,두부,T4 구어·문장,55387abb-7941-4c0b-b4bc-707375b036ce,두부명가,두부,백운시장,전통시장,서울특별시,,,
21ed57580771d7f92380,full_annotation_v1,A,q_두부_04,두부 살 데,식료품 중 '두부'를 판매·제공하는 매장,test,두부,T4 구어·문장,1071888d-762b-4fce-89f3-7e7eff8f19df,광주종합만물,공구잡화,순창시장,전통시장,전북특별자치도,,,
ce11d968985687f1aa58,full_annotation_v1,A,q_두부_04,두부 살 데,식료품 중 '두부'를 판매·제공하는 매장,test,두부,T4 구어·문장,9d3cd1cd-8564-4a09-a24c-8638a77ae510,제이원식품조은두부,두부,칠성시장,전통시장,대구광역시,,,
323bb2dbf2c69e1e1e53,full_annotation_v1,A,q_두부_04,두부 살 데,식료품 중 '두부'를 판매·제공하는 매장,test,두부,T4 구어·문장,d00b323f-d0e1-49e7-9cde-039ccc4b50bc,별난두부,두부,조원동 펭귄시장,전통시장,서울특별시,,,
99abe54686cec1702fc8,full_annotation_v1,A,q_두부_04,두부 살 데,식료품 중 '두부'를 판매·제공하는 매장,test,두부,T4 구어·문장,69a94f8f-2725-4df2-9d1e-cb4628548927,한뚜부,두부,박달시장,전통시장,경기도,,,
3e8f648f7bc78507d2fe,full_annotation_v1,A,q_두부_04,두부 살 데,식료품 중 '두부'를 판매·제공하는 매장,test,두부,T4 구어·문장,881c73c4-20fe-4766-aabd-757a0905779e,지에스25(GS25) 대전대학로점,유제품,용운동 대학로 골목형 상점가,골목형상점가,대전광역시,,,
cfacdda2e35e1a89ed94,full_annotation_v1,A,q_두부_04,두부 살 데,식료품 중 '두부'를 판매·제공하는 매장,test,두부,T4 구어·문장,7ffac89b-6738-49f0-b68e-0999b352d78c,신선두부,두부,도봉산옛길골목형상점가,골목형상점가,서울특별시,,,
4c84c2c35802c63dd993,full_annotation_v1,A,q_두부_04,두부 살 데,식료품 중 '두부'를 판매·제공하는 매장,test,두부,T4 구어·문장,146a7bb3-6b09-4d91-8922-e274636684d4,시올리,생화 조화 커피,송천동1가 골목형상점가,골목형상점가,전북특별자치도,,,
a8049f849d1d7d026206,full_annotation_v1,A,q_두부_04,두부 살 데,식료품 중 '두부'를 판매·제공하는 매장,test,두부,T4 구어·문장,54ad8e52-01fe-4f03-b15a-ecb2ea5f217e,민속두부,두부,까치산시장,전통시장,서울특별시,,,
92ec945ae5d1b9e2fa38,full_annotation_v1,A,q_두부_04,두부 살 데,식료품 중 '두부'를 판매·제공하는 매장,test,두부,T4 구어·문장,d2099912-56df-4070-bd30-d2f43c683207,트라이플랜,소매(악세사리),고투몰(강남터미널지하도상점가),일반지하상점가,서울특별시,,,
39496c568716bde73ebc,full_annotation_v1,A,q_두부_04,두부 살 데,식료품 중 '두부'를 판매·제공하는 매장,test,두부,T4 구어·문장,6de9480c-40e9-4045-988d-d16cf850b6ac,새두부,두부,남부골목시장,전통시장,서울특별시,,,
ff536078df52aab63468,full_annotation_v1,A,q_두부_04,두부 살 데,식료품 중 '두부'를 판매·제공하는 매장,test,두부,T4 구어·문장,f6f7777a-de9b-4f9e-8da6-e523341c3fc5,이두부야,두부,신매시장,전통시장,대구광역시,,,
c1fc832f8ba78b6f7e14,full_annotation_v1,A,q_두부_04,두부 살 데,식료품 중 '두부'를 판매·제공하는 매장,test,두부,T4 구어·문장,77f22c56-68dd-4d77-ac28-12b5003e80bc,두부마을,두부,괴정골목시장,전통시장,부산광역시,,,
6ad977c590afb9007230,full_annotation_v1,A,q_두부_05,두부 파는 곳,식료품 중 '두부'를 판매·제공하는 매장,test,두부,T4 구어·문장,b8a53820-000e-42e0-9ec5-88acbcb09761,천수두부,두부,포항 대이상가 골목형상점가,골목형상점가,경상북도,,,
c6c3ccb4e85e8c79959a,full_annotation_v1,A,q_두부_05,두부 파는 곳,식료품 중 '두부'를 판매·제공하는 매장,test,두부,T4 구어·문장,c08b259e-4b2b-44a6-a15c-b3f43ef9739b,대박떡볶이,"떡볶이, 튀김",구월문화로상점가,골목형상점가,인천광역시,,,
dbebe4c5801fd43c89fb,full_annotation_v1,A,q_두부_05,두부 파는 곳,식료품 중 '두부'를 판매·제공하는 매장,test,두부,T4 구어·문장,d8dac4f2-ae73-4708-8110-6cfb90bc3ce1,봉평산골메밀촌,한식,수락산디자인거리 골목형상점가,골목형상점가,서울특별시,,,
ceaf16c0b739dd6f0786,full_annotation_v1,A,q_두부_05,두부 파는 곳,식료품 중 '두부'를 판매·제공하는 매장,test,두부,T4 구어·문장,966b1f05-5389-4ae2-914c-de81d9f52ff0,경상도,수산물,소래포구전통어시장,전통시장,인천광역시,,,
a325a22bbeefece63361,full_annotation_v1,A,q_두부_05,두부 파는 곳,식료품 중 '두부'를 판매·제공하는 매장,test,두부,T4 구어·문장,4f2775fb-cf32-47c8-8961-01b00e82cf42,짱두부,두부,의왕예술의거리골목형상점가,골목형상점가,경기도,,,
e6d8b6780e7e5f81e180,full_annotation_v1,A,q_두부_05,두부 파는 곳,식료품 중 '두부'를 판매·제공하는 매장,test,두부,T4 구어·문장,e7021342-86e5-4bf1-9caf-7d3f37914a8e,두부명가,두부,전곡전통시장,전통시장,경기도,,,
c86ea6c76c861d518413,full_annotation_v1,A,q_두부_05,두부 파는 곳,식료품 중 '두부'를 판매·제공하는 매장,test,두부,T4 구어·문장,e91de9ad-912c-44d0-b56f-0e4474c6448e,한가람유부김밥,김밥,우산매일시장,전통시장,광주광역시,,,
034b2211cf5ecafd8143,full_annotation_v1,A,q_두부_05,두부 파는 곳,식료품 중 '두부'를 판매·제공하는 매장,test,두부,T4 구어·문장,a505d310-e0a4-4ad8-9263-67554df6e2b7,대경두부,두부,법동시장,전통시장,대전광역시,,,
c1f7e508fa964217b094,full_annotation_v1,A,q_두부_05,두부 파는 곳,식료품 중 '두부'를 판매·제공하는 매장,test,두부,T4 구어·문장,c665caa9-21dd-4f52-9486-ec5163475a3d,두부박사,두부,성남남한산성시장(구 은행골목시장),전통시장,경기도,,,
1fb06031d09344567808,full_annotation_v1,A,q_두부_05,두부 파는 곳,식료품 중 '두부'를 판매·제공하는 매장,test,두부,T4 구어·문장,87714942-4913-4f4e-923c-e3d9a2dd1e1e,황가네손두부짱,두부,남문시장,전통시장,서울특별시,,,
40afe5ff0a7352a9bab4,full_annotation_v1,A,q_두부_05,두부 파는 곳,식료품 중 '두부'를 판매·제공하는 매장,test,두부,T4 구어·문장,d0740585-92d0-48ff-ad13-e7bdbab24b4a,할배,두부,안양남부시장,전통시장,경기도,,,
e6fd6e0ff0522b14d964,full_annotation_v1,A,q_두부_05,두부 파는 곳,식료품 중 '두부'를 판매·제공하는 매장,test,두부,T4 구어·문장,5b8fd172-7032-4e58-88d7-04749f9fb248,두부본가어묵,두부,못골골목시장,전통시장,부산광역시,,,
37a3e0b61cfb2fd44dc1,full_annotation_v1,A,q_두부_05,두부 파는 곳,식료품 중 '두부'를 판매·제공하는 매장,test,두부,T4 구어·문장,67e27844-2489-4075-a913-1286170aa199,박가네두부,두부,새마을시장,전통시장,서울특별시,,,
ee92e74119a26c7e09f9,full_annotation_v1,A,q_두부_05,두부 파는 곳,식료품 중 '두부'를 판매·제공하는 매장,test,두부,T4 구어·문장,cf04fcd8-d670-4cfe-bc50-eb4d5e07fa95,거창두부,두부,거창 전통시장,전통시장,경상남도,,,
6ecd9fde162a5e72163e,full_annotation_v1,A,q_두부_05,두부 파는 곳,식료품 중 '두부'를 판매·제공하는 매장,test,두부,T4 구어·문장,889e86cd-5516-45c8-b45c-d7eff0b80820,삼례두부,두부,삼례상점가,자율상권구역,전북특별자치도,,,
6dd91308fd5c25179a38,full_annotation_v1,A,q_두부_05,두부 파는 곳,식료품 중 '두부'를 판매·제공하는 매장,test,두부,T4 구어·문장,ee6b54a3-321e-401e-8f14-1e9502b7b83f,장수두부,두부,원당시장(구 원당전통시장),전통시장,경기도,,,
783a7c42a4bcedf76c80,full_annotation_v1,A,q_두부_05,두부 파는 곳,식료품 중 '두부'를 판매·제공하는 매장,test,두부,T4 구어·문장,d2f0e99a-e525-496b-b1b2-e4772df0b782,즉석두부,두부,강화풍물시장,전통시장,인천광역시,,,
3b6a37b85eec0f63efe5,full_annotation_v1,A,q_두부_05,두부 파는 곳,식료품 중 '두부'를 판매·제공하는 매장,test,두부,T4 구어·문장,62a12baf-b01d-4d68-bede-8ac919bd376a,엄마손두부,두부,한민시장,전통시장,대전광역시,,,
9000f99364e76f559e39,full_annotation_v1,A,q_두부_05,두부 파는 곳,식료품 중 '두부'를 판매·제공하는 매장,test,두부,T4 구어·문장,ea2221b0-a35b-4e9a-84a4-5293a4c0df7f,광양손두부,두부,광양매일시장(광양상설시장),전통시장,전라남도,,,
ee825dad0bd2e38cf3ac,full_annotation_v1,A,q_두부_05,두부 파는 곳,식료품 중 '두부'를 판매·제공하는 매장,test,두부,T4 구어·문장,69a94f8f-2725-4df2-9d1e-cb4628548927,한뚜부,두부,박달시장,전통시장,경기도,,,
4bac22be0738e79ea72d,full_annotation_v1,A,q_두부_05,두부 파는 곳,식료품 중 '두부'를 판매·제공하는 매장,test,두부,T4 구어·문장,bc2da352-ce00-479d-b46e-2a5d2dd9a547,두부마을,두부,돌곶이시장,전통시장,서울특별시,,,
b069f164f9cc03fe1b71,full_annotation_v1,A,q_두부_05,두부 파는 곳,식료품 중 '두부'를 판매·제공하는 매장,test,두부,T4 구어·문장,f3c2d3c8-d60e-45b8-8712-e45c5c699309,예전두부,두부,수암상가시장,전통시장,울산광역시,,,
b436336990abadfbbdfe,full_annotation_v1,A,q_두부_05,두부 파는 곳,식료품 중 '두부'를 판매·제공하는 매장,test,두부,T4 구어·문장,54bc2379-80a2-4955-811d-58de193d74bf,황보네 튀김,"튀김, 분식",나주목사고을시장,전통시장,전라남도,,,
de1eee05e6a83827f4bc,full_annotation_v1,A,q_두부_05,두부 파는 곳,식료품 중 '두부'를 판매·제공하는 매장,test,두부,T4 구어·문장,61fdbdb7-342d-4efb-996e-7ba6ceafe33d,두부마을,두부,홍천중앙시장(홍천신시장),전통시장,강원특별자치도,,,
3c33fd5e741705d379c0,full_annotation_v1,A,q_두부_05,두부 파는 곳,식료품 중 '두부'를 판매·제공하는 매장,test,두부,T4 구어·문장,fc5d5824-7b6f-48f3-a3e0-62370cfc4f75,김명후다이어트복싱클럽,복싱교육,수락산디자인거리 골목형상점가,골목형상점가,서울특별시,,,
23076756b09b8d0bd983,full_annotation_v1,A,q_두부_05,두부 파는 곳,식료품 중 '두부'를 판매·제공하는 매장,test,두부,T4 구어·문장,642ff317-0ea2-4a0d-83d9-76ca98e216f0,두부명가,두부,태평시장,전통시장,대전광역시,,,
a72dd6be19aca888b80f,full_annotation_v1,A,q_두부_05,두부 파는 곳,식료품 중 '두부'를 판매·제공하는 매장,test,두부,T4 구어·문장,05218ab9-95f3-4c7c-bff8-2abd592ab2d6,역전두부,두부,마산역번개시장,전통시장,경상남도,,,
b742e5d016db4b3b0009,full_annotation_v1,A,q_두부_05,두부 파는 곳,식료품 중 '두부'를 판매·제공하는 매장,test,두부,T4 구어·문장,7be8d4fa-50c1-42a0-ac31-003072575d95,즉석두부,두부,답십리시장,전통시장,서울특별시,,,
50a6d2afa41b6ca92840,full_annotation_v1,A,q_두부_05,두부 파는 곳,식료품 중 '두부'를 판매·제공하는 매장,test,두부,T4 구어·문장,93560615-659d-4f06-aa10-9c216521e4d1,동양식품,"두부, 두부 제조업",초량전통시장,전통시장,부산광역시,,,
f9f3d2745ecc67e9e22d,full_annotation_v1,A,q_두부_05,두부 파는 곳,식료품 중 '두부'를 판매·제공하는 매장,test,두부,T4 구어·문장,9b5b83b3-6b36-4638-baf1-f51711e1df6b,행크 언더,속옷판매,성남중앙지하시장,일반지하상점가,경기도,,,
ba9b561c635984fece2e,full_annotation_v1,A,q_두부_05,두부 파는 곳,식료품 중 '두부'를 판매·제공하는 매장,test,두부,T4 구어·문장,382f5e8c-b8c2-4c78-a33e-c50d0853fc76,경포상회,활어,민락회타운시장,전통시장,부산광역시,,,
b2304682495cc33b7099,full_annotation_v1,A,q_두부_05,두부 파는 곳,식료품 중 '두부'를 판매·제공하는 매장,test,두부,T4 구어·문장,46a5eaab-5ffd-49d9-8537-cf872b932b5e,두부명가,두부,구월시장,전통시장,인천광역시,,,
25aba9ec86fac07591fc,full_annotation_v1,A,q_두부_05,두부 파는 곳,식료품 중 '두부'를 판매·제공하는 매장,test,두부,T4 구어·문장,35b4ff20-a8f3-498f-9c95-7152a7be0f2c,두부마을,두부,송라시장,전통시장,대구광역시,,,
0351b16ca4039a33dd8e,full_annotation_v1,A,q_두부_05,두부 파는 곳,식료품 중 '두부'를 판매·제공하는 매장,test,두부,T4 구어·문장,000cb355-aef1-4aaf-8fb2-cb3f9fd94624,시골즉석두부,두부,신장전통시장,전통시장,경기도,,,
5e2de483be223be8c5bd,full_annotation_v1,A,q_두부_05,두부 파는 곳,식료품 중 '두부'를 판매·제공하는 매장,test,두부,T4 구어·문장,4be6685f-7bd0-43f8-bc41-91650a1140f2,두부본가,두부,암사종합시장,전통시장,서울특별시,,,
146a8d406c6900438270,full_annotation_v1,A,q_두부_05,두부 파는 곳,식료품 중 '두부'를 판매·제공하는 매장,test,두부,T4 구어·문장,6cb0e649-cf8f-4316-b0fc-8165d779ae8b,대림두부,두부,대림중앙시장,전통시장,서울특별시,,,
b06dd69c9c7f49ba7865,full_annotation_v1,A,q_두부_05,두부 파는 곳,식료품 중 '두부'를 판매·제공하는 매장,test,두부,T4 구어·문장,a2a3e297-55a0-4584-b2bd-06329b33ed5c,함안식품,두부,함안 가야전통시장,전통시장,경상남도,,,
62ce16a31b5c5217f040,full_annotation_v1,A,q_두부_05,두부 파는 곳,식료품 중 '두부'를 판매·제공하는 매장,test,두부,T4 구어·문장,24456103-f6b8-46af-8655-82e61d7265d8,커피가 머무르는 곳,커피,반드레길골목형상점가,골목형상점가,서울특별시,,,
4080c6c620f68d02f03e,full_annotation_v1,A,q_두부_05,두부 파는 곳,식료품 중 '두부'를 판매·제공하는 매장,test,두부,T4 구어·문장,c2e0c2ff-cfcc-40de-9009-2ef3859711c0,영두부,두부,고리울동굴시장,전통시장,경기도,,,
4b7971ca910922be3781,full_annotation_v1,A,q_두부_05,두부 파는 곳,식료품 중 '두부'를 판매·제공하는 매장,test,두부,T4 구어·문장,37c10301-f906-4f8b-9247-a4cdceaff6d9,명지마트채소청과물,공산품,명지 누리 골목형상점가,골목형상점가,전라남도,,,
0278614d150c9f026c23,full_annotation_v1,A,q_두부_05,두부 파는 곳,식료품 중 '두부'를 판매·제공하는 매장,test,두부,T4 구어·문장,c111ac9d-3f3a-405c-a8db-4d127ccda9e2,행복이 있는 곳,잡화,제주로얄쇼핑센터,자율상권구역,제주특별자치도,,,
79be2497b42cfaaf323f,full_annotation_v1,A,q_두부_05,두부 파는 곳,식료품 중 '두부'를 판매·제공하는 매장,test,두부,T4 구어·문장,e1b0c297-7a72-457c-a8ff-1f56da8bbb78,오늘은 두부,두부,새호반 골목형상점가,골목형상점가,세종특별자치시,,,
cfb0466c8883a52bc375,full_annotation_v1,A,q_두부_05,두부 파는 곳,식료품 중 '두부'를 판매·제공하는 매장,test,두부,T4 구어·문장,63ed6194-b5eb-4780-a784-eb60effa1ad4,즉석두부,두부,태평시장,전통시장,대전광역시,,,
9b1d5cd9def69d715c70,full_annotation_v1,A,q_두부_05,두부 파는 곳,식료품 중 '두부'를 판매·제공하는 매장,test,두부,T4 구어·문장,ee6bc692-6f30-49cc-b349-b2ace7f9440b,가마솥두부,두부,신장전통시장,전통시장,경기도,,,
32ef9e65f7ecb5a09f3f,full_annotation_v1,A,q_두부_05,두부 파는 곳,식료품 중 '두부'를 판매·제공하는 매장,test,두부,T4 구어·문장,b38dddf3-2c41-4a2e-9b82-a62d39298749,남영손찐빵만두,휴게음식점,비아중앙로 골목형상점가,골목형상점가,광주광역시,,,
d8bf5c469b5510e1e6fc,full_annotation_v1,A,q_두부_05,두부 파는 곳,식료품 중 '두부'를 판매·제공하는 매장,test,두부,T4 구어·문장,f65f746b-bb03-428c-a8eb-2553937eb686,한일상회,기타직물,서문시장2지구 종합상가,전통시장,대구광역시,,,
0f7d020d77c2e25ecda2,full_annotation_v1,A,q_두부_05,두부 파는 곳,식료품 중 '두부'를 판매·제공하는 매장,test,두부,T4 구어·문장,40f7bbd1-bd4c-4cfe-96a8-ea79171063f6,정아식품,두부,중랑동부시장,전통시장,서울특별시,,,
f4d9ee30ca5725f94cfe,full_annotation_v1,A,q_두부_05,두부 파는 곳,식료품 중 '두부'를 판매·제공하는 매장,test,두부,T4 구어·문장,6bedd793-4c99-4c2e-af0a-c9c1d6b8c2b9,두부명가,두부,신도꼼지락시장,전통시장,대전광역시,,,
faf33aba27f21b15bc94,full_annotation_v1,A,q_두부_05,두부 파는 곳,식료품 중 '두부'를 판매·제공하는 매장,test,두부,T4 구어·문장,d9406998-e5bd-456a-a585-174bdbada603,즉석총각두부,두부,천안중앙시장,전통시장,충청남도,,,
ac0e7141c0ad86ddd66a,full_annotation_v1,A,q_두부_05,두부 파는 곳,식료품 중 '두부'를 판매·제공하는 매장,test,두부,T4 구어·문장,dee3c4de-a2a6-4539-94ff-606f198933a5,두부명가,두부,청양전통시장(구 청양상설시장),전통시장,충청남도,,,
5ff2ea4adc33684266b4,full_annotation_v1,A,q_두부_05,두부 파는 곳,식료품 중 '두부'를 판매·제공하는 매장,test,두부,T4 구어·문장,c0289b47-4cd2-4923-ad52-bb7831d71ffd,고고두부,두부,테크노밸리 골목형상점가,골목형상점가,대전광역시,,,
a8cd66c04b20849fff7f,full_annotation_v1,A,q_두부_05,두부 파는 곳,식료품 중 '두부'를 판매·제공하는 매장,test,두부,T4 구어·문장,06931f6c-326a-4ecd-82c0-e27cb74025b8,이두부야,두부,신정상가시장,전통시장,울산광역시,,,
5430b2c6228d6d617892,full_annotation_v1,A,q_두부_05,두부 파는 곳,식료품 중 '두부'를 판매·제공하는 매장,test,두부,T4 구어·문장,ab9c6969-da0a-43e1-be2e-3408a3b83706,서울두부,두부,달서시장,전통시장,대구광역시,,,
4a0bf19789b34af5fafe,full_annotation_v1,A,q_두부_05,두부 파는 곳,식료품 중 '두부'를 판매·제공하는 매장,test,두부,T4 구어·문장,655c4470-96f8-42e5-b9c7-c748a1bb0dae,히어로보드게임카페 천호점,한식,천호로데오거리상점가,자율상권구역,서울특별시,,,
aebdabe7f2e5db6b60ff,full_annotation_v1,A,q_두부_05,두부 파는 곳,식료품 중 '두부'를 판매·제공하는 매장,test,두부,T4 구어·문장,2743811c-5e71-4d2b-aa75-1b0147d44f2d,사우 꽃이 피는 곳,꽃,김포 풍년마을 골목형상점가,골목형상점가,경기도,,,
a3948d7a9b966fc12552,full_annotation_v1,A,q_두부_05,두부 파는 곳,식료품 중 '두부'를 판매·제공하는 매장,test,두부,T4 구어·문장,1a49373a-1a58-4db8-b687-93320bf40ab5,웰빙즉석손두부,두부,인천모래내전통시장,전통시장,인천광역시,,,
a07241e9377aa0c9c750,full_annotation_v1,A,q_두부_05,두부 파는 곳,식료품 중 '두부'를 판매·제공하는 매장,test,두부,T4 구어·문장,658b63a8-a639-4c3c-97a8-6447f0dbf721,자연식품,두부,광명새마을시장,전통시장,경기도,,,
4a80adcbec7e41d56bee,full_annotation_v1,A,q_두부_05,두부 파는 곳,식료품 중 '두부'를 판매·제공하는 매장,test,두부,T4 구어·문장,7bd00745-483c-4b96-990f-76261004056b,맛나두부,두부,포항큰동해시장,전통시장,경상북도,,,
492f2ade4f1375bdd87f,full_annotation_v1,A,q_두부_05,두부 파는 곳,식료품 중 '두부'를 판매·제공하는 매장,test,두부,T4 구어·문장,1c0f2d0e-0a0e-4eeb-8e99-fab5a6f1ab1a,오복손두부,두부,청주육거리종합시장,전통시장,충청북도,,,
0fb33647ab2a46be86ac,full_annotation_v1,A,q_두부_05,두부 파는 곳,식료품 중 '두부'를 판매·제공하는 매장,test,두부,T4 구어·문장,78e96343-cdc9-4ae6-9af0-d7f5f12e223a,두부마을,두부,용남시장,전통시장,인천광역시,,,
fdd577c3f9c438a03bd8,full_annotation_v1,A,q_두부_05,두부 파는 곳,식료품 중 '두부'를 판매·제공하는 매장,test,두부,T4 구어·문장,7ef83587-1d80-4b9a-9b0c-950b367431be,늘푸른식품,두부,논산화지중앙시장,전통시장,충청남도,,,
d5e6a3d2aea00eca826d,full_annotation_v1,A,q_두부_05,두부 파는 곳,식료품 중 '두부'를 판매·제공하는 매장,test,두부,T4 구어·문장,8b10bc5e-2eb8-4158-bde8-275a6f9af44c,하얀두부,두부,옛 경양방죽 골목형상점가,골목형상점가,광주광역시,,,
03ee2173478bb87c17d8,full_annotation_v1,A,q_두부_05,두부 파는 곳,식료품 중 '두부'를 판매·제공하는 매장,test,두부,T4 구어·문장,e449cd7b-a279-465b-8e49-550e12071dae,부부두부,두부,경창시장,전통시장,서울특별시,,,
d8735e237d01c6b1980c,full_annotation_v1,A,q_두부_05,두부 파는 곳,식료품 중 '두부'를 판매·제공하는 매장,test,두부,T4 구어·문장,88fba420-13ff-41a6-be03-43e06458392f,두부마을,두부,오정시장,전통시장,경기도,,,
f59db4126c06f534fc34,full_annotation_v1,A,q_두부_05,두부 파는 곳,식료품 중 '두부'를 판매·제공하는 매장,test,두부,T4 구어·문장,76a3551b-dae4-4326-92cc-662015aedbfb,쉴 곳,한식,칠성로상점가,자율상권구역,제주특별자치도,,,
d1f7363bb364ee42b52c,full_annotation_v1,A,q_두부_05,두부 파는 곳,식료품 중 '두부'를 판매·제공하는 매장,test,두부,T4 구어·문장,00a74c3c-6931-4363-8806-0c064d828485,옛맷돌생즉석두부,두부,성정시장(구 성정5단지시장),전통시장,충청남도,,,
27ecf4924c796bd5c1f3,full_annotation_v1,A,q_두부_05,두부 파는 곳,식료품 중 '두부'를 판매·제공하는 매장,test,두부,T4 구어·문장,3b80a003-4257-4cc1-b39b-11ed041edf74,여포두부,두부,통영중앙전통시장,전통시장,경상남도,,,
a928bd7a815ea991fada,full_annotation_v1,A,q_두부_05,두부 파는 곳,식료품 중 '두부'를 판매·제공하는 매장,test,두부,T4 구어·문장,00faf8ae-f86f-4c14-86d8-5a72d4ee0e82,신선식품,두부제조,우리시장,자율상권구역,서울특별시,,,
78cb71d31d117a2362bc,full_annotation_v1,A,q_두부_05,두부 파는 곳,식료품 중 '두부'를 판매·제공하는 매장,test,두부,T4 구어·문장,d43529bb-5a2c-474a-8cae-a2101fae1d42,백세두부,두부,대해불빛시장(대해종합시장),전통시장,경상북도,,,
6079b697c4c9f494728f,full_annotation_v1,A,q_두부_05,두부 파는 곳,식료품 중 '두부'를 판매·제공하는 매장,test,두부,T4 구어·문장,cd8a07d9-b273-4264-9915-b9a1c6bc2cd4,토석,두부,대림골목시장,전통시장,서울특별시,,,
1c42c0e492af1c6bdd74,full_annotation_v1,A,q_두부_05,두부 파는 곳,식료품 중 '두부'를 판매·제공하는 매장,test,두부,T4 구어·문장,9ffb2b54-6aca-4700-b532-7f276f04769d,두부마을,두부,연희로 골목형상점가,골목형상점가,인천광역시,,,
9f7726246a23e9f65eec,full_annotation_v1,A,q_두부_05,두부 파는 곳,식료품 중 '두부'를 판매·제공하는 매장,test,두부,T4 구어·문장,efe1e70a-8051-4699-bbca-169b0408595c,두부한모,두부,봉일천전통시장,전통시장,경기도,,,
a60c5d0bf92033ea85de,full_annotation_v1,A,q_두부_05,두부 파는 곳,식료품 중 '두부'를 판매·제공하는 매장,test,두부,T4 구어·문장,00370e92-787b-44c8-a4cb-e87c3185e811,콩사랑즉석두부,두부,남부시장,전통시장,경상북도,,,
034f337039fe156f1993,full_annotation_v1,A,q_두부_05,두부 파는 곳,식료품 중 '두부'를 판매·제공하는 매장,test,두부,T4 구어·문장,43325eb1-36cd-4298-b4a2-0836427fcc29,현풍두부,두부,현풍백년도깨비시장,전통시장,대구광역시,,,
31096e4c0a4dcbde9daa,full_annotation_v1,A,q_두부_05,두부 파는 곳,식료품 중 '두부'를 판매·제공하는 매장,test,두부,T4 구어·문장,c161453d-f2c8-4b97-a2c3-a54e0cbdb7e8,생활용품 싸게 파는 집,잡화,안성중앙시장,전통시장,경기도,,,
0261cfd04e46677bc867,full_annotation_v1,A,q_두부_05,두부 파는 곳,식료품 중 '두부'를 판매·제공하는 매장,test,두부,T4 구어·문장,ace9f7c2-03ed-455e-b0ab-bb0269a23edd,하나로원두부,두부,안강공설시장,전통시장,경상북도,,,
2136db5fd3833f467515,full_annotation_v1,A,q_두부_05,두부 파는 곳,식료품 중 '두부'를 판매·제공하는 매장,test,두부,T4 구어·문장,d7ca083a-7790-4edc-8a5c-194f7c5da3fc,두부명가,두부,사직거인 골목형상점가,골목형상점가,부산광역시,,,
b162f828b4e441e2a975,full_annotation_v1,A,q_두부_05,두부 파는 곳,식료품 중 '두부'를 판매·제공하는 매장,test,두부,T4 구어·문장,f6f7777a-de9b-4f9e-8da6-e523341c3fc5,이두부야,두부,신매시장,전통시장,대구광역시,,,
77194570bc73b6ef0d53,full_annotation_v1,A,q_두부_05,두부 파는 곳,식료품 중 '두부'를 판매·제공하는 매장,test,두부,T4 구어·문장,b550211d-159f-43f9-9bdd-d104aae9524e,비엔나미용실,미용실,용인중앙시장,전통시장,경기도,,,
dca7ae345b3e05902e8e,full_annotation_v1,A,q_두부_05,두부 파는 곳,식료품 중 '두부'를 판매·제공하는 매장,test,두부,T4 구어·문장,f0bc7d99-f460-4dfc-9344-d6e5986bac5c,해냄식품,두부,고척근린시장,전통시장,서울특별시,,,
da9011676d07557e7f52,full_annotation_v1,A,q_두부_05,두부 파는 곳,식료품 중 '두부'를 판매·제공하는 매장,test,두부,T4 구어·문장,77f22c56-68dd-4d77-ac28-12b5003e80bc,두부마을,두부,괴정골목시장,전통시장,부산광역시,,,
90091e7db23d118b419a,full_annotation_v1,A,q_두부_05,두부 파는 곳,식료품 중 '두부'를 판매·제공하는 매장,test,두부,T4 구어·문장,481fc4e7-045b-4fb3-bf0c-eba04e887be9,두붓집,두부,자양15번가골목형상점가,골목형상점가,서울특별시,,,
a31c06ff253508e6c2f7,full_annotation_v1,A,q_두부_05,두부 파는 곳,식료품 중 '두부'를 판매·제공하는 매장,test,두부,T4 구어·문장,dc90a5aa-bfb2-401f-8728-5f220eed1b9b,두부온,두부,"온양온천시장(온양재래시장, 전통시장)",전통시장,충청남도,,,
78784b1940b1d5b4d40b,full_annotation_v1,A,q_두부_05,두부 파는 곳,식료품 중 '두부'를 판매·제공하는 매장,test,두부,T4 구어·문장,13d8ac39-308a-4a1a-a926-8b9e5d926074,두부명가,두부,화곡중앙시장,전통시장,서울특별시,,,
4e6d82c9d528bce2db7c,full_annotation_v1,A,q_두부_05,두부 파는 곳,식료품 중 '두부'를 판매·제공하는 매장,test,두부,T4 구어·문장,b972b786-a2b9-4195-9aeb-02fa32432917,천안태초두부,두부,천안중앙시장,전통시장,충청남도,,,
4aade98e0d193d1ea23d,full_annotation_v1,A,q_두부_05,두부 파는 곳,식료품 중 '두부'를 판매·제공하는 매장,test,두부,T4 구어·문장,c5febe51-11bf-4ab5-a557-0631a07d495a,거성 즉석 두부,두부,대명시장,전통시장,대구광역시,,,
9a3c9ab20fad811705ec,full_annotation_v1,A,q_두부_05,두부 파는 곳,식료품 중 '두부'를 판매·제공하는 매장,test,두부,T4 구어·문장,9d3cd1cd-8564-4a09-a24c-8638a77ae510,제이원식품조은두부,두부,칠성시장,전통시장,대구광역시,,,
708154f0af427ba42582,full_annotation_v1,A,q_두부_05,두부 파는 곳,식료품 중 '두부'를 판매·제공하는 매장,test,두부,T4 구어·문장,e1635a72-30eb-42ca-b87d-ef73d2c64220,두부명가,두부,청주육거리종합시장,전통시장,충청북도,,,
0964efd68c9a767c5444,full_annotation_v1,A,q_두부_05,두부 파는 곳,식료품 중 '두부'를 판매·제공하는 매장,test,두부,T4 구어·문장,5bab75de-06b1-4b59-8d9a-7395f4f0e10c,그린두부,두부,강릉성남시장,전통시장,강원특별자치도,,,
9cbbd49b08b852178e09,full_annotation_v1,A,q_두부_05,두부 파는 곳,식료품 중 '두부'를 판매·제공하는 매장,test,두부,T4 구어·문장,0263f33e-0b98-4058-b3f0-068d677af362,북부자연식품,두부,창동신창시장,전통시장,서울특별시,,,
2921f0e719b5ae27cc94,full_annotation_v1,A,q_두부_05,두부 파는 곳,식료품 중 '두부'를 판매·제공하는 매장,test,두부,T4 구어·문장,1eb76174-e588-4401-b98a-1b0dc8f2e7e8,정두부,두부,다정중앙 골목형상점가,골목형상점가,세종특별자치시,,,
39e5c8160637c19bfbe3,full_annotation_v1,A,q_두부_05,두부 파는 곳,식료품 중 '두부'를 판매·제공하는 매장,test,두부,T4 구어·문장,95755828-5b5b-460c-82de-9bf3f29d86b4,두부명가,두부,달서시장,전통시장,대구광역시,,,
62a437fe2c2bafba8a11,full_annotation_v1,A,q_두부_05,두부 파는 곳,식료품 중 '두부'를 판매·제공하는 매장,test,두부,T4 구어·문장,e3ffe4e4-0ffc-43e8-8e8c-deb57fb6de6c,"두부,부부(즉석콩두부제작소)",두부,다운장 골목형상점가,골목형상점가,울산광역시,,,
20ed4ecf5e1113fa0920,full_annotation_v1,A,q_두부_05,두부 파는 곳,식료품 중 '두부'를 판매·제공하는 매장,test,두부,T4 구어·문장,89181375-c57b-4535-a442-b1a101db2ed7,향원두부,두부,부천자유시장,전통시장,경기도,,,
638958a842bfe352b61c,full_annotation_v1,A,q_두부_05,두부 파는 곳,식료품 중 '두부'를 판매·제공하는 매장,test,두부,T4 구어·문장,fd80cca6-6e62-4656-8081-6fc5cf937512,두부마을,두부,양평물맑은시장,전통시장,경기도,,,
cd5facabe2a6792378ac,full_annotation_v1,A,q_두부_05,두부 파는 곳,식료품 중 '두부'를 판매·제공하는 매장,test,두부,T4 구어·문장,c5488f43-70ab-4eba-a090-8718741003ee,형제식품,두부,양동경열로시장,전통시장,,,,
1c9749a13c23779daa25,full_annotation_v1,A,q_두부_05,두부 파는 곳,식료품 중 '두부'를 판매·제공하는 매장,test,두부,T4 구어·문장,7eb139ff-0b6e-4ad1-8ca7-f469f1e9d623,야베스식품,두부,마산어시장,전통시장,경상남도,,,
1034dd1bbe1dd06849bf,full_annotation_v1,A,q_두부_05,두부 파는 곳,식료품 중 '두부'를 판매·제공하는 매장,test,두부,T4 구어·문장,4eee54c6-ec82-4ced-a439-ed472c8da4a7,이두부야,두부,천상천 골목형상점가,골목형상점가,울산광역시,,,
fccac20f8c669c544b34,full_annotation_v1,A,q_두부_05,두부 파는 곳,식료품 중 '두부'를 판매·제공하는 매장,test,두부,T4 구어·문장,9a156239-df2b-4f2c-b570-94e63712a53c,두부마을,두부,용남시장,전통시장,인천광역시,,,
0c185db50d1f1c83023f,full_annotation_v1,A,q_두부_05,두부 파는 곳,식료품 중 '두부'를 판매·제공하는 매장,test,두부,T4 구어·문장,02e6e7b8-1131-401d-b587-fcff8760568b,우영이네,두부,청주북부시장,전통시장,충청북도,,,
35ce4885bda11f85895c,full_annotation_v1,A,q_두부_05,두부 파는 곳,식료품 중 '두부'를 판매·제공하는 매장,test,두부,T4 구어·문장,54ad8e52-01fe-4f03-b15a-ecb2ea5f217e,민속두부,두부,까치산시장,전통시장,서울특별시,,,
194358b9f2c7d364c049,full_annotation_v1,A,q_두부_05,두부 파는 곳,식료품 중 '두부'를 판매·제공하는 매장,test,두부,T4 구어·문장,efa2a2c3-e5d8-4365-b5cb-d01ec992be70,두부명가,두부,오천시장,전통시장,경상북도,,,
58b7ba00890564e3218f,full_annotation_v1,A,q_두부_05,두부 파는 곳,식료품 중 '두부'를 판매·제공하는 매장,test,두부,T4 구어·문장,3f435949-0508-403d-9d84-e094f2b5e689,철이네 두부,두부,도마큰시장,전통시장,대전광역시,,,
dde2b23d71ee6f61109a,full_annotation_v1,A,q_두부_05,두부 파는 곳,식료품 중 '두부'를 판매·제공하는 매장,test,두부,T4 구어·문장,f42cc7b0-44ac-4ff0-947f-eddfc14e47e7,만덕두부,두부,만덕2동제일상가시장,전통시장,부산광역시,,,
d8e54da1e61d2e80919a,full_annotation_v1,A,q_두부_05,두부 파는 곳,식료품 중 '두부'를 판매·제공하는 매장,test,두부,T4 구어·문장,dfb1ae5c-d025-4978-b09d-b911ce8cbb1d,두부마을,두부,방이시장,전통시장,서울특별시,,,
31b990b2ca609bf8524b,full_annotation_v1,A,q_두부_05,두부 파는 곳,식료품 중 '두부'를 판매·제공하는 매장,test,두부,T4 구어·문장,d00b323f-d0e1-49e7-9cde-039ccc4b50bc,별난두부,두부,조원동 펭귄시장,전통시장,서울특별시,,,
9bf8b0f56ef6a0b95cdb,full_annotation_v1,A,q_두부_05,두부 파는 곳,식료품 중 '두부'를 판매·제공하는 매장,test,두부,T4 구어·문장,df151aff-f1e7-45a4-85bd-fa576b442391,콩심이 두부,두부,벌교매일시장,전통시장,전라남도,,,
df49047796d2423021d4,full_annotation_v1,A,q_두부_05,두부 파는 곳,식료품 중 '두부'를 판매·제공하는 매장,test,두부,T4 구어·문장,63eaad17-e700-4b0b-8b9b-1eb5cb9ba6c7,즉석두부,두부,금산금빛시장(금산시장),전통시장,충청남도,,,
d4c4e59a9156d0f01333,full_annotation_v1,A,q_두부_05,두부 파는 곳,식료품 중 '두부'를 판매·제공하는 매장,test,두부,T4 구어·문장,6d1655ac-07ac-43ca-8741-c0fdcee6ac06,한수뜨게방,침구수예점,원주자유시장,전통시장,강원특별자치도,,,
0271aa87cdbaf66a095e,full_annotation_v1,A,q_두부_05,두부 파는 곳,식료품 중 '두부'를 판매·제공하는 매장,test,두부,T4 구어·문장,ecfb17e7-4687-4b83-9cb6-38cffa19b198,두부명가,두부,안양중앙인정시장,전통시장,경기도,,,
a1b73276c4d50974eb5c,full_annotation_v1,A,q_두부_05,두부 파는 곳,식료품 중 '두부'를 판매·제공하는 매장,test,두부,T4 구어·문장,d496b565-6c44-4976-80e8-46db9edea026,돈암손두부,두부,돈암시장,전통시장,서울특별시,,,
6aeac42cdbe2c6e63bdb,full_annotation_v1,A,q_두부_05,두부 파는 곳,식료품 중 '두부'를 판매·제공하는 매장,test,두부,T4 구어·문장,387fb7e3-2efc-46c6-950b-8eef58c37bf1,두부마을,두부,전곡로데오거리골목형상점가,골목형상점가,경기도,,,
8382c63361e7c5ae3ce5,full_annotation_v1,A,q_두부_05,두부 파는 곳,식료품 중 '두부'를 판매·제공하는 매장,test,두부,T4 구어·문장,a9447a59-e790-45fb-88d8-a0bd5526e787,김기대즉석두부,두부,안강공설시장,전통시장,경상북도,,,
7ccf681c58eef04ccd63,full_annotation_v1,A,q_두부_05,두부 파는 곳,식료품 중 '두부'를 판매·제공하는 매장,test,두부,T4 구어·문장,dbd279d8-6c55-4375-a705-a775de3d5977,민속두부,두부,신영시장,전통시장,서울특별시,,,
ff95696b5b1b59f2f716,full_annotation_v1,A,q_두부_05,두부 파는 곳,식료품 중 '두부'를 판매·제공하는 매장,test,두부,T4 구어·문장,0c74cbc7-64c4-478e-94be-833dcea62d5a,충남식품,두부,계양산전통시장,전통시장,인천광역시,,,
9b5fa612a54ee28185d9,full_annotation_v1,A,q_두부_05,두부 파는 곳,식료품 중 '두부'를 판매·제공하는 매장,test,두부,T4 구어·문장,de3c9cc3-c685-4b25-942d-1c13a060b6ad,초원두부,두부,춘천동부시장,전통시장,강원특별자치도,,,
ea9a9302c928f3c1123c,full_annotation_v1,A,q_두부_05,두부 파는 곳,식료품 중 '두부'를 판매·제공하는 매장,test,두부,T4 구어·문장,6cf63b7c-3a82-4492-8339-6bc7b5f0ffda,두부명가,두부,반딧불이연무시장,전통시장,경기도,,,
303ad346dd8f3b1170b3,full_annotation_v1,A,q_두부_05,두부 파는 곳,식료품 중 '두부'를 판매·제공하는 매장,test,두부,T4 구어·문장,ff645999-5e11-41f5-9848-325dcf5f2be5,건강두부,두부,화서시장,전통시장,경기도,,,
c5817d3fd303c5a05266,full_annotation_v1,A,q_두부_05,두부 파는 곳,식료품 중 '두부'를 판매·제공하는 매장,test,두부,T4 구어·문장,f1fa5c62-1d76-4d44-a8f0-cb7ed091df33,춘하추동즉석두부,두부,광양5일시장,전통시장,전라남도,,,
78f499e8b87b39e139d6,full_annotation_v1,A,q_두부_05,두부 파는 곳,식료품 중 '두부'를 판매·제공하는 매장,test,두부,T4 구어·문장,6de9480c-40e9-4045-988d-d16cf850b6ac,새두부,두부,남부골목시장,전통시장,서울특별시,,,
149f4c61f57ad62c7b4e,full_annotation_v1,A,q_두부_05,두부 파는 곳,식료품 중 '두부'를 판매·제공하는 매장,test,두부,T4 구어·문장,014175c9-602a-451f-adb6-d2ae725ab204,맷돌수제두부(콩사랑순두부),,정자시장,전통시장,경기도,,,
6e2b621db9b841c4b924,full_annotation_v1,A,q_두부_05,두부 파는 곳,식료품 중 '두부'를 판매·제공하는 매장,test,두부,T4 구어·문장,3932c08d-bc28-4905-b70a-5db2d8dd03a3,두영식품,두부,비단길현대시장,전통시장,서울특별시,,,
8da7215b3d2ffb5997e6,full_annotation_v1,A,q_두부_05,두부 파는 곳,식료품 중 '두부'를 판매·제공하는 매장,test,두부,T4 구어·문장,56518e37-15c9-4e7e-8e85-2f02143fac88,옛날두부,두부,온천인정시장,전통시장,부산광역시,,,
a261db47aaab17abe2ee,full_annotation_v1,A,q_두부_05,두부 파는 곳,식료품 중 '두부'를 판매·제공하는 매장,test,두부,T4 구어·문장,7c03234b-f3d9-445d-9d91-eb7f33451449,옛날식두부,두부,북구빛나는 골목형상점가,골목형상점가,광주광역시,,,
968a20ea7986fad79c2f,full_annotation_v1,A,q_두부_05,두부 파는 곳,식료품 중 '두부'를 판매·제공하는 매장,test,두부,T4 구어·문장,6fee5688-d168-49c2-99a3-48ec4c5ef776,온두부,두부,산정상인회 골목형상점가,골목형상점가,,,,
1cce124d411bac361a26,full_annotation_v1,A,q_두부_05,두부 파는 곳,식료품 중 '두부'를 판매·제공하는 매장,test,두부,T4 구어·문장,7ffac89b-6738-49f0-b68e-0999b352d78c,신선두부,두부,도봉산옛길골목형상점가,골목형상점가,서울특별시,,,
115a4bbf8275d53c03ca,full_annotation_v1,A,q_두부_05,두부 파는 곳,식료품 중 '두부'를 판매·제공하는 매장,test,두부,T4 구어·문장,360ef1af-8a15-4a67-bffc-842ae5315a8f,육류천왕,축산물,명지 누리 골목형상점가,골목형상점가,전라남도,,,
b6ad370a4aa2dc60cc8c,full_annotation_v1,A,q_두부_05,두부 파는 곳,식료품 중 '두부'를 판매·제공하는 매장,test,두부,T4 구어·문장,dfdf037d-4ea0-469e-91d8-b7b0dfad7d7e,즉석총각두부,두부,"온양온천시장(온양재래시장, 전통시장)",전통시장,충청남도,,,
0a200e0d0d25936b2ba2,full_annotation_v1,A,q_두부_05,두부 파는 곳,식료품 중 '두부'를 판매·제공하는 매장,test,두부,T4 구어·문장,4f580439-e2db-485c-ae7f-18d9ee41a805,부자두부,두부,신평리시장,전통시장,대구광역시,,,
117bfaf152dfdd277122,full_annotation_v1,A,q_두부_05,두부 파는 곳,식료품 중 '두부'를 판매·제공하는 매장,test,두부,T4 구어·문장,48c18f21-b957-4444-acb6-a7f1a7bd7eb2,안동문어,,중앙신시장,전통시장,경상북도,,,
bd289a5f32e0b0aafed2,full_annotation_v1,A,q_두부_05,두부 파는 곳,식료품 중 '두부'를 판매·제공하는 매장,test,두부,T4 구어·문장,55387abb-7941-4c0b-b4bc-707375b036ce,두부명가,두부,백운시장,전통시장,서울특별시,,,
8c3d335e9737b9c4f02b,full_annotation_v1,A,q_두부_06,수제 두부,식료품 중 '두부'를 판매·제공하는 매장,test,두부,T4 구어·문장,46a5eaab-5ffd-49d9-8537-cf872b932b5e,두부명가,두부,구월시장,전통시장,인천광역시,,,
9c286dccf4d6ebd626f9,full_annotation_v1,A,q_두부_06,수제 두부,식료품 중 '두부'를 판매·제공하는 매장,test,두부,T4 구어·문장,e3ffe4e4-0ffc-43e8-8e8c-deb57fb6de6c,"두부,부부(즉석콩두부제작소)",두부,다운장 골목형상점가,골목형상점가,울산광역시,,,
33163df8d807e58d56ce,full_annotation_v1,A,q_두부_06,수제 두부,식료품 중 '두부'를 판매·제공하는 매장,test,두부,T4 구어·문장,cd8a07d9-b273-4264-9915-b9a1c6bc2cd4,토석,두부,대림골목시장,전통시장,서울특별시,,,
22175942068bf87f8c22,full_annotation_v1,A,q_두부_06,수제 두부,식료품 중 '두부'를 판매·제공하는 매장,test,두부,T4 구어·문장,5bab75de-06b1-4b59-8d9a-7395f4f0e10c,그린두부,두부,강릉성남시장,전통시장,강원특별자치도,,,
02f80be5351f1fa1cb43,full_annotation_v1,A,q_두부_06,수제 두부,식료품 중 '두부'를 판매·제공하는 매장,test,두부,T4 구어·문장,d496b565-6c44-4976-80e8-46db9edea026,돈암손두부,두부,돈암시장,전통시장,서울특별시,,,
57673dcd32c473dc2c6a,full_annotation_v1,A,q_두부_06,수제 두부,식료품 중 '두부'를 판매·제공하는 매장,test,두부,T4 구어·문장,c5febe51-11bf-4ab5-a557-0631a07d495a,거성 즉석 두부,두부,대명시장,전통시장,대구광역시,,,
f2bcecb3224b864ddd48,full_annotation_v1,A,q_두부_06,수제 두부,식료품 중 '두부'를 판매·제공하는 매장,test,두부,T4 구어·문장,ff15ad52-6d37-4d61-a879-bbfe5d03e6e2,담양델리,수제 소시지,담양시장,전통시장,전라남도,,,
107e91a75c5f0201249d,full_annotation_v1,A,q_두부_06,수제 두부,식료품 중 '두부'를 판매·제공하는 매장,test,두부,T4 구어·문장,f1fa5c62-1d76-4d44-a8f0-cb7ed091df33,춘하추동즉석두부,두부,광양5일시장,전통시장,전라남도,,,
df9745fd1021714f78b6,full_annotation_v1,A,q_두부_06,수제 두부,식료품 중 '두부'를 판매·제공하는 매장,test,두부,T4 구어·문장,88fba420-13ff-41a6-be03-43e06458392f,두부마을,두부,오정시장,전통시장,경기도,,,
f6defcd25c9c9981ffa4,full_annotation_v1,A,q_두부_06,수제 두부,식료품 중 '두부'를 판매·제공하는 매장,test,두부,T4 구어·문장,f3c2d3c8-d60e-45b8-8712-e45c5c699309,예전두부,두부,수암상가시장,전통시장,울산광역시,,,
a6d95aa416c6e3f17c11,full_annotation_v1,A,q_두부_06,수제 두부,식료품 중 '두부'를 판매·제공하는 매장,test,두부,T4 구어·문장,e1b0c297-7a72-457c-a8ff-1f56da8bbb78,오늘은 두부,두부,새호반 골목형상점가,골목형상점가,세종특별자치시,,,
75916b6370116fd56000,full_annotation_v1,A,q_두부_06,수제 두부,식료품 중 '두부'를 판매·제공하는 매장,test,두부,T4 구어·문장,8b10bc5e-2eb8-4158-bde8-275a6f9af44c,하얀두부,두부,옛 경양방죽 골목형상점가,골목형상점가,광주광역시,,,
3a63a3d8c49d06c6668c,full_annotation_v1,A,q_두부_06,수제 두부,식료품 중 '두부'를 판매·제공하는 매장,test,두부,T4 구어·문장,3b80a003-4257-4cc1-b39b-11ed041edf74,여포두부,두부,통영중앙전통시장,전통시장,경상남도,,,
37e681e6bd5050ca2662,full_annotation_v1,A,q_두부_06,수제 두부,식료품 중 '두부'를 판매·제공하는 매장,test,두부,T4 구어·문장,3f435949-0508-403d-9d84-e094f2b5e689,철이네 두부,두부,도마큰시장,전통시장,대전광역시,,,
84690a7749412f423ebe,full_annotation_v1,A,q_두부_06,수제 두부,식료품 중 '두부'를 판매·제공하는 매장,test,두부,T4 구어·문장,92a31210-d978-4fad-8609-62a3e14069f1,일광사,원단,원주미로예술중앙시장(원주중앙시장),전통시장,강원특별자치도,,,
a15838efc6f7300acfab,full_annotation_v1,A,q_두부_06,수제 두부,식료품 중 '두부'를 판매·제공하는 매장,test,두부,T4 구어·문장,00a74c3c-6931-4363-8806-0c064d828485,옛맷돌생즉석두부,두부,성정시장(구 성정5단지시장),전통시장,충청남도,,,
b12de6600069e1243b66,full_annotation_v1,A,q_두부_06,수제 두부,식료품 중 '두부'를 판매·제공하는 매장,test,두부,T4 구어·문장,c4b54bec-cd71-4e81-9a75-a40070a600be,맷돌 수제 두부,콩나물 야채,북수원시장( 구 파장시장),전통시장,경기도,,,
61c2cbc8e2a3dbea35b9,full_annotation_v1,A,q_두부_06,수제 두부,식료품 중 '두부'를 판매·제공하는 매장,test,두부,T4 구어·문장,08f0fb92-772e-4cc1-9e63-3c34a25c53ed,야키토리잔잔 수유점,수제 숯불꼬치,수유역골목형상점가,골목형상점가,서울특별시,,,
eeb352ecae06c9c2bee9,full_annotation_v1,A,q_두부_06,수제 두부,식료품 중 '두부'를 판매·제공하는 매장,test,두부,T4 구어·문장,78e96343-cdc9-4ae6-9af0-d7f5f12e223a,두부마을,두부,용남시장,전통시장,인천광역시,,,
774d5f408451f1c363c7,full_annotation_v1,A,q_두부_06,수제 두부,식료품 중 '두부'를 판매·제공하는 매장,test,두부,T4 구어·문장,dbd279d8-6c55-4375-a705-a775de3d5977,민속두부,두부,신영시장,전통시장,서울특별시,,,
31b0a0ac3277efbc7671,full_annotation_v1,A,q_두부_06,수제 두부,식료품 중 '두부'를 판매·제공하는 매장,test,두부,T4 구어·문장,6ab36040-93ce-47d6-b4a5-9bd91ff813d5,우리금방,귀금속,구리전통시장,전통시장,경기도,,,
1bfc18780c6d51defdb7,full_annotation_v1,A,q_두부_06,수제 두부,식료품 중 '두부'를 판매·제공하는 매장,test,두부,T4 구어·문장,7cb98b06-e749-476a-aefe-d93b53ada736,진남손두부,두부,여수진남시장,전통시장,전라남도,,,
a1f943a56d7f3c02464d,full_annotation_v1,A,q_두부_06,수제 두부,식료품 중 '두부'를 판매·제공하는 매장,test,두부,T4 구어·문장,40f7bbd1-bd4c-4cfe-96a8-ea79171063f6,정아식품,두부,중랑동부시장,전통시장,서울특별시,,,
8d50713be1c402fd26f4,full_annotation_v1,A,q_두부_06,수제 두부,식료품 중 '두부'를 판매·제공하는 매장,test,두부,T4 구어·문장,d7ca083a-7790-4edc-8a5c-194f7c5da3fc,두부명가,두부,사직거인 골목형상점가,골목형상점가,부산광역시,,,
08280585bbf2c7218c3d,full_annotation_v1,A,q_두부_06,수제 두부,식료품 중 '두부'를 판매·제공하는 매장,test,두부,T4 구어·문장,1a49373a-1a58-4db8-b687-93320bf40ab5,웰빙즉석손두부,두부,인천모래내전통시장,전통시장,인천광역시,,,
259e0f410f16c04b7199,full_annotation_v1,A,q_두부_06,수제 두부,식료품 중 '두부'를 판매·제공하는 매장,test,두부,T4 구어·문장,f42cc7b0-44ac-4ff0-947f-eddfc14e47e7,만덕두부,두부,만덕2동제일상가시장,전통시장,부산광역시,,,
d548bdfed699b8de6c3a,full_annotation_v1,A,q_두부_06,수제 두부,식료품 중 '두부'를 판매·제공하는 매장,test,두부,T4 구어·문장,c72219ce-9e68-410d-bd7f-60673382237a,화이트리에 영종하늘도시점,식빵 및 수제 잼,조양타워골목형상점가,골목형상점가,인천광역시,,,
fe6417d1995a28f8bfa7,full_annotation_v1,A,q_두부_06,수제 두부,식료품 중 '두부'를 판매·제공하는 매장,test,두부,T4 구어·문장,6de9480c-40e9-4045-988d-d16cf850b6ac,새두부,두부,남부골목시장,전통시장,서울특별시,,,
374de2f652bd9df1f2b8,full_annotation_v1,A,q_두부_06,수제 두부,식료품 중 '두부'를 판매·제공하는 매장,test,두부,T4 구어·문장,93560615-659d-4f06-aa10-9c216521e4d1,동양식품,"두부, 두부 제조업",초량전통시장,전통시장,부산광역시,,,
9a7c053491cd753b8b72,full_annotation_v1,A,q_두부_06,수제 두부,식료품 중 '두부'를 판매·제공하는 매장,test,두부,T4 구어·문장,c2e0c2ff-cfcc-40de-9009-2ef3859711c0,영두부,두부,고리울동굴시장,전통시장,경기도,,,
a070561d8c425d4e6671,full_annotation_v1,A,q_두부_06,수제 두부,식료품 중 '두부'를 판매·제공하는 매장,test,두부,T4 구어·문장,481fc4e7-045b-4fb3-bf0c-eba04e887be9,두붓집,두부,자양15번가골목형상점가,골목형상점가,서울특별시,,,
426b8b8f33c149169ba4,full_annotation_v1,A,q_두부_06,수제 두부,식료품 중 '두부'를 판매·제공하는 매장,test,두부,T4 구어·문장,00370e92-787b-44c8-a4cb-e87c3185e811,콩사랑즉석두부,두부,남부시장,전통시장,경상북도,,,
e1330d225b3e2dda9752,full_annotation_v1,A,q_두부_06,수제 두부,식료품 중 '두부'를 판매·제공하는 매장,test,두부,T4 구어·문장,0263f33e-0b98-4058-b3f0-068d677af362,북부자연식품,두부,창동신창시장,전통시장,서울특별시,,,
a874d3daa912ae3c7b05,full_annotation_v1,A,q_두부_06,수제 두부,식료품 중 '두부'를 판매·제공하는 매장,test,두부,T4 구어·문장,014175c9-602a-451f-adb6-d2ae725ab204,맷돌수제두부(콩사랑순두부),,정자시장,전통시장,경기도,,,
e85e0bb34939a6444bb1,full_annotation_v1,A,q_두부_06,수제 두부,식료품 중 '두부'를 판매·제공하는 매장,test,두부,T4 구어·문장,77f22c56-68dd-4d77-ac28-12b5003e80bc,두부마을,두부,괴정골목시장,전통시장,부산광역시,,,
279c3047441e6ed50862,full_annotation_v1,A,q_두부_06,수제 두부,식료품 중 '두부'를 판매·제공하는 매장,test,두부,T4 구어·문장,4f2775fb-cf32-47c8-8961-01b00e82cf42,짱두부,두부,의왕예술의거리골목형상점가,골목형상점가,경기도,,,
b49464e08c1ec9dffae1,full_annotation_v1,A,q_두부_06,수제 두부,식료품 중 '두부'를 판매·제공하는 매장,test,두부,T4 구어·문장,1c0f2d0e-0a0e-4eeb-8e99-fab5a6f1ab1a,오복손두부,두부,청주육거리종합시장,전통시장,충청북도,,,
9fbda665de9dbbd94cc5,full_annotation_v1,A,q_두부_06,수제 두부,식료품 중 '두부'를 판매·제공하는 매장,test,두부,T4 구어·문장,36f6d03e-8971-4a29-a5e5-ff5c8fa0a426,토마토미술학원,,홀릭스,골목형상점가,광주광역시,,,
c9b7e142dc5407a19729,full_annotation_v1,A,q_두부_06,수제 두부,식료품 중 '두부'를 판매·제공하는 매장,test,두부,T4 구어·문장,43325eb1-36cd-4298-b4a2-0836427fcc29,현풍두부,두부,현풍백년도깨비시장,전통시장,대구광역시,,,
cba0c9f80673d9acd6bd,full_annotation_v1,A,q_두부_06,수제 두부,식료품 중 '두부'를 판매·제공하는 매장,test,두부,T4 구어·문장,7eb139ff-0b6e-4ad1-8ca7-f469f1e9d623,야베스식품,두부,마산어시장,전통시장,경상남도,,,
f0c4301c9c6448506607,full_annotation_v1,A,q_두부_06,수제 두부,식료품 중 '두부'를 판매·제공하는 매장,test,두부,T4 구어·문장,972c174a-d5cd-47b3-9899-8b75f4f4315d,수성물류,주방용품 생활용품 잡화,공구의거리,자율상권구역,광주광역시,,,
87947235f255c4b10457,full_annotation_v1,A,q_두부_06,수제 두부,식료품 중 '두부'를 판매·제공하는 매장,test,두부,T4 구어·문장,5fb48c1f-279c-42e6-8f94-fa0406086c34,망원 수제 말랑강정,강정,망원시장,전통시장,서울특별시,,,
f617f315577d9637407e,full_annotation_v1,A,q_두부_06,수제 두부,식료품 중 '두부'를 판매·제공하는 매장,test,두부,T4 구어·문장,e2f79007-95c4-4cc2-b270-ff75dc021332,아트 수제 옹심이,한식,은구비서로사회적협동조합 골목형상점가,골목형상점가,대전광역시,,,
dfd85add8120b669481e,full_annotation_v1,A,q_두부_06,수제 두부,식료품 중 '두부'를 판매·제공하는 매장,test,두부,T4 구어·문장,cc953dde-1be2-4a6d-9900-50c65a4d0904,믿음식품,두부,계양산전통시장,전통시장,인천광역시,,,
95ddc6fe438a71c4c194,full_annotation_v1,A,q_두부_06,수제 두부,식료품 중 '두부'를 판매·제공하는 매장,test,두부,T4 구어·문장,5b8fd172-7032-4e58-88d7-04749f9fb248,두부본가어묵,두부,못골골목시장,전통시장,부산광역시,,,
47387ba002744fcc1966,full_annotation_v1,A,q_두부_06,수제 두부,식료품 중 '두부'를 판매·제공하는 매장,test,두부,T4 구어·문장,e1635a72-30eb-42ca-b87d-ef73d2c64220,두부명가,두부,청주육거리종합시장,전통시장,충청북도,,,
879d13b8e854c348d388,full_annotation_v1,A,q_두부_06,수제 두부,식료품 중 '두부'를 판매·제공하는 매장,test,두부,T4 구어·문장,7be8d4fa-50c1-42a0-ac31-003072575d95,즉석두부,두부,답십리시장,전통시장,서울특별시,,,
212d20f5ea8944ccd76a,full_annotation_v1,A,q_두부_06,수제 두부,식료품 중 '두부'를 판매·제공하는 매장,test,두부,T4 구어·문장,de3c9cc3-c685-4b25-942d-1c13a060b6ad,초원두부,두부,춘천동부시장,전통시장,강원특별자치도,,,
0aeff12f61a013f9343f,full_annotation_v1,A,q_두부_06,수제 두부,식료품 중 '두부'를 판매·제공하는 매장,test,두부,T4 구어·문장,642ff317-0ea2-4a0d-83d9-76ca98e216f0,두부명가,두부,태평시장,전통시장,대전광역시,,,
75831c9fa3bfe878ca85,full_annotation_v1,A,q_두부_06,수제 두부,식료품 중 '두부'를 판매·제공하는 매장,test,두부,T4 구어·문장,54ad8e52-01fe-4f03-b15a-ecb2ea5f217e,민속두부,두부,까치산시장,전통시장,서울특별시,,,
2d251fe7f60f2cd1e6b0,full_annotation_v1,A,q_두부_06,수제 두부,식료품 중 '두부'를 판매·제공하는 매장,test,두부,T4 구어·문장,87b3fd58-3813-4e47-8202-388db6387ab1,고향촌두부,두부,마산 신마산시장,전통시장,경상남도,,,
9ecd29bf11cd95eecd7f,full_annotation_v1,A,q_두부_06,수제 두부,식료품 중 '두부'를 판매·제공하는 매장,test,두부,T4 구어·문장,2b65e725-a5c8-4358-a76e-7471ab798d30,청송상회,의류,정읍샘고을시장,전통시장,전북특별자치도,,,
fe8252509bb1a01cb373,full_annotation_v1,A,q_두부_06,수제 두부,식료품 중 '두부'를 판매·제공하는 매장,test,두부,T4 구어·문장,acbd8e3f-dcdb-4e02-99bd-6b45baaeb89b,시골집 수제 누룽지,,남원시 원도심 상권활성화 구역,상권활성화구역,전북특별자치도,,,
5d87f110228cb6049375,full_annotation_v1,A,q_두부_06,수제 두부,식료품 중 '두부'를 판매·제공하는 매장,test,두부,T4 구어·문장,4c0b9010-3280-4f4e-9e67-e456bfd46965,고향맛손두부,두부,연산골목시장상점가,자율상권구역,부산광역시,,,
32589943817763e70237,full_annotation_v1,A,q_두부_06,수제 두부,식료품 중 '두부'를 판매·제공하는 매장,test,두부,T4 구어·문장,1c8140ee-f3b0-458a-8983-df217b595c51,함안유통,건어물,마산 정우새어시장,전통시장,경상남도,,,
228382efcc269f9b74aa,full_annotation_v1,A,q_두부_06,수제 두부,식료품 중 '두부'를 판매·제공하는 매장,test,두부,T4 구어·문장,95755828-5b5b-460c-82de-9bf3f29d86b4,두부명가,두부,달서시장,전통시장,대구광역시,,,
3efb39602df58c6a0978,full_annotation_v1,A,q_두부_06,수제 두부,식료품 중 '두부'를 판매·제공하는 매장,test,두부,T4 구어·문장,c665caa9-21dd-4f52-9486-ec5163475a3d,두부박사,두부,성남남한산성시장(구 은행골목시장),전통시장,경기도,,,
8323b6ecac29bebb5365,full_annotation_v1,A,q_두부_06,수제 두부,식료품 중 '두부'를 판매·제공하는 매장,test,두부,T4 구어·문장,00faf8ae-f86f-4c14-86d8-5a72d4ee0e82,신선식품,두부제조,우리시장,자율상권구역,서울특별시,,,
c34ef76af4702a78b709,full_annotation_v1,A,q_두부_06,수제 두부,식료품 중 '두부'를 판매·제공하는 매장,test,두부,T4 구어·문장,bbb7d8f1-338b-43f4-97a3-f58f6a3feecf,고기가땡겨,,화곡 초록맛거리 골목형상점가,골목형상점가,서울특별시,,,
c30bb05110de887bf241,full_annotation_v1,A,q_두부_06,수제 두부,식료품 중 '두부'를 판매·제공하는 매장,test,두부,T4 구어·문장,7bd00745-483c-4b96-990f-76261004056b,맛나두부,두부,포항큰동해시장,전통시장,경상북도,,,
e3055d3580678635b99a,full_annotation_v1,A,q_두부_06,수제 두부,식료품 중 '두부'를 판매·제공하는 매장,test,두부,T4 구어·문장,701bfe45-bb3e-4254-bdc6-9c0894cf184f,수제 담배 잎,,신정역 골목형상점가,골목형상점가,서울특별시,,,
8aac001884dd3dcdca74,full_annotation_v1,A,q_두부_06,수제 두부,식료품 중 '두부'를 판매·제공하는 매장,test,두부,T4 구어·문장,ff645999-5e11-41f5-9848-325dcf5f2be5,건강두부,두부,화서시장,전통시장,경기도,,,
6f1bfb83270bacb5970e,full_annotation_v1,A,q_두부_06,수제 두부,식료품 중 '두부'를 판매·제공하는 매장,test,두부,T4 구어·문장,69a94f8f-2725-4df2-9d1e-cb4628548927,한뚜부,두부,박달시장,전통시장,경기도,,,
3b15aad5be627e6ccc62,full_annotation_v1,A,q_두부_06,수제 두부,식료품 중 '두부'를 판매·제공하는 매장,test,두부,T4 구어·문장,000cb355-aef1-4aaf-8fb2-cb3f9fd94624,시골즉석두부,두부,신장전통시장,전통시장,경기도,,,
8c1be80e87408ea69fc2,full_annotation_v1,A,q_두부_06,수제 두부,식료품 중 '두부'를 판매·제공하는 매장,test,두부,T4 구어·문장,c0289b47-4cd2-4923-ad52-bb7831d71ffd,고고두부,두부,테크노밸리 골목형상점가,골목형상점가,대전광역시,,,
f80b8c38e012f3e6e2ae,full_annotation_v1,A,q_두부_06,수제 두부,식료품 중 '두부'를 판매·제공하는 매장,test,두부,T4 구어·문장,56518e37-15c9-4e7e-8e85-2f02143fac88,옛날두부,두부,온천인정시장,전통시장,부산광역시,,,
54c0cc01c2445bd260b4,full_annotation_v1,A,q_두부_06,수제 두부,식료품 중 '두부'를 판매·제공하는 매장,test,두부,T4 구어·문장,9ffb2b54-6aca-4700-b532-7f276f04769d,두부마을,두부,연희로 골목형상점가,골목형상점가,인천광역시,,,
004c8d2bd23d5c9850f5,full_annotation_v1,A,q_두부_06,수제 두부,식료품 중 '두부'를 판매·제공하는 매장,test,두부,T4 구어·문장,ee6b54a3-321e-401e-8f14-1e9502b7b83f,장수두부,두부,원당시장(구 원당전통시장),전통시장,경기도,,,
36c3d99c9d03046be9cf,full_annotation_v1,A,q_두부_06,수제 두부,식료품 중 '두부'를 판매·제공하는 매장,test,두부,T4 구어·문장,63eaad17-e700-4b0b-8b9b-1eb5cb9ba6c7,즉석두부,두부,금산금빛시장(금산시장),전통시장,충청남도,,,
cbce8065ddfc3cca5323,full_annotation_v1,A,q_두부_06,수제 두부,식료품 중 '두부'를 판매·제공하는 매장,test,두부,T4 구어·문장,845c3ea3-8373-465c-bebb-1117203cc16a,제이스토어,기타,정이있는 구포시장,전통시장,부산광역시,,,
7505c9637665ce1a0979,full_annotation_v1,A,q_두부_06,수제 두부,식료품 중 '두부'를 판매·제공하는 매장,test,두부,T4 구어·문장,34b7c065-dae6-4f3b-a63c-e6772b54af0e,지은식품,두부,반송큰시장,전통시장,부산광역시,,,
70b65483eb30acd7a858,full_annotation_v1,A,q_두부_06,수제 두부,식료품 중 '두부'를 판매·제공하는 매장,test,두부,T4 구어·문장,a505d310-e0a4-4ad8-9263-67554df6e2b7,대경두부,두부,법동시장,전통시장,대전광역시,,,
de396148d922e0b539b2,full_annotation_v1,A,q_두부_06,수제 두부,식료품 중 '두부'를 판매·제공하는 매장,test,두부,T4 구어·문장,63ed6194-b5eb-4780-a784-eb60effa1ad4,즉석두부,두부,태평시장,전통시장,대전광역시,,,
7d926f46018ebe603deb,full_annotation_v1,A,q_두부_06,수제 두부,식료품 중 '두부'를 판매·제공하는 매장,test,두부,T4 구어·문장,87714942-4913-4f4e-923c-e3d9a2dd1e1e,황가네손두부짱,두부,남문시장,전통시장,서울특별시,,,
bd5a488846ad6194a6e0,full_annotation_v1,A,q_두부_06,수제 두부,식료품 중 '두부'를 판매·제공하는 매장,test,두부,T4 구어·문장,7d035e94-f7c9-4d2e-a6a6-540b5f843570,빙동댕 구리갈매점,빙수,갈매광장 골목형상점가,골목형상점가,경기도,,,
8f8f861c8595a89a0976,full_annotation_v1,A,q_두부_06,수제 두부,식료품 중 '두부'를 판매·제공하는 매장,test,두부,T4 구어·문장,e58dc351-eb3d-44f6-9e6f-6793cbc4eadc,용전803,커피 수제 건강차,일곡동(제11지역:용전동) 골목형상점가,골목형상점가,광주광역시,,,
e799ce8f2aa3cfeba388,full_annotation_v1,A,q_두부_06,수제 두부,식료품 중 '두부'를 판매·제공하는 매장,test,두부,T4 구어·문장,35b4ff20-a8f3-498f-9c95-7152a7be0f2c,두부마을,두부,송라시장,전통시장,대구광역시,,,
8046b918bf5f916fb82b,full_annotation_v1,A,q_두부_06,수제 두부,식료품 중 '두부'를 판매·제공하는 매장,test,두부,T4 구어·문장,f0bc7d99-f460-4dfc-9344-d6e5986bac5c,해냄식품,두부,고척근린시장,전통시장,서울특별시,,,
7335be89c58d4312c587,full_annotation_v1,A,q_두부_06,수제 두부,식료품 중 '두부'를 판매·제공하는 매장,test,두부,T4 구어·문장,c5e2faf3-69c4-4751-8442-0670a3bdb696,큰또랑즉석두부,두부,연동골목시장,자율상권구역,부산광역시,,,
4e559d6a9e8ce0435158,full_annotation_v1,A,q_두부_06,수제 두부,식료품 중 '두부'를 판매·제공하는 매장,test,두부,T4 구어·문장,7c03234b-f3d9-445d-9d91-eb7f33451449,옛날식두부,두부,북구빛나는 골목형상점가,골목형상점가,광주광역시,,,
5edf662432f47d681d5f,full_annotation_v1,A,q_두부_06,수제 두부,식료품 중 '두부'를 판매·제공하는 매장,test,두부,T4 구어·문장,ab9c6969-da0a-43e1-be2e-3408a3b83706,서울두부,두부,달서시장,전통시장,대구광역시,,,
00875222e3ae2e0f26ff,full_annotation_v1,A,q_두부_06,수제 두부,식료품 중 '두부'를 판매·제공하는 매장,test,두부,T4 구어·문장,dc90a5aa-bfb2-401f-8728-5f220eed1b9b,두부온,두부,"온양온천시장(온양재래시장, 전통시장)",전통시장,충청남도,,,
ab4b7ac007dbdbb9183b,full_annotation_v1,A,q_두부_06,수제 두부,식료품 중 '두부'를 판매·제공하는 매장,test,두부,T4 구어·문장,cf04fcd8-d670-4cfe-bc50-eb4d5e07fa95,거창두부,두부,거창 전통시장,전통시장,경상남도,,,
8c25796bffeae0bf9d71,full_annotation_v1,A,q_두부_06,수제 두부,식료품 중 '두부'를 판매·제공하는 매장,test,두부,T4 구어·문장,c7267790-6dd7-444d-8393-07b9d62de18a,서울떡집,떡,남목전통시장,전통시장,울산광역시,,,
647f360a662c51487f9c,full_annotation_v1,A,q_두부_06,수제 두부,식료품 중 '두부'를 판매·제공하는 매장,test,두부,T4 구어·문장,9d3cd1cd-8564-4a09-a24c-8638a77ae510,제이원식품조은두부,두부,칠성시장,전통시장,대구광역시,,,
c4901bef4029bfa3a746,full_annotation_v1,A,q_두부_06,수제 두부,식료품 중 '두부'를 판매·제공하는 매장,test,두부,T4 구어·문장,7de15d59-ff72-48eb-bed5-52dd35b57658,영자네 수제 손만두,만두,고흥전통시장,전통시장,전라남도,,,
9d372e3787d0379aee7d,full_annotation_v1,A,q_두부_06,수제 두부,식료품 중 '두부'를 판매·제공하는 매장,test,두부,T4 구어·문장,658b63a8-a639-4c3c-97a8-6447f0dbf721,자연식품,두부,광명새마을시장,전통시장,경기도,,,
0f9da8399e61a28cea2a,full_annotation_v1,A,q_두부_06,수제 두부,식료품 중 '두부'를 판매·제공하는 매장,test,두부,T4 구어·문장,63b5dbef-a922-45fd-b6b9-0be17e7da211,베네베네,,홀릭스,골목형상점가,광주광역시,,,
1feb1df90e8f7d6bd219,full_annotation_v1,A,q_두부_06,수제 두부,식료품 중 '두부'를 판매·제공하는 매장,test,두부,T4 구어·문장,cc20617e-0931-4110-9faa-1879d59c3fe1,이토나무,돈코츠라멘,연제오방 상권활성화구역,상권활성화구역,부산광역시,,,
0f137343ef7f32612f7e,full_annotation_v1,A,q_두부_06,수제 두부,식료품 중 '두부'를 판매·제공하는 매장,test,두부,T4 구어·문장,b50171f3-faeb-4345-93c1-179bf632d3b1,다올 수제 떡방,,백두 골목형상점가,골목형상점가,대구광역시,,,
aa50dea2b94612608f7a,full_annotation_v1,A,q_두부_06,수제 두부,식료품 중 '두부'를 판매·제공하는 매장,test,두부,T4 구어·문장,d9406998-e5bd-456a-a585-174bdbada603,즉석총각두부,두부,천안중앙시장,전통시장,충청남도,,,
563c56937838972b61e1,full_annotation_v1,A,q_두부_06,수제 두부,식료품 중 '두부'를 판매·제공하는 매장,test,두부,T4 구어·문장,02e6e7b8-1131-401d-b587-fcff8760568b,우영이네,두부,청주북부시장,전통시장,충청북도,,,
0ca93c7049fcf914b60b,full_annotation_v1,A,q_두부_06,수제 두부,식료품 중 '두부'를 판매·제공하는 매장,test,두부,T4 구어·문장,3932c08d-bc28-4905-b70a-5db2d8dd03a3,두영식품,두부,비단길현대시장,전통시장,서울특별시,,,
68ff2f20587f1e9e4746,full_annotation_v1,A,q_두부_06,수제 두부,식료품 중 '두부'를 판매·제공하는 매장,test,두부,T4 구어·문장,7c7337ae-4eb3-4c13-bbd9-f0a8d90d3abf,수제 홍만두,만두,빛가람 로데오 골목형상점가,골목형상점가,전라남도,,,
eae5d2adbb935766c50c,full_annotation_v1,A,q_두부_06,수제 두부,식료품 중 '두부'를 판매·제공하는 매장,test,두부,T4 구어·문장,4f580439-e2db-485c-ae7f-18d9ee41a805,부자두부,두부,신평리시장,전통시장,대구광역시,,,
ccb822fa95ef4ebebb9a,full_annotation_v1,A,q_두부_06,수제 두부,식료품 중 '두부'를 판매·제공하는 매장,test,두부,T4 구어·문장,d43529bb-5a2c-474a-8cae-a2101fae1d42,백세두부,두부,대해불빛시장(대해종합시장),전통시장,경상북도,,,
80b49489cee718de3c2f,full_annotation_v1,A,q_두부_06,수제 두부,식료품 중 '두부'를 판매·제공하는 매장,test,두부,T4 구어·문장,c5488f43-70ab-4eba-a090-8718741003ee,형제식품,두부,양동경열로시장,전통시장,,,,
364ad72369eb6475a092,full_annotation_v1,A,q_두부_06,수제 두부,식료품 중 '두부'를 판매·제공하는 매장,test,두부,T4 구어·문장,df151aff-f1e7-45a4-85bd-fa576b442391,콩심이 두부,두부,벌교매일시장,전통시장,전라남도,,,
85e1b8e2767c876c569e,full_annotation_v1,A,q_두부_06,수제 두부,식료품 중 '두부'를 판매·제공하는 매장,test,두부,T4 구어·문장,1eb76174-e588-4401-b98a-1b0dc8f2e7e8,정두부,두부,다정중앙 골목형상점가,골목형상점가,세종특별자치시,,,
b9315dba663471f61e40,full_annotation_v1,A,q_두부_06,수제 두부,식료품 중 '두부'를 판매·제공하는 매장,test,두부,T4 구어·문장,ecfb17e7-4687-4b83-9cb6-38cffa19b198,두부명가,두부,안양중앙인정시장,전통시장,경기도,,,
b62deb81e117f8435ef2,full_annotation_v1,A,q_두부_06,수제 두부,식료품 중 '두부'를 판매·제공하는 매장,test,두부,T4 구어·문장,2461413a-e423-4cb3-ae36-14569d575da7,수제 빵터지는집,빵,여주세종시장상점가,자율상권구역,경기도,,,
97251b16231d5bb09dbb,full_annotation_v1,A,q_두부_06,수제 두부,식료품 중 '두부'를 판매·제공하는 매장,test,두부,T4 구어·문장,9a156239-df2b-4f2c-b570-94e63712a53c,두부마을,두부,용남시장,전통시장,인천광역시,,,
8cd9413b0dd97590cdbe,full_annotation_v1,A,q_두부_06,수제 두부,식료품 중 '두부'를 판매·제공하는 매장,test,두부,T4 구어·문장,b8a53820-000e-42e0-9ec5-88acbcb09761,천수두부,두부,포항 대이상가 골목형상점가,골목형상점가,경상북도,,,
002aef47eae544802ae2,full_annotation_v1,A,q_두부_06,수제 두부,식료품 중 '두부'를 판매·제공하는 매장,test,두부,T4 구어·문장,889e86cd-5516-45c8-b45c-d7eff0b80820,삼례두부,두부,삼례상점가,자율상권구역,전북특별자치도,,,
7c000b283147afb9382e,full_annotation_v1,A,q_두부_06,수제 두부,식료품 중 '두부'를 판매·제공하는 매장,test,두부,T4 구어·문장,d0740585-92d0-48ff-ad13-e7bdbab24b4a,할배,두부,안양남부시장,전통시장,경기도,,,
2f3321febf5d1952a12f,full_annotation_v1,A,q_두부_06,수제 두부,식료품 중 '두부'를 판매·제공하는 매장,test,두부,T4 구어·문장,b972b786-a2b9-4195-9aeb-02fa32432917,천안태초두부,두부,천안중앙시장,전통시장,충청남도,,,
2e3dc2624ea6deced1db,full_annotation_v1,A,q_두부_06,수제 두부,식료품 중 '두부'를 판매·제공하는 매장,test,두부,T4 구어·문장,7cbb53bf-abf1-4deb-a80f-45ad7bf8b1b7,수아두부,두부,부곡시장,전통시장,부산광역시,,,
be2d1bb7418b77d3524d,full_annotation_v1,A,q_두부_06,수제 두부,식료품 중 '두부'를 판매·제공하는 매장,test,두부,T4 구어·문장,6bedd793-4c99-4c2e-af0a-c9c1d6b8c2b9,두부명가,두부,신도꼼지락시장,전통시장,대전광역시,,,
5dcdc95dc08a61615777,full_annotation_v1,A,q_두부_06,수제 두부,식료품 중 '두부'를 판매·제공하는 매장,test,두부,T4 구어·문장,e7021342-86e5-4bf1-9caf-7d3f37914a8e,두부명가,두부,전곡전통시장,전통시장,경기도,,,
78df0f16e4236e7db415,full_annotation_v1,A,q_두부_06,수제 두부,식료품 중 '두부'를 판매·제공하는 매장,test,두부,T4 구어·문장,55387abb-7941-4c0b-b4bc-707375b036ce,두부명가,두부,백운시장,전통시장,서울특별시,,,
605ce7aefa291484df04,full_annotation_v1,A,q_두부_06,수제 두부,식료품 중 '두부'를 판매·제공하는 매장,test,두부,T4 구어·문장,9952fd06-f9fb-4555-a123-4a637a15ffc5,보배방앗간,잡곡판매,말바우시장,전통시장,광주광역시,,,
59586e49d5c4204481a0,full_annotation_v1,A,q_두부_06,수제 두부,식료품 중 '두부'를 판매·제공하는 매장,test,두부,T4 구어·문장,dee3c4de-a2a6-4539-94ff-606f198933a5,두부명가,두부,청양전통시장(구 청양상설시장),전통시장,충청남도,,,
d457b6a4ddcafc915320,full_annotation_v1,A,q_두부_06,수제 두부,식료품 중 '두부'를 판매·제공하는 매장,test,두부,T4 구어·문장,13d8ac39-308a-4a1a-a926-8b9e5d926074,두부명가,두부,화곡중앙시장,전통시장,서울특별시,,,
affb34e25e4a14cc9dbe,full_annotation_v1,A,q_두부_06,수제 두부,식료품 중 '두부'를 판매·제공하는 매장,test,두부,T4 구어·문장,a2a3e297-55a0-4584-b2bd-06329b33ed5c,함안식품,두부,함안 가야전통시장,전통시장,경상남도,,,
f54eefd5e8148bbdfd1c,full_annotation_v1,A,q_두부_06,수제 두부,식료품 중 '두부'를 판매·제공하는 매장,test,두부,T4 구어·문장,6cf63b7c-3a82-4492-8339-6bc7b5f0ffda,두부명가,두부,반딧불이연무시장,전통시장,경기도,,,
f64e70f2c7274011c7e1,full_annotation_v1,A,q_두부_06,수제 두부,식료품 중 '두부'를 판매·제공하는 매장,test,두부,T4 구어·문장,5387f86e-7032-4c89-ae95-abab173ccb3b,박세홍헤어,미용업,시티프라자골목형상점가,골목형상점가,전라남도,,,
268efe85ded1e3ded69a,full_annotation_v1,A,q_두부_06,수제 두부,식료품 중 '두부'를 판매·제공하는 매장,test,두부,T4 구어·문장,387fb7e3-2efc-46c6-950b-8eef58c37bf1,두부마을,두부,전곡로데오거리골목형상점가,골목형상점가,경기도,,,
a5242b88c6f8cddcb111,full_annotation_v1,A,q_두부_06,수제 두부,식료품 중 '두부'를 판매·제공하는 매장,test,두부,T4 구어·문장,e449cd7b-a279-465b-8e49-550e12071dae,부부두부,두부,경창시장,전통시장,서울특별시,,,
14e3d87dc8c543cafd21,full_annotation_v1,A,q_두부_06,수제 두부,식료품 중 '두부'를 판매·제공하는 매장,test,두부,T4 구어·문장,dfdf037d-4ea0-469e-91d8-b7b0dfad7d7e,즉석총각두부,두부,"온양온천시장(온양재래시장, 전통시장)",전통시장,충청남도,,,
1e1a06bb334157ad6340,full_annotation_v1,A,q_두부_06,수제 두부,식료품 중 '두부'를 판매·제공하는 매장,test,두부,T4 구어·문장,d2f0e99a-e525-496b-b1b2-e4772df0b782,즉석두부,두부,강화풍물시장,전통시장,인천광역시,,,
fddc411fb9f640310081,full_annotation_v1,A,q_두부_06,수제 두부,식료품 중 '두부'를 판매·제공하는 매장,test,두부,T4 구어·문장,6fee5688-d168-49c2-99a3-48ec4c5ef776,온두부,두부,산정상인회 골목형상점가,골목형상점가,,,,
1392ba5af99c55e7173c,full_annotation_v1,A,q_두부_06,수제 두부,식료품 중 '두부'를 판매·제공하는 매장,test,두부,T4 구어·문장,05218ab9-95f3-4c7c-bff8-2abd592ab2d6,역전두부,두부,마산역번개시장,전통시장,경상남도,,,
bfa76a038135921ddee0,full_annotation_v1,A,q_두부_06,수제 두부,식료품 중 '두부'를 판매·제공하는 매장,test,두부,T4 구어·문장,efa2a2c3-e5d8-4365-b5cb-d01ec992be70,두부명가,두부,오천시장,전통시장,경상북도,,,
1457f0e034fe5affb991,full_annotation_v1,A,q_두부_06,수제 두부,식료품 중 '두부'를 판매·제공하는 매장,test,두부,T4 구어·문장,ea22109e-64e7-4364-8214-35feca4d6318,청진동해장국,,화곡 초록맛거리 골목형상점가,골목형상점가,서울특별시,,,
9ea10b683f0fd18fadf5,full_annotation_v1,A,q_두부_06,수제 두부,식료품 중 '두부'를 판매·제공하는 매장,test,두부,T4 구어·문장,a4ad82e8-0266-4f6d-8ce7-a2cd74da9c97,장수한우촌,한식,의왕도깨비시장,전통시장,경기도,,,
4a3e7c8e4dadfb362086,full_annotation_v1,A,q_떡_01,떡,카페·디저트 중 '떡'을 판매·제공하는 매장,train,떡,T1 정확표기,d11147c0-77dd-4279-8f96-7a362a7b42d2,성원떡방아간,떡,주문진종합시장,전통시장,강원특별자치도,,,
8d2dd7ca89d55716fbfe,full_annotation_v1,A,q_떡_01,떡,카페·디저트 중 '떡'을 판매·제공하는 매장,train,떡,T1 정확표기,6122b24d-bffc-4e16-82d0-1acc6991afc4,다올떡,떡,반여2동상가시장,전통시장,부산광역시,,,
63dc9bcc2702841e687e,full_annotation_v1,A,q_떡_01,떡,카페·디저트 중 '떡'을 판매·제공하는 매장,train,떡,T1 정확표기,6f6ac640-9501-4e5d-85f5-f59eee13dadc,중앙떡방앗간,떡,화산면 골목형상점가,골목형상점가,전라남도,,,
e0a7aa805534f687e65e,full_annotation_v1,A,q_떡_01,떡,카페·디저트 중 '떡'을 판매·제공하는 매장,train,떡,T1 정확표기,196409ec-5e02-4eaf-b286-d156179abb1b,떡선생,떡,염주먹자골목B구역상인회 골목형상점가,골목형상점가,광주광역시,,,
432bf3d4cf20aa1402c6,full_annotation_v1,A,q_떡_01,떡,카페·디저트 중 '떡'을 판매·제공하는 매장,train,떡,T1 정확표기,d38fb055-aa53-4311-9ba5-541c791785c9,서울낙원떡집,떡,대해불빛시장(대해종합시장),전통시장,경상북도,,,
479ba76e8d8255de80d0,full_annotation_v1,A,q_떡_01,떡,카페·디저트 중 '떡'을 판매·제공하는 매장,train,떡,T1 정확표기,005313c8-dce8-49b6-9841-9143ebb1305a,동원떡집,,박달시장,전통시장,경기도,,,
60f46d49a183f127a782,full_annotation_v1,A,q_떡_01,떡,카페·디저트 중 '떡'을 판매·제공하는 매장,train,떡,T1 정확표기,1b156d0e-525c-40a0-800d-098255e947a4,낙원떡집,떡,괴정골목시장,전통시장,부산광역시,,,
727eeb579d911b3a4f7e,full_annotation_v1,A,q_떡_01,떡,카페·디저트 중 '떡'을 판매·제공하는 매장,train,떡,T1 정확표기,7904cc8a-6f76-4234-85df-dc049f1d38d8,오병이어떡전문점,떡,오!도봉거리상점가,자율상권구역,서울특별시,,,
6c8d290939d5ca5364bf,full_annotation_v1,A,q_떡_01,떡,카페·디저트 중 '떡'을 판매·제공하는 매장,train,떡,T1 정확표기,8bd74968-686d-40ea-ac24-d4f9c3b3c6db,낙원떡집,떡,경리단길 골목형상점가,골목형상점가,서울특별시,,,
ecd885734742515f41d4,full_annotation_v1,A,q_떡_01,떡,카페·디저트 중 '떡'을 판매·제공하는 매장,train,떡,T1 정확표기,001b41fe-1fe3-4a7a-9c03-5e556ffc776d,마수리떡,떡,중앙신시장,전통시장,경상북도,,,
2bb6e805c42f0fa64e12,full_annotation_v1,A,q_떡_01,떡,카페·디저트 중 '떡'을 판매·제공하는 매장,train,떡,T1 정확표기,143ee8d3-2a39-47f4-bf20-61e48e58ee7d,바다양푼이동태탕 연신내점,한식,연신내골목형상점가,골목형상점가,서울특별시,,,
0a2e82a10d33039508ef,full_annotation_v1,A,q_떡_01,떡,카페·디저트 중 '떡'을 판매·제공하는 매장,train,떡,T1 정확표기,be4d931d-1d36-4965-b42a-7e0687ffb0bc,낙원떡집,떡,구암시장,전통시장,대구광역시,,,
96ce147d7fe455b9dc6d,full_annotation_v1,A,q_떡_01,떡,카페·디저트 중 '떡'을 판매·제공하는 매장,train,떡,T1 정확표기,d54b04a7-70d7-49eb-ae1f-0384ec2b1ce5,낙원떡집,떡,창원 명서시장,전통시장,경상남도,,,
46b4fb572af8e2285a21,full_annotation_v1,A,q_떡_01,떡,카페·디저트 중 '떡'을 판매·제공하는 매장,train,떡,T1 정확표기,c95e94c8-f981-44a9-9e66-05b6b60fcb19,강남떡방앗간,떡,신 강남시장,전통시장,인천광역시,,,
85e507d844442fd12b2d,full_annotation_v1,A,q_떡_01,떡,카페·디저트 중 '떡'을 판매·제공하는 매장,train,떡,T1 정확표기,a3250180-94c8-4f21-a616-c29ada1e4edf,중앙복떡,떡,용인중앙시장,전통시장,경기도,,,
a362a9e663115cb0636e,full_annotation_v1,A,q_떡_01,떡,카페·디저트 중 '떡'을 판매·제공하는 매장,train,떡,T1 정확표기,ea7401e0-5e98-4778-804f-0f03257bf958,행당떡방아간,떡,행당시장상점가,자율상권구역,서울특별시,,,
c4a581d1837f63e567c7,full_annotation_v1,A,q_떡_01,떡,카페·디저트 중 '떡'을 판매·제공하는 매장,train,떡,T1 정확표기,f7ecee0e-f157-4fd2-ae9c-bebbcd56aba5,수일,치킨,양동닭전길시장,전통시장,광주광역시,,,
0d80903d78e4b090631a,full_annotation_v1,A,q_떡_01,떡,카페·디저트 중 '떡'을 판매·제공하는 매장,train,떡,T1 정확표기,4be8fac6-96d9-4c46-982c-720cf88be059,안경쓴떡집,떡,영동전통시장,전통시장,서울특별시,,,
83b0e0831683943aecae,full_annotation_v1,A,q_떡_01,떡,카페·디저트 중 '떡'을 판매·제공하는 매장,train,떡,T1 정확표기,8fd780fd-73e4-4889-961b-09aca0ba3d32,낙원떡집,떡,용남시장,전통시장,인천광역시,,,
ab40e23ff1af556797fc,full_annotation_v1,A,q_떡_01,떡,카페·디저트 중 '떡'을 판매·제공하는 매장,train,떡,T1 정확표기,758d9002-6bf8-43e2-9113-d69fa390761a,낙원떡집,떡,우산매일시장,전통시장,광주광역시,,,
3898d1e33732bf7db373,full_annotation_v1,A,q_떡_01,떡,카페·디저트 중 '떡'을 판매·제공하는 매장,train,떡,T1 정확표기,a4641b28-37b6-4342-ad2d-97d6ba03de0a,오늘 떡,떡,부평대아지하상점가,일반지하상점가,인천광역시,,,
83bc38e0a66326b35723,full_annotation_v1,A,q_떡_01,떡,카페·디저트 중 '떡'을 판매·제공하는 매장,train,떡,T1 정확표기,7343c438-6ce0-4b77-96ae-8010171079e0,왕성떡집,떡,경주성동공설시장,전통시장,경상북도,,,
ca70528294171a4f414a,full_annotation_v1,A,q_떡_01,떡,카페·디저트 중 '떡'을 판매·제공하는 매장,train,떡,T1 정확표기,0ac1ac5e-ad58-482e-9f5e-0957aa78fca8,삼성방앗간,떡,거제 장평종합시장,전통시장,경상남도,,,
85f2217dd1cf25bbd4ee,full_annotation_v1,A,q_떡_01,떡,카페·디저트 중 '떡'을 판매·제공하는 매장,train,떡,T1 정확표기,16c72a3b-0266-418e-a39e-195efda25c96,떡메랑,떡,한민시장,전통시장,대전광역시,,,
202632e3d382e41c399c,full_annotation_v1,A,q_떡_01,떡,카페·디저트 중 '떡'을 판매·제공하는 매장,train,떡,T1 정확표기,e182c647-16c3-4571-93f9-86e9f5b8a6d9,낙원떡집,떡,장안마실골목형상점가,골목형상점가,서울특별시,,,
d00b39e7bc7695029b3f,full_annotation_v1,A,q_떡_01,떡,카페·디저트 중 '떡'을 판매·제공하는 매장,train,떡,T1 정확표기,a810e8c3-7d0f-4757-a1bb-94357f61a9d0,인사동떡방,떡,반석동 골목형상점가,골목형상점가,대전광역시,,,
9659db73610ee2973081,full_annotation_v1,A,q_떡_01,떡,카페·디저트 중 '떡'을 판매·제공하는 매장,train,떡,T1 정확표기,584576c8-ae54-4e87-91ac-89bd57874b0e,새서울떡방앗간,떡,대구남문시장,전통시장,대구광역시,,,
41381829d3e7300aa825,full_annotation_v1,A,q_떡_01,떡,카페·디저트 중 '떡'을 판매·제공하는 매장,train,떡,T1 정확표기,3de6e88a-4d2a-467d-8128-ae94dab56441,낙원떡집,떡,회기시장,전통시장,서울특별시,,,
50c805dbf6ceb0da6d95,full_annotation_v1,A,q_떡_01,떡,카페·디저트 중 '떡'을 판매·제공하는 매장,train,떡,T1 정확표기,e358cec9-1775-488a-97b5-a13584a4015f,민속옛떡,떡,명일전통시장,전통시장,서울특별시,,,
ac0d58f2feec37eccaed,full_annotation_v1,A,q_떡_01,떡,카페·디저트 중 '떡'을 판매·제공하는 매장,train,떡,T1 정확표기,9de31262-ac71-41d6-bfc9-f3262299b9c5,낙원떡집,떡,부천한신시장,전통시장,경기도,,,
bad3b5043746259e2adf,full_annotation_v1,A,q_떡_01,떡,카페·디저트 중 '떡'을 판매·제공하는 매장,train,떡,T1 정확표기,b403d9e8-254c-4bce-9fab-21fc0dd7c072,탄천떡방앗간,떡,금빛탄천 골목형상점가,골목형상점가,충청남도,,,
df3e11c38b0a4d4457af,full_annotation_v1,A,q_떡_01,떡,카페·디저트 중 '떡'을 판매·제공하는 매장,train,떡,T1 정확표기,81e742e7-dd88-4772-b0ba-2f137326ea5d,낙원떡집,떡,송현시장,전통시장,인천광역시,,,
a7b0d86bca72c23a2995,full_annotation_v1,A,q_떡_01,떡,카페·디저트 중 '떡'을 판매·제공하는 매장,train,떡,T1 정확표기,f7291f98-81cb-434b-b207-43bcb83bd3c3,미병당,떡,금화로상인회 골목형상점가,골목형상점가,광주광역시,,,
3158b55ef103128e6d18,full_annotation_v1,A,q_떡_01,떡,카페·디저트 중 '떡'을 판매·제공하는 매장,train,떡,T1 정확표기,bf570f89-6020-43cb-a8be-45b6b59577aa,낙원떡집,떡,문경중앙시장,전통시장,경상북도,,,
125f0be09e15a0475873,full_annotation_v1,A,q_떡_01,떡,카페·디저트 중 '떡'을 판매·제공하는 매장,train,떡,T1 정확표기,8a78ca9c-fc59-4926-a754-c7b5b6bd2285,이삭토스트서신점,토스트,당산로 골목형상점가,골목형상점가,전북특별자치도,,,
b4e44d3c0ceac498e13b,full_annotation_v1,A,q_떡_01,떡,카페·디저트 중 '떡'을 판매·제공하는 매장,train,떡,T1 정확표기,ba8f0eec-9029-4672-913b-e3aa2e99f0b2,시장떡집,떡,소사종합시장,전통시장,경기도,,,
f098ea75939ba6a030c5,full_annotation_v1,A,q_떡_01,떡,카페·디저트 중 '떡'을 판매·제공하는 매장,train,떡,T1 정확표기,a2f55697-a6c1-4366-aecb-a0419d83e6bd,낙원떡집,떡,원당 중앙로 골목형상점가,골목형상점가,인천광역시,,,
3a6bb030bf5528ecf40e,full_annotation_v1,A,q_떡_01,떡,카페·디저트 중 '떡'을 판매·제공하는 매장,train,떡,T1 정확표기,e97f8e73-5af0-4246-b0b0-4db877f97506,길원떡집,떡,신길성애 골목형상점가,골목형상점가,서울특별시,,,
6a12e4051cc8421564c0,full_annotation_v1,A,q_떡_01,떡,카페·디저트 중 '떡'을 판매·제공하는 매장,train,떡,T1 정확표기,a435542f-e53c-4ec3-a184-13ffdb4da791,무계떡집,떡,김해 장유전통시장,전통시장,경상남도,,,
2279b812e647c804d2e4,full_annotation_v1,A,q_떡_01,떡,카페·디저트 중 '떡'을 판매·제공하는 매장,train,떡,T1 정확표기,d4714410-87d6-4726-94ed-208c22bea955,떡고을,떡,쌍용1번가 골목형상점가,골목형상점가,충청남도,,,
70868cf2fd634073a9f7,full_annotation_v1,A,q_떡_01,떡,카페·디저트 중 '떡'을 판매·제공하는 매장,train,떡,T1 정확표기,8f033bc0-2337-4304-893c-5f4f6186f3ad,봄떡,떡,반여2동상가시장,전통시장,부산광역시,,,
be01c5aafb1fb47d32eb,full_annotation_v1,A,q_떡_01,떡,카페·디저트 중 '떡'을 판매·제공하는 매장,train,떡,T1 정확표기,359b44bc-382d-4209-9f35-12d175902676,소문난떡집,떡,공릉동도깨비시장,전통시장,서울특별시,,,
0e86776e7f4cd79369e1,full_annotation_v1,A,q_떡_01,떡,카페·디저트 중 '떡'을 판매·제공하는 매장,train,떡,T1 정확표기,88cc264d-1e91-4771-9586-cdc8f71ba843,고산떡집,떡,고산구시장 상점가,자율상권구역,전북특별자치도,,,
e0378f6c49012b54b5bb,full_annotation_v1,A,q_떡_01,떡,카페·디저트 중 '떡'을 판매·제공하는 매장,train,떡,T1 정확표기,015915e3-2542-4245-b627-0c775b4c5501,한내떡집,,거제 고현시장,전통시장,경상남도,,,
b8ab1a3453b4ff6cc1f6,full_annotation_v1,A,q_떡_01,떡,카페·디저트 중 '떡'을 판매·제공하는 매장,train,떡,T1 정확표기,e998bc26-5401-4932-ae20-827bb2eb6832,왔다떡방,떡,도램마을 골목형상점가,골목형상점가,세종특별자치시,,,
5b49848b393e8a381678,full_annotation_v1,A,q_떡_01,떡,카페·디저트 중 '떡'을 판매·제공하는 매장,train,떡,T1 정확표기,0046e3b5-e973-4cc0-807c-acb34ad8e262,야음민속떡집,제조업(떡방앗간),울산번개시장,전통시장,울산광역시,,,
517fdf8eee5ef28f17b4,full_annotation_v1,A,q_떡_01,떡,카페·디저트 중 '떡'을 판매·제공하는 매장,train,떡,T1 정확표기,d6f426fd-a6f6-4f5c-864e-e27a34e622f0,옥분떡집,떡,양산 남부시장상가,전통시장,경상남도,,,
0f318b1eb34695cb426f,full_annotation_v1,A,q_떡_01,떡,카페·디저트 중 '떡'을 판매·제공하는 매장,train,떡,T1 정확표기,db8751ef-3254-455f-9146-209ef90ebc8e,아름떡,떡,아름드리 골목형상점가,골목형상점가,세종특별자치시,,,
5173d31c9add522efa66,full_annotation_v1,A,q_떡_01,떡,카페·디저트 중 '떡'을 판매·제공하는 매장,train,떡,T1 정확표기,c3a3236c-8cdd-40ae-9763-32387e56bf36,떡쇠네취떡,떡,정선아리랑시장,전통시장,강원특별자치도,,,
74eafa750804aafb48d5,full_annotation_v1,A,q_떡_01,떡,카페·디저트 중 '떡'을 판매·제공하는 매장,train,떡,T1 정확표기,51769d0b-6908-4960-a78b-b5909de97af3,낙원떡집,떡,오산오색시장(구 오산중앙시장),전통시장,경기도,,,
bf41474e5857675cbe78,full_annotation_v1,A,q_떡_01,떡,카페·디저트 중 '떡'을 판매·제공하는 매장,train,떡,T1 정확표기,06c9030d-f37c-4867-a42f-ccd438d601a1,신불떡볶이,"분식, 떡볶이",온누리 골목형상점가,골목형상점가,경기도,,,
0ff0f7ba7e6cca0da32a,full_annotation_v1,A,q_떡_01,떡,카페·디저트 중 '떡'을 판매·제공하는 매장,train,떡,T1 정확표기,2fea38c1-32c3-4051-bcf1-b790f9c70302,달서떡방,떡,달서시장,전통시장,대구광역시,,,
c503021c0cd10efcd404,full_annotation_v1,A,q_떡_01,떡,카페·디저트 중 '떡'을 판매·제공하는 매장,train,떡,T1 정확표기,cfb28a15-a3a6-4039-9b45-8bf6f4465dc7,금호 떡 방앗간,떡,계림중앙필문로 골목형상점가,골목형상점가,광주광역시,,,
960dd0d7d4a20ba5bc14,full_annotation_v1,A,q_떡_01,떡,카페·디저트 중 '떡'을 판매·제공하는 매장,train,떡,T1 정확표기,612020e6-9568-4829-b95c-7c1ebb4078d7,챔피언바이크,자전거,주월1동독립로 골목형상점가,골목형상점가,광주광역시,,,
b99d0a2547cc4dbae4b5,full_annotation_v1,A,q_떡_01,떡,카페·디저트 중 '떡'을 판매·제공하는 매장,train,떡,T1 정확표기,d8f43c37-e25f-400b-95c4-87ae23d0248d,떡마루식품,떡,개봉입구골목상가 골목형상점가,골목형상점가,서울특별시,,,
831438614989fe881a60,full_annotation_v1,A,q_떡_01,떡,카페·디저트 중 '떡'을 판매·제공하는 매장,train,떡,T1 정확표기,4993bc6a-1aa2-4e35-a0b7-5ae7ba352d9f,미복 떡 방앗간,떡,괴정골목시장,전통시장,부산광역시,,,
8eccad6cb5217b5b1d47,full_annotation_v1,A,q_떡_01,떡,카페·디저트 중 '떡'을 판매·제공하는 매장,train,떡,T1 정확표기,a5d68d29-9e6f-4aa6-b2ee-2213ef70b6a4,떡뫼들,떡,좌동재래시장,전통시장,부산광역시,,,
48697f08118712db30ab,full_annotation_v1,A,q_떡_01,떡,카페·디저트 중 '떡'을 판매·제공하는 매장,train,떡,T1 정확표기,c76b773f-392e-4527-9ac0-7da124e26f0f,낙원떡집,떡,대전정원시장,전통시장,대전광역시,,,
6c79dacde3be663c9c90,full_annotation_v1,A,q_떡_01,떡,카페·디저트 중 '떡'을 판매·제공하는 매장,train,떡,T1 정확표기,664c30e3-c6fd-4cde-b7d6-940cd8769113,왕궁떡집,떡,유성도안 골목형상점가,골목형상점가,대전광역시,,,
1f096efba6ecc671ac4b,full_annotation_v1,A,q_떡_01,떡,카페·디저트 중 '떡'을 판매·제공하는 매장,train,떡,T1 정확표기,b5b56ea4-5391-4e9f-8da8-946cbbe19998,재웅떡집,떡,동원전통종합시장,전통시장,서울특별시,,,
5bf24edf36b2252b15c6,full_annotation_v1,A,q_떡_01,떡,카페·디저트 중 '떡'을 판매·제공하는 매장,train,떡,T1 정확표기,59710735-194e-48ed-972e-bb82202803b9,도시종묘,종묘씨앗,주월1동독립로 골목형상점가,골목형상점가,광주광역시,,,
c8ca4a10d68d0bb02adc,full_annotation_v1,A,q_떡_01,떡,카페·디저트 중 '떡'을 판매·제공하는 매장,train,떡,T1 정확표기,ffae60cb-a055-489a-9338-4cad44fd17f8,낙원떡집,떡,상계중앙시장,전통시장,서울특별시,,,
00269109b793f153b320,full_annotation_v1,A,q_떡_01,떡,카페·디저트 중 '떡'을 판매·제공하는 매장,train,떡,T1 정확표기,a4bd771a-c347-4e04-aa18-f3d66ec87e24,딸랑구찹살떡,떡,전주한옥마을 골목형상점가,골목형상점가,전북특별자치도,,,
afa3975d62e95894857d,full_annotation_v1,A,q_떡_01,떡,카페·디저트 중 '떡'을 판매·제공하는 매장,train,떡,T1 정확표기,7c375166-670b-478b-bed2-d5cf783413ac,왕십리곱창,곱창,자양전통시장,전통시장,서울특별시,,,
b1a2773c6d2a7a0c3728,full_annotation_v1,A,q_떡_01,떡,카페·디저트 중 '떡'을 판매·제공하는 매장,train,떡,T1 정확표기,bfa61dcf-9e36-492a-86eb-ef5dd41639b4,부길추어탕,추어탕,신창진흥 골목형상점가,골목형상점가,광주광역시,,,
d5a4176d2e34c52ec81b,full_annotation_v1,A,q_떡_01,떡,카페·디저트 중 '떡'을 판매·제공하는 매장,train,떡,T1 정확표기,76328218-530c-4963-bc22-c7d9cb31a5b3,백군떡방,떡,풍납시장,전통시장,서울특별시,,,
d3698d4514840069bff9,full_annotation_v1,A,q_떡_01,떡,카페·디저트 중 '떡'을 판매·제공하는 매장,train,떡,T1 정확표기,04152499-1e7f-451f-8393-4986be4bd671,신전떡볶이,떡볶이,행복상점가,자율상권구역,경상북도,,,
8eb3b9028112306ef8e7,full_annotation_v1,A,q_떡_01,떡,카페·디저트 중 '떡'을 판매·제공하는 매장,train,떡,T1 정확표기,c7569600-4060-4095-98fa-5096bf80a474,더에스,여성의류,중앙로 지하상가 상점가,일반지하상점가,대전광역시,,,
aa330ac5a61491d58463,full_annotation_v1,A,q_떡_01,떡,카페·디저트 중 '떡'을 판매·제공하는 매장,train,떡,T1 정확표기,15d61538-381e-4f86-b6de-3edcc6310f22,낙원떡집,떡,구월시장,전통시장,인천광역시,,,
74991bbf2dbde53202dd,full_annotation_v1,A,q_떡_01,떡,카페·디저트 중 '떡'을 판매·제공하는 매장,train,떡,T1 정확표기,024c1f10-1fe0-4be3-8bde-6465f5cd8c43,오늘은 떡볶이,"떡볶이, 튀김, 순대 등",석촌시장,전통시장,서울특별시,,,
5c103625c84fea746471,full_annotation_v1,A,q_떡_01,떡,카페·디저트 중 '떡'을 판매·제공하는 매장,train,떡,T1 정확표기,7decac66-77a7-4421-bf60-0765e3401405,떡세상,떡,꽃밭정이 골목형상점가,골목형상점가,전북특별자치도,,,
e6e4eeebe589974543e8,full_annotation_v1,A,q_떡_01,떡,카페·디저트 중 '떡'을 판매·제공하는 매장,train,떡,T1 정확표기,8528e8fb-2b44-4fad-b38d-ab168c69bc56,낙원떡집,떡,신수동토정로 골목형상점가,골목형상점가,서울특별시,,,
de971bd12f75180c8e2d,full_annotation_v1,A,q_떡_01,떡,카페·디저트 중 '떡'을 판매·제공하는 매장,train,떡,T1 정확표기,3d5d845d-6f54-4bbb-b245-ab0173b26255,호원당떡집,떡,영동교골목시장(영동교시장),전통시장,서울특별시,,,
4503b9a2eab2f58526f0,full_annotation_v1,A,q_떡_01,떡,카페·디저트 중 '떡'을 판매·제공하는 매장,train,떡,T1 정확표기,293d4a0a-4c52-4c7c-8ca9-ea59a7572c77,고추깨방,떡,오류버들시장골목형상점가,골목형상점가,서울특별시,,,
09b1af2be7932dd39e0e,full_annotation_v1,A,q_떡_01,떡,카페·디저트 중 '떡'을 판매·제공하는 매장,train,떡,T1 정확표기,4c23817c-d871-477a-b141-cd74e72c7968,김범신 떡오색함,떡,돌고래시장(돌고래종합상가),전통시장,경기도,,,
1dd2ac12a2bfdddba32f,full_annotation_v1,A,q_떡_01,떡,카페·디저트 중 '떡'을 판매·제공하는 매장,train,떡,T1 정확표기,9f9640a3-e0d9-4fc3-9118-449c924632f3,떡담은,떡,창원 도계부부시장,전통시장,경상남도,,,
a31f4ad4c04f77a127fa,full_annotation_v1,A,q_떡_01,떡,카페·디저트 중 '떡'을 판매·제공하는 매장,train,떡,T1 정확표기,eca81c50-5c85-4079-a054-532a4a30127a,떡쟁이,떡,둔전골목형상점가,골목형상점가,경기도,,,
8cd5e4a9607a0c5fddd9,full_annotation_v1,A,q_떡_01,떡,카페·디저트 중 '떡'을 판매·제공하는 매장,train,떡,T1 정확표기,e52b232c-c7ba-4470-8e14-98a2a4810a4c,낙원떡집,떡,밀양 내일전통시장,전통시장,경상남도,,,
6422b83f7023c63033b2,full_annotation_v1,A,q_떡_01,떡,카페·디저트 중 '떡'을 판매·제공하는 매장,train,떡,T1 정확표기,00b6de61-2c2e-4164-aee6-c011f81aec20,파리바게뜨 세종반곡,"베이커리, 케이크, 음료, 커피",반곡동행복 골목형상점가,골목형상점가,세종특별자치시,,,
a7d1c9d456e65882091e,full_annotation_v1,A,q_떡_01,떡,카페·디저트 중 '떡'을 판매·제공하는 매장,train,떡,T1 정확표기,24cc868b-d4ca-4d27-bf09-ee7eb1fe9f5f,이조떡방앗간,떡방아간,당산로 골목형상점가,골목형상점가,전북특별자치도,,,
44a321fc49661586cd6b,full_annotation_v1,A,q_떡_01,떡,카페·디저트 중 '떡'을 판매·제공하는 매장,train,떡,T1 정확표기,ca57e8bb-2598-4430-85c9-64ec9235d6b9,풍물떡집,떡,원주민속풍물시장,전통시장,강원특별자치도,,,
23a01b2facbaef19b1ae,full_annotation_v1,A,q_떡_01,떡,카페·디저트 중 '떡'을 판매·제공하는 매장,train,떡,T1 정확표기,7621accb-27d6-49a2-8529-510a6a91231e,빵이가득한집,제과점,장위전통시장,전통시장,서울특별시,,,
c39cec791e38d69e9fc4,full_annotation_v1,A,q_떡_01,떡,카페·디저트 중 '떡'을 판매·제공하는 매장,train,떡,T1 정확표기,a062ff42-e8bb-4652-ab0c-6978b07d5c27,한베떡집,떡,청주북부시장,전통시장,충청북도,,,
765dd727f1c6734c1006,full_annotation_v1,A,q_떡_01,떡,카페·디저트 중 '떡'을 판매·제공하는 매장,train,떡,T1 정확표기,fc58cf1a-a6d8-4695-9c62-ec346ebd2b99,떡매마을,떡,유성시장 골목형상점가,골목형상점가,대전광역시,,,
cdbc9c77820d3951de22,full_annotation_v1,A,q_떡_01,떡,카페·디저트 중 '떡'을 판매·제공하는 매장,train,떡,T1 정확표기,ccca75bc-94d3-455f-91f7-3a4b901555ca,낙원떡집,떡,용인중앙시장,전통시장,경기도,,,
52244ede754f355de696,full_annotation_v1,A,q_떡_01,떡,카페·디저트 중 '떡'을 판매·제공하는 매장,train,떡,T1 정확표기,c924bfd8-d7fb-4043-9aa4-b5a5f1058d9f,민속떡방앗간,떡,고분다리시장,전통시장,서울특별시,,,
eae35ffa679361e21f47,full_annotation_v1,A,q_떡_01,떡,카페·디저트 중 '떡'을 판매·제공하는 매장,train,떡,T1 정확표기,073f9328-3071-45bb-909a-f69eecbfff85,시루원,떡,성북천골목형상점가,골목형상점가,서울특별시,,,
ae0bac6c5c2feeac5ec9,full_annotation_v1,A,q_떡_01,떡,카페·디저트 중 '떡'을 판매·제공하는 매장,train,떡,T1 정확표기,2ced14c5-c2e2-442b-862f-6f980a97b716,낙원떡집,떡,양학시장,전통시장,경상북도,,,
c88ef3cfd13dd27dccd5,full_annotation_v1,A,q_떡_01,떡,카페·디저트 중 '떡'을 판매·제공하는 매장,train,떡,T1 정확표기,04c905ba-3172-4ea4-a6dd-4345d674dea0,덕순이네,제조업(떡집),장터길 골목형상점가,골목형상점가,경기도,,,
d382b2887630ffe6a439,full_annotation_v1,A,q_떡_01,떡,카페·디저트 중 '떡'을 판매·제공하는 매장,train,떡,T1 정확표기,03c24ed1-1000-4d0a-9167-76e24e042340,신전떡볶이,떡볶이,전북대대학로상점가,자율상권구역,전북특별자치도,,,
0c271da9633b3c123efa,full_annotation_v1,A,q_떡_01,떡,카페·디저트 중 '떡'을 판매·제공하는 매장,train,떡,T1 정확표기,000814be-1ad1-4f62-87e7-0e02af595e2f,사사,"샌드위치, 케이크, 커피",나릿재 골목형상점가,골목형상점가,세종특별자치시,,,
b3c7c9de02598a6a8de2,full_annotation_v1,A,q_떡_01,떡,카페·디저트 중 '떡'을 판매·제공하는 매장,train,떡,T1 정확표기,006a0313-25b0-44ff-a533-8a01005aa1a6,안채떡시루,떡,신도꼼지락시장,전통시장,대전광역시,,,
0a406649c1956bf14fb9,full_annotation_v1,A,q_떡_01,떡,카페·디저트 중 '떡'을 판매·제공하는 매장,train,떡,T1 정확표기,0285a210-0334-4889-8ecb-5133ea34d487,놀숲 대전버드내점,"커피, 음표, 떡볶이, 볶음밥",유천버드내 골목형상점가,골목형상점가,대전광역시,,,
89326525f2a2ac804d1e,full_annotation_v1,A,q_떡_01,떡,카페·디저트 중 '떡'을 판매·제공하는 매장,train,떡,T1 정확표기,09ffa5fc-46c0-4799-9f59-32892fdc2dd4,낙원떡집,떡,사리골상점가,자율상권구역,경기도,,,
6cab5bce71e170fe980e,full_annotation_v1,A,q_떡_01,떡,카페·디저트 중 '떡'을 판매·제공하는 매장,train,떡,T1 정확표기,5aa0ca75-6536-4733-b99f-973810668c00,어반ACC,의류잡화,중앙로 지하상가 상점가,일반지하상점가,대전광역시,,,
86e466431de22f6abc1f,full_annotation_v1,A,q_떡_01,떡,카페·디저트 중 '떡'을 판매·제공하는 매장,train,떡,T1 정확표기,efdd8c50-e091-4cb2-b226-24c3c5c05043,낙원떡집,떡,정이있는 구포시장,전통시장,부산광역시,,,
9213c78fcfb7bcdb94f9,full_annotation_v1,A,q_떡_01,떡,카페·디저트 중 '떡'을 판매·제공하는 매장,train,떡,T1 정확표기,5f4f30dc-bfaf-4823-961e-4cf7abca25e1,문실잡곡떡,떡,태화시장,전통시장,울산광역시,,,
714dfdd0e07257ce6e07,full_annotation_v1,A,q_떡_01,떡,카페·디저트 중 '떡'을 판매·제공하는 매장,train,떡,T1 정확표기,0100749f-7642-4d61-850f-9f5fca70f786,소하담,떡케이크 답례,백석한들1번가 골목형상점가,골목형상점가,충청남도,,,
d21ff2b7b892f0cb5674,full_annotation_v1,A,q_떡_01,떡,카페·디저트 중 '떡'을 판매·제공하는 매장,train,떡,T1 정확표기,d29cfb0f-02c3-489d-b3f4-cb7e719b3b7c,떡집,떡,춘천동부시장,전통시장,강원특별자치도,,,
52655e1a3ca6a2a9de2c,full_annotation_v1,A,q_떡_01,떡,카페·디저트 중 '떡'을 판매·제공하는 매장,train,떡,T1 정확표기,84b94d38-28f0-4eeb-aa47-a484b1e908fd,낙원떡집,떡,통영 북신전통시장,전통시장,경상남도,,,
dac3acfe40bec03dddfe,full_annotation_v1,A,q_떡_01,떡,카페·디저트 중 '떡'을 판매·제공하는 매장,train,떡,T1 정확표기,342a81ff-0398-469e-a0c5-943e0af0f0f5,낙원떡집,떡,일산서문상점가,자율상권구역,경기도,,,
647e39019e46c1a6a4e5,full_annotation_v1,A,q_떡_01,떡,카페·디저트 중 '떡'을 판매·제공하는 매장,train,떡,T1 정확표기,bdb63194-bd41-44f9-9d41-66ebff5dc379,천근떡집,떡,문화동 천근어울길 골목형상점가,골목형상점가,대전광역시,,,
60c65abab366b7e864c6,full_annotation_v1,A,q_떡_01,떡,카페·디저트 중 '떡'을 판매·제공하는 매장,train,떡,T1 정확표기,0b8ef6dc-2f6b-4707-bd73-529122d9c97a,하단떡집,떡집,하단오일상설시장,전통시장,부산광역시,,,
e521eb8742522e307961,full_annotation_v1,A,q_떡_01,떡,카페·디저트 중 '떡'을 판매·제공하는 매장,train,떡,T1 정확표기,33ca2d80-ec7e-4439-8edf-30f0a425f110,떡일품,떡,부평깡통시장(구 부산부평시장),전통시장,부산광역시,,,
713c1809329197cf7cfb,full_annotation_v1,A,q_떡_01,떡,카페·디저트 중 '떡'을 판매·제공하는 매장,train,떡,T1 정확표기,e1b61a67-ef9d-4739-91e6-80708f4702da,로그아웃 연신내점,한식(뼈구이),연신내골목형상점가,골목형상점가,서울특별시,,,
ba942912816146975ec4,full_annotation_v1,A,q_떡_01,떡,카페·디저트 중 '떡'을 판매·제공하는 매장,train,떡,T1 정확표기,18cd879e-9a25-42e7-b02e-a56e8e0886f8,낙원떡집,떡,면목골목시장,전통시장,서울특별시,,,
b113454da70bc082ca52,full_annotation_v1,A,q_떡_01,떡,카페·디저트 중 '떡'을 판매·제공하는 매장,train,떡,T1 정확표기,85d72c2e-03ba-4ce8-af60-616a2bb5c27f,낙원떡집,떡,진해중앙시장,전통시장,경상남도,,,
b69c61ac02b885257c24,full_annotation_v1,A,q_떡_01,떡,카페·디저트 중 '떡'을 판매·제공하는 매장,train,떡,T1 정확표기,8de677ed-1177-4dd2-a070-fa5b415aece1,부영떡방앗간,떡,첨단부영 골목형상점가,골목형상점가,광주광역시,,,
b8d3c587816f3747e871,full_annotation_v1,A,q_떡_01,떡,카페·디저트 중 '떡'을 판매·제공하는 매장,train,떡,T1 정확표기,f36d1f03-ca2b-4f3d-aeb3-e2e2f26c4b28,낙원떡집,떡,둔촌역전통시장,전통시장,서울특별시,,,
7fbb039117298e4810d5,full_annotation_v1,A,q_떡_01,떡,카페·디저트 중 '떡'을 판매·제공하는 매장,train,떡,T1 정확표기,630e7b90-6e65-48d6-89e9-92c272ad2513,제일떡집,떡,창동신창시장,전통시장,서울특별시,,,
e05e1f4e1a33c17f8246,full_annotation_v1,A,q_떡_01,떡,카페·디저트 중 '떡'을 판매·제공하는 매장,train,떡,T1 정확표기,9fc0792d-5c93-42b8-9b54-272541c59c2b,낙원떡집,떡,부천자유시장,전통시장,경기도,,,
f22079e722b75fbd8dbf,full_annotation_v1,A,q_떡_01,떡,카페·디저트 중 '떡'을 판매·제공하는 매장,train,떡,T1 정확표기,5a37814d-c8cf-4fb3-a926-dfd5313d1410,낙원떡집,떡,안중시장,전통시장,경기도,,,
cbc06594869ce6656913,full_annotation_v1,A,q_떡_01,떡,카페·디저트 중 '떡'을 판매·제공하는 매장,train,떡,T1 정확표기,a91197b4-e4c8-4265-8993-33b671099371,떡고을,떡,열매 골목형상점가,골목형상점가,대전광역시,,,
71b9981fdbcdf35dde49,full_annotation_v1,A,q_떡_01,떡,카페·디저트 중 '떡'을 판매·제공하는 매장,train,떡,T1 정확표기,c2fb0748-bcb6-4507-bc74-750bcb210aa8,허씨떡집,떡,남창옹기종기시장,전통시장,울산광역시,,,
aab80ee9581c5465073e,full_annotation_v1,A,q_떡_01,떡,카페·디저트 중 '떡'을 판매·제공하는 매장,train,떡,T1 정확표기,602ddd72-2481-4ffb-b90d-17213a723d08,아침에떡,떡,작전시장,전통시장,인천광역시,,,
174b60ca68ba9029035f,full_annotation_v1,A,q_떡_01,떡,카페·디저트 중 '떡'을 판매·제공하는 매장,train,떡,T1 정확표기,07f129ae-16e1-491e-9362-0683f1e3791c,민영활어공장,"수산물, 도시락류",해운대시장,전통시장,부산광역시,,,
14ac3d69d7369b96e010,full_annotation_v1,A,q_떡_01,떡,카페·디저트 중 '떡'을 판매·제공하는 매장,train,떡,T1 정확표기,ddad3660-a2bb-49d9-bbc8-eb0ca9d9e042,밤이랑감자랑,떡,강릉중앙시장,전통시장,강원특별자치도,,,
39fce03618b682948cfd,full_annotation_v1,A,q_떡_01,떡,카페·디저트 중 '떡'을 판매·제공하는 매장,train,떡,T1 정확표기,5ff5ac79-aa51-462d-9945-ad511aae1a4b,낙원떡집,떡,안양중앙시장,전통시장,경기도,,,
dadaa0853fd4b0b6eaed,full_annotation_v1,A,q_떡_01,떡,카페·디저트 중 '떡'을 판매·제공하는 매장,train,떡,T1 정확표기,abb836b6-fe49-43ac-83b0-ccbd61848de9,낙원떡집,떡,김해 삼방전통시장,전통시장,경상남도,,,
180d03f09a494dcf9cfd,full_annotation_v1,A,q_떡_01,떡,카페·디저트 중 '떡'을 판매·제공하는 매장,train,떡,T1 정확표기,2daf6a0b-665f-4511-961e-282c2d1ad887,낙원떡집,떡,한민시장,전통시장,대전광역시,,,
4b336191bdf43ef3c396,full_annotation_v1,A,q_떡_01,떡,카페·디저트 중 '떡'을 판매·제공하는 매장,train,떡,T1 정확표기,ae5620b2-49d7-448a-88a9-d1428041268d,1001안경콘텍트,안경콘택트렌즈,하남 골목형상점가,골목형상점가,광주광역시,,,
d6f34b5398ecebecbdf2,full_annotation_v1,A,q_떡_01,떡,카페·디저트 중 '떡'을 판매·제공하는 매장,train,떡,T1 정확표기,3b51d167-0068-4650-8c12-ac619f5c91a5,정아상회,수산물,김해 동상전통시장,전통시장,경상남도,,,
cc56c0d2eae420958ad1,full_annotation_v1,A,q_떡_01,떡,카페·디저트 중 '떡'을 판매·제공하는 매장,train,떡,T1 정확표기,d981e953-9af3-41c6-84a3-b71aa6a62110,떡누리,떡,푸른솔빛골목형상점가,골목형상점가,인천광역시,,,
95ec02fd3a28a14a3c80,full_annotation_v1,A,q_떡_01,떡,카페·디저트 중 '떡'을 판매·제공하는 매장,train,떡,T1 정확표기,9f7ca48d-0e23-48e0-8bd5-fbfea92f5fa6,떡예가,떡,문흥초등학교주변 골목형상점가,골목형상점가,광주광역시,,,
99bab68c1fa7809a6e6b,full_annotation_v1,A,q_떡_01,떡,카페·디저트 중 '떡'을 판매·제공하는 매장,train,떡,T1 정확표기,1074d310-4034-4f2e-850d-5c9710f23e59,낙원떡집,떡,신전시장(염포시장),전통시장,울산광역시,,,
4a766ac6c32272e04a10,full_annotation_v1,A,q_떡_01,떡,카페·디저트 중 '떡'을 판매·제공하는 매장,train,떡,T1 정확표기,001cb3d4-5441-4963-b517-d5b3904ee312,현창떡집,떡집,목포동부시장,전통시장,전라남도,,,
bdaf446d6a4fb6c55763,full_annotation_v1,A,q_떡_01,떡,카페·디저트 중 '떡'을 판매·제공하는 매장,train,떡,T1 정확표기,8b9249e1-0500-4606-a322-e3eb5bb45463,낙원떡집,떡,대구남문시장,전통시장,대구광역시,,,
f0f8f25fa6bb1f8431c4,full_annotation_v1,A,q_떡_01,떡,카페·디저트 중 '떡'을 판매·제공하는 매장,train,떡,T1 정확표기,9ee44de1-65a0-45df-a947-9dfda3206e45,떡오름,떡,보령중앙시장,전통시장,충청남도,,,
34953600c740574e437c,full_annotation_v1,A,q_떡_01,떡,카페·디저트 중 '떡'을 판매·제공하는 매장,train,떡,T1 정확표기,153f8d0a-099d-4f69-8486-95714747789b,떡본김에,떡,동림푸른 골목형상점가,골목형상점가,광주광역시,,,
6feee8b0555ea93e09d3,full_annotation_v1,A,q_떡_01,떡,카페·디저트 중 '떡'을 판매·제공하는 매장,train,떡,T1 정확표기,92367542-4807-4efe-803a-6a5140446067,청애병,떡,후곡마을 골목형상점가,골목형상점가,경기도,,,
bca5672e11003df6ff10,full_annotation_v1,A,q_떡_01,떡,카페·디저트 중 '떡'을 판매·제공하는 매장,train,떡,T1 정확표기,0869c364-4a4b-48cb-abf8-0cbb687fd530,낙원떡집,떡,용두동미르길골목형상점가,골목형상점가,대전광역시,,,
3b12d6540229b9f757b2,full_annotation_v1,A,q_떡_01,떡,카페·디저트 중 '떡'을 판매·제공하는 매장,train,떡,T1 정확표기,beaf4e0c-80c3-4321-8b7f-d23bcb640c42,민속방앗간,떡,창녕 남지시장,전통시장,경상남도,,,
626b919badec52e4aeac,full_annotation_v1,A,q_떡_01,떡,카페·디저트 중 '떡'을 판매·제공하는 매장,train,떡,T1 정확표기,0cebe95b-f4fc-40d0-a784-9dbfd82723bd,거제떡방앗간,떡,거제 읍내시장,전통시장,경상남도,,,
eb0bf2604e4eb110c6ab,full_annotation_v1,A,q_떡_01,떡,카페·디저트 중 '떡'을 판매·제공하는 매장,train,떡,T1 정확표기,5956e3f2-d4d7-4421-ac8b-185825f5924e,풍가떡집,떡,남부골목시장,전통시장,서울특별시,,,
571bc19586ee6a37fc14,full_annotation_v1,A,q_떡_01,떡,카페·디저트 중 '떡'을 판매·제공하는 매장,train,떡,T1 정확표기,4bea497f-6e91-4e94-957d-4e9a2d26a308,아침에떡,떡,소사벌 에듀타운 상인회 골목형상점가,골목형상점가,경기도,,,
c16806c03f0c797f2b14,full_annotation_v1,A,q_떡_01,떡,카페·디저트 중 '떡'을 판매·제공하는 매장,train,떡,T1 정확표기,c81c8818-96de-440a-a213-b3b070e8f306,낙원떡집,떡,산본전통시장(구 군포산본시장),전통시장,경기도,,,
81092578159c8437f91b,full_annotation_v1,A,q_떡_01,떡,카페·디저트 중 '떡'을 판매·제공하는 매장,train,떡,T1 정확표기,d13bdab4-f219-4a17-ba10-f463631f7f71,낙원떡집,떡,산성시장,전통시장,대전광역시,,,
d468c06c57b24c654175,full_annotation_v1,A,q_떡_01,떡,카페·디저트 중 '떡'을 판매·제공하는 매장,train,떡,T1 정확표기,56ce032d-0423-4f75-9fa5-8ecbe1a0aa6e,도담도담떡방,떡,카림애비뉴애 골목형상점가,골목형상점가,세종특별자치시,,,
e52a7a69d780da779703,full_annotation_v1,A,q_떡_01,떡,카페·디저트 중 '떡'을 판매·제공하는 매장,train,떡,T1 정확표기,7de8cf9b-fa01-4311-ac79-9fe8d987c3ec,샘떡집,떡,북평민속시장(북평민속5일장),전통시장,강원특별자치도,,,
b803332882dc4efc06c5,full_annotation_v1,A,q_떡_01,떡,카페·디저트 중 '떡'을 판매·제공하는 매장,train,떡,T1 정확표기,02e07694-0e7b-494c-9d49-51d842591fcd,올데이스위트,케이크,외대글로벌길 골목형상점가,골목형상점가,경기도,,,
96419f0b0746ac6ef337,full_annotation_v1,A,q_떡_01,떡,카페·디저트 중 '떡'을 판매·제공하는 매장,train,떡,T1 정확표기,bbe140bd-9d04-4da1-b132-3a59816197bd,솔떡,떡,고분다리시장,전통시장,서울특별시,,,
70fdb3396cda6041f198,full_annotation_v1,A,q_떡_01,떡,카페·디저트 중 '떡'을 판매·제공하는 매장,train,떡,T1 정확표기,80a6a661-7a39-433e-a188-50186c0f22f4,일품떡,떡,창동신창시장,전통시장,서울특별시,,,
9781fdde57235dbb0661,full_annotation_v1,A,q_떡_01,떡,카페·디저트 중 '떡'을 판매·제공하는 매장,train,떡,T1 정확표기,ed57aba7-55d6-4299-bca9-e1a85dceb439,명문떡집,떡,왜관시장,전통시장,경상북도,,,
0659a048cf006cdd1339,full_annotation_v1,A,q_떡_01,떡,카페·디저트 중 '떡'을 판매·제공하는 매장,train,떡,T1 정확표기,9f27cd98-f49f-4402-be45-9538e75ede24,피아노이야기음악교습소,음악교육,하남 골목형상점가,골목형상점가,광주광역시,,,
37cbc286fde4a83df5c1,full_annotation_v1,A,q_떡_01,떡,카페·디저트 중 '떡'을 판매·제공하는 매장,train,떡,T1 정확표기,e4f20aa6-c756-4e20-a6f3-f13a635a9298,낙원떡집,떡,영주골목시장,전통시장,경상북도,,,
1fb8d14b6fb6ac594c87,full_annotation_v1,A,q_떡_01,떡,카페·디저트 중 '떡'을 판매·제공하는 매장,train,떡,T1 정확표기,12e6c17b-a043-4fde-86ca-de15d08c8c06,좋은날엔 떡,떡,효천2지구 골목형상점가,골목형상점가,광주광역시,,,
4d0514d972a240d34fe1,full_annotation_v1,A,q_떡_01,떡,카페·디저트 중 '떡'을 판매·제공하는 매장,train,떡,T1 정확표기,005eb565-6fc3-431d-82ff-5aa4bb905498,풍년떡방,떡,주막거리상점가,자율상권구역,경기도,,,
2a832ad5814f2286c7a8,full_annotation_v1,A,q_떡_01,떡,카페·디저트 중 '떡'을 판매·제공하는 매장,train,떡,T1 정확표기,0355fd18-91d1-47f5-94d3-3e9beb39e850,케이크 7길(CAKE 7 STREET),케이크,봉포 로데오거리 골목형상점가,골목형상점가,강원특별자치도,,,
546f1bd5c7e6847be722,full_annotation_v1,A,q_떡_01,떡,카페·디저트 중 '떡'을 판매·제공하는 매장,train,떡,T1 정확표기,513ed069-0d62-4a44-b2ea-077da5f0fe82,시루본떡,떡,신장전통시장,전통시장,경기도,,,
d9c6e2928070573c28ea,full_annotation_v1,A,q_떡_01,떡,카페·디저트 중 '떡'을 판매·제공하는 매장,train,떡,T1 정확표기,f93e9e1f-cab9-44aa-a1bd-355472af9943,낙원떡집,떡,남항시장,전통시장,부산광역시,,,
1afac38430f5a5e6083b,full_annotation_v1,A,q_떡_01,떡,카페·디저트 중 '떡'을 판매·제공하는 매장,train,떡,T1 정확표기,60be6e13-bfd4-4a35-8581-4a35afde04c1,행복한사과나무,떡,만수시장,전통시장,인천광역시,,,
98d1e2443037a50d265b,full_annotation_v1,A,q_떡_01,떡,카페·디저트 중 '떡'을 판매·제공하는 매장,train,떡,T1 정확표기,940ae0c9-943c-41ad-84ac-e30cf6270abf,궁전떡방앗간,떡,일산시장(구 일산전통시장),전통시장,경기도,,,
c1a8ee9af5b829b07e75,full_annotation_v1,A,q_떡_02,떡집,카페·디저트 중 '떡'을 판매·제공하는 매장,train,떡,T2 동의어,5c82baa8-304c-4b86-8ed3-3033fc88133c,서울떡집,떡집,효자시장,전통시장,경상북도,,,
cd16919b793d7e05a10a,full_annotation_v1,A,q_떡_02,떡집,카페·디저트 중 '떡'을 판매·제공하는 매장,train,떡,T2 동의어,5ffab50b-18c6-4a5d-a52e-99b7e90bc98c,서울떡집,떡집,문막시장,전통시장,강원특별자치도,,,
ab123fbc895e66a3fb2b,full_annotation_v1,A,q_떡_02,떡집,카페·디저트 중 '떡'을 판매·제공하는 매장,train,떡,T2 동의어,005313c8-dce8-49b6-9841-9143ebb1305a,동원떡집,,박달시장,전통시장,경기도,,,
2b00be809ffe23113556,full_annotation_v1,A,q_떡_02,떡집,카페·디저트 중 '떡'을 판매·제공하는 매장,train,떡,T2 동의어,900ef9c4-758b-4543-9d31-ea36eb070054,맛샘떡집,떡집,예천상설시장,전통시장,경상북도,,,
47635c78bd7d431e9f9d,full_annotation_v1,A,q_떡_02,떡집,카페·디저트 중 '떡'을 판매·제공하는 매장,train,떡,T2 동의어,a45e662c-3a00-4c4d-94d5-b87015c8e3c5,국제헤어,미용업,남해 명품화전길 골목형상점가,골목형상점가,경상남도,,,
307af0faeab2cc325294,full_annotation_v1,A,q_떡_02,떡집,카페·디저트 중 '떡'을 판매·제공하는 매장,train,떡,T2 동의어,76cba0b6-62ec-459a-9302-3fd92474f5cd,오복떡집,떡집,무주반딧불상권활성화구역,상권활성화구역,전북특별자치도,,,
9d46ef113aa94b18e775,full_annotation_v1,A,q_떡_02,떡집,카페·디저트 중 '떡'을 판매·제공하는 매장,train,떡,T2 동의어,f26771c6-e819-4076-bd53-07ac364212ff,천일떡집,떡집,경주중앙시장,전통시장,경상북도,,,
f2b82e71f316c4a0cdf2,full_annotation_v1,A,q_떡_02,떡집,카페·디저트 중 '떡'을 판매·제공하는 매장,train,떡,T2 동의어,41df4206-66f7-42a5-a7cc-7afabcf90682,떡마차,떡집,산본로데오거리(구 산본중심상가),자율상권구역,경기도,,,
1af6edd7e368eb79a35d,full_annotation_v1,A,q_떡_02,떡집,카페·디저트 중 '떡'을 판매·제공하는 매장,train,떡,T2 동의어,a869a6e3-f723-4629-b496-4fb996cc89d4,차가네떡전문점,떡집,의정부제일시장,전통시장,경기도,,,
5c6d7ca7824157dc5a4f,full_annotation_v1,A,q_떡_02,떡집,카페·디저트 중 '떡'을 판매·제공하는 매장,train,떡,T2 동의어,fcac33d5-28a9-4e94-b50f-bd0e16826631,서울떡집,떡집,내수전통시장,전통시장,충청북도,,,
f487253de2b2c701bf08,full_annotation_v1,A,q_떡_02,떡집,카페·디저트 중 '떡'을 판매·제공하는 매장,train,떡,T2 동의어,03c24ed1-1000-4d0a-9167-76e24e042340,신전떡볶이,떡볶이,전북대대학로상점가,자율상권구역,전북특별자치도,,,
784cda21a8f179dab906,full_annotation_v1,A,q_떡_02,떡집,카페·디저트 중 '떡'을 판매·제공하는 매장,train,떡,T2 동의어,00b6de61-2c2e-4164-aee6-c011f81aec20,파리바게뜨 세종반곡,"베이커리, 케이크, 음료, 커피",반곡동행복 골목형상점가,골목형상점가,세종특별자치시,,,
94ddd337434f74629270,full_annotation_v1,A,q_떡_02,떡집,카페·디저트 중 '떡'을 판매·제공하는 매장,train,떡,T2 동의어,0046e3b5-e973-4cc0-807c-acb34ad8e262,야음민속떡집,제조업(떡방앗간),울산번개시장,전통시장,울산광역시,,,
5ee66b5c9421bcdd6098,full_annotation_v1,A,q_떡_02,떡집,카페·디저트 중 '떡'을 판매·제공하는 매장,train,떡,T2 동의어,246cddeb-4702-430d-a9f0-23ff787e50f4,종로떡집,떡집,성환1번가 골목형상점가,골목형상점가,충청남도,,,
9ec06a07588977e8918d,full_annotation_v1,A,q_떡_02,떡집,카페·디저트 중 '떡'을 판매·제공하는 매장,train,떡,T2 동의어,4520084e-2438-4541-8f51-9ec27717a243,일류떡방아간,떡집,김해 동상전통시장,전통시장,경상남도,,,
da088d493b518561a026,full_annotation_v1,A,q_떡_02,떡집,카페·디저트 중 '떡'을 판매·제공하는 매장,train,떡,T2 동의어,03bf91ba-3189-4a14-a051-8c46b790ca83,공주아디다스,"의류, 신발",공주산성 활성화구역,상권활성화구역,충청남도,,,
d45de17d0b5cf1e2b1fc,full_annotation_v1,A,q_떡_02,떡집,카페·디저트 중 '떡'을 판매·제공하는 매장,train,떡,T2 동의어,4cc33e93-5ba2-408c-9dc1-e103c823c5fd,콩마니꼬마김밥(본점),분식김밥,화산로 골목형상점가,골목형상점가,광주광역시,,,
4694acc51547fb0ea214,full_annotation_v1,A,q_떡_02,떡집,카페·디저트 중 '떡'을 판매·제공하는 매장,train,떡,T2 동의어,0285a210-0334-4889-8ecb-5133ea34d487,놀숲 대전버드내점,"커피, 음표, 떡볶이, 볶음밥",유천버드내 골목형상점가,골목형상점가,대전광역시,,,
b8e6fd28df2e3b7c6c5e,full_annotation_v1,A,q_떡_02,떡집,카페·디저트 중 '떡'을 판매·제공하는 매장,train,떡,T2 동의어,f2e22db3-0e1b-497e-9d35-f2112be5982d,성동떡집,떡집,경주성동공설시장,전통시장,경상북도,,,
615775fc87cb50f7e14a,full_annotation_v1,A,q_떡_02,떡집,카페·디저트 중 '떡'을 판매·제공하는 매장,train,떡,T2 동의어,bb4f6cf3-6eaa-4a7e-a755-f4ccaa573a13,대구떡집,떡집,불로전통시장,전통시장,대구광역시,,,
7e5d37ab3b3cabbd5dd2,full_annotation_v1,A,q_떡_02,떡집,카페·디저트 중 '떡'을 판매·제공하는 매장,train,떡,T2 동의어,34c65d3d-e21a-4925-a300-fc1849ac8717,이조떡방아간,떡집,탁옥로 골목형상점가,골목형상점가,인천광역시,,,
086eda0f784eb269e7f9,full_annotation_v1,A,q_떡_02,떡집,카페·디저트 중 '떡'을 판매·제공하는 매장,train,떡,T2 동의어,04152499-1e7f-451f-8393-4986be4bd671,신전떡볶이,떡볶이,행복상점가,자율상권구역,경상북도,,,
acaa994433e63a2a6136,full_annotation_v1,A,q_떡_02,떡집,카페·디저트 중 '떡'을 판매·제공하는 매장,train,떡,T2 동의어,94f12e63-24cb-4d29-a12d-ee9f3c85d90e,민속떡집,떡집,인왕시장,전통시장,서울특별시,,,
754e5c6ec88004adcc63,full_annotation_v1,A,q_떡_02,떡집,카페·디저트 중 '떡'을 판매·제공하는 매장,train,떡,T2 동의어,5adb5ee0-0a5a-4420-8704-7341afc1b47d,형제떡집,떡집,진주 비봉시장,전통시장,경상남도,,,
69e4975a19e093b96c26,full_annotation_v1,A,q_떡_02,떡집,카페·디저트 중 '떡'을 판매·제공하는 매장,train,떡,T2 동의어,73b920ec-8e0a-407a-9f21-a14414809043,7월헤어,컷트 펌 염색 헤어클리닉,광복마을5길 골목형상점가,골목형상점가,광주광역시,,,
97f9dce90e8e512a9744,full_annotation_v1,A,q_떡_02,떡집,카페·디저트 중 '떡'을 판매·제공하는 매장,train,떡,T2 동의어,96be70a6-cf62-49bd-8903-3590c4e4b847,풍년기름집,기름,역곡상상시장(구 역곡북부시장),전통시장,경기도,,,
345d70802b210916a911,full_annotation_v1,A,q_떡_02,떡집,카페·디저트 중 '떡'을 판매·제공하는 매장,train,떡,T2 동의어,9c9a78a6-90ea-478e-9d14-d1da2aec8ef3,늘푸른화원,화훼 소매,남해 명품화전길 골목형상점가,골목형상점가,경상남도,,,
01ce799dcad6a9fc0c2e,full_annotation_v1,A,q_떡_02,떡집,카페·디저트 중 '떡'을 판매·제공하는 매장,train,떡,T2 동의어,95a7dec1-596a-47f1-9bb2-565ca5f54ff7,해남떡집,떡집,해남매일시장,전통시장,전라남도,,,
e3764cb30f35d8fb83d7,full_annotation_v1,A,q_떡_02,떡집,카페·디저트 중 '떡'을 판매·제공하는 매장,train,떡,T2 동의어,7f110b2a-d799-4a45-95b0-2d87bbf43ea7,강남떡집,떡집,상도전통시장,전통시장,서울특별시,,,
7e448a98e547837f2e4b,full_annotation_v1,A,q_떡_02,떡집,카페·디저트 중 '떡'을 판매·제공하는 매장,train,떡,T2 동의어,b9f761f1-0765-44d5-8b79-1ad970d6cd32,관저오징어나라,오징어,관저동 먹자골목 골목형상점가,골목형상점가,대전광역시,,,
70369ae993b01633704c,full_annotation_v1,A,q_떡_02,떡집,카페·디저트 중 '떡'을 판매·제공하는 매장,train,떡,T2 동의어,813ce9a1-a0a1-456a-bdee-e7cfce6a368b,인천민속떡방,떡집,연희로 골목형상점가,골목형상점가,인천광역시,,,
9f5e2a707727a6b20fdb,full_annotation_v1,A,q_떡_02,떡집,카페·디저트 중 '떡'을 판매·제공하는 매장,train,떡,T2 동의어,b350f7fd-dcc4-4d18-9db6-96cc43060be2,복떡집,떡집,창원 소계시장,전통시장,경상남도,,,
faf77a1e50ad9b0de0ee,full_annotation_v1,A,q_떡_02,떡집,카페·디저트 중 '떡'을 판매·제공하는 매장,train,떡,T2 동의어,0b8ef6dc-2f6b-4707-bd73-529122d9c97a,하단떡집,떡집,하단오일상설시장,전통시장,부산광역시,,,
41e99f92c876582057c5,full_annotation_v1,A,q_떡_02,떡집,카페·디저트 중 '떡'을 판매·제공하는 매장,train,떡,T2 동의어,f499b995-c396-4df5-b150-a9428ef88287,형제떡집,떡집,덕정골목형상점가,골목형상점가,경기도,,,
cec6659cc91642f0ee73,full_annotation_v1,A,q_떡_02,떡집,카페·디저트 중 '떡'을 판매·제공하는 매장,train,떡,T2 동의어,223d426b-b8e2-4337-8668-17314edd4ed8,다올동산떡집,떡집,동문시장,전통시장,충청북도,,,
45e3f8be01e0f6dc504f,full_annotation_v1,A,q_떡_02,떡집,카페·디저트 중 '떡'을 판매·제공하는 매장,train,떡,T2 동의어,ea13a3f9-8d78-48a7-9c44-5c38b6114503,부흥떡집,떡집,원미종합시장,전통시장,경기도,,,
1c02407c02ee667fa5b7,full_annotation_v1,A,q_떡_02,떡집,카페·디저트 중 '떡'을 판매·제공하는 매장,train,떡,T2 동의어,000814be-1ad1-4f62-87e7-0e02af595e2f,사사,"샌드위치, 케이크, 커피",나릿재 골목형상점가,골목형상점가,세종특별자치시,,,
359f52a2129cb5d70a8d,full_annotation_v1,A,q_떡_02,떡집,카페·디저트 중 '떡'을 판매·제공하는 매장,train,떡,T2 동의어,d0a9d531-5b61-4430-bb67-e6702c974cf5,나래떡집,떡집,양산 나래메트로시티 골목형상점가,골목형상점가,경상남도,,,
aaa88a3e69e0b4233d91,full_annotation_v1,A,q_떡_02,떡집,카페·디저트 중 '떡'을 판매·제공하는 매장,train,떡,T2 동의어,6199925a-ee50-42b9-b3a2-5ec51aa71115,해도떡방아,떡집,포항큰동해시장,전통시장,경상북도,,,
2c3ae4122756f9dc3a9e,full_annotation_v1,A,q_떡_02,떡집,카페·디저트 중 '떡'을 판매·제공하는 매장,train,떡,T2 동의어,f2e95edb-c506-4b03-bd1d-b93dedd952a7,경대떡집,떡집,마산 신마산시장,전통시장,경상남도,,,
2c5ad9657c367ec75391,full_annotation_v1,A,q_떡_02,떡집,카페·디저트 중 '떡'을 판매·제공하는 매장,train,떡,T2 동의어,001cb3d4-5441-4963-b517-d5b3904ee312,현창떡집,떡집,목포동부시장,전통시장,전라남도,,,
32125ef85458dc4775b4,full_annotation_v1,A,q_떡_02,떡집,카페·디저트 중 '떡'을 판매·제공하는 매장,train,떡,T2 동의어,9a7a3da1-a357-41a0-b3c4-62fff9411ead,서울떡집,떡집,대곡시장,전통시장,대구광역시,,,
950788986002753cc403,full_annotation_v1,A,q_떡_02,떡집,카페·디저트 중 '떡'을 판매·제공하는 매장,train,떡,T2 동의어,6d6e9dfd-2cd3-4362-b9de-9f75ec0182d9,모래내떡전문점,떡집,전주모래내시장,전통시장,전북특별자치도,,,
32340310837a524ca6e1,full_annotation_v1,A,q_떡_02,떡집,카페·디저트 중 '떡'을 판매·제공하는 매장,train,떡,T2 동의어,33f24661-1324-4c7a-84be-61a69e78e7fc,정성떡집,떡집,여수교동시장,전통시장,전라남도,,,
1606216cb7694fcc1948,full_annotation_v1,A,q_떡_02,떡집,카페·디저트 중 '떡'을 판매·제공하는 매장,train,떡,T2 동의어,6c5f38b6-015f-44dc-aaac-dd83d9b44513,정앤네일,,울산대바보사거리 골목형상점가,골목형상점가,울산광역시,,,
253448ce25697c1990b1,full_annotation_v1,A,q_떡_02,떡집,카페·디저트 중 '떡'을 판매·제공하는 매장,train,떡,T2 동의어,1f4b80ea-656d-4462-951c-a0d6a6f5db8b,영광모시잎떡집,떡집,퐁당거리 골목형상점가,골목형상점가,전라남도,,,
948e2b38b6f9f38873f3,full_annotation_v1,A,q_떡_02,떡집,카페·디저트 중 '떡'을 판매·제공하는 매장,train,떡,T2 동의어,23a281e5-490a-4194-9c38-6d1fa6ead2b4,솔나무떡집,떡집,북수원시장( 구 파장시장),전통시장,경기도,,,
b7246b2b7d206a747e2a,full_annotation_v1,A,q_떡_02,떡집,카페·디저트 중 '떡'을 판매·제공하는 매장,train,떡,T2 동의어,fbc59996-2c27-4f81-b236-0d0ac158c6ea,일곱시떡집,떡집,영동전통시장,전통시장,서울특별시,,,
4c68c42c856b5a5150e9,full_annotation_v1,A,q_떡_02,떡집,카페·디저트 중 '떡'을 판매·제공하는 매장,train,떡,T2 동의어,015915e3-2542-4245-b627-0c775b4c5501,한내떡집,,거제 고현시장,전통시장,경상남도,,,
2a42d1390275797203bd,full_annotation_v1,A,q_떡_02,떡집,카페·디저트 중 '떡'을 판매·제공하는 매장,train,떡,T2 동의어,93091e62-e95d-475b-a6f4-49da3eddd82a,우리떡절구,떡집,병점중심상가,자율상권구역,경기도,,,
acf3a7eac89ad2425f74,full_annotation_v1,A,q_떡_02,떡집,카페·디저트 중 '떡'을 판매·제공하는 매장,train,떡,T2 동의어,06c9030d-f37c-4867-a42f-ccd438d601a1,신불떡볶이,"분식, 떡볶이",온누리 골목형상점가,골목형상점가,경기도,,,
cd803fd274a02f78f630,full_annotation_v1,A,q_떡_02,떡집,카페·디저트 중 '떡'을 판매·제공하는 매장,train,떡,T2 동의어,ae2b11fd-24eb-48a3-b4bc-05b6d50b1aaf,풍년떡집,떡집,경산중앙상점가,자율상권구역,경상북도,,,
ea1a07f6deccf029e232,full_annotation_v1,A,q_떡_02,떡집,카페·디저트 중 '떡'을 판매·제공하는 매장,train,떡,T2 동의어,74c74050-ba51-485d-ae94-39803ee2d9c0,광주맨하탄,의류,충금지하도상가,일반지하상점가,광주광역시,,,
0f038240f649021f19ce,full_annotation_v1,A,q_떡_02,떡집,카페·디저트 중 '떡'을 판매·제공하는 매장,train,떡,T2 동의어,5b4dfa76-495e-46f9-8711-3e2e957e333c,종로떡집,떡집,양평물맑은시장,전통시장,경기도,,,
35e53a44573eef54a8e8,full_annotation_v1,A,q_떡_02,떡집,카페·디저트 중 '떡'을 판매·제공하는 매장,train,떡,T2 동의어,de405390-31a7-4f67-ad18-d86791e9d027,청도떡집,떡집,동구시장,전통시장,대구광역시,,,
6074bfc0eb8e24e5d2a7,full_annotation_v1,A,q_떡_02,떡집,카페·디저트 중 '떡'을 판매·제공하는 매장,train,떡,T2 동의어,f8ea7fa9-4623-4665-bb71-c109ace053fb,민속떡집,떡집,용운시장,전통시장,대전광역시,,,
7138607802493c710b00,full_annotation_v1,A,q_떡_02,떡집,카페·디저트 중 '떡'을 판매·제공하는 매장,train,떡,T2 동의어,0e00d35c-f277-44ec-b3a8-0169af5a983a,오병떡방,떡집,남문시장,전통시장,서울특별시,,,
a55431aff48330f1fff1,full_annotation_v1,A,q_떡_02,떡집,카페·디저트 중 '떡'을 판매·제공하는 매장,train,떡,T2 동의어,84b49d2b-ff52-4e6d-beb8-e676755052e7,새서울떡집,떡집,월촌역시장(구 송현주공시장),전통시장,대구광역시,,,
aca49d95546e9906f263,full_annotation_v1,A,q_떡_02,떡집,카페·디저트 중 '떡'을 판매·제공하는 매장,train,떡,T2 동의어,de8a5bc7-8736-455c-872b-db04aa2d0778,떡마을,떡집,용운시장,전통시장,대전광역시,,,
c18b6678e569d6d7c946,full_annotation_v1,A,q_떡_02,떡집,카페·디저트 중 '떡'을 판매·제공하는 매장,train,떡,T2 동의어,7c155bc1-60c9-475d-ade3-bd2ce9822837,수빈떡집,떡집,복이있는덕포시장,전통시장,부산광역시,,,
c8dac5e39eb7a2dfb65b,full_annotation_v1,A,q_떡_02,떡집,카페·디저트 중 '떡'을 판매·제공하는 매장,train,떡,T2 동의어,342d3acb-4c96-4d15-996b-3dbf39f04f45,남부떡집,떡집,양산 남부시장상가,전통시장,경상남도,,,
0538b6c27cde3255c151,full_annotation_v1,A,q_떡_02,떡집,카페·디저트 중 '떡'을 판매·제공하는 매장,train,떡,T2 동의어,0ebed360-1c2b-4e0d-9243-4be66f3111f4,다복떡집,떡집,경주성동공설시장,전통시장,경상북도,,,
7099dbf95bd012d133c8,full_annotation_v1,A,q_떡_02,떡집,카페·디저트 중 '떡'을 판매·제공하는 매장,train,떡,T2 동의어,7fc972be-2dd1-4770-a09d-a266709770ce,역전떡집,떡집,순천역전시장상가,자율상권구역,전라남도,,,
f589750b3d7f7f0c7877,full_annotation_v1,A,q_떡_02,떡집,카페·디저트 중 '떡'을 판매·제공하는 매장,train,떡,T2 동의어,04c905ba-3172-4ea4-a6dd-4345d674dea0,덕순이네,제조업(떡집),장터길 골목형상점가,골목형상점가,경기도,,,
ab0e99862be6c97cc7eb,full_annotation_v1,A,q_떡_02,떡집,카페·디저트 중 '떡'을 판매·제공하는 매장,train,떡,T2 동의어,70edb168-d9c6-4010-9c33-002c3ab437cf,낙원떡방,떡집,보라빛거리골목형상점가,골목형상점가,서울특별시,,,
161ec456807cd90f8439,full_annotation_v1,A,q_떡_02,떡집,카페·디저트 중 '떡'을 판매·제공하는 매장,train,떡,T2 동의어,dcfa3608-dde8-47b6-af4e-4aad4909260e,성일떳방앗간,떡집,화원시장,전통시장,대구광역시,,,
0c851bfa1ab3002ecd50,full_annotation_v1,A,q_떡_02,떡집,카페·디저트 중 '떡'을 판매·제공하는 매장,train,떡,T2 동의어,d7d86e4d-e140-4e67-a83a-b20e0b682b75,강남떡방앗간,떡집,삼산시장,기타,인천광역시,,,
22d9a3563cb4b7ef3bbc,full_annotation_v1,A,q_떡_02,떡집,카페·디저트 중 '떡'을 판매·제공하는 매장,train,떡,T2 동의어,e3650300-a440-4146-be97-aef04c8d9ada,수복떡집,떡집,천안중앙시장,전통시장,충청남도,,,
4206294b038614cf3e5b,full_annotation_v1,A,q_떡_02,떡집,카페·디저트 중 '떡'을 판매·제공하는 매장,train,떡,T2 동의어,26009e8f-2371-494a-b567-ef44a112f2d6,신성떡집,떡집,중앙로상점가,자율상권구역,제주특별자치도,,,
ccf8a19c99f8de50c5ee,full_annotation_v1,A,q_떡_02,떡집,카페·디저트 중 '떡'을 판매·제공하는 매장,train,떡,T2 동의어,801e6f7f-4ac4-42fc-b1bc-7d442d5c9d7c,명가떡집,떡집,정읍샘고을시장,전통시장,전북특별자치도,,,
31c1d4c22295624beea2,full_annotation_v1,A,q_떡_02,떡집,카페·디저트 중 '떡'을 판매·제공하는 매장,train,떡,T2 동의어,005eb565-6fc3-431d-82ff-5aa4bb905498,풍년떡방,떡,주막거리상점가,자율상권구역,경기도,,,
0afd21cd92a8d16df87b,full_annotation_v1,A,q_떡_02,떡집,카페·디저트 중 '떡'을 판매·제공하는 매장,train,떡,T2 동의어,b366a2c5-2cf5-4482-8571-7f6bac88faa7,서울떡집,떡집,서동시장(창인시장),전통시장,전북특별자치도,,,
103500e2f1307dc0224f,full_annotation_v1,A,q_떡_02,떡집,카페·디저트 중 '떡'을 판매·제공하는 매장,train,떡,T2 동의어,024c1f10-1fe0-4be3-8bde-6465f5cd8c43,오늘은 떡볶이,"떡볶이, 튀김, 순대 등",석촌시장,전통시장,서울특별시,,,
995b059c57bd51826235,full_annotation_v1,A,q_떡_02,떡집,카페·디저트 중 '떡'을 판매·제공하는 매장,train,떡,T2 동의어,7e9443d4-3c9b-4f6a-b538-e2caecb1b393,장수떡집,떡집,연서시장,전통시장,서울특별시,,,
81b244fe82d25824802b,full_annotation_v1,A,q_떡_02,떡집,카페·디저트 중 '떡'을 판매·제공하는 매장,train,떡,T2 동의어,8676cab9-3b5d-432d-b337-cccff7f0d1ab,스터디카페시작,스터디카페,노은역 골목형상점가,골목형상점가,대전광역시,,,
0d4978bd550219cadace,full_annotation_v1,A,q_떡_02,떡집,카페·디저트 중 '떡'을 판매·제공하는 매장,train,떡,T2 동의어,c0d7da77-337c-406c-b3ed-5f7f15d8dc56,낙원떡방아간,떡집,영등포양평시장,기타,서울특별시,,,
6b4990b87cf8212bcba1,full_annotation_v1,A,q_떡_02,떡집,카페·디저트 중 '떡'을 판매·제공하는 매장,train,떡,T2 동의어,bce257b0-09af-4689-8224-6ccc13258493,떡돌이와떡순이,떡집,신 강남시장,전통시장,인천광역시,,,
848ce153b2f155a7b2f3,full_annotation_v1,A,q_떡_02,떡집,카페·디저트 중 '떡'을 판매·제공하는 매장,train,떡,T2 동의어,bb1e640f-3833-430a-ba27-8c0f36b10f9b,순철네떡집,떡집,임방울거리1구역 골목형상점가,골목형상점가,광주광역시,,,
4a5dcf7ae1061d317e07,full_annotation_v1,A,q_떡_02,떡집,카페·디저트 중 '떡'을 판매·제공하는 매장,train,떡,T2 동의어,85f437ce-0342-42ef-989a-3fca8ee4cb84,필복떡집,떡집,유구시장,전통시장,충청남도,,,
a6c9cc79732a7baa60b8,full_annotation_v1,A,q_떡_02,떡집,카페·디저트 중 '떡'을 판매·제공하는 매장,train,떡,T2 동의어,d76ca538-c4b1-4df5-9fdc-495bb8881aea,바른율치과,의료서비스,금호상인회 골목형상점가,골목형상점가,광주광역시,,,
9ebf4d2aacf694667c6b,full_annotation_v1,A,q_떡_02,떡집,카페·디저트 중 '떡'을 판매·제공하는 매장,train,떡,T2 동의어,0100749f-7642-4d61-850f-9f5fca70f786,소하담,떡케이크 답례,백석한들1번가 골목형상점가,골목형상점가,충청남도,,,
8e4f70172e585475ceb3,full_annotation_v1,A,q_떡_02,떡집,카페·디저트 중 '떡'을 판매·제공하는 매장,train,떡,T2 동의어,57a37fcc-91a4-45a1-91b9-c43052e58553,낙원떡집,떡집,김천평화시장,전통시장,경상북도,,,
328d493a7dc620ed4d39,full_annotation_v1,A,q_떡_02,떡집,카페·디저트 중 '떡'을 판매·제공하는 매장,train,떡,T2 동의어,ed7e498d-6ba6-43ad-8019-88c78917137c,국수나무 무거옥현점,,울산대바보사거리 골목형상점가,골목형상점가,울산광역시,,,
6b5779de84931a7e73ed,full_annotation_v1,A,q_떡_02,떡집,카페·디저트 중 '떡'을 판매·제공하는 매장,train,떡,T2 동의어,6883de60-d84e-4586-821c-b4c086bc072f,온가족연합치과의원,치과의료,구미 골드타워 골목형상점가,골목형상점가,경상북도,,,
fef042084d1974af51c6,full_annotation_v1,A,q_떡_02,떡집,카페·디저트 중 '떡'을 판매·제공하는 매장,train,떡,T2 동의어,1e429c88-f3c8-4269-9706-e416fb23caff,장보고싶은 축산,"육류, 채소",말바우시장,전통시장,광주광역시,,,
fa66050dbb8491e3686c,full_annotation_v1,A,q_떡_02,떡집,카페·디저트 중 '떡'을 판매·제공하는 매장,train,떡,T2 동의어,4b76bfc1-92a6-4ea7-b8a2-4803af5a0f1e,오병이어,떡집,공덕시장,전통시장,서울특별시,,,
b6ff7cbe0ccb830f8aef,full_annotation_v1,A,q_떡_02,떡집,카페·디저트 중 '떡'을 판매·제공하는 매장,train,떡,T2 동의어,006a0313-25b0-44ff-a533-8a01005aa1a6,안채떡시루,떡,신도꼼지락시장,전통시장,대전광역시,,,
0508ebe37b72361010b3,full_annotation_v1,A,q_떡_02,떡집,카페·디저트 중 '떡'을 판매·제공하는 매장,train,떡,T2 동의어,fe9fe588-736d-41d5-9b73-586c31d9b359,장수떡집,떡집,동서시장,전통시장,대구광역시,,,
d84b1ab6b47dde11ba9b,full_annotation_v1,A,q_떡_02,떡집,카페·디저트 중 '떡'을 판매·제공하는 매장,train,떡,T2 동의어,6bd5b9c9-b303-4df0-84bf-61cb1714a999,덕포떡집,떡집,서부아침시장(영월서부시장),전통시장,강원특별자치도,,,
a6fa5d11efd3cc8c69c4,full_annotation_v1,A,q_떡_02,떡집,카페·디저트 중 '떡'을 판매·제공하는 매장,train,떡,T2 동의어,8d84b326-e6bc-4c0f-8329-c6c72f722ec5,염주골식육식당,한식,염주먹자골목A구역상인회 골목형상점가,골목형상점가,광주광역시,,,
ddb7ea26bf0f522d7389,full_annotation_v1,A,q_떡_02,떡집,카페·디저트 중 '떡'을 판매·제공하는 매장,train,떡,T2 동의어,9767f968-1569-4d86-a8d2-4ebaae51feb0,대성떡집,떡집,마산어시장,전통시장,경상남도,,,
548b3a710e42844bd984,full_annotation_v1,A,q_떡_02,떡집,카페·디저트 중 '떡'을 판매·제공하는 매장,train,떡,T2 동의어,7269366d-eeb8-4320-85cb-dddc85f35fcf,고향떡집,떡집,화서시장,전통시장,경기도,,,
84e32b436589804b6285,full_annotation_v1,A,q_떡_02,떡집,카페·디저트 중 '떡'을 판매·제공하는 매장,train,떡,T2 동의어,d29cfb0f-02c3-489d-b3f4-cb7e719b3b7c,떡집,떡,춘천동부시장,전통시장,강원특별자치도,,,
c8959f7a06bb9460a497,full_annotation_v1,A,q_떡_02,떡집,카페·디저트 중 '떡'을 판매·제공하는 매장,train,떡,T2 동의어,02e07694-0e7b-494c-9d49-51d842591fcd,올데이스위트,케이크,외대글로벌길 골목형상점가,골목형상점가,경기도,,,
c36a20c6c0f74d818dc3,full_annotation_v1,A,q_떡_02,떡집,카페·디저트 중 '떡'을 판매·제공하는 매장,train,떡,T2 동의어,001b41fe-1fe3-4a7a-9c03-5e556ffc776d,마수리떡,떡,중앙신시장,전통시장,경상북도,,,
179addf0f4b3bed16336,full_annotation_v1,A,q_떡_02,떡집,카페·디저트 중 '떡'을 판매·제공하는 매장,train,떡,T2 동의어,ba05b3dd-1bf9-42b0-a7c4-a64500e6cf2e,천운떡집,떡집,서산동부전통시장,전통시장,충청남도,,,
2045cc0b9dff5977ee19,full_annotation_v1,A,q_떡_02,떡집,카페·디저트 중 '떡'을 판매·제공하는 매장,train,떡,T2 동의어,106587ac-d3aa-47bd-a89d-7fa9866edf22,한림떡집,떡집,김해 동상전통시장,전통시장,경상남도,,,
f41cf5771ff900f783bd,full_annotation_v1,A,q_떡_02,떡집,카페·디저트 중 '떡'을 판매·제공하는 매장,train,떡,T2 동의어,1480cc3e-591d-4ce3-a747-988c5df3645d,더벤티 구미확장단지점,커피,구미 골드타워 골목형상점가,골목형상점가,경상북도,,,
46abbcbf327bf5de0c59,full_annotation_v1,A,q_떡_02,떡집,카페·디저트 중 '떡'을 판매·제공하는 매장,train,떡,T2 동의어,81fac342-30b9-4966-92dd-24e0de2ebc1d,장수떡집,떡집,정자시장,전통시장,경기도,,,
5c12f4b38c2b4f4cbd15,full_annotation_v1,A,q_떡_02,떡집,카페·디저트 중 '떡'을 판매·제공하는 매장,train,떡,T2 동의어,4ca54a53-36e0-4ae1-ad01-e1eceabc7c3a,송현떡집,떡집,굴비골영광시장(구 영광매일시장),전통시장,전라남도,,,
8da1280f0c8be4055c1e,full_annotation_v1,A,q_떡_02,떡집,카페·디저트 중 '떡'을 판매·제공하는 매장,train,떡,T2 동의어,ced7f0fb-4c74-4252-85b8-b5c89ccb408f,만나떡집,떡집,엄상마을상점가,골목형상점가,경기도,,,
6ab6a35804367e7dd97d,full_annotation_v1,A,q_떡_02,떡집,카페·디저트 중 '떡'을 판매·제공하는 매장,train,떡,T2 동의어,582ff653-7b05-48c9-b795-ce4cf1551720,호박떡집,떡집,석촌시장,전통시장,서울특별시,,,
fe4f10ed1e94e3008f04,full_annotation_v1,A,q_떡_02,떡집,카페·디저트 중 '떡'을 판매·제공하는 매장,train,떡,T2 동의어,0355fd18-91d1-47f5-94d3-3e9beb39e850,케이크 7길(CAKE 7 STREET),케이크,봉포 로데오거리 골목형상점가,골목형상점가,강원특별자치도,,,
04e53e6436685d0ff94b,full_annotation_v1,A,q_떡_02,떡집,카페·디저트 중 '떡'을 판매·제공하는 매장,train,떡,T2 동의어,b5504773-441d-4f64-8b2d-2ce302c10a2b,정원떡집,떡집,수영팔도시장(구 수영팔도상가시장),전통시장,부산광역시,,,
decde599f79d05addb37,full_annotation_v1,A,q_떡_02,떡집,카페·디저트 중 '떡'을 판매·제공하는 매장,train,떡,T2 동의어,36d4dca3-6014-4170-bf75-18110f61a5ee,서울떡집,떡집,산격종합시장,전통시장,대구광역시,,,
e577dc07782b58063a1b,full_annotation_v1,A,q_떡_02,떡집,카페·디저트 중 '떡'을 판매·제공하는 매장,train,떡,T2 동의어,7f4e0747-1bcf-420a-8a96-3a59ebfa24ab,미채움떡,떡집,서변중앙시장,전통시장,대구광역시,,,
ad57d1f75d192062967c,full_annotation_v1,A,q_떡_02,떡집,카페·디저트 중 '떡'을 판매·제공하는 매장,train,떡,T2 동의어,c31ee53d-fc38-4e74-be51-3df3f95e8f7c,낙원떡집,떡집,까치산시장,전통시장,서울특별시,,,
2f52cb55f8ec2c6bab9f,full_annotation_v1,A,q_떡_02,떡집,카페·디저트 중 '떡'을 판매·제공하는 매장,train,떡,T2 동의어,10163e81-11c0-4490-b706-21d9bb0e6e8b,서울떡집,떡집,일동전통시장,전통시장,경기도,,,
287b96cfb123fbac9e1f,full_annotation_v1,A,q_떡_02,떡집,카페·디저트 중 '떡'을 판매·제공하는 매장,train,떡,T2 동의어,b8783da9-185b-4a5c-8d14-90d49e78d0f0,경성떡집,떡집,두호1시장,전통시장,경상북도,,,
73f5af05982e3ef70038,full_annotation_v1,A,q_떡_02,떡집,카페·디저트 중 '떡'을 판매·제공하는 매장,train,떡,T2 동의어,d4bfcc6b-1a20-4b7b-8743-6d56b6f09b3a,청강떡집,떡집,신가동 골목형상점가,골목형상점가,광주광역시,,,
d67df5635f20bf1a54b4,full_annotation_v1,A,q_떡_02,떡집,카페·디저트 중 '떡'을 판매·제공하는 매장,train,떡,T2 동의어,e5efa8b2-c469-4d60-9c05-011c49d8e9d8,미각떡집,떡집,마천중앙시장,전통시장,서울특별시,,,
d9052691b32ddbfde2f4,full_annotation_v1,A,q_떡_02,떡집,카페·디저트 중 '떡'을 판매·제공하는 매장,train,떡,T2 동의어,d1682d4e-ec7e-4ac6-8dd5-11f764c022cd,합천우진떡방앗간,떡집,합천왕후시장,전통시장,경상남도,,,
71d974bdee47610314f3,full_annotation_v1,A,q_떡_02,떡집,카페·디저트 중 '떡'을 판매·제공하는 매장,train,떡,T2 동의어,eb4434b2-f3df-4d4c-87b9-51f897afb7df,서울떡집,떡집,경동시장,전통시장,서울특별시,,,
6a45361c0009d59300a5,full_annotation_v1,A,q_떡_03,떡케이크,카페·디저트 중 '떡'을 판매·제공하는 매장,train,떡,T2 동의어,006a0313-25b0-44ff-a533-8a01005aa1a6,안채떡시루,떡,신도꼼지락시장,전통시장,대전광역시,,,
481ae9757f8b1a1d564e,full_annotation_v1,A,q_떡_03,떡케이크,카페·디저트 중 '떡'을 판매·제공하는 매장,train,떡,T2 동의어,2aa55695-b308-46ee-bfa5-43ab3e8ab922,전이 좋아,전,토지금고시장,전통시장,인천광역시,,,
a0e4277e0448b43c459a,full_annotation_v1,A,q_떡_03,떡케이크,카페·디저트 중 '떡'을 판매·제공하는 매장,train,떡,T2 동의어,0f9cb348-cd19-4324-a38f-4527cd789fba,무무케이크(MUMUCAKE),떡케이크,산본로데오거리(구 산본중심상가),자율상권구역,경기도,,,
83e20bff7ce78ec12b63,full_annotation_v1,A,q_떡_03,떡케이크,카페·디저트 중 '떡'을 판매·제공하는 매장,train,떡,T2 동의어,0100749f-7642-4d61-850f-9f5fca70f786,소하담,떡케이크 답례,백석한들1번가 골목형상점가,골목형상점가,충청남도,,,
cdadaeebd3293f8de992,full_annotation_v1,A,q_떡_03,떡케이크,카페·디저트 중 '떡'을 판매·제공하는 매장,train,떡,T2 동의어,0285a210-0334-4889-8ecb-5133ea34d487,놀숲 대전버드내점,"커피, 음표, 떡볶이, 볶음밥",유천버드내 골목형상점가,골목형상점가,대전광역시,,,
be512a75e9ed85bc58ac,full_annotation_v1,A,q_떡_03,떡케이크,카페·디저트 중 '떡'을 판매·제공하는 매장,train,떡,T2 동의어,000814be-1ad1-4f62-87e7-0e02af595e2f,사사,"샌드위치, 케이크, 커피",나릿재 골목형상점가,골목형상점가,세종특별자치시,,,
bf2d4f3efb9169b5d581,full_annotation_v1,A,q_떡_03,떡케이크,카페·디저트 중 '떡'을 판매·제공하는 매장,train,떡,T2 동의어,928d95b5-a745-478e-8730-dc548f21c7e7,삼원상사,"주방용품, 생활용품",양동닭전길시장,전통시장,광주광역시,,,
03d34cc034161743023e,full_annotation_v1,A,q_떡_03,떡케이크,카페·디저트 중 '떡'을 판매·제공하는 매장,train,떡,T2 동의어,c3d82e24-7ab4-4018-804c-4f83bb2f9625,눈설,떡케이크,본촌 골목형상점가,골목형상점가,광주광역시,,,
c67a9824d9ef3b43891c,full_annotation_v1,A,q_떡_03,떡케이크,카페·디저트 중 '떡'을 판매·제공하는 매장,train,떡,T2 동의어,33c93c5c-1c58-4f45-b527-f47f497de87c,유한회사 명품법인,농산물,가락몰골목형상점가,골목형상점가,서울특별시,,,
0af59848ed59272cff15,full_annotation_v1,A,q_떡_03,떡케이크,카페·디저트 중 '떡'을 판매·제공하는 매장,train,떡,T2 동의어,e60b9ba3-c8db-4b31-83b2-eb6d1dd88080,몽글다,떡케이크,보라빛거리골목형상점가,골목형상점가,서울특별시,,,
35e0fd173aee9d5ab340,full_annotation_v1,A,q_떡_03,떡케이크,카페·디저트 중 '떡'을 판매·제공하는 매장,train,떡,T2 동의어,50ccffee-b2eb-4a62-990d-cc452348ea51,벨리나,의류,동산상가,전통시장,대구광역시,,,
8f3bff201e02ae3c8aab,full_annotation_v1,A,q_떡_03,떡케이크,카페·디저트 중 '떡'을 판매·제공하는 매장,train,떡,T2 동의어,4df4c0cb-69e7-4ce2-a0cb-25c9634d9e60,무토,"도자기, 그릇",예스파크 상점가,자율상권구역,경기도,,,
5b91f84077d492dffdb3,full_annotation_v1,A,q_떡_03,떡케이크,카페·디저트 중 '떡'을 판매·제공하는 매장,train,떡,T2 동의어,d72f3ccb-06f6-47a7-bcb3-cbfe11b3b12c,람미당,떡케이크 디저트 답례품,산성로 상권활성화구역,상권활성화구역,경기도,,,
10e3ab31d684079cb86c,full_annotation_v1,A,q_떡_03,떡케이크,카페·디저트 중 '떡'을 판매·제공하는 매장,train,떡,T2 동의어,d444f160-e021-4732-9343-955154752e46,"인,연케이크",떡케이크,꿈의숲장곡골목형상점가,골목형상점가,서울특별시,,,
bb6e3da35ed172246bf5,full_annotation_v1,A,q_떡_03,떡케이크,카페·디저트 중 '떡'을 판매·제공하는 매장,train,떡,T2 동의어,8d29cb7e-fdd3-4197-96cb-c05df2c0891d,그레이스 케이크,앙금플라워 떡케이크,효자동 신봉길 골목형상점가,골목형상점가,전북특별자치도,,,
d1233d03f208554c9104,full_annotation_v1,A,q_떡_03,떡케이크,카페·디저트 중 '떡'을 판매·제공하는 매장,train,떡,T2 동의어,ec41fe05-a7f0-41ef-8aa6-8bb2a960f79b,몽당케이크,,구월도매전통시장,전통시장,인천광역시,,,
1cd45e4fec1ec737f872,full_annotation_v1,A,q_떡_03,떡케이크,카페·디저트 중 '떡'을 판매·제공하는 매장,train,떡,T2 동의어,94cd872f-2bc8-4fa2-a6ec-75e427ddeed9,자연케이크,떡케이크,은행동상점가(구 으능정이상점가),자율상권구역,대전광역시,,,
116c69a26e28b1fc42de,full_annotation_v1,A,q_떡_03,떡케이크,카페·디저트 중 '떡'을 판매·제공하는 매장,train,떡,T2 동의어,dbd446d0-9179-4a38-a1dd-4866603b9a5e,미로운,떡케이크,첨단중해 골목형상점가,골목형상점가,광주광역시,,,
acf6cb6ae9b1d2f38ba9,full_annotation_v1,A,q_떡_03,떡케이크,카페·디저트 중 '떡'을 판매·제공하는 매장,train,떡,T2 동의어,a45aca46-1c64-4f7a-9923-1286457af028,연연공방,"떡케이크, 답례떡, 상차림떡",송내역 3번출구 골목형상점가,골목형상점가,경기도,,,
174bfdb38fc2052182f1,full_annotation_v1,A,q_떡_03,떡케이크,카페·디저트 중 '떡'을 판매·제공하는 매장,train,떡,T2 동의어,e8b639d2-fe4e-4475-a945-4814975d42bb,아뜰리에옹,떡케이크,혁신도시2구역골목형상점가,골목형상점가,강원특별자치도,,,
4b54d2129558bc1c0fd3,full_annotation_v1,A,q_떡_03,떡케이크,카페·디저트 중 '떡'을 판매·제공하는 매장,train,떡,T2 동의어,31890ff4-871b-4333-b7fd-dcb527e4d147,떡비케이크,떡케이크 답례떡,화도창현상점가,골목형상점가,경기도,,,
f4d6e3adb6f827dfcecc,full_annotation_v1,A,q_떡_03,떡케이크,카페·디저트 중 '떡'을 판매·제공하는 매장,train,떡,T2 동의어,ee7b699f-94df-470e-ae89-83200d93ed0e,플로라페,백일떡돌떡떡케이크,양산길 골목형상점가,골목형상점가,광주광역시,,,
09001cd9f02f040b794a,full_annotation_v1,A,q_떡_03,떡케이크,카페·디저트 중 '떡'을 판매·제공하는 매장,train,떡,T2 동의어,0efe6435-1783-4ffe-bd26-66ef12c5ec2c,쥬슈앙케이크,,목3동골목형상점가,골목형상점가,서울특별시,,,
bd5bb3343ec8edaa3721,full_annotation_v1,A,q_떡_03,떡케이크,카페·디저트 중 '떡'을 판매·제공하는 매장,train,떡,T2 동의어,9d888c9e-fe75-4663-92a9-3ff6c7e9fb5c,꽃담은떡,떡케이크,운암대자골 골목형상점가,골목형상점가,광주광역시,,,
0c65965dc26ed402e43f,full_annotation_v1,A,q_떡_03,떡케이크,카페·디저트 중 '떡'을 판매·제공하는 매장,train,떡,T2 동의어,7c783be8-8444-4a7d-b6b0-bf15a2c8d5f9,라이크래쉬,속눈썹연장,풍암초앞상인회 골목형상점가,골목형상점가,광주광역시,,,
da4428abd8353651e5e9,full_annotation_v1,A,q_떡_03,떡케이크,카페·디저트 중 '떡'을 판매·제공하는 매장,train,떡,T2 동의어,0b8ef6dc-2f6b-4707-bd73-529122d9c97a,하단떡집,떡집,하단오일상설시장,전통시장,부산광역시,,,
f870448a52176121e6cc,full_annotation_v1,A,q_떡_03,떡케이크,카페·디저트 중 '떡'을 판매·제공하는 매장,train,떡,T2 동의어,be603a18-fd6b-4cb6-8008-737db500695a,광주 떡케이크 구하당,떡,풍암우미상인회 골목형상점가,골목형상점가,광주광역시,,,
b45ce572458498f9e26e,full_annotation_v1,A,q_떡_03,떡케이크,카페·디저트 중 '떡'을 판매·제공하는 매장,train,떡,T2 동의어,fe0c2e74-dd18-4a02-9ae3-bc78a7ae7138,토랭이곳간,떡케이크 쌀디저트 수제오란다 커피음료,계양산전통시장,전통시장,인천광역시,,,
b3a39642814da74d3e1d,full_annotation_v1,A,q_떡_03,떡케이크,카페·디저트 중 '떡'을 판매·제공하는 매장,train,떡,T2 동의어,ad4ed76a-a962-40ff-bbeb-4e675e2441f1,희연앙금,"화과자, 떡케이크",나릿재마크원 골목형상점가,골목형상점가,세종특별자치시,,,
d4105d2d3558e5b632e8,full_annotation_v1,A,q_떡_03,떡케이크,카페·디저트 중 '떡'을 판매·제공하는 매장,train,떡,T2 동의어,2cdb8dee-ddaf-478a-916e-c469d1eb3767,미소 케이크,떡케이크,상무백운상인회 골목형상점가,골목형상점가,광주광역시,,,
d7d41ae1118ff461b0e6,full_annotation_v1,A,q_떡_03,떡케이크,카페·디저트 중 '떡'을 판매·제공하는 매장,train,떡,T2 동의어,0355fd18-91d1-47f5-94d3-3e9beb39e850,케이크 7길(CAKE 7 STREET),케이크,봉포 로데오거리 골목형상점가,골목형상점가,강원특별자치도,,,
2b04ec2d72912e4da037,full_annotation_v1,A,q_떡_03,떡케이크,카페·디저트 중 '떡'을 판매·제공하는 매장,train,떡,T2 동의어,5cad54fd-87d0-49da-a616-b4ba70e625ae,파리바게뜨혁신도시점,제과점,혁신도시5구역골목형상점가,골목형상점가,강원특별자치도,,,
4fc094920cd2cf37db50,full_annotation_v1,A,q_떡_03,떡케이크,카페·디저트 중 '떡'을 판매·제공하는 매장,train,떡,T2 동의어,0564cac4-eb46-4c66-a554-b8b01ee46b12,라이스한 하루,떡케이크,나릿재마크원 골목형상점가,골목형상점가,세종특별자치시,,,
942d30827b7aa82ec98c,full_annotation_v1,A,q_떡_03,떡케이크,카페·디저트 중 '떡'을 판매·제공하는 매장,train,떡,T2 동의어,04c905ba-3172-4ea4-a6dd-4345d674dea0,덕순이네,제조업(떡집),장터길 골목형상점가,골목형상점가,경기도,,,
b4fad9928409088e4d7c,full_annotation_v1,A,q_떡_03,떡케이크,카페·디저트 중 '떡'을 판매·제공하는 매장,train,떡,T2 동의어,001cb3d4-5441-4963-b517-d5b3904ee312,현창떡집,떡집,목포동부시장,전통시장,전라남도,,,
971ec4f363ddcd170981,full_annotation_v1,A,q_떡_03,떡케이크,카페·디저트 중 '떡'을 판매·제공하는 매장,train,떡,T2 동의어,df83aef5-ffaa-4f8e-9ddf-7b7430701aa0,피어썸케이크,떡케이크,신가동 골목형상점가,골목형상점가,광주광역시,,,
1407e6b41daba394ce2c,full_annotation_v1,A,q_떡_03,떡케이크,카페·디저트 중 '떡'을 판매·제공하는 매장,train,떡,T2 동의어,02e07694-0e7b-494c-9d49-51d842591fcd,올데이스위트,케이크,외대글로벌길 골목형상점가,골목형상점가,경기도,,,
6e833f156e19137b4dd3,full_annotation_v1,A,q_떡_03,떡케이크,카페·디저트 중 '떡'을 판매·제공하는 매장,train,떡,T2 동의어,024c1f10-1fe0-4be3-8bde-6465f5cd8c43,오늘은 떡볶이,"떡볶이, 튀김, 순대 등",석촌시장,전통시장,서울특별시,,,
fc9da9fea86d99a5f73b,full_annotation_v1,A,q_떡_03,떡케이크,카페·디저트 중 '떡'을 판매·제공하는 매장,train,떡,T2 동의어,985bc948-5b65-4320-8fb5-ce6d9db83efd,바람꽃,떡케이크 도라지정과,배곧상가,골목형상점가,경기도,,,
d1dd81c4ff7b10cf8ff6,full_annotation_v1,A,q_떡_03,떡케이크,카페·디저트 중 '떡'을 판매·제공하는 매장,train,떡,T2 동의어,d946a396-d131-43b8-8417-6b96026f0c10,플레마르케이크,떡케이크,신창 골목형상점가,골목형상점가,광주광역시,,,
a2d7a5ed56b44161ec01,full_annotation_v1,A,q_떡_03,떡케이크,카페·디저트 중 '떡'을 판매·제공하는 매장,train,떡,T2 동의어,128a5e79-91cd-4094-a2ec-68ef80ec9119,영천마늘상회,마늘,안강공설시장,전통시장,경상북도,,,
845bf4d10bb59cc259c8,full_annotation_v1,A,q_떡_03,떡케이크,카페·디저트 중 '떡'을 판매·제공하는 매장,train,떡,T2 동의어,0046e3b5-e973-4cc0-807c-acb34ad8e262,야음민속떡집,제조업(떡방앗간),울산번개시장,전통시장,울산광역시,,,
20b0e6c46c2df76ea298,full_annotation_v1,A,q_떡_03,떡케이크,카페·디저트 중 '떡'을 판매·제공하는 매장,train,떡,T2 동의어,04152499-1e7f-451f-8393-4986be4bd671,신전떡볶이,떡볶이,행복상점가,자율상권구역,경상북도,,,
3ab75dcec14cc36da550,full_annotation_v1,A,q_떡_03,떡케이크,카페·디저트 중 '떡'을 판매·제공하는 매장,train,떡,T2 동의어,fb5e786f-6c06-469c-92c0-03c4c62eee94,옹떡옹떡케이크,떡,매곡 골목형상점가,골목형상점가,대구광역시,,,
859e0fb02d64658eb85c,full_annotation_v1,A,q_떡_03,떡케이크,카페·디저트 중 '떡'을 판매·제공하는 매장,train,떡,T2 동의어,06c9030d-f37c-4867-a42f-ccd438d601a1,신불떡볶이,"분식, 떡볶이",온누리 골목형상점가,골목형상점가,경기도,,,
e607ea019916f26a5a98,full_annotation_v1,A,q_떡_03,떡케이크,카페·디저트 중 '떡'을 판매·제공하는 매장,train,떡,T2 동의어,74efa1bb-da51-4d4f-a00b-72992fe0c0b6,조은날,떡케이크 한과,원신흥어울림길 골목형상점가,골목형상점가,대전광역시,,,
f24e27687ca3285c183a,full_annotation_v1,A,q_떡_03,떡케이크,카페·디저트 중 '떡'을 판매·제공하는 매장,train,떡,T2 동의어,9cdec093-e2d8-4c9f-8219-ef66775c0ae2,달콤미소(DalcomMiso),떡케이크 쌀디저트,송도 아트포레 판매시설 골목형상점가,골목형상점가,인천광역시,,,
835022b9116fe1f006b6,full_annotation_v1,A,q_떡_03,떡케이크,카페·디저트 중 '떡'을 판매·제공하는 매장,train,떡,T2 동의어,3e02d021-6740-4be0-9786-f104d938b941,앙금당당,떡케이크,금암동 골목형상점가,골목형상점가,충청남도,,,
5459fa7342c203d35066,full_annotation_v1,A,q_떡_03,떡케이크,카페·디저트 중 '떡'을 판매·제공하는 매장,train,떡,T2 동의어,040fcefb-90be-4469-ab70-edb7fbbf07f8,라이스소리,"떡케이크, 쌀베이킹, 클래스강의",우아건지 골목형상점가,골목형상점가,전북특별자치도,,,
51e1f32f2fb3fbb090bf,full_annotation_v1,A,q_떡_03,떡케이크,카페·디저트 중 '떡'을 판매·제공하는 매장,train,떡,T2 동의어,40438557-0a04-42ac-8e49-beb4d11022ad,다정해꽃케이크,떡케이크,강동산하 골목형상점가,골목형상점가,울산광역시,,,
cdae58060d551a36cea9,full_annotation_v1,A,q_떡_03,떡케이크,카페·디저트 중 '떡'을 판매·제공하는 매장,train,떡,T2 동의어,4c1e37f7-5ff7-4652-8c22-5b8f94c99f0c,연향케이크,떡케이크,광양매일시장(광양상설시장),전통시장,전라남도,,,
e7316df6050ad60b79a2,full_annotation_v1,A,q_떡_03,떡케이크,카페·디저트 중 '떡'을 판매·제공하는 매장,train,떡,T2 동의어,005eb565-6fc3-431d-82ff-5aa4bb905498,풍년떡방,떡,주막거리상점가,자율상권구역,경기도,,,
42c1f0b2199bccd2408c,full_annotation_v1,A,q_떡_03,떡케이크,카페·디저트 중 '떡'을 판매·제공하는 매장,train,떡,T2 동의어,08287c6a-0113-4654-9013-85d348bfc5ea,베찌케이크,케이크,나성동 골목형상점가,골목형상점가,세종특별자치시,,,
679cf6acbb0a1ed751dc,full_annotation_v1,A,q_떡_03,떡케이크,카페·디저트 중 '떡'을 판매·제공하는 매장,train,떡,T2 동의어,8e2e1b9e-332e-420f-8205-404429c7c32e,안젤라수디저트,떡케이크,화정한울타리상인회 골목형상점가,골목형상점가,광주광역시,,,
32d986e13267b227ed57,full_annotation_v1,A,q_떡_03,떡케이크,카페·디저트 중 '떡'을 판매·제공하는 매장,train,떡,T2 동의어,eaf20e02-506b-45da-afb9-99dcfde4ce07,한우뱅이,한식,엄사 골목형상점가,골목형상점가,충청남도,,,
26300dfffd82ac1b91d1,full_annotation_v1,A,q_떡_03,떡케이크,카페·디저트 중 '떡'을 판매·제공하는 매장,train,떡,T2 동의어,d62c1c19-d70c-4cde-befe-64d47ffbfd68,푸욱케이크,케이크,운천상무시장 골목형상점가,골목형상점가,광주광역시,,,
be6c047fa56b070af195,full_annotation_v1,A,q_떡_03,떡케이크,카페·디저트 중 '떡'을 판매·제공하는 매장,train,떡,T2 동의어,001b41fe-1fe3-4a7a-9c03-5e556ffc776d,마수리떡,떡,중앙신시장,전통시장,경상북도,,,
f4619b0f74fc7d818d99,full_annotation_v1,A,q_떡_03,떡케이크,카페·디저트 중 '떡'을 판매·제공하는 매장,train,떡,T2 동의어,2abb1282-8700-4393-9a4f-d34787aa49cb,민속떡집,떡류,의정부시장,전통시장,경기도,,,
e3cefa7b7c7aba62d172,full_annotation_v1,A,q_떡_03,떡케이크,카페·디저트 중 '떡'을 판매·제공하는 매장,train,떡,T2 동의어,eb7f2189-07f0-42e9-8611-9b5154a706ee,에덴,"잡화, 공예품",남대문시장,전통시장,서울특별시,,,
416a9a24656e75c356cc,full_annotation_v1,A,q_떡_03,떡케이크,카페·디저트 중 '떡'을 판매·제공하는 매장,train,떡,T2 동의어,3045c90a-12c0-45b8-ae6d-f852a7ab8686,인우화장품,화장품,맛조이상인회 골목형상점가,골목형상점가,광주광역시,,,
93cd843427a4a18dacaa,full_annotation_v1,A,q_떡_03,떡케이크,카페·디저트 중 '떡'을 판매·제공하는 매장,train,떡,T2 동의어,f1fdd6b7-191e-4df6-8f6b-aa4c302e998a,뻥튀기집,소매업(뻥튀기),덕풍전통시장,전통시장,경기도,,,
fbbb3e1a63f35b4cbb2e,full_annotation_v1,A,q_떡_03,떡케이크,카페·디저트 중 '떡'을 판매·제공하는 매장,train,떡,T2 동의어,07ca1268-c739-4d46-86ca-822ba91f27e9,잠수기중매인11번,어패류(도소매),자갈치시장,전통시장,부산광역시,,,
3de1c4141126d12ec252,full_annotation_v1,A,q_떡_03,떡케이크,카페·디저트 중 '떡'을 판매·제공하는 매장,train,떡,T2 동의어,7fcac208-ecd1-4f0f-a2a9-28a8a02b13da,올라이스데이,떡케이크,산본로데오거리(구 산본중심상가),자율상권구역,경기도,,,
a3f1be1c83784206d87b,full_annotation_v1,A,q_떡_03,떡케이크,카페·디저트 중 '떡'을 판매·제공하는 매장,train,떡,T2 동의어,21a48aaf-cc07-40c0-ae4e-797c5662dcc7,단아떡방,떡케이크,행복상점가,자율상권구역,경상북도,,,
ea81d124b07e42c84667,full_annotation_v1,A,q_떡_03,떡케이크,카페·디저트 중 '떡'을 판매·제공하는 매장,train,떡,T2 동의어,36a3ab85-5a11-4eaf-8018-a815e919e77e,원이네웰빙호떡튀김,분식,말바우시장,전통시장,광주광역시,,,
98d852abff8d3b755cc9,full_annotation_v1,A,q_떡_03,떡케이크,카페·디저트 중 '떡'을 판매·제공하는 매장,train,떡,T2 동의어,3523a929-ab8e-413b-9aa0-6de672144225,한결담 떡케이크 한식디저트 떡공방,"떡류, 한식디저트",한민시장,전통시장,대전광역시,,,
e03b05d46cc38aaab623,full_annotation_v1,A,q_떡_03,떡케이크,카페·디저트 중 '떡'을 판매·제공하는 매장,train,떡,T2 동의어,d0d10a16-406a-4497-a71d-350f318abb4b,화인미 떡케이크,떡케이크,"가락마을 1,2단지 골목형상점가(가락마을 1,2단지 상인회)",골목형상점가,세종특별자치시,,,
9d63d25b055dda6cfe65,full_annotation_v1,A,q_떡_03,떡케이크,카페·디저트 중 '떡'을 판매·제공하는 매장,train,떡,T2 동의어,03c24ed1-1000-4d0a-9167-76e24e042340,신전떡볶이,떡볶이,전북대대학로상점가,자율상권구역,전북특별자치도,,,
0eb069139477e72e9335,full_annotation_v1,A,q_떡_03,떡케이크,카페·디저트 중 '떡'을 판매·제공하는 매장,train,떡,T2 동의어,14b74251-ed6c-43fd-81b2-feefa4d8c7fb,청산도횟수산,생선,순천역전시장상가,자율상권구역,전라남도,,,
1ea3ba7a0e1a1f7a07cc,full_annotation_v1,A,q_떡_03,떡케이크,카페·디저트 중 '떡'을 판매·제공하는 매장,train,떡,T2 동의어,1bc1f910-a7f8-48f5-872d-1a0c9097bb24,탱글케이크,,용봉 골목형상점가,골목형상점가,전북특별자치도,,,
e483fdfbee2ae2f56757,full_annotation_v1,A,q_떡_03,떡케이크,카페·디저트 중 '떡'을 판매·제공하는 매장,train,떡,T2 동의어,005313c8-dce8-49b6-9841-9143ebb1305a,동원떡집,,박달시장,전통시장,경기도,,,
c70c7690ee3494a77802,full_annotation_v1,A,q_떡_03,떡케이크,카페·디저트 중 '떡'을 판매·제공하는 매장,train,떡,T2 동의어,bfa227fb-d9f3-4b2a-bb18-39378de0399e,화야네 꽃떡 케이크,"떡케이크, 디저트",빛가람 상리단길 골목형상점가,골목형상점가,전라남도,,,
3d33bc244f49b70c4a9a,full_annotation_v1,A,q_떡_03,떡케이크,카페·디저트 중 '떡'을 판매·제공하는 매장,train,떡,T2 동의어,1b331917-4901-437e-8443-82d4702027f2,아이잇케이크,,홀릭스,골목형상점가,광주광역시,,,
020010acd516d6ebe5fc,full_annotation_v1,A,q_떡_03,떡케이크,카페·디저트 중 '떡'을 판매·제공하는 매장,train,떡,T2 동의어,47541f00-6384-4c4f-88a6-851001d5a194,하잉케이크,케이크,현대센트럴스퀘어,골목형상점가,경기도,,,
81b0c4656cebf2485f28,full_annotation_v1,A,q_떡_03,떡케이크,카페·디저트 중 '떡'을 판매·제공하는 매장,train,떡,T2 동의어,00b6de61-2c2e-4164-aee6-c011f81aec20,파리바게뜨 세종반곡,"베이커리, 케이크, 음료, 커피",반곡동행복 골목형상점가,골목형상점가,세종특별자치시,,,
d51d76024f8818db92c4,full_annotation_v1,A,q_떡_03,떡케이크,카페·디저트 중 '떡'을 판매·제공하는 매장,train,떡,T2 동의어,8bc3ad50-7a74-4a63-a48e-921cbca8bdf3,백인맛,떡케이크,세류2동 골목형상점가,골목형상점가,경기도,,,
49cf60c0c453832dfece,full_annotation_v1,A,q_떡_03,떡케이크,카페·디저트 중 '떡'을 판매·제공하는 매장,train,떡,T2 동의어,b4f30a48-afb7-46e5-9fbc-13ffd62f1cbc,바이쌀,"떡케이크, 쌀디저트",송도 아트포레 판매시설 골목형상점가,골목형상점가,인천광역시,,,
79320531a483187a4d18,full_annotation_v1,A,q_떡_03,떡케이크,카페·디저트 중 '떡'을 판매·제공하는 매장,train,떡,T2 동의어,015915e3-2542-4245-b627-0c775b4c5501,한내떡집,,거제 고현시장,전통시장,경상남도,,,
ce8a30a5b46e8a729254,full_annotation_v1,A,q_떡_03,떡케이크,카페·디저트 중 '떡'을 판매·제공하는 매장,train,떡,T2 동의어,411e03dd-740f-42ad-8362-777ba643c434,태은당,떡케이크,일곡동(제10지역:자연마을 전용주택단지) 골목형상점가,골목형상점가,광주광역시,,,
677e95cc11565a287e92,full_annotation_v1,A,q_떡_04,떡 사는 곳,카페·디저트 중 '떡'을 판매·제공하는 매장,train,떡,T4 구어·문장,0ac1ac5e-ad58-482e-9f5e-0957aa78fca8,삼성방앗간,떡,거제 장평종합시장,전통시장,경상남도,,,
769d3a15fe4b2c740f03,full_annotation_v1,A,q_떡_04,떡 사는 곳,카페·디저트 중 '떡'을 판매·제공하는 매장,train,떡,T4 구어·문장,a4641b28-37b6-4342-ad2d-97d6ba03de0a,오늘 떡,떡,부평대아지하상점가,일반지하상점가,인천광역시,,,
4992b514286733c31cd5,full_annotation_v1,A,q_떡_04,떡 사는 곳,카페·디저트 중 '떡'을 판매·제공하는 매장,train,떡,T4 구어·문장,f700b0d7-1184-43b4-86ee-1464a3393ab4,아마빌레 피아노 교습소,교육,효자촌 골목형상점가,골목형상점가,경기도,,,
6a498f2a300bc5eb81b7,full_annotation_v1,A,q_떡_04,떡 사는 곳,카페·디저트 중 '떡'을 판매·제공하는 매장,train,떡,T4 구어·문장,02e07694-0e7b-494c-9d49-51d842591fcd,올데이스위트,케이크,외대글로벌길 골목형상점가,골목형상점가,경기도,,,
d07aa81f39ccdecca1f6,full_annotation_v1,A,q_떡_04,떡 사는 곳,카페·디저트 중 '떡'을 판매·제공하는 매장,train,떡,T4 구어·문장,359b44bc-382d-4209-9f35-12d175902676,소문난떡집,떡,공릉동도깨비시장,전통시장,서울특별시,,,
7f97b3e0c8c9fbcca852,full_annotation_v1,A,q_떡_04,떡 사는 곳,카페·디저트 중 '떡'을 판매·제공하는 매장,train,떡,T4 구어·문장,006a0313-25b0-44ff-a533-8a01005aa1a6,안채떡시루,떡,신도꼼지락시장,전통시장,대전광역시,,,
70e3173e81219c125c40,full_annotation_v1,A,q_떡_04,떡 사는 곳,카페·디저트 중 '떡'을 판매·제공하는 매장,train,떡,T4 구어·문장,3e4f2ff4-db12-41b5-8a32-0cd0c209657c,어스푼,광고,충주관아골상가,전통시장,충청북도,,,
0affb38afc97dd712e17,full_annotation_v1,A,q_떡_04,떡 사는 곳,카페·디저트 중 '떡'을 판매·제공하는 매장,train,떡,T4 구어·문장,2743811c-5e71-4d2b-aa75-1b0147d44f2d,사우 꽃이 피는 곳,꽃,김포 풍년마을 골목형상점가,골목형상점가,경기도,,,
d001d6b3d8de8799136a,full_annotation_v1,A,q_떡_04,떡 사는 곳,카페·디저트 중 '떡'을 판매·제공하는 매장,train,떡,T4 구어·문장,9ee44de1-65a0-45df-a947-9dfda3206e45,떡오름,떡,보령중앙시장,전통시장,충청남도,,,
27581ed948782a6fbc49,full_annotation_v1,A,q_떡_04,떡 사는 곳,카페·디저트 중 '떡'을 판매·제공하는 매장,train,떡,T4 구어·문장,06261986-3eba-4244-b63f-397460d82f4a,이곳,미용,나주혁신도시 골목형상점가,골목형상점가,전라남도,,,
2a7e8010c153a9d098bd,full_annotation_v1,A,q_떡_04,떡 사는 곳,카페·디저트 중 '떡'을 판매·제공하는 매장,train,떡,T4 구어·문장,a91197b4-e4c8-4265-8993-33b671099371,떡고을,떡,열매 골목형상점가,골목형상점가,대전광역시,,,
07e00e4ac7f92034df03,full_annotation_v1,A,q_떡_04,떡 사는 곳,카페·디저트 중 '떡'을 판매·제공하는 매장,train,떡,T4 구어·문장,92367542-4807-4efe-803a-6a5140446067,청애병,떡,후곡마을 골목형상점가,골목형상점가,경기도,,,
6d1598bdbdf5f0c50b25,full_annotation_v1,A,q_떡_04,떡 사는 곳,카페·디저트 중 '떡'을 판매·제공하는 매장,train,떡,T4 구어·문장,fddb97a9-c9f2-481c-8818-79e43459e718,낙원떡집,떡,시흥행궁길골목형상점가,골목형상점가,서울특별시,,,
df75422affc123c98ae8,full_annotation_v1,A,q_떡_04,떡 사는 곳,카페·디저트 중 '떡'을 판매·제공하는 매장,train,떡,T4 구어·문장,be9f8c61-892c-48ed-a49d-b63bd032c025,소곳,의류,고투몰(강남터미널지하도상점가),일반지하상점가,서울특별시,,,
2472366b172853114205,full_annotation_v1,A,q_떡_04,떡 사는 곳,카페·디저트 중 '떡'을 판매·제공하는 매장,train,떡,T4 구어·문장,a0620308-e854-4322-879b-eb3d310f9d92,낙원떡집,떡,경주성동공설시장,전통시장,경상북도,,,
a8916a76666de1052153,full_annotation_v1,A,q_떡_04,떡 사는 곳,카페·디저트 중 '떡'을 판매·제공하는 매장,train,떡,T4 구어·문장,eab4cc5b-ec6f-4773-8867-7bb170aa8c76,낙원떡집,떡,우산매일시장,전통시장,광주광역시,,,
14d214b1b756ecdf519b,full_annotation_v1,A,q_떡_04,떡 사는 곳,카페·디저트 중 '떡'을 판매·제공하는 매장,train,떡,T4 구어·문장,280ced5c-ce6a-462f-8679-62a93ed7adf3,낙원떡집,떡,스타프라자전통시장,전통시장,경기도,,,
6a9ce6483fd6fbe36acc,full_annotation_v1,A,q_떡_04,떡 사는 곳,카페·디저트 중 '떡'을 판매·제공하는 매장,train,떡,T4 구어·문장,ccca75bc-94d3-455f-91f7-3a4b901555ca,낙원떡집,떡,용인중앙시장,전통시장,경기도,,,
9011da925f79f054f32d,full_annotation_v1,A,q_떡_04,떡 사는 곳,카페·디저트 중 '떡'을 판매·제공하는 매장,train,떡,T4 구어·문장,153f8d0a-099d-4f69-8486-95714747789b,떡본김에,떡,동림푸른 골목형상점가,골목형상점가,광주광역시,,,
633a767e93d6d012af24,full_annotation_v1,A,q_떡_04,떡 사는 곳,카페·디저트 중 '떡'을 판매·제공하는 매장,train,떡,T4 구어·문장,8de677ed-1177-4dd2-a070-fa5b415aece1,부영떡방앗간,떡,첨단부영 골목형상점가,골목형상점가,광주광역시,,,
34a08ae4a38f83a24969,full_annotation_v1,A,q_떡_04,떡 사는 곳,카페·디저트 중 '떡'을 판매·제공하는 매장,train,떡,T4 구어·문장,d13bdab4-f219-4a17-ba10-f463631f7f71,낙원떡집,떡,산성시장,전통시장,대전광역시,,,
dd6af96293bce24f946d,full_annotation_v1,A,q_떡_04,떡 사는 곳,카페·디저트 중 '떡'을 판매·제공하는 매장,train,떡,T4 구어·문장,0285a210-0334-4889-8ecb-5133ea34d487,놀숲 대전버드내점,"커피, 음표, 떡볶이, 볶음밥",유천버드내 골목형상점가,골목형상점가,대전광역시,,,
c2b4db5282d3a145900c,full_annotation_v1,A,q_떡_04,떡 사는 곳,카페·디저트 중 '떡'을 판매·제공하는 매장,train,떡,T4 구어·문장,11ec18f0-549e-472c-9cf1-95ec70c35cf5,낙원떡집,떡,문흥1동 골목형상점가,골목형상점가,광주광역시,,,
1b46725bb8e61bef3c27,full_annotation_v1,A,q_떡_04,떡 사는 곳,카페·디저트 중 '떡'을 판매·제공하는 매장,train,떡,T4 구어·문장,0100749f-7642-4d61-850f-9f5fca70f786,소하담,떡케이크 답례,백석한들1번가 골목형상점가,골목형상점가,충청남도,,,
74e9308d4347b94573be,full_annotation_v1,A,q_떡_04,떡 사는 곳,카페·디저트 중 '떡'을 판매·제공하는 매장,train,떡,T4 구어·문장,005313c8-dce8-49b6-9841-9143ebb1305a,동원떡집,,박달시장,전통시장,경기도,,,
e4153210f1733f8a65f2,full_annotation_v1,A,q_떡_04,떡 사는 곳,카페·디저트 중 '떡'을 판매·제공하는 매장,train,떡,T4 구어·문장,9c438ab0-c55c-4faa-acea-9123929c3822,낙원떡집,떡,성당시장,전통시장,대구광역시,,,
c4edcbe57a86dda91280,full_annotation_v1,A,q_떡_04,떡 사는 곳,카페·디저트 중 '떡'을 판매·제공하는 매장,train,떡,T4 구어·문장,cfb28a15-a3a6-4039-9b45-8bf6f4465dc7,금호 떡 방앗간,떡,계림중앙필문로 골목형상점가,골목형상점가,광주광역시,,,
a101bd22957455450c46,full_annotation_v1,A,q_떡_04,떡 사는 곳,카페·디저트 중 '떡'을 판매·제공하는 매장,train,떡,T4 구어·문장,196409ec-5e02-4eaf-b286-d156179abb1b,떡선생,떡,염주먹자골목B구역상인회 골목형상점가,골목형상점가,광주광역시,,,
c575ec6b8d9c304b4870,full_annotation_v1,A,q_떡_04,떡 사는 곳,카페·디저트 중 '떡'을 판매·제공하는 매장,train,떡,T4 구어·문장,005eb565-6fc3-431d-82ff-5aa4bb905498,풍년떡방,떡,주막거리상점가,자율상권구역,경기도,,,
0cafe1456ff301bafff9,full_annotation_v1,A,q_떡_04,떡 사는 곳,카페·디저트 중 '떡'을 판매·제공하는 매장,train,떡,T4 구어·문장,09ffa5fc-46c0-4799-9f59-32892fdc2dd4,낙원떡집,떡,사리골상점가,자율상권구역,경기도,,,
8c8d4de47dc1c13b6ce8,full_annotation_v1,A,q_떡_04,떡 사는 곳,카페·디저트 중 '떡'을 판매·제공하는 매장,train,떡,T4 구어·문장,121c69f2-dd48-44b3-9ff5-4ae218cae0cb,낙원떡집,떡,충신시장,자율상권구역,서울특별시,,,
de55102c4753749e139e,full_annotation_v1,A,q_떡_04,떡 사는 곳,카페·디저트 중 '떡'을 판매·제공하는 매장,train,떡,T4 구어·문장,685cc46f-e846-4dce-afeb-3bd84d8ee5d3,낙원떡집,떡,서변중앙시장,전통시장,대구광역시,,,
58354ec5944367ec039f,full_annotation_v1,A,q_떡_04,떡 사는 곳,카페·디저트 중 '떡'을 판매·제공하는 매장,train,떡,T4 구어·문장,0355fd18-91d1-47f5-94d3-3e9beb39e850,케이크 7길(CAKE 7 STREET),케이크,봉포 로데오거리 골목형상점가,골목형상점가,강원특별자치도,,,
13e6454347afbac3b8b4,full_annotation_v1,A,q_떡_04,떡 사는 곳,카페·디저트 중 '떡'을 판매·제공하는 매장,train,떡,T4 구어·문장,d7c9dc89-e25e-4ad8-a5cc-c5f8de962ae8,낙원떡집,떡,무극시장,전통시장,충청북도,,,
ad02ab720721c025a36a,full_annotation_v1,A,q_떡_04,떡 사는 곳,카페·디저트 중 '떡'을 판매·제공하는 매장,train,떡,T4 구어·문장,12e6c17b-a043-4fde-86ca-de15d08c8c06,좋은날엔 떡,떡,효천2지구 골목형상점가,골목형상점가,광주광역시,,,
ff46b9dadeb720e57d0c,full_annotation_v1,A,q_떡_04,떡 사는 곳,카페·디저트 중 '떡'을 판매·제공하는 매장,train,떡,T4 구어·문장,f7291f98-81cb-434b-b207-43bcb83bd3c3,미병당,떡,금화로상인회 골목형상점가,골목형상점가,광주광역시,,,
13ec06565a2ed80ca342,full_annotation_v1,A,q_떡_04,떡 사는 곳,카페·디저트 중 '떡'을 판매·제공하는 매장,train,떡,T4 구어·문장,d981e953-9af3-41c6-84a3-b71aa6a62110,떡누리,떡,푸른솔빛골목형상점가,골목형상점가,인천광역시,,,
e99a259d070171a43c30,full_annotation_v1,A,q_떡_04,떡 사는 곳,카페·디저트 중 '떡'을 판매·제공하는 매장,train,떡,T4 구어·문장,4f90c472-e089-47cc-8933-b6a8b73c1602,40헤어#,미용실,박물관거리 골목형상점가,골목형상점가,전라남도,,,
8bd267c7ecd73c16144a,full_annotation_v1,A,q_떡_04,떡 사는 곳,카페·디저트 중 '떡'을 판매·제공하는 매장,train,떡,T4 구어·문장,995b8e96-6238-4ac4-8f31-6568e8d93436,오곡떡집,떡,순천역전시장상가,자율상권구역,전라남도,,,
121ee787084801867625,full_annotation_v1,A,q_떡_04,떡 사는 곳,카페·디저트 중 '떡'을 판매·제공하는 매장,train,떡,T4 구어·문장,83565166-0033-48a4-b28c-08e121156d29,보광사,"문구용품, 인쇄, 광고",충주관아골상가,전통시장,충청북도,,,
6e67d1029ec57450bfa5,full_annotation_v1,A,q_떡_04,떡 사는 곳,카페·디저트 중 '떡'을 판매·제공하는 매장,train,떡,T4 구어·문장,15d61538-381e-4f86-b6de-3edcc6310f22,낙원떡집,떡,구월시장,전통시장,인천광역시,,,
4f77e7859190c38fb834,full_annotation_v1,A,q_떡_04,떡 사는 곳,카페·디저트 중 '떡'을 판매·제공하는 매장,train,떡,T4 구어·문장,75d57266-294f-49a5-8835-2151479385ce,낙원떡집,떡,영동전통시장,전통시장,서울특별시,,,
59cfb58b229f0b4ad143,full_annotation_v1,A,q_떡_04,떡 사는 곳,카페·디저트 중 '떡'을 판매·제공하는 매장,train,떡,T4 구어·문장,bd26cadb-c62f-407a-a48b-a30a49310f59,다인떡방,떡,간석자유시장,전통시장,인천광역시,,,
db2f9659f40a72e894ed,full_annotation_v1,A,q_떡_04,떡 사는 곳,카페·디저트 중 '떡'을 판매·제공하는 매장,train,떡,T4 구어·문장,a435542f-e53c-4ec3-a184-13ffdb4da791,무계떡집,떡,김해 장유전통시장,전통시장,경상남도,,,
c85bf6de25c802ade31f,full_annotation_v1,A,q_떡_04,떡 사는 곳,카페·디저트 중 '떡'을 판매·제공하는 매장,train,떡,T4 구어·문장,c3a3236c-8cdd-40ae-9763-32387e56bf36,떡쇠네취떡,떡,정선아리랑시장,전통시장,강원특별자치도,,,
8dc9a45ede27e49707e3,full_annotation_v1,A,q_떡_04,떡 사는 곳,카페·디저트 중 '떡'을 판매·제공하는 매장,train,떡,T4 구어·문장,8528e8fb-2b44-4fad-b38d-ab168c69bc56,낙원떡집,떡,신수동토정로 골목형상점가,골목형상점가,서울특별시,,,
6097e16aa2ddbc51828f,full_annotation_v1,A,q_떡_04,떡 사는 곳,카페·디저트 중 '떡'을 판매·제공하는 매장,train,떡,T4 구어·문장,513ed069-0d62-4a44-b2ea-077da5f0fe82,시루본떡,떡,신장전통시장,전통시장,경기도,,,
98dbb99065f2d425a9bf,full_annotation_v1,A,q_떡_04,떡 사는 곳,카페·디저트 중 '떡'을 판매·제공하는 매장,train,떡,T4 구어·문장,249a23db-348d-4c0a-b92f-6d97bbda9af4,사랑떡,떡,고촌 행정타운 골목형상점가,골목형상점가,경기도,,,
721a800b2f4b9d083242,full_annotation_v1,A,q_떡_04,떡 사는 곳,카페·디저트 중 '떡'을 판매·제공하는 매장,train,떡,T4 구어·문장,4bea497f-6e91-4e94-957d-4e9a2d26a308,아침에떡,떡,소사벌 에듀타운 상인회 골목형상점가,골목형상점가,경기도,,,
44f175cb9c5573167ffd,full_annotation_v1,A,q_떡_04,떡 사는 곳,카페·디저트 중 '떡'을 판매·제공하는 매장,train,떡,T4 구어·문장,110ae164-5879-40ee-990a-43dcadf994cf,낙원떡집,떡,목사랑시장,전통시장,서울특별시,,,
f546d7d5af62cd26217c,full_annotation_v1,A,q_떡_04,떡 사는 곳,카페·디저트 중 '떡'을 판매·제공하는 매장,train,떡,T4 구어·문장,092d9d1f-87e7-44e5-b649-10dafd4c8d37,낙원떡집,떡,동두천중앙시장,전통시장,경기도,,,
586f3d21288b58f3f08a,full_annotation_v1,A,q_떡_04,떡 사는 곳,카페·디저트 중 '떡'을 판매·제공하는 매장,train,떡,T4 구어·문장,000814be-1ad1-4f62-87e7-0e02af595e2f,사사,"샌드위치, 케이크, 커피",나릿재 골목형상점가,골목형상점가,세종특별자치시,,,
e3534e01446b9021a2e5,full_annotation_v1,A,q_떡_04,떡 사는 곳,카페·디저트 중 '떡'을 판매·제공하는 매장,train,떡,T4 구어·문장,0790551a-c8c2-4486-9fb3-fcc664e06901,동부상회,도소매(건어물),청량리농수산물시장,전통시장,서울특별시,,,
5f3539483e79d74bd7aa,full_annotation_v1,A,q_떡_04,떡 사는 곳,카페·디저트 중 '떡'을 판매·제공하는 매장,train,떡,T4 구어·문장,1adda4fa-7603-4680-98a5-2620bbcb8c52,세종떡방,떡,새호반 골목형상점가,골목형상점가,세종특별자치시,,,
32afd7ab193183f7aef5,full_annotation_v1,A,q_떡_04,떡 사는 곳,카페·디저트 중 '떡'을 판매·제공하는 매장,train,떡,T4 구어·문장,a7e4bcfe-78ca-442e-8495-352bc59e17f2,광나영사,"속옷 및 잠옷 도매, 의류, 잡화 등",조방자성로 골목형 상점가,골목형상점가,부산광역시,,,
18ccbcb9a960b8ac26d2,full_annotation_v1,A,q_떡_04,떡 사는 곳,카페·디저트 중 '떡'을 판매·제공하는 매장,train,떡,T4 구어·문장,001cb3d4-5441-4963-b517-d5b3904ee312,현창떡집,떡집,목포동부시장,전통시장,전라남도,,,
25c3feb29f3d1798707b,full_annotation_v1,A,q_떡_04,떡 사는 곳,카페·디저트 중 '떡'을 판매·제공하는 매장,train,떡,T4 구어·문장,1fa45d90-c416-4ee0-a380-6a1424a0f62b,낙원떡집,떡,성서와룡시장,전통시장,대구광역시,,,
d4b338d2e66db8dbfdfe,full_annotation_v1,A,q_떡_04,떡 사는 곳,카페·디저트 중 '떡'을 판매·제공하는 매장,train,떡,T4 구어·문장,bbe140bd-9d04-4da1-b132-3a59816197bd,솔떡,떡,고분다리시장,전통시장,서울특별시,,,
347d883574bc42762dea,full_annotation_v1,A,q_떡_04,떡 사는 곳,카페·디저트 중 '떡'을 판매·제공하는 매장,train,떡,T4 구어·문장,03c24ed1-1000-4d0a-9167-76e24e042340,신전떡볶이,떡볶이,전북대대학로상점가,자율상권구역,전북특별자치도,,,
d4859b82026bd75e21e3,full_annotation_v1,A,q_떡_04,떡 사는 곳,카페·디저트 중 '떡'을 판매·제공하는 매장,train,떡,T4 구어·문장,a4bd771a-c347-4e04-aa18-f3d66ec87e24,딸랑구찹살떡,떡,전주한옥마을 골목형상점가,골목형상점가,전북특별자치도,,,
48452eff56c5015c3527,full_annotation_v1,A,q_떡_04,떡 사는 곳,카페·디저트 중 '떡'을 판매·제공하는 매장,train,떡,T4 구어·문장,ea2b4e10-28eb-4205-9547-911bd566f76e,더팬,음식,서부시장,전통시장,대구광역시,,,
732670bdfc915f1fe6e2,full_annotation_v1,A,q_떡_04,떡 사는 곳,카페·디저트 중 '떡'을 판매·제공하는 매장,train,떡,T4 구어·문장,a810e8c3-7d0f-4757-a1bb-94357f61a9d0,인사동떡방,떡,반석동 골목형상점가,골목형상점가,대전광역시,,,
a1434c42754777b43bba,full_annotation_v1,A,q_떡_04,떡 사는 곳,카페·디저트 중 '떡'을 판매·제공하는 매장,train,떡,T4 구어·문장,c95e94c8-f981-44a9-9e66-05b6b60fcb19,강남떡방앗간,떡,신 강남시장,전통시장,인천광역시,,,
8218245197b2d491ba22,full_annotation_v1,A,q_떡_04,떡 사는 곳,카페·디저트 중 '떡'을 판매·제공하는 매장,train,떡,T4 구어·문장,e358cec9-1775-488a-97b5-a13584a4015f,민속옛떡,떡,명일전통시장,전통시장,서울특별시,,,
169376d869008a0b5fa7,full_annotation_v1,A,q_떡_04,떡 사는 곳,카페·디저트 중 '떡'을 판매·제공하는 매장,train,떡,T4 구어·문장,d11147c0-77dd-4279-8f96-7a362a7b42d2,성원떡방아간,떡,주문진종합시장,전통시장,강원특별자치도,,,
217d1ab4955e1fc038cf,full_annotation_v1,A,q_떡_04,떡 사는 곳,카페·디저트 중 '떡'을 판매·제공하는 매장,train,떡,T4 구어·문장,88cc264d-1e91-4771-9586-cdc8f71ba843,고산떡집,떡,고산구시장 상점가,자율상권구역,전북특별자치도,,,
abca8858ef32f660b2e5,full_annotation_v1,A,q_떡_04,떡 사는 곳,카페·디저트 중 '떡'을 판매·제공하는 매장,train,떡,T4 구어·문장,664c30e3-c6fd-4cde-b7d6-940cd8769113,왕궁떡집,떡,유성도안 골목형상점가,골목형상점가,대전광역시,,,
e1a8d8f07cf5c2db0817,full_annotation_v1,A,q_떡_04,떡 사는 곳,카페·디저트 중 '떡'을 판매·제공하는 매장,train,떡,T4 구어·문장,2328bddf-b527-46be-9fbc-99cd3c4da1bc,황토방국밥,국밥,슬로시티창평 골목형상점가,골목형상점가,전라남도,,,
4823ded0d76c9de3b5c7,full_annotation_v1,A,q_떡_04,떡 사는 곳,카페·디저트 중 '떡'을 판매·제공하는 매장,train,떡,T4 구어·문장,80a6a661-7a39-433e-a188-50186c0f22f4,일품떡,떡,창동신창시장,전통시장,서울특별시,,,
be5ca319b0ea69b600e5,full_annotation_v1,A,q_떡_04,떡 사는 곳,카페·디저트 중 '떡'을 판매·제공하는 매장,train,떡,T4 구어·문장,d5dc4acd-476c-44ed-855c-52f3456c74d6,행복한베이커리,빵 소매,염주먹자골목B구역상인회 골목형상점가,골목형상점가,광주광역시,,,
75d94f70828a0f08307c,full_annotation_v1,A,q_떡_04,떡 사는 곳,카페·디저트 중 '떡'을 판매·제공하는 매장,train,떡,T4 구어·문장,8bd74968-686d-40ea-ac24-d4f9c3b3c6db,낙원떡집,떡,경리단길 골목형상점가,골목형상점가,서울특별시,,,
8663b4caa84bceff71aa,full_annotation_v1,A,q_떡_04,떡 사는 곳,카페·디저트 중 '떡'을 판매·제공하는 매장,train,떡,T4 구어·문장,dca2ceba-aaeb-427b-8a23-edb7810865b8,형제떡방,떡,비단길현대시장,전통시장,서울특별시,,,
69b9bc3380bbc28a83eb,full_annotation_v1,A,q_떡_04,떡 사는 곳,카페·디저트 중 '떡'을 판매·제공하는 매장,train,떡,T4 구어·문장,1b156d0e-525c-40a0-800d-098255e947a4,낙원떡집,떡,괴정골목시장,전통시장,부산광역시,,,
9288855b762f688a8694,full_annotation_v1,A,q_떡_04,떡 사는 곳,카페·디저트 중 '떡'을 판매·제공하는 매장,train,떡,T4 구어·문장,f848f364-cb9f-4319-ab93-17fe46fbaef2,낙원떡집,떡,우림시장,전통시장,서울특별시,,,
0f55360e9398d8b7a9a4,full_annotation_v1,A,q_떡_04,떡 사는 곳,카페·디저트 중 '떡'을 판매·제공하는 매장,train,떡,T4 구어·문장,e97f8e73-5af0-4246-b0b0-4db877f97506,길원떡집,떡,신길성애 골목형상점가,골목형상점가,서울특별시,,,
879739c8e3f741054c9d,full_annotation_v1,A,q_떡_04,떡 사는 곳,카페·디저트 중 '떡'을 판매·제공하는 매장,train,떡,T4 구어·문장,85d72c2e-03ba-4ce8-af60-616a2bb5c27f,낙원떡집,떡,진해중앙시장,전통시장,경상남도,,,
472e2894ad727cad8343,full_annotation_v1,A,q_떡_04,떡 사는 곳,카페·디저트 중 '떡'을 판매·제공하는 매장,train,떡,T4 구어·문장,7decac66-77a7-4421-bf60-0765e3401405,떡세상,떡,꽃밭정이 골목형상점가,골목형상점가,전북특별자치도,,,
a4d6ff0fa084481fe3d6,full_annotation_v1,A,q_떡_04,떡 사는 곳,카페·디저트 중 '떡'을 판매·제공하는 매장,train,떡,T4 구어·문장,32c87c54-6904-4e64-af82-ba082f9fc47d,다산쉬피랜드어학원,학원,다산예스프라자 골목형상점가,골목형상점가,경기도,,,
812d6ad4e2215da1a20e,full_annotation_v1,A,q_떡_04,떡 사는 곳,카페·디저트 중 '떡'을 판매·제공하는 매장,train,떡,T4 구어·문장,56ce032d-0423-4f75-9fa5-8ecbe1a0aa6e,도담도담떡방,떡,카림애비뉴애 골목형상점가,골목형상점가,세종특별자치시,,,
5ef22d566aad9c6a3a91,full_annotation_v1,A,q_떡_04,떡 사는 곳,카페·디저트 중 '떡'을 판매·제공하는 매장,train,떡,T4 구어·문장,584576c8-ae54-4e87-91ac-89bd57874b0e,새서울떡방앗간,떡,대구남문시장,전통시장,대구광역시,,,
4d0abf543b5f22d5dffe,full_annotation_v1,A,q_떡_04,떡 사는 곳,카페·디저트 중 '떡'을 판매·제공하는 매장,train,떡,T4 구어·문장,a5d68d29-9e6f-4aa6-b2ee-2213ef70b6a4,떡뫼들,떡,좌동재래시장,전통시장,부산광역시,,,
d34bbccf89db62ffdb51,full_annotation_v1,A,q_떡_04,떡 사는 곳,카페·디저트 중 '떡'을 판매·제공하는 매장,train,떡,T4 구어·문장,d35488e2-ab93-4699-a596-c1aca23749d2,남대문얼음,얼음,남대문시장,전통시장,서울특별시,,,
40bb3e219737fb4f1e54,full_annotation_v1,A,q_떡_04,떡 사는 곳,카페·디저트 중 '떡'을 판매·제공하는 매장,train,떡,T4 구어·문장,024c1f10-1fe0-4be3-8bde-6465f5cd8c43,오늘은 떡볶이,"떡볶이, 튀김, 순대 등",석촌시장,전통시장,서울특별시,,,
1ffe996b09783b3f6d7e,full_annotation_v1,A,q_떡_04,떡 사는 곳,카페·디저트 중 '떡'을 판매·제공하는 매장,train,떡,T4 구어·문장,630e7b90-6e65-48d6-89e9-92c272ad2513,제일떡집,떡,창동신창시장,전통시장,서울특별시,,,
dbe8fcfad513dca2729e,full_annotation_v1,A,q_떡_04,떡 사는 곳,카페·디저트 중 '떡'을 판매·제공하는 매장,train,떡,T4 구어·문장,602ddd72-2481-4ffb-b90d-17213a723d08,아침에떡,떡,작전시장,전통시장,인천광역시,,,
1e8de09e2f00c2326dda,full_annotation_v1,A,q_떡_04,떡 사는 곳,카페·디저트 중 '떡'을 판매·제공하는 매장,train,떡,T4 구어·문장,9a66f208-079d-4380-b210-90b4e1a0ecd0,떡익는 정원,떡,월드시티상가 골목형상점가,골목형상점가,울산광역시,,,
2195613dc474b9194278,full_annotation_v1,A,q_떡_04,떡 사는 곳,카페·디저트 중 '떡'을 판매·제공하는 매장,train,떡,T4 구어·문장,9de31262-ac71-41d6-bfc9-f3262299b9c5,낙원떡집,떡,부천한신시장,전통시장,경기도,,,
dbf95f1b2681489bad7e,full_annotation_v1,A,q_떡_04,떡 사는 곳,카페·디저트 중 '떡'을 판매·제공하는 매장,train,떡,T4 구어·문장,2ced14c5-c2e2-442b-862f-6f980a97b716,낙원떡집,떡,양학시장,전통시장,경상북도,,,
043f7f121bcb0ca820ac,full_annotation_v1,A,q_떡_04,떡 사는 곳,카페·디저트 중 '떡'을 판매·제공하는 매장,train,떡,T4 구어·문장,be4d931d-1d36-4965-b42a-7e0687ffb0bc,낙원떡집,떡,구암시장,전통시장,대구광역시,,,
f4ae1d2da36dbbee0fd8,full_annotation_v1,A,q_떡_04,떡 사는 곳,카페·디저트 중 '떡'을 판매·제공하는 매장,train,떡,T4 구어·문장,940ae0c9-943c-41ad-84ac-e30cf6270abf,궁전떡방앗간,떡,일산시장(구 일산전통시장),전통시장,경기도,,,
da05c40f23a6fc0269de,full_annotation_v1,A,q_떡_04,떡 사는 곳,카페·디저트 중 '떡'을 판매·제공하는 매장,train,떡,T4 구어·문장,e4f20aa6-c756-4e20-a6f3-f13a635a9298,낙원떡집,떡,영주골목시장,전통시장,경상북도,,,
88e2648de728cf77ed33,full_annotation_v1,A,q_떡_04,떡 사는 곳,카페·디저트 중 '떡'을 판매·제공하는 매장,train,떡,T4 구어·문장,76a3551b-dae4-4326-92cc-662015aedbfb,쉴 곳,한식,칠성로상점가,자율상권구역,제주특별자치도,,,
7bbf038799c7f7e73acd,full_annotation_v1,A,q_떡_04,떡 사는 곳,카페·디저트 중 '떡'을 판매·제공하는 매장,train,떡,T4 구어·문장,5edad944-3602-45fd-9aeb-701de375b6b9,카페르미디,카페,월산독립로 골목형상점가,골목형상점가,광주광역시,,,
7a2e27558c1ffa526617,full_annotation_v1,A,q_떡_04,떡 사는 곳,카페·디저트 중 '떡'을 판매·제공하는 매장,train,떡,T4 구어·문장,e998bc26-5401-4932-ae20-827bb2eb6832,왔다떡방,떡,도램마을 골목형상점가,골목형상점가,세종특별자치시,,,
86c729885bf6a6198644,full_annotation_v1,A,q_떡_04,떡 사는 곳,카페·디저트 중 '떡'을 판매·제공하는 매장,train,떡,T4 구어·문장,2fea38c1-32c3-4051-bcf1-b790f9c70302,달서떡방,떡,달서시장,전통시장,대구광역시,,,
2a1900317b53e3581664,full_annotation_v1,A,q_떡_04,떡 사는 곳,카페·디저트 중 '떡'을 판매·제공하는 매장,train,떡,T4 구어·문장,09390769-d363-4642-bdbb-bf8bea561bde,낙원떡집,떡,문산자유시장,전통시장,경기도,,,
508220bf4e9630a14fbd,full_annotation_v1,A,q_떡_04,떡 사는 곳,카페·디저트 중 '떡'을 판매·제공하는 매장,train,떡,T4 구어·문장,40716905-17e7-49c0-b1a6-355f09c102ba,시너지플레이스 쌍촌점,카페,화정로상가상인회 골목형상점가,골목형상점가,광주광역시,,,
1561bb6a4f3ea69c26e4,full_annotation_v1,A,q_떡_04,떡 사는 곳,카페·디저트 중 '떡'을 판매·제공하는 매장,train,떡,T4 구어·문장,2daf6a0b-665f-4511-961e-282c2d1ad887,낙원떡집,떡,한민시장,전통시장,대전광역시,,,
cc57eaaf476f715083c9,full_annotation_v1,A,q_떡_04,떡 사는 곳,카페·디저트 중 '떡'을 판매·제공하는 매장,train,떡,T4 구어·문장,a062ff42-e8bb-4652-ab0c-6978b07d5c27,한베떡집,떡,청주북부시장,전통시장,충청북도,,,
e71db9d83589c5bd7bb9,full_annotation_v1,A,q_떡_04,떡 사는 곳,카페·디저트 중 '떡'을 판매·제공하는 매장,train,떡,T4 구어·문장,6122b24d-bffc-4e16-82d0-1acc6991afc4,다올떡,떡,반여2동상가시장,전통시장,부산광역시,,,
20ccf337c3b7ac189d93,full_annotation_v1,A,q_떡_04,떡 사는 곳,카페·디저트 중 '떡'을 판매·제공하는 매장,train,떡,T4 구어·문장,d6f426fd-a6f6-4f5c-864e-e27a34e622f0,옥분떡집,떡,양산 남부시장상가,전통시장,경상남도,,,
cd82269dcc9cb0b09ee6,full_annotation_v1,A,q_떡_04,떡 사는 곳,카페·디저트 중 '떡'을 판매·제공하는 매장,train,떡,T4 구어·문장,a3250180-94c8-4f21-a616-c29ada1e4edf,중앙복떡,떡,용인중앙시장,전통시장,경기도,,,
cea9ff3614dd9c9ab93c,full_annotation_v1,A,q_떡_04,떡 사는 곳,카페·디저트 중 '떡'을 판매·제공하는 매장,train,떡,T4 구어·문장,4993bc6a-1aa2-4e35-a0b7-5ae7ba352d9f,미복 떡 방앗간,떡,괴정골목시장,전통시장,부산광역시,,,
afadf7ff42a3a1fda4bd,full_annotation_v1,A,q_떡_04,떡 사는 곳,카페·디저트 중 '떡'을 판매·제공하는 매장,train,떡,T4 구어·문장,4665bb5e-2bb2-4a06-8e88-1425e3301e66,고향떡집,떡,김해 외동전통시장,전통시장,경상남도,,,
0779289973118032da39,full_annotation_v1,A,q_떡_04,떡 사는 곳,카페·디저트 중 '떡'을 판매·제공하는 매장,train,떡,T4 구어·문장,f93e9e1f-cab9-44aa-a1bd-355472af9943,낙원떡집,떡,남항시장,전통시장,부산광역시,,,
7b82daf21e7fdf1ebdde,full_annotation_v1,A,q_떡_04,떡 사는 곳,카페·디저트 중 '떡'을 판매·제공하는 매장,train,떡,T4 구어·문장,d54b04a7-70d7-49eb-ae1f-0384ec2b1ce5,낙원떡집,떡,창원 명서시장,전통시장,경상남도,,,
8e8747cd716a33d90d0d,full_annotation_v1,A,q_떡_04,떡 사는 곳,카페·디저트 중 '떡'을 판매·제공하는 매장,train,떡,T4 구어·문장,293d4a0a-4c52-4c7c-8ca9-ea59a7572c77,고추깨방,떡,오류버들시장골목형상점가,골목형상점가,서울특별시,,,
f4be06898ff43f7d8965,full_annotation_v1,A,q_떡_04,떡 사는 곳,카페·디저트 중 '떡'을 판매·제공하는 매장,train,떡,T4 구어·문장,47e390fd-0436-4ed9-8895-e4e4127d656d,풍년방앗간,떡,자양전통시장,전통시장,서울특별시,,,
7231b63488faeb36d122,full_annotation_v1,A,q_떡_04,떡 사는 곳,카페·디저트 중 '떡'을 판매·제공하는 매장,train,떡,T4 구어·문장,048690c4-fd52-4201-9144-5c01b9094f6a,콩콩쿠키,층간소음매트 애견매트,양산 남부시장,전통시장,경상남도,,,
fb5b23e52c82df9ea791,full_annotation_v1,A,q_떡_04,떡 사는 곳,카페·디저트 중 '떡'을 판매·제공하는 매장,train,떡,T4 구어·문장,073f9328-3071-45bb-909a-f69eecbfff85,시루원,떡,성북천골목형상점가,골목형상점가,서울특별시,,,
6a7c7b12d8654aaf39ab,full_annotation_v1,A,q_떡_04,떡 사는 곳,카페·디저트 중 '떡'을 판매·제공하는 매장,train,떡,T4 구어·문장,04c905ba-3172-4ea4-a6dd-4345d674dea0,덕순이네,제조업(떡집),장터길 골목형상점가,골목형상점가,경기도,,,
3a8b2184dc661bf3ffe0,full_annotation_v1,A,q_떡_04,떡 사는 곳,카페·디저트 중 '떡'을 판매·제공하는 매장,train,떡,T4 구어·문장,015915e3-2542-4245-b627-0c775b4c5501,한내떡집,,거제 고현시장,전통시장,경상남도,,,
4ed62f51f1165b05b716,full_annotation_v1,A,q_떡_04,떡 사는 곳,카페·디저트 중 '떡'을 판매·제공하는 매장,train,떡,T4 구어·문장,04152499-1e7f-451f-8393-4986be4bd671,신전떡볶이,떡볶이,행복상점가,자율상권구역,경상북도,,,
e13306561aa753560483,full_annotation_v1,A,q_떡_04,떡 사는 곳,카페·디저트 중 '떡'을 판매·제공하는 매장,train,떡,T4 구어·문장,06c9030d-f37c-4867-a42f-ccd438d601a1,신불떡볶이,"분식, 떡볶이",온누리 골목형상점가,골목형상점가,경기도,,,
72a28f4684a3cf19b6ff,full_annotation_v1,A,q_떡_04,떡 사는 곳,카페·디저트 중 '떡'을 판매·제공하는 매장,train,떡,T4 구어·문장,aa331d90-e1ec-43e0-8a46-d551be1f1297,무조뷰티,피부관리화장품두피관리 등,월산독립로 골목형상점가,골목형상점가,광주광역시,,,
19227003db084021b85d,full_annotation_v1,A,q_떡_04,떡 사는 곳,카페·디저트 중 '떡'을 판매·제공하는 매장,train,떡,T4 구어·문장,24456103-f6b8-46af-8655-82e61d7265d8,커피가 머무르는 곳,커피,반드레길골목형상점가,골목형상점가,서울특별시,,,
a9840d23913fa57b3752,full_annotation_v1,A,q_떡_04,떡 사는 곳,카페·디저트 중 '떡'을 판매·제공하는 매장,train,떡,T4 구어·문장,b5b56ea4-5391-4e9f-8da8-946cbbe19998,재웅떡집,떡,동원전통종합시장,전통시장,서울특별시,,,
09f880406f09ce44b52a,full_annotation_v1,A,q_떡_04,떡 사는 곳,카페·디저트 중 '떡'을 판매·제공하는 매장,train,떡,T4 구어·문장,abb836b6-fe49-43ac-83b0-ccbd61848de9,낙원떡집,떡,김해 삼방전통시장,전통시장,경상남도,,,
e8d52407a653d69bbf49,full_annotation_v1,A,q_떡_04,떡 사는 곳,카페·디저트 중 '떡'을 판매·제공하는 매장,train,떡,T4 구어·문장,16c72a3b-0266-418e-a39e-195efda25c96,떡메랑,떡,한민시장,전통시장,대전광역시,,,
f0ce506f4a419f8b0221,full_annotation_v1,A,q_떡_04,떡 사는 곳,카페·디저트 중 '떡'을 판매·제공하는 매장,train,떡,T4 구어·문장,eca81c50-5c85-4079-a054-532a4a30127a,떡쟁이,떡,둔전골목형상점가,골목형상점가,경기도,,,
51a595290e19fcb38ccb,full_annotation_v1,A,q_떡_04,떡 사는 곳,카페·디저트 중 '떡'을 판매·제공하는 매장,train,떡,T4 구어·문장,125689ab-0f1a-4100-b852-07340a93fed6,낙원떡집,떡,수유중앙시장,전통시장,서울특별시,,,
039e1c7a7b2d3c777442,full_annotation_v1,A,q_떡_04,떡 사는 곳,카페·디저트 중 '떡'을 판매·제공하는 매장,train,떡,T4 구어·문장,0046e3b5-e973-4cc0-807c-acb34ad8e262,야음민속떡집,제조업(떡방앗간),울산번개시장,전통시장,울산광역시,,,
d6600596b4cb5a67d8c7,full_annotation_v1,A,q_떡_04,떡 사는 곳,카페·디저트 중 '떡'을 판매·제공하는 매장,train,떡,T4 구어·문장,33ca2d80-ec7e-4439-8edf-30f0a425f110,떡일품,떡,부평깡통시장(구 부산부평시장),전통시장,부산광역시,,,
a730b0ec4e10ba089fa9,full_annotation_v1,A,q_떡_04,떡 사는 곳,카페·디저트 중 '떡'을 판매·제공하는 매장,train,떡,T4 구어·문장,ab8bbd67-90ba-4953-aff4-54cf85b23282,종로떡집,떡,상주남성시장,전통시장,경상북도,,,
ab42225c19460d590120,full_annotation_v1,A,q_떡_04,떡 사는 곳,카페·디저트 중 '떡'을 판매·제공하는 매장,train,떡,T4 구어·문장,c2fb0748-bcb6-4507-bc74-750bcb210aa8,허씨떡집,떡,남창옹기종기시장,전통시장,울산광역시,,,
244bb9e18c2fb9b8c8c2,full_annotation_v1,A,q_떡_04,떡 사는 곳,카페·디저트 중 '떡'을 판매·제공하는 매장,train,떡,T4 구어·문장,00b6de61-2c2e-4164-aee6-c011f81aec20,파리바게뜨 세종반곡,"베이커리, 케이크, 음료, 커피",반곡동행복 골목형상점가,골목형상점가,세종특별자치시,,,
95a69b83b77a62961ed3,full_annotation_v1,A,q_떡_04,떡 사는 곳,카페·디저트 중 '떡'을 판매·제공하는 매장,train,떡,T4 구어·문장,14358963-c23b-4293-bc42-2eba77f11e93,고향떡전문점,떡,벽산황계로 골목형상점가,골목형상점가,광주광역시,,,
c2bf424337f7cc064a0c,full_annotation_v1,A,q_떡_04,떡 사는 곳,카페·디저트 중 '떡'을 판매·제공하는 매장,train,떡,T4 구어·문장,0b8ef6dc-2f6b-4707-bd73-529122d9c97a,하단떡집,떡집,하단오일상설시장,전통시장,부산광역시,,,
29a305f407ede3c9face,full_annotation_v1,A,q_떡_04,떡 사는 곳,카페·디저트 중 '떡'을 판매·제공하는 매장,train,떡,T4 구어·문장,2a6445c5-d91b-4d43-a426-1ac37406325d,낙원떡집,떡,용호골목시장,전통시장,부산광역시,,,
82609096b057c9821afe,full_annotation_v1,A,q_떡_04,떡 사는 곳,카페·디저트 중 '떡'을 판매·제공하는 매장,train,떡,T4 구어·문장,bdb63194-bd41-44f9-9d41-66ebff5dc379,천근떡집,떡,문화동 천근어울길 골목형상점가,골목형상점가,대전광역시,,,
adf2633e825f4ddca75a,full_annotation_v1,A,q_떡_04,떡 사는 곳,카페·디저트 중 '떡'을 판매·제공하는 매장,train,떡,T4 구어·문장,d4714410-87d6-4726-94ed-208c22bea955,떡고을,떡,쌍용1번가 골목형상점가,골목형상점가,충청남도,,,
7649b9c703c59b2cb2c7,full_annotation_v1,A,q_떡_04,떡 사는 곳,카페·디저트 중 '떡'을 판매·제공하는 매장,train,떡,T4 구어·문장,23cd461c-d8b3-4801-84da-3695b853dd09,낙원떡집,떡,동울산시장 상점가,자율상권구역,울산광역시,,,
3552ed25eb4420cccad9,full_annotation_v1,A,q_떡_04,떡 사는 곳,카페·디저트 중 '떡'을 판매·제공하는 매장,train,떡,T4 구어·문장,a5ed1a57-84bf-4f2c-8bf7-287b3d4339ec,낙원떡집,떡,장미원골목시장,전통시장,서울특별시,,,
9be0086b428c7feed91d,full_annotation_v1,A,q_떡_04,떡 사는 곳,카페·디저트 중 '떡'을 판매·제공하는 매장,train,떡,T4 구어·문장,00da7b0f-5f2e-4d01-a02e-1da17167ed5b,오룡떡집,떡,오룡시장 골목형상점가,골목형상점가,,,,
af88cfa1c4583403650b,full_annotation_v1,A,q_떡_04,떡 사는 곳,카페·디저트 중 '떡'을 판매·제공하는 매장,train,떡,T4 구어·문장,c111ac9d-3f3a-405c-a8db-4d127ccda9e2,행복이 있는 곳,잡화,제주로얄쇼핑센터,자율상권구역,제주특별자치도,,,
915c562854d3a7e720f4,full_annotation_v1,A,q_떡_04,떡 사는 곳,카페·디저트 중 '떡'을 판매·제공하는 매장,train,떡,T4 구어·문장,5c5b9a71-7aa2-41d0-908e-02a230dc47a7,꽃구름방앗간,떡,오룡행복 골목형상점가,골목형상점가,전라남도,,,
934f99167e95895492bb,full_annotation_v1,A,q_떡_04,떡 사는 곳,카페·디저트 중 '떡'을 판매·제공하는 매장,train,떡,T4 구어·문장,7343c438-6ce0-4b77-96ae-8010171079e0,왕성떡집,떡,경주성동공설시장,전통시장,경상북도,,,
0f2e5e75c6676ecea597,full_annotation_v1,A,q_떡_04,떡 사는 곳,카페·디저트 중 '떡'을 판매·제공하는 매장,train,떡,T4 구어·문장,842f6cf1-6411-4f4b-be23-746d79e31656,섬곳,한식,플레이사계 지오단길 골목형상점가,골목형상점가,제주특별자치도,,,
b0ed6c928ee984b32e06,full_annotation_v1,A,q_떡_04,떡 사는 곳,카페·디저트 중 '떡'을 판매·제공하는 매장,train,떡,T4 구어·문장,ec462544-a78b-4a36-9e29-a712fbe18dbc,낙원떡집,떡,강남골목시장 골목형상점가,골목형상점가,서울특별시,,,
aa9e657b06b9f8ec0588,full_annotation_v1,A,q_떡_04,떡 사는 곳,카페·디저트 중 '떡'을 판매·제공하는 매장,train,떡,T4 구어·문장,001b41fe-1fe3-4a7a-9c03-5e556ffc776d,마수리떡,떡,중앙신시장,전통시장,경상북도,,,
79cc893999604f289854,full_annotation_v1,A,q_떡_04,떡 사는 곳,카페·디저트 중 '떡'을 판매·제공하는 매장,train,떡,T4 구어·문장,8f033bc0-2337-4304-893c-5f4f6186f3ad,봄떡,떡,반여2동상가시장,전통시장,부산광역시,,,
40bce04f56a81f9c179f,full_annotation_v1,A,q_떡_04,떡 사는 곳,카페·디저트 중 '떡'을 판매·제공하는 매장,train,떡,T4 구어·문장,b4a25c53-b06b-4b66-a258-d8c440da1400,떡시루향,떡,하가지구 골목형상점가,골목형상점가,전북특별자치도,,,
582d0fe903061a929331,full_annotation_v1,A,q_떡_04,떡 사는 곳,카페·디저트 중 '떡'을 판매·제공하는 매장,train,떡,T4 구어·문장,3d5d845d-6f54-4bbb-b245-ab0173b26255,호원당떡집,떡,영동교골목시장(영동교시장),전통시장,서울특별시,,,
8dc7b5da766cb52d43ff,full_annotation_v1,A,q_떡_04,떡 사는 곳,카페·디저트 중 '떡'을 판매·제공하는 매장,train,떡,T4 구어·문장,5f4f30dc-bfaf-4823-961e-4cf7abca25e1,문실잡곡떡,떡,태화시장,전통시장,울산광역시,,,
1470c2f849b13858ea6c,full_annotation_v1,A,q_떡_05,떡 사는 데,카페·디저트 중 '떡'을 판매·제공하는 매장,train,떡,T4 구어·문장,001b41fe-1fe3-4a7a-9c03-5e556ffc776d,마수리떡,떡,중앙신시장,전통시장,경상북도,,,
982617dc5ad753a7caff,full_annotation_v1,A,q_떡_05,떡 사는 데,카페·디저트 중 '떡'을 판매·제공하는 매장,train,떡,T4 구어·문장,0285a210-0334-4889-8ecb-5133ea34d487,놀숲 대전버드내점,"커피, 음표, 떡볶이, 볶음밥",유천버드내 골목형상점가,골목형상점가,대전광역시,,,
ff1f462698546747f4c8,full_annotation_v1,A,q_떡_05,떡 사는 데,카페·디저트 중 '떡'을 판매·제공하는 매장,train,떡,T4 구어·문장,a062ff42-e8bb-4652-ab0c-6978b07d5c27,한베떡집,떡,청주북부시장,전통시장,충청북도,,,
2d975fd1cf9ac8baba86,full_annotation_v1,A,q_떡_05,떡 사는 데,카페·디저트 중 '떡'을 판매·제공하는 매장,train,떡,T4 구어·문장,125689ab-0f1a-4100-b852-07340a93fed6,낙원떡집,떡,수유중앙시장,전통시장,서울특별시,,,
cb2fde9f2c8d00583234,full_annotation_v1,A,q_떡_05,떡 사는 데,카페·디저트 중 '떡'을 판매·제공하는 매장,train,떡,T4 구어·문장,ffae60cb-a055-489a-9338-4cad44fd17f8,낙원떡집,떡,상계중앙시장,전통시장,서울특별시,,,
e8081f1908afd3c5cdb5,full_annotation_v1,A,q_떡_05,떡 사는 데,카페·디저트 중 '떡'을 판매·제공하는 매장,train,떡,T4 구어·문장,cfb28a15-a3a6-4039-9b45-8bf6f4465dc7,금호 떡 방앗간,떡,계림중앙필문로 골목형상점가,골목형상점가,광주광역시,,,
0902a5babdc2cd1a30a6,full_annotation_v1,A,q_떡_05,떡 사는 데,카페·디저트 중 '떡'을 판매·제공하는 매장,train,떡,T4 구어·문장,c3a3236c-8cdd-40ae-9763-32387e56bf36,떡쇠네취떡,떡,정선아리랑시장,전통시장,강원특별자치도,,,
be09be85f50b2177a1e6,full_annotation_v1,A,q_떡_05,떡 사는 데,카페·디저트 중 '떡'을 판매·제공하는 매장,train,떡,T4 구어·문장,aba76fc2-984e-4030-ba01-e2e7d78264c7,데 아로즈 대전둔산본점,,갈리단길 골목형상점가,골목형상점가,대전광역시,,,
19499783557144102962,full_annotation_v1,A,q_떡_05,떡 사는 데,카페·디저트 중 '떡'을 판매·제공하는 매장,train,떡,T4 구어·문장,ec462544-a78b-4a36-9e29-a712fbe18dbc,낙원떡집,떡,강남골목시장 골목형상점가,골목형상점가,서울특별시,,,
32e29a097f4c43b6f759,full_annotation_v1,A,q_떡_05,떡 사는 데,카페·디저트 중 '떡'을 판매·제공하는 매장,train,떡,T4 구어·문장,7de8cf9b-fa01-4311-ac79-9fe8d987c3ec,샘떡집,떡,북평민속시장(북평민속5일장),전통시장,강원특별자치도,,,
d4871b3e498eb7bbeff9,full_annotation_v1,A,q_떡_05,떡 사는 데,카페·디저트 중 '떡'을 판매·제공하는 매장,train,떡,T4 구어·문장,342a81ff-0398-469e-a0c5-943e0af0f0f5,낙원떡집,떡,일산서문상점가,자율상권구역,경기도,,,
43d29bbed73b78c7778d,full_annotation_v1,A,q_떡_05,떡 사는 데,카페·디저트 중 '떡'을 판매·제공하는 매장,train,떡,T4 구어·문장,665a092c-be51-46a8-8644-735f113f55dc,신떡,한식,롯데프라자 골목형상점가,골목형상점가,경기도,,,
50fa66228b1ef967c29c,full_annotation_v1,A,q_떡_05,떡 사는 데,카페·디저트 중 '떡'을 판매·제공하는 매장,train,떡,T4 구어·문장,a4641b28-37b6-4342-ad2d-97d6ba03de0a,오늘 떡,떡,부평대아지하상점가,일반지하상점가,인천광역시,,,
96e866bddcfa6c108850,full_annotation_v1,A,q_떡_05,떡 사는 데,카페·디저트 중 '떡'을 판매·제공하는 매장,train,떡,T4 구어·문장,d981e953-9af3-41c6-84a3-b71aa6a62110,떡누리,떡,푸른솔빛골목형상점가,골목형상점가,인천광역시,,,
bb2c41c809b7d45d1347,full_annotation_v1,A,q_떡_05,떡 사는 데,카페·디저트 중 '떡'을 판매·제공하는 매장,train,떡,T4 구어·문장,4bea497f-6e91-4e94-957d-4e9a2d26a308,아침에떡,떡,소사벌 에듀타운 상인회 골목형상점가,골목형상점가,경기도,,,
794fe59e362bc8f7b32f,full_annotation_v1,A,q_떡_05,떡 사는 데,카페·디저트 중 '떡'을 판매·제공하는 매장,train,떡,T4 구어·문장,06c9030d-f37c-4867-a42f-ccd438d601a1,신불떡볶이,"분식, 떡볶이",온누리 골목형상점가,골목형상점가,경기도,,,
069998376a0839deed8e,full_annotation_v1,A,q_떡_05,떡 사는 데,카페·디저트 중 '떡'을 판매·제공하는 매장,train,떡,T4 구어·문장,60be6e13-bfd4-4a35-8581-4a35afde04c1,행복한사과나무,떡,만수시장,전통시장,인천광역시,,,
609ea329be5129a716ab,full_annotation_v1,A,q_떡_05,떡 사는 데,카페·디저트 중 '떡'을 판매·제공하는 매장,train,떡,T4 구어·문장,2fea38c1-32c3-4051-bcf1-b790f9c70302,달서떡방,떡,달서시장,전통시장,대구광역시,,,
a321be5ab68cd17b93bf,full_annotation_v1,A,q_떡_05,떡 사는 데,카페·디저트 중 '떡'을 판매·제공하는 매장,train,떡,T4 구어·문장,33ca2d80-ec7e-4439-8edf-30f0a425f110,떡일품,떡,부평깡통시장(구 부산부평시장),전통시장,부산광역시,,,
079c5018b2b9590f1ab6,full_annotation_v1,A,q_떡_05,떡 사는 데,카페·디저트 중 '떡'을 판매·제공하는 매장,train,떡,T4 구어·문장,0e32dbd6-b027-478a-8fae-f0bfc41d644f,낙원떡집,떡,진주 논개시장,전통시장,경상남도,,,
9137b496c6137f86d3d5,full_annotation_v1,A,q_떡_05,떡 사는 데,카페·디저트 중 '떡'을 판매·제공하는 매장,train,떡,T4 구어·문장,7867846c-86c8-49dd-9fc0-899bbefb447d,한양떡방,떡,신도꼼지락시장,전통시장,대전광역시,,,
3f4185cbf4a87c9f5284,full_annotation_v1,A,q_떡_05,떡 사는 데,카페·디저트 중 '떡'을 판매·제공하는 매장,train,떡,T4 구어·문장,e4f20aa6-c756-4e20-a6f3-f13a635a9298,낙원떡집,떡,영주골목시장,전통시장,경상북도,,,
8f4b2b67dd2a9a5e72bd,full_annotation_v1,A,q_떡_05,떡 사는 데,카페·디저트 중 '떡'을 판매·제공하는 매장,train,떡,T4 구어·문장,56ce032d-0423-4f75-9fa5-8ecbe1a0aa6e,도담도담떡방,떡,카림애비뉴애 골목형상점가,골목형상점가,세종특별자치시,,,
870ea78bc855aa564eb2,full_annotation_v1,A,q_떡_05,떡 사는 데,카페·디저트 중 '떡'을 판매·제공하는 매장,train,떡,T4 구어·문장,9bba7e34-f560-4dd7-8992-27001df85593,육림집,한식,춘천풍물시장,전통시장,강원특별자치도,,,
56f874c9d42016b8d58b,full_annotation_v1,A,q_떡_05,떡 사는 데,카페·디저트 중 '떡'을 판매·제공하는 매장,train,떡,T4 구어·문장,02e07694-0e7b-494c-9d49-51d842591fcd,올데이스위트,케이크,외대글로벌길 골목형상점가,골목형상점가,경기도,,,
0a076916ac44653033e4,full_annotation_v1,A,q_떡_05,떡 사는 데,카페·디저트 중 '떡'을 판매·제공하는 매장,train,떡,T4 구어·문장,249a23db-348d-4c0a-b92f-6d97bbda9af4,사랑떡,떡,고촌 행정타운 골목형상점가,골목형상점가,경기도,,,
ab90e4423b83397a42e4,full_annotation_v1,A,q_떡_05,떡 사는 데,카페·디저트 중 '떡'을 판매·제공하는 매장,train,떡,T4 구어·문장,e61973da-cad3-40ca-a059-26ac83b1b3d3,카페게이트 광주첨단점,커피 음료 및 디저트,첨단쌍이 골목형상점가,골목형상점가,광주광역시,,,
7e879522feecb9665d2e,full_annotation_v1,A,q_떡_05,떡 사는 데,카페·디저트 중 '떡'을 판매·제공하는 매장,train,떡,T4 구어·문장,d6f426fd-a6f6-4f5c-864e-e27a34e622f0,옥분떡집,떡,양산 남부시장상가,전통시장,경상남도,,,
0b1c8dff9e2b7e157b03,full_annotation_v1,A,q_떡_05,떡 사는 데,카페·디저트 중 '떡'을 판매·제공하는 매장,train,떡,T4 구어·문장,e998bc26-5401-4932-ae20-827bb2eb6832,왔다떡방,떡,도램마을 골목형상점가,골목형상점가,세종특별자치시,,,
07ef8a9596febedb3a9f,full_annotation_v1,A,q_떡_05,떡 사는 데,카페·디저트 중 '떡'을 판매·제공하는 매장,train,떡,T4 구어·문장,a5d68d29-9e6f-4aa6-b2ee-2213ef70b6a4,떡뫼들,떡,좌동재래시장,전통시장,부산광역시,,,
2155844df25649c0dbfc,full_annotation_v1,A,q_떡_05,떡 사는 데,카페·디저트 중 '떡'을 판매·제공하는 매장,train,떡,T4 구어·문장,024c1f10-1fe0-4be3-8bde-6465f5cd8c43,오늘은 떡볶이,"떡볶이, 튀김, 순대 등",석촌시장,전통시장,서울특별시,,,
79d0c2667db47b9b626e,full_annotation_v1,A,q_떡_05,떡 사는 데,카페·디저트 중 '떡'을 판매·제공하는 매장,train,떡,T4 구어·문장,d11147c0-77dd-4279-8f96-7a362a7b42d2,성원떡방아간,떡,주문진종합시장,전통시장,강원특별자치도,,,
9d7a643f34a234020b89,full_annotation_v1,A,q_떡_05,떡 사는 데,카페·디저트 중 '떡'을 판매·제공하는 매장,train,떡,T4 구어·문장,c2fb0748-bcb6-4507-bc74-750bcb210aa8,허씨떡집,떡,남창옹기종기시장,전통시장,울산광역시,,,
0be7e630b61315b3b45c,full_annotation_v1,A,q_떡_05,떡 사는 데,카페·디저트 중 '떡'을 판매·제공하는 매장,train,떡,T4 구어·문장,1fa45d90-c416-4ee0-a380-6a1424a0f62b,낙원떡집,떡,성서와룡시장,전통시장,대구광역시,,,
9e6f257c64f97f7a5a83,full_annotation_v1,A,q_떡_05,떡 사는 데,카페·디저트 중 '떡'을 판매·제공하는 매장,train,떡,T4 구어·문장,6122b24d-bffc-4e16-82d0-1acc6991afc4,다올떡,떡,반여2동상가시장,전통시장,부산광역시,,,
b094132716a818b6ada8,full_annotation_v1,A,q_떡_05,떡 사는 데,카페·디저트 중 '떡'을 판매·제공하는 매장,train,떡,T4 구어·문장,75d57266-294f-49a5-8835-2151479385ce,낙원떡집,떡,영동전통시장,전통시장,서울특별시,,,
2a4b73766adb96949fd0,full_annotation_v1,A,q_떡_05,떡 사는 데,카페·디저트 중 '떡'을 판매·제공하는 매장,train,떡,T4 구어·문장,a3250180-94c8-4f21-a616-c29ada1e4edf,중앙복떡,떡,용인중앙시장,전통시장,경기도,,,
03fb06e0f1c8272cec15,full_annotation_v1,A,q_떡_05,떡 사는 데,카페·디저트 중 '떡'을 판매·제공하는 매장,train,떡,T4 구어·문장,8bd74968-686d-40ea-ac24-d4f9c3b3c6db,낙원떡집,떡,경리단길 골목형상점가,골목형상점가,서울특별시,,,
fcf6b606b12b2f94fa52,full_annotation_v1,A,q_떡_05,떡 사는 데,카페·디저트 중 '떡'을 판매·제공하는 매장,train,떡,T4 구어·문장,d29cfb0f-02c3-489d-b3f4-cb7e719b3b7c,떡집,떡,춘천동부시장,전통시장,강원특별자치도,,,
5c4bf4d28bb727f6b4a8,full_annotation_v1,A,q_떡_05,떡 사는 데,카페·디저트 중 '떡'을 판매·제공하는 매장,train,떡,T4 구어·문장,dca2ceba-aaeb-427b-8a23-edb7810865b8,형제떡방,떡,비단길현대시장,전통시장,서울특별시,,,
1554a13a4733f3cd72e7,full_annotation_v1,A,q_떡_05,떡 사는 데,카페·디저트 중 '떡'을 판매·제공하는 매장,train,떡,T4 구어·문장,ddad3660-a2bb-49d9-bbc8-eb0ca9d9e042,밤이랑감자랑,떡,강릉중앙시장,전통시장,강원특별자치도,,,
079dbb3533977f720a08,full_annotation_v1,A,q_떡_05,떡 사는 데,카페·디저트 중 '떡'을 판매·제공하는 매장,train,떡,T4 구어·문장,3d5d845d-6f54-4bbb-b245-ab0173b26255,호원당떡집,떡,영동교골목시장(영동교시장),전통시장,서울특별시,,,
6b183374e0a7b57b2bee,full_annotation_v1,A,q_떡_05,떡 사는 데,카페·디저트 중 '떡'을 판매·제공하는 매장,train,떡,T4 구어·문장,bdb63194-bd41-44f9-9d41-66ebff5dc379,천근떡집,떡,문화동 천근어울길 골목형상점가,골목형상점가,대전광역시,,,
20a9d82e8a3d8881330e,full_annotation_v1,A,q_떡_05,떡 사는 데,카페·디저트 중 '떡'을 판매·제공하는 매장,train,떡,T4 구어·문장,4d64b087-300f-4cf3-a6dc-a45c2a7f8eaf,떡도령,떡,강릉성남시장,전통시장,강원특별자치도,,,
1e092bd372882d9544f6,full_annotation_v1,A,q_떡_05,떡 사는 데,카페·디저트 중 '떡'을 판매·제공하는 매장,train,떡,T4 구어·문장,b5b56ea4-5391-4e9f-8da8-946cbbe19998,재웅떡집,떡,동원전통종합시장,전통시장,서울특별시,,,
2be42097372e6ba5f186,full_annotation_v1,A,q_떡_05,떡 사는 데,카페·디저트 중 '떡'을 판매·제공하는 매장,train,떡,T4 구어·문장,664c30e3-c6fd-4cde-b7d6-940cd8769113,왕궁떡집,떡,유성도안 골목형상점가,골목형상점가,대전광역시,,,
f611645adf570c902b95,full_annotation_v1,A,q_떡_05,떡 사는 데,카페·디저트 중 '떡'을 판매·제공하는 매장,train,떡,T4 구어·문장,00b6de61-2c2e-4164-aee6-c011f81aec20,파리바게뜨 세종반곡,"베이커리, 케이크, 음료, 커피",반곡동행복 골목형상점가,골목형상점가,세종특별자치시,,,
be0f3a8e3cd4bfb24df6,full_annotation_v1,A,q_떡_05,떡 사는 데,카페·디저트 중 '떡'을 판매·제공하는 매장,train,떡,T4 구어·문장,121c69f2-dd48-44b3-9ff5-4ae218cae0cb,낙원떡집,떡,충신시장,자율상권구역,서울특별시,,,
f626eafb2a2a482263e5,full_annotation_v1,A,q_떡_05,떡 사는 데,카페·디저트 중 '떡'을 판매·제공하는 매장,train,떡,T4 구어·문장,a4c65870-24f1-4448-b2bf-7f77c84ad865,엣지헤어,미용,송정벚꽃골목형상점가,골목형상점가,서울특별시,,,
a71f8323870fbca181bb,full_annotation_v1,A,q_떡_05,떡 사는 데,카페·디저트 중 '떡'을 판매·제공하는 매장,train,떡,T4 구어·문장,a8ef9861-75da-4528-a961-a40f702288c8,낙원떡집,떡,역곡상상시장(구 역곡북부시장),전통시장,경기도,,,
28f65344e4a27f769267,full_annotation_v1,A,q_떡_05,떡 사는 데,카페·디저트 중 '떡'을 판매·제공하는 매장,train,떡,T4 구어·문장,43781477-1f50-4acd-ae96-632f781e44d3,오렌지 포항점,"안경, 콘택트렌즈",포항중앙상가,전통시장,경상북도,,,
4dea838e9cb9908fdfdf,full_annotation_v1,A,q_떡_05,떡 사는 데,카페·디저트 중 '떡'을 판매·제공하는 매장,train,떡,T4 구어·문장,584576c8-ae54-4e87-91ac-89bd57874b0e,새서울떡방앗간,떡,대구남문시장,전통시장,대구광역시,,,
f329bc81b120e61c20cf,full_annotation_v1,A,q_떡_05,떡 사는 데,카페·디저트 중 '떡'을 판매·제공하는 매장,train,떡,T4 구어·문장,602ddd72-2481-4ffb-b90d-17213a723d08,아침에떡,떡,작전시장,전통시장,인천광역시,,,
ab2f38ae942a21b0c058,full_annotation_v1,A,q_떡_05,떡 사는 데,카페·디저트 중 '떡'을 판매·제공하는 매장,train,떡,T4 구어·문장,c81c8818-96de-440a-a213-b3b070e8f306,낙원떡집,떡,산본전통시장(구 군포산본시장),전통시장,경기도,,,
864ebe4d67fdeccca1ed,full_annotation_v1,A,q_떡_05,떡 사는 데,카페·디저트 중 '떡'을 판매·제공하는 매장,train,떡,T4 구어·문장,03c24ed1-1000-4d0a-9167-76e24e042340,신전떡볶이,떡볶이,전북대대학로상점가,자율상권구역,전북특별자치도,,,
8efa5d365665aa05a947,full_annotation_v1,A,q_떡_05,떡 사는 데,카페·디저트 중 '떡'을 판매·제공하는 매장,train,떡,T4 구어·문장,0ac1ac5e-ad58-482e-9f5e-0957aa78fca8,삼성방앗간,떡,거제 장평종합시장,전통시장,경상남도,,,
755f43a18386106112f4,full_annotation_v1,A,q_떡_05,떡 사는 데,카페·디저트 중 '떡'을 판매·제공하는 매장,train,떡,T4 구어·문장,e358cec9-1775-488a-97b5-a13584a4015f,민속옛떡,떡,명일전통시장,전통시장,서울특별시,,,
2a4b652b07f2814f8082,full_annotation_v1,A,q_떡_05,떡 사는 데,카페·디저트 중 '떡'을 판매·제공하는 매장,train,떡,T4 구어·문장,293d4a0a-4c52-4c7c-8ca9-ea59a7572c77,고추깨방,떡,오류버들시장골목형상점가,골목형상점가,서울특별시,,,
9cb64e00b60163afecea,full_annotation_v1,A,q_떡_05,떡 사는 데,카페·디저트 중 '떡'을 판매·제공하는 매장,train,떡,T4 구어·문장,db8751ef-3254-455f-9146-209ef90ebc8e,아름떡,떡,아름드리 골목형상점가,골목형상점가,세종특별자치시,,,
7d413e5c16165bbaf8b2,full_annotation_v1,A,q_떡_05,떡 사는 데,카페·디저트 중 '떡'을 판매·제공하는 매장,train,떡,T4 구어·문장,0b8ef6dc-2f6b-4707-bd73-529122d9c97a,하단떡집,떡집,하단오일상설시장,전통시장,부산광역시,,,
e4782cd3a542c108b651,full_annotation_v1,A,q_떡_05,떡 사는 데,카페·디저트 중 '떡'을 판매·제공하는 매장,train,떡,T4 구어·문장,c76b773f-392e-4527-9ac0-7da124e26f0f,낙원떡집,떡,대전정원시장,전통시장,대전광역시,,,
18af80326b8b6a9ad6c9,full_annotation_v1,A,q_떡_05,떡 사는 데,카페·디저트 중 '떡'을 판매·제공하는 매장,train,떡,T4 구어·문장,7acfd828-6ecd-4c4f-a1b6-54d71903db75,BK hair(비케이헤어),미용,롯데프라자 골목형상점가,골목형상점가,경기도,,,
4d31de47878e32122638,full_annotation_v1,A,q_떡_05,떡 사는 데,카페·디저트 중 '떡'을 판매·제공하는 매장,train,떡,T4 구어·문장,bbe140bd-9d04-4da1-b132-3a59816197bd,솔떡,떡,고분다리시장,전통시장,서울특별시,,,
6f2c682130c35733abbb,full_annotation_v1,A,q_떡_05,떡 사는 데,카페·디저트 중 '떡'을 판매·제공하는 매장,train,떡,T4 구어·문장,eca81c50-5c85-4079-a054-532a4a30127a,떡쟁이,떡,둔전골목형상점가,골목형상점가,경기도,,,
1608ba3f853de0fbb290,full_annotation_v1,A,q_떡_05,떡 사는 데,카페·디저트 중 '떡'을 판매·제공하는 매장,train,떡,T4 구어·문장,bd26cadb-c62f-407a-a48b-a30a49310f59,다인떡방,떡,간석자유시장,전통시장,인천광역시,,,
dc190195f6d727f00618,full_annotation_v1,A,q_떡_05,떡 사는 데,카페·디저트 중 '떡'을 판매·제공하는 매장,train,떡,T4 구어·문장,2daf6a0b-665f-4511-961e-282c2d1ad887,낙원떡집,떡,한민시장,전통시장,대전광역시,,,
842ee107325dc0d4c136,full_annotation_v1,A,q_떡_05,떡 사는 데,카페·디저트 중 '떡'을 판매·제공하는 매장,train,떡,T4 구어·문장,833a023d-8e96-4425-ae13-e5becffef589,낙원떡집,떡,구역전시장,전통시장,울산광역시,,,
40ce363476c20d391e84,full_annotation_v1,A,q_떡_05,떡 사는 데,카페·디저트 중 '떡'을 판매·제공하는 매장,train,떡,T4 구어·문장,153f8d0a-099d-4f69-8486-95714747789b,떡본김에,떡,동림푸른 골목형상점가,골목형상점가,광주광역시,,,
35b8c7dbb548414b2e81,full_annotation_v1,A,q_떡_05,떡 사는 데,카페·디저트 중 '떡'을 판매·제공하는 매장,train,떡,T4 구어·문장,9a66f208-079d-4380-b210-90b4e1a0ecd0,떡익는 정원,떡,월드시티상가 골목형상점가,골목형상점가,울산광역시,,,
7f9376a77685ad7b8942,full_annotation_v1,A,q_떡_05,떡 사는 데,카페·디저트 중 '떡'을 판매·제공하는 매장,train,떡,T4 구어·문장,5ff5ac79-aa51-462d-9945-ad511aae1a4b,낙원떡집,떡,안양중앙시장,전통시장,경기도,,,
ef5a10e282e4733f5e3a,full_annotation_v1,A,q_떡_05,떡 사는 데,카페·디저트 중 '떡'을 판매·제공하는 매장,train,떡,T4 구어·문장,be4d931d-1d36-4965-b42a-7e0687ffb0bc,낙원떡집,떡,구암시장,전통시장,대구광역시,,,
1c4d7fc32f83c05c70a8,full_annotation_v1,A,q_떡_05,떡 사는 데,카페·디저트 중 '떡'을 판매·제공하는 매장,train,떡,T4 구어·문장,ad8f2a44-f15d-40c6-ae03-f341213eeab1,미시J,의류,원주자유시장,전통시장,강원특별자치도,,,
4e1893a9c875e328e63e,full_annotation_v1,A,q_떡_05,떡 사는 데,카페·디저트 중 '떡'을 판매·제공하는 매장,train,떡,T4 구어·문장,3de6e88a-4d2a-467d-8128-ae94dab56441,낙원떡집,떡,회기시장,전통시장,서울특별시,,,
8a4859fc22157b9e5d6f,full_annotation_v1,A,q_떡_05,떡 사는 데,카페·디저트 중 '떡'을 판매·제공하는 매장,train,떡,T4 구어·문장,e52b232c-c7ba-4470-8e14-98a2a4810a4c,낙원떡집,떡,밀양 내일전통시장,전통시장,경상남도,,,
623035de29b1a0a69750,full_annotation_v1,A,q_떡_05,떡 사는 데,카페·디저트 중 '떡'을 판매·제공하는 매장,train,떡,T4 구어·문장,1adda4fa-7603-4680-98a5-2620bbcb8c52,세종떡방,떡,새호반 골목형상점가,골목형상점가,세종특별자치시,,,
0fb89193055507d554ce,full_annotation_v1,A,q_떡_05,떡 사는 데,카페·디저트 중 '떡'을 판매·제공하는 매장,train,떡,T4 구어·문장,04c905ba-3172-4ea4-a6dd-4345d674dea0,덕순이네,제조업(떡집),장터길 골목형상점가,골목형상점가,경기도,,,
423217aa6f5c8db3eb29,full_annotation_v1,A,q_떡_05,떡 사는 데,카페·디저트 중 '떡'을 판매·제공하는 매장,train,떡,T4 구어·문장,8528e8fb-2b44-4fad-b38d-ab168c69bc56,낙원떡집,떡,신수동토정로 골목형상점가,골목형상점가,서울특별시,,,
56fb69335f806e3af1a6,full_annotation_v1,A,q_떡_05,떡 사는 데,카페·디저트 중 '떡'을 판매·제공하는 매장,train,떡,T4 구어·문장,80a6a661-7a39-433e-a188-50186c0f22f4,일품떡,떡,창동신창시장,전통시장,서울특별시,,,
8d547d364dae6180088f,full_annotation_v1,A,q_떡_05,떡 사는 데,카페·디저트 중 '떡'을 판매·제공하는 매장,train,떡,T4 구어·문장,09ffa5fc-46c0-4799-9f59-32892fdc2dd4,낙원떡집,떡,사리골상점가,자율상권구역,경기도,,,
8e9f7e69c2006ea244f8,full_annotation_v1,A,q_떡_05,떡 사는 데,카페·디저트 중 '떡'을 판매·제공하는 매장,train,떡,T4 구어·문장,81e742e7-dd88-4772-b0ba-2f137326ea5d,낙원떡집,떡,송현시장,전통시장,인천광역시,,,
a0dd137e666eac49adc1,full_annotation_v1,A,q_떡_05,떡 사는 데,카페·디저트 중 '떡'을 판매·제공하는 매장,train,떡,T4 구어·문장,282b0e8b-051c-49f9-a707-b982df803589,까라벨라 데 오르,스파게티,동명동 카페거리 골목형상점가,골목형상점가,광주광역시,,,
c978bb707245f185a7d5,full_annotation_v1,A,q_떡_05,떡 사는 데,카페·디저트 중 '떡'을 판매·제공하는 매장,train,떡,T4 구어·문장,18cd879e-9a25-42e7-b02e-a56e8e0886f8,낙원떡집,떡,면목골목시장,전통시장,서울특별시,,,
4b87b707542c060a09a9,full_annotation_v1,A,q_떡_05,떡 사는 데,카페·디저트 중 '떡'을 판매·제공하는 매장,train,떡,T4 구어·문장,6f6ac640-9501-4e5d-85f5-f59eee13dadc,중앙떡방앗간,떡,화산면 골목형상점가,골목형상점가,전라남도,,,
9fbc18bb0aee2c2f85b2,full_annotation_v1,A,q_떡_05,떡 사는 데,카페·디저트 중 '떡'을 판매·제공하는 매장,train,떡,T4 구어·문장,630e7b90-6e65-48d6-89e9-92c272ad2513,제일떡집,떡,창동신창시장,전통시장,서울특별시,,,
636293bd86afb43a0255,full_annotation_v1,A,q_떡_05,떡 사는 데,카페·디저트 중 '떡'을 판매·제공하는 매장,train,떡,T4 구어·문장,196409ec-5e02-4eaf-b286-d156179abb1b,떡선생,떡,염주먹자골목B구역상인회 골목형상점가,골목형상점가,광주광역시,,,
1fe16380d264a2c26eca,full_annotation_v1,A,q_떡_05,떡 사는 데,카페·디저트 중 '떡'을 판매·제공하는 매장,train,떡,T4 구어·문장,1215ec44-e2c4-4ed9-af82-56e977dda740,오뚜기과일,과일,언양알프스시장,전통시장,울산광역시,,,
32ccdc0f7c578a4152e5,full_annotation_v1,A,q_떡_05,떡 사는 데,카페·디저트 중 '떡'을 판매·제공하는 매장,train,떡,T4 구어·문장,dfcb18c2-07e5-4099-9126-50d966d96e97,차이나,중식,수원남문로데오시장,전통시장,경기도,,,
43344f11568c5198c836,full_annotation_v1,A,q_떡_05,떡 사는 데,카페·디저트 중 '떡'을 판매·제공하는 매장,train,떡,T4 구어·문장,16c72a3b-0266-418e-a39e-195efda25c96,떡메랑,떡,한민시장,전통시장,대전광역시,,,
92f4acbe131e8701c838,full_annotation_v1,A,q_떡_05,떡 사는 데,카페·디저트 중 '떡'을 판매·제공하는 매장,train,떡,T4 구어·문장,2a6445c5-d91b-4d43-a426-1ac37406325d,낙원떡집,떡,용호골목시장,전통시장,부산광역시,,,
2ce26c70769665ad576c,full_annotation_v1,A,q_떡_05,떡 사는 데,카페·디저트 중 '떡'을 판매·제공하는 매장,train,떡,T4 구어·문장,593ec30d-61d0-4290-bb56-913a87632f63,낙원떡집,떡,부전상가시장,전통시장,부산광역시,,,
5675bd35f189a00b0662,full_annotation_v1,A,q_떡_05,떡 사는 데,카페·디저트 중 '떡'을 판매·제공하는 매장,train,떡,T4 구어·문장,04152499-1e7f-451f-8393-4986be4bd671,신전떡볶이,떡볶이,행복상점가,자율상권구역,경상북도,,,
82d61c2765e482c77768,full_annotation_v1,A,q_떡_05,떡 사는 데,카페·디저트 중 '떡'을 판매·제공하는 매장,train,떡,T4 구어·문장,5f4f30dc-bfaf-4823-961e-4cf7abca25e1,문실잡곡떡,떡,태화시장,전통시장,울산광역시,,,
6ceef26dc0ff63a5b032,full_annotation_v1,A,q_떡_05,떡 사는 데,카페·디저트 중 '떡'을 판매·제공하는 매장,train,떡,T4 구어·문장,f7291f98-81cb-434b-b207-43bcb83bd3c3,미병당,떡,금화로상인회 골목형상점가,골목형상점가,광주광역시,,,
43155314ad1caddb1584,full_annotation_v1,A,q_떡_05,떡 사는 데,카페·디저트 중 '떡'을 판매·제공하는 매장,train,떡,T4 구어·문장,09390769-d363-4642-bdbb-bf8bea561bde,낙원떡집,떡,문산자유시장,전통시장,경기도,,,
7b3b44f2e6f0dd410ae3,full_annotation_v1,A,q_떡_05,떡 사는 데,카페·디저트 중 '떡'을 판매·제공하는 매장,train,떡,T4 구어·문장,110ae164-5879-40ee-990a-43dcadf994cf,낙원떡집,떡,목사랑시장,전통시장,서울특별시,,,
b6ca2f8969682e0e9dea,full_annotation_v1,A,q_떡_05,떡 사는 데,카페·디저트 중 '떡'을 판매·제공하는 매장,train,떡,T4 구어·문장,7343c438-6ce0-4b77-96ae-8010171079e0,왕성떡집,떡,경주성동공설시장,전통시장,경상북도,,,
de4959ec9c1234a1a9be,full_annotation_v1,A,q_떡_05,떡 사는 데,카페·디저트 중 '떡'을 판매·제공하는 매장,train,떡,T4 구어·문장,accb354d-24d7-44f6-80bc-31db5bcea455,낙원떡집,떡,돈암시장,전통시장,서울특별시,,,
ea4a14ea3f6600a4307b,full_annotation_v1,A,q_떡_05,떡 사는 데,카페·디저트 중 '떡'을 판매·제공하는 매장,train,떡,T4 구어·문장,4993bc6a-1aa2-4e35-a0b7-5ae7ba352d9f,미복 떡 방앗간,떡,괴정골목시장,전통시장,부산광역시,,,
5f20611cd61a92de3e39,full_annotation_v1,A,q_떡_05,떡 사는 데,카페·디저트 중 '떡'을 판매·제공하는 매장,train,떡,T4 구어·문장,63c85a82-950d-40e5-89de-9124e22dc9ef,도곡떡집,떡,도곡시장,자율상권구역,서울특별시,,,
ce33dd714985430dbca6,full_annotation_v1,A,q_떡_05,떡 사는 데,카페·디저트 중 '떡'을 판매·제공하는 매장,train,떡,T4 구어·문장,995b8e96-6238-4ac4-8f31-6568e8d93436,오곡떡집,떡,순천역전시장상가,자율상권구역,전라남도,,,
8b85d1c654ce69e2e445,full_annotation_v1,A,q_떡_05,떡 사는 데,카페·디저트 중 '떡'을 판매·제공하는 매장,train,떡,T4 구어·문장,b1415c8f-2278-4988-9671-cc7c396a5c33,둘하나족발,한식,용호골목시장,전통시장,부산광역시,,,
dd7bb8b631326a3b4d38,full_annotation_v1,A,q_떡_05,떡 사는 데,카페·디저트 중 '떡'을 판매·제공하는 매장,train,떡,T4 구어·문장,005313c8-dce8-49b6-9841-9143ebb1305a,동원떡집,,박달시장,전통시장,경기도,,,
f9e8ae682d61a7b12ccd,full_annotation_v1,A,q_떡_05,떡 사는 데,카페·디저트 중 '떡'을 판매·제공하는 매장,train,떡,T4 구어·문장,b43cd904-3781-4b94-83d2-b5e2a2c437e6,강원상회(점포번호248,수산물,소래포구전통어시장,전통시장,인천광역시,,,
ebabf7b56ad5cdcceddf,full_annotation_v1,A,q_떡_05,떡 사는 데,카페·디저트 중 '떡'을 판매·제공하는 매장,train,떡,T4 구어·문장,6a7b0a24-22f9-4f5b-bf82-7ef71119e057,낙원떡집,떡,안양가구상점가,자율상권구역,경기도,,,
1ec0a51f5b14bf1171ed,full_annotation_v1,A,q_떡_05,떡 사는 데,카페·디저트 중 '떡'을 판매·제공하는 매장,train,떡,T4 구어·문장,37f4da31-01d0-4a5e-beb6-00bbe79abc0d,히데,의류,춘천지하상가,일반지하상점가,강원특별자치도,,,
8166767923161c93cca7,full_annotation_v1,A,q_떡_05,떡 사는 데,카페·디저트 중 '떡'을 판매·제공하는 매장,train,떡,T4 구어·문장,a91197b4-e4c8-4265-8993-33b671099371,떡고을,떡,열매 골목형상점가,골목형상점가,대전광역시,,,
9729d08e354c50e8adff,full_annotation_v1,A,q_떡_05,떡 사는 데,카페·디저트 중 '떡'을 판매·제공하는 매장,train,떡,T4 구어·문장,6a720a9c-3713-4038-b99a-d020aa4688be,송원떡집,떡,쌍용1번가 골목형상점가,골목형상점가,충청남도,,,
8db0434258a8cbd459ad,full_annotation_v1,A,q_떡_05,떡 사는 데,카페·디저트 중 '떡'을 판매·제공하는 매장,train,떡,T4 구어·문장,a810e8c3-7d0f-4757-a1bb-94357f61a9d0,인사동떡방,떡,반석동 골목형상점가,골목형상점가,대전광역시,,,
d730dd20f0b8ae858aad,full_annotation_v1,A,q_떡_05,떡 사는 데,카페·디저트 중 '떡'을 판매·제공하는 매장,train,떡,T4 구어·문장,12e6c17b-a043-4fde-86ca-de15d08c8c06,좋은날엔 떡,떡,효천2지구 골목형상점가,골목형상점가,광주광역시,,,
c773d7a20af96a6bc4c5,full_annotation_v1,A,q_떡_05,떡 사는 데,카페·디저트 중 '떡'을 판매·제공하는 매장,train,떡,T4 구어·문장,f14df4d3-9858-4a8b-8597-20fd477d8e32,갤러리 데 루치아,가구,용인어정가구단지상점가,자율상권구역,경기도,,,
5881bb975668119e06b0,full_annotation_v1,A,q_떡_05,떡 사는 데,카페·디저트 중 '떡'을 판매·제공하는 매장,train,떡,T4 구어·문장,9f9640a3-e0d9-4fc3-9118-449c924632f3,떡담은,떡,창원 도계부부시장,전통시장,경상남도,,,
860a812ce9a8b6287e4c,full_annotation_v1,A,q_떡_05,떡 사는 데,카페·디저트 중 '떡'을 판매·제공하는 매장,train,떡,T4 구어·문장,359b44bc-382d-4209-9f35-12d175902676,소문난떡집,떡,공릉동도깨비시장,전통시장,서울특별시,,,
15d4264d3823150f3637,full_annotation_v1,A,q_떡_05,떡 사는 데,카페·디저트 중 '떡'을 판매·제공하는 매장,train,떡,T4 구어·문장,7c81a148-0fed-43d5-a264-65ccb96cd3c8,청정식품,공산품,의정부청과야채시장,전통시장,경기도,,,
f627abdc70350159ee15,full_annotation_v1,A,q_떡_05,떡 사는 데,카페·디저트 중 '떡'을 판매·제공하는 매장,train,떡,T4 구어·문장,8f033bc0-2337-4304-893c-5f4f6186f3ad,봄떡,떡,반여2동상가시장,전통시장,부산광역시,,,
4f4a5a69da5a2cc60965,full_annotation_v1,A,q_떡_05,떡 사는 데,카페·디저트 중 '떡'을 판매·제공하는 매장,train,떡,T4 구어·문장,8de677ed-1177-4dd2-a070-fa5b415aece1,부영떡방앗간,떡,첨단부영 골목형상점가,골목형상점가,광주광역시,,,
442aeb015f01c0303ed1,full_annotation_v1,A,q_떡_05,떡 사는 데,카페·디저트 중 '떡'을 판매·제공하는 매장,train,떡,T4 구어·문장,47e390fd-0436-4ed9-8895-e4e4127d656d,풍년방앗간,떡,자양전통시장,전통시장,서울특별시,,,
5cadd6097dd753ede1f6,full_annotation_v1,A,q_떡_05,떡 사는 데,카페·디저트 중 '떡'을 판매·제공하는 매장,train,떡,T4 구어·문장,513ed069-0d62-4a44-b2ea-077da5f0fe82,시루본떡,떡,신장전통시장,전통시장,경기도,,,
c35985a5c9e15f8179c6,full_annotation_v1,A,q_떡_05,떡 사는 데,카페·디저트 중 '떡'을 판매·제공하는 매장,train,떡,T4 구어·문장,940ae0c9-943c-41ad-84ac-e30cf6270abf,궁전떡방앗간,떡,일산시장(구 일산전통시장),전통시장,경기도,,,
7d8d6ea42cf772bb16a6,full_annotation_v1,A,q_떡_05,떡 사는 데,카페·디저트 중 '떡'을 판매·제공하는 매장,train,떡,T4 구어·문장,a4bd771a-c347-4e04-aa18-f3d66ec87e24,딸랑구찹살떡,떡,전주한옥마을 골목형상점가,골목형상점가,전북특별자치도,,,
66cd3c5a14dde2ebf050,full_annotation_v1,A,q_떡_05,떡 사는 데,카페·디저트 중 '떡'을 판매·제공하는 매장,train,떡,T4 구어·문장,9f7ca48d-0e23-48e0-8bd5-fbfea92f5fa6,떡예가,떡,문흥초등학교주변 골목형상점가,골목형상점가,광주광역시,,,
63c3a321da9180b13078,full_annotation_v1,A,q_떡_05,떡 사는 데,카페·디저트 중 '떡'을 판매·제공하는 매장,train,떡,T4 구어·문장,0046e3b5-e973-4cc0-807c-acb34ad8e262,야음민속떡집,제조업(떡방앗간),울산번개시장,전통시장,울산광역시,,,
8768393a21392a541bb8,full_annotation_v1,A,q_떡_05,떡 사는 데,카페·디저트 중 '떡'을 판매·제공하는 매장,train,떡,T4 구어·문장,01a82c91-4527-41e3-9f69-2582db5cd1d9,통영 강구안꿀빵,,통영 중앙동 강구안 상권활성화 구역,상권활성화구역,경상남도,,,
a20cc9fa45de4c8ca573,full_annotation_v1,A,q_떡_05,떡 사는 데,카페·디저트 중 '떡'을 판매·제공하는 매장,train,떡,T4 구어·문장,54999192-0a6b-47cd-86b0-1f6c628045f6,BYC 월계점,속옷 의류,첨단쌍이 골목형상점가,골목형상점가,광주광역시,,,
8f79c3db1368fb403181,full_annotation_v1,A,q_떡_05,떡 사는 데,카페·디저트 중 '떡'을 판매·제공하는 매장,train,떡,T4 구어·문장,5a37814d-c8cf-4fb3-a926-dfd5313d1410,낙원떡집,떡,안중시장,전통시장,경기도,,,
4d91d532c131865bf98d,full_annotation_v1,A,q_떡_05,떡 사는 데,카페·디저트 중 '떡'을 판매·제공하는 매장,train,떡,T4 구어·문장,9e07587a-916b-49c2-969e-b1e07ed3acb2,금산인삼,인삼,홍제골목형상점가,골목형상점가,서울특별시,,,
643bb68a301f09b7272a,full_annotation_v1,A,q_떡_05,떡 사는 데,카페·디저트 중 '떡'을 판매·제공하는 매장,train,떡,T4 구어·문장,0355fd18-91d1-47f5-94d3-3e9beb39e850,케이크 7길(CAKE 7 STREET),케이크,봉포 로데오거리 골목형상점가,골목형상점가,강원특별자치도,,,
1fd006c5404e593d316f,full_annotation_v1,A,q_떡_05,떡 사는 데,카페·디저트 중 '떡'을 판매·제공하는 매장,train,떡,T4 구어·문장,015915e3-2542-4245-b627-0c775b4c5501,한내떡집,,거제 고현시장,전통시장,경상남도,,,
b1f08c095507a2d6cc9e,full_annotation_v1,A,q_떡_05,떡 사는 데,카페·디저트 중 '떡'을 판매·제공하는 매장,train,떡,T4 구어·문장,c924bfd8-d7fb-4043-9aa4-b5a5f1058d9f,민속떡방앗간,떡,고분다리시장,전통시장,서울특별시,,,
d915ea4fdfe75aef12e0,full_annotation_v1,A,q_떡_05,떡 사는 데,카페·디저트 중 '떡'을 판매·제공하는 매장,train,떡,T4 구어·문장,d54b04a7-70d7-49eb-ae1f-0384ec2b1ce5,낙원떡집,떡,창원 명서시장,전통시장,경상남도,,,
7e34f2cd6f8a9fd64885,full_annotation_v1,A,q_떡_05,떡 사는 데,카페·디저트 중 '떡'을 판매·제공하는 매장,train,떡,T4 구어·문장,005eb565-6fc3-431d-82ff-5aa4bb905498,풍년떡방,떡,주막거리상점가,자율상권구역,경기도,,,
382915384ca360adecae,full_annotation_v1,A,q_떡_05,떡 사는 데,카페·디저트 중 '떡'을 판매·제공하는 매장,train,떡,T4 구어·문장,88cc264d-1e91-4771-9586-cdc8f71ba843,고산떡집,떡,고산구시장 상점가,자율상권구역,전북특별자치도,,,
dbe9f58c6f023c375166,full_annotation_v1,A,q_떡_05,떡 사는 데,카페·디저트 중 '떡'을 판매·제공하는 매장,train,떡,T4 구어·문장,685cc46f-e846-4dce-afeb-3bd84d8ee5d3,낙원떡집,떡,서변중앙시장,전통시장,대구광역시,,,
7d097a885cbe6e790a77,full_annotation_v1,A,q_떡_05,떡 사는 데,카페·디저트 중 '떡'을 판매·제공하는 매장,train,떡,T4 구어·문장,7decac66-77a7-4421-bf60-0765e3401405,떡세상,떡,꽃밭정이 골목형상점가,골목형상점가,전북특별자치도,,,
91cbebe0c92e884fcc88,full_annotation_v1,A,q_떡_05,떡 사는 데,카페·디저트 중 '떡'을 판매·제공하는 매장,train,떡,T4 구어·문장,0100749f-7642-4d61-850f-9f5fca70f786,소하담,떡케이크 답례,백석한들1번가 골목형상점가,골목형상점가,충청남도,,,
adc71e4788e3553c9b5c,full_annotation_v1,A,q_떡_05,떡 사는 데,카페·디저트 중 '떡'을 판매·제공하는 매장,train,떡,T4 구어·문장,716dd4aa-f889-4399-b33e-2bcc7d54e0e6,대성떡방,떡,건천시장,전통시장,경상북도,,,
5382bc55fae1b152ba15,full_annotation_v1,A,q_떡_05,떡 사는 데,카페·디저트 중 '떡'을 판매·제공하는 매장,train,떡,T4 구어·문장,a5ed1a57-84bf-4f2c-8bf7-287b3d4339ec,낙원떡집,떡,장미원골목시장,전통시장,서울특별시,,,
12442f379c7c9585fa0a,full_annotation_v1,A,q_떡_05,떡 사는 데,카페·디저트 중 '떡'을 판매·제공하는 매장,train,떡,T4 구어·문장,9ee44de1-65a0-45df-a947-9dfda3206e45,떡오름,떡,보령중앙시장,전통시장,충청남도,,,
5ab16363080417d39974,full_annotation_v1,A,q_떡_05,떡 사는 데,카페·디저트 중 '떡'을 판매·제공하는 매장,train,떡,T4 구어·문장,f76b0be3-6b61-46e0-ada2-0c23a24cfddd,낙원떡집,떡,일신시장(舊 부일종합시장),전통시장,인천광역시,,,
ac79ddfe74f90310f1a8,full_annotation_v1,A,q_떡_05,떡 사는 데,카페·디저트 중 '떡'을 판매·제공하는 매장,train,떡,T4 구어·문장,fc58cf1a-a6d8-4695-9c62-ec346ebd2b99,떡매마을,떡,유성시장 골목형상점가,골목형상점가,대전광역시,,,
56d1eb2a6816104c1295,full_annotation_v1,A,q_떡_05,떡 사는 데,카페·디저트 중 '떡'을 판매·제공하는 매장,train,떡,T4 구어·문장,1074d310-4034-4f2e-850d-5c9710f23e59,낙원떡집,떡,신전시장(염포시장),전통시장,울산광역시,,,
5bf8350a732ac8c17770,full_annotation_v1,A,q_떡_05,떡 사는 데,카페·디저트 중 '떡'을 판매·제공하는 매장,train,떡,T4 구어·문장,001cb3d4-5441-4963-b517-d5b3904ee312,현창떡집,떡집,목포동부시장,전통시장,전라남도,,,
a89bce83db6d3e3d06d0,full_annotation_v1,A,q_떡_05,떡 사는 데,카페·디저트 중 '떡'을 판매·제공하는 매장,train,떡,T4 구어·문장,006a0313-25b0-44ff-a533-8a01005aa1a6,안채떡시루,떡,신도꼼지락시장,전통시장,대전광역시,,,
256dd28da1fb748c8806,full_annotation_v1,A,q_떡_05,떡 사는 데,카페·디저트 중 '떡'을 판매·제공하는 매장,train,떡,T4 구어·문장,a435542f-e53c-4ec3-a184-13ffdb4da791,무계떡집,떡,김해 장유전통시장,전통시장,경상남도,,,
bd7f175fdeac6b80cde8,full_annotation_v1,A,q_떡_05,떡 사는 데,카페·디저트 중 '떡'을 판매·제공하는 매장,train,떡,T4 구어·문장,c95e94c8-f981-44a9-9e66-05b6b60fcb19,강남떡방앗간,떡,신 강남시장,전통시장,인천광역시,,,
691ad8e33e4b7cd30d53,full_annotation_v1,A,q_떡_05,떡 사는 데,카페·디저트 중 '떡'을 판매·제공하는 매장,train,떡,T4 구어·문장,ccca75bc-94d3-455f-91f7-3a4b901555ca,낙원떡집,떡,용인중앙시장,전통시장,경기도,,,
cb93c83e8c36f3ca60c5,full_annotation_v1,A,q_떡_05,떡 사는 데,카페·디저트 중 '떡'을 판매·제공하는 매장,train,떡,T4 구어·문장,000814be-1ad1-4f62-87e7-0e02af595e2f,사사,"샌드위치, 케이크, 커피",나릿재 골목형상점가,골목형상점가,세종특별자치시,,,
90c2bf1f518df659e3f3,full_annotation_v1,A,q_떡_05,떡 사는 데,카페·디저트 중 '떡'을 판매·제공하는 매장,train,떡,T4 구어·문장,a8219f5b-2413-4d23-b442-88ca257a08ad,나드리떡집,떡,원고개시장,전통시장,대구광역시,,,
c40608e68be1f4a9ea83,full_annotation_v1,A,q_떡_05,떡 사는 데,카페·디저트 중 '떡'을 판매·제공하는 매장,train,떡,T4 구어·문장,f0babd9f-a7d8-4dbb-8532-22a667de0aac,더 신선유통,,진주 청과시장,전통시장,경상남도,,,
18cd2c9f93558d4befd7,full_annotation_v1,A,q_떡_05,떡 사는 데,카페·디저트 중 '떡'을 판매·제공하는 매장,train,떡,T4 구어·문장,92367542-4807-4efe-803a-6a5140446067,청애병,떡,후곡마을 골목형상점가,골목형상점가,경기도,,,
5a7ac9d49821b75d5347,full_annotation_v1,A,q_떡_06,떡 파는 곳,카페·디저트 중 '떡'을 판매·제공하는 매장,train,떡,T4 구어·문장,000814be-1ad1-4f62-87e7-0e02af595e2f,사사,"샌드위치, 케이크, 커피",나릿재 골목형상점가,골목형상점가,세종특별자치시,,,
266fe0420160c894352c,full_annotation_v1,A,q_떡_06,떡 파는 곳,카페·디저트 중 '떡'을 판매·제공하는 매장,train,떡,T4 구어·문장,ca57e8bb-2598-4430-85c9-64ec9235d6b9,풍물떡집,떡,원주민속풍물시장,전통시장,강원특별자치도,,,
bd49ddeded8ae2c38cab,full_annotation_v1,A,q_떡_06,떡 파는 곳,카페·디저트 중 '떡'을 판매·제공하는 매장,train,떡,T4 구어·문장,a5d68d29-9e6f-4aa6-b2ee-2213ef70b6a4,떡뫼들,떡,좌동재래시장,전통시장,부산광역시,,,
9913d774e2aedd04e123,full_annotation_v1,A,q_떡_06,떡 파는 곳,카페·디저트 중 '떡'을 판매·제공하는 매장,train,떡,T4 구어·문장,0ac1ac5e-ad58-482e-9f5e-0957aa78fca8,삼성방앗간,떡,거제 장평종합시장,전통시장,경상남도,,,
d5178f59b7bf057604dd,full_annotation_v1,A,q_떡_06,떡 파는 곳,카페·디저트 중 '떡'을 판매·제공하는 매장,train,떡,T4 구어·문장,81e742e7-dd88-4772-b0ba-2f137326ea5d,낙원떡집,떡,송현시장,전통시장,인천광역시,,,
a97d048f506971dc3ae0,full_annotation_v1,A,q_떡_06,떡 파는 곳,카페·디저트 중 '떡'을 판매·제공하는 매장,train,떡,T4 구어·문장,0b8ef6dc-2f6b-4707-bd73-529122d9c97a,하단떡집,떡집,하단오일상설시장,전통시장,부산광역시,,,
9161a442c81c3d4e340a,full_annotation_v1,A,q_떡_06,떡 파는 곳,카페·디저트 중 '떡'을 판매·제공하는 매장,train,떡,T4 구어·문장,2daf6a0b-665f-4511-961e-282c2d1ad887,낙원떡집,떡,한민시장,전통시장,대전광역시,,,
c5697e0c7566a8166c6a,full_annotation_v1,A,q_떡_06,떡 파는 곳,카페·디저트 중 '떡'을 판매·제공하는 매장,train,떡,T4 구어·문장,80a6a661-7a39-433e-a188-50186c0f22f4,일품떡,떡,창동신창시장,전통시장,서울특별시,,,
c9acaea3032a488e949d,full_annotation_v1,A,q_떡_06,떡 파는 곳,카페·디저트 중 '떡'을 판매·제공하는 매장,train,떡,T4 구어·문장,dca2ceba-aaeb-427b-8a23-edb7810865b8,형제떡방,떡,비단길현대시장,전통시장,서울특별시,,,
02ce72429cf07fac664b,full_annotation_v1,A,q_떡_06,떡 파는 곳,카페·디저트 중 '떡'을 판매·제공하는 매장,train,떡,T4 구어·문장,f76b0be3-6b61-46e0-ada2-0c23a24cfddd,낙원떡집,떡,일신시장(舊 부일종합시장),전통시장,인천광역시,,,
7c5015f2999467f14e87,full_annotation_v1,A,q_떡_06,떡 파는 곳,카페·디저트 중 '떡'을 판매·제공하는 매장,train,떡,T4 구어·문장,e97f8e73-5af0-4246-b0b0-4db877f97506,길원떡집,떡,신길성애 골목형상점가,골목형상점가,서울특별시,,,
8db1acde2b7d9856626a,full_annotation_v1,A,q_떡_06,떡 파는 곳,카페·디저트 중 '떡'을 판매·제공하는 매장,train,떡,T4 구어·문장,513ed069-0d62-4a44-b2ea-077da5f0fe82,시루본떡,떡,신장전통시장,전통시장,경기도,,,
904c21bdb4bab4c4df7d,full_annotation_v1,A,q_떡_06,떡 파는 곳,카페·디저트 중 '떡'을 판매·제공하는 매장,train,떡,T4 구어·문장,5b406fce-7339-4574-b491-a634361806f4,성림상회,채소,고흥전통시장,전통시장,전라남도,,,
3906ce7dd4fc1709d499,full_annotation_v1,A,q_떡_06,떡 파는 곳,카페·디저트 중 '떡'을 판매·제공하는 매장,train,떡,T4 구어·문장,005313c8-dce8-49b6-9841-9143ebb1305a,동원떡집,,박달시장,전통시장,경기도,,,
388f83d45ae1d66ce747,full_annotation_v1,A,q_떡_06,떡 파는 곳,카페·디저트 중 '떡'을 판매·제공하는 매장,train,떡,T4 구어·문장,a062ff42-e8bb-4652-ab0c-6978b07d5c27,한베떡집,떡,청주북부시장,전통시장,충청북도,,,
84a2f7746ac92047df5d,full_annotation_v1,A,q_떡_06,떡 파는 곳,카페·디저트 중 '떡'을 판매·제공하는 매장,train,떡,T4 구어·문장,6702c44f-743f-4a82-a486-762c643027a2,야채파는 총각,농산물,구리전통시장,전통시장,경기도,,,
67e98aa465d5f597e002,full_annotation_v1,A,q_떡_06,떡 파는 곳,카페·디저트 중 '떡'을 판매·제공하는 매장,train,떡,T4 구어·문장,15d61538-381e-4f86-b6de-3edcc6310f22,낙원떡집,떡,구월시장,전통시장,인천광역시,,,
bee87781393ec6f50ea3,full_annotation_v1,A,q_떡_06,떡 파는 곳,카페·디저트 중 '떡'을 판매·제공하는 매장,train,떡,T4 구어·문장,5723d922-e55c-46bc-a5b9-846ba2afdf5d,커피파는 집,,거제 성포 골목형상점가,골목형상점가,경상남도,,,
986ed4f882c309737f26,full_annotation_v1,A,q_떡_06,떡 파는 곳,카페·디저트 중 '떡'을 판매·제공하는 매장,train,떡,T4 구어·문장,8fd780fd-73e4-4889-961b-09aca0ba3d32,낙원떡집,떡,용남시장,전통시장,인천광역시,,,
e8a17e3370e67c97b282,full_annotation_v1,A,q_떡_06,떡 파는 곳,카페·디저트 중 '떡'을 판매·제공하는 매장,train,떡,T4 구어·문장,85d72c2e-03ba-4ce8-af60-616a2bb5c27f,낙원떡집,떡,진해중앙시장,전통시장,경상남도,,,
915f99533d84c67a6f38,full_annotation_v1,A,q_떡_06,떡 파는 곳,카페·디저트 중 '떡'을 판매·제공하는 매장,train,떡,T4 구어·문장,a68d418a-4636-4db4-a032-bcf677448f34,낙원떡집,떡,오정동상점가,자율상권구역,대전광역시,,,
da1e949bf7208802780c,full_annotation_v1,A,q_떡_06,떡 파는 곳,카페·디저트 중 '떡'을 판매·제공하는 매장,train,떡,T4 구어·문장,16c72a3b-0266-418e-a39e-195efda25c96,떡메랑,떡,한민시장,전통시장,대전광역시,,,
a42e95305d7d79dd3445,full_annotation_v1,A,q_떡_06,떡 파는 곳,카페·디저트 중 '떡'을 판매·제공하는 매장,train,떡,T4 구어·문장,0e32dbd6-b027-478a-8fae-f0bfc41d644f,낙원떡집,떡,진주 논개시장,전통시장,경상남도,,,
8e5ad7f5d42fac8ac5e5,full_annotation_v1,A,q_떡_06,떡 파는 곳,카페·디저트 중 '떡'을 판매·제공하는 매장,train,떡,T4 구어·문장,47e390fd-0436-4ed9-8895-e4e4127d656d,풍년방앗간,떡,자양전통시장,전통시장,서울특별시,,,
dbf449a71945df7c4188,full_annotation_v1,A,q_떡_06,떡 파는 곳,카페·디저트 중 '떡'을 판매·제공하는 매장,train,떡,T4 구어·문장,a4641b28-37b6-4342-ad2d-97d6ba03de0a,오늘 떡,떡,부평대아지하상점가,일반지하상점가,인천광역시,,,
a83033f6e135660e2688,full_annotation_v1,A,q_떡_06,떡 파는 곳,카페·디저트 중 '떡'을 판매·제공하는 매장,train,떡,T4 구어·문장,024c1f10-1fe0-4be3-8bde-6465f5cd8c43,오늘은 떡볶이,"떡볶이, 튀김, 순대 등",석촌시장,전통시장,서울특별시,,,
bf14511b2a995f3fa866,full_annotation_v1,A,q_떡_06,떡 파는 곳,카페·디저트 중 '떡'을 판매·제공하는 매장,train,떡,T4 구어·문장,63c85a82-950d-40e5-89de-9124e22dc9ef,도곡떡집,떡,도곡시장,자율상권구역,서울특별시,,,
2563db6f0d5fc53b9b9d,full_annotation_v1,A,q_떡_06,떡 파는 곳,카페·디저트 중 '떡'을 판매·제공하는 매장,train,떡,T4 구어·문장,a810e8c3-7d0f-4757-a1bb-94357f61a9d0,인사동떡방,떡,반석동 골목형상점가,골목형상점가,대전광역시,,,
ee042aeeef81243b3270,full_annotation_v1,A,q_떡_06,떡 파는 곳,카페·디저트 중 '떡'을 판매·제공하는 매장,train,떡,T4 구어·문장,2743811c-5e71-4d2b-aa75-1b0147d44f2d,사우 꽃이 피는 곳,꽃,김포 풍년마을 골목형상점가,골목형상점가,경기도,,,
1bb3b52919b0dd952298,full_annotation_v1,A,q_떡_06,떡 파는 곳,카페·디저트 중 '떡'을 판매·제공하는 매장,train,떡,T4 구어·문장,293d4a0a-4c52-4c7c-8ca9-ea59a7572c77,고추깨방,떡,오류버들시장골목형상점가,골목형상점가,서울특별시,,,
122a1ea17afe62e9ae75,full_annotation_v1,A,q_떡_06,떡 파는 곳,카페·디저트 중 '떡'을 판매·제공하는 매장,train,떡,T4 구어·문장,005eb565-6fc3-431d-82ff-5aa4bb905498,풍년떡방,떡,주막거리상점가,자율상권구역,경기도,,,
4081536b63b6f56dfeea,full_annotation_v1,A,q_떡_06,떡 파는 곳,카페·디저트 중 '떡'을 판매·제공하는 매장,train,떡,T4 구어·문장,073f9328-3071-45bb-909a-f69eecbfff85,시루원,떡,성북천골목형상점가,골목형상점가,서울특별시,,,
0a82a5d001baed91e4c6,full_annotation_v1,A,q_떡_06,떡 파는 곳,카페·디저트 중 '떡'을 판매·제공하는 매장,train,떡,T4 구어·문장,125689ab-0f1a-4100-b852-07340a93fed6,낙원떡집,떡,수유중앙시장,전통시장,서울특별시,,,
0b69bfc9a8bbbc55d6cd,full_annotation_v1,A,q_떡_06,떡 파는 곳,카페·디저트 중 '떡'을 판매·제공하는 매장,train,떡,T4 구어·문장,f7291f98-81cb-434b-b207-43bcb83bd3c3,미병당,떡,금화로상인회 골목형상점가,골목형상점가,광주광역시,,,
a468c0b81c378ad648bf,full_annotation_v1,A,q_떡_06,떡 파는 곳,카페·디저트 중 '떡'을 판매·제공하는 매장,train,떡,T4 구어·문장,76a3551b-dae4-4326-92cc-662015aedbfb,쉴 곳,한식,칠성로상점가,자율상권구역,제주특별자치도,,,
9e8a65ffdc49b9346fb6,full_annotation_v1,A,q_떡_06,떡 파는 곳,카페·디저트 중 '떡'을 판매·제공하는 매장,train,떡,T4 구어·문장,a91197b4-e4c8-4265-8993-33b671099371,떡고을,떡,열매 골목형상점가,골목형상점가,대전광역시,,,
392d959307c00d500509,full_annotation_v1,A,q_떡_06,떡 파는 곳,카페·디저트 중 '떡'을 판매·제공하는 매장,train,떡,T4 구어·문장,efdd8c50-e091-4cb2-b226-24c3c5c05043,낙원떡집,떡,정이있는 구포시장,전통시장,부산광역시,,,
ec4e4d71deb9a620e495,full_annotation_v1,A,q_떡_06,떡 파는 곳,카페·디저트 중 '떡'을 판매·제공하는 매장,train,떡,T4 구어·문장,4c3d83eb-b1a9-4000-a898-86c96ad1b494,최애당떡,떡,밀양 내일전통시장,전통시장,경상남도,,,
6782975bc67163a00fe1,full_annotation_v1,A,q_떡_06,떡 파는 곳,카페·디저트 중 '떡'을 판매·제공하는 매장,train,떡,T4 구어·문장,d11147c0-77dd-4279-8f96-7a362a7b42d2,성원떡방아간,떡,주문진종합시장,전통시장,강원특별자치도,,,
064e618d9536ab82a783,full_annotation_v1,A,q_떡_06,떡 파는 곳,카페·디저트 중 '떡'을 판매·제공하는 매장,train,떡,T4 구어·문장,1074d310-4034-4f2e-850d-5c9710f23e59,낙원떡집,떡,신전시장(염포시장),전통시장,울산광역시,,,
c0eeb5140d45d0d42204,full_annotation_v1,A,q_떡_06,떡 파는 곳,카페·디저트 중 '떡'을 판매·제공하는 매장,train,떡,T4 구어·문장,1bc41dd3-099a-484b-bed9-349af934b3ed,모미락 관저점,돈까스,마치광장골목형상점가,골목형상점가,대전광역시,,,
05e00b34d47435773104,full_annotation_v1,A,q_떡_06,떡 파는 곳,카페·디저트 중 '떡'을 판매·제공하는 매장,train,떡,T4 구어·문장,6a14eda6-0621-48c5-985e-7471fd76a4a1,홍춘,중식,단국대 앞 골목형상점가,골목형상점가,경기도,,,
6035e2074e000e4b17e0,full_annotation_v1,A,q_떡_06,떡 파는 곳,카페·디저트 중 '떡'을 판매·제공하는 매장,train,떡,T4 구어·문장,d6f426fd-a6f6-4f5c-864e-e27a34e622f0,옥분떡집,떡,양산 남부시장상가,전통시장,경상남도,,,
7804cc3187bbf77d17c5,full_annotation_v1,A,q_떡_06,떡 파는 곳,카페·디저트 중 '떡'을 판매·제공하는 매장,train,떡,T4 구어·문장,bd26cadb-c62f-407a-a48b-a30a49310f59,다인떡방,떡,간석자유시장,전통시장,인천광역시,,,
efa3e304a69ca88b8e81,full_annotation_v1,A,q_떡_06,떡 파는 곳,카페·디저트 중 '떡'을 판매·제공하는 매장,train,떡,T4 구어·문장,a435542f-e53c-4ec3-a184-13ffdb4da791,무계떡집,떡,김해 장유전통시장,전통시장,경상남도,,,
b9239ae349545b46d1fb,full_annotation_v1,A,q_떡_06,떡 파는 곳,카페·디저트 중 '떡'을 판매·제공하는 매장,train,떡,T4 구어·문장,758d9002-6bf8-43e2-9113-d69fa390761a,낙원떡집,떡,우산매일시장,전통시장,광주광역시,,,
f6833c276f77d9da07b0,full_annotation_v1,A,q_떡_06,떡 파는 곳,카페·디저트 중 '떡'을 판매·제공하는 매장,train,떡,T4 구어·문장,7e6693ef-f3de-4db4-9d05-78ba7427bb27,칭탕츄,중식,담양중앙 골목형상점가,골목형상점가,전라남도,,,
dcf31a278ce8ca57d83d,full_annotation_v1,A,q_떡_06,떡 파는 곳,카페·디저트 중 '떡'을 판매·제공하는 매장,train,떡,T4 구어·문장,6122b24d-bffc-4e16-82d0-1acc6991afc4,다올떡,떡,반여2동상가시장,전통시장,부산광역시,,,
755409c6059503f57ca7,full_annotation_v1,A,q_떡_06,떡 파는 곳,카페·디저트 중 '떡'을 판매·제공하는 매장,train,떡,T4 구어·문장,51769d0b-6908-4960-a78b-b5909de97af3,낙원떡집,떡,오산오색시장(구 오산중앙시장),전통시장,경기도,,,
4bf941b463ad6f88b5a4,full_annotation_v1,A,q_떡_06,떡 파는 곳,카페·디저트 중 '떡'을 판매·제공하는 매장,train,떡,T4 구어·문장,842f6cf1-6411-4f4b-be23-746d79e31656,섬곳,한식,플레이사계 지오단길 골목형상점가,골목형상점가,제주특별자치도,,,
f15f064c2cc4481d8d0a,full_annotation_v1,A,q_떡_06,떡 파는 곳,카페·디저트 중 '떡'을 판매·제공하는 매장,train,떡,T4 구어·문장,0869c364-4a4b-48cb-abf8-0cbb687fd530,낙원떡집,떡,용두동미르길골목형상점가,골목형상점가,대전광역시,,,
2e0be83eb305482e9bd0,full_annotation_v1,A,q_떡_06,떡 파는 곳,카페·디저트 중 '떡'을 판매·제공하는 매장,train,떡,T4 구어·문장,9de31262-ac71-41d6-bfc9-f3262299b9c5,낙원떡집,떡,부천한신시장,전통시장,경기도,,,
f4502f4558417270a830,full_annotation_v1,A,q_떡_06,떡 파는 곳,카페·디저트 중 '떡'을 판매·제공하는 매장,train,떡,T4 구어·문장,092d9d1f-87e7-44e5-b649-10dafd4c8d37,낙원떡집,떡,동두천중앙시장,전통시장,경기도,,,
56723db44f83dab41701,full_annotation_v1,A,q_떡_06,떡 파는 곳,카페·디저트 중 '떡'을 판매·제공하는 매장,train,떡,T4 구어·문장,2fea38c1-32c3-4051-bcf1-b790f9c70302,달서떡방,떡,달서시장,전통시장,대구광역시,,,
d9ee816c0ec8326a20d9,full_annotation_v1,A,q_떡_06,떡 파는 곳,카페·디저트 중 '떡'을 판매·제공하는 매장,train,떡,T4 구어·문장,04c905ba-3172-4ea4-a6dd-4345d674dea0,덕순이네,제조업(떡집),장터길 골목형상점가,골목형상점가,경기도,,,
f032cf9387dd53b0377a,full_annotation_v1,A,q_떡_06,떡 파는 곳,카페·디저트 중 '떡'을 판매·제공하는 매장,train,떡,T4 구어·문장,7343c438-6ce0-4b77-96ae-8010171079e0,왕성떡집,떡,경주성동공설시장,전통시장,경상북도,,,
6d1bc1a7b6e202ac92be,full_annotation_v1,A,q_떡_06,떡 파는 곳,카페·디저트 중 '떡'을 판매·제공하는 매장,train,떡,T4 구어·문장,4993bc6a-1aa2-4e35-a0b7-5ae7ba352d9f,미복 떡 방앗간,떡,괴정골목시장,전통시장,부산광역시,,,
0678206cc88a8f7d0f24,full_annotation_v1,A,q_떡_06,떡 파는 곳,카페·디저트 중 '떡'을 판매·제공하는 매장,train,떡,T4 구어·문장,c111ac9d-3f3a-405c-a8db-4d127ccda9e2,행복이 있는 곳,잡화,제주로얄쇼핑센터,자율상권구역,제주특별자치도,,,
91fb444cb2592cccbd38,full_annotation_v1,A,q_떡_06,떡 파는 곳,카페·디저트 중 '떡'을 판매·제공하는 매장,train,떡,T4 구어·문장,7decac66-77a7-4421-bf60-0765e3401405,떡세상,떡,꽃밭정이 골목형상점가,골목형상점가,전북특별자치도,,,
5b4a5387f377b23b4e77,full_annotation_v1,A,q_떡_06,떡 파는 곳,카페·디저트 중 '떡'을 판매·제공하는 매장,train,떡,T4 구어·문장,88cc264d-1e91-4771-9586-cdc8f71ba843,고산떡집,떡,고산구시장 상점가,자율상권구역,전북특별자치도,,,
39e7b3aaa29710a41d6e,full_annotation_v1,A,q_떡_06,떡 파는 곳,카페·디저트 중 '떡'을 판매·제공하는 매장,train,떡,T4 구어·문장,04152499-1e7f-451f-8393-4986be4bd671,신전떡볶이,떡볶이,행복상점가,자율상권구역,경상북도,,,
00f46acdcc8c7b82e659,full_annotation_v1,A,q_떡_06,떡 파는 곳,카페·디저트 중 '떡'을 판매·제공하는 매장,train,떡,T4 구어·문장,d4714410-87d6-4726-94ed-208c22bea955,떡고을,떡,쌍용1번가 골목형상점가,골목형상점가,충청남도,,,
ae28f32e6fa457e61dae,full_annotation_v1,A,q_떡_06,떡 파는 곳,카페·디저트 중 '떡'을 판매·제공하는 매장,train,떡,T4 구어·문장,d54b04a7-70d7-49eb-ae1f-0384ec2b1ce5,낙원떡집,떡,창원 명서시장,전통시장,경상남도,,,
6a08c5e3ced76ad348ca,full_annotation_v1,A,q_떡_06,떡 파는 곳,카페·디저트 중 '떡'을 판매·제공하는 매장,train,떡,T4 구어·문장,0100749f-7642-4d61-850f-9f5fca70f786,소하담,떡케이크 답례,백석한들1번가 골목형상점가,골목형상점가,충청남도,,,
a2479b76787dab4956ca,full_annotation_v1,A,q_떡_06,떡 파는 곳,카페·디저트 중 '떡'을 판매·제공하는 매장,train,떡,T4 구어·문장,8b9249e1-0500-4606-a322-e3eb5bb45463,낙원떡집,떡,대구남문시장,전통시장,대구광역시,,,
ebc7ef8d5dec362ab216,full_annotation_v1,A,q_떡_06,떡 파는 곳,카페·디저트 중 '떡'을 판매·제공하는 매장,train,떡,T4 구어·문장,0285a210-0334-4889-8ecb-5133ea34d487,놀숲 대전버드내점,"커피, 음표, 떡볶이, 볶음밥",유천버드내 골목형상점가,골목형상점가,대전광역시,,,
23306e83c247ec385f18,full_annotation_v1,A,q_떡_06,떡 파는 곳,카페·디저트 중 '떡'을 판매·제공하는 매장,train,떡,T4 구어·문장,7867846c-86c8-49dd-9fc0-899bbefb447d,한양떡방,떡,신도꼼지락시장,전통시장,대전광역시,,,
0ff306430f9444239750,full_annotation_v1,A,q_떡_06,떡 파는 곳,카페·디저트 중 '떡'을 판매·제공하는 매장,train,떡,T4 구어·문장,c3a3236c-8cdd-40ae-9763-32387e56bf36,떡쇠네취떡,떡,정선아리랑시장,전통시장,강원특별자치도,,,
b9c6367a3a99c9fd283b,full_annotation_v1,A,q_떡_06,떡 파는 곳,카페·디저트 중 '떡'을 판매·제공하는 매장,train,떡,T4 구어·문장,9c438ab0-c55c-4faa-acea-9123929c3822,낙원떡집,떡,성당시장,전통시장,대구광역시,,,
a6d236ce5c761c5408d3,full_annotation_v1,A,q_떡_06,떡 파는 곳,카페·디저트 중 '떡'을 판매·제공하는 매장,train,떡,T4 구어·문장,09ffa5fc-46c0-4799-9f59-32892fdc2dd4,낙원떡집,떡,사리골상점가,자율상권구역,경기도,,,
1cfa63da7389277e71fe,full_annotation_v1,A,q_떡_06,떡 파는 곳,카페·디저트 중 '떡'을 판매·제공하는 매장,train,떡,T4 구어·문장,0b08cde2-becf-4309-98b3-247ce1fe582e,늘푸른수제반찬,반찬,남성사계시장,전통시장,서울특별시,,,
a86a5852cf2ceee1702e,full_annotation_v1,A,q_떡_06,떡 파는 곳,카페·디저트 중 '떡'을 판매·제공하는 매장,train,떡,T4 구어·문장,b4a25c53-b06b-4b66-a258-d8c440da1400,떡시루향,떡,하가지구 골목형상점가,골목형상점가,전북특별자치도,,,
4ab9adf5d13bce0901a6,full_annotation_v1,A,q_떡_06,떡 파는 곳,카페·디저트 중 '떡'을 판매·제공하는 매장,train,떡,T4 구어·문장,e998bc26-5401-4932-ae20-827bb2eb6832,왔다떡방,떡,도램마을 골목형상점가,골목형상점가,세종특별자치시,,,
e389fd7efd30d49de98a,full_annotation_v1,A,q_떡_06,떡 파는 곳,카페·디저트 중 '떡'을 판매·제공하는 매장,train,떡,T4 구어·문장,5c5b9a71-7aa2-41d0-908e-02a230dc47a7,꽃구름방앗간,떡,오룡행복 골목형상점가,골목형상점가,전라남도,,,
b18ebe252066e75e5b36,full_annotation_v1,A,q_떡_06,떡 파는 곳,카페·디저트 중 '떡'을 판매·제공하는 매장,train,떡,T4 구어·문장,06261986-3eba-4244-b63f-397460d82f4a,이곳,미용,나주혁신도시 골목형상점가,골목형상점가,전라남도,,,
6298396ca67e1d7fe7b9,full_annotation_v1,A,q_떡_06,떡 파는 곳,카페·디저트 중 '떡'을 판매·제공하는 매장,train,떡,T4 구어·문장,630e7b90-6e65-48d6-89e9-92c272ad2513,제일떡집,떡,창동신창시장,전통시장,서울특별시,,,
76b1fbf8f55f1f84c784,full_annotation_v1,A,q_떡_06,떡 파는 곳,카페·디저트 중 '떡'을 판매·제공하는 매장,train,떡,T4 구어·문장,6a7b0a24-22f9-4f5b-bf82-7ef71119e057,낙원떡집,떡,안양가구상점가,자율상권구역,경기도,,,
362150048008288f1f21,full_annotation_v1,A,q_떡_06,떡 파는 곳,카페·디저트 중 '떡'을 판매·제공하는 매장,train,떡,T4 구어·문장,c7e3bdcd-ac8a-4abf-9431-004975f16dc7,미등케이크,빵,담양중앙 골목형상점가,골목형상점가,전라남도,,,
d7f71e02554f89540d47,full_annotation_v1,A,q_떡_06,떡 파는 곳,카페·디저트 중 '떡'을 판매·제공하는 매장,train,떡,T4 구어·문장,12e6c17b-a043-4fde-86ca-de15d08c8c06,좋은날엔 떡,떡,효천2지구 골목형상점가,골목형상점가,광주광역시,,,
79f3973939946cd9ffe8,full_annotation_v1,A,q_떡_06,떡 파는 곳,카페·디저트 중 '떡'을 판매·제공하는 매장,train,떡,T4 구어·문장,940ae0c9-943c-41ad-84ac-e30cf6270abf,궁전떡방앗간,떡,일산시장(구 일산전통시장),전통시장,경기도,,,
a45d7771b9025faff749,full_annotation_v1,A,q_떡_06,떡 파는 곳,카페·디저트 중 '떡'을 판매·제공하는 매장,train,떡,T4 구어·문장,4665bb5e-2bb2-4a06-8e88-1425e3301e66,고향떡집,떡,김해 외동전통시장,전통시장,경상남도,,,
8e2b6b226b1d03772fb6,full_annotation_v1,A,q_떡_06,떡 파는 곳,카페·디저트 중 '떡'을 판매·제공하는 매장,train,떡,T4 구어·문장,bbe140bd-9d04-4da1-b132-3a59816197bd,솔떡,떡,고분다리시장,전통시장,서울특별시,,,
9cb85c04e1152f28edc2,full_annotation_v1,A,q_떡_06,떡 파는 곳,카페·디저트 중 '떡'을 판매·제공하는 매장,train,떡,T4 구어·문장,f5d6dfcd-02fc-4a65-90a8-b55450a04a1f,월간맥주 상무점,음식,상무평화상인회 골목형상점가,골목형상점가,광주광역시,,,
704f54d35b9edfb37b42,full_annotation_v1,A,q_떡_06,떡 파는 곳,카페·디저트 중 '떡'을 판매·제공하는 매장,train,떡,T4 구어·문장,24456103-f6b8-46af-8655-82e61d7265d8,커피가 머무르는 곳,커피,반드레길골목형상점가,골목형상점가,서울특별시,,,
002702ddbee4067f1f4d,full_annotation_v1,A,q_떡_06,떡 파는 곳,카페·디저트 중 '떡'을 판매·제공하는 매장,train,떡,T4 구어·문장,e358cec9-1775-488a-97b5-a13584a4015f,민속옛떡,떡,명일전통시장,전통시장,서울특별시,,,
e90a9a261c7e45f488bb,full_annotation_v1,A,q_떡_06,떡 파는 곳,카페·디저트 중 '떡'을 판매·제공하는 매장,train,떡,T4 구어·문장,280ced5c-ce6a-462f-8679-62a93ed7adf3,낙원떡집,떡,스타프라자전통시장,전통시장,경기도,,,
77b60f86940288076d69,full_annotation_v1,A,q_떡_06,떡 파는 곳,카페·디저트 중 '떡'을 판매·제공하는 매장,train,떡,T4 구어·문장,1adda4fa-7603-4680-98a5-2620bbcb8c52,세종떡방,떡,새호반 골목형상점가,골목형상점가,세종특별자치시,,,
17b80b6af2fb327fa1cd,full_annotation_v1,A,q_떡_06,떡 파는 곳,카페·디저트 중 '떡'을 판매·제공하는 매장,train,떡,T4 구어·문장,aef607a5-32c2-489d-8cc3-a1027ac561ad,엘리트광고기획,"간판, 현수막",효자동 신봉길 골목형상점가,골목형상점가,전북특별자치도,,,
c75065c1bd9d5e0215d5,full_annotation_v1,A,q_떡_06,떡 파는 곳,카페·디저트 중 '떡'을 판매·제공하는 매장,train,떡,T4 구어·문장,c76b773f-392e-4527-9ac0-7da124e26f0f,낙원떡집,떡,대전정원시장,전통시장,대전광역시,,,
6e3df4a889fc5bdba0ad,full_annotation_v1,A,q_떡_06,떡 파는 곳,카페·디저트 중 '떡'을 판매·제공하는 매장,train,떡,T4 구어·문장,06c9030d-f37c-4867-a42f-ccd438d601a1,신불떡볶이,"분식, 떡볶이",온누리 골목형상점가,골목형상점가,경기도,,,
ef7cbf9ee193d06a88e9,full_annotation_v1,A,q_떡_06,떡 파는 곳,카페·디저트 중 '떡'을 판매·제공하는 매장,train,떡,T4 구어·문장,359b44bc-382d-4209-9f35-12d175902676,소문난떡집,떡,공릉동도깨비시장,전통시장,서울특별시,,,
a5fc7d8d897ba3308362,full_annotation_v1,A,q_떡_06,떡 파는 곳,카페·디저트 중 '떡'을 판매·제공하는 매장,train,떡,T4 구어·문장,8f033bc0-2337-4304-893c-5f4f6186f3ad,봄떡,떡,반여2동상가시장,전통시장,부산광역시,,,
5a0fb5942adef7a68349,full_annotation_v1,A,q_떡_06,떡 파는 곳,카페·디저트 중 '떡'을 판매·제공하는 매장,train,떡,T4 구어·문장,a2f55697-a6c1-4366-aecb-a0419d83e6bd,낙원떡집,떡,원당 중앙로 골목형상점가,골목형상점가,인천광역시,,,
9b837cfd682058499d82,full_annotation_v1,A,q_떡_06,떡 파는 곳,카페·디저트 중 '떡'을 판매·제공하는 매장,train,떡,T4 구어·문장,a8ef9861-75da-4528-a961-a40f702288c8,낙원떡집,떡,역곡상상시장(구 역곡북부시장),전통시장,경기도,,,
6a7c27ae2f24089bfffa,full_annotation_v1,A,q_떡_06,떡 파는 곳,카페·디저트 중 '떡'을 판매·제공하는 매장,train,떡,T4 구어·문장,995b8e96-6238-4ac4-8f31-6568e8d93436,오곡떡집,떡,순천역전시장상가,자율상권구역,전라남도,,,
ffc0e1e76f73a2a56087,full_annotation_v1,A,q_떡_06,떡 파는 곳,카페·디저트 중 '떡'을 판매·제공하는 매장,train,떡,T4 구어·문장,63ee2cc2-2e5d-489d-8abf-57ca3baa95c0,낙원떡집,떡,우림골목시장,전통시장,서울특별시,,,
e0d9615ed955003b4d5e,full_annotation_v1,A,q_떡_06,떡 파는 곳,카페·디저트 중 '떡'을 판매·제공하는 매장,train,떡,T4 구어·문장,d13bdab4-f219-4a17-ba10-f463631f7f71,낙원떡집,떡,산성시장,전통시장,대전광역시,,,
e5e0979c68a8149fea53,full_annotation_v1,A,q_떡_06,떡 파는 곳,카페·디저트 중 '떡'을 판매·제공하는 매장,train,떡,T4 구어·문장,00b6de61-2c2e-4164-aee6-c011f81aec20,파리바게뜨 세종반곡,"베이커리, 케이크, 음료, 커피",반곡동행복 골목형상점가,골목형상점가,세종특별자치시,,,
3121b6ac814da92307a8,full_annotation_v1,A,q_떡_06,떡 파는 곳,카페·디저트 중 '떡'을 판매·제공하는 매장,train,떡,T4 구어·문장,5f5f1cbb-32ba-46d4-b874-c685984d27c9,포후에,쌀국수,단국대 앞 골목형상점가,골목형상점가,경기도,,,
86562322262fb5a99f9e,full_annotation_v1,A,q_떡_06,떡 파는 곳,카페·디저트 중 '떡'을 판매·제공하는 매장,train,떡,T4 구어·문장,a21c24ac-2ebc-459e-a4d9-03a4a4be2278,양강통닭,일반한식,영동전통시장,전통시장,충청북도,,,
cf0399d28eb0fe2cb126,full_annotation_v1,A,q_떡_06,떡 파는 곳,카페·디저트 중 '떡'을 판매·제공하는 매장,train,떡,T4 구어·문장,005f6f1a-ae3e-47a8-9298-8c7cae082531,삼선의원,일반의원,광복마을3-4길 골목형상점가,골목형상점가,광주광역시,,,
778be047f58ec36cd817,full_annotation_v1,A,q_떡_06,떡 파는 곳,카페·디저트 중 '떡'을 판매·제공하는 매장,train,떡,T4 구어·문장,006a0313-25b0-44ff-a533-8a01005aa1a6,안채떡시루,떡,신도꼼지락시장,전통시장,대전광역시,,,
2856f91ca266becf6b40,full_annotation_v1,A,q_떡_06,떡 파는 곳,카페·디저트 중 '떡'을 판매·제공하는 매장,train,떡,T4 구어·문장,8de677ed-1177-4dd2-a070-fa5b415aece1,부영떡방앗간,떡,첨단부영 골목형상점가,골목형상점가,광주광역시,,,
296bf34e17f65186ce0b,full_annotation_v1,A,q_떡_06,떡 파는 곳,카페·디저트 중 '떡'을 판매·제공하는 매장,train,떡,T4 구어·문장,4bea497f-6e91-4e94-957d-4e9a2d26a308,아침에떡,떡,소사벌 에듀타운 상인회 골목형상점가,골목형상점가,경기도,,,
c6c1d5f1d3b66252225d,full_annotation_v1,A,q_떡_06,떡 파는 곳,카페·디저트 중 '떡'을 판매·제공하는 매장,train,떡,T4 구어·문장,f93e9e1f-cab9-44aa-a1bd-355472af9943,낙원떡집,떡,남항시장,전통시장,부산광역시,,,
ed5db6c154bc969b1a72,full_annotation_v1,A,q_떡_06,떡 파는 곳,카페·디저트 중 '떡'을 판매·제공하는 매장,train,떡,T4 구어·문장,593ec30d-61d0-4290-bb56-913a87632f63,낙원떡집,떡,부전상가시장,전통시장,부산광역시,,,
6dc464450488300c8ce6,full_annotation_v1,A,q_떡_06,떡 파는 곳,카페·디저트 중 '떡'을 판매·제공하는 매장,train,떡,T4 구어·문장,67b6faea-363b-499c-8276-5d2778a39aa0,어나더더블유,책,동작구 LINK 상권활성화구역,상권활성화구역,서울특별시,,,
75fe7cd7b845685c4c1f,full_annotation_v1,A,q_떡_06,떡 파는 곳,카페·디저트 중 '떡'을 판매·제공하는 매장,train,떡,T4 구어·문장,33ca2d80-ec7e-4439-8edf-30f0a425f110,떡일품,떡,부평깡통시장(구 부산부평시장),전통시장,부산광역시,,,
b1471d243ef17f044217,full_annotation_v1,A,q_떡_06,떡 파는 곳,카페·디저트 중 '떡'을 판매·제공하는 매장,train,떡,T4 구어·문장,8bd74968-686d-40ea-ac24-d4f9c3b3c6db,낙원떡집,떡,경리단길 골목형상점가,골목형상점가,서울특별시,,,
109bb608307be0962742,full_annotation_v1,A,q_떡_06,떡 파는 곳,카페·디저트 중 '떡'을 판매·제공하는 매장,train,떡,T4 구어·문장,be9f8c61-892c-48ed-a49d-b63bd032c025,소곳,의류,고투몰(강남터미널지하도상점가),일반지하상점가,서울특별시,,,
2ee9f1d3e96b9a69303c,full_annotation_v1,A,q_떡_06,떡 파는 곳,카페·디저트 중 '떡'을 판매·제공하는 매장,train,떡,T4 구어·문장,5f4f30dc-bfaf-4823-961e-4cf7abca25e1,문실잡곡떡,떡,태화시장,전통시장,울산광역시,,,
3ad59e15107b4e16baa5,full_annotation_v1,A,q_떡_06,떡 파는 곳,카페·디저트 중 '떡'을 판매·제공하는 매장,train,떡,T4 구어·문장,fb1127f0-d969-4676-8a41-fd63903e0331,평화식육점,축산,경주성동공설시장,전통시장,경상북도,,,
d7bfd8e3c04638cad7bd,full_annotation_v1,A,q_떡_06,떡 파는 곳,카페·디저트 중 '떡'을 판매·제공하는 매장,train,떡,T4 구어·문장,9a66f208-079d-4380-b210-90b4e1a0ecd0,떡익는 정원,떡,월드시티상가 골목형상점가,골목형상점가,울산광역시,,,
dc3104efc97eea90d49b,full_annotation_v1,A,q_떡_06,떡 파는 곳,카페·디저트 중 '떡'을 판매·제공하는 매장,train,떡,T4 구어·문장,015915e3-2542-4245-b627-0c775b4c5501,한내떡집,,거제 고현시장,전통시장,경상남도,,,
db2fe87c3361a814da36,full_annotation_v1,A,q_떡_06,떡 파는 곳,카페·디저트 중 '떡'을 판매·제공하는 매장,train,떡,T4 구어·문장,00da7b0f-5f2e-4d01-a02e-1da17167ed5b,오룡떡집,떡,오룡시장 골목형상점가,골목형상점가,,,,
4545c5f3a72929e058b8,full_annotation_v1,A,q_떡_06,떡 파는 곳,카페·디저트 중 '떡'을 판매·제공하는 매장,train,떡,T4 구어·문장,a3250180-94c8-4f21-a616-c29ada1e4edf,중앙복떡,떡,용인중앙시장,전통시장,경기도,,,
3574d1ea02b731f8dbb5,full_annotation_v1,A,q_떡_06,떡 파는 곳,카페·디저트 중 '떡'을 판매·제공하는 매장,train,떡,T4 구어·문장,001b41fe-1fe3-4a7a-9c03-5e556ffc776d,마수리떡,떡,중앙신시장,전통시장,경상북도,,,
822c5146d6b06fb9d079,full_annotation_v1,A,q_떡_06,떡 파는 곳,카페·디저트 중 '떡'을 판매·제공하는 매장,train,떡,T4 구어·문장,92367542-4807-4efe-803a-6a5140446067,청애병,떡,후곡마을 골목형상점가,골목형상점가,경기도,,,
da8d669dedf2274a2bd5,full_annotation_v1,A,q_떡_06,떡 파는 곳,카페·디저트 중 '떡'을 판매·제공하는 매장,train,떡,T4 구어·문장,d981e953-9af3-41c6-84a3-b71aa6a62110,떡누리,떡,푸른솔빛골목형상점가,골목형상점가,인천광역시,,,
80a123424290acd83f14,full_annotation_v1,A,q_떡_06,떡 파는 곳,카페·디저트 중 '떡'을 판매·제공하는 매장,train,떡,T4 구어·문장,5f59c153-0ca4-4ba4-9f1c-e59663f9e5e2,꽃파는 카페 가배화,꽃가게,맛조이상인회 골목형상점가,골목형상점가,광주광역시,,,
b6882fb6b3156d9e014c,full_annotation_v1,A,q_떡_06,떡 파는 곳,카페·디저트 중 '떡'을 판매·제공하는 매장,train,떡,T4 구어·문장,e3b4ef9e-6b6c-486a-9ab8-9df801166ca0,꼬꼬닭집,닭,정서진중앙시장(구 서구중앙시장),전통시장,인천광역시,,,
a444d9ba43d1954ad974,full_annotation_v1,A,q_떡_06,떡 파는 곳,카페·디저트 중 '떡'을 판매·제공하는 매장,train,떡,T4 구어·문장,03c24ed1-1000-4d0a-9167-76e24e042340,신전떡볶이,떡볶이,전북대대학로상점가,자율상권구역,전북특별자치도,,,
8e77121d3a9825fd4b64,full_annotation_v1,A,q_떡_06,떡 파는 곳,카페·디저트 중 '떡'을 판매·제공하는 매장,train,떡,T4 구어·문장,320aa50b-c818-4a01-b236-bf523bf5a9a1,낙원떡집,떡,월배시장,전통시장,대구광역시,,,
ff91d3449403ffd41ef9,full_annotation_v1,A,q_떡_06,떡 파는 곳,카페·디저트 중 '떡'을 판매·제공하는 매장,train,떡,T4 구어·문장,c161453d-f2c8-4b97-a2c3-a54e0cbdb7e8,생활용품 싸게 파는 집,잡화,안성중앙시장,전통시장,경기도,,,
6fea2763b6e8f630a04f,full_annotation_v1,A,q_떡_06,떡 파는 곳,카페·디저트 중 '떡'을 판매·제공하는 매장,train,떡,T4 구어·문장,bdb63194-bd41-44f9-9d41-66ebff5dc379,천근떡집,떡,문화동 천근어울길 골목형상점가,골목형상점가,대전광역시,,,
223d53f9694366bc80c4,full_annotation_v1,A,q_떡_06,떡 파는 곳,카페·디저트 중 '떡'을 판매·제공하는 매장,train,떡,T4 구어·문장,cfb28a15-a3a6-4039-9b45-8bf6f4465dc7,금호 떡 방앗간,떡,계림중앙필문로 골목형상점가,골목형상점가,광주광역시,,,
4484990df5ce803084a6,full_annotation_v1,A,q_떡_06,떡 파는 곳,카페·디저트 중 '떡'을 판매·제공하는 매장,train,떡,T4 구어·문장,153f8d0a-099d-4f69-8486-95714747789b,떡본김에,떡,동림푸른 골목형상점가,골목형상점가,광주광역시,,,
4be00578391679551162,full_annotation_v1,A,q_떡_06,떡 파는 곳,카페·디저트 중 '떡'을 판매·제공하는 매장,train,떡,T4 구어·문장,001cb3d4-5441-4963-b517-d5b3904ee312,현창떡집,떡집,목포동부시장,전통시장,전라남도,,,
3112d525942c7e236289,full_annotation_v1,A,q_떡_06,떡 파는 곳,카페·디저트 중 '떡'을 판매·제공하는 매장,train,떡,T4 구어·문장,be4d931d-1d36-4965-b42a-7e0687ffb0bc,낙원떡집,떡,구암시장,전통시장,대구광역시,,,
c87241dc62a523ba2f50,full_annotation_v1,A,q_떡_06,떡 파는 곳,카페·디저트 중 '떡'을 판매·제공하는 매장,train,떡,T4 구어·문장,ccca75bc-94d3-455f-91f7-3a4b901555ca,낙원떡집,떡,용인중앙시장,전통시장,경기도,,,
4803e15f275c2cb7192b,full_annotation_v1,A,q_떡_06,떡 파는 곳,카페·디저트 중 '떡'을 판매·제공하는 매장,train,떡,T4 구어·문장,7230bd32-e579-4260-843d-4a2a8023870e,윤보네식육식당,한식,금호1동상가번영회 골목형상점가,골목형상점가,광주광역시,,,
94d63709bf93beeac1a1,full_annotation_v1,A,q_떡_06,떡 파는 곳,카페·디저트 중 '떡'을 판매·제공하는 매장,train,떡,T4 구어·문장,b5b56ea4-5391-4e9f-8da8-946cbbe19998,재웅떡집,떡,동원전통종합시장,전통시장,서울특별시,,,
0c59f0bd530bc5d8c252,full_annotation_v1,A,q_떡_06,떡 파는 곳,카페·디저트 중 '떡'을 판매·제공하는 매장,train,떡,T4 구어·문장,dd60747a-382f-4183-ad88-8218b05c3e7a,신창시장족발,한식,창동신창시장,전통시장,서울특별시,,,
7e9d23d2784b13e48130,full_annotation_v1,A,q_떡_06,떡 파는 곳,카페·디저트 중 '떡'을 판매·제공하는 매장,train,떡,T4 구어·문장,0046e3b5-e973-4cc0-807c-acb34ad8e262,야음민속떡집,제조업(떡방앗간),울산번개시장,전통시장,울산광역시,,,
d8a33817e0f61e273f95,full_annotation_v1,A,q_떡_06,떡 파는 곳,카페·디저트 중 '떡'을 판매·제공하는 매장,train,떡,T4 구어·문장,602ddd72-2481-4ffb-b90d-17213a723d08,아침에떡,떡,작전시장,전통시장,인천광역시,,,
05adda1c5a81efdb7357,full_annotation_v1,A,q_떡_06,떡 파는 곳,카페·디저트 중 '떡'을 판매·제공하는 매장,train,떡,T4 구어·문장,75d57266-294f-49a5-8835-2151479385ce,낙원떡집,떡,영동전통시장,전통시장,서울특별시,,,
f7d34d3b36b90b0913b7,full_annotation_v1,A,q_떡_06,떡 파는 곳,카페·디저트 중 '떡'을 판매·제공하는 매장,train,떡,T4 구어·문장,ad2284ff-8791-453b-b8a9-67654ff94220,폰파는 신사,휴대폰,남해 명품화전길 골목형상점가,골목형상점가,경상남도,,,
d5048054c559543ca11f,full_annotation_v1,A,q_떡_06,떡 파는 곳,카페·디저트 중 '떡'을 판매·제공하는 매장,train,떡,T4 구어·문장,0355fd18-91d1-47f5-94d3-3e9beb39e850,케이크 7길(CAKE 7 STREET),케이크,봉포 로데오거리 골목형상점가,골목형상점가,강원특별자치도,,,
36b5e7a47d0e3d918704,full_annotation_v1,A,q_떡_06,떡 파는 곳,카페·디저트 중 '떡'을 판매·제공하는 매장,train,떡,T4 구어·문장,02e07694-0e7b-494c-9d49-51d842591fcd,올데이스위트,케이크,외대글로벌길 골목형상점가,골목형상점가,경기도,,,
6e1ce11795ca7df1efee,full_annotation_v1,A,q_떡_06,떡 파는 곳,카페·디저트 중 '떡'을 판매·제공하는 매장,train,떡,T4 구어·문장,3d5d845d-6f54-4bbb-b245-ab0173b26255,호원당떡집,떡,영동교골목시장(영동교시장),전통시장,서울특별시,,,
238fa53c85ca2f0e46c2,full_annotation_v1,A,q_떡_06,떡 파는 곳,카페·디저트 중 '떡'을 판매·제공하는 매장,train,떡,T4 구어·문장,eca81c50-5c85-4079-a054-532a4a30127a,떡쟁이,떡,둔전골목형상점가,골목형상점가,경기도,,,
deedc7160145466b9afd,full_annotation_v1,A,q_떡_07,떡추천,카페·디저트 중 '떡'을 판매·제공하는 매장,train,떡,T6 기계변형,e96a83bc-946a-43bc-9e0d-d1185bf52d51,옥천,수산물,부천상동시장,전통시장,경기도,,,
56a8691d2b2771e2976c,full_annotation_v1,A,q_떡_07,떡추천,카페·디저트 중 '떡'을 판매·제공하는 매장,train,떡,T6 기계변형,824ef76b-ae68-41f6-8d7c-0432343c990f,와우동천,,풍무동1 골목형상점가,골목형상점가,경기도,,,
d1909de3118f9d59d823,full_annotation_v1,A,q_떡_07,떡추천,카페·디저트 중 '떡'을 판매·제공하는 매장,train,떡,T6 기계변형,d8c801f9-5e16-483d-acdd-b8d41d5d0871,주식회사 영천,한식,병점중심상가,자율상권구역,경기도,,,
f3bb1b6a1177cd3820d8,full_annotation_v1,A,q_떡_07,떡추천,카페·디저트 중 '떡'을 판매·제공하는 매장,train,떡,T6 기계변형,ecceb450-89fb-4e2b-9944-bd1acca2bd30,오케이(OK)뷰티,헤나재료,재송시장,전통시장,부산광역시,,,
3d29792cacecaf980e55,full_annotation_v1,A,q_떡_07,떡추천,카페·디저트 중 '떡'을 판매·제공하는 매장,train,떡,T6 기계변형,0285a210-0334-4889-8ecb-5133ea34d487,놀숲 대전버드내점,"커피, 음표, 떡볶이, 볶음밥",유천버드내 골목형상점가,골목형상점가,대전광역시,,,
f6ffc1eef2c422b5251d,full_annotation_v1,A,q_떡_07,떡추천,카페·디저트 중 '떡'을 판매·제공하는 매장,train,떡,T6 기계변형,8b1d093a-cc2b-4594-9079-a232b746224a,한알천 본점,한식,원신흥어울림길 골목형상점가,골목형상점가,대전광역시,,,
30f98c5c153c1208eda4,full_annotation_v1,A,q_떡_07,떡추천,카페·디저트 중 '떡'을 판매·제공하는 매장,train,떡,T6 기계변형,196409ec-5e02-4eaf-b286-d156179abb1b,떡선생,떡,염주먹자골목B구역상인회 골목형상점가,골목형상점가,광주광역시,,,
164ed009d6c80cbee9c1,full_annotation_v1,A,q_떡_07,떡추천,카페·디저트 중 '떡'을 판매·제공하는 매장,train,떡,T6 기계변형,c72ad5e5-3bac-47b9-8014-f1b9367630e1,안녕제천,,제천중앙시장,전통시장,충청북도,,,
e2a3fe32196b063bb196,full_annotation_v1,A,q_떡_07,떡추천,카페·디저트 중 '떡'을 판매·제공하는 매장,train,떡,T6 기계변형,1b454240-8223-47b9-83a7-f51dbbbe52fa,바른두레소비자생활협동조합 (천천점),,천천중심상가 골목형상점가,골목형상점가,경기도,,,
242900f6351f8cb7c366,full_annotation_v1,A,q_떡_07,떡추천,카페·디저트 중 '떡'을 판매·제공하는 매장,train,떡,T6 기계변형,b7c80f11-f075-4985-9cd1-01f648ce75c1,아퀴진,브런치,나성BRT 골목형상점가,골목형상점가,세종특별자치시,,,
5b09fa2e554b1834f5ee,full_annotation_v1,A,q_떡_07,떡추천,카페·디저트 중 '떡'을 판매·제공하는 매장,train,떡,T6 기계변형,84ec2b5f-3ecb-499e-8499-7cd0dd19a4e1,주식회사거천,수산물,북평민속시장(북평민속5일장),전통시장,강원특별자치도,,,
bc5e9d9e4aa736b87d21,full_annotation_v1,A,q_떡_07,떡추천,카페·디저트 중 '떡'을 판매·제공하는 매장,train,떡,T6 기계변형,005313c8-dce8-49b6-9841-9143ebb1305a,동원떡집,,박달시장,전통시장,경기도,,,
e188affa79516465a281,full_annotation_v1,A,q_떡_07,떡추천,카페·디저트 중 '떡'을 판매·제공하는 매장,train,떡,T6 기계변형,06c9030d-f37c-4867-a42f-ccd438d601a1,신불떡볶이,"분식, 떡볶이",온누리 골목형상점가,골목형상점가,경기도,,,
2fbcbb8c5781dc01d5c9,full_annotation_v1,A,q_떡_07,떡추천,카페·디저트 중 '떡'을 판매·제공하는 매장,train,떡,T6 기계변형,08fface4-d3f8-4fa4-a349-22dc64475944,웜앤쿨 퍼스널컬러진단 강남본점,미용,반드레길골목형상점가,골목형상점가,서울특별시,,,
f3e77c8fe9148bc4bf85,full_annotation_v1,A,q_떡_07,떡추천,카페·디저트 중 '떡'을 판매·제공하는 매장,train,떡,T6 기계변형,9c5ec1cd-d81e-4f74-bf83-f2c0b38d938a,해피천,생활용풍,우치로효동공원 골목형상점가,골목형상점가,광주광역시,,,
8dea3c33e9302dc645fe,full_annotation_v1,A,q_떡_07,떡추천,카페·디저트 중 '떡'을 판매·제공하는 매장,train,떡,T6 기계변형,c1082f66-a832-4863-933d-c337d35d0299,합천 식육점,,진주 중앙상점가,자율상권구역,경상남도,,,
86fa2af1711eb1ad7006,full_annotation_v1,A,q_떡_07,떡추천,카페·디저트 중 '떡'을 판매·제공하는 매장,train,떡,T6 기계변형,04c905ba-3172-4ea4-a6dd-4345d674dea0,덕순이네,제조업(떡집),장터길 골목형상점가,골목형상점가,경기도,,,
64bf1bf8d3e37213a03d,full_annotation_v1,A,q_떡_07,떡추천,카페·디저트 중 '떡'을 판매·제공하는 매장,train,떡,T6 기계변형,04152499-1e7f-451f-8393-4986be4bd671,신전떡볶이,떡볶이,행복상점가,자율상권구역,경상북도,,,
1105c45e19ac8248c3ea,full_annotation_v1,A,q_떡_07,떡추천,카페·디저트 중 '떡'을 판매·제공하는 매장,train,떡,T6 기계변형,000814be-1ad1-4f62-87e7-0e02af595e2f,사사,"샌드위치, 케이크, 커피",나릿재 골목형상점가,골목형상점가,세종특별자치시,,,
740a8b536d1c6a76bae6,full_annotation_v1,A,q_떡_07,떡추천,카페·디저트 중 '떡'을 판매·제공하는 매장,train,떡,T6 기계변형,0100749f-7642-4d61-850f-9f5fca70f786,소하담,떡케이크 답례,백석한들1번가 골목형상점가,골목형상점가,충청남도,,,
b180f0672bb10e3473eb,full_annotation_v1,A,q_떡_07,떡추천,카페·디저트 중 '떡'을 판매·제공하는 매장,train,떡,T6 기계변형,ec7e2edc-729f-4d05-8893-4f328f2581e0,헬로천,원단,서문시장2지구 종합상가,전통시장,대구광역시,,,
0090c39906ae8afd1dfc,full_annotation_v1,A,q_떡_07,떡추천,카페·디저트 중 '떡'을 판매·제공하는 매장,train,떡,T6 기계변형,a5d68d29-9e6f-4aa6-b2ee-2213ef70b6a4,떡뫼들,떡,좌동재래시장,전통시장,부산광역시,,,
f86054dfd4d430fb3752,full_annotation_v1,A,q_떡_07,떡추천,카페·디저트 중 '떡'을 판매·제공하는 매장,train,떡,T6 기계변형,35e7ae3b-5dd1-468d-8d6e-c19f0eed587c,드디어,의류,테크노상가,전통시장,서울특별시,,,
c157e2b864dc38be4e3d,full_annotation_v1,A,q_떡_07,떡추천,카페·디저트 중 '떡'을 판매·제공하는 매장,train,떡,T6 기계변형,03c24ed1-1000-4d0a-9167-76e24e042340,신전떡볶이,떡볶이,전북대대학로상점가,자율상권구역,전북특별자치도,,,
e725b0d6aad1e014b3a2,full_annotation_v1,A,q_떡_07,떡추천,카페·디저트 중 '떡'을 판매·제공하는 매장,train,떡,T6 기계변형,eee864ae-71bd-49dc-9dbb-dd7a913a5155,떡화점,,안성맞춤시장,전통시장,경기도,,,
730fdbadf2d710ab56e6,full_annotation_v1,A,q_떡_07,떡추천,카페·디저트 중 '떡'을 판매·제공하는 매장,train,떡,T6 기계변형,c06e4194-a73f-459c-a8fc-0619bdecd097,김씨천,원단,서문시장2지구 종합상가,전통시장,대구광역시,,,
84f8230cc59e7fc2dccc,full_annotation_v1,A,q_떡_07,떡추천,카페·디저트 중 '떡'을 판매·제공하는 매장,train,떡,T6 기계변형,b6e48c3b-c1b6-4887-ba1f-de2e8d5f253e,승희네반찬,반찬(식자재),동남상가,전통시장,서울특별시,,,
048c535af6b5a25561dc,full_annotation_v1,A,q_떡_07,떡추천,카페·디저트 중 '떡'을 판매·제공하는 매장,train,떡,T6 기계변형,eca81c50-5c85-4079-a054-532a4a30127a,떡쟁이,떡,둔전골목형상점가,골목형상점가,경기도,,,
95b286ce2cecdc4c9826,full_annotation_v1,A,q_떡_07,떡추천,카페·디저트 중 '떡'을 판매·제공하는 매장,train,떡,T6 기계변형,7decac66-77a7-4421-bf60-0765e3401405,떡세상,떡,꽃밭정이 골목형상점가,골목형상점가,전북특별자치도,,,
c5746f72475e3f8f5609,full_annotation_v1,A,q_떡_07,떡추천,카페·디저트 중 '떡'을 판매·제공하는 매장,train,떡,T6 기계변형,44e0686a-9876-4f6a-a63b-6f9983eb6af6,스시천,일식,공항대로골목형상점가,골목형상점가,서울특별시,,,
ac70435061faf5130e96,full_annotation_v1,A,q_떡_07,떡추천,카페·디저트 중 '떡'을 판매·제공하는 매장,train,떡,T6 기계변형,5c3852bd-b02c-4d8f-8c30-b456d4e02460,청해진,수산물,소래포구종합어시장,자율상권구역,인천광역시,,,
7e570b7c9db4733492f9,full_annotation_v1,A,q_떡_07,떡추천,카페·디저트 중 '떡'을 판매·제공하는 매장,train,떡,T6 기계변형,153f8d0a-099d-4f69-8486-95714747789b,떡본김에,떡,동림푸른 골목형상점가,골목형상점가,광주광역시,,,
d4224a2977d86d2b3b29,full_annotation_v1,A,q_떡_07,떡추천,카페·디저트 중 '떡'을 판매·제공하는 매장,train,떡,T6 기계변형,6549bd5b-225b-4c30-a03b-78537f1a644f,옥천,문구,통영 충무데파트,자율상권구역,경상남도,,,
0282f5dba1b15cf96722,full_annotation_v1,A,q_떡_07,떡추천,카페·디저트 중 '떡'을 판매·제공하는 매장,train,떡,T6 기계변형,868e3a70-b0aa-4ad0-a1e3-10a4310a2e5b,청아온천,,장성읍 골목형상점가,골목형상점가,전라남도,,,
517e12c4ac90ec39e265,full_annotation_v1,A,q_떡_07,떡추천,카페·디저트 중 '떡'을 판매·제공하는 매장,train,떡,T6 기계변형,006a0313-25b0-44ff-a533-8a01005aa1a6,안채떡시루,떡,신도꼼지락시장,전통시장,대전광역시,,,
5bcbc52f00822a0e914a,full_annotation_v1,A,q_떡_07,떡추천,카페·디저트 중 '떡'을 판매·제공하는 매장,train,떡,T6 기계변형,4084441d-fcb3-4267-96dd-40f642042605,부처스청천,식육,서초쇼핑골목형상점가,골목형상점가,서울특별시,,,
dbbab2fb0d7598522045,full_annotation_v1,A,q_떡_07,떡추천,카페·디저트 중 '떡'을 판매·제공하는 매장,train,떡,T6 기계변형,4a1429a4-c915-4c53-b498-a931cbb5a451,떡정,떡류,송정사랑 골목형상점가,골목형상점가,광주광역시,,,
649715e87579eca0dc6e,full_annotation_v1,A,q_떡_07,떡추천,카페·디저트 중 '떡'을 판매·제공하는 매장,train,떡,T6 기계변형,c7e7c65b-6156-49ad-9cb1-e05a111e3c20,서울삼성이비인후과의원,의료,나성BRT 골목형상점가,골목형상점가,세종특별자치시,,,
c6613d5f8193d05ba366,full_annotation_v1,A,q_떡_07,떡추천,카페·디저트 중 '떡'을 판매·제공하는 매장,train,떡,T6 기계변형,fc314ae9-f7a9-47e6-a57a-04449955ec04,영광경기이천,,주문진건어물시장,전통시장,강원특별자치도,,,
6937ccc2f0c173f0be90,full_annotation_v1,A,q_떡_07,떡추천,카페·디저트 중 '떡'을 판매·제공하는 매장,train,떡,T6 기계변형,6995226b-8e49-4a8a-b5b3-ac865a955756,강화상회,야채,현대시장,전통시장,인천광역시,,,
0e487969f841e873cbf6,full_annotation_v1,A,q_떡_07,떡추천,카페·디저트 중 '떡'을 판매·제공하는 매장,train,떡,T6 기계변형,d7a69095-5366-468e-a00b-0d8540465712,성일유통,임농산물 건강기능식품,서울약령시장,전통시장,서울특별시,,,
06b8f7af71465064a04b,full_annotation_v1,A,q_떡_07,떡추천,카페·디저트 중 '떡'을 판매·제공하는 매장,train,떡,T6 기계변형,001b41fe-1fe3-4a7a-9c03-5e556ffc776d,마수리떡,떡,중앙신시장,전통시장,경상북도,,,
9206bda889bb804363ae,full_annotation_v1,A,q_떡_07,떡추천,카페·디저트 중 '떡'을 판매·제공하는 매장,train,떡,T6 기계변형,0046e3b5-e973-4cc0-807c-acb34ad8e262,야음민속떡집,제조업(떡방앗간),울산번개시장,전통시장,울산광역시,,,
cea847ea1849560f07a3,full_annotation_v1,A,q_떡_07,떡추천,카페·디저트 중 '떡'을 판매·제공하는 매장,train,떡,T6 기계변형,0355fd18-91d1-47f5-94d3-3e9beb39e850,케이크 7길(CAKE 7 STREET),케이크,봉포 로데오거리 골목형상점가,골목형상점가,강원특별자치도,,,
056919f34ae244425b1d,full_annotation_v1,A,q_떡_07,떡추천,카페·디저트 중 '떡'을 판매·제공하는 매장,train,떡,T6 기계변형,33ca2d80-ec7e-4439-8edf-30f0a425f110,떡일품,떡,부평깡통시장(구 부산부평시장),전통시장,부산광역시,,,
528a59b7379f2247bd3f,full_annotation_v1,A,q_떡_07,떡추천,카페·디저트 중 '떡'을 판매·제공하는 매장,train,떡,T6 기계변형,6eb4d162-5c4e-4b6b-a6c2-2d328301ce43,박경빈치과,보건,용남시장,전통시장,인천광역시,,,
9139cd0547a188b888e1,full_annotation_v1,A,q_떡_07,떡추천,카페·디저트 중 '떡'을 판매·제공하는 매장,train,떡,T6 기계변형,22a94491-853d-4840-b253-418bc12c7e10,산천,,홍도 골목형상점가,골목형상점가,대전광역시,,,
3633a9b01d501613358e,full_annotation_v1,A,q_떡_07,떡추천,카페·디저트 중 '떡'을 판매·제공하는 매장,train,떡,T6 기계변형,024c1f10-1fe0-4be3-8bde-6465f5cd8c43,오늘은 떡볶이,"떡볶이, 튀김, 순대 등",석촌시장,전통시장,서울특별시,,,
9a28f55dedccd98d60b2,full_annotation_v1,A,q_떡_07,떡추천,카페·디저트 중 '떡'을 판매·제공하는 매장,train,떡,T6 기계변형,65782056-0714-4be9-b6c5-1c5194ef3072,고향산천,농산물,하동 화개장터,전통시장,경상남도,,,
b7fc3eb39b5526c9905d,full_annotation_v1,A,q_떡_07,떡추천,카페·디저트 중 '떡'을 판매·제공하는 매장,train,떡,T6 기계변형,0b8ef6dc-2f6b-4707-bd73-529122d9c97a,하단떡집,떡집,하단오일상설시장,전통시장,부산광역시,,,
034ca0715293e271e55f,full_annotation_v1,A,q_떡_07,떡추천,카페·디저트 중 '떡'을 판매·제공하는 매장,train,떡,T6 기계변형,fe26c01c-3ff9-493c-8b89-e69c3b799ea9,방천 방파제,한식,방천시장,전통시장,대구광역시,,,
baf6dd21352a77ac2de9,full_annotation_v1,A,q_떡_07,떡추천,카페·디저트 중 '떡'을 판매·제공하는 매장,train,떡,T6 기계변형,005eb565-6fc3-431d-82ff-5aa4bb905498,풍년떡방,떡,주막거리상점가,자율상권구역,경기도,,,
b5eea560755b48cc904e,full_annotation_v1,A,q_떡_07,떡추천,카페·디저트 중 '떡'을 판매·제공하는 매장,train,떡,T6 기계변형,80c4738a-934b-4b41-9de9-a82a5967a614,천외천,한식,상봉먹자골목형상점가,골목형상점가,서울특별시,,,
5d3bccc399817364fdac,full_annotation_v1,A,q_떡_07,떡추천,카페·디저트 중 '떡'을 판매·제공하는 매장,train,떡,T6 기계변형,66de28fb-fa51-4e0e-b7a5-3f3315a80c96,합천상회,건강식품,서대신동골목시장,전통시장,부산광역시,,,
c80948db7421a31dd0ce,full_annotation_v1,A,q_떡_07,떡추천,카페·디저트 중 '떡'을 판매·제공하는 매장,train,떡,T6 기계변형,9ee44de1-65a0-45df-a947-9dfda3206e45,떡오름,떡,보령중앙시장,전통시장,충청남도,,,
bafee8962bee1414272c,full_annotation_v1,A,q_떡_07,떡추천,카페·디저트 중 '떡'을 판매·제공하는 매장,train,떡,T6 기계변형,00b6de61-2c2e-4164-aee6-c011f81aec20,파리바게뜨 세종반곡,"베이커리, 케이크, 음료, 커피",반곡동행복 골목형상점가,골목형상점가,세종특별자치시,,,
ebb1e8cdbfbae6d92067,full_annotation_v1,A,q_떡_07,떡추천,카페·디저트 중 '떡'을 판매·제공하는 매장,train,떡,T6 기계변형,afa448a3-277d-4e5c-95a2-970848ff1320,춘천,일식,후평3동 행복마을 골목형상점가,골목형상점가,강원특별자치도,,,
eefdcc7af4c15f567a88,full_annotation_v1,A,q_떡_07,떡추천,카페·디저트 중 '떡'을 판매·제공하는 매장,train,떡,T6 기계변형,923eb055-03c7-4384-b6fd-3fe63ee737f7,광천,어묵,대해불빛시장(대해종합시장),전통시장,경상북도,,,
c1a88fd8b24f01854e21,full_annotation_v1,A,q_떡_07,떡추천,카페·디저트 중 '떡'을 판매·제공하는 매장,train,떡,T6 기계변형,a63f0a39-cc86-4e1e-8aef-a0a0a6623891,알천,한식,달아실 골목형상점가,골목형상점가,광주광역시,,,
c4f747a2aa4129234d9a,full_annotation_v1,A,q_떡_07,떡추천,카페·디저트 중 '떡'을 판매·제공하는 매장,train,떡,T6 기계변형,e725d8a3-b3f1-45aa-9aa7-fb74a1b81e22,문화온천,,장흥중앙로 골목형상점가,골목형상점가,,,,
d32a163879b75ad342b5,full_annotation_v1,A,q_떡_07,떡추천,카페·디저트 중 '떡'을 판매·제공하는 매장,train,떡,T6 기계변형,dc0580f1-013c-4799-869a-7d33c3982c29,소몽당동천,빵류,동천동먹자골목2번가상인회 골목형상점가,골목형상점가,광주광역시,,,
ed7e3283429378dbabd0,full_annotation_v1,A,q_떡_07,떡추천,카페·디저트 중 '떡'을 판매·제공하는 매장,train,떡,T6 기계변형,001cb3d4-5441-4963-b517-d5b3904ee312,현창떡집,떡집,목포동부시장,전통시장,전라남도,,,
f79e5deb30981f6506a4,full_annotation_v1,A,q_떡_07,떡추천,카페·디저트 중 '떡'을 판매·제공하는 매장,train,떡,T6 기계변형,07f06bd5-ed3f-4438-bfbd-a84bd8f3e67a,원필라테스(ONE PILATES),필라테스,반드레길골목형상점가,골목형상점가,서울특별시,,,
8f6da5490881538af08e,full_annotation_v1,A,q_떡_07,떡추천,카페·디저트 중 '떡'을 판매·제공하는 매장,train,떡,T6 기계변형,488c87d3-7e0e-4cf9-adfa-bd793d32fe6e,가든온천,,정남진활력의거리 골목형상점가,골목형상점가,,,,
1faac0895e2838381e3b,full_annotation_v1,A,q_떡_07,떡추천,카페·디저트 중 '떡'을 판매·제공하는 매장,train,떡,T6 기계변형,16c72a3b-0266-418e-a39e-195efda25c96,떡메랑,떡,한민시장,전통시장,대전광역시,,,
e23ac355a535ece00906,full_annotation_v1,A,q_떡_07,떡추천,카페·디저트 중 '떡'을 판매·제공하는 매장,train,떡,T6 기계변형,b26e0f84-a412-455c-b4d6-6b41b58c3a21,홍천,제분,모란전통기름시장,전통시장,경기도,,,
cb888919e47020ae0bc3,full_annotation_v1,A,q_떡_07,떡추천,카페·디저트 중 '떡'을 판매·제공하는 매장,train,떡,T6 기계변형,015915e3-2542-4245-b627-0c775b4c5501,한내떡집,,거제 고현시장,전통시장,경상남도,,,
6ac93e216cb10040620f,full_annotation_v1,A,q_떡_07,떡추천,카페·디저트 중 '떡'을 판매·제공하는 매장,train,떡,T6 기계변형,09196f40-a706-443c-9ccc-d6c01ca002b0,림헤어,,영통입구 골목형상점가,골목형상점가,경기도,,,
3f7cc56eeb05077fde5e,full_annotation_v1,A,q_떡_07,떡추천,카페·디저트 중 '떡'을 판매·제공하는 매장,train,떡,T6 기계변형,6985e359-bb88-47d4-98a7-8977541ecd03,영천,육류,태백시장,전통시장,대구광역시,,,
a85b84b211ad28343687,full_annotation_v1,A,q_떡_07,떡추천,카페·디저트 중 '떡'을 판매·제공하는 매장,train,떡,T6 기계변형,8998d62f-8875-47c9-80f5-c4637b190754,바이천,원단,서문시장2지구 종합상가,전통시장,대구광역시,,,
5fccb41659fc684a28ea,full_annotation_v1,A,q_떡_07,떡추천,카페·디저트 중 '떡'을 판매·제공하는 매장,train,떡,T6 기계변형,81fda61c-9dff-4856-b91d-1bf2f68fd8da,광천,채소,난곡골목형상점가,골목형상점가,서울특별시,,,
225a4c1ae52ddb4776b3,full_annotation_v1,A,q_떡_07,떡추천,카페·디저트 중 '떡'을 판매·제공하는 매장,train,떡,T6 기계변형,b1415c8f-2278-4988-9671-cc7c396a5c33,둘하나족발,한식,용호골목시장,전통시장,부산광역시,,,
b6189731ef823e9db9cc,full_annotation_v1,A,q_떡_07,떡추천,카페·디저트 중 '떡'을 판매·제공하는 매장,train,떡,T6 기계변형,02e07694-0e7b-494c-9d49-51d842591fcd,올데이스위트,케이크,외대글로벌길 골목형상점가,골목형상점가,경기도,,,
9d4f17cf6991202fc276,full_annotation_v1,A,q_떡_07,떡추천,카페·디저트 중 '떡'을 판매·제공하는 매장,train,떡,T6 기계변형,1d189ae0-851e-4499-bce5-d83bb7e96464,도로시맘,악세사리,중앙시장,전통시장,인천광역시,,,
60dba1db3a26130fe801,full_annotation_v1,A,q_떡_07,떡추천,카페·디저트 중 '떡'을 판매·제공하는 매장,train,떡,T6 기계변형,d981e953-9af3-41c6-84a3-b71aa6a62110,떡누리,떡,푸른솔빛골목형상점가,골목형상점가,인천광역시,,,
f6fe92b56ce85d9c52b3,full_annotation_v1,A,q_떡_08,떧,카페·디저트 중 '떡'을 판매·제공하는 매장,train,떡,T6 기계변형,6f61db91-ea0c-4721-96a8-65fab6b84297,쌤소나이트 칠성로점,가방 및 스포츠용품,중앙로상점가,자율상권구역,제주특별자치도,,,
dd2b63c581930a9743f8,full_annotation_v1,A,q_떡_08,떧,카페·디저트 중 '떡'을 판매·제공하는 매장,train,떡,T6 기계변형,000814be-1ad1-4f62-87e7-0e02af595e2f,사사,"샌드위치, 케이크, 커피",나릿재 골목형상점가,골목형상점가,세종특별자치시,,,
cb495883d52f2292cd3a,full_annotation_v1,A,q_떡_08,떧,카페·디저트 중 '떡'을 판매·제공하는 매장,train,떡,T6 기계변형,001b41fe-1fe3-4a7a-9c03-5e556ffc776d,마수리떡,떡,중앙신시장,전통시장,경상북도,,,
3563cba2673791cbac71,full_annotation_v1,A,q_떡_08,떧,카페·디저트 중 '떡'을 판매·제공하는 매장,train,떡,T6 기계변형,02e07694-0e7b-494c-9d49-51d842591fcd,올데이스위트,케이크,외대글로벌길 골목형상점가,골목형상점가,경기도,,,
ab0fb58e4f3981398fd7,full_annotation_v1,A,q_떡_08,떧,카페·디저트 중 '떡'을 판매·제공하는 매장,train,떡,T6 기계변형,0355fd18-91d1-47f5-94d3-3e9beb39e850,케이크 7길(CAKE 7 STREET),케이크,봉포 로데오거리 골목형상점가,골목형상점가,강원특별자치도,,,
ab8da7ac1c45e996ecd8,full_annotation_v1,A,q_떡_08,떧,카페·디저트 중 '떡'을 판매·제공하는 매장,train,떡,T6 기계변형,015915e3-2542-4245-b627-0c775b4c5501,한내떡집,,거제 고현시장,전통시장,경상남도,,,
e56ebf53eeac1cf83bde,full_annotation_v1,A,q_떡_08,떧,카페·디저트 중 '떡'을 판매·제공하는 매장,train,떡,T6 기계변형,04152499-1e7f-451f-8393-4986be4bd671,신전떡볶이,떡볶이,행복상점가,자율상권구역,경상북도,,,
aabc8c1c5894f745cf2a,full_annotation_v1,A,q_떡_08,떧,카페·디저트 중 '떡'을 판매·제공하는 매장,train,떡,T6 기계변형,9accec66-fc44-4a3f-b6fe-069775b56838,장훈성공방,도자기,예스파크 상점가,자율상권구역,경기도,,,
889353a6b5d9da6e97b5,full_annotation_v1,A,q_떡_08,떧,카페·디저트 중 '떡'을 판매·제공하는 매장,train,떡,T6 기계변형,005eb565-6fc3-431d-82ff-5aa4bb905498,풍년떡방,떡,주막거리상점가,자율상권구역,경기도,,,
0b4484ca0d2cdc84a5a0,full_annotation_v1,A,q_떡_08,떧,카페·디저트 중 '떡'을 판매·제공하는 매장,train,떡,T6 기계변형,580fb524-13cc-4d55-9d4e-7ced87ac93c8,어린이서점 토리북,,상록로 골목형상점가,골목형상점가,대구광역시,,,
f7b553b88b03e63de54d,full_annotation_v1,A,q_떡_08,떧,카페·디저트 중 '떡'을 판매·제공하는 매장,train,떡,T6 기계변형,36a389cf-5ea1-4645-8ee7-7b9d15a759df,티셀라(TEACELLAR) 햇살차방,,용봉 골목형상점가,골목형상점가,전북특별자치도,,,
8b1db7985fff9092b3ea,full_annotation_v1,A,q_떡_08,떧,카페·디저트 중 '떡'을 판매·제공하는 매장,train,떡,T6 기계변형,b939783d-254b-4a3a-93f1-774e732410b0,태원요,도자기,예스파크 상점가,자율상권구역,경기도,,,
58c6ad9fe331fa12c6f0,full_annotation_v1,A,q_떡_08,떧,카페·디저트 중 '떡'을 판매·제공하는 매장,train,떡,T6 기계변형,024c1f10-1fe0-4be3-8bde-6465f5cd8c43,오늘은 떡볶이,"떡볶이, 튀김, 순대 등",석촌시장,전통시장,서울특별시,,,
aa9d7901e6f8560482a3,full_annotation_v1,A,q_떡_08,떧,카페·디저트 중 '떡'을 판매·제공하는 매장,train,떡,T6 기계변형,978deaee-b745-4c53-a614-002a5da41be3,프로아티아,,용봉 골목형상점가,골목형상점가,전북특별자치도,,,
7108601e70e3755ab68f,full_annotation_v1,A,q_떡_08,떧,카페·디저트 중 '떡'을 판매·제공하는 매장,train,떡,T6 기계변형,03c24ed1-1000-4d0a-9167-76e24e042340,신전떡볶이,떡볶이,전북대대학로상점가,자율상권구역,전북특별자치도,,,
0373b4e002bce0701020,full_annotation_v1,A,q_떡_08,떧,카페·디저트 중 '떡'을 판매·제공하는 매장,train,떡,T6 기계변형,8fe3aa61-6af2-4aa6-8133-f184cb29e1d6,"마코 구제주점, 조이너스",의류 스포츠의류,중앙로상점가,자율상권구역,제주특별자치도,,,
a48a67a8da2c6e57896f,full_annotation_v1,A,q_떡_08,떧,카페·디저트 중 '떡'을 판매·제공하는 매장,train,떡,T6 기계변형,26175fe2-d4b6-49a5-809f-ba8dd2b756f2,장띠모아,의류,전주중앙상가시장,전통시장,전북특별자치도,,,
46e33971c5d133859186,full_annotation_v1,A,q_떡_08,떧,카페·디저트 중 '떡'을 판매·제공하는 매장,train,떡,T6 기계변형,06c9030d-f37c-4867-a42f-ccd438d601a1,신불떡볶이,"분식, 떡볶이",온누리 골목형상점가,골목형상점가,경기도,,,
5fad11e574a55f2a294b,full_annotation_v1,A,q_떡_08,떧,카페·디저트 중 '떡'을 판매·제공하는 매장,train,떡,T6 기계변형,e816f558-af21-4f77-b710-2b567bde28f5,제시뉴욕,의류 및 잡화,목동로데오골목형상점가,골목형상점가,서울특별시,,,
57f4854f4a33289162ab,full_annotation_v1,A,q_떡_08,떧,카페·디저트 중 '떡'을 판매·제공하는 매장,train,떡,T6 기계변형,006a0313-25b0-44ff-a533-8a01005aa1a6,안채떡시루,떡,신도꼼지락시장,전통시장,대전광역시,,,
f1a1f72092a684eb9692,full_annotation_v1,A,q_떡_08,떧,카페·디저트 중 '떡'을 판매·제공하는 매장,train,떡,T6 기계변형,00b6de61-2c2e-4164-aee6-c011f81aec20,파리바게뜨 세종반곡,"베이커리, 케이크, 음료, 커피",반곡동행복 골목형상점가,골목형상점가,세종특별자치시,,,
87559c68a366b1fcf8fb,full_annotation_v1,A,q_떡_08,떧,카페·디저트 중 '떡'을 판매·제공하는 매장,train,떡,T6 기계변형,0046e3b5-e973-4cc0-807c-acb34ad8e262,야음민속떡집,제조업(떡방앗간),울산번개시장,전통시장,울산광역시,,,
d3e11ca394d187c7cad3,full_annotation_v1,A,q_떡_08,떧,카페·디저트 중 '떡'을 판매·제공하는 매장,train,떡,T6 기계변형,0b8ef6dc-2f6b-4707-bd73-529122d9c97a,하단떡집,떡집,하단오일상설시장,전통시장,부산광역시,,,
a588886dbe7c0c27c13c,full_annotation_v1,A,q_떡_08,떧,카페·디저트 중 '떡'을 판매·제공하는 매장,train,떡,T6 기계변형,1609c6fa-21ca-4b30-8185-fcc44ba64035,간판없는집,한식,창원 봉곡시장,전통시장,경상남도,,,
b3ccb2c292cc253741ad,full_annotation_v1,A,q_떡_08,떧,카페·디저트 중 '떡'을 판매·제공하는 매장,train,떡,T6 기계변형,0285a210-0334-4889-8ecb-5133ea34d487,놀숲 대전버드내점,"커피, 음표, 떡볶이, 볶음밥",유천버드내 골목형상점가,골목형상점가,대전광역시,,,
fa4dc6254dfea03457a1,full_annotation_v1,A,q_떡_08,떧,카페·디저트 중 '떡'을 판매·제공하는 매장,train,떡,T6 기계변형,c8689f8b-4da0-4d85-843e-6fc877ec4fc7,연신순대,음식,연서시장,전통시장,서울특별시,,,
e4557c98a8932167fac1,full_annotation_v1,A,q_떡_08,떧,카페·디저트 중 '떡'을 판매·제공하는 매장,train,떡,T6 기계변형,20941ea4-1c07-49ea-9a03-ac7f4cbde830,행복한밥상,생선구이고기갈치,문우초 골목형상점가,골목형상점가,광주광역시,,,
d05d1243af6df403dda7,full_annotation_v1,A,q_떡_08,떧,카페·디저트 중 '떡'을 판매·제공하는 매장,train,떡,T6 기계변형,0100749f-7642-4d61-850f-9f5fca70f786,소하담,떡케이크 답례,백석한들1번가 골목형상점가,골목형상점가,충청남도,,,
0ffbedee752f4b9b9e66,full_annotation_v1,A,q_떡_08,떧,카페·디저트 중 '떡'을 판매·제공하는 매장,train,떡,T6 기계변형,001cb3d4-5441-4963-b517-d5b3904ee312,현창떡집,떡집,목포동부시장,전통시장,전라남도,,,
819badf585730747f3a4,full_annotation_v1,A,q_떡_08,떧,카페·디저트 중 '떡'을 판매·제공하는 매장,train,떡,T6 기계변형,59d7d4cf-29c9-415a-8aba-6da462f56897,센스장식,"커텐, 이불",대림시장,전통시장,서울특별시,,,
8ec66951b922a63dc1ba,full_annotation_v1,A,q_떡_08,떧,카페·디저트 중 '떡'을 판매·제공하는 매장,train,떡,T6 기계변형,deb43195-afe4-4c23-a01e-54845133fb5b,날마다 장터 범천점,야채 및 과일 외,범천중앙시장,전통시장,부산광역시,,,
a0328a6ebc0e930d1577,full_annotation_v1,A,q_떡_08,떧,카페·디저트 중 '떡'을 판매·제공하는 매장,train,떡,T6 기계변형,04c905ba-3172-4ea4-a6dd-4345d674dea0,덕순이네,제조업(떡집),장터길 골목형상점가,골목형상점가,경기도,,,
770cada3a81dcea3c0ff,full_annotation_v1,A,q_떡_08,떧,카페·디저트 중 '떡'을 판매·제공하는 매장,train,떡,T6 기계변형,005313c8-dce8-49b6-9841-9143ebb1305a,동원떡집,,박달시장,전통시장,경기도,,,
b697c1df9c1b9a808981,full_annotation_v1,A,q_떡_08,떧,카페·디저트 중 '떡'을 판매·제공하는 매장,train,떡,T6 기계변형,960e0738-bb89-4ceb-8688-743e0bec0bf9,점보커피,,용현시장,전통시장,인천광역시,,,
62cd516c0fa7e2eb880c,full_annotation_v1,A,q_떡_08,떧,카페·디저트 중 '떡'을 판매·제공하는 매장,train,떡,T6 기계변형,6d7d2785-e9bc-4700-9f32-4ef4e18a7f24,김봉숙(거리가게),수산,문흥2동 골목형상점가,골목형상점가,광주광역시,,,
c3999769322e8a0f4c23,full_annotation_v1,A,q_문구_01,문구,생활·마트 중 '문구'를 판매·제공하는 매장,val,문구,T1 정확표기,4e4b400e-4812-49df-9483-bcca44bc3bf1,알파제주성산점,문구,동남상가거리,골목형상점가,제주특별자치도,,,
9a89df617e713606b505,full_annotation_v1,A,q_문구_01,문구,생활·마트 중 '문구'를 판매·제공하는 매장,val,문구,T1 정확표기,ca7c5bd7-31cf-4ea6-b6f0-2f264ac3d1ed,모닝글로리부여점,문구,부여도심 상권활성화구역,상권활성화구역,충청남도,,,
a6829dd2bad0f2f14940,full_annotation_v1,A,q_문구_01,문구,생활·마트 중 '문구'를 판매·제공하는 매장,val,문구,T1 정확표기,9bcf3ce4-bc17-4093-9b5e-db712c9300da,대한비닐봉투,소매(비닐봉투),삼례시장,전통시장,전북특별자치도,,,
c03631a2adda0bc94a3d,full_annotation_v1,A,q_문구_01,문구,생활·마트 중 '문구'를 판매·제공하는 매장,val,문구,T1 정확표기,60c57e73-a09b-450d-93ef-db6f28daf869,콤마,문구,발안만세시장(구 발안시장),전통시장,경기도,,,
2f083115fca6a2095a5d,full_annotation_v1,A,q_문구_01,문구,생활·마트 중 '문구'를 판매·제공하는 매장,val,문구,T1 정확표기,c8e982c2-a41f-4ab6-9bb0-5e5e0c22ce61,엑센스,문구,화정로상가상인회 골목형상점가,골목형상점가,광주광역시,,,
5cede1e82dc1a85deb29,full_annotation_v1,A,q_문구_01,문구,생활·마트 중 '문구'를 판매·제공하는 매장,val,문구,T1 정확표기,e9c38824-9001-4bee-a130-49975cc44dfd,번영문구,문구,개봉입구골목상가 골목형상점가,골목형상점가,서울특별시,,,
704ab94b962e6dd3cd7c,full_annotation_v1,A,q_문구_01,문구,생활·마트 중 '문구'를 판매·제공하는 매장,val,문구,T1 정확표기,fe4b6429-d32d-4589-9e3e-f4c09b1aa2a2,친선문구,문구,금촌명동로시장,전통시장,경기도,,,
1f2e07fb74f7ab891663,full_annotation_v1,A,q_문구_01,문구,생활·마트 중 '문구'를 판매·제공하는 매장,val,문구,T1 정확표기,97fedbc5-f227-40ae-b351-f035ffcf754f,문정문구,문구,문흥1동 골목형상점가,골목형상점가,광주광역시,,,
a64588a7d35493d3e1bb,full_annotation_v1,A,q_문구_01,문구,생활·마트 중 '문구'를 판매·제공하는 매장,val,문구,T1 정확표기,5547fab4-c249-4371-8655-999df2f90862,서울상사,문구,강진읍 상권활성화구역,상권활성화구역,전라남도,,,
60693d3a85a891cbb44e,full_annotation_v1,A,q_문구_01,문구,생활·마트 중 '문구'를 판매·제공하는 매장,val,문구,T1 정확표기,6e628890-7ce7-46d2-8056-f6fcb8615559,한국문구,문구,중앙종합시장,전통시장,대전광역시,,,
433a3a8ce5bff71f19c4,full_annotation_v1,A,q_문구_01,문구,생활·마트 중 '문구'를 판매·제공하는 매장,val,문구,T1 정확표기,45a08ed7-71ff-4fd7-b55f-0b0d79cd4c3a,알파문구,문구,인제시장,전통시장,강원특별자치도,,,
1896e5dd077036db0ee1,full_annotation_v1,A,q_문구_01,문구,생활·마트 중 '문구'를 판매·제공하는 매장,val,문구,T1 정확표기,4e8261aa-2923-4c99-81d6-5e400704b574,경기서적 천천점(문구),문구,천천중심상가 골목형상점가,골목형상점가,경기도,,,
d9d09f9e71465a742f7d,full_annotation_v1,A,q_문구_01,문구,생활·마트 중 '문구'를 판매·제공하는 매장,val,문구,T1 정확표기,49c69b77-ff4f-48fe-acab-2b9df8ddf897,진도인쇄소,문구,진도 남문로 상권활성화구역,상권활성화구역,전라남도,,,
09009998fd4cdb99ce39,full_annotation_v1,A,q_문구_01,문구,생활·마트 중 '문구'를 판매·제공하는 매장,val,문구,T1 정확표기,8fad454e-9f56-47bf-8769-0f2b6a2c41ff,대림문구,문구,대림중앙시장,전통시장,서울특별시,,,
95a03f72fe4f18952ccf,full_annotation_v1,A,q_문구_01,문구,생활·마트 중 '문구'를 판매·제공하는 매장,val,문구,T1 정확표기,0b4bdfd4-7ffe-4bef-8a0a-a9a3ae1e54be,펀앤북,서점,광주역 복개로 골목형상점가,골목형상점가,광주광역시,,,
b40c4203b3717c34c79d,full_annotation_v1,A,q_문구_01,문구,생활·마트 중 '문구'를 판매·제공하는 매장,val,문구,T1 정확표기,f65ef2a5-5a57-44d5-9c74-04611ac812b5,명진사,문구,봉평전통시장,전통시장,강원특별자치도,,,
14b9ab901007fb7011c1,full_annotation_v1,A,q_문구_01,문구,생활·마트 중 '문구'를 판매·제공하는 매장,val,문구,T1 정확표기,8fb5b7e8-24cf-49b6-8d79-7e10c34c5005,우성문구,문구,임방울거리2구역 골목형상점가,골목형상점가,광주광역시,,,
2e1d17d259d5c35552d8,full_annotation_v1,A,q_문구_01,문구,생활·마트 중 '문구'를 판매·제공하는 매장,val,문구,T1 정확표기,c913572b-8340-42d3-a9ef-5115e51c7e6b,코코,잡화,"온양온천시장(온양재래시장, 전통시장)",전통시장,충청남도,,,
e90be070d5f21bc2a0de,full_annotation_v1,A,q_문구_01,문구,생활·마트 중 '문구'를 판매·제공하는 매장,val,문구,T1 정확표기,14e71015-6ca8-4e99-8be3-a6d85f8f4dc7,행복한서점 이동점,서점,포항 대이상가 골목형상점가,골목형상점가,경상북도,,,
80a246de60bcd1f62fc0,full_annotation_v1,A,q_문구_01,문구,생활·마트 중 '문구'를 판매·제공하는 매장,val,문구,T1 정확표기,001e2bb1-a72f-4696-8728-00fa66173e9e,문창문구,문구용품,창선상가,전통시장,부산광역시,,,
fd1a7103045c16823346,full_annotation_v1,A,q_문구_01,문구,생활·마트 중 '문구'를 판매·제공하는 매장,val,문구,T1 정확표기,c939f9fa-96a2-40c2-b48f-c8f8868e011e,장학문구사,문구,전통중앙도매상가,전통시장,대전광역시,,,
a7d6881511ba3bfb510b,full_annotation_v1,A,q_문구_01,문구,생활·마트 중 '문구'를 판매·제공하는 매장,val,문구,T1 정확표기,6cae9f19-c9e2-4227-b78b-c6fb45433cf3,아트뉴스,문구,마산 창동통합상가,자율상권구역,경상남도,,,
ada66b0eb72fe23950e3,full_annotation_v1,A,q_문구_01,문구,생활·마트 중 '문구'를 판매·제공하는 매장,val,문구,T1 정확표기,cf3c820b-2a19-4db0-a3cf-d42d1150f35d,우리서점,문구,강남개포시장(구 개포2동중심상점가),자율상권구역,서울특별시,,,
24979dec50037eefd665,full_annotation_v1,A,q_문구_01,문구,생활·마트 중 '문구'를 판매·제공하는 매장,val,문구,T1 정확표기,e4c8de0a-7aff-4404-94df-04b51fe0ff83,에이원,문구,동신종합시장,전통시장,경기도,,,
b91ff68ba9fabbf8bbad,full_annotation_v1,A,q_문구_01,문구,생활·마트 중 '문구'를 판매·제공하는 매장,val,문구,T1 정확표기,900e4b7d-8cae-4e33-a3eb-4d5fd0d25316,서변문구,문구,서변중앙시장,전통시장,대구광역시,,,
3d23881de22e1bb1ac7c,full_annotation_v1,A,q_문구_01,문구,생활·마트 중 '문구'를 판매·제공하는 매장,val,문구,T1 정확표기,d5bef555-eabc-4700-b07e-d21c2956afcd,훈이손칼국수,한식 일반음식점업,보성시장,전통시장,제주특별자치도,,,
2347a0b027fb2366334a,full_annotation_v1,A,q_문구_01,문구,생활·마트 중 '문구'를 판매·제공하는 매장,val,문구,T1 정확표기,6e128193-9a97-4e86-8379-bbc940feb12c,화이트존,문구,옥과설산골목형상점가,골목형상점가,전라남도,,,
59e5f6f52943b4d52d5f,full_annotation_v1,A,q_문구_01,문구,생활·마트 중 '문구'를 판매·제공하는 매장,val,문구,T1 정확표기,46cea186-0a70-4a5b-9625-f2acd35f3385,새로와서점,문구,임동 골목형상점가,골목형상점가,광주광역시,,,
c1e823c9699032f14205,full_annotation_v1,A,q_문구_01,문구,생활·마트 중 '문구'를 판매·제공하는 매장,val,문구,T1 정확표기,04ef299e-f454-4669-921e-3cac1d475adf,센스,문구,문흥1동 골목형상점가,골목형상점가,광주광역시,,,
14c3beeb61ce7b6f9070,full_annotation_v1,A,q_문구_01,문구,생활·마트 중 '문구'를 판매·제공하는 매장,val,문구,T1 정확표기,2659871e-a06e-4254-a7f5-b90db9f9695c,해운수산,수산물(낙지),함평천지전통시장(함평5일시장),전통시장,전라남도,,,
5ac6bd053d263b9ab069,full_annotation_v1,A,q_문구_01,문구,생활·마트 중 '문구'를 판매·제공하는 매장,val,문구,T1 정확표기,b5716aca-9c13-4977-b260-1ea8b2670c8d,고령문구센터,문구,대가야 자율상권구역,,경상북도,,,
9c58094f2321e8e88e93,full_annotation_v1,A,q_문구_01,문구,생활·마트 중 '문구'를 판매·제공하는 매장,val,문구,T1 정확표기,65524fe3-c0b2-4802-b998-34503b9e9bcf,미래문구,문구,배방상점가,자율상권구역,충청남도,,,
6d008084f30d1eff69d8,full_annotation_v1,A,q_문구_01,문구,생활·마트 중 '문구'를 판매·제공하는 매장,val,문구,T1 정확표기,022101db-07cf-4546-b3cf-183a54f16b56,삼양마크사,"문구, 잡화",충장로45가 상점가,자율상권구역,광주광역시,,,
d6d0dceea3997c1ed16c,full_annotation_v1,A,q_문구_01,문구,생활·마트 중 '문구'를 판매·제공하는 매장,val,문구,T1 정확표기,b1acefa0-ad9b-4c07-8a12-0688e06809ec,문구모아오피스,문구,건대로데오거리골목형상점가,골목형상점가,서울특별시,,,
fc410adf8edb508510b5,full_annotation_v1,A,q_문구_01,문구,생활·마트 중 '문구'를 판매·제공하는 매장,val,문구,T1 정확표기,c023f93d-7fb1-4e49-8c57-c6d00525126e,알뜰문구사,문구,행복상점가,자율상권구역,경상북도,,,
fa808e797cb4937ba5c5,full_annotation_v1,A,q_문구_01,문구,생활·마트 중 '문구'를 판매·제공하는 매장,val,문구,T1 정확표기,ff31f2cf-d830-4ad9-85c9-380d62cd8d52,금메달,문구,심곡복개천 상점가,자율상권구역,경기도,,,
c5acfd7fa6c27d04cb7d,full_annotation_v1,A,q_문구_01,문구,생활·마트 중 '문구'를 판매·제공하는 매장,val,문구,T1 정확표기,56a66e3d-058d-4935-b37d-d2cb591fcf8e,무지개문구,문구,농성세대공감상인회 골목형상점가,골목형상점가,광주광역시,,,
52801e046858612a4a76,full_annotation_v1,A,q_문구_01,문구,생활·마트 중 '문구'를 판매·제공하는 매장,val,문구,T1 정확표기,b4506f68-5a8e-49c5-be40-3f423775cc8d,화이트존,문구,월빛 골목형상점가,골목형상점가,광주광역시,,,
64a41644e973cac8c7d8,full_annotation_v1,A,q_문구_01,문구,생활·마트 중 '문구'를 판매·제공하는 매장,val,문구,T1 정확표기,16e1e152-d86b-460a-8d2c-d937d6f6f45a,머리하는날,미용,아랫장,전통시장,전라남도,,,
d51db72b6af6523fa3a6,full_annotation_v1,A,q_문구_01,문구,생활·마트 중 '문구'를 판매·제공하는 매장,val,문구,T1 정확표기,3b9d123f-bdd6-48a4-93f1-c130ac594101,타요타요 문구,문구,"일곡동(제7지역:대림1,현대2,진로,대우,한일)",골목형상점가,광주광역시,,,
decb9ed9506f61820421,full_annotation_v1,A,q_문구_01,문구,생활·마트 중 '문구'를 판매·제공하는 매장,val,문구,T1 정확표기,71041e2a-1089-48b7-aeca-510cb42124f2,대광공예문구,"공에품, 문구",북동 골목형상점가,골목형상점가,광주광역시,,,
e12d84deab7f7ee1661a,full_annotation_v1,A,q_문구_01,문구,생활·마트 중 '문구'를 판매·제공하는 매장,val,문구,T1 정확표기,ffe5acb3-447e-4431-ab76-b4d97bd3a482,별무리,문구,아리랑거리,전통시장,부산광역시,,,
d2d6f8f08a0b7017e8f7,full_annotation_v1,A,q_문구_01,문구,생활·마트 중 '문구'를 판매·제공하는 매장,val,문구,T1 정확표기,b0f1bcd2-5a15-4085-9ba3-0425abb81cd1,현대문구,문구,제2경주중심상가시장(경주봉황중심상가시장),전통시장,경상북도,,,
3655016c6f191d96a652,full_annotation_v1,A,q_문구_01,문구,생활·마트 중 '문구'를 판매·제공하는 매장,val,문구,T1 정확표기,27d9f649-80f5-45fa-a068-4584b68e04e7,레츠고경동협동조합,문방구 및 야시장 운영,경동시장,전통시장,서울특별시,,,
69cb61a8355a66b3e79c,full_annotation_v1,A,q_문구_01,문구,생활·마트 중 '문구'를 판매·제공하는 매장,val,문구,T1 정확표기,bb04ad75-71c0-4e46-bae2-41cb208794f6,예문사,문구,명덕마을 골목형상점가,골목형상점가,울산광역시,,,
0b935649171c6dad29f3,full_annotation_v1,A,q_문구_01,문구,생활·마트 중 '문구'를 판매·제공하는 매장,val,문구,T1 정확표기,8ed96dd7-7ac5-4dc4-b11e-433b4de41123,창성문구,문구,속초중앙전통시장,전통시장,강원특별자치도,,,
585cb28efc1c6a50308c,full_annotation_v1,A,q_문구_01,문구,생활·마트 중 '문구'를 판매·제공하는 매장,val,문구,T1 정확표기,0116d1e6-1e97-4150-b153-e21e3c62cef4,샘솟네완구,문구,양평물맑은시장,전통시장,경기도,,,
79edfa030d19f4319195,full_annotation_v1,A,q_문구_01,문구,생활·마트 중 '문구'를 판매·제공하는 매장,val,문구,T1 정확표기,2facfbcd-3327-4956-b8f0-71bf97ee6a94,보문상사,문구,칠성원시장,전통시장,대구광역시,,,
f4f4b0020ff4bdc8be7d,full_annotation_v1,A,q_문구_01,문구,생활·마트 중 '문구'를 판매·제공하는 매장,val,문구,T1 정확표기,ad224735-ea6b-45af-9f48-921e1e3da434,대흥사,문구,노량진만나로골목형상점가,골목형상점가,서울특별시,,,
dff783d5a5fc17733137,full_annotation_v1,A,q_문구_01,문구,생활·마트 중 '문구'를 판매·제공하는 매장,val,문구,T1 정확표기,c0ba035a-ef2f-4029-ab3a-9fae4d60a138,경주김씨붓,한식,경주중심상가,전통시장,경상북도,,,
d7262724e2ff527b47b9,full_annotation_v1,A,q_문구_01,문구,생활·마트 중 '문구'를 판매·제공하는 매장,val,문구,T1 정확표기,008ab588-6383-4a08-8fdc-b76678a155dc,모든오피스 분당점,문구제본사무용품,분당우성시장,전통시장,경기도,,,
92b01510227bc7102b30,full_annotation_v1,A,q_문구_01,문구,생활·마트 중 '문구'를 판매·제공하는 매장,val,문구,T1 정확표기,f7b4bda2-889c-48fd-bffa-4548c8459d74,모닝글로리,문구,장호원전통시장,전통시장,경기도,,,
22d3f5e080c9148e61ec,full_annotation_v1,A,q_문구_01,문구,생활·마트 중 '문구'를 판매·제공하는 매장,val,문구,T1 정확표기,082b71b1-ffca-4658-9ee3-0470cdd3e87a,대동문구,문구,부산자유시장,전통시장,부산광역시,,,
cb27335b0a6d061da32d,full_annotation_v1,A,q_문구_01,문구,생활·마트 중 '문구'를 판매·제공하는 매장,val,문구,T1 정확표기,eb0d37d9-4fc4-439a-a708-91538ded6488,색연필,문구,신금호역골목형상점가,골목형상점가,서울특별시,,,
c277270521774dbf2098,full_annotation_v1,A,q_문구_01,문구,생활·마트 중 '문구'를 판매·제공하는 매장,val,문구,T1 정확표기,57c82bd6-3c3e-4f15-8e8e-b82f541c8c80,반디라이팅,조명,오정동상점가,자율상권구역,대전광역시,,,
f932ad73f2a2d9c0be9f,full_annotation_v1,A,q_문구_01,문구,생활·마트 중 '문구'를 판매·제공하는 매장,val,문구,T1 정확표기,8bf6b3b1-7e7b-41c9-a8b2-012f571b43d5,큰별문구,문구,큰별초 골목형상점가,골목형상점가,광주광역시,,,
1fed79440dff5ce63af3,full_annotation_v1,A,q_문구_01,문구,생활·마트 중 '문구'를 판매·제공하는 매장,val,문구,T1 정확표기,2f2ffafb-05d5-460b-b74c-c90d6e47b77b,신가문구,문구,신가동 골목형상점가,골목형상점가,광주광역시,,,
141a746c0151827aedb7,full_annotation_v1,A,q_문구_01,문구,생활·마트 중 '문구'를 판매·제공하는 매장,val,문구,T1 정확표기,435a9bb4-4b7b-4662-9f8b-d0a6001f3cfc,대도문구,문구,남성사계시장,전통시장,서울특별시,,,
d004a54491a655062b95,full_annotation_v1,A,q_문구_01,문구,생활·마트 중 '문구'를 판매·제공하는 매장,val,문구,T1 정확표기,c8e3c97c-4752-48c4-9aa3-f318c164bc19,"백호서점, 문구",도서 문구,경의숲길서강 골목형상점가,골목형상점가,서울특별시,,,
c805bbfc26956f73c912,full_annotation_v1,A,q_문구_01,문구,생활·마트 중 '문구'를 판매·제공하는 매장,val,문구,T1 정확표기,40bd3253-85c2-4e2d-822c-d90732c42d36,알파우장산역점,문구,우장산역 골목형상점가,골목형상점가,서울특별시,,,
cda2c7c2000a329fe915,full_annotation_v1,A,q_문구_01,문구,생활·마트 중 '문구'를 판매·제공하는 매장,val,문구,T1 정확표기,55551eec-4b90-4fd6-8ad9-078b7b33eb7c,드림디포,문구,신창 골목형상점가,골목형상점가,광주광역시,,,
1ba2d1ecfebb98b58e6f,full_annotation_v1,A,q_문구_01,문구,생활·마트 중 '문구'를 판매·제공하는 매장,val,문구,T1 정확표기,69be9b74-b5b9-4f7a-8a00-f7b185bc7d4c,일진문구,문구,송정중앙 골목형상점가,골목형상점가,광주광역시,,,
bbd3f84ae2386201cfa6,full_annotation_v1,A,q_문구_01,문구,생활·마트 중 '문구'를 판매·제공하는 매장,val,문구,T1 정확표기,313dd3d7-ea83-40d6-8065-c64cfece40d2,벧엘상회,문구,해미읍성전통시장,전통시장,충청남도,,,
8b8b8a660b87e59a5ffd,full_annotation_v1,A,q_문구_01,문구,생활·마트 중 '문구'를 판매·제공하는 매장,val,문구,T1 정확표기,64965dc8-c9d1-4fc1-a0d2-afa4c899df34,드림디포,문구,칠성원시장,전통시장,대구광역시,,,
0cd962036e5390bbe89e,full_annotation_v1,A,q_문구_01,문구,생활·마트 중 '문구'를 판매·제공하는 매장,val,문구,T1 정확표기,cb6bed09-644a-4b8b-b9a3-3d6a77f19467,면일문구,문구,동원전통종합시장,전통시장,서울특별시,,,
d7dfe9b576c11a29f418,full_annotation_v1,A,q_문구_01,문구,생활·마트 중 '문구'를 판매·제공하는 매장,val,문구,T1 정확표기,89d81144-5b57-4bbc-a699-c8db2bc02abe,엑센스,문구,김제금만시장,전통시장,전북특별자치도,,,
bfe8763a2d8cbd3d768c,full_annotation_v1,A,q_문구_01,문구,생활·마트 중 '문구'를 판매·제공하는 매장,val,문구,T1 정확표기,c74d8dbf-cc3c-4a55-a196-68dd9d066787,조이문구,문구,운남더존 골목형상점가,골목형상점가,광주광역시,,,
2ef516ddc659eb977e81,full_annotation_v1,A,q_문구_01,문구,생활·마트 중 '문구'를 판매·제공하는 매장,val,문구,T1 정확표기,2291228f-1310-44ed-bdc2-2181973e172a,씨엔에이,문구,홍성명동상가,자율상권구역,충청남도,,,
8d8cb7f3dbb88a4b0fe2,full_annotation_v1,A,q_문구_01,문구,생활·마트 중 '문구'를 판매·제공하는 매장,val,문구,T1 정확표기,988c134f-bded-47a6-be1b-c895bf30b2dd,오븐마루 구리돌다리점,치킨,구리전통시장,전통시장,경기도,,,
014e05f66f8878145d5f,full_annotation_v1,A,q_문구_01,문구,생활·마트 중 '문구'를 판매·제공하는 매장,val,문구,T1 정확표기,2b037526-a088-4b06-a5db-cac64f8bcf9f,우리들문구팬시,문구,임방울거리3구역 골목형상점가,골목형상점가,광주광역시,,,
bd64b2931fa755966604,full_annotation_v1,A,q_문구_01,문구,생활·마트 중 '문구'를 판매·제공하는 매장,val,문구,T1 정확표기,0961cd03-6452-4d93-bd01-6a4d0bd92f5b,첨단임마누엘서점 임마누엘분식,서점문구분식,첨단부영 골목형상점가,골목형상점가,광주광역시,,,
e953fa4869a683ec47a5,full_annotation_v1,A,q_문구_01,문구,생활·마트 중 '문구'를 판매·제공하는 매장,val,문구,T1 정확표기,44c42f44-4c58-4712-862d-45a9ddbbba2c,모던인테리어,"인테리어, 도배, 장판",달서시장,전통시장,대구광역시,,,
6938ee5d3b8c5b9a4f33,full_annotation_v1,A,q_문구_01,문구,생활·마트 중 '문구'를 판매·제공하는 매장,val,문구,T1 정확표기,a998a7ff-1cef-4d9d-a3ca-c2b6b4826371,삼선문구슈퍼,문구,중앙신시장,전통시장,경상북도,,,
f4b36d718d75252c16cc,full_annotation_v1,A,q_문구_01,문구,생활·마트 중 '문구'를 판매·제공하는 매장,val,문구,T1 정확표기,3a9df057-d82a-4d5a-8540-c521cb9c1702,아이비문구센타,문구,마산 창동통합상가,자율상권구역,경상남도,,,
ded7b0514fea673f29a8,full_annotation_v1,A,q_문구_01,문구,생활·마트 중 '문구'를 판매·제공하는 매장,val,문구,T1 정확표기,6e40353a-f1fd-443e-aa1a-46ef23f3b1ad,문구나라,문구,대성상가 골목형상점가,골목형상점가,부산광역시,,,
a7b9376fb50fb543bd52,full_annotation_v1,A,q_문구_01,문구,생활·마트 중 '문구'를 판매·제공하는 매장,val,문구,T1 정확표기,fe1c1d4e-cf68-4903-bfda-e2f29080365e,유한회사 대박수산,수산물,가락몰골목형상점가,골목형상점가,서울특별시,,,
52adf7696e190dfbf91d,full_annotation_v1,A,q_문구_01,문구,생활·마트 중 '문구'를 판매·제공하는 매장,val,문구,T1 정확표기,d33d26d8-c811-4d6a-b29d-dfaab13f6779,모닝글로리,문구,개금골목시장,전통시장,부산광역시,,,
ee0be6ab1d5a56feed9f,full_annotation_v1,A,q_문구_01,문구,생활·마트 중 '문구'를 판매·제공하는 매장,val,문구,T1 정확표기,6899eaa3-047d-4787-8044-371766cd162f,영재문구,문구,월드상가골목형상점가,골목형상점가,인천광역시,,,
81a48ac281b919078adc,full_annotation_v1,A,q_문구_01,문구,생활·마트 중 '문구'를 판매·제공하는 매장,val,문구,T1 정확표기,755783c5-f128-4b55-b221-bdef28978c4e,사랑문구,문구,인후동1가 골목형상점가,골목형상점가,전북특별자치도,,,
d2c7fd124f76049d09d4,full_annotation_v1,A,q_문구_01,문구,생활·마트 중 '문구'를 판매·제공하는 매장,val,문구,T1 정확표기,d3d2e2d8-eb67-4da0-92af-4a41c118b3cc,종이와 연필 문구,문구,법원 앞 사과마을 골목형상점가,골목형상점가,광주광역시,,,
191a75428c4189863e78,full_annotation_v1,A,q_문구_01,문구,생활·마트 중 '문구'를 판매·제공하는 매장,val,문구,T1 정확표기,c1b563a3-cd93-40c4-8a51-87a1f9e39cfd,조양문구,문구,동대문문구완구거리,자율상권구역,서울특별시,,,
ef3aa706e52635de9bec,full_annotation_v1,A,q_문구_01,문구,생활·마트 중 '문구'를 판매·제공하는 매장,val,문구,T1 정확표기,6549bd5b-225b-4c30-a03b-78537f1a644f,옥천,문구,통영 충무데파트,자율상권구역,경상남도,,,
5e9273c722190da98a7c,full_annotation_v1,A,q_문구_01,문구,생활·마트 중 '문구'를 판매·제공하는 매장,val,문구,T1 정확표기,8b6964f9-458b-4984-a0f0-7be3d5f85faa,참사랑서점.문구,문구,"운남4,5단지 골목형상점가",골목형상점가,광주광역시,,,
5bd7b66c542c73d8c668,full_annotation_v1,A,q_문구_01,문구,생활·마트 중 '문구'를 판매·제공하는 매장,val,문구,T1 정확표기,c34142af-858b-4b9b-869f-792534ceec35,CNA문경점,문구,행복상점가,자율상권구역,경상북도,,,
db8ec6dbfb93489d1bc5,full_annotation_v1,A,q_문구_01,문구,생활·마트 중 '문구'를 판매·제공하는 매장,val,문구,T1 정확표기,b701dd45-14ee-4f50-82c2-8dc9beaa62a8,영아트문구,문구,석적로강변 골목형상점가,골목형상점가,경상북도,,,
3d368e94995007fda284,full_annotation_v1,A,q_문구_01,문구,생활·마트 중 '문구'를 판매·제공하는 매장,val,문구,T1 정확표기,ef7d0411-31e1-465e-9a28-c1bcdea261ef,희망서점.문구,"문구, 서적",산청시장,전통시장,경상남도,,,
5dfde4ffc298e0e48680,full_annotation_v1,A,q_문구_01,문구,생활·마트 중 '문구'를 판매·제공하는 매장,val,문구,T1 정확표기,e973721b-55ae-41a8-9d5c-3130aa13eb9b,신기문구,문구,주월1동회재로 골목형상점가,골목형상점가,광주광역시,,,
666d14ae3dcfe1ffb278,full_annotation_v1,A,q_문구_01,문구,생활·마트 중 '문구'를 판매·제공하는 매장,val,문구,T1 정확표기,f67e4037-494a-4cea-93dc-f02d56aacdef,화원문구,문구,수원영동시장,전통시장,경기도,,,
631a04335f2dcff5bf6f,full_annotation_v1,A,q_문구_01,문구,생활·마트 중 '문구'를 판매·제공하는 매장,val,문구,T1 정확표기,236628b5-5478-4dcc-b59a-4d1b3382fc9c,문영당,문구,상주중앙시장,전통시장,경상북도,,,
01d4ddb7ddc68ce00da6,full_annotation_v1,A,q_문구_01,문구,생활·마트 중 '문구'를 판매·제공하는 매장,val,문구,T1 정확표기,0803d526-dc48-4479-b518-9c30a150a8f3,조이앤비,문구,촬영소사거리골목형상점가,골목형상점가,서울특별시,,,
eda36cf69d3583603940,full_annotation_v1,A,q_문구_01,문구,생활·마트 중 '문구'를 판매·제공하는 매장,val,문구,T1 정확표기,fad4d14e-59f4-43a9-958e-40cccc22e5b7,신림마당,커피,녹두 골목형상점가,골목형상점가,서울특별시,,,
f0f45ec2eb544d817ce0,full_annotation_v1,A,q_문구_01,문구,생활·마트 중 '문구'를 판매·제공하는 매장,val,문구,T1 정확표기,b6a5c0a9-0ae4-49b6-af71-6d81ee33e68b,색연필,문구,"일곡동(제6지역:청솔3,대림2,현대3,현대1,금호,청솔4)",골목형상점가,광주광역시,,,
7082528f978a04649f1c,full_annotation_v1,A,q_문구_01,문구,생활·마트 중 '문구'를 판매·제공하는 매장,val,문구,T1 정확표기,00f27b43-2d95-45b2-8e80-16eb91994002,비앤비기프트,"문구, 판촉물",김포중앙시장,전통시장,경기도,,,
3f00d8992dbe682a169b,full_annotation_v1,A,q_문구_01,문구,생활·마트 중 '문구'를 판매·제공하는 매장,val,문구,T1 정확표기,e592cb26-433c-4869-aebd-84347df0ad67,신창문구,문구,부산국제시장,전통시장,부산광역시,,,
88a7243d09258deaabc3,full_annotation_v1,A,q_문구_01,문구,생활·마트 중 '문구'를 판매·제공하는 매장,val,문구,T1 정확표기,2254369e-2dd6-4f91-9b3d-5e4d3e7a5927,오뚜기. 문구. 완구,문구,상대원1동 해피마을 골목형상점가,골목형상점가,경기도,,,
604f13aa5cad2eb3bf63,full_annotation_v1,A,q_문구_01,문구,생활·마트 중 '문구'를 판매·제공하는 매장,val,문구,T1 정확표기,1f97beae-6200-4322-9444-b6ecdfbff6cb,알파문구,문구,순헌황귀비길 골목형상점가,골목형상점가,서울특별시,,,
ddd3f95132f3066e9621,full_annotation_v1,A,q_문구_01,문구,생활·마트 중 '문구'를 판매·제공하는 매장,val,문구,T1 정확표기,791f5491-d612-4790-ad6f-5dfef357cc90,꿈터문구팬시,문구,달천상가 골목형상점가,골목형상점가,울산광역시,,,
05e7ca5d76bc425e132d,full_annotation_v1,A,q_문구_01,문구,생활·마트 중 '문구'를 판매·제공하는 매장,val,문구,T1 정확표기,a68be53b-14d2-4750-8564-8e80f34375f7,경일문구사,문구,제2경주중심상가시장(경주봉황중심상가시장),전통시장,경상북도,,,
da28f8437034d690f643,full_annotation_v1,A,q_문구_01,문구,생활·마트 중 '문구'를 판매·제공하는 매장,val,문구,T1 정확표기,818fe3f5-787b-4d56-b380-f2fb96f5a2d6,알파문구,문구,담양중앙 골목형상점가,골목형상점가,전라남도,,,
81b20e7982d4d7a5e8c4,full_annotation_v1,A,q_문구_01,문구,생활·마트 중 '문구'를 판매·제공하는 매장,val,문구,T1 정확표기,a04ed0df-1df4-46e3-96c5-7d8618942cf4,치평문구,문구,치평동아파트연합상인회 골목형상점가,골목형상점가,광주광역시,,,
5948010f742fc79c9ce6,full_annotation_v1,A,q_문구_01,문구,생활·마트 중 '문구'를 판매·제공하는 매장,val,문구,T1 정확표기,3d50695b-325d-4273-8da1-2c62277b16fe,영신문구,문구,포항죽도시장,전통시장,경상북도,,,
d3ae9b008ad55766644c,full_annotation_v1,A,q_문구_01,문구,생활·마트 중 '문구'를 판매·제공하는 매장,val,문구,T1 정확표기,b09f4f06-3e20-4f74-92c3-4ca447129a3e,색연필,문구,낭월 빛담길 골목형상점가,골목형상점가,대전광역시,,,
bc96e1d30bd6c8c989a2,full_annotation_v1,A,q_문구_01,문구,생활·마트 중 '문구'를 판매·제공하는 매장,val,문구,T1 정확표기,c1eee847-a4df-4cb1-9411-1e04e10ed0cf,뚜레쥬르 광주서방점,제과점업,풍향골 골목형상점가,골목형상점가,광주광역시,,,
a24af39ff43f0ff91cb5,full_annotation_v1,A,q_문구_01,문구,생활·마트 중 '문구'를 판매·제공하는 매장,val,문구,T1 정확표기,a4d08ba7-abd3-4337-affc-603b4cac91f4,더스킨스토리(Theskinstory),화장품,정훈한마음골목시장,골목형상점가,서울특별시,,,
5fda9f9ce671aed6d59c,full_annotation_v1,A,q_문구_01,문구,생활·마트 중 '문구'를 판매·제공하는 매장,val,문구,T1 정확표기,77ed73cf-53a7-4c49-87c2-2814a504c94c,프렌치머스터드,문구,경의숲길서강 골목형상점가,골목형상점가,서울특별시,,,
86991cd02481d3711cc4,full_annotation_v1,A,q_문구_01,문구,생활·마트 중 '문구'를 판매·제공하는 매장,val,문구,T1 정확표기,281e7a67-f626-4496-a83d-d1308678821d,제일문구,문구,전북대대학로상점가,자율상권구역,전북특별자치도,,,
060309aec1b0cf9d1ee4,full_annotation_v1,A,q_문구_01,문구,생활·마트 중 '문구'를 판매·제공하는 매장,val,문구,T1 정확표기,b48e0a79-7dcf-4ae7-b6a8-1769e955214b,(주)일현종합유통,냉동 식품 및 햄 맛살,오정동상점가,자율상권구역,대전광역시,,,
1ca28927e1119ae0ce6a,full_annotation_v1,A,q_문구_01,문구,생활·마트 중 '문구'를 판매·제공하는 매장,val,문구,T1 정확표기,dae8be7e-aa2d-4c4d-86a3-5f39a47cb728,천전문구,문구,진주 동성상가,전통시장,경상남도,,,
9b39cab60d9bceddc3c4,full_annotation_v1,A,q_문구_01,문구,생활·마트 중 '문구'를 판매·제공하는 매장,val,문구,T1 정확표기,d50a7a6f-6510-4375-a035-daab5a24624a,학생사,문구,행복상점가,자율상권구역,경상북도,,,
6d7fd7c2e7f175746ad8,full_annotation_v1,A,q_문구_01,문구,생활·마트 중 '문구'를 판매·제공하는 매장,val,문구,T1 정확표기,193f3a3b-a731-4017-a3de-49f7ccff1a26,미화문방구,문방구,거제 능포 골목형상점가,골목형상점가,경상남도,,,
889d568713b32143fd8d,full_annotation_v1,A,q_문구_01,문구,생활·마트 중 '문구'를 판매·제공하는 매장,val,문구,T1 정확표기,12ba48f5-e450-4575-a5ba-5051298d3b4e,문구클럽,문구,옥련시장,전통시장,인천광역시,,,
cff7d85599eb9ae4e786,full_annotation_v1,A,q_문구_01,문구,생활·마트 중 '문구'를 판매·제공하는 매장,val,문구,T1 정확표기,3599f3cd-3776-4df7-b0f8-dd7dc962cd64,아트랜드,문구,옥계OK골목형상점가,골목형상점가,강원특별자치도,,,
9d3d5d64865e25544a9a,full_annotation_v1,A,q_문구_01,문구,생활·마트 중 '문구'를 판매·제공하는 매장,val,문구,T1 정확표기,036bd4c0-772b-4e73-9bad-f87f54783c77,상록수 서점문구,"서적, 문구",양주신산시장마을상점가,골목형상점가,경기도,,,
93cf959b0bed9e921655,full_annotation_v1,A,q_문구_01,문구,생활·마트 중 '문구'를 판매·제공하는 매장,val,문구,T1 정확표기,36a37486-d600-4475-b0d3-d1c379c4d8c7,온천문구,문구,온양온천역 골목형 상점가,골목형상점가,충청남도,,,
00464c3666f742fa8d27,full_annotation_v1,A,q_문구_01,문구,생활·마트 중 '문구'를 판매·제공하는 매장,val,문구,T1 정확표기,33799bee-3a18-41ff-b740-90c48c2983c9,성포문방구,,거제 성포 골목형상점가,골목형상점가,경상남도,,,
1240bc141a79a5dc79d5,full_annotation_v1,A,q_문구_01,문구,생활·마트 중 '문구'를 판매·제공하는 매장,val,문구,T1 정확표기,0082c797-13a0-4f77-a6cc-f608ac85460a,펜공주,문구,상계주공15단지상가,기타,서울특별시,,,
05c342f4a40a17e5c262,full_annotation_v1,A,q_문구_01,문구,생활·마트 중 '문구'를 판매·제공하는 매장,val,문구,T1 정확표기,3d572060-889f-4b36-8126-73449aed9adf,아트랜드,문구,청계면 목대후문 골목형상점가,골목형상점가,전라남도,,,
b243a8011f2acb9cb0fd,full_annotation_v1,A,q_문구_01,문구,생활·마트 중 '문구'를 판매·제공하는 매장,val,문구,T1 정확표기,33b9a112-9b62-45e3-a65a-f5fe0e25d6c5,나나,의류,서문시장 제1지구1층(직물시장),전통시장,대구광역시,,,
4ebb13383f97d469eae4,full_annotation_v1,A,q_문구_01,문구,생활·마트 중 '문구'를 판매·제공하는 매장,val,문구,T1 정확표기,04961d72-f5b3-4605-86f3-8130ded3e312,본도시락성서점,,성서우방 골목형상점가,골목형상점가,대구광역시,,,
034581e54301819d29da,full_annotation_v1,A,q_문구_01,문구,생활·마트 중 '문구'를 판매·제공하는 매장,val,문구,T1 정확표기,01d28297-9af9-4727-b3cf-00beb7650771,오뚜기문구,문방구,현대시장,전통시장,인천광역시,,,
25233f0f865b8af297de,full_annotation_v1,A,q_문구_01,문구,생활·마트 중 '문구'를 판매·제공하는 매장,val,문구,T1 정확표기,2411b823-b5a9-4b8a-b87e-0428f66a8d14,영재문구,문구,세종대평시장,전통시장,세종특별자치시,,,
f0e9a4b3963b629fea98,full_annotation_v1,A,q_문구_01,문구,생활·마트 중 '문구'를 판매·제공하는 매장,val,문구,T1 정확표기,6dec4f14-d8d5-406a-914d-eaa3f5d217ce,오피스디포 세종청사점,문방구,가름로 골목형상점가,골목형상점가,세종특별자치시,,,
973fdd99a7f2adc3bdc6,full_annotation_v1,A,q_문구_01,문구,생활·마트 중 '문구'를 판매·제공하는 매장,val,문구,T1 정확표기,c5c618df-d4dd-4202-b0f5-ef3cf006bdfc,풍성문구,문구,자양로13길골목형상점가,골목형상점가,서울특별시,,,
0a6f0f5d2d445cd02ab3,full_annotation_v1,A,q_문구_01,문구,생활·마트 중 '문구'를 판매·제공하는 매장,val,문구,T1 정확표기,7c961d6f-5d48-47f5-a815-0c33afc0a810,강화수산,냉동수산,인천종합어시장,전통시장,인천광역시,,,
1f06422ce680f1987e9b,full_annotation_v1,A,q_문구_01,문구,생활·마트 중 '문구'를 판매·제공하는 매장,val,문구,T1 정확표기,7135c3b4-b66f-43f0-8407-46429c916171,이슈,문구,발안만세시장(구 발안시장),전통시장,경기도,,,
d1837faa423815f42633,full_annotation_v1,A,q_문구_01,문구,생활·마트 중 '문구'를 판매·제공하는 매장,val,문구,T1 정확표기,0a55ce53-29fe-42e8-8305-303701bbf348,무주서점,서점,무주반딧불상권활성화구역,상권활성화구역,전북특별자치도,,,
10aafe852f76c008911b,full_annotation_v1,A,q_문구_01,문구,생활·마트 중 '문구'를 판매·제공하는 매장,val,문구,T1 정확표기,fc514f19-1cfe-4f94-84ec-1214584671b1,문구마트,문구,상도도깨비골목형상점가,골목형상점가,서울특별시,,,
8f3bdeba263222138f28,full_annotation_v1,A,q_문구_01,문구,생활·마트 중 '문구'를 판매·제공하는 매장,val,문구,T1 정확표기,cadc56a1-c30c-4ba4-ac44-bf7108c29db5,학생백화점,문구,담양중앙 골목형상점가,골목형상점가,전라남도,,,
06b4c623d68042da93b2,full_annotation_v1,A,q_문구_01,문구,생활·마트 중 '문구'를 판매·제공하는 매장,val,문구,T1 정확표기,77ec1b74-c6dd-44db-a8da-7c13ac8d3c9d,알파문구,문구,단국대 앞 골목형상점가,골목형상점가,경기도,,,
c8fd59e350c1c00477a3,full_annotation_v1,A,q_문구_01,문구,생활·마트 중 '문구'를 판매·제공하는 매장,val,문구,T1 정확표기,010382b4-561d-43c7-848c-cdfed4f4d93d,문성당서점,서적 교육용씨디 비디오 문구 자료처리,부안석정 골목형상점가,골목형상점가,전북특별자치도,,,
25772a93555878daaec3,full_annotation_v1,A,q_문구_02,문구점,생활·마트 중 '문구'를 판매·제공하는 매장,val,문구,T2 동의어,fc514f19-1cfe-4f94-84ec-1214584671b1,문구마트,문구,상도도깨비골목형상점가,골목형상점가,서울특별시,,,
c01548bf7c3d0fb97ddd,full_annotation_v1,A,q_문구_02,문구점,생활·마트 중 '문구'를 판매·제공하는 매장,val,문구,T2 동의어,22e721d8-a90a-4661-876d-1a5e1894cebc,미미문구점,문구점,1913송정역시장,전통시장,광주광역시,,,
58884a2a47114360334f,full_annotation_v1,A,q_문구_02,문구점,생활·마트 중 '문구'를 판매·제공하는 매장,val,문구,T2 동의어,70a49ecf-6e99-45f1-a961-67d9d5f956ab,알앤비문구 선운점,문구점,선운 골목형상점가,골목형상점가,광주광역시,,,
0acc33a2f356eae33dfa,full_annotation_v1,A,q_문구_02,문구점,생활·마트 중 '문구'를 판매·제공하는 매장,val,문구,T2 동의어,97fedbc5-f227-40ae-b351-f035ffcf754f,문정문구,문구,문흥1동 골목형상점가,골목형상점가,광주광역시,,,
32422e0b7b4676c5d249,full_annotation_v1,A,q_문구_02,문구점,생활·마트 중 '문구'를 판매·제공하는 매장,val,문구,T2 동의어,0b4bdfd4-7ffe-4bef-8a0a-a9a3ae1e54be,펀앤북,서점,광주역 복개로 골목형상점가,골목형상점가,광주광역시,,,
753dabcac847262c9f70,full_annotation_v1,A,q_문구_02,문구점,생활·마트 중 '문구'를 판매·제공하는 매장,val,문구,T2 동의어,8e6388e8-ce8c-447e-a43a-cade8fe7bbb8,미키랜드,문구점,쌍문역둘리상점가,자율상권구역,서울특별시,,,
c0b5f299cf7819a0c569,full_annotation_v1,A,q_문구_02,문구점,생활·마트 중 '문구'를 판매·제공하는 매장,val,문구,T2 동의어,4412bfb4-40b0-44d5-9193-a70935595575,민영활어공장,생선회,산본전통시장(구 군포산본시장),전통시장,경기도,,,
4bfa2cf5bdaeb4dbdfb0,full_annotation_v1,A,q_문구_02,문구점,생활·마트 중 '문구'를 판매·제공하는 매장,val,문구,T2 동의어,6dec4f14-d8d5-406a-914d-eaa3f5d217ce,오피스디포 세종청사점,문방구,가름로 골목형상점가,골목형상점가,세종특별자치시,,,
e3150eacaeb58e25bef9,full_annotation_v1,A,q_문구_02,문구점,생활·마트 중 '문구'를 판매·제공하는 매장,val,문구,T2 동의어,a1043ef0-029a-4122-9781-07de7a9a0a97,벽산문구점,문구,가야벽산상가,전통시장,부산광역시,,,
119e79bab32d5a2434ad,full_annotation_v1,A,q_문구_02,문구점,생활·마트 중 '문구'를 판매·제공하는 매장,val,문구,T2 동의어,193f3a3b-a731-4017-a3de-49f7ccff1a26,미화문방구,문방구,거제 능포 골목형상점가,골목형상점가,경상남도,,,
88e183bde1709e181c20,full_annotation_v1,A,q_문구_02,문구점,생활·마트 중 '문구'를 판매·제공하는 매장,val,문구,T2 동의어,22f0c118-8c6d-4a50-8fb3-15c94616db60,문구대장,,새천년 골목형상점가,골목형상점가,경기도,,,
f118f1bf8c7b2ee0ae00,full_annotation_v1,A,q_문구_02,문구점,생활·마트 중 '문구'를 판매·제공하는 매장,val,문구,T2 동의어,15fb2277-b836-4bf4-8212-f1eaf82261c0,과자랑 문구랑,문구,첨단쌍이 골목형상점가,골목형상점가,광주광역시,,,
6247369acef189ee461c,full_annotation_v1,A,q_문구_02,문구점,생활·마트 중 '문구'를 판매·제공하는 매장,val,문구,T2 동의어,6e628890-7ce7-46d2-8056-f6fcb8615559,한국문구,문구,중앙종합시장,전통시장,대전광역시,,,
23e240b105763072274f,full_annotation_v1,A,q_문구_02,문구점,생활·마트 중 '문구'를 판매·제공하는 매장,val,문구,T2 동의어,dade6ffd-36d4-4b7e-a91b-989a3473929b,가만히 문구,문구류,망원동십자로길골목형상점가,골목형상점가,서울특별시,,,
18c5594ec63a857f9564,full_annotation_v1,A,q_문구_02,문구점,생활·마트 중 '문구'를 판매·제공하는 매장,val,문구,T2 동의어,8fad454e-9f56-47bf-8769-0f2b6a2c41ff,대림문구,문구,대림중앙시장,전통시장,서울특별시,,,
b568c9d2fccdc8e9aab3,full_annotation_v1,A,q_문구_02,문구점,생활·마트 중 '문구'를 판매·제공하는 매장,val,문구,T2 동의어,022101db-07cf-4546-b3cf-183a54f16b56,삼양마크사,"문구, 잡화",충장로45가 상점가,자율상권구역,광주광역시,,,
373396250cc994946e92,full_annotation_v1,A,q_문구_02,문구점,생활·마트 중 '문구'를 판매·제공하는 매장,val,문구,T2 동의어,6ccce905-716a-4ecf-9e5c-b8fe46eca7de,유림선구점,,마산어시장,전통시장,경상남도,,,
b6eda815bfa867c06b61,full_annotation_v1,A,q_문구_02,문구점,생활·마트 중 '문구'를 판매·제공하는 매장,val,문구,T2 동의어,dff05fe1-5f65-41e5-8890-7a91fddd3b85,천사문구점,문구,비아로 골목형상점가,골목형상점가,광주광역시,,,
80a954a7fc83c54a37f6,full_annotation_v1,A,q_문구_02,문구점,생활·마트 중 '문구'를 판매·제공하는 매장,val,문구,T2 동의어,30079257-5849-4128-8585-2dc4137cb1eb,온달집 신사본점,한식,신사세로수길골목형상점가,골목형상점가,서울특별시,,,
f97326a36232a6335c07,full_annotation_v1,A,q_문구_02,문구점,생활·마트 중 '문구'를 판매·제공하는 매장,val,문구,T2 동의어,001e2bb1-a72f-4696-8728-00fa66173e9e,문창문구,문구용품,창선상가,전통시장,부산광역시,,,
dcb18362ffb02332a28a,full_annotation_v1,A,q_문구_02,문구점,생활·마트 중 '문구'를 판매·제공하는 매장,val,문구,T2 동의어,12ba48f5-e450-4575-a5ba-5051298d3b4e,문구클럽,문구,옥련시장,전통시장,인천광역시,,,
e75fd77551aaa97724a4,full_annotation_v1,A,q_문구_02,문구점,생활·마트 중 '문구'를 판매·제공하는 매장,val,문구,T2 동의어,19489be8-6d07-4420-b470-2789da78c6c2,롯데서점,문구,롯데 리치빌골목형상점가,골목형상점가,대전광역시,,,
6d391cc14e54d73ff349,full_annotation_v1,A,q_문구_02,문구점,생활·마트 중 '문구'를 판매·제공하는 매장,val,문구,T2 동의어,6e40353a-f1fd-443e-aa1a-46ef23f3b1ad,문구나라,문구,대성상가 골목형상점가,골목형상점가,부산광역시,,,
3edf2ad585e432a8b33f,full_annotation_v1,A,q_문구_02,문구점,생활·마트 중 '문구'를 판매·제공하는 매장,val,문구,T2 동의어,755783c5-f128-4b55-b221-bdef28978c4e,사랑문구,문구,인후동1가 골목형상점가,골목형상점가,전북특별자치도,,,
803901fa7c9f83d2d3de,full_annotation_v1,A,q_문구_02,문구점,생활·마트 중 '문구'를 판매·제공하는 매장,val,문구,T2 동의어,435a9bb4-4b7b-4662-9f8b-d0a6001f3cfc,대도문구,문구,남성사계시장,전통시장,서울특별시,,,
ea1dd6486dea74d0a474,full_annotation_v1,A,q_문구_02,문구점,생활·마트 중 '문구'를 판매·제공하는 매장,val,문구,T2 동의어,e32b736a-7898-4b80-8f83-46de1b706ce7,크로바문구점,문구,유촌동상인회 골목형상점가,골목형상점가,광주광역시,,,
f81e11ac6297a074ca21,full_annotation_v1,A,q_문구_02,문구점,생활·마트 중 '문구'를 판매·제공하는 매장,val,문구,T2 동의어,0116d1e6-1e97-4150-b153-e21e3c62cef4,샘솟네완구,문구,양평물맑은시장,전통시장,경기도,,,
8f9fc44837f06d4509b9,full_annotation_v1,A,q_문구_02,문구점,생활·마트 중 '문구'를 판매·제공하는 매장,val,문구,T2 동의어,151ba4a3-2c21-4768-bb75-ed0e8d74104f,치퀸,치킨,인헌시장,전통시장,서울특별시,,,
b1c701d9bd1c9cfd4a64,full_annotation_v1,A,q_문구_02,문구점,생활·마트 중 '문구'를 판매·제공하는 매장,val,문구,T2 동의어,900e4b7d-8cae-4e33-a3eb-4d5fd0d25316,서변문구,문구,서변중앙시장,전통시장,대구광역시,,,
6159d9e8d4e3084b7b3c,full_annotation_v1,A,q_문구_02,문구점,생활·마트 중 '문구'를 판매·제공하는 매장,val,문구,T2 동의어,c48f3e34-d741-4448-8639-1d36602ce697,새콤달콤 돈까스,분식,군산공설시장,전통시장,전북특별자치도,,,
0d329bad2f9dfa13a8c3,full_annotation_v1,A,q_문구_02,문구점,생활·마트 중 '문구'를 판매·제공하는 매장,val,문구,T2 동의어,2411b823-b5a9-4b8a-b87e-0428f66a8d14,영재문구,문구,세종대평시장,전통시장,세종특별자치시,,,
e0ce903b4a4cf4396cf3,full_annotation_v1,A,q_문구_02,문구점,생활·마트 중 '문구'를 판매·제공하는 매장,val,문구,T2 동의어,2f2ffafb-05d5-460b-b74c-c90d6e47b77b,신가문구,문구,신가동 골목형상점가,골목형상점가,광주광역시,,,
9a5589e95d3b703615d9,full_annotation_v1,A,q_문구_02,문구점,생활·마트 중 '문구'를 판매·제공하는 매장,val,문구,T2 동의어,a1208e4b-a28f-4157-9e3a-5f1c69c7ce26,알파&와이틴보은점,문구점,결초보은시장(구 보은종합시장),전통시장,충청북도,,,
292d5163f9f122e887de,full_annotation_v1,A,q_문구_02,문구점,생활·마트 중 '문구'를 판매·제공하는 매장,val,문구,T2 동의어,5928c18f-fe29-4dcf-815d-bb62b9409b12,알파무구점,문구,무주반딧불상권활성화구역,상권활성화구역,전북특별자치도,,,
6189f940ab2d8ce31375,full_annotation_v1,A,q_문구_02,문구점,생활·마트 중 '문구'를 판매·제공하는 매장,val,문구,T2 동의어,7fe1bd00-5f69-4be7-b401-86659bf564ff,팬시문구,문구점,삼호읍 중앙 골목형상점가,골목형상점가,전라남도,,,
0db73521291c3ff81cf9,full_annotation_v1,A,q_문구_02,문구점,생활·마트 중 '문구'를 판매·제공하는 매장,val,문구,T2 동의어,dae8be7e-aa2d-4c4d-86a3-5f39a47cb728,천전문구,문구,진주 동성상가,전통시장,경상남도,,,
83319cf181bf701ff2c5,full_annotation_v1,A,q_문구_02,문구점,생활·마트 중 '문구'를 판매·제공하는 매장,val,문구,T2 동의어,adca82fa-5a24-4ecb-9f53-2ff4a7cc85e9,동북산업,닥트자재,인천산업유통센터,전통시장,인천광역시,,,
96517fb3b400374b813f,full_annotation_v1,A,q_문구_02,문구점,생활·마트 중 '문구'를 판매·제공하는 매장,val,문구,T2 동의어,8bf6b3b1-7e7b-41c9-a8b2-012f571b43d5,큰별문구,문구,큰별초 골목형상점가,골목형상점가,광주광역시,,,
85cacc8eb29a53f2d67e,full_annotation_v1,A,q_문구_02,문구점,생활·마트 중 '문구'를 판매·제공하는 매장,val,문구,T2 동의어,d80b3fbc-107b-49af-98a4-d948bcd83044,유가네닭갈비 신사가로수점,한식,신사세로수길골목형상점가,골목형상점가,서울특별시,,,
06289281fab2d75d4f8f,full_annotation_v1,A,q_문구_02,문구점,생활·마트 중 '문구'를 판매·제공하는 매장,val,문구,T2 동의어,33799bee-3a18-41ff-b740-90c48c2983c9,성포문방구,,거제 성포 골목형상점가,골목형상점가,경상남도,,,
9fa41b9001a7d7ddb32c,full_annotation_v1,A,q_문구_02,문구점,생활·마트 중 '문구'를 판매·제공하는 매장,val,문구,T2 동의어,6899eaa3-047d-4787-8044-371766cd162f,영재문구,문구,월드상가골목형상점가,골목형상점가,인천광역시,,,
ae51b8f2dac1147d7249,full_annotation_v1,A,q_문구_02,문구점,생활·마트 중 '문구'를 판매·제공하는 매장,val,문구,T2 동의어,7624e6d2-012a-4c4e-8e9c-352affba3fd5,태풍문구,문구점,사거리온누리 골목형상점가,골목형상점가,충청남도,,,
3ad4bc9b01bf2a13b791,full_annotation_v1,A,q_문구_02,문구점,생활·마트 중 '문구'를 판매·제공하는 매장,val,문구,T2 동의어,e9c38824-9001-4bee-a130-49975cc44dfd,번영문구,문구,개봉입구골목상가 골목형상점가,골목형상점가,서울특별시,,,
be1086202c5039ed2f8f,full_annotation_v1,A,q_문구_02,문구점,생활·마트 중 '문구'를 판매·제공하는 매장,val,문구,T2 동의어,398f9f80-4243-4ce0-b04b-e1cfe43edaac,동아프라자,문구점,주안역지하도상점가,일반지하상점가,인천광역시,,,
578f55253d110f49611f,full_annotation_v1,A,q_문구_02,문구점,생활·마트 중 '문구'를 판매·제공하는 매장,val,문구,T2 동의어,14e71015-6ca8-4e99-8be3-a6d85f8f4dc7,행복한서점 이동점,서점,포항 대이상가 골목형상점가,골목형상점가,경상북도,,,
b6fc93fa9313d874f75f,full_annotation_v1,A,q_문구_02,문구점,생활·마트 중 '문구'를 판매·제공하는 매장,val,문구,T2 동의어,65524fe3-c0b2-4802-b998-34503b9e9bcf,미래문구,문구,배방상점가,자율상권구역,충청남도,,,
d0acefe2a5a2f9051e2b,full_annotation_v1,A,q_문구_02,문구점,생활·마트 중 '문구'를 판매·제공하는 매장,val,문구,T2 동의어,036bd4c0-772b-4e73-9bad-f87f54783c77,상록수 서점문구,"서적, 문구",양주신산시장마을상점가,골목형상점가,경기도,,,
e270f6386da62a86153c,full_annotation_v1,A,q_문구_02,문구점,생활·마트 중 '문구'를 판매·제공하는 매장,val,문구,T2 동의어,ba80f3ca-c336-4242-99bc-aa889bdc455f,이디야커피 고성점,커피,고성동벚꽃 골목형상점가,골목형상점가,대구광역시,,,
d62165380b10232c48c0,full_annotation_v1,A,q_문구_02,문구점,생활·마트 중 '문구'를 판매·제공하는 매장,val,문구,T2 동의어,c5ba2fcc-5f9b-4beb-a5ce-fa289e07fdbe,호식이두마리치킨가정점,,루원행복한거리 골목형상점가,골목형상점가,인천광역시,,,
e1ab922f643375ea7b76,full_annotation_v1,A,q_문구_02,문구점,생활·마트 중 '문구'를 판매·제공하는 매장,val,문구,T2 동의어,6abaed29-5d0d-4964-b328-97f103c5912c,상아십자수세상,십자수,호계공설시장,전통시장,울산광역시,,,
40e941e4ea87b3220206,full_annotation_v1,A,q_문구_02,문구점,생활·마트 중 '문구'를 판매·제공하는 매장,val,문구,T2 동의어,1f955929-b697-45fa-ba1a-45dd62b214ab,세화완구점,문구류,의정부제일시장,전통시장,경기도,,,
c8410e8c75f1dd7dec1d,full_annotation_v1,A,q_문구_02,문구점,생활·마트 중 '문구'를 판매·제공하는 매장,val,문구,T2 동의어,e5151bcf-2b55-4c0b-bf9a-2ac1d5e74ece,대동문구점,문구류,마산 구암시장,전통시장,경상남도,,,
3830945c558a7dd34836,full_annotation_v1,A,q_문구_02,문구점,생활·마트 중 '문구'를 판매·제공하는 매장,val,문구,T2 동의어,e973721b-55ae-41a8-9d5c-3130aa13eb9b,신기문구,문구,주월1동회재로 골목형상점가,골목형상점가,광주광역시,,,
e485759bbbd4542ac1ef,full_annotation_v1,A,q_문구_02,문구점,생활·마트 중 '문구'를 판매·제공하는 매장,val,문구,T2 동의어,010382b4-561d-43c7-848c-cdfed4f4d93d,문성당서점,서적 교육용씨디 비디오 문구 자료처리,부안석정 골목형상점가,골목형상점가,전북특별자치도,,,
6824fb58372ea199733b,full_annotation_v1,A,q_문구_02,문구점,생활·마트 중 '문구'를 판매·제공하는 매장,val,문구,T2 동의어,b1acefa0-ad9b-4c07-8a12-0688e06809ec,문구모아오피스,문구,건대로데오거리골목형상점가,골목형상점가,서울특별시,,,
c3141aa91d7a0a7d82d9,full_annotation_v1,A,q_문구_02,문구점,생활·마트 중 '문구'를 판매·제공하는 매장,val,문구,T2 동의어,0082c797-13a0-4f77-a6cc-f608ac85460a,펜공주,문구,상계주공15단지상가,기타,서울특별시,,,
26b83ad8e0202353c7a3,full_annotation_v1,A,q_문구_02,문구점,생활·마트 중 '문구'를 판매·제공하는 매장,val,문구,T2 동의어,008ab588-6383-4a08-8fdc-b76678a155dc,모든오피스 분당점,문구제본사무용품,분당우성시장,전통시장,경기도,,,
5ef6a91abaa862015c2c,full_annotation_v1,A,q_문구_02,문구점,생활·마트 중 '문구'를 판매·제공하는 매장,val,문구,T2 동의어,3d50695b-325d-4273-8da1-2c62277b16fe,영신문구,문구,포항죽도시장,전통시장,경상북도,,,
4bee5a8832e82cb8a1b9,full_annotation_v1,A,q_문구_02,문구점,생활·마트 중 '문구'를 판매·제공하는 매장,val,문구,T2 동의어,3091e747-e565-4d91-a993-96c413ae382f,커피24무인카페반구점,카페,반구시장,전통시장,울산광역시,,,
045f4b317c113f260e6e,full_annotation_v1,A,q_문구_02,문구점,생활·마트 중 '문구'를 판매·제공하는 매장,val,문구,T2 동의어,00f27b43-2d95-45b2-8e80-16eb91994002,비앤비기프트,"문구, 판촉물",김포중앙시장,전통시장,경기도,,,
d61c6d3b57ee96541f42,full_annotation_v1,A,q_문구_02,문구점,생활·마트 중 '문구'를 판매·제공하는 매장,val,문구,T2 동의어,3b32176a-47da-425b-aad9-fe85b04de1c9,성금사,귀금속,연희사러가,전통시장,서울특별시,,,
2c97bed630562c580b1a,full_annotation_v1,A,q_문구_02,문구점,생활·마트 중 '문구'를 판매·제공하는 매장,val,문구,T2 동의어,70e9abbb-612d-4306-8938-d440002d32de,바른우리 치과교정과 치과의원,치과의원,새롬동 골목형상점가,골목형상점가,세종특별자치시,,,
6244582b382b79bf110c,full_annotation_v1,A,q_문구_02,문구점,생활·마트 중 '문구'를 판매·제공하는 매장,val,문구,T2 동의어,44044fad-1034-491e-9c39-bfccafbb010b,문구박스,"문구, 서점",금호상인회 골목형상점가,골목형상점가,광주광역시,,,
2f501b553241be6553de,full_annotation_v1,A,q_문구_02,문구점,생활·마트 중 '문구'를 판매·제공하는 매장,val,문구,T2 동의어,04961d72-f5b3-4605-86f3-8130ded3e312,본도시락성서점,,성서우방 골목형상점가,골목형상점가,대구광역시,,,
34e3d28a8cecdce1295f,full_annotation_v1,A,q_문구_02,문구점,생활·마트 중 '문구'를 판매·제공하는 매장,val,문구,T2 동의어,0961cd03-6452-4d93-bd01-6a4d0bd92f5b,첨단임마누엘서점 임마누엘분식,서점문구분식,첨단부영 골목형상점가,골목형상점가,광주광역시,,,
4a85508a9611de401f84,full_annotation_v1,A,q_문구_02,문구점,생활·마트 중 '문구'를 판매·제공하는 매장,val,문구,T2 동의어,27d9f649-80f5-45fa-a068-4584b68e04e7,레츠고경동협동조합,문방구 및 야시장 운영,경동시장,전통시장,서울특별시,,,
7eaf3e0f42c2cc3fcff0,full_annotation_v1,A,q_문구_02,문구점,생활·마트 중 '문구'를 판매·제공하는 매장,val,문구,T2 동의어,0a55ce53-29fe-42e8-8305-303701bbf348,무주서점,서점,무주반딧불상권활성화구역,상권활성화구역,전북특별자치도,,,
f49a9463702d52327155,full_annotation_v1,A,q_문구_02,문구점,생활·마트 중 '문구'를 판매·제공하는 매장,val,문구,T2 동의어,f395bd0c-7cf0-490f-937d-24d54523e76c,한양코사마트,음식료품 및 담배소매,댕리단길 골목형상점가,골목형상점가,경기도,,,
356255000bd13403da6b,full_annotation_v1,A,q_문구_02,문구점,생활·마트 중 '문구'를 판매·제공하는 매장,val,문구,T2 동의어,01d28297-9af9-4727-b3cf-00beb7650771,오뚜기문구,문방구,현대시장,전통시장,인천광역시,,,
4092f91618cd4a10ec74,full_annotation_v1,A,q_문구_02,문구점,생활·마트 중 '문구'를 판매·제공하는 매장,val,문구,T2 동의어,5365a861-15ee-426c-af89-0ff5d04f5c20,알파배방점,문구점,배방상점가,자율상권구역,충청남도,,,
922040f95272fa42a78a,full_annotation_v1,A,q_문구_02,문구점,생활·마트 중 '문구'를 판매·제공하는 매장,val,문구,T2 동의어,86ff9949-c219-4f79-ac27-252b49818071,칠갑산갈비,한식,석계음식문화거리골목형상점가,골목형상점가,서울특별시,,,
2e09a84633e6b9327227,full_annotation_v1,A,q_문구_02,문구점,생활·마트 중 '문구'를 판매·제공하는 매장,val,문구,T2 동의어,4bd6c8a1-e72c-4e88-9d27-e092e64bd3f3,풍촌코다리네,한식,고성동벚꽃 골목형상점가,골목형상점가,대구광역시,,,
d4e10e038531cf4da8f7,full_annotation_v1,A,q_문구_02,문구점,생활·마트 중 '문구'를 판매·제공하는 매장,val,문구,T2 동의어,3b9d123f-bdd6-48a4-93f1-c130ac594101,타요타요 문구,문구,"일곡동(제7지역:대림1,현대2,진로,대우,한일)",골목형상점가,광주광역시,,,
1b57b1b320cba315ba17,full_annotation_v1,A,q_문구_02,문구점,생활·마트 중 '문구'를 판매·제공하는 매장,val,문구,T2 동의어,31f3eacb-22a9-4be4-8949-b4e2fd78814b,득템,소매업(남성캐주얼),의정부역지하상가,일반지하상점가,경기도,,,
9df6b4b7e9434f7ae4d6,full_annotation_v1,A,q_문구_03,문방구,생활·마트 중 '문구'를 판매·제공하는 매장,val,문구,T2 동의어,fbb57102-21a1-409c-81e4-0e16274f5abc,냇내,한식,일곡동 골목형상점가,골목형상점가,광주광역시,,,
a7e132115e3e97f928d0,full_annotation_v1,A,q_문구_03,문방구,생활·마트 중 '문구'를 판매·제공하는 매장,val,문구,T2 동의어,87d6a0e9-541d-4d33-a0c2-532bdcd9e643,다방구 상회,"빵, 건어물",민락골목시장,전통시장,부산광역시,,,
4465ce8e8c34a63213c9,full_annotation_v1,A,q_문구_03,문방구,생활·마트 중 '문구'를 판매·제공하는 매장,val,문구,T2 동의어,193f3a3b-a731-4017-a3de-49f7ccff1a26,미화문방구,문방구,거제 능포 골목형상점가,골목형상점가,경상남도,,,
5f4332b9f83f3bb96d46,full_annotation_v1,A,q_문구_03,문방구,생활·마트 중 '문구'를 판매·제공하는 매장,val,문구,T2 동의어,001e2bb1-a72f-4696-8728-00fa66173e9e,문창문구,문구용품,창선상가,전통시장,부산광역시,,,
a052a75704e91fadf56c,full_annotation_v1,A,q_문구_03,문방구,생활·마트 중 '문구'를 판매·제공하는 매장,val,문구,T2 동의어,b28597b1-6f24-4d09-bafb-4e7bbb38357e,아문과자점,,서귀포중심상가번영회,자율상권구역,제주특별자치도,,,
4f3cde780e10fa877960,full_annotation_v1,A,q_문구_03,문방구,생활·마트 중 '문구'를 판매·제공하는 매장,val,문구,T2 동의어,00f27b43-2d95-45b2-8e80-16eb91994002,비앤비기프트,"문구, 판촉물",김포중앙시장,전통시장,경기도,,,
672fbcd9ff8333046434,full_annotation_v1,A,q_문구_03,문방구,생활·마트 중 '문구'를 판매·제공하는 매장,val,문구,T2 동의어,477fd28e-98b6-4eaa-9f90-c5cbe3a3e8ef,하늘방구,문구용품,양지중앙 골목형상점가,골목형상점가,경기도,,,
a579ba5d18b7af8614e2,full_annotation_v1,A,q_문구_03,문방구,생활·마트 중 '문구'를 판매·제공하는 매장,val,문구,T2 동의어,435a9bb4-4b7b-4662-9f8b-d0a6001f3cfc,대도문구,문구,남성사계시장,전통시장,서울특별시,,,
f650f85a4d99b6890007,full_annotation_v1,A,q_문구_03,문방구,생활·마트 중 '문구'를 판매·제공하는 매장,val,문구,T2 동의어,0082c797-13a0-4f77-a6cc-f608ac85460a,펜공주,문구,상계주공15단지상가,기타,서울특별시,,,
7a30385f6385cca57709,full_annotation_v1,A,q_문구_03,문방구,생활·마트 중 '문구'를 판매·제공하는 매장,val,문구,T2 동의어,6899eaa3-047d-4787-8044-371766cd162f,영재문구,문구,월드상가골목형상점가,골목형상점가,인천광역시,,,
52513afb6d18f01a9fc3,full_annotation_v1,A,q_문구_03,문방구,생활·마트 중 '문구'를 판매·제공하는 매장,val,문구,T2 동의어,25d20b75-10fe-4451-be62-142e517ae20d,차구,,새샘하루 골목형상점가,골목형상점가,세종특별자치시,,,
7a2f27dbb937a14bf576,full_annotation_v1,A,q_문구_03,문방구,생활·마트 중 '문구'를 판매·제공하는 매장,val,문구,T2 동의어,0116d1e6-1e97-4150-b153-e21e3c62cef4,샘솟네완구,문구,양평물맑은시장,전통시장,경기도,,,
ead21840d0745a45b240,full_annotation_v1,A,q_문구_03,문방구,생활·마트 중 '문구'를 판매·제공하는 매장,val,문구,T2 동의어,97fedbc5-f227-40ae-b351-f035ffcf754f,문정문구,문구,문흥1동 골목형상점가,골목형상점가,광주광역시,,,
6966a9ee2a193d257fd4,full_annotation_v1,A,q_문구_03,문방구,생활·마트 중 '문구'를 판매·제공하는 매장,val,문구,T2 동의어,14e71015-6ca8-4e99-8be3-a6d85f8f4dc7,행복한서점 이동점,서점,포항 대이상가 골목형상점가,골목형상점가,경상북도,,,
dec8d85cc25cde63eb96,full_annotation_v1,A,q_문구_03,문방구,생활·마트 중 '문구'를 판매·제공하는 매장,val,문구,T2 동의어,755783c5-f128-4b55-b221-bdef28978c4e,사랑문구,문구,인후동1가 골목형상점가,골목형상점가,전북특별자치도,,,
c86a94ffa1625fcb33b5,full_annotation_v1,A,q_문구_03,문방구,생활·마트 중 '문구'를 판매·제공하는 매장,val,문구,T2 동의어,ec06ffbd-bb0b-467e-883b-240281c72e5f,김씨수산,생선,인천종합어시장,전통시장,인천광역시,,,
7ee53f21b69eda0c33de,full_annotation_v1,A,q_문구_03,문방구,생활·마트 중 '문구'를 판매·제공하는 매장,val,문구,T2 동의어,65524fe3-c0b2-4802-b998-34503b9e9bcf,미래문구,문구,배방상점가,자율상권구역,충청남도,,,
c4387aa1af44d87fbe67,full_annotation_v1,A,q_문구_03,문방구,생활·마트 중 '문구'를 판매·제공하는 매장,val,문구,T2 동의어,d139f3b0-8ae3-4bae-a86c-ef3599da6159,방구족발,한식,마산 동마산시장,전통시장,경상남도,,,
2252012f4029ec7d75d0,full_annotation_v1,A,q_문구_03,문방구,생활·마트 중 '문구'를 판매·제공하는 매장,val,문구,T2 동의어,40a7c8c5-11ef-4d93-8227-14859cfc1242,일등과일,과일,정이있는 구포시장,전통시장,부산광역시,,,
1c0cf2de56ecaa88366a,full_annotation_v1,A,q_문구_03,문방구,생활·마트 중 '문구'를 판매·제공하는 매장,val,문구,T2 동의어,7c35d4d8-631f-405f-a8ca-82fc420e8e71,방구네문구,문방구,미장사랑 골목형상점가,골목형상점가,전북특별자치도,,,
4e3b7afc2843b940bf9b,full_annotation_v1,A,q_문구_03,문방구,생활·마트 중 '문구'를 판매·제공하는 매장,val,문구,T2 동의어,0b34988a-1f3c-4e71-ad8d-47a4fe3c8958,찬우네김치,김치,서산시장길 골목형상점가,골목형상점가,충청남도,,,
27888766042f8aa0e8c4,full_annotation_v1,A,q_문구_03,문방구,생활·마트 중 '문구'를 판매·제공하는 매장,val,문구,T2 동의어,9542e0b3-ee9c-45d0-8ffa-c0fb0d62906f,한국백제필방,문방사우,백년소상공인,기타,대전광역시,,,
a808188025b9c5ad8747,full_annotation_v1,A,q_문구_03,문방구,생활·마트 중 '문구'를 판매·제공하는 매장,val,문구,T2 동의어,1dba8b2c-40fd-439b-914d-65d8fe604c29,금천식당,"돼지고기, 소고기",대명여울빛거리시장,전통시장,서울특별시,,,
8a0b68d441e088617cad,full_annotation_v1,A,q_문구_03,문방구,생활·마트 중 '문구'를 판매·제공하는 매장,val,문구,T2 동의어,3b9d123f-bdd6-48a4-93f1-c130ac594101,타요타요 문구,문구,"일곡동(제7지역:대림1,현대2,진로,대우,한일)",골목형상점가,광주광역시,,,
637196ffc6425aa9e960,full_annotation_v1,A,q_문구_03,문방구,생활·마트 중 '문구'를 판매·제공하는 매장,val,문구,T2 동의어,0a55ce53-29fe-42e8-8305-303701bbf348,무주서점,서점,무주반딧불상권활성화구역,상권활성화구역,전북특별자치도,,,
c69d099f7bee0a26237c,full_annotation_v1,A,q_문구_03,문방구,생활·마트 중 '문구'를 판매·제공하는 매장,val,문구,T2 동의어,d8993a4d-610c-4c7e-af94-925ba7861c78,더감,의류,청주대현지하상가(대현프리몰)상점가,자율상권구역,충청북도,,,
6140485fe8250476d430,full_annotation_v1,A,q_문구_03,문방구,생활·마트 중 '문구'를 판매·제공하는 매장,val,문구,T2 동의어,2f2ffafb-05d5-460b-b74c-c90d6e47b77b,신가문구,문구,신가동 골목형상점가,골목형상점가,광주광역시,,,
dc05cbe739df22e1244e,full_annotation_v1,A,q_문구_03,문방구,생활·마트 중 '문구'를 판매·제공하는 매장,val,문구,T2 동의어,1060d706-f6af-4c96-9007-a78ea1e800e7,문화가구,가구,공주산성 활성화구역,전통시장,충청남도,,,
e8ebe474ff1f19fc146a,full_annotation_v1,A,q_문구_03,문방구,생활·마트 중 '문구'를 판매·제공하는 매장,val,문구,T2 동의어,5cf35e68-a70e-49f2-8ef4-f20999447840,별빛문방구,한식,동백역 골목형상점가,골목형상점가,경기도,,,
c42b6b612872d9518c07,full_annotation_v1,A,q_문구_03,문방구,생활·마트 중 '문구'를 판매·제공하는 매장,val,문구,T2 동의어,a33f3f1e-c7a8-46c2-902b-0416c9709bfe,꼬마문방구,,삼봉지구 골목형상점가,골목형상점가,전북특별자치도,,,
d09f190240c475e1888b,full_annotation_v1,A,q_문구_03,문방구,생활·마트 중 '문구'를 판매·제공하는 매장,val,문구,T2 동의어,036bd4c0-772b-4e73-9bad-f87f54783c77,상록수 서점문구,"서적, 문구",양주신산시장마을상점가,골목형상점가,경기도,,,
d6cd1d2fc0deaac02c82,full_annotation_v1,A,q_문구_03,문방구,생활·마트 중 '문구'를 판매·제공하는 매장,val,문구,T2 동의어,e4bac4a4-4b58-47c8-bde5-f73d8e25afca,킹노래연습장,노래연습장,쌍문역둘리상점가,자율상권구역,서울특별시,,,
3eead9decc1c0ddceb58,full_annotation_v1,A,q_문구_03,문방구,생활·마트 중 '문구'를 판매·제공하는 매장,val,문구,T2 동의어,04961d72-f5b3-4605-86f3-8130ded3e312,본도시락성서점,,성서우방 골목형상점가,골목형상점가,대구광역시,,,
242ffce7b6ab34c60360,full_annotation_v1,A,q_문구_03,문방구,생활·마트 중 '문구'를 판매·제공하는 매장,val,문구,T2 동의어,259320a7-9990-4a58-8347-cc84956363e8,보석문방구,"악세사리, 잡화",부천역 지하도로 상가,일반지하상점가,경기도,,,
c2255210547980848cf6,full_annotation_v1,A,q_문구_03,문방구,생활·마트 중 '문구'를 판매·제공하는 매장,val,문구,T2 동의어,1c0966ed-ec77-442c-87d4-06394364f5eb,불닭발땡초동대문엽기떡볶이 진주대안점,,진주 로데오거리상점가,자율상권구역,경상남도,,,
2e0e17c73af223966e9f,full_annotation_v1,A,q_문구_03,문방구,생활·마트 중 '문구'를 판매·제공하는 매장,val,문구,T2 동의어,189fd6f8-15e2-464f-96be-47a33adaec0c,미미문방구,문구 완구 잡화,솔내로 골목형상점가,골목형상점가,전북특별자치도,,,
fac908d2394435b222a5,full_annotation_v1,A,q_문구_03,문방구,생활·마트 중 '문구'를 판매·제공하는 매장,val,문구,T2 동의어,a6d39fee-c29b-4bfb-b5e6-7d7032a07518,문구방구 아이파크시티점,문구용품,수원아이파크시티8단지상가 골목형상점가,골목형상점가,경기도,,,
4783b7171615e2c9b4b3,full_annotation_v1,A,q_문구_03,문방구,생활·마트 중 '문구'를 판매·제공하는 매장,val,문구,T2 동의어,6e628890-7ce7-46d2-8056-f6fcb8615559,한국문구,문구,중앙종합시장,전통시장,대전광역시,,,
6e9b7f45212ac310b466,full_annotation_v1,A,q_문구_03,문방구,생활·마트 중 '문구'를 판매·제공하는 매장,val,문구,T2 동의어,010382b4-561d-43c7-848c-cdfed4f4d93d,문성당서점,서적 교육용씨디 비디오 문구 자료처리,부안석정 골목형상점가,골목형상점가,전북특별자치도,,,
e503e0bab7bda921b8df,full_annotation_v1,A,q_문구_03,문방구,생활·마트 중 '문구'를 판매·제공하는 매장,val,문구,T2 동의어,ab38cb9e-b0a3-4d49-b139-7b71c881874f,문구방구 디오션점,문구,철길공원 골목형상점가,골목형상점가,전북특별자치도,,,
883a533a8912df3be0d5,full_annotation_v1,A,q_문구_03,문방구,생활·마트 중 '문구'를 판매·제공하는 매장,val,문구,T2 동의어,236628b5-5478-4dcc-b59a-4d1b3382fc9c,문영당,문구,상주중앙시장,전통시장,경상북도,,,
f1c2bae6b907cf1b15c2,full_annotation_v1,A,q_문구_03,문방구,생활·마트 중 '문구'를 판매·제공하는 매장,val,문구,T2 동의어,b3c87b9d-558e-4696-a4fb-91f70bcc5833,정호당필방,문방사우 한국화 및 불화 재료,제2경주중심상가시장(경주봉황중심상가시장),전통시장,경상북도,,,
67c4cb7c64df51ba3f00,full_annotation_v1,A,q_문구_03,문방구,생활·마트 중 '문구'를 판매·제공하는 매장,val,문구,T2 동의어,01d28297-9af9-4727-b3cf-00beb7650771,오뚜기문구,문방구,현대시장,전통시장,인천광역시,,,
083adf4738c4b3e459b2,full_annotation_v1,A,q_문구_03,문방구,생활·마트 중 '문구'를 판매·제공하는 매장,val,문구,T2 동의어,f927de6e-2baf-47fd-8dc2-c9a5ab7e7f33,명신당,문방사우,백년소상공인,기타,서울특별시,,,
263ea575243d4ca64b05,full_annotation_v1,A,q_문구_03,문방구,생활·마트 중 '문구'를 판매·제공하는 매장,val,문구,T2 동의어,2fb360e1-bb02-404a-87ac-7212bf3a3290,정인숙헤어샵,미용업,서산시장길 골목형상점가,골목형상점가,충청남도,,,
bb72b8db1ba9dce5d4d0,full_annotation_v1,A,q_문구_03,문방구,생활·마트 중 '문구'를 판매·제공하는 매장,val,문구,T2 동의어,7e368c22-09c2-49a6-a116-087d47993c2a,달콤문방구,,삼봉지구 골목형상점가,골목형상점가,전북특별자치도,,,
907a89420a371a01df6f,full_annotation_v1,A,q_문구_03,문방구,생활·마트 중 '문구'를 판매·제공하는 매장,val,문구,T2 동의어,dae8be7e-aa2d-4c4d-86a3-5f39a47cb728,천전문구,문구,진주 동성상가,전통시장,경상남도,,,
52e2871ea02bf298f8c0,full_annotation_v1,A,q_문구_03,문방구,생활·마트 중 '문구'를 판매·제공하는 매장,val,문구,T2 동의어,804bb25a-02dc-4df2-8eef-15dc0d8a7779,컷앤컷 일곡점,미용실,일곡동 골목형상점가,골목형상점가,광주광역시,,,
0f4d2a0f277e7f00f372,full_annotation_v1,A,q_문구_03,문방구,생활·마트 중 '문구'를 판매·제공하는 매장,val,문구,T2 동의어,0961cd03-6452-4d93-bd01-6a4d0bd92f5b,첨단임마누엘서점 임마누엘분식,서점문구분식,첨단부영 골목형상점가,골목형상점가,광주광역시,,,
633be2b958b512ae222a,full_annotation_v1,A,q_문구_03,문방구,생활·마트 중 '문구'를 판매·제공하는 매장,val,문구,T2 동의어,c5004a98-b7f2-45ff-b9e7-918a9e9a3d60,문풍지,가구,성정가구거리상점가,자율상권구역,충청남도,,,
b2a98a2114c114f44b19,full_annotation_v1,A,q_문구_03,문방구,생활·마트 중 '문구'를 판매·제공하는 매장,val,문구,T2 동의어,0b4bdfd4-7ffe-4bef-8a0a-a9a3ae1e54be,펀앤북,서점,광주역 복개로 골목형상점가,골목형상점가,광주광역시,,,
42e421211384d32cd6d2,full_annotation_v1,A,q_문구_03,문방구,생활·마트 중 '문구'를 판매·제공하는 매장,val,문구,T2 동의어,008ab588-6383-4a08-8fdc-b76678a155dc,모든오피스 분당점,문구제본사무용품,분당우성시장,전통시장,경기도,,,
959077abd88815375384,full_annotation_v1,A,q_문구_03,문방구,생활·마트 중 '문구'를 판매·제공하는 매장,val,문구,T2 동의어,9ead3e44-a115-48b5-bddf-866dde01506c,파스타101,파스타,젊음의거리 상점가,자율상권구역,울산광역시,,,
335311637a1b96ff6307,full_annotation_v1,A,q_문구_03,문방구,생활·마트 중 '문구'를 판매·제공하는 매장,val,문구,T2 동의어,7be335d1-f080-42fd-bb74-84fea4e22979,부산메리야스,내의,충무동골목시장,전통시장,부산광역시,,,
4f31f7c338cfa1142c3e,full_annotation_v1,A,q_문구_03,문방구,생활·마트 중 '문구'를 판매·제공하는 매장,val,문구,T2 동의어,a9e69170-9585-424a-8989-1e96c6244f1b,북청계란유통,계란,울산농수산물도매시장 청과소매동,골목형상점가,울산광역시,,,
010239285560fceabd8d,full_annotation_v1,A,q_문구_03,문방구,생활·마트 중 '문구'를 판매·제공하는 매장,val,문구,T2 동의어,b4d4d26b-866f-4ce2-b512-3c5d2cec2976,가죽갤러리,가방구두,안양아크로상가골목형상점가,골목형상점가,경기도,,,
cacc6ebfeb24a1915bac,full_annotation_v1,A,q_문구_03,문방구,생활·마트 중 '문구'를 판매·제공하는 매장,val,문구,T2 동의어,2411b823-b5a9-4b8a-b87e-0428f66a8d14,영재문구,문구,세종대평시장,전통시장,세종특별자치시,,,
4f856bfd76d4f7eba405,full_annotation_v1,A,q_문구_03,문방구,생활·마트 중 '문구'를 판매·제공하는 매장,val,문구,T2 동의어,27d9f649-80f5-45fa-a068-4584b68e04e7,레츠고경동협동조합,문방구 및 야시장 운영,경동시장,전통시장,서울특별시,,,
66a955c010deaf3a0eff,full_annotation_v1,A,q_문구_03,문방구,생활·마트 중 '문구'를 판매·제공하는 매장,val,문구,T2 동의어,2219a2e5-9db8-4838-9e1c-503c7edf2aec,현정문방구,문구,평택국제중앙시장,전통시장,경기도,,,
a67ec24cdf4d228dc1d2,full_annotation_v1,A,q_문구_03,문방구,생활·마트 중 '문구'를 판매·제공하는 매장,val,문구,T2 동의어,022101db-07cf-4546-b3cf-183a54f16b56,삼양마크사,"문구, 잡화",충장로45가 상점가,자율상권구역,광주광역시,,,
d4a96ec635c1a6b16295,full_annotation_v1,A,q_문구_03,문방구,생활·마트 중 '문구'를 판매·제공하는 매장,val,문구,T2 동의어,12ba48f5-e450-4575-a5ba-5051298d3b4e,문구클럽,문구,옥련시장,전통시장,인천광역시,,,
f60aac78c22dc7f4daf6,full_annotation_v1,A,q_문구_03,문방구,생활·마트 중 '문구'를 판매·제공하는 매장,val,문구,T2 동의어,6dec4f14-d8d5-406a-914d-eaa3f5d217ce,오피스디포 세종청사점,문방구,가름로 골목형상점가,골목형상점가,세종특별자치시,,,
70476f045bae41079313,full_annotation_v1,A,q_문구_03,문방구,생활·마트 중 '문구'를 판매·제공하는 매장,val,문구,T2 동의어,9876baa9-9bb7-4e08-b25a-9105a7455854,서울옷수선,수선,밀양 아리랑시장,전통시장,경상남도,,,
224c6ff6102f22f3d5e4,full_annotation_v1,A,q_문구_03,문방구,생활·마트 중 '문구'를 판매·제공하는 매장,val,문구,T2 동의어,f11b86d1-fce2-4110-8dda-4ed0ca401ecc,BHC 한숲문화의거리점,치킨,산본로데오거리(구 산본중심상가),자율상권구역,경기도,,,
4722aa5aaad66b329b7f,full_annotation_v1,A,q_문구_03,문방구,생활·마트 중 '문구'를 판매·제공하는 매장,val,문구,T2 동의어,33799bee-3a18-41ff-b740-90c48c2983c9,성포문방구,,거제 성포 골목형상점가,골목형상점가,경상남도,,,
273c964050c36741ed13,full_annotation_v1,A,q_문구_03,문방구,생활·마트 중 '문구'를 판매·제공하는 매장,val,문구,T2 동의어,9ac49cd6-25bc-4216-a3cf-1fce72d41361,유망사문구,문방구,부전농수산물새벽시장,전통시장,부산광역시,,,
4b452d7f18bd01b040d1,full_annotation_v1,A,q_문구_03,문방구,생활·마트 중 '문구'를 판매·제공하는 매장,val,문구,T2 동의어,0501e2b5-7c47-4a66-a02e-d3d6bd980eaf,곰방구,문구용품 및 회화용품 소매업,효천2지구 골목형상점가,골목형상점가,광주광역시,,,
dbfdcac63380c185d7b8,full_annotation_v1,A,q_문구_03,문방구,생활·마트 중 '문구'를 판매·제공하는 매장,val,문구,T2 동의어,7e1516b5-414a-4dbb-b918-345429d9814e,냥냥문방구(용봉점),문구,용봉지구 골목형상점가,골목형상점가,광주광역시,,,
6bf973274bd5acf5128b,full_annotation_v1,A,q_문구_04,문구 사는 데,생활·마트 중 '문구'를 판매·제공하는 매장,val,문구,T4 구어·문장,c74d8dbf-cc3c-4a55-a196-68dd9d066787,조이문구,문구,운남더존 골목형상점가,골목형상점가,광주광역시,,,
78cfd0adb3056c29e7f1,full_annotation_v1,A,q_문구_04,문구 사는 데,생활·마트 중 '문구'를 판매·제공하는 매장,val,문구,T4 구어·문장,3038a267-7e76-429c-8718-1632eabb23fb,인헌마트,잡화,인헌시장,전통시장,서울특별시,,,
c05af486c11e8bd5eaa0,full_annotation_v1,A,q_문구_04,문구 사는 데,생활·마트 중 '문구'를 판매·제공하는 매장,val,문구,T4 구어·문장,e9c38824-9001-4bee-a130-49975cc44dfd,번영문구,문구,개봉입구골목상가 골목형상점가,골목형상점가,서울특별시,,,
184e17b338585d9c60be,full_annotation_v1,A,q_문구_04,문구 사는 데,생활·마트 중 '문구'를 판매·제공하는 매장,val,문구,T4 구어·문장,8fb5b7e8-24cf-49b6-8d79-7e10c34c5005,우성문구,문구,임방울거리2구역 골목형상점가,골목형상점가,광주광역시,,,
95ec22eeb90c0a995669,full_annotation_v1,A,q_문구_04,문구 사는 데,생활·마트 중 '문구'를 판매·제공하는 매장,val,문구,T4 구어·문장,e592cb26-433c-4869-aebd-84347df0ad67,신창문구,문구,부산국제시장,전통시장,부산광역시,,,
6a5102b292abfae638d1,full_annotation_v1,A,q_문구_04,문구 사는 데,생활·마트 중 '문구'를 판매·제공하는 매장,val,문구,T4 구어·문장,6e628890-7ce7-46d2-8056-f6fcb8615559,한국문구,문구,중앙종합시장,전통시장,대전광역시,,,
496ce59e84c0f6dd5d64,full_annotation_v1,A,q_문구_04,문구 사는 데,생활·마트 중 '문구'를 판매·제공하는 매장,val,문구,T4 구어·문장,aacb679d-0959-4386-a87f-ee6c219a0779,청정수산,활어,자갈치시장,전통시장,부산광역시,,,
0b153e950ec5ba6a2f81,full_annotation_v1,A,q_문구_04,문구 사는 데,생활·마트 중 '문구'를 판매·제공하는 매장,val,문구,T4 구어·문장,3a9df057-d82a-4d5a-8540-c521cb9c1702,아이비문구센타,문구,마산 창동통합상가,자율상권구역,경상남도,,,
814d49ef414d0509d15b,full_annotation_v1,A,q_문구_04,문구 사는 데,생활·마트 중 '문구'를 판매·제공하는 매장,val,문구,T4 구어·문장,65524fe3-c0b2-4802-b998-34503b9e9bcf,미래문구,문구,배방상점가,자율상권구역,충청남도,,,
c65ff3ed202ec347a8bf,full_annotation_v1,A,q_문구_04,문구 사는 데,생활·마트 중 '문구'를 판매·제공하는 매장,val,문구,T4 구어·문장,12ba48f5-e450-4575-a5ba-5051298d3b4e,문구클럽,문구,옥련시장,전통시장,인천광역시,,,
bee1606429e9cf8899bc,full_annotation_v1,A,q_문구_04,문구 사는 데,생활·마트 중 '문구'를 판매·제공하는 매장,val,문구,T4 구어·문장,022101db-07cf-4546-b3cf-183a54f16b56,삼양마크사,"문구, 잡화",충장로45가 상점가,자율상권구역,광주광역시,,,
b6ab27a64288a352d3bb,full_annotation_v1,A,q_문구_04,문구 사는 데,생활·마트 중 '문구'를 판매·제공하는 매장,val,문구,T4 구어·문장,0b4bdfd4-7ffe-4bef-8a0a-a9a3ae1e54be,펀앤북,서점,광주역 복개로 골목형상점가,골목형상점가,광주광역시,,,
0fac4a1f428107bef4e7,full_annotation_v1,A,q_문구_04,문구 사는 데,생활·마트 중 '문구'를 판매·제공하는 매장,val,문구,T4 구어·문장,d3d2e2d8-eb67-4da0-92af-4a41c118b3cc,종이와 연필 문구,문구,법원 앞 사과마을 골목형상점가,골목형상점가,광주광역시,,,
ad7af9cab7e0bac86107,full_annotation_v1,A,q_문구_04,문구 사는 데,생활·마트 중 '문구'를 판매·제공하는 매장,val,문구,T4 구어·문장,55551eec-4b90-4fd6-8ad9-078b7b33eb7c,드림디포,문구,신창 골목형상점가,골목형상점가,광주광역시,,,
e97c9f08b6411831ccc7,full_annotation_v1,A,q_문구_04,문구 사는 데,생활·마트 중 '문구'를 판매·제공하는 매장,val,문구,T4 구어·문장,6549bd5b-225b-4c30-a03b-78537f1a644f,옥천,문구,통영 충무데파트,자율상권구역,경상남도,,,
f16ef8916c9335c0c9c7,full_annotation_v1,A,q_문구_04,문구 사는 데,생활·마트 중 '문구'를 판매·제공하는 매장,val,문구,T4 구어·문장,1f97beae-6200-4322-9444-b6ecdfbff6cb,알파문구,문구,순헌황귀비길 골목형상점가,골목형상점가,서울특별시,,,
511f16967b941aa544f5,full_annotation_v1,A,q_문구_04,문구 사는 데,생활·마트 중 '문구'를 판매·제공하는 매장,val,문구,T4 구어·문장,313dd3d7-ea83-40d6-8065-c64cfece40d2,벧엘상회,문구,해미읍성전통시장,전통시장,충청남도,,,
20e977307ef86b8c8df0,full_annotation_v1,A,q_문구_04,문구 사는 데,생활·마트 중 '문구'를 판매·제공하는 매장,val,문구,T4 구어·문장,93250747-9f66-45a6-aaf6-a0f2714ceebd,주식회사 비다보아,건강보조식품,남포지하도상가,일반지하상점가,부산광역시,,,
aebe07cb7b4453aa639f,full_annotation_v1,A,q_문구_04,문구 사는 데,생활·마트 중 '문구'를 판매·제공하는 매장,val,문구,T4 구어·문장,0116d1e6-1e97-4150-b153-e21e3c62cef4,샘솟네완구,문구,양평물맑은시장,전통시장,경기도,,,
983531abdbfb07b32fd7,full_annotation_v1,A,q_문구_04,문구 사는 데,생활·마트 중 '문구'를 판매·제공하는 매장,val,문구,T4 구어·문장,008ab588-6383-4a08-8fdc-b76678a155dc,모든오피스 분당점,문구제본사무용품,분당우성시장,전통시장,경기도,,,
ade09f8cd5f820e16fa9,full_annotation_v1,A,q_문구_04,문구 사는 데,생활·마트 중 '문구'를 판매·제공하는 매장,val,문구,T4 구어·문장,6dec4f14-d8d5-406a-914d-eaa3f5d217ce,오피스디포 세종청사점,문방구,가름로 골목형상점가,골목형상점가,세종특별자치시,,,
2d6fb624c0b00c8cf356,full_annotation_v1,A,q_문구_04,문구 사는 데,생활·마트 중 '문구'를 판매·제공하는 매장,val,문구,T4 구어·문장,082b71b1-ffca-4658-9ee3-0470cdd3e87a,대동문구,문구,부산자유시장,전통시장,부산광역시,,,
b78a0ef17cd412ece5b4,full_annotation_v1,A,q_문구_04,문구 사는 데,생활·마트 중 '문구'를 판매·제공하는 매장,val,문구,T4 구어·문장,7135c3b4-b66f-43f0-8407-46429c916171,이슈,문구,발안만세시장(구 발안시장),전통시장,경기도,,,
03a9d93ab529260f0bbd,full_annotation_v1,A,q_문구_04,문구 사는 데,생활·마트 중 '문구'를 판매·제공하는 매장,val,문구,T4 구어·문장,f65ef2a5-5a57-44d5-9c74-04611ac812b5,명진사,문구,봉평전통시장,전통시장,강원특별자치도,,,
2219ad015593532ae870,full_annotation_v1,A,q_문구_04,문구 사는 데,생활·마트 중 '문구'를 판매·제공하는 매장,val,문구,T4 구어·문장,51ad8e65-1d09-402e-aa0e-8ff5d06e6936,비전서적,문구,소사벌 골목형상점가,골목형상점가,경기도,,,
4dcdb77c70a235c86019,full_annotation_v1,A,q_문구_04,문구 사는 데,생활·마트 중 '문구'를 판매·제공하는 매장,val,문구,T4 구어·문장,3d572060-889f-4b36-8126-73449aed9adf,아트랜드,문구,청계면 목대후문 골목형상점가,골목형상점가,전라남도,,,
c0332ca0dee285c1ecac,full_annotation_v1,A,q_문구_04,문구 사는 데,생활·마트 중 '문구'를 판매·제공하는 매장,val,문구,T4 구어·문장,d33d26d8-c811-4d6a-b29d-dfaab13f6779,모닝글로리,문구,개금골목시장,전통시장,부산광역시,,,
89f0be5fc594f42f7bd6,full_annotation_v1,A,q_문구_04,문구 사는 데,생활·마트 중 '문구'를 판매·제공하는 매장,val,문구,T4 구어·문장,27d9f649-80f5-45fa-a068-4584b68e04e7,레츠고경동협동조합,문방구 및 야시장 운영,경동시장,전통시장,서울특별시,,,
1f357316f34105b51b86,full_annotation_v1,A,q_문구_04,문구 사는 데,생활·마트 중 '문구'를 판매·제공하는 매장,val,문구,T4 구어·문장,bbc015c0-9d17-40e2-81c6-251554692d45,에보니북스(EBONY AND IVORY),서적,신부유람단골목형상점가,골목형상점가,충청남도,,,
23040885870e7514ba9b,full_annotation_v1,A,q_문구_04,문구 사는 데,생활·마트 중 '문구'를 판매·제공하는 매장,val,문구,T4 구어·문장,435a9bb4-4b7b-4662-9f8b-d0a6001f3cfc,대도문구,문구,남성사계시장,전통시장,서울특별시,,,
69863da71af457e5b0e0,full_annotation_v1,A,q_문구_04,문구 사는 데,생활·마트 중 '문구'를 판매·제공하는 매장,val,문구,T4 구어·문장,8ed96dd7-7ac5-4dc4-b11e-433b4de41123,창성문구,문구,속초중앙전통시장,전통시장,강원특별자치도,,,
a231e26ac45f72d0c40c,full_annotation_v1,A,q_문구_04,문구 사는 데,생활·마트 중 '문구'를 판매·제공하는 매장,val,문구,T4 구어·문장,60c57e73-a09b-450d-93ef-db6f28daf869,콤마,문구,발안만세시장(구 발안시장),전통시장,경기도,,,
854b79757114bbca4b81,full_annotation_v1,A,q_문구_04,문구 사는 데,생활·마트 중 '문구'를 판매·제공하는 매장,val,문구,T4 구어·문장,5547fab4-c249-4371-8655-999df2f90862,서울상사,문구,강진읍 상권활성화구역,상권활성화구역,전라남도,,,
22b28c9b49051dcc4de9,full_annotation_v1,A,q_문구_04,문구 사는 데,생활·마트 중 '문구'를 판매·제공하는 매장,val,문구,T4 구어·문장,6e40353a-f1fd-443e-aa1a-46ef23f3b1ad,문구나라,문구,대성상가 골목형상점가,골목형상점가,부산광역시,,,
550d6776af9d70c1c0be,full_annotation_v1,A,q_문구_04,문구 사는 데,생활·마트 중 '문구'를 판매·제공하는 매장,val,문구,T4 구어·문장,0082c797-13a0-4f77-a6cc-f608ac85460a,펜공주,문구,상계주공15단지상가,기타,서울특별시,,,
f66f1739e163231580b4,full_annotation_v1,A,q_문구_04,문구 사는 데,생활·마트 중 '문구'를 판매·제공하는 매장,val,문구,T4 구어·문장,3d50695b-325d-4273-8da1-2c62277b16fe,영신문구,문구,포항죽도시장,전통시장,경상북도,,,
91e661252a4df59170cc,full_annotation_v1,A,q_문구_04,문구 사는 데,생활·마트 중 '문구'를 판매·제공하는 매장,val,문구,T4 구어·문장,8bf6b3b1-7e7b-41c9-a8b2-012f571b43d5,큰별문구,문구,큰별초 골목형상점가,골목형상점가,광주광역시,,,
f5815bc8d33f9433a22e,full_annotation_v1,A,q_문구_04,문구 사는 데,생활·마트 중 '문구'를 판매·제공하는 매장,val,문구,T4 구어·문장,33799bee-3a18-41ff-b740-90c48c2983c9,성포문방구,,거제 성포 골목형상점가,골목형상점가,경상남도,,,
4a8d979356a289fda539,full_annotation_v1,A,q_문구_04,문구 사는 데,생활·마트 중 '문구'를 판매·제공하는 매장,val,문구,T4 구어·문장,cadc56a1-c30c-4ba4-ac44-bf7108c29db5,학생백화점,문구,담양중앙 골목형상점가,골목형상점가,전라남도,,,
cca18125330d6b70dbea,full_annotation_v1,A,q_문구_04,문구 사는 데,생활·마트 중 '문구'를 판매·제공하는 매장,val,문구,T4 구어·문장,c8e3c97c-4752-48c4-9aa3-f318c164bc19,"백호서점, 문구",도서 문구,경의숲길서강 골목형상점가,골목형상점가,서울특별시,,,
961fada364a7963fa4bc,full_annotation_v1,A,q_문구_04,문구 사는 데,생활·마트 중 '문구'를 판매·제공하는 매장,val,문구,T4 구어·문장,8fad454e-9f56-47bf-8769-0f2b6a2c41ff,대림문구,문구,대림중앙시장,전통시장,서울특별시,,,
4f60ef1a421dbe9f0636,full_annotation_v1,A,q_문구_04,문구 사는 데,생활·마트 중 '문구'를 판매·제공하는 매장,val,문구,T4 구어·문장,c1b563a3-cd93-40c4-8a51-87a1f9e39cfd,조양문구,문구,동대문문구완구거리,자율상권구역,서울특별시,,,
858c5f1fe257a29e5a52,full_annotation_v1,A,q_문구_04,문구 사는 데,생활·마트 중 '문구'를 판매·제공하는 매장,val,문구,T4 구어·문장,cb6bed09-644a-4b8b-b9a3-3d6a77f19467,면일문구,문구,동원전통종합시장,전통시장,서울특별시,,,
18399b085081d4e93668,full_annotation_v1,A,q_문구_04,문구 사는 데,생활·마트 중 '문구'를 판매·제공하는 매장,val,문구,T4 구어·문장,fc514f19-1cfe-4f94-84ec-1214584671b1,문구마트,문구,상도도깨비골목형상점가,골목형상점가,서울특별시,,,
d8f0e419153e7f967ad0,full_annotation_v1,A,q_문구_04,문구 사는 데,생활·마트 중 '문구'를 판매·제공하는 매장,val,문구,T4 구어·문장,77ec1b74-c6dd-44db-a8da-7c13ac8d3c9d,알파문구,문구,단국대 앞 골목형상점가,골목형상점가,경기도,,,
66d8aa2c17ba7ae3d1ea,full_annotation_v1,A,q_문구_04,문구 사는 데,생활·마트 중 '문구'를 판매·제공하는 매장,val,문구,T4 구어·문장,01d28297-9af9-4727-b3cf-00beb7650771,오뚜기문구,문방구,현대시장,전통시장,인천광역시,,,
a0c6e084206f64a748a1,full_annotation_v1,A,q_문구_04,문구 사는 데,생활·마트 중 '문구'를 판매·제공하는 매장,val,문구,T4 구어·문장,001e2bb1-a72f-4696-8728-00fa66173e9e,문창문구,문구용품,창선상가,전통시장,부산광역시,,,
e332c49612fb5587052e,full_annotation_v1,A,q_문구_04,문구 사는 데,생활·마트 중 '문구'를 판매·제공하는 매장,val,문구,T4 구어·문장,d50a7a6f-6510-4375-a035-daab5a24624a,학생사,문구,행복상점가,자율상권구역,경상북도,,,
819ec1ec01f20dc18843,full_annotation_v1,A,q_문구_04,문구 사는 데,생활·마트 중 '문구'를 판매·제공하는 매장,val,문구,T4 구어·문장,40bd3253-85c2-4e2d-822c-d90732c42d36,알파우장산역점,문구,우장산역 골목형상점가,골목형상점가,서울특별시,,,
0d23045fbe5cce792834,full_annotation_v1,A,q_문구_04,문구 사는 데,생활·마트 중 '문구'를 판매·제공하는 매장,val,문구,T4 구어·문장,04961d72-f5b3-4605-86f3-8130ded3e312,본도시락성서점,,성서우방 골목형상점가,골목형상점가,대구광역시,,,
17747eaa5f5e3e546d3c,full_annotation_v1,A,q_문구_04,문구 사는 데,생활·마트 중 '문구'를 판매·제공하는 매장,val,문구,T4 구어·문장,2f2ffafb-05d5-460b-b74c-c90d6e47b77b,신가문구,문구,신가동 골목형상점가,골목형상점가,광주광역시,,,
7c756975dc1b27b73c43,full_annotation_v1,A,q_문구_04,문구 사는 데,생활·마트 중 '문구'를 판매·제공하는 매장,val,문구,T4 구어·문장,2411b823-b5a9-4b8a-b87e-0428f66a8d14,영재문구,문구,세종대평시장,전통시장,세종특별자치시,,,
d8b7ec86671a3be51691,full_annotation_v1,A,q_문구_04,문구 사는 데,생활·마트 중 '문구'를 판매·제공하는 매장,val,문구,T4 구어·문장,36a37486-d600-4475-b0d3-d1c379c4d8c7,온천문구,문구,온양온천역 골목형 상점가,골목형상점가,충청남도,,,
556e55eb3be14ab07e00,full_annotation_v1,A,q_문구_04,문구 사는 데,생활·마트 중 '문구'를 판매·제공하는 매장,val,문구,T4 구어·문장,04ef299e-f454-4669-921e-3cac1d475adf,센스,문구,문흥1동 골목형상점가,골목형상점가,광주광역시,,,
7de27a5cf760e8518337,full_annotation_v1,A,q_문구_04,문구 사는 데,생활·마트 중 '문구'를 판매·제공하는 매장,val,문구,T4 구어·문장,00f27b43-2d95-45b2-8e80-16eb91994002,비앤비기프트,"문구, 판촉물",김포중앙시장,전통시장,경기도,,,
db3309ed75983fddbcab,full_annotation_v1,A,q_문구_04,문구 사는 데,생활·마트 중 '문구'를 판매·제공하는 매장,val,문구,T4 구어·문장,036bd4c0-772b-4e73-9bad-f87f54783c77,상록수 서점문구,"서적, 문구",양주신산시장마을상점가,골목형상점가,경기도,,,
afb60f1f35ca59c2710e,full_annotation_v1,A,q_문구_04,문구 사는 데,생활·마트 중 '문구'를 판매·제공하는 매장,val,문구,T4 구어·문장,282b0e8b-051c-49f9-a707-b982df803589,까라벨라 데 오르,스파게티,동명동 카페거리 골목형상점가,골목형상점가,광주광역시,,,
00ca67c8db51169a0eab,full_annotation_v1,A,q_문구_04,문구 사는 데,생활·마트 중 '문구'를 판매·제공하는 매장,val,문구,T4 구어·문장,709b2e63-7803-4096-8331-4931fef70e37,팬시랑,문구,장성읍 골목형상점가,골목형상점가,전라남도,,,
0ad8eda42768e8f7d915,full_annotation_v1,A,q_문구_04,문구 사는 데,생활·마트 중 '문구'를 판매·제공하는 매장,val,문구,T4 구어·문장,f67e4037-494a-4cea-93dc-f02d56aacdef,화원문구,문구,수원영동시장,전통시장,경기도,,,
7794a46e66466f1a9fcb,full_annotation_v1,A,q_문구_04,문구 사는 데,생활·마트 중 '문구'를 판매·제공하는 매장,val,문구,T4 구어·문장,69be9b74-b5b9-4f7a-8a00-f7b185bc7d4c,일진문구,문구,송정중앙 골목형상점가,골목형상점가,광주광역시,,,
d31c56d30c14131fc587,full_annotation_v1,A,q_문구_04,문구 사는 데,생활·마트 중 '문구'를 판매·제공하는 매장,val,문구,T4 구어·문장,2291228f-1310-44ed-bdc2-2181973e172a,씨엔에이,문구,홍성명동상가,자율상권구역,충청남도,,,
61fbbff7b30c8bf4715e,full_annotation_v1,A,q_문구_04,문구 사는 데,생활·마트 중 '문구'를 판매·제공하는 매장,val,문구,T4 구어·문장,7f36025a-8f1f-4a5a-91b7-914487232c30,미미,의류,고투몰(강남터미널지하도상점가),일반지하상점가,서울특별시,,,
78706df568232515a763,full_annotation_v1,A,q_문구_04,문구 사는 데,생활·마트 중 '문구'를 판매·제공하는 매장,val,문구,T4 구어·문장,49c69b77-ff4f-48fe-acab-2b9df8ddf897,진도인쇄소,문구,진도 남문로 상권활성화구역,상권활성화구역,전라남도,,,
1a90eddde71fdc46ccc7,full_annotation_v1,A,q_문구_04,문구 사는 데,생활·마트 중 '문구'를 판매·제공하는 매장,val,문구,T4 구어·문장,f14df4d3-9858-4a8b-8597-20fd477d8e32,갤러리 데 루치아,가구,용인어정가구단지상점가,자율상권구역,경기도,,,
7cd00f795d748d3bddb7,full_annotation_v1,A,q_문구_04,문구 사는 데,생활·마트 중 '문구'를 판매·제공하는 매장,val,문구,T4 구어·문장,3599f3cd-3776-4df7-b0f8-dd7dc962cd64,아트랜드,문구,옥계OK골목형상점가,골목형상점가,강원특별자치도,,,
4e45cad004a7f23a167c,full_annotation_v1,A,q_문구_04,문구 사는 데,생활·마트 중 '문구'를 판매·제공하는 매장,val,문구,T4 구어·문장,f7b4bda2-889c-48fd-bffa-4548c8459d74,모닝글로리,문구,장호원전통시장,전통시장,경기도,,,
fc2eddd601fb2ffb293d,full_annotation_v1,A,q_문구_04,문구 사는 데,생활·마트 중 '문구'를 판매·제공하는 매장,val,문구,T4 구어·문장,45a08ed7-71ff-4fd7-b55f-0b0d79cd4c3a,알파문구,문구,인제시장,전통시장,강원특별자치도,,,
e0418b927c0d0028309f,full_annotation_v1,A,q_문구_04,문구 사는 데,생활·마트 중 '문구'를 판매·제공하는 매장,val,문구,T4 구어·문장,a202547e-0d8f-4b4f-bcad-b2a94ff85199,유일상회,곡물,일산시장(구 일산전통시장),전통시장,경기도,,,
bcaf476d693633b11711,full_annotation_v1,A,q_문구_04,문구 사는 데,생활·마트 중 '문구'를 판매·제공하는 매장,val,문구,T4 구어·문장,d2f311f7-29fc-404d-bd81-15da7f77fe98,칠봉이짬뽕 산동교직영점,,신창동일번국도가구의거리 골목형상점가,골목형상점가,,,,
e23b3e063c5566617fae,full_annotation_v1,A,q_문구_04,문구 사는 데,생활·마트 중 '문구'를 판매·제공하는 매장,val,문구,T4 구어·문장,eb0d37d9-4fc4-439a-a708-91538ded6488,색연필,문구,신금호역골목형상점가,골목형상점가,서울특별시,,,
e3ba9d723448cacf289f,full_annotation_v1,A,q_문구_04,문구 사는 데,생활·마트 중 '문구'를 판매·제공하는 매장,val,문구,T4 구어·문장,281e7a67-f626-4496-a83d-d1308678821d,제일문구,문구,전북대대학로상점가,자율상권구역,전북특별자치도,,,
d5c276a2f88bd93ad2b9,full_annotation_v1,A,q_문구_04,문구 사는 데,생활·마트 중 '문구'를 판매·제공하는 매장,val,문구,T4 구어·문장,b94e5f7c-3c7d-46a6-9b48-05e2bee5d1b5,금광프라자약국,소매업(약국),산성로 상권활성화구역,상권활성화구역,경기도,,,
536db8fa2138a9470e07,full_annotation_v1,A,q_문구_04,문구 사는 데,생활·마트 중 '문구'를 판매·제공하는 매장,val,문구,T4 구어·문장,dae8be7e-aa2d-4c4d-86a3-5f39a47cb728,천전문구,문구,진주 동성상가,전통시장,경상남도,,,
da537d60ab9a26b6fc9c,full_annotation_v1,A,q_문구_04,문구 사는 데,생활·마트 중 '문구'를 판매·제공하는 매장,val,문구,T4 구어·문장,ffe5acb3-447e-4431-ab76-b4d97bd3a482,별무리,문구,아리랑거리,전통시장,부산광역시,,,
b6746d0bec9e5e65894d,full_annotation_v1,A,q_문구_04,문구 사는 데,생활·마트 중 '문구'를 판매·제공하는 매장,val,문구,T4 구어·문장,71041e2a-1089-48b7-aeca-510cb42124f2,대광공예문구,"공에품, 문구",북동 골목형상점가,골목형상점가,광주광역시,,,
4c6ad75b0b62e9aa64d7,full_annotation_v1,A,q_문구_04,문구 사는 데,생활·마트 중 '문구'를 판매·제공하는 매장,val,문구,T4 구어·문장,c8e982c2-a41f-4ab6-9bb0-5e5e0c22ce61,엑센스,문구,화정로상가상인회 골목형상점가,골목형상점가,광주광역시,,,
962a616fe5d7b129a156,full_annotation_v1,A,q_문구_04,문구 사는 데,생활·마트 중 '문구'를 판매·제공하는 매장,val,문구,T4 구어·문장,e6e43e0b-f039-49df-9e5e-7b39b043fb2b,서울빈대떡,,도마큰시장,전통시장,대전광역시,,,
47379c9036f5df0fce30,full_annotation_v1,A,q_문구_04,문구 사는 데,생활·마트 중 '문구'를 판매·제공하는 매장,val,문구,T4 구어·문장,fe4b6429-d32d-4589-9e3e-f4c09b1aa2a2,친선문구,문구,금촌명동로시장,전통시장,경기도,,,
f1cb4370acaa699c0f56,full_annotation_v1,A,q_문구_04,문구 사는 데,생활·마트 중 '문구'를 판매·제공하는 매장,val,문구,T4 구어·문장,8002f833-51a8-40e9-8334-2e538201ee64,경화주단,한복,서문시장 제1지구1층(직물시장),전통시장,대구광역시,,,
68f375050beec2f7bfa2,full_annotation_v1,A,q_문구_04,문구 사는 데,생활·마트 중 '문구'를 판매·제공하는 매장,val,문구,T4 구어·문장,193f3a3b-a731-4017-a3de-49f7ccff1a26,미화문방구,문방구,거제 능포 골목형상점가,골목형상점가,경상남도,,,
1355a8b98d54817b6c45,full_annotation_v1,A,q_문구_04,문구 사는 데,생활·마트 중 '문구'를 판매·제공하는 매장,val,문구,T4 구어·문장,6899eaa3-047d-4787-8044-371766cd162f,영재문구,문구,월드상가골목형상점가,골목형상점가,인천광역시,,,
8a76025acd5019267eb7,full_annotation_v1,A,q_문구_04,문구 사는 데,생활·마트 중 '문구'를 판매·제공하는 매장,val,문구,T4 구어·문장,6e128193-9a97-4e86-8379-bbc940feb12c,화이트존,문구,옥과설산골목형상점가,골목형상점가,전라남도,,,
5db603413f53c8a81eac,full_annotation_v1,A,q_문구_04,문구 사는 데,생활·마트 중 '문구'를 판매·제공하는 매장,val,문구,T4 구어·문장,19beba25-1a98-4cac-a5b7-1b99f8d807d4,부양수산,수산물,부전시장,전통시장,부산광역시,,,
a9d538e99174a5415d5d,full_annotation_v1,A,q_문구_04,문구 사는 데,생활·마트 중 '문구'를 판매·제공하는 매장,val,문구,T4 구어·문장,b701dd45-14ee-4f50-82c2-8dc9beaa62a8,영아트문구,문구,석적로강변 골목형상점가,골목형상점가,경상북도,,,
cc2969dc6425ae74ec03,full_annotation_v1,A,q_문구_04,문구 사는 데,생활·마트 중 '문구'를 판매·제공하는 매장,val,문구,T4 구어·문장,2facfbcd-3327-4956-b8f0-71bf97ee6a94,보문상사,문구,칠성원시장,전통시장,대구광역시,,,
fc7dcffb7be0c42997a2,full_annotation_v1,A,q_문구_04,문구 사는 데,생활·마트 중 '문구'를 판매·제공하는 매장,val,문구,T4 구어·문장,ad224735-ea6b-45af-9f48-921e1e3da434,대흥사,문구,노량진만나로골목형상점가,골목형상점가,서울특별시,,,
7a74522b414c32391f14,full_annotation_v1,A,q_문구_04,문구 사는 데,생활·마트 중 '문구'를 판매·제공하는 매장,val,문구,T4 구어·문장,2b037526-a088-4b06-a5db-cac64f8bcf9f,우리들문구팬시,문구,임방울거리3구역 골목형상점가,골목형상점가,광주광역시,,,
e4e3b707e894ce568c4e,full_annotation_v1,A,q_문구_04,문구 사는 데,생활·마트 중 '문구'를 판매·제공하는 매장,val,문구,T4 구어·문장,e4c8de0a-7aff-4404-94df-04b51fe0ff83,에이원,문구,동신종합시장,전통시장,경기도,,,
411e1fe3a5230aa1063d,full_annotation_v1,A,q_문구_04,문구 사는 데,생활·마트 중 '문구'를 판매·제공하는 매장,val,문구,T4 구어·문장,a04ed0df-1df4-46e3-96c5-7d8618942cf4,치평문구,문구,치평동아파트연합상인회 골목형상점가,골목형상점가,광주광역시,,,
88aeaa16743d529b1a14,full_annotation_v1,A,q_문구_04,문구 사는 데,생활·마트 중 '문구'를 판매·제공하는 매장,val,문구,T4 구어·문장,0961cd03-6452-4d93-bd01-6a4d0bd92f5b,첨단임마누엘서점 임마누엘분식,서점문구분식,첨단부영 골목형상점가,골목형상점가,광주광역시,,,
9b197bc14d3f0372a046,full_annotation_v1,A,q_문구_04,문구 사는 데,생활·마트 중 '문구'를 판매·제공하는 매장,val,문구,T4 구어·문장,c023f93d-7fb1-4e49-8c57-c6d00525126e,알뜰문구사,문구,행복상점가,자율상권구역,경상북도,,,
267242f498acc5636833,full_annotation_v1,A,q_문구_04,문구 사는 데,생활·마트 중 '문구'를 판매·제공하는 매장,val,문구,T4 구어·문장,aba76fc2-984e-4030-ba01-e2e7d78264c7,데 아로즈 대전둔산본점,,갈리단길 골목형상점가,골목형상점가,대전광역시,,,
a32b36edfb7ef04ac036,full_annotation_v1,A,q_문구_04,문구 사는 데,생활·마트 중 '문구'를 판매·제공하는 매장,val,문구,T4 구어·문장,8b6964f9-458b-4984-a0f0-7be3d5f85faa,참사랑서점.문구,문구,"운남4,5단지 골목형상점가",골목형상점가,광주광역시,,,
c3a683e4352885de65d6,full_annotation_v1,A,q_문구_04,문구 사는 데,생활·마트 중 '문구'를 판매·제공하는 매장,val,문구,T4 구어·문장,9baae2ea-f8e1-484c-8bee-6a1e8b8fdfb6,알파문구명일점,문구,명일전통시장,전통시장,서울특별시,,,
278eef58effc7fbf62a0,full_annotation_v1,A,q_문구_04,문구 사는 데,생활·마트 중 '문구'를 판매·제공하는 매장,val,문구,T4 구어·문장,bb04ad75-71c0-4e46-bae2-41cb208794f6,예문사,문구,명덕마을 골목형상점가,골목형상점가,울산광역시,,,
a6ccc0f8c21f60329565,full_annotation_v1,A,q_문구_04,문구 사는 데,생활·마트 중 '문구'를 판매·제공하는 매장,val,문구,T4 구어·문장,a723a32a-cdff-4bd3-a096-38bcaeac6989,진주상회,채소,부전시장,전통시장,부산광역시,,,
8d58e470b45e59886145,full_annotation_v1,A,q_문구_04,문구 사는 데,생활·마트 중 '문구'를 판매·제공하는 매장,val,문구,T4 구어·문장,0a55ce53-29fe-42e8-8305-303701bbf348,무주서점,서점,무주반딧불상권활성화구역,상권활성화구역,전북특별자치도,,,
fc07eff7c0026bfa1581,full_annotation_v1,A,q_문구_04,문구 사는 데,생활·마트 중 '문구'를 판매·제공하는 매장,val,문구,T4 구어·문장,b5716aca-9c13-4977-b260-1ea8b2670c8d,고령문구센터,문구,대가야 자율상권구역,,경상북도,,,
fa8d22c9edc2e0ef7c90,full_annotation_v1,A,q_문구_04,문구 사는 데,생활·마트 중 '문구'를 판매·제공하는 매장,val,문구,T4 구어·문장,3b9d123f-bdd6-48a4-93f1-c130ac594101,타요타요 문구,문구,"일곡동(제7지역:대림1,현대2,진로,대우,한일)",골목형상점가,광주광역시,,,
b5c3802d1230ab409afb,full_annotation_v1,A,q_문구_04,문구 사는 데,생활·마트 중 '문구'를 판매·제공하는 매장,val,문구,T4 구어·문장,b0f1bcd2-5a15-4085-9ba3-0425abb81cd1,현대문구,문구,제2경주중심상가시장(경주봉황중심상가시장),전통시장,경상북도,,,
25e43f8b1cac354af5ff,full_annotation_v1,A,q_문구_04,문구 사는 데,생활·마트 중 '문구'를 판매·제공하는 매장,val,문구,T4 구어·문장,46cea186-0a70-4a5b-9625-f2acd35f3385,새로와서점,문구,임동 골목형상점가,골목형상점가,광주광역시,,,
fe747903518a55db5377,full_annotation_v1,A,q_문구_04,문구 사는 데,생활·마트 중 '문구'를 판매·제공하는 매장,val,문구,T4 구어·문장,4e8261aa-2923-4c99-81d6-5e400704b574,경기서적 천천점(문구),문구,천천중심상가 골목형상점가,골목형상점가,경기도,,,
ecc0b03a810352ed6861,full_annotation_v1,A,q_문구_04,문구 사는 데,생활·마트 중 '문구'를 판매·제공하는 매장,val,문구,T4 구어·문장,4fb0350c-8b49-4fac-9cd9-7759f98ab557,무지개페인트,페인트,오치1동 골목형상점가,골목형상점가,광주광역시,,,
097dd0d8e0616903bfc8,full_annotation_v1,A,q_문구_04,문구 사는 데,생활·마트 중 '문구'를 판매·제공하는 매장,val,문구,T4 구어·문장,07df9403-be90-41ec-ae6c-894492ec2f5c,서원수산,수산,서산동부전통시장,전통시장,충청남도,,,
041beb7d37a2c7470184,full_annotation_v1,A,q_문구_04,문구 사는 데,생활·마트 중 '문구'를 판매·제공하는 매장,val,문구,T4 구어·문장,b09f4f06-3e20-4f74-92c3-4ca447129a3e,색연필,문구,낭월 빛담길 골목형상점가,골목형상점가,대전광역시,,,
64b6bee3e838414754c3,full_annotation_v1,A,q_문구_04,문구 사는 데,생활·마트 중 '문구'를 판매·제공하는 매장,val,문구,T4 구어·문장,56a66e3d-058d-4935-b37d-d2cb591fcf8e,무지개문구,문구,농성세대공감상인회 골목형상점가,골목형상점가,광주광역시,,,
44ce26844b4478c3caca,full_annotation_v1,A,q_문구_04,문구 사는 데,생활·마트 중 '문구'를 판매·제공하는 매장,val,문구,T4 구어·문장,89d81144-5b57-4bbc-a699-c8db2bc02abe,엑센스,문구,김제금만시장,전통시장,전북특별자치도,,,
3954153804a2eed65e3b,full_annotation_v1,A,q_문구_04,문구 사는 데,생활·마트 중 '문구'를 판매·제공하는 매장,val,문구,T4 구어·문장,755783c5-f128-4b55-b221-bdef28978c4e,사랑문구,문구,인후동1가 골목형상점가,골목형상점가,전북특별자치도,,,
e0f5db9a1b8ed32798d1,full_annotation_v1,A,q_문구_04,문구 사는 데,생활·마트 중 '문구'를 판매·제공하는 매장,val,문구,T4 구어·문장,236628b5-5478-4dcc-b59a-4d1b3382fc9c,문영당,문구,상주중앙시장,전통시장,경상북도,,,
67a1dcc7f083c9bc6cdb,full_annotation_v1,A,q_문구_04,문구 사는 데,생활·마트 중 '문구'를 판매·제공하는 매장,val,문구,T4 구어·문장,e4d3cd33-fad1-4827-8851-1bd8586848ff,제일문구드림,문구,백운시장,전통시장,서울특별시,,,
4fbf30c11da9df47b2de,full_annotation_v1,A,q_문구_04,문구 사는 데,생활·마트 중 '문구'를 판매·제공하는 매장,val,문구,T4 구어·문장,14e71015-6ca8-4e99-8be3-a6d85f8f4dc7,행복한서점 이동점,서점,포항 대이상가 골목형상점가,골목형상점가,경상북도,,,
cabf61743682679791bb,full_annotation_v1,A,q_문구_04,문구 사는 데,생활·마트 중 '문구'를 판매·제공하는 매장,val,문구,T4 구어·문장,9cb52271-c3bf-4189-bc2e-a6d770c50e8b,남상미 맛집 수제반찬,한식,오치1동 골목형상점가,골목형상점가,광주광역시,,,
eeae13c885128f4b5fa9,full_annotation_v1,A,q_문구_04,문구 사는 데,생활·마트 중 '문구'를 판매·제공하는 매장,val,문구,T4 구어·문장,900e4b7d-8cae-4e33-a3eb-4d5fd0d25316,서변문구,문구,서변중앙시장,전통시장,대구광역시,,,
7c13db6eae64b3c22ed2,full_annotation_v1,A,q_문구_04,문구 사는 데,생활·마트 중 '문구'를 판매·제공하는 매장,val,문구,T4 구어·문장,818fe3f5-787b-4d56-b380-f2fb96f5a2d6,알파문구,문구,담양중앙 골목형상점가,골목형상점가,전라남도,,,
7fa7e036d44a44cc1be2,full_annotation_v1,A,q_문구_04,문구 사는 데,생활·마트 중 '문구'를 판매·제공하는 매장,val,문구,T4 구어·문장,2254369e-2dd6-4f91-9b3d-5e4d3e7a5927,오뚜기. 문구. 완구,문구,상대원1동 해피마을 골목형상점가,골목형상점가,경기도,,,
3014506c7d9996f93147,full_annotation_v1,A,q_문구_04,문구 사는 데,생활·마트 중 '문구'를 판매·제공하는 매장,val,문구,T4 구어·문장,ef7d0411-31e1-465e-9a28-c1bcdea261ef,희망서점.문구,"문구, 서적",산청시장,전통시장,경상남도,,,
a31b5b00011d96a597bc,full_annotation_v1,A,q_문구_04,문구 사는 데,생활·마트 중 '문구'를 판매·제공하는 매장,val,문구,T4 구어·문장,010382b4-561d-43c7-848c-cdfed4f4d93d,문성당서점,서적 교육용씨디 비디오 문구 자료처리,부안석정 골목형상점가,골목형상점가,전북특별자치도,,,
9765a07fc8efe1239ee3,full_annotation_v1,A,q_문구_04,문구 사는 데,생활·마트 중 '문구'를 판매·제공하는 매장,val,문구,T4 구어·문장,488bca15-e173-4d72-a1f0-8c58b4d51acd,카이모,커피,정릉서경대길골목형상점가(정릉골),골목형상점가,서울특별시,,,
6e24d83d448460f65f2d,full_annotation_v1,A,q_문구_04,문구 사는 데,생활·마트 중 '문구'를 판매·제공하는 매장,val,문구,T4 구어·문장,b4506f68-5a8e-49c5-be40-3f423775cc8d,화이트존,문구,월빛 골목형상점가,골목형상점가,광주광역시,,,
b4ec0a422b465428f888,full_annotation_v1,A,q_문구_04,문구 사는 데,생활·마트 중 '문구'를 판매·제공하는 매장,val,문구,T4 구어·문장,97fedbc5-f227-40ae-b351-f035ffcf754f,문정문구,문구,문흥1동 골목형상점가,골목형상점가,광주광역시,,,
ded0ddc293b26968e25a,full_annotation_v1,A,q_문구_04,문구 사는 데,생활·마트 중 '문구'를 판매·제공하는 매장,val,문구,T4 구어·문장,ff31f2cf-d830-4ad9-85c9-380d62cd8d52,금메달,문구,심곡복개천 상점가,자율상권구역,경기도,,,
42433474d393164e69e5,full_annotation_v1,A,q_문구_04,문구 사는 데,생활·마트 중 '문구'를 판매·제공하는 매장,val,문구,T4 구어·문장,c5c618df-d4dd-4202-b0f5-ef3cf006bdfc,풍성문구,문구,자양로13길골목형상점가,골목형상점가,서울특별시,,,
cdf8c066eeda00979e56,full_annotation_v1,A,q_문구_04,문구 사는 데,생활·마트 중 '문구'를 판매·제공하는 매장,val,문구,T4 구어·문장,c34142af-858b-4b9b-869f-792534ceec35,CNA문경점,문구,행복상점가,자율상권구역,경상북도,,,
4c1a7f77e2b0da73c68c,full_annotation_v1,A,q_문구_04,문구 사는 데,생활·마트 중 '문구'를 판매·제공하는 매장,val,문구,T4 구어·문장,b6a5c0a9-0ae4-49b6-af71-6d81ee33e68b,색연필,문구,"일곡동(제6지역:청솔3,대림2,현대3,현대1,금호,청솔4)",골목형상점가,광주광역시,,,
e7766be0b6c9eabbaf3e,full_annotation_v1,A,q_문구_04,문구 사는 데,생활·마트 중 '문구'를 판매·제공하는 매장,val,문구,T4 구어·문장,64965dc8-c9d1-4fc1-a0d2-afa4c899df34,드림디포,문구,칠성원시장,전통시장,대구광역시,,,
066e953bb30e42970658,full_annotation_v1,A,q_문구_04,문구 사는 데,생활·마트 중 '문구'를 판매·제공하는 매장,val,문구,T4 구어·문장,e973721b-55ae-41a8-9d5c-3130aa13eb9b,신기문구,문구,주월1동회재로 골목형상점가,골목형상점가,광주광역시,,,
23041581cbeaa6f7b7c3,full_annotation_v1,A,q_문구_04,문구 사는 데,생활·마트 중 '문구'를 판매·제공하는 매장,val,문구,T4 구어·문장,cf3c820b-2a19-4db0-a3cf-d42d1150f35d,우리서점,문구,강남개포시장(구 개포2동중심상점가),자율상권구역,서울특별시,,,
089fb4006c6fb5b9cf94,full_annotation_v1,A,q_문구_05,학용품 파는 곳,생활·마트 중 '문구'를 판매·제공하는 매장,val,문구,T4 구어·문장,2f90f5b8-b8e2-4297-a675-5261c4c463ac,가온문구센타,"문구, 사무용품, 전산용품, DIY재료, 미술용품, 잡화, 학용품",나성중앙 골목형상점가,골목형상점가,세종특별자치시,,,
b8592d0661935df9a61f,full_annotation_v1,A,q_문구_05,학용품 파는 곳,생활·마트 중 '문구'를 판매·제공하는 매장,val,문구,T4 구어·문장,04961d72-f5b3-4605-86f3-8130ded3e312,본도시락성서점,,성서우방 골목형상점가,골목형상점가,대구광역시,,,
a33b056d6f6d7018a846,full_annotation_v1,A,q_문구_05,학용품 파는 곳,생활·마트 중 '문구'를 판매·제공하는 매장,val,문구,T4 구어·문장,d4bb614a-70b7-4e9c-805e-cfb16ea0e824,경림부식,채소,흥해시장,전통시장,경상북도,,,
54b6a88f63df5e8d74d6,full_annotation_v1,A,q_문구_05,학용품 파는 곳,생활·마트 중 '문구'를 판매·제공하는 매장,val,문구,T4 구어·문장,77d58ee4-78f1-4b50-b37c-daa7b9bb2028,GS25 금호일신점,편의점,금호운천로상인회 골목형상점가,골목형상점가,광주광역시,,,
d3b9d132dbe3a7ff8aa1,full_annotation_v1,A,q_문구_05,학용품 파는 곳,생활·마트 중 '문구'를 판매·제공하는 매장,val,문구,T4 구어·문장,33799bee-3a18-41ff-b740-90c48c2983c9,성포문방구,,거제 성포 골목형상점가,골목형상점가,경상남도,,,
1ddba8b6c850ed7b41ec,full_annotation_v1,A,q_문구_05,학용품 파는 곳,생활·마트 중 '문구'를 판매·제공하는 매장,val,문구,T4 구어·문장,1eaf6dc3-f0f0-4350-8341-9f6f4334b965,다소곳,옷,전주모래내시장,전통시장,전북특별자치도,,,
0b6b291dc2ed3ea3bf7f,full_annotation_v1,A,q_문구_05,학용품 파는 곳,생활·마트 중 '문구'를 판매·제공하는 매장,val,문구,T4 구어·문장,6dec4f14-d8d5-406a-914d-eaa3f5d217ce,오피스디포 세종청사점,문방구,가름로 골목형상점가,골목형상점가,세종특별자치시,,,
ca08679c1f8cb9c50835,full_annotation_v1,A,q_문구_05,학용품 파는 곳,생활·마트 중 '문구'를 판매·제공하는 매장,val,문구,T4 구어·문장,20e990e4-aaf3-4784-9ba0-caad51d06b23,곳간,한식,수완장덕 골목형상점가,골목형상점가,광주광역시,,,
47c5a5b049d68680434c,full_annotation_v1,A,q_문구_05,학용품 파는 곳,생활·마트 중 '문구'를 판매·제공하는 매장,val,문구,T4 구어·문장,5f59c153-0ca4-4ba4-9f1c-e59663f9e5e2,꽃파는 카페 가배화,꽃가게,맛조이상인회 골목형상점가,골목형상점가,광주광역시,,,
011a601192eccebf1ff7,full_annotation_v1,A,q_문구_05,학용품 파는 곳,생활·마트 중 '문구'를 판매·제공하는 매장,val,문구,T4 구어·문장,ecf3246a-ed9b-4f87-a6f9-e5dc2f69ffd1,"다파농, 다파는 농부 수지구청점",,풍2동 골목형상점가,골목형상점가,경기도,,,
9b97457390045e498cb5,full_annotation_v1,A,q_문구_05,학용품 파는 곳,생활·마트 중 '문구'를 판매·제공하는 매장,val,문구,T4 구어·문장,19b6e5db-5866-4752-afed-7fa0dc010f81,곳간,한식,태화십리대밭먹거리단지 상점가,자율상권구역,울산광역시,,,
c806626b7c5ddaa96855,full_annotation_v1,A,q_문구_05,학용품 파는 곳,생활·마트 중 '문구'를 판매·제공하는 매장,val,문구,T4 구어·문장,0a55ce53-29fe-42e8-8305-303701bbf348,무주서점,서점,무주반딧불상권활성화구역,상권활성화구역,전북특별자치도,,,
b6bb408f9ea304682b9c,full_annotation_v1,A,q_문구_05,학용품 파는 곳,생활·마트 중 '문구'를 판매·제공하는 매장,val,문구,T4 구어·문장,29c7eba1-4206-4cca-ad61-9587de999e65,모아(moa Bird),사탕,망리단길골목형상점가,골목형상점가,서울특별시,,,
ac43aef05b84b09ccf39,full_annotation_v1,A,q_문구_05,학용품 파는 곳,생활·마트 중 '문구'를 판매·제공하는 매장,val,문구,T4 구어·문장,f5734d5a-fca6-48c0-a15e-1ae820816050,틴스타드림디포서구점,문구 사무 학용품 생활용품,상무쌍촌역상인회 골목형상점가,골목형상점가,광주광역시,,,
a046b0841f50f85f2144,full_annotation_v1,A,q_문구_05,학용품 파는 곳,생활·마트 중 '문구'를 판매·제공하는 매장,val,문구,T4 구어·문장,27d9f649-80f5-45fa-a068-4584b68e04e7,레츠고경동협동조합,문방구 및 야시장 운영,경동시장,전통시장,서울특별시,,,
9378af09dae440647b01,full_annotation_v1,A,q_문구_05,학용품 파는 곳,생활·마트 중 '문구'를 판매·제공하는 매장,val,문구,T4 구어·문장,cb15e2d0-9357-4e06-9f00-880705012933,땅파서 폰파는 집(사직점),,사직거인 골목형상점가,골목형상점가,부산광역시,,,
31bf27b668b92f569e72,full_annotation_v1,A,q_문구_05,학용품 파는 곳,생활·마트 중 '문구'를 판매·제공하는 매장,val,문구,T4 구어·문장,f75764d4-4ad8-44c8-ad99-7ccf3eea78de,파지,,중흥자재거리 골목형상점가,골목형상점가,광주광역시,,,
aca89db79cd896204301,full_annotation_v1,A,q_문구_05,학용품 파는 곳,생활·마트 중 '문구'를 판매·제공하는 매장,val,문구,T4 구어·문장,01d28297-9af9-4727-b3cf-00beb7650771,오뚜기문구,문방구,현대시장,전통시장,인천광역시,,,
165ccf4048fa2f257c51,full_annotation_v1,A,q_문구_05,학용품 파는 곳,생활·마트 중 '문구'를 판매·제공하는 매장,val,문구,T4 구어·문장,938b92f8-b2f3-4151-81af-3884e120024e,고기파는 청년들,정육,용호시장,전통시장,부산광역시,,,
1821eb2fb5e341ea0ded,full_annotation_v1,A,q_문구_05,학용품 파는 곳,생활·마트 중 '문구'를 판매·제공하는 매장,val,문구,T4 구어·문장,8b89b46a-6a88-4372-a6de-a3c504b3718b,흥해전집,한식,흥해시장,전통시장,경상북도,,,
79a258f3db878ce11c82,full_annotation_v1,A,q_문구_05,학용품 파는 곳,생활·마트 중 '문구'를 판매·제공하는 매장,val,문구,T4 구어·문장,0082c797-13a0-4f77-a6cc-f608ac85460a,펜공주,문구,상계주공15단지상가,기타,서울특별시,,,
2d3eb34af763f75a8032,full_annotation_v1,A,q_문구_05,학용품 파는 곳,생활·마트 중 '문구'를 판매·제공하는 매장,val,문구,T4 구어·문장,47f82295-c4db-442f-8ea3-dcbc2c36cb2e,해변상회,,방어진활어센터,골목형상점가,울산광역시,,,
71ed1a2e6c68521fc16a,full_annotation_v1,A,q_문구_05,학용품 파는 곳,생활·마트 중 '문구'를 판매·제공하는 매장,val,문구,T4 구어·문장,245aec63-05d3-47d7-9b3d-b96e9db2fdcb,장학문구사,문구 사무용품 학용품,오정동상점가,자율상권구역,대전광역시,,,
06534e4f10992852ada6,full_annotation_v1,A,q_문구_05,학용품 파는 곳,생활·마트 중 '문구'를 판매·제공하는 매장,val,문구,T4 구어·문장,68a24780-7d0e-45a4-9ef4-3b5323a80b66,헤어.그곳,미용업,도군머리 골목형상점가,골목형상점가,광주광역시,,,
65d52d8bd60873b04e94,full_annotation_v1,A,q_문구_05,학용품 파는 곳,생활·마트 중 '문구'를 판매·제공하는 매장,val,문구,T4 구어·문장,e5d06644-f074-423b-84c4-3451f7eee616,옛날거그,한식,신용동 골목형상점가,골목형상점가,광주광역시,,,
3e7b4939add21d8d4d2b,full_annotation_v1,A,q_문구_05,학용품 파는 곳,생활·마트 중 '문구'를 판매·제공하는 매장,val,문구,T4 구어·문장,c0cc81b4-89ec-4a70-b6f7-089de1fd92a8,소소한곳,,양산 물금백호마을 골목형상점가,골목형상점가,경상남도,,,
7e23eaa0702163072bc7,full_annotation_v1,A,q_문구_05,학용품 파는 곳,생활·마트 중 '문구'를 판매·제공하는 매장,val,문구,T4 구어·문장,c205a4d8-fa64-4fb5-b959-b2e6d85df68b,개밥파는 고양이 관저점,애완용 동물용품,관저동 먹자골목 골목형상점가,골목형상점가,대전광역시,,,
75057f21f03c333e99a5,full_annotation_v1,A,q_문구_05,학용품 파는 곳,생활·마트 중 '문구'를 판매·제공하는 매장,val,문구,T4 구어·문장,5beb6187-2766-4dd5-bcca-3b08cb8c087f,고기파는 총각들,,용마루길 골목형상점가,골목형상점가,서울특별시,,,
455383dcfb8abc246abb,full_annotation_v1,A,q_문구_05,학용품 파는 곳,생활·마트 중 '문구'를 판매·제공하는 매장,val,문구,T4 구어·문장,13771cac-13b6-4ed1-aad3-367a1806ee56,장대호재 미싱유,미싱,오창전통시장,전통시장,충청북도,,,
b3e11119ccb8826b61eb,full_annotation_v1,A,q_문구_05,학용품 파는 곳,생활·마트 중 '문구'를 판매·제공하는 매장,val,문구,T4 구어·문장,0961cd03-6452-4d93-bd01-6a4d0bd92f5b,첨단임마누엘서점 임마누엘분식,서점문구분식,첨단부영 골목형상점가,골목형상점가,광주광역시,,,
72dac253ee28789b1afc,full_annotation_v1,A,q_문구_05,학용품 파는 곳,생활·마트 중 '문구'를 판매·제공하는 매장,val,문구,T4 구어·문장,06261986-3eba-4244-b63f-397460d82f4a,이곳,미용,나주혁신도시 골목형상점가,골목형상점가,전라남도,,,
a2b49e4e817b16ab7ad3,full_annotation_v1,A,q_문구_05,학용품 파는 곳,생활·마트 중 '문구'를 판매·제공하는 매장,val,문구,T4 구어·문장,842f6cf1-6411-4f4b-be23-746d79e31656,섬곳,한식,플레이사계 지오단길 골목형상점가,골목형상점가,제주특별자치도,,,
e9447e41573d3386ec3a,full_annotation_v1,A,q_문구_05,학용품 파는 곳,생활·마트 중 '문구'를 판매·제공하는 매장,val,문구,T4 구어·문장,14e71015-6ca8-4e99-8be3-a6d85f8f4dc7,행복한서점 이동점,서점,포항 대이상가 골목형상점가,골목형상점가,경상북도,,,
6158ca91dc7c8ec4f302,full_annotation_v1,A,q_문구_05,학용품 파는 곳,생활·마트 중 '문구'를 판매·제공하는 매장,val,문구,T4 구어·문장,008ab588-6383-4a08-8fdc-b76678a155dc,모든오피스 분당점,문구제본사무용품,분당우성시장,전통시장,경기도,,,
e9e08539a8d4d17f12bc,full_annotation_v1,A,q_문구_05,학용품 파는 곳,생활·마트 중 '문구'를 판매·제공하는 매장,val,문구,T4 구어·문장,ad2284ff-8791-453b-b8a9-67654ff94220,폰파는 신사,휴대폰,남해 명품화전길 골목형상점가,골목형상점가,경상남도,,,
69b9a83838e0da93888b,full_annotation_v1,A,q_문구_05,학용품 파는 곳,생활·마트 중 '문구'를 판매·제공하는 매장,val,문구,T4 구어·문장,193f3a3b-a731-4017-a3de-49f7ccff1a26,미화문방구,문방구,거제 능포 골목형상점가,골목형상점가,경상남도,,,
aa662c3133ec19ac6bcd,full_annotation_v1,A,q_문구_05,학용품 파는 곳,생활·마트 중 '문구'를 판매·제공하는 매장,val,문구,T4 구어·문장,82c1d1d6-ebf5-4858-bd00-5c78204a31fc,과일파는 고릴라,"과실, 잡화",반여2동상가시장,전통시장,부산광역시,,,
0fbce102b5b2072ad853,full_annotation_v1,A,q_문구_05,학용품 파는 곳,생활·마트 중 '문구'를 판매·제공하는 매장,val,문구,T4 구어·문장,76a3551b-dae4-4326-92cc-662015aedbfb,쉴 곳,한식,칠성로상점가,자율상권구역,제주특별자치도,,,
82b9be531989b1c25f0b,full_annotation_v1,A,q_문구_05,학용품 파는 곳,생활·마트 중 '문구'를 판매·제공하는 매장,val,문구,T4 구어·문장,00f27b43-2d95-45b2-8e80-16eb91994002,비앤비기프트,"문구, 판촉물",김포중앙시장,전통시장,경기도,,,
7cfd7b3f65c4afa2ffd8,full_annotation_v1,A,q_문구_05,학용품 파는 곳,생활·마트 중 '문구'를 판매·제공하는 매장,val,문구,T4 구어·문장,37882049-9b55-4426-92c0-46822cd024af,숙희네 손만두,수제만두,오창전통시장,전통시장,충청북도,,,
1937c7c129e369c54a2e,full_annotation_v1,A,q_문구_05,학용품 파는 곳,생활·마트 중 '문구'를 판매·제공하는 매장,val,문구,T4 구어·문장,af841040-0055-4f95-bbe1-b98bb9cf9b59,밀곳,제과,부평깡통시장(구 부산부평시장),전통시장,부산광역시,,,
99dd24876d26e438ac06,full_annotation_v1,A,q_문구_05,학용품 파는 곳,생활·마트 중 '문구'를 판매·제공하는 매장,val,문구,T4 구어·문장,022101db-07cf-4546-b3cf-183a54f16b56,삼양마크사,"문구, 잡화",충장로45가 상점가,자율상권구역,광주광역시,,,
137319a120929b6ac58a,full_annotation_v1,A,q_문구_05,학용품 파는 곳,생활·마트 중 '문구'를 판매·제공하는 매장,val,문구,T4 구어·문장,b70e6ff9-6589-4d1f-9c96-d82a545ec2b2,좋은옷 싸게 파는집,의류,신거북시장,전통시장,인천광역시,,,
3e0dc8067a227e335e08,full_annotation_v1,A,q_문구_05,학용품 파는 곳,생활·마트 중 '문구'를 판매·제공하는 매장,val,문구,T4 구어·문장,010382b4-561d-43c7-848c-cdfed4f4d93d,문성당서점,서적 교육용씨디 비디오 문구 자료처리,부안석정 골목형상점가,골목형상점가,전북특별자치도,,,
4b50ce7780326890c180,full_annotation_v1,A,q_문구_05,학용품 파는 곳,생활·마트 중 '문구'를 판매·제공하는 매장,val,문구,T4 구어·문장,e90f7e34-1d36-4332-9c45-6ff202d602e7,쭈꾸쭈꾸왕창꼼장어,한식,송정역카페거리골목형상점가,골목형상점가,서울특별시,,,
909bbef30eda4034ee09,full_annotation_v1,A,q_문구_05,학용품 파는 곳,생활·마트 중 '문구'를 판매·제공하는 매장,val,문구,T4 구어·문장,9ec91912-9c4b-468a-9818-fed59d635732,명인만두 청수행정타운점,한식,청당3번가 골목형상점가,골목형상점가,충청남도,,,
960ee0a087e5c99786c8,full_annotation_v1,A,q_문구_05,학용품 파는 곳,생활·마트 중 '문구'를 판매·제공하는 매장,val,문구,T4 구어·문장,de981591-9da4-47af-be41-e2c32539b589,썬라이즈,문구 팬시 악세사리 교구 과학용품,소나무 골목형상점가,골목형상점가,전북특별자치도,,,
80b7b0985bd2db6f7706,full_annotation_v1,A,q_문구_05,학용품 파는 곳,생활·마트 중 '문구'를 판매·제공하는 매장,val,문구,T4 구어·문장,0b4bdfd4-7ffe-4bef-8a0a-a9a3ae1e54be,펀앤북,서점,광주역 복개로 골목형상점가,골목형상점가,광주광역시,,,
fcdac86430c3b7c37e8c,full_annotation_v1,A,q_문구_05,학용품 파는 곳,생활·마트 중 '문구'를 판매·제공하는 매장,val,문구,T4 구어·문장,9bb7946c-c997-47de-9c0e-53ddad9b4b3d,학용식품(주)하림상주대리점,닭고기,상주풍물시장,전통시장,경상북도,,,
c8114caba3c743a391ef,full_annotation_v1,A,q_문구_05,학용품 파는 곳,생활·마트 중 '문구'를 판매·제공하는 매장,val,문구,T4 구어·문장,be9f8c61-892c-48ed-a49d-b63bd032c025,소곳,의류,고투몰(강남터미널지하도상점가),일반지하상점가,서울특별시,,,
536d9d0e149a0c6ebddf,full_annotation_v1,A,q_문구_05,학용품 파는 곳,생활·마트 중 '문구'를 판매·제공하는 매장,val,문구,T4 구어·문장,c111ac9d-3f3a-405c-a8db-4d127ccda9e2,행복이 있는 곳,잡화,제주로얄쇼핑센터,자율상권구역,제주특별자치도,,,
9a8c7f8c947bcb6a64f1,full_annotation_v1,A,q_문구_05,학용품 파는 곳,생활·마트 중 '문구'를 판매·제공하는 매장,val,문구,T4 구어·문장,67f8333f-a173-44a0-a35d-d4c013a28dc2,개밥파는 고양이 송촌점,애완용품,송촌시장,전통시장,대전광역시,,,
cdb724a4aa7ab0d1a725,full_annotation_v1,A,q_문구_05,학용품 파는 곳,생활·마트 중 '문구'를 판매·제공하는 매장,val,문구,T4 구어·문장,8506e6ae-16bb-4c75-9119-ef61f5e953e4,웃는고기,오겹살,부평문화인의거리골목형상점가,골목형상점가,인천광역시,,,
d3f6643aa05857bebc0a,full_annotation_v1,A,q_문구_05,학용품 파는 곳,생활·마트 중 '문구'를 판매·제공하는 매장,val,문구,T4 구어·문장,929d857f-3a8c-4e54-beb8-7c697f744ade,고기파는 형제들,,신영시장,전통시장,서울특별시,,,
5681a4566d5a27d9dff8,full_annotation_v1,A,q_문구_05,학용품 파는 곳,생활·마트 중 '문구'를 판매·제공하는 매장,val,문구,T4 구어·문장,20db201c-d679-474d-bc8d-23db4c4f0787,곳간정육점,,선화로 골목형상점가,골목형상점가,전북특별자치도,,,
be1fa288d003af6a857b,full_annotation_v1,A,q_문구_05,학용품 파는 곳,생활·마트 중 '문구'를 판매·제공하는 매장,val,문구,T4 구어·문장,489e0d36-4155-404d-8099-61a8cb2294a8,사계절화장품,화장품,강릉중앙시장,전통시장,강원특별자치도,,,
f99cf6dd20338b515f3f,full_annotation_v1,A,q_문구_05,학용품 파는 곳,생활·마트 중 '문구'를 판매·제공하는 매장,val,문구,T4 구어·문장,2743811c-5e71-4d2b-aa75-1b0147d44f2d,사우 꽃이 피는 곳,꽃,김포 풍년마을 골목형상점가,골목형상점가,경기도,,,
bfb280752434f89a8d6d,full_annotation_v1,A,q_문구_05,학용품 파는 곳,생활·마트 중 '문구'를 판매·제공하는 매장,val,문구,T4 구어·문장,13ad5519-b1b8-40b3-8596-dff41f9b5151,학봉,한식,오창전통시장,전통시장,충청북도,,,
0c941da67d58d8e13197,full_annotation_v1,A,q_문구_05,학용품 파는 곳,생활·마트 중 '문구'를 판매·제공하는 매장,val,문구,T4 구어·문장,9ef96bab-5f5f-4f83-a600-e7d336653705,간절곳 튀김,음식,반송큰시장,전통시장,부산광역시,,,
6508930981abef084991,full_annotation_v1,A,q_문구_05,학용품 파는 곳,생활·마트 중 '문구'를 판매·제공하는 매장,val,문구,T4 구어·문장,036bd4c0-772b-4e73-9bad-f87f54783c77,상록수 서점문구,"서적, 문구",양주신산시장마을상점가,골목형상점가,경기도,,,
86808f8fd39010fb6cb1,full_annotation_v1,A,q_문구_05,학용품 파는 곳,생활·마트 중 '문구'를 판매·제공하는 매장,val,문구,T4 구어·문장,26d825f2-2bcd-4e47-8756-3390d6e52697,고기파는 박군,식육점,창원 명서시장,전통시장,경상남도,,,
0a8ddc4618d8aa1600d9,full_annotation_v1,A,q_문구_05,학용품 파는 곳,생활·마트 중 '문구'를 판매·제공하는 매장,val,문구,T4 구어·문장,0116d1e6-1e97-4150-b153-e21e3c62cef4,샘솟네완구,문구,양평물맑은시장,전통시장,경기도,,,
4e0dc6efad701dd66433,full_annotation_v1,A,q_문구_05,학용품 파는 곳,생활·마트 중 '문구'를 판매·제공하는 매장,val,문구,T4 구어·문장,001e2bb1-a72f-4696-8728-00fa66173e9e,문창문구,문구용품,창선상가,전통시장,부산광역시,,,
712e302d4245b6e07145,full_annotation_v1,A,q_문구_05,학용품 파는 곳,생활·마트 중 '문구'를 판매·제공하는 매장,val,문구,T4 구어·문장,6702c44f-743f-4a82-a486-762c643027a2,야채파는 총각,농산물,구리전통시장,전통시장,경기도,,,
111fb1f82dd8afab8d68,full_annotation_v1,A,q_문구_05,학용품 파는 곳,생활·마트 중 '문구'를 판매·제공하는 매장,val,문구,T4 구어·문장,56d0a8c1-e737-4aac-9f4c-e90a5fbad839,호수상회,"소매(과실,채소)",광명전통시장,전통시장,경기도,,,
d0a420696c8eeed6da16,full_annotation_v1,A,q_문구_05,학용품 파는 곳,생활·마트 중 '문구'를 판매·제공하는 매장,val,문구,T4 구어·문장,af5a8ced-a998-4155-b5fc-938449b618b4,예인음악학원,피아노교습,문흥금호아파트 골목형상점가,골목형상점가,광주광역시,,,
8a839fc66abb932937a4,full_annotation_v1,A,q_문구_05,학용품 파는 곳,생활·마트 중 '문구'를 판매·제공하는 매장,val,문구,T4 구어·문장,db6908bb-41e1-461b-9a7e-9c2952b15fec,솔솔하시,악세사리 인형 학용품,하당꽃길2가 골목형상점가,골목형상점가,전라남도,,,
ad05e3226fed44b2d990,full_annotation_v1,A,q_문구_05,학용품 파는 곳,생활·마트 중 '문구'를 판매·제공하는 매장,val,문구,T4 구어·문장,a9a4d8ff-fd49-4e57-bdcd-2759ceb79f84,고기파는 청년들,식육즉석판매가공업,당감골목시장,전통시장,부산광역시,,,
0b57553e2d3e058f4852,full_annotation_v1,A,q_문구_05,학용품 파는 곳,생활·마트 중 '문구'를 판매·제공하는 매장,val,문구,T4 구어·문장,5723d922-e55c-46bc-a5b9-846ba2afdf5d,커피파는 집,,거제 성포 골목형상점가,골목형상점가,경상남도,,,
f21fd1a606c8383dc163,full_annotation_v1,A,q_문구_05,학용품 파는 곳,생활·마트 중 '문구'를 판매·제공하는 매장,val,문구,T4 구어·문장,c161453d-f2c8-4b97-a2c3-a54e0cbdb7e8,생활용품 싸게 파는 집,잡화,안성중앙시장,전통시장,경기도,,,
0bab9a17622dddb47267,full_annotation_v1,A,q_문구_05,학용품 파는 곳,생활·마트 중 '문구'를 판매·제공하는 매장,val,문구,T4 구어·문장,613cb73c-9dc3-41ad-ad76-c100dcb33ea0,나비플로라(Na'vi flora),,청당3번가 골목형상점가,골목형상점가,충청남도,,,
1676594edde41aa5429a,full_annotation_v1,A,q_문구_05,학용품 파는 곳,생활·마트 중 '문구'를 판매·제공하는 매장,val,문구,T4 구어·문장,0b931275-49b6-4c6e-bfbc-df6ddb903df8,진남축산유통정육점,축산물,여수진남시장,전통시장,전라남도,,,
d025d17c823fad0b01e7,full_annotation_v1,A,q_문구_05,학용품 파는 곳,생활·마트 중 '문구'를 판매·제공하는 매장,val,문구,T4 구어·문장,c079b863-51ca-413b-b4c2-a648950cb04b,삼화오피스(자운점),문구 음료 사무용가구 전산용품 과학용품 청소용품,자운대 골목형상점가,골목형상점가,대전광역시,,,
ef276ebd6593b31500aa,full_annotation_v1,A,q_문구_05,학용품 파는 곳,생활·마트 중 '문구'를 판매·제공하는 매장,val,문구,T4 구어·문장,24456103-f6b8-46af-8655-82e61d7265d8,커피가 머무르는 곳,커피,반드레길골목형상점가,골목형상점가,서울특별시,,,
594d8d1e68d113311315,full_annotation_v1,A,q_미용_01,미용,뷰티·미용 중 '미용'을 판매·제공하는 매장,train,미용,T1 정확표기,80907ba0-8b90-4e53-82a4-f91185403ece,오떙큐,미용,명지대앞골목형상점가,골목형상점가,서울특별시,,,
4081da8b468385345388,full_annotation_v1,A,q_미용_01,미용,뷰티·미용 중 '미용'을 판매·제공하는 매장,train,미용,T1 정확표기,156783ad-7b36-4b2a-8cd2-32edc40ad8e2,큐사랑,미용,상무운천로상인회 골목형상점가,골목형상점가,광주광역시,,,
637db8a53fbabd4481be,full_annotation_v1,A,q_미용_01,미용,뷰티·미용 중 '미용'을 판매·제공하는 매장,train,미용,T1 정확표기,c190a0e1-40b4-45b3-afda-ffa4e5b521ac,야밋헤어,미용,고잔뜰 상점가,자율상권구역,경기도,,,
09a4413e0bb2412fe062,full_annotation_v1,A,q_미용_01,미용,뷰티·미용 중 '미용'을 판매·제공하는 매장,train,미용,T1 정확표기,744ff148-7eb5-414c-8f76-9b711e5eb737,태후사랑,미용,삼각동 골목형상점가,골목형상점가,광주광역시,,,
ff5bdc18624a493a7386,full_annotation_v1,A,q_미용_01,미용,뷰티·미용 중 '미용'을 판매·제공하는 매장,train,미용,T1 정확표기,252ec54a-8f74-4132-90ec-1bd038837f4b,위요,미용,한들물빛도시 골목형 상점가,골목형상점가,충청남도,,,
31182f09e69079217f46,full_annotation_v1,A,q_미용_01,미용,뷰티·미용 중 '미용'을 판매·제공하는 매장,train,미용,T1 정확표기,0201b598-6498-4087-9afd-b58e70609abf,엠룸,미용,효행구봉담상점가,골목형상점가,경기도,,,
64c0fd1a8c0cd6d65257,full_annotation_v1,A,q_미용_01,미용,뷰티·미용 중 '미용'을 판매·제공하는 매장,train,미용,T1 정확표기,60ff8dfc-295f-48fa-bd52-f24c1fe4f515,수니헤어,미용,강서다온골목형상점가,골목형상점가,충청북도,,,
f2fb7754b30b61ef6757,full_annotation_v1,A,q_미용_01,미용,뷰티·미용 중 '미용'을 판매·제공하는 매장,train,미용,T1 정확표기,0250e284-2897-44e3-b681-da46d2c84cd1,쏘이살롱(SSOISALON)2호점,헤어,빛가람 하나로 골목형상점가,골목형상점가,전라남도,,,
7a90764a7cc65f506148,full_annotation_v1,A,q_미용_01,미용,뷰티·미용 중 '미용'을 판매·제공하는 매장,train,미용,T1 정확표기,00222f52-5d1f-4fb1-b0a6-7b4864ce177f,아리따움서대문연희점,화장품,연희사러가,전통시장,서울특별시,,,
d075540186de5d662294,full_annotation_v1,A,q_미용_01,미용,뷰티·미용 중 '미용'을 판매·제공하는 매장,train,미용,T1 정확표기,750b007d-4c87-44c3-a3c6-a5795e3c6275,러비듀헤어,미용,탕정역 지웰시티몰 3단지 골목형상점가,골목형상점가,충청남도,,,
01682e66827a5503f443,full_annotation_v1,A,q_미용_01,미용,뷰티·미용 중 '미용'을 판매·제공하는 매장,train,미용,T1 정확표기,619e3169-5478-4fa3-a94a-034c9934a72b,미소헤어,미용,장미꽃빛거리 골목형상점가,골목형상점가,서울특별시,,,
e0b5b998a5817ea96b2c,full_annotation_v1,A,q_미용_01,미용,뷰티·미용 중 '미용'을 판매·제공하는 매장,train,미용,T1 정확표기,00138176-f25b-4a96-9761-dd00f1a4dd28,보아스헤어아트,미용,봉제산길골목형상점가,골목형상점가,서울특별시,,,
b1fff61c9d26fd306ac7,full_annotation_v1,A,q_미용_01,미용,뷰티·미용 중 '미용'을 판매·제공하는 매장,train,미용,T1 정확표기,ae412e89-cb18-4622-9e54-ccbc7a2c18ed,또잉네일,미용,효자촌 골목형상점가,골목형상점가,경기도,,,
1d252897abdc3aee5aff,full_annotation_v1,A,q_미용_01,미용,뷰티·미용 중 '미용'을 판매·제공하는 매장,train,미용,T1 정확표기,06a72f19-f5a2-4f66-9d55-d1a3fc56d833,터치헤어,미용,신당오길골목형상점가,골목형상점가,서울특별시,,,
20f6cc67bff386b0a65c,full_annotation_v1,A,q_미용_01,미용,뷰티·미용 중 '미용'을 판매·제공하는 매장,train,미용,T1 정확표기,9dd3eef1-f3e7-46cc-9376-5d215c17345f,컨즈,미용,금호운천로상인회 골목형상점가,골목형상점가,광주광역시,,,
62c62b544ed4e3e1dd3a,full_annotation_v1,A,q_미용_01,미용,뷰티·미용 중 '미용'을 판매·제공하는 매장,train,미용,T1 정확표기,d81e8e2f-b4ca-4070-b925-9c7a1f25010d,e#,미용,수완은빛마을,골목형상점가,광주광역시,,,
79004e62d3a2cd0d106a,full_annotation_v1,A,q_미용_01,미용,뷰티·미용 중 '미용'을 판매·제공하는 매장,train,미용,T1 정확표기,a72c4896-7140-49f1-8cc1-15e98c6cfe98,깐느헤어,머리,자양15번가골목형상점가,골목형상점가,서울특별시,,,
236f8b61cb98a1704887,full_annotation_v1,A,q_미용_01,미용,뷰티·미용 중 '미용'을 판매·제공하는 매장,train,미용,T1 정확표기,bf99b3dd-6477-4237-960d-8822bb663eb2,또와머리방,미용,구월시장,전통시장,인천광역시,,,
1ca71fea718af8c04f56,full_annotation_v1,A,q_미용_01,미용,뷰티·미용 중 '미용'을 판매·제공하는 매장,train,미용,T1 정확표기,5f272034-d6f7-469f-9d1a-901469a890e0,태후사랑,미용,매곡동 골목형상점가,골목형상점가,광주광역시,,,
5a1e75fb99a156a9f2f2,full_annotation_v1,A,q_미용_01,미용,뷰티·미용 중 '미용'을 판매·제공하는 매장,train,미용,T1 정확표기,38a7cfa8-6cca-4ddb-aada-66058b2fe684,한결그리고,미용,은구비서로사회적협동조합 골목형상점가,골목형상점가,대전광역시,,,
f09f149525696d62847a,full_annotation_v1,A,q_미용_01,미용,뷰티·미용 중 '미용'을 판매·제공하는 매장,train,미용,T1 정확표기,c936dbbb-b5b8-4f2f-bb1f-d8e099afa68c,태후사랑,미용,동천동먹자골목1번가상인회 골목형상점가,골목형상점가,광주광역시,,,
7cbfbe76011d61e2a280,full_annotation_v1,A,q_미용_01,미용,뷰티·미용 중 '미용'을 판매·제공하는 매장,train,미용,T1 정확표기,02d44cdc-b600-43fd-880d-cff5e9214c6b,서암이뱔관,이발소,통진시장,전통시장,경기도,,,
73b7c8fb401fbe40765c,full_annotation_v1,A,q_미용_01,미용,뷰티·미용 중 '미용'을 판매·제공하는 매장,train,미용,T1 정확표기,c6a39ad9-bedc-4f20-8320-f83a922a2fc8,살롱드무아르,미용,상주왕산상점가,자율상권구역,경상북도,,,
82281c08c39351868d90,full_annotation_v1,A,q_미용_01,미용,뷰티·미용 중 '미용'을 판매·제공하는 매장,train,미용,T1 정확표기,db282a48-adf5-4a05-a33c-6ed53b01b82c,드벌트,미용,부산대자율상권구역,기타,부산광역시,,,
28f7687be6bda69151d9,full_annotation_v1,A,q_미용_01,미용,뷰티·미용 중 '미용'을 판매·제공하는 매장,train,미용,T1 정확표기,0bf0f3f3-940c-43c3-8fdb-cc7fa8b52524,고운머리,"소매(가발,액세서리,자수용품)",미금현대벤처빌시장,전통시장,경기도,,,
147eae77ba1e9358ab36,full_annotation_v1,A,q_미용_01,미용,뷰티·미용 중 '미용'을 판매·제공하는 매장,train,미용,T1 정확표기,fbbfcbd6-2be4-4084-86ea-fcbd89c44d32,타볼라 디 윤 파스타,음식점,봉산동 골목형상점가,골목형상점가,대전광역시,,,
63ee30a8d55c44be5ef3,full_annotation_v1,A,q_미용_01,미용,뷰티·미용 중 '미용'을 판매·제공하는 매장,train,미용,T1 정확표기,645d02ca-dc79-4337-aead-181d6f652d97,굿모닝헤어짱,미용,밤고개자연시장(내덕자연시장),전통시장,충청북도,,,
b0fde38de7c7fd2230fc,full_annotation_v1,A,q_미용_01,미용,뷰티·미용 중 '미용'을 판매·제공하는 매장,train,미용,T1 정확표기,eb7673df-fed9-409b-a8d6-78b3eaae2efe,수헤어,미용,괴정가장로 골목형상점가,골목형상점가,대전광역시,,,
8b420628f44f27d58326,full_annotation_v1,A,q_미용_01,미용,뷰티·미용 중 '미용'을 판매·제공하는 매장,train,미용,T1 정확표기,01bbc08f-bb91-4aae-a597-a5e183ea0d11,언니네살롱,헤어,송정 다누리 골목형상점가,골목형상점가,광주광역시,,,
1bb0a7a1d47684460d2d,full_annotation_v1,A,q_미용_01,미용,뷰티·미용 중 '미용'을 판매·제공하는 매장,train,미용,T1 정확표기,06261986-3eba-4244-b63f-397460d82f4a,이곳,미용,나주혁신도시 골목형상점가,골목형상점가,전라남도,,,
0d3fb98e1c9924666db0,full_annotation_v1,A,q_미용_01,미용,뷰티·미용 중 '미용'을 판매·제공하는 매장,train,미용,T1 정확표기,362c10f4-6ebf-4e26-9288-d6ab28b1d6be,태후사랑,미용,상무1동아파트상인회 골목형상점가,골목형상점가,광주광역시,,,
ba778e0a2f8827877f0b,full_annotation_v1,A,q_미용_01,미용,뷰티·미용 중 '미용'을 판매·제공하는 매장,train,미용,T1 정확표기,001f80ca-1d03-4781-b117-7eaa52fb24f5,홍미용실,일반미용업,김제중앙시장,전통시장,전북특별자치도,,,
b7eedf412dcc0579fae3,full_annotation_v1,A,q_미용_01,미용,뷰티·미용 중 '미용'을 판매·제공하는 매장,train,미용,T1 정확표기,322d50e3-1cb0-42f0-81eb-e8e17945af5a,작은미용실,미용,남현동예술인마을골목형상점가,골목형상점가,서울특별시,,,
06cf06168007434264d8,full_annotation_v1,A,q_미용_01,미용,뷰티·미용 중 '미용'을 판매·제공하는 매장,train,미용,T1 정확표기,d1196d12-ab0a-41fe-9883-bca6da128ddb,컴포즈커피광주운암산하늘채점,커피디저트,동림1 골목형상점가,골목형상점가,광주광역시,,,
7b6cebaf766039947945,full_annotation_v1,A,q_미용_01,미용,뷰티·미용 중 '미용'을 판매·제공하는 매장,train,미용,T1 정확표기,afef3eaa-d092-49f8-bc10-6b992ad5fbbe,컷플,미용,선유도역골목형상점가,골목형상점가,서울특별시,,,
4900fa75d3b7dc63698b,full_annotation_v1,A,q_미용_01,미용,뷰티·미용 중 '미용'을 판매·제공하는 매장,train,미용,T1 정확표기,1941cb1e-9972-4d39-b816-27ce5a05e653,태후사랑,미용,삼성명가상가 골목형상점가,골목형상점가,대구광역시,,,
9550fd238ddec573d29c,full_annotation_v1,A,q_미용_01,미용,뷰티·미용 중 '미용'을 판매·제공하는 매장,train,미용,T1 정확표기,00ece52b-629f-4e52-abd8-754dd96759c2,슈퍼스타헤어,두발미용,월곡달빛오거리골목형상점가,골목형상점가,서울특별시,,,
62671d82d5514cdc31e7,full_annotation_v1,A,q_미용_01,미용,뷰티·미용 중 '미용'을 판매·제공하는 매장,train,미용,T1 정확표기,442cf767-a47e-4b4b-a06c-9a55c97641c0,드부아네일,"네일아트, 케어",동송전통시장,전통시장,강원특별자치도,,,
fe2dfbc7acb276b43328,full_annotation_v1,A,q_미용_01,미용,뷰티·미용 중 '미용'을 판매·제공하는 매장,train,미용,T1 정확표기,36483d50-693d-4e49-87d3-05903e21f81e,플럭,미용,송도트리플타워골목형상점가,골목형상점가,인천광역시,,,
98c1bcb2f7ecef1c4fbe,full_annotation_v1,A,q_미용_01,미용,뷰티·미용 중 '미용'을 판매·제공하는 매장,train,미용,T1 정확표기,a06c2276-815e-48e4-9ad5-16a64b650768,헤어:디,미용,마동골목형상점가,골목형상점가,전라남도,,,
7b9aa36b712ad5a6fe22,full_annotation_v1,A,q_미용_01,미용,뷰티·미용 중 '미용'을 판매·제공하는 매장,train,미용,T1 정확표기,8cf5f9f2-37f6-40a3-9bf9-a4f2300e7294,꽃샘미용실,미용,순창시장,전통시장,전북특별자치도,,,
c6cc13b1caf85d8cfc9f,full_annotation_v1,A,q_미용_01,미용,뷰티·미용 중 '미용'을 판매·제공하는 매장,train,미용,T1 정확표기,0cdf4d0f-dbb4-403a-a13f-4ff3ff431efb,윤샵,미용,한배미로 골목형상점가,골목형상점가,전북특별자치도,,,
afcd3c9def88940067b3,full_annotation_v1,A,q_미용_01,미용,뷰티·미용 중 '미용'을 판매·제공하는 매장,train,미용,T1 정확표기,d5c62c8f-3006-4235-b2b5-33a04dd41d69,THE예쁘다,미용,대평리시장,전통시장,대구광역시,,,
5fefb0a300de534b516f,full_annotation_v1,A,q_미용_01,미용,뷰티·미용 중 '미용'을 판매·제공하는 매장,train,미용,T1 정확표기,c9e5208c-c135-4225-8f5d-e02e68d3a600,비사채헤어,머리,풍영철길로 골목형상점가,골목형상점가,광주광역시,,,
dd5e639f9dedd60e87ec,full_annotation_v1,A,q_미용_01,미용,뷰티·미용 중 '미용'을 판매·제공하는 매장,train,미용,T1 정확표기,09cd748e-514c-4403-8078-7c923fc22167,그레이스위그,가발,한듬레포츠,골목형상점가,광주광역시,,,
fd9a62d04b39d35c181f,full_annotation_v1,A,q_미용_01,미용,뷰티·미용 중 '미용'을 판매·제공하는 매장,train,미용,T1 정확표기,2bccd97d-735c-4cb2-8b43-78ed9a8cad4e,박승철헤어스투디오범계점,미용,평촌1번가 상점가,자율상권구역,경기도,,,
3534bb41bc49a6723075,full_annotation_v1,A,q_미용_01,미용,뷰티·미용 중 '미용'을 판매·제공하는 매장,train,미용,T1 정확표기,01830c3a-5f7e-4396-9772-38b51bd90dc0,새로나국밥,국밥 족발 머리고기,무등시장,전통시장,광주광역시,,,
d048efaa7ede8c93b36a,full_annotation_v1,A,q_미용_01,미용,뷰티·미용 중 '미용'을 판매·제공하는 매장,train,미용,T1 정확표기,10fc6e99-5703-4d7d-b0ab-2d3fa5614480,스타일포맨,미용,아름동상점가,자율상권구역,세종특별자치시,,,
5ecf092377d04678afc3,full_annotation_v1,A,q_미용_01,미용,뷰티·미용 중 '미용'을 판매·제공하는 매장,train,미용,T1 정확표기,e2cd3693-bde3-47ef-8946-e0cf108b5c07,가휘,미용,조대 정문 골목형상점가,골목형상점가,광주광역시,,,
9e20a8dcf551c87ca31c,full_annotation_v1,A,q_미용_01,미용,뷰티·미용 중 '미용'을 판매·제공하는 매장,train,미용,T1 정확표기,35f8ae04-826b-4c5b-8fdb-c276a74c89f8,김송희헤어샵,미용,증평군 중앙로 골목형상점가,골목형상점가,충청북도,,,
32769dc715511a04beaa,full_annotation_v1,A,q_미용_01,미용,뷰티·미용 중 '미용'을 판매·제공하는 매장,train,미용,T1 정확표기,6456d292-0048-4ef9-a095-172c4e8d116f,파랑새,임가공,봉천달빛길골목형상점가,골목형상점가,서울특별시,,,
7157cd0a70d90be25ad7,full_annotation_v1,A,q_미용_01,미용,뷰티·미용 중 '미용'을 판매·제공하는 매장,train,미용,T1 정확표기,0ab29d5c-0bb4-4443-b0d9-cf5fc5b8d8c4,힐러헤어,미용,행복로골목형상점가,골목형상점가,경기도,,,
cc01a98a70e135cf660a,full_annotation_v1,A,q_미용_01,미용,뷰티·미용 중 '미용'을 판매·제공하는 매장,train,미용,T1 정확표기,4cc81d82-850e-469b-b1c6-a72fb95b1f41,숲헤어,미용,석수본동 골목형상점가,골목형상점가,경기도,,,
40ea256a5069813d73db,full_annotation_v1,A,q_미용_01,미용,뷰티·미용 중 '미용'을 판매·제공하는 매장,train,미용,T1 정확표기,d39613b5-fa17-43b3-a573-24fc731db53b,진,미용,망리단길골목형상점가,골목형상점가,서울특별시,,,
36dcd1c6de3636f61ef3,full_annotation_v1,A,q_미용_01,미용,뷰티·미용 중 '미용'을 판매·제공하는 매장,train,미용,T1 정확표기,b25bed16-c6d0-4f1c-8350-c5031600dfc8,홍네일,미용,해남읍 원도심 상권활성화구역,상권활성화구역,전라남도,,,
691fa067c3d4dda180e2,full_annotation_v1,A,q_미용_01,미용,뷰티·미용 중 '미용'을 판매·제공하는 매장,train,미용,T1 정확표기,b275032a-4a9b-4946-bd5e-d0e8b1d5350c,수헤어,미용,동천동먹자골목1번가상인회 골목형상점가,골목형상점가,광주광역시,,,
99b8ee0d06cbb485a84d,full_annotation_v1,A,q_미용_01,미용,뷰티·미용 중 '미용'을 판매·제공하는 매장,train,미용,T1 정확표기,4f0c3224-2122-4e7a-b366-66f95cc4421d,제이헤어,미용,엄사 골목형상점가,골목형상점가,충청남도,,,
e0d9fc4ca4f9ad088c8d,full_annotation_v1,A,q_미용_01,미용,뷰티·미용 중 '미용'을 판매·제공하는 매장,train,미용,T1 정확표기,36b8584d-87a7-4cbb-a3ce-4c247e3b04ae,미장원,미용,신용 호반 골목형상점가,골목형상점가,광주광역시,,,
030487dfaebcd27d48be,full_annotation_v1,A,q_미용_01,미용,뷰티·미용 중 '미용'을 판매·제공하는 매장,train,미용,T1 정확표기,039ab44d-ff38-41e4-8b48-22a1a8576261,헤어초이스앤두피케어,,도마달 골목형상점가,골목형상점가,대전광역시,,,
55c65cf3c5ada03ff672,full_annotation_v1,A,q_미용_01,미용,뷰티·미용 중 '미용'을 판매·제공하는 매장,train,미용,T1 정확표기,10f94595-db85-4c3f-a3c2-c3e24629ce61,엘메이크업,미용,순천씨내몰상가(구 순천지하상가),일반지하상점가,전라남도,,,
be21aefa327d9d8f1d69,full_annotation_v1,A,q_미용_01,미용,뷰티·미용 중 '미용'을 판매·제공하는 매장,train,미용,T1 정확표기,99b9d70c-6e6a-4179-957b-f03145dde78f,태후사랑,미용,용상공설시장,전통시장,경상북도,,,
be02271084b4e64645eb,full_annotation_v1,A,q_미용_01,미용,뷰티·미용 중 '미용'을 판매·제공하는 매장,train,미용,T1 정확표기,80455a17-60a1-48a7-a572-db002bbc07e9,효니헤어,미용,문지동 골목형상점가,골목형상점가,대전광역시,,,
912b2ad04c85cdfac13b,full_annotation_v1,A,q_미용_01,미용,뷰티·미용 중 '미용'을 판매·제공하는 매장,train,미용,T1 정확표기,cce4360e-57b3-486c-a593-fa8cb4909b78,엘앤제이,미용,문지동 골목형상점가,골목형상점가,대전광역시,,,
1fc2e4b2fd3f158ee1b3,full_annotation_v1,A,q_미용_01,미용,뷰티·미용 중 '미용'을 판매·제공하는 매장,train,미용,T1 정확표기,baf2fee4-0b1d-40aa-829e-ad38fcf4ef35,랑스헤어,미용,BOCA 보카상점가,골목형상점가,경기도,,,
1f15cc1080ea4cbf2cac,full_annotation_v1,A,q_미용_01,미용,뷰티·미용 중 '미용'을 판매·제공하는 매장,train,미용,T1 정확표기,c1ab92ba-4382-45ba-b045-8e6917478120,엘런헤어,미용,신봉하나로 골목형상점가,골목형상점가,경기도,,,
743086a1351d6dc2a9b4,full_annotation_v1,A,q_미용_01,미용,뷰티·미용 중 '미용'을 판매·제공하는 매장,train,미용,T1 정확표기,14056dac-abed-4b0b-a498-b2a70207a512,중앙상회,이불,태안동부시장(구 태안특산물전통시장),전통시장,충청남도,,,
3a9113c7a21d405c6069,full_annotation_v1,A,q_미용_01,미용,뷰티·미용 중 '미용'을 판매·제공하는 매장,train,미용,T1 정확표기,000407f6-6813-4322-a44c-ed6c1a90dafc,하루,두발,첨단동행 골목형상점가,골목형상점가,광주광역시,,,
de49c505b7b4b2a7b6a8,full_annotation_v1,A,q_미용_01,미용,뷰티·미용 중 '미용'을 판매·제공하는 매장,train,미용,T1 정확표기,ec902e54-e97e-4a31-84eb-ca57579a9868,엔제이(NJ),의류,원주중앙로문화의거리,자율상권구역,강원특별자치도,,,
79b358fb51011fbf67d8,full_annotation_v1,A,q_미용_01,미용,뷰티·미용 중 '미용'을 판매·제공하는 매장,train,미용,T1 정확표기,ab39359f-8132-438e-ad03-dd1ce24e39aa,머리사랑,미용,영광터미널 골목형상점가,골목형상점가,전라남도,,,
e4f8303986e7b79ebc88,full_annotation_v1,A,q_미용_01,미용,뷰티·미용 중 '미용'을 판매·제공하는 매장,train,미용,T1 정확표기,0da61065-68ce-4546-9dc8-e5f412be6f56,박샵,미용,흥국상가,자율상권구역,전라남도,,,
5512289e80e6cdd391d3,full_annotation_v1,A,q_미용_01,미용,뷰티·미용 중 '미용'을 판매·제공하는 매장,train,미용,T1 정확표기,d540ff22-9ee7-413b-9074-7ba79ce06439,엠톤헤어,미용,매곡 사랑길 골목형상점가,골목형상점가,광주광역시,,,
e255d877963f9170892a,full_annotation_v1,A,q_미용_01,미용,뷰티·미용 중 '미용'을 판매·제공하는 매장,train,미용,T1 정확표기,00131122-77cf-4772-b141-202f0f950f5c,라라샵,화장품,유성신나는 골목형상점가,골목형상점가,대전광역시,,,
25cc11c17ca41602cd7b,full_annotation_v1,A,q_미용_01,미용,뷰티·미용 중 '미용'을 판매·제공하는 매장,train,미용,T1 정확표기,c829250c-cb98-4612-87ed-acea46954461,꿍네일,미용,과천중앙동상점가,자율상권구역,경기도,,,
46d9997d6ca1344fda4a,full_annotation_v1,A,q_미용_01,미용,뷰티·미용 중 '미용'을 판매·제공하는 매장,train,미용,T1 정확표기,26c2500d-39a5-4df8-863e-fa35745d91b5,미쁜헤어,미용,문창시장,전통시장,대전광역시,,,
3859b18a7f9680f5baa2,full_annotation_v1,A,q_미용_01,미용,뷰티·미용 중 '미용'을 판매·제공하는 매장,train,미용,T1 정확표기,5e0c0df9-0211-4520-9644-768da2ae530e,채은헤어샵,미용,슬로시티창평 골목형상점가,골목형상점가,전라남도,,,
c2bd192198f0da3cfcd0,full_annotation_v1,A,q_미용_01,미용,뷰티·미용 중 '미용'을 판매·제공하는 매장,train,미용,T1 정확표기,7bcac876-71ee-42e3-9848-7bc1fc755ecc,최헤어,미용,강북북부골목시장 골목형상점가,골목형상점가,서울특별시,,,
a4c11b4117b0bfb3dae1,full_annotation_v1,A,q_미용_01,미용,뷰티·미용 중 '미용'을 판매·제공하는 매장,train,미용,T1 정확표기,7b046b7b-242a-4464-a5fb-89c9e6ef6163,엘로퀀스365,미용,부산대젊음의거리 1구역 골목형상점가,골목형상점가,부산광역시,,,
9240720f15ad140f73f6,full_annotation_v1,A,q_미용_01,미용,뷰티·미용 중 '미용'을 판매·제공하는 매장,train,미용,T1 정확표기,61d55af8-01f9-4cc1-8cd4-111aa92ee3d8,제이헤어,미용,김포 풍년마을 골목형상점가,골목형상점가,경기도,,,
8ce5338fefe00a013ac9,full_annotation_v1,A,q_미용_01,미용,뷰티·미용 중 '미용'을 판매·제공하는 매장,train,미용,T1 정확표기,d1414fe2-e15a-4f47-a748-d4eb6eb228d3,안나헤어살롱,미용,고운뜰 골목형상점가,골목형상점가,세종특별자치시,,,
aba3e124bcbcd8b2b482,full_annotation_v1,A,q_미용_01,미용,뷰티·미용 중 '미용'을 판매·제공하는 매장,train,미용,T1 정확표기,000d8836-38bd-43a9-92f2-698d67d5926b,라미헤어스튜디오,미용실,포항중앙상가,전통시장,경상북도,,,
27f73fa455d61731cd21,full_annotation_v1,A,q_미용_01,미용,뷰티·미용 중 '미용'을 판매·제공하는 매장,train,미용,T1 정확표기,a035b9a4-63e3-46e6-b393-f71ceb8e882d,헤어스케치,미용,신평골목시장,전통시장,부산광역시,,,
935e253c6d161560a4b9,full_annotation_v1,A,q_미용_01,미용,뷰티·미용 중 '미용'을 판매·제공하는 매장,train,미용,T1 정확표기,03321569-a189-4dea-8592-49bb6f114163,김송정머리터용인점 봄날애 헤어,헤어,동백역 골목형상점가,골목형상점가,경기도,,,
2b14f3fa031d9ec6b8dd,full_annotation_v1,A,q_미용_01,미용,뷰티·미용 중 '미용'을 판매·제공하는 매장,train,미용,T1 정확표기,f33f025b-4589-47cb-bd39-23aa7d4ebfec,수헤어,미용,팔등로기부거리,골목형상점가,울산광역시,,,
9df1542f2cd46c0d1cc1,full_annotation_v1,A,q_미용_01,미용,뷰티·미용 중 '미용'을 판매·제공하는 매장,train,미용,T1 정확표기,6e29d4fb-b0e9-4d9d-b88a-10e9258fe5c0,헤어#,미용,강동HS 골목형상점가,골목형상점가,울산광역시,,,
b8bfa8f631170d3b54c2,full_annotation_v1,A,q_미용_01,미용,뷰티·미용 중 '미용'을 판매·제공하는 매장,train,미용,T1 정확표기,27557d0d-62f1-423f-ba13-6f44485608de,태후사랑,미용,풍암신암상인회 골목형상점가,골목형상점가,광주광역시,,,
c826bca2c35095696d62,full_annotation_v1,A,q_미용_01,미용,뷰티·미용 중 '미용'을 판매·제공하는 매장,train,미용,T1 정확표기,d2f7b3b3-d07f-4759-aafb-7eb62cb1a24a,태후사랑,미용,학운증심천 골목형상점가,골목형상점가,광주광역시,,,
7d47f706661bed2b9364,full_annotation_v1,A,q_미용_01,미용,뷰티·미용 중 '미용'을 판매·제공하는 매장,train,미용,T1 정확표기,f4ed16cf-5475-4028-a3e5-30957f9cc42f,루온,미용,강북북부골목시장 골목형상점가,골목형상점가,서울특별시,,,
f30a10346969ba7d5854,full_annotation_v1,A,q_미용_01,미용,뷰티·미용 중 '미용'을 판매·제공하는 매장,train,미용,T1 정확표기,ee0987ed-8616-45aa-944d-2734d313f95f,원마트,식품,후평일단지시장,전통시장,강원특별자치도,,,
a7bffebcddfadb941323,full_annotation_v1,A,q_미용_01,미용,뷰티·미용 중 '미용'을 판매·제공하는 매장,train,미용,T1 정확표기,10438442-a66e-4675-9cfa-fdb04e6d8020,스코빌바버샵,이발,전남대후문골목형상점가,골목형상점가,광주광역시,,,
cd7d84c258f1a65fba4b,full_annotation_v1,A,q_미용_01,미용,뷰티·미용 중 '미용'을 판매·제공하는 매장,train,미용,T1 정확표기,82dabea4-73b8-48a6-8975-d64d638b6efd,율헤어,미용,구미 대하상가 골목형상점가,골목형상점가,경상북도,,,
1259bcf2a0cd35d33006,full_annotation_v1,A,q_미용_01,미용,뷰티·미용 중 '미용'을 판매·제공하는 매장,train,미용,T1 정확표기,003cdc8a-95fe-43ea-8350-f4c63913a6f8,정선화장품,화장품,오천시장,전통시장,경상북도,,,
c751210e06fd186b90ae,full_annotation_v1,A,q_미용_01,미용,뷰티·미용 중 '미용'을 판매·제공하는 매장,train,미용,T1 정확표기,00593d82-d6a7-4e33-8e50-1b8ea23e947f,뮤헤어,두발미용업,병점중심상가,자율상권구역,경기도,,,
8186ee95caea311db052,full_annotation_v1,A,q_미용_01,미용,뷰티·미용 중 '미용'을 판매·제공하는 매장,train,미용,T1 정확표기,2b8165a1-3cb0-493f-9be1-581fa73bafac,태후사랑,미용,영주소백쇼핑몰,전통시장,경상북도,,,
704a4f53380b8fda6cfe,full_annotation_v1,A,q_미용_01,미용,뷰티·미용 중 '미용'을 판매·제공하는 매장,train,미용,T1 정확표기,84536662-e126-4129-b264-7806f51e2a01,예쁜아이,아동복,부산역지하도상가,일반지하상점가,부산광역시,,,
5bd79868e026832c4fe6,full_annotation_v1,A,q_미용_01,미용,뷰티·미용 중 '미용'을 판매·제공하는 매장,train,미용,T1 정확표기,66f5e453-2cb4-4e42-ae1a-0a8727888a4d,머리사랑,미용,장미꽃빛거리 골목형상점가,골목형상점가,서울특별시,,,
59e6436091083dab4162,full_annotation_v1,A,q_미용_01,미용,뷰티·미용 중 '미용'을 판매·제공하는 매장,train,미용,T1 정확표기,0135aa1a-95e1-4f0c-a70f-a8a2299e8e96,세종헤어,미용,전북대대학로상점가,자율상권구역,전북특별자치도,,,
dd810bd2e84ad4547beb,full_annotation_v1,A,q_미용_01,미용,뷰티·미용 중 '미용'을 판매·제공하는 매장,train,미용,T1 정확표기,45c0d0c2-d69c-402a-8b28-60acafca34b0,수헤어,미용,첨단2지구 골목형상점가,골목형상점가,광주광역시,,,
eb70e7252fda5d444afd,full_annotation_v1,A,q_미용_01,미용,뷰티·미용 중 '미용'을 판매·제공하는 매장,train,미용,T1 정확표기,ddd1c36b-233f-464d-93f8-ea2763fd96dd,바비헤어샾,펌약제,맛조이상인회 골목형상점가,골목형상점가,광주광역시,,,
8575823468072b6c948d,full_annotation_v1,A,q_미용_01,미용,뷰티·미용 중 '미용'을 판매·제공하는 매장,train,미용,T1 정확표기,0017ec9c-4997-4ef5-a552-7fffc7dd149c,아리따움 진주서부점,화장품,진주 새서부시장,전통시장,경상남도,,,
b221fbd9e96ffa120932,full_annotation_v1,A,q_미용_01,미용,뷰티·미용 중 '미용'을 판매·제공하는 매장,train,미용,T1 정확표기,d2c8caee-53fa-474f-b1e6-413a664eeca3,살롱드머뭄,미용,여주한글시장(여주중앙로상점가),전통시장,경기도,,,
7beafa8b11578606dd2c,full_annotation_v1,A,q_미용_01,미용,뷰티·미용 중 '미용'을 판매·제공하는 매장,train,미용,T1 정확표기,145726a4-10f7-4c77-9fb0-9dada3bf2892,부산어묵,기타음식(어묵),시흥삼미시장,전통시장,경기도,,,
94bba2f9b1082d22e157,full_annotation_v1,A,q_미용_01,미용,뷰티·미용 중 '미용'을 판매·제공하는 매장,train,미용,T1 정확표기,961777f5-611c-4463-b78c-c32082ef4d11,태후사랑,미용,밀양 내일전통시장,전통시장,경상남도,,,
480884fea3184b5e5859,full_annotation_v1,A,q_미용_01,미용,뷰티·미용 중 '미용'을 판매·제공하는 매장,train,미용,T1 정확표기,7d1a6638-ff93-4091-bcfe-112746df0842,얼레빗,미용,퍼스트원 골목형상점가,골목형상점가,세종특별자치시,,,
e8c9149888a41e2a7d49,full_annotation_v1,A,q_미용_01,미용,뷰티·미용 중 '미용'을 판매·제공하는 매장,train,미용,T1 정확표기,62665028-d411-4686-8a64-d5983df91da9,더숨네일,미용,숭실마루길골목형상점가,골목형상점가,서울특별시,,,
f7baef0fde732aef08bb,full_annotation_v1,A,q_미용_01,미용,뷰티·미용 중 '미용'을 판매·제공하는 매장,train,미용,T1 정확표기,0041672f-0704-459b-a485-1502c7de1bef,지모바버샵,이발,쌍리단길상점가,자율상권구역,서울특별시,,,
149a70a1b5ba9a071eac,full_annotation_v1,A,q_미용_01,미용,뷰티·미용 중 '미용'을 판매·제공하는 매장,train,미용,T1 정확표기,d1e85dff-0215-4bd9-9940-b91aac20cc11,라비스타헤어,미용,도램마을 골목형상점가,골목형상점가,세종특별자치시,,,
d19b416acd182091f3a0,full_annotation_v1,A,q_미용_01,미용,뷰티·미용 중 '미용'을 판매·제공하는 매장,train,미용,T1 정확표기,831c4623-d919-4cff-90fd-2a6568f4abff,오클로즈헤어샵,미용,가수원상점가,자율상권구역,대전광역시,,,
18723d04533b9fee6363,full_annotation_v1,A,q_미용_01,미용,뷰티·미용 중 '미용'을 판매·제공하는 매장,train,미용,T1 정확표기,3f72d859-533b-4e2f-90a0-2ca4ed0bd969,여우,여성옷,포항죽도농산물시장,전통시장,경상북도,,,
5d3c359118e268eeabd3,full_annotation_v1,A,q_미용_01,미용,뷰티·미용 중 '미용'을 판매·제공하는 매장,train,미용,T1 정확표기,ea6b46c0-b215-46b8-b17c-756421c6678a,살롱,미용,삼호읍 중앙 골목형상점가,골목형상점가,전라남도,,,
9f9b207592c98aeeafde,full_annotation_v1,A,q_미용_01,미용,뷰티·미용 중 '미용'을 판매·제공하는 매장,train,미용,T1 정확표기,4e1a25ca-7b41-47ed-99e8-2bfc6ba54521,바노두피,두피케어,새롬동 골목형상점가,골목형상점가,세종특별자치시,,,
3aeff44ffc124ad10c9a,full_annotation_v1,A,q_미용_01,미용,뷰티·미용 중 '미용'을 판매·제공하는 매장,train,미용,T1 정확표기,346cf06c-0ba3-4144-a5a7-92715969a5b4,태후사랑,미용,금화상인회 골목형상점가,골목형상점가,광주광역시,,,
fd5ca15ad92ccfe2c142,full_annotation_v1,A,q_미용_01,미용,뷰티·미용 중 '미용'을 판매·제공하는 매장,train,미용,T1 정확표기,49d788a9-1df1-42c4-8692-17a4cae2de5b,어맥헤어,미용,첨단중해 골목형상점가,골목형상점가,광주광역시,,,
823608c5d1f4e87a5b68,full_annotation_v1,A,q_미용_01,미용,뷰티·미용 중 '미용'을 판매·제공하는 매장,train,미용,T1 정확표기,003f331a-de38-4946-a580-57373cb1175d,댕기머리,미용실,주천골목형상점가,골목형상점가,강원특별자치도,,,
13fde6877caaa8a6f660,full_annotation_v1,A,q_미용_01,미용,뷰티·미용 중 '미용'을 판매·제공하는 매장,train,미용,T1 정확표기,02484083-ef42-44cf-903b-18a6f84601de,더휴헤어,"미용, 헤어",창원 덕산1차상가,전통시장,경상남도,,,
b098753deb2f362f43e2,full_annotation_v1,A,q_미용_01,미용,뷰티·미용 중 '미용'을 판매·제공하는 매장,train,미용,T1 정확표기,96a40d27-9ca5-435f-ac04-43e2853e7dcb,태후사랑,미용,묵동도깨비시장골목형상점가,골목형상점가,서울특별시,,,
4bf0dfc5ac0cfc842360,full_annotation_v1,A,q_미용_01,미용,뷰티·미용 중 '미용'을 판매·제공하는 매장,train,미용,T1 정확표기,38684514-9bd0-4b84-88e6-3a7fc4c0c103,코쿤뷰티샵,미용,백년소상공인,기타,강원특별자치도,,,
dda1411e1b5eb9595c29,full_annotation_v1,A,q_미용_01,미용,뷰티·미용 중 '미용'을 판매·제공하는 매장,train,미용,T1 정확표기,9d628c1c-ac5b-4f1f-bff4-426b22ec96c6,태후사랑,미용,금리단길 골목형상점가,골목형상점가,부산광역시,,,
ee6efd9a15e306e90c95,full_annotation_v1,A,q_미용_01,미용,뷰티·미용 중 '미용'을 판매·제공하는 매장,train,미용,T1 정확표기,e46dfd19-ea6a-4024-8791-6310e3d4d84d,맵시미용실,미용,진주 동성상가,전통시장,경상남도,,,
c7b67344a2c535392c4d,full_annotation_v1,A,q_미용_01,미용,뷰티·미용 중 '미용'을 판매·제공하는 매장,train,미용,T1 정확표기,d6ed71dc-29f5-44af-b7b2-7606044f2c16,태후사랑,미용,염주상인회 골목형상점가,골목형상점가,광주광역시,,,
44cbf24f6b7e1842bacd,full_annotation_v1,A,q_미용_01,미용,뷰티·미용 중 '미용'을 판매·제공하는 매장,train,미용,T1 정확표기,1f361493-5bbe-48b1-9639-f750d050cf93,노암이용원,이발,노암길골목형상점가,골목형상점가,강원특별자치도,,,
320b4aa3207ba2f76bc6,full_annotation_v1,A,q_미용_01,미용,뷰티·미용 중 '미용'을 판매·제공하는 매장,train,미용,T1 정확표기,17447586-e7f3-4c50-aa68-6e78488100cc,미화미용실,미용,청주육거리종합시장,전통시장,충청북도,,,
e9eb0608e1c3d7e1d40d,full_annotation_v1,A,q_미용_01,미용,뷰티·미용 중 '미용'을 판매·제공하는 매장,train,미용,T1 정확표기,0009149f-621a-493e-9fd1-252a8ac6c75b,글로리,미용실,중흥동 큰샘길 골목형상점가,골목형상점가,광주광역시,,,
7007af043b069e404195,full_annotation_v1,A,q_미용_01,미용,뷰티·미용 중 '미용'을 판매·제공하는 매장,train,미용,T1 정확표기,00e6cdcf-22e2-4b88-ac0a-5cc0c191e64c,싸모아미용실,미용,홍천시장(홍천구시장),전통시장,강원특별자치도,,,
eb69c645ae78830123ae,full_annotation_v1,A,q_미용_01,미용,뷰티·미용 중 '미용'을 판매·제공하는 매장,train,미용,T1 정확표기,e006a163-bf3a-447c-aeee-2e7f91f81be9,우전축산물전문판매장정육식당,정육,마천중앙시장,전통시장,서울특별시,,,
710c2e731d87ffd60023,full_annotation_v1,A,q_미용_01,미용,뷰티·미용 중 '미용'을 판매·제공하는 매장,train,미용,T1 정확표기,041af343-9a15-41ec-b89d-df94bc14f381,유종숙머리방,,춘천중앙시장,전통시장,강원특별자치도,,,
242b91f14102cd5f5d46,full_annotation_v1,A,q_미용_01,미용,뷰티·미용 중 '미용'을 판매·제공하는 매장,train,미용,T1 정확표기,111d2176-af6d-4214-844a-51453de36f46,주연가발,가발,고투몰(강남터미널지하도상점가),일반지하상점가,서울특별시,,,
0b8287235d4c3a0d5c6b,full_annotation_v1,A,q_미용_01,미용,뷰티·미용 중 '미용'을 판매·제공하는 매장,train,미용,T1 정확표기,7f4d89aa-3317-460f-a0c5-d2e47717a1f4,제이헤어,미용,한배미로 골목형상점가,골목형상점가,전북특별자치도,,,
c77d1530cec4047e7c24,full_annotation_v1,A,q_미용_01,미용,뷰티·미용 중 '미용'을 판매·제공하는 매장,train,미용,T1 정확표기,47ac625a-f2cb-4255-b11c-08b807475529,손현정뷰티&네일,두피케어제품,우산동빛고을 골목형상점가,골목형상점가,광주광역시,,,
3187767740a292051e84,full_annotation_v1,A,q_미용_01,미용,뷰티·미용 중 '미용'을 판매·제공하는 매장,train,미용,T1 정확표기,011291c0-305f-48b7-b50a-635b97da79c0,라라헤어,헤어,한들물빛도시 골목형 상점가,골목형상점가,충청남도,,,
32507f069aa88a03f343,full_annotation_v1,A,q_미용_01,미용,뷰티·미용 중 '미용'을 판매·제공하는 매장,train,미용,T1 정확표기,b62872d8-28a5-42e3-90a7-43a1986d6d7a,이은숙헤어샵,머리,공주산성 활성화구역,전통시장,충청남도,,,
62cd7640b0c532df5fc0,full_annotation_v1,A,q_미용_01,미용,뷰티·미용 중 '미용'을 판매·제공하는 매장,train,미용,T1 정확표기,be3e7379-2fb2-4f97-824d-dabb99b25291,오땡큐,미용,정릉시장,전통시장,서울특별시,,,
a8e62f33d75594f9ab5f,full_annotation_v1,A,q_미용_01,미용,뷰티·미용 중 '미용'을 판매·제공하는 매장,train,미용,T1 정확표기,7fa4c3d0-32cb-424b-afec-016c589e5395,오로라양말,"양말, 속옷, 잡화",김해 장유전통시장,전통시장,경상남도,,,
e98e422af3c02aa69b99,full_annotation_v1,A,q_미용_01,미용,뷰티·미용 중 '미용'을 판매·제공하는 매장,train,미용,T1 정확표기,038c2ca6-a29e-4fb1-91d4-52b8a417f0e2,예쁜머리만들기,,뚝섬로윗길 골목형상점가,골목형상점가,서울특별시,,,
7ff23799ada6654b7512,full_annotation_v1,A,q_미용_01,미용,뷰티·미용 중 '미용'을 판매·제공하는 매장,train,미용,T1 정확표기,0b8fb739-e50e-49bc-8372-dca7eed7d218,머리사랑,미용,월곡달빛오거리골목형상점가,골목형상점가,서울특별시,,,
f0a76cb605dd16db8988,full_annotation_v1,A,q_미용_01,미용,뷰티·미용 중 '미용'을 판매·제공하는 매장,train,미용,T1 정확표기,50d92a0d-6d49-45ef-a0a6-d21bf11f61a4,미장원,미용,진해 군항상권활성화구역,상권활성화구역,경상남도,,,
4240bdb9f38c46db74d9,full_annotation_v1,A,q_미용_01,미용,뷰티·미용 중 '미용'을 판매·제공하는 매장,train,미용,T1 정확표기,c16c7e2a-102a-4ae4-a0a9-2dacdf2849e2,큐사랑,미용,주월1동봉선로 골목형상점가,골목형상점가,광주광역시,,,
2b392e3ca5721d882cdd,full_annotation_v1,A,q_미용_01,미용,뷰티·미용 중 '미용'을 판매·제공하는 매장,train,미용,T1 정확표기,04692495-d9a6-4cb2-a9b6-7b9a73da08cd,태후사랑,미용,메트로프라자,일반지하상점가,대구광역시,,,
6d4b80a200780598df48,full_annotation_v1,A,q_미용_01,미용,뷰티·미용 중 '미용'을 판매·제공하는 매장,train,미용,T1 정확표기,73777934-029d-4380-a099-e948644462b2,일루아헤어스튜디오운암점,머리,운암북문대로 골목형상점가,골목형상점가,광주광역시,,,
352cb571999ff6710331,full_annotation_v1,A,q_미용_01,미용,뷰티·미용 중 '미용'을 판매·제공하는 매장,train,미용,T1 정확표기,b0c1c1df-746c-4767-9771-0bfc5f7ebb8f,호호짱,간이음식,서부시장상점가(서부시장 통합),전통시장,전북특별자치도,,,
f74d4638186ff98bc277,full_annotation_v1,A,q_미용_01,미용,뷰티·미용 중 '미용'을 판매·제공하는 매장,train,미용,T1 정확표기,027b7332-611e-498a-9ef6-1e9e536dbf4a,모모샵,두발 시술,온누리상인회 골목형상점가,골목형상점가,광주광역시,,,
efba9e7da485c2b7b515,full_annotation_v1,A,q_미용_01,미용,뷰티·미용 중 '미용'을 판매·제공하는 매장,train,미용,T1 정확표기,3c8727bd-36c3-44bd-afca-d4059400fd02,더솔,미용,상암마을상인회 골목형상점가,골목형상점가,광주광역시,,,
2d2981d320ff60c58318,full_annotation_v1,A,q_미용_01,미용,뷰티·미용 중 '미용'을 판매·제공하는 매장,train,미용,T1 정확표기,a603b104-5b49-4813-9d58-c15c6b4ff070,댕기머리방,미용,게내공원길 골목형상점가,골목형상점가,서울특별시,,,
ceaf2585f6696b71659a,full_annotation_v1,A,q_미용_01,미용,뷰티·미용 중 '미용'을 판매·제공하는 매장,train,미용,T1 정확표기,f914299b-4e3b-47cb-873a-5de64b60a9fd,예삐헤어,미용,슬로시티창평 골목형상점가,골목형상점가,전라남도,,,
733bad620cc54dbb3604,full_annotation_v1,A,q_미용_01,미용,뷰티·미용 중 '미용'을 판매·제공하는 매장,train,미용,T1 정확표기,3332ba3e-e317-4aa9-88c3-bcefc71b49a4,슈룹헤어,미용,청주시 소나무길 일원 자율상권구역,상권활성화구역,충청북도,,,
0b8d86817151186401e3,full_annotation_v1,A,q_미용_01,미용,뷰티·미용 중 '미용'을 판매·제공하는 매장,train,미용,T1 정확표기,3904ee95-c536-4088-87e8-1a2b65c2d205,태후사랑,미용,샘골로골목형상점가,골목형상점가,경기도,,,
60f683468646d7ed71b2,full_annotation_v1,A,q_미용_01,미용,뷰티·미용 중 '미용'을 판매·제공하는 매장,train,미용,T1 정확표기,df7cafca-7ceb-48c1-a3e0-227ba6caef98,제이헤어,미용,남사한숲 골목형상점가,골목형상점가,경기도,,,
e5a7d8c0469311f70c8c,full_annotation_v1,A,q_미용_01,미용,뷰티·미용 중 '미용'을 판매·제공하는 매장,train,미용,T1 정확표기,0001b1fc-5455-433e-8e94-96d051362b17,유난희헤어샵,미용실,창원 대동그린코아상가,전통시장,경상남도,,,
6c4c3f21227b7dd5fd5b,full_annotation_v1,A,q_미용_01,미용,뷰티·미용 중 '미용'을 판매·제공하는 매장,train,미용,T1 정확표기,9b66f152-b9e8-4ccb-a4ac-1de3574cc725,이에스헤어,미용,현풍백년도깨비시장,전통시장,대구광역시,,,
ad71b650c8b330fcc067,full_annotation_v1,A,q_미용_01,미용,뷰티·미용 중 '미용'을 판매·제공하는 매장,train,미용,T1 정확표기,f3a8e405-9176-4edc-baa1-f8faf8189391,마므레,미용,포항 대이상가 골목형상점가,골목형상점가,경상북도,,,
7db6d1b96270609ebfbd,full_annotation_v1,A,q_미용_01,미용,뷰티·미용 중 '미용'을 판매·제공하는 매장,train,미용,T1 정확표기,064162f2-e3e2-48f7-9ba7-38cefb3c735b,스텔라 가발전문점,,부천역 지하도로 상가,일반지하상점가,경기도,,,
ec36fb1ee3913940785b,full_annotation_v1,A,q_미용_01,미용,뷰티·미용 중 '미용'을 판매·제공하는 매장,train,미용,T1 정확표기,f8e87168-f788-4235-8bcb-9bfa52ebddcf,양반 숯불닭구이,닭고기,화정동 서부시장,전통시장,광주광역시,,,
5fa2a394e0e28adf8875,full_annotation_v1,A,q_미용_01,미용,뷰티·미용 중 '미용'을 판매·제공하는 매장,train,미용,T1 정확표기,1934ca93-c38b-44af-9f91-5ea8ae0972a2,광장이발소,이발소,춘천지하상가,일반지하상점가,강원특별자치도,,,
0f7c638d52f7dd66dc87,full_annotation_v1,A,q_미용_01,미용,뷰티·미용 중 '미용'을 판매·제공하는 매장,train,미용,T1 정확표기,cab2273a-124c-4dc1-b5d1-93432d4ad007,맥핸섬맨,미용,상무1동아파트상인회 골목형상점가,골목형상점가,광주광역시,,,
6f913e2baab2cbf113a5,full_annotation_v1,A,q_미용_01,미용,뷰티·미용 중 '미용'을 판매·제공하는 매장,train,미용,T1 정확표기,30c81083-72c3-48bb-860b-dca492f9a818,헤어비쥬,미용,수완머그로 골목형상점가,골목형상점가,광주광역시,,,
a2207f9159513ce13ca6,full_annotation_v1,A,q_미용_01,미용,뷰티·미용 중 '미용'을 판매·제공하는 매장,train,미용,T1 정확표기,fac0b1e5-0c32-4074-8107-7e39c4f06a73,희헤어,미용,성서용산시장,전통시장,대구광역시,,,
eee97c0a5be87f5b1649,full_annotation_v1,A,q_미용_01,미용,뷰티·미용 중 '미용'을 판매·제공하는 매장,train,미용,T1 정확표기,008c73ed-3ece-452b-aa49-b96b73ff1ba1,온결 스킨앤바디,화장품,가재마을 골목형상점가,골목형상점가,세종특별자치시,,,
967fd680e2c1267d27fa,full_annotation_v1,A,q_미용_01,미용,뷰티·미용 중 '미용'을 판매·제공하는 매장,train,미용,T1 정확표기,cb08deb1-6071-40d9-af7e-bb6ea6992e6e,미뽐헤어,미용,보람동 골목형상점가,골목형상점가,세종특별자치시,,,
0cc48162abf9a2864686,full_annotation_v1,A,q_미용_01,미용,뷰티·미용 중 '미용'을 판매·제공하는 매장,train,미용,T1 정확표기,cc1541f1-14d5-4130-a19d-fa5752e8ca30,주식회사 와이마트동림점,양곡 야채 과일 정육 공산품,동림1 골목형상점가,골목형상점가,광주광역시,,,
fed75fe66919757a20b4,full_annotation_v1,A,q_미용_01,미용,뷰티·미용 중 '미용'을 판매·제공하는 매장,train,미용,T1 정확표기,4d087931-6a38-4dda-8c34-b7ed078ab638,까끼,미용,순헌황귀비길 골목형상점가,골목형상점가,서울특별시,,,
175a8bf92081ec477c8f,full_annotation_v1,A,q_미용_01,미용,뷰티·미용 중 '미용'을 판매·제공하는 매장,train,미용,T1 정확표기,22afdf71-1217-4bb8-838e-23a6534d5d55,VOHAB헤어살롱,머리,신가아름마을,골목형상점가,광주광역시,,,
eb5bafdc3465ff1f886f,full_annotation_v1,A,q_미용_01,미용,뷰티·미용 중 '미용'을 판매·제공하는 매장,train,미용,T1 정확표기,285470c3-9c9b-460f-95bb-5317c00970c0,그웬헤어,미용,약수시장골목형상점가,골목형상점가,서울특별시,,,
bc42941dc20ebe1f4f0c,full_annotation_v1,A,q_미용_01,미용,뷰티·미용 중 '미용'을 판매·제공하는 매장,train,미용,T1 정확표기,bd031685-18bd-40d3-b8ef-4d2e172d028e,베리베리헤어샵,미용,충효상점가,자율상권구역,경상북도,,,
46fe703ffe6bf3f7ef50,full_annotation_v1,A,q_미용_01,미용,뷰티·미용 중 '미용'을 판매·제공하는 매장,train,미용,T1 정확표기,3417ad49-dfd9-44da-b76c-09023311ae21,더미인나라,스킨케어두피케어 제품,호남동 골목형상점가,골목형상점가,광주광역시,,,
da15d7ef3eeafc945bb4,full_annotation_v1,A,q_미용_01,미용,뷰티·미용 중 '미용'을 판매·제공하는 매장,train,미용,T1 정확표기,7cb4ad82-409a-4bd1-9834-1ec9b9e95cbf,부반장Hair,미용,아진상가,골목형상점가,울산광역시,,,
d189293f737e785ae7c0,full_annotation_v1,A,q_미용_01,미용,뷰티·미용 중 '미용'을 판매·제공하는 매장,train,미용,T1 정확표기,c8407376-bb39-4fee-a3cc-b6698ae7eae0,헤어스케치,미용,조원시장,전통시장,경기도,,,
a5c2b81f4f5362041299,full_annotation_v1,A,q_미용_01,미용,뷰티·미용 중 '미용'을 판매·제공하는 매장,train,미용,T1 정확표기,92b48de7-42c0-44f3-bb6c-0d510805277b,스타일헤어샵,미용,익산구시장,전통시장,전북특별자치도,,,
9cf6baf0bd162e245ea6,full_annotation_v1,A,q_미용_01,미용,뷰티·미용 중 '미용'을 판매·제공하는 매장,train,미용,T1 정확표기,eb50f228-c58b-4299-a09a-7ee1d5b0683d,준앤#,미용,아차산등산로골목형상점가,골목형상점가,서울특별시,,,
f6318106796dd809387a,full_annotation_v1,A,q_미용_01,미용,뷰티·미용 중 '미용'을 판매·제공하는 매장,train,미용,T1 정확표기,675e80be-9060-4a22-bbb7-c9d009895064,컷트마을,미용,도램마을 골목형상점가,골목형상점가,세종특별자치시,,,
34e3e12221e9077b2cf1,full_annotation_v1,A,q_미용_01,미용,뷰티·미용 중 '미용'을 판매·제공하는 매장,train,미용,T1 정확표기,0b16f6e3-4830-460c-abd0-0488e3dba823,빅헤어,미용,안동시옥동 골목형상점가,골목형상점가,경상북도,,,
8581649215e2c8f33287,full_annotation_v1,A,q_미용_01,미용,뷰티·미용 중 '미용'을 판매·제공하는 매장,train,미용,T1 정확표기,ce9f9190-e141-42f0-9977-03f35952341a,샐림,샐러드포케샌드위치커피,탄방새마을 골목형상점가,골목형상점가,대전광역시,,,
f98335e9a4b7de59f5d1,full_annotation_v1,A,q_미용_01,미용,뷰티·미용 중 '미용'을 판매·제공하는 매장,train,미용,T1 정확표기,9ca72993-3ffa-4f5f-bd56-8d81d196cc0e,제이헤어,미용,하안주공3단지 골목형상점가,골목형상점가,경기도,,,
f4ad0bf7064f05161f04,full_annotation_v1,A,q_미용_01,미용,뷰티·미용 중 '미용'을 판매·제공하는 매장,train,미용,T1 정확표기,88f37fdf-dbd2-47bd-a829-1d2dc98b1ee9,엘리시아헤어,미용,용해동 포미타운 골목형상점가,골목형상점가,전라남도,,,
e9bebe4a23b8bd61d0af,full_annotation_v1,A,q_미용_01,미용,뷰티·미용 중 '미용'을 판매·제공하는 매장,train,미용,T1 정확표기,c16c65ec-9d0f-494b-a2d5-bae5e009f95f,헤어샵,미용,이동 골목형상점가,골목형상점가,경기도,,,
3615833b310ba600ff78,full_annotation_v1,A,q_미용_01,미용,뷰티·미용 중 '미용'을 판매·제공하는 매장,train,미용,T1 정확표기,6863feea-8c93-4e5a-98c0-5adc3846c35b,요야피,미용,명촌꽃길 골목형상점가,골목형상점가,울산광역시,,,
2c3f9542c555b2170c1e,full_annotation_v1,A,q_미용_01,미용,뷰티·미용 중 '미용'을 판매·제공하는 매장,train,미용,T1 정확표기,872d7d54-5eca-4e43-9813-008d8b2166bd,큐사랑,미용,신용연제 골목형상점가,골목형상점가,광주광역시,,,
77fe3f977ae5294d9c65,full_annotation_v1,A,q_미용_01,미용,뷰티·미용 중 '미용'을 판매·제공하는 매장,train,미용,T1 정확표기,0033e403-2853-4086-a2b3-2ee73a5ac7d4,변필주미용실,서비스(미용실),양동역별빛시장(양동쌍학시장),전통시장,경기도,,,
07b36d692089fd09abb6,full_annotation_v1,A,q_미용_01,미용,뷰티·미용 중 '미용'을 판매·제공하는 매장,train,미용,T1 정확표기,0157acd5-d1fd-46d1-afff-002eb6ffb986,나무헤어살롱,두발미용,죽전로데오상점가,전통시장,경기도,,,
165f9872fd78c26c812f,full_annotation_v1,A,q_미용_01,미용,뷰티·미용 중 '미용'을 판매·제공하는 매장,train,미용,T1 정확표기,0fe29bb1-11f8-4181-b18b-b2eaf065e909,쭈헤어,미용,선산봉황시장(구 선산종합시장),전통시장,경상북도,,,
fb5a733b3dad27a83ae2,full_annotation_v1,A,q_미용_01,미용,뷰티·미용 중 '미용'을 판매·제공하는 매장,train,미용,T1 정확표기,6fa0dbac-ca9e-470e-860d-beee6bf33c2f,리므헤어,미용,효행구봉담상점가,골목형상점가,경기도,,,
cbb12fe767db70f4e566,full_annotation_v1,A,q_미용_01,미용,뷰티·미용 중 '미용'을 판매·제공하는 매장,train,미용,T1 정확표기,cbf1c938-b6bd-4f55-8eaa-1ca1876ff67c,머리사랑,미용,담양중앙 골목형상점가,골목형상점가,전라남도,,,
c17102a38c9839bb407a,full_annotation_v1,A,q_미용_01,미용,뷰티·미용 중 '미용'을 판매·제공하는 매장,train,미용,T1 정확표기,1158398c-1d39-40e8-8785-f6edad4efd75,e쁘네미용실,"커트, 파마, 염색, 가발",월빛 골목형상점가,골목형상점가,광주광역시,,,
91e37538e2c2eee58c65,full_annotation_v1,A,q_미용_01,미용,뷰티·미용 중 '미용'을 판매·제공하는 매장,train,미용,T1 정확표기,038d83ed-3c85-404b-8aa9-222a893da5b3,고기왕김태백고기국물고기반찬,"식육, 가공양념육외 소머리.돼지머리.부산물등",후평일단지시장,전통시장,강원특별자치도,,,
c613682746ee403fcd93,full_annotation_v1,A,q_미용_01,미용,뷰티·미용 중 '미용'을 판매·제공하는 매장,train,미용,T1 정확표기,074ad32b-e2ea-4972-93e1-ea399e745a39,"한돈명가,곤지암할매 소머리국밥 혁신점",,나주혁신도시 골목형상점가,골목형상점가,,,,
ec6e205322ec0f599ea8,full_annotation_v1,A,q_미용_02,두발,뷰티·미용 중 '미용'을 판매·제공하는 매장,train,미용,T2 동의어,b2fb1dc0-13d4-49de-86f2-16f747c1cc6f,가위춤헤어스케치,두발,전남대 상대 골목형상점가,골목형상점가,광주광역시,,,
99ed11c45e83c511769c,full_annotation_v1,A,q_미용_02,두발,뷰티·미용 중 '미용'을 판매·제공하는 매장,train,미용,T2 동의어,df86c501-0dce-4b7d-9101-c40394a1dec7,오빠네,"과일, 채소",인천모래내전통시장,전통시장,인천광역시,,,
334352125c359e72552e,full_annotation_v1,A,q_미용_02,두발,뷰티·미용 중 '미용'을 판매·제공하는 매장,train,미용,T2 동의어,a216cf6a-b3db-4525-aa5d-815dde6c372f,다우데이타,신발,암사종합시장,일반지하상점가,대구광역시,,,
b76a9c9bf18b065af160,full_annotation_v1,A,q_미용_02,두발,뷰티·미용 중 '미용'을 판매·제공하는 매장,train,미용,T2 동의어,a72c4896-7140-49f1-8cc1-15e98c6cfe98,깐느헤어,머리,자양15번가골목형상점가,골목형상점가,서울특별시,,,
0833d41cb615216eb7c6,full_annotation_v1,A,q_미용_02,두발,뷰티·미용 중 '미용'을 판매·제공하는 매장,train,미용,T2 동의어,22afdf71-1217-4bb8-838e-23a6534d5d55,VOHAB헤어살롱,머리,신가아름마을,골목형상점가,광주광역시,,,
1379e0ba240c6d8bccd1,full_annotation_v1,A,q_미용_02,두발,뷰티·미용 중 '미용'을 판매·제공하는 매장,train,미용,T2 동의어,3c8749d2-d9bb-49b4-b241-83caaf234443,더피스헤어,두발,아름드리 골목형상점가,골목형상점가,세종특별자치시,,,
fb9ce99cfe9d9a634b92,full_annotation_v1,A,q_미용_02,두발,뷰티·미용 중 '미용'을 판매·제공하는 매장,train,미용,T2 동의어,55a7cfd3-06b2-4f56-97d1-cf1c52fea73f,미써니헤어아트,두발,진잠 골목형상점가,골목형상점가,대전광역시,,,
ae7378ddc811d59755fa,full_annotation_v1,A,q_미용_02,두발,뷰티·미용 중 '미용'을 판매·제공하는 매장,train,미용,T2 동의어,8da2a53d-0030-46f5-a9fa-a75ee40e472b,행복한 농장,"설탕, 사료",창원 성원그랜드쇼핑상가,전통시장,경상남도,,,
cc8f35292ce79b6db942,full_annotation_v1,A,q_미용_02,두발,뷰티·미용 중 '미용'을 판매·제공하는 매장,train,미용,T2 동의어,2e831602-8c91-4de6-94ea-849d36d5e559,한올헤어,두발,전남대 상대 골목형상점가,골목형상점가,광주광역시,,,
ec2490e4380427bd3aa7,full_annotation_v1,A,q_미용_02,두발,뷰티·미용 중 '미용'을 판매·제공하는 매장,train,미용,T2 동의어,cd7e7798-128d-40bd-98c2-534170a3a77a,투문헤어,두발 미용,능동상가,자율상권구역,경기도,,,
eae4570539ad90923a09,full_annotation_v1,A,q_미용_02,두발,뷰티·미용 중 '미용'을 판매·제공하는 매장,train,미용,T2 동의어,000d8836-38bd-43a9-92f2-698d67d5926b,라미헤어스튜디오,미용실,포항중앙상가,전통시장,경상북도,,,
b580ae726e7b0cd80b50,full_annotation_v1,A,q_미용_02,두발,뷰티·미용 중 '미용'을 판매·제공하는 매장,train,미용,T2 동의어,5dd880b1-696e-4e38-9443-d8db1982bc22,착한족발,족발,김포 사우먹자골목형상점가,골목형상점가,경기도,,,
b1012e5d6abe1300d7db,full_annotation_v1,A,q_미용_02,두발,뷰티·미용 중 '미용'을 판매·제공하는 매장,train,미용,T2 동의어,03321569-a189-4dea-8592-49bb6f114163,김송정머리터용인점 봄날애 헤어,헤어,동백역 골목형상점가,골목형상점가,경기도,,,
d3881c018143ddd921e0,full_annotation_v1,A,q_미용_02,두발,뷰티·미용 중 '미용'을 판매·제공하는 매장,train,미용,T2 동의어,00593d82-d6a7-4e33-8e50-1b8ea23e947f,뮤헤어,두발미용업,병점중심상가,자율상권구역,경기도,,,
8120a63cb7063358f3d6,full_annotation_v1,A,q_미용_02,두발,뷰티·미용 중 '미용'을 판매·제공하는 매장,train,미용,T2 동의어,07c42017-5b6e-43de-b898-f55a029e9cc4,헤어존신비,두발,한울상인회 골목형상점가,골목형상점가,광주광역시,,,
1fc1a4ebe3eadf7c9490,full_annotation_v1,A,q_미용_02,두발,뷰티·미용 중 '미용'을 판매·제공하는 매장,train,미용,T2 동의어,b62872d8-28a5-42e3-90a7-43a1986d6d7a,이은숙헤어샵,머리,공주산성 활성화구역,전통시장,충청남도,,,
ed5293fb5006f42edc27,full_annotation_v1,A,q_미용_02,두발,뷰티·미용 중 '미용'을 판매·제공하는 매장,train,미용,T2 동의어,2b8c8f0a-eee7-487c-8407-da496d4a8025,제기축산물공판장,축산물,경동시장,전통시장,서울특별시,,,
9f1f4b76fe96e0a352c0,full_annotation_v1,A,q_미용_02,두발,뷰티·미용 중 '미용'을 판매·제공하는 매장,train,미용,T2 동의어,00131122-77cf-4772-b141-202f0f950f5c,라라샵,화장품,유성신나는 골목형상점가,골목형상점가,대전광역시,,,
e2c93535e45aaa7cdb8b,full_annotation_v1,A,q_미용_02,두발,뷰티·미용 중 '미용'을 판매·제공하는 매장,train,미용,T2 동의어,e6314d4a-d954-48eb-b17a-3a06f04622e7,제일상회,채소,대구청과시장,전통시장,대구광역시,,,
c8c957fb27ddadc61039,full_annotation_v1,A,q_미용_02,두발,뷰티·미용 중 '미용'을 판매·제공하는 매장,train,미용,T2 동의어,027b7332-611e-498a-9ef6-1e9e536dbf4a,모모샵,두발 시술,온누리상인회 골목형상점가,골목형상점가,광주광역시,,,
22c755e17c0c77946255,full_annotation_v1,A,q_미용_02,두발,뷰티·미용 중 '미용'을 판매·제공하는 매장,train,미용,T2 동의어,2c872073-1731-48aa-8161-a10ccde05bca,리머헤어,두발 미용,광교상현역 온누리 골목형상점가,골목형상점가,경기도,,,
e6082c67629a4e72725a,full_annotation_v1,A,q_미용_02,두발,뷰티·미용 중 '미용'을 판매·제공하는 매장,train,미용,T2 동의어,b2b4fc55-c66b-4fda-aab6-0b26540ca8d2,스타일,두발,문흥라인아파트 골목형상점가,골목형상점가,광주광역시,,,
fa2ad0ef976b2e22d001,full_annotation_v1,A,q_미용_02,두발,뷰티·미용 중 '미용'을 판매·제공하는 매장,train,미용,T2 동의어,ceacd20f-bc2b-44c2-af65-400df98d7997,아케인헤어,두발,봉명동우산거리 골목형상점가,골목형상점가,대전광역시,,,
d55c1a915224f5efd052,full_annotation_v1,A,q_미용_02,두발,뷰티·미용 중 '미용'을 판매·제공하는 매장,train,미용,T2 동의어,038c2ca6-a29e-4fb1-91d4-52b8a417f0e2,예쁜머리만들기,,뚝섬로윗길 골목형상점가,골목형상점가,서울특별시,,,
05a30dded786936c1396,full_annotation_v1,A,q_미용_02,두발,뷰티·미용 중 '미용'을 판매·제공하는 매장,train,미용,T2 동의어,11bac249-9f3d-4a40-93c1-18a94c811a48,행복헤어,두발,오치 쌍굴 골목형상점가,골목형상점가,광주광역시,,,
c4bd3ed6426e3f7cdae7,full_annotation_v1,A,q_미용_02,두발,뷰티·미용 중 '미용'을 판매·제공하는 매장,train,미용,T2 동의어,659394c1-78cb-43ee-b3cd-ffb4f3c7e81e,봄,두발,염주먹자골목A구역상인회 골목형상점가,골목형상점가,광주광역시,,,
65f80399848544c10290,full_annotation_v1,A,q_미용_02,두발,뷰티·미용 중 '미용'을 판매·제공하는 매장,train,미용,T2 동의어,3426e44e-d20d-4192-b106-74182472b1a7,대운미용실,두발,공주산성시장,전통시장,충청남도,,,
210a28f357c16fd69018,full_annotation_v1,A,q_미용_02,두발,뷰티·미용 중 '미용'을 판매·제공하는 매장,train,미용,T2 동의어,52074ec1-0c68-4a1b-baf0-e29a1e9639a3,주영헤어아트,두발,두암2동면앙로 골목형상점가,골목형상점가,광주광역시,,,
14153206761c82a8f3a8,full_annotation_v1,A,q_미용_02,두발,뷰티·미용 중 '미용'을 판매·제공하는 매장,train,미용,T2 동의어,4c86a439-82a9-4739-8579-26488a065ddb,그미헤어샵,두발,두암2동광신맨션주변 골목형상점가,골목형상점가,광주광역시,,,
0cae03220c2140b0c244,full_annotation_v1,A,q_미용_02,두발,뷰티·미용 중 '미용'을 판매·제공하는 매장,train,미용,T2 동의어,a7f2aff6-a0f4-4a07-86e8-9758577e8676,글리슨 헤어,두발 미용,오치2동 골목형상점가,골목형상점가,광주광역시,,,
41da28ad14a5213f3014,full_annotation_v1,A,q_미용_02,두발,뷰티·미용 중 '미용'을 판매·제공하는 매장,train,미용,T2 동의어,d32c352e-3f6f-497b-9a49-d89ea1cb5d33,전주한옥데미샘1937,한옥체험업 전자상거래업,전주한옥마을 골목형상점가,골목형상점가,전북특별자치도,,,
f1aaf263df4841860836,full_annotation_v1,A,q_미용_02,두발,뷰티·미용 중 '미용'을 판매·제공하는 매장,train,미용,T2 동의어,09cd748e-514c-4403-8078-7c923fc22167,그레이스위그,가발,한듬레포츠,골목형상점가,광주광역시,,,
94d1ce11f9dc6c1e1e5f,full_annotation_v1,A,q_미용_02,두발,뷰티·미용 중 '미용'을 판매·제공하는 매장,train,미용,T2 동의어,ff1f1447-40c7-4509-aecd-44660dc75799,헤어켈리,두발 먀용,임방울대로 골목형상점가,골목형상점가,광주광역시,,,
2c4964435ae1a5d86e6b,full_annotation_v1,A,q_미용_02,두발,뷰티·미용 중 '미용'을 판매·제공하는 매장,train,미용,T2 동의어,47ac625a-f2cb-4255-b11c-08b807475529,손현정뷰티&네일,두피케어제품,우산동빛고을 골목형상점가,골목형상점가,광주광역시,,,
865c9edf4d7c47920e82,full_annotation_v1,A,q_미용_02,두발,뷰티·미용 중 '미용'을 판매·제공하는 매장,train,미용,T2 동의어,011291c0-305f-48b7-b50a-635b97da79c0,라라헤어,헤어,한들물빛도시 골목형 상점가,골목형상점가,충청남도,,,
e5f0fc80864cf3133934,full_annotation_v1,A,q_미용_02,두발,뷰티·미용 중 '미용'을 판매·제공하는 매장,train,미용,T2 동의어,94daaefc-391e-4aba-870c-6d4ae93709bd,J헤어,두발,배방월천 골목형상점가,골목형상점가,충청남도,,,
ac8324330e3f4741b7df,full_annotation_v1,A,q_미용_02,두발,뷰티·미용 중 '미용'을 판매·제공하는 매장,train,미용,T2 동의어,0250e284-2897-44e3-b681-da46d2c84cd1,쏘이살롱(SSOISALON)2호점,헤어,빛가람 하나로 골목형상점가,골목형상점가,전라남도,,,
f462625f3fde27f91b2e,full_annotation_v1,A,q_미용_02,두발,뷰티·미용 중 '미용'을 판매·제공하는 매장,train,미용,T2 동의어,001f80ca-1d03-4781-b117-7eaa52fb24f5,홍미용실,일반미용업,김제중앙시장,전통시장,전북특별자치도,,,
614410a39ae06b794a8b,full_annotation_v1,A,q_미용_02,두발,뷰티·미용 중 '미용'을 판매·제공하는 매장,train,미용,T2 동의어,6f0938a7-77de-4496-a357-ea63d67a7aaf,머리못하는집,두발,신봉하나로 골목형상점가,골목형상점가,경기도,,,
538371f57144a825d28f,full_annotation_v1,A,q_미용_02,두발,뷰티·미용 중 '미용'을 판매·제공하는 매장,train,미용,T2 동의어,038d83ed-3c85-404b-8aa9-222a893da5b3,고기왕김태백고기국물고기반찬,"식육, 가공양념육외 소머리.돼지머리.부산물등",후평일단지시장,전통시장,강원특별자치도,,,
92efcf609cc08b6eb57f,full_annotation_v1,A,q_미용_02,두발,뷰티·미용 중 '미용'을 판매·제공하는 매장,train,미용,T2 동의어,49340a0b-ce22-4f98-b6de-2c0fdbd9b348,미앤헤어,두발,매봉 골목형상점가,골목형상점가,광주광역시,,,
7e5d2882d79f94c10374,full_annotation_v1,A,q_미용_02,두발,뷰티·미용 중 '미용'을 판매·제공하는 매장,train,미용,T2 동의어,4e1a25ca-7b41-47ed-99e8-2bfc6ba54521,바노두피,두피케어,새롬동 골목형상점가,골목형상점가,세종특별자치시,,,
7bf8ab47a04d238fec9d,full_annotation_v1,A,q_미용_02,두발,뷰티·미용 중 '미용'을 판매·제공하는 매장,train,미용,T2 동의어,00222f52-5d1f-4fb1-b0a6-7b4864ce177f,아리따움서대문연희점,화장품,연희사러가,전통시장,서울특별시,,,
6f23d71912e8c32a2324,full_annotation_v1,A,q_미용_02,두발,뷰티·미용 중 '미용'을 판매·제공하는 매장,train,미용,T2 동의어,000407f6-6813-4322-a44c-ed6c1a90dafc,하루,두발,첨단동행 골목형상점가,골목형상점가,광주광역시,,,
2052eb319b28adfadc57,full_annotation_v1,A,q_미용_02,두발,뷰티·미용 중 '미용'을 판매·제공하는 매장,train,미용,T2 동의어,a1fdf59a-3655-4ddc-a616-f053da13deee,여기로 스타약국,의약품 및 의료용품,목행시장,전통시장,충청북도,,,
df3f2d924d9fcf3afa1c,full_annotation_v1,A,q_미용_02,두발,뷰티·미용 중 '미용'을 판매·제공하는 매장,train,미용,T2 동의어,6d8b186f-472d-407e-9d28-323e9237b5b4,이플,음식점,창원 반송시장,전통시장,경상남도,,,
cfe182f44dd86685aea3,full_annotation_v1,A,q_미용_02,두발,뷰티·미용 중 '미용'을 판매·제공하는 매장,train,미용,T2 동의어,8f8c0d3f-99e1-4179-8403-41e5a09a5c7f,이지스터디카페 영통구청점,독서실,매탄중심상가 골목형상점가,골목형상점가,경기도,,,
327ae6e243c2506498f5,full_annotation_v1,A,q_미용_02,두발,뷰티·미용 중 '미용'을 판매·제공하는 매장,train,미용,T2 동의어,3417ad49-dfd9-44da-b76c-09023311ae21,더미인나라,스킨케어두피케어 제품,호남동 골목형상점가,골목형상점가,광주광역시,,,
113775f43966499827a1,full_annotation_v1,A,q_미용_02,두발,뷰티·미용 중 '미용'을 판매·제공하는 매장,train,미용,T2 동의어,003f331a-de38-4946-a580-57373cb1175d,댕기머리,미용실,주천골목형상점가,골목형상점가,강원특별자치도,,,
2547bdc8fa94406de3ef,full_annotation_v1,A,q_미용_02,두발,뷰티·미용 중 '미용'을 판매·제공하는 매장,train,미용,T2 동의어,0041672f-0704-459b-a485-1502c7de1bef,지모바버샵,이발,쌍리단길상점가,자율상권구역,서울특별시,,,
116314567b13adab01fe,full_annotation_v1,A,q_미용_02,두발,뷰티·미용 중 '미용'을 판매·제공하는 매장,train,미용,T2 동의어,0017ec9c-4997-4ef5-a552-7fffc7dd149c,아리따움 진주서부점,화장품,진주 새서부시장,전통시장,경상남도,,,
c41cea7660299e704bf8,full_annotation_v1,A,q_미용_02,두발,뷰티·미용 중 '미용'을 판매·제공하는 매장,train,미용,T2 동의어,bec131c3-bb5f-480f-ae10-98cec45f634b,가위사랑,두발,두암2동광신맨션주변 골목형상점가,골목형상점가,광주광역시,,,
d8c6b884b585370e64fa,full_annotation_v1,A,q_미용_02,두발,뷰티·미용 중 '미용'을 판매·제공하는 매장,train,미용,T2 동의어,00138176-f25b-4a96-9761-dd00f1a4dd28,보아스헤어아트,미용,봉제산길골목형상점가,골목형상점가,서울특별시,,,
59077cb9e77ea44a3ab7,full_annotation_v1,A,q_미용_02,두발,뷰티·미용 중 '미용'을 판매·제공하는 매장,train,미용,T2 동의어,06eb5e1d-7ed1-45e7-a4d1-1781ed835bcd,쓰담헤어,두발,제니스 골목형상점가,골목형상점가,광주광역시,,,
4d594d333a3cafcd370c,full_annotation_v1,A,q_미용_02,두발,뷰티·미용 중 '미용'을 판매·제공하는 매장,train,미용,T2 동의어,b24c398c-c914-43fe-92af-e672bac34ea1,현미용실,두발,공주산성시장,전통시장,충청남도,,,
9578f033bbd0c426bc70,full_annotation_v1,A,q_미용_02,두발,뷰티·미용 중 '미용'을 판매·제공하는 매장,train,미용,T2 동의어,4c4997c9-18c1-4025-9eda-b0fb5179e6b9,신머리방,두발,공주산성시장,전통시장,충청남도,,,
3d998b04dac49b2e5ce6,full_annotation_v1,A,q_미용_02,두발,뷰티·미용 중 '미용'을 판매·제공하는 매장,train,미용,T2 동의어,01bbc08f-bb91-4aae-a597-a5e183ea0d11,언니네살롱,헤어,송정 다누리 골목형상점가,골목형상점가,광주광역시,,,
b78e2be1151cd4159baf,full_annotation_v1,A,q_미용_02,두발,뷰티·미용 중 '미용'을 판매·제공하는 매장,train,미용,T2 동의어,0e7911d7-144d-4cbe-b781-46091c2c1e1f,요기서헤어,두발,송강동 골목형상점가,골목형상점가,대전광역시,,,
19bf4cd63052d3677c3c,full_annotation_v1,A,q_미용_02,두발,뷰티·미용 중 '미용'을 판매·제공하는 매장,train,미용,T2 동의어,003cdc8a-95fe-43ea-8350-f4c63913a6f8,정선화장품,화장품,오천시장,전통시장,경상북도,,,
67d88aee77aee2978e36,full_annotation_v1,A,q_미용_02,두발,뷰티·미용 중 '미용'을 판매·제공하는 매장,train,미용,T2 동의어,008c73ed-3ece-452b-aa49-b96b73ff1ba1,온결 스킨앤바디,화장품,가재마을 골목형상점가,골목형상점가,세종특별자치시,,,
497edd84a9053445065c,full_annotation_v1,A,q_미용_02,두발,뷰티·미용 중 '미용'을 판매·제공하는 매장,train,미용,T2 동의어,0033e403-2853-4086-a2b3-2ee73a5ac7d4,변필주미용실,서비스(미용실),양동역별빛시장(양동쌍학시장),전통시장,경기도,,,
7c8a2b64986b5c46f269,full_annotation_v1,A,q_미용_02,두발,뷰티·미용 중 '미용'을 판매·제공하는 매장,train,미용,T2 동의어,f900bc4a-f2ad-4014-a69c-d817a4d38e8b,로이미장,두발 미용,도룡상인회 골목형상점가,골목형상점가,대전광역시,,,
b4d96fb17c522863064d,full_annotation_v1,A,q_미용_02,두발,뷰티·미용 중 '미용'을 판매·제공하는 매장,train,미용,T2 동의어,33f378f2-b127-4d4c-8c77-343c61f257ce,지나헤어,두발,금부로상인회 골목형상점가,골목형상점가,광주광역시,,,
94940ab1f0d0bb6eb6f5,full_annotation_v1,A,q_미용_02,두발,뷰티·미용 중 '미용'을 판매·제공하는 매장,train,미용,T2 동의어,1f361493-5bbe-48b1-9639-f750d050cf93,노암이용원,이발,노암길골목형상점가,골목형상점가,강원특별자치도,,,
a3c3b93de057bab77444,full_annotation_v1,A,q_미용_02,두발,뷰티·미용 중 '미용'을 판매·제공하는 매장,train,미용,T2 동의어,3707e865-f843-4539-91a6-b4c88d604f5e,모위헤어스튜디오,두발,운천상무시장 골목형상점가,골목형상점가,광주광역시,,,
bd7b5321c46accbf01b7,full_annotation_v1,A,q_미용_02,두발,뷰티·미용 중 '미용'을 판매·제공하는 매장,train,미용,T2 동의어,85fcc12e-1353-4af4-8466-0d1a23f9ee91,두리미용실,두발,신안교 골목형상점가,골목형상점가,광주광역시,,,
f32f128fb06239fb55d8,full_annotation_v1,A,q_미용_02,두발,뷰티·미용 중 '미용'을 판매·제공하는 매장,train,미용,T2 동의어,442cf767-a47e-4b4b-a06c-9a55c97641c0,드부아네일,"네일아트, 케어",동송전통시장,전통시장,강원특별자치도,,,
1d35175227ac35ed9ed6,full_annotation_v1,A,q_미용_02,두발,뷰티·미용 중 '미용'을 판매·제공하는 매장,train,미용,T2 동의어,d9df359b-0e5d-4244-a7b7-713c29a5ad54,축산물공판장,식육,복대가경시장,전통시장,충청북도,,,
8379a52f91484154fc91,full_annotation_v1,A,q_미용_02,두발,뷰티·미용 중 '미용'을 판매·제공하는 매장,train,미용,T2 동의어,10438442-a66e-4675-9cfa-fdb04e6d8020,스코빌바버샵,이발,전남대후문골목형상점가,골목형상점가,광주광역시,,,
8b874a2c04517d0a86f7,full_annotation_v1,A,q_미용_02,두발,뷰티·미용 중 '미용'을 판매·제공하는 매장,train,미용,T2 동의어,074ad32b-e2ea-4972-93e1-ea399e745a39,"한돈명가,곤지암할매 소머리국밥 혁신점",,나주혁신도시 골목형상점가,골목형상점가,,,,
dc9cfaa1bda0715d012a,full_annotation_v1,A,q_미용_02,두발,뷰티·미용 중 '미용'을 판매·제공하는 매장,train,미용,T2 동의어,7da12e87-f2a7-4bd5-88aa-d3b471090bd5,혜연헤어샵,두발,신안교 골목형상점가,골목형상점가,광주광역시,,,
45a0087b89978de3b95b,full_annotation_v1,A,q_미용_02,두발,뷰티·미용 중 '미용'을 판매·제공하는 매장,train,미용,T2 동의어,5ad114a1-616e-47eb-aebb-98dac2a16f24,두발두발,신발,오산오색시장(구 오산중앙시장),전통시장,경기도,,,
8bb2335b6d8b9de30740,full_annotation_v1,A,q_미용_02,두발,뷰티·미용 중 '미용'을 판매·제공하는 매장,train,미용,T2 동의어,2056dfe1-af3b-499f-9175-389166927358,신사양반,두발,갈마프라자 골목형상점가,골목형상점가,대전광역시,,,
4f9fad2af6cf47e78b8b,full_annotation_v1,A,q_미용_02,두발,뷰티·미용 중 '미용'을 판매·제공하는 매장,train,미용,T2 동의어,09dab385-1f8a-4985-b90c-418baa997694,제이살롱,두발,참샘상인회 골목형상점가,골목형상점가,광주광역시,,,
0fefca9723cb6e9dbaaf,full_annotation_v1,A,q_미용_02,두발,뷰티·미용 중 '미용'을 판매·제공하는 매장,train,미용,T2 동의어,f8fa2f20-3ebf-4b5e-bb9a-cfcc0ebd473e,넛지 (수완),두발 미용,수완머그로 골목형상점가,골목형상점가,광주광역시,,,
195f1d8adb00aa41fa2f,full_annotation_v1,A,q_미용_02,두발,뷰티·미용 중 '미용'을 판매·제공하는 매장,train,미용,T2 동의어,d2cf9008-44c1-4fba-9a05-e7fa4dd35081,이화미용실,두발,공주산성시장,전통시장,충청남도,,,
600436119a8afdaef541,full_annotation_v1,A,q_미용_02,두발,뷰티·미용 중 '미용'을 판매·제공하는 매장,train,미용,T2 동의어,00ece52b-629f-4e52-abd8-754dd96759c2,슈퍼스타헤어,두발미용,월곡달빛오거리골목형상점가,골목형상점가,서울특별시,,,
07712d466e1a8c4637d0,full_annotation_v1,A,q_미용_02,두발,뷰티·미용 중 '미용'을 판매·제공하는 매장,train,미용,T2 동의어,0001b1fc-5455-433e-8e94-96d051362b17,유난희헤어샵,미용실,창원 대동그린코아상가,전통시장,경상남도,,,
3042e14440e57846af47,full_annotation_v1,A,q_미용_02,두발,뷰티·미용 중 '미용'을 판매·제공하는 매장,train,미용,T2 동의어,0157acd5-d1fd-46d1-afff-002eb6ffb986,나무헤어살롱,두발미용,죽전로데오상점가,전통시장,경기도,,,
1cc6e48b6d93db7c950b,full_annotation_v1,A,q_미용_02,두발,뷰티·미용 중 '미용'을 판매·제공하는 매장,train,미용,T2 동의어,2c573744-c77e-49a1-ad3c-2c70743c0fb1,아뜨레헤어,두발,두암사거리 골목형상점가,골목형상점가,광주광역시,,,
8b2bc41474f53bedc313,full_annotation_v1,A,q_미용_02,두발,뷰티·미용 중 '미용'을 판매·제공하는 매장,train,미용,T2 동의어,d3e28ea4-37c1-40ac-b9aa-a406167ea5dc,곱슬머리,두발,지산휴먼시아인근 골목형상점가,골목형상점가,광주광역시,,,
36a0c63b74e6862839bc,full_annotation_v1,A,q_미용_02,두발,뷰티·미용 중 '미용'을 판매·제공하는 매장,train,미용,T2 동의어,29f5a017-3bcb-4435-8d84-c3dbb22cb088,헤어쁨,두발 미용업,경산중앙로상점가,자율상권구역,경상북도,,,
5bf309d3aa177335518f,full_annotation_v1,A,q_미용_02,두발,뷰티·미용 중 '미용'을 판매·제공하는 매장,train,미용,T2 동의어,f64b2293-949b-480b-8919-a9ac6685fa07,유어에스테틱,피부관리 바디관리,충주관아골상가,전통시장,충청북도,,,
f654264fa0027b1b07cf,full_annotation_v1,A,q_미용_02,두발,뷰티·미용 중 '미용'을 판매·제공하는 매장,train,미용,T2 동의어,3201ee14-d7cc-4398-8a94-5b8760bd00f6,김승희헤어클리닉,두발,두암2동광신맨션주변 골목형상점가,골목형상점가,광주광역시,,,
66a1863a6c9378f819d3,full_annotation_v1,A,q_미용_02,두발,뷰티·미용 중 '미용'을 판매·제공하는 매장,train,미용,T2 동의어,02d44cdc-b600-43fd-880d-cff5e9214c6b,서암이뱔관,이발소,통진시장,전통시장,경기도,,,
0b05c94581624c57c1b4,full_annotation_v1,A,q_미용_02,두발,뷰티·미용 중 '미용'을 판매·제공하는 매장,train,미용,T2 동의어,128bfd1a-fe83-47c4-ab5f-6c7b367c6115,호아,두발,반드레길골목형상점가,골목형상점가,서울특별시,,,
c6ef658c1034cfc60b54,full_annotation_v1,A,q_미용_02,두발,뷰티·미용 중 '미용'을 판매·제공하는 매장,train,미용,T2 동의어,73777934-029d-4380-a099-e948644462b2,일루아헤어스튜디오운암점,머리,운암북문대로 골목형상점가,골목형상점가,광주광역시,,,
32b6642a8290ee28dd17,full_annotation_v1,A,q_미용_02,두발,뷰티·미용 중 '미용'을 판매·제공하는 매장,train,미용,T2 동의어,f873a265-ac11-490f-ad5e-33284608f905,선진미용실,두발,공주산성시장,전통시장,충청남도,,,
dafcf91f16c2049a2adf,full_annotation_v1,A,q_미용_02,두발,뷰티·미용 중 '미용'을 판매·제공하는 매장,train,미용,T2 동의어,041af343-9a15-41ec-b89d-df94bc14f381,유종숙머리방,,춘천중앙시장,전통시장,강원특별자치도,,,
e21dae262e860fb9f32f,full_annotation_v1,A,q_미용_02,두발,뷰티·미용 중 '미용'을 판매·제공하는 매장,train,미용,T2 동의어,e57dbbea-1f3b-4e4c-8f48-a6785df57b0f,SY헤어,두발,참샘상인회 골목형상점가,골목형상점가,광주광역시,,,
3aea36fbea6b983ed39d,full_annotation_v1,A,q_미용_02,두발,뷰티·미용 중 '미용'을 판매·제공하는 매장,train,미용,T2 동의어,89a383ce-f897-4523-98f1-72d0a683735c,벨라샵,두발 미용,염주B상인회 골목형상점가,골목형상점가,광주광역시,,,
92d9ae18c140b179971a,full_annotation_v1,A,q_미용_02,두발,뷰티·미용 중 '미용'을 판매·제공하는 매장,train,미용,T2 동의어,c88edcd9-9392-4195-8ceb-fbe3d9edfc1b,사랑방헤어샵,두발,두암2동면앙로 골목형상점가,골목형상점가,광주광역시,,,
57e727e115a1d3eb45cb,full_annotation_v1,A,q_미용_02,두발,뷰티·미용 중 '미용'을 판매·제공하는 매장,train,미용,T2 동의어,de8333fd-60f8-4af3-8f99-17382658674c,이지헤어샵,두발,두암2동광신맨션주변 골목형상점가,골목형상점가,광주광역시,,,
ab53d85f3bf994bafca7,full_annotation_v1,A,q_미용_02,두발,뷰티·미용 중 '미용'을 판매·제공하는 매장,train,미용,T2 동의어,d82bf86a-2520-494b-b8b6-5f9c71b12fef,슈브,두발 미용업,수완아름마을,골목형상점가,광주광역시,,,
6adafe35433423c1d056,full_annotation_v1,A,q_미용_02,두발,뷰티·미용 중 '미용'을 판매·제공하는 매장,train,미용,T2 동의어,dbe3e526-df23-40ea-97e0-a25b86c7a785,다올헤어,두발,공주산성시장,전통시장,충청남도,,,
8fa4ff2466c337033ba4,full_annotation_v1,A,q_미용_02,두발,뷰티·미용 중 '미용'을 판매·제공하는 매장,train,미용,T2 동의어,01830c3a-5f7e-4396-9772-38b51bd90dc0,새로나국밥,국밥 족발 머리고기,무등시장,전통시장,광주광역시,,,
707df062aac16e5c91c5,full_annotation_v1,A,q_미용_02,두발,뷰티·미용 중 '미용'을 판매·제공하는 매장,train,미용,T2 동의어,0009149f-621a-493e-9fd1-252a8ac6c75b,글로리,미용실,중흥동 큰샘길 골목형상점가,골목형상점가,광주광역시,,,
84852deb0dd47f18a13e,full_annotation_v1,A,q_미용_02,두발,뷰티·미용 중 '미용'을 판매·제공하는 매장,train,미용,T2 동의어,0bf0f3f3-940c-43c3-8fdb-cc7fa8b52524,고운머리,"소매(가발,액세서리,자수용품)",미금현대벤처빌시장,전통시장,경기도,,,
4c4a6ae10893cf1d52d9,full_annotation_v1,A,q_미용_02,두발,뷰티·미용 중 '미용'을 판매·제공하는 매장,train,미용,T2 동의어,9b792e07-f0c7-4244-a2c3-625d889350fb,붐헤어,두발,상무운천로상인회 골목형상점가,골목형상점가,광주광역시,,,
76a4842ce37cdd694b8d,full_annotation_v1,A,q_미용_02,두발,뷰티·미용 중 '미용'을 판매·제공하는 매장,train,미용,T2 동의어,10a8f718-257e-4298-979c-c6004fe7db6f,르봄(Le:봄),두발 미용,더테라스골목형상점가,골목형상점가,인천광역시,,,
a9570c2ec78ff9002b68,full_annotation_v1,A,q_미용_02,두발,뷰티·미용 중 '미용'을 판매·제공하는 매장,train,미용,T2 동의어,188aaf40-f5de-408e-bccd-f089342a4d6e,이샵금호점,두발 미용,금화상인회 골목형상점가,골목형상점가,광주광역시,,,
b5c5289f46b97d98c314,full_annotation_v1,A,q_미용_02,두발,뷰티·미용 중 '미용'을 판매·제공하는 매장,train,미용,T2 동의어,b1300d7d-f023-469a-af61-1c4940613b61,뽀글이,두발,전남대 상대 골목형상점가,골목형상점가,광주광역시,,,
0be81028b97c6c657c6f,full_annotation_v1,A,q_미용_02,두발,뷰티·미용 중 '미용'을 판매·제공하는 매장,train,미용,T2 동의어,ffc86428-5aff-4b30-8d7c-82b48ca2453b,자르담,두발,신안교 골목형상점가,골목형상점가,광주광역시,,,
ba988fc830af16602256,full_annotation_v1,A,q_미용_02,두발,뷰티·미용 중 '미용'을 판매·제공하는 매장,train,미용,T2 동의어,20595bbf-13b3-48f3-8e95-0a605e6c12f3,예쁨,두발,동천동먹자골목1번가상인회 골목형상점가,골목형상점가,광주광역시,,,
9b50599f4a06a2d7edfe,full_annotation_v1,A,q_미용_02,두발,뷰티·미용 중 '미용'을 판매·제공하는 매장,train,미용,T2 동의어,7cdfd70c-799f-4299-a49d-7b4be3daf738,디자인,서비스업(미용업),금곡골목형상점가,자율상권구역,경기도,,,
8f9e1038690ac5285646,full_annotation_v1,A,q_미용_02,두발,뷰티·미용 중 '미용'을 판매·제공하는 매장,train,미용,T2 동의어,18f7e2b9-7d17-442e-853e-965b40a05bb9,유니트헤어,두발,으뜸 효동 골목형상점가,골목형상점가,광주광역시,,,
42530bfff6d24e7785bd,full_annotation_v1,A,q_미용_02,두발,뷰티·미용 중 '미용'을 판매·제공하는 매장,train,미용,T2 동의어,40ecebd8-ba56-49f2-a81b-595d8d6ae174,시장이용원,두발,웅천시장,전통시장,충청남도,,,
1aa93a087e024149236e,full_annotation_v1,A,q_미용_02,두발,뷰티·미용 중 '미용'을 판매·제공하는 매장,train,미용,T2 동의어,369b6233-f08f-432d-8f8a-1448f08f64e6,헤어밸리,두발,중흥중가로 골목형상점가,골목형상점가,광주광역시,,,
d671c805a9c8c5748dda,full_annotation_v1,A,q_미용_02,두발,뷰티·미용 중 '미용'을 판매·제공하는 매장,train,미용,T2 동의어,68bab27a-39b7-4c26-8c5e-0f651913922b,전주전통한지,한지 문구류 문구류 전자상거래업,전주한옥마을 골목형상점가,골목형상점가,전북특별자치도,,,
3e734f5413fb16c4708d,full_annotation_v1,A,q_미용_02,두발,뷰티·미용 중 '미용'을 판매·제공하는 매장,train,미용,T2 동의어,bf966fd9-6c6f-4f0c-adae-3ef0e3893b96,체루,두발,풍암우미상인회 골목형상점가,골목형상점가,광주광역시,,,
911ee55ad8614c9866b7,full_annotation_v1,A,q_미용_02,두발,뷰티·미용 중 '미용'을 판매·제공하는 매장,train,미용,T2 동의어,064162f2-e3e2-48f7-9ba7-38cefb3c735b,스텔라 가발전문점,,부천역 지하도로 상가,일반지하상점가,경기도,,,
7e9623cf697b3b2e12be,full_annotation_v1,A,q_미용_02,두발,뷰티·미용 중 '미용'을 판매·제공하는 매장,train,미용,T2 동의어,636502a1-1772-4c07-b8f3-8ddad15edf53,고파슈헤어,두발,고대 골목형상점가,골목형상점가,서울특별시,,,
89e6c1013fc8ce03d644,full_annotation_v1,A,q_미용_02,두발,뷰티·미용 중 '미용'을 판매·제공하는 매장,train,미용,T2 동의어,706a4ec5-c734-4e24-b6d0-96e49b3a0770,1st마메종,두발,화정꽃마을상인회 골목형상점가,골목형상점가,광주광역시,,,
2e9ef5cf63426e28ae6a,full_annotation_v1,A,q_미용_02,두발,뷰티·미용 중 '미용'을 판매·제공하는 매장,train,미용,T2 동의어,8ab7946c-d447-4f08-9848-18e5589396fa,맑음헤어,두발,중앙로 골목형상점가,골목형상점가,전라남도,,,
d41902111b1ea84c329c,full_annotation_v1,A,q_미용_02,두발,뷰티·미용 중 '미용'을 판매·제공하는 매장,train,미용,T2 동의어,111d2176-af6d-4214-844a-51453de36f46,주연가발,가발,고투몰(강남터미널지하도상점가),일반지하상점가,서울특별시,,,
8ffe833cb9ee443b9e33,full_annotation_v1,A,q_미용_02,두발,뷰티·미용 중 '미용'을 판매·제공하는 매장,train,미용,T2 동의어,7d0bc2e3-5a13-4e9e-b121-0476ad392ae5,보약족발,일반한식,동문시장,기타,충청북도,,,
0229d7d2e42f40507fcf,full_annotation_v1,A,q_미용_02,두발,뷰티·미용 중 '미용'을 판매·제공하는 매장,train,미용,T2 동의어,c9e5208c-c135-4225-8f5d-e02e68d3a600,비사채헤어,머리,풍영철길로 골목형상점가,골목형상점가,광주광역시,,,
55a8ead0724b5d30ebfa,full_annotation_v1,A,q_미용_02,두발,뷰티·미용 중 '미용'을 판매·제공하는 매장,train,미용,T2 동의어,8a40bf73-639f-4ec7-89ae-b9826d37aa4a,살롱드제이,두발,상무백운상인회 골목형상점가,골목형상점가,광주광역시,,,
c8e732ccc26884f92cdc,full_annotation_v1,A,q_미용_02,두발,뷰티·미용 중 '미용'을 판매·제공하는 매장,train,미용,T2 동의어,6fd82c3b-5d7c-4086-aa7d-58f4f472b5ed,에디드,두발,짚봉산상인회 골목형상점가,골목형상점가,광주광역시,,,
989e5a12ad742adf8cd0,full_annotation_v1,A,q_미용_02,두발,뷰티·미용 중 '미용'을 판매·제공하는 매장,train,미용,T2 동의어,6b5ba8d8-7911-4393-9cf7-d4360cd5c012,온수헤어,두발,전남대후문골목형상점가,골목형상점가,광주광역시,,,
324d357d6bfee445c097,full_annotation_v1,A,q_미용_02,두발,뷰티·미용 중 '미용'을 판매·제공하는 매장,train,미용,T2 동의어,02484083-ef42-44cf-903b-18a6f84601de,더휴헤어,"미용, 헤어",창원 덕산1차상가,전통시장,경상남도,,,
31546e6bca0208403d48,full_annotation_v1,A,q_미용_02,두발,뷰티·미용 중 '미용'을 판매·제공하는 매장,train,미용,T2 동의어,039ab44d-ff38-41e4-8b48-22a1a8576261,헤어초이스앤두피케어,,도마달 골목형상점가,골목형상점가,대전광역시,,,
d0ae9088c271b6a6ddb4,full_annotation_v1,A,q_미용_02,두발,뷰티·미용 중 '미용'을 판매·제공하는 매장,train,미용,T2 동의어,1158398c-1d39-40e8-8785-f6edad4efd75,e쁘네미용실,"커트, 파마, 염색, 가발",월빛 골목형상점가,골목형상점가,광주광역시,,,
140d660603502a2dd057,full_annotation_v1,A,q_미용_02,두발,뷰티·미용 중 '미용'을 판매·제공하는 매장,train,미용,T2 동의어,27144b4c-7d6f-4896-852d-cd50f6292055,시선온안경,안경 및 렌즈,영등포역지하도상점가,일반지하상점가,서울특별시,,,
658531c46923c14e8954,full_annotation_v1,A,q_미용_02,두발,뷰티·미용 중 '미용'을 판매·제공하는 매장,train,미용,T2 동의어,7eac0dc0-6b8b-4126-8f69-0a353513b3fa,온리원,두발,선운별 골목형상점가,골목형상점가,광주광역시,,,
2a5a34558676a6bde360,full_annotation_v1,A,q_미용_02,두발,뷰티·미용 중 '미용'을 판매·제공하는 매장,train,미용,T2 동의어,870b0f31-0e75-41f8-8063-80864e740b85,에벤에셀,두발,동림동 골목형상점가,골목형상점가,광주광역시,,,
e255d160722962da66e7,full_annotation_v1,A,q_미용_02,두발,뷰티·미용 중 '미용'을 판매·제공하는 매장,train,미용,T2 동의어,6c5c04fc-6335-4e57-b5f1-99af92e0cc54,리후헤어,두발 미용,성동용답상가시장,전통시장,서울특별시,,,
a1bbaa8fdbc0ca77ec67,full_annotation_v1,A,q_미용_02,두발,뷰티·미용 중 '미용'을 판매·제공하는 매장,train,미용,T2 동의어,1934ca93-c38b-44af-9f91-5ea8ae0972a2,광장이발소,이발소,춘천지하상가,일반지하상점가,강원특별자치도,,,
d1736269eaaa69fa8298,full_annotation_v1,A,q_미용_03,머리,뷰티·미용 중 '미용'을 판매·제공하는 매장,train,미용,T2 동의어,442cf767-a47e-4b4b-a06c-9a55c97641c0,드부아네일,"네일아트, 케어",동송전통시장,전통시장,강원특별자치도,,,
d608ecd7c11a65ba9463,full_annotation_v1,A,q_미용_03,머리,뷰티·미용 중 '미용'을 판매·제공하는 매장,train,미용,T2 동의어,13049fee-3fd8-4e59-859d-5ce69604977b,오렌지,잡화,양산 남부시장,전통시장,경상남도,,,
707b215529edabae4e4a,full_annotation_v1,A,q_미용_03,머리,뷰티·미용 중 '미용'을 판매·제공하는 매장,train,미용,T2 동의어,0e8dc98d-134f-494e-a05d-9f92457f8b5b,머리가예쁜나라,미용,주문진종합시장,전통시장,강원특별자치도,,,
8756548c641e60bb2e98,full_annotation_v1,A,q_미용_03,머리,뷰티·미용 중 '미용'을 판매·제공하는 매장,train,미용,T2 동의어,0157acd5-d1fd-46d1-afff-002eb6ffb986,나무헤어살롱,두발미용,죽전로데오상점가,전통시장,경기도,,,
8019e8e7ce9a4b2f9cad,full_annotation_v1,A,q_미용_03,머리,뷰티·미용 중 '미용'을 판매·제공하는 매장,train,미용,T2 동의어,01830c3a-5f7e-4396-9772-38b51bd90dc0,새로나국밥,국밥 족발 머리고기,무등시장,전통시장,광주광역시,,,
9e5f603e1c86152657c1,full_annotation_v1,A,q_미용_03,머리,뷰티·미용 중 '미용'을 판매·제공하는 매장,train,미용,T2 동의어,ca0d1627-d510-4a13-9085-c2f7f7aaf7f9,머리까끼,미용실,태백마루 자율상권,,강원특별자치도,,,
527e1e41ae56d4e36612,full_annotation_v1,A,q_미용_03,머리,뷰티·미용 중 '미용'을 판매·제공하는 매장,train,미용,T2 동의어,00138176-f25b-4a96-9761-dd00f1a4dd28,보아스헤어아트,미용,봉제산길골목형상점가,골목형상점가,서울특별시,,,
09a3ec82672c3a4ae452,full_annotation_v1,A,q_미용_03,머리,뷰티·미용 중 '미용'을 판매·제공하는 매장,train,미용,T2 동의어,60352ca5-d22b-456a-a8ab-b7e31e4bedf2,머리 고기 전문점,머리고기,경열로상인회 골목형상점가,골목형상점가,광주광역시,,,
d32eb8d17f9189fb2fc5,full_annotation_v1,A,q_미용_03,머리,뷰티·미용 중 '미용'을 판매·제공하는 매장,train,미용,T2 동의어,038c2ca6-a29e-4fb1-91d4-52b8a417f0e2,예쁜머리만들기,,뚝섬로윗길 골목형상점가,골목형상점가,서울특별시,,,
8051fad6dc09d4067f60,full_annotation_v1,A,q_미용_03,머리,뷰티·미용 중 '미용'을 판매·제공하는 매장,train,미용,T2 동의어,0940dbc1-af36-4f83-8dbb-ad788ff49be6,머리애봄,서비스업,용해동 포미타운 골목형상점가,골목형상점가,전라남도,,,
3c6dfd03a758cd0ec5cb,full_annotation_v1,A,q_미용_03,머리,뷰티·미용 중 '미용'을 판매·제공하는 매장,train,미용,T2 동의어,ee4917da-067a-45ae-b969-0b3a4395a594,머리해봄,미용,이지더원 골목형 상점가,골목형상점가,충청남도,,,
1e010c0ee5604cd50d12,full_annotation_v1,A,q_미용_03,머리,뷰티·미용 중 '미용'을 판매·제공하는 매장,train,미용,T2 동의어,003f331a-de38-4946-a580-57373cb1175d,댕기머리,미용실,주천골목형상점가,골목형상점가,강원특별자치도,,,
ccaa4d4b9396b7cf1390,full_annotation_v1,A,q_미용_03,머리,뷰티·미용 중 '미용'을 판매·제공하는 매장,train,미용,T2 동의어,c597521d-1273-43c9-b412-1c6036be4933,머리 담다,헤어,매탄중심상가 골목형상점가,골목형상점가,경기도,,,
aab9ec2bf03c187f068c,full_annotation_v1,A,q_미용_03,머리,뷰티·미용 중 '미용'을 판매·제공하는 매장,train,미용,T2 동의어,0cb7899c-8082-48a4-a3b8-79e3c35ef3d9,머리해연,,포천솔리단길 골목형상점가,골목형상점가,경기도,,,
e2a1e458b03b512130dc,full_annotation_v1,A,q_미용_03,머리,뷰티·미용 중 '미용'을 판매·제공하는 매장,train,미용,T2 동의어,385615ff-0d05-472e-a3e8-a13b25a54ac1,머리마을,미용실,전곡중앙상가 골목형상점가,골목형상점가,경기도,,,
62e8d34ea4341e2171a1,full_annotation_v1,A,q_미용_03,머리,뷰티·미용 중 '미용'을 판매·제공하는 매장,train,미용,T2 동의어,d54f323b-ce6c-4f1e-9b28-dcd676cf271f,머리사랑,머리카락컷트,운천상무시장 골목형상점가,골목형상점가,광주광역시,,,
2269e2041e17f875ed81,full_annotation_v1,A,q_미용_03,머리,뷰티·미용 중 '미용'을 판매·제공하는 매장,train,미용,T2 동의어,0250e284-2897-44e3-b681-da46d2c84cd1,쏘이살롱(SSOISALON)2호점,헤어,빛가람 하나로 골목형상점가,골목형상점가,전라남도,,,
4880b1a71928add94eba,full_annotation_v1,A,q_미용_03,머리,뷰티·미용 중 '미용'을 판매·제공하는 매장,train,미용,T2 동의어,c452e49d-0eac-45b9-9228-5e9365a34e13,하나청과,과일,첨단쌍이 골목형상점가,골목형상점가,광주광역시,,,
e12b92e85c3ceb4d4d9b,full_annotation_v1,A,q_미용_03,머리,뷰티·미용 중 '미용'을 판매·제공하는 매장,train,미용,T2 동의어,00222f52-5d1f-4fb1-b0a6-7b4864ce177f,아리따움서대문연희점,화장품,연희사러가,전통시장,서울특별시,,,
eb79aed94678b1859a7b,full_annotation_v1,A,q_미용_03,머리,뷰티·미용 중 '미용'을 판매·제공하는 매장,train,미용,T2 동의어,73777934-029d-4380-a099-e948644462b2,일루아헤어스튜디오운암점,머리,운암북문대로 골목형상점가,골목형상점가,광주광역시,,,
a03124e4767b9771efcc,full_annotation_v1,A,q_미용_03,머리,뷰티·미용 중 '미용'을 판매·제공하는 매장,train,미용,T2 동의어,03321569-a189-4dea-8592-49bb6f114163,김송정머리터용인점 봄날애 헤어,헤어,동백역 골목형상점가,골목형상점가,경기도,,,
c435c240b2a706302c63,full_annotation_v1,A,q_미용_03,머리,뷰티·미용 중 '미용'을 판매·제공하는 매장,train,미용,T2 동의어,ee6c2ba1-cadf-4780-a695-07ef1a82287c,머리잘헤어,미용,남양주장현전통시장,전통시장,경기도,,,
6801cd4f15fbf3823443,full_annotation_v1,A,q_미용_03,머리,뷰티·미용 중 '미용'을 판매·제공하는 매장,train,미용,T2 동의어,a72c4896-7140-49f1-8cc1-15e98c6cfe98,깐느헤어,머리,자양15번가골목형상점가,골목형상점가,서울특별시,,,
2875311e8513154ecc7c,full_annotation_v1,A,q_미용_03,머리,뷰티·미용 중 '미용'을 판매·제공하는 매장,train,미용,T2 동의어,b179ce3c-1885-4d2c-a596-e3590dd2e7e2,밥상머리,,당정동한세로 골목형상점가,골목형상점가,경기도,,,
7a76353ccfd1e104d6c7,full_annotation_v1,A,q_미용_03,머리,뷰티·미용 중 '미용'을 판매·제공하는 매장,train,미용,T2 동의어,064162f2-e3e2-48f7-9ba7-38cefb3c735b,스텔라 가발전문점,,부천역 지하도로 상가,일반지하상점가,경기도,,,
bbd4a4f4af87143763f4,full_annotation_v1,A,q_미용_03,머리,뷰티·미용 중 '미용'을 판매·제공하는 매장,train,미용,T2 동의어,450c2fcf-e539-4b39-b87a-cb4266d2ca3a,오엔호프,한식,수완하나로 골목형상점가,골목형상점가,광주광역시,,,
57fbbd4e7229bb8340a6,full_annotation_v1,A,q_미용_03,머리,뷰티·미용 중 '미용'을 판매·제공하는 매장,train,미용,T2 동의어,97abb828-d25d-4f36-bc22-de2bb95f156c,빨강 머리 앤,미용,신창 골목형상점가,골목형상점가,광주광역시,,,
e993f15fabe525ca68e5,full_annotation_v1,A,q_미용_03,머리,뷰티·미용 중 '미용'을 판매·제공하는 매장,train,미용,T2 동의어,001f80ca-1d03-4781-b117-7eaa52fb24f5,홍미용실,일반미용업,김제중앙시장,전통시장,전북특별자치도,,,
de19f05b636968d817df,full_annotation_v1,A,q_미용_03,머리,뷰티·미용 중 '미용'을 판매·제공하는 매장,train,미용,T2 동의어,0033e403-2853-4086-a2b3-2ee73a5ac7d4,변필주미용실,서비스(미용실),양동역별빛시장(양동쌍학시장),전통시장,경기도,,,
6262644edbd10d0f6f35,full_annotation_v1,A,q_미용_03,머리,뷰티·미용 중 '미용'을 판매·제공하는 매장,train,미용,T2 동의어,ab834790-3ec3-4c4a-b079-4c8e3d95efb6,머리방,미용실,의성중앙상점가(의성읍중앙길상가거리),자율상권구역,경상북도,,,
4f2552964a1c72015a90,full_annotation_v1,A,q_미용_03,머리,뷰티·미용 중 '미용'을 판매·제공하는 매장,train,미용,T2 동의어,5cdbbdb3-3c8f-4041-915f-4afa55075ab2,머리가,미용실,고성동벚꽃 골목형상점가,골목형상점가,대구광역시,,,
87177a38189f95b79d2f,full_annotation_v1,A,q_미용_03,머리,뷰티·미용 중 '미용'을 판매·제공하는 매장,train,미용,T2 동의어,5fb945fc-398f-47b5-8863-77e64f5cd36a,교대헤어매직,커트 염색 파마 매직 머리 복구,계림 재미로 골목형상점가,골목형상점가,광주광역시,,,
8ff464f951b0aca57f5c,full_annotation_v1,A,q_미용_03,머리,뷰티·미용 중 '미용'을 판매·제공하는 매장,train,미용,T2 동의어,2fd4b340-469d-4801-a808-a3b06827af15,박한숙 머리한올,,둔전골목형상점가,골목형상점가,경기도,,,
a2d5cbecbfe6dcdb1991,full_annotation_v1,A,q_미용_03,머리,뷰티·미용 중 '미용'을 판매·제공하는 매장,train,미용,T2 동의어,1f361493-5bbe-48b1-9639-f750d050cf93,노암이용원,이발,노암길골목형상점가,골목형상점가,강원특별자치도,,,
85b03fe886d54e0b39d0,full_annotation_v1,A,q_미용_03,머리,뷰티·미용 중 '미용'을 판매·제공하는 매장,train,미용,T2 동의어,4e1a25ca-7b41-47ed-99e8-2bfc6ba54521,바노두피,두피케어,새롬동 골목형상점가,골목형상점가,세종특별자치시,,,
a60fc8366d37303ad2a1,full_annotation_v1,A,q_미용_03,머리,뷰티·미용 중 '미용'을 판매·제공하는 매장,train,미용,T2 동의어,47ac625a-f2cb-4255-b11c-08b807475529,손현정뷰티&네일,두피케어제품,우산동빛고을 골목형상점가,골목형상점가,광주광역시,,,
7534dd9abbc38a60b3f4,full_annotation_v1,A,q_미용_03,머리,뷰티·미용 중 '미용'을 판매·제공하는 매장,train,미용,T2 동의어,027b7332-611e-498a-9ef6-1e9e536dbf4a,모모샵,두발 시술,온누리상인회 골목형상점가,골목형상점가,광주광역시,,,
f1609c17c3d5a79ed1af,full_annotation_v1,A,q_미용_03,머리,뷰티·미용 중 '미용'을 판매·제공하는 매장,train,미용,T2 동의어,3c7a28ee-ccb2-4deb-8609-b3c484dd5b87,주식회사푸드마켓플레이스,건어물,석바위시장,전통시장,인천광역시,,,
df0a24a4e53209988660,full_annotation_v1,A,q_미용_03,머리,뷰티·미용 중 '미용'을 판매·제공하는 매장,train,미용,T2 동의어,24ff4b4a-5246-46f7-aae3-55eefe840950,파파존스 화곡점,,화곡 초록맛거리 골목형상점가,골목형상점가,서울특별시,,,
73edd963cf1bf7c13247,full_annotation_v1,A,q_미용_03,머리,뷰티·미용 중 '미용'을 판매·제공하는 매장,train,미용,T2 동의어,3417ad49-dfd9-44da-b76c-09023311ae21,더미인나라,스킨케어두피케어 제품,호남동 골목형상점가,골목형상점가,광주광역시,,,
1eb895e31c93250266c5,full_annotation_v1,A,q_미용_03,머리,뷰티·미용 중 '미용'을 판매·제공하는 매장,train,미용,T2 동의어,6667e3e5-6f21-4695-a696-6e98fc4a2456,머리자랑,미용실,화정동 서부시장,전통시장,광주광역시,,,
7e6101c01fbe9b7336e1,full_annotation_v1,A,q_미용_03,머리,뷰티·미용 중 '미용'을 판매·제공하는 매장,train,미용,T2 동의어,716fb80c-c7bb-45e6-a450-68c974c5a0d1,머리가,미용,당진원시가지상가,자율상권구역,충청남도,,,
d47a7aefaff2e274c4a2,full_annotation_v1,A,q_미용_03,머리,뷰티·미용 중 '미용'을 판매·제공하는 매장,train,미용,T2 동의어,1934ca93-c38b-44af-9f91-5ea8ae0972a2,광장이발소,이발소,춘천지하상가,일반지하상점가,강원특별자치도,,,
e9df020576a123eb8ac2,full_annotation_v1,A,q_미용_03,머리,뷰티·미용 중 '미용'을 판매·제공하는 매장,train,미용,T2 동의어,799dde98-a781-490f-b168-3011da25c5ec,나드리신발,신발,모래내골목형상점가,골목형상점가,전북특별자치도,,,
434048bf8ef4f0374fd1,full_annotation_v1,A,q_미용_03,머리,뷰티·미용 중 '미용'을 판매·제공하는 매장,train,미용,T2 동의어,d220da44-6c58-4cec-b459-6a656ccd194f,중화요리일미향,음식점(중식),금남시장,전통시장,서울특별시,,,
5c4709e65bbb520cb7e8,full_annotation_v1,A,q_미용_03,머리,뷰티·미용 중 '미용'을 판매·제공하는 매장,train,미용,T2 동의어,000d8836-38bd-43a9-92f2-698d67d5926b,라미헤어스튜디오,미용실,포항중앙상가,전통시장,경상북도,,,
f86b1c4fe109ec22299a,full_annotation_v1,A,q_미용_03,머리,뷰티·미용 중 '미용'을 판매·제공하는 매장,train,미용,T2 동의어,66575f57-681b-45a7-8e7f-3ce52f1ffb8a,머리헤어,미용,신월3동시장골목형상점가,골목형상점가,서울특별시,,,
009afa6544eb7887bf7b,full_annotation_v1,A,q_미용_03,머리,뷰티·미용 중 '미용'을 판매·제공하는 매장,train,미용,T2 동의어,c6f41e2b-24cc-4d5c-a689-85651263fcd4,여우머리,,어양부송 골목형상점가,골목형상점가,전북특별자치도,,,
1c777c626aa6f710ccbd,full_annotation_v1,A,q_미용_03,머리,뷰티·미용 중 '미용'을 판매·제공하는 매장,train,미용,T2 동의어,09cd748e-514c-4403-8078-7c923fc22167,그레이스위그,가발,한듬레포츠,골목형상점가,광주광역시,,,
91e2aa058bd900333f88,full_annotation_v1,A,q_미용_03,머리,뷰티·미용 중 '미용'을 판매·제공하는 매장,train,미용,T2 동의어,667a4502-d218-4126-9d03-6a16cec711db,머리못하는집,미용실,남성역 골목시장,전통시장,서울특별시,,,
b644ce0e42aa018520d2,full_annotation_v1,A,q_미용_03,머리,뷰티·미용 중 '미용'을 판매·제공하는 매장,train,미용,T2 동의어,c325e8bc-eb18-4505-a03b-069fb49d4413,여우머리,미용,용봉지구 골목형상점가,골목형상점가,광주광역시,,,
a38e9e464f3e7872e0ef,full_annotation_v1,A,q_미용_03,머리,뷰티·미용 중 '미용'을 판매·제공하는 매장,train,미용,T2 동의어,f42eb874-16c8-4708-8d48-cbc5ba6a1d47,올어바웃발레,발레 교육 서비스,새롬동 골목형상점가,골목형상점가,세종특별자치시,,,
087454296792f62fd42b,full_annotation_v1,A,q_미용_03,머리,뷰티·미용 중 '미용'을 판매·제공하는 매장,train,미용,T2 동의어,00593d82-d6a7-4e33-8e50-1b8ea23e947f,뮤헤어,두발미용업,병점중심상가,자율상권구역,경기도,,,
3e2a4246ee77b32dc244,full_annotation_v1,A,q_미용_03,머리,뷰티·미용 중 '미용'을 판매·제공하는 매장,train,미용,T2 동의어,039ab44d-ff38-41e4-8b48-22a1a8576261,헤어초이스앤두피케어,,도마달 골목형상점가,골목형상점가,대전광역시,,,
0773ce8471fc783dbb79,full_annotation_v1,A,q_미용_03,머리,뷰티·미용 중 '미용'을 판매·제공하는 매장,train,미용,T2 동의어,003cdc8a-95fe-43ea-8350-f4c63913a6f8,정선화장품,화장품,오천시장,전통시장,경상북도,,,
5ad3b74987512901a2fd,full_annotation_v1,A,q_미용_03,머리,뷰티·미용 중 '미용'을 판매·제공하는 매장,train,미용,T2 동의어,02d44cdc-b600-43fd-880d-cff5e9214c6b,서암이뱔관,이발소,통진시장,전통시장,경기도,,,
90d287e5971215ab4111,full_annotation_v1,A,q_미용_03,머리,뷰티·미용 중 '미용'을 판매·제공하는 매장,train,미용,T2 동의어,b1f9d516-9d66-4984-bb28-732d660e0835,머리꾼,미용실,버들마을상인회 골목형상점가,골목형상점가,광주광역시,,,
986df20d745b5d6f605e,full_annotation_v1,A,q_미용_03,머리,뷰티·미용 중 '미용'을 판매·제공하는 매장,train,미용,T2 동의어,0bf0f3f3-940c-43c3-8fdb-cc7fa8b52524,고운머리,"소매(가발,액세서리,자수용품)",미금현대벤처빌시장,전통시장,경기도,,,
0008b2d3962f5a02d160,full_annotation_v1,A,q_미용_03,머리,뷰티·미용 중 '미용'을 판매·제공하는 매장,train,미용,T2 동의어,00ece52b-629f-4e52-abd8-754dd96759c2,슈퍼스타헤어,두발미용,월곡달빛오거리골목형상점가,골목형상점가,서울특별시,,,
abb85258cadb491d8935,full_annotation_v1,A,q_미용_03,머리,뷰티·미용 중 '미용'을 판매·제공하는 매장,train,미용,T2 동의어,a8801936-01c6-4104-b997-bdc54350444a,머리꾼,미용업,오룡행복 골목형상점가,골목형상점가,전라남도,,,
622847bd72a249a29972,full_annotation_v1,A,q_미용_03,머리,뷰티·미용 중 '미용'을 판매·제공하는 매장,train,미용,T2 동의어,0d1e0772-86f6-4c5a-842c-ead42643b5ec,시장왕족발,족발,계양산전통시장,전통시장,인천광역시,,,
8e970560dca1c403c61f,full_annotation_v1,A,q_미용_03,머리,뷰티·미용 중 '미용'을 판매·제공하는 매장,train,미용,T2 동의어,9ae57361-a84f-451b-a19f-db5ef30b08c8,달콤한닭강정,,성서우방 골목형상점가,골목형상점가,대구광역시,,,
c2e3ef3e543938ec22d6,full_annotation_v1,A,q_미용_03,머리,뷰티·미용 중 '미용'을 판매·제공하는 매장,train,미용,T2 동의어,6f3275f6-0429-49f6-8bd9-c7a65b3353ae,인생머리,,평촌역 상점가,자율상권구역,경기도,,,
a085a8ea635e87534f76,full_annotation_v1,A,q_미용_03,머리,뷰티·미용 중 '미용'을 판매·제공하는 매장,train,미용,T2 동의어,111d2176-af6d-4214-844a-51453de36f46,주연가발,가발,고투몰(강남터미널지하도상점가),일반지하상점가,서울특별시,,,
8ae3bb6c181b7a4585b7,full_annotation_v1,A,q_미용_03,머리,뷰티·미용 중 '미용'을 판매·제공하는 매장,train,미용,T2 동의어,3388247b-0e60-495c-a571-65f87f299c69,제일머리 명 윤경임,머리고기,대인시장,전통시장,,,,
d9f60110b52e04e19ffb,full_annotation_v1,A,q_미용_03,머리,뷰티·미용 중 '미용'을 판매·제공하는 매장,train,미용,T2 동의어,d95d9ff0-c0ef-4dc6-8e0b-ee0d977090de,새롬가온약국,양약,새롬동 골목형상점가,골목형상점가,세종특별자치시,,,
0089aa47f1cdbd2950d0,full_annotation_v1,A,q_미용_03,머리,뷰티·미용 중 '미용'을 판매·제공하는 매장,train,미용,T2 동의어,ff9ef35c-55c1-43d4-aeee-b05e051b438f,휴게실16호,"차, 음료",인현지하도상가,일반지하상점가,인천광역시,,,
79051fad11ba6321fd48,full_annotation_v1,A,q_미용_03,머리,뷰티·미용 중 '미용'을 판매·제공하는 매장,train,미용,T2 동의어,c9e5208c-c135-4225-8f5d-e02e68d3a600,비사채헤어,머리,풍영철길로 골목형상점가,골목형상점가,광주광역시,,,
5dc0c8a08b55f0e66e7f,full_annotation_v1,A,q_미용_03,머리,뷰티·미용 중 '미용'을 판매·제공하는 매장,train,미용,T2 동의어,008c73ed-3ece-452b-aa49-b96b73ff1ba1,온결 스킨앤바디,화장품,가재마을 골목형상점가,골목형상점가,세종특별자치시,,,
fda67ff2897cf83c18f5,full_annotation_v1,A,q_미용_03,머리,뷰티·미용 중 '미용'을 판매·제공하는 매장,train,미용,T2 동의어,0001b1fc-5455-433e-8e94-96d051362b17,유난희헤어샵,미용실,창원 대동그린코아상가,전통시장,경상남도,,,
3c538bbcee9ed6925eda,full_annotation_v1,A,q_미용_03,머리,뷰티·미용 중 '미용'을 판매·제공하는 매장,train,미용,T2 동의어,7af55212-ad58-4f37-a98c-ce0bcbf78b44,북마산가구아울렛,가구,마산 북마산가구시장,전통시장,경상남도,,,
59105faea6acbab7605b,full_annotation_v1,A,q_미용_03,머리,뷰티·미용 중 '미용'을 판매·제공하는 매장,train,미용,T2 동의어,0041672f-0704-459b-a485-1502c7de1bef,지모바버샵,이발,쌍리단길상점가,자율상권구역,서울특별시,,,
36e7958c4555d8a181e5,full_annotation_v1,A,q_미용_03,머리,뷰티·미용 중 '미용'을 판매·제공하는 매장,train,미용,T2 동의어,0009149f-621a-493e-9fd1-252a8ac6c75b,글로리,미용실,중흥동 큰샘길 골목형상점가,골목형상점가,광주광역시,,,
3fe6edc18a69063993ec,full_annotation_v1,A,q_미용_03,머리,뷰티·미용 중 '미용'을 판매·제공하는 매장,train,미용,T2 동의어,78c5bbf6-9adc-4f55-8b85-9525764b57d9,찐미숯불구이,한식,성수역골목형상점가,골목형상점가,서울특별시,,,
38bc1bac81b16d7a09f7,full_annotation_v1,A,q_미용_03,머리,뷰티·미용 중 '미용'을 판매·제공하는 매장,train,미용,T2 동의어,b9427257-7c00-4bbd-ad08-25beaac6be7e,머리풍경,미용,하동공설시장,전통시장,경상남도,,,
f022e77fe1b368f164e5,full_annotation_v1,A,q_미용_03,머리,뷰티·미용 중 '미용'을 판매·제공하는 매장,train,미용,T2 동의어,be50a12c-1375-4b9e-8cef-d42871b3536c,고사머리,고사머리,신장전통시장,전통시장,경기도,,,
fdf7b7e84c7095142843,full_annotation_v1,A,q_미용_03,머리,뷰티·미용 중 '미용'을 판매·제공하는 매장,train,미용,T2 동의어,1158398c-1d39-40e8-8785-f6edad4efd75,e쁘네미용실,"커트, 파마, 염색, 가발",월빛 골목형상점가,골목형상점가,광주광역시,,,
2f84efd09b3a5fa178af,full_annotation_v1,A,q_미용_03,머리,뷰티·미용 중 '미용'을 판매·제공하는 매장,train,미용,T2 동의어,6f0938a7-77de-4496-a357-ea63d67a7aaf,머리못하는집,두발,신봉하나로 골목형상점가,골목형상점가,경기도,,,
85d788eb3be4bd37b192,full_annotation_v1,A,q_미용_03,머리,뷰티·미용 중 '미용'을 판매·제공하는 매장,train,미용,T2 동의어,6bf34547-7852-41e7-8209-ffa42bb49076,티나샵(Tina#),헤어 머리 제품,일곡동(제3지역:자연마을 공방거리),골목형상점가,광주광역시,,,
00b53ad7c5dfbf14af8e,full_annotation_v1,A,q_미용_03,머리,뷰티·미용 중 '미용'을 판매·제공하는 매장,train,미용,T2 동의어,10438442-a66e-4675-9cfa-fdb04e6d8020,스코빌바버샵,이발,전남대후문골목형상점가,골목형상점가,광주광역시,,,
9cdf2fc9fbed625c0fa1,full_annotation_v1,A,q_미용_03,머리,뷰티·미용 중 '미용'을 판매·제공하는 매장,train,미용,T2 동의어,b7afbf94-a2c4-4b9f-88ed-723cfc82d47b,감자머리,미용,명촌 골목형상점가,골목형상점가,울산광역시,,,
982c36f16bf27f9a80e5,full_annotation_v1,A,q_미용_03,머리,뷰티·미용 중 '미용'을 판매·제공하는 매장,train,미용,T2 동의어,01bbc08f-bb91-4aae-a597-a5e183ea0d11,언니네살롱,헤어,송정 다누리 골목형상점가,골목형상점가,광주광역시,,,
820396336330d3860b6e,full_annotation_v1,A,q_미용_03,머리,뷰티·미용 중 '미용'을 판매·제공하는 매장,train,미용,T2 동의어,d3e28ea4-37c1-40ac-b9aa-a406167ea5dc,곱슬머리,두발,지산휴먼시아인근 골목형상점가,골목형상점가,광주광역시,,,
1acb2449cd7ee58e09cf,full_annotation_v1,A,q_미용_03,머리,뷰티·미용 중 '미용'을 판매·제공하는 매장,train,미용,T2 동의어,000407f6-6813-4322-a44c-ed6c1a90dafc,하루,두발,첨단동행 골목형상점가,골목형상점가,광주광역시,,,
5213e72d0e81eb564962,full_annotation_v1,A,q_미용_03,머리,뷰티·미용 중 '미용'을 판매·제공하는 매장,train,미용,T2 동의어,b62872d8-28a5-42e3-90a7-43a1986d6d7a,이은숙헤어샵,머리,공주산성 활성화구역,전통시장,충청남도,,,
15b325f975766a3826b3,full_annotation_v1,A,q_미용_03,머리,뷰티·미용 중 '미용'을 판매·제공하는 매장,train,미용,T2 동의어,074ad32b-e2ea-4972-93e1-ea399e745a39,"한돈명가,곤지암할매 소머리국밥 혁신점",,나주혁신도시 골목형상점가,골목형상점가,,,,
9d305d40c470d851859b,full_annotation_v1,A,q_미용_03,머리,뷰티·미용 중 '미용'을 판매·제공하는 매장,train,미용,T2 동의어,576f3998-9b2f-4be8-8e91-75a400f491d8,까치머리,,매탄이편한세상 골목형상점가,골목형상점가,경기도,,,
86f9ac172c80492e4395,full_annotation_v1,A,q_미용_03,머리,뷰티·미용 중 '미용'을 판매·제공하는 매장,train,미용,T2 동의어,011291c0-305f-48b7-b50a-635b97da79c0,라라헤어,헤어,한들물빛도시 골목형 상점가,골목형상점가,충청남도,,,
a6c4da4a0cdae89292bd,full_annotation_v1,A,q_미용_03,머리,뷰티·미용 중 '미용'을 판매·제공하는 매장,train,미용,T2 동의어,038d83ed-3c85-404b-8aa9-222a893da5b3,고기왕김태백고기국물고기반찬,"식육, 가공양념육외 소머리.돼지머리.부산물등",후평일단지시장,전통시장,강원특별자치도,,,
8c46c5e6aefb193a5cab,full_annotation_v1,A,q_미용_03,머리,뷰티·미용 중 '미용'을 판매·제공하는 매장,train,미용,T2 동의어,00131122-77cf-4772-b141-202f0f950f5c,라라샵,화장품,유성신나는 골목형상점가,골목형상점가,대전광역시,,,
2f092d4e2a345465b7a3,full_annotation_v1,A,q_미용_03,머리,뷰티·미용 중 '미용'을 판매·제공하는 매장,train,미용,T2 동의어,041af343-9a15-41ec-b89d-df94bc14f381,유종숙머리방,,춘천중앙시장,전통시장,강원특별자치도,,,
1a68c576789bc7bb5c08,full_annotation_v1,A,q_미용_03,머리,뷰티·미용 중 '미용'을 판매·제공하는 매장,train,미용,T2 동의어,421f7dbb-8a7f-4a44-b765-4be343e99bf6,삐삐머리,미용,설성골목형상점가,골목형상점가,충청북도,,,
f778b6c80b38441d0350,full_annotation_v1,A,q_미용_03,머리,뷰티·미용 중 '미용'을 판매·제공하는 매장,train,미용,T2 동의어,e61b141c-2ecb-4d68-9291-d892d034e86d,신씨네미용실,미용,세양청구마을 골목형상점가,골목형상점가,울산광역시,,,
fff86487414d7a46e4fc,full_annotation_v1,A,q_미용_03,머리,뷰티·미용 중 '미용'을 판매·제공하는 매장,train,미용,T2 동의어,fc073a4f-bbf0-477c-89e3-f06c7ca51ca3,씨유삼산세양점,편의점,세양청구마을 골목형상점가,골목형상점가,울산광역시,,,
d92aed857bc0010d0e1a,full_annotation_v1,A,q_미용_03,머리,뷰티·미용 중 '미용'을 판매·제공하는 매장,train,미용,T2 동의어,02484083-ef42-44cf-903b-18a6f84601de,더휴헤어,"미용, 헤어",창원 덕산1차상가,전통시장,경상남도,,,
cb75123d3feea06fcca3,full_annotation_v1,A,q_미용_03,머리,뷰티·미용 중 '미용'을 판매·제공하는 매장,train,미용,T2 동의어,22afdf71-1217-4bb8-838e-23a6534d5d55,VOHAB헤어살롱,머리,신가아름마을,골목형상점가,광주광역시,,,
5c61a4eb606626e88309,full_annotation_v1,A,q_미용_03,머리,뷰티·미용 중 '미용'을 판매·제공하는 매장,train,미용,T2 동의어,abb78cc5-2b9c-44af-b09a-aa5d1348093d,까끌머리,,조원시장,전통시장,경기도,,,
d9a6fc6d38a33fb7d786,full_annotation_v1,A,q_미용_03,머리,뷰티·미용 중 '미용'을 판매·제공하는 매장,train,미용,T2 동의어,0017ec9c-4997-4ef5-a552-7fffc7dd149c,아리따움 진주서부점,화장품,진주 새서부시장,전통시장,경상남도,,,
8d9d269307d58acdf69b,full_annotation_v1,A,q_미용_04,머리하는 곳,뷰티·미용 중 '미용'을 판매·제공하는 매장,train,미용,T2 동의어,6c601a2c-31b1-4b4b-a3a2-878e471df6ea,머리하는날,미용,창원 양곡시장,전통시장,경상남도,,,
9fa5ae59d3c1a6c3f862,full_annotation_v1,A,q_미용_04,머리하는 곳,뷰티·미용 중 '미용'을 판매·제공하는 매장,train,미용,T2 동의어,623a38a3-3921-49db-9d56-e549fc60776a,머리하는날,,영산포 골목형상점가,골목형상점가,,,,
8be6849812846bc67f6a,full_annotation_v1,A,q_미용_04,머리하는 곳,뷰티·미용 중 '미용'을 판매·제공하는 매장,train,미용,T2 동의어,b62872d8-28a5-42e3-90a7-43a1986d6d7a,이은숙헤어샵,머리,공주산성 활성화구역,전통시장,충청남도,,,
d53241be56efcab24bdd,full_annotation_v1,A,q_미용_04,머리하는 곳,뷰티·미용 중 '미용'을 판매·제공하는 매장,train,미용,T2 동의어,1f361493-5bbe-48b1-9639-f750d050cf93,노암이용원,이발,노암길골목형상점가,골목형상점가,강원특별자치도,,,
354f2ee813b952f16db5,full_annotation_v1,A,q_미용_04,머리하는 곳,뷰티·미용 중 '미용'을 판매·제공하는 매장,train,미용,T2 동의어,93ef42a2-f2c6-4636-97fb-2d98f5fe40de,머리하는사람들,서비스(미용실),성대전통시장,전통시장,서울특별시,,,
5821d9711b7876e66e55,full_annotation_v1,A,q_미용_04,머리하는 곳,뷰티·미용 중 '미용'을 판매·제공하는 매장,train,미용,T2 동의어,041af343-9a15-41ec-b89d-df94bc14f381,유종숙머리방,,춘천중앙시장,전통시장,강원특별자치도,,,
95983808744633af9250,full_annotation_v1,A,q_미용_04,머리하는 곳,뷰티·미용 중 '미용'을 판매·제공하는 매장,train,미용,T2 동의어,09cd748e-514c-4403-8078-7c923fc22167,그레이스위그,가발,한듬레포츠,골목형상점가,광주광역시,,,
d00b72366b88b7037217,full_annotation_v1,A,q_미용_04,머리하는 곳,뷰티·미용 중 '미용'을 판매·제공하는 매장,train,미용,T2 동의어,2df82366-168c-494c-bbba-6a71d997027a,순수정보통신,휴대폰,명촌꽃길 골목형상점가,골목형상점가,울산광역시,,,
011d4104174181e66b58,full_annotation_v1,A,q_미용_04,머리하는 곳,뷰티·미용 중 '미용'을 판매·제공하는 매장,train,미용,T2 동의어,c9e5208c-c135-4225-8f5d-e02e68d3a600,비사채헤어,머리,풍영철길로 골목형상점가,골목형상점가,광주광역시,,,
c0ce1c961e3d65ca982f,full_annotation_v1,A,q_미용_04,머리하는 곳,뷰티·미용 중 '미용'을 판매·제공하는 매장,train,미용,T2 동의어,73777934-029d-4380-a099-e948644462b2,일루아헤어스튜디오운암점,머리,운암북문대로 골목형상점가,골목형상점가,광주광역시,,,
3a58b32e0d427375a608,full_annotation_v1,A,q_미용_04,머리하는 곳,뷰티·미용 중 '미용'을 판매·제공하는 매장,train,미용,T2 동의어,ed73e61f-d4aa-4b8e-9e23-d2274a66eee5,머리하는 날,미용,송도용보 골목형상점가,골목형상점가,광주광역시,,,
1e9dfd6ebb5767559f69,full_annotation_v1,A,q_미용_04,머리하는 곳,뷰티·미용 중 '미용'을 판매·제공하는 매장,train,미용,T2 동의어,a1d95b9d-d09b-435f-bfea-014701d21335,머리하기좋은날,헤어,구갈상점가,자율상권구역,경기도,,,
135f58d0f6d31616aa61,full_annotation_v1,A,q_미용_04,머리하는 곳,뷰티·미용 중 '미용'을 판매·제공하는 매장,train,미용,T2 동의어,2c9aa8db-b6f9-4062-81d0-6144f5131354,머리하나미아2호점1,,솔매로50길 골목형상점가,골목형상점가,서울특별시,,,
19ffa52d1f1c3793bd58,full_annotation_v1,A,q_미용_04,머리하는 곳,뷰티·미용 중 '미용'을 판매·제공하는 매장,train,미용,T2 동의어,6b74f68a-8138-4f9d-a782-ffe4ef102596,청기와24시감자탕,감자탕,평택시배미지구 골목형상점가,골목형상점가,경기도,,,
b020ad4f691d83d0c099,full_annotation_v1,A,q_미용_04,머리하는 곳,뷰티·미용 중 '미용'을 판매·제공하는 매장,train,미용,T2 동의어,bd173a93-2c4f-4d6d-8bbd-955c54d17a88,머리하는날,미용,무등산그린웰로제비앙 골목형상점가,골목형상점가,광주광역시,,,
99133df90ecb2aee7e1f,full_annotation_v1,A,q_미용_04,머리하는 곳,뷰티·미용 중 '미용'을 판매·제공하는 매장,train,미용,T2 동의어,38d70303-f616-4b1b-aefc-c4c924e5dfe1,머리하는 날,헤어컷,본촌마을길 골목형상점가,골목형상점가,광주광역시,,,
8b4abbc5f24a35a4248a,full_annotation_v1,A,q_미용_04,머리하는 곳,뷰티·미용 중 '미용'을 판매·제공하는 매장,train,미용,T2 동의어,c111ac9d-3f3a-405c-a8db-4d127ccda9e2,행복이 있는 곳,잡화,제주로얄쇼핑센터,자율상권구역,제주특별자치도,,,
7f6fc4eaab85498aa47b,full_annotation_v1,A,q_미용_04,머리하는 곳,뷰티·미용 중 '미용'을 판매·제공하는 매장,train,미용,T2 동의어,003f331a-de38-4946-a580-57373cb1175d,댕기머리,미용실,주천골목형상점가,골목형상점가,강원특별자치도,,,
4f0d33b1981494b6f627,full_annotation_v1,A,q_미용_04,머리하는 곳,뷰티·미용 중 '미용'을 판매·제공하는 매장,train,미용,T2 동의어,a72c4896-7140-49f1-8cc1-15e98c6cfe98,깐느헤어,머리,자양15번가골목형상점가,골목형상점가,서울특별시,,,
1b8fa19a646547356f37,full_annotation_v1,A,q_미용_04,머리하는 곳,뷰티·미용 중 '미용'을 판매·제공하는 매장,train,미용,T2 동의어,883b9754-d55a-475a-98f6-4d616e9c2c80,매일머리하는곳,미용실,화정동 서부시장,전통시장,광주광역시,,,
862a474528b2737f7e04,full_annotation_v1,A,q_미용_04,머리하는 곳,뷰티·미용 중 '미용'을 판매·제공하는 매장,train,미용,T2 동의어,ca3a2072-e6e0-4976-ada1-a6482fecfcb2,신의주찹쌀순대,음식(한식),산본로데오거리(구 산본중심상가),자율상권구역,경기도,,,
98ac8e5cb496f570498b,full_annotation_v1,A,q_미용_04,머리하는 곳,뷰티·미용 중 '미용'을 판매·제공하는 매장,train,미용,T2 동의어,47ac625a-f2cb-4255-b11c-08b807475529,손현정뷰티&네일,두피케어제품,우산동빛고을 골목형상점가,골목형상점가,광주광역시,,,
077eb21fa8be8892d15e,full_annotation_v1,A,q_미용_04,머리하는 곳,뷰티·미용 중 '미용'을 판매·제공하는 매장,train,미용,T2 동의어,68296e50-697d-4137-a8e1-ba8f55e22abb,머리하는풍경,미용,음성시장,전통시장,충청북도,,,
5b739375abc7f1d8946d,full_annotation_v1,A,q_미용_04,머리하는 곳,뷰티·미용 중 '미용'을 판매·제공하는 매장,train,미용,T2 동의어,00138176-f25b-4a96-9761-dd00f1a4dd28,보아스헤어아트,미용,봉제산길골목형상점가,골목형상점가,서울특별시,,,
b64f9857692d93e52e45,full_annotation_v1,A,q_미용_04,머리하는 곳,뷰티·미용 중 '미용'을 판매·제공하는 매장,train,미용,T2 동의어,01bbc08f-bb91-4aae-a597-a5e183ea0d11,언니네살롱,헤어,송정 다누리 골목형상점가,골목형상점가,광주광역시,,,
d50187a755129cfd4cd1,full_annotation_v1,A,q_미용_04,머리하는 곳,뷰티·미용 중 '미용'을 판매·제공하는 매장,train,미용,T2 동의어,00222f52-5d1f-4fb1-b0a6-7b4864ce177f,아리따움서대문연희점,화장품,연희사러가,전통시장,서울특별시,,,
afb84cd1f275b5964225,full_annotation_v1,A,q_미용_04,머리하는 곳,뷰티·미용 중 '미용'을 판매·제공하는 매장,train,미용,T2 동의어,008c73ed-3ece-452b-aa49-b96b73ff1ba1,온결 스킨앤바디,화장품,가재마을 골목형상점가,골목형상점가,세종특별자치시,,,
96054c5013500f3f31a0,full_annotation_v1,A,q_미용_04,머리하는 곳,뷰티·미용 중 '미용'을 판매·제공하는 매장,train,미용,T2 동의어,00593d82-d6a7-4e33-8e50-1b8ea23e947f,뮤헤어,두발미용업,병점중심상가,자율상권구역,경기도,,,
00e7c128a9204c19a9d1,full_annotation_v1,A,q_미용_04,머리하는 곳,뷰티·미용 중 '미용'을 판매·제공하는 매장,train,미용,T2 동의어,02484083-ef42-44cf-903b-18a6f84601de,더휴헤어,"미용, 헤어",창원 덕산1차상가,전통시장,경상남도,,,
5c8e6a187c4655b19373,full_annotation_v1,A,q_미용_04,머리하는 곳,뷰티·미용 중 '미용'을 판매·제공하는 매장,train,미용,T2 동의어,22afdf71-1217-4bb8-838e-23a6534d5d55,VOHAB헤어살롱,머리,신가아름마을,골목형상점가,광주광역시,,,
2c9cbe03484830ce2550,full_annotation_v1,A,q_미용_04,머리하는 곳,뷰티·미용 중 '미용'을 판매·제공하는 매장,train,미용,T2 동의어,5e8e70dd-f542-455a-bac7-8e67d543c09b,이선희머리하는곳,미용,학소로 골목형상점가,골목형상점가,광주광역시,,,
5e9f6f611b9559500a13,full_annotation_v1,A,q_미용_04,머리하는 곳,뷰티·미용 중 '미용'을 판매·제공하는 매장,train,미용,T2 동의어,027b7332-611e-498a-9ef6-1e9e536dbf4a,모모샵,두발 시술,온누리상인회 골목형상점가,골목형상점가,광주광역시,,,
aab94b0a6b8506f60aea,full_annotation_v1,A,q_미용_04,머리하는 곳,뷰티·미용 중 '미용'을 판매·제공하는 매장,train,미용,T2 동의어,03321569-a189-4dea-8592-49bb6f114163,김송정머리터용인점 봄날애 헤어,헤어,동백역 골목형상점가,골목형상점가,경기도,,,
6b81ff0f4ba761625fe3,full_annotation_v1,A,q_미용_04,머리하는 곳,뷰티·미용 중 '미용'을 판매·제공하는 매장,train,미용,T2 동의어,011291c0-305f-48b7-b50a-635b97da79c0,라라헤어,헤어,한들물빛도시 골목형 상점가,골목형상점가,충청남도,,,
2f3f34f653915fcbc91b,full_annotation_v1,A,q_미용_04,머리하는 곳,뷰티·미용 중 '미용'을 판매·제공하는 매장,train,미용,T2 동의어,064162f2-e3e2-48f7-9ba7-38cefb3c735b,스텔라 가발전문점,,부천역 지하도로 상가,일반지하상점가,경기도,,,
341522107bc79c050991,full_annotation_v1,A,q_미용_04,머리하는 곳,뷰티·미용 중 '미용'을 판매·제공하는 매장,train,미용,T2 동의어,556abe57-270f-42d0-9942-fbc09dbe637c,제신약국,,동대문종합시장 D동상가,전통시장,서울특별시,,,
5b735400890c043305ca,full_annotation_v1,A,q_미용_04,머리하는 곳,뷰티·미용 중 '미용'을 판매·제공하는 매장,train,미용,T2 동의어,9723891e-ea45-4ead-8226-e2ce17d85d3f,머리하기 좋은날,미용실,금호아파트상인회 골목형상점가,골목형상점가,광주광역시,,,
bc18828f9ddd56882925,full_annotation_v1,A,q_미용_04,머리하는 곳,뷰티·미용 중 '미용'을 판매·제공하는 매장,train,미용,T2 동의어,074ad32b-e2ea-4972-93e1-ea399e745a39,"한돈명가,곤지암할매 소머리국밥 혁신점",,나주혁신도시 골목형상점가,골목형상점가,,,,
2d3b0c9e6c8ed588251a,full_annotation_v1,A,q_미용_04,머리하는 곳,뷰티·미용 중 '미용'을 판매·제공하는 매장,train,미용,T2 동의어,c0366def-a6b3-452c-858b-65d0d5c13467,머리하는여진,헤어,문흥1동 골목형상점가,골목형상점가,광주광역시,,,
e00052887fca645e321f,full_annotation_v1,A,q_미용_04,머리하는 곳,뷰티·미용 중 '미용'을 판매·제공하는 매장,train,미용,T2 동의어,32e52624-0095-4f4a-85c6-8e9b28dbf5ef,정선황기막국수,막국수,정선아리랑시장,전통시장,강원특별자치도,,,
258cb7be5bfb0a390861,full_annotation_v1,A,q_미용_04,머리하는 곳,뷰티·미용 중 '미용'을 판매·제공하는 매장,train,미용,T2 동의어,0017ec9c-4997-4ef5-a552-7fffc7dd149c,아리따움 진주서부점,화장품,진주 새서부시장,전통시장,경상남도,,,
2496c45d62ec8e8f7390,full_annotation_v1,A,q_미용_04,머리하는 곳,뷰티·미용 중 '미용'을 판매·제공하는 매장,train,미용,T2 동의어,751da797-0258-4679-b1f7-6a823594ae9a,오늘은머리하는날,파마,세은 골목형상점가,골목형상점가,광주광역시,,,
50471e20badb3e357a7e,full_annotation_v1,A,q_미용_04,머리하는 곳,뷰티·미용 중 '미용'을 판매·제공하는 매장,train,미용,T2 동의어,76a3551b-dae4-4326-92cc-662015aedbfb,쉴 곳,한식,칠성로상점가,자율상권구역,제주특별자치도,,,
9023539e0c283affac08,full_annotation_v1,A,q_미용_04,머리하는 곳,뷰티·미용 중 '미용'을 판매·제공하는 매장,train,미용,T2 동의어,b2aed80a-3d0b-482c-b036-7cc834c6afa8,머리하는날,미용,구성언남 골목형상점가,골목형상점가,경기도,,,
4a21a24bc3863cc6c352,full_annotation_v1,A,q_미용_04,머리하는 곳,뷰티·미용 중 '미용'을 판매·제공하는 매장,train,미용,T2 동의어,5abcb684-a2f3-4bdb-bdef-65ad696491c0,아이앤아이안경콘택트,안경,산성로 상권활성화구역,상권활성화구역,경기도,,,
21f8d4fb8336c97335d0,full_annotation_v1,A,q_미용_04,머리하는 곳,뷰티·미용 중 '미용'을 판매·제공하는 매장,train,미용,T2 동의어,3417ad49-dfd9-44da-b76c-09023311ae21,더미인나라,스킨케어두피케어 제품,호남동 골목형상점가,골목형상점가,광주광역시,,,
f56ca54e6c815233dcd0,full_annotation_v1,A,q_미용_04,머리하는 곳,뷰티·미용 중 '미용'을 판매·제공하는 매장,train,미용,T2 동의어,0041672f-0704-459b-a485-1502c7de1bef,지모바버샵,이발,쌍리단길상점가,자율상권구역,서울특별시,,,
11030b47adaf2ecbada5,full_annotation_v1,A,q_미용_04,머리하는 곳,뷰티·미용 중 '미용'을 판매·제공하는 매장,train,미용,T2 동의어,92548a0a-8f5c-4c3d-85da-5399add701aa,네일끌림,,정남진활력의거리 골목형상점가,골목형상점가,,,,
e03dc40ab308e0b8dcf4,full_annotation_v1,A,q_미용_04,머리하는 곳,뷰티·미용 중 '미용'을 판매·제공하는 매장,train,미용,T2 동의어,c5bd5ebf-03d9-4ab5-866b-38be667d32cd,머리하는손,미용,상록벚꽃상인회 골목형상점가,골목형상점가,광주광역시,,,
1edf74d94d0d25f27689,full_annotation_v1,A,q_미용_04,머리하는 곳,뷰티·미용 중 '미용'을 판매·제공하는 매장,train,미용,T2 동의어,003cdc8a-95fe-43ea-8350-f4c63913a6f8,정선화장품,화장품,오천시장,전통시장,경상북도,,,
65f3d2736c8f399be81e,full_annotation_v1,A,q_미용_04,머리하는 곳,뷰티·미용 중 '미용'을 판매·제공하는 매장,train,미용,T2 동의어,d179c358-43f8-4542-ad52-27a77d438113,밀숲 남부시장점,칼국수,안양남부시장,전통시장,경기도,,,
f3929b915184f668bac6,full_annotation_v1,A,q_미용_04,머리하는 곳,뷰티·미용 중 '미용'을 판매·제공하는 매장,train,미용,T2 동의어,0009149f-621a-493e-9fd1-252a8ac6c75b,글로리,미용실,중흥동 큰샘길 골목형상점가,골목형상점가,광주광역시,,,
13464a3c87f7a2af4c31,full_annotation_v1,A,q_미용_04,머리하는 곳,뷰티·미용 중 '미용'을 판매·제공하는 매장,train,미용,T2 동의어,038c2ca6-a29e-4fb1-91d4-52b8a417f0e2,예쁜머리만들기,,뚝섬로윗길 골목형상점가,골목형상점가,서울특별시,,,
a9872831c54f06045fef,full_annotation_v1,A,q_미용_04,머리하는 곳,뷰티·미용 중 '미용'을 판매·제공하는 매장,train,미용,T2 동의어,5ce4b10e-da15-40b1-b420-de9878c23130,대게나라평택점,대게킹크랩랍스타,배다리저수지 골목형상점가,골목형상점가,경기도,,,
ac135235637cfb06586a,full_annotation_v1,A,q_미용_04,머리하는 곳,뷰티·미용 중 '미용'을 판매·제공하는 매장,train,미용,T2 동의어,111d2176-af6d-4214-844a-51453de36f46,주연가발,가발,고투몰(강남터미널지하도상점가),일반지하상점가,서울특별시,,,
ee60778834f777e0ccc1,full_annotation_v1,A,q_미용_04,머리하는 곳,뷰티·미용 중 '미용'을 판매·제공하는 매장,train,미용,T2 동의어,00ece52b-629f-4e52-abd8-754dd96759c2,슈퍼스타헤어,두발미용,월곡달빛오거리골목형상점가,골목형상점가,서울특별시,,,
c3b8f988e1f470c05ff8,full_annotation_v1,A,q_미용_04,머리하는 곳,뷰티·미용 중 '미용'을 판매·제공하는 매장,train,미용,T2 동의어,a8483fea-9b90-4dc7-95cd-933f26b432ec,머리하는날,미용,금곡 홍유릉상점가,자율상권구역,경기도,,,
90e117fbc6148096a9b7,full_annotation_v1,A,q_미용_04,머리하는 곳,뷰티·미용 중 '미용'을 판매·제공하는 매장,train,미용,T2 동의어,0cb7899c-8082-48a4-a3b8-79e3c35ef3d9,머리해연,,포천솔리단길 골목형상점가,골목형상점가,경기도,,,
90d84791076c3a8993e8,full_annotation_v1,A,q_미용_04,머리하는 곳,뷰티·미용 중 '미용'을 판매·제공하는 매장,train,미용,T2 동의어,a1145ff5-57d8-4506-b5f3-9cf250b97be9,머리하는날,파마염색,계림동헌책방거리 골목형상점가,골목형상점가,광주광역시,,,
a11041f0d9b33ffa61fc,full_annotation_v1,A,q_미용_04,머리하는 곳,뷰티·미용 중 '미용'을 판매·제공하는 매장,train,미용,T2 동의어,0bf0f3f3-940c-43c3-8fdb-cc7fa8b52524,고운머리,"소매(가발,액세서리,자수용품)",미금현대벤처빌시장,전통시장,경기도,,,
b568dc392e6881f4fe87,full_annotation_v1,A,q_미용_04,머리하는 곳,뷰티·미용 중 '미용'을 판매·제공하는 매장,train,미용,T2 동의어,8d233aaa-7791-437d-a582-d4c81c604cec,머리하기 좋은날,미용업,봉선중길 골목형상점가,골목형상점가,광주광역시,,,
9e4c79b6c07b83c5ee27,full_annotation_v1,A,q_미용_04,머리하는 곳,뷰티·미용 중 '미용'을 판매·제공하는 매장,train,미용,T2 동의어,f493fa4d-d509-44c9-9c6b-cef622612530,순수분식&포차,한식,명촌꽃길 골목형상점가,골목형상점가,울산광역시,,,
14289ce2ca20a582e9f5,full_annotation_v1,A,q_미용_04,머리하는 곳,뷰티·미용 중 '미용'을 판매·제공하는 매장,train,미용,T2 동의어,87cfd15a-c1f7-46bc-aba7-3470f394b282,머리하자미용실,미용,도마큰시장,전통시장,대전광역시,,,
e7e206a133070f64691c,full_annotation_v1,A,q_미용_04,머리하는 곳,뷰티·미용 중 '미용'을 판매·제공하는 매장,train,미용,T2 동의어,72a70bce-7da2-46b3-bb73-346d4b0e4ba0,머리하기좋은날,미용,청주북부시장,전통시장,충청북도,,,
26b767110792700c6f15,full_annotation_v1,A,q_미용_04,머리하는 곳,뷰티·미용 중 '미용'을 판매·제공하는 매장,train,미용,T2 동의어,c0f73bd1-cbd8-4b12-933a-1b6c59e7e9cd,경성기지떡,떡류,대해불빛시장(대해종합시장),전통시장,경상북도,,,
257d245664b88652732a,full_annotation_v1,A,q_미용_04,머리하는 곳,뷰티·미용 중 '미용'을 판매·제공하는 매장,train,미용,T2 동의어,e28a81e2-0258-4dd5-867f-8abbbaed13d0,머리하는곳,미용,동부시장 미드랑길 골목형상점가,골목형상점가,서울특별시,,,
8d472418a3166769ebbf,full_annotation_v1,A,q_미용_04,머리하는 곳,뷰티·미용 중 '미용'을 판매·제공하는 매장,train,미용,T2 동의어,0033e403-2853-4086-a2b3-2ee73a5ac7d4,변필주미용실,서비스(미용실),양동역별빛시장(양동쌍학시장),전통시장,경기도,,,
6aa2cdc475a0a49a80a1,full_annotation_v1,A,q_미용_04,머리하는 곳,뷰티·미용 중 '미용'을 판매·제공하는 매장,train,미용,T2 동의어,49502dea-b5df-4696-9bbd-e9ae01e12272,머리하는 풍경,헤어미용,연제초 앞 골목형상점가,골목형상점가,광주광역시,,,
e35b63a7b78d9a80d7ed,full_annotation_v1,A,q_미용_04,머리하는 곳,뷰티·미용 중 '미용'을 판매·제공하는 매장,train,미용,T2 동의어,8b16263b-1b9d-45c2-91aa-8f157c5c7523,사가정 웰빙 잉어빵,잉어빵,사가정시장,전통시장,서울특별시,,,
08c257d10bec504ec2df,full_annotation_v1,A,q_미용_04,머리하는 곳,뷰티·미용 중 '미용'을 판매·제공하는 매장,train,미용,T2 동의어,667a4502-d218-4126-9d03-6a16cec711db,머리못하는집,미용실,남성역 골목시장,전통시장,서울특별시,,,
166e25b22bfa8abf9d27,full_annotation_v1,A,q_미용_04,머리하는 곳,뷰티·미용 중 '미용'을 판매·제공하는 매장,train,미용,T2 동의어,ee6c2ba1-cadf-4780-a695-07ef1a82287c,머리잘헤어,미용,남양주장현전통시장,전통시장,경기도,,,
e93ce9e4d46de5dc8b88,full_annotation_v1,A,q_미용_04,머리하는 곳,뷰티·미용 중 '미용'을 판매·제공하는 매장,train,미용,T2 동의어,039ab44d-ff38-41e4-8b48-22a1a8576261,헤어초이스앤두피케어,,도마달 골목형상점가,골목형상점가,대전광역시,,,
e9e42d06fbf134afe56e,full_annotation_v1,A,q_미용_04,머리하는 곳,뷰티·미용 중 '미용'을 판매·제공하는 매장,train,미용,T2 동의어,000d8836-38bd-43a9-92f2-698d67d5926b,라미헤어스튜디오,미용실,포항중앙상가,전통시장,경상북도,,,
40958fe7b71b328f5299,full_annotation_v1,A,q_미용_04,머리하는 곳,뷰티·미용 중 '미용'을 판매·제공하는 매장,train,미용,T2 동의어,1934ca93-c38b-44af-9f91-5ea8ae0972a2,광장이발소,이발소,춘천지하상가,일반지하상점가,강원특별자치도,,,
72d696bd7e8cebf1892e,full_annotation_v1,A,q_미용_04,머리하는 곳,뷰티·미용 중 '미용'을 판매·제공하는 매장,train,미용,T2 동의어,6327bff6-bb63-47b4-8110-2a48e3d665c0,샤론,여성복,평화시장,전통시장,서울특별시,,,
9dba06f9f2e424158633,full_annotation_v1,A,q_미용_04,머리하는 곳,뷰티·미용 중 '미용'을 판매·제공하는 매장,train,미용,T2 동의어,2743811c-5e71-4d2b-aa75-1b0147d44f2d,사우 꽃이 피는 곳,꽃,김포 풍년마을 골목형상점가,골목형상점가,경기도,,,
14bf9a2d7f4766883fc3,full_annotation_v1,A,q_미용_04,머리하는 곳,뷰티·미용 중 '미용'을 판매·제공하는 매장,train,미용,T2 동의어,16e1e152-d86b-460a-8d2c-d937d6f6f45a,머리하는날,미용,아랫장,전통시장,전라남도,,,
a19db04a1830846ae69e,full_annotation_v1,A,q_미용_04,머리하는 곳,뷰티·미용 중 '미용'을 판매·제공하는 매장,train,미용,T2 동의어,10438442-a66e-4675-9cfa-fdb04e6d8020,스코빌바버샵,이발,전남대후문골목형상점가,골목형상점가,광주광역시,,,
9f6b963defecaacbb8f5,full_annotation_v1,A,q_미용_04,머리하는 곳,뷰티·미용 중 '미용'을 판매·제공하는 매장,train,미용,T2 동의어,5848e2c6-38e0-445b-bed3-f794cf8b3afe,머리하기좋은날,미용,청천시장(구 청천전통시장),전통시장,충청북도,,,
200ac102a9188f2e8fca,full_annotation_v1,A,q_미용_04,머리하는 곳,뷰티·미용 중 '미용'을 판매·제공하는 매장,train,미용,T2 동의어,442cf767-a47e-4b4b-a06c-9a55c97641c0,드부아네일,"네일아트, 케어",동송전통시장,전통시장,강원특별자치도,,,
0c75c8b089bfd4d9242c,full_annotation_v1,A,q_미용_04,머리하는 곳,뷰티·미용 중 '미용'을 판매·제공하는 매장,train,미용,T2 동의어,01830c3a-5f7e-4396-9772-38b51bd90dc0,새로나국밥,국밥 족발 머리고기,무등시장,전통시장,광주광역시,,,
64015bfb21a1f3b9eaa0,full_annotation_v1,A,q_미용_04,머리하는 곳,뷰티·미용 중 '미용'을 판매·제공하는 매장,train,미용,T2 동의어,1158398c-1d39-40e8-8785-f6edad4efd75,e쁘네미용실,"커트, 파마, 염색, 가발",월빛 골목형상점가,골목형상점가,광주광역시,,,
7dcd85e481009f0760e1,full_annotation_v1,A,q_미용_04,머리하는 곳,뷰티·미용 중 '미용'을 판매·제공하는 매장,train,미용,T2 동의어,87dcea56-a04c-43c2-9a78-3ecb4b09ebd0,머리하는 풍경,두발,화정금화로상인회 골목형상점가,골목형상점가,광주광역시,,,
5868af4289b0dc6f57a1,full_annotation_v1,A,q_미용_04,머리하는 곳,뷰티·미용 중 '미용'을 판매·제공하는 매장,train,미용,T2 동의어,279469bd-84b6-410c-bd0e-10a5e6f2bf12,머리하다,미용업,송천중앙로 골목형상점가,골목형상점가,전북특별자치도,,,
7fdeaf2729997cfd40e8,full_annotation_v1,A,q_미용_04,머리하는 곳,뷰티·미용 중 '미용'을 판매·제공하는 매장,train,미용,T2 동의어,00131122-77cf-4772-b141-202f0f950f5c,라라샵,화장품,유성신나는 골목형상점가,골목형상점가,대전광역시,,,
32039cef0fc438b4df40,full_annotation_v1,A,q_미용_04,머리하는 곳,뷰티·미용 중 '미용'을 판매·제공하는 매장,train,미용,T2 동의어,000407f6-6813-4322-a44c-ed6c1a90dafc,하루,두발,첨단동행 골목형상점가,골목형상점가,광주광역시,,,
c6845dd78890215d2864,full_annotation_v1,A,q_미용_04,머리하는 곳,뷰티·미용 중 '미용'을 판매·제공하는 매장,train,미용,T2 동의어,da689695-5b6b-4e89-9048-e28ae47fb6f4,예쁜머리하는집,미용실,광흥창골목형상점가,골목형상점가,서울특별시,,,
a842f5028948047de073,full_annotation_v1,A,q_미용_04,머리하는 곳,뷰티·미용 중 '미용'을 판매·제공하는 매장,train,미용,T2 동의어,24456103-f6b8-46af-8655-82e61d7265d8,커피가 머무르는 곳,커피,반드레길골목형상점가,골목형상점가,서울특별시,,,
eaca0444103dd0086b9a,full_annotation_v1,A,q_미용_04,머리하는 곳,뷰티·미용 중 '미용'을 판매·제공하는 매장,train,미용,T2 동의어,02d44cdc-b600-43fd-880d-cff5e9214c6b,서암이뱔관,이발소,통진시장,전통시장,경기도,,,
74bcc9c2bf2e18192019,full_annotation_v1,A,q_미용_04,머리하는 곳,뷰티·미용 중 '미용'을 판매·제공하는 매장,train,미용,T2 동의어,40dd4605-bb4a-4f12-8ba3-eccfbd8bcc2e,머리하는날,미용실,약수시장골목형상점가,골목형상점가,서울특별시,,,
033c34ba54d81a6114d7,full_annotation_v1,A,q_미용_04,머리하는 곳,뷰티·미용 중 '미용'을 판매·제공하는 매장,train,미용,T2 동의어,001f80ca-1d03-4781-b117-7eaa52fb24f5,홍미용실,일반미용업,김제중앙시장,전통시장,전북특별자치도,,,
6ca7e6fb7a740e7070b7,full_annotation_v1,A,q_미용_04,머리하는 곳,뷰티·미용 중 '미용'을 판매·제공하는 매장,train,미용,T2 동의어,94832cac-a3bd-4689-b9cc-40776a1f8573,머리하는곳,미용,서둔동 골목형상점가,골목형상점가,경기도,,,
f9c12f917d269a05bd20,full_annotation_v1,A,q_미용_04,머리하는 곳,뷰티·미용 중 '미용'을 판매·제공하는 매장,train,미용,T2 동의어,038d83ed-3c85-404b-8aa9-222a893da5b3,고기왕김태백고기국물고기반찬,"식육, 가공양념육외 소머리.돼지머리.부산물등",후평일단지시장,전통시장,강원특별자치도,,,
bdeedc75b537f0477e23,full_annotation_v1,A,q_미용_04,머리하는 곳,뷰티·미용 중 '미용'을 판매·제공하는 매장,train,미용,T2 동의어,07b235a7-143c-4c9b-8274-969b13972da2,대구센타,,내산 골목형상점가,골목형상점가,대구광역시,,,
fe7a67391c35ca5166aa,full_annotation_v1,A,q_미용_04,머리하는 곳,뷰티·미용 중 '미용'을 판매·제공하는 매장,train,미용,T2 동의어,3b1f1ad7-f476-4368-8a38-e387940addf6,보라약국,의약품,창원 사파동성종합상가,전통시장,경상남도,,,
223fbc4b0501ea48ff0b,full_annotation_v1,A,q_미용_04,머리하는 곳,뷰티·미용 중 '미용'을 판매·제공하는 매장,train,미용,T2 동의어,1af35727-2f4b-4c1e-a635-941ead24746d,머리하는공장,미용업,우산골 골목형상점가,골목형상점가,광주광역시,,,
3982c85e062e95f5e483,full_annotation_v1,A,q_미용_04,머리하는 곳,뷰티·미용 중 '미용'을 판매·제공하는 매장,train,미용,T2 동의어,0157acd5-d1fd-46d1-afff-002eb6ffb986,나무헤어살롱,두발미용,죽전로데오상점가,전통시장,경기도,,,
bb92291c23f1f87d66f9,full_annotation_v1,A,q_미용_04,머리하는 곳,뷰티·미용 중 '미용'을 판매·제공하는 매장,train,미용,T2 동의어,c36339c9-e195-4add-9928-8df2d10779d9,설빙(죽도점),"토스트, 빙수, 커피",포항중앙상가,전통시장,경상북도,,,
c6b1654bdce8407c2b73,full_annotation_v1,A,q_미용_04,머리하는 곳,뷰티·미용 중 '미용'을 판매·제공하는 매장,train,미용,T2 동의어,0250e284-2897-44e3-b681-da46d2c84cd1,쏘이살롱(SSOISALON)2호점,헤어,빛가람 하나로 골목형상점가,골목형상점가,전라남도,,,
cf4b934dae568f3837a6,full_annotation_v1,A,q_미용_04,머리하는 곳,뷰티·미용 중 '미용'을 판매·제공하는 매장,train,미용,T2 동의어,0001b1fc-5455-433e-8e94-96d051362b17,유난희헤어샵,미용실,창원 대동그린코아상가,전통시장,경상남도,,,
bc705b7462d3b52d3994,full_annotation_v1,A,q_미용_04,머리하는 곳,뷰티·미용 중 '미용'을 판매·제공하는 매장,train,미용,T2 동의어,5b6b40c7-9f99-4ef9-ac2e-93ac23311e81,머리하는날,미용실,문흥초등학교주변 골목형상점가,골목형상점가,광주광역시,,,
e93863f8d89d28ddcca5,full_annotation_v1,A,q_미용_04,머리하는 곳,뷰티·미용 중 '미용'을 판매·제공하는 매장,train,미용,T2 동의어,f72a87c1-22d8-4a8d-95d9-4e268662a350,머리하는날,미용실,용인중앙시장,전통시장,경기도,,,
ce3dcfcc5fee89c310d1,full_annotation_v1,A,q_미용_04,머리하는 곳,뷰티·미용 중 '미용'을 판매·제공하는 매장,train,미용,T2 동의어,4e1a25ca-7b41-47ed-99e8-2bfc6ba54521,바노두피,두피케어,새롬동 골목형상점가,골목형상점가,세종특별자치시,,,
27ad61b011365acaab9f,full_annotation_v1,A,q_미용_05,미용실,뷰티·미용 중 '미용'을 판매·제공하는 매장,train,미용,T2 동의어,1a0e3657-8e7a-46c4-bc09-9d388da7717b,태후사랑,미용실,일곡동(제2지역:자연마을365거리) 골목형상점가,골목형상점가,광주광역시,,,
b3328cc7831391d2d962,full_annotation_v1,A,q_미용_05,미용실,뷰티·미용 중 '미용'을 판매·제공하는 매장,train,미용,T2 동의어,03d69935-aeaf-4fae-94e5-34f396eb4ff1,미니미니샵,악세서리,구즉 골목형상점가,골목형상점가,대전광역시,,,
67a4819907673f6a1ef9,full_annotation_v1,A,q_미용_05,미용실,뷰티·미용 중 '미용'을 판매·제공하는 매장,train,미용,T2 동의어,1efaf3ed-5284-40c8-b895-50650dd13589,까망헤어,미용실,비아중앙로 골목형상점가,골목형상점가,광주광역시,,,
f5d00e20903924bcbaed,full_annotation_v1,A,q_미용_05,미용실,뷰티·미용 중 '미용'을 판매·제공하는 매장,train,미용,T2 동의어,3048ca00-7eeb-4c2d-8d75-9e78f3b15ae9,기분전환 미용실,미용실,양주신산시장마을상점가,골목형상점가,경기도,,,
3b106b282f36b45da88e,full_annotation_v1,A,q_미용_05,미용실,뷰티·미용 중 '미용'을 판매·제공하는 매장,train,미용,T2 동의어,00ece52b-629f-4e52-abd8-754dd96759c2,슈퍼스타헤어,두발미용,월곡달빛오거리골목형상점가,골목형상점가,서울특별시,,,
0c887475be7cb79cfed8,full_annotation_v1,A,q_미용_05,미용실,뷰티·미용 중 '미용'을 판매·제공하는 매장,train,미용,T2 동의어,0001b1fc-5455-433e-8e94-96d051362b17,유난희헤어샵,미용실,창원 대동그린코아상가,전통시장,경상남도,,,
b63f2eed2dbbe6fb5c09,full_annotation_v1,A,q_미용_05,미용실,뷰티·미용 중 '미용'을 판매·제공하는 매장,train,미용,T2 동의어,6324906e-4e71-4b5b-bab6-1bfd229a8478,여심미용실,미용실,평해시장,전통시장,경상북도,,,
fbc217908578db61a4d7,full_annotation_v1,A,q_미용_05,미용실,뷰티·미용 중 '미용'을 판매·제공하는 매장,train,미용,T2 동의어,e9f20112-79ff-4d9d-83b0-c17d28f23320,다함께 행복한 미용실,미용실,장자호수공원 골목형상점가,골목형상점가,경기도,,,
289ed9178be05499a6b2,full_annotation_v1,A,q_미용_05,미용실,뷰티·미용 중 '미용'을 판매·제공하는 매장,train,미용,T2 동의어,928138ea-3d32-4f03-a232-33ea67d618c3,엘르 미용실,미용실,법원단지길골목형상점가,골목형상점가,서울특별시,,,
7cf5c77d02683bdadc1d,full_annotation_v1,A,q_미용_05,미용실,뷰티·미용 중 '미용'을 판매·제공하는 매장,train,미용,T2 동의어,37ad331f-7046-4ffe-aa9f-50734cbeb369,헤어#,미용실,하남 골목형상점가,골목형상점가,광주광역시,,,
ad2f7d1ef177a67d3f6e,full_annotation_v1,A,q_미용_05,미용실,뷰티·미용 중 '미용'을 판매·제공하는 매장,train,미용,T2 동의어,dca39dad-ccae-4ef1-b7b5-b244a631c1e5,태후사랑,미용실,정부청사 골목형상점가,골목형상점가,광주광역시,,,
7a48974a4314cb44e6c8,full_annotation_v1,A,q_미용_05,미용실,뷰티·미용 중 '미용'을 판매·제공하는 매장,train,미용,T2 동의어,fccdbced-93c7-4b4b-93f1-c8de83f746ad,필미용실,미용실,반구시장,전통시장,울산광역시,,,
c5e77d95182d432178d8,full_annotation_v1,A,q_미용_05,미용실,뷰티·미용 중 '미용'을 판매·제공하는 매장,train,미용,T2 동의어,9287cbae-e77a-4511-a961-63db18d3e87c,탑미용실,미용실,평택통복시장,전통시장,경기도,,,
c2ee96013dc43ef374f6,full_annotation_v1,A,q_미용_05,미용실,뷰티·미용 중 '미용'을 판매·제공하는 매장,train,미용,T2 동의어,da245727-0538-4a37-83e8-24fa327b09b3,꿈이있는 미용실,미용실,장천동상가,자율상권구역,전라남도,,,
bca6bb91ab3253d638b0,full_annotation_v1,A,q_미용_05,미용실,뷰티·미용 중 '미용'을 판매·제공하는 매장,train,미용,T2 동의어,a2d28ebd-b53e-4167-86a8-0097eced85f4,용미용실,미용실,예천상설시장,전통시장,경상북도,,,
90184af54eac97ce64f7,full_annotation_v1,A,q_미용_05,미용실,뷰티·미용 중 '미용'을 판매·제공하는 매장,train,미용,T2 동의어,442cf767-a47e-4b4b-a06c-9a55c97641c0,드부아네일,"네일아트, 케어",동송전통시장,전통시장,강원특별자치도,,,
bad318c670b1e598a57d,full_annotation_v1,A,q_미용_05,미용실,뷰티·미용 중 '미용'을 판매·제공하는 매장,train,미용,T2 동의어,0c241f35-bd1c-4365-9b51-06501803dbfa,장콤,미용실,수완이지더원 골목형상점가,골목형상점가,광주광역시,,,
155dcb161728f0377b5f,full_annotation_v1,A,q_미용_05,미용실,뷰티·미용 중 '미용'을 판매·제공하는 매장,train,미용,T2 동의어,02d44cdc-b600-43fd-880d-cff5e9214c6b,서암이뱔관,이발소,통진시장,전통시장,경기도,,,
4c79138e478eff2b8b4e,full_annotation_v1,A,q_미용_05,미용실,뷰티·미용 중 '미용'을 판매·제공하는 매장,train,미용,T2 동의어,fff25254-39b5-47b7-a516-89f0313b1559,하룸,미용실,봉곡우전로 골목형상점가,골목형상점가,전북특별자치도,,,
b5bb9977b0e91377e060,full_annotation_v1,A,q_미용_05,미용실,뷰티·미용 중 '미용'을 판매·제공하는 매장,train,미용,T2 동의어,b1498536-a0af-4ce2-a635-256a006bef4c,유닝,미용실,전주원도심 골목형상점가,골목형상점가,전북특별자치도,,,
f5f6d2ede652f1bafaec,full_annotation_v1,A,q_미용_05,미용실,뷰티·미용 중 '미용'을 판매·제공하는 매장,train,미용,T2 동의어,c4182852-e3b4-48b2-b716-fa2f69857b6b,오본,미용실,부산대자율상권구역,기타,부산광역시,,,
e52f43d127c0dfda2407,full_annotation_v1,A,q_미용_05,미용실,뷰티·미용 중 '미용'을 판매·제공하는 매장,train,미용,T2 동의어,d9e58968-570a-4b6c-8dab-586a54fc71a4,신순오미용실,미용실,(지정취소)다산마을상가거리골목형상점가,골목형상점가,서울특별시,,,
70bb5d61129d30396ae7,full_annotation_v1,A,q_미용_05,미용실,뷰티·미용 중 '미용'을 판매·제공하는 매장,train,미용,T2 동의어,00138176-f25b-4a96-9761-dd00f1a4dd28,보아스헤어아트,미용,봉제산길골목형상점가,골목형상점가,서울특별시,,,
92479cd6ee70e43ebdaf,full_annotation_v1,A,q_미용_05,미용실,뷰티·미용 중 '미용'을 판매·제공하는 매장,train,미용,T2 동의어,567172d6-d1b1-4275-bb0b-eb0ad8892242,세종미용실,미용실,전곡전통시장,전통시장,경기도,,,
f62b741e311ed32531c6,full_annotation_v1,A,q_미용_05,미용실,뷰티·미용 중 '미용'을 판매·제공하는 매장,train,미용,T2 동의어,003cdc8a-95fe-43ea-8350-f4c63913a6f8,정선화장품,화장품,오천시장,전통시장,경상북도,,,
c1812b0d58f4f6675cff,full_annotation_v1,A,q_미용_05,미용실,뷰티·미용 중 '미용'을 판매·제공하는 매장,train,미용,T2 동의어,0250e284-2897-44e3-b681-da46d2c84cd1,쏘이살롱(SSOISALON)2호점,헤어,빛가람 하나로 골목형상점가,골목형상점가,전라남도,,,
84477ceab5a271c79c58,full_annotation_v1,A,q_미용_05,미용실,뷰티·미용 중 '미용'을 판매·제공하는 매장,train,미용,T2 동의어,4e1a25ca-7b41-47ed-99e8-2bfc6ba54521,바노두피,두피케어,새롬동 골목형상점가,골목형상점가,세종특별자치시,,,
f61fa389479159953d13,full_annotation_v1,A,q_미용_05,미용실,뷰티·미용 중 '미용'을 판매·제공하는 매장,train,미용,T2 동의어,52cce271-c863-4b9d-8533-59ed38bd6832,푸른미용실,미용실,안성맞춤시장,전통시장,경기도,,,
db8d5fee0ad87f44e0a5,full_annotation_v1,A,q_미용_05,미용실,뷰티·미용 중 '미용'을 판매·제공하는 매장,train,미용,T2 동의어,d1241877-c4b3-4bc6-9387-c98354fc1449,가채미용실,미용실,전통중앙도매상가,전통시장,대전광역시,,,
a7b741c14d48cc7d56ae,full_annotation_v1,A,q_미용_05,미용실,뷰티·미용 중 '미용'을 판매·제공하는 매장,train,미용,T2 동의어,86c668aa-1efe-4210-8d45-0c0b4596f056,인스타일 미용실,미용실,농성세대공감상인회 골목형상점가,골목형상점가,광주광역시,,,
49939e7e4d26954c8c78,full_annotation_v1,A,q_미용_05,미용실,뷰티·미용 중 '미용'을 판매·제공하는 매장,train,미용,T2 동의어,894c18d9-fc0e-4ea0-a2ff-8e7fcb3c63e9,정다운미용실,미용실,감천문화시장,전통시장,부산광역시,,,
923a449ec6af9c929b7e,full_annotation_v1,A,q_미용_05,미용실,뷰티·미용 중 '미용'을 판매·제공하는 매장,train,미용,T2 동의어,118a0e16-5f28-4893-92f8-1514f86e1e6b,햇불미용실,미용실,김천 삼색이수상권,상권활성화구역,경상북도,,,
6f38fa1cb25a9493f471,full_annotation_v1,A,q_미용_05,미용실,뷰티·미용 중 '미용'을 판매·제공하는 매장,train,미용,T2 동의어,869d4e1b-a9b9-4d1a-a2c6-f0e97784f582,민미용실,미용실,북수원시장( 구 파장시장),전통시장,경기도,,,
9bf0787b3e62fe59a91a,full_annotation_v1,A,q_미용_05,미용실,뷰티·미용 중 '미용'을 판매·제공하는 매장,train,미용,T2 동의어,df290d0e-473e-41f1-a10a-1f3104d6e519,댕기머리 미용실,미용실,정서진중앙시장(구 서구중앙시장),전통시장,인천광역시,,,
79ae11aa5c9137b28c1a,full_annotation_v1,A,q_미용_05,미용실,뷰티·미용 중 '미용'을 판매·제공하는 매장,train,미용,T2 동의어,01bbc08f-bb91-4aae-a597-a5e183ea0d11,언니네살롱,헤어,송정 다누리 골목형상점가,골목형상점가,광주광역시,,,
33c0c19d31149d7a91d5,full_annotation_v1,A,q_미용_05,미용실,뷰티·미용 중 '미용'을 판매·제공하는 매장,train,미용,T2 동의어,5d0571b5-82f5-425e-9bc7-76d1212404ba,헤어돔 미용실,미용실,담양중앙 골목형상점가,골목형상점가,전라남도,,,
a11daa7703f610632675,full_annotation_v1,A,q_미용_05,미용실,뷰티·미용 중 '미용'을 판매·제공하는 매장,train,미용,T2 동의어,09cd748e-514c-4403-8078-7c923fc22167,그레이스위그,가발,한듬레포츠,골목형상점가,광주광역시,,,
d36685671bb8319f3725,full_annotation_v1,A,q_미용_05,미용실,뷰티·미용 중 '미용'을 판매·제공하는 매장,train,미용,T2 동의어,9fc76d34-10f1-432e-88ef-a6ca819e69a8,아름다운 오늘 미용실,미용실,담양중앙 골목형상점가,골목형상점가,전라남도,,,
2cc17ed823f600f32bcc,full_annotation_v1,A,q_미용_05,미용실,뷰티·미용 중 '미용'을 판매·제공하는 매장,train,미용,T2 동의어,111d2176-af6d-4214-844a-51453de36f46,주연가발,가발,고투몰(강남터미널지하도상점가),일반지하상점가,서울특별시,,,
aa1435160750af860920,full_annotation_v1,A,q_미용_05,미용실,뷰티·미용 중 '미용'을 판매·제공하는 매장,train,미용,T2 동의어,73777934-029d-4380-a099-e948644462b2,일루아헤어스튜디오운암점,머리,운암북문대로 골목형상점가,골목형상점가,광주광역시,,,
37edad73762685677034,full_annotation_v1,A,q_미용_05,미용실,뷰티·미용 중 '미용'을 판매·제공하는 매장,train,미용,T2 동의어,6d206dc4-6470-41b1-8389-9003d1c85019,하삼동커피 상동점,커피디저트,거제 상동 골목형상점가,골목형상점가,경상남도,,,
7463ba63985a85c67a89,full_annotation_v1,A,q_미용_05,미용실,뷰티·미용 중 '미용'을 판매·제공하는 매장,train,미용,T2 동의어,064162f2-e3e2-48f7-9ba7-38cefb3c735b,스텔라 가발전문점,,부천역 지하도로 상가,일반지하상점가,경기도,,,
a9192f221fb65cc19e5c,full_annotation_v1,A,q_미용_05,미용실,뷰티·미용 중 '미용'을 판매·제공하는 매장,train,미용,T2 동의어,989c5828-c74c-42c3-b6eb-676fa53a4ba3,정관장홍삼좌동점,"벌꿀, 홍삼및홍삼제품",삼정코아 골목형상점가,골목형상점가,부산광역시,,,
60db4dd07833f29890f6,full_annotation_v1,A,q_미용_05,미용실,뷰티·미용 중 '미용'을 판매·제공하는 매장,train,미용,T2 동의어,84243c72-e7ac-461c-af98-22dc18e9e740,구름자전거,미용실,북항사랑 골목형상점가,골목형상점가,전라남도,,,
89d2d70e3aca2e4f9d28,full_annotation_v1,A,q_미용_05,미용실,뷰티·미용 중 '미용'을 판매·제공하는 매장,train,미용,T2 동의어,ae9b966a-5e51-4bb3-a838-0e1cf758f484,최미용실,미용실,일산시장(구 일산전통시장),전통시장,경기도,,,
4444e1c5fe6039d7d1fb,full_annotation_v1,A,q_미용_05,미용실,뷰티·미용 중 '미용'을 판매·제공하는 매장,train,미용,T2 동의어,00131122-77cf-4772-b141-202f0f950f5c,라라샵,화장품,유성신나는 골목형상점가,골목형상점가,대전광역시,,,
94d812fdd211c20d14f4,full_annotation_v1,A,q_미용_05,미용실,뷰티·미용 중 '미용'을 판매·제공하는 매장,train,미용,T2 동의어,36fde3ea-ce25-439a-acf8-6f03edd1d7c7,태후사랑,미용실,건국다복 골목형상점가,골목형상점가,광주광역시,,,
396a4dcec657533a0a23,full_annotation_v1,A,q_미용_05,미용실,뷰티·미용 중 '미용'을 판매·제공하는 매장,train,미용,T2 동의어,13992db2-ff3c-42ea-97a5-271110dc96cf,선 미용실,미용실,금촌전통시장,전통시장,경기도,,,
ba3dfe3f212c60469344,full_annotation_v1,A,q_미용_05,미용실,뷰티·미용 중 '미용'을 판매·제공하는 매장,train,미용,T2 동의어,d7df834f-6c93-47f6-abdc-7766557d1692,맛자랑영양죽집,음식,현풍백년도깨비시장,전통시장,대구광역시,,,
271ef89471e4a8856964,full_annotation_v1,A,q_미용_05,미용실,뷰티·미용 중 '미용'을 판매·제공하는 매장,train,미용,T2 동의어,c0563d68-0f81-4872-8cc5-47594d519241,내가 잘가는 미용실,미용실,김천황금시장,전통시장,경상북도,,,
58e88003fc112dd485ea,full_annotation_v1,A,q_미용_05,미용실,뷰티·미용 중 '미용'을 판매·제공하는 매장,train,미용,T2 동의어,134fe1d4-9edf-4b11-bca7-ccc1fea77a2f,불로김미용실,미용실,황지자유시장,전통시장,강원특별자치도,,,
29f4f38aa04592862752,full_annotation_v1,A,q_미용_05,미용실,뷰티·미용 중 '미용'을 판매·제공하는 매장,train,미용,T2 동의어,0009149f-621a-493e-9fd1-252a8ac6c75b,글로리,미용실,중흥동 큰샘길 골목형상점가,골목형상점가,광주광역시,,,
52e9a1cce2cd810c796b,full_annotation_v1,A,q_미용_05,미용실,뷰티·미용 중 '미용'을 판매·제공하는 매장,train,미용,T2 동의어,1984bc76-bd7b-4b50-9f51-8ff2c0829b24,수헤어,미용실,대평동 골목형상점가,골목형상점가,세종특별자치시,,,
1394d35b2a35e917d0ad,full_annotation_v1,A,q_미용_05,미용실,뷰티·미용 중 '미용'을 판매·제공하는 매장,train,미용,T2 동의어,b62872d8-28a5-42e3-90a7-43a1986d6d7a,이은숙헤어샵,머리,공주산성 활성화구역,전통시장,충청남도,,,
331f1b08e33010d32d0c,full_annotation_v1,A,q_미용_05,미용실,뷰티·미용 중 '미용'을 판매·제공하는 매장,train,미용,T2 동의어,b34c246a-397c-4a65-a796-41bf65f35f8a,헤담,미용실,카림애비뉴애 골목형상점가,골목형상점가,세종특별자치시,,,
e1d903a09790b96e8bba,full_annotation_v1,A,q_미용_05,미용실,뷰티·미용 중 '미용'을 판매·제공하는 매장,train,미용,T2 동의어,f3746831-c5c4-4879-8b05-ea90d9c5f8c7,오투헤어아트,미용실,뒷개로청춘골목상점가,골목형상점가,전라남도,,,
0ba84ec0d327af9d356a,full_annotation_v1,A,q_미용_05,미용실,뷰티·미용 중 '미용'을 판매·제공하는 매장,train,미용,T2 동의어,f596754a-71f2-4485-8f28-b9afd71169fb,헤어샵,미용실,오치2동 골목형상점가,골목형상점가,광주광역시,,,
02d1058b06ab770e7306,full_annotation_v1,A,q_미용_05,미용실,뷰티·미용 중 '미용'을 판매·제공하는 매장,train,미용,T2 동의어,2a760a50-5cdc-4a39-953e-7ed20113d258,고재,미용실,중흥동 큰샘길 골목형상점가,골목형상점가,광주광역시,,,
385c0ad149d4d1b1445a,full_annotation_v1,A,q_미용_05,미용실,뷰티·미용 중 '미용'을 판매·제공하는 매장,train,미용,T2 동의어,3417ad49-dfd9-44da-b76c-09023311ae21,더미인나라,스킨케어두피케어 제품,호남동 골목형상점가,골목형상점가,광주광역시,,,
264c406645ee07c2e7e8,full_annotation_v1,A,q_미용_05,미용실,뷰티·미용 중 '미용'을 판매·제공하는 매장,train,미용,T2 동의어,976167e2-b231-44bc-9e2e-8635c9d0dbe4,염색은 미용실,,경주중심상가,전통시장,경상북도,,,
8892534048dc1de8380c,full_annotation_v1,A,q_미용_05,미용실,뷰티·미용 중 '미용'을 판매·제공하는 매장,train,미용,T2 동의어,9dbd2931-9d48-4ed1-a76a-163893441a81,전샘헤어,미용실,장미원골목시장,전통시장,서울특별시,,,
6172a4293b165249d0d1,full_annotation_v1,A,q_미용_05,미용실,뷰티·미용 중 '미용'을 판매·제공하는 매장,train,미용,T2 동의어,038c2ca6-a29e-4fb1-91d4-52b8a417f0e2,예쁜머리만들기,,뚝섬로윗길 골목형상점가,골목형상점가,서울특별시,,,
ffa53c153725d4177fa4,full_annotation_v1,A,q_미용_05,미용실,뷰티·미용 중 '미용'을 판매·제공하는 매장,train,미용,T2 동의어,10438442-a66e-4675-9cfa-fdb04e6d8020,스코빌바버샵,이발,전남대후문골목형상점가,골목형상점가,광주광역시,,,
86973145b79fa20265d6,full_annotation_v1,A,q_미용_05,미용실,뷰티·미용 중 '미용'을 판매·제공하는 매장,train,미용,T2 동의어,86e9ca6b-509a-4ac5-a814-863b13606987,마리벨미용실,미용실,지족동 골목형상점가,골목형상점가,대전광역시,,,
b73d24377d8a4619fbf6,full_annotation_v1,A,q_미용_05,미용실,뷰티·미용 중 '미용'을 판매·제공하는 매장,train,미용,T2 동의어,8079ead8-04a5-4c0a-9c21-7f6d222fa726,우난헤어,미용실,주월1동서문대로 골목형상점가,골목형상점가,광주광역시,,,
a75b28e0f9442bd3ebc8,full_annotation_v1,A,q_미용_05,미용실,뷰티·미용 중 '미용'을 판매·제공하는 매장,train,미용,T2 동의어,b2222fd2-2978-4093-9145-3ec712172318,영주소백산한우,소돼지,신영주번개시장,전통시장,경상북도,,,
4c9976cb7c61c6eeaa2a,full_annotation_v1,A,q_미용_05,미용실,뷰티·미용 중 '미용'을 판매·제공하는 매장,train,미용,T2 동의어,a81ef669-e9b8-4562-866f-47e75bfda4ef,에스텔 미용실,미용실,고촌 행정타운 골목형상점가,골목형상점가,경기도,,,
2293e6c5e6d15a00ac79,full_annotation_v1,A,q_미용_05,미용실,뷰티·미용 중 '미용'을 판매·제공하는 매장,train,미용,T2 동의어,2e2284fa-13e2-4c70-8ac8-9e265b8a8078,시니어,의류,동산상가,전통시장,대구광역시,,,
e17fc1d6712fb51a739a,full_annotation_v1,A,q_미용_05,미용실,뷰티·미용 중 '미용'을 판매·제공하는 매장,train,미용,T2 동의어,038d83ed-3c85-404b-8aa9-222a893da5b3,고기왕김태백고기국물고기반찬,"식육, 가공양념육외 소머리.돼지머리.부산물등",후평일단지시장,전통시장,강원특별자치도,,,
979b83b9146aa1870cfc,full_annotation_v1,A,q_미용_05,미용실,뷰티·미용 중 '미용'을 판매·제공하는 매장,train,미용,T2 동의어,55e061aa-c2f8-4f05-a8f0-79d0db848692,깍쟁이,미용실,오월첫동네 골목형상점가,골목형상점가,광주광역시,,,
c35b2e220c2ff0405fdb,full_annotation_v1,A,q_미용_05,미용실,뷰티·미용 중 '미용'을 판매·제공하는 매장,train,미용,T2 동의어,1934ca93-c38b-44af-9f91-5ea8ae0972a2,광장이발소,이발소,춘천지하상가,일반지하상점가,강원특별자치도,,,
baa9cc34f11057b63398,full_annotation_v1,A,q_미용_05,미용실,뷰티·미용 중 '미용'을 판매·제공하는 매장,train,미용,T2 동의어,0033e403-2853-4086-a2b3-2ee73a5ac7d4,변필주미용실,서비스(미용실),양동역별빛시장(양동쌍학시장),전통시장,경기도,,,
2817df2ec225535f9d1d,full_annotation_v1,A,q_미용_05,미용실,뷰티·미용 중 '미용'을 판매·제공하는 매장,train,미용,T2 동의어,0017ec9c-4997-4ef5-a552-7fffc7dd149c,아리따움 진주서부점,화장품,진주 새서부시장,전통시장,경상남도,,,
118b79a8285193933208,full_annotation_v1,A,q_미용_05,미용실,뷰티·미용 중 '미용'을 판매·제공하는 매장,train,미용,T2 동의어,6b7db5a2-5695-46b3-8790-5dab9c7984e5,이루다 미용실,미용실,나주 영산포 자율상권구역,,전라남도,,,
9a72cab21c3e6ed22fa2,full_annotation_v1,A,q_미용_05,미용실,뷰티·미용 중 '미용'을 판매·제공하는 매장,train,미용,T2 동의어,2d81de43-c5a6-4385-8f69-4de4d49d8c45,J헤어 미용실,미용실,풍영 골목형상점가,골목형상점가,광주광역시,,,
bcdb4cd5a97d8afee916,full_annotation_v1,A,q_미용_05,미용실,뷰티·미용 중 '미용'을 판매·제공하는 매장,train,미용,T2 동의어,383b8bcf-79e7-4b80-9532-c1825228c62d,꾸쁘,미용실,운암동 현대아파트 골목형상점가,골목형상점가,광주광역시,,,
25fd61da4c2b36988d1a,full_annotation_v1,A,q_미용_05,미용실,뷰티·미용 중 '미용'을 판매·제공하는 매장,train,미용,T2 동의어,6f9c6cf5-4497-4e28-874b-c4a9d56629d6,아철미용실,미용실,대림중앙시장,전통시장,서울특별시,,,
029c409fd5999b820427,full_annotation_v1,A,q_미용_05,미용실,뷰티·미용 중 '미용'을 판매·제공하는 매장,train,미용,T2 동의어,0d02963b-e2a1-475b-b21a-cc560f6b3b59,태후사랑,미용실,양산동 골목형상점가,골목형상점가,광주광역시,,,
5fc7f4b101ef856b085f,full_annotation_v1,A,q_미용_05,미용실,뷰티·미용 중 '미용'을 판매·제공하는 매장,train,미용,T2 동의어,02484083-ef42-44cf-903b-18a6f84601de,더휴헤어,"미용, 헤어",창원 덕산1차상가,전통시장,경상남도,,,
92aede2750f8e2b1cb7a,full_annotation_v1,A,q_미용_05,미용실,뷰티·미용 중 '미용'을 판매·제공하는 매장,train,미용,T2 동의어,ec357e89-8fd7-44dd-984a-301fb1f809d6,더샵헤어,미용실,공주산성시장,전통시장,충청남도,,,
1a9d9aab49f76ee1c56d,full_annotation_v1,A,q_미용_05,미용실,뷰티·미용 중 '미용'을 판매·제공하는 매장,train,미용,T2 동의어,027b7332-611e-498a-9ef6-1e9e536dbf4a,모모샵,두발 시술,온누리상인회 골목형상점가,골목형상점가,광주광역시,,,
bb5faa1737279e8bb3d2,full_annotation_v1,A,q_미용_05,미용실,뷰티·미용 중 '미용'을 판매·제공하는 매장,train,미용,T2 동의어,000d8836-38bd-43a9-92f2-698d67d5926b,라미헤어스튜디오,미용실,포항중앙상가,전통시장,경상북도,,,
b2d10b3cee94e7f1c10c,full_annotation_v1,A,q_미용_05,미용실,뷰티·미용 중 '미용'을 판매·제공하는 매장,train,미용,T2 동의어,47c437bd-0e50-45a2-bd87-0ba5eb19159f,준미용실,미용실,임방울거리1구역 골목형상점가,골목형상점가,광주광역시,,,
d3a33d9d5edad147b75a,full_annotation_v1,A,q_미용_05,미용실,뷰티·미용 중 '미용'을 판매·제공하는 매장,train,미용,T2 동의어,003f331a-de38-4946-a580-57373cb1175d,댕기머리,미용실,주천골목형상점가,골목형상점가,강원특별자치도,,,
08e6a359d80870eab298,full_annotation_v1,A,q_미용_05,미용실,뷰티·미용 중 '미용'을 판매·제공하는 매장,train,미용,T2 동의어,074ad32b-e2ea-4972-93e1-ea399e745a39,"한돈명가,곤지암할매 소머리국밥 혁신점",,나주혁신도시 골목형상점가,골목형상점가,,,,
af91880f02066463283c,full_annotation_v1,A,q_미용_05,미용실,뷰티·미용 중 '미용'을 판매·제공하는 매장,train,미용,T2 동의어,bf1445a0-3381-44b7-854d-c5b2e1d77ae7,미몽,미용실,신용동 골목형상점가,골목형상점가,광주광역시,,,
d79b197bc612b674ce8a,full_annotation_v1,A,q_미용_05,미용실,뷰티·미용 중 '미용'을 판매·제공하는 매장,train,미용,T2 동의어,01830c3a-5f7e-4396-9772-38b51bd90dc0,새로나국밥,국밥 족발 머리고기,무등시장,전통시장,광주광역시,,,
436e9f8079b54ac154e4,full_annotation_v1,A,q_미용_05,미용실,뷰티·미용 중 '미용'을 판매·제공하는 매장,train,미용,T2 동의어,22a092b1-9639-4d39-a748-b46a3cad4fce,수헤어,미용실,연일전통시장,전통시장,경상북도,,,
f30335105befae4b9593,full_annotation_v1,A,q_미용_05,미용실,뷰티·미용 중 '미용'을 판매·제공하는 매장,train,미용,T2 동의어,ad2a9d53-1277-4e3f-b8ef-ad14091d10d3,농협양곡상회,농산물,모라전통시장,전통시장,부산광역시,,,
7764d85e081c1daadef9,full_annotation_v1,A,q_미용_05,미용실,뷰티·미용 중 '미용'을 판매·제공하는 매장,train,미용,T2 동의어,1280a99f-0d2b-416d-983b-692cab9af8a1,금발 미용실,미용실,충주자유시장,전통시장,충청북도,,,
a9f97653f614a364e7da,full_annotation_v1,A,q_미용_05,미용실,뷰티·미용 중 '미용'을 판매·제공하는 매장,train,미용,T2 동의어,03321569-a189-4dea-8592-49bb6f114163,김송정머리터용인점 봄날애 헤어,헤어,동백역 골목형상점가,골목형상점가,경기도,,,
d4a4b44f2f874a378c35,full_annotation_v1,A,q_미용_05,미용실,뷰티·미용 중 '미용'을 판매·제공하는 매장,train,미용,T2 동의어,eb79f1d6-055d-48bb-bfec-cda535911f7d,조희 미용실,미용실,솔샘시장 골목형상점가,골목형상점가,서울특별시,,,
1677c0da871a20c4c182,full_annotation_v1,A,q_미용_05,미용실,뷰티·미용 중 '미용'을 판매·제공하는 매장,train,미용,T2 동의어,041af343-9a15-41ec-b89d-df94bc14f381,유종숙머리방,,춘천중앙시장,전통시장,강원특별자치도,,,
902166d7ba020648d2ba,full_annotation_v1,A,q_미용_05,미용실,뷰티·미용 중 '미용'을 판매·제공하는 매장,train,미용,T2 동의어,8005a3c6-3e22-4f50-b725-0efc3232ce46,연희 미용실,미용실,신기골목형상점가,골목형상점가,전라남도,,,
a8e1f69118781b13c343,full_annotation_v1,A,q_미용_05,미용실,뷰티·미용 중 '미용'을 판매·제공하는 매장,train,미용,T2 동의어,957f69d7-bd19-48b2-ae8a-f1fca3ddc1d6,남일수산,생선,하양읍 상점가,자율상권구역,경상북도,,,
f7e2738a2a34a0dc057b,full_annotation_v1,A,q_미용_05,미용실,뷰티·미용 중 '미용'을 판매·제공하는 매장,train,미용,T2 동의어,ad76dfec-545b-453f-9579-52304e1bd7f7,미인나라 미용실,미용실,첨단중앙로 골목형상점가,골목형상점가,광주광역시,,,
d04c881e59fd854f39a6,full_annotation_v1,A,q_미용_05,미용실,뷰티·미용 중 '미용'을 판매·제공하는 매장,train,미용,T2 동의어,aa543299-a4d5-40fe-9202-a21b7c5749d1,위플레이,미용실,평화광장 먹자골목상점가,골목형상점가,전라남도,,,
3281e7df9316296fa0fd,full_annotation_v1,A,q_미용_05,미용실,뷰티·미용 중 '미용'을 판매·제공하는 매장,train,미용,T2 동의어,88ac616e-4be6-4c42-8102-48aad6816e39,예루살렘미용실,미용실,진다리로 백운1동 골목형상점가,골목형상점가,광주광역시,,,
3f06b1b73211df07bc8a,full_annotation_v1,A,q_미용_05,미용실,뷰티·미용 중 '미용'을 판매·제공하는 매장,train,미용,T2 동의어,00593d82-d6a7-4e33-8e50-1b8ea23e947f,뮤헤어,두발미용업,병점중심상가,자율상권구역,경기도,,,
1010fe4c6847f9af4a67,full_annotation_v1,A,q_미용_05,미용실,뷰티·미용 중 '미용'을 판매·제공하는 매장,train,미용,T2 동의어,001f80ca-1d03-4781-b117-7eaa52fb24f5,홍미용실,일반미용업,김제중앙시장,전통시장,전북특별자치도,,,
f215619a67fdec64e23e,full_annotation_v1,A,q_미용_05,미용실,뷰티·미용 중 '미용'을 판매·제공하는 매장,train,미용,T2 동의어,a72c4896-7140-49f1-8cc1-15e98c6cfe98,깐느헤어,머리,자양15번가골목형상점가,골목형상점가,서울특별시,,,
b9fd542a9f919039bb76,full_annotation_v1,A,q_미용_05,미용실,뷰티·미용 중 '미용'을 판매·제공하는 매장,train,미용,T2 동의어,0bf0f3f3-940c-43c3-8fdb-cc7fa8b52524,고운머리,"소매(가발,액세서리,자수용품)",미금현대벤처빌시장,전통시장,경기도,,,
22cfd870a21052ff8cf6,full_annotation_v1,A,q_미용_05,미용실,뷰티·미용 중 '미용'을 판매·제공하는 매장,train,미용,T2 동의어,1bf54294-855b-46cd-a179-f6ba71a70ad8,위미용실,미용실,강진읍시장,전통시장,전라남도,,,
554eab4a1b25d7c7fe43,full_annotation_v1,A,q_미용_05,미용실,뷰티·미용 중 '미용'을 판매·제공하는 매장,train,미용,T2 동의어,3a3b0555-4866-4b5e-8e40-1eb71373573f,꾀꼬리 미용실,미용실,거북바위 골목형상점가,골목형상점가,전북특별자치도,,,
3f0d19a43dacf7db3ac2,full_annotation_v1,A,q_미용_05,미용실,뷰티·미용 중 '미용'을 판매·제공하는 매장,train,미용,T2 동의어,4988d5c0-160c-4264-8841-13e020a8d566,정아네생선가게,생선,웃장,전통시장,전라남도,,,
2b369e42f39a397ecfcb,full_annotation_v1,A,q_미용_05,미용실,뷰티·미용 중 '미용'을 판매·제공하는 매장,train,미용,T2 동의어,039ab44d-ff38-41e4-8b48-22a1a8576261,헤어초이스앤두피케어,,도마달 골목형상점가,골목형상점가,대전광역시,,,
86a7f0fb65ee66a1e18d,full_annotation_v1,A,q_미용_05,미용실,뷰티·미용 중 '미용'을 판매·제공하는 매장,train,미용,T2 동의어,adee6520-b7de-4143-a2d6-e337ba674b71,손미용실,미용실,전통중앙도매상가,전통시장,대전광역시,,,
ad11c69ab439489bd6f4,full_annotation_v1,A,q_미용_05,미용실,뷰티·미용 중 '미용'을 판매·제공하는 매장,train,미용,T2 동의어,a2771a3a-0ef7-4694-8c4f-358d2b4f60e2,무량상회,청과물,언양알프스시장,전통시장,,,,
ac30125f12676193898e,full_annotation_v1,A,q_미용_05,미용실,뷰티·미용 중 '미용'을 판매·제공하는 매장,train,미용,T2 동의어,52524a36-3f58-4863-9f24-8be27df2259a,스킨 미용실,미용실,신금정시장 골목형 상점가,골목형상점가,부산광역시,,,
79d18bab1fc63f9433a6,full_annotation_v1,A,q_미용_05,미용실,뷰티·미용 중 '미용'을 판매·제공하는 매장,train,미용,T2 동의어,6115eafa-1384-40c2-afc5-b4c65043af84,더헤어 미용실,미용실,첨단중앙로 골목형상점가,골목형상점가,광주광역시,,,
4e0573a6da23d23d2825,full_annotation_v1,A,q_미용_05,미용실,뷰티·미용 중 '미용'을 판매·제공하는 매장,train,미용,T2 동의어,9396a04c-defb-4b09-9ecc-fc7e162d3850,수헤어,미용실,양산동 골목형상점가,골목형상점가,광주광역시,,,
b1d4adf0af021743b54f,full_annotation_v1,A,q_미용_05,미용실,뷰티·미용 중 '미용'을 판매·제공하는 매장,train,미용,T2 동의어,a4cc5558-7b32-49cb-bf02-8ca65ce23a0d,더뉴아이 미용실,미용실,당산이음 골목형상점가,골목형상점가,서울특별시,,,
66ab8692b676bacd651a,full_annotation_v1,A,q_미용_05,미용실,뷰티·미용 중 '미용'을 판매·제공하는 매장,train,미용,T2 동의어,49574481-cd63-481d-a878-da0d572bff08,나영 미용실,미용실,맛조이상인회 골목형상점가,골목형상점가,광주광역시,,,
42e0196b14e05bad4f06,full_annotation_v1,A,q_미용_05,미용실,뷰티·미용 중 '미용'을 판매·제공하는 매장,train,미용,T2 동의어,04264e04-5686-4478-bd92-032192c5fa1e,정인자 미용실,서비스(미용실),의왕도깨비시장,전통시장,경기도,,,
c0d1b822d098fa8d0e2e,full_annotation_v1,A,q_미용_05,미용실,뷰티·미용 중 '미용'을 판매·제공하는 매장,train,미용,T2 동의어,ae378bc4-7328-4e22-9ac5-04dc88ac420d,개구리반찬,김치 절임식품,중앙로상점가,자율상권구역,제주특별자치도,,,
d305ae141d911f71c204,full_annotation_v1,A,q_미용_05,미용실,뷰티·미용 중 '미용'을 판매·제공하는 매장,train,미용,T2 동의어,65e30cb0-b0ca-4913-a9b7-597ba571f1b0,나폴레옹 미용실,미용실,미소상인회 골목형상점가,골목형상점가,서울특별시,,,
2cd5874327edb0f242b8,full_annotation_v1,A,q_미용_05,미용실,뷰티·미용 중 '미용'을 판매·제공하는 매장,train,미용,T2 동의어,e8d0291a-dc43-45e6-ab9a-87ebe841566b,붐미용실,미용실,임방울거리1구역 골목형상점가,골목형상점가,광주광역시,,,
15787ba529193332c1b1,full_annotation_v1,A,q_미용_05,미용실,뷰티·미용 중 '미용'을 판매·제공하는 매장,train,미용,T2 동의어,2ad230b1-0ad9-4981-ac8d-77b79b9576bd,썬미용실,미용실,일산서문상점가,자율상권구역,경기도,,,
269c3680dfaa1bb7c08f,full_annotation_v1,A,q_미용_05,미용실,뷰티·미용 중 '미용'을 판매·제공하는 매장,train,미용,T2 동의어,000407f6-6813-4322-a44c-ed6c1a90dafc,하루,두발,첨단동행 골목형상점가,골목형상점가,광주광역시,,,
1d80abdbb30b9a9bef1c,full_annotation_v1,A,q_미용_05,미용실,뷰티·미용 중 '미용'을 판매·제공하는 매장,train,미용,T2 동의어,1f361493-5bbe-48b1-9639-f750d050cf93,노암이용원,이발,노암길골목형상점가,골목형상점가,강원특별자치도,,,
5b433053d24e8be0d0ec,full_annotation_v1,A,q_미용_05,미용실,뷰티·미용 중 '미용'을 판매·제공하는 매장,train,미용,T2 동의어,008c73ed-3ece-452b-aa49-b96b73ff1ba1,온결 스킨앤바디,화장품,가재마을 골목형상점가,골목형상점가,세종특별자치시,,,
83ab706f60bb79e1778c,full_annotation_v1,A,q_미용_05,미용실,뷰티·미용 중 '미용'을 판매·제공하는 매장,train,미용,T2 동의어,b88ae656-b950-4ca2-9468-186a021e432d,늘멋미용실,미용실,읍내리 원도심 골목형상점가,골목형상점가,전라남도,,,
edeeba08c2b7006beddc,full_annotation_v1,A,q_미용_05,미용실,뷰티·미용 중 '미용'을 판매·제공하는 매장,train,미용,T2 동의어,c9e5208c-c135-4225-8f5d-e02e68d3a600,비사채헤어,머리,풍영철길로 골목형상점가,골목형상점가,광주광역시,,,
5d9e66d0b7cfcdad4937,full_annotation_v1,A,q_미용_05,미용실,뷰티·미용 중 '미용'을 판매·제공하는 매장,train,미용,T2 동의어,22afdf71-1217-4bb8-838e-23a6534d5d55,VOHAB헤어살롱,머리,신가아름마을,골목형상점가,광주광역시,,,
2bb5c7adbe8be6c37094,full_annotation_v1,A,q_미용_05,미용실,뷰티·미용 중 '미용'을 판매·제공하는 매장,train,미용,T2 동의어,1158398c-1d39-40e8-8785-f6edad4efd75,e쁘네미용실,"커트, 파마, 염색, 가발",월빛 골목형상점가,골목형상점가,광주광역시,,,
53dd1d76cc2773a8d397,full_annotation_v1,A,q_미용_05,미용실,뷰티·미용 중 '미용'을 판매·제공하는 매장,train,미용,T2 동의어,0041672f-0704-459b-a485-1502c7de1bef,지모바버샵,이발,쌍리단길상점가,자율상권구역,서울특별시,,,
fa2a19db0db304662809,full_annotation_v1,A,q_미용_05,미용실,뷰티·미용 중 '미용'을 판매·제공하는 매장,train,미용,T2 동의어,54c920b0-93d5-48c6-a9fd-8c627002353f,삐애로 미용실,미용실,임동 골목형상점가,골목형상점가,광주광역시,,,
bba9f5ce151d6700f815,full_annotation_v1,A,q_미용_05,미용실,뷰티·미용 중 '미용'을 판매·제공하는 매장,train,미용,T2 동의어,41233b71-7b8a-4665-89ee-dfdb4bad7d18,#헤어,미용실,(지정취소)다산마을상가거리골목형상점가,골목형상점가,서울특별시,,,
0ce443926425eb071b02,full_annotation_v1,A,q_미용_05,미용실,뷰티·미용 중 '미용'을 판매·제공하는 매장,train,미용,T2 동의어,25643e22-883f-48b4-a571-267370807809,숙녀미용실,미용실,사천 삼천포중앙시장,전통시장,경상남도,,,
e7d26696dd575db56e11,full_annotation_v1,A,q_미용_05,미용실,뷰티·미용 중 '미용'을 판매·제공하는 매장,train,미용,T2 동의어,7cc07089-4558-41c6-bc7c-6888b1ee1b4f,태평양수산,수산물,안성중앙시장,전통시장,경기도,,,
9088b1522b5a5a354ce3,full_annotation_v1,A,q_미용_05,미용실,뷰티·미용 중 '미용'을 판매·제공하는 매장,train,미용,T2 동의어,0157acd5-d1fd-46d1-afff-002eb6ffb986,나무헤어살롱,두발미용,죽전로데오상점가,전통시장,경기도,,,
a986d02481c97b59ac22,full_annotation_v1,A,q_미용_05,미용실,뷰티·미용 중 '미용'을 판매·제공하는 매장,train,미용,T2 동의어,a6b7fb9d-e766-49c9-b30b-0145b52ef819,금왕수산,수산물,노량진수산시장골목형상점가,골목형상점가,서울특별시,,,
a03d398a8c212fd12965,full_annotation_v1,A,q_미용_05,미용실,뷰티·미용 중 '미용'을 판매·제공하는 매장,train,미용,T2 동의어,011291c0-305f-48b7-b50a-635b97da79c0,라라헤어,헤어,한들물빛도시 골목형 상점가,골목형상점가,충청남도,,,
5fbab638267d88056208,full_annotation_v1,A,q_미용_05,미용실,뷰티·미용 중 '미용'을 판매·제공하는 매장,train,미용,T2 동의어,47ac625a-f2cb-4255-b11c-08b807475529,손현정뷰티&네일,두피케어제품,우산동빛고을 골목형상점가,골목형상점가,광주광역시,,,
1083f6fb8928f634725d,full_annotation_v1,A,q_미용_05,미용실,뷰티·미용 중 '미용'을 판매·제공하는 매장,train,미용,T2 동의어,00222f52-5d1f-4fb1-b0a6-7b4864ce177f,아리따움서대문연희점,화장품,연희사러가,전통시장,서울특별시,,,
6e3397bba88f61e1fcd3,full_annotation_v1,A,q_미용_05,미용실,뷰티·미용 중 '미용'을 판매·제공하는 매장,train,미용,T2 동의어,f7fccf08-8e91-4311-ae38-905806b77309,OZ 미용실,미용실,송탄시장(송북시장),전통시장,경기도,,,
1331143ba01a20b14d74,full_annotation_v1,A,q_미용_05,미용실,뷰티·미용 중 '미용'을 판매·제공하는 매장,train,미용,T2 동의어,bf2cb979-4fab-4f31-8fa3-9b956412aac9,Boss 미용실,미용실,버들마을상인회 골목형상점가,골목형상점가,광주광역시,,,
71dcd6637744ffac5062,full_annotation_v1,A,q_미용_05,미용실,뷰티·미용 중 '미용'을 판매·제공하는 매장,train,미용,T2 동의어,f2159308-2cf3-49a5-9fee-8a1a825878e2,빠글빠글미용실,미용실,산본로데오거리(구 산본중심상가),자율상권구역,경기도,,,
a2eb9dfb31c87ebab8c8,full_annotation_v1,A,q_미용_05,미용실,뷰티·미용 중 '미용'을 판매·제공하는 매장,train,미용,T2 동의어,c433cff3-740f-446d-9e44-e6e24e7d3247,승 미용실,미용실,정릉서경대길골목형상점가(정릉골),골목형상점가,서울특별시,,,
66e490e75c823ec4a5cd,full_annotation_v1,A,q_미용_05,미용실,뷰티·미용 중 '미용'을 판매·제공하는 매장,train,미용,T2 동의어,2933fe5c-1043-475d-8efb-db646ea44b3f,솔미용실,미용실,속초중앙전통시장,전통시장,강원특별자치도,,,
e78b1d28e4141d6fb6f0,full_annotation_v1,A,q_미용_05,미용실,뷰티·미용 중 '미용'을 판매·제공하는 매장,train,미용,T2 동의어,e806a897-79a5-4eb5-90d7-d0990f8fb549,렌미용실,미용실,경산공설시장,전통시장,경상북도,,,
35de2c76150d26c79673,full_annotation_v1,A,q_미용_05,미용실,뷰티·미용 중 '미용'을 판매·제공하는 매장,train,미용,T2 동의어,f5e7b41b-8ca3-448e-a273-cec827b88e2d,HK 테일러 안양평촌점,의류,평촌역 상점가,자율상권구역,경기도,,,
cbfb5d7146b9e5401061,full_annotation_v1,A,q_미용_05,미용실,뷰티·미용 중 '미용'을 판매·제공하는 매장,train,미용,T2 동의어,c7789f47-19dc-4c5c-bb5d-96ae4777c06c,신데렐라 미용실,미용실,방림로 골목형상점가,골목형상점가,광주광역시,,,
37867165d5a36c5f80e3,full_annotation_v1,A,q_미용_05,미용실,뷰티·미용 중 '미용'을 판매·제공하는 매장,train,미용,T2 동의어,d3bbf6e7-6327-43e2-842e-d1b7f046a70f,정남진우리한우,식육,정남진장흥토요시장,전통시장,전라남도,,,
34bb4e4b859c395bca83,full_annotation_v1,A,q_미용_05,미용실,뷰티·미용 중 '미용'을 판매·제공하는 매장,train,미용,T2 동의어,b16b4a42-4885-4b0f-ab26-c08863af5eaf,수헤어,미용실,첨단이웃사랑 골목형상점가,골목형상점가,광주광역시,,,
0c034e974af346db3160,full_annotation_v1,A,q_미용_05,미용실,뷰티·미용 중 '미용'을 판매·제공하는 매장,train,미용,T2 동의어,f4b3d71c-1076-4803-9535-e18f44aa32f2,왕십리곱창,곱창,설악눈메골시장,전통시장,경기도,,,
6552b050c693bb5276a7,full_annotation_v1,A,q_미용_05,미용실,뷰티·미용 중 '미용'을 판매·제공하는 매장,train,미용,T2 동의어,47645330-ceed-4936-9f91-2762fb56e0bc,수헤어,미용실,운암 서암대로1 골목형상점가,골목형상점가,광주광역시,,,
8bb896123a9b0c705ca4,full_annotation_v1,A,q_미용_05,미용실,뷰티·미용 중 '미용'을 판매·제공하는 매장,train,미용,T2 동의어,b53b79ac-f2a6-4856-82d8-01011c9ee684,보끌리와 빡빡이 미용실,미용실,봉선중앙로 골목형상점가,골목형상점가,광주광역시,,,
b8a82a391a1a744fd10d,full_annotation_v1,A,q_미용_06,이발소,뷰티·미용 중 '미용'을 판매·제공하는 매장,train,미용,T2 동의어,e90468a3-4723-4684-b73b-3e60d11ed00c,제일이발관,이발소,양동역별빛시장(양동쌍학시장),전통시장,경기도,,,
0bd810ec39cff6640308,full_annotation_v1,A,q_미용_06,이발소,뷰티·미용 중 '미용'을 판매·제공하는 매장,train,미용,T2 동의어,064162f2-e3e2-48f7-9ba7-38cefb3c735b,스텔라 가발전문점,,부천역 지하도로 상가,일반지하상점가,경기도,,,
63e35733dbc46d247770,full_annotation_v1,A,q_미용_06,이발소,뷰티·미용 중 '미용'을 판매·제공하는 매장,train,미용,T2 동의어,00ece52b-629f-4e52-abd8-754dd96759c2,슈퍼스타헤어,두발미용,월곡달빛오거리골목형상점가,골목형상점가,서울특별시,,,
3d9feb951058197a016f,full_annotation_v1,A,q_미용_06,이발소,뷰티·미용 중 '미용'을 판매·제공하는 매장,train,미용,T2 동의어,0009149f-621a-493e-9fd1-252a8ac6c75b,글로리,미용실,중흥동 큰샘길 골목형상점가,골목형상점가,광주광역시,,,
d99ede25e0ad9f386531,full_annotation_v1,A,q_미용_06,이발소,뷰티·미용 중 '미용'을 판매·제공하는 매장,train,미용,T2 동의어,ebade0f7-757b-49e2-91e8-aa561f3d0c14,이발소아들들,미용,불광먹자골목 골목형상점가,골목형상점가,서울특별시,,,
282dae739ea770831cf5,full_annotation_v1,A,q_미용_06,이발소,뷰티·미용 중 '미용'을 판매·제공하는 매장,train,미용,T2 동의어,29bd0123-8dab-47d2-aee4-752c094d49a2,오오티디(OOTD),의류신발악세사리,성안길상점가,자율상권구역,충청북도,,,
a5c112b7036f270f7888,full_annotation_v1,A,q_미용_06,이발소,뷰티·미용 중 '미용'을 판매·제공하는 매장,train,미용,T2 동의어,0041672f-0704-459b-a485-1502c7de1bef,지모바버샵,이발,쌍리단길상점가,자율상권구역,서울특별시,,,
174afde0510ac8b4eb20,full_annotation_v1,A,q_미용_06,이발소,뷰티·미용 중 '미용'을 판매·제공하는 매장,train,미용,T2 동의어,cf1ab099-f295-41c8-8578-76869173822a,양곡이용원,이발소,창원 양곡시장,전통시장,경상남도,,,
3844050ea44e44d7ad14,full_annotation_v1,A,q_미용_06,이발소,뷰티·미용 중 '미용'을 판매·제공하는 매장,train,미용,T2 동의어,e34e6d7f-6e3b-4e14-bebc-e552f10ceb24,다한,일식,범어식주가무명인골목 골목형상점가,골목형상점가,대구광역시,,,
741994fff4d679153883,full_annotation_v1,A,q_미용_06,이발소,뷰티·미용 중 '미용'을 판매·제공하는 매장,train,미용,T2 동의어,02d44cdc-b600-43fd-880d-cff5e9214c6b,서암이뱔관,이발소,통진시장,전통시장,경기도,,,
2533ca97932196f96ff1,full_annotation_v1,A,q_미용_06,이발소,뷰티·미용 중 '미용'을 판매·제공하는 매장,train,미용,T2 동의어,442cf767-a47e-4b4b-a06c-9a55c97641c0,드부아네일,"네일아트, 케어",동송전통시장,전통시장,강원특별자치도,,,
e27d4b5469085905ad1f,full_annotation_v1,A,q_미용_06,이발소,뷰티·미용 중 '미용'을 판매·제공하는 매장,train,미용,T2 동의어,d91200c1-052d-4ebe-a3d3-69d404aeb6f4,댕댕이발소,애견미용,전곡로데오거리 골목형상점가,골목형상점가,경기도,,,
32970b46101c9fc69d57,full_annotation_v1,A,q_미용_06,이발소,뷰티·미용 중 '미용'을 판매·제공하는 매장,train,미용,T2 동의어,8978e078-8930-4b70-9265-0a7ca134d093,행운이발소,,중문로 골목형상점가,골목형상점가,,,,
35c7163171e8ffe1d881,full_annotation_v1,A,q_미용_06,이발소,뷰티·미용 중 '미용'을 판매·제공하는 매장,train,미용,T2 동의어,28d38426-3613-407d-a4ca-6aed3d6a4472,커트전문점,이발소,주천골목형상점가,골목형상점가,강원특별자치도,,,
ff55f9e5b149ec65de70,full_annotation_v1,A,q_미용_06,이발소,뷰티·미용 중 '미용'을 판매·제공하는 매장,train,미용,T2 동의어,008c73ed-3ece-452b-aa49-b96b73ff1ba1,온결 스킨앤바디,화장품,가재마을 골목형상점가,골목형상점가,세종특별자치시,,,
36de95c2c236176f3bc2,full_annotation_v1,A,q_미용_06,이발소,뷰티·미용 중 '미용'을 판매·제공하는 매장,train,미용,T2 동의어,7f7c5ee6-774d-4fa8-b41d-d94f9a064483,아카데미이발관,이발소,영주소백쇼핑몰,전통시장,경상북도,,,
0b2539ab0757160ad6ee,full_annotation_v1,A,q_미용_06,이발소,뷰티·미용 중 '미용'을 판매·제공하는 매장,train,미용,T2 동의어,bf332e32-74ea-4a7c-b241-fd26ebf521e9,몽몽이발소,애견용품,가재마을 골목형상점가,골목형상점가,세종특별자치시,,,
52ebc75e0f19f5c79cd8,full_annotation_v1,A,q_미용_06,이발소,뷰티·미용 중 '미용'을 판매·제공하는 매장,train,미용,T2 동의어,688bc0a9-0561-413d-83d8-bfe821f080af,팬시포토,사진,성안길상점가,자율상권구역,충청북도,,,
124c107038e823b1dddf,full_annotation_v1,A,q_미용_06,이발소,뷰티·미용 중 '미용'을 판매·제공하는 매장,train,미용,T2 동의어,02484083-ef42-44cf-903b-18a6f84601de,더휴헤어,"미용, 헤어",창원 덕산1차상가,전통시장,경상남도,,,
82273f7748519cdb2d1e,full_annotation_v1,A,q_미용_06,이발소,뷰티·미용 중 '미용'을 판매·제공하는 매장,train,미용,T2 동의어,074ad32b-e2ea-4972-93e1-ea399e745a39,"한돈명가,곤지암할매 소머리국밥 혁신점",,나주혁신도시 골목형상점가,골목형상점가,,,,
d1d760d2d0ddfc60dc9c,full_annotation_v1,A,q_미용_06,이발소,뷰티·미용 중 '미용'을 판매·제공하는 매장,train,미용,T2 동의어,0001b1fc-5455-433e-8e94-96d051362b17,유난희헤어샵,미용실,창원 대동그린코아상가,전통시장,경상남도,,,
7b6a7faa81b72a5e90eb,full_annotation_v1,A,q_미용_06,이발소,뷰티·미용 중 '미용'을 판매·제공하는 매장,train,미용,T2 동의어,f5711c66-6ae3-4a2b-ba57-65a41d621f9e,누군가의이발소,아용엊,서영대 먹자 골목형상점가,골목형상점가,광주광역시,,,
f8caba917545001e7d72,full_annotation_v1,A,q_미용_06,이발소,뷰티·미용 중 '미용'을 판매·제공하는 매장,train,미용,T2 동의어,0033e403-2853-4086-a2b3-2ee73a5ac7d4,변필주미용실,서비스(미용실),양동역별빛시장(양동쌍학시장),전통시장,경기도,,,
490e5f9a57e4da2d2aba,full_annotation_v1,A,q_미용_06,이발소,뷰티·미용 중 '미용'을 판매·제공하는 매장,train,미용,T2 동의어,70a0dfe8-8f08-42b4-bff4-75882ae67712,조은이용원,서비스(이발소),사강시장,전통시장,경기도,,,
c481b3e32ef768c2a432,full_annotation_v1,A,q_미용_06,이발소,뷰티·미용 중 '미용'을 판매·제공하는 매장,train,미용,T2 동의어,3562e519-2874-49ed-a9e2-95bc00ab24d0,아답다해어,이발,빛가람 호수로 골목형상점가,골목형상점가,전라남도,,,
763afc39dcc60faafbc2,full_annotation_v1,A,q_미용_06,이발소,뷰티·미용 중 '미용'을 판매·제공하는 매장,train,미용,T2 동의어,00593d82-d6a7-4e33-8e50-1b8ea23e947f,뮤헤어,두발미용업,병점중심상가,자율상권구역,경기도,,,
e8f29a5922e6f44bec35,full_annotation_v1,A,q_미용_06,이발소,뷰티·미용 중 '미용'을 판매·제공하는 매장,train,미용,T2 동의어,a74e5341-fdbd-4192-aec5-fc324f327cc8,강아지 이발소,,내동서부 골목형상점가,골목형상점가,대전광역시,,,
3c5f4704d42da1a9a7bf,full_annotation_v1,A,q_미용_06,이발소,뷰티·미용 중 '미용'을 판매·제공하는 매장,train,미용,T2 동의어,ed88218e-e4c0-4780-8429-fd30611379b5,미도이용원,이발,오류버들시장골목형상점가,골목형상점가,서울특별시,,,
3092fda336e81b9eb6f7,full_annotation_v1,A,q_미용_06,이발소,뷰티·미용 중 '미용'을 판매·제공하는 매장,train,미용,T2 동의어,a72c4896-7140-49f1-8cc1-15e98c6cfe98,깐느헤어,머리,자양15번가골목형상점가,골목형상점가,서울특별시,,,
0f97b270b28be9611e7f,full_annotation_v1,A,q_미용_06,이발소,뷰티·미용 중 '미용'을 판매·제공하는 매장,train,미용,T2 동의어,001f80ca-1d03-4781-b117-7eaa52fb24f5,홍미용실,일반미용업,김제중앙시장,전통시장,전북특별자치도,,,
2dc83fea941b025e38de,full_annotation_v1,A,q_미용_06,이발소,뷰티·미용 중 '미용'을 판매·제공하는 매장,train,미용,T2 동의어,c9e5208c-c135-4225-8f5d-e02e68d3a600,비사채헤어,머리,풍영철길로 골목형상점가,골목형상점가,광주광역시,,,
574cca06a8645de10726,full_annotation_v1,A,q_미용_06,이발소,뷰티·미용 중 '미용'을 판매·제공하는 매장,train,미용,T2 동의어,4e1a25ca-7b41-47ed-99e8-2bfc6ba54521,바노두피,두피케어,새롬동 골목형상점가,골목형상점가,세종특별자치시,,,
1fc2ee64489e9063ec48,full_annotation_v1,A,q_미용_06,이발소,뷰티·미용 중 '미용'을 판매·제공하는 매장,train,미용,T2 동의어,68d3b2c9-5a23-4d6e-ada4-920079e92853,도매다리이발소,이용업,인후동 삼각지 골목형상점가,골목형상점가,전북특별자치도,,,
02fbbc1b6806d1f2b33b,full_annotation_v1,A,q_미용_06,이발소,뷰티·미용 중 '미용'을 판매·제공하는 매장,train,미용,T2 동의어,b8c73a4a-cb39-4ff0-9604-e0ddef95ed9e,댕댕이발소,애견미용,태평상가,골목형상점가,경기도,,,
a0b5c60dd28bae71f936,full_annotation_v1,A,q_미용_06,이발소,뷰티·미용 중 '미용'을 판매·제공하는 매장,train,미용,T2 동의어,7f50df3e-699f-40d2-839d-ae65b9bee2b0,개발소,애견미용,정부청사 골목형상점가,골목형상점가,광주광역시,,,
8ec9cdebad3f8a3cb4fe,full_annotation_v1,A,q_미용_06,이발소,뷰티·미용 중 '미용'을 판매·제공하는 매장,train,미용,T2 동의어,5b03403a-4ecb-4668-b11d-bdcd4c22b5ae,멍발소,애견미용,서문대로663번길 골목형상점가,골목형상점가,광주광역시,,,
6836e6310decb1899b28,full_annotation_v1,A,q_미용_06,이발소,뷰티·미용 중 '미용'을 판매·제공하는 매장,train,미용,T2 동의어,03321569-a189-4dea-8592-49bb6f114163,김송정머리터용인점 봄날애 헤어,헤어,동백역 골목형상점가,골목형상점가,경기도,,,
7efd48aabeaa39d0804b,full_annotation_v1,A,q_미용_06,이발소,뷰티·미용 중 '미용'을 판매·제공하는 매장,train,미용,T2 동의어,73765d38-dc8e-4fb5-84d4-6247c54b0586,드라마안경콘택트,안경,검단중앙 골목형상점가,골목형상점가,인천광역시,,,
aeb29df1db2d58cc326f,full_annotation_v1,A,q_미용_06,이발소,뷰티·미용 중 '미용'을 판매·제공하는 매장,train,미용,T2 동의어,038d83ed-3c85-404b-8aa9-222a893da5b3,고기왕김태백고기국물고기반찬,"식육, 가공양념육외 소머리.돼지머리.부산물등",후평일단지시장,전통시장,강원특별자치도,,,
81b16208b7901cfbe32c,full_annotation_v1,A,q_미용_06,이발소,뷰티·미용 중 '미용'을 판매·제공하는 매장,train,미용,T2 동의어,40ee5989-51aa-4ac2-9298-33dd70721870,제일이발관,이발원,목도시장,전통시장,충청북도,,,
63298bdc87a31e03af04,full_annotation_v1,A,q_미용_06,이발소,뷰티·미용 중 '미용'을 판매·제공하는 매장,train,미용,T2 동의어,9920cfe5-4b11-4cf8-bdb2-582a2afd6a8b,임성근국가공인진갈비 안산선부점,한식,선부광장로상점가,자율상권구역,경기도,,,
c902f96eb26eb73e5de1,full_annotation_v1,A,q_미용_06,이발소,뷰티·미용 중 '미용'을 판매·제공하는 매장,train,미용,T2 동의어,10438442-a66e-4675-9cfa-fdb04e6d8020,스코빌바버샵,이발,전남대후문골목형상점가,골목형상점가,광주광역시,,,
cb27a81fcbb61712e52b,full_annotation_v1,A,q_미용_06,이발소,뷰티·미용 중 '미용'을 판매·제공하는 매장,train,미용,T2 동의어,011291c0-305f-48b7-b50a-635b97da79c0,라라헤어,헤어,한들물빛도시 골목형 상점가,골목형상점가,충청남도,,,
e31341bcdc8343ff15c7,full_annotation_v1,A,q_미용_06,이발소,뷰티·미용 중 '미용'을 판매·제공하는 매장,train,미용,T2 동의어,55d20c2b-5c1a-4651-9f18-d23d007c3228,빈틈과 허용의 공간,,첨단이웃사랑 골목형상점가,골목형상점가,,,,
db28ae4a5e160a0bae41,full_annotation_v1,A,q_미용_06,이발소,뷰티·미용 중 '미용'을 판매·제공하는 매장,train,미용,T2 동의어,00222f52-5d1f-4fb1-b0a6-7b4864ce177f,아리따움서대문연희점,화장품,연희사러가,전통시장,서울특별시,,,
f7f31f3da41986818ac4,full_annotation_v1,A,q_미용_06,이발소,뷰티·미용 중 '미용'을 판매·제공하는 매장,train,미용,T2 동의어,a852fc62-5aff-4ddc-b202-32277cb4fa7b,백양상회,수산물,양동시장,전통시장,광주광역시,,,
57a0d894a6e921dad0f6,full_annotation_v1,A,q_미용_06,이발소,뷰티·미용 중 '미용'을 판매·제공하는 매장,train,미용,T2 동의어,15560dcf-480c-4127-9eee-c5de0f25300c,삼미상회,과일,대구능금시장,전통시장,대구광역시,,,
88f82b12f7b0d22341cc,full_annotation_v1,A,q_미용_06,이발소,뷰티·미용 중 '미용'을 판매·제공하는 매장,train,미용,T2 동의어,7bb151bb-5bea-4bdf-a76d-7a817cc07bb3,동근이발,이발,매곡 큰길 골목형상점가,골목형상점가,광주광역시,,,
40174f29a41faa8626f5,full_annotation_v1,A,q_미용_06,이발소,뷰티·미용 중 '미용'을 판매·제공하는 매장,train,미용,T2 동의어,3585ae65-0f76-4fda-8f9a-02a15890046b,이놈바버샵,"이발, 면도",여수진남상가,자율상권구역,전라남도,,,
6e1fa70bf3802a0d5b2e,full_annotation_v1,A,q_미용_06,이발소,뷰티·미용 중 '미용'을 판매·제공하는 매장,train,미용,T2 동의어,e2a68979-f212-45fd-ba60-ce8c8abb3557,전막상회,"양장지, 양복지, 기타직물류",공주산성시장,전통시장,충청남도,,,
3c0c9a43e672b8f00cf3,full_annotation_v1,A,q_미용_06,이발소,뷰티·미용 중 '미용'을 판매·제공하는 매장,train,미용,T2 동의어,0250e284-2897-44e3-b681-da46d2c84cd1,쏘이살롱(SSOISALON)2호점,헤어,빛가람 하나로 골목형상점가,골목형상점가,전라남도,,,
7243392873bc5a7a0886,full_annotation_v1,A,q_미용_06,이발소,뷰티·미용 중 '미용'을 판매·제공하는 매장,train,미용,T2 동의어,47ac625a-f2cb-4255-b11c-08b807475529,손현정뷰티&네일,두피케어제품,우산동빛고을 골목형상점가,골목형상점가,광주광역시,,,
23315adf8661021adaeb,full_annotation_v1,A,q_미용_06,이발소,뷰티·미용 중 '미용'을 판매·제공하는 매장,train,미용,T2 동의어,0157acd5-d1fd-46d1-afff-002eb6ffb986,나무헤어살롱,두발미용,죽전로데오상점가,전통시장,경기도,,,
ee2b35912e7d76d2fb23,full_annotation_v1,A,q_미용_06,이발소,뷰티·미용 중 '미용'을 판매·제공하는 매장,train,미용,T2 동의어,003f331a-de38-4946-a580-57373cb1175d,댕기머리,미용실,주천골목형상점가,골목형상점가,강원특별자치도,,,
00a7ff1d5b39a031f197,full_annotation_v1,A,q_미용_06,이발소,뷰티·미용 중 '미용'을 판매·제공하는 매장,train,미용,T2 동의어,b62872d8-28a5-42e3-90a7-43a1986d6d7a,이은숙헤어샵,머리,공주산성 활성화구역,전통시장,충청남도,,,
1d3394ab85f8db950f41,full_annotation_v1,A,q_미용_06,이발소,뷰티·미용 중 '미용'을 판매·제공하는 매장,train,미용,T2 동의어,c92ed38e-0d39-4ca0-a02d-456a69493f05,홍가이발소,미용용품,쌍촌로상인회 골목형상점가,골목형상점가,광주광역시,,,
5d13712ecc4b0318842d,full_annotation_v1,A,q_미용_06,이발소,뷰티·미용 중 '미용'을 판매·제공하는 매장,train,미용,T2 동의어,44f57c50-6598-4b1b-81c1-fbd52c80494e,뉴유성이발,이발,한일시장 골목형상점가,골목형상점가,전라남도,,,
616332fbb29a63335a49,full_annotation_v1,A,q_미용_06,이발소,뷰티·미용 중 '미용'을 판매·제공하는 매장,train,미용,T2 동의어,1f361493-5bbe-48b1-9639-f750d050cf93,노암이용원,이발,노암길골목형상점가,골목형상점가,강원특별자치도,,,
42da4e5c6ac30aef6ad9,full_annotation_v1,A,q_미용_06,이발소,뷰티·미용 중 '미용'을 판매·제공하는 매장,train,미용,T2 동의어,21d86812-fbfa-4fa5-b616-3d281eae0224,콩이네 이발소,애견용품동물미용업,새롬BRT 골목형상점가,골목형상점가,세종특별자치시,,,
7c9c74547e59b63f1d61,full_annotation_v1,A,q_미용_06,이발소,뷰티·미용 중 '미용'을 판매·제공하는 매장,train,미용,T2 동의어,000d8836-38bd-43a9-92f2-698d67d5926b,라미헤어스튜디오,미용실,포항중앙상가,전통시장,경상북도,,,
4bea95918814f9b3d7c9,full_annotation_v1,A,q_미용_06,이발소,뷰티·미용 중 '미용'을 판매·제공하는 매장,train,미용,T2 동의어,6ee60bcb-8903-4534-9420-9f8ddc7ec973,"전복마을, SEAM",농수축산물,목포자유시장,전통시장,,,,
c495c9a83c70edc01303,full_annotation_v1,A,q_미용_06,이발소,뷰티·미용 중 '미용'을 판매·제공하는 매장,train,미용,T2 동의어,041af343-9a15-41ec-b89d-df94bc14f381,유종숙머리방,,춘천중앙시장,전통시장,강원특별자치도,,,
0823c7a83420e21a49b0,full_annotation_v1,A,q_미용_06,이발소,뷰티·미용 중 '미용'을 판매·제공하는 매장,train,미용,T2 동의어,003cdc8a-95fe-43ea-8350-f4c63913a6f8,정선화장품,화장품,오천시장,전통시장,경상북도,,,
bce53c2c69bccae9e63a,full_annotation_v1,A,q_미용_06,이발소,뷰티·미용 중 '미용'을 판매·제공하는 매장,train,미용,T2 동의어,2024d033-d7cf-490a-a075-1f31e0740734,낭만이발소,두발이발,현풍백년도깨비시장,전통시장,대구광역시,,,
0168dc67f600f180204f,full_annotation_v1,A,q_미용_06,이발소,뷰티·미용 중 '미용'을 판매·제공하는 매장,train,미용,T2 동의어,e8dc0c27-b912-4cbf-b58d-cf6100a065cc,월드상사(주),농수산물,암사종합시장,전통시장,서울특별시,,,
3dbbae01bbccfb873d5d,full_annotation_v1,A,q_미용_06,이발소,뷰티·미용 중 '미용'을 판매·제공하는 매장,train,미용,T2 동의어,000407f6-6813-4322-a44c-ed6c1a90dafc,하루,두발,첨단동행 골목형상점가,골목형상점가,광주광역시,,,
7adb1f2e880ee73b36d0,full_annotation_v1,A,q_미용_06,이발소,뷰티·미용 중 '미용'을 판매·제공하는 매장,train,미용,T2 동의어,01bbc08f-bb91-4aae-a597-a5e183ea0d11,언니네살롱,헤어,송정 다누리 골목형상점가,골목형상점가,광주광역시,,,
805635eab8a93b05489f,full_annotation_v1,A,q_미용_06,이발소,뷰티·미용 중 '미용'을 판매·제공하는 매장,train,미용,T2 동의어,01fb4713-ad3f-425b-a6f5-ce0993979e63,기장,회,범어식주가무명인골목 골목형상점가,골목형상점가,대구광역시,,,
c82b0926c1cbe89f3735,full_annotation_v1,A,q_미용_06,이발소,뷰티·미용 중 '미용'을 판매·제공하는 매장,train,미용,T2 동의어,09cd748e-514c-4403-8078-7c923fc22167,그레이스위그,가발,한듬레포츠,골목형상점가,광주광역시,,,
8aba9c07bbece3fbb99a,full_annotation_v1,A,q_미용_06,이발소,뷰티·미용 중 '미용'을 판매·제공하는 매장,train,미용,T2 동의어,22afdf71-1217-4bb8-838e-23a6534d5d55,VOHAB헤어살롱,머리,신가아름마을,골목형상점가,광주광역시,,,
7bf37ad6d63ff4579ede,full_annotation_v1,A,q_미용_06,이발소,뷰티·미용 중 '미용'을 판매·제공하는 매장,train,미용,T2 동의어,c1f5c04b-c556-47ae-821b-5283eaaca24b,새벽이발소,,둥지수정상가 골목형상점가,골목형상점가,대전광역시,,,
1b455eadbc430e63a68c,full_annotation_v1,A,q_미용_06,이발소,뷰티·미용 중 '미용'을 판매·제공하는 매장,train,미용,T2 동의어,96579e8f-6acb-4781-8c67-cac2ee20bd3e,본보떼,이발,봉명동우산거리 골목형상점가,골목형상점가,대전광역시,,,
08edff53866bfaa123c2,full_annotation_v1,A,q_미용_06,이발소,뷰티·미용 중 '미용'을 판매·제공하는 매장,train,미용,T2 동의어,0017ec9c-4997-4ef5-a552-7fffc7dd149c,아리따움 진주서부점,화장품,진주 새서부시장,전통시장,경상남도,,,
c4e97bb2572226b3e5fc,full_annotation_v1,A,q_미용_06,이발소,뷰티·미용 중 '미용'을 판매·제공하는 매장,train,미용,T2 동의어,ac3a7511-d7a3-4755-8f01-c21e432c401b,광수이발소,이용업,운수대통!생거진천전통시장,전통시장,충청북도,,,
fa2d48ad4b278ffbf0fd,full_annotation_v1,A,q_미용_06,이발소,뷰티·미용 중 '미용'을 판매·제공하는 매장,train,미용,T2 동의어,225a3649-1d58-4686-8209-522e531a866d,똥강아지이발소,애견미용,남구 용대로 골목형상점가,골목형상점가,광주광역시,,,
13874add7f6c2491f5a6,full_annotation_v1,A,q_미용_06,이발소,뷰티·미용 중 '미용'을 판매·제공하는 매장,train,미용,T2 동의어,038c2ca6-a29e-4fb1-91d4-52b8a417f0e2,예쁜머리만들기,,뚝섬로윗길 골목형상점가,골목형상점가,서울특별시,,,
7d17f1d1e01d14bfee3d,full_annotation_v1,A,q_미용_06,이발소,뷰티·미용 중 '미용'을 판매·제공하는 매장,train,미용,T2 동의어,d0a7100b-65f2-40ca-8474-5cc70933d587,맨,이발,계림중앙필문로 골목형상점가,골목형상점가,광주광역시,,,
6b5cc88b4edc0af1d1d6,full_annotation_v1,A,q_미용_06,이발소,뷰티·미용 중 '미용'을 판매·제공하는 매장,train,미용,T2 동의어,7c762207-9626-4313-8bc1-50cb62531e42,싸우스포이발소,이용업,하남피크닉몰,골목형상점가,광주광역시,,,
7a925db480826506e881,full_annotation_v1,A,q_미용_06,이발소,뷰티·미용 중 '미용'을 판매·제공하는 매장,train,미용,T2 동의어,00131122-77cf-4772-b141-202f0f950f5c,라라샵,화장품,유성신나는 골목형상점가,골목형상점가,대전광역시,,,
04b9c93dc6f3c381e76c,full_annotation_v1,A,q_미용_06,이발소,뷰티·미용 중 '미용'을 판매·제공하는 매장,train,미용,T2 동의어,3417ad49-dfd9-44da-b76c-09023311ae21,더미인나라,스킨케어두피케어 제품,호남동 골목형상점가,골목형상점가,광주광역시,,,
f9e6f6a76c20c56e15b8,full_annotation_v1,A,q_미용_06,이발소,뷰티·미용 중 '미용'을 판매·제공하는 매장,train,미용,T2 동의어,ce3b4292-25a2-46fd-9f2f-cd364c448277,빅츄리,의류,원주자유시장,전통시장,강원특별자치도,,,
b7ff148e26477efd1606,full_annotation_v1,A,q_미용_06,이발소,뷰티·미용 중 '미용'을 판매·제공하는 매장,train,미용,T2 동의어,01830c3a-5f7e-4396-9772-38b51bd90dc0,새로나국밥,국밥 족발 머리고기,무등시장,전통시장,광주광역시,,,
51000ff784aa0029bfaa,full_annotation_v1,A,q_미용_06,이발소,뷰티·미용 중 '미용'을 판매·제공하는 매장,train,미용,T2 동의어,dd803c13-b3d1-45d6-8ba6-ea9ea65ba619,쾌남이발관,이발소,목포항동시장,전통시장,전라남도,,,
c42c907a4e90490953ff,full_annotation_v1,A,q_미용_06,이발소,뷰티·미용 중 '미용'을 판매·제공하는 매장,train,미용,T2 동의어,1158398c-1d39-40e8-8785-f6edad4efd75,e쁘네미용실,"커트, 파마, 염색, 가발",월빛 골목형상점가,골목형상점가,광주광역시,,,
49a2c441c7a122c38ba9,full_annotation_v1,A,q_미용_06,이발소,뷰티·미용 중 '미용'을 판매·제공하는 매장,train,미용,T2 동의어,00138176-f25b-4a96-9761-dd00f1a4dd28,보아스헤어아트,미용,봉제산길골목형상점가,골목형상점가,서울특별시,,,
4656774de07946115890,full_annotation_v1,A,q_미용_06,이발소,뷰티·미용 중 '미용'을 판매·제공하는 매장,train,미용,T2 동의어,c0cde715-840d-42ed-ba94-95288a7ff578,형제이발,이발,청량리청과물시장,전통시장,서울특별시,,,
ed6986f05a811ce0644c,full_annotation_v1,A,q_미용_06,이발소,뷰티·미용 중 '미용'을 판매·제공하는 매장,train,미용,T2 동의어,4729c3fa-e108-4793-a5c3-17bce8267caa,뚠뚠대패삼겹,한식,임방울거리1구역 골목형상점가,골목형상점가,광주광역시,,,
c66b632b45537433556f,full_annotation_v1,A,q_미용_06,이발소,뷰티·미용 중 '미용'을 판매·제공하는 매장,train,미용,T2 동의어,1934ca93-c38b-44af-9f91-5ea8ae0972a2,광장이발소,이발소,춘천지하상가,일반지하상점가,강원특별자치도,,,
7aec3a7995b07927c91c,full_annotation_v1,A,q_미용_06,이발소,뷰티·미용 중 '미용'을 판매·제공하는 매장,train,미용,T2 동의어,0bf0f3f3-940c-43c3-8fdb-cc7fa8b52524,고운머리,"소매(가발,액세서리,자수용품)",미금현대벤처빌시장,전통시장,경기도,,,
46268da34a708681a3d3,full_annotation_v1,A,q_미용_06,이발소,뷰티·미용 중 '미용'을 판매·제공하는 매장,train,미용,T2 동의어,027b7332-611e-498a-9ef6-1e9e536dbf4a,모모샵,두발 시술,온누리상인회 골목형상점가,골목형상점가,광주광역시,,,
58ae13bc1d8ca7ae1b2b,full_annotation_v1,A,q_미용_06,이발소,뷰티·미용 중 '미용'을 판매·제공하는 매장,train,미용,T2 동의어,48c54eec-b367-432a-bcc5-6f15c5aac413,씨엘미용실,이발,광복마을길 골목형상점가,골목형상점가,광주광역시,,,
c374ae3e50927ef1ae23,full_annotation_v1,A,q_미용_06,이발소,뷰티·미용 중 '미용'을 판매·제공하는 매장,train,미용,T2 동의어,029c439d-3334-4896-bee2-74f1a4880af9,더맨,이발미용업,에뜰일차 골목형상점가,골목형상점가,울산광역시,,,
fe6ce0ef04429ada1fe5,full_annotation_v1,A,q_미용_06,이발소,뷰티·미용 중 '미용'을 판매·제공하는 매장,train,미용,T2 동의어,111d2176-af6d-4214-844a-51453de36f46,주연가발,가발,고투몰(강남터미널지하도상점가),일반지하상점가,서울특별시,,,
cc7b55cb4dfecee461c8,full_annotation_v1,A,q_미용_06,이발소,뷰티·미용 중 '미용'을 판매·제공하는 매장,train,미용,T2 동의어,b51204ca-6008-4117-8fa8-019bed20e87a,현대이발소,이발,예산상설시장,전통시장,충청남도,,,
6811ae5544830f63d281,full_annotation_v1,A,q_미용_06,이발소,뷰티·미용 중 '미용'을 판매·제공하는 매장,train,미용,T2 동의어,73777934-029d-4380-a099-e948644462b2,일루아헤어스튜디오운암점,머리,운암북문대로 골목형상점가,골목형상점가,광주광역시,,,
c87dc5ba1249e09962bb,full_annotation_v1,A,q_미용_06,이발소,뷰티·미용 중 '미용'을 판매·제공하는 매장,train,미용,T2 동의어,78d39a37-5a04-4dc9-80bd-81484dea5061,그레이발소,이용,석촌시장,전통시장,서울특별시,,,
5c1237fc2acaa330d7fb,full_annotation_v1,A,q_미용_06,이발소,뷰티·미용 중 '미용'을 판매·제공하는 매장,train,미용,T2 동의어,3d7c939a-cee3-46fc-84ff-f9118fdf3795,전주꼬부리콩나물국밥보쌈,한식,중앙신시장,전통시장,경상북도,,,
321fdd3e65a70ce3a8f3,full_annotation_v1,A,q_미용_06,이발소,뷰티·미용 중 '미용'을 판매·제공하는 매장,train,미용,T2 동의어,16b35c7c-984f-448c-bb02-0d34f7faad52,젠틀남이발소,미용,구성언남 골목형상점가,골목형상점가,경기도,,,
8aa155ee6f80f6fdc768,full_annotation_v1,A,q_미용_06,이발소,뷰티·미용 중 '미용'을 판매·제공하는 매장,train,미용,T2 동의어,4b5c6c04-86b7-456c-9e94-c838186d8a5f,더벤티월계점,,첨단이웃사랑 골목형상점가,골목형상점가,,,,
6fc8f6d920980b0b01ba,full_annotation_v1,A,q_미용_06,이발소,뷰티·미용 중 '미용'을 판매·제공하는 매장,train,미용,T2 동의어,77f85cba-584f-41b5-a09d-e75cc4b292de,귀빈이발관,이발,점촌역전상점가,자율상권구역,경상북도,,,
471f337fc29b2b39bfc3,full_annotation_v1,A,q_미용_06,이발소,뷰티·미용 중 '미용'을 판매·제공하는 매장,train,미용,T2 동의어,039ab44d-ff38-41e4-8b48-22a1a8576261,헤어초이스앤두피케어,,도마달 골목형상점가,골목형상점가,대전광역시,,,
6ae53e41123c56f84c33,full_annotation_v1,A,q_미용_07,헤어샵,뷰티·미용 중 '미용'을 판매·제공하는 매장,train,미용,T2 동의어,9b2e47d7-c73b-4997-9c05-8b92802a38de,정하나헤어,헤어샵,경주중심상가,전통시장,경상북도,,,
56a71c4004e31bad88a6,full_annotation_v1,A,q_미용_07,헤어샵,뷰티·미용 중 '미용'을 판매·제공하는 매장,train,미용,T2 동의어,e2c5f4e5-fe30-42c5-9793-8ea54999ed0f,강민형 헤어샵,미용실,장성읍 골목형상점가,골목형상점가,전라남도,,,
fe26bb497edc530f4af2,full_annotation_v1,A,q_미용_07,헤어샵,뷰티·미용 중 '미용'을 판매·제공하는 매장,train,미용,T2 동의어,fc1529e7-f473-4301-acc6-32017a320e67,린다헤어,헤어샵,신용동 골목형상점가,골목형상점가,광주광역시,,,
c25651ebfe288e84ab57,full_annotation_v1,A,q_미용_07,헤어샵,뷰티·미용 중 '미용'을 판매·제공하는 매장,train,미용,T2 동의어,4461c60c-8b93-4726-9f53-f30fd0a57d25,도도헤어,헤어샵,성덕중사거리,골목형상점가,광주광역시,,,
4f3aa8f9cc12a5bf309f,full_annotation_v1,A,q_미용_07,헤어샵,뷰티·미용 중 '미용'을 판매·제공하는 매장,train,미용,T2 동의어,60e7a40f-77c1-4f30-84ef-a5151d386b23,태양애드,간판 광고물,무실가구거리골목형상점가,골목형상점가,강원특별자치도,,,
5221d6fb01bbd5529305,full_annotation_v1,A,q_미용_07,헤어샵,뷰티·미용 중 '미용'을 판매·제공하는 매장,train,미용,T2 동의어,4c402a85-189c-4586-89fe-5414baebef68,법무사손종영사무소,법무사,무실가구거리골목형상점가,골목형상점가,강원특별자치도,,,
0d1d00dc37d39254eeec,full_annotation_v1,A,q_미용_07,헤어샵,뷰티·미용 중 '미용'을 판매·제공하는 매장,train,미용,T2 동의어,920ec841-9f2b-4be8-b257-eb7583199eff,미쁘다,헤어샵,호계공설시장,전통시장,울산광역시,,,
f9421bdf3bd2f1da8214,full_annotation_v1,A,q_미용_07,헤어샵,뷰티·미용 중 '미용'을 판매·제공하는 매장,train,미용,T2 동의어,e985b0e8-d331-440b-843a-bb62169b6414,헤어빈,헤어샵,평동 골목형상점가,골목형상점가,광주광역시,,,
710bb5cff759565ecc84,full_annotation_v1,A,q_미용_07,헤어샵,뷰티·미용 중 '미용'을 판매·제공하는 매장,train,미용,T2 동의어,4cc24b6e-b15f-403e-9cc8-7016e835af94,다정헤어,헤어샵,마산 월영대시장,전통시장,경상남도,,,
f470ec86abd3114efe00,full_annotation_v1,A,q_미용_07,헤어샵,뷰티·미용 중 '미용'을 판매·제공하는 매장,train,미용,T2 동의어,0041672f-0704-459b-a485-1502c7de1bef,지모바버샵,이발,쌍리단길상점가,자율상권구역,서울특별시,,,
446316d114beaf39080f,full_annotation_v1,A,q_미용_07,헤어샵,뷰티·미용 중 '미용'을 판매·제공하는 매장,train,미용,T2 동의어,01830c3a-5f7e-4396-9772-38b51bd90dc0,새로나국밥,국밥 족발 머리고기,무등시장,전통시장,광주광역시,,,
7ead98db3118f356c573,full_annotation_v1,A,q_미용_07,헤어샵,뷰티·미용 중 '미용'을 판매·제공하는 매장,train,미용,T2 동의어,0009149f-621a-493e-9fd1-252a8ac6c75b,글로리,미용실,중흥동 큰샘길 골목형상점가,골목형상점가,광주광역시,,,
6e209668148d348090bc,full_annotation_v1,A,q_미용_07,헤어샵,뷰티·미용 중 '미용'을 판매·제공하는 매장,train,미용,T2 동의어,a6d2e7f0-aee3-49ca-b349-de52bc8742ef,로그 헤어,헤어샵,문흥초등학교주변 골목형상점가,골목형상점가,광주광역시,,,
30c3d0dc1f7dbc5afd2d,full_annotation_v1,A,q_미용_07,헤어샵,뷰티·미용 중 '미용'을 판매·제공하는 매장,train,미용,T2 동의어,d98d4c63-2025-465f-a7ab-e724b5452686,서혜희헤어라인,헤어샵,점촌역전상점가,자율상권구역,경상북도,,,
1b6038d0799847c0359d,full_annotation_v1,A,q_미용_07,헤어샵,뷰티·미용 중 '미용'을 판매·제공하는 매장,train,미용,T2 동의어,074ad32b-e2ea-4972-93e1-ea399e745a39,"한돈명가,곤지암할매 소머리국밥 혁신점",,나주혁신도시 골목형상점가,골목형상점가,,,,
f8c8f4e88f53bf6d7e8d,full_annotation_v1,A,q_미용_07,헤어샵,뷰티·미용 중 '미용'을 판매·제공하는 매장,train,미용,T2 동의어,5046e824-bba0-43c4-8a83-c41055fd088a,SNS헤어,헤어샵,송정중앙 골목형상점가,골목형상점가,광주광역시,,,
305d309d3b4f93a634b4,full_annotation_v1,A,q_미용_07,헤어샵,뷰티·미용 중 '미용'을 판매·제공하는 매장,train,미용,T2 동의어,064162f2-e3e2-48f7-9ba7-38cefb3c735b,스텔라 가발전문점,,부천역 지하도로 상가,일반지하상점가,경기도,,,
f6c8d93c987e35c81c36,full_annotation_v1,A,q_미용_07,헤어샵,뷰티·미용 중 '미용'을 판매·제공하는 매장,train,미용,T2 동의어,1934ca93-c38b-44af-9f91-5ea8ae0972a2,광장이발소,이발소,춘천지하상가,일반지하상점가,강원특별자치도,,,
d0a167f7c6c4db5980b0,full_annotation_v1,A,q_미용_07,헤어샵,뷰티·미용 중 '미용'을 판매·제공하는 매장,train,미용,T2 동의어,008c73ed-3ece-452b-aa49-b96b73ff1ba1,온결 스킨앤바디,화장품,가재마을 골목형상점가,골목형상점가,세종특별자치시,,,
8ed9cc69d56afcd0ee3f,full_annotation_v1,A,q_미용_07,헤어샵,뷰티·미용 중 '미용'을 판매·제공하는 매장,train,미용,T2 동의어,00593d82-d6a7-4e33-8e50-1b8ea23e947f,뮤헤어,두발미용업,병점중심상가,자율상권구역,경기도,,,
8ee5a1d9b022770846c7,full_annotation_v1,A,q_미용_07,헤어샵,뷰티·미용 중 '미용'을 판매·제공하는 매장,train,미용,T2 동의어,02d44cdc-b600-43fd-880d-cff5e9214c6b,서암이뱔관,이발소,통진시장,전통시장,경기도,,,
fe1bb0a52e29146e8393,full_annotation_v1,A,q_미용_07,헤어샵,뷰티·미용 중 '미용'을 판매·제공하는 매장,train,미용,T2 동의어,442cf767-a47e-4b4b-a06c-9a55c97641c0,드부아네일,"네일아트, 케어",동송전통시장,전통시장,강원특별자치도,,,
5bf9d49764711244f44c,full_annotation_v1,A,q_미용_07,헤어샵,뷰티·미용 중 '미용'을 판매·제공하는 매장,train,미용,T2 동의어,003cdc8a-95fe-43ea-8350-f4c63913a6f8,정선화장품,화장품,오천시장,전통시장,경상북도,,,
ea149bf1ae50e3a1ca69,full_annotation_v1,A,q_미용_07,헤어샵,뷰티·미용 중 '미용'을 판매·제공하는 매장,train,미용,T2 동의어,87473edc-7b38-43a4-8aab-5a6c693668c7,연세안경,안경 및 렌즈,남양주장현전통시장,전통시장,경기도,,,
298dc99ce5b29ad45995,full_annotation_v1,A,q_미용_07,헤어샵,뷰티·미용 중 '미용'을 판매·제공하는 매장,train,미용,T2 동의어,8bcb74bb-9790-465f-8812-cb9d58dad714,코코헤어,헤어샵,문경시 점촌원도심 상권활성화구역,상권활성화구역,경상북도,,,
db7ccb9a983f9ccd1739,full_annotation_v1,A,q_미용_07,헤어샵,뷰티·미용 중 '미용'을 판매·제공하는 매장,train,미용,T2 동의어,0157acd5-d1fd-46d1-afff-002eb6ffb986,나무헤어살롱,두발미용,죽전로데오상점가,전통시장,경기도,,,
62b12ba4f3eb4e401fc7,full_annotation_v1,A,q_미용_07,헤어샵,뷰티·미용 중 '미용'을 판매·제공하는 매장,train,미용,T2 동의어,09cd748e-514c-4403-8078-7c923fc22167,그레이스위그,가발,한듬레포츠,골목형상점가,광주광역시,,,
c40cb796a606c4619750,full_annotation_v1,A,q_미용_07,헤어샵,뷰티·미용 중 '미용'을 판매·제공하는 매장,train,미용,T2 동의어,761a8ec1-a8e7-45b9-9384-7d130f79c81a,나이스 헤어샵,헤어샵,롯데프라자 골목형상점가,골목형상점가,경기도,,,
ae664e63b464ee899c7e,full_annotation_v1,A,q_미용_07,헤어샵,뷰티·미용 중 '미용'을 판매·제공하는 매장,train,미용,T2 동의어,63e25579-350b-45bb-b981-3b2592d2ea86,제리 헤어샵,미용실,임방울거리1구역 골목형상점가,골목형상점가,광주광역시,,,
a7e39ce10a6ebe0ca9af,full_annotation_v1,A,q_미용_07,헤어샵,뷰티·미용 중 '미용'을 판매·제공하는 매장,train,미용,T2 동의어,c500af60-301a-48f2-92a0-c45f1e11afb1,헤어샵 유랑,미용업,태평상가,골목형상점가,경기도,,,
44d36743dcd5d62b7b5f,full_annotation_v1,A,q_미용_07,헤어샵,뷰티·미용 중 '미용'을 판매·제공하는 매장,train,미용,T2 동의어,65c096b7-8f67-40ae-b7d8-9ad089daed71,GS25 성남수정점,"도시락, 김밥, 음료, 주류, 담배, 스낵 등",수정로 상권활성화구역,상권활성화구역,경기도,,,
1f69bd360904b16c163e,full_annotation_v1,A,q_미용_07,헤어샵,뷰티·미용 중 '미용'을 판매·제공하는 매장,train,미용,T2 동의어,22afdf71-1217-4bb8-838e-23a6534d5d55,VOHAB헤어살롱,머리,신가아름마을,골목형상점가,광주광역시,,,
8d247301f3a5ab34b3e1,full_annotation_v1,A,q_미용_07,헤어샵,뷰티·미용 중 '미용'을 판매·제공하는 매장,train,미용,T2 동의어,84d92c94-a9c4-42e2-bbf7-575264f079a5,다정미용실,헤어샵,평동 골목형상점가,골목형상점가,광주광역시,,,
b2fdf21ae8c2ffc4945e,full_annotation_v1,A,q_미용_07,헤어샵,뷰티·미용 중 '미용'을 판매·제공하는 매장,train,미용,T2 동의어,dc9af475-4d42-4f5b-ba5c-5c23ea8aa587,김지은 헤어샵,,복수동 골목형상점가,골목형상점가,대전광역시,,,
19b61f1ff65c561f17d0,full_annotation_v1,A,q_미용_07,헤어샵,뷰티·미용 중 '미용'을 판매·제공하는 매장,train,미용,T2 동의어,027b7332-611e-498a-9ef6-1e9e536dbf4a,모모샵,두발 시술,온누리상인회 골목형상점가,골목형상점가,광주광역시,,,
9add0ff6c99f4c52a1fa,full_annotation_v1,A,q_미용_07,헤어샵,뷰티·미용 중 '미용'을 판매·제공하는 매장,train,미용,T2 동의어,2aabaf92-1f58-412b-9a39-acae5e854ef7,청오수산,수산업,예산상설시장,전통시장,충청남도,,,
527674d92c866560c5c0,full_annotation_v1,A,q_미용_07,헤어샵,뷰티·미용 중 '미용'을 판매·제공하는 매장,train,미용,T2 동의어,039ab44d-ff38-41e4-8b48-22a1a8576261,헤어초이스앤두피케어,,도마달 골목형상점가,골목형상점가,대전광역시,,,
d84a238d78a5d7119986,full_annotation_v1,A,q_미용_07,헤어샵,뷰티·미용 중 '미용'을 판매·제공하는 매장,train,미용,T2 동의어,4dd2efab-27a4-4cac-9e49-03afdaffa7ef,현대식품,야채,안산보성상가상점가,자율상권구역,경기도,,,
c18fbe35ef1cfc532e56,full_annotation_v1,A,q_미용_07,헤어샵,뷰티·미용 중 '미용'을 판매·제공하는 매장,train,미용,T2 동의어,50350d9c-651c-42cc-b756-4b1c7ea658c3,란쌤헤어샵,헤어샵,선운 골목형상점가,골목형상점가,광주광역시,,,
818cb78b63c176414161,full_annotation_v1,A,q_미용_07,헤어샵,뷰티·미용 중 '미용'을 판매·제공하는 매장,train,미용,T2 동의어,9d73fa13-b1bd-4269-b815-c20e49735263,정광미용실,헤어샵,소촌중앙 골목형상점가,골목형상점가,광주광역시,,,
26c84413f1fdd42cf486,full_annotation_v1,A,q_미용_07,헤어샵,뷰티·미용 중 '미용'을 판매·제공하는 매장,train,미용,T2 동의어,4e1a25ca-7b41-47ed-99e8-2bfc6ba54521,바노두피,두피케어,새롬동 골목형상점가,골목형상점가,세종특별자치시,,,
8d3ee53536c15a569f95,full_annotation_v1,A,q_미용_07,헤어샵,뷰티·미용 중 '미용'을 판매·제공하는 매장,train,미용,T2 동의어,03321569-a189-4dea-8592-49bb6f114163,김송정머리터용인점 봄날애 헤어,헤어,동백역 골목형상점가,골목형상점가,경기도,,,
d7f1e66559574d2661c8,full_annotation_v1,A,q_미용_07,헤어샵,뷰티·미용 중 '미용'을 판매·제공하는 매장,train,미용,T2 동의어,13b68938-59e6-40d3-82ca-385c52fc41e4,다인 헤어샵,미용,진주 중앙시장,전통시장,경상남도,,,
803abcf3ec9a605f084b,full_annotation_v1,A,q_미용_07,헤어샵,뷰티·미용 중 '미용'을 판매·제공하는 매장,train,미용,T2 동의어,01bbc08f-bb91-4aae-a597-a5e183ea0d11,언니네살롱,헤어,송정 다누리 골목형상점가,골목형상점가,광주광역시,,,
b67dcf8035f670176401,full_annotation_v1,A,q_미용_07,헤어샵,뷰티·미용 중 '미용'을 판매·제공하는 매장,train,미용,T2 동의어,f56f6bb2-5ef3-4ba6-829c-da8a815cf99e,제일신발상회,신발,세종대평시장,전통시장,세종특별자치시,,,
e324e6c1c96b2f74a97f,full_annotation_v1,A,q_미용_07,헤어샵,뷰티·미용 중 '미용'을 판매·제공하는 매장,train,미용,T2 동의어,00ece52b-629f-4e52-abd8-754dd96759c2,슈퍼스타헤어,두발미용,월곡달빛오거리골목형상점가,골목형상점가,서울특별시,,,
60d2d49b61c8d435f6aa,full_annotation_v1,A,q_미용_07,헤어샵,뷰티·미용 중 '미용'을 판매·제공하는 매장,train,미용,T2 동의어,d81dd1e5-a68a-44fd-a669-d2a10d53c697,연주헤어샵,헤어샵,송도용보 골목형상점가,골목형상점가,광주광역시,,,
ad07cdc274a0af0cf1ec,full_annotation_v1,A,q_미용_07,헤어샵,뷰티·미용 중 '미용'을 판매·제공하는 매장,train,미용,T2 동의어,f596754a-71f2-4485-8f28-b9afd71169fb,헤어샵,미용실,오치2동 골목형상점가,골목형상점가,광주광역시,,,
be0ad5b519cb1c0a2442,full_annotation_v1,A,q_미용_07,헤어샵,뷰티·미용 중 '미용'을 판매·제공하는 매장,train,미용,T2 동의어,00131122-77cf-4772-b141-202f0f950f5c,라라샵,화장품,유성신나는 골목형상점가,골목형상점가,대전광역시,,,
eb71651128152bd03147,full_annotation_v1,A,q_미용_07,헤어샵,뷰티·미용 중 '미용'을 판매·제공하는 매장,train,미용,T2 동의어,73777934-029d-4380-a099-e948644462b2,일루아헤어스튜디오운암점,머리,운암북문대로 골목형상점가,골목형상점가,광주광역시,,,
7fd746d461d06a2c8058,full_annotation_v1,A,q_미용_07,헤어샵,뷰티·미용 중 '미용'을 판매·제공하는 매장,train,미용,T2 동의어,c058f950-258b-4cae-b711-fc9a5ee98417,아르떼헤어샵,헤어샵,대주먹자골목 골목형상점가,골목형상점가,광주광역시,,,
67c7d3667b1d69003450,full_annotation_v1,A,q_미용_07,헤어샵,뷰티·미용 중 '미용'을 판매·제공하는 매장,train,미용,T2 동의어,10438442-a66e-4675-9cfa-fdb04e6d8020,스코빌바버샵,이발,전남대후문골목형상점가,골목형상점가,광주광역시,,,
2b6fdac7611a19bc9ded,full_annotation_v1,A,q_미용_07,헤어샵,뷰티·미용 중 '미용'을 판매·제공하는 매장,train,미용,T2 동의어,b5de69bc-9dae-4d16-bdea-d9ea8cd8eb7d,터프가이미용실,헤어샵,평동 골목형상점가,골목형상점가,광주광역시,,,
371d9936bf897972e2df,full_annotation_v1,A,q_미용_07,헤어샵,뷰티·미용 중 '미용'을 판매·제공하는 매장,train,미용,T2 동의어,3a16b661-8eba-41dc-94e9-46d54bc7b92d,코아 헤어샵,,퀸덤3단지골목형상점가,골목형상점가,부산광역시,,,
6698e9c0719648f96518,full_annotation_v1,A,q_미용_07,헤어샵,뷰티·미용 중 '미용'을 판매·제공하는 매장,train,미용,T2 동의어,0250e284-2897-44e3-b681-da46d2c84cd1,쏘이살롱(SSOISALON)2호점,헤어,빛가람 하나로 골목형상점가,골목형상점가,전라남도,,,
2cb83e55dd4076864991,full_annotation_v1,A,q_미용_07,헤어샵,뷰티·미용 중 '미용'을 판매·제공하는 매장,train,미용,T2 동의어,87f6615e-cddc-413f-b074-a5d4e5e6d821,까꼬보꼬 헤어샵,미용,우산동빛고을 골목형상점가,골목형상점가,광주광역시,,,
8e0eba3a9db189614003,full_annotation_v1,A,q_미용_07,헤어샵,뷰티·미용 중 '미용'을 판매·제공하는 매장,train,미용,T2 동의어,041af343-9a15-41ec-b89d-df94bc14f381,유종숙머리방,,춘천중앙시장,전통시장,강원특별자치도,,,
e1532cac51c3313e6257,full_annotation_v1,A,q_미용_07,헤어샵,뷰티·미용 중 '미용'을 판매·제공하는 매장,train,미용,T2 동의어,038d83ed-3c85-404b-8aa9-222a893da5b3,고기왕김태백고기국물고기반찬,"식육, 가공양념육외 소머리.돼지머리.부산물등",후평일단지시장,전통시장,강원특별자치도,,,
61ba52121d01895ee2ad,full_annotation_v1,A,q_미용_07,헤어샵,뷰티·미용 중 '미용'을 판매·제공하는 매장,train,미용,T2 동의어,000407f6-6813-4322-a44c-ed6c1a90dafc,하루,두발,첨단동행 골목형상점가,골목형상점가,광주광역시,,,
373a907b7a1e8c997320,full_annotation_v1,A,q_미용_07,헤어샵,뷰티·미용 중 '미용'을 판매·제공하는 매장,train,미용,T2 동의어,0001b1fc-5455-433e-8e94-96d051362b17,유난희헤어샵,미용실,창원 대동그린코아상가,전통시장,경상남도,,,
9e605c5e1967bc000c98,full_annotation_v1,A,q_미용_07,헤어샵,뷰티·미용 중 '미용'을 판매·제공하는 매장,train,미용,T2 동의어,15fbe320-bfd4-4e8a-8a1a-12f89e8f3071,풍년주막,한식,선운 골목형상점가,골목형상점가,광주광역시,,,
13eddcd7af03b09f2dcc,full_annotation_v1,A,q_미용_07,헤어샵,뷰티·미용 중 '미용'을 판매·제공하는 매장,train,미용,T2 동의어,4e77fc85-db07-43e1-88b6-950503fc641b,엘리자베스미용실,헤어샵,점촌역전상점가,자율상권구역,경상북도,,,
9db68ad62de9e54b171b,full_annotation_v1,A,q_미용_07,헤어샵,뷰티·미용 중 '미용'을 판매·제공하는 매장,train,미용,T2 동의어,d957836b-5869-4194-a08a-069586ad2ede,쁘띠헤어샵,헤어샵,문흥동문산로 골목형상점가,골목형상점가,광주광역시,,,
df25f19fe452e77f5344,full_annotation_v1,A,q_미용_07,헤어샵,뷰티·미용 중 '미용'을 판매·제공하는 매장,train,미용,T2 동의어,dd525790-42e4-45b5-b576-487ccfc117f7,준헤어팝,헤어샵,염주먹자골목B구역상인회 골목형상점가,골목형상점가,광주광역시,,,
08b2cf6499c61801a545,full_annotation_v1,A,q_미용_07,헤어샵,뷰티·미용 중 '미용'을 판매·제공하는 매장,train,미용,T2 동의어,a199418d-cdf8-49db-b12e-a8006391f479,초동순두부 상무시청점,한식,우체국보험광주회관주변상인회 골목형상점가,골목형상점가,광주광역시,,,
34785128a1cdd6513baa,full_annotation_v1,A,q_미용_07,헤어샵,뷰티·미용 중 '미용'을 판매·제공하는 매장,train,미용,T2 동의어,0fc7ab4b-bab7-4b7f-8720-8c1582d7da15,정태랑헤어꼬불라,헤어샵,점촌역전상점가,자율상권구역,경상북도,,,
edc4ca4c57c398e77210,full_annotation_v1,A,q_미용_07,헤어샵,뷰티·미용 중 '미용'을 판매·제공하는 매장,train,미용,T2 동의어,2b570575-4552-40c6-a64a-328aab342867,엘림,의류,메트로센터(반월당지하쇼핑),일반지하상점가,대구광역시,,,
d4a68ebe93efa1e1c930,full_annotation_v1,A,q_미용_07,헤어샵,뷰티·미용 중 '미용'을 판매·제공하는 매장,train,미용,T2 동의어,c3877e7f-61f0-4653-aa48-c023e333da1d,아르미 헤어,헤어샵,용산동 골목형상점가,골목형상점가,대전광역시,,,
7d299f29a054f7708534,full_annotation_v1,A,q_미용_07,헤어샵,뷰티·미용 중 '미용'을 판매·제공하는 매장,train,미용,T2 동의어,24e3eb71-8e2f-43dc-9a0e-47a5d977c45e,건어물나라,건어물,마천중앙시장,전통시장,서울특별시,,,
83ab279a29ab29bc5f6f,full_annotation_v1,A,q_미용_07,헤어샵,뷰티·미용 중 '미용'을 판매·제공하는 매장,train,미용,T2 동의어,04ab921c-4e3a-43af-9f25-a26c9dd23950,라엘,헤어샵,첨단하나로,골목형상점가,광주광역시,,,
22e13523e3e3ae73f464,full_annotation_v1,A,q_미용_07,헤어샵,뷰티·미용 중 '미용'을 판매·제공하는 매장,train,미용,T2 동의어,038c2ca6-a29e-4fb1-91d4-52b8a417f0e2,예쁜머리만들기,,뚝섬로윗길 골목형상점가,골목형상점가,서울특별시,,,
fbbacccd0fa211f5c8f4,full_annotation_v1,A,q_미용_07,헤어샵,뷰티·미용 중 '미용'을 판매·제공하는 매장,train,미용,T2 동의어,b62872d8-28a5-42e3-90a7-43a1986d6d7a,이은숙헤어샵,머리,공주산성 활성화구역,전통시장,충청남도,,,
573533496ddca9efb3f6,full_annotation_v1,A,q_미용_07,헤어샵,뷰티·미용 중 '미용'을 판매·제공하는 매장,train,미용,T2 동의어,30754409-16ff-4814-ac63-3144453ecda2,선 헤어샵,미용,장흥중앙로 골목형상점가,골목형상점가,전라남도,,,
812e832e6be5831d052a,full_annotation_v1,A,q_미용_07,헤어샵,뷰티·미용 중 '미용'을 판매·제공하는 매장,train,미용,T2 동의어,0033e403-2853-4086-a2b3-2ee73a5ac7d4,변필주미용실,서비스(미용실),양동역별빛시장(양동쌍학시장),전통시장,경기도,,,
ad0716106b709c88bdcb,full_annotation_v1,A,q_미용_07,헤어샵,뷰티·미용 중 '미용'을 판매·제공하는 매장,train,미용,T2 동의어,c9e5208c-c135-4225-8f5d-e02e68d3a600,비사채헤어,머리,풍영철길로 골목형상점가,골목형상점가,광주광역시,,,
b45768e3b8da7fb6c4d5,full_annotation_v1,A,q_미용_07,헤어샵,뷰티·미용 중 '미용'을 판매·제공하는 매장,train,미용,T2 동의어,04d5056b-32c0-4188-bf8b-760d8f7d68c7,자갈치포차,한식,금호1동상가번영회 골목형상점가,골목형상점가,광주광역시,,,
5ecb5d0902eb4bc3ef1d,full_annotation_v1,A,q_미용_07,헤어샵,뷰티·미용 중 '미용'을 판매·제공하는 매장,train,미용,T2 동의어,00138176-f25b-4a96-9761-dd00f1a4dd28,보아스헤어아트,미용,봉제산길골목형상점가,골목형상점가,서울특별시,,,
8192836acf6242f1f460,full_annotation_v1,A,q_미용_07,헤어샵,뷰티·미용 중 '미용'을 판매·제공하는 매장,train,미용,T2 동의어,003f331a-de38-4946-a580-57373cb1175d,댕기머리,미용실,주천골목형상점가,골목형상점가,강원특별자치도,,,
79d0eb6ce18c2655496e,full_annotation_v1,A,q_미용_07,헤어샵,뷰티·미용 중 '미용'을 판매·제공하는 매장,train,미용,T2 동의어,03f90743-97a0-4286-b0d2-caf9ed37a988,제이#헤어,헤어샵,송정사랑 골목형상점가,골목형상점가,광주광역시,,,
437286285baa4d0e3760,full_annotation_v1,A,q_미용_07,헤어샵,뷰티·미용 중 '미용'을 판매·제공하는 매장,train,미용,T2 동의어,0f7a737b-5ef0-43b4-88a4-dd4083e5e87b,하영파크골프,스포츠용품,첨단이웃사랑 골목형상점가,골목형상점가,광주광역시,,,
68dc9b90223496be5002,full_annotation_v1,A,q_미용_07,헤어샵,뷰티·미용 중 '미용'을 판매·제공하는 매장,train,미용,T2 동의어,000d8836-38bd-43a9-92f2-698d67d5926b,라미헤어스튜디오,미용실,포항중앙상가,전통시장,경상북도,,,
42ff6cf35fcf3907f302,full_annotation_v1,A,q_미용_07,헤어샵,뷰티·미용 중 '미용'을 판매·제공하는 매장,train,미용,T2 동의어,0f731ac0-ae21-466a-811a-414d93182b7f,허연경 헤어샵,,군산 원도심 골목형상점가,골목형상점가,전북특별자치도,,,
9c295cf900d5851707bb,full_annotation_v1,A,q_미용_07,헤어샵,뷰티·미용 중 '미용'을 판매·제공하는 매장,train,미용,T2 동의어,95fdda30-8bc0-4e43-98ee-2c156b88e669,예쁜머리,헤어샵,송정중앙 골목형상점가,골목형상점가,광주광역시,,,
566d8b33c052f444d788,full_annotation_v1,A,q_미용_07,헤어샵,뷰티·미용 중 '미용'을 판매·제공하는 매장,train,미용,T2 동의어,28b610eb-131b-4c31-b824-aba54ec8d982,쎄븐 헤어샵,미용,아진상가,골목형상점가,울산광역시,,,
d58440174bf6e909dc45,full_annotation_v1,A,q_미용_07,헤어샵,뷰티·미용 중 '미용'을 판매·제공하는 매장,train,미용,T2 동의어,0042c5c8-617e-4d65-82bc-0e74d9ec734c,바너스 헤어샵,미용,방학단길골목형상점가,골목형상점가,서울특별시,,,
6af80f393b35261b03e1,full_annotation_v1,A,q_미용_07,헤어샵,뷰티·미용 중 '미용'을 판매·제공하는 매장,train,미용,T2 동의어,86798a19-fdd2-4af2-a5dd-8a0d7d3bde7a,지아연 헤어샵,,장성읍 골목형상점가,골목형상점가,,,,
3a8311a8889d773510d0,full_annotation_v1,A,q_미용_07,헤어샵,뷰티·미용 중 '미용'을 판매·제공하는 매장,train,미용,T2 동의어,da3b1890-6c18-4f17-bcaa-00ffe79b640a,소윤헤어,헤어샵,선운 골목형상점가,골목형상점가,광주광역시,,,
f959f82b688b85be92af,full_annotation_v1,A,q_미용_07,헤어샵,뷰티·미용 중 '미용'을 판매·제공하는 매장,train,미용,T2 동의어,f975ac27-a8d1-4362-8100-76b0cb988e3b,바비헤어,헤어샵,석수본동 골목형상점가,골목형상점가,경기도,,,
572d1ac20bb0fb071d93,full_annotation_v1,A,q_미용_07,헤어샵,뷰티·미용 중 '미용'을 판매·제공하는 매장,train,미용,T2 동의어,0bf0f3f3-940c-43c3-8fdb-cc7fa8b52524,고운머리,"소매(가발,액세서리,자수용품)",미금현대벤처빌시장,전통시장,경기도,,,
9acad8aeca5366706f70,full_annotation_v1,A,q_미용_07,헤어샵,뷰티·미용 중 '미용'을 판매·제공하는 매장,train,미용,T2 동의어,a72c4896-7140-49f1-8cc1-15e98c6cfe98,깐느헤어,머리,자양15번가골목형상점가,골목형상점가,서울특별시,,,
800f0270f2551bb16fa8,full_annotation_v1,A,q_미용_07,헤어샵,뷰티·미용 중 '미용'을 판매·제공하는 매장,train,미용,T2 동의어,47c1af37-38c4-4ef5-b2a6-34ec2ad59ef1,기분좋은날,헤어샵,소촌금봉 골목형상점가,골목형상점가,광주광역시,,,
baf605564d149aeb839a,full_annotation_v1,A,q_미용_07,헤어샵,뷰티·미용 중 '미용'을 판매·제공하는 매장,train,미용,T2 동의어,011291c0-305f-48b7-b50a-635b97da79c0,라라헤어,헤어,한들물빛도시 골목형 상점가,골목형상점가,충청남도,,,
07491b6c49624b26098b,full_annotation_v1,A,q_미용_07,헤어샵,뷰티·미용 중 '미용'을 판매·제공하는 매장,train,미용,T2 동의어,b87effcb-f181-4a7a-84a7-eeebde8f4979,에스에스헤어샾,헤어샵,방젯골용대로 골목형상점가,골목형상점가,광주광역시,,,
adc3a963fd25506a3533,full_annotation_v1,A,q_미용_07,헤어샵,뷰티·미용 중 '미용'을 판매·제공하는 매장,train,미용,T2 동의어,8ffd61f3-6cf3-4cc3-8803-bffd18752dc3,우리 헤어샵,미용,노해랑길골목형상점가,골목형상점가,서울특별시,,,
72c8e02a53a33251b681,full_annotation_v1,A,q_미용_07,헤어샵,뷰티·미용 중 '미용'을 판매·제공하는 매장,train,미용,T2 동의어,001f80ca-1d03-4781-b117-7eaa52fb24f5,홍미용실,일반미용업,김제중앙시장,전통시장,전북특별자치도,,,
235ef55d847dbf4241a5,full_annotation_v1,A,q_미용_07,헤어샵,뷰티·미용 중 '미용'을 판매·제공하는 매장,train,미용,T2 동의어,afb8eed1-567e-4c8d-a5af-601ef3635ef0,예쁜하루 헤어샵,미용,치평동중흥상가상인회 골목형상점가,골목형상점가,광주광역시,,,
6cbb68915bcd2be23c44,full_annotation_v1,A,q_미용_07,헤어샵,뷰티·미용 중 '미용'을 판매·제공하는 매장,train,미용,T2 동의어,4e42b911-d9ef-40d7-aa98-87aa5e8cebb4,진솔헤어아트,헤어샵,소촌중앙 골목형상점가,골목형상점가,광주광역시,,,
81c5397bd8dd88ac5cb1,full_annotation_v1,A,q_미용_07,헤어샵,뷰티·미용 중 '미용'을 판매·제공하는 매장,train,미용,T2 동의어,1ac7eca5-1d52-4ae2-b240-d4e1b051f5d6,미장원,헤어샵,소촌골 골목형상점가,골목형상점가,광주광역시,,,
d4adeca12478f77d5585,full_annotation_v1,A,q_미용_07,헤어샵,뷰티·미용 중 '미용'을 판매·제공하는 매장,train,미용,T2 동의어,111d2176-af6d-4214-844a-51453de36f46,주연가발,가발,고투몰(강남터미널지하도상점가),일반지하상점가,서울특별시,,,
ac60a2e58c1db1bbe71b,full_annotation_v1,A,q_미용_07,헤어샵,뷰티·미용 중 '미용'을 판매·제공하는 매장,train,미용,T2 동의어,189bedff-090e-407c-bdde-b9fd9ece14ae,금탑헤어샵,헤어샵,송정중앙 골목형상점가,골목형상점가,광주광역시,,,
c028f15c1a87a4ba2239,full_annotation_v1,A,q_미용_07,헤어샵,뷰티·미용 중 '미용'을 판매·제공하는 매장,train,미용,T2 동의어,bc7dcd12-97ec-4e6f-ae00-1bd7ef9d76f2,오늘엔,헤어샵,농성동벚꽃상인회 골목형상점가,골목형상점가,광주광역시,,,
84ec7a0a620f3d47c3a0,full_annotation_v1,A,q_미용_07,헤어샵,뷰티·미용 중 '미용'을 판매·제공하는 매장,train,미용,T2 동의어,762c2534-96b4-4995-bf3e-ccb2cb0fe7e8,예슬헤어,헤어샵,송정중앙 골목형상점가,골목형상점가,광주광역시,,,
8c5b845f1f616ab45e9d,full_annotation_v1,A,q_미용_07,헤어샵,뷰티·미용 중 '미용'을 판매·제공하는 매장,train,미용,T2 동의어,b84fde32-339d-479d-84d3-9a20c4e01756,린이당,"디저트, 커피",경주중심상가,전통시장,경상북도,,,
0ff014cb929019cb21ab,full_annotation_v1,A,q_미용_07,헤어샵,뷰티·미용 중 '미용'을 판매·제공하는 매장,train,미용,T2 동의어,ac8fc8f5-ed7a-46bf-a27b-3eb1afe6a807,서라헤어샵,헤어샵,소촌중앙 골목형상점가,골목형상점가,광주광역시,,,
65dee391c8c25e97c4d0,full_annotation_v1,A,q_미용_07,헤어샵,뷰티·미용 중 '미용'을 판매·제공하는 매장,train,미용,T2 동의어,4328269b-93b7-4c8c-8bf7-1a920ad367c4,요요헤어샵,헤어샵,송정 다누리 골목형상점가,골목형상점가,광주광역시,,,
4ee6aedddd7c478d579b,full_annotation_v1,A,q_미용_07,헤어샵,뷰티·미용 중 '미용'을 판매·제공하는 매장,train,미용,T2 동의어,4de1927b-1c4c-480d-98b5-7da73f548091,요니헤어,헤어샵,첨단하나로,골목형상점가,광주광역시,,,
d4fa906f308f1366073b,full_annotation_v1,A,q_미용_07,헤어샵,뷰티·미용 중 '미용'을 판매·제공하는 매장,train,미용,T2 동의어,fd90b788-4244-4bbc-ae37-94c08b430f5f,리토 헤어샵,미용,쌍리단길상점가,자율상권구역,서울특별시,,,
137cdf6bba61fd0b69fb,full_annotation_v1,A,q_미용_07,헤어샵,뷰티·미용 중 '미용'을 판매·제공하는 매장,train,미용,T2 동의어,47ac625a-f2cb-4255-b11c-08b807475529,손현정뷰티&네일,두피케어제품,우산동빛고을 골목형상점가,골목형상점가,광주광역시,,,
89d4625d30cb7e63f7e8,full_annotation_v1,A,q_미용_07,헤어샵,뷰티·미용 중 '미용'을 판매·제공하는 매장,train,미용,T2 동의어,5057a21f-5771-4ee0-ae52-057415697a05,연세 맑은샘 태권도장,태권도,금호상인회 골목형상점가,골목형상점가,광주광역시,,,
5badae9b0b40a64a2dc8,full_annotation_v1,A,q_미용_07,헤어샵,뷰티·미용 중 '미용'을 판매·제공하는 매장,train,미용,T2 동의어,1158398c-1d39-40e8-8785-f6edad4efd75,e쁘네미용실,"커트, 파마, 염색, 가발",월빛 골목형상점가,골목형상점가,광주광역시,,,
7558bdccbf66892dd7b7,full_annotation_v1,A,q_미용_07,헤어샵,뷰티·미용 중 '미용'을 판매·제공하는 매장,train,미용,T2 동의어,50dbae39-8a50-45ce-a4fc-4d602d380423,비젼헤어샵,헤어샵,안동광석거리 골목형상점가,골목형상점가,경상북도,,,
a65b847f357e9efef02d,full_annotation_v1,A,q_미용_07,헤어샵,뷰티·미용 중 '미용'을 판매·제공하는 매장,train,미용,T2 동의어,0017ec9c-4997-4ef5-a552-7fffc7dd149c,아리따움 진주서부점,화장품,진주 새서부시장,전통시장,경상남도,,,
1d4dd50c66493e15661c,full_annotation_v1,A,q_미용_07,헤어샵,뷰티·미용 중 '미용'을 판매·제공하는 매장,train,미용,T2 동의어,7a15022a-04a7-4bd1-9e89-c273bbccc8be,조브헤어,헤어샵,첨단강변로 골목형상점가,골목형상점가,광주광역시,,,
03ca5231f3dd3c25a070,full_annotation_v1,A,q_미용_07,헤어샵,뷰티·미용 중 '미용'을 판매·제공하는 매장,train,미용,T2 동의어,c16c65ec-9d0f-494b-a2d5-bae5e009f95f,헤어샵,미용,이동 골목형상점가,골목형상점가,경기도,,,
1473414a32ab95493990,full_annotation_v1,A,q_미용_07,헤어샵,뷰티·미용 중 '미용'을 판매·제공하는 매장,train,미용,T2 동의어,02484083-ef42-44cf-903b-18a6f84601de,더휴헤어,"미용, 헤어",창원 덕산1차상가,전통시장,경상남도,,,
71b9f17a9e62a2decd65,full_annotation_v1,A,q_미용_07,헤어샵,뷰티·미용 중 '미용'을 판매·제공하는 매장,train,미용,T2 동의어,00222f52-5d1f-4fb1-b0a6-7b4864ce177f,아리따움서대문연희점,화장품,연희사러가,전통시장,서울특별시,,,
6a746ce15ea005fbd2d3,full_annotation_v1,A,q_미용_07,헤어샵,뷰티·미용 중 '미용'을 판매·제공하는 매장,train,미용,T2 동의어,b6723c98-be3b-4966-8acb-feffa44ce8c0,민철 헤어샵,,시장로타리지하상가,일반지하상점가,인천광역시,,,
c538726b2b8ac9dd72ec,full_annotation_v1,A,q_미용_07,헤어샵,뷰티·미용 중 '미용'을 판매·제공하는 매장,train,미용,T2 동의어,6171697a-ef41-4565-88a0-b6c5d3392bb0,첨단리더스치과,치과치료,신용동 큰 사거리 골목형상점가,골목형상점가,광주광역시,,,
f76fb58e63dd26ecbf2d,full_annotation_v1,A,q_미용_07,헤어샵,뷰티·미용 중 '미용'을 판매·제공하는 매장,train,미용,T2 동의어,3417ad49-dfd9-44da-b76c-09023311ae21,더미인나라,스킨케어두피케어 제품,호남동 골목형상점가,골목형상점가,광주광역시,,,
1cff33b2287b8ab0204f,full_annotation_v1,A,q_미용_07,헤어샵,뷰티·미용 중 '미용'을 판매·제공하는 매장,train,미용,T2 동의어,1f361493-5bbe-48b1-9639-f750d050cf93,노암이용원,이발,노암길골목형상점가,골목형상점가,강원특별자치도,,,
ddc3ab921db40448e059,full_annotation_v1,A,q_미용_07,헤어샵,뷰티·미용 중 '미용'을 판매·제공하는 매장,train,미용,T2 동의어,f6446062-a4ba-43e1-a811-3b8ebbaa57ce,하나미용실,헤어샵,송정중앙 골목형상점가,골목형상점가,광주광역시,,,
dc8876b3bb0c40f54cb6,full_annotation_v1,A,q_미용_07,헤어샵,뷰티·미용 중 '미용'을 판매·제공하는 매장,train,미용,T2 동의어,05e98526-628a-4e57-a9b5-44ff43bb306c,김현주 헤어샵,미용,계림2동발전 골목형상점가,골목형상점가,광주광역시,,,
cbda406e50b86d3abb57,full_annotation_v1,A,q_미용_08,미용 서비스,뷰티·미용 중 '미용'을 판매·제공하는 매장,train,미용,T3 개념확장,c88777a9-7d9c-4493-a207-9e5026c156ad,예쁜언니,미용 서비스,안계정기시장,전통시장,경상북도,,,
4a66c32658077bc19702,full_annotation_v1,A,q_미용_08,미용 서비스,뷰티·미용 중 '미용'을 판매·제공하는 매장,train,미용,T3 개념확장,a5fc8f62-cecc-4a5d-8c1f-9cd3feedc7f2,On Style Hair,미용 서비스,(유)다사소상공인연합,골목형상점가,대구광역시,,,
58c2c1267d33dc67fc83,full_annotation_v1,A,q_미용_08,미용 서비스,뷰티·미용 중 '미용'을 판매·제공하는 매장,train,미용,T3 개념확장,0041672f-0704-459b-a485-1502c7de1bef,지모바버샵,이발,쌍리단길상점가,자율상권구역,서울특별시,,,
3c5bd2bf257114b0de57,full_annotation_v1,A,q_미용_08,미용 서비스,뷰티·미용 중 '미용'을 판매·제공하는 매장,train,미용,T3 개념확장,5fc7c5ff-d5ec-461b-a8cf-662807e7df98,모션,서비스,상무연하상인회 골목형상점가,골목형상점가,광주광역시,,,
dfb664ef511ee492d8ce,full_annotation_v1,A,q_미용_08,미용 서비스,뷰티·미용 중 '미용'을 판매·제공하는 매장,train,미용,T3 개념확장,0b35245e-1b46-485a-a9ed-e4f2b29cee9b,팀윤짐,서비스,산본로데오거리(구 산본중심상가),자율상권구역,경기도,,,
ee477c077d9df5b9d422,full_annotation_v1,A,q_미용_08,미용 서비스,뷰티·미용 중 '미용'을 판매·제공하는 매장,train,미용,T3 개념확장,a329a223-96cf-4e14-b2b9-ab18f48449a6,아이엔산모케어,미용 서비스,지족북로 골목형상점가,골목형상점가,대전광역시,,,
4ea5c222ad5117a0cee8,full_annotation_v1,A,q_미용_08,미용 서비스,뷰티·미용 중 '미용'을 판매·제공하는 매장,train,미용,T3 개념확장,fdf60c8c-9dc2-4e02-b14b-a613120e9d69,공드리헤어,서비스(미용),남양주장현전통시장,전통시장,경기도,,,
82425ecbb9acf7f9df7a,full_annotation_v1,A,q_미용_08,미용 서비스,뷰티·미용 중 '미용'을 판매·제공하는 매장,train,미용,T3 개념확장,841f5794-d6df-4680-973c-8bab6afbb231,미랑컬헤어S,두발 미용 서비스,구리시 구도심 상권활성화구역,상권활성화구역,경기도,,,
d8ece0c9083d23d1d37e,full_annotation_v1,A,q_미용_08,미용 서비스,뷰티·미용 중 '미용'을 판매·제공하는 매장,train,미용,T3 개념확장,ea9aedfa-4dbc-4b7c-8b26-0d3864cef79d,머무르리헤어,미용 서비스,평택시배미지구 골목형상점가,골목형상점가,경기도,,,
f293d5d05fb9d1635448,full_annotation_v1,A,q_미용_08,미용 서비스,뷰티·미용 중 '미용'을 판매·제공하는 매장,train,미용,T3 개념확장,039ab44d-ff38-41e4-8b48-22a1a8576261,헤어초이스앤두피케어,,도마달 골목형상점가,골목형상점가,대전광역시,,,
b7caf948caed668e865c,full_annotation_v1,A,q_미용_08,미용 서비스,뷰티·미용 중 '미용'을 판매·제공하는 매장,train,미용,T3 개념확장,e060fd84-3c62-4168-9b78-90d9e3922e5e,강진숙가위손,서비스(미용),사강시장,전통시장,경기도,,,
a9a6d310ea08e086b2ac,full_annotation_v1,A,q_미용_08,미용 서비스,뷰티·미용 중 '미용'을 판매·제공하는 매장,train,미용,T3 개념확장,041af343-9a15-41ec-b89d-df94bc14f381,유종숙머리방,,춘천중앙시장,전통시장,강원특별자치도,,,
70e51f585268d6163304,full_annotation_v1,A,q_미용_08,미용 서비스,뷰티·미용 중 '미용'을 판매·제공하는 매장,train,미용,T3 개념확장,00593d82-d6a7-4e33-8e50-1b8ea23e947f,뮤헤어,두발미용업,병점중심상가,자율상권구역,경기도,,,
c2a943edf10d3a0f30bd,full_annotation_v1,A,q_미용_08,미용 서비스,뷰티·미용 중 '미용'을 판매·제공하는 매장,train,미용,T3 개념확장,003f331a-de38-4946-a580-57373cb1175d,댕기머리,미용실,주천골목형상점가,골목형상점가,강원특별자치도,,,
026e44e997cdceda2673,full_annotation_v1,A,q_미용_08,미용 서비스,뷰티·미용 중 '미용'을 판매·제공하는 매장,train,미용,T3 개념확장,3430b4ba-c982-459e-8267-10c1be884d07,라임헤어,미용 서비스,새롬BRT 골목형상점가,골목형상점가,세종특별자치시,,,
32f93f00af0cf10a1a4f,full_annotation_v1,A,q_미용_08,미용 서비스,뷰티·미용 중 '미용'을 판매·제공하는 매장,train,미용,T3 개념확장,9263f30e-6308-4e89-9dac-785d4b1c5434,삼성의료기,의료기기,산정상인회 골목형상점가,골목형상점가,광주광역시,,,
dd85f79552facb22e0dd,full_annotation_v1,A,q_미용_08,미용 서비스,뷰티·미용 중 '미용'을 판매·제공하는 매장,train,미용,T3 개념확장,49a4cce7-1969-4d20-89d4-c0b24ece5441,"네일,오롯이",미용 서비스,첨단청사초롱길 골목형상점가,골목형상점가,광주광역시,,,
00793b61ce28a1cae0b6,full_annotation_v1,A,q_미용_08,미용 서비스,뷰티·미용 중 '미용'을 판매·제공하는 매장,train,미용,T3 개념확장,f8f75c06-47b7-48f9-9a53-0f023f32164c,살롱비,서비스,선운 골목형상점가,골목형상점가,광주광역시,,,
5f7f95b2a1b75ef05e66,full_annotation_v1,A,q_미용_08,미용 서비스,뷰티·미용 중 '미용'을 판매·제공하는 매장,train,미용,T3 개념확장,c036f870-f32c-423b-9898-2eae0ff1cc09,이지슬림,서비스,더센트럴 골목형상점가,골목형상점가,세종특별자치시,,,
fccf780650ac64fa9b0e,full_annotation_v1,A,q_미용_08,미용 서비스,뷰티·미용 중 '미용'을 판매·제공하는 매장,train,미용,T3 개념확장,1934ca93-c38b-44af-9f91-5ea8ae0972a2,광장이발소,이발소,춘천지하상가,일반지하상점가,강원특별자치도,,,
70384c568609300c8207,full_annotation_v1,A,q_미용_08,미용 서비스,뷰티·미용 중 '미용'을 판매·제공하는 매장,train,미용,T3 개념확장,82fa3553-3dfc-45d5-9f69-704bd78f0955,토탈카서비스,서비스,중문로 골목형상점가,골목형상점가,광주광역시,,,
153707c993f0120d632a,full_annotation_v1,A,q_미용_08,미용 서비스,뷰티·미용 중 '미용'을 판매·제공하는 매장,train,미용,T3 개념확장,27655f5b-a0c0-4a8f-b88f-21278578cb56,본정체원,서비스,풍암SK.광명상가상인회 골목형상점가,골목형상점가,광주광역시,,,
76a809bd1e9e0576077d,full_annotation_v1,A,q_미용_08,미용 서비스,뷰티·미용 중 '미용'을 판매·제공하는 매장,train,미용,T3 개념확장,f34a6e6e-6b36-4677-b5ea-028e6f44fb86,두암헬스,서비스,두암2동 도로변 골목형상점가,골목형상점가,광주광역시,,,
702349148c29693a0f1a,full_annotation_v1,A,q_미용_08,미용 서비스,뷰티·미용 중 '미용'을 판매·제공하는 매장,train,미용,T3 개념확장,dbe97544-9de5-48d0-b3fe-0541b496b887,하룬헤어,서비스,노대물빛근린공원 골목형상점가,골목형상점가,광주광역시,,,
27d283aaf4e31f379d5d,full_annotation_v1,A,q_미용_08,미용 서비스,뷰티·미용 중 '미용'을 판매·제공하는 매장,train,미용,T3 개념확장,73a812ea-01b0-4d53-ba49-2c5cf7be0323,소나무상사,생필품잡화,엄정내창시장,전통시장,충청북도,,,
0c271b91862efa9fc59f,full_annotation_v1,A,q_미용_08,미용 서비스,뷰티·미용 중 '미용'을 판매·제공하는 매장,train,미용,T3 개념확장,e83e59f2-b775-4186-949f-f76ee2d842b3,큰집남원추어탕,추어탕,앰코로 골목형상점가,골목형상점가,광주광역시,,,
3153505f30aacc6a6744,full_annotation_v1,A,q_미용_08,미용 서비스,뷰티·미용 중 '미용'을 판매·제공하는 매장,train,미용,T3 개념확장,0bf0f3f3-940c-43c3-8fdb-cc7fa8b52524,고운머리,"소매(가발,액세서리,자수용품)",미금현대벤처빌시장,전통시장,경기도,,,
3186ba021251bafed2cc,full_annotation_v1,A,q_미용_08,미용 서비스,뷰티·미용 중 '미용'을 판매·제공하는 매장,train,미용,T3 개념확장,00222f52-5d1f-4fb1-b0a6-7b4864ce177f,아리따움서대문연희점,화장품,연희사러가,전통시장,서울특별시,,,
81978f4e909c60b14fbc,full_annotation_v1,A,q_미용_08,미용 서비스,뷰티·미용 중 '미용'을 판매·제공하는 매장,train,미용,T3 개념확장,93ab9cf0-a6ea-47ae-a12e-d42d687ff0af,선율,서비스,희담길,골목형상점가,광주광역시,,,
fdc0dce726dfeb757e6b,full_annotation_v1,A,q_미용_08,미용 서비스,뷰티·미용 중 '미용'을 판매·제공하는 매장,train,미용,T3 개념확장,475687ad-6a1d-4f1b-a341-d904f1446377,가구공감,침대 등,삼산가구전문거리,골목형상점가,울산광역시,,,
5854595883b5f125c616,full_annotation_v1,A,q_미용_08,미용 서비스,뷰티·미용 중 '미용'을 판매·제공하는 매장,train,미용,T3 개념확장,10438442-a66e-4675-9cfa-fdb04e6d8020,스코빌바버샵,이발,전남대후문골목형상점가,골목형상점가,광주광역시,,,
c09e7256a8871a6c6ef2,full_annotation_v1,A,q_미용_08,미용 서비스,뷰티·미용 중 '미용'을 판매·제공하는 매장,train,미용,T3 개념확장,4ca1a2ec-abe1-45ee-9795-f1e94ab2084e,피플 에프씨,축구 교육 서비스,다같이 울산송정 골목형상점가,골목형상점가,울산광역시,,,
ba47380b5efb87cdbdc6,full_annotation_v1,A,q_미용_08,미용 서비스,뷰티·미용 중 '미용'을 판매·제공하는 매장,train,미용,T3 개념확장,3417ad49-dfd9-44da-b76c-09023311ae21,더미인나라,스킨케어두피케어 제품,호남동 골목형상점가,골목형상점가,광주광역시,,,
9292e1c1cf533ad192bf,full_annotation_v1,A,q_미용_08,미용 서비스,뷰티·미용 중 '미용'을 판매·제공하는 매장,train,미용,T3 개념확장,183f4742-c53a-4f85-ae52-30f15d4f8f98,김세영헤어,헤어 미용 서비스,봉선중길 골목형상점가,골목형상점가,광주광역시,,,
a07290ffc44c2c34c216,full_annotation_v1,A,q_미용_08,미용 서비스,뷰티·미용 중 '미용'을 판매·제공하는 매장,train,미용,T3 개념확장,c976fc77-3cae-4fe0-be53-0474136734cd,클릭앤클릭,"음반, 전자상거래",구미형곡시장프라자,전통시장,경상북도,,,
cf8f0767c492f31db36b,full_annotation_v1,A,q_미용_08,미용 서비스,뷰티·미용 중 '미용'을 판매·제공하는 매장,train,미용,T3 개념확장,c86b9984-6d6c-4165-b5dd-adafe86f3b3c,예뻐해 BeautyHAE,미용 서비스,오류골먹자골목 골목형상점가,골목형상점가,서울특별시,,,
a50b57ef9724cca40499,full_annotation_v1,A,q_미용_08,미용 서비스,뷰티·미용 중 '미용'을 판매·제공하는 매장,train,미용,T3 개념확장,a72c4896-7140-49f1-8cc1-15e98c6cfe98,깐느헤어,머리,자양15번가골목형상점가,골목형상점가,서울특별시,,,
047b3b7efa994811bb4f,full_annotation_v1,A,q_미용_08,미용 서비스,뷰티·미용 중 '미용'을 판매·제공하는 매장,train,미용,T3 개념확장,0e8a55d8-092a-457d-a248-44f09c0dfcbf,웰킨두피탈모센터 둔산점,미용 서비스,둔산2동 골목형상점가,골목형상점가,대전광역시,,,
4619bb2e552899faeba4,full_annotation_v1,A,q_미용_08,미용 서비스,뷰티·미용 중 '미용'을 판매·제공하는 매장,train,미용,T3 개념확장,183b6049-0714-4ea0-8463-35d5263e6fc1,자스민헤어,미용 서비스,의정부시장,전통시장,경기도,,,
ba168e4bd58a6ff9a2b0,full_annotation_v1,A,q_미용_08,미용 서비스,뷰티·미용 중 '미용'을 판매·제공하는 매장,train,미용,T3 개념확장,e99f7b9c-d0a8-45cc-befe-fcde82842afc,salon de hy(살롱드hy),커트,하남피크닉몰,골목형상점가,광주광역시,,,
8adfe6ebc9a1e4cb60fb,full_annotation_v1,A,q_미용_08,미용 서비스,뷰티·미용 중 '미용'을 판매·제공하는 매장,train,미용,T3 개념확장,be1f00bf-b796-4b78-aab5-b1d25ce7c481,미미,두발 미용 서비스,삼산웨딩거리 상점가,자율상권구역,울산광역시,,,
a0d8d063e9921b5d6c25,full_annotation_v1,A,q_미용_08,미용 서비스,뷰티·미용 중 '미용'을 판매·제공하는 매장,train,미용,T3 개념확장,c090c1d6-e8c8-45f4-a075-5858b4974892,아벡수아,서비스,대전아이파크시티 골목형상점가,골목형상점가,대전광역시,,,
53f31886231dcb4567a3,full_annotation_v1,A,q_미용_08,미용 서비스,뷰티·미용 중 '미용'을 판매·제공하는 매장,train,미용,T3 개념확장,bbc70f99-c9d1-4df0-b940-d58165efe56f,선행태권도,서비스,벽산블루밍 골목형상점가,골목형상점가,광주광역시,,,
6057564a09975d6bbfe1,full_annotation_v1,A,q_미용_08,미용 서비스,뷰티·미용 중 '미용'을 판매·제공하는 매장,train,미용,T3 개념확장,d3fb2439-d04b-478a-9308-386489b5e157,웜뷰티,서비스,상무운천역상인회 골목형상점가,골목형상점가,광주광역시,,,
8539692cfc3c195fadc9,full_annotation_v1,A,q_미용_08,미용 서비스,뷰티·미용 중 '미용'을 판매·제공하는 매장,train,미용,T3 개념확장,003cdc8a-95fe-43ea-8350-f4c63913a6f8,정선화장품,화장품,오천시장,전통시장,경상북도,,,
528935e0ee8cc1623a45,full_annotation_v1,A,q_미용_08,미용 서비스,뷰티·미용 중 '미용'을 판매·제공하는 매장,train,미용,T3 개념확장,c0bba1b2-360f-48d7-803f-12f71255b51d,앨리스&고양이발톱,미용 서비스,댕리단길 골목형상점가,골목형상점가,경기도,,,
510da182c2cf7e24cbac,full_annotation_v1,A,q_미용_08,미용 서비스,뷰티·미용 중 '미용'을 판매·제공하는 매장,train,미용,T3 개념확장,66c04e28-18fa-41ef-a890-e68f935ada8a,김쌤헤어,서비스(미용),도일시장,전통시장,경기도,,,
a80a28e335e9d2826632,full_annotation_v1,A,q_미용_08,미용 서비스,뷰티·미용 중 '미용'을 판매·제공하는 매장,train,미용,T3 개념확장,1f361493-5bbe-48b1-9639-f750d050cf93,노암이용원,이발,노암길골목형상점가,골목형상점가,강원특별자치도,,,
850b3955fc67fb27a9b1,full_annotation_v1,A,q_미용_08,미용 서비스,뷰티·미용 중 '미용'을 판매·제공하는 매장,train,미용,T3 개념확장,03a4f661-6726-49dc-8588-d3d1b16054bc,철호와기호메디치점,미용 서비스,바람골골목형상점가,골목형상점가,충청북도,,,
3f210e9190097fd92a63,full_annotation_v1,A,q_미용_08,미용 서비스,뷰티·미용 중 '미용'을 판매·제공하는 매장,train,미용,T3 개념확장,6cc54a16-dd5e-44dc-9d48-d01c62247701,키앤체,서비스,커낼워크상점가,골목형상점가,인천광역시,,,
f740da749b6951186db4,full_annotation_v1,A,q_미용_08,미용 서비스,뷰티·미용 중 '미용'을 판매·제공하는 매장,train,미용,T3 개념확장,4e18f37a-9c7d-42e6-8d99-d964eaa5c510,너프(NUFF)헤어,미용 서비스,나릿재마크원 골목형상점가,골목형상점가,세종특별자치시,,,
7877dcd100800eff331a,full_annotation_v1,A,q_미용_08,미용 서비스,뷰티·미용 중 '미용'을 판매·제공하는 매장,train,미용,T3 개념확장,f84b8ee8-2737-4070-97d3-409cfbf0c96b,탁혜정헤어뷰티샵,서비스(미용),가평잣고을시장,전통시장,경기도,,,
f44f50e42d64ce0c4bb4,full_annotation_v1,A,q_미용_08,미용 서비스,뷰티·미용 중 '미용'을 판매·제공하는 매장,train,미용,T3 개념확장,5bf3586c-f495-4c26-8179-72edbd93d955,몽네일,서비스,방학단길골목형상점가,골목형상점가,서울특별시,,,
98ea3439668dc5134cec,full_annotation_v1,A,q_미용_08,미용 서비스,뷰티·미용 중 '미용'을 판매·제공하는 매장,train,미용,T3 개념확장,9d24410e-7537-45b7-be56-9672bde0c212,로즈배,미용 서비스,누리 골목형상점가,골목형상점가,경기도,,,
370c61f2f53e794da61b,full_annotation_v1,A,q_미용_08,미용 서비스,뷰티·미용 중 '미용'을 판매·제공하는 매장,train,미용,T3 개념확장,011291c0-305f-48b7-b50a-635b97da79c0,라라헤어,헤어,한들물빛도시 골목형 상점가,골목형상점가,충청남도,,,
14fa40f6cee7ca694cdc,full_annotation_v1,A,q_미용_08,미용 서비스,뷰티·미용 중 '미용'을 판매·제공하는 매장,train,미용,T3 개념확장,b62872d8-28a5-42e3-90a7-43a1986d6d7a,이은숙헤어샵,머리,공주산성 활성화구역,전통시장,충청남도,,,
42b946640fb25969cdd4,full_annotation_v1,A,q_미용_08,미용 서비스,뷰티·미용 중 '미용'을 판매·제공하는 매장,train,미용,T3 개념확장,0009149f-621a-493e-9fd1-252a8ac6c75b,글로리,미용실,중흥동 큰샘길 골목형상점가,골목형상점가,광주광역시,,,
63cc56bcb68fad20b075,full_annotation_v1,A,q_미용_08,미용 서비스,뷰티·미용 중 '미용'을 판매·제공하는 매장,train,미용,T3 개념확장,c9e5208c-c135-4225-8f5d-e02e68d3a600,비사채헤어,머리,풍영철길로 골목형상점가,골목형상점가,광주광역시,,,
f8e3e7d3e32242594bb7,full_annotation_v1,A,q_미용_08,미용 서비스,뷰티·미용 중 '미용'을 판매·제공하는 매장,train,미용,T3 개념확장,3bcf07ce-5a28-4c0b-b21c-c06f12315a49,윤혜란헤어,미용 서비스,상무중앙상인회 골목형상점가,골목형상점가,광주광역시,,,
6878f6f8da01a8177f5a,full_annotation_v1,A,q_미용_08,미용 서비스,뷰티·미용 중 '미용'을 판매·제공하는 매장,train,미용,T3 개념확장,a703b21e-a144-46b1-89fd-ab23af4fa96c,빨강머리,미용 서비스,두류신시장,전통시장,대구광역시,,,
3763f4e87a275f270287,full_annotation_v1,A,q_미용_08,미용 서비스,뷰티·미용 중 '미용'을 판매·제공하는 매장,train,미용,T3 개념확장,98ea49eb-45d5-4274-83ed-67266b8e6381,S손길헤어,미용 서비스,장덕투게더 골목형상점가,골목형상점가,광주광역시,,,
35871d000fb2843d3ebf,full_annotation_v1,A,q_미용_08,미용 서비스,뷰티·미용 중 '미용'을 판매·제공하는 매장,train,미용,T3 개념확장,327e4dde-828b-4086-b963-206f5f40b449,국수나무 부천시청점,한식,길주로 골목형상점가,골목형상점가,경기도,,,
00a266fb0b62f4025b42,full_annotation_v1,A,q_미용_08,미용 서비스,뷰티·미용 중 '미용'을 판매·제공하는 매장,train,미용,T3 개념확장,0033e403-2853-4086-a2b3-2ee73a5ac7d4,변필주미용실,서비스(미용실),양동역별빛시장(양동쌍학시장),전통시장,경기도,,,
00d61c2b00153f4a2fad,full_annotation_v1,A,q_미용_08,미용 서비스,뷰티·미용 중 '미용'을 판매·제공하는 매장,train,미용,T3 개념확장,3f029717-086c-4079-a6b7-61ef90d06756,조민경헤어,미용 서비스,성덕중사거리,골목형상점가,광주광역시,,,
e72ead0020ec7b18ebd9,full_annotation_v1,A,q_미용_08,미용 서비스,뷰티·미용 중 '미용'을 판매·제공하는 매장,train,미용,T3 개념확장,676a309e-c4bf-4a12-9d14-63629431dde9,나래헤어,미용 서비스,임방울대로 골목형상점가,골목형상점가,광주광역시,,,
735324a67a451dc2c0ca,full_annotation_v1,A,q_미용_08,미용 서비스,뷰티·미용 중 '미용'을 판매·제공하는 매장,train,미용,T3 개념확장,074ad32b-e2ea-4972-93e1-ea399e745a39,"한돈명가,곤지암할매 소머리국밥 혁신점",,나주혁신도시 골목형상점가,골목형상점가,,,,
7dcfcc0cbf9e90afdb1a,full_annotation_v1,A,q_미용_08,미용 서비스,뷰티·미용 중 '미용'을 판매·제공하는 매장,train,미용,T3 개념확장,2a81f446-bc59-463e-843c-68a1c2eaf9b7,본디헤어,미용 서비스,상무연하상인회 골목형상점가,골목형상점가,광주광역시,,,
62e293edd6a365f42028,full_annotation_v1,A,q_미용_08,미용 서비스,뷰티·미용 중 '미용'을 판매·제공하는 매장,train,미용,T3 개념확장,13d1bcce-bbef-41cc-8da7-87aa3df361e8,오아르헤어,미용 서비스,시청앞 골목형상점가,골목형상점가,충청남도,,,
eca6e4299fb1018c4c0e,full_annotation_v1,A,q_미용_08,미용 서비스,뷰티·미용 중 '미용'을 판매·제공하는 매장,train,미용,T3 개념확장,001f80ca-1d03-4781-b117-7eaa52fb24f5,홍미용실,일반미용업,김제중앙시장,전통시장,전북특별자치도,,,
a4b770f2e870e3b76b94,full_annotation_v1,A,q_미용_08,미용 서비스,뷰티·미용 중 '미용'을 판매·제공하는 매장,train,미용,T3 개념확장,7bcf8396-bf08-487f-8d16-c441e158b77a,존헤어,서비스,쌍용먹자패션거리 골목형상점가,골목형상점가,충청남도,,,
7a7f1f2852c075e4c492,full_annotation_v1,A,q_미용_08,미용 서비스,뷰티·미용 중 '미용'을 판매·제공하는 매장,train,미용,T3 개념확장,01bbc08f-bb91-4aae-a597-a5e183ea0d11,언니네살롱,헤어,송정 다누리 골목형상점가,골목형상점가,광주광역시,,,
ed90a3c9a850de6db8e9,full_annotation_v1,A,q_미용_08,미용 서비스,뷰티·미용 중 '미용'을 판매·제공하는 매장,train,미용,T3 개념확장,b7908578-d8f1-4e39-bd6b-9f67814a6a7a,네일윤,서비스,부천 옥길 골목형상점가,골목형상점가,경기도,,,
919e20840b4068ad99b6,full_annotation_v1,A,q_미용_08,미용 서비스,뷰티·미용 중 '미용'을 판매·제공하는 매장,train,미용,T3 개념확장,064162f2-e3e2-48f7-9ba7-38cefb3c735b,스텔라 가발전문점,,부천역 지하도로 상가,일반지하상점가,경기도,,,
22f1815d20784e0f5a11,full_annotation_v1,A,q_미용_08,미용 서비스,뷰티·미용 중 '미용'을 판매·제공하는 매장,train,미용,T3 개념확장,7e73b548-3b51-401e-b6b2-ffccf34cb5aa,바램헤어,미용 서비스,용대로119번길 골목형상점가,골목형상점가,광주광역시,,,
242280864ab6236e844e,full_annotation_v1,A,q_미용_08,미용 서비스,뷰티·미용 중 '미용'을 판매·제공하는 매장,train,미용,T3 개념확장,4c04a009-1bf2-43dc-921c-36d09de2dc17,제이주니헤어,미용 서비스,용산지구 골목형상점가,골목형상점가,광주광역시,,,
47ecd09fd7d16209e616,full_annotation_v1,A,q_미용_08,미용 서비스,뷰티·미용 중 '미용'을 판매·제공하는 매장,train,미용,T3 개념확장,c39046d1-438d-4130-86d3-d941253e1cd4,소다네일,미용 서비스,구리역골목형상점가,골목형상점가,경기도,,,
8236ce3986c746bd739b,full_annotation_v1,A,q_미용_08,미용 서비스,뷰티·미용 중 '미용'을 판매·제공하는 매장,train,미용,T3 개념확장,19c9a9e4-7be7-4b61-9b5b-f1a67d3b2a3a,네일코어,미용 서비스,서문대로 골목형상점가,골목형상점가,광주광역시,,,
6cf22ea0366eaa294a7d,full_annotation_v1,A,q_미용_08,미용 서비스,뷰티·미용 중 '미용'을 판매·제공하는 매장,train,미용,T3 개념확장,4c5cf7a5-e23e-401d-b5c7-c983424f0cd0,보다나미용실,서비스(미용),안양중앙인정시장,전통시장,경기도,,,
a021b85ed8353a5cc56b,full_annotation_v1,A,q_미용_08,미용 서비스,뷰티·미용 중 '미용'을 판매·제공하는 매장,train,미용,T3 개념확장,83e338c7-6326-4c50-9ad1-4df3680db177,진미용실,서비스(미용),일죽시장,전통시장,경기도,,,
fe3133b4528b3762265e,full_annotation_v1,A,q_미용_08,미용 서비스,뷰티·미용 중 '미용'을 판매·제공하는 매장,train,미용,T3 개념확장,78a3e083-1b25-461f-8851-7eefbeb8cf1c,어비스헤어,두발 미용 서비스,수완장덕 골목형상점가,골목형상점가,광주광역시,,,
8afacfbef74d86ae29e3,full_annotation_v1,A,q_미용_08,미용 서비스,뷰티·미용 중 '미용'을 판매·제공하는 매장,train,미용,T3 개념확장,803b2fbd-46f6-419a-8c98-839c3df14df5,카페있슈,,구로시장,전통시장,서울특별시,,,
e10286ad7b06ef039bb7,full_annotation_v1,A,q_미용_08,미용 서비스,뷰티·미용 중 '미용'을 판매·제공하는 매장,train,미용,T3 개념확장,02d44cdc-b600-43fd-880d-cff5e9214c6b,서암이뱔관,이발소,통진시장,전통시장,경기도,,,
54e4236237f454c2f4bc,full_annotation_v1,A,q_미용_08,미용 서비스,뷰티·미용 중 '미용'을 판매·제공하는 매장,train,미용,T3 개념확장,0709fa00-bfb1-4e3e-8422-15591db165f0,젠헤어,미용 서비스,해오름 골목형상점가,골목형상점가,경기도,,,
892a69d0c8840ac82cd5,full_annotation_v1,A,q_미용_08,미용 서비스,뷰티·미용 중 '미용'을 판매·제공하는 매장,train,미용,T3 개념확장,c1560d41-97df-4622-b31c-7976dbeb6e8e,블랙야크,의류,길주로 골목형상점가,골목형상점가,경기도,,,
b1215fa0553cdbf9bca8,full_annotation_v1,A,q_미용_08,미용 서비스,뷰티·미용 중 '미용'을 판매·제공하는 매장,train,미용,T3 개념확장,0157acd5-d1fd-46d1-afff-002eb6ffb986,나무헤어살롱,두발미용,죽전로데오상점가,전통시장,경기도,,,
3e54778da0e80bfc9b07,full_annotation_v1,A,q_미용_08,미용 서비스,뷰티·미용 중 '미용'을 판매·제공하는 매장,train,미용,T3 개념확장,47ac625a-f2cb-4255-b11c-08b807475529,손현정뷰티&네일,두피케어제품,우산동빛고을 골목형상점가,골목형상점가,광주광역시,,,
87584c50ee22b52679d5,full_annotation_v1,A,q_미용_08,미용 서비스,뷰티·미용 중 '미용'을 판매·제공하는 매장,train,미용,T3 개념확장,f207bbf4-eb1f-465d-a95d-8f23ec1d6d53,헤어장,미용 서비스,학운 골목형상점가,골목형상점가,광주광역시,,,
ed50087553b23f09bc44,full_annotation_v1,A,q_미용_08,미용 서비스,뷰티·미용 중 '미용'을 판매·제공하는 매장,train,미용,T3 개념확장,9d62fd4e-ac12-4d0e-b58f-090f44b2c2c3,조앤리헤어클럽2호점,서비스(미용),이천중앙로상가,자율상권구역,경기도,,,
7fec6bb12247c0124b34,full_annotation_v1,A,q_미용_08,미용 서비스,뷰티·미용 중 '미용'을 판매·제공하는 매장,train,미용,T3 개념확장,9e3863b7-a434-4c51-a352-6370c3701d83,아름담헤어,미용 서비스,산울동 골목형상점가,골목형상점가,세종특별자치시,,,
5f810922bde983ea0e7d,full_annotation_v1,A,q_미용_08,미용 서비스,뷰티·미용 중 '미용'을 판매·제공하는 매장,train,미용,T3 개념확장,0001b1fc-5455-433e-8e94-96d051362b17,유난희헤어샵,미용실,창원 대동그린코아상가,전통시장,경상남도,,,
cd56bd7b5755e146d180,full_annotation_v1,A,q_미용_08,미용 서비스,뷰티·미용 중 '미용'을 판매·제공하는 매장,train,미용,T3 개념확장,2b65b8be-69e0-4548-bb50-821f51344702,헤이키 임동제니스점,커피,임동오거리 골목형상점가,골목형상점가,광주광역시,,,
9ce2fd66e437fbfeeb83,full_annotation_v1,A,q_미용_08,미용 서비스,뷰티·미용 중 '미용'을 판매·제공하는 매장,train,미용,T3 개념확장,09cd748e-514c-4403-8078-7c923fc22167,그레이스위그,가발,한듬레포츠,골목형상점가,광주광역시,,,
e38833070cc6a9ee734a,full_annotation_v1,A,q_미용_08,미용 서비스,뷰티·미용 중 '미용'을 판매·제공하는 매장,train,미용,T3 개념확장,73777934-029d-4380-a099-e948644462b2,일루아헤어스튜디오운암점,머리,운암북문대로 골목형상점가,골목형상점가,광주광역시,,,
96446bb598703073a3f0,full_annotation_v1,A,q_미용_08,미용 서비스,뷰티·미용 중 '미용'을 판매·제공하는 매장,train,미용,T3 개념확장,03321569-a189-4dea-8592-49bb6f114163,김송정머리터용인점 봄날애 헤어,헤어,동백역 골목형상점가,골목형상점가,경기도,,,
a5f04c89734abdaf4c60,full_annotation_v1,A,q_미용_08,미용 서비스,뷰티·미용 중 '미용'을 판매·제공하는 매장,train,미용,T3 개념확장,f70f62a1-2202-42b0-9b39-e01c9db52502,일곡우리치과의원,치과치료,일곡동 골목형상점가,골목형상점가,광주광역시,,,
41a77fd889929c5b8a50,full_annotation_v1,A,q_미용_08,미용 서비스,뷰티·미용 중 '미용'을 판매·제공하는 매장,train,미용,T3 개념확장,000d8836-38bd-43a9-92f2-698d67d5926b,라미헤어스튜디오,미용실,포항중앙상가,전통시장,경상북도,,,
8d1a4d4be275ec04f482,full_annotation_v1,A,q_미용_08,미용 서비스,뷰티·미용 중 '미용'을 판매·제공하는 매장,train,미용,T3 개념확장,027b7332-611e-498a-9ef6-1e9e536dbf4a,모모샵,두발 시술,온누리상인회 골목형상점가,골목형상점가,광주광역시,,,
4c0d613a7ce3fbf2ee33,full_annotation_v1,A,q_미용_08,미용 서비스,뷰티·미용 중 '미용'을 판매·제공하는 매장,train,미용,T3 개념확장,6f31af34-3917-47df-ac43-714b7d328e17,리온,서비스,남평 강변도시 골목형상점가,골목형상점가,전라남도,,,
b5f5e84d75adab766929,full_annotation_v1,A,q_미용_08,미용 서비스,뷰티·미용 중 '미용'을 판매·제공하는 매장,train,미용,T3 개념확장,453ba616-6496-46a0-9166-80df0e534c8a,세종헤어광주진월점,미용 서비스,서문대로701번길 골목형상점가,골목형상점가,광주광역시,,,
51bf2434ff9201ca56b4,full_annotation_v1,A,q_미용_08,미용 서비스,뷰티·미용 중 '미용'을 판매·제공하는 매장,train,미용,T3 개념확장,00131122-77cf-4772-b141-202f0f950f5c,라라샵,화장품,유성신나는 골목형상점가,골목형상점가,대전광역시,,,
7fc6c2c09e9377e5d327,full_annotation_v1,A,q_미용_08,미용 서비스,뷰티·미용 중 '미용'을 판매·제공하는 매장,train,미용,T3 개념확장,9165644b-b05a-4f0b-8a5c-92dfd4856ff8,채은헤어,두발 미용 서비스,수완새별 골목형상점가,골목형상점가,광주광역시,,,
ceccbe2d363b2b31b460,full_annotation_v1,A,q_미용_08,미용 서비스,뷰티·미용 중 '미용'을 판매·제공하는 매장,train,미용,T3 개념확장,d9c2d75b-e7eb-42fa-8c6d-c176d2fabda9,유리별헤어,서비스(미용),산본로데오거리(구 산본중심상가),자율상권구역,경기도,,,
7a11d381b5c58849f00a,full_annotation_v1,A,q_미용_08,미용 서비스,뷰티·미용 중 '미용'을 판매·제공하는 매장,train,미용,T3 개념확장,c94086c6-1c16-4a96-95d2-07971d9e3c90,美헤어스토리,미용 서비스,장덕투게더 골목형상점가,골목형상점가,광주광역시,,,
5066d15a78296e99d2c6,full_annotation_v1,A,q_미용_08,미용 서비스,뷰티·미용 중 '미용'을 판매·제공하는 매장,train,미용,T3 개념확장,22afdf71-1217-4bb8-838e-23a6534d5d55,VOHAB헤어살롱,머리,신가아름마을,골목형상점가,광주광역시,,,
45e6ca49bea0f2e49c44,full_annotation_v1,A,q_미용_08,미용 서비스,뷰티·미용 중 '미용'을 판매·제공하는 매장,train,미용,T3 개념확장,4e1a25ca-7b41-47ed-99e8-2bfc6ba54521,바노두피,두피케어,새롬동 골목형상점가,골목형상점가,세종특별자치시,,,
284186bd0b570c5fd522,full_annotation_v1,A,q_미용_08,미용 서비스,뷰티·미용 중 '미용'을 판매·제공하는 매장,train,미용,T3 개념확장,0017ec9c-4997-4ef5-a552-7fffc7dd149c,아리따움 진주서부점,화장품,진주 새서부시장,전통시장,경상남도,,,
349ccaf466389fe88312,full_annotation_v1,A,q_미용_08,미용 서비스,뷰티·미용 중 '미용'을 판매·제공하는 매장,train,미용,T3 개념확장,6494738d-e96c-4f52-b722-8df7b7e98d41,희와살롱,헤어 미용 서비스,빛가람 상리단길 골목형상점가,골목형상점가,전라남도,,,
8d6d4c062ab99e81d75f,full_annotation_v1,A,q_미용_08,미용 서비스,뷰티·미용 중 '미용'을 판매·제공하는 매장,train,미용,T3 개념확장,00138176-f25b-4a96-9761-dd00f1a4dd28,보아스헤어아트,미용,봉제산길골목형상점가,골목형상점가,서울특별시,,,
6d110a7f8dba93a1b14f,full_annotation_v1,A,q_미용_08,미용 서비스,뷰티·미용 중 '미용'을 판매·제공하는 매장,train,미용,T3 개념확장,18f71164-8843-4cd7-ba96-46a38da87c45,모어숨,헤어 미용 서비스,화정금화로상인회 골목형상점가,골목형상점가,광주광역시,,,
fdc3b2f8b44bcde97bff,full_annotation_v1,A,q_미용_08,미용 서비스,뷰티·미용 중 '미용'을 판매·제공하는 매장,train,미용,T3 개념확장,00ece52b-629f-4e52-abd8-754dd96759c2,슈퍼스타헤어,두발미용,월곡달빛오거리골목형상점가,골목형상점가,서울특별시,,,
1132130f33681bbab91a,full_annotation_v1,A,q_미용_08,미용 서비스,뷰티·미용 중 '미용'을 판매·제공하는 매장,train,미용,T3 개념확장,000407f6-6813-4322-a44c-ed6c1a90dafc,하루,두발,첨단동행 골목형상점가,골목형상점가,광주광역시,,,
6a1c2bfbd11e2b6fcb42,full_annotation_v1,A,q_미용_08,미용 서비스,뷰티·미용 중 '미용'을 판매·제공하는 매장,train,미용,T3 개념확장,111d2176-af6d-4214-844a-51453de36f46,주연가발,가발,고투몰(강남터미널지하도상점가),일반지하상점가,서울특별시,,,
90d380a962170e7b2821,full_annotation_v1,A,q_미용_08,미용 서비스,뷰티·미용 중 '미용'을 판매·제공하는 매장,train,미용,T3 개념확장,85e86f38-5267-471b-b0f5-73ffadba451e,서독안경,안경 및 렌즈,임동오거리 골목형상점가,골목형상점가,광주광역시,,,
121ac6834f776ceacca4,full_annotation_v1,A,q_미용_08,미용 서비스,뷰티·미용 중 '미용'을 판매·제공하는 매장,train,미용,T3 개념확장,fffb937e-8cb0-49dd-8796-7c5a8a99840f,하이네일,"서비스(미용,네일)",범한프라자시장,전통시장,경기도,,,
bd1d34215ff4d2e21c09,full_annotation_v1,A,q_미용_08,미용 서비스,뷰티·미용 중 '미용'을 판매·제공하는 매장,train,미용,T3 개념확장,038d83ed-3c85-404b-8aa9-222a893da5b3,고기왕김태백고기국물고기반찬,"식육, 가공양념육외 소머리.돼지머리.부산물등",후평일단지시장,전통시장,강원특별자치도,,,
6eed5613f4014a74e9ed,full_annotation_v1,A,q_미용_08,미용 서비스,뷰티·미용 중 '미용'을 판매·제공하는 매장,train,미용,T3 개념확장,1158398c-1d39-40e8-8785-f6edad4efd75,e쁘네미용실,"커트, 파마, 염색, 가발",월빛 골목형상점가,골목형상점가,광주광역시,,,
0319fc2e97240c6167b4,full_annotation_v1,A,q_미용_08,미용 서비스,뷰티·미용 중 '미용'을 판매·제공하는 매장,train,미용,T3 개념확장,c28164c1-594d-4e82-9f27-84504a64a899,디슬래시,서비스,후암시장,전통시장,서울특별시,,,
97ca7bbb863b072cf1a0,full_annotation_v1,A,q_미용_08,미용 서비스,뷰티·미용 중 '미용'을 판매·제공하는 매장,train,미용,T3 개념확장,0250e284-2897-44e3-b681-da46d2c84cd1,쏘이살롱(SSOISALON)2호점,헤어,빛가람 하나로 골목형상점가,골목형상점가,전라남도,,,
be57e8e67baf508749a7,full_annotation_v1,A,q_미용_08,미용 서비스,뷰티·미용 중 '미용'을 판매·제공하는 매장,train,미용,T3 개념확장,1701c3f2-ada4-4eee-8dd5-643340c74ac9,라뮤에스테틱,미용 서비스,운천상무시장 골목형상점가,골목형상점가,광주광역시,,,
a06cf40b22dcd66797c2,full_annotation_v1,A,q_미용_08,미용 서비스,뷰티·미용 중 '미용'을 판매·제공하는 매장,train,미용,T3 개념확장,02484083-ef42-44cf-903b-18a6f84601de,더휴헤어,"미용, 헤어",창원 덕산1차상가,전통시장,경상남도,,,
37e6df98b1a779a5c915,full_annotation_v1,A,q_미용_08,미용 서비스,뷰티·미용 중 '미용'을 판매·제공하는 매장,train,미용,T3 개념확장,b97718d4-7a5e-4177-9769-cf344916145a,순남성컷헤어샵,두발 미용 서비스,오송1산단오스코로골목형상점가,골목형상점가,충청북도,,,
aa02ad44bb853d92b4cd,full_annotation_v1,A,q_미용_08,미용 서비스,뷰티·미용 중 '미용'을 판매·제공하는 매장,train,미용,T3 개념확장,008c73ed-3ece-452b-aa49-b96b73ff1ba1,온결 스킨앤바디,화장품,가재마을 골목형상점가,골목형상점가,세종특별자치시,,,
2a5d8dc9ed6cd50ae8ed,full_annotation_v1,A,q_미용_08,미용 서비스,뷰티·미용 중 '미용'을 판매·제공하는 매장,train,미용,T3 개념확장,01830c3a-5f7e-4396-9772-38b51bd90dc0,새로나국밥,국밥 족발 머리고기,무등시장,전통시장,광주광역시,,,
9e2630a66c5de526dd78,full_annotation_v1,A,q_미용_08,미용 서비스,뷰티·미용 중 '미용'을 판매·제공하는 매장,train,미용,T3 개념확장,811bb57a-6082-40ec-bccc-d219a8d524a3,리얼수,서비스,연제주공 골목형상점가,골목형상점가,광주광역시,,,
0f084deaae84134b2a2d,full_annotation_v1,A,q_미용_08,미용 서비스,뷰티·미용 중 '미용'을 판매·제공하는 매장,train,미용,T3 개념확장,e0f74bba-95b9-4fcc-9a87-4544ed2dce7b,장두익치과,서비스,화정로상가상인회 골목형상점가,골목형상점가,광주광역시,,,
a0064d25523c74d81fbb,full_annotation_v1,A,q_미용_08,미용 서비스,뷰티·미용 중 '미용'을 판매·제공하는 매장,train,미용,T3 개념확장,a383475e-5fdf-4a1b-8cdb-e53488e458f1,가위전설,서비스(미용),반딧불이연무시장,전통시장,경기도,,,
4301018d847cad2b38f9,full_annotation_v1,A,q_미용_08,미용 서비스,뷰티·미용 중 '미용'을 판매·제공하는 매장,train,미용,T3 개념확장,42a49068-5c91-4263-ac5a-87772da3284f,탑뷰티,미용 서비스,금호상인회 골목형상점가,골목형상점가,광주광역시,,,
3596c760a82f73414a95,full_annotation_v1,A,q_미용_08,미용 서비스,뷰티·미용 중 '미용'을 판매·제공하는 매장,train,미용,T3 개념확장,af8f8ddb-0829-4a69-9f6b-6b22dc3cc44c,컬러드스파세종다정점,미용 서비스,다정중앙 골목형상점가,골목형상점가,세종특별자치시,,,
22a8d5c9a2b4d200a60e,full_annotation_v1,A,q_미용_08,미용 서비스,뷰티·미용 중 '미용'을 판매·제공하는 매장,train,미용,T3 개념확장,442cf767-a47e-4b4b-a06c-9a55c97641c0,드부아네일,"네일아트, 케어",동송전통시장,전통시장,강원특별자치도,,,
41839d5f5887f9b3b9d4,full_annotation_v1,A,q_미용_08,미용 서비스,뷰티·미용 중 '미용'을 판매·제공하는 매장,train,미용,T3 개념확장,9e65c4b4-82ea-4567-8b5b-6eb45be43163,수현머리이야기,서비스(미용),풍납시장,전통시장,서울특별시,,,
9a3b36f514422d49997c,full_annotation_v1,A,q_미용_08,미용 서비스,뷰티·미용 중 '미용'을 판매·제공하는 매장,train,미용,T3 개념확장,ac6df994-1a05-496f-8c73-a522ae2e9726,몽땅꼬마김밥 하남점,분식,하남피크닉몰,골목형상점가,광주광역시,,,
94da9a20cdc261018588,full_annotation_v1,A,q_미용_08,미용 서비스,뷰티·미용 중 '미용'을 판매·제공하는 매장,train,미용,T3 개념확장,038c2ca6-a29e-4fb1-91d4-52b8a417f0e2,예쁜머리만들기,,뚝섬로윗길 골목형상점가,골목형상점가,서울특별시,,,
149f8679bc2243251d1c,full_annotation_v1,A,q_미용_08,미용 서비스,뷰티·미용 중 '미용'을 판매·제공하는 매장,train,미용,T3 개념확장,194b5d28-229d-4789-9648-5bc390981034,탄방골 참순대,순대국밥 순대전골 순대볶음 모듬순대,고운마음 골목형상점가,골목형상점가,세종특별자치시,,,
2065599788df535e9a13,full_annotation_v1,A,q_미용_08,미용 서비스,뷰티·미용 중 '미용'을 판매·제공하는 매장,train,미용,T3 개념확장,ed14d6e0-62ac-4fb1-8440-d041d32c127c,코빌당구장,서비스,황계 골목형상점가,골목형상점가,광주광역시,,,
8d364bdf06af095111ec,full_annotation_v1,A,q_미용_08,미용 서비스,뷰티·미용 중 '미용'을 판매·제공하는 매장,train,미용,T3 개념확장,53eed9a5-a5fa-462b-a9c5-29bcf09c61b0,진주식품,식육,김해 주촌축산물시장,전통시장,경상남도,,,
5a473236b66ef9da0d10,full_annotation_v1,A,q_미용_09,머리 자르는 곳,뷰티·미용 중 '미용'을 판매·제공하는 매장,train,미용,T4 구어·문장,ca0d1627-d510-4a13-9085-c2f7f7aaf7f9,머리까끼,미용실,태백마루 자율상권,,강원특별자치도,,,
6ba20334df7ac294054c,full_annotation_v1,A,q_미용_09,머리 자르는 곳,뷰티·미용 중 '미용'을 판매·제공하는 매장,train,미용,T4 구어·문장,b1f9d516-9d66-4984-bb28-732d660e0835,머리꾼,미용실,버들마을상인회 골목형상점가,골목형상점가,광주광역시,,,
640236e8fd9978e628d3,full_annotation_v1,A,q_미용_09,머리 자르는 곳,뷰티·미용 중 '미용'을 판매·제공하는 매장,train,미용,T4 구어·문장,be50a12c-1375-4b9e-8cef-d42871b3536c,고사머리,고사머리,신장전통시장,전통시장,경기도,,,
cdabf53084fb307cf267,full_annotation_v1,A,q_미용_09,머리 자르는 곳,뷰티·미용 중 '미용'을 판매·제공하는 매장,train,미용,T4 구어·문장,842f6cf1-6411-4f4b-be23-746d79e31656,섬곳,한식,플레이사계 지오단길 골목형상점가,골목형상점가,제주특별자치도,,,
f41ce14003c4436f0791,full_annotation_v1,A,q_미용_09,머리 자르는 곳,뷰티·미용 중 '미용'을 판매·제공하는 매장,train,미용,T4 구어·문장,074ad32b-e2ea-4972-93e1-ea399e745a39,"한돈명가,곤지암할매 소머리국밥 혁신점",,나주혁신도시 골목형상점가,골목형상점가,,,,
0fa57e7fe1c4d766e2a3,full_annotation_v1,A,q_미용_09,머리 자르는 곳,뷰티·미용 중 '미용'을 판매·제공하는 매장,train,미용,T4 구어·문장,039ab44d-ff38-41e4-8b48-22a1a8576261,헤어초이스앤두피케어,,도마달 골목형상점가,골목형상점가,대전광역시,,,
ea1df7b7701d3232bac0,full_annotation_v1,A,q_미용_09,머리 자르는 곳,뷰티·미용 중 '미용'을 판매·제공하는 매장,train,미용,T4 구어·문장,038c2ca6-a29e-4fb1-91d4-52b8a417f0e2,예쁜머리만들기,,뚝섬로윗길 골목형상점가,골목형상점가,서울특별시,,,
2b5e419e00cd90df58d4,full_annotation_v1,A,q_미용_09,머리 자르는 곳,뷰티·미용 중 '미용'을 판매·제공하는 매장,train,미용,T4 구어·문장,23126a60-c99b-46ee-b48c-63f2461cfe59,자르다 헤어,일반미용업,농성동벚꽃상인회 골목형상점가,골목형상점가,광주광역시,,,
d82e65604ae581ad8baf,full_annotation_v1,A,q_미용_09,머리 자르는 곳,뷰티·미용 중 '미용'을 판매·제공하는 매장,train,미용,T4 구어·문장,00131122-77cf-4772-b141-202f0f950f5c,라라샵,화장품,유성신나는 골목형상점가,골목형상점가,대전광역시,,,
798366ba9ed70627efea,full_annotation_v1,A,q_미용_09,머리 자르는 곳,뷰티·미용 중 '미용'을 판매·제공하는 매장,train,미용,T4 구어·문장,ffc86428-5aff-4b30-8d7c-82b48ca2453b,자르담,두발,신안교 골목형상점가,골목형상점가,광주광역시,,,
10a13c320f3485a3f6c9,full_annotation_v1,A,q_미용_09,머리 자르는 곳,뷰티·미용 중 '미용'을 판매·제공하는 매장,train,미용,T4 구어·문장,f61fc0ad-6c6b-4793-a4a8-15238bd6307e,동아상회,과일,강릉중앙시장,전통시장,강원특별자치도,,,
44e991c869fa3f15e7bb,full_annotation_v1,A,q_미용_09,머리 자르는 곳,뷰티·미용 중 '미용'을 판매·제공하는 매장,train,미용,T4 구어·문장,011291c0-305f-48b7-b50a-635b97da79c0,라라헤어,헤어,한들물빛도시 골목형 상점가,골목형상점가,충청남도,,,
3391d9403db1d23d2599,full_annotation_v1,A,q_미용_09,머리 자르는 곳,뷰티·미용 중 '미용'을 판매·제공하는 매장,train,미용,T4 구어·문장,15f76f67-83ed-422a-8513-e1aa2bcaa3a6,못말리는생돈까스,양식,장승백이전통시장(구 만수창대시장),전통시장,인천광역시,,,
de945b31694be3940880,full_annotation_v1,A,q_미용_09,머리 자르는 곳,뷰티·미용 중 '미용'을 판매·제공하는 매장,train,미용,T4 구어·문장,5fb945fc-398f-47b5-8863-77e64f5cd36a,교대헤어매직,커트 염색 파마 매직 머리 복구,계림 재미로 골목형상점가,골목형상점가,광주광역시,,,
58eb04c1d3f4687a651f,full_annotation_v1,A,q_미용_09,머리 자르는 곳,뷰티·미용 중 '미용'을 판매·제공하는 매장,train,미용,T4 구어·문장,001f80ca-1d03-4781-b117-7eaa52fb24f5,홍미용실,일반미용업,김제중앙시장,전통시장,전북특별자치도,,,
3d1f40531d24cc9e4d45,full_annotation_v1,A,q_미용_09,머리 자르는 곳,뷰티·미용 중 '미용'을 판매·제공하는 매장,train,미용,T4 구어·문장,1ac01cce-9f35-4a46-9735-a1331bf7a735,네일바이,,승달 골목형상점가,골목형상점가,,,,
956fabb733fb912339a6,full_annotation_v1,A,q_미용_09,머리 자르는 곳,뷰티·미용 중 '미용'을 판매·제공하는 매장,train,미용,T4 구어·문장,003f331a-de38-4946-a580-57373cb1175d,댕기머리,미용실,주천골목형상점가,골목형상점가,강원특별자치도,,,
1c921c45fc34dc650607,full_annotation_v1,A,q_미용_09,머리 자르는 곳,뷰티·미용 중 '미용'을 판매·제공하는 매장,train,미용,T4 구어·문장,4801385e-4540-4ece-8042-c852d1d96af6,그린헤어,미용실 두발 자르기,첨단부영 골목형상점가,골목형상점가,광주광역시,,,
5a37bcefeba088d1c685,full_annotation_v1,A,q_미용_09,머리 자르는 곳,뷰티·미용 중 '미용'을 판매·제공하는 매장,train,미용,T4 구어·문장,00138176-f25b-4a96-9761-dd00f1a4dd28,보아스헤어아트,미용,봉제산길골목형상점가,골목형상점가,서울특별시,,,
e429f47acf8c205996de,full_annotation_v1,A,q_미용_09,머리 자르는 곳,뷰티·미용 중 '미용'을 판매·제공하는 매장,train,미용,T4 구어·문장,60352ca5-d22b-456a-a8ab-b7e31e4bedf2,머리 고기 전문점,머리고기,경열로상인회 골목형상점가,골목형상점가,광주광역시,,,
acf0066c9c152b6aba20,full_annotation_v1,A,q_미용_09,머리 자르는 곳,뷰티·미용 중 '미용'을 판매·제공하는 매장,train,미용,T4 구어·문장,72ccc8ac-49dd-44bf-ba44-94696b4361e9,21세기약국,약,성서용산시장,전통시장,대구광역시,,,
57fb44d3cb9bd6ff26b2,full_annotation_v1,A,q_미용_09,머리 자르는 곳,뷰티·미용 중 '미용'을 판매·제공하는 매장,train,미용,T4 구어·문장,22afdf71-1217-4bb8-838e-23a6534d5d55,VOHAB헤어살롱,머리,신가아름마을,골목형상점가,광주광역시,,,
1493d21bf43689d89a51,full_annotation_v1,A,q_미용_09,머리 자르는 곳,뷰티·미용 중 '미용'을 판매·제공하는 매장,train,미용,T4 구어·문장,24456103-f6b8-46af-8655-82e61d7265d8,커피가 머무르는 곳,커피,반드레길골목형상점가,골목형상점가,서울특별시,,,
3d0a2d89344389c2583c,full_annotation_v1,A,q_미용_09,머리 자르는 곳,뷰티·미용 중 '미용'을 판매·제공하는 매장,train,미용,T4 구어·문장,761b09e3-235a-4ad0-8241-747e3c7e9e1d,이헌한우 두번째이야기,한우전문점,쌍촌명지상인회 골목형상점가,골목형상점가,광주광역시,,,
8f46de133eff6deb8084,full_annotation_v1,A,q_미용_09,머리 자르는 곳,뷰티·미용 중 '미용'을 판매·제공하는 매장,train,미용,T4 구어·문장,474b4e75-6143-4fed-bf0d-ab8eb6687f84,에스핏휘트니스,체력단련시설,장자호수공원 골목형상점가,골목형상점가,경기도,,,
3192e51c6900bef59418,full_annotation_v1,A,q_미용_09,머리 자르는 곳,뷰티·미용 중 '미용'을 판매·제공하는 매장,train,미용,T4 구어·문장,94832cac-a3bd-4689-b9cc-40776a1f8573,머리하는곳,미용,서둔동 골목형상점가,골목형상점가,경기도,,,
332a1f51041ea6e23465,full_annotation_v1,A,q_미용_09,머리 자르는 곳,뷰티·미용 중 '미용'을 판매·제공하는 매장,train,미용,T4 구어·문장,008c73ed-3ece-452b-aa49-b96b73ff1ba1,온결 스킨앤바디,화장품,가재마을 골목형상점가,골목형상점가,세종특별자치시,,,
8f18380b4d5771c239ef,full_annotation_v1,A,q_미용_09,머리 자르는 곳,뷰티·미용 중 '미용'을 판매·제공하는 매장,train,미용,T4 구어·문장,6bf34547-7852-41e7-8209-ffa42bb49076,티나샵(Tina#),헤어 머리 제품,일곡동(제3지역:자연마을 공방거리),골목형상점가,광주광역시,,,
3045c18c356e3f3c8658,full_annotation_v1,A,q_미용_09,머리 자르는 곳,뷰티·미용 중 '미용'을 판매·제공하는 매장,train,미용,T4 구어·문장,97abb828-d25d-4f36-bc22-de2bb95f156c,빨강 머리 앤,미용,신창 골목형상점가,골목형상점가,광주광역시,,,
d5fddf3c87c13a4a985f,full_annotation_v1,A,q_미용_09,머리 자르는 곳,뷰티·미용 중 '미용'을 판매·제공하는 매장,train,미용,T4 구어·문장,1934ca93-c38b-44af-9f91-5ea8ae0972a2,광장이발소,이발소,춘천지하상가,일반지하상점가,강원특별자치도,,,
f170fd9365260d389b5b,full_annotation_v1,A,q_미용_09,머리 자르는 곳,뷰티·미용 중 '미용'을 판매·제공하는 매장,train,미용,T4 구어·문장,003cdc8a-95fe-43ea-8350-f4c63913a6f8,정선화장품,화장품,오천시장,전통시장,경상북도,,,
61dcb222883c7003839a,full_annotation_v1,A,q_미용_09,머리 자르는 곳,뷰티·미용 중 '미용'을 판매·제공하는 매장,train,미용,T4 구어·문장,01830c3a-5f7e-4396-9772-38b51bd90dc0,새로나국밥,국밥 족발 머리고기,무등시장,전통시장,광주광역시,,,
362231066d310dd0a70e,full_annotation_v1,A,q_미용_09,머리 자르는 곳,뷰티·미용 중 '미용'을 판매·제공하는 매장,train,미용,T4 구어·문장,47ac625a-f2cb-4255-b11c-08b807475529,손현정뷰티&네일,두피케어제품,우산동빛고을 골목형상점가,골목형상점가,광주광역시,,,
fcb083196c70eac394d7,full_annotation_v1,A,q_미용_09,머리 자르는 곳,뷰티·미용 중 '미용'을 판매·제공하는 매장,train,미용,T4 구어·문장,76a3551b-dae4-4326-92cc-662015aedbfb,쉴 곳,한식,칠성로상점가,자율상권구역,제주특별자치도,,,
fd7d65fc02f1e12e20af,full_annotation_v1,A,q_미용_09,머리 자르는 곳,뷰티·미용 중 '미용'을 판매·제공하는 매장,train,미용,T4 구어·문장,42d92002-3898-4a05-ac2a-b48ca96a3f3a,자르고헤어,미용,이천중앙로상가,자율상권구역,경기도,,,
c77ce4cf79d91688e532,full_annotation_v1,A,q_미용_09,머리 자르는 곳,뷰티·미용 중 '미용'을 판매·제공하는 매장,train,미용,T4 구어·문장,b62872d8-28a5-42e3-90a7-43a1986d6d7a,이은숙헤어샵,머리,공주산성 활성화구역,전통시장,충청남도,,,
b82f8bcde10f4477ba14,full_annotation_v1,A,q_미용_09,머리 자르는 곳,뷰티·미용 중 '미용'을 판매·제공하는 매장,train,미용,T4 구어·문장,0157acd5-d1fd-46d1-afff-002eb6ffb986,나무헤어살롱,두발미용,죽전로데오상점가,전통시장,경기도,,,
4dad9340a98d2b51523b,full_annotation_v1,A,q_미용_09,머리 자르는 곳,뷰티·미용 중 '미용'을 판매·제공하는 매장,train,미용,T4 구어·문장,6f3275f6-0429-49f6-8bd9-c7a65b3353ae,인생머리,,평촌역 상점가,자율상권구역,경기도,,,
4076634b561f10f82632,full_annotation_v1,A,q_미용_09,머리 자르는 곳,뷰티·미용 중 '미용'을 판매·제공하는 매장,train,미용,T4 구어·문장,de1fe80a-62df-45a7-87ff-077666c5a23b,할머니손칼국시,칼국수,태화시장,전통시장,울산광역시,,,
0c2ad6b8a905c202aff7,full_annotation_v1,A,q_미용_09,머리 자르는 곳,뷰티·미용 중 '미용'을 판매·제공하는 매장,train,미용,T4 구어·문장,7b79eb4c-d18a-4284-bba4-9924ccd95a36,더마메디스킨케어,피부관리,다산중앙로 상점가,자율상권구역,경기도,,,
491b7d08092b748b56b6,full_annotation_v1,A,q_미용_09,머리 자르는 곳,뷰티·미용 중 '미용'을 판매·제공하는 매장,train,미용,T4 구어·문장,2743811c-5e71-4d2b-aa75-1b0147d44f2d,사우 꽃이 피는 곳,꽃,김포 풍년마을 골목형상점가,골목형상점가,경기도,,,
1a8bf8a9f1f804b0a687,full_annotation_v1,A,q_미용_09,머리 자르는 곳,뷰티·미용 중 '미용'을 판매·제공하는 매장,train,미용,T4 구어·문장,0001b1fc-5455-433e-8e94-96d051362b17,유난희헤어샵,미용실,창원 대동그린코아상가,전통시장,경상남도,,,
a66a7a2303835c2beb66,full_annotation_v1,A,q_미용_09,머리 자르는 곳,뷰티·미용 중 '미용'을 판매·제공하는 매장,train,미용,T4 구어·문장,0017ec9c-4997-4ef5-a552-7fffc7dd149c,아리따움 진주서부점,화장품,진주 새서부시장,전통시장,경상남도,,,
58de9793e1d8da82ed0a,full_annotation_v1,A,q_미용_09,머리 자르는 곳,뷰티·미용 중 '미용'을 판매·제공하는 매장,train,미용,T4 구어·문장,00222f52-5d1f-4fb1-b0a6-7b4864ce177f,아리따움서대문연희점,화장품,연희사러가,전통시장,서울특별시,,,
12f49907363720c1c6ff,full_annotation_v1,A,q_미용_09,머리 자르는 곳,뷰티·미용 중 '미용'을 판매·제공하는 매장,train,미용,T4 구어·문장,7f4e0747-1bcf-420a-8a96-3a59ebfa24ab,미채움떡,떡집,서변중앙시장,전통시장,대구광역시,,,
b3e8f798e82318b07bf1,full_annotation_v1,A,q_미용_09,머리 자르는 곳,뷰티·미용 중 '미용'을 판매·제공하는 매장,train,미용,T4 구어·문장,a8801936-01c6-4104-b997-bdc54350444a,머리꾼,미용업,오룡행복 골목형상점가,골목형상점가,전라남도,,,
1244961ffc54822fff9f,full_annotation_v1,A,q_미용_09,머리 자르는 곳,뷰티·미용 중 '미용'을 판매·제공하는 매장,train,미용,T4 구어·문장,111d2176-af6d-4214-844a-51453de36f46,주연가발,가발,고투몰(강남터미널지하도상점가),일반지하상점가,서울특별시,,,
c5dec5a1f5d2e4ab5f53,full_annotation_v1,A,q_미용_09,머리 자르는 곳,뷰티·미용 중 '미용'을 판매·제공하는 매장,train,미용,T4 구어·문장,0250e284-2897-44e3-b681-da46d2c84cd1,쏘이살롱(SSOISALON)2호점,헤어,빛가람 하나로 골목형상점가,골목형상점가,전라남도,,,
7a810e4cd540d6cbcd69,full_annotation_v1,A,q_미용_09,머리 자르는 곳,뷰티·미용 중 '미용'을 판매·제공하는 매장,train,미용,T4 구어·문장,01bbc08f-bb91-4aae-a597-a5e183ea0d11,언니네살롱,헤어,송정 다누리 골목형상점가,골목형상점가,광주광역시,,,
56604799d94bee450e9a,full_annotation_v1,A,q_미용_09,머리 자르는 곳,뷰티·미용 중 '미용'을 판매·제공하는 매장,train,미용,T4 구어·문장,398969fc-0dcc-494b-b06e-a1a1a78ae2b8,자르비스미용실,헤어,두암2동참판골 골목형상점가,골목형상점가,광주광역시,,,
3878df545596adefe856,full_annotation_v1,A,q_미용_09,머리 자르는 곳,뷰티·미용 중 '미용'을 판매·제공하는 매장,train,미용,T4 구어·문장,02484083-ef42-44cf-903b-18a6f84601de,더휴헤어,"미용, 헤어",창원 덕산1차상가,전통시장,경상남도,,,
2f03602cacfefb053e23,full_annotation_v1,A,q_미용_09,머리 자르는 곳,뷰티·미용 중 '미용'을 판매·제공하는 매장,train,미용,T4 구어·문장,73777934-029d-4380-a099-e948644462b2,일루아헤어스튜디오운암점,머리,운암북문대로 골목형상점가,골목형상점가,광주광역시,,,
14de923f4f32e33e341a,full_annotation_v1,A,q_미용_09,머리 자르는 곳,뷰티·미용 중 '미용'을 판매·제공하는 매장,train,미용,T4 구어·문장,03321569-a189-4dea-8592-49bb6f114163,김송정머리터용인점 봄날애 헤어,헤어,동백역 골목형상점가,골목형상점가,경기도,,,
ce056ff6bb1f4385692e,full_annotation_v1,A,q_미용_09,머리 자르는 곳,뷰티·미용 중 '미용'을 판매·제공하는 매장,train,미용,T4 구어·문장,c597521d-1273-43c9-b412-1c6036be4933,머리 담다,헤어,매탄중심상가 골목형상점가,골목형상점가,경기도,,,
e1973f957a921c4112ac,full_annotation_v1,A,q_미용_09,머리 자르는 곳,뷰티·미용 중 '미용'을 판매·제공하는 매장,train,미용,T4 구어·문장,658c25b3-dc54-489c-ac3e-31d19ec2ca27,디종헤어201,머리카락을자르고퍼머와염색을하는곳,중흥햇빛촌 골목형상점가,골목형상점가,광주광역시,,,
1539376987beef530e64,full_annotation_v1,A,q_미용_09,머리 자르는 곳,뷰티·미용 중 '미용'을 판매·제공하는 매장,train,미용,T4 구어·문장,3a05dbec-4723-4813-8a54-26cde9d3f0fd,부자생삼겹살,한식,도봉산옛길골목형상점가,골목형상점가,서울특별시,,,
caec75916af5c142ef3c,full_annotation_v1,A,q_미용_09,머리 자르는 곳,뷰티·미용 중 '미용'을 판매·제공하는 매장,train,미용,T4 구어·문장,c9e5208c-c135-4225-8f5d-e02e68d3a600,비사채헤어,머리,풍영철길로 골목형상점가,골목형상점가,광주광역시,,,
6497b5f9c421d59e5d6b,full_annotation_v1,A,q_미용_09,머리 자르는 곳,뷰티·미용 중 '미용'을 판매·제공하는 매장,train,미용,T4 구어·문장,09cd748e-514c-4403-8078-7c923fc22167,그레이스위그,가발,한듬레포츠,골목형상점가,광주광역시,,,
45679cacbfffbbd86ae7,full_annotation_v1,A,q_미용_09,머리 자르는 곳,뷰티·미용 중 '미용'을 판매·제공하는 매장,train,미용,T4 구어·문장,038d83ed-3c85-404b-8aa9-222a893da5b3,고기왕김태백고기국물고기반찬,"식육, 가공양념육외 소머리.돼지머리.부산물등",후평일단지시장,전통시장,강원특별자치도,,,
554313e26feccab587c8,full_annotation_v1,A,q_미용_09,머리 자르는 곳,뷰티·미용 중 '미용'을 판매·제공하는 매장,train,미용,T4 구어·문장,1f361493-5bbe-48b1-9639-f750d050cf93,노암이용원,이발,노암길골목형상점가,골목형상점가,강원특별자치도,,,
d1c9a5edd991b5d4dfcc,full_annotation_v1,A,q_미용_09,머리 자르는 곳,뷰티·미용 중 '미용'을 판매·제공하는 매장,train,미용,T4 구어·문장,ee6c2ba1-cadf-4780-a695-07ef1a82287c,머리잘헤어,미용,남양주장현전통시장,전통시장,경기도,,,
5150a639e9b6108661cb,full_annotation_v1,A,q_미용_09,머리 자르는 곳,뷰티·미용 중 '미용'을 판매·제공하는 매장,train,미용,T4 구어·문장,73a868c4-f6cb-452f-98dd-036cc92120eb,서희헤어드팜뮤,머리카락을 자르고 펌하며 염색하여줍니다,구매탄시장,전통시장,경기도,,,
dff188a9a087a8a846e5,full_annotation_v1,A,q_미용_09,머리 자르는 곳,뷰티·미용 중 '미용'을 판매·제공하는 매장,train,미용,T4 구어·문장,a1b6ad99-6912-4b69-bbda-66050531cd5c,자르헤어,미용실,전방의거리 골목형상점가,골목형상점가,인천광역시,,,
3575c1bdad59d8d8c83c,full_annotation_v1,A,q_미용_09,머리 자르는 곳,뷰티·미용 중 '미용'을 판매·제공하는 매장,train,미용,T4 구어·문장,10438442-a66e-4675-9cfa-fdb04e6d8020,스코빌바버샵,이발,전남대후문골목형상점가,골목형상점가,광주광역시,,,
5800f3bb37debb3d6aec,full_annotation_v1,A,q_미용_09,머리 자르는 곳,뷰티·미용 중 '미용'을 판매·제공하는 매장,train,미용,T4 구어·문장,027b7332-611e-498a-9ef6-1e9e536dbf4a,모모샵,두발 시술,온누리상인회 골목형상점가,골목형상점가,광주광역시,,,
39859a567bcadcf3c8a9,full_annotation_v1,A,q_미용_09,머리 자르는 곳,뷰티·미용 중 '미용'을 판매·제공하는 매장,train,미용,T4 구어·문장,c111ac9d-3f3a-405c-a8db-4d127ccda9e2,행복이 있는 곳,잡화,제주로얄쇼핑센터,자율상권구역,제주특별자치도,,,
aa6841b24b130381645a,full_annotation_v1,A,q_미용_09,머리 자르는 곳,뷰티·미용 중 '미용'을 판매·제공하는 매장,train,미용,T4 구어·문장,be9f8c61-892c-48ed-a49d-b63bd032c025,소곳,의류,고투몰(강남터미널지하도상점가),일반지하상점가,서울특별시,,,
f42f11c3ad1213dc8fd0,full_annotation_v1,A,q_미용_09,머리 자르는 곳,뷰티·미용 중 '미용'을 판매·제공하는 매장,train,미용,T4 구어·문장,0009149f-621a-493e-9fd1-252a8ac6c75b,글로리,미용실,중흥동 큰샘길 골목형상점가,골목형상점가,광주광역시,,,
99bde895f2ef3351316c,full_annotation_v1,A,q_미용_09,머리 자르는 곳,뷰티·미용 중 '미용'을 판매·제공하는 매장,train,미용,T4 구어·문장,0bf0f3f3-940c-43c3-8fdb-cc7fa8b52524,고운머리,"소매(가발,액세서리,자수용품)",미금현대벤처빌시장,전통시장,경기도,,,
aa41df5082899df09b1e,full_annotation_v1,A,q_미용_09,머리 자르는 곳,뷰티·미용 중 '미용'을 판매·제공하는 매장,train,미용,T4 구어·문장,000d8836-38bd-43a9-92f2-698d67d5926b,라미헤어스튜디오,미용실,포항중앙상가,전통시장,경상북도,,,
88a84e795aab7aa9eb75,full_annotation_v1,A,q_미용_09,머리 자르는 곳,뷰티·미용 중 '미용'을 판매·제공하는 매장,train,미용,T4 구어·문장,b7afbf94-a2c4-4b9f-88ed-723cfc82d47b,감자머리,미용,명촌 골목형상점가,골목형상점가,울산광역시,,,
154018c2b1a8ed7f9d6b,full_annotation_v1,A,q_미용_09,머리 자르는 곳,뷰티·미용 중 '미용'을 판매·제공하는 매장,train,미용,T4 구어·문장,000407f6-6813-4322-a44c-ed6c1a90dafc,하루,두발,첨단동행 골목형상점가,골목형상점가,광주광역시,,,
bc42249fa204e717fcb7,full_annotation_v1,A,q_미용_09,머리 자르는 곳,뷰티·미용 중 '미용'을 판매·제공하는 매장,train,미용,T4 구어·문장,b179ce3c-1885-4d2c-a596-e3590dd2e7e2,밥상머리,,당정동한세로 골목형상점가,골목형상점가,경기도,,,
04ddd2647089059ec06e,full_annotation_v1,A,q_미용_09,머리 자르는 곳,뷰티·미용 중 '미용'을 판매·제공하는 매장,train,미용,T4 구어·문장,c325e8bc-eb18-4505-a03b-069fb49d4413,여우머리,미용,용봉지구 골목형상점가,골목형상점가,광주광역시,,,
af7a3cad141184522658,full_annotation_v1,A,q_미용_09,머리 자르는 곳,뷰티·미용 중 '미용'을 판매·제공하는 매장,train,미용,T4 구어·문장,c6f41e2b-24cc-4d5c-a689-85651263fcd4,여우머리,,어양부송 골목형상점가,골목형상점가,전북특별자치도,,,
99a02e8ecef6bef4ab71,full_annotation_v1,A,q_미용_09,머리 자르는 곳,뷰티·미용 중 '미용'을 판매·제공하는 매장,train,미용,T4 구어·문장,3388247b-0e60-495c-a571-65f87f299c69,제일머리 명 윤경임,머리고기,대인시장,전통시장,,,,
21246f62b33494ee4951,full_annotation_v1,A,q_미용_09,머리 자르는 곳,뷰티·미용 중 '미용'을 판매·제공하는 매장,train,미용,T4 구어·문장,1158398c-1d39-40e8-8785-f6edad4efd75,e쁘네미용실,"커트, 파마, 염색, 가발",월빛 골목형상점가,골목형상점가,광주광역시,,,
853bfe8ece5e32613993,full_annotation_v1,A,q_미용_09,머리 자르는 곳,뷰티·미용 중 '미용'을 판매·제공하는 매장,train,미용,T4 구어·문장,dcee01c5-86a6-48a1-9420-351d5a138284,자르다헤어,미용,율곡동메타스퀘어 골목형상점가,골목형상점가,경상북도,,,
b12485434979a162a3ee,full_annotation_v1,A,q_미용_09,머리 자르는 곳,뷰티·미용 중 '미용'을 판매·제공하는 매장,train,미용,T4 구어·문장,442cf767-a47e-4b4b-a06c-9a55c97641c0,드부아네일,"네일아트, 케어",동송전통시장,전통시장,강원특별자치도,,,
d10d65e679086f452f49,full_annotation_v1,A,q_미용_09,머리 자르는 곳,뷰티·미용 중 '미용'을 판매·제공하는 매장,train,미용,T4 구어·문장,687311e2-e474-40e0-9001-5a585e0d3c66,화순건강원,각종즙,화순고인돌전통시장,전통시장,전라남도,,,
696ae7683085e3700f2f,full_annotation_v1,A,q_미용_09,머리 자르는 곳,뷰티·미용 중 '미용'을 판매·제공하는 매장,train,미용,T4 구어·문장,ee4917da-067a-45ae-b969-0b3a4395a594,머리해봄,미용,이지더원 골목형 상점가,골목형상점가,충청남도,,,
5b3c72b70c190341ed7f,full_annotation_v1,A,q_미용_09,머리 자르는 곳,뷰티·미용 중 '미용'을 판매·제공하는 매장,train,미용,T4 구어·문장,576f3998-9b2f-4be8-8e91-75a400f491d8,까치머리,,매탄이편한세상 골목형상점가,골목형상점가,경기도,,,
73873fe72b190a53035a,full_annotation_v1,A,q_미용_09,머리 자르는 곳,뷰티·미용 중 '미용'을 판매·제공하는 매장,train,미용,T4 구어·문장,0041672f-0704-459b-a485-1502c7de1bef,지모바버샵,이발,쌍리단길상점가,자율상권구역,서울특별시,,,
b69dd64a49adee3d787b,full_annotation_v1,A,q_미용_09,머리 자르는 곳,뷰티·미용 중 '미용'을 판매·제공하는 매장,train,미용,T4 구어·문장,93099910-8018-4b3d-895d-5ada3ae1598b,대구커텐장식,커튼,안동구시장,전통시장,경상북도,,,
87c5f5a028275a35af04,full_annotation_v1,A,q_미용_09,머리 자르는 곳,뷰티·미용 중 '미용'을 판매·제공하는 매장,train,미용,T4 구어·문장,66575f57-681b-45a7-8e7f-3ce52f1ffb8a,머리헤어,미용,신월3동시장골목형상점가,골목형상점가,서울특별시,,,
ff159f22f201152f8c5f,full_annotation_v1,A,q_미용_09,머리 자르는 곳,뷰티·미용 중 '미용'을 판매·제공하는 매장,train,미용,T4 구어·문장,f5323258-d8cc-4c23-bb25-c54fe9df7eaf,맘앤팜미도정육백화점,소매(식육즉석판매가공업),강남개포시장(구 개포2동중심상점가),자율상권구역,서울특별시,,,
ffddbf2be1a87e1752ef,full_annotation_v1,A,q_미용_09,머리 자르는 곳,뷰티·미용 중 '미용'을 판매·제공하는 매장,train,미용,T4 구어·문장,917b8726-b95f-44fc-be8d-b5d306ffe504,호남닭집,닭,남원공설시장,전통시장,전북특별자치도,,,
7052a642f70fb174c760,full_annotation_v1,A,q_미용_09,머리 자르는 곳,뷰티·미용 중 '미용'을 판매·제공하는 매장,train,미용,T4 구어·문장,041af343-9a15-41ec-b89d-df94bc14f381,유종숙머리방,,춘천중앙시장,전통시장,강원특별자치도,,,
d77ed396b6d166bd2efa,full_annotation_v1,A,q_미용_09,머리 자르는 곳,뷰티·미용 중 '미용'을 판매·제공하는 매장,train,미용,T4 구어·문장,a72c4896-7140-49f1-8cc1-15e98c6cfe98,깐느헤어,머리,자양15번가골목형상점가,골목형상점가,서울특별시,,,
42c2e6a505462d58e9d6,full_annotation_v1,A,q_미용_09,머리 자르는 곳,뷰티·미용 중 '미용'을 판매·제공하는 매장,train,미용,T4 구어·문장,0033e403-2853-4086-a2b3-2ee73a5ac7d4,변필주미용실,서비스(미용실),양동역별빛시장(양동쌍학시장),전통시장,경기도,,,
9905a5c88460dfdad173,full_annotation_v1,A,q_미용_09,머리 자르는 곳,뷰티·미용 중 '미용'을 판매·제공하는 매장,train,미용,T4 구어·문장,c7c0cd31-ba49-42f5-b408-2e284f2410d7,우성수산,횟집,사강시장,전통시장,경기도,,,
541585174e281f0c8af8,full_annotation_v1,A,q_미용_09,머리 자르는 곳,뷰티·미용 중 '미용'을 판매·제공하는 매장,train,미용,T4 구어·문장,00593d82-d6a7-4e33-8e50-1b8ea23e947f,뮤헤어,두발미용업,병점중심상가,자율상권구역,경기도,,,
824b79b19ef3e5cbb945,full_annotation_v1,A,q_미용_09,머리 자르는 곳,뷰티·미용 중 '미용'을 판매·제공하는 매장,train,미용,T4 구어·문장,00ece52b-629f-4e52-abd8-754dd96759c2,슈퍼스타헤어,두발미용,월곡달빛오거리골목형상점가,골목형상점가,서울특별시,,,
c136d7c5987c047a5fa4,full_annotation_v1,A,q_미용_09,머리 자르는 곳,뷰티·미용 중 '미용'을 판매·제공하는 매장,train,미용,T4 구어·문장,c36649a8-d9bc-4ce9-a9e5-2f9fefdf07bf,오브제,,승달 골목형상점가,골목형상점가,,,,
4014e6bbf9a27a1cc798,full_annotation_v1,A,q_미용_09,머리 자르는 곳,뷰티·미용 중 '미용'을 판매·제공하는 매장,train,미용,T4 구어·문장,3417ad49-dfd9-44da-b76c-09023311ae21,더미인나라,스킨케어두피케어 제품,호남동 골목형상점가,골목형상점가,광주광역시,,,
c1979dfce80f1ea3fd4c,full_annotation_v1,A,q_미용_09,머리 자르는 곳,뷰티·미용 중 '미용'을 판매·제공하는 매장,train,미용,T4 구어·문장,02d44cdc-b600-43fd-880d-cff5e9214c6b,서암이뱔관,이발소,통진시장,전통시장,경기도,,,
6475bb1fd854b490cd7e,full_annotation_v1,A,q_미용_09,머리 자르는 곳,뷰티·미용 중 '미용'을 판매·제공하는 매장,train,미용,T4 구어·문장,064162f2-e3e2-48f7-9ba7-38cefb3c735b,스텔라 가발전문점,,부천역 지하도로 상가,일반지하상점가,경기도,,,
020e2e7d85c3b6b2480c,full_annotation_v1,A,q_미용_09,머리 자르는 곳,뷰티·미용 중 '미용'을 판매·제공하는 매장,train,미용,T4 구어·문장,4e1a25ca-7b41-47ed-99e8-2bfc6ba54521,바노두피,두피케어,새롬동 골목형상점가,골목형상점가,세종특별자치시,,,
20097336daa62f0caee3,full_annotation_v1,A,q_미용_09,머리 자르는 곳,뷰티·미용 중 '미용'을 판매·제공하는 매장,train,미용,T4 구어·문장,0cb7899c-8082-48a4-a3b8-79e3c35ef3d9,머리해연,,포천솔리단길 골목형상점가,골목형상점가,경기도,,,
61feb395e057a7f03759,full_annotation_v1,A,q_미용_10,머리할 데,뷰티·미용 중 '미용'을 판매·제공하는 매장,train,미용,T4 구어·문장,279469bd-84b6-410c-bd0e-10a5e6f2bf12,머리하다,미용업,송천중앙로 골목형상점가,골목형상점가,전북특별자치도,,,
3e2e3efe3e4d3ec650a7,full_annotation_v1,A,q_미용_10,머리할 데,뷰티·미용 중 '미용'을 판매·제공하는 매장,train,미용,T4 구어·문장,1c224cf3-8949-420c-908c-c8ecab19cd04,한우마루,축산물,마장축산물시장,전통시장,서울특별시,,,
63991a714cf56c878b4c,full_annotation_v1,A,q_미용_10,머리할 데,뷰티·미용 중 '미용'을 판매·제공하는 매장,train,미용,T4 구어·문장,038d83ed-3c85-404b-8aa9-222a893da5b3,고기왕김태백고기국물고기반찬,"식육, 가공양념육외 소머리.돼지머리.부산물등",후평일단지시장,전통시장,강원특별자치도,,,
f86abf330df71938dba4,full_annotation_v1,A,q_미용_10,머리할 데,뷰티·미용 중 '미용'을 판매·제공하는 매장,train,미용,T4 구어·문장,ab834790-3ec3-4c4a-b079-4c8e3d95efb6,머리방,미용실,의성중앙상점가(의성읍중앙길상가거리),자율상권구역,경상북도,,,
97bc42000cc15c70d670,full_annotation_v1,A,q_미용_10,머리할 데,뷰티·미용 중 '미용'을 판매·제공하는 매장,train,미용,T4 구어·문장,eb206411-6c76-487b-9300-692f949863a1,머리마리미용실,미용업,사직시장,전통시장,부산광역시,,,
0bdfeae028e2948aaae0,full_annotation_v1,A,q_미용_10,머리할 데,뷰티·미용 중 '미용'을 판매·제공하는 매장,train,미용,T4 구어·문장,1934ca93-c38b-44af-9f91-5ea8ae0972a2,광장이발소,이발소,춘천지하상가,일반지하상점가,강원특별자치도,,,
cf050cea6a3858d12414,full_annotation_v1,A,q_미용_10,머리할 데,뷰티·미용 중 '미용'을 판매·제공하는 매장,train,미용,T4 구어·문장,97abb828-d25d-4f36-bc22-de2bb95f156c,빨강 머리 앤,미용,신창 골목형상점가,골목형상점가,광주광역시,,,
d9cc33adbca311976b52,full_annotation_v1,A,q_미용_10,머리할 데,뷰티·미용 중 '미용'을 판매·제공하는 매장,train,미용,T4 구어·문장,0157acd5-d1fd-46d1-afff-002eb6ffb986,나무헤어살롱,두발미용,죽전로데오상점가,전통시장,경기도,,,
939338c1ec76b969de9c,full_annotation_v1,A,q_미용_10,머리할 데,뷰티·미용 중 '미용'을 판매·제공하는 매장,train,미용,T4 구어·문장,b1f9d516-9d66-4984-bb28-732d660e0835,머리꾼,미용실,버들마을상인회 골목형상점가,골목형상점가,광주광역시,,,
f33db97f63efdc7c1838,full_annotation_v1,A,q_미용_10,머리할 데,뷰티·미용 중 '미용'을 판매·제공하는 매장,train,미용,T4 구어·문장,442cf767-a47e-4b4b-a06c-9a55c97641c0,드부아네일,"네일아트, 케어",동송전통시장,전통시장,강원특별자치도,,,
ffcf33dd62800dee4a80,full_annotation_v1,A,q_미용_10,머리할 데,뷰티·미용 중 '미용'을 판매·제공하는 매장,train,미용,T4 구어·문장,b62872d8-28a5-42e3-90a7-43a1986d6d7a,이은숙헤어샵,머리,공주산성 활성화구역,전통시장,충청남도,,,
153fb39f36df13c9e69e,full_annotation_v1,A,q_미용_10,머리할 데,뷰티·미용 중 '미용'을 판매·제공하는 매장,train,미용,T4 구어·문장,0033e403-2853-4086-a2b3-2ee73a5ac7d4,변필주미용실,서비스(미용실),양동역별빛시장(양동쌍학시장),전통시장,경기도,,,
544f81a144c10abdd8f2,full_annotation_v1,A,q_미용_10,머리할 데,뷰티·미용 중 '미용'을 판매·제공하는 매장,train,미용,T4 구어·문장,2fd4b340-469d-4801-a808-a3b06827af15,박한숙 머리한올,,둔전골목형상점가,골목형상점가,경기도,,,
18cd211a442997e51a1c,full_annotation_v1,A,q_미용_10,머리할 데,뷰티·미용 중 '미용'을 판매·제공하는 매장,train,미용,T4 구어·문장,be064c28-00ae-4ba0-9307-4691ad833d22,머리박사미용실2호점,미용,설악로데오거리상점가,자율상권구역,강원특별자치도,,,
81728dec468f8b42af61,full_annotation_v1,A,q_미용_10,머리할 데,뷰티·미용 중 '미용'을 판매·제공하는 매장,train,미용,T4 구어·문장,6667e3e5-6f21-4695-a696-6e98fc4a2456,머리자랑,미용실,화정동 서부시장,전통시장,광주광역시,,,
a9db3aa602a43f70c956,full_annotation_v1,A,q_미용_10,머리할 데,뷰티·미용 중 '미용'을 판매·제공하는 매장,train,미용,T4 구어·문장,b9427257-7c00-4bbd-ad08-25beaac6be7e,머리풍경,미용,하동공설시장,전통시장,경상남도,,,
73e75bf39ae6e963b66c,full_annotation_v1,A,q_미용_10,머리할 데,뷰티·미용 중 '미용'을 판매·제공하는 매장,train,미용,T4 구어·문장,039ab44d-ff38-41e4-8b48-22a1a8576261,헤어초이스앤두피케어,,도마달 골목형상점가,골목형상점가,대전광역시,,,
441c7819eb2e68bc767e,full_annotation_v1,A,q_미용_10,머리할 데,뷰티·미용 중 '미용'을 판매·제공하는 매장,train,미용,T4 구어·문장,ada9c640-1d86-4ba9-a5d9-a4304cbdf6b3,머리가좋아지는데,미용실,강진 서성도담길,골목형상점가,전라남도,,,
6f8e3bb35221b89feb57,full_annotation_v1,A,q_미용_10,머리할 데,뷰티·미용 중 '미용'을 판매·제공하는 매장,train,미용,T4 구어·문장,37f4da31-01d0-4a5e-beb6-00bbe79abc0d,히데,의류,춘천지하상가,일반지하상점가,강원특별자치도,,,
31489a6268af2dbe300f,full_annotation_v1,A,q_미용_10,머리할 데,뷰티·미용 중 '미용'을 판매·제공하는 매장,train,미용,T4 구어·문장,0e8dc98d-134f-494e-a05d-9f92457f8b5b,머리가예쁜나라,미용,주문진종합시장,전통시장,강원특별자치도,,,
1546567b0dd6db4dbc03,full_annotation_v1,A,q_미용_10,머리할 데,뷰티·미용 중 '미용'을 판매·제공하는 매장,train,미용,T4 구어·문장,9bb2b4f7-bc8e-4d79-ac2c-99a5cc08789f,진선우 유한책임회사,농산물,숭인시장,전통시장,서울특별시,,,
0728dface21d4ebfbbc6,full_annotation_v1,A,q_미용_10,머리할 데,뷰티·미용 중 '미용'을 판매·제공하는 매장,train,미용,T4 구어·문장,1f4809af-becb-4717-a6e7-0db46118543d,머리모양새,샴푸,노형1 골목형상점가,골목형상점가,제주특별자치도,,,
1b3735758eb6363b2b74,full_annotation_v1,A,q_미용_10,머리할 데,뷰티·미용 중 '미용'을 판매·제공하는 매장,train,미용,T4 구어·문장,385615ff-0d05-472e-a3e8-a13b25a54ac1,머리마을,미용실,전곡중앙상가 골목형상점가,골목형상점가,경기도,,,
7678e25b783f66fefbf4,full_annotation_v1,A,q_미용_10,머리할 데,뷰티·미용 중 '미용'을 판매·제공하는 매장,train,미용,T4 구어·문장,041af343-9a15-41ec-b89d-df94bc14f381,유종숙머리방,,춘천중앙시장,전통시장,강원특별자치도,,,
548b7d94321aa7fff84f,full_annotation_v1,A,q_미용_10,머리할 데,뷰티·미용 중 '미용'을 판매·제공하는 매장,train,미용,T4 구어·문장,027b7332-611e-498a-9ef6-1e9e536dbf4a,모모샵,두발 시술,온누리상인회 골목형상점가,골목형상점가,광주광역시,,,
6a674ce57e4d7abc6190,full_annotation_v1,A,q_미용_10,머리할 데,뷰티·미용 중 '미용'을 판매·제공하는 매장,train,미용,T4 구어·문장,111d2176-af6d-4214-844a-51453de36f46,주연가발,가발,고투몰(강남터미널지하도상점가),일반지하상점가,서울특별시,,,
60cfba83c73f43c5f3a5,full_annotation_v1,A,q_미용_10,머리할 데,뷰티·미용 중 '미용'을 판매·제공하는 매장,train,미용,T4 구어·문장,75641842-ea32-434f-acdf-3fcaa3e72c4e,효주네 김밥,김밥,서귀포중심상가번영회,자율상권구역,제주특별자치도,,,
deeeb8cf7efd8df4eb7e,full_annotation_v1,A,q_미용_10,머리할 데,뷰티·미용 중 '미용'을 판매·제공하는 매장,train,미용,T4 구어·문장,d002000d-cca5-4a9c-9a10-143bb2994db9,미라클의원,의료서비스,상무평화상인회 골목형상점가,골목형상점가,광주광역시,,,
ca8622ce7af342ffd6b3,full_annotation_v1,A,q_미용_10,머리할 데,뷰티·미용 중 '미용'을 판매·제공하는 매장,train,미용,T4 구어·문장,62f8146c-aa85-4d94-9947-0f19fd052da5,데즐링,,쌍촌명지상인회 골목형상점가,골목형상점가,,,,
cdb6aac0a9b81066307d,full_annotation_v1,A,q_미용_10,머리할 데,뷰티·미용 중 '미용'을 판매·제공하는 매장,train,미용,T4 구어·문장,00138176-f25b-4a96-9761-dd00f1a4dd28,보아스헤어아트,미용,봉제산길골목형상점가,골목형상점가,서울특별시,,,
a53c48dcd4f4c0b30340,full_annotation_v1,A,q_미용_10,머리할 데,뷰티·미용 중 '미용'을 판매·제공하는 매장,train,미용,T4 구어·문장,01830c3a-5f7e-4396-9772-38b51bd90dc0,새로나국밥,국밥 족발 머리고기,무등시장,전통시장,광주광역시,,,
399d26716419af208df4,full_annotation_v1,A,q_미용_10,머리할 데,뷰티·미용 중 '미용'을 판매·제공하는 매장,train,미용,T4 구어·문장,428acc1a-3f2c-4629-9259-2aaa9ec05eb5,태화상회,생강,칠성시장,전통시장,대구광역시,,,
2305719d957c2b9d9224,full_annotation_v1,A,q_미용_10,머리할 데,뷰티·미용 중 '미용'을 판매·제공하는 매장,train,미용,T4 구어·문장,c5bd5ebf-03d9-4ab5-866b-38be667d32cd,머리하는손,미용,상록벚꽃상인회 골목형상점가,골목형상점가,광주광역시,,,
9bdb5c92d475be09cd53,full_annotation_v1,A,q_미용_10,머리할 데,뷰티·미용 중 '미용'을 판매·제공하는 매장,train,미용,T4 구어·문장,66575f57-681b-45a7-8e7f-3ce52f1ffb8a,머리헤어,미용,신월3동시장골목형상점가,골목형상점가,서울특별시,,,
105611dc62f7c385d63d,full_annotation_v1,A,q_미용_10,머리할 데,뷰티·미용 중 '미용'을 판매·제공하는 매장,train,미용,T4 구어·문장,a8801936-01c6-4104-b997-bdc54350444a,머리꾼,미용업,오룡행복 골목형상점가,골목형상점가,전라남도,,,
85e508b628e40b8e793f,full_annotation_v1,A,q_미용_10,머리할 데,뷰티·미용 중 '미용'을 판매·제공하는 매장,train,미용,T4 구어·문장,000d8836-38bd-43a9-92f2-698d67d5926b,라미헤어스튜디오,미용실,포항중앙상가,전통시장,경상북도,,,
1000b57b8e3a11be77ac,full_annotation_v1,A,q_미용_10,머리할 데,뷰티·미용 중 '미용'을 판매·제공하는 매장,train,미용,T4 구어·문장,6f0938a7-77de-4496-a357-ea63d67a7aaf,머리못하는집,두발,신봉하나로 골목형상점가,골목형상점가,경기도,,,
90780c4d6ab5f6046c83,full_annotation_v1,A,q_미용_10,머리할 데,뷰티·미용 중 '미용'을 판매·제공하는 매장,train,미용,T4 구어·문장,c9e5208c-c135-4225-8f5d-e02e68d3a600,비사채헤어,머리,풍영철길로 골목형상점가,골목형상점가,광주광역시,,,
ea4e7d2355389eb3be66,full_annotation_v1,A,q_미용_10,머리할 데,뷰티·미용 중 '미용'을 판매·제공하는 매장,train,미용,T4 구어·문장,0bf0f3f3-940c-43c3-8fdb-cc7fa8b52524,고운머리,"소매(가발,액세서리,자수용품)",미금현대벤처빌시장,전통시장,경기도,,,
e11efc1944d27f6b8921,full_annotation_v1,A,q_미용_10,머리할 데,뷰티·미용 중 '미용'을 판매·제공하는 매장,train,미용,T4 구어·문장,7a382707-d75e-4f83-9ace-6f0c303ae305,남도계절포차,한식,운리공원상인회 골목형상점가,골목형상점가,광주광역시,,,
6f45fe78643730207bae,full_annotation_v1,A,q_미용_10,머리할 데,뷰티·미용 중 '미용'을 판매·제공하는 매장,train,미용,T4 구어·문장,815247b9-eb8f-4a80-925b-de7d85c40303,머리가예쁘다,미용,그린종합시장,전통시장,경상북도,,,
b8e941b15824b24795f5,full_annotation_v1,A,q_미용_10,머리할 데,뷰티·미용 중 '미용'을 판매·제공하는 매장,train,미용,T4 구어·문장,8e8df10e-0a61-4a39-a1bc-8c89ebf8b073,그랜마당,커피,하당꽃길1가 골목형상점가,골목형상점가,전라남도,,,
1674edd9094c44f94e94,full_annotation_v1,A,q_미용_10,머리할 데,뷰티·미용 중 '미용'을 판매·제공하는 매장,train,미용,T4 구어·문장,60352ca5-d22b-456a-a8ab-b7e31e4bedf2,머리 고기 전문점,머리고기,경열로상인회 골목형상점가,골목형상점가,광주광역시,,,
4cc84e789828464cb9ba,full_annotation_v1,A,q_미용_10,머리할 데,뷰티·미용 중 '미용'을 판매·제공하는 매장,train,미용,T4 구어·문장,d6ec976b-5c79-4008-8d04-97555ffc742a,행복한속옷,속옷,신정상가시장,전통시장,울산광역시,,,
132312513684f120f17a,full_annotation_v1,A,q_미용_10,머리할 데,뷰티·미용 중 '미용'을 판매·제공하는 매장,train,미용,T4 구어·문장,5cdbbdb3-3c8f-4041-915f-4afa55075ab2,머리가,미용실,고성동벚꽃 골목형상점가,골목형상점가,대구광역시,,,
4008de7b06e128ea59ca,full_annotation_v1,A,q_미용_10,머리할 데,뷰티·미용 중 '미용'을 판매·제공하는 매장,train,미용,T4 구어·문장,10438442-a66e-4675-9cfa-fdb04e6d8020,스코빌바버샵,이발,전남대후문골목형상점가,골목형상점가,광주광역시,,,
852ba27d23f047459b04,full_annotation_v1,A,q_미용_10,머리할 데,뷰티·미용 중 '미용'을 판매·제공하는 매장,train,미용,T4 구어·문장,074ad32b-e2ea-4972-93e1-ea399e745a39,"한돈명가,곤지암할매 소머리국밥 혁신점",,나주혁신도시 골목형상점가,골목형상점가,,,,
61b831ee351b6a013faa,full_annotation_v1,A,q_미용_10,머리할 데,뷰티·미용 중 '미용'을 판매·제공하는 매장,train,미용,T4 구어·문장,72fc3abc-732b-41ef-9109-ab0caea9a8ad,머리마을미용실,미용실,관고전통시장,전통시장,경기도,,,
569a21168ce1fcb69107,full_annotation_v1,A,q_미용_10,머리할 데,뷰티·미용 중 '미용'을 판매·제공하는 매장,train,미용,T4 구어·문장,038c2ca6-a29e-4fb1-91d4-52b8a417f0e2,예쁜머리만들기,,뚝섬로윗길 골목형상점가,골목형상점가,서울특별시,,,
39c00c7f8fc5fcd5e4ab,full_annotation_v1,A,q_미용_10,머리할 데,뷰티·미용 중 '미용'을 판매·제공하는 매장,train,미용,T4 구어·문장,667a4502-d218-4126-9d03-6a16cec711db,머리못하는집,미용실,남성역 골목시장,전통시장,서울특별시,,,
aee5a1508b4686477ec2,full_annotation_v1,A,q_미용_10,머리할 데,뷰티·미용 중 '미용'을 판매·제공하는 매장,train,미용,T4 구어·문장,a72c4896-7140-49f1-8cc1-15e98c6cfe98,깐느헤어,머리,자양15번가골목형상점가,골목형상점가,서울특별시,,,
143938ed050ba28339d7,full_annotation_v1,A,q_미용_10,머리할 데,뷰티·미용 중 '미용'을 판매·제공하는 매장,train,미용,T4 구어·문장,9cc2c09d-b7a3-43af-ad84-5873c79d82ea,오아시스조개 광주용봉점,조개,용봉지구 골목형상점가,골목형상점가,광주광역시,,,
8f848c04b054730c7f3f,full_annotation_v1,A,q_미용_10,머리할 데,뷰티·미용 중 '미용'을 판매·제공하는 매장,train,미용,T4 구어·문장,22afdf71-1217-4bb8-838e-23a6534d5d55,VOHAB헤어살롱,머리,신가아름마을,골목형상점가,광주광역시,,,
9381c632f7375ad412fb,full_annotation_v1,A,q_미용_10,머리할 데,뷰티·미용 중 '미용'을 판매·제공하는 매장,train,미용,T4 구어·문장,aba76fc2-984e-4030-ba01-e2e7d78264c7,데 아로즈 대전둔산본점,,갈리단길 골목형상점가,골목형상점가,대전광역시,,,
bde3cb7b447353547d16,full_annotation_v1,A,q_미용_10,머리할 데,뷰티·미용 중 '미용'을 판매·제공하는 매장,train,미용,T4 구어·문장,c597521d-1273-43c9-b412-1c6036be4933,머리 담다,헤어,매탄중심상가 골목형상점가,골목형상점가,경기도,,,
428ddb8d248c2c2448ee,full_annotation_v1,A,q_미용_10,머리할 데,뷰티·미용 중 '미용'을 판매·제공하는 매장,train,미용,T4 구어·문장,00ece52b-629f-4e52-abd8-754dd96759c2,슈퍼스타헤어,두발미용,월곡달빛오거리골목형상점가,골목형상점가,서울특별시,,,
07fe3d9175d48abf3e3f,full_annotation_v1,A,q_미용_10,머리할 데,뷰티·미용 중 '미용'을 판매·제공하는 매장,train,미용,T4 구어·문장,03321569-a189-4dea-8592-49bb6f114163,김송정머리터용인점 봄날애 헤어,헤어,동백역 골목형상점가,골목형상점가,경기도,,,
a100861dd84c80654224,full_annotation_v1,A,q_미용_10,머리할 데,뷰티·미용 중 '미용'을 판매·제공하는 매장,train,미용,T4 구어·문장,008c73ed-3ece-452b-aa49-b96b73ff1ba1,온결 스킨앤바디,화장품,가재마을 골목형상점가,골목형상점가,세종특별자치시,,,
46bc81bcc19d0a13f0a4,full_annotation_v1,A,q_미용_10,머리할 데,뷰티·미용 중 '미용'을 판매·제공하는 매장,train,미용,T4 구어·문장,64816a5b-87e2-489b-8242-38675afdad14,신포우리만두,만두,하당꽃길1가 골목형상점가,골목형상점가,전라남도,,,
f9ad678ca1a6a009ac9a,full_annotation_v1,A,q_미용_10,머리할 데,뷰티·미용 중 '미용'을 판매·제공하는 매장,train,미용,T4 구어·문장,7e52d997-13aa-45a3-a50b-c0a00d8bb076,아소한의원,의료,수정로 상권활성화구역,상권활성화구역,경기도,,,
4e089b0126f117d9d071,full_annotation_v1,A,q_미용_10,머리할 데,뷰티·미용 중 '미용'을 판매·제공하는 매장,train,미용,T4 구어·문장,716fb80c-c7bb-45e6-a450-68c974c5a0d1,머리가,미용,당진원시가지상가,자율상권구역,충청남도,,,
1dc60ca5de0447dce961,full_annotation_v1,A,q_미용_10,머리할 데,뷰티·미용 중 '미용'을 판매·제공하는 매장,train,미용,T4 구어·문장,d9615207-97f5-405f-9c0b-b9557069f1e6,머리잡기,헤어미용,대방 LH상가 골목형상점가,골목형상점가,전라남도,,,
4f95ce060899342725ac,full_annotation_v1,A,q_미용_10,머리할 데,뷰티·미용 중 '미용'을 판매·제공하는 매장,train,미용,T4 구어·문장,6a058429-7fbe-42b6-b717-f4e9c7f9609f,석미용실 청운점,파마 커트,대봉동웨딩거리상점가,자율상권구역,대구광역시,,,
facb8e9ba3332067f2dd,full_annotation_v1,A,q_미용_10,머리할 데,뷰티·미용 중 '미용'을 판매·제공하는 매장,train,미용,T4 구어·문장,00593d82-d6a7-4e33-8e50-1b8ea23e947f,뮤헤어,두발미용업,병점중심상가,자율상권구역,경기도,,,
cdc873388b6c9f41aaab,full_annotation_v1,A,q_미용_10,머리할 데,뷰티·미용 중 '미용'을 판매·제공하는 매장,train,미용,T4 구어·문장,000407f6-6813-4322-a44c-ed6c1a90dafc,하루,두발,첨단동행 골목형상점가,골목형상점가,광주광역시,,,
da5792d34bef0403385c,full_annotation_v1,A,q_미용_10,머리할 데,뷰티·미용 중 '미용'을 판매·제공하는 매장,train,미용,T4 구어·문장,064162f2-e3e2-48f7-9ba7-38cefb3c735b,스텔라 가발전문점,,부천역 지하도로 상가,일반지하상점가,경기도,,,
c315f9ee52084bf5efbd,full_annotation_v1,A,q_미용_10,머리할 데,뷰티·미용 중 '미용'을 판매·제공하는 매장,train,미용,T4 구어·문장,1f361493-5bbe-48b1-9639-f750d050cf93,노암이용원,이발,노암길골목형상점가,골목형상점가,강원특별자치도,,,
92c0fd11c9e2a58e988e,full_annotation_v1,A,q_미용_10,머리할 데,뷰티·미용 중 '미용'을 판매·제공하는 매장,train,미용,T4 구어·문장,73777934-029d-4380-a099-e948644462b2,일루아헤어스튜디오운암점,머리,운암북문대로 골목형상점가,골목형상점가,광주광역시,,,
0fdba76ce62650d0656a,full_annotation_v1,A,q_미용_10,머리할 데,뷰티·미용 중 '미용'을 판매·제공하는 매장,train,미용,T4 구어·문장,18d6ce9d-9727-4fd3-93ea-0d5b7d88ebef,마블스퀘어,"생식빵, 빵, 커피, 음료",전남대후문골목형상점가,골목형상점가,광주광역시,,,
9abe11888fb76d500c2b,full_annotation_v1,A,q_미용_10,머리할 데,뷰티·미용 중 '미용'을 판매·제공하는 매장,train,미용,T4 구어·문장,1158398c-1d39-40e8-8785-f6edad4efd75,e쁘네미용실,"커트, 파마, 염색, 가발",월빛 골목형상점가,골목형상점가,광주광역시,,,
bc440ad92d5c16b6df56,full_annotation_v1,A,q_미용_10,머리할 데,뷰티·미용 중 '미용'을 판매·제공하는 매장,train,미용,T4 구어·문장,ef0ee4e9-afdf-42dd-a315-936d62e577a2,민 머리방,미용실,장성읍 골목형상점가,골목형상점가,전라남도,,,
c6b1ea899942ef7318e4,full_annotation_v1,A,q_미용_10,머리할 데,뷰티·미용 중 '미용'을 판매·제공하는 매장,train,미용,T4 구어·문장,02484083-ef42-44cf-903b-18a6f84601de,더휴헤어,"미용, 헤어",창원 덕산1차상가,전통시장,경상남도,,,
480694fe48f2b541fc1f,full_annotation_v1,A,q_미용_10,머리할 데,뷰티·미용 중 '미용'을 판매·제공하는 매장,train,미용,T4 구어·문장,ee6c2ba1-cadf-4780-a695-07ef1a82287c,머리잘헤어,미용,남양주장현전통시장,전통시장,경기도,,,
d9d46531bf5db1f94bbb,full_annotation_v1,A,q_미용_10,머리할 데,뷰티·미용 중 '미용'을 판매·제공하는 매장,train,미용,T4 구어·문장,f14df4d3-9858-4a8b-8597-20fd477d8e32,갤러리 데 루치아,가구,용인어정가구단지상점가,자율상권구역,경기도,,,
e200b3428e403cacf060,full_annotation_v1,A,q_미용_10,머리할 데,뷰티·미용 중 '미용'을 판매·제공하는 매장,train,미용,T4 구어·문장,4e1a25ca-7b41-47ed-99e8-2bfc6ba54521,바노두피,두피케어,새롬동 골목형상점가,골목형상점가,세종특별자치시,,,
75a5e0bbdf59cbbf15e7,full_annotation_v1,A,q_미용_10,머리할 데,뷰티·미용 중 '미용'을 판매·제공하는 매장,train,미용,T4 구어·문장,0cb7899c-8082-48a4-a3b8-79e3c35ef3d9,머리해연,,포천솔리단길 골목형상점가,골목형상점가,경기도,,,
13817db2e20702392b8c,full_annotation_v1,A,q_미용_10,머리할 데,뷰티·미용 중 '미용'을 판매·제공하는 매장,train,미용,T4 구어·문장,01bbc08f-bb91-4aae-a597-a5e183ea0d11,언니네살롱,헤어,송정 다누리 골목형상점가,골목형상점가,광주광역시,,,
28e36729a9e64d89bed6,full_annotation_v1,A,q_미용_10,머리할 데,뷰티·미용 중 '미용'을 판매·제공하는 매장,train,미용,T4 구어·문장,09cd748e-514c-4403-8078-7c923fc22167,그레이스위그,가발,한듬레포츠,골목형상점가,광주광역시,,,
814f629ecd5008dbae9b,full_annotation_v1,A,q_미용_10,머리할 데,뷰티·미용 중 '미용'을 판매·제공하는 매장,train,미용,T4 구어·문장,282b0e8b-051c-49f9-a707-b982df803589,까라벨라 데 오르,스파게티,동명동 카페거리 골목형상점가,골목형상점가,광주광역시,,,
61a8066358219e58a729,full_annotation_v1,A,q_미용_10,머리할 데,뷰티·미용 중 '미용'을 판매·제공하는 매장,train,미용,T4 구어·문장,003cdc8a-95fe-43ea-8350-f4c63913a6f8,정선화장품,화장품,오천시장,전통시장,경상북도,,,
7426f54556b4ff7c9575,full_annotation_v1,A,q_미용_10,머리할 데,뷰티·미용 중 '미용'을 판매·제공하는 매장,train,미용,T4 구어·문장,0250e284-2897-44e3-b681-da46d2c84cd1,쏘이살롱(SSOISALON)2호점,헤어,빛가람 하나로 골목형상점가,골목형상점가,전라남도,,,
b8de62c52c773983a5cb,full_annotation_v1,A,q_미용_10,머리할 데,뷰티·미용 중 '미용'을 판매·제공하는 매장,train,미용,T4 구어·문장,bc08e97d-37f8-489a-9db0-56ad4749e17b,머리색에물들다,미용,공주산성 활성화구역,전통시장,충청남도,,,
86244ca886b5cd43598c,full_annotation_v1,A,q_미용_10,머리할 데,뷰티·미용 중 '미용'을 판매·제공하는 매장,train,미용,T4 구어·문장,ca0d1627-d510-4a13-9085-c2f7f7aaf7f9,머리까끼,미용실,태백마루 자율상권,,강원특별자치도,,,
2bfb40ad04131e8bc921,full_annotation_v1,A,q_미용_10,머리할 데,뷰티·미용 중 '미용'을 판매·제공하는 매장,train,미용,T4 구어·문장,c4d4dc05-4738-4dd9-8d28-1c8a7de06df5,포트리스쌀국수,베트남음식,병점중심상가,자율상권구역,경기도,,,
748446054e2fdca2bc5d,full_annotation_v1,A,q_미용_10,머리할 데,뷰티·미용 중 '미용'을 판매·제공하는 매장,train,미용,T4 구어·문장,00222f52-5d1f-4fb1-b0a6-7b4864ce177f,아리따움서대문연희점,화장품,연희사러가,전통시장,서울특별시,,,
177328a8e424a8e75100,full_annotation_v1,A,q_미용_10,머리할 데,뷰티·미용 중 '미용'을 판매·제공하는 매장,train,미용,T4 구어·문장,0041672f-0704-459b-a485-1502c7de1bef,지모바버샵,이발,쌍리단길상점가,자율상권구역,서울특별시,,,
f096c031a7fe6e18572c,full_annotation_v1,A,q_미용_10,머리할 데,뷰티·미용 중 '미용'을 판매·제공하는 매장,train,미용,T4 구어·문장,003f331a-de38-4946-a580-57373cb1175d,댕기머리,미용실,주천골목형상점가,골목형상점가,강원특별자치도,,,
c6f17013626f4722ea5f,full_annotation_v1,A,q_미용_10,머리할 데,뷰티·미용 중 '미용'을 판매·제공하는 매장,train,미용,T4 구어·문장,e343cc05-7e3d-4a3a-a6c1-3d20829fa781,머리나헤어,,석교동 돌다리이음 골목형상점가,골목형상점가,대전광역시,,,
4fcf60971d0f2c81c192,full_annotation_v1,A,q_미용_10,머리할 데,뷰티·미용 중 '미용'을 판매·제공하는 매장,train,미용,T4 구어·문장,0001b1fc-5455-433e-8e94-96d051362b17,유난희헤어샵,미용실,창원 대동그린코아상가,전통시장,경상남도,,,
f199fda5a1e0896f33dc,full_annotation_v1,A,q_미용_10,머리할 데,뷰티·미용 중 '미용'을 판매·제공하는 매장,train,미용,T4 구어·문장,d54f323b-ce6c-4f1e-9b28-dcd676cf271f,머리사랑,머리카락컷트,운천상무시장 골목형상점가,골목형상점가,광주광역시,,,
616fb5f539effc534407,full_annotation_v1,A,q_미용_10,머리할 데,뷰티·미용 중 '미용'을 판매·제공하는 매장,train,미용,T4 구어·문장,8f69b854-2bb1-4c60-9270-208d55b08d3f,예쁜데,,골든타임 골목형상점가,골목형상점가,경기도,,,
538d4303a33956072c44,full_annotation_v1,A,q_미용_10,머리할 데,뷰티·미용 중 '미용'을 판매·제공하는 매장,train,미용,T4 구어·문장,0009149f-621a-493e-9fd1-252a8ac6c75b,글로리,미용실,중흥동 큰샘길 골목형상점가,골목형상점가,광주광역시,,,
80c10589d9fb352d3358,full_annotation_v1,A,q_미용_10,머리할 데,뷰티·미용 중 '미용'을 판매·제공하는 매장,train,미용,T4 구어·문장,47ac625a-f2cb-4255-b11c-08b807475529,손현정뷰티&네일,두피케어제품,우산동빛고을 골목형상점가,골목형상점가,광주광역시,,,
27e43f98acce92348ecb,full_annotation_v1,A,q_미용_10,머리할 데,뷰티·미용 중 '미용'을 판매·제공하는 매장,train,미용,T4 구어·문장,469f4dd5-a116-44a4-bbf5-b45d3969b2f0,공단마트,슈퍼마켓,(유)다사소상공인연합,골목형상점가,대구광역시,,,
6e768a3675b2dd6793ec,full_annotation_v1,A,q_미용_10,머리할 데,뷰티·미용 중 '미용'을 판매·제공하는 매장,train,미용,T4 구어·문장,30eab138-0a95-4249-86e5-66aa3299b2a7,솜씨만두,김밥 및 기타 간이 음식점업,가평잣고을시장,전통시장,경기도,,,
e8114ec72e8e427b7622,full_annotation_v1,A,q_미용_10,머리할 데,뷰티·미용 중 '미용'을 판매·제공하는 매장,train,미용,T4 구어·문장,00131122-77cf-4772-b141-202f0f950f5c,라라샵,화장품,유성신나는 골목형상점가,골목형상점가,대전광역시,,,
7844439e611a46565d5a,full_annotation_v1,A,q_미용_10,머리할 데,뷰티·미용 중 '미용'을 판매·제공하는 매장,train,미용,T4 구어·문장,0940dbc1-af36-4f83-8dbb-ad788ff49be6,머리애봄,서비스업,용해동 포미타운 골목형상점가,골목형상점가,전라남도,,,
9c853d725a5f107cb6e3,full_annotation_v1,A,q_미용_10,머리할 데,뷰티·미용 중 '미용'을 판매·제공하는 매장,train,미용,T4 구어·문장,001f80ca-1d03-4781-b117-7eaa52fb24f5,홍미용실,일반미용업,김제중앙시장,전통시장,전북특별자치도,,,
dbab46ba8764150bc53e,full_annotation_v1,A,q_미용_10,머리할 데,뷰티·미용 중 '미용'을 판매·제공하는 매장,train,미용,T4 구어·문장,ee4917da-067a-45ae-b969-0b3a4395a594,머리해봄,미용,이지더원 골목형 상점가,골목형상점가,충청남도,,,
2f21095e71ebecd06645,full_annotation_v1,A,q_미용_10,머리할 데,뷰티·미용 중 '미용'을 판매·제공하는 매장,train,미용,T4 구어·문장,011291c0-305f-48b7-b50a-635b97da79c0,라라헤어,헤어,한들물빛도시 골목형 상점가,골목형상점가,충청남도,,,
8e06958af4eaaa21fa16,full_annotation_v1,A,q_미용_10,머리할 데,뷰티·미용 중 '미용'을 판매·제공하는 매장,train,미용,T4 구어·문장,3417ad49-dfd9-44da-b76c-09023311ae21,더미인나라,스킨케어두피케어 제품,호남동 골목형상점가,골목형상점가,광주광역시,,,
eab78161f7969c97f878,full_annotation_v1,A,q_미용_10,머리할 데,뷰티·미용 중 '미용'을 판매·제공하는 매장,train,미용,T4 구어·문장,0017ec9c-4997-4ef5-a552-7fffc7dd149c,아리따움 진주서부점,화장품,진주 새서부시장,전통시장,경상남도,,,
dfc5c2ca4602fc2fd4e4,full_annotation_v1,A,q_미용_10,머리할 데,뷰티·미용 중 '미용'을 판매·제공하는 매장,train,미용,T4 구어·문장,02d44cdc-b600-43fd-880d-cff5e9214c6b,서암이뱔관,이발소,통진시장,전통시장,경기도,,,
c2912e6fc07d3fa1ce87,full_annotation_v1,A,q_미용_10,머리할 데,뷰티·미용 중 '미용'을 판매·제공하는 매장,train,미용,T4 구어·문장,bb5aecaf-b11d-4993-83e4-884bd00034d2,머리합니다,헤어,둔전골목형상점가,골목형상점가,경기도,,,
abc02badc33af967ab59,full_annotation_v1,A,q_미용_11,머리 파마하는 곳,뷰티·미용 중 '미용'을 판매·제공하는 매장,train,미용,T5 서비스,038c2ca6-a29e-4fb1-91d4-52b8a417f0e2,예쁜머리만들기,,뚝섬로윗길 골목형상점가,골목형상점가,서울특별시,,,
ae482128d745be38e6d1,full_annotation_v1,A,q_미용_11,머리 파마하는 곳,뷰티·미용 중 '미용'을 판매·제공하는 매장,train,미용,T5 서비스,576f3998-9b2f-4be8-8e91-75a400f491d8,까치머리,,매탄이편한세상 골목형상점가,골목형상점가,경기도,,,
88895b4ddb18ccea5e92,full_annotation_v1,A,q_미용_11,머리 파마하는 곳,뷰티·미용 중 '미용'을 판매·제공하는 매장,train,미용,T5 서비스,9e0225ce-2fa4-4786-824f-75a39b249e10,형제도매식육점,식육,성동시장,전통시장,대구광역시,,,
85f001bf083ef90a871c,full_annotation_v1,A,q_미용_11,머리 파마하는 곳,뷰티·미용 중 '미용'을 판매·제공하는 매장,train,미용,T5 서비스,064162f2-e3e2-48f7-9ba7-38cefb3c735b,스텔라 가발전문점,,부천역 지하도로 상가,일반지하상점가,경기도,,,
686143e13c53f3b954fd,full_annotation_v1,A,q_미용_11,머리 파마하는 곳,뷰티·미용 중 '미용'을 판매·제공하는 매장,train,미용,T5 서비스,667a4502-d218-4126-9d03-6a16cec711db,머리못하는집,미용실,남성역 골목시장,전통시장,서울특별시,,,
fb16c762987f4d6a37e5,full_annotation_v1,A,q_미용_11,머리 파마하는 곳,뷰티·미용 중 '미용'을 판매·제공하는 매장,train,미용,T5 서비스,0157acd5-d1fd-46d1-afff-002eb6ffb986,나무헤어살롱,두발미용,죽전로데오상점가,전통시장,경기도,,,
618251b14b04e8265b60,full_annotation_v1,A,q_미용_11,머리 파마하는 곳,뷰티·미용 중 '미용'을 판매·제공하는 매장,train,미용,T5 서비스,38d70303-f616-4b1b-aefc-c4c924e5dfe1,머리하는 날,헤어컷,본촌마을길 골목형상점가,골목형상점가,광주광역시,,,
41d381685658318867ca,full_annotation_v1,A,q_미용_11,머리 파마하는 곳,뷰티·미용 중 '미용'을 판매·제공하는 매장,train,미용,T5 서비스,6df8510b-be67-4c88-9da7-3f1b4f9e8ace,서울노래연습장,노래연습장,포남용마거리골목형상점가,골목형상점가,강원특별자치도,,,
1b973e2243be6600ca4e,full_annotation_v1,A,q_미용_11,머리 파마하는 곳,뷰티·미용 중 '미용'을 판매·제공하는 매장,train,미용,T5 서비스,c0d3dee3-4a28-4631-8da8-79447fbc7671,언양멀티샵,의류,언양알프스시장,전통시장,울산광역시,,,
890cd2bccd32e31c389e,full_annotation_v1,A,q_미용_11,머리 파마하는 곳,뷰티·미용 중 '미용'을 판매·제공하는 매장,train,미용,T5 서비스,0250e284-2897-44e3-b681-da46d2c84cd1,쏘이살롱(SSOISALON)2호점,헤어,빛가람 하나로 골목형상점가,골목형상점가,전라남도,,,
bf27645035f67d18e91f,full_annotation_v1,A,q_미용_11,머리 파마하는 곳,뷰티·미용 중 '미용'을 판매·제공하는 매장,train,미용,T5 서비스,e28a81e2-0258-4dd5-867f-8abbbaed13d0,머리하는곳,미용,동부시장 미드랑길 골목형상점가,골목형상점가,서울특별시,,,
329dd8d8c04d7a81f4f8,full_annotation_v1,A,q_미용_11,머리 파마하는 곳,뷰티·미용 중 '미용'을 판매·제공하는 매장,train,미용,T5 서비스,c9e5208c-c135-4225-8f5d-e02e68d3a600,비사채헤어,머리,풍영철길로 골목형상점가,골목형상점가,광주광역시,,,
612fa53d321f6b261e13,full_annotation_v1,A,q_미용_11,머리 파마하는 곳,뷰티·미용 중 '미용'을 판매·제공하는 매장,train,미용,T5 서비스,ac221082-0150-41de-9a7f-3a049061285e,로빈청과,농산물,비단길현대시장,전통시장,서울특별시,,,
23e9a89a03e6222285b2,full_annotation_v1,A,q_미용_11,머리 파마하는 곳,뷰티·미용 중 '미용'을 판매·제공하는 매장,train,미용,T5 서비스,1f361493-5bbe-48b1-9639-f750d050cf93,노암이용원,이발,노암길골목형상점가,골목형상점가,강원특별자치도,,,
67bc79d3f3995fc523a0,full_annotation_v1,A,q_미용_11,머리 파마하는 곳,뷰티·미용 중 '미용'을 판매·제공하는 매장,train,미용,T5 서비스,af101f14-d1b1-4ef3-9175-9ea203113bb4,충주수산,수산물,속초종합중앙시장,전통시장,강원특별자치도,,,
e321da4f840f04c908c1,full_annotation_v1,A,q_미용_11,머리 파마하는 곳,뷰티·미용 중 '미용'을 판매·제공하는 매장,train,미용,T5 서비스,e2718ad5-e027-4f70-a3d8-0427bf40cfd6,파마머리,미용실,효자시장,전통시장,경상북도,,,
d0071a6cd6d22f3ae20b,full_annotation_v1,A,q_미용_11,머리 파마하는 곳,뷰티·미용 중 '미용'을 판매·제공하는 매장,train,미용,T5 서비스,9156fa46-455a-4879-b5e1-029f0aa30209,동일쌀집,양곡,자인공설시장,전통시장,경상북도,,,
48c7dead54899ae10a21,full_annotation_v1,A,q_미용_11,머리 파마하는 곳,뷰티·미용 중 '미용'을 판매·제공하는 매장,train,미용,T5 서비스,f687dc49-72ed-410c-8ce1-4b4bf13a644a,생선아줌마,생선,구리전통시장,전통시장,경기도,,,
91764cf8e4b5754b92ad,full_annotation_v1,A,q_미용_11,머리 파마하는 곳,뷰티·미용 중 '미용'을 판매·제공하는 매장,train,미용,T5 서비스,02484083-ef42-44cf-903b-18a6f84601de,더휴헤어,"미용, 헤어",창원 덕산1차상가,전통시장,경상남도,,,
81f2a3bf2ff14dfe6024,full_annotation_v1,A,q_미용_11,머리 파마하는 곳,뷰티·미용 중 '미용'을 판매·제공하는 매장,train,미용,T5 서비스,94832cac-a3bd-4689-b9cc-40776a1f8573,머리하는곳,미용,서둔동 골목형상점가,골목형상점가,경기도,,,
009740e786174481f38b,full_annotation_v1,A,q_미용_11,머리 파마하는 곳,뷰티·미용 중 '미용'을 판매·제공하는 매장,train,미용,T5 서비스,ed73e61f-d4aa-4b8e-9e23-d2274a66eee5,머리하는 날,미용,송도용보 골목형상점가,골목형상점가,광주광역시,,,
a31526e96306337d30e9,full_annotation_v1,A,q_미용_11,머리 파마하는 곳,뷰티·미용 중 '미용'을 판매·제공하는 매장,train,미용,T5 서비스,2743811c-5e71-4d2b-aa75-1b0147d44f2d,사우 꽃이 피는 곳,꽃,김포 풍년마을 골목형상점가,골목형상점가,경기도,,,
f3a87f4170fb68705ddc,full_annotation_v1,A,q_미용_11,머리 파마하는 곳,뷰티·미용 중 '미용'을 판매·제공하는 매장,train,미용,T5 서비스,9d688181-36a0-4a08-afbb-308b450c0b02,마트뱅크,식품집화,운암 야구 골목형상점가,골목형상점가,광주광역시,,,
5aac23242bdf5fe23067,full_annotation_v1,A,q_미용_11,머리 파마하는 곳,뷰티·미용 중 '미용'을 판매·제공하는 매장,train,미용,T5 서비스,b62872d8-28a5-42e3-90a7-43a1986d6d7a,이은숙헤어샵,머리,공주산성 활성화구역,전통시장,충청남도,,,
18dd4a65061910314fe5,full_annotation_v1,A,q_미용_11,머리 파마하는 곳,뷰티·미용 중 '미용'을 판매·제공하는 매장,train,미용,T5 서비스,6f0938a7-77de-4496-a357-ea63d67a7aaf,머리못하는집,두발,신봉하나로 골목형상점가,골목형상점가,경기도,,,
b90ec9315c73939ff2fe,full_annotation_v1,A,q_미용_11,머리 파마하는 곳,뷰티·미용 중 '미용'을 판매·제공하는 매장,train,미용,T5 서비스,03321569-a189-4dea-8592-49bb6f114163,김송정머리터용인점 봄날애 헤어,헤어,동백역 골목형상점가,골목형상점가,경기도,,,
3146aee5b4bbb90ced47,full_annotation_v1,A,q_미용_11,머리 파마하는 곳,뷰티·미용 중 '미용'을 판매·제공하는 매장,train,미용,T5 서비스,074ad32b-e2ea-4972-93e1-ea399e745a39,"한돈명가,곤지암할매 소머리국밥 혁신점",,나주혁신도시 골목형상점가,골목형상점가,,,,
68ba99f3dbbec28aa7f7,full_annotation_v1,A,q_미용_11,머리 파마하는 곳,뷰티·미용 중 '미용'을 판매·제공하는 매장,train,미용,T5 서비스,01bbc08f-bb91-4aae-a597-a5e183ea0d11,언니네살롱,헤어,송정 다누리 골목형상점가,골목형상점가,광주광역시,,,
fbaced48afc67d98e3ef,full_annotation_v1,A,q_미용_11,머리 파마하는 곳,뷰티·미용 중 '미용'을 판매·제공하는 매장,train,미용,T5 서비스,c6f41e2b-24cc-4d5c-a689-85651263fcd4,여우머리,,어양부송 골목형상점가,골목형상점가,전북특별자치도,,,
efbf77524085e5f634d1,full_annotation_v1,A,q_미용_11,머리 파마하는 곳,뷰티·미용 중 '미용'을 판매·제공하는 매장,train,미용,T5 서비스,0017ec9c-4997-4ef5-a552-7fffc7dd149c,아리따움 진주서부점,화장품,진주 새서부시장,전통시장,경상남도,,,
a1851428d764eb3c9e97,full_annotation_v1,A,q_미용_11,머리 파마하는 곳,뷰티·미용 중 '미용'을 판매·제공하는 매장,train,미용,T5 서비스,fcf24acc-1075-4dd1-85de-7fa0958dd0eb,메디팜새롬약국,약,염주상인회 골목형상점가,골목형상점가,광주광역시,,,
8f4ba327ec5cd63ac4e4,full_annotation_v1,A,q_미용_11,머리 파마하는 곳,뷰티·미용 중 '미용'을 판매·제공하는 매장,train,미용,T5 서비스,6f3275f6-0429-49f6-8bd9-c7a65b3353ae,인생머리,,평촌역 상점가,자율상권구역,경기도,,,
5e31d65863ce86a48877,full_annotation_v1,A,q_미용_11,머리 파마하는 곳,뷰티·미용 중 '미용'을 판매·제공하는 매장,train,미용,T5 서비스,47ac625a-f2cb-4255-b11c-08b807475529,손현정뷰티&네일,두피케어제품,우산동빛고을 골목형상점가,골목형상점가,광주광역시,,,
7f4b6858d403f6658d2f,full_annotation_v1,A,q_미용_11,머리 파마하는 곳,뷰티·미용 중 '미용'을 판매·제공하는 매장,train,미용,T5 서비스,00138176-f25b-4a96-9761-dd00f1a4dd28,보아스헤어아트,미용,봉제산길골목형상점가,골목형상점가,서울특별시,,,
ae5cff1be6b06b1305c7,full_annotation_v1,A,q_미용_11,머리 파마하는 곳,뷰티·미용 중 '미용'을 판매·제공하는 매장,train,미용,T5 서비스,4e1a25ca-7b41-47ed-99e8-2bfc6ba54521,바노두피,두피케어,새롬동 골목형상점가,골목형상점가,세종특별자치시,,,
c5340058004a56d1a535,full_annotation_v1,A,q_미용_11,머리 파마하는 곳,뷰티·미용 중 '미용'을 판매·제공하는 매장,train,미용,T5 서비스,0cb7899c-8082-48a4-a3b8-79e3c35ef3d9,머리해연,,포천솔리단길 골목형상점가,골목형상점가,경기도,,,
6933d204cf1a26d2e7a3,full_annotation_v1,A,q_미용_11,머리 파마하는 곳,뷰티·미용 중 '미용'을 판매·제공하는 매장,train,미용,T5 서비스,793585e6-0612-4c83-ab81-6cb4436d01a8,파마하는날,헤어미용,중흥중가로 골목형상점가,골목형상점가,광주광역시,,,
d83cdfc90f78ee6573f8,full_annotation_v1,A,q_미용_11,머리 파마하는 곳,뷰티·미용 중 '미용'을 판매·제공하는 매장,train,미용,T5 서비스,60352ca5-d22b-456a-a8ab-b7e31e4bedf2,머리 고기 전문점,머리고기,경열로상인회 골목형상점가,골목형상점가,광주광역시,,,
078992c01e468067d606,full_annotation_v1,A,q_미용_11,머리 파마하는 곳,뷰티·미용 중 '미용'을 판매·제공하는 매장,train,미용,T5 서비스,3417ad49-dfd9-44da-b76c-09023311ae21,더미인나라,스킨케어두피케어 제품,호남동 골목형상점가,골목형상점가,광주광역시,,,
6c88de4f1ec28a068786,full_annotation_v1,A,q_미용_11,머리 파마하는 곳,뷰티·미용 중 '미용'을 판매·제공하는 매장,train,미용,T5 서비스,cd27a3ce-15e4-46c5-bf03-70ffd0e9dfaf,아름다운치과,치과,성대전통시장,전통시장,서울특별시,,,
b687ba539efa22c34593,full_annotation_v1,A,q_미용_11,머리 파마하는 곳,뷰티·미용 중 '미용'을 판매·제공하는 매장,train,미용,T5 서비스,a1145ff5-57d8-4506-b5f3-9cf250b97be9,머리하는날,파마염색,계림동헌책방거리 골목형상점가,골목형상점가,광주광역시,,,
31d7a090d4eaf9f3895b,full_annotation_v1,A,q_미용_11,머리 파마하는 곳,뷰티·미용 중 '미용'을 판매·제공하는 매장,train,미용,T5 서비스,0001b1fc-5455-433e-8e94-96d051362b17,유난희헤어샵,미용실,창원 대동그린코아상가,전통시장,경상남도,,,
8c3e9d8833dd84c161ef,full_annotation_v1,A,q_미용_11,머리 파마하는 곳,뷰티·미용 중 '미용'을 판매·제공하는 매장,train,미용,T5 서비스,008c73ed-3ece-452b-aa49-b96b73ff1ba1,온결 스킨앤바디,화장품,가재마을 골목형상점가,골목형상점가,세종특별자치시,,,
56f76b37583da5fad27d,full_annotation_v1,A,q_미용_11,머리 파마하는 곳,뷰티·미용 중 '미용'을 판매·제공하는 매장,train,미용,T5 서비스,003cdc8a-95fe-43ea-8350-f4c63913a6f8,정선화장품,화장품,오천시장,전통시장,경상북도,,,
5d5628f74fdc021094b9,full_annotation_v1,A,q_미용_11,머리 파마하는 곳,뷰티·미용 중 '미용'을 판매·제공하는 매장,train,미용,T5 서비스,0041672f-0704-459b-a485-1502c7de1bef,지모바버샵,이발,쌍리단길상점가,자율상권구역,서울특별시,,,
89638d31b7bda91a63be,full_annotation_v1,A,q_미용_11,머리 파마하는 곳,뷰티·미용 중 '미용'을 판매·제공하는 매장,train,미용,T5 서비스,01830c3a-5f7e-4396-9772-38b51bd90dc0,새로나국밥,국밥 족발 머리고기,무등시장,전통시장,광주광역시,,,
bdc5532de3129d2de432,full_annotation_v1,A,q_미용_11,머리 파마하는 곳,뷰티·미용 중 '미용'을 판매·제공하는 매장,train,미용,T5 서비스,87dcea56-a04c-43c2-9a78-3ecb4b09ebd0,머리하는 풍경,두발,화정금화로상인회 골목형상점가,골목형상점가,광주광역시,,,
b30c4e7fc4be0685ae17,full_annotation_v1,A,q_미용_11,머리 파마하는 곳,뷰티·미용 중 '미용'을 판매·제공하는 매장,train,미용,T5 서비스,001f80ca-1d03-4781-b117-7eaa52fb24f5,홍미용실,일반미용업,김제중앙시장,전통시장,전북특별자치도,,,
dc3a465708ab7fc598af,full_annotation_v1,A,q_미용_11,머리 파마하는 곳,뷰티·미용 중 '미용'을 판매·제공하는 매장,train,미용,T5 서비스,91aa81d6-e3a3-4a80-8c77-c7c03ea70dbf,군산쉼가맥커피,일반음식점 음료 과자 커피 의류 악세,맛의거리 맛리단길 골목형상점가,골목형상점가,전북특별자치도,,,
2b3c138970c4a02200a9,full_annotation_v1,A,q_미용_11,머리 파마하는 곳,뷰티·미용 중 '미용'을 판매·제공하는 매장,train,미용,T5 서비스,4bb9a707-588e-42b7-9bcc-8aa11b8ab940,망태수퍼,수퍼담배과자음료,운암 야구 골목형상점가,골목형상점가,광주광역시,,,
e611e0ac3e75236dc7cb,full_annotation_v1,A,q_미용_11,머리 파마하는 곳,뷰티·미용 중 '미용'을 판매·제공하는 매장,train,미용,T5 서비스,011291c0-305f-48b7-b50a-635b97da79c0,라라헤어,헤어,한들물빛도시 골목형 상점가,골목형상점가,충청남도,,,
88c855dbad2bda4f51cd,full_annotation_v1,A,q_미용_11,머리 파마하는 곳,뷰티·미용 중 '미용'을 판매·제공하는 매장,train,미용,T5 서비스,c111ac9d-3f3a-405c-a8db-4d127ccda9e2,행복이 있는 곳,잡화,제주로얄쇼핑센터,자율상권구역,제주특별자치도,,,
3eca8f1d1d1b99f0256b,full_annotation_v1,A,q_미용_11,머리 파마하는 곳,뷰티·미용 중 '미용'을 판매·제공하는 매장,train,미용,T5 서비스,ed67383f-e845-4cce-8248-a2023f6acf1c,수원상회,주방용품,함평천지전통시장(함평5일시장),전통시장,전라남도,,,
aeb2c9be6ad392625fe3,full_annotation_v1,A,q_미용_11,머리 파마하는 곳,뷰티·미용 중 '미용'을 판매·제공하는 매장,train,미용,T5 서비스,00593d82-d6a7-4e33-8e50-1b8ea23e947f,뮤헤어,두발미용업,병점중심상가,자율상권구역,경기도,,,
b1af2b3449e671c02434,full_annotation_v1,A,q_미용_11,머리 파마하는 곳,뷰티·미용 중 '미용'을 판매·제공하는 매장,train,미용,T5 서비스,1158398c-1d39-40e8-8785-f6edad4efd75,e쁘네미용실,"커트, 파마, 염색, 가발",월빛 골목형상점가,골목형상점가,광주광역시,,,
d8730415ec4d3fa57427,full_annotation_v1,A,q_미용_11,머리 파마하는 곳,뷰티·미용 중 '미용'을 판매·제공하는 매장,train,미용,T5 서비스,be50a12c-1375-4b9e-8cef-d42871b3536c,고사머리,고사머리,신장전통시장,전통시장,경기도,,,
8f1435a90b8ba0dd706c,full_annotation_v1,A,q_미용_11,머리 파마하는 곳,뷰티·미용 중 '미용'을 판매·제공하는 매장,train,미용,T5 서비스,000407f6-6813-4322-a44c-ed6c1a90dafc,하루,두발,첨단동행 골목형상점가,골목형상점가,광주광역시,,,
2ab67e5b94bda33d5c90,full_annotation_v1,A,q_미용_11,머리 파마하는 곳,뷰티·미용 중 '미용'을 판매·제공하는 매장,train,미용,T5 서비스,ee6c2ba1-cadf-4780-a695-07ef1a82287c,머리잘헤어,미용,남양주장현전통시장,전통시장,경기도,,,
d8c5fdffe376e1380d09,full_annotation_v1,A,q_미용_11,머리 파마하는 곳,뷰티·미용 중 '미용'을 판매·제공하는 매장,train,미용,T5 서비스,66575f57-681b-45a7-8e7f-3ce52f1ffb8a,머리헤어,미용,신월3동시장골목형상점가,골목형상점가,서울특별시,,,
9f7e6e7fa65f8f30b13d,full_annotation_v1,A,q_미용_11,머리 파마하는 곳,뷰티·미용 중 '미용'을 판매·제공하는 매장,train,미용,T5 서비스,22afdf71-1217-4bb8-838e-23a6534d5d55,VOHAB헤어살롱,머리,신가아름마을,골목형상점가,광주광역시,,,
90946bb6aed0415effcf,full_annotation_v1,A,q_미용_11,머리 파마하는 곳,뷰티·미용 중 '미용'을 판매·제공하는 매장,train,미용,T5 서비스,442cf767-a47e-4b4b-a06c-9a55c97641c0,드부아네일,"네일아트, 케어",동송전통시장,전통시장,강원특별자치도,,,
f774e97348dcbf20f076,full_annotation_v1,A,q_미용_11,머리 파마하는 곳,뷰티·미용 중 '미용'을 판매·제공하는 매장,train,미용,T5 서비스,ee4917da-067a-45ae-b969-0b3a4395a594,머리해봄,미용,이지더원 골목형 상점가,골목형상점가,충청남도,,,
3fdf3c97f8067f30b041,full_annotation_v1,A,q_미용_11,머리 파마하는 곳,뷰티·미용 중 '미용'을 판매·제공하는 매장,train,미용,T5 서비스,0bf0f3f3-940c-43c3-8fdb-cc7fa8b52524,고운머리,"소매(가발,액세서리,자수용품)",미금현대벤처빌시장,전통시장,경기도,,,
c37158f47d0a1f4af496,full_annotation_v1,A,q_미용_11,머리 파마하는 곳,뷰티·미용 중 '미용'을 판매·제공하는 매장,train,미용,T5 서비스,02d44cdc-b600-43fd-880d-cff5e9214c6b,서암이뱔관,이발소,통진시장,전통시장,경기도,,,
05a7f425f19bfb57fed7,full_annotation_v1,A,q_미용_11,머리 파마하는 곳,뷰티·미용 중 '미용'을 판매·제공하는 매장,train,미용,T5 서비스,095198ed-5f23-4681-aff5-a1442d9ab321,네일 더 끌림,화장품 네일서비스,보람병원입구 골목형상점가,골목형상점가,울산광역시,,,
8de0b8422d18e82ecddc,full_annotation_v1,A,q_미용_11,머리 파마하는 곳,뷰티·미용 중 '미용'을 판매·제공하는 매장,train,미용,T5 서비스,24456103-f6b8-46af-8655-82e61d7265d8,커피가 머무르는 곳,커피,반드레길골목형상점가,골목형상점가,서울특별시,,,
ce09b4be08342d476f9f,full_annotation_v1,A,q_미용_11,머리 파마하는 곳,뷰티·미용 중 '미용'을 판매·제공하는 매장,train,미용,T5 서비스,00222f52-5d1f-4fb1-b0a6-7b4864ce177f,아리따움서대문연희점,화장품,연희사러가,전통시장,서울특별시,,,
95409ec48deff1dd3ad3,full_annotation_v1,A,q_미용_11,머리 파마하는 곳,뷰티·미용 중 '미용'을 판매·제공하는 매장,train,미용,T5 서비스,1934ca93-c38b-44af-9f91-5ea8ae0972a2,광장이발소,이발소,춘천지하상가,일반지하상점가,강원특별자치도,,,
02ba6306f7518447f3be,full_annotation_v1,A,q_미용_11,머리 파마하는 곳,뷰티·미용 중 '미용'을 판매·제공하는 매장,train,미용,T5 서비스,6bf34547-7852-41e7-8209-ffa42bb49076,티나샵(Tina#),헤어 머리 제품,일곡동(제3지역:자연마을 공방거리),골목형상점가,광주광역시,,,
83c6918e0f68b7de21f0,full_annotation_v1,A,q_미용_11,머리 파마하는 곳,뷰티·미용 중 '미용'을 판매·제공하는 매장,train,미용,T5 서비스,038d83ed-3c85-404b-8aa9-222a893da5b3,고기왕김태백고기국물고기반찬,"식육, 가공양념육외 소머리.돼지머리.부산물등",후평일단지시장,전통시장,강원특별자치도,,,
03d6fdf07564fdf340cf,full_annotation_v1,A,q_미용_11,머리 파마하는 곳,뷰티·미용 중 '미용'을 판매·제공하는 매장,train,미용,T5 서비스,73777934-029d-4380-a099-e948644462b2,일루아헤어스튜디오운암점,머리,운암북문대로 골목형상점가,골목형상점가,광주광역시,,,
522c057e7e628d251a7c,full_annotation_v1,A,q_미용_11,머리 파마하는 곳,뷰티·미용 중 '미용'을 판매·제공하는 매장,train,미용,T5 서비스,00131122-77cf-4772-b141-202f0f950f5c,라라샵,화장품,유성신나는 골목형상점가,골목형상점가,대전광역시,,,
d7d3e19d0da59b89e832,full_annotation_v1,A,q_미용_11,머리 파마하는 곳,뷰티·미용 중 '미용'을 판매·제공하는 매장,train,미용,T5 서비스,49502dea-b5df-4696-9bbd-e9ae01e12272,머리하는 풍경,헤어미용,연제초 앞 골목형상점가,골목형상점가,광주광역시,,,
198763734ad327776581,full_annotation_v1,A,q_미용_11,머리 파마하는 곳,뷰티·미용 중 '미용'을 판매·제공하는 매장,train,미용,T5 서비스,0033e403-2853-4086-a2b3-2ee73a5ac7d4,변필주미용실,서비스(미용실),양동역별빛시장(양동쌍학시장),전통시장,경기도,,,
84c4eeeb0b233db12095,full_annotation_v1,A,q_미용_11,머리 파마하는 곳,뷰티·미용 중 '미용'을 판매·제공하는 매장,train,미용,T5 서비스,c597521d-1273-43c9-b412-1c6036be4933,머리 담다,헤어,매탄중심상가 골목형상점가,골목형상점가,경기도,,,
7bff11a3b60c21c12932,full_annotation_v1,A,q_미용_11,머리 파마하는 곳,뷰티·미용 중 '미용'을 판매·제공하는 매장,train,미용,T5 서비스,a6b801df-72f9-4259-baf0-c5c494007a48,퍼퓸하우스,잡화,동성로상점가,자율상권구역,대구광역시,,,
aa1ae6a22897fa220bc9,full_annotation_v1,A,q_미용_11,머리 파마하는 곳,뷰티·미용 중 '미용'을 판매·제공하는 매장,train,미용,T5 서비스,a72c4896-7140-49f1-8cc1-15e98c6cfe98,깐느헤어,머리,자양15번가골목형상점가,골목형상점가,서울특별시,,,
de68a44448f629dec4b7,full_annotation_v1,A,q_미용_11,머리 파마하는 곳,뷰티·미용 중 '미용'을 판매·제공하는 매장,train,미용,T5 서비스,b1f9d516-9d66-4984-bb28-732d660e0835,머리꾼,미용실,버들마을상인회 골목형상점가,골목형상점가,광주광역시,,,
32e1f6a0c4516c389d71,full_annotation_v1,A,q_미용_11,머리 파마하는 곳,뷰티·미용 중 '미용'을 판매·제공하는 매장,train,미용,T5 서비스,b179ce3c-1885-4d2c-a596-e3590dd2e7e2,밥상머리,,당정동한세로 골목형상점가,골목형상점가,경기도,,,
f0a5f5cd1d4342922add,full_annotation_v1,A,q_미용_11,머리 파마하는 곳,뷰티·미용 중 '미용'을 판매·제공하는 매장,train,미용,T5 서비스,00ece52b-629f-4e52-abd8-754dd96759c2,슈퍼스타헤어,두발미용,월곡달빛오거리골목형상점가,골목형상점가,서울특별시,,,
cdb4a6edb44900a40c4c,full_annotation_v1,A,q_미용_11,머리 파마하는 곳,뷰티·미용 중 '미용'을 판매·제공하는 매장,train,미용,T5 서비스,0009149f-621a-493e-9fd1-252a8ac6c75b,글로리,미용실,중흥동 큰샘길 골목형상점가,골목형상점가,광주광역시,,,
56759b544c6969467610,full_annotation_v1,A,q_미용_11,머리 파마하는 곳,뷰티·미용 중 '미용'을 판매·제공하는 매장,train,미용,T5 서비스,b331f480-c615-4a55-8f15-e91760fefc87,양지상회,"농산물, 곡물",중앙신시장,전통시장,경상북도,,,
f42c5c2496bffcbe7ce6,full_annotation_v1,A,q_미용_11,머리 파마하는 곳,뷰티·미용 중 '미용'을 판매·제공하는 매장,train,미용,T5 서비스,039ab44d-ff38-41e4-8b48-22a1a8576261,헤어초이스앤두피케어,,도마달 골목형상점가,골목형상점가,대전광역시,,,
6d87f50371cb5af9725c,full_annotation_v1,A,q_미용_11,머리 파마하는 곳,뷰티·미용 중 '미용'을 판매·제공하는 매장,train,미용,T5 서비스,10438442-a66e-4675-9cfa-fdb04e6d8020,스코빌바버샵,이발,전남대후문골목형상점가,골목형상점가,광주광역시,,,
7bfc84f9b4ee3844d507,full_annotation_v1,A,q_미용_11,머리 파마하는 곳,뷰티·미용 중 '미용'을 판매·제공하는 매장,train,미용,T5 서비스,027b7332-611e-498a-9ef6-1e9e536dbf4a,모모샵,두발 시술,온누리상인회 골목형상점가,골목형상점가,광주광역시,,,
a12c334ed94b4a2d6174,full_annotation_v1,A,q_미용_11,머리 파마하는 곳,뷰티·미용 중 '미용'을 판매·제공하는 매장,train,미용,T5 서비스,299c9760-8f48-4794-b559-27e974ec75ff,머리예술,컷트 파마 염색,산곡1번가 골목형상점가,골목형상점가,인천광역시,,,
11aea604a38c46b6c98e,full_annotation_v1,A,q_미용_11,머리 파마하는 곳,뷰티·미용 중 '미용'을 판매·제공하는 매장,train,미용,T5 서비스,003f331a-de38-4946-a580-57373cb1175d,댕기머리,미용실,주천골목형상점가,골목형상점가,강원특별자치도,,,
32fa38665ed4eb358950,full_annotation_v1,A,q_미용_11,머리 파마하는 곳,뷰티·미용 중 '미용'을 판매·제공하는 매장,train,미용,T5 서비스,be9f8c61-892c-48ed-a49d-b63bd032c025,소곳,의류,고투몰(강남터미널지하도상점가),일반지하상점가,서울특별시,,,
6ec0d7451e73743f6222,full_annotation_v1,A,q_미용_11,머리 파마하는 곳,뷰티·미용 중 '미용'을 판매·제공하는 매장,train,미용,T5 서비스,09cd748e-514c-4403-8078-7c923fc22167,그레이스위그,가발,한듬레포츠,골목형상점가,광주광역시,,,
debeef212fe9186dcee4,full_annotation_v1,A,q_미용_11,머리 파마하는 곳,뷰티·미용 중 '미용'을 판매·제공하는 매장,train,미용,T5 서비스,1c4c9369-3116-4f03-8a8b-4afe6a309a10,파마하는날,미용실,창원 롯데종합상가,전통시장,경상남도,,,
680638f1b9344d2bb515,full_annotation_v1,A,q_미용_11,머리 파마하는 곳,뷰티·미용 중 '미용'을 판매·제공하는 매장,train,미용,T5 서비스,a8801936-01c6-4104-b997-bdc54350444a,머리꾼,미용업,오룡행복 골목형상점가,골목형상점가,전라남도,,,
b8da83a47c87a2980216,full_annotation_v1,A,q_미용_11,머리 파마하는 곳,뷰티·미용 중 '미용'을 판매·제공하는 매장,train,미용,T5 서비스,97abb828-d25d-4f36-bc22-de2bb95f156c,빨강 머리 앤,미용,신창 골목형상점가,골목형상점가,광주광역시,,,
56a9626705802bbcca33,full_annotation_v1,A,q_미용_11,머리 파마하는 곳,뷰티·미용 중 '미용'을 판매·제공하는 매장,train,미용,T5 서비스,111d2176-af6d-4214-844a-51453de36f46,주연가발,가발,고투몰(강남터미널지하도상점가),일반지하상점가,서울특별시,,,
20bc44be6a9a77b66870,full_annotation_v1,A,q_미용_11,머리 파마하는 곳,뷰티·미용 중 '미용'을 판매·제공하는 매장,train,미용,T5 서비스,c5bd5ebf-03d9-4ab5-866b-38be667d32cd,머리하는손,미용,상록벚꽃상인회 골목형상점가,골목형상점가,광주광역시,,,
110178d33d1040910383,full_annotation_v1,A,q_미용_11,머리 파마하는 곳,뷰티·미용 중 '미용'을 판매·제공하는 매장,train,미용,T5 서비스,5fb945fc-398f-47b5-8863-77e64f5cd36a,교대헤어매직,커트 염색 파마 매직 머리 복구,계림 재미로 골목형상점가,골목형상점가,광주광역시,,,
bb334fa5681a4dad9e9b,full_annotation_v1,A,q_미용_11,머리 파마하는 곳,뷰티·미용 중 '미용'을 판매·제공하는 매장,train,미용,T5 서비스,76a3551b-dae4-4326-92cc-662015aedbfb,쉴 곳,한식,칠성로상점가,자율상권구역,제주특별자치도,,,
41a0f1e94528921ece3a,full_annotation_v1,A,q_미용_11,머리 파마하는 곳,뷰티·미용 중 '미용'을 판매·제공하는 매장,train,미용,T5 서비스,041af343-9a15-41ec-b89d-df94bc14f381,유종숙머리방,,춘천중앙시장,전통시장,강원특별자치도,,,
87b1c7c4d9187afda581,full_annotation_v1,A,q_미용_11,머리 파마하는 곳,뷰티·미용 중 '미용'을 판매·제공하는 매장,train,미용,T5 서비스,000d8836-38bd-43a9-92f2-698d67d5926b,라미헤어스튜디오,미용실,포항중앙상가,전통시장,경상북도,,,
8a3d352b5cac85374764,full_annotation_v1,A,q_미용_12,미욘,뷰티·미용 중 '미용'을 판매·제공하는 매장,train,미용,T6 기계변형,d6c303f6-6fc3-4875-9038-d1cab4e1c4c6,미셈,의류,서문시장2지구 종합상가,전통시장,대구광역시,,,
e715d61370f5609cede8,full_annotation_v1,A,q_미용_12,미욘,뷰티·미용 중 '미용'을 판매·제공하는 매장,train,미용,T6 기계변형,003f331a-de38-4946-a580-57373cb1175d,댕기머리,미용실,주천골목형상점가,골목형상점가,강원특별자치도,,,
75b616a19427aba9852b,full_annotation_v1,A,q_미용_12,미욘,뷰티·미용 중 '미용'을 판매·제공하는 매장,train,미용,T6 기계변형,0033e403-2853-4086-a2b3-2ee73a5ac7d4,변필주미용실,서비스(미용실),양동역별빛시장(양동쌍학시장),전통시장,경기도,,,
34e68eae8cafcac34708,full_annotation_v1,A,q_미용_12,미욘,뷰티·미용 중 '미용'을 판매·제공하는 매장,train,미용,T6 기계변형,b62872d8-28a5-42e3-90a7-43a1986d6d7a,이은숙헤어샵,머리,공주산성 활성화구역,전통시장,충청남도,,,
5eb1ff39dd156b8a6e5f,full_annotation_v1,A,q_미용_12,미욘,뷰티·미용 중 '미용'을 판매·제공하는 매장,train,미용,T6 기계변형,b360ab40-6d70-46da-a5b8-86b72269c0af,채빈 미용실,미용,한들물빛도시 골목형 상점가,골목형상점가,충청남도,,,
11b468ccb899c2ae229a,full_annotation_v1,A,q_미용_12,미욘,뷰티·미용 중 '미용'을 판매·제공하는 매장,train,미용,T6 기계변형,23d3f57d-4ce0-40b1-88d4-480d4c431c62,앙드레최,미용,금호1동상가번영회 골목형상점가,골목형상점가,광주광역시,,,
2dff222eadfa84e54103,full_annotation_v1,A,q_미용_12,미욘,뷰티·미용 중 '미용'을 판매·제공하는 매장,train,미용,T6 기계변형,1158398c-1d39-40e8-8785-f6edad4efd75,e쁘네미용실,"커트, 파마, 염색, 가발",월빛 골목형상점가,골목형상점가,광주광역시,,,
579ddc10673a7888e573,full_annotation_v1,A,q_미용_12,미욘,뷰티·미용 중 '미용'을 판매·제공하는 매장,train,미용,T6 기계변형,00138176-f25b-4a96-9761-dd00f1a4dd28,보아스헤어아트,미용,봉제산길골목형상점가,골목형상점가,서울특별시,,,
b1fa728325f3dbdc6e31,full_annotation_v1,A,q_미용_12,미욘,뷰티·미용 중 '미용'을 판매·제공하는 매장,train,미용,T6 기계변형,330e1e74-4a68-4fbe-8ec2-44a2547d4849,미류,,갈리단길 골목형상점가,골목형상점가,대전광역시,,,
c9c94eed6f6a01ce5995,full_annotation_v1,A,q_미용_12,미욘,뷰티·미용 중 '미용'을 판매·제공하는 매장,train,미용,T6 기계변형,1f361493-5bbe-48b1-9639-f750d050cf93,노암이용원,이발,노암길골목형상점가,골목형상점가,강원특별자치도,,,
cb0742767807adba07ea,full_annotation_v1,A,q_미용_12,미욘,뷰티·미용 중 '미용'을 판매·제공하는 매장,train,미용,T6 기계변형,caa515ed-b09a-44a6-be21-c5f3c906b7d6,축산물고기백화점,식육,여수교동시장,전통시장,전라남도,,,
f2de8fff55d7cf23f358,full_annotation_v1,A,q_미용_12,미욘,뷰티·미용 중 '미용'을 판매·제공하는 매장,train,미용,T6 기계변형,7250346f-ac87-4f26-99b9-ef94347f6fb9,미묘,한식,두류젊음의광장 상점가,자율상권구역,대구광역시,,,
256ebdf1c1652b237c2a,full_annotation_v1,A,q_미용_12,미욘,뷰티·미용 중 '미용'을 판매·제공하는 매장,train,미용,T6 기계변형,e0aca9f6-3add-4a55-9624-a029bda033d3,미르앨,,파워존 골목형상점가,골목형상점가,대전광역시,,,
4adb9004ebcdb1709e4b,full_annotation_v1,A,q_미용_12,미욘,뷰티·미용 중 '미용'을 판매·제공하는 매장,train,미용,T6 기계변형,1521b1f4-84d6-4c50-87d6-3e98b038ac96,호주커피엘,커피 전문점,태봉마을 골목형상점가,골목형상점가,경기도,,,
93cddfc48ac66e52f10e,full_annotation_v1,A,q_미용_12,미욘,뷰티·미용 중 '미용'을 판매·제공하는 매장,train,미용,T6 기계변형,02484083-ef42-44cf-903b-18a6f84601de,더휴헤어,"미용, 헤어",창원 덕산1차상가,전통시장,경상남도,,,
79370e6512e7bb064c07,full_annotation_v1,A,q_미용_12,미욘,뷰티·미용 중 '미용'을 판매·제공하는 매장,train,미용,T6 기계변형,c9e5208c-c135-4225-8f5d-e02e68d3a600,비사채헤어,머리,풍영철길로 골목형상점가,골목형상점가,광주광역시,,,
1e2e7d88a1e4ef6424d6,full_annotation_v1,A,q_미용_12,미욘,뷰티·미용 중 '미용'을 판매·제공하는 매장,train,미용,T6 기계변형,59ca3d52-a038-4480-a83b-87c365bf54e7,미룸,의류,성서중심시장(성서시장문화의거리 통합),전통시장,충청북도,,,
58a8613c674fb21cab2c,full_annotation_v1,A,q_미용_12,미욘,뷰티·미용 중 '미용'을 판매·제공하는 매장,train,미용,T6 기계변형,c01cb4f9-845d-4126-b4fc-3d9adf5995b1,미스터멋남,미용,배방상점가,자율상권구역,충청남도,,,
f31ca8d194f5eac31c45,full_annotation_v1,A,q_미용_12,미욘,뷰티·미용 중 '미용'을 판매·제공하는 매장,train,미용,T6 기계변형,f3a8e405-9176-4edc-baa1-f8faf8189391,마므레,미용,포항 대이상가 골목형상점가,골목형상점가,경상북도,,,
221afc768be8a18f99d3,full_annotation_v1,A,q_미용_12,미욘,뷰티·미용 중 '미용'을 판매·제공하는 매장,train,미용,T6 기계변형,01830c3a-5f7e-4396-9772-38b51bd90dc0,새로나국밥,국밥 족발 머리고기,무등시장,전통시장,광주광역시,,,
719c546864051bc65c44,full_annotation_v1,A,q_미용_12,미욘,뷰티·미용 중 '미용'을 판매·제공하는 매장,train,미용,T6 기계변형,0157acd5-d1fd-46d1-afff-002eb6ffb986,나무헤어살롱,두발미용,죽전로데오상점가,전통시장,경기도,,,
252c6cbafbe09f213d7d,full_annotation_v1,A,q_미용_12,미욘,뷰티·미용 중 '미용'을 판매·제공하는 매장,train,미용,T6 기계변형,19aa50bf-3c57-412a-bc66-512d1c34a2e8,미가,미용,대전아이파크시티 골목형상점가,골목형상점가,대전광역시,,,
33a32a9f7923b41f5500,full_annotation_v1,A,q_미용_12,미욘,뷰티·미용 중 '미용'을 판매·제공하는 매장,train,미용,T6 기계변형,26c2500d-39a5-4df8-863e-fa35745d91b5,미쁜헤어,미용,문창시장,전통시장,대전광역시,,,
de39ae7f683d2a4d0ddb,full_annotation_v1,A,q_미용_12,미욘,뷰티·미용 중 '미용'을 판매·제공하는 매장,train,미용,T6 기계변형,1dd67543-3131-49dd-8081-157937c7b0a8,미끼,의류,동산상가,전통시장,대구광역시,,,
b359ee6c6c923a492a26,full_annotation_v1,A,q_미용_12,미욘,뷰티·미용 중 '미용'을 판매·제공하는 매장,train,미용,T6 기계변형,d4fe2c89-fafc-4b10-aac6-45424fd16193,미메탈 미용실,미용,금부로상인회 골목형상점가,골목형상점가,광주광역시,,,
145261a9bc4db0ea463d,full_annotation_v1,A,q_미용_12,미욘,뷰티·미용 중 '미용'을 판매·제공하는 매장,train,미용,T6 기계변형,b9b0c2ac-289a-48c9-91ad-25c016f1f24e,미무드,미용,양원숲길 골목형상점가,골목형상점가,서울특별시,,,
ce1bb8fb78d6449efe4b,full_annotation_v1,A,q_미용_12,미욘,뷰티·미용 중 '미용'을 판매·제공하는 매장,train,미용,T6 기계변형,011291c0-305f-48b7-b50a-635b97da79c0,라라헤어,헤어,한들물빛도시 골목형 상점가,골목형상점가,충청남도,,,
79b1dc9e4ed33ab6eaf5,full_annotation_v1,A,q_미용_12,미욘,뷰티·미용 중 '미용'을 판매·제공하는 매장,train,미용,T6 기계변형,98858e1c-b81c-4939-8cce-e57dedc7c06d,미올지,,한들물빛도시 골목형 상점가,골목형상점가,충청남도,,,
86537ed045a666c54ac6,full_annotation_v1,A,q_미용_12,미욘,뷰티·미용 중 '미용'을 판매·제공하는 매장,train,미용,T6 기계변형,08b204bc-70d9-4d81-a619-fb6f3ec5ac48,북문떡집,떡,장안문거북시장,전통시장,경기도,,,
9e3ab946622c4526cc66,full_annotation_v1,A,q_미용_12,미욘,뷰티·미용 중 '미용'을 판매·제공하는 매장,train,미용,T6 기계변형,98b41b91-b7dd-4a65-9eed-e10bce2924b3,미뇽헤어,미용업,각화2지구 골목형상점가,골목형상점가,광주광역시,,,
feff6d4b709a005dfc39,full_annotation_v1,A,q_미용_12,미욘,뷰티·미용 중 '미용'을 판매·제공하는 매장,train,미용,T6 기계변형,01bbc08f-bb91-4aae-a597-a5e183ea0d11,언니네살롱,헤어,송정 다누리 골목형상점가,골목형상점가,광주광역시,,,
70f487152395b40320d5,full_annotation_v1,A,q_미용_12,미욘,뷰티·미용 중 '미용'을 판매·제공하는 매장,train,미용,T6 기계변형,8839a511-17f5-42b9-beda-b83df612a353,미담,미용,청림마을골목형상점가,골목형상점가,서울특별시,,,
ff9db9168e8709c1fc66,full_annotation_v1,A,q_미용_12,미욘,뷰티·미용 중 '미용'을 판매·제공하는 매장,train,미용,T6 기계변형,c9240c0a-59e7-4798-aee9-b283533bf2b1,미쓰최미용실,미용,송정벚꽃골목형상점가,골목형상점가,서울특별시,,,
fd035597f409504e0a18,full_annotation_v1,A,q_미용_12,미욘,뷰티·미용 중 '미용'을 판매·제공하는 매장,train,미용,T6 기계변형,000d8836-38bd-43a9-92f2-698d67d5926b,라미헤어스튜디오,미용실,포항중앙상가,전통시장,경상북도,,,
6b246939ced603f5b0d0,full_annotation_v1,A,q_미용_12,미욘,뷰티·미용 중 '미용'을 판매·제공하는 매장,train,미용,T6 기계변형,a72c4896-7140-49f1-8cc1-15e98c6cfe98,깐느헤어,머리,자양15번가골목형상점가,골목형상점가,서울특별시,,,
9048ab55474006bc7c6f,full_annotation_v1,A,q_미용_12,미욘,뷰티·미용 중 '미용'을 판매·제공하는 매장,train,미용,T6 기계변형,f7291f98-81cb-434b-b207-43bcb83bd3c3,미병당,떡,금화로상인회 골목형상점가,골목형상점가,광주광역시,,,
ec947cd9f10484a34485,full_annotation_v1,A,q_미용_12,미욘,뷰티·미용 중 '미용'을 판매·제공하는 매장,train,미용,T6 기계변형,fbc8d85f-1ad0-48a3-a290-c9ec1f93ba43,토마토도시락춘천한림대점,한식,한림대골목형상점가,골목형상점가,강원특별자치도,,,
c3813ad1a95c7bfca5bf,full_annotation_v1,A,q_미용_12,미욘,뷰티·미용 중 '미용'을 판매·제공하는 매장,train,미용,T6 기계변형,064162f2-e3e2-48f7-9ba7-38cefb3c735b,스텔라 가발전문점,,부천역 지하도로 상가,일반지하상점가,경기도,,,
c39fee2b9a7883c3c1cf,full_annotation_v1,A,q_미용_12,미욘,뷰티·미용 중 '미용'을 판매·제공하는 매장,train,미용,T6 기계변형,47ac625a-f2cb-4255-b11c-08b807475529,손현정뷰티&네일,두피케어제품,우산동빛고을 골목형상점가,골목형상점가,광주광역시,,,
242c8a86086f266d0f4b,full_annotation_v1,A,q_미용_12,미욘,뷰티·미용 중 '미용'을 판매·제공하는 매장,train,미용,T6 기계변형,6863feea-8c93-4e5a-98c0-5adc3846c35b,요야피,미용,명촌꽃길 골목형상점가,골목형상점가,울산광역시,,,
c5477402f1a520b79bd3,full_annotation_v1,A,q_미용_12,미욘,뷰티·미용 중 '미용'을 판매·제공하는 매장,train,미용,T6 기계변형,0017ec9c-4997-4ef5-a552-7fffc7dd149c,아리따움 진주서부점,화장품,진주 새서부시장,전통시장,경상남도,,,
1766e53350d6fa6bf37e,full_annotation_v1,A,q_미용_12,미욘,뷰티·미용 중 '미용'을 판매·제공하는 매장,train,미용,T6 기계변형,00131122-77cf-4772-b141-202f0f950f5c,라라샵,화장품,유성신나는 골목형상점가,골목형상점가,대전광역시,,,
f82ace75e4030e576630,full_annotation_v1,A,q_미용_12,미욘,뷰티·미용 중 '미용'을 판매·제공하는 매장,train,미용,T6 기계변형,0009149f-621a-493e-9fd1-252a8ac6c75b,글로리,미용실,중흥동 큰샘길 골목형상점가,골목형상점가,광주광역시,,,
72607de39fc5c171be69,full_annotation_v1,A,q_미용_12,미욘,뷰티·미용 중 '미용'을 판매·제공하는 매장,train,미용,T6 기계변형,038d83ed-3c85-404b-8aa9-222a893da5b3,고기왕김태백고기국물고기반찬,"식육, 가공양념육외 소머리.돼지머리.부산물등",후평일단지시장,전통시장,강원특별자치도,,,
61d60dc06a3abab0565e,full_annotation_v1,A,q_미용_12,미욘,뷰티·미용 중 '미용'을 판매·제공하는 매장,train,미용,T6 기계변형,eb0ba7c1-2242-4ad2-b455-4075a7037456,월드마켓,잡화,월드상가골목형상점가,골목형상점가,인천광역시,,,
b238e9e9039f1b863752,full_annotation_v1,A,q_미용_12,미욘,뷰티·미용 중 '미용'을 판매·제공하는 매장,train,미용,T6 기계변형,00ece52b-629f-4e52-abd8-754dd96759c2,슈퍼스타헤어,두발미용,월곡달빛오거리골목형상점가,골목형상점가,서울특별시,,,
1ce21dfdbbb8e41ec46d,full_annotation_v1,A,q_미용_12,미욘,뷰티·미용 중 '미용'을 판매·제공하는 매장,train,미용,T6 기계변형,039ab44d-ff38-41e4-8b48-22a1a8576261,헤어초이스앤두피케어,,도마달 골목형상점가,골목형상점가,대전광역시,,,
1bc448818143b2be6300,full_annotation_v1,A,q_미용_12,미욘,뷰티·미용 중 '미용'을 판매·제공하는 매장,train,미용,T6 기계변형,10438442-a66e-4675-9cfa-fdb04e6d8020,스코빌바버샵,이발,전남대후문골목형상점가,골목형상점가,광주광역시,,,
5b08c80cc2313c0c5a32,full_annotation_v1,A,q_미용_12,미욘,뷰티·미용 중 '미용'을 판매·제공하는 매장,train,미용,T6 기계변형,00593d82-d6a7-4e33-8e50-1b8ea23e947f,뮤헤어,두발미용업,병점중심상가,자율상권구역,경기도,,,
af308885570d39a52edc,full_annotation_v1,A,q_미용_12,미욘,뷰티·미용 중 '미용'을 판매·제공하는 매장,train,미용,T6 기계변형,f49f1257-1218-474a-a385-bdd7bd36c661,소문난오돌뼈,고기류,화정로상인회 골목형상점가,골목형상점가,광주광역시,,,
8e8f80c0134d81ae86a1,full_annotation_v1,A,q_미용_12,미욘,뷰티·미용 중 '미용'을 판매·제공하는 매장,train,미용,T6 기계변형,1745793a-8e90-49f6-9afb-d341685588e8,경일상회,압착식용유,진주 논개시장,전통시장,경상남도,,,
3fb4d4022848383a797c,full_annotation_v1,A,q_미용_12,미욘,뷰티·미용 중 '미용'을 판매·제공하는 매장,train,미용,T6 기계변형,596f779c-dba2-41cf-908d-5b69c863b842,통영조인 건어물,수산물,통영 서호전통시장,전통시장,경상남도,,,
a565e85812b3795aaaae,full_annotation_v1,A,q_미용_12,미욘,뷰티·미용 중 '미용'을 판매·제공하는 매장,train,미용,T6 기계변형,3417ad49-dfd9-44da-b76c-09023311ae21,더미인나라,스킨케어두피케어 제품,호남동 골목형상점가,골목형상점가,광주광역시,,,
1dfeb1e355529c040ccd,full_annotation_v1,A,q_미용_12,미욘,뷰티·미용 중 '미용'을 판매·제공하는 매장,train,미용,T6 기계변형,0cdf4d0f-dbb4-403a-a13f-4ff3ff431efb,윤샵,미용,한배미로 골목형상점가,골목형상점가,전북특별자치도,,,
36e154040f3382087fcb,full_annotation_v1,A,q_미용_12,미욘,뷰티·미용 중 '미용'을 판매·제공하는 매장,train,미용,T6 기계변형,4e1a25ca-7b41-47ed-99e8-2bfc6ba54521,바노두피,두피케어,새롬동 골목형상점가,골목형상점가,세종특별자치시,,,
11b5ceb9b96376879b10,full_annotation_v1,A,q_미용_12,미욘,뷰티·미용 중 '미용'을 판매·제공하는 매장,train,미용,T6 기계변형,c49be9bf-6e94-4ea7-9afd-288f301d5324,미셀,의류,덕풍전통시장,전통시장,경기도,,,
c44838a8ad1e7af4d575,full_annotation_v1,A,q_미용_12,미욘,뷰티·미용 중 '미용'을 판매·제공하는 매장,train,미용,T6 기계변형,03321569-a189-4dea-8592-49bb6f114163,김송정머리터용인점 봄날애 헤어,헤어,동백역 골목형상점가,골목형상점가,경기도,,,
872678b708d8ac686375,full_annotation_v1,A,q_미용_12,미욘,뷰티·미용 중 '미용'을 판매·제공하는 매장,train,미용,T6 기계변형,dfbfe1f0-d66f-4847-bede-96fac3be12a3,미젤,의류,양산 덕계종합상설시장,전통시장,경상남도,,,
b651bb289a2f26c683d5,full_annotation_v1,A,q_미용_12,미욘,뷰티·미용 중 '미용'을 판매·제공하는 매장,train,미용,T6 기계변형,111d2176-af6d-4214-844a-51453de36f46,주연가발,가발,고투몰(강남터미널지하도상점가),일반지하상점가,서울특별시,,,
b617191b1493d98aa94c,full_annotation_v1,A,q_미용_12,미욘,뷰티·미용 중 '미용'을 판매·제공하는 매장,train,미용,T6 기계변형,cb08deb1-6071-40d9-af7e-bb6ea6992e6e,미뽐헤어,미용,보람동 골목형상점가,골목형상점가,세종특별자치시,,,
e58d9f0de052aed63f8f,full_annotation_v1,A,q_미용_12,미욘,뷰티·미용 중 '미용'을 판매·제공하는 매장,train,미용,T6 기계변형,001f80ca-1d03-4781-b117-7eaa52fb24f5,홍미용실,일반미용업,김제중앙시장,전통시장,전북특별자치도,,,
976df679345584852b22,full_annotation_v1,A,q_미용_12,미욘,뷰티·미용 중 '미용'을 판매·제공하는 매장,train,미용,T6 기계변형,538d486d-d951-43bb-be71-81d8b42f7cf1,미소레,,수원역전지하도상가,일반지하상점가,경기도,,,
10ff778ee413510400f3,full_annotation_v1,A,q_미용_12,미욘,뷰티·미용 중 '미용'을 판매·제공하는 매장,train,미용,T6 기계변형,442cf767-a47e-4b4b-a06c-9a55c97641c0,드부아네일,"네일아트, 케어",동송전통시장,전통시장,강원특별자치도,,,
2a7b4dbd4488e2519a2f,full_annotation_v1,A,q_미용_12,미욘,뷰티·미용 중 '미용'을 판매·제공하는 매장,train,미용,T6 기계변형,db282a48-adf5-4a05-a33c-6ed53b01b82c,드벌트,미용,부산대자율상권구역,기타,부산광역시,,,
38308cad26fcc3042258,full_annotation_v1,A,q_미용_12,미욘,뷰티·미용 중 '미용'을 판매·제공하는 매장,train,미용,T6 기계변형,dbb1f8d4-8c30-431e-a483-7b2a4b6251ee,미&남 미용실,미용업,연제동 골목형상점가,골목형상점가,광주광역시,,,
420af3f6ed1ed2d11c0e,full_annotation_v1,A,q_미용_12,미욘,뷰티·미용 중 '미용'을 판매·제공하는 매장,train,미용,T6 기계변형,22afdf71-1217-4bb8-838e-23a6534d5d55,VOHAB헤어살롱,머리,신가아름마을,골목형상점가,광주광역시,,,
89d7904794be02ac547b,full_annotation_v1,A,q_미용_12,미욘,뷰티·미용 중 '미용'을 판매·제공하는 매장,train,미용,T6 기계변형,003cdc8a-95fe-43ea-8350-f4c63913a6f8,정선화장품,화장품,오천시장,전통시장,경상북도,,,
b8c5e8e0e522e96238a6,full_annotation_v1,A,q_미용_12,미욘,뷰티·미용 중 '미용'을 판매·제공하는 매장,train,미용,T6 기계변형,0bf0f3f3-940c-43c3-8fdb-cc7fa8b52524,고운머리,"소매(가발,액세서리,자수용품)",미금현대벤처빌시장,전통시장,경기도,,,
cd1ab606df56cdb906ec,full_annotation_v1,A,q_미용_12,미욘,뷰티·미용 중 '미용'을 판매·제공하는 매장,train,미용,T6 기계변형,8aaeb521-44e2-463b-ad08-26b15b6a2311,미앤지,미용,당진시신도심상점가,자율상권구역,충청남도,,,
cee7738bc10d753e32b3,full_annotation_v1,A,q_미용_12,미욘,뷰티·미용 중 '미용'을 판매·제공하는 매장,train,미용,T6 기계변형,02d44cdc-b600-43fd-880d-cff5e9214c6b,서암이뱔관,이발소,통진시장,전통시장,경기도,,,
0c40341ed02d2287ff74,full_annotation_v1,A,q_미용_12,미욘,뷰티·미용 중 '미용'을 판매·제공하는 매장,train,미용,T6 기계변형,027b7332-611e-498a-9ef6-1e9e536dbf4a,모모샵,두발 시술,온누리상인회 골목형상점가,골목형상점가,광주광역시,,,
00d9c8c72cc407b6d391,full_annotation_v1,A,q_미용_12,미욘,뷰티·미용 중 '미용'을 판매·제공하는 매장,train,미용,T6 기계변형,fb1d2356-e886-42f2-b266-09f69aef04c8,미랑컬,미용,신월3동시장골목형상점가,골목형상점가,서울특별시,,,
6d359309917305bcf711,full_annotation_v1,A,q_미용_12,미욘,뷰티·미용 중 '미용'을 판매·제공하는 매장,train,미용,T6 기계변형,2226334c-8d6a-4630-b1fc-567d770572f4,미하루,미용,풍암벚꽃길상인회 골목형상점가,골목형상점가,광주광역시,,,
2da15e191f9ea92891ac,full_annotation_v1,A,q_미용_12,미욘,뷰티·미용 중 '미용'을 판매·제공하는 매장,train,미용,T6 기계변형,041af343-9a15-41ec-b89d-df94bc14f381,유종숙머리방,,춘천중앙시장,전통시장,강원특별자치도,,,
e096041078a760f14a8b,full_annotation_v1,A,q_미용_12,미욘,뷰티·미용 중 '미용'을 판매·제공하는 매장,train,미용,T6 기계변형,f8bce453-5b9d-46a3-a1a0-15aa88808f6b,농수산물 잡화,도소매업(채소),모란전통기름시장,전통시장,경기도,,,
0acc4a55c0f7d1e1c7c7,full_annotation_v1,A,q_미용_12,미욘,뷰티·미용 중 '미용'을 판매·제공하는 매장,train,미용,T6 기계변형,73777934-029d-4380-a099-e948644462b2,일루아헤어스튜디오운암점,머리,운암북문대로 골목형상점가,골목형상점가,광주광역시,,,
f29f8a5b4cc36fa31101,full_annotation_v1,A,q_미용_12,미욘,뷰티·미용 중 '미용'을 판매·제공하는 매장,train,미용,T6 기계변형,ad585495-606c-47a8-b991-741def5a6cf0,김가네 시민고기국수,국수,반석동 골목형상점가,골목형상점가,대전광역시,,,
3f91a3948f429d76e010,full_annotation_v1,A,q_미용_12,미욘,뷰티·미용 중 '미용'을 판매·제공하는 매장,train,미용,T6 기계변형,008c73ed-3ece-452b-aa49-b96b73ff1ba1,온결 스킨앤바디,화장품,가재마을 골목형상점가,골목형상점가,세종특별자치시,,,
770e2bd17ebf35ab3784,full_annotation_v1,A,q_미용_12,미욘,뷰티·미용 중 '미용'을 판매·제공하는 매장,train,미용,T6 기계변형,1934ca93-c38b-44af-9f91-5ea8ae0972a2,광장이발소,이발소,춘천지하상가,일반지하상점가,강원특별자치도,,,
952a8669c6194b445e3e,full_annotation_v1,A,q_미용_12,미욘,뷰티·미용 중 '미용'을 판매·제공하는 매장,train,미용,T6 기계변형,0250e284-2897-44e3-b681-da46d2c84cd1,쏘이살롱(SSOISALON)2호점,헤어,빛가람 하나로 골목형상점가,골목형상점가,전라남도,,,
edce9fa6fa3891c18add,full_annotation_v1,A,q_미용_12,미욘,뷰티·미용 중 '미용'을 판매·제공하는 매장,train,미용,T6 기계변형,a42b15a9-e85d-49ce-a1af-ab97e985339a,미슐랑헤어,미용,신창부영 골목형상점가,골목형상점가,광주광역시,,,
9721e7710787ec6be785,full_annotation_v1,A,q_미용_12,미욘,뷰티·미용 중 '미용'을 판매·제공하는 매장,train,미용,T6 기계변형,074ad32b-e2ea-4972-93e1-ea399e745a39,"한돈명가,곤지암할매 소머리국밥 혁신점",,나주혁신도시 골목형상점가,골목형상점가,,,,
8f8680f59741193dcef5,full_annotation_v1,A,q_미용_12,미욘,뷰티·미용 중 '미용'을 판매·제공하는 매장,train,미용,T6 기계변형,038c2ca6-a29e-4fb1-91d4-52b8a417f0e2,예쁜머리만들기,,뚝섬로윗길 골목형상점가,골목형상점가,서울특별시,,,
c557a38a132e068721b6,full_annotation_v1,A,q_미용_12,미욘,뷰티·미용 중 '미용'을 판매·제공하는 매장,train,미용,T6 기계변형,0001b1fc-5455-433e-8e94-96d051362b17,유난희헤어샵,미용실,창원 대동그린코아상가,전통시장,경상남도,,,
2d8e449b0c77cbd7260a,full_annotation_v1,A,q_미용_12,미욘,뷰티·미용 중 '미용'을 판매·제공하는 매장,train,미용,T6 기계변형,08f8f535-f6c4-41f9-84b9-ec944ee1bef0,THE MORE(더 모어),의류,진주 중앙상권활성화구역,상권활성화구역,경상남도,,,
e48710d22d4c3f568274,full_annotation_v1,A,q_미용_12,미욘,뷰티·미용 중 '미용'을 판매·제공하는 매장,train,미용,T6 기계변형,09cd748e-514c-4403-8078-7c923fc22167,그레이스위그,가발,한듬레포츠,골목형상점가,광주광역시,,,
e7770d8da3ff1bf1f09b,full_annotation_v1,A,q_미용_12,미욘,뷰티·미용 중 '미용'을 판매·제공하는 매장,train,미용,T6 기계변형,d43a6b8c-d632-4b5e-b0fd-4944bd56aed1,미끼,의류,동산상가,전통시장,대구광역시,,,
60c7516cb8d4fd57a630,full_annotation_v1,A,q_미용_12,미욘,뷰티·미용 중 '미용'을 판매·제공하는 매장,train,미용,T6 기계변형,20388519-bbf0-49bf-8113-c699189f25b9,행복과일,과일,반송큰시장,전통시장,부산광역시,,,
4a5ead451fd9596656cb,full_annotation_v1,A,q_미용_12,미욘,뷰티·미용 중 '미용'을 판매·제공하는 매장,train,미용,T6 기계변형,f9713f29-0b93-4692-80f8-1f3e39bf5191,우리동네치타마켓(유성도안점),"신선식품, 가공품",유성도안 골목형상점가,골목형상점가,대전광역시,,,
86e6312a7c93bd228d76,full_annotation_v1,A,q_미용_12,미욘,뷰티·미용 중 '미용'을 판매·제공하는 매장,train,미용,T6 기계변형,e741f44e-68d6-4187-a762-28b12e1494b7,미옌,중식,용봉지구 골목형상점가,골목형상점가,광주광역시,,,
42d89da7f7c27f336399,full_annotation_v1,A,q_미용_12,미욘,뷰티·미용 중 '미용'을 판매·제공하는 매장,train,미용,T6 기계변형,38498f2a-427b-4759-8cc3-f0203abbe068,미니델피늄샵,미용업,서희스타힐스 & 한양립스 골목형상점가,골목형상점가,전라남도,,,
9270fbf58d79f860368d,full_annotation_v1,A,q_미용_12,미욘,뷰티·미용 중 '미용'을 판매·제공하는 매장,train,미용,T6 기계변형,4d45d393-6f71-4e08-83dc-fd24cb1ca988,미래잡화,,고성시장,전통시장,경상남도,,,
a0c69f77c1d7c5615889,full_annotation_v1,A,q_미용_12,미욘,뷰티·미용 중 '미용'을 판매·제공하는 매장,train,미용,T6 기계변형,54595eea-f269-473b-8c45-209a3dfe6237,통큰소곱창,음식점업,구월시장,전통시장,인천광역시,,,
5034fe95c137abc88c41,full_annotation_v1,A,q_미용_12,미욘,뷰티·미용 중 '미용'을 판매·제공하는 매장,train,미용,T6 기계변형,f507ef69-21ea-44dc-87cd-bbf391c863a6,미프윌,,관저상가 골목형상점가,골목형상점가,대전광역시,,,
900e88c98315c38f55ff,full_annotation_v1,A,q_미용_12,미욘,뷰티·미용 중 '미용'을 판매·제공하는 매장,train,미용,T6 기계변형,56303be9-21a6-4407-bac8-488c8f108085,미스터강,미용,지범골목먹거리타운 골목형상점가,골목형상점가,대구광역시,,,
cfc51179e5629ce93980,full_annotation_v1,A,q_미용_12,미욘,뷰티·미용 중 '미용'을 판매·제공하는 매장,train,미용,T6 기계변형,000407f6-6813-4322-a44c-ed6c1a90dafc,하루,두발,첨단동행 골목형상점가,골목형상점가,광주광역시,,,
ac766c85e8140a10ed40,full_annotation_v1,A,q_미용_12,미욘,뷰티·미용 중 '미용'을 판매·제공하는 매장,train,미용,T6 기계변형,bf1445a0-3381-44b7-854d-c5b2e1d77ae7,미몽,미용실,신용동 골목형상점가,골목형상점가,광주광역시,,,
6b2d71e13ae9b232bf98,full_annotation_v1,A,q_미용_12,미욘,뷰티·미용 중 '미용'을 판매·제공하는 매장,train,미용,T6 기계변형,0464f6f7-1184-4f6f-81fb-fbbd8c175406,미쥬,의류,마산 부림지하상가시장,전통시장,경상남도,,,
c4ea14cac23f15dfd049,full_annotation_v1,A,q_미용_12,미욘,뷰티·미용 중 '미용'을 판매·제공하는 매장,train,미용,T6 기계변형,00222f52-5d1f-4fb1-b0a6-7b4864ce177f,아리따움서대문연희점,화장품,연희사러가,전통시장,서울특별시,,,
b0c2088652dc6bc407a7,full_annotation_v1,A,q_미용_12,미욘,뷰티·미용 중 '미용'을 판매·제공하는 매장,train,미용,T6 기계변형,0dce835e-d460-4af2-a174-b1df7d07d1aa,제일약국,양약,별양동상점가,자율상권구역,경기도,,,
c1500fab2e793fd1c057,full_annotation_v1,A,q_미용_12,미욘,뷰티·미용 중 '미용'을 판매·제공하는 매장,train,미용,T6 기계변형,0041672f-0704-459b-a485-1502c7de1bef,지모바버샵,이발,쌍리단길상점가,자율상권구역,서울특별시,,,
a921a6f7e702e5195bdd,full_annotation_v1,A,q_미용_12,미욘,뷰티·미용 중 '미용'을 판매·제공하는 매장,train,미용,T6 기계변형,b27310a4-cd3e-47b3-bdec-1a7f689a3961,미츠팡,,교동연합,골목형상점가,대구광역시,,,
d62996980c693511f10f,full_annotation_v1,A,q_미용_12,미욘,뷰티·미용 중 '미용'을 판매·제공하는 매장,train,미용,T6 기계변형,25a75028-7609-464c-b1aa-b4535761fa77,화란 미용실,미용,덕산전통시장,전통시장,충청북도,,,
f9bf754f543f7a5916ac,full_annotation_v1,A,q_미용_13,미용추천,뷰티·미용 중 '미용'을 판매·제공하는 매장,train,미용,T6 기계변형,44e0686a-9876-4f6a-a63b-6f9983eb6af6,스시천,일식,공항대로골목형상점가,골목형상점가,서울특별시,,,
1bafc5911bd2134ea10a,full_annotation_v1,A,q_미용_13,미용추천,뷰티·미용 중 '미용'을 판매·제공하는 매장,train,미용,T6 기계변형,26c2500d-39a5-4df8-863e-fa35745d91b5,미쁜헤어,미용,문창시장,전통시장,대전광역시,,,
3c4c4537397a4d70df89,full_annotation_v1,A,q_미용_13,미용추천,뷰티·미용 중 '미용'을 판매·제공하는 매장,train,미용,T6 기계변형,0033e403-2853-4086-a2b3-2ee73a5ac7d4,변필주미용실,서비스(미용실),양동역별빛시장(양동쌍학시장),전통시장,경기도,,,
320695c2a0f42429a004,full_annotation_v1,A,q_미용_13,미용추천,뷰티·미용 중 '미용'을 판매·제공하는 매장,train,미용,T6 기계변형,000407f6-6813-4322-a44c-ed6c1a90dafc,하루,두발,첨단동행 골목형상점가,골목형상점가,광주광역시,,,
7dde1ef04cfd1290aae7,full_annotation_v1,A,q_미용_13,미용추천,뷰티·미용 중 '미용'을 판매·제공하는 매장,train,미용,T6 기계변형,001f80ca-1d03-4781-b117-7eaa52fb24f5,홍미용실,일반미용업,김제중앙시장,전통시장,전북특별자치도,,,
f4e2a574925b054a2ca9,full_annotation_v1,A,q_미용_13,미용추천,뷰티·미용 중 '미용'을 판매·제공하는 매장,train,미용,T6 기계변형,673bd25c-9c9b-4acf-8916-4a88b8afcc23,남도학하식당,,계산동 골목형상점가,골목형상점가,대전광역시,,,
b3a636ab1e5d5f77d2de,full_annotation_v1,A,q_미용_13,미용추천,뷰티·미용 중 '미용'을 판매·제공하는 매장,train,미용,T6 기계변형,f3a8e405-9176-4edc-baa1-f8faf8189391,마므레,미용,포항 대이상가 골목형상점가,골목형상점가,경상북도,,,
bbae2d6739890ebdee42,full_annotation_v1,A,q_미용_13,미용추천,뷰티·미용 중 '미용'을 판매·제공하는 매장,train,미용,T6 기계변형,8b814e9f-424f-47d6-95fb-7a7dcd7f00d2,유희순 미용실,미용업,불로전통시장,전통시장,대구광역시,,,
e2777a3d17167bf3a205,full_annotation_v1,A,q_미용_13,미용추천,뷰티·미용 중 '미용'을 판매·제공하는 매장,train,미용,T6 기계변형,285470c3-9c9b-460f-95bb-5317c00970c0,그웬헤어,미용,약수시장골목형상점가,골목형상점가,서울특별시,,,
b784bb36a1404573bec4,full_annotation_v1,A,q_미용_13,미용추천,뷰티·미용 중 '미용'을 판매·제공하는 매장,train,미용,T6 기계변형,038d83ed-3c85-404b-8aa9-222a893da5b3,고기왕김태백고기국물고기반찬,"식육, 가공양념육외 소머리.돼지머리.부산물등",후평일단지시장,전통시장,강원특별자치도,,,
1ce1369b4cbda25908c5,full_annotation_v1,A,q_미용_13,미용추천,뷰티·미용 중 '미용'을 판매·제공하는 매장,train,미용,T6 기계변형,68a11b62-2b5d-4931-a9be-1319cf6c0652,굿윌미용실,미용,구리전통시장,전통시장,경기도,,,
ff211601910bd8c53a59,full_annotation_v1,A,q_미용_13,미용추천,뷰티·미용 중 '미용'을 판매·제공하는 매장,train,미용,T6 기계변형,80907ba0-8b90-4e53-82a4-f91185403ece,오떙큐,미용,명지대앞골목형상점가,골목형상점가,서울특별시,,,
a56fd3a33d94e7582751,full_annotation_v1,A,q_미용_13,미용추천,뷰티·미용 중 '미용'을 판매·제공하는 매장,train,미용,T6 기계변형,b360ab40-6d70-46da-a5b8-86b72269c0af,채빈 미용실,미용,한들물빛도시 골목형 상점가,골목형상점가,충청남도,,,
a849b8f980bc0db4734d,full_annotation_v1,A,q_미용_13,미용추천,뷰티·미용 중 '미용'을 판매·제공하는 매장,train,미용,T6 기계변형,252ec54a-8f74-4132-90ec-1bd038837f4b,위요,미용,한들물빛도시 골목형 상점가,골목형상점가,충청남도,,,
091f40906b6e04fe8f32,full_annotation_v1,A,q_미용_13,미용추천,뷰티·미용 중 '미용'을 판매·제공하는 매장,train,미용,T6 기계변형,074ad32b-e2ea-4972-93e1-ea399e745a39,"한돈명가,곤지암할매 소머리국밥 혁신점",,나주혁신도시 골목형상점가,골목형상점가,,,,
a3667ec268389669c63d,full_annotation_v1,A,q_미용_13,미용추천,뷰티·미용 중 '미용'을 판매·제공하는 매장,train,미용,T6 기계변형,00ece52b-629f-4e52-abd8-754dd96759c2,슈퍼스타헤어,두발미용,월곡달빛오거리골목형상점가,골목형상점가,서울특별시,,,
aab05c53a8e3d6134444,full_annotation_v1,A,q_미용_13,미용추천,뷰티·미용 중 '미용'을 판매·제공하는 매장,train,미용,T6 기계변형,3417ad49-dfd9-44da-b76c-09023311ae21,더미인나라,스킨케어두피케어 제품,호남동 골목형상점가,골목형상점가,광주광역시,,,
f320e8f8ece97c30a4ed,full_annotation_v1,A,q_미용_13,미용추천,뷰티·미용 중 '미용'을 판매·제공하는 매장,train,미용,T6 기계변형,b9b0c2ac-289a-48c9-91ad-25c016f1f24e,미무드,미용,양원숲길 골목형상점가,골목형상점가,서울특별시,,,
a874e19581b212f129d2,full_annotation_v1,A,q_미용_13,미용추천,뷰티·미용 중 '미용'을 판매·제공하는 매장,train,미용,T6 기계변형,06261986-3eba-4244-b63f-397460d82f4a,이곳,미용,나주혁신도시 골목형상점가,골목형상점가,전라남도,,,
a601ee5c59a194b020eb,full_annotation_v1,A,q_미용_13,미용추천,뷰티·미용 중 '미용'을 판매·제공하는 매장,train,미용,T6 기계변형,0250e284-2897-44e3-b681-da46d2c84cd1,쏘이살롱(SSOISALON)2호점,헤어,빛가람 하나로 골목형상점가,골목형상점가,전라남도,,,
aa9243b43dcca63f8561,full_annotation_v1,A,q_미용_13,미용추천,뷰티·미용 중 '미용'을 판매·제공하는 매장,train,미용,T6 기계변형,1934ca93-c38b-44af-9f91-5ea8ae0972a2,광장이발소,이발소,춘천지하상가,일반지하상점가,강원특별자치도,,,
3067424f6e8170b5a339,full_annotation_v1,A,q_미용_13,미용추천,뷰티·미용 중 '미용'을 판매·제공하는 매장,train,미용,T6 기계변형,77d79c40-c19e-4721-8219-8cbb425d3b13,감전통닭,치킨,권선종합시장,전통시장,경기도,,,
5471a736d64387026599,full_annotation_v1,A,q_미용_13,미용추천,뷰티·미용 중 '미용'을 판매·제공하는 매장,train,미용,T6 기계변형,c829250c-cb98-4612-87ed-acea46954461,꿍네일,미용,과천중앙동상점가,자율상권구역,경기도,,,
1f4f13bd37832f4fd7ad,full_annotation_v1,A,q_미용_13,미용추천,뷰티·미용 중 '미용'을 판매·제공하는 매장,train,미용,T6 기계변형,f4ed16cf-5475-4028-a3e5-30957f9cc42f,루온,미용,강북북부골목시장 골목형상점가,골목형상점가,서울특별시,,,
ec45403525da1e8b8dc5,full_annotation_v1,A,q_미용_13,미용추천,뷰티·미용 중 '미용'을 판매·제공하는 매장,train,미용,T6 기계변형,000d8836-38bd-43a9-92f2-698d67d5926b,라미헤어스튜디오,미용실,포항중앙상가,전통시장,경상북도,,,
e3856b21677fd67cb7db,full_annotation_v1,A,q_미용_13,미용추천,뷰티·미용 중 '미용'을 판매·제공하는 매장,train,미용,T6 기계변형,22afdf71-1217-4bb8-838e-23a6534d5d55,VOHAB헤어살롱,머리,신가아름마을,골목형상점가,광주광역시,,,
798069f25f11c0ba21d5,full_annotation_v1,A,q_미용_13,미용추천,뷰티·미용 중 '미용'을 판매·제공하는 매장,train,미용,T6 기계변형,0017ec9c-4997-4ef5-a552-7fffc7dd149c,아리따움 진주서부점,화장품,진주 새서부시장,전통시장,경상남도,,,
a85748100495fa3476e7,full_annotation_v1,A,q_미용_13,미용추천,뷰티·미용 중 '미용'을 판매·제공하는 매장,train,미용,T6 기계변형,01bbc08f-bb91-4aae-a597-a5e183ea0d11,언니네살롱,헤어,송정 다누리 골목형상점가,골목형상점가,광주광역시,,,
d8f390c3b6fce5fe4e51,full_annotation_v1,A,q_미용_13,미용추천,뷰티·미용 중 '미용'을 판매·제공하는 매장,train,미용,T6 기계변형,ef9e423e-0d4a-4b8a-837d-6a9c6cc9e299,HH미용실,미용,대전아이파크시티 골목형상점가,골목형상점가,대전광역시,,,
34e9f2ba0cd89336e2d7,full_annotation_v1,A,q_미용_13,미용추천,뷰티·미용 중 '미용'을 판매·제공하는 매장,train,미용,T6 기계변형,00138176-f25b-4a96-9761-dd00f1a4dd28,보아스헤어아트,미용,봉제산길골목형상점가,골목형상점가,서울특별시,,,
4d4acc5b8d40d13b6f67,full_annotation_v1,A,q_미용_13,미용추천,뷰티·미용 중 '미용'을 판매·제공하는 매장,train,미용,T6 기계변형,a334cbaa-ad6a-4c36-9f62-c2535edde00f,지니어스,컴퓨터기기,대구종합유통단지전자관사업협동조합,전통시장,대구광역시,,,
414e5ff8d7045666a6d4,full_annotation_v1,A,q_미용_13,미용추천,뷰티·미용 중 '미용'을 판매·제공하는 매장,train,미용,T6 기계변형,038c2ca6-a29e-4fb1-91d4-52b8a417f0e2,예쁜머리만들기,,뚝섬로윗길 골목형상점가,골목형상점가,서울특별시,,,
0b1382a3e00ad4242589,full_annotation_v1,A,q_미용_13,미용추천,뷰티·미용 중 '미용'을 판매·제공하는 매장,train,미용,T6 기계변형,008c73ed-3ece-452b-aa49-b96b73ff1ba1,온결 스킨앤바디,화장품,가재마을 골목형상점가,골목형상점가,세종특별자치시,,,
5ad00b99d7c82e2848ef,full_annotation_v1,A,q_미용_13,미용추천,뷰티·미용 중 '미용'을 판매·제공하는 매장,train,미용,T6 기계변형,4ee2be3b-3311-4100-af50-2515c2eac5f3,장성농산,농산물,경동시장,전통시장,서울특별시,,,
14539d3fa0e4f9048813,full_annotation_v1,A,q_미용_13,미용추천,뷰티·미용 중 '미용'을 판매·제공하는 매장,train,미용,T6 기계변형,528350c3-c92c-4fe3-add9-e86f7d99366f,만두명가,음식,남성사계시장,전통시장,서울특별시,,,
9f933bec020fc458347d,full_annotation_v1,A,q_미용_13,미용추천,뷰티·미용 중 '미용'을 판매·제공하는 매장,train,미용,T6 기계변형,795a8b25-0ca0-4cbb-94cd-bf20cd89ae7e,영동 미용실,미용,금촌문화로시장,전통시장,경기도,,,
5cd5a7bf5029ecb6f3c9,full_annotation_v1,A,q_미용_13,미용추천,뷰티·미용 중 '미용'을 판매·제공하는 매장,train,미용,T6 기계변형,00131122-77cf-4772-b141-202f0f950f5c,라라샵,화장품,유성신나는 골목형상점가,골목형상점가,대전광역시,,,
28145a3909c93ef054f4,full_annotation_v1,A,q_미용_13,미용추천,뷰티·미용 중 '미용'을 판매·제공하는 매장,train,미용,T6 기계변형,49d788a9-1df1-42c4-8692-17a4cae2de5b,어맥헤어,미용,첨단중해 골목형상점가,골목형상점가,광주광역시,,,
afa5f4e6304fc8e0a71a,full_annotation_v1,A,q_미용_13,미용추천,뷰티·미용 중 '미용'을 판매·제공하는 매장,train,미용,T6 기계변형,d02b2d8e-5819-4a76-bc86-c41f1cdcfcd6,형제공구,철물,문산자유시장,전통시장,경기도,,,
acd0636cda2270e32675,full_annotation_v1,A,q_미용_13,미용추천,뷰티·미용 중 '미용'을 판매·제공하는 매장,train,미용,T6 기계변형,4e1a25ca-7b41-47ed-99e8-2bfc6ba54521,바노두피,두피케어,새롬동 골목형상점가,골목형상점가,세종특별자치시,,,
9c80487fcc1373c51bc9,full_annotation_v1,A,q_미용_13,미용추천,뷰티·미용 중 '미용'을 판매·제공하는 매장,train,미용,T6 기계변형,250a6353-3abf-440a-980f-3eb057133683,세종골프아카데미,골프,나성동 소방청 골목형상점가,골목형상점가,세종특별자치시,,,
1928ddd3a8885a24190b,full_annotation_v1,A,q_미용_13,미용추천,뷰티·미용 중 '미용'을 판매·제공하는 매장,train,미용,T6 기계변형,09cd748e-514c-4403-8078-7c923fc22167,그레이스위그,가발,한듬레포츠,골목형상점가,광주광역시,,,
7b32e8d3324ff363dd67,full_annotation_v1,A,q_미용_13,미용추천,뷰티·미용 중 '미용'을 판매·제공하는 매장,train,미용,T6 기계변형,003f331a-de38-4946-a580-57373cb1175d,댕기머리,미용실,주천골목형상점가,골목형상점가,강원특별자치도,,,
d5616375de519735b4ee,full_annotation_v1,A,q_미용_13,미용추천,뷰티·미용 중 '미용'을 판매·제공하는 매장,train,미용,T6 기계변형,0da61065-68ce-4546-9dc8-e5f412be6f56,박샵,미용,흥국상가,자율상권구역,전라남도,,,
35e9ba56fa57f9b02c57,full_annotation_v1,A,q_미용_13,미용추천,뷰티·미용 중 '미용'을 판매·제공하는 매장,train,미용,T6 기계변형,027b7332-611e-498a-9ef6-1e9e536dbf4a,모모샵,두발 시술,온누리상인회 골목형상점가,골목형상점가,광주광역시,,,
c06cfa9d9ddfe2e55978,full_annotation_v1,A,q_미용_13,미용추천,뷰티·미용 중 '미용'을 판매·제공하는 매장,train,미용,T6 기계변형,00222f52-5d1f-4fb1-b0a6-7b4864ce177f,아리따움서대문연희점,화장품,연희사러가,전통시장,서울특별시,,,
ee55fd7754efa1d3ced6,full_annotation_v1,A,q_미용_13,미용추천,뷰티·미용 중 '미용'을 판매·제공하는 매장,train,미용,T6 기계변형,e32b8c93-8207-4155-9f0d-d39cf7893cc1,선 미용실,미용,두텁바위 골목형상점가,골목형상점가,서울특별시,,,
0740194326eb1d813a16,full_annotation_v1,A,q_미용_13,미용추천,뷰티·미용 중 '미용'을 판매·제공하는 매장,train,미용,T6 기계변형,111d2176-af6d-4214-844a-51453de36f46,주연가발,가발,고투몰(강남터미널지하도상점가),일반지하상점가,서울특별시,,,
77b413e4b4f64c801d07,full_annotation_v1,A,q_미용_13,미용추천,뷰티·미용 중 '미용'을 판매·제공하는 매장,train,미용,T6 기계변형,d4fe2c89-fafc-4b10-aac6-45424fd16193,미메탈 미용실,미용,금부로상인회 골목형상점가,골목형상점가,광주광역시,,,
7eb0a8c7dae5923d9f5d,full_annotation_v1,A,q_미용_13,미용추천,뷰티·미용 중 '미용'을 판매·제공하는 매장,train,미용,T6 기계변형,80c4738a-934b-4b41-9de9-a82a5967a614,천외천,한식,상봉먹자골목형상점가,골목형상점가,서울특별시,,,
61be60a36ed6db5e90d1,full_annotation_v1,A,q_미용_13,미용추천,뷰티·미용 중 '미용'을 판매·제공하는 매장,train,미용,T6 기계변형,442cf767-a47e-4b4b-a06c-9a55c97641c0,드부아네일,"네일아트, 케어",동송전통시장,전통시장,강원특별자치도,,,
27cbbccaee70f267c52e,full_annotation_v1,A,q_미용_13,미용추천,뷰티·미용 중 '미용'을 판매·제공하는 매장,train,미용,T6 기계변형,0bf0f3f3-940c-43c3-8fdb-cc7fa8b52524,고운머리,"소매(가발,액세서리,자수용품)",미금현대벤처빌시장,전통시장,경기도,,,
ca9c28af67cd9bed2ac0,full_annotation_v1,A,q_미용_13,미용추천,뷰티·미용 중 '미용'을 판매·제공하는 매장,train,미용,T6 기계변형,1dc62e9b-ad9b-4566-9011-25163c7ed424,한아름 종묘사,비료,일산중앙상점가 골목형상점가,골목형상점가,경기도,,,
c72197ea8f1a0c18e856,full_annotation_v1,A,q_미용_13,미용추천,뷰티·미용 중 '미용'을 판매·제공하는 매장,train,미용,T6 기계변형,dbb1f8d4-8c30-431e-a483-7b2a4b6251ee,미&남 미용실,미용업,연제동 골목형상점가,골목형상점가,광주광역시,,,
a21ddc86a1e95f6f0ad0,full_annotation_v1,A,q_미용_13,미용추천,뷰티·미용 중 '미용'을 판매·제공하는 매장,train,미용,T6 기계변형,c72ad5e5-3bac-47b9-8014-f1b9367630e1,안녕제천,,제천중앙시장,전통시장,충청북도,,,
172e956429f7bb58449e,full_annotation_v1,A,q_미용_13,미용추천,뷰티·미용 중 '미용'을 판매·제공하는 매장,train,미용,T6 기계변형,47c8f851-78a3-4575-a8e5-ff734102adda,바다식품,수산물,동원전통종합시장,전통시장,서울특별시,,,
655f3bfe3738badd6405,full_annotation_v1,A,q_미용_13,미용추천,뷰티·미용 중 '미용'을 판매·제공하는 매장,train,미용,T6 기계변형,039ab44d-ff38-41e4-8b48-22a1a8576261,헤어초이스앤두피케어,,도마달 골목형상점가,골목형상점가,대전광역시,,,
68ca679be7ab5c300838,full_annotation_v1,A,q_미용_13,미용추천,뷰티·미용 중 '미용'을 판매·제공하는 매장,train,미용,T6 기계변형,4d087931-6a38-4dda-8c34-b7ed078ab638,까끼,미용,순헌황귀비길 골목형상점가,골목형상점가,서울특별시,,,
8a9b33a5fc361bc9e9d8,full_annotation_v1,A,q_미용_13,미용추천,뷰티·미용 중 '미용'을 판매·제공하는 매장,train,미용,T6 기계변형,47ac625a-f2cb-4255-b11c-08b807475529,손현정뷰티&네일,두피케어제품,우산동빛고을 골목형상점가,골목형상점가,광주광역시,,,
cbcb9a72f2d5e3b356f4,full_annotation_v1,A,q_미용_13,미용추천,뷰티·미용 중 '미용'을 판매·제공하는 매장,train,미용,T6 기계변형,003cdc8a-95fe-43ea-8350-f4c63913a6f8,정선화장품,화장품,오천시장,전통시장,경상북도,,,
5f45ef9ef61e3b3e604b,full_annotation_v1,A,q_미용_13,미용추천,뷰티·미용 중 '미용'을 판매·제공하는 매장,train,미용,T6 기계변형,bf76529e-a1ba-4c08-a29f-cce2b9cc370f,뉴발란스 구미점,"의류, 스포츠용품",문화로 자율상권구역,상권활성화구역,경상북도,,,
7363c7e10812542667d6,full_annotation_v1,A,q_미용_13,미용추천,뷰티·미용 중 '미용'을 판매·제공하는 매장,train,미용,T6 기계변형,7bcac876-71ee-42e3-9848-7bc1fc755ecc,최헤어,미용,강북북부골목시장 골목형상점가,골목형상점가,서울특별시,,,
b39556904a95c78860e1,full_annotation_v1,A,q_미용_13,미용추천,뷰티·미용 중 '미용'을 판매·제공하는 매장,train,미용,T6 기계변형,064162f2-e3e2-48f7-9ba7-38cefb3c735b,스텔라 가발전문점,,부천역 지하도로 상가,일반지하상점가,경기도,,,
1dcd0c1fb0e74478b3c3,full_annotation_v1,A,q_미용_13,미용추천,뷰티·미용 중 '미용'을 판매·제공하는 매장,train,미용,T6 기계변형,03321569-a189-4dea-8592-49bb6f114163,김송정머리터용인점 봄날애 헤어,헤어,동백역 골목형상점가,골목형상점가,경기도,,,
aeb33798902968fe8ccf,full_annotation_v1,A,q_미용_13,미용추천,뷰티·미용 중 '미용'을 판매·제공하는 매장,train,미용,T6 기계변형,0009149f-621a-493e-9fd1-252a8ac6c75b,글로리,미용실,중흥동 큰샘길 골목형상점가,골목형상점가,광주광역시,,,
358683bed2fe6d6e9f92,full_annotation_v1,A,q_미용_13,미용추천,뷰티·미용 중 '미용'을 판매·제공하는 매장,train,미용,T6 기계변형,22a94491-853d-4840-b253-418bc12c7e10,산천,,홍도 골목형상점가,골목형상점가,대전광역시,,,
4279afaa3cae073bd234,full_annotation_v1,A,q_미용_13,미용추천,뷰티·미용 중 '미용'을 판매·제공하는 매장,train,미용,T6 기계변형,792facf0-a766-48cf-a764-13ea5bd3926a,김예린 미용실,미용,봉선중길 골목형상점가,골목형상점가,광주광역시,,,
e479b9ecbb59f4307ed5,full_annotation_v1,A,q_미용_13,미용추천,뷰티·미용 중 '미용'을 판매·제공하는 매장,train,미용,T6 기계변형,0cdf4d0f-dbb4-403a-a13f-4ff3ff431efb,윤샵,미용,한배미로 골목형상점가,골목형상점가,전북특별자치도,,,
7633e48aa1273ab03dfb,full_annotation_v1,A,q_미용_13,미용추천,뷰티·미용 중 '미용'을 판매·제공하는 매장,train,미용,T6 기계변형,eba385d4-c6e6-4b9b-bd28-aa20a26f0431,조아마트,식품 및 잡화,인현시장 상점가,자율상권구역,서울특별시,,,
d10b6e4bc29d1f4aaa80,full_annotation_v1,A,q_미용_13,미용추천,뷰티·미용 중 '미용'을 판매·제공하는 매장,train,미용,T6 기계변형,01830c3a-5f7e-4396-9772-38b51bd90dc0,새로나국밥,국밥 족발 머리고기,무등시장,전통시장,광주광역시,,,
ad55de7b1129203f9ace,full_annotation_v1,A,q_미용_13,미용추천,뷰티·미용 중 '미용'을 판매·제공하는 매장,train,미용,T6 기계변형,46811266-5448-4d92-a775-62c10c552cdc,쥬띠미용실,미용,열우물전통시장( 구 십정종합시장),전통시장,인천광역시,,,
639b53c33913d6f9464f,full_annotation_v1,A,q_미용_13,미용추천,뷰티·미용 중 '미용'을 판매·제공하는 매장,train,미용,T6 기계변형,b62872d8-28a5-42e3-90a7-43a1986d6d7a,이은숙헤어샵,머리,공주산성 활성화구역,전통시장,충청남도,,,
b01bc14d84517449ee7b,full_annotation_v1,A,q_미용_13,미용추천,뷰티·미용 중 '미용'을 판매·제공하는 매장,train,미용,T6 기계변형,cb08deb1-6071-40d9-af7e-bb6ea6992e6e,미뽐헤어,미용,보람동 골목형상점가,골목형상점가,세종특별자치시,,,
92c9340422bb40e33b2c,full_annotation_v1,A,q_미용_13,미용추천,뷰티·미용 중 '미용'을 판매·제공하는 매장,train,미용,T6 기계변형,c1ab92ba-4382-45ba-b045-8e6917478120,엘런헤어,미용,신봉하나로 골목형상점가,골목형상점가,경기도,,,
de809b75419f5572925f,full_annotation_v1,A,q_미용_13,미용추천,뷰티·미용 중 '미용'을 판매·제공하는 매장,train,미용,T6 기계변형,c9e5208c-c135-4225-8f5d-e02e68d3a600,비사채헤어,머리,풍영철길로 골목형상점가,골목형상점가,광주광역시,,,
fc21b493b80c76b674bd,full_annotation_v1,A,q_미용_13,미용추천,뷰티·미용 중 '미용'을 판매·제공하는 매장,train,미용,T6 기계변형,011291c0-305f-48b7-b50a-635b97da79c0,라라헤어,헤어,한들물빛도시 골목형 상점가,골목형상점가,충청남도,,,
2cfab097cefb32ff2a69,full_annotation_v1,A,q_미용_13,미용추천,뷰티·미용 중 '미용'을 판매·제공하는 매장,train,미용,T6 기계변형,041af343-9a15-41ec-b89d-df94bc14f381,유종숙머리방,,춘천중앙시장,전통시장,강원특별자치도,,,
7ac257e46d91d016d437,full_annotation_v1,A,q_미용_13,미용추천,뷰티·미용 중 '미용'을 판매·제공하는 매장,train,미용,T6 기계변형,02484083-ef42-44cf-903b-18a6f84601de,더휴헤어,"미용, 헤어",창원 덕산1차상가,전통시장,경상남도,,,
7d351f13890807736dd1,full_annotation_v1,A,q_미용_13,미용추천,뷰티·미용 중 '미용'을 판매·제공하는 매장,train,미용,T6 기계변형,3332ba3e-e317-4aa9-88c3-bcefc71b49a4,슈룹헤어,미용,청주시 소나무길 일원 자율상권구역,상권활성화구역,충청북도,,,
336ff36621ff0a322430,full_annotation_v1,A,q_미용_13,미용추천,뷰티·미용 중 '미용'을 판매·제공하는 매장,train,미용,T6 기계변형,0041672f-0704-459b-a485-1502c7de1bef,지모바버샵,이발,쌍리단길상점가,자율상권구역,서울특별시,,,
96708ffc5edaf49d7e47,full_annotation_v1,A,q_미용_13,미용추천,뷰티·미용 중 '미용'을 판매·제공하는 매장,train,미용,T6 기계변형,73777934-029d-4380-a099-e948644462b2,일루아헤어스튜디오운암점,머리,운암북문대로 골목형상점가,골목형상점가,광주광역시,,,
a10fa308c44c67743310,full_annotation_v1,A,q_미용_13,미용추천,뷰티·미용 중 '미용'을 판매·제공하는 매장,train,미용,T6 기계변형,62665028-d411-4686-8a64-d5983df91da9,더숨네일,미용,숭실마루길골목형상점가,골목형상점가,서울특별시,,,
409dc6f40f550170b18d,full_annotation_v1,A,q_미용_13,미용추천,뷰티·미용 중 '미용'을 판매·제공하는 매장,train,미용,T6 기계변형,c1e7671c-cb6c-4275-88cf-c8f6c67ab78a,하삼동커피 송도센트럴파크점,커피,송도 아트포레 판매시설 골목형상점가,골목형상점가,인천광역시,,,
d9245427c51358271f47,full_annotation_v1,A,q_미용_13,미용추천,뷰티·미용 중 '미용'을 판매·제공하는 매장,train,미용,T6 기계변형,1f361493-5bbe-48b1-9639-f750d050cf93,노암이용원,이발,노암길골목형상점가,골목형상점가,강원특별자치도,,,
d771f5282a9056465b06,full_annotation_v1,A,q_미용_13,미용추천,뷰티·미용 중 '미용'을 판매·제공하는 매장,train,미용,T6 기계변형,70da967b-098e-4b0b-a02f-dafe5f078e36,아까르마 미용실,미용,광교매탄 골목형상점가,골목형상점가,경기도,,,
7e165260a853ecd7b8df,full_annotation_v1,A,q_미용_13,미용추천,뷰티·미용 중 '미용'을 판매·제공하는 매장,train,미용,T6 기계변형,00593d82-d6a7-4e33-8e50-1b8ea23e947f,뮤헤어,두발미용업,병점중심상가,자율상권구역,경기도,,,
0bacd839d4faf3986393,full_annotation_v1,A,q_미용_13,미용추천,뷰티·미용 중 '미용'을 판매·제공하는 매장,train,미용,T6 기계변형,6fa0dbac-ca9e-470e-860d-beee6bf33c2f,리므헤어,미용,효행구봉담상점가,골목형상점가,경기도,,,
463101c06de354f15747,full_annotation_v1,A,q_미용_13,미용추천,뷰티·미용 중 '미용'을 판매·제공하는 매장,train,미용,T6 기계변형,02d44cdc-b600-43fd-880d-cff5e9214c6b,서암이뱔관,이발소,통진시장,전통시장,경기도,,,
e4b9108a02f5b7bd2395,full_annotation_v1,A,q_미용_13,미용추천,뷰티·미용 중 '미용'을 판매·제공하는 매장,train,미용,T6 기계변형,0001b1fc-5455-433e-8e94-96d051362b17,유난희헤어샵,미용실,창원 대동그린코아상가,전통시장,경상남도,,,
3357aa3b5ee524287a60,full_annotation_v1,A,q_미용_13,미용추천,뷰티·미용 중 '미용'을 판매·제공하는 매장,train,미용,T6 기계변형,0157acd5-d1fd-46d1-afff-002eb6ffb986,나무헤어살롱,두발미용,죽전로데오상점가,전통시장,경기도,,,
6265eb7bcb2dfb548e39,full_annotation_v1,A,q_미용_13,미용추천,뷰티·미용 중 '미용'을 판매·제공하는 매장,train,미용,T6 기계변형,e736ac80-5c29-42e7-9707-e41f6035003b,아지트,,부사동 인삼거리 골목형상점가,골목형상점가,대전광역시,,,
1fd5aa34d471891431ce,full_annotation_v1,A,q_미용_13,미용추천,뷰티·미용 중 '미용'을 판매·제공하는 매장,train,미용,T6 기계변형,3c8727bd-36c3-44bd-afca-d4059400fd02,더솔,미용,상암마을상인회 골목형상점가,골목형상점가,광주광역시,,,
9fa6f07fb984893c2061,full_annotation_v1,A,q_미용_13,미용추천,뷰티·미용 중 '미용'을 판매·제공하는 매장,train,미용,T6 기계변형,a72c4896-7140-49f1-8cc1-15e98c6cfe98,깐느헤어,머리,자양15번가골목형상점가,골목형상점가,서울특별시,,,
59dadb94a1fd4bbd536c,full_annotation_v1,A,q_미용_13,미용추천,뷰티·미용 중 '미용'을 판매·제공하는 매장,train,미용,T6 기계변형,db282a48-adf5-4a05-a33c-6ed53b01b82c,드벌트,미용,부산대자율상권구역,기타,부산광역시,,,
73776fe824f306cb5b90,full_annotation_v1,A,q_미용_13,미용추천,뷰티·미용 중 '미용'을 판매·제공하는 매장,train,미용,T6 기계변형,6863feea-8c93-4e5a-98c0-5adc3846c35b,요야피,미용,명촌꽃길 골목형상점가,골목형상점가,울산광역시,,,
7a0adb654d0a0df0d267,full_annotation_v1,A,q_미용_13,미용추천,뷰티·미용 중 '미용'을 판매·제공하는 매장,train,미용,T6 기계변형,42ec574b-a6dc-4b81-9b65-573612fd2da2,예끼미용실,미용,오창전통시장,전통시장,충청북도,,,
d4dc61c6ecae1fd0050b,full_annotation_v1,A,q_미용_13,미용추천,뷰티·미용 중 '미용'을 판매·제공하는 매장,train,미용,T6 기계변형,e73a0198-6a1e-4746-a43a-678feac343f0,살롱드 얼루어,미용,역삼동 골목형상점가,골목형상점가,서울특별시,,,
e05305e6eae895a5f1b2,full_annotation_v1,A,q_미용_13,미용추천,뷰티·미용 중 '미용'을 판매·제공하는 매장,train,미용,T6 기계변형,10438442-a66e-4675-9cfa-fdb04e6d8020,스코빌바버샵,이발,전남대후문골목형상점가,골목형상점가,광주광역시,,,
03fa8a5eb8cb12b11199,full_annotation_v1,A,q_미용_13,미용추천,뷰티·미용 중 '미용'을 판매·제공하는 매장,train,미용,T6 기계변형,c190a0e1-40b4-45b3-afda-ffa4e5b521ac,야밋헤어,미용,고잔뜰 상점가,자율상권구역,경기도,,,
3d3431f0e32c132d2235,full_annotation_v1,A,q_미용_13,미용추천,뷰티·미용 중 '미용'을 판매·제공하는 매장,train,미용,T6 기계변형,c7db5380-b17a-4c93-8388-e307d59786e7,우리홈마트,소매(슈퍼마켓),군포당동로시장상점가,골목형상점가,경기도,,,
f8f4b29b6ac45403a950,full_annotation_v1,A,q_미용_13,미용추천,뷰티·미용 중 '미용'을 판매·제공하는 매장,train,미용,T6 기계변형,cd5bd912-8ce5-4e48-9f17-5b1d1524c79d,상무알찜,해산물 호키알 아귀,상무화원상인회 골목형상점가,골목형상점가,광주광역시,,,
7d78d936163577964b73,full_annotation_v1,A,q_미용_13,미용추천,뷰티·미용 중 '미용'을 판매·제공하는 매장,train,미용,T6 기계변형,25a75028-7609-464c-b1aa-b4535761fa77,화란 미용실,미용,덕산전통시장,전통시장,충청북도,,,
17cc58522f2b184b4757,full_annotation_v1,A,q_미용_13,미용추천,뷰티·미용 중 '미용'을 판매·제공하는 매장,train,미용,T6 기계변형,1158398c-1d39-40e8-8785-f6edad4efd75,e쁘네미용실,"커트, 파마, 염색, 가발",월빛 골목형상점가,골목형상점가,광주광역시,,,
c77053ff0accc0959b3c,full_annotation_v1,A,q_반찬_01,반찬,식료품 중 '반찬'을 판매·제공하는 매장,train,반찬,T1 정확표기,40cf4e56-206a-46b6-9fcd-fc3c992c1f5f,팔부 반찬,반찬,경산중앙상점가,자율상권구역,경상북도,,,
964a0b0410ea7d292073,full_annotation_v1,A,q_반찬_01,반찬,식료품 중 '반찬'을 판매·제공하는 매장,train,반찬,T1 정확표기,30890df3-24f3-4574-8e78-a01a53296273,김자매 반찬,반찬,연산골목시장상점가,자율상권구역,부산광역시,,,
d82876c0f2ad757ea121,full_annotation_v1,A,q_반찬_01,반찬,식료품 중 '반찬'을 판매·제공하는 매장,train,반찬,T1 정확표기,0d92cbf1-e515-46bc-b362-e27164d9fbda,정화마차,백반,쫑포상가 골목형상점가,골목형상점가,전라남도,,,
b6c87143031db8509763,full_annotation_v1,A,q_반찬_01,반찬,식료품 중 '반찬'을 판매·제공하는 매장,train,반찬,T1 정확표기,204b41cd-53e6-4dc5-9d65-4608c638e12d,숙이네 반찬,반찬,"온양온천시장(온양재래시장, 전통시장)",전통시장,충청남도,,,
9c72d78b05097c90938a,full_annotation_v1,A,q_반찬_01,반찬,식료품 중 '반찬'을 판매·제공하는 매장,train,반찬,T1 정확표기,5f4a8966-f5a9-4505-9636-eb631cdb94dc,소영이네 반찬,반찬,장림골목시장,전통시장,부산광역시,,,
c429a478b8f66dbfe1bc,full_annotation_v1,A,q_반찬_01,반찬,식료품 중 '반찬'을 판매·제공하는 매장,train,반찬,T1 정확표기,e4bb3fba-10a1-4cd4-a8ec-6ce9a0d06fa4,강원 반찬,반찬,장터길 골목형상점가,골목형상점가,경기도,,,
1fe6c6c0304dbf8b84a7,full_annotation_v1,A,q_반찬_01,반찬,식료품 중 '반찬'을 판매·제공하는 매장,train,반찬,T1 정확표기,2cc88801-24b0-4bd9-89e2-96bac58254b6,진영,면류 등,서문시장2지구 종합상가,전통시장,대구광역시,,,
3b5d3265a727ba2a3b2b,full_annotation_v1,A,q_반찬_01,반찬,식료품 중 '반찬'을 판매·제공하는 매장,train,반찬,T1 정확표기,008fd310-2ceb-4758-88b1-e124bc2b36d5,반찬마을,즉석반찬,반송큰시장,전통시장,부산광역시,,,
135fb30b692bc0422cc8,full_annotation_v1,A,q_반찬_01,반찬,식료품 중 '반찬'을 판매·제공하는 매장,train,반찬,T1 정확표기,6a938315-629b-4f31-8ca1-b40a88b9532e,에덴반찬,반찬,롯데 리치빌골목형상점가,골목형상점가,대전광역시,,,
158de6b554d608ec17b0,full_annotation_v1,A,q_반찬_01,반찬,식료품 중 '반찬'을 판매·제공하는 매장,train,반찬,T1 정확표기,03bba86e-80c4-42b0-8688-a0c912abdb07,돼지고기김치찌개,김치찌개,도담동 골목형상점가,골목형상점가,세종특별자치시,,,
43bf49a7b0d41fbb88d3,full_annotation_v1,A,q_반찬_01,반찬,식료품 중 '반찬'을 판매·제공하는 매장,train,반찬,T1 정확표기,93cdc485-88fe-463d-b5df-f4978d3b5aee,솔샘반찬,반찬,동북시장(프라자),전통시장,서울특별시,,,
7e06fc7b4be3854ae708,full_annotation_v1,A,q_반찬_01,반찬,식료품 중 '반찬'을 판매·제공하는 매장,train,반찬,T1 정확표기,c83a1240-fc90-44c3-bda6-61093e7478b1,가정집 반찬,반찬,석바위시장,전통시장,인천광역시,,,
d2686d4b93821fe5b194,full_annotation_v1,A,q_반찬_01,반찬,식료품 중 '반찬'을 판매·제공하는 매장,train,반찬,T1 정확표기,bd3d49b1-c294-49c9-b65a-dae46086e1e4,서주네 반찬,반찬,남목전통시장,전통시장,울산광역시,,,
c04073adc9a419163eab,full_annotation_v1,A,q_반찬_01,반찬,식료품 중 '반찬'을 판매·제공하는 매장,train,반찬,T1 정확표기,7d1fc79f-4127-450d-9356-ae1eb65e2a48,엄마손반찬,반찬,둔촌역전통시장,전통시장,서울특별시,,,
f570911609e6fd2a36a3,full_annotation_v1,A,q_반찬_01,반찬,식료품 중 '반찬'을 판매·제공하는 매장,train,반찬,T1 정확표기,000a95c4-e0a6-4011-86fb-04307bcfae38,황갈비,한식,김천황금시장,전통시장,경상북도,,,
561f242b3750732b0ba2,full_annotation_v1,A,q_반찬_01,반찬,식료품 중 '반찬'을 판매·제공하는 매장,train,반찬,T1 정확표기,62631faf-23c5-4d0f-a33e-50ee3df779b7,소망반찬,반찬,경주중앙시장,전통시장,경상북도,,,
c64f23652b397a6966e3,full_annotation_v1,A,q_반찬_01,반찬,식료품 중 '반찬'을 판매·제공하는 매장,train,반찬,T1 정확표기,d5089369-1891-4707-a5c1-3c5618717a57,신토불이 반찬,반찬,일산시장(구 일산전통시장),전통시장,경기도,,,
18223fa6d10ebdbf33c0,full_annotation_v1,A,q_반찬_01,반찬,식료품 중 '반찬'을 판매·제공하는 매장,train,반찬,T1 정확표기,00118834-a0f4-4127-ba7d-f7908ced2e1d,골목집,한식,대흥낭만거리 골목형상점가,골목형상점가,대전광역시,,,
d2538f63cee6f15258e5,full_annotation_v1,A,q_반찬_01,반찬,식료품 중 '반찬'을 판매·제공하는 매장,train,반찬,T1 정확표기,0ca69185-b3e5-4197-b6ae-5388a2e247a6,쿵이네백반,백반,인천종합어시장,전통시장,인천광역시,,,
049e8be8448c20b890af,full_annotation_v1,A,q_반찬_01,반찬,식료품 중 '반찬'을 판매·제공하는 매장,train,반찬,T1 정확표기,4e6480e4-404f-413e-a393-f4366640c571,복남이네 반찬,반찬,통영중앙전통시장,전통시장,경상남도,,,
dfca6fb832b60f82d222,full_annotation_v1,A,q_반찬_01,반찬,식료품 중 '반찬'을 판매·제공하는 매장,train,반찬,T1 정확표기,057052a8-e922-408d-9631-152fbd0f3bdb,대덕상회,나물,양동시장,전통시장,광주광역시,,,
10068af3751164260916,full_annotation_v1,A,q_반찬_01,반찬,식료품 중 '반찬'을 판매·제공하는 매장,train,반찬,T1 정확표기,ace88032-980a-4cd9-bc7b-b10ecfa61a8e,귀찬,반찬,송도 아트포레 판매시설 골목형상점가,골목형상점가,인천광역시,,,
a9b36e53ad876ce58638,full_annotation_v1,A,q_반찬_01,반찬,식료품 중 '반찬'을 판매·제공하는 매장,train,반찬,T1 정확표기,2412aca5-cf5c-4f20-9d72-1b098c7ae2cd,조부장네 반찬,반찬,역곡상상시장(구 역곡북부시장),전통시장,경기도,,,
89e64961a015f61678e2,full_annotation_v1,A,q_반찬_01,반찬,식료품 중 '반찬'을 판매·제공하는 매장,train,반찬,T1 정확표기,010b729e-dfdc-4b2c-ac41-376db70ef2c0,우여사애찬방,반찬,안동광석거리 골목형상점가,골목형상점가,경상북도,,,
4a580a4a74f45b827f3f,full_annotation_v1,A,q_반찬_01,반찬,식료품 중 '반찬'을 판매·제공하는 매장,train,반찬,T1 정확표기,0a3c0ee1-95ea-4285-bf50-870e31a204f0,풍암반찬,반찬,풍암신암상인회 골목형상점가,골목형상점가,광주광역시,,,
a050c1b9399ab29b7ad8,full_annotation_v1,A,q_반찬_01,반찬,식료품 중 '반찬'을 판매·제공하는 매장,train,반찬,T1 정확표기,31896345-eca2-4f2f-a848-d3e86069c408,순심이네 반찬,반찬,오룡시장 골목형상점가,골목형상점가,전라남도,,,
bbde46e46715f941a2a7,full_annotation_v1,A,q_반찬_01,반찬,식료품 중 '반찬'을 판매·제공하는 매장,train,반찬,T1 정확표기,5436daab-66ba-44d1-9a9e-5dd106233cc8,물고기자리,생선,정남진장흥토요시장,전통시장,전라남도,,,
9237a5c45709e61fd7e3,full_annotation_v1,A,q_반찬_01,반찬,식료품 중 '반찬'을 판매·제공하는 매장,train,반찬,T1 정확표기,d748f063-47e9-4df7-bea6-b0288cd40421,엄마손반찬,반찬,호계종합시장,전통시장,경기도,,,
4281ebc9ef48d891f792,full_annotation_v1,A,q_반찬_01,반찬,식료품 중 '반찬'을 판매·제공하는 매장,train,반찬,T1 정확표기,03a6e716-3825-40e3-ba06-e047ee5e5483,부일반찬,김치,초량전통시장,전통시장,부산광역시,,,
08ce8c8b8e729b21411d,full_annotation_v1,A,q_반찬_01,반찬,식료품 중 '반찬'을 판매·제공하는 매장,train,반찬,T1 정확표기,d20bb194-2579-4090-a195-15a8f116f2df,코코반찬,반찬,나운종합상가 골목형상점가,골목형상점가,전북특별자치도,,,
d4d9fe4a9c940dd7eda5,full_annotation_v1,A,q_반찬_01,반찬,식료품 중 '반찬'을 판매·제공하는 매장,train,반찬,T1 정확표기,e42301ee-2538-487e-9e6b-9568dd8e56e3,동진반찬,반찬,장림골목시장,전통시장,부산광역시,,,
8707f83bd5778b0d1861,full_annotation_v1,A,q_반찬_01,반찬,식료품 중 '반찬'을 판매·제공하는 매장,train,반찬,T1 정확표기,c4598a58-12d0-4436-9018-f04834fece0c,은교반찬,반찬,용산용문시장,전통시장,서울특별시,,,
a745ed322daf7c473d67,full_annotation_v1,A,q_반찬_01,반찬,식료품 중 '반찬'을 판매·제공하는 매장,train,반찬,T1 정확표기,f0fc6a26-f167-4cde-97e4-5fa6665a38a7,남경야채(반찬),반찬,망원시장,전통시장,서울특별시,,,
c52d7ec52a1e4d8c0299,full_annotation_v1,A,q_반찬_01,반찬,식료품 중 '반찬'을 판매·제공하는 매장,train,반찬,T1 정확표기,0d138a7d-b357-43ca-a98f-3514dda81c3b,돌고래수산,수산물,통영 서호전통시장,전통시장,경상남도,,,
777e79a3047b6ae4b565,full_annotation_v1,A,q_반찬_01,반찬,식료품 중 '반찬'을 판매·제공하는 매장,train,반찬,T1 정확표기,caf73004-600d-43ea-aaf6-a82ff75505d6,장위건강원,건강식품,꿈의숲장곡골목형상점가,골목형상점가,서울특별시,,,
41adb868099612e6a301,full_annotation_v1,A,q_반찬_01,반찬,식료품 중 '반찬'을 판매·제공하는 매장,train,반찬,T1 정확표기,006895c5-d037-4e3d-9cfb-6972007a350a,반찬사랑,반찬,오치2동 골목형상점가,골목형상점가,광주광역시,,,
d0e4f00c7ee3b26381b5,full_annotation_v1,A,q_반찬_01,반찬,식료품 중 '반찬'을 판매·제공하는 매장,train,반찬,T1 정확표기,1a0003b8-f0c1-4b9f-b563-3174aad152ae,반찬 홍어회무침,반찬,화성남양시장,전통시장,경기도,,,
fe79ebdeca62ef54f4c0,full_annotation_v1,A,q_반찬_01,반찬,식료품 중 '반찬'을 판매·제공하는 매장,train,반찬,T1 정확표기,9b8a7b96-d16f-4406-be01-995f079a5994,우리집 반찬,반찬,의정부제일시장,전통시장,경기도,,,
a566cbb6f98d0e5014f7,full_annotation_v1,A,q_반찬_01,반찬,식료품 중 '반찬'을 판매·제공하는 매장,train,반찬,T1 정확표기,d9d413d3-4273-45b7-9388-5684806612fb,종합반찬,반찬,합덕중앙상점가,자율상권구역,충청남도,,,
5a9a2d1033651b6a7f56,full_annotation_v1,A,q_반찬_01,반찬,식료품 중 '반찬'을 판매·제공하는 매장,train,반찬,T1 정확표기,00066748-bce9-4daa-b881-7902dad46f14,하단맛집,한식,하단자율상권구역,,부산광역시,,,
15042b154a6cf1b024fd,full_annotation_v1,A,q_반찬_01,반찬,식료품 중 '반찬'을 판매·제공하는 매장,train,반찬,T1 정확표기,c364337f-5d9b-4ddd-88dc-836a1c848d63,금술이네 반찬,반찬,복개도로 상가번영회 골목형상점가,골목형상점가,광주광역시,,,
b7bbb7980bb16b33036b,full_annotation_v1,A,q_반찬_01,반찬,식료품 중 '반찬'을 판매·제공하는 매장,train,반찬,T1 정확표기,030bc960-9493-4dd5-93ea-5b56023601af,왕돼지 김치찌개,김치찌개,쌍정 골목형상점가,골목형상점가,전라남도,,,
3c7cc096ee112958aa16,full_annotation_v1,A,q_반찬_01,반찬,식료품 중 '반찬'을 판매·제공하는 매장,train,반찬,T1 정확표기,9a6302f3-3aec-4f80-81a1-eede906d54f2,신광반찬,반찬,익산매일시장,전통시장,전북특별자치도,,,
8fb892b8b36dbca7a0bd,full_annotation_v1,A,q_반찬_01,반찬,식료품 중 '반찬'을 판매·제공하는 매장,train,반찬,T1 정확표기,0a138793-f11f-41cc-ba18-73f3c94d3a6b,봉진반찬,반찬,원주중앙시장활성화구역,상권활성화구역,강원특별자치도,,,
b9231c23fb883c315ef5,full_annotation_v1,A,q_반찬_01,반찬,식료품 중 '반찬'을 판매·제공하는 매장,train,반찬,T1 정확표기,1e2f83f7-5f45-452c-8417-13e26568807b,으뜸반찬,반찬,봉리단길골목형상점가,골목형상점가,서울특별시,,,
cb7b5c59489a25d1ec23,full_annotation_v1,A,q_반찬_01,반찬,식료품 중 '반찬'을 판매·제공하는 매장,train,반찬,T1 정확표기,4f92f4ed-eabc-4a21-a8cd-bb0d66279e9b,처가집 반찬,반찬,김해 외동전통시장,전통시장,경상남도,,,
e27e9410cb8caefd41c6,full_annotation_v1,A,q_반찬_01,반찬,식료품 중 '반찬'을 판매·제공하는 매장,train,반찬,T1 정확표기,801c4f7b-2948-48b6-924a-82691464eae2,호정,소매(의류),고투몰(강남터미널지하도상점가),일반지하상점가,서울특별시,,,
66bed5255040b5f7279b,full_annotation_v1,A,q_반찬_01,반찬,식료품 중 '반찬'을 판매·제공하는 매장,train,반찬,T1 정확표기,6999dd6b-2ff8-4717-b606-9a846594cffa,신서방부대찌개,한식,가락골 골목형상점가,골목형상점가,서울특별시,,,
469ff52c716845f24bb1,full_annotation_v1,A,q_반찬_01,반찬,식료품 중 '반찬'을 판매·제공하는 매장,train,반찬,T1 정확표기,f8120578-03c4-4d62-bf22-06b8e5525049,행복도시락&반찬,반찬,반여2동상가시장,전통시장,부산광역시,,,
b27552f3d5db3d447559,full_annotation_v1,A,q_반찬_01,반찬,식료품 중 '반찬'을 판매·제공하는 매장,train,반찬,T1 정확표기,a93ba21a-d0a1-4cf8-8877-902657ab72d8,오밥찬,반찬,푸른솔빛골목형상점가,골목형상점가,인천광역시,,,
6c4e01293fa6db06f21f,full_annotation_v1,A,q_반찬_01,반찬,식료품 중 '반찬'을 판매·제공하는 매장,train,반찬,T1 정확표기,cdd5be12-eedc-4699-b0df-4101a4db0518,해냄식품,반찬,쌍문시장(쌍문역골목시장),전통시장,서울특별시,,,
fe1b6e813e04a5591cfb,full_annotation_v1,A,q_반찬_01,반찬,식료품 중 '반찬'을 판매·제공하는 매장,train,반찬,T1 정확표기,fe309d7b-2c0d-41be-b646-0eee6fa1f435,장터반찬,반찬,중동사랑시장,전통시장,경기도,,,
e7e2c18e3823eb7c5825,full_annotation_v1,A,q_반찬_01,반찬,식료품 중 '반찬'을 판매·제공하는 매장,train,반찬,T1 정확표기,13817f50-60a8-4fed-858f-24eba275d6df,옛찬,반찬,봉동생강골시장,전통시장,전북특별자치도,,,
b547de6c96997d31e0f9,full_annotation_v1,A,q_반찬_01,반찬,식료품 중 '반찬'을 판매·제공하는 매장,train,반찬,T1 정확표기,9d4e4eb9-ba6a-4339-acb5-6167579e97f8,광명반찬,반찬,백운 대성시장 골목형상점가,골목형상점가,광주광역시,,,
283133af38547bdd4374,full_annotation_v1,A,q_반찬_01,반찬,식료품 중 '반찬'을 판매·제공하는 매장,train,반찬,T1 정확표기,4f8a79ee-cfd5-4d9c-a724-8a392828583d,대명반찬,반찬,대명시장,전통시장,대구광역시,,,
0931e5f3744ba8fb5d03,full_annotation_v1,A,q_반찬_01,반찬,식료품 중 '반찬'을 판매·제공하는 매장,train,반찬,T1 정확표기,ded5c0af-7dfc-4a3f-9a85-f87f7ab12441,맛나네 반찬,반찬,화정로상인회 골목형상점가,골목형상점가,광주광역시,,,
3d17a8f14d5f547a3d2a,full_annotation_v1,A,q_반찬_01,반찬,식료품 중 '반찬'을 판매·제공하는 매장,train,반찬,T1 정확표기,00181552-6cc5-406b-ac59-bf9816f61398,갓지은밥,한식,남광주시장,전통시장,,,,
08d7c6d768e9ed6d974f,full_annotation_v1,A,q_반찬_01,반찬,식료품 중 '반찬'을 판매·제공하는 매장,train,반찬,T1 정확표기,06fb679d-ab9f-415f-86de-0aacf28ac48c,운남콩나물국밥,한식(콩나물국밥),전주남부시장,전통시장,전북특별자치도,,,
a8b1e87281e9b6199357,full_annotation_v1,A,q_반찬_01,반찬,식료품 중 '반찬'을 판매·제공하는 매장,train,반찬,T1 정확표기,6d9df444-6c1f-426b-a4b3-d47a8f6f3e79,으뜸반찬,반찬,암사종합시장,전통시장,서울특별시,,,
219da522508cd34fb928,full_annotation_v1,A,q_반찬_01,반찬,식료품 중 '반찬'을 판매·제공하는 매장,train,반찬,T1 정확표기,9008a3ab-7b65-4bc8-9485-7067a3a54921,유정이네 반찬,반찬,성대시장골목형상점가,골목형상점가,서울특별시,,,
0639c6d06e61b553f2db,full_annotation_v1,A,q_반찬_01,반찬,식료품 중 '반찬'을 판매·제공하는 매장,train,반찬,T1 정확표기,7eacdc5e-11d2-4113-a134-a6fff6e16e34,미애네 반찬,반찬,김제중앙시장,전통시장,전북특별자치도,,,
1e3c75fd47ea5248f66c,full_annotation_v1,A,q_반찬_01,반찬,식료품 중 '반찬'을 판매·제공하는 매장,train,반찬,T1 정확표기,27f4955d-4ddf-411f-8b41-f4f3da51283a,옛날반찬,반찬,후평일단지시장,전통시장,강원특별자치도,,,
dd04be4d0f87a4d0f66b,full_annotation_v1,A,q_반찬_01,반찬,식료품 중 '반찬'을 판매·제공하는 매장,train,반찬,T1 정확표기,33f1d07a-7a7d-4fe3-91fc-a248891e86d8,맛있는 반찬,반찬,마천중앙시장,전통시장,서울특별시,,,
feb31ee40bd73c5dd791,full_annotation_v1,A,q_반찬_01,반찬,식료품 중 '반찬'을 판매·제공하는 매장,train,반찬,T1 정확표기,ba700003-d433-4456-b281-b42eb7f309a6,대궐집 반찬,반찬,의정부제일시장,전통시장,경기도,,,
fd99c0f3df28d8432dab,full_annotation_v1,A,q_반찬_01,반찬,식료품 중 '반찬'을 판매·제공하는 매장,train,반찬,T1 정확표기,35ec948e-b73d-43e9-a251-959a7b61f88b,율촌상회,채소,중마시장,전통시장,전라남도,,,
5735bde954bf5801f419,full_annotation_v1,A,q_반찬_01,반찬,식료품 중 '반찬'을 판매·제공하는 매장,train,반찬,T1 정확표기,96cd2926-7b47-4374-8b1b-0471f8c5b8b7,엄마손반찬,반찬,원종종합시장,전통시장,경기도,,,
dc91ff8265b1f88535aa,full_annotation_v1,A,q_반찬_01,반찬,식료품 중 '반찬'을 판매·제공하는 매장,train,반찬,T1 정확표기,0182c177-fcc7-47b0-8e12-99eb221aff79,시장초장식당,"칼국수, 열무비빔밥, 국, 반찬",경주중앙시장,전통시장,경상북도,,,
847edafe5bb37c729d6a,full_annotation_v1,A,q_반찬_01,반찬,식료품 중 '반찬'을 판매·제공하는 매장,train,반찬,T1 정확표기,1f28d7a5-8a2f-4bf4-a188-4f7f819a3121,언니네 반찬,반찬,사직시장,전통시장,부산광역시,,,
5d9a4228902bdaffa537,full_annotation_v1,A,q_반찬_01,반찬,식료품 중 '반찬'을 판매·제공하는 매장,train,반찬,T1 정확표기,271114c7-0437-4af8-b2c8-e99f15699877,성완집,반찬,수유시장,전통시장,서울특별시,,,
2a6182eeac8f9d62e424,full_annotation_v1,A,q_반찬_01,반찬,식료품 중 '반찬'을 판매·제공하는 매장,train,반찬,T1 정확표기,00c1e208-d4b3-47f5-8f6f-a0b8f4d47a3b,동아리족발,반찬및 족발,서동시장(창인시장),전통시장,전북특별자치도,,,
fa39fabe44d3641a0cb8,full_annotation_v1,A,q_반찬_01,반찬,식료품 중 '반찬'을 판매·제공하는 매장,train,반찬,T1 정확표기,01f160fc-531c-4191-aa22-453462e0f38a,천년,김치,오정동상점가,자율상권구역,대전광역시,,,
612ce27c0e22c2317016,full_annotation_v1,A,q_반찬_01,반찬,식료품 중 '반찬'을 판매·제공하는 매장,train,반찬,T1 정확표기,f9e541cc-cc3b-4957-a8ca-0d3257bebc3e,비젼,도소매(의류),동평화시장(동평화패션타운),전통시장,서울특별시,,,
573254fa50503cbb6201,full_annotation_v1,A,q_반찬_01,반찬,식료품 중 '반찬'을 판매·제공하는 매장,train,반찬,T1 정확표기,4465beb9-ce80-4ecd-b21f-bb648c819479,국찬당,반찬,둔촌역전통시장,전통시장,서울특별시,,,
fa9e8e13109e723fdf4e,full_annotation_v1,A,q_반찬_01,반찬,식료품 중 '반찬'을 판매·제공하는 매장,train,반찬,T1 정확표기,4b729a89-4176-4d25-a35b-d171a8e1575e,엄마손맛 반찬,반찬,신가동 골목형상점가,골목형상점가,광주광역시,,,
38c804bc7c13eea799b3,full_annotation_v1,A,q_반찬_01,반찬,식료품 중 '반찬'을 판매·제공하는 매장,train,반찬,T1 정확표기,001053bb-9a4d-431c-8073-f2204c857265,유달식당,한식,노량진수산시장골목형상점가,골목형상점가,서울특별시,,,
a0133dd10131b57fde01,full_annotation_v1,A,q_반찬_01,반찬,식료품 중 '반찬'을 판매·제공하는 매장,train,반찬,T1 정확표기,01b4b567-78d4-4fa1-9bff-25fd01fb1a4c,소문난김치집,김치,중앙먹거리 상인회 골목형상점가,골목형상점가,전라남도,,,
0d463324fc8b06a670d9,full_annotation_v1,A,q_반찬_01,반찬,식료품 중 '반찬'을 판매·제공하는 매장,train,반찬,T1 정확표기,65d3d5f9-2674-4fd5-a35d-5b83cdddd1fb,경성꽈배기 건대입구역점,제과,건대로데오거리골목형상점가,골목형상점가,서울특별시,,,
b10023f8694a19deba0c,full_annotation_v1,A,q_반찬_01,반찬,식료품 중 '반찬'을 판매·제공하는 매장,train,반찬,T1 정확표기,009ee53b-22c6-434e-bb94-47758d092857,미애네 달달스토어,반찬,송현시장,전통시장,인천광역시,,,
cdc2ae9a2abfed891876,full_annotation_v1,A,q_반찬_01,반찬,식료품 중 '반찬'을 판매·제공하는 매장,train,반찬,T1 정확표기,7f847992-1881-4f5f-b7be-5a4b0202b23b,반찬통,반찬,안마을 골목형상점가,골목형상점가,서울특별시,,,
b1df4f5c168c554b1d33,full_annotation_v1,A,q_반찬_01,반찬,식료품 중 '반찬'을 판매·제공하는 매장,train,반찬,T1 정확표기,8e807cef-787e-444d-809f-93bead219baa,직담,반찬,남성역 골목시장,전통시장,서울특별시,,,
f058a7bed379ea452636,full_annotation_v1,A,q_반찬_01,반찬,식료품 중 '반찬'을 판매·제공하는 매장,train,반찬,T1 정확표기,56c84255-0b9e-4c24-ac33-3688cc4f4b8a,못골반찬,"반찬, 전자상거래(반찬)",못골골목시장,전통시장,부산광역시,,,
2d9eca818628e80e204e,full_annotation_v1,A,q_반찬_01,반찬,식료품 중 '반찬'을 판매·제공하는 매장,train,반찬,T1 정확표기,624a6698-bfdb-4d32-b35c-3b76a8b7d353,윤포차,한식,자양로13길골목형상점가,골목형상점가,서울특별시,,,
b56aa0f760947654b0b7,full_annotation_v1,A,q_반찬_01,반찬,식료품 중 '반찬'을 판매·제공하는 매장,train,반찬,T1 정확표기,16eda152-9c4c-42ef-8822-959642281854,차반,반찬,청담동골목형상점가,골목형상점가,서울특별시,,,
2b924e2d1a2f0c67b946,full_annotation_v1,A,q_반찬_01,반찬,식료품 중 '반찬'을 판매·제공하는 매장,train,반찬,T1 정확표기,1510630a-6048-429b-8fae-b646ad87cdff,맛있는 반찬,반찬,괴정골목시장,전통시장,부산광역시,,,
6ea897348aeb5ac382cc,full_annotation_v1,A,q_반찬_01,반찬,식료품 중 '반찬'을 판매·제공하는 매장,train,반찬,T1 정확표기,d186142e-6526-4882-a664-cb9327c80937,동서반찬,반찬,장미제일시장,전통시장,서울특별시,,,
0c05db072e07f16b31f8,full_annotation_v1,A,q_반찬_01,반찬,식료품 중 '반찬'을 판매·제공하는 매장,train,반찬,T1 정확표기,6a3ecb3d-ff59-494c-9ee0-4249e90b4391,곱다,액세서리,부평중앙 지하상가,일반지하상점가,인천광역시,,,
a8f03d0837150dff5ad2,full_annotation_v1,A,q_반찬_01,반찬,식료품 중 '반찬'을 판매·제공하는 매장,train,반찬,T1 정확표기,caf0e9b8-250f-4b81-bab4-6499b340d010,맛있는 반찬,반찬(한식),포항큰동해시장,전통시장,경상북도,,,
29b2bf9587270dda8ce7,full_annotation_v1,A,q_반찬_01,반찬,식료품 중 '반찬'을 판매·제공하는 매장,train,반찬,T1 정확표기,ad65c557-bd79-4792-a778-6431e31c3e22,갓담근 반찬,반찬 김치,목3동골목형상점가,골목형상점가,서울특별시,,,
436ea929140d03d57606,full_annotation_v1,A,q_반찬_01,반찬,식료품 중 '반찬'을 판매·제공하는 매장,train,반찬,T1 정확표기,cff4c2f5-4277-498a-894e-7312accbb501,라임 반찬 광주선운점,반찬,선운별 골목형상점가,골목형상점가,광주광역시,,,
4aa9f1f1755087116a07,full_annotation_v1,A,q_반찬_01,반찬,식료품 중 '반찬'을 판매·제공하는 매장,train,반찬,T1 정확표기,046f1a64-839c-4742-b374-3899eead5a59,맛들,반찬,산격종합시장,전통시장,대구광역시,,,
85c7c31aa94e744d70d2,full_annotation_v1,A,q_반찬_01,반찬,식료품 중 '반찬'을 판매·제공하는 매장,train,반찬,T1 정확표기,aa0da5a7-b892-4417-92b6-c4d48368ba7d,행복한 반찬,반찬,토지금고시장,전통시장,인천광역시,,,
8a7001cd5fdc7f1b0df2,full_annotation_v1,A,q_반찬_01,반찬,식료품 중 '반찬'을 판매·제공하는 매장,train,반찬,T1 정확표기,1bc0b5f7-1137-407d-8ccd-6d4bf30f539f,기희네 반찬,반찬,상암마을상인회 골목형상점가,골목형상점가,광주광역시,,,
8c705f5bef0251fb76d4,full_annotation_v1,A,q_반찬_01,반찬,식료품 중 '반찬'을 판매·제공하는 매장,train,반찬,T1 정확표기,bea97fd5-0cd6-4511-a009-ce1977e004fe,미들커피,커피 및 음료,중앙상가시장,전통시장,대전광역시,,,
f84507599a6ee25c8351,full_annotation_v1,A,q_반찬_01,반찬,식료품 중 '반찬'을 판매·제공하는 매장,train,반찬,T1 정확표기,2c6bb6e6-60ec-464e-b117-bb55fd6108ab,엄마손반찬,반찬,대구예전우시장,전통시장,대구광역시,,,
a9988d9ccb55ee4182ae,full_annotation_v1,A,q_반찬_01,반찬,식료품 중 '반찬'을 판매·제공하는 매장,train,반찬,T1 정확표기,04c68b7c-b1d5-4deb-8514-bdb73d9034fd,천하일미닭강정,닭강정,까치산시장,전통시장,서울특별시,,,
ac86855f59a96727d6bc,full_annotation_v1,A,q_반찬_01,반찬,식료품 중 '반찬'을 판매·제공하는 매장,train,반찬,T1 정확표기,4658bfbd-42d4-44fb-a444-501a71965109,진원 반찬,반찬,항동 골목형상점가,골목형상점가,서울특별시,,,
f15a940944414e8a4102,full_annotation_v1,A,q_반찬_01,반찬,식료품 중 '반찬'을 판매·제공하는 매장,train,반찬,T1 정확표기,fa191eb7-d49e-4864-9ff7-1a1321f44a2b,맘찬,반찬,화천재래시장,전통시장,강원특별자치도,,,
749668e4e182acb6236a,full_annotation_v1,A,q_반찬_01,반찬,식료품 중 '반찬'을 판매·제공하는 매장,train,반찬,T1 정확표기,484b1b89-25ce-4e66-ac5f-379846b5abc4,곰반찬,반찬,동쪽바다중앙시장(구 동해중앙시장),전통시장,강원특별자치도,,,
da2e7f57f7de7d0df81a,full_annotation_v1,A,q_반찬_01,반찬,식료품 중 '반찬'을 판매·제공하는 매장,train,반찬,T1 정확표기,d83300cc-ea66-4498-b6a3-cb02449dc1f1,싱싱반찬,반찬,도곡시장,자율상권구역,서울특별시,,,
03a73801aedbe6b07575,full_annotation_v1,A,q_반찬_01,반찬,식료품 중 '반찬'을 판매·제공하는 매장,train,반찬,T1 정확표기,f1b5d59d-54c8-415d-b89f-9cdeca8827fb,미다래 반찬,반찬,운수대통!생거진천전통시장,전통시장,충청북도,,,
4359d67e11ebfd7cc088,full_annotation_v1,A,q_반찬_01,반찬,식료품 중 '반찬'을 판매·제공하는 매장,train,반찬,T1 정확표기,8e5b909c-3602-4e5b-a7d4-ecb5553e6ed7,소문난 반찬,반찬,월촌역시장(구 송현주공시장),전통시장,대구광역시,,,
689aa826c162c287eda2,full_annotation_v1,A,q_반찬_01,반찬,식료품 중 '반찬'을 판매·제공하는 매장,train,반찬,T1 정확표기,1139de72-64f6-480d-ba93-09f3309fec0b,"맛있는 국,반찬",반찬,달서시장,전통시장,대구광역시,,,
dc4271d0764edf07c7fb,full_annotation_v1,A,q_반찬_01,반찬,식료품 중 '반찬'을 판매·제공하는 매장,train,반찬,T1 정확표기,8c829eff-e92e-467b-b16e-6f6bc93283ab,할머니네 반찬,반찬,문산자유시장,전통시장,경기도,,,
d67b3c37a6164796d298,full_annotation_v1,A,q_반찬_01,반찬,식료품 중 '반찬'을 판매·제공하는 매장,train,반찬,T1 정확표기,0d26b9ec-a86e-4525-ad49-3555d87c5163,선채령,백반,부곡맛고을상가,자율상권구역,경상북도,,,
5819fac193a459b1355c,full_annotation_v1,A,q_반찬_01,반찬,식료품 중 '반찬'을 판매·제공하는 매장,train,반찬,T1 정확표기,7c24df41-9cf9-4aa3-8cf4-dbf4a06f69e9,채은이네 반찬,반찬,당감골목시장,전통시장,부산광역시,,,
bc855bcce5c183f95e0d,full_annotation_v1,A,q_반찬_01,반찬,식료품 중 '반찬'을 판매·제공하는 매장,train,반찬,T1 정확표기,0466a8b1-9b81-4cff-9d6a-a1b267e02528,영광댁반찬,반찬,신아타운,전통시장,서울특별시,,,
276fc8238164bc2ac395,full_annotation_v1,A,q_반찬_01,반찬,식료품 중 '반찬'을 판매·제공하는 매장,train,반찬,T1 정확표기,02dea6f1-bc12-4af7-a0d4-7c0c6599f247,고맙다바다야,백반,씨푸드타운 일반상가상인회 골목형상점가,골목형상점가,전라남도,,,
e3c7a6558e6f0c801011,full_annotation_v1,A,q_반찬_01,반찬,식료품 중 '반찬'을 판매·제공하는 매장,train,반찬,T1 정확표기,074d3f46-dc6f-4cac-ba54-e24b3fc79798,서민인생역전,콩나물불고기외 음식점,신장대리 자율상권구역,,강원특별자치도,,,
addaaa65626323c9e2a3,full_annotation_v1,A,q_반찬_01,반찬,식료품 중 '반찬'을 판매·제공하는 매장,train,반찬,T1 정확표기,066a89b7-02c2-4958-802d-9c2d6d2e567b,대원유통,"도소매(산나물,채소)",하대원공설시장,전통시장,경기도,,,
28c630147758a4a66f18,full_annotation_v1,A,q_반찬_01,반찬,식료품 중 '반찬'을 판매·제공하는 매장,train,반찬,T1 정확표기,decfb173-110f-4f1d-a848-b0e9b0478701,찬찬찬 반찬 장작구이,반찬,청주사창시장,전통시장,충청북도,,,
37a4fd5604245e1f8860,full_annotation_v1,A,q_반찬_01,반찬,식료품 중 '반찬'을 판매·제공하는 매장,train,반찬,T1 정확표기,a805a95b-8fb1-42b2-a2c1-04c2754f61b2,훈이네 반찬,반찬 김치즉석판매제조업,풍암우미상인회 골목형상점가,골목형상점가,광주광역시,,,
5ff2efe9eb3d1c1c6a6c,full_annotation_v1,A,q_반찬_01,반찬,식료품 중 '반찬'을 판매·제공하는 매장,train,반찬,T1 정확표기,003003dc-6951-4f07-8cf2-f31334c0b27d,미향반찬,반찬,신안코아,전통시장,경기도,,,
f8f8e2ff6f1898f2fe84,full_annotation_v1,A,q_반찬_01,반찬,식료품 중 '반찬'을 판매·제공하는 매장,train,반찬,T1 정확표기,075c6bae-06ca-49ed-9420-5bdad68d5c60,뚱스백반,백반,푸른마을공동체센터 골목형상점가,골목형상점가,광주광역시,,,
53c4315d2333f7ae06a7,full_annotation_v1,A,q_반찬_01,반찬,식료품 중 '반찬'을 판매·제공하는 매장,train,반찬,T1 정확표기,3cfeace8-d6ac-4f9d-8020-212306ca8471,윤가네,분식,월곡달빛오거리골목형상점가,골목형상점가,서울특별시,,,
0a1add45eae0928589bd,full_annotation_v1,A,q_반찬_01,반찬,식료품 중 '반찬'을 판매·제공하는 매장,train,반찬,T1 정확표기,1cb5a37a-653b-4305-b818-e8e11077a327,엄지네 반찬,반찬,서동시장(창인시장),전통시장,전북특별자치도,,,
78a6c0f8b44667daf8d7,full_annotation_v1,A,q_반찬_01,반찬,식료품 중 '반찬'을 판매·제공하는 매장,train,반찬,T1 정확표기,03539124-52c6-45c4-83dd-b26860094731,초당두채,콩나물,보성매일시장,전통시장,전라남도,,,
8a381b64ac266bb232a6,full_annotation_v1,A,q_반찬_01,반찬,식료품 중 '반찬'을 판매·제공하는 매장,train,반찬,T1 정확표기,0630599b-72bb-4b42-9de2-a26c2aab9aae,넉넉,반찬,대평동 골목형상점가,골목형상점가,세종특별자치시,,,
ef525e6b4c47dd6d8308,full_annotation_v1,A,q_반찬_01,반찬,식료품 중 '반찬'을 판매·제공하는 매장,train,반찬,T1 정확표기,8bc63909-e2ea-42b7-8856-377a4c7c6645,빈이네 반찬,반찬,효자천변1길 골목형상점가,골목형상점가,전북특별자치도,,,
310f9b1e4c3f37544d85,full_annotation_v1,A,q_반찬_01,반찬,식료품 중 '반찬'을 판매·제공하는 매장,train,반찬,T1 정확표기,122bddee-e0e3-452b-9d67-fe448ab27c07,참찬,반찬,봉천현대시장,전통시장,서울특별시,,,
6e47e7aa3003abe0fa02,full_annotation_v1,A,q_반찬_01,반찬,식료품 중 '반찬'을 판매·제공하는 매장,train,반찬,T1 정확표기,c27e8675-2c54-4ab4-92f7-fce229ba41cb,화분반찬,반찬,일신시장(舊 부일종합시장),전통시장,인천광역시,,,
32edb57783a634ad877b,full_annotation_v1,A,q_반찬_01,반찬,식료품 중 '반찬'을 판매·제공하는 매장,train,반찬,T1 정확표기,cbb34d75-4aef-4ae5-9319-4b3f3145b081,대전식육유통,식육,군산문화시장,전통시장,전북특별자치도,,,
caf4a503506edfaa95b7,full_annotation_v1,A,q_반찬_01,반찬,식료품 중 '반찬'을 판매·제공하는 매장,train,반찬,T1 정확표기,2f239380-7e50-4405-ac41-bd56dd982ae7,홍성상회,의류,군산역전종합시장,전통시장,전북특별자치도,,,
e5fa1a3ee7a4e51d1827,full_annotation_v1,A,q_반찬_02,김치,식료품 중 '반찬'을 판매·제공하는 매장,train,반찬,T2 동의어,d3cdd072-9f8a-4871-b837-f46a3a8c2c9e,강북김치,김치,수유시장,전통시장,서울특별시,,,
378b3f71ea7d5f895303,full_annotation_v1,A,q_반찬_02,김치,식료품 중 '반찬'을 판매·제공하는 매장,train,반찬,T2 동의어,0ca69185-b3e5-4197-b6ae-5388a2e247a6,쿵이네백반,백반,인천종합어시장,전통시장,인천광역시,,,
bcbbe01c73478516f210,full_annotation_v1,A,q_반찬_02,김치,식료품 중 '반찬'을 판매·제공하는 매장,train,반찬,T2 동의어,057052a8-e922-408d-9631-152fbd0f3bdb,대덕상회,나물,양동시장,전통시장,광주광역시,,,
83eb5052bb5818053619,full_annotation_v1,A,q_반찬_02,김치,식료품 중 '반찬'을 판매·제공하는 매장,train,반찬,T2 동의어,3ad5154c-d368-4882-bef8-5d7b56ed5cd9,김치매일담그는집,김치,장성읍 골목형상점가,골목형상점가,전라남도,,,
4f18a7cbc0f11b39de46,full_annotation_v1,A,q_반찬_02,김치,식료품 중 '반찬'을 판매·제공하는 매장,train,반찬,T2 동의어,2d7abe8c-12cf-448b-8d8d-0d8ab9cb0b4c,육일반찬김치,김치,중마시장,전통시장,전라남도,,,
b366d84179b990a6912a,full_annotation_v1,A,q_반찬_02,김치,식료품 중 '반찬'을 판매·제공하는 매장,train,반찬,T2 동의어,ca9740bf-dd19-415b-a965-f127275087c1,시장김치,김치,논산화지중앙시장,전통시장,충청남도,,,
58d6472ec174a8034264,full_annotation_v1,A,q_반찬_02,김치,식료품 중 '반찬'을 판매·제공하는 매장,train,반찬,T2 동의어,008fd310-2ceb-4758-88b1-e124bc2b36d5,반찬마을,즉석반찬,반송큰시장,전통시장,부산광역시,,,
85bbfec8db893ccd390c,full_annotation_v1,A,q_반찬_02,김치,식료품 중 '반찬'을 판매·제공하는 매장,train,반찬,T2 동의어,745005f4-b929-479a-8d2f-c85050316e04,전라도김치,김치,부평깡시장,전통시장,인천광역시,,,
c456fca51db812aba69b,full_annotation_v1,A,q_반찬_02,김치,식료품 중 '반찬'을 판매·제공하는 매장,train,반찬,T2 동의어,c5a6d0dd-d220-4d64-aff1-4958646aaace,바른김치,김치,양산동 하서로 골목형상점가,골목형상점가,광주광역시,,,
7bbf03353f3f76bd4eaa,full_annotation_v1,A,q_반찬_02,김치,식료품 중 '반찬'을 판매·제공하는 매장,train,반찬,T2 동의어,030bc960-9493-4dd5-93ea-5b56023601af,왕돼지 김치찌개,김치찌개,쌍정 골목형상점가,골목형상점가,전라남도,,,
4f7552d9cebd3d4c2fb6,full_annotation_v1,A,q_반찬_02,김치,식료품 중 '반찬'을 판매·제공하는 매장,train,반찬,T2 동의어,0d26b9ec-a86e-4525-ad49-3555d87c5163,선채령,백반,부곡맛고을상가,자율상권구역,경상북도,,,
e3961d0e31928e7c900c,full_annotation_v1,A,q_반찬_02,김치,식료품 중 '반찬'을 판매·제공하는 매장,train,반찬,T2 동의어,0b34988a-1f3c-4e71-ad8d-47a4fe3c8958,찬우네김치,김치,서산시장길 골목형상점가,골목형상점가,충청남도,,,
2d8feeed27bcfc37f68a,full_annotation_v1,A,q_반찬_02,김치,식료품 중 '반찬'을 판매·제공하는 매장,train,반찬,T2 동의어,6b12a7e4-5b5a-491c-9cb7-e3d06f476ad9,김치전문점,김치,천안중앙시장,전통시장,충청남도,,,
b6192e87096d1e5aa137,full_annotation_v1,A,q_반찬_02,김치,식료품 중 '반찬'을 판매·제공하는 매장,train,반찬,T2 동의어,b7c446f0-47b8-4771-9424-98a3e2ca32c2,김치전문점,김치,경산중앙상점가,자율상권구역,경상북도,,,
304a63b8cf63332da9e8,full_annotation_v1,A,q_반찬_02,김치,식료품 중 '반찬'을 판매·제공하는 매장,train,반찬,T2 동의어,9b8c61a2-3d2b-40ce-bd6c-74a46efd06cf,강원상회,야채,공주산성시장,전통시장,충청남도,,,
246843c4e36485471edc,full_annotation_v1,A,q_반찬_02,김치,식료품 중 '반찬'을 판매·제공하는 매장,train,반찬,T2 동의어,206dd818-623a-4a8e-a3b2-51e0a98edf32,김치나라,김치,운암시장,전통시장,광주광역시,,,
640f3d54ebf0d20bf388,full_annotation_v1,A,q_반찬_02,김치,식료품 중 '반찬'을 판매·제공하는 매장,train,반찬,T2 동의어,00c1e208-d4b3-47f5-8f6f-a0b8f4d47a3b,동아리족발,반찬및 족발,서동시장(창인시장),전통시장,전북특별자치도,,,
182c104b033d3d98bf00,full_annotation_v1,A,q_반찬_02,김치,식료품 중 '반찬'을 판매·제공하는 매장,train,반찬,T2 동의어,ca88e557-ba74-44fe-9522-187c9b0e1979,성미김치,김치,화북종합시장,전통시장,제주특별자치도,,,
070a576534ed4c4ef09b,full_annotation_v1,A,q_반찬_02,김치,식료품 중 '반찬'을 판매·제공하는 매장,train,반찬,T2 동의어,13d1bcce-bbef-41cc-8da7-87aa3df361e8,오아르헤어,미용 서비스,시청앞 골목형상점가,골목형상점가,충청남도,,,
f570954d257f82a1ee86,full_annotation_v1,A,q_반찬_02,김치,식료품 중 '반찬'을 판매·제공하는 매장,train,반찬,T2 동의어,e8fb79ec-3c1e-4816-aa99-95191ad312fe,남도김치,김치,계수마을상인회 골목형상점가,골목형상점가,광주광역시,,,
4fb6310d86fb99f50dcd,full_annotation_v1,A,q_반찬_02,김치,식료품 중 '반찬'을 판매·제공하는 매장,train,반찬,T2 동의어,60e52fd2-b97d-4106-b541-4d5cde48f1ba,신정반찬,김치,마산 신마산시장,전통시장,경상남도,,,
17f57d3724e3ed096607,full_annotation_v1,A,q_반찬_02,김치,식료품 중 '반찬'을 판매·제공하는 매장,train,반찬,T2 동의어,97d68592-82b1-48ee-a576-37a94b8c1aff,참맛김치,김치,나주목사고을시장,전통시장,,,,
eac00578d236a34fa482,full_annotation_v1,A,q_반찬_02,김치,식료품 중 '반찬'을 판매·제공하는 매장,train,반찬,T2 동의어,03bba86e-80c4-42b0-8688-a0c912abdb07,돼지고기김치찌개,김치찌개,도담동 골목형상점가,골목형상점가,세종특별자치시,,,
2fe4dd3ae3bd85786cd5,full_annotation_v1,A,q_반찬_02,김치,식료품 중 '반찬'을 판매·제공하는 매장,train,반찬,T2 동의어,e9fe0b8f-8300-4ca5-8e5c-afb08dcbf985,김문태김치,김치,장위전통시장,전통시장,서울특별시,,,
ec420d84990e9644b4ea,full_annotation_v1,A,q_반찬_02,김치,식료품 중 '반찬'을 판매·제공하는 매장,train,반찬,T2 동의어,9c5aa444-6df2-4929-ac84-272431158713,맛나네,김치,중곡제일골목시장(중곡제일전통시장),전통시장,서울특별시,,,
86ce5247123c90fdf1be,full_annotation_v1,A,q_반찬_02,김치,식료품 중 '반찬'을 판매·제공하는 매장,train,반찬,T2 동의어,57eaa677-e1e3-4d26-be93-03c977605037,훈이네 김치,김치,신도봉시장,전통시장,서울특별시,,,
540830e902a687a6813d,full_annotation_v1,A,q_반찬_02,김치,식료품 중 '반찬'을 판매·제공하는 매장,train,반찬,T2 동의어,80df7774-88aa-46a1-99be-dcfdec1d5f00,은혜김치,김치,여수교동시장,전통시장,전라남도,,,
8f5beb5e708617789dfa,full_annotation_v1,A,q_반찬_02,김치,식료품 중 '반찬'을 판매·제공하는 매장,train,반찬,T2 동의어,0182c177-fcc7-47b0-8e12-99eb221aff79,시장초장식당,"칼국수, 열무비빔밥, 국, 반찬",경주중앙시장,전통시장,경상북도,,,
397e012aec45ea319dcf,full_annotation_v1,A,q_반찬_02,김치,식료품 중 '반찬'을 판매·제공하는 매장,train,반찬,T2 동의어,8e89db6e-b5d4-40f8-8fc8-61054cc80746,김치전문점,김치,인천모래내전통시장,전통시장,인천광역시,,,
d280705b1ff413f845e6,full_annotation_v1,A,q_반찬_02,김치,식료품 중 '반찬'을 판매·제공하는 매장,train,반찬,T2 동의어,95897e91-f0b2-4253-b5e1-4c71bf8aee4a,엄마김치,김치,여수서시장주변시장,전통시장,전라남도,,,
7bf0499b3d2a886e640a,full_annotation_v1,A,q_반찬_02,김치,식료품 중 '반찬'을 판매·제공하는 매장,train,반찬,T2 동의어,6599d09f-9352-4b71-bc08-8bc8b648a8ef,죽사랑,김치,양산 남부시장,전통시장,경상남도,,,
2bce096dbcf873b2dad7,full_annotation_v1,A,q_반찬_02,김치,식료품 중 '반찬'을 판매·제공하는 매장,train,반찬,T2 동의어,9d59e68d-a5ba-42ca-9368-56985f08666b,맛찬,김치,신정상가시장,전통시장,울산광역시,,,
e32f71c70af1f0241ee0,full_annotation_v1,A,q_반찬_02,김치,식료품 중 '반찬'을 판매·제공하는 매장,train,반찬,T2 동의어,859f5cf1-d1c2-466d-ba1f-3c014bc305e5,심이네김치,김치,개금골목시장,전통시장,부산광역시,,,
404aed96d188f5701e46,full_annotation_v1,A,q_반찬_02,김치,식료품 중 '반찬'을 판매·제공하는 매장,train,반찬,T2 동의어,18926cd5-01be-4367-80fb-828df577c2b4,태화김치,김치,태화시장,전통시장,울산광역시,,,
809bc5a5eefbf75b9302,full_annotation_v1,A,q_반찬_02,김치,식료품 중 '반찬'을 판매·제공하는 매장,train,반찬,T2 동의어,377e7eaa-993e-4721-859f-ff9360371987,동화상회,김치,서산동부전통시장,전통시장,충청남도,,,
823c493bb9b7e46b3a23,full_annotation_v1,A,q_반찬_02,김치,식료품 중 '반찬'을 판매·제공하는 매장,train,반찬,T2 동의어,485ab04d-3c57-4673-8611-7619b17adea8,김치나라,김치,정남진장흥토요시장,전통시장,전라남도,,,
aa52029e4566ab81e9d4,full_annotation_v1,A,q_반찬_02,김치,식료품 중 '반찬'을 판매·제공하는 매장,train,반찬,T2 동의어,e65ba51f-da2d-4f01-8423-79f5c3dded42,아삭김치,김치,망미중앙시장,전통시장,부산광역시,,,
06047b9ebaa06fef4132,full_annotation_v1,A,q_반찬_02,김치,식료품 중 '반찬'을 판매·제공하는 매장,train,반찬,T2 동의어,bbe140bd-9d04-4da1-b132-3a59816197bd,솔떡,떡,고분다리시장,전통시장,서울특별시,,,
053e1224e59aa97beee2,full_annotation_v1,A,q_반찬_02,김치,식료품 중 '반찬'을 판매·제공하는 매장,train,반찬,T2 동의어,066a89b7-02c2-4958-802d-9c2d6d2e567b,대원유통,"도소매(산나물,채소)",하대원공설시장,전통시장,경기도,,,
f03ec6ffde4eb813c166,full_annotation_v1,A,q_반찬_02,김치,식료품 중 '반찬'을 판매·제공하는 매장,train,반찬,T2 동의어,d661d1aa-6d80-48d9-b426-ca963f9be3a8,전라도김치,김치,태평시장,전통시장,대전광역시,,,
8d4ef539d4be65842f14,full_annotation_v1,A,q_반찬_02,김치,식료품 중 '반찬'을 판매·제공하는 매장,train,반찬,T2 동의어,c6ffc56c-7159-41a2-af6f-f7143d396899,용궁반점,,억지춘양골목형상점가,골목형상점가,경상북도,,,
07e7de8cf6b746489336,full_annotation_v1,A,q_반찬_02,김치,식료품 중 '반찬'을 판매·제공하는 매장,train,반찬,T2 동의어,ec603713-9a42-422a-bfde-27379e3de650,맛김치,김치,반여2동상가시장,전통시장,부산광역시,,,
9a5575f513365de4dd2f,full_annotation_v1,A,q_반찬_02,김치,식료품 중 '반찬'을 판매·제공하는 매장,train,반찬,T2 동의어,02dea6f1-bc12-4af7-a0d4-7c0c6599f247,고맙다바다야,백반,씨푸드타운 일반상가상인회 골목형상점가,골목형상점가,전라남도,,,
0391a82dac6888cab9cf,full_annotation_v1,A,q_반찬_02,김치,식료품 중 '반찬'을 판매·제공하는 매장,train,반찬,T2 동의어,3d6c6519-454c-4439-b123-8043f46d450e,자매네반찬,김치,목포동부시장,전통시장,전라남도,,,
1c7355b4533ac5960bff,full_annotation_v1,A,q_반찬_02,김치,식료품 중 '반찬'을 판매·제공하는 매장,train,반찬,T2 동의어,748c3fdc-a93c-418c-b144-d535fff59887,나채순 김치,,장흥중앙로 골목형상점가,골목형상점가,,,,
49e699c7b085702dca3a,full_annotation_v1,A,q_반찬_02,김치,식료품 중 '반찬'을 판매·제공하는 매장,train,반찬,T2 동의어,96aa5ca2-a531-4692-bad6-7abd26a5abb1,피자연구소,피자 치킨,백석한들1번가 골목형상점가,골목형상점가,충청남도,,,
39ffec3844882525e555,full_annotation_v1,A,q_반찬_02,김치,식료품 중 '반찬'을 판매·제공하는 매장,train,반찬,T2 동의어,03539124-52c6-45c4-83dd-b26860094731,초당두채,콩나물,보성매일시장,전통시장,전라남도,,,
a814826ceba62fe25851,full_annotation_v1,A,q_반찬_02,김치,식료품 중 '반찬'을 판매·제공하는 매장,train,반찬,T2 동의어,492590cb-d2a2-4572-b1bb-1f97eda552c5,윤서네식품,김치,세종전통시장,전통시장,세종특별자치시,,,
30f3770aed5d6fc6f6aa,full_annotation_v1,A,q_반찬_02,김치,식료품 중 '반찬'을 판매·제공하는 매장,train,반찬,T2 동의어,0032d190-6f10-46db-b2a4-3b4084caa418,세븐일레븐 광주상무공원점,주류 일반상품 등,518먹자골목상인회 골목형상점가,골목형상점가,광주광역시,,,
d98a2b5813050277d66d,full_annotation_v1,A,q_반찬_02,김치,식료품 중 '반찬'을 판매·제공하는 매장,train,반찬,T2 동의어,fea9c7a1-f77a-41bd-9796-95bffb7d21f3,김치코리아,김치,목포자유시장,전통시장,전라남도,,,
5c4eefd584d75573f435,full_annotation_v1,A,q_반찬_02,김치,식료품 중 '반찬'을 판매·제공하는 매장,train,반찬,T2 동의어,8ecd702a-bc91-48e5-82f8-368d60acb645,농업회사법인주식회사프롬김치,김치,첨단청사초롱길 골목형상점가,골목형상점가,광주광역시,,,
54dd8bd1b65916e77859,full_annotation_v1,A,q_반찬_02,김치,식료품 중 '반찬'을 판매·제공하는 매장,train,반찬,T2 동의어,5deda9a3-7beb-431c-902c-1d81d9039d6e,할매김치,김치,창원 도계부부시장,전통시장,경상남도,,,
7a0b911e2e51d4a1fb9b,full_annotation_v1,A,q_반찬_02,김치,식료품 중 '반찬'을 판매·제공하는 매장,train,반찬,T2 동의어,af358c0c-914c-40a0-8b00-18b5739b0d39,종란김치,김치,신정상가시장,전통시장,울산광역시,,,
7ea03f39013488fe6ec4,full_annotation_v1,A,q_반찬_02,김치,식료품 중 '반찬'을 판매·제공하는 매장,train,반찬,T2 동의어,41ad50c9-e656-44ed-872c-b5352418bf89,대박식당,,문경새재 골목형상점가,골목형상점가,경상북도,,,
5cd0e16ea69b9cf61406,full_annotation_v1,A,q_반찬_02,김치,식료품 중 '반찬'을 판매·제공하는 매장,train,반찬,T2 동의어,03a6e716-3825-40e3-ba06-e047ee5e5483,부일반찬,김치,초량전통시장,전통시장,부산광역시,,,
f3afe629c5c51e7db7c9,full_annotation_v1,A,q_반찬_02,김치,식료품 중 '반찬'을 판매·제공하는 매장,train,반찬,T2 동의어,e1d710b0-a70e-44f4-9065-7d0066f56770,소문난신안김치,김치,목포동부시장,전통시장,,,,
61343c8cf1a9899874d9,full_annotation_v1,A,q_반찬_02,김치,식료품 중 '반찬'을 판매·제공하는 매장,train,반찬,T2 동의어,bf3c5e9b-9a49-49ad-91af-b3f1b5b891c5,행복매장,김치,대룡시장골목형상점가,골목형상점가,인천광역시,,,
49efc42dc4416ae9c449,full_annotation_v1,A,q_반찬_02,김치,식료품 중 '반찬'을 판매·제공하는 매장,train,반찬,T2 동의어,3130b843-d4bf-41fe-bbef-2682c4b49c28,두리김치,김치,송정벚꽃골목형상점가,골목형상점가,서울특별시,,,
0e7badf59728e5b2b76d,full_annotation_v1,A,q_반찬_02,김치,식료품 중 '반찬'을 판매·제공하는 매장,train,반찬,T2 동의어,a217e7ab-28c5-4cba-ad36-b9cc28190d1a,김치김치,한식,엄사 골목형상점가,골목형상점가,충청남도,,,
117b5daa95bec1622158,full_annotation_v1,A,q_반찬_02,김치,식료품 중 '반찬'을 판매·제공하는 매장,train,반찬,T2 동의어,00181552-6cc5-406b-ac59-bf9816f61398,갓지은밥,한식,남광주시장,전통시장,,,,
20c42c3388a21a68a003,full_annotation_v1,A,q_반찬_02,김치,식료품 중 '반찬'을 판매·제공하는 매장,train,반찬,T2 동의어,7be2f46c-0926-4a59-b2c5-aa97ea75158f,더맵소김치 태백촌,김치,관저동 먹거리 골목형상점가,골목형상점가,대전광역시,,,
0cc98e8ac42eea24ae3a,full_annotation_v1,A,q_반찬_02,김치,식료품 중 '반찬'을 판매·제공하는 매장,train,반찬,T2 동의어,5d1e2123-bd92-466c-a2d5-d6dae20dc725,오여사김치,김치,청주사창시장,전통시장,충청북도,,,
9dafa2a876d47d6cc23a,full_annotation_v1,A,q_반찬_02,김치,식료품 중 '반찬'을 판매·제공하는 매장,train,반찬,T2 동의어,68d94820-3102-4302-af89-2b09f7125625,전라도식즉석김치백화점,김치,엑스포코아 골목형상점가,골목형상점가,대전광역시,,,
220bf700beebcebce161,full_annotation_v1,A,q_반찬_02,김치,식료품 중 '반찬'을 판매·제공하는 매장,train,반찬,T2 동의어,bb98bc65-92e1-45f2-9f85-a537005bcb04,장독대김치전문점,김치,신가동 골목형상점가,골목형상점가,광주광역시,,,
5d93f3c4a25cb455ee55,full_annotation_v1,A,q_반찬_02,김치,식료품 중 '반찬'을 판매·제공하는 매장,train,반찬,T2 동의어,006895c5-d037-4e3d-9cfb-6972007a350a,반찬사랑,반찬,오치2동 골목형상점가,골목형상점가,광주광역시,,,
39bc308b65aa1bd7506e,full_annotation_v1,A,q_반찬_02,김치,식료품 중 '반찬'을 판매·제공하는 매장,train,반찬,T2 동의어,7caa6032-8334-4fb1-8ecd-9ab13e484983,전라도김치,김치,서서울골목형상점가,골목형상점가,서울특별시,,,
b0f9576229fd51118144,full_annotation_v1,A,q_반찬_02,김치,식료품 중 '반찬'을 판매·제공하는 매장,train,반찬,T2 동의어,7cded8bf-ab1f-4e0b-b13c-6a56e41ea401,김치애찬,김치,학소로 골목형상점가,골목형상점가,광주광역시,,,
a2366200977571e05213,full_annotation_v1,A,q_반찬_02,김치,식료품 중 '반찬'을 판매·제공하는 매장,train,반찬,T2 동의어,06f0d9e1-7e99-498f-adfe-320095c568cf,장독대,김치,한민시장,전통시장,대전광역시,,,
666c53af4ba7fce1d090,full_annotation_v1,A,q_반찬_02,김치,식료품 중 '반찬'을 판매·제공하는 매장,train,반찬,T2 동의어,7fc7f6e4-597a-4503-b396-65dee201c09e,임실치즈피자,음식(피자),용문천년시장,전통시장,경기도,,,
a817558af299e7b5f916,full_annotation_v1,A,q_반찬_02,김치,식료품 중 '반찬'을 판매·제공하는 매장,train,반찬,T2 동의어,ef517e3e-42ec-499d-bd5d-d86665a398d3,천연김치,김치 및 반찬,서귀포매일올레시장,전통시장,제주특별자치도,,,
0744dcdf88b18717a790,full_annotation_v1,A,q_반찬_02,김치,식료품 중 '반찬'을 판매·제공하는 매장,train,반찬,T2 동의어,91a8d107-2192-4ea4-9275-836fa98b3e4c,언니네,김치,월곡시장,전통시장,광주광역시,,,
18c5fdabc110e8d02f46,full_annotation_v1,A,q_반찬_02,김치,식료품 중 '반찬'을 판매·제공하는 매장,train,반찬,T2 동의어,01b4b567-78d4-4fa1-9bff-25fd01fb1a4c,소문난김치집,김치,중앙먹거리 상인회 골목형상점가,골목형상점가,전라남도,,,
1bb867438ea84b13ddfe,full_annotation_v1,A,q_반찬_02,김치,식료품 중 '반찬'을 판매·제공하는 매장,train,반찬,T2 동의어,7783b674-33e4-4186-8233-5136da846ae8,영숙이네,김치,말바우시장,전통시장,광주광역시,,,
882f8e81c914f2f30b4c,full_annotation_v1,A,q_반찬_02,김치,식료품 중 '반찬'을 판매·제공하는 매장,train,반찬,T2 동의어,c182514b-3078-4c40-b31b-3040e85665bd,임봉례김치,김치 반찬,학소로 골목형상점가,골목형상점가,광주광역시,,,
0d3c1cb68a0d4f4ec2ef,full_annotation_v1,A,q_반찬_02,김치,식료품 중 '반찬'을 판매·제공하는 매장,train,반찬,T2 동의어,939a907e-4c6a-4aa7-ae9a-9ecd809e26c9,진주식품,김치,망미중앙시장,전통시장,부산광역시,,,
0c053017c252c87a8997,full_annotation_v1,A,q_반찬_02,김치,식료품 중 '반찬'을 판매·제공하는 매장,train,반찬,T2 동의어,7866a28d-db79-4fc6-923e-cbaeacffb046,수영이네반찬,김치,익산북부시장,전통시장,전북특별자치도,,,
e11357ebac08fd12faf1,full_annotation_v1,A,q_반찬_02,김치,식료품 중 '반찬'을 판매·제공하는 매장,train,반찬,T2 동의어,01f160fc-531c-4191-aa22-453462e0f38a,천년,김치,오정동상점가,자율상권구역,대전광역시,,,
d2b0d99f580de2803d69,full_annotation_v1,A,q_반찬_02,김치,식료품 중 '반찬'을 판매·제공하는 매장,train,반찬,T2 동의어,a59fcc88-cb02-4d47-abfc-5db8b1fa9c87,빅프리,의류,서문시장2지구 종합상가,전통시장,대구광역시,,,
39ba03ea3ac719db2fdd,full_annotation_v1,A,q_반찬_02,김치,식료품 중 '반찬'을 판매·제공하는 매장,train,반찬,T2 동의어,72d11588-3e80-4ec9-9d21-2651ae23132d,수연이네,김치,기장시장,전통시장,부산광역시,,,
302b456227f77ab6bbb2,full_annotation_v1,A,q_반찬_02,김치,식료품 중 '반찬'을 판매·제공하는 매장,train,반찬,T2 동의어,cc05275e-104c-4b20-bbd2-21f5b31f8f54,오랜김치,김치,유안초등북길 골목형상점가,골목형상점가,광주광역시,,,
5b15f8194867b4447b98,full_annotation_v1,A,q_반찬_02,김치,식료품 중 '반찬'을 판매·제공하는 매장,train,반찬,T2 동의어,1a428a22-2085-4353-b0af-80df74e3da4c,김치공장,김치,길동복조리시장,전통시장,서울특별시,,,
643d4ecf2a87ea5ab9d1,full_annotation_v1,A,q_반찬_02,김치,식료품 중 '반찬'을 판매·제공하는 매장,train,반찬,T2 동의어,8a09d76c-bab4-4a99-8ad6-ba693ff474d6,최재호김치,김치,남광주해뜨는시장,전통시장,광주광역시,,,
8ec0881b830ab5ecb9c8,full_annotation_v1,A,q_반찬_02,김치,식료품 중 '반찬'을 판매·제공하는 매장,train,반찬,T2 동의어,9d839881-ba18-4a0d-842f-d695cb76fd14,중앙김치,김치,서산동부전통시장,전통시장,충청남도,,,
e89e44a5245836fa0551,full_annotation_v1,A,q_반찬_02,김치,식료품 중 '반찬'을 판매·제공하는 매장,train,반찬,T2 동의어,c2ffeb34-073d-4574-9f65-f5d8f78811aa,김옥경김치,김치,태장사거리 골목형상점가,골목형상점가,경기도,,,
a701c3ee1c424b3065e6,full_annotation_v1,A,q_반찬_02,김치,식료품 중 '반찬'을 판매·제공하는 매장,train,반찬,T2 동의어,0d92cbf1-e515-46bc-b362-e27164d9fbda,정화마차,백반,쫑포상가 골목형상점가,골목형상점가,전라남도,,,
d90190c06d2f06742d17,full_annotation_v1,A,q_반찬_02,김치,식료품 중 '반찬'을 판매·제공하는 매장,train,반찬,T2 동의어,b3119a8d-efa2-4033-8eb1-4afd21c57ec8,엄마손반찬,김치,중곡제일골목시장(중곡제일전통시장),전통시장,서울특별시,,,
a111beee2a429c1cb6bb,full_annotation_v1,A,q_반찬_02,김치,식료품 중 '반찬'을 판매·제공하는 매장,train,반찬,T2 동의어,3ae2dc3b-4cf5-4353-ad12-201003bb1f3f,호남상회,김치,남구로시장,전통시장,서울특별시,,,
c841a94ca2354ea51173,full_annotation_v1,A,q_반찬_02,김치,식료품 중 '반찬'을 판매·제공하는 매장,train,반찬,T2 동의어,6836c23b-ef59-45cd-9505-438e95268cc9,선김치,김치,말바우시장,전통시장,광주광역시,,,
e63bc4ed1beac3e87273,full_annotation_v1,A,q_반찬_02,김치,식료품 중 '반찬'을 판매·제공하는 매장,train,반찬,T2 동의어,074d3f46-dc6f-4cac-ba54-e24b3fc79798,서민인생역전,콩나물불고기외 음식점,신장대리 자율상권구역,,강원특별자치도,,,
c0fc35daa80c43183195,full_annotation_v1,A,q_반찬_02,김치,식료품 중 '반찬'을 판매·제공하는 매장,train,반찬,T2 동의어,075c6bae-06ca-49ed-9420-5bdad68d5c60,뚱스백반,백반,푸른마을공동체센터 골목형상점가,골목형상점가,광주광역시,,,
a269819ad3df4d003991,full_annotation_v1,A,q_반찬_02,김치,식료품 중 '반찬'을 판매·제공하는 매장,train,반찬,T2 동의어,dc2d96f7-e4d0-44d3-85f0-76ff573df2fa,담양 똑순이 김치,김치,프로방스 골목형상점가,골목형상점가,전라남도,,,
d469dbca316f18007fc8,full_annotation_v1,A,q_반찬_02,김치,식료품 중 '반찬'을 판매·제공하는 매장,train,반찬,T2 동의어,18a8e292-8eef-4160-94c4-80bc9a78ae04,써니네 김치,김치,서산시장길 골목형상점가,골목형상점가,충청남도,,,
715656f9decd13efe932,full_annotation_v1,A,q_반찬_02,김치,식료품 중 '반찬'을 판매·제공하는 매장,train,반찬,T2 동의어,cf4f2a04-a9f9-4635-a4b2-e9ca0e1e5b72,남촌(김치),김치 수산물,현대 골목형상점가,골목형상점가,전라남도,,,
5421165d06d1aab00084,full_annotation_v1,A,q_반찬_02,김치,식료품 중 '반찬'을 판매·제공하는 매장,train,반찬,T2 동의어,202a6c2d-9eb8-4944-bb1c-aadfbbdf7d03,다인김치,김치,화정로상인회 골목형상점가,골목형상점가,광주광역시,,,
6278e3baf49a6352afe6,full_annotation_v1,A,q_반찬_02,김치,식료품 중 '반찬'을 판매·제공하는 매장,train,반찬,T2 동의어,9374b1d9-b582-412d-a395-519fc0095f9d,삼성김치,김치,강화풍물시장,전통시장,인천광역시,,,
afb0d4c041964b4592e0,full_annotation_v1,A,q_반찬_02,김치,식료품 중 '반찬'을 판매·제공하는 매장,train,반찬,T2 동의어,a7f320db-fa00-4e64-ba1f-476eea3e07c1,효소맛김치,김치,목동깨비시장(구 목3동시장),전통시장,서울특별시,,,
6f453b9ce76554ef54b4,full_annotation_v1,A,q_반찬_02,김치,식료품 중 '반찬'을 판매·제공하는 매장,train,반찬,T2 동의어,de2f01c1-2109-46c7-b0d0-0c19077e96e5,해성미용상사,미용재료,중앙로 지하상가 상점가,일반지하상점가,대전광역시,,,
eb753d1163dd3078dff5,full_annotation_v1,A,q_반찬_02,김치,식료품 중 '반찬'을 판매·제공하는 매장,train,반찬,T2 동의어,064e44c2-bb9a-43a7-bdd2-c3505aee6420,황금반찬,김치,세은 골목형상점가,골목형상점가,광주광역시,,,
3e4abce11f799ef301dd,full_annotation_v1,A,q_반찬_02,김치,식료품 중 '반찬'을 판매·제공하는 매장,train,반찬,T2 동의어,f3ac4807-20f9-4182-8336-db7f504e14d7,여수돌산갓김치,김치,자양전통시장,전통시장,서울특별시,,,
750c26f137aec77b8671,full_annotation_v1,A,q_반찬_02,김치,식료품 중 '반찬'을 판매·제공하는 매장,train,반찬,T2 동의어,e2664beb-456f-4e82-9202-174ef6e304e0,남도반찬,김치,중마시장,전통시장,전라남도,,,
9354745fe28d69a186cd,full_annotation_v1,A,q_반찬_02,김치,식료품 중 '반찬'을 판매·제공하는 매장,train,반찬,T2 동의어,37db6e49-f408-446f-ab45-e48322a07a91,태양초김치,김치,용호골목시장,전통시장,부산광역시,,,
d26a3c3c9d21e01b5f6f,full_annotation_v1,A,q_반찬_02,김치,식료품 중 '반찬'을 판매·제공하는 매장,train,반찬,T2 동의어,1f4e696f-33db-4596-b0c1-30a2c0474ca1,대성상회,주방용품,장위전통시장,전통시장,서울특별시,,,
6565889ae9197e019396,full_annotation_v1,A,q_반찬_02,김치,식료품 중 '반찬'을 판매·제공하는 매장,train,반찬,T2 동의어,0fef946a-3ba1-406f-9007-a71a005ddd22,치킨플러스청평,한식,청평여울시장,전통시장,경기도,,,
3a77621a77a467221980,full_annotation_v1,A,q_반찬_02,김치,식료품 중 '반찬'을 판매·제공하는 매장,train,반찬,T2 동의어,c3426160-38d8-45a5-8145-502345c62b1c,할매김치,김치,거제 고현시장,전통시장,경상남도,,,
10c557fd86d6b435cf75,full_annotation_v1,A,q_반찬_02,김치,식료품 중 '반찬'을 판매·제공하는 매장,train,반찬,T2 동의어,c1359ab8-32cb-4f1e-93da-25262c9aff29,진주상회,김치,망미중앙시장,전통시장,부산광역시,,,
5873599df844895bd088,full_annotation_v1,A,q_반찬_02,김치,식료품 중 '반찬'을 판매·제공하는 매장,train,반찬,T2 동의어,06fb679d-ab9f-415f-86de-0aacf28ac48c,운남콩나물국밥,한식(콩나물국밥),전주남부시장,전통시장,전북특별자치도,,,
86a0b99006d6069df74e,full_annotation_v1,A,q_반찬_02,김치,식료품 중 '반찬'을 판매·제공하는 매장,train,반찬,T2 동의어,4ad25ee1-2c0d-4060-b035-44d8ce8615bd,자유김치코너,김치,진주 자유시장,전통시장,경상남도,,,
94fa4cfd64ef29d59418,full_annotation_v1,A,q_반찬_02,김치,식료품 중 '반찬'을 판매·제공하는 매장,train,반찬,T2 동의어,003003dc-6951-4f07-8cf2-f31334c0b27d,미향반찬,반찬,신안코아,전통시장,경기도,,,
638c98c427fd0a39e855,full_annotation_v1,A,q_반찬_02,김치,식료품 중 '반찬'을 판매·제공하는 매장,train,반찬,T2 동의어,e28a3256-7b7d-4fce-8ade-ab46bd177e2d,"진미생선구이, 김치",김치,대인시장,전통시장,광주광역시,,,
8e28907fb8f9424df475,full_annotation_v1,A,q_반찬_02,김치,식료품 중 '반찬'을 판매·제공하는 매장,train,반찬,T2 동의어,b4cfc09c-0389-4d69-8991-f73094edcaa9,교토성형외과,성형외과피부과,화정소담상인회 골목형상점가,골목형상점가,광주광역시,,,
2595fd39cb75cc733c60,full_annotation_v1,A,q_반찬_02,김치,식료품 중 '반찬'을 판매·제공하는 매장,train,반찬,T2 동의어,6e8afd8c-1feb-43f1-847e-5410448ff24d,정가네김치,김치,(주)여수수산시장,전통시장,전라남도,,,
383e3546af54daa2022a,full_annotation_v1,A,q_반찬_02,김치,식료품 중 '반찬'을 판매·제공하는 매장,train,반찬,T2 동의어,010b729e-dfdc-4b2c-ac41-376db70ef2c0,우여사애찬방,반찬,안동광석거리 골목형상점가,골목형상점가,경상북도,,,
c9712c66d913dcacdaec,full_annotation_v1,A,q_반찬_02,김치,식료품 중 '반찬'을 판매·제공하는 매장,train,반찬,T2 동의어,d6bc937f-f097-4db3-8c22-12e522b8bb21,엄마손반찬점,김치,공주산성시장,전통시장,충청남도,,,
e313a03e740620cb9b4c,full_annotation_v1,A,q_반찬_02,김치,식료품 중 '반찬'을 판매·제공하는 매장,train,반찬,T2 동의어,6e9298f8-d070-4689-ac60-f245c531b755,대박식당,김치,달서시장,전통시장,대구광역시,,,
b9acc5c7ab5679e88a47,full_annotation_v1,A,q_반찬_02,김치,식료품 중 '반찬'을 판매·제공하는 매장,train,반찬,T2 동의어,00118834-a0f4-4127-ba7d-f7908ced2e1d,골목집,한식,대흥낭만거리 골목형상점가,골목형상점가,대전광역시,,,
d55ff018588e5ea35190,full_annotation_v1,A,q_반찬_02,김치,식료품 중 '반찬'을 판매·제공하는 매장,train,반찬,T2 동의어,83494186-015e-458a-9539-c5a30bba3c1b,호호김치,김치,용산용문시장,전통시장,서울특별시,,,
6af717e12570be613e6c,full_annotation_v1,A,q_반찬_02,김치,식료품 중 '반찬'을 판매·제공하는 매장,train,반찬,T2 동의어,4360c6f6-4fd7-4ee1-b118-2fa6a4412d82,맛깔김치,김치,돈암시장,전통시장,서울특별시,,,
22a2b19dcec0994e5471,full_annotation_v1,A,q_반찬_02,김치,식료품 중 '반찬'을 판매·제공하는 매장,train,반찬,T2 동의어,6e7d2457-a7da-41d8-9791-7b199e603534,고향맛김지,김치,엑스포코아 골목형상점가,골목형상점가,대전광역시,,,
53b4b1f101d542971047,full_annotation_v1,A,q_반찬_02,김치,식료품 중 '반찬'을 판매·제공하는 매장,train,반찬,T2 동의어,8685f63e-0425-498f-bc64-701f91c601d0,행복반찬,김치,목사랑시장,전통시장,서울특별시,,,
af88381b11a85e0e00c6,full_annotation_v1,A,q_반찬_02,김치,식료품 중 '반찬'을 판매·제공하는 매장,train,반찬,T2 동의어,000a95c4-e0a6-4011-86fb-04307bcfae38,황갈비,한식,김천황금시장,전통시장,경상북도,,,
38d0a67f5ef199398ee9,full_annotation_v1,A,q_반찬_02,김치,식료품 중 '반찬'을 판매·제공하는 매장,train,반찬,T2 동의어,b380a255-411c-47b1-ad71-83b12675d451,오늘담은김치,김치,목포신중앙시장,전통시장,전라남도,,,
2bad37504e44277c00f5,full_annotation_v1,A,q_반찬_02,김치,식료품 중 '반찬'을 판매·제공하는 매장,train,반찬,T2 동의어,3804821b-0282-4beb-b296-d3c4f4b3d0bb,파리바게뜨 광주일곡점,,일곡동 골목형상점가,골목형상점가,,,,
a38298e99ec4f31baec8,full_annotation_v1,A,q_반찬_02,김치,식료품 중 '반찬'을 판매·제공하는 매장,train,반찬,T2 동의어,757d8f45-6d6b-4a3e-a81a-5c65b278a45b,송경희갓김치,김치,(주)여수수산시장,전통시장,,,,
eb2ee93fb386d5a3ea7d,full_annotation_v1,A,q_반찬_02,김치,식료품 중 '반찬'을 판매·제공하는 매장,train,반찬,T2 동의어,56de98a2-89eb-4eba-a891-de12593b5d7a,월배김치,김치,월배시장,전통시장,대구광역시,,,
37e8605f1235ee8f06dc,full_annotation_v1,A,q_반찬_02,김치,식료품 중 '반찬'을 판매·제공하는 매장,train,반찬,T2 동의어,2d59ae52-554a-40f8-bc71-9a6770a0cdec,은아김치,김치,남해전통시장,전통시장,경상남도,,,
b9adea125dcf70473fce,full_annotation_v1,A,q_반찬_02,김치,식료품 중 '반찬'을 판매·제공하는 매장,train,반찬,T2 동의어,00066748-bce9-4daa-b881-7902dad46f14,하단맛집,한식,하단자율상권구역,,부산광역시,,,
d80bd730d3379dbebf6b,full_annotation_v1,A,q_반찬_02,김치,식료품 중 '반찬'을 판매·제공하는 매장,train,반찬,T2 동의어,0a98db28-9e83-45e6-98de-ffd40a0e6114,추풍 황악산 김치,김치,서남시장,전통시장,대구광역시,,,
6f7c6d54cfe70a7fb47d,full_annotation_v1,A,q_반찬_02,김치,식료품 중 '반찬'을 판매·제공하는 매장,train,반찬,T2 동의어,b4ef0e6b-61f7-4ebf-9d49-38bb39d06a4f,한영사진관,사진관,안양1번가 상점가,자율상권구역,경기도,,,
bb574f2a7b68a7d1e70e,full_annotation_v1,A,q_반찬_02,김치,식료품 중 '반찬'을 판매·제공하는 매장,train,반찬,T2 동의어,001053bb-9a4d-431c-8073-f2204c857265,유달식당,한식,노량진수산시장골목형상점가,골목형상점가,서울특별시,,,
24670d84c5cd1286ff01,full_annotation_v1,A,q_반찬_02,김치,식료품 중 '반찬'을 판매·제공하는 매장,train,반찬,T2 동의어,11bbe9e6-c97e-4270-8489-8b6de65aef56,엄마김치,김치,영천 골목형상점가,골목형상점가,광주광역시,,,
2ed60cee290491acf55b,full_annotation_v1,A,q_반찬_02,김치,식료품 중 '반찬'을 판매·제공하는 매장,train,반찬,T2 동의어,4b221620-47c2-48e7-b731-8c28537a58d9,이레다미,김치,인왕시장,전통시장,서울특별시,,,
8c845f231910566b5b54,full_annotation_v1,A,q_반찬_02,김치,식료품 중 '반찬'을 판매·제공하는 매장,train,반찬,T2 동의어,36d46de0-3e5a-41e5-8f99-199e04c31a36,헬스대학 전남대점 헬스PT,,오월첫동네 골목형상점가,골목형상점가,,,,
0f7cfb723b0fc9a21908,full_annotation_v1,A,q_반찬_02,김치,식료품 중 '반찬'을 판매·제공하는 매장,train,반찬,T2 동의어,f6ea7854-2f58-441b-a070-2dec87f82aaa,부전김치,김치,부전상가시장,전통시장,부산광역시,,,
2277de679afb2c2a8e47,full_annotation_v1,A,q_반찬_02,김치,식료품 중 '반찬'을 판매·제공하는 매장,train,반찬,T2 동의어,11490aa5-a605-41c0-a874-be3e1d632185,전라도반찬,김치,홍제골목형상점가,골목형상점가,서울특별시,,,
6e0c491431d44d444da6,full_annotation_v1,A,q_반찬_02,김치,식료품 중 '반찬'을 판매·제공하는 매장,train,반찬,T2 동의어,1268307f-48ed-4ecb-8181-256383f007f8,전라도반찬,김치,"일곡동(제4지역:쌍용,호반,청솔2,호반일신,청솔1)",골목형상점가,광주광역시,,,
cc375a0849b8664b5a9a,full_annotation_v1,A,q_반찬_02,김치,식료품 중 '반찬'을 판매·제공하는 매장,train,반찬,T2 동의어,0bb9d7ed-a243-4e26-9743-f0a12fb06f43,반찬나라,김치,논산화지중앙시장,전통시장,충청남도,,,
de2482497c82ed571698,full_annotation_v1,A,q_반찬_02,김치,식료품 중 '반찬'을 판매·제공하는 매장,train,반찬,T2 동의어,2e0ad989-5289-408c-a751-57a38f686dcc,소문난완도댁김치,김치,괴정골목시장,전통시장,부산광역시,,,
3d81c87c422c2d1679d4,full_annotation_v1,A,q_반찬_02,김치,식료품 중 '반찬'을 판매·제공하는 매장,train,반찬,T2 동의어,3d40a77a-1eb3-4da7-80f1-323e86a8d43e,남도김치,김치,면목골목시장,전통시장,서울특별시,,,
b929ac5d77f8327decf4,full_annotation_v1,A,q_반찬_02,김치,식료품 중 '반찬'을 판매·제공하는 매장,train,반찬,T2 동의어,009ee53b-22c6-434e-bb94-47758d092857,미애네 달달스토어,반찬,송현시장,전통시장,인천광역시,,,
5689cc0a917031f41456,full_annotation_v1,A,q_반찬_03,나물,식료품 중 '반찬'을 판매·제공하는 매장,train,반찬,T2 동의어,f826bf5f-6e18-495a-a4a3-8a4bb20fb9a3,강원농산,나물 마늘 김치 고추가루,안양농수산물 골목형상점가,골목형상점가,경기도,,,
b07d7ff7f50816c95c8e,full_annotation_v1,A,q_반찬_03,나물,식료품 중 '반찬'을 판매·제공하는 매장,train,반찬,T2 동의어,f9b02c6c-26f9-4b07-9770-8e681a7dfed9,농산물떡집,소매(떡),권선종합시장,전통시장,경기도,,,
d16986dec4e34e0ff765,full_annotation_v1,A,q_반찬_03,나물,식료품 중 '반찬'을 판매·제공하는 매장,train,반찬,T2 동의어,433c7412-dec0-4b32-8e9d-81a4d1bf959e,크린스피드,빨래방,전곡전통시장,전통시장,경기도,,,
dbe75b5b8f9435d6b876,full_annotation_v1,A,q_반찬_03,나물,식료품 중 '반찬'을 판매·제공하는 매장,train,반찬,T2 동의어,0182c177-fcc7-47b0-8e12-99eb221aff79,시장초장식당,"칼국수, 열무비빔밥, 국, 반찬",경주중앙시장,전통시장,경상북도,,,
e11a611cc6f9bad9afbc,full_annotation_v1,A,q_반찬_03,나물,식료품 중 '반찬'을 판매·제공하는 매장,train,반찬,T2 동의어,ee154e00-2683-4357-b69f-4ecc2f161589,팔달근도상회,나물,팔달신시장,전통시장,대구광역시,,,
d1fef2e0c95231830d77,full_annotation_v1,A,q_반찬_03,나물,식료품 중 '반찬'을 판매·제공하는 매장,train,반찬,T2 동의어,ac4a0898-3785-448e-b3c7-eab4c9432873,김지영전집,전 나물,자양전통시장,전통시장,서울특별시,,,
c5426e6e15584e2642f3,full_annotation_v1,A,q_반찬_03,나물,식료품 중 '반찬'을 판매·제공하는 매장,train,반찬,T2 동의어,003003dc-6951-4f07-8cf2-f31334c0b27d,미향반찬,반찬,신안코아,전통시장,경기도,,,
358ea27ab8aad91d5418,full_annotation_v1,A,q_반찬_03,나물,식료품 중 '반찬'을 판매·제공하는 매장,train,반찬,T2 동의어,03a6e716-3825-40e3-ba06-e047ee5e5483,부일반찬,김치,초량전통시장,전통시장,부산광역시,,,
936d4490c4659eb0bb2e,full_annotation_v1,A,q_반찬_03,나물,식료품 중 '반찬'을 판매·제공하는 매장,train,반찬,T2 동의어,0ca69185-b3e5-4197-b6ae-5388a2e247a6,쿵이네백반,백반,인천종합어시장,전통시장,인천광역시,,,
df6d2e627b7445c4f470,full_annotation_v1,A,q_반찬_03,나물,식료품 중 '반찬'을 판매·제공하는 매장,train,반찬,T2 동의어,560dc3ce-b4ab-4b66-9e4e-d65d899a711d,현대나물 공판장,나물,성호시장 골목형상점가,골목형상점가,경기도,,,
7f10d9ff29a072982ae1,full_annotation_v1,A,q_반찬_03,나물,식료품 중 '반찬'을 판매·제공하는 매장,train,반찬,T2 동의어,0d92cbf1-e515-46bc-b362-e27164d9fbda,정화마차,백반,쫑포상가 골목형상점가,골목형상점가,전라남도,,,
8b457bb969697d952411,full_annotation_v1,A,q_반찬_03,나물,식료품 중 '반찬'을 판매·제공하는 매장,train,반찬,T2 동의어,a87fe018-cdd4-4d43-af9e-a0c6d1db39c3,광주상회,나물,양동시장,전통시장,광주광역시,,,
eb501d44044119af98a2,full_annotation_v1,A,q_반찬_03,나물,식료품 중 '반찬'을 판매·제공하는 매장,train,반찬,T2 동의어,010b729e-dfdc-4b2c-ac41-376db70ef2c0,우여사애찬방,반찬,안동광석거리 골목형상점가,골목형상점가,경상북도,,,
41ea6fa9a73f353a7460,full_annotation_v1,A,q_반찬_03,나물,식료품 중 '반찬'을 판매·제공하는 매장,train,반찬,T2 동의어,01b4b567-78d4-4fa1-9bff-25fd01fb1a4c,소문난김치집,김치,중앙먹거리 상인회 골목형상점가,골목형상점가,전라남도,,,
b1a9deb7b1f847db0acd,full_annotation_v1,A,q_반찬_03,나물,식료품 중 '반찬'을 판매·제공하는 매장,train,반찬,T2 동의어,06fb679d-ab9f-415f-86de-0aacf28ac48c,운남콩나물국밥,한식(콩나물국밥),전주남부시장,전통시장,전북특별자치도,,,
2ac18204c8628f45721b,full_annotation_v1,A,q_반찬_03,나물,식료품 중 '반찬'을 판매·제공하는 매장,train,반찬,T2 동의어,1b6410f1-bc9f-4d41-9d4d-df88bbd0ae8f,엄마반찬,김치 나물 볶음 무침 분식,영광터미널시장,전통시장,전라남도,,,
0c46e31728eb8b32f035,full_annotation_v1,A,q_반찬_03,나물,식료품 중 '반찬'을 판매·제공하는 매장,train,반찬,T2 동의어,00118834-a0f4-4127-ba7d-f7908ced2e1d,골목집,한식,대흥낭만거리 골목형상점가,골목형상점가,대전광역시,,,
5846688eefa67e1dd4b0,full_annotation_v1,A,q_반찬_03,나물,식료품 중 '반찬'을 판매·제공하는 매장,train,반찬,T2 동의어,4c10ed1b-234b-4ff7-a0d4-1ad52f78322d,(유) 대보름농산,나물,가락몰골목형상점가,골목형상점가,서울특별시,,,
d839c054d69a1a9384e0,full_annotation_v1,A,q_반찬_03,나물,식료품 중 '반찬'을 판매·제공하는 매장,train,반찬,T2 동의어,009ee53b-22c6-434e-bb94-47758d092857,미애네 달달스토어,반찬,송현시장,전통시장,인천광역시,,,
03a03faff51412501565,full_annotation_v1,A,q_반찬_03,나물,식료품 중 '반찬'을 판매·제공하는 매장,train,반찬,T2 동의어,0b3494bf-9151-4bfe-9f1d-8e531b7c5adb,아리랑집,"더덕, 나물",정선아리랑시장,전통시장,강원특별자치도,,,
b9a249248e5edb346e51,full_annotation_v1,A,q_반찬_03,나물,식료품 중 '반찬'을 판매·제공하는 매장,train,반찬,T2 동의어,ef84b683-2cda-409f-b71d-19a0e5a69a06,팔도수산,,남악시장골목형상점가,골목형상점가,,,,
9802e3a0ba18cf93bff0,full_annotation_v1,A,q_반찬_03,나물,식료품 중 '반찬'을 판매·제공하는 매장,train,반찬,T2 동의어,80bc76ad-d82c-481c-a046-003e48eda587,두부집,야채(나물),인왕시장,전통시장,서울특별시,,,
c7d78b365fe1758e9e92,full_annotation_v1,A,q_반찬_03,나물,식료품 중 '반찬'을 판매·제공하는 매장,train,반찬,T2 동의어,075c6bae-06ca-49ed-9420-5bdad68d5c60,뚱스백반,백반,푸른마을공동체센터 골목형상점가,골목형상점가,광주광역시,,,
7f555e5e5380f2ecac4e,full_annotation_v1,A,q_반찬_03,나물,식료품 중 '반찬'을 판매·제공하는 매장,train,반찬,T2 동의어,db1000ff-6e9a-48d2-a8d8-503948c93c23,군위상회,나물,청량리농수산물시장,전통시장,서울특별시,,,
e604904d5352a46c9a7c,full_annotation_v1,A,q_반찬_03,나물,식료품 중 '반찬'을 판매·제공하는 매장,train,반찬,T2 동의어,25efaf6a-d59e-4989-a08d-1d2ece43e5bb,강원상회,나물,현대시장,전통시장,인천광역시,,,
a9258bb240b4497ed10f,full_annotation_v1,A,q_반찬_03,나물,식료품 중 '반찬'을 판매·제공하는 매장,train,반찬,T2 동의어,3b0ea730-3029-4b8b-9974-f5ed75c68db1,중앙나물.국,나물 국,정서진중앙시장(구 서구중앙시장),전통시장,인천광역시,,,
06fd357a352d88f614a0,full_annotation_v1,A,q_반찬_03,나물,식료품 중 '반찬'을 판매·제공하는 매장,train,반찬,T2 동의어,000a95c4-e0a6-4011-86fb-04307bcfae38,황갈비,한식,김천황금시장,전통시장,경상북도,,,
f9f48b6b8114a6ac333a,full_annotation_v1,A,q_반찬_03,나물,식료품 중 '반찬'을 판매·제공하는 매장,train,반찬,T2 동의어,7f893abb-5b32-4485-9023-84e3f8158512,동인식품,두부,신포시장,전통시장,인천광역시,,,
39e7c2765d2549e44f33,full_annotation_v1,A,q_반찬_03,나물,식료품 중 '반찬'을 판매·제공하는 매장,train,반찬,T2 동의어,b3cfb9a0-bfff-418d-b955-1bec65b5b6a5,강원도 맷돌순두부,두부 콩국물외 나물,신 강남시장,전통시장,인천광역시,,,
35f4261e5d905a034a11,full_annotation_v1,A,q_반찬_03,나물,식료품 중 '반찬'을 판매·제공하는 매장,train,반찬,T2 동의어,519d7238-6e08-44d8-93d2-c75e0280fd0f,청주산나물,나물,청주육거리종합시장,전통시장,충청북도,,,
b7f51dabc82b8a5bd071,full_annotation_v1,A,q_반찬_03,나물,식료품 중 '반찬'을 판매·제공하는 매장,train,반찬,T2 동의어,01f160fc-531c-4191-aa22-453462e0f38a,천년,김치,오정동상점가,자율상권구역,대전광역시,,,
32c8535216484774c582,full_annotation_v1,A,q_반찬_03,나물,식료품 중 '반찬'을 판매·제공하는 매장,train,반찬,T2 동의어,cf1d3da9-2f3d-4f70-bc1a-39bb7111fc5b,재형이네나물백화점,나물,속초종합중앙시장,전통시장,강원특별자치도,,,
c2ca8dea5c528fd0271a,full_annotation_v1,A,q_반찬_03,나물,식료품 중 '반찬'을 판매·제공하는 매장,train,반찬,T2 동의어,8a2d7513-1b8f-4377-b6b6-92ff3066f883,종명식당 1호점,고기,서귀포매일올레시장,전통시장,제주특별자치도,,,
e28e0db0f2cbc8f439c2,full_annotation_v1,A,q_반찬_03,나물,식료품 중 '반찬'을 판매·제공하는 매장,train,반찬,T2 동의어,fc40c2bb-e7eb-447f-9f5f-7abfd6a8df8d,산내농산,"채소, 나물",팔달신시장,전통시장,대구광역시,,,
84cf0b38e10f68664d1a,full_annotation_v1,A,q_반찬_03,나물,식료품 중 '반찬'을 판매·제공하는 매장,train,반찬,T2 동의어,3f72afd6-a227-4817-a75d-d04b19a24d87,돼지네한방족발,족발,서산동부전통시장,전통시장,충청남도,,,
4146c1e167db6cab893b,full_annotation_v1,A,q_반찬_03,나물,식료품 중 '반찬'을 판매·제공하는 매장,train,반찬,T2 동의어,270f069f-356f-428b-9b43-c623eb12def2,송연건어물 나물젓갈,"건어물, 젓갈, 나물",속초중앙전통시장,전통시장,강원특별자치도,,,
699667bade659af7affa,full_annotation_v1,A,q_반찬_03,나물,식료품 중 '반찬'을 판매·제공하는 매장,train,반찬,T2 동의어,b3549e96-fa77-43d3-98ab-641c629b817e,우리농산물,농산물,황지자유시장,전통시장,강원특별자치도,,,
2af0ff3a691da91c96c4,full_annotation_v1,A,q_반찬_03,나물,식료품 중 '반찬'을 판매·제공하는 매장,train,반찬,T2 동의어,008fd310-2ceb-4758-88b1-e124bc2b36d5,반찬마을,즉석반찬,반송큰시장,전통시장,부산광역시,,,
ee36cedf9d7615c3fa4a,full_annotation_v1,A,q_반찬_03,나물,식료품 중 '반찬'을 판매·제공하는 매장,train,반찬,T2 동의어,c141f0c0-5748-4c91-9430-eea324225a5b,강원상회(야채),농산물 나물 건어물,경동광성상가,전통시장,서울특별시,,,
cc5ebd3436f730e6c8b9,full_annotation_v1,A,q_반찬_03,나물,식료품 중 '반찬'을 판매·제공하는 매장,train,반찬,T2 동의어,7ffdb743-ab88-46c9-b0aa-e83d16e38877,그린식품,나물 외,엄궁농산물도매시장식품·청과 소매동 골목형상점가,골목형상점가,부산광역시,,,
918a9bea604ad2e9f2ef,full_annotation_v1,A,q_반찬_03,나물,식료품 중 '반찬'을 판매·제공하는 매장,train,반찬,T2 동의어,1c824922-386e-4caf-b8f4-f3c18697c424,고향맛깔김치ㆍ나물,"김치, 나물류",목동깨비시장(구 목3동시장),전통시장,서울특별시,,,
c8cd27d41a78dbd83fb9,full_annotation_v1,A,q_반찬_03,나물,식료품 중 '반찬'을 판매·제공하는 매장,train,반찬,T2 동의어,4be6685f-7bd0-43f8-bc41-91650a1140f2,두부본가,두부,암사종합시장,전통시장,서울특별시,,,
638941411bc84bd4cbdf,full_annotation_v1,A,q_반찬_03,나물,식료품 중 '반찬'을 판매·제공하는 매장,train,반찬,T2 동의어,d932d569-6320-43d6-9753-a22c874ca0cd,의성나물,나물,학성새벽시장,전통시장,울산광역시,,,
056575b708a512edd67c,full_annotation_v1,A,q_반찬_03,나물,식료품 중 '반찬'을 판매·제공하는 매장,train,반찬,T2 동의어,a6fa5533-f9bc-4217-bb65-9ee1c9995531,장산상회,나물,마산어시장,전통시장,경상남도,,,
7de1e8b24c5c0f4017ac,full_annotation_v1,A,q_반찬_03,나물,식료품 중 '반찬'을 판매·제공하는 매장,train,반찬,T2 동의어,0d26b9ec-a86e-4525-ad49-3555d87c5163,선채령,백반,부곡맛고을상가,자율상권구역,경상북도,,,
58e51a3fcfca650fbab4,full_annotation_v1,A,q_반찬_03,나물,식료품 중 '반찬'을 판매·제공하는 매장,train,반찬,T2 동의어,fb6af44b-eed6-4037-b9a8-31d30eb942f0,산나물유통,나물,청주육거리종합시장,전통시장,충청북도,,,
525d5f58f0965704bd33,full_annotation_v1,A,q_반찬_03,나물,식료품 중 '반찬'을 판매·제공하는 매장,train,반찬,T2 동의어,c54bb05f-ef2c-42b5-be05-9b82cf505d39,장수돼지국밥,국밥,거제 신부시장,전통시장,경상남도,,,
2b0355131a147fff6e3d,full_annotation_v1,A,q_반찬_03,나물,식료품 중 '반찬'을 판매·제공하는 매장,train,반찬,T2 동의어,7a2984fa-6452-4451-970a-e5a85c87f58f,팔공산나물,생나물,동서시장,전통시장,대구광역시,,,
a28707b11e6d2e622505,full_annotation_v1,A,q_반찬_03,나물,식료품 중 '반찬'을 판매·제공하는 매장,train,반찬,T2 동의어,00181552-6cc5-406b-ac59-bf9816f61398,갓지은밥,한식,남광주시장,전통시장,,,,
b4dbff9c628ad37075a4,full_annotation_v1,A,q_반찬_03,나물,식료품 중 '반찬'을 판매·제공하는 매장,train,반찬,T2 동의어,42d27042-d90c-4224-a23a-d4d08af579fd,정선나물,산나물,정선아리랑시장,전통시장,강원특별자치도,,,
7496934e7715304e888e,full_annotation_v1,A,q_반찬_03,나물,식료품 중 '반찬'을 판매·제공하는 매장,train,반찬,T2 동의어,02dea6f1-bc12-4af7-a0d4-7c0c6599f247,고맙다바다야,백반,씨푸드타운 일반상가상인회 골목형상점가,골목형상점가,전라남도,,,
435beea3c68476fff4b3,full_annotation_v1,A,q_반찬_03,나물,식료품 중 '반찬'을 판매·제공하는 매장,train,반찬,T2 동의어,83aba6d7-57b0-4dca-b839-29bf4fbce021,오감살롱,화장품,화양제일골목시장(화양제일시장),전통시장,서울특별시,,,
74cf8bb706daaa44691b,full_annotation_v1,A,q_반찬_03,나물,식료품 중 '반찬'을 판매·제공하는 매장,train,반찬,T2 동의어,685e24b1-dc3b-4430-a2a7-150fdece8b78,현민농산,나물,청주육거리종합시장,전통시장,충청북도,,,
a60b08e4bb6a81258b5d,full_annotation_v1,A,q_반찬_03,나물,식료품 중 '반찬'을 판매·제공하는 매장,train,반찬,T2 동의어,d03e6c3c-133e-4ff2-a7b8-6f321ffc0bb4,수정상회,나물,경동시장,전통시장,서울특별시,,,
1960e6caaf9ca28a49ea,full_annotation_v1,A,q_반찬_03,나물,식료품 중 '반찬'을 판매·제공하는 매장,train,반찬,T2 동의어,5e076a4a-87e6-41e4-9cc2-14d322888800,봉황상회,농산물 나물,경동광성상가,전통시장,서울특별시,,,
a65cd91e79806df95786,full_annotation_v1,A,q_반찬_03,나물,식료품 중 '반찬'을 판매·제공하는 매장,train,반찬,T2 동의어,a37c2ef3-cd6f-42a5-b460-51796e222ec8,나물할매,,용산용문시장,전통시장,서울특별시,,,
97b8ab43aa8304ccde67,full_annotation_v1,A,q_반찬_03,나물,식료품 중 '반찬'을 판매·제공하는 매장,train,반찬,T2 동의어,074d3f46-dc6f-4cac-ba54-e24b3fc79798,서민인생역전,콩나물불고기외 음식점,신장대리 자율상권구역,,강원특별자치도,,,
c5a55f5e4ac781f1eaa4,full_annotation_v1,A,q_반찬_03,나물,식료품 중 '반찬'을 판매·제공하는 매장,train,반찬,T2 동의어,001053bb-9a4d-431c-8073-f2204c857265,유달식당,한식,노량진수산시장골목형상점가,골목형상점가,서울특별시,,,
29af9f0db75481ea341b,full_annotation_v1,A,q_반찬_03,나물,식료품 중 '반찬'을 판매·제공하는 매장,train,반찬,T2 동의어,f69bd427-c2a7-4db3-8d5c-d01a9014afff,경아상회,"채소, 나물",현대시장,전통시장,인천광역시,,,
61073277b4d768ae31ca,full_annotation_v1,A,q_반찬_03,나물,식료품 중 '반찬'을 판매·제공하는 매장,train,반찬,T2 동의어,e602984e-d0de-4f11-a109-a47f7e6da43d,나라콩나물,채소,대송시장,전통시장,울산광역시,,,
42ed7b78e86cb261bceb,full_annotation_v1,A,q_반찬_03,나물,식료품 중 '반찬'을 판매·제공하는 매장,train,반찬,T2 동의어,82c29b9c-7683-41f5-a8be-b035be960bef,재복상회,"나물, 야채류",부산새벽시장,전통시장,부산광역시,,,
c8734bd259a778dbf78c,full_annotation_v1,A,q_반찬_03,나물,식료품 중 '반찬'을 판매·제공하는 매장,train,반찬,T2 동의어,c83acaf0-c9d0-43a1-b354-aa85904ced79,자매상회,"나물, 채소",만수시장,전통시장,인천광역시,,,
555194cfe96920eaf61b,full_annotation_v1,A,q_반찬_03,나물,식료품 중 '반찬'을 판매·제공하는 매장,train,반찬,T2 동의어,08580263-9aad-4532-89f1-09cc9ada44a2,산야초건강나라,"약초, 나물, 버섯, 발효액기스",괴산시장,전통시장,충청북도,,,
8cc5a23ce15a3b169eaa,full_annotation_v1,A,q_반찬_03,나물,식료품 중 '반찬'을 판매·제공하는 매장,train,반찬,T2 동의어,9e57bdc2-a09e-45e6-9280-b1191bfa3584,나물담다,농산물,경동광성상가,전통시장,서울특별시,,,
cb4e81fa8cd57d8fd900,full_annotation_v1,A,q_반찬_03,나물,식료품 중 '반찬'을 판매·제공하는 매장,train,반찬,T2 동의어,90c0627d-b111-4214-80d4-de1ad7091455,타임,담배 및 나물,좌동재래시장,전통시장,부산광역시,,,
2cfb8aa0a230e232cbdc,full_annotation_v1,A,q_반찬_03,나물,식료품 중 '반찬'을 판매·제공하는 매장,train,반찬,T2 동의어,2d258da9-7c22-4fa4-876e-05771393244e,마리우스,신발,논산화지중앙시장,전통시장,충청남도,,,
b71882d511a9e4a1658a,full_annotation_v1,A,q_반찬_03,나물,식료품 중 '반찬'을 판매·제공하는 매장,train,반찬,T2 동의어,03539124-52c6-45c4-83dd-b26860094731,초당두채,콩나물,보성매일시장,전통시장,전라남도,,,
e683a890cda1d884e0ca,full_annotation_v1,A,q_반찬_03,나물,식료품 중 '반찬'을 판매·제공하는 매장,train,반찬,T2 동의어,030bc960-9493-4dd5-93ea-5b56023601af,왕돼지 김치찌개,김치찌개,쌍정 골목형상점가,골목형상점가,전라남도,,,
b087426bb94421c1ede3,full_annotation_v1,A,q_반찬_03,나물,식료품 중 '반찬'을 판매·제공하는 매장,train,반찬,T2 동의어,c13227b0-2a3d-4e5b-bf8a-6e96465167ae,소백상회,"기념품, 나물, 마, 칡",동문시장,전통시장,충청북도,,,
7f30402059f6ea8bb36e,full_annotation_v1,A,q_반찬_03,나물,식료품 중 '반찬'을 판매·제공하는 매장,train,반찬,T2 동의어,8b90a60c-d697-4373-b75f-14212d8b729e,새롬약국,약국,삼천동제일 골목형상점가,골목형상점가,전북특별자치도,,,
b2c2d707f15ebcaf9adf,full_annotation_v1,A,q_반찬_03,나물,식료품 중 '반찬'을 판매·제공하는 매장,train,반찬,T2 동의어,f6b28a18-b616-4520-bfc9-22fdb7a8d485,태릉모터스,,갈매아이&유거리 골목형상점가,골목형상점가,경기도,,,
3c8027abc084d74806ba,full_annotation_v1,A,q_반찬_03,나물,식료품 중 '반찬'을 판매·제공하는 매장,train,반찬,T2 동의어,00c1e208-d4b3-47f5-8f6f-a0b8f4d47a3b,동아리족발,반찬및 족발,서동시장(창인시장),전통시장,전북특별자치도,,,
5736342f68e9e671014d,full_annotation_v1,A,q_반찬_03,나물,식료품 중 '반찬'을 판매·제공하는 매장,train,반찬,T2 동의어,057052a8-e922-408d-9631-152fbd0f3bdb,대덕상회,나물,양동시장,전통시장,광주광역시,,,
5d6ffada0e80bc1b546f,full_annotation_v1,A,q_반찬_03,나물,식료품 중 '반찬'을 판매·제공하는 매장,train,반찬,T2 동의어,cf6b6fef-faf5-46e6-a986-e479bb4ff664,녹원수산유통,"수산물, 야채, 나물",양동수산시장,전통시장,광주광역시,,,
7679ed72202bb6b6f7bf,full_annotation_v1,A,q_반찬_03,나물,식료품 중 '반찬'을 판매·제공하는 매장,train,반찬,T2 동의어,c90b9c3d-a4f6-4135-8450-d03020096f3e,진미유통,"식잡(두부, 나물, 고추장 등)",영등포전통시장,자율상권구역,서울특별시,,,
cb6b5d5f868fcd5c7da6,full_annotation_v1,A,q_반찬_03,나물,식료품 중 '반찬'을 판매·제공하는 매장,train,반찬,T2 동의어,96af8754-1848-408d-9b6e-ac81d075f341,대박나물,나물,대림골목시장,전통시장,서울특별시,,,
1eef348eed8ccd372250,full_annotation_v1,A,q_반찬_03,나물,식료품 중 '반찬'을 판매·제공하는 매장,train,반찬,T2 동의어,83a2605b-1650-4bd4-98d0-79c6a9f1307c,으뜸나물,,경동광성상가,전통시장,서울특별시,,,
3ff2061dce179630bfac,full_annotation_v1,A,q_반찬_03,나물,식료품 중 '반찬'을 판매·제공하는 매장,train,반찬,T2 동의어,42a5d632-d28d-473f-98bb-caf91913ce63,광남상회,나물,청량리농수산물시장,전통시장,서울특별시,,,
b49a95134305ad3e90e0,full_annotation_v1,A,q_반찬_03,나물,식료품 중 '반찬'을 판매·제공하는 매장,train,반찬,T2 동의어,e237a3eb-167d-4309-925f-8971e16d315b,장수정육,정육,길동복조리시장,전통시장,서울특별시,,,
8de9d4f0cec026995e8d,full_annotation_v1,A,q_반찬_03,나물,식료품 중 '반찬'을 판매·제공하는 매장,train,반찬,T2 동의어,ca58580c-0d38-455b-80d6-93e2cdf5bd66,혜진나물,나물,계양산전통시장,전통시장,인천광역시,,,
4144df84d30b827890d1,full_annotation_v1,A,q_반찬_03,나물,식료품 중 '반찬'을 판매·제공하는 매장,train,반찬,T2 동의어,a612a6b8-917f-4f8b-8e08-eb7ac13a55c2,할매나물,,대림골목시장,전통시장,서울특별시,,,
ef44a279cb2c25cc5cb0,full_annotation_v1,A,q_반찬_03,나물,식료품 중 '반찬'을 판매·제공하는 매장,train,반찬,T2 동의어,bdddba52-7793-4371-9854-37f86e1b8250,제천본초,"약초, 한약재, 나물, 건강식품외",제천한방마을 골목형상점가,골목형상점가,충청북도,,,
5533f362332461528542,full_annotation_v1,A,q_반찬_03,나물,식료품 중 '반찬'을 판매·제공하는 매장,train,반찬,T2 동의어,f530a65d-f36f-4750-aa4c-ce22b2b31a77,서문이불,포목,서문공설시장,전통시장,제주특별자치도,,,
e3537910ac14fd0d86cc,full_annotation_v1,A,q_반찬_03,나물,식료품 중 '반찬'을 판매·제공하는 매장,train,반찬,T2 동의어,066a89b7-02c2-4958-802d-9c2d6d2e567b,대원유통,"도소매(산나물,채소)",하대원공설시장,전통시장,경기도,,,
467905d77d55b1c5d256,full_annotation_v1,A,q_반찬_03,나물,식료품 중 '반찬'을 판매·제공하는 매장,train,반찬,T2 동의어,03bba86e-80c4-42b0-8688-a0c912abdb07,돼지고기김치찌개,김치찌개,도담동 골목형상점가,골목형상점가,세종특별자치시,,,
8fce2cd1d1883e5fe29f,full_annotation_v1,A,q_반찬_03,나물,식료품 중 '반찬'을 판매·제공하는 매장,train,반찬,T2 동의어,006895c5-d037-4e3d-9cfb-6972007a350a,반찬사랑,반찬,오치2동 골목형상점가,골목형상점가,광주광역시,,,
90d40051a307dce3df68,full_annotation_v1,A,q_반찬_03,나물,식료품 중 '반찬'을 판매·제공하는 매장,train,반찬,T2 동의어,427951cc-64d6-4490-8bfe-029b65b64472,영신나물,"마늘, 나물류",순천역전시장,전통시장,전라남도,,,
07102f4235be08b9efdd,full_annotation_v1,A,q_반찬_03,나물,식료품 중 '반찬'을 판매·제공하는 매장,train,반찬,T2 동의어,3ce7fa23-c96b-45b4-b479-621fa6ee7fc0,대성상회,나물,팔달신시장,전통시장,대구광역시,,,
d8b7863e87c610ab593d,full_annotation_v1,A,q_반찬_03,나물,식료품 중 '반찬'을 판매·제공하는 매장,train,반찬,T2 동의어,00066748-bce9-4daa-b881-7902dad46f14,하단맛집,한식,하단자율상권구역,,부산광역시,,,
fd436e8633dbb934d071,full_annotation_v1,A,q_반찬_03,나물,식료품 중 '반찬'을 판매·제공하는 매장,train,반찬,T2 동의어,c6dc5a40-4279-4b1c-be1b-23945a8a1bcd,약초방,"나물, 약초",연일전통시장,전통시장,경상북도,,,
b8de7307df52b9c5f55a,full_annotation_v1,A,q_반찬_03,나물,식료품 중 '반찬'을 판매·제공하는 매장,train,반찬,T2 동의어,1163de2c-9a7e-4b00-afe8-4a4fe1f1a31e,정선향토나물,나물,정선아리랑시장,전통시장,강원특별자치도,,,
d5d62086670ccee851fd,full_annotation_v1,A,q_반찬_03,나물,식료품 중 '반찬'을 판매·제공하는 매장,train,반찬,T2 동의어,e669e36c-4d8f-4338-8737-2ed66f26da53,카사스튜디오,,부천 옥길 골목형상점가,골목형상점가,경기도,,,
941274f728741d7d08e0,full_annotation_v1,A,q_반찬_03,나물,식료품 중 '반찬'을 판매·제공하는 매장,train,반찬,T2 동의어,6f99d01f-53b9-4317-9705-800e4d515809,나물집,나물류,의왕도깨비시장,전통시장,경기도,,,
766ec89d2b88501cacd5,full_annotation_v1,A,q_반찬_04,반찬가게,식료품 중 '반찬'을 판매·제공하는 매장,train,반찬,T2 동의어,001053bb-9a4d-431c-8073-f2204c857265,유달식당,한식,노량진수산시장골목형상점가,골목형상점가,서울특별시,,,
3384de27dc0318c0a3ea,full_annotation_v1,A,q_반찬_04,반찬가게,식료품 중 '반찬'을 판매·제공하는 매장,train,반찬,T2 동의어,b9350978-7d13-4e26-af40-323d5fd29efb,서남옛날가마솥국,반찬가게,서남신시장,전통시장,대구광역시,,,
c7710e0eca83996138e8,full_annotation_v1,A,q_반찬_04,반찬가게,식료품 중 '반찬'을 판매·제공하는 매장,train,반찬,T2 동의어,6f898587-05a7-46a8-853c-2f103ebbfbac,소문난반찬,반찬가게,김해 외동전통시장,전통시장,경상남도,,,
0b8b83543668d8b3d877,full_annotation_v1,A,q_반찬_04,반찬가게,식료품 중 '반찬'을 판매·제공하는 매장,train,반찬,T2 동의어,a9379967-dfdc-47aa-9cfb-295cf49b370e,오성반찬,반찬가게,반월동 골목형상점가,골목형상점가,전북특별자치도,,,
7ca881681ea8ccb84708,full_annotation_v1,A,q_반찬_04,반찬가게,식료품 중 '반찬'을 판매·제공하는 매장,train,반찬,T2 동의어,525c39ca-c339-4dcc-aa35-5110d0782933,위미즐 베이글,커피,탕정역 지웰시티몰 3단지 골목형상점가,골목형상점가,충청남도,,,
f50abef6d276e106544b,full_annotation_v1,A,q_반찬_04,반찬가게,식료품 중 '반찬'을 판매·제공하는 매장,train,반찬,T2 동의어,00c1e208-d4b3-47f5-8f6f-a0b8f4d47a3b,동아리족발,반찬및 족발,서동시장(창인시장),전통시장,전북특별자치도,,,
bdcb05b4b163ada4123e,full_annotation_v1,A,q_반찬_04,반찬가게,식료품 중 '반찬'을 판매·제공하는 매장,train,반찬,T2 동의어,3608f8a5-a23e-4e3d-be6c-144ea6187e61,진미식품,반찬가게,포항죽도시장,전통시장,경상북도,,,
5dffc133fcadbfb944c6,full_annotation_v1,A,q_반찬_04,반찬가게,식료품 중 '반찬'을 판매·제공하는 매장,train,반찬,T2 동의어,758d3108-bf4c-4d83-8bcb-3dcda9d5b34c,본가사랑채,반찬가게,대주먹자골목 골목형상점가,골목형상점가,광주광역시,,,
195b14666d8589bdb2d9,full_annotation_v1,A,q_반찬_04,반찬가게,식료품 중 '반찬'을 판매·제공하는 매장,train,반찬,T2 동의어,a989aee1-1437-4798-8bba-b19d763ffd03,착한반찬,반찬가게 한식,백운진다리 골목형상점가,골목형상점가,광주광역시,,,
f31025612806a2fbc867,full_annotation_v1,A,q_반찬_04,반찬가게,식료품 중 '반찬'을 판매·제공하는 매장,train,반찬,T2 동의어,781afce5-abba-4590-9d1a-64d5353e7914,건강한밥상,소매(반찬가게),현대시장(분당구),전통시장,경기도,,,
06ca8aa7f2c07c471f5b,full_annotation_v1,A,q_반찬_04,반찬가게,식료품 중 '반찬'을 판매·제공하는 매장,train,반찬,T2 동의어,fb2c5c1e-3314-4ca8-987d-1cbe71ce1f4d,그바다 거제도 반찬가게,반찬,거제 능포 골목형상점가,골목형상점가,경상남도,,,
5ff617b59175ca400589,full_annotation_v1,A,q_반찬_04,반찬가게,식료품 중 '반찬'을 판매·제공하는 매장,train,반찬,T2 동의어,3d24f1c5-bc98-4cee-84af-3e5aa0fd0a53,우리동네반찬가게,반찬가게,신금정시장 골목형 상점가,골목형상점가,부산광역시,,,
2296c39cd3e7fed99e98,full_annotation_v1,A,q_반찬_04,반찬가게,식료품 중 '반찬'을 판매·제공하는 매장,train,반찬,T2 동의어,60ca3c1d-7f18-4ced-b343-8b0be32d9b6e,명빈이네 반찬가게,반찬,장림골목시장,전통시장,부산광역시,,,
993f044e27cf3254556b,full_annotation_v1,A,q_반찬_04,반찬가게,식료품 중 '반찬'을 판매·제공하는 매장,train,반찬,T2 동의어,cfa0879e-0f08-4b0a-b488-29c47f40bd7a,민속반찬둘째네,반찬가게,목포동부시장,전통시장,전라남도,,,
fd57568c353fe6cb60c9,full_annotation_v1,A,q_반찬_04,반찬가게,식료품 중 '반찬'을 판매·제공하는 매장,train,반찬,T2 동의어,057052a8-e922-408d-9631-152fbd0f3bdb,대덕상회,나물,양동시장,전통시장,광주광역시,,,
835df88fa8e8ff49b560,full_annotation_v1,A,q_반찬_04,반찬가게,식료품 중 '반찬'을 판매·제공하는 매장,train,반찬,T2 동의어,000a95c4-e0a6-4011-86fb-04307bcfae38,황갈비,한식,김천황금시장,전통시장,경상북도,,,
cb099537c633c1987890,full_annotation_v1,A,q_반찬_04,반찬가게,식료품 중 '반찬'을 판매·제공하는 매장,train,반찬,T2 동의어,e81c4722-809a-47db-94df-5494e8fcf266,자연을담은찬,반찬가게,봉동생강골시장,전통시장,전북특별자치도,,,
1dc033194dc2266e58e5,full_annotation_v1,A,q_반찬_04,반찬가게,식료품 중 '반찬'을 판매·제공하는 매장,train,반찬,T2 동의어,44cc0426-5b11-4b2b-993c-57fe18e30eee,머릿고기 먹는날,반찬가게,고창전통시장,전통시장,전북특별자치도,,,
93094eef6583e9194581,full_annotation_v1,A,q_반찬_04,반찬가게,식료품 중 '반찬'을 판매·제공하는 매장,train,반찬,T2 동의어,0d26b9ec-a86e-4525-ad49-3555d87c5163,선채령,백반,부곡맛고을상가,자율상권구역,경상북도,,,
a879f9208f7a7d46346b,full_annotation_v1,A,q_반찬_04,반찬가게,식료품 중 '반찬'을 판매·제공하는 매장,train,반찬,T2 동의어,009ee53b-22c6-434e-bb94-47758d092857,미애네 달달스토어,반찬,송현시장,전통시장,인천광역시,,,
ba84093783f7d0f39f10,full_annotation_v1,A,q_반찬_04,반찬가게,식료품 중 '반찬'을 판매·제공하는 매장,train,반찬,T2 동의어,97d0e15b-9a97-4054-8226-e42a013fb15d,우리반찬,반찬가게,남구 용대로 골목형상점가,골목형상점가,광주광역시,,,
11f2c93cfdb86c8f9228,full_annotation_v1,A,q_반찬_04,반찬가게,식료품 중 '반찬'을 판매·제공하는 매장,train,반찬,T2 동의어,b8e5fe96-164b-4fcc-b8c8-a54af08b7a47,소리식품,반찬가게,공덕시장,전통시장,서울특별시,,,
ccffa7ee5c31a30dfc33,full_annotation_v1,A,q_반찬_04,반찬가게,식료품 중 '반찬'을 판매·제공하는 매장,train,반찬,T2 동의어,4406ef74-43a4-4e45-b6c7-188c7b948a02,하나로축산물백화점,식육업,오산오색시장(구 오산중앙시장),전통시장,경기도,,,
677b1d4b9685279e687f,full_annotation_v1,A,q_반찬_04,반찬가게,식료품 중 '반찬'을 판매·제공하는 매장,train,반찬,T2 동의어,5c0fb686-6641-4a31-a2bb-2a389a485ae7,경아횟집,수산물,울산농수산물도매시장 수산소매동,골목형상점가,울산광역시,,,
593b84c8c0236ab83ac6,full_annotation_v1,A,q_반찬_04,반찬가게,식료품 중 '반찬'을 판매·제공하는 매장,train,반찬,T2 동의어,00118834-a0f4-4127-ba7d-f7908ced2e1d,골목집,한식,대흥낭만거리 골목형상점가,골목형상점가,대전광역시,,,
688822d6e4fcd4b555d9,full_annotation_v1,A,q_반찬_04,반찬가게,식료품 중 '반찬'을 판매·제공하는 매장,train,반찬,T2 동의어,12a08641-b258-4c34-8808-3409b53a1f28,형제수산,"활어, 생선",명지시장,전통시장,부산광역시,,,
fb6645525b7a49b31beb,full_annotation_v1,A,q_반찬_04,반찬가게,식료품 중 '반찬'을 판매·제공하는 매장,train,반찬,T2 동의어,77503870-aa92-4d97-9004-56cdbd227676,우리집 반찬,반찬가게,양평물맑은시장,전통시장,경기도,,,
2df9d6486781f669efd1,full_annotation_v1,A,q_반찬_04,반찬가게,식료품 중 '반찬'을 판매·제공하는 매장,train,반찬,T2 동의어,33a74e6c-daea-4afa-b2b2-31cca3aed37d,호야네 찬,반찬가게,송강전통시장,전통시장,대전광역시,,,
d3dea9ea275dc293eabd,full_annotation_v1,A,q_반찬_04,반찬가게,식료품 중 '반찬'을 판매·제공하는 매장,train,반찬,T2 동의어,22d60d58-ccd2-470e-813e-8e198d45925f,서부상회,반찬가게,문산자유시장,전통시장,경기도,,,
b8efaaddb5373f8f26b5,full_annotation_v1,A,q_반찬_04,반찬가게,식료품 중 '반찬'을 판매·제공하는 매장,train,반찬,T2 동의어,19a1a600-6c2d-4b11-b748-868de2bc7c37,윤자네 반찬가게,반찬,별빛뉴타운골목형상점가,골목형상점가,서울특별시,,,
39a1275840e9327db32f,full_annotation_v1,A,q_반찬_04,반찬가게,식료품 중 '반찬'을 판매·제공하는 매장,train,반찬,T2 동의어,066a89b7-02c2-4958-802d-9c2d6d2e567b,대원유통,"도소매(산나물,채소)",하대원공설시장,전통시장,경기도,,,
6858322630d836798370,full_annotation_v1,A,q_반찬_04,반찬가게,식료품 중 '반찬'을 판매·제공하는 매장,train,반찬,T2 동의어,400a0438-6ea6-452b-aa85-6c4704067bd3,반찬마트,반찬가게,봉화상설시장,전통시장,경상북도,,,
f4511f02a25a16b953f3,full_annotation_v1,A,q_반찬_04,반찬가게,식료품 중 '반찬'을 판매·제공하는 매장,train,반찬,T2 동의어,e5232024-00af-4b56-8681-b07c71fa8e0d,화평상회,농산물,창원 가음정시장,전통시장,경상남도,,,
8f78fff83571c91893bb,full_annotation_v1,A,q_반찬_04,반찬가게,식료품 중 '반찬'을 판매·제공하는 매장,train,반찬,T2 동의어,cc46029a-4815-4bc8-bb41-7eef57aa909b,반찬동나라,소매(반찬가게),용인중앙시장,전통시장,경기도,,,
6fee74a48921d5002404,full_annotation_v1,A,q_반찬_04,반찬가게,식료품 중 '반찬'을 판매·제공하는 매장,train,반찬,T2 동의어,e7eb440a-7093-4d3d-acc6-92bcc04f6f21,생그린식품,두부,석바위시장,전통시장,인천광역시,,,
b4615a612b02c45b73ea,full_annotation_v1,A,q_반찬_04,반찬가게,식료품 중 '반찬'을 판매·제공하는 매장,train,반찬,T2 동의어,008fd310-2ceb-4758-88b1-e124bc2b36d5,반찬마을,즉석반찬,반송큰시장,전통시장,부산광역시,,,
6fa7aad456bd3e54f13e,full_annotation_v1,A,q_반찬_04,반찬가게,식료품 중 '반찬'을 판매·제공하는 매장,train,반찬,T2 동의어,2a15c2a6-f98b-4a6e-bb2c-00b826bb120c,용남반찬가게,반찬,용남시장,전통시장,인천광역시,,,
bbd343b5756704795378,full_annotation_v1,A,q_반찬_04,반찬가게,식료품 중 '반찬'을 판매·제공하는 매장,train,반찬,T2 동의어,a8b6037d-cc4a-4bcf-8e58-13c94c37a175,도토리반찬,반찬가게,동문재래시장,전통시장,제주특별자치도,,,
55f31f1232d9de1f92aa,full_annotation_v1,A,q_반찬_04,반찬가게,식료품 중 '반찬'을 판매·제공하는 매장,train,반찬,T2 동의어,00181552-6cc5-406b-ac59-bf9816f61398,갓지은밥,한식,남광주시장,전통시장,,,,
069ea94a8db01f5bada4,full_annotation_v1,A,q_반찬_04,반찬가게,식료품 중 '반찬'을 판매·제공하는 매장,train,반찬,T2 동의어,7b0cb3c0-db6e-4782-9a23-1b9318f8a45e,현대닭집,,현대시장,전통시장,인천광역시,,,
c7760d023f0bc0ee176c,full_annotation_v1,A,q_반찬_04,반찬가게,식료품 중 '반찬'을 판매·제공하는 매장,train,반찬,T2 동의어,54781833-d26c-4fcd-97d5-bde169fd977f,재영이네 반찬가게,김치,자양전통시장,전통시장,서울특별시,,,
d84cbda267a1bde0f91e,full_annotation_v1,A,q_반찬_04,반찬가게,식료품 중 '반찬'을 판매·제공하는 매장,train,반찬,T2 동의어,01f160fc-531c-4191-aa22-453462e0f38a,천년,김치,오정동상점가,자율상권구역,대전광역시,,,
72a2e4556289a2c85085,full_annotation_v1,A,q_반찬_04,반찬가게,식료품 중 '반찬'을 판매·제공하는 매장,train,반찬,T2 동의어,26f69065-b92a-4afe-9313-a716d624f101,복희언니반찬,반찬가게,코끼리시장,골목형상점가,울산광역시,,,
6aca18cabb0d1f623bd2,full_annotation_v1,A,q_반찬_04,반찬가게,식료품 중 '반찬'을 판매·제공하는 매장,train,반찬,T2 동의어,5bd78493-cac6-403d-a57b-970a64922c3c,연이네,반찬가게,괴정골목시장,전통시장,부산광역시,,,
b602b49c1a2071496fac,full_annotation_v1,A,q_반찬_04,반찬가게,식료품 중 '반찬'을 판매·제공하는 매장,train,반찬,T2 동의어,ad755e30-0795-4f45-ae5e-646563ecbdb1,내포회관 반도유보라점,,반도 골목형상점가,골목형상점가,충청남도,,,
78c5a6830d6ebf48fbe7,full_annotation_v1,A,q_반찬_04,반찬가게,식료품 중 '반찬'을 판매·제공하는 매장,train,반찬,T2 동의어,9c89775c-bed3-403e-a766-8d8b6fb4010a,미즈노 전주송천점,스포츠용품 의류,송천메가 골목형상점가,골목형상점가,전북특별자치도,,,
0cd5d3c11c7679eea7e0,full_annotation_v1,A,q_반찬_04,반찬가게,식료품 중 '반찬'을 판매·제공하는 매장,train,반찬,T2 동의어,3234f939-835f-4c48-8b65-a79ea9b55dbe,우리동네반찬,반찬가게,창원 도계부부시장,전통시장,경상남도,,,
6650e286c62f440ddfee,full_annotation_v1,A,q_반찬_04,반찬가게,식료품 중 '반찬'을 판매·제공하는 매장,train,반찬,T2 동의어,67000a87-4b07-4083-a94f-d8e4b0af0afd,영심이 반찬가게,한식,부곡시장,전통시장,부산광역시,,,
269de9413c4e303e3879,full_annotation_v1,A,q_반찬_04,반찬가게,식료품 중 '반찬'을 판매·제공하는 매장,train,반찬,T2 동의어,74f180db-2ed1-4958-b3c7-8af23c094b21,다원반찬,소매(반찬가게),미래그린시장,전통시장,경기도,,,
5eb71e62ec98646af5de,full_annotation_v1,A,q_반찬_04,반찬가게,식료품 중 '반찬'을 판매·제공하는 매장,train,반찬,T2 동의어,02dea6f1-bc12-4af7-a0d4-7c0c6599f247,고맙다바다야,백반,씨푸드타운 일반상가상인회 골목형상점가,골목형상점가,전라남도,,,
ee482c88de656a99d8b2,full_annotation_v1,A,q_반찬_04,반찬가게,식료품 중 '반찬'을 판매·제공하는 매장,train,반찬,T2 동의어,39c29132-9266-4a69-81e5-98c62e49b4a5,건강부자반찬가게,,남악천변 골목형상점가,골목형상점가,,,,
4fbfa32772cffa0917e3,full_annotation_v1,A,q_반찬_04,반찬가게,식료품 중 '반찬'을 판매·제공하는 매장,train,반찬,T2 동의어,95f24fc5-5763-4fb1-bde3-30c0d846026a,쿡1015,반찬가게,초지항아리 골목형상점가,골목형상점가,경기도,,,
7b9776eadd2de5e1e386,full_annotation_v1,A,q_반찬_04,반찬가게,식료품 중 '반찬'을 판매·제공하는 매장,train,반찬,T2 동의어,06fb679d-ab9f-415f-86de-0aacf28ac48c,운남콩나물국밥,한식(콩나물국밥),전주남부시장,전통시장,전북특별자치도,,,
6d3dcf8e33ef457f8609,full_annotation_v1,A,q_반찬_04,반찬가게,식료품 중 '반찬'을 판매·제공하는 매장,train,반찬,T2 동의어,7ae8f5f2-081c-4f97-9dc5-33773b0c692c,아레나스포츠송천점,스포츠의류 스포츠용품,송천메가 골목형상점가,골목형상점가,전북특별자치도,,,
ee6a7eff768781194456,full_annotation_v1,A,q_반찬_04,반찬가게,식료품 중 '반찬'을 판매·제공하는 매장,train,반찬,T2 동의어,7df1a71c-580b-406b-ba5a-f11f602dc463,하연이네반찬,반찬가게,광명새마을시장,전통시장,경기도,,,
74f494822e380a8d2fb3,full_annotation_v1,A,q_반찬_04,반찬가게,식료품 중 '반찬'을 판매·제공하는 매장,train,반찬,T2 동의어,7a2e4c60-e9fa-4fdd-b42f-175214773202,소문난반찬,반찬가게,남광주시장,전통시장,,,,
a285b06b544e78943e64,full_annotation_v1,A,q_반찬_04,반찬가게,식료품 중 '반찬'을 판매·제공하는 매장,train,반찬,T2 동의어,03bba86e-80c4-42b0-8688-a0c912abdb07,돼지고기김치찌개,김치찌개,도담동 골목형상점가,골목형상점가,세종특별자치시,,,
13faa481cfd9a8f8cd13,full_annotation_v1,A,q_반찬_04,반찬가게,식료품 중 '반찬'을 판매·제공하는 매장,train,반찬,T2 동의어,00066748-bce9-4daa-b881-7902dad46f14,하단맛집,한식,하단자율상권구역,,부산광역시,,,
e5c0e79b8b69466a61fb,full_annotation_v1,A,q_반찬_04,반찬가게,식료품 중 '반찬'을 판매·제공하는 매장,train,반찬,T2 동의어,006895c5-d037-4e3d-9cfb-6972007a350a,반찬사랑,반찬,오치2동 골목형상점가,골목형상점가,광주광역시,,,
23926d08964cfdddcea7,full_annotation_v1,A,q_반찬_04,반찬가게,식료품 중 '반찬'을 판매·제공하는 매장,train,반찬,T2 동의어,0182c177-fcc7-47b0-8e12-99eb221aff79,시장초장식당,"칼국수, 열무비빔밥, 국, 반찬",경주중앙시장,전통시장,경상북도,,,
7d4dcbeb3f00783580b3,full_annotation_v1,A,q_반찬_04,반찬가게,식료품 중 '반찬'을 판매·제공하는 매장,train,반찬,T2 동의어,ea9d1945-f259-4166-9226-e9a01b679242,정성드린 집밥,반찬가게,초록거리 골목형상점가,골목형상점가,경기도,,,
06c435773b270139803b,full_annotation_v1,A,q_반찬_04,반찬가게,식료품 중 '반찬'을 판매·제공하는 매장,train,반찬,T2 동의어,534e84e9-a7c3-42e9-bbef-1ba649f27260,엄마손반찬,소매업(반찬가게),신원시장,전통시장,서울특별시,,,
4d8e259e3096c16bdf82,full_annotation_v1,A,q_반찬_04,반찬가게,식료품 중 '반찬'을 판매·제공하는 매장,train,반찬,T2 동의어,5f5c6fec-c857-488d-b282-f92aeafb5355,더함반찬가게,반찬,강남개포시장(구 개포2동중심상점가),자율상권구역,서울특별시,,,
0454691c1df261b93ae0,full_annotation_v1,A,q_반찬_04,반찬가게,식료품 중 '반찬'을 판매·제공하는 매장,train,반찬,T2 동의어,d136d8e0-0045-4398-94c5-1b84dbf8eb7b,오늘,,내포 홍학로 근린상점가 골목형상점가,골목형상점가,충청남도,,,
60cbcadb6e9555051350,full_annotation_v1,A,q_반찬_04,반찬가게,식료품 중 '반찬'을 판매·제공하는 매장,train,반찬,T2 동의어,82bf66dc-a09e-420c-b59e-30107004b6c2,세자매찬방,소매(반찬가게),돌고래시장(돌고래종합상가),전통시장,경기도,,,
b83ac4d8c19e88fb9406,full_annotation_v1,A,q_반찬_04,반찬가게,식료품 중 '반찬'을 판매·제공하는 매장,train,반찬,T2 동의어,076afb19-33fa-4d4b-ac28-ae9c058c986d,지동반찬,반찬가게,수원못골종합시장,전통시장,경기도,,,
2d00b9b2dab7f463f49a,full_annotation_v1,A,q_반찬_04,반찬가게,식료품 중 '반찬'을 판매·제공하는 매장,train,반찬,T2 동의어,286e1e59-507d-4612-be07-4c967601b16e,쉬즈미스,의류,영주문화시장,전통시장,경상북도,,,
0a4f78b61b64e4024c9e,full_annotation_v1,A,q_반찬_04,반찬가게,식료품 중 '반찬'을 판매·제공하는 매장,train,반찬,T2 동의어,f5856f07-f7d0-4895-a007-63fd459a221c,반찬가게,반찬,광명전통시장,전통시장,경기도,,,
f5e87eeb6e60e94e1617,full_annotation_v1,A,q_반찬_04,반찬가게,식료품 중 '반찬'을 판매·제공하는 매장,train,반찬,T2 동의어,0ca69185-b3e5-4197-b6ae-5388a2e247a6,쿵이네백반,백반,인천종합어시장,전통시장,인천광역시,,,
59919df8055a089d95e2,full_annotation_v1,A,q_반찬_04,반찬가게,식료품 중 '반찬'을 판매·제공하는 매장,train,반찬,T2 동의어,2ea8c99f-1cdb-400c-be88-7e7d7ff1a511,먹거리장터,반찬가게,정자시장,전통시장,경기도,,,
37f99a582a641bf0eb82,full_annotation_v1,A,q_반찬_04,반찬가게,식료품 중 '반찬'을 판매·제공하는 매장,train,반찬,T2 동의어,074d3f46-dc6f-4cac-ba54-e24b3fc79798,서민인생역전,콩나물불고기외 음식점,신장대리 자율상권구역,,강원특별자치도,,,
10964fde7a90ccd71443,full_annotation_v1,A,q_반찬_04,반찬가게,식료품 중 '반찬'을 판매·제공하는 매장,train,반찬,T2 동의어,57997807-b8c5-4b37-845c-49df24431da7,단대반찬가게,반찬,단대마트시장,전통시장,경기도,,,
bcd7264390dc61a3125d,full_annotation_v1,A,q_반찬_04,반찬가게,식료품 중 '반찬'을 판매·제공하는 매장,train,반찬,T2 동의어,53706764-3f12-4f2a-a5ae-79800a8af8a0,세자매,반찬가게,군산역전종합시장,전통시장,전북특별자치도,,,
09e2874d9d8495fe5944,full_annotation_v1,A,q_반찬_04,반찬가게,식료품 중 '반찬'을 판매·제공하는 매장,train,반찬,T2 동의어,7c4840af-d91a-4bcd-88a5-19c97363afa9,대길반찬,소매(반찬가게),부안상설시장,전통시장,전북특별자치도,,,
dfabf2285cc3dac7188f,full_annotation_v1,A,q_반찬_04,반찬가게,식료품 중 '반찬'을 판매·제공하는 매장,train,반찬,T2 동의어,030bc960-9493-4dd5-93ea-5b56023601af,왕돼지 김치찌개,김치찌개,쌍정 골목형상점가,골목형상점가,전라남도,,,
f1f61917d47003fd0dc4,full_annotation_v1,A,q_반찬_04,반찬가게,식료품 중 '반찬'을 판매·제공하는 매장,train,반찬,T2 동의어,cebf979a-c2f6-46fc-b406-be585aacaee8,맛에최고집,반찬가게,임방울거리1구역 골목형상점가,골목형상점가,광주광역시,,,
799a3a7ecda2fbb9e688,full_annotation_v1,A,q_반찬_04,반찬가게,식료품 중 '반찬'을 판매·제공하는 매장,train,반찬,T2 동의어,d53ba630-8fa6-4b7a-9aa5-535ce99c6e23,행복가득찬반찬가게,도소매(반찬가게),고분다리시장,전통시장,서울특별시,,,
4183280cf16671f2d19e,full_annotation_v1,A,q_반찬_04,반찬가게,식료품 중 '반찬'을 판매·제공하는 매장,train,반찬,T2 동의어,6d1972d3-5852-465f-9756-a9ec80be64cc,윤자네반찬,반찬가게,관문상가시장,전통시장,대구광역시,,,
64235040400d450b0f18,full_annotation_v1,A,q_반찬_04,반찬가게,식료품 중 '반찬'을 판매·제공하는 매장,train,반찬,T2 동의어,6abcf315-2649-4ec8-8445-727ea3544711,서경종합식품,건어물,진주 논개시장,전통시장,경상남도,,,
688ba2e378a3dd77163f,full_annotation_v1,A,q_반찬_04,반찬가게,식료품 중 '반찬'을 판매·제공하는 매장,train,반찬,T2 동의어,0d92cbf1-e515-46bc-b362-e27164d9fbda,정화마차,백반,쫑포상가 골목형상점가,골목형상점가,전라남도,,,
06cfa2e07e6e9154c2bf,full_annotation_v1,A,q_반찬_04,반찬가게,식료품 중 '반찬'을 판매·제공하는 매장,train,반찬,T2 동의어,b48d9565-6f3e-48c6-8ec0-9243370f9e60,스텔라떡볶이 전북군산조촌점,분식,군산디오션시티 G플레이스 골목형상점가,골목형상점가,전북특별자치도,,,
5f2ff02ebd17ca6c416e,full_annotation_v1,A,q_반찬_04,반찬가게,식료품 중 '반찬'을 판매·제공하는 매장,train,반찬,T2 동의어,4c14001a-c7d3-41c3-95ae-f09530fd9d22,찬찬찬 반찬가게,,고촌수자인 골목형상점가,골목형상점가,경기도,,,
348b5ae11d1e03e677db,full_annotation_v1,A,q_반찬_04,반찬가게,식료품 중 '반찬'을 판매·제공하는 매장,train,반찬,T2 동의어,03a6e716-3825-40e3-ba06-e047ee5e5483,부일반찬,김치,초량전통시장,전통시장,부산광역시,,,
cc431af49f0330484bd0,full_annotation_v1,A,q_반찬_04,반찬가게,식료품 중 '반찬'을 판매·제공하는 매장,train,반찬,T2 동의어,2b649b1d-9602-41a2-bf54-17456cb4b235,스마일 반찬가게,한식,계림아이파크SK뷰 골목형상점가,골목형상점가,광주광역시,,,
579e5ce1da9caa686a33,full_annotation_v1,A,q_반찬_04,반찬가게,식료품 중 '반찬'을 판매·제공하는 매장,train,반찬,T2 동의어,ea73937c-cd0e-441a-b9e0-bf7a7f1b5367,엄니반찬가게,반찬,부여도심 상권활성화구역,상권활성화구역,충청남도,,,
199ce776a726c727e5fd,full_annotation_v1,A,q_반찬_04,반찬가게,식료품 중 '반찬'을 판매·제공하는 매장,train,반찬,T2 동의어,075c6bae-06ca-49ed-9420-5bdad68d5c60,뚱스백반,백반,푸른마을공동체센터 골목형상점가,골목형상점가,광주광역시,,,
18582dae5cbe8465dea8,full_annotation_v1,A,q_반찬_04,반찬가게,식료품 중 '반찬'을 판매·제공하는 매장,train,반찬,T2 동의어,003003dc-6951-4f07-8cf2-f31334c0b27d,미향반찬,반찬,신안코아,전통시장,경기도,,,
cbadc3c766bc263b51f9,full_annotation_v1,A,q_반찬_04,반찬가게,식료품 중 '반찬'을 판매·제공하는 매장,train,반찬,T2 동의어,58c2b6c1-8b22-41e9-a2cb-767fc845136b,농가축산,기타,안락오거리골목형상점가,골목형상점가,부산광역시,,,
e2315838ba1d860f589c,full_annotation_v1,A,q_반찬_04,반찬가게,식료품 중 '반찬'을 판매·제공하는 매장,train,반찬,T2 동의어,c69f5b8d-b6f5-4b8d-a0b2-4779c6bc62f2,엄마손반찬,소매업(반찬가게),금호행복시장(금호시장),전통시장,경기도,,,
e87eba89acec152232c1,full_annotation_v1,A,q_반찬_04,반찬가게,식료품 중 '반찬'을 판매·제공하는 매장,train,반찬,T2 동의어,e0d9885e-a62d-40cc-8fbb-bea8a4bc200b,무등반찬,반찬가게,용대로119번길 골목형상점가,골목형상점가,광주광역시,,,
46793adc85a32ec646a0,full_annotation_v1,A,q_반찬_04,반찬가게,식료품 중 '반찬'을 판매·제공하는 매장,train,반찬,T2 동의어,03539124-52c6-45c4-83dd-b26860094731,초당두채,콩나물,보성매일시장,전통시장,전라남도,,,
60da61a896282f5a6608,full_annotation_v1,A,q_반찬_04,반찬가게,식료품 중 '반찬'을 판매·제공하는 매장,train,반찬,T2 동의어,43ac3b9d-4d74-45b1-9118-e9a4894fac1d,어쩌다 반찬가게,반찬류,하이닉스골목형상점가,골목형상점가,경기도,,,
c57bce2aeb5d575a2a58,full_annotation_v1,A,q_반찬_04,반찬가게,식료품 중 '반찬'을 판매·제공하는 매장,train,반찬,T2 동의어,e7d99fed-785c-453d-924c-b057d85ca19a,반찬가게,반찬,거진전통시장,전통시장,강원특별자치도,,,
5fd6f754fbb72b700273,full_annotation_v1,A,q_반찬_04,반찬가게,식료품 중 '반찬'을 판매·제공하는 매장,train,반찬,T2 동의어,fa54e6b3-ae2c-4acc-8ea9-9f488aa6b211,맛손반찬가게,반찬,구리전통시장,전통시장,경기도,,,
f06bd6160c2f0edd0fff,full_annotation_v1,A,q_반찬_04,반찬가게,식료품 중 '반찬'을 판매·제공하는 매장,train,반찬,T2 동의어,010b729e-dfdc-4b2c-ac41-376db70ef2c0,우여사애찬방,반찬,안동광석거리 골목형상점가,골목형상점가,경상북도,,,
acf9df851bb0f85c1e35,full_annotation_v1,A,q_반찬_04,반찬가게,식료품 중 '반찬'을 판매·제공하는 매장,train,반찬,T2 동의어,ad9a2a4b-5cb8-49df-b4d7-5fae4217a988,짱구반찬,소매업(반찬가게),평택통복시장,전통시장,경기도,,,
3bc36dd96f94388bc336,full_annotation_v1,A,q_반찬_04,반찬가게,식료품 중 '반찬'을 판매·제공하는 매장,train,반찬,T2 동의어,c60eb1c9-7d8b-4400-abcc-e53e19e87c68,스콜라몬테소리 아산탕정점,교육서비스,탕정역 지웰시티몰 3단지 골목형상점가,골목형상점가,충청남도,,,
b2610f9f91d13ecf4d19,full_annotation_v1,A,q_반찬_04,반찬가게,식료품 중 '반찬'을 판매·제공하는 매장,train,반찬,T2 동의어,8cc37527-661e-45d1-a12c-62839828bd03,우리 모두의 반찬가게,반찬가게,다정한 골목형상점가,골목형상점가,세종특별자치시,,,
c89a9a647b2726132038,full_annotation_v1,A,q_반찬_04,반찬가게,식료품 중 '반찬'을 판매·제공하는 매장,train,반찬,T2 동의어,01b4b567-78d4-4fa1-9bff-25fd01fb1a4c,소문난김치집,김치,중앙먹거리 상인회 골목형상점가,골목형상점가,전라남도,,,
dc0b874ee28e1f81b4d5,full_annotation_v1,A,q_반찬_05,반찬 사는 곳,식료품 중 '반찬'을 판매·제공하는 매장,train,반찬,T4 구어·문장,06fb679d-ab9f-415f-86de-0aacf28ac48c,운남콩나물국밥,한식(콩나물국밥),전주남부시장,전통시장,전북특별자치도,,,
1a6429c611d612c9c51c,full_annotation_v1,A,q_반찬_05,반찬 사는 곳,식료품 중 '반찬'을 판매·제공하는 매장,train,반찬,T4 구어·문장,00c1e208-d4b3-47f5-8f6f-a0b8f4d47a3b,동아리족발,반찬및 족발,서동시장(창인시장),전통시장,전북특별자치도,,,
0e53ac3e9c9b370b747e,full_annotation_v1,A,q_반찬_05,반찬 사는 곳,식료품 중 '반찬'을 판매·제공하는 매장,train,반찬,T4 구어·문장,00118834-a0f4-4127-ba7d-f7908ced2e1d,골목집,한식,대흥낭만거리 골목형상점가,골목형상점가,대전광역시,,,
d1ae863ce83c03427264,full_annotation_v1,A,q_반찬_05,반찬 사는 곳,식료품 중 '반찬'을 판매·제공하는 매장,train,반찬,T4 구어·문장,31896345-eca2-4f2f-a848-d3e86069c408,순심이네 반찬,반찬,오룡시장 골목형상점가,골목형상점가,전라남도,,,
1568e454d138dee52dba,full_annotation_v1,A,q_반찬_05,반찬 사는 곳,식료품 중 '반찬'을 판매·제공하는 매장,train,반찬,T4 구어·문장,99f5ac57-1fca-4637-b4d7-7fb17bb94a34,하나헤어샵,미용,용봉지구 골목형상점가,골목형상점가,광주광역시,,,
f8dd4d8fbbe9299c3183,full_annotation_v1,A,q_반찬_05,반찬 사는 곳,식료품 중 '반찬'을 판매·제공하는 매장,train,반찬,T4 구어·문장,0d26b9ec-a86e-4525-ad49-3555d87c5163,선채령,백반,부곡맛고을상가,자율상권구역,경상북도,,,
cc6de43b2fcdf2f5f954,full_annotation_v1,A,q_반찬_05,반찬 사는 곳,식료품 중 '반찬'을 판매·제공하는 매장,train,반찬,T4 구어·문장,2743811c-5e71-4d2b-aa75-1b0147d44f2d,사우 꽃이 피는 곳,꽃,김포 풍년마을 골목형상점가,골목형상점가,경기도,,,
397954410985d2586ab1,full_annotation_v1,A,q_반찬_05,반찬 사는 곳,식료품 중 '반찬'을 판매·제공하는 매장,train,반찬,T4 구어·문장,13817f50-60a8-4fed-858f-24eba275d6df,옛찬,반찬,봉동생강골시장,전통시장,전북특별자치도,,,
5e4de211a3f3c5d409d8,full_annotation_v1,A,q_반찬_05,반찬 사는 곳,식료품 중 '반찬'을 판매·제공하는 매장,train,반찬,T4 구어·문장,1cb5a37a-653b-4305-b818-e8e11077a327,엄지네 반찬,반찬,서동시장(창인시장),전통시장,전북특별자치도,,,
1002bf4c51795b1d596f,full_annotation_v1,A,q_반찬_05,반찬 사는 곳,식료품 중 '반찬'을 판매·제공하는 매장,train,반찬,T4 구어·문장,e4bb3fba-10a1-4cd4-a8ec-6ce9a0d06fa4,강원 반찬,반찬,장터길 골목형상점가,골목형상점가,경기도,,,
a28a8da4ad8bd25becd8,full_annotation_v1,A,q_반찬_05,반찬 사는 곳,식료품 중 '반찬'을 판매·제공하는 매장,train,반찬,T4 구어·문장,5f4a8966-f5a9-4505-9636-eb631cdb94dc,소영이네 반찬,반찬,장림골목시장,전통시장,부산광역시,,,
2673f259c1010632618b,full_annotation_v1,A,q_반찬_05,반찬 사는 곳,식료품 중 '반찬'을 판매·제공하는 매장,train,반찬,T4 구어·문장,03539124-52c6-45c4-83dd-b26860094731,초당두채,콩나물,보성매일시장,전통시장,전라남도,,,
854e3bd68a8cffa65760,full_annotation_v1,A,q_반찬_05,반찬 사는 곳,식료품 중 '반찬'을 판매·제공하는 매장,train,반찬,T4 구어·문장,1bc0b5f7-1137-407d-8ccd-6d4bf30f539f,기희네 반찬,반찬,상암마을상인회 골목형상점가,골목형상점가,광주광역시,,,
4effa42934767a4c1c93,full_annotation_v1,A,q_반찬_05,반찬 사는 곳,식료품 중 '반찬'을 판매·제공하는 매장,train,반찬,T4 구어·문장,0a138793-f11f-41cc-ba18-73f3c94d3a6b,봉진반찬,반찬,원주중앙시장활성화구역,상권활성화구역,강원특별자치도,,,
b187fb37cdbfacc5fef3,full_annotation_v1,A,q_반찬_05,반찬 사는 곳,식료품 중 '반찬'을 판매·제공하는 매장,train,반찬,T4 구어·문장,76a3551b-dae4-4326-92cc-662015aedbfb,쉴 곳,한식,칠성로상점가,자율상권구역,제주특별자치도,,,
b73f94b3eb78ae64414b,full_annotation_v1,A,q_반찬_05,반찬 사는 곳,식료품 중 '반찬'을 판매·제공하는 매장,train,반찬,T4 구어·문장,40cf4e56-206a-46b6-9fcd-fc3c992c1f5f,팔부 반찬,반찬,경산중앙상점가,자율상권구역,경상북도,,,
28d194af735e0b28cc26,full_annotation_v1,A,q_반찬_05,반찬 사는 곳,식료품 중 '반찬'을 판매·제공하는 매장,train,반찬,T4 구어·문장,16eda152-9c4c-42ef-8822-959642281854,차반,반찬,청담동골목형상점가,골목형상점가,서울특별시,,,
b6d5bbc3e3e24a457291,full_annotation_v1,A,q_반찬_05,반찬 사는 곳,식료품 중 '반찬'을 판매·제공하는 매장,train,반찬,T4 구어·문장,6d9df444-6c1f-426b-a4b3-d47a8f6f3e79,으뜸반찬,반찬,암사종합시장,전통시장,서울특별시,,,
42e294c4643e070fe1e1,full_annotation_v1,A,q_반찬_05,반찬 사는 곳,식료품 중 '반찬'을 판매·제공하는 매장,train,반찬,T4 구어·문장,1f28d7a5-8a2f-4bf4-a188-4f7f819a3121,언니네 반찬,반찬,사직시장,전통시장,부산광역시,,,
75eb4c4838cedafea2d8,full_annotation_v1,A,q_반찬_05,반찬 사는 곳,식료품 중 '반찬'을 판매·제공하는 매장,train,반찬,T4 구어·문장,0d92cbf1-e515-46bc-b362-e27164d9fbda,정화마차,백반,쫑포상가 골목형상점가,골목형상점가,전라남도,,,
8c2fc2b08477aeb159e1,full_annotation_v1,A,q_반찬_05,반찬 사는 곳,식료품 중 '반찬'을 판매·제공하는 매장,train,반찬,T4 구어·문장,1a0003b8-f0c1-4b9f-b563-3174aad152ae,반찬 홍어회무침,반찬,화성남양시장,전통시장,경기도,,,
eddb75cbbf1779cd8faa,full_annotation_v1,A,q_반찬_05,반찬 사는 곳,식료품 중 '반찬'을 판매·제공하는 매장,train,반찬,T4 구어·문장,cdd5be12-eedc-4699-b0df-4101a4db0518,해냄식품,반찬,쌍문시장(쌍문역골목시장),전통시장,서울특별시,,,
f7fe67ce7fbb26bafcbc,full_annotation_v1,A,q_반찬_05,반찬 사는 곳,식료품 중 '반찬'을 판매·제공하는 매장,train,반찬,T4 구어·문장,fe309d7b-2c0d-41be-b646-0eee6fa1f435,장터반찬,반찬,중동사랑시장,전통시장,경기도,,,
0849dc29324ff92a2ac2,full_annotation_v1,A,q_반찬_05,반찬 사는 곳,식료품 중 '반찬'을 판매·제공하는 매장,train,반찬,T4 구어·문장,93cdc485-88fe-463d-b5df-f4978d3b5aee,솔샘반찬,반찬,동북시장(프라자),전통시장,서울특별시,,,
c0789b5c0eec8d87d1d9,full_annotation_v1,A,q_반찬_05,반찬 사는 곳,식료품 중 '반찬'을 판매·제공하는 매장,train,반찬,T4 구어·문장,8c829eff-e92e-467b-b16e-6f6bc93283ab,할머니네 반찬,반찬,문산자유시장,전통시장,경기도,,,
2a0bde6130bb1efebd38,full_annotation_v1,A,q_반찬_05,반찬 사는 곳,식료품 중 '반찬'을 판매·제공하는 매장,train,반찬,T4 구어·문장,d20bb194-2579-4090-a195-15a8f116f2df,코코반찬,반찬,나운종합상가 골목형상점가,골목형상점가,전북특별자치도,,,
817b29deceadcfbf84d3,full_annotation_v1,A,q_반찬_05,반찬 사는 곳,식료품 중 '반찬'을 판매·제공하는 매장,train,반찬,T4 구어·문장,0ae62dd2-31b4-4982-ba61-785f8347f5e4,선경헤어샾,헤어,두암2동 도로변 골목형상점가,골목형상점가,광주광역시,,,
fc01b15617d1829d0ebc,full_annotation_v1,A,q_반찬_05,반찬 사는 곳,식료품 중 '반찬'을 판매·제공하는 매장,train,반찬,T4 구어·문장,4b729a89-4176-4d25-a35b-d171a8e1575e,엄마손맛 반찬,반찬,신가동 골목형상점가,골목형상점가,광주광역시,,,
622b29d8ee72783f33c4,full_annotation_v1,A,q_반찬_05,반찬 사는 곳,식료품 중 '반찬'을 판매·제공하는 매장,train,반찬,T4 구어·문장,73f471e1-ad28-4255-8286-2c1fa7bbb29e,여성크로커다일,옷,익산중앙상점가,골목형상점가,전북특별자치도,,,
6a104ed894f849177f4d,full_annotation_v1,A,q_반찬_05,반찬 사는 곳,식료품 중 '반찬'을 판매·제공하는 매장,train,반찬,T4 구어·문장,271114c7-0437-4af8-b2c8-e99f15699877,성완집,반찬,수유시장,전통시장,서울특별시,,,
eabee7dd91301ac90597,full_annotation_v1,A,q_반찬_05,반찬 사는 곳,식료품 중 '반찬'을 판매·제공하는 매장,train,반찬,T4 구어·문장,009ee53b-22c6-434e-bb94-47758d092857,미애네 달달스토어,반찬,송현시장,전통시장,인천광역시,,,
28294c02b71b2bd823a2,full_annotation_v1,A,q_반찬_05,반찬 사는 곳,식료품 중 '반찬'을 판매·제공하는 매장,train,반찬,T4 구어·문장,ba700003-d433-4456-b281-b42eb7f309a6,대궐집 반찬,반찬,의정부제일시장,전통시장,경기도,,,
14292de416b28438b978,full_annotation_v1,A,q_반찬_05,반찬 사는 곳,식료품 중 '반찬'을 판매·제공하는 매장,train,반찬,T4 구어·문장,ded5c0af-7dfc-4a3f-9a85-f87f7ab12441,맛나네 반찬,반찬,화정로상인회 골목형상점가,골목형상점가,광주광역시,,,
870082854fe1f368be9b,full_annotation_v1,A,q_반찬_05,반찬 사는 곳,식료품 중 '반찬'을 판매·제공하는 매장,train,반찬,T4 구어·문장,9b8a7b96-d16f-4406-be01-995f079a5994,우리집 반찬,반찬,의정부제일시장,전통시장,경기도,,,
378ab1504cc45d20ba5b,full_annotation_v1,A,q_반찬_05,반찬 사는 곳,식료품 중 '반찬'을 판매·제공하는 매장,train,반찬,T4 구어·문장,d9d413d3-4273-45b7-9388-5684806612fb,종합반찬,반찬,합덕중앙상점가,자율상권구역,충청남도,,,
770fb937158f9efd52f4,full_annotation_v1,A,q_반찬_05,반찬 사는 곳,식료품 중 '반찬'을 판매·제공하는 매장,train,반찬,T4 구어·문장,8e5b909c-3602-4e5b-a7d4-ecb5553e6ed7,소문난 반찬,반찬,월촌역시장(구 송현주공시장),전통시장,대구광역시,,,
d0015931b6af16459ed7,full_annotation_v1,A,q_반찬_05,반찬 사는 곳,식료품 중 '반찬'을 판매·제공하는 매장,train,반찬,T4 구어·문장,057052a8-e922-408d-9631-152fbd0f3bdb,대덕상회,나물,양동시장,전통시장,광주광역시,,,
c27254f5d94dc993fd50,full_annotation_v1,A,q_반찬_05,반찬 사는 곳,식료품 중 '반찬'을 판매·제공하는 매장,train,반찬,T4 구어·문장,ace88032-980a-4cd9-bc7b-b10ecfa61a8e,귀찬,반찬,송도 아트포레 판매시설 골목형상점가,골목형상점가,인천광역시,,,
f6778503a645ab1a939f,full_annotation_v1,A,q_반찬_05,반찬 사는 곳,식료품 중 '반찬'을 판매·제공하는 매장,train,반찬,T4 구어·문장,01b4b567-78d4-4fa1-9bff-25fd01fb1a4c,소문난김치집,김치,중앙먹거리 상인회 골목형상점가,골목형상점가,전라남도,,,
cefdd8553519021df4b3,full_annotation_v1,A,q_반찬_05,반찬 사는 곳,식료품 중 '반찬'을 판매·제공하는 매장,train,반찬,T4 구어·문장,7eacdc5e-11d2-4113-a134-a6fff6e16e34,미애네 반찬,반찬,김제중앙시장,전통시장,전북특별자치도,,,
a46ddeaa11fa29ec7c7a,full_annotation_v1,A,q_반찬_05,반찬 사는 곳,식료품 중 '반찬'을 판매·제공하는 매장,train,반찬,T4 구어·문장,f0fc6a26-f167-4cde-97e4-5fa6665a38a7,남경야채(반찬),반찬,망원시장,전통시장,서울특별시,,,
07e4760fbb8e9f2200d5,full_annotation_v1,A,q_반찬_05,반찬 사는 곳,식료품 중 '반찬'을 판매·제공하는 매장,train,반찬,T4 구어·문장,000a95c4-e0a6-4011-86fb-04307bcfae38,황갈비,한식,김천황금시장,전통시장,경상북도,,,
3d7f1cc1c07e485fdc4f,full_annotation_v1,A,q_반찬_05,반찬 사는 곳,식료품 중 '반찬'을 판매·제공하는 매장,train,반찬,T4 구어·문장,f91c5e75-3036-44a1-af98-75654b62c472,한끼국밥&제육제국,국밥 제육볶음,연제주공 골목형상점가,골목형상점가,광주광역시,,,
197b9442f2850bd793cd,full_annotation_v1,A,q_반찬_05,반찬 사는 곳,식료품 중 '반찬'을 판매·제공하는 매장,train,반찬,T4 구어·문장,00181552-6cc5-406b-ac59-bf9816f61398,갓지은밥,한식,남광주시장,전통시장,,,,
7759cac8d54081cb3a7f,full_annotation_v1,A,q_반찬_05,반찬 사는 곳,식료품 중 '반찬'을 판매·제공하는 매장,train,반찬,T4 구어·문장,d83300cc-ea66-4498-b6a3-cb02449dc1f1,싱싱반찬,반찬,도곡시장,자율상권구역,서울특별시,,,
82e82af16bce865021ba,full_annotation_v1,A,q_반찬_05,반찬 사는 곳,식료품 중 '반찬'을 판매·제공하는 매장,train,반찬,T4 구어·문장,62631faf-23c5-4d0f-a33e-50ee3df779b7,소망반찬,반찬,경주중앙시장,전통시장,경상북도,,,
463a90081eaf4d536930,full_annotation_v1,A,q_반찬_05,반찬 사는 곳,식료품 중 '반찬'을 판매·제공하는 매장,train,반찬,T4 구어·문장,306242e1-9719-452b-9176-ed4950ae1f6d,비너스와코루정읍점,속옷,정읍중앙로상점가,자율상권구역,전북특별자치도,,,
14f2eee95a9e9455aa69,full_annotation_v1,A,q_반찬_05,반찬 사는 곳,식료품 중 '반찬'을 판매·제공하는 매장,train,반찬,T4 구어·문장,075c6bae-06ca-49ed-9420-5bdad68d5c60,뚱스백반,백반,푸른마을공동체센터 골목형상점가,골목형상점가,광주광역시,,,
a6399ae2bf0cefc6e39d,full_annotation_v1,A,q_반찬_05,반찬 사는 곳,식료품 중 '반찬'을 판매·제공하는 매장,train,반찬,T4 구어·문장,066a89b7-02c2-4958-802d-9c2d6d2e567b,대원유통,"도소매(산나물,채소)",하대원공설시장,전통시장,경기도,,,
e66d0d8a8438254aba00,full_annotation_v1,A,q_반찬_05,반찬 사는 곳,식료품 중 '반찬'을 판매·제공하는 매장,train,반찬,T4 구어·문장,030bc960-9493-4dd5-93ea-5b56023601af,왕돼지 김치찌개,김치찌개,쌍정 골목형상점가,골목형상점가,전라남도,,,
d7599e61e285abec9616,full_annotation_v1,A,q_반찬_05,반찬 사는 곳,식료품 중 '반찬'을 판매·제공하는 매장,train,반찬,T4 구어·문장,beab1d41-89b6-4f61-9962-0f0e4f2882e3,예산슈퍼청과,과일,제천역전한마음시장(구 제천역전시장),전통시장,충청북도,,,
464b49bb0b6564690ac5,full_annotation_v1,A,q_반찬_05,반찬 사는 곳,식료품 중 '반찬'을 판매·제공하는 매장,train,반찬,T4 구어·문장,0b2aaadb-0275-4a46-9760-8003667beb1b,BYC,의류,남부골목시장,전통시장,서울특별시,,,
920f1441a07254980e8d,full_annotation_v1,A,q_반찬_05,반찬 사는 곳,식료품 중 '반찬'을 판매·제공하는 매장,train,반찬,T4 구어·문장,7f847992-1881-4f5f-b7be-5a4b0202b23b,반찬통,반찬,안마을 골목형상점가,골목형상점가,서울특별시,,,
cfde44b203af9432436a,full_annotation_v1,A,q_반찬_05,반찬 사는 곳,식료품 중 '반찬'을 판매·제공하는 매장,train,반찬,T4 구어·문장,d5a010f2-8b9a-4201-83c9-7e8b856daca8,명성야채,야채,양동경열로시장,전통시장,광주광역시,,,
c74869edc06655fd5806,full_annotation_v1,A,q_반찬_05,반찬 사는 곳,식료품 중 '반찬'을 판매·제공하는 매장,train,반찬,T4 구어·문장,bd3d49b1-c294-49c9-b65a-dae46086e1e4,서주네 반찬,반찬,남목전통시장,전통시장,울산광역시,,,
df36ced5df2914446754,full_annotation_v1,A,q_반찬_05,반찬 사는 곳,식료품 중 '반찬'을 판매·제공하는 매장,train,반찬,T4 구어·문장,c364337f-5d9b-4ddd-88dc-836a1c848d63,금술이네 반찬,반찬,복개도로 상가번영회 골목형상점가,골목형상점가,광주광역시,,,
05d260297f0da091062b,full_annotation_v1,A,q_반찬_05,반찬 사는 곳,식료품 중 '반찬'을 판매·제공하는 매장,train,반찬,T4 구어·문장,02dea6f1-bc12-4af7-a0d4-7c0c6599f247,고맙다바다야,백반,씨푸드타운 일반상가상인회 골목형상점가,골목형상점가,전라남도,,,
b0299d97e3287c2a9221,full_annotation_v1,A,q_반찬_05,반찬 사는 곳,식료품 중 '반찬'을 판매·제공하는 매장,train,반찬,T4 구어·문장,30890df3-24f3-4574-8e78-a01a53296273,김자매 반찬,반찬,연산골목시장상점가,자율상권구역,부산광역시,,,
932c47d66c2b5e068b66,full_annotation_v1,A,q_반찬_05,반찬 사는 곳,식료품 중 '반찬'을 판매·제공하는 매장,train,반찬,T4 구어·문장,8bc63909-e2ea-42b7-8856-377a4c7c6645,빈이네 반찬,반찬,효자천변1길 골목형상점가,골목형상점가,전북특별자치도,,,
0f853e4479b70e9a0143,full_annotation_v1,A,q_반찬_05,반찬 사는 곳,식료품 중 '반찬'을 판매·제공하는 매장,train,반찬,T4 구어·문장,24456103-f6b8-46af-8655-82e61d7265d8,커피가 머무르는 곳,커피,반드레길골목형상점가,골목형상점가,서울특별시,,,
dd57fd1e71546c36db5d,full_annotation_v1,A,q_반찬_05,반찬 사는 곳,식료품 중 '반찬'을 판매·제공하는 매장,train,반찬,T4 구어·문장,fc271089-f2e8-493c-8e1c-d9ad72d24f14,최고당돈가스(호매실점),일반음식점,호매실역중심상가 골목형상점가,골목형상점가,경기도,,,
42d6cf44ce407e9be733,full_annotation_v1,A,q_반찬_05,반찬 사는 곳,식료품 중 '반찬'을 판매·제공하는 매장,train,반찬,T4 구어·문장,03bba86e-80c4-42b0-8688-a0c912abdb07,돼지고기김치찌개,김치찌개,도담동 골목형상점가,골목형상점가,세종특별자치시,,,
57b1bc94497ce90b6436,full_annotation_v1,A,q_반찬_05,반찬 사는 곳,식료품 중 '반찬'을 판매·제공하는 매장,train,반찬,T4 구어·문장,41848b65-6488-45a2-9bdc-cb34005187d3,무등골영양오리집,오리고기,두암2동 도로변 골목형상점가,골목형상점가,광주광역시,,,
f9f42a6c3555742a7cb9,full_annotation_v1,A,q_반찬_05,반찬 사는 곳,식료품 중 '반찬'을 판매·제공하는 매장,train,반찬,T4 구어·문장,006895c5-d037-4e3d-9cfb-6972007a350a,반찬사랑,반찬,오치2동 골목형상점가,골목형상점가,광주광역시,,,
478d8ce4303c9a35aa08,full_annotation_v1,A,q_반찬_05,반찬 사는 곳,식료품 중 '반찬'을 판매·제공하는 매장,train,반찬,T4 구어·문장,8e807cef-787e-444d-809f-93bead219baa,직담,반찬,남성역 골목시장,전통시장,서울특별시,,,
8eeab64aef56ce473655,full_annotation_v1,A,q_반찬_05,반찬 사는 곳,식료품 중 '반찬'을 판매·제공하는 매장,train,반찬,T4 구어·문장,1510630a-6048-429b-8fae-b646ad87cdff,맛있는 반찬,반찬,괴정골목시장,전통시장,부산광역시,,,
0ca6c80e56d79c63827c,full_annotation_v1,A,q_반찬_05,반찬 사는 곳,식료품 중 '반찬'을 판매·제공하는 매장,train,반찬,T4 구어·문장,074d3f46-dc6f-4cac-ba54-e24b3fc79798,서민인생역전,콩나물불고기외 음식점,신장대리 자율상권구역,,강원특별자치도,,,
c83351c7fe4cf98bd835,full_annotation_v1,A,q_반찬_05,반찬 사는 곳,식료품 중 '반찬'을 판매·제공하는 매장,train,반찬,T4 구어·문장,9a6302f3-3aec-4f80-81a1-eede906d54f2,신광반찬,반찬,익산매일시장,전통시장,전북특별자치도,,,
55fa45b2efc27bbc229c,full_annotation_v1,A,q_반찬_05,반찬 사는 곳,식료품 중 '반찬'을 판매·제공하는 매장,train,반찬,T4 구어·문장,010b729e-dfdc-4b2c-ac41-376db70ef2c0,우여사애찬방,반찬,안동광석거리 골목형상점가,골목형상점가,경상북도,,,
f9fd6f23029ad30da002,full_annotation_v1,A,q_반찬_05,반찬 사는 곳,식료품 중 '반찬'을 판매·제공하는 매장,train,반찬,T4 구어·문장,c83a1240-fc90-44c3-bda6-61093e7478b1,가정집 반찬,반찬,석바위시장,전통시장,인천광역시,,,
b74d8731899cfc831f83,full_annotation_v1,A,q_반찬_05,반찬 사는 곳,식료품 중 '반찬'을 판매·제공하는 매장,train,반찬,T4 구어·문장,03a6e716-3825-40e3-ba06-e047ee5e5483,부일반찬,김치,초량전통시장,전통시장,부산광역시,,,
766ff3d0da7928ca67fe,full_annotation_v1,A,q_반찬_05,반찬 사는 곳,식료품 중 '반찬'을 판매·제공하는 매장,train,반찬,T4 구어·문장,008fd310-2ceb-4758-88b1-e124bc2b36d5,반찬마을,즉석반찬,반송큰시장,전통시장,부산광역시,,,
895fa8dabeaaa06b7d67,full_annotation_v1,A,q_반찬_05,반찬 사는 곳,식료품 중 '반찬'을 판매·제공하는 매장,train,반찬,T4 구어·문장,1139de72-64f6-480d-ba93-09f3309fec0b,"맛있는 국,반찬",반찬,달서시장,전통시장,대구광역시,,,
2de4a5e72ee5447c05fc,full_annotation_v1,A,q_반찬_05,반찬 사는 곳,식료품 중 '반찬'을 판매·제공하는 매장,train,반찬,T4 구어·문장,5c092332-0d1e-4c0f-b210-617b7a105e6a,광천젖갈,젓갈,부천상동시장,전통시장,경기도,,,
be093f951f325cf501a1,full_annotation_v1,A,q_반찬_05,반찬 사는 곳,식료품 중 '반찬'을 판매·제공하는 매장,train,반찬,T4 구어·문장,d186142e-6526-4882-a664-cb9327c80937,동서반찬,반찬,장미제일시장,전통시장,서울특별시,,,
bde46444b4ee91683ffe,full_annotation_v1,A,q_반찬_05,반찬 사는 곳,식료품 중 '반찬'을 판매·제공하는 매장,train,반찬,T4 구어·문장,9008a3ab-7b65-4bc8-9485-7067a3a54921,유정이네 반찬,반찬,성대시장골목형상점가,골목형상점가,서울특별시,,,
4e860274317fefca0042,full_annotation_v1,A,q_반찬_05,반찬 사는 곳,식료품 중 '반찬'을 판매·제공하는 매장,train,반찬,T4 구어·문장,7c24df41-9cf9-4aa3-8cf4-dbf4a06f69e9,채은이네 반찬,반찬,당감골목시장,전통시장,부산광역시,,,
fe415ed32c94c8f2ef8b,full_annotation_v1,A,q_반찬_05,반찬 사는 곳,식료품 중 '반찬'을 판매·제공하는 매장,train,반찬,T4 구어·문장,cff4c2f5-4277-498a-894e-7312accbb501,라임 반찬 광주선운점,반찬,선운별 골목형상점가,골목형상점가,광주광역시,,,
82542ee26920eb543989,full_annotation_v1,A,q_반찬_05,반찬 사는 곳,식료품 중 '반찬'을 판매·제공하는 매장,train,반찬,T4 구어·문장,33f1d07a-7a7d-4fe3-91fc-a248891e86d8,맛있는 반찬,반찬,마천중앙시장,전통시장,서울특별시,,,
7412765d7f0982cfce7a,full_annotation_v1,A,q_반찬_05,반찬 사는 곳,식료품 중 '반찬'을 판매·제공하는 매장,train,반찬,T4 구어·문장,925802dd-9547-4929-ac67-788503463cb9,한올hanol,속눈썹,연제주공 골목형상점가,골목형상점가,광주광역시,,,
1f7b16890ca3176105a5,full_annotation_v1,A,q_반찬_05,반찬 사는 곳,식료품 중 '반찬'을 판매·제공하는 매장,train,반찬,T4 구어·문장,e42301ee-2538-487e-9e6b-9568dd8e56e3,동진반찬,반찬,장림골목시장,전통시장,부산광역시,,,
db5c9496360420c2cc66,full_annotation_v1,A,q_반찬_05,반찬 사는 곳,식료품 중 '반찬'을 판매·제공하는 매장,train,반찬,T4 구어·문장,0182c177-fcc7-47b0-8e12-99eb221aff79,시장초장식당,"칼국수, 열무비빔밥, 국, 반찬",경주중앙시장,전통시장,경상북도,,,
78f3564202142cb652a3,full_annotation_v1,A,q_반찬_05,반찬 사는 곳,식료품 중 '반찬'을 판매·제공하는 매장,train,반찬,T4 구어·문장,27f4955d-4ddf-411f-8b41-f4f3da51283a,옛날반찬,반찬,후평일단지시장,전통시장,강원특별자치도,,,
d0ef2070333fe9d6a140,full_annotation_v1,A,q_반찬_05,반찬 사는 곳,식료품 중 '반찬'을 판매·제공하는 매장,train,반찬,T4 구어·문장,01f160fc-531c-4191-aa22-453462e0f38a,천년,김치,오정동상점가,자율상권구역,대전광역시,,,
9eaa0e260bfa3a46191d,full_annotation_v1,A,q_반찬_05,반찬 사는 곳,식료품 중 '반찬'을 판매·제공하는 매장,train,반찬,T4 구어·문장,2412aca5-cf5c-4f20-9d72-1b098c7ae2cd,조부장네 반찬,반찬,역곡상상시장(구 역곡북부시장),전통시장,경기도,,,
ab5e96319a90d2bd52c9,full_annotation_v1,A,q_반찬_05,반찬 사는 곳,식료품 중 '반찬'을 판매·제공하는 매장,train,반찬,T4 구어·문장,4465beb9-ce80-4ecd-b21f-bb648c819479,국찬당,반찬,둔촌역전통시장,전통시장,서울특별시,,,
6398fcd09dea50cc502d,full_annotation_v1,A,q_반찬_05,반찬 사는 곳,식료품 중 '반찬'을 판매·제공하는 매장,train,반찬,T4 구어·문장,046f1a64-839c-4742-b374-3899eead5a59,맛들,반찬,산격종합시장,전통시장,대구광역시,,,
4e29b6f278b209e0f811,full_annotation_v1,A,q_반찬_05,반찬 사는 곳,식료품 중 '반찬'을 판매·제공하는 매장,train,반찬,T4 구어·문장,909e22d7-553e-4f96-9d6e-1c7d11fd9b39,조금나루맛집,한식,오치2동 골목형상점가,골목형상점가,광주광역시,,,
b917650431d2ef505e96,full_annotation_v1,A,q_반찬_05,반찬 사는 곳,식료품 중 '반찬'을 판매·제공하는 매장,train,반찬,T4 구어·문장,c111ac9d-3f3a-405c-a8db-4d127ccda9e2,행복이 있는 곳,잡화,제주로얄쇼핑센터,자율상권구역,제주특별자치도,,,
4ff8b0677ad12262301d,full_annotation_v1,A,q_반찬_05,반찬 사는 곳,식료품 중 '반찬'을 판매·제공하는 매장,train,반찬,T4 구어·문장,0ca69185-b3e5-4197-b6ae-5388a2e247a6,쿵이네백반,백반,인천종합어시장,전통시장,인천광역시,,,
ea5246af3939e1a66a33,full_annotation_v1,A,q_반찬_05,반찬 사는 곳,식료품 중 '반찬'을 판매·제공하는 매장,train,반찬,T4 구어·문장,3bec5290-0e1b-4fcf-a36f-118d91f9473e,미스터초밥 용봉점,활어 연어 참치 전문점,패션의거리,자율상권구역,광주광역시,,,
61238e97473f2e4a46fd,full_annotation_v1,A,q_반찬_05,반찬 사는 곳,식료품 중 '반찬'을 판매·제공하는 매장,train,반찬,T4 구어·문장,d5089369-1891-4707-a5c1-3c5618717a57,신토불이 반찬,반찬,일산시장(구 일산전통시장),전통시장,경기도,,,
767bc8fd2f475860a9e7,full_annotation_v1,A,q_반찬_05,반찬 사는 곳,식료품 중 '반찬'을 판매·제공하는 매장,train,반찬,T4 구어·문장,4f8a79ee-cfd5-4d9c-a724-8a392828583d,대명반찬,반찬,대명시장,전통시장,대구광역시,,,
d6fa63598a1cdaba697b,full_annotation_v1,A,q_반찬_05,반찬 사는 곳,식료품 중 '반찬'을 판매·제공하는 매장,train,반찬,T4 구어·문장,0630599b-72bb-4b42-9de2-a26c2aab9aae,넉넉,반찬,대평동 골목형상점가,골목형상점가,세종특별자치시,,,
314f580150c00747a060,full_annotation_v1,A,q_반찬_05,반찬 사는 곳,식료품 중 '반찬'을 판매·제공하는 매장,train,반찬,T4 구어·문장,122bddee-e0e3-452b-9d67-fe448ab27c07,참찬,반찬,봉천현대시장,전통시장,서울특별시,,,
38a1b990381b8259d190,full_annotation_v1,A,q_반찬_05,반찬 사는 곳,식료품 중 '반찬'을 판매·제공하는 매장,train,반찬,T4 구어·문장,4e6480e4-404f-413e-a393-f4366640c571,복남이네 반찬,반찬,통영중앙전통시장,전통시장,경상남도,,,
03526bfbe4b140560d3d,full_annotation_v1,A,q_반찬_05,반찬 사는 곳,식료품 중 '반찬'을 판매·제공하는 매장,train,반찬,T4 구어·문장,f1b5d59d-54c8-415d-b89f-9cdeca8827fb,미다래 반찬,반찬,운수대통!생거진천전통시장,전통시장,충청북도,,,
8ab1a379adcc3ceefe2a,full_annotation_v1,A,q_반찬_05,반찬 사는 곳,식료품 중 '반찬'을 판매·제공하는 매장,train,반찬,T4 구어·문장,32ccb136-1b1d-4fd2-850a-84080ef5ae55,아하노래연습장,노래연습장,조대장미의거리 상점가,자율상권구역,광주광역시,,,
7ad9003a6d8f8557cc54,full_annotation_v1,A,q_반찬_05,반찬 사는 곳,식료품 중 '반찬'을 판매·제공하는 매장,train,반찬,T4 구어·문장,4f92f4ed-eabc-4a21-a8cd-bb0d66279e9b,처가집 반찬,반찬,김해 외동전통시장,전통시장,경상남도,,,
1ceafd0147deed59adb7,full_annotation_v1,A,q_반찬_05,반찬 사는 곳,식료품 중 '반찬'을 판매·제공하는 매장,train,반찬,T4 구어·문장,001053bb-9a4d-431c-8073-f2204c857265,유달식당,한식,노량진수산시장골목형상점가,골목형상점가,서울특별시,,,
9c5c678f37b9e63cb7a3,full_annotation_v1,A,q_반찬_05,반찬 사는 곳,식료품 중 '반찬'을 판매·제공하는 매장,train,반찬,T4 구어·문장,30695956-6e43-4258-8306-1b2424ebb469,탄광맥주 광주중흥점,치킨,중흥동 큰샘길 골목형상점가,골목형상점가,광주광역시,,,
13c2052f0387e70cf4de,full_annotation_v1,A,q_반찬_05,반찬 사는 곳,식료품 중 '반찬'을 판매·제공하는 매장,train,반찬,T4 구어·문장,aa0da5a7-b892-4417-92b6-c4d48368ba7d,행복한 반찬,반찬,토지금고시장,전통시장,인천광역시,,,
a67eec56e0a1777194f8,full_annotation_v1,A,q_반찬_05,반찬 사는 곳,식료품 중 '반찬'을 판매·제공하는 매장,train,반찬,T4 구어·문장,484b1b89-25ce-4e66-ac5f-379846b5abc4,곰반찬,반찬,동쪽바다중앙시장(구 동해중앙시장),전통시장,강원특별자치도,,,
9edfb50aa8f0fa1bf6e9,full_annotation_v1,A,q_반찬_05,반찬 사는 곳,식료품 중 '반찬'을 판매·제공하는 매장,train,반찬,T4 구어·문장,f8120578-03c4-4d62-bf22-06b8e5525049,행복도시락&반찬,반찬,반여2동상가시장,전통시장,부산광역시,,,
56430d705e3d2cdb4e42,full_annotation_v1,A,q_반찬_05,반찬 사는 곳,식료품 중 '반찬'을 판매·제공하는 매장,train,반찬,T4 구어·문장,a93ba21a-d0a1-4cf8-8877-902657ab72d8,오밥찬,반찬,푸른솔빛골목형상점가,골목형상점가,인천광역시,,,
997a1e6f63fa4ede30b0,full_annotation_v1,A,q_반찬_05,반찬 사는 곳,식료품 중 '반찬'을 판매·제공하는 매장,train,반찬,T4 구어·문장,00066748-bce9-4daa-b881-7902dad46f14,하단맛집,한식,하단자율상권구역,,부산광역시,,,
e969544eff419b09681e,full_annotation_v1,A,q_반찬_05,반찬 사는 곳,식료품 중 '반찬'을 판매·제공하는 매장,train,반찬,T4 구어·문장,003003dc-6951-4f07-8cf2-f31334c0b27d,미향반찬,반찬,신안코아,전통시장,경기도,,,
806d12c12b2f58f9e103,full_annotation_v1,A,q_반찬_05,반찬 사는 곳,식료품 중 '반찬'을 판매·제공하는 매장,train,반찬,T4 구어·문장,c4598a58-12d0-4436-9018-f04834fece0c,은교반찬,반찬,용산용문시장,전통시장,서울특별시,,,
577e022d6faf7a78f221,full_annotation_v1,A,q_반찬_05,반찬 사는 곳,식료품 중 '반찬'을 판매·제공하는 매장,train,반찬,T4 구어·문장,9d4e4eb9-ba6a-4339-acb5-6167579e97f8,광명반찬,반찬,백운 대성시장 골목형상점가,골목형상점가,광주광역시,,,
781be084c236982d5846,full_annotation_v1,A,q_반찬_05,반찬 사는 곳,식료품 중 '반찬'을 판매·제공하는 매장,train,반찬,T4 구어·문장,caf0e9b8-250f-4b81-bab4-6499b340d010,맛있는 반찬,반찬(한식),포항큰동해시장,전통시장,경상북도,,,
fe2701a75abd43a94caf,full_annotation_v1,A,q_반찬_05,반찬 사는 곳,식료품 중 '반찬'을 판매·제공하는 매장,train,반찬,T4 구어·문장,fa191eb7-d49e-4864-9ff7-1a1321f44a2b,맘찬,반찬,화천재래시장,전통시장,강원특별자치도,,,
433557136507a92b6988,full_annotation_v1,A,q_반찬_05,반찬 사는 곳,식료품 중 '반찬'을 판매·제공하는 매장,train,반찬,T4 구어·문장,204b41cd-53e6-4dc5-9d65-4608c638e12d,숙이네 반찬,반찬,"온양온천시장(온양재래시장, 전통시장)",전통시장,충청남도,,,
afdc3bbec81ccedf20a6,full_annotation_v1,A,q_반찬_05,반찬 사는 곳,식료품 중 '반찬'을 판매·제공하는 매장,train,반찬,T4 구어·문장,1e2f83f7-5f45-452c-8417-13e26568807b,으뜸반찬,반찬,봉리단길골목형상점가,골목형상점가,서울특별시,,,
f167cf6fe4e381803d9d,full_annotation_v1,A,q_반찬_05,반찬 사는 곳,식료품 중 '반찬'을 판매·제공하는 매장,train,반찬,T4 구어·문장,0466a8b1-9b81-4cff-9d6a-a1b267e02528,영광댁반찬,반찬,신아타운,전통시장,서울특별시,,,
8fa9da48d2c988471286,full_annotation_v1,A,q_반찬_05,반찬 사는 곳,식료품 중 '반찬'을 판매·제공하는 매장,train,반찬,T4 구어·문장,4658bfbd-42d4-44fb-a444-501a71965109,진원 반찬,반찬,항동 골목형상점가,골목형상점가,서울특별시,,,
c4212cbe659fa1bb3b70,full_annotation_v1,A,q_반찬_06,반찬 사는 데,식료품 중 '반찬'을 판매·제공하는 매장,train,반찬,T4 구어·문장,03a6e716-3825-40e3-ba06-e047ee5e5483,부일반찬,김치,초량전통시장,전통시장,부산광역시,,,
2582b7dc9840651896f8,full_annotation_v1,A,q_반찬_06,반찬 사는 데,식료품 중 '반찬'을 판매·제공하는 매장,train,반찬,T4 구어·문장,d5951f96-c26d-42de-837f-34b45e7be1c1,풍년농약종묘사,농약,해평시장,전통시장,경상북도,,,
32c565f473f8fd26d25f,full_annotation_v1,A,q_반찬_06,반찬 사는 데,식료품 중 '반찬'을 판매·제공하는 매장,train,반찬,T4 구어·문장,1510630a-6048-429b-8fae-b646ad87cdff,맛있는 반찬,반찬,괴정골목시장,전통시장,부산광역시,,,
cd0aed4ac3143ea52f18,full_annotation_v1,A,q_반찬_06,반찬 사는 데,식료품 중 '반찬'을 판매·제공하는 매장,train,반찬,T4 구어·문장,aa0da5a7-b892-4417-92b6-c4d48368ba7d,행복한 반찬,반찬,토지금고시장,전통시장,인천광역시,,,
fdf8dddf0c103f9fe658,full_annotation_v1,A,q_반찬_06,반찬 사는 데,식료품 중 '반찬'을 판매·제공하는 매장,train,반찬,T4 구어·문장,d5089369-1891-4707-a5c1-3c5618717a57,신토불이 반찬,반찬,일산시장(구 일산전통시장),전통시장,경기도,,,
552c917c9af0e389d8aa,full_annotation_v1,A,q_반찬_06,반찬 사는 데,식료품 중 '반찬'을 판매·제공하는 매장,train,반찬,T4 구어·문장,452657c8-df28-47bb-9edb-0e55b9316d3b,엄마손반찬,반찬,야사문화골목형상점가,골목형상점가,경상북도,,,
ce0ce8ce40140d782283,full_annotation_v1,A,q_반찬_06,반찬 사는 데,식료품 중 '반찬'을 판매·제공하는 매장,train,반찬,T4 구어·문장,d716348c-4e70-4d9f-b067-c5697244731e,엘리종합패션,의류,청주육거리종합시장,전통시장,충청북도,,,
4a687980b4de0321dad8,full_annotation_v1,A,q_반찬_06,반찬 사는 데,식료품 중 '반찬'을 판매·제공하는 매장,train,반찬,T4 구어·문장,03bba86e-80c4-42b0-8688-a0c912abdb07,돼지고기김치찌개,김치찌개,도담동 골목형상점가,골목형상점가,세종특별자치시,,,
660d511c8bc004136da3,full_annotation_v1,A,q_반찬_06,반찬 사는 데,식료품 중 '반찬'을 판매·제공하는 매장,train,반찬,T4 구어·문장,9008a3ab-7b65-4bc8-9485-7067a3a54921,유정이네 반찬,반찬,성대시장골목형상점가,골목형상점가,서울특별시,,,
6e98c8cfc45a113b70ed,full_annotation_v1,A,q_반찬_06,반찬 사는 데,식료품 중 '반찬'을 판매·제공하는 매장,train,반찬,T4 구어·문장,1e2f83f7-5f45-452c-8417-13e26568807b,으뜸반찬,반찬,봉리단길골목형상점가,골목형상점가,서울특별시,,,
ce045d9d92967a85b29b,full_annotation_v1,A,q_반찬_06,반찬 사는 데,식료품 중 '반찬'을 판매·제공하는 매장,train,반찬,T4 구어·문장,ffbb1ad0-bc73-46e3-8f4a-69f4124808ec,책방,서점,진보전통시장,전통시장,경상북도,,,
9846f7ffd5cb3c24aa1b,full_annotation_v1,A,q_반찬_06,반찬 사는 데,식료품 중 '반찬'을 판매·제공하는 매장,train,반찬,T4 구어·문장,204b41cd-53e6-4dc5-9d65-4608c638e12d,숙이네 반찬,반찬,"온양온천시장(온양재래시장, 전통시장)",전통시장,충청남도,,,
a79dd4d425ba810d2bb2,full_annotation_v1,A,q_반찬_06,반찬 사는 데,식료품 중 '반찬'을 판매·제공하는 매장,train,반찬,T4 구어·문장,9d4e4eb9-ba6a-4339-acb5-6167579e97f8,광명반찬,반찬,백운 대성시장 골목형상점가,골목형상점가,광주광역시,,,
34ef8252d4d74f76c6de,full_annotation_v1,A,q_반찬_06,반찬 사는 데,식료품 중 '반찬'을 판매·제공하는 매장,train,반찬,T4 구어·문장,30890df3-24f3-4574-8e78-a01a53296273,김자매 반찬,반찬,연산골목시장상점가,자율상권구역,부산광역시,,,
31cbd90564667faef200,full_annotation_v1,A,q_반찬_06,반찬 사는 데,식료품 중 '반찬'을 판매·제공하는 매장,train,반찬,T4 구어·문장,7f847992-1881-4f5f-b7be-5a4b0202b23b,반찬통,반찬,안마을 골목형상점가,골목형상점가,서울특별시,,,
a4dff9d8005f39ad4aaa,full_annotation_v1,A,q_반찬_06,반찬 사는 데,식료품 중 '반찬'을 판매·제공하는 매장,train,반찬,T4 구어·문장,6d9df444-6c1f-426b-a4b3-d47a8f6f3e79,으뜸반찬,반찬,암사종합시장,전통시장,서울특별시,,,
701fc3100950c76f2ffa,full_annotation_v1,A,q_반찬_06,반찬 사는 데,식료품 중 '반찬'을 판매·제공하는 매장,train,반찬,T4 구어·문장,1a0003b8-f0c1-4b9f-b563-3174aad152ae,반찬 홍어회무침,반찬,화성남양시장,전통시장,경기도,,,
24eba4f7cff5ed7853db,full_annotation_v1,A,q_반찬_06,반찬 사는 데,식료품 중 '반찬'을 판매·제공하는 매장,train,반찬,T4 구어·문장,046f1a64-839c-4742-b374-3899eead5a59,맛들,반찬,산격종합시장,전통시장,대구광역시,,,
bd509122a479efb345b0,full_annotation_v1,A,q_반찬_06,반찬 사는 데,식료품 중 '반찬'을 판매·제공하는 매장,train,반찬,T4 구어·문장,01b4b567-78d4-4fa1-9bff-25fd01fb1a4c,소문난김치집,김치,중앙먹거리 상인회 골목형상점가,골목형상점가,전라남도,,,
f9d8b93552736dcdfaf3,full_annotation_v1,A,q_반찬_06,반찬 사는 데,식료품 중 '반찬'을 판매·제공하는 매장,train,반찬,T4 구어·문장,d83300cc-ea66-4498-b6a3-cb02449dc1f1,싱싱반찬,반찬,도곡시장,자율상권구역,서울특별시,,,
36258d4ac1b4d30c31a1,full_annotation_v1,A,q_반찬_06,반찬 사는 데,식료품 중 '반찬'을 판매·제공하는 매장,train,반찬,T4 구어·문장,fa191eb7-d49e-4864-9ff7-1a1321f44a2b,맘찬,반찬,화천재래시장,전통시장,강원특별자치도,,,
633d62e2a8c718d6cf2f,full_annotation_v1,A,q_반찬_06,반찬 사는 데,식료품 중 '반찬'을 판매·제공하는 매장,train,반찬,T4 구어·문장,01f160fc-531c-4191-aa22-453462e0f38a,천년,김치,오정동상점가,자율상권구역,대전광역시,,,
201f4c85a811c2117413,full_annotation_v1,A,q_반찬_06,반찬 사는 데,식료품 중 '반찬'을 판매·제공하는 매장,train,반찬,T4 구어·문장,1bc0b5f7-1137-407d-8ccd-6d4bf30f539f,기희네 반찬,반찬,상암마을상인회 골목형상점가,골목형상점가,광주광역시,,,
71df0f99221aaac06784,full_annotation_v1,A,q_반찬_06,반찬 사는 데,식료품 중 '반찬'을 판매·제공하는 매장,train,반찬,T4 구어·문장,f14df4d3-9858-4a8b-8597-20fd477d8e32,갤러리 데 루치아,가구,용인어정가구단지상점가,자율상권구역,경기도,,,
f01ded56e445f9250169,full_annotation_v1,A,q_반찬_06,반찬 사는 데,식료품 중 '반찬'을 판매·제공하는 매장,train,반찬,T4 구어·문장,d1a67c2d-25a3-4cf1-8228-d05dd1b684b1,무등소갈비익산부송점,한식,부송동 골목형상점가,골목형상점가,전북특별자치도,,,
1536d87fea5456b84f2d,full_annotation_v1,A,q_반찬_06,반찬 사는 데,식료품 중 '반찬'을 판매·제공하는 매장,train,반찬,T4 구어·문장,31896345-eca2-4f2f-a848-d3e86069c408,순심이네 반찬,반찬,오룡시장 골목형상점가,골목형상점가,전라남도,,,
f869fee79950e335dfce,full_annotation_v1,A,q_반찬_06,반찬 사는 데,식료품 중 '반찬'을 판매·제공하는 매장,train,반찬,T4 구어·문장,0d26b9ec-a86e-4525-ad49-3555d87c5163,선채령,백반,부곡맛고을상가,자율상권구역,경상북도,,,
b68688b2fcfe6c289b83,full_annotation_v1,A,q_반찬_06,반찬 사는 데,식료품 중 '반찬'을 판매·제공하는 매장,train,반찬,T4 구어·문장,c27e8675-2c54-4ab4-92f7-fce229ba41cb,화분반찬,반찬,일신시장(舊 부일종합시장),전통시장,인천광역시,,,
94b9997cd779cac36162,full_annotation_v1,A,q_반찬_06,반찬 사는 데,식료품 중 '반찬'을 판매·제공하는 매장,train,반찬,T4 구어·문장,4e6480e4-404f-413e-a393-f4366640c571,복남이네 반찬,반찬,통영중앙전통시장,전통시장,경상남도,,,
0a42e955d542a179bdc3,full_annotation_v1,A,q_반찬_06,반찬 사는 데,식료품 중 '반찬'을 판매·제공하는 매장,train,반찬,T4 구어·문장,8e5b909c-3602-4e5b-a7d4-ecb5553e6ed7,소문난 반찬,반찬,월촌역시장(구 송현주공시장),전통시장,대구광역시,,,
9dcb958caaf72eb4e8ce,full_annotation_v1,A,q_반찬_06,반찬 사는 데,식료품 중 '반찬'을 판매·제공하는 매장,train,반찬,T4 구어·문장,ac6de03a-9c4e-4bf6-91d8-f39a70f45e78,한우왕하양공설점,축산,하양꿈바우시장,전통시장,경상북도,,,
c96fc3c460381c68d25a,full_annotation_v1,A,q_반찬_06,반찬 사는 데,식료품 중 '반찬'을 판매·제공하는 매장,train,반찬,T4 구어·문장,4658bfbd-42d4-44fb-a444-501a71965109,진원 반찬,반찬,항동 골목형상점가,골목형상점가,서울특별시,,,
2392f0a81a11dd7d4184,full_annotation_v1,A,q_반찬_06,반찬 사는 데,식료품 중 '반찬'을 판매·제공하는 매장,train,반찬,T4 구어·문장,4f92f4ed-eabc-4a21-a8cd-bb0d66279e9b,처가집 반찬,반찬,김해 외동전통시장,전통시장,경상남도,,,
42ceb1b0cef73121bb8c,full_annotation_v1,A,q_반찬_06,반찬 사는 데,식료품 중 '반찬'을 판매·제공하는 매장,train,반찬,T4 구어·문장,8c829eff-e92e-467b-b16e-6f6bc93283ab,할머니네 반찬,반찬,문산자유시장,전통시장,경기도,,,
d9c1cc2ba39fc7fd7088,full_annotation_v1,A,q_반찬_06,반찬 사는 데,식료품 중 '반찬'을 판매·제공하는 매장,train,반찬,T4 구어·문장,0630599b-72bb-4b42-9de2-a26c2aab9aae,넉넉,반찬,대평동 골목형상점가,골목형상점가,세종특별자치시,,,
4174326a48340911faa8,full_annotation_v1,A,q_반찬_06,반찬 사는 데,식료품 중 '반찬'을 판매·제공하는 매장,train,반찬,T4 구어·문장,8e7e97dd-6f81-4c73-b282-3565ba0a2a9b,반여천부경명상센타,"명상수련, 보조식품, 명상물품, 서적",소반시장 골목형상점가,골목형상점가,부산광역시,,,
7565d7545f10afc18fa8,full_annotation_v1,A,q_반찬_06,반찬 사는 데,식료품 중 '반찬'을 판매·제공하는 매장,train,반찬,T4 구어·문장,e42301ee-2538-487e-9e6b-9568dd8e56e3,동진반찬,반찬,장림골목시장,전통시장,부산광역시,,,
2397aeacde1f116fc47e,full_annotation_v1,A,q_반찬_06,반찬 사는 데,식료품 중 '반찬'을 판매·제공하는 매장,train,반찬,T4 구어·문장,fe309d7b-2c0d-41be-b646-0eee6fa1f435,장터반찬,반찬,중동사랑시장,전통시장,경기도,,,
bf434c9d6552b29c4fbc,full_annotation_v1,A,q_반찬_06,반찬 사는 데,식료품 중 '반찬'을 판매·제공하는 매장,train,반찬,T4 구어·문장,0a138793-f11f-41cc-ba18-73f3c94d3a6b,봉진반찬,반찬,원주중앙시장활성화구역,상권활성화구역,강원특별자치도,,,
7213f2e560915e355c7c,full_annotation_v1,A,q_반찬_06,반찬 사는 데,식료품 중 '반찬'을 판매·제공하는 매장,train,반찬,T4 구어·문장,eb44b59d-be07-401f-8ca3-0425a835c196,팜제화,신발,금남지하도상가 1공구,일반지하상점가,광주광역시,,,
f7f77b30aba796bffbc4,full_annotation_v1,A,q_반찬_06,반찬 사는 데,식료품 중 '반찬'을 판매·제공하는 매장,train,반찬,T4 구어·문장,c364337f-5d9b-4ddd-88dc-836a1c848d63,금술이네 반찬,반찬,복개도로 상가번영회 골목형상점가,골목형상점가,광주광역시,,,
1eabffd8d141142ebc2d,full_annotation_v1,A,q_반찬_06,반찬 사는 데,식료품 중 '반찬'을 판매·제공하는 매장,train,반찬,T4 구어·문장,009ee53b-22c6-434e-bb94-47758d092857,미애네 달달스토어,반찬,송현시장,전통시장,인천광역시,,,
6af2eeccc654feab0ac5,full_annotation_v1,A,q_반찬_06,반찬 사는 데,식료품 중 '반찬'을 판매·제공하는 매장,train,반찬,T4 구어·문장,7b63369f-ec95-4ba4-ad6d-74acd3d2a720,김복남맥주부송점,한식 일반 음식점업,부송동 골목형상점가,골목형상점가,전북특별자치도,,,
37a17d65d7463a257f76,full_annotation_v1,A,q_반찬_06,반찬 사는 데,식료품 중 '반찬'을 판매·제공하는 매장,train,반찬,T4 구어·문장,d186142e-6526-4882-a664-cb9327c80937,동서반찬,반찬,장미제일시장,전통시장,서울특별시,,,
32c99e8b03120598b1c9,full_annotation_v1,A,q_반찬_06,반찬 사는 데,식료품 중 '반찬'을 판매·제공하는 매장,train,반찬,T4 구어·문장,caf0e9b8-250f-4b81-bab4-6499b340d010,맛있는 반찬,반찬(한식),포항큰동해시장,전통시장,경상북도,,,
64c5393509c2d93cc170,full_annotation_v1,A,q_반찬_06,반찬 사는 데,식료품 중 '반찬'을 판매·제공하는 매장,train,반찬,T4 구어·문장,d9d413d3-4273-45b7-9388-5684806612fb,종합반찬,반찬,합덕중앙상점가,자율상권구역,충청남도,,,
b92beaea0dda2d45aa1a,full_annotation_v1,A,q_반찬_06,반찬 사는 데,식료품 중 '반찬'을 판매·제공하는 매장,train,반찬,T4 구어·문장,066a89b7-02c2-4958-802d-9c2d6d2e567b,대원유통,"도소매(산나물,채소)",하대원공설시장,전통시장,경기도,,,
133541890f1522a68d1c,full_annotation_v1,A,q_반찬_06,반찬 사는 데,식료품 중 '반찬'을 판매·제공하는 매장,train,반찬,T4 구어·문장,f8120578-03c4-4d62-bf22-06b8e5525049,행복도시락&반찬,반찬,반여2동상가시장,전통시장,부산광역시,,,
b482f0b80af187e5aefa,full_annotation_v1,A,q_반찬_06,반찬 사는 데,식료품 중 '반찬'을 판매·제공하는 매장,train,반찬,T4 구어·문장,00066748-bce9-4daa-b881-7902dad46f14,하단맛집,한식,하단자율상권구역,,부산광역시,,,
6b09f24993bc7a260d10,full_annotation_v1,A,q_반찬_06,반찬 사는 데,식료품 중 '반찬'을 판매·제공하는 매장,train,반찬,T4 구어·문장,6a938315-629b-4f31-8ca1-b40a88b9532e,에덴반찬,반찬,롯데 리치빌골목형상점가,골목형상점가,대전광역시,,,
c6355b4e08dceec71145,full_annotation_v1,A,q_반찬_06,반찬 사는 데,식료품 중 '반찬'을 판매·제공하는 매장,train,반찬,T4 구어·문장,057052a8-e922-408d-9631-152fbd0f3bdb,대덕상회,나물,양동시장,전통시장,광주광역시,,,
aab2a03edc1f9802877f,full_annotation_v1,A,q_반찬_06,반찬 사는 데,식료품 중 '반찬'을 판매·제공하는 매장,train,반찬,T4 구어·문장,074d3f46-dc6f-4cac-ba54-e24b3fc79798,서민인생역전,콩나물불고기외 음식점,신장대리 자율상권구역,,강원특별자치도,,,
41edc4a418886cd42f86,full_annotation_v1,A,q_반찬_06,반찬 사는 데,식료품 중 '반찬'을 판매·제공하는 매장,train,반찬,T4 구어·문장,5f4a8966-f5a9-4505-9636-eb631cdb94dc,소영이네 반찬,반찬,장림골목시장,전통시장,부산광역시,,,
d4ccce23a92ac28465c8,full_annotation_v1,A,q_반찬_06,반찬 사는 데,식료품 중 '반찬'을 판매·제공하는 매장,train,반찬,T4 구어·문장,0c15c77d-1862-4a35-9b96-53e56c646e96,교촌치킨 안행점,치킨전문점,서부시장상점가(서부시장 통합),전통시장,전북특별자치도,,,
59b9c8ffd99724372df0,full_annotation_v1,A,q_반찬_06,반찬 사는 데,식료품 중 '반찬'을 판매·제공하는 매장,train,반찬,T4 구어·문장,1139de72-64f6-480d-ba93-09f3309fec0b,"맛있는 국,반찬",반찬,달서시장,전통시장,대구광역시,,,
60068edf3477a020858b,full_annotation_v1,A,q_반찬_06,반찬 사는 데,식료품 중 '반찬'을 판매·제공하는 매장,train,반찬,T4 구어·문장,030bc960-9493-4dd5-93ea-5b56023601af,왕돼지 김치찌개,김치찌개,쌍정 골목형상점가,골목형상점가,전라남도,,,
262356a59f93b5688dbf,full_annotation_v1,A,q_반찬_06,반찬 사는 데,식료품 중 '반찬'을 판매·제공하는 매장,train,반찬,T4 구어·문장,ba700003-d433-4456-b281-b42eb7f309a6,대궐집 반찬,반찬,의정부제일시장,전통시장,경기도,,,
c029e1a6ddf5cd7d2151,full_annotation_v1,A,q_반찬_06,반찬 사는 데,식료품 중 '반찬'을 판매·제공하는 매장,train,반찬,T4 구어·문장,02dea6f1-bc12-4af7-a0d4-7c0c6599f247,고맙다바다야,백반,씨푸드타운 일반상가상인회 골목형상점가,골목형상점가,전라남도,,,
ae3baa7c5a39c6941598,full_annotation_v1,A,q_반찬_06,반찬 사는 데,식료품 중 '반찬'을 판매·제공하는 매장,train,반찬,T4 구어·문장,008fd310-2ceb-4758-88b1-e124bc2b36d5,반찬마을,즉석반찬,반송큰시장,전통시장,부산광역시,,,
f8640d9273d5f0d9c4fc,full_annotation_v1,A,q_반찬_06,반찬 사는 데,식료품 중 '반찬'을 판매·제공하는 매장,train,반찬,T4 구어·문장,075c6bae-06ca-49ed-9420-5bdad68d5c60,뚱스백반,백반,푸른마을공동체센터 골목형상점가,골목형상점가,광주광역시,,,
57eb2d06b58c98f16ade,full_annotation_v1,A,q_반찬_06,반찬 사는 데,식료품 중 '반찬'을 판매·제공하는 매장,train,반찬,T4 구어·문장,7eacdc5e-11d2-4113-a134-a6fff6e16e34,미애네 반찬,반찬,김제중앙시장,전통시장,전북특별자치도,,,
01d927e4d7ea1fd1ecd5,full_annotation_v1,A,q_반찬_06,반찬 사는 데,식료품 중 '반찬'을 판매·제공하는 매장,train,반찬,T4 구어·문장,5c8b956a-24d2-4db2-b572-08b8c494389a,스텔라떡볶이,분식,목원대 골목형상점가,골목형상점가,대전광역시,,,
826a956d491f31321686,full_annotation_v1,A,q_반찬_06,반찬 사는 데,식료품 중 '반찬'을 판매·제공하는 매장,train,반찬,T4 구어·문장,00c1e208-d4b3-47f5-8f6f-a0b8f4d47a3b,동아리족발,반찬및 족발,서동시장(창인시장),전통시장,전북특별자치도,,,
f3bd02b05777b00e96ae,full_annotation_v1,A,q_반찬_06,반찬 사는 데,식료품 중 '반찬'을 판매·제공하는 매장,train,반찬,T4 구어·문장,62631faf-23c5-4d0f-a33e-50ee3df779b7,소망반찬,반찬,경주중앙시장,전통시장,경상북도,,,
67ac66db6a7ebbc32275,full_annotation_v1,A,q_반찬_06,반찬 사는 데,식료품 중 '반찬'을 판매·제공하는 매장,train,반찬,T4 구어·문장,9cd09504-0fb8-43cb-a74d-b03eddb85a92,또와김밥,"한식, 김밥",남문골목형상점가,골목형상점가,강원특별자치도,,,
ddf2e0c43e686594b917,full_annotation_v1,A,q_반찬_06,반찬 사는 데,식료품 중 '반찬'을 판매·제공하는 매장,train,반찬,T4 구어·문장,ecfaed91-4a3e-4035-aa4d-f599cd7cc79e,늘조은약국,의약품 의약외품,정림동 골목형상점가,골목형상점가,대전광역시,,,
4ab0bb853f858f03222d,full_annotation_v1,A,q_반찬_06,반찬 사는 데,식료품 중 '반찬'을 판매·제공하는 매장,train,반찬,T4 구어·문장,0466a8b1-9b81-4cff-9d6a-a1b267e02528,영광댁반찬,반찬,신아타운,전통시장,서울특별시,,,
52f89e43d5a78c176475,full_annotation_v1,A,q_반찬_06,반찬 사는 데,식료품 중 '반찬'을 판매·제공하는 매장,train,반찬,T4 구어·문장,552936fd-43cc-4739-a1a2-70ad664722fa,옥주유통,잡화,안양농수산물 골목형상점가,골목형상점가,경기도,,,
a166481d1b4526e07f69,full_annotation_v1,A,q_반찬_06,반찬 사는 데,식료품 중 '반찬'을 판매·제공하는 매장,train,반찬,T4 구어·문장,0a3c0ee1-95ea-4285-bf50-870e31a204f0,풍암반찬,반찬,풍암신암상인회 골목형상점가,골목형상점가,광주광역시,,,
34b2fd70b4a6c0a19cb2,full_annotation_v1,A,q_반찬_06,반찬 사는 데,식료품 중 '반찬'을 판매·제공하는 매장,train,반찬,T4 구어·문장,006895c5-d037-4e3d-9cfb-6972007a350a,반찬사랑,반찬,오치2동 골목형상점가,골목형상점가,광주광역시,,,
4050463c528c1594a89a,full_annotation_v1,A,q_반찬_06,반찬 사는 데,식료품 중 '반찬'을 판매·제공하는 매장,train,반찬,T4 구어·문장,e4bb3fba-10a1-4cd4-a8ec-6ce9a0d06fa4,강원 반찬,반찬,장터길 골목형상점가,골목형상점가,경기도,,,
601ea2da16825ecbd5dc,full_annotation_v1,A,q_반찬_06,반찬 사는 데,식료품 중 '반찬'을 판매·제공하는 매장,train,반찬,T4 구어·문장,000a95c4-e0a6-4011-86fb-04307bcfae38,황갈비,한식,김천황금시장,전통시장,경상북도,,,
1f7e8d9c83d2b59c4c45,full_annotation_v1,A,q_반찬_06,반찬 사는 데,식료품 중 '반찬'을 판매·제공하는 매장,train,반찬,T4 구어·문장,001053bb-9a4d-431c-8073-f2204c857265,유달식당,한식,노량진수산시장골목형상점가,골목형상점가,서울특별시,,,
3782fbfb0938e0059696,full_annotation_v1,A,q_반찬_06,반찬 사는 데,식료품 중 '반찬'을 판매·제공하는 매장,train,반찬,T4 구어·문장,06fb679d-ab9f-415f-86de-0aacf28ac48c,운남콩나물국밥,한식(콩나물국밥),전주남부시장,전통시장,전북특별자치도,,,
dfbc4dcc58cc83e7803f,full_annotation_v1,A,q_반찬_06,반찬 사는 데,식료품 중 '반찬'을 판매·제공하는 매장,train,반찬,T4 구어·문장,00118834-a0f4-4127-ba7d-f7908ced2e1d,골목집,한식,대흥낭만거리 골목형상점가,골목형상점가,대전광역시,,,
86793e42cee956e5fb8e,full_annotation_v1,A,q_반찬_06,반찬 사는 데,식료품 중 '반찬'을 판매·제공하는 매장,train,반찬,T4 구어·문장,f1b5d59d-54c8-415d-b89f-9cdeca8827fb,미다래 반찬,반찬,운수대통!생거진천전통시장,전통시장,충청북도,,,
b44cb5e0bcc4811fb030,full_annotation_v1,A,q_반찬_06,반찬 사는 데,식료품 중 '반찬'을 판매·제공하는 매장,train,반찬,T4 구어·문장,9a6302f3-3aec-4f80-81a1-eede906d54f2,신광반찬,반찬,익산매일시장,전통시장,전북특별자치도,,,
03ceb57475a6da5db6d5,full_annotation_v1,A,q_반찬_06,반찬 사는 데,식료품 중 '반찬'을 판매·제공하는 매장,train,반찬,T4 구어·문장,cdd5be12-eedc-4699-b0df-4101a4db0518,해냄식품,반찬,쌍문시장(쌍문역골목시장),전통시장,서울특별시,,,
6e80806b37de09a3f011,full_annotation_v1,A,q_반찬_06,반찬 사는 데,식료품 중 '반찬'을 판매·제공하는 매장,train,반찬,T4 구어·문장,122bddee-e0e3-452b-9d67-fe448ab27c07,참찬,반찬,봉천현대시장,전통시장,서울특별시,,,
785ce9a42ca0741afc2b,full_annotation_v1,A,q_반찬_06,반찬 사는 데,식료품 중 '반찬'을 판매·제공하는 매장,train,반찬,T4 구어·문장,93cdc485-88fe-463d-b5df-f4978d3b5aee,솔샘반찬,반찬,동북시장(프라자),전통시장,서울특별시,,,
909e5c4d928cb5c19695,full_annotation_v1,A,q_반찬_06,반찬 사는 데,식료품 중 '반찬'을 판매·제공하는 매장,train,반찬,T4 구어·문장,9b8a7b96-d16f-4406-be01-995f079a5994,우리집 반찬,반찬,의정부제일시장,전통시장,경기도,,,
78fc1560e52c029a7da9,full_annotation_v1,A,q_반찬_06,반찬 사는 데,식료품 중 '반찬'을 판매·제공하는 매장,train,반찬,T4 구어·문장,2412aca5-cf5c-4f20-9d72-1b098c7ae2cd,조부장네 반찬,반찬,역곡상상시장(구 역곡북부시장),전통시장,경기도,,,
ce72fd3573b696bc767e,full_annotation_v1,A,q_반찬_06,반찬 사는 데,식료품 중 '반찬'을 판매·제공하는 매장,train,반찬,T4 구어·문장,bd3d49b1-c294-49c9-b65a-dae46086e1e4,서주네 반찬,반찬,남목전통시장,전통시장,울산광역시,,,
b79dbea1c34c05869215,full_annotation_v1,A,q_반찬_06,반찬 사는 데,식료품 중 '반찬'을 판매·제공하는 매장,train,반찬,T4 구어·문장,ace88032-980a-4cd9-bc7b-b10ecfa61a8e,귀찬,반찬,송도 아트포레 판매시설 골목형상점가,골목형상점가,인천광역시,,,
0cd134f8e0e214fbb260,full_annotation_v1,A,q_반찬_06,반찬 사는 데,식료품 중 '반찬'을 판매·제공하는 매장,train,반찬,T4 구어·문장,010b729e-dfdc-4b2c-ac41-376db70ef2c0,우여사애찬방,반찬,안동광석거리 골목형상점가,골목형상점가,경상북도,,,
6ce743abd9584b1a3625,full_annotation_v1,A,q_반찬_06,반찬 사는 데,식료품 중 '반찬'을 판매·제공하는 매장,train,반찬,T4 구어·문장,4f8a79ee-cfd5-4d9c-a724-8a392828583d,대명반찬,반찬,대명시장,전통시장,대구광역시,,,
edb27b492b89da710487,full_annotation_v1,A,q_반찬_06,반찬 사는 데,식료품 중 '반찬'을 판매·제공하는 매장,train,반찬,T4 구어·문장,282b0e8b-051c-49f9-a707-b982df803589,까라벨라 데 오르,스파게티,동명동 카페거리 골목형상점가,골목형상점가,광주광역시,,,
6ed4f4f1837066371143,full_annotation_v1,A,q_반찬_06,반찬 사는 데,식료품 중 '반찬'을 판매·제공하는 매장,train,반찬,T4 구어·문장,8bc63909-e2ea-42b7-8856-377a4c7c6645,빈이네 반찬,반찬,효자천변1길 골목형상점가,골목형상점가,전북특별자치도,,,
ba17079ebcd4bf4fe1a2,full_annotation_v1,A,q_반찬_06,반찬 사는 데,식료품 중 '반찬'을 판매·제공하는 매장,train,반찬,T4 구어·문장,c4598a58-12d0-4436-9018-f04834fece0c,은교반찬,반찬,용산용문시장,전통시장,서울특별시,,,
9107a490e10249ab15c6,full_annotation_v1,A,q_반찬_06,반찬 사는 데,식료품 중 '반찬'을 판매·제공하는 매장,train,반찬,T4 구어·문장,2731cb77-8567-4bb2-a193-2a0e318a112c,평화상회,도소매(청과),영등포청과시장,자율상권구역,서울특별시,,,
b3788ad6adefc199ce11,full_annotation_v1,A,q_반찬_06,반찬 사는 데,식료품 중 '반찬'을 판매·제공하는 매장,train,반찬,T4 구어·문장,a93ba21a-d0a1-4cf8-8877-902657ab72d8,오밥찬,반찬,푸른솔빛골목형상점가,골목형상점가,인천광역시,,,
13c56f29d5aedb651402,full_annotation_v1,A,q_반찬_06,반찬 사는 데,식료품 중 '반찬'을 판매·제공하는 매장,train,반찬,T4 구어·문장,4b729a89-4176-4d25-a35b-d171a8e1575e,엄마손맛 반찬,반찬,신가동 골목형상점가,골목형상점가,광주광역시,,,
94e8f4beac970cb06296,full_annotation_v1,A,q_반찬_06,반찬 사는 데,식료품 중 '반찬'을 판매·제공하는 매장,train,반찬,T4 구어·문장,4465beb9-ce80-4ecd-b21f-bb648c819479,국찬당,반찬,둔촌역전통시장,전통시장,서울특별시,,,
5c59e594e6aeee9ac9e6,full_annotation_v1,A,q_반찬_06,반찬 사는 데,식료품 중 '반찬'을 판매·제공하는 매장,train,반찬,T4 구어·문장,33f1d07a-7a7d-4fe3-91fc-a248891e86d8,맛있는 반찬,반찬,마천중앙시장,전통시장,서울특별시,,,
00b8fdf740331ff9e085,full_annotation_v1,A,q_반찬_06,반찬 사는 데,식료품 중 '반찬'을 판매·제공하는 매장,train,반찬,T4 구어·문장,27f4955d-4ddf-411f-8b41-f4f3da51283a,옛날반찬,반찬,후평일단지시장,전통시장,강원특별자치도,,,
295fe81955fa2e69ec10,full_annotation_v1,A,q_반찬_06,반찬 사는 데,식료품 중 '반찬'을 판매·제공하는 매장,train,반찬,T4 구어·문장,aba76fc2-984e-4030-ba01-e2e7d78264c7,데 아로즈 대전둔산본점,,갈리단길 골목형상점가,골목형상점가,대전광역시,,,
219fd7f50b6c6f2a998d,full_annotation_v1,A,q_반찬_06,반찬 사는 데,식료품 중 '반찬'을 판매·제공하는 매장,train,반찬,T4 구어·문장,1f28d7a5-8a2f-4bf4-a188-4f7f819a3121,언니네 반찬,반찬,사직시장,전통시장,부산광역시,,,
cd2d91ad4de6271c6acd,full_annotation_v1,A,q_반찬_06,반찬 사는 데,식료품 중 '반찬'을 판매·제공하는 매장,train,반찬,T4 구어·문장,13817f50-60a8-4fed-858f-24eba275d6df,옛찬,반찬,봉동생강골시장,전통시장,전북특별자치도,,,
c0e8d7c7267091635f78,full_annotation_v1,A,q_반찬_06,반찬 사는 데,식료품 중 '반찬'을 판매·제공하는 매장,train,반찬,T4 구어·문장,d20bb194-2579-4090-a195-15a8f116f2df,코코반찬,반찬,나운종합상가 골목형상점가,골목형상점가,전북특별자치도,,,
c5040f8bd9072ac10c83,full_annotation_v1,A,q_반찬_06,반찬 사는 데,식료품 중 '반찬'을 판매·제공하는 매장,train,반찬,T4 구어·문장,0ca69185-b3e5-4197-b6ae-5388a2e247a6,쿵이네백반,백반,인천종합어시장,전통시장,인천광역시,,,
523bf7f57e0bd6312a95,full_annotation_v1,A,q_반찬_06,반찬 사는 데,식료품 중 '반찬'을 판매·제공하는 매장,train,반찬,T4 구어·문장,66bf5f58-7c15-4594-92af-5e0a3617b015,동산수예,침구,새길시장,전통시장,대구광역시,,,
b3f1a976817cee68034f,full_annotation_v1,A,q_반찬_06,반찬 사는 데,식료품 중 '반찬'을 판매·제공하는 매장,train,반찬,T4 구어·문장,0d92cbf1-e515-46bc-b362-e27164d9fbda,정화마차,백반,쫑포상가 골목형상점가,골목형상점가,전라남도,,,
fb32d6911a1e88e0e601,full_annotation_v1,A,q_반찬_06,반찬 사는 데,식료품 중 '반찬'을 판매·제공하는 매장,train,반찬,T4 구어·문장,8e807cef-787e-444d-809f-93bead219baa,직담,반찬,남성역 골목시장,전통시장,서울특별시,,,
7f054c92b38dd04ab5c7,full_annotation_v1,A,q_반찬_06,반찬 사는 데,식료품 중 '반찬'을 판매·제공하는 매장,train,반찬,T4 구어·문장,003003dc-6951-4f07-8cf2-f31334c0b27d,미향반찬,반찬,신안코아,전통시장,경기도,,,
7d6ac88a2e9e3018f64d,full_annotation_v1,A,q_반찬_06,반찬 사는 데,식료품 중 '반찬'을 판매·제공하는 매장,train,반찬,T4 구어·문장,f0fc6a26-f167-4cde-97e4-5fa6665a38a7,남경야채(반찬),반찬,망원시장,전통시장,서울특별시,,,
119c0aac52552eb42b75,full_annotation_v1,A,q_반찬_06,반찬 사는 데,식료품 중 '반찬'을 판매·제공하는 매장,train,반찬,T4 구어·문장,0182c177-fcc7-47b0-8e12-99eb221aff79,시장초장식당,"칼국수, 열무비빔밥, 국, 반찬",경주중앙시장,전통시장,경상북도,,,
07b37f60e719a3310d3d,full_annotation_v1,A,q_반찬_06,반찬 사는 데,식료품 중 '반찬'을 판매·제공하는 매장,train,반찬,T4 구어·문장,40cf4e56-206a-46b6-9fcd-fc3c992c1f5f,팔부 반찬,반찬,경산중앙상점가,자율상권구역,경상북도,,,
d40822a84673247afb74,full_annotation_v1,A,q_반찬_06,반찬 사는 데,식료품 중 '반찬'을 판매·제공하는 매장,train,반찬,T4 구어·문장,ded5c0af-7dfc-4a3f-9a85-f87f7ab12441,맛나네 반찬,반찬,화정로상인회 골목형상점가,골목형상점가,광주광역시,,,
7ca08edeee6b3807b785,full_annotation_v1,A,q_반찬_06,반찬 사는 데,식료품 중 '반찬'을 판매·제공하는 매장,train,반찬,T4 구어·문장,271114c7-0437-4af8-b2c8-e99f15699877,성완집,반찬,수유시장,전통시장,서울특별시,,,
01aa014c2e240da48078,full_annotation_v1,A,q_반찬_06,반찬 사는 데,식료품 중 '반찬'을 판매·제공하는 매장,train,반찬,T4 구어·문장,c83a1240-fc90-44c3-bda6-61093e7478b1,가정집 반찬,반찬,석바위시장,전통시장,인천광역시,,,
798ac037d085bdb4a288,full_annotation_v1,A,q_반찬_06,반찬 사는 데,식료품 중 '반찬'을 판매·제공하는 매장,train,반찬,T4 구어·문장,cff4c2f5-4277-498a-894e-7312accbb501,라임 반찬 광주선운점,반찬,선운별 골목형상점가,골목형상점가,광주광역시,,,
5c10c53a40054c6e2fa3,full_annotation_v1,A,q_반찬_06,반찬 사는 데,식료품 중 '반찬'을 판매·제공하는 매장,train,반찬,T4 구어·문장,16eda152-9c4c-42ef-8822-959642281854,차반,반찬,청담동골목형상점가,골목형상점가,서울특별시,,,
e6d231cb151d0f174856,full_annotation_v1,A,q_반찬_06,반찬 사는 데,식료품 중 '반찬'을 판매·제공하는 매장,train,반찬,T4 구어·문장,1cb5a37a-653b-4305-b818-e8e11077a327,엄지네 반찬,반찬,서동시장(창인시장),전통시장,전북특별자치도,,,
2304f6d3f999aa0b2619,full_annotation_v1,A,q_반찬_06,반찬 사는 데,식료품 중 '반찬'을 판매·제공하는 매장,train,반찬,T4 구어·문장,7c24df41-9cf9-4aa3-8cf4-dbf4a06f69e9,채은이네 반찬,반찬,당감골목시장,전통시장,부산광역시,,,
e8a93ce48472c90ba6ed,full_annotation_v1,A,q_반찬_06,반찬 사는 데,식료품 중 '반찬'을 판매·제공하는 매장,train,반찬,T4 구어·문장,03539124-52c6-45c4-83dd-b26860094731,초당두채,콩나물,보성매일시장,전통시장,전라남도,,,
c4d4011a5bb4cbc5adb1,full_annotation_v1,A,q_반찬_06,반찬 사는 데,식료품 중 '반찬'을 판매·제공하는 매장,train,반찬,T4 구어·문장,13e3006c-5eea-440f-8efa-a98db35888b6,고모네,의류,광장시장,전통시장,서울특별시,,,
998f314ef84ed31efb80,full_annotation_v1,A,q_반찬_06,반찬 사는 데,식료품 중 '반찬'을 판매·제공하는 매장,train,반찬,T4 구어·문장,a805a95b-8fb1-42b2-a2c1-04c2754f61b2,훈이네 반찬,반찬 김치즉석판매제조업,풍암우미상인회 골목형상점가,골목형상점가,광주광역시,,,
0c04ff1108daf1034e62,full_annotation_v1,A,q_반찬_06,반찬 사는 데,식료품 중 '반찬'을 판매·제공하는 매장,train,반찬,T4 구어·문장,484b1b89-25ce-4e66-ac5f-379846b5abc4,곰반찬,반찬,동쪽바다중앙시장(구 동해중앙시장),전통시장,강원특별자치도,,,
d713ec2c02addca54d2b,full_annotation_v1,A,q_반찬_06,반찬 사는 데,식료품 중 '반찬'을 판매·제공하는 매장,train,반찬,T4 구어·문장,00181552-6cc5-406b-ac59-bf9816f61398,갓지은밥,한식,남광주시장,전통시장,,,,
67c1ab2380b484fe1885,full_annotation_v1,A,q_반찬_07,반찬 파는 곳,식료품 중 '반찬'을 판매·제공하는 매장,train,반찬,T4 구어·문장,f2db1ca7-d957-4f9d-b71a-e4db312db089,한점 횟집,수산물,노량진수산시장골목형상점가,골목형상점가,서울특별시,,,
3ff016d9b3120df34dc9,full_annotation_v1,A,q_반찬_07,반찬 파는 곳,식료품 중 '반찬'을 판매·제공하는 매장,train,반찬,T4 구어·문장,3e445427-49cb-4e23-a285-bef44b83556b,끌리오,셔츠 및 블라우스 소매업,안양일번가 지하쇼핑몰,일반지하상점가,경기도,,,
c5abc27c833d8f01b413,full_annotation_v1,A,q_반찬_07,반찬 파는 곳,식료품 중 '반찬'을 판매·제공하는 매장,train,반찬,T4 구어·문장,000a95c4-e0a6-4011-86fb-04307bcfae38,황갈비,한식,김천황금시장,전통시장,경상북도,,,
0248511021e20c2fbdfe,full_annotation_v1,A,q_반찬_07,반찬 파는 곳,식료품 중 '반찬'을 판매·제공하는 매장,train,반찬,T4 구어·문장,0466a8b1-9b81-4cff-9d6a-a1b267e02528,영광댁반찬,반찬,신아타운,전통시장,서울특별시,,,
fa0ccc58c311a7f835bc,full_annotation_v1,A,q_반찬_07,반찬 파는 곳,식료품 중 '반찬'을 판매·제공하는 매장,train,반찬,T4 구어·문장,2412aca5-cf5c-4f20-9d72-1b098c7ae2cd,조부장네 반찬,반찬,역곡상상시장(구 역곡북부시장),전통시장,경기도,,,
425e339b5a30b76c9aba,full_annotation_v1,A,q_반찬_07,반찬 파는 곳,식료품 중 '반찬'을 판매·제공하는 매장,train,반찬,T4 구어·문장,fa191eb7-d49e-4864-9ff7-1a1321f44a2b,맘찬,반찬,화천재래시장,전통시장,강원특별자치도,,,
23e5482751114b9962b3,full_annotation_v1,A,q_반찬_07,반찬 파는 곳,식료품 중 '반찬'을 판매·제공하는 매장,train,반찬,T4 구어·문장,d5089369-1891-4707-a5c1-3c5618717a57,신토불이 반찬,반찬,일산시장(구 일산전통시장),전통시장,경기도,,,
ae50e6650d2c202f44cb,full_annotation_v1,A,q_반찬_07,반찬 파는 곳,식료품 중 '반찬'을 판매·제공하는 매장,train,반찬,T4 구어·문장,9a6302f3-3aec-4f80-81a1-eede906d54f2,신광반찬,반찬,익산매일시장,전통시장,전북특별자치도,,,
46bf4dd94cd46f5950ae,full_annotation_v1,A,q_반찬_07,반찬 파는 곳,식료품 중 '반찬'을 판매·제공하는 매장,train,반찬,T4 구어·문장,68461a82-5b52-42f2-9641-8d91aaa27447,지정중매인 123번,과일,번개시장,전통시장,대구광역시,,,
e837c50aa1d8ef4d36c1,full_annotation_v1,A,q_반찬_07,반찬 파는 곳,식료품 중 '반찬'을 판매·제공하는 매장,train,반찬,T4 구어·문장,9d4e4eb9-ba6a-4339-acb5-6167579e97f8,광명반찬,반찬,백운 대성시장 골목형상점가,골목형상점가,광주광역시,,,
1105392a0ab31bb04cd7,full_annotation_v1,A,q_반찬_07,반찬 파는 곳,식료품 중 '반찬'을 판매·제공하는 매장,train,반찬,T4 구어·문장,4f8a79ee-cfd5-4d9c-a724-8a392828583d,대명반찬,반찬,대명시장,전통시장,대구광역시,,,
fb893a0efbbd864365cf,full_annotation_v1,A,q_반찬_07,반찬 파는 곳,식료품 중 '반찬'을 판매·제공하는 매장,train,반찬,T4 구어·문장,057052a8-e922-408d-9631-152fbd0f3bdb,대덕상회,나물,양동시장,전통시장,광주광역시,,,
cd90ba9361a7359bf683,full_annotation_v1,A,q_반찬_07,반찬 파는 곳,식료품 중 '반찬'을 판매·제공하는 매장,train,반찬,T4 구어·문장,122bddee-e0e3-452b-9d67-fe448ab27c07,참찬,반찬,봉천현대시장,전통시장,서울특별시,,,
03ed8949b3fa593fcb5f,full_annotation_v1,A,q_반찬_07,반찬 파는 곳,식료품 중 '반찬'을 판매·제공하는 매장,train,반찬,T4 구어·문장,c83a1240-fc90-44c3-bda6-61093e7478b1,가정집 반찬,반찬,석바위시장,전통시장,인천광역시,,,
d3066880925fdf17307d,full_annotation_v1,A,q_반찬_07,반찬 파는 곳,식료품 중 '반찬'을 판매·제공하는 매장,train,반찬,T4 구어·문장,7f49a224-87ec-4f54-a6bc-632bd1cc8868,베이비펫,애견,지중해마을 골목형상점가,골목형상점가,충청남도,,,
88a7f9208aff60b10c73,full_annotation_v1,A,q_반찬_07,반찬 파는 곳,식료품 중 '반찬'을 판매·제공하는 매장,train,반찬,T4 구어·문장,9b8a7b96-d16f-4406-be01-995f079a5994,우리집 반찬,반찬,의정부제일시장,전통시장,경기도,,,
036d47c4f27cdb59327e,full_annotation_v1,A,q_반찬_07,반찬 파는 곳,식료품 중 '반찬'을 판매·제공하는 매장,train,반찬,T4 구어·문장,d186142e-6526-4882-a664-cb9327c80937,동서반찬,반찬,장미제일시장,전통시장,서울특별시,,,
cff0038bd4555ba053ae,full_annotation_v1,A,q_반찬_07,반찬 파는 곳,식료품 중 '반찬'을 판매·제공하는 매장,train,반찬,T4 구어·문장,3f0ef61b-73ab-4253-8b04-d15ba69563ef,동환상회,,칠성시장,전통시장,대구광역시,,,
fb974de27f8ed81ec90f,full_annotation_v1,A,q_반찬_07,반찬 파는 곳,식료품 중 '반찬'을 판매·제공하는 매장,train,반찬,T4 구어·문장,62631faf-23c5-4d0f-a33e-50ee3df779b7,소망반찬,반찬,경주중앙시장,전통시장,경상북도,,,
6e8602235c1ed5cc9ef1,full_annotation_v1,A,q_반찬_07,반찬 파는 곳,식료품 중 '반찬'을 판매·제공하는 매장,train,반찬,T4 구어·문장,0a138793-f11f-41cc-ba18-73f3c94d3a6b,봉진반찬,반찬,원주중앙시장활성화구역,상권활성화구역,강원특별자치도,,,
d9bc5c6fcee6df19b914,full_annotation_v1,A,q_반찬_07,반찬 파는 곳,식료품 중 '반찬'을 판매·제공하는 매장,train,반찬,T4 구어·문장,046f1a64-839c-4742-b374-3899eead5a59,맛들,반찬,산격종합시장,전통시장,대구광역시,,,
69aadcfb07144ab344ce,full_annotation_v1,A,q_반찬_07,반찬 파는 곳,식료품 중 '반찬'을 판매·제공하는 매장,train,반찬,T4 구어·문장,204b41cd-53e6-4dc5-9d65-4608c638e12d,숙이네 반찬,반찬,"온양온천시장(온양재래시장, 전통시장)",전통시장,충청남도,,,
6edff9663296f9b046a6,full_annotation_v1,A,q_반찬_07,반찬 파는 곳,식료품 중 '반찬'을 판매·제공하는 매장,train,반찬,T4 구어·문장,e4bb3fba-10a1-4cd4-a8ec-6ce9a0d06fa4,강원 반찬,반찬,장터길 골목형상점가,골목형상점가,경기도,,,
3c584da8c6ea76690b7c,full_annotation_v1,A,q_반찬_07,반찬 파는 곳,식료품 중 '반찬'을 판매·제공하는 매장,train,반찬,T4 구어·문장,6d9df444-6c1f-426b-a4b3-d47a8f6f3e79,으뜸반찬,반찬,암사종합시장,전통시장,서울특별시,,,
815bc6efa3c267c74101,full_annotation_v1,A,q_반찬_07,반찬 파는 곳,식료품 중 '반찬'을 판매·제공하는 매장,train,반찬,T4 구어·문장,008fd310-2ceb-4758-88b1-e124bc2b36d5,반찬마을,즉석반찬,반송큰시장,전통시장,부산광역시,,,
188a42e7a498dd2b315f,full_annotation_v1,A,q_반찬_07,반찬 파는 곳,식료품 중 '반찬'을 판매·제공하는 매장,train,반찬,T4 구어·문장,074d3f46-dc6f-4cac-ba54-e24b3fc79798,서민인생역전,콩나물불고기외 음식점,신장대리 자율상권구역,,강원특별자치도,,,
801822f0cb52708794a2,full_annotation_v1,A,q_반찬_07,반찬 파는 곳,식료품 중 '반찬'을 판매·제공하는 매장,train,반찬,T4 구어·문장,9008a3ab-7b65-4bc8-9485-7067a3a54921,유정이네 반찬,반찬,성대시장골목형상점가,골목형상점가,서울특별시,,,
f27cfe5112e1cb5c05df,full_annotation_v1,A,q_반찬_07,반찬 파는 곳,식료품 중 '반찬'을 판매·제공하는 매장,train,반찬,T4 구어·문장,caf0e9b8-250f-4b81-bab4-6499b340d010,맛있는 반찬,반찬(한식),포항큰동해시장,전통시장,경상북도,,,
d43866b0542cc80d96b5,full_annotation_v1,A,q_반찬_07,반찬 파는 곳,식료품 중 '반찬'을 판매·제공하는 매장,train,반찬,T4 구어·문장,030bc960-9493-4dd5-93ea-5b56023601af,왕돼지 김치찌개,김치찌개,쌍정 골목형상점가,골목형상점가,전라남도,,,
4b5250aeed2a270d692b,full_annotation_v1,A,q_반찬_07,반찬 파는 곳,식료품 중 '반찬'을 판매·제공하는 매장,train,반찬,T4 구어·문장,1bc0b5f7-1137-407d-8ccd-6d4bf30f539f,기희네 반찬,반찬,상암마을상인회 골목형상점가,골목형상점가,광주광역시,,,
e20a60511b072e165ed7,full_annotation_v1,A,q_반찬_07,반찬 파는 곳,식료품 중 '반찬'을 판매·제공하는 매장,train,반찬,T4 구어·문장,c161453d-f2c8-4b97-a2c3-a54e0cbdb7e8,생활용품 싸게 파는 집,잡화,안성중앙시장,전통시장,경기도,,,
6552bc1ac21c883ce4df,full_annotation_v1,A,q_반찬_07,반찬 파는 곳,식료품 중 '반찬'을 판매·제공하는 매장,train,반찬,T4 구어·문장,075c6bae-06ca-49ed-9420-5bdad68d5c60,뚱스백반,백반,푸른마을공동체센터 골목형상점가,골목형상점가,광주광역시,,,
4a69536f2772abee1d86,full_annotation_v1,A,q_반찬_07,반찬 파는 곳,식료품 중 '반찬'을 판매·제공하는 매장,train,반찬,T4 구어·문장,807e2ae2-49a7-4b25-8f9b-7a42245457bb,환희옷가게,의류,오목교중앙시장,전통시장,서울특별시,,,
8c0a62c1c0cee30b18c4,full_annotation_v1,A,q_반찬_07,반찬 파는 곳,식료품 중 '반찬'을 판매·제공하는 매장,train,반찬,T4 구어·문장,93cdc485-88fe-463d-b5df-f4978d3b5aee,솔샘반찬,반찬,동북시장(프라자),전통시장,서울특별시,,,
474fdd1f95f64492c881,full_annotation_v1,A,q_반찬_07,반찬 파는 곳,식료품 중 '반찬'을 판매·제공하는 매장,train,반찬,T4 구어·문장,00c1e208-d4b3-47f5-8f6f-a0b8f4d47a3b,동아리족발,반찬및 족발,서동시장(창인시장),전통시장,전북특별자치도,,,
0783d573fb8584c19143,full_annotation_v1,A,q_반찬_07,반찬 파는 곳,식료품 중 '반찬'을 판매·제공하는 매장,train,반찬,T4 구어·문장,484b1b89-25ce-4e66-ac5f-379846b5abc4,곰반찬,반찬,동쪽바다중앙시장(구 동해중앙시장),전통시장,강원특별자치도,,,
d997fc6ee24ed4606e62,full_annotation_v1,A,q_반찬_07,반찬 파는 곳,식료품 중 '반찬'을 판매·제공하는 매장,train,반찬,T4 구어·문장,1e2f83f7-5f45-452c-8417-13e26568807b,으뜸반찬,반찬,봉리단길골목형상점가,골목형상점가,서울특별시,,,
951c6fde5ede3a9cbfe3,full_annotation_v1,A,q_반찬_07,반찬 파는 곳,식료품 중 '반찬'을 판매·제공하는 매장,train,반찬,T4 구어·문장,03bba86e-80c4-42b0-8688-a0c912abdb07,돼지고기김치찌개,김치찌개,도담동 골목형상점가,골목형상점가,세종특별자치시,,,
b0fe84431062126d9bab,full_annotation_v1,A,q_반찬_07,반찬 파는 곳,식료품 중 '반찬'을 판매·제공하는 매장,train,반찬,T4 구어·문장,4e6480e4-404f-413e-a393-f4366640c571,복남이네 반찬,반찬,통영중앙전통시장,전통시장,경상남도,,,
6c9ccfba32917d0e0477,full_annotation_v1,A,q_반찬_07,반찬 파는 곳,식료품 중 '반찬'을 판매·제공하는 매장,train,반찬,T4 구어·문장,856d5c1e-7008-483b-adeb-e14a835cf5e8,워니원,"의류, 잡화, 액세서리",전북대대학로상점가,자율상권구역,전북특별자치도,,,
3bbaf9ca41dd74b011aa,full_annotation_v1,A,q_반찬_07,반찬 파는 곳,식료품 중 '반찬'을 판매·제공하는 매장,train,반찬,T4 구어·문장,fe309d7b-2c0d-41be-b646-0eee6fa1f435,장터반찬,반찬,중동사랑시장,전통시장,경기도,,,
59865e6470f71377f28a,full_annotation_v1,A,q_반찬_07,반찬 파는 곳,식료품 중 '반찬'을 판매·제공하는 매장,train,반찬,T4 구어·문장,066a89b7-02c2-4958-802d-9c2d6d2e567b,대원유통,"도소매(산나물,채소)",하대원공설시장,전통시장,경기도,,,
d8bd4b4308d0c2dc142a,full_annotation_v1,A,q_반찬_07,반찬 파는 곳,식료품 중 '반찬'을 판매·제공하는 매장,train,반찬,T4 구어·문장,006895c5-d037-4e3d-9cfb-6972007a350a,반찬사랑,반찬,오치2동 골목형상점가,골목형상점가,광주광역시,,,
457bee78e8fe47d2ff88,full_annotation_v1,A,q_반찬_07,반찬 파는 곳,식료품 중 '반찬'을 판매·제공하는 매장,train,반찬,T4 구어·문장,ded5c0af-7dfc-4a3f-9a85-f87f7ab12441,맛나네 반찬,반찬,화정로상인회 골목형상점가,골목형상점가,광주광역시,,,
f3d311702b6ffe6087d8,full_annotation_v1,A,q_반찬_07,반찬 파는 곳,식료품 중 '반찬'을 판매·제공하는 매장,train,반찬,T4 구어·문장,0182c177-fcc7-47b0-8e12-99eb221aff79,시장초장식당,"칼국수, 열무비빔밥, 국, 반찬",경주중앙시장,전통시장,경상북도,,,
2c5f31085b4b0e589277,full_annotation_v1,A,q_반찬_07,반찬 파는 곳,식료품 중 '반찬'을 판매·제공하는 매장,train,반찬,T4 구어·문장,7c24df41-9cf9-4aa3-8cf4-dbf4a06f69e9,채은이네 반찬,반찬,당감골목시장,전통시장,부산광역시,,,
a3272799d47d1a67935d,full_annotation_v1,A,q_반찬_07,반찬 파는 곳,식료품 중 '반찬'을 판매·제공하는 매장,train,반찬,T4 구어·문장,5f4a8966-f5a9-4505-9636-eb631cdb94dc,소영이네 반찬,반찬,장림골목시장,전통시장,부산광역시,,,
a02d7443dd50aaf01625,full_annotation_v1,A,q_반찬_07,반찬 파는 곳,식료품 중 '반찬'을 판매·제공하는 매장,train,반찬,T4 구어·문장,8e5b909c-3602-4e5b-a7d4-ecb5553e6ed7,소문난 반찬,반찬,월촌역시장(구 송현주공시장),전통시장,대구광역시,,,
2db33757afeea32e735d,full_annotation_v1,A,q_반찬_07,반찬 파는 곳,식료품 중 '반찬'을 판매·제공하는 매장,train,반찬,T4 구어·문장,4b729a89-4176-4d25-a35b-d171a8e1575e,엄마손맛 반찬,반찬,신가동 골목형상점가,골목형상점가,광주광역시,,,
70d0d24113789d8c9dcf,full_annotation_v1,A,q_반찬_07,반찬 파는 곳,식료품 중 '반찬'을 판매·제공하는 매장,train,반찬,T4 구어·문장,271114c7-0437-4af8-b2c8-e99f15699877,성완집,반찬,수유시장,전통시장,서울특별시,,,
d0b586fa200fa6c19182,full_annotation_v1,A,q_반찬_07,반찬 파는 곳,식료품 중 '반찬'을 판매·제공하는 매장,train,반찬,T4 구어·문장,d9d413d3-4273-45b7-9388-5684806612fb,종합반찬,반찬,합덕중앙상점가,자율상권구역,충청남도,,,
ec20993fcec26c190470,full_annotation_v1,A,q_반찬_07,반찬 파는 곳,식료품 중 '반찬'을 판매·제공하는 매장,train,반찬,T4 구어·문장,03539124-52c6-45c4-83dd-b26860094731,초당두채,콩나물,보성매일시장,전통시장,전라남도,,,
aca651587c67cdb8297c,full_annotation_v1,A,q_반찬_07,반찬 파는 곳,식료품 중 '반찬'을 판매·제공하는 매장,train,반찬,T4 구어·문장,33f1d07a-7a7d-4fe3-91fc-a248891e86d8,맛있는 반찬,반찬,마천중앙시장,전통시장,서울특별시,,,
b55ad4baf275b83c02ec,full_annotation_v1,A,q_반찬_07,반찬 파는 곳,식료품 중 '반찬'을 판매·제공하는 매장,train,반찬,T4 구어·문장,df2d3956-1161-40bc-9217-169aff11fb65,다이닝 더 인드라,인도음식점,보람동 수변상가 골목형상점가,골목형상점가,세종특별자치시,,,
e4d9c83ce573f0034135,full_annotation_v1,A,q_반찬_07,반찬 파는 곳,식료품 중 '반찬'을 판매·제공하는 매장,train,반찬,T4 구어·문장,4658bfbd-42d4-44fb-a444-501a71965109,진원 반찬,반찬,항동 골목형상점가,골목형상점가,서울특별시,,,
b1a84827e536d39c3312,full_annotation_v1,A,q_반찬_07,반찬 파는 곳,식료품 중 '반찬'을 판매·제공하는 매장,train,반찬,T4 구어·문장,0e7e5a12-8b02-431e-af3d-4c622448f5b9,제이의 정원,떡류,나주혁신도시 골목형상점가,골목형상점가,전라남도,,,
f86931bad0023ca28b1a,full_annotation_v1,A,q_반찬_07,반찬 파는 곳,식료품 중 '반찬'을 판매·제공하는 매장,train,반찬,T4 구어·문장,4f92f4ed-eabc-4a21-a8cd-bb0d66279e9b,처가집 반찬,반찬,김해 외동전통시장,전통시장,경상남도,,,
43e6a7afa050b095b3c8,full_annotation_v1,A,q_반찬_07,반찬 파는 곳,식료품 중 '반찬'을 판매·제공하는 매장,train,반찬,T4 구어·문장,24456103-f6b8-46af-8655-82e61d7265d8,커피가 머무르는 곳,커피,반드레길골목형상점가,골목형상점가,서울특별시,,,
dbd6734ebf9396402a6f,full_annotation_v1,A,q_반찬_07,반찬 파는 곳,식료품 중 '반찬'을 판매·제공하는 매장,train,반찬,T4 구어·문장,00118834-a0f4-4127-ba7d-f7908ced2e1d,골목집,한식,대흥낭만거리 골목형상점가,골목형상점가,대전광역시,,,
02e2eb23d090a49d281b,full_annotation_v1,A,q_반찬_07,반찬 파는 곳,식료품 중 '반찬'을 판매·제공하는 매장,train,반찬,T4 구어·문장,f8120578-03c4-4d62-bf22-06b8e5525049,행복도시락&반찬,반찬,반여2동상가시장,전통시장,부산광역시,,,
88334c49f10515a194ed,full_annotation_v1,A,q_반찬_07,반찬 파는 곳,식료품 중 '반찬'을 판매·제공하는 매장,train,반찬,T4 구어·문장,0d92cbf1-e515-46bc-b362-e27164d9fbda,정화마차,백반,쫑포상가 골목형상점가,골목형상점가,전라남도,,,
9db63a283aee4dd99c5e,full_annotation_v1,A,q_반찬_07,반찬 파는 곳,식료품 중 '반찬'을 판매·제공하는 매장,train,반찬,T4 구어·문장,02dea6f1-bc12-4af7-a0d4-7c0c6599f247,고맙다바다야,백반,씨푸드타운 일반상가상인회 골목형상점가,골목형상점가,전라남도,,,
90fddd88826cc0ef5724,full_annotation_v1,A,q_반찬_07,반찬 파는 곳,식료품 중 '반찬'을 판매·제공하는 매장,train,반찬,T4 구어·문장,27f4955d-4ddf-411f-8b41-f4f3da51283a,옛날반찬,반찬,후평일단지시장,전통시장,강원특별자치도,,,
343a3a8d84346739ebce,full_annotation_v1,A,q_반찬_07,반찬 파는 곳,식료품 중 '반찬'을 판매·제공하는 매장,train,반찬,T4 구어·문장,7f847992-1881-4f5f-b7be-5a4b0202b23b,반찬통,반찬,안마을 골목형상점가,골목형상점가,서울특별시,,,
996ef00e2bc57c2569a1,full_annotation_v1,A,q_반찬_07,반찬 파는 곳,식료품 중 '반찬'을 판매·제공하는 매장,train,반찬,T4 구어·문장,c111ac9d-3f3a-405c-a8db-4d127ccda9e2,행복이 있는 곳,잡화,제주로얄쇼핑센터,자율상권구역,제주특별자치도,,,
321f3a1d09d86e4d6af5,full_annotation_v1,A,q_반찬_07,반찬 파는 곳,식료품 중 '반찬'을 판매·제공하는 매장,train,반찬,T4 구어·문장,c364337f-5d9b-4ddd-88dc-836a1c848d63,금술이네 반찬,반찬,복개도로 상가번영회 골목형상점가,골목형상점가,광주광역시,,,
1309f3b9f357feb0dd97,full_annotation_v1,A,q_반찬_07,반찬 파는 곳,식료품 중 '반찬'을 판매·제공하는 매장,train,반찬,T4 구어·문장,8bc63909-e2ea-42b7-8856-377a4c7c6645,빈이네 반찬,반찬,효자천변1길 골목형상점가,골목형상점가,전북특별자치도,,,
2e9730256085bf7c0450,full_annotation_v1,A,q_반찬_07,반찬 파는 곳,식료품 중 '반찬'을 판매·제공하는 매장,train,반찬,T4 구어·문장,cc2f27d7-7600-4eef-b55f-fd85951a91af,입체사진관,사진,정읍연지상점가,자율상권구역,전북특별자치도,,,
cea5a7607db89bc62d4d,full_annotation_v1,A,q_반찬_07,반찬 파는 곳,식료품 중 '반찬'을 판매·제공하는 매장,train,반찬,T4 구어·문장,06fb679d-ab9f-415f-86de-0aacf28ac48c,운남콩나물국밥,한식(콩나물국밥),전주남부시장,전통시장,전북특별자치도,,,
9b6fd0010ff9e1f27545,full_annotation_v1,A,q_반찬_07,반찬 파는 곳,식료품 중 '반찬'을 판매·제공하는 매장,train,반찬,T4 구어·문장,b6859bc1-d1e7-40a9-9639-e527cc8d5486,아루아 헤어,헤어제품,익산 다e로움 상권활성화구역,상권활성화구역,전북특별자치도,,,
2ba25d50bba23c4f1d8d,full_annotation_v1,A,q_반찬_07,반찬 파는 곳,식료품 중 '반찬'을 판매·제공하는 매장,train,반찬,T4 구어·문장,003003dc-6951-4f07-8cf2-f31334c0b27d,미향반찬,반찬,신안코아,전통시장,경기도,,,
a719b2dbe09ee25e50cb,full_annotation_v1,A,q_반찬_07,반찬 파는 곳,식료품 중 '반찬'을 판매·제공하는 매장,train,반찬,T4 구어·문장,30890df3-24f3-4574-8e78-a01a53296273,김자매 반찬,반찬,연산골목시장상점가,자율상권구역,부산광역시,,,
34107f8dc3cb085acd25,full_annotation_v1,A,q_반찬_07,반찬 파는 곳,식료품 중 '반찬'을 판매·제공하는 매장,train,반찬,T4 구어·문장,0d26b9ec-a86e-4525-ad49-3555d87c5163,선채령,백반,부곡맛고을상가,자율상권구역,경상북도,,,
665bbfb596c2b5b0ab6c,full_annotation_v1,A,q_반찬_07,반찬 파는 곳,식료품 중 '반찬'을 판매·제공하는 매장,train,반찬,T4 구어·문장,00066748-bce9-4daa-b881-7902dad46f14,하단맛집,한식,하단자율상권구역,,부산광역시,,,
f0076802b4b960d63761,full_annotation_v1,A,q_반찬_07,반찬 파는 곳,식료품 중 '반찬'을 판매·제공하는 매장,train,반찬,T4 구어·문장,8e807cef-787e-444d-809f-93bead219baa,직담,반찬,남성역 골목시장,전통시장,서울특별시,,,
5750993c04f1af924b4e,full_annotation_v1,A,q_반찬_07,반찬 파는 곳,식료품 중 '반찬'을 판매·제공하는 매장,train,반찬,T4 구어·문장,00181552-6cc5-406b-ac59-bf9816f61398,갓지은밥,한식,남광주시장,전통시장,,,,
36d44f96c4c7b4dd36a9,full_annotation_v1,A,q_반찬_07,반찬 파는 곳,식료품 중 '반찬'을 판매·제공하는 매장,train,반찬,T4 구어·문장,d83300cc-ea66-4498-b6a3-cb02449dc1f1,싱싱반찬,반찬,도곡시장,자율상권구역,서울특별시,,,
5fe7bf7efd3fe7ad9d27,full_annotation_v1,A,q_반찬_07,반찬 파는 곳,식료품 중 '반찬'을 판매·제공하는 매장,train,반찬,T4 구어·문장,a192e8f9-06cc-4d75-8374-59f782f5f49e,영복사,복사,상지대길골목형상점가,골목형상점가,강원특별자치도,,,
62367e28eb2317d4d721,full_annotation_v1,A,q_반찬_07,반찬 파는 곳,식료품 중 '반찬'을 판매·제공하는 매장,train,반찬,T4 구어·문장,01b4b567-78d4-4fa1-9bff-25fd01fb1a4c,소문난김치집,김치,중앙먹거리 상인회 골목형상점가,골목형상점가,전라남도,,,
524f1f83550e8c23f976,full_annotation_v1,A,q_반찬_07,반찬 파는 곳,식료품 중 '반찬'을 판매·제공하는 매장,train,반찬,T4 구어·문장,76a3551b-dae4-4326-92cc-662015aedbfb,쉴 곳,한식,칠성로상점가,자율상권구역,제주특별자치도,,,
1b67d919cd932ece76ad,full_annotation_v1,A,q_반찬_07,반찬 파는 곳,식료품 중 '반찬'을 판매·제공하는 매장,train,반찬,T4 구어·문장,7eacdc5e-11d2-4113-a134-a6fff6e16e34,미애네 반찬,반찬,김제중앙시장,전통시장,전북특별자치도,,,
b53f3025c100887d221f,full_annotation_v1,A,q_반찬_07,반찬 파는 곳,식료품 중 '반찬'을 판매·제공하는 매장,train,반찬,T4 구어·문장,001053bb-9a4d-431c-8073-f2204c857265,유달식당,한식,노량진수산시장골목형상점가,골목형상점가,서울특별시,,,
029e5d051da083bdf13a,full_annotation_v1,A,q_반찬_07,반찬 파는 곳,식료품 중 '반찬'을 판매·제공하는 매장,train,반찬,T4 구어·문장,13817f50-60a8-4fed-858f-24eba275d6df,옛찬,반찬,봉동생강골시장,전통시장,전북특별자치도,,,
5392a0a0766a22b2d7d9,full_annotation_v1,A,q_반찬_07,반찬 파는 곳,식료품 중 '반찬'을 판매·제공하는 매장,train,반찬,T4 구어·문장,ba700003-d433-4456-b281-b42eb7f309a6,대궐집 반찬,반찬,의정부제일시장,전통시장,경기도,,,
e1e994fd5291cd7eea83,full_annotation_v1,A,q_반찬_07,반찬 파는 곳,식료품 중 '반찬'을 판매·제공하는 매장,train,반찬,T4 구어·문장,621c6dbd-aa2a-4cfb-a349-d8b4632eec31,꼼무드 헤어,미용,지중해마을 골목형상점가,골목형상점가,충청남도,,,
8be43072537a96d38077,full_annotation_v1,A,q_반찬_07,반찬 파는 곳,식료품 중 '반찬'을 판매·제공하는 매장,train,반찬,T4 구어·문장,f1b5d59d-54c8-415d-b89f-9cdeca8827fb,미다래 반찬,반찬,운수대통!생거진천전통시장,전통시장,충청북도,,,
92bfff3ae2454f776a9b,full_annotation_v1,A,q_반찬_07,반찬 파는 곳,식료품 중 '반찬'을 판매·제공하는 매장,train,반찬,T4 구어·문장,cdd5be12-eedc-4699-b0df-4101a4db0518,해냄식품,반찬,쌍문시장(쌍문역골목시장),전통시장,서울특별시,,,
8e8df8d57582c7fd636c,full_annotation_v1,A,q_반찬_07,반찬 파는 곳,식료품 중 '반찬'을 판매·제공하는 매장,train,반찬,T4 구어·문장,2743811c-5e71-4d2b-aa75-1b0147d44f2d,사우 꽃이 피는 곳,꽃,김포 풍년마을 골목형상점가,골목형상점가,경기도,,,
504cfcc084aa45f34010,full_annotation_v1,A,q_반찬_07,반찬 파는 곳,식료품 중 '반찬'을 판매·제공하는 매장,train,반찬,T4 구어·문장,e42301ee-2538-487e-9e6b-9568dd8e56e3,동진반찬,반찬,장림골목시장,전통시장,부산광역시,,,
4e4dfce7c0fdbf053983,full_annotation_v1,A,q_반찬_07,반찬 파는 곳,식료품 중 '반찬'을 판매·제공하는 매장,train,반찬,T4 구어·문장,c4598a58-12d0-4436-9018-f04834fece0c,은교반찬,반찬,용산용문시장,전통시장,서울특별시,,,
b7350b654498358d8918,full_annotation_v1,A,q_반찬_07,반찬 파는 곳,식료품 중 '반찬'을 판매·제공하는 매장,train,반찬,T4 구어·문장,bd3d49b1-c294-49c9-b65a-dae46086e1e4,서주네 반찬,반찬,남목전통시장,전통시장,울산광역시,,,
49fd489c8df8c4f2c3b6,full_annotation_v1,A,q_반찬_07,반찬 파는 곳,식료품 중 '반찬'을 판매·제공하는 매장,train,반찬,T4 구어·문장,2621f9a5-c792-4a3e-9ef7-7dc53cc4d23d,"카페,사근","커피, 카페",사근살곶이골목형상점가,골목형상점가,서울특별시,,,
64400fc4f6e4619aaef4,full_annotation_v1,A,q_반찬_07,반찬 파는 곳,식료품 중 '반찬'을 판매·제공하는 매장,train,반찬,T4 구어·문장,16eda152-9c4c-42ef-8822-959642281854,차반,반찬,청담동골목형상점가,골목형상점가,서울특별시,,,
a7744a501900db320ed8,full_annotation_v1,A,q_반찬_07,반찬 파는 곳,식료품 중 '반찬'을 판매·제공하는 매장,train,반찬,T4 구어·문장,03a6e716-3825-40e3-ba06-e047ee5e5483,부일반찬,김치,초량전통시장,전통시장,부산광역시,,,
0b9a5b0a4efca761159b,full_annotation_v1,A,q_반찬_07,반찬 파는 곳,식료품 중 '반찬'을 판매·제공하는 매장,train,반찬,T4 구어·문장,1cb5a37a-653b-4305-b818-e8e11077a327,엄지네 반찬,반찬,서동시장(창인시장),전통시장,전북특별자치도,,,
a67f2f0dcd9005137cf3,full_annotation_v1,A,q_반찬_07,반찬 파는 곳,식료품 중 '반찬'을 판매·제공하는 매장,train,반찬,T4 구어·문장,d20bb194-2579-4090-a195-15a8f116f2df,코코반찬,반찬,나운종합상가 골목형상점가,골목형상점가,전북특별자치도,,,
77cd6893c71bcf3dca9d,full_annotation_v1,A,q_반찬_07,반찬 파는 곳,식료품 중 '반찬'을 판매·제공하는 매장,train,반찬,T4 구어·문장,ace88032-980a-4cd9-bc7b-b10ecfa61a8e,귀찬,반찬,송도 아트포레 판매시설 골목형상점가,골목형상점가,인천광역시,,,
bb7e6721dab4240824df,full_annotation_v1,A,q_반찬_07,반찬 파는 곳,식료품 중 '반찬'을 판매·제공하는 매장,train,반찬,T4 구어·문장,1510630a-6048-429b-8fae-b646ad87cdff,맛있는 반찬,반찬,괴정골목시장,전통시장,부산광역시,,,
3da6c9e57386dc542e55,full_annotation_v1,A,q_반찬_07,반찬 파는 곳,식료품 중 '반찬'을 판매·제공하는 매장,train,반찬,T4 구어·문장,0ca69185-b3e5-4197-b6ae-5388a2e247a6,쿵이네백반,백반,인천종합어시장,전통시장,인천광역시,,,
e3dc85eeef9741eb5ef8,full_annotation_v1,A,q_반찬_07,반찬 파는 곳,식료품 중 '반찬'을 판매·제공하는 매장,train,반찬,T4 구어·문장,010b729e-dfdc-4b2c-ac41-376db70ef2c0,우여사애찬방,반찬,안동광석거리 골목형상점가,골목형상점가,경상북도,,,
fc811843973e9787853d,full_annotation_v1,A,q_반찬_07,반찬 파는 곳,식료품 중 '반찬'을 판매·제공하는 매장,train,반찬,T4 구어·문장,4465beb9-ce80-4ecd-b21f-bb648c819479,국찬당,반찬,둔촌역전통시장,전통시장,서울특별시,,,
87e700f7706b550836b7,full_annotation_v1,A,q_반찬_07,반찬 파는 곳,식료품 중 '반찬'을 판매·제공하는 매장,train,반찬,T4 구어·문장,0630599b-72bb-4b42-9de2-a26c2aab9aae,넉넉,반찬,대평동 골목형상점가,골목형상점가,세종특별자치시,,,
0c45a662abc3377dbd1e,full_annotation_v1,A,q_반찬_07,반찬 파는 곳,식료품 중 '반찬'을 판매·제공하는 매장,train,반찬,T4 구어·문장,01f160fc-531c-4191-aa22-453462e0f38a,천년,김치,오정동상점가,자율상권구역,대전광역시,,,
fdfcaa93524aac6847bd,full_annotation_v1,A,q_반찬_07,반찬 파는 곳,식료품 중 '반찬'을 판매·제공하는 매장,train,반찬,T4 구어·문장,c6f80763-b240-4dd6-a174-f3bc61c91695,정쉐프탕수육,짜장면 짬뽕 탕수육 등 중식,보람동 수변상가 골목형상점가,골목형상점가,세종특별자치시,,,
bb9aa5e8f84489f31a96,full_annotation_v1,A,q_반찬_07,반찬 파는 곳,식료품 중 '반찬'을 판매·제공하는 매장,train,반찬,T4 구어·문장,009ee53b-22c6-434e-bb94-47758d092857,미애네 달달스토어,반찬,송현시장,전통시장,인천광역시,,,
e5b912ac77f84aafa138,full_annotation_v1,A,q_반찬_07,반찬 파는 곳,식료품 중 '반찬'을 판매·제공하는 매장,train,반찬,T4 구어·문장,b458f375-80fe-4650-9887-82a648732fb7,텐퍼센트커피,커피,나주혁신도시 골목형상점가,골목형상점가,전라남도,,,
fba961fc27aaeacdcc81,full_annotation_v1,A,q_반찬_07,반찬 파는 곳,식료품 중 '반찬'을 판매·제공하는 매장,train,반찬,T4 구어·문장,aa0da5a7-b892-4417-92b6-c4d48368ba7d,행복한 반찬,반찬,토지금고시장,전통시장,인천광역시,,,
e591a685c3c9f409e2dc,full_annotation_v1,A,q_반찬_07,반찬 파는 곳,식료품 중 '반찬'을 판매·제공하는 매장,train,반찬,T4 구어·문장,f0fc6a26-f167-4cde-97e4-5fa6665a38a7,남경야채(반찬),반찬,망원시장,전통시장,서울특별시,,,
513fe30ac3265dd7abfa,full_annotation_v1,A,q_반찬_07,반찬 파는 곳,식료품 중 '반찬'을 판매·제공하는 매장,train,반찬,T4 구어·문장,8c829eff-e92e-467b-b16e-6f6bc93283ab,할머니네 반찬,반찬,문산자유시장,전통시장,경기도,,,
5c82d234706951fc29cf,full_annotation_v1,A,q_반찬_07,반찬 파는 곳,식료품 중 '반찬'을 판매·제공하는 매장,train,반찬,T4 구어·문장,40cf4e56-206a-46b6-9fcd-fc3c992c1f5f,팔부 반찬,반찬,경산중앙상점가,자율상권구역,경상북도,,,
6ea298343b0ea870d9fc,full_annotation_v1,A,q_반찬_07,반찬 파는 곳,식료품 중 '반찬'을 판매·제공하는 매장,train,반찬,T4 구어·문장,1a0003b8-f0c1-4b9f-b563-3174aad152ae,반찬 홍어회무침,반찬,화성남양시장,전통시장,경기도,,,
51a73f3b2e9947edfcbb,full_annotation_v1,A,q_반찬_07,반찬 파는 곳,식료품 중 '반찬'을 판매·제공하는 매장,train,반찬,T4 구어·문장,cff4c2f5-4277-498a-894e-7312accbb501,라임 반찬 광주선운점,반찬,선운별 골목형상점가,골목형상점가,광주광역시,,,
1017a0df48b77d82c4d9,full_annotation_v1,A,q_반찬_07,반찬 파는 곳,식료품 중 '반찬'을 판매·제공하는 매장,train,반찬,T4 구어·문장,1f28d7a5-8a2f-4bf4-a188-4f7f819a3121,언니네 반찬,반찬,사직시장,전통시장,부산광역시,,,
4b7ba7389aa535e1f971,full_annotation_v1,A,q_반찬_07,반찬 파는 곳,식료품 중 '반찬'을 판매·제공하는 매장,train,반찬,T4 구어·문장,31896345-eca2-4f2f-a848-d3e86069c408,순심이네 반찬,반찬,오룡시장 골목형상점가,골목형상점가,전라남도,,,
e1900bdc6a941fe1db1f,full_annotation_v1,A,q_반찬_07,반찬 파는 곳,식료품 중 '반찬'을 판매·제공하는 매장,train,반찬,T4 구어·문장,a93ba21a-d0a1-4cf8-8877-902657ab72d8,오밥찬,반찬,푸른솔빛골목형상점가,골목형상점가,인천광역시,,,
b6bf43d4dec6f9c57254,full_annotation_v1,A,q_반찬_08,반찬추천,식료품 중 '반찬'을 판매·제공하는 매장,train,반찬,T6 기계변형,55effe0e-526e-44c4-b5cd-fd6399182756,까투리올레점,한식,동홍8번가 골목형상점가,골목형상점가,제주특별자치도,,,
a87c2b4718af22d231fe,full_annotation_v1,A,q_반찬_08,반찬추천,식료품 중 '반찬'을 판매·제공하는 매장,train,반찬,T6 기계변형,8e807cef-787e-444d-809f-93bead219baa,직담,반찬,남성역 골목시장,전통시장,서울특별시,,,
cafbf5cdb9f2ed79cd00,full_annotation_v1,A,q_반찬_08,반찬추천,식료품 중 '반찬'을 판매·제공하는 매장,train,반찬,T6 기계변형,ba700003-d433-4456-b281-b42eb7f309a6,대궐집 반찬,반찬,의정부제일시장,전통시장,경기도,,,
3090fd04cca8348afe96,full_annotation_v1,A,q_반찬_08,반찬추천,식료품 중 '반찬'을 판매·제공하는 매장,train,반찬,T6 기계변형,fa191eb7-d49e-4864-9ff7-1a1321f44a2b,맘찬,반찬,화천재래시장,전통시장,강원특별자치도,,,
0673f80db287bad176d6,full_annotation_v1,A,q_반찬_08,반찬추천,식료품 중 '반찬'을 판매·제공하는 매장,train,반찬,T6 기계변형,4658bfbd-42d4-44fb-a444-501a71965109,진원 반찬,반찬,항동 골목형상점가,골목형상점가,서울특별시,,,
6c653c74f77c8f6023d3,full_annotation_v1,A,q_반찬_08,반찬추천,식료품 중 '반찬'을 판매·제공하는 매장,train,반찬,T6 기계변형,046f1a64-839c-4742-b374-3899eead5a59,맛들,반찬,산격종합시장,전통시장,대구광역시,,,
e0a98244aa96a7399fa9,full_annotation_v1,A,q_반찬_08,반찬추천,식료품 중 '반찬'을 판매·제공하는 매장,train,반찬,T6 기계변형,ace88032-980a-4cd9-bc7b-b10ecfa61a8e,귀찬,반찬,송도 아트포레 판매시설 골목형상점가,골목형상점가,인천광역시,,,
968bde12f2e65724f540,full_annotation_v1,A,q_반찬_08,반찬추천,식료품 중 '반찬'을 판매·제공하는 매장,train,반찬,T6 기계변형,03539124-52c6-45c4-83dd-b26860094731,초당두채,콩나물,보성매일시장,전통시장,전라남도,,,
6b46cff4d6f071a512d0,full_annotation_v1,A,q_반찬_08,반찬추천,식료품 중 '반찬'을 판매·제공하는 매장,train,반찬,T6 기계변형,00066748-bce9-4daa-b881-7902dad46f14,하단맛집,한식,하단자율상권구역,,부산광역시,,,
8b857ae9ef7f45fcc28f,full_annotation_v1,A,q_반찬_08,반찬추천,식료품 중 '반찬'을 판매·제공하는 매장,train,반찬,T6 기계변형,03a6e716-3825-40e3-ba06-e047ee5e5483,부일반찬,김치,초량전통시장,전통시장,부산광역시,,,
cb37c0533698a87a2262,full_annotation_v1,A,q_반찬_08,반찬추천,식료품 중 '반찬'을 판매·제공하는 매장,train,반찬,T6 기계변형,00c1e208-d4b3-47f5-8f6f-a0b8f4d47a3b,동아리족발,반찬및 족발,서동시장(창인시장),전통시장,전북특별자치도,,,
ce21acaacf8a50d5620b,full_annotation_v1,A,q_반찬_08,반찬추천,식료품 중 '반찬'을 판매·제공하는 매장,train,반찬,T6 기계변형,8a900d72-fed5-4fb8-a227-f0d4645586fc,전국(팔도젓갈),젓갈,인천종합어시장,전통시장,인천광역시,,,
8abbe9578ec25ee3aeae,full_annotation_v1,A,q_반찬_08,반찬추천,식료품 중 '반찬'을 판매·제공하는 매장,train,반찬,T6 기계변형,82ef319e-02ae-4137-a80e-8cba6146594d,자연커튼침구,커튼 및 침구용품 도매업,서문시장 제5지구,전통시장,대구광역시,,,
ab716a6f8423fd828473,full_annotation_v1,A,q_반찬_08,반찬추천,식료품 중 '반찬'을 판매·제공하는 매장,train,반찬,T6 기계변형,40cf4e56-206a-46b6-9fcd-fc3c992c1f5f,팔부 반찬,반찬,경산중앙상점가,자율상권구역,경상북도,,,
56b0784edd4b7b832107,full_annotation_v1,A,q_반찬_08,반찬추천,식료품 중 '반찬'을 판매·제공하는 매장,train,반찬,T6 기계변형,01f160fc-531c-4191-aa22-453462e0f38a,천년,김치,오정동상점가,자율상권구역,대전광역시,,,
e4348a4ac70ca2f69cc4,full_annotation_v1,A,q_반찬_08,반찬추천,식료품 중 '반찬'을 판매·제공하는 매장,train,반찬,T6 기계변형,0d92cbf1-e515-46bc-b362-e27164d9fbda,정화마차,백반,쫑포상가 골목형상점가,골목형상점가,전라남도,,,
b4fd38f452964c3c1353,full_annotation_v1,A,q_반찬_08,반찬추천,식료품 중 '반찬'을 판매·제공하는 매장,train,반찬,T6 기계변형,00118834-a0f4-4127-ba7d-f7908ced2e1d,골목집,한식,대흥낭만거리 골목형상점가,골목형상점가,대전광역시,,,
9279eb10ab0bfa4c827e,full_annotation_v1,A,q_반찬_08,반찬추천,식료품 중 '반찬'을 판매·제공하는 매장,train,반찬,T6 기계변형,6199c35c-4a1a-44a1-8531-dff823adddd7,늘잔,반찬,첨단지구 골목형상점가,골목형상점가,광주광역시,,,
dc367545ee63b7e3cf04,full_annotation_v1,A,q_반찬_08,반찬추천,식료품 중 '반찬'을 판매·제공하는 매장,train,반찬,T6 기계변형,80c4738a-934b-4b41-9de9-a82a5967a614,천외천,한식,상봉먹자골목형상점가,골목형상점가,서울특별시,,,
3eb0d4539b2034c9c85b,full_annotation_v1,A,q_반찬_08,반찬추천,식료품 중 '반찬'을 판매·제공하는 매장,train,반찬,T6 기계변형,074d3f46-dc6f-4cac-ba54-e24b3fc79798,서민인생역전,콩나물불고기외 음식점,신장대리 자율상권구역,,강원특별자치도,,,
86abaaed126d296937dd,full_annotation_v1,A,q_반찬_08,반찬추천,식료품 중 '반찬'을 판매·제공하는 매장,train,반찬,T6 기계변형,b06466ca-1f4d-48b7-b802-cb83bb714652,경복수산,수산물,인천종합어시장,전통시장,인천광역시,,,
e26dce66ab38f874e685,full_annotation_v1,A,q_반찬_08,반찬추천,식료품 중 '반찬'을 판매·제공하는 매장,train,반찬,T6 기계변형,3708bb80-0a4e-47f9-bcd2-1f0a3c9469ca,반찬보감,반찬,권율 골목형상점가,골목형상점가,경기도,,,
3fbde82539db85e47c9c,full_annotation_v1,A,q_반찬_08,반찬추천,식료품 중 '반찬'을 판매·제공하는 매장,train,반찬,T6 기계변형,03bba86e-80c4-42b0-8688-a0c912abdb07,돼지고기김치찌개,김치찌개,도담동 골목형상점가,골목형상점가,세종특별자치시,,,
009349b17ea918af026b,full_annotation_v1,A,q_반찬_08,반찬추천,식료품 중 '반찬'을 판매·제공하는 매장,train,반찬,T6 기계변형,271114c7-0437-4af8-b2c8-e99f15699877,성완집,반찬,수유시장,전통시장,서울특별시,,,
66396895806c3cfb2699,full_annotation_v1,A,q_반찬_08,반찬추천,식료품 중 '반찬'을 판매·제공하는 매장,train,반찬,T6 기계변형,87233468-bde8-4b0c-a98d-e5b73b25bf0c,네일미용직업교육기관미르주네일,,화성향남2지구상점가,자율상권구역,경기도,,,
76b94556ab3e64fa4aa8,full_annotation_v1,A,q_반찬_08,반찬추천,식료품 중 '반찬'을 판매·제공하는 매장,train,반찬,T6 기계변형,2a3310c7-dd95-4daa-b489-2918ec32f71d,반찬다움,반찬,신창호반,골목형상점가,광주광역시,,,
1b1d675e3fbbdb02f330,full_annotation_v1,A,q_반찬_08,반찬추천,식료품 중 '반찬'을 판매·제공하는 매장,train,반찬,T6 기계변형,484b1b89-25ce-4e66-ac5f-379846b5abc4,곰반찬,반찬,동쪽바다중앙시장(구 동해중앙시장),전통시장,강원특별자치도,,,
1dbf6009b8a791507ced,full_annotation_v1,A,q_반찬_08,반찬추천,식료품 중 '반찬'을 판매·제공하는 매장,train,반찬,T6 기계변형,16eda152-9c4c-42ef-8822-959642281854,차반,반찬,청담동골목형상점가,골목형상점가,서울특별시,,,
a3f6eb8e2ce845db9af6,full_annotation_v1,A,q_반찬_08,반찬추천,식료품 중 '반찬'을 판매·제공하는 매장,train,반찬,T6 기계변형,710c18da-0e3d-4ff1-ba03-862f27f492b8,반찬가계,반찬,비단길현대시장,전통시장,서울특별시,,,
455f864d17fe0bc1e2ed,full_annotation_v1,A,q_반찬_08,반찬추천,식료품 중 '반찬'을 판매·제공하는 매장,train,반찬,T6 기계변형,0630599b-72bb-4b42-9de2-a26c2aab9aae,넉넉,반찬,대평동 골목형상점가,골목형상점가,세종특별자치시,,,
228f28f29f4d0bcdb12a,full_annotation_v1,A,q_반찬_08,반찬추천,식료품 중 '반찬'을 판매·제공하는 매장,train,반찬,T6 기계변형,7f847992-1881-4f5f-b7be-5a4b0202b23b,반찬통,반찬,안마을 골목형상점가,골목형상점가,서울특별시,,,
2725b7312f9a6dbb245e,full_annotation_v1,A,q_반찬_08,반찬추천,식료품 중 '반찬'을 판매·제공하는 매장,train,반찬,T6 기계변형,057052a8-e922-408d-9631-152fbd0f3bdb,대덕상회,나물,양동시장,전통시장,광주광역시,,,
be58b7bdf6ba20b6ff8e,full_annotation_v1,A,q_반찬_08,반찬추천,식료품 중 '반찬'을 판매·제공하는 매장,train,반찬,T6 기계변형,1bc0b5f7-1137-407d-8ccd-6d4bf30f539f,기희네 반찬,반찬,상암마을상인회 골목형상점가,골목형상점가,광주광역시,,,
6730c0061be48354bff8,full_annotation_v1,A,q_반찬_08,반찬추천,식료품 중 '반찬'을 판매·제공하는 매장,train,반찬,T6 기계변형,d2c4d0f6-88c1-4319-8fff-ca03614a0fae,정찬쿡,반찬,갈매애비뉴 골목형상점가,골목형상점가,경기도,,,
5025042433bd5da675d9,full_annotation_v1,A,q_반찬_08,반찬추천,식료품 중 '반찬'을 판매·제공하는 매장,train,반찬,T6 기계변형,cdd5be12-eedc-4699-b0df-4101a4db0518,해냄식품,반찬,쌍문시장(쌍문역골목시장),전통시장,서울특별시,,,
8d47f42ffec5db7e9d3c,full_annotation_v1,A,q_반찬_08,반찬추천,식료품 중 '반찬'을 판매·제공하는 매장,train,반찬,T6 기계변형,9a5db4c9-5a4d-4e75-9327-dd650ced3edc,장미분식,분식,동문재래시장,전통시장,제주특별자치도,,,
da55dbd7e9285f53d478,full_annotation_v1,A,q_반찬_08,반찬추천,식료품 중 '반찬'을 판매·제공하는 매장,train,반찬,T6 기계변형,0ca69185-b3e5-4197-b6ae-5388a2e247a6,쿵이네백반,백반,인천종합어시장,전통시장,인천광역시,,,
34f1dc5f8b50391f3d86,full_annotation_v1,A,q_반찬_08,반찬추천,식료품 중 '반찬'을 판매·제공하는 매장,train,반찬,T6 기계변형,0182c177-fcc7-47b0-8e12-99eb221aff79,시장초장식당,"칼국수, 열무비빔밥, 국, 반찬",경주중앙시장,전통시장,경상북도,,,
907e1216a0bdf18e3e2f,full_annotation_v1,A,q_반찬_08,반찬추천,식료품 중 '반찬'을 판매·제공하는 매장,train,반찬,T6 기계변형,c83a1240-fc90-44c3-bda6-61093e7478b1,가정집 반찬,반찬,석바위시장,전통시장,인천광역시,,,
4ecb924218bd52bc4a59,full_annotation_v1,A,q_반찬_08,반찬추천,식료품 중 '반찬'을 판매·제공하는 매장,train,반찬,T6 기계변형,aa096933-c9d3-4fc5-b832-e32214e2c844,반찬하우스,반찬,빛가람 중흥 골목형상점가,골목형상점가,전라남도,,,
c1019acbe4704dbf94dd,full_annotation_v1,A,q_반찬_08,반찬추천,식료품 중 '반찬'을 판매·제공하는 매장,train,반찬,T6 기계변형,d09d138e-b931-4618-89a5-2dd9b3c9ebdd,장흥한사랑한우백화점,한식,정남진장흥토요시장,전통시장,전라남도,,,
286c328038256db27da8,full_annotation_v1,A,q_반찬_08,반찬추천,식료품 중 '반찬'을 판매·제공하는 매장,train,반찬,T6 기계변형,122bddee-e0e3-452b-9d67-fe448ab27c07,참찬,반찬,봉천현대시장,전통시장,서울특별시,,,
9d2cb1e842bdd03e5fc1,full_annotation_v1,A,q_반찬_08,반찬추천,식료품 중 '반찬'을 판매·제공하는 매장,train,반찬,T6 기계변형,cb08f609-f64b-4fda-ba0e-39cc5df35cf9,반찬투정,반찬과일,토지금고시장,전통시장,인천광역시,,,
756849e33c62813a33ab,full_annotation_v1,A,q_반찬_08,반찬추천,식료품 중 '반찬'을 판매·제공하는 매장,train,반찬,T6 기계변형,93cdc485-88fe-463d-b5df-f4978d3b5aee,솔샘반찬,반찬,동북시장(프라자),전통시장,서울특별시,,,
affda1d584fe4827f26c,full_annotation_v1,A,q_반찬_08,반찬추천,식료품 중 '반찬'을 판매·제공하는 매장,train,반찬,T6 기계변형,c79e3a7f-63b1-4c95-8231-a187e5738296,바디아트짐 PT전문&헬스 향남본점,,화성향남2지구상점가,자율상권구역,경기도,,,
a44de8a0c0edd9d397db,full_annotation_v1,A,q_반찬_08,반찬추천,식료품 중 '반찬'을 판매·제공하는 매장,train,반찬,T6 기계변형,4aef311f-eee7-4d5f-bc25-d3182f6466c7,반찬대가,반찬 등,경안전통시장,전통시장,경기도,,,
784fa4664cd5b5f29d19,full_annotation_v1,A,q_반찬_08,반찬추천,식료품 중 '반찬'을 판매·제공하는 매장,train,반찬,T6 기계변형,e2d0818f-7599-4139-a4fd-56dda83f57dd,반찬없음밥못먹어요,반찬,부사시장,전통시장,대전광역시,,,
13f81d4981721420bb06,full_annotation_v1,A,q_반찬_08,반찬추천,식료품 중 '반찬'을 판매·제공하는 매장,train,반찬,T6 기계변형,06fb679d-ab9f-415f-86de-0aacf28ac48c,운남콩나물국밥,한식(콩나물국밥),전주남부시장,전통시장,전북특별자치도,,,
b42eb86acb4306953dff,full_annotation_v1,A,q_반찬_08,반찬추천,식료품 중 '반찬'을 판매·제공하는 매장,train,반찬,T6 기계변형,8ab64f37-0577-466e-b1ac-88befec66b36,신울산마트,슈퍼마켓,신울산종합시장,전통시장,울산광역시,,,
25920f51639d164e4bc8,full_annotation_v1,A,q_반찬_08,반찬추천,식료품 중 '반찬'을 판매·제공하는 매장,train,반찬,T6 기계변형,001053bb-9a4d-431c-8073-f2204c857265,유달식당,한식,노량진수산시장골목형상점가,골목형상점가,서울특별시,,,
962864fcc8fab0de5e2e,full_annotation_v1,A,q_반찬_08,반찬추천,식료품 중 '반찬'을 판매·제공하는 매장,train,반찬,T6 기계변형,01b4b567-78d4-4fa1-9bff-25fd01fb1a4c,소문난김치집,김치,중앙먹거리 상인회 골목형상점가,골목형상점가,전라남도,,,
accb99234297ae8426e0,full_annotation_v1,A,q_반찬_08,반찬추천,식료품 중 '반찬'을 판매·제공하는 매장,train,반찬,T6 기계변형,d20d31d6-9025-42d6-b28c-e5a18c3b339a,반찬생각,반찬,가경터미널시장,전통시장,충청북도,,,
b6a02ccab81b4540e3b1,full_annotation_v1,A,q_반찬_08,반찬추천,식료품 중 '반찬'을 판매·제공하는 매장,train,반찬,T6 기계변형,fff6c00b-6fb2-41d7-8908-a96fc6c0af9e,실로모아,생활용품,창원 성원그랜드쇼핑상가,전통시장,경상남도,,,
ef54106f694f6003db71,full_annotation_v1,A,q_반찬_08,반찬추천,식료품 중 '반찬'을 판매·제공하는 매장,train,반찬,T6 기계변형,ad8f9ea4-0cd6-4383-b9d4-594540659467,정헤어,미용,신전시장(염포시장),전통시장,울산광역시,,,
76d2ce6c9c19e95195af,full_annotation_v1,A,q_반찬_08,반찬추천,식료품 중 '반찬'을 판매·제공하는 매장,train,반찬,T6 기계변형,c364337f-5d9b-4ddd-88dc-836a1c848d63,금술이네 반찬,반찬,복개도로 상가번영회 골목형상점가,골목형상점가,광주광역시,,,
6ddd2332433887d144a6,full_annotation_v1,A,q_반찬_08,반찬추천,식료품 중 '반찬'을 판매·제공하는 매장,train,반찬,T6 기계변형,0a138793-f11f-41cc-ba18-73f3c94d3a6b,봉진반찬,반찬,원주중앙시장활성화구역,상권활성화구역,강원특별자치도,,,
fe76f8bf25a0bae8d46d,full_annotation_v1,A,q_반찬_08,반찬추천,식료품 중 '반찬'을 판매·제공하는 매장,train,반찬,T6 기계변형,e4d76eff-02e5-4991-95cc-32e532fc47ea,반찬과건어물,반찬,동해남부재래시장,전통시장,강원특별자치도,,,
dd1638a5ebfb20e22113,full_annotation_v1,A,q_반찬_08,반찬추천,식료품 중 '반찬'을 판매·제공하는 매장,train,반찬,T6 기계변형,0d26b9ec-a86e-4525-ad49-3555d87c5163,선채령,백반,부곡맛고을상가,자율상권구역,경상북도,,,
1a2d6750771eeb6bd043,full_annotation_v1,A,q_반찬_08,반찬추천,식료품 중 '반찬'을 판매·제공하는 매장,train,반찬,T6 기계변형,00181552-6cc5-406b-ac59-bf9816f61398,갓지은밥,한식,남광주시장,전통시장,,,,
7560c6c5938382a2131a,full_annotation_v1,A,q_반찬_08,반찬추천,식료품 중 '반찬'을 판매·제공하는 매장,train,반찬,T6 기계변형,eb540437-eb98-4469-b738-a5e2e7c5befd,반찬톡톡,반찬,괴정골목시장,전통시장,부산광역시,,,
eeff475774d6939d55f4,full_annotation_v1,A,q_반찬_08,반찬추천,식료품 중 '반찬'을 판매·제공하는 매장,train,반찬,T6 기계변형,066a89b7-02c2-4958-802d-9c2d6d2e567b,대원유통,"도소매(산나물,채소)",하대원공설시장,전통시장,경기도,,,
bc6a2e36db7611417a85,full_annotation_v1,A,q_반찬_08,반찬추천,식료품 중 '반찬'을 판매·제공하는 매장,train,반찬,T6 기계변형,4465beb9-ce80-4ecd-b21f-bb648c819479,국찬당,반찬,둔촌역전통시장,전통시장,서울특별시,,,
aaad5ae46931875e5c38,full_annotation_v1,A,q_반찬_08,반찬추천,식료품 중 '반찬'을 판매·제공하는 매장,train,반찬,T6 기계변형,6d5decd6-fa2c-4704-bb99-babdffeca6d4,등넝쿨,한식,고성시장,전통시장,경상남도,,,
34b9eed3696df0a5503c,full_annotation_v1,A,q_반찬_08,반찬추천,식료품 중 '반찬'을 판매·제공하는 매장,train,반찬,T6 기계변형,006895c5-d037-4e3d-9cfb-6972007a350a,반찬사랑,반찬,오치2동 골목형상점가,골목형상점가,광주광역시,,,
556fe9b6f4aeb2a038d3,full_annotation_v1,A,q_반찬_08,반찬추천,식료품 중 '반찬'을 판매·제공하는 매장,train,반찬,T6 기계변형,a93ba21a-d0a1-4cf8-8877-902657ab72d8,오밥찬,반찬,푸른솔빛골목형상점가,골목형상점가,인천광역시,,,
c3e043bcc5100ceefbac,full_annotation_v1,A,q_반찬_08,반찬추천,식료품 중 '반찬'을 판매·제공하는 매장,train,반찬,T6 기계변형,13817f50-60a8-4fed-858f-24eba275d6df,옛찬,반찬,봉동생강골시장,전통시장,전북특별자치도,,,
600b6f39cbec44d4e0b3,full_annotation_v1,A,q_반찬_08,반찬추천,식료품 중 '반찬'을 판매·제공하는 매장,train,반찬,T6 기계변형,075c6bae-06ca-49ed-9420-5bdad68d5c60,뚱스백반,백반,푸른마을공동체센터 골목형상점가,골목형상점가,광주광역시,,,
f30b16b2a061d81aa0a4,full_annotation_v1,A,q_반찬_08,반찬추천,식료품 중 '반찬'을 판매·제공하는 매장,train,반찬,T6 기계변형,009ee53b-22c6-434e-bb94-47758d092857,미애네 달달스토어,반찬,송현시장,전통시장,인천광역시,,,
5a8b0c5d708da284e668,full_annotation_v1,A,q_반찬_08,반찬추천,식료품 중 '반찬'을 판매·제공하는 매장,train,반찬,T6 기계변형,63a56588-5bfa-4172-bc75-54f5bcccebce,반찬온,,옥계 600,골목형상점가,경상북도,,,
08c25286e8a01591fc38,full_annotation_v1,A,q_반찬_08,반찬추천,식료품 중 '반찬'을 판매·제공하는 매장,train,반찬,T6 기계변형,e4bb3fba-10a1-4cd4-a8ec-6ce9a0d06fa4,강원 반찬,반찬,장터길 골목형상점가,골목형상점가,경기도,,,
715646b638366063352b,full_annotation_v1,A,q_반찬_08,반찬추천,식료품 중 '반찬'을 판매·제공하는 매장,train,반찬,T6 기계변형,a443d40b-336b-4990-aa2f-318978ac9a87,그림네일,네일,이충 중심상가,골목형상점가,경기도,,,
a85a96ecc88175fb1b02,full_annotation_v1,A,q_반찬_08,반찬추천,식료품 중 '반찬'을 판매·제공하는 매장,train,반찬,T6 기계변형,02dea6f1-bc12-4af7-a0d4-7c0c6599f247,고맙다바다야,백반,씨푸드타운 일반상가상인회 골목형상점가,골목형상점가,전라남도,,,
fba9b6aa091b4fbef2fa,full_annotation_v1,A,q_반찬_08,반찬추천,식료품 중 '반찬'을 판매·제공하는 매장,train,반찬,T6 기계변형,38be9d5c-882c-404c-b2ce-cda16d015a86,반찬카페,,관저상가 골목형상점가,골목형상점가,대전광역시,,,
9f19cc2e60cd036c7602,full_annotation_v1,A,q_반찬_08,반찬추천,식료품 중 '반찬'을 판매·제공하는 매장,train,반찬,T6 기계변형,0c23dee8-5743-4414-ab81-3eb123034b48,반찬하다,반찬,뉴월드프라자골목형상점가,골목형상점가,경기도,,,
049854f46eb96a15ac16,full_annotation_v1,A,q_반찬_08,반찬추천,식료품 중 '반찬'을 판매·제공하는 매장,train,반찬,T6 기계변형,303425d2-9069-41e9-b11f-af3b4fdf3c4b,이슈헤어,미용실,이충 중심상가,골목형상점가,경기도,,,
b711b03a855e7683b385,full_annotation_v1,A,q_반찬_08,반찬추천,식료품 중 '반찬'을 판매·제공하는 매장,train,반찬,T6 기계변형,003003dc-6951-4f07-8cf2-f31334c0b27d,미향반찬,반찬,신안코아,전통시장,경기도,,,
aa8fe64b2afe7cc983bc,full_annotation_v1,A,q_반찬_08,반찬추천,식료품 중 '반찬'을 판매·제공하는 매장,train,반찬,T6 기계변형,403661f7-1aa4-46e8-983a-dd513900956a,청우컴퓨터,,전자상가,전통시장,대구광역시,,,
85428be96dda49a59765,full_annotation_v1,A,q_반찬_08,반찬추천,식료품 중 '반찬'을 판매·제공하는 매장,train,반찬,T6 기계변형,bbfd4469-1932-4de3-9f40-199e36478fa0,반찬일번지,반찬,경안전통시장,전통시장,경기도,,,
c09eaccb78817f6d9fbb,full_annotation_v1,A,q_반찬_08,반찬추천,식료품 중 '반찬'을 판매·제공하는 매장,train,반찬,T6 기계변형,008fd310-2ceb-4758-88b1-e124bc2b36d5,반찬마을,즉석반찬,반송큰시장,전통시장,부산광역시,,,
3613852abe10199960b6,full_annotation_v1,A,q_반찬_08,반찬추천,식료품 중 '반찬'을 판매·제공하는 매장,train,반찬,T6 기계변형,000a95c4-e0a6-4011-86fb-04307bcfae38,황갈비,한식,김천황금시장,전통시장,경상북도,,,
360f9470020bcb6e2bbf,full_annotation_v1,A,q_반찬_08,반찬추천,식료품 중 '반찬'을 판매·제공하는 매장,train,반찬,T6 기계변형,030bc960-9493-4dd5-93ea-5b56023601af,왕돼지 김치찌개,김치찌개,쌍정 골목형상점가,골목형상점가,전라남도,,,
449087647921667bb461,full_annotation_v1,A,q_반찬_08,반찬추천,식료품 중 '반찬'을 판매·제공하는 매장,train,반찬,T6 기계변형,010b729e-dfdc-4b2c-ac41-376db70ef2c0,우여사애찬방,반찬,안동광석거리 골목형상점가,골목형상점가,경상북도,,,
fe37ba30548a9344c763,full_annotation_v1,A,q_반찬_08,반찬추천,식료품 중 '반찬'을 판매·제공하는 매장,train,반찬,T6 기계변형,eef80031-ffa2-4316-9f9c-8503a462e8be,(주)푸디슨 자갈치지점,수산물 등,자갈치시장,전통시장,부산광역시,,,
a609532b2edc22cf3b4b,full_annotation_v1,A,q_반찬_09,반참,식료품 중 '반찬'을 판매·제공하는 매장,train,반찬,T6 기계변형,15d98809-652a-4988-8c74-351976599862,참 바지락칼국수,칼국수,열매 골목형상점가,골목형상점가,대전광역시,,,
a5578fe0de940b09baf5,full_annotation_v1,A,q_반찬_09,반참,식료품 중 '반찬'을 판매·제공하는 매장,train,반찬,T6 기계변형,6cb0dc24-0063-41a7-b4d0-b7d877e3b053,온누리 참 약국,의약품,상무중앙상인회 골목형상점가,골목형상점가,광주광역시,,,
d42d5429e456b0f139f8,full_annotation_v1,A,q_반찬_09,반참,식료품 중 '반찬'을 판매·제공하는 매장,train,반찬,T6 기계변형,009ee53b-22c6-434e-bb94-47758d092857,미애네 달달스토어,반찬,송현시장,전통시장,인천광역시,,,
0eeee45fb5629f93c590,full_annotation_v1,A,q_반찬_09,반참,식료품 중 '반찬'을 판매·제공하는 매장,train,반찬,T6 기계변형,054da1be-eaff-493f-95d2-11e1f9edef6e,광주야참,,승달 골목형상점가,골목형상점가,,,,
54e997ff8b9e491f68ee,full_annotation_v1,A,q_반찬_09,반참,식료품 중 '반찬'을 판매·제공하는 매장,train,반찬,T6 기계변형,dcadc7f7-eca4-4014-af7e-8c5137f62919,서민건강원,건강원,김천황금시장,전통시장,경상북도,,,
82cd28571c27ce2d6072,full_annotation_v1,A,q_반찬_09,반참,식료품 중 '반찬'을 판매·제공하는 매장,train,반찬,T6 기계변형,97f17159-a156-4cbf-8263-2cb04f2a26fe,명동칼국수,한식,능곡시장(구 능곡전통시장),전통시장,경기도,,,
83f70d11dead66253bf4,full_annotation_v1,A,q_반찬_09,반참,식료품 중 '반찬'을 판매·제공하는 매장,train,반찬,T6 기계변형,00066748-bce9-4daa-b881-7902dad46f14,하단맛집,한식,하단자율상권구역,,부산광역시,,,
4dfabb0e90f8f4e0d3f5,full_annotation_v1,A,q_반찬_09,반참,식료품 중 '반찬'을 판매·제공하는 매장,train,반찬,T6 기계변형,0ca69185-b3e5-4197-b6ae-5388a2e247a6,쿵이네백반,백반,인천종합어시장,전통시장,인천광역시,,,
6500210f875f3554e59b,full_annotation_v1,A,q_반찬_09,반참,식료품 중 '반찬'을 판매·제공하는 매장,train,반찬,T6 기계변형,3708bb80-0a4e-47f9-bcd2-1f0a3c9469ca,반찬보감,반찬,권율 골목형상점가,골목형상점가,경기도,,,
807cb7815ab7965a6046,full_annotation_v1,A,q_반찬_09,반참,식료품 중 '반찬'을 판매·제공하는 매장,train,반찬,T6 기계변형,2a3310c7-dd95-4daa-b489-2918ec32f71d,반찬다움,반찬,신창호반,골목형상점가,광주광역시,,,
c270bde6f449606b6ddb,full_annotation_v1,A,q_반찬_09,반참,식료품 중 '반찬'을 판매·제공하는 매장,train,반찬,T6 기계변형,cb08f609-f64b-4fda-ba0e-39cc5df35cf9,반찬투정,반찬과일,토지금고시장,전통시장,인천광역시,,,
474d9c63dc259ddb5f49,full_annotation_v1,A,q_반찬_09,반참,식료품 중 '반찬'을 판매·제공하는 매장,train,반찬,T6 기계변형,81312030-b025-403e-9c37-2a441a8e6328,지코바 탕정점,치킨,탕정미래 골목형상점가,골목형상점가,충청남도,,,
2f8eb561b56fd338bdbf,full_annotation_v1,A,q_반찬_09,반참,식료품 중 '반찬'을 판매·제공하는 매장,train,반찬,T6 기계변형,20f2c392-9006-4b04-929e-1fbe3e40fb70,참 꼼장어 앤 찰찰호떡,한식,쌍문역둘리상점가,자율상권구역,서울특별시,,,
63ca08f25c9b8aab047e,full_annotation_v1,A,q_반찬_09,반참,식료품 중 '반찬'을 판매·제공하는 매장,train,반찬,T6 기계변형,03bba86e-80c4-42b0-8688-a0c912abdb07,돼지고기김치찌개,김치찌개,도담동 골목형상점가,골목형상점가,세종특별자치시,,,
3551dce1fce24e3b71ea,full_annotation_v1,A,q_반찬_09,반참,식료품 중 '반찬'을 판매·제공하는 매장,train,반찬,T6 기계변형,00181552-6cc5-406b-ac59-bf9816f61398,갓지은밥,한식,남광주시장,전통시장,,,,
f3d908c0efde927d15ff,full_annotation_v1,A,q_반찬_09,반참,식료품 중 '반찬'을 판매·제공하는 매장,train,반찬,T6 기계변형,d0d80f82-1a70-409f-b2b9-ee55bccd8070,김희경헤어터치,헤어미용,염주먹자골목A구역상인회 골목형상점가,골목형상점가,광주광역시,,,
b4640146590c554748a5,full_annotation_v1,A,q_반찬_09,반참,식료품 중 '반찬'을 판매·제공하는 매장,train,반찬,T6 기계변형,0630599b-72bb-4b42-9de2-a26c2aab9aae,넉넉,반찬,대평동 골목형상점가,골목형상점가,세종특별자치시,,,
b8c81e54a1f5b9356bcf,full_annotation_v1,A,q_반찬_09,반참,식료품 중 '반찬'을 판매·제공하는 매장,train,반찬,T6 기계변형,50b3ea16-dca4-43ef-8ef6-79243fd00895,구로 참 수산,수산물,남구로시장,전통시장,서울특별시,,,
79de362987de9444e306,full_annotation_v1,A,q_반찬_09,반참,식료품 중 '반찬'을 판매·제공하는 매장,train,반찬,T6 기계변형,00c1e208-d4b3-47f5-8f6f-a0b8f4d47a3b,동아리족발,반찬및 족발,서동시장(창인시장),전통시장,전북특별자치도,,,
0d60a8c6449d9cba754e,full_annotation_v1,A,q_반찬_09,반참,식료품 중 '반찬'을 판매·제공하는 매장,train,반찬,T6 기계변형,7c9c6192-502b-4aa7-9acd-5290fe9ecce2,태봉컴퓨터전산학원,서비스,운암 서암대로1 골목형상점가,골목형상점가,광주광역시,,,
cf8d16b9d9e01886db2b,full_annotation_v1,A,q_반찬_09,반참,식료품 중 '반찬'을 판매·제공하는 매장,train,반찬,T6 기계변형,057052a8-e922-408d-9631-152fbd0f3bdb,대덕상회,나물,양동시장,전통시장,광주광역시,,,
9f0020a34856f5517f01,full_annotation_v1,A,q_반찬_09,반참,식료품 중 '반찬'을 판매·제공하는 매장,train,반찬,T6 기계변형,d86a022d-fe17-41e0-a952-94ab78ef3e01,아따어찌인자오셨소,생고기,염주먹자골목A구역상인회 골목형상점가,골목형상점가,광주광역시,,,
2dbff922d9fa2df05d23,full_annotation_v1,A,q_반찬_09,반참,식료품 중 '반찬'을 판매·제공하는 매장,train,반찬,T6 기계변형,def5c3f4-c16f-4c45-b12e-19c99a8cb549,참 착한 정육점,,부천 옥길 골목형상점가,골목형상점가,경기도,,,
15faf1488f5d3e93b4e0,full_annotation_v1,A,q_반찬_09,반참,식료품 중 '반찬'을 판매·제공하는 매장,train,반찬,T6 기계변형,b22b2ed5-65b8-434c-8638-857392dea45d,반계순,한식,동래시장,전통시장,부산광역시,,,
180848b42768a03b6aa0,full_annotation_v1,A,q_반찬_09,반참,식료품 중 '반찬'을 판매·제공하는 매장,train,반찬,T6 기계변형,066a89b7-02c2-4958-802d-9c2d6d2e567b,대원유통,"도소매(산나물,채소)",하대원공설시장,전통시장,경기도,,,
31477b987e9790ad4ae9,full_annotation_v1,A,q_반찬_09,반참,식료품 중 '반찬'을 판매·제공하는 매장,train,반찬,T6 기계변형,f193e663-e0b8-45f0-ab19-01effff14e21,새참,한식,창원 사파동성종합상가,전통시장,경상남도,,,
5d7f00330efa6786fe69,full_annotation_v1,A,q_반찬_09,반참,식료품 중 '반찬'을 판매·제공하는 매장,train,반찬,T6 기계변형,98b41b91-b7dd-4a65-9eed-e10bce2924b3,미뇽헤어,미용업,각화2지구 골목형상점가,골목형상점가,광주광역시,,,
f81df3089275205b029e,full_annotation_v1,A,q_반찬_09,반참,식료품 중 '반찬'을 판매·제공하는 매장,train,반찬,T6 기계변형,edc969a7-dea9-4da0-980c-b7197b3295b2,반석식품,반찬,부평종합시장,전통시장,인천광역시,,,
d51dbba404d38f71b8ec,full_annotation_v1,A,q_반찬_09,반참,식료품 중 '반찬'을 판매·제공하는 매장,train,반찬,T6 기계변형,b41a17c0-77ef-4828-9db7-0a59e8f3b017,옥진상회,선어도매,인천종합어시장,전통시장,인천광역시,,,
4ec616cb033fd3e8499a,full_annotation_v1,A,q_반찬_09,반참,식료품 중 '반찬'을 판매·제공하는 매장,train,반찬,T6 기계변형,03a6e716-3825-40e3-ba06-e047ee5e5483,부일반찬,김치,초량전통시장,전통시장,부산광역시,,,
a4da8df50bd82484bbed,full_annotation_v1,A,q_반찬_09,반참,식료품 중 '반찬'을 판매·제공하는 매장,train,반찬,T6 기계변형,ba700003-d433-4456-b281-b42eb7f309a6,대궐집 반찬,반찬,의정부제일시장,전통시장,경기도,,,
b3f7b212560c4e2c97ac,full_annotation_v1,A,q_반찬_09,반참,식료품 중 '반찬'을 판매·제공하는 매장,train,반찬,T6 기계변형,030bc960-9493-4dd5-93ea-5b56023601af,왕돼지 김치찌개,김치찌개,쌍정 골목형상점가,골목형상점가,전라남도,,,
9f855531c848139c8b19,full_annotation_v1,A,q_반찬_09,반참,식료품 중 '반찬'을 판매·제공하는 매장,train,반찬,T6 기계변형,2986f1ea-be20-486a-917d-0ac71cd50925,머니모니,잡화,부평대아지하상점가,일반지하상점가,인천광역시,,,
10b91a4ea5a023673d53,full_annotation_v1,A,q_반찬_09,반참,식료품 중 '반찬'을 판매·제공하는 매장,train,반찬,T6 기계변형,40cf4e56-206a-46b6-9fcd-fc3c992c1f5f,팔부 반찬,반찬,경산중앙상점가,자율상권구역,경상북도,,,
082185deff9102150282,full_annotation_v1,A,q_반찬_09,반참,식료품 중 '반찬'을 판매·제공하는 매장,train,반찬,T6 기계변형,3ce3314b-4f14-4b3b-a787-47652ae62ad3,반상,반찬,공덕시장,전통시장,서울특별시,,,
8766bb9b7107c6b85e8b,full_annotation_v1,A,q_반찬_09,반참,식료품 중 '반찬'을 판매·제공하는 매장,train,반찬,T6 기계변형,0d92cbf1-e515-46bc-b362-e27164d9fbda,정화마차,백반,쫑포상가 골목형상점가,골목형상점가,전라남도,,,
9533aefa171c9471007c,full_annotation_v1,A,q_반찬_09,반참,식료품 중 '반찬'을 판매·제공하는 매장,train,반찬,T6 기계변형,0d26b9ec-a86e-4525-ad49-3555d87c5163,선채령,백반,부곡맛고을상가,자율상권구역,경상북도,,,
fccbc54d685dc0b0246a,full_annotation_v1,A,q_반찬_09,반참,식료품 중 '반찬'을 판매·제공하는 매장,train,반찬,T6 기계변형,010b729e-dfdc-4b2c-ac41-376db70ef2c0,우여사애찬방,반찬,안동광석거리 골목형상점가,골목형상점가,경상북도,,,
93d7e8ea7d59d6d61d4f,full_annotation_v1,A,q_반찬_09,반참,식료품 중 '반찬'을 판매·제공하는 매장,train,반찬,T6 기계변형,eb540437-eb98-4469-b738-a5e2e7c5befd,반찬톡톡,반찬,괴정골목시장,전통시장,부산광역시,,,
8cb92e81522a4708cd9d,full_annotation_v1,A,q_반찬_09,반참,식료품 중 '반찬'을 판매·제공하는 매장,train,반찬,T6 기계변형,bb998e96-ed7d-450b-86bb-05a074ca235c,김치찜 참 잘하는집,한식,안동서부시장,전통시장,경상북도,,,
a7447b4a3c6bd83483a9,full_annotation_v1,A,q_반찬_09,반참,식료품 중 '반찬'을 판매·제공하는 매장,train,반찬,T6 기계변형,d20d31d6-9025-42d6-b28c-e5a18c3b339a,반찬생각,반찬,가경터미널시장,전통시장,충청북도,,,
bd640b16d6b3bb4b7903,full_annotation_v1,A,q_반찬_09,반참,식료품 중 '반찬'을 판매·제공하는 매장,train,반찬,T6 기계변형,98b05e9e-5177-4312-bcc5-c539dcd2e9d0,몬스터꼬맹이김밥탕정점,김밥,탕정미래 골목형상점가,골목형상점가,충청남도,,,
70747c0440bbe842686b,full_annotation_v1,A,q_반찬_09,반참,식료품 중 '반찬'을 판매·제공하는 매장,train,반찬,T6 기계변형,67c4874d-caf1-4c59-bc7f-80718e9a40a4,후라이드 참 잘하는집 반포점,치킨,반드레길골목형상점가,골목형상점가,서울특별시,,,
4d2fc416964898d22076,full_annotation_v1,A,q_반찬_09,반참,식료품 중 '반찬'을 판매·제공하는 매장,train,반찬,T6 기계변형,38be9d5c-882c-404c-b2ce-cda16d015a86,반찬카페,,관저상가 골목형상점가,골목형상점가,대전광역시,,,
eed5c6a3ddc9d824d94c,full_annotation_v1,A,q_반찬_09,반참,식료품 중 '반찬'을 판매·제공하는 매장,train,반찬,T6 기계변형,0182c177-fcc7-47b0-8e12-99eb221aff79,시장초장식당,"칼국수, 열무비빔밥, 국, 반찬",경주중앙시장,전통시장,경상북도,,,
766961d69ebdb8d15b2a,full_annotation_v1,A,q_반찬_09,반참,식료품 중 '반찬'을 판매·제공하는 매장,train,반찬,T6 기계변형,dc24f597-853f-46fc-8a09-454444d2a3eb,주대윤물산무역,쌀 잡곡 야채,부평깡시장,전통시장,인천광역시,,,
6adc1133b7d09586bf12,full_annotation_v1,A,q_반찬_09,반참,식료품 중 '반찬'을 판매·제공하는 매장,train,반찬,T6 기계변형,03cd233f-0fd7-4f5d-897a-162b54ef0d06,대창약초인삼사,"약초, 인삼, 홍삼",금산국제인삼시장,전통시장,충청남도,,,
1aebf5f593cdda6ea00b,full_annotation_v1,A,q_반찬_09,반참,식료품 중 '반찬'을 판매·제공하는 매장,train,반찬,T6 기계변형,acf192cc-f445-41f1-a2db-1fb1cb019367,아구찜 참 잘하는집,중식,쌍학로상인회 골목형상점가,골목형상점가,광주광역시,,,
099b066734f4d68a5f9f,full_annotation_v1,A,q_반찬_09,반참,식료품 중 '반찬'을 판매·제공하는 매장,train,반찬,T6 기계변형,03539124-52c6-45c4-83dd-b26860094731,초당두채,콩나물,보성매일시장,전통시장,전라남도,,,
87af13565c553a1e835f,full_annotation_v1,A,q_반찬_09,반참,식료품 중 '반찬'을 판매·제공하는 매장,train,반찬,T6 기계변형,fec4e495-2286-42a5-9721-90f31f569b74,본대구막참,막창,나성동 국세청 골목형상점가,골목형상점가,세종특별자치시,,,
0f59d59fd5ddbdba1853,full_annotation_v1,A,q_반찬_09,반참,식료품 중 '반찬'을 판매·제공하는 매장,train,반찬,T6 기계변형,e86e04eb-79df-41b5-b9f1-dbf6b737e579,참 좋은 세탁소,세탁,다사역 골목형상점가,골목형상점가,대구광역시,,,
20881f2e2282db2280ad,full_annotation_v1,A,q_반찬_09,반참,식료품 중 '반찬'을 판매·제공하는 매장,train,반찬,T6 기계변형,feb5b280-e79e-4948-9866-6ac6fd0330c7,족돈&족참,도소매(축산물),창동신창시장,전통시장,서울특별시,,,
b05b5e24705172fc2032,full_annotation_v1,A,q_반찬_09,반참,식료품 중 '반찬'을 판매·제공하는 매장,train,반찬,T6 기계변형,01b4b567-78d4-4fa1-9bff-25fd01fb1a4c,소문난김치집,김치,중앙먹거리 상인회 골목형상점가,골목형상점가,전라남도,,,
64c785ae967b7212501b,full_annotation_v1,A,q_반찬_09,반참,식료품 중 '반찬'을 판매·제공하는 매장,train,반찬,T6 기계변형,00118834-a0f4-4127-ba7d-f7908ced2e1d,골목집,한식,대흥낭만거리 골목형상점가,골목형상점가,대전광역시,,,
658cc1be50fbfbad3b00,full_annotation_v1,A,q_반찬_09,반참,식료품 중 '반찬'을 판매·제공하는 매장,train,반찬,T6 기계변형,271114c7-0437-4af8-b2c8-e99f15699877,성완집,반찬,수유시장,전통시장,서울특별시,,,
d2273980e9d9ba472708,full_annotation_v1,A,q_반찬_09,반참,식료품 중 '반찬'을 판매·제공하는 매장,train,반찬,T6 기계변형,7f847992-1881-4f5f-b7be-5a4b0202b23b,반찬통,반찬,안마을 골목형상점가,골목형상점가,서울특별시,,,
04685c1bede32d9d3638,full_annotation_v1,A,q_반찬_09,반참,식료품 중 '반찬'을 판매·제공하는 매장,train,반찬,T6 기계변형,02dea6f1-bc12-4af7-a0d4-7c0c6599f247,고맙다바다야,백반,씨푸드타운 일반상가상인회 골목형상점가,골목형상점가,전라남도,,,
0e3031593360508c5ae5,full_annotation_v1,A,q_반찬_09,반참,식료품 중 '반찬'을 판매·제공하는 매장,train,반찬,T6 기계변형,4355f152-c723-485a-a9f1-883c4cb82156,칸토라멘,일식,상주왕산상점가,자율상권구역,경상북도,,,
efd3917f891830eed098,full_annotation_v1,A,q_반찬_09,반참,식료품 중 '반찬'을 판매·제공하는 매장,train,반찬,T6 기계변형,c08547bf-079c-41b7-85e4-15f5f1538f33,일일참,떡,과천새서울프라자시장,전통시장,경기도,,,
cce0f13a2e3426f12ed8,full_annotation_v1,A,q_반찬_09,반참,식료품 중 '반찬'을 판매·제공하는 매장,train,반찬,T6 기계변형,aefac14b-1d9b-4e2c-bc82-5087a7c80289,미식가 새참,한식,첨단시리단길,골목형상점가,광주광역시,,,
9cd652de6906c37fb65d,full_annotation_v1,A,q_반찬_09,반참,식료품 중 '반찬'을 판매·제공하는 매장,train,반찬,T6 기계변형,bc67615a-5ff4-42f5-b17c-a9ba8d81d38c,참 떡볶이,,청주대중앙로골목형상점가,골목형상점가,충청북도,,,
1ef498a7a4cc72fac41e,full_annotation_v1,A,q_반찬_09,반참,식료품 중 '반찬'을 판매·제공하는 매장,train,반찬,T6 기계변형,63a56588-5bfa-4172-bc75-54f5bcccebce,반찬온,,옥계 600,골목형상점가,경상북도,,,
c5c58403c20b651cc7c4,full_annotation_v1,A,q_반찬_09,반참,식료품 중 '반찬'을 판매·제공하는 매장,train,반찬,T6 기계변형,000a95c4-e0a6-4011-86fb-04307bcfae38,황갈비,한식,김천황금시장,전통시장,경상북도,,,
e1ff9ea12a8a6a0a911a,full_annotation_v1,A,q_반찬_09,반참,식료품 중 '반찬'을 판매·제공하는 매장,train,반찬,T6 기계변형,44d23b0f-cbbd-4ca5-9ace-52e4aed3ebac,주희네,식잡,남대문시장,전통시장,서울특별시,,,
1a7ea2a645d18201e1f5,full_annotation_v1,A,q_반찬_09,반참,식료품 중 '반찬'을 판매·제공하는 매장,train,반찬,T6 기계변형,59f5dabc-94fd-4cfc-a53c-c71385c1913a,영웅양곱참,,남산로상점가,자율상권구역,부산광역시,,,
1e0a9fce3007b1812c88,full_annotation_v1,A,q_반찬_09,반참,식료품 중 '반찬'을 판매·제공하는 매장,train,반찬,T6 기계변형,c73d0233-19de-47dd-ab07-d5ae1671cb29,닭참,한식,창원 상남시장,전통시장,경상남도,,,
8c5e0770735d9966f6d8,full_annotation_v1,A,q_반찬_09,반참,식료품 중 '반찬'을 판매·제공하는 매장,train,반찬,T6 기계변형,3777e89a-95d9-4942-8997-15eb2553e6fc,반햇닭,치킨,쌍리단길상점가,자율상권구역,서울특별시,,,
340c8a4719b5ee67668d,full_annotation_v1,A,q_반찬_09,반참,식료품 중 '반찬'을 판매·제공하는 매장,train,반찬,T6 기계변형,4f20b7fa-e8f4-4485-96fc-2c1580483683,김치찜 참 잘하는집,한식,동먹골상가 골목형상점가,골목형상점가,대구광역시,,,
1294044a6ede8ddd1495,full_annotation_v1,A,q_반찬_09,반참,식료품 중 '반찬'을 판매·제공하는 매장,train,반찬,T6 기계변형,008fd310-2ceb-4758-88b1-e124bc2b36d5,반찬마을,즉석반찬,반송큰시장,전통시장,부산광역시,,,
e4732842935fb0c8c8c9,full_annotation_v1,A,q_반찬_09,반참,식료품 중 '반찬'을 판매·제공하는 매장,train,반찬,T6 기계변형,01f160fc-531c-4191-aa22-453462e0f38a,천년,김치,오정동상점가,자율상권구역,대전광역시,,,
ba6bc147634f4eed7651,full_annotation_v1,A,q_반찬_09,반참,식료품 중 '반찬'을 판매·제공하는 매장,train,반찬,T6 기계변형,ee98423f-7f23-4dcd-a5a8-4a54e80d1432,공주보늬밤참,디저트,공산성골목형상점가,골목형상점가,충청남도,,,
cde5699722a323cb2a05,full_annotation_v1,A,q_반찬_09,반참,식료품 중 '반찬'을 판매·제공하는 매장,train,반찬,T6 기계변형,b2222fd2-2978-4093-9145-3ec712172318,영주소백산한우,소돼지,신영주번개시장,전통시장,경상북도,,,
9435efb6bb711d86d06a,full_annotation_v1,A,q_반찬_09,반참,식료품 중 '반찬'을 판매·제공하는 매장,train,반찬,T6 기계변형,b2ba525d-999b-43a1-b6ef-046cc82349de,숟갈젓갈,수산물,지도젓갈타운 골목형상점가,골목형상점가,전라남도,,,
a5c365bc008af1e3141a,full_annotation_v1,A,q_반찬_09,반참,식료품 중 '반찬'을 판매·제공하는 매장,train,반찬,T6 기계변형,9bb07915-d781-4722-9500-9cc7805d04d1,청담소곱참,소곱창,구리전통시장,전통시장,경기도,,,
962c6d0a0d880b0e99ac,full_annotation_v1,A,q_반찬_09,반참,식료품 중 '반찬'을 판매·제공하는 매장,train,반찬,T6 기계변형,ff582658-afbb-4ff2-97c2-c94a347f841a,카페 새참,,슬로시티창평 골목형상점가,골목형상점가,,,,
0b3b534d699e6c75f15c,full_annotation_v1,A,q_반찬_09,반참,식료품 중 '반찬'을 판매·제공하는 매장,train,반찬,T6 기계변형,006895c5-d037-4e3d-9cfb-6972007a350a,반찬사랑,반찬,오치2동 골목형상점가,골목형상점가,광주광역시,,,
d95db40f14770e5fe8ee,full_annotation_v1,A,q_반찬_09,반참,식료품 중 '반찬'을 판매·제공하는 매장,train,반찬,T6 기계변형,003003dc-6951-4f07-8cf2-f31334c0b27d,미향반찬,반찬,신안코아,전통시장,경기도,,,
92e704b4ee921994b34b,full_annotation_v1,A,q_반찬_09,반참,식료품 중 '반찬'을 판매·제공하는 매장,train,반찬,T6 기계변형,31c0190f-bd9a-4e45-b500-12cad0c6bf57,안동 참 한우 촌,정육,성서용산시장,전통시장,대구광역시,,,
7b1f7d27e51fe4df09d0,full_annotation_v1,A,q_반찬_09,반참,식료품 중 '반찬'을 판매·제공하는 매장,train,반찬,T6 기계변형,001053bb-9a4d-431c-8073-f2204c857265,유달식당,한식,노량진수산시장골목형상점가,골목형상점가,서울특별시,,,
d30bf06ef2b45f6ff946,full_annotation_v1,A,q_반찬_09,반참,식료품 중 '반찬'을 판매·제공하는 매장,train,반찬,T6 기계변형,aa5eda8d-f944-40c3-910f-970e71acb913,반했닭,치킨,방학동도깨비시장,전통시장,서울특별시,,,
f54b17c2b91b7eaf4d6f,full_annotation_v1,A,q_반찬_09,반참,식료품 중 '반찬'을 판매·제공하는 매장,train,반찬,T6 기계변형,075c6bae-06ca-49ed-9420-5bdad68d5c60,뚱스백반,백반,푸른마을공동체센터 골목형상점가,골목형상점가,광주광역시,,,
beb729d38587f385d155,full_annotation_v1,A,q_반찬_09,반참,식료품 중 '반찬'을 판매·제공하는 매장,train,반찬,T6 기계변형,06fb679d-ab9f-415f-86de-0aacf28ac48c,운남콩나물국밥,한식(콩나물국밥),전주남부시장,전통시장,전북특별자치도,,,
3e0ab1758870888ebc35,full_annotation_v1,A,q_반찬_09,반참,식료품 중 '반찬'을 판매·제공하는 매장,train,반찬,T6 기계변형,074d3f46-dc6f-4cac-ba54-e24b3fc79798,서민인생역전,콩나물불고기외 음식점,신장대리 자율상권구역,,강원특별자치도,,,
322f08da0269c3226502,full_annotation_v1,A,q_벽지_01,벽지 장판,생활서비스 중 '벽지'를 판매·제공하는 매장,train,벽지,T3 개념확장,7137e70c-e90e-4335-95c4-e122ffbd9ce1,대왕장식,"벽지, 장판",포항죽도시장,전통시장,경상북도,,,
3df6ec01598c37981264,full_annotation_v1,A,q_벽지_01,벽지 장판,생활서비스 중 '벽지'를 판매·제공하는 매장,train,벽지,T3 개념확장,0ae8af14-20bb-4d47-b308-0727627c67dd,홈데코상주장식,"벽지, 장판",이현시장,전통시장,대구광역시,,,
c1c81095cd6df0c33665,full_annotation_v1,A,q_벽지_01,벽지 장판,생활서비스 중 '벽지'를 판매·제공하는 매장,train,벽지,T3 개념확장,a66f36c0-b078-4e01-9c5e-d1a4d234a1c5,예일장식,"벽지, 장판",좌동재래시장,전통시장,부산광역시,,,
e608791822b1153e776a,full_annotation_v1,A,q_벽지_01,벽지 장판,생활서비스 중 '벽지'를 판매·제공하는 매장,train,벽지,T3 개념확장,96663894-40f7-4160-85bd-134e43cb8146,명진장식,"벽지, 장판",반여2동상가시장,전통시장,부산광역시,,,
db1f1b7ee45e5b78383c,full_annotation_v1,A,q_벽지_01,벽지 장판,생활서비스 중 '벽지'를 판매·제공하는 매장,train,벽지,T3 개념확장,48ca6a98-196d-4907-abb1-eab2cb638b0f,영진벽지,벽지,방산시장 상점가,자율상권구역,서울특별시,,,
c2bfcd11e4857d3e94a1,full_annotation_v1,A,q_벽지_01,벽지 장판,생활서비스 중 '벽지'를 판매·제공하는 매장,train,벽지,T3 개념확장,08d279de-df58-4bbf-98b5-b53c1d84cb4b,헤스티아디자인,"가구, 인테리어",마산 북마산가구시장,전통시장,경상남도,,,
8018ee4929e363e6fdbe,full_annotation_v1,A,q_벽지_01,벽지 장판,생활서비스 중 '벽지'를 판매·제공하는 매장,train,벽지,T3 개념확장,21eb7335-4179-4ff6-a58d-bc43372a7a46,삼화인테리어,벽지 및 장판,양동산업용품시장,전통시장,광주광역시,,,
061f5deba7708dba6381,full_annotation_v1,A,q_벽지_01,벽지 장판,생활서비스 중 '벽지'를 판매·제공하는 매장,train,벽지,T3 개념확장,5e41684a-200f-424f-ba3a-9b13e64713d0,문화장식,"장판, 벽지",호계공설시장,전통시장,울산광역시,,,
fb09d9febe3e7c06d13b,full_annotation_v1,A,q_벽지_01,벽지 장판,생활서비스 중 '벽지'를 판매·제공하는 매장,train,벽지,T3 개념확장,5383c492-58ca-47dc-8e08-abf2d7917fc2,중앙장식,"벽지, 장판",목포원도심상점가,자율상권구역,전라남도,,,
cdf59c2d5fb97eb0e09c,full_annotation_v1,A,q_벽지_01,벽지 장판,생활서비스 중 '벽지'를 판매·제공하는 매장,train,벽지,T3 개념확장,0cb3602a-2dfc-4709-a660-fccabd8fa539,동민건축,인테리어,동먹골상가 골목형상점가,골목형상점가,대구광역시,,,
5b4fe715ef4c0654d2a0,full_annotation_v1,A,q_벽지_01,벽지 장판,생활서비스 중 '벽지'를 판매·제공하는 매장,train,벽지,T3 개념확장,fdecdeb2-d78d-46da-9bb0-55b96a0185b6,의성장식,"벽지, 장판",대구예전우시장,전통시장,대구광역시,,,
5901faf1189d1af01d0d,full_annotation_v1,A,q_벽지_01,벽지 장판,생활서비스 중 '벽지'를 판매·제공하는 매장,train,벽지,T3 개념확장,a091b21a-e328-4d0e-afe4-36d69d1b667c,공간연출,벽지 장판,두암1동군왕로 골목형상점가,골목형상점가,광주광역시,,,
99bc467672f3ecffd90b,full_annotation_v1,A,q_벽지_01,벽지 장판,생활서비스 중 '벽지'를 판매·제공하는 매장,train,벽지,T3 개념확장,81173939-ca58-4b7d-ac70-eac20308f148,옛날아우내순대,한식,양산동 골목형상점가,골목형상점가,광주광역시,,,
5dc71f1b0256dd17aeb6,full_annotation_v1,A,q_벽지_01,벽지 장판,생활서비스 중 '벽지'를 판매·제공하는 매장,train,벽지,T3 개념확장,127405aa-9e1d-4dcd-b783-999a01d6a740,다산벽지,벽지,월곡달빛오거리골목형상점가,골목형상점가,서울특별시,,,
7c9e80ecfbca1f4b8fd3,full_annotation_v1,A,q_벽지_01,벽지 장판,생활서비스 중 '벽지'를 판매·제공하는 매장,train,벽지,T3 개념확장,04a0b40f-ffce-40ed-8ffb-56239553aaaf,황금지업사,"장판, 벽지",칠성원시장,전통시장,대구광역시,,,
1fc5711d51f8f3f8ba41,full_annotation_v1,A,q_벽지_01,벽지 장판,생활서비스 중 '벽지'를 판매·제공하는 매장,train,벽지,T3 개념확장,9be007e3-b1ca-4fa5-a64f-280ad6c1b7c4,동신지업사,"벽지, 장판",태안동부시장(구 태안특산물전통시장),전통시장,충청남도,,,
19a4671684fbbfd8b7cf,full_annotation_v1,A,q_벽지_01,벽지 장판,생활서비스 중 '벽지'를 판매·제공하는 매장,train,벽지,T3 개념확장,c16732b0-6bfc-418e-9bf4-d963458e5b6f,이마트24시부평시장길,편의즴,부평깡시장,전통시장,인천광역시,,,
cd62261902d922060de0,full_annotation_v1,A,q_벽지_01,벽지 장판,생활서비스 중 '벽지'를 판매·제공하는 매장,train,벽지,T3 개념확장,e32f4007-6649-411b-a9b0-98ee8e24c2db,영명지업사,"벽지, 장판",대명시장,전통시장,대구광역시,,,
66126d4fa4f13d7ac82e,full_annotation_v1,A,q_벽지_01,벽지 장판,생활서비스 중 '벽지'를 판매·제공하는 매장,train,벽지,T3 개념확장,f9e09628-6588-4f49-99f9-874ab651a634,벽지백화점,"벽지, 장판",서부시장상점가(서부시장 통합),전통시장,전북특별자치도,,,
0f7d6e9bb1ffd598c814,full_annotation_v1,A,q_벽지_01,벽지 장판,생활서비스 중 '벽지'를 판매·제공하는 매장,train,벽지,T3 개념확장,6dd7cb40-33bc-44c1-ab1b-a237329d73f9,"수왕지업, 꽃",벽지 장판 기타지류,옥계OK골목형상점가,골목형상점가,강원특별자치도,,,
43f498610e780a560edd,full_annotation_v1,A,q_벽지_01,벽지 장판,생활서비스 중 '벽지'를 판매·제공하는 매장,train,벽지,T3 개념확장,86b0027d-5f73-43df-8b07-7d4eb2d431eb,윤호장식,벽지,반구시장,전통시장,울산광역시,,,
6e7f2265f87ca37af992,full_annotation_v1,A,q_벽지_01,벽지 장판,생활서비스 중 '벽지'를 판매·제공하는 매장,train,벽지,T3 개념확장,30e69b6c-eef6-4f38-93ca-5ca38b6845f9,현대장식,"벽지, 장판",아랫장,전통시장,전라남도,,,
fe819aaf253bc9d2e86b,full_annotation_v1,A,q_벽지_01,벽지 장판,생활서비스 중 '벽지'를 판매·제공하는 매장,train,벽지,T3 개념확장,0bd28800-62b5-493e-bcb6-764857407f23,화이트메종,인테리어,은구비서로사회적협동조합 골목형상점가,골목형상점가,대전광역시,,,
dabd14ada6b1050f87db,full_annotation_v1,A,q_벽지_01,벽지 장판,생활서비스 중 '벽지'를 판매·제공하는 매장,train,벽지,T3 개념확장,6ee8c7a5-1cc1-4bc3-836c-a6428e00825b,백조인테리어,"벽지, 장판",충주자유시장,전통시장,충청북도,,,
6fdd31115decd5a1a613,full_annotation_v1,A,q_벽지_01,벽지 장판,생활서비스 중 '벽지'를 판매·제공하는 매장,train,벽지,T3 개념확장,0f3e0984-6986-4589-8aa2-774363733600,생초종합인테리어,인테리어,못골골목시장,전통시장,부산광역시,,,
bebe7d7a66590707f0d7,full_annotation_v1,A,q_벽지_01,벽지 장판,생활서비스 중 '벽지'를 판매·제공하는 매장,train,벽지,T3 개념확장,d6e3c6a8-e7e5-4d6b-a6af-d643bb68a08e,월드종합장식,"벽지, 장판",밀양 아리랑시장,전통시장,경상남도,,,
851698171355a1186947,full_annotation_v1,A,q_벽지_01,벽지 장판,생활서비스 중 '벽지'를 판매·제공하는 매장,train,벽지,T3 개념확장,3f9f3c98-5846-431a-8500-77b551e6206e,열림장식,벽지,운천테라스길상인회 골목형상점가,골목형상점가,광주광역시,,,
9f906fbcf79327e746c5,full_annotation_v1,A,q_벽지_01,벽지 장판,생활서비스 중 '벽지'를 판매·제공하는 매장,train,벽지,T3 개념확장,d834485c-ddbf-420e-986a-f2b45ca2d97a,한일지물,"벽지, 장판",장위전통시장,전통시장,서울특별시,,,
8b1862877af0e0a0b79e,full_annotation_v1,A,q_벽지_01,벽지 장판,생활서비스 중 '벽지'를 판매·제공하는 매장,train,벽지,T3 개념확장,f358832b-dde1-4fca-a8c3-a2732a792fad,성진장식,"벽지, 장판",청주북부시장,전통시장,충청북도,,,
ba5f929910604d8f6568,full_annotation_v1,A,q_벽지_01,벽지 장판,생활서비스 중 '벽지'를 판매·제공하는 매장,train,벽지,T3 개념확장,389202e8-0a60-405a-91db-cd429e48e66d,롯데벽지,벽지,방산시장 상점가,자율상권구역,서울특별시,,,
172e8fb3752938cc2b0c,full_annotation_v1,A,q_벽지_01,벽지 장판,생활서비스 중 '벽지'를 판매·제공하는 매장,train,벽지,T3 개념확장,0ed13e25-8e1e-4e20-850b-6f16cc173b64,청디자인,"벽지, 장판",청하시장,전통시장,경상북도,,,
c58bcb776c935e397198,full_annotation_v1,A,q_벽지_01,벽지 장판,생활서비스 중 '벽지'를 판매·제공하는 매장,train,벽지,T3 개념확장,b37ae1db-4137-4431-a8f9-49c7d2f65b99,풍향지업사,"벽지, 장판",풍향골 골목형상점가,골목형상점가,광주광역시,,,
914983e7b14ca70325e5,full_annotation_v1,A,q_벽지_01,벽지 장판,생활서비스 중 '벽지'를 판매·제공하는 매장,train,벽지,T3 개념확장,fce8d3b1-6a6d-4634-8b82-de6d4ab39a55,에프알디이엔씨,벽지 장판,수완머그로 골목형상점가,골목형상점가,광주광역시,,,
95b1cc297fe0d06387e0,full_annotation_v1,A,q_벽지_01,벽지 장판,생활서비스 중 '벽지'를 판매·제공하는 매장,train,벽지,T3 개념확장,c4e3756b-bcb8-4654-b900-477de41163ce,시장인테리어,벽지 장판,청주북부시장,전통시장,충청북도,,,
c01a5763bb14a23727e2,full_annotation_v1,A,q_벽지_01,벽지 장판,생활서비스 중 '벽지'를 판매·제공하는 매장,train,벽지,T3 개념확장,afc4ca94-c1ce-4a81-abf9-db681aaf1881,유미,의류,을지로지하보도쇼핑센터,일반지하상점가,서울특별시,,,
342db0c769e1f455d7c1,full_annotation_v1,A,q_벽지_01,벽지 장판,생활서비스 중 '벽지'를 판매·제공하는 매장,train,벽지,T3 개념확장,63d42f33-e4c7-497a-81c7-15e7daf9ac87,삼성장식,벽지 장판 마루,뚝섬역상점가(서울숲상원길상점가),자율상권구역,서울특별시,,,
37fb297febaa0a061013,full_annotation_v1,A,q_벽지_01,벽지 장판,생활서비스 중 '벽지'를 판매·제공하는 매장,train,벽지,T3 개념확장,6f3a8a18-b72b-47e7-8890-a0917a4b2b28,아름다운장식,"벽지, 장판",창원 봉곡시장,전통시장,경상남도,,,
e12b4d8038fbc4571491,full_annotation_v1,A,q_벽지_01,벽지 장판,생활서비스 중 '벽지'를 판매·제공하는 매장,train,벽지,T3 개념확장,c8328eec-c575-4991-90d2-72685b127027,부산벽지사,벽지,남해 명품화전길 골목형상점가,골목형상점가,경상남도,,,
bd6921963d40e7d2c3c4,full_annotation_v1,A,q_벽지_01,벽지 장판,생활서비스 중 '벽지'를 판매·제공하는 매장,train,벽지,T3 개념확장,6825199a-cd20-4416-9dde-1c5ecb3ba671,예향인테리어,벽지 및 장판,늘해랑상인회 골목형상점가,골목형상점가,광주광역시,,,
86a5cb313614ba5eef48,full_annotation_v1,A,q_벽지_01,벽지 장판,생활서비스 중 '벽지'를 판매·제공하는 매장,train,벽지,T3 개념확장,736cf415-2b70-459f-9813-1d800a654c73,화금지물,벽지 장판,서천시장거리 골목형상점가,골목형상점가,충청남도,,,
e1a83bd333281d2da3a8,full_annotation_v1,A,q_벽지_01,벽지 장판,생활서비스 중 '벽지'를 판매·제공하는 매장,train,벽지,T3 개념확장,76cadaa2-1a14-493e-995a-cc91ff9c7e3e,스톤앤우드,마루 장판 데코타일 벽지,서대구가구거리 상점가,자율상권구역,대구광역시,,,
1183c3e9dce5699042e7,full_annotation_v1,A,q_벽지_01,벽지 장판,생활서비스 중 '벽지'를 판매·제공하는 매장,train,벽지,T3 개념확장,e02884d9-6604-4953-9c8e-2d2b88a5f087,영일장식,"벽지, 장판",범천중앙시장,전통시장,부산광역시,,,
f9ea99ac5132dd1203c7,full_annotation_v1,A,q_벽지_01,벽지 장판,생활서비스 중 '벽지'를 판매·제공하는 매장,train,벽지,T3 개념확장,f4b19c73-b19d-492c-80a6-84a56b65d865,삼진종합장식,벽지.장판,유성시장 골목형상점가,골목형상점가,대전광역시,,,
7229d361745bc6c40f78,full_annotation_v1,A,q_벽지_01,벽지 장판,생활서비스 중 '벽지'를 판매·제공하는 매장,train,벽지,T3 개념확장,90c77afc-5d0f-416b-a2ce-27d12be55964,가락홈인테리어,"벽지, 장판",가락타운상가시장,전통시장,부산광역시,,,
4b8d2c8d542f79374154,full_annotation_v1,A,q_벽지_01,벽지 장판,생활서비스 중 '벽지'를 판매·제공하는 매장,train,벽지,T3 개념확장,b0115299-fd85-46a1-a3a2-f1e82b9a85c0,칼라인테리어,벽지ㆍ장판,운남7단지먹자거리 골목형상점가,골목형상점가,광주광역시,,,
06515cfad60e83b9e927,full_annotation_v1,A,q_벽지_01,벽지 장판,생활서비스 중 '벽지'를 판매·제공하는 매장,train,벽지,T3 개념확장,53b814af-bfb5-4fe2-a147-850223f3c19f,삼보지업사,장판 및 벽지류,남성사계시장,전통시장,서울특별시,,,
5c28a768f794357a5e57,full_annotation_v1,A,q_벽지_01,벽지 장판,생활서비스 중 '벽지'를 판매·제공하는 매장,train,벽지,T3 개념확장,cb6817ba-8590-491b-8c64-a9ec9021a348,임마누엘 장식,벽지 장판,엄상마을상점가,골목형상점가,경기도,,,
cf5503bdf279bbeee85c,full_annotation_v1,A,q_벽지_01,벽지 장판,생활서비스 중 '벽지'를 판매·제공하는 매장,train,벽지,T3 개념확장,3f30d2db-3d16-4044-9d4d-c5801f721b8c,일흥지물포,벽지 마루 장판 외 부재료,전곡전통시장,전통시장,경기도,,,
7c6cb32e4b8b03a0c53e,full_annotation_v1,A,q_벽지_01,벽지 장판,생활서비스 중 '벽지'를 판매·제공하는 매장,train,벽지,T3 개념확장,c04f323d-4bf3-4091-8f83-d0ae3fc8712a,대흥비니루,벽지 장판,부평깡통시장(구 부산부평시장),전통시장,부산광역시,,,
8cbf939ab142c10b0c89,full_annotation_v1,A,q_벽지_01,벽지 장판,생활서비스 중 '벽지'를 판매·제공하는 매장,train,벽지,T3 개념확장,02fc5e7c-05e1-4371-a5d9-c163a89a9703,목화지업사,"벽지, 장판",전주 삼천이 골목형상점가,골목형상점가,전북특별자치도,,,
616c4a9dd92169d1b4a1,full_annotation_v1,A,q_벽지_01,벽지 장판,생활서비스 중 '벽지'를 판매·제공하는 매장,train,벽지,T3 개념확장,4027331f-cc97-4fab-83e1-e494b22d77f0,에스,피부관리,남봉덕 골목형상점가,골목형상점가,대구광역시,,,
a5ee6028f024d12445df,full_annotation_v1,A,q_벽지_01,벽지 장판,생활서비스 중 '벽지'를 판매·제공하는 매장,train,벽지,T3 개념확장,f5726d37-96f8-4db6-958a-a5c569a2508b,어반A,일반미용업,철길공원 골목형상점가,골목형상점가,전북특별자치도,,,
1297c3210a6f2cdd52b9,full_annotation_v1,A,q_벽지_01,벽지 장판,생활서비스 중 '벽지'를 판매·제공하는 매장,train,벽지,T3 개념확장,ed870106-387d-4ec4-9bca-a6ca56e0c197,무지개지물포,"벽지, 장판",공주산성시장,전통시장,충청남도,,,
d8f232a5bca7e132ebc0,full_annotation_v1,A,q_벽지_01,벽지 장판,생활서비스 중 '벽지'를 판매·제공하는 매장,train,벽지,T3 개념확장,2ccea229-9393-478c-936d-36ffbdf3dce3,대명장식,"벽지, 장판",관문상가시장,전통시장,대구광역시,,,
537fa4e05c7ea3c9aa11,full_annotation_v1,A,q_벽지_01,벽지 장판,생활서비스 중 '벽지'를 판매·제공하는 매장,train,벽지,T3 개념확장,28343a57-4082-437a-b799-93abd3fe0328,경안지업사,"벽지, 장판",중앙신시장,전통시장,경상북도,,,
7e79dd20aabc8663abc6,full_annotation_v1,A,q_벽지_01,벽지 장판,생활서비스 중 '벽지'를 판매·제공하는 매장,train,벽지,T3 개념확장,d7593df5-6aae-451a-8d57-dc4382b33131,장원도배방,"벽지, 장판",안성시장(덕유산장터),전통시장,전북특별자치도,,,
d8f6f349fdc5c2555ecb,full_annotation_v1,A,q_벽지_01,벽지 장판,생활서비스 중 '벽지'를 판매·제공하는 매장,train,벽지,T3 개념확장,acabb67c-7331-4b7a-a10d-cc5d34ddd654,삼성비니루상사,"장판, 벽지",부평깡통시장(구 부산부평시장),전통시장,부산광역시,,,
b22375bfb762e3045d2f,full_annotation_v1,A,q_벽지_01,벽지 장판,생활서비스 중 '벽지'를 판매·제공하는 매장,train,벽지,T3 개념확장,8a2c86ae-3076-4a27-a7b3-1a5e51259284,종로벽지,벽지 및 장판류,방산시장 상점가,자율상권구역,서울특별시,,,
466db3c5e0a266d3da1d,full_annotation_v1,A,q_벽지_01,벽지 장판,생활서비스 중 '벽지'를 판매·제공하는 매장,train,벽지,T3 개념확장,87056f7b-9562-41ce-a222-90d351f80562,럭키지업사,"벽지, 장판",억지춘향시장(구 봉화춘향시장),전통시장,경상북도,,,
9b24dabf28fbc08bcbf8,full_annotation_v1,A,q_벽지_01,벽지 장판,생활서비스 중 '벽지'를 판매·제공하는 매장,train,벽지,T3 개념확장,481e6873-6877-4ad0-a106-147f3b7af2ef,엘지장식,벽지 장판,송강동 골목형상점가,골목형상점가,대전광역시,,,
e814dd8e78f6c38dd39c,full_annotation_v1,A,q_벽지_01,벽지 장판,생활서비스 중 '벽지'를 판매·제공하는 매장,train,벽지,T3 개념확장,8505da8b-a3b0-413e-be70-1ce0b088f7b7,이화벽지나라,"벽지, 장판",상도전통시장,전통시장,서울특별시,,,
6bcde47e80d769715716,full_annotation_v1,A,q_벽지_01,벽지 장판,생활서비스 중 '벽지'를 판매·제공하는 매장,train,벽지,T3 개념확장,bff1c265-0f69-4dbd-96c4-457760d2d152,익산제사음식,제사음식,익산북부시장,전통시장,전북특별자치도,,,
023f6464f740cee5ce07,full_annotation_v1,A,q_벽지_01,벽지 장판,생활서비스 중 '벽지'를 판매·제공하는 매장,train,벽지,T3 개념확장,fefd874d-5723-4c7e-b736-25948bdd09bc,대경지업사,"벽지, 장판",경산공설시장,전통시장,경상북도,,,
86b041c453ede8e3822e,full_annotation_v1,A,q_벽지_01,벽지 장판,생활서비스 중 '벽지'를 판매·제공하는 매장,train,벽지,T3 개념확장,f8679dcf-4cc7-4a12-b92b-9b426d3a2247,고려장식,벽지,고성시장,전통시장,경상남도,,,
3211ee37cba01156cd0f,full_annotation_v1,A,q_벽지_01,벽지 장판,생활서비스 중 '벽지'를 판매·제공하는 매장,train,벽지,T3 개념확장,77c1aa6d-16fe-40c3-b021-f4b222498fca,제일장식,"장판, 벽지",강진읍 상권활성화구역,상권활성화구역,전라남도,,,
b8f1f801c1ffe946edd5,full_annotation_v1,A,q_벽지_01,벽지 장판,생활서비스 중 '벽지'를 판매·제공하는 매장,train,벽지,T3 개념확장,1b3a4221-65db-4508-adc5-d96464a7f6b7,제일장식,"벽지, 장판",구서오시게시장,전통시장,부산광역시,,,
018e353bbaf0c9034eaf,full_annotation_v1,A,q_벽지_01,벽지 장판,생활서비스 중 '벽지'를 판매·제공하는 매장,train,벽지,T3 개념확장,30162cbb-1053-46d4-9894-bcdec381b212,서울장식,"벽지, 장판",포남용마거리골목형상점가,골목형상점가,강원특별자치도,,,
eebd78e00fde7586f628,full_annotation_v1,A,q_벽지_01,벽지 장판,생활서비스 중 '벽지'를 판매·제공하는 매장,train,벽지,T3 개념확장,f694200e-16d6-4f1d-be20-598fd10b3873,리Lee헤어,,화개 상인회 골목형상점가,골목형상점가,,,,
847d9ee0b7c976024c2e,full_annotation_v1,A,q_벽지_01,벽지 장판,생활서비스 중 '벽지'를 판매·제공하는 매장,train,벽지,T3 개념확장,ee5af956-5a70-4d4e-83cd-d62c737a3f83,예담인테리어,도배 장판 벽지,두암시장주변 골목형상점가,골목형상점가,광주광역시,,,
3521717bb54a86bed1ec,full_annotation_v1,A,q_벽지_01,벽지 장판,생활서비스 중 '벽지'를 판매·제공하는 매장,train,벽지,T3 개념확장,0904835e-ccbc-4314-84b6-11130c3d7a4b,중앙인테리어,"벽지, 장판",청주중앙시장,전통시장,충청북도,,,
55dd61597dd4009c39a1,full_annotation_v1,A,q_벽지_01,벽지 장판,생활서비스 중 '벽지'를 판매·제공하는 매장,train,벽지,T3 개념확장,78499609-1c22-41f4-a3fd-dbad1e188327,시장장식,도배 벽지 장판,산청 덕산시장,전통시장,경상남도,,,
a60d3832a5c14822d67b,full_annotation_v1,A,q_벽지_01,벽지 장판,생활서비스 중 '벽지'를 판매·제공하는 매장,train,벽지,T3 개념확장,bb00f109-1515-4e27-8b8c-d96a1af04203,블루엔아이,도소매(의류),삼익패션타운,전통시장,서울특별시,,,
48ef7dca64358a22df72,full_annotation_v1,A,q_벽지_01,벽지 장판,생활서비스 중 '벽지'를 판매·제공하는 매장,train,벽지,T3 개념확장,0c4a2177-2713-43a1-b3cc-109258f3982f,은하종합장식,"벽지, 장판",서귀포매일올레시장,전통시장,제주특별자치도,,,
36dd2a286f56e9b6ae11,full_annotation_v1,A,q_벽지_01,벽지 장판,생활서비스 중 '벽지'를 판매·제공하는 매장,train,벽지,T3 개념확장,df8cf9f7-3956-45c3-b8be-f1fad96d27cb,능곡지물포,"벽지, 장판",능곡시장(구 능곡전통시장),전통시장,경기도,,,
63bbff2d6537e18f0fa5,full_annotation_v1,A,q_벽지_01,벽지 장판,생활서비스 중 '벽지'를 판매·제공하는 매장,train,벽지,T3 개념확장,e8432429-c544-4a73-a320-28018d20276d,신화인테리어,도배풀 현관 도어락 벽지 장판,태봉마을 골목형상점가,골목형상점가,경기도,,,
f21486a016464bebe7e5,full_annotation_v1,A,q_벽지_01,벽지 장판,생활서비스 중 '벽지'를 판매·제공하는 매장,train,벽지,T3 개념확장,410d0c56-a36f-42bf-97f5-d606097a0909,삼광지물,"벽지, 장판",봉천제일종합시장,전통시장,서울특별시,,,
b5889229f277d9803810,full_annotation_v1,A,q_벽지_01,벽지 장판,생활서비스 중 '벽지'를 판매·제공하는 매장,train,벽지,T3 개념확장,ff8a2b8f-0ddd-4c98-a669-26cab7cd84e0,금성지물,"벽지, 장판",성환이화시장,전통시장,충청남도,,,
4b79bbaf48944fb03043,full_annotation_v1,A,q_벽지_01,벽지 장판,생활서비스 중 '벽지'를 판매·제공하는 매장,train,벽지,T3 개념확장,a218a060-5178-4139-a64e-247d9dacc820,금광지업사,"벽지, 장판",충주자유시장,전통시장,충청북도,,,
752b2a5f18c094300f8e,full_annotation_v1,A,q_벽지_01,벽지 장판,생활서비스 중 '벽지'를 판매·제공하는 매장,train,벽지,T3 개념확장,3873ccc7-6696-49ca-8c1c-c82f279df52c,부영비니루지업사,"장판, 벽지",나주금빛상점가,자율상권구역,전라남도,,,
4d29c8c01a311cdc8e58,full_annotation_v1,A,q_벽지_01,벽지 장판,생활서비스 중 '벽지'를 판매·제공하는 매장,train,벽지,T3 개념확장,10efb0a5-a6e7-4a49-9e51-b709c647e4c8,다래디자인,인테리어,서초쇼핑골목형상점가,골목형상점가,서울특별시,,,
f842aa80ead18c4ce9a5,full_annotation_v1,A,q_벽지_01,벽지 장판,생활서비스 중 '벽지'를 판매·제공하는 매장,train,벽지,T3 개념확장,d3255d5a-6598-4a84-bdd1-83f0de80fd25,광신지업사,"벽지, 장판",중앙신시장,전통시장,경상북도,,,
6d2af2249783d350bfa0,full_annotation_v1,A,q_벽지_01,벽지 장판,생활서비스 중 '벽지'를 판매·제공하는 매장,train,벽지,T3 개념확장,255e5a42-b507-4bab-8ff4-21e33f8ce70a,행운지물포,벽지 장판,자양전통시장,전통시장,서울특별시,,,
154b9c23f455dd1774e8,full_annotation_v1,A,q_벽지_01,벽지 장판,생활서비스 중 '벽지'를 판매·제공하는 매장,train,벽지,T3 개념확장,df7214da-a5e1-460b-87b4-b5a8d8eacaa6,전주장식비니루,장판 벽지 기타지류,전주풍남문상점가,자율상권구역,전북특별자치도,,,
c84f4ef0b9d8605ddafb,full_annotation_v1,A,q_복합_01,먹거리,기타 중 '복합'을 판매·제공하는 매장,test,복합,T3 개념확장,4dd2a7a5-2a23-44dc-a69a-947496f9eb6c,미가먹거리,한식,거창 전통시장,전통시장,경상남도,,,
297dd002184afa10755f,full_annotation_v1,A,q_복합_01,먹거리,기타 중 '복합'을 판매·제공하는 매장,test,복합,T3 개념확장,cb75f477-e6fd-4024-a1c5-1a33872fb95b,하당먹거리,한식,달아실 골목형상점가,골목형상점가,광주광역시,,,
43635da9a9d40b66a2ce,full_annotation_v1,A,q_복합_01,먹거리,기타 중 '복합'을 판매·제공하는 매장,test,복합,T3 개념확장,00dcfeff-cf4b-4e7c-a401-fa32451e5aff,시즌글라스 광주 운림점,화장품 등 생활용품,동적골 골목형상점가,골목형상점가,광주광역시,,,
1ef1f5756fe9cef36d91,full_annotation_v1,A,q_복합_01,먹거리,기타 중 '복합'을 판매·제공하는 매장,test,복합,T3 개념확장,018a1385-dc68-48d1-bfdf-22fa04be4af2,알파문구 광주동강대점,문구 생활용품 전산용품 환경용품 외,말바우지키미 골목형상점가,골목형상점가,광주광역시,,,
833b922152795b556419,full_annotation_v1,A,q_복합_01,먹거리,기타 중 '복합'을 판매·제공하는 매장,test,복합,T3 개념확장,3eda6a1f-94ce-4160-9365-f7bed49cabab,남문먹거리,분식,전주풍남문상점가,자율상권구역,전북특별자치도,,,
b5a1195c1a301aba8ca8,full_annotation_v1,A,q_복합_01,먹거리,기타 중 '복합'을 판매·제공하는 매장,test,복합,T3 개념확장,521e8e77-a92a-48fe-ba91-c0dae8d33415,웰빙먹거리,음식,하동 화개장터,전통시장,경상남도,,,
d3046bb8062110216749,full_annotation_v1,A,q_복합_01,먹거리,기타 중 '복합'을 판매·제공하는 매장,test,복합,T3 개념확장,fc750126-cd99-4541-9bf1-8b905bd0af2b,연이네 먹거리 포차,한식,남양시장골목형상점가,골목형상점가,경기도,,,
ddb21c86bd48092c8b1f,full_annotation_v1,A,q_복합_01,먹거리,기타 중 '복합'을 판매·제공하는 매장,test,복합,T3 개념확장,00295b4a-ed81-4dfb-90a3-70fdd5cb27f1,생활용품할인매장,생활용품,계산시장,전통시장,인천광역시,,,
7280169d236d89d1f888,full_annotation_v1,A,q_복합_01,먹거리,기타 중 '복합'을 판매·제공하는 매장,test,복합,T3 개념확장,07cb6f4f-05a4-4c48-b6bb-fcdb7a1eee4f,이마트24 부전마켓타운점,편의점,부전마켓타운 시장활성화구역,상권활성화구역,부산광역시,,,
5d2160f49670ae73d0c1,full_annotation_v1,A,q_복합_01,먹거리,기타 중 '복합'을 판매·제공하는 매장,test,복합,T3 개념확장,85edad6c-a9f0-48f2-ba28-1783cfd8781e,먹거리,한식,문창시장,전통시장,대전광역시,,,
2e94aecaa89dfb5d93c5,full_annotation_v1,A,q_복합_01,먹거리,기타 중 '복합'을 판매·제공하는 매장,test,복합,T3 개념확장,a27a77bb-5a4a-4ce0-96d5-7e47529a61ca,화정먹거리,한식,상동 패션거리 골목형상점가,골목형상점가,전라남도,,,
dcacfca2778b393946fa,full_annotation_v1,A,q_복합_01,먹거리,기타 중 '복합'을 판매·제공하는 매장,test,복합,T3 개념확장,c128b229-9d0b-4640-9935-dea988bf1691,고향먹거리,한식,강릉중앙시장,전통시장,강원특별자치도,,,
d5445eaf2113c65dd17c,full_annotation_v1,A,q_복합_01,먹거리,기타 중 '복합'을 판매·제공하는 매장,test,복합,T3 개념확장,a7685a84-1dff-41f2-8577-2dd681c45b01,해밀,한식,창동신창시장,전통시장,서울특별시,,,
4c49b11b62eb9e35e2f2,full_annotation_v1,A,q_복합_01,먹거리,기타 중 '복합'을 판매·제공하는 매장,test,복합,T3 개념확장,b2a99818-33c7-4726-bb20-e9baad4c69c6,먹거리타운,분식,강진중앙로상가,자율상권구역,전라남도,,,
79160a18a9b5378458c2,full_annotation_v1,A,q_복합_01,먹거리,기타 중 '복합'을 판매·제공하는 매장,test,복합,T3 개념확장,7cbf7143-327f-45a3-acf7-a65e9861490f,먹거리,한식,동울산종합시장,전통시장,울산광역시,,,
83b3df8c803f5a6414c5,full_annotation_v1,A,q_복합_01,먹거리,기타 중 '복합'을 판매·제공하는 매장,test,복합,T3 개념확장,77fb6d73-bda0-4b9d-883c-ac4ce3600467,육거리명가전집,먹거리,청주육거리종합시장,전통시장,충청북도,,,
87a5bcb70468d8b38a7c,full_annotation_v1,A,q_복합_01,먹거리,기타 중 '복합'을 판매·제공하는 매장,test,복합,T3 개념확장,5ef13b10-9784-4915-926e-f42ce95db5f8,신안먹거리,한식,남악시장골목형상점가,골목형상점가,전라남도,,,
2c2dbbec52e87a08c1dc,full_annotation_v1,A,q_복합_01,먹거리,기타 중 '복합'을 판매·제공하는 매장,test,복합,T3 개념확장,d0ffb9dc-0717-48a8-b6d8-f0610a0b4de6,먹거리천국,한식,영동전통시장,전통시장,충청북도,,,
bc2045f0dcfca3de9234,full_annotation_v1,A,q_복합_01,먹거리,기타 중 '복합'을 판매·제공하는 매장,test,복합,T3 개념확장,e0f9a4eb-3b1a-4b6b-84a8-9ddda6e14c33,송하먹거리,한식,중앙먹거리 상인회 골목형상점가,골목형상점가,전라남도,,,
f9af31ef397d923015e7,full_annotation_v1,A,q_복합_01,먹거리,기타 중 '복합'을 판매·제공하는 매장,test,복합,T3 개념확장,7236a778-7da6-46f7-9767-c30434458cd0,레드포스PC아레나 수원야구장점,PC게임 및 먹거리,조원동상인연합회 골목형상점가,골목형상점가,경기도,,,
48e0f6ea0d4507e4542e,full_annotation_v1,A,q_복합_01,먹거리,기타 중 '복합'을 판매·제공하는 매장,test,복합,T3 개념확장,e39a0e33-d320-47fe-b84f-617cf146d3d3,한성먹거리,한식,포남용마거리골목형상점가,골목형상점가,강원특별자치도,,,
fcfb27d0bff947b91489,full_annotation_v1,A,q_복합_01,먹거리,기타 중 '복합'을 판매·제공하는 매장,test,복합,T3 개념확장,068bb349-9b78-43e0-a8df-e8ef31da46a7,먹거리아,식품,진해중앙시장,전통시장,경상남도,,,
4a744ede491a2868255f,full_annotation_v1,A,q_복합_01,먹거리,기타 중 '복합'을 판매·제공하는 매장,test,복합,T3 개념확장,ce797c83-0de1-4574-9968-dd04fc23db37,승달먹거리,,승달 골목형상점가,골목형상점가,,,,
3b7b2013089c84556582,full_annotation_v1,A,q_복합_01,먹거리,기타 중 '복합'을 판매·제공하는 매장,test,복합,T3 개념확장,513a0d74-0a8f-455b-926f-34a92a88d2ae,행복먹거리,,강릉성남시장,전통시장,강원특별자치도,,,
328c83d2ae6c2e36c2b4,full_annotation_v1,A,q_복합_01,먹거리,기타 중 '복합'을 판매·제공하는 매장,test,복합,T3 개념확장,af82171e-823f-4adb-9ca2-26f28ef5f3d5,까치먹거리,한식,단양구경시장(단양인정시장),전통시장,충청북도,,,
8a3171435d0c09be2eb9,full_annotation_v1,A,q_복합_01,먹거리,기타 중 '복합'을 판매·제공하는 매장,test,복합,T3 개념확장,9e8d1e68-f7c8-4b02-bc9b-4d93b58e896a,북항먹거리,,뒷개로청춘골목상점가,골목형상점가,전라남도,,,
2fce964470eedd215b3e,full_annotation_v1,A,q_복합_01,먹거리,기타 중 '복합'을 판매·제공하는 매장,test,복합,T3 개념확장,846dc27e-1e79-48bb-b0ad-bbef2455e763,먹거리,분식,괴산시장,전통시장,충청북도,,,
1c57b9095ae2ade1d85f,full_annotation_v1,A,q_복합_01,먹거리,기타 중 '복합'을 판매·제공하는 매장,test,복합,T3 개념확장,120e46c2-be8a-4f8a-a7d2-c0ad06979411,소주물 경북도청점,,(예천)새움로 골목형상점가,골목형상점가,경상북도,,,
80facefea208cbf2ce59,full_annotation_v1,A,q_복합_01,먹거리,기타 중 '복합'을 판매·제공하는 매장,test,복합,T3 개념확장,a8e77181-45a7-4873-b3f4-b538dd6a64ab,포케올데이 수원역점,,수원역세권활성화구역,상권활성화구역,경기도,,,
ef46b2be6c52ae19be91,full_annotation_v1,A,q_복합_01,먹거리,기타 중 '복합'을 판매·제공하는 매장,test,복합,T3 개념확장,8c641343-8cd9-4db5-bce5-09c251a058d7,용해먹거리,한식,용해동 포미타운 골목형상점가,골목형상점가,전라남도,,,
683115c0d25ae001dd2a,full_annotation_v1,A,q_복합_01,먹거리,기타 중 '복합'을 판매·제공하는 매장,test,복합,T3 개념확장,1efb9a1f-5a99-4bc9-8b4a-f7459619e5fd,김삼철,고기,전남대후문골목형상점가,골목형상점가,광주광역시,,,
30d55d97812d1b64cdb3,full_annotation_v1,A,q_복합_01,먹거리,기타 중 '복합'을 판매·제공하는 매장,test,복합,T3 개념확장,11627d61-6cc3-43e1-ada9-49f258f5a43c,시장먹거리,한식,합덕중앙상점가,자율상권구역,충청남도,,,
841fec4abacfa54a52be,full_annotation_v1,A,q_복합_01,먹거리,기타 중 '복합'을 판매·제공하는 매장,test,복합,T3 개념확장,1417513c-ef4c-461f-b856-69004f8e2343,호선먹거리,분식,청주육거리종합시장,전통시장,충청북도,,,
09b86790e33c3f8b77af,full_annotation_v1,A,q_복합_01,먹거리,기타 중 '복합'을 판매·제공하는 매장,test,복합,T3 개념확장,bcf8f2e8-e82f-4966-8806-4822e16cf518,춈춈먹거리,분식,삼환분산상가,골목형상점가,부산광역시,,,
ecb411bb0fb473c58736,full_annotation_v1,A,q_복합_01,먹거리,기타 중 '복합'을 판매·제공하는 매장,test,복합,T3 개념확장,010721c0-fa4c-4c34-a6f7-f774fd2c9375,자광메디컬CO,도소매(의료용구 생활용품),지동시장,전통시장,경기도,,,
0297e48a75120a7d41dd,full_annotation_v1,A,q_복합_01,먹거리,기타 중 '복합'을 판매·제공하는 매장,test,복합,T3 개념확장,56d5fb7c-c4fb-4c80-b5b1-925f733b8efa,먹거리맛집,한식,동원전통종합시장,전통시장,서울특별시,,,
0d283149f624360d965d,full_annotation_v1,A,q_복합_01,먹거리,기타 중 '복합'을 판매·제공하는 매장,test,복합,T3 개념확장,008d4156-e489-4d1f-9205-b541972d35a8,과일왕,과일 잡화 야채 먹거리,연제동 골목형상점가,골목형상점가,광주광역시,,,
dd7cbb17707ab85dab9e,full_annotation_v1,A,q_복합_01,먹거리,기타 중 '복합'을 판매·제공하는 매장,test,복합,T3 개념확장,90cf9e95-dde8-4991-a53b-5820392eece6,지에스(GS)25 오치한전점,음료 먹거리 외 다수,우치로231번길 골목형상점가,골목형상점가,광주광역시,,,
12042a0849cdb2a557bb,full_annotation_v1,A,q_복합_01,먹거리,기타 중 '복합'을 판매·제공하는 매장,test,복합,T3 개념확장,5e0faba2-6621-465a-a210-612eb8cb2c9a,관문먹거리,,관문상가시장,전통시장,대구광역시,,,
43c0e67eec34b08fe5f0,full_annotation_v1,A,q_복합_01,먹거리,기타 중 '복합'을 판매·제공하는 매장,test,복합,T3 개념확장,1a7b7dfb-49c5-4a80-b25c-74744d09b282,옥이네 먹거리,한식,서울중앙시장,전통시장,서울특별시,,,
63e741a9cd86fae708ec,full_annotation_v1,A,q_복합_01,먹거리,기타 중 '복합'을 판매·제공하는 매장,test,복합,T3 개념확장,09c8296c-5767-41c7-a44e-6f43ad9563af,먹거리,한식,익산그린상점가,자율상권구역,전북특별자치도,,,
3e089a75fa46af8836cc,full_annotation_v1,A,q_복합_01,먹거리,기타 중 '복합'을 판매·제공하는 매장,test,복합,T3 개념확장,47d6418d-b8e2-40e0-95cf-0d97ba343e4e,토탈먹거리,분식,감전시장,전통시장,부산광역시,,,
118a8d8061e80248f02e,full_annotation_v1,A,q_복합_01,먹거리,기타 중 '복합'을 판매·제공하는 매장,test,복합,T3 개념확장,ede5b813-9577-492b-aa97-133a9634fbfa,이정이네 먹거리,한식,남악사랑 골목형상점가,골목형상점가,전라남도,,,
c8074de87a64c17b8b65,full_annotation_v1,A,q_복합_01,먹거리,기타 중 '복합'을 판매·제공하는 매장,test,복합,T3 개념확장,01f258d2-85d5-4b2e-a9f2-b61b1fc174ce,리빙마트,생활용품,일죽시장,전통시장,경기도,,,
a25a646f44b6bcdfba04,full_annotation_v1,A,q_복합_01,먹거리,기타 중 '복합'을 판매·제공하는 매장,test,복합,T3 개념확장,25a7231e-235c-49bd-b2fb-80f148f09a23,오늘은쭈꾸미,,쉬고거리제2골목형상점가,골목형상점가,경기도,,,
eec5a3a16c464140d252,full_annotation_v1,A,q_복합_01,먹거리,기타 중 '복합'을 판매·제공하는 매장,test,복합,T3 개념확장,84f8c2bf-a637-4d0b-a173-c7add0f919bd,포레필라테스,교육서비스,나성BRT 골목형상점가,골목형상점가,세종특별자치시,,,
00b416eaabfe90997589,full_annotation_v1,A,q_복합_01,먹거리,기타 중 '복합'을 판매·제공하는 매장,test,복합,T3 개념확장,28d95c61-b067-4781-9434-af330ad4c3ca,먹거리야식,한식,오창전통시장,전통시장,충청북도,,,
03ee89aa7e2a855359e0,full_annotation_v1,A,q_복합_01,먹거리,기타 중 '복합'을 판매·제공하는 매장,test,복합,T3 개념확장,90b0361d-024a-4b36-987f-821c6a060107,해성수산,"수산물, 선어",군산수산물종합센터,전통시장,전북특별자치도,,,
a9be5b4b6d8e801e1f37,full_annotation_v1,A,q_복합_01,먹거리,기타 중 '복합'을 판매·제공하는 매장,test,복합,T3 개념확장,6f15f2f3-0f04-4912-af86-51be075a34b8,올바른 먹거리,한식,배방상점가,자율상권구역,충청남도,,,
75f3457a3a7d058ab412,full_annotation_v1,A,q_복합_01,먹거리,기타 중 '복합'을 판매·제공하는 매장,test,복합,T3 개념확장,0cc3f2cc-eff5-4f10-91c7-4bc0e1cc4bdb,먹거리국수,음식,부전농수산물새벽시장,전통시장,부산광역시,,,
21f82739582a8334aaf7,full_annotation_v1,A,q_복합_01,먹거리,기타 중 '복합'을 판매·제공하는 매장,test,복합,T3 개념확장,58615909-586c-40ce-9371-713dd0222ba3,장안먹거리,한식,조원동상인연합회 골목형상점가,골목형상점가,경기도,,,
8c563e245411c058c23f,full_annotation_v1,A,q_복합_01,먹거리,기타 중 '복합'을 판매·제공하는 매장,test,복합,T3 개념확장,9c91eb35-e753-4b36-a823-f62a1efa7277,웰빙먹거리,한식,두꺼비시장,전통시장,충청북도,,,
c91b017d207e7b972b6b,full_annotation_v1,A,q_복합_01,먹거리,기타 중 '복합'을 판매·제공하는 매장,test,복합,T3 개념확장,1e871e00-1f21-4439-bfff-97637284b6ed,이슬먹거리,한식,서동시장(창인시장),전통시장,전북특별자치도,,,
39bd2f12fb96ead16880,full_annotation_v1,A,q_복합_01,먹거리,기타 중 '복합'을 판매·제공하는 매장,test,복합,T3 개념확장,6a819bf3-015f-4cb7-b1c5-734bea7c43b3,먹거리집,한식,행복로골목형상점가,골목형상점가,경기도,,,
5bd432431a6fad2500e4,full_annotation_v1,A,q_복합_01,먹거리,기타 중 '복합'을 판매·제공하는 매장,test,복합,T3 개념확장,525b6f55-0cd3-40d4-a9e6-baca3076bc18,GS25두암에이스,먹거리 및 생황용품,두암2동 골목형상점가,골목형상점가,광주광역시,,,
0ef74bd23b64a302be09,full_annotation_v1,A,q_복합_01,먹거리,기타 중 '복합'을 판매·제공하는 매장,test,복합,T3 개념확장,83759df2-bd81-462b-a5b9-e6b5313222ab,남도먹거리,한식,행복로골목형상점가,골목형상점가,경기도,,,
ae4756346fcbfeb4a8eb,full_annotation_v1,A,q_복합_01,먹거리,기타 중 '복합'을 판매·제공하는 매장,test,복합,T3 개념확장,343a5f79-71bb-4f42-a3e2-5a9bd77df97d,지에스(GS)25남가좌점,"음료, 먹거리",남이동길골목형상점가,골목형상점가,서울특별시,,,
c949caa53c27f8c03114,full_annotation_v1,A,q_복합_02,명절 선물세트,기타 중 '복합'을 판매·제공하는 매장,test,복합,T4 구어·문장,f4f482e4-d6f0-476c-a5a4-62a8e2dcc592,선물코너,잡화,해미읍성전통시장,전통시장,충청남도,,,
5144ee47c6ca1fd27e53,full_annotation_v1,A,q_복합_02,명절 선물세트,기타 중 '복합'을 판매·제공하는 매장,test,복합,T4 구어·문장,e67744e7-ba71-4bec-ac59-8b419330e382,비러브드 선물가게,,프로방스2번가 골목형상점가,골목형상점가,,,,
ac04f129a4cff19c6be6,full_annotation_v1,A,q_복합_02,명절 선물세트,기타 중 '복합'을 판매·제공하는 매장,test,복합,T4 구어·문장,683dd5f2-2401-461e-8158-f25ba0cb32a1,마루의 선물가게,,예산상설시장,전통시장,충청남도,,,
0a950f3ebf8bbd5feda2,full_annotation_v1,A,q_복합_02,명절 선물세트,기타 중 '복합'을 판매·제공하는 매장,test,복합,T4 구어·문장,1598b70a-9430-47f1-93d8-74544ad678a8,선물의집,의류,원미종합시장,전통시장,경기도,,,
8467dfb69fa8928f9bf9,full_annotation_v1,A,q_복합_02,명절 선물세트,기타 중 '복합'을 판매·제공하는 매장,test,복합,T4 구어·문장,cd133c95-b179-41b0-a890-194fe7d50196,조광사,선물용품,대전도매시장,전통시장,대전광역시,,,
f9d4a88f1864bcafdabe,full_annotation_v1,A,q_복합_02,명절 선물세트,기타 중 '복합'을 판매·제공하는 매장,test,복합,T4 구어·문장,a24ae40b-7ac1-48f5-a623-7275075e9606,선물백화점,패션잡화,삼승원남시장(원남재래시장),전통시장,충청북도,,,
e91186662f22faad2645,full_annotation_v1,A,q_복합_02,명절 선물세트,기타 중 '복합'을 판매·제공하는 매장,test,복합,T4 구어·문장,4fef9646-a100-4ad3-8a89-d387b8c53841,선물공작소 란 Ran,,부천역 지하도로 상가,일반지하상점가,경기도,,,
4d00730971ba329ab666,full_annotation_v1,A,q_복합_02,명절 선물세트,기타 중 '복합'을 판매·제공하는 매장,test,복합,T4 구어·문장,937de7d1-e0c2-47b1-9618-c3918d524e6a,구포식육점,식육,구포축산물도매시장,전통시장,부산광역시,,,
18c296df23ed986c3e39,full_annotation_v1,A,q_복합_02,명절 선물세트,기타 중 '복합'을 판매·제공하는 매장,test,복합,T4 구어·문장,ac22c595-4441-47ec-abc2-fe7f7af397c1,자바데이브커피전문점,커피전문점,수원남문패션1번가시장,전통시장,경기도,,,
296a46179aee0df8b711,full_annotation_v1,A,q_복합_02,명절 선물세트,기타 중 '복합'을 판매·제공하는 매장,test,복합,T4 구어·문장,5ad0dcd7-f25e-4b07-ad26-44b9853b2d6d,명절,한식,발안만세시장(구 발안시장),전통시장,경기도,,,
e67b1cdd0197435ace02,full_annotation_v1,A,q_복합_02,명절 선물세트,기타 중 '복합'을 판매·제공하는 매장,test,복합,T4 구어·문장,2a2ed3db-a16c-40f7-b5de-590b7ff0a46b,밤비,의류,이태원시장,전통시장,서울특별시,,,
90d66187b50c5bc885b2,full_annotation_v1,A,q_복합_02,명절 선물세트,기타 중 '복합'을 판매·제공하는 매장,test,복합,T4 구어·문장,fa42b768-0b89-48f8-8287-18447776d58a,건어물세상,건어물,토지금고시장,전통시장,인천광역시,,,
8b3a2ba8bbaf75d869e8,full_annotation_v1,A,q_복합_02,명절 선물세트,기타 중 '복합'을 판매·제공하는 매장,test,복합,T4 구어·문장,f3d45df1-31ce-4de3-ac20-c5c94798f244,선물의집,"소매(선물용품,액세서리)",신안코아,전통시장,경기도,,,
541f5ee739ad46353fdf,full_annotation_v1,A,q_복합_02,명절 선물세트,기타 중 '복합'을 판매·제공하는 매장,test,복합,T4 구어·문장,00dcfeff-cf4b-4e7c-a401-fa32451e5aff,시즌글라스 광주 운림점,화장품 등 생활용품,동적골 골목형상점가,골목형상점가,광주광역시,,,
c83ce8af4b8cb7472491,full_annotation_v1,A,q_복합_02,명절 선물세트,기타 중 '복합'을 판매·제공하는 매장,test,복합,T4 구어·문장,7c529746-170e-47d0-9d96-fb0dca4991f0,정육용품총판 (우성),정육자재 선물세트,인천축산물시장,전통시장,인천광역시,,,
f466092754726b2267eb,full_annotation_v1,A,q_복합_02,명절 선물세트,기타 중 '복합'을 판매·제공하는 매장,test,복합,T4 구어·문장,762f1724-25d1-4611-a845-323cbe30ca33,식사준비,간편조리세트,동천동먹자골목2번가상인회 골목형상점가,골목형상점가,광주광역시,,,
83fd34879a82a04b115f,full_annotation_v1,A,q_복합_02,명절 선물세트,기타 중 '복합'을 판매·제공하는 매장,test,복합,T4 구어·문장,44cee1c7-b26d-408e-80e7-cbfe5d212f48,비러브드 선물가게,,프로방스2번가 골목형상점가,골목형상점가,,,,
1eece06694cff1785ac1,full_annotation_v1,A,q_복합_02,명절 선물세트,기타 중 '복합'을 판매·제공하는 매장,test,복합,T4 구어·문장,6f597b47-2e7b-4fd5-be3f-889619b3cafc,선물의 집,건어물,대천항수산시장,전통시장,충청남도,,,
b903741f25d98094e323,full_annotation_v1,A,q_복합_02,명절 선물세트,기타 중 '복합'을 판매·제공하는 매장,test,복합,T4 구어·문장,3d731003-a9a2-423a-acec-f74ec0360911,소연네의류수선선물의,"의류수선, 선물",북평민속시장(북평민속5일장),전통시장,강원특별자치도,,,
0a7125bb2cab733729e1,full_annotation_v1,A,q_복합_02,명절 선물세트,기타 중 '복합'을 판매·제공하는 매장,test,복합,T4 구어·문장,fc2eb97b-2f30-48fd-8a2e-3b7dbc7febc6,대경약국,의약품,충무동해안시장,전통시장,부산광역시,,,
3d4b92c32b2f5b923bf9,full_annotation_v1,A,q_복합_02,명절 선물세트,기타 중 '복합'을 판매·제공하는 매장,test,복합,T4 구어·문장,010721c0-fa4c-4c34-a6f7-f774fd2c9375,자광메디컬CO,도소매(의료용구 생활용품),지동시장,전통시장,경기도,,,
6edcfe3e22713fe049f7,full_annotation_v1,A,q_복합_02,명절 선물세트,기타 중 '복합'을 판매·제공하는 매장,test,복합,T4 구어·문장,cd27a3ce-15e4-46c5-bf03-70ffd0e9dfaf,아름다운치과,치과,성대전통시장,전통시장,서울특별시,,,
2cdd54c3b9319cece073,full_annotation_v1,A,q_복합_02,명절 선물세트,기타 중 '복합'을 판매·제공하는 매장,test,복합,T4 구어·문장,e70afdb5-083d-4754-9b9a-042fb0d580f7,선물의집,잡화,옥계OK골목형상점가,골목형상점가,강원특별자치도,,,
10496b1cc2d794828c44,full_annotation_v1,A,q_복합_02,명절 선물세트,기타 중 '복합'을 판매·제공하는 매장,test,복합,T4 구어·문장,1111261b-1800-4177-bcb7-700be065d834,아토,선물 내지의류,해미읍성전통시장,전통시장,충청남도,,,
fc0aa2aad8472f294c07,full_annotation_v1,A,q_복합_02,명절 선물세트,기타 중 '복합'을 판매·제공하는 매장,test,복합,T4 구어·문장,eb5e98d9-6fed-4d77-9da9-4ff69bf6bdf0,선물유통,기타,칠성원시장,전통시장,대구광역시,,,
44a231e4a2e87c13f196,full_annotation_v1,A,q_복합_02,명절 선물세트,기타 중 '복합'을 판매·제공하는 매장,test,복합,T4 구어·문장,eb96c1aa-4621-4fdf-92e0-2e360eba5c1e,선물뷰티,피부관리,군분로꽁양상인회 골목형상점가,골목형상점가,광주광역시,,,
2a386be233d192fbb322,full_annotation_v1,A,q_복합_02,명절 선물세트,기타 중 '복합'을 판매·제공하는 매장,test,복합,T4 구어·문장,07c22ab1-4469-4378-bfe7-5f0ae17217a7,보물세상,잡화,샘골로골목형상점가,골목형상점가,경기도,,,
ce46550c1e328ba4d657,full_annotation_v1,A,q_복합_02,명절 선물세트,기타 중 '복합'을 판매·제공하는 매장,test,복합,T4 구어·문장,165c6289-ddcb-4d5b-9359-2a255eb6a6bb,선물의집,액세서리,송탄시장(송북시장),전통시장,경기도,,,
67900ffc55187fd930d6,full_annotation_v1,A,q_복합_02,명절 선물세트,기타 중 '복합'을 판매·제공하는 매장,test,복합,T4 구어·문장,91d85bed-858a-4941-9306-be03c355c04b,선물 창고,"식료품, 잡화",서귀포매일올레시장,전통시장,제주특별자치도,,,
365a243896af55da51fd,full_annotation_v1,A,q_복합_02,명절 선물세트,기타 중 '복합'을 판매·제공하는 매장,test,복합,T4 구어·문장,00295b4a-ed81-4dfb-90a3-70fdd5cb27f1,생활용품할인매장,생활용품,계산시장,전통시장,인천광역시,,,
8494491012694e883024,full_annotation_v1,A,q_복합_02,명절 선물세트,기타 중 '복합'을 판매·제공하는 매장,test,복합,T4 구어·문장,a5e200aa-16a0-4ef5-9c7a-cf38f1763c28,선물백화점,시계,주안역지하도상점가,일반지하상점가,인천광역시,,,
3237edeba8e914023e6c,full_annotation_v1,A,q_복합_02,명절 선물세트,기타 중 '복합'을 판매·제공하는 매장,test,복합,T4 구어·문장,4294083d-ba0c-4506-a18f-85d700687a3e,트레이스 마켓,선물가게,전주남부시장,전통시장,전북특별자치도,,,
75fde3189301b466118c,full_annotation_v1,A,q_복합_02,명절 선물세트,기타 중 '복합'을 판매·제공하는 매장,test,복합,T4 구어·문장,d458a817-4d8f-4d44-9dcf-540519dfe3d0,선물코너,"양말, 잡화",천안역전시장(구 천안역공설시장),전통시장,충청남도,,,
d856446bbbc4f511e1f3,full_annotation_v1,A,q_복합_02,명절 선물세트,기타 중 '복합'을 판매·제공하는 매장,test,복합,T4 구어·문장,91deced3-ad47-47ca-b420-6ea2b4709d21,선물의집,인테리어 소품,호계공설시장,전통시장,울산광역시,,,
7529ce877fe32cc8b91d,full_annotation_v1,A,q_복합_02,명절 선물세트,기타 중 '복합'을 판매·제공하는 매장,test,복합,T4 구어·문장,800bca5f-3fe0-47b5-835f-9cf0750ec649,자연이 준 선물,농산물,대조시장,전통시장,서울특별시,,,
84ed18f5483857b444af,full_annotation_v1,A,q_복합_02,명절 선물세트,기타 중 '복합'을 판매·제공하는 매장,test,복합,T4 구어·문장,01f258d2-85d5-4b2e-a9f2-b61b1fc174ce,리빙마트,생활용품,일죽시장,전통시장,경기도,,,
0dfcdf75b8e306e399c2,full_annotation_v1,A,q_복합_02,명절 선물세트,기타 중 '복합'을 판매·제공하는 매장,test,복합,T4 구어·문장,ac8879d0-fb73-4651-a2e5-fe7215c0a44e,선물의집,의류,역전지하상가,일반지하상점가,대전광역시,,,
1f55fe0b7d182471a5d8,full_annotation_v1,A,q_복합_02,명절 선물세트,기타 중 '복합'을 판매·제공하는 매장,test,복합,T4 구어·문장,4ab18228-2e6c-46d2-8c6d-cb972ab00f06,선물,숙녀복,목련시장,전통시장,대구광역시,,,
8a1f2fb5c97d9fa77412,full_annotation_v1,A,q_복합_02,명절 선물세트,기타 중 '복합'을 판매·제공하는 매장,test,복합,T4 구어·문장,4c8b2d0d-6771-4c56-83d1-286a54eeaec6,문랩핑,"선물포장, 공예교육",충장로45가 상점가,자율상권구역,광주광역시,,,
90e54ed4ca81b0a43276,full_annotation_v1,A,q_복합_02,명절 선물세트,기타 중 '복합'을 판매·제공하는 매장,test,복합,T4 구어·문장,f92cfc7f-964d-48a7-99f8-5ef1fab48c64,선물유통,완구,칠성시장,전통시장,대구광역시,,,
bade2e91d2422539cfb3,full_annotation_v1,A,q_복합_02,명절 선물세트,기타 중 '복합'을 판매·제공하는 매장,test,복합,T4 구어·문장,a6b31ec9-6940-4c0d-8209-0469f572425b,진여아트,관광민예품 및 선물용품,장승백이전통시장(구 만수창대시장),전통시장,인천광역시,,,
25b568cc1daecd50bc0c,full_annotation_v1,A,q_복합_02,명절 선물세트,기타 중 '복합'을 판매·제공하는 매장,test,복합,T4 구어·문장,5e03a115-69f0-45cb-9a87-bc0a252940f0,예스플랜,"도소매(타올,선물세트)",동탄상가,자율상권구역,경기도,,,
9b7356a6082c5ed7a8cf,full_annotation_v1,A,q_복합_02,명절 선물세트,기타 중 '복합'을 판매·제공하는 매장,test,복합,T4 구어·문장,4c9beb9b-b2b2-4d40-8f15-b2ef174977e0,선물,"의류, 잡화",수완이지더원 골목형상점가,골목형상점가,광주광역시,,,
c59551917550010c2bf5,full_annotation_v1,A,q_복합_02,명절 선물세트,기타 중 '복합'을 판매·제공하는 매장,test,복합,T4 구어·문장,09500083-d9e1-4e11-b778-af708c597812,대명고령장날정육점 [한우선물세트],축산,대명시장,전통시장,대구광역시,,,
b77076928cea2e0fa246,full_annotation_v1,A,q_복합_02,명절 선물세트,기타 중 '복합'을 판매·제공하는 매장,test,복합,T4 구어·문장,43da5e61-dbf5-498e-840c-8b538367deb1,케이맛스타,간편조리세트,상도전통시장,전통시장,서울특별시,,,
29892fcef53eeb8cc936,full_annotation_v1,A,q_복합_02,명절 선물세트,기타 중 '복합'을 판매·제공하는 매장,test,복합,T4 구어·문장,6d329192-2e49-48dc-a3ef-0a93057f82cf,능금농협101번직판장,청과,효자시장,전통시장,경상북도,,,
dbb468df8b2a3208e8b9,full_annotation_v1,A,q_복합_02,명절 선물세트,기타 중 '복합'을 판매·제공하는 매장,test,복합,T4 구어·문장,018a1385-dc68-48d1-bfdf-22fa04be4af2,알파문구 광주동강대점,문구 생활용품 전산용품 환경용품 외,말바우지키미 골목형상점가,골목형상점가,광주광역시,,,
39a3449e41f3908d1579,full_annotation_v1,A,q_복합_02,명절 선물세트,기타 중 '복합'을 판매·제공하는 매장,test,복합,T4 구어·문장,9628c507-3c40-4e04-91e4-12dfcf609ecd,곰이네 상점,공방,운수대통!생거진천전통시장,전통시장,충청북도,,,
62073da7aeba52c9ddae,full_annotation_v1,A,q_복합_02,명절 선물세트,기타 중 '복합'을 판매·제공하는 매장,test,복합,T4 구어·문장,12cbc31c-ffef-4340-9c48-88faba5d514b,선물의집,외의,마산 양덕중앙시장,전통시장,경상남도,,,
e089f352feb706305072,full_annotation_v1,A,q_복합_02,명절 선물세트,기타 중 '복합'을 판매·제공하는 매장,test,복합,T4 구어·문장,43ec2efa-8490-4bc3-8d3b-7fdad539b2f4,선물코너,잡화,연풍시장(구 연풍전통시장),전통시장,충청북도,,,
419bdba2fb421c1f236e,full_annotation_v1,A,q_복합_02,명절 선물세트,기타 중 '복합'을 판매·제공하는 매장,test,복합,T4 구어·문장,109cdfa8-8ebe-4353-bb01-2d2135951222,선물코너,악세사리,다모아상가 골목형상점가,골목형상점가,대전광역시,,,
400f0080076dd36e1be6,full_annotation_v1,A,q_복합_02,명절 선물세트,기타 중 '복합'을 판매·제공하는 매장,test,복합,T4 구어·문장,ffd8bc84-505e-4136-a297-ace42bf0aad4,선물의집,악세사리,인왕시장,전통시장,서울특별시,,,
71bc8c5ecbf3e95e9281,full_annotation_v1,A,q_복합_02,명절 선물세트,기타 중 '복합'을 판매·제공하는 매장,test,복합,T4 구어·문장,df858ef5-b6f2-498e-85d8-e0c20b6da5d3,한음한방신경정신과한의원,한의원,본치평상인회 골목형상점가,골목형상점가,광주광역시,,,
41cf2c503f36885cefea,full_annotation_v1,A,q_분식_01,분식,음식점 중 '분식'을 판매·제공하는 매장,test,분식,T1 정확표기,00719699-eb0c-4473-bda9-7a16eace345e,봉식이옛날왕만두,만두,삼익 골목형상점가,골목형상점가,서울특별시,,,
6d5a45031cc61d612035,full_annotation_v1,A,q_분식_01,분식,음식점 중 '분식'을 판매·제공하는 매장,test,분식,T1 정확표기,4577431c-72c4-4ba0-84ad-65add48aa83c,출근길생고기 동대구역점,생고기,동터 골목형상점가,골목형상점가,대구광역시,,,
ae921b5e304b3dba8984,full_annotation_v1,A,q_분식_01,분식,음식점 중 '분식'을 판매·제공하는 매장,test,분식,T1 정확표기,ee747842-5aad-4b87-bca8-b5dfc0544918,김밥나라,분식,장안문거북시장,전통시장,경기도,,,
8336d23e6a022d152ea9,full_annotation_v1,A,q_분식_01,분식,음식점 중 '분식'을 판매·제공하는 매장,test,분식,T1 정확표기,7874c69f-ebb5-46f4-afc1-a582335a3286,모아분식,분식,수정전통시장,전통시장,부산광역시,,,
c7b5308d90ac4f10141d,full_annotation_v1,A,q_분식_01,분식,음식점 중 '분식'을 판매·제공하는 매장,test,분식,T1 정확표기,04b03558-95d1-4a0e-a9e2-9a9e72bdadb2,배가찐왕만두,만두,문흥2동 골목형상점가,골목형상점가,광주광역시,,,
dd0028b76f4d7876c9fc,full_annotation_v1,A,q_분식_01,분식,음식점 중 '분식'을 판매·제공하는 매장,test,분식,T1 정확표기,a70ae85b-0454-462c-8db3-bbd7766afdee,다닐목,분식,대산종합시장,전통시장,충청남도,,,
fee299c01559da0dcbd7,full_annotation_v1,A,q_분식_01,분식,음식점 중 '분식'을 판매·제공하는 매장,test,분식,T1 정확표기,c6787d2f-964b-42c0-a487-fa3a8fd2c097,아리수 분식,분식,풍암고앞상인회 골목형상점가,골목형상점가,광주광역시,,,
7ecfae4978d7d6a4929b,full_annotation_v1,A,q_분식_01,분식,음식점 중 '분식'을 판매·제공하는 매장,test,분식,T1 정확표기,0bd42ff5-ce49-41c0-9a09-0b1af48665d6,김밥나라,분식,검단중앙 골목형상점가,골목형상점가,인천광역시,,,
c3c772c22601bf1c4e8c,full_annotation_v1,A,q_분식_01,분식,음식점 중 '분식'을 판매·제공하는 매장,test,분식,T1 정확표기,00ca89c2-42a8-432d-ba4b-5abd23c18ab0,계란밥,계란밥분식,시청역상가번영회 골목형상점가,골목형상점가,광주광역시,,,
74d704f353b31f47bb8d,full_annotation_v1,A,q_분식_01,분식,음식점 중 '분식'을 판매·제공하는 매장,test,분식,T1 정확표기,6b9a2b26-9295-498c-991e-47c3b403385b,짱맛분식,분식,태화시장,전통시장,울산광역시,,,
8d19af78a6d96d0cf3eb,full_annotation_v1,A,q_분식_01,분식,음식점 중 '분식'을 판매·제공하는 매장,test,분식,T1 정확표기,017c71f5-48d0-4cce-a370-a84d34d36658,무봉리토종순대국파주운정점,,산내마을 골목형상점가,골목형상점가,경기도,,,
891abc24ada62e1190f7,full_annotation_v1,A,q_분식_01,분식,음식점 중 '분식'을 판매·제공하는 매장,test,분식,T1 정확표기,055b0501-9678-421c-9b8d-2994754df728,캠토토스트 계룡대실점,토스트,두마면 대실골목형상점가,골목형상점가,충청남도,,,
df5574ed937a72ca6aca,full_annotation_v1,A,q_분식_01,분식,음식점 중 '분식'을 판매·제공하는 매장,test,분식,T1 정확표기,7c69515c-ff5b-4856-8050-fbaa722d7569,김밥나라,분식,성환1번가 골목형상점가,골목형상점가,충청남도,,,
1a55fdc6c887aa35d6e4,full_annotation_v1,A,q_분식_01,분식,음식점 중 '분식'을 판매·제공하는 매장,test,분식,T1 정확표기,00b5a007-bb8d-47db-963d-ccc7e93c25ac,장호덕 손만두 백석점,만두,백석한들1번가 골목형상점가,골목형상점가,충청남도,,,
9be7f9039cb55628a694,full_annotation_v1,A,q_분식_01,분식,음식점 중 '분식'을 판매·제공하는 매장,test,분식,T1 정확표기,2411013e-73bf-4cf8-b65a-3b8512d1a255,또바기 분식,분식,국수거리 골목형상점가,골목형상점가,전라남도,,,
f0570d66dd8682c48e61,full_annotation_v1,A,q_분식_01,분식,음식점 중 '분식'을 판매·제공하는 매장,test,분식,T1 정확표기,a1b3ef25-45bb-43e0-a0d4-cc56682224b4,다롱분식,분식,상계주공1단지 가상가,자율상권구역,서울특별시,,,
6218fa871b1e5f5ca7b0,full_annotation_v1,A,q_분식_01,분식,음식점 중 '분식'을 판매·제공하는 매장,test,분식,T1 정확표기,d3c9dcd5-5e39-446b-b598-c4948abd7163,마운틴,,원주중앙로문화의거리,자율상권구역,강원특별자치도,,,
477021db47fd48db077b,full_annotation_v1,A,q_분식_01,분식,음식점 중 '분식'을 판매·제공하는 매장,test,분식,T1 정확표기,bbd8361d-28b8-4c6b-9d1d-ed19d6c9f65d,녹색청과,과실및채소,강경대흥시장,전통시장,충청남도,,,
31b330b51f93bd3c1d17,full_annotation_v1,A,q_분식_01,분식,음식점 중 '분식'을 판매·제공하는 매장,test,분식,T1 정확표기,39b92297-99c8-441e-8c20-2723ee9621c7,맘분식,분식,미소상인회 골목형상점가,골목형상점가,서울특별시,,,
7d234a3ad4db1403edc3,full_annotation_v1,A,q_분식_01,분식,음식점 중 '분식'을 판매·제공하는 매장,test,분식,T1 정확표기,0b8ef6dc-2f6b-4707-bd73-529122d9c97a,하단떡집,떡집,하단오일상설시장,전통시장,부산광역시,,,
af745201d7b27f77cc50,full_annotation_v1,A,q_분식_01,분식,음식점 중 '분식'을 판매·제공하는 매장,test,분식,T1 정확표기,926f80c7-515f-4f04-ba57-243fc346ba6a,오킴밥,분식,인왕시장,전통시장,서울특별시,,,
f55d096c53cf8ee95cf3,full_annotation_v1,A,q_분식_01,분식,음식점 중 '분식'을 판매·제공하는 매장,test,분식,T1 정확표기,47d6418d-b8e2-40e0-95cf-0d97ba343e4e,토탈먹거리,분식,감전시장,전통시장,부산광역시,,,
73231787294c060f4015,full_annotation_v1,A,q_분식_01,분식,음식점 중 '분식'을 판매·제공하는 매장,test,분식,T1 정확표기,b49cb96a-62ef-4917-af1a-57f151d6c24c,엄지척꼬마김밥&분식,분식,아진상가,골목형상점가,울산광역시,,,
d4dd06611b45b2764fa2,full_annotation_v1,A,q_분식_01,분식,음식점 중 '분식'을 판매·제공하는 매장,test,분식,T1 정확표기,d4be70a8-b63a-4ea4-94ca-92e4c844da50,명품왕만두찐빵,분식,달아실 골목형상점가,골목형상점가,광주광역시,,,
74aa975ea13be5497ee7,full_annotation_v1,A,q_분식_01,분식,음식점 중 '분식'을 판매·제공하는 매장,test,분식,T1 정확표기,4e65eded-139b-422b-a408-8671c0ba9b6c,대발이 분식,분식,동서시장,전통시장,대구광역시,,,
359f20012ae39592d4e1,full_annotation_v1,A,q_분식_01,분식,음식점 중 '분식'을 판매·제공하는 매장,test,분식,T1 정확표기,f56caf64-3c82-4eda-a4db-a15542076617,김밥나라,분식,오치2동 골목형상점가,골목형상점가,광주광역시,,,
08d09fc15a0ce02c201e,full_annotation_v1,A,q_분식_01,분식,음식점 중 '분식'을 판매·제공하는 매장,test,분식,T1 정확표기,ee5cec65-a97d-482f-ac44-303110e05ef6,김밥나라,분식,서둔동 골목형상점가,골목형상점가,경기도,,,
e09bb60ae535915f0e06,full_annotation_v1,A,q_분식_01,분식,음식점 중 '분식'을 판매·제공하는 매장,test,분식,T1 정확표기,005313c8-dce8-49b6-9841-9143ebb1305a,동원떡집,,박달시장,전통시장,경기도,,,
07c8258fd49118490721,full_annotation_v1,A,q_분식_01,분식,음식점 중 '분식'을 판매·제공하는 매장,test,분식,T1 정확표기,f1089723-7b00-420e-b30c-56ff66c0429b,김밥천국,분식,광주송정역세권 상권활성화구역,상권활성화구역,광주광역시,,,
a0ce9e23153a22e9168a,full_annotation_v1,A,q_분식_01,분식,음식점 중 '분식'을 판매·제공하는 매장,test,분식,T1 정확표기,00b5a60c-c548-4ac2-8259-9bb788c0fc58,까치김밥,김밥식사류,신림별빛거리골목형상점가,골목형상점가,서울특별시,,,
ead713a8c06785a0b235,full_annotation_v1,A,q_분식_01,분식,음식점 중 '분식'을 판매·제공하는 매장,test,분식,T1 정확표기,d19bfa02-4cc1-402d-a212-8482992a3cdb,나나분식,분식,창원 성원그랜드쇼핑상가,전통시장,경상남도,,,
2aaead2d04a69b2fb3c6,full_annotation_v1,A,q_분식_01,분식,음식점 중 '분식'을 판매·제공하는 매장,test,분식,T1 정확표기,001cb3d4-5441-4963-b517-d5b3904ee312,현창떡집,떡집,목포동부시장,전통시장,전라남도,,,
83209de456caf2cac003,full_annotation_v1,A,q_분식_01,분식,음식점 중 '분식'을 판매·제공하는 매장,test,분식,T1 정확표기,00ec6d6a-b0c1-4662-b17f-9c9f059a4bcd,백암서울순대국,순대국,강서구청먹자골목골목형상점가,골목형상점가,서울특별시,,,
d26cfe4dd24cd94ab7bb,full_annotation_v1,A,q_분식_01,분식,음식점 중 '분식'을 판매·제공하는 매장,test,분식,T1 정확표기,65c06f56-f1ac-4edf-8762-17cefd430713,학!땡분식,분식,양지중앙 골목형상점가,골목형상점가,경기도,,,
99b85da9b1dcbc27c114,full_annotation_v1,A,q_분식_01,분식,음식점 중 '분식'을 판매·제공하는 매장,test,분식,T1 정확표기,a3305d17-57d9-48f2-b4fc-f69b7c4c85f9,미미네 분식,분식,진천혁신골목형상점가,골목형상점가,충청북도,,,
cc8301d02874a872fff1,full_annotation_v1,A,q_분식_01,분식,음식점 중 '분식'을 판매·제공하는 매장,test,분식,T1 정확표기,7a736fc8-7e84-4cd5-a4d7-f9a5a0238d1f,커피허유,분식,해미읍성전통시장,전통시장,충청남도,,,
d4aff387160eb52755f4,full_annotation_v1,A,q_분식_01,분식,음식점 중 '분식'을 판매·제공하는 매장,test,분식,T1 정확표기,faa42f97-f53c-422c-baba-12be7ed2bf90,나들이 분식,분식,반여2동상가시장,전통시장,부산광역시,,,
0cc1829f4aa44b01de88,full_annotation_v1,A,q_분식_01,분식,음식점 중 '분식'을 판매·제공하는 매장,test,분식,T1 정확표기,7366fc09-4b2c-468b-9b09-bb9b6e05f7f1,김밥나라,분식,연제동 골목형상점가,골목형상점가,광주광역시,,,
ebbb762642aa4ea239c3,full_annotation_v1,A,q_분식_01,분식,음식점 중 '분식'을 판매·제공하는 매장,test,분식,T1 정확표기,8e02b1c9-93a9-483f-bde7-5fefd3389aff,못난이 분식,,승달 골목형상점가,골목형상점가,,,,
ad3e5e4f8c8e2e3aad7c,full_annotation_v1,A,q_분식_01,분식,음식점 중 '분식'을 판매·제공하는 매장,test,분식,T1 정확표기,440e3256-5c56-41e1-8736-091361920933,영광분식,분식,광복마을3-4길 골목형상점가,골목형상점가,광주광역시,,,
0efb4bfc746d227d17bf,full_annotation_v1,A,q_분식_01,분식,음식점 중 '분식'을 판매·제공하는 매장,test,분식,T1 정확표기,0e9f0ef6-5316-46a8-a066-f4bbb1e4e762,감내분식,분식,감천문화마을 골목형상점가,골목형상점가,부산광역시,,,
48fcc6ea8063ef393f17,full_annotation_v1,A,q_분식_01,분식,음식점 중 '분식'을 판매·제공하는 매장,test,분식,T1 정확표기,00e9517a-1887-4acf-b072-10c7cadf9512,불닭발 땡초 동대문 엽기 떡볶이,분식,유엔남구 대학로 상권,,부산광역시,,,
93169c96aa1d12e98998,full_annotation_v1,A,q_분식_01,분식,음식점 중 '분식'을 판매·제공하는 매장,test,분식,T1 정확표기,007d6b63-4e47-47fa-aaa5-6d0b5cc7280b,도토리김밥계룡엄사점,분식,엄사 골목형상점가,골목형상점가,충청남도,,,
4db28dc1ec7876123ae4,full_annotation_v1,A,q_분식_01,분식,음식점 중 '분식'을 판매·제공하는 매장,test,분식,T1 정확표기,22ec6920-38b7-4d76-ac8c-f8ef74779d55,꿈떡분식,분식,산울림 골목형상점가,골목형상점가,세종특별자치시,,,
d153d3cb8317b3826345,full_annotation_v1,A,q_분식_01,분식,음식점 중 '분식'을 판매·제공하는 매장,test,분식,T1 정확표기,4dcfbd81-8e8d-426f-b39e-74e1995c3393,끈적국수,분식,월곡1동 골목형상점가,골목형상점가,광주광역시,,,
8cab8186465fce8257e8,full_annotation_v1,A,q_분식_01,분식,음식점 중 '분식'을 판매·제공하는 매장,test,분식,T1 정확표기,00e30e6c-dde0-49cd-9e3e-95465aa4247e,동해분식,분식,서남신시장,전통시장,대구광역시,,,
e5167483a773164117e0,full_annotation_v1,A,q_분식_01,분식,음식점 중 '분식'을 판매·제공하는 매장,test,분식,T1 정확표기,d514a7d9-cdf1-48b4-ad9b-3b14eeb5ca52,신선김밥,분식,신길성애 골목형상점가,골목형상점가,서울특별시,,,
35bf9fcce8c77c63b461,full_annotation_v1,A,q_분식_01,분식,음식점 중 '분식'을 판매·제공하는 매장,test,분식,T1 정확표기,52bae579-263d-479e-a46d-2ec326936756,핫떡,분식,방학동도깨비시장,전통시장,서울특별시,,,
21b4a1d802ead1cec2fd,full_annotation_v1,A,q_분식_01,분식,음식점 중 '분식'을 판매·제공하는 매장,test,분식,T1 정확표기,0239c4e7-2ae3-4f29-8952-19c6d9d1d9a9,세번째집,순대국밥,성환이화시장,전통시장,충청남도,,,
17d0caea98bfe10923bd,full_annotation_v1,A,q_분식_01,분식,음식점 중 '분식'을 판매·제공하는 매장,test,분식,T1 정확표기,5f2020b6-aa86-4f18-a592-ab461df6c372,웰츠분식,분식,웰츠타워 골목형상점가,골목형상점가,울산광역시,,,
0553963ee184d0aa351b,full_annotation_v1,A,q_분식_01,분식,음식점 중 '분식'을 판매·제공하는 매장,test,분식,T1 정확표기,13d4434f-e7e2-4186-b57e-6c65fb16e6bc,떡뽀이,분식,적성전통시장,전통시장,경기도,,,
04c8c0f2988fbf3f74bf,full_annotation_v1,A,q_분식_01,분식,음식점 중 '분식'을 판매·제공하는 매장,test,분식,T1 정확표기,ce5cf770-c02a-4295-bd1e-e0d4baaa8ecb,나비루,덮밥,상도전통시장,전통시장,서울특별시,,,
637a81bd421bd2bfe1e9,full_annotation_v1,A,q_분식_01,분식,음식점 중 '분식'을 판매·제공하는 매장,test,분식,T1 정확표기,a0e47cd1-1e08-4f21-8887-015fb375f995,모아,분식,양동경열로시장,전통시장,광주광역시,,,
c08f69026a7f7c423a81,full_annotation_v1,A,q_분식_01,분식,음식점 중 '분식'을 판매·제공하는 매장,test,분식,T1 정확표기,dc303945-91d5-43cd-b49e-7d1d86258f18,한닢김밥,분식,이충 중심상가,골목형상점가,경기도,,,
d25767d0b42e5ecda54a,full_annotation_v1,A,q_분식_01,분식,음식점 중 '분식'을 판매·제공하는 매장,test,분식,T1 정확표기,22861931-777e-4998-8082-e3d8afbe5656,가마치 옛날통닭,치킨,팔등로기부거리,골목형상점가,울산광역시,,,
357517dc5e859e43af4f,full_annotation_v1,A,q_분식_01,분식,음식점 중 '분식'을 판매·제공하는 매장,test,분식,T1 정확표기,e3551908-2e75-4bff-8490-507ad93d0df3,김밥나라,분식,신가아름마을,골목형상점가,광주광역시,,,
cb38f6978d0bc4ef3a55,full_annotation_v1,A,q_분식_01,분식,음식점 중 '분식'을 판매·제공하는 매장,test,분식,T1 정확표기,79df1cc8-be9f-4894-aed6-f64863dbbaec,씨유 양양남문점,,양양로 골목형상점가,골목형상점가,강원특별자치도,,,
6cb5fb3a54207b1a3a7f,full_annotation_v1,A,q_분식_01,분식,음식점 중 '분식'을 판매·제공하는 매장,test,분식,T1 정확표기,93896569-1f05-47ad-ae55-34977c81045b,튀겨볶아,분식,신기시장,전통시장,인천광역시,,,
6587b985c2cf3221eadc,full_annotation_v1,A,q_분식_01,분식,음식점 중 '분식'을 판매·제공하는 매장,test,분식,T1 정확표기,d7b3e5e7-4528-4949-8a34-92ffc554d60b,오산분식,분식,익산남부시장,전통시장,전북특별자치도,,,
6d56194d62ed065197fc,full_annotation_v1,A,q_분식_01,분식,음식점 중 '분식'을 판매·제공하는 매장,test,분식,T1 정확표기,fcd1d180-df17-4597-83fd-7bef737a72e5,토이강정/분식,분식,인수로골목형상점가,골목형상점가,서울특별시,,,
52cf7afb8e62714c44ad,full_annotation_v1,A,q_분식_01,분식,음식점 중 '분식'을 판매·제공하는 매장,test,분식,T1 정확표기,0075dacf-3e3f-47b8-a4af-d3a2ff866348,북툰커피앤카페,찐빵 만두 커피,신창진흥 골목형상점가,골목형상점가,광주광역시,,,
d5b44bb1cea3bdc23684,full_annotation_v1,A,q_분식_01,분식,음식점 중 '분식'을 판매·제공하는 매장,test,분식,T1 정확표기,11d61bbb-4f09-4a35-8ae1-f2b27c00af0a,김밥나라,분식,작전시장,전통시장,인천광역시,,,
94db6ae7b156a977e11b,full_annotation_v1,A,q_분식_01,분식,음식점 중 '분식'을 판매·제공하는 매장,test,분식,T1 정확표기,12acfe7a-1939-4f43-b78b-4e09bbc595f0,소망분식,분식,임방울거리2구역 골목형상점가,골목형상점가,광주광역시,,,
4ce61edbcd94db33ec0f,full_annotation_v1,A,q_분식_01,분식,음식점 중 '분식'을 판매·제공하는 매장,test,분식,T1 정확표기,b988df7d-b619-4968-a161-25f8f6f1dde6,김밥나라,분식,첨단이웃사랑 골목형상점가,골목형상점가,광주광역시,,,
d2099b651d7788f379c4,full_annotation_v1,A,q_분식_01,분식,음식점 중 '분식'을 판매·제공하는 매장,test,분식,T1 정확표기,1d0cd062-96df-4398-8d95-8fc74a9eac0b,떽때기,분식,문창시장,전통시장,대전광역시,,,
df2d4b57b50d1a65aac1,full_annotation_v1,A,q_분식_01,분식,음식점 중 '분식'을 판매·제공하는 매장,test,분식,T1 정확표기,8f7aa24f-f898-4e7d-b03e-9b26136f974c,무등분식,분식,금남로5가 골목형상점가,골목형상점가,광주광역시,,,
f9570eb685d9e52a1301,full_annotation_v1,A,q_분식_01,분식,음식점 중 '분식'을 판매·제공하는 매장,test,분식,T1 정확표기,08502e05-05ef-4baa-8348-11827577e439,바를정 수제튀김&분식,분식,한울상인회 골목형상점가,골목형상점가,광주광역시,,,
779ae1160a58cfde00c6,full_annotation_v1,A,q_분식_01,분식,음식점 중 '분식'을 판매·제공하는 매장,test,분식,T1 정확표기,75a60a94-d2be-44cf-b81b-502d93d4aede,팡이네 분식,분식,쌍리단길상점가,자율상권구역,서울특별시,,,
e96520946b8722563374,full_annotation_v1,A,q_분식_01,분식,음식점 중 '분식'을 판매·제공하는 매장,test,분식,T1 정확표기,93a08c47-c8ec-4189-9529-1b01ec1d729c,빨간오뎅,분식,남성사계시장,전통시장,서울특별시,,,
b19ebed06b89dc4f2b8d,full_annotation_v1,A,q_분식_01,분식,음식점 중 '분식'을 판매·제공하는 매장,test,분식,T1 정확표기,52aa21c7-93f0-4310-8077-d8e649c46a94,홍군튀떡,분식,송죽솔대 골목형상점가,골목형상점가,경기도,,,
64fbd1b3358141270b52,full_annotation_v1,A,q_분식_01,분식,음식점 중 '분식'을 판매·제공하는 매장,test,분식,T1 정확표기,75204542-cec8-4b83-b47a-1fd2871c0a9f,간이역,한식,팔등로기부거리,골목형상점가,울산광역시,,,
80d233c707d7408912a9,full_annotation_v1,A,q_분식_01,분식,음식점 중 '분식'을 판매·제공하는 매장,test,분식,T1 정확표기,96ac7d45-2bea-4a6a-9403-2b2a2c1f5d10,김밥나라,분식,용봉지구 골목형상점가,골목형상점가,광주광역시,,,
23136ba53d59604dea09,full_annotation_v1,A,q_분식_01,분식,음식점 중 '분식'을 판매·제공하는 매장,test,분식,T1 정확표기,a33a52e2-d964-4c58-9cbe-65d310cf3547,불오뎅,분식,괴정골목시장,전통시장,부산광역시,,,
fca19937561978a8a22a,full_annotation_v1,A,q_분식_01,분식,음식점 중 '분식'을 판매·제공하는 매장,test,분식,T1 정확표기,008594db-d86c-4014-bf5c-16f6cd40402d,와글와글봄소풍,김밥,다사역 골목형상점가,골목형상점가,대구광역시,,,
3fe14340d52f904ab679,full_annotation_v1,A,q_분식_01,분식,음식점 중 '분식'을 판매·제공하는 매장,test,분식,T1 정확표기,e5a6f9f5-d811-46fa-8888-8b89aa1c13be,마띠나,분식,익산 다e로움 상권활성화구역,상권활성화구역,전북특별자치도,,,
cab8cde0b804959244f6,full_annotation_v1,A,q_분식_01,분식,음식점 중 '분식'을 판매·제공하는 매장,test,분식,T1 정확표기,6480db83-7744-45ad-9b3f-4b7e789a5a71,김밥나라,분식,봉선중길 골목형상점가,골목형상점가,광주광역시,,,
ba648520dd4199c5f7db,full_annotation_v1,A,q_분식_01,분식,음식점 중 '분식'을 판매·제공하는 매장,test,분식,T1 정확표기,ce619091-0b24-4b4e-b648-3fc0764c885e,일곱가지 분식,분식,동구시장,전통시장,대구광역시,,,
b451c3c4dd7644acccb4,full_annotation_v1,A,q_분식_01,분식,음식점 중 '분식'을 판매·제공하는 매장,test,분식,T1 정확표기,94f574fb-bf23-45de-b213-9393da4b8009,김밥나라,분식,맛조이상인회 골목형상점가,골목형상점가,광주광역시,,,
f6b24e58fcd3cc7d8f3f,full_annotation_v1,A,q_분식_01,분식,음식점 중 '분식'을 판매·제공하는 매장,test,분식,T1 정확표기,05db11aa-138d-4d4b-99a7-3600a283dac8,김밥나라,분식,내상로 골목형상점가,골목형상점가,광주광역시,,,
74deadf1a101f0bfe318,full_annotation_v1,A,q_분식_01,분식,음식점 중 '분식'을 판매·제공하는 매장,test,분식,T1 정확표기,0012a3b4-64a1-440c-a76e-f2be12a2f086,튀김집,분식,두암시장주변 골목형상점가,골목형상점가,광주광역시,,,
708d8e7839b1b5cc4194,full_annotation_v1,A,q_분식_01,분식,음식점 중 '분식'을 판매·제공하는 매장,test,분식,T1 정확표기,a8b9ef14-bdd0-4b00-a948-1ca1b9faa612,모일맨,분식,도군머리 골목형상점가,골목형상점가,광주광역시,,,
7e4428027213e32cdd17,full_annotation_v1,A,q_분식_01,분식,음식점 중 '분식'을 판매·제공하는 매장,test,분식,T1 정확표기,024c1f10-1fe0-4be3-8bde-6465f5cd8c43,오늘은 떡볶이,"떡볶이, 튀김, 순대 등",석촌시장,전통시장,서울특별시,,,
e62976f71ec27cda712b,full_annotation_v1,A,q_분식_01,분식,음식점 중 '분식'을 판매·제공하는 매장,test,분식,T1 정확표기,0b002eb6-9015-4b32-a445-913b1b5fbda9,김밥나라,분식,초지항아리 골목형상점가,골목형상점가,경기도,,,
1e9e3e279f3d1fae29f7,full_annotation_v1,A,q_분식_01,분식,음식점 중 '분식'을 판매·제공하는 매장,test,분식,T1 정확표기,7ae265f0-b1d9-4756-9d90-b578f84ae8be,5오돈까스,분식,성동용답상가시장,전통시장,서울특별시,,,
9bd9d309844524d97c55,full_annotation_v1,A,q_분식_01,분식,음식점 중 '분식'을 판매·제공하는 매장,test,분식,T1 정확표기,0910caae-ad67-4ef3-934e-fff4c6059206,참토스트 대전학하점,토스트,계산동 골목형상점가,골목형상점가,대전광역시,,,
ba1601e5c80275cdfcb4,full_annotation_v1,A,q_분식_01,분식,음식점 중 '분식'을 판매·제공하는 매장,test,분식,T1 정확표기,0018c143-a8bd-4461-a8ae-ee348edfad7a,김가네의정부중앙역점,김밥 분식 식사등,의정부시 구도심 상권활성화구역,상권활성화구역,경기도,,,
5b4470cc156046e4419a,full_annotation_v1,A,q_분식_01,분식,음식점 중 '분식'을 판매·제공하는 매장,test,분식,T1 정확표기,1cb461d9-de62-441b-b82b-c577ec106d2c,고운토탈패션,의류,양동복개상가,전통시장,광주광역시,,,
9b5c22e3ae6a142a630b,full_annotation_v1,A,q_분식_01,분식,음식점 중 '분식'을 판매·제공하는 매장,test,분식,T1 정확표기,0555a982-9411-4a65-9629-e51f7fa1b5c0,소영이네 분식,분식,증산종합시장,전통시장,서울특별시,,,
1fb7c918cb20f70b83da,full_annotation_v1,A,q_분식_01,분식,음식점 중 '분식'을 판매·제공하는 매장,test,분식,T1 정확표기,787842a2-9151-4414-bcdc-d7937367a64b,거봉식품,콩나물,팔달신시장,전통시장,대구광역시,,,
358f3da33f3044fa2c46,full_annotation_v1,A,q_분식_01,분식,음식점 중 '분식'을 판매·제공하는 매장,test,분식,T1 정확표기,00e34fb5-e7d3-43aa-b574-400ee31abae5,은혜만두,만두,북동 골목형상점가,골목형상점가,광주광역시,,,
ad2e428c43abdc241264,full_annotation_v1,A,q_분식_01,분식,음식점 중 '분식'을 판매·제공하는 매장,test,분식,T1 정확표기,08263ee2-3ea0-47e2-b639-ff6944f09a81,춘향이네 분식,분식,남원공설시장,전통시장,전북특별자치도,,,
f394af1ce901ab6de972,full_annotation_v1,A,q_분식_01,분식,음식점 중 '분식'을 판매·제공하는 매장,test,분식,T1 정확표기,5298f37a-406d-4dca-a2b4-da24f1b77dab,김밥나라,분식,운남7단지먹자거리 골목형상점가,골목형상점가,광주광역시,,,
f97a8ac3cf1469f7972d,full_annotation_v1,A,q_분식_01,분식,음식점 중 '분식'을 판매·제공하는 매장,test,분식,T1 정확표기,eee65c5a-6ed8-4ad5-8ff4-e60bcccf40d1,참치열전,회,동구시장,전통시장,대구광역시,,,
4e2d6942b22d941866d3,full_annotation_v1,A,q_분식_01,분식,음식점 중 '분식'을 판매·제공하는 매장,test,분식,T1 정확표기,01853453-69ac-4f55-9cd8-09e40088ab59,가마솥왕만두,만두,울산번개시장,전통시장,울산광역시,,,
4c7e7544a17838f674f8,full_annotation_v1,A,q_분식_01,분식,음식점 중 '분식'을 판매·제공하는 매장,test,분식,T1 정확표기,4637d6d8-1fa2-487f-aa40-b2151290ef50,고향분식,분식,감포시장,전통시장,경상북도,,,
de12d1e7c6a987e68b0b,full_annotation_v1,A,q_분식_01,분식,음식점 중 '분식'을 판매·제공하는 매장,test,분식,T1 정확표기,6e64377e-bde0-4fba-8cca-dbff6031700a,화순집,한식,전주한옥마을 골목형상점가,골목형상점가,전북특별자치도,,,
bb5a4fb7b13b4b4ad133,full_annotation_v1,A,q_분식_01,분식,음식점 중 '분식'을 판매·제공하는 매장,test,분식,T1 정확표기,f5e2e20c-1f11-49fd-aae2-282b5156dfc6,야호분식,분식,태평시장,전통시장,대전광역시,,,
0616979f4756a6e91f8c,full_annotation_v1,A,q_분식_01,분식,음식점 중 '분식'을 판매·제공하는 매장,test,분식,T1 정확표기,02f03161-3a15-416f-bdd6-8ad5bd17781d,시골참순대,,관저동 먹자골목 골목형상점가,골목형상점가,대전광역시,,,
62d1b3ffcbc6e7d79de6,full_annotation_v1,A,q_분식_01,분식,음식점 중 '분식'을 판매·제공하는 매장,test,분식,T1 정확표기,de2cdf93-937c-4615-ab37-474c9e033e9f,까동,분식,전남대 상대 골목형상점가,골목형상점가,광주광역시,,,
adea10396f83cb5cc1e9,full_annotation_v1,A,q_분식_01,분식,음식점 중 '분식'을 판매·제공하는 매장,test,분식,T1 정확표기,29319f9e-57f3-4fae-a101-9c3295234972,김밥나라,분식,신안동광주역앞상가 골목형상점가,골목형상점가,광주광역시,,,
e9746f8e7d7a85cda3bd,full_annotation_v1,A,q_분식_01,분식,음식점 중 '분식'을 판매·제공하는 매장,test,분식,T1 정확표기,22a939a5-dd57-476c-acd5-4c40c7b522a6,어닝바,분식,중랑동부시장,전통시장,서울특별시,,,
2785393df9b30ce64d92,full_annotation_v1,A,q_분식_01,분식,음식점 중 '분식'을 판매·제공하는 매장,test,분식,T1 정확표기,12b6df6d-7ba9-4cdf-8f02-3f3a9c3e9593,거진항,분식,양곡시장,전통시장,경기도,,,
9c1693690c5b225feea1,full_annotation_v1,A,q_분식_01,분식,음식점 중 '분식'을 판매·제공하는 매장,test,분식,T1 정확표기,dbecd0c3-b736-4b3a-93b8-230f3b224e4c,여고시절 분식,,청주대중앙로골목형상점가,골목형상점가,충청북도,,,
6c076209f40520aee4f2,full_annotation_v1,A,q_분식_01,분식,음식점 중 '분식'을 판매·제공하는 매장,test,분식,T1 정확표기,7c6683f5-862a-4d78-86fd-0543bf8e4450,김분식,분식,장천동상가,자율상권구역,전라남도,,,
5161c28b9e7096095ca4,full_annotation_v1,A,q_분식_01,분식,음식점 중 '분식'을 판매·제공하는 매장,test,분식,T1 정확표기,706557c7-f7a1-4a18-b2a5-6dda328a3a08,김밥나라,분식,수완하나로 골목형상점가,골목형상점가,광주광역시,,,
8e9d38d572152af6d81b,full_annotation_v1,A,q_분식_01,분식,음식점 중 '분식'을 판매·제공하는 매장,test,분식,T1 정확표기,00783b5c-54fd-42fc-8bcf-1ea7fce865d5,쫀득분식,분식,임방울거리3구역 골목형상점가,골목형상점가,광주광역시,,,
b6ae423be02a520aa165,full_annotation_v1,A,q_분식_01,분식,음식점 중 '분식'을 판매·제공하는 매장,test,분식,T1 정확표기,24e8ffa3-e711-417c-a38d-9686f5aa532d,김밥나라,분식,전대병원오거리 골목형상점가,골목형상점가,광주광역시,,,
11b5fceecefd01968fa1,full_annotation_v1,A,q_분식_01,분식,음식점 중 '분식'을 판매·제공하는 매장,test,분식,T1 정확표기,3814ede6-6dfa-4c26-be06-d705c8892839,삼팔사구분식본점,분식,속초중앙전통시장,전통시장,강원특별자치도,,,
2432b75b18b600c54bd4,full_annotation_v1,A,q_분식_01,분식,음식점 중 '분식'을 판매·제공하는 매장,test,분식,T1 정확표기,04c905ba-3172-4ea4-a6dd-4345d674dea0,덕순이네,제조업(떡집),장터길 골목형상점가,골목형상점가,경기도,,,
fc609e86f0b3fb367d7d,full_annotation_v1,A,q_분식_01,분식,음식점 중 '분식'을 판매·제공하는 매장,test,분식,T1 정확표기,aea4c836-7dfd-422a-b66a-0ffb9a1e45f9,옛날분식,분식,전통중앙도매상가,전통시장,대전광역시,,,
da5b022d2d7973514343,full_annotation_v1,A,q_분식_01,분식,음식점 중 '분식'을 판매·제공하는 매장,test,분식,T1 정확표기,ec7b0502-5d9b-437b-9d43-dd3db336a2b6,김밥나라,분식,운남골목 골목형상점가,골목형상점가,광주광역시,,,
6160faaf521b0a87b798,full_annotation_v1,A,q_분식_01,분식,음식점 중 '분식'을 판매·제공하는 매장,test,분식,T1 정확표기,72b49e94-a74b-4f89-b805-ddb33baab9aa,만화정,한옥체험업,전주한옥마을 골목형상점가,골목형상점가,전북특별자치도,,,
5f2b0ef56970b8d13c11,full_annotation_v1,A,q_분식_01,분식,음식점 중 '분식'을 판매·제공하는 매장,test,분식,T1 정확표기,08fd525f-a0ac-4e8c-96f9-bc40a4eaf842,분식맘,분식,금호공설시장,전통시장,경상북도,,,
027f4e0eb416a6fc4e81,full_annotation_v1,A,q_분식_01,분식,음식점 중 '분식'을 판매·제공하는 매장,test,분식,T1 정확표기,f9356285-5283-48d1-a29b-a5959d996dd6,명품분식,분식,우이골목시장골목형상점가,골목형상점가,서울특별시,,,
8b07266bbfa252991c41,full_annotation_v1,A,q_분식_01,분식,음식점 중 '분식'을 판매·제공하는 매장,test,분식,T1 정확표기,911a0ab3-4d57-498f-83b6-ad5c1b12cfbd,김밥나라,분식,월곡2동 골목형상점가,골목형상점가,광주광역시,,,
781873b5f819c2c32834,full_annotation_v1,A,q_분식_01,분식,음식점 중 '분식'을 판매·제공하는 매장,test,분식,T1 정확표기,b6a2d93d-d6e0-4188-b783-e8b00238c3dc,김밥나라,분식,군분로 골목형상점가,골목형상점가,광주광역시,,,
116525ac714af6516d25,full_annotation_v1,A,q_분식_01,분식,음식점 중 '분식'을 판매·제공하는 매장,test,분식,T1 정확표기,064d899b-c65a-4b75-9a15-9ca1eaf707f4,이삭토스트,토스트 등,매탄중심상가 골목형상점가,골목형상점가,경기도,,,
b078a4c7ef3f680b341d,full_annotation_v1,A,q_분식_01,분식,음식점 중 '분식'을 판매·제공하는 매장,test,분식,T1 정확표기,f5eaea5a-d31f-4ebf-9d88-d9e48d1786b3,해면메리야스 진복선,의류,남천해변시장,전통시장,부산광역시,,,
b19f886ed90f0653fb38,full_annotation_v1,A,q_분식_01,분식,음식점 중 '분식'을 판매·제공하는 매장,test,분식,T1 정확표기,1e81c867-9ca8-474b-bb21-a2f86288b66b,콩이김밥,분식,소촌중앙 골목형상점가,골목형상점가,광주광역시,,,
ca99482278c4be18c0f2,full_annotation_v1,A,q_분식_01,분식,음식점 중 '분식'을 판매·제공하는 매장,test,분식,T1 정확표기,0a891050-80f2-4423-a5a4-fbd505f1e519,이삭토스트 대전테크노밸리점,토스트,테크노밸리 골목형상점가,골목형상점가,대전광역시,,,
52896637de2391fc2789,full_annotation_v1,A,q_분식_01,분식,음식점 중 '분식'을 판매·제공하는 매장,test,분식,T1 정확표기,db89eba8-a255-4559-8cd7-57ffeb2af883,떡산,분식,연서시장,전통시장,서울특별시,,,
e4be5582bb9aefea2903,full_annotation_v1,A,q_분식_01,분식,음식점 중 '분식'을 판매·제공하는 매장,test,분식,T1 정확표기,04a91b86-3405-4f8d-b0b8-eac86f3907c4,연지동토스트,커피토스트,연지시장,전통시장,부산광역시,,,
b8201cbdeb0e598a8ec4,full_annotation_v1,A,q_분식_01,분식,음식점 중 '분식'을 판매·제공하는 매장,test,분식,T1 정확표기,0ab4b1bd-93f1-4d46-b012-abfc9b1328dc,브라운토스트,"토스트, 음료",구즉 골목형상점가,골목형상점가,대전광역시,,,
d76cea135b412bbf9f80,full_annotation_v1,A,q_분식_01,분식,음식점 중 '분식'을 판매·제공하는 매장,test,분식,T1 정확표기,0fcc963f-9fc4-4a48-bffb-1c69a5f196e1,효분식,분식,제천중앙시장,전통시장,충청북도,,,
1379acfe9a4fc88ab5b2,full_annotation_v1,A,q_분식_01,분식,음식점 중 '분식'을 판매·제공하는 매장,test,분식,T1 정확표기,211c59b2-afc0-4fe0-8c6f-bb7d8be557e3,먹보분식,분식,전주모래내시장,전통시장,전북특별자치도,,,
97cc90e830e0c4e74881,full_annotation_v1,A,q_분식_01,분식,음식점 중 '분식'을 판매·제공하는 매장,test,분식,T1 정확표기,b084d7c6-1384-4aeb-bc18-894fb798a3d1,김밥나라,분식,직산읍삼은1번가골목형상점가,골목형상점가,충청남도,,,
3400fdc2cdb9abe05721,full_annotation_v1,A,q_분식_01,분식,음식점 중 '분식'을 판매·제공하는 매장,test,분식,T1 정확표기,d90c5bdf-9b76-4833-9aef-c27a1dfc75b6,서도분식,분식,거마평로 골목형상점가,골목형상점가,전북특별자치도,,,
4df19207abb33b60e4c4,full_annotation_v1,A,q_분식_01,분식,음식점 중 '분식'을 판매·제공하는 매장,test,분식,T1 정확표기,0011cf6d-567e-4c3b-b113-363daa11212a,김밥먹고 닭꼬치,,배방상점가,자율상권구역,충청남도,,,
785c5a197bc852d40195,full_annotation_v1,A,q_분식_01,분식,음식점 중 '분식'을 판매·제공하는 매장,test,분식,T1 정확표기,69f20b3a-cf74-41ac-be36-9c519eb1470c,오늘도 분식,분식,전농배봉산맛집거리골목형상점가,골목형상점가,서울특별시,,,
5ad9f2161c84010bf218,full_annotation_v1,A,q_분식_01,분식,음식점 중 '분식'을 판매·제공하는 매장,test,분식,T1 정확표기,015915e3-2542-4245-b627-0c775b4c5501,한내떡집,,거제 고현시장,전통시장,경상남도,,,
f74a7f5b8b5e27615e7d,full_annotation_v1,A,q_분식_01,분식,음식점 중 '분식'을 판매·제공하는 매장,test,분식,T1 정확표기,21aa2cbc-8622-4c25-9f62-f44e06265c96,이가분식,분식,개금골목시장,전통시장,부산광역시,,,
72ff7de7da33ca307613,full_annotation_v1,A,q_분식_01,분식,음식점 중 '분식'을 판매·제공하는 매장,test,분식,T1 정확표기,cf6335ca-0afa-4f47-8aa2-d00a1546f83e,오늘도 분식,분식,갑천호수 골목형상점가,골목형상점가,대전광역시,,,
5e25a41b9379c9ed913a,full_annotation_v1,A,q_분식_01,분식,음식점 중 '분식'을 판매·제공하는 매장,test,분식,T1 정확표기,045215f0-9db0-4054-8c69-702841941f01,문토스트용호점,카페토스트,용호1동골목시장,전통시장,부산광역시,,,
e379f5fd12fc2b3c43cb,full_annotation_v1,A,q_분식_01,분식,음식점 중 '분식'을 판매·제공하는 매장,test,분식,T1 정확표기,04c41036-dbe4-4ce1-b514-707473b7ebb3,분식박사,분식,무거현대시장,골목형상점가,울산광역시,,,
bfca05b0b3c5d381cea2,full_annotation_v1,A,q_분식_01,분식,음식점 중 '분식'을 판매·제공하는 매장,test,분식,T1 정확표기,001bda4f-046f-44c5-b084-8de630ac405a,김밥윤,김밥 등,보람동 골목형상점가,골목형상점가,세종특별자치시,,,
0951e4d8cf70ee92fdcd,full_annotation_v1,A,q_분식_01,분식,음식점 중 '분식'을 판매·제공하는 매장,test,분식,T1 정확표기,c20e0655-c860-465d-8264-62a654f59acd,서연이네분식,분식,당진전통시장,전통시장,충청남도,,,
23a9dd7a89f9815707be,full_annotation_v1,A,q_분식_01,분식,음식점 중 '분식'을 판매·제공하는 매장,test,분식,T1 정확표기,650fb1c8-2fb9-4884-9010-f52f0279d69c,담안분식,분식,창원 대동그린코아상가,전통시장,경상남도,,,
e0d8fdfd8712946a4b15,full_annotation_v1,A,q_분식_01,분식,음식점 중 '분식'을 판매·제공하는 매장,test,분식,T1 정확표기,3d2a06f8-2715-4452-893c-d04d4d75a0e0,와플나라,분식,태평시장,전통시장,대전광역시,,,
3177612d11a52d950440,full_annotation_v1,A,q_분식_01,분식,음식점 중 '분식'을 판매·제공하는 매장,test,분식,T1 정확표기,e6379c6d-1332-4e7b-8390-7baca30a5121,김밥나라,분식,강진중앙로상가,자율상권구역,전라남도,,,
011ebcd5280ed050aa03,full_annotation_v1,A,q_분식_01,분식,음식점 중 '분식'을 판매·제공하는 매장,test,분식,T1 정확표기,6cc1fa0f-b3bb-46a8-85b8-21bcf61d7890,김밥나라,분식,여주한글시장(여주중앙로상점가),전통시장,경기도,,,
81bda15fd66972268a73,full_annotation_v1,A,q_분식_01,분식,음식점 중 '분식'을 판매·제공하는 매장,test,분식,T1 정확표기,0576a4b1-8417-480b-83e6-afc18bd9a1bc,복음보청기,보청기,문화로 자율상권구역,상권활성화구역,경상북도,,,
f4ca1b4fd7ed3dba1f11,full_annotation_v1,A,q_분식_01,분식,음식점 중 '분식'을 판매·제공하는 매장,test,분식,T1 정확표기,2d540484-08bb-412a-b46a-8e6d2d079ce8,필분식,분식,월배신시장,전통시장,대구광역시,,,
c4a3a0c4257773caf609,full_annotation_v1,A,q_분식_01,분식,음식점 중 '분식'을 판매·제공하는 매장,test,분식,T1 정확표기,96bb68a6-d1a9-4856-831f-039c523986c9,다온분식,분식,카림애비뉴애 골목형상점가,골목형상점가,세종특별자치시,,,
70366c21c2e70abcd033,full_annotation_v1,A,q_분식_01,분식,음식점 중 '분식'을 판매·제공하는 매장,test,분식,T1 정확표기,4feeee14-bdf6-4a37-9268-d8a119c3e182,찐떡,분식,남성역 골목시장,전통시장,서울특별시,,,
99116c611b95433e89e4,full_annotation_v1,A,q_분식_01,분식,음식점 중 '분식'을 판매·제공하는 매장,test,분식,T1 정확표기,c91c5e2b-c8db-4e19-9823-4a2b01c7f858,불티나 분식,분식,덕풍전통시장,전통시장,경기도,,,
a454b13b84c25fa157fa,full_annotation_v1,A,q_분식_01,분식,음식점 중 '분식'을 판매·제공하는 매장,test,분식,T1 정확표기,f8d03d5c-a44f-43e8-b2e6-60e261a78cd2,"오늘도, 분식",분식,새미래 골목형상점가,골목형상점가,대전광역시,,,
e8d9bdcba8b4a81d8b0b,full_annotation_v1,A,q_분식_01,분식,음식점 중 '분식'을 판매·제공하는 매장,test,분식,T1 정확표기,7b14f6cb-6f6e-41f6-9d79-52e9fefeee8e,명동분식,분식,방학동도깨비시장,전통시장,서울특별시,,,
7bb0f4b205b329302610,full_annotation_v1,A,q_분식_01,분식,음식점 중 '분식'을 판매·제공하는 매장,test,분식,T1 정확표기,04279630-03d0-4e86-b576-d9c07827b036,2튀김,분식,쌍문시장(쌍문역골목시장),전통시장,서울특별시,,,
0991fef1862961b812f7,full_annotation_v1,A,q_분식_01,분식,음식점 중 '분식'을 판매·제공하는 매장,test,분식,T1 정확표기,ee15d15a-bf3d-4fbe-8673-0d152c65b0a6,강정이닭,닭강정,병점중심상가,자율상권구역,경기도,,,
6cc0cc73ee35d76718f6,full_annotation_v1,A,q_분식_01,분식,음식점 중 '분식'을 판매·제공하는 매장,test,분식,T1 정확표기,016f68a3-c16f-467c-af96-22466baf3a6a,쉬즈베이글,토스트,읍내리 원도심 골목형상점가,골목형상점가,전라남도,,,
d51b7fa92587c347cf53,full_annotation_v1,A,q_분식_01,분식,음식점 중 '분식'을 판매·제공하는 매장,test,분식,T1 정확표기,df7fbbe2-4b14-4475-a5c1-71ca92d5989d,김밥나라,분식,수완이지더원 골목형상점가,골목형상점가,광주광역시,,,
a2b35d0f0676209e3d51,full_annotation_v1,A,q_분식_01,분식,음식점 중 '분식'을 판매·제공하는 매장,test,분식,T1 정확표기,1619b562-2a38-4535-b7f9-3b031765f55e,괴정분식,분식,괴정골목시장,전통시장,부산광역시,,,
caa32660e8b1c26a2116,full_annotation_v1,A,q_분식_01,분식,음식점 중 '분식'을 판매·제공하는 매장,test,분식,T1 정확표기,990e76a1-ceda-421f-9fb1-5720c2ac9b1a,영도수산,수산,순천역전시장상가,자율상권구역,전라남도,,,
094607ae2207870cd787,full_annotation_v1,A,q_분식_02,토스트,음식점 중 '분식'을 판매·제공하는 매장,test,분식,T1 정확표기,89699db0-c7a6-413d-a6d7-aa9740300d49,토스트클럽,토스트,마산 창동통합상가,자율상권구역,경상남도,,,
8ada447ef2460f12836b,full_annotation_v1,A,q_분식_02,토스트,음식점 중 '분식'을 판매·제공하는 매장,test,분식,T1 정확표기,723dc3b7-f79f-4866-aea0-86581998a4ee,봉순언니토스트,토스트,창원 명서시장,전통시장,경상남도,,,
ec992da0277e9169d82c,full_annotation_v1,A,q_분식_02,토스트,음식점 중 '분식'을 판매·제공하는 매장,test,분식,T1 정확표기,008594db-d86c-4014-bf5c-16f6cd40402d,와글와글봄소풍,김밥,다사역 골목형상점가,골목형상점가,대구광역시,,,
b09fd43f29afca00ded4,full_annotation_v1,A,q_분식_02,토스트,음식점 중 '분식'을 판매·제공하는 매장,test,분식,T1 정확표기,59ad0290-ff96-4043-bc7a-3b09f96f6951,토스트잇,토스트,낙낙별길골목형상점가,골목형상점가,서울특별시,,,
f53f129ce0ae8fbf6c29,full_annotation_v1,A,q_분식_02,토스트,음식점 중 '분식'을 판매·제공하는 매장,test,분식,T1 정확표기,3dc1d1c6-53a2-4c2c-88f4-463a9d950f72,예가참치,한식,풍암호수앞상인회 골목형상점가,골목형상점가,광주광역시,,,
e615883505494ed9b9b8,full_annotation_v1,A,q_분식_02,토스트,음식점 중 '분식'을 판매·제공하는 매장,test,분식,T1 정확표기,f2b80a63-fb33-456e-ae44-7f56542893ea,이삭,토스트,괴정가장로 골목형상점가,골목형상점가,대전광역시,,,
032468e013861944f7a7,full_annotation_v1,A,q_분식_02,토스트,음식점 중 '분식'을 판매·제공하는 매장,test,분식,T1 정확표기,005313c8-dce8-49b6-9841-9143ebb1305a,동원떡집,,박달시장,전통시장,경기도,,,
8540c1bdb1f2eb631ea1,full_annotation_v1,A,q_분식_02,토스트,음식점 중 '분식'을 판매·제공하는 매장,test,분식,T1 정확표기,cb7f488f-df80-422b-8329-0133d6512dd0,이삭토스트,토스트,광교매탄 골목형상점가,골목형상점가,경기도,,,
984441be322bcfefa629,full_annotation_v1,A,q_분식_02,토스트,음식점 중 '분식'을 판매·제공하는 매장,test,분식,T1 정확표기,f8260db0-d50e-4fcc-91d2-0e043e00ca7f,토스트랑,토스트,개봉중앙골목형상점가,골목형상점가,서울특별시,,,
609cb5ca8431007c03b3,full_annotation_v1,A,q_분식_02,토스트,음식점 중 '분식'을 판매·제공하는 매장,test,분식,T1 정확표기,25d9e7a8-8d2b-48ac-b3aa-5fe368fcf055,노원토스트,토스트,상계중앙시장,전통시장,서울특별시,,,
c1dc0f341541499b2881,full_annotation_v1,A,q_분식_02,토스트,음식점 중 '분식'을 판매·제공하는 매장,test,분식,T1 정확표기,abf9b0a8-af7d-4fd8-873c-127805d537b0,이삭토스트,토스트,금촌문화로시장,전통시장,경기도,,,
d58feb9c59db24fa6617,full_annotation_v1,A,q_분식_02,토스트,음식점 중 '분식'을 판매·제공하는 매장,test,분식,T1 정확표기,0910caae-ad67-4ef3-934e-fff4c6059206,참토스트 대전학하점,토스트,계산동 골목형상점가,골목형상점가,대전광역시,,,
f02b1c942d24594e3c52,full_annotation_v1,A,q_분식_02,토스트,음식점 중 '분식'을 판매·제공하는 매장,test,분식,T1 정확표기,0e3e29e3-1841-4324-a9ea-88e6bba873d8,봉천토스트,토스트 와플,봉천달빛길골목형상점가,골목형상점가,서울특별시,,,
17e61feb6cf8da9469f7,full_annotation_v1,A,q_분식_02,토스트,음식점 중 '분식'을 판매·제공하는 매장,test,분식,T1 정확표기,5a16b296-499e-4617-a612-77884dc449c0,이삭토스트,토스트,노원역9번출구 골목형상점가,골목형상점가,서울특별시,,,
19806656182e453a2912,full_annotation_v1,A,q_분식_02,토스트,음식점 중 '분식'을 판매·제공하는 매장,test,분식,T1 정확표기,11a1c53b-1aea-4dd1-9d3e-a613bfb76cb0,요한이네 토스트,"커피, 토스트, 음료",독산동 맛나는거리 상점가,자율상권구역,서울특별시,,,
ee339419d7196d259e56,full_annotation_v1,A,q_분식_02,토스트,음식점 중 '분식'을 판매·제공하는 매장,test,분식,T1 정확표기,e14a35ef-257b-4998-9fa3-d997baebd199,캠토토스트,토스트,직산읍삼은1번가골목형상점가,골목형상점가,충청남도,,,
278bed9202a98a47eddc,full_annotation_v1,A,q_분식_02,토스트,음식점 중 '분식'을 판매·제공하는 매장,test,분식,T1 정확표기,ff6b8626-c069-47f1-98c9-fd4193dbc11a,골목 토스트,토스트,지범골목먹거리타운 골목형상점가,골목형상점가,대구광역시,,,
7589dd52f44d839aacf5,full_annotation_v1,A,q_분식_02,토스트,음식점 중 '분식'을 판매·제공하는 매장,test,분식,T1 정확표기,0018c143-a8bd-4461-a8ae-ee348edfad7a,김가네의정부중앙역점,김밥 분식 식사등,의정부시 구도심 상권활성화구역,상권활성화구역,경기도,,,
fea30723d310894c9303,full_annotation_v1,A,q_분식_02,토스트,음식점 중 '분식'을 판매·제공하는 매장,test,분식,T1 정확표기,55c321c5-abd4-4182-99af-1b678b27a6df,정토스트,토스트,청주북부시장,전통시장,충청북도,,,
9924bad162a7a3c2a32f,full_annotation_v1,A,q_분식_02,토스트,음식점 중 '분식'을 판매·제공하는 매장,test,분식,T1 정확표기,db1dee8c-7c29-47d2-8bd4-a3e902f21108,연세안치과,의료업,도화동상점가,자율상권구역,서울특별시,,,
d59095cfcdf31c3ff596,full_annotation_v1,A,q_분식_02,토스트,음식점 중 '분식'을 판매·제공하는 매장,test,분식,T1 정확표기,879f1844-fb01-445a-acf0-aa3b0c8d534d,이삭토스트,토스트,서문대로704번길 골목형상점가,골목형상점가,광주광역시,,,
709954f979e1d43fac11,full_annotation_v1,A,q_분식_02,토스트,음식점 중 '분식'을 판매·제공하는 매장,test,분식,T1 정확표기,571651a7-502f-4ba8-86c5-85ed80fd585c,참토스트,토스트,보은전통시장,전통시장,충청북도,,,
46624b407077e51b7132,full_annotation_v1,A,q_분식_02,토스트,음식점 중 '분식'을 판매·제공하는 매장,test,분식,T1 정확표기,a8e3902a-3465-4600-b191-5ea1cd45825a,이삭토스트한림대점,토스트,한림대골목형상점가,골목형상점가,강원특별자치도,,,
55ae966a482bfc29c31d,full_annotation_v1,A,q_분식_02,토스트,음식점 중 '분식'을 판매·제공하는 매장,test,분식,T1 정확표기,04b03558-95d1-4a0e-a9e2-9a9e72bdadb2,배가찐왕만두,만두,문흥2동 골목형상점가,골목형상점가,광주광역시,,,
aaeea2f07f27da765197,full_annotation_v1,A,q_분식_02,토스트,음식점 중 '분식'을 판매·제공하는 매장,test,분식,T1 정확표기,1022d6bd-a0f8-4249-b8b8-24e25e2d379b,메가MGC커피 광주치평점,커피,치평상무역상인회 골목형상점가,골목형상점가,광주광역시,,,
d0ce47d53763e3a77d89,full_annotation_v1,A,q_분식_02,토스트,음식점 중 '분식'을 판매·제공하는 매장,test,분식,T1 정확표기,b0589e84-35cb-49ec-9df7-a8faf8385171,민가내,음식,포남용마거리골목형상점가,골목형상점가,강원특별자치도,,,
56773713916c047eaac3,full_annotation_v1,A,q_분식_02,토스트,음식점 중 '분식'을 판매·제공하는 매장,test,분식,T1 정확표기,4cd915f5-938a-4e57-af8f-bca79dab78ed,일곡풍천장어,한식,일곡동 골목형상점가,골목형상점가,광주광역시,,,
4179f752ec0983c8099b,full_annotation_v1,A,q_분식_02,토스트,음식점 중 '분식'을 판매·제공하는 매장,test,분식,T1 정확표기,1f901d50-87f5-4410-9a23-c2fe9724598a,이삭토스트장대점,토스트,장대동패션상가 골목형상점가,골목형상점가,대전광역시,,,
c0e33aeeec7672ea9021,full_annotation_v1,A,q_분식_02,토스트,음식점 중 '분식'을 판매·제공하는 매장,test,분식,T1 정확표기,791b6f45-8730-4b17-bba6-1c5e4b6bca48,캠토,토스트,법원 앞 사과마을 골목형상점가,골목형상점가,광주광역시,,,
76741517ab696ad75ba7,full_annotation_v1,A,q_분식_02,토스트,음식점 중 '분식'을 판매·제공하는 매장,test,분식,T1 정확표기,b753f8b8-41d4-4a7a-9e45-90fbbce7493b,지구토스트,토스트,큰방림길 골목형상점가,골목형상점가,광주광역시,,,
b6bc478bf8819dca0aea,full_annotation_v1,A,q_분식_02,토스트,음식점 중 '분식'을 판매·제공하는 매장,test,분식,T1 정확표기,001bda4f-046f-44c5-b084-8de630ac405a,김밥윤,김밥 등,보람동 골목형상점가,골목형상점가,세종특별자치시,,,
f0978f154506b9d43a5d,full_annotation_v1,A,q_분식_02,토스트,음식점 중 '분식'을 판매·제공하는 매장,test,분식,T1 정확표기,f68126ee-7e4f-468a-aefc-ceecde6b5d1e,써니토스트,토스트,주막거리상점가,자율상권구역,경기도,,,
9e571c16e7c09e0dab0a,full_annotation_v1,A,q_분식_02,토스트,음식점 중 '분식'을 판매·제공하는 매장,test,분식,T1 정확표기,0239c4e7-2ae3-4f29-8952-19c6d9d1d9a9,세번째집,순대국밥,성환이화시장,전통시장,충청남도,,,
744420f8320b75a2da22,full_annotation_v1,A,q_분식_02,토스트,음식점 중 '분식'을 판매·제공하는 매장,test,분식,T1 정확표기,2fbc0cfc-59e6-483e-a7c1-f934df63eeef,이삭토스트,토스트,풍동온누리 골목형상점가,골목형상점가,경기도,,,
b8fed9a1fb33c2fcbe1e,full_annotation_v1,A,q_분식_02,토스트,음식점 중 '분식'을 판매·제공하는 매장,test,분식,T1 정확표기,bfaaa2da-e587-4861-aaf1-d37a1ab737b0,이삭토스트,토스트,금촌문화로시장,전통시장,경기도,,,
a94745b2c87f5715224a,full_annotation_v1,A,q_분식_02,토스트,음식점 중 '분식'을 판매·제공하는 매장,test,분식,T1 정확표기,7bb47341-5dbd-4e59-8593-14b12021d7db,물텀벙아구찜(주),아구요리 전문점,유안초등북길 골목형상점가,골목형상점가,광주광역시,,,
470bcd2cff15822a762d,full_annotation_v1,A,q_분식_02,토스트,음식점 중 '분식'을 판매·제공하는 매장,test,분식,T1 정확표기,01853453-69ac-4f55-9cd8-09e40088ab59,가마솥왕만두,만두,울산번개시장,전통시장,울산광역시,,,
6f252d5e32fdb18ce7ce,full_annotation_v1,A,q_분식_02,토스트,음식점 중 '분식'을 판매·제공하는 매장,test,분식,T1 정확표기,1593c397-ca30-4660-bf6f-ac4592d9364c,아르아필라테스,필라테스 수업,화정한울타리상인회 골목형상점가,골목형상점가,광주광역시,,,
6354375e5d9b09d319c2,full_annotation_v1,A,q_분식_02,토스트,음식점 중 '분식'을 판매·제공하는 매장,test,분식,T1 정확표기,c7c286d3-3448-4277-91ad-8c031c520f72,길거리토스트,토스트,홍천시장(홍천구시장),전통시장,강원특별자치도,,,
92e595df947905440c12,full_annotation_v1,A,q_분식_02,토스트,음식점 중 '분식'을 판매·제공하는 매장,test,분식,T1 정확표기,0011cf6d-567e-4c3b-b113-363daa11212a,김밥먹고 닭꼬치,,배방상점가,자율상권구역,충청남도,,,
87cea746cee3e861f773,full_annotation_v1,A,q_분식_02,토스트,음식점 중 '분식'을 판매·제공하는 매장,test,분식,T1 정확표기,bc3ce2ea-c112-4dd8-bfca-40b10f0ab716,이삭토스트,토스트,여수진남상가,자율상권구역,전라남도,,,
8c652298966182d901be,full_annotation_v1,A,q_분식_02,토스트,음식점 중 '분식'을 판매·제공하는 매장,test,분식,T1 정확표기,4ec66e81-2329-49cf-81ff-1fec217d4359,남우수산,생선,순천역전시장,전통시장,전라남도,,,
5f45277f8652aaebe573,full_annotation_v1,A,q_분식_02,토스트,음식점 중 '분식'을 판매·제공하는 매장,test,분식,T1 정확표기,3013157f-f6af-410b-bd85-835da2901559,이삭토스트안산선부점,토스트,선부광장로상점가,자율상권구역,경기도,,,
4c4e8a00dc2ec2d92c3c,full_annotation_v1,A,q_분식_02,토스트,음식점 중 '분식'을 판매·제공하는 매장,test,분식,T1 정확표기,0b8ef6dc-2f6b-4707-bd73-529122d9c97a,하단떡집,떡집,하단오일상설시장,전통시장,부산광역시,,,
9ecb21a38701588af1cc,full_annotation_v1,A,q_분식_02,토스트,음식점 중 '분식'을 판매·제공하는 매장,test,분식,T1 정확표기,02f03161-3a15-416f-bdd6-8ad5bd17781d,시골참순대,,관저동 먹자골목 골목형상점가,골목형상점가,대전광역시,,,
009fa0d18de5b51440f5,full_annotation_v1,A,q_분식_02,토스트,음식점 중 '분식'을 판매·제공하는 매장,test,분식,T1 정확표기,f0c8a0c8-20b4-429f-bbe6-9949b0985eb6,이삭토스트,토스트,봉일천전통시장,전통시장,경기도,,,
5803e92a512b1a8a596f,full_annotation_v1,A,q_분식_02,토스트,음식점 중 '분식'을 판매·제공하는 매장,test,분식,T1 정확표기,1cb4bae3-ad95-477f-b007-329832ebd60e,석봉토스트,토스트,다비치복현로 골목형상점가,골목형상점가,대구광역시,,,
c29e56891abc65b5a755,full_annotation_v1,A,q_분식_02,토스트,음식점 중 '분식'을 판매·제공하는 매장,test,분식,T1 정확표기,064d899b-c65a-4b75-9a15-9ca1eaf707f4,이삭토스트,토스트 등,매탄중심상가 골목형상점가,골목형상점가,경기도,,,
cebaaa258e00e50acb71,full_annotation_v1,A,q_분식_02,토스트,음식점 중 '분식'을 판매·제공하는 매장,test,분식,T1 정확표기,00783b5c-54fd-42fc-8bcf-1ea7fce865d5,쫀득분식,분식,임방울거리3구역 골목형상점가,골목형상점가,광주광역시,,,
0389b058203efe618b2a,full_annotation_v1,A,q_분식_02,토스트,음식점 중 '분식'을 판매·제공하는 매장,test,분식,T1 정확표기,a66caa12-d548-45f7-9d03-dd9ca062cdbb,민씨네토스트,토스트,의정부제일시장,전통시장,경기도,,,
3393deaa21d7aeb53ebb,full_annotation_v1,A,q_분식_02,토스트,음식점 중 '분식'을 판매·제공하는 매장,test,분식,T1 정확표기,735eb2c7-ac22-4462-a0ca-6d8ed657beee,이삭토스트군포산본점,토스트,산본로데오거리(구 산본중심상가),자율상권구역,경기도,,,
e8d35f6948226b07a0f9,full_annotation_v1,A,q_분식_02,토스트,음식점 중 '분식'을 판매·제공하는 매장,test,분식,T1 정확표기,045215f0-9db0-4054-8c69-702841941f01,문토스트용호점,카페토스트,용호1동골목시장,전통시장,부산광역시,,,
b5a6b646f8966ba184f2,full_annotation_v1,A,q_분식_02,토스트,음식점 중 '분식'을 판매·제공하는 매장,test,분식,T1 정확표기,e3bc1b64-cd2f-4464-b19b-f84fc0880053,이삭토스트,토스트,효행구봉담상점가,골목형상점가,경기도,,,
23dbea9957f52e029e6a,full_annotation_v1,A,q_분식_02,토스트,음식점 중 '분식'을 판매·제공하는 매장,test,분식,T1 정확표기,055b0501-9678-421c-9b8d-2994754df728,캠토토스트 계룡대실점,토스트,두마면 대실골목형상점가,골목형상점가,충청남도,,,
7a09fe9d9e7c7f41cf8a,full_annotation_v1,A,q_분식_02,토스트,음식점 중 '분식'을 판매·제공하는 매장,test,분식,T1 정확표기,3ea1e432-d251-46ec-9999-ef82f5df56bc,최주원의컬펌,미용,포남용마거리골목형상점가,골목형상점가,강원특별자치도,,,
7d41fac5734e6537d352,full_annotation_v1,A,q_분식_02,토스트,음식점 중 '분식'을 판매·제공하는 매장,test,분식,T1 정확표기,e804b900-43fa-4e21-b40b-8aa7ef9c210c,다이소,생활용품,효천로 골목형상점가,골목형상점가,광주광역시,,,
b7b734b6a669afd3d50a,full_annotation_v1,A,q_분식_02,토스트,음식점 중 '분식'을 판매·제공하는 매장,test,분식,T1 정확표기,6e6af143-774d-4846-ad49-8e8ff1216e8a,이삭토스트,토스트,양북시장,전통시장,경상북도,,,
c9c042f60dee6d32ece1,full_annotation_v1,A,q_분식_02,토스트,음식점 중 '분식'을 판매·제공하는 매장,test,분식,T1 정확표기,9669d3c3-9aac-4389-82c4-5558ebead83c,입터진토스트,토스트,점촌역전상점가,자율상권구역,경상북도,,,
2ef32d3a3f1269399d16,full_annotation_v1,A,q_분식_02,토스트,음식점 중 '분식'을 판매·제공하는 매장,test,분식,T1 정확표기,bfa0ca43-a055-4e42-8009-0e73ceeaa43c,이삭토스트,토스트,경주중심상가,전통시장,경상북도,,,
b107ae49cc64afc0b273,full_annotation_v1,A,q_분식_02,토스트,음식점 중 '분식'을 판매·제공하는 매장,test,분식,T1 정확표기,b82eadb6-ac93-4df4-aacf-d7d40b7bf02d,일곡국밥집,한식,일곡동 골목형상점가,골목형상점가,광주광역시,,,
3686382726679e06610a,full_annotation_v1,A,q_분식_02,토스트,음식점 중 '분식'을 판매·제공하는 매장,test,분식,T1 정확표기,7670dbad-2255-4570-8c5c-28dc32150760,샌토락,토스트,금왕중심골목형상점가,골목형상점가,충청북도,,,
bf19a0e77ebe4dc7ec5b,full_annotation_v1,A,q_분식_02,토스트,음식점 중 '분식'을 판매·제공하는 매장,test,분식,T1 정확표기,0a891050-80f2-4423-a5a4-fbd505f1e519,이삭토스트 대전테크노밸리점,토스트,테크노밸리 골목형상점가,골목형상점가,대전광역시,,,
1c90b246d19599742f37,full_annotation_v1,A,q_분식_02,토스트,음식점 중 '분식'을 판매·제공하는 매장,test,분식,T1 정확표기,007d6b63-4e47-47fa-aaa5-6d0b5cc7280b,도토리김밥계룡엄사점,분식,엄사 골목형상점가,골목형상점가,충청남도,,,
0e0163e36f48a1bcb65d,full_annotation_v1,A,q_분식_02,토스트,음식점 중 '분식'을 판매·제공하는 매장,test,분식,T1 정확표기,016f68a3-c16f-467c-af96-22466baf3a6a,쉬즈베이글,토스트,읍내리 원도심 골목형상점가,골목형상점가,전라남도,,,
c33ef5742fdc45cd2df2,full_annotation_v1,A,q_분식_02,토스트,음식점 중 '분식'을 판매·제공하는 매장,test,분식,T1 정확표기,0075dacf-3e3f-47b8-a4af-d3a2ff866348,북툰커피앤카페,찐빵 만두 커피,신창진흥 골목형상점가,골목형상점가,광주광역시,,,
26cc404373f3192fd163,full_annotation_v1,A,q_분식_02,토스트,음식점 중 '분식'을 판매·제공하는 매장,test,분식,T1 정확표기,00ec6d6a-b0c1-4662-b17f-9c9f059a4bcd,백암서울순대국,순대국,강서구청먹자골목골목형상점가,골목형상점가,서울특별시,,,
1487cccc4c0628c33571,full_annotation_v1,A,q_분식_02,토스트,음식점 중 '분식'을 판매·제공하는 매장,test,분식,T1 정확표기,00b5a007-bb8d-47db-963d-ccc7e93c25ac,장호덕 손만두 백석점,만두,백석한들1번가 골목형상점가,골목형상점가,충청남도,,,
ccdeaa6e7dc9cd29c35e,full_annotation_v1,A,q_분식_02,토스트,음식점 중 '분식'을 판매·제공하는 매장,test,분식,T1 정확표기,9e396075-9186-403c-b20a-90607e25c053,안심정육점,정육점,박달시장,전통시장,경기도,,,
4dfc4695cc6184275ae1,full_annotation_v1,A,q_분식_02,토스트,음식점 중 '분식'을 판매·제공하는 매장,test,분식,T1 정확표기,d494ce69-3512-4b13-bf2f-a7048443f7c8,토스트 팜,토스트,담양중앙 골목형상점가,골목형상점가,전라남도,,,
3dec29ab4b8882536e74,full_annotation_v1,A,q_분식_02,토스트,음식점 중 '분식'을 판매·제공하는 매장,test,분식,T1 정확표기,00719699-eb0c-4473-bda9-7a16eace345e,봉식이옛날왕만두,만두,삼익 골목형상점가,골목형상점가,서울특별시,,,
11180c5241c4f9db9b50,full_annotation_v1,A,q_분식_02,토스트,음식점 중 '분식'을 판매·제공하는 매장,test,분식,T1 정확표기,298d8337-2044-4c6f-8c76-9c0b1715dc07,카페블리 북구직영점,샐러드,전남대후문골목형상점가,골목형상점가,광주광역시,,,
df0c803042b32c7afef9,full_annotation_v1,A,q_분식_02,토스트,음식점 중 '분식'을 판매·제공하는 매장,test,분식,T1 정확표기,00ca89c2-42a8-432d-ba4b-5abd23c18ab0,계란밥,계란밥분식,시청역상가번영회 골목형상점가,골목형상점가,광주광역시,,,
b2a71c60a297ed43d57e,full_annotation_v1,A,q_분식_02,토스트,음식점 중 '분식'을 판매·제공하는 매장,test,분식,T1 정확표기,3ac9d5d9-24a6-4b8f-99c2-bf11e49e1b19,토피,토스트,쌍학로상인회 골목형상점가,골목형상점가,광주광역시,,,
52b0972ba964beb438e7,full_annotation_v1,A,q_분식_02,토스트,음식점 중 '분식'을 판매·제공하는 매장,test,분식,T1 정확표기,823d6c6a-120d-41d9-8135-b580f252a6fd,이삭토스트,토스트,강진중앙로상가,자율상권구역,전라남도,,,
add90d2428d817a6aae9,full_annotation_v1,A,q_분식_02,토스트,음식점 중 '분식'을 판매·제공하는 매장,test,분식,T1 정확표기,b41ac99b-b7d9-4ba2-9d20-a7633d66a792,의왕토스트,토스트,의왕도깨비시장,전통시장,경기도,,,
6610afe9da0cdb678792,full_annotation_v1,A,q_분식_02,토스트,음식점 중 '분식'을 판매·제공하는 매장,test,분식,T1 정확표기,53fe0534-a6d9-4a0f-8898-8e185a6f5de3,토스트굽는사람들,토스트,솔올중앞골목형상점가,골목형상점가,강원특별자치도,,,
a7b6e396a2b41c81a3c6,full_annotation_v1,A,q_분식_02,토스트,음식점 중 '분식'을 판매·제공하는 매장,test,분식,T1 정확표기,04c905ba-3172-4ea4-a6dd-4345d674dea0,덕순이네,제조업(떡집),장터길 골목형상점가,골목형상점가,경기도,,,
cb67295a824c175850c7,full_annotation_v1,A,q_분식_02,토스트,음식점 중 '분식'을 판매·제공하는 매장,test,분식,T1 정확표기,d52b963d-16be-4f1b-8eb7-f272f3b83979,강북토스트,토스트,수유중앙골목시장골목형상점가,골목형상점가,서울특별시,,,
060809ed73f195fcfe60,full_annotation_v1,A,q_분식_02,토스트,음식점 중 '분식'을 판매·제공하는 매장,test,분식,T1 정확표기,da257990-447d-4171-8f38-ef527039ecc8,유행따라,옷,중앙신시장,전통시장,경상북도,,,
70b40d28b8de0f8a56b7,full_annotation_v1,A,q_분식_02,토스트,음식점 중 '분식'을 판매·제공하는 매장,test,분식,T1 정확표기,3064c2e9-f131-413e-8804-a1f89662d905,참토스트,토스트,하남 골목형상점가,골목형상점가,광주광역시,,,
09d91f446fc83537515e,full_annotation_v1,A,q_분식_02,토스트,음식점 중 '분식'을 판매·제공하는 매장,test,분식,T1 정확표기,aada6bd5-f29d-48fd-ab64-369bcc6bc80a,종점토스트,토스트,사근살곶이골목형상점가,골목형상점가,서울특별시,,,
09f3c51d4c5d68862e3d,full_annotation_v1,A,q_분식_02,토스트,음식점 중 '분식'을 판매·제공하는 매장,test,분식,T1 정확표기,3e702233-f4a9-44a6-9a7b-4cde61cd8602,역전토스트,토스트,정읍연지상점가,자율상권구역,전북특별자치도,,,
11f438770a02b23cfd3c,full_annotation_v1,A,q_분식_02,토스트,음식점 중 '분식'을 판매·제공하는 매장,test,분식,T1 정확표기,a8df6df7-bb3a-4f36-af8f-a199692e6d83,이삭토스트태백점,토스트,태백중앙로상점가,자율상권구역,강원특별자치도,,,
5e6c91648635a16b142d,full_annotation_v1,A,q_분식_02,토스트,음식점 중 '분식'을 판매·제공하는 매장,test,분식,T1 정확표기,34218f54-4b29-4ff5-ada0-dc0f7681ce56,프린스토스트,토스트,세종전통시장,전통시장,세종특별자치시,,,
7bad5acb948b33c3ab98,full_annotation_v1,A,q_분식_02,토스트,음식점 중 '분식'을 판매·제공하는 매장,test,분식,T1 정확표기,0ab4b1bd-93f1-4d46-b012-abfc9b1328dc,브라운토스트,"토스트, 음료",구즉 골목형상점가,골목형상점가,대전광역시,,,
9af30c031069e49318b6,full_annotation_v1,A,q_분식_02,토스트,음식점 중 '분식'을 판매·제공하는 매장,test,분식,T1 정확표기,cdf954a5-9864-4262-a33b-651f66572c80,수산왕 쌍문,수산물,쌍문시장(쌍문역골목시장),전통시장,서울특별시,,,
7f13e5f7852dbd6fd7a8,full_annotation_v1,A,q_분식_02,토스트,음식점 중 '분식'을 판매·제공하는 매장,test,분식,T1 정확표기,f5ffa8a6-3205-49fc-97a7-2803e1baf8aa,이삭토스트,토스트,조대장미의거리 상점가,자율상권구역,광주광역시,,,
2f92db1fcadfc83f9dc9,full_annotation_v1,A,q_분식_02,토스트,음식점 중 '분식'을 판매·제공하는 매장,test,분식,T1 정확표기,7c21ff58-1dd9-41a1-b366-50610036b092,이삭토스트,토스트,흥덕 다채움 골목형 상점가,골목형상점가,경기도,,,
d7ecf5340c5f8d74f23c,full_annotation_v1,A,q_분식_02,토스트,음식점 중 '분식'을 판매·제공하는 매장,test,분식,T1 정확표기,c5f79209-bb6d-47d6-9cfa-0dac0cb53db4,이삭토스트,토스트,탕정미래 골목형상점가,골목형상점가,충청남도,,,
3551940e9c0259ab5556,full_annotation_v1,A,q_분식_02,토스트,음식점 중 '분식'을 판매·제공하는 매장,test,분식,T1 정확표기,d51366d9-e3fd-4cb7-a2f5-42ea85c622d4,캠토,토스트,장안문거북시장,전통시장,경기도,,,
b50108d903b269d944aa,full_annotation_v1,A,q_분식_02,토스트,음식점 중 '분식'을 판매·제공하는 매장,test,분식,T1 정확표기,34f7b22e-5d0b-4275-a9c0-68b7a056f223,이삭토스트,토스트,건대로데오거리골목형상점가,골목형상점가,서울특별시,,,
1ac5a359300819240937,full_annotation_v1,A,q_분식_02,토스트,음식점 중 '분식'을 판매·제공하는 매장,test,분식,T1 정확표기,49efea61-51b8-4d68-bc82-027f6529e5aa,캠토토스트,토스트,계림 재미로 골목형상점가,골목형상점가,광주광역시,,,
a29a04236948e83b9935,full_annotation_v1,A,q_분식_02,토스트,음식점 중 '분식'을 판매·제공하는 매장,test,분식,T1 정확표기,29b05536-85ca-4c29-8a57-81ac12f5cc43,유명토스트,토스트,구서오시게시장,전통시장,부산광역시,,,
69a1cddb4a9a1df68e12,full_annotation_v1,A,q_분식_02,토스트,음식점 중 '분식'을 판매·제공하는 매장,test,분식,T1 정확표기,4e77e034-b231-444c-8670-4a3400c3d6ff,이삭토스트대구도원점,토스트,대곡시장,전통시장,대구광역시,,,
e86ab871cf984cd86c74,full_annotation_v1,A,q_분식_02,토스트,음식점 중 '분식'을 판매·제공하는 매장,test,분식,T1 정확표기,a9a5dcef-dfd4-4533-8d9d-1ac236df88a6,다인토스트,토스트,안양중앙인정시장,전통시장,경기도,,,
7ec47371d879a3340def,full_annotation_v1,A,q_분식_02,토스트,음식점 중 '분식'을 판매·제공하는 매장,test,분식,T1 정확표기,00e30e6c-dde0-49cd-9e3e-95465aa4247e,동해분식,분식,서남신시장,전통시장,대구광역시,,,
a68380f4124b27ab2f96,full_annotation_v1,A,q_분식_02,토스트,음식점 중 '분식'을 판매·제공하는 매장,test,분식,T1 정확표기,00e34fb5-e7d3-43aa-b574-400ee31abae5,은혜만두,만두,북동 골목형상점가,골목형상점가,광주광역시,,,
b84e77c6bbf4fe2d694d,full_annotation_v1,A,q_분식_02,토스트,음식점 중 '분식'을 판매·제공하는 매장,test,분식,T1 정확표기,024c1f10-1fe0-4be3-8bde-6465f5cd8c43,오늘은 떡볶이,"떡볶이, 튀김, 순대 등",석촌시장,전통시장,서울특별시,,,
4496e54ff81926f0a4d9,full_annotation_v1,A,q_분식_02,토스트,음식점 중 '분식'을 판매·제공하는 매장,test,분식,T1 정확표기,4cced14f-0320-44d5-bce2-d70127efa9a3,해피토스트,토스트,구포역세권상점가,자율상권구역,부산광역시,,,
201907a8c8e5c9732ea8,full_annotation_v1,A,q_분식_02,토스트,음식점 중 '분식'을 판매·제공하는 매장,test,분식,T1 정확표기,017c71f5-48d0-4cce-a370-a84d34d36658,무봉리토종순대국파주운정점,,산내마을 골목형상점가,골목형상점가,경기도,,,
d0f7b79b11d3c8133df0,full_annotation_v1,A,q_분식_02,토스트,음식점 중 '분식'을 판매·제공하는 매장,test,분식,T1 정확표기,6cf819a2-011a-4ae7-9749-c809f0724291,알찬토스트,토스트,물베기 골목형상점가,골목형상점가,대구광역시,,,
ff96b2109f6c11677510,full_annotation_v1,A,q_분식_02,토스트,음식점 중 '분식'을 판매·제공하는 매장,test,분식,T1 정확표기,d238fa62-8188-4122-a9b5-a2479f7a841d,석봉토스트,토스트,대현프리몰 대구점,일반지하상점가,대구광역시,,,
5d2446d9a56004700721,full_annotation_v1,A,q_분식_02,토스트,음식점 중 '분식'을 판매·제공하는 매장,test,분식,T1 정확표기,7d2264da-5ceb-4179-a616-cf9613a693d3,냥냥토스트,토스트,진해 군항상권활성화구역,상권활성화구역,경상남도,,,
ed6272b38d79f3e3e328,full_annotation_v1,A,q_분식_02,토스트,음식점 중 '분식'을 판매·제공하는 매장,test,분식,T1 정확표기,17e52c14-4678-4a22-ae10-305f9c60d64c,이삭토스트가정루원시티점,토스트,루원음식문화거리,골목형상점가,인천광역시,,,
803075a6c70afc7bba41,full_annotation_v1,A,q_분식_02,토스트,음식점 중 '분식'을 판매·제공하는 매장,test,분식,T1 정확표기,001cb3d4-5441-4963-b517-d5b3904ee312,현창떡집,떡집,목포동부시장,전통시장,전라남도,,,
35c39b9966bfcda2a843,full_annotation_v1,A,q_분식_02,토스트,음식점 중 '분식'을 판매·제공하는 매장,test,분식,T1 정확표기,b3e64d4f-deb1-4871-883b-6d67067a66ec,토스트굽는사람들,토스트,청계면 목대후문 골목형상점가,골목형상점가,전라남도,,,
deb06ffb2fc19caf9e35,full_annotation_v1,A,q_분식_02,토스트,음식점 중 '분식'을 판매·제공하는 매장,test,분식,T1 정확표기,f0f57c1f-c1e2-4c1a-8a9b-7e08e0a51e2e,이삭토스트중앙점,토스트,원주중앙로문화의거리,자율상권구역,강원특별자치도,,,
9a50966c0645e7ce6340,full_annotation_v1,A,q_분식_02,토스트,음식점 중 '분식'을 판매·제공하는 매장,test,분식,T1 정확표기,d10e55c5-2306-43af-9ce7-ec852fe87158,이삭토스트,토스트,안양1번가 상점가,자율상권구역,경기도,,,
1fc6c5c877eb40ad82a5,full_annotation_v1,A,q_분식_02,토스트,음식점 중 '분식'을 판매·제공하는 매장,test,분식,T1 정확표기,dc9a803e-49d0-4a41-8534-11f889435106,이삭토스트,토스트,마산 구암시장,전통시장,경상남도,,,
ff366de8eb0ea3153288,full_annotation_v1,A,q_분식_02,토스트,음식점 중 '분식'을 판매·제공하는 매장,test,분식,T1 정확표기,aaef4e51-9e76-45a2-868f-ded4f819e21c,해피토스트,토스트,용두동미르길골목형상점가,골목형상점가,대전광역시,,,
a39a6a3f43870e9b87aa,full_annotation_v1,A,q_분식_02,토스트,음식점 중 '분식'을 판매·제공하는 매장,test,분식,T1 정확표기,00b5a60c-c548-4ac2-8259-9bb788c0fc58,까치김밥,김밥식사류,신림별빛거리골목형상점가,골목형상점가,서울특별시,,,
fe17c1e0bfc8b7872460,full_annotation_v1,A,q_분식_02,토스트,음식점 중 '분식'을 판매·제공하는 매장,test,분식,T1 정확표기,7162a8e5-1a46-4423-af77-58bb2ee7e5b1,해피토스트,토스트,아진상가,골목형상점가,울산광역시,,,
8a99ae63714ebebb96cf,full_annotation_v1,A,q_분식_02,토스트,음식점 중 '분식'을 판매·제공하는 매장,test,분식,T1 정확표기,98fa1cbe-3566-483a-ad8a-0c5014d57659,해피토스트,토스트,안동광석거리 골목형상점가,골목형상점가,경상북도,,,
860f57e3e904f857c30f,full_annotation_v1,A,q_분식_02,토스트,음식점 중 '분식'을 판매·제공하는 매장,test,분식,T1 정확표기,bf791422-7a32-4b25-9436-61b41a60f22a,"또,토스트",,매곡신천 골목형상점가,골목형상점가,울산광역시,,,
b9079c2f1ce13665e291,full_annotation_v1,A,q_분식_02,토스트,음식점 중 '분식'을 판매·제공하는 매장,test,분식,T1 정확표기,015915e3-2542-4245-b627-0c775b4c5501,한내떡집,,거제 고현시장,전통시장,경상남도,,,
d374be7e6a4f3f816009,full_annotation_v1,A,q_분식_02,토스트,음식점 중 '분식'을 판매·제공하는 매장,test,분식,T1 정확표기,2940d95e-3f4f-4e31-b883-17106d475a59,풍년상회,곡물,인동시장,전통시장,대전광역시,,,
914c42934d4da80d837a,full_annotation_v1,A,q_분식_02,토스트,음식점 중 '분식'을 판매·제공하는 매장,test,분식,T1 정확표기,00e9517a-1887-4acf-b072-10c7cadf9512,불닭발 땡초 동대문 엽기 떡볶이,분식,유엔남구 대학로 상권,,부산광역시,,,
16a106a8afef5f965c1e,full_annotation_v1,A,q_분식_02,토스트,음식점 중 '분식'을 판매·제공하는 매장,test,분식,T1 정확표기,04a91b86-3405-4f8d-b0b8-eac86f3907c4,연지동토스트,커피토스트,연지시장,전통시장,부산광역시,,,
6ff69241b2f17ba50ea1,full_annotation_v1,A,q_분식_02,토스트,음식점 중 '분식'을 판매·제공하는 매장,test,분식,T1 정확표기,4a0bbb0d-f2cc-4eef-943a-39446582d12a,금동이네토스트,토스트,대림시장,전통시장,서울특별시,,,
c5930b6a5885e445cc1b,full_annotation_v1,A,q_분식_02,토스트,음식점 중 '분식'을 판매·제공하는 매장,test,분식,T1 정확표기,0012a3b4-64a1-440c-a76e-f2be12a2f086,튀김집,분식,두암시장주변 골목형상점가,골목형상점가,광주광역시,,,
4d57c16aefd1d92818dc,full_annotation_v1,A,q_분식_03,김밥,음식점 중 '분식'을 판매·제공하는 매장,test,분식,T2 동의어,3ea277cd-667b-469f-a9d1-44b10aac2f0a,김밥&닭발,김밥 닭발,성서와룡시장,전통시장,대구광역시,,,
28c6b4e905d73a113dbd,full_annotation_v1,A,q_분식_03,김밥,음식점 중 '분식'을 판매·제공하는 매장,test,분식,T2 동의어,4e94454e-896a-4d08-adad-c82f0b43d98c,안집김밥,김밥,마산 오동동 창동 어시장 상권활성화구역,상권활성화구역,경상남도,,,
f1050d2e20d1c1ba2fd8,full_annotation_v1,A,q_분식_03,김밥,음식점 중 '분식'을 판매·제공하는 매장,test,분식,T2 동의어,47c1a991-03dc-43a9-8126-d20026eb6ff3,김밥나라,김밥,제물포골목형상점가,골목형상점가,인천광역시,,,
7b7fdb8f261a36840875,full_annotation_v1,A,q_분식_03,김밥,음식점 중 '분식'을 판매·제공하는 매장,test,분식,T2 동의어,0a891050-80f2-4423-a5a4-fbd505f1e519,이삭토스트 대전테크노밸리점,토스트,테크노밸리 골목형상점가,골목형상점가,대전광역시,,,
8033641fe2f694febd64,full_annotation_v1,A,q_분식_03,김밥,음식점 중 '분식'을 판매·제공하는 매장,test,분식,T2 동의어,04c905ba-3172-4ea4-a6dd-4345d674dea0,덕순이네,제조업(떡집),장터길 골목형상점가,골목형상점가,경기도,,,
8c3d81c8d9b40ccc2307,full_annotation_v1,A,q_분식_03,김밥,음식점 중 '분식'을 판매·제공하는 매장,test,분식,T2 동의어,6091a036-06a6-4bbe-862b-b0dd52151f07,김밥 마는 남자,김밥,풍암순환로상인회 골목형상점가,골목형상점가,광주광역시,,,
c6deb085aaf730699618,full_annotation_v1,A,q_분식_03,김밥,음식점 중 '분식'을 판매·제공하는 매장,test,분식,T2 동의어,0b8ef6dc-2f6b-4707-bd73-529122d9c97a,하단떡집,떡집,하단오일상설시장,전통시장,부산광역시,,,
2d5fd273cc240e457cbf,full_annotation_v1,A,q_분식_03,김밥,음식점 중 '분식'을 판매·제공하는 매장,test,분식,T2 동의어,192f1218-d957-4082-be49-b1a885c1acd1,오늘애 김밥 조선대점,김밥,조대 정문 골목형상점가,골목형상점가,광주광역시,,,
5f4ab32203d253e18a9e,full_annotation_v1,A,q_분식_03,김밥,음식점 중 '분식'을 판매·제공하는 매장,test,분식,T2 동의어,194351ec-df05-43dc-bb45-948698fd0e65,더쿠9(TheKOO9),여성의류,남천골목시장 골목형상점가,골목형상점가,부산광역시,,,
31e591ce6a418b4a3825,full_annotation_v1,A,q_분식_03,김밥,음식점 중 '분식'을 판매·제공하는 매장,test,분식,T2 동의어,00719699-eb0c-4473-bda9-7a16eace345e,봉식이옛날왕만두,만두,삼익 골목형상점가,골목형상점가,서울특별시,,,
66564f9f8cde316741fe,full_annotation_v1,A,q_분식_03,김밥,음식점 중 '분식'을 판매·제공하는 매장,test,분식,T2 동의어,abe30807-71f7-4b1d-8a04-0b1ca0e422d9,네일스토리,"화장품, 네일, 피부, 왁싱",동백역 골목형상점가,골목형상점가,경기도,,,
0939e6861085b55dda34,full_annotation_v1,A,q_분식_03,김밥,음식점 중 '분식'을 판매·제공하는 매장,test,분식,T2 동의어,005313c8-dce8-49b6-9841-9143ebb1305a,동원떡집,,박달시장,전통시장,경기도,,,
860fd89e8d0188ca1b67,full_annotation_v1,A,q_분식_03,김밥,음식점 중 '분식'을 판매·제공하는 매장,test,분식,T2 동의어,d54cec86-945a-4c56-af91-213f1e92e018,송촌꼬마김밥,김밥,두암지구입구 골목형상점가,골목형상점가,광주광역시,,,
6379a882be445cfaecbe,full_annotation_v1,A,q_분식_03,김밥,음식점 중 '분식'을 판매·제공하는 매장,test,분식,T2 동의어,ea6c3c4b-34c3-4ce0-9aa4-4f4af9e20ebc,꼬마김밥,김밥,동부시장,전통시장,인천광역시,,,
c755c69a277ae01f743b,full_annotation_v1,A,q_분식_03,김밥,음식점 중 '분식'을 판매·제공하는 매장,test,분식,T2 동의어,583343a6-091e-4034-9cc3-08473d7c7b22,김밥천국,김밥,결초보은시장(구 보은종합시장),전통시장,충청북도,,,
9746f5218926822036fd,full_annotation_v1,A,q_분식_03,김밥,음식점 중 '분식'을 판매·제공하는 매장,test,분식,T2 동의어,2a603c29-092a-4faa-8b7a-28bc00529f57,김밥썸,김밥,초지항아리 골목형상점가,골목형상점가,경기도,,,
94cbda063a75bc74fa88,full_annotation_v1,A,q_분식_03,김밥,음식점 중 '분식'을 판매·제공하는 매장,test,분식,T2 동의어,b0524439-2650-442e-bea3-a9538c9fe21d,김밥공장,김밥,동원전통시장상점가,자율상권구역,서울특별시,,,
fb947d6ee0936d868103,full_annotation_v1,A,q_분식_03,김밥,음식점 중 '분식'을 판매·제공하는 매장,test,분식,T2 동의어,0429c7ad-5bb5-4f50-a5f4-095c81840a42,찐스야꼬마김밥앤분식,김밥,풍세로세광 골목형상점가,골목형상점가,충청남도,,,
e19db787e5e926bc9856,full_annotation_v1,A,q_분식_03,김밥,음식점 중 '분식'을 판매·제공하는 매장,test,분식,T2 동의어,c5231286-d4fb-4780-805b-0c9163efa073,미래약국,"약품, 건강기능식품, 의료기기",달천상가 골목형상점가,골목형상점가,울산광역시,,,
19a8d12f1e53e79e6107,full_annotation_v1,A,q_분식_03,김밥,음식점 중 '분식'을 판매·제공하는 매장,test,분식,T2 동의어,8db087cf-c68d-450d-bfa1-65c97f180ee5,오충무김밥,김밥,달서시장,전통시장,대구광역시,,,
af066e6b1b89bcc1ebd9,full_annotation_v1,A,q_분식_03,김밥,음식점 중 '분식'을 판매·제공하는 매장,test,분식,T2 동의어,2e769319-fb9f-44a1-8482-eb4eacaf8c73,김밥천국,김밥,밀양 내일전통시장,전통시장,경상남도,,,
52d2ccd1113d2a918a04,full_annotation_v1,A,q_분식_03,김밥,음식점 중 '분식'을 판매·제공하는 매장,test,분식,T2 동의어,024c1f10-1fe0-4be3-8bde-6465f5cd8c43,오늘은 떡볶이,"떡볶이, 튀김, 순대 등",석촌시장,전통시장,서울특별시,,,
25a0e0a31f26df51bcc7,full_annotation_v1,A,q_분식_03,김밥,음식점 중 '분식'을 판매·제공하는 매장,test,분식,T2 동의어,67c99239-9741-4dfe-a35f-19591c11a4bf,제비둥지 김밥,김밥 커피,대룡시장골목형상점가,골목형상점가,인천광역시,,,
678297dbc3d83329c880,full_annotation_v1,A,q_분식_03,김밥,음식점 중 '분식'을 판매·제공하는 매장,test,분식,T2 동의어,46e51800-cac9-4fae-9754-ceb443c5f37e,섬김밥,김밥,거제 상동 골목형상점가,골목형상점가,경상남도,,,
b55a5db512b233d5a853,full_annotation_v1,A,q_분식_03,김밥,음식점 중 '분식'을 판매·제공하는 매장,test,분식,T2 동의어,1655ca63-6eab-401e-8aa9-b4ce026a7d0a,김밥천국,김밥,시청역상가번영회 골목형상점가,골목형상점가,광주광역시,,,
508ee853d4a48ef0c65f,full_annotation_v1,A,q_분식_03,김밥,음식점 중 '분식'을 판매·제공하는 매장,test,분식,T2 동의어,c80378b6-ad5f-4992-b939-9ffd13a03779,한량,한식,신창부영 골목형상점가,골목형상점가,광주광역시,,,
fb21fec21312ecdc0084,full_annotation_v1,A,q_분식_03,김밥,음식점 중 '분식'을 판매·제공하는 매장,test,분식,T2 동의어,721f66b1-eaa4-4d8a-ae74-eecaf7b7464b,짱김밥,김밥,금호상인회 골목형상점가,골목형상점가,광주광역시,,,
a0969a4dd7e3295c923e,full_annotation_v1,A,q_분식_03,김밥,음식점 중 '분식'을 판매·제공하는 매장,test,분식,T2 동의어,0011cf6d-567e-4c3b-b113-363daa11212a,김밥먹고 닭꼬치,,배방상점가,자율상권구역,충청남도,,,
fdc53334f89f42733d08,full_annotation_v1,A,q_분식_03,김밥,음식점 중 '분식'을 판매·제공하는 매장,test,분식,T2 동의어,3b800808-8d9b-49b7-bbef-f1b6ac32f054,미소가가득꼬마김밥,김밥,운수대통!생거진천전통시장,전통시장,충청북도,,,
f8218daf86da3bceae82,full_annotation_v1,A,q_분식_03,김밥,음식점 중 '분식'을 판매·제공하는 매장,test,분식,T2 동의어,015915e3-2542-4245-b627-0c775b4c5501,한내떡집,,거제 고현시장,전통시장,경상남도,,,
a95815c0bb51bd236d53,full_annotation_v1,A,q_분식_03,김밥,음식점 중 '분식'을 판매·제공하는 매장,test,분식,T2 동의어,11db1c2c-4732-4cde-8c58-0abfe6257061,홍익꼬마김밥,김밥,문지동 골목형상점가,골목형상점가,대전광역시,,,
36a83f395a3b81458aaf,full_annotation_v1,A,q_분식_03,김밥,음식점 중 '분식'을 판매·제공하는 매장,test,분식,T2 동의어,0018c143-a8bd-4461-a8ae-ee348edfad7a,김가네의정부중앙역점,김밥 분식 식사등,의정부시 구도심 상권활성화구역,상권활성화구역,경기도,,,
b01ad1399433003f9ec4,full_annotation_v1,A,q_분식_03,김밥,음식점 중 '분식'을 판매·제공하는 매장,test,분식,T2 동의어,ed443295-9167-49b7-b22b-7d69e4817b55,광천독바위토굴새우젓,젓갈류,광천전통시장,전통시장,충청남도,,,
54adfe4feac5333f3072,full_annotation_v1,A,q_분식_03,김밥,음식점 중 '분식'을 판매·제공하는 매장,test,분식,T2 동의어,ca36f161-a6cb-49a6-a07e-7606968651ca,든든김밥,김밥,서방골 골목형상점가,골목형상점가,광주광역시,,,
f6a4063c43a2adb42eb8,full_annotation_v1,A,q_분식_03,김밥,음식점 중 '분식'을 판매·제공하는 매장,test,분식,T2 동의어,75641842-ea32-434f-acdf-3fcaa3e72c4e,효주네 김밥,김밥,서귀포중심상가번영회,자율상권구역,제주특별자치도,,,
10bab3cbd91fd6a80760,full_annotation_v1,A,q_분식_03,김밥,음식점 중 '분식'을 판매·제공하는 매장,test,분식,T2 동의어,00e9517a-1887-4acf-b072-10c7cadf9512,불닭발 땡초 동대문 엽기 떡볶이,분식,유엔남구 대학로 상권,,부산광역시,,,
cb6ddad4d9c728a784eb,full_annotation_v1,A,q_분식_03,김밥,음식점 중 '분식'을 판매·제공하는 매장,test,분식,T2 동의어,00ec6d6a-b0c1-4662-b17f-9c9f059a4bcd,백암서울순대국,순대국,강서구청먹자골목골목형상점가,골목형상점가,서울특별시,,,
e67e73bec2fff0c24561,full_annotation_v1,A,q_분식_03,김밥,음식점 중 '분식'을 판매·제공하는 매장,test,분식,T2 동의어,53572bfd-5bad-4fc6-a058-6c4dff43ef97,김밥임당,김밥,포일중앙 골목형상점가,골목형상점가,경기도,,,
9b8910631714f9789797,full_annotation_v1,A,q_분식_03,김밥,음식점 중 '분식'을 판매·제공하는 매장,test,분식,T2 동의어,01853453-69ac-4f55-9cd8-09e40088ab59,가마솥왕만두,만두,울산번개시장,전통시장,울산광역시,,,
ed59a3ef6c588ca94e21,full_annotation_v1,A,q_분식_03,김밥,음식점 중 '분식'을 판매·제공하는 매장,test,분식,T2 동의어,31b9ea11-e5d5-4600-841f-12f4a6a4e54a,소윤이네손만두&김밥,만두 김밥,신원권율4 골목형상점가,골목형상점가,경기도,,,
c539a2b6142d209131b6,full_annotation_v1,A,q_분식_03,김밥,음식점 중 '분식'을 판매·제공하는 매장,test,분식,T2 동의어,017c71f5-48d0-4cce-a370-a84d34d36658,무봉리토종순대국파주운정점,,산내마을 골목형상점가,골목형상점가,경기도,,,
68ba08375af03fdd138f,full_annotation_v1,A,q_분식_03,김밥,음식점 중 '분식'을 판매·제공하는 매장,test,분식,T2 동의어,e48a75f3-2b1a-476e-80e3-f3dda7bbd939,블라 BLA,양식,공릉구길골목형상점가,골목형상점가,서울특별시,,,
c2db07e3b221ccd553a3,full_annotation_v1,A,q_분식_03,김밥,음식점 중 '분식'을 판매·제공하는 매장,test,분식,T2 동의어,a6bd9955-a34b-4756-8830-8490af96df13,김밥천국,김밥,은행나무시장(구시흥중앙시장),전통시장,서울특별시,,,
6345ffb01b2f77c7e3a9,full_annotation_v1,A,q_분식_03,김밥,음식점 중 '분식'을 판매·제공하는 매장,test,분식,T2 동의어,8c3abee5-2a7c-417b-975c-f3aaf2eaf17f,오분,김밥,부천강남시장,전통시장,경기도,,,
79ee2239ec2f614ac40c,full_annotation_v1,A,q_분식_03,김밥,음식점 중 '분식'을 판매·제공하는 매장,test,분식,T2 동의어,00e34fb5-e7d3-43aa-b574-400ee31abae5,은혜만두,만두,북동 골목형상점가,골목형상점가,광주광역시,,,
93134c8e082c8525bfc3,full_annotation_v1,A,q_분식_03,김밥,음식점 중 '분식'을 판매·제공하는 매장,test,분식,T2 동의어,ad09224c-7a88-4eac-91a5-71939f12ecd5,참김빱,김밥,도룡상인회 골목형상점가,골목형상점가,대전광역시,,,
cc7aeb8571487d9127b9,full_annotation_v1,A,q_분식_03,김밥,음식점 중 '분식'을 판매·제공하는 매장,test,분식,T2 동의어,98f2575e-2bf4-4936-9718-c79728f88b26,김밥나라,김밥,창원 가음정시장,전통시장,경상남도,,,
1442815dfe03e9f3e6f9,full_annotation_v1,A,q_분식_03,김밥,음식점 중 '분식'을 판매·제공하는 매장,test,분식,T2 동의어,830e5b33-2e53-4972-a31a-a50393f51342,맛나 김밥,김밥,맘모스상가 골목형상점가,골목형상점가,부산광역시,,,
825f77656cbcc1fa06a4,full_annotation_v1,A,q_분식_03,김밥,음식점 중 '분식'을 판매·제공하는 매장,test,분식,T2 동의어,e516d831-ef2f-40b1-8063-05ac0b58bec4,꿈의 김밥,"김밥, 분식",아름동상점가,자율상권구역,세종특별자치시,,,
e7bedc2e18da281bbb96,full_annotation_v1,A,q_분식_03,김밥,음식점 중 '분식'을 판매·제공하는 매장,test,분식,T2 동의어,1f6f83cc-4822-4394-afb0-908159814502,김밥천국,김밥,묵동도깨비시장골목형상점가,골목형상점가,서울특별시,,,
7f4c3c760842dc680a05,full_annotation_v1,A,q_분식_03,김밥,음식점 중 '분식'을 판매·제공하는 매장,test,분식,T2 동의어,62519202-3055-4ab7-9059-357dff481404,김밥천국,김밥,신장대리 자율상권구역,,강원특별자치도,,,
65f55a2916c7c6f89228,full_annotation_v1,A,q_분식_03,김밥,음식점 중 '분식'을 판매·제공하는 매장,test,분식,T2 동의어,05092c47-16e0-45ff-8b34-29106da557e6,김밥천국,김밥,공항골목시장골목형상점가,골목형상점가,서울특별시,,,
dc8305151a62218a6c95,full_annotation_v1,A,q_분식_03,김밥,음식점 중 '분식'을 판매·제공하는 매장,test,분식,T2 동의어,b662932c-8a3f-4d53-b015-414de9041edd,김밥천국,김밥,과천제일쇼핑시장,전통시장,경기도,,,
3b5df2f94c3fd2f59d19,full_annotation_v1,A,q_분식_03,김밥,음식점 중 '분식'을 판매·제공하는 매장,test,분식,T2 동의어,83e1d31d-4cae-4c16-9f51-a32f5e1d2d83,김밥천국,김밥,휴먼시아 3단지 골목형상점가,골목형상점가,울산광역시,,,
bf73c31f95baaa03c58e,full_annotation_v1,A,q_분식_03,김밥,음식점 중 '분식'을 판매·제공하는 매장,test,분식,T2 동의어,85a3f001-9d8d-48f1-bc48-b91a058c24c6,양심김밥,김밥,서문시장2지구 종합상가,전통시장,대구광역시,,,
62a67bc1d9d9d46c2679,full_annotation_v1,A,q_분식_03,김밥,음식점 중 '분식'을 판매·제공하는 매장,test,분식,T2 동의어,4b606ff5-4afb-4aa8-9d7c-de645c9f8cfb,김밥천국,김밥,수일시장,전통시장,서울특별시,,,
fb9ea04e8e0e7dc7477f,full_annotation_v1,A,q_분식_03,김밥,음식점 중 '분식'을 판매·제공하는 매장,test,분식,T2 동의어,b756e92b-98df-4e1d-9f42-16257d18bc00,지에스(GS)25 문흥에이스점,편의점,대주먹자골목 골목형상점가,골목형상점가,광주광역시,,,
22324218083e4cdfd9e1,full_annotation_v1,A,q_분식_03,김밥,음식점 중 '분식'을 판매·제공하는 매장,test,분식,T2 동의어,3614d0ab-478f-42eb-8924-2b7f38bf4c7b,참맛 김밥,김밥,대전정원시장,전통시장,대전광역시,,,
a1e70ee69442d7718652,full_annotation_v1,A,q_분식_03,김밥,음식점 중 '분식'을 판매·제공하는 매장,test,분식,T2 동의어,89b807ad-8ae2-4392-b771-d3851ee786e2,김밥짱,김밥,양정자동차마을 골목형상점가,골목형상점가,울산광역시,,,
6fdabc741db0a52838b3,full_annotation_v1,A,q_분식_03,김밥,음식점 중 '분식'을 판매·제공하는 매장,test,분식,T2 동의어,8e53d3a8-4ae1-4631-a774-0b19293a13e9,김밥데이,김밥,첨단중앙로 골목형상점가,골목형상점가,광주광역시,,,
a5c2590cf34d5644f1b7,full_annotation_v1,A,q_분식_03,김밥,음식점 중 '분식'을 판매·제공하는 매장,test,분식,T2 동의어,3167d1b9-35c9-4fab-9dd8-5f76f8212935,김밥애,김밥,첨단호두라 골목형상점가,골목형상점가,광주광역시,,,
5e53e5b0de340336ec65,full_annotation_v1,A,q_분식_03,김밥,음식점 중 '분식'을 판매·제공하는 매장,test,분식,T2 동의어,6b96ba75-b272-480c-86b1-8168b01d2a7e,민 김밥,"김밥, 분식",서재소상공인연합회,골목형상점가,대구광역시,,,
6dad72805c0104d5b675,full_annotation_v1,A,q_분식_03,김밥,음식점 중 '분식'을 판매·제공하는 매장,test,분식,T2 동의어,293796f5-c148-494b-b798-38dce66c40b7,강변김밥,김밥,효자천변1길 골목형상점가,골목형상점가,전북특별자치도,,,
51d46d089325369e948b,full_annotation_v1,A,q_분식_03,김밥,음식점 중 '분식'을 판매·제공하는 매장,test,분식,T2 동의어,72a1469a-bbac-4f46-8d8e-41ee19b51955,김빠압,김밥,누리 골목형상점가,골목형상점가,경기도,,,
c6c9f1f2211d94e3a418,full_annotation_v1,A,q_분식_03,김밥,음식점 중 '분식'을 판매·제공하는 매장,test,분식,T2 동의어,69aa9669-643b-4db2-af7a-61c7713b792a,반줄김밥,김밥,공주산성시장,전통시장,충청남도,,,
cd4deffbad020138273a,full_annotation_v1,A,q_분식_03,김밥,음식점 중 '분식'을 판매·제공하는 매장,test,분식,T2 동의어,025ce32c-a306-41a1-8116-1c251a4491ba,최고집김밥,김밥,쌍용1번가 골목형상점가,골목형상점가,충청남도,,,
4c507f4ead34a4896993,full_annotation_v1,A,q_분식_03,김밥,음식점 중 '분식'을 판매·제공하는 매장,test,분식,T2 동의어,adb12e58-8ef0-4cd8-9fbd-5e891ab774da,봉봉김밥,김밥,전남대 상대 골목형상점가,골목형상점가,광주광역시,,,
e1b6efd906cf1b142e55,full_annotation_v1,A,q_분식_03,김밥,음식점 중 '분식'을 판매·제공하는 매장,test,분식,T2 동의어,00783b5c-54fd-42fc-8bcf-1ea7fce865d5,쫀득분식,분식,임방울거리3구역 골목형상점가,골목형상점가,광주광역시,,,
6e08923567d219e1bcbc,full_annotation_v1,A,q_분식_03,김밥,음식점 중 '분식'을 판매·제공하는 매장,test,분식,T2 동의어,e245e104-be76-4e15-bb2d-65aa6d474f77,할멈탕수육 김밥,"탕수육, 김밥",전남대 상대 골목형상점가,골목형상점가,광주광역시,,,
54013cac9db622d7f80f,full_annotation_v1,A,q_분식_03,김밥,음식점 중 '분식'을 판매·제공하는 매장,test,분식,T2 동의어,001cb3d4-5441-4963-b517-d5b3904ee312,현창떡집,떡집,목포동부시장,전통시장,전라남도,,,
a2bf5904bc48810b2cb9,full_annotation_v1,A,q_분식_03,김밥,음식점 중 '분식'을 판매·제공하는 매장,test,분식,T2 동의어,0910caae-ad67-4ef3-934e-fff4c6059206,참토스트 대전학하점,토스트,계산동 골목형상점가,골목형상점가,대전광역시,,,
2dd3078385dc7d05f263,full_annotation_v1,A,q_분식_03,김밥,음식점 중 '분식'을 판매·제공하는 매장,test,분식,T2 동의어,001bda4f-046f-44c5-b084-8de630ac405a,김밥윤,김밥 등,보람동 골목형상점가,골목형상점가,세종특별자치시,,,
fd09eb751c6445bfbb75,full_annotation_v1,A,q_분식_03,김밥,음식점 중 '분식'을 판매·제공하는 매장,test,분식,T2 동의어,2eafbffc-26cc-4bbd-b529-00d4feb9f16b,오늘의 김밥,김밥,노대물빛근린공원 골목형상점가,골목형상점가,광주광역시,,,
170aab2ba1afd1e849dd,full_annotation_v1,A,q_분식_03,김밥,음식점 중 '분식'을 판매·제공하는 매장,test,분식,T2 동의어,e4884a00-1e56-4447-b790-aa379e5d8f25,갈바트카페 울산천곡점,커피,달천상가 골목형상점가,골목형상점가,울산광역시,,,
af6c46557b47aba3fff4,full_annotation_v1,A,q_분식_03,김밥,음식점 중 '분식'을 판매·제공하는 매장,test,분식,T2 동의어,04a91b86-3405-4f8d-b0b8-eac86f3907c4,연지동토스트,커피토스트,연지시장,전통시장,부산광역시,,,
4734494a37f5ab478ebd,full_annotation_v1,A,q_분식_03,김밥,음식점 중 '분식'을 판매·제공하는 매장,test,분식,T2 동의어,59daf16f-e2dd-45e2-9f4f-b6d16b038a9e,김가네,김밥,첨단아미 골목형상점가,골목형상점가,광주광역시,,,
fb8f368d65b3dc143ee3,full_annotation_v1,A,q_분식_03,김밥,음식점 중 '분식'을 판매·제공하는 매장,test,분식,T2 동의어,97b54342-0ed5-4d49-a4f0-4f9902e4b7f9,건준컴퓨터교습소,교육서비스,한빛3·6·7단지 골목형상점가,골목형상점가,경기도,,,
05b4e7b82972dc69800b,full_annotation_v1,A,q_분식_03,김밥,음식점 중 '분식'을 판매·제공하는 매장,test,분식,T2 동의어,4a9781b9-38e2-4666-9f2d-22e4ab9ba81a,공꼬마김밥,김밥,용산용문시장,전통시장,서울특별시,,,
4ffff763c4b2e7885244,full_annotation_v1,A,q_분식_03,김밥,음식점 중 '분식'을 판매·제공하는 매장,test,분식,T2 동의어,998edd90-4d1d-40f9-b356-35d4407fa67a,똘똘말이 김밥,,낭주골 골목형상점가,골목형상점가,전북특별자치도,,,
bc51d35e30412f5881a1,full_annotation_v1,A,q_분식_03,김밥,음식점 중 '분식'을 판매·제공하는 매장,test,분식,T2 동의어,1c965ac9-c3d0-4779-9d0d-cd78c7718715,한뼘김밥,김밥,유천택지올림픽길골목형상점가,골목형상점가,강원특별자치도,,,
ec8f87b9b36c15e6e3e5,full_annotation_v1,A,q_분식_03,김밥,음식점 중 '분식'을 판매·제공하는 매장,test,분식,T2 동의어,6f379eb8-a602-4a63-be06-16e8269d4a39,예송김밥,김밥,행복상점가,자율상권구역,경상북도,,,
4d4cb039593e9a3ff57e,full_annotation_v1,A,q_분식_03,김밥,음식점 중 '분식'을 판매·제공하는 매장,test,분식,T2 동의어,af8535a3-4d37-4972-b685-dad5dc1b9798,말앙말앙,김밥,사거리온누리 골목형상점가,골목형상점가,충청남도,,,
97faf407dc8028c32ae5,full_annotation_v1,A,q_분식_03,김밥,음식점 중 '분식'을 판매·제공하는 매장,test,분식,T2 동의어,79deadbb-b417-42ed-8d86-7ff7f998b0a8,미목,김밥,한보라 골목형상점가,골목형상점가,경기도,,,
6dc968c74decfa495de3,full_annotation_v1,A,q_분식_03,김밥,음식점 중 '분식'을 판매·제공하는 매장,test,분식,T2 동의어,a3dc4a5e-4f7d-4e1f-b76b-0353c79fed9b,천재분식,김밥,월배신시장,전통시장,대구광역시,,,
80f9b8b454b37ae1ce42,full_annotation_v1,A,q_분식_03,김밥,음식점 중 '분식'을 판매·제공하는 매장,test,분식,T2 동의어,0bde8420-cca4-4eeb-91f3-ed38b4caa07e,김밥니라,김밥,옛 경양방죽 골목형상점가,골목형상점가,광주광역시,,,
365f31dd3b1c73ae75e6,full_annotation_v1,A,q_분식_03,김밥,음식점 중 '분식'을 판매·제공하는 매장,test,분식,T2 동의어,ead5ea77-4317-4183-8ac8-d6cf57f36b78,김면장,김밥,남천골목시장 골목형상점가,골목형상점가,부산광역시,,,
3bc9419e87751ea52e37,full_annotation_v1,A,q_분식_03,김밥,음식점 중 '분식'을 판매·제공하는 매장,test,분식,T2 동의어,3b486ad9-ba2d-4cc8-8127-d3eccd91dd41,원조할머니김밥,김밥,구로시장,전통시장,서울특별시,,,
ab5d073b61bc1d48d834,full_annotation_v1,A,q_분식_03,김밥,음식점 중 '분식'을 판매·제공하는 매장,test,분식,T2 동의어,0012a3b4-64a1-440c-a76e-f2be12a2f086,튀김집,분식,두암시장주변 골목형상점가,골목형상점가,광주광역시,,,
0e9a7673310c1c499366,full_annotation_v1,A,q_분식_03,김밥,음식점 중 '분식'을 판매·제공하는 매장,test,분식,T2 동의어,759a0bd8-0989-46c7-bc20-28c69b62117b,감탄김밥,김밥,용인중앙시장,전통시장,경기도,,,
1a09bb315f3ef916bd6f,full_annotation_v1,A,q_분식_03,김밥,음식점 중 '분식'을 판매·제공하는 매장,test,분식,T2 동의어,007d6b63-4e47-47fa-aaa5-6d0b5cc7280b,도토리김밥계룡엄사점,분식,엄사 골목형상점가,골목형상점가,충청남도,,,
044bddcfb8225275c50e,full_annotation_v1,A,q_분식_03,김밥,음식점 중 '분식'을 판매·제공하는 매장,test,분식,T2 동의어,60c1dc37-3435-425e-ab27-c1eb18ba2135,김밥나라,김밥,장성읍 골목형상점가,골목형상점가,전라남도,,,
ae0243ad0d66d7185f29,full_annotation_v1,A,q_분식_03,김밥,음식점 중 '분식'을 판매·제공하는 매장,test,분식,T2 동의어,30458e74-e6a9-4323-86bf-10a47c9dd84a,김밥천국,김밥,양산길 골목형상점가,골목형상점가,광주광역시,,,
585db1b0ec2ef173598b,full_annotation_v1,A,q_분식_03,김밥,음식점 중 '분식'을 판매·제공하는 매장,test,분식,T2 동의어,00ca89c2-42a8-432d-ba4b-5abd23c18ab0,계란밥,계란밥분식,시청역상가번영회 골목형상점가,골목형상점가,광주광역시,,,
094bca34e37c17050ced,full_annotation_v1,A,q_분식_03,김밥,음식점 중 '분식'을 판매·제공하는 매장,test,분식,T2 동의어,a87c4391-85c7-4fd9-b9b3-93626a797fbb,통큰김밥,김밥,진주 비봉시장,전통시장,경상남도,,,
387260aabf118a72fb74,full_annotation_v1,A,q_분식_03,김밥,음식점 중 '분식'을 판매·제공하는 매장,test,분식,T2 동의어,02f03161-3a15-416f-bdd6-8ad5bd17781d,시골참순대,,관저동 먹자골목 골목형상점가,골목형상점가,대전광역시,,,
43a43370eb2832bbbfb5,full_annotation_v1,A,q_분식_03,김밥,음식점 중 '분식'을 판매·제공하는 매장,test,분식,T2 동의어,9f4562f3-5542-4607-a57b-925a259b6387,고봉김밥,김밥,남천골목시장 골목형상점가,골목형상점가,부산광역시,,,
2cbc8161ed4950ca0c7f,full_annotation_v1,A,q_분식_03,김밥,음식점 중 '분식'을 판매·제공하는 매장,test,분식,T2 동의어,a654ed04-059f-4106-8fe3-018ab87eb009,시청앞 김밥,김밥,금촌문화로시장,전통시장,경기도,,,
e010e76cbcf357c997d0,full_annotation_v1,A,q_분식_03,김밥,음식점 중 '분식'을 판매·제공하는 매장,test,분식,T2 동의어,e713f955-e56c-4fb5-88e6-dc05c8b00ed2,김&밥,김밥,후평3동 행복마을 골목형상점가,골목형상점가,강원특별자치도,,,
352256c47e2be6f11588,full_annotation_v1,A,q_분식_03,김밥,음식점 중 '분식'을 판매·제공하는 매장,test,분식,T2 동의어,2b953b2f-0d92-4409-af3b-05c969533761,김밥나라,김밥,우산상인회 골목형상점가,골목형상점가,광주광역시,,,
d5806ea898dfb5053309,full_annotation_v1,A,q_분식_03,김밥,음식점 중 '분식'을 판매·제공하는 매장,test,분식,T2 동의어,d0807f1b-eea6-4fe2-9412-2011a7ac5c2e,마미 김밥,김밥 및 분식,지족북로 골목형상점가,골목형상점가,대전광역시,,,
80fda18d00fb7bcae1a8,full_annotation_v1,A,q_분식_03,김밥,음식점 중 '분식'을 판매·제공하는 매장,test,분식,T2 동의어,b6644fdf-d075-49ed-89fb-425543a5b94c,오클랜드,커피,운천테라스길상인회 골목형상점가,골목형상점가,광주광역시,,,
66dd054368b74724418f,full_annotation_v1,A,q_분식_03,김밥,음식점 중 '분식'을 판매·제공하는 매장,test,분식,T2 동의어,88d491e1-a2b5-43f2-8eaa-cf843094658e,자매꼬마김밥,김밥,쌍용1번가 골목형상점가,골목형상점가,충청남도,,,
a32536679bd280651d02,full_annotation_v1,A,q_분식_03,김밥,음식점 중 '분식'을 판매·제공하는 매장,test,분식,T2 동의어,b1b1b841-4107-4f1f-81e9-88b27d0c83a0,김김밥밥,김밥,화서1동 소상공인 골목형상점가,골목형상점가,경기도,,,
e66791df8a6e2d39cc4e,full_annotation_v1,A,q_분식_03,김밥,음식점 중 '분식'을 판매·제공하는 매장,test,분식,T2 동의어,e54702c8-4b01-4d1a-8049-3808e3bad100,부평김밥,김밥,부평깡시장,전통시장,인천광역시,,,
98ff01f6697f37619d05,full_annotation_v1,A,q_분식_03,김밥,음식점 중 '분식'을 판매·제공하는 매장,test,분식,T2 동의어,e28447ac-2e67-4bc4-8ca3-41560684a479,파더스 김밥 두류점,김밥,두류젊코상권,상권활성화구역,대구광역시,,,
29458d8a9b571c2c7e58,full_annotation_v1,A,q_분식_03,김밥,음식점 중 '분식'을 판매·제공하는 매장,test,분식,T2 동의어,2a59a691-b4f4-40f2-9806-82a309703f23,돈카돈까 1호점,음식점,춘천지하상가,일반지하상점가,강원특별자치도,,,
601655d812fb07d4df31,full_annotation_v1,A,q_분식_03,김밥,음식점 중 '분식'을 판매·제공하는 매장,test,분식,T2 동의어,b98648af-6f95-4788-902e-8d441cdf1592,김밥천국,김밥,조치원중심가로상점가,자율상권구역,세종특별자치시,,,
9cf9e1ac7cfef28b3b33,full_annotation_v1,A,q_분식_03,김밥,음식점 중 '분식'을 판매·제공하는 매장,test,분식,T2 동의어,1ed61803-3fd2-4b75-a89b-104f49946465,루나수제쿠키.김밥,김밥,방림1어린이공원 골목형상점가,골목형상점가,광주광역시,,,
b160c7b9040faba9e144,full_annotation_v1,A,q_분식_03,김밥,음식점 중 '분식'을 판매·제공하는 매장,test,분식,T2 동의어,ffce1d08-d642-4079-96ae-6f30fb74f6f1,나르지오워킹화 오치점,신발,우치서하로 골목형상점가,골목형상점가,광주광역시,,,
89e64ef07da9102af60b,full_annotation_v1,A,q_분식_03,김밥,음식점 중 '분식'을 판매·제공하는 매장,test,분식,T2 동의어,ceedbb3c-ae65-4394-b901-63e7510174ba,경성식당 연탄구이 동백점,육류 및 해산물,동백역 골목형상점가,골목형상점가,경기도,,,
0201b4f7abb282f99c2c,full_annotation_v1,A,q_분식_03,김밥,음식점 중 '분식'을 판매·제공하는 매장,test,분식,T2 동의어,be6f1f19-a883-4e0b-a7e0-46dd0423b4c0,고봉민김밥,김밥,아름동상점가,자율상권구역,세종특별자치시,,,
c269c0a78a05b9969b73,full_annotation_v1,A,q_분식_03,김밥,음식점 중 '분식'을 판매·제공하는 매장,test,분식,T2 동의어,9395f95e-0450-43fa-a097-bb654043ca81,평양김밥,김밥,지산목련시장(구 지산종합시장),전통시장,대구광역시,,,
ac23aee215ffe15b02ef,full_annotation_v1,A,q_분식_03,김밥,음식점 중 '분식'을 판매·제공하는 매장,test,분식,T2 동의어,064d899b-c65a-4b75-9a15-9ca1eaf707f4,이삭토스트,토스트 등,매탄중심상가 골목형상점가,골목형상점가,경기도,,,
193ca6581214ec0b76f1,full_annotation_v1,A,q_분식_03,김밥,음식점 중 '분식'을 판매·제공하는 매장,test,분식,T2 동의어,06db5753-7790-4100-b281-ff229c2dcc74,"김밥,달콤함에빠지다",김밥,가재울 골목형상점가,골목형상점가,인천광역시,,,
559aa6f9c3a1507960a6,full_annotation_v1,A,q_분식_03,김밥,음식점 중 '분식'을 판매·제공하는 매장,test,분식,T2 동의어,4e1b47e3-6bc4-4e58-814e-c26caaf0ac93,블랙김밥,김밥,삼정코아 골목형상점가,골목형상점가,부산광역시,,,
d9f9a5adcf1409222ff3,full_annotation_v1,A,q_분식_03,김밥,음식점 중 '분식'을 판매·제공하는 매장,test,분식,T2 동의어,c0a632c5-9d05-40fc-838b-e31a57327a1c,봉자네김밥분식,김밥,지족반석 골목형상점가,골목형상점가,대전광역시,,,
b6839b619f6c6d3ac254,full_annotation_v1,A,q_분식_03,김밥,음식점 중 '분식'을 판매·제공하는 매장,test,분식,T2 동의어,ab649915-7ba4-4fcc-9588-daf4702a4eba,김밥가게,김밥,혁신도시5구역골목형상점가,골목형상점가,강원특별자치도,,,
fc9db9315fa64a53cbfb,full_annotation_v1,A,q_분식_03,김밥,음식점 중 '분식'을 판매·제공하는 매장,test,분식,T2 동의어,00e30e6c-dde0-49cd-9e3e-95465aa4247e,동해분식,분식,서남신시장,전통시장,대구광역시,,,
6846953589313988269f,full_annotation_v1,A,q_분식_03,김밥,음식점 중 '분식'을 판매·제공하는 매장,test,분식,T2 동의어,3dda096f-31f6-463b-bfbf-696d7fd1c41b,더김밥,김밥,길주로 골목형상점가,골목형상점가,경기도,,,
c7d89f490291d33e6121,full_annotation_v1,A,q_분식_03,김밥,음식점 중 '분식'을 판매·제공하는 매장,test,분식,T2 동의어,67640d40-8863-4755-b70d-a935c4c1e4be,하남김밥,김밥,신장전통시장,전통시장,경기도,,,
3d70cab729b3e4902375,full_annotation_v1,A,q_분식_03,김밥,음식점 중 '분식'을 판매·제공하는 매장,test,분식,T2 동의어,d36eb1c1-a32e-42c5-8fb5-5ac5771a1b12,힘내삼 김밥,김밥 분식,강화풍물시장,전통시장,인천광역시,,,
4e2fda42c45e0eca264d,full_annotation_v1,A,q_분식_03,김밥,음식점 중 '분식'을 판매·제공하는 매장,test,분식,T2 동의어,5eba2f6f-a3f3-4eea-b19c-5da68baf8b9c,민속김밥,김밥,삼익2차쇼핑 골목형상점가,골목형상점가,서울특별시,,,
8b99153789a664997480,full_annotation_v1,A,q_분식_03,김밥,음식점 중 '분식'을 판매·제공하는 매장,test,분식,T2 동의어,e3a5895b-b5cf-4a62-aabe-bfc85c6c7800,김밥나라,김밥,송강동 골목형상점가,골목형상점가,대전광역시,,,
c021b9472a7598411989,full_annotation_v1,A,q_분식_03,김밥,음식점 중 '분식'을 판매·제공하는 매장,test,분식,T2 동의어,802c11b2-50c5-41b0-871a-c25c27c4d4fe,세봉한의원,한의원,남천골목시장 골목형상점가,골목형상점가,부산광역시,,,
28efe4303bced95578bd,full_annotation_v1,A,q_분식_03,김밥,음식점 중 '분식'을 판매·제공하는 매장,test,분식,T2 동의어,9731b325-700b-4131-ae66-cadff4917963,김밥천국,김밥,작전시장,전통시장,인천광역시,,,
f10de80417a533459600,full_annotation_v1,A,q_분식_03,김밥,음식점 중 '분식'을 판매·제공하는 매장,test,분식,T2 동의어,055b0501-9678-421c-9b8d-2994754df728,캠토토스트 계룡대실점,토스트,두마면 대실골목형상점가,골목형상점가,충청남도,,,
8752322e8fc143d76663,full_annotation_v1,A,q_분식_03,김밥,음식점 중 '분식'을 판매·제공하는 매장,test,분식,T2 동의어,e022337e-2096-42f1-8edf-da544e8b63c6,아는꼬마김밥,김밥,청당3번가 골목형상점가,골목형상점가,충청남도,,,
5da6af61e5efbef35175,full_annotation_v1,A,q_분식_03,김밥,음식점 중 '분식'을 판매·제공하는 매장,test,분식,T2 동의어,0ab4b1bd-93f1-4d46-b012-abfc9b1328dc,브라운토스트,"토스트, 음료",구즉 골목형상점가,골목형상점가,대전광역시,,,
b43972f00e11886d6c06,full_annotation_v1,A,q_분식_03,김밥,음식점 중 '분식'을 판매·제공하는 매장,test,분식,T2 동의어,00b5a60c-c548-4ac2-8259-9bb788c0fc58,까치김밥,김밥식사류,신림별빛거리골목형상점가,골목형상점가,서울특별시,,,
e97efcdbcb2b0eec67a3,full_annotation_v1,A,q_분식_03,김밥,음식점 중 '분식'을 판매·제공하는 매장,test,분식,T2 동의어,5e6c3488-7fa4-4529-8f2b-9c16de9e599b,장홍김밥,김밥,속초종합중앙시장,전통시장,강원특별자치도,,,
2520630b27118076e271,full_annotation_v1,A,q_분식_03,김밥,음식점 중 '분식'을 판매·제공하는 매장,test,분식,T2 동의어,0239c4e7-2ae3-4f29-8952-19c6d9d1d9a9,세번째집,순대국밥,성환이화시장,전통시장,충청남도,,,
d3ad1b5db4d4f0df02bc,full_annotation_v1,A,q_분식_03,김밥,음식점 중 '분식'을 판매·제공하는 매장,test,분식,T2 동의어,daf616bc-affe-4a12-bab0-0b5cb269a1c2,이모네 김밥,김밥,여수서시장주변시장,전통시장,전라남도,,,
45d162325e61cc5076b5,full_annotation_v1,A,q_분식_03,김밥,음식점 중 '분식'을 판매·제공하는 매장,test,분식,T2 동의어,0075dacf-3e3f-47b8-a4af-d3a2ff866348,북툰커피앤카페,찐빵 만두 커피,신창진흥 골목형상점가,골목형상점가,광주광역시,,,
3754e3b9b66933fb5872,full_annotation_v1,A,q_분식_03,김밥,음식점 중 '분식'을 판매·제공하는 매장,test,분식,T2 동의어,016f68a3-c16f-467c-af96-22466baf3a6a,쉬즈베이글,토스트,읍내리 원도심 골목형상점가,골목형상점가,전라남도,,,
c1cee7b15aa7e603d80d,full_annotation_v1,A,q_분식_03,김밥,음식점 중 '분식'을 판매·제공하는 매장,test,분식,T2 동의어,04b03558-95d1-4a0e-a9e2-9a9e72bdadb2,배가찐왕만두,만두,문흥2동 골목형상점가,골목형상점가,광주광역시,,,
9e46ba1240549165a788,full_annotation_v1,A,q_분식_03,김밥,음식점 중 '분식'을 판매·제공하는 매장,test,분식,T2 동의어,b472669b-8d15-435f-8977-c7b48f607f3e,갯마을횟집,회,연동골목시장,자율상권구역,부산광역시,,,
2c7b336898a24932b581,full_annotation_v1,A,q_분식_03,김밥,음식점 중 '분식'을 판매·제공하는 매장,test,분식,T2 동의어,30b10580-fc20-4cd1-aadf-692eff9d8ea8,다온김밥,김밥,동원전통시장상점가,자율상권구역,서울특별시,,,
88c6a9230a302d9cc687,full_annotation_v1,A,q_분식_03,김밥,음식점 중 '분식'을 판매·제공하는 매장,test,분식,T2 동의어,3c722e1b-a8f3-4095-8f45-e4f32af49edd,김밥짱,김밥,백년시장(구 강북종합전통시장),전통시장,서울특별시,,,
2d64d56f267e0bdede17,full_annotation_v1,A,q_분식_03,김밥,음식점 중 '분식'을 판매·제공하는 매장,test,분식,T2 동의어,1f16a7f6-3adc-466c-a3bd-611fb843d5ea,파닭김밥,김밥,동쪽바다중앙시장(구 동해중앙시장),전통시장,강원특별자치도,,,
a06ce555a01582800fb0,full_annotation_v1,A,q_분식_03,김밥,음식점 중 '분식'을 판매·제공하는 매장,test,분식,T2 동의어,bf5d2e31-fc22-4660-a2e0-c1209d9841d6,오늘도빙수 공릉점,빙수,공릉구길골목형상점가,골목형상점가,서울특별시,,,
c28646dc7bf3c2bf9345,full_annotation_v1,A,q_분식_03,김밥,음식점 중 '분식'을 판매·제공하는 매장,test,분식,T2 동의어,07dd7b1a-f630-4827-9fac-a0996a88c0e6,김밥나라,김밥,마산 창동통합상가,자율상권구역,경상남도,,,
bba8dde1fd0525802819,full_annotation_v1,A,q_분식_03,김밥,음식점 중 '분식'을 판매·제공하는 매장,test,분식,T2 동의어,bd18ceac-9c5b-41a2-ad9e-a3ba9cf6a67d,광판팔뚝김밥,김밥,혁신도시5구역골목형상점가,골목형상점가,강원특별자치도,,,
c08ec611676cfa1689a8,full_annotation_v1,A,q_분식_03,김밥,음식점 중 '분식'을 판매·제공하는 매장,test,분식,T2 동의어,008594db-d86c-4014-bf5c-16f6cd40402d,와글와글봄소풍,김밥,다사역 골목형상점가,골목형상점가,대구광역시,,,
6cc6a9f0255b897a15cb,full_annotation_v1,A,q_분식_03,김밥,음식점 중 '분식'을 판매·제공하는 매장,test,분식,T2 동의어,d6e5266f-8049-4f7a-93c2-ac1e5f336c6e,이모김밥,김밥,광교상현역 온누리 골목형상점가,골목형상점가,경기도,,,
29990928eae2de6c3b4d,full_annotation_v1,A,q_분식_03,김밥,음식점 중 '분식'을 판매·제공하는 매장,test,분식,T2 동의어,104119aa-bd35-480c-8a36-c44d2d392e44,올바른 김밥,김밥,연남동골목형상점가,골목형상점가,서울특별시,,,
08d6a30d4d61ddb25e2c,full_annotation_v1,A,q_분식_03,김밥,음식점 중 '분식'을 판매·제공하는 매장,test,분식,T2 동의어,9f1398dd-0593-4e45-9cf4-f99c7e54da31,백점김밥,김밥,쌍학로상인회 골목형상점가,골목형상점가,광주광역시,,,
eb8d8f06b84f1cb1ad94,full_annotation_v1,A,q_분식_03,김밥,음식점 중 '분식'을 판매·제공하는 매장,test,분식,T2 동의어,1b812b64-efaf-4787-b65a-ce164d40afd9,김밥나라,김밥,둔전골목형상점가,골목형상점가,경기도,,,
975ed6fc12dd3892a33f,full_annotation_v1,A,q_분식_03,김밥,음식점 중 '분식'을 판매·제공하는 매장,test,분식,T2 동의어,00b5a007-bb8d-47db-963d-ccc7e93c25ac,장호덕 손만두 백석점,만두,백석한들1번가 골목형상점가,골목형상점가,충청남도,,,
63f9affd7ad1e80130c8,full_annotation_v1,A,q_분식_03,김밥,음식점 중 '분식'을 판매·제공하는 매장,test,분식,T2 동의어,045215f0-9db0-4054-8c69-702841941f01,문토스트용호점,카페토스트,용호1동골목시장,전통시장,부산광역시,,,
d494fe54a95c64b25505,full_annotation_v1,A,q_분식_03,김밥,음식점 중 '분식'을 판매·제공하는 매장,test,분식,T2 동의어,700db18c-dffa-455b-a961-4a59121ae19a,한옥김밥,김밥,전주한옥마을 골목형상점가,골목형상점가,전북특별자치도,,,
f57f3d02958f3b48348c,full_annotation_v1,A,q_분식_03,김밥,음식점 중 '분식'을 판매·제공하는 매장,test,분식,T2 동의어,840e5ed6-836f-4a93-8f47-0c2bd5dd522e,김밥나라,김밥,아시아음식문화거리 골목형상점가,골목형상점가,광주광역시,,,
bb0ea46ce0e1caacbe0a,full_annotation_v1,A,q_분식_04,만두,음식점 중 '분식'을 판매·제공하는 매장,test,분식,T2 동의어,c52291ae-dcd5-43be-8688-ebd5e97456d0,장호덕손만두용인모현점,만두,외대글로벌길 골목형상점가,골목형상점가,경기도,,,
1ab98b5c30b0db06603c,full_annotation_v1,A,q_분식_04,만두,음식점 중 '분식'을 판매·제공하는 매장,test,분식,T2 동의어,94fe4dac-2ee8-4fc4-9598-b2ab3ccabe08,호호왕만두,만두,양산 덕계종합상설시장,전통시장,경상남도,,,
bd0d25f44ce52fe2d4f4,full_annotation_v1,A,q_분식_04,만두,음식점 중 '분식'을 판매·제공하는 매장,test,분식,T2 동의어,63817c1b-e48f-4a18-816a-9e85113f96cf,굿족발,한식,화정동 서부시장,전통시장,광주광역시,,,
a9b9e95c1cf213947c37,full_annotation_v1,A,q_분식_04,만두,음식점 중 '분식'을 판매·제공하는 매장,test,분식,T2 동의어,100ba02b-8a14-4d28-b7d4-44d86067361b,장호덕손만두,만두,봉일천전통시장,전통시장,경기도,,,
93c535aa51020ff8e181,full_annotation_v1,A,q_분식_04,만두,음식점 중 '분식'을 판매·제공하는 매장,test,분식,T2 동의어,2d63c0fa-1e70-42bd-ac34-4595f4c6aa30,산동만두,만두,신정상가시장,전통시장,울산광역시,,,
030a5c1d1c179d601937,full_annotation_v1,A,q_분식_04,만두,음식점 중 '분식'을 판매·제공하는 매장,test,분식,T2 동의어,b5cde6f7-d102-49da-a75a-cb92d0a4588a,수제만두,만두,복이있는덕포시장,전통시장,부산광역시,,,
3c4b3b997b76fd87b89a,full_annotation_v1,A,q_분식_04,만두,음식점 중 '분식'을 판매·제공하는 매장,test,분식,T2 동의어,0239c4e7-2ae3-4f29-8952-19c6d9d1d9a9,세번째집,순대국밥,성환이화시장,전통시장,충청남도,,,
47ab3ce990ddb4d60e1f,full_annotation_v1,A,q_분식_04,만두,음식점 중 '분식'을 판매·제공하는 매장,test,분식,T2 동의어,0012a3b4-64a1-440c-a76e-f2be12a2f086,튀김집,분식,두암시장주변 골목형상점가,골목형상점가,광주광역시,,,
50452e30819738ca755f,full_annotation_v1,A,q_분식_04,만두,음식점 중 '분식'을 판매·제공하는 매장,test,분식,T2 동의어,cc183367-f254-40c2-8746-7921c677c73f,그럴만두,만두,용봉지구 골목형상점가,골목형상점가,광주광역시,,,
9455d9a8b5ac87d4f543,full_annotation_v1,A,q_분식_04,만두,음식점 중 '분식'을 판매·제공하는 매장,test,분식,T2 동의어,501ae59c-22f7-46af-bfba-ef08a9b81641,매일선,만두,남문시장,전통시장,서울특별시,,,
72a97de5b2a46a97b5ad,full_annotation_v1,A,q_분식_04,만두,음식점 중 '분식'을 판매·제공하는 매장,test,분식,T2 동의어,0b8ef6dc-2f6b-4707-bd73-529122d9c97a,하단떡집,떡집,하단오일상설시장,전통시장,부산광역시,,,
cdb50794962d9c650260,full_annotation_v1,A,q_분식_04,만두,음식점 중 '분식'을 판매·제공하는 매장,test,분식,T2 동의어,f12f1f14-4aff-4465-a716-65c90e4239a3,호연만두,만두,초량전통시장,전통시장,부산광역시,,,
fcd1c7165c942e7d75dd,full_annotation_v1,A,q_분식_04,만두,음식점 중 '분식'을 판매·제공하는 매장,test,분식,T2 동의어,f18bbfbf-ffae-4bd6-bd33-b1ae330a2fe7,함지박,만두,수정전통시장,전통시장,부산광역시,,,
fc529fbf8d2a2bd58f3b,full_annotation_v1,A,q_분식_04,만두,음식점 중 '분식'을 판매·제공하는 매장,test,분식,T2 동의어,415808ce-735f-47c0-a5e1-739be2ae8aed,옵서예만두,만두,연산골목시장상점가,자율상권구역,부산광역시,,,
028d00e43de4b4547b86,full_annotation_v1,A,q_분식_04,만두,음식점 중 '분식'을 판매·제공하는 매장,test,분식,T2 동의어,055b0501-9678-421c-9b8d-2994754df728,캠토토스트 계룡대실점,토스트,두마면 대실골목형상점가,골목형상점가,충청남도,,,
ff74a425cc464ec85faa,full_annotation_v1,A,q_분식_04,만두,음식점 중 '분식'을 판매·제공하는 매장,test,분식,T2 동의어,716d8dcf-363f-4a10-8770-7157e8de2333,친정엄마,만두,청주북부시장,전통시장,충청북도,,,
804303a3906276f09c6a,full_annotation_v1,A,q_분식_04,만두,음식점 중 '분식'을 판매·제공하는 매장,test,분식,T2 동의어,20b1cd13-e4ad-4b9e-81bb-897f45835b24,옛날코끼리찐빵만두,만두,청주육거리종합시장,전통시장,충청북도,,,
384a72055db2ec2f9e2c,full_annotation_v1,A,q_분식_04,만두,음식점 중 '분식'을 판매·제공하는 매장,test,분식,T2 동의어,02f03161-3a15-416f-bdd6-8ad5bd17781d,시골참순대,,관저동 먹자골목 골목형상점가,골목형상점가,대전광역시,,,
bb79e742047baa3b683f,full_annotation_v1,A,q_분식_04,만두,음식점 중 '분식'을 판매·제공하는 매장,test,분식,T2 동의어,b4704186-5a1b-4ecf-b444-9fc86c8e5b74,신영남만두,만두,칠성본시장,전통시장,대구광역시,,,
3aca700d5aa3b3c2bb0c,full_annotation_v1,A,q_분식_04,만두,음식점 중 '분식'을 판매·제공하는 매장,test,분식,T2 동의어,b68c105d-fd16-4a58-9349-89e8342795d9,화실만두,만두,원주자유시장,전통시장,강원특별자치도,,,
e305637f23277254f3ea,full_annotation_v1,A,q_분식_04,만두,음식점 중 '분식'을 판매·제공하는 매장,test,분식,T2 동의어,8a74be56-8213-4b5a-a26e-a8691cfa7098,그옛날1947왕만두,만두,신내구길 골목형상점가,골목형상점가,서울특별시,,,
af34fcb8acb4bd527d48,full_annotation_v1,A,q_분식_04,만두,음식점 중 '분식'을 판매·제공하는 매장,test,분식,T2 동의어,0011cf6d-567e-4c3b-b113-363daa11212a,김밥먹고 닭꼬치,,배방상점가,자율상권구역,충청남도,,,
7e65807f626daf92d7a0,full_annotation_v1,A,q_분식_04,만두,음식점 중 '분식'을 판매·제공하는 매장,test,분식,T2 동의어,1293331e-0946-4848-abc1-712e344a2dc0,만두청년,만두,구리전통시장,전통시장,경기도,,,
17f8287c9491361b8220,full_annotation_v1,A,q_분식_04,만두,음식점 중 '분식'을 판매·제공하는 매장,test,분식,T2 동의어,001cb3d4-5441-4963-b517-d5b3904ee312,현창떡집,떡집,목포동부시장,전통시장,전라남도,,,
cec0842f3cc7fef6f5f1,full_annotation_v1,A,q_분식_04,만두,음식점 중 '분식'을 판매·제공하는 매장,test,분식,T2 동의어,00ec6d6a-b0c1-4662-b17f-9c9f059a4bcd,백암서울순대국,순대국,강서구청먹자골목골목형상점가,골목형상점가,서울특별시,,,
3382e95055bb99f17e2b,full_annotation_v1,A,q_분식_04,만두,음식점 중 '분식'을 판매·제공하는 매장,test,분식,T2 동의어,e945cc19-4185-4732-82c5-40204733bff1,원주부천만두,만두,원주미로예술중앙시장(원주중앙시장),전통시장,강원특별자치도,,,
a22ba629ada4bbdb54ef,full_annotation_v1,A,q_분식_04,만두,음식점 중 '분식'을 판매·제공하는 매장,test,분식,T2 동의어,9e0359dd-9273-45e4-81f8-1a13e80d9006,모모만두,만두,화서시장,전통시장,경기도,,,
fd16e4784f0f0db214c7,full_annotation_v1,A,q_분식_04,만두,음식점 중 '분식'을 판매·제공하는 매장,test,분식,T2 동의어,ad5b4b15-c738-4009-8524-6550daef8d39,정관장전농점,홍삼 및 홍삼제품,전농배봉산맛집거리골목형상점가,골목형상점가,서울특별시,,,
ceb1ec82e3d0dc38c879,full_annotation_v1,A,q_분식_04,만두,음식점 중 '분식'을 판매·제공하는 매장,test,분식,T2 동의어,59e4040f-5d2d-47b7-b9d7-2c8a48e3c1c3,복성손만두,만두,광탄전통시장,전통시장,경기도,,,
2edbfb1e27f8284e7699,full_annotation_v1,A,q_분식_04,만두,음식점 중 '분식'을 판매·제공하는 매장,test,분식,T2 동의어,21d43a3b-d495-48c9-bb6a-0505eefdcb26,소문난손만두,만두,상계중앙시장,전통시장,서울특별시,,,
6bde1b23fd53a27ff996,full_annotation_v1,A,q_분식_04,만두,음식점 중 '분식'을 판매·제공하는 매장,test,분식,T2 동의어,a24053a4-2f95-498e-97b9-e9da64a6766a,맑은눈안경원,안경 콘택트렌즈,한보라 골목형상점가,골목형상점가,경기도,,,
830c29e57cf71bcc3c3d,full_annotation_v1,A,q_분식_04,만두,음식점 중 '분식'을 판매·제공하는 매장,test,분식,T2 동의어,0018c143-a8bd-4461-a8ae-ee348edfad7a,김가네의정부중앙역점,김밥 분식 식사등,의정부시 구도심 상권활성화구역,상권활성화구역,경기도,,,
c456d8cd5462df27a931,full_annotation_v1,A,q_분식_04,만두,음식점 중 '분식'을 판매·제공하는 매장,test,분식,T2 동의어,00e34fb5-e7d3-43aa-b574-400ee31abae5,은혜만두,만두,북동 골목형상점가,골목형상점가,광주광역시,,,
a010500ba5da643686fc,full_annotation_v1,A,q_분식_04,만두,음식점 중 '분식'을 판매·제공하는 매장,test,분식,T2 동의어,3c719391-daec-4835-98f2-7045a7d80c68,백남옥손만두,만두,신곡시장 골목형상점가,골목형상점가,서울특별시,,,
7c0b001c94164fc97631,full_annotation_v1,A,q_분식_04,만두,음식점 중 '분식'을 판매·제공하는 매장,test,분식,T2 동의어,94d2ec71-9ec2-4344-b354-83ed89e054d6,금용만두,만두,구포역세권상점가,자율상권구역,부산광역시,,,
aac901426ce5798b6645,full_annotation_v1,A,q_분식_04,만두,음식점 중 '분식'을 판매·제공하는 매장,test,분식,T2 동의어,472ef84c-d521-4fd7-9e50-2c489d103e44,대박손만두,만두,청주육거리종합시장,전통시장,충청북도,,,
d92d9dce213a65c7ec34,full_annotation_v1,A,q_분식_04,만두,음식점 중 '분식'을 판매·제공하는 매장,test,분식,T2 동의어,1c15f73b-c6b0-472e-9485-a7e4a4a50b99,별난만두,만두,남부골목시장,전통시장,서울특별시,,,
5ffced0b257c887bdf7c,full_annotation_v1,A,q_분식_04,만두,음식점 중 '분식'을 판매·제공하는 매장,test,분식,T2 동의어,9954bf0c-4bb6-43e4-97a7-10ca7dcd8524,통큰만두,만두,퐁당거리 골목형상점가,골목형상점가,전라남도,,,
9d8a43087728ef58a3a9,full_annotation_v1,A,q_분식_04,만두,음식점 중 '분식'을 판매·제공하는 매장,test,분식,T2 동의어,06a2e1ce-3b99-4e0f-88de-bc4e31d9f439,짱만두,만두,행복상점가,자율상권구역,경상북도,,,
fb53fde8b27be2acf881,full_annotation_v1,A,q_분식_04,만두,음식점 중 '분식'을 판매·제공하는 매장,test,분식,T2 동의어,d483c4a5-fe54-4b04-b3bf-9e6ad2ffdd04,핸두,만두,효천로 골목형상점가,골목형상점가,광주광역시,,,
e712c48ec2aa37bb636c,full_annotation_v1,A,q_분식_04,만두,음식점 중 '분식'을 판매·제공하는 매장,test,분식,T2 동의어,9c45ac41-323f-44cd-8901-7b4f9793b583,이석만두,만두,가수원상점가,자율상권구역,대전광역시,,,
a6610f7e4241e2a4e648,full_annotation_v1,A,q_분식_04,만두,음식점 중 '분식'을 판매·제공하는 매장,test,분식,T2 동의어,903dc2d4-1384-4c10-be5b-dc4db4c321e9,진미만두,만두,의왕도깨비시장,전통시장,경기도,,,
7c9d97ebdddcce80cfe8,full_annotation_v1,A,q_분식_04,만두,음식점 중 '분식'을 판매·제공하는 매장,test,분식,T2 동의어,64e5c998-9146-41c6-8bd6-8750f32ad3ca,영선만두,만두,칠성본시장,전통시장,대구광역시,,,
6ad7626ff50ba24eaf18,full_annotation_v1,A,q_분식_04,만두,음식점 중 '분식'을 판매·제공하는 매장,test,분식,T2 동의어,72daf2fb-92c9-441a-9afc-1ded42c577a6,만두쟁이,만두,"온양온천시장(온양재래시장, 전통시장)",전통시장,충청남도,,,
ff52e7a1c41757a89f0c,full_annotation_v1,A,q_분식_04,만두,음식점 중 '분식'을 판매·제공하는 매장,test,분식,T2 동의어,3b91ec2a-2606-41d3-9120-a40662269044,호호만두,만두,신창수문 골목형상점가,골목형상점가,광주광역시,,,
86347634b41d1cb63cf4,full_annotation_v1,A,q_분식_04,만두,음식점 중 '분식'을 판매·제공하는 매장,test,분식,T2 동의어,35b9e8da-b8a6-4851-baf6-2de676c05300,덕보만두,만두,신산격종합시장 골목형상점가,골목형상점가,대구광역시,,,
3305de9e8509af9ad270,full_annotation_v1,A,q_분식_04,만두,음식점 중 '분식'을 판매·제공하는 매장,test,분식,T2 동의어,5726305e-0723-4eff-84a4-e6c3f120e980,미성당납작만두,만두,지범골목먹거리타운 골목형상점가,골목형상점가,대구광역시,,,
0b66d9bb4fbcfe24604f,full_annotation_v1,A,q_분식_04,만두,음식점 중 '분식'을 판매·제공하는 매장,test,분식,T2 동의어,007d6b63-4e47-47fa-aaa5-6d0b5cc7280b,도토리김밥계룡엄사점,분식,엄사 골목형상점가,골목형상점가,충청남도,,,
7f0f07aa4cf370a97026,full_annotation_v1,A,q_분식_04,만두,음식점 중 '분식'을 판매·제공하는 매장,test,분식,T2 동의어,0751174e-b0a2-4e13-b873-baa006b4bb8d,예진이네김치만두,만두,도래미시장,전통시장,강원특별자치도,,,
967e42734ff665b7d656,full_annotation_v1,A,q_분식_04,만두,음식점 중 '분식'을 판매·제공하는 매장,test,분식,T2 동의어,4cfb57be-14c8-4438-a91f-4c6ad0339175,여주쌀상회,곡물 쌀,남양시장골목형상점가,골목형상점가,경기도,,,
3d4542469e74da39d926,full_annotation_v1,A,q_분식_04,만두,음식점 중 '분식'을 판매·제공하는 매장,test,분식,T2 동의어,0a891050-80f2-4423-a5a4-fbd505f1e519,이삭토스트 대전테크노밸리점,토스트,테크노밸리 골목형상점가,골목형상점가,대전광역시,,,
f6deedc3112fc937dcce,full_annotation_v1,A,q_분식_04,만두,음식점 중 '분식'을 판매·제공하는 매장,test,분식,T2 동의어,e58bb526-8938-4ead-8609-e56a6f1c95b0,만두마당,만두,금산금빛시장(금산시장),전통시장,충청남도,,,
649f6fc1f3a318ee11ba,full_annotation_v1,A,q_분식_04,만두,음식점 중 '분식'을 판매·제공하는 매장,test,분식,T2 동의어,9cabdaf4-579d-4c04-b274-66df74b5653c,장호덕손만두,만두,화성남양시장,전통시장,경기도,,,
77f10c93a3eedbf696cc,full_annotation_v1,A,q_분식_04,만두,음식점 중 '분식'을 판매·제공하는 매장,test,분식,T2 동의어,cf3b1696-bd19-41d5-acb0-aa5971022102,백남옥손만두,만두,그라운드고척골목형상점가,골목형상점가,서울특별시,,,
a52b10073fb0550b6b64,full_annotation_v1,A,q_분식_04,만두,음식점 중 '분식'을 판매·제공하는 매장,test,분식,T2 동의어,00e30e6c-dde0-49cd-9e3e-95465aa4247e,동해분식,분식,서남신시장,전통시장,대구광역시,,,
b573ae3c1d9d84ac0d91,full_annotation_v1,A,q_분식_04,만두,음식점 중 '분식'을 판매·제공하는 매장,test,분식,T2 동의어,001bda4f-046f-44c5-b084-8de630ac405a,김밥윤,김밥 등,보람동 골목형상점가,골목형상점가,세종특별자치시,,,
d18698963121fd765ba5,full_annotation_v1,A,q_분식_04,만두,음식점 중 '분식'을 판매·제공하는 매장,test,분식,T2 동의어,0ab4b1bd-93f1-4d46-b012-abfc9b1328dc,브라운토스트,"토스트, 음료",구즉 골목형상점가,골목형상점가,대전광역시,,,
2c212071867e50c2a76d,full_annotation_v1,A,q_분식_04,만두,음식점 중 '분식'을 판매·제공하는 매장,test,분식,T2 동의어,50c33794-1cf7-43c3-af29-daf15e63d633,진미만두,만두,칠성본시장,전통시장,대구광역시,,,
5d3309c3a7a12c7eb236,full_annotation_v1,A,q_분식_04,만두,음식점 중 '분식'을 판매·제공하는 매장,test,분식,T2 동의어,ae097e5b-2fd6-43d7-8745-e16f6377a5b3,춤추는왕만두,만두,신석로골목형상점가,골목형상점가,인천광역시,,,
c2f5f84a65ec0ae33f56,full_annotation_v1,A,q_분식_04,만두,음식점 중 '분식'을 판매·제공하는 매장,test,분식,T2 동의어,2c385c7e-5a8b-4f70-b4b4-ef1f215b04ae,생생통만두,만두,계양산전통시장,전통시장,인천광역시,,,
052699fb654a08776759,full_annotation_v1,A,q_분식_04,만두,음식점 중 '분식'을 판매·제공하는 매장,test,분식,T2 동의어,2613f2dc-65bb-4746-b383-dfba0ce85bae,옥연만두,만두,청주사창시장,전통시장,충청북도,,,
12003e63ae94d79ecb3b,full_annotation_v1,A,q_분식_04,만두,음식점 중 '분식'을 판매·제공하는 매장,test,분식,T2 동의어,a116dbe8-51f6-4c66-99f8-b348f3a9bf48,메르시쿠키,"디저트, 음료",한강대로 골목형상점가,골목형상점가,서울특별시,,,
f107b5c3498009bb0973,full_annotation_v1,A,q_분식_04,만두,음식점 중 '분식'을 판매·제공하는 매장,test,분식,T2 동의어,9f32988e-c732-4b7b-a9b0-9c03a8ead883,화정만두,만두,화삼골상인회 골목형상점가,골목형상점가,광주광역시,,,
18cf63fb66a0c4fd4a19,full_annotation_v1,A,q_분식_04,만두,음식점 중 '분식'을 판매·제공하는 매장,test,분식,T2 동의어,e5804747-9160-49e2-aafe-4c0156c7fc45,봉평나들이부침,메밀음식,봉평전통시장,전통시장,강원특별자치도,,,
e9b9969611918e3942fb,full_annotation_v1,A,q_분식_04,만두,음식점 중 '분식'을 판매·제공하는 매장,test,분식,T2 동의어,0910caae-ad67-4ef3-934e-fff4c6059206,참토스트 대전학하점,토스트,계산동 골목형상점가,골목형상점가,대전광역시,,,
d237b0f2fab1f2c46c5e,full_annotation_v1,A,q_분식_04,만두,음식점 중 '분식'을 판매·제공하는 매장,test,분식,T2 동의어,00b5a60c-c548-4ac2-8259-9bb788c0fc58,까치김밥,김밥식사류,신림별빛거리골목형상점가,골목형상점가,서울특별시,,,
8095b73c5b6ea8836046,full_annotation_v1,A,q_분식_04,만두,음식점 중 '분식'을 판매·제공하는 매장,test,분식,T2 동의어,c776afd4-48ba-4799-b6ab-1de1733878a3,박소영왕만두왕찐빵,만두,운암이 골목형상점가,골목형상점가,광주광역시,,,
029583b1bb7d25af4e8b,full_annotation_v1,A,q_분식_04,만두,음식점 중 '분식'을 판매·제공하는 매장,test,분식,T2 동의어,0275dd99-6f46-4fdd-bda5-e44aa68c6fa1,미스집,음식,평화광장 먹자골목상점가,골목형상점가,전라남도,,,
ebc06d82f51dbcdd2a65,full_annotation_v1,A,q_분식_04,만두,음식점 중 '분식'을 판매·제공하는 매장,test,분식,T2 동의어,024c1f10-1fe0-4be3-8bde-6465f5cd8c43,오늘은 떡볶이,"떡볶이, 튀김, 순대 등",석촌시장,전통시장,서울특별시,,,
352542e8a4896ba9e6c8,full_annotation_v1,A,q_분식_04,만두,음식점 중 '분식'을 판매·제공하는 매장,test,분식,T2 동의어,5d184ddf-55f7-4c10-aa34-0fa7e6f984a9,ok청과,과일,진주 청과시장,전통시장,경상남도,,,
3ceaa0c29c40b345979d,full_annotation_v1,A,q_분식_04,만두,음식점 중 '분식'을 판매·제공하는 매장,test,분식,T2 동의어,e435c545-6c35-4ec1-a325-8dcd9fa3a504,현아네 만두,만두,충주자유시장,전통시장,충청북도,,,
89aa8577cfe799aac5bb,full_annotation_v1,A,q_분식_04,만두,음식점 중 '분식'을 판매·제공하는 매장,test,분식,T2 동의어,4984470e-4501-4e34-91b3-7a153e6674d7,울 만두,한식,문정동로데오상점가,자율상권구역,서울특별시,,,
f88300aa349953dabdda,full_annotation_v1,A,q_분식_04,만두,음식점 중 '분식'을 판매·제공하는 매장,test,분식,T2 동의어,ae7f51ec-722f-4c96-b9aa-7cdd58cc3616,만두와찐빵,만두,이동 골목형상점가,골목형상점가,경기도,,,
c752c9c48da0ca610480,full_annotation_v1,A,q_분식_04,만두,음식점 중 '분식'을 판매·제공하는 매장,test,분식,T2 동의어,59528a2c-28ad-485d-96d0-21fa8cabeff6,명동분식,만두,부천신흥시장,전통시장,경기도,,,
1bb0762fc6eb8572fa01,full_annotation_v1,A,q_분식_04,만두,음식점 중 '분식'을 판매·제공하는 매장,test,분식,T2 동의어,aa67f4c3-219e-4011-a5e9-d1bab54b6820,김여사 만두,만두,맹동혁신골목형상점가,골목형상점가,충청북도,,,
49ee9ea94349dd9bd819,full_annotation_v1,A,q_분식_04,만두,음식점 중 '분식'을 판매·제공하는 매장,test,분식,T2 동의어,9e783caf-f00d-47ce-8fba-5843e7be401b,장호덕손만두,만두,용해동 포미타운 골목형상점가,골목형상점가,전라남도,,,
4ab632437281f382e6ce,full_annotation_v1,A,q_분식_04,만두,음식점 중 '분식'을 판매·제공하는 매장,test,분식,T2 동의어,45225395-481d-48d0-aea9-2f6620231636,우리웰빙만두,만두,대구교동시장,전통시장,대구광역시,,,
69e9a566c4f984c32209,full_annotation_v1,A,q_분식_04,만두,음식점 중 '분식'을 판매·제공하는 매장,test,분식,T2 동의어,c09d68f3-563e-42a8-8d1b-82735e95b16d,백남옥달인손만두,만두,포항 지곡에드빌 골목형상점가,골목형상점가,경상북도,,,
e36ff558ab4a332b8928,full_annotation_v1,A,q_분식_04,만두,음식점 중 '분식'을 판매·제공하는 매장,test,분식,T2 동의어,9ede157b-e640-4e93-8106-c04cfee65d18,곽선생왕만두,만두,난우길골목형상점가,골목형상점가,서울특별시,,,
6810c211375790889868,full_annotation_v1,A,q_분식_04,만두,음식점 중 '분식'을 판매·제공하는 매장,test,분식,T2 동의어,00783b5c-54fd-42fc-8bcf-1ea7fce865d5,쫀득분식,분식,임방울거리3구역 골목형상점가,골목형상점가,광주광역시,,,
b19918579ac4ddd07a4e,full_annotation_v1,A,q_분식_04,만두,음식점 중 '분식'을 판매·제공하는 매장,test,분식,T2 동의어,dc92b2eb-5979-4c3b-8d97-a2778cd127d4,삼촌만두,만두,영월종합상가,전통시장,강원특별자치도,,,
110f462ac950376a730d,full_annotation_v1,A,q_분식_04,만두,음식점 중 '분식'을 판매·제공하는 매장,test,분식,T2 동의어,8b0ac2e5-ed66-4623-b53f-f03e15bd35ee,장호덕손만두,만두,새롬동 골목형상점가,골목형상점가,세종특별자치시,,,
18b9db96d89d0a0a52ff,full_annotation_v1,A,q_분식_04,만두,음식점 중 '분식'을 판매·제공하는 매장,test,분식,T2 동의어,b712f7b9-8286-4f31-897b-90e9c75b08da,만두마당,만두,금산금빛시장(금산시장),전통시장,충청남도,,,
ce835f7ef62737443d63,full_annotation_v1,A,q_분식_04,만두,음식점 중 '분식'을 판매·제공하는 매장,test,분식,T2 동의어,f489394a-a57d-48fc-bd75-cf310dc998f2,창민만두,만두,청구시장,전통시장,대구광역시,,,
14e413b4bb8aecf550bc,full_annotation_v1,A,q_분식_04,만두,음식점 중 '분식'을 판매·제공하는 매장,test,분식,T2 동의어,016f68a3-c16f-467c-af96-22466baf3a6a,쉬즈베이글,토스트,읍내리 원도심 골목형상점가,골목형상점가,전라남도,,,
1e14190ae8fe510bbdde,full_annotation_v1,A,q_분식_04,만두,음식점 중 '분식'을 판매·제공하는 매장,test,분식,T2 동의어,be674521-7e1b-4b30-8ef8-2ca902b64fbc,본만두,만두,예석 골목형상점가,골목형상점가,충청남도,,,
575635b247cbf358cbde,full_annotation_v1,A,q_분식_04,만두,음식점 중 '분식'을 판매·제공하는 매장,test,분식,T2 동의어,571474ed-6214-45f9-b9e0-197221def111,만두라,만두,백년소상공인,기타,서울특별시,,,
c9b35b47224ceae2e821,full_annotation_v1,A,q_분식_04,만두,음식점 중 '분식'을 판매·제공하는 매장,test,분식,T2 동의어,064d899b-c65a-4b75-9a15-9ca1eaf707f4,이삭토스트,토스트 등,매탄중심상가 골목형상점가,골목형상점가,경기도,,,
3a30849d91b32bd3d221,full_annotation_v1,A,q_분식_04,만두,음식점 중 '분식'을 판매·제공하는 매장,test,분식,T2 동의어,6360ac0d-4c36-47a1-abad-103098694f27,감성낙곱새서구점,한식,쌍학로상인회 골목형상점가,골목형상점가,광주광역시,,,
06e7e34042915c0b24ad,full_annotation_v1,A,q_분식_04,만두,음식점 중 '분식'을 판매·제공하는 매장,test,분식,T2 동의어,1b0032f6-1cc3-4466-ba1f-2fc85261315c,복만두,만두,도마큰시장,전통시장,대전광역시,,,
30fd6be845a99afb58ef,full_annotation_v1,A,q_분식_04,만두,음식점 중 '분식'을 판매·제공하는 매장,test,분식,T2 동의어,28eeb907-654c-4ed9-a424-623af4760fe3,여울,만두,역곡상상시장(구 역곡북부시장),전통시장,경기도,,,
ceadc2ce651231ffe444,full_annotation_v1,A,q_분식_04,만두,음식점 중 '분식'을 판매·제공하는 매장,test,분식,T2 동의어,04c905ba-3172-4ea4-a6dd-4345d674dea0,덕순이네,제조업(떡집),장터길 골목형상점가,골목형상점가,경기도,,,
c591a92b143921235f91,full_annotation_v1,A,q_분식_04,만두,음식점 중 '분식'을 판매·제공하는 매장,test,분식,T2 동의어,a7b36306-b9cd-4a7b-b0b3-044e82b90810,부흥만두,만두,천안중앙시장,전통시장,충청남도,,,
8ebd62d47519e6d80b32,full_annotation_v1,A,q_분식_04,만두,음식점 중 '분식'을 판매·제공하는 매장,test,분식,T2 동의어,a32ee2cb-8a27-4a54-bdfc-043dd57caa83,신바람찐빵만두,만두,강진중앙로상가,자율상권구역,전라남도,,,
e99d9f527405568d3b0b,full_annotation_v1,A,q_분식_04,만두,음식점 중 '분식'을 판매·제공하는 매장,test,분식,T2 동의어,a0ca9dde-9bbc-477e-9276-54a370ebc7da,양산식육점,,양구중앙시장,전통시장,강원특별자치도,,,
2ecc77b381a0b18ac453,full_annotation_v1,A,q_분식_04,만두,음식점 중 '분식'을 판매·제공하는 매장,test,분식,T2 동의어,b17636c0-4235-492c-8b4a-f0dcf80bee31,할머니손만두,만두,화천재래시장,전통시장,강원특별자치도,,,
59cb10b3b8c61791a2de,full_annotation_v1,A,q_분식_04,만두,음식점 중 '분식'을 판매·제공하는 매장,test,분식,T2 동의어,d29cd065-e326-430d-953e-fb891fb4ea82,만두장성,만두,공릉동도깨비시장,전통시장,서울특별시,,,
056de07b49d146ede812,full_annotation_v1,A,q_분식_04,만두,음식점 중 '분식'을 판매·제공하는 매장,test,분식,T2 동의어,6e965157-97c5-4a49-9210-a18f346156dd,빛뜰샤브하당점,음식,평화광장 먹자골목상점가,골목형상점가,전라남도,,,
21f8ab1c271ffee7b8e8,full_annotation_v1,A,q_분식_04,만두,음식점 중 '분식'을 판매·제공하는 매장,test,분식,T2 동의어,a39c69b8-a402-46a2-a2f0-8760f4728c45,소문난왕만두,만두,서남시장,전통시장,대구광역시,,,
95735a592335ebb3cc75,full_annotation_v1,A,q_분식_04,만두,음식점 중 '분식'을 판매·제공하는 매장,test,분식,T2 동의어,04a91b86-3405-4f8d-b0b8-eac86f3907c4,연지동토스트,커피토스트,연지시장,전통시장,부산광역시,,,
e293a02299fa2e47e42c,full_annotation_v1,A,q_분식_04,만두,음식점 중 '분식'을 판매·제공하는 매장,test,분식,T2 동의어,2ea5d955-6a56-42f3-8a6e-032b76238224,더닭갈비,닭갈비,한보라 골목형상점가,골목형상점가,경기도,,,
0a2bfd3e095b9beead66,full_annotation_v1,A,q_분식_04,만두,음식점 중 '분식'을 판매·제공하는 매장,test,분식,T2 동의어,6e0f2898-8c3a-4b86-a0e7-4eb92eef35d9,용감한왕만두,만두,원당시장(구 원당전통시장),전통시장,경기도,,,
e910b08e7159c2baad03,full_annotation_v1,A,q_분식_04,만두,음식점 중 '분식'을 판매·제공하는 매장,test,분식,T2 동의어,5c95230f-f707-47c6-91a3-6a5c15b5f3bc,수경손만두,만두,대평동 골목형상점가,골목형상점가,세종특별자치시,,,
6624cc41495189872a25,full_annotation_v1,A,q_분식_04,만두,음식점 중 '분식'을 판매·제공하는 매장,test,분식,T2 동의어,56bc5b73-a3a0-4ff5-9cad-5c72e7079624,장호덕손만두,만두,청당2번가 골목형상점가,골목형상점가,충청남도,,,
dbc2dbf6f90b7814b79d,full_annotation_v1,A,q_분식_04,만두,음식점 중 '분식'을 판매·제공하는 매장,test,분식,T2 동의어,00b5a007-bb8d-47db-963d-ccc7e93c25ac,장호덕 손만두 백석점,만두,백석한들1번가 골목형상점가,골목형상점가,충청남도,,,
d09c7308424ae0b82ee4,full_annotation_v1,A,q_분식_04,만두,음식점 중 '분식'을 판매·제공하는 매장,test,분식,T2 동의어,2fbbc53f-fa90-42fa-85d9-0784d3b442db,엄마손만두,만두,중마시장,전통시장,전라남도,,,
223e8ed6671a016ef987,full_annotation_v1,A,q_분식_04,만두,음식점 중 '분식'을 판매·제공하는 매장,test,분식,T2 동의어,810ba55b-19e1-47bb-b340-dacba4584b5d,다솜수제만두,만두,창원 상남시장,전통시장,경상남도,,,
86967c853d2c51112af3,full_annotation_v1,A,q_분식_04,만두,음식점 중 '분식'을 판매·제공하는 매장,test,분식,T2 동의어,008594db-d86c-4014-bf5c-16f6cd40402d,와글와글봄소풍,김밥,다사역 골목형상점가,골목형상점가,대구광역시,,,
f36a423c6265b0376aa7,full_annotation_v1,A,q_분식_04,만두,음식점 중 '분식'을 판매·제공하는 매장,test,분식,T2 동의어,da50e53b-e81b-4b60-acc7-2baf1c4a94cb,만두의정석,만두,성대전통시장,전통시장,서울특별시,,,
0289d8cb0e5d467c8611,full_annotation_v1,A,q_분식_04,만두,음식점 중 '분식'을 판매·제공하는 매장,test,분식,T2 동의어,968e7199-1b57-4cc8-8a2c-134306fdb011,장호덕손만두,만두,부사동 인삼거리 골목형상점가,골목형상점가,대전광역시,,,
f7fa06a7babf0b1142d3,full_annotation_v1,A,q_분식_04,만두,음식점 중 '분식'을 판매·제공하는 매장,test,분식,T2 동의어,b80bce90-7574-4818-bc22-f70baeb01fc2,개성손만두요리전문점,만두,예술광장로상점가,자율상권구역,경기도,,,
6dd042268f5381f6e22c,full_annotation_v1,A,q_분식_04,만두,음식점 중 '분식'을 판매·제공하는 매장,test,분식,T2 동의어,d6a1f694-0466-4f83-9c24-e7a5bd51a8b4,별난만두,만두,목포동부시장,전통시장,전라남도,,,
6fbb509f2c0f610383a0,full_annotation_v1,A,q_분식_04,만두,음식점 중 '분식'을 판매·제공하는 매장,test,분식,T2 동의어,44ab277e-62ae-49f8-be37-3b462ce37dfb,별난만두,만두,중마시장,전통시장,전라남도,,,
c7882d2d9c9d6e893335,full_annotation_v1,A,q_분식_04,만두,음식점 중 '분식'을 판매·제공하는 매장,test,분식,T2 동의어,045215f0-9db0-4054-8c69-702841941f01,문토스트용호점,카페토스트,용호1동골목시장,전통시장,부산광역시,,,
5cc4e0a632e42352e469,full_annotation_v1,A,q_분식_04,만두,음식점 중 '분식'을 판매·제공하는 매장,test,분식,T2 동의어,79d6adf2-cddc-4662-8639-4bd3f5496514,기린손만두,만두,두꺼비시장,전통시장,충청북도,,,
fff75a98f3091fcb4075,full_annotation_v1,A,q_분식_04,만두,음식점 중 '분식'을 판매·제공하는 매장,test,분식,T2 동의어,ed9c030e-988e-4c8a-80d5-f669379c4977,이지메,의류,남포지하도상가,일반지하상점가,부산광역시,,,
8a81c156b739322f7543,full_annotation_v1,A,q_분식_04,만두,음식점 중 '분식'을 판매·제공하는 매장,test,분식,T2 동의어,bbbcfe93-b0c4-4524-908d-ffb2a5e5e3ce,양가손만두,만두,개금골목시장,전통시장,부산광역시,,,
cc37155a0b6f6e749c14,full_annotation_v1,A,q_분식_04,만두,음식점 중 '분식'을 판매·제공하는 매장,test,분식,T2 동의어,3572d750-a243-4915-b2fd-af055e6c8330,코끼리왕만두,만두,상지대길골목형상점가,골목형상점가,강원특별자치도,,,
9e15947a575f9069739c,full_annotation_v1,A,q_분식_04,만두,음식점 중 '분식'을 판매·제공하는 매장,test,분식,T2 동의어,86a71d47-28d6-44af-b621-22a26d647bd5,제주오빠네만두,만두,동문재래시장,전통시장,제주특별자치도,,,
01ed70599ec6e63cd51a,full_annotation_v1,A,q_분식_04,만두,음식점 중 '분식'을 판매·제공하는 매장,test,분식,T2 동의어,b0d8b45a-83c9-4ae4-a66f-6013dc30675a,형제상회,만두,충주무학시장,전통시장,충청북도,,,
f9dfcd4b67533c2dd40b,full_annotation_v1,A,q_분식_04,만두,음식점 중 '분식'을 판매·제공하는 매장,test,분식,T2 동의어,0075dacf-3e3f-47b8-a4af-d3a2ff866348,북툰커피앤카페,찐빵 만두 커피,신창진흥 골목형상점가,골목형상점가,광주광역시,,,
e01c735447b259638bf6,full_annotation_v1,A,q_분식_04,만두,음식점 중 '분식'을 판매·제공하는 매장,test,분식,T2 동의어,5db2393c-54a9-4e60-99dc-a3f9fe8303a7,한끼만두,만두,신도봉시장,전통시장,서울특별시,,,
43e8ae1878485b5414ff,full_annotation_v1,A,q_분식_04,만두,음식점 중 '분식'을 판매·제공하는 매장,test,분식,T2 동의어,7fb27403-28ca-4cc0-b090-7ff99007c830,아담만두,만두,부평문화인의거리골목형상점가,골목형상점가,인천광역시,,,
f8d8993d31154c4559c1,full_annotation_v1,A,q_분식_04,만두,음식점 중 '분식'을 판매·제공하는 매장,test,분식,T2 동의어,005313c8-dce8-49b6-9841-9143ebb1305a,동원떡집,,박달시장,전통시장,경기도,,,
636375e880ad4d7f3fa0,full_annotation_v1,A,q_분식_04,만두,음식점 중 '분식'을 판매·제공하는 매장,test,분식,T2 동의어,015915e3-2542-4245-b627-0c775b4c5501,한내떡집,,거제 고현시장,전통시장,경상남도,,,
276ef7085362347ac2ff,full_annotation_v1,A,q_분식_04,만두,음식점 중 '분식'을 판매·제공하는 매장,test,분식,T2 동의어,d1075d91-769e-48d8-ace0-b0081423b8b5,모아만두,만두,청주사창시장,전통시장,충청북도,,,
856d1d108bf2b8d62b72,full_annotation_v1,A,q_분식_04,만두,음식점 중 '분식'을 판매·제공하는 매장,test,분식,T2 동의어,017c71f5-48d0-4cce-a370-a84d34d36658,무봉리토종순대국파주운정점,,산내마을 골목형상점가,골목형상점가,경기도,,,
83364cda0e1c6bda63f2,full_annotation_v1,A,q_분식_04,만두,음식점 중 '분식'을 판매·제공하는 매장,test,분식,T2 동의어,e70a2c29-e70f-4f82-864c-5f8ea8e8a89e,그옛날왕만두,만두,봉우시장골목형상점가,골목형상점가,서울특별시,,,
1813b2bc21c9668137a1,full_annotation_v1,A,q_분식_04,만두,음식점 중 '분식'을 판매·제공하는 매장,test,분식,T2 동의어,8d10d3b6-2dad-4572-8752-f523a8471dad,오빠만두,만두,양주옥정호수공원상점가,골목형상점가,경기도,,,
b656ef3ee6160adddd77,full_annotation_v1,A,q_분식_04,만두,음식점 중 '분식'을 판매·제공하는 매장,test,분식,T2 동의어,8d923e51-d45d-4cc7-a048-47b07db5c0ec,곽선생왕만두,만두,사당4골목형상점가,골목형상점가,서울특별시,,,
b32eb67617110d53cb28,full_annotation_v1,A,q_분식_04,만두,음식점 중 '분식'을 판매·제공하는 매장,test,분식,T2 동의어,eb4c0a8b-6e42-416a-903e-ed0d4ea076ae,그럴만두,만두,참샘상인회 골목형상점가,골목형상점가,광주광역시,,,
62618de0df30c8297c1a,full_annotation_v1,A,q_분식_04,만두,음식점 중 '분식'을 판매·제공하는 매장,test,분식,T2 동의어,abcc7cbc-f5bd-4367-bc39-17dbc3212bda,진심만두,만두,대전정원시장,전통시장,대전광역시,,,
d4abed7e12a883b84291,full_annotation_v1,A,q_분식_04,만두,음식점 중 '분식'을 판매·제공하는 매장,test,분식,T2 동의어,6e80b76a-5040-4a16-b7a5-c41529e2cb4a,현대시장양말,소매업(양말),비단길현대시장,전통시장,서울특별시,,,
1476ff821a6b56b8eea9,full_annotation_v1,A,q_분식_04,만두,음식점 중 '분식'을 판매·제공하는 매장,test,분식,T2 동의어,58c7d7d0-346e-4398-a0f2-2c9c46c66a8e,장호덕손만두,만두,시청역상가번영회 골목형상점가,골목형상점가,광주광역시,,,
709854d25397a3462853,full_annotation_v1,A,q_분식_04,만두,음식점 중 '분식'을 판매·제공하는 매장,test,분식,T2 동의어,41f7e55d-ee69-431a-b571-6156eed34b3e,감자만두,만두,두호1시장,전통시장,경상북도,,,
e699ecf0a09fdfb0161f,full_annotation_v1,A,q_분식_04,만두,음식점 중 '분식'을 판매·제공하는 매장,test,분식,T2 동의어,00ca89c2-42a8-432d-ba4b-5abd23c18ab0,계란밥,계란밥분식,시청역상가번영회 골목형상점가,골목형상점가,광주광역시,,,
5878f0888540eb9a6da4,full_annotation_v1,A,q_분식_04,만두,음식점 중 '분식'을 판매·제공하는 매장,test,분식,T2 동의어,04b03558-95d1-4a0e-a9e2-9a9e72bdadb2,배가찐왕만두,만두,문흥2동 골목형상점가,골목형상점가,광주광역시,,,
d25fa1bde76125f28ed6,full_annotation_v1,A,q_분식_04,만두,음식점 중 '분식'을 판매·제공하는 매장,test,분식,T2 동의어,ef26cc15-d217-4f8d-8bdb-bbd60219e5af,백남옥손만두,만두,도곡시장,자율상권구역,서울특별시,,,
cec96605e6b9bfdcc0b9,full_annotation_v1,A,q_분식_04,만두,음식점 중 '분식'을 판매·제공하는 매장,test,분식,T2 동의어,64816a5b-87e2-489b-8242-38675afdad14,신포우리만두,만두,하당꽃길1가 골목형상점가,골목형상점가,전라남도,,,
889846f14e32c0a4da28,full_annotation_v1,A,q_분식_04,만두,음식점 중 '분식'을 판매·제공하는 매장,test,분식,T2 동의어,00e9517a-1887-4acf-b072-10c7cadf9512,불닭발 땡초 동대문 엽기 떡볶이,분식,유엔남구 대학로 상권,,부산광역시,,,
5a4537a39f54eadfc453,full_annotation_v1,A,q_분식_04,만두,음식점 중 '분식'을 판매·제공하는 매장,test,분식,T2 동의어,cfa1eaef-d8ec-48b6-9bc6-75cfc54de1d1,명동만두,만두,부천자유시장,전통시장,경기도,,,
95848efb8e165427d701,full_annotation_v1,A,q_분식_04,만두,음식점 중 '분식'을 판매·제공하는 매장,test,분식,T2 동의어,01853453-69ac-4f55-9cd8-09e40088ab59,가마솥왕만두,만두,울산번개시장,전통시장,울산광역시,,,
2c6fb42a4338a224d3e5,full_annotation_v1,A,q_분식_04,만두,음식점 중 '분식'을 판매·제공하는 매장,test,분식,T2 동의어,b18a9e8c-0de2-4175-8d8b-729a61773371,원주김치만두,만두,도래미시장,전통시장,강원특별자치도,,,
eb08e3c14d73b9a72d82,full_annotation_v1,A,q_분식_04,만두,음식점 중 '분식'을 판매·제공하는 매장,test,분식,T2 동의어,d66745b3-2063-4a23-9bc9-1c435dcb8d69,고향만두,만두,원주자유시장,전통시장,강원특별자치도,,,
0ee32662fb0420aff25e,full_annotation_v1,A,q_분식_04,만두,음식점 중 '분식'을 판매·제공하는 매장,test,분식,T2 동의어,efb9495c-d324-4eed-b77e-3ba87b25a21f,만두나라,만두,박달시장,전통시장,경기도,,,
99444cc2316e27a786ed,full_annotation_v1,A,q_분식_04,만두,음식점 중 '분식'을 판매·제공하는 매장,test,분식,T2 동의어,8f8ccf5b-09da-40c5-bdd4-1c588f364930,명당만두,만두,수정전통시장,전통시장,부산광역시,,,
1bf9df09a3a615c0f086,full_annotation_v1,A,q_분식_04,만두,음식점 중 '분식'을 판매·제공하는 매장,test,분식,T2 동의어,7bd55af8-6a69-4871-9602-a232b6db5ee4,복덩이네,돼지 소 육류,518먹자골목상인회 골목형상점가,골목형상점가,광주광역시,,,
b01d73b5df74340752a5,full_annotation_v1,A,q_분식_04,만두,음식점 중 '분식'을 판매·제공하는 매장,test,분식,T2 동의어,1cea6a4e-646e-49fc-a14e-353c3363138e,세종철판왕만두,만두,세종전통시장,전통시장,세종특별자치시,,,
d4a728abb78825f7d725,full_annotation_v1,A,q_분식_04,만두,음식점 중 '분식'을 판매·제공하는 매장,test,분식,T2 동의어,10273a8c-5c48-4344-8b2f-7fdf21403dba,장호덕손만두,만두,아름다운별장거리골목형상점가,골목형상점가,서울특별시,,,
68f196f7ee0aca68ac3a,full_annotation_v1,A,q_분식_04,만두,음식점 중 '분식'을 판매·제공하는 매장,test,분식,T2 동의어,8ff79faa-e0a8-458a-8a81-4c35de584b12,파랑새,의류,하동공설시장,전통시장,경상남도,,,
ff1eff258d36a84b423a,full_annotation_v1,A,q_분식_04,만두,음식점 중 '분식'을 판매·제공하는 매장,test,분식,T2 동의어,be81d247-2f6e-4668-9231-3123bfc315a7,임계만두,만두,동쪽바다중앙시장(구 동해중앙시장),전통시장,강원특별자치도,,,
a98b0bdc2d4a0aa7558f,full_annotation_v1,A,q_분식_04,만두,음식점 중 '분식'을 판매·제공하는 매장,test,분식,T2 동의어,00719699-eb0c-4473-bda9-7a16eace345e,봉식이옛날왕만두,만두,삼익 골목형상점가,골목형상점가,서울특별시,,,
70e2981f2062a0bfe876,full_annotation_v1,A,q_분식_04,만두,음식점 중 '분식'을 판매·제공하는 매장,test,분식,T2 동의어,d77ff04d-e52c-47db-9c1e-b91316af79c3,만두가,만두,효자시장,전통시장,경상북도,,,
057426977a402d3c473a,full_annotation_v1,A,q_분식_05,만두집,음식점 중 '분식'을 판매·제공하는 매장,test,분식,T2 동의어,017c71f5-48d0-4cce-a370-a84d34d36658,무봉리토종순대국파주운정점,,산내마을 골목형상점가,골목형상점가,경기도,,,
1d4e4b0b14b0e045f25d,full_annotation_v1,A,q_분식_05,만두집,음식점 중 '분식'을 판매·제공하는 매장,test,분식,T2 동의어,dc92b2eb-5979-4c3b-8d97-a2778cd127d4,삼촌만두,만두,영월종합상가,전통시장,강원특별자치도,,,
444b77513506ea993496,full_annotation_v1,A,q_분식_05,만두집,음식점 중 '분식'을 판매·제공하는 매장,test,분식,T2 동의어,d77ff04d-e52c-47db-9c1e-b91316af79c3,만두가,만두,효자시장,전통시장,경상북도,,,
1e7fa7f78dbdcd0679ca,full_annotation_v1,A,q_분식_05,만두집,음식점 중 '분식'을 판매·제공하는 매장,test,분식,T2 동의어,e73659d1-e350-45c3-85f0-40c14b45fcf9,동방만두집,한식,울산번개시장,전통시장,울산광역시,,,
8569bffd7c40a4d9c29d,full_annotation_v1,A,q_분식_05,만두집,음식점 중 '분식'을 판매·제공하는 매장,test,분식,T2 동의어,cdbe8d0e-6d65-452f-86ec-1e65bdf1433e,만두사오,만두,구영로 골목형상점가,골목형상점가,울산광역시,,,
fc3b7bef39844288aa95,full_annotation_v1,A,q_분식_05,만두집,음식점 중 '분식'을 판매·제공하는 매장,test,분식,T2 동의어,45225395-481d-48d0-aea9-2f6620231636,우리웰빙만두,만두,대구교동시장,전통시장,대구광역시,,,
a23be28d85e8886d909a,full_annotation_v1,A,q_분식_05,만두집,음식점 중 '분식'을 판매·제공하는 매장,test,분식,T2 동의어,a7624f95-7d11-44f8-ae42-5d9e03e162e8,풍기인견 (진명아),,의정부시장,전통시장,경기도,,,
e23fed3c15dcd58d5652,full_annotation_v1,A,q_분식_05,만두집,음식점 중 '분식'을 판매·제공하는 매장,test,분식,T2 동의어,3d906ecc-c381-4f0d-beaa-09ca4e2fc420,한솥도시락 울산대앞점,,울산대바보사거리 골목형상점가,골목형상점가,울산광역시,,,
7c8efc33b4c15161a9d9,full_annotation_v1,A,q_분식_05,만두집,음식점 중 '분식'을 판매·제공하는 매장,test,분식,T2 동의어,0ab4b1bd-93f1-4d46-b012-abfc9b1328dc,브라운토스트,"토스트, 음료",구즉 골목형상점가,골목형상점가,대전광역시,,,
f97425c95aa3af9b5be1,full_annotation_v1,A,q_분식_05,만두집,음식점 중 '분식'을 판매·제공하는 매장,test,분식,T2 동의어,da50e53b-e81b-4b60-acc7-2baf1c4a94cb,만두의정석,만두,성대전통시장,전통시장,서울특별시,,,
65c8ae46eb805a39d926,full_annotation_v1,A,q_분식_05,만두집,음식점 중 '분식'을 판매·제공하는 매장,test,분식,T2 동의어,be674521-7e1b-4b30-8ef8-2ca902b64fbc,본만두,만두,예석 골목형상점가,골목형상점가,충청남도,,,
625813d40c6214c17e45,full_annotation_v1,A,q_분식_05,만두집,음식점 중 '분식'을 판매·제공하는 매장,test,분식,T2 동의어,055b0501-9678-421c-9b8d-2994754df728,캠토토스트 계룡대실점,토스트,두마면 대실골목형상점가,골목형상점가,충청남도,,,
4756e0ece10c8e69d85a,full_annotation_v1,A,q_분식_05,만두집,음식점 중 '분식'을 판매·제공하는 매장,test,분식,T2 동의어,0910caae-ad67-4ef3-934e-fff4c6059206,참토스트 대전학하점,토스트,계산동 골목형상점가,골목형상점가,대전광역시,,,
aedaf6ff26d402bffd39,full_annotation_v1,A,q_분식_05,만두집,음식점 중 '분식'을 판매·제공하는 매장,test,분식,T2 동의어,85a1e41e-e9c9-414d-8a3b-6e82528f9ecf,호두집,,청구시장,전통시장,대구광역시,,,
3dfefa8f5e9ba3d9d789,full_annotation_v1,A,q_분식_05,만두집,음식점 중 '분식'을 판매·제공하는 매장,test,분식,T2 동의어,0011cf6d-567e-4c3b-b113-363daa11212a,김밥먹고 닭꼬치,,배방상점가,자율상권구역,충청남도,,,
2930bbbe4f5fd748ccca,full_annotation_v1,A,q_분식_05,만두집,음식점 중 '분식'을 판매·제공하는 매장,test,분식,T2 동의어,04c905ba-3172-4ea4-a6dd-4345d674dea0,덕순이네,제조업(떡집),장터길 골목형상점가,골목형상점가,경기도,,,
1ff02b29032f3506396d,full_annotation_v1,A,q_분식_05,만두집,음식점 중 '분식'을 판매·제공하는 매장,test,분식,T2 동의어,01853453-69ac-4f55-9cd8-09e40088ab59,가마솥왕만두,만두,울산번개시장,전통시장,울산광역시,,,
ef896ea955f29c212034,full_annotation_v1,A,q_분식_05,만두집,음식점 중 '분식'을 판매·제공하는 매장,test,분식,T2 동의어,91fc6cdf-5c61-4606-bb7d-5fe060ebc682,생강밭대추나무,,신정상가시장,전통시장,울산광역시,,,
3cec3a0f44ead838f26a,full_annotation_v1,A,q_분식_05,만두집,음식점 중 '분식'을 판매·제공하는 매장,test,분식,T2 동의어,ae7f51ec-722f-4c96-b9aa-7cdd58cc3616,만두와찐빵,만두,이동 골목형상점가,골목형상점가,경기도,,,
164d92b23c535c23449b,full_annotation_v1,A,q_분식_05,만두집,음식점 중 '분식'을 판매·제공하는 매장,test,분식,T2 동의어,571474ed-6214-45f9-b9e0-197221def111,만두라,만두,백년소상공인,기타,서울특별시,,,
b9da6ee800c44816742c,full_annotation_v1,A,q_분식_05,만두집,음식점 중 '분식'을 판매·제공하는 매장,test,분식,T2 동의어,438010ed-dc20-4ed7-a10e-6ffc74dfc653,빙화만두집,음식(분식),산본로데오거리(구 산본중심상가),자율상권구역,경기도,,,
22c87969aba7957014cc,full_annotation_v1,A,q_분식_05,만두집,음식점 중 '분식'을 판매·제공하는 매장,test,분식,T2 동의어,00ec6d6a-b0c1-4662-b17f-9c9f059a4bcd,백암서울순대국,순대국,강서구청먹자골목골목형상점가,골목형상점가,서울특별시,,,
c40da45c7f188c524839,full_annotation_v1,A,q_분식_05,만두집,음식점 중 '분식'을 판매·제공하는 매장,test,분식,T2 동의어,4984470e-4501-4e34-91b3-7a153e6674d7,울 만두,한식,문정동로데오상점가,자율상권구역,서울특별시,,,
2bc8a6bf75a0f4feb73e,full_annotation_v1,A,q_분식_05,만두집,음식점 중 '분식'을 판매·제공하는 매장,test,분식,T2 동의어,001bda4f-046f-44c5-b084-8de630ac405a,김밥윤,김밥 등,보람동 골목형상점가,골목형상점가,세종특별자치시,,,
5acb42b226fb43a4eccd,full_annotation_v1,A,q_분식_05,만두집,음식점 중 '분식'을 판매·제공하는 매장,test,분식,T2 동의어,34011d89-5f60-4361-a6e8-15588ade9786,피아노플래잉음악교습소,피아노학원,리버파크 골목형상점가,골목형상점가,광주광역시,,,
fe19a5c6c86da34bee0a,full_annotation_v1,A,q_분식_05,만두집,음식점 중 '분식'을 판매·제공하는 매장,test,분식,T2 동의어,456f33f9-972a-4262-8555-d88f15671df7,만두뱅크,음식,원주중앙로문화의거리,자율상권구역,강원특별자치도,,,
1b59496bda336ccdfb08,full_annotation_v1,A,q_분식_05,만두집,음식점 중 '분식'을 판매·제공하는 매장,test,분식,T2 동의어,045215f0-9db0-4054-8c69-702841941f01,문토스트용호점,카페토스트,용호1동골목시장,전통시장,부산광역시,,,
cf9b9e012cb3913c044c,full_annotation_v1,A,q_분식_05,만두집,음식점 중 '분식'을 판매·제공하는 매장,test,분식,T2 동의어,5bf9d347-d388-48ef-9dff-8b5ba8f03603,88푸드,건어물,경산공설시장,전통시장,경상북도,,,
f7114e32ea0e28b870f0,full_annotation_v1,A,q_분식_05,만두집,음식점 중 '분식'을 판매·제공하는 매장,test,분식,T2 동의어,06a2e1ce-3b99-4e0f-88de-bc4e31d9f439,짱만두,만두,행복상점가,자율상권구역,경상북도,,,
07494402070e7e61cbad,full_annotation_v1,A,q_분식_05,만두집,음식점 중 '분식'을 판매·제공하는 매장,test,분식,T2 동의어,00e30e6c-dde0-49cd-9e3e-95465aa4247e,동해분식,분식,서남신시장,전통시장,대구광역시,,,
8ee17463792b1d6dd63b,full_annotation_v1,A,q_분식_05,만두집,음식점 중 '분식'을 판매·제공하는 매장,test,분식,T2 동의어,b712f7b9-8286-4f31-897b-90e9c75b08da,만두마당,만두,금산금빛시장(금산시장),전통시장,충청남도,,,
57d13b9a2549751c0dc4,full_annotation_v1,A,q_분식_05,만두집,음식점 중 '분식'을 판매·제공하는 매장,test,분식,T2 동의어,00b5a007-bb8d-47db-963d-ccc7e93c25ac,장호덕 손만두 백석점,만두,백석한들1번가 골목형상점가,골목형상점가,충청남도,,,
bc996fa9edff849bd0b6,full_annotation_v1,A,q_분식_05,만두집,음식점 중 '분식'을 판매·제공하는 매장,test,분식,T2 동의어,015915e3-2542-4245-b627-0c775b4c5501,한내떡집,,거제 고현시장,전통시장,경상남도,,,
15a05927c5bfd4113698,full_annotation_v1,A,q_분식_05,만두집,음식점 중 '분식'을 판매·제공하는 매장,test,분식,T2 동의어,82280989-efaf-4556-b672-d13da23b8ed3,두두집,,정이있는 구포시장,전통시장,부산광역시,,,
090c36f8536cbdbe0999,full_annotation_v1,A,q_분식_05,만두집,음식점 중 '분식'을 판매·제공하는 매장,test,분식,T2 동의어,5ed17e15-701d-4757-a148-4d7cf6e7b74c,만두향,분식,동원전통시장상점가,자율상권구역,서울특별시,,,
74c44e773d0854539863,full_annotation_v1,A,q_분식_05,만두집,음식점 중 '분식'을 판매·제공하는 매장,test,분식,T2 동의어,00719699-eb0c-4473-bda9-7a16eace345e,봉식이옛날왕만두,만두,삼익 골목형상점가,골목형상점가,서울특별시,,,
fecd53b8864b1e050086,full_annotation_v1,A,q_분식_05,만두집,음식점 중 '분식'을 판매·제공하는 매장,test,분식,T2 동의어,00e34fb5-e7d3-43aa-b574-400ee31abae5,은혜만두,만두,북동 골목형상점가,골목형상점가,광주광역시,,,
b48c067578b8eb44e2b3,full_annotation_v1,A,q_분식_05,만두집,음식점 중 '분식'을 판매·제공하는 매장,test,분식,T2 동의어,02f03161-3a15-416f-bdd6-8ad5bd17781d,시골참순대,,관저동 먹자골목 골목형상점가,골목형상점가,대전광역시,,,
320e7277a9e17d643a7b,full_annotation_v1,A,q_분식_05,만두집,음식점 중 '분식'을 판매·제공하는 매장,test,분식,T2 동의어,efb9495c-d324-4eed-b77e-3ba87b25a21f,만두나라,만두,박달시장,전통시장,경기도,,,
ad4d5da01a870fa3a2b9,full_annotation_v1,A,q_분식_05,만두집,음식점 중 '분식'을 판매·제공하는 매장,test,분식,T2 동의어,355c0cb7-619d-4010-aa01-f3151a37852c,꿀꿀이식당,국밥,범어식주가무명인골목 골목형상점가,골목형상점가,대구광역시,,,
67955804dd57ef6d1879,full_annotation_v1,A,q_분식_05,만두집,음식점 중 '분식'을 판매·제공하는 매장,test,분식,T2 동의어,6fc18b68-c121-428b-bc86-c8b4218c5a5a,불티나만두집,분식,한민시장,전통시장,대전광역시,,,
06dac38fc2d1038008fe,full_annotation_v1,A,q_분식_05,만두집,음식점 중 '분식'을 판매·제공하는 매장,test,분식,T2 동의어,4dc34703-6d09-4c4d-a930-248f4fd1fe90,3080노래연습장,노래연습장,범어식주가무명인골목 골목형상점가,골목형상점가,대구광역시,,,
f798e4e1c4ac685b824f,full_annotation_v1,A,q_분식_05,만두집,음식점 중 '분식'을 판매·제공하는 매장,test,분식,T2 동의어,2a14c726-16e8-4f71-8faa-8b92fbdcaea4,서울팥집,팥빙수,문정동로데오상점가,자율상권구역,서울특별시,,,
a70ecd637eba53b7f3de,full_annotation_v1,A,q_분식_05,만두집,음식점 중 '분식'을 판매·제공하는 매장,test,분식,T2 동의어,1293331e-0946-4848-abc1-712e344a2dc0,만두청년,만두,구리전통시장,전통시장,경기도,,,
25746225434d3c10ac42,full_annotation_v1,A,q_분식_05,만두집,음식점 중 '분식'을 판매·제공하는 매장,test,분식,T2 동의어,0075dacf-3e3f-47b8-a4af-d3a2ff866348,북툰커피앤카페,찐빵 만두 커피,신창진흥 골목형상점가,골목형상점가,광주광역시,,,
3dae2340983a42f82888,full_annotation_v1,A,q_분식_05,만두집,음식점 중 '분식'을 판매·제공하는 매장,test,분식,T2 동의어,00e9517a-1887-4acf-b072-10c7cadf9512,불닭발 땡초 동대문 엽기 떡볶이,분식,유엔남구 대학로 상권,,부산광역시,,,
598da6ad0e501de7f90b,full_annotation_v1,A,q_분식_05,만두집,음식점 중 '분식'을 판매·제공하는 매장,test,분식,T2 동의어,d29cd065-e326-430d-953e-fb891fb4ea82,만두장성,만두,공릉동도깨비시장,전통시장,서울특별시,,,
e5848f997dffb20255a1,full_annotation_v1,A,q_분식_05,만두집,음식점 중 '분식'을 판매·제공하는 매장,test,분식,T2 동의어,57297573-c256-4bf6-b428-8ac2e3536ab9,갓튀긴후라이드 울산무거점,,울산대바보사거리 골목형상점가,골목형상점가,울산광역시,,,
58448be5856489f5b9b6,full_annotation_v1,A,q_분식_05,만두집,음식점 중 '분식'을 판매·제공하는 매장,test,분식,T2 동의어,9c45ac41-323f-44cd-8901-7b4f9793b583,이석만두,만두,가수원상점가,자율상권구역,대전광역시,,,
f790b0614fefaea4d6fa,full_annotation_v1,A,q_분식_05,만두집,음식점 중 '분식'을 판매·제공하는 매장,test,분식,T2 동의어,008594db-d86c-4014-bf5c-16f6cd40402d,와글와글봄소풍,김밥,다사역 골목형상점가,골목형상점가,대구광역시,,,
2fc015195c30de3989e3,full_annotation_v1,A,q_분식_05,만두집,음식점 중 '분식'을 판매·제공하는 매장,test,분식,T2 동의어,1fd43d34-2537-457b-817f-3e6bb73637f6,통만두집,일반음식,여수진남상가,자율상권구역,전라남도,,,
d68f2159e216934a5662,full_annotation_v1,A,q_분식_05,만두집,음식점 중 '분식'을 판매·제공하는 매장,test,분식,T2 동의어,4d2a1f31-508c-47a3-a97e-ebe7d01f06fa,만두향,한식,강북북부골목시장 골목형상점가,골목형상점가,서울특별시,,,
e760e6371ce7ed8ae84e,full_annotation_v1,A,q_분식_05,만두집,음식점 중 '분식'을 판매·제공하는 매장,test,분식,T2 동의어,0b8ef6dc-2f6b-4707-bd73-529122d9c97a,하단떡집,떡집,하단오일상설시장,전통시장,부산광역시,,,
22f101157ada7216e725,full_annotation_v1,A,q_분식_05,만두집,음식점 중 '분식'을 판매·제공하는 매장,test,분식,T2 동의어,9e0359dd-9273-45e4-81f8-1a13e80d9006,모모만두,만두,화서시장,전통시장,경기도,,,
fc0bdc747d8faa187986,full_annotation_v1,A,q_분식_05,만두집,음식점 중 '분식'을 판매·제공하는 매장,test,분식,T2 동의어,31f6ee63-19e7-408f-896a-a54e0b418cce,최이순 홍어무침,,구리시 구도심 상권활성화구역,상권활성화구역,경기도,,,
8d4b12a1db8a23b65b83,full_annotation_v1,A,q_분식_05,만두집,음식점 중 '분식'을 판매·제공하는 매장,test,분식,T2 동의어,13df0160-b540-49b3-a9bf-6747e4db86c0,만두쟁이의 하루,만두,봉덕신시장,전통시장,대구광역시,,,
f863c8ea52a40a1b3b2d,full_annotation_v1,A,q_분식_05,만두집,음식점 중 '분식'을 판매·제공하는 매장,test,분식,T2 동의어,2613f2dc-65bb-4746-b383-dfba0ce85bae,옥연만두,만두,청주사창시장,전통시장,충청북도,,,
e19fd1877fb93bf520c1,full_annotation_v1,A,q_분식_05,만두집,음식점 중 '분식'을 판매·제공하는 매장,test,분식,T2 동의어,0fc3ac23-678a-440d-9127-57fdb1e1d6d1,미래원축산물직판장,정육,마천중앙시장,전통시장,서울특별시,,,
dea802113f2af2609d85,full_annotation_v1,A,q_분식_05,만두집,음식점 중 '분식'을 판매·제공하는 매장,test,분식,T2 동의어,8d10d3b6-2dad-4572-8752-f523a8471dad,오빠만두,만두,양주옥정호수공원상점가,골목형상점가,경기도,,,
1d5a8b7fcc3a62e8ad27,full_annotation_v1,A,q_분식_05,만두집,음식점 중 '분식'을 판매·제공하는 매장,test,분식,T2 동의어,3ff65f10-3c1c-4f65-acaf-3521fc073fd8,만두야만두,한식,엄사 골목형상점가,골목형상점가,충청남도,,,
a40790f74ea65815f78b,full_annotation_v1,A,q_분식_05,만두집,음식점 중 '분식'을 판매·제공하는 매장,test,분식,T2 동의어,c07afe1a-b25c-4a3a-9ecd-6cab37a7a80b,부두집,쭈꾸미,선화동 골목형상점가,골목형상점가,대전광역시,,,
9192781963f5d9edfd78,full_annotation_v1,A,q_분식_05,만두집,음식점 중 '분식'을 판매·제공하는 매장,test,분식,T2 동의어,04a91b86-3405-4f8d-b0b8-eac86f3907c4,연지동토스트,커피토스트,연지시장,전통시장,부산광역시,,,
e6c6b5c92520e14a368a,full_annotation_v1,A,q_분식_05,만두집,음식점 중 '분식'을 판매·제공하는 매장,test,분식,T2 동의어,7a934506-5caa-4ff3-92be-c8f37162e514,타향만두집,중식,대림중앙시장,전통시장,서울특별시,,,
a18d87e8868821a91136,full_annotation_v1,A,q_분식_05,만두집,음식점 중 '분식'을 판매·제공하는 매장,test,분식,T2 동의어,00ca89c2-42a8-432d-ba4b-5abd23c18ab0,계란밥,계란밥분식,시청역상가번영회 골목형상점가,골목형상점가,광주광역시,,,
c92493bb57c83fdfdcba,full_annotation_v1,A,q_분식_05,만두집,음식점 중 '분식'을 판매·제공하는 매장,test,분식,T2 동의어,35b9e8da-b8a6-4851-baf6-2de676c05300,덕보만두,만두,신산격종합시장 골목형상점가,골목형상점가,대구광역시,,,
49fd5167e97946252dae,full_annotation_v1,A,q_분식_05,만두집,음식점 중 '분식'을 판매·제공하는 매장,test,분식,T2 동의어,8eb30f8b-b621-4847-a5b5-cf4f0e8076aa,홍삼마을,,부전시장,전통시장,부산광역시,,,
c2c3d5baa78addd1732a,full_annotation_v1,A,q_분식_05,만두집,음식점 중 '분식'을 판매·제공하는 매장,test,분식,T2 동의어,005313c8-dce8-49b6-9841-9143ebb1305a,동원떡집,,박달시장,전통시장,경기도,,,
9dcff9c998c9b3090081,full_annotation_v1,A,q_분식_05,만두집,음식점 중 '분식'을 판매·제공하는 매장,test,분식,T2 동의어,0f5d198b-bba6-49fb-9b71-e7f25dc07ef6,정일당슈퍼,생활용품판매,전의왕의물시장(전의전통시장),전통시장,세종특별자치시,,,
aad7d3cbac02439edf76,full_annotation_v1,A,q_분식_05,만두집,음식점 중 '분식'을 판매·제공하는 매장,test,분식,T2 동의어,e22d5aa1-5309-49c0-b0ab-e0f5ce748b9b,코펜하겐,홍차,송도 아트포레 판매시설 골목형상점가,골목형상점가,인천광역시,,,
3e2b32bdd4acdc52172e,full_annotation_v1,A,q_분식_05,만두집,음식점 중 '분식'을 판매·제공하는 매장,test,분식,T2 동의어,d483c4a5-fe54-4b04-b3bf-9e6ad2ffdd04,핸두,만두,효천로 골목형상점가,골목형상점가,광주광역시,,,
6f769837f48f446f3cdb,full_annotation_v1,A,q_분식_05,만두집,음식점 중 '분식'을 판매·제공하는 매장,test,분식,T2 동의어,001cb3d4-5441-4963-b517-d5b3904ee312,현창떡집,떡집,목포동부시장,전통시장,전라남도,,,
1aef9b556001bedb1a8e,full_annotation_v1,A,q_분식_05,만두집,음식점 중 '분식'을 판매·제공하는 매장,test,분식,T2 동의어,00783b5c-54fd-42fc-8bcf-1ea7fce865d5,쫀득분식,분식,임방울거리3구역 골목형상점가,골목형상점가,광주광역시,,,
31f43f3d82e3617006c9,full_annotation_v1,A,q_분식_05,만두집,음식점 중 '분식'을 판매·제공하는 매장,test,분식,T2 동의어,007d6b63-4e47-47fa-aaa5-6d0b5cc7280b,도토리김밥계룡엄사점,분식,엄사 골목형상점가,골목형상점가,충청남도,,,
1ebca740bb271c1b81a2,full_annotation_v1,A,q_분식_05,만두집,음식점 중 '분식'을 판매·제공하는 매장,test,분식,T2 동의어,cadd5f0a-1af2-493b-865f-028cfdeeb66c,새우꼬랑지가 보이는 만두집,만두,양산 덕계종합상설시장,전통시장,경상남도,,,
364977342b9abaa03a21,full_annotation_v1,A,q_분식_05,만두집,음식점 중 '분식'을 판매·제공하는 매장,test,분식,T2 동의어,0a891050-80f2-4423-a5a4-fbd505f1e519,이삭토스트 대전테크노밸리점,토스트,테크노밸리 골목형상점가,골목형상점가,대전광역시,,,
c09868095887c0b230c6,full_annotation_v1,A,q_분식_05,만두집,음식점 중 '분식'을 판매·제공하는 매장,test,분식,T2 동의어,5db2393c-54a9-4e60-99dc-a3f9fe8303a7,한끼만두,만두,신도봉시장,전통시장,서울특별시,,,
a2395965ebeeaeeaef9e,full_annotation_v1,A,q_분식_05,만두집,음식점 중 '분식'을 판매·제공하는 매장,test,분식,T2 동의어,0239c4e7-2ae3-4f29-8952-19c6d9d1d9a9,세번째집,순대국밥,성환이화시장,전통시장,충청남도,,,
5580c0653db9eb29c643,full_annotation_v1,A,q_분식_05,만두집,음식점 중 '분식'을 판매·제공하는 매장,test,분식,T2 동의어,0018c143-a8bd-4461-a8ae-ee348edfad7a,김가네의정부중앙역점,김밥 분식 식사등,의정부시 구도심 상권활성화구역,상권활성화구역,경기도,,,
42a7a0ccd8dfd4b8fe69,full_annotation_v1,A,q_분식_05,만두집,음식점 중 '분식'을 판매·제공하는 매장,test,분식,T2 동의어,fdfe5543-5694-4c18-96ed-5304f870e60f,만두박사,분식,제천시 원도심 상권활성화구역,상권활성화구역,충청북도,,,
a3e2a89ec6329fa40206,full_annotation_v1,A,q_분식_05,만두집,음식점 중 '분식'을 판매·제공하는 매장,test,분식,T2 동의어,0012a3b4-64a1-440c-a76e-f2be12a2f086,튀김집,분식,두암시장주변 골목형상점가,골목형상점가,광주광역시,,,
4bfc82bc7de67ff51096,full_annotation_v1,A,q_분식_05,만두집,음식점 중 '분식'을 판매·제공하는 매장,test,분식,T2 동의어,064d899b-c65a-4b75-9a15-9ca1eaf707f4,이삭토스트,토스트 등,매탄중심상가 골목형상점가,골목형상점가,경기도,,,
f5084b3ba84fc3bf7361,full_annotation_v1,A,q_분식_05,만두집,음식점 중 '분식'을 판매·제공하는 매장,test,분식,T2 동의어,00b5a60c-c548-4ac2-8259-9bb788c0fc58,까치김밥,김밥식사류,신림별빛거리골목형상점가,골목형상점가,서울특별시,,,
85902cb7ee5aab4c23a2,full_annotation_v1,A,q_분식_05,만두집,음식점 중 '분식'을 판매·제공하는 매장,test,분식,T2 동의어,024c1f10-1fe0-4be3-8bde-6465f5cd8c43,오늘은 떡볶이,"떡볶이, 튀김, 순대 등",석촌시장,전통시장,서울특별시,,,
e6f5e16ca1afa44cc987,full_annotation_v1,A,q_분식_05,만두집,음식점 중 '분식'을 판매·제공하는 매장,test,분식,T2 동의어,e78e134a-1ac0-40c5-b454-6bac10a34d5c,산내들목장,한식,창원 가음정시장,전통시장,경상남도,,,
e6dedeb92fdb1ed7fdff,full_annotation_v1,A,q_분식_05,만두집,음식점 중 '분식'을 판매·제공하는 매장,test,분식,T2 동의어,016f68a3-c16f-467c-af96-22466baf3a6a,쉬즈베이글,토스트,읍내리 원도심 골목형상점가,골목형상점가,전라남도,,,
aa5a82de260d3a2c64b1,full_annotation_v1,A,q_분식_05,만두집,음식점 중 '분식'을 판매·제공하는 매장,test,분식,T2 동의어,72daf2fb-92c9-441a-9afc-1ded42c577a6,만두쟁이,만두,"온양온천시장(온양재래시장, 전통시장)",전통시장,충청남도,,,
8227a48a3b1c8f1dcb64,full_annotation_v1,A,q_분식_05,만두집,음식점 중 '분식'을 판매·제공하는 매장,test,분식,T2 동의어,04b03558-95d1-4a0e-a9e2-9a9e72bdadb2,배가찐왕만두,만두,문흥2동 골목형상점가,골목형상점가,광주광역시,,,
4d4d004e891e4c0c7a44,full_annotation_v1,A,q_분식_05,만두집,음식점 중 '분식'을 판매·제공하는 매장,test,분식,T2 동의어,2e343660-4718-4d0f-8e0b-a965a0959004,영신젓갈,젓갈,속초종합중앙시장,전통시장,강원특별자치도,,,
ab2d18136b67c7e8314e,full_annotation_v1,A,q_분식_05,만두집,음식점 중 '분식'을 판매·제공하는 매장,test,분식,T2 동의어,1c1864aa-b052-4d45-8943-be4108ca4f89,만두먹고찐빵먹고,만두,광양5일시장,전통시장,전라남도,,,
17ebdd5c33b296535c5b,full_annotation_v1,A,q_분식_05,만두집,음식점 중 '분식'을 판매·제공하는 매장,test,분식,T2 동의어,e58bb526-8938-4ead-8609-e56a6f1c95b0,만두마당,만두,금산금빛시장(금산시장),전통시장,충청남도,,,
216176fdaabc2adaa379,full_annotation_v1,A,q_분식_06,분식집,음식점 중 '분식'을 판매·제공하는 매장,test,분식,T2 동의어,a70ae85b-0454-462c-8db3-bbd7766afdee,다닐목,분식,대산종합시장,전통시장,충청남도,,,
f0ba6b355c1a93df1655,full_annotation_v1,A,q_분식_06,분식집,음식점 중 '분식'을 판매·제공하는 매장,test,분식,T2 동의어,7c868081-65db-4620-8975-474a6a28db74,분식은내운명,분식,명지국제 골목형상점가,골목형상점가,부산광역시,,,
801bab38dc0f3a6dcb4e,full_annotation_v1,A,q_분식_06,분식집,음식점 중 '분식'을 판매·제공하는 매장,test,분식,T2 동의어,58507418-7577-4895-b49e-3b4ab6ba501c,스시오,일식집,수원역로데오거리상점가(매산로테마거리),자율상권구역,경기도,,,
7a0f468ce2a4ac87a22c,full_annotation_v1,A,q_분식_06,분식집,음식점 중 '분식'을 판매·제공하는 매장,test,분식,T2 동의어,0011cf6d-567e-4c3b-b113-363daa11212a,김밥먹고 닭꼬치,,배방상점가,자율상권구역,충청남도,,,
a1dfe9814545373dda8e,full_annotation_v1,A,q_분식_06,분식집,음식점 중 '분식'을 판매·제공하는 매장,test,분식,T2 동의어,63fe5f1d-f6c6-49f8-82f9-f78f61dad67f,간식집,한식,공주산성시장,전통시장,충청남도,,,
e73f2a99a373535d3791,full_annotation_v1,A,q_분식_06,분식집,음식점 중 '분식'을 판매·제공하는 매장,test,분식,T2 동의어,005313c8-dce8-49b6-9841-9143ebb1305a,동원떡집,,박달시장,전통시장,경기도,,,
d4d56febc3aa0fd739ed,full_annotation_v1,A,q_분식_06,분식집,음식점 중 '분식'을 판매·제공하는 매장,test,분식,T2 동의어,524bbe97-4fe1-42e6-992d-f9644c782e68,캘리헤어,미용,거제 읍내시장,전통시장,경상남도,,,
d06121576e2af6777d6f,full_annotation_v1,A,q_분식_06,분식집,음식점 중 '분식'을 판매·제공하는 매장,test,분식,T2 동의어,00b5a60c-c548-4ac2-8259-9bb788c0fc58,까치김밥,김밥식사류,신림별빛거리골목형상점가,골목형상점가,서울특별시,,,
856c7339e059d74d89d7,full_annotation_v1,A,q_분식_06,분식집,음식점 중 '분식'을 판매·제공하는 매장,test,분식,T2 동의어,00e34fb5-e7d3-43aa-b574-400ee31abae5,은혜만두,만두,북동 골목형상점가,골목형상점가,광주광역시,,,
126804eb61ca7a985644,full_annotation_v1,A,q_분식_06,분식집,음식점 중 '분식'을 판매·제공하는 매장,test,분식,T2 동의어,39b92297-99c8-441e-8c20-2723ee9621c7,맘분식,분식,미소상인회 골목형상점가,골목형상점가,서울특별시,,,
8803c427b9794451ee8f,full_annotation_v1,A,q_분식_06,분식집,음식점 중 '분식'을 판매·제공하는 매장,test,분식,T2 동의어,db89eba8-a255-4559-8cd7-57ffeb2af883,떡산,분식,연서시장,전통시장,서울특별시,,,
2a72a68537b5ec177baa,full_annotation_v1,A,q_분식_06,분식집,음식점 중 '분식'을 판매·제공하는 매장,test,분식,T2 동의어,5f2020b6-aa86-4f18-a592-ab461df6c372,웰츠분식,분식,웰츠타워 골목형상점가,골목형상점가,울산광역시,,,
2d6492474bcf453db4cb,full_annotation_v1,A,q_분식_06,분식집,음식점 중 '분식'을 판매·제공하는 매장,test,분식,T2 동의어,04a91b86-3405-4f8d-b0b8-eac86f3907c4,연지동토스트,커피토스트,연지시장,전통시장,부산광역시,,,
eea84d1674a135b99771,full_annotation_v1,A,q_분식_06,분식집,음식점 중 '분식'을 판매·제공하는 매장,test,분식,T2 동의어,00ca89c2-42a8-432d-ba4b-5abd23c18ab0,계란밥,계란밥분식,시청역상가번영회 골목형상점가,골목형상점가,광주광역시,,,
b3a204a84deafd50257a,full_annotation_v1,A,q_분식_06,분식집,음식점 중 '분식'을 판매·제공하는 매장,test,분식,T2 동의어,01853453-69ac-4f55-9cd8-09e40088ab59,가마솥왕만두,만두,울산번개시장,전통시장,울산광역시,,,
03bd97256cb6dd0c61b8,full_annotation_v1,A,q_분식_06,분식집,음식점 중 '분식'을 판매·제공하는 매장,test,분식,T2 동의어,a7668254-80a7-4e94-a98b-00eb57b83320,물음표분식집,분식,용현시장,전통시장,인천광역시,,,
5d32520a3a865c9f61ba,full_annotation_v1,A,q_분식_06,분식집,음식점 중 '분식'을 판매·제공하는 매장,test,분식,T2 동의어,fb0dffaa-b927-47f4-8b89-6a3ecbb1ee70,오헤어,,안흥초교 사거리 골목형상점가,골목형상점가,경기도,,,
4206ace7e92cb3f0f7a2,full_annotation_v1,A,q_분식_06,분식집,음식점 중 '분식'을 판매·제공하는 매장,test,분식,T2 동의어,757fb664-f5cc-446e-824a-898ab8a487bb,명동귀금속도매센터,귀금속,전통중앙도매상가,전통시장,대전광역시,,,
93f4f35e8bb57cdff4f9,full_annotation_v1,A,q_분식_06,분식집,음식점 중 '분식'을 판매·제공하는 매장,test,분식,T2 동의어,00b5a007-bb8d-47db-963d-ccc7e93c25ac,장호덕 손만두 백석점,만두,백석한들1번가 골목형상점가,골목형상점가,충청남도,,,
6f1c748394aedf018d41,full_annotation_v1,A,q_분식_06,분식집,음식점 중 '분식'을 판매·제공하는 매장,test,분식,T2 동의어,d4dabcbd-52de-40d2-8722-56c0fa4ed55b,통닭한상,치킨,소촌중앙 골목형상점가,골목형상점가,광주광역시,,,
7e786d24770aae0dc0d6,full_annotation_v1,A,q_분식_06,분식집,음식점 중 '분식'을 판매·제공하는 매장,test,분식,T2 동의어,0b8ef6dc-2f6b-4707-bd73-529122d9c97a,하단떡집,떡집,하단오일상설시장,전통시장,부산광역시,,,
e4b48d78036e5866946f,full_annotation_v1,A,q_분식_06,분식집,음식점 중 '분식'을 판매·제공하는 매장,test,분식,T2 동의어,b96a3e14-b352-4936-b6c8-c30169fec54f,동미네 분식집,분식,광탄전통시장,전통시장,경기도,,,
0d8d7fbe1a95dbba0cc7,full_annotation_v1,A,q_분식_06,분식집,음식점 중 '분식'을 판매·제공하는 매장,test,분식,T2 동의어,229d36be-433e-4acc-8c67-897712397d42,해동검도,해동검도,소촌중앙 골목형상점가,골목형상점가,광주광역시,,,
6edc91c46acf454baee8,full_annotation_v1,A,q_분식_06,분식집,음식점 중 '분식'을 판매·제공하는 매장,test,분식,T2 동의어,65c06f56-f1ac-4edf-8762-17cefd430713,학!땡분식,분식,양지중앙 골목형상점가,골목형상점가,경기도,,,
5b099203d03b0972bb15,full_annotation_v1,A,q_분식_06,분식집,음식점 중 '분식'을 판매·제공하는 매장,test,분식,T2 동의어,4e65eded-139b-422b-a408-8671c0ba9b6c,대발이 분식,분식,동서시장,전통시장,대구광역시,,,
2d618426d002c97219b8,full_annotation_v1,A,q_분식_06,분식집,음식점 중 '분식'을 판매·제공하는 매장,test,분식,T2 동의어,93421838-6964-49c2-8723-8017fca415ab,맛있는 분식집,,구리전통시장,전통시장,경기도,,,
5ecd2399906992c10352,full_annotation_v1,A,q_분식_06,분식집,음식점 중 '분식'을 판매·제공하는 매장,test,분식,T2 동의어,33855c72-8b08-4ce1-94ab-8b5fb8e5a6e3,왕대박분식집밥,,동광주 골목형상점가,골목형상점가,,,,
0fe42a580b2539bc53ae,full_annotation_v1,A,q_분식_06,분식집,음식점 중 '분식'을 판매·제공하는 매장,test,분식,T2 동의어,001cb3d4-5441-4963-b517-d5b3904ee312,현창떡집,떡집,목포동부시장,전통시장,전라남도,,,
5a31d5513dc8575117a9,full_annotation_v1,A,q_분식_06,분식집,음식점 중 '분식'을 판매·제공하는 매장,test,분식,T2 동의어,6b9a2b26-9295-498c-991e-47c3b403385b,짱맛분식,분식,태화시장,전통시장,울산광역시,,,
1fc9d11dfaa0cbddb450,full_annotation_v1,A,q_분식_06,분식집,음식점 중 '분식'을 판매·제공하는 매장,test,분식,T2 동의어,e5a6f9f5-d811-46fa-8888-8b89aa1c13be,마띠나,분식,익산 다e로움 상권활성화구역,상권활성화구역,전북특별자치도,,,
8d9d75fdcc07eefe7ccd,full_annotation_v1,A,q_분식_06,분식집,음식점 중 '분식'을 판매·제공하는 매장,test,분식,T2 동의어,42649bbf-9bb7-4180-a11a-b65b6c15460d,공주칼국수쭈꾸미,한식,오정동상점가,자율상권구역,대전광역시,,,
797e6f85b25467663b08,full_annotation_v1,A,q_분식_06,분식집,음식점 중 '분식'을 판매·제공하는 매장,test,분식,T2 동의어,32c2a844-db69-437c-b05b-14a8f088d5e6,월곡분식집,분식,월곡시장,전통시장,광주광역시,,,
137046ce853e7be17375,full_annotation_v1,A,q_분식_06,분식집,음식점 중 '분식'을 판매·제공하는 매장,test,분식,T2 동의어,2eacc24d-82e8-43c6-9374-6bbee3c49a87,여기분식집이여,휴게음식,앰코로 골목형상점가,골목형상점가,광주광역시,,,
6bffa3512306f63648d5,full_annotation_v1,A,q_분식_06,분식집,음식점 중 '분식'을 판매·제공하는 매장,test,분식,T2 동의어,055b0501-9678-421c-9b8d-2994754df728,캠토토스트 계룡대실점,토스트,두마면 대실골목형상점가,골목형상점가,충청남도,,,
2bae40feb5fab36a0520,full_annotation_v1,A,q_분식_06,분식집,음식점 중 '분식'을 판매·제공하는 매장,test,분식,T2 동의어,0239c4e7-2ae3-4f29-8952-19c6d9d1d9a9,세번째집,순대국밥,성환이화시장,전통시장,충청남도,,,
7bbec2fb165e7dc89891,full_annotation_v1,A,q_분식_06,분식집,음식점 중 '분식'을 판매·제공하는 매장,test,분식,T2 동의어,ee140e33-12a8-45ca-a6c9-507ee89f1e36,분식집,,남평읍1로 골목형상점가,골목형상점가,,,,
a50bcaaeda1982d8a7fa,full_annotation_v1,A,q_분식_06,분식집,음식점 중 '분식'을 판매·제공하는 매장,test,분식,T2 동의어,0012a3b4-64a1-440c-a76e-f2be12a2f086,튀김집,분식,두암시장주변 골목형상점가,골목형상점가,광주광역시,,,
f530fdfaeef17eacecc7,full_annotation_v1,A,q_분식_06,분식집,음식점 중 '분식'을 판매·제공하는 매장,test,분식,T2 동의어,2d540484-08bb-412a-b46a-8e6d2d079ce8,필분식,분식,월배신시장,전통시장,대구광역시,,,
1bf23d51849f9369fb6b,full_annotation_v1,A,q_분식_06,분식집,음식점 중 '분식'을 판매·제공하는 매장,test,분식,T2 동의어,f2308484-80cf-45ec-92be-990bcc5a317f,양식집,파스타 돈까스,행복 북문대로2 골목형상점가,골목형상점가,광주광역시,,,
e0eafb891b88d5dbdde4,full_annotation_v1,A,q_분식_06,분식집,음식점 중 '분식'을 판매·제공하는 매장,test,분식,T2 동의어,13d4434f-e7e2-4186-b57e-6c65fb16e6bc,떡뽀이,분식,적성전통시장,전통시장,경기도,,,
3493df85b64115ce8834,full_annotation_v1,A,q_분식_06,분식집,음식점 중 '분식'을 판매·제공하는 매장,test,분식,T2 동의어,22ec6920-38b7-4d76-ac8c-f8ef74779d55,꿈떡분식,분식,산울림 골목형상점가,골목형상점가,세종특별자치시,,,
2d90ce67b8a3f3d53c5f,full_annotation_v1,A,q_분식_06,분식집,음식점 중 '분식'을 판매·제공하는 매장,test,분식,T2 동의어,85909e73-34b5-4fac-9052-f38bb41b208c,목포젓갈,젓갈,영천시장,전통시장,서울특별시,,,
199cbbcc64983b585d55,full_annotation_v1,A,q_분식_06,분식집,음식점 중 '분식'을 판매·제공하는 매장,test,분식,T2 동의어,00783b5c-54fd-42fc-8bcf-1ea7fce865d5,쫀득분식,분식,임방울거리3구역 골목형상점가,골목형상점가,광주광역시,,,
5bcdc84da866a058331a,full_annotation_v1,A,q_분식_06,분식집,음식점 중 '분식'을 판매·제공하는 매장,test,분식,T2 동의어,0fcc963f-9fc4-4a48-bffb-1c69a5f196e1,효분식,분식,제천중앙시장,전통시장,충청북도,,,
65c73a470ad2862ad3b7,full_annotation_v1,A,q_분식_06,분식집,음식점 중 '분식'을 판매·제공하는 매장,test,분식,T2 동의어,0ab4b1bd-93f1-4d46-b012-abfc9b1328dc,브라운토스트,"토스트, 음료",구즉 골목형상점가,골목형상점가,대전광역시,,,
8203b478295bdedcee32,full_annotation_v1,A,q_분식_06,분식집,음식점 중 '분식'을 판매·제공하는 매장,test,분식,T2 동의어,7c6683f5-862a-4d78-86fd-0543bf8e4450,김분식,분식,장천동상가,자율상권구역,전라남도,,,
7d429807095b0172d3a9,full_annotation_v1,A,q_분식_06,분식집,음식점 중 '분식'을 판매·제공하는 매장,test,분식,T2 동의어,08fd525f-a0ac-4e8c-96f9-bc40a4eaf842,분식맘,분식,금호공설시장,전통시장,경상북도,,,
84c7d72873fde7f8b086,full_annotation_v1,A,q_분식_06,분식집,음식점 중 '분식'을 판매·제공하는 매장,test,분식,T2 동의어,024c1f10-1fe0-4be3-8bde-6465f5cd8c43,오늘은 떡볶이,"떡볶이, 튀김, 순대 등",석촌시장,전통시장,서울특별시,,,
25aeede9df01ca5af6e3,full_annotation_v1,A,q_분식_06,분식집,음식점 중 '분식'을 판매·제공하는 매장,test,분식,T2 동의어,0910caae-ad67-4ef3-934e-fff4c6059206,참토스트 대전학하점,토스트,계산동 골목형상점가,골목형상점가,대전광역시,,,
47ff0dc81cfc6f835fb6,full_annotation_v1,A,q_분식_06,분식집,음식점 중 '분식'을 판매·제공하는 매장,test,분식,T2 동의어,00719699-eb0c-4473-bda9-7a16eace345e,봉식이옛날왕만두,만두,삼익 골목형상점가,골목형상점가,서울특별시,,,
1096d5a863c4c55f1528,full_annotation_v1,A,q_분식_06,분식집,음식점 중 '분식'을 판매·제공하는 매장,test,분식,T2 동의어,0075dacf-3e3f-47b8-a4af-d3a2ff866348,북툰커피앤카페,찐빵 만두 커피,신창진흥 골목형상점가,골목형상점가,광주광역시,,,
3a445fb73134b1bfbdf0,full_annotation_v1,A,q_분식_06,분식집,음식점 중 '분식'을 판매·제공하는 매장,test,분식,T2 동의어,04b03558-95d1-4a0e-a9e2-9a9e72bdadb2,배가찐왕만두,만두,문흥2동 골목형상점가,골목형상점가,광주광역시,,,
110faca33ffe2f36a9fa,full_annotation_v1,A,q_분식_06,분식집,음식점 중 '분식'을 판매·제공하는 매장,test,분식,T2 동의어,ed867ca4-1a7e-47b7-8794-a0c7a5f2cc61,라면머거쓰 안머거쓰,,안흥초교 사거리 골목형상점가,골목형상점가,경기도,,,
1cba5cc7e628df211ed6,full_annotation_v1,A,q_분식_06,분식집,음식점 중 '분식'을 판매·제공하는 매장,test,분식,T2 동의어,1d0cd062-96df-4398-8d95-8fc74a9eac0b,떽때기,분식,문창시장,전통시장,대전광역시,,,
57b34599ccc8f175604c,full_annotation_v1,A,q_분식_06,분식집,음식점 중 '분식'을 판매·제공하는 매장,test,분식,T2 동의어,04c905ba-3172-4ea4-a6dd-4345d674dea0,덕순이네,제조업(떡집),장터길 골목형상점가,골목형상점가,경기도,,,
09cc3c5729b93925fe79,full_annotation_v1,A,q_분식_06,분식집,음식점 중 '분식'을 판매·제공하는 매장,test,분식,T2 동의어,50d92a0d-6d49-45ef-a0a6-d21bf11f61a4,미장원,미용,진해 군항상권활성화구역,상권활성화구역,경상남도,,,
bf8975df3ebd3fd82241,full_annotation_v1,A,q_분식_06,분식집,음식점 중 '분식'을 판매·제공하는 매장,test,분식,T2 동의어,015915e3-2542-4245-b627-0c775b4c5501,한내떡집,,거제 고현시장,전통시장,경상남도,,,
2a81d790d1f1888b9c08,full_annotation_v1,A,q_분식_06,분식집,음식점 중 '분식'을 판매·제공하는 매장,test,분식,T2 동의어,00e30e6c-dde0-49cd-9e3e-95465aa4247e,동해분식,분식,서남신시장,전통시장,대구광역시,,,
aa02c7de0b2d6d5de98a,full_annotation_v1,A,q_분식_06,분식집,음식점 중 '분식'을 판매·제공하는 매장,test,분식,T2 동의어,007d6b63-4e47-47fa-aaa5-6d0b5cc7280b,도토리김밥계룡엄사점,분식,엄사 골목형상점가,골목형상점가,충청남도,,,
d7738fc23cc721dba4d1,full_annotation_v1,A,q_분식_06,분식집,음식점 중 '분식'을 판매·제공하는 매장,test,분식,T2 동의어,c5da51a3-82d8-4846-b489-85d30879a82b,삼봉굴비,도소매(수산물),신중부시장,전통시장,서울특별시,,,
2e1a7e4a084b28ddc9c6,full_annotation_v1,A,q_분식_06,분식집,음식점 중 '분식'을 판매·제공하는 매장,test,분식,T2 동의어,0018c143-a8bd-4461-a8ae-ee348edfad7a,김가네의정부중앙역점,김밥 분식 식사등,의정부시 구도심 상권활성화구역,상권활성화구역,경기도,,,
fd573e6ebe31e90d14a0,full_annotation_v1,A,q_분식_06,분식집,음식점 중 '분식'을 판매·제공하는 매장,test,분식,T2 동의어,4dcfbd81-8e8d-426f-b39e-74e1995c3393,끈적국수,분식,월곡1동 골목형상점가,골목형상점가,광주광역시,,,
cd4bf9165f448bee2231,full_annotation_v1,A,q_분식_06,분식집,음식점 중 '분식'을 판매·제공하는 매장,test,분식,T2 동의어,25e17541-8ea1-4716-a373-a5cc54844c71,청년다방연제점,분식집,연제동 골목형상점가,골목형상점가,광주광역시,,,
2703ca305b3183386513,full_annotation_v1,A,q_분식_06,분식집,음식점 중 '분식'을 판매·제공하는 매장,test,분식,T2 동의어,d0a3e8c9-abec-4077-bc28-35605cce5d3e,분식집,한식,방천시장,전통시장,대구광역시,,,
3fee49ce64e0448e5750,full_annotation_v1,A,q_분식_06,분식집,음식점 중 '분식'을 판매·제공하는 매장,test,분식,T2 동의어,9520aa6a-89a5-432d-802c-88d01797ffcb,엄마손분식,분식집,송강동 골목형상점가,골목형상점가,대전광역시,,,
b521902d3bc8391e68d8,full_annotation_v1,A,q_분식_06,분식집,음식점 중 '분식'을 판매·제공하는 매장,test,분식,T2 동의어,0e9f0ef6-5316-46a8-a066-f4bbb1e4e762,감내분식,분식,감천문화마을 골목형상점가,골목형상점가,부산광역시,,,
9b334fc0a8011ed4f1a7,full_annotation_v1,A,q_분식_06,분식집,음식점 중 '분식'을 판매·제공하는 매장,test,분식,T2 동의어,045215f0-9db0-4054-8c69-702841941f01,문토스트용호점,카페토스트,용호1동골목시장,전통시장,부산광역시,,,
29325576e36d4d5e9ba1,full_annotation_v1,A,q_분식_06,분식집,음식점 중 '분식'을 판매·제공하는 매장,test,분식,T2 동의어,8853fd54-daef-419f-9301-1c0997ecf0c7,수지썬플라워,"소매(미용재료,화장품,잡화)",소공 지하쇼핑센터,일반지하상점가,서울특별시,,,
f5bd89e0570ca0e53f08,full_annotation_v1,A,q_분식_06,분식집,음식점 중 '분식'을 판매·제공하는 매장,test,분식,T2 동의어,75a60a94-d2be-44cf-b81b-502d93d4aede,팡이네 분식,분식,쌍리단길상점가,자율상권구역,서울특별시,,,
0e3e42737416a9a0d3c5,full_annotation_v1,A,q_분식_06,분식집,음식점 중 '분식'을 판매·제공하는 매장,test,분식,T2 동의어,749aecf3-44f6-4cc2-b937-e9cd19dbb42c,올리브(OLIVE),대패삼겹,전남대후문골목형상점가,골목형상점가,광주광역시,,,
70b10065dd1a7290eac2,full_annotation_v1,A,q_분식_06,분식집,음식점 중 '분식'을 판매·제공하는 매장,test,분식,T2 동의어,ebd1bb28-bbf7-4f07-9bcd-e584cf480a82,K2제주,의류,칠성로상점가,자율상권구역,제주특별자치도,,,
e770264e609683c5b4f6,full_annotation_v1,A,q_분식_06,분식집,음식점 중 '분식'을 판매·제공하는 매장,test,분식,T2 동의어,077b58df-fcc0-47a6-a6af-606ebfbbf570,친절상회,야채,원미부흥시장,전통시장,경기도,,,
b1fd575a5bf6f42f325e,full_annotation_v1,A,q_분식_06,분식집,음식점 중 '분식'을 판매·제공하는 매장,test,분식,T2 동의어,0a891050-80f2-4423-a5a4-fbd505f1e519,이삭토스트 대전테크노밸리점,토스트,테크노밸리 골목형상점가,골목형상점가,대전광역시,,,
f635e66a5b2d87d76925,full_annotation_v1,A,q_분식_06,분식집,음식점 중 '분식'을 판매·제공하는 매장,test,분식,T2 동의어,650fb1c8-2fb9-4884-9010-f52f0279d69c,담안분식,분식,창원 대동그린코아상가,전통시장,경상남도,,,
bc36244d745ce3712788,full_annotation_v1,A,q_분식_06,분식집,음식점 중 '분식'을 판매·제공하는 매장,test,분식,T2 동의어,001bda4f-046f-44c5-b084-8de630ac405a,김밥윤,김밥 등,보람동 골목형상점가,골목형상점가,세종특별자치시,,,
d818b859c5c35f0b5163,full_annotation_v1,A,q_분식_06,분식집,음식점 중 '분식'을 판매·제공하는 매장,test,분식,T2 동의어,4a9bdc99-5b4d-4cc4-a7fa-a2bd888b3917,분식마을,분식,배방공수 골목형상점가,골목형상점가,충청남도,,,
35fb7cd967a8096b2853,full_annotation_v1,A,q_분식_06,분식집,음식점 중 '분식'을 판매·제공하는 매장,test,분식,T2 동의어,ae27f1d5-4791-43a7-b4d7-104dfcf5a5ed,분식하우스,분식,오정시장,전통시장,경기도,,,
e494828f9695bef1076f,full_annotation_v1,A,q_분식_06,분식집,음식점 중 '분식'을 판매·제공하는 매장,test,분식,T2 동의어,134fe1d4-9edf-4b11-bca7-ccc1fea77a2f,불로김미용실,미용실,황지자유시장,전통시장,강원특별자치도,,,
0c87dad059a0e93fe16d,full_annotation_v1,A,q_분식_06,분식집,음식점 중 '분식'을 판매·제공하는 매장,test,분식,T2 동의어,017c71f5-48d0-4cce-a370-a84d34d36658,무봉리토종순대국파주운정점,,산내마을 골목형상점가,골목형상점가,경기도,,,
e7551f273684fc8f3014,full_annotation_v1,A,q_분식_06,분식집,음식점 중 '분식'을 판매·제공하는 매장,test,분식,T2 동의어,926f80c7-515f-4f04-ba57-243fc346ba6a,오킴밥,분식,인왕시장,전통시장,서울특별시,,,
3169c3d07d9fc3734bfc,full_annotation_v1,A,q_분식_06,분식집,음식점 중 '분식'을 판매·제공하는 매장,test,분식,T2 동의어,22a939a5-dd57-476c-acd5-4c40c7b522a6,어닝바,분식,중랑동부시장,전통시장,서울특별시,,,
ff4280912447e4659349,full_annotation_v1,A,q_분식_06,분식집,음식점 중 '분식'을 판매·제공하는 매장,test,분식,T2 동의어,064d899b-c65a-4b75-9a15-9ca1eaf707f4,이삭토스트,토스트 등,매탄중심상가 골목형상점가,골목형상점가,경기도,,,
367d11d4214361d1bf45,full_annotation_v1,A,q_분식_06,분식집,음식점 중 '분식'을 판매·제공하는 매장,test,분식,T2 동의어,52aa21c7-93f0-4310-8077-d8e649c46a94,홍군튀떡,분식,송죽솔대 골목형상점가,골목형상점가,경기도,,,
2c1fc7b3c36a2828726c,full_annotation_v1,A,q_분식_06,분식집,음식점 중 '분식'을 판매·제공하는 매장,test,분식,T2 동의어,016f68a3-c16f-467c-af96-22466baf3a6a,쉬즈베이글,토스트,읍내리 원도심 골목형상점가,골목형상점가,전라남도,,,
2d952c25ed2a4ca4e330,full_annotation_v1,A,q_분식_06,분식집,음식점 중 '분식'을 판매·제공하는 매장,test,분식,T2 동의어,00e9517a-1887-4acf-b072-10c7cadf9512,불닭발 땡초 동대문 엽기 떡볶이,분식,유엔남구 대학로 상권,,부산광역시,,,
9f3d09fa71d2033d81b2,full_annotation_v1,A,q_분식_06,분식집,음식점 중 '분식'을 판매·제공하는 매장,test,분식,T2 동의어,00ec6d6a-b0c1-4662-b17f-9c9f059a4bcd,백암서울순대국,순대국,강서구청먹자골목골목형상점가,골목형상점가,서울특별시,,,
c4e542b629e4846d4664,full_annotation_v1,A,q_분식_06,분식집,음식점 중 '분식'을 판매·제공하는 매장,test,분식,T2 동의어,008594db-d86c-4014-bf5c-16f6cd40402d,와글와글봄소풍,김밥,다사역 골목형상점가,골목형상점가,대구광역시,,,
7bd270f07fa75bf84741,full_annotation_v1,A,q_분식_06,분식집,음식점 중 '분식'을 판매·제공하는 매장,test,분식,T2 동의어,b0525944-c980-4d0b-804b-de8c397c6ab5,진시황,중식집,담양중앙2번가 골목형상점가,골목형상점가,전라남도,,,
e5f7923af79e3c3fcec4,full_annotation_v1,A,q_분식_06,분식집,음식점 중 '분식'을 판매·제공하는 매장,test,분식,T2 동의어,02f03161-3a15-416f-bdd6-8ad5bd17781d,시골참순대,,관저동 먹자골목 골목형상점가,골목형상점가,대전광역시,,,
f29460ad001404f9c7e4,full_annotation_v1,A,q_분식_06,분식집,음식점 중 '분식'을 판매·제공하는 매장,test,분식,T2 동의어,04c41036-dbe4-4ce1-b514-707473b7ebb3,분식박사,분식,무거현대시장,골목형상점가,울산광역시,,,
5bc19bb6c2637a09736d,full_annotation_v1,A,q_분식_06,분식집,음식점 중 '분식'을 판매·제공하는 매장,test,분식,T2 동의어,24c52821-878c-4dfb-94a3-f50a37cd6381,썸,의류,주안역지하도상점가,일반지하상점가,인천광역시,,,
b7286bb42fb5a5463d75,full_annotation_v1,A,q_분식_07,순대,음식점 중 '분식'을 판매·제공하는 매장,test,분식,T2 동의어,00e30e6c-dde0-49cd-9e3e-95465aa4247e,동해분식,분식,서남신시장,전통시장,대구광역시,,,
2d6bb17817ac01d0ef1e,full_annotation_v1,A,q_분식_07,순대,음식점 중 '분식'을 판매·제공하는 매장,test,분식,T2 동의어,23ada280-6c0c-46ae-be8d-0ee3955f7061,중원순대,순대,충주자유시장,전통시장,충청북도,,,
67ac3d70051fe8f0826f,full_annotation_v1,A,q_분식_07,순대,음식점 중 '분식'을 판매·제공하는 매장,test,분식,T2 동의어,045215f0-9db0-4054-8c69-702841941f01,문토스트용호점,카페토스트,용호1동골목시장,전통시장,부산광역시,,,
562fcc2250c866dda0d5,full_annotation_v1,A,q_분식_07,순대,음식점 중 '분식'을 판매·제공하는 매장,test,분식,T2 동의어,0239c4e7-2ae3-4f29-8952-19c6d9d1d9a9,세번째집,순대국밥,성환이화시장,전통시장,충청남도,,,
b0086ff257a72b383f11,full_annotation_v1,A,q_분식_07,순대,음식점 중 '분식'을 판매·제공하는 매장,test,분식,T2 동의어,102f80a6-22e0-4ac8-8061-68c7fe444b89,소문난순대집,순대,목사랑시장,전통시장,서울특별시,,,
4e0ec19ae903ba030806,full_annotation_v1,A,q_분식_07,순대,음식점 중 '분식'을 판매·제공하는 매장,test,분식,T2 동의어,016f68a3-c16f-467c-af96-22466baf3a6a,쉬즈베이글,토스트,읍내리 원도심 골목형상점가,골목형상점가,전라남도,,,
28a1a3e0137cc5cf8e5c,full_annotation_v1,A,q_분식_07,순대,음식점 중 '분식'을 판매·제공하는 매장,test,분식,T2 동의어,dd54c262-386b-4898-86ac-bb23db416fb3,대성집,순대,공주산성시장,전통시장,충청남도,,,
1768399b960a925f7ce0,full_annotation_v1,A,q_분식_07,순대,음식점 중 '분식'을 판매·제공하는 매장,test,분식,T2 동의어,72f4eee4-4547-4168-97e1-55659bd25274,번영 순대,순대,청주직지시장(구 청주운천시장),전통시장,충청북도,,,
adaf3192d588610abd88,full_annotation_v1,A,q_분식_07,순대,음식점 중 '분식'을 판매·제공하는 매장,test,분식,T2 동의어,3dff8583-ab53-4da5-8d74-9210dcf49e56,금백만식품,순대,구로시장,전통시장,서울특별시,,,
c2c95080499f1772f2ba,full_annotation_v1,A,q_분식_07,순대,음식점 중 '분식'을 판매·제공하는 매장,test,분식,T2 동의어,ccfc50b6-a937-415d-9a54-182ad20a2dd3,원진순대,순대,경주성동공설시장,전통시장,경상북도,,,
51230de4365913b98d7c,full_annotation_v1,A,q_분식_07,순대,음식점 중 '분식'을 판매·제공하는 매장,test,분식,T2 동의어,cbd2689b-850b-4c72-8040-dd9c9091614d,한민순대,순대,문창시장,전통시장,대전광역시,,,
602d901697c677749386,full_annotation_v1,A,q_분식_07,순대,음식점 중 '분식'을 판매·제공하는 매장,test,분식,T2 동의어,0bc31865-515a-4122-a8ce-2fd9a4d12e6e,신포순대,순대 순대국,신포시장,전통시장,인천광역시,,,
aee739c57b71c709d39b,full_annotation_v1,A,q_분식_07,순대,음식점 중 '분식'을 판매·제공하는 매장,test,분식,T2 동의어,0b767d84-c76d-44c6-9ba7-54e50137e6b9,학성식육점,육류,구역전시장,전통시장,울산광역시,,,
a5aefc5334c0d776df38,full_annotation_v1,A,q_분식_07,순대,음식점 중 '분식'을 판매·제공하는 매장,test,분식,T2 동의어,015915e3-2542-4245-b627-0c775b4c5501,한내떡집,,거제 고현시장,전통시장,경상남도,,,
98ae25137bca28f7a473,full_annotation_v1,A,q_분식_07,순대,음식점 중 '분식'을 판매·제공하는 매장,test,분식,T2 동의어,b133083d-ede0-4039-aacf-90caeed9f96b,웰빙토종순대,순대,충주무학시장,전통시장,충청북도,,,
4960bb347816b55bb1ab,full_annotation_v1,A,q_분식_07,순대,음식점 중 '분식'을 판매·제공하는 매장,test,분식,T2 동의어,b78209fa-59d8-40da-850a-d4a567e6b846,여주순대,순대,청량리청과물시장,전통시장,서울특별시,,,
6746c92ee9961bea9e2f,full_annotation_v1,A,q_분식_07,순대,음식점 중 '분식'을 판매·제공하는 매장,test,분식,T2 동의어,001cb3d4-5441-4963-b517-d5b3904ee312,현창떡집,떡집,목포동부시장,전통시장,전라남도,,,
27fb644933ebeb75a1d6,full_annotation_v1,A,q_분식_07,순대,음식점 중 '분식'을 판매·제공하는 매장,test,분식,T2 동의어,ab8a0b10-dda2-460c-8e6e-66399cba599f,청하야채,야채,우산매일시장,전통시장,광주광역시,,,
38775806e03c3d65e210,full_annotation_v1,A,q_분식_07,순대,음식점 중 '분식'을 판매·제공하는 매장,test,분식,T2 동의어,0e5d7ff6-22e9-4c51-b7b3-82f6f048df07,터미널순대,순대,영광터미널 골목형상점가,골목형상점가,전라남도,,,
156f4f214e2932f3c5a3,full_annotation_v1,A,q_분식_07,순대,음식점 중 '분식'을 판매·제공하는 매장,test,분식,T2 동의어,0012a3b4-64a1-440c-a76e-f2be12a2f086,튀김집,분식,두암시장주변 골목형상점가,골목형상점가,광주광역시,,,
552d6d16c0b2c33eb04d,full_annotation_v1,A,q_분식_07,순대,음식점 중 '분식'을 판매·제공하는 매장,test,분식,T2 동의어,f920711a-d101-4e54-8678-6733b7ee509e,아포순대,순대,구미새마을중앙시장,전통시장,경상북도,,,
7c009472d3f1e835a69e,full_annotation_v1,A,q_분식_07,순대,음식점 중 '분식'을 판매·제공하는 매장,test,분식,T2 동의어,55155325-b77f-4be9-98f2-7102b74fa99f,초롱순대,순대,논산화지중앙시장,전통시장,충청남도,,,
b76972d7e621dab0fd8c,full_annotation_v1,A,q_분식_07,순대,음식점 중 '분식'을 판매·제공하는 매장,test,분식,T2 동의어,85e359d5-2831-4fa5-bc19-1afe97cd2791,남매식당,음식점,덕풍전통시장,전통시장,경기도,,,
d4f798970e0422cd75f2,full_annotation_v1,A,q_분식_07,순대,음식점 중 '분식'을 판매·제공하는 매장,test,분식,T2 동의어,0910caae-ad67-4ef3-934e-fff4c6059206,참토스트 대전학하점,토스트,계산동 골목형상점가,골목형상점가,대전광역시,,,
ff64edc8d8d15f3bbb1d,full_annotation_v1,A,q_분식_07,순대,음식점 중 '분식'을 판매·제공하는 매장,test,분식,T2 동의어,d8507db5-852b-4fac-b4d0-e3e5bdffd2ac,장군순대국,순대,왜관시장,전통시장,경상북도,,,
4272b998b525024d1f04,full_annotation_v1,A,q_분식_07,순대,음식점 중 '분식'을 판매·제공하는 매장,test,분식,T2 동의어,34e268d3-fa05-40bb-86e8-c56b2330f12e,부흥,순대,청량리종합시장,전통시장,서울특별시,,,
a90194eb53470769dbb2,full_annotation_v1,A,q_분식_07,순대,음식점 중 '분식'을 판매·제공하는 매장,test,분식,T2 동의어,6256552c-236d-44c4-b491-cd8c14a2980c,정화순대,순대,통영중앙전통시장,전통시장,경상남도,,,
441e75fd33398a6c46db,full_annotation_v1,A,q_분식_07,순대,음식점 중 '분식'을 판매·제공하는 매장,test,분식,T2 동의어,00e34fb5-e7d3-43aa-b574-400ee31abae5,은혜만두,만두,북동 골목형상점가,골목형상점가,광주광역시,,,
1d033e7a2ce5c3c2f5ab,full_annotation_v1,A,q_분식_07,순대,음식점 중 '분식'을 판매·제공하는 매장,test,분식,T2 동의어,f3064eed-299b-4ca5-b131-939728e06f28,중앙시장순대,순대,문경중앙시장,전통시장,경상북도,,,
d76bb547ac66a260daf7,full_annotation_v1,A,q_분식_07,순대,음식점 중 '분식'을 판매·제공하는 매장,test,분식,T2 동의어,7b8f8558-69fc-4812-914a-929063f1f4de,진잠순대,순대,진잠 골목형상점가,골목형상점가,대전광역시,,,
7d70d3cf0cd649799d13,full_annotation_v1,A,q_분식_07,순대,음식점 중 '분식'을 판매·제공하는 매장,test,분식,T2 동의어,00b5a60c-c548-4ac2-8259-9bb788c0fc58,까치김밥,김밥식사류,신림별빛거리골목형상점가,골목형상점가,서울특별시,,,
dabbe77aa97a2c1206b5,full_annotation_v1,A,q_분식_07,순대,음식점 중 '분식'을 판매·제공하는 매장,test,분식,T2 동의어,e7e33384-e384-4c0d-85cd-f5b0d896c62c,고모순대,순대,영해만세시장(구 영해시장),전통시장,경상북도,,,
65ec7e580a60218f2d6e,full_annotation_v1,A,q_분식_07,순대,음식점 중 '분식'을 판매·제공하는 매장,test,분식,T2 동의어,41110078-6a74-4157-9a8e-f9711a2ea426,한양순대,순대,하당꽃길1가 골목형상점가,골목형상점가,전라남도,,,
f25144314956236975f7,full_annotation_v1,A,q_분식_07,순대,음식점 중 '분식'을 판매·제공하는 매장,test,분식,T2 동의어,008594db-d86c-4014-bf5c-16f6cd40402d,와글와글봄소풍,김밥,다사역 골목형상점가,골목형상점가,대구광역시,,,
0cefba5bfe5c4e26c58e,full_annotation_v1,A,q_분식_07,순대,음식점 중 '분식'을 판매·제공하는 매장,test,분식,T2 동의어,0ab4b1bd-93f1-4d46-b012-abfc9b1328dc,브라운토스트,"토스트, 음료",구즉 골목형상점가,골목형상점가,대전광역시,,,
210c6b905f244be36da8,full_annotation_v1,A,q_분식_07,순대,음식점 중 '분식'을 판매·제공하는 매장,test,분식,T2 동의어,3ab2633c-5d31-4d68-8602-032b1b68e5b1,다산수약국,의약품 및 의약외품,다산역 로데오 상점가,자율상권구역,경기도,,,
a51a751acda2488b8ee4,full_annotation_v1,A,q_분식_07,순대,음식점 중 '분식'을 판매·제공하는 매장,test,분식,T2 동의어,751db7b1-3ab8-4daa-94d3-4eb910e80109,장터순대,순대,남문골목형상점가,골목형상점가,강원특별자치도,,,
3b486283c2651077b069,full_annotation_v1,A,q_분식_07,순대,음식점 중 '분식'을 판매·제공하는 매장,test,분식,T2 동의어,d2c8654a-b4a2-416f-aa00-1ffc420e8022,경북양말,양말,신남네거리상점가,자율상권구역,대구광역시,,,
2308515152fb1d72ed8b,full_annotation_v1,A,q_분식_07,순대,음식점 중 '분식'을 판매·제공하는 매장,test,분식,T2 동의어,48cd1cba-7425-4ef1-9f5b-5ea1ede4ca7d,시장순대,순대,논산화지중앙시장,전통시장,충청남도,,,
8efe2d147692f15b9c65,full_annotation_v1,A,q_분식_07,순대,음식점 중 '분식'을 판매·제공하는 매장,test,분식,T2 동의어,3b74978a-8dba-4074-a467-9b06fb65752e,대명식당,순대,청주북부시장,전통시장,충청북도,,,
13528a4e903c62f7208e,full_annotation_v1,A,q_분식_07,순대,음식점 중 '분식'을 판매·제공하는 매장,test,분식,T2 동의어,005313c8-dce8-49b6-9841-9143ebb1305a,동원떡집,,박달시장,전통시장,경기도,,,
14a3b60da9235e6e0b8e,full_annotation_v1,A,q_분식_07,순대,음식점 중 '분식'을 판매·제공하는 매장,test,분식,T2 동의어,00ca89c2-42a8-432d-ba4b-5abd23c18ab0,계란밥,계란밥분식,시청역상가번영회 골목형상점가,골목형상점가,광주광역시,,,
53e2297eea535786e4a2,full_annotation_v1,A,q_분식_07,순대,음식점 중 '분식'을 판매·제공하는 매장,test,분식,T2 동의어,04ce0ba7-d88f-4961-aa62-f3647103528b,금영순대왕족발,순대,"일곡동(제7지역:대림1,현대2,진로,대우,한일)",골목형상점가,광주광역시,,,
1f4746c07ad7e73eb4cb,full_annotation_v1,A,q_분식_07,순대,음식점 중 '분식'을 판매·제공하는 매장,test,분식,T2 동의어,81a9b738-a53c-4d07-a069-8a481929a335,명가순대,순대,구미형곡중앙시장,전통시장,경상북도,,,
9dfddb4bee7ba065ee79,full_annotation_v1,A,q_분식_07,순대,음식점 중 '분식'을 판매·제공하는 매장,test,분식,T2 동의어,8af83c01-8371-4ef5-9a3c-49ce16245fdc,신성순대,순대,용현시장,전통시장,인천광역시,,,
b3373193eeae4c8ec211,full_annotation_v1,A,q_분식_07,순대,음식점 중 '분식'을 판매·제공하는 매장,test,분식,T2 동의어,00783b5c-54fd-42fc-8bcf-1ea7fce865d5,쫀득분식,분식,임방울거리3구역 골목형상점가,골목형상점가,광주광역시,,,
a8801bbf073adf5843be,full_annotation_v1,A,q_분식_07,순대,음식점 중 '분식'을 판매·제공하는 매장,test,분식,T2 동의어,00e9517a-1887-4acf-b072-10c7cadf9512,불닭발 땡초 동대문 엽기 떡볶이,분식,유엔남구 대학로 상권,,부산광역시,,,
7aef141e036e2d5bd2d7,full_annotation_v1,A,q_분식_07,순대,음식점 중 '분식'을 판매·제공하는 매장,test,분식,T2 동의어,b543600b-aa14-45aa-8a93-261166a9f59c,가창방앗간,임가공제분,대구남문시장,전통시장,대구광역시,,,
d669b5705fde4a8054a7,full_annotation_v1,A,q_분식_07,순대,음식점 중 '분식'을 판매·제공하는 매장,test,분식,T2 동의어,064d899b-c65a-4b75-9a15-9ca1eaf707f4,이삭토스트,토스트 등,매탄중심상가 골목형상점가,골목형상점가,경기도,,,
3a217d93589bf3cb7f68,full_annotation_v1,A,q_분식_07,순대,음식점 중 '분식'을 판매·제공하는 매장,test,분식,T2 동의어,f5ed8344-c18d-4f0a-9a85-b3954a2580a4,김연자순대,순대,엄사 골목형상점가,골목형상점가,충청남도,,,
576f4f53fb2a8bb99f62,full_annotation_v1,A,q_분식_07,순대,음식점 중 '분식'을 판매·제공하는 매장,test,분식,T2 동의어,1de5b1ee-5a42-4b4c-9b35-041c2a11721f,제일순대,순대,내수전통시장,전통시장,충청북도,,,
c42b22d0ec4b7ddba7d7,full_annotation_v1,A,q_분식_07,순대,음식점 중 '분식'을 판매·제공하는 매장,test,분식,T2 동의어,52ebf1f5-6d1c-4417-ad9e-9cbc2b4d1f56,매일식품,순대,칠성원시장,전통시장,대구광역시,,,
d614f4ce88166433056e,full_annotation_v1,A,q_분식_07,순대,음식점 중 '분식'을 판매·제공하는 매장,test,분식,T2 동의어,0f51c6d9-81a7-4376-a100-b438401f5756,정비대장,자동차수리,수등로 골목형상점가,골목형상점가,광주광역시,,,
33ededa4febb19467bdb,full_annotation_v1,A,q_분식_07,순대,음식점 중 '분식'을 판매·제공하는 매장,test,분식,T2 동의어,4761adbb-b594-4d11-8ae6-070003951834,순대,음식(순대),비단길현대시장,전통시장,서울특별시,,,
b0e5cf09b967f5a17d82,full_annotation_v1,A,q_분식_07,순대,음식점 중 '분식'을 판매·제공하는 매장,test,분식,T2 동의어,e2b62025-0865-4bac-a4d2-17176168f4be,나라순대,순대,목포동부시장,전통시장,전라남도,,,
3af9ab878f1dd2353162,full_annotation_v1,A,q_분식_07,순대,음식점 중 '분식'을 판매·제공하는 매장,test,분식,T2 동의어,21a454ba-b8d1-46da-a333-745a85823dad,돼지마을,순대,금빛탄천 골목형상점가,골목형상점가,충청남도,,,
817c679da921fcb55d2c,full_annotation_v1,A,q_분식_07,순대,음식점 중 '분식'을 판매·제공하는 매장,test,분식,T2 동의어,0075dacf-3e3f-47b8-a4af-d3a2ff866348,북툰커피앤카페,찐빵 만두 커피,신창진흥 골목형상점가,골목형상점가,광주광역시,,,
8e46d305feb8d5c5c74b,full_annotation_v1,A,q_분식_07,순대,음식점 중 '분식'을 판매·제공하는 매장,test,분식,T2 동의어,db74cf08-c287-447c-b76e-5646e0f8d614,계양식당,순대,평택통복시장,전통시장,경기도,,,
efa36ee36b2cb383bed2,full_annotation_v1,A,q_분식_07,순대,음식점 중 '분식'을 판매·제공하는 매장,test,분식,T2 동의어,d3656021-f2d9-496f-baff-ebb64988a912,엠투클라이밍,서비스,다산역 로데오 상점가,자율상권구역,경기도,,,
c32233c520b409b3155b,full_annotation_v1,A,q_분식_07,순대,음식점 중 '분식'을 판매·제공하는 매장,test,분식,T2 동의어,05e4ee5a-a821-4e0a-ba8f-8d056cde6f6b,정성순대,순대,봉선로2 골목형상점가,골목형상점가,광주광역시,,,
7ee293a11bce1da2fbcb,full_annotation_v1,A,q_분식_07,순대,음식점 중 '분식'을 판매·제공하는 매장,test,분식,T2 동의어,60a62caf-e6f0-4519-a808-7206ab9d6a79,개성순대,순대,태화시장,전통시장,울산광역시,,,
69779a972be3be6ab06a,full_annotation_v1,A,q_분식_07,순대,음식점 중 '분식'을 판매·제공하는 매장,test,분식,T2 동의어,3d7133e0-1496-4f2f-9916-02168756786d,아바이순대,순대,복대가경시장,전통시장,충청북도,,,
960a6ebcb22797c456f9,full_annotation_v1,A,q_분식_07,순대,음식점 중 '분식'을 판매·제공하는 매장,test,분식,T2 동의어,9260050a-bfa7-4d7e-bb8a-b56cfb0bbf8c,해맛장,순대,속초중앙전통시장,전통시장,강원특별자치도,,,
b8264863ab89d7fd1743,full_annotation_v1,A,q_분식_07,순대,음식점 중 '분식'을 판매·제공하는 매장,test,분식,T2 동의어,04b03558-95d1-4a0e-a9e2-9a9e72bdadb2,배가찐왕만두,만두,문흥2동 골목형상점가,골목형상점가,광주광역시,,,
3b167864316161799ed1,full_annotation_v1,A,q_분식_07,순대,음식점 중 '분식'을 판매·제공하는 매장,test,분식,T2 동의어,4a2b81ea-32d0-4914-ac72-660e2588d2e9,입상철물,순대,청주북부시장,전통시장,충청북도,,,
e6f07cde2ea28e18eda0,full_annotation_v1,A,q_분식_07,순대,음식점 중 '분식'을 판매·제공하는 매장,test,분식,T2 동의어,ef6e6cea-c375-4a05-84e9-8fa9ab483f51,투가리순대국밥,순대,청주소나무길 골목형상점가,골목형상점가,충청북도,,,
ced3b4ee5effd9a7bceb,full_annotation_v1,A,q_분식_07,순대,음식점 중 '분식'을 판매·제공하는 매장,test,분식,T2 동의어,777360bb-e29a-4ef4-a983-0fd920b3b1b3,시장순대,순대,청주사창시장,전통시장,충청북도,,,
307ce9b45ecea3baf8ec,full_annotation_v1,A,q_분식_07,순대,음식점 중 '분식'을 판매·제공하는 매장,test,분식,T2 동의어,017c71f5-48d0-4cce-a370-a84d34d36658,무봉리토종순대국파주운정점,,산내마을 골목형상점가,골목형상점가,경기도,,,
9f6e6406a80d643cf30c,full_annotation_v1,A,q_분식_07,순대,음식점 중 '분식'을 판매·제공하는 매장,test,분식,T2 동의어,5d2fb87b-1035-446e-94d8-28fe97613525,오메가메,순대,충무동골목시장,전통시장,부산광역시,,,
653df967e8de37fc478f,full_annotation_v1,A,q_분식_07,순대,음식점 중 '분식'을 판매·제공하는 매장,test,분식,T2 동의어,de1ace71-da7e-4f1a-880a-0f2c20147227,호남순대,순대,인왕시장,전통시장,서울특별시,,,
bb3c105b92b014aff4f6,full_annotation_v1,A,q_분식_07,순대,음식점 중 '분식'을 판매·제공하는 매장,test,분식,T2 동의어,5d199829-3269-4ea5-9c15-8df9c68e6d16,시장순대,순대,용인중앙시장,전통시장,경기도,,,
464e515c9e842bc32db6,full_annotation_v1,A,q_분식_07,순대,음식점 중 '분식'을 판매·제공하는 매장,test,분식,T2 동의어,024c1f10-1fe0-4be3-8bde-6465f5cd8c43,오늘은 떡볶이,"떡볶이, 튀김, 순대 등",석촌시장,전통시장,서울특별시,,,
8bab204c2dc8afcbc22c,full_annotation_v1,A,q_분식_07,순대,음식점 중 '분식'을 판매·제공하는 매장,test,분식,T2 동의어,8e557fde-7ccb-4bcc-925a-5741eca63447,스윗스윔(SweetSwim),운동용품,공항동먹자골목골목형상점가,골목형상점가,서울특별시,,,
10f2fbd3bf0732dd1901,full_annotation_v1,A,q_분식_07,순대,음식점 중 '분식'을 판매·제공하는 매장,test,분식,T2 동의어,ab89fe3c-cd54-450a-a747-f8ff300a1826,시장순대,순대,문경전통시장,전통시장,경상북도,,,
c02da79c941c7c652883,full_annotation_v1,A,q_분식_07,순대,음식점 중 '분식'을 판매·제공하는 매장,test,분식,T2 동의어,9376fdac-7238-45cd-a776-d94245db85b4,동부억순이순대,순대,목포동부시장,전통시장,전라남도,,,
fd877d4fdf0537161e84,full_annotation_v1,A,q_분식_07,순대,음식점 중 '분식'을 판매·제공하는 매장,test,분식,T2 동의어,7bf1b4f5-a38e-4356-b6c6-0ca1f71d6fc3,소망순대,순대,청주서문시장,전통시장,충청북도,,,
a88fed1eb8230cad05c7,full_annotation_v1,A,q_분식_07,순대,음식점 중 '분식'을 판매·제공하는 매장,test,분식,T2 동의어,a9a444ba-a47a-491d-b868-5c4cdd01bd9e,상주순대,순대,상주남성시장,전통시장,경상북도,,,
00d3c39b6927ec2dc88f,full_annotation_v1,A,q_분식_07,순대,음식점 중 '분식'을 판매·제공하는 매장,test,분식,T2 동의어,437f00e6-6826-45cd-bf97-1f1f12c97ceb,서울순대,순대,대구교동시장,전통시장,대구광역시,,,
468763f116786b3e90b1,full_annotation_v1,A,q_분식_07,순대,음식점 중 '분식'을 판매·제공하는 매장,test,분식,T2 동의어,946d860e-00e7-43ae-a320-85d0da54dbe0,재성이네,순대,충주자유시장,전통시장,충청북도,,,
5f4e1821124f92939e7c,full_annotation_v1,A,q_분식_07,순대,음식점 중 '분식'을 판매·제공하는 매장,test,분식,T2 동의어,f942cba7-3287-410e-823b-8a260354c0d0,소문난순대,순대,충주자유시장,전통시장,충청북도,,,
93f1df160db83c2fa939,full_annotation_v1,A,q_분식_07,순대,음식점 중 '분식'을 판매·제공하는 매장,test,분식,T2 동의어,001bda4f-046f-44c5-b084-8de630ac405a,김밥윤,김밥 등,보람동 골목형상점가,골목형상점가,세종특별자치시,,,
9993d9008f2ea2ccca51,full_annotation_v1,A,q_분식_07,순대,음식점 중 '분식'을 판매·제공하는 매장,test,분식,T2 동의어,3296d6c4-b45b-4c27-b88c-c06023a49fa2,에이스,가구,은구비서로사회적협동조합 골목형상점가,골목형상점가,대전광역시,,,
f40a31ca111ce45890df,full_annotation_v1,A,q_분식_07,순대,음식점 중 '분식'을 판매·제공하는 매장,test,분식,T2 동의어,fe6585dd-3a63-4c60-9934-fd5d1d514c14,소지신찰순대,순대,마장축산물시장,전통시장,서울특별시,,,
5b429fe5a9cce34d537b,full_annotation_v1,A,q_분식_07,순대,음식점 중 '분식'을 판매·제공하는 매장,test,분식,T2 동의어,ca3b0b19-d54e-49a3-a5d8-146941b4c22a,병천순대,순대,뒤뜰골목형상점가,골목형상점가,강원특별자치도,,,
3c59d16768bb5c4ec011,full_annotation_v1,A,q_분식_07,순대,음식점 중 '분식'을 판매·제공하는 매장,test,분식,T2 동의어,f07684b4-4003-49ac-a0da-23ae2d943a9e,서울순대식당,순대,구미형곡중앙시장,전통시장,경상북도,,,
ffa8e5014d0b962ba64f,full_annotation_v1,A,q_분식_07,순대,음식점 중 '분식'을 판매·제공하는 매장,test,분식,T2 동의어,8c44b6f0-ffc6-452a-a061-af95c1f98ae5,평화순대,순대,통영중앙전통시장,전통시장,경상남도,,,
3ea4db50967d0444c66f,full_annotation_v1,A,q_분식_07,순대,음식점 중 '분식'을 판매·제공하는 매장,test,분식,T2 동의어,5944bbdc-15d7-4856-a8f5-daef6ce580be,형제순대국,순대,신원시장,전통시장,서울특별시,,,
d7f4d63f60e33c425944,full_annotation_v1,A,q_분식_07,순대,음식점 중 '분식'을 판매·제공하는 매장,test,분식,T2 동의어,27691b48-c153-43e1-b295-618bbdb2d434,꼬기랑순대랑,순대,영동전통시장,전통시장,충청북도,,,
8e1cdfa1f8bd2a480da7,full_annotation_v1,A,q_분식_07,순대,음식점 중 '분식'을 판매·제공하는 매장,test,분식,T2 동의어,a2a472c2-fa4d-4f61-8b29-6755e1914d5d,서울순대,순대,목포원도심상점가,자율상권구역,전라남도,,,
2b47563f17ba9c180223,full_annotation_v1,A,q_분식_07,순대,음식점 중 '분식'을 판매·제공하는 매장,test,분식,T2 동의어,b76e1653-5e21-499b-b3cc-8b7b43376538,덕성순대,순대,말바우시장,전통시장,광주광역시,,,
9dbab63c4ddab16391ce,full_annotation_v1,A,q_분식_07,순대,음식점 중 '분식'을 판매·제공하는 매장,test,분식,T2 동의어,43447e08-cc85-45a0-91bb-9241e2551ab9,신진미순대,순대,오창전통시장,전통시장,충청북도,,,
116c2f9d9ac37dadc32c,full_annotation_v1,A,q_분식_07,순대,음식점 중 '분식'을 판매·제공하는 매장,test,분식,T2 동의어,93e3d6ef-a7c5-40a3-8cb8-2d7d587cf5a0,공앤공,순대,구포축산물도매시장,전통시장,부산광역시,,,
822416606af092bb3d26,full_annotation_v1,A,q_분식_07,순대,음식점 중 '분식'을 판매·제공하는 매장,test,분식,T2 동의어,00ec6d6a-b0c1-4662-b17f-9c9f059a4bcd,백암서울순대국,순대국,강서구청먹자골목골목형상점가,골목형상점가,서울특별시,,,
523e15c5895fcb1b1558,full_annotation_v1,A,q_분식_07,순대,음식점 중 '분식'을 판매·제공하는 매장,test,분식,T2 동의어,1eda4a42-0d35-4962-a8f9-fdb4f0d936ed,건방진순대,순대,태백중앙로상점가,자율상권구역,강원특별자치도,,,
3d9a42f09268f528e7d8,full_annotation_v1,A,q_분식_07,순대,음식점 중 '분식'을 판매·제공하는 매장,test,분식,T2 동의어,53d5a6f4-1eb6-455b-96cc-6ec810f13ed4,하남 순대,순대,신장전통시장,전통시장,경기도,,,
c1b8007781f7f19c1ff2,full_annotation_v1,A,q_분식_07,순대,음식점 중 '분식'을 판매·제공하는 매장,test,분식,T2 동의어,1e35c75a-c64e-4bbe-a649-0bf2b407da56,순대촌,순대,관저동 먹거리 골목형상점가,골목형상점가,대전광역시,,,
46a6585b64b4933e20a0,full_annotation_v1,A,q_분식_07,순대,음식점 중 '분식'을 판매·제공하는 매장,test,분식,T2 동의어,f2d8455e-3809-441c-bf24-1fd754def842,병천순대,순대,청주중앙시장,전통시장,충청북도,,,
4b7c8bddcfa45d514899,full_annotation_v1,A,q_분식_07,순대,음식점 중 '분식'을 판매·제공하는 매장,test,분식,T2 동의어,04a91b86-3405-4f8d-b0b8-eac86f3907c4,연지동토스트,커피토스트,연지시장,전통시장,부산광역시,,,
56e9befe7c69d912ec2c,full_annotation_v1,A,q_분식_07,순대,음식점 중 '분식'을 판매·제공하는 매장,test,분식,T2 동의어,0a891050-80f2-4423-a5a4-fbd505f1e519,이삭토스트 대전테크노밸리점,토스트,테크노밸리 골목형상점가,골목형상점가,대전광역시,,,
9ee99f249ba4db937986,full_annotation_v1,A,q_분식_07,순대,음식점 중 '분식'을 판매·제공하는 매장,test,분식,T2 동의어,a76d703d-73e3-47bc-9fe2-32b4941c1c1a,청솔식당,한식,충무로골목형상점가,골목형상점가,서울특별시,,,
de075a2d225c46ea3167,full_annotation_v1,A,q_분식_07,순대,음식점 중 '분식'을 판매·제공하는 매장,test,분식,T2 동의어,01853453-69ac-4f55-9cd8-09e40088ab59,가마솥왕만두,만두,울산번개시장,전통시장,울산광역시,,,
dabf141f0c3ef14daa6f,full_annotation_v1,A,q_분식_07,순대,음식점 중 '분식'을 판매·제공하는 매장,test,분식,T2 동의어,0011cf6d-567e-4c3b-b113-363daa11212a,김밥먹고 닭꼬치,,배방상점가,자율상권구역,충청남도,,,
c7d33446668a8e478e31,full_annotation_v1,A,q_분식_07,순대,음식점 중 '분식'을 판매·제공하는 매장,test,분식,T2 동의어,b81b52b6-9988-48c1-bf7f-ce2ea98110ce,새벙글식당,한식,김천평화시장,전통시장,경상북도,,,
bedafa8bf821f51cced8,full_annotation_v1,A,q_분식_07,순대,음식점 중 '분식'을 판매·제공하는 매장,test,분식,T2 동의어,7f00de2d-a6cd-4506-8472-f659f389b65e,보광순대,순대,구월시장,전통시장,인천광역시,,,
e183be0590f1fd8495b1,full_annotation_v1,A,q_분식_07,순대,음식점 중 '분식'을 판매·제공하는 매장,test,분식,T2 동의어,db788702-a21c-4ab7-8191-df2636fb3d08,복천순대,순대,부전상가시장,전통시장,부산광역시,,,
b5060920d1007cfb29db,full_annotation_v1,A,q_분식_07,순대,음식점 중 '분식'을 판매·제공하는 매장,test,분식,T2 동의어,09d53a99-f107-4045-b107-caf6e14093d5,지동순대집,순대,지동시장,전통시장,경기도,,,
a248a0a8f5b839063743,full_annotation_v1,A,q_분식_07,순대,음식점 중 '분식'을 판매·제공하는 매장,test,분식,T2 동의어,c76fee85-1d7a-408b-b7f5-7505b6746225,호남순대,순대,지동시장,전통시장,경기도,,,
295fd558167ce987139e,full_annotation_v1,A,q_분식_07,순대,음식점 중 '분식'을 판매·제공하는 매장,test,분식,T2 동의어,1f5dbc55-6d8c-418b-a571-82f2d683593b,서현이네,순대,울산번개시장,전통시장,울산광역시,,,
b796ebfd5eea7e21fbdc,full_annotation_v1,A,q_분식_07,순대,음식점 중 '분식'을 판매·제공하는 매장,test,분식,T2 동의어,6bebcb5f-18b1-4417-a8ff-85deffd743b0,충남순대,순대,구미새마을중앙시장,전통시장,경상북도,,,
e578fc888aead0e4bc8c,full_annotation_v1,A,q_분식_07,순대,음식점 중 '분식'을 판매·제공하는 매장,test,분식,T2 동의어,9e58c5ba-ca7f-4989-92c2-ce61d3e3a748,엄마순대,순대,대명시장,전통시장,대구광역시,,,
ac47aefe0c8db74039fa,full_annotation_v1,A,q_분식_07,순대,음식점 중 '분식'을 판매·제공하는 매장,test,분식,T2 동의어,04c905ba-3172-4ea4-a6dd-4345d674dea0,덕순이네,제조업(떡집),장터길 골목형상점가,골목형상점가,경기도,,,
b69b56577a996865b27d,full_annotation_v1,A,q_분식_07,순대,음식점 중 '분식'을 판매·제공하는 매장,test,분식,T2 동의어,00719699-eb0c-4473-bda9-7a16eace345e,봉식이옛날왕만두,만두,삼익 골목형상점가,골목형상점가,서울특별시,,,
9dbb60dcb8f1545b088f,full_annotation_v1,A,q_분식_07,순대,음식점 중 '분식'을 판매·제공하는 매장,test,분식,T2 동의어,75daab0d-0646-4795-b563-dce9ff9d4627,소문난순대집,순대,대조시장,전통시장,서울특별시,,,
7983995a80bc840c0d89,full_annotation_v1,A,q_분식_07,순대,음식점 중 '분식'을 판매·제공하는 매장,test,분식,T2 동의어,211324ca-12f2-4666-ba0b-210f0839ffab,일로순대,순대,중앙식료시장(중앙먹통시장),전통시장,전라남도,,,
c17c106ce3e417c6fae5,full_annotation_v1,A,q_분식_07,순대,음식점 중 '분식'을 판매·제공하는 매장,test,분식,T2 동의어,055b0501-9678-421c-9b8d-2994754df728,캠토토스트 계룡대실점,토스트,두마면 대실골목형상점가,골목형상점가,충청남도,,,
22848bf5e786e9e40d2d,full_annotation_v1,A,q_분식_07,순대,음식점 중 '분식'을 판매·제공하는 매장,test,분식,T2 동의어,63b41f33-eba2-4782-8096-fb33a7d9bdf9,2080치과,치과의료서비스,신가동 골목형상점가,골목형상점가,광주광역시,,,
0cf851a1e2b072cd53ea,full_annotation_v1,A,q_분식_07,순대,음식점 중 '분식'을 판매·제공하는 매장,test,분식,T2 동의어,0018c143-a8bd-4461-a8ae-ee348edfad7a,김가네의정부중앙역점,김밥 분식 식사등,의정부시 구도심 상권활성화구역,상권활성화구역,경기도,,,
0ff0ba1edea62d76ae07,full_annotation_v1,A,q_분식_07,순대,음식점 중 '분식'을 판매·제공하는 매장,test,분식,T2 동의어,0b8ef6dc-2f6b-4707-bd73-529122d9c97a,하단떡집,떡집,하단오일상설시장,전통시장,부산광역시,,,
304ab465bb51f683b75c,full_annotation_v1,A,q_분식_07,순대,음식점 중 '분식'을 판매·제공하는 매장,test,분식,T2 동의어,6fe7ad17-0abe-4f39-99dc-012cab9c970a,연서순대국,순대,연서시장,전통시장,서울특별시,,,
9f16414c9a0ad7d0b611,full_annotation_v1,A,q_분식_07,순대,음식점 중 '분식'을 판매·제공하는 매장,test,분식,T2 동의어,00b5a007-bb8d-47db-963d-ccc7e93c25ac,장호덕 손만두 백석점,만두,백석한들1번가 골목형상점가,골목형상점가,충청남도,,,
37b0808c5681b3ac4bec,full_annotation_v1,A,q_분식_07,순대,음식점 중 '분식'을 판매·제공하는 매장,test,분식,T2 동의어,02f03161-3a15-416f-bdd6-8ad5bd17781d,시골참순대,,관저동 먹자골목 골목형상점가,골목형상점가,대전광역시,,,
a12d201def28ba438646,full_annotation_v1,A,q_분식_07,순대,음식점 중 '분식'을 판매·제공하는 매장,test,분식,T2 동의어,868352d1-6046-4dbe-9ab8-d43cd343c164,화성사페인트유리,페인트유리,사강시장,전통시장,경기도,,,
3c1d6572c9474e95b136,full_annotation_v1,A,q_분식_07,순대,음식점 중 '분식'을 판매·제공하는 매장,test,분식,T2 동의어,2786afbe-0bb8-4797-b716-8676969b3127,연변찹쌀순대,순대,남문시장,전통시장,서울특별시,,,
36ea263e47d6270ca359,full_annotation_v1,A,q_분식_07,순대,음식점 중 '분식'을 판매·제공하는 매장,test,분식,T2 동의어,987b4adc-0f18-4749-b0bd-6ca017988030,운수대통,순대,천안중앙시장,전통시장,충청북도,,,
27753feb510a25919675,full_annotation_v1,A,q_분식_07,순대,음식점 중 '분식'을 판매·제공하는 매장,test,분식,T2 동의어,bb5af61f-d6d8-4bdc-bafb-2cfc49ea8362,산동찰순대,순대,예천상설시장,전통시장,경상북도,,,
32bd754a0fcb7bb452b9,full_annotation_v1,A,q_분식_07,순대,음식점 중 '분식'을 판매·제공하는 매장,test,분식,T2 동의어,4ffd300a-7eed-4871-aabc-d923f032b708,소문난순대집,순대,아름다운별장거리골목형상점가,골목형상점가,서울특별시,,,
fc06c424a21782524349,full_annotation_v1,A,q_분식_07,순대,음식점 중 '분식'을 판매·제공하는 매장,test,분식,T2 동의어,a3860486-f95b-4ffc-a4a8-5bd1d9752e80,시장순대,순대,부평종합시장,전통시장,인천광역시,,,
d836964aa4029b88649b,full_annotation_v1,A,q_분식_07,순대,음식점 중 '분식'을 판매·제공하는 매장,test,분식,T2 동의어,bcda8b35-39c5-4e22-b361-668f74ae9b1f,목행순대국,순대,목행시장,전통시장,충청북도,,,
d36cfa31dbb3dea13280,full_annotation_v1,A,q_분식_07,순대,음식점 중 '분식'을 판매·제공하는 매장,test,분식,T2 동의어,f2759b33-1462-41be-8af5-8ff4dbaaa625,큰맘할매순대국,순대,칠성상가시장,전통시장,대구광역시,,,
efcb3c7d983945f0d915,full_annotation_v1,A,q_분식_07,순대,음식점 중 '분식'을 판매·제공하는 매장,test,분식,T2 동의어,75d9805d-c706-4380-b810-7b8cef38c2b2,무심천순대,순대,청주서문시장,전통시장,충청북도,,,
5b2a176e3002f8ff681c,full_annotation_v1,A,q_분식_07,순대,음식점 중 '분식'을 판매·제공하는 매장,test,분식,T2 동의어,8dc431be-20a1-4c0c-857e-07441cb5839b,아이리스네일,미용,공항동먹자골목골목형상점가,골목형상점가,서울특별시,,,
061df48174917480e10f,full_annotation_v1,A,q_분식_07,순대,음식점 중 '분식'을 판매·제공하는 매장,test,분식,T2 동의어,6d73f137-53fe-45f9-8ddd-eb1d99f6a3f1,현스짐,헬스장,매봉 골목형상점가,골목형상점가,광주광역시,,,
2c6cd4ad792b1cdbcd4d,full_annotation_v1,A,q_분식_07,순대,음식점 중 '분식'을 판매·제공하는 매장,test,분식,T2 동의어,007d6b63-4e47-47fa-aaa5-6d0b5cc7280b,도토리김밥계룡엄사점,분식,엄사 골목형상점가,골목형상점가,충청남도,,,
e46186322fe0f273a9ea,full_annotation_v1,A,q_분식_07,순대,음식점 중 '분식'을 판매·제공하는 매장,test,분식,T2 동의어,6066fd58-e559-4065-8673-dd3ecb82ac70,우리집순대,순대,김천평화시장,전통시장,경상북도,,,
df32d53496c48221432a,full_annotation_v1,A,q_분식_07,순대,음식점 중 '분식'을 판매·제공하는 매장,test,분식,T2 동의어,233a2466-6688-44cb-970d-2582678dd0d7,새가덕순대,순대,청주육거리종합시장,전통시장,충청북도,,,
e89d0cffba6359acfc98,full_annotation_v1,A,q_분식_07,순대,음식점 중 '분식'을 판매·제공하는 매장,test,분식,T2 동의어,36cbffde-7ba4-4032-ba91-5cf2b0cc0ecd,이모네손만두,순대,충주자유시장,전통시장,충청북도,,,
908986a19c7a8f57a67a,full_annotation_v1,A,q_분식_07,순대,음식점 중 '분식'을 판매·제공하는 매장,test,분식,T2 동의어,650134d4-3986-4fd4-8408-0a472963af9e,소문난순대,순대,연동시장,전통시장,부산광역시,,,
6af6253fa949be5348cf,full_annotation_v1,A,q_분식_07,순대,음식점 중 '분식'을 판매·제공하는 매장,test,분식,T2 동의어,4b1ed271-ba7d-4d73-bfcc-d9c1bf3870c3,은지순대,순대,별양동상점가,자율상권구역,경기도,,,
536b98610d8d318d1454,full_annotation_v1,A,q_분식_08,토스트 가게,음식점 중 '분식'을 판매·제공하는 매장,test,분식,T2 동의어,571651a7-502f-4ba8-86c5-85ed80fd585c,참토스트,토스트,보은전통시장,전통시장,충청북도,,,
eeec34cd654fde404c77,full_annotation_v1,A,q_분식_08,토스트 가게,음식점 중 '분식'을 판매·제공하는 매장,test,분식,T2 동의어,4cced14f-0320-44d5-bce2-d70127efa9a3,해피토스트,토스트,구포역세권상점가,자율상권구역,부산광역시,,,
c8d5d5d60785ba16cce7,full_annotation_v1,A,q_분식_08,토스트 가게,음식점 중 '분식'을 판매·제공하는 매장,test,분식,T2 동의어,00e34fb5-e7d3-43aa-b574-400ee31abae5,은혜만두,만두,북동 골목형상점가,골목형상점가,광주광역시,,,
4499537a1c756e66e57c,full_annotation_v1,A,q_분식_08,토스트 가게,음식점 중 '분식'을 판매·제공하는 매장,test,분식,T2 동의어,d494ce69-3512-4b13-bf2f-a7048443f7c8,토스트 팜,토스트,담양중앙 골목형상점가,골목형상점가,전라남도,,,
05a771e5c1a09ae44c36,full_annotation_v1,A,q_분식_08,토스트 가게,음식점 중 '분식'을 판매·제공하는 매장,test,분식,T2 동의어,bfa0ca43-a055-4e42-8009-0e73ceeaa43c,이삭토스트,토스트,경주중심상가,전통시장,경상북도,,,
f352a76f19b93a4d8259,full_annotation_v1,A,q_분식_08,토스트 가게,음식점 중 '분식'을 판매·제공하는 매장,test,분식,T2 동의어,d52b963d-16be-4f1b-8eb7-f272f3b83979,강북토스트,토스트,수유중앙골목시장골목형상점가,골목형상점가,서울특별시,,,
e0644c1a365056fca152,full_annotation_v1,A,q_분식_08,토스트 가게,음식점 중 '분식'을 판매·제공하는 매장,test,분식,T2 동의어,7c21ff58-1dd9-41a1-b366-50610036b092,이삭토스트,토스트,흥덕 다채움 골목형 상점가,골목형상점가,경기도,,,
213e21d0121615b86174,full_annotation_v1,A,q_분식_08,토스트 가게,음식점 중 '분식'을 판매·제공하는 매장,test,분식,T2 동의어,1cb4bae3-ad95-477f-b007-329832ebd60e,석봉토스트,토스트,다비치복현로 골목형상점가,골목형상점가,대구광역시,,,
9407c4084176b044bfc6,full_annotation_v1,A,q_분식_08,토스트 가게,음식점 중 '분식'을 판매·제공하는 매장,test,분식,T2 동의어,dc9a803e-49d0-4a41-8534-11f889435106,이삭토스트,토스트,마산 구암시장,전통시장,경상남도,,,
94e1068ad759d8c9f584,full_annotation_v1,A,q_분식_08,토스트 가게,음식점 중 '분식'을 판매·제공하는 매장,test,분식,T2 동의어,0012a3b4-64a1-440c-a76e-f2be12a2f086,튀김집,분식,두암시장주변 골목형상점가,골목형상점가,광주광역시,,,
0a81055fddd3aa9a7787,full_annotation_v1,A,q_분식_08,토스트 가게,음식점 중 '분식'을 판매·제공하는 매장,test,분식,T2 동의어,ff6b8626-c069-47f1-98c9-fd4193dbc11a,골목 토스트,토스트,지범골목먹거리타운 골목형상점가,골목형상점가,대구광역시,,,
2470f6d83150c5e6741a,full_annotation_v1,A,q_분식_08,토스트 가게,음식점 중 '분식'을 판매·제공하는 매장,test,분식,T2 동의어,879f1844-fb01-445a-acf0-aa3b0c8d534d,이삭토스트,토스트,서문대로704번길 골목형상점가,골목형상점가,광주광역시,,,
e6a1dda1761c192edffd,full_annotation_v1,A,q_분식_08,토스트 가게,음식점 중 '분식'을 판매·제공하는 매장,test,분식,T2 동의어,aaef4e51-9e76-45a2-868f-ded4f819e21c,해피토스트,토스트,용두동미르길골목형상점가,골목형상점가,대전광역시,,,
a7454abbc2510b19718e,full_annotation_v1,A,q_분식_08,토스트 가게,음식점 중 '분식'을 판매·제공하는 매장,test,분식,T2 동의어,59ad0290-ff96-4043-bc7a-3b09f96f6951,토스트잇,토스트,낙낙별길골목형상점가,골목형상점가,서울특별시,,,
794454941667f06e6bb6,full_annotation_v1,A,q_분식_08,토스트 가게,음식점 중 '분식'을 판매·제공하는 매장,test,분식,T2 동의어,fffa064e-53c7-4da7-a4ce-ff8a83b68b61,서현탁구클럽,탁구장,효자촌 골목형상점가,골목형상점가,경기도,,,
64543615ee4ccb0f2b37,full_annotation_v1,A,q_분식_08,토스트 가게,음식점 중 '분식'을 판매·제공하는 매장,test,분식,T2 동의어,008594db-d86c-4014-bf5c-16f6cd40402d,와글와글봄소풍,김밥,다사역 골목형상점가,골목형상점가,대구광역시,,,
68fa7f86e347c8ba838e,full_annotation_v1,A,q_분식_08,토스트 가게,음식점 중 '분식'을 판매·제공하는 매장,test,분식,T2 동의어,c5f79209-bb6d-47d6-9cfa-0dac0cb53db4,이삭토스트,토스트,탕정미래 골목형상점가,골목형상점가,충청남도,,,
7c79a9336c4c31f21986,full_annotation_v1,A,q_분식_08,토스트 가게,음식점 중 '분식'을 판매·제공하는 매장,test,분식,T2 동의어,f0c8a0c8-20b4-429f-bbe6-9949b0985eb6,이삭토스트,토스트,봉일천전통시장,전통시장,경기도,,,
bc902c850297ff585422,full_annotation_v1,A,q_분식_08,토스트 가게,음식점 중 '분식'을 판매·제공하는 매장,test,분식,T2 동의어,bfaaa2da-e587-4861-aaf1-d37a1ab737b0,이삭토스트,토스트,금촌문화로시장,전통시장,경기도,,,
71e2267e3e2434275f4f,full_annotation_v1,A,q_분식_08,토스트 가게,음식점 중 '분식'을 판매·제공하는 매장,test,분식,T2 동의어,632452a9-6492-44b4-b8ec-ae4d7b198823,바른약국,,황금수정 골목형상점가,골목형상점가,부산광역시,,,
2ca2ac6bc8a4c6bf3965,full_annotation_v1,A,q_분식_08,토스트 가게,음식점 중 '분식'을 판매·제공하는 매장,test,분식,T2 동의어,a66caa12-d548-45f7-9d03-dd9ca062cdbb,민씨네토스트,토스트,의정부제일시장,전통시장,경기도,,,
7493149fe4d09e161ac4,full_annotation_v1,A,q_분식_08,토스트 가게,음식점 중 '분식'을 판매·제공하는 매장,test,분식,T2 동의어,045215f0-9db0-4054-8c69-702841941f01,문토스트용호점,카페토스트,용호1동골목시장,전통시장,부산광역시,,,
0815929d8405fca2be12,full_annotation_v1,A,q_분식_08,토스트 가게,음식점 중 '분식'을 판매·제공하는 매장,test,분식,T2 동의어,e641e98e-0a5d-4efd-8aa3-3ba6b41a24af,도야짬뽕 쌍촌점,중식,참샘상인회 골목형상점가,골목형상점가,광주광역시,,,
945cb9cfcaa492c7fa6f,full_annotation_v1,A,q_분식_08,토스트 가게,음식점 중 '분식'을 판매·제공하는 매장,test,분식,T2 동의어,001bda4f-046f-44c5-b084-8de630ac405a,김밥윤,김밥 등,보람동 골목형상점가,골목형상점가,세종특별자치시,,,
a459b3c51011a22afdba,full_annotation_v1,A,q_분식_08,토스트 가게,음식점 중 '분식'을 판매·제공하는 매장,test,분식,T2 동의어,18d4d63a-b5ce-4f82-b01a-e8c2fa7df0ef,청담네일,미용,풍암신암상인회 골목형상점가,골목형상점가,광주광역시,,,
fcbf5248b3513d97cfc4,full_annotation_v1,A,q_분식_08,토스트 가게,음식점 중 '분식'을 판매·제공하는 매장,test,분식,T2 동의어,3ac9d5d9-24a6-4b8f-99c2-bf11e49e1b19,토피,토스트,쌍학로상인회 골목형상점가,골목형상점가,광주광역시,,,
50aa26172bad5b67068e,full_annotation_v1,A,q_분식_08,토스트 가게,음식점 중 '분식'을 판매·제공하는 매장,test,분식,T2 동의어,aada6bd5-f29d-48fd-ab64-369bcc6bc80a,종점토스트,토스트,사근살곶이골목형상점가,골목형상점가,서울특별시,,,
706f948778897ed687a0,full_annotation_v1,A,q_분식_08,토스트 가게,음식점 중 '분식'을 판매·제공하는 매장,test,분식,T2 동의어,9669d3c3-9aac-4389-82c4-5558ebead83c,입터진토스트,토스트,점촌역전상점가,자율상권구역,경상북도,,,
39a6306661287dcacd4c,full_annotation_v1,A,q_분식_08,토스트 가게,음식점 중 '분식'을 판매·제공하는 매장,test,분식,T2 동의어,3013157f-f6af-410b-bd85-835da2901559,이삭토스트안산선부점,토스트,선부광장로상점가,자율상권구역,경기도,,,
916141b611b8ac0e0be6,full_annotation_v1,A,q_분식_08,토스트 가게,음식점 중 '분식'을 판매·제공하는 매장,test,분식,T2 동의어,005313c8-dce8-49b6-9841-9143ebb1305a,동원떡집,,박달시장,전통시장,경기도,,,
b1f2e00c835e027f3a7a,full_annotation_v1,A,q_분식_08,토스트 가게,음식점 중 '분식'을 판매·제공하는 매장,test,분식,T2 동의어,0018c143-a8bd-4461-a8ae-ee348edfad7a,김가네의정부중앙역점,김밥 분식 식사등,의정부시 구도심 상권활성화구역,상권활성화구역,경기도,,,
76aa5004b35100ce1790,full_annotation_v1,A,q_분식_08,토스트 가게,음식점 중 '분식'을 판매·제공하는 매장,test,분식,T2 동의어,823d6c6a-120d-41d9-8135-b580f252a6fd,이삭토스트,토스트,강진중앙로상가,자율상권구역,전라남도,,,
705d474499abd116d24d,full_annotation_v1,A,q_분식_08,토스트 가게,음식점 중 '분식'을 판매·제공하는 매장,test,분식,T2 동의어,bc3ce2ea-c112-4dd8-bfca-40b10f0ab716,이삭토스트,토스트,여수진남상가,자율상권구역,전라남도,,,
5959852a831fdd92977e,full_annotation_v1,A,q_분식_08,토스트 가게,음식점 중 '분식'을 판매·제공하는 매장,test,분식,T2 동의어,53fe0534-a6d9-4a0f-8898-8e185a6f5de3,토스트굽는사람들,토스트,솔올중앞골목형상점가,골목형상점가,강원특별자치도,,,
67a68063facf58333e84,full_annotation_v1,A,q_분식_08,토스트 가게,음식점 중 '분식'을 판매·제공하는 매장,test,분식,T2 동의어,b41ac99b-b7d9-4ba2-9d20-a7633d66a792,의왕토스트,토스트,의왕도깨비시장,전통시장,경기도,,,
d9d2025b7a47f958b759,full_annotation_v1,A,q_분식_08,토스트 가게,음식점 중 '분식'을 판매·제공하는 매장,test,분식,T2 동의어,02f03161-3a15-416f-bdd6-8ad5bd17781d,시골참순대,,관저동 먹자골목 골목형상점가,골목형상점가,대전광역시,,,
15859846e68f9c83403d,full_annotation_v1,A,q_분식_08,토스트 가게,음식점 중 '분식'을 판매·제공하는 매장,test,분식,T2 동의어,735eb2c7-ac22-4462-a0ca-6d8ed657beee,이삭토스트군포산본점,토스트,산본로데오거리(구 산본중심상가),자율상권구역,경기도,,,
24f42b9e663f3d646a28,full_annotation_v1,A,q_분식_08,토스트 가게,음식점 중 '분식'을 판매·제공하는 매장,test,분식,T2 동의어,2fbc0cfc-59e6-483e-a7c1-f934df63eeef,이삭토스트,토스트,풍동온누리 골목형상점가,골목형상점가,경기도,,,
1d025be8570f85e4975e,full_annotation_v1,A,q_분식_08,토스트 가게,음식점 중 '분식'을 판매·제공하는 매장,test,분식,T2 동의어,b3e64d4f-deb1-4871-883b-6d67067a66ec,토스트굽는사람들,토스트,청계면 목대후문 골목형상점가,골목형상점가,전라남도,,,
869a0796910fd6c4ba76,full_annotation_v1,A,q_분식_08,토스트 가게,음식점 중 '분식'을 판매·제공하는 매장,test,분식,T2 동의어,0b8ef6dc-2f6b-4707-bd73-529122d9c97a,하단떡집,떡집,하단오일상설시장,전통시장,부산광역시,,,
ebdba6b5e85feb9b818c,full_annotation_v1,A,q_분식_08,토스트 가게,음식점 중 '분식'을 판매·제공하는 매장,test,분식,T2 동의어,f2b80a63-fb33-456e-ae44-7f56542893ea,이삭,토스트,괴정가장로 골목형상점가,골목형상점가,대전광역시,,,
6d6e0fbfc448013b178a,full_annotation_v1,A,q_분식_08,토스트 가게,음식점 중 '분식'을 판매·제공하는 매장,test,분식,T2 동의어,1f901d50-87f5-4410-9a23-c2fe9724598a,이삭토스트장대점,토스트,장대동패션상가 골목형상점가,골목형상점가,대전광역시,,,
43212af45ee464b69873,full_annotation_v1,A,q_분식_08,토스트 가게,음식점 중 '분식'을 판매·제공하는 매장,test,분식,T2 동의어,5a16b296-499e-4617-a612-77884dc449c0,이삭토스트,토스트,노원역9번출구 골목형상점가,골목형상점가,서울특별시,,,
c279d40a90c8ccdec474,full_annotation_v1,A,q_분식_08,토스트 가게,음식점 중 '분식'을 판매·제공하는 매장,test,분식,T2 동의어,34218f54-4b29-4ff5-ada0-dc0f7681ce56,프린스토스트,토스트,세종전통시장,전통시장,세종특별자치시,,,
2b8462124603a61b1da7,full_annotation_v1,A,q_분식_08,토스트 가게,음식점 중 '분식'을 판매·제공하는 매장,test,분식,T2 동의어,791b6f45-8730-4b17-bba6-1c5e4b6bca48,캠토,토스트,법원 앞 사과마을 골목형상점가,골목형상점가,광주광역시,,,
37b114cb51ff89ea068b,full_annotation_v1,A,q_분식_08,토스트 가게,음식점 중 '분식'을 판매·제공하는 매장,test,분식,T2 동의어,fc7b6a6e-9f9c-4281-a22e-581ebddfa13f,풍암섬진강 다슬기수제비,한식,풍암운리중상인회 골목형상점가,골목형상점가,광주광역시,,,
c281b20b592a4ba22457,full_annotation_v1,A,q_분식_08,토스트 가게,음식점 중 '분식'을 판매·제공하는 매장,test,분식,T2 동의어,6cf819a2-011a-4ae7-9749-c809f0724291,알찬토스트,토스트,물베기 골목형상점가,골목형상점가,대구광역시,,,
ca46df2d1bb99a663042,full_annotation_v1,A,q_분식_08,토스트 가게,음식점 중 '분식'을 판매·제공하는 매장,test,분식,T2 동의어,bf791422-7a32-4b25-9436-61b41a60f22a,"또,토스트",,매곡신천 골목형상점가,골목형상점가,울산광역시,,,
bffe1807ea692b0d790b,full_annotation_v1,A,q_분식_08,토스트 가게,음식점 중 '분식'을 판매·제공하는 매장,test,분식,T2 동의어,04b03558-95d1-4a0e-a9e2-9a9e72bdadb2,배가찐왕만두,만두,문흥2동 골목형상점가,골목형상점가,광주광역시,,,
b177f9bdc7f20f9296fb,full_annotation_v1,A,q_분식_08,토스트 가게,음식점 중 '분식'을 판매·제공하는 매장,test,분식,T2 동의어,e14a35ef-257b-4998-9fa3-d997baebd199,캠토토스트,토스트,직산읍삼은1번가골목형상점가,골목형상점가,충청남도,,,
429d0e885e7b1cfb94c4,full_annotation_v1,A,q_분식_08,토스트 가게,음식점 중 '분식'을 판매·제공하는 매장,test,분식,T2 동의어,c15b7d24-b90f-4edb-a4d7-38d243dad39e,가게,담배,대명시장,전통시장,대구광역시,,,
c8a7fa0c94f33693b89e,full_annotation_v1,A,q_분식_08,토스트 가게,음식점 중 '분식'을 판매·제공하는 매장,test,분식,T2 동의어,a73c81f3-a1cc-4a81-a8b0-0953db4a54e7,홍주,"의류, 주얼리",의정부제일시장,전통시장,경기도,,,
9e5cdff176926dcc16cb,full_annotation_v1,A,q_분식_08,토스트 가게,음식점 중 '분식'을 판매·제공하는 매장,test,분식,T2 동의어,00783b5c-54fd-42fc-8bcf-1ea7fce865d5,쫀득분식,분식,임방울거리3구역 골목형상점가,골목형상점가,광주광역시,,,
9567f8621c2b56378037,full_annotation_v1,A,q_분식_08,토스트 가게,음식점 중 '분식'을 판매·제공하는 매장,test,분식,T2 동의어,b753f8b8-41d4-4a7a-9e45-90fbbce7493b,지구토스트,토스트,큰방림길 골목형상점가,골목형상점가,광주광역시,,,
7c4180beadd05d618edb,full_annotation_v1,A,q_분식_08,토스트 가게,음식점 중 '분식'을 판매·제공하는 매장,test,분식,T2 동의어,04c905ba-3172-4ea4-a6dd-4345d674dea0,덕순이네,제조업(떡집),장터길 골목형상점가,골목형상점가,경기도,,,
91f90e56237f8cc3c6de,full_annotation_v1,A,q_분식_08,토스트 가게,음식점 중 '분식'을 판매·제공하는 매장,test,분식,T2 동의어,0e3e29e3-1841-4324-a9ea-88e6bba873d8,봉천토스트,토스트 와플,봉천달빛길골목형상점가,골목형상점가,서울특별시,,,
3b19949855e61a800401,full_annotation_v1,A,q_분식_08,토스트 가게,음식점 중 '분식'을 판매·제공하는 매장,test,분식,T2 동의어,007d6b63-4e47-47fa-aaa5-6d0b5cc7280b,도토리김밥계룡엄사점,분식,엄사 골목형상점가,골목형상점가,충청남도,,,
6ae929be08c16d0c3c1e,full_annotation_v1,A,q_분식_08,토스트 가게,음식점 중 '분식'을 판매·제공하는 매장,test,분식,T2 동의어,0a891050-80f2-4423-a5a4-fbd505f1e519,이삭토스트 대전테크노밸리점,토스트,테크노밸리 골목형상점가,골목형상점가,대전광역시,,,
88c617620f0f0318e3cf,full_annotation_v1,A,q_분식_08,토스트 가게,음식점 중 '분식'을 판매·제공하는 매장,test,분식,T2 동의어,0ab4b1bd-93f1-4d46-b012-abfc9b1328dc,브라운토스트,"토스트, 음료",구즉 골목형상점가,골목형상점가,대전광역시,,,
1ea57b5fa2b36ff37394,full_annotation_v1,A,q_분식_08,토스트 가게,음식점 중 '분식'을 판매·제공하는 매장,test,분식,T2 동의어,04a91b86-3405-4f8d-b0b8-eac86f3907c4,연지동토스트,커피토스트,연지시장,전통시장,부산광역시,,,
d9f907d64c7fb6362703,full_annotation_v1,A,q_분식_08,토스트 가게,음식점 중 '분식'을 판매·제공하는 매장,test,분식,T2 동의어,a8df6df7-bb3a-4f36-af8f-a199692e6d83,이삭토스트태백점,토스트,태백중앙로상점가,자율상권구역,강원특별자치도,,,
7cf5b352fb5cb89e3b4e,full_annotation_v1,A,q_분식_08,토스트 가게,음식점 중 '분식'을 판매·제공하는 매장,test,분식,T2 동의어,6e6af143-774d-4846-ad49-8e8ff1216e8a,이삭토스트,토스트,양북시장,전통시장,경상북도,,,
ee5f625accb1271317d5,full_annotation_v1,A,q_분식_08,토스트 가게,음식점 중 '분식'을 판매·제공하는 매장,test,분식,T2 동의어,015915e3-2542-4245-b627-0c775b4c5501,한내떡집,,거제 고현시장,전통시장,경상남도,,,
7c8e1a9f82463b03b539,full_annotation_v1,A,q_분식_08,토스트 가게,음식점 중 '분식'을 판매·제공하는 매장,test,분식,T2 동의어,1e65101f-32fc-4097-bb9d-adce389eace0,모두(modoo),가방 잡화 악세사리,진주 로데오거리상점가,자율상권구역,경상남도,,,
1dc432e09a4e81815a7f,full_annotation_v1,A,q_분식_08,토스트 가게,음식점 중 '분식'을 판매·제공하는 매장,test,분식,T2 동의어,f68126ee-7e4f-468a-aefc-ceecde6b5d1e,써니토스트,토스트,주막거리상점가,자율상권구역,경기도,,,
22d693d3290759397aec,full_annotation_v1,A,q_분식_08,토스트 가게,음식점 중 '분식'을 판매·제공하는 매장,test,분식,T2 동의어,d7deddae-1c66-4aec-8659-a6c0d4dff790,더페이스샵 부산진역점,,황금수정 골목형상점가,골목형상점가,부산광역시,,,
bbd1377c3dd5ed2dbe57,full_annotation_v1,A,q_분식_08,토스트 가게,음식점 중 '분식'을 판매·제공하는 매장,test,분식,T2 동의어,0239c4e7-2ae3-4f29-8952-19c6d9d1d9a9,세번째집,순대국밥,성환이화시장,전통시장,충청남도,,,
f94ec1a1f33ee9145f73,full_annotation_v1,A,q_분식_08,토스트 가게,음식점 중 '분식'을 판매·제공하는 매장,test,분식,T2 동의어,c7c286d3-3448-4277-91ad-8c031c520f72,길거리토스트,토스트,홍천시장(홍천구시장),전통시장,강원특별자치도,,,
1a6f0d727a357b5abfe5,full_annotation_v1,A,q_분식_08,토스트 가게,음식점 중 '분식'을 판매·제공하는 매장,test,분식,T2 동의어,00b5a007-bb8d-47db-963d-ccc7e93c25ac,장호덕 손만두 백석점,만두,백석한들1번가 골목형상점가,골목형상점가,충청남도,,,
754b7c2b9d3055bce792,full_annotation_v1,A,q_분식_08,토스트 가게,음식점 중 '분식'을 판매·제공하는 매장,test,분식,T2 동의어,8f1ab898-c235-484c-8412-21943c8b7a2d,하은이네반찬 가게,채소,용호1동골목시장,전통시장,부산광역시,,,
898cf35ae093feb06062,full_annotation_v1,A,q_분식_08,토스트 가게,음식점 중 '분식'을 판매·제공하는 매장,test,분식,T2 동의어,cb7f488f-df80-422b-8329-0133d6512dd0,이삭토스트,토스트,광교매탄 골목형상점가,골목형상점가,경기도,,,
a261bdfcb309c75a61c0,full_annotation_v1,A,q_분식_08,토스트 가게,음식점 중 '분식'을 판매·제공하는 매장,test,분식,T2 동의어,055b0501-9678-421c-9b8d-2994754df728,캠토토스트 계룡대실점,토스트,두마면 대실골목형상점가,골목형상점가,충청남도,,,
1a1e6ac46df47d805a9a,full_annotation_v1,A,q_분식_08,토스트 가게,음식점 중 '분식'을 판매·제공하는 매장,test,분식,T2 동의어,abf9b0a8-af7d-4fd8-873c-127805d537b0,이삭토스트,토스트,금촌문화로시장,전통시장,경기도,,,
d2dae42a42749f2ed573,full_annotation_v1,A,q_분식_08,토스트 가게,음식점 중 '분식'을 판매·제공하는 매장,test,분식,T2 동의어,00e9517a-1887-4acf-b072-10c7cadf9512,불닭발 땡초 동대문 엽기 떡볶이,분식,유엔남구 대학로 상권,,부산광역시,,,
1300505b23d771251a87,full_annotation_v1,A,q_분식_08,토스트 가게,음식점 중 '분식'을 판매·제공하는 매장,test,분식,T2 동의어,b3ac6b49-8187-42d1-b5a5-71f05a69212c,알리바이 쌍촌점,잡화,참샘상인회 골목형상점가,골목형상점가,광주광역시,,,
5de3a86c95e6294fd46e,full_annotation_v1,A,q_분식_08,토스트 가게,음식점 중 '분식'을 판매·제공하는 매장,test,분식,T2 동의어,01853453-69ac-4f55-9cd8-09e40088ab59,가마솥왕만두,만두,울산번개시장,전통시장,울산광역시,,,
f5e2a09b18852b3956e6,full_annotation_v1,A,q_분식_08,토스트 가게,음식점 중 '분식'을 판매·제공하는 매장,test,분식,T2 동의어,53c62e04-00f6-4ee5-a01c-3f3bb5690597,할매국시,일반음식,거제 고현 골목형상점가,골목형상점가,경상남도,,,
96cf41bd84a83c9ba302,full_annotation_v1,A,q_분식_08,토스트 가게,음식점 중 '분식'을 판매·제공하는 매장,test,분식,T2 동의어,00719699-eb0c-4473-bda9-7a16eace345e,봉식이옛날왕만두,만두,삼익 골목형상점가,골목형상점가,서울특별시,,,
3ec8dfaacc9b7e99bcbb,full_annotation_v1,A,q_분식_08,토스트 가게,음식점 중 '분식'을 판매·제공하는 매장,test,분식,T2 동의어,00ca89c2-42a8-432d-ba4b-5abd23c18ab0,계란밥,계란밥분식,시청역상가번영회 골목형상점가,골목형상점가,광주광역시,,,
19b661c29da5968fc9e4,full_annotation_v1,A,q_분식_08,토스트 가게,음식점 중 '분식'을 판매·제공하는 매장,test,분식,T2 동의어,0011cf6d-567e-4c3b-b113-363daa11212a,김밥먹고 닭꼬치,,배방상점가,자율상권구역,충청남도,,,
e775fafccb45011dc61f,full_annotation_v1,A,q_분식_08,토스트 가게,음식점 중 '분식'을 판매·제공하는 매장,test,분식,T2 동의어,4a0bbb0d-f2cc-4eef-943a-39446582d12a,금동이네토스트,토스트,대림시장,전통시장,서울특별시,,,
4adf5b1940e6ded97aa7,full_annotation_v1,A,q_분식_08,토스트 가게,음식점 중 '분식'을 판매·제공하는 매장,test,분식,T2 동의어,4086b2ed-1add-4291-9a3e-b863d2c0c948,본죽&비빔밥,죽 비빔밥,정읍연지상점가,자율상권구역,전북특별자치도,,,
b3f06aaf7ccb71470097,full_annotation_v1,A,q_분식_08,토스트 가게,음식점 중 '분식'을 판매·제공하는 매장,test,분식,T2 동의어,8d37151e-2b4d-4129-a3f3-e700da455787,경주과일가게,과일,언양알프스시장,전통시장,울산광역시,,,
74b151c3529cd57e8d4d,full_annotation_v1,A,q_분식_08,토스트 가게,음식점 중 '분식'을 판매·제공하는 매장,test,분식,T2 동의어,00e30e6c-dde0-49cd-9e3e-95465aa4247e,동해분식,분식,서남신시장,전통시장,대구광역시,,,
150213c4d8781df926c9,full_annotation_v1,A,q_분식_08,토스트 가게,음식점 중 '분식'을 판매·제공하는 매장,test,분식,T2 동의어,f5ffa8a6-3205-49fc-97a7-2803e1baf8aa,이삭토스트,토스트,조대장미의거리 상점가,자율상권구역,광주광역시,,,
587e35055c77fa8b7765,full_annotation_v1,A,q_분식_08,토스트 가게,음식점 중 '분식'을 판매·제공하는 매장,test,분식,T2 동의어,0910caae-ad67-4ef3-934e-fff4c6059206,참토스트 대전학하점,토스트,계산동 골목형상점가,골목형상점가,대전광역시,,,
d3a01b8d17416d307f70,full_annotation_v1,A,q_분식_08,토스트 가게,음식점 중 '분식'을 판매·제공하는 매장,test,분식,T2 동의어,d8dac4f2-ae73-4708-8110-6cfb90bc3ce1,봉평산골메밀촌,한식,수락산디자인거리 골목형상점가,골목형상점가,서울특별시,,,
78a9e9417a1c276d67cb,full_annotation_v1,A,q_분식_08,토스트 가게,음식점 중 '분식'을 판매·제공하는 매장,test,분식,T2 동의어,e3bc1b64-cd2f-4464-b19b-f84fc0880053,이삭토스트,토스트,효행구봉담상점가,골목형상점가,경기도,,,
77afeca7d0f12915d858,full_annotation_v1,A,q_분식_08,토스트 가게,음식점 중 '분식'을 판매·제공하는 매장,test,분식,T2 동의어,7162a8e5-1a46-4423-af77-58bb2ee7e5b1,해피토스트,토스트,아진상가,골목형상점가,울산광역시,,,
0926d2c292ef3cdda016,full_annotation_v1,A,q_분식_08,토스트 가게,음식점 중 '분식'을 판매·제공하는 매장,test,분식,T2 동의어,d10e55c5-2306-43af-9ce7-ec852fe87158,이삭토스트,토스트,안양1번가 상점가,자율상권구역,경기도,,,
81088f3eb52bf3b83462,full_annotation_v1,A,q_분식_08,토스트 가게,음식점 중 '분식'을 판매·제공하는 매장,test,분식,T2 동의어,a9a5dcef-dfd4-4533-8d9d-1ac236df88a6,다인토스트,토스트,안양중앙인정시장,전통시장,경기도,,,
2e6a00403ff618b2617a,full_annotation_v1,A,q_분식_08,토스트 가게,음식점 중 '분식'을 판매·제공하는 매장,test,분식,T2 동의어,3e702233-f4a9-44a6-9a7b-4cde61cd8602,역전토스트,토스트,정읍연지상점가,자율상권구역,전북특별자치도,,,
469aeb8c6a37e73a2c62,full_annotation_v1,A,q_분식_08,토스트 가게,음식점 중 '분식'을 판매·제공하는 매장,test,분식,T2 동의어,34f7b22e-5d0b-4275-a9c0-68b7a056f223,이삭토스트,토스트,건대로데오거리골목형상점가,골목형상점가,서울특별시,,,
b0ea467773efbb16438f,full_annotation_v1,A,q_분식_08,토스트 가게,음식점 중 '분식'을 판매·제공하는 매장,test,분식,T2 동의어,89699db0-c7a6-413d-a6d7-aa9740300d49,토스트클럽,토스트,마산 창동통합상가,자율상권구역,경상남도,,,
5d0745b848801d9efd8f,full_annotation_v1,A,q_분식_08,토스트 가게,음식점 중 '분식'을 판매·제공하는 매장,test,분식,T2 동의어,024c1f10-1fe0-4be3-8bde-6465f5cd8c43,오늘은 떡볶이,"떡볶이, 튀김, 순대 등",석촌시장,전통시장,서울특별시,,,
1d16cef863a4f1158332,full_annotation_v1,A,q_분식_08,토스트 가게,음식점 중 '분식'을 판매·제공하는 매장,test,분식,T2 동의어,d51366d9-e3fd-4cb7-a2f5-42ea85c622d4,캠토,토스트,장안문거북시장,전통시장,경기도,,,
13ad2077759b2079d752,full_annotation_v1,A,q_분식_08,토스트 가게,음식점 중 '분식'을 판매·제공하는 매장,test,분식,T2 동의어,17e52c14-4678-4a22-ae10-305f9c60d64c,이삭토스트가정루원시티점,토스트,루원음식문화거리,골목형상점가,인천광역시,,,
87311855f00b5d8f1920,full_annotation_v1,A,q_분식_08,토스트 가게,음식점 중 '분식'을 판매·제공하는 매장,test,분식,T2 동의어,29b05536-85ca-4c29-8a57-81ac12f5cc43,유명토스트,토스트,구서오시게시장,전통시장,부산광역시,,,
9b2eeb4370956c6bca00,full_annotation_v1,A,q_분식_08,토스트 가게,음식점 중 '분식'을 판매·제공하는 매장,test,분식,T2 동의어,00ec6d6a-b0c1-4662-b17f-9c9f059a4bcd,백암서울순대국,순대국,강서구청먹자골목골목형상점가,골목형상점가,서울특별시,,,
ed21d79ebe62bfffdf9e,full_annotation_v1,A,q_분식_08,토스트 가게,음식점 중 '분식'을 판매·제공하는 매장,test,분식,T2 동의어,25d9e7a8-8d2b-48ac-b3aa-5fe368fcf055,노원토스트,토스트,상계중앙시장,전통시장,서울특별시,,,
25d2b0afccf95d7fb069,full_annotation_v1,A,q_분식_08,토스트 가게,음식점 중 '분식'을 판매·제공하는 매장,test,분식,T2 동의어,3064c2e9-f131-413e-8804-a1f89662d905,참토스트,토스트,하남 골목형상점가,골목형상점가,광주광역시,,,
6f2084d761bf801cf1b2,full_annotation_v1,A,q_분식_08,토스트 가게,음식점 중 '분식'을 판매·제공하는 매장,test,분식,T2 동의어,0075dacf-3e3f-47b8-a4af-d3a2ff866348,북툰커피앤카페,찐빵 만두 커피,신창진흥 골목형상점가,골목형상점가,광주광역시,,,
73cbe3579fdc8fac4ea3,full_annotation_v1,A,q_분식_08,토스트 가게,음식점 중 '분식'을 판매·제공하는 매장,test,분식,T2 동의어,f8260db0-d50e-4fcc-91d2-0e043e00ca7f,토스트랑,토스트,개봉중앙골목형상점가,골목형상점가,서울특별시,,,
481b6f10d9b069c0af0a,full_annotation_v1,A,q_분식_08,토스트 가게,음식점 중 '분식'을 판매·제공하는 매장,test,분식,T2 동의어,7d2264da-5ceb-4179-a616-cf9613a693d3,냥냥토스트,토스트,진해 군항상권활성화구역,상권활성화구역,경상남도,,,
43ec4b692539ab7f53e2,full_annotation_v1,A,q_분식_08,토스트 가게,음식점 중 '분식'을 판매·제공하는 매장,test,분식,T2 동의어,11a1c53b-1aea-4dd1-9d3e-a613bfb76cb0,요한이네 토스트,"커피, 토스트, 음료",독산동 맛나는거리 상점가,자율상권구역,서울특별시,,,
ec305f78a1efef54b0c1,full_annotation_v1,A,q_분식_08,토스트 가게,음식점 중 '분식'을 판매·제공하는 매장,test,분식,T2 동의어,d7a7ad09-c01b-4f58-a47c-15cb67cd2662,아이젠트리안경고현점,안경 콘텍트,거제 고현 골목형상점가,골목형상점가,경상남도,,,
084b52140c4e0a412a2b,full_annotation_v1,A,q_분식_08,토스트 가게,음식점 중 '분식'을 판매·제공하는 매장,test,분식,T2 동의어,723dc3b7-f79f-4866-aea0-86581998a4ee,봉순언니토스트,토스트,창원 명서시장,전통시장,경상남도,,,
e2645516234eceffc7fa,full_annotation_v1,A,q_분식_08,토스트 가게,음식점 중 '분식'을 판매·제공하는 매장,test,분식,T2 동의어,55c321c5-abd4-4182-99af-1b678b27a6df,정토스트,토스트,청주북부시장,전통시장,충청북도,,,
5d8f8bd4e90333c2e22e,full_annotation_v1,A,q_분식_08,토스트 가게,음식점 중 '분식'을 판매·제공하는 매장,test,분식,T2 동의어,d238fa62-8188-4122-a9b5-a2479f7a841d,석봉토스트,토스트,대현프리몰 대구점,일반지하상점가,대구광역시,,,
9d992e7c1c039996918f,full_annotation_v1,A,q_분식_08,토스트 가게,음식점 중 '분식'을 판매·제공하는 매장,test,분식,T2 동의어,064d899b-c65a-4b75-9a15-9ca1eaf707f4,이삭토스트,토스트 등,매탄중심상가 골목형상점가,골목형상점가,경기도,,,
f539aa50a12a819eddf5,full_annotation_v1,A,q_분식_08,토스트 가게,음식점 중 '분식'을 판매·제공하는 매장,test,분식,T2 동의어,98fa1cbe-3566-483a-ad8a-0c5014d57659,해피토스트,토스트,안동광석거리 골목형상점가,골목형상점가,경상북도,,,
21fa5140af40737e269b,full_annotation_v1,A,q_분식_08,토스트 가게,음식점 중 '분식'을 판매·제공하는 매장,test,분식,T2 동의어,18981922-65de-449b-a737-62f8f6152e7a,그린라이프,도소매(란제리),신원시장,전통시장,서울특별시,,,
30235a7562ba2736e295,full_annotation_v1,A,q_분식_08,토스트 가게,음식점 중 '분식'을 판매·제공하는 매장,test,분식,T2 동의어,016f68a3-c16f-467c-af96-22466baf3a6a,쉬즈베이글,토스트,읍내리 원도심 골목형상점가,골목형상점가,전라남도,,,
0e402a5011dca1f2359b,full_annotation_v1,A,q_분식_08,토스트 가게,음식점 중 '분식'을 판매·제공하는 매장,test,분식,T2 동의어,017c71f5-48d0-4cce-a370-a84d34d36658,무봉리토종순대국파주운정점,,산내마을 골목형상점가,골목형상점가,경기도,,,
96ff6e36191a40e47ae9,full_annotation_v1,A,q_분식_08,토스트 가게,음식점 중 '분식'을 판매·제공하는 매장,test,분식,T2 동의어,001cb3d4-5441-4963-b517-d5b3904ee312,현창떡집,떡집,목포동부시장,전통시장,전라남도,,,
7a51c6507d424ada2d33,full_annotation_v1,A,q_분식_08,토스트 가게,음식점 중 '분식'을 판매·제공하는 매장,test,분식,T2 동의어,89a3527c-c5d6-4d00-a9e5-6c82fde94c00,인월지업사,도배,남원인월시장,전통시장,전북특별자치도,,,
23659d8c63708752a81f,full_annotation_v1,A,q_분식_08,토스트 가게,음식점 중 '분식'을 판매·제공하는 매장,test,분식,T2 동의어,49efea61-51b8-4d68-bc82-027f6529e5aa,캠토토스트,토스트,계림 재미로 골목형상점가,골목형상점가,광주광역시,,,
ab4c88fecbbdb18053ed,full_annotation_v1,A,q_분식_08,토스트 가게,음식점 중 '분식'을 판매·제공하는 매장,test,분식,T2 동의어,7670dbad-2255-4570-8c5c-28dc32150760,샌토락,토스트,금왕중심골목형상점가,골목형상점가,충청북도,,,
3a0ade58599c6f982b21,full_annotation_v1,A,q_분식_08,토스트 가게,음식점 중 '분식'을 판매·제공하는 매장,test,분식,T2 동의어,00b5a60c-c548-4ac2-8259-9bb788c0fc58,까치김밥,김밥식사류,신림별빛거리골목형상점가,골목형상점가,서울특별시,,,
f34ae62b5f0cb1fdce6d,full_annotation_v1,A,q_분식_08,토스트 가게,음식점 중 '분식'을 판매·제공하는 매장,test,분식,T2 동의어,f0f57c1f-c1e2-4c1a-8a9b-7e08e0a51e2e,이삭토스트중앙점,토스트,원주중앙로문화의거리,자율상권구역,강원특별자치도,,,
d17ba552a8d94aaa1690,full_annotation_v1,A,q_분식_09,간단히 분식 먹을 데,음식점 중 '분식'을 판매·제공하는 매장,test,분식,T4 구어·문장,29319f9e-57f3-4fae-a101-9c3295234972,김밥나라,분식,신안동광주역앞상가 골목형상점가,골목형상점가,광주광역시,,,
c84a0ec173e8eaf65647,full_annotation_v1,A,q_분식_09,간단히 분식 먹을 데,음식점 중 '분식'을 판매·제공하는 매장,test,분식,T4 구어·문장,00e9517a-1887-4acf-b072-10c7cadf9512,불닭발 땡초 동대문 엽기 떡볶이,분식,유엔남구 대학로 상권,,부산광역시,,,
c8284a90be689f7a284e,full_annotation_v1,A,q_분식_09,간단히 분식 먹을 데,음식점 중 '분식'을 판매·제공하는 매장,test,분식,T4 구어·문장,7a990f9f-3e45-479c-a1a0-34ea0e7eadb7,나리네분식,간단먹거리,남대문시장,전통시장,서울특별시,,,
5eda7fd6cb9ffbd52885,full_annotation_v1,A,q_분식_09,간단히 분식 먹을 데,음식점 중 '분식'을 판매·제공하는 매장,test,분식,T4 구어·문장,93896569-1f05-47ad-ae55-34977c81045b,튀겨볶아,분식,신기시장,전통시장,인천광역시,,,
ad7aaf263ed5eb957ccd,full_annotation_v1,A,q_분식_09,간단히 분식 먹을 데,음식점 중 '분식'을 판매·제공하는 매장,test,분식,T4 구어·문장,93a08c47-c8ec-4189-9529-1b01ec1d729c,빨간오뎅,분식,남성사계시장,전통시장,서울특별시,,,
636fcd537bf75b28012a,full_annotation_v1,A,q_분식_09,간단히 분식 먹을 데,음식점 중 '분식'을 판매·제공하는 매장,test,분식,T4 구어·문장,650fb1c8-2fb9-4884-9010-f52f0279d69c,담안분식,분식,창원 대동그린코아상가,전통시장,경상남도,,,
74df2dd75af03c933edc,full_annotation_v1,A,q_분식_09,간단히 분식 먹을 데,음식점 중 '분식'을 판매·제공하는 매장,test,분식,T4 구어·문장,9bc282e8-8fda-4476-8875-9d565d52a13a,이태원분식,분식,경리단길 골목형상점가,골목형상점가,서울특별시,,,
8557b81f741c68a5f16a,full_annotation_v1,A,q_분식_09,간단히 분식 먹을 데,음식점 중 '분식'을 판매·제공하는 매장,test,분식,T4 구어·문장,0018c143-a8bd-4461-a8ae-ee348edfad7a,김가네의정부중앙역점,김밥 분식 식사등,의정부시 구도심 상권활성화구역,상권활성화구역,경기도,,,
b4bfd7ea357be937c367,full_annotation_v1,A,q_분식_09,간단히 분식 먹을 데,음식점 중 '분식'을 판매·제공하는 매장,test,분식,T4 구어·문장,a0e47cd1-1e08-4f21-8887-015fb375f995,모아,분식,양동경열로시장,전통시장,광주광역시,,,
cf3297b761e58af1a28a,full_annotation_v1,A,q_분식_09,간단히 분식 먹을 데,음식점 중 '분식'을 판매·제공하는 매장,test,분식,T4 구어·문장,c91c5e2b-c8db-4e19-9823-4a2b01c7f858,불티나 분식,분식,덕풍전통시장,전통시장,경기도,,,
cddb51e9e1deaaa2621f,full_annotation_v1,A,q_분식_09,간단히 분식 먹을 데,음식점 중 '분식'을 판매·제공하는 매장,test,분식,T4 구어·문장,b804cf3f-f859-49e9-ac04-446dea87c7ef,먹을래싸갈래,분식,국민시장,전통시장,부산광역시,,,
c0cef9d2232add92406c,full_annotation_v1,A,q_분식_09,간단히 분식 먹을 데,음식점 중 '분식'을 판매·제공하는 매장,test,분식,T4 구어·문장,918e93df-6856-41fd-81ea-06ac0801ccb2,별미집,한식,신용동 골목형상점가,골목형상점가,광주광역시,,,
829f1e43488bca13a186,full_annotation_v1,A,q_분식_09,간단히 분식 먹을 데,음식점 중 '분식'을 판매·제공하는 매장,test,분식,T4 구어·문장,46642b17-b640-48ae-8115-eb41ba633a2d,여우야떡복이,분식,반석동 골목형상점가,골목형상점가,대전광역시,,,
d9844a7d659c472fb005,full_annotation_v1,A,q_분식_09,간단히 분식 먹을 데,음식점 중 '분식'을 판매·제공하는 매장,test,분식,T4 구어·문장,f5e2e20c-1f11-49fd-aae2-282b5156dfc6,야호분식,분식,태평시장,전통시장,대전광역시,,,
8dc8966e0f9001c8880b,full_annotation_v1,A,q_분식_09,간단히 분식 먹을 데,음식점 중 '분식'을 판매·제공하는 매장,test,분식,T4 구어·문장,0011cf6d-567e-4c3b-b113-363daa11212a,김밥먹고 닭꼬치,,배방상점가,자율상권구역,충청남도,,,
e0f18ef4eecdc5c89d32,full_annotation_v1,A,q_분식_09,간단히 분식 먹을 데,음식점 중 '분식'을 판매·제공하는 매장,test,분식,T4 구어·문장,a3305d17-57d9-48f2-b4fc-f69b7c4c85f9,미미네 분식,분식,진천혁신골목형상점가,골목형상점가,충청북도,,,
0ba561dfba76e8530eca,full_annotation_v1,A,q_분식_09,간단히 분식 먹을 데,음식점 중 '분식'을 판매·제공하는 매장,test,분식,T4 구어·문장,aba76fc2-984e-4030-ba01-e2e7d78264c7,데 아로즈 대전둔산본점,,갈리단길 골목형상점가,골목형상점가,대전광역시,,,
28755059a8575c97315f,full_annotation_v1,A,q_분식_09,간단히 분식 먹을 데,음식점 중 '분식'을 판매·제공하는 매장,test,분식,T4 구어·문장,00b5a60c-c548-4ac2-8259-9bb788c0fc58,까치김밥,김밥식사류,신림별빛거리골목형상점가,골목형상점가,서울특별시,,,
5f9965d3669d4fe8bd8e,full_annotation_v1,A,q_분식_09,간단히 분식 먹을 데,음식점 중 '분식'을 판매·제공하는 매장,test,분식,T4 구어·문장,d19bfa02-4cc1-402d-a212-8482992a3cdb,나나분식,분식,창원 성원그랜드쇼핑상가,전통시장,경상남도,,,
d39d8feecda7b7abb379,full_annotation_v1,A,q_분식_09,간단히 분식 먹을 데,음식점 중 '분식'을 판매·제공하는 매장,test,분식,T4 구어·문장,1fb324cf-f315-4a2d-8aa0-24aecc15b0f2,충남상회 충남떡방아간,떡,월곡달빛오거리골목형상점가,골목형상점가,서울특별시,,,
92a4c626d7530831502a,full_annotation_v1,A,q_분식_09,간단히 분식 먹을 데,음식점 중 '분식'을 판매·제공하는 매장,test,분식,T4 구어·문장,1a48ec21-9123-4d3e-9319-33af242a796e,국가대표태권클래스 태권도장,태권도,항동 골목형상점가,골목형상점가,서울특별시,,,
f204264ad551c5a7c421,full_annotation_v1,A,q_분식_09,간단히 분식 먹을 데,음식점 중 '분식'을 판매·제공하는 매장,test,분식,T4 구어·문장,0910caae-ad67-4ef3-934e-fff4c6059206,참토스트 대전학하점,토스트,계산동 골목형상점가,골목형상점가,대전광역시,,,
f75b5b910a3ab09a56c6,full_annotation_v1,A,q_분식_09,간단히 분식 먹을 데,음식점 중 '분식'을 판매·제공하는 매장,test,분식,T4 구어·문장,17c3cd54-5baf-40fd-ae9c-d7f94ca120ec,또또와,분식,화서시장,전통시장,경기도,,,
01de551ad7f0dc7186cc,full_annotation_v1,A,q_분식_09,간단히 분식 먹을 데,음식점 중 '분식'을 판매·제공하는 매장,test,분식,T4 구어·문장,d7b3e5e7-4528-4949-8a34-92ffc554d60b,오산분식,분식,익산남부시장,전통시장,전북특별자치도,,,
9e11985dbd080d3b3174,full_annotation_v1,A,q_분식_09,간단히 분식 먹을 데,음식점 중 '분식'을 판매·제공하는 매장,test,분식,T4 구어·문장,001cb3d4-5441-4963-b517-d5b3904ee312,현창떡집,떡집,목포동부시장,전통시장,전라남도,,,
603b48e19f7e26447233,full_annotation_v1,A,q_분식_09,간단히 분식 먹을 데,음식점 중 '분식'을 판매·제공하는 매장,test,분식,T4 구어·문장,43ddc036-a331-40ee-8446-f88b8c5a3c8f,또와분식,분식,한울카페거리 골목형상점가,골목형상점가,경기도,,,
a4111087d7b5e4056268,full_annotation_v1,A,q_분식_09,간단히 분식 먹을 데,음식점 중 '분식'을 판매·제공하는 매장,test,분식,T4 구어·문장,08fd525f-a0ac-4e8c-96f9-bc40a4eaf842,분식맘,분식,금호공설시장,전통시장,경상북도,,,
45816f3e5b4a8e851986,full_annotation_v1,A,q_분식_09,간단히 분식 먹을 데,음식점 중 '분식'을 판매·제공하는 매장,test,분식,T4 구어·문장,5a365053-ba4c-4e4d-8e89-cfb39549c1e6,만다린,중식,연무 골목형상점가,골목형상점가,경기도,,,
8a3aae60cc92d79dceba,full_annotation_v1,A,q_분식_09,간단히 분식 먹을 데,음식점 중 '분식'을 판매·제공하는 매장,test,분식,T4 구어·문장,00783b5c-54fd-42fc-8bcf-1ea7fce865d5,쫀득분식,분식,임방울거리3구역 골목형상점가,골목형상점가,광주광역시,,,
8d85ee71508eb5692561,full_annotation_v1,A,q_분식_09,간단히 분식 먹을 데,음식점 중 '분식'을 판매·제공하는 매장,test,분식,T4 구어·문장,faa42f97-f53c-422c-baba-12be7ed2bf90,나들이 분식,분식,반여2동상가시장,전통시장,부산광역시,,,
67c966d93cda6bd5fc6a,full_annotation_v1,A,q_분식_09,간단히 분식 먹을 데,음식점 중 '분식'을 판매·제공하는 매장,test,분식,T4 구어·문장,7ae265f0-b1d9-4756-9d90-b578f84ae8be,5오돈까스,분식,성동용답상가시장,전통시장,서울특별시,,,
852c83fd790258543453,full_annotation_v1,A,q_분식_09,간단히 분식 먹을 데,음식점 중 '분식'을 판매·제공하는 매장,test,분식,T4 구어·문장,0e9f0ef6-5316-46a8-a066-f4bbb1e4e762,감내분식,분식,감천문화마을 골목형상점가,골목형상점가,부산광역시,,,
3f1424acf0e0f4ce75d4,full_annotation_v1,A,q_분식_09,간단히 분식 먹을 데,음식점 중 '분식'을 판매·제공하는 매장,test,분식,T4 구어·문장,282b0e8b-051c-49f9-a707-b982df803589,까라벨라 데 오르,스파게티,동명동 카페거리 골목형상점가,골목형상점가,광주광역시,,,
04be5a9174a826a7cc11,full_annotation_v1,A,q_분식_09,간단히 분식 먹을 데,음식점 중 '분식'을 판매·제공하는 매장,test,분식,T4 구어·문장,7366fc09-4b2c-468b-9b09-bb9b6e05f7f1,김밥나라,분식,연제동 골목형상점가,골목형상점가,광주광역시,,,
38f3615ca4c392bf2a4a,full_annotation_v1,A,q_분식_09,간단히 분식 먹을 데,음식점 중 '분식'을 판매·제공하는 매장,test,분식,T4 구어·문장,13d4434f-e7e2-4186-b57e-6c65fb16e6bc,떡뽀이,분식,적성전통시장,전통시장,경기도,,,
3a2417805b2732da1412,full_annotation_v1,A,q_분식_09,간단히 분식 먹을 데,음식점 중 '분식'을 판매·제공하는 매장,test,분식,T4 구어·문장,5298f37a-406d-4dca-a2b4-da24f1b77dab,김밥나라,분식,운남7단지먹자거리 골목형상점가,골목형상점가,광주광역시,,,
28af99f3949051671fb4,full_annotation_v1,A,q_분식_09,간단히 분식 먹을 데,음식점 중 '분식'을 판매·제공하는 매장,test,분식,T4 구어·문장,a70ae85b-0454-462c-8db3-bbd7766afdee,다닐목,분식,대산종합시장,전통시장,충청남도,,,
89e4fca9c5d5d762cc8f,full_annotation_v1,A,q_분식_09,간단히 분식 먹을 데,음식점 중 '분식'을 판매·제공하는 매장,test,분식,T4 구어·문장,65c06f56-f1ac-4edf-8762-17cefd430713,학!땡분식,분식,양지중앙 골목형상점가,골목형상점가,경기도,,,
01e8dabfe6b607fa3662,full_annotation_v1,A,q_분식_09,간단히 분식 먹을 데,음식점 중 '분식'을 판매·제공하는 매장,test,분식,T4 구어·문장,7b14f6cb-6f6e-41f6-9d79-52e9fefeee8e,명동분식,분식,방학동도깨비시장,전통시장,서울특별시,,,
12f0369cfca45f6b3bf0,full_annotation_v1,A,q_분식_09,간단히 분식 먹을 데,음식점 중 '분식'을 판매·제공하는 매장,test,분식,T4 구어·문장,75a60a94-d2be-44cf-b81b-502d93d4aede,팡이네 분식,분식,쌍리단길상점가,자율상권구역,서울특별시,,,
53cff240457acfbdefec,full_annotation_v1,A,q_분식_09,간단히 분식 먹을 데,음식점 중 '분식'을 판매·제공하는 매장,test,분식,T4 구어·문장,2056c69e-64b4-4b28-8ce2-800cbcec3e25,먹을꼬얌,음식,산본로데오거리(구 산본중심상가),자율상권구역,경기도,,,
9580276adc765796f379,full_annotation_v1,A,q_분식_09,간단히 분식 먹을 데,음식점 중 '분식'을 판매·제공하는 매장,test,분식,T4 구어·문장,6b9a2b26-9295-498c-991e-47c3b403385b,짱맛분식,분식,태화시장,전통시장,울산광역시,,,
89e76344a0eb330007bc,full_annotation_v1,A,q_분식_09,간단히 분식 먹을 데,음식점 중 '분식'을 판매·제공하는 매장,test,분식,T4 구어·문장,2947f1c7-60aa-4573-b8f0-08fae3a43704,창평손만두,분식,슬로시티창평 골목형상점가,골목형상점가,전라남도,,,
005332e7cd36b3613640,full_annotation_v1,A,q_분식_09,간단히 분식 먹을 데,음식점 중 '분식'을 판매·제공하는 매장,test,분식,T4 구어·문장,04c905ba-3172-4ea4-a6dd-4345d674dea0,덕순이네,제조업(떡집),장터길 골목형상점가,골목형상점가,경기도,,,
9aeaf2f7350cb84ed9d7,full_annotation_v1,A,q_분식_09,간단히 분식 먹을 데,음식점 중 '분식'을 판매·제공하는 매장,test,분식,T4 구어·문장,f8d03d5c-a44f-43e8-b2e6-60e261a78cd2,"오늘도, 분식",분식,새미래 골목형상점가,골목형상점가,대전광역시,,,
fe99892d5355ae81bf04,full_annotation_v1,A,q_분식_09,간단히 분식 먹을 데,음식점 중 '분식'을 판매·제공하는 매장,test,분식,T4 구어·문장,c6787d2f-964b-42c0-a487-fa3a8fd2c097,아리수 분식,분식,풍암고앞상인회 골목형상점가,골목형상점가,광주광역시,,,
df141118da7f9198d893,full_annotation_v1,A,q_분식_09,간단히 분식 먹을 데,음식점 중 '분식'을 판매·제공하는 매장,test,분식,T4 구어·문장,52bae579-263d-479e-a46d-2ec326936756,핫떡,분식,방학동도깨비시장,전통시장,서울특별시,,,
4272c395db60d6912594,full_annotation_v1,A,q_분식_09,간단히 분식 먹을 데,음식점 중 '분식'을 판매·제공하는 매장,test,분식,T4 구어·문장,045215f0-9db0-4054-8c69-702841941f01,문토스트용호점,카페토스트,용호1동골목시장,전통시장,부산광역시,,,
ab7e4e9bd2a698cf4b4a,full_annotation_v1,A,q_분식_09,간단히 분식 먹을 데,음식점 중 '분식'을 판매·제공하는 매장,test,분식,T4 구어·문장,211c59b2-afc0-4fe0-8c6f-bb7d8be557e3,먹보분식,분식,전주모래내시장,전통시장,전북특별자치도,,,
42aa8970c8e383066107,full_annotation_v1,A,q_분식_09,간단히 분식 먹을 데,음식점 중 '분식'을 판매·제공하는 매장,test,분식,T4 구어·문장,00e30e6c-dde0-49cd-9e3e-95465aa4247e,동해분식,분식,서남신시장,전통시장,대구광역시,,,
779c759b1152e7e76867,full_annotation_v1,A,q_분식_09,간단히 분식 먹을 데,음식점 중 '분식'을 판매·제공하는 매장,test,분식,T4 구어·문장,ee5cec65-a97d-482f-ac44-303110e05ef6,김밥나라,분식,서둔동 골목형상점가,골목형상점가,경기도,,,
e9cc3f69252fd20f6cb6,full_annotation_v1,A,q_분식_09,간단히 분식 먹을 데,음식점 중 '분식'을 판매·제공하는 매장,test,분식,T4 구어·문장,04b03558-95d1-4a0e-a9e2-9a9e72bdadb2,배가찐왕만두,만두,문흥2동 골목형상점가,골목형상점가,광주광역시,,,
7b6bf0c64e0ecd6f8a49,full_annotation_v1,A,q_분식_09,간단히 분식 먹을 데,음식점 중 '분식'을 판매·제공하는 매장,test,분식,T4 구어·문장,5f2020b6-aa86-4f18-a592-ab461df6c372,웰츠분식,분식,웰츠타워 골목형상점가,골목형상점가,울산광역시,,,
2bc43e9cc417540f21b8,full_annotation_v1,A,q_분식_09,간단히 분식 먹을 데,음식점 중 '분식'을 판매·제공하는 매장,test,분식,T4 구어·문장,00ec6d6a-b0c1-4662-b17f-9c9f059a4bcd,백암서울순대국,순대국,강서구청먹자골목골목형상점가,골목형상점가,서울특별시,,,
f5fac318e45fc8bf7eac,full_annotation_v1,A,q_분식_09,간단히 분식 먹을 데,음식점 중 '분식'을 판매·제공하는 매장,test,분식,T4 구어·문장,008594db-d86c-4014-bf5c-16f6cd40402d,와글와글봄소풍,김밥,다사역 골목형상점가,골목형상점가,대구광역시,,,
e4c8690e0193f5e44338,full_annotation_v1,A,q_분식_09,간단히 분식 먹을 데,음식점 중 '분식'을 판매·제공하는 매장,test,분식,T4 구어·문장,0075dacf-3e3f-47b8-a4af-d3a2ff866348,북툰커피앤카페,찐빵 만두 커피,신창진흥 골목형상점가,골목형상점가,광주광역시,,,
11e1488e91b729fa3dca,full_annotation_v1,A,q_분식_09,간단히 분식 먹을 데,음식점 중 '분식'을 판매·제공하는 매장,test,분식,T4 구어·문장,f56caf64-3c82-4eda-a4db-a15542076617,김밥나라,분식,오치2동 골목형상점가,골목형상점가,광주광역시,,,
a4e730c9fae82b0ec035,full_annotation_v1,A,q_분식_09,간단히 분식 먹을 데,음식점 중 '분식'을 판매·제공하는 매장,test,분식,T4 구어·문장,52aa21c7-93f0-4310-8077-d8e649c46a94,홍군튀떡,분식,송죽솔대 골목형상점가,골목형상점가,경기도,,,
d156f6fc7b24495b0022,full_annotation_v1,A,q_분식_09,간단히 분식 먹을 데,음식점 중 '분식'을 판매·제공하는 매장,test,분식,T4 구어·문장,0b8ef6dc-2f6b-4707-bd73-529122d9c97a,하단떡집,떡집,하단오일상설시장,전통시장,부산광역시,,,
ec50693094548427984e,full_annotation_v1,A,q_분식_09,간단히 분식 먹을 데,음식점 중 '분식'을 판매·제공하는 매장,test,분식,T4 구어·문장,7c69515c-ff5b-4856-8050-fbaa722d7569,김밥나라,분식,성환1번가 골목형상점가,골목형상점가,충청남도,,,
d60d9ea4d3cb91e4aa18,full_annotation_v1,A,q_분식_09,간단히 분식 먹을 데,음식점 중 '분식'을 판매·제공하는 매장,test,분식,T4 구어·문장,b336dfc8-cd1c-4f91-9552-d931be53fc97,신떡순,분식,양지중앙 골목형상점가,골목형상점가,경기도,,,
7543552515620ea5becd,full_annotation_v1,A,q_분식_09,간단히 분식 먹을 데,음식점 중 '분식'을 판매·제공하는 매장,test,분식,T4 구어·문장,926f80c7-515f-4f04-ba57-243fc346ba6a,오킴밥,분식,인왕시장,전통시장,서울특별시,,,
fbeb5ff8c5f9ca2c2af8,full_annotation_v1,A,q_분식_09,간단히 분식 먹을 데,음식점 중 '분식'을 판매·제공하는 매장,test,분식,T4 구어·문장,21aa2cbc-8622-4c25-9f62-f44e06265c96,이가분식,분식,개금골목시장,전통시장,부산광역시,,,
8f896a3951abffe61e7d,full_annotation_v1,A,q_분식_09,간단히 분식 먹을 데,음식점 중 '분식'을 판매·제공하는 매장,test,분식,T4 구어·문장,d90c5bdf-9b76-4833-9aef-c27a1dfc75b6,서도분식,분식,거마평로 골목형상점가,골목형상점가,전북특별자치도,,,
505bbda8842c9b3f39d7,full_annotation_v1,A,q_분식_09,간단히 분식 먹을 데,음식점 중 '분식'을 판매·제공하는 매장,test,분식,T4 구어·문장,aea4c836-7dfd-422a-b66a-0ffb9a1e45f9,옛날분식,분식,전통중앙도매상가,전통시장,대전광역시,,,
0ca86b97805bd2c4d67a,full_annotation_v1,A,q_분식_09,간단히 분식 먹을 데,음식점 중 '분식'을 판매·제공하는 매장,test,분식,T4 구어·문장,1998e77a-67d3-4317-9d94-792dd8dd0bb5,김밥나라,분식,전남대 상대 골목형상점가,골목형상점가,광주광역시,,,
e0f16057bbf433b0e87e,full_annotation_v1,A,q_분식_09,간단히 분식 먹을 데,음식점 중 '분식'을 판매·제공하는 매장,test,분식,T4 구어·문장,df7fbbe2-4b14-4475-a5c1-71ca92d5989d,김밥나라,분식,수완이지더원 골목형상점가,골목형상점가,광주광역시,,,
fda947b37f2878dbc6fb,full_annotation_v1,A,q_분식_09,간단히 분식 먹을 데,음식점 중 '분식'을 판매·제공하는 매장,test,분식,T4 구어·문장,7fde034b-96e4-455a-83e2-7b5692b96a17,먹을터,한식,화성행궁골목형상점가,골목형상점가,경기도,,,
bc7f68e911915ab8d5c8,full_annotation_v1,A,q_분식_09,간단히 분식 먹을 데,음식점 중 '분식'을 판매·제공하는 매장,test,분식,T4 구어·문장,96ac7d45-2bea-4a6a-9403-2b2a2c1f5d10,김밥나라,분식,용봉지구 골목형상점가,골목형상점가,광주광역시,,,
69d073ec0b61484fa69a,full_annotation_v1,A,q_분식_09,간단히 분식 먹을 데,음식점 중 '분식'을 판매·제공하는 매장,test,분식,T4 구어·문장,017c71f5-48d0-4cce-a370-a84d34d36658,무봉리토종순대국파주운정점,,산내마을 골목형상점가,골목형상점가,경기도,,,
0a4bf8d09678d3077d8e,full_annotation_v1,A,q_분식_09,간단히 분식 먹을 데,음식점 중 '분식'을 판매·제공하는 매장,test,분식,T4 구어·문장,e6379c6d-1332-4e7b-8390-7baca30a5121,김밥나라,분식,강진중앙로상가,자율상권구역,전라남도,,,
e102e6ed23161faef1ab,full_annotation_v1,A,q_분식_09,간단히 분식 먹을 데,음식점 중 '분식'을 판매·제공하는 매장,test,분식,T4 구어·문장,fb793d63-e2e0-41dc-ae08-e4818c3b72db,오시오식당,한식,㈜신정시장,전통시장,울산광역시,,,
105d98e49e36d12e753c,full_annotation_v1,A,q_분식_09,간단히 분식 먹을 데,음식점 중 '분식'을 판매·제공하는 매장,test,분식,T4 구어·문장,d32741f2-81dd-47f4-9850-53908bd8551a,김밥천국,분식,당산이음 골목형상점가,골목형상점가,서울특별시,,,
cb465fe40a8d5fb78eb0,full_annotation_v1,A,q_분식_09,간단히 분식 먹을 데,음식점 중 '분식'을 판매·제공하는 매장,test,분식,T4 구어·문장,001bda4f-046f-44c5-b084-8de630ac405a,김밥윤,김밥 등,보람동 골목형상점가,골목형상점가,세종특별자치시,,,
266f9e83e96666f5669a,full_annotation_v1,A,q_분식_09,간단히 분식 먹을 데,음식점 중 '분식'을 판매·제공하는 매장,test,분식,T4 구어·문장,4dcfbd81-8e8d-426f-b39e-74e1995c3393,끈적국수,분식,월곡1동 골목형상점가,골목형상점가,광주광역시,,,
b23ea1c3d7b8c7289b10,full_annotation_v1,A,q_분식_09,간단히 분식 먹을 데,음식점 중 '분식'을 판매·제공하는 매장,test,분식,T4 구어·문장,0fcc963f-9fc4-4a48-bffb-1c69a5f196e1,효분식,분식,제천중앙시장,전통시장,충청북도,,,
e0268f0f8a8f46d976f9,full_annotation_v1,A,q_분식_09,간단히 분식 먹을 데,음식점 중 '분식'을 판매·제공하는 매장,test,분식,T4 구어·문장,f778831a-34ad-44d5-98af-a8230ad28a08,영양상회,건어물,동서시장,전통시장,대구광역시,,,
aedcdf33d72b8669175e,full_annotation_v1,A,q_분식_09,간단히 분식 먹을 데,음식점 중 '분식'을 판매·제공하는 매장,test,분식,T4 구어·문장,00719699-eb0c-4473-bda9-7a16eace345e,봉식이옛날왕만두,만두,삼익 골목형상점가,골목형상점가,서울특별시,,,
d6e35ed5ad7f73f3a24a,full_annotation_v1,A,q_분식_09,간단히 분식 먹을 데,음식점 중 '분식'을 판매·제공하는 매장,test,분식,T4 구어·문장,0a891050-80f2-4423-a5a4-fbd505f1e519,이삭토스트 대전테크노밸리점,토스트,테크노밸리 골목형상점가,골목형상점가,대전광역시,,,
0b46519ff632686142dd,full_annotation_v1,A,q_분식_09,간단히 분식 먹을 데,음식점 중 '분식'을 판매·제공하는 매장,test,분식,T4 구어·문장,22a939a5-dd57-476c-acd5-4c40c7b522a6,어닝바,분식,중랑동부시장,전통시장,서울특별시,,,
5758f9ae2f33b7f4e07b,full_annotation_v1,A,q_분식_09,간단히 분식 먹을 데,음식점 중 '분식'을 판매·제공하는 매장,test,분식,T4 구어·문장,0012a3b4-64a1-440c-a76e-f2be12a2f086,튀김집,분식,두암시장주변 골목형상점가,골목형상점가,광주광역시,,,
c05d9a618c0f08234981,full_annotation_v1,A,q_분식_09,간단히 분식 먹을 데,음식점 중 '분식'을 판매·제공하는 매장,test,분식,T4 구어·문장,08263ee2-3ea0-47e2-b639-ff6944f09a81,춘향이네 분식,분식,남원공설시장,전통시장,전북특별자치도,,,
49d2206efbd8d9de43d4,full_annotation_v1,A,q_분식_09,간단히 분식 먹을 데,음식점 중 '분식'을 판매·제공하는 매장,test,분식,T4 구어·문장,08502e05-05ef-4baa-8348-11827577e439,바를정 수제튀김&분식,분식,한울상인회 골목형상점가,골목형상점가,광주광역시,,,
fc9df769a15bfb8ad0e1,full_annotation_v1,A,q_분식_09,간단히 분식 먹을 데,음식점 중 '분식'을 판매·제공하는 매장,test,분식,T4 구어·문장,016f68a3-c16f-467c-af96-22466baf3a6a,쉬즈베이글,토스트,읍내리 원도심 골목형상점가,골목형상점가,전라남도,,,
ffeec5dbbf3ab56efe93,full_annotation_v1,A,q_분식_09,간단히 분식 먹을 데,음식점 중 '분식'을 판매·제공하는 매장,test,분식,T4 구어·문장,f6d7cccb-1f03-49a0-8aa8-f10c29828bc2,이너스 스포츠센터 킹덤주짓수,주짓수,염주상인회 골목형상점가,골목형상점가,광주광역시,,,
395f7d680a219a7d27c4,full_annotation_v1,A,q_분식_09,간단히 분식 먹을 데,음식점 중 '분식'을 판매·제공하는 매장,test,분식,T4 구어·문장,fcd1d180-df17-4597-83fd-7bef737a72e5,토이강정/분식,분식,인수로골목형상점가,골목형상점가,서울특별시,,,
e8ca0d9c83b91c17f60f,full_annotation_v1,A,q_분식_09,간단히 분식 먹을 데,음식점 중 '분식'을 판매·제공하는 매장,test,분식,T4 구어·문장,4637d6d8-1fa2-487f-aa40-b2151290ef50,고향분식,분식,감포시장,전통시장,경상북도,,,
849e863086b4cb7fce14,full_annotation_v1,A,q_분식_09,간단히 분식 먹을 데,음식점 중 '분식'을 판매·제공하는 매장,test,분식,T4 구어·문장,de2cdf93-937c-4615-ab37-474c9e033e9f,까동,분식,전남대 상대 골목형상점가,골목형상점가,광주광역시,,,
d4f886c830ff284fc9f4,full_annotation_v1,A,q_분식_09,간단히 분식 먹을 데,음식점 중 '분식'을 판매·제공하는 매장,test,분식,T4 구어·문장,024c1f10-1fe0-4be3-8bde-6465f5cd8c43,오늘은 떡볶이,"떡볶이, 튀김, 순대 등",석촌시장,전통시장,서울특별시,,,
e87fc8231d1833177109,full_annotation_v1,A,q_분식_09,간단히 분식 먹을 데,음식점 중 '분식'을 판매·제공하는 매장,test,분식,T4 구어·문장,01853453-69ac-4f55-9cd8-09e40088ab59,가마솥왕만두,만두,울산번개시장,전통시장,울산광역시,,,
3203038708d42cc43e8e,full_annotation_v1,A,q_분식_09,간단히 분식 먹을 데,음식점 중 '분식'을 판매·제공하는 매장,test,분식,T4 구어·문장,963d9a34-3055-444e-91e7-2119a2867c4c,윤정분식,분식,광양5일시장,전통시장,전라남도,,,
63908be03475d091b1e0,full_annotation_v1,A,q_분식_09,간단히 분식 먹을 데,음식점 중 '분식'을 판매·제공하는 매장,test,분식,T4 구어·문장,2411013e-73bf-4cf8-b65a-3b8512d1a255,또바기 분식,분식,국수거리 골목형상점가,골목형상점가,전라남도,,,
958689902289fab9f88b,full_annotation_v1,A,q_분식_09,간단히 분식 먹을 데,음식점 중 '분식'을 판매·제공하는 매장,test,분식,T4 구어·문장,02f03161-3a15-416f-bdd6-8ad5bd17781d,시골참순대,,관저동 먹자골목 골목형상점가,골목형상점가,대전광역시,,,
f327ba417c6c635068fb,full_annotation_v1,A,q_분식_09,간단히 분식 먹을 데,음식점 중 '분식'을 판매·제공하는 매장,test,분식,T4 구어·문장,3b322c48-3e53-47d9-b240-c9ff065b54c9,민서커피,커피,고성시장,전통시장,경상남도,,,
ac02af853b93d05074ee,full_annotation_v1,A,q_분식_09,간단히 분식 먹을 데,음식점 중 '분식'을 판매·제공하는 매장,test,분식,T4 구어·문장,00b5a007-bb8d-47db-963d-ccc7e93c25ac,장호덕 손만두 백석점,만두,백석한들1번가 골목형상점가,골목형상점가,충청남도,,,
ce4c4d0a110839f4662f,full_annotation_v1,A,q_분식_09,간단히 분식 먹을 데,음식점 중 '분식'을 판매·제공하는 매장,test,분식,T4 구어·문장,11d61bbb-4f09-4a35-8ae1-f2b27c00af0a,김밥나라,분식,작전시장,전통시장,인천광역시,,,
31d83f5633d961165884,full_annotation_v1,A,q_분식_09,간단히 분식 먹을 데,음식점 중 '분식'을 판매·제공하는 매장,test,분식,T4 구어·문장,440e3256-5c56-41e1-8736-091361920933,영광분식,분식,광복마을3-4길 골목형상점가,골목형상점가,광주광역시,,,
b332ef3e28993f08f5c0,full_annotation_v1,A,q_분식_09,간단히 분식 먹을 데,음식점 중 '분식'을 판매·제공하는 매장,test,분식,T4 구어·문장,24e8ffa3-e711-417c-a38d-9686f5aa532d,김밥나라,분식,전대병원오거리 골목형상점가,골목형상점가,광주광역시,,,
62bdda4622ef03adce2b,full_annotation_v1,A,q_분식_09,간단히 분식 먹을 데,음식점 중 '분식'을 판매·제공하는 매장,test,분식,T4 구어·문장,f15c40c0-90e5-40c7-81ba-9ebddb933be2,뿌리 사랑치과,보건업,한빛3·6·7단지 골목형상점가,골목형상점가,경기도,,,
f72ce3581a2d64945eb3,full_annotation_v1,A,q_분식_09,간단히 분식 먹을 데,음식점 중 '분식'을 판매·제공하는 매장,test,분식,T4 구어·문장,2d540484-08bb-412a-b46a-8e6d2d079ce8,필분식,분식,월배신시장,전통시장,대구광역시,,,
59e377277dcab654736c,full_annotation_v1,A,q_분식_09,간단히 분식 먹을 데,음식점 중 '분식'을 판매·제공하는 매장,test,분식,T4 구어·문장,cf6335ca-0afa-4f47-8aa2-d00a1546f83e,오늘도 분식,분식,갑천호수 골목형상점가,골목형상점가,대전광역시,,,
55d782da656ebe4dca74,full_annotation_v1,A,q_분식_09,간단히 분식 먹을 데,음식점 중 '분식'을 판매·제공하는 매장,test,분식,T4 구어·문장,911a0ab3-4d57-498f-83b6-ad5c1b12cfbd,김밥나라,분식,월곡2동 골목형상점가,골목형상점가,광주광역시,,,
d00c99fb4e5c44aa94d9,full_annotation_v1,A,q_분식_09,간단히 분식 먹을 데,음식점 중 '분식'을 판매·제공하는 매장,test,분식,T4 구어·문장,c20060cd-bff6-45c1-9bd4-fb4fce0ab888,황가네전집,전,도깨비시장,전통시장,전라남도,,,
786cb888ec1582a45d19,full_annotation_v1,A,q_분식_09,간단히 분식 먹을 데,음식점 중 '분식'을 판매·제공하는 매장,test,분식,T4 구어·문장,007d6b63-4e47-47fa-aaa5-6d0b5cc7280b,도토리김밥계룡엄사점,분식,엄사 골목형상점가,골목형상점가,충청남도,,,
ee1fc8eef2b0046a69f5,full_annotation_v1,A,q_분식_09,간단히 분식 먹을 데,음식점 중 '분식'을 판매·제공하는 매장,test,분식,T4 구어·문장,4feeee14-bdf6-4a37-9268-d8a119c3e182,찐떡,분식,남성역 골목시장,전통시장,서울특별시,,,
c0f085c1d0b7b0ed2dc8,full_annotation_v1,A,q_분식_09,간단히 분식 먹을 데,음식점 중 '분식'을 판매·제공하는 매장,test,분식,T4 구어·문장,4a9bdc99-5b4d-4cc4-a7fa-a2bd888b3917,분식마을,분식,배방공수 골목형상점가,골목형상점가,충청남도,,,
014a70afb8915dfc9096,full_annotation_v1,A,q_분식_09,간단히 분식 먹을 데,음식점 중 '분식'을 판매·제공하는 매장,test,분식,T4 구어·문장,ee747842-5aad-4b87-bca8-b5dfc0544918,김밥나라,분식,장안문거북시장,전통시장,경기도,,,
4f8478c0dca2fa9b0f70,full_annotation_v1,A,q_분식_09,간단히 분식 먹을 데,음식점 중 '분식'을 판매·제공하는 매장,test,분식,T4 구어·문장,015915e3-2542-4245-b627-0c775b4c5501,한내떡집,,거제 고현시장,전통시장,경상남도,,,
9ae448580e0b87eaa221,full_annotation_v1,A,q_분식_09,간단히 분식 먹을 데,음식점 중 '분식'을 판매·제공하는 매장,test,분식,T4 구어·문장,0239c4e7-2ae3-4f29-8952-19c6d9d1d9a9,세번째집,순대국밥,성환이화시장,전통시장,충청남도,,,
22fa08370b92053e363d,full_annotation_v1,A,q_분식_09,간단히 분식 먹을 데,음식점 중 '분식'을 판매·제공하는 매장,test,분식,T4 구어·문장,6363bc18-309a-410d-aaa8-f51517c2c043,도노네일,미용,항동 골목형상점가,골목형상점가,서울특별시,,,
62ff9c8afd97d0278aa3,full_annotation_v1,A,q_분식_09,간단히 분식 먹을 데,음식점 중 '분식'을 판매·제공하는 매장,test,분식,T4 구어·문장,0555a982-9411-4a65-9629-e51f7fa1b5c0,소영이네 분식,분식,증산종합시장,전통시장,서울특별시,,,
01a243bd44ac35d34d1b,full_annotation_v1,A,q_분식_09,간단히 분식 먹을 데,음식점 중 '분식'을 판매·제공하는 매장,test,분식,T4 구어·문장,00e34fb5-e7d3-43aa-b574-400ee31abae5,은혜만두,만두,북동 골목형상점가,골목형상점가,광주광역시,,,
0279599c04b3754d81f1,full_annotation_v1,A,q_분식_09,간단히 분식 먹을 데,음식점 중 '분식'을 판매·제공하는 매장,test,분식,T4 구어·문장,00ca89c2-42a8-432d-ba4b-5abd23c18ab0,계란밥,계란밥분식,시청역상가번영회 골목형상점가,골목형상점가,광주광역시,,,
dbf29e7acd52193c5ed2,full_annotation_v1,A,q_분식_09,간단히 분식 먹을 데,음식점 중 '분식'을 판매·제공하는 매장,test,분식,T4 구어·문장,6480db83-7744-45ad-9b3f-4b7e789a5a71,김밥나라,분식,봉선중길 골목형상점가,골목형상점가,광주광역시,,,
620e544028a264426382,full_annotation_v1,A,q_분식_09,간단히 분식 먹을 데,음식점 중 '분식'을 판매·제공하는 매장,test,분식,T4 구어·문장,b084d7c6-1384-4aeb-bc18-894fb798a3d1,김밥나라,분식,직산읍삼은1번가골목형상점가,골목형상점가,충청남도,,,
06b8bdb752ee415d1e97,full_annotation_v1,A,q_분식_09,간단히 분식 먹을 데,음식점 중 '분식'을 판매·제공하는 매장,test,분식,T4 구어·문장,7d2feded-0891-4106-af2c-3c7876045388,순미네분식,분식,오룡주공 골목형상점가,골목형상점가,전라남도,,,
7dc9c580a5f16f822ea3,full_annotation_v1,A,q_분식_09,간단히 분식 먹을 데,음식점 중 '분식'을 판매·제공하는 매장,test,분식,T4 구어·문장,055b0501-9678-421c-9b8d-2994754df728,캠토토스트 계룡대실점,토스트,두마면 대실골목형상점가,골목형상점가,충청남도,,,
5d076bfb5062484ba7ba,full_annotation_v1,A,q_분식_09,간단히 분식 먹을 데,음식점 중 '분식'을 판매·제공하는 매장,test,분식,T4 구어·문장,ec7b0502-5d9b-437b-9d43-dd3db336a2b6,김밥나라,분식,운남골목 골목형상점가,골목형상점가,광주광역시,,,
8118f2fb31305d91b34b,full_annotation_v1,A,q_분식_09,간단히 분식 먹을 데,음식점 중 '분식'을 판매·제공하는 매장,test,분식,T4 구어·문장,0b002eb6-9015-4b32-a445-913b1b5fbda9,김밥나라,분식,초지항아리 골목형상점가,골목형상점가,경기도,,,
f378ba41598635bc429c,full_annotation_v1,A,q_분식_09,간단히 분식 먹을 데,음식점 중 '분식'을 판매·제공하는 매장,test,분식,T4 구어·문장,005313c8-dce8-49b6-9841-9143ebb1305a,동원떡집,,박달시장,전통시장,경기도,,,
06efd19796f77d1ed24e,full_annotation_v1,A,q_분식_09,간단히 분식 먹을 데,음식점 중 '분식'을 판매·제공하는 매장,test,분식,T4 구어·문장,f14df4d3-9858-4a8b-8597-20fd477d8e32,갤러리 데 루치아,가구,용인어정가구단지상점가,자율상권구역,경기도,,,
752d1a2150a5e920d8e5,full_annotation_v1,A,q_분식_09,간단히 분식 먹을 데,음식점 중 '분식'을 판매·제공하는 매장,test,분식,T4 구어·문장,4e65eded-139b-422b-a408-8671c0ba9b6c,대발이 분식,분식,동서시장,전통시장,대구광역시,,,
df669253a5b9baead1f3,full_annotation_v1,A,q_분식_09,간단히 분식 먹을 데,음식점 중 '분식'을 판매·제공하는 매장,test,분식,T4 구어·문장,04a91b86-3405-4f8d-b0b8-eac86f3907c4,연지동토스트,커피토스트,연지시장,전통시장,부산광역시,,,
212b68a9506556c15585,full_annotation_v1,A,q_분식_09,간단히 분식 먹을 데,음식점 중 '분식'을 판매·제공하는 매장,test,분식,T4 구어·문장,f9356285-5283-48d1-a29b-a5959d996dd6,명품분식,분식,우이골목시장골목형상점가,골목형상점가,서울특별시,,,
5bb27f7d0b209556a724,full_annotation_v1,A,q_분식_09,간단히 분식 먹을 데,음식점 중 '분식'을 판매·제공하는 매장,test,분식,T4 구어·문장,22ec6920-38b7-4d76-ac8c-f8ef74779d55,꿈떡분식,분식,산울림 골목형상점가,골목형상점가,세종특별자치시,,,
8ebbe258c736120af394,full_annotation_v1,A,q_분식_09,간단히 분식 먹을 데,음식점 중 '분식'을 판매·제공하는 매장,test,분식,T4 구어·문장,16602eec-da2f-49e9-890a-6806c4ca95de,양지미용실,미용,양산 북부시장,전통시장,경상남도,,,
8d06d644c7d64409a264,full_annotation_v1,A,q_분식_09,간단히 분식 먹을 데,음식점 중 '분식'을 판매·제공하는 매장,test,분식,T4 구어·문장,f01f80b9-883d-402c-864b-0adc7c7a622a,신전떡볶이북항점,분식,뒷개로청춘골목상점가,골목형상점가,전라남도,,,
6143890629870576802e,full_annotation_v1,A,q_분식_09,간단히 분식 먹을 데,음식점 중 '분식'을 판매·제공하는 매장,test,분식,T4 구어·문장,12b6df6d-7ba9-4cdf-8f02-3f3a9c3e9593,거진항,분식,양곡시장,전통시장,경기도,,,
9249b2c67613d78a7255,full_annotation_v1,A,q_분식_09,간단히 분식 먹을 데,음식점 중 '분식'을 판매·제공하는 매장,test,분식,T4 구어·문장,0f10a5dc-6aee-4f51-b5a5-44ec8c90f59a,유명약국,의약품 건강기능식품 의약부외품 동물약품,여수진남상가,자율상권구역,전라남도,,,
a6b4994f1ce26109074f,full_annotation_v1,A,q_분식_09,간단히 분식 먹을 데,음식점 중 '분식'을 판매·제공하는 매장,test,분식,T4 구어·문장,69f20b3a-cf74-41ac-be36-9c519eb1470c,오늘도 분식,분식,전농배봉산맛집거리골목형상점가,골목형상점가,서울특별시,,,
49237cf80c70fd5af8a9,full_annotation_v1,A,q_분식_09,간단히 분식 먹을 데,음식점 중 '분식'을 판매·제공하는 매장,test,분식,T4 구어·문장,4276bb07-b5b6-4d18-b299-168c99fc0341,어원수산,한식,한빛3·6·7단지 골목형상점가,골목형상점가,경기도,,,
dbf73076a077a50e94f9,full_annotation_v1,A,q_분식_09,간단히 분식 먹을 데,음식점 중 '분식'을 판매·제공하는 매장,test,분식,T4 구어·문장,ce619091-0b24-4b4e-b648-3fc0764c885e,일곱가지 분식,분식,동구시장,전통시장,대구광역시,,,
1de43934f5c091371285,full_annotation_v1,A,q_분식_09,간단히 분식 먹을 데,음식점 중 '분식'을 판매·제공하는 매장,test,분식,T4 구어·문장,db89eba8-a255-4559-8cd7-57ffeb2af883,떡산,분식,연서시장,전통시장,서울특별시,,,
de371c94c03b47784b2f,full_annotation_v1,A,q_분식_09,간단히 분식 먹을 데,음식점 중 '분식'을 판매·제공하는 매장,test,분식,T4 구어·문장,7a736fc8-7e84-4cd5-a4d7-f9a5a0238d1f,커피허유,분식,해미읍성전통시장,전통시장,충청남도,,,
59c6a18a62c13feac719,full_annotation_v1,A,q_분식_09,간단히 분식 먹을 데,음식점 중 '분식'을 판매·제공하는 매장,test,분식,T4 구어·문장,7c6683f5-862a-4d78-86fd-0543bf8e4450,김분식,분식,장천동상가,자율상권구역,전라남도,,,
1a353bebb804ecadbd2a,full_annotation_v1,A,q_분식_09,간단히 분식 먹을 데,음식점 중 '분식'을 판매·제공하는 매장,test,분식,T4 구어·문장,6cc1fa0f-b3bb-46a8-85b8-21bcf61d7890,김밥나라,분식,여주한글시장(여주중앙로상점가),전통시장,경기도,,,
73e276a2eb920c9a8e33,full_annotation_v1,A,q_분식_09,간단히 분식 먹을 데,음식점 중 '분식'을 판매·제공하는 매장,test,분식,T4 구어·문장,b49cb96a-62ef-4917-af1a-57f151d6c24c,엄지척꼬마김밥&분식,분식,아진상가,골목형상점가,울산광역시,,,
4372156d134f151c49ed,full_annotation_v1,A,q_분식_09,간단히 분식 먹을 데,음식점 중 '분식'을 판매·제공하는 매장,test,분식,T4 구어·문장,0bd42ff5-ce49-41c0-9a09-0b1af48665d6,김밥나라,분식,검단중앙 골목형상점가,골목형상점가,인천광역시,,,
19c9938ba855750cafa1,full_annotation_v1,A,q_분식_09,간단히 분식 먹을 데,음식점 중 '분식'을 판매·제공하는 매장,test,분식,T4 구어·문장,39b92297-99c8-441e-8c20-2723ee9621c7,맘분식,분식,미소상인회 골목형상점가,골목형상점가,서울특별시,,,
6078310376798d4382c3,full_annotation_v1,A,q_분식_09,간단히 분식 먹을 데,음식점 중 '분식'을 판매·제공하는 매장,test,분식,T4 구어·문장,706557c7-f7a1-4a18-b2a5-6dda328a3a08,김밥나라,분식,수완하나로 골목형상점가,골목형상점가,광주광역시,,,
8a37f50f26f299a3d77a,full_annotation_v1,A,q_분식_09,간단히 분식 먹을 데,음식점 중 '분식'을 판매·제공하는 매장,test,분식,T4 구어·문장,e5a6f9f5-d811-46fa-8888-8b89aa1c13be,마띠나,분식,익산 다e로움 상권활성화구역,상권활성화구역,전북특별자치도,,,
512548002e8caee0994c,full_annotation_v1,A,q_분식_09,간단히 분식 먹을 데,음식점 중 '분식'을 판매·제공하는 매장,test,분식,T4 구어·문장,6e97c072-c81d-477d-b561-27567e459ae6,까치분식,분식,신평전통시장,전통시장,경상북도,,,
c539008f19101adec74a,full_annotation_v1,A,q_분식_09,간단히 분식 먹을 데,음식점 중 '분식'을 판매·제공하는 매장,test,분식,T4 구어·문장,94f574fb-bf23-45de-b213-9393da4b8009,김밥나라,분식,맛조이상인회 골목형상점가,골목형상점가,광주광역시,,,
bccfdcd3584898729b01,full_annotation_v1,A,q_분식_09,간단히 분식 먹을 데,음식점 중 '분식'을 판매·제공하는 매장,test,분식,T4 구어·문장,04c41036-dbe4-4ce1-b514-707473b7ebb3,분식박사,분식,무거현대시장,골목형상점가,울산광역시,,,
687d6c0daada08281939,full_annotation_v1,A,q_분식_09,간단히 분식 먹을 데,음식점 중 '분식'을 판매·제공하는 매장,test,분식,T4 구어·문장,c4eb940a-8e68-4b44-b075-3524d64eba51,진화슈퍼,슈퍼마켓,양곡시장,전통시장,경기도,,,
5816bba697ae5cb6a5cc,full_annotation_v1,A,q_분식_09,간단히 분식 먹을 데,음식점 중 '분식'을 판매·제공하는 매장,test,분식,T4 구어·문장,d4be70a8-b63a-4ea4-94ca-92e4c844da50,명품왕만두찐빵,분식,달아실 골목형상점가,골목형상점가,광주광역시,,,
66360ed8105b6cc2b27c,full_annotation_v1,A,q_분식_09,간단히 분식 먹을 데,음식점 중 '분식'을 판매·제공하는 매장,test,분식,T4 구어·문장,064d899b-c65a-4b75-9a15-9ca1eaf707f4,이삭토스트,토스트 등,매탄중심상가 골목형상점가,골목형상점가,경기도,,,
aa0823baec36434441f9,full_annotation_v1,A,q_분식_09,간단히 분식 먹을 데,음식점 중 '분식'을 판매·제공하는 매장,test,분식,T4 구어·문장,1d0cd062-96df-4398-8d95-8fc74a9eac0b,떽때기,분식,문창시장,전통시장,대전광역시,,,
097b3c9b77367999ccdf,full_annotation_v1,A,q_분식_09,간단히 분식 먹을 데,음식점 중 '분식'을 판매·제공하는 매장,test,분식,T4 구어·문장,0ab4b1bd-93f1-4d46-b012-abfc9b1328dc,브라운토스트,"토스트, 음료",구즉 골목형상점가,골목형상점가,대전광역시,,,
979053707e4d79d6ee3a,full_annotation_v1,A,q_분식_09,간단히 분식 먹을 데,음식점 중 '분식'을 판매·제공하는 매장,test,분식,T4 구어·문장,a7500edf-177f-4629-ab63-31dcbe2761f3,모여라,한식,연무 골목형상점가,골목형상점가,경기도,,,
d90bab998d36b47689e3,full_annotation_v1,A,q_분식_10,떡볶이 김밥 파는 곳,음식점 중 '분식'을 판매·제공하는 매장,test,분식,T4 구어·문장,00b5a60c-c548-4ac2-8259-9bb788c0fc58,까치김밥,김밥식사류,신림별빛거리골목형상점가,골목형상점가,서울특별시,,,
fa9e5e7f415688a394d1,full_annotation_v1,A,q_분식_10,떡볶이 김밥 파는 곳,음식점 중 '분식'을 판매·제공하는 매장,test,분식,T4 구어·문장,045215f0-9db0-4054-8c69-702841941f01,문토스트용호점,카페토스트,용호1동골목시장,전통시장,부산광역시,,,
9f836147e8103716fb9b,full_annotation_v1,A,q_분식_10,떡볶이 김밥 파는 곳,음식점 중 '분식'을 판매·제공하는 매장,test,분식,T4 구어·문장,d6b88a38-f66e-4f32-90b1-c26c72ccbe4e,미미떡볶이,떡볶이,용산용문시장,전통시장,서울특별시,,,
7ecc54fcc8e4925da2ab,full_annotation_v1,A,q_분식_10,떡볶이 김밥 파는 곳,음식점 중 '분식'을 판매·제공하는 매장,test,분식,T4 구어·문장,56582566-bf1b-407e-92b2-b627e3ad1671,강다짐 광주수완점,김밥 떡볶이 국수,희담길,골목형상점가,광주광역시,,,
a5c264f188edd5f55484,full_annotation_v1,A,q_분식_10,떡볶이 김밥 파는 곳,음식점 중 '분식'을 판매·제공하는 매장,test,분식,T4 구어·문장,df838f11-2dd6-46b2-bb3b-08164948ad96,와이드앵글 김포장기점,의류,모아패션아울렛 골목형상점가,골목형상점가,경기도,,,
8268c856412be30bbc1e,full_annotation_v1,A,q_분식_10,떡볶이 김밥 파는 곳,음식점 중 '분식'을 판매·제공하는 매장,test,분식,T4 구어·문장,c37d6b7a-d1ce-4005-8313-eb47eb598e07,참건강한이야기,견과류 건어물,성정시장(구 성정5단지시장),전통시장,충청남도,,,
e928b053d84e5aca6414,full_annotation_v1,A,q_분식_10,떡볶이 김밥 파는 곳,음식점 중 '분식'을 판매·제공하는 매장,test,분식,T4 구어·문장,817124e1-2597-4a8a-8b73-7ce1b03c7f2e,신전떡볶이 효천점,떡볶이 튀김 김밥 컵밥,효천로 골목형상점가,골목형상점가,광주광역시,,,
a82b2aa5eba7b8468ec1,full_annotation_v1,A,q_분식_10,떡볶이 김밥 파는 곳,음식점 중 '분식'을 판매·제공하는 매장,test,분식,T4 구어·문장,0badcdea-0ad3-4358-aab0-2570e7e02eaf,도라무통떡볶이,떡볶이,고척골목시장상점가,전통시장,서울특별시,,,
36471efccf00a44b8b95,full_annotation_v1,A,q_분식_10,떡볶이 김밥 파는 곳,음식점 중 '분식'을 판매·제공하는 매장,test,분식,T4 구어·문장,0c5c2ea1-277b-43bc-bb0d-adefbd2a0e9a,빠사시,김밥 떡볶이,월산상가 골목형 상점가,골목형상점가,충청남도,,,
71fce02fb121576b5b7c,full_annotation_v1,A,q_분식_10,떡볶이 김밥 파는 곳,음식점 중 '분식'을 판매·제공하는 매장,test,분식,T4 구어·문장,04152499-1e7f-451f-8393-4986be4bd671,신전떡볶이,떡볶이,행복상점가,자율상권구역,경상북도,,,
5a0d6cb64fb6a176db94,full_annotation_v1,A,q_분식_10,떡볶이 김밥 파는 곳,음식점 중 '분식'을 판매·제공하는 매장,test,분식,T4 구어·문장,eeee4c6c-b716-49c4-a263-34678e26f406,오뚜기분식,김밥 떡볶이 튀김,원주남부시장,전통시장,강원특별자치도,,,
8469c4e7f4cbd643d914,full_annotation_v1,A,q_분식_10,떡볶이 김밥 파는 곳,음식점 중 '분식'을 판매·제공하는 매장,test,분식,T4 구어·문장,76a3551b-dae4-4326-92cc-662015aedbfb,쉴 곳,한식,칠성로상점가,자율상권구역,제주특별자치도,,,
62ffd4c2fc8f7c60907e,full_annotation_v1,A,q_분식_10,떡볶이 김밥 파는 곳,음식점 중 '분식'을 판매·제공하는 매장,test,분식,T4 구어·문장,0e53e871-e3c4-4ec3-8ddf-e1dfffedd517,신전떡볶이,떡볶이,풍암중앙상인회 골목형상점가,골목형상점가,광주광역시,,,
8c071fbac322d53cf8de,full_annotation_v1,A,q_분식_10,떡볶이 김밥 파는 곳,음식점 중 '분식'을 판매·제공하는 매장,test,분식,T4 구어·문장,ad582439-39ee-46d8-b004-06665f2599dc,이모네 김밥,분식류 떡볶이 오뎅 순대 김밥 튀김,반여3동초록시장,전통시장,부산광역시,,,
db952df1ab0e950ee0ff,full_annotation_v1,A,q_분식_10,떡볶이 김밥 파는 곳,음식점 중 '분식'을 판매·제공하는 매장,test,분식,T4 구어·문장,c77b8265-252d-4bf4-87d6-d8346bf845f5,명동분식,음식점(분식) 김밥 떡볶이,까치산시장,전통시장,서울특별시,,,
87c5fd4d0a2d61412a2d,full_annotation_v1,A,q_분식_10,떡볶이 김밥 파는 곳,음식점 중 '분식'을 판매·제공하는 매장,test,분식,T4 구어·문장,41141106-89e9-41b4-93b0-34be9ee54a94,신전떡볶이,떡볶이,무꽃등 골목형상점가,골목형상점가,광주광역시,,,
8e24dd84758f8a24c6e0,full_annotation_v1,A,q_분식_10,떡볶이 김밥 파는 곳,음식점 중 '분식'을 판매·제공하는 매장,test,분식,T4 구어·문장,9a9160ef-879b-44e3-88d4-3f002316d6af,호키토키,키토 김밥 묵말랭이 떡볶이,효자동4동 후곡길 골목형상점가,골목형상점가,전북특별자치도,,,
09b2c236a326d915f107,full_annotation_v1,A,q_분식_10,떡볶이 김밥 파는 곳,음식점 중 '분식'을 판매·제공하는 매장,test,분식,T4 구어·문장,007d6b63-4e47-47fa-aaa5-6d0b5cc7280b,도토리김밥계룡엄사점,분식,엄사 골목형상점가,골목형상점가,충청남도,,,
d40d29d35a5ddda16808,full_annotation_v1,A,q_분식_10,떡볶이 김밥 파는 곳,음식점 중 '분식'을 판매·제공하는 매장,test,분식,T4 구어·문장,04a91b86-3405-4f8d-b0b8-eac86f3907c4,연지동토스트,커피토스트,연지시장,전통시장,부산광역시,,,
f27bdc0bc46185685825,full_annotation_v1,A,q_분식_10,떡볶이 김밥 파는 곳,음식점 중 '분식'을 판매·제공하는 매장,test,분식,T4 구어·문장,ce64da7f-980f-48bc-a27b-1dad41f7e2f3,동양상회,그릇,문경중앙시장,전통시장,경상북도,,,
4dac302416ed8dcc38a4,full_annotation_v1,A,q_분식_10,떡볶이 김밥 파는 곳,음식점 중 '분식'을 판매·제공하는 매장,test,분식,T4 구어·문장,104119aa-bd35-480c-8a36-c44d2d392e44,올바른 김밥,김밥,연남동골목형상점가,골목형상점가,서울특별시,,,
07262d0839c70fad57ca,full_annotation_v1,A,q_분식_10,떡볶이 김밥 파는 곳,음식점 중 '분식'을 판매·제공하는 매장,test,분식,T4 구어·문장,9f4fc8c6-f156-4759-bfe2-8ab5cf10b303,한결떡볶이,떡볶이,율곡동메타스퀘어 골목형상점가,골목형상점가,경상북도,,,
0f4a2a1aade72b820f39,full_annotation_v1,A,q_분식_10,떡볶이 김밥 파는 곳,음식점 중 '분식'을 판매·제공하는 매장,test,분식,T4 구어·문장,d9e37b20-09f7-462c-9f14-93234bc40f3f,용두,떡볶이,중동사랑시장,전통시장,경기도,,,
755a22efeffa4ade4211,full_annotation_v1,A,q_분식_10,떡볶이 김밥 파는 곳,음식점 중 '분식'을 판매·제공하는 매장,test,분식,T4 구어·문장,1ed61803-3fd2-4b75-a89b-104f49946465,루나수제쿠키.김밥,김밥,방림1어린이공원 골목형상점가,골목형상점가,광주광역시,,,
14758226bde421b3d218,full_annotation_v1,A,q_분식_10,떡볶이 김밥 파는 곳,음식점 중 '분식'을 판매·제공하는 매장,test,분식,T4 구어·문장,5a157cf2-712b-4d71-8147-c0627fcc784e,주전부리,김밥 및 떡볶이 등,세종전통시장,전통시장,세종특별자치시,,,
632737df04015b08bc24,full_annotation_v1,A,q_분식_10,떡볶이 김밥 파는 곳,음식점 중 '분식'을 판매·제공하는 매장,test,분식,T4 구어·문장,001bda4f-046f-44c5-b084-8de630ac405a,김밥윤,김밥 등,보람동 골목형상점가,골목형상점가,세종특별자치시,,,
7a7337d8ced2314d23c5,full_annotation_v1,A,q_분식_10,떡볶이 김밥 파는 곳,음식점 중 '분식'을 판매·제공하는 매장,test,분식,T4 구어·문장,5d2350ee-2e30-43c2-8425-12deda06c68a,정말맛있는떡볶이,떡볶이,산격종합시장,전통시장,대구광역시,,,
2ca865fe23bc7c6c8f64,full_annotation_v1,A,q_분식_10,떡볶이 김밥 파는 곳,음식점 중 '분식'을 판매·제공하는 매장,test,분식,T4 구어·문장,4ab5beec-5662-4224-8270-f796a01595db,옛날맛떡볶이,떡볶이,대왕암 월봉시장,전통시장,울산광역시,,,
b8e8232ca743392ef551,full_annotation_v1,A,q_분식_10,떡볶이 김밥 파는 곳,음식점 중 '분식'을 판매·제공하는 매장,test,분식,T4 구어·문장,00e34fb5-e7d3-43aa-b574-400ee31abae5,은혜만두,만두,북동 골목형상점가,골목형상점가,광주광역시,,,
fe22a49f205020dbe287,full_annotation_v1,A,q_분식_10,떡볶이 김밥 파는 곳,음식점 중 '분식'을 판매·제공하는 매장,test,분식,T4 구어·문장,c5e28194-33ea-4ac0-a0b2-ae84d43e2d71,스마일 꽈배끼,꽈배기,서천시장거리 골목형상점가,골목형상점가,충청남도,,,
18a00ccde45e9dbd9e8f,full_annotation_v1,A,q_분식_10,떡볶이 김밥 파는 곳,음식점 중 '분식'을 판매·제공하는 매장,test,분식,T4 구어·문장,b273d4a7-b227-4b90-9b4c-0438306ad924,오늘에 떡볶이,분식,메트로센터(반월당지하쇼핑),일반지하상점가,대구광역시,,,
3f5a5ea9efdf510c8ea8,full_annotation_v1,A,q_분식_10,떡볶이 김밥 파는 곳,음식점 중 '분식'을 판매·제공하는 매장,test,분식,T4 구어·문장,80184af3-549b-41e2-9efe-b8ca994b0de0,이모네김밥,"김밥, 떡볶이, 튀김 등",신철원시장,전통시장,강원특별자치도,,,
246cfd36d3e382f9d27f,full_annotation_v1,A,q_분식_10,떡볶이 김밥 파는 곳,음식점 중 '분식'을 판매·제공하는 매장,test,분식,T4 구어·문장,366ca53e-784c-451d-9fbc-d08616cc6a65,통 떡볶이,떡볶이 오뎅,상도약수골목형상점가,골목형상점가,서울특별시,,,
e2dacb7efc0ed5051748,full_annotation_v1,A,q_분식_10,떡볶이 김밥 파는 곳,음식점 중 '분식'을 판매·제공하는 매장,test,분식,T4 구어·문장,447d62d7-01a6-428d-98d3-c536c70e544f,마포매운쌀떡볶이,떡볶이,수원역세권활성화구역,상권활성화구역,경기도,,,
034393ffa0fbace834cf,full_annotation_v1,A,q_분식_10,떡볶이 김밥 파는 곳,음식점 중 '분식'을 판매·제공하는 매장,test,분식,T4 구어·문장,3614d0ab-478f-42eb-8924-2b7f38bf4c7b,참맛 김밥,김밥,대전정원시장,전통시장,대전광역시,,,
f3fba560eb5025a8cc3c,full_annotation_v1,A,q_분식_10,떡볶이 김밥 파는 곳,음식점 중 '분식'을 판매·제공하는 매장,test,분식,T4 구어·문장,6825e207-6612-42ca-80fd-b6466d73274c,볼빨간 떡볶이,,부안마실 상권활성화구역,상권활성화구역,전북특별자치도,,,
f05d1b5f59f463d03646,full_annotation_v1,A,q_분식_10,떡볶이 김밥 파는 곳,음식점 중 '분식'을 판매·제공하는 매장,test,분식,T4 구어·문장,d3e11c51-3236-40f4-b8fa-42e4f840b8f7,한강라면 한강분식,"라면, 떡볶이, 김밥, 주먹밥, 피자, 핫도그, 빙수류 등",충장로123가 상점가,자율상권구역,광주광역시,,,
b0302780785c0b5c19aa,full_annotation_v1,A,q_분식_10,떡볶이 김밥 파는 곳,음식점 중 '분식'을 판매·제공하는 매장,test,분식,T4 구어·문장,8ba6b0ce-10cc-406f-8b94-0a60838b6766,흙과나무,주방용품,영주로상권,자율상권구역,경상북도,,,
8f8859c6355dda9fdfb0,full_annotation_v1,A,q_분식_10,떡볶이 김밥 파는 곳,음식점 중 '분식'을 판매·제공하는 매장,test,분식,T4 구어·문장,ea98412a-0437-4b95-a30e-5b7d96b634b9,조원떡볶이,떡볶이김밥,조원시장,전통시장,경기도,,,
1335898e4da4f5464ac0,full_annotation_v1,A,q_분식_10,떡볶이 김밥 파는 곳,음식점 중 '분식'을 판매·제공하는 매장,test,분식,T4 구어·문장,6247169f-31a8-4c51-8d42-aab5e19c8b11,부전떡볶이,떡볶이,부전상가시장,전통시장,부산광역시,,,
84d096a982bac3b42553,full_annotation_v1,A,q_분식_10,떡볶이 김밥 파는 곳,음식점 중 '분식'을 판매·제공하는 매장,test,분식,T4 구어·문장,e8307c19-2578-43b1-83dd-3da8bb2da718,나라철물보일러,철물,풍향골 골목형상점가,골목형상점가,광주광역시,,,
ac52e600522125da88b3,full_annotation_v1,A,q_분식_10,떡볶이 김밥 파는 곳,음식점 중 '분식'을 판매·제공하는 매장,test,분식,T4 구어·문장,00ca89c2-42a8-432d-ba4b-5abd23c18ab0,계란밥,계란밥분식,시청역상가번영회 골목형상점가,골목형상점가,광주광역시,,,
bd290882e28aa2184a2e,full_annotation_v1,A,q_분식_10,떡볶이 김밥 파는 곳,음식점 중 '분식'을 판매·제공하는 매장,test,분식,T4 구어·문장,ab29e0a3-54ba-43d6-8d06-774d05760fd4,명동김밥,김밥 떡볶이,까치산시장,전통시장,서울특별시,,,
29bfd27bdcd480d20ec0,full_annotation_v1,A,q_분식_10,떡볶이 김밥 파는 곳,음식점 중 '분식'을 판매·제공하는 매장,test,분식,T4 구어·문장,d4d96fd3-1106-439f-83d7-573789969e9e,신떡,떡볶이,혁신도시5구역골목형상점가,골목형상점가,강원특별자치도,,,
d317496fb2373ca0164e,full_annotation_v1,A,q_분식_10,떡볶이 김밥 파는 곳,음식점 중 '분식'을 판매·제공하는 매장,test,분식,T4 구어·문장,008594db-d86c-4014-bf5c-16f6cd40402d,와글와글봄소풍,김밥,다사역 골목형상점가,골목형상점가,대구광역시,,,
d9f58e166e6f994d642b,full_annotation_v1,A,q_분식_10,떡볶이 김밥 파는 곳,음식점 중 '분식'을 판매·제공하는 매장,test,분식,T4 구어·문장,20b40099-91ac-46f9-992d-a966c1d17a38,또또꼬마김밥 혁신점,김밥 떡볶이,나주혁신도시 골목형상점가,골목형상점가,전라남도,,,
980c7ab477f97d75734c,full_annotation_v1,A,q_분식_10,떡볶이 김밥 파는 곳,음식점 중 '분식'을 판매·제공하는 매장,test,분식,T4 구어·문장,24456103-f6b8-46af-8655-82e61d7265d8,커피가 머무르는 곳,커피,반드레길골목형상점가,골목형상점가,서울특별시,,,
b5357657e6274ddba471,full_annotation_v1,A,q_분식_10,떡볶이 김밥 파는 곳,음식점 중 '분식'을 판매·제공하는 매장,test,분식,T4 구어·문장,bb9657e5-4478-486f-ad4e-512feddd6fd2,부산떡볶이,떡볶이,창원 명서시장,전통시장,경상남도,,,
4e36495d4c9152622628,full_annotation_v1,A,q_분식_10,떡볶이 김밥 파는 곳,음식점 중 '분식'을 판매·제공하는 매장,test,분식,T4 구어·문장,e7d340b6-c235-4697-b866-d64ca891fa01,왕자떡볶이,떡볶이,포방터시장,전통시장,서울특별시,,,
8b6046041e78c9db9a1a,full_annotation_v1,A,q_분식_10,떡볶이 김밥 파는 곳,음식점 중 '분식'을 판매·제공하는 매장,test,분식,T4 구어·문장,0b8ef6dc-2f6b-4707-bd73-529122d9c97a,하단떡집,떡집,하단오일상설시장,전통시장,부산광역시,,,
d20a4a1876513da624e9,full_annotation_v1,A,q_분식_10,떡볶이 김밥 파는 곳,음식점 중 '분식'을 판매·제공하는 매장,test,분식,T4 구어·문장,da670fa3-2148-4109-960c-42607176f477,세종떡볶이,김밥,가재마을 골목형상점가,골목형상점가,세종특별자치시,,,
073d55324c966a21ebc4,full_annotation_v1,A,q_분식_10,떡볶이 김밥 파는 곳,음식점 중 '분식'을 판매·제공하는 매장,test,분식,T4 구어·문장,00e30e6c-dde0-49cd-9e3e-95465aa4247e,동해분식,분식,서남신시장,전통시장,대구광역시,,,
671e5cb3321efa0aa676,full_annotation_v1,A,q_분식_10,떡볶이 김밥 파는 곳,음식점 중 '분식'을 판매·제공하는 매장,test,분식,T4 구어·문장,8f90ec67-5ed8-4ae8-a390-3bd207b4c8ed,김밥카페,김밥 떡볶이,반곡동행복 골목형상점가,골목형상점가,세종특별자치시,,,
c21cc2c6bac56fc1381f,full_annotation_v1,A,q_분식_10,떡볶이 김밥 파는 곳,음식점 중 '분식'을 판매·제공하는 매장,test,분식,T4 구어·문장,064d899b-c65a-4b75-9a15-9ca1eaf707f4,이삭토스트,토스트 등,매탄중심상가 골목형상점가,골목형상점가,경기도,,,
2ea7d09f24f589ef8b7c,full_annotation_v1,A,q_분식_10,떡볶이 김밥 파는 곳,음식점 중 '분식'을 판매·제공하는 매장,test,분식,T4 구어·문장,00e9517a-1887-4acf-b072-10c7cadf9512,불닭발 땡초 동대문 엽기 떡볶이,분식,유엔남구 대학로 상권,,부산광역시,,,
ef6d90c3e0f07295d1c7,full_annotation_v1,A,q_분식_10,떡볶이 김밥 파는 곳,음식점 중 '분식'을 판매·제공하는 매장,test,분식,T4 구어·문장,001cb3d4-5441-4963-b517-d5b3904ee312,현창떡집,떡집,목포동부시장,전통시장,전라남도,,,
81ed30a142705894e982,full_annotation_v1,A,q_분식_10,떡볶이 김밥 파는 곳,음식점 중 '분식'을 판매·제공하는 매장,test,분식,T4 구어·문장,00783b5c-54fd-42fc-8bcf-1ea7fce865d5,쫀득분식,분식,임방울거리3구역 골목형상점가,골목형상점가,광주광역시,,,
e2044b66d5bd8cfa1a44,full_annotation_v1,A,q_분식_10,떡볶이 김밥 파는 곳,음식점 중 '분식'을 판매·제공하는 매장,test,분식,T4 구어·문장,015915e3-2542-4245-b627-0c775b4c5501,한내떡집,,거제 고현시장,전통시장,경상남도,,,
2fc05f541428b6fdcbf6,full_annotation_v1,A,q_분식_10,떡볶이 김밥 파는 곳,음식점 중 '분식'을 판매·제공하는 매장,test,분식,T4 구어·문장,01853453-69ac-4f55-9cd8-09e40088ab59,가마솥왕만두,만두,울산번개시장,전통시장,울산광역시,,,
15dd4a1bc157eca21344,full_annotation_v1,A,q_분식_10,떡볶이 김밥 파는 곳,음식점 중 '분식'을 판매·제공하는 매장,test,분식,T4 구어·문장,c111ac9d-3f3a-405c-a8db-4d127ccda9e2,행복이 있는 곳,잡화,제주로얄쇼핑센터,자율상권구역,제주특별자치도,,,
c2c32c3c79f064decf06,full_annotation_v1,A,q_분식_10,떡볶이 김밥 파는 곳,음식점 중 '분식'을 판매·제공하는 매장,test,분식,T4 구어·문장,8999b2f3-923c-4484-8b1f-4fe276ee5594,철길 떡볶이,한식,망원시장,전통시장,서울특별시,,,
e101a26b1eb9b94e1c66,full_annotation_v1,A,q_분식_10,떡볶이 김밥 파는 곳,음식점 중 '분식'을 판매·제공하는 매장,test,분식,T4 구어·문장,0a891050-80f2-4423-a5a4-fbd505f1e519,이삭토스트 대전테크노밸리점,토스트,테크노밸리 골목형상점가,골목형상점가,대전광역시,,,
6dd2687816fef893305b,full_annotation_v1,A,q_분식_10,떡볶이 김밥 파는 곳,음식점 중 '분식'을 판매·제공하는 매장,test,분식,T4 구어·문장,de05d917-8992-4480-a6cf-d5909c056c8f,돼지콩,떡볶이,해남읍 원도심 상권활성화구역,상권활성화구역,전라남도,,,
10384ca1d04278e17f03,full_annotation_v1,A,q_분식_10,떡볶이 김밥 파는 곳,음식점 중 '분식'을 판매·제공하는 매장,test,분식,T4 구어·문장,b92eb4d8-4ea4-47af-9f01-966b4a6fdb99,아델헤어,헤어,서천시장거리 골목형상점가,골목형상점가,충청남도,,,
b3cb709e2e701c3b650d,full_annotation_v1,A,q_분식_10,떡볶이 김밥 파는 곳,음식점 중 '분식'을 판매·제공하는 매장,test,분식,T4 구어·문장,a416ecbc-edc2-44a2-82ca-39e355d5f2ee,꼬김빱안산고잔신도시점,분식 김밥 떡볶이,사리골상점가,자율상권구역,경기도,,,
37c2161763f8015b15c1,full_annotation_v1,A,q_분식_10,떡볶이 김밥 파는 곳,음식점 중 '분식'을 판매·제공하는 매장,test,분식,T4 구어·문장,04b03558-95d1-4a0e-a9e2-9a9e72bdadb2,배가찐왕만두,만두,문흥2동 골목형상점가,골목형상점가,광주광역시,,,
183beb8ff593f280deaa,full_annotation_v1,A,q_분식_10,떡볶이 김밥 파는 곳,음식점 중 '분식'을 판매·제공하는 매장,test,분식,T4 구어·문장,a44cae70-8c24-43fa-baa3-2aebf532e47e,갤러리분식,한식 떡볶이 김밥,안성맞춤시장,전통시장,경기도,,,
1d734fc4dafd9446989a,full_annotation_v1,A,q_분식_10,떡볶이 김밥 파는 곳,음식점 중 '분식'을 판매·제공하는 매장,test,분식,T4 구어·문장,016f68a3-c16f-467c-af96-22466baf3a6a,쉬즈베이글,토스트,읍내리 원도심 골목형상점가,골목형상점가,전라남도,,,
5c2cf6c0e7e0061a190b,full_annotation_v1,A,q_분식_10,떡볶이 김밥 파는 곳,음식점 중 '분식'을 판매·제공하는 매장,test,분식,T4 구어·문장,0075dacf-3e3f-47b8-a4af-d3a2ff866348,북툰커피앤카페,찐빵 만두 커피,신창진흥 골목형상점가,골목형상점가,광주광역시,,,
eb07764b04e70cf03b98,full_annotation_v1,A,q_분식_10,떡볶이 김밥 파는 곳,음식점 중 '분식'을 판매·제공하는 매장,test,분식,T4 구어·문장,23cf5255-56e3-45a5-bd6a-b7203dddfcc1,홍천떡볶이,떡볶이,신장대리 자율상권구역,,강원특별자치도,,,
096239c9c146027d9373,full_annotation_v1,A,q_분식_10,떡볶이 김밥 파는 곳,음식점 중 '분식'을 판매·제공하는 매장,test,분식,T4 구어·문장,092b9afc-d6ae-4516-933a-6cde7a232624,북경루,일반음식(중식),옥천공설시장,전통시장,충청북도,,,
c9f375e97d38dc6f42a6,full_annotation_v1,A,q_분식_10,떡볶이 김밥 파는 곳,음식점 중 '분식'을 판매·제공하는 매장,test,분식,T4 구어·문장,7a7cf641-2ee9-4f37-a48f-a68df22e2680,신전 떡볶이,분식,안마을 골목형상점가,골목형상점가,서울특별시,,,
24189a71eb4b00810cfd,full_annotation_v1,A,q_분식_10,떡볶이 김밥 파는 곳,음식점 중 '분식'을 판매·제공하는 매장,test,분식,T4 구어·문장,bd6eff03-6504-4e47-967f-970e5a99a67d,신전떡볶이,떡볶이,은행동상점가(구 으능정이상점가),자율상권구역,대전광역시,,,
5cc4d3cd9cd9de560696,full_annotation_v1,A,q_분식_10,떡볶이 김밥 파는 곳,음식점 중 '분식'을 판매·제공하는 매장,test,분식,T4 구어·문장,005313c8-dce8-49b6-9841-9143ebb1305a,동원떡집,,박달시장,전통시장,경기도,,,
a8b278a364824368076d,full_annotation_v1,A,q_분식_10,떡볶이 김밥 파는 곳,음식점 중 '분식'을 판매·제공하는 매장,test,분식,T4 구어·문장,0018c143-a8bd-4461-a8ae-ee348edfad7a,김가네의정부중앙역점,김밥 분식 식사등,의정부시 구도심 상권활성화구역,상권활성화구역,경기도,,,
fa8b93b628cca3e6b718,full_annotation_v1,A,q_분식_10,떡볶이 김밥 파는 곳,음식점 중 '분식'을 판매·제공하는 매장,test,분식,T4 구어·문장,00719699-eb0c-4473-bda9-7a16eace345e,봉식이옛날왕만두,만두,삼익 골목형상점가,골목형상점가,서울특별시,,,
7677591c568e4c3854d2,full_annotation_v1,A,q_분식_10,떡볶이 김밥 파는 곳,음식점 중 '분식'을 판매·제공하는 매장,test,분식,T4 구어·문장,16fb62a7-d353-440e-bb63-9cfbd49b28ca,맛있는 김밥,"김밥, 떡볶이, 라면",안성맞춤시장,전통시장,경기도,,,
790c4d30ab27e6946ea7,full_annotation_v1,A,q_분식_10,떡볶이 김밥 파는 곳,음식점 중 '분식'을 판매·제공하는 매장,test,분식,T4 구어·문장,31584541-5628-4723-9020-47600806b8b6,또와 떡볶이,떡볶이,포수말 골목형상점가,골목형상점가,서울특별시,,,
b7890fe6b1c5cf63fc85,full_annotation_v1,A,q_분식_10,떡볶이 김밥 파는 곳,음식점 중 '분식'을 판매·제공하는 매장,test,분식,T4 구어·문장,f036eacc-02ab-4e37-b105-88467f31daa0,대인두부,두부,대인시장,전통시장,광주광역시,,,
043452f7ef5d2584b08f,full_annotation_v1,A,q_분식_10,떡볶이 김밥 파는 곳,음식점 중 '분식'을 판매·제공하는 매장,test,분식,T4 구어·문장,f8a076eb-d69c-4a69-8c59-7910d97370c7,신전떡볶이,떡볶이,해남읍 원도심 상권활성화구역,상권활성화구역,전라남도,,,
c7ce8c040d477bc26eb2,full_annotation_v1,A,q_분식_10,떡볶이 김밥 파는 곳,음식점 중 '분식'을 판매·제공하는 매장,test,분식,T4 구어·문장,6fe1fe81-a0f5-4e89-bd97-bd3409740760,광주야시장,한식,상무연하상인회 골목형상점가,골목형상점가,광주광역시,,,
e1da6f56a316760c4c72,full_annotation_v1,A,q_분식_10,떡볶이 김밥 파는 곳,음식점 중 '분식'을 판매·제공하는 매장,test,분식,T4 구어·문장,928e85a3-d850-4a5b-ae3b-a9cbc5827cc5,응급실떡볶이,떡볶이,상암마을상인회 골목형상점가,골목형상점가,광주광역시,,,
7e301e7bb4b86e98d1b3,full_annotation_v1,A,q_분식_10,떡볶이 김밥 파는 곳,음식점 중 '분식'을 판매·제공하는 매장,test,분식,T4 구어·문장,fe6d9159-d053-4090-8f62-c60342515674,대왕 판 떡볶이,떡볶이,더테라스골목형상점가,골목형상점가,인천광역시,,,
cc49e4a322f708f4f01d,full_annotation_v1,A,q_분식_10,떡볶이 김밥 파는 곳,음식점 중 '분식'을 판매·제공하는 매장,test,분식,T4 구어·문장,2743811c-5e71-4d2b-aa75-1b0147d44f2d,사우 꽃이 피는 곳,꽃,김포 풍년마을 골목형상점가,골목형상점가,경기도,,,
77d85581e1179b831f07,full_annotation_v1,A,q_분식_10,떡볶이 김밥 파는 곳,음식점 중 '분식'을 판매·제공하는 매장,test,분식,T4 구어·문장,fa34b7c5-260f-4689-9492-01a37029d680,도노떡볶이,떡볶이,모현 청경채 골목형상점가,골목형상점가,경기도,,,
fa182f8e290e3efa34f4,full_annotation_v1,A,q_분식_10,떡볶이 김밥 파는 곳,음식점 중 '분식'을 판매·제공하는 매장,test,분식,T4 구어·문장,00b5a007-bb8d-47db-963d-ccc7e93c25ac,장호덕 손만두 백석점,만두,백석한들1번가 골목형상점가,골목형상점가,충청남도,,,
8aec3a9f00c06fc34a63,full_annotation_v1,A,q_분식_10,떡볶이 김밥 파는 곳,음식점 중 '분식'을 판매·제공하는 매장,test,분식,T4 구어·문장,a3e7ddec-1a95-4006-b012-4d7d05235dc7,김대표 운정점,"떡볶이, 김밥 외 분식류",한울카페거리 골목형상점가,골목형상점가,경기도,,,
2d2c81aeeef3b2dee8c6,full_annotation_v1,A,q_분식_10,떡볶이 김밥 파는 곳,음식점 중 '분식'을 판매·제공하는 매장,test,분식,T4 구어·문장,0ab4b1bd-93f1-4d46-b012-abfc9b1328dc,브라운토스트,"토스트, 음료",구즉 골목형상점가,골목형상점가,대전광역시,,,
a4784ada2fe422b41aad,full_annotation_v1,A,q_분식_10,떡볶이 김밥 파는 곳,음식점 중 '분식'을 판매·제공하는 매장,test,분식,T4 구어·문장,055b0501-9678-421c-9b8d-2994754df728,캠토토스트 계룡대실점,토스트,두마면 대실골목형상점가,골목형상점가,충청남도,,,
bf0ce6bd7f1b71d11f85,full_annotation_v1,A,q_분식_10,떡볶이 김밥 파는 곳,음식점 중 '분식'을 판매·제공하는 매장,test,분식,T4 구어·문장,c161453d-f2c8-4b97-a2c3-a54e0cbdb7e8,생활용품 싸게 파는 집,잡화,안성중앙시장,전통시장,경기도,,,
5ab17b3322fbd8be64ff,full_annotation_v1,A,q_분식_10,떡볶이 김밥 파는 곳,음식점 중 '분식'을 판매·제공하는 매장,test,분식,T4 구어·문장,ddea52d8-df5e-492b-8c35-43ac2628e0e6,1300도씨짬뽕&떡볶이,"떡볶이, 중식",강릉성남시장,전통시장,강원특별자치도,,,
27584bda9f18162dd15e,full_annotation_v1,A,q_분식_10,떡볶이 김밥 파는 곳,음식점 중 '분식'을 판매·제공하는 매장,test,분식,T4 구어·문장,017c71f5-48d0-4cce-a370-a84d34d36658,무봉리토종순대국파주운정점,,산내마을 골목형상점가,골목형상점가,경기도,,,
17267ae79a48b168442c,full_annotation_v1,A,q_분식_10,떡볶이 김밥 파는 곳,음식점 중 '분식'을 판매·제공하는 매장,test,분식,T4 구어·문장,55cadf2e-ffbf-4100-8f3d-8c195d075a17,청년떡볶이,떡볶이,왕지상가,자율상권구역,전라남도,,,
21a9fefac4ab6eb6b591,full_annotation_v1,A,q_분식_10,떡볶이 김밥 파는 곳,음식점 중 '분식'을 판매·제공하는 매장,test,분식,T4 구어·문장,32bdf209-1b0a-4a58-8fde-4ad9741ba394,금동봉자순대국밥 상무점,한식,상무연하상인회 골목형상점가,골목형상점가,광주광역시,,,
0e18deee8d3c913fc294,full_annotation_v1,A,q_분식_10,떡볶이 김밥 파는 곳,음식점 중 '분식'을 판매·제공하는 매장,test,분식,T4 구어·문장,a85f5fc6-33fa-4a9e-ab1f-84f44156d191,애플꼬마김밥 세종보람점,"김밥, 떡볶이",보람동 골목형상점가,골목형상점가,세종특별자치시,,,
05e88aa241610bd71776,full_annotation_v1,A,q_분식_10,떡볶이 김밥 파는 곳,음식점 중 '분식'을 판매·제공하는 매장,test,분식,T4 구어·문장,0f488307-5995-4336-ad14-d83e5752db9c,현대이모 떡볶이,떡볶이 순대 김밥 어묵,중곡제일골목시장(중곡제일전통시장),전통시장,서울특별시,,,
8ef166f8a8087b419565,full_annotation_v1,A,q_분식_10,떡볶이 김밥 파는 곳,음식점 중 '분식'을 판매·제공하는 매장,test,분식,T4 구어·문장,06db5753-7790-4100-b281-ff229c2dcc74,"김밥,달콤함에빠지다",김밥,가재울 골목형상점가,골목형상점가,인천광역시,,,
ecd30237d9893d85b04d,full_annotation_v1,A,q_분식_10,떡볶이 김밥 파는 곳,음식점 중 '분식'을 판매·제공하는 매장,test,분식,T4 구어·문장,830e5b33-2e53-4972-a31a-a50393f51342,맛나 김밥,김밥,맘모스상가 골목형상점가,골목형상점가,부산광역시,,,
f7f70eaa320d636f370d,full_annotation_v1,A,q_분식_10,떡볶이 김밥 파는 곳,음식점 중 '분식'을 판매·제공하는 매장,test,분식,T4 구어·문장,578742a5-3268-4341-8554-7faadfbee8e0,금치미김치찌개,김치찌게두루치기,북수원시장( 구 파장시장),전통시장,경기도,,,
66ce4b87bba5719a7641,full_annotation_v1,A,q_분식_10,떡볶이 김밥 파는 곳,음식점 중 '분식'을 판매·제공하는 매장,test,분식,T4 구어·문장,a2dfe8bc-d78c-473d-9055-daeee6f74583,똘이떡볶이,떡볶이,원주자유시장,전통시장,강원특별자치도,,,
34bc8544560529830872,full_annotation_v1,A,q_분식_10,떡볶이 김밥 파는 곳,음식점 중 '분식'을 판매·제공하는 매장,test,분식,T4 구어·문장,00ec6d6a-b0c1-4662-b17f-9c9f059a4bcd,백암서울순대국,순대국,강서구청먹자골목골목형상점가,골목형상점가,서울특별시,,,
f5796c3d98309849315e,full_annotation_v1,A,q_분식_10,떡볶이 김밥 파는 곳,음식점 중 '분식'을 판매·제공하는 매장,test,분식,T4 구어·문장,2eafbffc-26cc-4bbd-b529-00d4feb9f16b,오늘의 김밥,김밥,노대물빛근린공원 골목형상점가,골목형상점가,광주광역시,,,
b04bcec685ac77a0804c,full_annotation_v1,A,q_분식_10,떡볶이 김밥 파는 곳,음식점 중 '분식'을 판매·제공하는 매장,test,분식,T4 구어·문장,86d23af4-44da-47e8-a80a-5b858b72a312,빨간자전거 떡볶이,"분식, 떡볶이",안성명동거리 골목형상점가,골목형상점가,경기도,,,
6a9067f0e43915db6557,full_annotation_v1,A,q_분식_10,떡볶이 김밥 파는 곳,음식점 중 '분식'을 판매·제공하는 매장,test,분식,T4 구어·문장,f886ec88-fa78-4680-8b92-0b8d772a0db2,얌볶이,떡볶이,사리골상점가,자율상권구역,경기도,,,
177c9891ccc5bbd17844,full_annotation_v1,A,q_분식_10,떡볶이 김밥 파는 곳,음식점 중 '분식'을 판매·제공하는 매장,test,분식,T4 구어·문장,35a7ac5d-8c4f-4912-ab65-675025fd6c2a,팬텀,의류,모아패션아울렛 골목형상점가,골목형상점가,경기도,,,
38f4b23119e2c82f0542,full_annotation_v1,A,q_분식_10,떡볶이 김밥 파는 곳,음식점 중 '분식'을 판매·제공하는 매장,test,분식,T4 구어·문장,2e054eec-c126-4e5b-9adb-db1c220e14f9,로맨스빠빠의곱창가게,음식점,검단중앙 골목형상점가,골목형상점가,인천광역시,,,
a4dda7b11ecbabdf13b9,full_annotation_v1,A,q_분식_10,떡볶이 김밥 파는 곳,음식점 중 '분식'을 판매·제공하는 매장,test,분식,T4 구어·문장,bc67615a-5ff4-42f5-b17c-a9ba8d81d38c,참 떡볶이,,청주대중앙로골목형상점가,골목형상점가,충청북도,,,
29588b3f1421697002db,full_annotation_v1,A,q_분식_10,떡볶이 김밥 파는 곳,음식점 중 '분식'을 판매·제공하는 매장,test,분식,T4 구어·문장,4a04119b-31d9-4668-9309-9680043b8801,다르다김밥 봉선본점,김밥 주먹밥 떡볶이,봉선2중앙로 골목형상점가,골목형상점가,광주광역시,,,
710d00ce5d6814b0f22a,full_annotation_v1,A,q_분식_10,떡볶이 김밥 파는 곳,음식점 중 '분식'을 판매·제공하는 매장,test,분식,T4 구어·문장,02f03161-3a15-416f-bdd6-8ad5bd17781d,시골참순대,,관저동 먹자골목 골목형상점가,골목형상점가,대전광역시,,,
1400eeb55936568c4355,full_annotation_v1,A,q_분식_10,떡볶이 김밥 파는 곳,음식점 중 '분식'을 판매·제공하는 매장,test,분식,T4 구어·문장,99d46f06-315a-4fe1-800f-2de6c8ffb1a6,김밥천국 주월점,"김밥, 떡볶이 등",세은 골목형상점가,골목형상점가,광주광역시,,,
6ad7eafd86f196d6066c,full_annotation_v1,A,q_분식_10,떡볶이 김밥 파는 곳,음식점 중 '분식'을 판매·제공하는 매장,test,분식,T4 구어·문장,81b8ce57-3bcb-423b-aa79-832848d96321,소담분식,"김밥, 떡볶이, 김치찌개 등",선교지구 골목형상점가,골목형상점가,광주광역시,,,
5fb4e2b4496d37f07162,full_annotation_v1,A,q_분식_10,떡볶이 김밥 파는 곳,음식점 중 '분식'을 판매·제공하는 매장,test,분식,T4 구어·문장,04c905ba-3172-4ea4-a6dd-4345d674dea0,덕순이네,제조업(떡집),장터길 골목형상점가,골목형상점가,경기도,,,
27efe30c0dcd911f5426,full_annotation_v1,A,q_분식_10,떡볶이 김밥 파는 곳,음식점 중 '분식'을 판매·제공하는 매장,test,분식,T4 구어·문장,0011cf6d-567e-4c3b-b113-363daa11212a,김밥먹고 닭꼬치,,배방상점가,자율상권구역,충청남도,,,
4574b0d55eaf36105213,full_annotation_v1,A,q_분식_10,떡볶이 김밥 파는 곳,음식점 중 '분식'을 판매·제공하는 매장,test,분식,T4 구어·문장,75641842-ea32-434f-acdf-3fcaa3e72c4e,효주네 김밥,김밥,서귀포중심상가번영회,자율상권구역,제주특별자치도,,,
71e5238a0afcccc201aa,full_annotation_v1,A,q_분식_10,떡볶이 김밥 파는 곳,음식점 중 '분식'을 판매·제공하는 매장,test,분식,T4 구어·문장,9d91bcbc-7e51-43b3-a3b7-eb6d84f5fe33,함바그21.1,함박스테이크,조원시장,전통시장,경기도,,,
dab911b323ac5b105131,full_annotation_v1,A,q_분식_10,떡볶이 김밥 파는 곳,음식점 중 '분식'을 판매·제공하는 매장,test,분식,T4 구어·문장,f4ad88be-da19-41cc-a634-6b0eeb7f097f,다솜이네,떡볶이,정선아리랑시장,전통시장,강원특별자치도,,,
02c8edbe7ff8c6dcc8cc,full_annotation_v1,A,q_분식_10,떡볶이 김밥 파는 곳,음식점 중 '분식'을 판매·제공하는 매장,test,분식,T4 구어·문장,0910caae-ad67-4ef3-934e-fff4c6059206,참토스트 대전학하점,토스트,계산동 골목형상점가,골목형상점가,대전광역시,,,
edfc0321e72aa30cfbe8,full_annotation_v1,A,q_분식_10,떡볶이 김밥 파는 곳,음식점 중 '분식'을 판매·제공하는 매장,test,분식,T4 구어·문장,8984f55c-4843-417a-8dfc-c50e03d0c74b,누나김밥,"김밥, 떡볶이",운남7단지먹자거리 골목형상점가,골목형상점가,광주광역시,,,
3d6bc34f48ba22e29e6c,full_annotation_v1,A,q_분식_10,떡볶이 김밥 파는 곳,음식점 중 '분식'을 판매·제공하는 매장,test,분식,T4 구어·문장,44def3b6-8b36-4c47-909c-c6c0ce341d34,부산 떡볶이,,범리단길 골목형상점가,골목형상점가,부산광역시,,,
7ac2c2ccad7f6dfce5b7,full_annotation_v1,A,q_분식_10,떡볶이 김밥 파는 곳,음식점 중 '분식'을 판매·제공하는 매장,test,분식,T4 구어·문장,b3ada2ad-908f-40ad-945e-1be1f5a37b9b,오셔유 떡볶이,,안산다농마트전통시장,전통시장,경기도,,,
06af24d61aa40674bdbd,full_annotation_v1,A,q_분식_10,떡볶이 김밥 파는 곳,음식점 중 '분식'을 판매·제공하는 매장,test,분식,T4 구어·문장,c92cbfda-2358-487c-9ce2-ec9f56f97293,산타떡볶이,김밥,쌍학로상인회 골목형상점가,골목형상점가,광주광역시,,,
71c8372d7a0d7e46aede,full_annotation_v1,A,q_분식_10,떡볶이 김밥 파는 곳,음식점 중 '분식'을 판매·제공하는 매장,test,분식,T4 구어·문장,daf616bc-affe-4a12-bab0-0b5cb269a1c2,이모네 김밥,김밥,여수서시장주변시장,전통시장,전라남도,,,
c00bda9a10c046d8e03e,full_annotation_v1,A,q_분식_10,떡볶이 김밥 파는 곳,음식점 중 '분식'을 판매·제공하는 매장,test,분식,T4 구어·문장,03c24ed1-1000-4d0a-9167-76e24e042340,신전떡볶이,떡볶이,전북대대학로상점가,자율상권구역,전북특별자치도,,,
ee9f8cc90c29b8a287df,full_annotation_v1,A,q_분식_10,떡볶이 김밥 파는 곳,음식점 중 '분식'을 판매·제공하는 매장,test,분식,T4 구어·문장,cee1d439-c722-46be-b68f-7077546679d6,코코호도 영주하망점,호도과자,영주로상권,자율상권구역,경상북도,,,
a4a45e4cc45294ade4d8,full_annotation_v1,A,q_분식_10,떡볶이 김밥 파는 곳,음식점 중 '분식'을 판매·제공하는 매장,test,분식,T4 구어·문장,024c1f10-1fe0-4be3-8bde-6465f5cd8c43,오늘은 떡볶이,"떡볶이, 튀김, 순대 등",석촌시장,전통시장,서울특별시,,,
5db2224d5bece76cd433,full_annotation_v1,A,q_분식_10,떡볶이 김밥 파는 곳,음식점 중 '분식'을 판매·제공하는 매장,test,분식,T4 구어·문장,0596cc53-c95b-47a3-b8a5-b6ebe1b396ea,신전 떡볶이 논공점,떡볶이 튀김 등,평광청구상가 골목형상점가,골목형상점가,대구광역시,,,
9a03a663ebbca737ecd3,full_annotation_v1,A,q_분식_10,떡볶이 김밥 파는 곳,음식점 중 '분식'을 판매·제공하는 매장,test,분식,T4 구어·문장,0012a3b4-64a1-440c-a76e-f2be12a2f086,튀김집,분식,두암시장주변 골목형상점가,골목형상점가,광주광역시,,,
14f9bd7eb02d76986b23,full_annotation_v1,A,q_분식_10,떡볶이 김밥 파는 곳,음식점 중 '분식'을 판매·제공하는 매장,test,분식,T4 구어·문장,a654ed04-059f-4106-8fe3-018ab87eb009,시청앞 김밥,김밥,금촌문화로시장,전통시장,경기도,,,
41e160b34106d7cc5af1,full_annotation_v1,A,q_분식_10,떡볶이 김밥 파는 곳,음식점 중 '분식'을 판매·제공하는 매장,test,분식,T4 구어·문장,fe10c3ae-2d71-4ce3-bdc6-4058d5b0f724,신전떡볶이,떡볶이,고촌역 골목형상점가,골목형상점가,경기도,,,
c7a8e48ddf9da8888cec,full_annotation_v1,A,q_분식_10,떡볶이 김밥 파는 곳,음식점 중 '분식'을 판매·제공하는 매장,test,분식,T4 구어·문장,66b27451-9407-4167-ac29-887821fd3c43,김밥천국송산점,"김밥, 떡볶이, 분식",사강시장,전통시장,경기도,,,
316b2a45a5cd056d0f0d,full_annotation_v1,A,q_분식_10,떡볶이 김밥 파는 곳,음식점 중 '분식'을 판매·제공하는 매장,test,분식,T4 구어·문장,0239c4e7-2ae3-4f29-8952-19c6d9d1d9a9,세번째집,순대국밥,성환이화시장,전통시장,충청남도,,,
ad52eddd278a511c1505,full_annotation_v1,A,q_분식_11,떡볶이 먹을 곳,음식점 중 '분식'을 판매·제공하는 매장,test,분식,T4 구어·문장,31584541-5628-4723-9020-47600806b8b6,또와 떡볶이,떡볶이,포수말 골목형상점가,골목형상점가,서울특별시,,,
e2f53ec87d6df48bde18,full_annotation_v1,A,q_분식_11,떡볶이 먹을 곳,음식점 중 '분식'을 판매·제공하는 매장,test,분식,T4 구어·문장,00e34fb5-e7d3-43aa-b574-400ee31abae5,은혜만두,만두,북동 골목형상점가,골목형상점가,광주광역시,,,
c1d5b89e7f45bdc8cf3f,full_annotation_v1,A,q_분식_11,떡볶이 먹을 곳,음식점 중 '분식'을 판매·제공하는 매장,test,분식,T4 구어·문장,347c0408-78c0-463e-bece-620e79a20c29,모두랑,떡볶이,맹동혁신골목형상점가,골목형상점가,충청북도,,,
8539afa8ed7a81ee7e62,full_annotation_v1,A,q_분식_11,떡볶이 먹을 곳,음식점 중 '분식'을 판매·제공하는 매장,test,분식,T4 구어·문장,fe10c3ae-2d71-4ce3-bdc6-4058d5b0f724,신전떡볶이,떡볶이,고촌역 골목형상점가,골목형상점가,경기도,,,
add34abfe33f6d84303b,full_annotation_v1,A,q_분식_11,떡볶이 먹을 곳,음식점 중 '분식'을 판매·제공하는 매장,test,분식,T4 구어·문장,0075dacf-3e3f-47b8-a4af-d3a2ff866348,북툰커피앤카페,찐빵 만두 커피,신창진흥 골목형상점가,골목형상점가,광주광역시,,,
b7f8d3fa5f6702b0d9b7,full_annotation_v1,A,q_분식_11,떡볶이 먹을 곳,음식점 중 '분식'을 판매·제공하는 매장,test,분식,T4 구어·문장,fe6d9159-d053-4090-8f62-c60342515674,대왕 판 떡볶이,떡볶이,더테라스골목형상점가,골목형상점가,인천광역시,,,
019e652cf0d40e9b7fab,full_annotation_v1,A,q_분식_11,떡볶이 먹을 곳,음식점 중 '분식'을 판매·제공하는 매장,test,분식,T4 구어·문장,86d23af4-44da-47e8-a80a-5b858b72a312,빨간자전거 떡볶이,"분식, 떡볶이",안성명동거리 골목형상점가,골목형상점가,경기도,,,
9f42296a550c05d2648a,full_annotation_v1,A,q_분식_11,떡볶이 먹을 곳,음식점 중 '분식'을 판매·제공하는 매장,test,분식,T4 구어·문장,045215f0-9db0-4054-8c69-702841941f01,문토스트용호점,카페토스트,용호1동골목시장,전통시장,부산광역시,,,
77bd99de2504fac629e7,full_annotation_v1,A,q_분식_11,떡볶이 먹을 곳,음식점 중 '분식'을 판매·제공하는 매장,test,분식,T4 구어·문장,928e85a3-d850-4a5b-ae3b-a9cbc5827cc5,응급실떡볶이,떡볶이,상암마을상인회 골목형상점가,골목형상점가,광주광역시,,,
9c61e8168849a0dc903a,full_annotation_v1,A,q_분식_11,떡볶이 먹을 곳,음식점 중 '분식'을 판매·제공하는 매장,test,분식,T4 구어·문장,bb26911d-8390-4ccf-b1d2-f69fd30777b3,죠스떡볶이,떡볶이,산본로데오거리(구 산본중심상가),자율상권구역,경기도,,,
ff80b51b8353e4c8b572,full_annotation_v1,A,q_분식_11,떡볶이 먹을 곳,음식점 중 '분식'을 판매·제공하는 매장,test,분식,T4 구어·문장,c57a5a12-5d6a-40cb-b5bf-b7e13e6b9f81,떡볶이팩토리,떡볶이,바람골골목형상점가,골목형상점가,충청북도,,,
3d31ddc898d44786a442,full_annotation_v1,A,q_분식_11,떡볶이 먹을 곳,음식점 중 '분식'을 판매·제공하는 매장,test,분식,T4 구어·문장,c111ac9d-3f3a-405c-a8db-4d127ccda9e2,행복이 있는 곳,잡화,제주로얄쇼핑센터,자율상권구역,제주특별자치도,,,
ab9703ae6808c786c0f0,full_annotation_v1,A,q_분식_11,떡볶이 먹을 곳,음식점 중 '분식'을 판매·제공하는 매장,test,분식,T4 구어·문장,0239c4e7-2ae3-4f29-8952-19c6d9d1d9a9,세번째집,순대국밥,성환이화시장,전통시장,충청남도,,,
6c501718d502a54df1f2,full_annotation_v1,A,q_분식_11,떡볶이 먹을 곳,음식점 중 '분식'을 판매·제공하는 매장,test,분식,T4 구어·문장,5d2350ee-2e30-43c2-8425-12deda06c68a,정말맛있는떡볶이,떡볶이,산격종합시장,전통시장,대구광역시,,,
a359a5c3a8ac2779dab0,full_annotation_v1,A,q_분식_11,떡볶이 먹을 곳,음식점 중 '분식'을 판매·제공하는 매장,test,분식,T4 구어·문장,04b03558-95d1-4a0e-a9e2-9a9e72bdadb2,배가찐왕만두,만두,문흥2동 골목형상점가,골목형상점가,광주광역시,,,
a2ad9c3c87238fef2233,full_annotation_v1,A,q_분식_11,떡볶이 먹을 곳,음식점 중 '분식'을 판매·제공하는 매장,test,분식,T4 구어·문장,04c905ba-3172-4ea4-a6dd-4345d674dea0,덕순이네,제조업(떡집),장터길 골목형상점가,골목형상점가,경기도,,,
c43fbb7818d692c9f795,full_annotation_v1,A,q_분식_11,떡볶이 먹을 곳,음식점 중 '분식'을 판매·제공하는 매장,test,분식,T4 구어·문장,00e30e6c-dde0-49cd-9e3e-95465aa4247e,동해분식,분식,서남신시장,전통시장,대구광역시,,,
0864bcc8233098d32203,full_annotation_v1,A,q_분식_11,떡볶이 먹을 곳,음식점 중 '분식'을 판매·제공하는 매장,test,분식,T4 구어·문장,001bda4f-046f-44c5-b084-8de630ac405a,김밥윤,김밥 등,보람동 골목형상점가,골목형상점가,세종특별자치시,,,
7d47512f9f04ab6c98fb,full_annotation_v1,A,q_분식_11,떡볶이 먹을 곳,음식점 중 '분식'을 판매·제공하는 매장,test,분식,T4 구어·문장,4a7840b4-e648-423d-a2d5-496b8f4e29d9,응급실국물떡볶이,떡볶이,쌍문역둘리상점가,자율상권구역,서울특별시,,,
6f97d8de320a18e59904,full_annotation_v1,A,q_분식_11,떡볶이 먹을 곳,음식점 중 '분식'을 판매·제공하는 매장,test,분식,T4 구어·문장,024c1f10-1fe0-4be3-8bde-6465f5cd8c43,오늘은 떡볶이,"떡볶이, 튀김, 순대 등",석촌시장,전통시장,서울특별시,,,
4b883c86e644f2e577a3,full_annotation_v1,A,q_분식_11,떡볶이 먹을 곳,음식점 중 '분식'을 판매·제공하는 매장,test,분식,T4 구어·문장,c0f0bf51-9e8c-4cfc-9f50-f11bf80db023,쑥이네떡볶이,떡볶이,행당시장상점가,자율상권구역,서울특별시,,,
984754a42e70740a50ef,full_annotation_v1,A,q_분식_11,떡볶이 먹을 곳,음식점 중 '분식'을 판매·제공하는 매장,test,분식,T4 구어·문장,7901b4e3-90f4-4a58-8572-d9a88ab57da4,불닭발땡초동대문엽기떡볶이,떡볶이,화정금화로상인회 골목형상점가,골목형상점가,광주광역시,,,
bda5897b6677dc024263,full_annotation_v1,A,q_분식_11,떡볶이 먹을 곳,음식점 중 '분식'을 판매·제공하는 매장,test,분식,T4 구어·문장,6247169f-31a8-4c51-8d42-aab5e19c8b11,부전떡볶이,떡볶이,부전상가시장,전통시장,부산광역시,,,
c6b564de4e4ccb2aabae,full_annotation_v1,A,q_분식_11,떡볶이 먹을 곳,음식점 중 '분식'을 판매·제공하는 매장,test,분식,T4 구어·문장,005313c8-dce8-49b6-9841-9143ebb1305a,동원떡집,,박달시장,전통시장,경기도,,,
177ff73deb9383c2aea1,full_annotation_v1,A,q_분식_11,떡볶이 먹을 곳,음식점 중 '분식'을 판매·제공하는 매장,test,분식,T4 구어·문장,e7d340b6-c235-4697-b866-d64ca891fa01,왕자떡볶이,떡볶이,포방터시장,전통시장,서울특별시,,,
ceed0c7363369e84f004,full_annotation_v1,A,q_분식_11,떡볶이 먹을 곳,음식점 중 '분식'을 판매·제공하는 매장,test,분식,T4 구어·문장,6a7aa0be-2ebc-476d-b5d1-47110140173d,마몽드 네일,네일,반드레길골목형상점가,골목형상점가,서울특별시,,,
28aebc7084672c740e1a,full_annotation_v1,A,q_분식_11,떡볶이 먹을 곳,음식점 중 '분식'을 판매·제공하는 매장,test,분식,T4 구어·문장,ebe41542-2710-4e65-b5a9-27ae87be6b27,우리할매떡볶이,떡볶이,신용동 대성빌딩 골목형상점가,골목형상점가,광주광역시,,,
2df0f6cd26bd0eeafd91,full_annotation_v1,A,q_분식_11,떡볶이 먹을 곳,음식점 중 '분식'을 판매·제공하는 매장,test,분식,T4 구어·문장,40ba81b3-5554-4fd5-a2e8-ff1165666314,버무리떡볶이,떡볶이,아름동상점가,자율상권구역,세종특별자치시,,,
16c59affd1873ce48eb1,full_annotation_v1,A,q_분식_11,떡볶이 먹을 곳,음식점 중 '분식'을 판매·제공하는 매장,test,분식,T4 구어·문장,8054a814-155a-4af8-9836-f67cc4857f8a,우리분식,떡볶이,유천시장,전통시장,대전광역시,,,
66ff927f9ed57a7e126d,full_annotation_v1,A,q_분식_11,떡볶이 먹을 곳,음식점 중 '분식'을 판매·제공하는 매장,test,분식,T4 구어·문장,04152499-1e7f-451f-8393-4986be4bd671,신전떡볶이,떡볶이,행복상점가,자율상권구역,경상북도,,,
69f797d712ae4833fe89,full_annotation_v1,A,q_분식_11,떡볶이 먹을 곳,음식점 중 '분식'을 판매·제공하는 매장,test,분식,T4 구어·문장,f886ec88-fa78-4680-8b92-0b8d772a0db2,얌볶이,떡볶이,사리골상점가,자율상권구역,경기도,,,
8af24a6e77830119ddcb,full_annotation_v1,A,q_분식_11,떡볶이 먹을 곳,음식점 중 '분식'을 판매·제공하는 매장,test,분식,T4 구어·문장,41141106-89e9-41b4-93b0-34be9ee54a94,신전떡볶이,떡볶이,무꽃등 골목형상점가,골목형상점가,광주광역시,,,
de06a743e0307ae37d01,full_annotation_v1,A,q_분식_11,떡볶이 먹을 곳,음식점 중 '분식'을 판매·제공하는 매장,test,분식,T4 구어·문장,800ab30d-4ab3-495b-accb-5b14b686f69c,맛나즉석떡볶이,떡볶이,가양역사거리골목형상점가,골목형상점가,서울특별시,,,
292e6fbccea8e355db73,full_annotation_v1,A,q_분식_11,떡볶이 먹을 곳,음식점 중 '분식'을 판매·제공하는 매장,test,분식,T4 구어·문장,55cadf2e-ffbf-4100-8f3d-8c195d075a17,청년떡볶이,떡볶이,왕지상가,자율상권구역,전라남도,,,
4cd3e41c74bad2ca10ea,full_annotation_v1,A,q_분식_11,떡볶이 먹을 곳,음식점 중 '분식'을 판매·제공하는 매장,test,분식,T4 구어·문장,01853453-69ac-4f55-9cd8-09e40088ab59,가마솥왕만두,만두,울산번개시장,전통시장,울산광역시,,,
6fbaf1a66229d586b06f,full_annotation_v1,A,q_분식_11,떡볶이 먹을 곳,음식점 중 '분식'을 판매·제공하는 매장,test,분식,T4 구어·문장,bd0e3873-e4b8-4534-bca4-211d379f7ad4,신참떡볶이,떡볶이,전농로터리시장,전통시장,서울특별시,,,
9c3217ef7eb0c1d99915,full_annotation_v1,A,q_분식_11,떡볶이 먹을 곳,음식점 중 '분식'을 판매·제공하는 매장,test,분식,T4 구어·문장,0596cc53-c95b-47a3-b8a5-b6ebe1b396ea,신전 떡볶이 논공점,떡볶이 튀김 등,평광청구상가 골목형상점가,골목형상점가,대구광역시,,,
df0adcd0479679a64085,full_annotation_v1,A,q_분식_11,떡볶이 먹을 곳,음식점 중 '분식'을 판매·제공하는 매장,test,분식,T4 구어·문장,24456103-f6b8-46af-8655-82e61d7265d8,커피가 머무르는 곳,커피,반드레길골목형상점가,골목형상점가,서울특별시,,,
bebefaf8e43effd96bf5,full_annotation_v1,A,q_분식_11,떡볶이 먹을 곳,음식점 중 '분식'을 판매·제공하는 매장,test,분식,T4 구어·문장,de05d917-8992-4480-a6cf-d5909c056c8f,돼지콩,떡볶이,해남읍 원도심 상권활성화구역,상권활성화구역,전라남도,,,
58e925f668d1a6661bf3,full_annotation_v1,A,q_분식_11,떡볶이 먹을 곳,음식점 중 '분식'을 판매·제공하는 매장,test,분식,T4 구어·문장,bc67615a-5ff4-42f5-b17c-a9ba8d81d38c,참 떡볶이,,청주대중앙로골목형상점가,골목형상점가,충청북도,,,
e3971386c65259080a90,full_annotation_v1,A,q_분식_11,떡볶이 먹을 곳,음식점 중 '분식'을 판매·제공하는 매장,test,분식,T4 구어·문장,d9108a89-0a1c-4ba5-92fc-a189f36dccdd,영천할매떡볶이,떡볶이,백년시장(구 강북종합전통시장),전통시장,서울특별시,,,
4f1b697a4ea2fd3c7334,full_annotation_v1,A,q_분식_11,떡볶이 먹을 곳,음식점 중 '분식'을 판매·제공하는 매장,test,분식,T4 구어·문장,9f4fc8c6-f156-4759-bfe2-8ab5cf10b303,한결떡볶이,떡볶이,율곡동메타스퀘어 골목형상점가,골목형상점가,경상북도,,,
14ff7a3b09413c64985a,full_annotation_v1,A,q_분식_11,떡볶이 먹을 곳,음식점 중 '분식'을 판매·제공하는 매장,test,분식,T4 구어·문장,2031489f-e1fc-4106-92bc-d5cfb29e8206,제니스미용실,미용실,금부로상인회 골목형상점가,골목형상점가,광주광역시,,,
8eeee5b7bb58d93a5ba6,full_annotation_v1,A,q_분식_11,떡볶이 먹을 곳,음식점 중 '분식'을 판매·제공하는 매장,test,분식,T4 구어·문장,0e53e871-e3c4-4ec3-8ddf-e1dfffedd517,신전떡볶이,떡볶이,풍암중앙상인회 골목형상점가,골목형상점가,광주광역시,,,
5e5a99d7d2ef0b1915dd,full_annotation_v1,A,q_분식_11,떡볶이 먹을 곳,음식점 중 '분식'을 판매·제공하는 매장,test,분식,T4 구어·문장,3cda8568-67be-4274-bc7a-b56241df4de7,은희네,떡볶이,원주자유시장,전통시장,강원특별자치도,,,
1d181037ebe256f8c1d4,full_annotation_v1,A,q_분식_11,떡볶이 먹을 곳,음식점 중 '분식'을 판매·제공하는 매장,test,분식,T4 구어·문장,ef1c224d-eae9-4add-a511-b0aab7a6824d,동대문엽기떡볶이,떡볶이,성안길상점가,자율상권구역,충청북도,,,
98b45f2e06ef0948b680,full_annotation_v1,A,q_분식_11,떡볶이 먹을 곳,음식점 중 '분식'을 판매·제공하는 매장,test,분식,T4 구어·문장,b56980df-bec8-440d-941e-90d8d1e583c8,무등튀김,분식,무등시장,전통시장,광주광역시,,,
eb2d5a0b59da18264e9b,full_annotation_v1,A,q_분식_11,떡볶이 먹을 곳,음식점 중 '분식'을 판매·제공하는 매장,test,분식,T4 구어·문장,2743811c-5e71-4d2b-aa75-1b0147d44f2d,사우 꽃이 피는 곳,꽃,김포 풍년마을 골목형상점가,골목형상점가,경기도,,,
603ae36f2d1a43a77357,full_annotation_v1,A,q_분식_11,떡볶이 먹을 곳,음식점 중 '분식'을 판매·제공하는 매장,test,분식,T4 구어·문장,b1c732fb-c65f-4f16-9755-53b6268c9934,서울떡집,떡,인헌시장,전통시장,서울특별시,,,
d058a81da694d2a00333,full_annotation_v1,A,q_분식_11,떡볶이 먹을 곳,음식점 중 '분식'을 판매·제공하는 매장,test,분식,T4 구어·문장,0d5281f7-0404-4cb1-af8e-f1349db70f88,쏭스핫도그&떡볶이,,현대시장(분당구),전통시장,경기도,,,
cebf65b1c24d269544fb,full_annotation_v1,A,q_분식_11,떡볶이 먹을 곳,음식점 중 '분식'을 판매·제공하는 매장,test,분식,T4 구어·문장,373dbb8c-9f17-4bae-95c1-3c25df4fdee8,소풍,떡볶이,용산용문시장,전통시장,서울특별시,,,
cc85c9f66fdb794202a5,full_annotation_v1,A,q_분식_11,떡볶이 먹을 곳,음식점 중 '분식'을 판매·제공하는 매장,test,분식,T4 구어·문장,bd6eff03-6504-4e47-967f-970e5a99a67d,신전떡볶이,떡볶이,은행동상점가(구 으능정이상점가),자율상권구역,대전광역시,,,
ac2e751c45eb2d201e04,full_annotation_v1,A,q_분식_11,떡볶이 먹을 곳,음식점 중 '분식'을 판매·제공하는 매장,test,분식,T4 구어·문장,d26b1cbc-ad07-462b-af10-d524adb58fd5,순이네젓갈,반찬,솔샘시장 골목형상점가,골목형상점가,서울특별시,,,
f8675e164feb6218229e,full_annotation_v1,A,q_분식_11,떡볶이 먹을 곳,음식점 중 '분식'을 판매·제공하는 매장,test,분식,T4 구어·문장,c8ce9526-9f2b-44bc-9c91-a1b6bcbb5ae0,먹방이야기,떡볶이 분식,목포동부시장,전통시장,전라남도,,,
32012d50942667111da9,full_annotation_v1,A,q_분식_11,떡볶이 먹을 곳,음식점 중 '분식'을 판매·제공하는 매장,test,분식,T4 구어·문장,087715fb-f305-4ac4-8c75-e5cf8c4c5bdb,부라더떡볶이,분식 한식 떡볶이,송천동1가 골목형상점가,골목형상점가,전북특별자치도,,,
d968e5f4fbdd13389bb6,full_annotation_v1,A,q_분식_11,떡볶이 먹을 곳,음식점 중 '분식'을 판매·제공하는 매장,test,분식,T4 구어·문장,00b5a007-bb8d-47db-963d-ccc7e93c25ac,장호덕 손만두 백석점,만두,백석한들1번가 골목형상점가,골목형상점가,충청남도,,,
6c723e12d91dfd02a6e2,full_annotation_v1,A,q_분식_11,떡볶이 먹을 곳,음식점 중 '분식'을 판매·제공하는 매장,test,분식,T4 구어·문장,0badcdea-0ad3-4358-aab0-2570e7e02eaf,도라무통떡볶이,떡볶이,고척골목시장상점가,전통시장,서울특별시,,,
e55f7f44a32026b0f81b,full_annotation_v1,A,q_분식_11,떡볶이 먹을 곳,음식점 중 '분식'을 판매·제공하는 매장,test,분식,T4 구어·문장,447d62d7-01a6-428d-98d3-c536c70e544f,마포매운쌀떡볶이,떡볶이,수원역세권활성화구역,상권활성화구역,경기도,,,
b5f9351a5f1ef1e8eae4,full_annotation_v1,A,q_분식_11,떡볶이 먹을 곳,음식점 중 '분식'을 판매·제공하는 매장,test,분식,T4 구어·문장,694c7246-3020-4eb8-aece-b4b10db5c250,불닭발땡초동대문엽기떡볶이,떡볶이,전북대대학로상점가,자율상권구역,전북특별자치도,,,
046c212196958b781e8e,full_annotation_v1,A,q_분식_11,떡볶이 먹을 곳,음식점 중 '분식'을 판매·제공하는 매장,test,분식,T4 구어·문장,0012a3b4-64a1-440c-a76e-f2be12a2f086,튀김집,분식,두암시장주변 골목형상점가,골목형상점가,광주광역시,,,
d7e7b2c7c8d99867cb09,full_annotation_v1,A,q_분식_11,떡볶이 먹을 곳,음식점 중 '분식'을 판매·제공하는 매장,test,분식,T4 구어·문장,d6b88a38-f66e-4f32-90b1-c26c72ccbe4e,미미떡볶이,떡볶이,용산용문시장,전통시장,서울특별시,,,
5e140ca4c51ce092ef80,full_annotation_v1,A,q_분식_11,떡볶이 먹을 곳,음식점 중 '분식'을 판매·제공하는 매장,test,분식,T4 구어·문장,ac903aa0-4b41-4857-8469-3fc5d4b9404d,죠스떡볶이,떡볶이,풍암1로상인회 골목형상점가,골목형상점가,광주광역시,,,
eadc09c3be846f5d6453,full_annotation_v1,A,q_분식_11,떡볶이 먹을 곳,음식점 중 '분식'을 판매·제공하는 매장,test,분식,T4 구어·문장,dc90a491-9c15-41ac-aeb1-d94715113572,더블유(W) 노래연습장,노래방,반드레길골목형상점가,골목형상점가,서울특별시,,,
051983726857e59c2c6a,full_annotation_v1,A,q_분식_11,떡볶이 먹을 곳,음식점 중 '분식'을 판매·제공하는 매장,test,분식,T4 구어·문장,76a3551b-dae4-4326-92cc-662015aedbfb,쉴 곳,한식,칠성로상점가,자율상권구역,제주특별자치도,,,
ac16b511ecf2a0d005ee,full_annotation_v1,A,q_분식_11,떡볶이 먹을 곳,음식점 중 '분식'을 판매·제공하는 매장,test,분식,T4 구어·문장,001cb3d4-5441-4963-b517-d5b3904ee312,현창떡집,떡집,목포동부시장,전통시장,전라남도,,,
1426923e3faa60bef844,full_annotation_v1,A,q_분식_11,떡볶이 먹을 곳,음식점 중 '분식'을 판매·제공하는 매장,test,분식,T4 구어·문장,8999b2f3-923c-4484-8b1f-4fe276ee5594,철길 떡볶이,한식,망원시장,전통시장,서울특별시,,,
28ef556b21558d2be32d,full_annotation_v1,A,q_분식_11,떡볶이 먹을 곳,음식점 중 '분식'을 판매·제공하는 매장,test,분식,T4 구어·문장,007d6b63-4e47-47fa-aaa5-6d0b5cc7280b,도토리김밥계룡엄사점,분식,엄사 골목형상점가,골목형상점가,충청남도,,,
5595f35d797012380f52,full_annotation_v1,A,q_분식_11,떡볶이 먹을 곳,음식점 중 '분식'을 판매·제공하는 매장,test,분식,T4 구어·문장,65c3e702-e164-4dc4-92a2-a9f170d2501b,불닭발땡초동대문엽기떡볶이도안점,떡볶이,목원대 골목형상점가,골목형상점가,대전광역시,,,
22610f172b20770d7843,full_annotation_v1,A,q_분식_11,떡볶이 먹을 곳,음식점 중 '분식'을 판매·제공하는 매장,test,분식,T4 구어·문장,1546e068-0b8e-4b2b-94bb-729635b3d505,나능이,한식,황동길 골목형상점가,골목형상점가,전라남도,,,
7a5200a7af7bfc7ac496,full_annotation_v1,A,q_분식_11,떡볶이 먹을 곳,음식점 중 '분식'을 판매·제공하는 매장,test,분식,T4 구어·문장,064d899b-c65a-4b75-9a15-9ca1eaf707f4,이삭토스트,토스트 등,매탄중심상가 골목형상점가,골목형상점가,경기도,,,
e0961a6c00b996038086,full_annotation_v1,A,q_분식_11,떡볶이 먹을 곳,음식점 중 '분식'을 판매·제공하는 매장,test,분식,T4 구어·문장,00719699-eb0c-4473-bda9-7a16eace345e,봉식이옛날왕만두,만두,삼익 골목형상점가,골목형상점가,서울특별시,,,
139bd301992446d6444e,full_annotation_v1,A,q_분식_11,떡볶이 먹을 곳,음식점 중 '분식'을 판매·제공하는 매장,test,분식,T4 구어·문장,0910caae-ad67-4ef3-934e-fff4c6059206,참토스트 대전학하점,토스트,계산동 골목형상점가,골목형상점가,대전광역시,,,
af61983a7589cbe03e5f,full_annotation_v1,A,q_분식_11,떡볶이 먹을 곳,음식점 중 '분식'을 판매·제공하는 매장,test,분식,T4 구어·문장,055b0501-9678-421c-9b8d-2994754df728,캠토토스트 계룡대실점,토스트,두마면 대실골목형상점가,골목형상점가,충청남도,,,
d2ad8907aa592ad85c42,full_annotation_v1,A,q_분식_11,떡볶이 먹을 곳,음식점 중 '분식'을 판매·제공하는 매장,test,분식,T4 구어·문장,8f7736a8-2994-4436-b21e-b38e77a15f87,엽기떡볶이,떡볶이,뒷개로청춘골목상점가,골목형상점가,전라남도,,,
97721209432296825cd7,full_annotation_v1,A,q_분식_11,떡볶이 먹을 곳,음식점 중 '분식'을 판매·제공하는 매장,test,분식,T4 구어·문장,008594db-d86c-4014-bf5c-16f6cd40402d,와글와글봄소풍,김밥,다사역 골목형상점가,골목형상점가,대구광역시,,,
846658ada98b800be66c,full_annotation_v1,A,q_분식_11,떡볶이 먹을 곳,음식점 중 '분식'을 판매·제공하는 매장,test,분식,T4 구어·문장,f4ad88be-da19-41cc-a634-6b0eeb7f097f,다솜이네,떡볶이,정선아리랑시장,전통시장,강원특별자치도,,,
e340c3adc8b7587b59c7,full_annotation_v1,A,q_분식_11,떡볶이 먹을 곳,음식점 중 '분식'을 판매·제공하는 매장,test,분식,T4 구어·문장,0a891050-80f2-4423-a5a4-fbd505f1e519,이삭토스트 대전테크노밸리점,토스트,테크노밸리 골목형상점가,골목형상점가,대전광역시,,,
920391b0b91e91d0daa8,full_annotation_v1,A,q_분식_11,떡볶이 먹을 곳,음식점 중 '분식'을 판매·제공하는 매장,test,분식,T4 구어·문장,366ca53e-784c-451d-9fbc-d08616cc6a65,통 떡볶이,떡볶이 오뎅,상도약수골목형상점가,골목형상점가,서울특별시,,,
e5f15ebc96929bc9bc2e,full_annotation_v1,A,q_분식_11,떡볶이 먹을 곳,음식점 중 '분식'을 판매·제공하는 매장,test,분식,T4 구어·문장,4ab5beec-5662-4224-8270-f796a01595db,옛날맛떡볶이,떡볶이,대왕암 월봉시장,전통시장,울산광역시,,,
f80bb8b5737e023924ab,full_annotation_v1,A,q_분식_11,떡볶이 먹을 곳,음식점 중 '분식'을 판매·제공하는 매장,test,분식,T4 구어·문장,ddea52d8-df5e-492b-8c35-43ac2628e0e6,1300도씨짬뽕&떡볶이,"떡볶이, 중식",강릉성남시장,전통시장,강원특별자치도,,,
fc4a4504ec945f1e16d4,full_annotation_v1,A,q_분식_11,떡볶이 먹을 곳,음식점 중 '분식'을 판매·제공하는 매장,test,분식,T4 구어·문장,151605c4-f24e-48fd-9cec-a5bc3c1baa3a,걸작떡볶이화정점,떡볶이,화정로상인회 골목형상점가,골목형상점가,광주광역시,,,
c429b5230070e228ab9e,full_annotation_v1,A,q_분식_11,떡볶이 먹을 곳,음식점 중 '분식'을 판매·제공하는 매장,test,분식,T4 구어·문장,216b4355-ee9a-44e4-a178-581ae96a18aa,강남돈가스,떡볶이,계양산전통시장,전통시장,인천광역시,,,
153eec5c79ce969e9f39,full_annotation_v1,A,q_분식_11,떡볶이 먹을 곳,음식점 중 '분식'을 판매·제공하는 매장,test,분식,T4 구어·문장,017c71f5-48d0-4cce-a370-a84d34d36658,무봉리토종순대국파주운정점,,산내마을 골목형상점가,골목형상점가,경기도,,,
63b7d3a800d921441e30,full_annotation_v1,A,q_분식_11,떡볶이 먹을 곳,음식점 중 '분식'을 판매·제공하는 매장,test,분식,T4 구어·문장,d4d96fd3-1106-439f-83d7-573789969e9e,신떡,떡볶이,혁신도시5구역골목형상점가,골목형상점가,강원특별자치도,,,
fd2081a537046dc89a16,full_annotation_v1,A,q_분식_11,떡볶이 먹을 곳,음식점 중 '분식'을 판매·제공하는 매장,test,분식,T4 구어·문장,ea635e29-f55f-45f1-8aad-0222805fff6f,신성종합상사,"청소도구, 매트등",대전정원시장,전통시장,대전광역시,,,
673789577edee8bb782c,full_annotation_v1,A,q_분식_11,떡볶이 먹을 곳,음식점 중 '분식'을 판매·제공하는 매장,test,분식,T4 구어·문장,d536225e-5ffe-4cf0-b8d8-5b1c632ce431,동대문엽기떡볶이,떡볶이,산본로데오거리(구 산본중심상가),자율상권구역,경기도,,,
deb9d54013cd2477ebbb,full_annotation_v1,A,q_분식_11,떡볶이 먹을 곳,음식점 중 '분식'을 판매·제공하는 매장,test,분식,T4 구어·문장,24ee1c10-b63d-43a8-a6fb-4251457e5a65,크로바 떡볶이,,크로바쇼핑센터 골목형상점가,골목형상점가,대전광역시,,,
09b9d4cb7bc0e66f86a9,full_annotation_v1,A,q_분식_11,떡볶이 먹을 곳,음식점 중 '분식'을 판매·제공하는 매장,test,분식,T4 구어·문장,b75c6d30-f7b5-443a-b363-35c3920b8f5d,돈우랑,"삼겹살, 애호박찌게",황동길 골목형상점가,골목형상점가,전라남도,,,
043645f8212831c3221f,full_annotation_v1,A,q_분식_11,떡볶이 먹을 곳,음식점 중 '분식'을 판매·제공하는 매장,test,분식,T4 구어·문장,0ab4b1bd-93f1-4d46-b012-abfc9b1328dc,브라운토스트,"토스트, 음료",구즉 골목형상점가,골목형상점가,대전광역시,,,
ccce48e32e50337b1852,full_annotation_v1,A,q_분식_11,떡볶이 먹을 곳,음식점 중 '분식'을 판매·제공하는 매장,test,분식,T4 구어·문장,00e9517a-1887-4acf-b072-10c7cadf9512,불닭발 땡초 동대문 엽기 떡볶이,분식,유엔남구 대학로 상권,,부산광역시,,,
35cd29bc3c265ead5b6e,full_annotation_v1,A,q_분식_11,떡볶이 먹을 곳,음식점 중 '분식'을 판매·제공하는 매장,test,분식,T4 구어·문장,a7896d17-b33d-4b41-b130-f3dd63f00c03,국물떡볶이,떡볶이,동작구 LINK 상권활성화구역,상권활성화구역,서울특별시,,,
bc975f563e30eb9490fb,full_annotation_v1,A,q_분식_11,떡볶이 먹을 곳,음식점 중 '분식'을 판매·제공하는 매장,test,분식,T4 구어·문장,b3ada2ad-908f-40ad-945e-1be1f5a37b9b,오셔유 떡볶이,,안산다농마트전통시장,전통시장,경기도,,,
114d1ee14bdb58d930c5,full_annotation_v1,A,q_분식_11,떡볶이 먹을 곳,음식점 중 '분식'을 판매·제공하는 매장,test,분식,T4 구어·문장,bb9657e5-4478-486f-ad4e-512feddd6fd2,부산떡볶이,떡볶이,창원 명서시장,전통시장,경상남도,,,
ee1a1a0eed697e471f62,full_annotation_v1,A,q_분식_11,떡볶이 먹을 곳,음식점 중 '분식'을 판매·제공하는 매장,test,분식,T4 구어·문장,016f68a3-c16f-467c-af96-22466baf3a6a,쉬즈베이글,토스트,읍내리 원도심 골목형상점가,골목형상점가,전라남도,,,
21045b012447d729244a,full_annotation_v1,A,q_분식_11,떡볶이 먹을 곳,음식점 중 '분식'을 판매·제공하는 매장,test,분식,T4 구어·문장,b273d4a7-b227-4b90-9b4c-0438306ad924,오늘에 떡볶이,분식,메트로센터(반월당지하쇼핑),일반지하상점가,대구광역시,,,
b42a3df7ca05d566ff24,full_annotation_v1,A,q_분식_11,떡볶이 먹을 곳,음식점 중 '분식'을 판매·제공하는 매장,test,분식,T4 구어·문장,fefa7c24-0d37-41ad-973c-e786a0a1253a,수산마켓,회,솔샘시장 골목형상점가,골목형상점가,서울특별시,,,
8eb03c901cd33883ebda,full_annotation_v1,A,q_분식_11,떡볶이 먹을 곳,음식점 중 '분식'을 판매·제공하는 매장,test,분식,T4 구어·문장,46744724-dcda-48f8-98a1-71b3099a375c,똘이네수선,"수선, 의류",원주남부시장,전통시장,강원특별자치도,,,
66ffc5208d5fee19f80a,full_annotation_v1,A,q_분식_11,떡볶이 먹을 곳,음식점 중 '분식'을 판매·제공하는 매장,test,분식,T4 구어·문장,0c5c2ea1-277b-43bc-bb0d-adefbd2a0e9a,빠사시,김밥 떡볶이,월산상가 골목형 상점가,골목형상점가,충청남도,,,
d22e3d203dea936231bf,full_annotation_v1,A,q_분식_11,떡볶이 먹을 곳,음식점 중 '분식'을 판매·제공하는 매장,test,분식,T4 구어·문장,00783b5c-54fd-42fc-8bcf-1ea7fce865d5,쫀득분식,분식,임방울거리3구역 골목형상점가,골목형상점가,광주광역시,,,
cf5b0942beb447503cbf,full_annotation_v1,A,q_분식_11,떡볶이 먹을 곳,음식점 중 '분식'을 판매·제공하는 매장,test,분식,T4 구어·문장,31caca7f-ec46-409c-90bc-3e8da50de538,명인면옥,한식,군분로꽁양상인회 골목형상점가,골목형상점가,광주광역시,,,
3adc897d07d82594c004,full_annotation_v1,A,q_분식_11,떡볶이 먹을 곳,음식점 중 '분식'을 판매·제공하는 매장,test,분식,T4 구어·문장,0018c143-a8bd-4461-a8ae-ee348edfad7a,김가네의정부중앙역점,김밥 분식 식사등,의정부시 구도심 상권활성화구역,상권활성화구역,경기도,,,
8847874c32d1f8f8e61f,full_annotation_v1,A,q_분식_11,떡볶이 먹을 곳,음식점 중 '분식'을 판매·제공하는 매장,test,분식,T4 구어·문장,db37b714-4948-41c7-8bd9-d70bf3673b20,불닭발땡초동대문엽기떡볶이경북문경점,떡볶이,행복상점가,자율상권구역,경상북도,,,
5bd1eae5beeb2c92df88,full_annotation_v1,A,q_분식_11,떡볶이 먹을 곳,음식점 중 '분식'을 판매·제공하는 매장,test,분식,T4 구어·문장,d3a11aca-ca46-4f34-abe3-6168a6443703,고양이눈,"카레, 돈카츠",인하문화의거리 골목형상점가,골목형상점가,인천광역시,,,
6f165c011b30c86fdb41,full_annotation_v1,A,q_분식_11,떡볶이 먹을 곳,음식점 중 '분식'을 판매·제공하는 매장,test,분식,T4 구어·문장,938f71bf-b273-4696-b053-cb75007bdad9,친절떡볶기,떡볶이,원주자유시장,전통시장,강원특별자치도,,,
7ff6017ca51c477db5a7,full_annotation_v1,A,q_분식_11,떡볶이 먹을 곳,음식점 중 '분식'을 판매·제공하는 매장,test,분식,T4 구어·문장,81319e44-59dc-4f2b-9ac9-ea9dac407128,가을상회,기타수산물 (도소매),서울중부시장,전통시장,서울특별시,,,
4d803cd3fd31e0ec0bef,full_annotation_v1,A,q_분식_11,떡볶이 먹을 곳,음식점 중 '분식'을 판매·제공하는 매장,test,분식,T4 구어·문장,d9e37b20-09f7-462c-9f14-93234bc40f3f,용두,떡볶이,중동사랑시장,전통시장,경기도,,,
42f58bfa8011384ca81e,full_annotation_v1,A,q_분식_11,떡볶이 먹을 곳,음식점 중 '분식'을 판매·제공하는 매장,test,분식,T4 구어·문장,f740778a-df7d-48e7-b025-aae463eb8de5,장s떡복이,떡볶이,성남중앙시장(중앙공설시장),전통시장,경기도,,,
0838f8591e1ce61be5af,full_annotation_v1,A,q_분식_11,떡볶이 먹을 곳,음식점 중 '분식'을 판매·제공하는 매장,test,분식,T4 구어·문장,f87f92f5-79a7-48a7-8029-560eab0acc68,섹시한떡볶이,떡볶이,동대구신시장,전통시장,대구광역시,,,
4a4eba6f38393f1c4719,full_annotation_v1,A,q_분식_11,떡볶이 먹을 곳,음식점 중 '분식'을 판매·제공하는 매장,test,분식,T4 구어·문장,803fbb54-8702-4da3-9d33-bd0d4f2dc354,신당동즉석떡볶이,떡볶이,가양역사거리골목형상점가,골목형상점가,서울특별시,,,
30d67b31f3fdaf41d3a4,full_annotation_v1,A,q_분식_11,떡볶이 먹을 곳,음식점 중 '분식'을 판매·제공하는 매장,test,분식,T4 구어·문장,13b1a2a0-79c3-4264-95bc-128346abd38a,빛고을명가,한식,우치로효동공원 골목형상점가,골목형상점가,광주광역시,,,
591a729cd2716f993f1a,full_annotation_v1,A,q_분식_11,떡볶이 먹을 곳,음식점 중 '분식'을 판매·제공하는 매장,test,분식,T4 구어·문장,015915e3-2542-4245-b627-0c775b4c5501,한내떡집,,거제 고현시장,전통시장,경상남도,,,
746d9649c1c2fd19caf6,full_annotation_v1,A,q_분식_11,떡볶이 먹을 곳,음식점 중 '분식'을 판매·제공하는 매장,test,분식,T4 구어·문장,a2dfe8bc-d78c-473d-9055-daeee6f74583,똘이떡볶이,떡볶이,원주자유시장,전통시장,강원특별자치도,,,
e432b38abcfe2051a062,full_annotation_v1,A,q_분식_11,떡볶이 먹을 곳,음식점 중 '분식'을 판매·제공하는 매장,test,분식,T4 구어·문장,3c42de3a-60a8-4f65-a844-bbb3ee048022,스텔라떡볶이,떡볶이,노은역 골목형상점가,골목형상점가,대전광역시,,,
3430e9e9f36204b946cc,full_annotation_v1,A,q_분식_11,떡볶이 먹을 곳,음식점 중 '분식'을 판매·제공하는 매장,test,분식,T4 구어·문장,5f9d8f1f-2b4e-4145-bcaf-7f247251f1fa,유수식품,떡볶이,칠성원시장,전통시장,대구광역시,,,
d8b118a52b91f91023da,full_annotation_v1,A,q_분식_11,떡볶이 먹을 곳,음식점 중 '분식'을 판매·제공하는 매장,test,분식,T4 구어·문장,f8a076eb-d69c-4a69-8c59-7910d97370c7,신전떡볶이,떡볶이,해남읍 원도심 상권활성화구역,상권활성화구역,전라남도,,,
e3eda982474fe9bac0bf,full_annotation_v1,A,q_분식_11,떡볶이 먹을 곳,음식점 중 '분식'을 판매·제공하는 매장,test,분식,T4 구어·문장,c104bc0c-fc36-4d08-89c1-809a07524001,에스테틱해은,피부관리,우치로효동공원 골목형상점가,골목형상점가,광주광역시,,,
914404461ed19b497d16,full_annotation_v1,A,q_분식_11,떡볶이 먹을 곳,음식점 중 '분식'을 판매·제공하는 매장,test,분식,T4 구어·문장,0011cf6d-567e-4c3b-b113-363daa11212a,김밥먹고 닭꼬치,,배방상점가,자율상권구역,충청남도,,,
84f6bef6900e6cb81348,full_annotation_v1,A,q_분식_11,떡볶이 먹을 곳,음식점 중 '분식'을 판매·제공하는 매장,test,분식,T4 구어·문장,0b8ef6dc-2f6b-4707-bd73-529122d9c97a,하단떡집,떡집,하단오일상설시장,전통시장,부산광역시,,,
8240f40f662cb8c83a81,full_annotation_v1,A,q_분식_11,떡볶이 먹을 곳,음식점 중 '분식'을 판매·제공하는 매장,test,분식,T4 구어·문장,03c24ed1-1000-4d0a-9167-76e24e042340,신전떡볶이,떡볶이,전북대대학로상점가,자율상권구역,전북특별자치도,,,
a5ec05582dd78dbbaece,full_annotation_v1,A,q_분식_11,떡볶이 먹을 곳,음식점 중 '분식'을 판매·제공하는 매장,test,분식,T4 구어·문장,2a8fec64-93f2-412a-92d2-1eb4e89dcf1d,별미스넥,떡볶이,아주대 대학로 골목형상점가,골목형상점가,경기도,,,
32c97987d12951ee7477,full_annotation_v1,A,q_분식_11,떡볶이 먹을 곳,음식점 중 '분식'을 판매·제공하는 매장,test,분식,T4 구어·문장,44def3b6-8b36-4c47-909c-c6c0ce341d34,부산 떡볶이,,범리단길 골목형상점가,골목형상점가,부산광역시,,,
8d086fdbd5f6a6233fc1,full_annotation_v1,A,q_분식_11,떡볶이 먹을 곳,음식점 중 '분식'을 판매·제공하는 매장,test,분식,T4 구어·문장,f8842f85-060d-4737-85cd-a008cf4879b0,신전떡볶이태평점,떡볶이,모란종합시장,전통시장,경기도,,,
ff2721d3597b62493913,full_annotation_v1,A,q_분식_11,떡볶이 먹을 곳,음식점 중 '분식'을 판매·제공하는 매장,test,분식,T4 구어·문장,5638e5b6-1726-4763-bffb-1edc40907035,섹시한떡볶이,떡볶이,녹색거리상점가,자율상권구역,경기도,,,
bd0ac16eb5ac85cd0eae,full_annotation_v1,A,q_분식_11,떡볶이 먹을 곳,음식점 중 '분식'을 판매·제공하는 매장,test,분식,T4 구어·문장,2a5b3d0d-3da2-4b1b-896e-fc0eb7730c81,코끼리분식,떡볶이,코끼리시장,전통시장,경기도,,,
9c0df6dfe75a8a53bed8,full_annotation_v1,A,q_분식_11,떡볶이 먹을 곳,음식점 중 '분식'을 판매·제공하는 매장,test,분식,T4 구어·문장,00ec6d6a-b0c1-4662-b17f-9c9f059a4bcd,백암서울순대국,순대국,강서구청먹자골목골목형상점가,골목형상점가,서울특별시,,,
ee97455fa120aa2c8493,full_annotation_v1,A,q_분식_11,떡볶이 먹을 곳,음식점 중 '분식'을 판매·제공하는 매장,test,분식,T4 구어·문장,fa34b7c5-260f-4689-9492-01a37029d680,도노떡볶이,떡볶이,모현 청경채 골목형상점가,골목형상점가,경기도,,,
4f2fe86cb752fc0adbc4,full_annotation_v1,A,q_분식_11,떡볶이 먹을 곳,음식점 중 '분식'을 판매·제공하는 매장,test,분식,T4 구어·문장,00ca89c2-42a8-432d-ba4b-5abd23c18ab0,계란밥,계란밥분식,시청역상가번영회 골목형상점가,골목형상점가,광주광역시,,,
e33822f312b1a9f9a3d4,full_annotation_v1,A,q_분식_11,떡볶이 먹을 곳,음식점 중 '분식'을 판매·제공하는 매장,test,분식,T4 구어·문장,00b5a60c-c548-4ac2-8259-9bb788c0fc58,까치김밥,김밥식사류,신림별빛거리골목형상점가,골목형상점가,서울특별시,,,
c6a6481e6482a4abdd34,full_annotation_v1,A,q_분식_11,떡볶이 먹을 곳,음식점 중 '분식'을 판매·제공하는 매장,test,분식,T4 구어·문장,23cf5255-56e3-45a5-bd6a-b7203dddfcc1,홍천떡볶이,떡볶이,신장대리 자율상권구역,,강원특별자치도,,,
59cafef7559130a6c0fd,full_annotation_v1,A,q_분식_11,떡볶이 먹을 곳,음식점 중 '분식'을 판매·제공하는 매장,test,분식,T4 구어·문장,6825e207-6612-42ca-80fd-b6466d73274c,볼빨간 떡볶이,,부안마실 상권활성화구역,상권활성화구역,전북특별자치도,,,
aa41304f12cbc2bf1993,full_annotation_v1,A,q_분식_11,떡볶이 먹을 곳,음식점 중 '분식'을 판매·제공하는 매장,test,분식,T4 구어·문장,04a91b86-3405-4f8d-b0b8-eac86f3907c4,연지동토스트,커피토스트,연지시장,전통시장,부산광역시,,,
086bb27ed81550511fc2,full_annotation_v1,A,q_분식_11,떡볶이 먹을 곳,음식점 중 '분식'을 판매·제공하는 매장,test,분식,T4 구어·문장,02f03161-3a15-416f-bdd6-8ad5bd17781d,시골참순대,,관저동 먹자골목 골목형상점가,골목형상점가,대전광역시,,,
68908180a050b36878e5,full_annotation_v1,A,q_분식_11,떡볶이 먹을 곳,음식점 중 '분식'을 판매·제공하는 매장,test,분식,T4 구어·문장,7a7cf641-2ee9-4f37-a48f-a68df22e2680,신전 떡볶이,분식,안마을 골목형상점가,골목형상점가,서울특별시,,,
2bd3f9386b1c4ac4c62c,full_annotation_v1,A,q_분식_12,만두 먹을 데,음식점 중 '분식'을 판매·제공하는 매장,test,분식,T4 구어·문장,e70a2c29-e70f-4f82-864c-5f8ea8e8a89e,그옛날왕만두,만두,봉우시장골목형상점가,골목형상점가,서울특별시,,,
fa43cfcfca092498f184,full_annotation_v1,A,q_분식_12,만두 먹을 데,음식점 중 '분식'을 판매·제공하는 매장,test,분식,T4 구어·문장,be674521-7e1b-4b30-8ef8-2ca902b64fbc,본만두,만두,예석 골목형상점가,골목형상점가,충청남도,,,
907fbad2bc28e478697a,full_annotation_v1,A,q_분식_12,만두 먹을 데,음식점 중 '분식'을 판매·제공하는 매장,test,분식,T4 구어·문장,ef26cc15-d217-4f8d-8bdb-bbd60219e5af,백남옥손만두,만두,도곡시장,자율상권구역,서울특별시,,,
e81b2c76fae1d67f9f75,full_annotation_v1,A,q_분식_12,만두 먹을 데,음식점 중 '분식'을 판매·제공하는 매장,test,분식,T4 구어·문장,b4704186-5a1b-4ecf-b444-9fc86c8e5b74,신영남만두,만두,칠성본시장,전통시장,대구광역시,,,
e467946225aa853af6db,full_annotation_v1,A,q_분식_12,만두 먹을 데,음식점 중 '분식'을 판매·제공하는 매장,test,분식,T4 구어·문장,0b8ef6dc-2f6b-4707-bd73-529122d9c97a,하단떡집,떡집,하단오일상설시장,전통시장,부산광역시,,,
e8906afbc54dcffc7437,full_annotation_v1,A,q_분식_12,만두 먹을 데,음식점 중 '분식'을 판매·제공하는 매장,test,분식,T4 구어·문장,0a891050-80f2-4423-a5a4-fbd505f1e519,이삭토스트 대전테크노밸리점,토스트,테크노밸리 골목형상점가,골목형상점가,대전광역시,,,
26876e2c53a5a3143775,full_annotation_v1,A,q_분식_12,만두 먹을 데,음식점 중 '분식'을 판매·제공하는 매장,test,분식,T4 구어·문장,e58bb526-8938-4ead-8609-e56a6f1c95b0,만두마당,만두,금산금빛시장(금산시장),전통시장,충청남도,,,
9d6e0bee463f04d54d94,full_annotation_v1,A,q_분식_12,만두 먹을 데,음식점 중 '분식'을 판매·제공하는 매장,test,분식,T4 구어·문장,1e5d3a52-34b3-4b42-a381-a0fa34694d38,유창지하100호,축산물,독산동 우시장,자율상권구역,서울특별시,,,
0fa07077e113d09d9f6e,full_annotation_v1,A,q_분식_12,만두 먹을 데,음식점 중 '분식'을 판매·제공하는 매장,test,분식,T4 구어·문장,1293331e-0946-4848-abc1-712e344a2dc0,만두청년,만두,구리전통시장,전통시장,경기도,,,
39672e47d26edc0f4011,full_annotation_v1,A,q_분식_12,만두 먹을 데,음식점 중 '분식'을 판매·제공하는 매장,test,분식,T4 구어·문장,045215f0-9db0-4054-8c69-702841941f01,문토스트용호점,카페토스트,용호1동골목시장,전통시장,부산광역시,,,
7252ff259718fdea59d8,full_annotation_v1,A,q_분식_12,만두 먹을 데,음식점 중 '분식'을 판매·제공하는 매장,test,분식,T4 구어·문장,3572d750-a243-4915-b2fd-af055e6c8330,코끼리왕만두,만두,상지대길골목형상점가,골목형상점가,강원특별자치도,,,
072c5a45f0f584e77c26,full_annotation_v1,A,q_분식_12,만두 먹을 데,음식점 중 '분식'을 판매·제공하는 매장,test,분식,T4 구어·문장,aba76fc2-984e-4030-ba01-e2e7d78264c7,데 아로즈 대전둔산본점,,갈리단길 골목형상점가,골목형상점가,대전광역시,,,
b7264cbf34270ac9fb95,full_annotation_v1,A,q_분식_12,만두 먹을 데,음식점 중 '분식'을 판매·제공하는 매장,test,분식,T4 구어·문장,caeb67f4-70d2-4ddf-9a5b-dcd4437a3031,한우고향,정육,중동사랑시장,전통시장,경기도,,,
2ad9126773e9f085cf40,full_annotation_v1,A,q_분식_12,만두 먹을 데,음식점 중 '분식'을 판매·제공하는 매장,test,분식,T4 구어·문장,00783b5c-54fd-42fc-8bcf-1ea7fce865d5,쫀득분식,분식,임방울거리3구역 골목형상점가,골목형상점가,광주광역시,,,
317609baa9c5820fc3f7,full_annotation_v1,A,q_분식_12,만두 먹을 데,음식점 중 '분식'을 판매·제공하는 매장,test,분식,T4 구어·문장,ae097e5b-2fd6-43d7-8745-e16f6377a5b3,춤추는왕만두,만두,신석로골목형상점가,골목형상점가,인천광역시,,,
9fd8ee1e56b1bd40b50c,full_annotation_v1,A,q_분식_12,만두 먹을 데,음식점 중 '분식'을 판매·제공하는 매장,test,분식,T4 구어·문장,10273a8c-5c48-4344-8b2f-7fdf21403dba,장호덕손만두,만두,아름다운별장거리골목형상점가,골목형상점가,서울특별시,,,
aafe2e195bc88fafbeb9,full_annotation_v1,A,q_분식_12,만두 먹을 데,음식점 중 '분식'을 판매·제공하는 매장,test,분식,T4 구어·문장,8f8ccf5b-09da-40c5-bdd4-1c588f364930,명당만두,만두,수정전통시장,전통시장,부산광역시,,,
8eaa40be7a08024a5e1d,full_annotation_v1,A,q_분식_12,만두 먹을 데,음식점 중 '분식'을 판매·제공하는 매장,test,분식,T4 구어·문장,efb9495c-d324-4eed-b77e-3ba87b25a21f,만두나라,만두,박달시장,전통시장,경기도,,,
6dfaec95546019a80a41,full_annotation_v1,A,q_분식_12,만두 먹을 데,음식점 중 '분식'을 판매·제공하는 매장,test,분식,T4 구어·문장,f12f1f14-4aff-4465-a716-65c90e4239a3,호연만두,만두,초량전통시장,전통시장,부산광역시,,,
4a7c29cee7d3a7f3b572,full_annotation_v1,A,q_분식_12,만두 먹을 데,음식점 중 '분식'을 판매·제공하는 매장,test,분식,T4 구어·문장,d483c4a5-fe54-4b04-b3bf-9e6ad2ffdd04,핸두,만두,효천로 골목형상점가,골목형상점가,광주광역시,,,
59dcc74908fc75c5eb81,full_annotation_v1,A,q_분식_12,만두 먹을 데,음식점 중 '분식'을 판매·제공하는 매장,test,분식,T4 구어·문장,9cabdaf4-579d-4c04-b274-66df74b5653c,장호덕손만두,만두,화성남양시장,전통시장,경기도,,,
3d95b9185ca27983ae0b,full_annotation_v1,A,q_분식_12,만두 먹을 데,음식점 중 '분식'을 판매·제공하는 매장,test,분식,T4 구어·문장,4b77cba3-cc03-4fdf-a322-53c79775d192,호동이만두,만두,중동사랑시장,전통시장,경기도,,,
6d47d1e19aee219ccf16,full_annotation_v1,A,q_분식_12,만두 먹을 데,음식점 중 '분식'을 판매·제공하는 매장,test,분식,T4 구어·문장,00ca89c2-42a8-432d-ba4b-5abd23c18ab0,계란밥,계란밥분식,시청역상가번영회 골목형상점가,골목형상점가,광주광역시,,,
5d56c276d5a3ec682246,full_annotation_v1,A,q_분식_12,만두 먹을 데,음식점 중 '분식'을 판매·제공하는 매장,test,분식,T4 구어·문장,055b0501-9678-421c-9b8d-2994754df728,캠토토스트 계룡대실점,토스트,두마면 대실골목형상점가,골목형상점가,충청남도,,,
779c736c9aec16767a08,full_annotation_v1,A,q_분식_12,만두 먹을 데,음식점 중 '분식'을 판매·제공하는 매장,test,분식,T4 구어·문장,8b0ac2e5-ed66-4623-b53f-f03e15bd35ee,장호덕손만두,만두,새롬동 골목형상점가,골목형상점가,세종특별자치시,,,
e891497b0186d0460eb8,full_annotation_v1,A,q_분식_12,만두 먹을 데,음식점 중 '분식'을 판매·제공하는 매장,test,분식,T4 구어·문장,b68c105d-fd16-4a58-9349-89e8342795d9,화실만두,만두,원주자유시장,전통시장,강원특별자치도,,,
06f70687bfbf0eecfae2,full_annotation_v1,A,q_분식_12,만두 먹을 데,음식점 중 '분식'을 판매·제공하는 매장,test,분식,T4 구어·문장,56bc5b73-a3a0-4ff5-9cad-5c72e7079624,장호덕손만두,만두,청당2번가 골목형상점가,골목형상점가,충청남도,,,
4668f5690256655a038c,full_annotation_v1,A,q_분식_12,만두 먹을 데,음식점 중 '분식'을 판매·제공하는 매장,test,분식,T4 구어·문장,e346edf4-6729-4235-979c-0f418c6c4639,길동제일수산,수산(낙지 생선),길동복조리시장,전통시장,서울특별시,,,
37bc4a150ea7953b697e,full_annotation_v1,A,q_분식_12,만두 먹을 데,음식점 중 '분식'을 판매·제공하는 매장,test,분식,T4 구어·문장,8d10d3b6-2dad-4572-8752-f523a8471dad,오빠만두,만두,양주옥정호수공원상점가,골목형상점가,경기도,,,
d52c755e7a437951aed1,full_annotation_v1,A,q_분식_12,만두 먹을 데,음식점 중 '분식'을 판매·제공하는 매장,test,분식,T4 구어·문장,cf3b1696-bd19-41d5-acb0-aa5971022102,백남옥손만두,만두,그라운드고척골목형상점가,골목형상점가,서울특별시,,,
b56f5e0f214f36b6ad0f,full_annotation_v1,A,q_분식_12,만두 먹을 데,음식점 중 '분식'을 판매·제공하는 매장,test,분식,T4 구어·문장,28eeb907-654c-4ed9-a424-623af4760fe3,여울,만두,역곡상상시장(구 역곡북부시장),전통시장,경기도,,,
51e6d65dff41bf66092d,full_annotation_v1,A,q_분식_12,만두 먹을 데,음식점 중 '분식'을 판매·제공하는 매장,test,분식,T4 구어·문장,007d6b63-4e47-47fa-aaa5-6d0b5cc7280b,도토리김밥계룡엄사점,분식,엄사 골목형상점가,골목형상점가,충청남도,,,
6ee12668ee9d947e5753,full_annotation_v1,A,q_분식_12,만두 먹을 데,음식점 중 '분식'을 판매·제공하는 매장,test,분식,T4 구어·문장,58c7d7d0-346e-4398-a0f2-2c9c46c66a8e,장호덕손만두,만두,시청역상가번영회 골목형상점가,골목형상점가,광주광역시,,,
292542768b038d6a3cdf,full_annotation_v1,A,q_분식_12,만두 먹을 데,음식점 중 '분식'을 판매·제공하는 매장,test,분식,T4 구어·문장,00b5a007-bb8d-47db-963d-ccc7e93c25ac,장호덕 손만두 백석점,만두,백석한들1번가 골목형상점가,골목형상점가,충청남도,,,
0d5a957794a72104cac7,full_annotation_v1,A,q_분식_12,만두 먹을 데,음식점 중 '분식'을 판매·제공하는 매장,test,분식,T4 구어·문장,9954bf0c-4bb6-43e4-97a7-10ca7dcd8524,통큰만두,만두,퐁당거리 골목형상점가,골목형상점가,전라남도,,,
423f318c99180d237cbe,full_annotation_v1,A,q_분식_12,만두 먹을 데,음식점 중 '분식'을 판매·제공하는 매장,test,분식,T4 구어·문장,2d63c0fa-1e70-42bd-ac34-4595f4c6aa30,산동만두,만두,신정상가시장,전통시장,울산광역시,,,
3bd7ac3ccdbda5fc25b7,full_annotation_v1,A,q_분식_12,만두 먹을 데,음식점 중 '분식'을 판매·제공하는 매장,test,분식,T4 구어·문장,b5cde6f7-d102-49da-a75a-cb92d0a4588a,수제만두,만두,복이있는덕포시장,전통시장,부산광역시,,,
7ba636a3a0b567f13189,full_annotation_v1,A,q_분식_12,만두 먹을 데,음식점 중 '분식'을 판매·제공하는 매장,test,분식,T4 구어·문장,01853453-69ac-4f55-9cd8-09e40088ab59,가마솥왕만두,만두,울산번개시장,전통시장,울산광역시,,,
64ecbc13d466a89cd09b,full_annotation_v1,A,q_분식_12,만두 먹을 데,음식점 중 '분식'을 판매·제공하는 매장,test,분식,T4 구어·문장,20b1cd13-e4ad-4b9e-81bb-897f45835b24,옛날코끼리찐빵만두,만두,청주육거리종합시장,전통시장,충청북도,,,
9be25177c680958262b3,full_annotation_v1,A,q_분식_12,만두 먹을 데,음식점 중 '분식'을 판매·제공하는 매장,test,분식,T4 구어·문장,cc183367-f254-40c2-8746-7921c677c73f,그럴만두,만두,용봉지구 골목형상점가,골목형상점가,광주광역시,,,
de2c2a752718bb8f3175,full_annotation_v1,A,q_분식_12,만두 먹을 데,음식점 중 '분식'을 판매·제공하는 매장,test,분식,T4 구어·문장,001bda4f-046f-44c5-b084-8de630ac405a,김밥윤,김밥 등,보람동 골목형상점가,골목형상점가,세종특별자치시,,,
abfe784ed2cb8c4aaf0f,full_annotation_v1,A,q_분식_12,만두 먹을 데,음식점 중 '분식'을 판매·제공하는 매장,test,분식,T4 구어·문장,d66745b3-2063-4a23-9bc9-1c435dcb8d69,고향만두,만두,원주자유시장,전통시장,강원특별자치도,,,
53e4a8a0a95ff858d6d2,full_annotation_v1,A,q_분식_12,만두 먹을 데,음식점 중 '분식'을 판매·제공하는 매장,test,분식,T4 구어·문장,a39c69b8-a402-46a2-a2f0-8760f4728c45,소문난왕만두,만두,서남시장,전통시장,대구광역시,,,
82795268a3936c065a91,full_annotation_v1,A,q_분식_12,만두 먹을 데,음식점 중 '분식'을 판매·제공하는 매장,test,분식,T4 구어·문장,0910caae-ad67-4ef3-934e-fff4c6059206,참토스트 대전학하점,토스트,계산동 골목형상점가,골목형상점가,대전광역시,,,
4eb05e1f0b1bb8d2a270,full_annotation_v1,A,q_분식_12,만두 먹을 데,음식점 중 '분식'을 판매·제공하는 매장,test,분식,T4 구어·문장,64e5c998-9146-41c6-8bd6-8750f32ad3ca,영선만두,만두,칠성본시장,전통시장,대구광역시,,,
e192932c69de44da886f,full_annotation_v1,A,q_분식_12,만두 먹을 데,음식점 중 '분식'을 판매·제공하는 매장,test,분식,T4 구어·문장,e4ab9359-1349-44a4-8aa5-3dbdbc2cfec3,대명수산,어패류,순천역전시장상가,자율상권구역,전라남도,,,
d6829c64a27d9f170ee6,full_annotation_v1,A,q_분식_12,만두 먹을 데,음식점 중 '분식'을 판매·제공하는 매장,test,분식,T4 구어·문장,21d43a3b-d495-48c9-bb6a-0505eefdcb26,소문난손만두,만두,상계중앙시장,전통시장,서울특별시,,,
529cedd0ab356f825b99,full_annotation_v1,A,q_분식_12,만두 먹을 데,음식점 중 '분식'을 판매·제공하는 매장,test,분식,T4 구어·문장,4984470e-4501-4e34-91b3-7a153e6674d7,울 만두,한식,문정동로데오상점가,자율상권구역,서울특별시,,,
a34f765f3ead08415ddb,full_annotation_v1,A,q_분식_12,만두 먹을 데,음식점 중 '분식'을 판매·제공하는 매장,test,분식,T4 구어·문장,a7b36306-b9cd-4a7b-b0b3-044e82b90810,부흥만두,만두,천안중앙시장,전통시장,충청남도,,,
5f444dfc84e330e85e9b,full_annotation_v1,A,q_분식_12,만두 먹을 데,음식점 중 '분식'을 판매·제공하는 매장,test,분식,T4 구어·문장,eb4c0a8b-6e42-416a-903e-ed0d4ea076ae,그럴만두,만두,참샘상인회 골목형상점가,골목형상점가,광주광역시,,,
552fa3bdaa00ad78f0b1,full_annotation_v1,A,q_분식_12,만두 먹을 데,음식점 중 '분식'을 판매·제공하는 매장,test,분식,T4 구어·문장,903dc2d4-1384-4c10-be5b-dc4db4c321e9,진미만두,만두,의왕도깨비시장,전통시장,경기도,,,
c736272dfe956a135997,full_annotation_v1,A,q_분식_12,만두 먹을 데,음식점 중 '분식'을 판매·제공하는 매장,test,분식,T4 구어·문장,3c719391-daec-4835-98f2-7045a7d80c68,백남옥손만두,만두,신곡시장 골목형상점가,골목형상점가,서울특별시,,,
e23a7d9de11a645c58f9,full_annotation_v1,A,q_분식_12,만두 먹을 데,음식점 중 '분식'을 판매·제공하는 매장,test,분식,T4 구어·문장,c09d68f3-563e-42a8-8d1b-82735e95b16d,백남옥달인손만두,만두,포항 지곡에드빌 골목형상점가,골목형상점가,경상북도,,,
2eb979a48f99e8fb18fb,full_annotation_v1,A,q_분식_12,만두 먹을 데,음식점 중 '분식'을 판매·제공하는 매장,test,분식,T4 구어·문장,282b0e8b-051c-49f9-a707-b982df803589,까라벨라 데 오르,스파게티,동명동 카페거리 골목형상점가,골목형상점가,광주광역시,,,
aed119e56226e5c55f65,full_annotation_v1,A,q_분식_12,만두 먹을 데,음식점 중 '분식'을 판매·제공하는 매장,test,분식,T4 구어·문장,0011cf6d-567e-4c3b-b113-363daa11212a,김밥먹고 닭꼬치,,배방상점가,자율상권구역,충청남도,,,
7531601688e713490243,full_annotation_v1,A,q_분식_12,만두 먹을 데,음식점 중 '분식'을 판매·제공하는 매장,test,분식,T4 구어·문장,86a71d47-28d6-44af-b621-22a26d647bd5,제주오빠네만두,만두,동문재래시장,전통시장,제주특별자치도,,,
0175acbfc090b218bfe6,full_annotation_v1,A,q_분식_12,만두 먹을 데,음식점 중 '분식'을 판매·제공하는 매장,test,분식,T4 구어·문장,00719699-eb0c-4473-bda9-7a16eace345e,봉식이옛날왕만두,만두,삼익 골목형상점가,골목형상점가,서울특별시,,,
e03932fa7fc98757c485,full_annotation_v1,A,q_분식_12,만두 먹을 데,음식점 중 '분식'을 판매·제공하는 매장,test,분식,T4 구어·문장,5c95230f-f707-47c6-91a3-6a5c15b5f3bc,수경손만두,만두,대평동 골목형상점가,골목형상점가,세종특별자치시,,,
1b1566732a009d3651c8,full_annotation_v1,A,q_분식_12,만두 먹을 데,음식점 중 '분식'을 판매·제공하는 매장,test,분식,T4 구어·문장,008594db-d86c-4014-bf5c-16f6cd40402d,와글와글봄소풍,김밥,다사역 골목형상점가,골목형상점가,대구광역시,,,
d23113762faa0f2eca42,full_annotation_v1,A,q_분식_12,만두 먹을 데,음식점 중 '분식'을 판매·제공하는 매장,test,분식,T4 구어·문장,f489394a-a57d-48fc-bd75-cf310dc998f2,창민만두,만두,청구시장,전통시장,대구광역시,,,
e19229230d4b372b4ceb,full_annotation_v1,A,q_분식_12,만두 먹을 데,음식점 중 '분식'을 판매·제공하는 매장,test,분식,T4 구어·문장,9ede157b-e640-4e93-8106-c04cfee65d18,곽선생왕만두,만두,난우길골목형상점가,골목형상점가,서울특별시,,,
cc576dd20d135fcd936b,full_annotation_v1,A,q_분식_12,만두 먹을 데,음식점 중 '분식'을 판매·제공하는 매장,test,분식,T4 구어·문장,9de137b6-223d-4999-b360-a8647d6fa7c3,세화상회,,방어진활어센터,골목형상점가,울산광역시,,,
aeffb9bfcf10a84c7de7,full_annotation_v1,A,q_분식_12,만두 먹을 데,음식점 중 '분식'을 판매·제공하는 매장,test,분식,T4 구어·문장,8a74be56-8213-4b5a-a26e-a8691cfa7098,그옛날1947왕만두,만두,신내구길 골목형상점가,골목형상점가,서울특별시,,,
26c851725b6554cfc27f,full_annotation_v1,A,q_분식_12,만두 먹을 데,음식점 중 '분식'을 판매·제공하는 매장,test,분식,T4 구어·문장,ae7f51ec-722f-4c96-b9aa-7cdd58cc3616,만두와찐빵,만두,이동 골목형상점가,골목형상점가,경기도,,,
a0c5cddbc734a86add60,full_annotation_v1,A,q_분식_12,만두 먹을 데,음식점 중 '분식'을 판매·제공하는 매장,test,분식,T4 구어·문장,472ef84c-d521-4fd7-9e50-2c489d103e44,대박손만두,만두,청주육거리종합시장,전통시장,충청북도,,,
8916aa90b4a22c429638,full_annotation_v1,A,q_분식_12,만두 먹을 데,음식점 중 '분식'을 판매·제공하는 매장,test,분식,T4 구어·문장,716d8dcf-363f-4a10-8770-7157e8de2333,친정엄마,만두,청주북부시장,전통시장,충청북도,,,
9b573f652fbb31a5f858,full_annotation_v1,A,q_분식_12,만두 먹을 데,음식점 중 '분식'을 판매·제공하는 매장,test,분식,T4 구어·문장,9e0359dd-9273-45e4-81f8-1a13e80d9006,모모만두,만두,화서시장,전통시장,경기도,,,
a0aab613923c252a20f4,full_annotation_v1,A,q_분식_12,만두 먹을 데,음식점 중 '분식'을 판매·제공하는 매장,test,분식,T4 구어·문장,e945cc19-4185-4732-82c5-40204733bff1,원주부천만두,만두,원주미로예술중앙시장(원주중앙시장),전통시장,강원특별자치도,,,
7b75c890eeafd662bb92,full_annotation_v1,A,q_분식_12,만두 먹을 데,음식점 중 '분식'을 판매·제공하는 매장,test,분식,T4 구어·문장,024c1f10-1fe0-4be3-8bde-6465f5cd8c43,오늘은 떡볶이,"떡볶이, 튀김, 순대 등",석촌시장,전통시장,서울특별시,,,
0cfb36f70e9b05df13bd,full_annotation_v1,A,q_분식_12,만두 먹을 데,음식점 중 '분식'을 판매·제공하는 매장,test,분식,T4 구어·문장,d29cd065-e326-430d-953e-fb891fb4ea82,만두장성,만두,공릉동도깨비시장,전통시장,서울특별시,,,
0b1c3a997954394f9f15,full_annotation_v1,A,q_분식_12,만두 먹을 데,음식점 중 '분식'을 판매·제공하는 매장,test,분식,T4 구어·문장,c776afd4-48ba-4799-b6ab-1de1733878a3,박소영왕만두왕찐빵,만두,운암이 골목형상점가,골목형상점가,광주광역시,,,
766b3a4b54f2d81af1e6,full_annotation_v1,A,q_분식_12,만두 먹을 데,음식점 중 '분식'을 판매·제공하는 매장,test,분식,T4 구어·문장,2fbbc53f-fa90-42fa-85d9-0784d3b442db,엄마손만두,만두,중마시장,전통시장,전라남도,,,
b739a5399c4b39bf0aa3,full_annotation_v1,A,q_분식_12,만두 먹을 데,음식점 중 '분식'을 판매·제공하는 매장,test,분식,T4 구어·문장,59528a2c-28ad-485d-96d0-21fa8cabeff6,명동분식,만두,부천신흥시장,전통시장,경기도,,,
6ee65bedc9d2f202e71d,full_annotation_v1,A,q_분식_12,만두 먹을 데,음식점 중 '분식'을 판매·제공하는 매장,test,분식,T4 구어·문장,79d6adf2-cddc-4662-8639-4bd3f5496514,기린손만두,만두,두꺼비시장,전통시장,충청북도,,,
2c8a205821401e29ed4d,full_annotation_v1,A,q_분식_12,만두 먹을 데,음식점 중 '분식'을 판매·제공하는 매장,test,분식,T4 구어·문장,064d899b-c65a-4b75-9a15-9ca1eaf707f4,이삭토스트,토스트 등,매탄중심상가 골목형상점가,골목형상점가,경기도,,,
de823fa9b5a180645945,full_annotation_v1,A,q_분식_12,만두 먹을 데,음식점 중 '분식'을 판매·제공하는 매장,test,분식,T4 구어·문장,e435c545-6c35-4ec1-a325-8dcd9fa3a504,현아네 만두,만두,충주자유시장,전통시장,충청북도,,,
3a901ebc42c42e09aa25,full_annotation_v1,A,q_분식_12,만두 먹을 데,음식점 중 '분식'을 판매·제공하는 매장,test,분식,T4 구어·문장,da50e53b-e81b-4b60-acc7-2baf1c4a94cb,만두의정석,만두,성대전통시장,전통시장,서울특별시,,,
d4bbd06ac5db81b52c79,full_annotation_v1,A,q_분식_12,만두 먹을 데,음식점 중 '분식'을 판매·제공하는 매장,test,분식,T4 구어·문장,9c45ac41-323f-44cd-8901-7b4f9793b583,이석만두,만두,가수원상점가,자율상권구역,대전광역시,,,
4f31d8d3a2543bc99e6e,full_annotation_v1,A,q_분식_12,만두 먹을 데,음식점 중 '분식'을 판매·제공하는 매장,test,분식,T4 구어·문장,d77ff04d-e52c-47db-9c1e-b91316af79c3,만두가,만두,효자시장,전통시장,경상북도,,,
8f9ee20adc75632bc323,full_annotation_v1,A,q_분식_12,만두 먹을 데,음식점 중 '분식'을 판매·제공하는 매장,test,분식,T4 구어·문장,968e7199-1b57-4cc8-8a2c-134306fdb011,장호덕손만두,만두,부사동 인삼거리 골목형상점가,골목형상점가,대전광역시,,,
7dbf33d0ed6a3b4758a9,full_annotation_v1,A,q_분식_12,만두 먹을 데,음식점 중 '분식'을 판매·제공하는 매장,test,분식,T4 구어·문장,2613f2dc-65bb-4746-b383-dfba0ce85bae,옥연만두,만두,청주사창시장,전통시장,충청북도,,,
9eb697ef8139aca78442,full_annotation_v1,A,q_분식_12,만두 먹을 데,음식점 중 '분식'을 판매·제공하는 매장,test,분식,T4 구어·문장,388a73d6-271f-4cdd-9558-abffa5ee1ab4,디오,귀금속,대구패션주얼리특구,자율상권구역,대구광역시,,,
9da88cc05371709e4ccc,full_annotation_v1,A,q_분식_12,만두 먹을 데,음식점 중 '분식'을 판매·제공하는 매장,test,분식,T4 구어·문장,50c33794-1cf7-43c3-af29-daf15e63d633,진미만두,만두,칠성본시장,전통시장,대구광역시,,,
a727cb37d38240ba1f08,full_annotation_v1,A,q_분식_12,만두 먹을 데,음식점 중 '분식'을 판매·제공하는 매장,test,분식,T4 구어·문장,c52291ae-dcd5-43be-8688-ebd5e97456d0,장호덕손만두용인모현점,만두,외대글로벌길 골목형상점가,골목형상점가,경기도,,,
f4c629a4c4141c85fc33,full_annotation_v1,A,q_분식_12,만두 먹을 데,음식점 중 '분식'을 판매·제공하는 매장,test,분식,T4 구어·문장,810ba55b-19e1-47bb-b340-dacba4584b5d,다솜수제만두,만두,창원 상남시장,전통시장,경상남도,,,
a77e624848cec5fa5316,full_annotation_v1,A,q_분식_12,만두 먹을 데,음식점 중 '분식'을 판매·제공하는 매장,test,분식,T4 구어·문장,9e783caf-f00d-47ce-8fba-5843e7be401b,장호덕손만두,만두,용해동 포미타운 골목형상점가,골목형상점가,전라남도,,,
0758b1f36017eeda4238,full_annotation_v1,A,q_분식_12,만두 먹을 데,음식점 중 '분식'을 판매·제공하는 매장,test,분식,T4 구어·문장,1c15f73b-c6b0-472e-9485-a7e4a4a50b99,별난만두,만두,남부골목시장,전통시장,서울특별시,,,
4eb2450dbc99f964e215,full_annotation_v1,A,q_분식_12,만두 먹을 데,음식점 중 '분식'을 판매·제공하는 매장,test,분식,T4 구어·문장,005313c8-dce8-49b6-9841-9143ebb1305a,동원떡집,,박달시장,전통시장,경기도,,,
b1a1f7772e0d86652d1b,full_annotation_v1,A,q_분식_12,만두 먹을 데,음식점 중 '분식'을 판매·제공하는 매장,test,분식,T4 구어·문장,3c57ec24-c01c-4ad6-ba9c-a0f9dbc740a4,남문상회,곡물,밀양 내일전통시장,전통시장,경상남도,,,
209dca35afe7d300b0e5,full_annotation_v1,A,q_분식_12,만두 먹을 데,음식점 중 '분식'을 판매·제공하는 매장,test,분식,T4 구어·문장,aa67f4c3-219e-4011-a5e9-d1bab54b6820,김여사 만두,만두,맹동혁신골목형상점가,골목형상점가,충청북도,,,
75fbba1b78aafc1678bb,full_annotation_v1,A,q_분식_12,만두 먹을 데,음식점 중 '분식'을 판매·제공하는 매장,test,분식,T4 구어·문장,cbebe8f0-84af-4388-a24f-b13394b881a4,하이수&하이풋,네일,상주왕산상점가,자율상권구역,경상북도,,,
be5a421c2706734e43d1,full_annotation_v1,A,q_분식_12,만두 먹을 데,음식점 중 '분식'을 판매·제공하는 매장,test,분식,T4 구어·문장,1cea6a4e-646e-49fc-a14e-353c3363138e,세종철판왕만두,만두,세종전통시장,전통시장,세종특별자치시,,,
6e5c4c1a8f7ba6219a03,full_annotation_v1,A,q_분식_12,만두 먹을 데,음식점 중 '분식'을 판매·제공하는 매장,test,분식,T4 구어·문장,0012a3b4-64a1-440c-a76e-f2be12a2f086,튀김집,분식,두암시장주변 골목형상점가,골목형상점가,광주광역시,,,
e50e0d94b01a9dc5bcf1,full_annotation_v1,A,q_분식_12,만두 먹을 데,음식점 중 '분식'을 판매·제공하는 매장,test,분식,T4 구어·문장,f18bbfbf-ffae-4bd6-bd33-b1ae330a2fe7,함지박,만두,수정전통시장,전통시장,부산광역시,,,
d1cd42b8d9f2c0ff1125,full_annotation_v1,A,q_분식_12,만두 먹을 데,음식점 중 '분식'을 판매·제공하는 매장,test,분식,T4 구어·문장,571474ed-6214-45f9-b9e0-197221def111,만두라,만두,백년소상공인,기타,서울특별시,,,
1dc64baaba14d17171f5,full_annotation_v1,A,q_분식_12,만두 먹을 데,음식점 중 '분식'을 판매·제공하는 매장,test,분식,T4 구어·문장,04c905ba-3172-4ea4-a6dd-4345d674dea0,덕순이네,제조업(떡집),장터길 골목형상점가,골목형상점가,경기도,,,
b98786b748795f40a855,full_annotation_v1,A,q_분식_12,만두 먹을 데,음식점 중 '분식'을 판매·제공하는 매장,test,분식,T4 구어·문장,b17636c0-4235-492c-8b4a-f0dcf80bee31,할머니손만두,만두,화천재래시장,전통시장,강원특별자치도,,,
149b7f9e3a270bfd8371,full_annotation_v1,A,q_분식_12,만두 먹을 데,음식점 중 '분식'을 판매·제공하는 매장,test,분식,T4 구어·문장,a32ee2cb-8a27-4a54-bdfc-043dd57caa83,신바람찐빵만두,만두,강진중앙로상가,자율상권구역,전라남도,,,
a0dde166789174687575,full_annotation_v1,A,q_분식_12,만두 먹을 데,음식점 중 '분식'을 판매·제공하는 매장,test,분식,T4 구어·문장,b712f7b9-8286-4f31-897b-90e9c75b08da,만두마당,만두,금산금빛시장(금산시장),전통시장,충청남도,,,
479c6de243e94a819f22,full_annotation_v1,A,q_분식_12,만두 먹을 데,음식점 중 '분식'을 판매·제공하는 매장,test,분식,T4 구어·문장,45225395-481d-48d0-aea9-2f6620231636,우리웰빙만두,만두,대구교동시장,전통시장,대구광역시,,,
d829bc39c1ffd13c5c3e,full_annotation_v1,A,q_분식_12,만두 먹을 데,음식점 중 '분식'을 판매·제공하는 매장,test,분식,T4 구어·문장,06a2e1ce-3b99-4e0f-88de-bc4e31d9f439,짱만두,만두,행복상점가,자율상권구역,경상북도,,,
266166c68a5e85b2d0d2,full_annotation_v1,A,q_분식_12,만두 먹을 데,음식점 중 '분식'을 판매·제공하는 매장,test,분식,T4 구어·문장,dc92b2eb-5979-4c3b-8d97-a2778cd127d4,삼촌만두,만두,영월종합상가,전통시장,강원특별자치도,,,
bc6981c03b05abd1f32c,full_annotation_v1,A,q_분식_12,만두 먹을 데,음식점 중 '분식'을 판매·제공하는 매장,test,분식,T4 구어·문장,415808ce-735f-47c0-a5e1-739be2ae8aed,옵서예만두,만두,연산골목시장상점가,자율상권구역,부산광역시,,,
5bb3be20d44c11dd1543,full_annotation_v1,A,q_분식_12,만두 먹을 데,음식점 중 '분식'을 판매·제공하는 매장,test,분식,T4 구어·문장,00e34fb5-e7d3-43aa-b574-400ee31abae5,은혜만두,만두,북동 골목형상점가,골목형상점가,광주광역시,,,
1a844fbc5592436b9eaf,full_annotation_v1,A,q_분식_12,만두 먹을 데,음식점 중 '분식'을 판매·제공하는 매장,test,분식,T4 구어·문장,00e9517a-1887-4acf-b072-10c7cadf9512,불닭발 땡초 동대문 엽기 떡볶이,분식,유엔남구 대학로 상권,,부산광역시,,,
5fb06065507270793388,full_annotation_v1,A,q_분식_12,만두 먹을 데,음식점 중 '분식'을 판매·제공하는 매장,test,분식,T4 구어·문장,04a91b86-3405-4f8d-b0b8-eac86f3907c4,연지동토스트,커피토스트,연지시장,전통시장,부산광역시,,,
0b09af778f4d571725ba,full_annotation_v1,A,q_분식_12,만두 먹을 데,음식점 중 '분식'을 판매·제공하는 매장,test,분식,T4 구어·문장,00b5a60c-c548-4ac2-8259-9bb788c0fc58,까치김밥,김밥식사류,신림별빛거리골목형상점가,골목형상점가,서울특별시,,,
1e23a359da8cadf1ec32,full_annotation_v1,A,q_분식_12,만두 먹을 데,음식점 중 '분식'을 판매·제공하는 매장,test,분식,T4 구어·문장,04b03558-95d1-4a0e-a9e2-9a9e72bdadb2,배가찐왕만두,만두,문흥2동 골목형상점가,골목형상점가,광주광역시,,,
ab19ae6ab405f223634d,full_annotation_v1,A,q_분식_12,만두 먹을 데,음식점 중 '분식'을 판매·제공하는 매장,test,분식,T4 구어·문장,015915e3-2542-4245-b627-0c775b4c5501,한내떡집,,거제 고현시장,전통시장,경상남도,,,
4d5e83a82185e07e3b40,full_annotation_v1,A,q_분식_12,만두 먹을 데,음식점 중 '분식'을 판매·제공하는 매장,test,분식,T4 구어·문장,35b9e8da-b8a6-4851-baf6-2de676c05300,덕보만두,만두,신산격종합시장 골목형상점가,골목형상점가,대구광역시,,,
b1bbb51d15807874d355,full_annotation_v1,A,q_분식_12,만두 먹을 데,음식점 중 '분식'을 판매·제공하는 매장,test,분식,T4 구어·문장,be81d247-2f6e-4668-9231-3123bfc315a7,임계만두,만두,동쪽바다중앙시장(구 동해중앙시장),전통시장,강원특별자치도,,,
ae5c1e77d24bff8231f0,full_annotation_v1,A,q_분식_12,만두 먹을 데,음식점 중 '분식'을 판매·제공하는 매장,test,분식,T4 구어·문장,94fe4dac-2ee8-4fc4-9598-b2ab3ccabe08,호호왕만두,만두,양산 덕계종합상설시장,전통시장,경상남도,,,
4ec23aa6c37393c9177b,full_annotation_v1,A,q_분식_12,만두 먹을 데,음식점 중 '분식'을 판매·제공하는 매장,test,분식,T4 구어·문장,02f03161-3a15-416f-bdd6-8ad5bd17781d,시골참순대,,관저동 먹자골목 골목형상점가,골목형상점가,대전광역시,,,
008073e66645b026e24b,full_annotation_v1,A,q_분식_12,만두 먹을 데,음식점 중 '분식'을 판매·제공하는 매장,test,분식,T4 구어·문장,72daf2fb-92c9-441a-9afc-1ded42c577a6,만두쟁이,만두,"온양온천시장(온양재래시장, 전통시장)",전통시장,충청남도,,,
6d524accedf285355821,full_annotation_v1,A,q_분식_12,만두 먹을 데,음식점 중 '분식'을 판매·제공하는 매장,test,분식,T4 구어·문장,d1075d91-769e-48d8-ace0-b0081423b8b5,모아만두,만두,청주사창시장,전통시장,충청북도,,,
4bbbe117756753a21656,full_annotation_v1,A,q_분식_12,만두 먹을 데,음식점 중 '분식'을 판매·제공하는 매장,test,분식,T4 구어·문장,501ae59c-22f7-46af-bfba-ef08a9b81641,매일선,만두,남문시장,전통시장,서울특별시,,,
27f52722a091ac4d0c99,full_annotation_v1,A,q_분식_12,만두 먹을 데,음식점 중 '분식'을 판매·제공하는 매장,test,분식,T4 구어·문장,100ba02b-8a14-4d28-b7d4-44d86067361b,장호덕손만두,만두,봉일천전통시장,전통시장,경기도,,,
9e209a883a0e54326c68,full_annotation_v1,A,q_분식_12,만두 먹을 데,음식점 중 '분식'을 판매·제공하는 매장,test,분식,T4 구어·문장,44ab277e-62ae-49f8-be37-3b462ce37dfb,별난만두,만두,중마시장,전통시장,전라남도,,,
166ce1ff10c99ed6bf42,full_annotation_v1,A,q_분식_12,만두 먹을 데,음식점 중 '분식'을 판매·제공하는 매장,test,분식,T4 구어·문장,0a014aeb-5585-4361-a430-074c3bc49c99,모놀로그,여성의류,강남역지하도상점가,일반지하상점가,서울특별시,,,
1e645e30dadafd402d72,full_annotation_v1,A,q_분식_12,만두 먹을 데,음식점 중 '분식'을 판매·제공하는 매장,test,분식,T4 구어·문장,8cdac4b6-316f-4a74-b31b-381b7d5f4614,청자다방 광주여대점,커피,우산동빛고을 골목형상점가,골목형상점가,광주광역시,,,
fed7499c3d453ddef232,full_annotation_v1,A,q_분식_12,만두 먹을 데,음식점 중 '분식'을 판매·제공하는 매장,test,분식,T4 구어·문장,00e30e6c-dde0-49cd-9e3e-95465aa4247e,동해분식,분식,서남신시장,전통시장,대구광역시,,,
e893625e01786e01bba7,full_annotation_v1,A,q_분식_12,만두 먹을 데,음식점 중 '분식'을 판매·제공하는 매장,test,분식,T4 구어·문장,b18a9e8c-0de2-4175-8d8b-729a61773371,원주김치만두,만두,도래미시장,전통시장,강원특별자치도,,,
444dd5f1b3285625b542,full_annotation_v1,A,q_분식_12,만두 먹을 데,음식점 중 '분식'을 판매·제공하는 매장,test,분식,T4 구어·문장,0751174e-b0a2-4e13-b873-baa006b4bb8d,예진이네김치만두,만두,도래미시장,전통시장,강원특별자치도,,,
20208997265d21337f12,full_annotation_v1,A,q_분식_12,만두 먹을 데,음식점 중 '분식'을 판매·제공하는 매장,test,분식,T4 구어·문장,45b3b80d-df89-4544-8908-737e4f3d356c,동아,액세서리,통영중앙전통시장,전통시장,경상남도,,,
d145db903a87da260885,full_annotation_v1,A,q_분식_12,만두 먹을 데,음식점 중 '분식'을 판매·제공하는 매장,test,분식,T4 구어·문장,86177d0d-993b-49ed-b720-5b4b5b9035d9,미담떡방앗간,떡,구미파크시장,전통시장,경상북도,,,
ad7d76a79b99e61033dc,full_annotation_v1,A,q_분식_12,만두 먹을 데,음식점 중 '분식'을 판매·제공하는 매장,test,분식,T4 구어·문장,7fb27403-28ca-4cc0-b090-7ff99007c830,아담만두,만두,부평문화인의거리골목형상점가,골목형상점가,인천광역시,,,
3ad6a47d1f6c0f8262f9,full_annotation_v1,A,q_분식_12,만두 먹을 데,음식점 중 '분식'을 판매·제공하는 매장,test,분식,T4 구어·문장,b9a867f3-fc78-4f44-b8f5-4edd86b9ad44,차산이불,이불,남해전통시장,전통시장,경상남도,,,
67b6ccb9930a2e2972b4,full_annotation_v1,A,q_분식_12,만두 먹을 데,음식점 중 '분식'을 판매·제공하는 매장,test,분식,T4 구어·문장,3b91ec2a-2606-41d3-9120-a40662269044,호호만두,만두,신창수문 골목형상점가,골목형상점가,광주광역시,,,
42a1f3aa74fe46f21fc0,full_annotation_v1,A,q_분식_12,만두 먹을 데,음식점 중 '분식'을 판매·제공하는 매장,test,분식,T4 구어·문장,1b0032f6-1cc3-4466-ba1f-2fc85261315c,복만두,만두,도마큰시장,전통시장,대전광역시,,,
d9586c638992bf62e20f,full_annotation_v1,A,q_분식_12,만두 먹을 데,음식점 중 '분식'을 판매·제공하는 매장,test,분식,T4 구어·문장,00ec6d6a-b0c1-4662-b17f-9c9f059a4bcd,백암서울순대국,순대국,강서구청먹자골목골목형상점가,골목형상점가,서울특별시,,,
3a162fac71f02330d983,full_annotation_v1,A,q_분식_12,만두 먹을 데,음식점 중 '분식'을 판매·제공하는 매장,test,분식,T4 구어·문장,2c385c7e-5a8b-4f70-b4b4-ef1f215b04ae,생생통만두,만두,계양산전통시장,전통시장,인천광역시,,,
f83ca0394454e4fee2ae,full_annotation_v1,A,q_분식_12,만두 먹을 데,음식점 중 '분식'을 판매·제공하는 매장,test,분식,T4 구어·문장,001cb3d4-5441-4963-b517-d5b3904ee312,현창떡집,떡집,목포동부시장,전통시장,전라남도,,,
aedfcfaf91fc75374ea0,full_annotation_v1,A,q_분식_12,만두 먹을 데,음식점 중 '분식'을 판매·제공하는 매장,test,분식,T4 구어·문장,5726305e-0723-4eff-84a4-e6c3f120e980,미성당납작만두,만두,지범골목먹거리타운 골목형상점가,골목형상점가,대구광역시,,,
cf96aea6c28aedcbbc07,full_annotation_v1,A,q_분식_12,만두 먹을 데,음식점 중 '분식'을 판매·제공하는 매장,test,분식,T4 구어·문장,cfa1eaef-d8ec-48b6-9bc6-75cfc54de1d1,명동만두,만두,부천자유시장,전통시장,경기도,,,
31deef4498a226bd090b,full_annotation_v1,A,q_분식_12,만두 먹을 데,음식점 중 '분식'을 판매·제공하는 매장,test,분식,T4 구어·문장,0018c143-a8bd-4461-a8ae-ee348edfad7a,김가네의정부중앙역점,김밥 분식 식사등,의정부시 구도심 상권활성화구역,상권활성화구역,경기도,,,
c71df1cc01ce8ca87e23,full_annotation_v1,A,q_분식_12,만두 먹을 데,음식점 중 '분식'을 판매·제공하는 매장,test,분식,T4 구어·문장,538abe79-35a2-4d3d-8619-843f0a1ec6e0,영광닭집,소매(닭),남구로시장,전통시장,서울특별시,,,
b4113d05e345bf5e6646,full_annotation_v1,A,q_분식_12,만두 먹을 데,음식점 중 '분식'을 판매·제공하는 매장,test,분식,T4 구어·문장,6e0f2898-8c3a-4b86-a0e7-4eb92eef35d9,용감한왕만두,만두,원당시장(구 원당전통시장),전통시장,경기도,,,
32dc7ae7235ad3d352d8,full_annotation_v1,A,q_분식_12,만두 먹을 데,음식점 중 '분식'을 판매·제공하는 매장,test,분식,T4 구어·문장,017c71f5-48d0-4cce-a370-a84d34d36658,무봉리토종순대국파주운정점,,산내마을 골목형상점가,골목형상점가,경기도,,,
dbcfb8d2e7c790d6d96d,full_annotation_v1,A,q_분식_12,만두 먹을 데,음식점 중 '분식'을 판매·제공하는 매장,test,분식,T4 구어·문장,64816a5b-87e2-489b-8242-38675afdad14,신포우리만두,만두,하당꽃길1가 골목형상점가,골목형상점가,전라남도,,,
d71ae5c2b8de4fb0db6f,full_annotation_v1,A,q_분식_12,만두 먹을 데,음식점 중 '분식'을 판매·제공하는 매장,test,분식,T4 구어·문장,abcc7cbc-f5bd-4367-bc39-17dbc3212bda,진심만두,만두,대전정원시장,전통시장,대전광역시,,,
6d321d3a9346821cf244,full_annotation_v1,A,q_분식_12,만두 먹을 데,음식점 중 '분식'을 판매·제공하는 매장,test,분식,T4 구어·문장,b0d8b45a-83c9-4ae4-a66f-6013dc30675a,형제상회,만두,충주무학시장,전통시장,충청북도,,,
054a04c1a90ff59dba67,full_annotation_v1,A,q_분식_12,만두 먹을 데,음식점 중 '분식'을 판매·제공하는 매장,test,분식,T4 구어·문장,5db2393c-54a9-4e60-99dc-a3f9fe8303a7,한끼만두,만두,신도봉시장,전통시장,서울특별시,,,
22a9e8961bc9aabca85f,full_annotation_v1,A,q_분식_12,만두 먹을 데,음식점 중 '분식'을 판매·제공하는 매장,test,분식,T4 구어·문장,016f68a3-c16f-467c-af96-22466baf3a6a,쉬즈베이글,토스트,읍내리 원도심 골목형상점가,골목형상점가,전라남도,,,
6856c97bf7834191d4de,full_annotation_v1,A,q_분식_12,만두 먹을 데,음식점 중 '분식'을 판매·제공하는 매장,test,분식,T4 구어·문장,f14df4d3-9858-4a8b-8597-20fd477d8e32,갤러리 데 루치아,가구,용인어정가구단지상점가,자율상권구역,경기도,,,
a18511a7318881d73e49,full_annotation_v1,A,q_분식_12,만두 먹을 데,음식점 중 '분식'을 판매·제공하는 매장,test,분식,T4 구어·문장,0075dacf-3e3f-47b8-a4af-d3a2ff866348,북툰커피앤카페,찐빵 만두 커피,신창진흥 골목형상점가,골목형상점가,광주광역시,,,
863b2598f0e0a1b95a05,full_annotation_v1,A,q_분식_12,만두 먹을 데,음식점 중 '분식'을 판매·제공하는 매장,test,분식,T4 구어·문장,d6a1f694-0466-4f83-9c24-e7a5bd51a8b4,별난만두,만두,목포동부시장,전통시장,전라남도,,,
ea5d3297620aaf8046d0,full_annotation_v1,A,q_분식_12,만두 먹을 데,음식점 중 '분식'을 판매·제공하는 매장,test,분식,T4 구어·문장,59e4040f-5d2d-47b7-b9d7-2c8a48e3c1c3,복성손만두,만두,광탄전통시장,전통시장,경기도,,,
e94f87ba44d3265e1934,full_annotation_v1,A,q_분식_12,만두 먹을 데,음식점 중 '분식'을 판매·제공하는 매장,test,분식,T4 구어·문장,0239c4e7-2ae3-4f29-8952-19c6d9d1d9a9,세번째집,순대국밥,성환이화시장,전통시장,충청남도,,,
8722249ccef8b1aaf542,full_annotation_v1,A,q_분식_12,만두 먹을 데,음식점 중 '분식'을 판매·제공하는 매장,test,분식,T4 구어·문장,94d2ec71-9ec2-4344-b354-83ed89e054d6,금용만두,만두,구포역세권상점가,자율상권구역,부산광역시,,,
1097e8c85217fed630f3,full_annotation_v1,A,q_분식_12,만두 먹을 데,음식점 중 '분식'을 판매·제공하는 매장,test,분식,T4 구어·문장,d819e1f2-ff27-4145-8ef3-113f15a23bb0,돈수촌,국밥,구미제일시장상가,전통시장,경상북도,,,
0f80868edee130d08508,full_annotation_v1,A,q_분식_12,만두 먹을 데,음식점 중 '분식'을 판매·제공하는 매장,test,분식,T4 구어·문장,bbbcfe93-b0c4-4524-908d-ffb2a5e5e3ce,양가손만두,만두,개금골목시장,전통시장,부산광역시,,,
d766b5f74ccc45321322,full_annotation_v1,A,q_분식_12,만두 먹을 데,음식점 중 '분식'을 판매·제공하는 매장,test,분식,T4 구어·문장,41f7e55d-ee69-431a-b571-6156eed34b3e,감자만두,만두,두호1시장,전통시장,경상북도,,,
4657ab17dbe66568dac6,full_annotation_v1,A,q_분식_12,만두 먹을 데,음식점 중 '분식'을 판매·제공하는 매장,test,분식,T4 구어·문장,3c10b8e5-e790-4dc4-8659-4382eebf8c20,세븐일레븐광주소촌가로수점,공산품및 담배,소촌금봉 골목형상점가,골목형상점가,광주광역시,,,
4ac3522445825e1af805,full_annotation_v1,A,q_분식_12,만두 먹을 데,음식점 중 '분식'을 판매·제공하는 매장,test,분식,T4 구어·문장,9f32988e-c732-4b7b-a9b0-9c03a8ead883,화정만두,만두,화삼골상인회 골목형상점가,골목형상점가,광주광역시,,,
f37dfa40080658bf3cb2,full_annotation_v1,A,q_분식_12,만두 먹을 데,음식점 중 '분식'을 판매·제공하는 매장,test,분식,T4 구어·문장,0ab4b1bd-93f1-4d46-b012-abfc9b1328dc,브라운토스트,"토스트, 음료",구즉 골목형상점가,골목형상점가,대전광역시,,,
82fe6d84a32e74273101,full_annotation_v1,A,q_분식_13,만두 파는 곳,음식점 중 '분식'을 판매·제공하는 매장,test,분식,T4 구어·문장,ae7f51ec-722f-4c96-b9aa-7cdd58cc3616,만두와찐빵,만두,이동 골목형상점가,골목형상점가,경기도,,,
6f8d846003b21be1736b,full_annotation_v1,A,q_분식_13,만두 파는 곳,음식점 중 '분식'을 판매·제공하는 매장,test,분식,T4 구어·문장,b4704186-5a1b-4ecf-b444-9fc86c8e5b74,신영남만두,만두,칠성본시장,전통시장,대구광역시,,,
5ccfc16794e625426b2a,full_annotation_v1,A,q_분식_13,만두 파는 곳,음식점 중 '분식'을 판매·제공하는 매장,test,분식,T4 구어·문장,d29cd065-e326-430d-953e-fb891fb4ea82,만두장성,만두,공릉동도깨비시장,전통시장,서울특별시,,,
2ce76e5703221559ae33,full_annotation_v1,A,q_분식_13,만두 파는 곳,음식점 중 '분식'을 판매·제공하는 매장,test,분식,T4 구어·문장,56bc5b73-a3a0-4ff5-9cad-5c72e7079624,장호덕손만두,만두,청당2번가 골목형상점가,골목형상점가,충청남도,,,
3ab175d01e2d47da62b7,full_annotation_v1,A,q_분식_13,만두 파는 곳,음식점 중 '분식'을 판매·제공하는 매장,test,분식,T4 구어·문장,3c719391-daec-4835-98f2-7045a7d80c68,백남옥손만두,만두,신곡시장 골목형상점가,골목형상점가,서울특별시,,,
578d9cac9605cd947701,full_annotation_v1,A,q_분식_13,만두 파는 곳,음식점 중 '분식'을 판매·제공하는 매장,test,분식,T4 구어·문장,1b0032f6-1cc3-4466-ba1f-2fc85261315c,복만두,만두,도마큰시장,전통시장,대전광역시,,,
a794cd4da3bab1b63342,full_annotation_v1,A,q_분식_13,만두 파는 곳,음식점 중 '분식'을 판매·제공하는 매장,test,분식,T4 구어·문장,bbbcfe93-b0c4-4524-908d-ffb2a5e5e3ce,양가손만두,만두,개금골목시장,전통시장,부산광역시,,,
ea4247fb01b6c577a9d3,full_annotation_v1,A,q_분식_13,만두 파는 곳,음식점 중 '분식'을 판매·제공하는 매장,test,분식,T4 구어·문장,9954bf0c-4bb6-43e4-97a7-10ca7dcd8524,통큰만두,만두,퐁당거리 골목형상점가,골목형상점가,전라남도,,,
bcf5ee2f560a4f455c84,full_annotation_v1,A,q_분식_13,만두 파는 곳,음식점 중 '분식'을 판매·제공하는 매장,test,분식,T4 구어·문장,9ede157b-e640-4e93-8106-c04cfee65d18,곽선생왕만두,만두,난우길골목형상점가,골목형상점가,서울특별시,,,
85cff13207fef86d2995,full_annotation_v1,A,q_분식_13,만두 파는 곳,음식점 중 '분식'을 판매·제공하는 매장,test,분식,T4 구어·문장,b5cde6f7-d102-49da-a75a-cb92d0a4588a,수제만두,만두,복이있는덕포시장,전통시장,부산광역시,,,
beb6342be96b975fa54b,full_annotation_v1,A,q_분식_13,만두 파는 곳,음식점 중 '분식'을 판매·제공하는 매장,test,분식,T4 구어·문장,94d2ec71-9ec2-4344-b354-83ed89e054d6,금용만두,만두,구포역세권상점가,자율상권구역,부산광역시,,,
8290a807cd96434df711,full_annotation_v1,A,q_분식_13,만두 파는 곳,음식점 중 '분식'을 판매·제공하는 매장,test,분식,T4 구어·문장,b0d8b45a-83c9-4ae4-a66f-6013dc30675a,형제상회,만두,충주무학시장,전통시장,충청북도,,,
10489729422c58df173b,full_annotation_v1,A,q_분식_13,만두 파는 곳,음식점 중 '분식'을 판매·제공하는 매장,test,분식,T4 구어·문장,10273a8c-5c48-4344-8b2f-7fdf21403dba,장호덕손만두,만두,아름다운별장거리골목형상점가,골목형상점가,서울특별시,,,
19891cbf7d74b797916d,full_annotation_v1,A,q_분식_13,만두 파는 곳,음식점 중 '분식'을 판매·제공하는 매장,test,분식,T4 구어·문장,41f7e55d-ee69-431a-b571-6156eed34b3e,감자만두,만두,두호1시장,전통시장,경상북도,,,
70ae0e747ac6248808aa,full_annotation_v1,A,q_분식_13,만두 파는 곳,음식점 중 '분식'을 판매·제공하는 매장,test,분식,T4 구어·문장,b80bce90-7574-4818-bc22-f70baeb01fc2,개성손만두요리전문점,만두,예술광장로상점가,자율상권구역,경기도,,,
c1865229ef6a4c26ecb9,full_annotation_v1,A,q_분식_13,만두 파는 곳,음식점 중 '분식'을 판매·제공하는 매장,test,분식,T4 구어·문장,571474ed-6214-45f9-b9e0-197221def111,만두라,만두,백년소상공인,기타,서울특별시,,,
88354397f79dd956ceb6,full_annotation_v1,A,q_분식_13,만두 파는 곳,음식점 중 '분식'을 판매·제공하는 매장,test,분식,T4 구어·문장,968e7199-1b57-4cc8-8a2c-134306fdb011,장호덕손만두,만두,부사동 인삼거리 골목형상점가,골목형상점가,대전광역시,,,
9afb70a4e633064df587,full_annotation_v1,A,q_분식_13,만두 파는 곳,음식점 중 '분식'을 판매·제공하는 매장,test,분식,T4 구어·문장,c2fbcb36-c7af-4acd-9015-edc13ff9e026,배방대패삼겹살,음식,배방상점가,자율상권구역,충청남도,,,
fd40b164cfe3de302730,full_annotation_v1,A,q_분식_13,만두 파는 곳,음식점 중 '분식'을 판매·제공하는 매장,test,분식,T4 구어·문장,7fb27403-28ca-4cc0-b090-7ff99007c830,아담만두,만두,부평문화인의거리골목형상점가,골목형상점가,인천광역시,,,
6df37e14ce3db9ea62ab,full_annotation_v1,A,q_분식_13,만두 파는 곳,음식점 중 '분식'을 판매·제공하는 매장,test,분식,T4 구어·문장,79d6adf2-cddc-4662-8639-4bd3f5496514,기린손만두,만두,두꺼비시장,전통시장,충청북도,,,
7b13a3ad300ab3894cce,full_annotation_v1,A,q_분식_13,만두 파는 곳,음식점 중 '분식'을 판매·제공하는 매장,test,분식,T4 구어·문장,efb9495c-d324-4eed-b77e-3ba87b25a21f,만두나라,만두,박달시장,전통시장,경기도,,,
0cbe5dcd44259e8319a4,full_annotation_v1,A,q_분식_13,만두 파는 곳,음식점 중 '분식'을 판매·제공하는 매장,test,분식,T4 구어·문장,8d10d3b6-2dad-4572-8752-f523a8471dad,오빠만두,만두,양주옥정호수공원상점가,골목형상점가,경기도,,,
babc370e095cddbf069c,full_annotation_v1,A,q_분식_13,만두 파는 곳,음식점 중 '분식'을 판매·제공하는 매장,test,분식,T4 구어·문장,20b1cd13-e4ad-4b9e-81bb-897f45835b24,옛날코끼리찐빵만두,만두,청주육거리종합시장,전통시장,충청북도,,,
081987866a6cd7624d2a,full_annotation_v1,A,q_분식_13,만두 파는 곳,음식점 중 '분식'을 판매·제공하는 매장,test,분식,T4 구어·문장,0018c143-a8bd-4461-a8ae-ee348edfad7a,김가네의정부중앙역점,김밥 분식 식사등,의정부시 구도심 상권활성화구역,상권활성화구역,경기도,,,
d8b6806ba3bfe38f63ab,full_annotation_v1,A,q_분식_13,만두 파는 곳,음식점 중 '분식'을 판매·제공하는 매장,test,분식,T4 구어·문장,c0d3567d-88dd-4a55-9e73-804d231b8442,이레아트미술학원,교육서비스,정림동 골목형상점가,골목형상점가,대전광역시,,,
46218481528780753789,full_annotation_v1,A,q_분식_13,만두 파는 곳,음식점 중 '분식'을 판매·제공하는 매장,test,분식,T4 구어·문장,0a891050-80f2-4423-a5a4-fbd505f1e519,이삭토스트 대전테크노밸리점,토스트,테크노밸리 골목형상점가,골목형상점가,대전광역시,,,
bf8ff61f42cd48532141,full_annotation_v1,A,q_분식_13,만두 파는 곳,음식점 중 '분식'을 판매·제공하는 매장,test,분식,T4 구어·문장,00783b5c-54fd-42fc-8bcf-1ea7fce865d5,쫀득분식,분식,임방울거리3구역 골목형상점가,골목형상점가,광주광역시,,,
3cce0b490b1db54c16d5,full_annotation_v1,A,q_분식_13,만두 파는 곳,음식점 중 '분식'을 판매·제공하는 매장,test,분식,T4 구어·문장,0b8ef6dc-2f6b-4707-bd73-529122d9c97a,하단떡집,떡집,하단오일상설시장,전통시장,부산광역시,,,
518e3b1f22594b970412,full_annotation_v1,A,q_분식_13,만두 파는 곳,음식점 중 '분식'을 판매·제공하는 매장,test,분식,T4 구어·문장,5c95230f-f707-47c6-91a3-6a5c15b5f3bc,수경손만두,만두,대평동 골목형상점가,골목형상점가,세종특별자치시,,,
5bc5e6d9a813546069d2,full_annotation_v1,A,q_분식_13,만두 파는 곳,음식점 중 '분식'을 판매·제공하는 매장,test,분식,T4 구어·문장,abcc7cbc-f5bd-4367-bc39-17dbc3212bda,진심만두,만두,대전정원시장,전통시장,대전광역시,,,
ab1bf40865f3fb9be1d8,full_annotation_v1,A,q_분식_13,만두 파는 곳,음식점 중 '분식'을 판매·제공하는 매장,test,분식,T4 구어·문장,8b0ac2e5-ed66-4623-b53f-f03e15bd35ee,장호덕손만두,만두,새롬동 골목형상점가,골목형상점가,세종특별자치시,,,
51696d82abd31b172930,full_annotation_v1,A,q_분식_13,만두 파는 곳,음식점 중 '분식'을 판매·제공하는 매장,test,분식,T4 구어·문장,aa67f4c3-219e-4011-a5e9-d1bab54b6820,김여사 만두,만두,맹동혁신골목형상점가,골목형상점가,충청북도,,,
09b4cedce446a7d1cc86,full_annotation_v1,A,q_분식_13,만두 파는 곳,음식점 중 '분식'을 판매·제공하는 매장,test,분식,T4 구어·문장,55504fc1-94fc-46a7-b47a-09270db4892d,친신마라탕 송파점,중식,개롱골장군거리 골목형상점가,골목형상점가,서울특별시,,,
7fa874721e0048e889bc,full_annotation_v1,A,q_분식_13,만두 파는 곳,음식점 중 '분식'을 판매·제공하는 매장,test,분식,T4 구어·문장,be81d247-2f6e-4668-9231-3123bfc315a7,임계만두,만두,동쪽바다중앙시장(구 동해중앙시장),전통시장,강원특별자치도,,,
d398662db81c97b96211,full_annotation_v1,A,q_분식_13,만두 파는 곳,음식점 중 '분식'을 판매·제공하는 매장,test,분식,T4 구어·문장,c52291ae-dcd5-43be-8688-ebd5e97456d0,장호덕손만두용인모현점,만두,외대글로벌길 골목형상점가,골목형상점가,경기도,,,
c8199655966eb6a59b8b,full_annotation_v1,A,q_분식_13,만두 파는 곳,음식점 중 '분식'을 판매·제공하는 매장,test,분식,T4 구어·문장,9c45ac41-323f-44cd-8901-7b4f9793b583,이석만두,만두,가수원상점가,자율상권구역,대전광역시,,,
085b279761f0ebfe0a2b,full_annotation_v1,A,q_분식_13,만두 파는 곳,음식점 중 '분식'을 판매·제공하는 매장,test,분식,T4 구어·문장,055b0501-9678-421c-9b8d-2994754df728,캠토토스트 계룡대실점,토스트,두마면 대실골목형상점가,골목형상점가,충청남도,,,
07aa18ce9855450e999f,full_annotation_v1,A,q_분식_13,만두 파는 곳,음식점 중 '분식'을 판매·제공하는 매장,test,분식,T4 구어·문장,64816a5b-87e2-489b-8242-38675afdad14,신포우리만두,만두,하당꽃길1가 골목형상점가,골목형상점가,전라남도,,,
be6a53f87de356ef9843,full_annotation_v1,A,q_분식_13,만두 파는 곳,음식점 중 '분식'을 판매·제공하는 매장,test,분식,T4 구어·문장,04c905ba-3172-4ea4-a6dd-4345d674dea0,덕순이네,제조업(떡집),장터길 골목형상점가,골목형상점가,경기도,,,
e9d6b2a5e2c88fde2660,full_annotation_v1,A,q_분식_13,만두 파는 곳,음식점 중 '분식'을 판매·제공하는 매장,test,분식,T4 구어·문장,59e4040f-5d2d-47b7-b9d7-2c8a48e3c1c3,복성손만두,만두,광탄전통시장,전통시장,경기도,,,
61a82f0dbf56d9c25794,full_annotation_v1,A,q_분식_13,만두 파는 곳,음식점 중 '분식'을 판매·제공하는 매장,test,분식,T4 구어·문장,007d6b63-4e47-47fa-aaa5-6d0b5cc7280b,도토리김밥계룡엄사점,분식,엄사 골목형상점가,골목형상점가,충청남도,,,
3f7fc7a7ded7f6d41d01,full_annotation_v1,A,q_분식_13,만두 파는 곳,음식점 중 '분식'을 판매·제공하는 매장,test,분식,T4 구어·문장,d66745b3-2063-4a23-9bc9-1c435dcb8d69,고향만두,만두,원주자유시장,전통시장,강원특별자치도,,,
88f43d7c4814c5182978,full_annotation_v1,A,q_분식_13,만두 파는 곳,음식점 중 '분식'을 판매·제공하는 매장,test,분식,T4 구어·문장,a32ee2cb-8a27-4a54-bdfc-043dd57caa83,신바람찐빵만두,만두,강진중앙로상가,자율상권구역,전라남도,,,
9d797ca91e4324492926,full_annotation_v1,A,q_분식_13,만두 파는 곳,음식점 중 '분식'을 판매·제공하는 매장,test,분식,T4 구어·문장,8d923e51-d45d-4cc7-a048-47b07db5c0ec,곽선생왕만두,만두,사당4골목형상점가,골목형상점가,서울특별시,,,
d2dbbb3de3b73d8cef5d,full_annotation_v1,A,q_분식_13,만두 파는 곳,음식점 중 '분식'을 판매·제공하는 매장,test,분식,T4 구어·문장,00ca89c2-42a8-432d-ba4b-5abd23c18ab0,계란밥,계란밥분식,시청역상가번영회 골목형상점가,골목형상점가,광주광역시,,,
a416556dfdc13954597c,full_annotation_v1,A,q_분식_13,만두 파는 곳,음식점 중 '분식'을 판매·제공하는 매장,test,분식,T4 구어·문장,0ab4b1bd-93f1-4d46-b012-abfc9b1328dc,브라운토스트,"토스트, 음료",구즉 골목형상점가,골목형상점가,대전광역시,,,
6a44620fb8cbeb8c8c9e,full_annotation_v1,A,q_분식_13,만두 파는 곳,음식점 중 '분식'을 판매·제공하는 매장,test,분식,T4 구어·문장,b712f7b9-8286-4f31-897b-90e9c75b08da,만두마당,만두,금산금빛시장(금산시장),전통시장,충청남도,,,
087ac11b6f9ee2c47f00,full_annotation_v1,A,q_분식_13,만두 파는 곳,음식점 중 '분식'을 판매·제공하는 매장,test,분식,T4 구어·문장,d1075d91-769e-48d8-ace0-b0081423b8b5,모아만두,만두,청주사창시장,전통시장,충청북도,,,
e95f5e2de3990ea33307,full_annotation_v1,A,q_분식_13,만두 파는 곳,음식점 중 '분식'을 판매·제공하는 매장,test,분식,T4 구어·문장,24456103-f6b8-46af-8655-82e61d7265d8,커피가 머무르는 곳,커피,반드레길골목형상점가,골목형상점가,서울특별시,,,
215ebc2cddfcaba6d561,full_annotation_v1,A,q_분식_13,만두 파는 곳,음식점 중 '분식'을 판매·제공하는 매장,test,분식,T4 구어·문장,00e9517a-1887-4acf-b072-10c7cadf9512,불닭발 땡초 동대문 엽기 떡볶이,분식,유엔남구 대학로 상권,,부산광역시,,,
03fdea02bf275a4637e3,full_annotation_v1,A,q_분식_13,만두 파는 곳,음식점 중 '분식'을 판매·제공하는 매장,test,분식,T4 구어·문장,c161453d-f2c8-4b97-a2c3-a54e0cbdb7e8,생활용품 싸게 파는 집,잡화,안성중앙시장,전통시장,경기도,,,
8b86014a6a3557543527,full_annotation_v1,A,q_분식_13,만두 파는 곳,음식점 중 '분식'을 판매·제공하는 매장,test,분식,T4 구어·문장,0012a3b4-64a1-440c-a76e-f2be12a2f086,튀김집,분식,두암시장주변 골목형상점가,골목형상점가,광주광역시,,,
7ad2e7120b6d3719a716,full_annotation_v1,A,q_분식_13,만두 파는 곳,음식점 중 '분식'을 판매·제공하는 매장,test,분식,T4 구어·문장,9f32988e-c732-4b7b-a9b0-9c03a8ead883,화정만두,만두,화삼골상인회 골목형상점가,골목형상점가,광주광역시,,,
252476eafb885e03524a,full_annotation_v1,A,q_분식_13,만두 파는 곳,음식점 중 '분식'을 판매·제공하는 매장,test,분식,T4 구어·문장,00b5a007-bb8d-47db-963d-ccc7e93c25ac,장호덕 손만두 백석점,만두,백석한들1번가 골목형상점가,골목형상점가,충청남도,,,
ce69546194df3892c021,full_annotation_v1,A,q_분식_13,만두 파는 곳,음식점 중 '분식'을 판매·제공하는 매장,test,분식,T4 구어·문장,100ba02b-8a14-4d28-b7d4-44d86067361b,장호덕손만두,만두,봉일천전통시장,전통시장,경기도,,,
8cfdd11e68ef7a513f93,full_annotation_v1,A,q_분식_13,만두 파는 곳,음식점 중 '분식'을 판매·제공하는 매장,test,분식,T4 구어·문장,ef26cc15-d217-4f8d-8bdb-bbd60219e5af,백남옥손만두,만두,도곡시장,자율상권구역,서울특별시,,,
ab5b6a0ad10483fc3e5a,full_annotation_v1,A,q_분식_13,만두 파는 곳,음식점 중 '분식'을 판매·제공하는 매장,test,분식,T4 구어·문장,d6a1f694-0466-4f83-9c24-e7a5bd51a8b4,별난만두,만두,목포동부시장,전통시장,전라남도,,,
827f262cceb4ae923188,full_annotation_v1,A,q_분식_13,만두 파는 곳,음식점 중 '분식'을 판매·제공하는 매장,test,분식,T4 구어·문장,cf3b1696-bd19-41d5-acb0-aa5971022102,백남옥손만두,만두,그라운드고척골목형상점가,골목형상점가,서울특별시,,,
d8c48b7a99f8b51813a9,full_annotation_v1,A,q_분식_13,만두 파는 곳,음식점 중 '분식'을 판매·제공하는 매장,test,분식,T4 구어·문장,001cb3d4-5441-4963-b517-d5b3904ee312,현창떡집,떡집,목포동부시장,전통시장,전라남도,,,
7e1f4678dfc44dc04a76,full_annotation_v1,A,q_분식_13,만두 파는 곳,음식점 중 '분식'을 판매·제공하는 매장,test,분식,T4 구어·문장,a39c69b8-a402-46a2-a2f0-8760f4728c45,소문난왕만두,만두,서남시장,전통시장,대구광역시,,,
eafe177ba9885f22d738,full_annotation_v1,A,q_분식_13,만두 파는 곳,음식점 중 '분식'을 판매·제공하는 매장,test,분식,T4 구어·문장,8e16b5db-a74d-4da5-8f88-0b5023a278ca,유창지하22호,축산물,독산동 우시장,자율상권구역,서울특별시,,,
0c6d2ca299ba22676124,full_annotation_v1,A,q_분식_13,만두 파는 곳,음식점 중 '분식'을 판매·제공하는 매장,test,분식,T4 구어·문장,f489394a-a57d-48fc-bd75-cf310dc998f2,창민만두,만두,청구시장,전통시장,대구광역시,,,
cef9e95c96f6f8ed0334,full_annotation_v1,A,q_분식_13,만두 파는 곳,음식점 중 '분식'을 판매·제공하는 매장,test,분식,T4 구어·문장,1c15f73b-c6b0-472e-9485-a7e4a4a50b99,별난만두,만두,남부골목시장,전통시장,서울특별시,,,
cdf7f8601ffb3e8a9b81,full_annotation_v1,A,q_분식_13,만두 파는 곳,음식점 중 '분식'을 판매·제공하는 매장,test,분식,T4 구어·문장,94fe4dac-2ee8-4fc4-9598-b2ab3ccabe08,호호왕만두,만두,양산 덕계종합상설시장,전통시장,경상남도,,,
d8963e4848ee25a0fb4f,full_annotation_v1,A,q_분식_13,만두 파는 곳,음식점 중 '분식'을 판매·제공하는 매장,test,분식,T4 구어·문장,00b5a60c-c548-4ac2-8259-9bb788c0fc58,까치김밥,김밥식사류,신림별빛거리골목형상점가,골목형상점가,서울특별시,,,
2b5d43add103dbd769e3,full_annotation_v1,A,q_분식_13,만두 파는 곳,음식점 중 '분식'을 판매·제공하는 매장,test,분식,T4 구어·문장,e435c545-6c35-4ec1-a325-8dcd9fa3a504,현아네 만두,만두,충주자유시장,전통시장,충청북도,,,
3e2794a31381e8fe0f29,full_annotation_v1,A,q_분식_13,만두 파는 곳,음식점 중 '분식'을 판매·제공하는 매장,test,분식,T4 구어·문장,3572d750-a243-4915-b2fd-af055e6c8330,코끼리왕만두,만두,상지대길골목형상점가,골목형상점가,강원특별자치도,,,
6e32eaf4fc1eaf07a88d,full_annotation_v1,A,q_분식_13,만두 파는 곳,음식점 중 '분식'을 판매·제공하는 매장,test,분식,T4 구어·문장,00e30e6c-dde0-49cd-9e3e-95465aa4247e,동해분식,분식,서남신시장,전통시장,대구광역시,,,
0e088cd1e4a4c7ae3e4a,full_annotation_v1,A,q_분식_13,만두 파는 곳,음식점 중 '분식'을 판매·제공하는 매장,test,분식,T4 구어·문장,72daf2fb-92c9-441a-9afc-1ded42c577a6,만두쟁이,만두,"온양온천시장(온양재래시장, 전통시장)",전통시장,충청남도,,,
cb75a595b47a32af327c,full_annotation_v1,A,q_분식_13,만두 파는 곳,음식점 중 '분식'을 판매·제공하는 매장,test,분식,T4 구어·문장,5db2393c-54a9-4e60-99dc-a3f9fe8303a7,한끼만두,만두,신도봉시장,전통시장,서울특별시,,,
c137dbae4d049720edf6,full_annotation_v1,A,q_분식_13,만두 파는 곳,음식점 중 '분식'을 판매·제공하는 매장,test,분식,T4 구어·문장,0011cf6d-567e-4c3b-b113-363daa11212a,김밥먹고 닭꼬치,,배방상점가,자율상권구역,충청남도,,,
b5bcf23df8d744f8849e,full_annotation_v1,A,q_분식_13,만두 파는 곳,음식점 중 '분식'을 판매·제공하는 매장,test,분식,T4 구어·문장,9e0359dd-9273-45e4-81f8-1a13e80d9006,모모만두,만두,화서시장,전통시장,경기도,,,
135da6183ee2da0bc184,full_annotation_v1,A,q_분식_13,만두 파는 곳,음식점 중 '분식'을 판매·제공하는 매장,test,분식,T4 구어·문장,5d6dcd17-5fd0-48fe-badc-c108df854b28,명지민물,민물장어,부전기장골목시장,전통시장,부산광역시,,,
2231d4ba328e2c78e8f6,full_annotation_v1,A,q_분식_13,만두 파는 곳,음식점 중 '분식'을 판매·제공하는 매장,test,분식,T4 구어·문장,001bda4f-046f-44c5-b084-8de630ac405a,김밥윤,김밥 등,보람동 골목형상점가,골목형상점가,세종특별자치시,,,
eadc193a2c416563e8d9,full_annotation_v1,A,q_분식_13,만두 파는 곳,음식점 중 '분식'을 판매·제공하는 매장,test,분식,T4 구어·문장,0075dacf-3e3f-47b8-a4af-d3a2ff866348,북툰커피앤카페,찐빵 만두 커피,신창진흥 골목형상점가,골목형상점가,광주광역시,,,
dffffcd4ad3ed78a61ef,full_annotation_v1,A,q_분식_13,만두 파는 곳,음식점 중 '분식'을 판매·제공하는 매장,test,분식,T4 구어·문장,00ec6d6a-b0c1-4662-b17f-9c9f059a4bcd,백암서울순대국,순대국,강서구청먹자골목골목형상점가,골목형상점가,서울특별시,,,
33498a71b591f5090739,full_annotation_v1,A,q_분식_13,만두 파는 곳,음식점 중 '분식'을 판매·제공하는 매장,test,분식,T4 구어·문장,70f8705e-e383-47f6-89a7-bc96b8f909e0,완미족발나주혁신점,족발,나주혁신도시 골목형상점가,골목형상점가,전라남도,,,
de9102a4e21ead28340a,full_annotation_v1,A,q_분식_13,만두 파는 곳,음식점 중 '분식'을 판매·제공하는 매장,test,분식,T4 구어·문장,015915e3-2542-4245-b627-0c775b4c5501,한내떡집,,거제 고현시장,전통시장,경상남도,,,
742d6a87b9cca0446295,full_annotation_v1,A,q_분식_13,만두 파는 곳,음식점 중 '분식'을 판매·제공하는 매장,test,분식,T4 구어·문장,28eeb907-654c-4ed9-a424-623af4760fe3,여울,만두,역곡상상시장(구 역곡북부시장),전통시장,경기도,,,
d79b6ca7822486a41c52,full_annotation_v1,A,q_분식_13,만두 파는 곳,음식점 중 '분식'을 판매·제공하는 매장,test,분식,T4 구어·문장,0239c4e7-2ae3-4f29-8952-19c6d9d1d9a9,세번째집,순대국밥,성환이화시장,전통시장,충청남도,,,
fa1797efbfabcd6b1c07,full_annotation_v1,A,q_분식_13,만두 파는 곳,음식점 중 '분식'을 판매·제공하는 매장,test,분식,T4 구어·문장,1293331e-0946-4848-abc1-712e344a2dc0,만두청년,만두,구리전통시장,전통시장,경기도,,,
686f692002370d60219f,full_annotation_v1,A,q_분식_13,만두 파는 곳,음식점 중 '분식'을 판매·제공하는 매장,test,분식,T4 구어·문장,f0e07dca-5301-4db3-ad69-e5b6bebcfd61,채미원,야채,팔달신시장,전통시장,대구광역시,,,
d0115be868fc4ab45145,full_annotation_v1,A,q_분식_13,만두 파는 곳,음식점 중 '분식'을 판매·제공하는 매장,test,분식,T4 구어·문장,dc92b2eb-5979-4c3b-8d97-a2778cd127d4,삼촌만두,만두,영월종합상가,전통시장,강원특별자치도,,,
74cfc8e6ad7510469eb5,full_annotation_v1,A,q_분식_13,만두 파는 곳,음식점 중 '분식'을 판매·제공하는 매장,test,분식,T4 구어·문장,2c385c7e-5a8b-4f70-b4b4-ef1f215b04ae,생생통만두,만두,계양산전통시장,전통시장,인천광역시,,,
4732acdb6c5c71969417,full_annotation_v1,A,q_분식_13,만두 파는 곳,음식점 중 '분식'을 판매·제공하는 매장,test,분식,T4 구어·문장,ae097e5b-2fd6-43d7-8745-e16f6377a5b3,춤추는왕만두,만두,신석로골목형상점가,골목형상점가,인천광역시,,,
b2d24c8ea61d4e0b1e36,full_annotation_v1,A,q_분식_13,만두 파는 곳,음식점 중 '분식'을 판매·제공하는 매장,test,분식,T4 구어·문장,b17636c0-4235-492c-8b4a-f0dcf80bee31,할머니손만두,만두,화천재래시장,전통시장,강원특별자치도,,,
d63ecbd7dcb98e783ca6,full_annotation_v1,A,q_분식_13,만두 파는 곳,음식점 중 '분식'을 판매·제공하는 매장,test,분식,T4 구어·문장,017c71f5-48d0-4cce-a370-a84d34d36658,무봉리토종순대국파주운정점,,산내마을 골목형상점가,골목형상점가,경기도,,,
9ded5f220ed87fd756f3,full_annotation_v1,A,q_분식_13,만두 파는 곳,음식점 중 '분식'을 판매·제공하는 매장,test,분식,T4 구어·문장,d483c4a5-fe54-4b04-b3bf-9e6ad2ffdd04,핸두,만두,효천로 골목형상점가,골목형상점가,광주광역시,,,
be436c099cf26cdf5d39,full_annotation_v1,A,q_분식_13,만두 파는 곳,음식점 중 '분식'을 판매·제공하는 매장,test,분식,T4 구어·문장,9e783caf-f00d-47ce-8fba-5843e7be401b,장호덕손만두,만두,용해동 포미타운 골목형상점가,골목형상점가,전라남도,,,
27e26960be77af1becae,full_annotation_v1,A,q_분식_13,만두 파는 곳,음식점 중 '분식'을 판매·제공하는 매장,test,분식,T4 구어·문장,be674521-7e1b-4b30-8ef8-2ca902b64fbc,본만두,만두,예석 골목형상점가,골목형상점가,충청남도,,,
c9fbc25ceeebb2227d78,full_annotation_v1,A,q_분식_13,만두 파는 곳,음식점 중 '분식'을 판매·제공하는 매장,test,분식,T4 구어·문장,b18a9e8c-0de2-4175-8d8b-729a61773371,원주김치만두,만두,도래미시장,전통시장,강원특별자치도,,,
f153b879c37871338253,full_annotation_v1,A,q_분식_13,만두 파는 곳,음식점 중 '분식'을 판매·제공하는 매장,test,분식,T4 구어·문장,c776afd4-48ba-4799-b6ab-1de1733878a3,박소영왕만두왕찐빵,만두,운암이 골목형상점가,골목형상점가,광주광역시,,,
832917f5ac98534f9ccc,full_annotation_v1,A,q_분식_13,만두 파는 곳,음식점 중 '분식'을 판매·제공하는 매장,test,분식,T4 구어·문장,1cea6a4e-646e-49fc-a14e-353c3363138e,세종철판왕만두,만두,세종전통시장,전통시장,세종특별자치시,,,
a4cf566a6d7dbea7bdd8,full_annotation_v1,A,q_분식_13,만두 파는 곳,음식점 중 '분식'을 판매·제공하는 매장,test,분식,T4 구어·문장,024c1f10-1fe0-4be3-8bde-6465f5cd8c43,오늘은 떡볶이,"떡볶이, 튀김, 순대 등",석촌시장,전통시장,서울특별시,,,
8682d7477cbbe3634111,full_annotation_v1,A,q_분식_13,만두 파는 곳,음식점 중 '분식'을 판매·제공하는 매장,test,분식,T4 구어·문장,04b03558-95d1-4a0e-a9e2-9a9e72bdadb2,배가찐왕만두,만두,문흥2동 골목형상점가,골목형상점가,광주광역시,,,
7a322e4adc3fdbc6804c,full_annotation_v1,A,q_분식_13,만두 파는 곳,음식점 중 '분식'을 판매·제공하는 매장,test,분식,T4 구어·문장,6e9fd52b-c74d-4d79-9488-cfa33b4f5224,찐도리도리,음식점,양산 나래메트로시티 골목형상점가,골목형상점가,경상남도,,,
6bd7c6fe64192bf3dfbb,full_annotation_v1,A,q_분식_13,만두 파는 곳,음식점 중 '분식'을 판매·제공하는 매장,test,분식,T4 구어·문장,2613f2dc-65bb-4746-b383-dfba0ce85bae,옥연만두,만두,청주사창시장,전통시장,충청북도,,,
afc4b2812dd61528e73b,full_annotation_v1,A,q_분식_13,만두 파는 곳,음식점 중 '분식'을 판매·제공하는 매장,test,분식,T4 구어·문장,5726305e-0723-4eff-84a4-e6c3f120e980,미성당납작만두,만두,지범골목먹거리타운 골목형상점가,골목형상점가,대구광역시,,,
f5f4ceca362ae26bb9ab,full_annotation_v1,A,q_분식_13,만두 파는 곳,음식점 중 '분식'을 판매·제공하는 매장,test,분식,T4 구어·문장,005313c8-dce8-49b6-9841-9143ebb1305a,동원떡집,,박달시장,전통시장,경기도,,,
b9f52c2269f8b835dbf4,full_annotation_v1,A,q_분식_13,만두 파는 곳,음식점 중 '분식'을 판매·제공하는 매장,test,분식,T4 구어·문장,b68c105d-fd16-4a58-9349-89e8342795d9,화실만두,만두,원주자유시장,전통시장,강원특별자치도,,,
3571c901e2ac43e40f13,full_annotation_v1,A,q_분식_13,만두 파는 곳,음식점 중 '분식'을 판매·제공하는 매장,test,분식,T4 구어·문장,2743811c-5e71-4d2b-aa75-1b0147d44f2d,사우 꽃이 피는 곳,꽃,김포 풍년마을 골목형상점가,골목형상점가,경기도,,,
4df3dd6911972d521451,full_annotation_v1,A,q_분식_13,만두 파는 곳,음식점 중 '분식'을 판매·제공하는 매장,test,분식,T4 구어·문장,774537fb-274c-4012-b396-638cb23b391b,종로순대국,순대국,선학동음식특화거리골목형상점가,골목형상점가,인천광역시,,,
11a50896e1be71f0fcde,full_annotation_v1,A,q_분식_13,만두 파는 곳,음식점 중 '분식'을 판매·제공하는 매장,test,분식,T4 구어·문장,58c7d7d0-346e-4398-a0f2-2c9c46c66a8e,장호덕손만두,만두,시청역상가번영회 골목형상점가,골목형상점가,광주광역시,,,
b51463a1dc488eddde70,full_annotation_v1,A,q_분식_13,만두 파는 곳,음식점 중 '분식'을 판매·제공하는 매장,test,분식,T4 구어·문장,2d63c0fa-1e70-42bd-ac34-4595f4c6aa30,산동만두,만두,신정상가시장,전통시장,울산광역시,,,
920a80d39daf026713d4,full_annotation_v1,A,q_분식_13,만두 파는 곳,음식점 중 '분식'을 판매·제공하는 매장,test,분식,T4 구어·문장,cfa1eaef-d8ec-48b6-9bc6-75cfc54de1d1,명동만두,만두,부천자유시장,전통시장,경기도,,,
08cb76ba2011f8f1e910,full_annotation_v1,A,q_분식_13,만두 파는 곳,음식점 중 '분식'을 판매·제공하는 매장,test,분식,T4 구어·문장,da50e53b-e81b-4b60-acc7-2baf1c4a94cb,만두의정석,만두,성대전통시장,전통시장,서울특별시,,,
c1364dbb42e3940121c3,full_annotation_v1,A,q_분식_13,만두 파는 곳,음식점 중 '분식'을 판매·제공하는 매장,test,분식,T4 구어·문장,f12f1f14-4aff-4465-a716-65c90e4239a3,호연만두,만두,초량전통시장,전통시장,부산광역시,,,
ce260d2080cc205138ef,full_annotation_v1,A,q_분식_13,만두 파는 곳,음식점 중 '분식'을 판매·제공하는 매장,test,분식,T4 구어·문장,5b1f7e4b-b996-4060-85af-9ee2fde0ef04,크린스피드,세탁중개업,양산 나래메트로시티 골목형상점가,골목형상점가,경상남도,,,
38e084b206a613c9dc2f,full_annotation_v1,A,q_분식_13,만두 파는 곳,음식점 중 '분식'을 판매·제공하는 매장,test,분식,T4 구어·문장,eb4c0a8b-6e42-416a-903e-ed0d4ea076ae,그럴만두,만두,참샘상인회 골목형상점가,골목형상점가,광주광역시,,,
0bc015ac414aa7af49a2,full_annotation_v1,A,q_분식_13,만두 파는 곳,음식점 중 '분식'을 판매·제공하는 매장,test,분식,T4 구어·문장,e58bb526-8938-4ead-8609-e56a6f1c95b0,만두마당,만두,금산금빛시장(금산시장),전통시장,충청남도,,,
8bd27ce8d2ec0c3a8011,full_annotation_v1,A,q_분식_13,만두 파는 곳,음식점 중 '분식'을 판매·제공하는 매장,test,분식,T4 구어·문장,45225395-481d-48d0-aea9-2f6620231636,우리웰빙만두,만두,대구교동시장,전통시장,대구광역시,,,
cef61534d759b6d7d424,full_annotation_v1,A,q_분식_13,만두 파는 곳,음식점 중 '분식'을 판매·제공하는 매장,test,분식,T4 구어·문장,64e5c998-9146-41c6-8bd6-8750f32ad3ca,영선만두,만두,칠성본시장,전통시장,대구광역시,,,
d0f7d07b1a39943f6500,full_annotation_v1,A,q_분식_13,만두 파는 곳,음식점 중 '분식'을 판매·제공하는 매장,test,분식,T4 구어·문장,716d8dcf-363f-4a10-8770-7157e8de2333,친정엄마,만두,청주북부시장,전통시장,충청북도,,,
5dceb6d91b663f9d1bc1,full_annotation_v1,A,q_분식_13,만두 파는 곳,음식점 중 '분식'을 판매·제공하는 매장,test,분식,T4 구어·문장,e8678447-f62c-491d-9476-e212cc4629ad,여원주단. 한복,소매(한복),군산공설시장,전통시장,전북특별자치도,,,
5b49230bd89156731877,full_annotation_v1,A,q_분식_13,만두 파는 곳,음식점 중 '분식'을 판매·제공하는 매장,test,분식,T4 구어·문장,01853453-69ac-4f55-9cd8-09e40088ab59,가마솥왕만두,만두,울산번개시장,전통시장,울산광역시,,,
c5adf6df432bbcc5b8a4,full_annotation_v1,A,q_분식_13,만두 파는 곳,음식점 중 '분식'을 판매·제공하는 매장,test,분식,T4 구어·문장,21d43a3b-d495-48c9-bb6a-0505eefdcb26,소문난손만두,만두,상계중앙시장,전통시장,서울특별시,,,
57be0f9ba843a32b0872,full_annotation_v1,A,q_분식_13,만두 파는 곳,음식점 중 '분식'을 판매·제공하는 매장,test,분식,T4 구어·문장,9cabdaf4-579d-4c04-b274-66df74b5653c,장호덕손만두,만두,화성남양시장,전통시장,경기도,,,
d0ebedda77b335737b8c,full_annotation_v1,A,q_분식_13,만두 파는 곳,음식점 중 '분식'을 판매·제공하는 매장,test,분식,T4 구어·문장,04a91b86-3405-4f8d-b0b8-eac86f3907c4,연지동토스트,커피토스트,연지시장,전통시장,부산광역시,,,
68cc04c33854b707611d,full_annotation_v1,A,q_분식_13,만두 파는 곳,음식점 중 '분식'을 판매·제공하는 매장,test,분식,T4 구어·문장,9d3847b4-8a45-421c-9e63-bf7362a3ea2a,롯데리아혁신점,패스트푸드,나주혁신도시 골목형상점가,골목형상점가,전라남도,,,
3e3326884fdeea7a2e36,full_annotation_v1,A,q_분식_13,만두 파는 곳,음식점 중 '분식'을 판매·제공하는 매장,test,분식,T4 구어·문장,6e0f2898-8c3a-4b86-a0e7-4eb92eef35d9,용감한왕만두,만두,원당시장(구 원당전통시장),전통시장,경기도,,,
b6015512480cf6de450b,full_annotation_v1,A,q_분식_13,만두 파는 곳,음식점 중 '분식'을 판매·제공하는 매장,test,분식,T4 구어·문장,0910caae-ad67-4ef3-934e-fff4c6059206,참토스트 대전학하점,토스트,계산동 골목형상점가,골목형상점가,대전광역시,,,
5b6136da66fdfe19335f,full_annotation_v1,A,q_분식_13,만두 파는 곳,음식점 중 '분식'을 판매·제공하는 매장,test,분식,T4 구어·문장,b2e2c4e9-733f-47ce-a469-34fe18161745,주현수입,주방잡화,전주중앙상가시장,전통시장,전북특별자치도,,,
267134913b2b0940c4a6,full_annotation_v1,A,q_분식_13,만두 파는 곳,음식점 중 '분식'을 판매·제공하는 매장,test,분식,T4 구어·문장,02f03161-3a15-416f-bdd6-8ad5bd17781d,시골참순대,,관저동 먹자골목 골목형상점가,골목형상점가,대전광역시,,,
231d15bfdf4c56a75fac,full_annotation_v1,A,q_분식_13,만두 파는 곳,음식점 중 '분식'을 판매·제공하는 매장,test,분식,T4 구어·문장,76b58413-e9c7-4221-a36c-ae2164d97b51,다모아스터디카페,독서실,다모아상가 골목형상점가,골목형상점가,대전광역시,,,
5adfae2155b5418650e9,full_annotation_v1,A,q_분식_13,만두 파는 곳,음식점 중 '분식'을 판매·제공하는 매장,test,분식,T4 구어·문장,00719699-eb0c-4473-bda9-7a16eace345e,봉식이옛날왕만두,만두,삼익 골목형상점가,골목형상점가,서울특별시,,,
b3ae4d8afbbc2a84c130,full_annotation_v1,A,q_분식_13,만두 파는 곳,음식점 중 '분식'을 판매·제공하는 매장,test,분식,T4 구어·문장,501ae59c-22f7-46af-bfba-ef08a9b81641,매일선,만두,남문시장,전통시장,서울특별시,,,
938f2b5abd66f5d2e6ab,full_annotation_v1,A,q_분식_13,만두 파는 곳,음식점 중 '분식'을 판매·제공하는 매장,test,분식,T4 구어·문장,86a71d47-28d6-44af-b621-22a26d647bd5,제주오빠네만두,만두,동문재래시장,전통시장,제주특별자치도,,,
cfdcd3d2463bbb7d8eac,full_annotation_v1,A,q_분식_13,만두 파는 곳,음식점 중 '분식'을 판매·제공하는 매장,test,분식,T4 구어·문장,35b9e8da-b8a6-4851-baf6-2de676c05300,덕보만두,만두,신산격종합시장 골목형상점가,골목형상점가,대구광역시,,,
90151bfff0b6d0c5c8e4,full_annotation_v1,A,q_분식_13,만두 파는 곳,음식점 중 '분식'을 판매·제공하는 매장,test,분식,T4 구어·문장,045215f0-9db0-4054-8c69-702841941f01,문토스트용호점,카페토스트,용호1동골목시장,전통시장,부산광역시,,,
1a8bba8bdb799d609224,full_annotation_v1,A,q_분식_13,만두 파는 곳,음식점 중 '분식'을 판매·제공하는 매장,test,분식,T4 구어·문장,ca5109d7-99c9-4066-a6c5-8c1fd2030035,영화상회,"이불, 잡화",월배시장,전통시장,대구광역시,,,
a86bf25ad4177594bbb9,full_annotation_v1,A,q_분식_13,만두 파는 곳,음식점 중 '분식'을 판매·제공하는 매장,test,분식,T4 구어·문장,06a2e1ce-3b99-4e0f-88de-bc4e31d9f439,짱만두,만두,행복상점가,자율상권구역,경상북도,,,
81a053e1737ad129fab2,full_annotation_v1,A,q_분식_13,만두 파는 곳,음식점 중 '분식'을 판매·제공하는 매장,test,분식,T4 구어·문장,064d899b-c65a-4b75-9a15-9ca1eaf707f4,이삭토스트,토스트 등,매탄중심상가 골목형상점가,골목형상점가,경기도,,,
d14a5a785625080c4e40,full_annotation_v1,A,q_분식_13,만두 파는 곳,음식점 중 '분식'을 판매·제공하는 매장,test,분식,T4 구어·문장,4984470e-4501-4e34-91b3-7a153e6674d7,울 만두,한식,문정동로데오상점가,자율상권구역,서울특별시,,,
604663ec497dd140f29a,full_annotation_v1,A,q_분식_13,만두 파는 곳,음식점 중 '분식'을 판매·제공하는 매장,test,분식,T4 구어·문장,8a74be56-8213-4b5a-a26e-a8691cfa7098,그옛날1947왕만두,만두,신내구길 골목형상점가,골목형상점가,서울특별시,,,
4cfabf3a141e78dc185c,full_annotation_v1,A,q_분식_13,만두 파는 곳,음식점 중 '분식'을 판매·제공하는 매장,test,분식,T4 구어·문장,59528a2c-28ad-485d-96d0-21fa8cabeff6,명동분식,만두,부천신흥시장,전통시장,경기도,,,
f4b194ff88bb8e7b1fad,full_annotation_v1,A,q_분식_13,만두 파는 곳,음식점 중 '분식'을 판매·제공하는 매장,test,분식,T4 구어·문장,f18bbfbf-ffae-4bd6-bd33-b1ae330a2fe7,함지박,만두,수정전통시장,전통시장,부산광역시,,,
197230e7af77204705fa,full_annotation_v1,A,q_분식_13,만두 파는 곳,음식점 중 '분식'을 판매·제공하는 매장,test,분식,T4 구어·문장,415808ce-735f-47c0-a5e1-739be2ae8aed,옵서예만두,만두,연산골목시장상점가,자율상권구역,부산광역시,,,
781934c3eea9b597d2c9,full_annotation_v1,A,q_분식_13,만두 파는 곳,음식점 중 '분식'을 판매·제공하는 매장,test,분식,T4 구어·문장,cc183367-f254-40c2-8746-7921c677c73f,그럴만두,만두,용봉지구 골목형상점가,골목형상점가,광주광역시,,,
d6e7c07c048998f0e3bd,full_annotation_v1,A,q_분식_13,만두 파는 곳,음식점 중 '분식'을 판매·제공하는 매장,test,분식,T4 구어·문장,016f68a3-c16f-467c-af96-22466baf3a6a,쉬즈베이글,토스트,읍내리 원도심 골목형상점가,골목형상점가,전라남도,,,
bddb29842fe107c2b915,full_annotation_v1,A,q_분식_13,만두 파는 곳,음식점 중 '분식'을 판매·제공하는 매장,test,분식,T4 구어·문장,a7b36306-b9cd-4a7b-b0b3-044e82b90810,부흥만두,만두,천안중앙시장,전통시장,충청남도,,,
47e35b294ab573cad5e7,full_annotation_v1,A,q_분식_13,만두 파는 곳,음식점 중 '분식'을 판매·제공하는 매장,test,분식,T4 구어·문장,008594db-d86c-4014-bf5c-16f6cd40402d,와글와글봄소풍,김밥,다사역 골목형상점가,골목형상점가,대구광역시,,,
9ccea7514499308a6484,full_annotation_v1,A,q_분식_13,만두 파는 곳,음식점 중 '분식'을 판매·제공하는 매장,test,분식,T4 구어·문장,d77ff04d-e52c-47db-9c1e-b91316af79c3,만두가,만두,효자시장,전통시장,경상북도,,,
5ab1c95946ac235bca69,full_annotation_v1,A,q_분식_13,만두 파는 곳,음식점 중 '분식'을 판매·제공하는 매장,test,분식,T4 구어·문장,472ef84c-d521-4fd7-9e50-2c489d103e44,대박손만두,만두,청주육거리종합시장,전통시장,충청북도,,,
2bb5647f2a02261259d9,full_annotation_v1,A,q_분식_13,만두 파는 곳,음식점 중 '분식'을 판매·제공하는 매장,test,분식,T4 구어·문장,76a3551b-dae4-4326-92cc-662015aedbfb,쉴 곳,한식,칠성로상점가,자율상권구역,제주특별자치도,,,
0d2beacdfeb44854453b,full_annotation_v1,A,q_분식_13,만두 파는 곳,음식점 중 '분식'을 판매·제공하는 매장,test,분식,T4 구어·문장,0751174e-b0a2-4e13-b873-baa006b4bb8d,예진이네김치만두,만두,도래미시장,전통시장,강원특별자치도,,,
62d45566a93fe11ee852,full_annotation_v1,A,q_분식_13,만두 파는 곳,음식점 중 '분식'을 판매·제공하는 매장,test,분식,T4 구어·문장,c111ac9d-3f3a-405c-a8db-4d127ccda9e2,행복이 있는 곳,잡화,제주로얄쇼핑센터,자율상권구역,제주특별자치도,,,
91ed5b06f5283d7840ab,full_annotation_v1,A,q_분식_13,만두 파는 곳,음식점 중 '분식'을 판매·제공하는 매장,test,분식,T4 구어·문장,c09d68f3-563e-42a8-8d1b-82735e95b16d,백남옥달인손만두,만두,포항 지곡에드빌 골목형상점가,골목형상점가,경상북도,,,
acef505d171050a718e3,full_annotation_v1,A,q_분식_13,만두 파는 곳,음식점 중 '분식'을 판매·제공하는 매장,test,분식,T4 구어·문장,a2dfe8bc-d78c-473d-9055-daeee6f74583,똘이떡볶이,떡볶이,원주자유시장,전통시장,강원특별자치도,,,
bff651ce0b0ef37091ed,full_annotation_v1,A,q_분식_13,만두 파는 곳,음식점 중 '분식'을 판매·제공하는 매장,test,분식,T4 구어·문장,2fbbc53f-fa90-42fa-85d9-0784d3b442db,엄마손만두,만두,중마시장,전통시장,전라남도,,,
d0945dc0bb27bc606010,full_annotation_v1,A,q_분식_13,만두 파는 곳,음식점 중 '분식'을 판매·제공하는 매장,test,분식,T4 구어·문장,00e34fb5-e7d3-43aa-b574-400ee31abae5,은혜만두,만두,북동 골목형상점가,골목형상점가,광주광역시,,,
58c265d43d3b2580a5d8,full_annotation_v1,A,q_분식_13,만두 파는 곳,음식점 중 '분식'을 판매·제공하는 매장,test,분식,T4 구어·문장,44ab277e-62ae-49f8-be37-3b462ce37dfb,별난만두,만두,중마시장,전통시장,전라남도,,,
110be2160224502e66b1,full_annotation_v1,A,q_분식_13,만두 파는 곳,음식점 중 '분식'을 판매·제공하는 매장,test,분식,T4 구어·문장,50c33794-1cf7-43c3-af29-daf15e63d633,진미만두,만두,칠성본시장,전통시장,대구광역시,,,
436b543e5093f9ccd9d8,full_annotation_v1,A,q_분식_14,어묵,음식점 중 '분식'을 판매·제공하는 매장,test,분식,T4 구어·문장,ffc4878f-3746-4d35-a536-18bf65bc6a91,난타5000피자,피자전문점,용대로119번길 골목형상점가,골목형상점가,광주광역시,,,
e665343e8822ae943e27,full_annotation_v1,A,q_분식_14,어묵,음식점 중 '분식'을 판매·제공하는 매장,test,분식,T4 구어·문장,711a6623-4321-4f3b-a7f3-8b65aca5c734,더불어포차,한식,버들마을상인회 골목형상점가,골목형상점가,광주광역시,,,
c6a7af7497c68374f3b4,full_annotation_v1,A,q_분식_14,어묵,음식점 중 '분식'을 판매·제공하는 매장,test,분식,T4 구어·문장,97e874e1-0c2c-4465-b083-a22784ec8f95,만다린,중식,신용동 골목형상점가,골목형상점가,광주광역시,,,
166850a6749842323912,full_annotation_v1,A,q_분식_14,어묵,음식점 중 '분식'을 판매·제공하는 매장,test,분식,T4 구어·문장,faf3f634-2b0d-4265-95f7-2d838f346173,부산수제어묵,어묵,남항시장,전통시장,부산광역시,,,
3434189c59782e1a2339,full_annotation_v1,A,q_분식_14,어묵,음식점 중 '분식'을 판매·제공하는 매장,test,분식,T4 구어·문장,a5c5c73d-cfa7-4a63-8ecf-cf06de7e5107,숯불바베큐짝태,바베큐,연신내골목형상점가,골목형상점가,서울특별시,,,
0b0214a5c0b57a522c26,full_annotation_v1,A,q_분식_14,어묵,음식점 중 '분식'을 판매·제공하는 매장,test,분식,T4 구어·문장,6a0158fb-c4d0-4bd1-b852-d7397dcbeb96,부산어묵,어묵,도곡시장,자율상권구역,서울특별시,,,
0f291c77173988d88850,full_annotation_v1,A,q_분식_14,어묵,음식점 중 '분식'을 판매·제공하는 매장,test,분식,T4 구어·문장,2928de60-69d8-498e-87c7-8d3119a0fafd,동래식품,어묵,수안인정시장,전통시장,부산광역시,,,
a0bab7f5f83ee554fa9a,full_annotation_v1,A,q_분식_14,어묵,음식점 중 '분식'을 판매·제공하는 매장,test,분식,T4 구어·문장,eff05d35-ebc4-44c1-b7be-47b33a74a50b,진어묵,어묵,원종고강제일시장(부천제일시장),전통시장,경기도,,,
4801dbd46e019af96652,full_annotation_v1,A,q_분식_14,어묵,음식점 중 '분식'을 판매·제공하는 매장,test,분식,T4 구어·문장,6e5b9277-65f4-41dd-95d4-606ebbe091bc,삼정식품,어묵,태화시장,전통시장,울산광역시,,,
6ecabca6d254c550b5f4,full_annotation_v1,A,q_분식_14,어묵,음식점 중 '분식'을 판매·제공하는 매장,test,분식,T4 구어·문장,8bd944d7-13cc-4336-a790-b1573151db3b,부산어묵,어묵,원종고강제일시장(부천제일시장),전통시장,경기도,,,
b24e1159739c69399653,full_annotation_v1,A,q_분식_14,어묵,음식점 중 '분식'을 판매·제공하는 매장,test,분식,T4 구어·문장,83303200-5aa5-41e9-9272-4564b996b72c,선우식품,어묵,경주성동공설시장,전통시장,경상북도,,,
53d6aed16c9b0529c1b9,full_annotation_v1,A,q_분식_14,어묵,음식점 중 '분식'을 판매·제공하는 매장,test,분식,T4 구어·문장,a308dc79-f97c-4a0e-a1df-7b37c7fa3e79,어영차바다야,어묵,간성전통시장(구 천년고성시장),전통시장,강원특별자치도,,,
0602161dc589bcbcefdb,full_annotation_v1,A,q_분식_14,어묵,음식점 중 '분식'을 판매·제공하는 매장,test,분식,T4 구어·문장,976642fd-9c8c-40d2-9507-f442d4feb4d0,부산식품,어묵,수유시장,전통시장,서울특별시,,,
b1999aaa8ebc27631a6f,full_annotation_v1,A,q_분식_14,어묵,음식점 중 '분식'을 판매·제공하는 매장,test,분식,T4 구어·문장,2b5f05a6-d6f9-4351-b65d-c3865d5376eb,부산용호어묵,어묵,용호골목시장,전통시장,부산광역시,,,
0b4ed4b433c46f4e1c20,full_annotation_v1,A,q_분식_14,어묵,음식점 중 '분식'을 판매·제공하는 매장,test,분식,T4 구어·문장,8b3feadd-0d56-4986-b37c-4b9015e2456d,영진어묵,어묵,초량전통시장,전통시장,부산광역시,,,
3942300b5ef331922073,full_annotation_v1,A,q_분식_14,어묵,음식점 중 '분식'을 판매·제공하는 매장,test,분식,T4 구어·문장,1e1c35a2-6706-4d44-a546-a2693cd4844f,부산수산,어묵,의성공설전통시장(의성읍정기시장),전통시장,경상북도,,,
74beafe48efb0986c561,full_annotation_v1,A,q_분식_14,어묵,음식점 중 '분식'을 판매·제공하는 매장,test,분식,T4 구어·문장,8fc17794-eb07-4724-8262-6d377d068576,모래내어묵,어묵,전주모래내시장,전통시장,전북특별자치도,,,
c9cbb8365468bb7e8e57,full_annotation_v1,A,q_분식_14,어묵,음식점 중 '분식'을 판매·제공하는 매장,test,분식,T4 구어·문장,7b8b45b4-9b94-427f-a546-c9cb31bc1f76,어묵집,어묵 김밥,풍납시장,전통시장,서울특별시,,,
ce61aa55dda5ea9b70d3,full_annotation_v1,A,q_분식_14,어묵,음식점 중 '분식'을 판매·제공하는 매장,test,분식,T4 구어·문장,064d899b-c65a-4b75-9a15-9ca1eaf707f4,이삭토스트,토스트 등,매탄중심상가 골목형상점가,골목형상점가,경기도,,,
005be678dda9526bea16,full_annotation_v1,A,q_분식_14,어묵,음식점 중 '분식'을 판매·제공하는 매장,test,분식,T4 구어·문장,b176b817-e2fc-43f6-bcb4-8f5fe33e40ff,부산어묵,어묵,녹색거리상점가,자율상권구역,경기도,,,
943610459a50d996202f,full_annotation_v1,A,q_분식_14,어묵,음식점 중 '분식'을 판매·제공하는 매장,test,분식,T4 구어·문장,4a519339-ed03-47ea-9927-ac3fa4f47776,자갈치상회,어묵,충무동 새벽시장,전통시장,부산광역시,,,
6aed6757a0e6c4353a3b,full_annotation_v1,A,q_분식_14,어묵,음식점 중 '분식'을 판매·제공하는 매장,test,분식,T4 구어·문장,016f68a3-c16f-467c-af96-22466baf3a6a,쉬즈베이글,토스트,읍내리 원도심 골목형상점가,골목형상점가,전라남도,,,
62b41a7710c0e90ee543,full_annotation_v1,A,q_분식_14,어묵,음식점 중 '분식'을 판매·제공하는 매장,test,분식,T4 구어·문장,00ec6d6a-b0c1-4662-b17f-9c9f059a4bcd,백암서울순대국,순대국,강서구청먹자골목골목형상점가,골목형상점가,서울특별시,,,
3ba94ab53f89d71e6e5e,full_annotation_v1,A,q_분식_14,어묵,음식점 중 '분식'을 판매·제공하는 매장,test,분식,T4 구어·문장,9570b72c-ff19-4bda-b087-4bf6b283256d,혜성반찬,반찬,김제전통시장,전통시장,전북특별자치도,,,
57cfd198d7b0f9f28642,full_annotation_v1,A,q_분식_14,어묵,음식점 중 '분식'을 판매·제공하는 매장,test,분식,T4 구어·문장,6ff638dd-bf6f-41e3-a298-d1217793db1a,장우손부산어묵,어묵,남대문시장,전통시장,서울특별시,,,
d6daf94914b73e7a22da,full_annotation_v1,A,q_분식_14,어묵,음식점 중 '분식'을 판매·제공하는 매장,test,분식,T4 구어·문장,8baf585f-2134-4bb3-ab9b-973f13c706ed,어묵하우스,어묵,연동골목시장,자율상권구역,부산광역시,,,
c2a59a48528153659ff0,full_annotation_v1,A,q_분식_14,어묵,음식점 중 '분식'을 판매·제공하는 매장,test,분식,T4 구어·문장,ea0c54ea-b1ed-4b85-b79d-5cfa44653341,시골전집,닭볶음탕,신창 골목형상점가,골목형상점가,광주광역시,,,
ae7cb09ccbe9a1b8ef21,full_annotation_v1,A,q_분식_14,어묵,음식점 중 '분식'을 판매·제공하는 매장,test,분식,T4 구어·문장,42c41020-9aa0-4ff7-9a1a-c68805b9d348,향촌,한식,마산 신마산시장,전통시장,경상남도,,,
6fe9cfd9cdde1a8cc44a,full_annotation_v1,A,q_분식_14,어묵,음식점 중 '분식'을 판매·제공하는 매장,test,분식,T4 구어·문장,c7990076-2ac6-45f6-80f1-b813183cd6f1,부산어묵,어묵,남대문시장,전통시장,서울특별시,,,
b3d383e80164d6a5d1c9,full_annotation_v1,A,q_분식_14,어묵,음식점 중 '분식'을 판매·제공하는 매장,test,분식,T4 구어·문장,01853453-69ac-4f55-9cd8-09e40088ab59,가마솥왕만두,만두,울산번개시장,전통시장,울산광역시,,,
ac983db03bcbac5590de,full_annotation_v1,A,q_분식_14,어묵,음식점 중 '분식'을 판매·제공하는 매장,test,분식,T4 구어·문장,00e9517a-1887-4acf-b072-10c7cadf9512,불닭발 땡초 동대문 엽기 떡볶이,분식,유엔남구 대학로 상권,,부산광역시,,,
6093be4045842cb2af3d,full_annotation_v1,A,q_분식_14,어묵,음식점 중 '분식'을 판매·제공하는 매장,test,분식,T4 구어·문장,3646a5c9-acfc-4350-82b8-c06bc05a8a9b,부산어묵장돌이,어묵,큰장로 골목형상점가,골목형상점가,대구광역시,,,
3e853540a7e05b4114e9,full_annotation_v1,A,q_분식_14,어묵,음식점 중 '분식'을 판매·제공하는 매장,test,분식,T4 구어·문장,6c2fed04-1c31-46bf-b8a7-c57fda8825b4,장우손부산어묵,어묵,성서와룡시장,전통시장,대구광역시,,,
d88a43b79aad8dd0b464,full_annotation_v1,A,q_분식_14,어묵,음식점 중 '분식'을 판매·제공하는 매장,test,분식,T4 구어·문장,00b22ecd-10eb-4702-9c00-aa0c60c8a7c7,동해유통,기타수산물,강서수산시장골목형상점가,골목형상점가,서울특별시,,,
6aabceff15b85a986e95,full_annotation_v1,A,q_분식_14,어묵,음식점 중 '분식'을 판매·제공하는 매장,test,분식,T4 구어·문장,6f0caa42-5f13-452b-a4a0-355a81409840,진심어묵,어묵,전주남부시장,전통시장,전북특별자치도,,,
db145791e77baedb08e9,full_annotation_v1,A,q_분식_14,어묵,음식점 중 '분식'을 판매·제공하는 매장,test,분식,T4 구어·문장,c90829a0-ec42-4430-965f-e1bcb4951c12,마산즉석어묵,어묵,마산어시장,전통시장,경상남도,,,
86dc88f2dd438d0b7d5c,full_annotation_v1,A,q_분식_14,어묵,음식점 중 '분식'을 판매·제공하는 매장,test,분식,T4 구어·문장,f60236ea-59d9-4e97-8258-b4ef68ca0764,부산참어묵,어묵,좌동재래시장,전통시장,부산광역시,,,
845335e319a2b60e9189,full_annotation_v1,A,q_분식_14,어묵,음식점 중 '분식'을 판매·제공하는 매장,test,분식,T4 구어·문장,d9a84075-d62a-46a6-bacc-1ef6b47fc051,부산어묵,어묵,"온양온천시장(온양재래시장, 전통시장)",전통시장,충청남도,,,
b5c4a6f624e970b26df8,full_annotation_v1,A,q_분식_14,어묵,음식점 중 '분식'을 판매·제공하는 매장,test,분식,T4 구어·문장,db7a7257-4774-495e-8dfe-267b90ae9b54,삼정식품,어묵,연산시장,전통시장,부산광역시,,,
001c79967aae63145222,full_annotation_v1,A,q_분식_14,어묵,음식점 중 '분식'을 판매·제공하는 매장,test,분식,T4 구어·문장,2f22642e-26a9-4dac-b8e1-562ad79b957b,부산어묵,어묵,칠성종합 상권활성화구역,상권활성화구역,대구광역시,,,
b20faca031e5e4596fce,full_annotation_v1,A,q_분식_14,어묵,음식점 중 '분식'을 판매·제공하는 매장,test,분식,T4 구어·문장,1f454d19-15a8-4be5-ac76-69ee9e97c933,올리브,의류,신아타운,전통시장,서울특별시,,,
2f3cf5546f3da73a07f8,full_annotation_v1,A,q_분식_14,어묵,음식점 중 '분식'을 판매·제공하는 매장,test,분식,T4 구어·문장,6df70aa8-58c6-4cb7-97f2-088275658f3c,미소어묵,어묵,장기동 먹거리상가 골목형상점가,골목형상점가,대구광역시,,,
8c2b23d0d83766f86e27,full_annotation_v1,A,q_분식_14,어묵,음식점 중 '분식'을 판매·제공하는 매장,test,분식,T4 구어·문장,889b2860-30a0-49b0-9154-303ae16cca26,어린음악대음악교습소,피아노,장덕투게더 골목형상점가,골목형상점가,광주광역시,,,
952b033a2b3ef6e7ab66,full_annotation_v1,A,q_분식_14,어묵,음식점 중 '분식'을 판매·제공하는 매장,test,분식,T4 구어·문장,4f579390-90bb-4392-a27b-ec169d721d8b,부산어묵,어묵,봉덕신시장,전통시장,대구광역시,,,
c6ebf0932bce0fae236c,full_annotation_v1,A,q_분식_14,어묵,음식점 중 '분식'을 판매·제공하는 매장,test,분식,T4 구어·문장,f42a0349-693a-45fc-8aeb-e0824c0691f7,울산어묵상회,어묵,자인공설시장,전통시장,경상북도,,,
7d96c73f159bb856d820,full_annotation_v1,A,q_분식_14,어묵,음식점 중 '분식'을 판매·제공하는 매장,test,분식,T4 구어·문장,3614103b-be23-47b3-9030-929f693ec0fa,미소어묵,어묵,남항시장,전통시장,부산광역시,,,
484a360f8f9cfba29250,full_annotation_v1,A,q_분식_14,어묵,음식점 중 '분식'을 판매·제공하는 매장,test,분식,T4 구어·문장,b29127c6-692b-4810-a1a9-3bdb34ac8c81,삼화어묵,어묵,구역전시장,전통시장,울산광역시,,,
80c5b36e53e6dc47bd3d,full_annotation_v1,A,q_분식_14,어묵,음식점 중 '분식'을 판매·제공하는 매장,test,분식,T4 구어·문장,0011cf6d-567e-4c3b-b113-363daa11212a,김밥먹고 닭꼬치,,배방상점가,자율상권구역,충청남도,,,
4188301c1352cb99ef45,full_annotation_v1,A,q_분식_14,어묵,음식점 중 '분식'을 판매·제공하는 매장,test,분식,T4 구어·문장,dd17c671-983d-4ebd-8d0b-f75de2d6eaf2,돌고래어묵,어묵,신금정시장 골목형 상점가,골목형상점가,부산광역시,,,
23e283c8e81616290c11,full_annotation_v1,A,q_분식_14,어묵,음식점 중 '분식'을 판매·제공하는 매장,test,분식,T4 구어·문장,621ca389-e4c1-4483-8ce6-4ff210159051,해성어묵,어묵,부전상가시장,전통시장,부산광역시,,,
4385a4187c7a6ff0d0c6,full_annotation_v1,A,q_분식_14,어묵,음식점 중 '분식'을 판매·제공하는 매장,test,분식,T4 구어·문장,21191ea2-1788-48be-a6d9-5e36cf6d7b4b,부산식품,어묵,미나리광시장,전통시장,경기도,,,
95a83b4ddf6f0619d0e3,full_annotation_v1,A,q_분식_14,어묵,음식점 중 '분식'을 판매·제공하는 매장,test,분식,T4 구어·문장,7911246f-1c1d-4977-b866-1943a3618785,어묵방앗간,어묵,쌍봉시장,전통시장,전라남도,,,
8dd1d6c08d6e066d4b21,full_annotation_v1,A,q_분식_14,어묵,음식점 중 '분식'을 판매·제공하는 매장,test,분식,T4 구어·문장,0a891050-80f2-4423-a5a4-fbd505f1e519,이삭토스트 대전테크노밸리점,토스트,테크노밸리 골목형상점가,골목형상점가,대전광역시,,,
a322ff362d081181cd58,full_annotation_v1,A,q_분식_14,어묵,음식점 중 '분식'을 판매·제공하는 매장,test,분식,T4 구어·문장,9ac37cc3-c321-4c00-937d-0b67d3c7838d,어묵선생,어묵,역곡상상시장(구 역곡북부시장),전통시장,경기도,,,
afc82c30b30cd319393f,full_annotation_v1,A,q_분식_14,어묵,음식점 중 '분식'을 판매·제공하는 매장,test,분식,T4 구어·문장,597db81c-17a5-4d01-b8c0-4fbefe501b3b,남수어,어묵,광주송정역세권 상권활성화구역,상권활성화구역,광주광역시,,,
94664da4ffbdede8a73a,full_annotation_v1,A,q_분식_14,어묵,음식점 중 '분식'을 판매·제공하는 매장,test,분식,T4 구어·문장,04b03558-95d1-4a0e-a9e2-9a9e72bdadb2,배가찐왕만두,만두,문흥2동 골목형상점가,골목형상점가,광주광역시,,,
f4aed7c5343c6a650398,full_annotation_v1,A,q_분식_14,어묵,음식점 중 '분식'을 판매·제공하는 매장,test,분식,T4 구어·문장,16744acc-1952-4618-8eaa-1c7ba90386e7,부산어묵,어묵,동원전통시장상점가,자율상권구역,서울특별시,,,
cf3c1449fa5750cdea19,full_annotation_v1,A,q_분식_14,어묵,음식점 중 '분식'을 판매·제공하는 매장,test,분식,T4 구어·문장,5e555e8d-7fab-42fb-8188-62507d402bfc,만복어묵,어묵,안양관양시장,전통시장,경기도,,,
ea074ebeb2cda46edc75,full_annotation_v1,A,q_분식_14,어묵,음식점 중 '분식'을 판매·제공하는 매장,test,분식,T4 구어·문장,0018c143-a8bd-4461-a8ae-ee348edfad7a,김가네의정부중앙역점,김밥 분식 식사등,의정부시 구도심 상권활성화구역,상권활성화구역,경기도,,,
f264650c53c7a53f8a6c,full_annotation_v1,A,q_분식_14,어묵,음식점 중 '분식'을 판매·제공하는 매장,test,분식,T4 구어·문장,dd960a30-d7dd-4af5-bf2a-dcc2d0b860ec,부산어묵,어묵,산본전통시장(구 군포산본시장),전통시장,경기도,,,
9c22af581605244fed23,full_annotation_v1,A,q_분식_14,어묵,음식점 중 '분식'을 판매·제공하는 매장,test,분식,T4 구어·문장,ac383103-c2f2-469e-9287-a04b1aec5bf0,연성어묵,어묵,서동향토시장,전통시장,부산광역시,,,
cf49e8f002844699c0ce,full_annotation_v1,A,q_분식_14,어묵,음식점 중 '분식'을 판매·제공하는 매장,test,분식,T4 구어·문장,fb99c48f-6930-4977-ac09-20ad6041e146,온천어묵,어묵,양산 남부시장,전통시장,경상남도,,,
b36f1034a0317764c3d4,full_annotation_v1,A,q_분식_14,어묵,음식점 중 '분식'을 판매·제공하는 매장,test,분식,T4 구어·문장,50333a78-a101-40c7-87ac-767776d037c8,어묵공장,어묵,연서시장,전통시장,서울특별시,,,
da8740c81d028c366440,full_annotation_v1,A,q_분식_14,어묵,음식점 중 '분식'을 판매·제공하는 매장,test,분식,T4 구어·문장,00ca89c2-42a8-432d-ba4b-5abd23c18ab0,계란밥,계란밥분식,시청역상가번영회 골목형상점가,골목형상점가,광주광역시,,,
fb8b5bdc93afe53f10e4,full_annotation_v1,A,q_분식_14,어묵,음식점 중 '분식'을 판매·제공하는 매장,test,분식,T4 구어·문장,8386e592-3e1a-44db-98ef-2d5a89fc1510,우장산빨간오뎅,어묵,송화벽화시장,전통시장,서울특별시,,,
2d5317b08d873e78019a,full_annotation_v1,A,q_분식_14,어묵,음식점 중 '분식'을 판매·제공하는 매장,test,분식,T4 구어·문장,37c9608d-881d-47b8-9984-24e70777b3a6,장우손부산어묵,어묵,부평깡통시장(구 부산부평시장),전통시장,부산광역시,,,
40873fd53f7d9dcaf25c,full_annotation_v1,A,q_분식_14,어묵,음식점 중 '분식'을 판매·제공하는 매장,test,분식,T4 구어·문장,7270d96d-c573-4996-9ecd-aa47abf6bdff,부평식품,어묵,부평깡통시장(구 부산부평시장),전통시장,부산광역시,,,
666b4b6325893f06bfe5,full_annotation_v1,A,q_분식_14,어묵,음식점 중 '분식'을 판매·제공하는 매장,test,분식,T4 구어·문장,b1ee9092-e83f-41ee-a642-445d3805358b,일삼어묵,어묵,당감새시장,전통시장,부산광역시,,,
a55bb29b3132839ec7a8,full_annotation_v1,A,q_분식_14,어묵,음식점 중 '분식'을 판매·제공하는 매장,test,분식,T4 구어·문장,c5da2f24-bf85-487c-825c-d6b2135855a1,믿음종묘농약사,농약,익산구시장,전통시장,전북특별자치도,,,
03c7613b1051a8168ce4,full_annotation_v1,A,q_분식_14,어묵,음식점 중 '분식'을 판매·제공하는 매장,test,분식,T4 구어·문장,0bcd7e0a-2f8f-4639-9bd2-08f9206d4355,길 목 즉석 어묵,어묵,진해중앙시장,전통시장,경상남도,,,
7d859230bffc66644dfb,full_annotation_v1,A,q_분식_14,어묵,음식점 중 '분식'을 판매·제공하는 매장,test,분식,T4 구어·문장,0075dacf-3e3f-47b8-a4af-d3a2ff866348,북툰커피앤카페,찐빵 만두 커피,신창진흥 골목형상점가,골목형상점가,광주광역시,,,
2dc3e0547490b4f6d4ae,full_annotation_v1,A,q_분식_14,어묵,음식점 중 '분식'을 판매·제공하는 매장,test,분식,T4 구어·문장,d780488d-1385-4bf4-a05f-243ad4e242a9,어묵공작소,어묵,부전시장,전통시장,부산광역시,,,
c2a3d9b7af898335cd31,full_annotation_v1,A,q_분식_14,어묵,음식점 중 '분식'을 판매·제공하는 매장,test,분식,T4 구어·문장,04c905ba-3172-4ea4-a6dd-4345d674dea0,덕순이네,제조업(떡집),장터길 골목형상점가,골목형상점가,경기도,,,
86819fc8161feac7c5a3,full_annotation_v1,A,q_분식_14,어묵,음식점 중 '분식'을 판매·제공하는 매장,test,분식,T4 구어·문장,0b8ef6dc-2f6b-4707-bd73-529122d9c97a,하단떡집,떡집,하단오일상설시장,전통시장,부산광역시,,,
b35091dab9dee819f2f5,full_annotation_v1,A,q_분식_14,어묵,음식점 중 '분식'을 판매·제공하는 매장,test,분식,T4 구어·문장,0393b5c0-045b-4a23-bed8-0da7ca9ebd43,초량어묵상회,어묵,정이있는 구포시장,전통시장,부산광역시,,,
6f9f6ca89cb42ed55b0d,full_annotation_v1,A,q_분식_14,어묵,음식점 중 '분식'을 판매·제공하는 매장,test,분식,T4 구어·문장,be82b3e8-2b3a-40cd-b358-032cb6c41597,부산어묵,어묵,양산 남부시장상가,전통시장,경상남도,,,
10d5c004296b64155762,full_annotation_v1,A,q_분식_14,어묵,음식점 중 '분식'을 판매·제공하는 매장,test,분식,T4 구어·문장,017c71f5-48d0-4cce-a370-a84d34d36658,무봉리토종순대국파주운정점,,산내마을 골목형상점가,골목형상점가,경기도,,,
90bf7b880538021cd981,full_annotation_v1,A,q_분식_14,어묵,음식점 중 '분식'을 판매·제공하는 매장,test,분식,T4 구어·문장,28c95f1b-4396-4398-905f-4ebfaaea261e,오리발떡볶이,어묵,창원 상남시장,전통시장,경상남도,,,
71eb479d1c00a3099fb9,full_annotation_v1,A,q_분식_14,어묵,음식점 중 '분식'을 판매·제공하는 매장,test,분식,T4 구어·문장,fcc7a793-260b-45f0-9663-4e465e1d6db4,천호웰빙손두부,어묵,남항시장,전통시장,부산광역시,,,
9676a9daa5f8a9a12e32,full_annotation_v1,A,q_분식_14,어묵,음식점 중 '분식'을 판매·제공하는 매장,test,분식,T4 구어·문장,00719699-eb0c-4473-bda9-7a16eace345e,봉식이옛날왕만두,만두,삼익 골목형상점가,골목형상점가,서울특별시,,,
3477f945829e10b9f5d4,full_annotation_v1,A,q_분식_14,어묵,음식점 중 '분식'을 판매·제공하는 매장,test,분식,T4 구어·문장,13e74d0e-37ac-485f-a5ed-1523eb06f25e,부산식품,어묵,흥해시장,전통시장,경상북도,,,
63e58867da2968964287,full_annotation_v1,A,q_분식_14,어묵,음식점 중 '분식'을 판매·제공하는 매장,test,분식,T4 구어·문장,0910caae-ad67-4ef3-934e-fff4c6059206,참토스트 대전학하점,토스트,계산동 골목형상점가,골목형상점가,대전광역시,,,
eff8d27fe44fa8f0ec02,full_annotation_v1,A,q_분식_14,어묵,음식점 중 '분식'을 판매·제공하는 매장,test,분식,T4 구어·문장,0012a3b4-64a1-440c-a76e-f2be12a2f086,튀김집,분식,두암시장주변 골목형상점가,골목형상점가,광주광역시,,,
752165853e8dc1d1d6fe,full_annotation_v1,A,q_분식_14,어묵,음식점 중 '분식'을 판매·제공하는 매장,test,분식,T4 구어·문장,2018cdd3-8d1e-4787-acfc-3588c160a7e4,진주상회,어묵,팔달신시장,전통시장,대구광역시,,,
f6b1e9d42aeae91ae5f6,full_annotation_v1,A,q_분식_14,어묵,음식점 중 '분식'을 판매·제공하는 매장,test,분식,T4 구어·문장,58d6ed74-cedc-4722-9c36-274585b5cecc,부산미도어묵,어묵,도마큰시장,전통시장,대전광역시,,,
8621bb1cf4e23e157a97,full_annotation_v1,A,q_분식_14,어묵,음식점 중 '분식'을 판매·제공하는 매장,test,분식,T4 구어·문장,43669960-e606-4940-b2f8-d3a122b0b497,시민본두부,어묵,통영 북신전통시장,전통시장,경상남도,,,
0b28dbdb6c8d41d01810,full_annotation_v1,A,q_분식_14,어묵,음식점 중 '분식'을 판매·제공하는 매장,test,분식,T4 구어·문장,8d0dd80c-6043-4cad-8a9a-da185cf3af00,범표해운대점,어묵,해운대시장,전통시장,부산광역시,,,
e244535e04c1a02c810a,full_annotation_v1,A,q_분식_14,어묵,음식점 중 '분식'을 판매·제공하는 매장,test,분식,T4 구어·문장,04a91b86-3405-4f8d-b0b8-eac86f3907c4,연지동토스트,커피토스트,연지시장,전통시장,부산광역시,,,
9e3b738142e569c9553b,full_annotation_v1,A,q_분식_14,어묵,음식점 중 '분식'을 판매·제공하는 매장,test,분식,T4 구어·문장,0239c4e7-2ae3-4f29-8952-19c6d9d1d9a9,세번째집,순대국밥,성환이화시장,전통시장,충청남도,,,
18f09b254ae3f3736266,full_annotation_v1,A,q_분식_14,어묵,음식점 중 '분식'을 판매·제공하는 매장,test,분식,T4 구어·문장,b172d8b2-976a-4939-9391-5d3906f969fc,㈜부산어묵고래사,어묵,부전상가시장,전통시장,부산광역시,,,
df4791082601367a4828,full_annotation_v1,A,q_분식_14,어묵,음식점 중 '분식'을 판매·제공하는 매장,test,분식,T4 구어·문장,854f923c-389f-40bf-b374-d92cc844f636,싱싱수산,어묵,진해중앙시장,전통시장,경상남도,,,
b1cbc016c18c67f07c5f,full_annotation_v1,A,q_분식_14,어묵,음식점 중 '분식'을 판매·제공하는 매장,test,분식,T4 구어·문장,024c1f10-1fe0-4be3-8bde-6465f5cd8c43,오늘은 떡볶이,"떡볶이, 튀김, 순대 등",석촌시장,전통시장,서울특별시,,,
e7ec3c3d4457cbd645d3,full_annotation_v1,A,q_분식_14,어묵,음식점 중 '분식'을 판매·제공하는 매장,test,분식,T4 구어·문장,bdba9f10-8273-4c59-b783-1083b8c10a30,쫑네,어묵,옥천먹자골목형상점가,골목형상점가,충청북도,,,
6bc59f017c43b32e8105,full_annotation_v1,A,q_분식_14,어묵,음식점 중 '분식'을 판매·제공하는 매장,test,분식,T4 구어·문장,00e34fb5-e7d3-43aa-b574-400ee31abae5,은혜만두,만두,북동 골목형상점가,골목형상점가,광주광역시,,,
25117a042556d5e08533,full_annotation_v1,A,q_분식_14,어묵,음식점 중 '분식'을 판매·제공하는 매장,test,분식,T4 구어·문장,4b98494a-be27-452d-8c2c-21bc9ca60463,부산어묵,어묵,대조시장,전통시장,서울특별시,,,
67960660840423aa7f8d,full_annotation_v1,A,q_분식_14,어묵,음식점 중 '분식'을 판매·제공하는 매장,test,분식,T4 구어·문장,147b9a19-5f7f-4f8e-826e-c7d3d31562ed,동광주조제약국,의약품,동광주 골목형상점가,골목형상점가,광주광역시,,,
aded58bcc816914b7614,full_annotation_v1,A,q_분식_14,어묵,음식점 중 '분식'을 판매·제공하는 매장,test,분식,T4 구어·문장,9ecee7d8-2923-43ac-9f5f-e9c09f55fdaf,모두와,마트,신창호반,골목형상점가,광주광역시,,,
f7230d148944abae4f25,full_annotation_v1,A,q_분식_14,어묵,음식점 중 '분식'을 판매·제공하는 매장,test,분식,T4 구어·문장,df2b07e4-3b09-4e21-ae66-b9cdf1a25450,부산어묵,어묵,인헌시장,전통시장,서울특별시,,,
44ce19cd9d62b54aa5cc,full_annotation_v1,A,q_분식_14,어묵,음식점 중 '분식'을 판매·제공하는 매장,test,분식,T4 구어·문장,02f03161-3a15-416f-bdd6-8ad5bd17781d,시골참순대,,관저동 먹자골목 골목형상점가,골목형상점가,대전광역시,,,
d65becb093c74881f912,full_annotation_v1,A,q_분식_14,어묵,음식점 중 '분식'을 판매·제공하는 매장,test,분식,T4 구어·문장,008594db-d86c-4014-bf5c-16f6cd40402d,와글와글봄소풍,김밥,다사역 골목형상점가,골목형상점가,대구광역시,,,
316621cff7a58638868b,full_annotation_v1,A,q_분식_14,어묵,음식점 중 '분식'을 판매·제공하는 매장,test,분식,T4 구어·문장,ba44bd21-e68c-40fd-bd36-3369bb846148,맛뜰안식품부평점어묵고,어묵,부평깡통시장(구 부산부평시장),전통시장,부산광역시,,,
aa3de48a0cf3663882d1,full_annotation_v1,A,q_분식_14,어묵,음식점 중 '분식'을 판매·제공하는 매장,test,분식,T4 구어·문장,7d61f85e-4ad0-4f94-b139-c70104af481a,잘생긴 어묵,어묵,일신시장(舊 부일종합시장),전통시장,인천광역시,,,
8b62d99d27991344503f,full_annotation_v1,A,q_분식_14,어묵,음식점 중 '분식'을 판매·제공하는 매장,test,분식,T4 구어·문장,923eb055-03c7-4384-b6fd-3fe63ee737f7,광천,어묵,대해불빛시장(대해종합시장),전통시장,경상북도,,,
6a06f6be9291301206bf,full_annotation_v1,A,q_분식_14,어묵,음식점 중 '분식'을 판매·제공하는 매장,test,분식,T4 구어·문장,6b2ea906-9013-455d-8865-b16a2c3527cb,브로스짐,주짓수 교육,버들마을상인회 골목형상점가,골목형상점가,광주광역시,,,
6d371662b9be1589aff4,full_annotation_v1,A,q_분식_14,어묵,음식점 중 '분식'을 판매·제공하는 매장,test,분식,T4 구어·문장,045215f0-9db0-4054-8c69-702841941f01,문토스트용호점,카페토스트,용호1동골목시장,전통시장,부산광역시,,,
6241069ae8f98c7fd6e9,full_annotation_v1,A,q_분식_14,어묵,음식점 중 '분식'을 판매·제공하는 매장,test,분식,T4 구어·문장,b88d3edf-0046-4acd-bacf-db2e2662a5f1,지희네,어묵,광안시장,전통시장,부산광역시,,,
04f8a4e80d5fa21884c8,full_annotation_v1,A,q_분식_14,어묵,음식점 중 '분식'을 판매·제공하는 매장,test,분식,T4 구어·문장,e8e05502-c520-4921-a413-880a8d43d0ad,장우손부산어묵,어묵,부평깡통시장(구 부산부평시장),전통시장,부산광역시,,,
0feda1863fd5cc976064,full_annotation_v1,A,q_분식_14,어묵,음식점 중 '분식'을 판매·제공하는 매장,test,분식,T4 구어·문장,41b9761f-ab5f-4197-929a-c8ff9a194a2b,어묵마을,어묵,구역전시장,전통시장,울산광역시,,,
fa3807e7c83b5da80e7d,full_annotation_v1,A,q_분식_14,어묵,음식점 중 '분식'을 판매·제공하는 매장,test,분식,T4 구어·문장,4ebbf90c-fbd8-4519-b538-61948303d118,형제식품,어묵,정이있는 구포시장,전통시장,부산광역시,,,
71e897b908045aae67e6,full_annotation_v1,A,q_분식_14,어묵,음식점 중 '분식'을 판매·제공하는 매장,test,분식,T4 구어·문장,d12c563c-7a0e-4b6b-ab6c-abd2e746cda2,부산어묵장돌이,어묵,김해 외동전통시장,전통시장,경상남도,,,
1dd45f11dd361149bb77,full_annotation_v1,A,q_분식_14,어묵,음식점 중 '분식'을 판매·제공하는 매장,test,분식,T4 구어·문장,007d6b63-4e47-47fa-aaa5-6d0b5cc7280b,도토리김밥계룡엄사점,분식,엄사 골목형상점가,골목형상점가,충청남도,,,
356d0868917417616f00,full_annotation_v1,A,q_분식_14,어묵,음식점 중 '분식'을 판매·제공하는 매장,test,분식,T4 구어·문장,0eca6b5c-87f3-4fa8-b491-65a781eaf8bc,야미어묵,어묵,정서진중앙시장(구 서구중앙시장),전통시장,인천광역시,,,
6efa0d4aa7920a518c0b,full_annotation_v1,A,q_분식_14,어묵,음식점 중 '분식'을 판매·제공하는 매장,test,분식,T4 구어·문장,e40e6bcb-2d4b-40b8-aad5-ad671b18fdb1,수유대장어묵,어묵,수유재래시장,전통시장,서울특별시,,,
cead225ca7e16522c0e2,full_annotation_v1,A,q_분식_14,어묵,음식점 중 '분식'을 판매·제공하는 매장,test,분식,T4 구어·문장,d2c361bc-9357-4fbb-a38d-985b0da444b7,양산식품,어묵,부전시장,전통시장,부산광역시,,,
a270ea51b98f93f26e82,full_annotation_v1,A,q_분식_14,어묵,음식점 중 '분식'을 판매·제공하는 매장,test,분식,T4 구어·문장,fb34169a-7975-48a9-862c-7fa3d21be890,부산어묵장돌이,어묵,구리전통시장,전통시장,경기도,,,
0ff28cba080e0a8eae47,full_annotation_v1,A,q_분식_14,어묵,음식점 중 '분식'을 판매·제공하는 매장,test,분식,T4 구어·문장,2594a302-20e1-4531-9e07-b2b595eedfc1,영양어묵,어묵,부천한신시장,전통시장,경기도,,,
eb8857e5836546a33c80,full_annotation_v1,A,q_분식_14,어묵,음식점 중 '분식'을 판매·제공하는 매장,test,분식,T4 구어·문장,aa02ced4-3d3a-4b86-ab19-b7569e498eb3,부산어묵,어묵,부평깡통시장(구 부산부평시장),전통시장,부산광역시,,,
b9f894fa74fdbe000dbf,full_annotation_v1,A,q_분식_14,어묵,음식점 중 '분식'을 판매·제공하는 매장,test,분식,T4 구어·문장,d61082ec-43ca-4bd8-9cf7-1a1fd58776c9,미니수제어묵,어묵,영동교골목시장(영동교시장),전통시장,서울특별시,,,
8bcfed8cc96cdb4e5471,full_annotation_v1,A,q_분식_14,어묵,음식점 중 '분식'을 판매·제공하는 매장,test,분식,T4 구어·문장,0b1dd2b5-9050-44f4-bfe1-e9f522058040,나나원조어묵,어묵,반여2동상가시장,전통시장,부산광역시,,,
6bec4369bba7bfad6868,full_annotation_v1,A,q_분식_14,어묵,음식점 중 '분식'을 판매·제공하는 매장,test,분식,T4 구어·문장,684f15a5-c01f-4637-b43c-e7d45a517443,부산어묵,어묵,자양15번가골목형상점가,골목형상점가,서울특별시,,,
31db6e7778d10367b888,full_annotation_v1,A,q_분식_14,어묵,음식점 중 '분식'을 판매·제공하는 매장,test,분식,T4 구어·문장,3fb58766-c424-4e09-96be-27e01eb3673f,진미식품,어묵,수영팔도시장(구 수영팔도상가시장),전통시장,부산광역시,,,
d4c1f1b6e6deb2eebde3,full_annotation_v1,A,q_분식_14,어묵,음식점 중 '분식'을 판매·제공하는 매장,test,분식,T4 구어·문장,163a5e87-8487-4233-b622-b260a51d9b08,부산강씨네어묵,어묵,장림골목시장,전통시장,부산광역시,,,
5c98beecdc585fdec1e0,full_annotation_v1,A,q_분식_14,어묵,음식점 중 '분식'을 판매·제공하는 매장,test,분식,T4 구어·문장,fb63d89f-d89b-4522-97b3-bc2502f3d61f,영도상회,어묵,부산산업용품상협동조합,전통시장,부산광역시,,,
4ae824d1e0f4038513fa,full_annotation_v1,A,q_분식_14,어묵,음식점 중 '분식'을 판매·제공하는 매장,test,분식,T4 구어·문장,80acc7fc-3fcc-4095-b2de-d85fcfac0905,꿀사과씨앗닭강정,닭강정,봉선시장,전통시장,광주광역시,,,
7ae79108f467cf360fb9,full_annotation_v1,A,q_분식_14,어묵,음식점 중 '분식'을 판매·제공하는 매장,test,분식,T4 구어·문장,699a332c-8d7e-4985-af26-0e658c760673,부산어묵,어묵,용산용문시장,전통시장,서울특별시,,,
b5adab65797a1ff6502f,full_annotation_v1,A,q_분식_14,어묵,음식점 중 '분식'을 판매·제공하는 매장,test,분식,T4 구어·문장,2d60a93a-b4d8-49f0-8500-fc6e089f11f9,온천어묵,어묵,서동향토시장,전통시장,부산광역시,,,
592e14443623409cf7d9,full_annotation_v1,A,q_분식_14,어묵,음식점 중 '분식'을 판매·제공하는 매장,test,분식,T4 구어·문장,005313c8-dce8-49b6-9841-9143ebb1305a,동원떡집,,박달시장,전통시장,경기도,,,
0efbcd91cdbe1efd36d8,full_annotation_v1,A,q_분식_14,어묵,음식점 중 '분식'을 판매·제공하는 매장,test,분식,T4 구어·문장,9ddcdae3-fd7e-4aeb-95ad-496a65b368f7,대원어묵,어묵,중동사랑시장,전통시장,경기도,,,
5dcff4d948295fe26ad7,full_annotation_v1,A,q_분식_14,어묵,음식점 중 '분식'을 판매·제공하는 매장,test,분식,T4 구어·문장,0ab4b1bd-93f1-4d46-b012-abfc9b1328dc,브라운토스트,"토스트, 음료",구즉 골목형상점가,골목형상점가,대전광역시,,,
d2a6792c52d0c6c60349,full_annotation_v1,A,q_분식_14,어묵,음식점 중 '분식'을 판매·제공하는 매장,test,분식,T4 구어·문장,0b8d2045-2600-496b-8205-55b96fe4a3e0,어묵대장,어묵,의정부시장,전통시장,경기도,,,
84b3325207f25e8787b4,full_annotation_v1,A,q_분식_14,어묵,음식점 중 '분식'을 판매·제공하는 매장,test,분식,T4 구어·문장,00783b5c-54fd-42fc-8bcf-1ea7fce865d5,쫀득분식,분식,임방울거리3구역 골목형상점가,골목형상점가,광주광역시,,,
3a8fed241dde0ff09e68,full_annotation_v1,A,q_분식_14,어묵,음식점 중 '분식'을 판매·제공하는 매장,test,분식,T4 구어·문장,591a968f-1a2c-4295-bc52-a7190111e931,털보상회,어묵,마산어시장,전통시장,경상남도,,,
245eb57026028299fc6f,full_annotation_v1,A,q_분식_14,어묵,음식점 중 '분식'을 판매·제공하는 매장,test,분식,T4 구어·문장,a3c23d80-8834-4231-9d00-6433cc9cf5f4,수제어묵집,어묵,월곡시장,전통시장,광주광역시,,,
8e9aeb1849d44b7d32cc,full_annotation_v1,A,q_분식_14,어묵,음식점 중 '분식'을 판매·제공하는 매장,test,분식,T4 구어·문장,001cb3d4-5441-4963-b517-d5b3904ee312,현창떡집,떡집,목포동부시장,전통시장,전라남도,,,
ae06b336607c80cf353a,full_annotation_v1,A,q_분식_14,어묵,음식점 중 '분식'을 판매·제공하는 매장,test,분식,T4 구어·문장,00b5a007-bb8d-47db-963d-ccc7e93c25ac,장호덕 손만두 백석점,만두,백석한들1번가 골목형상점가,골목형상점가,충청남도,,,
9c7a071895a967d3b11a,full_annotation_v1,A,q_분식_14,어묵,음식점 중 '분식'을 판매·제공하는 매장,test,분식,T4 구어·문장,a0d8c555-6242-48ec-b0a5-3d170a9c2d9a,제일식품,어묵,안양중앙인정시장,전통시장,경기도,,,
8e8771c3cee53ce529a6,full_annotation_v1,A,q_분식_14,어묵,음식점 중 '분식'을 판매·제공하는 매장,test,분식,T4 구어·문장,339f3107-e686-4b39-8e7d-b741ee854d41,불티나,어묵,영동전통시장,전통시장,서울특별시,,,
13e878b3d1d6320a24cc,full_annotation_v1,A,q_분식_14,어묵,음식점 중 '분식'을 판매·제공하는 매장,test,분식,T4 구어·문장,00b5a60c-c548-4ac2-8259-9bb788c0fc58,까치김밥,김밥식사류,신림별빛거리골목형상점가,골목형상점가,서울특별시,,,
43060ff8d05e75c292c4,full_annotation_v1,A,q_분식_14,어묵,음식점 중 '분식'을 판매·제공하는 매장,test,분식,T4 구어·문장,055b0501-9678-421c-9b8d-2994754df728,캠토토스트 계룡대실점,토스트,두마면 대실골목형상점가,골목형상점가,충청남도,,,
39b0d7f6d31cfcb326c0,full_annotation_v1,A,q_분식_14,어묵,음식점 중 '분식'을 판매·제공하는 매장,test,분식,T4 구어·문장,b2a2b9ed-2739-4f01-b6da-36141acfc86f,숙이네,어묵,대해불빛시장(대해종합시장),전통시장,경상북도,,,
52e0bc59c530e6df2a2f,full_annotation_v1,A,q_분식_14,어묵,음식점 중 '분식'을 판매·제공하는 매장,test,분식,T4 구어·문장,015915e3-2542-4245-b627-0c775b4c5501,한내떡집,,거제 고현시장,전통시장,경상남도,,,
c15e1dad6b79189f833a,full_annotation_v1,A,q_분식_14,어묵,음식점 중 '분식'을 판매·제공하는 매장,test,분식,T4 구어·문장,001bda4f-046f-44c5-b084-8de630ac405a,김밥윤,김밥 등,보람동 골목형상점가,골목형상점가,세종특별자치시,,,
74770825bce0cf01a3e3,full_annotation_v1,A,q_분식_14,어묵,음식점 중 '분식'을 판매·제공하는 매장,test,분식,T4 구어·문장,dd4a1391-8729-4f28-8ca9-e45f661babf7,봉선식자재마트,야채 과일 정육 수산 공산품 등,용대로119번길 골목형상점가,골목형상점가,광주광역시,,,
c4276a56590639356e04,full_annotation_v1,A,q_분식_14,어묵,음식점 중 '분식'을 판매·제공하는 매장,test,분식,T4 구어·문장,d7f4ab99-405c-4975-8621-bd4e2224312e,부산즉석수제어묵,어묵,울산번개시장,전통시장,울산광역시,,,
e4aea2f769ae07fb5f45,full_annotation_v1,A,q_분식_14,어묵,음식점 중 '분식'을 판매·제공하는 매장,test,분식,T4 구어·문장,119efd5a-6673-4d0f-bedc-7e2ba892f1a8,수제어묵전문점,어묵,목사랑시장,전통시장,서울특별시,,,
f44db47e0549778be2ac,full_annotation_v1,A,q_분식_14,어묵,음식점 중 '분식'을 판매·제공하는 매장,test,분식,T4 구어·문장,662cadab-d814-4c91-a235-2e6d4dbcfd96,부산이삭어묵,어묵,반여2동상가시장,전통시장,부산광역시,,,
bf85e24bbbf2211fd60f,full_annotation_v1,A,q_분식_14,어묵,음식점 중 '분식'을 판매·제공하는 매장,test,분식,T4 구어·문장,00e30e6c-dde0-49cd-9e3e-95465aa4247e,동해분식,분식,서남신시장,전통시장,대구광역시,,,
a8319ef45767ac602e4d,full_annotation_v1,A,q_분식_14,어묵,음식점 중 '분식'을 판매·제공하는 매장,test,분식,T4 구어·문장,9f2f4437-2a6b-4dfc-b062-4f085477298f,범표어묵,어묵,부평깡통시장(구 부산부평시장),전통시장,부산광역시,,,
a96ab015f01d50bace44,full_annotation_v1,A,q_분식_14,어묵,음식점 중 '분식'을 판매·제공하는 매장,test,분식,T4 구어·문장,15857cbb-ce08-4229-8c74-4dbc551bde8a,본맛,어묵,익산중앙시장,전통시장,전북특별자치도,,,
ba779522a0ab2437c65b,full_annotation_v1,A,q_분식_14,어묵,음식점 중 '분식'을 판매·제공하는 매장,test,분식,T4 구어·문장,8031e4db-f7c6-4764-9c33-3f714b356597,반석식품,어묵,마산어시장,전통시장,경상남도,,,
6a1a5daebf1dd7c71c96,full_annotation_v1,A,q_분식_15,토스트 먹을 데,음식점 중 '분식'을 판매·제공하는 매장,test,분식,T4 구어·문장,04a91b86-3405-4f8d-b0b8-eac86f3907c4,연지동토스트,커피토스트,연지시장,전통시장,부산광역시,,,
6c5480d388d009f78c15,full_annotation_v1,A,q_분식_15,토스트 먹을 데,음식점 중 '분식'을 판매·제공하는 매장,test,분식,T4 구어·문장,0012a3b4-64a1-440c-a76e-f2be12a2f086,튀김집,분식,두암시장주변 골목형상점가,골목형상점가,광주광역시,,,
d17587f1a02865a02b13,full_annotation_v1,A,q_분식_15,토스트 먹을 데,음식점 중 '분식'을 판매·제공하는 매장,test,분식,T4 구어·문장,29b05536-85ca-4c29-8a57-81ac12f5cc43,유명토스트,토스트,구서오시게시장,전통시장,부산광역시,,,
51a2f621006c1e059df2,full_annotation_v1,A,q_분식_15,토스트 먹을 데,음식점 중 '분식'을 판매·제공하는 매장,test,분식,T4 구어·문장,59ad0290-ff96-4043-bc7a-3b09f96f6951,토스트잇,토스트,낙낙별길골목형상점가,골목형상점가,서울특별시,,,
3aab3aadbcbed01710de,full_annotation_v1,A,q_분식_15,토스트 먹을 데,음식점 중 '분식'을 판매·제공하는 매장,test,분식,T4 구어·문장,f68126ee-7e4f-468a-aefc-ceecde6b5d1e,써니토스트,토스트,주막거리상점가,자율상권구역,경기도,,,
622b0812e4feec36e1df,full_annotation_v1,A,q_분식_15,토스트 먹을 데,음식점 중 '분식'을 판매·제공하는 매장,test,분식,T4 구어·문장,5a16b296-499e-4617-a612-77884dc449c0,이삭토스트,토스트,노원역9번출구 골목형상점가,골목형상점가,서울특별시,,,
e53b3081f93157c699f9,full_annotation_v1,A,q_분식_15,토스트 먹을 데,음식점 중 '분식'을 판매·제공하는 매장,test,분식,T4 구어·문장,e14a35ef-257b-4998-9fa3-d997baebd199,캠토토스트,토스트,직산읍삼은1번가골목형상점가,골목형상점가,충청남도,,,
449cc5373de0a1fb4375,full_annotation_v1,A,q_분식_15,토스트 먹을 데,음식점 중 '분식'을 판매·제공하는 매장,test,분식,T4 구어·문장,25d9e7a8-8d2b-48ac-b3aa-5fe368fcf055,노원토스트,토스트,상계중앙시장,전통시장,서울특별시,,,
c522da961ba405c3c975,full_annotation_v1,A,q_분식_15,토스트 먹을 데,음식점 중 '분식'을 판매·제공하는 매장,test,분식,T4 구어·문장,9669d3c3-9aac-4389-82c4-5558ebead83c,입터진토스트,토스트,점촌역전상점가,자율상권구역,경상북도,,,
6848b3b2a88529a6af3f,full_annotation_v1,A,q_분식_15,토스트 먹을 데,음식점 중 '분식'을 판매·제공하는 매장,test,분식,T4 구어·문장,d51366d9-e3fd-4cb7-a2f5-42ea85c622d4,캠토,토스트,장안문거북시장,전통시장,경기도,,,
c4eea49d6b3ae7bfb43d,full_annotation_v1,A,q_분식_15,토스트 먹을 데,음식점 중 '분식'을 판매·제공하는 매장,test,분식,T4 구어·문장,d10e55c5-2306-43af-9ce7-ec852fe87158,이삭토스트,토스트,안양1번가 상점가,자율상권구역,경기도,,,
7b6f7c57f2f5815cc26d,full_annotation_v1,A,q_분식_15,토스트 먹을 데,음식점 중 '분식'을 판매·제공하는 매장,test,분식,T4 구어·문장,e3bc1b64-cd2f-4464-b19b-f84fc0880053,이삭토스트,토스트,효행구봉담상점가,골목형상점가,경기도,,,
c181535954a4fba14697,full_annotation_v1,A,q_분식_15,토스트 먹을 데,음식점 중 '분식'을 판매·제공하는 매장,test,분식,T4 구어·문장,cb7f488f-df80-422b-8329-0133d6512dd0,이삭토스트,토스트,광교매탄 골목형상점가,골목형상점가,경기도,,,
8f95c19bbb3179c08a1a,full_annotation_v1,A,q_분식_15,토스트 먹을 데,음식점 중 '분식'을 판매·제공하는 매장,test,분식,T4 구어·문장,012fea8b-eb2a-48ba-908c-ebc87edc7b6f,홍운반점,중국음식,효자시장,전통시장,경상북도,,,
011e9c9a97d5080d691c,full_annotation_v1,A,q_분식_15,토스트 먹을 데,음식점 중 '분식'을 판매·제공하는 매장,test,분식,T4 구어·문장,0239c4e7-2ae3-4f29-8952-19c6d9d1d9a9,세번째집,순대국밥,성환이화시장,전통시장,충청남도,,,
a14bd18849d515b327fe,full_annotation_v1,A,q_분식_15,토스트 먹을 데,음식점 중 '분식'을 판매·제공하는 매장,test,분식,T4 구어·문장,c5f79209-bb6d-47d6-9cfa-0dac0cb53db4,이삭토스트,토스트,탕정미래 골목형상점가,골목형상점가,충청남도,,,
02061af30d063ddbcc16,full_annotation_v1,A,q_분식_15,토스트 먹을 데,음식점 중 '분식'을 판매·제공하는 매장,test,분식,T4 구어·문장,49efea61-51b8-4d68-bc82-027f6529e5aa,캠토토스트,토스트,계림 재미로 골목형상점가,골목형상점가,광주광역시,,,
4c184beca0a8bad51042,full_annotation_v1,A,q_분식_15,토스트 먹을 데,음식점 중 '분식'을 판매·제공하는 매장,test,분식,T4 구어·문장,f0f57c1f-c1e2-4c1a-8a9b-7e08e0a51e2e,이삭토스트중앙점,토스트,원주중앙로문화의거리,자율상권구역,강원특별자치도,,,
364ad8ab080b1e9f3420,full_annotation_v1,A,q_분식_15,토스트 먹을 데,음식점 중 '분식'을 판매·제공하는 매장,test,분식,T4 구어·문장,00e9517a-1887-4acf-b072-10c7cadf9512,불닭발 땡초 동대문 엽기 떡볶이,분식,유엔남구 대학로 상권,,부산광역시,,,
a79dd955fb2faa8686cd,full_annotation_v1,A,q_분식_15,토스트 먹을 데,음식점 중 '분식'을 판매·제공하는 매장,test,분식,T4 구어·문장,282b0e8b-051c-49f9-a707-b982df803589,까라벨라 데 오르,스파게티,동명동 카페거리 골목형상점가,골목형상점가,광주광역시,,,
b91f74888d6f6283735f,full_annotation_v1,A,q_분식_15,토스트 먹을 데,음식점 중 '분식'을 판매·제공하는 매장,test,분식,T4 구어·문장,98fa1cbe-3566-483a-ad8a-0c5014d57659,해피토스트,토스트,안동광석거리 골목형상점가,골목형상점가,경상북도,,,
ca5082dbfd9c70fd9ddf,full_annotation_v1,A,q_분식_15,토스트 먹을 데,음식점 중 '분식'을 판매·제공하는 매장,test,분식,T4 구어·문장,1f901d50-87f5-4410-9a23-c2fe9724598a,이삭토스트장대점,토스트,장대동패션상가 골목형상점가,골목형상점가,대전광역시,,,
33d7f65852162fbe28fe,full_annotation_v1,A,q_분식_15,토스트 먹을 데,음식점 중 '분식'을 판매·제공하는 매장,test,분식,T4 구어·문장,7670dbad-2255-4570-8c5c-28dc32150760,샌토락,토스트,금왕중심골목형상점가,골목형상점가,충청북도,,,
54fb2d87e3dec6bb804a,full_annotation_v1,A,q_분식_15,토스트 먹을 데,음식점 중 '분식'을 판매·제공하는 매장,test,분식,T4 구어·문장,d238fa62-8188-4122-a9b5-a2479f7a841d,석봉토스트,토스트,대현프리몰 대구점,일반지하상점가,대구광역시,,,
2797f475e836e6051c88,full_annotation_v1,A,q_분식_15,토스트 먹을 데,음식점 중 '분식'을 판매·제공하는 매장,test,분식,T4 구어·문장,00783b5c-54fd-42fc-8bcf-1ea7fce865d5,쫀득분식,분식,임방울거리3구역 골목형상점가,골목형상점가,광주광역시,,,
712e41c5c64705ca1b51,full_annotation_v1,A,q_분식_15,토스트 먹을 데,음식점 중 '분식'을 판매·제공하는 매장,test,분식,T4 구어·문장,3064c2e9-f131-413e-8804-a1f89662d905,참토스트,토스트,하남 골목형상점가,골목형상점가,광주광역시,,,
438503ba6db54b6b5baa,full_annotation_v1,A,q_분식_15,토스트 먹을 데,음식점 중 '분식'을 판매·제공하는 매장,test,분식,T4 구어·문장,007d6b63-4e47-47fa-aaa5-6d0b5cc7280b,도토리김밥계룡엄사점,분식,엄사 골목형상점가,골목형상점가,충청남도,,,
609a3e22a10551236821,full_annotation_v1,A,q_분식_15,토스트 먹을 데,음식점 중 '분식'을 판매·제공하는 매장,test,분식,T4 구어·문장,c7c286d3-3448-4277-91ad-8c031c520f72,길거리토스트,토스트,홍천시장(홍천구시장),전통시장,강원특별자치도,,,
b5c0b564619cacff3ce1,full_annotation_v1,A,q_분식_15,토스트 먹을 데,음식점 중 '분식'을 판매·제공하는 매장,test,분식,T4 구어·문장,00719699-eb0c-4473-bda9-7a16eace345e,봉식이옛날왕만두,만두,삼익 골목형상점가,골목형상점가,서울특별시,,,
8185f970df9318b73f32,full_annotation_v1,A,q_분식_15,토스트 먹을 데,음식점 중 '분식'을 판매·제공하는 매장,test,분식,T4 구어·문장,024c1f10-1fe0-4be3-8bde-6465f5cd8c43,오늘은 떡볶이,"떡볶이, 튀김, 순대 등",석촌시장,전통시장,서울특별시,,,
b2117c54870837e371b3,full_annotation_v1,A,q_분식_15,토스트 먹을 데,음식점 중 '분식'을 판매·제공하는 매장,test,분식,T4 구어·문장,00e34fb5-e7d3-43aa-b574-400ee31abae5,은혜만두,만두,북동 골목형상점가,골목형상점가,광주광역시,,,
e91e0715b3dfe49f6278,full_annotation_v1,A,q_분식_15,토스트 먹을 데,음식점 중 '분식'을 판매·제공하는 매장,test,분식,T4 구어·문장,17e52c14-4678-4a22-ae10-305f9c60d64c,이삭토스트가정루원시티점,토스트,루원음식문화거리,골목형상점가,인천광역시,,,
29a5d9d51c091a9436d2,full_annotation_v1,A,q_분식_15,토스트 먹을 데,음식점 중 '분식'을 판매·제공하는 매장,test,분식,T4 구어·문장,f2b80a63-fb33-456e-ae44-7f56542893ea,이삭,토스트,괴정가장로 골목형상점가,골목형상점가,대전광역시,,,
bb9141ec21d586d3f414,full_annotation_v1,A,q_분식_15,토스트 먹을 데,음식점 중 '분식'을 판매·제공하는 매장,test,분식,T4 구어·문장,ff6b8626-c069-47f1-98c9-fd4193dbc11a,골목 토스트,토스트,지범골목먹거리타운 골목형상점가,골목형상점가,대구광역시,,,
f9041c4ab5cb4597e08c,full_annotation_v1,A,q_분식_15,토스트 먹을 데,음식점 중 '분식'을 판매·제공하는 매장,test,분식,T4 구어·문장,f0c8a0c8-20b4-429f-bbe6-9949b0985eb6,이삭토스트,토스트,봉일천전통시장,전통시장,경기도,,,
e3bab70f86917a5d55d1,full_annotation_v1,A,q_분식_15,토스트 먹을 데,음식점 중 '분식'을 판매·제공하는 매장,test,분식,T4 구어·문장,01853453-69ac-4f55-9cd8-09e40088ab59,가마솥왕만두,만두,울산번개시장,전통시장,울산광역시,,,
ab1d28995a8d6edf41ef,full_annotation_v1,A,q_분식_15,토스트 먹을 데,음식점 중 '분식'을 판매·제공하는 매장,test,분식,T4 구어·문장,045215f0-9db0-4054-8c69-702841941f01,문토스트용호점,카페토스트,용호1동골목시장,전통시장,부산광역시,,,
7e000fa15e87a5007b3c,full_annotation_v1,A,q_분식_15,토스트 먹을 데,음식점 중 '분식'을 판매·제공하는 매장,test,분식,T4 구어·문장,008594db-d86c-4014-bf5c-16f6cd40402d,와글와글봄소풍,김밥,다사역 골목형상점가,골목형상점가,대구광역시,,,
3c7954403aac4182c228,full_annotation_v1,A,q_분식_15,토스트 먹을 데,음식점 중 '분식'을 판매·제공하는 매장,test,분식,T4 구어·문장,a66caa12-d548-45f7-9d03-dd9ca062cdbb,민씨네토스트,토스트,의정부제일시장,전통시장,경기도,,,
a5aff77bc46538df2b4e,full_annotation_v1,A,q_분식_15,토스트 먹을 데,음식점 중 '분식'을 판매·제공하는 매장,test,분식,T4 구어·문장,b41ac99b-b7d9-4ba2-9d20-a7633d66a792,의왕토스트,토스트,의왕도깨비시장,전통시장,경기도,,,
1d22034196a3e190d4a7,full_annotation_v1,A,q_분식_15,토스트 먹을 데,음식점 중 '분식'을 판매·제공하는 매장,test,분식,T4 구어·문장,bfaaa2da-e587-4861-aaf1-d37a1ab737b0,이삭토스트,토스트,금촌문화로시장,전통시장,경기도,,,
55b7865c80298350b7ff,full_annotation_v1,A,q_분식_15,토스트 먹을 데,음식점 중 '분식'을 판매·제공하는 매장,test,분식,T4 구어·문장,055b0501-9678-421c-9b8d-2994754df728,캠토토스트 계룡대실점,토스트,두마면 대실골목형상점가,골목형상점가,충청남도,,,
acddb08639a54a331252,full_annotation_v1,A,q_분식_15,토스트 먹을 데,음식점 중 '분식'을 판매·제공하는 매장,test,분식,T4 구어·문장,064d899b-c65a-4b75-9a15-9ca1eaf707f4,이삭토스트,토스트 등,매탄중심상가 골목형상점가,골목형상점가,경기도,,,
3fb109acacb505b1a218,full_annotation_v1,A,q_분식_15,토스트 먹을 데,음식점 중 '분식'을 판매·제공하는 매장,test,분식,T4 구어·문장,aaef4e51-9e76-45a2-868f-ded4f819e21c,해피토스트,토스트,용두동미르길골목형상점가,골목형상점가,대전광역시,,,
6a6a7638bf931bf25b51,full_annotation_v1,A,q_분식_15,토스트 먹을 데,음식점 중 '분식'을 판매·제공하는 매장,test,분식,T4 구어·문장,017c71f5-48d0-4cce-a370-a84d34d36658,무봉리토종순대국파주운정점,,산내마을 골목형상점가,골목형상점가,경기도,,,
375e1060ef7895cd876e,full_annotation_v1,A,q_분식_15,토스트 먹을 데,음식점 중 '분식'을 판매·제공하는 매장,test,분식,T4 구어·문장,89699db0-c7a6-413d-a6d7-aa9740300d49,토스트클럽,토스트,마산 창동통합상가,자율상권구역,경상남도,,,
c22d0b594b1fc362b25a,full_annotation_v1,A,q_분식_15,토스트 먹을 데,음식점 중 '분식'을 판매·제공하는 매장,test,분식,T4 구어·문장,0e3e29e3-1841-4324-a9ea-88e6bba873d8,봉천토스트,토스트 와플,봉천달빛길골목형상점가,골목형상점가,서울특별시,,,
7146ac326e29b1d5ad03,full_annotation_v1,A,q_분식_15,토스트 먹을 데,음식점 중 '분식'을 판매·제공하는 매장,test,분식,T4 구어·문장,7d2264da-5ceb-4179-a616-cf9613a693d3,냥냥토스트,토스트,진해 군항상권활성화구역,상권활성화구역,경상남도,,,
1a72bce7a0a6752ed6cd,full_annotation_v1,A,q_분식_15,토스트 먹을 데,음식점 중 '분식'을 판매·제공하는 매장,test,분식,T4 구어·문장,71f77424-280c-486e-842f-13d2d89add41,감성낙곱새,낙곱새 갈비찜,쌍용먹자패션거리 골목형상점가,골목형상점가,충청남도,,,
bf8c88f04a1d143ebcab,full_annotation_v1,A,q_분식_15,토스트 먹을 데,음식점 중 '분식'을 판매·제공하는 매장,test,분식,T4 구어·문장,3ac9d5d9-24a6-4b8f-99c2-bf11e49e1b19,토피,토스트,쌍학로상인회 골목형상점가,골목형상점가,광주광역시,,,
fc234ff71726d0376b62,full_annotation_v1,A,q_분식_15,토스트 먹을 데,음식점 중 '분식'을 판매·제공하는 매장,test,분식,T4 구어·문장,5169cb51-7ab0-42f0-80c2-b2e08c319638,광명하우징,벽지,학운 골목형상점가,골목형상점가,광주광역시,,,
fe6a59a54c7e874a1484,full_annotation_v1,A,q_분식_15,토스트 먹을 데,음식점 중 '분식'을 판매·제공하는 매장,test,분식,T4 구어·문장,3013157f-f6af-410b-bd85-835da2901559,이삭토스트안산선부점,토스트,선부광장로상점가,자율상권구역,경기도,,,
fe9c113f9b1f2d3d5840,full_annotation_v1,A,q_분식_15,토스트 먹을 데,음식점 중 '분식'을 판매·제공하는 매장,test,분식,T4 구어·문장,aada6bd5-f29d-48fd-ab64-369bcc6bc80a,종점토스트,토스트,사근살곶이골목형상점가,골목형상점가,서울특별시,,,
d9cfad51932e39a11f1b,full_annotation_v1,A,q_분식_15,토스트 먹을 데,음식점 중 '분식'을 판매·제공하는 매장,test,분식,T4 구어·문장,e086931b-2aae-4ad7-aac5-e9d49f301dc8,주식회사 삼정,,대구종합유통단지전자관사업협동조합,전통시장,대구광역시,,,
49f0705b5a6108d210a7,full_annotation_v1,A,q_분식_15,토스트 먹을 데,음식점 중 '분식'을 판매·제공하는 매장,test,분식,T4 구어·문장,3885beaf-84d4-45e0-8e05-a4a1fdb35314,지에스 더프레시 권선아이파크점,슈퍼마켓,수원아이파크시티8단지상가 골목형상점가,골목형상점가,경기도,,,
00c2a35d0cd4bf97be7c,full_annotation_v1,A,q_분식_15,토스트 먹을 데,음식점 중 '분식'을 판매·제공하는 매장,test,분식,T4 구어·문장,04c905ba-3172-4ea4-a6dd-4345d674dea0,덕순이네,제조업(떡집),장터길 골목형상점가,골목형상점가,경기도,,,
8f7d24b9f882ce65ee8c,full_annotation_v1,A,q_분식_15,토스트 먹을 데,음식점 중 '분식'을 판매·제공하는 매장,test,분식,T4 구어·문장,bf791422-7a32-4b25-9436-61b41a60f22a,"또,토스트",,매곡신천 골목형상점가,골목형상점가,울산광역시,,,
655b95833b83b61dc1e5,full_annotation_v1,A,q_분식_15,토스트 먹을 데,음식점 중 '분식'을 판매·제공하는 매장,test,분식,T4 구어·문장,55c321c5-abd4-4182-99af-1b678b27a6df,정토스트,토스트,청주북부시장,전통시장,충청북도,,,
5bcbcd75de1336da84e9,full_annotation_v1,A,q_분식_15,토스트 먹을 데,음식점 중 '분식'을 판매·제공하는 매장,test,분식,T4 구어·문장,723dc3b7-f79f-4866-aea0-86581998a4ee,봉순언니토스트,토스트,창원 명서시장,전통시장,경상남도,,,
70a62f3cee4756a443c7,full_annotation_v1,A,q_분식_15,토스트 먹을 데,음식점 중 '분식'을 판매·제공하는 매장,test,분식,T4 구어·문장,f61ed7fe-ce33-45e1-bc20-89b513b1168f,이삭토스트디오션점,토스트,철길공원 골목형상점가,골목형상점가,전북특별자치도,,,
849e1a7c7019650bc002,full_annotation_v1,A,q_분식_15,토스트 먹을 데,음식점 중 '분식'을 판매·제공하는 매장,test,분식,T4 구어·문장,02f03161-3a15-416f-bdd6-8ad5bd17781d,시골참순대,,관저동 먹자골목 골목형상점가,골목형상점가,대전광역시,,,
6ca7bb10364eabcddd2b,full_annotation_v1,A,q_분식_15,토스트 먹을 데,음식점 중 '분식'을 판매·제공하는 매장,test,분식,T4 구어·문장,823d6c6a-120d-41d9-8135-b580f252a6fd,이삭토스트,토스트,강진중앙로상가,자율상권구역,전라남도,,,
8b6ec65dad66f538c83e,full_annotation_v1,A,q_분식_15,토스트 먹을 데,음식점 중 '분식'을 판매·제공하는 매장,test,분식,T4 구어·문장,f5ffa8a6-3205-49fc-97a7-2803e1baf8aa,이삭토스트,토스트,조대장미의거리 상점가,자율상권구역,광주광역시,,,
b580b66b151df4241e72,full_annotation_v1,A,q_분식_15,토스트 먹을 데,음식점 중 '분식'을 판매·제공하는 매장,test,분식,T4 구어·문장,dc9a803e-49d0-4a41-8534-11f889435106,이삭토스트,토스트,마산 구암시장,전통시장,경상남도,,,
b6412f47f6cca90c0c20,full_annotation_v1,A,q_분식_15,토스트 먹을 데,음식점 중 '분식'을 판매·제공하는 매장,test,분식,T4 구어·문장,016f68a3-c16f-467c-af96-22466baf3a6a,쉬즈베이글,토스트,읍내리 원도심 골목형상점가,골목형상점가,전라남도,,,
95d12b8e1b744088a799,full_annotation_v1,A,q_분식_15,토스트 먹을 데,음식점 중 '분식'을 판매·제공하는 매장,test,분식,T4 구어·문장,0011cf6d-567e-4c3b-b113-363daa11212a,김밥먹고 닭꼬치,,배방상점가,자율상권구역,충청남도,,,
a993147ac6493212f4b9,full_annotation_v1,A,q_분식_15,토스트 먹을 데,음식점 중 '분식'을 판매·제공하는 매장,test,분식,T4 구어·문장,a9a5dcef-dfd4-4533-8d9d-1ac236df88a6,다인토스트,토스트,안양중앙인정시장,전통시장,경기도,,,
cb6f6ecf38abaedf2ec7,full_annotation_v1,A,q_분식_15,토스트 먹을 데,음식점 중 '분식'을 판매·제공하는 매장,test,분식,T4 구어·문장,f73bb020-e06e-4c75-97a2-fb64c01ad33b,황금코다리광주용두점,코다리찜,본촌 사랑마을 골목형상점가,골목형상점가,광주광역시,,,
1d03f6d4b12c90455e13,full_annotation_v1,A,q_분식_15,토스트 먹을 데,음식점 중 '분식'을 판매·제공하는 매장,test,분식,T4 구어·문장,00ca89c2-42a8-432d-ba4b-5abd23c18ab0,계란밥,계란밥분식,시청역상가번영회 골목형상점가,골목형상점가,광주광역시,,,
67c68a605b25dbabfeba,full_annotation_v1,A,q_분식_15,토스트 먹을 데,음식점 중 '분식'을 판매·제공하는 매장,test,분식,T4 구어·문장,961a768a-e239-4f4c-b60f-007bef92f1aa,장터국밥,한식,안강공설시장,전통시장,경상북도,,,
8143aa7f416111f36058,full_annotation_v1,A,q_분식_15,토스트 먹을 데,음식점 중 '분식'을 판매·제공하는 매장,test,분식,T4 구어·문장,0a891050-80f2-4423-a5a4-fbd505f1e519,이삭토스트 대전테크노밸리점,토스트,테크노밸리 골목형상점가,골목형상점가,대전광역시,,,
37d421c91248b993b1ba,full_annotation_v1,A,q_분식_15,토스트 먹을 데,음식점 중 '분식'을 판매·제공하는 매장,test,분식,T4 구어·문장,14fd09ed-3144-4268-9e04-1105d8c1e682,다오포차,음식,쌍용먹자패션거리 골목형상점가,골목형상점가,충청남도,,,
d6ec11c3aedc98810731,full_annotation_v1,A,q_분식_15,토스트 먹을 데,음식점 중 '분식'을 판매·제공하는 매장,test,분식,T4 구어·문장,879f1844-fb01-445a-acf0-aa3b0c8d534d,이삭토스트,토스트,서문대로704번길 골목형상점가,골목형상점가,광주광역시,,,
bbb7b33eab216a2e12d6,full_annotation_v1,A,q_분식_15,토스트 먹을 데,음식점 중 '분식'을 판매·제공하는 매장,test,분식,T4 구어·문장,34f7b22e-5d0b-4275-a9c0-68b7a056f223,이삭토스트,토스트,건대로데오거리골목형상점가,골목형상점가,서울특별시,,,
9c19beb4ad42af2f8ec2,full_annotation_v1,A,q_분식_15,토스트 먹을 데,음식점 중 '분식'을 판매·제공하는 매장,test,분식,T4 구어·문장,d494ce69-3512-4b13-bf2f-a7048443f7c8,토스트 팜,토스트,담양중앙 골목형상점가,골목형상점가,전라남도,,,
5591903f5b93162adc9c,full_annotation_v1,A,q_분식_15,토스트 먹을 데,음식점 중 '분식'을 판매·제공하는 매장,test,분식,T4 구어·문장,a8df6df7-bb3a-4f36-af8f-a199692e6d83,이삭토스트태백점,토스트,태백중앙로상점가,자율상권구역,강원특별자치도,,,
de7b0e0e462fdad1423b,full_annotation_v1,A,q_분식_15,토스트 먹을 데,음식점 중 '분식'을 판매·제공하는 매장,test,분식,T4 구어·문장,34218f54-4b29-4ff5-ada0-dc0f7681ce56,프린스토스트,토스트,세종전통시장,전통시장,세종특별자치시,,,
a47ab3dcec1a9052952c,full_annotation_v1,A,q_분식_15,토스트 먹을 데,음식점 중 '분식'을 판매·제공하는 매장,test,분식,T4 구어·문장,4a0bbb0d-f2cc-4eef-943a-39446582d12a,금동이네토스트,토스트,대림시장,전통시장,서울특별시,,,
7e5cab42e8b090a98452,full_annotation_v1,A,q_분식_15,토스트 먹을 데,음식점 중 '분식'을 판매·제공하는 매장,test,분식,T4 구어·문장,3e702233-f4a9-44a6-9a7b-4cde61cd8602,역전토스트,토스트,정읍연지상점가,자율상권구역,전북특별자치도,,,
5d9f78dd6088b50aa730,full_annotation_v1,A,q_분식_15,토스트 먹을 데,음식점 중 '분식'을 판매·제공하는 매장,test,분식,T4 구어·문장,bfa0ca43-a055-4e42-8009-0e73ceeaa43c,이삭토스트,토스트,경주중심상가,전통시장,경상북도,,,
fb5ddb4c9c58f6cc686d,full_annotation_v1,A,q_분식_15,토스트 먹을 데,음식점 중 '분식'을 판매·제공하는 매장,test,분식,T4 구어·문장,2fbc0cfc-59e6-483e-a7c1-f934df63eeef,이삭토스트,토스트,풍동온누리 골목형상점가,골목형상점가,경기도,,,
d976b298ecc1f1e746e1,full_annotation_v1,A,q_분식_15,토스트 먹을 데,음식점 중 '분식'을 판매·제공하는 매장,test,분식,T4 구어·문장,b3e64d4f-deb1-4871-883b-6d67067a66ec,토스트굽는사람들,토스트,청계면 목대후문 골목형상점가,골목형상점가,전라남도,,,
6a84e1bc569e505624b9,full_annotation_v1,A,q_분식_15,토스트 먹을 데,음식점 중 '분식'을 판매·제공하는 매장,test,분식,T4 구어·문장,5e784d12-cb7a-4974-858e-a976da2caad0,고바우약국,의약품 의료기기,마천중앙시장,전통시장,서울특별시,,,
ab168152803bf8dc0d51,full_annotation_v1,A,q_분식_15,토스트 먹을 데,음식점 중 '분식'을 판매·제공하는 매장,test,분식,T4 구어·문장,005313c8-dce8-49b6-9841-9143ebb1305a,동원떡집,,박달시장,전통시장,경기도,,,
01fe4f8a6568d5af479a,full_annotation_v1,A,q_분식_15,토스트 먹을 데,음식점 중 '분식'을 판매·제공하는 매장,test,분식,T4 구어·문장,6e6af143-774d-4846-ad49-8e8ff1216e8a,이삭토스트,토스트,양북시장,전통시장,경상북도,,,
f07d6e8986f32990a34c,full_annotation_v1,A,q_분식_15,토스트 먹을 데,음식점 중 '분식'을 판매·제공하는 매장,test,분식,T4 구어·문장,4cced14f-0320-44d5-bce2-d70127efa9a3,해피토스트,토스트,구포역세권상점가,자율상권구역,부산광역시,,,
652dd68fbdb4fa309316,full_annotation_v1,A,q_분식_15,토스트 먹을 데,음식점 중 '분식'을 판매·제공하는 매장,test,분식,T4 구어·문장,7c21ff58-1dd9-41a1-b366-50610036b092,이삭토스트,토스트,흥덕 다채움 골목형 상점가,골목형상점가,경기도,,,
d91e33d3df777c596505,full_annotation_v1,A,q_분식_15,토스트 먹을 데,음식점 중 '분식'을 판매·제공하는 매장,test,분식,T4 구어·문장,b7d776e0-3599-4261-bb5c-69fec9ba139d,훈이네땅콩,"채소, 뿌리작물",부천자유시장,전통시장,경기도,,,
1fa626a6a2b1d2e4faf9,full_annotation_v1,A,q_분식_15,토스트 먹을 데,음식점 중 '분식'을 판매·제공하는 매장,test,분식,T4 구어·문장,1cb4bae3-ad95-477f-b007-329832ebd60e,석봉토스트,토스트,다비치복현로 골목형상점가,골목형상점가,대구광역시,,,
13bde1c3bd6c15bbf400,full_annotation_v1,A,q_분식_15,토스트 먹을 데,음식점 중 '분식'을 판매·제공하는 매장,test,분식,T4 구어·문장,a8e3902a-3465-4600-b191-5ea1cd45825a,이삭토스트한림대점,토스트,한림대골목형상점가,골목형상점가,강원특별자치도,,,
35a52fd7c025a778e27a,full_annotation_v1,A,q_분식_15,토스트 먹을 데,음식점 중 '분식'을 판매·제공하는 매장,test,분식,T4 구어·문장,f8260db0-d50e-4fcc-91d2-0e043e00ca7f,토스트랑,토스트,개봉중앙골목형상점가,골목형상점가,서울특별시,,,
886fd3297449040f84c2,full_annotation_v1,A,q_분식_15,토스트 먹을 데,음식점 중 '분식'을 판매·제공하는 매장,test,분식,T4 구어·문장,d52b963d-16be-4f1b-8eb7-f272f3b83979,강북토스트,토스트,수유중앙골목시장골목형상점가,골목형상점가,서울특별시,,,
a6ce2163819d1f6ce0cc,full_annotation_v1,A,q_분식_15,토스트 먹을 데,음식점 중 '분식'을 판매·제공하는 매장,test,분식,T4 구어·문장,05f6ac9d-f1a6-4680-8792-5150ad00337e,한국건어물,건어물,태화시장,전통시장,울산광역시,,,
632746c61a2631bf37df,full_annotation_v1,A,q_분식_15,토스트 먹을 데,음식점 중 '분식'을 판매·제공하는 매장,test,분식,T4 구어·문장,001bda4f-046f-44c5-b084-8de630ac405a,김밥윤,김밥 등,보람동 골목형상점가,골목형상점가,세종특별자치시,,,
6ac6774a5a77ebc6de5d,full_annotation_v1,A,q_분식_15,토스트 먹을 데,음식점 중 '분식'을 판매·제공하는 매장,test,분식,T4 구어·문장,001cb3d4-5441-4963-b517-d5b3904ee312,현창떡집,떡집,목포동부시장,전통시장,전라남도,,,
ce32b9b9ce3cbaa89440,full_annotation_v1,A,q_분식_15,토스트 먹을 데,음식점 중 '분식'을 판매·제공하는 매장,test,분식,T4 구어·문장,7162a8e5-1a46-4423-af77-58bb2ee7e5b1,해피토스트,토스트,아진상가,골목형상점가,울산광역시,,,
84943eb9d93793ee0980,full_annotation_v1,A,q_분식_15,토스트 먹을 데,음식점 중 '분식'을 판매·제공하는 매장,test,분식,T4 구어·문장,11a1c53b-1aea-4dd1-9d3e-a613bfb76cb0,요한이네 토스트,"커피, 토스트, 음료",독산동 맛나는거리 상점가,자율상권구역,서울특별시,,,
46dc912f15955e3ac583,full_annotation_v1,A,q_분식_15,토스트 먹을 데,음식점 중 '분식'을 판매·제공하는 매장,test,분식,T4 구어·문장,53fe0534-a6d9-4a0f-8898-8e185a6f5de3,토스트굽는사람들,토스트,솔올중앞골목형상점가,골목형상점가,강원특별자치도,,,
43d90568954269624524,full_annotation_v1,A,q_분식_15,토스트 먹을 데,음식점 중 '분식'을 판매·제공하는 매장,test,분식,T4 구어·문장,04b03558-95d1-4a0e-a9e2-9a9e72bdadb2,배가찐왕만두,만두,문흥2동 골목형상점가,골목형상점가,광주광역시,,,
e5e5471cc6a12eeb462b,full_annotation_v1,A,q_분식_15,토스트 먹을 데,음식점 중 '분식'을 판매·제공하는 매장,test,분식,T4 구어·문장,0018c143-a8bd-4461-a8ae-ee348edfad7a,김가네의정부중앙역점,김밥 분식 식사등,의정부시 구도심 상권활성화구역,상권활성화구역,경기도,,,
a830380fdeacedbf68fc,full_annotation_v1,A,q_분식_15,토스트 먹을 데,음식점 중 '분식'을 판매·제공하는 매장,test,분식,T4 구어·문장,bc3ce2ea-c112-4dd8-bfca-40b10f0ab716,이삭토스트,토스트,여수진남상가,자율상권구역,전라남도,,,
0ac933238adac7f97d1e,full_annotation_v1,A,q_분식_15,토스트 먹을 데,음식점 중 '분식'을 판매·제공하는 매장,test,분식,T4 구어·문장,571651a7-502f-4ba8-86c5-85ed80fd585c,참토스트,토스트,보은전통시장,전통시장,충청북도,,,
5ee25a05e8b9acbf8821,full_annotation_v1,A,q_분식_15,토스트 먹을 데,음식점 중 '분식'을 판매·제공하는 매장,test,분식,T4 구어·문장,f9221fc6-bd58-4487-9b2d-b3a020b22957,오투닭갈비&부대찌개 상봉점,한식,중랑동부시장,전통시장,서울특별시,,,
c2748f7f4f6f4e325869,full_annotation_v1,A,q_분식_15,토스트 먹을 데,음식점 중 '분식'을 판매·제공하는 매장,test,분식,T4 구어·문장,0b8ef6dc-2f6b-4707-bd73-529122d9c97a,하단떡집,떡집,하단오일상설시장,전통시장,부산광역시,,,
1d747d73216d89b0b137,full_annotation_v1,A,q_분식_15,토스트 먹을 데,음식점 중 '분식'을 판매·제공하는 매장,test,분식,T4 구어·문장,b753f8b8-41d4-4a7a-9e45-90fbbce7493b,지구토스트,토스트,큰방림길 골목형상점가,골목형상점가,광주광역시,,,
842fb0471c358d9e4d34,full_annotation_v1,A,q_분식_15,토스트 먹을 데,음식점 중 '분식'을 판매·제공하는 매장,test,분식,T4 구어·문장,0a6aed18-292c-4907-abfb-8a05817bcacb,초점 본점,일식중식,본촌 사랑마을 골목형상점가,골목형상점가,광주광역시,,,
8e50f5a6298d9d69c5c8,full_annotation_v1,A,q_분식_15,토스트 먹을 데,음식점 중 '분식'을 판매·제공하는 매장,test,분식,T4 구어·문장,00ec6d6a-b0c1-4662-b17f-9c9f059a4bcd,백암서울순대국,순대국,강서구청먹자골목골목형상점가,골목형상점가,서울특별시,,,
385391e74d0a31c9a0cb,full_annotation_v1,A,q_분식_15,토스트 먹을 데,음식점 중 '분식'을 판매·제공하는 매장,test,분식,T4 구어·문장,abf9b0a8-af7d-4fd8-873c-127805d537b0,이삭토스트,토스트,금촌문화로시장,전통시장,경기도,,,
06821da94265a0d7e30c,full_annotation_v1,A,q_분식_15,토스트 먹을 데,음식점 중 '분식'을 판매·제공하는 매장,test,분식,T4 구어·문장,aba76fc2-984e-4030-ba01-e2e7d78264c7,데 아로즈 대전둔산본점,,갈리단길 골목형상점가,골목형상점가,대전광역시,,,
2d7860601c576c92bc04,full_annotation_v1,A,q_분식_15,토스트 먹을 데,음식점 중 '분식'을 판매·제공하는 매장,test,분식,T4 구어·문장,6cf819a2-011a-4ae7-9749-c809f0724291,알찬토스트,토스트,물베기 골목형상점가,골목형상점가,대구광역시,,,
0b75aeefa2c7f1e1c3d7,full_annotation_v1,A,q_분식_15,토스트 먹을 데,음식점 중 '분식'을 판매·제공하는 매장,test,분식,T4 구어·문장,0ab4b1bd-93f1-4d46-b012-abfc9b1328dc,브라운토스트,"토스트, 음료",구즉 골목형상점가,골목형상점가,대전광역시,,,
51d11c2ae1ae6513545e,full_annotation_v1,A,q_분식_15,토스트 먹을 데,음식점 중 '분식'을 판매·제공하는 매장,test,분식,T4 구어·문장,00b5a007-bb8d-47db-963d-ccc7e93c25ac,장호덕 손만두 백석점,만두,백석한들1번가 골목형상점가,골목형상점가,충청남도,,,
de0b753a6a5034106323,full_annotation_v1,A,q_분식_15,토스트 먹을 데,음식점 중 '분식'을 판매·제공하는 매장,test,분식,T4 구어·문장,351d10a1-e526-4833-9458-ecff7b30cc1a,씨유 전대예대점,편의점,전남대 상대 골목형상점가,골목형상점가,광주광역시,,,
b425e9aff079ba0ae9a8,full_annotation_v1,A,q_분식_15,토스트 먹을 데,음식점 중 '분식'을 판매·제공하는 매장,test,분식,T4 구어·문장,791b6f45-8730-4b17-bba6-1c5e4b6bca48,캠토,토스트,법원 앞 사과마을 골목형상점가,골목형상점가,광주광역시,,,
024ff50fed6e914fcda5,full_annotation_v1,A,q_분식_15,토스트 먹을 데,음식점 중 '분식'을 판매·제공하는 매장,test,분식,T4 구어·문장,015915e3-2542-4245-b627-0c775b4c5501,한내떡집,,거제 고현시장,전통시장,경상남도,,,
db9c65fac921ce7be93a,full_annotation_v1,A,q_분식_15,토스트 먹을 데,음식점 중 '분식'을 판매·제공하는 매장,test,분식,T4 구어·문장,0075dacf-3e3f-47b8-a4af-d3a2ff866348,북툰커피앤카페,찐빵 만두 커피,신창진흥 골목형상점가,골목형상점가,광주광역시,,,
f139661b2f35da025e93,full_annotation_v1,A,q_분식_15,토스트 먹을 데,음식점 중 '분식'을 판매·제공하는 매장,test,분식,T4 구어·문장,3d4ff591-54dd-419b-8ef4-90a96e55f7f0,야키토리쇼몽 마포역점,닭꼬치,도화동상점가,자율상권구역,서울특별시,,,
b8c1c3bb4b3cf30fc87c,full_annotation_v1,A,q_분식_15,토스트 먹을 데,음식점 중 '분식'을 판매·제공하는 매장,test,분식,T4 구어·문장,00e30e6c-dde0-49cd-9e3e-95465aa4247e,동해분식,분식,서남신시장,전통시장,대구광역시,,,
8adea6bb5f6ec8121621,full_annotation_v1,A,q_분식_15,토스트 먹을 데,음식점 중 '분식'을 판매·제공하는 매장,test,분식,T4 구어·문장,0910caae-ad67-4ef3-934e-fff4c6059206,참토스트 대전학하점,토스트,계산동 골목형상점가,골목형상점가,대전광역시,,,
5962f65f16894721c2ba,full_annotation_v1,A,q_분식_15,토스트 먹을 데,음식점 중 '분식'을 판매·제공하는 매장,test,분식,T4 구어·문장,00b5a60c-c548-4ac2-8259-9bb788c0fc58,까치김밥,김밥식사류,신림별빛거리골목형상점가,골목형상점가,서울특별시,,,
419124a3bd14db35198c,full_annotation_v1,A,q_분식_15,토스트 먹을 데,음식점 중 '분식'을 판매·제공하는 매장,test,분식,T4 구어·문장,f14df4d3-9858-4a8b-8597-20fd477d8e32,갤러리 데 루치아,가구,용인어정가구단지상점가,자율상권구역,경기도,,,
248fdccdd40b1a008fa7,full_annotation_v1,A,q_분식_15,토스트 먹을 데,음식점 중 '분식'을 판매·제공하는 매장,test,분식,T4 구어·문장,b17cb17e-3b31-4baf-b964-d3d99ef66598,미광약국,의약품,경산중앙로상점가,자율상권구역,경상북도,,,
dede069310e60bf7fcd6,full_annotation_v1,A,q_분식_16,토스트 파는 곳,음식점 중 '분식'을 판매·제공하는 매장,test,분식,T4 구어·문장,17e52c14-4678-4a22-ae10-305f9c60d64c,이삭토스트가정루원시티점,토스트,루원음식문화거리,골목형상점가,인천광역시,,,
f8f2d4f108cbefc61937,full_annotation_v1,A,q_분식_16,토스트 파는 곳,음식점 중 '분식'을 판매·제공하는 매장,test,분식,T4 구어·문장,f0f57c1f-c1e2-4c1a-8a9b-7e08e0a51e2e,이삭토스트중앙점,토스트,원주중앙로문화의거리,자율상권구역,강원특별자치도,,,
8c9080bdce94467b48ec,full_annotation_v1,A,q_분식_16,토스트 파는 곳,음식점 중 '분식'을 판매·제공하는 매장,test,분식,T4 구어·문장,7162a8e5-1a46-4423-af77-58bb2ee7e5b1,해피토스트,토스트,아진상가,골목형상점가,울산광역시,,,
dcd034382fa06510b43f,full_annotation_v1,A,q_분식_16,토스트 파는 곳,음식점 중 '분식'을 판매·제공하는 매장,test,분식,T4 구어·문장,1f901d50-87f5-4410-9a23-c2fe9724598a,이삭토스트장대점,토스트,장대동패션상가 골목형상점가,골목형상점가,대전광역시,,,
7dc93ca19573f8cb3a7c,full_annotation_v1,A,q_분식_16,토스트 파는 곳,음식점 중 '분식'을 판매·제공하는 매장,test,분식,T4 구어·문장,001bda4f-046f-44c5-b084-8de630ac405a,김밥윤,김밥 등,보람동 골목형상점가,골목형상점가,세종특별자치시,,,
dd9e675c3d24106476c9,full_annotation_v1,A,q_분식_16,토스트 파는 곳,음식점 중 '분식'을 판매·제공하는 매장,test,분식,T4 구어·문장,0011cf6d-567e-4c3b-b113-363daa11212a,김밥먹고 닭꼬치,,배방상점가,자율상권구역,충청남도,,,
d197673db96748f6b789,full_annotation_v1,A,q_분식_16,토스트 파는 곳,음식점 중 '분식'을 판매·제공하는 매장,test,분식,T4 구어·문장,3064c2e9-f131-413e-8804-a1f89662d905,참토스트,토스트,하남 골목형상점가,골목형상점가,광주광역시,,,
a062272537b0714c9473,full_annotation_v1,A,q_분식_16,토스트 파는 곳,음식점 중 '분식'을 판매·제공하는 매장,test,분식,T4 구어·문장,0977d5cc-04b5-4589-8aaf-d6d0ea04dfa9,대성왕족발,족반,창녕전통시장,전통시장,경상남도,,,
13d9c54dcb203aa359ee,full_annotation_v1,A,q_분식_16,토스트 파는 곳,음식점 중 '분식'을 판매·제공하는 매장,test,분식,T4 구어·문장,00b5a007-bb8d-47db-963d-ccc7e93c25ac,장호덕 손만두 백석점,만두,백석한들1번가 골목형상점가,골목형상점가,충청남도,,,
ebfa529f774c7a87fb23,full_annotation_v1,A,q_분식_16,토스트 파는 곳,음식점 중 '분식'을 판매·제공하는 매장,test,분식,T4 구어·문장,5a16b296-499e-4617-a612-77884dc449c0,이삭토스트,토스트,노원역9번출구 골목형상점가,골목형상점가,서울특별시,,,
a151a24bf461f18229cc,full_annotation_v1,A,q_분식_16,토스트 파는 곳,음식점 중 '분식'을 판매·제공하는 매장,test,분식,T4 구어·문장,0018c143-a8bd-4461-a8ae-ee348edfad7a,김가네의정부중앙역점,김밥 분식 식사등,의정부시 구도심 상권활성화구역,상권활성화구역,경기도,,,
8e62c7df1d79ad8fe433,full_annotation_v1,A,q_분식_16,토스트 파는 곳,음식점 중 '분식'을 판매·제공하는 매장,test,분식,T4 구어·문장,29b05536-85ca-4c29-8a57-81ac12f5cc43,유명토스트,토스트,구서오시게시장,전통시장,부산광역시,,,
85c769c2a906b12b98f1,full_annotation_v1,A,q_분식_16,토스트 파는 곳,음식점 중 '분식'을 판매·제공하는 매장,test,분식,T4 구어·문장,55c321c5-abd4-4182-99af-1b678b27a6df,정토스트,토스트,청주북부시장,전통시장,충청북도,,,
8d5805f3d24cf8140580,full_annotation_v1,A,q_분식_16,토스트 파는 곳,음식점 중 '분식'을 판매·제공하는 매장,test,분식,T4 구어·문장,0e3e29e3-1841-4324-a9ea-88e6bba873d8,봉천토스트,토스트 와플,봉천달빛길골목형상점가,골목형상점가,서울특별시,,,
dde9f2ddb636db5e3bb1,full_annotation_v1,A,q_분식_16,토스트 파는 곳,음식점 중 '분식'을 판매·제공하는 매장,test,분식,T4 구어·문장,008594db-d86c-4014-bf5c-16f6cd40402d,와글와글봄소풍,김밥,다사역 골목형상점가,골목형상점가,대구광역시,,,
5098a5ebdee4253a7d36,full_annotation_v1,A,q_분식_16,토스트 파는 곳,음식점 중 '분식'을 판매·제공하는 매장,test,분식,T4 구어·문장,7c21ff58-1dd9-41a1-b366-50610036b092,이삭토스트,토스트,흥덕 다채움 골목형 상점가,골목형상점가,경기도,,,
d47a86ecc9fc361c2281,full_annotation_v1,A,q_분식_16,토스트 파는 곳,음식점 중 '분식'을 판매·제공하는 매장,test,분식,T4 구어·문장,76a3551b-dae4-4326-92cc-662015aedbfb,쉴 곳,한식,칠성로상점가,자율상권구역,제주특별자치도,,,
c1bd95f892e9f83fd211,full_annotation_v1,A,q_분식_16,토스트 파는 곳,음식점 중 '분식'을 판매·제공하는 매장,test,분식,T4 구어·문장,c7c286d3-3448-4277-91ad-8c031c520f72,길거리토스트,토스트,홍천시장(홍천구시장),전통시장,강원특별자치도,,,
6379783a5bf61d04ed9f,full_annotation_v1,A,q_분식_16,토스트 파는 곳,음식점 중 '분식'을 판매·제공하는 매장,test,분식,T4 구어·문장,b753f8b8-41d4-4a7a-9e45-90fbbce7493b,지구토스트,토스트,큰방림길 골목형상점가,골목형상점가,광주광역시,,,
75d977d9a92c9ec406df,full_annotation_v1,A,q_분식_16,토스트 파는 곳,음식점 중 '분식'을 판매·제공하는 매장,test,분식,T4 구어·문장,823d6c6a-120d-41d9-8135-b580f252a6fd,이삭토스트,토스트,강진중앙로상가,자율상권구역,전라남도,,,
34d7e83179d987d08413,full_annotation_v1,A,q_분식_16,토스트 파는 곳,음식점 중 '분식'을 판매·제공하는 매장,test,분식,T4 구어·문장,017c71f5-48d0-4cce-a370-a84d34d36658,무봉리토종순대국파주운정점,,산내마을 골목형상점가,골목형상점가,경기도,,,
49d2c5982f65e4bb86b6,full_annotation_v1,A,q_분식_16,토스트 파는 곳,음식점 중 '분식'을 판매·제공하는 매장,test,분식,T4 구어·문장,007d6b63-4e47-47fa-aaa5-6d0b5cc7280b,도토리김밥계룡엄사점,분식,엄사 골목형상점가,골목형상점가,충청남도,,,
4661dd64ab2b701f6fc2,full_annotation_v1,A,q_분식_16,토스트 파는 곳,음식점 중 '분식'을 판매·제공하는 매장,test,분식,T4 구어·문장,3ac9d5d9-24a6-4b8f-99c2-bf11e49e1b19,토피,토스트,쌍학로상인회 골목형상점가,골목형상점가,광주광역시,,,
c3ff3d5a5dfa9b7c1d1b,full_annotation_v1,A,q_분식_16,토스트 파는 곳,음식점 중 '분식'을 판매·제공하는 매장,test,분식,T4 구어·문장,34f7b22e-5d0b-4275-a9c0-68b7a056f223,이삭토스트,토스트,건대로데오거리골목형상점가,골목형상점가,서울특별시,,,
a60d35a60d00f7f36be8,full_annotation_v1,A,q_분식_16,토스트 파는 곳,음식점 중 '분식'을 판매·제공하는 매장,test,분식,T4 구어·문장,d10e55c5-2306-43af-9ce7-ec852fe87158,이삭토스트,토스트,안양1번가 상점가,자율상권구역,경기도,,,
eb501101eab5d94d961e,full_annotation_v1,A,q_분식_16,토스트 파는 곳,음식점 중 '분식'을 판매·제공하는 매장,test,분식,T4 구어·문장,723dc3b7-f79f-4866-aea0-86581998a4ee,봉순언니토스트,토스트,창원 명서시장,전통시장,경상남도,,,
e1af9df1d98102716670,full_annotation_v1,A,q_분식_16,토스트 파는 곳,음식점 중 '분식'을 판매·제공하는 매장,test,분식,T4 구어·문장,c161453d-f2c8-4b97-a2c3-a54e0cbdb7e8,생활용품 싸게 파는 집,잡화,안성중앙시장,전통시장,경기도,,,
545d7a1f9d36e5c1c740,full_annotation_v1,A,q_분식_16,토스트 파는 곳,음식점 중 '분식'을 판매·제공하는 매장,test,분식,T4 구어·문장,bfaaa2da-e587-4861-aaf1-d37a1ab737b0,이삭토스트,토스트,금촌문화로시장,전통시장,경기도,,,
fd9c248d595e2aac2601,full_annotation_v1,A,q_분식_16,토스트 파는 곳,음식점 중 '분식'을 판매·제공하는 매장,test,분식,T4 구어·문장,24ad9231-ce5e-4b7a-be0e-bee5d8e0bcf8,목화미용실,,양양전통시장,전통시장,강원특별자치도,,,
29ec0e3ef3adbade0f4f,full_annotation_v1,A,q_분식_16,토스트 파는 곳,음식점 중 '분식'을 판매·제공하는 매장,test,분식,T4 구어·문장,1cb4bae3-ad95-477f-b007-329832ebd60e,석봉토스트,토스트,다비치복현로 골목형상점가,골목형상점가,대구광역시,,,
e71678189f7889f0a79f,full_annotation_v1,A,q_분식_16,토스트 파는 곳,음식점 중 '분식'을 판매·제공하는 매장,test,분식,T4 구어·문장,016f68a3-c16f-467c-af96-22466baf3a6a,쉬즈베이글,토스트,읍내리 원도심 골목형상점가,골목형상점가,전라남도,,,
178ca52322f508f79a0a,full_annotation_v1,A,q_분식_16,토스트 파는 곳,음식점 중 '분식'을 판매·제공하는 매장,test,분식,T4 구어·문장,b3e64d4f-deb1-4871-883b-6d67067a66ec,토스트굽는사람들,토스트,청계면 목대후문 골목형상점가,골목형상점가,전라남도,,,
56caeb9306a4781c5fed,full_annotation_v1,A,q_분식_16,토스트 파는 곳,음식점 중 '분식'을 판매·제공하는 매장,test,분식,T4 구어·문장,d51366d9-e3fd-4cb7-a2f5-42ea85c622d4,캠토,토스트,장안문거북시장,전통시장,경기도,,,
0c1ce27a36d16f5cec03,full_annotation_v1,A,q_분식_16,토스트 파는 곳,음식점 중 '분식'을 판매·제공하는 매장,test,분식,T4 구어·문장,e532737f-8725-4556-a1c3-ac6b793f9667,금강제화 랜드로바 영천점,,완산상점가,자율상권구역,경상북도,,,
109993783f01149c32cc,full_annotation_v1,A,q_분식_16,토스트 파는 곳,음식점 중 '분식'을 판매·제공하는 매장,test,분식,T4 구어·문장,dc9a803e-49d0-4a41-8534-11f889435106,이삭토스트,토스트,마산 구암시장,전통시장,경상남도,,,
5d735a2bae80433d830e,full_annotation_v1,A,q_분식_16,토스트 파는 곳,음식점 중 '분식'을 판매·제공하는 매장,test,분식,T4 구어·문장,791b6f45-8730-4b17-bba6-1c5e4b6bca48,캠토,토스트,법원 앞 사과마을 골목형상점가,골목형상점가,광주광역시,,,
15766e64d37f95e5a485,full_annotation_v1,A,q_분식_16,토스트 파는 곳,음식점 중 '분식'을 판매·제공하는 매장,test,분식,T4 구어·문장,aaef4e51-9e76-45a2-868f-ded4f819e21c,해피토스트,토스트,용두동미르길골목형상점가,골목형상점가,대전광역시,,,
8a8fe16da603df21a916,full_annotation_v1,A,q_분식_16,토스트 파는 곳,음식점 중 '분식'을 판매·제공하는 매장,test,분식,T4 구어·문장,53fe0534-a6d9-4a0f-8898-8e185a6f5de3,토스트굽는사람들,토스트,솔올중앞골목형상점가,골목형상점가,강원특별자치도,,,
dc95bef8df6be73f7ec6,full_annotation_v1,A,q_분식_16,토스트 파는 곳,음식점 중 '분식'을 판매·제공하는 매장,test,분식,T4 구어·문장,00783b5c-54fd-42fc-8bcf-1ea7fce865d5,쫀득분식,분식,임방울거리3구역 골목형상점가,골목형상점가,광주광역시,,,
e6f50858345834e113f3,full_annotation_v1,A,q_분식_16,토스트 파는 곳,음식점 중 '분식'을 판매·제공하는 매장,test,분식,T4 구어·문장,b37d2464-ea32-46cf-8d24-e9170b2c14d5,참토스트세종소담점,토스트,소담마실길 골목형상점가,골목형상점가,세종특별자치시,,,
e7d2baf2e5ed3e2aa513,full_annotation_v1,A,q_분식_16,토스트 파는 곳,음식점 중 '분식'을 판매·제공하는 매장,test,분식,T4 구어·문장,00ec6d6a-b0c1-4662-b17f-9c9f059a4bcd,백암서울순대국,순대국,강서구청먹자골목골목형상점가,골목형상점가,서울특별시,,,
eaa01dc2174c5742a4fa,full_annotation_v1,A,q_분식_16,토스트 파는 곳,음식점 중 '분식'을 판매·제공하는 매장,test,분식,T4 구어·문장,6cf819a2-011a-4ae7-9749-c809f0724291,알찬토스트,토스트,물베기 골목형상점가,골목형상점가,대구광역시,,,
b1a8c03099a4445fd82c,full_annotation_v1,A,q_분식_16,토스트 파는 곳,음식점 중 '분식'을 판매·제공하는 매장,test,분식,T4 구어·문장,c3620a8b-8bc6-4151-b2f0-56b734811e7c,정가네,빵,남목전통시장,전통시장,울산광역시,,,
75539ebd2e11fe300dfb,full_annotation_v1,A,q_분식_16,토스트 파는 곳,음식점 중 '분식'을 판매·제공하는 매장,test,분식,T4 구어·문장,34218f54-4b29-4ff5-ada0-dc0f7681ce56,프린스토스트,토스트,세종전통시장,전통시장,세종특별자치시,,,
21dbed34a2ea49978bcc,full_annotation_v1,A,q_분식_16,토스트 파는 곳,음식점 중 '분식'을 판매·제공하는 매장,test,분식,T4 구어·문장,b41ac99b-b7d9-4ba2-9d20-a7633d66a792,의왕토스트,토스트,의왕도깨비시장,전통시장,경기도,,,
c0e27c669fa5ce42da3f,full_annotation_v1,A,q_분식_16,토스트 파는 곳,음식점 중 '분식'을 판매·제공하는 매장,test,분식,T4 구어·문장,31907527-6139-451f-a377-cc5a17b4ef5c,일심당시계점,귀금속시계,동대구역전시장,전통시장,대구광역시,,,
3303a1e74501a1b38bf7,full_annotation_v1,A,q_분식_16,토스트 파는 곳,음식점 중 '분식'을 판매·제공하는 매장,test,분식,T4 구어·문장,d494ce69-3512-4b13-bf2f-a7048443f7c8,토스트 팜,토스트,담양중앙 골목형상점가,골목형상점가,전라남도,,,
2238249cccfed7fbd655,full_annotation_v1,A,q_분식_16,토스트 파는 곳,음식점 중 '분식'을 판매·제공하는 매장,test,분식,T4 구어·문장,25d9e7a8-8d2b-48ac-b3aa-5fe368fcf055,노원토스트,토스트,상계중앙시장,전통시장,서울특별시,,,
b2a7008a584b842744f7,full_annotation_v1,A,q_분식_16,토스트 파는 곳,음식점 중 '분식'을 판매·제공하는 매장,test,분식,T4 구어·문장,00e9517a-1887-4acf-b072-10c7cadf9512,불닭발 땡초 동대문 엽기 떡볶이,분식,유엔남구 대학로 상권,,부산광역시,,,
a266bc7d0d416de3eb25,full_annotation_v1,A,q_분식_16,토스트 파는 곳,음식점 중 '분식'을 판매·제공하는 매장,test,분식,T4 구어·문장,a66caa12-d548-45f7-9d03-dd9ca062cdbb,민씨네토스트,토스트,의정부제일시장,전통시장,경기도,,,
e46584e45cebfa270dc2,full_annotation_v1,A,q_분식_16,토스트 파는 곳,음식점 중 '분식'을 판매·제공하는 매장,test,분식,T4 구어·문장,bc3ce2ea-c112-4dd8-bfca-40b10f0ab716,이삭토스트,토스트,여수진남상가,자율상권구역,전라남도,,,
e083c9a96ba85e71abc7,full_annotation_v1,A,q_분식_16,토스트 파는 곳,음식점 중 '분식'을 판매·제공하는 매장,test,분식,T4 구어·문장,3e702233-f4a9-44a6-9a7b-4cde61cd8602,역전토스트,토스트,정읍연지상점가,자율상권구역,전북특별자치도,,,
c97332f0584601b7ef7a,full_annotation_v1,A,q_분식_16,토스트 파는 곳,음식점 중 '분식'을 판매·제공하는 매장,test,분식,T4 구어·문장,015915e3-2542-4245-b627-0c775b4c5501,한내떡집,,거제 고현시장,전통시장,경상남도,,,
06d6b4dbfe1a6090966f,full_annotation_v1,A,q_분식_16,토스트 파는 곳,음식점 중 '분식'을 판매·제공하는 매장,test,분식,T4 구어·문장,4a0bbb0d-f2cc-4eef-943a-39446582d12a,금동이네토스트,토스트,대림시장,전통시장,서울특별시,,,
f818a215d980ef22e7a1,full_annotation_v1,A,q_분식_16,토스트 파는 곳,음식점 중 '분식'을 판매·제공하는 매장,test,분식,T4 구어·문장,aada6bd5-f29d-48fd-ab64-369bcc6bc80a,종점토스트,토스트,사근살곶이골목형상점가,골목형상점가,서울특별시,,,
44bad178e6a2c37052a0,full_annotation_v1,A,q_분식_16,토스트 파는 곳,음식점 중 '분식'을 판매·제공하는 매장,test,분식,T4 구어·문장,00e30e6c-dde0-49cd-9e3e-95465aa4247e,동해분식,분식,서남신시장,전통시장,대구광역시,,,
254553e19f7d302e92cc,full_annotation_v1,A,q_분식_16,토스트 파는 곳,음식점 중 '분식'을 판매·제공하는 매장,test,분식,T4 구어·문장,4e77e034-b231-444c-8670-4a3400c3d6ff,이삭토스트대구도원점,토스트,대곡시장,전통시장,대구광역시,,,
9089902e2d1a21bdc4f9,full_annotation_v1,A,q_분식_16,토스트 파는 곳,음식점 중 '분식'을 판매·제공하는 매장,test,분식,T4 구어·문장,f68126ee-7e4f-468a-aefc-ceecde6b5d1e,써니토스트,토스트,주막거리상점가,자율상권구역,경기도,,,
92437d26a1fce3e99f7c,full_annotation_v1,A,q_분식_16,토스트 파는 곳,음식점 중 '분식'을 판매·제공하는 매장,test,분식,T4 구어·문장,c5f79209-bb6d-47d6-9cfa-0dac0cb53db4,이삭토스트,토스트,탕정미래 골목형상점가,골목형상점가,충청남도,,,
3da0a5cefb16d63fcb90,full_annotation_v1,A,q_분식_16,토스트 파는 곳,음식점 중 '분식'을 판매·제공하는 매장,test,분식,T4 구어·문장,735eb2c7-ac22-4462-a0ca-6d8ed657beee,이삭토스트군포산본점,토스트,산본로데오거리(구 산본중심상가),자율상권구역,경기도,,,
3f1debc7d6ea4c16213e,full_annotation_v1,A,q_분식_16,토스트 파는 곳,음식점 중 '분식'을 판매·제공하는 매장,test,분식,T4 구어·문장,bf791422-7a32-4b25-9436-61b41a60f22a,"또,토스트",,매곡신천 골목형상점가,골목형상점가,울산광역시,,,
6834fa41f9b83de41aef,full_annotation_v1,A,q_분식_16,토스트 파는 곳,음식점 중 '분식'을 판매·제공하는 매장,test,분식,T4 구어·문장,064d899b-c65a-4b75-9a15-9ca1eaf707f4,이삭토스트,토스트 등,매탄중심상가 골목형상점가,골목형상점가,경기도,,,
722df5f6c3c5b83bb9b9,full_annotation_v1,A,q_분식_16,토스트 파는 곳,음식점 중 '분식'을 판매·제공하는 매장,test,분식,T4 구어·문장,11a1c53b-1aea-4dd1-9d3e-a613bfb76cb0,요한이네 토스트,"커피, 토스트, 음료",독산동 맛나는거리 상점가,자율상권구역,서울특별시,,,
6bf3a2ba850ecfd4039a,full_annotation_v1,A,q_분식_16,토스트 파는 곳,음식점 중 '분식'을 판매·제공하는 매장,test,분식,T4 구어·문장,3111d5eb-e6f7-4044-acc1-2cbbcad2c5ba,상도수산,어패류,해남읍5일시장,전통시장,전라남도,,,
426d7abc7a4c0c6c8f16,full_annotation_v1,A,q_분식_16,토스트 파는 곳,음식점 중 '분식'을 판매·제공하는 매장,test,분식,T4 구어·문장,9669d3c3-9aac-4389-82c4-5558ebead83c,입터진토스트,토스트,점촌역전상점가,자율상권구역,경상북도,,,
69a8c4df1391a32795e4,full_annotation_v1,A,q_분식_16,토스트 파는 곳,음식점 중 '분식'을 판매·제공하는 매장,test,분식,T4 구어·문장,f5ffa8a6-3205-49fc-97a7-2803e1baf8aa,이삭토스트,토스트,조대장미의거리 상점가,자율상권구역,광주광역시,,,
dfed3bf49131a320d5bf,full_annotation_v1,A,q_분식_16,토스트 파는 곳,음식점 중 '분식'을 판매·제공하는 매장,test,분식,T4 구어·문장,6e6af143-774d-4846-ad49-8e8ff1216e8a,이삭토스트,토스트,양북시장,전통시장,경상북도,,,
d0a38de3cf552c6663ec,full_annotation_v1,A,q_분식_16,토스트 파는 곳,음식점 중 '분식'을 판매·제공하는 매장,test,분식,T4 구어·문장,f2b80a63-fb33-456e-ae44-7f56542893ea,이삭,토스트,괴정가장로 골목형상점가,골목형상점가,대전광역시,,,
aa1d82a2f5641f45ee3d,full_annotation_v1,A,q_분식_16,토스트 파는 곳,음식점 중 '분식'을 판매·제공하는 매장,test,분식,T4 구어·문장,fa53cb59-b08f-47b6-815e-39fe4d9240c0,가꿈헤어바이제이,헤어,마산 경민인터빌상가,전통시장,경상남도,,,
56e37f144b83d140b08f,full_annotation_v1,A,q_분식_16,토스트 파는 곳,음식점 중 '분식'을 판매·제공하는 매장,test,분식,T4 구어·문장,4719392b-3d25-45d0-9682-e7944d98f0db,목포상회,젓갈,해남읍5일시장,전통시장,전라남도,,,
3661ced91b58cc924700,full_annotation_v1,A,q_분식_16,토스트 파는 곳,음식점 중 '분식'을 판매·제공하는 매장,test,분식,T4 구어·문장,00ca89c2-42a8-432d-ba4b-5abd23c18ab0,계란밥,계란밥분식,시청역상가번영회 골목형상점가,골목형상점가,광주광역시,,,
acb475dd8e0a6a7bbada,full_annotation_v1,A,q_분식_16,토스트 파는 곳,음식점 중 '분식'을 판매·제공하는 매장,test,분식,T4 구어·문장,e3bc1b64-cd2f-4464-b19b-f84fc0880053,이삭토스트,토스트,효행구봉담상점가,골목형상점가,경기도,,,
a5e7e772a8f2efc9fd5d,full_annotation_v1,A,q_분식_16,토스트 파는 곳,음식점 중 '분식'을 판매·제공하는 매장,test,분식,T4 구어·문장,cb7f488f-df80-422b-8329-0133d6512dd0,이삭토스트,토스트,광교매탄 골목형상점가,골목형상점가,경기도,,,
04d8c1cbcc802114337f,full_annotation_v1,A,q_분식_16,토스트 파는 곳,음식점 중 '분식'을 판매·제공하는 매장,test,분식,T4 구어·문장,35486530-0d97-4a35-a6ee-0c6b3395eebc,포도포차,한식,촬영소사거리골목형상점가,골목형상점가,서울특별시,,,
741416d76b0c40d89157,full_annotation_v1,A,q_분식_16,토스트 파는 곳,음식점 중 '분식'을 판매·제공하는 매장,test,분식,T4 구어·문장,abf9b0a8-af7d-4fd8-873c-127805d537b0,이삭토스트,토스트,금촌문화로시장,전통시장,경기도,,,
5edd06e944bb0c62f553,full_annotation_v1,A,q_분식_16,토스트 파는 곳,음식점 중 '분식'을 판매·제공하는 매장,test,분식,T4 구어·문장,e14a35ef-257b-4998-9fa3-d997baebd199,캠토토스트,토스트,직산읍삼은1번가골목형상점가,골목형상점가,충청남도,,,
b91a17d4bbc0df209e85,full_annotation_v1,A,q_분식_16,토스트 파는 곳,음식점 중 '분식'을 판매·제공하는 매장,test,분식,T4 구어·문장,f8260db0-d50e-4fcc-91d2-0e043e00ca7f,토스트랑,토스트,개봉중앙골목형상점가,골목형상점가,서울특별시,,,
ff79dcacb991b7df4e7a,full_annotation_v1,A,q_분식_16,토스트 파는 곳,음식점 중 '분식'을 판매·제공하는 매장,test,분식,T4 구어·문장,571651a7-502f-4ba8-86c5-85ed80fd585c,참토스트,토스트,보은전통시장,전통시장,충청북도,,,
fefae12a4df043f06def,full_annotation_v1,A,q_분식_16,토스트 파는 곳,음식점 중 '분식'을 판매·제공하는 매장,test,분식,T4 구어·문장,2fbc0cfc-59e6-483e-a7c1-f934df63eeef,이삭토스트,토스트,풍동온누리 골목형상점가,골목형상점가,경기도,,,
4bf365e2f32636328775,full_annotation_v1,A,q_분식_16,토스트 파는 곳,음식점 중 '분식'을 판매·제공하는 매장,test,분식,T4 구어·문장,59ad0290-ff96-4043-bc7a-3b09f96f6951,토스트잇,토스트,낙낙별길골목형상점가,골목형상점가,서울특별시,,,
ad553336bec024a2e7f6,full_annotation_v1,A,q_분식_16,토스트 파는 곳,음식점 중 '분식'을 판매·제공하는 매장,test,분식,T4 구어·문장,24456103-f6b8-46af-8655-82e61d7265d8,커피가 머무르는 곳,커피,반드레길골목형상점가,골목형상점가,서울특별시,,,
0a60eb2e32b5bac22de1,full_annotation_v1,A,q_분식_16,토스트 파는 곳,음식점 중 '분식'을 판매·제공하는 매장,test,분식,T4 구어·문장,89699db0-c7a6-413d-a6d7-aa9740300d49,토스트클럽,토스트,마산 창동통합상가,자율상권구역,경상남도,,,
0ca2c99291b1842ae89e,full_annotation_v1,A,q_분식_16,토스트 파는 곳,음식점 중 '분식'을 판매·제공하는 매장,test,분식,T4 구어·문장,1b128e05-d801-4a7d-aa66-b6816d03843b,반딧불청과,과일,경산중앙상점가,자율상권구역,경상북도,,,
b15814f3af40faaff49f,full_annotation_v1,A,q_분식_16,토스트 파는 곳,음식점 중 '분식'을 판매·제공하는 매장,test,분식,T4 구어·문장,0239c4e7-2ae3-4f29-8952-19c6d9d1d9a9,세번째집,순대국밥,성환이화시장,전통시장,충청남도,,,
75afe4a62474ca725cbf,full_annotation_v1,A,q_분식_16,토스트 파는 곳,음식점 중 '분식'을 판매·제공하는 매장,test,분식,T4 구어·문장,a82f96f8-46ac-4c42-8da8-8ad641026ce3,숄트,의류,부산자유시장,전통시장,부산광역시,,,
1af0907105578bd7c034,full_annotation_v1,A,q_분식_16,토스트 파는 곳,음식점 중 '분식'을 판매·제공하는 매장,test,분식,T4 구어·문장,0b8ef6dc-2f6b-4707-bd73-529122d9c97a,하단떡집,떡집,하단오일상설시장,전통시장,부산광역시,,,
ae559eef28b5181cce2a,full_annotation_v1,A,q_분식_16,토스트 파는 곳,음식점 중 '분식'을 판매·제공하는 매장,test,분식,T4 구어·문장,04c905ba-3172-4ea4-a6dd-4345d674dea0,덕순이네,제조업(떡집),장터길 골목형상점가,골목형상점가,경기도,,,
17eb3bbc2987daeb4e66,full_annotation_v1,A,q_분식_16,토스트 파는 곳,음식점 중 '분식'을 판매·제공하는 매장,test,분식,T4 구어·문장,f0c8a0c8-20b4-429f-bbe6-9949b0985eb6,이삭토스트,토스트,봉일천전통시장,전통시장,경기도,,,
5d304c74116e5f8fb4bc,full_annotation_v1,A,q_분식_16,토스트 파는 곳,음식점 중 '분식'을 판매·제공하는 매장,test,분식,T4 구어·문장,005313c8-dce8-49b6-9841-9143ebb1305a,동원떡집,,박달시장,전통시장,경기도,,,
8e563628a63d8164187a,full_annotation_v1,A,q_분식_16,토스트 파는 곳,음식점 중 '분식'을 판매·제공하는 매장,test,분식,T4 구어·문장,01853453-69ac-4f55-9cd8-09e40088ab59,가마솥왕만두,만두,울산번개시장,전통시장,울산광역시,,,
a20f49b7856b91899086,full_annotation_v1,A,q_분식_16,토스트 파는 곳,음식점 중 '분식'을 판매·제공하는 매장,test,분식,T4 구어·문장,00e34fb5-e7d3-43aa-b574-400ee31abae5,은혜만두,만두,북동 골목형상점가,골목형상점가,광주광역시,,,
7ee52947183d61b52148,full_annotation_v1,A,q_분식_16,토스트 파는 곳,음식점 중 '분식'을 판매·제공하는 매장,test,분식,T4 구어·문장,00719699-eb0c-4473-bda9-7a16eace345e,봉식이옛날왕만두,만두,삼익 골목형상점가,골목형상점가,서울특별시,,,
c3dfc5500ce5e4b709b5,full_annotation_v1,A,q_분식_16,토스트 파는 곳,음식점 중 '분식'을 판매·제공하는 매장,test,분식,T4 구어·문장,00b5a60c-c548-4ac2-8259-9bb788c0fc58,까치김밥,김밥식사류,신림별빛거리골목형상점가,골목형상점가,서울특별시,,,
a01ee35afd0a8e8ceb9f,full_annotation_v1,A,q_분식_16,토스트 파는 곳,음식점 중 '분식'을 판매·제공하는 매장,test,분식,T4 구어·문장,0075dacf-3e3f-47b8-a4af-d3a2ff866348,북툰커피앤카페,찐빵 만두 커피,신창진흥 골목형상점가,골목형상점가,광주광역시,,,
02004b89145041be70bd,full_annotation_v1,A,q_분식_16,토스트 파는 곳,음식점 중 '분식'을 판매·제공하는 매장,test,분식,T4 구어·문장,3013157f-f6af-410b-bd85-835da2901559,이삭토스트안산선부점,토스트,선부광장로상점가,자율상권구역,경기도,,,
0a23babba8a78cbe4f15,full_annotation_v1,A,q_분식_16,토스트 파는 곳,음식점 중 '분식'을 판매·제공하는 매장,test,분식,T4 구어·문장,879f1844-fb01-445a-acf0-aa3b0c8d534d,이삭토스트,토스트,서문대로704번길 골목형상점가,골목형상점가,광주광역시,,,
0a9a3ab277551d6b2519,full_annotation_v1,A,q_분식_16,토스트 파는 곳,음식점 중 '분식'을 판매·제공하는 매장,test,분식,T4 구어·문장,bfa0ca43-a055-4e42-8009-0e73ceeaa43c,이삭토스트,토스트,경주중심상가,전통시장,경상북도,,,
88b0e19d86411357a632,full_annotation_v1,A,q_분식_16,토스트 파는 곳,음식점 중 '분식'을 판매·제공하는 매장,test,분식,T4 구어·문장,04a91b86-3405-4f8d-b0b8-eac86f3907c4,연지동토스트,커피토스트,연지시장,전통시장,부산광역시,,,
711555dec2c7b2039191,full_annotation_v1,A,q_분식_16,토스트 파는 곳,음식점 중 '분식'을 판매·제공하는 매장,test,분식,T4 구어·문장,02f03161-3a15-416f-bdd6-8ad5bd17781d,시골참순대,,관저동 먹자골목 골목형상점가,골목형상점가,대전광역시,,,
4a670cc557425b37be82,full_annotation_v1,A,q_분식_16,토스트 파는 곳,음식점 중 '분식'을 판매·제공하는 매장,test,분식,T4 구어·문장,d238fa62-8188-4122-a9b5-a2479f7a841d,석봉토스트,토스트,대현프리몰 대구점,일반지하상점가,대구광역시,,,
cb8f90c342a5be610fb1,full_annotation_v1,A,q_분식_16,토스트 파는 곳,음식점 중 '분식'을 판매·제공하는 매장,test,분식,T4 구어·문장,055b0501-9678-421c-9b8d-2994754df728,캠토토스트 계룡대실점,토스트,두마면 대실골목형상점가,골목형상점가,충청남도,,,
ce314900e7c509dcb4c9,full_annotation_v1,A,q_분식_16,토스트 파는 곳,음식점 중 '분식'을 판매·제공하는 매장,test,분식,T4 구어·문장,c111ac9d-3f3a-405c-a8db-4d127ccda9e2,행복이 있는 곳,잡화,제주로얄쇼핑센터,자율상권구역,제주특별자치도,,,
a26120f13deac1479206,full_annotation_v1,A,q_분식_16,토스트 파는 곳,음식점 중 '분식'을 판매·제공하는 매장,test,분식,T4 구어·문장,d52b963d-16be-4f1b-8eb7-f272f3b83979,강북토스트,토스트,수유중앙골목시장골목형상점가,골목형상점가,서울특별시,,,
7db49c3771d66187767d,full_annotation_v1,A,q_분식_16,토스트 파는 곳,음식점 중 '분식'을 판매·제공하는 매장,test,분식,T4 구어·문장,98fa1cbe-3566-483a-ad8a-0c5014d57659,해피토스트,토스트,안동광석거리 골목형상점가,골목형상점가,경상북도,,,
37ba3a992a23c15ab740,full_annotation_v1,A,q_분식_16,토스트 파는 곳,음식점 중 '분식'을 판매·제공하는 매장,test,분식,T4 구어·문장,024c1f10-1fe0-4be3-8bde-6465f5cd8c43,오늘은 떡볶이,"떡볶이, 튀김, 순대 등",석촌시장,전통시장,서울특별시,,,
9b2ae1d2bca3343b9293,full_annotation_v1,A,q_분식_16,토스트 파는 곳,음식점 중 '분식'을 판매·제공하는 매장,test,분식,T4 구어·문장,7670dbad-2255-4570-8c5c-28dc32150760,샌토락,토스트,금왕중심골목형상점가,골목형상점가,충청북도,,,
6e2bd41f1efb3dd54792,full_annotation_v1,A,q_분식_16,토스트 파는 곳,음식점 중 '분식'을 판매·제공하는 매장,test,분식,T4 구어·문장,f61ed7fe-ce33-45e1-bc20-89b513b1168f,이삭토스트디오션점,토스트,철길공원 골목형상점가,골목형상점가,전북특별자치도,,,
9de202007cb3b61345d4,full_annotation_v1,A,q_분식_16,토스트 파는 곳,음식점 중 '분식'을 판매·제공하는 매장,test,분식,T4 구어·문장,001cb3d4-5441-4963-b517-d5b3904ee312,현창떡집,떡집,목포동부시장,전통시장,전라남도,,,
663e07d0ce51f1706e0f,full_annotation_v1,A,q_분식_16,토스트 파는 곳,음식점 중 '분식'을 판매·제공하는 매장,test,분식,T4 구어·문장,7d2264da-5ceb-4179-a616-cf9613a693d3,냥냥토스트,토스트,진해 군항상권활성화구역,상권활성화구역,경상남도,,,
5eb4bfca549ce3841248,full_annotation_v1,A,q_분식_16,토스트 파는 곳,음식점 중 '분식'을 판매·제공하는 매장,test,분식,T4 구어·문장,2743811c-5e71-4d2b-aa75-1b0147d44f2d,사우 꽃이 피는 곳,꽃,김포 풍년마을 골목형상점가,골목형상점가,경기도,,,
9bafdcf5776bd72e97df,full_annotation_v1,A,q_분식_16,토스트 파는 곳,음식점 중 '분식'을 판매·제공하는 매장,test,분식,T4 구어·문장,045215f0-9db0-4054-8c69-702841941f01,문토스트용호점,카페토스트,용호1동골목시장,전통시장,부산광역시,,,
751cdec526e2182a0e28,full_annotation_v1,A,q_분식_16,토스트 파는 곳,음식점 중 '분식'을 판매·제공하는 매장,test,분식,T4 구어·문장,04b03558-95d1-4a0e-a9e2-9a9e72bdadb2,배가찐왕만두,만두,문흥2동 골목형상점가,골목형상점가,광주광역시,,,
8c5d908e9ad4691181dc,full_annotation_v1,A,q_분식_16,토스트 파는 곳,음식점 중 '분식'을 판매·제공하는 매장,test,분식,T4 구어·문장,4cced14f-0320-44d5-bce2-d70127efa9a3,해피토스트,토스트,구포역세권상점가,자율상권구역,부산광역시,,,
dabad496af5bae9b63a0,full_annotation_v1,A,q_분식_16,토스트 파는 곳,음식점 중 '분식'을 판매·제공하는 매장,test,분식,T4 구어·문장,0f29effd-5a92-40a3-997e-eb7a5cb4aa38,아귀한가득,한식,성황당길골목형상점가,골목형상점가,서울특별시,,,
fa2232b4b72358aa2341,full_annotation_v1,A,q_분식_16,토스트 파는 곳,음식점 중 '분식'을 판매·제공하는 매장,test,분식,T4 구어·문장,7499b797-76ed-404c-823f-9c7574bdfe2f,그린조이 대연점,남녀의류,대연중앙골목시장 골목형상점가,골목형상점가,부산광역시,,,
ad53f7ba024e14206efc,full_annotation_v1,A,q_분식_16,토스트 파는 곳,음식점 중 '분식'을 판매·제공하는 매장,test,분식,T4 구어·문장,0ab4b1bd-93f1-4d46-b012-abfc9b1328dc,브라운토스트,"토스트, 음료",구즉 골목형상점가,골목형상점가,대전광역시,,,
d034abba038924cdcc09,full_annotation_v1,A,q_분식_16,토스트 파는 곳,음식점 중 '분식'을 판매·제공하는 매장,test,분식,T4 구어·문장,ff6b8626-c069-47f1-98c9-fd4193dbc11a,골목 토스트,토스트,지범골목먹거리타운 골목형상점가,골목형상점가,대구광역시,,,
29bf853cf2cb4ef13d96,full_annotation_v1,A,q_분식_16,토스트 파는 곳,음식점 중 '분식'을 판매·제공하는 매장,test,분식,T4 구어·문장,a8df6df7-bb3a-4f36-af8f-a199692e6d83,이삭토스트태백점,토스트,태백중앙로상점가,자율상권구역,강원특별자치도,,,
0b983ba538423979c7fe,full_annotation_v1,A,q_분식_16,토스트 파는 곳,음식점 중 '분식'을 판매·제공하는 매장,test,분식,T4 구어·문장,ed8d3221-3454-4e70-8978-c4d99c1e5883,유성별,커피 음료,안녕마을골목형상점가,골목형상점가,대전광역시,,,
16c15097556670fa0728,full_annotation_v1,A,q_분식_16,토스트 파는 곳,음식점 중 '분식'을 판매·제공하는 매장,test,분식,T4 구어·문장,2bbe3ee4-ac92-47d0-a700-a92c251bb3b2,리앤헤어,미용,용정 골목형상점가,골목형상점가,대전광역시,,,
9ec3a3d309e0764b1a81,full_annotation_v1,A,q_분식_16,토스트 파는 곳,음식점 중 '분식'을 판매·제공하는 매장,test,분식,T4 구어·문장,0910caae-ad67-4ef3-934e-fff4c6059206,참토스트 대전학하점,토스트,계산동 골목형상점가,골목형상점가,대전광역시,,,
249fddbb55f6cc799ba8,full_annotation_v1,A,q_분식_16,토스트 파는 곳,음식점 중 '분식'을 판매·제공하는 매장,test,분식,T4 구어·문장,0a891050-80f2-4423-a5a4-fbd505f1e519,이삭토스트 대전테크노밸리점,토스트,테크노밸리 골목형상점가,골목형상점가,대전광역시,,,
323675995bafca026a7d,full_annotation_v1,A,q_분식_16,토스트 파는 곳,음식점 중 '분식'을 판매·제공하는 매장,test,분식,T4 구어·문장,25c23caf-9b44-4498-aedc-b4e2e87995e7,GS25동천호반점,편의식품,동천동먹자골목1번가상인회 골목형상점가,골목형상점가,광주광역시,,,
dbe61abcc503fa5308b1,full_annotation_v1,A,q_분식_16,토스트 파는 곳,음식점 중 '분식'을 판매·제공하는 매장,test,분식,T4 구어·문장,0012a3b4-64a1-440c-a76e-f2be12a2f086,튀김집,분식,두암시장주변 골목형상점가,골목형상점가,광주광역시,,,
938800e332d238ff6702,full_annotation_v1,A,q_분식_16,토스트 파는 곳,음식점 중 '분식'을 판매·제공하는 매장,test,분식,T4 구어·문장,a9a5dcef-dfd4-4533-8d9d-1ac236df88a6,다인토스트,토스트,안양중앙인정시장,전통시장,경기도,,,
8176313e0faf348ab387,full_annotation_v1,A,q_분식_17,분식추천,음식점 중 '분식'을 판매·제공하는 매장,test,분식,T6 기계변형,02f03161-3a15-416f-bdd6-8ad5bd17781d,시골참순대,,관저동 먹자골목 골목형상점가,골목형상점가,대전광역시,,,
59852fe2e75897d16650,full_annotation_v1,A,q_분식_17,분식추천,음식점 중 '분식'을 판매·제공하는 매장,test,분식,T6 기계변형,bfc89c67-bd0c-4240-ba7c-e8c8748f4541,S-OIL지산주유소,유류,금메달 양산택지로 골목형상점가,골목형상점가,광주광역시,,,
023a0c7b2c589c4a4872,full_annotation_v1,A,q_분식_17,분식추천,음식점 중 '분식'을 판매·제공하는 매장,test,분식,T6 기계변형,005313c8-dce8-49b6-9841-9143ebb1305a,동원떡집,,박달시장,전통시장,경기도,,,
6c6e2d7f23e57d160cab,full_annotation_v1,A,q_분식_17,분식추천,음식점 중 '분식'을 판매·제공하는 매장,test,분식,T6 기계변형,00ca89c2-42a8-432d-ba4b-5abd23c18ab0,계란밥,계란밥분식,시청역상가번영회 골목형상점가,골목형상점가,광주광역시,,,
7c4e2b9b85a306aaa073,full_annotation_v1,A,q_분식_17,분식추천,음식점 중 '분식'을 판매·제공하는 매장,test,분식,T6 기계변형,52aa21c7-93f0-4310-8077-d8e649c46a94,홍군튀떡,분식,송죽솔대 골목형상점가,골목형상점가,경기도,,,
ff33f33ff64a85dadf65,full_annotation_v1,A,q_분식_17,분식추천,음식점 중 '분식'을 판매·제공하는 매장,test,분식,T6 기계변형,0239c4e7-2ae3-4f29-8952-19c6d9d1d9a9,세번째집,순대국밥,성환이화시장,전통시장,충청남도,,,
d0bac4ff507bd88c09d9,full_annotation_v1,A,q_분식_17,분식추천,음식점 중 '분식'을 판매·제공하는 매장,test,분식,T6 기계변형,064d899b-c65a-4b75-9a15-9ca1eaf707f4,이삭토스트,토스트 등,매탄중심상가 골목형상점가,골목형상점가,경기도,,,
e84b68911cece92a9744,full_annotation_v1,A,q_분식_17,분식추천,음식점 중 '분식'을 판매·제공하는 매장,test,분식,T6 기계변형,650fb1c8-2fb9-4884-9010-f52f0279d69c,담안분식,분식,창원 대동그린코아상가,전통시장,경상남도,,,
f59af33d3ab4a83aa894,full_annotation_v1,A,q_분식_17,분식추천,음식점 중 '분식'을 판매·제공하는 매장,test,분식,T6 기계변형,8ff56fdf-334f-437c-93d0-38aafb654db0,평화사,자동차 전문 수리업,촬영소사거리골목형상점가,골목형상점가,서울특별시,,,
6d004f01a08bfee3f4b0,full_annotation_v1,A,q_분식_17,분식추천,음식점 중 '분식'을 판매·제공하는 매장,test,분식,T6 기계변형,3dbcfc1a-c288-41f4-8889-e707195917db,붕떡붕떡,분식,거북시장,전통시장,인천광역시,,,
82c3860456f3e523fd28,full_annotation_v1,A,q_분식_17,분식추천,음식점 중 '분식'을 판매·제공하는 매장,test,분식,T6 기계변형,dc303945-91d5-43cd-b49e-7d1d86258f18,한닢김밥,분식,이충 중심상가,골목형상점가,경기도,,,
1a24f77a9df57f1f3961,full_annotation_v1,A,q_분식_17,분식추천,음식점 중 '분식'을 판매·제공하는 매장,test,분식,T6 기계변형,00b5a60c-c548-4ac2-8259-9bb788c0fc58,까치김밥,김밥식사류,신림별빛거리골목형상점가,골목형상점가,서울특별시,,,
25af59af4fca4029da9b,full_annotation_v1,A,q_분식_17,분식추천,음식점 중 '분식'을 판매·제공하는 매장,test,분식,T6 기계변형,93896569-1f05-47ad-ae55-34977c81045b,튀겨볶아,분식,신기시장,전통시장,인천광역시,,,
0e79767ebd5f77d8d792,full_annotation_v1,A,q_분식_17,분식추천,음식점 중 '분식'을 판매·제공하는 매장,test,분식,T6 기계변형,0fcc963f-9fc4-4a48-bffb-1c69a5f196e1,효분식,분식,제천중앙시장,전통시장,충청북도,,,
84b7a613db06d6aa7fa3,full_annotation_v1,A,q_분식_17,분식추천,음식점 중 '분식'을 판매·제공하는 매장,test,분식,T6 기계변형,017c71f5-48d0-4cce-a370-a84d34d36658,무봉리토종순대국파주운정점,,산내마을 골목형상점가,골목형상점가,경기도,,,
d96bdb268736bafbc847,full_annotation_v1,A,q_분식_17,분식추천,음식점 중 '분식'을 판매·제공하는 매장,test,분식,T6 기계변형,a436b823-7a8f-47c0-9cca-a978434732b6,장안생소금구이,한식,촬영소사거리골목형상점가,골목형상점가,서울특별시,,,
14cc2adaa839a68dffcd,full_annotation_v1,A,q_분식_17,분식추천,음식점 중 '분식'을 판매·제공하는 매장,test,분식,T6 기계변형,00783b5c-54fd-42fc-8bcf-1ea7fce865d5,쫀득분식,분식,임방울거리3구역 골목형상점가,골목형상점가,광주광역시,,,
8688df745b3ebd5a477b,full_annotation_v1,A,q_분식_17,분식추천,음식점 중 '분식'을 판매·제공하는 매장,test,분식,T6 기계변형,de2cdf93-937c-4615-ab37-474c9e033e9f,까동,분식,전남대 상대 골목형상점가,골목형상점가,광주광역시,,,
c53c05cab9b7bf68a1d5,full_annotation_v1,A,q_분식_17,분식추천,음식점 중 '분식'을 판매·제공하는 매장,test,분식,T6 기계변형,cf82f373-6244-4a20-9da1-80008e63b3e9,분식방위대,,소촌골 골목형상점가,골목형상점가,,,,
fc3bbca603355155a0b3,full_annotation_v1,A,q_분식_17,분식추천,음식점 중 '분식'을 판매·제공하는 매장,test,분식,T6 기계변형,04a91b86-3405-4f8d-b0b8-eac86f3907c4,연지동토스트,커피토스트,연지시장,전통시장,부산광역시,,,
6c2374f084bfe62d41b2,full_annotation_v1,A,q_분식_17,분식추천,음식점 중 '분식'을 판매·제공하는 매장,test,분식,T6 기계변형,00e34fb5-e7d3-43aa-b574-400ee31abae5,은혜만두,만두,북동 골목형상점가,골목형상점가,광주광역시,,,
b7fdb8875dc2f4bc97e0,full_annotation_v1,A,q_분식_17,분식추천,음식점 중 '분식'을 판매·제공하는 매장,test,분식,T6 기계변형,e9e1526d-84e2-47f8-8a8a-a4b1a196efd9,광판팔뚝김밥,분식,태영타운 골목형상점가,골목형상점가,경기도,,,
84d1484bd3bcb111e932,full_annotation_v1,A,q_분식_17,분식추천,음식점 중 '분식'을 판매·제공하는 매장,test,분식,T6 기계변형,22ec6920-38b7-4d76-ac8c-f8ef74779d55,꿈떡분식,분식,산울림 골목형상점가,골목형상점가,세종특별자치시,,,
fdc2d7ccbbd322ecfdab,full_annotation_v1,A,q_분식_17,분식추천,음식점 중 '분식'을 판매·제공하는 매장,test,분식,T6 기계변형,055b0501-9678-421c-9b8d-2994754df728,캠토토스트 계룡대실점,토스트,두마면 대실골목형상점가,골목형상점가,충청남도,,,
0134ab64d7b9c6dd13ec,full_annotation_v1,A,q_분식_17,분식추천,음식점 중 '분식'을 판매·제공하는 매장,test,분식,T6 기계변형,22a939a5-dd57-476c-acd5-4c40c7b522a6,어닝바,분식,중랑동부시장,전통시장,서울특별시,,,
3c7dae958feaa1b4f241,full_annotation_v1,A,q_분식_17,분식추천,음식점 중 '분식'을 판매·제공하는 매장,test,분식,T6 기계변형,d8de171b-d3a1-4151-84f2-7505c1532523,(유)소이 엘마트리더트레이더스,,서동시장(창인시장),전통시장,전북특별자치도,,,
861bce20f7055ea36b8b,full_annotation_v1,A,q_분식_17,분식추천,음식점 중 '분식'을 판매·제공하는 매장,test,분식,T6 기계변형,01853453-69ac-4f55-9cd8-09e40088ab59,가마솥왕만두,만두,울산번개시장,전통시장,울산광역시,,,
c9b1d7b4438f68ac84a5,full_annotation_v1,A,q_분식_17,분식추천,음식점 중 '분식'을 판매·제공하는 매장,test,분식,T6 기계변형,ae27f1d5-4791-43a7-b4d7-104dfcf5a5ed,분식하우스,분식,오정시장,전통시장,경기도,,,
40a3c4dd1f34527696ac,full_annotation_v1,A,q_분식_17,분식추천,음식점 중 '분식'을 판매·제공하는 매장,test,분식,T6 기계변형,08fd525f-a0ac-4e8c-96f9-bc40a4eaf842,분식맘,분식,금호공설시장,전통시장,경상북도,,,
461928482f1b66cd43e1,full_annotation_v1,A,q_분식_17,분식추천,음식점 중 '분식'을 판매·제공하는 매장,test,분식,T6 기계변형,c98d1188-27a4-4da1-af5f-dc09c88050cd,알파 하단점,문구,하단자율상권구역,기타,부산광역시,,,
e333c54632d01097f521,full_annotation_v1,A,q_분식_17,분식추천,음식점 중 '분식'을 판매·제공하는 매장,test,분식,T6 기계변형,faf1dbfa-d687-48a9-af15-dbd98d06e2e5,레디오스타,한식,전주동문상점가,자율상권구역,전북특별자치도,,,
3e2cf7ae116ea4c6138e,full_annotation_v1,A,q_분식_17,분식추천,음식점 중 '분식'을 판매·제공하는 매장,test,분식,T6 기계변형,df015364-597c-44c7-8021-b5b992e7cc69,요가그린움,요가,용두마을길 골목형상점가,골목형상점가,광주광역시,,,
1d56ae3f7b7c6864cbc6,full_annotation_v1,A,q_분식_17,분식추천,음식점 중 '분식'을 판매·제공하는 매장,test,분식,T6 기계변형,016f68a3-c16f-467c-af96-22466baf3a6a,쉬즈베이글,토스트,읍내리 원도심 골목형상점가,골목형상점가,전라남도,,,
5ac4b98af411e2b8da96,full_annotation_v1,A,q_분식_17,분식추천,음식점 중 '분식'을 판매·제공하는 매장,test,분식,T6 기계변형,5f2020b6-aa86-4f18-a592-ab461df6c372,웰츠분식,분식,웰츠타워 골목형상점가,골목형상점가,울산광역시,,,
7fcc50e6de31fe72b8de,full_annotation_v1,A,q_분식_17,분식추천,음식점 중 '분식'을 판매·제공하는 매장,test,분식,T6 기계변형,52bae579-263d-479e-a46d-2ec326936756,핫떡,분식,방학동도깨비시장,전통시장,서울특별시,,,
675a8ea84b608c0dab7d,full_annotation_v1,A,q_분식_17,분식추천,음식점 중 '분식'을 판매·제공하는 매장,test,분식,T6 기계변형,5685c308-f211-4e30-a88f-3bb6e98a8789,치킨마루,치킨,동백 이음길 골목형상점가,골목형상점가,경기도,,,
09c400cdb41203f34193,full_annotation_v1,A,q_분식_17,분식추천,음식점 중 '분식'을 판매·제공하는 매장,test,분식,T6 기계변형,7a736fc8-7e84-4cd5-a4d7-f9a5a0238d1f,커피허유,분식,해미읍성전통시장,전통시장,충청남도,,,
49951bdd1ee703d5baff,full_annotation_v1,A,q_분식_17,분식추천,음식점 중 '분식'을 판매·제공하는 매장,test,분식,T6 기계변형,0018c143-a8bd-4461-a8ae-ee348edfad7a,김가네의정부중앙역점,김밥 분식 식사등,의정부시 구도심 상권활성화구역,상권활성화구역,경기도,,,
8071514ae44e86e71b37,full_annotation_v1,A,q_분식_17,분식추천,음식점 중 '분식'을 판매·제공하는 매장,test,분식,T6 기계변형,bfbe0599-5d2c-4f07-9790-d6dff987e424,락뽁기,분식,기린전통시장,전통시장,강원특별자치도,,,
6162a884da90b63bf3c0,full_annotation_v1,A,q_분식_17,분식추천,음식점 중 '분식'을 판매·제공하는 매장,test,분식,T6 기계변형,00e30e6c-dde0-49cd-9e3e-95465aa4247e,동해분식,분식,서남신시장,전통시장,대구광역시,,,
0e740feca676af28352e,full_annotation_v1,A,q_분식_17,분식추천,음식점 중 '분식'을 판매·제공하는 매장,test,분식,T6 기계변형,e5a6f9f5-d811-46fa-8888-8b89aa1c13be,마띠나,분식,익산 다e로움 상권활성화구역,상권활성화구역,전북특별자치도,,,
4ebb775faca542d7f973,full_annotation_v1,A,q_분식_17,분식추천,음식점 중 '분식'을 판매·제공하는 매장,test,분식,T6 기계변형,9b9a134f-4ab2-4258-9839-a32a2b8337de,모어댄아이,안경,원신흥어울림길 골목형상점가,골목형상점가,대전광역시,,,
c528fd404608b9c37ada,full_annotation_v1,A,q_분식_17,분식추천,음식점 중 '분식'을 판매·제공하는 매장,test,분식,T6 기계변형,024c1f10-1fe0-4be3-8bde-6465f5cd8c43,오늘은 떡볶이,"떡볶이, 튀김, 순대 등",석촌시장,전통시장,서울특별시,,,
e797e74641992bcd73f0,full_annotation_v1,A,q_분식_17,분식추천,음식점 중 '분식'을 판매·제공하는 매장,test,분식,T6 기계변형,1d0cd062-96df-4398-8d95-8fc74a9eac0b,떽때기,분식,문창시장,전통시장,대전광역시,,,
21edc77e0dc7714be88b,full_annotation_v1,A,q_분식_17,분식추천,음식점 중 '분식'을 판매·제공하는 매장,test,분식,T6 기계변형,00b5a007-bb8d-47db-963d-ccc7e93c25ac,장호덕 손만두 백석점,만두,백석한들1번가 골목형상점가,골목형상점가,충청남도,,,
47c4e796e0959f58bb70,full_annotation_v1,A,q_분식_17,분식추천,음식점 중 '분식'을 판매·제공하는 매장,test,분식,T6 기계변형,a3666bb6-07d6-49b3-b68a-bc8855582f8a,국수나무,면요리,동백 이음길 골목형상점가,골목형상점가,경기도,,,
1abdf70bf5eb2f0159dd,full_annotation_v1,A,q_분식_17,분식추천,음식점 중 '분식'을 판매·제공하는 매장,test,분식,T6 기계변형,4637d6d8-1fa2-487f-aa40-b2151290ef50,고향분식,분식,감포시장,전통시장,경상북도,,,
293803a0759f580e541b,full_annotation_v1,A,q_분식_17,분식추천,음식점 중 '분식'을 판매·제공하는 매장,test,분식,T6 기계변형,007d6b63-4e47-47fa-aaa5-6d0b5cc7280b,도토리김밥계룡엄사점,분식,엄사 골목형상점가,골목형상점가,충청남도,,,
a17b112488ed68d80e2e,full_annotation_v1,A,q_분식_17,분식추천,음식점 중 '분식'을 판매·제공하는 매장,test,분식,T6 기계변형,045215f0-9db0-4054-8c69-702841941f01,문토스트용호점,카페토스트,용호1동골목시장,전통시장,부산광역시,,,
f12a3a99d319adbd9141,full_annotation_v1,A,q_분식_17,분식추천,음식점 중 '분식'을 판매·제공하는 매장,test,분식,T6 기계변형,80c4738a-934b-4b41-9de9-a82a5967a614,천외천,한식,상봉먹자골목형상점가,골목형상점가,서울특별시,,,
75441e9e61ee917946ba,full_annotation_v1,A,q_분식_17,분식추천,음식점 중 '분식'을 판매·제공하는 매장,test,분식,T6 기계변형,00e9517a-1887-4acf-b072-10c7cadf9512,불닭발 땡초 동대문 엽기 떡볶이,분식,유엔남구 대학로 상권,,부산광역시,,,
0dea07b242609003b6ba,full_annotation_v1,A,q_분식_17,분식추천,음식점 중 '분식'을 판매·제공하는 매장,test,분식,T6 기계변형,0910caae-ad67-4ef3-934e-fff4c6059206,참토스트 대전학하점,토스트,계산동 골목형상점가,골목형상점가,대전광역시,,,
1c41a8f6ac62e9bd90fc,full_annotation_v1,A,q_분식_17,분식추천,음식점 중 '분식'을 판매·제공하는 매장,test,분식,T6 기계변형,0a891050-80f2-4423-a5a4-fbd505f1e519,이삭토스트 대전테크노밸리점,토스트,테크노밸리 골목형상점가,골목형상점가,대전광역시,,,
8c3a36d5fb3cffc41d06,full_annotation_v1,A,q_분식_17,분식추천,음식점 중 '분식'을 판매·제공하는 매장,test,분식,T6 기계변형,0b8ef6dc-2f6b-4707-bd73-529122d9c97a,하단떡집,떡집,하단오일상설시장,전통시장,부산광역시,,,
f07ca3d71af0410d145d,full_annotation_v1,A,q_분식_17,분식추천,음식점 중 '분식'을 판매·제공하는 매장,test,분식,T6 기계변형,e9bb0d8f-153e-4003-979b-6b220c34b6d8,후암떡방앗간,떡,도봉산옛길골목형상점가,골목형상점가,서울특별시,,,
901f3728f979ae323862,full_annotation_v1,A,q_분식_17,분식추천,음식점 중 '분식'을 판매·제공하는 매장,test,분식,T6 기계변형,001bda4f-046f-44c5-b084-8de630ac405a,김밥윤,김밥 등,보람동 골목형상점가,골목형상점가,세종특별자치시,,,
280608deb0034e20abba,full_annotation_v1,A,q_분식_17,분식추천,음식점 중 '분식'을 판매·제공하는 매장,test,분식,T6 기계변형,00719699-eb0c-4473-bda9-7a16eace345e,봉식이옛날왕만두,만두,삼익 골목형상점가,골목형상점가,서울특별시,,,
4663333b2edb944ed5b2,full_annotation_v1,A,q_분식_17,분식추천,음식점 중 '분식'을 판매·제공하는 매장,test,분식,T6 기계변형,a8b9ef14-bdd0-4b00-a948-1ca1b9faa612,모일맨,분식,도군머리 골목형상점가,골목형상점가,광주광역시,,,
00921a48b30428c7395d,full_annotation_v1,A,q_분식_17,분식추천,음식점 중 '분식'을 판매·제공하는 매장,test,분식,T6 기계변형,4e65eded-139b-422b-a408-8671c0ba9b6c,대발이 분식,분식,동서시장,전통시장,대구광역시,,,
0c12b4abb32e4dbfd722,full_annotation_v1,A,q_분식_17,분식추천,음식점 중 '분식'을 판매·제공하는 매장,test,분식,T6 기계변형,0012a3b4-64a1-440c-a76e-f2be12a2f086,튀김집,분식,두암시장주변 골목형상점가,골목형상점가,광주광역시,,,
01f71f1457cafbda01a0,full_annotation_v1,A,q_분식_17,분식추천,음식점 중 '분식'을 판매·제공하는 매장,test,분식,T6 기계변형,926f80c7-515f-4f04-ba57-243fc346ba6a,오킴밥,분식,인왕시장,전통시장,서울특별시,,,
b15a396f21e0fc15aae4,full_annotation_v1,A,q_분식_17,분식추천,음식점 중 '분식'을 판매·제공하는 매장,test,분식,T6 기계변형,11fb6900-abe8-4dac-8601-5c8f6731e0c6,52리폼,서비스(의류수선),청구문화시장,전통시장,경기도,,,
39feeab8b6164def70f6,full_annotation_v1,A,q_분식_17,분식추천,음식점 중 '분식'을 판매·제공하는 매장,test,분식,T6 기계변형,0075dacf-3e3f-47b8-a4af-d3a2ff866348,북툰커피앤카페,찐빵 만두 커피,신창진흥 골목형상점가,골목형상점가,광주광역시,,,
d9c2e8b219b99e8aa3f4,full_annotation_v1,A,q_분식_17,분식추천,음식점 중 '분식'을 판매·제공하는 매장,test,분식,T6 기계변형,0011cf6d-567e-4c3b-b113-363daa11212a,김밥먹고 닭꼬치,,배방상점가,자율상권구역,충청남도,,,
9fb0e474377732c68186,full_annotation_v1,A,q_분식_17,분식추천,음식점 중 '분식'을 판매·제공하는 매장,test,분식,T6 기계변형,001cb3d4-5441-4963-b517-d5b3904ee312,현창떡집,떡집,목포동부시장,전통시장,전라남도,,,
05a534d38aa1b33e4a3f,full_annotation_v1,A,q_분식_17,분식추천,음식점 중 '분식'을 판매·제공하는 매장,test,분식,T6 기계변형,04c41036-dbe4-4ce1-b514-707473b7ebb3,분식박사,분식,무거현대시장,골목형상점가,울산광역시,,,
66e5bb75fa0aeaf80072,full_annotation_v1,A,q_분식_17,분식추천,음식점 중 '분식'을 판매·제공하는 매장,test,분식,T6 기계변형,13d4434f-e7e2-4186-b57e-6c65fb16e6bc,떡뽀이,분식,적성전통시장,전통시장,경기도,,,
b2b713cd0ee48955e8b7,full_annotation_v1,A,q_분식_17,분식추천,음식점 중 '분식'을 판매·제공하는 매장,test,분식,T6 기계변형,2d540484-08bb-412a-b46a-8e6d2d079ce8,필분식,분식,월배신시장,전통시장,대구광역시,,,
608d2e0fa25639a871c8,full_annotation_v1,A,q_분식_17,분식추천,음식점 중 '분식'을 판매·제공하는 매장,test,분식,T6 기계변형,65c06f56-f1ac-4edf-8762-17cefd430713,학!땡분식,분식,양지중앙 골목형상점가,골목형상점가,경기도,,,
7063eb9c7469df5bfe99,full_annotation_v1,A,q_분식_17,분식추천,음식점 중 '분식'을 판매·제공하는 매장,test,분식,T6 기계변형,04c905ba-3172-4ea4-a6dd-4345d674dea0,덕순이네,제조업(떡집),장터길 골목형상점가,골목형상점가,경기도,,,
0eaa01e6aed3f7e569eb,full_annotation_v1,A,q_분식_17,분식추천,음식점 중 '분식'을 판매·제공하는 매장,test,분식,T6 기계변형,0db4cbbe-1fbf-42f2-bf19-b0514a1564de,행복한 한끼,,메트로프라자,일반지하상점가,대구광역시,,,
9a5faeb8e662fab09dd6,full_annotation_v1,A,q_분식_17,분식추천,음식점 중 '분식'을 판매·제공하는 매장,test,분식,T6 기계변형,04b03558-95d1-4a0e-a9e2-9a9e72bdadb2,배가찐왕만두,만두,문흥2동 골목형상점가,골목형상점가,광주광역시,,,
b6bf50897c1938fa0f67,full_annotation_v1,A,q_분식_17,분식추천,음식점 중 '분식'을 판매·제공하는 매장,test,분식,T6 기계변형,1cf04f91-500f-4335-ac74-acf736a9892c,청양반찬,반찬,도마큰시장,전통시장,대전광역시,,,
0145d4eb617ecaee21fc,full_annotation_v1,A,q_분식_17,분식추천,음식점 중 '분식'을 판매·제공하는 매장,test,분식,T6 기계변형,008594db-d86c-4014-bf5c-16f6cd40402d,와글와글봄소풍,김밥,다사역 골목형상점가,골목형상점가,대구광역시,,,
9f98fb577ea3dc3f958e,full_annotation_v1,A,q_분식_17,분식추천,음식점 중 '분식'을 판매·제공하는 매장,test,분식,T6 기계변형,75a60a94-d2be-44cf-b81b-502d93d4aede,팡이네 분식,분식,쌍리단길상점가,자율상권구역,서울특별시,,,
4c7217a0c6b01b7dcaad,full_annotation_v1,A,q_분식_17,분식추천,음식점 중 '분식'을 판매·제공하는 매장,test,분식,T6 기계변형,7c6683f5-862a-4d78-86fd-0543bf8e4450,김분식,분식,장천동상가,자율상권구역,전라남도,,,
8db512909e3df18cd511,full_annotation_v1,A,q_분식_17,분식추천,음식점 중 '분식'을 판매·제공하는 매장,test,분식,T6 기계변형,db89eba8-a255-4559-8cd7-57ffeb2af883,떡산,분식,연서시장,전통시장,서울특별시,,,
1a5f1220dab82c63889f,full_annotation_v1,A,q_분식_17,분식추천,음식점 중 '분식'을 판매·제공하는 매장,test,분식,T6 기계변형,6b9a2b26-9295-498c-991e-47c3b403385b,짱맛분식,분식,태화시장,전통시장,울산광역시,,,
1150d10bfe224b87604f,full_annotation_v1,A,q_분식_17,분식추천,음식점 중 '분식'을 판매·제공하는 매장,test,분식,T6 기계변형,015915e3-2542-4245-b627-0c775b4c5501,한내떡집,,거제 고현시장,전통시장,경상남도,,,
41934a72dcbc5aa0d6a2,full_annotation_v1,A,q_분식_17,분식추천,음식점 중 '분식'을 판매·제공하는 매장,test,분식,T6 기계변형,0ab4b1bd-93f1-4d46-b012-abfc9b1328dc,브라운토스트,"토스트, 음료",구즉 골목형상점가,골목형상점가,대전광역시,,,
22e84dafaccb423e7f5e,full_annotation_v1,A,q_분식_17,분식추천,음식점 중 '분식'을 판매·제공하는 매장,test,분식,T6 기계변형,39b92297-99c8-441e-8c20-2723ee9621c7,맘분식,분식,미소상인회 골목형상점가,골목형상점가,서울특별시,,,
09a51722bfb64715af9f,full_annotation_v1,A,q_분식_17,분식추천,음식점 중 '분식'을 판매·제공하는 매장,test,분식,T6 기계변형,00ec6d6a-b0c1-4662-b17f-9c9f059a4bcd,백암서울순대국,순대국,강서구청먹자골목골목형상점가,골목형상점가,서울특별시,,,
67b415f9811d7db7602a,full_annotation_v1,A,q_분식_17,분식추천,음식점 중 '분식'을 판매·제공하는 매장,test,분식,T6 기계변형,4feeee14-bdf6-4a37-9268-d8a119c3e182,찐떡,분식,남성역 골목시장,전통시장,서울특별시,,,
33142c011c9e20c8b26c,full_annotation_v1,A,q_분식_17,분식추천,음식점 중 '분식'을 판매·제공하는 매장,test,분식,T6 기계변형,60226811-ef9d-481d-91ff-e75d998d0ea1,심향,분식,충주관아골상가,전통시장,충청북도,,,
8c213e503796c45f537a,full_annotation_v1,A,q_분식_17,분식추천,음식점 중 '분식'을 판매·제공하는 매장,test,분식,T6 기계변형,013c64c8-8d2f-4c7b-98e7-21cd5be121b4,데뷰,,동산상가,전통시장,대구광역시,,,
5c024a3b8ab5c487ab4f,full_annotation_v1,A,q_분식_17,분식추천,음식점 중 '분식'을 판매·제공하는 매장,test,분식,T6 기계변형,4a9bdc99-5b4d-4cc4-a7fa-a2bd888b3917,분식마을,분식,배방공수 골목형상점가,골목형상점가,충청남도,,,
bf3cfc9706aea6e6a258,full_annotation_v1,A,q_분식_17,분식추천,음식점 중 '분식'을 판매·제공하는 매장,test,분식,T6 기계변형,7c868081-65db-4620-8975-474a6a28db74,분식은내운명,분식,명지국제 골목형상점가,골목형상점가,부산광역시,,,
1d116a9a14056d10ee73,full_annotation_v1,A,q_분식_17,분식추천,음식점 중 '분식'을 판매·제공하는 매장,test,분식,T6 기계변형,0e9f0ef6-5316-46a8-a066-f4bbb1e4e762,감내분식,분식,감천문화마을 골목형상점가,골목형상점가,부산광역시,,,
bf0b0c87cb0471c875db,full_annotation_v1,A,q_분식_17,분식추천,음식점 중 '분식'을 판매·제공하는 매장,test,분식,T6 기계변형,377aef60-a0f3-4741-8a5b-ef23108725eb,돼지전설 연제직영점,돼지고가,연제동 골목형상점가,골목형상점가,광주광역시,,,
901ff93e8133cb5b88f1,full_annotation_v1,A,q_분식_17,분식추천,음식점 중 '분식'을 판매·제공하는 매장,test,분식,T6 기계변형,a70ae85b-0454-462c-8db3-bbd7766afdee,다닐목,분식,대산종합시장,전통시장,충청남도,,,
5937172ca3b63eb4a8a1,full_annotation_v1,A,q_분식_17,분식추천,음식점 중 '분식'을 판매·제공하는 매장,test,분식,T6 기계변형,4dcfbd81-8e8d-426f-b39e-74e1995c3393,끈적국수,분식,월곡1동 골목형상점가,골목형상점가,광주광역시,,,
e0579837c94d7220d4ea,full_annotation_v1,A,q_분식_18,분싣,음식점 중 '분식'을 판매·제공하는 매장,test,분식,T6 기계변형,dab21c01-135b-4e61-bf15-3ff8caa250fe,북촌손만두 삼청동점,,삼청정독길골목형상점가,골목형상점가,서울특별시,,,
7a7dabca8e68e8f11d0d,full_annotation_v1,A,q_분식_18,분싣,음식점 중 '분식'을 판매·제공하는 매장,test,분식,T6 기계변형,66949b22-611d-4650-b074-e5d9cf6c5b24,메이지,분싣,진주 로데오거리상점가,자율상권구역,경상남도,,,
affe669c167c927c2df8,full_annotation_v1,A,q_분식_18,분싣,음식점 중 '분식'을 판매·제공하는 매장,test,분식,T6 기계변형,552aa314-9009-4239-91ed-4448345e7b32,땡길때면,분식,엄사 골목형상점가,골목형상점가,충청남도,,,
72dfe5ce239d0ba71c10,full_annotation_v1,A,q_분식_18,분싣,음식점 중 '분식'을 판매·제공하는 매장,test,분식,T6 기계변형,9b205f11-b0df-4772-82b7-ba642d138d6f,역전 할머니 맥주 천상점,음싣,천상천 골목형상점가,골목형상점가,울산광역시,,,
ad9c300ba20098517ff6,full_annotation_v1,A,q_분식_18,분싣,음식점 중 '분식'을 판매·제공하는 매장,test,분식,T6 기계변형,0910caae-ad67-4ef3-934e-fff4c6059206,참토스트 대전학하점,토스트,계산동 골목형상점가,골목형상점가,대전광역시,,,
513e861e1723f28a307f,full_annotation_v1,A,q_분식_18,분싣,음식점 중 '분식'을 판매·제공하는 매장,test,분식,T6 기계변형,005313c8-dce8-49b6-9841-9143ebb1305a,동원떡집,,박달시장,전통시장,경기도,,,
d1e8ee023d6bfe8c05f7,full_annotation_v1,A,q_분식_18,분싣,음식점 중 '분식'을 판매·제공하는 매장,test,분식,T6 기계변형,02f03161-3a15-416f-bdd6-8ad5bd17781d,시골참순대,,관저동 먹자골목 골목형상점가,골목형상점가,대전광역시,,,
3374253fdf75acc3ad32,full_annotation_v1,A,q_분식_18,분싣,음식점 중 '분식'을 판매·제공하는 매장,test,분식,T6 기계변형,0ebc89e3-910f-4d49-98b6-809bc7976f5f,가위소리,서비스(미용사),용문천년시장,전통시장,경기도,,,
6a97a8cbafddf7c2b640,full_annotation_v1,A,q_분식_18,분싣,음식점 중 '분식'을 판매·제공하는 매장,test,분식,T6 기계변형,db89eba8-a255-4559-8cd7-57ffeb2af883,떡산,분식,연서시장,전통시장,서울특별시,,,
eed36ca247b00be195eb,full_annotation_v1,A,q_분식_18,분싣,음식점 중 '분식'을 판매·제공하는 매장,test,분식,T6 기계변형,1d0cd062-96df-4398-8d95-8fc74a9eac0b,떽때기,분식,문창시장,전통시장,대전광역시,,,
9cfbd817c47badb38f12,full_annotation_v1,A,q_분식_18,분싣,음식점 중 '분식'을 판매·제공하는 매장,test,분식,T6 기계변형,dc2ee35d-c05a-4e9d-8bb3-fd25612b600b,분나테투,커피,진주 중앙지하도상가,일반지하상점가,경상남도,,,
214e89bb78f8e651accb,full_annotation_v1,A,q_분식_18,분싣,음식점 중 '분식'을 판매·제공하는 매장,test,분식,T6 기계변형,22a939a5-dd57-476c-acd5-4c40c7b522a6,어닝바,분식,중랑동부시장,전통시장,서울특별시,,,
c0cf5a92d5e8b3a40f15,full_annotation_v1,A,q_분식_18,분싣,음식점 중 '분식'을 판매·제공하는 매장,test,분식,T6 기계변형,017c71f5-48d0-4cce-a370-a84d34d36658,무봉리토종순대국파주운정점,,산내마을 골목형상점가,골목형상점가,경기도,,,
bbe8466ce1cc3a8961fe,full_annotation_v1,A,q_분식_18,분싣,음식점 중 '분식'을 판매·제공하는 매장,test,분식,T6 기계변형,926f80c7-515f-4f04-ba57-243fc346ba6a,오킴밥,분식,인왕시장,전통시장,서울특별시,,,
3d6697cf5786535f6ce7,full_annotation_v1,A,q_분식_18,분싣,음식점 중 '분식'을 판매·제공하는 매장,test,분식,T6 기계변형,0011cf6d-567e-4c3b-b113-363daa11212a,김밥먹고 닭꼬치,,배방상점가,자율상권구역,충청남도,,,
cd0723abd5379db29279,full_annotation_v1,A,q_분식_18,분싣,음식점 중 '분식'을 판매·제공하는 매장,test,분식,T6 기계변형,ae27f1d5-4791-43a7-b4d7-104dfcf5a5ed,분식하우스,분식,오정시장,전통시장,경기도,,,
458d27f375382c90ab2d,full_annotation_v1,A,q_분식_18,분싣,음식점 중 '분식'을 판매·제공하는 매장,test,분식,T6 기계변형,0239c4e7-2ae3-4f29-8952-19c6d9d1d9a9,세번째집,순대국밥,성환이화시장,전통시장,충청남도,,,
02a85dd54bef25c6b165,full_annotation_v1,A,q_분식_18,분싣,음식점 중 '분식'을 판매·제공하는 매장,test,분식,T6 기계변형,26fcf63b-90e7-4f18-aab1-436d3896658b,시네마,한싣,서원동상점가,자율상권구역,서울특별시,,,
68517194cd684d8c134b,full_annotation_v1,A,q_분식_18,분싣,음식점 중 '분식'을 판매·제공하는 매장,test,분식,T6 기계변형,5abd2cc6-ab5d-4787-84fa-12ddb2fe95d5,예가,한싣,화정한울타리상인회 골목형상점가,골목형상점가,광주광역시,,,
44b5bc3f16e30bff779f,full_annotation_v1,A,q_분식_18,분싣,음식점 중 '분식'을 판매·제공하는 매장,test,분식,T6 기계변형,001cb3d4-5441-4963-b517-d5b3904ee312,현창떡집,떡집,목포동부시장,전통시장,전라남도,,,
885b78fe35c36678d3cf,full_annotation_v1,A,q_분식_18,분싣,음식점 중 '분식'을 판매·제공하는 매장,test,분식,T6 기계변형,7c868081-65db-4620-8975-474a6a28db74,분식은내운명,분식,명지국제 골목형상점가,골목형상점가,부산광역시,,,
4c9568a5862f208e32df,full_annotation_v1,A,q_분식_18,분싣,음식점 중 '분식'을 판매·제공하는 매장,test,분식,T6 기계변형,a8b9ef14-bdd0-4b00-a948-1ca1b9faa612,모일맨,분식,도군머리 골목형상점가,골목형상점가,광주광역시,,,
0ff717cb21091f5c55f7,full_annotation_v1,A,q_분식_18,분싣,음식점 중 '분식'을 판매·제공하는 매장,test,분식,T6 기계변형,dc303945-91d5-43cd-b49e-7d1d86258f18,한닢김밥,분식,이충 중심상가,골목형상점가,경기도,,,
901d63dbc7cadac175fe,full_annotation_v1,A,q_분식_18,분싣,음식점 중 '분식'을 판매·제공하는 매장,test,분식,T6 기계변형,544e65f2-aa64-4630-8cea-b0a22ad8d77f,분,,전주한옥마을 골목형상점가,골목형상점가,전북특별자치도,,,
dcaff7fb3873e2187439,full_annotation_v1,A,q_분식_18,분싣,음식점 중 '분식'을 판매·제공하는 매장,test,분식,T6 기계변형,0075dacf-3e3f-47b8-a4af-d3a2ff866348,북툰커피앤카페,찐빵 만두 커피,신창진흥 골목형상점가,골목형상점가,광주광역시,,,
ed69b06f50782e3c1a1a,full_annotation_v1,A,q_분식_18,분싣,음식점 중 '분식'을 판매·제공하는 매장,test,분식,T6 기계변형,de2cdf93-937c-4615-ab37-474c9e033e9f,까동,분식,전남대 상대 골목형상점가,골목형상점가,광주광역시,,,
114ccac59a06ae14ec27,full_annotation_v1,A,q_분식_18,분싣,음식점 중 '분식'을 판매·제공하는 매장,test,분식,T6 기계변형,52bae579-263d-479e-a46d-2ec326936756,핫떡,분식,방학동도깨비시장,전통시장,서울특별시,,,
4a461e55c8bdf50fa1e2,full_annotation_v1,A,q_분식_18,분싣,음식점 중 '분식'을 판매·제공하는 매장,test,분식,T6 기계변형,00783b5c-54fd-42fc-8bcf-1ea7fce865d5,쫀득분식,분식,임방울거리3구역 골목형상점가,골목형상점가,광주광역시,,,
12c7c091c3c78b5b8058,full_annotation_v1,A,q_분식_18,분싣,음식점 중 '분식'을 판매·제공하는 매장,test,분식,T6 기계변형,4dcfbd81-8e8d-426f-b39e-74e1995c3393,끈적국수,분식,월곡1동 골목형상점가,골목형상점가,광주광역시,,,
52b2b35e7caf1be1c15d,full_annotation_v1,A,q_분식_18,분싣,음식점 중 '분식'을 판매·제공하는 매장,test,분식,T6 기계변형,0018c143-a8bd-4461-a8ae-ee348edfad7a,김가네의정부중앙역점,김밥 분식 식사등,의정부시 구도심 상권활성화구역,상권활성화구역,경기도,,,
df8685c6a7799a9fb6ba,full_annotation_v1,A,q_분식_18,분싣,음식점 중 '분식'을 판매·제공하는 매장,test,분식,T6 기계변형,015915e3-2542-4245-b627-0c775b4c5501,한내떡집,,거제 고현시장,전통시장,경상남도,,,
906a21e407da52e61de0,full_annotation_v1,A,q_분식_18,분싣,음식점 중 '분식'을 판매·제공하는 매장,test,분식,T6 기계변형,5527c97f-bff6-46d6-995a-99a014ddd008,르호봇,의류,신평화패션타운,전통시장,서울특별시,,,
215d2216edafa6df47cd,full_annotation_v1,A,q_분식_18,분싣,음식점 중 '분식'을 판매·제공하는 매장,test,분식,T6 기계변형,a70ae85b-0454-462c-8db3-bbd7766afdee,다닐목,분식,대산종합시장,전통시장,충청남도,,,
3206d6c2e8755263f4db,full_annotation_v1,A,q_분식_18,분싣,음식점 중 '분식'을 판매·제공하는 매장,test,분식,T6 기계변형,89af175c-3bc0-421f-b02b-5d955a288a40,대가시장활어,활어,거제 고현시장,전통시장,경상남도,,,
96b2bb7a6fa8aaf620d6,full_annotation_v1,A,q_분식_18,분싣,음식점 중 '분식'을 판매·제공하는 매장,test,분식,T6 기계변형,04c905ba-3172-4ea4-a6dd-4345d674dea0,덕순이네,제조업(떡집),장터길 골목형상점가,골목형상점가,경기도,,,
96215c5bade79e08b27d,full_annotation_v1,A,q_분식_18,분싣,음식점 중 '분식'을 판매·제공하는 매장,test,분식,T6 기계변형,cf82f373-6244-4a20-9da1-80008e63b3e9,분식방위대,,소촌골 골목형상점가,골목형상점가,,,,
bb0e69b095cf7914b0b7,full_annotation_v1,A,q_분식_18,분싣,음식점 중 '분식'을 판매·제공하는 매장,test,분식,T6 기계변형,7a736fc8-7e84-4cd5-a4d7-f9a5a0238d1f,커피허유,분식,해미읍성전통시장,전통시장,충청남도,,,
128a235fd89703fd8468,full_annotation_v1,A,q_분식_18,분싣,음식점 중 '분식'을 판매·제공하는 매장,test,분식,T6 기계변형,52aa21c7-93f0-4310-8077-d8e649c46a94,홍군튀떡,분식,송죽솔대 골목형상점가,골목형상점가,경기도,,,
e154711cea1d56b069c5,full_annotation_v1,A,q_분식_18,분싣,음식점 중 '분식'을 판매·제공하는 매장,test,분식,T6 기계변형,bca5a1bc-01b9-458b-b057-12576925488b,파크랜드 해남점,의류,해남읍 원도심 상권활성화구역,상권활성화구역,전라남도,,,
d340312f8666cb03b551,full_annotation_v1,A,q_분식_18,분싣,음식점 중 '분식'을 판매·제공하는 매장,test,분식,T6 기계변형,00b5a60c-c548-4ac2-8259-9bb788c0fc58,까치김밥,김밥식사류,신림별빛거리골목형상점가,골목형상점가,서울특별시,,,
259b14b661364fb9aafc,full_annotation_v1,A,q_분식_18,분싣,음식점 중 '분식'을 판매·제공하는 매장,test,분식,T6 기계변형,1711a0ec-104d-40d2-bb79-ea84b632aa57,이큐당구클럽,여가서비스,건대로데오거리골목형상점가,골목형상점가,서울특별시,,,
db81701aaab944d16b08,full_annotation_v1,A,q_분식_18,분싣,음식점 중 '분식'을 판매·제공하는 매장,test,분식,T6 기계변형,2dca0854-11d4-4b35-918d-c4f6661e9246,구시장수산,수산물,정읍샘고을시장,전통시장,전북특별자치도,,,
1ec5d92b80f016b51d1a,full_annotation_v1,A,q_분식_18,분싣,음식점 중 '분식'을 판매·제공하는 매장,test,분식,T6 기계변형,00719699-eb0c-4473-bda9-7a16eace345e,봉식이옛날왕만두,만두,삼익 골목형상점가,골목형상점가,서울특별시,,,
5c868204201056a20cd9,full_annotation_v1,A,q_분식_18,분싣,음식점 중 '분식'을 판매·제공하는 매장,test,분식,T6 기계변형,7d1176d6-d3f6-4067-9384-c7bc389aba36,굽네치킨 방림양림점,치킨피자,방림1어린이공원 골목형상점가,골목형상점가,광주광역시,,,
f9bcd924d9cb29db4bd6,full_annotation_v1,A,q_분식_18,분싣,음식점 중 '분식'을 판매·제공하는 매장,test,분식,T6 기계변형,04a91b86-3405-4f8d-b0b8-eac86f3907c4,연지동토스트,커피토스트,연지시장,전통시장,부산광역시,,,
4afdaf343a4d82c55e2e,full_annotation_v1,A,q_분식_18,분싣,음식점 중 '분식'을 판매·제공하는 매장,test,분식,T6 기계변형,045215f0-9db0-4054-8c69-702841941f01,문토스트용호점,카페토스트,용호1동골목시장,전통시장,부산광역시,,,
001bf3503dec826246a6,full_annotation_v1,A,q_분식_18,분싣,음식점 중 '분식'을 판매·제공하는 매장,test,분식,T6 기계변형,00e30e6c-dde0-49cd-9e3e-95465aa4247e,동해분식,분식,서남신시장,전통시장,대구광역시,,,
e02c342a1cfb630d070a,full_annotation_v1,A,q_분식_18,분싣,음식점 중 '분식'을 판매·제공하는 매장,test,분식,T6 기계변형,75a60a94-d2be-44cf-b81b-502d93d4aede,팡이네 분식,분식,쌍리단길상점가,자율상권구역,서울특별시,,,
4ad8431acfa0bf371c88,full_annotation_v1,A,q_분식_18,분싣,음식점 중 '분식'을 판매·제공하는 매장,test,분식,T6 기계변형,60226811-ef9d-481d-91ff-e75d998d0ea1,심향,분식,충주관아골상가,전통시장,충청북도,,,
1278c5f9ff405cb43720,full_annotation_v1,A,q_분식_18,분싣,음식점 중 '분식'을 판매·제공하는 매장,test,분식,T6 기계변형,01853453-69ac-4f55-9cd8-09e40088ab59,가마솥왕만두,만두,울산번개시장,전통시장,울산광역시,,,
0fca32f6c0c7ec79c585,full_annotation_v1,A,q_분식_18,분싣,음식점 중 '분식'을 판매·제공하는 매장,test,분식,T6 기계변형,4e65eded-139b-422b-a408-8671c0ba9b6c,대발이 분식,분식,동서시장,전통시장,대구광역시,,,
65f41714b51bda47da3b,full_annotation_v1,A,q_분식_18,분싣,음식점 중 '분식'을 판매·제공하는 매장,test,분식,T6 기계변형,9d9a0ad5-d00d-4324-b823-ff6e92b0daa2,낙원복떡,,월곡달빛오거리골목형상점가,골목형상점가,서울특별시,,,
25de265322e00ad909f7,full_annotation_v1,A,q_분식_18,분싣,음식점 중 '분식'을 판매·제공하는 매장,test,분식,T6 기계변형,016f68a3-c16f-467c-af96-22466baf3a6a,쉬즈베이글,토스트,읍내리 원도심 골목형상점가,골목형상점가,전라남도,,,
664d3d702d6d1cd1207c,full_annotation_v1,A,q_분식_18,분싣,음식점 중 '분식'을 판매·제공하는 매장,test,분식,T6 기계변형,2413e383-8da8-4a92-8f66-394b0dcd0e3c,분식점빵,분식,태화시장,전통시장,울산광역시,,,
1909ad668696e2c287a3,full_annotation_v1,A,q_분식_18,분싣,음식점 중 '분식'을 판매·제공하는 매장,test,분식,T6 기계변형,13d4434f-e7e2-4186-b57e-6c65fb16e6bc,떡뽀이,분식,적성전통시장,전통시장,경기도,,,
539aaa97268e8c03af4c,full_annotation_v1,A,q_분식_18,분싣,음식점 중 '분식'을 판매·제공하는 매장,test,분식,T6 기계변형,04b03558-95d1-4a0e-a9e2-9a9e72bdadb2,배가찐왕만두,만두,문흥2동 골목형상점가,골목형상점가,광주광역시,,,
dcd49fa6b112ab84cfc0,full_annotation_v1,A,q_분식_18,분싣,음식점 중 '분식'을 판매·제공하는 매장,test,분식,T6 기계변형,a74721c9-d981-4bd6-8332-69a0211cefc8,우주로캣,여가서비스,건대로데오거리골목형상점가,골목형상점가,서울특별시,,,
8c1172a15b0114c79516,full_annotation_v1,A,q_분식_18,분싣,음식점 중 '분식'을 판매·제공하는 매장,test,분식,T6 기계변형,e5a6f9f5-d811-46fa-8888-8b89aa1c13be,마띠나,분식,익산 다e로움 상권활성화구역,상권활성화구역,전북특별자치도,,,
b5f43438a79de40498b0,full_annotation_v1,A,q_분식_18,분싣,음식점 중 '분식'을 판매·제공하는 매장,test,분식,T6 기계변형,e9e1526d-84e2-47f8-8a8a-a4b1a196efd9,광판팔뚝김밥,분식,태영타운 골목형상점가,골목형상점가,경기도,,,
39e4a945728c250cd0c9,full_annotation_v1,A,q_분식_18,분싣,음식점 중 '분식'을 판매·제공하는 매장,test,분식,T6 기계변형,14dab823-fe4a-4b15-aaf3-9ef89be8d601,굿엠에스케이,식육,김해 주촌축산물시장,전통시장,경상남도,,,
2a2b661a11196200293b,full_annotation_v1,A,q_분식_18,분싣,음식점 중 '분식'을 판매·제공하는 매장,test,분식,T6 기계변형,001bda4f-046f-44c5-b084-8de630ac405a,김밥윤,김밥 등,보람동 골목형상점가,골목형상점가,세종특별자치시,,,
48c668add3b32546f606,full_annotation_v1,A,q_분식_18,분싣,음식점 중 '분식'을 판매·제공하는 매장,test,분식,T6 기계변형,00ca89c2-42a8-432d-ba4b-5abd23c18ab0,계란밥,계란밥분식,시청역상가번영회 골목형상점가,골목형상점가,광주광역시,,,
03544caa5d413eb03237,full_annotation_v1,A,q_분식_18,분싣,음식점 중 '분식'을 판매·제공하는 매장,test,분식,T6 기계변형,4feeee14-bdf6-4a37-9268-d8a119c3e182,찐떡,분식,남성역 골목시장,전통시장,서울특별시,,,
f91c153b3dcb9afd2747,full_annotation_v1,A,q_분식_18,분싣,음식점 중 '분식'을 판매·제공하는 매장,test,분식,T6 기계변형,08fd525f-a0ac-4e8c-96f9-bc40a4eaf842,분식맘,분식,금호공설시장,전통시장,경상북도,,,
f3ed2c83afd04e7b1cbd,full_annotation_v1,A,q_분식_18,분싣,음식점 중 '분식'을 판매·제공하는 매장,test,분식,T6 기계변형,d3a96f47-f12c-4aff-a48f-50a4b415fb34,국민맥주,맥주마른안주등,쌍학로상인회 골목형상점가,골목형상점가,광주광역시,,,
18c7ed5c07bb26654844,full_annotation_v1,A,q_분식_18,분싣,음식점 중 '분식'을 판매·제공하는 매장,test,분식,T6 기계변형,4b426345-0207-4e12-8fe7-acaaea0ac517,우리집식당,한식,공주산성시장,전통시장,충청남도,,,
7000d97c181c13916566,full_annotation_v1,A,q_분식_18,분싣,음식점 중 '분식'을 판매·제공하는 매장,test,분식,T6 기계변형,22920764-5c09-41b3-9666-699f4282d313,당진길은수산,생선,당진전통시장,전통시장,충청남도,,,
53e3b4ba299945ed56d2,full_annotation_v1,A,q_분식_18,분싣,음식점 중 '분식'을 판매·제공하는 매장,test,분식,T6 기계변형,77e5e8f1-4233-46a8-8508-8bc37d36b95e,폼,한식,수완머그로 골목형상점가,골목형상점가,광주광역시,,,
96da57aee9c18f765d88,full_annotation_v1,A,q_분식_18,분싣,음식점 중 '분식'을 판매·제공하는 매장,test,분식,T6 기계변형,0ab4b1bd-93f1-4d46-b012-abfc9b1328dc,브라운토스트,"토스트, 음료",구즉 골목형상점가,골목형상점가,대전광역시,,,
6034f001d707f9626439,full_annotation_v1,A,q_분식_18,분싣,음식점 중 '분식'을 판매·제공하는 매장,test,분식,T6 기계변형,0031210e-c891-4d74-9298-96a0f6723a26,분신술,한식,안동시옥동 골목형상점가,골목형상점가,경상북도,,,
3350cd014ec471859485,full_annotation_v1,A,q_분식_18,분싣,음식점 중 '분식'을 판매·제공하는 매장,test,분식,T6 기계변형,024c1f10-1fe0-4be3-8bde-6465f5cd8c43,오늘은 떡볶이,"떡볶이, 튀김, 순대 등",석촌시장,전통시장,서울특별시,,,
a0081f6d1b545058d933,full_annotation_v1,A,q_분식_18,분싣,음식점 중 '분식'을 판매·제공하는 매장,test,분식,T6 기계변형,00ec6d6a-b0c1-4662-b17f-9c9f059a4bcd,백암서울순대국,순대국,강서구청먹자골목골목형상점가,골목형상점가,서울특별시,,,
96adb4b639f863db1ff6,full_annotation_v1,A,q_분식_18,분싣,음식점 중 '분식'을 판매·제공하는 매장,test,분식,T6 기계변형,0a891050-80f2-4423-a5a4-fbd505f1e519,이삭토스트 대전테크노밸리점,토스트,테크노밸리 골목형상점가,골목형상점가,대전광역시,,,
7c0947584d5a917522f6,full_annotation_v1,A,q_분식_18,분싣,음식점 중 '분식'을 판매·제공하는 매장,test,분식,T6 기계변형,00e9517a-1887-4acf-b072-10c7cadf9512,불닭발 땡초 동대문 엽기 떡볶이,분식,유엔남구 대학로 상권,,부산광역시,,,
6cff041e4b210deed0a6,full_annotation_v1,A,q_분식_18,분싣,음식점 중 '분식'을 판매·제공하는 매장,test,분식,T6 기계변형,93896569-1f05-47ad-ae55-34977c81045b,튀겨볶아,분식,신기시장,전통시장,인천광역시,,,
e0698139e88c48f656e4,full_annotation_v1,A,q_분식_18,분싣,음식점 중 '분식'을 판매·제공하는 매장,test,분식,T6 기계변형,ddd95d5e-095a-44f8-96d6-fc76ff92c8cd,그때그집,한싣,양산상생하는하서로 골목형상점가,골목형상점가,광주광역시,,,
d9ced25f6fff3c73c108,full_annotation_v1,A,q_분식_18,분싣,음식점 중 '분식'을 판매·제공하는 매장,test,분식,T6 기계변형,00e34fb5-e7d3-43aa-b574-400ee31abae5,은혜만두,만두,북동 골목형상점가,골목형상점가,광주광역시,,,
586186d2187af4739b74,full_annotation_v1,A,q_분식_18,분싣,음식점 중 '분식'을 판매·제공하는 매장,test,분식,T6 기계변형,bfbe0599-5d2c-4f07-9790-d6dff987e424,락뽁기,분식,기린전통시장,전통시장,강원특별자치도,,,
88a92988a76e74f23386,full_annotation_v1,A,q_분식_18,분싣,음식점 중 '분식'을 판매·제공하는 매장,test,분식,T6 기계변형,4a9bdc99-5b4d-4cc4-a7fa-a2bd888b3917,분식마을,분식,배방공수 골목형상점가,골목형상점가,충청남도,,,
76e435fbac2f5c685582,full_annotation_v1,A,q_분식_18,분싣,음식점 중 '분식'을 판매·제공하는 매장,test,분식,T6 기계변형,3dbcfc1a-c288-41f4-8889-e707195917db,붕떡붕떡,분식,거북시장,전통시장,인천광역시,,,
8a3751c91ab0bda8f10f,full_annotation_v1,A,q_분식_18,분싣,음식점 중 '분식'을 판매·제공하는 매장,test,분식,T6 기계변형,0b8ef6dc-2f6b-4707-bd73-529122d9c97a,하단떡집,떡집,하단오일상설시장,전통시장,부산광역시,,,
2f74d0b56af5ddfabb6b,full_annotation_v1,A,q_분식_18,분싣,음식점 중 '분식'을 판매·제공하는 매장,test,분식,T6 기계변형,00b5a007-bb8d-47db-963d-ccc7e93c25ac,장호덕 손만두 백석점,만두,백석한들1번가 골목형상점가,골목형상점가,충청남도,,,
7a9f2e2e789144b649b2,full_annotation_v1,A,q_분식_18,분싣,음식점 중 '분식'을 판매·제공하는 매장,test,분식,T6 기계변형,04c41036-dbe4-4ce1-b514-707473b7ebb3,분식박사,분식,무거현대시장,골목형상점가,울산광역시,,,
9bc4b82775a25cbf1045,full_annotation_v1,A,q_분식_18,분싣,음식점 중 '분식'을 판매·제공하는 매장,test,분식,T6 기계변형,055b0501-9678-421c-9b8d-2994754df728,캠토토스트 계룡대실점,토스트,두마면 대실골목형상점가,골목형상점가,충청남도,,,
08605e48ac0e0529d5e9,full_annotation_v1,A,q_분식_18,분싣,음식점 중 '분식'을 판매·제공하는 매장,test,분식,T6 기계변형,008594db-d86c-4014-bf5c-16f6cd40402d,와글와글봄소풍,김밥,다사역 골목형상점가,골목형상점가,대구광역시,,,
19a688ad760a7395408e,full_annotation_v1,A,q_분식_18,분싣,음식점 중 '분식'을 판매·제공하는 매장,test,분식,T6 기계변형,f5ead6b8-2bad-4f21-9e4f-a4f68c5f134d,지에스25봉선스타점,편의점,봉선2중앙로 골목형상점가,골목형상점가,광주광역시,,,
d3c8b48f7743a45dc0c9,full_annotation_v1,A,q_분식_18,분싣,음식점 중 '분식'을 판매·제공하는 매장,test,분식,T6 기계변형,3c01a915-f385-4618-b86f-3d5de8f3b56f,분식킹,분식치킨,성덕중사거리,골목형상점가,광주광역시,,,
3110ebb5973be29e820e,full_annotation_v1,A,q_분식_18,분싣,음식점 중 '분식'을 판매·제공하는 매장,test,분식,T6 기계변형,0012a3b4-64a1-440c-a76e-f2be12a2f086,튀김집,분식,두암시장주변 골목형상점가,골목형상점가,광주광역시,,,
74d795739fdc2defb564,full_annotation_v1,A,q_분식_18,분싣,음식점 중 '분식'을 판매·제공하는 매장,test,분식,T6 기계변형,a3f86936-c439-460f-9629-41c67f76c131,분월당,,분향리 골목형상점가,골목형상점가,,,,
f00456aacada46b6b825,full_annotation_v1,A,q_분식_18,분싣,음식점 중 '분식'을 판매·제공하는 매장,test,분식,T6 기계변형,007d6b63-4e47-47fa-aaa5-6d0b5cc7280b,도토리김밥계룡엄사점,분식,엄사 골목형상점가,골목형상점가,충청남도,,,
258d00210520e0213ec4,full_annotation_v1,A,q_분식_18,분싣,음식점 중 '분식'을 판매·제공하는 매장,test,분식,T6 기계변형,064d899b-c65a-4b75-9a15-9ca1eaf707f4,이삭토스트,토스트 등,매탄중심상가 골목형상점가,골목형상점가,경기도,,,
7536513c086c3fb95e4c,full_annotation_v1,A,q_빵_01,빵,카페·디저트 중 '빵'을 판매·제공하는 매장,train,빵,T1 정확표기,dc7d1b3a-e496-4e3d-9fe1-12bb64cb1cf4,빵구워뜨,빵,안양관양시장,전통시장,경기도,,,
d77aac63dafd6032cdaa,full_annotation_v1,A,q_빵_01,빵,카페·디저트 중 '빵'을 판매·제공하는 매장,train,빵,T1 정확표기,36795039-f3af-4b5e-9792-e972b52e0f02,구페베이커리,빵,신금정시장 골목형 상점가,골목형상점가,부산광역시,,,
f7d3de75ad61b06fe9e4,full_annotation_v1,A,q_빵_01,빵,카페·디저트 중 '빵'을 판매·제공하는 매장,train,빵,T1 정확표기,a1c755e4-179a-4d07-afda-8679aeea2c33,오푸르베이커리,빵,장덕로 골목형상점가,골목형상점가,광주광역시,,,
4b88eed1a257bb1cab68,full_annotation_v1,A,q_빵_01,빵,카페·디저트 중 '빵'을 판매·제공하는 매장,train,빵,T1 정확표기,801f7111-0693-4b0e-baf4-ebdbb0f6f637,펜지앤펜지,빵,평촌1번가 상점가,자율상권구역,경기도,,,
55218157994a17b9568f,full_annotation_v1,A,q_빵_01,빵,카페·디저트 중 '빵'을 판매·제공하는 매장,train,빵,T1 정확표기,011e2df5-6d25-4553-bfc6-cdf779856853,올데이(All day),카페,남구 용대로 골목형상점가,골목형상점가,광주광역시,,,
0225127e1c68f9c8f7a7,full_annotation_v1,A,q_빵_01,빵,카페·디저트 중 '빵'을 판매·제공하는 매장,train,빵,T1 정확표기,00ef0be0-bb62-463e-80ad-862e34111872,파리바게뜨 계룡쇼핑타운,제과제빵,신도안면 골목형상점가,골목형상점가,충청남도,,,
63a4ba790ea470012838,full_annotation_v1,A,q_빵_01,빵,카페·디저트 중 '빵'을 판매·제공하는 매장,train,빵,T1 정확표기,b7790577-f289-4501-a816-794c4331249b,팡쥬르,빵,운암 행복 나눔 골목형상점가,골목형상점가,광주광역시,,,
486374e7292d1892febb,full_annotation_v1,A,q_빵_01,빵,카페·디저트 중 '빵'을 판매·제공하는 매장,train,빵,T1 정확표기,0beeb84b-0b69-4b6d-8d44-07fe02ba8034,아모르,빵,동원전통종합시장,전통시장,서울특별시,,,
61433968a67c593d14dc,full_annotation_v1,A,q_빵_01,빵,카페·디저트 중 '빵'을 판매·제공하는 매장,train,빵,T1 정확표기,083ecffe-5e65-4c93-add9-107d3501f214,달빛찻집,베이커리,정림동 골목형상점가,골목형상점가,대전광역시,,,
8a6414b40ddbe1e2e6e4,full_annotation_v1,A,q_빵_01,빵,카페·디저트 중 '빵'을 판매·제공하는 매장,train,빵,T1 정확표기,0061123f-a676-4556-9633-5fbc4ecaf6ef,치즈케익카스테라카페,제과,북가좌동 골목형상점가,골목형상점가,서울특별시,,,
8c774fd67f2904aa89cd,full_annotation_v1,A,q_빵_01,빵,카페·디저트 중 '빵'을 판매·제공하는 매장,train,빵,T1 정확표기,c18155a5-d1c1-4086-955b-5afd633a6cee,뚜레쥬르,빵,유안초등북길 골목형상점가,골목형상점가,광주광역시,,,
ad878fe8eb4fa338b2b5,full_annotation_v1,A,q_빵_01,빵,카페·디저트 중 '빵'을 판매·제공하는 매장,train,빵,T1 정확표기,d58a3a7b-c700-48c9-aaba-b0327832fa08,빵내음,빵,부천한신시장,전통시장,경기도,,,
71e4acf6162f2d0b7617,full_annotation_v1,A,q_빵_01,빵,카페·디저트 중 '빵'을 판매·제공하는 매장,train,빵,T1 정확표기,00b6de61-2c2e-4164-aee6-c011f81aec20,파리바게뜨 세종반곡,"베이커리, 케이크, 음료, 커피",반곡동행복 골목형상점가,골목형상점가,세종특별자치시,,,
2d590a59c399607b8141,full_annotation_v1,A,q_빵_01,빵,카페·디저트 중 '빵'을 판매·제공하는 매장,train,빵,T1 정확표기,8eea77ce-0499-43a0-958d-ad824077f80b,빵나라밀젠,빵,금촌전통시장,전통시장,경기도,,,
72b0eef884f07f6e4f81,full_annotation_v1,A,q_빵_01,빵,카페·디저트 중 '빵'을 판매·제공하는 매장,train,빵,T1 정확표기,16ac5642-d977-4765-a96e-4b6c4bf2a743,빵사랑베이커리,제빵,방이시장,전통시장,서울특별시,,,
0bbdd72c8d9811021cfe,full_annotation_v1,A,q_빵_01,빵,카페·디저트 중 '빵'을 판매·제공하는 매장,train,빵,T1 정확표기,0017b31e-27bf-4395-a7b2-ad9bc8554d97,컴포즈커피 충주호암한신더휴점,"커피, 음료",호암사천개로골목형상점가,골목형상점가,충청북도,,,
50e04f6ffb6922c470c2,full_annotation_v1,A,q_빵_01,빵,카페·디저트 중 '빵'을 판매·제공하는 매장,train,빵,T1 정확표기,00d3ef33-13db-4750-93a0-4b31010fcb70,온유베이크,카페,스타타워1 골목형상점가,골목형상점가,인천광역시,,,
9c47aa0458b4ef9cb6a6,full_annotation_v1,A,q_빵_01,빵,카페·디저트 중 '빵'을 판매·제공하는 매장,train,빵,T1 정확표기,4253bd28-b4e2-42b7-9cd6-9c32d2541055,육일제과,빵집,중리시장,전통시장,대전광역시,,,
91397bce7ec55d5321c0,full_annotation_v1,A,q_빵_01,빵,카페·디저트 중 '빵'을 판매·제공하는 매장,train,빵,T1 정확표기,4743849c-4370-42e5-b1cb-c49c84c7e8bd,낙원떡집,빵,순천역전시장상가,자율상권구역,전라남도,,,
f8dca9001c7fb6d9484d,full_annotation_v1,A,q_빵_01,빵,카페·디저트 중 '빵'을 판매·제공하는 매장,train,빵,T1 정확표기,b5362e24-6609-4f3f-ae97-c5683e4408e4,구페베이커리,빵,못골골목시장,전통시장,부산광역시,,,
fb52e147bdb34fa40127,full_annotation_v1,A,q_빵_01,빵,카페·디저트 중 '빵'을 판매·제공하는 매장,train,빵,T1 정확표기,2bca6c63-27ce-48ef-982a-173800c6c834,수암꽈배기,빵집,수암상가시장,전통시장,울산광역시,,,
4fb29e976ac14940700c,full_annotation_v1,A,q_빵_01,빵,카페·디저트 중 '빵'을 판매·제공하는 매장,train,빵,T1 정확표기,5995df18-6992-4d7c-81e4-afb5441c188a,오렌지제과점,빵,성서와룡시장,전통시장,대구광역시,,,
0ce23ad074c4b5412a77,full_annotation_v1,A,q_빵_01,빵,카페·디저트 중 '빵'을 판매·제공하는 매장,train,빵,T1 정확표기,0426fae9-9be0-4571-8071-beaa385defda,파리바게트 조암점,베이커리,조암시장,전통시장,경기도,,,
39aa0be964126f5a9704,full_annotation_v1,A,q_빵_01,빵,카페·디저트 중 '빵'을 판매·제공하는 매장,train,빵,T1 정확표기,72144e83-5280-4b58-b6c8-a81d7132e8bd,천원베이커리,빵,화정로상인회 골목형상점가,골목형상점가,광주광역시,,,
df69213e4b76a02df7df,full_annotation_v1,A,q_빵_01,빵,카페·디저트 중 '빵'을 판매·제공하는 매장,train,빵,T1 정확표기,3835c270-8285-42d8-9095-4695dbacdc3b,데일리팡,제과 빵집(빵),부평깡통시장(구 부산부평시장),전통시장,부산광역시,,,
e72405e9f7dbc3e54fef,full_annotation_v1,A,q_빵_01,빵,카페·디저트 중 '빵'을 판매·제공하는 매장,train,빵,T1 정확표기,c90cbfff-9d5c-40d0-ad21-dbb8426a9526,맛있는빵집,빵,오산오색시장(구 오산중앙시장),전통시장,경기도,,,
344430a3e93601733748,full_annotation_v1,A,q_빵_01,빵,카페·디저트 중 '빵'을 판매·제공하는 매장,train,빵,T1 정확표기,8a0a05a8-7e2a-4f3e-a79e-072a5304a354,캉스빵드레이야기,빵,부천상동시장,전통시장,경기도,,,
67a221b9b469046eb56e,full_annotation_v1,A,q_빵_01,빵,카페·디저트 중 '빵'을 판매·제공하는 매장,train,빵,T1 정확표기,e74c4acd-ce1d-4375-968e-62609d5db458,대림상회,야채,대림중앙시장,전통시장,서울특별시,,,
0441408aeec67482c66c,full_annotation_v1,A,q_빵_01,빵,카페·디저트 중 '빵'을 판매·제공하는 매장,train,빵,T1 정확표기,dc1eb686-8b30-42b8-90be-54e5d5752a20,뚜레쥬르,빵,화성남양시장,전통시장,경기도,,,
9f93d11ba05873b20c9c,full_annotation_v1,A,q_빵_01,빵,카페·디저트 중 '빵'을 판매·제공하는 매장,train,빵,T1 정확표기,ec791e48-199f-4aeb-90ad-cabc30f9416b,빵스토리,빵,용현시장,전통시장,인천광역시,,,
975f6946f49e83b51235,full_annotation_v1,A,q_빵_01,빵,카페·디저트 중 '빵'을 판매·제공하는 매장,train,빵,T1 정확표기,002d0d06-15b2-463e-b789-b0232bcc6681,뚜레주르버들마을점,제과,버들마을상인회 골목형상점가,골목형상점가,광주광역시,,,
cf0175fa19ce13a4beeb,full_annotation_v1,A,q_빵_01,빵,카페·디저트 중 '빵'을 판매·제공하는 매장,train,빵,T1 정확표기,d6b19577-dc7c-40ee-a918-b63204e5675e,빵의나라,빵,충무동골목시장,전통시장,부산광역시,,,
8bc53bb680ddd8317456,full_annotation_v1,A,q_빵_01,빵,카페·디저트 중 '빵'을 판매·제공하는 매장,train,빵,T1 정확표기,827435c1-ee4d-49be-8c30-466ce0b9bd59,시장빵집,빵,가은아자개시장,전통시장,경상북도,,,
776c5b662cd47cfa93d3,full_annotation_v1,A,q_빵_01,빵,카페·디저트 중 '빵'을 판매·제공하는 매장,train,빵,T1 정확표기,33336d71-b166-4131-a970-76bffe5ba777,파리바게트묵호점,빵,동해중앙시장상권활성화구역,상권활성화구역,강원특별자치도,,,
f9e68891951dc440651c,full_annotation_v1,A,q_빵_01,빵,카페·디저트 중 '빵'을 판매·제공하는 매장,train,빵,T1 정확표기,95ba1596-62c1-410e-8ca3-7373955a2702,브레드칸,빵,공릉동도깨비시장,전통시장,서울특별시,,,
87ac11517b5bc5e8ac60,full_annotation_v1,A,q_빵_01,빵,카페·디저트 중 '빵'을 판매·제공하는 매장,train,빵,T1 정확표기,bdca09f5-28d5-4022-a00e-baef9dfc2114,빵이가득한집,빵,영동교골목시장(영동교시장),전통시장,서울특별시,,,
c0be76ba7db43c616505,full_annotation_v1,A,q_빵_01,빵,카페·디저트 중 '빵'을 판매·제공하는 매장,train,빵,T1 정확표기,f88f39b4-2fb6-4e8e-95ae-4df6b5ea1006,수제빵,빵,후평일단지시장,전통시장,강원특별자치도,,,
f97a679136ef37909dd3,full_annotation_v1,A,q_빵_01,빵,카페·디저트 중 '빵'을 판매·제공하는 매장,train,빵,T1 정확표기,85411f89-92a8-46df-8b06-d0d1f4f385a3,포트루,빵,남항시장,전통시장,부산광역시,,,
5922cba09f3905eb23b9,full_annotation_v1,A,q_빵_01,빵,카페·디저트 중 '빵'을 판매·제공하는 매장,train,빵,T1 정확표기,966126c8-a02a-47a5-b0a6-3bd69bdab8c4,꿈빵,빵,청량리청과물시장,전통시장,서울특별시,,,
c05d376c88992770e0c7,full_annotation_v1,A,q_빵_01,빵,카페·디저트 중 '빵'을 판매·제공하는 매장,train,빵,T1 정확표기,3e392162-5664-4456-8619-4415ac589b1e,도넛상회,빵,구갈상점가,자율상권구역,경기도,,,
742370d5bae9dfeda1d0,full_annotation_v1,A,q_빵_01,빵,카페·디저트 중 '빵'을 판매·제공하는 매장,train,빵,T1 정확표기,2e4e6152-f3b1-42f4-bd38-839d8ea126a3,가춘베이커리,빵,강남시장,전통시장,서울특별시,,,
19730469d16e560a40eb,full_annotation_v1,A,q_빵_01,빵,카페·디저트 중 '빵'을 판매·제공하는 매장,train,빵,T1 정확표기,7a7b6e4c-7fbf-4986-be20-aa6b563c2a0b,빵고집,빵,홀릭스,골목형상점가,광주광역시,,,
24a729f0757e9670bf45,full_annotation_v1,A,q_빵_01,빵,카페·디저트 중 '빵'을 판매·제공하는 매장,train,빵,T1 정확표기,a10a54ef-3927-459f-be9d-2c8ee247f19b,파리바게뜨,빵,용대로119번길 골목형상점가,골목형상점가,광주광역시,,,
1e55de9b37baf29df709,full_annotation_v1,A,q_빵_01,빵,카페·디저트 중 '빵'을 판매·제공하는 매장,train,빵,T1 정확표기,000d1253-5431-4636-8c94-ddf12e805cb7,파리바게뜨언양점,빵,언양읍성 남문 골목형상점가,골목형상점가,울산광역시,,,
57bef2447b0053a0c195,full_annotation_v1,A,q_빵_01,빵,카페·디저트 중 '빵'을 판매·제공하는 매장,train,빵,T1 정확표기,46598a11-dcca-4d02-8f21-b300dd6b2940,착한빵집,빵,한민시장,전통시장,대전광역시,,,
4872490abfdae6701167,full_annotation_v1,A,q_빵_01,빵,카페·디저트 중 '빵'을 판매·제공하는 매장,train,빵,T1 정확표기,bce23887-ea78-43fc-b213-4b86bdaf61a7,빵플러스,빵,가좌시장,전통시장,인천광역시,,,
67c9dccda5e318b8f3da,full_annotation_v1,A,q_빵_01,빵,카페·디저트 중 '빵'을 판매·제공하는 매장,train,빵,T1 정확표기,2470913c-f81f-442f-8710-caa949b86f4e,브레드80,"제과, 제빵, 음료",럭스스퀘어 골목형상점가,골목형상점가,세종특별자치시,,,
1e619fb819825e6dc7f8,full_annotation_v1,A,q_빵_01,빵,카페·디저트 중 '빵'을 판매·제공하는 매장,train,빵,T1 정확표기,793f221b-d1a5-4635-b3b1-ff4c205cc778,친밀베이커리,빵,동성타워프라자,전통시장,서울특별시,,,
3386373ebd886c4f3129,full_annotation_v1,A,q_빵_01,빵,카페·디저트 중 '빵'을 판매·제공하는 매장,train,빵,T1 정확표기,43c4b6cd-d530-452f-a458-55d71223cb48,행복한갓빵,빵,중앙신시장,전통시장,경상북도,,,
ed3075974b2da5eb0591,full_annotation_v1,A,q_빵_01,빵,카페·디저트 중 '빵'을 판매·제공하는 매장,train,빵,T1 정확표기,a4a58971-4725-4216-96cf-4c306f5f43bb,애상마라탕,마라탕,충장로123가 상점가,자율상권구역,광주광역시,,,
05f256b3cbb1fa3fa277,full_annotation_v1,A,q_빵_01,빵,카페·디저트 중 '빵'을 판매·제공하는 매장,train,빵,T1 정확표기,9bef2f16-b5eb-46d7-8b34-1197aeb508c3,빵뜨레,빵,신탄진시장,전통시장,대전광역시,,,
53fa28a33815efdce53e,full_annotation_v1,A,q_빵_01,빵,카페·디저트 중 '빵'을 판매·제공하는 매장,train,빵,T1 정확표기,09baec57-e4ce-4c5b-bb4e-c39562aae219,빵 슈퍼마켓,빵,석바위시장,전통시장,인천광역시,,,
5774fac73a2d98573016,full_annotation_v1,A,q_빵_01,빵,카페·디저트 중 '빵'을 판매·제공하는 매장,train,빵,T1 정확표기,008d07a3-ba18-4806-9ec7-48c0adb25276,아빠네 빵집,제과제빵,신창수문 골목형상점가,골목형상점가,광주광역시,,,
6aa06bad6305afa057c6,full_annotation_v1,A,q_빵_01,빵,카페·디저트 중 '빵'을 판매·제공하는 매장,train,빵,T1 정확표기,43ad1cfb-9ea3-4f9e-b286-bbdb7afc9d2a,영양빵,빵,양동시장,전통시장,광주광역시,,,
0fd47f0e042c8a181953,full_annotation_v1,A,q_빵_01,빵,카페·디저트 중 '빵'을 판매·제공하는 매장,train,빵,T1 정확표기,0a413ebb-2596-4b3f-b5aa-194b242ce558,백호빵집,빵집,까치산시장,전통시장,서울특별시,,,
87d40458c87d26a81c9a,full_annotation_v1,A,q_빵_01,빵,카페·디저트 중 '빵'을 판매·제공하는 매장,train,빵,T1 정확표기,580ed7f6-718c-41b7-853c-3dc54ca6d957,불티나튀김,한식,오치2동 골목형상점가,골목형상점가,광주광역시,,,
e5dba6cddad1924be06e,full_annotation_v1,A,q_빵_01,빵,카페·디저트 중 '빵'을 판매·제공하는 매장,train,빵,T1 정확표기,f89cc30d-7556-468f-9994-cc23c45d3251,천원베이커리,빵,세은 골목형상점가,골목형상점가,광주광역시,,,
e04d4981ed0c8c90dbc8,full_annotation_v1,A,q_빵_01,빵,카페·디저트 중 '빵'을 판매·제공하는 매장,train,빵,T1 정확표기,5d009623-7ea7-4d99-9ef1-2ba7db296ee3,블라인드천국,,신안동광주역앞상가 골목형상점가,골목형상점가,,,,
1d6355488ae40c607314,full_annotation_v1,A,q_빵_01,빵,카페·디저트 중 '빵'을 판매·제공하는 매장,train,빵,T1 정확표기,323113dc-b2d9-4366-b21c-037d0f130f31,제트네빵집,,고성시장,전통시장,경상남도,,,
6e0b69c60543ce86b028,full_annotation_v1,A,q_빵_01,빵,카페·디저트 중 '빵'을 판매·제공하는 매장,train,빵,T1 정확표기,16d1d6c6-4f07-4e06-8d1c-81a4aaf2ec6e,팡쥬르,빵,종촌동골목형상점가,골목형상점가,세종특별자치시,,,
58f66228d1a7bf8cbc6a,full_annotation_v1,A,q_빵_01,빵,카페·디저트 중 '빵'을 판매·제공하는 매장,train,빵,T1 정확표기,0ae35aa4-c17b-4d08-a7d0-19f9bd5c881f,밀호,빵,첨단청사초롱길 골목형상점가,골목형상점가,광주광역시,,,
a2afa1d9789a2832e6cd,full_annotation_v1,A,q_빵_01,빵,카페·디저트 중 '빵'을 판매·제공하는 매장,train,빵,T1 정확표기,97cbb6c0-1804-40d3-8abd-17dd89577394,에덴베이커리,빵,장미원골목시장,전통시장,서울특별시,,,
dff143d47a0ad64e14cc,full_annotation_v1,A,q_빵_01,빵,카페·디저트 중 '빵'을 판매·제공하는 매장,train,빵,T1 정확표기,cf5039bf-1b72-4d70-af1b-fbfa85102ac5,이불집,이불,장승백이전통시장(구 만수창대시장),전통시장,인천광역시,,,
fe4b84d762b922611eee,full_annotation_v1,A,q_빵_01,빵,카페·디저트 중 '빵'을 판매·제공하는 매장,train,빵,T1 정확표기,f89439a4-a32f-41c3-84ca-361215c348ac,구움빵,빵,영월중앙시장,자율상권구역,강원특별자치도,,,
597cb318649314533453,full_annotation_v1,A,q_빵_01,빵,카페·디저트 중 '빵'을 판매·제공하는 매장,train,빵,T1 정확표기,aa936541-d9bc-4616-9c06-83df36ba719c,빵이가득한집,빵,석바위시장,전통시장,인천광역시,,,
afb165f53c280f771626,full_annotation_v1,A,q_빵_01,빵,카페·디저트 중 '빵'을 판매·제공하는 매장,train,빵,T1 정확표기,2c85a38f-472c-4203-be2a-4fa035bd61a9,만나빵,빵 음료,삼정로 골목형상점가,골목형상점가,광주광역시,,,
e61dd01c90aa52346ff0,full_annotation_v1,A,q_빵_01,빵,카페·디저트 중 '빵'을 판매·제공하는 매장,train,빵,T1 정확표기,574e4af4-1abb-48f5-be6b-fcda478ef9bc,빵 하나의 즐거움,빵,사당4골목형상점가,골목형상점가,서울특별시,,,
461a3e764aaa4eafc52f,full_annotation_v1,A,q_빵_01,빵,카페·디저트 중 '빵'을 판매·제공하는 매장,train,빵,T1 정확표기,75bb522e-2acb-4da7-8be9-ae179c67d711,앙베르베이커리,빵,당진원시가지상가,자율상권구역,충청남도,,,
0b70011612a3e59da147,full_annotation_v1,A,q_빵_01,빵,카페·디저트 중 '빵'을 판매·제공하는 매장,train,빵,T1 정확표기,0690c92b-8955-4941-a1f8-69aa3e8d1a12,봄봄베이커리,빵,대전정원시장,전통시장,대전광역시,,,
84c3241a7af51dce034e,full_annotation_v1,A,q_빵_01,빵,카페·디저트 중 '빵'을 판매·제공하는 매장,train,빵,T1 정확표기,11e2dd2e-ab0e-4132-ba5d-ee4d652775f4,극동제과점,제빵,백년소상공인,기타,대전광역시,,,
eb1ae025700f0852ee53,full_annotation_v1,A,q_빵_01,빵,카페·디저트 중 '빵'을 판매·제공하는 매장,train,빵,T1 정확표기,08e1d991-57e1-440f-a5ab-e62825fedeb7,커피인더스트리,음료 및 베이커리,당정동한세로 골목형상점가,골목형상점가,경기도,,,
87cedfd58c3651d2648d,full_annotation_v1,A,q_빵_01,빵,카페·디저트 중 '빵'을 판매·제공하는 매장,train,빵,T1 정확표기,5adde790-a071-45c6-b923-cdc686e3892c,빵이야,빵,의정부제일시장,전통시장,경기도,,,
1d6aaf7e3e76dfd7912f,full_annotation_v1,A,q_빵_01,빵,카페·디저트 중 '빵'을 판매·제공하는 매장,train,빵,T1 정확표기,417d1f5a-a7dd-4bbd-8379-61d8d1e9dc3d,마블스퀘어,빵,상무연하상인회 골목형상점가,골목형상점가,광주광역시,,,
5be7282ef5915f67ae53,full_annotation_v1,A,q_빵_01,빵,카페·디저트 중 '빵'을 판매·제공하는 매장,train,빵,T1 정확표기,006a3289-9c32-4593-a919-9259a7215a7d,우리베이커리,빵류,동해중앙시장상권활성화구역,상권활성화구역,강원특별자치도,,,
9d7fdf70496f3a84b7d8,full_annotation_v1,A,q_빵_01,빵,카페·디저트 중 '빵'을 판매·제공하는 매장,train,빵,T1 정확표기,78be89bd-6747-485a-84b9-c6da9b6ebbfc,밀파크,빵,남구보건소사거리 골목형상점가,골목형상점가,울산광역시,,,
b20f4aa8791baab1029f,full_annotation_v1,A,q_빵_01,빵,카페·디저트 중 '빵'을 판매·제공하는 매장,train,빵,T1 정확표기,6f6f808d-060c-4238-924b-86c684653dfc,콰상,빵,자양번영로골목형상점가,골목형상점가,서울특별시,,,
134f439e54a30694af94,full_annotation_v1,A,q_빵_01,빵,카페·디저트 중 '빵'을 판매·제공하는 매장,train,빵,T1 정확표기,eabfc54a-4e22-48aa-ae81-684422854778,천원빵,빵,신창 골목형상점가,골목형상점가,광주광역시,,,
7a4777cd2012b5bf0cb6,full_annotation_v1,A,q_빵_01,빵,카페·디저트 중 '빵'을 판매·제공하는 매장,train,빵,T1 정확표기,af5bb7cf-b650-4049-ad24-20bf9cbc7e99,아이스크림에 빠진날,아이스크림슈퍼,포수말 골목형상점가,골목형상점가,서울특별시,,,
b603d2084e6ae9bfd56f,full_annotation_v1,A,q_빵_01,빵,카페·디저트 중 '빵'을 판매·제공하는 매장,train,빵,T1 정확표기,04570e59-7b5d-46f8-ac92-9f77570f6222,꿈빵,빵,용인중앙시장,전통시장,경기도,,,
0acf57c1852e9b61ecab,full_annotation_v1,A,q_빵_01,빵,카페·디저트 중 '빵'을 판매·제공하는 매장,train,빵,T1 정확표기,003e7ebf-1112-4ab4-a484-67716e4b2a85,이든,카페,원주중앙시장활성화구역,상권활성화구역,강원특별자치도,,,
f8bca2758018b2283cfe,full_annotation_v1,A,q_빵_01,빵,카페·디저트 중 '빵'을 판매·제공하는 매장,train,빵,T1 정확표기,1100864e-a8cd-4f8a-8912-052006506c20,빵그레맛쥬,빵,여수서시장주변시장,전통시장,,,,
460b7c2f922aae3cf00c,full_annotation_v1,A,q_빵_01,빵,카페·디저트 중 '빵'을 판매·제공하는 매장,train,빵,T1 정확표기,ed8738d0-83da-4fca-8ee6-a580dbb06b3d,빵굽는쉐프,빵,북구복개도로 골목형상점가,골목형상점가,광주광역시,,,
a3c1e873c0533035dbdb,full_annotation_v1,A,q_빵_01,빵,카페·디저트 중 '빵'을 판매·제공하는 매장,train,빵,T1 정확표기,229d4900-3644-4ed4-85eb-fb133c7c1573,파리바게트,제빵,매탄골목상인회 골목형상점가,골목형상점가,경기도,,,
f8a3d9266670005662d5,full_annotation_v1,A,q_빵_01,빵,카페·디저트 중 '빵'을 판매·제공하는 매장,train,빵,T1 정확표기,35290020-7a77-4b30-b3ce-a1a267b7414d,파리바게뜨,빵,석계역 골목형상점가,골목형상점가,서울특별시,,,
6ee35da7a6d8aad8e48a,full_annotation_v1,A,q_빵_01,빵,카페·디저트 중 '빵'을 판매·제공하는 매장,train,빵,T1 정확표기,2c4d2326-5863-474f-88a4-3a4565409cf3,시장떡집,떡,구미새마을중앙시장,전통시장,경상북도,,,
b9ff805165afbcebabc7,full_annotation_v1,A,q_빵_01,빵,카페·디저트 중 '빵'을 판매·제공하는 매장,train,빵,T1 정확표기,34130968-a3fc-4194-9cfd-8fd270546ebc,강릉오빠,빵,강릉성남시장,전통시장,강원특별자치도,,,
7cb9b32bc3e901875a39,full_annotation_v1,A,q_빵_01,빵,카페·디저트 중 '빵'을 판매·제공하는 매장,train,빵,T1 정확표기,d4f71082-bec1-4237-9e15-e98f98f635d6,빵퍼센트,빵,팡팡 골목형상점가,골목형상점가,광주광역시,,,
ec6d9868147a3857a9ab,full_annotation_v1,A,q_빵_01,빵,카페·디저트 중 '빵'을 판매·제공하는 매장,train,빵,T1 정확표기,6599f830-7e49-4601-9d2e-05d5551dbcc7,시온베이커리,빵,선우시장,전통시장,울산광역시,,,
7e5d1a23f1f27451abaf,full_annotation_v1,A,q_빵_01,빵,카페·디저트 중 '빵'을 판매·제공하는 매장,train,빵,T1 정확표기,15a1abb6-5a77-4016-83f5-9cc2229b2abf,영광유통,빵,홍성전통시장(구 홍성정기시장),전통시장,충청남도,,,
d37846f9508c29e7b617,full_annotation_v1,A,q_빵_01,빵,카페·디저트 중 '빵'을 판매·제공하는 매장,train,빵,T1 정확표기,003d7e3f-6459-4018-ac58-7184cd2457d5,눈치 금호점,카페,금호1동상가번영회 골목형상점가,골목형상점가,광주광역시,,,
99bdec773b3141ad129f,full_annotation_v1,A,q_빵_01,빵,카페·디저트 중 '빵'을 판매·제공하는 매장,train,빵,T1 정확표기,16d7c2d6-9f81-4ef7-9f21-c6752e8427e0,비올렛베이커리,제빵,응암골골목형상점가,골목형상점가,서울특별시,,,
6f2316e888e7d59f45f0,full_annotation_v1,A,q_빵_01,빵,카페·디저트 중 '빵'을 판매·제공하는 매장,train,빵,T1 정확표기,1c27a79a-97ad-4985-b858-a8ce91776191,스멜비,빵,왕십리무학봉상점가,자율상권구역,서울특별시,,,
07325e0c03ef05cfcaac,full_annotation_v1,A,q_빵_01,빵,카페·디저트 중 '빵'을 판매·제공하는 매장,train,빵,T1 정확표기,5d52a0a6-00a0-4588-85d3-a0dfae7946db,맑을린,커피 빵,호수공원 골목형상점가,골목형상점가,경기도,,,
12639d261ff803d35954,full_annotation_v1,A,q_빵_01,빵,카페·디저트 중 '빵'을 판매·제공하는 매장,train,빵,T1 정확표기,23895b9f-4b17-4f81-9aac-e334cdf18453,식빵굽는남자,빵,동문동 골목형상점가,골목형상점가,충청남도,,,
ccdc99b3abf8027d4592,full_annotation_v1,A,q_빵_01,빵,카페·디저트 중 '빵'을 판매·제공하는 매장,train,빵,T1 정확표기,66060a7e-ea4d-44e6-81db-e4d227b85e14,뚜레쥬르,빵,전곡중앙상가 골목형상점가,골목형상점가,경기도,,,
c4586eb7febff929fa0b,full_annotation_v1,A,q_빵_01,빵,카페·디저트 중 '빵'을 판매·제공하는 매장,train,빵,T1 정확표기,40476c80-a37a-433f-8c32-4566f8f4a14c,345빵집,빵,구갈상점가,자율상권구역,경기도,,,
40e0b1c63f70d705f645,full_annotation_v1,A,q_빵_01,빵,카페·디저트 중 '빵'을 판매·제공하는 매장,train,빵,T1 정확표기,ac3c7e2d-660a-4d9f-9b7c-b28a2d499852,고려당,빵,마산 창동통합상가,자율상권구역,경상남도,,,
376badc4c5746c926a5e,full_annotation_v1,A,q_빵_01,빵,카페·디저트 중 '빵'을 판매·제공하는 매장,train,빵,T1 정확표기,90644fce-4ba9-47aa-b57e-5efcceb4c1a0,빵집오빠,빵,보정중심 골목형상점가,골목형상점가,경기도,,,
4517516214659b1a37d9,full_annotation_v1,A,q_빵_01,빵,카페·디저트 중 '빵'을 판매·제공하는 매장,train,빵,T1 정확표기,c9a0078b-91b3-495a-9b86-4be7248f6dfe,뉴욕베이커리,빵,신도봉시장,전통시장,서울특별시,,,
8700400b40d82f3525f1,full_annotation_v1,A,q_빵_01,빵,카페·디저트 중 '빵'을 판매·제공하는 매장,train,빵,T1 정확표기,eaa7862b-ab22-4ae5-9b70-1b17046061f7,백원빵,빵,포항죽도농산물시장,전통시장,경상북도,,,
a9b5d9acbd209acb242c,full_annotation_v1,A,q_빵_01,빵,카페·디저트 중 '빵'을 판매·제공하는 매장,train,빵,T1 정확표기,e3b89305-67dd-4b85-8cca-b56411ac1461,헤어홀릭샾,미용업,솔내로 골목형상점가,골목형상점가,전북특별자치도,,,
209a5a8f58732ee18cd9,full_annotation_v1,A,q_빵_01,빵,카페·디저트 중 '빵'을 판매·제공하는 매장,train,빵,T1 정확표기,6695c45a-72f5-458c-8234-db77d94cbea9,화산제과,빵,화산면 골목형상점가,골목형상점가,전라남도,,,
f06da82d3f319040ba80,full_annotation_v1,A,q_빵_01,빵,카페·디저트 중 '빵'을 판매·제공하는 매장,train,빵,T1 정확표기,51d9a7e1-9c55-423b-97d6-a566e3f7c078,청춘맛점빵,빵,광주송정역세권 상권활성화구역,상권활성화구역,광주광역시,,,
b7e94ef085f7fa8cd89c,full_annotation_v1,A,q_빵_01,빵,카페·디저트 중 '빵'을 판매·제공하는 매장,train,빵,T1 정확표기,985b16ef-cdd1-440f-844a-ac5318a0e210,봄햇쌀빵,빵,초지항아리 골목형상점가,골목형상점가,경기도,,,
96896248ebdd9d7c154f,full_annotation_v1,A,q_빵_01,빵,카페·디저트 중 '빵'을 판매·제공하는 매장,train,빵,T1 정확표기,044dc36b-4675-432a-8391-b283e71e59c1,아빠빵집,빵,창원 신대방 골목형상점가,골목형상점가,경상남도,,,
1cdf71eb8069c8446e19,full_annotation_v1,A,q_빵_01,빵,카페·디저트 중 '빵'을 판매·제공하는 매장,train,빵,T1 정확표기,d3fa02bd-1aa2-453f-ba5f-4bb721d24b67,삼천복지,슈퍼마켓,전주 삼천이 골목형상점가,골목형상점가,전북특별자치도,,,
649e612ee991ea097962,full_annotation_v1,A,q_빵_01,빵,카페·디저트 중 '빵'을 판매·제공하는 매장,train,빵,T1 정확표기,097fc611-9788-401e-9ac1-bb20760ca643,브렛의오븐,베이커리음료,마산 월영대시장,전통시장,경상남도,,,
e99960bf1bc2c3760697,full_annotation_v1,A,q_빵_01,빵,카페·디저트 중 '빵'을 판매·제공하는 매장,train,빵,T1 정확표기,79575e6f-fd13-44c3-a027-5963f02ad17e,해록,빵,대봉동 대백 골목형상점가,골목형상점가,대구광역시,,,
94639b96a3211b453954,full_annotation_v1,A,q_빵_01,빵,카페·디저트 중 '빵'을 판매·제공하는 매장,train,빵,T1 정확표기,00362b85-cb9a-4318-9059-12f768d76197,파리바게뜨전주인후점,제과점,소나무 골목형상점가,골목형상점가,전북특별자치도,,,
de5fc6c1563a43206285,full_annotation_v1,A,q_빵_01,빵,카페·디저트 중 '빵'을 판매·제공하는 매장,train,빵,T1 정확표기,da60c898-2867-4dc4-a02d-55f9484fed1e,착한빵집,빵,엄사 골목형상점가,골목형상점가,충청남도,,,
7fd6102e3850e6d4bf8a,full_annotation_v1,A,q_빵_01,빵,카페·디저트 중 '빵'을 판매·제공하는 매장,train,빵,T1 정확표기,5a1cebb2-3b2b-4152-9fbb-29f05be23ba8,달지,빵,문화의거리 상점가,자율상권구역,울산광역시,,,
013931ee94092be1f167,full_annotation_v1,A,q_빵_01,빵,카페·디저트 중 '빵'을 판매·제공하는 매장,train,빵,T1 정확표기,ab042500-884b-4f76-b473-9fdf5ed9b15a,달코미식빵,빵,관저동 먹거리 골목형상점가,골목형상점가,대전광역시,,,
f62a9e6ad363e2dd55fe,full_annotation_v1,A,q_빵_01,빵,카페·디저트 중 '빵'을 판매·제공하는 매장,train,빵,T1 정확표기,83dbb5b7-a9f9-40e6-af0d-001f8be23fea,동네수제빵집,빵,청주시 소나무길 일원 자율상권구역,상권활성화구역,충청북도,,,
562ca1eff9444172a1c1,full_annotation_v1,A,q_빵_01,빵,카페·디저트 중 '빵'을 판매·제공하는 매장,train,빵,T1 정확표기,699dbda2-ab52-44cf-8b48-ce7de7846ff7,호돌이문구,문구 교구 기타,전주 삼천이 골목형상점가,골목형상점가,전북특별자치도,,,
6fcd9bda29a2a9cc0819,full_annotation_v1,A,q_빵_01,빵,카페·디저트 중 '빵'을 판매·제공하는 매장,train,빵,T1 정확표기,3481903a-9213-43d6-ab6c-94463201b742,마켓베이커리,빵,금촌문화로시장,전통시장,경기도,,,
795c94b729c9c139914f,full_annotation_v1,A,q_빵_01,빵,카페·디저트 중 '빵'을 판매·제공하는 매장,train,빵,T1 정확표기,ffebab6b-dd5e-4922-b37d-647d00aab258,빵육집,빵,봉선2중앙로 골목형상점가,골목형상점가,광주광역시,,,
b689e888f75b1eb0951d,full_annotation_v1,A,q_빵_01,빵,카페·디저트 중 '빵'을 판매·제공하는 매장,train,빵,T1 정확표기,5dbf1cf9-0e2e-4c58-9bda-fc2e3341ec40,빵긋,빵,노대물빛근린공원 골목형상점가,골목형상점가,광주광역시,,,
8686577f6f201e88108d,full_annotation_v1,A,q_빵_01,빵,카페·디저트 중 '빵'을 판매·제공하는 매장,train,빵,T1 정확표기,a6584e7f-2dca-4e80-9da8-1622a928da84,드숑,빵,동홍8번가 골목형상점가,골목형상점가,제주특별자치도,,,
ddf04edaa10b4fc3ac51,full_annotation_v1,A,q_빵_01,빵,카페·디저트 중 '빵'을 판매·제공하는 매장,train,빵,T1 정확표기,f4866676-66ab-442a-a652-bf947c4f4653,빵고을,빵,"임계사통팔달시장(임계시장, 송계5일장)",전통시장,강원특별자치도,,,
479d3cc96c70d1831b08,full_annotation_v1,A,q_빵_01,빵,카페·디저트 중 '빵'을 판매·제공하는 매장,train,빵,T1 정확표기,0063671e-77f7-466c-bbc2-223497c0dae4,무가당,카페,세병호 골목형상점가,골목형상점가,전북특별자치도,,,
0c81dacbed4996591196,full_annotation_v1,A,q_빵_01,빵,카페·디저트 중 '빵'을 판매·제공하는 매장,train,빵,T1 정확표기,fd473b5d-3add-4843-ad4f-4bf0068e9f90,더건강한쌀빵,빵,경산공설시장,전통시장,경상북도,,,
ce49fd026752ac3a905f,full_annotation_v1,A,q_빵_01,빵,카페·디저트 중 '빵'을 판매·제공하는 매장,train,빵,T1 정확표기,ec6d293c-3928-4b9f-963d-dee79a59be12,식빵굽는남자,빵,"온양온천시장(온양재래시장, 전통시장)",전통시장,충청남도,,,
03b26b1b6d39c150c6d6,full_annotation_v1,A,q_빵_01,빵,카페·디저트 중 '빵'을 판매·제공하는 매장,train,빵,T1 정확표기,521e20e2-992c-4ca0-8495-1b33ee4ff271,바로구운빵,빵,관고전통시장,전통시장,경기도,,,
7267a749cee8f5320ba8,full_annotation_v1,A,q_빵_01,빵,카페·디저트 중 '빵'을 판매·제공하는 매장,train,빵,T1 정확표기,223ac46e-51cf-4eab-ae60-378b76414b47,찰찰보리식빵,빵,인천모래내전통시장,전통시장,인천광역시,,,
56d042f717cb97535d64,full_annotation_v1,A,q_빵_01,빵,카페·디저트 중 '빵'을 판매·제공하는 매장,train,빵,T1 정확표기,8844a74d-7f7e-4066-9804-2c8ae1372892,빵굽는쉐프,빵,용남시장,전통시장,인천광역시,,,
187ce562dedb4275a44a,full_annotation_v1,A,q_빵_01,빵,카페·디저트 중 '빵'을 판매·제공하는 매장,train,빵,T1 정확표기,dc63ae04-d6d5-485e-bd0b-5f5c6d2a712d,빵이랑케익이랑,빵,양산 남부시장,전통시장,경상남도,,,
b6a87161e7cb55238037,full_annotation_v1,A,q_빵_01,빵,카페·디저트 중 '빵'을 판매·제공하는 매장,train,빵,T1 정확표기,63e70c4d-c60a-4a40-b357-2eab22804fed,파리바게트화성남양점,빵,화성남양시장,전통시장,경기도,,,
ec39f7d223cfc2218c18,full_annotation_v1,A,q_빵_01,빵,카페·디저트 중 '빵'을 판매·제공하는 매장,train,빵,T1 정확표기,e5fe0ba3-ae61-438b-93df-74715599062a,빵이가득한집,빵,동원전통시장상점가,자율상권구역,서울특별시,,,
687e638b74479d60be35,full_annotation_v1,A,q_빵_01,빵,카페·디저트 중 '빵'을 판매·제공하는 매장,train,빵,T1 정확표기,f76d5db1-1727-4b59-b9b9-eac446ab45bd,스위트웍스,빵,동명동 카페거리 골목형상점가,골목형상점가,광주광역시,,,
47f5c31ad358257dbb3a,full_annotation_v1,A,q_빵_01,빵,카페·디저트 중 '빵'을 판매·제공하는 매장,train,빵,T1 정확표기,29853fa7-41e3-4a18-bc07-b8237c3a3def,우리동네 야채과일,야채 과일,계산시장,전통시장,인천광역시,,,
5fac8f1aa6cdc7b66a83,full_annotation_v1,A,q_빵_01,빵,카페·디저트 중 '빵'을 판매·제공하는 매장,train,빵,T1 정확표기,001bc028-a43e-44d4-9682-db280a4998cc,파리바게뜨전주근영점,제과점,근영누리 골목형상점가,골목형상점가,전북특별자치도,,,
a99cbea2d2c88d7322db,full_annotation_v1,A,q_빵_01,빵,카페·디저트 중 '빵'을 판매·제공하는 매장,train,빵,T1 정확표기,6afb0c48-dea4-4105-9291-b3bec77e2b01,빵굼터,빵,우산어등마을 골목형상점가,골목형상점가,광주광역시,,,
2ec607da4927cbdefa9e,full_annotation_v1,A,q_빵_01,빵,카페·디저트 중 '빵'을 판매·제공하는 매장,train,빵,T1 정확표기,e53b5b71-dbac-44d9-86e0-74ca13a4e830,두부마을,제조(두부),군포당동로시장상점가,골목형상점가,경기도,,,
8103fb08ede4aac081e7,full_annotation_v1,A,q_빵_01,빵,카페·디저트 중 '빵'을 판매·제공하는 매장,train,빵,T1 정확표기,3dd0de7a-0463-4ba5-a8e4-fbdb86a61d11,멋쟁이 대박,,중흥중가로 골목형상점가,골목형상점가,,,,
4da80ba7e4ae19054145,full_annotation_v1,A,q_빵_01,빵,카페·디저트 중 '빵'을 판매·제공하는 매장,train,빵,T1 정확표기,c3620a8b-8bc6-4151-b2f0-56b734811e7c,정가네,빵,남목전통시장,전통시장,울산광역시,,,
186402cde6d24fa1d30b,full_annotation_v1,A,q_빵_01,빵,카페·디저트 중 '빵'을 판매·제공하는 매장,train,빵,T1 정확표기,f7c81e23-1f97-4ecd-b656-9ea0cfa62ec2,속좋은내과,내과 소아과 이비인후과 피부과,솔내로 골목형상점가,골목형상점가,전북특별자치도,,,
e88c8b017e2e61bee68d,full_annotation_v1,A,q_빵_01,빵,카페·디저트 중 '빵'을 판매·제공하는 매장,train,빵,T1 정확표기,287fbb51-f236-486b-8096-32b6e4e4b59c,끌로뒤빵,빵,신매시장,전통시장,대구광역시,,,
1c880fa26f2e6e6a2730,full_annotation_v1,A,q_빵_01,빵,카페·디저트 중 '빵'을 판매·제공하는 매장,train,빵,T1 정확표기,14a762f6-1948-42a3-bb04-47523ee4cdee,여미화원,생화,부산자유시장,전통시장,부산광역시,,,
be8335b17f9fdd0aa40f,full_annotation_v1,A,q_빵_01,빵,카페·디저트 중 '빵'을 판매·제공하는 매장,train,빵,T1 정확표기,a4de585d-9a72-4fa1-87ca-62527ff5e289,빵이가득한집,빵,수유재래시장,전통시장,서울특별시,,,
893aeba8a2fc0712cb83,full_annotation_v1,A,q_빵_01,빵,카페·디저트 중 '빵'을 판매·제공하는 매장,train,빵,T1 정확표기,721f53fb-840e-4cf5-86ad-a753ef80913a,스마일찹쌀꽈배기,빵,운남골목 골목형상점가,골목형상점가,광주광역시,,,
35c0e4b203c15e854b15,full_annotation_v1,A,q_빵_01,빵,카페·디저트 중 '빵'을 판매·제공하는 매장,train,빵,T1 정확표기,b6bf3ada-12fe-43e5-b090-dbcfcbbd846b,정민베이커리,빵,대조시장,전통시장,서울특별시,,,
4125563516f04fe38dbe,full_annotation_v1,A,q_빵_01,빵,카페·디저트 중 '빵'을 판매·제공하는 매장,train,빵,T1 정확표기,aa2a24cd-4543-4651-bc1b-26610d8eb44c,행복한빵집,빵,봉덕신시장,전통시장,대구광역시,,,
c1595dc8c07f098f02ea,full_annotation_v1,A,q_빵_01,빵,카페·디저트 중 '빵'을 판매·제공하는 매장,train,빵,T1 정확표기,ac301828-9bd1-4982-b8c7-15879fe9405c,건빵,빵,녹차골보성향토시장(구 보성5일시장),전통시장,전라남도,,,
820181d0ff91ab4aa8f4,full_annotation_v1,A,q_빵_01,빵,카페·디저트 중 '빵'을 판매·제공하는 매장,train,빵,T1 정확표기,9c2a0888-9c1d-4c8e-ba82-879726467330,뚜레주르,빵,팔등로기부거리,골목형상점가,울산광역시,,,
f91c5a8addbef9534688,full_annotation_v1,A,q_빵_01,빵,카페·디저트 중 '빵'을 판매·제공하는 매장,train,빵,T1 정확표기,0075dacf-3e3f-47b8-a4af-d3a2ff866348,북툰커피앤카페,찐빵 만두 커피,신창진흥 골목형상점가,골목형상점가,광주광역시,,,
803763fb9f2a03ab5f97,full_annotation_v1,A,q_빵_01,빵,카페·디저트 중 '빵'을 판매·제공하는 매장,train,빵,T1 정확표기,c8beffa5-6216-45d2-bf79-39af150c55a5,빵앗간,빵,관저동 먹거리 골목형상점가,골목형상점가,대전광역시,,,
3a8f7117a4dcb876fb78,full_annotation_v1,A,q_빵_01,빵,카페·디저트 중 '빵'을 판매·제공하는 매장,train,빵,T1 정확표기,97a237ab-5c6e-426e-852c-2164e240e2cd,완부,빵,수지성복플러스 골목형상점가,골목형상점가,경기도,,,
b71e6f09d204033abc34,full_annotation_v1,A,q_빵_01,빵,카페·디저트 중 '빵'을 판매·제공하는 매장,train,빵,T1 정확표기,7086e937-d456-4d56-9b57-29e04bc83287,대성제과,빵,남목전통시장,전통시장,울산광역시,,,
f5459aa0c2f5380a176f,full_annotation_v1,A,q_빵_01,빵,카페·디저트 중 '빵'을 판매·제공하는 매장,train,빵,T1 정확표기,940d327e-45e5-4d5a-ade7-d22f18911b8b,봉희당,빵 커피,양양로 골목형상점가,골목형상점가,강원특별자치도,,,
d84ea9fed59b8d504db8,full_annotation_v1,A,q_빵_02,베이커리,카페·디저트 중 '빵'을 판매·제공하는 매장,train,빵,T2 동의어,3e382720-3656-4e4d-b73f-3d7b39209ecf,베이커리 아산,베이커리,지중해마을 골목형상점가,골목형상점가,충청남도,,,
c0a04f7d629b907648f2,full_annotation_v1,A,q_빵_02,베이커리,카페·디저트 중 '빵'을 판매·제공하는 매장,train,빵,T2 동의어,c42c93bf-da1c-4cd6-b521-319f2fe45368,찬의 궁전,반찬,성남남한산성시장(구 은행골목시장),전통시장,경기도,,,
17cc7114b95ba384d7f0,full_annotation_v1,A,q_빵_02,베이커리,카페·디저트 중 '빵'을 판매·제공하는 매장,train,빵,T2 동의어,dae8fab6-50d4-43a0-a7d1-1f6f85686da0,아우어 베이커리 세종점,베이커리 커피,나성동 소방청 골목형상점가,골목형상점가,세종특별자치시,,,
b5b796a91641eba5df7c,full_annotation_v1,A,q_빵_02,베이커리,카페·디저트 중 '빵'을 판매·제공하는 매장,train,빵,T2 동의어,11e2dd2e-ab0e-4132-ba5d-ee4d652775f4,극동제과점,제빵,백년소상공인,기타,대전광역시,,,
312fafbaf90630876549,full_annotation_v1,A,q_빵_02,베이커리,카페·디저트 중 '빵'을 판매·제공하는 매장,train,빵,T2 동의어,e3591156-e5cf-48c4-a147-45c736b28810,해정상회,식자재,칠성본시장,전통시장,대구광역시,,,
5664b59c53de5d66efc8,full_annotation_v1,A,q_빵_02,베이커리,카페·디저트 중 '빵'을 판매·제공하는 매장,train,빵,T2 동의어,779a975d-3bdf-4210-a538-8d0c04cfa7dd,엉클베이커리,베이커리,정읍연지상점가,자율상권구역,전북특별자치도,,,
c732b76780cff66a4a1b,full_annotation_v1,A,q_빵_02,베이커리,카페·디저트 중 '빵'을 판매·제공하는 매장,train,빵,T2 동의어,983c56cb-6d7a-4dd0-968b-36becfd10864,괴산방아골농원,쌀,밤고개자연시장(내덕자연시장),전통시장,충청북도,,,
7a91a46c4bf80b015a69,full_annotation_v1,A,q_빵_02,베이커리,카페·디저트 중 '빵'을 판매·제공하는 매장,train,빵,T2 동의어,2bca6c63-27ce-48ef-982a-173800c6c834,수암꽈배기,빵집,수암상가시장,전통시장,울산광역시,,,
b56936409149b008d36e,full_annotation_v1,A,q_빵_02,베이커리,카페·디저트 중 '빵'을 판매·제공하는 매장,train,빵,T2 동의어,001bc028-a43e-44d4-9682-db280a4998cc,파리바게뜨전주근영점,제과점,근영누리 골목형상점가,골목형상점가,전북특별자치도,,,
718dadd8e94c246acefd,full_annotation_v1,A,q_빵_02,베이커리,카페·디저트 중 '빵'을 판매·제공하는 매장,train,빵,T2 동의어,b5801045-482d-4643-91c1-49ad79bbd11e,르모멍,베이커리,성수역골목형상점가,골목형상점가,서울특별시,,,
d3d56da29c27e22547e1,full_annotation_v1,A,q_빵_02,베이커리,카페·디저트 중 '빵'을 판매·제공하는 매장,train,빵,T2 동의어,d373022b-492d-44bb-a91e-0173a8e56094,자미당,베이커리,미장상가 골목형상점가,골목형상점가,전북특별자치도,,,
8fab68896d5d161de8dc,full_annotation_v1,A,q_빵_02,베이커리,카페·디저트 중 '빵'을 판매·제공하는 매장,train,빵,T2 동의어,495954e3-8ed5-45e7-9975-e8269044e53a,앙쥬베이커리,베이커리,고성동벚꽃 골목형상점가,골목형상점가,대구광역시,,,
093e7afe6852ed7f4224,full_annotation_v1,A,q_빵_02,베이커리,카페·디저트 중 '빵'을 판매·제공하는 매장,train,빵,T2 동의어,92c20c11-cbbc-4ec9-9580-bd3db4d98e45,플로븐 베이커리,베이커피,금화상인회 골목형상점가,골목형상점가,광주광역시,,,
c6ae859dac1920ab3e6e,full_annotation_v1,A,q_빵_02,베이커리,카페·디저트 중 '빵'을 판매·제공하는 매장,train,빵,T2 동의어,00d3ef33-13db-4750-93a0-4b31010fcb70,온유베이크,카페,스타타워1 골목형상점가,골목형상점가,인천광역시,,,
2fdd7c1e679eb840d486,full_annotation_v1,A,q_빵_02,베이커리,카페·디저트 중 '빵'을 판매·제공하는 매장,train,빵,T2 동의어,e56100a4-6d4e-48af-92ee-ec32b2ae2787,우리집김밥,한식,안말초로 골목형상점가,골목형상점가,경기도,,,
911e6e7efc21382847bd,full_annotation_v1,A,q_빵_02,베이커리,카페·디저트 중 '빵'을 판매·제공하는 매장,train,빵,T2 동의어,d225d568-2044-493a-9c73-fe9044e50a21,스마일찰진꽈배기,베이커리,동문동 골목형상점가,골목형상점가,충청남도,,,
76818e45ce3bdffb0e92,full_annotation_v1,A,q_빵_02,베이커리,카페·디저트 중 '빵'을 판매·제공하는 매장,train,빵,T2 동의어,008d07a3-ba18-4806-9ec7-48c0adb25276,아빠네 빵집,제과제빵,신창수문 골목형상점가,골목형상점가,광주광역시,,,
52a2708775ec7af56ff8,full_annotation_v1,A,q_빵_02,베이커리,카페·디저트 중 '빵'을 판매·제공하는 매장,train,빵,T2 동의어,0063671e-77f7-466c-bbc2-223497c0dae4,무가당,카페,세병호 골목형상점가,골목형상점가,전북특별자치도,,,
4cb59525e9c2631e0a86,full_annotation_v1,A,q_빵_02,베이커리,카페·디저트 중 '빵'을 판매·제공하는 매장,train,빵,T2 동의어,003d7e3f-6459-4018-ac58-7184cd2457d5,눈치 금호점,카페,금호1동상가번영회 골목형상점가,골목형상점가,광주광역시,,,
b77a8246f1744b244b25,full_annotation_v1,A,q_빵_02,베이커리,카페·디저트 중 '빵'을 판매·제공하는 매장,train,빵,T2 동의어,b6637108-29ea-4d80-95d7-40eb3e7771a0,를리지외즈,베이커리,법원단지길골목형상점가,골목형상점가,서울특별시,,,
9c286485883f8c7cf5fe,full_annotation_v1,A,q_빵_02,베이커리,카페·디저트 중 '빵'을 판매·제공하는 매장,train,빵,T2 동의어,00ef0be0-bb62-463e-80ad-862e34111872,파리바게뜨 계룡쇼핑타운,제과제빵,신도안면 골목형상점가,골목형상점가,충청남도,,,
e12173e9d8e71ee8fb8c,full_annotation_v1,A,q_빵_02,베이커리,카페·디저트 중 '빵'을 판매·제공하는 매장,train,빵,T2 동의어,002d0d06-15b2-463e-b789-b0232bcc6681,뚜레주르버들마을점,제과,버들마을상인회 골목형상점가,골목형상점가,광주광역시,,,
43009893c3a0793ee103,full_annotation_v1,A,q_빵_02,베이커리,카페·디저트 중 '빵'을 판매·제공하는 매장,train,빵,T2 동의어,282bd6f8-aaf0-48ea-88ca-6e586f4fc8d1,홍율당,베이커리 커피,정림동 골목형상점가,골목형상점가,대전광역시,,,
46e8e223b52a56503a38,full_annotation_v1,A,q_빵_02,베이커리,카페·디저트 중 '빵'을 판매·제공하는 매장,train,빵,T2 동의어,000d1253-5431-4636-8c94-ddf12e805cb7,파리바게뜨언양점,빵,언양읍성 남문 골목형상점가,골목형상점가,울산광역시,,,
314f5c98c44f53f3a51d,full_annotation_v1,A,q_빵_02,베이커리,카페·디저트 중 '빵'을 판매·제공하는 매장,train,빵,T2 동의어,43f89833-8e90-45ae-b6bb-2b00a1986e9f,홍스케이크,베이커리,동부시장 백구단길 골목형상점가,골목형상점가,서울특별시,,,
b6b14447aaf18fe2b097,full_annotation_v1,A,q_빵_02,베이커리,카페·디저트 중 '빵'을 판매·제공하는 매장,train,빵,T2 동의어,42ee71fe-b7f4-465a-97dc-c6354b2949bf,애나드 베이커리,,장성읍 골목형상점가,골목형상점가,전라남도,,,
95c7439022313ca9bf98,full_annotation_v1,A,q_빵_02,베이커리,카페·디저트 중 '빵'을 판매·제공하는 매장,train,빵,T2 동의어,d56ab651-21db-4b8d-902e-7be19fc4c728,소소베이커리,베이커리,신안코아,전통시장,경기도,,,
cbaf892fb5c9d7acc070,full_annotation_v1,A,q_빵_02,베이커리,카페·디저트 중 '빵'을 판매·제공하는 매장,train,빵,T2 동의어,9fb039af-d3f1-4913-b35b-ecb48ee6fcce,슬베이커리,베이커리,안산다농마트전통시장,전통시장,경기도,,,
40d2f435a89c1caf0d9c,full_annotation_v1,A,q_빵_02,베이커리,카페·디저트 중 '빵'을 판매·제공하는 매장,train,빵,T2 동의어,6dcd62dc-384e-4d4d-a8c2-e9ee2211f171,베이커리립,베이커리,광교상현역 온누리 골목형상점가,골목형상점가,경기도,,,
79388fec5c454e08c0ed,full_annotation_v1,A,q_빵_02,베이커리,카페·디저트 중 '빵'을 판매·제공하는 매장,train,빵,T2 동의어,5b3f351e-0d96-44c2-9bfe-f94eda7fb07b,모란약초건강원,농산물,모란종합시장,전통시장,경기도,,,
e474240fc74f8c2dd064,full_annotation_v1,A,q_빵_02,베이커리,카페·디저트 중 '빵'을 판매·제공하는 매장,train,빵,T2 동의어,74ebe765-fc19-4b65-8fd3-c7701354acc4,작은언니 베이커리,베이커리,남양시장골목형상점가,골목형상점가,경기도,,,
d80be87e12f601e800ab,full_annotation_v1,A,q_빵_02,베이커리,카페·디저트 중 '빵'을 판매·제공하는 매장,train,빵,T2 동의어,e77df353-96f8-4096-9b03-a0175802d4af,일억조,베이커리,순천문화의거리 금꽃예술촌,자율상권구역,전라남도,,,
f0001ccb1f601abb1540,full_annotation_v1,A,q_빵_02,베이커리,카페·디저트 중 '빵'을 판매·제공하는 매장,train,빵,T2 동의어,d48fa52e-138e-465e-8e3a-d472b70f28e9,행운당,베이커리,행운담길골목형상점가,골목형상점가,서울특별시,,,
e0fa6fd6e9d8e03281d2,full_annotation_v1,A,q_빵_02,베이커리,카페·디저트 중 '빵'을 판매·제공하는 매장,train,빵,T2 동의어,6e229f7e-3ad1-4e59-9c3c-5a0f177b630a,솔트포인트,베이커리,순천연향패션상가,자율상권구역,전라남도,,,
c82b46f411d1504a8f37,full_annotation_v1,A,q_빵_02,베이커리,카페·디저트 중 '빵'을 판매·제공하는 매장,train,빵,T2 동의어,4ac5bd3c-82da-4dcd-b87c-866e06967b34,신일사,메리야스 낚시용품,서문시장2지구 종합상가,전통시장,대구광역시,,,
f3f53d906618a8928907,full_annotation_v1,A,q_빵_02,베이커리,카페·디저트 중 '빵'을 판매·제공하는 매장,train,빵,T2 동의어,50949138-0c80-4d32-b9ea-68d4b7035ead,더캔트,베이커리,수원남문로데오시장,전통시장,경기도,,,
015679c695cba815f9cf,full_annotation_v1,A,q_빵_02,베이커리,카페·디저트 중 '빵'을 판매·제공하는 매장,train,빵,T2 동의어,13a358d6-3370-4d21-9b53-d9ba2650d41e,OVE베이커리,베이커리,능동상가,자율상권구역,경기도,,,
6638b8598da1a65b2872,full_annotation_v1,A,q_빵_02,베이커리,카페·디저트 중 '빵'을 판매·제공하는 매장,train,빵,T2 동의어,6dbbbbeb-4371-46f8-a334-9f3938f4ad03,이용재베이커리 by서재리,베이커리,서재소상공인연합회,골목형상점가,대구광역시,,,
d64df27e0428b8a5e050,full_annotation_v1,A,q_빵_02,베이커리,카페·디저트 중 '빵'을 판매·제공하는 매장,train,빵,T2 동의어,f6158125-abc8-460e-ae47-2b21c785a62e,대디스 베이커리,,석촌시장,전통시장,서울특별시,,,
5c48c9215a6e96acb9e1,full_annotation_v1,A,q_빵_02,베이커리,카페·디저트 중 '빵'을 판매·제공하는 매장,train,빵,T2 동의어,006a3289-9c32-4593-a919-9259a7215a7d,우리베이커리,빵류,동해중앙시장상권활성화구역,상권활성화구역,강원특별자치도,,,
d3db4aab5ba59b4735af,full_annotation_v1,A,q_빵_02,베이커리,카페·디저트 중 '빵'을 판매·제공하는 매장,train,빵,T2 동의어,7d5801cc-8e16-4888-b54d-8206610cb602,파리바게뜨춘천포스코점,베이커리,후평일단지시장,전통시장,강원특별자치도,,,
82a19181a227429527d7,full_annotation_v1,A,q_빵_02,베이커리,카페·디저트 중 '빵'을 판매·제공하는 매장,train,빵,T2 동의어,86656a1d-8803-43e0-8240-aaf902da5668,그랑팔레베이커리,베이커리,월곡2동 골목형상점가,골목형상점가,광주광역시,,,
ec9d40236c797bf4fc9b,full_annotation_v1,A,q_빵_02,베이커리,카페·디저트 중 '빵'을 판매·제공하는 매장,train,빵,T2 동의어,2994217c-f472-491c-8b08-feb34e874e70,설화베이커리,베이커리,빛가람 하나로 골목형상점가,골목형상점가,전라남도,,,
031cbabff351ed8faead,full_annotation_v1,A,q_빵_02,베이커리,카페·디저트 중 '빵'을 판매·제공하는 매장,train,빵,T2 동의어,003e7ebf-1112-4ab4-a484-67716e4b2a85,이든,카페,원주중앙시장활성화구역,상권활성화구역,강원특별자치도,,,
8227f4a5f442b7e723ec,full_annotation_v1,A,q_빵_02,베이커리,카페·디저트 중 '빵'을 판매·제공하는 매장,train,빵,T2 동의어,ae0def84-f98a-4520-9d4e-3ca45dd3b387,다루마,베이커리,신포상가연합회,자율상권구역,인천광역시,,,
b7bd6ef5ed2af653cf8f,full_annotation_v1,A,q_빵_02,베이커리,카페·디저트 중 '빵'을 판매·제공하는 매장,train,빵,T2 동의어,7d6bca7d-1152-4a8a-9655-ded7d82766d3,포밀,베이커리 카페,법원후문 골목형상점가,골목형상점가,광주광역시,,,
87fdd704450df99c0c40,full_annotation_v1,A,q_빵_02,베이커리,카페·디저트 중 '빵'을 판매·제공하는 매장,train,빵,T2 동의어,426b4a20-6d96-4f5c-b847-545daa21d02c,크리스탈베이커리,베이커리,무등시장,전통시장,광주광역시,,,
c458d506404bd62a1ba3,full_annotation_v1,A,q_빵_02,베이커리,카페·디저트 중 '빵'을 판매·제공하는 매장,train,빵,T2 동의어,17420610-a61c-4f13-bfe8-7cb86c6bbf0a,곤트란쉐리에,베이커리,금호푸른상인회 골목형상점가,골목형상점가,광주광역시,,,
2b5623a83757effc96b2,full_annotation_v1,A,q_빵_02,베이커리,카페·디저트 중 '빵'을 판매·제공하는 매장,train,빵,T2 동의어,4253bd28-b4e2-42b7-9cd6-9c32d2541055,육일제과,빵집,중리시장,전통시장,대전광역시,,,
4473775ac5d179b26782,full_annotation_v1,A,q_빵_02,베이커리,카페·디저트 중 '빵'을 판매·제공하는 매장,train,빵,T2 동의어,00362b85-cb9a-4318-9059-12f768d76197,파리바게뜨전주인후점,제과점,소나무 골목형상점가,골목형상점가,전북특별자치도,,,
c1d763c4f4dc0fcd513e,full_annotation_v1,A,q_빵_02,베이커리,카페·디저트 중 '빵'을 판매·제공하는 매장,train,빵,T2 동의어,7429979e-38ce-4b2c-ad30-64761b330ed7,치치 베이커리,,쌍용1번가 골목형상점가,골목형상점가,충청남도,,,
8edc0ed2bf59847b1372,full_annotation_v1,A,q_빵_02,베이커리,카페·디저트 중 '빵'을 판매·제공하는 매장,train,빵,T2 동의어,dbfe474b-3139-47d0-8e56-fc9e5c07b064,사각사각 베이커리,빵,백운광장 골목형상점가,골목형상점가,광주광역시,,,
7390936f2df957803df5,full_annotation_v1,A,q_빵_02,베이커리,카페·디저트 중 '빵'을 판매·제공하는 매장,train,빵,T2 동의어,28e4f1e0-9fa6-4368-b52c-d44596318f82,보납정,베이커리,가평잣고을시장,전통시장,경기도,,,
28e2b64129c59aa47e10,full_annotation_v1,A,q_빵_02,베이커리,카페·디저트 중 '빵'을 판매·제공하는 매장,train,빵,T2 동의어,3ff528ce-d204-4359-aca6-f79635aea7fa,밸런스베이커리,베이커리,신림별빛거리골목형상점가,골목형상점가,서울특별시,,,
ea8df7c27fae28ed7339,full_annotation_v1,A,q_빵_02,베이커리,카페·디저트 중 '빵'을 판매·제공하는 매장,train,빵,T2 동의어,aebc536e-be51-45c1-8101-d3e69e8f4e49,오호하우스OHOHOUSE,베이커리,춘천 원도심 상권활성화,상권활성화구역,강원특별자치도,,,
d39f7a640fe133f7f0f3,full_annotation_v1,A,q_빵_02,베이커리,카페·디저트 중 '빵'을 판매·제공하는 매장,train,빵,T2 동의어,7c72c094-b63d-43c5-afb6-6fc775134bbd,미닝아웃베이커리,베이커리,황동길 골목형상점가,골목형상점가,전라남도,,,
1d02d0227a683ef5ee91,full_annotation_v1,A,q_빵_02,베이커리,카페·디저트 중 '빵'을 판매·제공하는 매장,train,빵,T2 동의어,5ccfc091-e02a-4359-8e71-c35ecf3dd6e9,그린하우스베이커리,베이커리,하당꽃길1가 골목형상점가,골목형상점가,전라남도,,,
77c95662d7038c85b65b,full_annotation_v1,A,q_빵_02,베이커리,카페·디저트 중 '빵'을 판매·제공하는 매장,train,빵,T2 동의어,9c32ca55-a4f5-4eaa-847c-f321e03d22e4,베이커리 알레,베이커리,풍암동부상인회 골목형상점가,골목형상점가,광주광역시,,,
aaf478a36016dbf127ef,full_annotation_v1,A,q_빵_02,베이커리,카페·디저트 중 '빵'을 판매·제공하는 매장,train,빵,T2 동의어,eb54aca6-b150-4fd5-93de-8da519105753,에스콰이아(군산점),신발 스포츠레저용품,군산 원도심 골목형상점가,골목형상점가,전북특별자치도,,,
ee29c5aa3bead75be1df,full_annotation_v1,A,q_빵_02,베이커리,카페·디저트 중 '빵'을 판매·제공하는 매장,train,빵,T2 동의어,a9536b56-d072-41be-b4c8-890c5f2e18b1,명장시대,베이커리,구갈상점가,자율상권구역,경기도,,,
30d927600e905d55a5b3,full_annotation_v1,A,q_빵_02,베이커리,카페·디저트 중 '빵'을 판매·제공하는 매장,train,빵,T2 동의어,be3fec81-ecd4-4518-800b-8f5e660e94d4,파리바게뜨,베이커리,노은역 골목형상점가,골목형상점가,대전광역시,,,
1809db8491a8ab7ef803,full_annotation_v1,A,q_빵_02,베이커리,카페·디저트 중 '빵'을 판매·제공하는 매장,train,빵,T2 동의어,08e1d991-57e1-440f-a5ab-e62825fedeb7,커피인더스트리,음료 및 베이커리,당정동한세로 골목형상점가,골목형상점가,경기도,,,
146de8026d54268f8ee2,full_annotation_v1,A,q_빵_02,베이커리,카페·디저트 중 '빵'을 판매·제공하는 매장,train,빵,T2 동의어,cffa6983-a24b-4b38-9c33-55a993852db8,브레드정J,베이커리,학운 골목형상점가,골목형상점가,광주광역시,,,
78331ea094a7bc24cf44,full_annotation_v1,A,q_빵_02,베이커리,카페·디저트 중 '빵'을 판매·제공하는 매장,train,빵,T2 동의어,b74be2cf-6270-489f-866a-c092389b6f55,두두디저트,베이커리,노대물빛근린공원 골목형상점가,골목형상점가,광주광역시,,,
0f404b450f037e2d8150,full_annotation_v1,A,q_빵_02,베이커리,카페·디저트 중 '빵'을 판매·제공하는 매장,train,빵,T2 동의어,e90d43e1-e42b-4b3a-9aa0-257da2683b8f,새안동상회,채소,팔달신시장,전통시장,대구광역시,,,
283e83f7c12148a041ec,full_annotation_v1,A,q_빵_02,베이커리,카페·디저트 중 '빵'을 판매·제공하는 매장,train,빵,T2 동의어,3227f307-dd08-45da-aa90-dc42dcbb7251,소팡 베이커리,베이커리,수완아름마을,골목형상점가,광주광역시,,,
bbdd5d135f9376abfb07,full_annotation_v1,A,q_빵_02,베이커리,카페·디저트 중 '빵'을 판매·제공하는 매장,train,빵,T2 동의어,22ea81af-c0d7-4aa4-aee6-8f09ea872836,로이드조치원점,의류,조치원중심가로상점가,자율상권구역,세종특별자치시,,,
99acadc3d95f46ba5983,full_annotation_v1,A,q_빵_02,베이커리,카페·디저트 중 '빵'을 판매·제공하는 매장,train,빵,T2 동의어,151c3e4f-ad4e-45cf-873c-cd9070bb0077,빵순이베이커리,베이커리,창원 소계옛길시장,전통시장,경상남도,,,
9b88307592265d11da34,full_annotation_v1,A,q_빵_02,베이커리,카페·디저트 중 '빵'을 판매·제공하는 매장,train,빵,T2 동의어,b95dc77a-7e44-426d-8d16-2dcf6f1674c5,맘마미아 베이커리,,설악로데오거리상점가,자율상권구역,강원특별자치도,,,
d1bc15d6b265a6f4f0d5,full_annotation_v1,A,q_빵_02,베이커리,카페·디저트 중 '빵'을 판매·제공하는 매장,train,빵,T2 동의어,16ac5642-d977-4765-a96e-4b6c4bf2a743,빵사랑베이커리,제빵,방이시장,전통시장,서울특별시,,,
e71f2aa0f85e65f992ee,full_annotation_v1,A,q_빵_02,베이커리,카페·디저트 중 '빵'을 판매·제공하는 매장,train,빵,T2 동의어,0426fae9-9be0-4571-8071-beaa385defda,파리바게트 조암점,베이커리,조암시장,전통시장,경기도,,,
dff8078b4c2a82cbc551,full_annotation_v1,A,q_빵_02,베이커리,카페·디저트 중 '빵'을 판매·제공하는 매장,train,빵,T2 동의어,c4adb7b2-d945-4da2-a09e-13db9bf1ac4b,밀밭베이커리,베이커리,큰장로네거리 골목형상점가,골목형상점가,대구광역시,,,
14a3e43f88dc88619369,full_annotation_v1,A,q_빵_02,베이커리,카페·디저트 중 '빵'을 판매·제공하는 매장,train,빵,T2 동의어,2470913c-f81f-442f-8710-caa949b86f4e,브레드80,"제과, 제빵, 음료",럭스스퀘어 골목형상점가,골목형상점가,세종특별자치시,,,
e97877dc3c4641b2a0a4,full_annotation_v1,A,q_빵_02,베이커리,카페·디저트 중 '빵'을 판매·제공하는 매장,train,빵,T2 동의어,ee543401-5db8-42ec-9852-1ad202ff261d,드림베이커리,베이커리,법원 앞 사과마을 골목형상점가,골목형상점가,광주광역시,,,
ddd500c0a4b2b0bb09de,full_annotation_v1,A,q_빵_02,베이커리,카페·디저트 중 '빵'을 판매·제공하는 매장,train,빵,T2 동의어,ddc35dac-0a5d-402f-bb8a-c329593cbb11,셀리빵집,베이커리,봉천달빛길골목형상점가,골목형상점가,서울특별시,,,
903f474b6a05481249b6,full_annotation_v1,A,q_빵_02,베이커리,카페·디저트 중 '빵'을 판매·제공하는 매장,train,빵,T2 동의어,32c92327-4272-45d2-89e5-3b7cbe808c04,베이커리카페썸,베이커리,나주 대호동 골목형상점가,골목형상점가,전라남도,,,
829922af513d12b2d883,full_annotation_v1,A,q_빵_02,베이커리,카페·디저트 중 '빵'을 판매·제공하는 매장,train,빵,T2 동의어,7082086a-1061-4e64-986e-c6bef15f4e3c,뚜레쥬르울산지웰자이점,베이커리,지웰시티자이상가 골목형상점가,골목형상점가,울산광역시,,,
85be37dcaf05b5c3bd0a,full_annotation_v1,A,q_빵_02,베이커리,카페·디저트 중 '빵'을 판매·제공하는 매장,train,빵,T2 동의어,323113dc-b2d9-4366-b21c-037d0f130f31,제트네빵집,,고성시장,전통시장,경상남도,,,
444daaf3a7c531d0f44f,full_annotation_v1,A,q_빵_02,베이커리,카페·디저트 중 '빵'을 판매·제공하는 매장,train,빵,T2 동의어,3e98667a-44da-48a3-873c-d114c7680fec,스마일꽈배기,베이커리,초지항아리 골목형상점가,골목형상점가,경기도,,,
1fb4ae1e738625a87ec1,full_annotation_v1,A,q_빵_02,베이커리,카페·디저트 중 '빵'을 판매·제공하는 매장,train,빵,T2 동의어,f4c3c409-2010-4f94-9b3e-99deb21b585c,소복이,베이커리,동평새시장,전통시장,부산광역시,,,
ab18851bd4a9782fdfb0,full_annotation_v1,A,q_빵_02,베이커리,카페·디저트 중 '빵'을 판매·제공하는 매장,train,빵,T2 동의어,0a413ebb-2596-4b3f-b5aa-194b242ce558,백호빵집,빵집,까치산시장,전통시장,서울특별시,,,
6de5a5cde397afc359e3,full_annotation_v1,A,q_빵_02,베이커리,카페·디저트 중 '빵'을 판매·제공하는 매장,train,빵,T2 동의어,da4df623-6618-40c7-a404-a8c23f99016f,바잇첼,베이커리,은구비서로사회적협동조합 골목형상점가,골목형상점가,대전광역시,,,
ce26fdd699599cd37c31,full_annotation_v1,A,q_빵_02,베이커리,카페·디저트 중 '빵'을 판매·제공하는 매장,train,빵,T2 동의어,c849e940-c922-41f9-9450-ec5e1ed34bdc,베이커리 고움,빵,샤로수길골목형상점가,골목형상점가,서울특별시,,,
addfae943ebac2bcfabd,full_annotation_v1,A,q_빵_02,베이커리,카페·디저트 중 '빵'을 판매·제공하는 매장,train,빵,T2 동의어,cf06d85c-3f2e-4670-84a2-f406a18f27dc,한빛약국,의약품,발안만세시장(구 발안시장),전통시장,경기도,,,
11b892159c6ca1cf4f6b,full_annotation_v1,A,q_빵_02,베이커리,카페·디저트 중 '빵'을 판매·제공하는 매장,train,빵,T2 동의어,229d4900-3644-4ed4-85eb-fb133c7c1573,파리바게트,제빵,매탄골목상인회 골목형상점가,골목형상점가,경기도,,,
06198caf76384349f7da,full_annotation_v1,A,q_빵_02,베이커리,카페·디저트 중 '빵'을 판매·제공하는 매장,train,빵,T2 동의어,2b45d415-9575-4a6f-9c9f-81ea86caa572,도레팡,베이커리,고성동벚꽃 골목형상점가,골목형상점가,대구광역시,,,
38c4ec8935d152400e61,full_annotation_v1,A,q_빵_02,베이커리,카페·디저트 중 '빵'을 판매·제공하는 매장,train,빵,T2 동의어,0831a084-d734-4518-a249-a2fa02715306,연일추어탕,추어탕 미역국,연산골목시장상점가,자율상권구역,부산광역시,,,
a367aa9ac20052463f8b,full_annotation_v1,A,q_빵_02,베이커리,카페·디저트 중 '빵'을 판매·제공하는 매장,train,빵,T2 동의어,0061123f-a676-4556-9633-5fbc4ecaf6ef,치즈케익카스테라카페,제과,북가좌동 골목형상점가,골목형상점가,서울특별시,,,
79691569960c0385308a,full_annotation_v1,A,q_빵_02,베이커리,카페·디저트 중 '빵'을 판매·제공하는 매장,train,빵,T2 동의어,e4532a33-fca5-4ab9-83c5-b2562ed80727,홍구빵집,베이커리,첨단월계 골목형상점가,골목형상점가,광주광역시,,,
61dd4ce0399178207676,full_annotation_v1,A,q_빵_02,베이커리,카페·디저트 중 '빵'을 판매·제공하는 매장,train,빵,T2 동의어,5157c2ff-943c-4e37-affe-7d08bb53a8d5,아오모모,베이커리,옛 경양방죽 골목형상점가,골목형상점가,광주광역시,,,
f57dd5a92342a0f024c3,full_annotation_v1,A,q_빵_02,베이커리,카페·디저트 중 '빵'을 판매·제공하는 매장,train,빵,T2 동의어,c1d74b1f-2704-4bbd-a279-860ac6733e94,사오,베이커리,은행동상점가(구 으능정이상점가),자율상권구역,대전광역시,,,
fcfa36a1b7f6496e52f9,full_annotation_v1,A,q_빵_02,베이커리,카페·디저트 중 '빵'을 판매·제공하는 매장,train,빵,T2 동의어,16d7c2d6-9f81-4ef7-9f21-c6752e8427e0,비올렛베이커리,제빵,응암골골목형상점가,골목형상점가,서울특별시,,,
68a45cd9fe6e103fa3d4,full_annotation_v1,A,q_빵_02,베이커리,카페·디저트 중 '빵'을 판매·제공하는 매장,train,빵,T2 동의어,56efb7ea-ed54-4760-9eca-5a4533524c0f,단하나케이크,베이커리,동성로상점가,자율상권구역,대구광역시,,,
b3f1c5030b60b07d460a,full_annotation_v1,A,q_빵_02,베이커리,카페·디저트 중 '빵'을 판매·제공하는 매장,train,빵,T2 동의어,1bf85086-a7a0-43f3-871d-f9872d46dafc,거복이제빵소,베이커리,미라클,골목형상점가,광주광역시,,,
da218f9916593e67e507,full_annotation_v1,A,q_빵_02,베이커리,카페·디저트 중 '빵'을 판매·제공하는 매장,train,빵,T2 동의어,9840a1ea-fe8b-41e1-a60c-96067aec8a85,노마드오븐,베이커리,성안길상점가,자율상권구역,충청북도,,,
ce2c73c7293fac13d2bb,full_annotation_v1,A,q_빵_02,베이커리,카페·디저트 중 '빵'을 판매·제공하는 매장,train,빵,T2 동의어,dce780f0-bb58-434c-b58b-358792019ad2,남보현베이커리,베이커리,봉산동 골목형상점가,골목형상점가,대전광역시,,,
e5f63756b76a1eded402,full_annotation_v1,A,q_빵_02,베이커리,카페·디저트 중 '빵'을 판매·제공하는 매장,train,빵,T2 동의어,9a438ca3-10d6-4ac9-9f7a-77763e1fae53,여성크로커다일영동점,의류 스포츠의류,군산 원도심 골목형상점가,골목형상점가,전북특별자치도,,,
e9c8f0db08500eae73d1,full_annotation_v1,A,q_빵_02,베이커리,카페·디저트 중 '빵'을 판매·제공하는 매장,train,빵,T2 동의어,23acd284-e58f-4b89-a149-2b75716ead36,김영희동태찜&코다리냉면 도담점,한식,도담동 골목형상점가,골목형상점가,세종특별자치시,,,
3c3fbf804eef88262bda,full_annotation_v1,A,q_빵_02,베이커리,카페·디저트 중 '빵'을 판매·제공하는 매장,train,빵,T2 동의어,097fc611-9788-401e-9ac1-bb20760ca643,브렛의오븐,베이커리음료,마산 월영대시장,전통시장,경상남도,,,
04763585cd3086735f7c,full_annotation_v1,A,q_빵_02,베이커리,카페·디저트 중 '빵'을 판매·제공하는 매장,train,빵,T2 동의어,bfb27bba-f39e-4b06-866e-06b5b24e4580,마레몬떼,여성복,성서아울렛타운,자율상권구역,대구광역시,,,
bb1e2f5426066eef1b79,full_annotation_v1,A,q_빵_02,베이커리,카페·디저트 중 '빵'을 판매·제공하는 매장,train,빵,T2 동의어,fd2a4417-4988-4a02-902e-768182aa53df,오소유,베이커리,성덕중사거리,골목형상점가,광주광역시,,,
1e36f7d2358551912121,full_annotation_v1,A,q_빵_02,베이커리,카페·디저트 중 '빵'을 판매·제공하는 매장,train,빵,T2 동의어,3835c270-8285-42d8-9095-4695dbacdc3b,데일리팡,제과 빵집(빵),부평깡통시장(구 부산부평시장),전통시장,부산광역시,,,
5762d5abac0d875838f8,full_annotation_v1,A,q_빵_02,베이커리,카페·디저트 중 '빵'을 판매·제공하는 매장,train,빵,T2 동의어,b8f48972-71a6-4378-ba55-2ea4bdb9cd1c,웁스랩,타코야끼,고운마음 골목형상점가,골목형상점가,세종특별자치시,,,
01cc4e29e1c61162321b,full_annotation_v1,A,q_빵_02,베이커리,카페·디저트 중 '빵'을 판매·제공하는 매장,train,빵,T2 동의어,083ecffe-5e65-4c93-add9-107d3501f214,달빛찻집,베이커리,정림동 골목형상점가,골목형상점가,대전광역시,,,
b3d4e6ec283294e6c17f,full_annotation_v1,A,q_빵_02,베이커리,카페·디저트 중 '빵'을 판매·제공하는 매장,train,빵,T2 동의어,011e2df5-6d25-4553-bfc6-cdf779856853,올데이(All day),카페,남구 용대로 골목형상점가,골목형상점가,광주광역시,,,
0261eae65173976647cb,full_annotation_v1,A,q_빵_02,베이커리,카페·디저트 중 '빵'을 판매·제공하는 매장,train,빵,T2 동의어,86699458-11ea-40e1-a58e-ce37bc6250b1,베이커리 현월,빵,자양전통시장,전통시장,서울특별시,,,
7ad1b6da60b91aebb92c,full_annotation_v1,A,q_빵_02,베이커리,카페·디저트 중 '빵'을 판매·제공하는 매장,train,빵,T2 동의어,a34e252a-e381-487c-aa5d-1e4a13a28bbc,픽베이크,베이커리,동성로 상권활성화구역,상권활성화구역,대구광역시,,,
bb84a7220f9f7c8b7f56,full_annotation_v1,A,q_빵_02,베이커리,카페·디저트 중 '빵'을 판매·제공하는 매장,train,빵,T2 동의어,42385471-d2c7-43c1-8c3a-1894c5fa38f4,현대할인마트,가공식품 생필품 주류,평택통복시장,전통시장,경기도,,,
0f5303cc0868c00be169,full_annotation_v1,A,q_빵_02,베이커리,카페·디저트 중 '빵'을 판매·제공하는 매장,train,빵,T2 동의어,f740f8ff-9773-4e28-9740-4da44a74a52b,박아저씨베이커리,베이커리,신장전통시장,전통시장,경기도,,,
08824e2301d338374765,full_annotation_v1,A,q_빵_02,베이커리,카페·디저트 중 '빵'을 판매·제공하는 매장,train,빵,T2 동의어,f58a2e28-8f93-4d55-a840-24fcd9c66dbe,루바 베이커리,,산내마을 골목형상점가,골목형상점가,경기도,,,
44a1182566878375c43a,full_annotation_v1,A,q_빵_02,베이커리,카페·디저트 중 '빵'을 판매·제공하는 매장,train,빵,T2 동의어,0017b31e-27bf-4395-a7b2-ad9bc8554d97,컴포즈커피 충주호암한신더휴점,"커피, 음료",호암사천개로골목형상점가,골목형상점가,충청북도,,,
15c342b11ca59cc78496,full_annotation_v1,A,q_빵_02,베이커리,카페·디저트 중 '빵'을 판매·제공하는 매장,train,빵,T2 동의어,3abcd3b8-fc6d-4b1d-90bb-1e1811f41494,베이커리 모키,커피 베이커리,오목내길골목형상점가,골목형상점가,서울특별시,,,
bda669be68f4fdf4ff32,full_annotation_v1,A,q_빵_02,베이커리,카페·디저트 중 '빵'을 판매·제공하는 매장,train,빵,T2 동의어,0075dacf-3e3f-47b8-a4af-d3a2ff866348,북툰커피앤카페,찐빵 만두 커피,신창진흥 골목형상점가,골목형상점가,광주광역시,,,
af3961692cac20f38499,full_annotation_v1,A,q_빵_02,베이커리,카페·디저트 중 '빵'을 판매·제공하는 매장,train,빵,T2 동의어,00b6de61-2c2e-4164-aee6-c011f81aec20,파리바게뜨 세종반곡,"베이커리, 케이크, 음료, 커피",반곡동행복 골목형상점가,골목형상점가,세종특별자치시,,,
89295a1aeea73df4f718,full_annotation_v1,A,q_빵_02,베이커리,카페·디저트 중 '빵'을 판매·제공하는 매장,train,빵,T2 동의어,1b3c0f08-3d66-4f7b-a1a6-7ee19b937611,빵뜨락베이커리,베이커리,중마시장,전통시장,전라남도,,,
64de73d9e4e8accb2d82,full_annotation_v1,A,q_빵_02,베이커리,카페·디저트 중 '빵'을 판매·제공하는 매장,train,빵,T2 동의어,19f3dd61-e1f7-4d0b-9fd8-8eb65204800b,와암,베이커리,미사강변 골목형상점가,골목형상점가,경기도,,,
499641d5ee1b3ca7abfd,full_annotation_v1,A,q_빵_03,빵집,카페·디저트 중 '빵'을 판매·제공하는 매장,train,빵,T2 동의어,e47ab7f3-6bdf-4642-bddb-1c7c597b4a9b,빵빵한빵집,,정이있는 구포시장,전통시장,부산광역시,,,
0790ce1b226fedc27f9f,full_annotation_v1,A,q_빵_03,빵집,카페·디저트 중 '빵'을 판매·제공하는 매장,train,빵,T2 동의어,2470913c-f81f-442f-8710-caa949b86f4e,브레드80,"제과, 제빵, 음료",럭스스퀘어 골목형상점가,골목형상점가,세종특별자치시,,,
58a13e781a39e83e5bdb,full_annotation_v1,A,q_빵_03,빵집,카페·디저트 중 '빵'을 판매·제공하는 매장,train,빵,T2 동의어,083ecffe-5e65-4c93-add9-107d3501f214,달빛찻집,베이커리,정림동 골목형상점가,골목형상점가,대전광역시,,,
b15623b464e51c16c74f,full_annotation_v1,A,q_빵_03,빵집,카페·디저트 중 '빵'을 판매·제공하는 매장,train,빵,T2 동의어,40476c80-a37a-433f-8c32-4566f8f4a14c,345빵집,빵,구갈상점가,자율상권구역,경기도,,,
7637a3ade613d7364d51,full_annotation_v1,A,q_빵_03,빵집,카페·디저트 중 '빵'을 판매·제공하는 매장,train,빵,T2 동의어,c9fe90c7-166e-4229-9ee6-5d743eeca266,빵빵한빵집,,서남신시장,전통시장,대구광역시,,,
53ec0eb6b03f60069a1a,full_annotation_v1,A,q_빵_03,빵집,카페·디저트 중 '빵'을 판매·제공하는 매장,train,빵,T2 동의어,7bd3d18f-6a78-45c0-9951-c273ceaa9516,옛날찐빵집,떡,강화풍물시장,전통시장,인천광역시,,,
e8ec2afe79f9082eed94,full_annotation_v1,A,q_빵_03,빵집,카페·디저트 중 '빵'을 판매·제공하는 매장,train,빵,T2 동의어,6cfca555-7b68-48f3-84a8-b50d6ac6a221,시골빵집,,승달 골목형상점가,골목형상점가,,,,
08a2aaa098ef4d62d085,full_annotation_v1,A,q_빵_03,빵집,카페·디저트 중 '빵'을 판매·제공하는 매장,train,빵,T2 동의어,011e2df5-6d25-4553-bfc6-cdf779856853,올데이(All day),카페,남구 용대로 골목형상점가,골목형상점가,광주광역시,,,
b00c7d8167343393aa23,full_annotation_v1,A,q_빵_03,빵집,카페·디저트 중 '빵'을 판매·제공하는 매장,train,빵,T2 동의어,000d1253-5431-4636-8c94-ddf12e805cb7,파리바게뜨언양점,빵,언양읍성 남문 골목형상점가,골목형상점가,울산광역시,,,
d439ccc9ba76554b690e,full_annotation_v1,A,q_빵_03,빵집,카페·디저트 중 '빵'을 판매·제공하는 매장,train,빵,T2 동의어,003e7ebf-1112-4ab4-a484-67716e4b2a85,이든,카페,원주중앙시장활성화구역,상권활성화구역,강원특별자치도,,,
148833dc8f134b760e6f,full_annotation_v1,A,q_빵_03,빵집,카페·디저트 중 '빵'을 판매·제공하는 매장,train,빵,T2 동의어,4cf56817-5229-4b61-a59d-0c26c1889def,천원 빵집 두암점,,두암타운 골목형상점가,골목형상점가,,,,
f94a694ca360f3a2716f,full_annotation_v1,A,q_빵_03,빵집,카페·디저트 중 '빵'을 판매·제공하는 매장,train,빵,T2 동의어,bbe80f0a-e365-40c1-b774-02eddbb1a181,우봉제빵집,빵,충주관아골상가,전통시장,충청북도,,,
8fdbf1e0acc6c58eeca0,full_annotation_v1,A,q_빵_03,빵집,카페·디저트 중 '빵'을 판매·제공하는 매장,train,빵,T2 동의어,ebd99543-430a-4f4a-b11e-1d218ec9bda7,아빠부엌,"볶음우동, 파스타, 돈까스",외도4 골목형상점가,골목형상점가,제주특별자치도,,,
dc281d7cc0e9315e7653,full_annotation_v1,A,q_빵_03,빵집,카페·디저트 중 '빵'을 판매·제공하는 매장,train,빵,T2 동의어,4253bd28-b4e2-42b7-9cd6-9c32d2541055,육일제과,빵집,중리시장,전통시장,대전광역시,,,
b295eb10f450621ee38d,full_annotation_v1,A,q_빵_03,빵집,카페·디저트 중 '빵'을 판매·제공하는 매장,train,빵,T2 동의어,57278118-b5d3-4f29-85dc-61efef6d1e71,옷장이야기,의류,노룬산골목시장,전통시장,서울특별시,,,
7eaf767e9f9ff8d51967,full_annotation_v1,A,q_빵_03,빵집,카페·디저트 중 '빵'을 판매·제공하는 매장,train,빵,T2 동의어,1a11a940-5e8d-41a1-b986-137875274fe2,러브라인2,의류,의정부역지하상가,일반지하상점가,경기도,,,
e7f48bd6244d9041c44b,full_annotation_v1,A,q_빵_03,빵집,카페·디저트 중 '빵'을 판매·제공하는 매장,train,빵,T2 동의어,00ef0be0-bb62-463e-80ad-862e34111872,파리바게뜨 계룡쇼핑타운,제과제빵,신도안면 골목형상점가,골목형상점가,충청남도,,,
9ba5a03279ee5602b04b,full_annotation_v1,A,q_빵_03,빵집,카페·디저트 중 '빵'을 판매·제공하는 매장,train,빵,T2 동의어,0017b31e-27bf-4395-a7b2-ad9bc8554d97,컴포즈커피 충주호암한신더휴점,"커피, 음료",호암사천개로골목형상점가,골목형상점가,충청북도,,,
7e3b95b56974999650d6,full_annotation_v1,A,q_빵_03,빵집,카페·디저트 중 '빵'을 판매·제공하는 매장,train,빵,T2 동의어,0061123f-a676-4556-9633-5fbc4ecaf6ef,치즈케익카스테라카페,제과,북가좌동 골목형상점가,골목형상점가,서울특별시,,,
4fa184cfe3f2e0fe06c6,full_annotation_v1,A,q_빵_03,빵집,카페·디저트 중 '빵'을 판매·제공하는 매장,train,빵,T2 동의어,018c389c-158b-41f5-accd-44537a116840,마이비누,천연비누,산본로데오거리(구 산본중심상가),자율상권구역,경기도,,,
be0684a0e741c1671e81,full_annotation_v1,A,q_빵_03,빵집,카페·디저트 중 '빵'을 판매·제공하는 매장,train,빵,T2 동의어,8a8e490f-889e-42d8-9932-8257e60f3d89,방이빵집,빵집,방이시장,전통시장,서울특별시,,,
7ca94089bc43e5960173,full_annotation_v1,A,q_빵_03,빵집,카페·디저트 중 '빵'을 판매·제공하는 매장,train,빵,T2 동의어,19ae9be1-68a7-4f5c-9798-dda98b86aacb,순희네 육회 빈대떡,음식점,광장전통시장,자율상권구역,서울특별시,,,
814415651af033f15b9b,full_annotation_v1,A,q_빵_03,빵집,카페·디저트 중 '빵'을 판매·제공하는 매장,train,빵,T2 동의어,e03deeb7-4637-4b51-b9a4-cf30d3456f8e,26빵집,빵,강진읍시장,전통시장,전라남도,,,
dc725abbd03a993ecee4,full_annotation_v1,A,q_빵_03,빵집,카페·디저트 중 '빵'을 판매·제공하는 매장,train,빵,T2 동의어,008d07a3-ba18-4806-9ec7-48c0adb25276,아빠네 빵집,제과제빵,신창수문 골목형상점가,골목형상점가,광주광역시,,,
6c3b284e461dbf5253cb,full_annotation_v1,A,q_빵_03,빵집,카페·디저트 중 '빵'을 판매·제공하는 매장,train,빵,T2 동의어,8394f15a-51f9-47cd-a39c-d0b020e6fda0,충주빵집,빵,충주자유시장,전통시장,충청북도,,,
0c5f4b9844313ae00724,full_annotation_v1,A,q_빵_03,빵집,카페·디저트 중 '빵'을 판매·제공하는 매장,train,빵,T2 동의어,fb189678-e607-4a8a-9a48-a159e3383c26,동배빵집,카페,동림1 골목형상점가,골목형상점가,광주광역시,,,
0c13a86903763bb86ab0,full_annotation_v1,A,q_빵_03,빵집,카페·디저트 중 '빵'을 판매·제공하는 매장,train,빵,T2 동의어,96f1eec3-3922-4596-afa8-2bbeed304a4b,농가의 빵집,빵류,백년소상공인,기타,충청남도,,,
ec2b87d3f107963c015c,full_annotation_v1,A,q_빵_03,빵집,카페·디저트 중 '빵'을 판매·제공하는 매장,train,빵,T2 동의어,16d7c2d6-9f81-4ef7-9f21-c6752e8427e0,비올렛베이커리,제빵,응암골골목형상점가,골목형상점가,서울특별시,,,
88ab2f1603fa86391212,full_annotation_v1,A,q_빵_03,빵집,카페·디저트 중 '빵'을 판매·제공하는 매장,train,빵,T2 동의어,00b6de61-2c2e-4164-aee6-c011f81aec20,파리바게뜨 세종반곡,"베이커리, 케이크, 음료, 커피",반곡동행복 골목형상점가,골목형상점가,세종특별자치시,,,
8688ea7eba93590ee2ff,full_annotation_v1,A,q_빵_03,빵집,카페·디저트 중 '빵'을 판매·제공하는 매장,train,빵,T2 동의어,917c1b52-213d-4671-8763-cd186c6f90b8,다모아베이커리,제과점 빵집,부평종합시장,전통시장,인천광역시,,,
6024e4b17d53c0e9a4d6,full_annotation_v1,A,q_빵_03,빵집,카페·디저트 중 '빵'을 판매·제공하는 매장,train,빵,T2 동의어,42594e6c-7f87-4788-89ef-28564ef52fc3,신일종합주방,주방용품,금왕중심골목형상점가,골목형상점가,충청북도,,,
fcf0ebf189e618a276d0,full_annotation_v1,A,q_빵_03,빵집,카페·디저트 중 '빵'을 판매·제공하는 매장,train,빵,T2 동의어,2133d997-890d-4c23-9876-cef39aee2fda,나눔빵집,빵,상주왕산상점가,자율상권구역,경상북도,,,
3afedcadea38c826cd54,full_annotation_v1,A,q_빵_03,빵집,카페·디저트 중 '빵'을 판매·제공하는 매장,train,빵,T2 동의어,fa818a0f-d9f8-4381-ab78-5319bd5ba509,원협중매인60번,과실,군산공설시장,전통시장,전북특별자치도,,,
e4d8a0587923aec73562,full_annotation_v1,A,q_빵_03,빵집,카페·디저트 중 '빵'을 판매·제공하는 매장,train,빵,T2 동의어,96dfc6f9-b8ca-4001-b6a9-b91dbc2be22a,따뜻한 빵집,빵,비아로 골목형상점가,골목형상점가,광주광역시,,,
87b62440de52c58e9f61,full_annotation_v1,A,q_빵_03,빵집,카페·디저트 중 '빵'을 판매·제공하는 매장,train,빵,T2 동의어,c34f7c3e-46fb-4711-8ed2-2018db9a00e6,맛나니김밥,분식,금왕중심골목형상점가,골목형상점가,충청북도,,,
2c908de2bae16da3ba94,full_annotation_v1,A,q_빵_03,빵집,카페·디저트 중 '빵'을 판매·제공하는 매장,train,빵,T2 동의어,323113dc-b2d9-4366-b21c-037d0f130f31,제트네빵집,,고성시장,전통시장,경상남도,,,
e3a4f92e88cd0bb02be7,full_annotation_v1,A,q_빵_03,빵집,카페·디저트 중 '빵'을 판매·제공하는 매장,train,빵,T2 동의어,27825fc8-43a7-41a0-a295-a661829ce8d6,과천뚝빵집,빵류,과천스마트케이 골목형상점가,골목형상점가,경기도,,,
de43d2b87236d13a6a12,full_annotation_v1,A,q_빵_03,빵집,카페·디저트 중 '빵'을 판매·제공하는 매장,train,빵,T2 동의어,c26cd60d-4d87-4688-8184-434bdbf0d251,궁전빵집,빵,청주육거리종합시장,전통시장,충청북도,,,
c7900cf87cba9e3b0a70,full_annotation_v1,A,q_빵_03,빵집,카페·디저트 중 '빵'을 판매·제공하는 매장,train,빵,T2 동의어,2bca6c63-27ce-48ef-982a-173800c6c834,수암꽈배기,빵집,수암상가시장,전통시장,울산광역시,,,
0ad62a71cdeed83ecfdb,full_annotation_v1,A,q_빵_03,빵집,카페·디저트 중 '빵'을 판매·제공하는 매장,train,빵,T2 동의어,229d4900-3644-4ed4-85eb-fb133c7c1573,파리바게트,제빵,매탄골목상인회 골목형상점가,골목형상점가,경기도,,,
c9e754ab62581cbde022,full_annotation_v1,A,q_빵_03,빵집,카페·디저트 중 '빵'을 판매·제공하는 매장,train,빵,T2 동의어,16ac5642-d977-4765-a96e-4b6c4bf2a743,빵사랑베이커리,제빵,방이시장,전통시장,서울특별시,,,
09438d7628e577018d47,full_annotation_v1,A,q_빵_03,빵집,카페·디저트 중 '빵'을 판매·제공하는 매장,train,빵,T2 동의어,d68ca51b-fcc9-4769-9b35-3dec4ae1bd4a,빵집,제빵,용남시장,전통시장,인천광역시,,,
b67301f285b9d26ed64b,full_annotation_v1,A,q_빵_03,빵집,카페·디저트 중 '빵'을 판매·제공하는 매장,train,빵,T2 동의어,001bc028-a43e-44d4-9682-db280a4998cc,파리바게뜨전주근영점,제과점,근영누리 골목형상점가,골목형상점가,전북특별자치도,,,
3761c0059b31bdaf19e3,full_annotation_v1,A,q_빵_03,빵집,카페·디저트 중 '빵'을 판매·제공하는 매장,train,빵,T2 동의어,00362b85-cb9a-4318-9059-12f768d76197,파리바게뜨전주인후점,제과점,소나무 골목형상점가,골목형상점가,전북특별자치도,,,
ebd66b12c22ac3d86784,full_annotation_v1,A,q_빵_03,빵집,카페·디저트 중 '빵'을 판매·제공하는 매장,train,빵,T2 동의어,c1e8b9b6-342e-44c9-8aa2-5b78d6520087,이태리 빵집,,남평 강변도시 골목형상점가,골목형상점가,전라남도,,,
8f375a6dad4342b3ad33,full_annotation_v1,A,q_빵_03,빵집,카페·디저트 중 '빵'을 판매·제공하는 매장,train,빵,T2 동의어,003d7e3f-6459-4018-ac58-7184cd2457d5,눈치 금호점,카페,금호1동상가번영회 골목형상점가,골목형상점가,광주광역시,,,
b25a3fdffbb5eb6a2f50,full_annotation_v1,A,q_빵_03,빵집,카페·디저트 중 '빵'을 판매·제공하는 매장,train,빵,T2 동의어,613de9fb-e19a-4174-9508-e339d57de808,수원빵집,빵,수원영동시장,전통시장,경기도,,,
acb0f052add27ea6fc7a,full_annotation_v1,A,q_빵_03,빵집,카페·디저트 중 '빵'을 판매·제공하는 매장,train,빵,T2 동의어,0426fae9-9be0-4571-8071-beaa385defda,파리바게트 조암점,베이커리,조암시장,전통시장,경기도,,,
b054c525311105c7a41e,full_annotation_v1,A,q_빵_03,빵집,카페·디저트 중 '빵'을 판매·제공하는 매장,train,빵,T2 동의어,f30e7a0f-36e1-4998-9500-b59562ff044a,안양 빵집,제과점,안양중앙인정시장,전통시장,경기도,,,
1403a0c63e31112085d6,full_annotation_v1,A,q_빵_03,빵집,카페·디저트 중 '빵'을 판매·제공하는 매장,train,빵,T2 동의어,433e1329-cab2-4e56-b4dd-2a66c0007c81,이정재빵집,빵,송화벽화시장,전통시장,서울특별시,,,
b23195fef7f0e3777ec5,full_annotation_v1,A,q_빵_03,빵집,카페·디저트 중 '빵'을 판매·제공하는 매장,train,빵,T2 동의어,019b474b-b84d-4c48-bc06-67fd3903f936,소로빵집,빵,공주산성 활성화구역,전통시장,충청남도,,,
c9dba5eb6bf852837e47,full_annotation_v1,A,q_빵_03,빵집,카페·디저트 중 '빵'을 판매·제공하는 매장,train,빵,T2 동의어,eda516b4-5f16-41e0-b8bf-72bb36dad15b,옛날빵집,빵,계양산전통시장,전통시장,인천광역시,,,
cfb11cf2c004c9bc615f,full_annotation_v1,A,q_빵_03,빵집,카페·디저트 중 '빵'을 판매·제공하는 매장,train,빵,T2 동의어,99aba36d-4827-44f5-8d92-af61d33301d9,김녕빵집,빵,김녕로 골목형상점가,골목형상점가,제주특별자치도,,,
c53134a5cf923c368387,full_annotation_v1,A,q_빵_03,빵집,카페·디저트 중 '빵'을 판매·제공하는 매장,train,빵,T2 동의어,7b2e6446-0ff8-4ba0-bb89-0186d289e3e6,목도빵집,빵류,목도시장,전통시장,충청북도,,,
1fd7f7cbcf6ddb80b2d8,full_annotation_v1,A,q_빵_03,빵집,카페·디저트 중 '빵'을 판매·제공하는 매장,train,빵,T2 동의어,4ff834da-6fdc-4392-805a-e236960e0e2b,꾸움빵집,빵,오산오색시장(구 오산중앙시장),전통시장,경기도,,,
a2bb452aa77f026fce91,full_annotation_v1,A,q_빵_03,빵집,카페·디저트 중 '빵'을 판매·제공하는 매장,train,빵,T2 동의어,097fc611-9788-401e-9ac1-bb20760ca643,브렛의오븐,베이커리음료,마산 월영대시장,전통시장,경상남도,,,
0d7a777d6f2aea5d95b5,full_annotation_v1,A,q_빵_03,빵집,카페·디저트 중 '빵'을 판매·제공하는 매장,train,빵,T2 동의어,756004f9-c373-4fd3-a0e8-22ec86be4a73,크라운꽃집,생화 화분 난,법동시장,전통시장,대전광역시,,,
cdddb996f8ff33c5f2a5,full_annotation_v1,A,q_빵_03,빵집,카페·디저트 중 '빵'을 판매·제공하는 매장,train,빵,T2 동의어,972f10f2-7801-4dd7-a6ba-a4cd5e73181b,제일식당(빵집),제빵,청천시장(구 청천전통시장),전통시장,충청북도,,,
080fae13d512cc47a452,full_annotation_v1,A,q_빵_03,빵집,카페·디저트 중 '빵'을 판매·제공하는 매장,train,빵,T2 동의어,002d0d06-15b2-463e-b789-b0232bcc6681,뚜레주르버들마을점,제과,버들마을상인회 골목형상점가,골목형상점가,광주광역시,,,
6dba47f507c708e1d023,full_annotation_v1,A,q_빵_03,빵집,카페·디저트 중 '빵'을 판매·제공하는 매장,train,빵,T2 동의어,15173db7-59f0-428a-8eb0-13376b539a54,빅레이디,의류,진주 동성상가,전통시장,경상남도,,,
04432da5ea724453e603,full_annotation_v1,A,q_빵_03,빵집,카페·디저트 중 '빵'을 판매·제공하는 매장,train,빵,T2 동의어,a7012153-5219-48f7-b3d7-942a104f1145,희정빵집,,횡성전통시장,전통시장,강원특별자치도,,,
7873c8f794f73eb09c80,full_annotation_v1,A,q_빵_03,빵집,카페·디저트 중 '빵'을 판매·제공하는 매장,train,빵,T2 동의어,4dfefd10-76cb-4150-918a-cb2ab189d633,효모빵집,음식점,새마을시장,전통시장,서울특별시,,,
e175258ad756dfbc73f6,full_annotation_v1,A,q_빵_03,빵집,카페·디저트 중 '빵'을 판매·제공하는 매장,train,빵,T2 동의어,11e2dd2e-ab0e-4132-ba5d-ee4d652775f4,극동제과점,제빵,백년소상공인,기타,대전광역시,,,
aef2ad051330145b0c72,full_annotation_v1,A,q_빵_03,빵집,카페·디저트 중 '빵'을 판매·제공하는 매장,train,빵,T2 동의어,3835c270-8285-42d8-9095-4695dbacdc3b,데일리팡,제과 빵집(빵),부평깡통시장(구 부산부평시장),전통시장,부산광역시,,,
a8ae436bf5db08f622ce,full_annotation_v1,A,q_빵_03,빵집,카페·디저트 중 '빵'을 판매·제공하는 매장,train,빵,T2 동의어,006a3289-9c32-4593-a919-9259a7215a7d,우리베이커리,빵류,동해중앙시장상권활성화구역,상권활성화구역,강원특별자치도,,,
800ab5b5ee9d4f86af60,full_annotation_v1,A,q_빵_03,빵집,카페·디저트 중 '빵'을 판매·제공하는 매장,train,빵,T2 동의어,827435c1-ee4d-49be-8c30-466ce0b9bd59,시장빵집,빵,가은아자개시장,전통시장,경상북도,,,
d51ff6531ac3d9f89609,full_annotation_v1,A,q_빵_03,빵집,카페·디저트 중 '빵'을 판매·제공하는 매장,train,빵,T2 동의어,0075dacf-3e3f-47b8-a4af-d3a2ff866348,북툰커피앤카페,찐빵 만두 커피,신창진흥 골목형상점가,골목형상점가,광주광역시,,,
ac3d911deb4a2f8f42fb,full_annotation_v1,A,q_빵_03,빵집,카페·디저트 중 '빵'을 판매·제공하는 매장,train,빵,T2 동의어,1d11d634-5ee2-4aec-b0bb-bbb9605bab6b,해적,해물생선요리,두류젊음의광장 상점가,자율상권구역,대구광역시,,,
7f59176bf30918e5f746,full_annotation_v1,A,q_빵_03,빵집,카페·디저트 중 '빵'을 판매·제공하는 매장,train,빵,T2 동의어,d80f5b3f-4b01-46a0-8ab4-75c2decd8a7c,누보,도소매(구두),삼익패션타운,전통시장,서울특별시,,,
e9286b6f612ca246619d,full_annotation_v1,A,q_빵_03,빵집,카페·디저트 중 '빵'을 판매·제공하는 매장,train,빵,T2 동의어,43fc6808-3e77-43e7-a313-a241b8c643a3,삼미빵집,빵,시흥삼미시장,전통시장,경기도,,,
50b92e153ce163c73ea0,full_annotation_v1,A,q_빵_03,빵집,카페·디저트 중 '빵'을 판매·제공하는 매장,train,빵,T2 동의어,990a2554-4864-4c2b-a360-564fbbd45a8e,오늘도 빵집,,구의역 가람길 골목형상점가,골목형상점가,서울특별시,,,
bcf466146af30978139b,full_annotation_v1,A,q_빵_03,빵집,카페·디저트 중 '빵'을 판매·제공하는 매장,train,빵,T2 동의어,5d59b3df-ef29-4a13-ac5a-8be7f52d7e31,항동회수산,수산물,항동 골목형상점가,골목형상점가,서울특별시,,,
ee2553c4653375523db8,full_annotation_v1,A,q_빵_03,빵집,카페·디저트 중 '빵'을 판매·제공하는 매장,train,빵,T2 동의어,42c28e1b-9a3a-4616-b713-f09eb67fa298,호산빵집,,북평민속시장(북평민속5일장),전통시장,강원특별자치도,,,
1bb98ebb2a58fe857e29,full_annotation_v1,A,q_빵_03,빵집,카페·디저트 중 '빵'을 판매·제공하는 매장,train,빵,T2 동의어,f1fe8e4e-ad15-4c2e-8842-74a9d007e5b9,양동빵집,,양동경열로시장,전통시장,,,,
186bbc9e76ef3394b922,full_annotation_v1,A,q_빵_03,빵집,카페·디저트 중 '빵'을 판매·제공하는 매장,train,빵,T2 동의어,649ddd37-2949-48ca-a099-8a802224ed1a,설향,한식,진주 자유시장,전통시장,경상남도,,,
778730dad9667cd7ef9a,full_annotation_v1,A,q_빵_03,빵집,카페·디저트 중 '빵'을 판매·제공하는 매장,train,빵,T2 동의어,54859b9b-cdfb-447f-9a2d-5ed8c13a5484,만나빵집,빵,사가정시장,전통시장,서울특별시,,,
c16a4bd7481a1609649c,full_annotation_v1,A,q_빵_03,빵집,카페·디저트 중 '빵'을 판매·제공하는 매장,train,빵,T2 동의어,ab027b6d-4d06-4e73-b2e0-abc5fead6264,신참떡볶이서부시장점,분식,서부시장,전통시장,대구광역시,,,
7f7cf8fe6eaa2a490773,full_annotation_v1,A,q_빵_03,빵집,카페·디저트 중 '빵'을 판매·제공하는 매장,train,빵,T2 동의어,528f8713-9969-497f-96c6-a9b5de9880c3,"장승왕족발,보쌈,순대국 본점","족발, 보쌈, 순대국",상도도깨비골목형상점가,골목형상점가,서울특별시,,,
b238b4c7cccc074e0c39,full_annotation_v1,A,q_빵_03,빵집,카페·디저트 중 '빵'을 판매·제공하는 매장,train,빵,T2 동의어,0a413ebb-2596-4b3f-b5aa-194b242ce558,백호빵집,빵집,까치산시장,전통시장,서울특별시,,,
498b7de9d7cf615b5702,full_annotation_v1,A,q_빵_03,빵집,카페·디저트 중 '빵'을 판매·제공하는 매장,train,빵,T2 동의어,00d3ef33-13db-4750-93a0-4b31010fcb70,온유베이크,카페,스타타워1 골목형상점가,골목형상점가,인천광역시,,,
b18d1133596b64314bdf,full_annotation_v1,A,q_빵_03,빵집,카페·디저트 중 '빵'을 판매·제공하는 매장,train,빵,T2 동의어,0063671e-77f7-466c-bbc2-223497c0dae4,무가당,카페,세병호 골목형상점가,골목형상점가,전북특별자치도,,,
5d19178661d2facb53ff,full_annotation_v1,A,q_빵_03,빵집,카페·디저트 중 '빵'을 판매·제공하는 매장,train,빵,T2 동의어,08e1d991-57e1-440f-a5ab-e62825fedeb7,커피인더스트리,음료 및 베이커리,당정동한세로 골목형상점가,골목형상점가,경기도,,,
8ee3ca1431626c763f98,full_annotation_v1,A,q_빵_03,빵집,카페·디저트 중 '빵'을 판매·제공하는 매장,train,빵,T2 동의어,74020711-f0a9-4331-a0a8-4befeaae3064,빵집 오빠다방오빠 대구대봉점,,봉리단길 맛거리,골목형상점가,대구광역시,,,
8bae44b9eb48a3be07bc,full_annotation_v1,A,q_빵_04,제과,카페·디저트 중 '빵'을 판매·제공하는 매장,train,빵,T2 동의어,175c8b4c-077a-49ef-b723-d4d806112e91,풍년떡집,제과,중앙신시장,전통시장,경상북도,,,
4e4c0c03d5caf3f710ab,full_annotation_v1,A,q_빵_04,제과,카페·디저트 중 '빵'을 판매·제공하는 매장,train,빵,T2 동의어,87b731ad-2f7e-4be9-8a67-52230b3bd6b6,미니케이크샵,제과,연일전통시장,전통시장,경상북도,,,
91c1bc287f4e93a13db8,full_annotation_v1,A,q_빵_04,제과,카페·디저트 중 '빵'을 판매·제공하는 매장,train,빵,T2 동의어,8633b272-5c73-44b1-b2d9-a7ddaa8eac1e,굽스,제과,선운 골목형상점가,골목형상점가,광주광역시,,,
4c93573d85bb95869d50,full_annotation_v1,A,q_빵_04,제과,카페·디저트 중 '빵'을 판매·제공하는 매장,train,빵,T2 동의어,922d1d08-95a2-4797-8af5-26a4f54b7f25,고려당,제과,거제 읍내시장,전통시장,경상남도,,,
243131b3fefd311b53ea,full_annotation_v1,A,q_빵_04,제과,카페·디저트 중 '빵'을 판매·제공하는 매장,train,빵,T2 동의어,b61eb4e3-7c41-43be-9bca-e98faecde002,달빛아래헤어,미용실,하가지구 골목형상점가,골목형상점가,전북특별자치도,,,
62ff02c1527e15b50335,full_annotation_v1,A,q_빵_04,제과,카페·디저트 중 '빵'을 판매·제공하는 매장,train,빵,T2 동의어,b96391cf-294f-420e-bd26-3feebd2aaec1,두지,커피 제과,홍림교벚꽃길 골목형상점가,골목형상점가,광주광역시,,,
a446051f48617c4aa63d,full_annotation_v1,A,q_빵_04,제과,카페·디저트 중 '빵'을 판매·제공하는 매장,train,빵,T2 동의어,31e380a8-d2ce-46a9-96d1-e09ba065db53,박성구과자점,제과,금곡골목형상점가,자율상권구역,경기도,,,
69318104b68f0b99e844,full_annotation_v1,A,q_빵_04,제과,카페·디저트 중 '빵'을 판매·제공하는 매장,train,빵,T2 동의어,2cabcd38-2d1a-481f-9b71-21520fd65c0b,파리바게뜨,제과,관문상가시장,전통시장,대구광역시,,,
7c2ef284bed458bd7e00,full_annotation_v1,A,q_빵_04,제과,카페·디저트 중 '빵'을 판매·제공하는 매장,train,빵,T2 동의어,c2b59ed9-47ca-4bf1-a56d-0d6bf9098691,엔젤스,제과,봉우시장골목형상점가,골목형상점가,서울특별시,,,
7135af908b11a8e573ae,full_annotation_v1,A,q_빵_04,제과,카페·디저트 중 '빵'을 판매·제공하는 매장,train,빵,T2 동의어,7b8d8c16-5937-4079-ac18-9547d69eeefc,뚜레쥬르남악도청점,제과,오룡주공 골목형상점가,골목형상점가,전라남도,,,
60ebc3aed7fce4d1e9c9,full_annotation_v1,A,q_빵_04,제과,카페·디저트 중 '빵'을 판매·제공하는 매장,train,빵,T2 동의어,b9cdfb0c-2abc-43ca-8138-eed17c939275,꾸리찌바,제과,송정벚꽃골목형상점가,골목형상점가,서울특별시,,,
184afbf455a99934c348,full_annotation_v1,A,q_빵_04,제과,카페·디저트 중 '빵'을 판매·제공하는 매장,train,빵,T2 동의어,b7ebe4f1-3047-4690-b52e-9efd101bb802,그랑프리,제과,둔촌역전통시장,전통시장,서울특별시,,,
5dcacec6806a56e5c747,full_annotation_v1,A,q_빵_04,제과,카페·디저트 중 '빵'을 판매·제공하는 매장,train,빵,T2 동의어,011e2df5-6d25-4553-bfc6-cdf779856853,올데이(All day),카페,남구 용대로 골목형상점가,골목형상점가,광주광역시,,,
25affe4735723e905ec1,full_annotation_v1,A,q_빵_04,제과,카페·디저트 중 '빵'을 판매·제공하는 매장,train,빵,T2 동의어,5dd456d1-b2ab-414d-b418-6574f948fc36,배고팡,제과,장안마실골목형상점가,골목형상점가,서울특별시,,,
b2ef18ab5583a14a4a8d,full_annotation_v1,A,q_빵_04,제과,카페·디저트 중 '빵'을 판매·제공하는 매장,train,빵,T2 동의어,11e2dd2e-ab0e-4132-ba5d-ee4d652775f4,극동제과점,제빵,백년소상공인,기타,대전광역시,,,
df1ebb3ebed5df967230,full_annotation_v1,A,q_빵_04,제과,카페·디저트 중 '빵'을 판매·제공하는 매장,train,빵,T2 동의어,35094b53-9212-4651-a5a5-ce89df566c1e,스마일제과,제과,신정중앙 골목형상점가,골목형상점가,울산광역시,,,
d32722077a07102b7573,full_annotation_v1,A,q_빵_04,제과,카페·디저트 중 '빵'을 판매·제공하는 매장,train,빵,T2 동의어,001bc028-a43e-44d4-9682-db280a4998cc,파리바게뜨전주근영점,제과점,근영누리 골목형상점가,골목형상점가,전북특별자치도,,,
b309a274780e1e3afdae,full_annotation_v1,A,q_빵_04,제과,카페·디저트 중 '빵'을 판매·제공하는 매장,train,빵,T2 동의어,a2ea9b85-7b98-4e3f-890e-c8d96621f487,유시봉치과,치과의료,상무중앙상인회 골목형상점가,골목형상점가,광주광역시,,,
4eb6e44293060d65c11e,full_annotation_v1,A,q_빵_04,제과,카페·디저트 중 '빵'을 판매·제공하는 매장,train,빵,T2 동의어,db834647-2dff-48c1-b65d-97b0383c2bb9,아람,제과,엄사 골목형상점가,골목형상점가,충청남도,,,
2d0d96587c2b7be6ea32,full_annotation_v1,A,q_빵_04,제과,카페·디저트 중 '빵'을 판매·제공하는 매장,train,빵,T2 동의어,12e8f7cc-f9f7-486a-a4c5-baf2db2b4b6f,파리바게뜨,제과,부곡맛고을상가,자율상권구역,경상북도,,,
8147b281626154b46ef5,full_annotation_v1,A,q_빵_04,제과,카페·디저트 중 '빵'을 판매·제공하는 매장,train,빵,T2 동의어,0ed7f463-9bb7-40f3-864c-e35b643b1871,아폴로제과,제과,순창시장,전통시장,전북특별자치도,,,
12f21298ec9f680c66e6,full_annotation_v1,A,q_빵_04,제과,카페·디저트 중 '빵'을 판매·제공하는 매장,train,빵,T2 동의어,a96c6763-7c11-4cab-9f16-9574fd2233c9,도노베이커리,제과,아름동상점가,자율상권구역,세종특별자치시,,,
40aaee00683a7dd88824,full_annotation_v1,A,q_빵_04,제과,카페·디저트 중 '빵'을 판매·제공하는 매장,train,빵,T2 동의어,093b37dc-589b-49ee-8005-74d67f857880,맘스베이커리,제과,남봉덕 골목형상점가,골목형상점가,대구광역시,,,
b483cdfaae924e333b48,full_annotation_v1,A,q_빵_04,제과,카페·디저트 중 '빵'을 판매·제공하는 매장,train,빵,T2 동의어,8fb082ea-a2aa-4943-8822-d0f3a72642d5,사랑제과,제과,청주육거리종합시장,전통시장,충청북도,,,
fa1df121eb4a385327ad,full_annotation_v1,A,q_빵_04,제과,카페·디저트 중 '빵'을 판매·제공하는 매장,train,빵,T2 동의어,72bce15a-50fe-4f29-8dcf-105bc6627b92,브레드홍,제과,오류버들시장골목형상점가,골목형상점가,서울특별시,,,
55415f7b2cb460a12264,full_annotation_v1,A,q_빵_04,제과,카페·디저트 중 '빵'을 판매·제공하는 매장,train,빵,T2 동의어,68b916f0-0137-4b49-a1e6-69c64837337b,빵집아저씨,제과,안양중앙인정시장,전통시장,경기도,,,
0964311b165ffe8dac94,full_annotation_v1,A,q_빵_04,제과,카페·디저트 중 '빵'을 판매·제공하는 매장,train,빵,T2 동의어,17370b47-508b-467a-ba16-24327302988b,케익타운제과,제과,김천황금시장,전통시장,경상북도,,,
e05880f1b35e70f3af0e,full_annotation_v1,A,q_빵_04,제과,카페·디저트 중 '빵'을 판매·제공하는 매장,train,빵,T2 동의어,00b6de61-2c2e-4164-aee6-c011f81aec20,파리바게뜨 세종반곡,"베이커리, 케이크, 음료, 커피",반곡동행복 골목형상점가,골목형상점가,세종특별자치시,,,
efb6ef509ba4c6411c35,full_annotation_v1,A,q_빵_04,제과,카페·디저트 중 '빵'을 판매·제공하는 매장,train,빵,T2 동의어,c6c7b5c0-c103-4d66-9ecb-7261a314ede1,원업커피,제과,상무중앙상인회 골목형상점가,골목형상점가,광주광역시,,,
83a5b54d97261bb9ea88,full_annotation_v1,A,q_빵_04,제과,카페·디저트 중 '빵'을 판매·제공하는 매장,train,빵,T2 동의어,b99061e7-bc1a-4767-a00d-d0115a30015f,명류당,제과,매곡 가인 골목형상점가,골목형상점가,광주광역시,,,
bd7a09146e5c325ce41b,full_annotation_v1,A,q_빵_04,제과,카페·디저트 중 '빵'을 판매·제공하는 매장,train,빵,T2 동의어,0f8aba90-d7f6-4a19-8ab8-99dad7cb02a5,서울떡집,제과,진주 자유시장,전통시장,경상남도,,,
654892b9662abcfc82b2,full_annotation_v1,A,q_빵_04,제과,카페·디저트 중 '빵'을 판매·제공하는 매장,train,빵,T2 동의어,006a3289-9c32-4593-a919-9259a7215a7d,우리베이커리,빵류,동해중앙시장상권활성화구역,상권활성화구역,강원특별자치도,,,
c22e8df3e8da9a8c2fbb,full_annotation_v1,A,q_빵_04,제과,카페·디저트 중 '빵'을 판매·제공하는 매장,train,빵,T2 동의어,cfbf64b5-c05f-4629-8596-1526d0cf7fdf,풍년떡집,제과,영주골목시장,전통시장,경상북도,,,
932a29d043c9975d4e30,full_annotation_v1,A,q_빵_04,제과,카페·디저트 중 '빵'을 판매·제공하는 매장,train,빵,T2 동의어,88860668-a354-4337-9c97-59eb24f19fd8,굿모닝베이커리,제과,동대구신시장,전통시장,대구광역시,,,
f3fb789c7a4850da94f7,full_annotation_v1,A,q_빵_04,제과,카페·디저트 중 '빵'을 판매·제공하는 매장,train,빵,T2 동의어,3835c270-8285-42d8-9095-4695dbacdc3b,데일리팡,제과 빵집(빵),부평깡통시장(구 부산부평시장),전통시장,부산광역시,,,
0afac5da5b805f66895a,full_annotation_v1,A,q_빵_04,제과,카페·디저트 중 '빵'을 판매·제공하는 매장,train,빵,T2 동의어,a6530026-681b-4a0d-9e2b-d89a955e1d6c,인의부부한의원,한의원,난우길골목형상점가,골목형상점가,서울특별시,,,
419bcdda23052d3c3dd2,full_annotation_v1,A,q_빵_04,제과,카페·디저트 중 '빵'을 판매·제공하는 매장,train,빵,T2 동의어,06122c29-fa5b-44a0-9a6c-fad32fefcd1a,구페베이커리,제과,수안인정시장,전통시장,부산광역시,,,
9d2ba6baf90d6d90c2c5,full_annotation_v1,A,q_빵_04,제과,카페·디저트 중 '빵'을 판매·제공하는 매장,train,빵,T2 동의어,e13670ab-928a-40ca-b976-b99ca46aa36f,충남제과,제과,나성동 골목형상점가,골목형상점가,세종특별자치시,,,
bf6aaeb0edd0a4912cf1,full_annotation_v1,A,q_빵_04,제과,카페·디저트 중 '빵'을 판매·제공하는 매장,train,빵,T2 동의어,083ecffe-5e65-4c93-add9-107d3501f214,달빛찻집,베이커리,정림동 골목형상점가,골목형상점가,대전광역시,,,
e02fe8873b09cdabdc37,full_annotation_v1,A,q_빵_04,제과,카페·디저트 중 '빵'을 판매·제공하는 매장,train,빵,T2 동의어,7d89f3a0-69d7-4bd3-bb33-a57c2ac8fc9c,쉼,제과,경동시장,전통시장,서울특별시,,,
ce97af816eb6ffc3889b,full_annotation_v1,A,q_빵_04,제과,카페·디저트 중 '빵'을 판매·제공하는 매장,train,빵,T2 동의어,641dedbd-feaa-4637-8754-8f36d9e701d5,맛짱먹거리,제과,서귀포매일올레시장,전통시장,제주특별자치도,,,
c31c67c2fb8852387044,full_annotation_v1,A,q_빵_04,제과,카페·디저트 중 '빵'을 판매·제공하는 매장,train,빵,T2 동의어,9671d3fc-fc7f-42b0-9e51-3ee580446b88,고려제과,제과,서림행복가득한골목형상점가,골목형상점가,서울특별시,,,
1808316ab26c7904c2c9,full_annotation_v1,A,q_빵_04,제과,카페·디저트 중 '빵'을 판매·제공하는 매장,train,빵,T2 동의어,4767139d-9677-4841-b081-1b75ce479759,해피데이,제과,목3동골목형상점가,골목형상점가,서울특별시,,,
81518d7fbf62b8fe671e,full_annotation_v1,A,q_빵_04,제과,카페·디저트 중 '빵'을 판매·제공하는 매장,train,빵,T2 동의어,16ac5642-d977-4765-a96e-4b6c4bf2a743,빵사랑베이커리,제빵,방이시장,전통시장,서울특별시,,,
2da12ae0c45723ac3e58,full_annotation_v1,A,q_빵_04,제과,카페·디저트 중 '빵'을 판매·제공하는 매장,train,빵,T2 동의어,3800aebf-f0e7-4e47-bd2a-cd6e2aa9bbdf,몰레,제과,수완머그로 골목형상점가,골목형상점가,광주광역시,,,
b0c60583009ac6c7f9fc,full_annotation_v1,A,q_빵_04,제과,카페·디저트 중 '빵'을 판매·제공하는 매장,train,빵,T2 동의어,4ab1780e-b14d-4242-b235-cb36488a15dd,삼일제과,제과,행복상점가,자율상권구역,경상북도,,,
f55f53f74cf7e671970b,full_annotation_v1,A,q_빵_04,제과,카페·디저트 중 '빵'을 판매·제공하는 매장,train,빵,T2 동의어,f52c6858-c250-48bf-a1a4-1dd5f93aab48,유일건어물마트,건어물,동해묵호시장,전통시장,강원특별자치도,,,
6bf05efd833ed3a2d1bb,full_annotation_v1,A,q_빵_04,제과,카페·디저트 중 '빵'을 판매·제공하는 매장,train,빵,T2 동의어,00362b85-cb9a-4318-9059-12f768d76197,파리바게뜨전주인후점,제과점,소나무 골목형상점가,골목형상점가,전북특별자치도,,,
25cb65c6b56d8b5e9a04,full_annotation_v1,A,q_빵_04,제과,카페·디저트 중 '빵'을 판매·제공하는 매장,train,빵,T2 동의어,323113dc-b2d9-4366-b21c-037d0f130f31,제트네빵집,,고성시장,전통시장,경상남도,,,
c63b948a2e69992747be,full_annotation_v1,A,q_빵_04,제과,카페·디저트 중 '빵'을 판매·제공하는 매장,train,빵,T2 동의어,796b0821-039c-4d3a-8609-c836948163f3,심봉사도로케,제과,동대구신시장,전통시장,대구광역시,,,
b2e4961e6ab807f578e1,full_annotation_v1,A,q_빵_04,제과,카페·디저트 중 '빵'을 판매·제공하는 매장,train,빵,T2 동의어,003e7ebf-1112-4ab4-a484-67716e4b2a85,이든,카페,원주중앙시장활성화구역,상권활성화구역,강원특별자치도,,,
784d6076a3e2946ed3c3,full_annotation_v1,A,q_빵_04,제과,카페·디저트 중 '빵'을 판매·제공하는 매장,train,빵,T2 동의어,34020a55-88c6-49db-8e60-e6c0b12b2a99,백조베이커리,제과,중앙로 지하상가 상점가,일반지하상점가,대전광역시,,,
f0cb001ab1d5942221ee,full_annotation_v1,A,q_빵_04,제과,카페·디저트 중 '빵'을 판매·제공하는 매장,train,빵,T2 동의어,3bb60bff-9754-41e3-9de4-ae1ecc7f89b8,빵이가득한집,제과,춘천 원도심 상권활성화,상권활성화구역,강원특별자치도,,,
373f266ffbc73350efc2,full_annotation_v1,A,q_빵_04,제과,카페·디저트 중 '빵'을 판매·제공하는 매장,train,빵,T2 동의어,585c4354-19a0-4ef2-825b-320438325c4c,보룡제과,제과,동남상가거리,골목형상점가,제주특별자치도,,,
e5cfe64f7841ed70c8fa,full_annotation_v1,A,q_빵_04,제과,카페·디저트 중 '빵'을 판매·제공하는 매장,train,빵,T2 동의어,9a3817ec-ead9-4b1c-9059-4e2c8d68cc33,종로떡집,제과,홍천시장(홍천구시장),전통시장,강원특별자치도,,,
c58c229be8ade0106c56,full_annotation_v1,A,q_빵_04,제과,카페·디저트 중 '빵'을 판매·제공하는 매장,train,빵,T2 동의어,478acbe4-39a7-4722-b554-7edbf54a4d4a,에이빌리지,의류,금촌문화로시장,전통시장,경기도,,,
a29bb2b9308cf2dd2d06,full_annotation_v1,A,q_빵_04,제과,카페·디저트 중 '빵'을 판매·제공하는 매장,train,빵,T2 동의어,2bca6c63-27ce-48ef-982a-173800c6c834,수암꽈배기,빵집,수암상가시장,전통시장,울산광역시,,,
f0b23155dd422fce1c8d,full_annotation_v1,A,q_빵_04,제과,카페·디저트 중 '빵'을 판매·제공하는 매장,train,빵,T2 동의어,24d11166-6af4-4373-b331-a0f1c1a0a23c,비비큐,치킨,상무중앙상인회 골목형상점가,골목형상점가,광주광역시,,,
78192b4c5817abacf6b9,full_annotation_v1,A,q_빵_04,제과,카페·디저트 중 '빵'을 판매·제공하는 매장,train,빵,T2 동의어,0063671e-77f7-466c-bbc2-223497c0dae4,무가당,카페,세병호 골목형상점가,골목형상점가,전북특별자치도,,,
5c8483000529109a8c9f,full_annotation_v1,A,q_빵_04,제과,카페·디저트 중 '빵'을 판매·제공하는 매장,train,빵,T2 동의어,cefd4ad2-74fd-4a61-bca7-5605e18657ee,300도 가마구이,"육류, 생선",한민시장,전통시장,대전광역시,,,
0f848a1e7c38da30f10a,full_annotation_v1,A,q_빵_04,제과,카페·디저트 중 '빵'을 판매·제공하는 매장,train,빵,T2 동의어,ab314b9a-e5e1-4bd0-bd44-9a951991d672,샤롱샤롱,제과,월곡달빛오거리골목형상점가,골목형상점가,서울특별시,,,
39f3f9060c6b77f9e4db,full_annotation_v1,A,q_빵_04,제과,카페·디저트 중 '빵'을 판매·제공하는 매장,train,빵,T2 동의어,47ff4bca-2a45-41a1-9743-36cfe1eda557,디저또,제과,신창중 골목형상점가,골목형상점가,광주광역시,,,
cdd7e2267d6771165212,full_annotation_v1,A,q_빵_04,제과,카페·디저트 중 '빵'을 판매·제공하는 매장,train,빵,T2 동의어,79799c8d-2510-4ada-9dd6-7dbf0148bf1d,희랑,제과,영등포구청역 3번출구 골목형상점가,골목형상점가,서울특별시,,,
39f2ef0eeb8ebabd56a3,full_annotation_v1,A,q_빵_04,제과,카페·디저트 중 '빵'을 판매·제공하는 매장,train,빵,T2 동의어,4fd2d529-afd6-4527-b4bb-673f988d72cc,쌀이든빵,제과 커피,송도트리플타워골목형상점가,골목형상점가,인천광역시,,,
812d3dd3c21c105b3897,full_annotation_v1,A,q_빵_04,제과,카페·디저트 중 '빵'을 판매·제공하는 매장,train,빵,T2 동의어,cbd603ab-9941-4975-a7d5-824b1efdbc33,"맛있는채소,과일시장","야채, 농산물",중마시장,전통시장,전라남도,,,
dc12796a40eb84008b2e,full_annotation_v1,A,q_빵_04,제과,카페·디저트 중 '빵'을 판매·제공하는 매장,train,빵,T2 동의어,00d3ef33-13db-4750-93a0-4b31010fcb70,온유베이크,카페,스타타워1 골목형상점가,골목형상점가,인천광역시,,,
5b6bc6dc1a89de12d2b3,full_annotation_v1,A,q_빵_04,제과,카페·디저트 중 '빵'을 판매·제공하는 매장,train,빵,T2 동의어,a9ab2177-1ebc-42d3-a67f-7a9adc3a6f5d,마켓베이커리,제과,반딧불이연무시장,전통시장,경기도,,,
664af17c224ab2729513,full_annotation_v1,A,q_빵_04,제과,카페·디저트 중 '빵'을 판매·제공하는 매장,train,빵,T2 동의어,097fc611-9788-401e-9ac1-bb20760ca643,브렛의오븐,베이커리음료,마산 월영대시장,전통시장,경상남도,,,
9e1ed4ea684338e7c2e6,full_annotation_v1,A,q_빵_04,제과,카페·디저트 중 '빵'을 판매·제공하는 매장,train,빵,T2 동의어,1587faff-53fe-4357-96dd-5b3e121b23bd,당케,제과,전하이편한세상2단지 골목형상점가,골목형상점가,울산광역시,,,
dcfa9d2ef050aa69ca81,full_annotation_v1,A,q_빵_04,제과,카페·디저트 중 '빵'을 판매·제공하는 매장,train,빵,T2 동의어,1aca646c-8584-4f8c-9473-61b39bba17a1,베이크하우스,제과,화곡중앙시장,전통시장,서울특별시,,,
efb893423352d366fcb2,full_annotation_v1,A,q_빵_04,제과,카페·디저트 중 '빵'을 판매·제공하는 매장,train,빵,T2 동의어,0a413ebb-2596-4b3f-b5aa-194b242ce558,백호빵집,빵집,까치산시장,전통시장,서울특별시,,,
c78127d372b6189204ea,full_annotation_v1,A,q_빵_04,제과,카페·디저트 중 '빵'을 판매·제공하는 매장,train,빵,T2 동의어,45ff9c1b-a8d0-4202-b6a2-411d370199f8,뚜레쥬르목포남악부영점,제과,남악사랑 골목형상점가,골목형상점가,전라남도,,,
ce1dedf8de8781332d1c,full_annotation_v1,A,q_빵_04,제과,카페·디저트 중 '빵'을 판매·제공하는 매장,train,빵,T2 동의어,6ea62394-7831-4abb-906a-6aacb026ec15,꼬솜제과,제과,옥곡5일시장,전통시장,전라남도,,,
c0ca474a67cb76d60d5f,full_annotation_v1,A,q_빵_04,제과,카페·디저트 중 '빵'을 판매·제공하는 매장,train,빵,T2 동의어,a7f514f3-e8a9-4cc8-95f8-171ecdc02c89,화린당제과,제과,"일곡동(제8지역:롯데,벽산,동아,삼호,월드스파)",골목형상점가,광주광역시,,,
2e2fe08e7e13ab241d04,full_annotation_v1,A,q_빵_04,제과,카페·디저트 중 '빵'을 판매·제공하는 매장,train,빵,T2 동의어,83051a5c-bf04-4229-96d5-3e212cf8e6e5,요요파크골프,파크골프용품 및 신발,비아로 골목형상점가,골목형상점가,광주광역시,,,
e5368eda1f6db42d92df,full_annotation_v1,A,q_빵_04,제과,카페·디저트 중 '빵'을 판매·제공하는 매장,train,빵,T2 동의어,5accb7bd-41d2-4238-9775-5b040dbc2024,카페턴온,제과,송탄관광특구 골목형상점가,골목형상점가,경기도,,,
93473a01fe14044d61d3,full_annotation_v1,A,q_빵_04,제과,카페·디저트 중 '빵'을 판매·제공하는 매장,train,빵,T2 동의어,d35b27a2-7adf-4d61-ba8a-5f93fb28c038,파리바게뜨천안신불당점,제과,불당지웰4블럭 골목형상점가,골목형상점가,충청남도,,,
e5c462910f498dcaa01c,full_annotation_v1,A,q_빵_04,제과,카페·디저트 중 '빵'을 판매·제공하는 매장,train,빵,T2 동의어,229d4900-3644-4ed4-85eb-fb133c7c1573,파리바게트,제빵,매탄골목상인회 골목형상점가,골목형상점가,경기도,,,
5b020e9d2fc15e5558bf,full_annotation_v1,A,q_빵_04,제과,카페·디저트 중 '빵'을 판매·제공하는 매장,train,빵,T2 동의어,98f202fb-f3d1-466b-bcc7-a6e8fea922f2,금커피별빙수하가점,디저트,하가지구 골목형상점가,골목형상점가,전북특별자치도,,,
9bfc76923e75ba483969,full_annotation_v1,A,q_빵_04,제과,카페·디저트 중 '빵'을 판매·제공하는 매장,train,빵,T2 동의어,79f10e32-8692-4aa7-b75e-87ce552081a1,오파토2,제과,해방촌 골목형상점가,골목형상점가,서울특별시,,,
bfb0df67bc68d65ee8ab,full_annotation_v1,A,q_빵_04,제과,카페·디저트 중 '빵'을 판매·제공하는 매장,train,빵,T2 동의어,000d1253-5431-4636-8c94-ddf12e805cb7,파리바게뜨언양점,빵,언양읍성 남문 골목형상점가,골목형상점가,울산광역시,,,
aa471088350384cc648c,full_annotation_v1,A,q_빵_04,제과,카페·디저트 중 '빵'을 판매·제공하는 매장,train,빵,T2 동의어,b6553c18-790a-4c8d-be77-3c97ec0161db,버터앤밀,제과,아름다운별장거리골목형상점가,골목형상점가,서울특별시,,,
91f87c2de1647e276b09,full_annotation_v1,A,q_빵_04,제과,카페·디저트 중 '빵'을 판매·제공하는 매장,train,빵,T2 동의어,32539fc5-22d0-4fde-83a7-0e284f33732c,햄프빵토리,제과,풍산시장,전통시장,경상북도,,,
b73761a222385d91cc54,full_annotation_v1,A,q_빵_04,제과,카페·디저트 중 '빵'을 판매·제공하는 매장,train,빵,T2 동의어,f7505162-3a95-430c-8e44-a5d01b66b1a0,파리바게뜨,제과,당진원시가지상가,자율상권구역,충청남도,,,
71ffe08cb37f7f539818,full_annotation_v1,A,q_빵_04,제과,카페·디저트 중 '빵'을 판매·제공하는 매장,train,빵,T2 동의어,cfd5b40a-5cee-47b9-aa07-660d7afbd267,봉브레,제과,용대로119번길 골목형상점가,골목형상점가,광주광역시,,,
684d626b952171488ea7,full_annotation_v1,A,q_빵_04,제과,카페·디저트 중 '빵'을 판매·제공하는 매장,train,빵,T2 동의어,e3538607-a2e5-4535-bbab-3d5f3193219c,브레드플레인,제과,반석동 골목형상점가,골목형상점가,대전광역시,,,
3565b65b14f6a2cd18c0,full_annotation_v1,A,q_빵_04,제과,카페·디저트 중 '빵'을 판매·제공하는 매장,train,빵,T2 동의어,4253bd28-b4e2-42b7-9cd6-9c32d2541055,육일제과,빵집,중리시장,전통시장,대전광역시,,,
a4c427a6ebd5d38e6cb8,full_annotation_v1,A,q_빵_04,제과,카페·디저트 중 '빵'을 판매·제공하는 매장,train,빵,T2 동의어,3b96b896-610d-4499-a147-252b00272d5a,에팡,제과,매봉 골목형상점가,골목형상점가,광주광역시,,,
b6cd286a588d1b6fb2bd,full_annotation_v1,A,q_빵_04,제과,카페·디저트 중 '빵'을 판매·제공하는 매장,train,빵,T2 동의어,86fe7e4b-8409-484f-8c9e-f1a4123fedc0,빵굽는사람들,제과,한민시장,전통시장,대전광역시,,,
938e406355303e6c5b94,full_annotation_v1,A,q_빵_04,제과,카페·디저트 중 '빵'을 판매·제공하는 매장,train,빵,T2 동의어,40a0fc12-8c10-437b-8ace-2102cc8c5c43,아흘라마,제과,은마종합상점가,자율상권구역,서울특별시,,,
d0abcd6f7a207b65f4d8,full_annotation_v1,A,q_빵_04,제과,카페·디저트 중 '빵'을 판매·제공하는 매장,train,빵,T2 동의어,45b7fd2f-e7f0-4459-9182-151070c686cc,민속떡집,제과,안동구시장,전통시장,경상북도,,,
cdcb7b12fe698d96205a,full_annotation_v1,A,q_빵_04,제과,카페·디저트 중 '빵'을 판매·제공하는 매장,train,빵,T2 동의어,fbe57128-2730-4901-be1e-5f9e7f5a7e8e,일구칠구동태매운탕,한식,난우길골목형상점가,골목형상점가,서울특별시,,,
5d06d173b3d8564fb05d,full_annotation_v1,A,q_빵_04,제과,카페·디저트 중 '빵'을 판매·제공하는 매장,train,빵,T2 동의어,2a391a85-2b19-45a6-9d64-0a28e3682e72,파리바게뜨영주중앙점,제과,영주문화시장,전통시장,경상북도,,,
c9eea58e75fb31afc988,full_annotation_v1,A,q_빵_04,제과,카페·디저트 중 '빵'을 판매·제공하는 매장,train,빵,T2 동의어,28fb0cab-6091-4535-81b7-67e56d85dd9a,라보엠,제과,성수역골목형상점가,골목형상점가,서울특별시,,,
37b3b73e77b7747401be,full_annotation_v1,A,q_빵_04,제과,카페·디저트 중 '빵'을 판매·제공하는 매장,train,빵,T2 동의어,91656298-caba-402c-8cbd-2ccf4ed5de67,뚜레쥬르,제과,샘머리 골목형상점가,골목형상점가,대전광역시,,,
d884daa51f0e284cb32c,full_annotation_v1,A,q_빵_04,제과,카페·디저트 중 '빵'을 판매·제공하는 매장,train,빵,T2 동의어,201ee278-307a-40b4-b6c5-3dc617266c60,스마일제과,제과,언양알프스시장,전통시장,울산광역시,,,
abb9bef8a110a619f512,full_annotation_v1,A,q_빵_04,제과,카페·디저트 중 '빵'을 판매·제공하는 매장,train,빵,T2 동의어,0017b31e-27bf-4395-a7b2-ad9bc8554d97,컴포즈커피 충주호암한신더휴점,"커피, 음료",호암사천개로골목형상점가,골목형상점가,충청북도,,,
0deed8390ca5fb0d3a1e,full_annotation_v1,A,q_빵_04,제과,카페·디저트 중 '빵'을 판매·제공하는 매장,train,빵,T2 동의어,59b7a92a-ce21-4407-89ca-4880ee520717,몽소베이커리,제과,명지 누리 골목형상점가,골목형상점가,전라남도,,,
5bd7d747ad5dee1a0bdb,full_annotation_v1,A,q_빵_04,제과,카페·디저트 중 '빵'을 판매·제공하는 매장,train,빵,T2 동의어,67deb93c-6acc-4760-b358-dbe32cad35ad,리틀쿠키즈,제과,수완머그로 골목형상점가,골목형상점가,광주광역시,,,
90e1229bf283738cfd9e,full_annotation_v1,A,q_빵_04,제과,카페·디저트 중 '빵'을 판매·제공하는 매장,train,빵,T2 동의어,008d07a3-ba18-4806-9ec7-48c0adb25276,아빠네 빵집,제과제빵,신창수문 골목형상점가,골목형상점가,광주광역시,,,
afe1b8baf7c7492d16be,full_annotation_v1,A,q_빵_04,제과,카페·디저트 중 '빵'을 판매·제공하는 매장,train,빵,T2 동의어,152042ed-e34e-4936-8d1a-1761b90300d4,두건호텔리어,제과,태평시장,전통시장,대전광역시,,,
e0919a5bed7181f10470,full_annotation_v1,A,q_빵_04,제과,카페·디저트 중 '빵'을 판매·제공하는 매장,train,빵,T2 동의어,af841040-0055-4f95-bbe1-b98bb9cf9b59,밀곳,제과,부평깡통시장(구 부산부평시장),전통시장,부산광역시,,,
d9098086e5eb9926c79d,full_annotation_v1,A,q_빵_04,제과,카페·디저트 중 '빵'을 판매·제공하는 매장,train,빵,T2 동의어,bd59af02-dd93-4e2c-bdfc-8a4cdbe63a86,엉아크랩쭈이빵,킹크랩 등,누웨마루거리상점가,자율상권구역,제주특별자치도,,,
608d2c26b50ff126dfa0,full_annotation_v1,A,q_빵_04,제과,카페·디저트 중 '빵'을 판매·제공하는 매장,train,빵,T2 동의어,8b5da74c-6128-4af3-bd05-9bfada726d35,뚜레쥬르,제과,문흥동 골목형상점가,골목형상점가,광주광역시,,,
b276823e2d7036c54410,full_annotation_v1,A,q_빵_04,제과,카페·디저트 중 '빵'을 판매·제공하는 매장,train,빵,T2 동의어,a57fdc82-a31e-4930-a0b2-40a6e151db9d,다몽,제과,부천자유시장,전통시장,경기도,,,
804d879a967e96db2961,full_annotation_v1,A,q_빵_04,제과,카페·디저트 중 '빵'을 판매·제공하는 매장,train,빵,T2 동의어,fbaba8dd-31b8-468c-a37f-27951c592da0,뚜레쥬르,제과,한대앞역상점가,자율상권구역,경기도,,,
76012685f0aa63dbaacf,full_annotation_v1,A,q_빵_04,제과,카페·디저트 중 '빵'을 판매·제공하는 매장,train,빵,T2 동의어,1a8ab537-9ada-4c48-9398-39c6fb3f6e06,해피데이,제과,장미달빛거리골목형상점가,골목형상점가,서울특별시,,,
2facc779c7edc94e2232,full_annotation_v1,A,q_빵_04,제과,카페·디저트 중 '빵'을 판매·제공하는 매장,train,빵,T2 동의어,08cb6b83-12eb-4605-9bba-8f98ea9bc3a8,도야도넛츠,제과,사직시장,전통시장,부산광역시,,,
f964eceb785d775e56ca,full_annotation_v1,A,q_빵_04,제과,카페·디저트 중 '빵'을 판매·제공하는 매장,train,빵,T2 동의어,dc9e6069-e108-4bc0-835b-e2a19bbc7a8c,부자스토리,의류,전주중앙상가시장,전통시장,전북특별자치도,,,
3e793942f35c20a3bbcf,full_annotation_v1,A,q_빵_04,제과,카페·디저트 중 '빵'을 판매·제공하는 매장,train,빵,T2 동의어,3cd842a7-00d1-4be3-a6a4-0d9ed477e1c7,진미당제과,제과,대가야 자율상권구역,,경상북도,,,
9d76ae1caf319f44cf1a,full_annotation_v1,A,q_빵_04,제과,카페·디저트 중 '빵'을 판매·제공하는 매장,train,빵,T2 동의어,4dd78bfa-1552-49b6-922b-c147b8fcd88c,호감,제과,개롱골장군거리 골목형상점가,골목형상점가,서울특별시,,,
eb5fc93ca3e8d36ca5e5,full_annotation_v1,A,q_빵_04,제과,카페·디저트 중 '빵'을 판매·제공하는 매장,train,빵,T2 동의어,16d7c2d6-9f81-4ef7-9f21-c6752e8427e0,비올렛베이커리,제빵,응암골골목형상점가,골목형상점가,서울특별시,,,
69d9808e627aba8066de,full_annotation_v1,A,q_빵_04,제과,카페·디저트 중 '빵'을 판매·제공하는 매장,train,빵,T2 동의어,00ef0be0-bb62-463e-80ad-862e34111872,파리바게뜨 계룡쇼핑타운,제과제빵,신도안면 골목형상점가,골목형상점가,충청남도,,,
366535f3a25e2bcd8aa3,full_annotation_v1,A,q_빵_04,제과,카페·디저트 중 '빵'을 판매·제공하는 매장,train,빵,T2 동의어,02233677-ce78-4147-930d-ebc228a7c82d,소담제과,제과,현풍백년도깨비시장,전통시장,대구광역시,,,
a04e6e628a0f4749f759,full_annotation_v1,A,q_빵_04,제과,카페·디저트 중 '빵'을 판매·제공하는 매장,train,빵,T2 동의어,ebdb1e64-f2cf-45a6-91f1-6d7b8e57cee0,미쉘린베이커리,제과,가락타운상가시장,전통시장,부산광역시,,,
2a98c8bc1386935eeedf,full_annotation_v1,A,q_빵_04,제과,카페·디저트 중 '빵'을 판매·제공하는 매장,train,빵,T2 동의어,7127ee26-0150-4d6a-874f-6aabee544069,스마일명품찹쌀꽈배기,제과,장미달빛거리골목형상점가,골목형상점가,서울특별시,,,
760adc9f0395b53bb4d1,full_annotation_v1,A,q_빵_04,제과,카페·디저트 중 '빵'을 판매·제공하는 매장,train,빵,T2 동의어,7efba505-a2c2-4769-a9f0-3cfecf453268,제일성심당,제과,동남상가거리,골목형상점가,제주특별자치도,,,
6d0e583f7d19c411e660,full_annotation_v1,A,q_빵_04,제과,카페·디저트 중 '빵'을 판매·제공하는 매장,train,빵,T2 동의어,a96fbe64-8785-45a7-b257-b6e77e924dda,하이밀제과,제과 빵,서동전통골목시장,전통시장,부산광역시,,,
59e73b9a40554a685b74,full_annotation_v1,A,q_빵_04,제과,카페·디저트 중 '빵'을 판매·제공하는 매장,train,빵,T2 동의어,0426fae9-9be0-4571-8071-beaa385defda,파리바게트 조암점,베이커리,조암시장,전통시장,경기도,,,
8bad6f8a7dcc960aa749,full_annotation_v1,A,q_빵_04,제과,카페·디저트 중 '빵'을 판매·제공하는 매장,train,빵,T2 동의어,87470b49-28f4-4aee-82a7-637cda047ab6,파리바게뜨,제과,신월4동먹자골목골목형상점가,골목형상점가,서울특별시,,,
e2a8e5d3337d4dbea1a1,full_annotation_v1,A,q_빵_04,제과,카페·디저트 중 '빵'을 판매·제공하는 매장,train,빵,T2 동의어,ee321984-176d-4a95-ad66-d19d7d91ed5e,몽쉐리,제과,용호삼성시장,전통시장,부산광역시,,,
af2671d15dbce53a36a1,full_annotation_v1,A,q_빵_04,제과,카페·디저트 중 '빵'을 판매·제공하는 매장,train,빵,T2 동의어,c27f4c6c-75e2-4bc5-be75-161d47bf4c24,엘솔레베이커리,제과,공항대로골목형상점가,골목형상점가,서울특별시,,,
0e95f73d8aca4cd648f5,full_annotation_v1,A,q_빵_04,제과,카페·디저트 중 '빵'을 판매·제공하는 매장,train,빵,T2 동의어,e49ba3c0-236c-440f-ae7a-9ed662c341c7,파리바게뜨,제과,정선아리랑시장,전통시장,강원특별자치도,,,
534f2b2d630e6a710480,full_annotation_v1,A,q_빵_04,제과,카페·디저트 중 '빵'을 판매·제공하는 매장,train,빵,T2 동의어,08e1d991-57e1-440f-a5ab-e62825fedeb7,커피인더스트리,음료 및 베이커리,당정동한세로 골목형상점가,골목형상점가,경기도,,,
30124b30c0368128f8c9,full_annotation_v1,A,q_빵_04,제과,카페·디저트 중 '빵'을 판매·제공하는 매장,train,빵,T2 동의어,e7e8b767-00fb-44e5-af70-28409c9b70c7,도로시,제과,신월3동시장골목형상점가,골목형상점가,서울특별시,,,
e0f8d521877bff64210a,full_annotation_v1,A,q_빵_04,제과,카페·디저트 중 '빵'을 판매·제공하는 매장,train,빵,T2 동의어,2470913c-f81f-442f-8710-caa949b86f4e,브레드80,"제과, 제빵, 음료",럭스스퀘어 골목형상점가,골목형상점가,세종특별자치시,,,
5d62884ed39b42939503,full_annotation_v1,A,q_빵_04,제과,카페·디저트 중 '빵'을 판매·제공하는 매장,train,빵,T2 동의어,e330a9c2-f50b-43bc-a55c-13667cdd58c0,맛나제과,제과,강릉중앙시장,전통시장,강원특별자치도,,,
0ad4a4331435334d0fe0,full_annotation_v1,A,q_빵_04,제과,카페·디저트 중 '빵'을 판매·제공하는 매장,train,빵,T2 동의어,c9584696-0dd4-4188-8160-54a5c9f06e58,쇼콜라엔바닐라,제과,힐스테이트에코 골목형상점가,골목형상점가,경기도,,,
b8e541118136cb481773,full_annotation_v1,A,q_빵_04,제과,카페·디저트 중 '빵'을 판매·제공하는 매장,train,빵,T2 동의어,5f455d73-20b1-42fe-9a38-8bc1d1805c95,라미제과,제과,고도리 장터거리 상점가,골목형상점가,전라남도,,,
f887f7036e9f0e8d0593,full_annotation_v1,A,q_빵_04,제과,카페·디저트 중 '빵'을 판매·제공하는 매장,train,빵,T2 동의어,cb534c2c-50ef-4908-919a-1505ddbc5495,초이굽당,제과,남성역 골목시장,전통시장,서울특별시,,,
eceb6fc51002e4289c79,full_annotation_v1,A,q_빵_04,제과,카페·디저트 중 '빵'을 판매·제공하는 매장,train,빵,T2 동의어,e0f89c95-f3f8-4d56-8fa6-d3903fa94fd0,다나약국,의약품 의료기기 건강기능식품,신가동 골목형상점가,골목형상점가,광주광역시,,,
a95f722836e7d694a4ed,full_annotation_v1,A,q_빵_04,제과,카페·디저트 중 '빵'을 판매·제공하는 매장,train,빵,T2 동의어,66558c69-1435-43e2-8f9e-c05a007f8bd1,파리바게트,제과,안말초로 골목형상점가,골목형상점가,경기도,,,
8354dd6c84d9e1d002ae,full_annotation_v1,A,q_빵_04,제과,카페·디저트 중 '빵'을 판매·제공하는 매장,train,빵,T2 동의어,402015bc-b52c-427b-a088-115a9df5cb09,동아금속,유공압부품,시화유통상가,전통시장,경기도,,,
c4b049f91875f2ca2cd9,full_annotation_v1,A,q_빵_04,제과,카페·디저트 중 '빵'을 판매·제공하는 매장,train,빵,T2 동의어,d6090475-c88e-458c-9aaf-0016dd1e15f0,파리바게뜨경산중방점,제과,경산중앙로상점가,자율상권구역,경상북도,,,
a90b7191380aebaf6883,full_annotation_v1,A,q_빵_04,제과,카페·디저트 중 '빵'을 판매·제공하는 매장,train,빵,T2 동의어,0edcb575-eb77-483c-88bf-5bcfc7044c9f,단수이대왕카스테라,제과,공릉동도깨비시장,전통시장,서울특별시,,,
baa3216911a11dd10a4d,full_annotation_v1,A,q_빵_04,제과,카페·디저트 중 '빵'을 판매·제공하는 매장,train,빵,T2 동의어,21160a9a-68be-442a-b7a1-7e17461cc491,파리바게뜨,제과,산수오거리 골목형상점가,골목형상점가,광주광역시,,,
c9a2810e04f127530ca1,full_annotation_v1,A,q_빵_04,제과,카페·디저트 중 '빵'을 판매·제공하는 매장,train,빵,T2 동의어,a2fc3303-b547-402f-a21d-3e2b3736b4ca,구페베이커리,제과,반송큰시장,전통시장,부산광역시,,,
61ffa15798f16d275023,full_annotation_v1,A,q_빵_04,제과,카페·디저트 중 '빵'을 판매·제공하는 매장,train,빵,T2 동의어,7913b115-87de-4470-96a4-848f6ec54548,희망,제과,괴정골목시장,전통시장,부산광역시,,,
9cc3d64b9374db62c7c1,full_annotation_v1,A,q_빵_04,제과,카페·디저트 중 '빵'을 판매·제공하는 매장,train,빵,T2 동의어,d9748bd8-e360-4adf-b6fd-dd57389f17a1,커비스,제과,연남동골목형상점가,골목형상점가,서울특별시,,,
28f0df475edbb3004ce8,full_annotation_v1,A,q_빵_04,제과,카페·디저트 중 '빵'을 판매·제공하는 매장,train,빵,T2 동의어,5387c31a-d70b-44ea-ad2a-7a784d34a1c9,뚜레쥬르,제과,호수공원 골목형상점가,골목형상점가,경기도,,,
f73e68ecf2a4f35849c1,full_annotation_v1,A,q_빵_04,제과,카페·디저트 중 '빵'을 판매·제공하는 매장,train,빵,T2 동의어,0061123f-a676-4556-9633-5fbc4ecaf6ef,치즈케익카스테라카페,제과,북가좌동 골목형상점가,골목형상점가,서울특별시,,,
23bd8f023f411d35491c,full_annotation_v1,A,q_빵_04,제과,카페·디저트 중 '빵'을 판매·제공하는 매장,train,빵,T2 동의어,002d0d06-15b2-463e-b789-b0232bcc6681,뚜레주르버들마을점,제과,버들마을상인회 골목형상점가,골목형상점가,광주광역시,,,
c65b1ef0679bf3f9d1e6,full_annotation_v1,A,q_빵_04,제과,카페·디저트 중 '빵'을 판매·제공하는 매장,train,빵,T2 동의어,fa9c9481-e957-4b98-a91e-09937f0f05df,전문제과,제과,온천인정시장,전통시장,부산광역시,,,
617edf010361dce7a9c9,full_annotation_v1,A,q_빵_04,제과,카페·디저트 중 '빵'을 판매·제공하는 매장,train,빵,T2 동의어,a4a1b10e-f6bc-493a-ba92-e7e073617ce7,전통베이커리,제과,진보전통시장,전통시장,경상북도,,,
d675c30f1c5043d58458,full_annotation_v1,A,q_빵_04,제과,카페·디저트 중 '빵'을 판매·제공하는 매장,train,빵,T2 동의어,0357cdab-a0e1-4cee-a4e9-037671f66149,크로바제과점,제과,용운시장,전통시장,대전광역시,,,
db0ad46b34ffebeec89c,full_annotation_v1,A,q_빵_04,제과,카페·디저트 중 '빵'을 판매·제공하는 매장,train,빵,T2 동의어,1cea80e1-7a18-4f9a-b38b-24fd500ca460,뚜레쥬르,제과,별양동상점가,자율상권구역,경기도,,,
f6b37b2baf77c47313fc,full_annotation_v1,A,q_빵_04,제과,카페·디저트 중 '빵'을 판매·제공하는 매장,train,빵,T2 동의어,caf51aa1-e3e1-46be-9c78-2e5d0c01a43a,파리바게뜨,제과,창원 성원그랜드쇼핑상가,전통시장,경상남도,,,
acedd8542020bfb72807,full_annotation_v1,A,q_빵_04,제과,카페·디저트 중 '빵'을 판매·제공하는 매장,train,빵,T2 동의어,41398fc5-38a2-4c10-8776-ab47382aa711,명륜진사갈비유천점,한식,유천시장,전통시장,대전광역시,,,
aeff5b0ce0ec5cb22d58,full_annotation_v1,A,q_빵_04,제과,카페·디저트 중 '빵'을 판매·제공하는 매장,train,빵,T2 동의어,4b3205e2-f761-4344-ab92-80ab1a4214d7,파리바게뜨,제과,여수교동시장,전통시장,전라남도,,,
7636ac32def609c87081,full_annotation_v1,A,q_빵_04,제과,카페·디저트 중 '빵'을 판매·제공하는 매장,train,빵,T2 동의어,b77c8769-5123-44cf-9829-abf50257fb05,빵도넛,제과,우리시장,자율상권구역,서울특별시,,,
2b20ece447af6105e6cb,full_annotation_v1,A,q_빵_04,제과,카페·디저트 중 '빵'을 판매·제공하는 매장,train,빵,T2 동의어,0075dacf-3e3f-47b8-a4af-d3a2ff866348,북툰커피앤카페,찐빵 만두 커피,신창진흥 골목형상점가,골목형상점가,광주광역시,,,
e91eca47116c7eaf1ff9,full_annotation_v1,A,q_빵_04,제과,카페·디저트 중 '빵'을 판매·제공하는 매장,train,빵,T2 동의어,f784d59c-2a03-4daf-84ec-157f17699d31,제천샌드,제과,제천시 원도심 상권활성화구역,상권활성화구역,충청북도,,,
ac1769b7fce7bd094a28,full_annotation_v1,A,q_빵_04,제과,카페·디저트 중 '빵'을 판매·제공하는 매장,train,빵,T2 동의어,003d7e3f-6459-4018-ac58-7184cd2457d5,눈치 금호점,카페,금호1동상가번영회 골목형상점가,골목형상점가,광주광역시,,,
21a4deb5a84e321ce00e,full_annotation_v1,A,q_빵_05,빵 사는 데,카페·디저트 중 '빵'을 판매·제공하는 매장,train,빵,T4 구어·문장,4743849c-4370-42e5-b1cb-c49c84c7e8bd,낙원떡집,빵,순천역전시장상가,자율상권구역,전라남도,,,
7d09998c25e23e42708d,full_annotation_v1,A,q_빵_05,빵 사는 데,카페·디저트 중 '빵'을 판매·제공하는 매장,train,빵,T4 구어·문장,ed8738d0-83da-4fca-8ee6-a580dbb06b3d,빵굽는쉐프,빵,북구복개도로 골목형상점가,골목형상점가,광주광역시,,,
54f5ace91193f74cda73,full_annotation_v1,A,q_빵_05,빵 사는 데,카페·디저트 중 '빵'을 판매·제공하는 매장,train,빵,T4 구어·문장,7df327ec-ddfb-4e77-a79f-376c29ccf52a,경북상회,야채,인왕시장,전통시장,서울특별시,,,
a25b2d9e0f8998ba69b0,full_annotation_v1,A,q_빵_05,빵 사는 데,카페·디저트 중 '빵'을 판매·제공하는 매장,train,빵,T4 구어·문장,574e4af4-1abb-48f5-be6b-fcda478ef9bc,빵 하나의 즐거움,빵,사당4골목형상점가,골목형상점가,서울특별시,,,
da58d3082c8382040f3a,full_annotation_v1,A,q_빵_05,빵 사는 데,카페·디저트 중 '빵'을 판매·제공하는 매장,train,빵,T4 구어·문장,d2ee08ad-1aeb-48a2-a231-ff712f2d7978,비비큐광주효천점,치킨,효천로 골목형상점가,골목형상점가,광주광역시,,,
84fc0e4a80d34e0173ed,full_annotation_v1,A,q_빵_05,빵 사는 데,카페·디저트 중 '빵'을 판매·제공하는 매장,train,빵,T4 구어·문장,00d3ef33-13db-4750-93a0-4b31010fcb70,온유베이크,카페,스타타워1 골목형상점가,골목형상점가,인천광역시,,,
e060eea488ebd747a845,full_annotation_v1,A,q_빵_05,빵 사는 데,카페·디저트 중 '빵'을 판매·제공하는 매장,train,빵,T4 구어·문장,85411f89-92a8-46df-8b06-d0d1f4f385a3,포트루,빵,남항시장,전통시장,부산광역시,,,
29cc836ff0eb73c95029,full_annotation_v1,A,q_빵_05,빵 사는 데,카페·디저트 중 '빵'을 판매·제공하는 매장,train,빵,T4 구어·문장,410515c8-28fd-4af7-a6f4-904c5d745b14,빵사랑,빵,엄사 골목형상점가,골목형상점가,충청남도,,,
67240109786d6beb216d,full_annotation_v1,A,q_빵_05,빵 사는 데,카페·디저트 중 '빵'을 판매·제공하는 매장,train,빵,T4 구어·문장,0017b31e-27bf-4395-a7b2-ad9bc8554d97,컴포즈커피 충주호암한신더휴점,"커피, 음료",호암사천개로골목형상점가,골목형상점가,충청북도,,,
c16fb5667d0bf6a964d7,full_annotation_v1,A,q_빵_05,빵 사는 데,카페·디저트 중 '빵'을 판매·제공하는 매장,train,빵,T4 구어·문장,51d9a7e1-9c55-423b-97d6-a566e3f7c078,청춘맛점빵,빵,광주송정역세권 상권활성화구역,상권활성화구역,광주광역시,,,
693b9f2f5ce971304b76,full_annotation_v1,A,q_빵_05,빵 사는 데,카페·디저트 중 '빵'을 판매·제공하는 매장,train,빵,T4 구어·문장,5dbf1cf9-0e2e-4c58-9bda-fc2e3341ec40,빵긋,빵,노대물빛근린공원 골목형상점가,골목형상점가,광주광역시,,,
311a9c8856b73d336df4,full_annotation_v1,A,q_빵_05,빵 사는 데,카페·디저트 중 '빵'을 판매·제공하는 매장,train,빵,T4 구어·문장,000d1253-5431-4636-8c94-ddf12e805cb7,파리바게뜨언양점,빵,언양읍성 남문 골목형상점가,골목형상점가,울산광역시,,,
97367f58b48fccb8d6f6,full_annotation_v1,A,q_빵_05,빵 사는 데,카페·디저트 중 '빵'을 판매·제공하는 매장,train,빵,T4 구어·문장,3b5bde84-fd05-4acf-8765-1a6b34bda02f,명성왕족발,족발,신기시장,전통시장,인천광역시,,,
ff572ccab0f4d9093931,full_annotation_v1,A,q_빵_05,빵 사는 데,카페·디저트 중 '빵'을 판매·제공하는 매장,train,빵,T4 구어·문장,721f53fb-840e-4cf5-86ad-a753ef80913a,스마일찹쌀꽈배기,빵,운남골목 골목형상점가,골목형상점가,광주광역시,,,
fdf007289755ac094949,full_annotation_v1,A,q_빵_05,빵 사는 데,카페·디저트 중 '빵'을 판매·제공하는 매장,train,빵,T4 구어·문장,f14df4d3-9858-4a8b-8597-20fd477d8e32,갤러리 데 루치아,가구,용인어정가구단지상점가,자율상권구역,경기도,,,
38bf36cfa22282b959f7,full_annotation_v1,A,q_빵_05,빵 사는 데,카페·디저트 중 '빵'을 판매·제공하는 매장,train,빵,T4 구어·문장,83dbb5b7-a9f9-40e6-af0d-001f8be23fea,동네수제빵집,빵,청주시 소나무길 일원 자율상권구역,상권활성화구역,충청북도,,,
434b331f627006c176f4,full_annotation_v1,A,q_빵_05,빵 사는 데,카페·디저트 중 '빵'을 판매·제공하는 매장,train,빵,T4 구어·문장,3835c270-8285-42d8-9095-4695dbacdc3b,데일리팡,제과 빵집(빵),부평깡통시장(구 부산부평시장),전통시장,부산광역시,,,
5fb1938c71d0211a004d,full_annotation_v1,A,q_빵_05,빵 사는 데,카페·디저트 중 '빵'을 판매·제공하는 매장,train,빵,T4 구어·문장,1fb28223-80b0-4957-8772-2dd7e9e4d9f7,대룡상사,미용재료,숭례문수입상가,전통시장,서울특별시,,,
737b68ddd2160a2c51f6,full_annotation_v1,A,q_빵_05,빵 사는 데,카페·디저트 중 '빵'을 판매·제공하는 매장,train,빵,T4 구어·문장,d6b19577-dc7c-40ee-a918-b63204e5675e,빵의나라,빵,충무동골목시장,전통시장,부산광역시,,,
95298890314cde8805c0,full_annotation_v1,A,q_빵_05,빵 사는 데,카페·디저트 중 '빵'을 판매·제공하는 매장,train,빵,T4 구어·문장,43ad1cfb-9ea3-4f9e-b286-bbdb7afc9d2a,영양빵,빵,양동시장,전통시장,광주광역시,,,
c0d66f8729158dea042e,full_annotation_v1,A,q_빵_05,빵 사는 데,카페·디저트 중 '빵'을 판매·제공하는 매장,train,빵,T4 구어·문장,a6584e7f-2dca-4e80-9da8-1622a928da84,드숑,빵,동홍8번가 골목형상점가,골목형상점가,제주특별자치도,,,
06c1fc67d15b7bacffb8,full_annotation_v1,A,q_빵_05,빵 사는 데,카페·디저트 중 '빵'을 판매·제공하는 매장,train,빵,T4 구어·문장,15c6e912-c516-488e-a610-49249f555f3b,이영,내의,남대문시장,전통시장,서울특별시,,,
52af7110de37f51e1a8f,full_annotation_v1,A,q_빵_05,빵 사는 데,카페·디저트 중 '빵'을 판매·제공하는 매장,train,빵,T4 구어·문장,11e2dd2e-ab0e-4132-ba5d-ee4d652775f4,극동제과점,제빵,백년소상공인,기타,대전광역시,,,
380368ee38e55a44321f,full_annotation_v1,A,q_빵_05,빵 사는 데,카페·디저트 중 '빵'을 판매·제공하는 매장,train,빵,T4 구어·문장,ab042500-884b-4f76-b473-9fdf5ed9b15a,달코미식빵,빵,관저동 먹거리 골목형상점가,골목형상점가,대전광역시,,,
d02178ae08eaa93b256c,full_annotation_v1,A,q_빵_05,빵 사는 데,카페·디저트 중 '빵'을 판매·제공하는 매장,train,빵,T4 구어·문장,00ef0be0-bb62-463e-80ad-862e34111872,파리바게뜨 계룡쇼핑타운,제과제빵,신도안면 골목형상점가,골목형상점가,충청남도,,,
a60f6dd223537aaf1df1,full_annotation_v1,A,q_빵_05,빵 사는 데,카페·디저트 중 '빵'을 판매·제공하는 매장,train,빵,T4 구어·문장,229d4900-3644-4ed4-85eb-fb133c7c1573,파리바게트,제빵,매탄골목상인회 골목형상점가,골목형상점가,경기도,,,
667e1237e94dcadc1cd8,full_annotation_v1,A,q_빵_05,빵 사는 데,카페·디저트 중 '빵'을 판매·제공하는 매장,train,빵,T4 구어·문장,9c2a0888-9c1d-4c8e-ba82-879726467330,뚜레주르,빵,팔등로기부거리,골목형상점가,울산광역시,,,
a78f9a844641c4430139,full_annotation_v1,A,q_빵_05,빵 사는 데,카페·디저트 중 '빵'을 판매·제공하는 매장,train,빵,T4 구어·문장,d58a3a7b-c700-48c9-aaba-b0327832fa08,빵내음,빵,부천한신시장,전통시장,경기도,,,
ea51e85ae06c68731dc7,full_annotation_v1,A,q_빵_05,빵 사는 데,카페·디저트 중 '빵'을 판매·제공하는 매장,train,빵,T4 구어·문장,ac919080-84bb-4270-9ac4-e637c3f779c4,파리바게뜨안동중앙점,빵,안동음식의거리 골목형상점가,골목형상점가,경상북도,,,
0e5928b0d2f1a949ede5,full_annotation_v1,A,q_빵_05,빵 사는 데,카페·디저트 중 '빵'을 판매·제공하는 매장,train,빵,T4 구어·문장,0d8ce313-7562-42ac-85f1-af236f77771a,서울마님죽카페,음식점업(휴게음식점),용인중앙시장,전통시장,경기도,,,
fefada25aa8481d46710,full_annotation_v1,A,q_빵_05,빵 사는 데,카페·디저트 중 '빵'을 판매·제공하는 매장,train,빵,T4 구어·문장,1c27a79a-97ad-4985-b858-a8ce91776191,스멜비,빵,왕십리무학봉상점가,자율상권구역,서울특별시,,,
8ca5e2956e59e36dd8a4,full_annotation_v1,A,q_빵_05,빵 사는 데,카페·디저트 중 '빵'을 판매·제공하는 매장,train,빵,T4 구어·문장,34838c52-16d1-4085-8263-20424f47ac30,양평베이커리,제과점업,양평물맑은시장,전통시장,경기도,,,
27d27fc720de3724bd31,full_annotation_v1,A,q_빵_05,빵 사는 데,카페·디저트 중 '빵'을 판매·제공하는 매장,train,빵,T4 구어·문장,c90cbfff-9d5c-40d0-ad21-dbb8426a9526,맛있는빵집,빵,오산오색시장(구 오산중앙시장),전통시장,경기도,,,
ce950b7cd4a1e2bee4a4,full_annotation_v1,A,q_빵_05,빵 사는 데,카페·디저트 중 '빵'을 판매·제공하는 매장,train,빵,T4 구어·문장,316936fd-968d-4b1e-a3ea-5783f0c349a3,마므레크로와상,빵,상동역 골목형상점가,골목형상점가,경기도,,,
cd01130a20b2e8c4bc63,full_annotation_v1,A,q_빵_05,빵 사는 데,카페·디저트 중 '빵'을 판매·제공하는 매장,train,빵,T4 구어·문장,aba76fc2-984e-4030-ba01-e2e7d78264c7,데 아로즈 대전둔산본점,,갈리단길 골목형상점가,골목형상점가,대전광역시,,,
43de234a23e59cf3d9bb,full_annotation_v1,A,q_빵_05,빵 사는 데,카페·디저트 중 '빵'을 판매·제공하는 매장,train,빵,T4 구어·문장,d8b2e1ae-873b-4ca4-8393-2bff55a4fa08,60계개포점,음식점,강남개포시장(구 개포2동중심상점가),자율상권구역,서울특별시,,,
a6cef3ea26695821f7f3,full_annotation_v1,A,q_빵_05,빵 사는 데,카페·디저트 중 '빵'을 판매·제공하는 매장,train,빵,T4 구어·문장,a6a33b4b-1bad-40e9-857c-220bf3ec8c05,느루밀방,빵,장자호수공원 골목형상점가,골목형상점가,경기도,,,
6b16642e91dc017362e8,full_annotation_v1,A,q_빵_05,빵 사는 데,카페·디저트 중 '빵'을 판매·제공하는 매장,train,빵,T4 구어·문장,f88f39b4-2fb6-4e8e-95ae-4df6b5ea1006,수제빵,빵,후평일단지시장,전통시장,강원특별자치도,,,
4992860eb57471ec13a1,full_annotation_v1,A,q_빵_05,빵 사는 데,카페·디저트 중 '빵'을 판매·제공하는 매장,train,빵,T4 구어·문장,985b16ef-cdd1-440f-844a-ac5318a0e210,봄햇쌀빵,빵,초지항아리 골목형상점가,골목형상점가,경기도,,,
00a53077efa001fd850c,full_annotation_v1,A,q_빵_05,빵 사는 데,카페·디저트 중 '빵'을 판매·제공하는 매장,train,빵,T4 구어·문장,bdca09f5-28d5-4022-a00e-baef9dfc2114,빵이가득한집,빵,영동교골목시장(영동교시장),전통시장,서울특별시,,,
4331d442bc5f82ea575c,full_annotation_v1,A,q_빵_05,빵 사는 데,카페·디저트 중 '빵'을 판매·제공하는 매장,train,빵,T4 구어·문장,36795039-f3af-4b5e-9792-e972b52e0f02,구페베이커리,빵,신금정시장 골목형 상점가,골목형상점가,부산광역시,,,
428aabcca1d2e0750986,full_annotation_v1,A,q_빵_05,빵 사는 데,카페·디저트 중 '빵'을 판매·제공하는 매장,train,빵,T4 구어·문장,16ac5642-d977-4765-a96e-4b6c4bf2a743,빵사랑베이커리,제빵,방이시장,전통시장,서울특별시,,,
875c8e63b10d7d11674b,full_annotation_v1,A,q_빵_05,빵 사는 데,카페·디저트 중 '빵'을 판매·제공하는 매장,train,빵,T4 구어·문장,2c85a38f-472c-4203-be2a-4fa035bd61a9,만나빵,빵 음료,삼정로 골목형상점가,골목형상점가,광주광역시,,,
9605c3537d13099aef29,full_annotation_v1,A,q_빵_05,빵 사는 데,카페·디저트 중 '빵'을 판매·제공하는 매장,train,빵,T4 구어·문장,247b3f92-4dc9-435a-a63b-27c994d620ac,몰리카,빵,송정청춘 골목형상점가,골목형상점가,울산광역시,,,
55c76adc40cad759f597,full_annotation_v1,A,q_빵_05,빵 사는 데,카페·디저트 중 '빵'을 판매·제공하는 매장,train,빵,T4 구어·문장,0beeb84b-0b69-4b6d-8d44-07fe02ba8034,아모르,빵,동원전통종합시장,전통시장,서울특별시,,,
4c81c6d4247278503e3f,full_annotation_v1,A,q_빵_05,빵 사는 데,카페·디저트 중 '빵'을 판매·제공하는 매장,train,빵,T4 구어·문장,77ca8281-5946-4b6a-8c62-1ec0a32c27eb,굿모닝천빵,빵,남봉덕 골목형상점가,골목형상점가,대구광역시,,,
8ace6e1ea479b50b41cb,full_annotation_v1,A,q_빵_05,빵 사는 데,카페·디저트 중 '빵'을 판매·제공하는 매장,train,빵,T4 구어·문장,282b0e8b-051c-49f9-a707-b982df803589,까라벨라 데 오르,스파게티,동명동 카페거리 골목형상점가,골목형상점가,광주광역시,,,
d4aae9d15547bb9643eb,full_annotation_v1,A,q_빵_05,빵 사는 데,카페·디저트 중 '빵'을 판매·제공하는 매장,train,빵,T4 구어·문장,82fa0377-7bef-4a1a-a523-eab01d18d14a,임이지메이크업,미용,상무백운상인회 골목형상점가,골목형상점가,광주광역시,,,
fd12d3b8251e81abb534,full_annotation_v1,A,q_빵_05,빵 사는 데,카페·디저트 중 '빵'을 판매·제공하는 매장,train,빵,T4 구어·문장,1100864e-a8cd-4f8a-8912-052006506c20,빵그레맛쥬,빵,여수서시장주변시장,전통시장,,,,
00288762e4fa88789299,full_annotation_v1,A,q_빵_05,빵 사는 데,카페·디저트 중 '빵'을 판매·제공하는 매장,train,빵,T4 구어·문장,c0da382e-d2bf-4cb6-be42-b32f1ff0c610,츄베이커리,빵,신림별빛거리골목형상점가,골목형상점가,서울특별시,,,
6bc7e10a6dee06a13331,full_annotation_v1,A,q_빵_05,빵 사는 데,카페·디저트 중 '빵'을 판매·제공하는 매장,train,빵,T4 구어·문장,044dc36b-4675-432a-8391-b283e71e59c1,아빠빵집,빵,창원 신대방 골목형상점가,골목형상점가,경상남도,,,
e89d2becc973e6a2fe7b,full_annotation_v1,A,q_빵_05,빵 사는 데,카페·디저트 중 '빵'을 판매·제공하는 매장,train,빵,T4 구어·문장,43c4b6cd-d530-452f-a458-55d71223cb48,행복한갓빵,빵,중앙신시장,전통시장,경상북도,,,
a75526cc63823f3aad40,full_annotation_v1,A,q_빵_05,빵 사는 데,카페·디저트 중 '빵'을 판매·제공하는 매장,train,빵,T4 구어·문장,f89439a4-a32f-41c3-84ca-361215c348ac,구움빵,빵,영월중앙시장,자율상권구역,강원특별자치도,,,
4b4db089bd101d215430,full_annotation_v1,A,q_빵_05,빵 사는 데,카페·디저트 중 '빵'을 판매·제공하는 매장,train,빵,T4 구어·문장,35290020-7a77-4b30-b3ce-a1a267b7414d,파리바게뜨,빵,석계역 골목형상점가,골목형상점가,서울특별시,,,
d6358ccfd392e5926b00,full_annotation_v1,A,q_빵_05,빵 사는 데,카페·디저트 중 '빵'을 판매·제공하는 매장,train,빵,T4 구어·문장,e6e88790-75b9-47b2-8800-cfaf0df49b07,배스킨라빈스세종한솔점,아이스크림,한솔동 5~6단지상점가,자율상권구역,세종특별자치시,,,
7177b1a3f3f18f644b1b,full_annotation_v1,A,q_빵_05,빵 사는 데,카페·디저트 중 '빵'을 판매·제공하는 매장,train,빵,T4 구어·문장,34130968-a3fc-4194-9cfd-8fd270546ebc,강릉오빠,빵,강릉성남시장,전통시장,강원특별자치도,,,
a58031394f32c123901e,full_annotation_v1,A,q_빵_05,빵 사는 데,카페·디저트 중 '빵'을 판매·제공하는 매장,train,빵,T4 구어·문장,78be89bd-6747-485a-84b9-c6da9b6ebbfc,밀파크,빵,남구보건소사거리 골목형상점가,골목형상점가,울산광역시,,,
0c80784eadc140517ec6,full_annotation_v1,A,q_빵_05,빵 사는 데,카페·디저트 중 '빵'을 판매·제공하는 매장,train,빵,T4 구어·문장,4672ac8b-a5e3-439c-b36b-54d3cbc893c6,뉴욕제과,빵,백년소상공인,기타,강원특별자치도,,,
652c4f0996fc9c6bdbd2,full_annotation_v1,A,q_빵_05,빵 사는 데,카페·디저트 중 '빵'을 판매·제공하는 매장,train,빵,T4 구어·문장,001bc028-a43e-44d4-9682-db280a4998cc,파리바게뜨전주근영점,제과점,근영누리 골목형상점가,골목형상점가,전북특별자치도,,,
c8e50b7268dca84b6e55,full_annotation_v1,A,q_빵_05,빵 사는 데,카페·디저트 중 '빵'을 판매·제공하는 매장,train,빵,T4 구어·문장,8eea77ce-0499-43a0-958d-ad824077f80b,빵나라밀젠,빵,금촌전통시장,전통시장,경기도,,,
5beacc03b96dbb75256e,full_annotation_v1,A,q_빵_05,빵 사는 데,카페·디저트 중 '빵'을 판매·제공하는 매장,train,빵,T4 구어·문장,5adde790-a071-45c6-b923-cdc686e3892c,빵이야,빵,의정부제일시장,전통시장,경기도,,,
9917207a9787e049505f,full_annotation_v1,A,q_빵_05,빵 사는 데,카페·디저트 중 '빵'을 판매·제공하는 매장,train,빵,T4 구어·문장,47e013aa-689d-4b11-a751-9f58a862da0c,봉황화장품,화장품,호계공설시장,전통시장,울산광역시,,,
c6c042f60b05d5c30afd,full_annotation_v1,A,q_빵_05,빵 사는 데,카페·디저트 중 '빵'을 판매·제공하는 매장,train,빵,T4 구어·문장,5d52a0a6-00a0-4588-85d3-a0dfae7946db,맑을린,커피 빵,호수공원 골목형상점가,골목형상점가,경기도,,,
65029baedebd668caf7e,full_annotation_v1,A,q_빵_05,빵 사는 데,카페·디저트 중 '빵'을 판매·제공하는 매장,train,빵,T4 구어·문장,7a7b6e4c-7fbf-4986-be20-aa6b563c2a0b,빵고집,빵,홀릭스,골목형상점가,광주광역시,,,
bf7f2357ae198adedab8,full_annotation_v1,A,q_빵_05,빵 사는 데,카페·디저트 중 '빵'을 판매·제공하는 매장,train,빵,T4 구어·문장,002d0d06-15b2-463e-b789-b0232bcc6681,뚜레주르버들마을점,제과,버들마을상인회 골목형상점가,골목형상점가,광주광역시,,,
d55f807a68b931b98a2c,full_annotation_v1,A,q_빵_05,빵 사는 데,카페·디저트 중 '빵'을 판매·제공하는 매장,train,빵,T4 구어·문장,6599f830-7e49-4601-9d2e-05d5551dbcc7,시온베이커리,빵,선우시장,전통시장,울산광역시,,,
5f6a70f13c2ff5af8215,full_annotation_v1,A,q_빵_05,빵 사는 데,카페·디저트 중 '빵'을 판매·제공하는 매장,train,빵,T4 구어·문장,a4de585d-9a72-4fa1-87ca-62527ff5e289,빵이가득한집,빵,수유재래시장,전통시장,서울특별시,,,
c8882f686569ac6de9c8,full_annotation_v1,A,q_빵_05,빵 사는 데,카페·디저트 중 '빵'을 판매·제공하는 매장,train,빵,T4 구어·문장,aa936541-d9bc-4616-9c06-83df36ba719c,빵이가득한집,빵,석바위시장,전통시장,인천광역시,,,
c4b626724a8006f85388,full_annotation_v1,A,q_빵_05,빵 사는 데,카페·디저트 중 '빵'을 판매·제공하는 매장,train,빵,T4 구어·문장,99aba36d-4827-44f5-8d92-af61d33301d9,김녕빵집,빵,김녕로 골목형상점가,골목형상점가,제주특별자치도,,,
f5355bf78a6c2339e568,full_annotation_v1,A,q_빵_05,빵 사는 데,카페·디저트 중 '빵'을 판매·제공하는 매장,train,빵,T4 구어·문장,c8beffa5-6216-45d2-bf79-39af150c55a5,빵앗간,빵,관저동 먹거리 골목형상점가,골목형상점가,대전광역시,,,
6e7267b476b85f7683e1,full_annotation_v1,A,q_빵_05,빵 사는 데,카페·디저트 중 '빵'을 판매·제공하는 매장,train,빵,T4 구어·문장,2bca6c63-27ce-48ef-982a-173800c6c834,수암꽈배기,빵집,수암상가시장,전통시장,울산광역시,,,
d04fd20df624f29a770d,full_annotation_v1,A,q_빵_05,빵 사는 데,카페·디저트 중 '빵'을 판매·제공하는 매장,train,빵,T4 구어·문장,2470913c-f81f-442f-8710-caa949b86f4e,브레드80,"제과, 제빵, 음료",럭스스퀘어 골목형상점가,골목형상점가,세종특별자치시,,,
b69406e93e0752d514d6,full_annotation_v1,A,q_빵_05,빵 사는 데,카페·디저트 중 '빵'을 판매·제공하는 매장,train,빵,T4 구어·문장,09baec57-e4ce-4c5b-bb4e-c39562aae219,빵 슈퍼마켓,빵,석바위시장,전통시장,인천광역시,,,
78ebcbb32477a9d3a713,full_annotation_v1,A,q_빵_05,빵 사는 데,카페·디저트 중 '빵'을 판매·제공하는 매장,train,빵,T4 구어·문장,46598a11-dcca-4d02-8f21-b300dd6b2940,착한빵집,빵,한민시장,전통시장,대전광역시,,,
f0de669de49be41bb42f,full_annotation_v1,A,q_빵_05,빵 사는 데,카페·디저트 중 '빵'을 판매·제공하는 매장,train,빵,T4 구어·문장,827435c1-ee4d-49be-8c30-466ce0b9bd59,시장빵집,빵,가은아자개시장,전통시장,경상북도,,,
7e5eda071377432c1fbf,full_annotation_v1,A,q_빵_05,빵 사는 데,카페·디저트 중 '빵'을 판매·제공하는 매장,train,빵,T4 구어·문장,9bef2f16-b5eb-46d7-8b34-1197aeb508c3,빵뜨레,빵,신탄진시장,전통시장,대전광역시,,,
af33d4c97336b6da33ac,full_annotation_v1,A,q_빵_05,빵 사는 데,카페·디저트 중 '빵'을 판매·제공하는 매장,train,빵,T4 구어·문장,9891dda1-0fae-4901-81a7-58d595297177,뚜레쥬르온양역,빵,온양온천역 골목형 상점가,골목형상점가,충청남도,,,
94a151c7a678a0404500,full_annotation_v1,A,q_빵_05,빵 사는 데,카페·디저트 중 '빵'을 판매·제공하는 매장,train,빵,T4 구어·문장,a38b846e-2154-4e65-91ef-e79ea6687571,뜨락,의류,마산 부림지하상가시장,일반지하상점가,경상남도,,,
3318b1deb228326437a5,full_annotation_v1,A,q_빵_05,빵 사는 데,카페·디저트 중 '빵'을 판매·제공하는 매장,train,빵,T4 구어·문장,6f6f808d-060c-4238-924b-86c684653dfc,콰상,빵,자양번영로골목형상점가,골목형상점가,서울특별시,,,
06335a58b675e2dff147,full_annotation_v1,A,q_빵_05,빵 사는 데,카페·디저트 중 '빵'을 판매·제공하는 매장,train,빵,T4 구어·문장,62ece2b4-c22f-4d89-865d-a35ad937096e,죽이야기 효천1지구점,죽,효천로 골목형상점가,골목형상점가,광주광역시,,,
43721738ef6bdb1a1f69,full_annotation_v1,A,q_빵_05,빵 사는 데,카페·디저트 중 '빵'을 판매·제공하는 매장,train,빵,T4 구어·문장,dc7d1b3a-e496-4e3d-9fe1-12bb64cb1cf4,빵구워뜨,빵,안양관양시장,전통시장,경기도,,,
a25ff144a00e9e1c9b74,full_annotation_v1,A,q_빵_05,빵 사는 데,카페·디저트 중 '빵'을 판매·제공하는 매장,train,빵,T4 구어·문장,53467a61-3503-4765-8107-ec9c98eb13b4,동아제빵소,빵,삼각지맛길 골목형상점가,골목형상점가,대구광역시,,,
dcd951447434c67cc9dd,full_annotation_v1,A,q_빵_05,빵 사는 데,카페·디저트 중 '빵'을 판매·제공하는 매장,train,빵,T4 구어·문장,da60c898-2867-4dc4-a02d-55f9484fed1e,착한빵집,빵,엄사 골목형상점가,골목형상점가,충청남도,,,
1a82f34c60e64a151c2a,full_annotation_v1,A,q_빵_05,빵 사는 데,카페·디저트 중 '빵'을 판매·제공하는 매장,train,빵,T4 구어·문장,1ef0804f-f51f-404e-9b94-38d93103e7a6,아름다운베이커리,빵,해남매일시장,전통시장,전라남도,,,
3404b39be3f6e9f34c27,full_annotation_v1,A,q_빵_05,빵 사는 데,카페·디저트 중 '빵'을 판매·제공하는 매장,train,빵,T4 구어·문장,5a1cebb2-3b2b-4152-9fbb-29f05be23ba8,달지,빵,문화의거리 상점가,자율상권구역,울산광역시,,,
60805f1dba2f00f5cc7b,full_annotation_v1,A,q_빵_05,빵 사는 데,카페·디저트 중 '빵'을 판매·제공하는 매장,train,빵,T4 구어·문장,c3620a8b-8bc6-4151-b2f0-56b734811e7c,정가네,빵,남목전통시장,전통시장,울산광역시,,,
c7774936bd0e6416f776,full_annotation_v1,A,q_빵_05,빵 사는 데,카페·디저트 중 '빵'을 판매·제공하는 매장,train,빵,T4 구어·문장,eaa7862b-ab22-4ae5-9b70-1b17046061f7,백원빵,빵,포항죽도농산물시장,전통시장,경상북도,,,
4724cd79d81ac1d93779,full_annotation_v1,A,q_빵_05,빵 사는 데,카페·디저트 중 '빵'을 판매·제공하는 매장,train,빵,T4 구어·문장,223ac46e-51cf-4eab-ae60-378b76414b47,찰찰보리식빵,빵,인천모래내전통시장,전통시장,인천광역시,,,
0342979c56765526eae5,full_annotation_v1,A,q_빵_05,빵 사는 데,카페·디저트 중 '빵'을 판매·제공하는 매장,train,빵,T4 구어·문장,003d7e3f-6459-4018-ac58-7184cd2457d5,눈치 금호점,카페,금호1동상가번영회 골목형상점가,골목형상점가,광주광역시,,,
8c5a454b02910891574b,full_annotation_v1,A,q_빵_05,빵 사는 데,카페·디저트 중 '빵'을 판매·제공하는 매장,train,빵,T4 구어·문장,d4f71082-bec1-4237-9e15-e98f98f635d6,빵퍼센트,빵,팡팡 골목형상점가,골목형상점가,광주광역시,,,
3a159e717d12282c710f,full_annotation_v1,A,q_빵_05,빵 사는 데,카페·디저트 중 '빵'을 판매·제공하는 매장,train,빵,T4 구어·문장,8844a74d-7f7e-4066-9804-2c8ae1372892,빵굽는쉐프,빵,용남시장,전통시장,인천광역시,,,
4d0b4d1522cf4eba98d8,full_annotation_v1,A,q_빵_05,빵 사는 데,카페·디저트 중 '빵'을 판매·제공하는 매장,train,빵,T4 구어·문장,00b6de61-2c2e-4164-aee6-c011f81aec20,파리바게뜨 세종반곡,"베이커리, 케이크, 음료, 커피",반곡동행복 골목형상점가,골목형상점가,세종특별자치시,,,
d45d6b2be37791661f4e,full_annotation_v1,A,q_빵_05,빵 사는 데,카페·디저트 중 '빵'을 판매·제공하는 매장,train,빵,T4 구어·문장,801f7111-0693-4b0e-baf4-ebdbb0f6f637,펜지앤펜지,빵,평촌1번가 상점가,자율상권구역,경기도,,,
83ca9a7b5d750014daab,full_annotation_v1,A,q_빵_05,빵 사는 데,카페·디저트 중 '빵'을 판매·제공하는 매장,train,빵,T4 구어·문장,66060a7e-ea4d-44e6-81db-e4d227b85e14,뚜레쥬르,빵,전곡중앙상가 골목형상점가,골목형상점가,경기도,,,
21c8f759d9c87274b126,full_annotation_v1,A,q_빵_05,빵 사는 데,카페·디저트 중 '빵'을 판매·제공하는 매장,train,빵,T4 구어·문장,006a3289-9c32-4593-a919-9259a7215a7d,우리베이커리,빵류,동해중앙시장상권활성화구역,상권활성화구역,강원특별자치도,,,
288fcc293a6aa89acd6e,full_annotation_v1,A,q_빵_05,빵 사는 데,카페·디저트 중 '빵'을 판매·제공하는 매장,train,빵,T4 구어·문장,00362b85-cb9a-4318-9059-12f768d76197,파리바게뜨전주인후점,제과점,소나무 골목형상점가,골목형상점가,전북특별자치도,,,
a27da5e51b7586800c3e,full_annotation_v1,A,q_빵_05,빵 사는 데,카페·디저트 중 '빵'을 판매·제공하는 매장,train,빵,T4 구어·문장,f17882f8-6896-4057-a3f7-fe575424c5bb,호성축산전문점,정육,정읍샘고을시장,전통시장,전북특별자치도,,,
845611cdf4c4262dfc27,full_annotation_v1,A,q_빵_05,빵 사는 데,카페·디저트 중 '빵'을 판매·제공하는 매장,train,빵,T4 구어·문장,bce23887-ea78-43fc-b213-4b86bdaf61a7,빵플러스,빵,가좌시장,전통시장,인천광역시,,,
fb38d3095207366e6d75,full_annotation_v1,A,q_빵_05,빵 사는 데,카페·디저트 중 '빵'을 판매·제공하는 매장,train,빵,T4 구어·문장,0063671e-77f7-466c-bbc2-223497c0dae4,무가당,카페,세병호 골목형상점가,골목형상점가,전북특별자치도,,,
c07f2448aa7899cf5c75,full_annotation_v1,A,q_빵_05,빵 사는 데,카페·디저트 중 '빵'을 판매·제공하는 매장,train,빵,T4 구어·문장,ec791e48-199f-4aeb-90ad-cabc30f9416b,빵스토리,빵,용현시장,전통시장,인천광역시,,,
1936bf36e01001517ab9,full_annotation_v1,A,q_빵_05,빵 사는 데,카페·디저트 중 '빵'을 판매·제공하는 매장,train,빵,T4 구어·문장,d3033a2e-e2a6-4562-9212-be7486bd4b2e,파리바게트회룡역점,빵,회룡역골목형상점가,골목형상점가,경기도,,,
5220eea6d4c2cb73b29e,full_annotation_v1,A,q_빵_05,빵 사는 데,카페·디저트 중 '빵'을 판매·제공하는 매장,train,빵,T4 구어·문장,ffebab6b-dd5e-4922-b37d-647d00aab258,빵육집,빵,봉선2중앙로 골목형상점가,골목형상점가,광주광역시,,,
a8fadf054dd756532b55,full_annotation_v1,A,q_빵_05,빵 사는 데,카페·디저트 중 '빵'을 판매·제공하는 매장,train,빵,T4 구어·문장,6afb0c48-dea4-4105-9291-b3bec77e2b01,빵굼터,빵,우산어등마을 골목형상점가,골목형상점가,광주광역시,,,
c851033be06af3368710,full_annotation_v1,A,q_빵_05,빵 사는 데,카페·디저트 중 '빵'을 판매·제공하는 매장,train,빵,T4 구어·문장,097fc611-9788-401e-9ac1-bb20760ca643,브렛의오븐,베이커리음료,마산 월영대시장,전통시장,경상남도,,,
02258e2611a76d776880,full_annotation_v1,A,q_빵_05,빵 사는 데,카페·디저트 중 '빵'을 판매·제공하는 매장,train,빵,T4 구어·문장,08e1d991-57e1-440f-a5ab-e62825fedeb7,커피인더스트리,음료 및 베이커리,당정동한세로 골목형상점가,골목형상점가,경기도,,,
2d492f12b095e233a339,full_annotation_v1,A,q_빵_05,빵 사는 데,카페·디저트 중 '빵'을 판매·제공하는 매장,train,빵,T4 구어·문장,ac301828-9bd1-4982-b8c7-15879fe9405c,건빵,빵,녹차골보성향토시장(구 보성5일시장),전통시장,전라남도,,,
784104229ea7b58bec8e,full_annotation_v1,A,q_빵_05,빵 사는 데,카페·디저트 중 '빵'을 판매·제공하는 매장,train,빵,T4 구어·문장,3e392162-5664-4456-8619-4415ac589b1e,도넛상회,빵,구갈상점가,자율상권구역,경기도,,,
3be73c4e2d4d6b13aac0,full_annotation_v1,A,q_빵_05,빵 사는 데,카페·디저트 중 '빵'을 판매·제공하는 매장,train,빵,T4 구어·문장,db44c830-fe5d-407f-b076-c1ab3e70fd3b,파더스베이글,빵,예술의거리 골목형상점가,골목형상점가,광주광역시,,,
81f77f8a2a33ccdd7faa,full_annotation_v1,A,q_빵_05,빵 사는 데,카페·디저트 중 '빵'을 판매·제공하는 매장,train,빵,T4 구어·문장,c7e3bdcd-ac8a-4abf-9431-004975f16dc7,미등케이크,빵,담양중앙 골목형상점가,골목형상점가,전라남도,,,
f428042c7e4129abcdab,full_annotation_v1,A,q_빵_05,빵 사는 데,카페·디저트 중 '빵'을 판매·제공하는 매장,train,빵,T4 구어·문장,e5fe0ba3-ae61-438b-93df-74715599062a,빵이가득한집,빵,동원전통시장상점가,자율상권구역,서울특별시,,,
b6e4caf2cba0d946d8a3,full_annotation_v1,A,q_빵_05,빵 사는 데,카페·디저트 중 '빵'을 판매·제공하는 매장,train,빵,T4 구어·문장,287fbb51-f236-486b-8096-32b6e4e4b59c,끌로뒤빵,빵,신매시장,전통시장,대구광역시,,,
33447b658fff1280ee98,full_annotation_v1,A,q_빵_05,빵 사는 데,카페·디저트 중 '빵'을 판매·제공하는 매장,train,빵,T4 구어·문장,940d327e-45e5-4d5a-ade7-d22f18911b8b,봉희당,빵 커피,양양로 골목형상점가,골목형상점가,강원특별자치도,,,
6375b15b20b50437ad44,full_annotation_v1,A,q_빵_05,빵 사는 데,카페·디저트 중 '빵'을 판매·제공하는 매장,train,빵,T4 구어·문장,011e2df5-6d25-4553-bfc6-cdf779856853,올데이(All day),카페,남구 용대로 골목형상점가,골목형상점가,광주광역시,,,
2ebca5ec26a3330a2c29,full_annotation_v1,A,q_빵_05,빵 사는 데,카페·디저트 중 '빵'을 판매·제공하는 매장,train,빵,T4 구어·문장,23895b9f-4b17-4f81-9aac-e334cdf18453,식빵굽는남자,빵,동문동 골목형상점가,골목형상점가,충청남도,,,
2f1d12fb5943d503b1ba,full_annotation_v1,A,q_빵_05,빵 사는 데,카페·디저트 중 '빵'을 판매·제공하는 매장,train,빵,T4 구어·문장,4253bd28-b4e2-42b7-9cd6-9c32d2541055,육일제과,빵집,중리시장,전통시장,대전광역시,,,
7e2fe57997fc70cf423b,full_annotation_v1,A,q_빵_05,빵 사는 데,카페·디저트 중 '빵'을 판매·제공하는 매장,train,빵,T4 구어·문장,f89cc30d-7556-468f-9994-cc23c45d3251,천원베이커리,빵,세은 골목형상점가,골목형상점가,광주광역시,,,
01a0be68a6c5b4598d29,full_annotation_v1,A,q_빵_05,빵 사는 데,카페·디저트 중 '빵'을 판매·제공하는 매장,train,빵,T4 구어·문장,04570e59-7b5d-46f8-ac92-9f77570f6222,꿈빵,빵,용인중앙시장,전통시장,경기도,,,
aa23cfde3c59950f0cef,full_annotation_v1,A,q_빵_05,빵 사는 데,카페·디저트 중 '빵'을 판매·제공하는 매장,train,빵,T4 구어·문장,323113dc-b2d9-4366-b21c-037d0f130f31,제트네빵집,,고성시장,전통시장,경상남도,,,
6bd123350dfa8d6a8d69,full_annotation_v1,A,q_빵_05,빵 사는 데,카페·디저트 중 '빵'을 판매·제공하는 매장,train,빵,T4 구어·문장,083ecffe-5e65-4c93-add9-107d3501f214,달빛찻집,베이커리,정림동 골목형상점가,골목형상점가,대전광역시,,,
8b9e604e62701788969a,full_annotation_v1,A,q_빵_05,빵 사는 데,카페·디저트 중 '빵'을 판매·제공하는 매장,train,빵,T4 구어·문장,3481903a-9213-43d6-ab6c-94463201b742,마켓베이커리,빵,금촌문화로시장,전통시장,경기도,,,
e69484e90bba6b5e3d48,full_annotation_v1,A,q_빵_05,빵 사는 데,카페·디저트 중 '빵'을 판매·제공하는 매장,train,빵,T4 구어·문장,b7790577-f289-4501-a816-794c4331249b,팡쥬르,빵,운암 행복 나눔 골목형상점가,골목형상점가,광주광역시,,,
124a24238664800300c4,full_annotation_v1,A,q_빵_05,빵 사는 데,카페·디저트 중 '빵'을 판매·제공하는 매장,train,빵,T4 구어·문장,16d7c2d6-9f81-4ef7-9f21-c6752e8427e0,비올렛베이커리,제빵,응암골골목형상점가,골목형상점가,서울특별시,,,
e931ce9b3db0382b671e,full_annotation_v1,A,q_빵_05,빵 사는 데,카페·디저트 중 '빵'을 판매·제공하는 매장,train,빵,T4 구어·문장,dc1eb686-8b30-42b8-90be-54e5d5752a20,뚜레쥬르,빵,화성남양시장,전통시장,경기도,,,
eed4d264d60a6bc9bccb,full_annotation_v1,A,q_빵_05,빵 사는 데,카페·디저트 중 '빵'을 판매·제공하는 매장,train,빵,T4 구어·문장,97a237ab-5c6e-426e-852c-2164e240e2cd,완부,빵,수지성복플러스 골목형상점가,골목형상점가,경기도,,,
daf09012a816175de02e,full_annotation_v1,A,q_빵_05,빵 사는 데,카페·디저트 중 '빵'을 판매·제공하는 매장,train,빵,T4 구어·문장,d9685093-950f-4c2c-b143-68fe6cf71cf2,마산도너츠,빵,마산어시장,전통시장,경상남도,,,
d9c74e51da856cde501c,full_annotation_v1,A,q_빵_05,빵 사는 데,카페·디저트 중 '빵'을 판매·제공하는 매장,train,빵,T4 구어·문장,008d07a3-ba18-4806-9ec7-48c0adb25276,아빠네 빵집,제과제빵,신창수문 골목형상점가,골목형상점가,광주광역시,,,
dad758447ef7538e532d,full_annotation_v1,A,q_빵_05,빵 사는 데,카페·디저트 중 '빵'을 판매·제공하는 매장,train,빵,T4 구어·문장,16d1d6c6-4f07-4e06-8d1c-81a4aaf2ec6e,팡쥬르,빵,종촌동골목형상점가,골목형상점가,세종특별자치시,,,
85be9744d2b0073f2fc8,full_annotation_v1,A,q_빵_05,빵 사는 데,카페·디저트 중 '빵'을 판매·제공하는 매장,train,빵,T4 구어·문장,a10a54ef-3927-459f-be9d-2c8ee247f19b,파리바게뜨,빵,용대로119번길 골목형상점가,골목형상점가,광주광역시,,,
a48bed07a43700c24dc4,full_annotation_v1,A,q_빵_05,빵 사는 데,카페·디저트 중 '빵'을 판매·제공하는 매장,train,빵,T4 구어·문장,b558d939-ef6e-41bf-8512-36a09989e50e,봉봉스콘,빵,엄사 골목형상점가,골목형상점가,충청남도,,,
b95648a0658c8e5c061c,full_annotation_v1,A,q_빵_05,빵 사는 데,카페·디저트 중 '빵'을 판매·제공하는 매장,train,빵,T4 구어·문장,966126c8-a02a-47a5-b0a6-3bd69bdab8c4,꿈빵,빵,청량리청과물시장,전통시장,서울특별시,,,
5908f3d32ad2f9fd9200,full_annotation_v1,A,q_빵_05,빵 사는 데,카페·디저트 중 '빵'을 판매·제공하는 매장,train,빵,T4 구어·문장,2ec7a1e3-1090-45be-aaa2-7b2e7dc1c6d5,엄마네빵집,빵,대인제봉 골목형상점가,골목형상점가,광주광역시,,,
1fbccaefb6f45569c45e,full_annotation_v1,A,q_빵_05,빵 사는 데,카페·디저트 중 '빵'을 판매·제공하는 매장,train,빵,T4 구어·문장,0061123f-a676-4556-9633-5fbc4ecaf6ef,치즈케익카스테라카페,제과,북가좌동 골목형상점가,골목형상점가,서울특별시,,,
55ff42e61269650637fb,full_annotation_v1,A,q_빵_05,빵 사는 데,카페·디저트 중 '빵'을 판매·제공하는 매장,train,빵,T4 구어·문장,0075dacf-3e3f-47b8-a4af-d3a2ff866348,북툰커피앤카페,찐빵 만두 커피,신창진흥 골목형상점가,골목형상점가,광주광역시,,,
54a84d3c2b208a309409,full_annotation_v1,A,q_빵_05,빵 사는 데,카페·디저트 중 '빵'을 판매·제공하는 매장,train,빵,T4 구어·문장,0ae35aa4-c17b-4d08-a7d0-19f9bd5c881f,밀호,빵,첨단청사초롱길 골목형상점가,골목형상점가,광주광역시,,,
ac5067a2caddc2a662d6,full_annotation_v1,A,q_빵_05,빵 사는 데,카페·디저트 중 '빵'을 판매·제공하는 매장,train,빵,T4 구어·문장,8a40bf73-639f-4ec7-89ae-b9826d37aa4a,살롱드제이,두발,상무백운상인회 골목형상점가,골목형상점가,광주광역시,,,
c45e9e0df5aa54be4f0a,full_annotation_v1,A,q_빵_05,빵 사는 데,카페·디저트 중 '빵'을 판매·제공하는 매장,train,빵,T4 구어·문장,a022cc59-d4a3-4854-8cb8-815b4b9a0116,빵굽는마을,빵,석적로강변 골목형상점가,골목형상점가,경상북도,,,
a695d02d91522d4a81d7,full_annotation_v1,A,q_빵_05,빵 사는 데,카페·디저트 중 '빵'을 판매·제공하는 매장,train,빵,T4 구어·문장,8a0a05a8-7e2a-4f3e-a79e-072a5304a354,캉스빵드레이야기,빵,부천상동시장,전통시장,경기도,,,
bdc8a4ce029675070a0b,full_annotation_v1,A,q_빵_05,빵 사는 데,카페·디저트 중 '빵'을 판매·제공하는 매장,train,빵,T4 구어·문장,2d6e4cb3-d7bf-4d94-a615-d8f1986df0ba,하늘베이커리,빵,가좌시장,전통시장,인천광역시,,,
2954ad128129d3f7e07c,full_annotation_v1,A,q_빵_05,빵 사는 데,카페·디저트 중 '빵'을 판매·제공하는 매장,train,빵,T4 구어·문장,79575e6f-fd13-44c3-a027-5963f02ad17e,해록,빵,대봉동 대백 골목형상점가,골목형상점가,대구광역시,,,
cb173a2e7846240ebd7d,full_annotation_v1,A,q_빵_05,빵 사는 데,카페·디저트 중 '빵'을 판매·제공하는 매장,train,빵,T4 구어·문장,521e20e2-992c-4ca0-8495-1b33ee4ff271,바로구운빵,빵,관고전통시장,전통시장,경기도,,,
499adcdf58f1b301a463,full_annotation_v1,A,q_빵_05,빵 사는 데,카페·디저트 중 '빵'을 판매·제공하는 매장,train,빵,T4 구어·문장,0426fae9-9be0-4571-8071-beaa385defda,파리바게트 조암점,베이커리,조암시장,전통시장,경기도,,,
a25c27205bb6553ca5f2,full_annotation_v1,A,q_빵_05,빵 사는 데,카페·디저트 중 '빵'을 판매·제공하는 매장,train,빵,T4 구어·문장,72144e83-5280-4b58-b6c8-a81d7132e8bd,천원베이커리,빵,화정로상인회 골목형상점가,골목형상점가,광주광역시,,,
e27588f7c411ce63d974,full_annotation_v1,A,q_빵_05,빵 사는 데,카페·디저트 중 '빵'을 판매·제공하는 매장,train,빵,T4 구어·문장,90644fce-4ba9-47aa-b57e-5efcceb4c1a0,빵집오빠,빵,보정중심 골목형상점가,골목형상점가,경기도,,,
fd1c6c9c2290e16f0b55,full_annotation_v1,A,q_빵_05,빵 사는 데,카페·디저트 중 '빵'을 판매·제공하는 매장,train,빵,T4 구어·문장,ec6d293c-3928-4b9f-963d-dee79a59be12,식빵굽는남자,빵,"온양온천시장(온양재래시장, 전통시장)",전통시장,충청남도,,,
1262d8439e5d8c24bd21,full_annotation_v1,A,q_빵_05,빵 사는 데,카페·디저트 중 '빵'을 판매·제공하는 매장,train,빵,T4 구어·문장,c18155a5-d1c1-4086-955b-5afd633a6cee,뚜레쥬르,빵,유안초등북길 골목형상점가,골목형상점가,광주광역시,,,
47702e91d585f06b03bb,full_annotation_v1,A,q_빵_05,빵 사는 데,카페·디저트 중 '빵'을 판매·제공하는 매장,train,빵,T4 구어·문장,417d1f5a-a7dd-4bbd-8379-61d8d1e9dc3d,마블스퀘어,빵,상무연하상인회 골목형상점가,골목형상점가,광주광역시,,,
87dac1c73c67b3500635,full_annotation_v1,A,q_빵_05,빵 사는 데,카페·디저트 중 '빵'을 판매·제공하는 매장,train,빵,T4 구어·문장,0a413ebb-2596-4b3f-b5aa-194b242ce558,백호빵집,빵집,까치산시장,전통시장,서울특별시,,,
7b62451f65bf7eb937cf,full_annotation_v1,A,q_빵_05,빵 사는 데,카페·디저트 중 '빵'을 판매·제공하는 매장,train,빵,T4 구어·문장,5d9e4fac-65d1-48a9-80ed-033e07118737,빵굽는집,빵,창원 대동중앙상가,전통시장,경상남도,,,
9b77177e072c2b57dabb,full_annotation_v1,A,q_빵_05,빵 사는 데,카페·디저트 중 '빵'을 판매·제공하는 매장,train,빵,T4 구어·문장,003e7ebf-1112-4ab4-a484-67716e4b2a85,이든,카페,원주중앙시장활성화구역,상권활성화구역,강원특별자치도,,,
b6ae074297f5bb7c0fcf,full_annotation_v1,A,q_빵_05,빵 사는 데,카페·디저트 중 '빵'을 판매·제공하는 매장,train,빵,T4 구어·문장,b5362e24-6609-4f3f-ae97-c5683e4408e4,구페베이커리,빵,못골골목시장,전통시장,부산광역시,,,
b1eaa508813da6817348,full_annotation_v1,A,q_빵_05,빵 사는 데,카페·디저트 중 '빵'을 판매·제공하는 매장,train,빵,T4 구어·문장,4b0f5db0-6662-4adf-8b59-ddb74e5a651b,조은푸줏간,식육즉석판매가공,천안중앙시장,전통시장,충청남도,,,
2783fdc893c074ba5014,full_annotation_v1,A,q_빵_05,빵 사는 데,카페·디저트 중 '빵'을 판매·제공하는 매장,train,빵,T4 구어·문장,f4866676-66ab-442a-a652-bf947c4f4653,빵고을,빵,"임계사통팔달시장(임계시장, 송계5일장)",전통시장,강원특별자치도,,,
8301cdeacc128a85b7b8,full_annotation_v1,A,q_빵_06,빵 파는 곳,카페·디저트 중 '빵'을 판매·제공하는 매장,train,빵,T4 구어·문장,faf0f27d-7d25-44d7-b32f-0079b06aff04,자유베이커리,빵,가은아자개시장,전통시장,경상북도,,,
dfd4fed177e5cff4b02d,full_annotation_v1,A,q_빵_06,빵 파는 곳,카페·디저트 중 '빵'을 판매·제공하는 매장,train,빵,T4 구어·문장,36795039-f3af-4b5e-9792-e972b52e0f02,구페베이커리,빵,신금정시장 골목형 상점가,골목형상점가,부산광역시,,,
e06d78a3e07ec207805e,full_annotation_v1,A,q_빵_06,빵 파는 곳,카페·디저트 중 '빵'을 판매·제공하는 매장,train,빵,T4 구어·문장,ec6d293c-3928-4b9f-963d-dee79a59be12,식빵굽는남자,빵,"온양온천시장(온양재래시장, 전통시장)",전통시장,충청남도,,,
63232e01d8d95b52e7a5,full_annotation_v1,A,q_빵_06,빵 파는 곳,카페·디저트 중 '빵'을 판매·제공하는 매장,train,빵,T4 구어·문장,a4de585d-9a72-4fa1-87ca-62527ff5e289,빵이가득한집,빵,수유재래시장,전통시장,서울특별시,,,
31ee075b71ee51a71543,full_annotation_v1,A,q_빵_06,빵 파는 곳,카페·디저트 중 '빵'을 판매·제공하는 매장,train,빵,T4 구어·문장,940d327e-45e5-4d5a-ade7-d22f18911b8b,봉희당,빵 커피,양양로 골목형상점가,골목형상점가,강원특별자치도,,,
8d6159fa8d51c53eb414,full_annotation_v1,A,q_빵_06,빵 파는 곳,카페·디저트 중 '빵'을 판매·제공하는 매장,train,빵,T4 구어·문장,ed8738d0-83da-4fca-8ee6-a580dbb06b3d,빵굽는쉐프,빵,북구복개도로 골목형상점가,골목형상점가,광주광역시,,,
afafdb8c7b24a9108ebd,full_annotation_v1,A,q_빵_06,빵 파는 곳,카페·디저트 중 '빵'을 판매·제공하는 매장,train,빵,T4 구어·문장,323113dc-b2d9-4366-b21c-037d0f130f31,제트네빵집,,고성시장,전통시장,경상남도,,,
fef25f2946632933c9b7,full_annotation_v1,A,q_빵_06,빵 파는 곳,카페·디저트 중 '빵'을 판매·제공하는 매장,train,빵,T4 구어·문장,c161453d-f2c8-4b97-a2c3-a54e0cbdb7e8,생활용품 싸게 파는 집,잡화,안성중앙시장,전통시장,경기도,,,
28388cf0646f9bf128cb,full_annotation_v1,A,q_빵_06,빵 파는 곳,카페·디저트 중 '빵'을 판매·제공하는 매장,train,빵,T4 구어·문장,002d0d06-15b2-463e-b789-b0232bcc6681,뚜레주르버들마을점,제과,버들마을상인회 골목형상점가,골목형상점가,광주광역시,,,
dd9c48ed3bf2f9700faa,full_annotation_v1,A,q_빵_06,빵 파는 곳,카페·디저트 중 '빵'을 판매·제공하는 매장,train,빵,T4 구어·문장,72144e83-5280-4b58-b6c8-a81d7132e8bd,천원베이커리,빵,화정로상인회 골목형상점가,골목형상점가,광주광역시,,,
d0ebc3631fde22482643,full_annotation_v1,A,q_빵_06,빵 파는 곳,카페·디저트 중 '빵'을 판매·제공하는 매장,train,빵,T4 구어·문장,044dc36b-4675-432a-8391-b283e71e59c1,아빠빵집,빵,창원 신대방 골목형상점가,골목형상점가,경상남도,,,
e7eb8d60f05c0fa3c383,full_annotation_v1,A,q_빵_06,빵 파는 곳,카페·디저트 중 '빵'을 판매·제공하는 매장,train,빵,T4 구어·문장,006a3289-9c32-4593-a919-9259a7215a7d,우리베이커리,빵류,동해중앙시장상권활성화구역,상권활성화구역,강원특별자치도,,,
a078169f8e1aa9a1364f,full_annotation_v1,A,q_빵_06,빵 파는 곳,카페·디저트 중 '빵'을 판매·제공하는 매장,train,빵,T4 구어·문장,08e1d991-57e1-440f-a5ab-e62825fedeb7,커피인더스트리,음료 및 베이커리,당정동한세로 골목형상점가,골목형상점가,경기도,,,
ef9ee755e150483de431,full_annotation_v1,A,q_빵_06,빵 파는 곳,카페·디저트 중 '빵'을 판매·제공하는 매장,train,빵,T4 구어·문장,fd473b5d-3add-4843-ad4f-4bf0068e9f90,더건강한쌀빵,빵,경산공설시장,전통시장,경상북도,,,
900fd6c6b4c33604bdb6,full_annotation_v1,A,q_빵_06,빵 파는 곳,카페·디저트 중 '빵'을 판매·제공하는 매장,train,빵,T4 구어·문장,d6e82872-a7d0-4e6a-a302-4cf2156f5ac8,소윤베이크,빵,화정금화로상인회 골목형상점가,골목형상점가,광주광역시,,,
500ca764ffdaa2a19a84,full_annotation_v1,A,q_빵_06,빵 파는 곳,카페·디저트 중 '빵'을 판매·제공하는 매장,train,빵,T4 구어·문장,e3ff6711-8edf-445b-8e7b-b74e463ec1ac,듬뿍,한식,푸른마을공동체센터 골목형상점가,골목형상점가,광주광역시,,,
aa5cf3db329423731785,full_annotation_v1,A,q_빵_06,빵 파는 곳,카페·디저트 중 '빵'을 판매·제공하는 매장,train,빵,T4 구어·문장,9cdd91c1-8f1c-4386-8680-69ca7b74c504,부천고추기름방앗간,고추가루 등,원미부흥시장,전통시장,경기도,,,
9d5db72c32d40c1235e9,full_annotation_v1,A,q_빵_06,빵 파는 곳,카페·디저트 중 '빵'을 판매·제공하는 매장,train,빵,T4 구어·문장,eabfc54a-4e22-48aa-ae81-684422854778,천원빵,빵,신창 골목형상점가,골목형상점가,광주광역시,,,
91ba2c5a92b3d8c46bda,full_annotation_v1,A,q_빵_06,빵 파는 곳,카페·디저트 중 '빵'을 판매·제공하는 매장,train,빵,T4 구어·문장,003e7ebf-1112-4ab4-a484-67716e4b2a85,이든,카페,원주중앙시장활성화구역,상권활성화구역,강원특별자치도,,,
b9a347d02014e5f5ac5f,full_annotation_v1,A,q_빵_06,빵 파는 곳,카페·디저트 중 '빵'을 판매·제공하는 매장,train,빵,T4 구어·문장,ec791e48-199f-4aeb-90ad-cabc30f9416b,빵스토리,빵,용현시장,전통시장,인천광역시,,,
a79086ccb0138a86072f,full_annotation_v1,A,q_빵_06,빵 파는 곳,카페·디저트 중 '빵'을 판매·제공하는 매장,train,빵,T4 구어·문장,bdca09f5-28d5-4022-a00e-baef9dfc2114,빵이가득한집,빵,영동교골목시장(영동교시장),전통시장,서울특별시,,,
4e6bf4d5a1ec40674351,full_annotation_v1,A,q_빵_06,빵 파는 곳,카페·디저트 중 '빵'을 판매·제공하는 매장,train,빵,T4 구어·문장,75bb522e-2acb-4da7-8be9-ae179c67d711,앙베르베이커리,빵,당진원시가지상가,자율상권구역,충청남도,,,
1ec28716b9a93ea62204,full_annotation_v1,A,q_빵_06,빵 파는 곳,카페·디저트 중 '빵'을 판매·제공하는 매장,train,빵,T4 구어·문장,223ac46e-51cf-4eab-ae60-378b76414b47,찰찰보리식빵,빵,인천모래내전통시장,전통시장,인천광역시,,,
d366338c8065e0b17f1c,full_annotation_v1,A,q_빵_06,빵 파는 곳,카페·디저트 중 '빵'을 판매·제공하는 매장,train,빵,T4 구어·문장,9554f984-eaf0-4063-912d-a78b58919bd0,신세계 스크린 골프,스크린골프,만년동 골목형상점가,골목형상점가,대전광역시,,,
8113fdbd0deffb0b1f73,full_annotation_v1,A,q_빵_06,빵 파는 곳,카페·디저트 중 '빵'을 판매·제공하는 매장,train,빵,T4 구어·문장,4743849c-4370-42e5-b1cb-c49c84c7e8bd,낙원떡집,빵,순천역전시장상가,자율상권구역,전라남도,,,
048645c27b5c3d3b6bc0,full_annotation_v1,A,q_빵_06,빵 파는 곳,카페·디저트 중 '빵'을 판매·제공하는 매장,train,빵,T4 구어·문장,c9941bc5-0198-409c-9dcb-585846f09db8,풀향기,잡화,춘천중앙시장,전통시장,강원특별자치도,,,
9c67ac7666811dded385,full_annotation_v1,A,q_빵_06,빵 파는 곳,카페·디저트 중 '빵'을 판매·제공하는 매장,train,빵,T4 구어·문장,5723d922-e55c-46bc-a5b9-846ba2afdf5d,커피파는 집,,거제 성포 골목형상점가,골목형상점가,경상남도,,,
ed138c66d9ba033410f5,full_annotation_v1,A,q_빵_06,빵 파는 곳,카페·디저트 중 '빵'을 판매·제공하는 매장,train,빵,T4 구어·문장,90644fce-4ba9-47aa-b57e-5efcceb4c1a0,빵집오빠,빵,보정중심 골목형상점가,골목형상점가,경기도,,,
f1d306136a7c919c8fb8,full_annotation_v1,A,q_빵_06,빵 파는 곳,카페·디저트 중 '빵'을 판매·제공하는 매장,train,빵,T4 구어·문장,be9f8c61-892c-48ed-a49d-b63bd032c025,소곳,의류,고투몰(강남터미널지하도상점가),일반지하상점가,서울특별시,,,
33883e2baa2ecae7a581,full_annotation_v1,A,q_빵_06,빵 파는 곳,카페·디저트 중 '빵'을 판매·제공하는 매장,train,빵,T4 구어·문장,5995df18-6992-4d7c-81e4-afb5441c188a,오렌지제과점,빵,성서와룡시장,전통시장,대구광역시,,,
ff3e0115492f922bd2bf,full_annotation_v1,A,q_빵_06,빵 파는 곳,카페·디저트 중 '빵'을 판매·제공하는 매장,train,빵,T4 구어·문장,966126c8-a02a-47a5-b0a6-3bd69bdab8c4,꿈빵,빵,청량리청과물시장,전통시장,서울특별시,,,
85afccaf53569c8bc5bc,full_annotation_v1,A,q_빵_06,빵 파는 곳,카페·디저트 중 '빵'을 판매·제공하는 매장,train,빵,T4 구어·문장,574e4af4-1abb-48f5-be6b-fcda478ef9bc,빵 하나의 즐거움,빵,사당4골목형상점가,골목형상점가,서울특별시,,,
43428599e03bce0eb033,full_annotation_v1,A,q_빵_06,빵 파는 곳,카페·디저트 중 '빵'을 판매·제공하는 매장,train,빵,T4 구어·문장,a1694a0c-be8f-4498-804c-4a851a39daab,선미패션,소매(의류),신영시장,전통시장,서울특별시,,,
7d0ebc88ecb426f74e0e,full_annotation_v1,A,q_빵_06,빵 파는 곳,카페·디저트 중 '빵'을 판매·제공하는 매장,train,빵,T4 구어·문장,e5fe0ba3-ae61-438b-93df-74715599062a,빵이가득한집,빵,동원전통시장상점가,자율상권구역,서울특별시,,,
f0d5ae0eccca45c2705c,full_annotation_v1,A,q_빵_06,빵 파는 곳,카페·디저트 중 '빵'을 판매·제공하는 매장,train,빵,T4 구어·문장,79575e6f-fd13-44c3-a027-5963f02ad17e,해록,빵,대봉동 대백 골목형상점가,골목형상점가,대구광역시,,,
a6e1db0c5c6fa445ffe8,full_annotation_v1,A,q_빵_06,빵 파는 곳,카페·디저트 중 '빵'을 판매·제공하는 매장,train,빵,T4 구어·문장,2e4e6152-f3b1-42f4-bd38-839d8ea126a3,가춘베이커리,빵,강남시장,전통시장,서울특별시,,,
9c375d695a2f28f35883,full_annotation_v1,A,q_빵_06,빵 파는 곳,카페·디저트 중 '빵'을 판매·제공하는 매장,train,빵,T4 구어·문장,011e2df5-6d25-4553-bfc6-cdf779856853,올데이(All day),카페,남구 용대로 골목형상점가,골목형상점가,광주광역시,,,
29a5ffa8ab6c6af03226,full_annotation_v1,A,q_빵_06,빵 파는 곳,카페·디저트 중 '빵'을 판매·제공하는 매장,train,빵,T4 구어·문장,3e392162-5664-4456-8619-4415ac589b1e,도넛상회,빵,구갈상점가,자율상권구역,경기도,,,
5d8e4b74a95b4c08b444,full_annotation_v1,A,q_빵_06,빵 파는 곳,카페·디저트 중 '빵'을 판매·제공하는 매장,train,빵,T4 구어·문장,a6584e7f-2dca-4e80-9da8-1622a928da84,드숑,빵,동홍8번가 골목형상점가,골목형상점가,제주특별자치도,,,
f12da146e7100418a5b2,full_annotation_v1,A,q_빵_06,빵 파는 곳,카페·디저트 중 '빵'을 판매·제공하는 매장,train,빵,T4 구어·문장,46598a11-dcca-4d02-8f21-b300dd6b2940,착한빵집,빵,한민시장,전통시장,대전광역시,,,
90192c35ab662b67881f,full_annotation_v1,A,q_빵_06,빵 파는 곳,카페·디저트 중 '빵'을 판매·제공하는 매장,train,빵,T4 구어·문장,09baec57-e4ce-4c5b-bb4e-c39562aae219,빵 슈퍼마켓,빵,석바위시장,전통시장,인천광역시,,,
37de02bc45b9727cb5c0,full_annotation_v1,A,q_빵_06,빵 파는 곳,카페·디저트 중 '빵'을 판매·제공하는 매장,train,빵,T4 구어·문장,001bc028-a43e-44d4-9682-db280a4998cc,파리바게뜨전주근영점,제과점,근영누리 골목형상점가,골목형상점가,전북특별자치도,,,
8935ea00b415497f6006,full_annotation_v1,A,q_빵_06,빵 파는 곳,카페·디저트 중 '빵'을 판매·제공하는 매장,train,빵,T4 구어·문장,ffebab6b-dd5e-4922-b37d-647d00aab258,빵육집,빵,봉선2중앙로 골목형상점가,골목형상점가,광주광역시,,,
6675f91dec38e9fb1705,full_annotation_v1,A,q_빵_06,빵 파는 곳,카페·디저트 중 '빵'을 판매·제공하는 매장,train,빵,T4 구어·문장,11e2dd2e-ab0e-4132-ba5d-ee4d652775f4,극동제과점,제빵,백년소상공인,기타,대전광역시,,,
c8f63a85fd0ab6bb84f2,full_annotation_v1,A,q_빵_06,빵 파는 곳,카페·디저트 중 '빵'을 판매·제공하는 매장,train,빵,T4 구어·문장,0075dacf-3e3f-47b8-a4af-d3a2ff866348,북툰커피앤카페,찐빵 만두 커피,신창진흥 골목형상점가,골목형상점가,광주광역시,,,
ab3a31083b96e17738b7,full_annotation_v1,A,q_빵_06,빵 파는 곳,카페·디저트 중 '빵'을 판매·제공하는 매장,train,빵,T4 구어·문장,00d3ef33-13db-4750-93a0-4b31010fcb70,온유베이크,카페,스타타워1 골목형상점가,골목형상점가,인천광역시,,,
dd8251900ac5b1500142,full_annotation_v1,A,q_빵_06,빵 파는 곳,카페·디저트 중 '빵'을 판매·제공하는 매장,train,빵,T4 구어·문장,0017b31e-27bf-4395-a7b2-ad9bc8554d97,컴포즈커피 충주호암한신더휴점,"커피, 음료",호암사천개로골목형상점가,골목형상점가,충청북도,,,
50ae83ef7dfb46490ade,full_annotation_v1,A,q_빵_06,빵 파는 곳,카페·디저트 중 '빵'을 판매·제공하는 매장,train,빵,T4 구어·문장,b7790577-f289-4501-a816-794c4331249b,팡쥬르,빵,운암 행복 나눔 골목형상점가,골목형상점가,광주광역시,,,
dca1f5fcab70232d30eb,full_annotation_v1,A,q_빵_06,빵 파는 곳,카페·디저트 중 '빵'을 판매·제공하는 매장,train,빵,T4 구어·문장,9d1f3616-d39d-447e-af4e-9bcad2faa22b,황금크루아상,빵,선운 골목형상점가,골목형상점가,광주광역시,,,
b1c7d40a8cc1a9235731,full_annotation_v1,A,q_빵_06,빵 파는 곳,카페·디저트 중 '빵'을 판매·제공하는 매장,train,빵,T4 구어·문장,51d9a7e1-9c55-423b-97d6-a566e3f7c078,청춘맛점빵,빵,광주송정역세권 상권활성화구역,상권활성화구역,광주광역시,,,
a503a0b562f0cf45c0f8,full_annotation_v1,A,q_빵_06,빵 파는 곳,카페·디저트 중 '빵'을 판매·제공하는 매장,train,빵,T4 구어·문장,c111ac9d-3f3a-405c-a8db-4d127ccda9e2,행복이 있는 곳,잡화,제주로얄쇼핑센터,자율상권구역,제주특별자치도,,,
d6fc39c9309f0ef644cf,full_annotation_v1,A,q_빵_06,빵 파는 곳,카페·디저트 중 '빵'을 판매·제공하는 매장,train,빵,T4 구어·문장,00362b85-cb9a-4318-9059-12f768d76197,파리바게뜨전주인후점,제과점,소나무 골목형상점가,골목형상점가,전북특별자치도,,,
1ba853efa4969ce645cd,full_annotation_v1,A,q_빵_06,빵 파는 곳,카페·디저트 중 '빵'을 판매·제공하는 매장,train,빵,T4 구어·문장,8d7028cd-38b7-4bb1-81b6-c65b4831eb52,막스마라2,의류,㈜르네시떼,전통시장,부산광역시,,,
46106632cc49e4ebe510,full_annotation_v1,A,q_빵_06,빵 파는 곳,카페·디저트 중 '빵'을 판매·제공하는 매장,train,빵,T4 구어·문장,1c27a79a-97ad-4985-b858-a8ce91776191,스멜비,빵,왕십리무학봉상점가,자율상권구역,서울특별시,,,
50b21cc5d8fcbf0db79c,full_annotation_v1,A,q_빵_06,빵 파는 곳,카페·디저트 중 '빵'을 판매·제공하는 매장,train,빵,T4 구어·문장,d1634bbd-2e4d-4528-9989-e97b88b0e8d6,(주)동아카메라,카메라,대구종합유통단지전자관사업협동조합,전통시장,대구광역시,,,
67f7f02b50667627e105,full_annotation_v1,A,q_빵_06,빵 파는 곳,카페·디저트 중 '빵'을 판매·제공하는 매장,train,빵,T4 구어·문장,eaa7862b-ab22-4ae5-9b70-1b17046061f7,백원빵,빵,포항죽도농산물시장,전통시장,경상북도,,,
b919cdef31ec1163134d,full_annotation_v1,A,q_빵_06,빵 파는 곳,카페·디저트 중 '빵'을 판매·제공하는 매장,train,빵,T4 구어·문장,52c1bb0e-0d6a-4097-8007-40e9329aa0b2,영뷔엔나미용실,미용,수정로 상권활성화구역,상권활성화구역,경기도,,,
635f51253465d9e30ef9,full_annotation_v1,A,q_빵_06,빵 파는 곳,카페·디저트 중 '빵'을 판매·제공하는 매장,train,빵,T4 구어·문장,c731731a-4a1d-490e-bfb9-c8081c3ab4b8,샹제르망베이커리,제과,홍림교벚꽃길 골목형상점가,골목형상점가,광주광역시,,,
0220b898cae384215adb,full_annotation_v1,A,q_빵_06,빵 파는 곳,카페·디저트 중 '빵'을 판매·제공하는 매장,train,빵,T4 구어·문장,5f59c153-0ca4-4ba4-9f1c-e59663f9e5e2,꽃파는 카페 가배화,꽃가게,맛조이상인회 골목형상점가,골목형상점가,광주광역시,,,
c2f9e48dc4668e110ac4,full_annotation_v1,A,q_빵_06,빵 파는 곳,카페·디저트 중 '빵'을 판매·제공하는 매장,train,빵,T4 구어·문장,35290020-7a77-4b30-b3ce-a1a267b7414d,파리바게뜨,빵,석계역 골목형상점가,골목형상점가,서울특별시,,,
00a918372536b80c7f9c,full_annotation_v1,A,q_빵_06,빵 파는 곳,카페·디저트 중 '빵'을 판매·제공하는 매장,train,빵,T4 구어·문장,083ecffe-5e65-4c93-add9-107d3501f214,달빛찻집,베이커리,정림동 골목형상점가,골목형상점가,대전광역시,,,
94ad60cbfac17fa2c759,full_annotation_v1,A,q_빵_06,빵 파는 곳,카페·디저트 중 '빵'을 판매·제공하는 매장,train,빵,T4 구어·문장,00ef0be0-bb62-463e-80ad-862e34111872,파리바게뜨 계룡쇼핑타운,제과제빵,신도안면 골목형상점가,골목형상점가,충청남도,,,
c1d199b7354b4d3d6696,full_annotation_v1,A,q_빵_06,빵 파는 곳,카페·디저트 중 '빵'을 판매·제공하는 매장,train,빵,T4 구어·문장,dc7d1b3a-e496-4e3d-9fe1-12bb64cb1cf4,빵구워뜨,빵,안양관양시장,전통시장,경기도,,,
7af700d6a756fe724968,full_annotation_v1,A,q_빵_06,빵 파는 곳,카페·디저트 중 '빵'을 판매·제공하는 매장,train,빵,T4 구어·문장,04570e59-7b5d-46f8-ac92-9f77570f6222,꿈빵,빵,용인중앙시장,전통시장,경기도,,,
3afc59488c3bc8469ab8,full_annotation_v1,A,q_빵_06,빵 파는 곳,카페·디저트 중 '빵'을 판매·제공하는 매장,train,빵,T4 구어·문장,637fcdc4-dd23-4d41-82e7-06f26d040e29,파머슨베이커리,빵,구갈상점가,자율상권구역,경기도,,,
a1a8348980ec6fa6e06d,full_annotation_v1,A,q_빵_06,빵 파는 곳,카페·디저트 중 '빵'을 판매·제공하는 매장,train,빵,T4 구어·문장,97a237ab-5c6e-426e-852c-2164e240e2cd,완부,빵,수지성복플러스 골목형상점가,골목형상점가,경기도,,,
80a568b28f36f37b7e00,full_annotation_v1,A,q_빵_06,빵 파는 곳,카페·디저트 중 '빵'을 판매·제공하는 매장,train,빵,T4 구어·문장,34130968-a3fc-4194-9cfd-8fd270546ebc,강릉오빠,빵,강릉성남시장,전통시장,강원특별자치도,,,
3de4f61400136fffbf11,full_annotation_v1,A,q_빵_06,빵 파는 곳,카페·디저트 중 '빵'을 판매·제공하는 매장,train,빵,T4 구어·문장,dc1eb686-8b30-42b8-90be-54e5d5752a20,뚜레쥬르,빵,화성남양시장,전통시장,경기도,,,
62d45ffd39c371017d64,full_annotation_v1,A,q_빵_06,빵 파는 곳,카페·디저트 중 '빵'을 판매·제공하는 매장,train,빵,T4 구어·문장,ac301828-9bd1-4982-b8c7-15879fe9405c,건빵,빵,녹차골보성향토시장(구 보성5일시장),전통시장,전라남도,,,
ca45179f841b7e7a4ed0,full_annotation_v1,A,q_빵_06,빵 파는 곳,카페·디저트 중 '빵'을 판매·제공하는 매장,train,빵,T4 구어·문장,7086e937-d456-4d56-9b57-29e04bc83287,대성제과,빵,남목전통시장,전통시장,울산광역시,,,
0cfdf2de02deec56c75b,full_annotation_v1,A,q_빵_06,빵 파는 곳,카페·디저트 중 '빵'을 판매·제공하는 매장,train,빵,T4 구어·문장,16d1d6c6-4f07-4e06-8d1c-81a4aaf2ec6e,팡쥬르,빵,종촌동골목형상점가,골목형상점가,세종특별자치시,,,
983d0aa88da29f409b16,full_annotation_v1,A,q_빵_06,빵 파는 곳,카페·디저트 중 '빵'을 판매·제공하는 매장,train,빵,T4 구어·문장,c8beffa5-6216-45d2-bf79-39af150c55a5,빵앗간,빵,관저동 먹거리 골목형상점가,골목형상점가,대전광역시,,,
0febecce8ba9c1f51acd,full_annotation_v1,A,q_빵_06,빵 파는 곳,카페·디저트 중 '빵'을 판매·제공하는 매장,train,빵,T4 구어·문장,6f6f808d-060c-4238-924b-86c684653dfc,콰상,빵,자양번영로골목형상점가,골목형상점가,서울특별시,,,
5da3e343369e8a3e4dd1,full_annotation_v1,A,q_빵_06,빵 파는 곳,카페·디저트 중 '빵'을 판매·제공하는 매장,train,빵,T4 구어·문장,d4358345-4092-4443-b677-0abad334e0f7,강호상회,야채,부산새벽시장,전통시장,부산광역시,,,
82cee80b0782be35f7a7,full_annotation_v1,A,q_빵_06,빵 파는 곳,카페·디저트 중 '빵'을 판매·제공하는 매장,train,빵,T4 구어·문장,721f53fb-840e-4cf5-86ad-a753ef80913a,스마일찹쌀꽈배기,빵,운남골목 골목형상점가,골목형상점가,광주광역시,,,
99fcc9eeb4c781b1c863,full_annotation_v1,A,q_빵_06,빵 파는 곳,카페·디저트 중 '빵'을 판매·제공하는 매장,train,빵,T4 구어·문장,0426fae9-9be0-4571-8071-beaa385defda,파리바게트 조암점,베이커리,조암시장,전통시장,경기도,,,
cfd11b2d75b6b9a61804,full_annotation_v1,A,q_빵_06,빵 파는 곳,카페·디저트 중 '빵'을 판매·제공하는 매장,train,빵,T4 구어·문장,c90cbfff-9d5c-40d0-ad21-dbb8426a9526,맛있는빵집,빵,오산오색시장(구 오산중앙시장),전통시장,경기도,,,
602868c574bd71ec2cb5,full_annotation_v1,A,q_빵_06,빵 파는 곳,카페·디저트 중 '빵'을 판매·제공하는 매장,train,빵,T4 구어·문장,3835c270-8285-42d8-9095-4695dbacdc3b,데일리팡,제과 빵집(빵),부평깡통시장(구 부산부평시장),전통시장,부산광역시,,,
9fbf71805acb832aab62,full_annotation_v1,A,q_빵_06,빵 파는 곳,카페·디저트 중 '빵'을 판매·제공하는 매장,train,빵,T4 구어·문장,793f221b-d1a5-4635-b3b1-ff4c205cc778,친밀베이커리,빵,동성타워프라자,전통시장,서울특별시,,,
a413b1e1a832ccdd4709,full_annotation_v1,A,q_빵_06,빵 파는 곳,카페·디저트 중 '빵'을 판매·제공하는 매장,train,빵,T4 구어·문장,0beeb84b-0b69-4b6d-8d44-07fe02ba8034,아모르,빵,동원전통종합시장,전통시장,서울특별시,,,
174149cb07d1cc782c9d,full_annotation_v1,A,q_빵_06,빵 파는 곳,카페·디저트 중 '빵'을 판매·제공하는 매장,train,빵,T4 구어·문장,d58a3a7b-c700-48c9-aaba-b0327832fa08,빵내음,빵,부천한신시장,전통시장,경기도,,,
bf6d61f35c3e126e1f41,full_annotation_v1,A,q_빵_06,빵 파는 곳,카페·디저트 중 '빵'을 판매·제공하는 매장,train,빵,T4 구어·문장,6702c44f-743f-4a82-a486-762c643027a2,야채파는 총각,농산물,구리전통시장,전통시장,경기도,,,
f9b65a8f75f2b4e32ef5,full_annotation_v1,A,q_빵_06,빵 파는 곳,카페·디저트 중 '빵'을 판매·제공하는 매장,train,빵,T4 구어·문장,4ba6252a-0deb-4068-9a7c-a127bc1933d2,옹기종기땅콩빵동구점,빵,전하이편한세상2단지 골목형상점가,골목형상점가,울산광역시,,,
b345f11b57ff45b61930,full_annotation_v1,A,q_빵_06,빵 파는 곳,카페·디저트 중 '빵'을 판매·제공하는 매장,train,빵,T4 구어·문장,d94540bb-f5b9-47f1-acda-074d61e84083,지지베이커리,빵,거제 상동 골목형상점가,골목형상점가,경상남도,,,
db913ef06bea33aeac4c,full_annotation_v1,A,q_빵_06,빵 파는 곳,카페·디저트 중 '빵'을 판매·제공하는 매장,train,빵,T4 구어·문장,da60c898-2867-4dc4-a02d-55f9484fed1e,착한빵집,빵,엄사 골목형상점가,골목형상점가,충청남도,,,
a475606fab639bd61fcb,full_annotation_v1,A,q_빵_06,빵 파는 곳,카페·디저트 중 '빵'을 판매·제공하는 매장,train,빵,T4 구어·문장,aa2a24cd-4543-4651-bc1b-26610d8eb44c,행복한빵집,빵,봉덕신시장,전통시장,대구광역시,,,
5b2d41a0f998d6a4e8d7,full_annotation_v1,A,q_빵_06,빵 파는 곳,카페·디저트 중 '빵'을 판매·제공하는 매장,train,빵,T4 구어·문장,16ac5642-d977-4765-a96e-4b6c4bf2a743,빵사랑베이커리,제빵,방이시장,전통시장,서울특별시,,,
8fa37f2bce6b5d5842e4,full_annotation_v1,A,q_빵_06,빵 파는 곳,카페·디저트 중 '빵'을 판매·제공하는 매장,train,빵,T4 구어·문장,7a7b6e4c-7fbf-4986-be20-aa6b563c2a0b,빵고집,빵,홀릭스,골목형상점가,광주광역시,,,
04d087e14378b4722de8,full_annotation_v1,A,q_빵_06,빵 파는 곳,카페·디저트 중 '빵'을 판매·제공하는 매장,train,빵,T4 구어·문장,e10442a5-3ceb-4c32-8a38-e396f051b2fd,헤어존,"미용업, 반영구 화장",전곡로데오거리골목형상점가,골목형상점가,경기도,,,
30a4013f5648722d1b52,full_annotation_v1,A,q_빵_06,빵 파는 곳,카페·디저트 중 '빵'을 판매·제공하는 매장,train,빵,T4 구어·문장,985b16ef-cdd1-440f-844a-ac5318a0e210,봄햇쌀빵,빵,초지항아리 골목형상점가,골목형상점가,경기도,,,
7b686c8ebd57fde10e88,full_annotation_v1,A,q_빵_06,빵 파는 곳,카페·디저트 중 '빵'을 판매·제공하는 매장,train,빵,T4 구어·문장,78be89bd-6747-485a-84b9-c6da9b6ebbfc,밀파크,빵,남구보건소사거리 골목형상점가,골목형상점가,울산광역시,,,
5759a2c07cecd06e3057,full_annotation_v1,A,q_빵_06,빵 파는 곳,카페·디저트 중 '빵'을 판매·제공하는 매장,train,빵,T4 구어·문장,5d9e4fac-65d1-48a9-80ed-033e07118737,빵굽는집,빵,창원 대동중앙상가,전통시장,경상남도,,,
eb0a9b408ea9b0afd201,full_annotation_v1,A,q_빵_06,빵 파는 곳,카페·디저트 중 '빵'을 판매·제공하는 매장,train,빵,T4 구어·문장,92c95780-65ce-45e7-9558-3895cf657c7b,두발노래방,노래연습장,만년동 골목형상점가,골목형상점가,대전광역시,,,
25fdcd8a54a1a4228493,full_annotation_v1,A,q_빵_06,빵 파는 곳,카페·디저트 중 '빵'을 판매·제공하는 매장,train,빵,T4 구어·문장,c3620a8b-8bc6-4151-b2f0-56b734811e7c,정가네,빵,남목전통시장,전통시장,울산광역시,,,
fe1660a181780e04df0c,full_annotation_v1,A,q_빵_06,빵 파는 곳,카페·디저트 중 '빵'을 판매·제공하는 매장,train,빵,T4 구어·문장,f73c17f2-a2ce-4a92-a297-2b283f10e2b2,오해피데이,빵,일산시장(구 일산전통시장),전통시장,경기도,,,
71241cc88b5ea26abdc1,full_annotation_v1,A,q_빵_06,빵 파는 곳,카페·디저트 중 '빵'을 판매·제공하는 매장,train,빵,T4 구어·문장,43ad1cfb-9ea3-4f9e-b286-bbdb7afc9d2a,영양빵,빵,양동시장,전통시장,광주광역시,,,
17dc842b0db6a169cadf,full_annotation_v1,A,q_빵_06,빵 파는 곳,카페·디저트 중 '빵'을 판매·제공하는 매장,train,빵,T4 구어·문장,6afb0c48-dea4-4105-9291-b3bec77e2b01,빵굼터,빵,우산어등마을 골목형상점가,골목형상점가,광주광역시,,,
89256fa7b66e67ab2304,full_annotation_v1,A,q_빵_06,빵 파는 곳,카페·디저트 중 '빵'을 판매·제공하는 매장,train,빵,T4 구어·문장,000d1253-5431-4636-8c94-ddf12e805cb7,파리바게뜨언양점,빵,언양읍성 남문 골목형상점가,골목형상점가,울산광역시,,,
7134aa8f1a3af8e9467b,full_annotation_v1,A,q_빵_06,빵 파는 곳,카페·디저트 중 '빵'을 판매·제공하는 매장,train,빵,T4 구어·문장,b5362e24-6609-4f3f-ae97-c5683e4408e4,구페베이커리,빵,못골골목시장,전통시장,부산광역시,,,
66bb02363ee23b4d2850,full_annotation_v1,A,q_빵_06,빵 파는 곳,카페·디저트 중 '빵'을 판매·제공하는 매장,train,빵,T4 구어·문장,0061123f-a676-4556-9633-5fbc4ecaf6ef,치즈케익카스테라카페,제과,북가좌동 골목형상점가,골목형상점가,서울특별시,,,
b03bd746badb26a817a7,full_annotation_v1,A,q_빵_06,빵 파는 곳,카페·디저트 중 '빵'을 판매·제공하는 매장,train,빵,T4 구어·문장,76a3551b-dae4-4326-92cc-662015aedbfb,쉴 곳,한식,칠성로상점가,자율상권구역,제주특별자치도,,,
4833b5576026cd9cc0f7,full_annotation_v1,A,q_빵_06,빵 파는 곳,카페·디저트 중 '빵'을 판매·제공하는 매장,train,빵,T4 구어·문장,417d1f5a-a7dd-4bbd-8379-61d8d1e9dc3d,마블스퀘어,빵,상무연하상인회 골목형상점가,골목형상점가,광주광역시,,,
8564d991f150dc8c0203,full_annotation_v1,A,q_빵_06,빵 파는 곳,카페·디저트 중 '빵'을 판매·제공하는 매장,train,빵,T4 구어·문장,229d4900-3644-4ed4-85eb-fb133c7c1573,파리바게트,제빵,매탄골목상인회 골목형상점가,골목형상점가,경기도,,,
3c3b41642c9c38d8d503,full_annotation_v1,A,q_빵_06,빵 파는 곳,카페·디저트 중 '빵'을 판매·제공하는 매장,train,빵,T4 구어·문장,06ad567c-07b8-447b-8c14-c351b2f95d8b,빵아빵아,빵,공주산성시장,전통시장,충청남도,,,
d4c051bd239db410906e,full_annotation_v1,A,q_빵_06,빵 파는 곳,카페·디저트 중 '빵'을 판매·제공하는 매장,train,빵,T4 구어·문장,24456103-f6b8-46af-8655-82e61d7265d8,커피가 머무르는 곳,커피,반드레길골목형상점가,골목형상점가,서울특별시,,,
7a2a235b10798746186f,full_annotation_v1,A,q_빵_06,빵 파는 곳,카페·디저트 중 '빵'을 판매·제공하는 매장,train,빵,T4 구어·문장,801f7111-0693-4b0e-baf4-ebdbb0f6f637,펜지앤펜지,빵,평촌1번가 상점가,자율상권구역,경기도,,,
24344bd14692cb4eb55d,full_annotation_v1,A,q_빵_06,빵 파는 곳,카페·디저트 중 '빵'을 판매·제공하는 매장,train,빵,T4 구어·문장,99aba36d-4827-44f5-8d92-af61d33301d9,김녕빵집,빵,김녕로 골목형상점가,골목형상점가,제주특별자치도,,,
a2a8753967c5192b0c99,full_annotation_v1,A,q_빵_06,빵 파는 곳,카페·디저트 중 '빵'을 판매·제공하는 매장,train,빵,T4 구어·문장,8844a74d-7f7e-4066-9804-2c8ae1372892,빵굽는쉐프,빵,용남시장,전통시장,인천광역시,,,
ad8e8da763043420fb10,full_annotation_v1,A,q_빵_06,빵 파는 곳,카페·디저트 중 '빵'을 판매·제공하는 매장,train,빵,T4 구어·문장,4253bd28-b4e2-42b7-9cd6-9c32d2541055,육일제과,빵집,중리시장,전통시장,대전광역시,,,
3f1a420916725cc01e66,full_annotation_v1,A,q_빵_06,빵 파는 곳,카페·디저트 중 '빵'을 판매·제공하는 매장,train,빵,T4 구어·문장,13b00585-6e3f-4726-b5e8-1a3d7e0aacfd,삼립식품남군산대리점,빵,군산중앙로 골목형상점가,골목형상점가,전북특별자치도,,,
1c86e2d0b940e94b4a3f,full_annotation_v1,A,q_빵_06,빵 파는 곳,카페·디저트 중 '빵'을 판매·제공하는 매장,train,빵,T4 구어·문장,9bef2f16-b5eb-46d7-8b34-1197aeb508c3,빵뜨레,빵,신탄진시장,전통시장,대전광역시,,,
8f0d66d00a187c795a99,full_annotation_v1,A,q_빵_06,빵 파는 곳,카페·디저트 중 '빵'을 판매·제공하는 매장,train,빵,T4 구어·문장,5f5769ff-0c6c-4938-8b56-c617d8dc83ec,뚜레쥬르경북의성점,빵,의성중앙상점가(의성읍중앙길상가거리),자율상권구역,경상북도,,,
a7fb4120ee0adcea7a22,full_annotation_v1,A,q_빵_06,빵 파는 곳,카페·디저트 중 '빵'을 판매·제공하는 매장,train,빵,T4 구어·문장,f4866676-66ab-442a-a652-bf947c4f4653,빵고을,빵,"임계사통팔달시장(임계시장, 송계5일장)",전통시장,강원특별자치도,,,
ab0e28b84003d56b2a2b,full_annotation_v1,A,q_빵_06,빵 파는 곳,카페·디저트 중 '빵'을 판매·제공하는 매장,train,빵,T4 구어·문장,5a1cebb2-3b2b-4152-9fbb-29f05be23ba8,달지,빵,문화의거리 상점가,자율상권구역,울산광역시,,,
22487607c77ef453e5aa,full_annotation_v1,A,q_빵_06,빵 파는 곳,카페·디저트 중 '빵'을 판매·제공하는 매장,train,빵,T4 구어·문장,c9a0078b-91b3-495a-9b86-4be7248f6dfe,뉴욕베이커리,빵,신도봉시장,전통시장,서울특별시,,,
60c281a91b36ee1becb8,full_annotation_v1,A,q_빵_06,빵 파는 곳,카페·디저트 중 '빵'을 판매·제공하는 매장,train,빵,T4 구어·문장,43c4b6cd-d530-452f-a458-55d71223cb48,행복한갓빵,빵,중앙신시장,전통시장,경상북도,,,
1bff7aaa2068462b98eb,full_annotation_v1,A,q_빵_06,빵 파는 곳,카페·디저트 중 '빵'을 판매·제공하는 매장,train,빵,T4 구어·문장,ad2284ff-8791-453b-b8a9-67654ff94220,폰파는 신사,휴대폰,남해 명품화전길 골목형상점가,골목형상점가,경상남도,,,
c0d82239f0261d972aad,full_annotation_v1,A,q_빵_06,빵 파는 곳,카페·디저트 중 '빵'을 판매·제공하는 매장,train,빵,T4 구어·문장,0a413ebb-2596-4b3f-b5aa-194b242ce558,백호빵집,빵집,까치산시장,전통시장,서울특별시,,,
d79a1dd692ab2c1a11af,full_annotation_v1,A,q_빵_06,빵 파는 곳,카페·디저트 중 '빵'을 판매·제공하는 매장,train,빵,T4 구어·문장,aa936541-d9bc-4616-9c06-83df36ba719c,빵이가득한집,빵,석바위시장,전통시장,인천광역시,,,
7ec2af9fa8b5457f1190,full_annotation_v1,A,q_빵_06,빵 파는 곳,카페·디저트 중 '빵'을 판매·제공하는 매장,train,빵,T4 구어·문장,1da13a88-cc77-473f-9d87-f4c9d6d6ad66,안녕깜빠뉴,빵,화정한울타리상인회 골목형상점가,골목형상점가,광주광역시,,,
72d26c0064b8946e9f84,full_annotation_v1,A,q_빵_06,빵 파는 곳,카페·디저트 중 '빵'을 판매·제공하는 매장,train,빵,T4 구어·문장,2bca6c63-27ce-48ef-982a-173800c6c834,수암꽈배기,빵집,수암상가시장,전통시장,울산광역시,,,
670b370954238f54bd49,full_annotation_v1,A,q_빵_06,빵 파는 곳,카페·디저트 중 '빵'을 판매·제공하는 매장,train,빵,T4 구어·문장,16d7c2d6-9f81-4ef7-9f21-c6752e8427e0,비올렛베이커리,제빵,응암골골목형상점가,골목형상점가,서울특별시,,,
87171e9527ecdcba03c3,full_annotation_v1,A,q_빵_06,빵 파는 곳,카페·디저트 중 '빵'을 판매·제공하는 매장,train,빵,T4 구어·문장,c18155a5-d1c1-4086-955b-5afd633a6cee,뚜레쥬르,빵,유안초등북길 골목형상점가,골목형상점가,광주광역시,,,
7aa0646f5c076f1e6b9f,full_annotation_v1,A,q_빵_06,빵 파는 곳,카페·디저트 중 '빵'을 판매·제공하는 매장,train,빵,T4 구어·문장,f89439a4-a32f-41c3-84ca-361215c348ac,구움빵,빵,영월중앙시장,자율상권구역,강원특별자치도,,,
4568b53b22c6a5152f6a,full_annotation_v1,A,q_빵_06,빵 파는 곳,카페·디저트 중 '빵'을 판매·제공하는 매장,train,빵,T4 구어·문장,2470913c-f81f-442f-8710-caa949b86f4e,브레드80,"제과, 제빵, 음료",럭스스퀘어 골목형상점가,골목형상점가,세종특별자치시,,,
3059c8010c969453421e,full_annotation_v1,A,q_빵_06,빵 파는 곳,카페·디저트 중 '빵'을 판매·제공하는 매장,train,빵,T4 구어·문장,8242e088-ce3d-4005-a4f0-981b34f8bc21,일순인삼사,수삼,풍기토종인삼시장,전통시장,경상북도,,,
8c34699ce9ba2577e78d,full_annotation_v1,A,q_빵_06,빵 파는 곳,카페·디저트 중 '빵'을 판매·제공하는 매장,train,빵,T4 구어·문장,a10a54ef-3927-459f-be9d-2c8ee247f19b,파리바게뜨,빵,용대로119번길 골목형상점가,골목형상점가,광주광역시,,,
8401c2b68d130046e3e1,full_annotation_v1,A,q_빵_06,빵 파는 곳,카페·디저트 중 '빵'을 판매·제공하는 매장,train,빵,T4 구어·문장,06701969-f51d-485d-9fdb-8f7c6c055f78,하디앤소프티,빵,목원대 골목형상점가,골목형상점가,대전광역시,,,
23190c4ef067162550e3,full_annotation_v1,A,q_빵_06,빵 파는 곳,카페·디저트 중 '빵'을 판매·제공하는 매장,train,빵,T4 구어·문장,0063671e-77f7-466c-bbc2-223497c0dae4,무가당,카페,세병호 골목형상점가,골목형상점가,전북특별자치도,,,
68946104e6d0429b2b72,full_annotation_v1,A,q_빵_06,빵 파는 곳,카페·디저트 중 '빵'을 판매·제공하는 매장,train,빵,T4 구어·문장,f89cc30d-7556-468f-9994-cc23c45d3251,천원베이커리,빵,세은 골목형상점가,골목형상점가,광주광역시,,,
1007ac20760691cae332,full_annotation_v1,A,q_빵_06,빵 파는 곳,카페·디저트 중 '빵'을 판매·제공하는 매장,train,빵,T4 구어·문장,5dbf1cf9-0e2e-4c58-9bda-fc2e3341ec40,빵긋,빵,노대물빛근린공원 골목형상점가,골목형상점가,광주광역시,,,
bcd3d877eebabe95b928,full_annotation_v1,A,q_빵_06,빵 파는 곳,카페·디저트 중 '빵'을 판매·제공하는 매장,train,빵,T4 구어·문장,23895b9f-4b17-4f81-9aac-e334cdf18453,식빵굽는남자,빵,동문동 골목형상점가,골목형상점가,충청남도,,,
aaf29aa6f84858907f36,full_annotation_v1,A,q_빵_06,빵 파는 곳,카페·디저트 중 '빵'을 판매·제공하는 매장,train,빵,T4 구어·문장,bce23887-ea78-43fc-b213-4b86bdaf61a7,빵플러스,빵,가좌시장,전통시장,인천광역시,,,
fdb513288173a789f8c7,full_annotation_v1,A,q_빵_06,빵 파는 곳,카페·디저트 중 '빵'을 판매·제공하는 매장,train,빵,T4 구어·문장,0ae35aa4-c17b-4d08-a7d0-19f9bd5c881f,밀호,빵,첨단청사초롱길 골목형상점가,골목형상점가,광주광역시,,,
beb91621a4e54bfa0e5c,full_annotation_v1,A,q_빵_06,빵 파는 곳,카페·디저트 중 '빵'을 판매·제공하는 매장,train,빵,T4 구어·문장,66060a7e-ea4d-44e6-81db-e4d227b85e14,뚜레쥬르,빵,전곡중앙상가 골목형상점가,골목형상점가,경기도,,,
f7d06ac66c0f00b94a77,full_annotation_v1,A,q_빵_06,빵 파는 곳,카페·디저트 중 '빵'을 판매·제공하는 매장,train,빵,T4 구어·문장,00b6de61-2c2e-4164-aee6-c011f81aec20,파리바게뜨 세종반곡,"베이커리, 케이크, 음료, 커피",반곡동행복 골목형상점가,골목형상점가,세종특별자치시,,,
03886a6e4e72f3cd4f55,full_annotation_v1,A,q_빵_06,빵 파는 곳,카페·디저트 중 '빵'을 판매·제공하는 매장,train,빵,T4 구어·문장,5adde790-a071-45c6-b923-cdc686e3892c,빵이야,빵,의정부제일시장,전통시장,경기도,,,
a928e2dc4540723d42a8,full_annotation_v1,A,q_빵_06,빵 파는 곳,카페·디저트 중 '빵'을 판매·제공하는 매장,train,빵,T4 구어·문장,003d7e3f-6459-4018-ac58-7184cd2457d5,눈치 금호점,카페,금호1동상가번영회 골목형상점가,골목형상점가,광주광역시,,,
b16543e2359833d253d4,full_annotation_v1,A,q_빵_06,빵 파는 곳,카페·디저트 중 '빵'을 판매·제공하는 매장,train,빵,T4 구어·문장,2743811c-5e71-4d2b-aa75-1b0147d44f2d,사우 꽃이 피는 곳,꽃,김포 풍년마을 골목형상점가,골목형상점가,경기도,,,
006914b21fe2bf268f2c,full_annotation_v1,A,q_빵_06,빵 파는 곳,카페·디저트 중 '빵'을 판매·제공하는 매장,train,빵,T4 구어·문장,097fc611-9788-401e-9ac1-bb20760ca643,브렛의오븐,베이커리음료,마산 월영대시장,전통시장,경상남도,,,
a9d1b174a01ca050ee66,full_annotation_v1,A,q_빵_06,빵 파는 곳,카페·디저트 중 '빵'을 판매·제공하는 매장,train,빵,T4 구어·문장,008d07a3-ba18-4806-9ec7-48c0adb25276,아빠네 빵집,제과제빵,신창수문 골목형상점가,골목형상점가,광주광역시,,,
2a58addd7e8523e3a585,full_annotation_v1,A,q_빵_06,빵 파는 곳,카페·디저트 중 '빵'을 판매·제공하는 매장,train,빵,T4 구어·문장,4ed32f4c-b6f2-4cdb-bffe-667ad81eb883,보떼남문로점퀸화장품,화장품,성안길상점가,자율상권구역,충청북도,,,
de5b63dab6ada2f53ef3,full_annotation_v1,A,q_빵_06,빵 파는 곳,카페·디저트 중 '빵'을 판매·제공하는 매장,train,빵,T4 구어·문장,7cc847fb-2559-4aba-bc83-a7f2edb81967,더왕(THEWANG),"도소매(의류,악세사리)",고투몰(강남터미널지하도상점가),일반지하상점가,서울특별시,,,
847c1d9798cbe1b35c30,full_annotation_v1,A,q_빵_06,빵 파는 곳,카페·디저트 중 '빵'을 판매·제공하는 매장,train,빵,T4 구어·문장,931cb013-c974-450d-b725-00ad86167960,그레이스,의류,부산평화시장,전통시장,부산광역시,,,
20fa94787f52414bf692,full_annotation_v1,A,q_빵_07,식빵 사러,카페·디저트 중 '빵'을 판매·제공하는 매장,train,빵,T4 구어·문장,726b1b1f-64f9-46bc-8839-3b62a32bd4da,화이트리에 의정부점,식빵,민락2지구골목형상점가,골목형상점가,경기도,,,
94e7239ba4af2fcb254b,full_annotation_v1,A,q_빵_07,식빵 사러,카페·디저트 중 '빵'을 판매·제공하는 매장,train,빵,T4 구어·문장,011e2df5-6d25-4553-bfc6-cdf779856853,올데이(All day),카페,남구 용대로 골목형상점가,골목형상점가,광주광역시,,,
d772268cc7ec7fb87ff2,full_annotation_v1,A,q_빵_07,식빵 사러,카페·디저트 중 '빵'을 판매·제공하는 매장,train,빵,T4 구어·문장,c23c8324-befb-421c-9701-47622a9c228f,나은베이커리,식빵 외 기타,관음시장,전통시장,대구광역시,,,
38729f3eda9c99b9673c,full_annotation_v1,A,q_빵_07,식빵 사러,카페·디저트 중 '빵'을 판매·제공하는 매장,train,빵,T4 구어·문장,16ac5642-d977-4765-a96e-4b6c4bf2a743,빵사랑베이커리,제빵,방이시장,전통시장,서울특별시,,,
1480820276821bcb5bc9,full_annotation_v1,A,q_빵_07,식빵 사러,카페·디저트 중 '빵'을 판매·제공하는 매장,train,빵,T4 구어·문장,0075dacf-3e3f-47b8-a4af-d3a2ff866348,북툰커피앤카페,찐빵 만두 커피,신창진흥 골목형상점가,골목형상점가,광주광역시,,,
3e6a399ae0de86aff9e8,full_annotation_v1,A,q_빵_07,식빵 사러,카페·디저트 중 '빵'을 판매·제공하는 매장,train,빵,T4 구어·문장,3496c0bf-2f68-402e-97aa-41df43412cec,에이스참솔방가구,가구,㈜르네시떼,전통시장,부산광역시,,,
ec3040fe835ffacc9b33,full_annotation_v1,A,q_빵_07,식빵 사러,카페·디저트 중 '빵'을 판매·제공하는 매장,train,빵,T4 구어·문장,001bc028-a43e-44d4-9682-db280a4998cc,파리바게뜨전주근영점,제과점,근영누리 골목형상점가,골목형상점가,전북특별자치도,,,
3358428db57d15dc9778,full_annotation_v1,A,q_빵_07,식빵 사러,카페·디저트 중 '빵'을 판매·제공하는 매장,train,빵,T4 구어·문장,ab042500-884b-4f76-b473-9fdf5ed9b15a,달코미식빵,빵,관저동 먹거리 골목형상점가,골목형상점가,대전광역시,,,
bcdf127e07ce6e8fe21d,full_annotation_v1,A,q_빵_07,식빵 사러,카페·디저트 중 '빵'을 판매·제공하는 매장,train,빵,T4 구어·문장,323113dc-b2d9-4366-b21c-037d0f130f31,제트네빵집,,고성시장,전통시장,경상남도,,,
e8dd11e98538adabe4fc,full_annotation_v1,A,q_빵_07,식빵 사러,카페·디저트 중 '빵'을 판매·제공하는 매장,train,빵,T4 구어·문장,00ef0be0-bb62-463e-80ad-862e34111872,파리바게뜨 계룡쇼핑타운,제과제빵,신도안면 골목형상점가,골목형상점가,충청남도,,,
a7120302e093697e1f0a,full_annotation_v1,A,q_빵_07,식빵 사러,카페·디저트 중 '빵'을 판매·제공하는 매장,train,빵,T4 구어·문장,39a441a1-29e0-4d41-9c28-fde692daff2f,가자반찬사러,반찬,가좌마을 골목형상점가,골목형상점가,경기도,,,
454077bb861b16043705,full_annotation_v1,A,q_빵_07,식빵 사러,카페·디저트 중 '빵'을 판매·제공하는 매장,train,빵,T4 구어·문장,8ea64b46-2d62-4f13-820d-922cb150f6cb,마블스퀘어 세종 보람점,식빵,보람동 골목형상점가,골목형상점가,세종특별자치시,,,
4fb9eda9ae55134b7f67,full_annotation_v1,A,q_빵_07,식빵 사러,카페·디저트 중 '빵'을 판매·제공하는 매장,train,빵,T4 구어·문장,002d0d06-15b2-463e-b789-b0232bcc6681,뚜레주르버들마을점,제과,버들마을상인회 골목형상점가,골목형상점가,광주광역시,,,
b32f1c787f7a13442e3a,full_annotation_v1,A,q_빵_07,식빵 사러,카페·디저트 중 '빵'을 판매·제공하는 매장,train,빵,T4 구어·문장,8cca2318-00f8-464c-8803-04d5c137e3c7,미도상회,농산물,칠성원시장,전통시장,대구광역시,,,
f1d6ce38dc18c280e4b5,full_annotation_v1,A,q_빵_07,식빵 사러,카페·디저트 중 '빵'을 판매·제공하는 매장,train,빵,T4 구어·문장,ec83d7bc-3e12-440f-9540-05bf93797bcc,화이트리에 대전관평점,식빵,테크노밸리 골목형상점가,골목형상점가,대전광역시,,,
8c3d7d59cd772070976f,full_annotation_v1,A,q_빵_07,식빵 사러,카페·디저트 중 '빵'을 판매·제공하는 매장,train,빵,T4 구어·문장,22cd3582-0d0a-4ea0-ad24-53bd02d9485d,경희견과,견과류,비단길현대시장,전통시장,서울특별시,,,
a9c422e9c53ed2cb902d,full_annotation_v1,A,q_빵_07,식빵 사러,카페·디저트 중 '빵'을 판매·제공하는 매장,train,빵,T4 구어·문장,2bca6c63-27ce-48ef-982a-173800c6c834,수암꽈배기,빵집,수암상가시장,전통시장,울산광역시,,,
ce36db63ee0f0c1c3746,full_annotation_v1,A,q_빵_07,식빵 사러,카페·디저트 중 '빵'을 판매·제공하는 매장,train,빵,T4 구어·문장,ecf74664-6cc8-4afb-826d-1dad358a10b9,시장식당,분식,중마시장,전통시장,전라남도,,,
809b6a1d547ea88eeac2,full_annotation_v1,A,q_빵_07,식빵 사러,카페·디저트 중 '빵'을 판매·제공하는 매장,train,빵,T4 구어·문장,229d4900-3644-4ed4-85eb-fb133c7c1573,파리바게트,제빵,매탄골목상인회 골목형상점가,골목형상점가,경기도,,,
ed6a0a1029d817a05299,full_annotation_v1,A,q_빵_07,식빵 사러,카페·디저트 중 '빵'을 판매·제공하는 매장,train,빵,T4 구어·문장,fa524376-b279-4318-b9a7-930eff8a0f45,광주서구지역자활센터 식빵마을,식빵,서구청먹자골목상인회 골목형상점가,골목형상점가,광주광역시,,,
2991ab45d96c4ee6acde,full_annotation_v1,A,q_빵_07,식빵 사러,카페·디저트 중 '빵'을 판매·제공하는 매장,train,빵,T4 구어·문장,1e5073b3-e60f-4dab-8a6d-b1252e9e8a84,더건강한푸드,볶은곡물선식빵,광명전통시장,전통시장,경기도,,,
13d63d71904984db5ffe,full_annotation_v1,A,q_빵_07,식빵 사러,카페·디저트 중 '빵'을 판매·제공하는 매장,train,빵,T4 구어·문장,ec6d293c-3928-4b9f-963d-dee79a59be12,식빵굽는남자,빵,"온양온천시장(온양재래시장, 전통시장)",전통시장,충청남도,,,
3ffbcb93824ef654bac0,full_annotation_v1,A,q_빵_07,식빵 사러,카페·디저트 중 '빵'을 판매·제공하는 매장,train,빵,T4 구어·문장,7547f395-5747-496e-bc8b-27096843f3a7,아부찌부대찌개,부대찌개,인천모래내전통시장,전통시장,인천광역시,,,
9362d4ca075d92af360d,full_annotation_v1,A,q_빵_07,식빵 사러,카페·디저트 중 '빵'을 판매·제공하는 매장,train,빵,T4 구어·문장,8f482e91-6305-43bd-acd5-a0545512f3dd,현풍그릇,그릇 소매업,관문상가시장,전통시장,대구광역시,,,
0608427f8aee3b5068a6,full_annotation_v1,A,q_빵_07,식빵 사러,카페·디저트 중 '빵'을 판매·제공하는 매장,train,빵,T4 구어·문장,fd81e2bd-1e9d-4948-9d3c-923b563fda10,화이트 리에 세종점,식빵 잼,새롬동 골목형상점가,골목형상점가,세종특별자치시,,,
7e5ed7ee7fe894cc0f37,full_annotation_v1,A,q_빵_07,식빵 사러,카페·디저트 중 '빵'을 판매·제공하는 매장,train,빵,T4 구어·문장,003e7ebf-1112-4ab4-a484-67716e4b2a85,이든,카페,원주중앙시장활성화구역,상권활성화구역,강원특별자치도,,,
9b06f39c963680f484f7,full_annotation_v1,A,q_빵_07,식빵 사러,카페·디저트 중 '빵'을 판매·제공하는 매장,train,빵,T4 구어·문장,1e20a5b5-38a6-4aaa-b504-2a2c3f001e86,좋은아침페이스트리&식빵,빵,나성BRT 골목형상점가,골목형상점가,세종특별자치시,,,
25fd17fb6980654dadb0,full_annotation_v1,A,q_빵_07,식빵 사러,카페·디저트 중 '빵'을 판매·제공하는 매장,train,빵,T4 구어·문장,68b4dd62-8d69-4701-9dcf-1b0e93c229ea,이대감숯불촌,한식,충무동골목시장,전통시장,부산광역시,,,
ba9890385d089a6f5b4f,full_annotation_v1,A,q_빵_07,식빵 사러,카페·디저트 중 '빵'을 판매·제공하는 매장,train,빵,T4 구어·문장,d5cad611-2865-46b6-8b4d-ba4ecd6d444b,마들렌과자점,식빵,은구비서로사회적협동조합 골목형상점가,골목형상점가,대전광역시,,,
2b00a8a7ac60b66c3f60,full_annotation_v1,A,q_빵_07,식빵 사러,카페·디저트 중 '빵'을 판매·제공하는 매장,train,빵,T4 구어·문장,0061123f-a676-4556-9633-5fbc4ecaf6ef,치즈케익카스테라카페,제과,북가좌동 골목형상점가,골목형상점가,서울특별시,,,
8598fabb9fdbba928ccc,full_annotation_v1,A,q_빵_07,식빵 사러,카페·디저트 중 '빵'을 판매·제공하는 매장,train,빵,T4 구어·문장,008d07a3-ba18-4806-9ec7-48c0adb25276,아빠네 빵집,제과제빵,신창수문 골목형상점가,골목형상점가,광주광역시,,,
b898e22bd8c2c993e4d2,full_annotation_v1,A,q_빵_07,식빵 사러,카페·디저트 중 '빵'을 판매·제공하는 매장,train,빵,T4 구어·문장,2c3bade5-40d5-49a2-9133-b9b85d49127c,화이트리에 유성노은점,식빵 잼류,노은역 골목형상점가,골목형상점가,대전광역시,,,
3ab30ab0f207e27dc03c,full_annotation_v1,A,q_빵_07,식빵 사러,카페·디저트 중 '빵'을 판매·제공하는 매장,train,빵,T4 구어·문장,0eced7da-7dd6-4b13-a761-1164742e0d32,채육관 PT,퍼스널트레이닝,낙낙별길골목형상점가,골목형상점가,서울특별시,,,
d322e7fed7e421f1da26,full_annotation_v1,A,q_빵_07,식빵 사러,카페·디저트 중 '빵'을 판매·제공하는 매장,train,빵,T4 구어·문장,972db449-c003-42c1-bb7a-20593a9a13f8,화이트리에 광양점,식빵 잼,마동골목형상점가,골목형상점가,전라남도,,,
8cdcd03fa1d68b58e0d1,full_annotation_v1,A,q_빵_07,식빵 사러,카페·디저트 중 '빵'을 판매·제공하는 매장,train,빵,T4 구어·문장,0063671e-77f7-466c-bbc2-223497c0dae4,무가당,카페,세병호 골목형상점가,골목형상점가,전북특별자치도,,,
33ccaab674f73edc6a00,full_annotation_v1,A,q_빵_07,식빵 사러,카페·디저트 중 '빵'을 판매·제공하는 매장,train,빵,T4 구어·문장,e206471b-7cd0-43ec-ba5f-7fcccf91cd94,화이트리에 천천지구점,식빵,천천중심상가 골목형상점가,골목형상점가,경기도,,,
b1a0d3f4fa28ce797518,full_annotation_v1,A,q_빵_07,식빵 사러,카페·디저트 중 '빵'을 판매·제공하는 매장,train,빵,T4 구어·문장,87a7d88a-e4cc-418c-ae85-d4c692a2c608,식빵전문점 팡쥬르,식빵 과일잼,상동역 함께하길 골목형상점가,골목형상점가,경기도,,,
70864628a55b2cb86988,full_annotation_v1,A,q_빵_07,식빵 사러,카페·디저트 중 '빵'을 판매·제공하는 매장,train,빵,T4 구어·문장,1b21e55d-ac63-47b5-b596-47ccc73aa4fb,찰찰보리식빵 봉천중앙시장점,식빵,봉천중앙시장,전통시장,서울특별시,,,
521e404ccb50fdf7d5a9,full_annotation_v1,A,q_빵_07,식빵 사러,카페·디저트 중 '빵'을 판매·제공하는 매장,train,빵,T4 구어·문장,083ecffe-5e65-4c93-add9-107d3501f214,달빛찻집,베이커리,정림동 골목형상점가,골목형상점가,대전광역시,,,
bebfbdba343425f6570d,full_annotation_v1,A,q_빵_07,식빵 사러,카페·디저트 중 '빵'을 판매·제공하는 매장,train,빵,T4 구어·문장,c11f3ad3-4640-48fc-8402-7e4c5e4d5506,파리바게뜨 사러가,제과,별빛뉴타운골목형상점가,골목형상점가,서울특별시,,,
cdf148704d095a88dedf,full_annotation_v1,A,q_빵_07,식빵 사러,카페·디저트 중 '빵'을 판매·제공하는 매장,train,빵,T4 구어·문장,502f87be-8028-425d-9ea1-f6bbb5c4607f,또아식빵,제과점,1913송정역시장,전통시장,광주광역시,,,
977bf0d5ffe69b356ddc,full_annotation_v1,A,q_빵_07,식빵 사러,카페·디저트 중 '빵'을 판매·제공하는 매장,train,빵,T4 구어·문장,08e1d991-57e1-440f-a5ab-e62825fedeb7,커피인더스트리,음료 및 베이커리,당정동한세로 골목형상점가,골목형상점가,경기도,,,
6a66f0ff161dcffe5236,full_annotation_v1,A,q_빵_07,식빵 사러,카페·디저트 중 '빵'을 판매·제공하는 매장,train,빵,T4 구어·문장,b6cdb583-2960-4f0f-8c21-4f5a5f631bd6,사러가혜진식품,반찬,역곡남부시장,전통시장,경기도,,,
84e0e153c243522237c4,full_annotation_v1,A,q_빵_07,식빵 사러,카페·디저트 중 '빵'을 판매·제공하는 매장,train,빵,T4 구어·문장,105eba07-af25-412d-a7ce-9a0a43069e60,대빵,,솔내로 골목형상점가,골목형상점가,전북특별자치도,,,
29b4ec2697f6ad754820,full_annotation_v1,A,q_빵_07,식빵 사러,카페·디저트 중 '빵'을 판매·제공하는 매장,train,빵,T4 구어·문장,c72219ce-9e68-410d-bd7f-60673382237a,화이트리에 영종하늘도시점,식빵 및 수제 잼,조양타워골목형상점가,골목형상점가,인천광역시,,,
3e0849b4ce2c596f6c30,full_annotation_v1,A,q_빵_07,식빵 사러,카페·디저트 중 '빵'을 판매·제공하는 매장,train,빵,T4 구어·문장,097fc611-9788-401e-9ac1-bb20760ca643,브렛의오븐,베이커리음료,마산 월영대시장,전통시장,경상남도,,,
d2dc3046e7abd2635281,full_annotation_v1,A,q_빵_07,식빵 사러,카페·디저트 중 '빵'을 판매·제공하는 매장,train,빵,T4 구어·문장,00362b85-cb9a-4318-9059-12f768d76197,파리바게뜨전주인후점,제과점,소나무 골목형상점가,골목형상점가,전북특별자치도,,,
9727af3bd9aaf7a37c37,full_annotation_v1,A,q_빵_07,식빵 사러,카페·디저트 중 '빵'을 판매·제공하는 매장,train,빵,T4 구어·문장,df5a57e3-9af8-42d3-a566-4e9b5a848f43,명랑시대쌀핫도그가음점,,창원 가음시장대상가,전통시장,경상남도,,,
e66178c7054026bf0bf1,full_annotation_v1,A,q_빵_07,식빵 사러,카페·디저트 중 '빵'을 판매·제공하는 매장,train,빵,T4 구어·문장,88ff2232-1289-4ca1-a52b-a121fcef30ec,청춘식빵,음식점,영천시장,전통시장,서울특별시,,,
40fd6a3e623659069c96,full_annotation_v1,A,q_빵_07,식빵 사러,카페·디저트 중 '빵'을 판매·제공하는 매장,train,빵,T4 구어·문장,0624e02d-fd92-437c-8489-234e949f61c9,자미식빵,빵,석바위시장,전통시장,인천광역시,,,
4141000b8f4a3393b343,full_annotation_v1,A,q_빵_07,식빵 사러,카페·디저트 중 '빵'을 판매·제공하는 매장,train,빵,T4 구어·문장,cf60277a-e792-463c-ab3d-4eb4bc01d9c3,사러가쇼핑(대곡),"잡화, 모자, 가방",대곡시장,전통시장,대구광역시,,,
03493a6d0f36db8c86c0,full_annotation_v1,A,q_빵_07,식빵 사러,카페·디저트 중 '빵'을 판매·제공하는 매장,train,빵,T4 구어·문장,7d3d46f7-e5d8-408a-a7fb-a5c196cd3b22,찰찰보리식빵 광명사거리역점,식빵 및 그외 제과류,광명전통시장,전통시장,경기도,,,
e08272d82300a0608198,full_annotation_v1,A,q_빵_07,식빵 사러,카페·디저트 중 '빵'을 판매·제공하는 매장,train,빵,T4 구어·문장,d45ce059-5420-4999-a938-9a9a4c3e1abf,찰보리 식빵,제과,개봉중앙골목형상점가,골목형상점가,서울특별시,,,
99a9ea60762031624882,full_annotation_v1,A,q_빵_07,식빵 사러,카페·디저트 중 '빵'을 판매·제공하는 매장,train,빵,T4 구어·문장,417170b1-95af-4d92-821d-6fb48236d384,찰찰보리식빵 이수점,식빵,동작구 LINK 상권활성화구역,상권활성화구역,서울특별시,,,
75dfc79fcabf22656715,full_annotation_v1,A,q_빵_07,식빵 사러,카페·디저트 중 '빵'을 판매·제공하는 매장,train,빵,T4 구어·문장,58099c72-f666-49de-91c9-6cd75f7f7591,커피에 반하다,음식점업(카페),한대앞역상점가,자율상권구역,경기도,,,
d9e6e6c13f3de08c8b5d,full_annotation_v1,A,q_빵_07,식빵 사러,카페·디저트 중 '빵'을 판매·제공하는 매장,train,빵,T4 구어·문장,e6c53a8c-3abb-40dd-82d6-627913389cb3,한국인삼사,수삼인삼,풍기인삼시장,전통시장,경상북도,,,
08dbe809caaebb5bf87e,full_annotation_v1,A,q_빵_07,식빵 사러,카페·디저트 중 '빵'을 판매·제공하는 매장,train,빵,T4 구어·문장,24c275df-8f16-4afc-b923-8cc9db307f5c,원당식빵,제과점,원당온누리 골목형상점가,골목형상점가,경기도,,,
135d45b1a186b5ea86ff,full_annotation_v1,A,q_빵_07,식빵 사러,카페·디저트 중 '빵'을 판매·제공하는 매장,train,빵,T4 구어·문장,16d7c2d6-9f81-4ef7-9f21-c6752e8427e0,비올렛베이커리,제빵,응암골골목형상점가,골목형상점가,서울특별시,,,
49601d43c66a90a61f3e,full_annotation_v1,A,q_빵_07,식빵 사러,카페·디저트 중 '빵'을 판매·제공하는 매장,train,빵,T4 구어·문장,00b6de61-2c2e-4164-aee6-c011f81aec20,파리바게뜨 세종반곡,"베이커리, 케이크, 음료, 커피",반곡동행복 골목형상점가,골목형상점가,세종특별자치시,,,
1c8a4d3699f804ece1f4,full_annotation_v1,A,q_빵_07,식빵 사러,카페·디저트 중 '빵'을 판매·제공하는 매장,train,빵,T4 구어·문장,003d7e3f-6459-4018-ac58-7184cd2457d5,눈치 금호점,카페,금호1동상가번영회 골목형상점가,골목형상점가,광주광역시,,,
afb68d6dc2c78cb82f57,full_annotation_v1,A,q_빵_07,식빵 사러,카페·디저트 중 '빵'을 판매·제공하는 매장,train,빵,T4 구어·문장,006a3289-9c32-4593-a919-9259a7215a7d,우리베이커리,빵류,동해중앙시장상권활성화구역,상권활성화구역,강원특별자치도,,,
2d6c067667b731526ff6,full_annotation_v1,A,q_빵_07,식빵 사러,카페·디저트 중 '빵'을 판매·제공하는 매장,train,빵,T4 구어·문장,0426fae9-9be0-4571-8071-beaa385defda,파리바게트 조암점,베이커리,조암시장,전통시장,경기도,,,
daca84ea8ba624cf510f,full_annotation_v1,A,q_빵_07,식빵 사러,카페·디저트 중 '빵'을 판매·제공하는 매장,train,빵,T4 구어·문장,11e2dd2e-ab0e-4132-ba5d-ee4d652775f4,극동제과점,제빵,백년소상공인,기타,대전광역시,,,
c37adb58328281a01f6d,full_annotation_v1,A,q_빵_07,식빵 사러,카페·디저트 중 '빵'을 판매·제공하는 매장,train,빵,T4 구어·문장,bf4e2035-e674-4e38-b418-4dd32f2dbb5e,식빵공방,제과점,금촌문화로시장,전통시장,경기도,,,
d510fb74f4c09b018238,full_annotation_v1,A,q_빵_07,식빵 사러,카페·디저트 중 '빵'을 판매·제공하는 매장,train,빵,T4 구어·문장,4253bd28-b4e2-42b7-9cd6-9c32d2541055,육일제과,빵집,중리시장,전통시장,대전광역시,,,
5a5d7de9f6a1f16d7e09,full_annotation_v1,A,q_빵_07,식빵 사러,카페·디저트 중 '빵'을 판매·제공하는 매장,train,빵,T4 구어·문장,223ac46e-51cf-4eab-ae60-378b76414b47,찰찰보리식빵,빵,인천모래내전통시장,전통시장,인천광역시,,,
787adf9eb9283baeba8f,full_annotation_v1,A,q_빵_07,식빵 사러,카페·디저트 중 '빵'을 판매·제공하는 매장,train,빵,T4 구어·문장,0017b31e-27bf-4395-a7b2-ad9bc8554d97,컴포즈커피 충주호암한신더휴점,"커피, 음료",호암사천개로골목형상점가,골목형상점가,충청북도,,,
d8e309e7ff0eab1668d3,full_annotation_v1,A,q_빵_07,식빵 사러,카페·디저트 중 '빵'을 판매·제공하는 매장,train,빵,T4 구어·문장,00d3ef33-13db-4750-93a0-4b31010fcb70,온유베이크,카페,스타타워1 골목형상점가,골목형상점가,인천광역시,,,
1df7fba6f56a939d0463,full_annotation_v1,A,q_빵_07,식빵 사러,카페·디저트 중 '빵'을 판매·제공하는 매장,train,빵,T4 구어·문장,c7580056-c774-4fd7-8ab5-af075c563046,아침식빵,제과,송내영화의거리 골목형상점가,골목형상점가,경기도,,,
dd294e6633359d790e76,full_annotation_v1,A,q_빵_07,식빵 사러,카페·디저트 중 '빵'을 판매·제공하는 매장,train,빵,T4 구어·문장,23895b9f-4b17-4f81-9aac-e334cdf18453,식빵굽는남자,빵,동문동 골목형상점가,골목형상점가,충청남도,,,
e14ec9e60476409872ae,full_annotation_v1,A,q_빵_07,식빵 사러,카페·디저트 중 '빵'을 판매·제공하는 매장,train,빵,T4 구어·문장,2470913c-f81f-442f-8710-caa949b86f4e,브레드80,"제과, 제빵, 음료",럭스스퀘어 골목형상점가,골목형상점가,세종특별자치시,,,
38a608875a52ee02ada5,full_annotation_v1,A,q_빵_07,식빵 사러,카페·디저트 중 '빵'을 판매·제공하는 매장,train,빵,T4 구어·문장,000d1253-5431-4636-8c94-ddf12e805cb7,파리바게뜨언양점,빵,언양읍성 남문 골목형상점가,골목형상점가,울산광역시,,,
7f49b9d2a49bd9bbaf31,full_annotation_v1,A,q_빵_07,식빵 사러,카페·디저트 중 '빵'을 판매·제공하는 매장,train,빵,T4 구어·문장,00c27532-fd1f-4fe7-9ff1-30d4b4200f15,관문식빵,제과점,관문상가시장,전통시장,대구광역시,,,
a4ff6cc663c578872dfb,full_annotation_v1,A,q_빵_07,식빵 사러,카페·디저트 중 '빵'을 판매·제공하는 매장,train,빵,T4 구어·문장,28a5d7c4-14c1-4ae4-aab3-5e405cecd9fe,와!식빵&도넛,제과점,남악시장골목형상점가,골목형상점가,전라남도,,,
25c68193590e93498ffc,full_annotation_v1,A,q_빵_07,식빵 사러,카페·디저트 중 '빵'을 판매·제공하는 매장,train,빵,T4 구어·문장,434bf866-f537-4195-81db-8a679da01c08,메가엠지씨커피 익산영등점,카페,익산 다e로움 상권활성화구역,상권활성화구역,전북특별자치도,,,
38ede947de3e0157c151,full_annotation_v1,A,q_빵_07,식빵 사러,카페·디저트 중 '빵'을 판매·제공하는 매장,train,빵,T4 구어·문장,3ea8d727-ce79-4c1d-8896-0a76b6c54301,서진한의원,한의원,의왕도깨비시장,전통시장,경기도,,,
c86947cd4a7feadf7620,full_annotation_v1,A,q_빵_07,식빵 사러,카페·디저트 중 '빵'을 판매·제공하는 매장,train,빵,T4 구어·문장,0a413ebb-2596-4b3f-b5aa-194b242ce558,백호빵집,빵집,까치산시장,전통시장,서울특별시,,,
a190e0c46e912f69355c,full_annotation_v1,A,q_빵_07,식빵 사러,카페·디저트 중 '빵'을 판매·제공하는 매장,train,빵,T4 구어·문장,afedb4b2-d7d8-4f93-a90f-17d2843adfec,오늘의식빵,식빵,월드상가골목형상점가,골목형상점가,인천광역시,,,
028dd8d9aa115ed7dcb3,full_annotation_v1,A,q_빵_07,식빵 사러,카페·디저트 중 '빵'을 판매·제공하는 매장,train,빵,T4 구어·문장,8574abcd-34a9-44c6-997d-746a1fc01e1a,제니뷰티,피부미용,낙낙별길골목형상점가,골목형상점가,서울특별시,,,
66ce408cf592c40135b4,full_annotation_v1,A,q_빵_07,식빵 사러,카페·디저트 중 '빵'을 판매·제공하는 매장,train,빵,T4 구어·문장,3ad3780b-b9c7-4366-b48c-84d5579d45b5,사러가약국,의약품및 건강기능식품,연희사러가,전통시장,서울특별시,,,
376b715a6ccaf4133ee3,full_annotation_v1,A,q_빵_07,식빵 사러,카페·디저트 중 '빵'을 판매·제공하는 매장,train,빵,T4 구어·문장,3835c270-8285-42d8-9095-4695dbacdc3b,데일리팡,제과 빵집(빵),부평깡통시장(구 부산부평시장),전통시장,부산광역시,,,
b4f7afcaee0b0b47783b,full_annotation_v1,A,q_빵_07,식빵 사러,카페·디저트 중 '빵'을 판매·제공하는 매장,train,빵,T4 구어·문장,a2462ba6-a37d-4d6b-ac63-3b3e8c2c14d1,백암수산,,동원전통시장상점가,자율상권구역,서울특별시,,,
0c4988992566a6fe1ff1,full_annotation_v1,A,q_빵_07,식빵 사러,카페·디저트 중 '빵'을 판매·제공하는 매장,train,빵,T4 구어·문장,e6243064-f46f-4b1c-9c45-b9dd8a14a9e4,화이트리에 대전도안점,식빵,목원대 골목형상점가,골목형상점가,대전광역시,,,
8ff82a1bbe7c70e36321,full_annotation_v1,A,q_빵_07,식빵 사러,카페·디저트 중 '빵'을 판매·제공하는 매장,train,빵,T4 구어·문장,2e173a98-3cf1-4fc4-ade1-0ecaa42efd6f,인혜건어물,건어물,천안중앙시장,전통시장,충청남도,,,
9bc7856cf47c335f7423,full_annotation_v1,A,q_빵_07,식빵 사러,카페·디저트 중 '빵'을 판매·제공하는 매장,train,빵,T4 구어·문장,fcc47299-f13c-4d5c-af12-065c1eac4631,우리식빵,,선화로 골목형상점가,골목형상점가,전북특별자치도,,,
49023afa40750a8ac586,full_annotation_v1,A,q_빵_07,식빵 사러,카페·디저트 중 '빵'을 판매·제공하는 매장,train,빵,T4 구어·문장,0ca430fe-50e7-46e2-970d-5aa447ae1c08,풍물쌀빵,식빵,춘천풍물시장,전통시장,강원특별자치도,,,
4bc2f82edaaa1ca2da03,full_annotation_v1,A,q_빵_07,식빵 사러,카페·디저트 중 '빵'을 판매·제공하는 매장,train,빵,T4 구어·문장,70761c1e-62e6-497d-9b0a-339d4e7529bf,브레드앤밀,식빵 제과,용강동상점가,자율상권구역,서울특별시,,,
d25309bac891b5d21442,full_annotation_v1,A,q_빵_08,아침에 빵 사려면,카페·디저트 중 '빵'을 판매·제공하는 매장,train,빵,T4 구어·문장,83dbb5b7-a9f9-40e6-af0d-001f8be23fea,동네수제빵집,빵,청주시 소나무길 일원 자율상권구역,상권활성화구역,충청북도,,,
7538aac2bd184a7f57c9,full_annotation_v1,A,q_빵_08,아침에 빵 사려면,카페·디저트 중 '빵'을 판매·제공하는 매장,train,빵,T4 구어·문장,a4de585d-9a72-4fa1-87ca-62527ff5e289,빵이가득한집,빵,수유재래시장,전통시장,서울특별시,,,
ed459a1a09deb7b88e6f,full_annotation_v1,A,q_빵_08,아침에 빵 사려면,카페·디저트 중 '빵'을 판매·제공하는 매장,train,빵,T4 구어·문장,0778db0b-e4bb-407d-8bb2-834aed41eabd,아침햇살,한식,수암회수산시장,골목형상점가,울산광역시,,,
478fc77704ba74fc6ebd,full_annotation_v1,A,q_빵_08,아침에 빵 사려면,카페·디저트 중 '빵'을 판매·제공하는 매장,train,빵,T4 구어·문장,95ba1596-62c1-410e-8ca3-7373955a2702,브레드칸,빵,공릉동도깨비시장,전통시장,서울특별시,,,
5a585fa6cc5e9926e820,full_annotation_v1,A,q_빵_08,아침에 빵 사려면,카페·디저트 중 '빵'을 판매·제공하는 매장,train,빵,T4 구어·문장,8fba4066-6d43-4d2b-b26d-26d3b426722b,아침마당,과일,광명새마을시장,전통시장,경기도,,,
0a79b7d8140e7512ab20,full_annotation_v1,A,q_빵_08,아침에 빵 사려면,카페·디저트 중 '빵'을 판매·제공하는 매장,train,빵,T4 구어·문장,79575e6f-fd13-44c3-a027-5963f02ad17e,해록,빵,대봉동 대백 골목형상점가,골목형상점가,대구광역시,,,
8e7bb14bb66fa02446a1,full_annotation_v1,A,q_빵_08,아침에 빵 사려면,카페·디저트 중 '빵'을 판매·제공하는 매장,train,빵,T4 구어·문장,57d95e23-2d55-475f-800b-2fddeeb553df,아테온미술학원 북구점,미술교육,운암북문대로 골목형상점가,골목형상점가,광주광역시,,,
338411cb1dab80226022,full_annotation_v1,A,q_빵_08,아침에 빵 사려면,카페·디저트 중 '빵'을 판매·제공하는 매장,train,빵,T4 구어·문장,f4866676-66ab-442a-a652-bf947c4f4653,빵고을,빵,"임계사통팔달시장(임계시장, 송계5일장)",전통시장,강원특별자치도,,,
04ab8d81cd0926533615,full_annotation_v1,A,q_빵_08,아침에 빵 사려면,카페·디저트 중 '빵'을 판매·제공하는 매장,train,빵,T4 구어·문장,6695c45a-72f5-458c-8234-db77d94cbea9,화산제과,빵,화산면 골목형상점가,골목형상점가,전라남도,,,
a2057972b5029a9de79f,full_annotation_v1,A,q_빵_08,아침에 빵 사려면,카페·디저트 중 '빵'을 판매·제공하는 매장,train,빵,T4 구어·문장,3e392162-5664-4456-8619-4415ac589b1e,도넛상회,빵,구갈상점가,자율상권구역,경기도,,,
72b2c5e906ade35ce23f,full_annotation_v1,A,q_빵_08,아침에 빵 사려면,카페·디저트 중 '빵'을 판매·제공하는 매장,train,빵,T4 구어·문장,0017b31e-27bf-4395-a7b2-ad9bc8554d97,컴포즈커피 충주호암한신더휴점,"커피, 음료",호암사천개로골목형상점가,골목형상점가,충청북도,,,
a8b411ba4b6467ac5122,full_annotation_v1,A,q_빵_08,아침에 빵 사려면,카페·디저트 중 '빵'을 판매·제공하는 매장,train,빵,T4 구어·문장,0ae35aa4-c17b-4d08-a7d0-19f9bd5c881f,밀호,빵,첨단청사초롱길 골목형상점가,골목형상점가,광주광역시,,,
34f64efe8d179b64b095,full_annotation_v1,A,q_빵_08,아침에 빵 사려면,카페·디저트 중 '빵'을 판매·제공하는 매장,train,빵,T4 구어·문장,308a47b4-7c58-42ab-abaf-3030d242e68e,아침반찬,반찬,마산어시장,전통시장,경상남도,,,
bc12eb38305cd9f388bc,full_annotation_v1,A,q_빵_08,아침에 빵 사려면,카페·디저트 중 '빵'을 판매·제공하는 매장,train,빵,T4 구어·문장,4253bd28-b4e2-42b7-9cd6-9c32d2541055,육일제과,빵집,중리시장,전통시장,대전광역시,,,
b3aa1bb0594724d5215f,full_annotation_v1,A,q_빵_08,아침에 빵 사려면,카페·디저트 중 '빵'을 판매·제공하는 매장,train,빵,T4 구어·문장,003e7ebf-1112-4ab4-a484-67716e4b2a85,이든,카페,원주중앙시장활성화구역,상권활성화구역,강원특별자치도,,,
42565b36f568e7169d7c,full_annotation_v1,A,q_빵_08,아침에 빵 사려면,카페·디저트 중 '빵'을 판매·제공하는 매장,train,빵,T4 구어·문장,940d327e-45e5-4d5a-ade7-d22f18911b8b,봉희당,빵 커피,양양로 골목형상점가,골목형상점가,강원특별자치도,,,
c6a4a2ba963131aff70e,full_annotation_v1,A,q_빵_08,아침에 빵 사려면,카페·디저트 중 '빵'을 판매·제공하는 매장,train,빵,T4 구어·문장,72144e83-5280-4b58-b6c8-a81d7132e8bd,천원베이커리,빵,화정로상인회 골목형상점가,골목형상점가,광주광역시,,,
cd70cc8e25a0799bfaf4,full_annotation_v1,A,q_빵_08,아침에 빵 사려면,카페·디저트 중 '빵'을 판매·제공하는 매장,train,빵,T4 구어·문장,00b6de61-2c2e-4164-aee6-c011f81aec20,파리바게뜨 세종반곡,"베이커리, 케이크, 음료, 커피",반곡동행복 골목형상점가,골목형상점가,세종특별자치시,,,
4692f8b8ccdfef59f435,full_annotation_v1,A,q_빵_08,아침에 빵 사려면,카페·디저트 중 '빵'을 판매·제공하는 매장,train,빵,T4 구어·문장,1a07ae01-0576-41d4-af8b-cbd44d6193f3,요켈,커피,푸른마을공동체센터 골목형상점가,골목형상점가,광주광역시,,,
8ce7e0573273b523d6bb,full_annotation_v1,A,q_빵_08,아침에 빵 사려면,카페·디저트 중 '빵'을 판매·제공하는 매장,train,빵,T4 구어·문장,2bca6c63-27ce-48ef-982a-173800c6c834,수암꽈배기,빵집,수암상가시장,전통시장,울산광역시,,,
002c01cbeaffb2745abd,full_annotation_v1,A,q_빵_08,아침에 빵 사려면,카페·디저트 중 '빵'을 판매·제공하는 매장,train,빵,T4 구어·문장,c8beffa5-6216-45d2-bf79-39af150c55a5,빵앗간,빵,관저동 먹거리 골목형상점가,골목형상점가,대전광역시,,,
b8d935f6b706621bd12e,full_annotation_v1,A,q_빵_08,아침에 빵 사려면,카페·디저트 중 '빵'을 판매·제공하는 매장,train,빵,T4 구어·문장,66060a7e-ea4d-44e6-81db-e4d227b85e14,뚜레쥬르,빵,전곡중앙상가 골목형상점가,골목형상점가,경기도,,,
07b9ccfdaecf7c30c65d,full_annotation_v1,A,q_빵_08,아침에 빵 사려면,카페·디저트 중 '빵'을 판매·제공하는 매장,train,빵,T4 구어·문장,c7580056-c774-4fd7-8ab5-af075c563046,아침식빵,제과,송내영화의거리 골목형상점가,골목형상점가,경기도,,,
1609a9908752c1382761,full_annotation_v1,A,q_빵_08,아침에 빵 사려면,카페·디저트 중 '빵'을 판매·제공하는 매장,train,빵,T4 구어·문장,ac3c7e2d-660a-4d9f-9b7c-b28a2d499852,고려당,빵,마산 창동통합상가,자율상권구역,경상남도,,,
e840078558854dd64908,full_annotation_v1,A,q_빵_08,아침에 빵 사려면,카페·디저트 중 '빵'을 판매·제공하는 매장,train,빵,T4 구어·문장,000d1253-5431-4636-8c94-ddf12e805cb7,파리바게뜨언양점,빵,언양읍성 남문 골목형상점가,골목형상점가,울산광역시,,,
37948d3890d4beffb080,full_annotation_v1,A,q_빵_08,아침에 빵 사려면,카페·디저트 중 '빵'을 판매·제공하는 매장,train,빵,T4 구어·문장,097fc611-9788-401e-9ac1-bb20760ca643,브렛의오븐,베이커리음료,마산 월영대시장,전통시장,경상남도,,,
f75bc41452b7a1bbe985,full_annotation_v1,A,q_빵_08,아침에 빵 사려면,카페·디저트 중 '빵'을 판매·제공하는 매장,train,빵,T4 구어·문장,c18155a5-d1c1-4086-955b-5afd633a6cee,뚜레쥬르,빵,유안초등북길 골목형상점가,골목형상점가,광주광역시,,,
e16731bab329e00110d3,full_annotation_v1,A,q_빵_08,아침에 빵 사려면,카페·디저트 중 '빵'을 판매·제공하는 매장,train,빵,T4 구어·문장,15a1abb6-5a77-4016-83f5-9cc2229b2abf,영광유통,빵,홍성전통시장(구 홍성정기시장),전통시장,충청남도,,,
05455f91fabf9f9c7943,full_annotation_v1,A,q_빵_08,아침에 빵 사려면,카페·디저트 중 '빵'을 판매·제공하는 매장,train,빵,T4 구어·문장,229d4900-3644-4ed4-85eb-fb133c7c1573,파리바게트,제빵,매탄골목상인회 골목형상점가,골목형상점가,경기도,,,
5ce97f244c0b5282f7a4,full_annotation_v1,A,q_빵_08,아침에 빵 사려면,카페·디저트 중 '빵'을 판매·제공하는 매장,train,빵,T4 구어·문장,23895b9f-4b17-4f81-9aac-e334cdf18453,식빵굽는남자,빵,동문동 골목형상점가,골목형상점가,충청남도,,,
495e8ac5719c3010eae0,full_annotation_v1,A,q_빵_08,아침에 빵 사려면,카페·디저트 중 '빵'을 판매·제공하는 매장,train,빵,T4 구어·문장,40476c80-a37a-433f-8c32-4566f8f4a14c,345빵집,빵,구갈상점가,자율상권구역,경기도,,,
868280aaaae8bb64eba4,full_annotation_v1,A,q_빵_08,아침에 빵 사려면,카페·디저트 중 '빵'을 판매·제공하는 매장,train,빵,T4 구어·문장,627a1e3c-d68c-417c-81ec-10a0bfe9496d,카페 아침,음료,서영대 정문 골목형상점가,골목형상점가,광주광역시,,,
f5e549aa060e1c69820d,full_annotation_v1,A,q_빵_08,아침에 빵 사려면,카페·디저트 중 '빵'을 판매·제공하는 매장,train,빵,T4 구어·문장,be8815d6-fe9f-4be8-bff6-0e38a97535fd,목면가게(공방 아취헌),,규암 자온 골목형상점가,골목형상점가,충청남도,,,
74219f278deb7a5fdaf7,full_annotation_v1,A,q_빵_08,아침에 빵 사려면,카페·디저트 중 '빵'을 판매·제공하는 매장,train,빵,T4 구어·문장,0a413ebb-2596-4b3f-b5aa-194b242ce558,백호빵집,빵집,까치산시장,전통시장,서울특별시,,,
e5aa58a4cb2cd337e8b0,full_annotation_v1,A,q_빵_08,아침에 빵 사려면,카페·디저트 중 '빵'을 판매·제공하는 매장,train,빵,T4 구어·문장,7a7b6e4c-7fbf-4986-be20-aa6b563c2a0b,빵고집,빵,홀릭스,골목형상점가,광주광역시,,,
09d0b8871058067773ef,full_annotation_v1,A,q_빵_08,아침에 빵 사려면,카페·디저트 중 '빵'을 판매·제공하는 매장,train,빵,T4 구어·문장,0063671e-77f7-466c-bbc2-223497c0dae4,무가당,카페,세병호 골목형상점가,골목형상점가,전북특별자치도,,,
960f6ee0204ce6dee676,full_annotation_v1,A,q_빵_08,아침에 빵 사려면,카페·디저트 중 '빵'을 판매·제공하는 매장,train,빵,T4 구어·문장,8844a74d-7f7e-4066-9804-2c8ae1372892,빵굽는쉐프,빵,용남시장,전통시장,인천광역시,,,
5af2003d693d0c26dbc8,full_annotation_v1,A,q_빵_08,아침에 빵 사려면,카페·디저트 중 '빵'을 판매·제공하는 매장,train,빵,T4 구어·문장,0075dacf-3e3f-47b8-a4af-d3a2ff866348,북툰커피앤카페,찐빵 만두 커피,신창진흥 골목형상점가,골목형상점가,광주광역시,,,
77fabf39abee9e59d44a,full_annotation_v1,A,q_빵_08,아침에 빵 사려면,카페·디저트 중 '빵'을 판매·제공하는 매장,train,빵,T4 구어·문장,59fd369a-3864-45e8-8d5c-f92412580d78,육숙성,한식,녹두S밸리골목형상점가,골목형상점가,서울특별시,,,
6235d7a5d70b64b4de8e,full_annotation_v1,A,q_빵_08,아침에 빵 사려면,카페·디저트 중 '빵'을 판매·제공하는 매장,train,빵,T4 구어·문장,00d3ef33-13db-4750-93a0-4b31010fcb70,온유베이크,카페,스타타워1 골목형상점가,골목형상점가,인천광역시,,,
819d04479c77328ab992,full_annotation_v1,A,q_빵_08,아침에 빵 사려면,카페·디저트 중 '빵'을 판매·제공하는 매장,train,빵,T4 구어·문장,3e0ca6ca-6329-4c7d-bf58-b261841657c1,역전우동 선학역점,우동,선학동음식특화거리골목형상점가,골목형상점가,인천광역시,,,
9fdb9a497469cdeedad2,full_annotation_v1,A,q_빵_08,아침에 빵 사려면,카페·디저트 중 '빵'을 판매·제공하는 매장,train,빵,T4 구어·문장,e5fe0ba3-ae61-438b-93df-74715599062a,빵이가득한집,빵,동원전통시장상점가,자율상권구역,서울특별시,,,
278b5c743c01a5aff732,full_annotation_v1,A,q_빵_08,아침에 빵 사려면,카페·디저트 중 '빵'을 판매·제공하는 매장,train,빵,T4 구어·문장,9bef2f16-b5eb-46d7-8b34-1197aeb508c3,빵뜨레,빵,신탄진시장,전통시장,대전광역시,,,
6f58257d7ea1ef4f48e0,full_annotation_v1,A,q_빵_08,아침에 빵 사려면,카페·디저트 중 '빵'을 판매·제공하는 매장,train,빵,T4 구어·문장,a10a54ef-3927-459f-be9d-2c8ee247f19b,파리바게뜨,빵,용대로119번길 골목형상점가,골목형상점가,광주광역시,,,
9fb64f9738ebcd307f20,full_annotation_v1,A,q_빵_08,아침에 빵 사려면,카페·디저트 중 '빵'을 판매·제공하는 매장,train,빵,T4 구어·문장,2e4e6152-f3b1-42f4-bd38-839d8ea126a3,가춘베이커리,빵,강남시장,전통시장,서울특별시,,,
e9ce7e473a32e0e01f0c,full_annotation_v1,A,q_빵_08,아침에 빵 사려면,카페·디저트 중 '빵'을 판매·제공하는 매장,train,빵,T4 구어·문장,c3620a8b-8bc6-4151-b2f0-56b734811e7c,정가네,빵,남목전통시장,전통시장,울산광역시,,,
93c9d09879f780335c64,full_annotation_v1,A,q_빵_08,아침에 빵 사려면,카페·디저트 중 '빵'을 판매·제공하는 매장,train,빵,T4 구어·문장,6f6f808d-060c-4238-924b-86c684653dfc,콰상,빵,자양번영로골목형상점가,골목형상점가,서울특별시,,,
39d877056bb912099880,full_annotation_v1,A,q_빵_08,아침에 빵 사려면,카페·디저트 중 '빵'을 판매·제공하는 매장,train,빵,T4 구어·문장,97cbb6c0-1804-40d3-8abd-17dd89577394,에덴베이커리,빵,장미원골목시장,전통시장,서울특별시,,,
3c11877c5155e6f12b27,full_annotation_v1,A,q_빵_08,아침에 빵 사려면,카페·디저트 중 '빵'을 판매·제공하는 매장,train,빵,T4 구어·문장,11e2dd2e-ab0e-4132-ba5d-ee4d652775f4,극동제과점,제빵,백년소상공인,기타,대전광역시,,,
36b0db38e7ea39d04281,full_annotation_v1,A,q_빵_08,아침에 빵 사려면,카페·디저트 중 '빵'을 판매·제공하는 매장,train,빵,T4 구어·문장,4bea497f-6e91-4e94-957d-4e9a2d26a308,아침에떡,떡,소사벌 에듀타운 상인회 골목형상점가,골목형상점가,경기도,,,
ace8cb37e8f52ed42fd7,full_annotation_v1,A,q_빵_08,아침에 빵 사려면,카페·디저트 중 '빵'을 판매·제공하는 매장,train,빵,T4 구어·문장,43c4b6cd-d530-452f-a458-55d71223cb48,행복한갓빵,빵,중앙신시장,전통시장,경상북도,,,
05aa27f61799455714e1,full_annotation_v1,A,q_빵_08,아침에 빵 사려면,카페·디저트 중 '빵'을 판매·제공하는 매장,train,빵,T4 구어·문장,40d38697-aa52-494f-9928-2ec3c6eac824,에덴채소,소매(야채),남부골목시장,전통시장,서울특별시,,,
6e689082817be4e85579,full_annotation_v1,A,q_빵_08,아침에 빵 사려면,카페·디저트 중 '빵'을 판매·제공하는 매장,train,빵,T4 구어·문장,801f7111-0693-4b0e-baf4-ebdbb0f6f637,펜지앤펜지,빵,평촌1번가 상점가,자율상권구역,경기도,,,
b7eb9c9cfc0a289cfb3d,full_annotation_v1,A,q_빵_08,아침에 빵 사려면,카페·디저트 중 '빵'을 판매·제공하는 매장,train,빵,T4 구어·문장,008d07a3-ba18-4806-9ec7-48c0adb25276,아빠네 빵집,제과제빵,신창수문 골목형상점가,골목형상점가,광주광역시,,,
e65ebb14e3bc71e34a5b,full_annotation_v1,A,q_빵_08,아침에 빵 사려면,카페·디저트 중 '빵'을 판매·제공하는 매장,train,빵,T4 구어·문장,985b16ef-cdd1-440f-844a-ac5318a0e210,봄햇쌀빵,빵,초지항아리 골목형상점가,골목형상점가,경기도,,,
4e0359e8c0d6597bb485,full_annotation_v1,A,q_빵_08,아침에 빵 사려면,카페·디저트 중 '빵'을 판매·제공하는 매장,train,빵,T4 구어·문장,006a3289-9c32-4593-a919-9259a7215a7d,우리베이커리,빵류,동해중앙시장상권활성화구역,상권활성화구역,강원특별자치도,,,
767a02907abd34a3e0fe,full_annotation_v1,A,q_빵_08,아침에 빵 사려면,카페·디저트 중 '빵'을 판매·제공하는 매장,train,빵,T4 구어·문장,eaa7862b-ab22-4ae5-9b70-1b17046061f7,백원빵,빵,포항죽도농산물시장,전통시장,경상북도,,,
56fe4c8926ae60f55678,full_annotation_v1,A,q_빵_08,아침에 빵 사려면,카페·디저트 중 '빵'을 판매·제공하는 매장,train,빵,T4 구어·문장,00362b85-cb9a-4318-9059-12f768d76197,파리바게뜨전주인후점,제과점,소나무 골목형상점가,골목형상점가,전북특별자치도,,,
69c070dc564fb4fb2264,full_annotation_v1,A,q_빵_08,아침에 빵 사려면,카페·디저트 중 '빵'을 판매·제공하는 매장,train,빵,T4 구어·문장,85411f89-92a8-46df-8b06-d0d1f4f385a3,포트루,빵,남항시장,전통시장,부산광역시,,,
22c142670a6a58f89160,full_annotation_v1,A,q_빵_08,아침에 빵 사려면,카페·디저트 중 '빵'을 판매·제공하는 매장,train,빵,T4 구어·문장,aa2a24cd-4543-4651-bc1b-26610d8eb44c,행복한빵집,빵,봉덕신시장,전통시장,대구광역시,,,
87b34f04038e459ed098,full_annotation_v1,A,q_빵_08,아침에 빵 사려면,카페·디저트 중 '빵'을 판매·제공하는 매장,train,빵,T4 구어·문장,0beeb84b-0b69-4b6d-8d44-07fe02ba8034,아모르,빵,동원전통종합시장,전통시장,서울특별시,,,
041bb8adac0fa373e36b,full_annotation_v1,A,q_빵_08,아침에 빵 사려면,카페·디저트 중 '빵'을 판매·제공하는 매장,train,빵,T4 구어·문장,0690c92b-8955-4941-a1f8-69aa3e8d1a12,봄봄베이커리,빵,대전정원시장,전통시장,대전광역시,,,
75316f51bdb4f3aadfbf,full_annotation_v1,A,q_빵_08,아침에 빵 사려면,카페·디저트 중 '빵'을 판매·제공하는 매장,train,빵,T4 구어·문장,5dbf1cf9-0e2e-4c58-9bda-fc2e3341ec40,빵긋,빵,노대물빛근린공원 골목형상점가,골목형상점가,광주광역시,,,
fee0c0113f0dd831cd23,full_annotation_v1,A,q_빵_08,아침에 빵 사려면,카페·디저트 중 '빵'을 판매·제공하는 매장,train,빵,T4 구어·문장,6afb0c48-dea4-4105-9291-b3bec77e2b01,빵굼터,빵,우산어등마을 골목형상점가,골목형상점가,광주광역시,,,
73308ac3fd93c36e7fbd,full_annotation_v1,A,q_빵_08,아침에 빵 사려면,카페·디저트 중 '빵'을 판매·제공하는 매장,train,빵,T4 구어·문장,3481903a-9213-43d6-ab6c-94463201b742,마켓베이커리,빵,금촌문화로시장,전통시장,경기도,,,
33956809e05cb1a6a818,full_annotation_v1,A,q_빵_08,아침에 빵 사려면,카페·디저트 중 '빵'을 판매·제공하는 매장,train,빵,T4 구어·문장,c9a0078b-91b3-495a-9b86-4be7248f6dfe,뉴욕베이커리,빵,신도봉시장,전통시장,서울특별시,,,
eb9ecd788b59b7e9b403,full_annotation_v1,A,q_빵_08,아침에 빵 사려면,카페·디저트 중 '빵'을 판매·제공하는 매장,train,빵,T4 구어·문장,8a0a05a8-7e2a-4f3e-a79e-072a5304a354,캉스빵드레이야기,빵,부천상동시장,전통시장,경기도,,,
a7796f3bbd8e09fbe260,full_annotation_v1,A,q_빵_08,아침에 빵 사려면,카페·디저트 중 '빵'을 판매·제공하는 매장,train,빵,T4 구어·문장,083ecffe-5e65-4c93-add9-107d3501f214,달빛찻집,베이커리,정림동 골목형상점가,골목형상점가,대전광역시,,,
b7f46b90df712e141fe0,full_annotation_v1,A,q_빵_08,아침에 빵 사려면,카페·디저트 중 '빵'을 판매·제공하는 매장,train,빵,T4 구어·문장,287fbb51-f236-486b-8096-32b6e4e4b59c,끌로뒤빵,빵,신매시장,전통시장,대구광역시,,,
b1d84658b3f8e8996a21,full_annotation_v1,A,q_빵_08,아침에 빵 사려면,카페·디저트 중 '빵'을 판매·제공하는 매장,train,빵,T4 구어·문장,f88f39b4-2fb6-4e8e-95ae-4df6b5ea1006,수제빵,빵,후평일단지시장,전통시장,강원특별자치도,,,
abe8d7882c6682e73aad,full_annotation_v1,A,q_빵_08,아침에 빵 사려면,카페·디저트 중 '빵'을 판매·제공하는 매장,train,빵,T4 구어·문장,011e2df5-6d25-4553-bfc6-cdf779856853,올데이(All day),카페,남구 용대로 골목형상점가,골목형상점가,광주광역시,,,
c9214bc7eb3ebd1c931c,full_annotation_v1,A,q_빵_08,아침에 빵 사려면,카페·디저트 중 '빵'을 판매·제공하는 매장,train,빵,T4 구어·문장,0530c749-d980-4f55-80be-82d140559746,다산서적,서적,녹두S밸리골목형상점가,골목형상점가,서울특별시,,,
d9e3e0c252f1008ad262,full_annotation_v1,A,q_빵_08,아침에 빵 사려면,카페·디저트 중 '빵'을 판매·제공하는 매장,train,빵,T4 구어·문장,04570e59-7b5d-46f8-ac92-9f77570f6222,꿈빵,빵,용인중앙시장,전통시장,경기도,,,
c6ba45da3ce853066293,full_annotation_v1,A,q_빵_08,아침에 빵 사려면,카페·디저트 중 '빵'을 판매·제공하는 매장,train,빵,T4 구어·문장,8a76ec48-a498-4a54-8c8f-33a5b7444518,아침햇살플라워,꽃,아름드리 골목형상점가,골목형상점가,세종특별자치시,,,
c63c46864c3a657bc9d2,full_annotation_v1,A,q_빵_08,아침에 빵 사려면,카페·디저트 중 '빵'을 판매·제공하는 매장,train,빵,T4 구어·문장,97a237ab-5c6e-426e-852c-2164e240e2cd,완부,빵,수지성복플러스 골목형상점가,골목형상점가,경기도,,,
c6e8f1444d41e6da66ae,full_annotation_v1,A,q_빵_08,아침에 빵 사려면,카페·디저트 중 '빵'을 판매·제공하는 매장,train,빵,T4 구어·문장,4743849c-4370-42e5-b1cb-c49c84c7e8bd,낙원떡집,빵,순천역전시장상가,자율상권구역,전라남도,,,
4c7a9a5276fc97724cad,full_annotation_v1,A,q_빵_08,아침에 빵 사려면,카페·디저트 중 '빵'을 판매·제공하는 매장,train,빵,T4 구어·문장,dc1eb686-8b30-42b8-90be-54e5d5752a20,뚜레쥬르,빵,화성남양시장,전통시장,경기도,,,
fd688735f47d0b89773d,full_annotation_v1,A,q_빵_08,아침에 빵 사려면,카페·디저트 중 '빵'을 판매·제공하는 매장,train,빵,T4 구어·문장,0426fae9-9be0-4571-8071-beaa385defda,파리바게트 조암점,베이커리,조암시장,전통시장,경기도,,,
aefe0ab654d0423f8249,full_annotation_v1,A,q_빵_08,아침에 빵 사려면,카페·디저트 중 '빵'을 판매·제공하는 매장,train,빵,T4 구어·문장,574e4af4-1abb-48f5-be6b-fcda478ef9bc,빵 하나의 즐거움,빵,사당4골목형상점가,골목형상점가,서울특별시,,,
b4136ff6959df2c359ba,full_annotation_v1,A,q_빵_08,아침에 빵 사려면,카페·디저트 중 '빵'을 판매·제공하는 매장,train,빵,T4 구어·문장,09baec57-e4ce-4c5b-bb4e-c39562aae219,빵 슈퍼마켓,빵,석바위시장,전통시장,인천광역시,,,
edcdf4dd9072d03b35b9,full_annotation_v1,A,q_빵_08,아침에 빵 사려면,카페·디저트 중 '빵'을 판매·제공하는 매장,train,빵,T4 구어·문장,0061123f-a676-4556-9633-5fbc4ecaf6ef,치즈케익카스테라카페,제과,북가좌동 골목형상점가,골목형상점가,서울특별시,,,
713973198ac0660c44ea,full_annotation_v1,A,q_빵_08,아침에 빵 사려면,카페·디저트 중 '빵'을 판매·제공하는 매장,train,빵,T4 구어·문장,044dc36b-4675-432a-8391-b283e71e59c1,아빠빵집,빵,창원 신대방 골목형상점가,골목형상점가,경상남도,,,
76ff1a24870c40885172,full_annotation_v1,A,q_빵_08,아침에 빵 사려면,카페·디저트 중 '빵'을 판매·제공하는 매장,train,빵,T4 구어·문장,602ddd72-2481-4ffb-b90d-17213a723d08,아침에떡,떡,작전시장,전통시장,인천광역시,,,
65eccec9791d34ee1c66,full_annotation_v1,A,q_빵_08,아침에 빵 사려면,카페·디저트 중 '빵'을 판매·제공하는 매장,train,빵,T4 구어·문장,721f53fb-840e-4cf5-86ad-a753ef80913a,스마일찹쌀꽈배기,빵,운남골목 골목형상점가,골목형상점가,광주광역시,,,
3dd72696cea1ac592363,full_annotation_v1,A,q_빵_08,아침에 빵 사려면,카페·디저트 중 '빵'을 판매·제공하는 매장,train,빵,T4 구어·문장,ac301828-9bd1-4982-b8c7-15879fe9405c,건빵,빵,녹차골보성향토시장(구 보성5일시장),전통시장,전라남도,,,
fc34f51061a567f2e75b,full_annotation_v1,A,q_빵_08,아침에 빵 사려면,카페·디저트 중 '빵'을 판매·제공하는 매장,train,빵,T4 구어·문장,793f221b-d1a5-4635-b3b1-ff4c205cc778,친밀베이커리,빵,동성타워프라자,전통시장,서울특별시,,,
6017e598773ac6eca8fb,full_annotation_v1,A,q_빵_08,아침에 빵 사려면,카페·디저트 중 '빵'을 판매·제공하는 매장,train,빵,T4 구어·문장,7086e937-d456-4d56-9b57-29e04bc83287,대성제과,빵,남목전통시장,전통시장,울산광역시,,,
0428deeb08e6a895f40a,full_annotation_v1,A,q_빵_08,아침에 빵 사려면,카페·디저트 중 '빵'을 판매·제공하는 매장,train,빵,T4 구어·문장,9b1b9062-3bdd-4f28-a51b-fc4835a36ca4,커피에반하다 병점점,커피전문점,병점중심상가,자율상권구역,경기도,,,
cb19fce6f25a4df37438,full_annotation_v1,A,q_빵_08,아침에 빵 사려면,카페·디저트 중 '빵'을 판매·제공하는 매장,train,빵,T4 구어·문장,aa936541-d9bc-4616-9c06-83df36ba719c,빵이가득한집,빵,석바위시장,전통시장,인천광역시,,,
954d3c19cd387d9b30d7,full_annotation_v1,A,q_빵_08,아침에 빵 사려면,카페·디저트 중 '빵'을 판매·제공하는 매장,train,빵,T4 구어·문장,08e1d991-57e1-440f-a5ab-e62825fedeb7,커피인더스트리,음료 및 베이커리,당정동한세로 골목형상점가,골목형상점가,경기도,,,
f0043ed7b44102b7c5ca,full_annotation_v1,A,q_빵_08,아침에 빵 사려면,카페·디저트 중 '빵'을 판매·제공하는 매장,train,빵,T4 구어·문장,521e20e2-992c-4ca0-8495-1b33ee4ff271,바로구운빵,빵,관고전통시장,전통시장,경기도,,,
adda7b5b62ca0a3077ac,full_annotation_v1,A,q_빵_08,아침에 빵 사려면,카페·디저트 중 '빵'을 판매·제공하는 매장,train,빵,T4 구어·문장,16d7c2d6-9f81-4ef7-9f21-c6752e8427e0,비올렛베이커리,제빵,응암골골목형상점가,골목형상점가,서울특별시,,,
2f22632723155b80af1f,full_annotation_v1,A,q_빵_08,아침에 빵 사려면,카페·디저트 중 '빵'을 판매·제공하는 매장,train,빵,T4 구어·문장,efbbbd7c-b114-4d9d-b9e2-f599897357f6,삼시세끼,반찬,중동사랑시장,전통시장,경기도,,,
fefa61e6a9f8784c9b8b,full_annotation_v1,A,q_빵_08,아침에 빵 사려면,카페·디저트 중 '빵'을 판매·제공하는 매장,train,빵,T4 구어·문장,6599f830-7e49-4601-9d2e-05d5551dbcc7,시온베이커리,빵,선우시장,전통시장,울산광역시,,,
0300ea63460a0b1d9417,full_annotation_v1,A,q_빵_08,아침에 빵 사려면,카페·디저트 중 '빵'을 판매·제공하는 매장,train,빵,T4 구어·문장,223ac46e-51cf-4eab-ae60-378b76414b47,찰찰보리식빵,빵,인천모래내전통시장,전통시장,인천광역시,,,
62c35416c16b4263751a,full_annotation_v1,A,q_빵_08,아침에 빵 사려면,카페·디저트 중 '빵'을 판매·제공하는 매장,train,빵,T4 구어·문장,34130968-a3fc-4194-9cfd-8fd270546ebc,강릉오빠,빵,강릉성남시장,전통시장,강원특별자치도,,,
a758f59f775ee896d46f,full_annotation_v1,A,q_빵_08,아침에 빵 사려면,카페·디저트 중 '빵'을 판매·제공하는 매장,train,빵,T4 구어·문장,78be89bd-6747-485a-84b9-c6da9b6ebbfc,밀파크,빵,남구보건소사거리 골목형상점가,골목형상점가,울산광역시,,,
48cc92da73d0ff9f03ac,full_annotation_v1,A,q_빵_08,아침에 빵 사려면,카페·디저트 중 '빵'을 판매·제공하는 매장,train,빵,T4 구어·문장,bdca09f5-28d5-4022-a00e-baef9dfc2114,빵이가득한집,빵,영동교골목시장(영동교시장),전통시장,서울특별시,,,
0b5e38a864b3ab9097d2,full_annotation_v1,A,q_빵_08,아침에 빵 사려면,카페·디저트 중 '빵'을 판매·제공하는 매장,train,빵,T4 구어·문장,bce23887-ea78-43fc-b213-4b86bdaf61a7,빵플러스,빵,가좌시장,전통시장,인천광역시,,,
7722659a459a220a0f55,full_annotation_v1,A,q_빵_08,아침에 빵 사려면,카페·디저트 중 '빵'을 판매·제공하는 매장,train,빵,T4 구어·문장,a9e59599-426b-418f-bfcd-ec33e0d9a1ea,아침호떡,호떡,옥곡5일시장,전통시장,전라남도,,,
a30e0945c0f312aa9641,full_annotation_v1,A,q_빵_08,아침에 빵 사려면,카페·디저트 중 '빵'을 판매·제공하는 매장,train,빵,T4 구어·문장,f76d5db1-1727-4b59-b9b9-eac446ab45bd,스위트웍스,빵,동명동 카페거리 골목형상점가,골목형상점가,광주광역시,,,
2eebcd977e616144f8f9,full_annotation_v1,A,q_빵_08,아침에 빵 사려면,카페·디저트 중 '빵'을 판매·제공하는 매장,train,빵,T4 구어·문장,ed8738d0-83da-4fca-8ee6-a580dbb06b3d,빵굽는쉐프,빵,북구복개도로 골목형상점가,골목형상점가,광주광역시,,,
92e161bcc380ae36f9da,full_annotation_v1,A,q_빵_08,아침에 빵 사려면,카페·디저트 중 '빵'을 판매·제공하는 매장,train,빵,T4 구어·문장,002d0d06-15b2-463e-b789-b0232bcc6681,뚜레주르버들마을점,제과,버들마을상인회 골목형상점가,골목형상점가,광주광역시,,,
eb2032deaffac54331ce,full_annotation_v1,A,q_빵_08,아침에 빵 사려면,카페·디저트 중 '빵'을 판매·제공하는 매장,train,빵,T4 구어·문장,b7790577-f289-4501-a816-794c4331249b,팡쥬르,빵,운암 행복 나눔 골목형상점가,골목형상점가,광주광역시,,,
f21e1810ae3c94f89eb0,full_annotation_v1,A,q_빵_08,아침에 빵 사려면,카페·디저트 중 '빵'을 판매·제공하는 매장,train,빵,T4 구어·문장,5adde790-a071-45c6-b923-cdc686e3892c,빵이야,빵,의정부제일시장,전통시장,경기도,,,
49bf6ef88e6e86ab8d2a,full_annotation_v1,A,q_빵_08,아침에 빵 사려면,카페·디저트 중 '빵'을 판매·제공하는 매장,train,빵,T4 구어·문장,63e70c4d-c60a-4a40-b357-2eab22804fed,파리바게트화성남양점,빵,화성남양시장,전통시장,경기도,,,
47a3867d1d183b98c921,full_annotation_v1,A,q_빵_08,아침에 빵 사려면,카페·디저트 중 '빵'을 판매·제공하는 매장,train,빵,T4 구어·문장,662e7179-6b22-4908-bea9-5f70f07d0e5a,오렌즈,콘택트렌즈,운암북문대로 골목형상점가,골목형상점가,광주광역시,,,
b69a405d6cfc4f93645b,full_annotation_v1,A,q_빵_08,아침에 빵 사려면,카페·디저트 중 '빵'을 판매·제공하는 매장,train,빵,T4 구어·문장,46598a11-dcca-4d02-8f21-b300dd6b2940,착한빵집,빵,한민시장,전통시장,대전광역시,,,
3427b3998cf78e51cd8b,full_annotation_v1,A,q_빵_08,아침에 빵 사려면,카페·디저트 중 '빵'을 판매·제공하는 매장,train,빵,T4 구어·문장,001bc028-a43e-44d4-9682-db280a4998cc,파리바게뜨전주근영점,제과점,근영누리 골목형상점가,골목형상점가,전북특별자치도,,,
88f99bbc50c2788edc96,full_annotation_v1,A,q_빵_08,아침에 빵 사려면,카페·디저트 중 '빵'을 판매·제공하는 매장,train,빵,T4 구어·문장,f89cc30d-7556-468f-9994-cc23c45d3251,천원베이커리,빵,세은 골목형상점가,골목형상점가,광주광역시,,,
a3cfe0490fca4db46b32,full_annotation_v1,A,q_빵_08,아침에 빵 사려면,카페·디저트 중 '빵'을 판매·제공하는 매장,train,빵,T4 구어·문장,43ad1cfb-9ea3-4f9e-b286-bbdb7afc9d2a,영양빵,빵,양동시장,전통시장,광주광역시,,,
f5b8aee3baf974d7cd45,full_annotation_v1,A,q_빵_08,아침에 빵 사려면,카페·디저트 중 '빵'을 판매·제공하는 매장,train,빵,T4 구어·문장,a6584e7f-2dca-4e80-9da8-1622a928da84,드숑,빵,동홍8번가 골목형상점가,골목형상점가,제주특별자치도,,,
aec865339a420d14e649,full_annotation_v1,A,q_빵_08,아침에 빵 사려면,카페·디저트 중 '빵'을 판매·제공하는 매장,train,빵,T4 구어·문장,75bb522e-2acb-4da7-8be9-ae179c67d711,앙베르베이커리,빵,당진원시가지상가,자율상권구역,충청남도,,,
8dc4a531f2099c1953e1,full_annotation_v1,A,q_빵_08,아침에 빵 사려면,카페·디저트 중 '빵'을 판매·제공하는 매장,train,빵,T4 구어·문장,2470913c-f81f-442f-8710-caa949b86f4e,브레드80,"제과, 제빵, 음료",럭스스퀘어 골목형상점가,골목형상점가,세종특별자치시,,,
dcae4617f153ae7bd49b,full_annotation_v1,A,q_빵_08,아침에 빵 사려면,카페·디저트 중 '빵'을 판매·제공하는 매장,train,빵,T4 구어·문장,dc63ae04-d6d5-485e-bd0b-5f5c6d2a712d,빵이랑케익이랑,빵,양산 남부시장,전통시장,경상남도,,,
03f2df636d5596d0cb6c,full_annotation_v1,A,q_빵_08,아침에 빵 사려면,카페·디저트 중 '빵'을 판매·제공하는 매장,train,빵,T4 구어·문장,ec6d293c-3928-4b9f-963d-dee79a59be12,식빵굽는남자,빵,"온양온천시장(온양재래시장, 전통시장)",전통시장,충청남도,,,
64a4d6366024b5a9b47f,full_annotation_v1,A,q_빵_08,아침에 빵 사려면,카페·디저트 중 '빵'을 판매·제공하는 매장,train,빵,T4 구어·문장,fd473b5d-3add-4843-ad4f-4bf0068e9f90,더건강한쌀빵,빵,경산공설시장,전통시장,경상북도,,,
e60e2af5819f014323ad,full_annotation_v1,A,q_빵_08,아침에 빵 사려면,카페·디저트 중 '빵'을 판매·제공하는 매장,train,빵,T4 구어·문장,00ef0be0-bb62-463e-80ad-862e34111872,파리바게뜨 계룡쇼핑타운,제과제빵,신도안면 골목형상점가,골목형상점가,충청남도,,,
700fa415301fce36ce11,full_annotation_v1,A,q_빵_08,아침에 빵 사려면,카페·디저트 중 '빵'을 판매·제공하는 매장,train,빵,T4 구어·문장,3835c270-8285-42d8-9095-4695dbacdc3b,데일리팡,제과 빵집(빵),부평깡통시장(구 부산부평시장),전통시장,부산광역시,,,
ee8544bb676c65b0976f,full_annotation_v1,A,q_빵_08,아침에 빵 사려면,카페·디저트 중 '빵'을 판매·제공하는 매장,train,빵,T4 구어·문장,36795039-f3af-4b5e-9792-e972b52e0f02,구페베이커리,빵,신금정시장 골목형 상점가,골목형상점가,부산광역시,,,
0b7fc85693eb1373d780,full_annotation_v1,A,q_빵_08,아침에 빵 사려면,카페·디저트 중 '빵'을 판매·제공하는 매장,train,빵,T4 구어·문장,da60c898-2867-4dc4-a02d-55f9484fed1e,착한빵집,빵,엄사 골목형상점가,골목형상점가,충청남도,,,
ec81d9718178a2f83277,full_annotation_v1,A,q_빵_08,아침에 빵 사려면,카페·디저트 중 '빵'을 판매·제공하는 매장,train,빵,T4 구어·문장,323113dc-b2d9-4366-b21c-037d0f130f31,제트네빵집,,고성시장,전통시장,경상남도,,,
38494a27da6d652187d1,full_annotation_v1,A,q_빵_08,아침에 빵 사려면,카페·디저트 중 '빵'을 판매·제공하는 매장,train,빵,T4 구어·문장,1c27a79a-97ad-4985-b858-a8ce91776191,스멜비,빵,왕십리무학봉상점가,자율상권구역,서울특별시,,,
7123ccb6255afe957f0e,full_annotation_v1,A,q_빵_08,아침에 빵 사려면,카페·디저트 중 '빵'을 판매·제공하는 매장,train,빵,T4 구어·문장,a1c755e4-179a-4d07-afda-8679aeea2c33,오푸르베이커리,빵,장덕로 골목형상점가,골목형상점가,광주광역시,,,
0d1a50a8e15c849b5d41,full_annotation_v1,A,q_빵_08,아침에 빵 사려면,카페·디저트 중 '빵'을 판매·제공하는 매장,train,빵,T4 구어·문장,56c1c899-7b95-466f-967f-ce3dee284c66,바른몸 움직임 연구소,건강관리운동,나주 예가람,골목형상점가,전라남도,,,
d467b6da8fa9cfb3c5d5,full_annotation_v1,A,q_빵_08,아침에 빵 사려면,카페·디저트 중 '빵'을 판매·제공하는 매장,train,빵,T4 구어·문장,5995df18-6992-4d7c-81e4-afb5441c188a,오렌지제과점,빵,성서와룡시장,전통시장,대구광역시,,,
1e326b75cd046284da26,full_annotation_v1,A,q_빵_08,아침에 빵 사려면,카페·디저트 중 '빵'을 판매·제공하는 매장,train,빵,T4 구어·문장,de098d02-9f28-4d28-adbc-9e39b96ea35d,좋은예감,여성의류,동평화시장(동평화패션타운),전통시장,서울특별시,,,
a1333c77010e73a40cba,full_annotation_v1,A,q_빵_08,아침에 빵 사려면,카페·디저트 중 '빵'을 판매·제공하는 매장,train,빵,T4 구어·문장,d58a3a7b-c700-48c9-aaba-b0327832fa08,빵내음,빵,부천한신시장,전통시장,경기도,,,
f459955eabed527d134d,full_annotation_v1,A,q_빵_08,아침에 빵 사려면,카페·디저트 중 '빵'을 판매·제공하는 매장,train,빵,T4 구어·문장,90644fce-4ba9-47aa-b57e-5efcceb4c1a0,빵집오빠,빵,보정중심 골목형상점가,골목형상점가,경기도,,,
ef098cfaaed5b3bd3933,full_annotation_v1,A,q_빵_08,아침에 빵 사려면,카페·디저트 중 '빵'을 판매·제공하는 매장,train,빵,T4 구어·문장,35290020-7a77-4b30-b3ce-a1a267b7414d,파리바게뜨,빵,석계역 골목형상점가,골목형상점가,서울특별시,,,
da1e10826c01a5a0b336,full_annotation_v1,A,q_빵_08,아침에 빵 사려면,카페·디저트 중 '빵'을 판매·제공하는 매장,train,빵,T4 구어·문장,417d1f5a-a7dd-4bbd-8379-61d8d1e9dc3d,마블스퀘어,빵,상무연하상인회 골목형상점가,골목형상점가,광주광역시,,,
969e953e6f23c532d9d7,full_annotation_v1,A,q_빵_08,아침에 빵 사려면,카페·디저트 중 '빵'을 판매·제공하는 매장,train,빵,T4 구어·문장,003d7e3f-6459-4018-ac58-7184cd2457d5,눈치 금호점,카페,금호1동상가번영회 골목형상점가,골목형상점가,광주광역시,,,
39d48d6bf838acad8861,full_annotation_v1,A,q_빵_08,아침에 빵 사려면,카페·디저트 중 '빵'을 판매·제공하는 매장,train,빵,T4 구어·문장,b5362e24-6609-4f3f-ae97-c5683e4408e4,구페베이커리,빵,못골골목시장,전통시장,부산광역시,,,
ec8e05226bfac972f6db,full_annotation_v1,A,q_빵_08,아침에 빵 사려면,카페·디저트 중 '빵'을 판매·제공하는 매장,train,빵,T4 구어·문장,1100864e-a8cd-4f8a-8912-052006506c20,빵그레맛쥬,빵,여수서시장주변시장,전통시장,,,,
60ae3662a00830672730,full_annotation_v1,A,q_빵_08,아침에 빵 사려면,카페·디저트 중 '빵'을 판매·제공하는 매장,train,빵,T4 구어·문장,16d1d6c6-4f07-4e06-8d1c-81a4aaf2ec6e,팡쥬르,빵,종촌동골목형상점가,골목형상점가,세종특별자치시,,,
8c20e161713dfc38dab4,full_annotation_v1,A,q_빵_08,아침에 빵 사려면,카페·디저트 중 '빵'을 판매·제공하는 매장,train,빵,T4 구어·문장,f89439a4-a32f-41c3-84ca-361215c348ac,구움빵,빵,영월중앙시장,자율상권구역,강원특별자치도,,,
86adda750cb940eb83ac,full_annotation_v1,A,q_빵_08,아침에 빵 사려면,카페·디저트 중 '빵'을 판매·제공하는 매장,train,빵,T4 구어·문장,32b415c5-850d-4fdf-a114-a7b2d9b5ad03,제일그릇백화점,그릇,강릉성남시장,전통시장,강원특별자치도,,,
a66fccf5ff75ebfbdb19,full_annotation_v1,A,q_빵_08,아침에 빵 사려면,카페·디저트 중 '빵'을 판매·제공하는 매장,train,빵,T4 구어·문장,dc7d1b3a-e496-4e3d-9fe1-12bb64cb1cf4,빵구워뜨,빵,안양관양시장,전통시장,경기도,,,
99364c4e369f5c76950c,full_annotation_v1,A,q_빵_08,아침에 빵 사려면,카페·디저트 중 '빵'을 판매·제공하는 매장,train,빵,T4 구어·문장,ffebab6b-dd5e-4922-b37d-647d00aab258,빵육집,빵,봉선2중앙로 골목형상점가,골목형상점가,광주광역시,,,
84953f17921346a19ce7,full_annotation_v1,A,q_빵_08,아침에 빵 사려면,카페·디저트 중 '빵'을 판매·제공하는 매장,train,빵,T4 구어·문장,9c2a0888-9c1d-4c8e-ba82-879726467330,뚜레주르,빵,팔등로기부거리,골목형상점가,울산광역시,,,
afc7f2f959a98bed6a13,full_annotation_v1,A,q_빵_08,아침에 빵 사려면,카페·디저트 중 '빵'을 판매·제공하는 매장,train,빵,T4 구어·문장,c90cbfff-9d5c-40d0-ad21-dbb8426a9526,맛있는빵집,빵,오산오색시장(구 오산중앙시장),전통시장,경기도,,,
2285e41e44ab78d4e842,full_annotation_v1,A,q_빵_08,아침에 빵 사려면,카페·디저트 중 '빵'을 판매·제공하는 매장,train,빵,T4 구어·문장,b6bf3ada-12fe-43e5-b090-dbcfcbbd846b,정민베이커리,빵,대조시장,전통시장,서울특별시,,,
2e36af397e0ace823e5b,full_annotation_v1,A,q_빵_08,아침에 빵 사려면,카페·디저트 중 '빵'을 판매·제공하는 매장,train,빵,T4 구어·문장,5a1cebb2-3b2b-4152-9fbb-29f05be23ba8,달지,빵,문화의거리 상점가,자율상권구역,울산광역시,,,
91d4496e8f330d6bc807,full_annotation_v1,A,q_빵_08,아침에 빵 사려면,카페·디저트 중 '빵'을 판매·제공하는 매장,train,빵,T4 구어·문장,966126c8-a02a-47a5-b0a6-3bd69bdab8c4,꿈빵,빵,청량리청과물시장,전통시장,서울특별시,,,
a09ba4420eebae3c0dde,full_annotation_v1,A,q_빵_08,아침에 빵 사려면,카페·디저트 중 '빵'을 판매·제공하는 매장,train,빵,T4 구어·문장,ec791e48-199f-4aeb-90ad-cabc30f9416b,빵스토리,빵,용현시장,전통시장,인천광역시,,,
03f1959d40a8cde6c8aa,full_annotation_v1,A,q_빵_08,아침에 빵 사려면,카페·디저트 중 '빵'을 판매·제공하는 매장,train,빵,T4 구어·문장,16ac5642-d977-4765-a96e-4b6c4bf2a743,빵사랑베이커리,제빵,방이시장,전통시장,서울특별시,,,
9b8aecb89d95a013dc72,full_annotation_v1,A,q_빵_08,아침에 빵 사려면,카페·디저트 중 '빵'을 판매·제공하는 매장,train,빵,T4 구어·문장,b7b307e8-5e74-45ea-9c0c-4677de54f0e9,마로니헤어,헤어,중동사랑시장,전통시장,경기도,,,
669f1dd3916fe391ec10,full_annotation_v1,A,q_빵_08,아침에 빵 사려면,카페·디저트 중 '빵'을 판매·제공하는 매장,train,빵,T4 구어·문장,7db812cc-383d-4334-9ce4-d17a47abff30,골드핑거네일,네일,하이닉스골목형상점가,골목형상점가,경기도,,,
885343809a124e453e7a,full_annotation_v1,A,q_빵_08,아침에 빵 사려면,카페·디저트 중 '빵'을 판매·제공하는 매장,train,빵,T4 구어·문장,33336d71-b166-4131-a970-76bffe5ba777,파리바게트묵호점,빵,동해중앙시장상권활성화구역,상권활성화구역,강원특별자치도,,,
ba383ec7b7962fe2dd18,full_annotation_v1,A,q_빵_08,아침에 빵 사려면,카페·디저트 중 '빵'을 판매·제공하는 매장,train,빵,T4 구어·문장,4bde9297-2d98-41cd-87b9-5f056db43cb5,닭장수후라이드,,반도 골목형상점가,골목형상점가,충청남도,,,
bd286e2d3e5cc6fbc12e,full_annotation_v1,A,q_빵_09,빤,카페·디저트 중 '빵'을 판매·제공하는 매장,train,빵,T6 기계변형,bf128a7b-0c9b-4d89-b13f-04397ca380ad,빤쥬하우스,도소매(의류),삼익패션타운,전통시장,서울특별시,,,
c6f1fd56b9535035f6a8,full_annotation_v1,A,q_빵_09,빤,카페·디저트 중 '빵'을 판매·제공하는 매장,train,빵,T6 기계변형,a47f6f0e-de51-42c7-96ce-54f3bc355648,빤쮸하우스,일반내의,토지금고시장,전통시장,인천광역시,,,
ed857cc8ea1054ddade3,full_annotation_v1,A,q_빵_09,빤,카페·디저트 중 '빵'을 판매·제공하는 매장,train,빵,T6 기계변형,90d8f0a1-cdcc-490e-9aac-71bc6986a8a5,성진상회,포장재,영등포청과시장,자율상권구역,서울특별시,,,
2f3cd689d320088bc431,full_annotation_v1,A,q_빵_09,빤,카페·디저트 중 '빵'을 판매·제공하는 매장,train,빵,T6 기계변형,0426fae9-9be0-4571-8071-beaa385defda,파리바게트 조암점,베이커리,조암시장,전통시장,경기도,,,
cd8a6f2257f8fe99964f,full_annotation_v1,A,q_빵_09,빤,카페·디저트 중 '빵'을 판매·제공하는 매장,train,빵,T6 기계변형,00ef0be0-bb62-463e-80ad-862e34111872,파리바게뜨 계룡쇼핑타운,제과제빵,신도안면 골목형상점가,골목형상점가,충청남도,,,
1cc2ab53f49817dee6ac,full_annotation_v1,A,q_빵_09,빤,카페·디저트 중 '빵'을 판매·제공하는 매장,train,빵,T6 기계변형,00d3ef33-13db-4750-93a0-4b31010fcb70,온유베이크,카페,스타타워1 골목형상점가,골목형상점가,인천광역시,,,
072dabd5183c08175433,full_annotation_v1,A,q_빵_09,빤,카페·디저트 중 '빵'을 판매·제공하는 매장,train,빵,T6 기계변형,b65c181f-2a30-424b-a10d-136c717ca907,빤쮸속옷멀티샵,"소매(의류,잡화)",화서시장,전통시장,경기도,,,
9b42831f05501511a80b,full_annotation_v1,A,q_빵_09,빤,카페·디저트 중 '빵'을 판매·제공하는 매장,train,빵,T6 기계변형,c8827fbd-22c5-440b-9f64-9b1e0a63e976,함박수산,수산,청량리수산시장,전통시장,서울특별시,,,
9c02af587923eddfa544,full_annotation_v1,A,q_빵_09,빤,카페·디저트 중 '빵'을 판매·제공하는 매장,train,빵,T6 기계변형,6df76f3c-6b91-40ea-ba86-9923b7957847,빤쮸,외의,예천맛고을시장,전통시장,경상북도,,,
1f98772567017555df72,full_annotation_v1,A,q_빵_09,빤,카페·디저트 중 '빵'을 판매·제공하는 매장,train,빵,T6 기계변형,083ecffe-5e65-4c93-add9-107d3501f214,달빛찻집,베이커리,정림동 골목형상점가,골목형상점가,대전광역시,,,
5feb7f2776326710eadb,full_annotation_v1,A,q_빵_09,빤,카페·디저트 중 '빵'을 판매·제공하는 매장,train,빵,T6 기계변형,fb74b9df-29f8-48ea-b443-7b567a9a1542,빤쮸가게,속옷,조암시장,전통시장,경기도,,,
222320e271879cba26da,full_annotation_v1,A,q_빵_09,빤,카페·디저트 중 '빵'을 판매·제공하는 매장,train,빵,T6 기계변형,4253bd28-b4e2-42b7-9cd6-9c32d2541055,육일제과,빵집,중리시장,전통시장,대전광역시,,,
d2120f0710e4f941f4fc,full_annotation_v1,A,q_빵_09,빤,카페·디저트 중 '빵'을 판매·제공하는 매장,train,빵,T6 기계변형,323113dc-b2d9-4366-b21c-037d0f130f31,제트네빵집,,고성시장,전통시장,경상남도,,,
8b6ef828456ab1c920fc,full_annotation_v1,A,q_빵_09,빤,카페·디저트 중 '빵'을 판매·제공하는 매장,train,빵,T6 기계변형,16d7c2d6-9f81-4ef7-9f21-c6752e8427e0,비올렛베이커리,제빵,응암골골목형상점가,골목형상점가,서울특별시,,,
53697a22fa038d0430bf,full_annotation_v1,A,q_빵_09,빤,카페·디저트 중 '빵'을 판매·제공하는 매장,train,빵,T6 기계변형,3249501f-6203-4882-9c0f-c8f6111728b3,착한한우,식육판매,논산화지중앙시장,전통시장,충청남도,,,
903045c24ad3d0a640b3,full_annotation_v1,A,q_빵_09,빤,카페·디저트 중 '빵'을 판매·제공하는 매장,train,빵,T6 기계변형,006a3289-9c32-4593-a919-9259a7215a7d,우리베이커리,빵류,동해중앙시장상권활성화구역,상권활성화구역,강원특별자치도,,,
803cb273229f9b616309,full_annotation_v1,A,q_빵_09,빤,카페·디저트 중 '빵'을 판매·제공하는 매장,train,빵,T6 기계변형,f0bb1170-a0af-4ae9-b302-9944429c2f01,엠디(MD)로스터리카페,커피,명덕마을 골목형상점가,골목형상점가,울산광역시,,,
366fae484bc64661d911,full_annotation_v1,A,q_빵_09,빤,카페·디저트 중 '빵'을 판매·제공하는 매장,train,빵,T6 기계변형,00362b85-cb9a-4318-9059-12f768d76197,파리바게뜨전주인후점,제과점,소나무 골목형상점가,골목형상점가,전북특별자치도,,,
f1aaa8943cdd3d7c3f67,full_annotation_v1,A,q_빵_09,빤,카페·디저트 중 '빵'을 판매·제공하는 매장,train,빵,T6 기계변형,ae293d0e-d51d-418b-94a4-0d5d0cdf5efe,연세동안의원,"피부과, 내과",도화동상점가,자율상권구역,서울특별시,,,
559917841c74638d5ba1,full_annotation_v1,A,q_빵_09,빤,카페·디저트 중 '빵'을 판매·제공하는 매장,train,빵,T6 기계변형,08e1d991-57e1-440f-a5ab-e62825fedeb7,커피인더스트리,음료 및 베이커리,당정동한세로 골목형상점가,골목형상점가,경기도,,,
e43bc9581f6000060509,full_annotation_v1,A,q_빵_09,빤,카페·디저트 중 '빵'을 판매·제공하는 매장,train,빵,T6 기계변형,ea728755-46c6-490a-af71-914251419c30,네일또만나,네일,구즉 골목형상점가,골목형상점가,대전광역시,,,
4ffaf2e5bf7ecb425301,full_annotation_v1,A,q_빵_09,빤,카페·디저트 중 '빵'을 판매·제공하는 매장,train,빵,T6 기계변형,03c62bd4-28be-4589-b83d-94feb2500084,퀸즈브레드,제과제빵,포항 지곡에드빌 골목형상점가,골목형상점가,경상북도,,,
24e2176d9eb8779ade46,full_annotation_v1,A,q_빵_09,빤,카페·디저트 중 '빵'을 판매·제공하는 매장,train,빵,T6 기계변형,097fc611-9788-401e-9ac1-bb20760ca643,브렛의오븐,베이커리음료,마산 월영대시장,전통시장,경상남도,,,
7d4cf3efe2c4c7c8c88e,full_annotation_v1,A,q_빵_09,빤,카페·디저트 중 '빵'을 판매·제공하는 매장,train,빵,T6 기계변형,00b6de61-2c2e-4164-aee6-c011f81aec20,파리바게뜨 세종반곡,"베이커리, 케이크, 음료, 커피",반곡동행복 골목형상점가,골목형상점가,세종특별자치시,,,
7138904a12537666955c,full_annotation_v1,A,q_빵_09,빤,카페·디저트 중 '빵'을 판매·제공하는 매장,train,빵,T6 기계변형,2470913c-f81f-442f-8710-caa949b86f4e,브레드80,"제과, 제빵, 음료",럭스스퀘어 골목형상점가,골목형상점가,세종특별자치시,,,
a7bb1dd55a6328aa2856,full_annotation_v1,A,q_빵_09,빤,카페·디저트 중 '빵'을 판매·제공하는 매장,train,빵,T6 기계변형,229d4900-3644-4ed4-85eb-fb133c7c1573,파리바게트,제빵,매탄골목상인회 골목형상점가,골목형상점가,경기도,,,
8cebb024af6874c0b393,full_annotation_v1,A,q_빵_09,빤,카페·디저트 중 '빵'을 판매·제공하는 매장,train,빵,T6 기계변형,0061123f-a676-4556-9633-5fbc4ecaf6ef,치즈케익카스테라카페,제과,북가좌동 골목형상점가,골목형상점가,서울특별시,,,
0ceda5bbd22907008946,full_annotation_v1,A,q_빵_09,빤,카페·디저트 중 '빵'을 판매·제공하는 매장,train,빵,T6 기계변형,0017b31e-27bf-4395-a7b2-ad9bc8554d97,컴포즈커피 충주호암한신더휴점,"커피, 음료",호암사천개로골목형상점가,골목형상점가,충청북도,,,
803fed542c7b5037e7e7,full_annotation_v1,A,q_빵_09,빤,카페·디저트 중 '빵'을 판매·제공하는 매장,train,빵,T6 기계변형,5013f5d8-a47d-4bb2-b076-e40eb039d8a5,농장축산,정육,영천시장,전통시장,서울특별시,,,
344c3e9881cc2d855639,full_annotation_v1,A,q_빵_09,빤,카페·디저트 중 '빵'을 판매·제공하는 매장,train,빵,T6 기계변형,16ac5642-d977-4765-a96e-4b6c4bf2a743,빵사랑베이커리,제빵,방이시장,전통시장,서울특별시,,,
92cdc6909aedbe79ba11,full_annotation_v1,A,q_빵_09,빤,카페·디저트 중 '빵'을 판매·제공하는 매장,train,빵,T6 기계변형,065a7a8c-5299-430a-93b1-257064b5c858,멜리플라워,,의왕가구거리 골목형상점가,골목형상점가,경기도,,,
8138e245ebb0625893d2,full_annotation_v1,A,q_빵_09,빤,카페·디저트 중 '빵'을 판매·제공하는 매장,train,빵,T6 기계변형,002d0d06-15b2-463e-b789-b0232bcc6681,뚜레주르버들마을점,제과,버들마을상인회 골목형상점가,골목형상점가,광주광역시,,,
f5a97420478d9dec1d9a,full_annotation_v1,A,q_빵_09,빤,카페·디저트 중 '빵'을 판매·제공하는 매장,train,빵,T6 기계변형,0a413ebb-2596-4b3f-b5aa-194b242ce558,백호빵집,빵집,까치산시장,전통시장,서울특별시,,,
f808672bee63d9a7eb83,full_annotation_v1,A,q_빵_09,빤,카페·디저트 중 '빵'을 판매·제공하는 매장,train,빵,T6 기계변형,9e6236c2-3685-42f7-97ab-3c08c0c35379,빤따롱,여성의류,신응암시장,전통시장,서울특별시,,,
bafa54ea1f30a2257074,full_annotation_v1,A,q_빵_09,빤,카페·디저트 중 '빵'을 판매·제공하는 매장,train,빵,T6 기계변형,0063671e-77f7-466c-bbc2-223497c0dae4,무가당,카페,세병호 골목형상점가,골목형상점가,전북특별자치도,,,
32e21c295c09643be7f5,full_annotation_v1,A,q_빵_09,빤,카페·디저트 중 '빵'을 판매·제공하는 매장,train,빵,T6 기계변형,c69021d3-e7f5-4ca4-882d-8e24e53b0314,홍연자명품김밥,김밥,포항 지곡에드빌 골목형상점가,골목형상점가,경상북도,,,
f95a30082019e588f348,full_annotation_v1,A,q_빵_09,빤,카페·디저트 중 '빵'을 판매·제공하는 매장,train,빵,T6 기계변형,003d7e3f-6459-4018-ac58-7184cd2457d5,눈치 금호점,카페,금호1동상가번영회 골목형상점가,골목형상점가,광주광역시,,,
8fa90eb4661b15929b24,full_annotation_v1,A,q_빵_09,빤,카페·디저트 중 '빵'을 판매·제공하는 매장,train,빵,T6 기계변형,008d07a3-ba18-4806-9ec7-48c0adb25276,아빠네 빵집,제과제빵,신창수문 골목형상점가,골목형상점가,광주광역시,,,
7d96771ae743b58d8c89,full_annotation_v1,A,q_빵_09,빤,카페·디저트 중 '빵'을 판매·제공하는 매장,train,빵,T6 기계변형,0075dacf-3e3f-47b8-a4af-d3a2ff866348,북툰커피앤카페,찐빵 만두 커피,신창진흥 골목형상점가,골목형상점가,광주광역시,,,
b47e1b20037caa45c9e7,full_annotation_v1,A,q_빵_09,빤,카페·디저트 중 '빵'을 판매·제공하는 매장,train,빵,T6 기계변형,003e7ebf-1112-4ab4-a484-67716e4b2a85,이든,카페,원주중앙시장활성화구역,상권활성화구역,강원특별자치도,,,
fb46b7b1c180de44225b,full_annotation_v1,A,q_빵_09,빤,카페·디저트 중 '빵'을 판매·제공하는 매장,train,빵,T6 기계변형,bb04ad75-71c0-4e46-bae2-41cb208794f6,예문사,문구,명덕마을 골목형상점가,골목형상점가,울산광역시,,,
6bb21f6ea72a79647754,full_annotation_v1,A,q_빵_09,빤,카페·디저트 중 '빵'을 판매·제공하는 매장,train,빵,T6 기계변형,f92fea97-1ee9-4607-be59-b72e040512a7,"새벽김치,홍어","김치, 홍어",목포자유시장,전통시장,전라남도,,,
fa2b46281b2eabefe2b6,full_annotation_v1,A,q_빵_09,빤,카페·디저트 중 '빵'을 판매·제공하는 매장,train,빵,T6 기계변형,000d1253-5431-4636-8c94-ddf12e805cb7,파리바게뜨언양점,빵,언양읍성 남문 골목형상점가,골목형상점가,울산광역시,,,
44318ee7ab803f810d65,full_annotation_v1,A,q_빵_09,빤,카페·디저트 중 '빵'을 판매·제공하는 매장,train,빵,T6 기계변형,011e2df5-6d25-4553-bfc6-cdf779856853,올데이(All day),카페,남구 용대로 골목형상점가,골목형상점가,광주광역시,,,
856fb85c47d880eea689,full_annotation_v1,A,q_빵_09,빤,카페·디저트 중 '빵'을 판매·제공하는 매장,train,빵,T6 기계변형,11e2dd2e-ab0e-4132-ba5d-ee4d652775f4,극동제과점,제빵,백년소상공인,기타,대전광역시,,,
07d64f13a7c310e8d67d,full_annotation_v1,A,q_빵_09,빤,카페·디저트 중 '빵'을 판매·제공하는 매장,train,빵,T6 기계변형,001bc028-a43e-44d4-9682-db280a4998cc,파리바게뜨전주근영점,제과점,근영누리 골목형상점가,골목형상점가,전북특별자치도,,,
90fab01a90324a568ca7,full_annotation_v1,A,q_빵_09,빤,카페·디저트 중 '빵'을 판매·제공하는 매장,train,빵,T6 기계변형,3835c270-8285-42d8-9095-4695dbacdc3b,데일리팡,제과 빵집(빵),부평깡통시장(구 부산부평시장),전통시장,부산광역시,,,
df6e00dfd9297d9a474f,full_annotation_v1,A,q_빵_09,빤,카페·디저트 중 '빵'을 판매·제공하는 매장,train,빵,T6 기계변형,ba05fdda-21ec-4d05-80f6-7d5a6f66edd6,기생한의원,한의원,삼정코아 골목형상점가,골목형상점가,부산광역시,,,
7d20964a6b4589151d87,full_annotation_v1,A,q_빵_09,빤,카페·디저트 중 '빵'을 판매·제공하는 매장,train,빵,T6 기계변형,82196b02-6a44-46c5-a1a2-064acfb489d8,더나은에듀,,서현센트럴상점,골목형상점가,경기도,,,
17095c71019942d09286,full_annotation_v1,A,q_빵_09,빤,카페·디저트 중 '빵'을 판매·제공하는 매장,train,빵,T6 기계변형,049ee493-5619-4132-8295-9188e43483d0,엄마손반찬,반찬,망원시장,전통시장,서울특별시,,,
bde896f8fe366c0b2bba,full_annotation_v1,A,q_빵_09,빤,카페·디저트 중 '빵'을 판매·제공하는 매장,train,빵,T6 기계변형,2bca6c63-27ce-48ef-982a-173800c6c834,수암꽈배기,빵집,수암상가시장,전통시장,울산광역시,,,
365d2795c2b96ce0ad2d,full_annotation_v1,A,q_빵_09,빤,카페·디저트 중 '빵'을 판매·제공하는 매장,train,빵,T6 기계변형,73535051-24b4-40e5-ade0-2dfa1e5605cd,진산건어물,건어물,문창시장,전통시장,대전광역시,,,
a7f07fae753452e7c012,full_annotation_v1,A,q_빵_09,빤,카페·디저트 중 '빵'을 판매·제공하는 매장,train,빵,T6 기계변형,07eee279-7faa-4285-8f03-f5dffa15efa2,빤스와난닝구,,춘천풍물시장,전통시장,강원특별자치도,,,
de129168ad9f959ff59f,full_annotation_v1,A,q_빵_10,빵추천,카페·디저트 중 '빵'을 판매·제공하는 매장,train,빵,T6 기계변형,d6b19577-dc7c-40ee-a918-b63204e5675e,빵의나라,빵,충무동골목시장,전통시장,부산광역시,,,
b59170a38b057e9c1db1,full_annotation_v1,A,q_빵_10,빵추천,카페·디저트 중 '빵'을 판매·제공하는 매장,train,빵,T6 기계변형,e96a83bc-946a-43bc-9e0d-d1185bf52d51,옥천,수산물,부천상동시장,전통시장,경기도,,,
4ddaf08359d7789d3d57,full_annotation_v1,A,q_빵_10,빵추천,카페·디저트 중 '빵'을 판매·제공하는 매장,train,빵,T6 기계변형,1c27a79a-97ad-4985-b858-a8ce91776191,스멜비,빵,왕십리무학봉상점가,자율상권구역,서울특별시,,,
94925cf1f52811d53495,full_annotation_v1,A,q_빵_10,빵추천,카페·디저트 중 '빵'을 판매·제공하는 매장,train,빵,T6 기계변형,84d48ebe-fbbe-446b-ae51-425e0d37f1c4,국제약국,약국,신아타운,전통시장,서울특별시,,,
aad0435d98a97675bc77,full_annotation_v1,A,q_빵_10,빵추천,카페·디저트 중 '빵'을 판매·제공하는 매장,train,빵,T6 기계변형,0017b31e-27bf-4395-a7b2-ad9bc8554d97,컴포즈커피 충주호암한신더휴점,"커피, 음료",호암사천개로골목형상점가,골목형상점가,충청북도,,,
789ba380831eb5a6506d,full_annotation_v1,A,q_빵_10,빵추천,카페·디저트 중 '빵'을 판매·제공하는 매장,train,빵,T6 기계변형,7a7b6e4c-7fbf-4986-be20-aa6b563c2a0b,빵고집,빵,홀릭스,골목형상점가,광주광역시,,,
e251a7f18a7fa375a2ba,full_annotation_v1,A,q_빵_10,빵추천,카페·디저트 중 '빵'을 판매·제공하는 매장,train,빵,T6 기계변형,a3fa732b-bed7-4539-a867-031436202ca4,빵데이,빵류,송화벽화시장,자율상권구역,서울특별시,,,
7a9afb5885d432d57a76,full_annotation_v1,A,q_빵_10,빵추천,카페·디저트 중 '빵'을 판매·제공하는 매장,train,빵,T6 기계변형,077116c9-74bc-48be-8be2-d529bf6287a7,빵과장미,빵,충장로45가 상점가,기타,광주광역시,,,
cbf964da0171cd4faa46,full_annotation_v1,A,q_빵_10,빵추천,카페·디저트 중 '빵'을 판매·제공하는 매장,train,빵,T6 기계변형,50045120-1736-499b-a328-0688a843f4e2,포코코쌀국수,식품,과천새서울프라자시장,전통시장,경기도,,,
86ab282c080d6143f7e3,full_annotation_v1,A,q_빵_10,빵추천,카페·디저트 중 '빵'을 판매·제공하는 매장,train,빵,T6 기계변형,5c41b358-cf44-4044-b331-b690ec1d0e90,양인제과,빵 커피,백서로 골목형상점가,골목형상점가,광주광역시,,,
9b315d665dff6514eb52,full_annotation_v1,A,q_빵_10,빵추천,카페·디저트 중 '빵'을 판매·제공하는 매장,train,빵,T6 기계변형,ffebab6b-dd5e-4922-b37d-647d00aab258,빵육집,빵,봉선2중앙로 골목형상점가,골목형상점가,광주광역시,,,
5ccf3947c3de703dee7c,full_annotation_v1,A,q_빵_10,빵추천,카페·디저트 중 '빵'을 판매·제공하는 매장,train,빵,T6 기계변형,00ef0be0-bb62-463e-80ad-862e34111872,파리바게뜨 계룡쇼핑타운,제과제빵,신도안면 골목형상점가,골목형상점가,충청남도,,,
fb05c4d42bb2dffc12cf,full_annotation_v1,A,q_빵_10,빵추천,카페·디저트 중 '빵'을 판매·제공하는 매장,train,빵,T6 기계변형,d4f71082-bec1-4237-9e15-e98f98f635d6,빵퍼센트,빵,팡팡 골목형상점가,골목형상점가,광주광역시,,,
3df905b813ed7a92f504,full_annotation_v1,A,q_빵_10,빵추천,카페·디저트 중 '빵'을 판매·제공하는 매장,train,빵,T6 기계변형,8b1d093a-cc2b-4594-9079-a232b746224a,한알천 본점,한식,원신흥어울림길 골목형상점가,골목형상점가,대전광역시,,,
0d01d68dbee709ee6995,full_annotation_v1,A,q_빵_10,빵추천,카페·디저트 중 '빵'을 판매·제공하는 매장,train,빵,T6 기계변형,0a413ebb-2596-4b3f-b5aa-194b242ce558,백호빵집,빵집,까치산시장,전통시장,서울특별시,,,
ac3c726c7275da932cee,full_annotation_v1,A,q_빵_10,빵추천,카페·디저트 중 '빵'을 판매·제공하는 매장,train,빵,T6 기계변형,d58a3a7b-c700-48c9-aaba-b0327832fa08,빵내음,빵,부천한신시장,전통시장,경기도,,,
8c4c4afc5c68a8bc2b3a,full_annotation_v1,A,q_빵_10,빵추천,카페·디저트 중 '빵'을 판매·제공하는 매장,train,빵,T6 기계변형,44e0686a-9876-4f6a-a63b-6f9983eb6af6,스시천,일식,공항대로골목형상점가,골목형상점가,서울특별시,,,
1e299cf64927709b1ffd,full_annotation_v1,A,q_빵_10,빵추천,카페·디저트 중 '빵'을 판매·제공하는 매장,train,빵,T6 기계변형,80c4738a-934b-4b41-9de9-a82a5967a614,천외천,한식,상봉먹자골목형상점가,골목형상점가,서울특별시,,,
02d8019221136ce7003c,full_annotation_v1,A,q_빵_10,빵추천,카페·디저트 중 '빵'을 판매·제공하는 매장,train,빵,T6 기계변형,f4866676-66ab-442a-a652-bf947c4f4653,빵고을,빵,"임계사통팔달시장(임계시장, 송계5일장)",전통시장,강원특별자치도,,,
a89a44e4f04876b57a8e,full_annotation_v1,A,q_빵_10,빵추천,카페·디저트 중 '빵'을 판매·제공하는 매장,train,빵,T6 기계변형,08e1d991-57e1-440f-a5ab-e62825fedeb7,커피인더스트리,음료 및 베이커리,당정동한세로 골목형상점가,골목형상점가,경기도,,,
a3725b7db629371206d0,full_annotation_v1,A,q_빵_10,빵추천,카페·디저트 중 '빵'을 판매·제공하는 매장,train,빵,T6 기계변형,229d4900-3644-4ed4-85eb-fb133c7c1573,파리바게트,제빵,매탄골목상인회 골목형상점가,골목형상점가,경기도,,,
19d4a218447ed0bfd8af,full_annotation_v1,A,q_빵_10,빵추천,카페·디저트 중 '빵'을 판매·제공하는 매장,train,빵,T6 기계변형,312c4739-a6ff-4d48-801c-abdc740ad035,김밥나라,한식,동천동 상인회 골목형상점가,골목형상점가,광주광역시,,,
306f656b24f911129cfc,full_annotation_v1,A,q_빵_10,빵추천,카페·디저트 중 '빵'을 판매·제공하는 매장,train,빵,T6 기계변형,7659dbb5-0c39-4242-a666-e829c3019310,한양떡방앗간,떡,길동복조리시장,전통시장,서울특별시,,,
b494f3093dfc73b5505f,full_annotation_v1,A,q_빵_10,빵추천,카페·디저트 중 '빵'을 판매·제공하는 매장,train,빵,T6 기계변형,2470913c-f81f-442f-8710-caa949b86f4e,브레드80,"제과, 제빵, 음료",럭스스퀘어 골목형상점가,골목형상점가,세종특별자치시,,,
9cb4c26ee4e035beec2b,full_annotation_v1,A,q_빵_10,빵추천,카페·디저트 중 '빵'을 판매·제공하는 매장,train,빵,T6 기계변형,8aeec45d-efbe-433b-be1d-cb7abc110963,현대리바트좌천매장,,부산좌천동가구상가,자율상권구역,부산광역시,,,
e731c6b8347859540c79,full_annotation_v1,A,q_빵_10,빵추천,카페·디저트 중 '빵'을 판매·제공하는 매장,train,빵,T6 기계변형,81fda61c-9dff-4856-b91d-1bf2f68fd8da,광천,채소,난곡골목형상점가,골목형상점가,서울특별시,,,
d6a8ac1978f3bff5fb71,full_annotation_v1,A,q_빵_10,빵추천,카페·디저트 중 '빵'을 판매·제공하는 매장,train,빵,T6 기계변형,ac301828-9bd1-4982-b8c7-15879fe9405c,건빵,빵,녹차골보성향토시장(구 보성5일시장),전통시장,전라남도,,,
f8a6db2e10ef92484bb1,full_annotation_v1,A,q_빵_10,빵추천,카페·디저트 중 '빵'을 판매·제공하는 매장,train,빵,T6 기계변형,00362b85-cb9a-4318-9059-12f768d76197,파리바게뜨전주인후점,제과점,소나무 골목형상점가,골목형상점가,전북특별자치도,,,
650acc57d52480162c54,full_annotation_v1,A,q_빵_10,빵추천,카페·디저트 중 '빵'을 판매·제공하는 매장,train,빵,T6 기계변형,fc314ae9-f7a9-47e6-a57a-04449955ec04,영광경기이천,,주문진건어물시장,전통시장,강원특별자치도,,,
ce123152acdc8861a2be,full_annotation_v1,A,q_빵_10,빵추천,카페·디저트 중 '빵'을 판매·제공하는 매장,train,빵,T6 기계변형,bce23887-ea78-43fc-b213-4b86bdaf61a7,빵플러스,빵,가좌시장,전통시장,인천광역시,,,
47470de1e8e0ab909166,full_annotation_v1,A,q_빵_10,빵추천,카페·디저트 중 '빵'을 판매·제공하는 매장,train,빵,T6 기계변형,6549bd5b-225b-4c30-a03b-78537f1a644f,옥천,문구,통영 충무데파트,자율상권구역,경상남도,,,
f7acb51f8435b00a7a53,full_annotation_v1,A,q_빵_10,빵추천,카페·디저트 중 '빵'을 판매·제공하는 매장,train,빵,T6 기계변형,4084441d-fcb3-4267-96dd-40f642042605,부처스청천,식육,서초쇼핑골목형상점가,골목형상점가,서울특별시,,,
df586492af91aaacda0c,full_annotation_v1,A,q_빵_10,빵추천,카페·디저트 중 '빵'을 판매·제공하는 매장,train,빵,T6 기계변형,00d3ef33-13db-4750-93a0-4b31010fcb70,온유베이크,카페,스타타워1 골목형상점가,골목형상점가,인천광역시,,,
66f74be09ccde1c2a674,full_annotation_v1,A,q_빵_10,빵추천,카페·디저트 중 '빵'을 판매·제공하는 매장,train,빵,T6 기계변형,dc0580f1-013c-4799-869a-7d33c3982c29,소몽당동천,빵류,동천동먹자골목2번가상인회 골목형상점가,골목형상점가,광주광역시,,,
724050b8b15c46260105,full_annotation_v1,A,q_빵_10,빵추천,카페·디저트 중 '빵'을 판매·제공하는 매장,train,빵,T6 기계변형,923eb055-03c7-4384-b6fd-3fe63ee737f7,광천,어묵,대해불빛시장(대해종합시장),전통시장,경상북도,,,
71d023b2d286df0fdde1,full_annotation_v1,A,q_빵_10,빵추천,카페·디저트 중 '빵'을 판매·제공하는 매장,train,빵,T6 기계변형,011e2df5-6d25-4553-bfc6-cdf779856853,올데이(All day),카페,남구 용대로 골목형상점가,골목형상점가,광주광역시,,,
a807df69950ecd2ebe60,full_annotation_v1,A,q_빵_10,빵추천,카페·디저트 중 '빵'을 판매·제공하는 매장,train,빵,T6 기계변형,fbdde3a7-7f7e-40d4-a4ec-f216ddc35374,올포유 대전중리점,의류,중리시장,전통시장,대전광역시,,,
999fb30b41987449f95a,full_annotation_v1,A,q_빵_10,빵추천,카페·디저트 중 '빵'을 판매·제공하는 매장,train,빵,T6 기계변형,3f85ada9-e490-43c3-9686-d731ab4db40e,달빙 아이스크림 다정점,,다정한 가온마을 골목형상점가,골목형상점가,세종특별자치시,,,
139e89dc075d83fd4205,full_annotation_v1,A,q_빵_10,빵추천,카페·디저트 중 '빵'을 판매·제공하는 매장,train,빵,T6 기계변형,488c87d3-7e0e-4cf9-adfa-bd793d32fe6e,가든온천,,정남진활력의거리 골목형상점가,골목형상점가,,,,
ef23f5dc360408330110,full_annotation_v1,A,q_빵_10,빵추천,카페·디저트 중 '빵'을 판매·제공하는 매장,train,빵,T6 기계변형,e725d8a3-b3f1-45aa-9aa7-fb74a1b81e22,문화온천,,장흥중앙로 골목형상점가,골목형상점가,,,,
d02a4b8d2fe75e3d0b4d,full_annotation_v1,A,q_빵_10,빵추천,카페·디저트 중 '빵'을 판매·제공하는 매장,train,빵,T6 기계변형,c06e4194-a73f-459c-a8fc-0619bdecd097,김씨천,원단,서문시장2지구 종합상가,전통시장,대구광역시,,,
826b591809ae7d5cd2ce,full_annotation_v1,A,q_빵_10,빵추천,카페·디저트 중 '빵'을 판매·제공하는 매장,train,빵,T6 기계변형,ec791e48-199f-4aeb-90ad-cabc30f9416b,빵스토리,빵,용현시장,전통시장,인천광역시,,,
3f54f084e0f57f753f15,full_annotation_v1,A,q_빵_10,빵추천,카페·디저트 중 '빵'을 판매·제공하는 매장,train,빵,T6 기계변형,a63f0a39-cc86-4e1e-8aef-a0a0a6623891,알천,한식,달아실 골목형상점가,골목형상점가,광주광역시,,,
886bc8d0fbb1b53101af,full_annotation_v1,A,q_빵_10,빵추천,카페·디저트 중 '빵'을 판매·제공하는 매장,train,빵,T6 기계변형,003d7e3f-6459-4018-ac58-7184cd2457d5,눈치 금호점,카페,금호1동상가번영회 골목형상점가,골목형상점가,광주광역시,,,
4f5a57a05176399c1850,full_annotation_v1,A,q_빵_10,빵추천,카페·디저트 중 '빵'을 판매·제공하는 매장,train,빵,T6 기계변형,000d1253-5431-4636-8c94-ddf12e805cb7,파리바게뜨언양점,빵,언양읍성 남문 골목형상점가,골목형상점가,울산광역시,,,
b1e18f77447dd4b1b3bc,full_annotation_v1,A,q_빵_10,빵추천,카페·디저트 중 '빵'을 판매·제공하는 매장,train,빵,T6 기계변형,11e2dd2e-ab0e-4132-ba5d-ee4d652775f4,극동제과점,제빵,백년소상공인,기타,대전광역시,,,
de7d43cbdc1c785cd291,full_annotation_v1,A,q_빵_10,빵추천,카페·디저트 중 '빵'을 판매·제공하는 매장,train,빵,T6 기계변형,2a80ffd2-ff14-41b2-bd87-03f1c1a110b5,삼해건어물,건어물,양양전통시장,전통시장,강원특별자치도,,,
535d02dd98e40fda7140,full_annotation_v1,A,q_빵_10,빵추천,카페·디저트 중 '빵'을 판매·제공하는 매장,train,빵,T6 기계변형,00b6de61-2c2e-4164-aee6-c011f81aec20,파리바게뜨 세종반곡,"베이커리, 케이크, 음료, 커피",반곡동행복 골목형상점가,골목형상점가,세종특별자치시,,,
bf99520c35b048091693,full_annotation_v1,A,q_빵_10,빵추천,카페·디저트 중 '빵'을 판매·제공하는 매장,train,빵,T6 기계변형,097fc611-9788-401e-9ac1-bb20760ca643,브렛의오븐,베이커리음료,마산 월영대시장,전통시장,경상남도,,,
bae449de49e278a982b1,full_annotation_v1,A,q_빵_10,빵추천,카페·디저트 중 '빵'을 판매·제공하는 매장,train,빵,T6 기계변형,6985e359-bb88-47d4-98a7-8977541ecd03,영천,육류,태백시장,전통시장,대구광역시,,,
36e3cef0bdee796fe110,full_annotation_v1,A,q_빵_10,빵추천,카페·디저트 중 '빵'을 판매·제공하는 매장,train,빵,T6 기계변형,1100864e-a8cd-4f8a-8912-052006506c20,빵그레맛쥬,빵,여수서시장주변시장,전통시장,,,,
960b679f6ebcbae05e08,full_annotation_v1,A,q_빵_10,빵추천,카페·디저트 중 '빵'을 판매·제공하는 매장,train,빵,T6 기계변형,0061123f-a676-4556-9633-5fbc4ecaf6ef,치즈케익카스테라카페,제과,북가좌동 골목형상점가,골목형상점가,서울특별시,,,
5edafe6ecee5f9ea68b8,full_annotation_v1,A,q_빵_10,빵추천,카페·디저트 중 '빵'을 판매·제공하는 매장,train,빵,T6 기계변형,008d07a3-ba18-4806-9ec7-48c0adb25276,아빠네 빵집,제과제빵,신창수문 골목형상점가,골목형상점가,광주광역시,,,
39128ba948f12a51d122,full_annotation_v1,A,q_빵_10,빵추천,카페·디저트 중 '빵'을 판매·제공하는 매장,train,빵,T6 기계변형,f66437fe-7c65-41ff-a3d3-0ad0cd080bf3,동원 작업복,옷수선,남양주장현전통시장,전통시장,경기도,,,
0ec23b37ee7ade39ec8d,full_annotation_v1,A,q_빵_10,빵추천,카페·디저트 중 '빵'을 판매·제공하는 매장,train,빵,T6 기계변형,5dbf1cf9-0e2e-4c58-9bda-fc2e3341ec40,빵긋,빵,노대물빛근린공원 골목형상점가,골목형상점가,광주광역시,,,
ebafd4f160f499074ba8,full_annotation_v1,A,q_빵_10,빵추천,카페·디저트 중 '빵'을 판매·제공하는 매장,train,빵,T6 기계변형,c17b9a52-3c4f-4bef-8187-a301675b55ab,안경사랑,안경,전주중앙상가시장,전통시장,전북특별자치도,,,
d5be4f8fee31b32c01e7,full_annotation_v1,A,q_빵_10,빵추천,카페·디저트 중 '빵'을 판매·제공하는 매장,train,빵,T6 기계변형,323113dc-b2d9-4366-b21c-037d0f130f31,제트네빵집,,고성시장,전통시장,경상남도,,,
b0a6d1fd8252eadb1354,full_annotation_v1,A,q_빵_10,빵추천,카페·디저트 중 '빵'을 판매·제공하는 매장,train,빵,T6 기계변형,22a94491-853d-4840-b253-418bc12c7e10,산천,,홍도 골목형상점가,골목형상점가,대전광역시,,,
03af9034d1a816f08909,full_annotation_v1,A,q_빵_10,빵추천,카페·디저트 중 '빵'을 판매·제공하는 매장,train,빵,T6 기계변형,65782056-0714-4be9-b6c5-1c5194ef3072,고향산천,농산물,하동 화개장터,전통시장,경상남도,,,
422873269dfa16869991,full_annotation_v1,A,q_빵_10,빵추천,카페·디저트 중 '빵'을 판매·제공하는 매장,train,빵,T6 기계변형,0075dacf-3e3f-47b8-a4af-d3a2ff866348,북툰커피앤카페,찐빵 만두 커피,신창진흥 골목형상점가,골목형상점가,광주광역시,,,
684f5ee9d932cc1f8cb9,full_annotation_v1,A,q_빵_10,빵추천,카페·디저트 중 '빵'을 판매·제공하는 매장,train,빵,T6 기계변형,16ac5642-d977-4765-a96e-4b6c4bf2a743,빵사랑베이커리,제빵,방이시장,전통시장,서울특별시,,,
0c1b157e867f3c94ca2b,full_annotation_v1,A,q_빵_10,빵추천,카페·디저트 중 '빵'을 판매·제공하는 매장,train,빵,T6 기계변형,4253bd28-b4e2-42b7-9cd6-9c32d2541055,육일제과,빵집,중리시장,전통시장,대전광역시,,,
c38b9d838274c98e86c4,full_annotation_v1,A,q_빵_10,빵추천,카페·디저트 중 '빵'을 판매·제공하는 매장,train,빵,T6 기계변형,0426fae9-9be0-4571-8071-beaa385defda,파리바게트 조암점,베이커리,조암시장,전통시장,경기도,,,
caf231e61b8b607ff6a3,full_annotation_v1,A,q_빵_10,빵추천,카페·디저트 중 '빵'을 판매·제공하는 매장,train,빵,T6 기계변형,003e7ebf-1112-4ab4-a484-67716e4b2a85,이든,카페,원주중앙시장활성화구역,상권활성화구역,강원특별자치도,,,
60e6340568d010cf93d0,full_annotation_v1,A,q_빵_10,빵추천,카페·디저트 중 '빵'을 판매·제공하는 매장,train,빵,T6 기계변형,64a3ea69-1f07-443d-8eaf-e3a5314c86ca,소문난순대국,순대국,창동골목시장,전통시장,서울특별시,,,
50876d44944923d73e47,full_annotation_v1,A,q_빵_10,빵추천,카페·디저트 중 '빵'을 판매·제공하는 매장,train,빵,T6 기계변형,083ecffe-5e65-4c93-add9-107d3501f214,달빛찻집,베이커리,정림동 골목형상점가,골목형상점가,대전광역시,,,
0e72590b386e74c4f050,full_annotation_v1,A,q_빵_10,빵추천,카페·디저트 중 '빵'을 판매·제공하는 매장,train,빵,T6 기계변형,5b0e2a9b-59a5-4ec1-9fb4-6e536f080eb6,수정세탁소,세탁,필동골목형상점가,골목형상점가,서울특별시,,,
3073942de9bda1b8df88,full_annotation_v1,A,q_빵_10,빵추천,카페·디저트 중 '빵'을 판매·제공하는 매장,train,빵,T6 기계변형,dc7d1b3a-e496-4e3d-9fe1-12bb64cb1cf4,빵구워뜨,빵,안양관양시장,전통시장,경기도,,,
29c9021ce0fcb400c659,full_annotation_v1,A,q_빵_10,빵추천,카페·디저트 중 '빵'을 판매·제공하는 매장,train,빵,T6 기계변형,895adb72-675c-44e9-af70-acb03275aece,e푸른치과,치과,월곡대반 골목형상점가,골목형상점가,광주광역시,,,
671478525f4002279981,full_annotation_v1,A,q_빵_10,빵추천,카페·디저트 중 '빵'을 판매·제공하는 매장,train,빵,T6 기계변형,9bef2f16-b5eb-46d7-8b34-1197aeb508c3,빵뜨레,빵,신탄진시장,전통시장,대전광역시,,,
527ed0209a57452986eb,full_annotation_v1,A,q_빵_10,빵추천,카페·디저트 중 '빵'을 판매·제공하는 매장,train,빵,T6 기계변형,c72ad5e5-3bac-47b9-8014-f1b9367630e1,안녕제천,,제천중앙시장,전통시장,충청북도,,,
48b74f49593232ea6c93,full_annotation_v1,A,q_빵_10,빵추천,카페·디저트 중 '빵'을 판매·제공하는 매장,train,빵,T6 기계변형,407678f7-463f-4e2e-a1f4-906364f88bdc,정금당,시계,결초보은시장(구 보은종합시장),전통시장,충청북도,,,
345c4ee0cd0d6637678c,full_annotation_v1,A,q_빵_10,빵추천,카페·디저트 중 '빵'을 판매·제공하는 매장,train,빵,T6 기계변형,3835c270-8285-42d8-9095-4695dbacdc3b,데일리팡,제과 빵집(빵),부평깡통시장(구 부산부평시장),전통시장,부산광역시,,,
841a19dc50321a555282,full_annotation_v1,A,q_빵_10,빵추천,카페·디저트 중 '빵'을 판매·제공하는 매장,train,빵,T6 기계변형,0063671e-77f7-466c-bbc2-223497c0dae4,무가당,카페,세병호 골목형상점가,골목형상점가,전북특별자치도,,,
58122792c146f60d7b6e,full_annotation_v1,A,q_빵_10,빵추천,카페·디저트 중 '빵'을 판매·제공하는 매장,train,빵,T6 기계변형,b0c10df6-40f9-49ac-95d2-eba7630a20cd,캠토 세종 새름점,,새롬동 골목형상점가,골목형상점가,세종특별자치시,,,
9e4442c3bf42128e9eb9,full_annotation_v1,A,q_빵_10,빵추천,카페·디저트 중 '빵'을 판매·제공하는 매장,train,빵,T6 기계변형,001bc028-a43e-44d4-9682-db280a4998cc,파리바게뜨전주근영점,제과점,근영누리 골목형상점가,골목형상점가,전북특별자치도,,,
ad0975bc03032881b520,full_annotation_v1,A,q_빵_10,빵추천,카페·디저트 중 '빵'을 판매·제공하는 매장,train,빵,T6 기계변형,006a3289-9c32-4593-a919-9259a7215a7d,우리베이커리,빵류,동해중앙시장상권활성화구역,상권활성화구역,강원특별자치도,,,
d72086a0e7903b0b3642,full_annotation_v1,A,q_빵_10,빵추천,카페·디저트 중 '빵'을 판매·제공하는 매장,train,빵,T6 기계변형,002d0d06-15b2-463e-b789-b0232bcc6681,뚜레주르버들마을점,제과,버들마을상인회 골목형상점가,골목형상점가,광주광역시,,,
f87f7780562b934f0105,full_annotation_v1,A,q_빵_10,빵추천,카페·디저트 중 '빵'을 판매·제공하는 매장,train,빵,T6 기계변형,824ef76b-ae68-41f6-8d7c-0432343c990f,와우동천,,풍무동1 골목형상점가,골목형상점가,경기도,,,
a60a80d693dc7b58fe07,full_annotation_v1,A,q_빵_10,빵추천,카페·디저트 중 '빵'을 판매·제공하는 매장,train,빵,T6 기계변형,ec7e2edc-729f-4d05-8893-4f328f2581e0,헬로천,원단,서문시장2지구 종합상가,전통시장,대구광역시,,,
90f012c5749a369d29b8,full_annotation_v1,A,q_빵_10,빵추천,카페·디저트 중 '빵'을 판매·제공하는 매장,train,빵,T6 기계변형,16d7c2d6-9f81-4ef7-9f21-c6752e8427e0,비올렛베이커리,제빵,응암골골목형상점가,골목형상점가,서울특별시,,,
947c272f652289ea95dd,full_annotation_v1,A,q_빵_10,빵추천,카페·디저트 중 '빵'을 판매·제공하는 매장,train,빵,T6 기계변형,8eea77ce-0499-43a0-958d-ad824077f80b,빵나라밀젠,빵,금촌전통시장,전통시장,경기도,,,
2d24a3c4838f5f6dd150,full_annotation_v1,A,q_빵_10,빵추천,카페·디저트 중 '빵'을 판매·제공하는 매장,train,빵,T6 기계변형,868e3a70-b0aa-4ad0-a1e3-10a4310a2e5b,청아온천,,장성읍 골목형상점가,골목형상점가,전라남도,,,
c8da3f4ba7d53c69b59d,full_annotation_v1,A,q_빵_10,빵추천,카페·디저트 중 '빵'을 판매·제공하는 매장,train,빵,T6 기계변형,2bca6c63-27ce-48ef-982a-173800c6c834,수암꽈배기,빵집,수암상가시장,전통시장,울산광역시,,,
d8f7bc38c3caa70efabe,full_annotation_v1,A,q_빵_10,빵추천,카페·디저트 중 '빵'을 판매·제공하는 매장,train,빵,T6 기계변형,6f6f808d-060c-4238-924b-86c684653dfc,콰상,빵,자양번영로골목형상점가,골목형상점가,서울특별시,,,
33bdc98b24cace5108f1,full_annotation_v1,A,q_빵_10,빵추천,카페·디저트 중 '빵'을 판매·제공하는 매장,train,빵,T6 기계변형,c8beffa5-6216-45d2-bf79-39af150c55a5,빵앗간,빵,관저동 먹거리 골목형상점가,골목형상점가,대전광역시,,,
b90182cb917e22885c0f,full_annotation_v1,A,q_사진_01,증명사진 찍는 곳,생활서비스 중 '사진'을 판매·제공하는 매장,test,사진,T5 서비스,a0add09f-d9c3-44da-9dd2-ad83a3ceeb10,허바허바사진관,증명사진,신용공원 골목형상점가,골목형상점가,광주광역시,,,
7160319498a8640e2a97,full_annotation_v1,A,q_사진_01,증명사진 찍는 곳,생활서비스 중 '사진'을 판매·제공하는 매장,test,사진,T5 서비스,ea232bd0-f802-4cf0-a740-5c466b6b945f,아름사진관,사진,인공폭포상가,자율상권구역,강원특별자치도,,,
4723b6074fbdf0416022,full_annotation_v1,A,q_사진_01,증명사진 찍는 곳,생활서비스 중 '사진'을 판매·제공하는 매장,test,사진,T5 서비스,be9f8c61-892c-48ed-a49d-b63bd032c025,소곳,의류,고투몰(강남터미널지하도상점가),일반지하상점가,서울특별시,,,
e5c744aebcfe0f002068,full_annotation_v1,A,q_사진_01,증명사진 찍는 곳,생활서비스 중 '사진'을 판매·제공하는 매장,test,사진,T5 서비스,19c530cd-492d-4302-902b-d0bc6681ee07,유화사진관,"사진 촬영(증명사진,가족사진,취업사진 등)",반석동 골목형상점가,골목형상점가,대전광역시,,,
a2895a4fac43e4fb409f,full_annotation_v1,A,q_사진_01,증명사진 찍는 곳,생활서비스 중 '사진'을 판매·제공하는 매장,test,사진,T5 서비스,ee4ada4e-d7bb-42f8-9ce6-6492b229e90a,명사진관,사진,오창전통시장,전통시장,충청북도,,,
929e15dbffc761056b6f,full_annotation_v1,A,q_사진_01,증명사진 찍는 곳,생활서비스 중 '사진'을 판매·제공하는 매장,test,사진,T5 서비스,0364f7d7-b320-4755-9e1f-89150e389efd,"91제이스튜디오, 오늘의 굿즈",사진,소촌중앙 골목형상점가,골목형상점가,광주광역시,,,
1eda024643b6450e06bf,full_annotation_v1,A,q_사진_01,증명사진 찍는 곳,생활서비스 중 '사진'을 판매·제공하는 매장,test,사진,T5 서비스,842f6cf1-6411-4f4b-be23-746d79e31656,섬곳,한식,플레이사계 지오단길 골목형상점가,골목형상점가,제주특별자치도,,,
53efb07ddc18e35b8c60,full_annotation_v1,A,q_사진_01,증명사진 찍는 곳,생활서비스 중 '사진'을 판매·제공하는 매장,test,사진,T5 서비스,4ca091f9-3b4f-4154-be1f-83c49ce7710c,마산사진관 기억나무 가족 증명,사진촬영,마산 창동통합상가,자율상권구역,경상남도,,,
e055637406e40bdb4f4d,full_annotation_v1,A,q_사진_01,증명사진 찍는 곳,생활서비스 중 '사진'을 판매·제공하는 매장,test,사진,T5 서비스,5dddaa2c-2a16-48f7-8b57-cb69833f94c0,해피컴,컴퓨터 및 주변기기,전주전자상가(구 전주기린로전자상가),자율상권구역,전북특별자치도,,,
af206180f4289bbcdaaa,full_annotation_v1,A,q_사진_01,증명사진 찍는 곳,생활서비스 중 '사진'을 판매·제공하는 매장,test,사진,T5 서비스,542992d0-742c-4c45-862d-c46d9aabf504,새서울사진,사진,과천새서울프라자시장,전통시장,경기도,,,
fdc3c6ed0424658025c2,full_annotation_v1,A,q_사진_01,증명사진 찍는 곳,생활서비스 중 '사진'을 판매·제공하는 매장,test,사진,T5 서비스,96097adc-215d-4099-8366-5869240e3be2,아노프스튜디오,증명사진,수완은빛마을,골목형상점가,광주광역시,,,
7cb688068ce88fa7ea49,full_annotation_v1,A,q_사진_01,증명사진 찍는 곳,생활서비스 중 '사진'을 판매·제공하는 매장,test,사진,T5 서비스,c56e0a1a-f692-45ba-a5cb-978ba7325ac8,분당비타민약국,,"서현레이디파크, 굿모닝 상점가",골목형상점가,경기도,,,
fb0c81c5aa08dcce3e6a,full_annotation_v1,A,q_사진_01,증명사진 찍는 곳,생활서비스 중 '사진'을 판매·제공하는 매장,test,사진,T5 서비스,76a3551b-dae4-4326-92cc-662015aedbfb,쉴 곳,한식,칠성로상점가,자율상권구역,제주특별자치도,,,
20d2abbdf77fc5d311cf,full_annotation_v1,A,q_사진_01,증명사진 찍는 곳,생활서비스 중 '사진'을 판매·제공하는 매장,test,사진,T5 서비스,bcbcbbe1-6569-4f42-bc3e-391b5bfb0239,굿사진 스튜디오,사진,대구 삼익 골목형상점가,골목형상점가,대구광역시,,,
e1db43ef5df52b643c4f,full_annotation_v1,A,q_사진_01,증명사진 찍는 곳,생활서비스 중 '사진'을 판매·제공하는 매장,test,사진,T5 서비스,f57fe2fe-1281-4221-87fe-86b043b02e6c,행복한추억좋은사진,사진,월곡대반 골목형상점가,골목형상점가,광주광역시,,,
06240a5dc51a05e5cffd,full_annotation_v1,A,q_사진_01,증명사진 찍는 곳,생활서비스 중 '사진'을 판매·제공하는 매장,test,사진,T5 서비스,78a6fd1d-269c-42b9-a154-bb58dc9aa43f,증명하다사진관 풍암동본점,사진촬영,풍암벚꽃길상인회 골목형상점가,골목형상점가,광주광역시,,,
75c73420805b5ade239a,full_annotation_v1,A,q_사진_01,증명사진 찍는 곳,생활서비스 중 '사진'을 판매·제공하는 매장,test,사진,T5 서비스,a567761a-b600-4821-9717-503972284789,우성축산물,식육,청주육거리종합시장,전통시장,충청북도,,,
48f27973244aef7ec0de,full_annotation_v1,A,q_사진_01,증명사진 찍는 곳,생활서비스 중 '사진'을 판매·제공하는 매장,test,사진,T5 서비스,cc2f27d7-7600-4eef-b55f-fd85951a91af,입체사진관,사진,정읍연지상점가,자율상권구역,전북특별자치도,,,
ee55fd9ca227b4c67d2e,full_annotation_v1,A,q_사진_01,증명사진 찍는 곳,생활서비스 중 '사진'을 판매·제공하는 매장,test,사진,T5 서비스,63a59f73-eca7-4c6f-afbf-4012ea4a040e,베스킨라빈스31아이스크림,아이스크림,석계역 골목형상점가,골목형상점가,서울특별시,,,
888284af7052775ed727,full_annotation_v1,A,q_사진_01,증명사진 찍는 곳,생활서비스 중 '사진'을 판매·제공하는 매장,test,사진,T5 서비스,931107e9-6c18-4d65-a03c-c3473949e851,유명사진관,,안양중앙시장,전통시장,경기도,,,
63d7677fca9edef0e37e,full_annotation_v1,A,q_사진_01,증명사진 찍는 곳,생활서비스 중 '사진'을 판매·제공하는 매장,test,사진,T5 서비스,ea4686bf-b231-4b4b-b839-ac1549ad1fb3,사진병원,사진,계림아이파크SK뷰 골목형상점가,골목형상점가,광주광역시,,,
510637db7f912ca4efdc,full_annotation_v1,A,q_사진_01,증명사진 찍는 곳,생활서비스 중 '사진'을 판매·제공하는 매장,test,사진,T5 서비스,832655ff-19fe-4502-91a7-3d05b4b74e2d,촌놈떡갈비,도소매(음식),수유시장,전통시장,서울특별시,,,
0c680838bac4521d3607,full_annotation_v1,A,q_사진_01,증명사진 찍는 곳,생활서비스 중 '사진'을 판매·제공하는 매장,test,사진,T5 서비스,00647455-7222-4215-9690-7f83a5fbe7b5,쌍마스튜디오,사진,백년소상공인,기타,서울특별시,,,
d76c604713e622def4a3,full_annotation_v1,A,q_사진_01,증명사진 찍는 곳,생활서비스 중 '사진'을 판매·제공하는 매장,test,사진,T5 서비스,623a9625-5c11-4a2d-a405-8ca1411020c2,썬스튜디오,"여권사진, 증명사진, 비자사진, 사진복원, 가족사진, 사진출력, 액자제작",망원동십자로길골목형상점가,골목형상점가,서울특별시,,,
e98275d6a57abba70ad3,full_annotation_v1,A,q_사진_01,증명사진 찍는 곳,생활서비스 중 '사진'을 판매·제공하는 매장,test,사진,T5 서비스,2ac8d13d-223d-4067-844b-7b12249506fd,시안사진관 천안불당점,증명사진 여권사진 프로필사진 이미지사진 커플사진 가족사진 반려동물�,시청앞사거리 골목형상점가,골목형상점가,충청남도,,,
204045d0fd40e8860fa9,full_annotation_v1,A,q_사진_01,증명사진 찍는 곳,생활서비스 중 '사진'을 판매·제공하는 매장,test,사진,T5 서비스,07d1cac8-f022-46da-bdc6-036d200f532f,봄사진관,사진,계림 재미로 골목형상점가,골목형상점가,광주광역시,,,
dc9602b743e7c90371e4,full_annotation_v1,A,q_사진_01,증명사진 찍는 곳,생활서비스 중 '사진'을 판매·제공하는 매장,test,사진,T5 서비스,fb3f214a-8eaa-49c1-ba32-d8f7212343e4,레아사진관,증명사진,초록거리 골목형상점가,골목형상점가,경기도,,,
4bcb527b584a65c062c3,full_annotation_v1,A,q_사진_01,증명사진 찍는 곳,생활서비스 중 '사진'을 판매·제공하는 매장,test,사진,T5 서비스,bcdf7917-afa6-4f23-bbe6-96e3e2c73ff9,스타문구사,문구,감전시장,전통시장,부산광역시,,,
796e55fd8b0f1c2ad7fc,full_annotation_v1,A,q_사진_01,증명사진 찍는 곳,생활서비스 중 '사진'을 판매·제공하는 매장,test,사진,T5 서비스,1c5104dd-02d0-4997-af73-0cdc975e7d2c,연사진관,사진,새치마을 골목형상점가,골목형상점가,울산광역시,,,
b2780591e376c8e83ea5,full_annotation_v1,A,q_사진_01,증명사진 찍는 곳,생활서비스 중 '사진'을 판매·제공하는 매장,test,사진,T5 서비스,f4c0cca5-8fae-4c5b-aef1-f001356b8811,스튜디오 안즈,증명사진 여권사진 가족사진,보람동 골목형상점가,골목형상점가,세종특별자치시,,,
831bd7ea39aa5d275f0c,full_annotation_v1,A,q_사진_01,증명사진 찍는 곳,생활서비스 중 '사진'을 판매·제공하는 매장,test,사진,T5 서비스,7bc75f4d-2b26-42c0-9265-f53e6b38f31a,민승근사진관,사진,첨단동행 골목형상점가,골목형상점가,광주광역시,,,
fbd6a9e49546c4a4006a,full_annotation_v1,A,q_사진_01,증명사진 찍는 곳,생활서비스 중 '사진'을 판매·제공하는 매장,test,사진,T5 서비스,a2307144-5cdb-434e-8d99-2cf1e98d327e,성주미디어,증명사진 여권사진 제품촬영,성주시장,전통시장,경상북도,,,
330e6ece8a472c393d5e,full_annotation_v1,A,q_사진_01,증명사진 찍는 곳,생활서비스 중 '사진'을 판매·제공하는 매장,test,사진,T5 서비스,c0ce9104-dc15-4f98-bbe8-91b4f48c7f9b,사진관 온김에 은행점,증명사진,은행동상점가(구 으능정이상점가),자율상권구역,대전광역시,,,
7ee58b975bf2d7a775a1,full_annotation_v1,A,q_사진_01,증명사진 찍는 곳,생활서비스 중 '사진'을 판매·제공하는 매장,test,사진,T5 서비스,8dba4a74-f95f-4032-b864-86f948e54af8,빈이네사진관,증명 여권사진,단국대 앞 골목형상점가,골목형상점가,경기도,,,
18092c2874662a2a8d2c,full_annotation_v1,A,q_사진_01,증명사진 찍는 곳,생활서비스 중 '사진'을 판매·제공하는 매장,test,사진,T5 서비스,c111ac9d-3f3a-405c-a8db-4d127ccda9e2,행복이 있는 곳,잡화,제주로얄쇼핑센터,자율상권구역,제주특별자치도,,,
16a1fa8b8845f5f93ac0,full_annotation_v1,A,q_사진_01,증명사진 찍는 곳,생활서비스 중 '사진'을 판매·제공하는 매장,test,사진,T5 서비스,0cfcba2a-3f3a-4ff0-ae73-cef300cbfc1b,내모습사진관,사진,사거리온누리 골목형상점가,골목형상점가,충청남도,,,
d1644a86347658347ef2,full_annotation_v1,A,q_사진_01,증명사진 찍는 곳,생활서비스 중 '사진'을 판매·제공하는 매장,test,사진,T5 서비스,a5201b35-71aa-495d-b997-22e9f32f7033,루미에르스튜디오,사진 아기사진 가족사진 증명 프로필,맛조이상인회 골목형상점가,골목형상점가,광주광역시,,,
2fbb7875f0ad06ec77d7,full_annotation_v1,A,q_사진_01,증명사진 찍는 곳,생활서비스 중 '사진'을 판매·제공하는 매장,test,사진,T5 서비스,01a4c030-7c2c-4604-90aa-c83344fb5081,포토펀,사진,메트로센터(반월당지하쇼핑),일반지하상점가,대구광역시,,,
10471f9b666126d4ffb2,full_annotation_v1,A,q_사진_01,증명사진 찍는 곳,생활서비스 중 '사진'을 판매·제공하는 매장,test,사진,T5 서비스,4c79284f-7933-4474-8d15-5e7ef2f19660,바우사진,사진,신가동 골목형상점가,골목형상점가,광주광역시,,,
d25ed2d768a517b337d5,full_annotation_v1,A,q_사진_01,증명사진 찍는 곳,생활서비스 중 '사진'을 판매·제공하는 매장,test,사진,T5 서비스,82deeb0e-8dcb-4256-94c3-98d6674a0644,한양천리,한식,방림로 골목형상점가,골목형상점가,광주광역시,,,
d26d70c9c1af5bb7ae8b,full_annotation_v1,A,q_사진_01,증명사진 찍는 곳,생활서비스 중 '사진'을 판매·제공하는 매장,test,사진,T5 서비스,3ee4833d-6dd8-43b7-a001-752e74fba97b,사진쟁이,사진,여주한글시장(여주중앙로상점가),전통시장,경기도,,,
c7337c5961538cd1fff4,full_annotation_v1,A,q_사진_01,증명사진 찍는 곳,생활서비스 중 '사진'을 판매·제공하는 매장,test,사진,T5 서비스,84ec4f4f-be78-4bdf-be7b-d16b6450e3c2,찍어,사진,영주로상권,자율상권구역,경상북도,,,
370713352a9a9c4e32ab,full_annotation_v1,A,q_사진_01,증명사진 찍는 곳,생활서비스 중 '사진'을 판매·제공하는 매장,test,사진,T5 서비스,063ecc5d-dabc-4041-8a98-95a5363017f3,젊은사진관,사진,엄사 골목형상점가,골목형상점가,충청남도,,,
f68faef331a46de7b8e4,full_annotation_v1,A,q_사진_01,증명사진 찍는 곳,생활서비스 중 '사진'을 판매·제공하는 매장,test,사진,T5 서비스,6feef8bd-f1db-47d6-9d82-f2290fa4efc7,스튜디오호감 광주전대점,증명사진,전남대후문골목형상점가,골목형상점가,광주광역시,,,
0cc00f212f4c4ba4de06,full_annotation_v1,A,q_사진_01,증명사진 찍는 곳,생활서비스 중 '사진'을 판매·제공하는 매장,test,사진,T5 서비스,2743811c-5e71-4d2b-aa75-1b0147d44f2d,사우 꽃이 피는 곳,꽃,김포 풍년마을 골목형상점가,골목형상점가,경기도,,,
bf7bb7ecac0c2abdcc09,full_annotation_v1,A,q_사진_01,증명사진 찍는 곳,생활서비스 중 '사진'을 판매·제공하는 매장,test,사진,T5 서비스,672361e9-7462-46c6-af5c-de175f626c01,쌍광사진관,사진,계림오거리 골목형상점가,골목형상점가,광주광역시,,,
faef93dd044402f79d90,full_annotation_v1,A,q_사진_01,증명사진 찍는 곳,생활서비스 중 '사진'을 판매·제공하는 매장,test,사진,T5 서비스,9cbc3b48-d7ff-4215-bbb6-9e90744caeb8,워너비스튜디오,증명사진 여권사진 가족사진,동구청앞 골목형상점가,골목형상점가,광주광역시,,,
930f521c55cf63adb041,full_annotation_v1,A,q_사진_01,증명사진 찍는 곳,생활서비스 중 '사진'을 판매·제공하는 매장,test,사진,T5 서비스,c4d73b75-6fda-4547-870a-8de27b35d11f,상무사진,,치평상무역상인회 골목형상점가,골목형상점가,광주광역시,,,
bc19e2aa52cf1f1b870f,full_annotation_v1,A,q_사진_01,증명사진 찍는 곳,생활서비스 중 '사진'을 판매·제공하는 매장,test,사진,T5 서비스,2ac52ba8-b27c-403c-8b33-391b490062be,루나사진관,"증명사진, 프로필, 가족사진, 사진인화",반곡동행복 골목형상점가,골목형상점가,세종특별자치시,,,
623f9f2f468ece36e874,full_annotation_v1,A,q_사진_01,증명사진 찍는 곳,생활서비스 중 '사진'을 판매·제공하는 매장,test,사진,T5 서비스,1e0a9834-ac2c-4d66-9cb0-87330969799d,세종 365 믿음정형외과,의료용품,고운동상점가,자율상권구역,세종특별자치시,,,
aeeccef377e562a0e40f,full_annotation_v1,A,q_사진_01,증명사진 찍는 곳,생활서비스 중 '사진'을 판매·제공하는 매장,test,사진,T5 서비스,24456103-f6b8-46af-8655-82e61d7265d8,커피가 머무르는 곳,커피,반드레길골목형상점가,골목형상점가,서울특별시,,,
552cbf1822f6d3cf3ec8,full_annotation_v1,A,q_사진_01,증명사진 찍는 곳,생활서비스 중 '사진'을 판매·제공하는 매장,test,사진,T5 서비스,b3d5c454-27cb-49c8-aaba-6628bf9569e5,스튜디오마이시즌,증명여권 취업사원증사진 커플사진 프로필사진 가족사진,첨단이웃사랑 골목형상점가,골목형상점가,광주광역시,,,
91a4423ab785e6fc9f12,full_annotation_v1,A,q_사진_01,증명사진 찍는 곳,생활서비스 중 '사진'을 판매·제공하는 매장,test,사진,T5 서비스,dc1b369d-f16c-4a12-b38a-42f47b3c4737,증명프로필 사진관 레드셔터 청당점,,청당4번가 골목형상점가,골목형상점가,충청남도,,,
428bfd57f6f0f622d13f,full_annotation_v1,A,q_서점_01,서점,문화·여가 중 '서점'을 판매·제공하는 매장,val,서점,T1 정확표기,e1b6ffa1-dc38-4d18-b15a-0e4750463f59,더블,일반음식,무주반딧불상권활성화구역,상권활성화구역,전북특별자치도,,,
f268036590c17f1ba51d,full_annotation_v1,A,q_서점_01,서점,문화·여가 중 '서점'을 판매·제공하는 매장,val,서점,T1 정확표기,e6848009-c075-4c76-82c5-d797649101b6,어린이서점,서점,이리옴프라자골목형상점가,골목형상점가,인천광역시,,,
71be3a764ce71c716f96,full_annotation_v1,A,q_서점_01,서점,문화·여가 중 '서점'을 판매·제공하는 매장,val,서점,T1 정확표기,c6ef8233-b6c4-4ea9-99d4-6f3cd2004e0a,지성서점,서점,군분로꽁양상인회 골목형상점가,골목형상점가,광주광역시,,,
d74407e6a1f4caa421b2,full_annotation_v1,A,q_서점_01,서점,문화·여가 중 '서점'을 판매·제공하는 매장,val,서점,T1 정확표기,58456590-5692-4819-b30a-8ba16a5c037a,쇼핑홍삼원,인삼제품,금산국제인삼시장,전통시장,충청남도,,,
f26de1c132e5050a7920,full_annotation_v1,A,q_서점_01,서점,문화·여가 중 '서점'을 판매·제공하는 매장,val,서점,T1 정확표기,2426064b-8346-4af8-bc3d-5827b1dc1ade,책방 죄책감,서점,순헌황귀비길 골목형상점가,골목형상점가,서울특별시,,,
209aeb0fa4d56c1fe9df,full_annotation_v1,A,q_서점_01,서점,문화·여가 중 '서점'을 판매·제공하는 매장,val,서점,T1 정확표기,8f824f78-7719-46fd-8bc7-da73c2d299fa,웅이네분식,분식점,장승배기로 골목형상점가,골목형상점가,전북특별자치도,,,
133b40d79290bd4b4279,full_annotation_v1,A,q_서점_01,서점,문화·여가 중 '서점'을 판매·제공하는 매장,val,서점,T1 정확표기,601e26d4-3595-44a9-87b2-40c1a3c36e6c,양현책세상,서점,노량진만나로골목형상점가,골목형상점가,서울특별시,,,
4cb527c008010785e8e3,full_annotation_v1,A,q_서점_01,서점,문화·여가 중 '서점'을 판매·제공하는 매장,val,서점,T1 정확표기,0b4bdfd4-7ffe-4bef-8a0a-a9a3ae1e54be,펀앤북,서점,광주역 복개로 골목형상점가,골목형상점가,광주광역시,,,
c7a13159a86e74268052,full_annotation_v1,A,q_서점_01,서점,문화·여가 중 '서점'을 판매·제공하는 매장,val,서점,T1 정확표기,5eedd2a0-41d7-4b79-b8bc-a2a95564a6d4,양지서점,서점,평화로상가,자율상권구역,경상북도,,,
a535b492e5ffb241df86,full_annotation_v1,A,q_서점_01,서점,문화·여가 중 '서점'을 판매·제공하는 매장,val,서점,T1 정확표기,f94c503e-88de-4c14-9bb9-9c7f69c6970f,다미반찬,반찬,당감새시장,전통시장,부산광역시,,,
d530e8205ee40dfef18d,full_annotation_v1,A,q_서점_01,서점,문화·여가 중 '서점'을 판매·제공하는 매장,val,서점,T1 정확표기,f0c1635f-62b5-453e-96ce-fd704faf415e,카페안테나,일반음식점업,장승배기로 골목형상점가,골목형상점가,전북특별자치도,,,
f23b717730c959a0a19c,full_annotation_v1,A,q_서점_01,서점,문화·여가 중 '서점'을 판매·제공하는 매장,val,서점,T1 정확표기,a1813f15-599c-425c-897d-d95d955d3ce1,미리벌서점,서점,밀양 내일전통시장,전통시장,경상남도,,,
9de08db7058fd888ad22,full_annotation_v1,A,q_서점_01,서점,문화·여가 중 '서점'을 판매·제공하는 매장,val,서점,T1 정확표기,466c28f1-c42e-4eba-b1d6-245e39d5f731,어바웃북스 본점,서점,안양가구상점가,자율상권구역,경기도,,,
3fe6fb7936ccf7df5c31,full_annotation_v1,A,q_서점_01,서점,문화·여가 중 '서점'을 판매·제공하는 매장,val,서점,T1 정확표기,9fbd3a7d-0680-46bd-90af-6d3e6c13808e,홍익문고,서점,신촌 상점가,자율상권구역,서울특별시,,,
e8d8ea21ea3c37af8a5a,full_annotation_v1,A,q_서점_01,서점,문화·여가 중 '서점'을 판매·제공하는 매장,val,서점,T1 정확표기,fb0f6e7a-ffe8-4293-9e30-709c48d2dedb,주식회사 화서가,서점,화곡중앙시장,전통시장,서울특별시,,,
3e7880a7642455a923cc,full_annotation_v1,A,q_서점_01,서점,문화·여가 중 '서점'을 판매·제공하는 매장,val,서점,T1 정확표기,0961cd03-6452-4d93-bd01-6a4d0bd92f5b,첨단임마누엘서점 임마누엘분식,서점문구분식,첨단부영 골목형상점가,골목형상점가,광주광역시,,,
731e6bd7752cb9721c5b,full_annotation_v1,A,q_서점_01,서점,문화·여가 중 '서점'을 판매·제공하는 매장,val,서점,T1 정확표기,ee755d5f-f620-4808-962f-fcaa60462729,오른서점,서점,신용동 골목형상점가,골목형상점가,광주광역시,,,
55be7c472e21cd05a3ab,full_annotation_v1,A,q_서점_01,서점,문화·여가 중 '서점'을 판매·제공하는 매장,val,서점,T1 정확표기,14e71015-6ca8-4e99-8be3-a6d85f8f4dc7,행복한서점 이동점,서점,포항 대이상가 골목형상점가,골목형상점가,경상북도,,,
a14c3dbe3abe060216fb,full_annotation_v1,A,q_서점_01,서점,문화·여가 중 '서점'을 판매·제공하는 매장,val,서점,T1 정확표기,a05d93fe-bbd4-4660-8b0e-de288d3f60ae,마포문고,서점,용강동상점가,자율상권구역,서울특별시,,,
a2dd10bf318b603b74f1,full_annotation_v1,A,q_서점_01,서점,문화·여가 중 '서점'을 판매·제공하는 매장,val,서점,T1 정확표기,3934fc07-2ebf-4c95-b0c1-90ff35ecd1bc,우수 이불토신,건어물 및 젓갈류 컵과일 컷팅과일과자,부곡시장,전통시장,부산광역시,,,
c90af4e98345b2f0e482,full_annotation_v1,A,q_서점_01,서점,문화·여가 중 '서점'을 판매·제공하는 매장,val,서점,T1 정확표기,cd95d114-b71e-46ea-beec-e277bfa86aeb,영통어린이서점,서점,뉴월드프라자골목형상점가,골목형상점가,경기도,,,
6ba3bef83e1e1f3f5303,full_annotation_v1,A,q_서점_01,서점,문화·여가 중 '서점'을 판매·제공하는 매장,val,서점,T1 정확표기,023d6fc9-7b0e-4244-9279-534051fff793,삼복서점,도서,고은상인회 골목형상점가,골목형상점가,광주광역시,,,
d4c4a2103bc82e8efac9,full_annotation_v1,A,q_서점_01,서점,문화·여가 중 '서점'을 판매·제공하는 매장,val,서점,T1 정확표기,e64f736f-da1d-41bf-9328-8b4f94873320,북앤피플,소매업(서점),북광장상가,자율상권구역,경기도,,,
de65128af9015c0f5a40,full_annotation_v1,A,q_서점_01,서점,문화·여가 중 '서점'을 판매·제공하는 매장,val,서점,T1 정확표기,baed26e3-1376-4436-ba41-3ea8c0c5e5c1,울산토리어린이서점,서점,매곡드림 골목형상점가,골목형상점가,울산광역시,,,
ac940cb54af8513b0d8b,full_annotation_v1,A,q_서점_01,서점,문화·여가 중 '서점'을 판매·제공하는 매장,val,서점,T1 정확표기,ca97d35d-a5fb-466e-9414-4e642d4a7a40,소담서점 한솔점,서점,한솔동 5~6단지상점가,자율상권구역,세종특별자치시,,,
769e36c1c4b2b81bc4ed,full_annotation_v1,A,q_서점_01,서점,문화·여가 중 '서점'을 판매·제공하는 매장,val,서점,T1 정확표기,f7350843-6a7c-43c0-8651-822b2bc6b4a8,무용,서점,가평잣고을시장,전통시장,경기도,,,
4563653477250713ff59,full_annotation_v1,A,q_서점_01,서점,문화·여가 중 '서점'을 판매·제공하는 매장,val,서점,T1 정확표기,767c82d8-3495-4be3-b467-6f38495c5f57,진우한우곱창,한식,용봉지구 골목형상점가,골목형상점가,광주광역시,,,
f19a53000ec4f3c6d7cc,full_annotation_v1,A,q_서점_01,서점,문화·여가 중 '서점'을 판매·제공하는 매장,val,서점,T1 정확표기,dfcc6450-8e08-455e-81b7-308cfdbb675e,포사이공,과일,논산화지중앙시장,전통시장,충청남도,,,
33c6325d72d24ea26505,full_annotation_v1,A,q_서점_01,서점,문화·여가 중 '서점'을 판매·제공하는 매장,val,서점,T1 정확표기,6c7293eb-93f4-47f6-988e-5221c7576664,인생고기,한식,부곡맛고을상가,자율상권구역,경상북도,,,
ac0eb3f54e600e1ba21d,full_annotation_v1,A,q_서점_01,서점,문화·여가 중 '서점'을 판매·제공하는 매장,val,서점,T1 정확표기,f71335fd-c94d-4c1a-a7a9-525d3eeec54a,말쑤기반찬 말쑤기식당,"한식, 반찬",광천문화시장,전통시장,충청남도,,,
7fb6f2b3d1f038d383ff,full_annotation_v1,A,q_서점_01,서점,문화·여가 중 '서점'을 판매·제공하는 매장,val,서점,T1 정확표기,941876a0-914b-4e1c-9c4b-ae03708463bd,나눔에 서점,책,엄사 골목형상점가,골목형상점가,충청남도,,,
c32ead4fcaae93ef9bfa,full_annotation_v1,A,q_서점_01,서점,문화·여가 중 '서점'을 판매·제공하는 매장,val,서점,T1 정확표기,63b056a6-9d23-4081-b83e-4fb9df222136,옥주서점,서점,진도 남문로 상권활성화구역,상권활성화구역,전라남도,,,
42f809116c2e211aaf34,full_annotation_v1,A,q_서점_01,서점,문화·여가 중 '서점'을 판매·제공하는 매장,val,서점,T1 정확표기,021db5d1-5a69-4dd4-9faf-d36d74f1a3c2,어울림북앤락,도서,부평종합시장,전통시장,인천광역시,,,
05f5b40d80c942b9a59c,full_annotation_v1,A,q_서점_01,서점,문화·여가 중 '서점'을 판매·제공하는 매장,val,서점,T1 정확표기,29251653-4c52-4caa-b06f-fe1f7c4c88a7,샘터서점,서점,영주문화시장,전통시장,경상북도,,,
a907687a0f01d5d0351e,full_annotation_v1,A,q_서점_01,서점,문화·여가 중 '서점'을 판매·제공하는 매장,val,서점,T1 정확표기,94f428ca-f599-41c3-8390-3b073281f73f,서점서점,커피 및 도서,충장로123가 상점가,자율상권구역,광주광역시,,,
0be2fee3c9291152534d,full_annotation_v1,A,q_서점_01,서점,문화·여가 중 '서점'을 판매·제공하는 매장,val,서점,T1 정확표기,05a518b1-2134-4333-9246-f29960893fac,분당미금어린이서점,도서,미금현대벤처빌시장,전통시장,경기도,,,
57f8c24ffde772afa431,full_annotation_v1,A,q_서점_01,서점,문화·여가 중 '서점'을 판매·제공하는 매장,val,서점,T1 정확표기,153c7990-0dd2-40ea-b45f-41afef98da9c,엔터북,서점,중흥청춘로 골목형상점가,골목형상점가,광주광역시,,,
37415cfcd12169740be6,full_annotation_v1,A,q_서점_01,서점,문화·여가 중 '서점'을 판매·제공하는 매장,val,서점,T1 정확표기,ffbb1ad0-bc73-46e3-8f4a-69f4124808ec,책방,서점,진보전통시장,전통시장,경상북도,,,
ca874b6ae01b46027446,full_annotation_v1,A,q_서점_01,서점,문화·여가 중 '서점'을 판매·제공하는 매장,val,서점,T1 정확표기,664a121f-322e-4cbd-89ed-6e45776ae34f,성지서점,서점,풍향골(제1지역:동신) 골목형상점가,골목형상점가,광주광역시,,,
150f0695420495a86de3,full_annotation_v1,A,q_서점_01,서점,문화·여가 중 '서점'을 판매·제공하는 매장,val,서점,T1 정확표기,e62d1f55-65bd-441a-824f-07ffdf14b804,동그라미서점,서점,왕지상가,자율상권구역,전라남도,,,
5e93651c839e062460bc,full_annotation_v1,A,q_서점_01,서점,문화·여가 중 '서점'을 판매·제공하는 매장,val,서점,T1 정확표기,9d3212d4-80ee-453c-9c3b-1b01afc53c02,상지문고,서점,매탄중심상가 골목형상점가,골목형상점가,경기도,,,
c1702814a0e78fcf795d,full_annotation_v1,A,q_서점_01,서점,문화·여가 중 '서점'을 판매·제공하는 매장,val,서점,T1 정확표기,3ca3d322-76c4-4bac-9e05-8d7ac6d8666f,까꿍어린이서점,서점,전주혁신사랑 골목형상점가,골목형상점가,전북특별자치도,,,
29545e9e49c7e0a5072d,full_annotation_v1,A,q_서점_01,서점,문화·여가 중 '서점'을 판매·제공하는 매장,val,서점,T1 정확표기,712de9a6-46fb-4428-bd99-c04f345fa13b,고려서적,서점,영해만세시장(구 영해시장),전통시장,경상북도,,,
3af03d0f1b1aa48301fc,full_annotation_v1,A,q_서점_01,서점,문화·여가 중 '서점'을 판매·제공하는 매장,val,서점,T1 정확표기,0a55ce53-29fe-42e8-8305-303701bbf348,무주서점,서점,무주반딧불상권활성화구역,상권활성화구역,전북특별자치도,,,
c403030bc0b0357cadc9,full_annotation_v1,A,q_서점_01,서점,문화·여가 중 '서점'을 판매·제공하는 매장,val,서점,T1 정확표기,1e76c7ff-7492-40bc-bc42-19c377005be5,달인명품호떡모래내시장점점,한식,전주모래내시장,전통시장,전북특별자치도,,,
8fe208628b35d523ba47,full_annotation_v1,A,q_서점_01,서점,문화·여가 중 '서점'을 판매·제공하는 매장,val,서점,T1 정확표기,ad852156-5699-40fc-870d-7e3a3a7358c2,다산어린이전문서점,서점,다산역 로데오 상점가,자율상권구역,경기도,,,
621450db813b6502d396,full_annotation_v1,A,q_서점_01,서점,문화·여가 중 '서점'을 판매·제공하는 매장,val,서점,T1 정확표기,eaeeedbc-a0c7-4514-b017-3c45d09fb9a0,포레스트온,서점,백석한들1번가 골목형상점가,골목형상점가,충청남도,,,
ee784d4e61c0cab41602,full_annotation_v1,A,q_서점_01,서점,문화·여가 중 '서점'을 판매·제공하는 매장,val,서점,T1 정확표기,3e36a603-ef6f-4787-a1ac-67ac9b45ad67,반석서점,서점,구성언남 골목형상점가,골목형상점가,경기도,,,
c8ad9e7dccf7510ab1c0,full_annotation_v1,A,q_서점_01,서점,문화·여가 중 '서점'을 판매·제공하는 매장,val,서점,T1 정확표기,706aaf51-8e59-48cb-8ded-f799b33666c3,시장불교서점,서점,영천공설시장,전통시장,경상북도,,,
39f444155758607a57fe,full_annotation_v1,A,q_서점_01,서점,문화·여가 중 '서점'을 판매·제공하는 매장,val,서점,T1 정확표기,e570a125-a23b-48a1-95ec-74b87ebca8dc,길이 열리는 서점,서적,병점중심상가,자율상권구역,경기도,,,
00f6774094e9c7b155fa,full_annotation_v1,A,q_서점_01,서점,문화·여가 중 '서점'을 판매·제공하는 매장,val,서점,T1 정확표기,ee9af25f-047d-48e4-b2b5-a1d1afc20d9d,쌩얼 EYE LASH,피부미용업,무주반딧불상권활성화구역,상권활성화구역,전북특별자치도,,,
6e829741ce1b70ce3c3d,full_annotation_v1,A,q_서점_01,서점,문화·여가 중 '서점'을 판매·제공하는 매장,val,서점,T1 정확표기,b67dae64-c06f-4862-b63b-e5726ead8287,유일서적,도소매(서점),뚝섬역상점가(서울숲상원길상점가),자율상권구역,서울특별시,,,
ec3ded95cf3947344bdd,full_annotation_v1,A,q_서점_01,서점,문화·여가 중 '서점'을 판매·제공하는 매장,val,서점,T1 정확표기,caa26bb5-fa81-4333-9f92-665f56f1a194,북컬쳐(국제신도시서점),서점,명지국제 골목형상점가,골목형상점가,부산광역시,,,
2fcba30b5a352e33574e,full_annotation_v1,A,q_서점_01,서점,문화·여가 중 '서점'을 판매·제공하는 매장,val,서점,T1 정확표기,26fd76b3-26cc-4bb6-a9cd-51933663be5c,윈윈도서,서점,본리 장대빌딩 골목형상점가,골목형상점가,대구광역시,,,
81bfd97d5e99c9d17b74,full_annotation_v1,A,q_서점_01,서점,문화·여가 중 '서점'을 판매·제공하는 매장,val,서점,T1 정확표기,a9ce30ed-0197-4394-a099-e87bf23a4222,책마트 서점,도서,먹자골음식문화의거리(창동먹자골상점가),자율상권구역,경기도,,,
c916ce863b3ca50285bb,full_annotation_v1,A,q_서점_01,서점,문화·여가 중 '서점'을 판매·제공하는 매장,val,서점,T1 정확표기,15b1a07a-e814-48af-8757-0e4154ed49a2,열린문고,서점,고척골목시장상점가,전통시장,서울특별시,,,
5826fd9edd7ab8fea65a,full_annotation_v1,A,q_서점_01,서점,문화·여가 중 '서점'을 판매·제공하는 매장,val,서점,T1 정확표기,313bfb9b-905a-4300-86b3-b749f0fb6007,초롱서적문구,서점,청사 골목형상점가,골목형상점가,대전광역시,,,
8e27645dd53fac3695d2,full_annotation_v1,A,q_서점_01,서점,문화·여가 중 '서점'을 판매·제공하는 매장,val,서점,T1 정확표기,2097c225-751a-41c3-8ffe-933e12e1d108,교학서점,서점,서천읍 군사리 골목형상점가,골목형상점가,충청남도,,,
2de388d0ad49cb01073d,full_annotation_v1,A,q_서점_01,서점,문화·여가 중 '서점'을 판매·제공하는 매장,val,서점,T1 정확표기,3a43f0ef-d5b8-449d-83aa-3c2af57b63be,행복한 어린이 서점,서점,대추나무골 골목형상점가,골목형상점가,경기도,,,
6fca80397e5479dadd90,full_annotation_v1,A,q_서점_01,서점,문화·여가 중 '서점'을 판매·제공하는 매장,val,서점,T1 정확표기,44044fad-1034-491e-9c39-bfccafbb010b,문구박스,"문구, 서점",금호상인회 골목형상점가,골목형상점가,광주광역시,,,
dd42f25dbd1e9b649e91,full_annotation_v1,A,q_서점_01,서점,문화·여가 중 '서점'을 판매·제공하는 매장,val,서점,T1 정확표기,4ab4f0c6-f652-429f-941b-663479252998,은하수 서점,서적,나주 영산포 자율상권구역,,전라남도,,,
32a60bb9f05f88e2d38a,full_annotation_v1,A,q_서점_01,서점,문화·여가 중 '서점'을 판매·제공하는 매장,val,서점,T1 정확표기,a0ed983b-98ea-48ff-82b0-8779997d8349,어린이서점위브2호점,서점,심곡복개천 상점가,자율상권구역,경기도,,,
0c5310a6029450da226f,full_annotation_v1,A,q_서점_01,서점,문화·여가 중 '서점'을 판매·제공하는 매장,val,서점,T1 정확표기,00a77461-4674-4064-b492-fe85892bab2e,스타북스,도서,구갈상점가,자율상권구역,경기도,,,
f79e2e45985b25ca1833,full_annotation_v1,A,q_서점_01,서점,문화·여가 중 '서점'을 판매·제공하는 매장,val,서점,T1 정확표기,44fb623a-fcd3-4ff4-9bae-c30c1987a208,동서상회,채소,부산새벽시장,전통시장,부산광역시,,,
a6164a5b487a9b4df782,full_annotation_v1,A,q_서점_01,서점,문화·여가 중 '서점'을 판매·제공하는 매장,val,서점,T1 정확표기,260947a4-c1c3-4a70-a583-16b055af64f0,박쌤스포츠,체력단련,전남대후문골목형상점가,골목형상점가,광주광역시,,,
ed210157fddca852c068,full_annotation_v1,A,q_서점_01,서점,문화·여가 중 '서점'을 판매·제공하는 매장,val,서점,T1 정확표기,d4d8a87f-716a-464a-b0f5-d4e0f9947f5b,호산나기독백화점,서점,금암동 골목형상점가,골목형상점가,충청남도,,,
498f0b5071a06255e813,full_annotation_v1,A,q_서점_01,서점,문화·여가 중 '서점'을 판매·제공하는 매장,val,서점,T1 정확표기,0541674e-2fa9-43a7-a5e3-f5f91d6a4ce4,호남기독백화점,도서,양림기독병원 골목형상점가,골목형상점가,광주광역시,,,
32d2bcad22e6a0eeb2c3,full_annotation_v1,A,q_서점_01,서점,문화·여가 중 '서점'을 판매·제공하는 매장,val,서점,T1 정확표기,513b98c3-e6fd-4b79-bdaf-834f30ae2735,12번철이네,수산물,죽도어시장,전통시장,경상북도,,,
91b6a2c81ed51b7f6f79,full_annotation_v1,A,q_서점_01,서점,문화·여가 중 '서점'을 판매·제공하는 매장,val,서점,T1 정확표기,37c22f91-33eb-49d1-93bd-904da7f1a163,연미매듭,공예품,제천중앙시장,전통시장,충청북도,,,
1b9a85eb3dd2b58ec87e,full_annotation_v1,A,q_서점_01,서점,문화·여가 중 '서점'을 판매·제공하는 매장,val,서점,T1 정확표기,547ebbd3-926b-4524-9f26-ae7d5fcf16c9,수지어린이서점,서점,성복 온누리 골목형상점가,골목형상점가,경기도,,,
d4fc54e631f9fd7beadf,full_annotation_v1,A,q_서점_01,서점,문화·여가 중 '서점'을 판매·제공하는 매장,val,서점,T1 정확표기,04961d72-f5b3-4605-86f3-8130ded3e312,본도시락성서점,,성서우방 골목형상점가,골목형상점가,대구광역시,,,
54221af49f8c9f270b6a,full_annotation_v1,A,q_서점_02,도서 매장,문화·여가 중 '서점'을 판매·제공하는 매장,val,서점,T2 동의어,021db5d1-5a69-4dd4-9faf-d36d74f1a3c2,어울림북앤락,도서,부평종합시장,전통시장,인천광역시,,,
4c175431768bc61c12a0,full_annotation_v1,A,q_서점_02,도서 매장,문화·여가 중 '서점'을 판매·제공하는 매장,val,서점,T2 동의어,5e564b4b-a721-486b-8dc6-2b3875079eb5,우리서점,도서,강진중앙로상가,자율상권구역,전라남도,,,
40ecb2410c0f955c21db,full_annotation_v1,A,q_서점_02,도서 매장,문화·여가 중 '서점'을 판매·제공하는 매장,val,서점,T2 동의어,743b2f4d-c836-428b-8327-2cb20594cf72,책벌레서점,도서,사기막골도자기시장(구 사기막골도예촌재래시장),전통시장,경기도,,,
6a65869cf1b8dd5f7dc4,full_annotation_v1,A,q_서점_02,도서 매장,문화·여가 중 '서점'을 판매·제공하는 매장,val,서점,T2 동의어,21feaa68-e09a-4320-b7f8-231062c46637,분당서점,도서,안말초로 골목형상점가,골목형상점가,경기도,,,
708900b65ca30036541d,full_annotation_v1,A,q_서점_02,도서 매장,문화·여가 중 '서점'을 판매·제공하는 매장,val,서점,T2 동의어,de0510fe-57c8-4dc1-beea-fc29fc9d07b3,그래서,도서,방산종합시장,전통시장,서울특별시,,,
28648c14ff543e9b1b6e,full_annotation_v1,A,q_서점_02,도서 매장,문화·여가 중 '서점'을 판매·제공하는 매장,val,서점,T2 동의어,f6d8b707-79ec-4d58-83e3-2c111654ce28,감나무책방,도서,고산미소시장(고산시장),전통시장,전북특별자치도,,,
a05cc448ba80dfb739a9,full_annotation_v1,A,q_서점_02,도서 매장,문화·여가 중 '서점'을 판매·제공하는 매장,val,서점,T2 동의어,0b4bdfd4-7ffe-4bef-8a0a-a9a3ae1e54be,펀앤북,서점,광주역 복개로 골목형상점가,골목형상점가,광주광역시,,,
8f83b33a2a1735cf82de,full_annotation_v1,A,q_서점_02,도서 매장,문화·여가 중 '서점'을 판매·제공하는 매장,val,서점,T2 동의어,83ce95c3-a370-4a83-83f0-3d2c9f58a5a6,문화서점,도서,결초보은상권활성화구역,상권활성화구역,충청북도,,,
e0cfbf1deabab2237d65,full_annotation_v1,A,q_서점_02,도서 매장,문화·여가 중 '서점'을 판매·제공하는 매장,val,서점,T2 동의어,9a04a40e-a8db-4f6d-8481-a8c399e6b1b2,어린이전문서점아톰북,도서,답십리 건축자재시장,전통시장,서울특별시,,,
36a6b09ee6a56d63417d,full_annotation_v1,A,q_서점_02,도서 매장,문화·여가 중 '서점'을 판매·제공하는 매장,val,서점,T2 동의어,453dab24-5bb9-414a-b9bb-bd9a7979dd73,리틀존,도서,영통센타프라자 골목형상점가,골목형상점가,경기도,,,
87cebc103d37baa79201,full_annotation_v1,A,q_서점_02,도서 매장,문화·여가 중 '서점'을 판매·제공하는 매장,val,서점,T2 동의어,fd66e015-b444-40eb-888a-6145030b64cc,다솜서점,도서,난우길골목형상점가,골목형상점가,서울특별시,,,
21ecf90a779cbc7a388e,full_annotation_v1,A,q_서점_02,도서 매장,문화·여가 중 '서점'을 판매·제공하는 매장,val,서점,T2 동의어,e4c1a8d6-2d6e-42e8-9a61-fc5f82173c8b,정광서점,도서,소촌중앙 골목형상점가,골목형상점가,광주광역시,,,
e66d99a8aac597036d37,full_annotation_v1,A,q_서점_02,도서 매장,문화·여가 중 '서점'을 판매·제공하는 매장,val,서점,T2 동의어,98173a52-da33-4f00-adb6-efb3ecc46b8f,그랜드문고,도서,창원 정우상가,자율상권구역,경상남도,,,
1315e7815b383777b579,full_annotation_v1,A,q_서점_02,도서 매장,문화·여가 중 '서점'을 판매·제공하는 매장,val,서점,T2 동의어,3e351aa9-45ff-4ce7-81f8-aaa2bf3ea0d5,아가북스,도서,의왕예술의거리골목형상점가,골목형상점가,경기도,,,
8a72f0c551c1537c578c,full_annotation_v1,A,q_서점_02,도서 매장,문화·여가 중 '서점'을 판매·제공하는 매장,val,서점,T2 동의어,d81a615e-e066-4c04-bf43-4b1bff838d88,북마트,도서,설죽로 패션의거리 골목형상점가,골목형상점가,광주광역시,,,
144a38e80a28b2647f4a,full_annotation_v1,A,q_서점_02,도서 매장,문화·여가 중 '서점'을 판매·제공하는 매장,val,서점,T2 동의어,41c57901-8293-4ad1-aa4e-f86e50dec0e3,하바드,의복,성남중앙지하시장,일반지하상점가,경기도,,,
b6840f619e45a9fb92b2,full_annotation_v1,A,q_서점_02,도서 매장,문화·여가 중 '서점'을 판매·제공하는 매장,val,서점,T2 동의어,13b21477-00c8-4e96-961c-e93dc0f9bfae,홍문당,도서,조치원중심가로상점가,자율상권구역,세종특별자치시,,,
723369cf2ddc4c3abb4d,full_annotation_v1,A,q_서점_02,도서 매장,문화·여가 중 '서점'을 판매·제공하는 매장,val,서점,T2 동의어,023d6fc9-7b0e-4244-9279-534051fff793,삼복서점,도서,고은상인회 골목형상점가,골목형상점가,광주광역시,,,
228760708ea3168328b6,full_annotation_v1,A,q_서점_02,도서 매장,문화·여가 중 '서점'을 판매·제공하는 매장,val,서점,T2 동의어,ccb37c53-9d4a-415f-974c-c0e07a76a9a2,해풍사,도서,역전지하상가,일반지하상점가,대전광역시,,,
6e59f0fad6b667a17835,full_annotation_v1,A,q_서점_02,도서 매장,문화·여가 중 '서점'을 판매·제공하는 매장,val,서점,T2 동의어,8378d668-212d-42f0-9f76-26b701f515cd,시너지헤어,미용,노해랑길골목형상점가,골목형상점가,서울특별시,,,
f5b83fcb5f51359fc763,full_annotation_v1,A,q_서점_02,도서 매장,문화·여가 중 '서점'을 판매·제공하는 매장,val,서점,T2 동의어,0541674e-2fa9-43a7-a5e3-f5f91d6a4ce4,호남기독백화점,도서,양림기독병원 골목형상점가,골목형상점가,광주광역시,,,
0f2d83323a487dedc170,full_annotation_v1,A,q_서점_02,도서 매장,문화·여가 중 '서점'을 판매·제공하는 매장,val,서점,T2 동의어,87989ed6-052f-4502-863f-b444a7f98c9d,과천서점,도서,과천새서울프라자시장,전통시장,경기도,,,
c440455e58cd037a3891,full_annotation_v1,A,q_서점_02,도서 매장,문화·여가 중 '서점'을 판매·제공하는 매장,val,서점,T2 동의어,e9d55bea-a05b-4739-9ea5-314abf63ca35,너가나에게왔을때스튜디오,,창원 명서시장,전통시장,경상남도,,,
70136a192cc3cccab8bb,full_annotation_v1,A,q_서점_02,도서 매장,문화·여가 중 '서점'을 판매·제공하는 매장,val,서점,T2 동의어,04961d72-f5b3-4605-86f3-8130ded3e312,본도시락성서점,,성서우방 골목형상점가,골목형상점가,대구광역시,,,
e398171ac8434450d3c2,full_annotation_v1,A,q_서점_02,도서 매장,문화·여가 중 '서점'을 판매·제공하는 매장,val,서점,T2 동의어,9af85e0a-01b0-468c-98b5-6fd42d8403eb,키다리북마트,도서,조방앞 상권활성화구역,상권활성화구역,부산광역시,,,
9da18eaa1fa1dbddcec8,full_annotation_v1,A,q_서점_02,도서 매장,문화·여가 중 '서점'을 판매·제공하는 매장,val,서점,T2 동의어,616542bc-b275-4163-b21e-78c533c71ee7,공간비유,도서,치동천 수변상가,자율상권구역,경기도,,,
c839e8247ad4d2d5de77,full_annotation_v1,A,q_서점_02,도서 매장,문화·여가 중 '서점'을 판매·제공하는 매장,val,서점,T2 동의어,bef8149f-61b0-4c7d-a913-3851659e04bb,강남통닭,통닭,삼산시장,기타,인천광역시,,,
5efdc48fd653074d14ef,full_annotation_v1,A,q_서점_02,도서 매장,문화·여가 중 '서점'을 판매·제공하는 매장,val,서점,T2 동의어,a8df2036-e1ce-4785-aeb2-2922d80b48b2,기쁨도서어린이서점,도서,창원 반송시장,전통시장,경상남도,,,
57c605cb5c416c556d9a,full_annotation_v1,A,q_서점_02,도서 매장,문화·여가 중 '서점'을 판매·제공하는 매장,val,서점,T2 동의어,791b6f45-8730-4b17-bba6-1c5e4b6bca48,캠토,토스트,법원 앞 사과마을 골목형상점가,골목형상점가,광주광역시,,,
9d64f3c1b25328f525db,full_annotation_v1,A,q_서점_02,도서 매장,문화·여가 중 '서점'을 판매·제공하는 매장,val,서점,T2 동의어,e9e4f9c6-2351-4f3b-9b02-fb2b8fb1a0ec,어린이전문서점,도서,춘천서부시장,전통시장,강원특별자치도,,,
5bee42e149b68952238a,full_annotation_v1,A,q_서점_02,도서 매장,문화·여가 중 '서점'을 판매·제공하는 매장,val,서점,T2 동의어,9ac3c409-93f1-4741-b4a5-97c57b02acc4,비전문고,도서,소사벌 골목형상점가,골목형상점가,경기도,,,
bef8da73830e3942aa13,full_annotation_v1,A,q_서점_02,도서 매장,문화·여가 중 '서점'을 판매·제공하는 매장,val,서점,T2 동의어,117fb1a0-c8a5-4335-818c-6d6b91b8b433,열린문고,도서,가좌마을 골목형상점가,골목형상점가,경기도,,,
905a2d1b2cd7f9f7048b,full_annotation_v1,A,q_서점_02,도서 매장,문화·여가 중 '서점'을 판매·제공하는 매장,val,서점,T2 동의어,5e0e3aec-8c65-4c20-8724-4c70e9393f3f,홍지서림,도서,여수진남상가,자율상권구역,전라남도,,,
a1969396c7ef69962dd7,full_annotation_v1,A,q_서점_02,도서 매장,문화·여가 중 '서점'을 판매·제공하는 매장,val,서점,T2 동의어,dd730300-c2e1-4ff4-8c88-1600a69b901f,현대서적,도서,광교매탄 골목형상점가,골목형상점가,경기도,,,
2934478cf184943eced0,full_annotation_v1,A,q_서점_02,도서 매장,문화·여가 중 '서점'을 판매·제공하는 매장,val,서점,T2 동의어,b06da4c7-b8e3-4b08-8856-35cdc2ea7ab1,정글북,도서,상대동 골목형상점가,골목형상점가,대전광역시,,,
e24fbd4a28f241499311,full_annotation_v1,A,q_서점_02,도서 매장,문화·여가 중 '서점'을 판매·제공하는 매장,val,서점,T2 동의어,c24e1181-927a-47ee-a7df-fa713c79daa1,대덕서점,도서,송촌시장,전통시장,대전광역시,,,
18afb1b0ef54438937c5,full_annotation_v1,A,q_서점_02,도서 매장,문화·여가 중 '서점'을 판매·제공하는 매장,val,서점,T2 동의어,e2b27739-4ae9-4294-9ab1-fbfe110b70ec,세종문고,도서,아름동상점가,자율상권구역,세종특별자치시,,,
6f7a737d4dffe41ed669,full_annotation_v1,A,q_서점_02,도서 매장,문화·여가 중 '서점'을 판매·제공하는 매장,val,서점,T2 동의어,4ba995c6-e24e-4e71-969b-25aa4ea9bdf4,꼬마북,도서,계산동 골목형상점가,골목형상점가,대전광역시,,,
31baf9f322b7ed3d08be,full_annotation_v1,A,q_서점_02,도서 매장,문화·여가 중 '서점'을 판매·제공하는 매장,val,서점,T2 동의어,4323dce3-bac2-4d4d-9beb-e77e2c1f005f,다다르다,도서,은행동상점가(구 으능정이상점가),자율상권구역,대전광역시,,,
edf4e08d7a7d8b2b1e71,full_annotation_v1,A,q_서점_02,도서 매장,문화·여가 중 '서점'을 판매·제공하는 매장,val,서점,T2 동의어,0ba27ff5-635d-4028-9822-25b089c58ae4,금강서적,도서,유천버드내 골목형상점가,골목형상점가,대전광역시,,,
4ede2e0fec2f4f2c5035,full_annotation_v1,A,q_서점_02,도서 매장,문화·여가 중 '서점'을 판매·제공하는 매장,val,서점,T2 동의어,2061e5e6-f373-40de-8f1a-0a6ee5623ecb,잉글리시에그,도서,마륵동상인회 골목형상점가,골목형상점가,광주광역시,,,
eedfce47a772b75f630b,full_annotation_v1,A,q_서점_02,도서 매장,문화·여가 중 '서점'을 판매·제공하는 매장,val,서점,T2 동의어,cda283ee-fd24-42de-9a60-02d57ae64542,열린문고,도서,바람골골목형상점가,골목형상점가,충청북도,,,
64c4ca6a7a5334d82769,full_annotation_v1,A,q_서점_02,도서 매장,문화·여가 중 '서점'을 판매·제공하는 매장,val,서점,T2 동의어,a332bf44-ad15-4207-a304-17a3ceed4b1e,차일드북앤토이,도서,왕십리무학봉상점가,자율상권구역,서울특별시,,,
194689e9da16595a07bd,full_annotation_v1,A,q_서점_02,도서 매장,문화·여가 중 '서점'을 판매·제공하는 매장,val,서점,T2 동의어,dd0f8880-948d-4c63-84b0-ecee071a0255,두루미책방,도서,금산금빛시장(금산시장),전통시장,충청남도,,,
fe220ebb65377a63cc93,full_annotation_v1,A,q_서점_02,도서 매장,문화·여가 중 '서점'을 판매·제공하는 매장,val,서점,T2 동의어,8fa170ff-217f-49d6-b94d-c9201e072679,소년의서,도서,충장로45가 상점가,자율상권구역,광주광역시,,,
0ff6295c19f393f2dc05,full_annotation_v1,A,q_서점_02,도서 매장,문화·여가 중 '서점'을 판매·제공하는 매장,val,서점,T2 동의어,2641de84-9040-4246-bc8d-bd0e762cf5e4,수정서점,도서,산성로 상권활성화구역,상권활성화구역,경기도,,,
49fce88eec14c29cf3c6,full_annotation_v1,A,q_서점_02,도서 매장,문화·여가 중 '서점'을 판매·제공하는 매장,val,서점,T2 동의어,da060cea-b3d2-45ee-b208-d7877748ded4,마음독립서점,도서,은구비서로사회적협동조합 골목형상점가,골목형상점가,대전광역시,,,
f8383c5a89e354fbe783,full_annotation_v1,A,q_서점_02,도서 매장,문화·여가 중 '서점'을 판매·제공하는 매장,val,서점,T2 동의어,ff3be542-2a2d-42ca-86f9-fbf519afe77b,당진기독서림,도서,당진원시가지상가,자율상권구역,충청남도,,,
46308def743052784d00,full_annotation_v1,A,q_서점_02,도서 매장,문화·여가 중 '서점'을 판매·제공하는 매장,val,서점,T2 동의어,1105e465-ccf1-4d5d-8449-b9c171a423eb,까치건어물백화점,건어물,포항죽도농산물시장,전통시장,경상북도,,,
281f5d478772badb94b4,full_annotation_v1,A,q_서점_02,도서 매장,문화·여가 중 '서점'을 판매·제공하는 매장,val,서점,T2 동의어,773ca92f-af46-4690-a2bd-31788b14b3b8,글감상점,도서,경동시장,전통시장,서울특별시,,,
23c9b85b36570ccff13f,full_annotation_v1,A,q_서점_02,도서 매장,문화·여가 중 '서점'을 판매·제공하는 매장,val,서점,T2 동의어,bc83a358-47f3-4d59-8d06-a4023e34d138,연예인노래연습장,노래연습장,효실천거리 골목형상점가,골목형상점가,인천광역시,,,
0049190fba6ce9d63ca3,full_annotation_v1,A,q_서점_02,도서 매장,문화·여가 중 '서점'을 판매·제공하는 매장,val,서점,T2 동의어,fc281bc0-fec6-4fcd-be60-1b0018b822c3,헬로,도서,연남동골목형상점가,골목형상점가,서울특별시,,,
ed070ee05108b2624909,full_annotation_v1,A,q_서점_02,도서 매장,문화·여가 중 '서점'을 판매·제공하는 매장,val,서점,T2 동의어,8bb600c9-3d7c-4c9e-83ee-836cb6b53492,웅진도서,도서 및 서적,공주산성 활성화구역,상권활성화구역,충청남도,,,
1a497f38fa0b0399d7c7,full_annotation_v1,A,q_서점_02,도서 매장,문화·여가 중 '서점'을 판매·제공하는 매장,val,서점,T2 동의어,c0933a71-92d8-46da-85f0-017c515458ec,다원유통(비와이씨 매장),속옷,대성상가 골목형상점가,골목형상점가,부산광역시,,,
fbf5cd96c45d8be5b125,full_annotation_v1,A,q_서점_02,도서 매장,문화·여가 중 '서점'을 판매·제공하는 매장,val,서점,T2 동의어,ccc43799-9898-462c-b1fd-8c0d4cf9bb6b,파리아트미술전문학원,예체능 교육,지웰시티자이상가 골목형상점가,골목형상점가,울산광역시,,,
f434cb543de763940463,full_annotation_v1,A,q_서점_02,도서 매장,문화·여가 중 '서점'을 판매·제공하는 매장,val,서점,T2 동의어,61961f00-b0f8-43d8-a274-1d4eff366fc1,꼬마북어린이서점,도서,원신흥어울림길 골목형상점가,골목형상점가,대전광역시,,,
f45055b9f5f2cf4d6051,full_annotation_v1,A,q_서점_02,도서 매장,문화·여가 중 '서점'을 판매·제공하는 매장,val,서점,T2 동의어,2fd8bd51-1fca-4597-bf49-c1a687cc41ef,젓가락질 잘해야만 밥을 먹나요,도시락,법원 앞 사과마을 골목형상점가,골목형상점가,광주광역시,,,
cc3f7585687ca04fdd7d,full_annotation_v1,A,q_서점_02,도서 매장,문화·여가 중 '서점'을 판매·제공하는 매장,val,서점,T2 동의어,379d8004-9c7c-4338-9a6d-abec32ebffdf,금강산축산유통,식육,역전시장 상점가,자율상권구역,대전광역시,,,
1beb6d70b2b76c49a5c3,full_annotation_v1,A,q_서점_02,도서 매장,문화·여가 중 '서점'을 판매·제공하는 매장,val,서점,T2 동의어,1cbab52d-8ac1-4929-9ec7-17e8e72e050d,천안어린이서점,도서,천안역지하상가,일반지하상점가,충청남도,,,
8eef5b3d66643d4cc60c,full_annotation_v1,A,q_서점_02,도서 매장,문화·여가 중 '서점'을 판매·제공하는 매장,val,서점,T2 동의어,2d79da38-696f-4b5b-ad83-b57c92e531eb,타임,,마산 창동통합상가,전통시장,경상남도,,,
ff307541ad9feaa44659,full_annotation_v1,A,q_서점_02,도서 매장,문화·여가 중 '서점'을 판매·제공하는 매장,val,서점,T2 동의어,95c597f8-ea1c-414a-80ac-939af09c9646,벌툰안양1번가점,도서,안양1번가 상점가,자율상권구역,경기도,,,
a51ba30d7cc6feefee9b,full_annotation_v1,A,q_서점_02,도서 매장,문화·여가 중 '서점'을 판매·제공하는 매장,val,서점,T2 동의어,bc3a1552-5015-4b20-9414-8ae64e7038e5,반딧불이,도서,솔올중앞골목형상점가,골목형상점가,강원특별자치도,,,
eda00ce86bc8c3115377,full_annotation_v1,A,q_서점_02,도서 매장,문화·여가 중 '서점'을 판매·제공하는 매장,val,서점,T2 동의어,79be3522-8b0c-41c1-a4bd-63960aa06043,학문당,도서,마산 창동통합상가,자율상권구역,경상남도,,,
a64aca546f8c3d5f44a8,full_annotation_v1,A,q_서점_02,도서 매장,문화·여가 중 '서점'을 판매·제공하는 매장,val,서점,T2 동의어,ba10233f-36dd-48fb-800a-fb1b9e379f09,대암서적,도서,함양 지리산함양시장,전통시장,경상남도,,,
72baa98d101f420f8210,full_annotation_v1,A,q_서점_02,도서 매장,문화·여가 중 '서점'을 판매·제공하는 매장,val,서점,T2 동의어,d0a5fb62-71c4-4b34-a2eb-4e001a7586a2,글로벌모바일,통신기기,정훈한마음골목시장,골목형상점가,서울특별시,,,
6330190a81a0c6f63508,full_annotation_v1,A,q_서점_02,도서 매장,문화·여가 중 '서점'을 판매·제공하는 매장,val,서점,T2 동의어,0a55ce53-29fe-42e8-8305-303701bbf348,무주서점,서점,무주반딧불상권활성화구역,상권활성화구역,전북특별자치도,,,
9b000c09b9269317db64,full_annotation_v1,A,q_서점_02,도서 매장,문화·여가 중 '서점'을 판매·제공하는 매장,val,서점,T2 동의어,4bce58b1-8812-4612-bd5e-ee10de92cde0,열린문고,도서,양산동 골목형상점가,골목형상점가,광주광역시,,,
6f918d4fb45b87764a7a,full_annotation_v1,A,q_서점_02,도서 매장,문화·여가 중 '서점'을 판매·제공하는 매장,val,서점,T2 동의어,dab35ee8-a1dc-42b9-a3be-0bbb3474b8ed,나주혁신문고,도서,나주 예가람,골목형상점가,전라남도,,,
aa59933bcb807b79c370,full_annotation_v1,A,q_서점_02,도서 매장,문화·여가 중 '서점'을 판매·제공하는 매장,val,서점,T2 동의어,00a77461-4674-4064-b492-fe85892bab2e,스타북스,도서,구갈상점가,자율상권구역,경기도,,,
b538e32f42ae6ab8f932,full_annotation_v1,A,q_서점_02,도서 매장,문화·여가 중 '서점'을 판매·제공하는 매장,val,서점,T2 동의어,3226a904-0a71-4efd-818e-017fd1744fba,엔젤북,도서,신창수문 골목형상점가,골목형상점가,광주광역시,,,
30c15dc9b4189fb6a2f0,full_annotation_v1,A,q_서점_02,도서 매장,문화·여가 중 '서점'을 판매·제공하는 매장,val,서점,T2 동의어,43207362-9def-4db6-b03a-718d292a7e0d,상상아이키즈킹콩,도서,사리골상점가,자율상권구역,경기도,,,
c9bbfc343830700ec7b8,full_annotation_v1,A,q_서점_02,도서 매장,문화·여가 중 '서점'을 판매·제공하는 매장,val,서점,T2 동의어,453c7257-40ca-4674-9958-4a04b5f91301,세븐일레븐 숭덕2점,편의점 매장,첨단이웃사랑 골목형상점가,골목형상점가,광주광역시,,,
3ddca3d3019300a927c3,full_annotation_v1,A,q_서점_02,도서 매장,문화·여가 중 '서점'을 판매·제공하는 매장,val,서점,T2 동의어,c7cce357-ead4-4414-91c6-a493ad908a83,나라북,도서,문성 연정빌딩,골목형상점가,경상북도,,,
85f603a5f7dbd5da1017,full_annotation_v1,A,q_서점_02,도서 매장,문화·여가 중 '서점'을 판매·제공하는 매장,val,서점,T2 동의어,603a008c-78fb-429d-8932-05d030c154f6,전농서적,도서,전농배봉산맛집거리골목형상점가,골목형상점가,서울특별시,,,
cda044b9c90b9b78c407,full_annotation_v1,A,q_서점_02,도서 매장,문화·여가 중 '서점'을 판매·제공하는 매장,val,서점,T2 동의어,adfaaaaa-6802-410e-8301-76803cab23dd,생활용품,도서,백운시장,전통시장,서울특별시,,,
f39e8891368688e2158a,full_annotation_v1,A,q_서점_02,도서 매장,문화·여가 중 '서점'을 판매·제공하는 매장,val,서점,T2 동의어,0961cd03-6452-4d93-bd01-6a4d0bd92f5b,첨단임마누엘서점 임마누엘분식,서점문구분식,첨단부영 골목형상점가,골목형상점가,광주광역시,,,
13244ce1eed030a6aff3,full_annotation_v1,A,q_서점_02,도서 매장,문화·여가 중 '서점'을 판매·제공하는 매장,val,서점,T2 동의어,0b3509e0-c23a-4af6-9821-44762d81a112,동아서적,도서,보수동책방골목,자율상권구역,부산광역시,,,
cf45ccef9d5b82255c7a,full_annotation_v1,A,q_서점_02,도서 매장,문화·여가 중 '서점'을 판매·제공하는 매장,val,서점,T2 동의어,6e4f8f5c-6c1d-4e04-98b5-55906b2b574c,대박집 소갈비살,한식,노해랑길골목형상점가,골목형상점가,서울특별시,,,
afefc6cff7235432c5f8,full_annotation_v1,A,q_서점_02,도서 매장,문화·여가 중 '서점'을 판매·제공하는 매장,val,서점,T2 동의어,5652fd89-4b21-42fc-9d5f-43e76437c54e,키즈북,도서,천천중심상가 골목형상점가,골목형상점가,경기도,,,
3439d68f6dd6a66c6d8a,full_annotation_v1,A,q_서점_02,도서 매장,문화·여가 중 '서점'을 판매·제공하는 매장,val,서점,T2 동의어,0f1b97ec-2f14-4475-956e-08b048cc9112,새동화서림,도서,보수동책방골목,자율상권구역,부산광역시,,,
41538bf11488c2f0998d,full_annotation_v1,A,q_서점_02,도서 매장,문화·여가 중 '서점'을 판매·제공하는 매장,val,서점,T2 동의어,7f70c398-e869-4de9-bd56-fa534926d532,보람문고,도서,금화상인회 골목형상점가,골목형상점가,광주광역시,,,
9c48cac89121feda96ce,full_annotation_v1,A,q_서점_02,도서 매장,문화·여가 중 '서점'을 판매·제공하는 매장,val,서점,T2 동의어,5a53648b-39c5-4530-a140-a45cf31f827c,언양동아서점,도서,언양알프스시장,전통시장,울산광역시,,,
d78f07e8be5d1d283900,full_annotation_v1,A,q_서점_02,도서 매장,문화·여가 중 '서점'을 판매·제공하는 매장,val,서점,T2 동의어,b4de8dd9-eb64-4c8d-9f98-c68330fde1d4,레아,의류,돌고래시장(돌고래종합상가),전통시장,경기도,,,
eee63307a841e2d32ee9,full_annotation_v1,A,q_서점_02,도서 매장,문화·여가 중 '서점'을 판매·제공하는 매장,val,서점,T2 동의어,c443373a-e2bc-4d62-b98d-9d738aa001eb,종로서점,도서,(예천)새움로 골목형상점가,골목형상점가,경상북도,,,
096ffb022dc3c1711d3d,full_annotation_v1,A,q_서점_02,도서 매장,문화·여가 중 '서점'을 판매·제공하는 매장,val,서점,T2 동의어,3fe53988-9ba0-42c2-aefc-8e4b702f61a2,천일서점,도서,백년소상공인,기타,강원특별자치도,,,
f3689aa0f0a32c919c22,full_annotation_v1,A,q_서점_02,도서 매장,문화·여가 중 '서점'을 판매·제공하는 매장,val,서점,T2 동의어,74671ef2-57d2-42ca-9352-9a69608ee963,송파탑,도서,마천시장,전통시장,서울특별시,,,
b21b290441173daecf27,full_annotation_v1,A,q_서점_02,도서 매장,문화·여가 중 '서점'을 판매·제공하는 매장,val,서점,T2 동의어,f25ad870-2e15-4a58-a8b3-1439b159d279,새서울,한식,상봉먹자골목형상점가,골목형상점가,서울특별시,,,
c0981117e3a8f45d7fa0,full_annotation_v1,A,q_서점_02,도서 매장,문화·여가 중 '서점'을 판매·제공하는 매장,val,서점,T2 동의어,c39d81e1-39d4-4ddb-8d41-a72f7bf003d1,미래도서,도서,선화동 골목형상점가,골목형상점가,대전광역시,,,
379818306ef70eb59b5b,full_annotation_v1,A,q_서점_02,도서 매장,문화·여가 중 '서점'을 판매·제공하는 매장,val,서점,T2 동의어,81d7c51e-8f75-4361-bcef-cd17504c7a7e,누가의료기 안산고잔점,의료기기 전자기기 화장품 잡화,사리골상점가,자율상권구역,경기도,,,
597be5ad939858604b10,full_annotation_v1,A,q_서점_02,도서 매장,문화·여가 중 '서점'을 판매·제공하는 매장,val,서점,T2 동의어,69e68669-aa09-4e98-bff1-e5cb3e75ef14,폰케이스 매장,폰케이스,메트로센터(반월당지하쇼핑),일반지하상점가,대구광역시,,,
c81bceb21cad51f7355b,full_annotation_v1,A,q_서점_02,도서 매장,문화·여가 중 '서점'을 판매·제공하는 매장,val,서점,T2 동의어,0cd021bd-2874-4c90-96f4-16999b761156,책봄,도서,구미 금리단길 골목형상점가,골목형상점가,경상북도,,,
be02ffb37455d15fb428,full_annotation_v1,A,q_서점_02,도서 매장,문화·여가 중 '서점'을 판매·제공하는 매장,val,서점,T2 동의어,3ca55cab-e22d-44fe-87ce-4e9d178167d8,북앤아이누리서점,도서,연산골목시장상점가,자율상권구역,부산광역시,,,
bee49a1f24c45643bf07,full_annotation_v1,A,q_서점_02,도서 매장,문화·여가 중 '서점'을 판매·제공하는 매장,val,서점,T2 동의어,a671ea6f-dda9-4351-9e42-ba747891e7c5,새싹서점,도서,웰컴시티,전통시장,울산광역시,,,
d2bedbb796b2bec176ca,full_annotation_v1,A,q_서점_02,도서 매장,문화·여가 중 '서점'을 판매·제공하는 매장,val,서점,T2 동의어,14e71015-6ca8-4e99-8be3-a6d85f8f4dc7,행복한서점 이동점,서점,포항 대이상가 골목형상점가,골목형상점가,경상북도,,,
e317cc20de9ada8e43ab,full_annotation_v1,A,q_서점_02,도서 매장,문화·여가 중 '서점'을 판매·제공하는 매장,val,서점,T2 동의어,25a4cb48-4d01-4bbf-aa38-ef6d52935439,세기서적,도서,보수동책방골목,자율상권구역,부산광역시,,,
a6ec5a5112b4c5c8689f,full_annotation_v1,A,q_서점_02,도서 매장,문화·여가 중 '서점'을 판매·제공하는 매장,val,서점,T2 동의어,2c5ae20e-9073-4ad8-a6cf-79e9e245d64e,시민도서,도서,초읍시장,전통시장,부산광역시,,,
dde87ea6ac66432148e4,full_annotation_v1,A,q_서점_02,도서 매장,문화·여가 중 '서점'을 판매·제공하는 매장,val,서점,T2 동의어,637f0d00-ec2f-4108-84a6-ccb75aa6e4c3,한강문고,도서,빛가람 하나로 골목형상점가,골목형상점가,전라남도,,,
c5711645dec4dbb2f639,full_annotation_v1,A,q_서점_02,도서 매장,문화·여가 중 '서점'을 판매·제공하는 매장,val,서점,T2 동의어,b530983d-2887-4f4f-898d-ccb13bd1dcd6,서적백화점,도서,개포동 구마을 골목형상점가,골목형상점가,서울특별시,,,
bfa5024af02e9e525b77,full_annotation_v1,A,q_서점_02,도서 매장,문화·여가 중 '서점'을 판매·제공하는 매장,val,서점,T2 동의어,acde45d2-b6c0-4816-8877-a4004a64721b,골드북서점둔산점,도서,둔산3동상점가,자율상권구역,대전광역시,,,
c01c51a7274f1a011680,full_annotation_v1,A,q_서점_02,도서 매장,문화·여가 중 '서점'을 판매·제공하는 매장,val,서점,T2 동의어,05a518b1-2134-4333-9246-f29960893fac,분당미금어린이서점,도서,미금현대벤처빌시장,전통시장,경기도,,,
b3ec052518ff2df1c549,full_annotation_v1,A,q_서점_02,도서 매장,문화·여가 중 '서점'을 판매·제공하는 매장,val,서점,T2 동의어,26305767-b554-4baf-ba0a-777a406e6302,큰새,도서,화성행궁골목형상점가,골목형상점가,경기도,,,
03bc6db9dc8141c4b701,full_annotation_v1,A,q_서점_02,도서 매장,문화·여가 중 '서점'을 판매·제공하는 매장,val,서점,T2 동의어,acdbc558-1757-4cd8-a851-750b1b684954,금호서점,도서,목화 골목형상점가,골목형상점가,광주광역시,,,
d1b2b78ae82848cbd06b,full_annotation_v1,A,q_서점_02,도서 매장,문화·여가 중 '서점'을 판매·제공하는 매장,val,서점,T2 동의어,093496fc-7989-4d88-b9be-24c2ea15dcdc,세종타임문고,도서,보람동 골목형상점가,골목형상점가,세종특별자치시,,,
fa96db5f50786193c118,full_annotation_v1,A,q_서점_03,책 사는 데,문화·여가 중 '서점'을 판매·제공하는 매장,val,서점,T4 구어·문장,d0cb77e9-45eb-43de-b768-78aba1a63995,문학서점,책.소매업,아진상가,골목형상점가,울산광역시,,,
66f91ada1d49191b4798,full_annotation_v1,A,q_서점_03,책 사는 데,문화·여가 중 '서점'을 판매·제공하는 매장,val,서점,T4 구어·문장,50b3b4b5-b8a3-47d1-ba67-a7e54c234075,해필,책 도자기,부여도심 상권활성화구역,상권활성화구역,충청남도,,,
f19ac494a59667ff2e7a,full_annotation_v1,A,q_서점_03,책 사는 데,문화·여가 중 '서점'을 판매·제공하는 매장,val,서점,T4 구어·문장,26e68024-d662-49c0-b5ad-903ef7a9fb76,동명책방 꽃이피다,책,동명동 카페거리 골목형상점가,골목형상점가,광주광역시,,,
3276475a340ee137cfa8,full_annotation_v1,A,q_서점_03,책 사는 데,문화·여가 중 '서점'을 판매·제공하는 매장,val,서점,T4 구어·문장,0a55ce53-29fe-42e8-8305-303701bbf348,무주서점,서점,무주반딧불상권활성화구역,상권활성화구역,전북특별자치도,,,
30a4216e0875df858ec9,full_annotation_v1,A,q_서점_03,책 사는 데,문화·여가 중 '서점'을 판매·제공하는 매장,val,서점,T4 구어·문장,9747d321-5deb-4570-8724-9a6ff1cf92bc,교양당서점,책,남항시장,전통시장,부산광역시,,,
17b4fd0b04e4414dd4d9,full_annotation_v1,A,q_서점_03,책 사는 데,문화·여가 중 '서점'을 판매·제공하는 매장,val,서점,T4 구어·문장,62f8146c-aa85-4d94-9947-0f19fd052da5,데즐링,,쌍촌명지상인회 골목형상점가,골목형상점가,,,,
4438c96a2fdef1a406f5,full_annotation_v1,A,q_서점_03,책 사는 데,문화·여가 중 '서점'을 판매·제공하는 매장,val,서점,T4 구어·문장,4c880713-badb-4147-9e2e-596c7640ef09,금강제주2지점,"잡화, 의류",칠성로상점가,자율상권구역,제주특별자치도,,,
409016c352f37646f9d1,full_annotation_v1,A,q_서점_03,책 사는 데,문화·여가 중 '서점'을 판매·제공하는 매장,val,서점,T4 구어·문장,00e3accd-f689-498e-b702-f483624f2d91,비씨지북스,책,오류골먹자골목 골목형상점가,골목형상점가,서울특별시,,,
88ad7c92a76773b3ff0b,full_annotation_v1,A,q_서점_03,책 사는 데,문화·여가 중 '서점'을 판매·제공하는 매장,val,서점,T4 구어·문장,c817a456-31fe-4040-8e96-83555751472d,책과향기,"향수, 책",은행동상점가(구 으능정이상점가),자율상권구역,대전광역시,,,
45a4142a1d997b41c3e2,full_annotation_v1,A,q_서점_03,책 사는 데,문화·여가 중 '서점'을 판매·제공하는 매장,val,서점,T4 구어·문장,4490a59d-98b6-47cb-824c-44c98bca547e,전병원양복점,양복,수기동천변 골목형상점가,골목형상점가,,,,
527124f9c745a82ca41d,full_annotation_v1,A,q_서점_03,책 사는 데,문화·여가 중 '서점'을 판매·제공하는 매장,val,서점,T4 구어·문장,2e70721b-3b7c-45bb-b95d-fd778dcc5518,삼성문고,책,이천중앙로상가,자율상권구역,경기도,,,
9e4d6a0632738e69624a,full_annotation_v1,A,q_서점_03,책 사는 데,문화·여가 중 '서점'을 판매·제공하는 매장,val,서점,T4 구어·문장,ebacb746-27ce-47f2-b880-4380f99dd4ec,한림서적,책,상무중앙상인회 골목형상점가,골목형상점가,광주광역시,,,
def4be09a46a87ceb3b2,full_annotation_v1,A,q_서점_03,책 사는 데,문화·여가 중 '서점'을 판매·제공하는 매장,val,서점,T4 구어·문장,efe55d9f-aae5-494d-85e5-265dd3b07f62,주식회사우리문고,책,성안길상점가,자율상권구역,충청북도,,,
ef1e4ec3e0f49e0aa606,full_annotation_v1,A,q_서점_03,책 사는 데,문화·여가 중 '서점'을 판매·제공하는 매장,val,서점,T4 구어·문장,941876a0-914b-4e1c-9c4b-ae03708463bd,나눔에 서점,책,엄사 골목형상점가,골목형상점가,충청남도,,,
f0aa793812156fda9838,full_annotation_v1,A,q_서점_03,책 사는 데,문화·여가 중 '서점'을 판매·제공하는 매장,val,서점,T4 구어·문장,7f2bb43c-317c-4a43-8f2a-398d283affbe,로덱스 화장품,화장품,창원 가음시장대상가,전통시장,경상남도,,,
aa96471af98a20258cb7,full_annotation_v1,A,q_서점_03,책 사는 데,문화·여가 중 '서점'을 판매·제공하는 매장,val,서점,T4 구어·문장,05a518b1-2134-4333-9246-f29960893fac,분당미금어린이서점,도서,미금현대벤처빌시장,전통시장,경기도,,,
eab0dff031acfbe26523,full_annotation_v1,A,q_서점_03,책 사는 데,문화·여가 중 '서점'을 판매·제공하는 매장,val,서점,T4 구어·문장,b0b8c76d-f880-4813-8bfd-f00f32bc4035,꿀잼도서 2호점,책 도소매,마산 석전시장,전통시장,경상남도,,,
ca0c31248a66eaa1dcfe,full_annotation_v1,A,q_서점_03,책 사는 데,문화·여가 중 '서점'을 판매·제공하는 매장,val,서점,T4 구어·문장,7390584b-4990-4f7d-a714-d3a79f35d4aa,해미책방,책,해미읍성전통시장,전통시장,충청남도,,,
f8d089bfda2a4144cf63,full_annotation_v1,A,q_서점_03,책 사는 데,문화·여가 중 '서점'을 판매·제공하는 매장,val,서점,T4 구어·문장,deb2dc6a-8c31-49d3-b7a9-519960f0dde5,희망서적,책,신안프라자전통시장,전통시장,경기도,,,
bf2746b508b3efc7255f,full_annotation_v1,A,q_서점_03,책 사는 데,문화·여가 중 '서점'을 판매·제공하는 매장,val,서점,T4 구어·문장,84dce069-774f-445a-a37f-17fec5291fd9,책:피다,서적,신정평화시장,전통시장,울산광역시,,,
6fd59f9159ac27009efa,full_annotation_v1,A,q_서점_03,책 사는 데,문화·여가 중 '서점'을 판매·제공하는 매장,val,서점,T4 구어·문장,173b639e-9ce0-4a79-af7c-e1c0c4c04db6,명문서점,"책, 도서류",산본전통시장(구 군포산본시장),전통시장,경기도,,,
7e3e498187126ee898e4,full_annotation_v1,A,q_서점_03,책 사는 데,문화·여가 중 '서점'을 판매·제공하는 매장,val,서점,T4 구어·문장,67b6faea-363b-499c-8276-5d2778a39aa0,어나더더블유,책,동작구 LINK 상권활성화구역,상권활성화구역,서울특별시,,,
4109ec4aa72449a24804,full_annotation_v1,A,q_서점_03,책 사는 데,문화·여가 중 '서점'을 판매·제공하는 매장,val,서점,T4 구어·문장,82c4a15d-a23f-4c32-9e1c-a8aded5a5ac0,카툰카페,"책, 음료",금촌명동로시장,전통시장,경기도,,,
db7af0d4fa5c1eb86929,full_annotation_v1,A,q_서점_03,책 사는 데,문화·여가 중 '서점'을 판매·제공하는 매장,val,서점,T4 구어·문장,347d0df7-16f2-416a-a201-030880eebfb7,대신서점,책,마산 합성대로상가,전통시장,경상남도,,,
e471e8ba99c316b2d3b9,full_annotation_v1,A,q_서점_03,책 사는 데,문화·여가 중 '서점'을 판매·제공하는 매장,val,서점,T4 구어·문장,f36e4cc9-141a-4a52-a986-9dd0432f99e5,경환수산,수산,사천읍시장,전통시장,경상남도,,,
20de2366830e69199696,full_annotation_v1,A,q_서점_03,책 사는 데,문화·여가 중 '서점'을 판매·제공하는 매장,val,서점,T4 구어·문장,683aa6ca-3623-41e0-807c-b3a8fa0cffad,고려당,책,중앙메가프라자,전통시장,대전광역시,,,
5a87904e050f11540f3b,full_annotation_v1,A,q_서점_03,책 사는 데,문화·여가 중 '서점'을 판매·제공하는 매장,val,서점,T4 구어·문장,4e9b9cf5-6872-43eb-ad69-3cda8cee0407,하늘소리기독서점,책,금촌문화로시장,전통시장,경기도,,,
d92737aa75d7bbe737c4,full_annotation_v1,A,q_서점_03,책 사는 데,문화·여가 중 '서점'을 판매·제공하는 매장,val,서점,T4 구어·문장,f15c2a5b-74e2-44a5-b6e2-4684fc77b894,과천어린이서점,책,과천새서울프라자시장,전통시장,경기도,,,
9fd81006d9b1ea4690be,full_annotation_v1,A,q_서점_03,책 사는 데,문화·여가 중 '서점'을 판매·제공하는 매장,val,서점,T4 구어·문장,f14df4d3-9858-4a8b-8597-20fd477d8e32,갤러리 데 루치아,가구,용인어정가구단지상점가,자율상권구역,경기도,,,
28159b6623412a3c7ec7,full_annotation_v1,A,q_서점_03,책 사는 데,문화·여가 중 '서점'을 판매·제공하는 매장,val,서점,T4 구어·문장,f323c3c9-f9eb-4919-9bb6-54f7b1a39560,빙수당 광교상현점,빙수,광교상현역 온누리 골목형상점가,골목형상점가,경기도,,,
9489354e8bdbfe696d39,full_annotation_v1,A,q_서점_03,책 사는 데,문화·여가 중 '서점'을 판매·제공하는 매장,val,서점,T4 구어·문장,04961d72-f5b3-4605-86f3-8130ded3e312,본도시락성서점,,성서우방 골목형상점가,골목형상점가,대구광역시,,,
f9aeb57c481f67669ea0,full_annotation_v1,A,q_서점_03,책 사는 데,문화·여가 중 '서점'을 판매·제공하는 매장,val,서점,T4 구어·문장,282b0e8b-051c-49f9-a707-b982df803589,까라벨라 데 오르,스파게티,동명동 카페거리 골목형상점가,골목형상점가,광주광역시,,,
ca92c678a8f0071626b1,full_annotation_v1,A,q_서점_03,책 사는 데,문화·여가 중 '서점'을 판매·제공하는 매장,val,서점,T4 구어·문장,0b72196a-c717-47e3-a0e2-b7c710e60657,원테이블,"커피, 도서, 책",아름다운별장거리골목형상점가,골목형상점가,서울특별시,,,
77f5caee5e4ed72652c2,full_annotation_v1,A,q_서점_03,책 사는 데,문화·여가 중 '서점'을 판매·제공하는 매장,val,서점,T4 구어·문장,8f69b854-2bb1-4c60-9270-208d55b08d3f,예쁜데,,골든타임 골목형상점가,골목형상점가,경기도,,,
6b49b354ef0e03b124b8,full_annotation_v1,A,q_서점_03,책 사는 데,문화·여가 중 '서점'을 판매·제공하는 매장,val,서점,T4 구어·문장,53330011-cc13-41a5-95e3-a3f198dce327,화문당서점,책,청주시 소나무길 일원 자율상권구역,상권활성화구역,충청북도,,,
5877073f3c133e1dc778,full_annotation_v1,A,q_서점_03,책 사는 데,문화·여가 중 '서점'을 판매·제공하는 매장,val,서점,T4 구어·문장,0b4bdfd4-7ffe-4bef-8a0a-a9a3ae1e54be,펀앤북,서점,광주역 복개로 골목형상점가,골목형상점가,광주광역시,,,
0cebf95b672b2b7058c8,full_annotation_v1,A,q_서점_03,책 사는 데,문화·여가 중 '서점'을 판매·제공하는 매장,val,서점,T4 구어·문장,3d257fae-92a9-4312-9a11-e2efb804a474,현승상회,여성복,부산진시장,전통시장,부산광역시,,,
30449b91f988103b2e62,full_annotation_v1,A,q_서점_03,책 사는 데,문화·여가 중 '서점'을 판매·제공하는 매장,val,서점,T4 구어·문장,a1933421-af98-4b22-b1d9-c1dab1e3adbb,일광서점,서적 책,백년소상공인,기타,전라남도,,,
8ca932a408f95f59357d,full_annotation_v1,A,q_서점_03,책 사는 데,문화·여가 중 '서점'을 판매·제공하는 매장,val,서점,T4 구어·문장,7de49ca7-6094-4d66-9c2b-92946beb6b99,나녹,책,청당2번가 골목형상점가,골목형상점가,충청남도,,,
1b5c174740dd422c78bd,full_annotation_v1,A,q_서점_03,책 사는 데,문화·여가 중 '서점'을 판매·제공하는 매장,val,서점,T4 구어·문장,32e2b5b5-c2fc-42f4-9ddb-a49a7ca0cac4,박리분식,분식,정훈한마음골목시장,골목형상점가,서울특별시,,,
3de6c28ad52615493a3b,full_annotation_v1,A,q_서점_03,책 사는 데,문화·여가 중 '서점'을 판매·제공하는 매장,val,서점,T4 구어·문장,78af4e58-fbb3-48fc-a451-728becf545e7,중앙도서,책,홍성명동상가,자율상권구역,충청남도,,,
09c8d68ef29252adf26e,full_annotation_v1,A,q_서점_03,책 사는 데,문화·여가 중 '서점'을 판매·제공하는 매장,val,서점,T4 구어·문장,24a705bd-78c4-4ce4-8bb1-8248d9782be2,153서점,책,과천새서울프라자시장,전통시장,경기도,,,
1f5819f138b2342fd4b7,full_annotation_v1,A,q_서점_03,책 사는 데,문화·여가 중 '서점'을 판매·제공하는 매장,val,서점,T4 구어·문장,023d6fc9-7b0e-4244-9279-534051fff793,삼복서점,도서,고은상인회 골목형상점가,골목형상점가,광주광역시,,,
a1f5a708f8dc71aff7d2,full_annotation_v1,A,q_서점_03,책 사는 데,문화·여가 중 '서점'을 판매·제공하는 매장,val,서점,T4 구어·문장,021db5d1-5a69-4dd4-9faf-d36d74f1a3c2,어울림북앤락,도서,부평종합시장,전통시장,인천광역시,,,
73e83147b1b34171e5d7,full_annotation_v1,A,q_서점_03,책 사는 데,문화·여가 중 '서점'을 판매·제공하는 매장,val,서점,T4 구어·문장,74eaa3c6-38c9-4ac7-b39a-76f79c7594af,한민서적,책,괴정가장로 골목형상점가,골목형상점가,대전광역시,,,
4779d7603af7838234f5,full_annotation_v1,A,q_서점_03,책 사는 데,문화·여가 중 '서점'을 판매·제공하는 매장,val,서점,T4 구어·문장,3e9f940c-63ba-488d-a411-dac0ba58cb67,데상트시흥,스포츠의류 용품,신천 패션타운 골목형상점가,골목형상점가,경기도,,,
73a92a313b0b2e79d726,full_annotation_v1,A,q_서점_03,책 사는 데,문화·여가 중 '서점'을 판매·제공하는 매장,val,서점,T4 구어·문장,7dc44662-16cc-4e93-a976-1ab87312e2c0,본동서적,책,비단길현대시장,전통시장,서울특별시,,,
8b75b2dbfbe8b9f4eae5,full_annotation_v1,A,q_서점_03,책 사는 데,문화·여가 중 '서점'을 판매·제공하는 매장,val,서점,T4 구어·문장,7d1f3a7b-8502-41a9-a299-fcb5ec1d66e2,봉봉칼국수,한식,꽃밭정이 골목형상점가,골목형상점가,전북특별자치도,,,
3ce777655e2cd9ed1145,full_annotation_v1,A,q_서점_03,책 사는 데,문화·여가 중 '서점'을 판매·제공하는 매장,val,서점,T4 구어·문장,7415e50a-23db-4a83-a246-86925403d40d,이그잼플러스,책,노량진만나로골목형상점가,골목형상점가,서울특별시,,,
fada293fa72b76165bc2,full_annotation_v1,A,q_서점_03,책 사는 데,문화·여가 중 '서점'을 판매·제공하는 매장,val,서점,T4 구어·문장,14e71015-6ca8-4e99-8be3-a6d85f8f4dc7,행복한서점 이동점,서점,포항 대이상가 골목형상점가,골목형상점가,경상북도,,,
d39cf80724459b41769e,full_annotation_v1,A,q_서점_03,책 사는 데,문화·여가 중 '서점'을 판매·제공하는 매장,val,서점,T4 구어·문장,0961cd03-6452-4d93-bd01-6a4d0bd92f5b,첨단임마누엘서점 임마누엘분식,서점문구분식,첨단부영 골목형상점가,골목형상점가,광주광역시,,,
fc72cc632bca6f250250,full_annotation_v1,A,q_서점_03,책 사는 데,문화·여가 중 '서점'을 판매·제공하는 매장,val,서점,T4 구어·문장,21424069-7efc-4272-a529-362e735f1f4b,스시모토,초밥,쌍문역둘리상점가,자율상권구역,서울특별시,,,
0af200990be5a3110cce,full_annotation_v1,A,q_서점_03,책 사는 데,문화·여가 중 '서점'을 판매·제공하는 매장,val,서점,T4 구어·문장,108b4ad3-9c08-4842-9b86-464544b9a68e,비상구,의류,천안역지하상가,일반지하상점가,충청남도,,,
440d21816d379ea2b2b4,full_annotation_v1,A,q_서점_03,책 사는 데,문화·여가 중 '서점'을 판매·제공하는 매장,val,서점,T4 구어·문장,e48725c2-9e8b-43c5-bda7-b408ac5c0b8c,생각주머니어린이서점,책,서초쇼핑골목형상점가,골목형상점가,서울특별시,,,
976117cc5a89627a1965,full_annotation_v1,A,q_서점_03,책 사는 데,문화·여가 중 '서점'을 판매·제공하는 매장,val,서점,T4 구어·문장,0541674e-2fa9-43a7-a5e3-f5f91d6a4ce4,호남기독백화점,도서,양림기독병원 골목형상점가,골목형상점가,광주광역시,,,
743868a9bff1c3ebc640,full_annotation_v1,A,q_서점_03,책 사는 데,문화·여가 중 '서점'을 판매·제공하는 매장,val,서점,T4 구어·문장,29e96611-24ae-49be-b342-063dee0481cc,옛날산골통닭,치킨,방이시장,전통시장,서울특별시,,,
65878e9ac77622919f76,full_annotation_v1,A,q_서점_03,책 사는 데,문화·여가 중 '서점'을 판매·제공하는 매장,val,서점,T4 구어·문장,5293df3f-9f70-4d82-8a01-8809becfc487,선김치,반찬,말바우시장,전통시장,광주광역시,,,
ce176a3f80be42fab309,full_annotation_v1,A,q_서점_03,책 사는 데,문화·여가 중 '서점'을 판매·제공하는 매장,val,서점,T4 구어·문장,37f4da31-01d0-4a5e-beb6-00bbe79abc0d,히데,의류,춘천지하상가,일반지하상점가,강원특별자치도,,,
2c083e13444c071093f7,full_annotation_v1,A,q_서점_03,책 사는 데,문화·여가 중 '서점'을 판매·제공하는 매장,val,서점,T4 구어·문장,481ec122-2a64-45ea-b3a6-f9702e4eaeaa,신공손문고,책,신아타운,전통시장,서울특별시,,,
a13f84bf925a8c22bc3f,full_annotation_v1,A,q_서점_03,책 사는 데,문화·여가 중 '서점'을 판매·제공하는 매장,val,서점,T4 구어·문장,9bfb80f5-4a9c-4992-8cda-2ca84a6e53c0,책짠해,"책, 서적",황남상가시장,전통시장,경상북도,,,
0c34f04911c1a90ade40,full_annotation_v1,A,q_서점_03,책 사는 데,문화·여가 중 '서점'을 판매·제공하는 매장,val,서점,T4 구어·문장,63859576-b9cd-4f7b-a6ae-6378c098cc4e,책봄,북카페 책 커피,혁신도시5구역골목형상점가,골목형상점가,강원특별자치도,,,
d2f48c211d3bff019eb5,full_annotation_v1,A,q_서점_03,책 사는 데,문화·여가 중 '서점'을 판매·제공하는 매장,val,서점,T4 구어·문장,cc30e1bc-07d8-4b83-8d54-c2f53c45946b,하나서점,책,성서보성화성상가시장,전통시장,대구광역시,,,
5cf91614593747be43e4,full_annotation_v1,A,q_서점_03,책 사는 데,문화·여가 중 '서점'을 판매·제공하는 매장,val,서점,T4 구어·문장,e87e71bd-aa94-48db-8d42-50e099bad0eb,스타동네책방,책,스타프라자전통시장,전통시장,경기도,,,
7dc347dbdee1c341d00e,full_annotation_v1,A,q_서점_03,책 사는 데,문화·여가 중 '서점'을 판매·제공하는 매장,val,서점,T4 구어·문장,72051c3a-a1de-40b8-a406-271700df1c71,교학문고,책,달천상가 골목형상점가,골목형상점가,울산광역시,,,
9d5432f029f1223a8160,full_annotation_v1,A,q_서점_03,책 사는 데,문화·여가 중 '서점'을 판매·제공하는 매장,val,서점,T4 구어·문장,e81920e1-a9c4-4efe-881a-0bfacbc9d5cb,도반책방,책,고촌 먹거리타운 골목형상점가,골목형상점가,경기도,,,
be900bf60cf3dc204b56,full_annotation_v1,A,q_서점_03,책 사는 데,문화·여가 중 '서점'을 판매·제공하는 매장,val,서점,T4 구어·문장,00a77461-4674-4064-b492-fe85892bab2e,스타북스,도서,구갈상점가,자율상권구역,경기도,,,
9bf1bc467165035d09fa,full_annotation_v1,A,q_서점_03,책 사는 데,문화·여가 중 '서점'을 판매·제공하는 매장,val,서점,T4 구어·문장,3a2d4b4e-2481-49b0-ab2a-d10216b4d2c4,일품정육점,정육,의정부시장,전통시장,경기도,,,
3282bce7e91993d026e0,full_annotation_v1,A,q_서점_03,책 사는 데,문화·여가 중 '서점'을 판매·제공하는 매장,val,서점,T4 구어·문장,aba76fc2-984e-4030-ba01-e2e7d78264c7,데 아로즈 대전둔산본점,,갈리단길 골목형상점가,골목형상점가,대전광역시,,,
f334b93f85430d2ab55b,full_annotation_v1,A,q_서점_03,책 사는 데,문화·여가 중 '서점'을 판매·제공하는 매장,val,서점,T4 구어·문장,a929990d-f6bc-46ef-90c1-c99a8e5ee5ae,효자칼라현상소,사진현상소,꽃밭정이 골목형상점가,골목형상점가,전북특별자치도,,,
f86f9ce56b032e6f2e87,full_annotation_v1,A,q_서점_03,책 사는 데,문화·여가 중 '서점'을 판매·제공하는 매장,val,서점,T4 구어·문장,fe52a83d-bed1-4fcc-b2e4-de376137c808,책과 생활,책,서석초 인근 골목형상점가,골목형상점가,광주광역시,,,
a896056826203b6b5239,full_annotation_v1,A,q_서점_03,책 사는 데,문화·여가 중 '서점'을 판매·제공하는 매장,val,서점,T4 구어·문장,af3298d4-b921-4b74-accc-4e49afb200a8,꿈담어린이서점 (산호점),책,마산 산호시장,전통시장,경상남도,,,
8ec024cfb711c3483eca,full_annotation_v1,A,q_서점_03,책 사는 데,문화·여가 중 '서점'을 판매·제공하는 매장,val,서점,T4 구어·문장,0ca62bc5-ce9d-48b8-9a4f-9955cf16e593,쨈쨈서점,책,반석동 골목형상점가,골목형상점가,대전광역시,,,
4e5eb4365af32566e5d1,full_annotation_v1,A,q_서점_03,책 사는 데,문화·여가 중 '서점'을 판매·제공하는 매장,val,서점,T4 구어·문장,4758fa1e-02ba-489f-9391-534685fac307,만춘서점,책 음반 소품,함덕4구상점가,골목형상점가,제주특별자치도,,,
01ede03387613b5cc797,full_annotation_v1,A,q_서점_03,책 사는 데,문화·여가 중 '서점'을 판매·제공하는 매장,val,서점,T4 구어·문장,7addcc95-1312-4172-a664-d51bf2ff5fdc,"38번광땡,21호",선어,사천 삼천포용궁수산시장,전통시장,경상남도,,,
be673b112a85d777bd58,full_annotation_v1,A,q_서점_03,책 사는 데,문화·여가 중 '서점'을 판매·제공하는 매장,val,서점,T4 구어·문장,b04bb21c-6afd-440e-b435-5f65ed75b20b,성음사기독교백화점,책,이천중앙로상가,자율상권구역,경기도,,,
3ace3067b2774eab49ed,full_annotation_v1,A,q_서점_04,책 파는 곳,문화·여가 중 '서점'을 판매·제공하는 매장,val,서점,T4 구어·문장,4758fa1e-02ba-489f-9391-534685fac307,만춘서점,책 음반 소품,함덕4구상점가,골목형상점가,제주특별자치도,,,
0ba91fe4816d352470dd,full_annotation_v1,A,q_서점_04,책 파는 곳,문화·여가 중 '서점'을 판매·제공하는 매장,val,서점,T4 구어·문장,00e3accd-f689-498e-b702-f483624f2d91,비씨지북스,책,오류골먹자골목 골목형상점가,골목형상점가,서울특별시,,,
63d0238bea82a5b1a3e0,full_annotation_v1,A,q_서점_04,책 파는 곳,문화·여가 중 '서점'을 판매·제공하는 매장,val,서점,T4 구어·문장,bc9b5ae1-7ca8-4be8-b4ee-4325173c6ce2,궁전노래연습장,노래방,신월4동먹자골목골목형상점가,골목형상점가,서울특별시,,,
b65e33a78d7f2e816167,full_annotation_v1,A,q_서점_04,책 파는 곳,문화·여가 중 '서점'을 판매·제공하는 매장,val,서점,T4 구어·문장,c817a456-31fe-4040-8e96-83555751472d,책과향기,"향수, 책",은행동상점가(구 으능정이상점가),자율상권구역,대전광역시,,,
a8c2cc112b5a35c7796e,full_annotation_v1,A,q_서점_04,책 파는 곳,문화·여가 중 '서점'을 판매·제공하는 매장,val,서점,T4 구어·문장,178d2381-3a0f-419e-8954-597c074f1fbc,주식회사 투워즈텐,중식,신사세로수길골목형상점가,골목형상점가,서울특별시,,,
990f87eacdbf17a2856e,full_annotation_v1,A,q_서점_04,책 파는 곳,문화·여가 중 '서점'을 판매·제공하는 매장,val,서점,T4 구어·문장,7415e50a-23db-4a83-a246-86925403d40d,이그잼플러스,책,노량진만나로골목형상점가,골목형상점가,서울특별시,,,
4c839ce16f9f120fd950,full_annotation_v1,A,q_서점_04,책 파는 곳,문화·여가 중 '서점'을 판매·제공하는 매장,val,서점,T4 구어·문장,14e71015-6ca8-4e99-8be3-a6d85f8f4dc7,행복한서점 이동점,서점,포항 대이상가 골목형상점가,골목형상점가,경상북도,,,
847a6b9e431b6e131471,full_annotation_v1,A,q_서점_04,책 파는 곳,문화·여가 중 '서점'을 판매·제공하는 매장,val,서점,T4 구어·문장,fe52a83d-bed1-4fcc-b2e4-de376137c808,책과 생활,책,서석초 인근 골목형상점가,골목형상점가,광주광역시,,,
c1b6e8c7952f2a8ab9d0,full_annotation_v1,A,q_서점_04,책 파는 곳,문화·여가 중 '서점'을 판매·제공하는 매장,val,서점,T4 구어·문장,76a3551b-dae4-4326-92cc-662015aedbfb,쉴 곳,한식,칠성로상점가,자율상권구역,제주특별자치도,,,
a9902db799bf0ff9676c,full_annotation_v1,A,q_서점_04,책 파는 곳,문화·여가 중 '서점'을 판매·제공하는 매장,val,서점,T4 구어·문장,d403e488-fd43-4d57-b965-6fb7ae41d6a4,다온헤어,미용업헤어,임방울거리1구역 골목형상점가,골목형상점가,광주광역시,,,
6617077219f122e2eb86,full_annotation_v1,A,q_서점_04,책 파는 곳,문화·여가 중 '서점'을 판매·제공하는 매장,val,서점,T4 구어·문장,e87e71bd-aa94-48db-8d42-50e099bad0eb,스타동네책방,책,스타프라자전통시장,전통시장,경기도,,,
e4a686ce743cb9addc73,full_annotation_v1,A,q_서점_04,책 파는 곳,문화·여가 중 '서점'을 판매·제공하는 매장,val,서점,T4 구어·문장,d410934e-e6d7-4b0d-a694-f2b8500b6b5f,크로커다일화순점,의류,화순중앙로골목형상점가,골목형상점가,전라남도,,,
8b62de2b1a0a14e7531e,full_annotation_v1,A,q_서점_04,책 파는 곳,문화·여가 중 '서점'을 판매·제공하는 매장,val,서점,T4 구어·문장,deb2dc6a-8c31-49d3-b7a9-519960f0dde5,희망서적,책,신안프라자전통시장,전통시장,경기도,,,
454351a2cf9425c68d68,full_annotation_v1,A,q_서점_04,책 파는 곳,문화·여가 중 '서점'을 판매·제공하는 매장,val,서점,T4 구어·문장,d0cb77e9-45eb-43de-b768-78aba1a63995,문학서점,책.소매업,아진상가,골목형상점가,울산광역시,,,
3b0f27ff3c6084cf300f,full_annotation_v1,A,q_서점_04,책 파는 곳,문화·여가 중 '서점'을 판매·제공하는 매장,val,서점,T4 구어·문장,021db5d1-5a69-4dd4-9faf-d36d74f1a3c2,어울림북앤락,도서,부평종합시장,전통시장,인천광역시,,,
f150a8a17f8adf835136,full_annotation_v1,A,q_서점_04,책 파는 곳,문화·여가 중 '서점'을 판매·제공하는 매장,val,서점,T4 구어·문장,04961d72-f5b3-4605-86f3-8130ded3e312,본도시락성서점,,성서우방 골목형상점가,골목형상점가,대구광역시,,,
96970a868a93d7c0a1e9,full_annotation_v1,A,q_서점_04,책 파는 곳,문화·여가 중 '서점'을 판매·제공하는 매장,val,서점,T4 구어·문장,e81920e1-a9c4-4efe-881a-0bfacbc9d5cb,도반책방,책,고촌 먹거리타운 골목형상점가,골목형상점가,경기도,,,
2098b326a3946e10a85a,full_annotation_v1,A,q_서점_04,책 파는 곳,문화·여가 중 '서점'을 판매·제공하는 매장,val,서점,T4 구어·문장,e48725c2-9e8b-43c5-bda7-b408ac5c0b8c,생각주머니어린이서점,책,서초쇼핑골목형상점가,골목형상점가,서울특별시,,,
610cf6a0712c7b62f5ff,full_annotation_v1,A,q_서점_04,책 파는 곳,문화·여가 중 '서점'을 판매·제공하는 매장,val,서점,T4 구어·문장,0b4bdfd4-7ffe-4bef-8a0a-a9a3ae1e54be,펀앤북,서점,광주역 복개로 골목형상점가,골목형상점가,광주광역시,,,
fe3b987c5b96e9f94a28,full_annotation_v1,A,q_서점_04,책 파는 곳,문화·여가 중 '서점'을 판매·제공하는 매장,val,서점,T4 구어·문장,cc30e1bc-07d8-4b83-8d54-c2f53c45946b,하나서점,책,성서보성화성상가시장,전통시장,대구광역시,,,
2d520a47d8884c837922,full_annotation_v1,A,q_서점_04,책 파는 곳,문화·여가 중 '서점'을 판매·제공하는 매장,val,서점,T4 구어·문장,67b6faea-363b-499c-8276-5d2778a39aa0,어나더더블유,책,동작구 LINK 상권활성화구역,상권활성화구역,서울특별시,,,
af861bce4937983cff84,full_annotation_v1,A,q_서점_04,책 파는 곳,문화·여가 중 '서점'을 판매·제공하는 매장,val,서점,T4 구어·문장,24a705bd-78c4-4ce4-8bb1-8248d9782be2,153서점,책,과천새서울프라자시장,전통시장,경기도,,,
1f6d2ebe4012a245f838,full_annotation_v1,A,q_서점_04,책 파는 곳,문화·여가 중 '서점'을 판매·제공하는 매장,val,서점,T4 구어·문장,4429d5e8-5263-4d14-ae66-dcfa3d3d6dc2,남경한우촌,한우,새치마을 골목형상점가,골목형상점가,울산광역시,,,
1a77a5457f7657a97373,full_annotation_v1,A,q_서점_04,책 파는 곳,문화·여가 중 '서점'을 판매·제공하는 매장,val,서점,T4 구어·문장,9bfb80f5-4a9c-4992-8cda-2ca84a6e53c0,책짠해,"책, 서적",황남상가시장,전통시장,경상북도,,,
c16d91e91b79b22f5409,full_annotation_v1,A,q_서점_04,책 파는 곳,문화·여가 중 '서점'을 판매·제공하는 매장,val,서점,T4 구어·문장,a1933421-af98-4b22-b1d9-c1dab1e3adbb,일광서점,서적 책,백년소상공인,기타,전라남도,,,
78a7d9805b210c61ec46,full_annotation_v1,A,q_서점_04,책 파는 곳,문화·여가 중 '서점'을 판매·제공하는 매장,val,서점,T4 구어·문장,7390584b-4990-4f7d-a714-d3a79f35d4aa,해미책방,책,해미읍성전통시장,전통시장,충청남도,,,
b0b77dcc2f4f7d34fdb6,full_annotation_v1,A,q_서점_04,책 파는 곳,문화·여가 중 '서점'을 판매·제공하는 매장,val,서점,T4 구어·문장,5f59c153-0ca4-4ba4-9f1c-e59663f9e5e2,꽃파는 카페 가배화,꽃가게,맛조이상인회 골목형상점가,골목형상점가,광주광역시,,,
d2b6f9c34e5f8513a745,full_annotation_v1,A,q_서점_04,책 파는 곳,문화·여가 중 '서점'을 판매·제공하는 매장,val,서점,T4 구어·문장,d798f01e-50cd-4cf1-aafe-7021ff00793b,매일손만두,김밥,반도유보라더퍼스트상가 골목형상점가,골목형상점가,광주광역시,,,
0ee7e3e595387208523c,full_annotation_v1,A,q_서점_04,책 파는 곳,문화·여가 중 '서점'을 판매·제공하는 매장,val,서점,T4 구어·문장,0a55ce53-29fe-42e8-8305-303701bbf348,무주서점,서점,무주반딧불상권활성화구역,상권활성화구역,전북특별자치도,,,
6545dc49ef2aab46e006,full_annotation_v1,A,q_서점_04,책 파는 곳,문화·여가 중 '서점'을 판매·제공하는 매장,val,서점,T4 구어·문장,26e68024-d662-49c0-b5ad-903ef7a9fb76,동명책방 꽃이피다,책,동명동 카페거리 골목형상점가,골목형상점가,광주광역시,,,
15c979b3047dc8fa2350,full_annotation_v1,A,q_서점_04,책 파는 곳,문화·여가 중 '서점'을 판매·제공하는 매장,val,서점,T4 구어·문장,526de90e-14af-475b-9da7-8bb9a2a1ec6a,카페 로얄마카롱 신사역점,제과,신사세로수길골목형상점가,골목형상점가,서울특별시,,,
7d4c744f42a50fb236b6,full_annotation_v1,A,q_서점_04,책 파는 곳,문화·여가 중 '서점'을 판매·제공하는 매장,val,서점,T4 구어·문장,4e9b9cf5-6872-43eb-ad69-3cda8cee0407,하늘소리기독서점,책,금촌문화로시장,전통시장,경기도,,,
ad2c4ff628682790ddf0,full_annotation_v1,A,q_서점_04,책 파는 곳,문화·여가 중 '서점'을 판매·제공하는 매장,val,서점,T4 구어·문장,2743811c-5e71-4d2b-aa75-1b0147d44f2d,사우 꽃이 피는 곳,꽃,김포 풍년마을 골목형상점가,골목형상점가,경기도,,,
c2eeb90312ed42119117,full_annotation_v1,A,q_서점_04,책 파는 곳,문화·여가 중 '서점'을 판매·제공하는 매장,val,서점,T4 구어·문장,73136bc7-3af2-48aa-8595-408774dff00c,동희상회,뿌리채소,학성새벽시장,전통시장,울산광역시,,,
5a68f412dec5572a2695,full_annotation_v1,A,q_서점_04,책 파는 곳,문화·여가 중 '서점'을 판매·제공하는 매장,val,서점,T4 구어·문장,0961cd03-6452-4d93-bd01-6a4d0bd92f5b,첨단임마누엘서점 임마누엘분식,서점문구분식,첨단부영 골목형상점가,골목형상점가,광주광역시,,,
93c2a0f9fd92df230a5a,full_annotation_v1,A,q_서점_04,책 파는 곳,문화·여가 중 '서점'을 판매·제공하는 매장,val,서점,T4 구어·문장,be9f8c61-892c-48ed-a49d-b63bd032c025,소곳,의류,고투몰(강남터미널지하도상점가),일반지하상점가,서울특별시,,,
e5ba93575c89653db0eb,full_annotation_v1,A,q_서점_04,책 파는 곳,문화·여가 중 '서점'을 판매·제공하는 매장,val,서점,T4 구어·문장,24456103-f6b8-46af-8655-82e61d7265d8,커피가 머무르는 곳,커피,반드레길골목형상점가,골목형상점가,서울특별시,,,
f4a5661403a9564d7288,full_annotation_v1,A,q_서점_04,책 파는 곳,문화·여가 중 '서점'을 판매·제공하는 매장,val,서점,T4 구어·문장,c161453d-f2c8-4b97-a2c3-a54e0cbdb7e8,생활용품 싸게 파는 집,잡화,안성중앙시장,전통시장,경기도,,,
57a29f55eb4c71910b50,full_annotation_v1,A,q_서점_04,책 파는 곳,문화·여가 중 '서점'을 판매·제공하는 매장,val,서점,T4 구어·문장,50b3b4b5-b8a3-47d1-ba67-a7e54c234075,해필,책 도자기,부여도심 상권활성화구역,상권활성화구역,충청남도,,,
b48d8ffef9efa4bae86e,full_annotation_v1,A,q_서점_04,책 파는 곳,문화·여가 중 '서점'을 판매·제공하는 매장,val,서점,T4 구어·문장,6702c44f-743f-4a82-a486-762c643027a2,야채파는 총각,농산물,구리전통시장,전통시장,경기도,,,
8b2889c3ea0085db6e6f,full_annotation_v1,A,q_서점_04,책 파는 곳,문화·여가 중 '서점'을 판매·제공하는 매장,val,서점,T4 구어·문장,0ca62bc5-ce9d-48b8-9a4f-9955cf16e593,쨈쨈서점,책,반석동 골목형상점가,골목형상점가,대전광역시,,,
64769ce189b100e10394,full_annotation_v1,A,q_서점_04,책 파는 곳,문화·여가 중 '서점'을 판매·제공하는 매장,val,서점,T4 구어·문장,b04bb21c-6afd-440e-b435-5f65ed75b20b,성음사기독교백화점,책,이천중앙로상가,자율상권구역,경기도,,,
e69d7b234b5308799992,full_annotation_v1,A,q_서점_04,책 파는 곳,문화·여가 중 '서점'을 판매·제공하는 매장,val,서점,T4 구어·문장,cd8cd476-fd99-4691-a3e7-6c9ee472adfd,길안인삼사,인삼,금산국제인삼시장,전통시장,충청남도,,,
fb27a30df5ee0ae79d8f,full_annotation_v1,A,q_서점_04,책 파는 곳,문화·여가 중 '서점'을 판매·제공하는 매장,val,서점,T4 구어·문장,023d6fc9-7b0e-4244-9279-534051fff793,삼복서점,도서,고은상인회 골목형상점가,골목형상점가,광주광역시,,,
cce9f34e9487a1684e45,full_annotation_v1,A,q_서점_04,책 파는 곳,문화·여가 중 '서점'을 판매·제공하는 매장,val,서점,T4 구어·문장,9747d321-5deb-4570-8724-9a6ff1cf92bc,교양당서점,책,남항시장,전통시장,부산광역시,,,
1e2fff3d74d788bfdfc0,full_annotation_v1,A,q_서점_04,책 파는 곳,문화·여가 중 '서점'을 판매·제공하는 매장,val,서점,T4 구어·문장,2e70721b-3b7c-45bb-b95d-fd778dcc5518,삼성문고,책,이천중앙로상가,자율상권구역,경기도,,,
6ea81d087837bfaf8ab0,full_annotation_v1,A,q_서점_04,책 파는 곳,문화·여가 중 '서점'을 판매·제공하는 매장,val,서점,T4 구어·문장,c111ac9d-3f3a-405c-a8db-4d127ccda9e2,행복이 있는 곳,잡화,제주로얄쇼핑센터,자율상권구역,제주특별자치도,,,
b0fda2dd75a0fda69ae2,full_annotation_v1,A,q_서점_04,책 파는 곳,문화·여가 중 '서점'을 판매·제공하는 매장,val,서점,T4 구어·문장,ebacb746-27ce-47f2-b880-4380f99dd4ec,한림서적,책,상무중앙상인회 골목형상점가,골목형상점가,광주광역시,,,
33a3f121aa8e232b58ca,full_annotation_v1,A,q_서점_04,책 파는 곳,문화·여가 중 '서점'을 판매·제공하는 매장,val,서점,T4 구어·문장,63859576-b9cd-4f7b-a6ae-6378c098cc4e,책봄,북카페 책 커피,혁신도시5구역골목형상점가,골목형상점가,강원특별자치도,,,
92a5093c252f9f04c63b,full_annotation_v1,A,q_서점_04,책 파는 곳,문화·여가 중 '서점'을 판매·제공하는 매장,val,서점,T4 구어·문장,f15c2a5b-74e2-44a5-b6e2-4684fc77b894,과천어린이서점,책,과천새서울프라자시장,전통시장,경기도,,,
7da3f7191934c6508b16,full_annotation_v1,A,q_서점_04,책 파는 곳,문화·여가 중 '서점'을 판매·제공하는 매장,val,서점,T4 구어·문장,78af4e58-fbb3-48fc-a451-728becf545e7,중앙도서,책,홍성명동상가,자율상권구역,충청남도,,,
9232a4b26f2133d79796,full_annotation_v1,A,q_서점_04,책 파는 곳,문화·여가 중 '서점'을 판매·제공하는 매장,val,서점,T4 구어·문장,173b639e-9ce0-4a79-af7c-e1c0c4c04db6,명문서점,"책, 도서류",산본전통시장(구 군포산본시장),전통시장,경기도,,,
bb92dd680cb7c26b6100,full_annotation_v1,A,q_서점_04,책 파는 곳,문화·여가 중 '서점'을 판매·제공하는 매장,val,서점,T4 구어·문장,f3137b99-67b9-43ed-9f76-171655280a13,원주어물,수산물,도래미시장,전통시장,강원특별자치도,,,
bd98f18040b619b89762,full_annotation_v1,A,q_서점_04,책 파는 곳,문화·여가 중 '서점'을 판매·제공하는 매장,val,서점,T4 구어·문장,0541674e-2fa9-43a7-a5e3-f5f91d6a4ce4,호남기독백화점,도서,양림기독병원 골목형상점가,골목형상점가,광주광역시,,,
fde18664e5efdbb6aa1e,full_annotation_v1,A,q_서점_04,책 파는 곳,문화·여가 중 '서점'을 판매·제공하는 매장,val,서점,T4 구어·문장,05a518b1-2134-4333-9246-f29960893fac,분당미금어린이서점,도서,미금현대벤처빌시장,전통시장,경기도,,,
cb918c130063900a61d2,full_annotation_v1,A,q_서점_04,책 파는 곳,문화·여가 중 '서점'을 판매·제공하는 매장,val,서점,T4 구어·문장,cd4834cd-0bcb-4978-9395-7ed9a963b58a,백아트,인쇄,새치마을 골목형상점가,골목형상점가,울산광역시,,,
75e1a16ac10031959d64,full_annotation_v1,A,q_서점_04,책 파는 곳,문화·여가 중 '서점'을 판매·제공하는 매장,val,서점,T4 구어·문장,af3298d4-b921-4b74-accc-4e49afb200a8,꿈담어린이서점 (산호점),책,마산 산호시장,전통시장,경상남도,,,
fe13824f5c7c4e9157c7,full_annotation_v1,A,q_서점_04,책 파는 곳,문화·여가 중 '서점'을 판매·제공하는 매장,val,서점,T4 구어·문장,481ec122-2a64-45ea-b3a6-f9702e4eaeaa,신공손문고,책,신아타운,전통시장,서울특별시,,,
79b6f4d86dd31147203e,full_annotation_v1,A,q_서점_04,책 파는 곳,문화·여가 중 '서점'을 판매·제공하는 매장,val,서점,T4 구어·문장,7dc44662-16cc-4e93-a976-1ab87312e2c0,본동서적,책,비단길현대시장,전통시장,서울특별시,,,
e56a2861b9916e04ead7,full_annotation_v1,A,q_서점_04,책 파는 곳,문화·여가 중 '서점'을 판매·제공하는 매장,val,서점,T4 구어·문장,74eaa3c6-38c9-4ac7-b39a-76f79c7594af,한민서적,책,괴정가장로 골목형상점가,골목형상점가,대전광역시,,,
81f7b2818d52a2c658d5,full_annotation_v1,A,q_서점_04,책 파는 곳,문화·여가 중 '서점'을 판매·제공하는 매장,val,서점,T4 구어·문장,efe55d9f-aae5-494d-85e5-265dd3b07f62,주식회사우리문고,책,성안길상점가,자율상권구역,충청북도,,,
a4c18bf806bfaae4b259,full_annotation_v1,A,q_서점_04,책 파는 곳,문화·여가 중 '서점'을 판매·제공하는 매장,val,서점,T4 구어·문장,84dce069-774f-445a-a37f-17fec5291fd9,책:피다,서적,신정평화시장,전통시장,울산광역시,,,
57e63debec2699dcfd9b,full_annotation_v1,A,q_서점_04,책 파는 곳,문화·여가 중 '서점'을 판매·제공하는 매장,val,서점,T4 구어·문장,27428985-d475-4bd9-9bd8-5a8835fca110,꾸미꾸미,한식,신월4동먹자골목골목형상점가,골목형상점가,서울특별시,,,
2c9bc4e7c7ffa8df1832,full_annotation_v1,A,q_서점_04,책 파는 곳,문화·여가 중 '서점'을 판매·제공하는 매장,val,서점,T4 구어·문장,82c4a15d-a23f-4c32-9e1c-a8aded5a5ac0,카툰카페,"책, 음료",금촌명동로시장,전통시장,경기도,,,
a5ebc003e8eee5f36183,full_annotation_v1,A,q_서점_04,책 파는 곳,문화·여가 중 '서점'을 판매·제공하는 매장,val,서점,T4 구어·문장,941876a0-914b-4e1c-9c4b-ae03708463bd,나눔에 서점,책,엄사 골목형상점가,골목형상점가,충청남도,,,
4ea1a7b7d1c6eaf27e72,full_annotation_v1,A,q_서점_04,책 파는 곳,문화·여가 중 '서점'을 판매·제공하는 매장,val,서점,T4 구어·문장,5723d922-e55c-46bc-a5b9-846ba2afdf5d,커피파는 집,,거제 성포 골목형상점가,골목형상점가,경상남도,,,
3f65dd8e173162078f58,full_annotation_v1,A,q_서점_04,책 파는 곳,문화·여가 중 '서점'을 판매·제공하는 매장,val,서점,T4 구어·문장,00a77461-4674-4064-b492-fe85892bab2e,스타북스,도서,구갈상점가,자율상권구역,경기도,,,
86aac7160cc86286a543,full_annotation_v1,A,q_서점_04,책 파는 곳,문화·여가 중 '서점'을 판매·제공하는 매장,val,서점,T4 구어·문장,a4812b8d-3f9e-466d-a67e-6d6f56a97874,주남수산,활어,마산어시장,전통시장,경상남도,,,
101ce08ace6ca0c897b0,full_annotation_v1,A,q_서점_04,책 파는 곳,문화·여가 중 '서점'을 판매·제공하는 매장,val,서점,T4 구어·문장,7de49ca7-6094-4d66-9c2b-92946beb6b99,나녹,책,청당2번가 골목형상점가,골목형상점가,충청남도,,,
a0e46bee210e2e026634,full_annotation_v1,A,q_서점_04,책 파는 곳,문화·여가 중 '서점'을 판매·제공하는 매장,val,서점,T4 구어·문장,a8ea4b42-ac82-4a14-99e5-b4313023bb03,비프코스메틱,화장품,영주문화시장,전통시장,경상북도,,,
7cf3741ddda54b733dd3,full_annotation_v1,A,q_서점_04,책 파는 곳,문화·여가 중 '서점'을 판매·제공하는 매장,val,서점,T4 구어·문장,ad2284ff-8791-453b-b8a9-67654ff94220,폰파는 신사,휴대폰,남해 명품화전길 골목형상점가,골목형상점가,경상남도,,,
0bfaaae683687fe35cfe,full_annotation_v1,A,q_서점_04,책 파는 곳,문화·여가 중 '서점'을 판매·제공하는 매장,val,서점,T4 구어·문장,72051c3a-a1de-40b8-a406-271700df1c71,교학문고,책,달천상가 골목형상점가,골목형상점가,울산광역시,,,
97cd404af3f25ef69f3a,full_annotation_v1,A,q_서점_04,책 파는 곳,문화·여가 중 '서점'을 판매·제공하는 매장,val,서점,T4 구어·문장,f893b43d-b4fb-486c-8ba2-7bd3e32be635,코아네일,미용,창원 대동훼미리코아종합상가,전통시장,경상남도,,,
066d4bf25cddd16ed63e,full_annotation_v1,A,q_서점_04,책 파는 곳,문화·여가 중 '서점'을 판매·제공하는 매장,val,서점,T4 구어·문장,53330011-cc13-41a5-95e3-a3f198dce327,화문당서점,책,청주시 소나무길 일원 자율상권구역,상권활성화구역,충청북도,,,
1906b5ec00772b428042,full_annotation_v1,A,q_서점_04,책 파는 곳,문화·여가 중 '서점'을 판매·제공하는 매장,val,서점,T4 구어·문장,347d0df7-16f2-416a-a201-030880eebfb7,대신서점,책,마산 합성대로상가,전통시장,경상남도,,,
78e97548fbf89fc9b971,full_annotation_v1,A,q_서점_04,책 파는 곳,문화·여가 중 '서점'을 판매·제공하는 매장,val,서점,T4 구어·문장,683aa6ca-3623-41e0-807c-b3a8fa0cffad,고려당,책,중앙메가프라자,전통시장,대전광역시,,,
7a102e5110963708432f,full_annotation_v1,A,q_서점_04,책 파는 곳,문화·여가 중 '서점'을 판매·제공하는 매장,val,서점,T4 구어·문장,7db2ca8e-2121-443b-9705-dfc43964a789,대림기계,농기계,보은전통시장,전통시장,충청북도,,,
df0340a36c4f4e677d11,full_annotation_v1,A,q_세탁_01,세탁집,생활서비스 중 '세탁'을 판매·제공하는 매장,train,세탁,T2 동의어,063da78c-47d6-4cd4-a052-a7da91852460,아브라함세탁수선,"세탁, 수선",춘천서부시장,전통시장,강원특별자치도,,,
c30fb757d2bcb8f7907e,full_annotation_v1,A,q_세탁_01,세탁집,생활서비스 중 '세탁'을 판매·제공하는 매장,train,세탁,T2 동의어,623e541c-6c77-4dc7-b8da-f8578d32fdd3,럭키세탁소,세탁,염주상인회 골목형상점가,골목형상점가,광주광역시,,,
7e2dbbeabc8f37219759,full_annotation_v1,A,q_세탁_01,세탁집,생활서비스 중 '세탁'을 판매·제공하는 매장,train,세탁,T2 동의어,180510f5-de81-4877-be6d-e9911f740251,충남세탁,세탁,문창동 보물찾(Chat)길 골목형상점가,골목형상점가,대전광역시,,,
6147f78278d26153a07d,full_annotation_v1,A,q_세탁_01,세탁집,생활서비스 중 '세탁'을 판매·제공하는 매장,train,세탁,T2 동의어,58db7c5b-1485-49f7-9908-6133fe58e35d,우정세탁,세탁,다정중앙 골목형상점가,골목형상점가,세종특별자치시,,,
70ab52a760fa32a78062,full_annotation_v1,A,q_세탁_01,세탁집,생활서비스 중 '세탁'을 판매·제공하는 매장,train,세탁,T2 동의어,db259008-3215-4784-82ba-e9cc32d4bc65,중흥S세탁,세탁,우산중흥에쓰클래스 골목형상점가,골목형상점가,광주광역시,,,
e4981a30cd2d12c738d8,full_annotation_v1,A,q_세탁_01,세탁집,생활서비스 중 '세탁'을 판매·제공하는 매장,train,세탁,T2 동의어,05ff04e7-b24b-45bb-afe5-cc682fa9bbdd,샘머리세탁소,세탁,샘머리 골목형상점가,골목형상점가,대전광역시,,,
304bb43f11bb139cfddf,full_annotation_v1,A,q_세탁_01,세탁집,생활서비스 중 '세탁'을 판매·제공하는 매장,train,세탁,T2 동의어,381f6c12-706f-4442-bc8b-38128efd8e4c,세탁스토리,세탁물,서방골 골목형상점가,골목형상점가,광주광역시,,,
1f3059ed0ac581187e0a,full_annotation_v1,A,q_세탁_01,세탁집,생활서비스 중 '세탁'을 판매·제공하는 매장,train,세탁,T2 동의어,19dadc6b-d9fe-4a1d-bd80-a64f92efc8ac,태왕한우직판장,축산,하복대시장(구 하복대종합시장),전통시장,충청북도,,,
d7bc600a336b13cce4c8,full_annotation_v1,A,q_세탁_01,세탁집,생활서비스 중 '세탁'을 판매·제공하는 매장,train,세탁,T2 동의어,6faae8f4-35e4-43da-95f9-f1276a4089de,광문세탁박사,세탁,각화2지구 골목형상점가,골목형상점가,광주광역시,,,
47be9b8ac490f43f346b,full_annotation_v1,A,q_세탁_01,세탁집,생활서비스 중 '세탁'을 판매·제공하는 매장,train,세탁,T2 동의어,f590238e-faa6-4f1f-9c8e-60ed3d2fa4b7,세탁나라,세탁,사강시장,전통시장,경기도,,,
6e26a544c4750d32bd6a,full_annotation_v1,A,q_세탁_01,세탁집,생활서비스 중 '세탁'을 판매·제공하는 매장,train,세탁,T2 동의어,27626fd3-436c-42b1-a56a-a1548f1ac144,꽃처럼바람처럼,화원,강진중앙로상가,자율상권구역,전라남도,,,
647202b8f1fcb6f4837d,full_annotation_v1,A,q_세탁_01,세탁집,생활서비스 중 '세탁'을 판매·제공하는 매장,train,세탁,T2 동의어,061cda00-e3bc-448d-91ba-0a4c50f69b90,파스쿠찌전주서신점,휴게음식,전주중산공원 골목형상점가,골목형상점가,전북특별자치도,,,
47a9e0c2ce83f6e7e2dc,full_annotation_v1,A,q_세탁_01,세탁집,생활서비스 중 '세탁'을 판매·제공하는 매장,train,세탁,T2 동의어,d5699fd4-0395-4731-936c-4d7fa8b404bb,협심세탁소,세탁,서천읍 군사리 골목형상점가,골목형상점가,충청남도,,,
4d9802a6e01b43e9fc22,full_annotation_v1,A,q_세탁_01,세탁집,생활서비스 중 '세탁'을 판매·제공하는 매장,train,세탁,T2 동의어,a140a4b1-a164-48d4-936a-31b72ff51637,로얄세탁소,세탁,금부로상인회 골목형상점가,골목형상점가,광주광역시,,,
d8214c31d7cc0e143752,full_annotation_v1,A,q_세탁_01,세탁집,생활서비스 중 '세탁'을 판매·제공하는 매장,train,세탁,T2 동의어,7a38cc87-76a4-45fb-ae20-2a2961e84a10,경북세탁소,세탁,용상공설시장,전통시장,경상북도,,,
cfe8eae82fb92eb42bff,full_annotation_v1,A,q_세탁_01,세탁집,생활서비스 중 '세탁'을 판매·제공하는 매장,train,세탁,T2 동의어,020914cd-8086-4fad-ab39-bbae265d6a60,양진이불,침구,경주성동공설시장,전통시장,경상북도,,,
24d414357f9a6f779ef9,full_annotation_v1,A,q_세탁_01,세탁집,생활서비스 중 '세탁'을 판매·제공하는 매장,train,세탁,T2 동의어,f7bd6da0-d460-42e8-ac4d-8c4829ee14e7,하얀 세탁소,세탁업,남해 명품화전길 골목형상점가,골목형상점가,경상남도,,,
4fded2e082e82d8b674b,full_annotation_v1,A,q_세탁_01,세탁집,생활서비스 중 '세탁'을 판매·제공하는 매장,train,세탁,T2 동의어,7b94a64d-5eb6-48c1-ae9f-96795ac6ce55,세탁사랑,세탁,큰방림길 골목형상점가,골목형상점가,광주광역시,,,
72383ce22724a9afe1eb,full_annotation_v1,A,q_세탁_01,세탁집,생활서비스 중 '세탁'을 판매·제공하는 매장,train,세탁,T2 동의어,81a14f93-a933-4548-acdc-de43fe63a25a,대륙세탁소,세탁,태평상가,골목형상점가,경기도,,,
d79ec1422d859a8524f8,full_annotation_v1,A,q_세탁_01,세탁집,생활서비스 중 '세탁'을 판매·제공하는 매장,train,세탁,T2 동의어,01c8223c-7693-4269-8de1-ef21d68577d4,신흥침구사,침구,중앙신시장,전통시장,경상북도,,,
18f7e5b1891f6845c013,full_annotation_v1,A,q_세탁_01,세탁집,생활서비스 중 '세탁'을 판매·제공하는 매장,train,세탁,T2 동의어,0321fb2a-78bf-4ea9-961b-0a0e245b5863,세모누비,침구,정서진중앙시장(구 서구중앙시장),전통시장,인천광역시,,,
04d55287592f324d55c3,full_annotation_v1,A,q_세탁_01,세탁집,생활서비스 중 '세탁'을 판매·제공하는 매장,train,세탁,T2 동의어,27548d1f-921c-4d41-9d63-334e6151a177,경인마트(경인유통),슈퍼,"온양온천시장(온양재래시장, 전통시장)",전통시장,충청남도,,,
f77f910d488c77bcb818,full_annotation_v1,A,q_세탁_01,세탁집,생활서비스 중 '세탁'을 판매·제공하는 매장,train,세탁,T2 동의어,3263f371-5f0f-4c1e-9e16-51e3cce4f71a,수정세탁,세탁,영천공설시장,전통시장,경상북도,,,
30037348a5c055c01140,full_annotation_v1,A,q_세탁_01,세탁집,생활서비스 중 '세탁'을 판매·제공하는 매장,train,세탁,T2 동의어,758aa18a-a4c3-439e-bd8b-7941a7375a65,로얄사 세탁 전문점,세탁,공항골목시장골목형상점가,골목형상점가,서울특별시,,,
c2fa50e79a41db0e8f35,full_annotation_v1,A,q_세탁_01,세탁집,생활서비스 중 '세탁'을 판매·제공하는 매장,train,세탁,T2 동의어,3dff10c0-c467-4546-a798-9749092b38df,대경주방산업,가스렌지,칠성전자주방시장,전통시장,대구광역시,,,
e279a5a8284aa3d1076b,full_annotation_v1,A,q_세탁_01,세탁집,생활서비스 중 '세탁'을 판매·제공하는 매장,train,세탁,T2 동의어,5028ba9a-5c9b-4bde-90bd-0f6e10e830eb,세탁1번가,세탁,송탄관광특구 골목형상점가,골목형상점가,경기도,,,
61294ea821608a8f2ce9,full_annotation_v1,A,q_세탁_01,세탁집,생활서비스 중 '세탁'을 판매·제공하는 매장,train,세탁,T2 동의어,66407df9-9a43-4a0a-92fd-7a55bf476a56,수현세탁소,세탁,로터리상점가,자율상권구역,경기도,,,
e8055a2a5b85ccb38641,full_annotation_v1,A,q_세탁_01,세탁집,생활서비스 중 '세탁'을 판매·제공하는 매장,train,세탁,T2 동의어,23b40add-5c94-44fa-9db8-ffff6bc34865,젤죤사,세탁,서림행복가득한골목형상점가,골목형상점가,서울특별시,,,
b9c0bb59b7de82ea5b39,full_annotation_v1,A,q_세탁_01,세탁집,생활서비스 중 '세탁'을 판매·제공하는 매장,train,세탁,T2 동의어,00c164d0-76c7-4e7a-9676-ecfdbb052077,크린토피아신창점,세탁,신창수문 골목형상점가,골목형상점가,광주광역시,,,
782f43be15e189772cb0,full_annotation_v1,A,q_세탁_01,세탁집,생활서비스 중 '세탁'을 판매·제공하는 매장,train,세탁,T2 동의어,b99a3bfb-af78-4767-a786-1e86decd05f4,짱세탁,세탁,구미파크시장,전통시장,경상북도,,,
1dbeab12b0c564524974,full_annotation_v1,A,q_세탁_01,세탁집,생활서비스 중 '세탁'을 판매·제공하는 매장,train,세탁,T2 동의어,d50e512c-d7a3-426d-bd6d-ab944bc365ee,바른세탁,세탁,영등포(시장)기계공구상가,자율상권구역,서울특별시,,,
f0320f22d437af2c6454,full_annotation_v1,A,q_세탁_01,세탁집,생활서비스 중 '세탁'을 판매·제공하는 매장,train,세탁,T2 동의어,05291547-c22d-430e-95c2-e31bda19a90a,슈퍼타이 본점,세탁,월드시티상가 골목형상점가,골목형상점가,울산광역시,,,
0f147ebccf3cc6bb89b7,full_annotation_v1,A,q_세탁_01,세탁집,생활서비스 중 '세탁'을 판매·제공하는 매장,train,세탁,T2 동의어,dc22a76a-8d51-4258-b57c-3c80c1a2e3fe,한국세탁,세탁,봉선2중앙로 골목형상점가,골목형상점가,광주광역시,,,
fe19773064efc150f722,full_annotation_v1,A,q_세탁_01,세탁집,생활서비스 중 '세탁'을 판매·제공하는 매장,train,세탁,T2 동의어,71218126-9d35-478b-bf5d-43c1e7f3bd40,부효세탁,세탁,북동 골목형상점가,골목형상점가,광주광역시,,,
8133cc195df21a29f03d,full_annotation_v1,A,q_세탁_01,세탁집,생활서비스 중 '세탁'을 판매·제공하는 매장,train,세탁,T2 동의어,0056f4f0-208d-4d7c-996c-9e6526fea6cf,한일침구,침구,목포원도심상점가,자율상권구역,전라남도,,,
0b696640ede9502b2527,full_annotation_v1,A,q_세탁_01,세탁집,생활서비스 중 '세탁'을 판매·제공하는 매장,train,세탁,T2 동의어,4befcc6b-83ee-411c-894d-64e87911f2b9,코코갤러리,의류,전주중산공원 골목형상점가,골목형상점가,전북특별자치도,,,
7e62169d70deb978869d,full_annotation_v1,A,q_세탁_01,세탁집,생활서비스 중 '세탁'을 판매·제공하는 매장,train,세탁,T2 동의어,3cbd8ab7-10fe-404c-96b1-cee77035d66e,아이앤지,의류,경안전통시장,전통시장,경기도,,,
592d66efba233238f41c,full_annotation_v1,A,q_세탁_01,세탁집,생활서비스 중 '세탁'을 판매·제공하는 매장,train,세탁,T2 동의어,adf4da0e-9b6a-4a9e-8c07-a7e553455046,세탁할인점,세탁,다모아상가 골목형상점가,골목형상점가,대전광역시,,,
57a7f4ba658090d9ae3f,full_annotation_v1,A,q_세탁_01,세탁집,생활서비스 중 '세탁'을 판매·제공하는 매장,train,세탁,T2 동의어,d054d4d7-260d-46e5-b8fa-8e8114b994bb,가든 세탁소,세탁,삼정로 골목형상점가,골목형상점가,광주광역시,,,
ccb2a94078eba7a1a3b5,full_annotation_v1,A,q_세탁_01,세탁집,생활서비스 중 '세탁'을 판매·제공하는 매장,train,세탁,T2 동의어,a1929a53-30fc-498d-b1f5-bbadd989cf24,신임세탁소,세탁,동쪽바다중앙시장(구 동해중앙시장),전통시장,강원특별자치도,,,
3706e4257bad230b9f76,full_annotation_v1,A,q_세탁_01,세탁집,생활서비스 중 '세탁'을 판매·제공하는 매장,train,세탁,T2 동의어,e4e3fc78-b3ec-4b82-a7b4-879e7ae6f882,세탁일번지,의류 세탁 및 기타,동먹골상가 골목형상점가,골목형상점가,대구광역시,,,
da12955223fc3217625d,full_annotation_v1,A,q_세탁_01,세탁집,생활서비스 중 '세탁'을 판매·제공하는 매장,train,세탁,T2 동의어,b521cd37-596e-471e-960e-a9e1e0b8bb6e,입체사 세탁소,세탁업,신길성애 골목형상점가,골목형상점가,서울특별시,,,
9103a8eaffffc537810e,full_annotation_v1,A,q_세탁_01,세탁집,생활서비스 중 '세탁'을 판매·제공하는 매장,train,세탁,T2 동의어,a3fa6a80-98de-4644-8b1c-8e454df454be,뉴드림치과의원,치과의원,신용동 골목형상점가,골목형상점가,광주광역시,,,
0bbbdc1ef322c2ba655c,full_annotation_v1,A,q_세탁_01,세탁집,생활서비스 중 '세탁'을 판매·제공하는 매장,train,세탁,T2 동의어,7726ba5b-7a44-412e-a237-e74c46feb0e0,롯데세탁,세탁,"일곡동(제8지역:롯데,벽산,동아,삼호,월드스파)",골목형상점가,광주광역시,,,
0c135693fca78399c335,full_annotation_v1,A,q_세탁_01,세탁집,생활서비스 중 '세탁'을 판매·제공하는 매장,train,세탁,T2 동의어,019c9868-92c6-4e25-b2ea-903f322c9acf,맡겨봐신발세탁,세탁,임동 골목형상점가,골목형상점가,광주광역시,,,
52d25cda0b99d1f08ff7,full_annotation_v1,A,q_세탁_01,세탁집,생활서비스 중 '세탁'을 판매·제공하는 매장,train,세탁,T2 동의어,f16d1071-9996-4001-ac97-a910c0f0b38e,크린몰,세탁,장대 골목형상점가,골목형상점가,대전광역시,,,
7516534880514f9764d3,full_annotation_v1,A,q_세탁_01,세탁집,생활서비스 중 '세탁'을 판매·제공하는 매장,train,세탁,T2 동의어,b0d74b69-b88c-4d75-bd60-4b6ec9aae5a8,육일,농수산물,동문재래시장,전통시장,제주특별자치도,,,
19c19dfad87d16398a1a,full_annotation_v1,A,q_세탁_01,세탁집,생활서비스 중 '세탁'을 판매·제공하는 매장,train,세탁,T2 동의어,8ae41727-7301-4252-bffe-aa060f1699e6,남문세탁소,세탁,동문재래시장,전통시장,제주특별자치도,,,
e42edf14f222c8d269c4,full_annotation_v1,A,q_세탁_01,세탁집,생활서비스 중 '세탁'을 판매·제공하는 매장,train,세탁,T2 동의어,4e5cee5f-561a-40c5-9e07-cf2e601be158,가을동화,의류잡화,구미새마을중앙시장,전통시장,경상북도,,,
f5827a9d588a0e3d6f0d,full_annotation_v1,A,q_세탁_01,세탁집,생활서비스 중 '세탁'을 판매·제공하는 매장,train,세탁,T2 동의어,69b9048d-e7cb-42ed-ac54-03907dc174d9,계백세탁소,세탁,문흥라인아파트 골목형상점가,골목형상점가,광주광역시,,,
305cd2483aaea2c74419,full_annotation_v1,A,q_세탁_01,세탁집,생활서비스 중 '세탁'을 판매·제공하는 매장,train,세탁,T2 동의어,e36b9d06-5034-40bf-8a4e-69e5d93d0fc7,광암세탁소,세탁물업,풍향골 골목형상점가,골목형상점가,광주광역시,,,
d3ef2f7f640e90ddd39d,full_annotation_v1,A,q_세탁_01,세탁집,생활서비스 중 '세탁'을 판매·제공하는 매장,train,세탁,T2 동의어,ea8544eb-5c1d-4b39-a1aa-0daa1dafe636,세탁마을,세탁,매곡동 골목형상점가,골목형상점가,광주광역시,,,
c41c9aaed1521bdfe595,full_annotation_v1,A,q_세탁_01,세탁집,생활서비스 중 '세탁'을 판매·제공하는 매장,train,세탁,T2 동의어,2c6afabc-b548-4e99-ab18-7724d2af2441,국민세탁소,세탁,왕지상가,자율상권구역,전라남도,,,
a7e3a899f30da9da4803,full_annotation_v1,A,q_세탁_01,세탁집,생활서비스 중 '세탁'을 판매·제공하는 매장,train,세탁,T2 동의어,6619f1ab-8380-4116-90f2-7b704a7f86a0,세탁나라,세탁,행운담길골목형상점가,골목형상점가,서울특별시,,,
1ee4f3b54c9e5db379f9,full_annotation_v1,A,q_세탁_01,세탁집,생활서비스 중 '세탁'을 판매·제공하는 매장,train,세탁,T2 동의어,273627c2-7967-48f7-8fa8-14b4e901c37e,란스치킨,한식,불국상가시장,전통시장,경상북도,,,
fd8ebfc945ed07990809,full_annotation_v1,A,q_세탁_01,세탁집,생활서비스 중 '세탁'을 판매·제공하는 매장,train,세탁,T2 동의어,748b1273-41bb-43e5-879e-1195367ea94a,미소지움 세탁소,세탁,금암동 골목형상점가,골목형상점가,충청남도,,,
3aa133804976efc40f45,full_annotation_v1,A,q_세탁_01,세탁집,생활서비스 중 '세탁'을 판매·제공하는 매장,train,세탁,T2 동의어,22f90605-5468-4123-bfb8-3c21625c76a6,호석세탁,세탁업,경안전통시장,전통시장,경기도,,,
45700baf10193efc11c6,full_annotation_v1,A,q_세탁_01,세탁집,생활서비스 중 '세탁'을 판매·제공하는 매장,train,세탁,T2 동의어,035b2c82-5e87-47dc-aedf-75253b965cf0,복음누비,침구,중앙시장,전통시장,인천광역시,,,
b47b1e7208c41f9c9f58,full_annotation_v1,A,q_세탁_01,세탁집,생활서비스 중 '세탁'을 판매·제공하는 매장,train,세탁,T2 동의어,0fb2855c-7f87-440e-acad-20bb9be7ce45,선경,세탁,제주시터미널 골목형상점가,골목형상점가,제주특별자치도,,,
a51e4de73a3fabbcf8ac,full_annotation_v1,A,q_세탁_01,세탁집,생활서비스 중 '세탁'을 판매·제공하는 매장,train,세탁,T2 동의어,a49a1cdb-8bcf-4bed-9edb-35d8ca85f6f5,삼화문구오피스 반석점,문구,반석동 골목형상점가,골목형상점가,대전광역시,,,
d6e22d7c147c91db0366,full_annotation_v1,A,q_세탁_01,세탁집,생활서비스 중 '세탁'을 판매·제공하는 매장,train,세탁,T2 동의어,2e50b04f-62ec-4995-92d3-947f5a6a7160,흥선 세탁,담배세탁,월산독립로 골목형상점가,골목형상점가,광주광역시,,,
7bf9deb04efd7ac65808,full_annotation_v1,A,q_세탁_01,세탁집,생활서비스 중 '세탁'을 판매·제공하는 매장,train,세탁,T2 동의어,441858d4-e429-4754-ac09-df83179c317d,소문난떡방앗간,제조업(떡방앗간),정자시장,전통시장,경기도,,,
80727393bab6fcdfc05e,full_annotation_v1,A,q_세탁_01,세탁집,생활서비스 중 '세탁'을 판매·제공하는 매장,train,세탁,T2 동의어,c2a69456-faee-4a85-9018-1713e3cc6ee5,(주) 형과아우,음식(삼계탕),유성온천거리 골목형상점가,골목형상점가,대전광역시,,,
57ecb7a2b38706d6f4d5,full_annotation_v1,A,q_세탁_01,세탁집,생활서비스 중 '세탁'을 판매·제공하는 매장,train,세탁,T2 동의어,fc941f1f-a046-4659-9720-f925e320346f,세탁나라,세탁소,상암마을상인회 골목형상점가,골목형상점가,광주광역시,,,
5a91441bd0ae345fc4f5,full_annotation_v1,A,q_세탁_01,세탁집,생활서비스 중 '세탁'을 판매·제공하는 매장,train,세탁,T2 동의어,98d8d55f-8698-4044-943a-49c0d68d03af,초원밥상,음식,횡성전통시장,전통시장,강원특별자치도,,,
0c034af29f018ea3cc74,full_annotation_v1,A,q_세탁_01,세탁집,생활서비스 중 '세탁'을 판매·제공하는 매장,train,세탁,T2 동의어,ea7c0a05-f080-444b-9a2a-eebc24146139,오감족발,족발,마산 동마산시장,전통시장,경상남도,,,
114006111ba9dec2e132,full_annotation_v1,A,q_세탁_02,빨래 맡길 데,생활서비스 중 '세탁'을 판매·제공하는 매장,train,세탁,T4 구어·문장,aba76fc2-984e-4030-ba01-e2e7d78264c7,데 아로즈 대전둔산본점,,갈리단길 골목형상점가,골목형상점가,대전광역시,,,
36e33537c19c52cb1c6d,full_annotation_v1,A,q_세탁_02,빨래 맡길 데,생활서비스 중 '세탁'을 판매·제공하는 매장,train,세탁,T4 구어·문장,1a9ad5a6-307e-432d-85d6-be6629c253ca,다모아 빨래방,세탁,계수마을상인회 골목형상점가,골목형상점가,광주광역시,,,
16671367c2751a5ba647,full_annotation_v1,A,q_세탁_02,빨래 맡길 데,생활서비스 중 '세탁'을 판매·제공하는 매장,train,세탁,T4 구어·문장,020914cd-8086-4fad-ab39-bbae265d6a60,양진이불,침구,경주성동공설시장,전통시장,경상북도,,,
b7aa54fbd86bd5bb2886,full_annotation_v1,A,q_세탁_02,빨래 맡길 데,생활서비스 중 '세탁'을 판매·제공하는 매장,train,세탁,T4 구어·문장,c19bd543-e627-4f31-9c26-91303f066903,미크바컴퍼니,비누,코끼리시장,전통시장,경기도,,,
3aa28dfca83ccf262c83,full_annotation_v1,A,q_세탁_02,빨래 맡길 데,생활서비스 중 '세탁'을 판매·제공하는 매장,train,세탁,T4 구어·문장,996cde8f-8c52-44fe-a286-ef32a9f58e23,운동화 이불 빨래방,"운동화, 이불빨래",비아로 골목형상점가,골목형상점가,광주광역시,,,
d03b8f1524c6aca0de68,full_annotation_v1,A,q_세탁_02,빨래 맡길 데,생활서비스 중 '세탁'을 판매·제공하는 매장,train,세탁,T4 구어·문장,cbbe3b20-c7a5-420d-bb17-239cbf6ad9a8,빨래터민물장어,장어,앞산맛둘레길 골목형상점가,골목형상점가,대구광역시,,,
7246ee674136bdd9772e,full_annotation_v1,A,q_세탁_02,빨래 맡길 데,생활서비스 중 '세탁'을 판매·제공하는 매장,train,세탁,T4 구어·문장,51b5abcf-0c65-4ede-a2e9-86a503db508f,육회하길,한식,맹동혁신골목형상점가,골목형상점가,충청북도,,,
cdc10f9e1585b1a291c5,full_annotation_v1,A,q_세탁_02,빨래 맡길 데,생활서비스 중 '세탁'을 판매·제공하는 매장,train,세탁,T4 구어·문장,433c7412-dec0-4b32-8e9d-81a4d1bf959e,크린스피드,빨래방,전곡전통시장,전통시장,경기도,,,
1f46958c80a10f8ef209,full_annotation_v1,A,q_세탁_02,빨래 맡길 데,생활서비스 중 '세탁'을 판매·제공하는 매장,train,세탁,T4 구어·문장,d920efe1-ecc4-4aa2-8543-692279a48e47,오늘도 맑음,빨래방,삼각지맛길 골목형상점가,골목형상점가,대구광역시,,,
098d6e718be049f1ab97,full_annotation_v1,A,q_세탁_02,빨래 맡길 데,생활서비스 중 '세탁'을 판매·제공하는 매장,train,세탁,T4 구어·문장,babd9ab7-254c-45f3-bbe5-588405340052,밧데리중앙총판,밧데리축전지,공구의거리,자율상권구역,광주광역시,,,
3106242e09664c2f1803,full_annotation_v1,A,q_세탁_02,빨래 맡길 데,생활서비스 중 '세탁'을 판매·제공하는 매장,train,세탁,T4 구어·문장,023b0718-9f11-47bd-bb20-7593b0c49877,장원 숯불돼지갈비,돼지갈비,퇴계원먹자골목상점가,골목형상점가,경기도,,,
a721a57bf04609c1ad85,full_annotation_v1,A,q_세탁_02,빨래 맡길 데,생활서비스 중 '세탁'을 판매·제공하는 매장,train,세탁,T4 구어·문장,33d2cbdb-7b01-4be2-b0d6-da869030af1c,매곡당구장,빨래방,매곡광장 골목형상점가,골목형상점가,울산광역시,,,
2a6d32f1ac61ecb43872,full_annotation_v1,A,q_세탁_02,빨래 맡길 데,생활서비스 중 '세탁'을 판매·제공하는 매장,train,세탁,T4 구어·문장,66cd8fcb-7c37-42c3-8f12-5edf16c258d1,오솥길,음식,문지동 골목형상점가,골목형상점가,대전광역시,,,
bf457d17aaf32d7dcaf2,full_annotation_v1,A,q_세탁_02,빨래 맡길 데,생활서비스 중 '세탁'을 판매·제공하는 매장,train,세탁,T4 구어·문장,cbb18d44-86c5-4f84-bfbf-520512163bd9,헤어까끄래,,오류버들시장골목형상점가,골목형상점가,서울특별시,,,
79fbe82d15cce1cbb494,full_annotation_v1,A,q_세탁_02,빨래 맡길 데,생활서비스 중 '세탁'을 판매·제공하는 매장,train,세탁,T4 구어·문장,5deb7076-7ac7-44c9-a635-caeb0282b3b4,손길,,우정전통시장,전통시장,울산광역시,,,
8ae316f1d6fee2ab2454,full_annotation_v1,A,q_세탁_02,빨래 맡길 데,생활서비스 중 '세탁'을 판매·제공하는 매장,train,세탁,T4 구어·문장,1f84ba03-b3d4-4c50-a85a-12bf3517b93d,24시뽀송뽀송,"빨래방, 농산물",산청시장,전통시장,경상남도,,,
d8b177f0c645517cdb7b,full_annotation_v1,A,q_세탁_02,빨래 맡길 데,생활서비스 중 '세탁'을 판매·제공하는 매장,train,세탁,T4 구어·문장,f3d7086f-c78a-40cf-89d7-f04aeb954550,중도매인11호,청과,여수진남상가,자율상권구역,전라남도,,,
a48851f81c9effb3a432,full_annotation_v1,A,q_세탁_02,빨래 맡길 데,생활서비스 중 '세탁'을 판매·제공하는 매장,train,세탁,T4 구어·문장,1de7187b-ff14-4865-8386-9971a35f2bfb,크린업24일곡점,가정용빨래,일곡동(제10지역:자연마을 전용주택단지) 골목형상점가,골목형상점가,광주광역시,,,
c17dcf05306a661945e1,full_annotation_v1,A,q_세탁_02,빨래 맡길 데,생활서비스 중 '세탁'을 판매·제공하는 매장,train,세탁,T4 구어·문장,34f2c65e-d213-465d-a43c-b1d752d02a2b,88워시 광주내방점,빨래방,맛조이상인회 골목형상점가,골목형상점가,광주광역시,,,
be3f3d3f5546e13bdce6,full_annotation_v1,A,q_세탁_02,빨래 맡길 데,생활서비스 중 '세탁'을 판매·제공하는 매장,train,세탁,T4 구어·문장,fba8ca6a-ad81-457f-9635-26a8ead437cb,햇빛촌24시셀프빨래터,빨래방,면곡시장 골목형상점가,골목형상점가,서울특별시,,,
3e686af2b96a629f8b26,full_annotation_v1,A,q_세탁_02,빨래 맡길 데,생활서비스 중 '세탁'을 판매·제공하는 매장,train,세탁,T4 구어·문장,b89ffe5b-0461-4dac-b278-003c924caf9e,맛보래,한식,성수역골목형상점가,골목형상점가,서울특별시,,,
b69c5bd0844f4af51331,full_annotation_v1,A,q_세탁_02,빨래 맡길 데,생활서비스 중 '세탁'을 판매·제공하는 매장,train,세탁,T4 구어·문장,5825e596-43e7-4b08-ad25-bb0a3e867110,24시빨래방,빨래방,옥계OK골목형상점가,골목형상점가,강원특별자치도,,,
62fc360ec20d61b6cb7a,full_annotation_v1,A,q_세탁_02,빨래 맡길 데,생활서비스 중 '세탁'을 판매·제공하는 매장,train,세탁,T4 구어·문장,12de78aa-5dbd-46fd-8d49-05306ec722f1,금호유통,수산물,양동시장,전통시장,광주광역시,,,
4ad6086dfe21ba07506f,full_annotation_v1,A,q_세탁_02,빨래 맡길 데,생활서비스 중 '세탁'을 판매·제공하는 매장,train,세탁,T4 구어·문장,6e2ac68b-381b-4e15-9145-fe1693a4f06c,코인워시24빨래터,빨래,"우산주공1,2단지 골목형상점가",골목형상점가,광주광역시,,,
6fffdb725831a2ea4c88,full_annotation_v1,A,q_세탁_02,빨래 맡길 데,생활서비스 중 '세탁'을 판매·제공하는 매장,train,세탁,T4 구어·문장,a64b634e-c777-450a-a83a-cf02fdbf3e05,세탁풍경중화산점,빨래방,근영누리 골목형상점가,골목형상점가,전북특별자치도,,,
52f4e2c7ca5d72707857,full_annotation_v1,A,q_세탁_02,빨래 맡길 데,생활서비스 중 '세탁'을 판매·제공하는 매장,train,세탁,T4 구어·문장,035b2c82-5e87-47dc-aedf-75253b965cf0,복음누비,침구,중앙시장,전통시장,인천광역시,,,
d45c0ecf1f93ce1824b0,full_annotation_v1,A,q_세탁_02,빨래 맡길 데,생활서비스 중 '세탁'을 판매·제공하는 매장,train,세탁,T4 구어·문장,82abcdf3-fd96-4108-91cb-672c1b6ba030,워시팡팡 시흥금하점,빨래방,아름다운별장거리골목형상점가,골목형상점가,서울특별시,,,
fb40e0bde407f9380db8,full_annotation_v1,A,q_세탁_02,빨래 맡길 데,생활서비스 중 '세탁'을 판매·제공하는 매장,train,세탁,T4 구어·문장,0321fb2a-78bf-4ea9-961b-0a0e245b5863,세모누비,침구,정서진중앙시장(구 서구중앙시장),전통시장,인천광역시,,,
4e3794d4e4a1e5f7144a,full_annotation_v1,A,q_세탁_02,빨래 맡길 데,생활서비스 중 '세탁'을 판매·제공하는 매장,train,세탁,T4 구어·문장,37f4da31-01d0-4a5e-beb6-00bbe79abc0d,히데,의류,춘천지하상가,일반지하상점가,강원특별자치도,,,
3ccde6425ca1a334f60a,full_annotation_v1,A,q_세탁_02,빨래 맡길 데,생활서비스 중 '세탁'을 판매·제공하는 매장,train,세탁,T4 구어·문장,f14df4d3-9858-4a8b-8597-20fd477d8e32,갤러리 데 루치아,가구,용인어정가구단지상점가,자율상권구역,경기도,,,
fb080d01ac488b115037,full_annotation_v1,A,q_세탁_02,빨래 맡길 데,생활서비스 중 '세탁'을 판매·제공하는 매장,train,세탁,T4 구어·문장,b4305af8-bd33-4217-9a66-c605d3186fac,빨쿡빨래방,코인빨래방 등,거제 상동 골목형상점가,골목형상점가,경상남도,,,
3b557bf04a69985202ab,full_annotation_v1,A,q_세탁_02,빨래 맡길 데,생활서비스 중 '세탁'을 판매·제공하는 매장,train,세탁,T4 구어·문장,51f50db9-ea4a-424d-8fd1-08d49dcfb04d,운동화 이불솜 빨래방,"운동화, 이불용 빨래방",건국다복 골목형상점가,골목형상점가,광주광역시,,,
9d75e222e2baea8f2ffd,full_annotation_v1,A,q_세탁_02,빨래 맡길 데,생활서비스 중 '세탁'을 판매·제공하는 매장,train,세탁,T4 구어·문장,282b0e8b-051c-49f9-a707-b982df803589,까라벨라 데 오르,스파게티,동명동 카페거리 골목형상점가,골목형상점가,광주광역시,,,
4496e806a22395670f83,full_annotation_v1,A,q_세탁_02,빨래 맡길 데,생활서비스 중 '세탁'을 판매·제공하는 매장,train,세탁,T4 구어·문장,670fc67c-6772-4135-b5f4-1c6eb2b23776,고기가,"한우갈비, 한돈생삼겹살 등",혁신도시4구역골목형상점가,골목형상점가,강원특별자치도,,,
85118d1342ca1de6a01d,full_annotation_v1,A,q_세탁_02,빨래 맡길 데,생활서비스 중 '세탁'을 판매·제공하는 매장,train,세탁,T4 구어·문장,26fa9b3f-336d-4cff-8dc6-a7e5798e4ecc,매일복집 3호점,한식,퇴계원먹자골목상점가,골목형상점가,경기도,,,
6db77e382360d9b0dc9d,full_annotation_v1,A,q_세탁_02,빨래 맡길 데,생활서비스 중 '세탁'을 판매·제공하는 매장,train,세탁,T4 구어·문장,0d33d479-1fd9-4033-b5d5-f8deab151fd1,연꽃인연,철학관,인현지하도상가,일반지하상점가,인천광역시,,,
78e26caa2f7ed2af4e8c,full_annotation_v1,A,q_세탁_02,빨래 맡길 데,생활서비스 중 '세탁'을 판매·제공하는 매장,train,세탁,T4 구어·문장,05ff04e7-b24b-45bb-afe5-cc682fa9bbdd,샘머리세탁소,세탁,샘머리 골목형상점가,골목형상점가,대전광역시,,,
cd9c3189426f8e0bdf03,full_annotation_v1,A,q_세탁_02,빨래 맡길 데,생활서비스 중 '세탁'을 판매·제공하는 매장,train,세탁,T4 구어·문장,eaee5ffa-39a6-43f2-abb0-c3f52e53b9d0,이데,의류,남대문시장,전통시장,서울특별시,,,
7db5551144a25a1c5dc0,full_annotation_v1,A,q_세탁_02,빨래 맡길 데,생활서비스 중 '세탁'을 판매·제공하는 매장,train,세탁,T4 구어·문장,a2e9d60a-aaf4-4d99-a6da-cbbcb7501c28,크린토피아셀프빨래방이동지곡점,빨래방,포항 대이상가 골목형상점가,골목형상점가,경상북도,,,
14879dca3c5613b2928c,full_annotation_v1,A,q_세탁_02,빨래 맡길 데,생활서비스 중 '세탁'을 판매·제공하는 매장,train,세탁,T4 구어·문장,0a7d19da-a3de-4791-a6b8-3a65ed717937,운동화빨래방,빨래,금호사랑 상인회 골목형상점가,골목형상점가,전라남도,,,
02b392d35dab85c7326c,full_annotation_v1,A,q_세탁_02,빨래 맡길 데,생활서비스 중 '세탁'을 판매·제공하는 매장,train,세탁,T4 구어·문장,3f52caf3-d843-44f8-9064-a115fb9044c6,클린운동화빨래방,빨래방,포남용마거리골목형상점가,골목형상점가,강원특별자치도,,,
4b02d5f9f5043e96ca38,full_annotation_v1,A,q_세탁_02,빨래 맡길 데,생활서비스 중 '세탁'을 판매·제공하는 매장,train,세탁,T4 구어·문장,dd89024d-87af-41b2-a553-fc5d066b3814,맑은운동화&이불빨래방,빨래방,매곡광장 골목형상점가,골목형상점가,울산광역시,,,
d2268841c1224986fc12,full_annotation_v1,A,q_세탁_02,빨래 맡길 데,생활서비스 중 '세탁'을 판매·제공하는 매장,train,세탁,T4 구어·문장,f23cad7e-2128-40b3-88f8-b0541cc45b59,거북상회,어패류,제일시장,전통시장,전라남도,,,
e414e91eb723f0d88182,full_annotation_v1,A,q_세탁_02,빨래 맡길 데,생활서비스 중 '세탁'을 판매·제공하는 매장,train,세탁,T4 구어·문장,7ca9761a-3510-43fe-a5a1-9c0d3180becd,말바우형제상회,건어물,말바우시장,전통시장,광주광역시,,,
da89fb1b5e57cfa2ccbf,full_annotation_v1,A,q_세탁_02,빨래 맡길 데,생활서비스 중 '세탁'을 판매·제공하는 매장,train,세탁,T4 구어·문장,59365670-4d64-46cc-a01b-1355d42c793d,퇴직하고 차린 빨래방,코인 빨래방,신수동토정로 골목형상점가,골목형상점가,서울특별시,,,
c3ddee9c8f0a10ed925b,full_annotation_v1,A,q_세탁_02,빨래 맡길 데,생활서비스 중 '세탁'을 판매·제공하는 매장,train,세탁,T4 구어·문장,f5c6f38a-3e4c-4387-883f-4de47a4e9b18,대일식품상사,"식품, 잡화",포항죽도농산물시장,전통시장,경상북도,,,
bbcd789f0224db8b1a88,full_annotation_v1,A,q_세탁_02,빨래 맡길 데,생활서비스 중 '세탁'을 판매·제공하는 매장,train,세탁,T4 구어·문장,063da78c-47d6-4cd4-a052-a7da91852460,아브라함세탁수선,"세탁, 수선",춘천서부시장,전통시장,강원특별자치도,,,
9688dc733954af362858,full_annotation_v1,A,q_세탁_02,빨래 맡길 데,생활서비스 중 '세탁'을 판매·제공하는 매장,train,세탁,T4 구어·문장,c078cbfc-203f-473d-8090-836b5afc5cfe,경민사,귀금속,골드테마거리,전통시장,부산광역시,,,
98f9ee9cc30c77e432df,full_annotation_v1,A,q_세탁_02,빨래 맡길 데,생활서비스 중 '세탁'을 판매·제공하는 매장,train,세탁,T4 구어·문장,6e6e5c34-21df-4a5f-bb66-55fba4c48204,아쿠아워시용두점,셀프빨래,더불어용두 골목형상점가,골목형상점가,광주광역시,,,
5d9183335f1e8c7f5907,full_annotation_v1,A,q_세탁_02,빨래 맡길 데,생활서비스 중 '세탁'을 판매·제공하는 매장,train,세탁,T4 구어·문장,3b57ec1e-49ec-4343-aab3-7bf4957f5904,위시앤조이셀프빨래방,셀프 빨래방,지중해마을 골목형상점가,골목형상점가,충청남도,,,
79e5580a4dcdf8e83dd9,full_annotation_v1,A,q_세탁_02,빨래 맡길 데,생활서비스 중 '세탁'을 판매·제공하는 매장,train,세탁,T4 구어·문장,531196c9-6712-4b8a-a395-633608845118,대길,,부평깡통시장(구 부산부평시장),전통시장,부산광역시,,,
3b43a4bd9af644bb9d84,full_annotation_v1,A,q_세탁_02,빨래 맡길 데,생활서비스 중 '세탁'을 판매·제공하는 매장,train,세탁,T4 구어·문장,2051a5e8-2e4c-4e61-b36e-c4891048487d,로또&빨래방,빨래방,시티프라자골목형상점가,골목형상점가,전라남도,,,
f6074b70dd855b0080b5,full_annotation_v1,A,q_세탁_02,빨래 맡길 데,생활서비스 중 '세탁'을 판매·제공하는 매장,train,세탁,T4 구어·문장,019c9868-92c6-4e25-b2ea-903f322c9acf,맡겨봐신발세탁,세탁,임동 골목형상점가,골목형상점가,광주광역시,,,
14835590c64b15b0c9da,full_annotation_v1,A,q_세탁_02,빨래 맡길 데,생활서비스 중 '세탁'을 판매·제공하는 매장,train,세탁,T4 구어·문장,05291547-c22d-430e-95c2-e31bda19a90a,슈퍼타이 본점,세탁,월드시티상가 골목형상점가,골목형상점가,울산광역시,,,
c10c35316381d0d73077,full_annotation_v1,A,q_세탁_02,빨래 맡길 데,생활서비스 중 '세탁'을 판매·제공하는 매장,train,세탁,T4 구어·문장,5029341a-9d66-4cf1-a34b-737cc131837d,쎌플러스빨래방 신장점,빨래방,평택국제중앙시장,전통시장,경기도,,,
fb5bed66330ce6e74226,full_annotation_v1,A,q_세탁_02,빨래 맡길 데,생활서비스 중 '세탁'을 판매·제공하는 매장,train,세탁,T4 구어·문장,8f69b854-2bb1-4c60-9270-208d55b08d3f,예쁜데,,골든타임 골목형상점가,골목형상점가,경기도,,,
95234feb9a8e6b3b57f6,full_annotation_v1,A,q_세탁_02,빨래 맡길 데,생활서비스 중 '세탁'을 판매·제공하는 매장,train,세탁,T4 구어·문장,5d2438e5-7923-43fa-b39a-43ac98904497,수울,한식,마산 오동동상인연합상가,자율상권구역,경상남도,,,
d8a7355a5a9bc9fe1061,full_annotation_v1,A,q_세탁_02,빨래 맡길 데,생활서비스 중 '세탁'을 판매·제공하는 매장,train,세탁,T4 구어·문장,01c8223c-7693-4269-8de1-ef21d68577d4,신흥침구사,침구,중앙신시장,전통시장,경상북도,,,
1a785bb50193de0d0589,full_annotation_v1,A,q_세탁_02,빨래 맡길 데,생활서비스 중 '세탁'을 판매·제공하는 매장,train,세탁,T4 구어·문장,0056f4f0-208d-4d7c-996c-9e6526fea6cf,한일침구,침구,목포원도심상점가,자율상권구역,전라남도,,,
56658aff720c4f29cd47,full_annotation_v1,A,q_세탁_02,빨래 맡길 데,생활서비스 중 '세탁'을 판매·제공하는 매장,train,세탁,T4 구어·문장,bd4091b4-fcc6-449a-9142-ef198db2b4cb,새참커피,피자,댕리단길 골목형상점가,골목형상점가,경기도,,,
205873fba3a3c6a70a36,full_annotation_v1,A,q_세탁_02,빨래 맡길 데,생활서비스 중 '세탁'을 판매·제공하는 매장,train,세탁,T4 구어·문장,275e43f1-5f3c-48a2-8fc3-4b12c8f6d521,버블맨24셀프빨래방,빨래,동천동 상인회 골목형상점가,골목형상점가,광주광역시,,,
bacd54fcd5b383ec2cc0,full_annotation_v1,A,q_세탁_02,빨래 맡길 데,생활서비스 중 '세탁'을 판매·제공하는 매장,train,세탁,T4 구어·문장,62f8146c-aa85-4d94-9947-0f19fd052da5,데즐링,,쌍촌명지상인회 골목형상점가,골목형상점가,,,,
f780315ee7dfd0e59ed4,full_annotation_v1,A,q_세탁_02,빨래 맡길 데,생활서비스 중 '세탁'을 판매·제공하는 매장,train,세탁,T4 구어·문장,b87595a4-5a1a-4a82-afe5-27d7caaad164,서울수산,수산물,군산신영시장,전통시장,전북특별자치도,,,
592cf7fdb62d6aed62b6,full_annotation_v1,A,q_세탁_02,빨래 맡길 데,생활서비스 중 '세탁'을 판매·제공하는 매장,train,세탁,T4 구어·문장,06f0aa9a-11e9-4a70-b1ba-a3e90e86cefe,크린업24괴산점,빨래방,괴산시장,전통시장,충청북도,,,
c7ce0ddd836fb9ed408d,full_annotation_v1,A,q_세탁_02,빨래 맡길 데,생활서비스 중 '세탁'을 판매·제공하는 매장,train,세탁,T4 구어·문장,a4e48435-61ca-439e-ab8b-b8f100777d92,논데논데,일식,한들물빛도시 골목형 상점가,골목형상점가,충청남도,,,
96b297164d832819e595,full_annotation_v1,A,q_세탁_02,빨래 맡길 데,생활서비스 중 '세탁'을 판매·제공하는 매장,train,세탁,T4 구어·문장,b4cf5e3c-4c4c-485b-b0ff-2c1d9dcace95,컴포즈지귀시장점,커피,창원 지귀시장,전통시장,경상남도,,,
d60dd20aa58a2aa28161,full_annotation_v1,A,q_세탁_02,빨래 맡길 데,생활서비스 중 '세탁'을 판매·제공하는 매장,train,세탁,T4 구어·문장,00c164d0-76c7-4e7a-9676-ecfdbb052077,크린토피아신창점,세탁,신창수문 골목형상점가,골목형상점가,광주광역시,,,
ea154f9fe39ec570247a,full_annotation_v1,A,q_세탁_02,빨래 맡길 데,생활서비스 중 '세탁'을 판매·제공하는 매장,train,세탁,T4 구어·문장,1b4213cd-bc4c-4ca0-8edf-e7bbfc18e700,뽀송빨래터,빨래방,간데메공원골목형상점가,골목형상점가,서울특별시,,,
81fc63dc173455174546,full_annotation_v1,A,q_세탁_02,빨래 맡길 데,생활서비스 중 '세탁'을 판매·제공하는 매장,train,세탁,T4 구어·문장,40019289-79af-4723-bd6b-8a35e181b18d,워시엔조이 셀프빨래방 양산점,셀프빨래,양산동 골목형상점가,골목형상점가,광주광역시,,,
6fd80d70d1089e812155,full_annotation_v1,A,q_세탁_03,세탁소,생활서비스 중 '세탁'을 판매·제공하는 매장,train,세탁,T4 구어·문장,8177f015-510d-4b44-8521-7310ef7576b9,정관장 매탄점,홍삼,매탄중심상가 골목형상점가,골목형상점가,경기도,,,
91f125c12fc011d6385f,full_annotation_v1,A,q_세탁_03,세탁소,생활서비스 중 '세탁'을 판매·제공하는 매장,train,세탁,T4 구어·문장,0321fb2a-78bf-4ea9-961b-0a0e245b5863,세모누비,침구,정서진중앙시장(구 서구중앙시장),전통시장,인천광역시,,,
2bd7ab79a24bfe30cfba,full_annotation_v1,A,q_세탁_03,세탁소,생활서비스 중 '세탁'을 판매·제공하는 매장,train,세탁,T4 구어·문장,acc21ac0-23cf-4e40-b362-5fae7c1c1318,왕세탁소,세탁소,신탄진시장,전통시장,대전광역시,,,
d6000f2650983259a460,full_annotation_v1,A,q_세탁_03,세탁소,생활서비스 중 '세탁'을 판매·제공하는 매장,train,세탁,T4 구어·문장,d4b49590-8ce6-41a1-9096-0b92d4f9643f,크린하우스,세탁소,덕풍전통시장,전통시장,경기도,,,
a27dcdc8a9672772f310,full_annotation_v1,A,q_세탁_03,세탁소,생활서비스 중 '세탁'을 판매·제공하는 매장,train,세탁,T4 구어·문장,e804a857-b86c-46a6-bdfe-741f00ee4214,여성시대,의류,동산상가,전통시장,대구광역시,,,
7c5d4e886882e0a77a7c,full_annotation_v1,A,q_세탁_03,세탁소,생활서비스 중 '세탁'을 판매·제공하는 매장,train,세탁,T4 구어·문장,1501ca21-8d60-41c6-ab39-0c4f14173719,부산세탁,세탁소,오산원동상점가,골목형상점가,경기도,,,
93c9d6a710a59299e5b0,full_annotation_v1,A,q_세탁_03,세탁소,생활서비스 중 '세탁'을 판매·제공하는 매장,train,세탁,T4 구어·문장,2060c78e-7819-4bbe-ba1d-a119ab249102,유성세탁소,세탁소,평택통복시장,전통시장,경기도,,,
86f79f01d753a4129fbd,full_annotation_v1,A,q_세탁_03,세탁소,생활서비스 중 '세탁'을 판매·제공하는 매장,train,세탁,T4 구어·문장,dd233124-5c8a-42f1-b350-8cf8b525c83a,또봉이통닭 송강점,통닭,봉산동 골목형상점가,골목형상점가,대전광역시,,,
882d9884179324cbffdb,full_annotation_v1,A,q_세탁_03,세탁소,생활서비스 중 '세탁'을 판매·제공하는 매장,train,세탁,T4 구어·문장,d6a7a2b9-4a05-40ea-b99b-f5ebe2f58637,중흥세탁,세탁소,수완중흥대방 골목형상점가,골목형상점가,광주광역시,,,
12a31cb55ec6f1bfd782,full_annotation_v1,A,q_세탁_03,세탁소,생활서비스 중 '세탁'을 판매·제공하는 매장,train,세탁,T4 구어·문장,da42d0f4-6c05-4e0e-b1b8-9d99787af20b,선세탁소,세탁소,진안시장(진안고원시장),전통시장,전북특별자치도,,,
f8c85ba0c79333ead428,full_annotation_v1,A,q_세탁_03,세탁소,생활서비스 중 '세탁'을 판매·제공하는 매장,train,세탁,T4 구어·문장,64ef38b0-a039-4329-b7ae-00c99f7173ac,미쓰리 헤어&바버,미용서비스,용강동상점가,자율상권구역,서울특별시,,,
3b7a1efa1c31cc0107df,full_annotation_v1,A,q_세탁_03,세탁소,생활서비스 중 '세탁'을 판매·제공하는 매장,train,세탁,T4 구어·문장,9858b1db-e6a4-4d59-b8ef-ca730f99d5ed,자옥이네세탁소,세탁소,신도꼼지락시장,전통시장,대전광역시,,,
5d8d887d5ad42ea92d23,full_annotation_v1,A,q_세탁_03,세탁소,생활서비스 중 '세탁'을 판매·제공하는 매장,train,세탁,T4 구어·문장,6d9a5f1d-52b8-4fa6-a8e9-801ac61cf2e5,근호상회,채소,대송시장,전통시장,울산광역시,,,
81ea06055b06ef73caaa,full_annotation_v1,A,q_세탁_03,세탁소,생활서비스 중 '세탁'을 판매·제공하는 매장,train,세탁,T4 구어·문장,c6a8d278-ccde-4318-8598-f3da473bf3d9,베스트실루엣,세탁소,진주 중앙시장,전통시장,경상남도,,,
73af36590d18dcf015da,full_annotation_v1,A,q_세탁_03,세탁소,생활서비스 중 '세탁'을 판매·제공하는 매장,train,세탁,T4 구어·문장,dac069e8-ccfa-405a-bed9-c86edb518d43,경남세탁소,세탁소,옥계OK골목형상점가,골목형상점가,강원특별자치도,,,
465f193224a9a57b4568,full_annotation_v1,A,q_세탁_03,세탁소,생활서비스 중 '세탁'을 판매·제공하는 매장,train,세탁,T4 구어·문장,51e510cb-5d5a-4e45-b678-25a19272c89c,종원세탁소,세탁소,삼호읍 중앙 골목형상점가,골목형상점가,전라남도,,,
539f872fe70ec1a70398,full_annotation_v1,A,q_세탁_03,세탁소,생활서비스 중 '세탁'을 판매·제공하는 매장,train,세탁,T4 구어·문장,127b4ae7-787c-4a3f-a367-aca799d1a67e,목행세탁소,세탁소,목행시장,전통시장,충청북도,,,
5a3139f97ca1fa6c312e,full_annotation_v1,A,q_세탁_03,세탁소,생활서비스 중 '세탁'을 판매·제공하는 매장,train,세탁,T4 구어·문장,c27d9343-67a0-4fef-a251-e9068c46e111,형제세탁소,세탁소,경산공설시장,전통시장,경상북도,,,
bcc0ffd013db86f4bd79,full_annotation_v1,A,q_세탁_03,세탁소,생활서비스 중 '세탁'을 판매·제공하는 매장,train,세탁,T4 구어·문장,d270452a-daff-498c-b69d-a60d3eee9a0a,체이스컬트 광주금남로점,의류 스포츠,금남지하도상가2공구,일반지하상점가,,,,
c49b1972d4930feebee4,full_annotation_v1,A,q_세탁_03,세탁소,생활서비스 중 '세탁'을 판매·제공하는 매장,train,세탁,T4 구어·문장,a5397bc7-76da-4e49-8a95-c0e75371900e,보람세탁소,세탁소,뒤뜰골목형상점가,골목형상점가,강원특별자치도,,,
0a6775a37f1b5c8adbea,full_annotation_v1,A,q_세탁_03,세탁소,생활서비스 중 '세탁'을 판매·제공하는 매장,train,세탁,T4 구어·문장,39a5b45f-6cc3-4092-9559-67027aad2ad0,화신세탁소,세탁소,영동전통시장,전통시장,충청북도,,,
892a2295966c7f0e02c4,full_annotation_v1,A,q_세탁_03,세탁소,생활서비스 중 '세탁'을 판매·제공하는 매장,train,세탁,T4 구어·문장,93b911aa-f433-4179-91ee-32292a37a4e6,대성세탁소,세탁소,녹두 골목형상점가,골목형상점가,서울특별시,,,
f82e9f5c4abe9284d601,full_annotation_v1,A,q_세탁_03,세탁소,생활서비스 중 '세탁'을 판매·제공하는 매장,train,세탁,T4 구어·문장,a40ea33c-6be6-4f72-8fd6-6e493a216027,합정세탁소,세탁소,합정동먹자골목골목형상점가,골목형상점가,서울특별시,,,
f89c9f349d7283c4ca69,full_annotation_v1,A,q_세탁_03,세탁소,생활서비스 중 '세탁'을 판매·제공하는 매장,train,세탁,T4 구어·문장,f0061d6e-ee80-41ba-8e59-b5926816ec43,한성세탁소,세탁소,삼성시장(구 음성삼성시장),전통시장,전라남도,,,
826a89ef8933d9d475fe,full_annotation_v1,A,q_세탁_03,세탁소,생활서비스 중 '세탁'을 판매·제공하는 매장,train,세탁,T4 구어·문장,75f58087-e925-4c40-9b58-21833df047aa,명동세탁소,세탁소,홍성명동상가,자율상권구역,충청남도,,,
05e3a2781667bd05b421,full_annotation_v1,A,q_세탁_03,세탁소,생활서비스 중 '세탁'을 판매·제공하는 매장,train,세탁,T4 구어·문장,1a5aaf4e-d39b-4891-81f8-dc3622b96584,그린세탁소,세탁소,양양로 골목형상점가,골목형상점가,강원특별자치도,,,
1bec99a2687fbf5d5e45,full_annotation_v1,A,q_세탁_03,세탁소,생활서비스 중 '세탁'을 판매·제공하는 매장,train,세탁,T4 구어·문장,a538065d-82ac-42d2-b039-e34dd6441350,문화세탁,세탁소,두암2동참판골 골목형상점가,골목형상점가,광주광역시,,,
db6c0573a3e70d61aed1,full_annotation_v1,A,q_세탁_03,세탁소,생활서비스 중 '세탁'을 판매·제공하는 매장,train,세탁,T4 구어·문장,082318d1-b53c-40e8-9a48-18eb2a490e1a,국수나무,면요리,군산수송 골목형상점가,골목형상점가,전북특별자치도,,,
616c0e7a285991c1f17c,full_annotation_v1,A,q_세탁_03,세탁소,생활서비스 중 '세탁'을 판매·제공하는 매장,train,세탁,T4 구어·문장,a0fc7d02-ac8b-4ca1-8d5b-f32eeac14a7c,크린토피아,세탁소,반도유보라더퍼스트상가 골목형상점가,골목형상점가,광주광역시,,,
d138b45b5fe5149a2590,full_annotation_v1,A,q_세탁_03,세탁소,생활서비스 중 '세탁'을 판매·제공하는 매장,train,세탁,T4 구어·문장,9b6629f6-61ca-4e19-926c-5ef073a218c4,수자인세탁소,세탁소,광주여대 골목형상점가,골목형상점가,광주광역시,,,
7b16743568ab8766fea4,full_annotation_v1,A,q_세탁_03,세탁소,생활서비스 중 '세탁'을 판매·제공하는 매장,train,세탁,T4 구어·문장,6f03802d-2355-4adb-b4c1-4e31ef36012c,경일사,세탁소,난곡골목형상점가,골목형상점가,서울특별시,,,
3b448fce98d26ff2a5d0,full_annotation_v1,A,q_세탁_03,세탁소,생활서비스 중 '세탁'을 판매·제공하는 매장,train,세탁,T4 구어·문장,65422292-dc9d-429e-bfc9-0ad3b828ee6e,크린에이드신현점,세탁소,신현회화골목형상점가,골목형상점가,인천광역시,,,
97c8e8be82358c455c99,full_annotation_v1,A,q_세탁_03,세탁소,생활서비스 중 '세탁'을 판매·제공하는 매장,train,세탁,T4 구어·문장,2718d793-12e9-4b98-8439-eb1a52bde792,종로세탁소,세탁소,속초중앙전통시장,전통시장,강원특별자치도,,,
422912c111b848070e06,full_annotation_v1,A,q_세탁_03,세탁소,생활서비스 중 '세탁'을 판매·제공하는 매장,train,세탁,T4 구어·문장,5e862863-6636-4c26-b7bf-ef435e48ead3,크로바 세탁소,,크로바쇼핑센터 골목형상점가,골목형상점가,대전광역시,,,
3b046dd75d7a4719fe95,full_annotation_v1,A,q_세탁_03,세탁소,생활서비스 중 '세탁'을 판매·제공하는 매장,train,세탁,T4 구어·문장,fa9cfb0c-4e0f-42bd-bb6a-b1e975c9fee5,진양사,세탁소,돈암시장,전통시장,서울특별시,,,
88ec05e30c1569ab4fee,full_annotation_v1,A,q_세탁_03,세탁소,생활서비스 중 '세탁'을 판매·제공하는 매장,train,세탁,T4 구어·문장,e47997af-3de2-47c8-ad63-9fd0bd0b0800,그린사,세탁소,양주가래비중앙로상점가,골목형상점가,경기도,,,
26e238a7b2891e2f0ce4,full_annotation_v1,A,q_세탁_03,세탁소,생활서비스 중 '세탁'을 판매·제공하는 매장,train,세탁,T4 구어·문장,21bcf0e5-8bcb-4b31-ba6c-2cb2f9eab394,장미세탁소,세탁소,상대원1동 해피마을 골목형상점가,골목형상점가,경기도,,,
eb84f758228649ac6b19,full_annotation_v1,A,q_세탁_03,세탁소,생활서비스 중 '세탁'을 판매·제공하는 매장,train,세탁,T4 구어·문장,263c97a0-0798-4970-ac8c-44f80998208c,굽네치킨 나주빛가람점,치킨,빛가람 로데오 골목형상점가,골목형상점가,전라남도,,,
106602c161a0280ecb7e,full_annotation_v1,A,q_세탁_03,세탁소,생활서비스 중 '세탁'을 판매·제공하는 매장,train,세탁,T4 구어·문장,21daa8b9-574a-4708-9923-2d0d3c9f6c81,태양세탁소,세탁소,두암3동 먹자골목 골목형상점가,골목형상점가,광주광역시,,,
381872bcfaa2040b3b94,full_annotation_v1,A,q_세탁_03,세탁소,생활서비스 중 '세탁'을 판매·제공하는 매장,train,세탁,T4 구어·문장,88afd769-49e3-4731-9512-ff471e502c3b,성심세탁소,세탁소,안동시옥동 골목형상점가,골목형상점가,경상북도,,,
1b8387dbfdd74dc8d8d3,full_annotation_v1,A,q_세탁_03,세탁소,생활서비스 중 '세탁'을 판매·제공하는 매장,train,세탁,T4 구어·문장,05ff04e7-b24b-45bb-afe5-cc682fa9bbdd,샘머리세탁소,세탁,샘머리 골목형상점가,골목형상점가,대전광역시,,,
187494f23219fd5b3575,full_annotation_v1,A,q_세탁_03,세탁소,생활서비스 중 '세탁'을 판매·제공하는 매장,train,세탁,T4 구어·문장,5ad9a54c-54bf-4a68-b4ab-80662045e6ce,우방세탁소,세탁소,산정상인회 골목형상점가,골목형상점가,광주광역시,,,
6a2133c418d28fadb28d,full_annotation_v1,A,q_세탁_03,세탁소,생활서비스 중 '세탁'을 판매·제공하는 매장,train,세탁,T4 구어·문장,a2840bda-007e-41f1-9d9e-864805944bae,갈매세탁소,세탁소,초록거리 골목형상점가,골목형상점가,경기도,,,
701119da5324175d52bf,full_annotation_v1,A,q_세탁_03,세탁소,생활서비스 중 '세탁'을 판매·제공하는 매장,train,세탁,T4 구어·문장,44e015d8-d287-4f39-9ca5-ce17adfab8de,유성세탁,세탁소,루원이음길 골목형상점가,골목형상점가,인천광역시,,,
957b0a2b0b19c9a1ed59,full_annotation_v1,A,q_세탁_03,세탁소,생활서비스 중 '세탁'을 판매·제공하는 매장,train,세탁,T4 구어·문장,61fc8668-7b75-4d6f-a3f7-7c55198edb28,은광세탁소,세탁소,천안역전시장(구 천안역공설시장),전통시장,충청남도,,,
2856842f4bfa84155e13,full_annotation_v1,A,q_세탁_03,세탁소,생활서비스 중 '세탁'을 판매·제공하는 매장,train,세탁,T4 구어·문장,754ca297-9ff8-4226-8c61-3cf65556b009,우리동네세탁,세탁소,박물관거리 골목형상점가,골목형상점가,전라남도,,,
d3a4560d1bed6aaddc54,full_annotation_v1,A,q_세탁_03,세탁소,생활서비스 중 '세탁'을 판매·제공하는 매장,train,세탁,T4 구어·문장,84555d91-f8e5-4651-b6c8-171709836473,한양명품세탁,세탁소,미사강변 골목형상점가,골목형상점가,경기도,,,
49c8561052b161e81760,full_annotation_v1,A,q_세탁_03,세탁소,생활서비스 중 '세탁'을 판매·제공하는 매장,train,세탁,T4 구어·문장,449688d7-14fe-4d1e-b76b-9e9249de6a67,부산세탁소,세탁소,죽산시장,전통시장,경기도,,,
c373b5a6a08c83b2a99d,full_annotation_v1,A,q_세탁_03,세탁소,생활서비스 중 '세탁'을 판매·제공하는 매장,train,세탁,T4 구어·문장,20f3f3ce-006c-41e0-bf8a-a9b3ae2637f1,드라이하우스,세탁소,벽산블루밍 골목형상점가,골목형상점가,광주광역시,,,
91a2d0b212c3a13bc2e5,full_annotation_v1,A,q_세탁_03,세탁소,생활서비스 중 '세탁'을 판매·제공하는 매장,train,세탁,T4 구어·문장,95c35b25-86da-4a59-a567-e1c4aed333b0,대방노블세탁소,세탁소,수완중흥대방 골목형상점가,골목형상점가,광주광역시,,,
f4d51049177a5ceccbae,full_annotation_v1,A,q_세탁_03,세탁소,생활서비스 중 '세탁'을 판매·제공하는 매장,train,세탁,T4 구어·문장,acb3a2eb-fe5c-44a1-a3ec-6f13f303d59a,마라장룡,중식,홍성명동상가,자율상권구역,충청남도,,,
c2dabab1d0dd9715a700,full_annotation_v1,A,q_세탁_03,세탁소,생활서비스 중 '세탁'을 판매·제공하는 매장,train,세탁,T4 구어·문장,8c5a419d-2d3e-4433-835e-47fcd64d454e,오시오세탁소,세탁소,부평 문화의거리,전통시장,인천광역시,,,
f01e04e6722d18ade627,full_annotation_v1,A,q_세탁_03,세탁소,생활서비스 중 '세탁'을 판매·제공하는 매장,train,세탁,T4 구어·문장,063da78c-47d6-4cd4-a052-a7da91852460,아브라함세탁수선,"세탁, 수선",춘천서부시장,전통시장,강원특별자치도,,,
3af41a1a5233e9bc4f5a,full_annotation_v1,A,q_세탁_03,세탁소,생활서비스 중 '세탁'을 판매·제공하는 매장,train,세탁,T4 구어·문장,674c38a3-3f8f-47ef-931e-a34f2d90cedf,은하세탁소,세탁소,죽변시장,전통시장,경상북도,,,
9f08d8bebacdd6c5b05a,full_annotation_v1,A,q_세탁_03,세탁소,생활서비스 중 '세탁'을 판매·제공하는 매장,train,세탁,T4 구어·문장,2d58c6a0-1428-4415-98b7-ff5347098d35,우리 세탁소,세탁소,고서 골목형상점가,골목형상점가,전라남도,,,
b6224f834da0847ffeba,full_annotation_v1,A,q_세탁_03,세탁소,생활서비스 중 '세탁'을 판매·제공하는 매장,train,세탁,T4 구어·문장,4140b506-94fd-4ecb-9aa1-9be0e5c3acd5,국민세탁소,세탁소,관평동 골목형상점가,골목형상점가,대전광역시,,,
5a458f78db09667f5ea1,full_annotation_v1,A,q_세탁_03,세탁소,생활서비스 중 '세탁'을 판매·제공하는 매장,train,세탁,T4 구어·문장,1d0efe6d-f5fc-4ebb-96ba-5fdfc0d43057,선우세탁소,세탁소,영천공설시장,전통시장,경상북도,,,
485f8472a8b77da24e4c,full_annotation_v1,A,q_세탁_03,세탁소,생활서비스 중 '세탁'을 판매·제공하는 매장,train,세탁,T4 구어·문장,99ee40f1-984f-4881-a874-e88bcc3029fd,대명세탁,세탁소,울진시장(울진바지게시장),전통시장,경상북도,,,
2e0ae493429b6dd0c501,full_annotation_v1,A,q_세탁_03,세탁소,생활서비스 중 '세탁'을 판매·제공하는 매장,train,세탁,T4 구어·문장,035b2c82-5e87-47dc-aedf-75253b965cf0,복음누비,침구,중앙시장,전통시장,인천광역시,,,
9ebf524f3ff4783aef7b,full_annotation_v1,A,q_세탁_03,세탁소,생활서비스 중 '세탁'을 판매·제공하는 매장,train,세탁,T4 구어·문장,8e3abc6e-ecb9-410b-9c77-f93f9b496a7d,대동 세탁소,,창원 대동훼미리코아종합상가,전통시장,경상남도,,,
c5d7304865a4e34e13e5,full_annotation_v1,A,q_세탁_03,세탁소,생활서비스 중 '세탁'을 판매·제공하는 매장,train,세탁,T4 구어·문장,5c8174df-0ff6-4bc4-80e9-a58d510b3e50,한양명품세탁,세탁소,풍암SK.광명상가상인회 골목형상점가,골목형상점가,광주광역시,,,
c10b91cd409ca7ca35f4,full_annotation_v1,A,q_세탁_03,세탁소,생활서비스 중 '세탁'을 판매·제공하는 매장,train,세탁,T4 구어·문장,7e477c7f-4971-4a30-a093-b410c42bd1ca,힐링허브,의류,평화시장,전통시장,서울특별시,,,
4f4439cbb0bbd266c3f6,full_annotation_v1,A,q_세탁_03,세탁소,생활서비스 중 '세탁'을 판매·제공하는 매장,train,세탁,T4 구어·문장,46642e43-cfd6-4e5f-b505-6495a5c493b7,현대세탁소,세탁소,오치서산초 골목형상점가,골목형상점가,광주광역시,,,
e053b70e435a5f1e30b9,full_annotation_v1,A,q_세탁_03,세탁소,생활서비스 중 '세탁'을 판매·제공하는 매장,train,세탁,T4 구어·문장,8ac61a32-4a60-483e-b797-f014bf5b884a,청천세탁소,세탁소,청천시장(구 청천전통시장),전통시장,충청북도,,,
ea0d4ca48566e65aed63,full_annotation_v1,A,q_세탁_03,세탁소,생활서비스 중 '세탁'을 판매·제공하는 매장,train,세탁,T4 구어·문장,64ef0cd4-2b2c-45dc-90c0-5dd51a61bc72,성일세탁소,세탁소,웅천시장,전통시장,충청남도,,,
1686e4c6e6e18e38eada,full_annotation_v1,A,q_세탁_03,세탁소,생활서비스 중 '세탁'을 판매·제공하는 매장,train,세탁,T4 구어·문장,e0786b23-d702-414e-b123-b901f3f39f63,명동세탁소,세탁소,양수리전통시장(양평양수리시장),전통시장,경기도,,,
556f4546271dc09ca422,full_annotation_v1,A,q_세탁_03,세탁소,생활서비스 중 '세탁'을 판매·제공하는 매장,train,세탁,T4 구어·문장,00c164d0-76c7-4e7a-9676-ecfdbb052077,크린토피아신창점,세탁,신창수문 골목형상점가,골목형상점가,광주광역시,,,
c783e40e30143ed05732,full_annotation_v1,A,q_세탁_03,세탁소,생활서비스 중 '세탁'을 판매·제공하는 매장,train,세탁,T4 구어·문장,0ad44dd7-7736-44c3-bb19-67802ee3ab45,문성세탁소,세탁소,인천신흥시장,전통시장,인천광역시,,,
6001b528e6e80fe91aa5,full_annotation_v1,A,q_세탁_03,세탁소,생활서비스 중 '세탁'을 판매·제공하는 매장,train,세탁,T4 구어·문장,d3e4bd82-fe0d-4893-ad3e-746b442733f4,영화세탁소,세탁소,부안석정 골목형상점가,골목형상점가,전북특별자치도,,,
0950ef734d2e23a25bd2,full_annotation_v1,A,q_세탁_03,세탁소,생활서비스 중 '세탁'을 판매·제공하는 매장,train,세탁,T4 구어·문장,ceb6bdf8-0023-498f-a4b3-636a89e8edfa,장가네,세탁소,광주여대 골목형상점가,골목형상점가,광주광역시,,,
20b4c100c10d7e1f3c89,full_annotation_v1,A,q_세탁_03,세탁소,생활서비스 중 '세탁'을 판매·제공하는 매장,train,세탁,T4 구어·문장,f5ed732b-91c5-4820-9c5b-a8bbf66fa064,바른세탁소,세탁소,수원아이파크시티8단지상가 골목형상점가,골목형상점가,경기도,,,
51cb2fb18e2e81cc535d,full_annotation_v1,A,q_세탁_03,세탁소,생활서비스 중 '세탁'을 판매·제공하는 매장,train,세탁,T4 구어·문장,99bcca84-1a78-4472-b2ef-7da0ca018c81,크린하우스,세탁소,진다리로 백운1동 골목형상점가,골목형상점가,광주광역시,,,
178a17c1bdef3ca4da44,full_annotation_v1,A,q_세탁_03,세탁소,생활서비스 중 '세탁'을 판매·제공하는 매장,train,세탁,T4 구어·문장,6cc8a436-025b-44c9-8bf4-a46b1996c1d3,용봉세탁소,세탁소,전남대 상대 골목형상점가,골목형상점가,광주광역시,,,
cecad1b862cfe3e4b120,full_annotation_v1,A,q_세탁_03,세탁소,생활서비스 중 '세탁'을 판매·제공하는 매장,train,세탁,T4 구어·문장,5824315d-117d-4d09-9f56-6657e9522939,부영세탁소,세탁소,중앙상인회 골목형상점가,골목형상점가,광주광역시,,,
029042dededf2e4e1f56,full_annotation_v1,A,q_세탁_03,세탁소,생활서비스 중 '세탁'을 판매·제공하는 매장,train,세탁,T4 구어·문장,c445081b-06f5-43dc-ad71-48403caed316,조선돌침대,"이조가구, 돌침대",양동복개상가,전통시장,광주광역시,,,
9200799526c710a854b0,full_annotation_v1,A,q_세탁_03,세탁소,생활서비스 중 '세탁'을 판매·제공하는 매장,train,세탁,T4 구어·문장,87c1c498-6b5a-4341-9014-68d6f24fa83d,세탁백화점,세탁소,풍암동부상인회 골목형상점가,골목형상점가,광주광역시,,,
1ed0a9c4e8fc8d720a31,full_annotation_v1,A,q_세탁_03,세탁소,생활서비스 중 '세탁'을 판매·제공하는 매장,train,세탁,T4 구어·문장,46580ad1-10ff-4901-a206-11d2f8c7ffdc,유성세탁소,세탁소,고도리 장터거리 상점가,골목형상점가,전라남도,,,
074339e040bb51e33625,full_annotation_v1,A,q_세탁_03,세탁소,생활서비스 중 '세탁'을 판매·제공하는 매장,train,세탁,T4 구어·문장,bfce45d5-a161-41db-ab34-048aea5fcb9e,대동사,세탁소,동두천큰시장,전통시장,경기도,,,
9625921cb9e4cfef8e2f,full_annotation_v1,A,q_세탁_03,세탁소,생활서비스 중 '세탁'을 판매·제공하는 매장,train,세탁,T4 구어·문장,db67303a-010c-437c-a887-8177941a1530,한양세탁소,세탁소,거제 능포 골목형상점가,골목형상점가,경상남도,,,
7ab1ef92ff26264b0175,full_annotation_v1,A,q_세탁_03,세탁소,생활서비스 중 '세탁'을 판매·제공하는 매장,train,세탁,T4 구어·문장,1928debc-9aea-4dcb-9f4f-7a88d2fed3f0,청솔세탁소,세탁소,"일곡동(제6지역:청솔3,대림2,현대3,현대1,금호,청솔4)",골목형상점가,광주광역시,,,
8e6ad717c8344a148368,full_annotation_v1,A,q_세탁_03,세탁소,생활서비스 중 '세탁'을 판매·제공하는 매장,train,세탁,T4 구어·문장,11b92628-ef28-4792-b3e6-682a00a770b7,서울세탁소,세탁소,에버랜드마을 골목형 상점가,골목형상점가,경기도,,,
2d8f8e90769515a7dea1,full_annotation_v1,A,q_세탁_03,세탁소,생활서비스 중 '세탁'을 판매·제공하는 매장,train,세탁,T4 구어·문장,32cce55c-d06f-4083-9433-50f4578bf908,마트앤마트혁신세탁,세탁소,삼각동 골목형상점가,골목형상점가,광주광역시,,,
603ec5fa97d10ef624a2,full_annotation_v1,A,q_세탁_03,세탁소,생활서비스 중 '세탁'을 판매·제공하는 매장,train,세탁,T4 구어·문장,c2681b88-5c6f-42c1-a750-493779904bf5,보성세탁소,세탁소,봉화내성시장,전통시장,경상북도,,,
d604ed1a9d26522ff142,full_annotation_v1,A,q_세탁_03,세탁소,생활서비스 중 '세탁'을 판매·제공하는 매장,train,세탁,T4 구어·문장,c8e96798-5685-499b-ab58-1f01378e0b74,한진세탁소,세탁소,춘천동부시장,전통시장,강원특별자치도,,,
596119f94f72c56329c9,full_annotation_v1,A,q_세탁_03,세탁소,생활서비스 중 '세탁'을 판매·제공하는 매장,train,세탁,T4 구어·문장,6f2eb52b-e203-418d-9ba0-adfe5f385d2a,대구세탁소,세탁소,거창 전통시장,전통시장,경상남도,,,
bbf05ccb8eae8936d419,full_annotation_v1,A,q_세탁_03,세탁소,생활서비스 중 '세탁'을 판매·제공하는 매장,train,세탁,T4 구어·문장,b8f40f0d-7e42-4314-9af8-61e4dc6e55dc,신현대세탁,세탁소,꿈꾸는건지골골목형상점가,골목형상점가,인천광역시,,,
b42320dcc4fffb88408e,full_annotation_v1,A,q_세탁_03,세탁소,생활서비스 중 '세탁'을 판매·제공하는 매장,train,세탁,T4 구어·문장,1da8572d-b82d-4d24-a547-456638c85bcb,기능세탁소,세탁소,신장대리 자율상권구역,,강원특별자치도,,,
ece87bd77bcd89762a01,full_annotation_v1,A,q_세탁_03,세탁소,생활서비스 중 '세탁'을 판매·제공하는 매장,train,세탁,T4 구어·문장,0056f4f0-208d-4d7c-996c-9e6526fea6cf,한일침구,침구,목포원도심상점가,자율상권구역,전라남도,,,
b3a7a81f44398c69f138,full_annotation_v1,A,q_세탁_03,세탁소,생활서비스 중 '세탁'을 판매·제공하는 매장,train,세탁,T4 구어·문장,bb63a385-67e4-46f5-a4c4-1148e33f9652,중앙세탁소,세탁소,상주남문거리 골목형상점가,골목형상점가,경상북도,,,
765d500232294ea36365,full_annotation_v1,A,q_세탁_03,세탁소,생활서비스 중 '세탁'을 판매·제공하는 매장,train,세탁,T4 구어·문장,15d84ef9-523c-4a54-99cd-2cd8fd3fb314,기신세탁소,세탁소,강경대흥시장,전통시장,충청남도,,,
a16e897a1471dcce2360,full_annotation_v1,A,q_세탁_03,세탁소,생활서비스 중 '세탁'을 판매·제공하는 매장,train,세탁,T4 구어·문장,474b314e-4581-4c78-a9cc-b3c586193119,금옥세탁소,세탁소,촬영소사거리골목형상점가,골목형상점가,서울특별시,,,
b48de9325a93acd8275c,full_annotation_v1,A,q_세탁_03,세탁소,생활서비스 중 '세탁'을 판매·제공하는 매장,train,세탁,T4 구어·문장,59fe514e-ebd9-4fb6-92bd-d0a808075917,황룡농약원예사,"농약, 종자",광주송정역세권 상권활성화구역,상권활성화구역,광주광역시,,,
4dad016a09dbaa3ef3a1,full_annotation_v1,A,q_세탁_03,세탁소,생활서비스 중 '세탁'을 판매·제공하는 매장,train,세탁,T4 구어·문장,1a70595b-762d-4fbf-8fce-d39aa3af7cb2,진주세탁소,세탁소,충주무학시장,전통시장,충청북도,,,
865e7fdd33a9ff090820,full_annotation_v1,A,q_세탁_03,세탁소,생활서비스 중 '세탁'을 판매·제공하는 매장,train,세탁,T4 구어·문장,81f5f4e9-4ad2-4905-8081-e3fd9500bf74,서부세탁소,세탁소,화정동 서부시장,전통시장,광주광역시,,,
6be1da01c1788c1d2dd5,full_annotation_v1,A,q_세탁_03,세탁소,생활서비스 중 '세탁'을 판매·제공하는 매장,train,세탁,T4 구어·문장,634c8720-e466-4cd7-a978-99fc1e759441,백조세탁소,세탁소,무주반딧불상권활성화구역,상권활성화구역,전북특별자치도,,,
33687a89799e72a62c44,full_annotation_v1,A,q_세탁_03,세탁소,생활서비스 중 '세탁'을 판매·제공하는 매장,train,세탁,T4 구어·문장,020914cd-8086-4fad-ab39-bbae265d6a60,양진이불,침구,경주성동공설시장,전통시장,경상북도,,,
2fbf15e2de544bf541e7,full_annotation_v1,A,q_세탁_03,세탁소,생활서비스 중 '세탁'을 판매·제공하는 매장,train,세탁,T4 구어·문장,c9c8810e-0b40-4552-a837-d7ff44631f06,명품세탁,세탁소,광천동상인회 골목형상점가,골목형상점가,광주광역시,,,
65950edf1298946e9ec5,full_annotation_v1,A,q_세탁_03,세탁소,생활서비스 중 '세탁'을 판매·제공하는 매장,train,세탁,T4 구어·문장,706095d9-5480-43b4-98a1-2f015d5c75e2,언제나이비인후과의원,이비인후과,중리시장,전통시장,대전광역시,,,
6a0f9717fafa03a28d43,full_annotation_v1,A,q_세탁_03,세탁소,생활서비스 중 '세탁'을 판매·제공하는 매장,train,세탁,T4 구어·문장,3f11ed53-7799-469f-b031-651d352548b5,대성기계세탁,세탁소,속초중앙전통시장,전통시장,강원특별자치도,,,
33d975f69753f5b55176,full_annotation_v1,A,q_세탁_03,세탁소,생활서비스 중 '세탁'을 판매·제공하는 매장,train,세탁,T4 구어·문장,f24023fa-f391-4672-b94b-e3e293850032,목화세탁소,세탁소,목화 골목형상점가,골목형상점가,부산광역시,,,
558526cd491efcd260f5,full_annotation_v1,A,q_세탁_03,세탁소,생활서비스 중 '세탁'을 판매·제공하는 매장,train,세탁,T4 구어·문장,d00d7e5c-f77f-4d8c-a2fd-70ea45d4d17c,우리동네 세탁소,,관저동 먹자골목 골목형상점가,골목형상점가,대전광역시,,,
e12430a56bef26b80bd2,full_annotation_v1,A,q_세탁_03,세탁소,생활서비스 중 '세탁'을 판매·제공하는 매장,train,세탁,T4 구어·문장,31a4556a-3737-4878-876e-f1028b5f264d,안양세탁소,세탁소,댕리단길 골목형상점가,골목형상점가,경기도,,,
9bef27dcff4bb28ca269,full_annotation_v1,A,q_세탁_03,세탁소,생활서비스 중 '세탁'을 판매·제공하는 매장,train,세탁,T4 구어·문장,01c8223c-7693-4269-8de1-ef21d68577d4,신흥침구사,침구,중앙신시장,전통시장,경상북도,,,
4eda70fb87a9283d9dcf,full_annotation_v1,A,q_세탁_03,세탁소,생활서비스 중 '세탁'을 판매·제공하는 매장,train,세탁,T4 구어·문장,47afad13-04d4-46b1-b354-ecd22e460e8e,천년세탁,세탁소,효천2지구 골목형상점가,골목형상점가,광주광역시,,,
828846b2194a4d59a257,full_annotation_v1,A,q_세탁_03,세탁소,생활서비스 중 '세탁'을 판매·제공하는 매장,train,세탁,T4 구어·문장,019c9868-92c6-4e25-b2ea-903f322c9acf,맡겨봐신발세탁,세탁,임동 골목형상점가,골목형상점가,광주광역시,,,
f1a49baa33ac37677d81,full_annotation_v1,A,q_세탁_03,세탁소,생활서비스 중 '세탁'을 판매·제공하는 매장,train,세탁,T4 구어·문장,fc941f1f-a046-4659-9720-f925e320346f,세탁나라,세탁소,상암마을상인회 골목형상점가,골목형상점가,광주광역시,,,
1991b3b41f506beae509,full_annotation_v1,A,q_세탁_03,세탁소,생활서비스 중 '세탁'을 판매·제공하는 매장,train,세탁,T4 구어·문장,7db95b75-0445-4994-9eb2-366e1921e2c7,일신사,세탁소,황계 골목형상점가,골목형상점가,광주광역시,,,
a7813c03fb112ae96426,full_annotation_v1,A,q_세탁_03,세탁소,생활서비스 중 '세탁'을 판매·제공하는 매장,train,세탁,T4 구어·문장,de3028d3-d52e-45e7-bc6f-ee8b1771b139,바르다 네일,네일아트,빛가람 호수로 골목형상점가,골목형상점가,전라남도,,,
b99ede609045ac01e922,full_annotation_v1,A,q_세탁_03,세탁소,생활서비스 중 '세탁'을 판매·제공하는 매장,train,세탁,T4 구어·문장,600a2774-30d4-4d43-b230-ecc00ef82661,전담스팟 홍대2호점,전자담배,홍대소상공인 상점가,자율상권구역,서울특별시,,,
78c90d609a46439dbdd0,full_annotation_v1,A,q_세탁_03,세탁소,생활서비스 중 '세탁'을 판매·제공하는 매장,train,세탁,T4 구어·문장,9a15f947-0ea7-4065-bec2-30686653fc28,오픈 스터디 카페,공간임대업,부송동궁동로 골목형상점가,골목형상점가,전북특별자치도,,,
1b57874ae1ad5f31af4f,full_annotation_v1,A,q_세탁_03,세탁소,생활서비스 중 '세탁'을 판매·제공하는 매장,train,세탁,T4 구어·문장,6a86cdd3-1878-40d8-8719-8468f368b41f,대동세탁,세탁소,동해남부재래시장,전통시장,강원특별자치도,,,
10c8f9ecdb9f6dc95338,full_annotation_v1,A,q_세탁_03,세탁소,생활서비스 중 '세탁'을 판매·제공하는 매장,train,세탁,T4 구어·문장,3e329518-20fa-4b39-a216-48477cff4fae,크린토피아,세탁소,서희1차현대 골목형상점가,골목형상점가,광주광역시,,,
d36e91b601f9031af494,full_annotation_v1,A,q_세탁_03,세탁소,생활서비스 중 '세탁'을 판매·제공하는 매장,train,세탁,T4 구어·문장,748b1273-41bb-43e5-879e-1195367ea94a,미소지움 세탁소,세탁,금암동 골목형상점가,골목형상점가,충청남도,,,
6841006d325bba432efe,full_annotation_v1,A,q_세탁_03,세탁소,생활서비스 중 '세탁'을 판매·제공하는 매장,train,세탁,T4 구어·문장,0ffa71bc-971d-44c2-80d9-20332a0f86d1,믿음사세탁소,세탁소,청평여울시장,전통시장,경기도,,,
2e62b5a5c3213da97cdb,full_annotation_v1,A,q_세탁_03,세탁소,생활서비스 중 '세탁'을 판매·제공하는 매장,train,세탁,T4 구어·문장,cc59c8d0-da78-4c13-8ccc-6f632b3060b2,모아세탁소,세탁소,첨단월계 골목형상점가,골목형상점가,광주광역시,,,
5ef287ce3c4bfd1cbdaa,full_annotation_v1,A,q_세탁_03,세탁소,생활서비스 중 '세탁'을 판매·제공하는 매장,train,세탁,T4 구어·문장,c91ac333-510d-43fa-9574-4bb29fba2d8d,무지개세탁소,세탁소,송천동1가 골목형상점가,골목형상점가,전북특별자치도,,,
ad2fd72f36d242d75bbb,full_annotation_v1,A,q_세탁_03,세탁소,생활서비스 중 '세탁'을 판매·제공하는 매장,train,세탁,T4 구어·문장,05291547-c22d-430e-95c2-e31bda19a90a,슈퍼타이 본점,세탁,월드시티상가 골목형상점가,골목형상점가,울산광역시,,,
3c82667acc2ff950ceea,full_annotation_v1,A,q_세탁_04,옷 세탁하는 곳,생활서비스 중 '세탁'을 판매·제공하는 매장,train,세탁,T4 구어·문장,e31d4049-65dc-4b56-9dc9-ff073b0dd0d9,제니언니,옷,서문시장2지구 종합상가,전통시장,대구광역시,,,
3f927eb54bc51f95caef,full_annotation_v1,A,q_세탁_04,옷 세탁하는 곳,생활서비스 중 '세탁'을 판매·제공하는 매장,train,세탁,T4 구어·문장,0be4957d-6b1f-4146-82fd-f1c84ac6ca84,임마누엘,옷,진부전통시장,전통시장,강원특별자치도,,,
0543075c0426bf8bf3e2,full_annotation_v1,A,q_세탁_04,옷 세탁하는 곳,생활서비스 중 '세탁'을 판매·제공하는 매장,train,세탁,T4 구어·문장,a301520d-59a2-4dfb-aa63-71f8212f58a9,하나로양품,옷,동원전통종합시장,전통시장,서울특별시,,,
39c88be1f04ef8a0126d,full_annotation_v1,A,q_세탁_04,옷 세탁하는 곳,생활서비스 중 '세탁'을 판매·제공하는 매장,train,세탁,T4 구어·문장,916dd581-9795-44a6-a044-e206709803a4,센띠미엔또,옷,문화의거리 상점가,자율상권구역,울산광역시,,,
625361bd0100a5f4a9d1,full_annotation_v1,A,q_세탁_04,옷 세탁하는 곳,생활서비스 중 '세탁'을 판매·제공하는 매장,train,세탁,T4 구어·문장,927b32d1-27ca-4664-b0a3-102c233b5137,카라,옷,연일전통시장,전통시장,경상북도,,,
52f4d24bd6c6d5494255,full_annotation_v1,A,q_세탁_04,옷 세탁하는 곳,생활서비스 중 '세탁'을 판매·제공하는 매장,train,세탁,T4 구어·문장,ad25c8a8-fcf3-4169-870d-06b96f93de16,이동우콜렉션,옷,평화로상가,자율상권구역,경상북도,,,
7546b2babc89af80635d,full_annotation_v1,A,q_세탁_04,옷 세탁하는 곳,생활서비스 중 '세탁'을 판매·제공하는 매장,train,세탁,T4 구어·문장,aa62ddd1-79d1-4a90-84e0-36120de14b2d,노빵,옷,창원 가음정시장,전통시장,경상남도,,,
cdeec847e3d9f0d62bd1,full_annotation_v1,A,q_세탁_04,옷 세탁하는 곳,생활서비스 중 '세탁'을 판매·제공하는 매장,train,세탁,T4 구어·문장,6619f1ab-8380-4116-90f2-7b704a7f86a0,세탁나라,세탁,행운담길골목형상점가,골목형상점가,서울특별시,,,
27977b5738fc8e3c189b,full_annotation_v1,A,q_세탁_04,옷 세탁하는 곳,생활서비스 중 '세탁'을 판매·제공하는 매장,train,세탁,T4 구어·문장,b59b9921-a1c3-4d2a-8014-6e5ee9e60d38,행복2,옷,새동인천지하상가,일반지하상점가,인천광역시,,,
0c0557733a946c297198,full_annotation_v1,A,q_세탁_04,옷 세탁하는 곳,생활서비스 중 '세탁'을 판매·제공하는 매장,train,세탁,T4 구어·문장,441ab8f2-f52d-44c8-b8f7-8d2a5b1e4806,토탈패션,옷,제민천 골목형상점가,골목형상점가,충청남도,,,
99b742655c313655f00d,full_annotation_v1,A,q_세탁_04,옷 세탁하는 곳,생활서비스 중 '세탁'을 판매·제공하는 매장,train,세탁,T4 구어·문장,39cdcf99-b246-4c92-a1ce-430456055aae,마니,옷,문화의거리 상점가,자율상권구역,울산광역시,,,
a7c9ecf61a20fb5815b1,full_annotation_v1,A,q_세탁_04,옷 세탁하는 곳,생활서비스 중 '세탁'을 판매·제공하는 매장,train,세탁,T4 구어·문장,5a130a9c-6c9d-4225-a80d-dd36150ab370,황성 상점,"차, 음료류 전문점",황성상점가,자율상권구역,경상북도,,,
e71f94a469195902c3a3,full_annotation_v1,A,q_세탁_04,옷 세탁하는 곳,생활서비스 중 '세탁'을 판매·제공하는 매장,train,세탁,T4 구어·문장,556a2562-e691-4a73-8450-83ed15099f11,다올,옷,신포지하상가,일반지하상점가,인천광역시,,,
40c54e3ebd44a073f54d,full_annotation_v1,A,q_세탁_04,옷 세탁하는 곳,생활서비스 중 '세탁'을 판매·제공하는 매장,train,세탁,T4 구어·문장,164666ec-be0a-4c47-b673-9ab7000e37c9,에스,옷,중앙로 지하상가 상점가,일반지하상점가,대전광역시,,,
e075fb5f9bf94e5bb143,full_annotation_v1,A,q_세탁_04,옷 세탁하는 곳,생활서비스 중 '세탁'을 판매·제공하는 매장,train,세탁,T4 구어·문장,a3d023fb-ab6d-40ff-8cf9-92334c462382,솔수산,수산물,부산공동어시장상점가,자율상권구역,부산광역시,,,
cdf01b11a57ddf804f08,full_annotation_v1,A,q_세탁_04,옷 세탁하는 곳,생활서비스 중 '세탁'을 판매·제공하는 매장,train,세탁,T4 구어·문장,d9a6b700-9bb0-4940-aed0-1f6eefbde6d1,오버롤즈,옷,동명동 카페거리 골목형상점가,골목형상점가,광주광역시,,,
9428b27c10da32e2e321,full_annotation_v1,A,q_세탁_04,옷 세탁하는 곳,생활서비스 중 '세탁'을 판매·제공하는 매장,train,세탁,T4 구어·문장,14ef20ec-cbc9-4de2-a174-ba03b0717d99,고려칼마스터,칼,계산시장,전통시장,인천광역시,,,
c1e7d85e3d4bcedfe604,full_annotation_v1,A,q_세탁_04,옷 세탁하는 곳,생활서비스 중 '세탁'을 판매·제공하는 매장,train,세탁,T4 구어·문장,1eaf6dc3-f0f0-4350-8341-9f6f4334b965,다소곳,옷,전주모래내시장,전통시장,전북특별자치도,,,
b972bd79e7ea8cc6d92f,full_annotation_v1,A,q_세탁_04,옷 세탁하는 곳,생활서비스 중 '세탁'을 판매·제공하는 매장,train,세탁,T4 구어·문장,c111ac9d-3f3a-405c-a8db-4d127ccda9e2,행복이 있는 곳,잡화,제주로얄쇼핑센터,자율상권구역,제주특별자치도,,,
865f7bc0eb1431b145fa,full_annotation_v1,A,q_세탁_04,옷 세탁하는 곳,생활서비스 중 '세탁'을 판매·제공하는 매장,train,세탁,T4 구어·문장,7bc75f4d-2b26-42c0-9265-f53e6b38f31a,민승근사진관,사진,첨단동행 골목형상점가,골목형상점가,광주광역시,,,
04e48d580fb5a2a802cc,full_annotation_v1,A,q_세탁_04,옷 세탁하는 곳,생활서비스 중 '세탁'을 판매·제공하는 매장,train,세탁,T4 구어·문장,600a5c43-294c-4791-bc07-854be83091ff,기린의옷장,옷,지중해마을 골목형상점가,골목형상점가,충청남도,,,
a74aad7f2c4cd635c689,full_annotation_v1,A,q_세탁_04,옷 세탁하는 곳,생활서비스 중 '세탁'을 판매·제공하는 매장,train,세탁,T4 구어·문장,0961cd03-6452-4d93-bd01-6a4d0bd92f5b,첨단임마누엘서점 임마누엘분식,서점문구분식,첨단부영 골목형상점가,골목형상점가,광주광역시,,,
e5ab708800c7c50c61af,full_annotation_v1,A,q_세탁_04,옷 세탁하는 곳,생활서비스 중 '세탁'을 판매·제공하는 매장,train,세탁,T4 구어·문장,c2fb9d36-b157-4d37-94eb-852345a0ae39,베스띠벨리,옷,운천호수공원상인회 골목형상점가,골목형상점가,광주광역시,,,
62834f49e529f018720b,full_annotation_v1,A,q_세탁_04,옷 세탁하는 곳,생활서비스 중 '세탁'을 판매·제공하는 매장,train,세탁,T4 구어·문장,c651a46a-08ad-415a-96ed-e0326276dbf6,로닌w,여성 의류,은행동상점가(구 으능정이상점가),자율상권구역,대전광역시,,,
fdf21dc42ae08b10b5cb,full_annotation_v1,A,q_세탁_04,옷 세탁하는 곳,생활서비스 중 '세탁'을 판매·제공하는 매장,train,세탁,T4 구어·문장,841b2900-d736-4356-b077-ea6731baf9d1,모네,옷,포항 대이상가 골목형상점가,골목형상점가,경상북도,,,
be487ed637d01962b434,full_annotation_v1,A,q_세탁_04,옷 세탁하는 곳,생활서비스 중 '세탁'을 판매·제공하는 매장,train,세탁,T4 구어·문장,f1205ba8-3f9a-43c8-b96b-cba2c94965ed,누벨메종,커튼 홈패션,전통중앙도매상가,전통시장,대전광역시,,,
8fad359619063d887c03,full_annotation_v1,A,q_세탁_04,옷 세탁하는 곳,생활서비스 중 '세탁'을 판매·제공하는 매장,train,세탁,T4 구어·문장,cfad3883-5ed0-4847-b638-5e20d56e8947,초크,옷,㈜르네시떼,전통시장,부산광역시,,,
7ea3a080661c51eb9fcc,full_annotation_v1,A,q_세탁_04,옷 세탁하는 곳,생활서비스 중 '세탁'을 판매·제공하는 매장,train,세탁,T4 구어·문장,d8bcea05-84ee-4c48-a547-041916842238,블랙야크,옷,송하동 골목형상점가,골목형상점가,광주광역시,,,
891354eb2c994e79a6b8,full_annotation_v1,A,q_세탁_04,옷 세탁하는 곳,생활서비스 중 '세탁'을 판매·제공하는 매장,train,세탁,T4 구어·문장,1c48ef6c-d475-4858-8aab-0ee9b8033fdb,면도하는 총각,,순천원도심상점가,자율상권구역,,,,
32e5bb90ea0a9c16cfc3,full_annotation_v1,A,q_세탁_04,옷 세탁하는 곳,생활서비스 중 '세탁'을 판매·제공하는 매장,train,세탁,T4 구어·문장,ac7b2f5d-646b-44e2-a850-a869cbb8fcc0,요조숙녀,옷,우치서하로 골목형상점가,골목형상점가,광주광역시,,,
c561ea4b17e4f069dbc9,full_annotation_v1,A,q_세탁_04,옷 세탁하는 곳,생활서비스 중 '세탁'을 판매·제공하는 매장,train,세탁,T4 구어·문장,2dff2444-5de3-46aa-8cbe-2a5928b185dc,신세대,옷,평택통복시장,전통시장,경기도,,,
5e602498891a8311a49a,full_annotation_v1,A,q_세탁_04,옷 세탁하는 곳,생활서비스 중 '세탁'을 판매·제공하는 매장,train,세탁,T4 구어·문장,a6732ae3-7388-4079-856e-93b637e8ac3a,CU장덕대로점,편의점,수완장덕 골목형상점가,골목형상점가,광주광역시,,,
007b3dc5c0118574e4af,full_annotation_v1,A,q_세탁_04,옷 세탁하는 곳,생활서비스 중 '세탁'을 판매·제공하는 매장,train,세탁,T4 구어·문장,f711dec3-c9f5-4234-b52b-dfedaae185f0,블루,옷,전농로터리시장,전통시장,서울특별시,,,
2de44e4d3f0e3a1f9b1b,full_annotation_v1,A,q_세탁_04,옷 세탁하는 곳,생활서비스 중 '세탁'을 판매·제공하는 매장,train,세탁,T4 구어·문장,77ea2c60-2f05-46cd-8449-7e5a16f40416,옷&소품,옷,신매시장,전통시장,대구광역시,,,
707e04f3d9e1379a0a39,full_annotation_v1,A,q_세탁_04,옷 세탁하는 곳,생활서비스 중 '세탁'을 판매·제공하는 매장,train,세탁,T4 구어·문장,95bc646a-df4d-41b8-b4e4-02a95e258209,아이유 안경(수완점),안경 및 렌즈,홀릭스,골목형상점가,광주광역시,,,
19d68c65cff52d1b2c88,full_annotation_v1,A,q_세탁_04,옷 세탁하는 곳,생활서비스 중 '세탁'을 판매·제공하는 매장,train,세탁,T4 구어·문장,0056f4f0-208d-4d7c-996c-9e6526fea6cf,한일침구,침구,목포원도심상점가,자율상권구역,전라남도,,,
caaaa06ef95d13181e93,full_annotation_v1,A,q_세탁_04,옷 세탁하는 곳,생활서비스 중 '세탁'을 판매·제공하는 매장,train,세탁,T4 구어·문장,0d962cb0-9e7a-4c65-a83e-50ca752476c4,다이나핏,옷,공주산성 활성화구역,전통시장,충청남도,,,
0c7d69db81fcafc65604,full_annotation_v1,A,q_세탁_04,옷 세탁하는 곳,생활서비스 중 '세탁'을 판매·제공하는 매장,train,세탁,T4 구어·문장,3af9369c-1627-4640-9e24-2a80170f1ef6,파크랜드,옷,서천읍 군사리 골목형상점가,골목형상점가,충청남도,,,
40320f81fbcef6228b0e,full_annotation_v1,A,q_세탁_04,옷 세탁하는 곳,생활서비스 중 '세탁'을 판매·제공하는 매장,train,세탁,T4 구어·문장,8356300f-b26b-478f-a101-fac36ac38e16,최의상,옷,포항죽도농산물시장,전통시장,경상북도,,,
2c9b096e00e0dc50ed72,full_annotation_v1,A,q_세탁_04,옷 세탁하는 곳,생활서비스 중 '세탁'을 판매·제공하는 매장,train,세탁,T4 구어·문장,01095557-5374-4194-ad0b-e45c410a675d,반들한식뷔페,음식,서면1번가 자율상권구역,,부산광역시,,,
0f30af66a53d637fa6bb,full_annotation_v1,A,q_세탁_04,옷 세탁하는 곳,생활서비스 중 '세탁'을 판매·제공하는 매장,train,세탁,T4 구어·문장,a69be704-f0e1-48d2-8b51-4f95fbf285a9,뽀솜이,옷,가재마을 골목형상점가,골목형상점가,세종특별자치시,,,
6da6ca92ae0b4fe6b1f2,full_annotation_v1,A,q_세탁_04,옷 세탁하는 곳,생활서비스 중 '세탁'을 판매·제공하는 매장,train,세탁,T4 구어·문장,2c2fe59d-d3c8-47f6-ac99-d1b7b44875ee,애플,옷,동산상가,전통시장,대구광역시,,,
d9b44ec312080e7af886,full_annotation_v1,A,q_세탁_04,옷 세탁하는 곳,생활서비스 중 '세탁'을 판매·제공하는 매장,train,세탁,T4 구어·문장,9c014e23-14c1-4797-8e5d-2d949b1cb8ee,Eider,옷,송하동 골목형상점가,골목형상점가,광주광역시,,,
ad4ec2855fa1e5d37389,full_annotation_v1,A,q_세탁_04,옷 세탁하는 곳,생활서비스 중 '세탁'을 판매·제공하는 매장,train,세탁,T4 구어·문장,4c9ec80c-f903-4157-88ac-92f16af307fa,체이스컬트,옷,우산상인회 골목형상점가,골목형상점가,광주광역시,,,
0d785c050981e76c9b2c,full_annotation_v1,A,q_세탁_04,옷 세탁하는 곳,생활서비스 중 '세탁'을 판매·제공하는 매장,train,세탁,T4 구어·문장,396e0bad-c963-445c-9105-d48a52029e3c,로즈마리,옷,원주자유시장,전통시장,강원특별자치도,,,
e7c240bb0eef4f421581,full_annotation_v1,A,q_세탁_04,옷 세탁하는 곳,생활서비스 중 '세탁'을 판매·제공하는 매장,train,세탁,T4 구어·문장,7b94a64d-5eb6-48c1-ae9f-96795ac6ce55,세탁사랑,세탁,큰방림길 골목형상점가,골목형상점가,광주광역시,,,
9f79bb0aa301e24ccd48,full_annotation_v1,A,q_세탁_04,옷 세탁하는 곳,생활서비스 중 '세탁'을 판매·제공하는 매장,train,세탁,T4 구어·문장,c174f39f-2d1b-46ad-a89f-e7ccc4e13dff,멋나래,옷,전주중앙상가시장,전통시장,전북특별자치도,,,
a2633fbdc27d63a22d1a,full_annotation_v1,A,q_세탁_04,옷 세탁하는 곳,생활서비스 중 '세탁'을 판매·제공하는 매장,train,세탁,T4 구어·문장,0352930b-2c8b-4c93-b1a5-4a873580604b,코코패션,옷,간데메공원골목형상점가,골목형상점가,서울특별시,,,
de079e2fd3f517326cec,full_annotation_v1,A,q_세탁_04,옷 세탁하는 곳,생활서비스 중 '세탁'을 판매·제공하는 매장,train,세탁,T4 구어·문장,063da78c-47d6-4cd4-a052-a7da91852460,아브라함세탁수선,"세탁, 수선",춘천서부시장,전통시장,강원특별자치도,,,
de791562ce0710ecc577,full_annotation_v1,A,q_세탁_04,옷 세탁하는 곳,생활서비스 중 '세탁'을 판매·제공하는 매장,train,세탁,T4 구어·문장,9e5a4c9e-1230-40fd-8813-0b5798a46648,수,옷,황지자유시장,전통시장,강원특별자치도,,,
2b409d70fe008434e50e,full_annotation_v1,A,q_세탁_04,옷 세탁하는 곳,생활서비스 중 '세탁'을 판매·제공하는 매장,train,세탁,T4 구어·문장,f51827ce-8d11-4ac7-b452-3b865b6bc90a,제이디엑스,옷,송하동 골목형상점가,골목형상점가,광주광역시,,,
6b1589150cdb12c869a5,full_annotation_v1,A,q_세탁_04,옷 세탁하는 곳,생활서비스 중 '세탁'을 판매·제공하는 매장,train,세탁,T4 구어·문장,2743811c-5e71-4d2b-aa75-1b0147d44f2d,사우 꽃이 피는 곳,꽃,김포 풍년마을 골목형상점가,골목형상점가,경기도,,,
f676860e50092ab705de,full_annotation_v1,A,q_세탁_04,옷 세탁하는 곳,생활서비스 중 '세탁'을 판매·제공하는 매장,train,세탁,T4 구어·문장,be9f8c61-892c-48ed-a49d-b63bd032c025,소곳,의류,고투몰(강남터미널지하도상점가),일반지하상점가,서울특별시,,,
da3b221ee74d3abeb70e,full_annotation_v1,A,q_세탁_04,옷 세탁하는 곳,생활서비스 중 '세탁'을 판매·제공하는 매장,train,세탁,T4 구어·문장,b7b3a948-d86d-45e1-afb8-c2791b7bd118,샵오구이,옷,상무연하상인회 골목형상점가,골목형상점가,광주광역시,,,
ba46a27d297f6175f327,full_annotation_v1,A,q_세탁_04,옷 세탁하는 곳,생활서비스 중 '세탁'을 판매·제공하는 매장,train,세탁,T4 구어·문장,10cf99d8-a820-4c81-8c3b-3d12c6c6feb8,K2,옷,덕이동패션1번지,전통시장,경기도,,,
c59b4b2db252bc0859de,full_annotation_v1,A,q_세탁_04,옷 세탁하는 곳,생활서비스 중 '세탁'을 판매·제공하는 매장,train,세탁,T4 구어·문장,7d7ec072-fc37-45c2-ba6c-62dca3868c10,이새,옷,순천연향패션상가,자율상권구역,전라남도,,,
968ad1fbd43836738c0a,full_annotation_v1,A,q_세탁_04,옷 세탁하는 곳,생활서비스 중 '세탁'을 판매·제공하는 매장,train,세탁,T4 구어·문장,8c470ffc-8f1a-4794-b837-dd59bb2e86ee,바이혀니,옷,조암시장,전통시장,경기도,,,
0468a71d1be8aed08969,full_annotation_v1,A,q_세탁_04,옷 세탁하는 곳,생활서비스 중 '세탁'을 판매·제공하는 매장,train,세탁,T4 구어·문장,b8076d60-5eee-4b06-8183-8820f49aaa33,동명카츠 해남점,돈가스,해남읍 원도심 상권활성화구역,상권활성화구역,전라남도,,,
e1be30af03aae2e4acad,full_annotation_v1,A,q_세탁_04,옷 세탁하는 곳,생활서비스 중 '세탁'을 판매·제공하는 매장,train,세탁,T4 구어·문장,ec4d6f68-d1c4-4e1e-8727-8e6e93467e55,성희샵,옷,안동광석거리 골목형상점가,골목형상점가,경상북도,,,
951f9f4869d26e5a5725,full_annotation_v1,A,q_세탁_04,옷 세탁하는 곳,생활서비스 중 '세탁'을 판매·제공하는 매장,train,세탁,T4 구어·문장,197a4575-5448-47fd-9a3a-a9a5cca7ec4b,그레이후드,옷,지중해마을 골목형상점가,골목형상점가,충청남도,,,
e34aa33eb2a19819fdd9,full_annotation_v1,A,q_세탁_04,옷 세탁하는 곳,생활서비스 중 '세탁'을 판매·제공하는 매장,train,세탁,T4 구어·문장,4ee66f6f-09f7-4cc8-9449-a76374535d35,5번가,옷,서문시장2지구 종합상가,전통시장,대구광역시,,,
ce29fe1efc59e6adaa29,full_annotation_v1,A,q_세탁_04,옷 세탁하는 곳,생활서비스 중 '세탁'을 판매·제공하는 매장,train,세탁,T4 구어·문장,159a2f7b-b9a8-4aaf-9cbd-2624c1910498,김경희패션,옷,전주중앙상가시장,전통시장,전북특별자치도,,,
9465a941093e495abecc,full_annotation_v1,A,q_세탁_04,옷 세탁하는 곳,생활서비스 중 '세탁'을 판매·제공하는 매장,train,세탁,T4 구어·문장,101f067b-9256-4c87-aa09-8190370d38ae,서울상회,옷,교동시장1길 상점가,자율상권구역,대구광역시,,,
a0fc0a33899f945fc023,full_annotation_v1,A,q_세탁_04,옷 세탁하는 곳,생활서비스 중 '세탁'을 판매·제공하는 매장,train,세탁,T4 구어·문장,6ef9edd7-938c-4678-8ae7-8f80abc0e8c4,니끼다,옷,서문시장2지구 종합상가,전통시장,대구광역시,,,
94a83547a15640fd3835,full_annotation_v1,A,q_세탁_04,옷 세탁하는 곳,생활서비스 중 '세탁'을 판매·제공하는 매장,train,세탁,T4 구어·문장,70e92b81-7465-4c3b-a4ab-18555f4c9eda,레베카,옷,사가정시장,전통시장,서울특별시,,,
8b3b938e74f0747faf33,full_annotation_v1,A,q_세탁_04,옷 세탁하는 곳,생활서비스 중 '세탁'을 판매·제공하는 매장,train,세탁,T4 구어·문장,641e76d3-ea66-458a-97ba-1882b4ab78b4,썬플라워데일리룩,옷,담양시장,전통시장,전라남도,,,
db1abaa2dd1f1bb27fb6,full_annotation_v1,A,q_세탁_04,옷 세탁하는 곳,생활서비스 중 '세탁'을 판매·제공하는 매장,train,세탁,T4 구어·문장,00c164d0-76c7-4e7a-9676-ecfdbb052077,크린토피아신창점,세탁,신창수문 골목형상점가,골목형상점가,광주광역시,,,
cf48878659c647cb7c24,full_annotation_v1,A,q_세탁_04,옷 세탁하는 곳,생활서비스 중 '세탁'을 판매·제공하는 매장,train,세탁,T4 구어·문장,222b1cff-a8fa-4d7b-bd7a-e6bc028182f9,초이스,옷,부평깡통시장(구 부산부평시장),전통시장,부산광역시,,,
6aef70b5c76b82b33d98,full_annotation_v1,A,q_세탁_04,옷 세탁하는 곳,생활서비스 중 '세탁'을 판매·제공하는 매장,train,세탁,T4 구어·문장,adf4da0e-9b6a-4a9e-8c07-a7e553455046,세탁할인점,세탁,다모아상가 골목형상점가,골목형상점가,대전광역시,,,
a5b024b72aa2a6df14bd,full_annotation_v1,A,q_세탁_04,옷 세탁하는 곳,생활서비스 중 '세탁'을 판매·제공하는 매장,train,세탁,T4 구어·문장,68331905-ce0e-4544-a338-03c530ceef03,수블리,옷,양주신산시장마을상점가,골목형상점가,경기도,,,
a86dabd95708cd787ecd,full_annotation_v1,A,q_세탁_04,옷 세탁하는 곳,생활서비스 중 '세탁'을 판매·제공하는 매장,train,세탁,T4 구어·문장,fc941f1f-a046-4659-9720-f925e320346f,세탁나라,세탁소,상암마을상인회 골목형상점가,골목형상점가,광주광역시,,,
557934c7a33d95b58a3c,full_annotation_v1,A,q_세탁_04,옷 세탁하는 곳,생활서비스 중 '세탁'을 판매·제공하는 매장,train,세탁,T4 구어·문장,07490210-f1e0-4a6e-8b2c-c549564745da,바이네르용봉점,옷,패션의거리,자율상권구역,광주광역시,,,
b69f81d89c1aa9de4e0f,full_annotation_v1,A,q_세탁_04,옷 세탁하는 곳,생활서비스 중 '세탁'을 판매·제공하는 매장,train,세탁,T4 구어·문장,73f471e1-ad28-4255-8286-2c1fa7bbb29e,여성크로커다일,옷,익산중앙상점가,골목형상점가,전북특별자치도,,,
5e3f3a6c70825d22f9ef,full_annotation_v1,A,q_세탁_04,옷 세탁하는 곳,생활서비스 중 '세탁'을 판매·제공하는 매장,train,세탁,T4 구어·문장,a7fd5769-219a-4c05-9b5f-a9474ac43d46,소풍,옷,루원이음길 골목형상점가,골목형상점가,인천광역시,,,
4d0c4cb33e9a895618a7,full_annotation_v1,A,q_세탁_04,옷 세탁하는 곳,생활서비스 중 '세탁'을 판매·제공하는 매장,train,세탁,T4 구어·문장,f590238e-faa6-4f1f-9c8e-60ed3d2fa4b7,세탁나라,세탁,사강시장,전통시장,경기도,,,
14adbbfb14567eec8eb1,full_annotation_v1,A,q_세탁_04,옷 세탁하는 곳,생활서비스 중 '세탁'을 판매·제공하는 매장,train,세탁,T4 구어·문장,05ff04e7-b24b-45bb-afe5-cc682fa9bbdd,샘머리세탁소,세탁,샘머리 골목형상점가,골목형상점가,대전광역시,,,
32d56407d7d3e300d6aa,full_annotation_v1,A,q_세탁_04,옷 세탁하는 곳,생활서비스 중 '세탁'을 판매·제공하는 매장,train,세탁,T4 구어·문장,0321fb2a-78bf-4ea9-961b-0a0e245b5863,세모누비,침구,정서진중앙시장(구 서구중앙시장),전통시장,인천광역시,,,
e5fab9b94f4b68faf4f0,full_annotation_v1,A,q_세탁_04,옷 세탁하는 곳,생활서비스 중 '세탁'을 판매·제공하는 매장,train,세탁,T4 구어·문장,6bf7d4d1-0596-40dd-8ff8-2c635c15f6ab,초이스#,옷,당진원시가지상가,자율상권구역,충청남도,,,
f8f9577cb205d29bccab,full_annotation_v1,A,q_세탁_04,옷 세탁하는 곳,생활서비스 중 '세탁'을 판매·제공하는 매장,train,세탁,T4 구어·문장,24456103-f6b8-46af-8655-82e61d7265d8,커피가 머무르는 곳,커피,반드레길골목형상점가,골목형상점가,서울특별시,,,
0d76f521b1c41c83fe1b,full_annotation_v1,A,q_세탁_04,옷 세탁하는 곳,생활서비스 중 '세탁'을 판매·제공하는 매장,train,세탁,T4 구어·문장,f4015506-d56c-4894-8a72-39fb86efec9c,리나홈패션,옷,오치1동(제2지역:북부소방서 사거리) 골목형상점가,골목형상점가,광주광역시,,,
6e879988c23c922cffc6,full_annotation_v1,A,q_세탁_04,옷 세탁하는 곳,생활서비스 중 '세탁'을 판매·제공하는 매장,train,세탁,T4 구어·문장,b37f529e-6a6e-47ae-8178-eade989c724f,세끼중에한끼,분식,내당제일골목형상점가,골목형상점가,대구광역시,,,
be6d24efae7c9babad50,full_annotation_v1,A,q_세탁_04,옷 세탁하는 곳,생활서비스 중 '세탁'을 판매·제공하는 매장,train,세탁,T4 구어·문장,3e726f77-a8bd-4416-aad7-a1cd0a2f5a6b,오땡큐,옷,두류1번가,일반지하상점가,대구광역시,,,
3bcd135093ebecee2c83,full_annotation_v1,A,q_세탁_04,옷 세탁하는 곳,생활서비스 중 '세탁'을 판매·제공하는 매장,train,세탁,T4 구어·문장,035b2c82-5e87-47dc-aedf-75253b965cf0,복음누비,침구,중앙시장,전통시장,인천광역시,,,
35ec5b56aef4a6a1052d,full_annotation_v1,A,q_세탁_04,옷 세탁하는 곳,생활서비스 중 '세탁'을 판매·제공하는 매장,train,세탁,T4 구어·문장,6a6fb2c8-59e4-4f4f-a1de-245b8ee7b6b6,파스텔,옷,노룬산골목시장,전통시장,서울특별시,,,
9da414b15eb4e59c2f18,full_annotation_v1,A,q_세탁_04,옷 세탁하는 곳,생활서비스 중 '세탁'을 판매·제공하는 매장,train,세탁,T4 구어·문장,420fd618-4255-4a98-bdf0-6fa2c4289d8a,마리,옷,홍대소상공인 상점가,자율상권구역,서울특별시,,,
7b65786f054bbec5d6c9,full_annotation_v1,A,q_세탁_04,옷 세탁하는 곳,생활서비스 중 '세탁'을 판매·제공하는 매장,train,세탁,T4 구어·문장,d1ae6bf9-4e46-470d-b872-710693467a3d,꼼빠니아,옷,덕이동패션1번지,전통시장,경기도,,,
b7d9b199d7456736fc92,full_annotation_v1,A,q_세탁_04,옷 세탁하는 곳,생활서비스 중 '세탁'을 판매·제공하는 매장,train,세탁,T4 구어·문장,01c8223c-7693-4269-8de1-ef21d68577d4,신흥침구사,침구,중앙신시장,전통시장,경상북도,,,
72db2d89fecc42aa521f,full_annotation_v1,A,q_세탁_04,옷 세탁하는 곳,생활서비스 중 '세탁'을 판매·제공하는 매장,train,세탁,T4 구어·문장,bd165bc3-a60b-481b-8760-5bce00a3cf4f,흥국옷수선,옷,흥국상가,자율상권구역,전라남도,,,
82321efa6f919dcf9780,full_annotation_v1,A,q_세탁_04,옷 세탁하는 곳,생활서비스 중 '세탁'을 판매·제공하는 매장,train,세탁,T4 구어·문장,76a3551b-dae4-4326-92cc-662015aedbfb,쉴 곳,한식,칠성로상점가,자율상권구역,제주특별자치도,,,
d42a0a98410bf2b3d7db,full_annotation_v1,A,q_세탁_04,옷 세탁하는 곳,생활서비스 중 '세탁'을 판매·제공하는 매장,train,세탁,T4 구어·문장,c4a55028-6ed6-494d-88be-1e9c4aa1fa52,올리브,옷,동림1 골목형상점가,골목형상점가,광주광역시,,,
fac74d915911a15da953,full_annotation_v1,A,q_세탁_04,옷 세탁하는 곳,생활서비스 중 '세탁'을 판매·제공하는 매장,train,세탁,T4 구어·문장,10a861e2-8717-40d5-8bab-79fd68d83a8e,라온,옷,풍암SK.광명상가상인회 골목형상점가,골목형상점가,광주광역시,,,
99a374ca0af9e13b88aa,full_annotation_v1,A,q_세탁_04,옷 세탁하는 곳,생활서비스 중 '세탁'을 판매·제공하는 매장,train,세탁,T4 구어·문장,0829b8da-c9dc-4fd5-b127-ee19c9dacd77,신일당,귀금속,중앙로 지하상가 상점가,일반지하상점가,대전광역시,,,
e6e4234994b12b9b5565,full_annotation_v1,A,q_세탁_04,옷 세탁하는 곳,생활서비스 중 '세탁'을 판매·제공하는 매장,train,세탁,T4 구어·문장,4a10655a-ca92-413a-8ade-7ea466ab0505,화미,옷,팔달시민상가시장,전통시장,경기도,,,
892e166c89d4a63226f4,full_annotation_v1,A,q_세탁_04,옷 세탁하는 곳,생활서비스 중 '세탁'을 판매·제공하는 매장,train,세탁,T4 구어·문장,2b0d6a08-b76b-4c29-a692-80a15ab9f12e,그랏츠,옷,부평깡통시장(구 부산부평시장),전통시장,부산광역시,,,
88b9c9c3b98a97f05397,full_annotation_v1,A,q_세탁_04,옷 세탁하는 곳,생활서비스 중 '세탁'을 판매·제공하는 매장,train,세탁,T4 구어·문장,1a8028e5-9951-4b99-9fb4-09cf9f5c1958,토브,옷,서문시장2지구 종합상가,전통시장,대구광역시,,,
280b42e70a4474125caa,full_annotation_v1,A,q_세탁_04,옷 세탁하는 곳,생활서비스 중 '세탁'을 판매·제공하는 매장,train,세탁,T4 구어·문장,413c17c7-cc44-4734-8980-f13b631b9629,옷수선,옷,대왕암사거리 골목형상점가,골목형상점가,울산광역시,,,
67e38d3c84526831d0b2,full_annotation_v1,A,q_세탁_04,옷 세탁하는 곳,생활서비스 중 '세탁'을 판매·제공하는 매장,train,세탁,T4 구어·문장,cd939281-db77-4c98-a59d-268216ba9e39,살롱패션,옷,동인천지하상가(동인천지하아케이드),일반지하상점가,인천광역시,,,
31e4a2a97d5536f1b548,full_annotation_v1,A,q_세탁_04,옷 세탁하는 곳,생활서비스 중 '세탁'을 판매·제공하는 매장,train,세탁,T4 구어·문장,05291547-c22d-430e-95c2-e31bda19a90a,슈퍼타이 본점,세탁,월드시티상가 골목형상점가,골목형상점가,울산광역시,,,
a13219cceb71288cba1b,full_annotation_v1,A,q_세탁_04,옷 세탁하는 곳,생활서비스 중 '세탁'을 판매·제공하는 매장,train,세탁,T4 구어·문장,020914cd-8086-4fad-ab39-bbae265d6a60,양진이불,침구,경주성동공설시장,전통시장,경상북도,,,
c8aa20b8780466dd83c3,full_annotation_v1,A,q_세탁_04,옷 세탁하는 곳,생활서비스 중 '세탁'을 판매·제공하는 매장,train,세탁,T4 구어·문장,26220224-2c69-49c4-998f-cf019e71f136,토야,옷,중앙전통시장,전통시장,울산광역시,,,
fbe839914b971380f5de,full_annotation_v1,A,q_세탁_04,옷 세탁하는 곳,생활서비스 중 '세탁'을 판매·제공하는 매장,train,세탁,T4 구어·문장,58f1076e-5a94-4c1b-bdcd-a3886a2b0f15,명동의류,옷,영월종합상가,전통시장,강원특별자치도,,,
7b65b4d4da4ac90065ca,full_annotation_v1,A,q_세탁_04,옷 세탁하는 곳,생활서비스 중 '세탁'을 판매·제공하는 매장,train,세탁,T4 구어·문장,63e4c97e-2b2d-4f3a-9f59-325531fd7d40,마리,옷,동해남부재래시장,전통시장,강원특별자치도,,,
186be66bf9a32c2f94cb,full_annotation_v1,A,q_세탁_04,옷 세탁하는 곳,생활서비스 중 '세탁'을 판매·제공하는 매장,train,세탁,T4 구어·문장,9abffc7e-051d-4f6b-9e79-11136376f574,크림,옷,동산상가,전통시장,대구광역시,,,
8a6efdc8bdcb1a19db62,full_annotation_v1,A,q_세탁_04,옷 세탁하는 곳,생활서비스 중 '세탁'을 판매·제공하는 매장,train,세탁,T4 구어·문장,5f7a9931-6680-4fcb-882a-78cddd3ad0f3,실브,옷,부평깡통시장(구 부산부평시장),전통시장,부산광역시,,,
ac413f3306f180d3fc75,full_annotation_v1,A,q_세탁_04,옷 세탁하는 곳,생활서비스 중 '세탁'을 판매·제공하는 매장,train,세탁,T4 구어·문장,019c9868-92c6-4e25-b2ea-903f322c9acf,맡겨봐신발세탁,세탁,임동 골목형상점가,골목형상점가,광주광역시,,,
3082b89492a36b5beb55,full_annotation_v1,A,q_세탁_04,옷 세탁하는 곳,생활서비스 중 '세탁'을 판매·제공하는 매장,train,세탁,T4 구어·문장,ffd7248d-a2ca-42d9-837e-04d04a4d300d,인천상회,옷,남원용남시장,전통시장,전북특별자치도,,,
4514526daf3938fdb2a2,full_annotation_v1,A,q_세탁_04,옷 세탁하는 곳,생활서비스 중 '세탁'을 판매·제공하는 매장,train,세탁,T4 구어·문장,2a1a27b5-6e8b-44a1-8971-a48abe0305fb,핑,옷,덕이동메인타운상점가(구 덕이동로데오메인타운),자율상권구역,경기도,,,
195f70f8c9ea92ae7ca6,full_annotation_v1,A,q_세탁_04,옷 세탁하는 곳,생활서비스 중 '세탁'을 판매·제공하는 매장,train,세탁,T4 구어·문장,bdd87a79-ec57-43d4-9edc-494f707a248a,네파광주용봉점,옷,패션의거리,자율상권구역,광주광역시,,,
26a505c7f2a2502b5d6c,full_annotation_v1,A,q_세탁_04,옷 세탁하는 곳,생활서비스 중 '세탁'을 판매·제공하는 매장,train,세탁,T4 구어·문장,3d5956d4-0ca8-4f79-be24-a0e2c9286c9e,더곱따,옷,장성읍 골목형상점가,골목형상점가,전라남도,,,
754b7b49e4bec03856db,full_annotation_v1,A,q_세탁_04,옷 세탁하는 곳,생활서비스 중 '세탁'을 판매·제공하는 매장,train,세탁,T4 구어·문장,945d57ed-d862-4779-8074-b1ffb53880c7,명가 통닭 면목점,통닭,봉우시장골목형상점가,골목형상점가,서울특별시,,,
2c0be54c669732b98bb9,full_annotation_v1,A,q_세탁_04,옷 세탁하는 곳,생활서비스 중 '세탁'을 판매·제공하는 매장,train,세탁,T4 구어·문장,2959fcf4-7f22-4161-b67a-68dbd988e97b,스타일,옷,진잠 골목형상점가,골목형상점가,대전광역시,,,
d23986acb5ecb92de677,full_annotation_v1,A,q_세탁_04,옷 세탁하는 곳,생활서비스 중 '세탁'을 판매·제공하는 매장,train,세탁,T4 구어·문장,a82b0806-ede7-4f56-82bf-73c681b34283,S패션,옷,창동골목시장,전통시장,서울특별시,,,
c898f044298d79115426,full_annotation_v1,A,q_세탁_04,옷 세탁하는 곳,생활서비스 중 '세탁'을 판매·제공하는 매장,train,세탁,T4 구어·문장,a0f9f4ef-7074-489d-b751-f9f69f85338e,썬,옷,서문시장2지구 종합상가,전통시장,대구광역시,,,
d2006bee05addeec48b3,full_annotation_v1,A,q_세탁_04,옷 세탁하는 곳,생활서비스 중 '세탁'을 판매·제공하는 매장,train,세탁,T4 구어·문장,0b292fb0-be0a-4192-815c-619871c2cbf3,하하식당,한식,거창 전통시장,전통시장,경상남도,,,
37bf27cdd9fa9f6e5135,full_annotation_v1,A,q_세탁_04,옷 세탁하는 곳,생활서비스 중 '세탁'을 판매·제공하는 매장,train,세탁,T4 구어·문장,d0fa492c-3a34-4e56-bdb1-81c8d222e175,다민유통,옷,하당꽃길1가 골목형상점가,골목형상점가,전라남도,,,
3ca115c4c7b187adef01,full_annotation_v1,A,q_세탁_04,옷 세탁하는 곳,생활서비스 중 '세탁'을 판매·제공하는 매장,train,세탁,T4 구어·문장,f23b417a-8123-4389-b354-40e6f7f96924,팬텀골프,옷,송하동 골목형상점가,골목형상점가,광주광역시,,,
490bff1697b807c98307,full_annotation_v1,A,q_세탁_04,옷 세탁하는 곳,생활서비스 중 '세탁'을 판매·제공하는 매장,train,세탁,T4 구어·문장,0329ae89-cc96-41bc-b7b1-4c5255b46dda,네파,옷,덕이동패션1번지,전통시장,경기도,,,
9fac4a3b333b3dfb99a1,full_annotation_v1,A,q_세탁_04,옷 세탁하는 곳,생활서비스 중 '세탁'을 판매·제공하는 매장,train,세탁,T4 구어·문장,26d023e0-6144-4340-bc75-75617eb9f548,풍기인견,옷,원주자유시장,전통시장,강원특별자치도,,,
9242fcba77bbffef6dac,full_annotation_v1,A,q_세탁_04,옷 세탁하는 곳,생활서비스 중 '세탁'을 판매·제공하는 매장,train,세탁,T4 구어·문장,919cae96-d71c-4342-a4b6-a71555411f33,제일축산,축산물,칠성원시장,전통시장,대구광역시,,,
ec3e7677747ae011150c,full_annotation_v1,A,q_세탁_04,옷 세탁하는 곳,생활서비스 중 '세탁'을 판매·제공하는 매장,train,세탁,T4 구어·문장,c29ef265-6689-424b-b99e-8a18a4d6a7e2,패션랜드,옷,송정5일시장,전통시장,광주광역시,,,
0aa0cff9d6510389ddd7,full_annotation_v1,A,q_세탁_05,드라이클리닝,생활서비스 중 '세탁'을 판매·제공하는 매장,train,세탁,T5 서비스,a729a8dc-6bfe-4de3-9e84-df6d67ac1b4f,행복마트,슈퍼,신월3동시장골목형상점가,골목형상점가,서울특별시,,,
c4dc9ef67cc40569f5fa,full_annotation_v1,A,q_세탁_05,드라이클리닝,생활서비스 중 '세탁'을 판매·제공하는 매장,train,세탁,T5 서비스,c5407736-8eb2-4055-81e4-803e20dcf589,옥산사,"면도기, 드라이",남대문시장,전통시장,서울특별시,,,
2f5c528894148004c18a,full_annotation_v1,A,q_세탁_05,드라이클리닝,생활서비스 중 '세탁'을 판매·제공하는 매장,train,세탁,T5 서비스,c0814c93-3b7e-499a-8570-b2a68e116728,드라이하우스,의류및신발,강진 서성다정길 골목형 상점가,골목형상점가,전라남도,,,
1ac9176cd1d2ff938503,full_annotation_v1,A,q_세탁_05,드라이클리닝,생활서비스 중 '세탁'을 판매·제공하는 매장,train,세탁,T5 서비스,f412b4ad-4655-4d53-aa4f-55123e3e7819,복음사진관,사진관,봉선중길 골목형상점가,골목형상점가,광주광역시,,,
624332b0ea27bebbf8ab,full_annotation_v1,A,q_세탁_05,드라이클리닝,생활서비스 중 '세탁'을 판매·제공하는 매장,train,세탁,T5 서비스,e0b56b9e-1279-475b-a0c4-c4d5959487ef,드라이하우스(풍향점),의류 및 신발,풍향골 골목형상점가,골목형상점가,광주광역시,,,
0e960fb90796bbffa1c1,full_annotation_v1,A,q_세탁_05,드라이클리닝,생활서비스 중 '세탁'을 판매·제공하는 매장,train,세탁,T5 서비스,aa16f03e-428e-4d40-8d12-363bf33aee42,드라마,의류,삼익비치A상가시장,전통시장,부산광역시,,,
d0bd7b7ff0b67e3502c9,full_annotation_v1,A,q_세탁_05,드라이클리닝,생활서비스 중 '세탁'을 판매·제공하는 매장,train,세탁,T5 서비스,abd2c5d6-b390-4671-b872-9535dbcbd70e,드라이하우스,,정남진활력의거리 골목형상점가,골목형상점가,,,,
6229f577033bdbff5938,full_annotation_v1,A,q_세탁_05,드라이클리닝,생활서비스 중 '세탁'을 판매·제공하는 매장,train,세탁,T5 서비스,3914d7dc-2caa-41a4-98b4-b7e8fbab01d5,드라이데이,,경암동 서래장터 골목형상점가,골목형상점가,전북특별자치도,,,
1ff25f003a7965204d20,full_annotation_v1,A,q_세탁_05,드라이클리닝,생활서비스 중 '세탁'을 판매·제공하는 매장,train,세탁,T5 서비스,f7f0ec86-f01d-4a85-8847-9ac11bead862,명성식육점,식육,진주 논개시장,전통시장,경상남도,,,
dd44ef03cf0d13a618fb,full_annotation_v1,A,q_세탁_05,드라이클리닝,생활서비스 중 '세탁'을 판매·제공하는 매장,train,세탁,T5 서비스,e8b17b7a-d0a0-4ec9-9333-353e088a12fb,삼성크리닝,세탁옷,김제전통시장,전통시장,전북특별자치도,,,
5ea614226d8a1756009c,full_annotation_v1,A,q_세탁_05,드라이클리닝,생활서비스 중 '세탁'을 판매·제공하는 매장,train,세탁,T5 서비스,d9913dd0-59e8-4b19-8316-2d10af3ff69d,이지클리닝,서비스업(청소대행),병점중심상가,자율상권구역,경기도,,,
8a40b5d544d6626f8abe,full_annotation_v1,A,q_세탁_05,드라이클리닝,생활서비스 중 '세탁'을 판매·제공하는 매장,train,세탁,T5 서비스,a8bd412b-70e6-4502-9308-f29bcc36e41f,드라이하우스,의류이불등,백운 대성시장 골목형상점가,골목형상점가,광주광역시,,,
4c42a3e37b409542f871,full_annotation_v1,A,q_세탁_05,드라이클리닝,생활서비스 중 '세탁'을 판매·제공하는 매장,train,세탁,T5 서비스,84262f8d-badb-4015-9caa-af4af2037b30,드라이데이효자점,,용봉 골목형상점가,골목형상점가,전북특별자치도,,,
c098030e70a532ae9b61,full_annotation_v1,A,q_세탁_05,드라이클리닝,생활서비스 중 '세탁'을 판매·제공하는 매장,train,세탁,T5 서비스,71602a5e-da33-4480-bc20-1b0c6a673843,신창크리닝,세탁,호반부영상가 골목형상점가,골목형상점가,광주광역시,,,
d7326504ed4314ab9b9c,full_annotation_v1,A,q_세탁_05,드라이클리닝,생활서비스 중 '세탁'을 판매·제공하는 매장,train,세탁,T5 서비스,587d8702-be4a-41cf-83a8-9644bd83c424,우리집클리닝,에어컨청소,양산호수공원 골목형상점가,골목형상점가,광주광역시,,,
1ad9ba9d99477162a3b9,full_annotation_v1,A,q_세탁_05,드라이클리닝,생활서비스 중 '세탁'을 판매·제공하는 매장,train,세탁,T5 서비스,05291547-c22d-430e-95c2-e31bda19a90a,슈퍼타이 본점,세탁,월드시티상가 골목형상점가,골목형상점가,울산광역시,,,
91074882e0eb7e6c5406,full_annotation_v1,A,q_세탁_05,드라이클리닝,생활서비스 중 '세탁'을 판매·제공하는 매장,train,세탁,T5 서비스,035b2c82-5e87-47dc-aedf-75253b965cf0,복음누비,침구,중앙시장,전통시장,인천광역시,,,
0a4276ab61c68c7da1a0,full_annotation_v1,A,q_세탁_05,드라이클리닝,생활서비스 중 '세탁'을 판매·제공하는 매장,train,세탁,T5 서비스,29fda49b-596e-470b-be62-830c1433f369,왕순이주먹밥김밥,분식,한솔센터 골목형상점가,골목형상점가,세종특별자치시,,,
e12892c59bd92c883b4a,full_annotation_v1,A,q_세탁_05,드라이클리닝,생활서비스 중 '세탁'을 판매·제공하는 매장,train,세탁,T5 서비스,1aa6a605-5230-4ea3-8538-02f809e7c4fe,드라이브애프터런치,브런치카페,봉선먹자골목 골목형상점가,골목형상점가,광주광역시,,,
3c19b8c9c46d584a99a6,full_annotation_v1,A,q_세탁_05,드라이클리닝,생활서비스 중 '세탁'을 판매·제공하는 매장,train,세탁,T5 서비스,019c9868-92c6-4e25-b2ea-903f322c9acf,맡겨봐신발세탁,세탁,임동 골목형상점가,골목형상점가,광주광역시,,,
db061496be402dcbc3af,full_annotation_v1,A,q_세탁_05,드라이클리닝,생활서비스 중 '세탁'을 판매·제공하는 매장,train,세탁,T5 서비스,3967e21c-eb29-4918-b037-d0265ff6a2fe,신천과일,과일 및 채소,코끼리시장,골목형상점가,울산광역시,,,
0453247fb72c746951cc,full_annotation_v1,A,q_세탁_05,드라이클리닝,생활서비스 중 '세탁'을 판매·제공하는 매장,train,세탁,T5 서비스,0321fb2a-78bf-4ea9-961b-0a0e245b5863,세모누비,침구,정서진중앙시장(구 서구중앙시장),전통시장,인천광역시,,,
a722a5e48b9c087eba24,full_annotation_v1,A,q_세탁_05,드라이클리닝,생활서비스 중 '세탁'을 판매·제공하는 매장,train,세탁,T5 서비스,55fbcff4-11d3-41e9-9622-f1204ffa4470,드라코짐,서비스업,항동 골목형상점가,골목형상점가,서울특별시,,,
120c2428d16fce03953b,full_annotation_v1,A,q_세탁_05,드라이클리닝,생활서비스 중 '세탁'을 판매·제공하는 매장,train,세탁,T5 서비스,05ff04e7-b24b-45bb-afe5-cc682fa9bbdd,샘머리세탁소,세탁,샘머리 골목형상점가,골목형상점가,대전광역시,,,
36e2166cb20b43f98972,full_annotation_v1,A,q_세탁_05,드라이클리닝,생활서비스 중 '세탁'을 판매·제공하는 매장,train,세탁,T5 서비스,3285c119-b7f8-4f85-b6d9-8fb40870d34d,동해츄리닝,의류,충무동해안시장,전통시장,부산광역시,,,
5313c15938cd01fd9c7e,full_annotation_v1,A,q_세탁_05,드라이클리닝,생활서비스 중 '세탁'을 판매·제공하는 매장,train,세탁,T5 서비스,641768c5-ae64-4416-bc78-d2f5c73be4ea,효목크리닝,,효목마을 골목형상점가,골목형상점가,대구광역시,,,
8a928bcc95a89c1db55f,full_annotation_v1,A,q_세탁_05,드라이클리닝,생활서비스 중 '세탁'을 판매·제공하는 매장,train,세탁,T5 서비스,1d4b2d70-458a-4210-9dd1-7ca1dfdada08,신토불이농수산쌀,"곡물, 잡곡, 쌀",봉리단길골목형상점가,골목형상점가,서울특별시,,,
fbf7d20a2c4388e37077,full_annotation_v1,A,q_세탁_05,드라이클리닝,생활서비스 중 '세탁'을 판매·제공하는 매장,train,세탁,T5 서비스,a2f7d7fb-ed1b-4191-9c14-e76074387df9,드라이데이세탁전문,세탁,에코휴먼빌 골목형상점가,골목형상점가,전북특별자치도,,,
2a0b6696ba6aeaf603c4,full_annotation_v1,A,q_세탁_05,드라이클리닝,생활서비스 중 '세탁'을 판매·제공하는 매장,train,세탁,T5 서비스,28db8a79-5363-4535-bcbc-106a02123b27,명동크리닝,세탁,봉리단길골목형상점가,골목형상점가,서울특별시,,,
64c6e7614566c4fec31c,full_annotation_v1,A,q_세탁_05,드라이클리닝,생활서비스 중 '세탁'을 판매·제공하는 매장,train,세탁,T5 서비스,a296b939-d1bb-46a6-8242-525222642d23,드라이스노우,,창원 성원그랜드쇼핑상가,전통시장,경상남도,,,
23112785ba709e8e091c,full_annotation_v1,A,q_세탁_05,드라이클리닝,생활서비스 중 '세탁'을 판매·제공하는 매장,train,세탁,T5 서비스,063da78c-47d6-4cd4-a052-a7da91852460,아브라함세탁수선,"세탁, 수선",춘천서부시장,전통시장,강원특별자치도,,,
e1934eb124c01181116b,full_annotation_v1,A,q_세탁_05,드라이클리닝,생활서비스 중 '세탁'을 판매·제공하는 매장,train,세탁,T5 서비스,c9b413d5-fb5f-4e18-8f43-a047a5dacdd0,알록달록테이블,즉석식품,흥국상가,자율상권구역,전라남도,,,
91ce188cf0d71ed4aba2,full_annotation_v1,A,q_세탁_05,드라이클리닝,생활서비스 중 '세탁'을 판매·제공하는 매장,train,세탁,T5 서비스,01c8223c-7693-4269-8de1-ef21d68577d4,신흥침구사,침구,중앙신시장,전통시장,경상북도,,,
f6c235c9731a3d81d0fe,full_annotation_v1,A,q_세탁_05,드라이클리닝,생활서비스 중 '세탁'을 판매·제공하는 매장,train,세탁,T5 서비스,8865abf3-b964-4b33-8036-7c4b3fa5be2a,드라이하우스내방점,세탁업,늘해랑상인회 골목형상점가,골목형상점가,광주광역시,,,
7e3bb7d9232db970af0e,full_annotation_v1,A,q_세탁_05,드라이클리닝,생활서비스 중 '세탁'을 판매·제공하는 매장,train,세탁,T5 서비스,a1484b5b-3102-4caa-814c-d18f5dc865fd,드라이&크리닝,각종의류신발가방카페트,팡팡 골목형상점가,골목형상점가,광주광역시,,,
650de1bedfc7b5209797,full_annotation_v1,A,q_세탁_05,드라이클리닝,생활서비스 중 '세탁'을 판매·제공하는 매장,train,세탁,T5 서비스,fd09a434-6d92-4e9f-aaed-8bfb0b194552,일이삼정육점,소매(식육),전농로터리시장,전통시장,서울특별시,,,
542a003f5883c03e74cf,full_annotation_v1,A,q_세탁_05,드라이클리닝,생활서비스 중 '세탁'을 판매·제공하는 매장,train,세탁,T5 서비스,4493afa2-8fce-404c-9be8-b2db85b9f0c9,드라이하우스,의류세탁,치평동아파트연합상인회 골목형상점가,골목형상점가,광주광역시,,,
2a3402897e09412446b4,full_annotation_v1,A,q_세탁_05,드라이클리닝,생활서비스 중 '세탁'을 판매·제공하는 매장,train,세탁,T5 서비스,305876df-4b8d-4303-80a4-3cb8258922fe,삼성클리닝,,석교동 돌다리이음 골목형상점가,골목형상점가,대전광역시,,,
7ff3665107c120d2591d,full_annotation_v1,A,q_세탁_05,드라이클리닝,생활서비스 중 '세탁'을 판매·제공하는 매장,train,세탁,T5 서비스,1185d42b-7206-40d2-9ac0-c791ecb3a618,드라이하우스 매곡점,세탁물,매곡 사랑길 골목형상점가,골목형상점가,광주광역시,,,
648f3cdadfb70df4e41e,full_annotation_v1,A,q_세탁_05,드라이클리닝,생활서비스 중 '세탁'을 판매·제공하는 매장,train,세탁,T5 서비스,69194528-4e8e-4355-a03e-6a9ee9fd3bcc,CU 평촌로데오점,편의점,평촌1번가 상점가,자율상권구역,경기도,,,
5ca3c0ce52cf28cc1e28,full_annotation_v1,A,q_세탁_05,드라이클리닝,생활서비스 중 '세탁'을 판매·제공하는 매장,train,세탁,T5 서비스,f3aafa5f-6db3-492d-9813-a7e49bb78ad3,은주헤어,미용업,연무 골목형상점가,골목형상점가,경기도,,,
e9e339e589b6fec73741,full_annotation_v1,A,q_세탁_05,드라이클리닝,생활서비스 중 '세탁'을 판매·제공하는 매장,train,세탁,T5 서비스,bff8bc04-7570-4272-8865-274f6b83d28d,팡팡크리닝,세탁크리닝,효덕마을 골목형상점가,골목형상점가,광주광역시,,,
3576d376baf2f46fcaa8,full_annotation_v1,A,q_세탁_05,드라이클리닝,생활서비스 중 '세탁'을 판매·제공하는 매장,train,세탁,T5 서비스,5987bfef-f03c-4209-ab16-ae9e8100d59b,리얼클린족욕,죽염 효소 엣센스 드라이기,임방울거리1구역 골목형상점가,골목형상점가,광주광역시,,,
95a6247c1aa398359bd5,full_annotation_v1,A,q_세탁_05,드라이클리닝,생활서비스 중 '세탁'을 판매·제공하는 매장,train,세탁,T5 서비스,93f83d89-cb3d-4fda-affa-12a122595a39,할매칼국수식당,한식,물베기 골목형상점가,골목형상점가,대구광역시,,,
ab5fa156cc6ea558a7c7,full_annotation_v1,A,q_세탁_05,드라이클리닝,생활서비스 중 '세탁'을 판매·제공하는 매장,train,세탁,T5 서비스,23195b04-6706-40fa-9ee7-86902cb1e1d2,드라이하우스,의류세탁,풍암순환로상인회 골목형상점가,골목형상점가,광주광역시,,,
9a2e0e519a9758a26a63,full_annotation_v1,A,q_세탁_05,드라이클리닝,생활서비스 중 '세탁'을 판매·제공하는 매장,train,세탁,T5 서비스,cacc4fed-a044-4d75-afab-9d6bb7777b39,프라브,,동산상가,전통시장,대구광역시,,,
0adde4503e06c0553a16,full_annotation_v1,A,q_세탁_05,드라이클리닝,생활서비스 중 '세탁'을 판매·제공하는 매장,train,세탁,T5 서비스,0056f4f0-208d-4d7c-996c-9e6526fea6cf,한일침구,침구,목포원도심상점가,자율상권구역,전라남도,,,
0fc72e5474c64b6ae11c,full_annotation_v1,A,q_세탁_05,드라이클리닝,생활서비스 중 '세탁'을 판매·제공하는 매장,train,세탁,T5 서비스,380a8b1e-eb7c-4694-a6a9-374beba08d7d,영화상회,드라이기 면도기 계산기 건전지 후레쉬,부산국제시장,전통시장,부산광역시,,,
6e5eb68079816ffd36af,full_annotation_v1,A,q_세탁_05,드라이클리닝,생활서비스 중 '세탁'을 판매·제공하는 매장,train,세탁,T5 서비스,020914cd-8086-4fad-ab39-bbae265d6a60,양진이불,침구,경주성동공설시장,전통시장,경상북도,,,
1725b7cd9ef1cdbfb5a3,full_annotation_v1,A,q_세탁_05,드라이클리닝,생활서비스 중 '세탁'을 판매·제공하는 매장,train,세탁,T5 서비스,4649b236-c5c9-4bab-82a7-b067b99cd09a,드라이하우스 도산점,세탁,임방울거리1구역 골목형상점가,골목형상점가,광주광역시,,,
8cd1068273990fd8c685,full_annotation_v1,A,q_세탁_05,드라이클리닝,생활서비스 중 '세탁'을 판매·제공하는 매장,train,세탁,T5 서비스,a24a441c-111e-46f4-a1a7-0cfb07b522d2,진유한의원,한방의료서비스,삼익사거리 골목형상점가,골목형상점가,광주광역시,,,
79ae468c0b68f99019ae,full_annotation_v1,A,q_세탁_05,드라이클리닝,생활서비스 중 '세탁'을 판매·제공하는 매장,train,세탁,T5 서비스,f86f65af-5887-4619-bade-e58232a48d40,전주드라이크리닝,세탁,전주중산공원 골목형상점가,골목형상점가,전북특별자치도,,,
1ed25b34082b0b20e318,full_annotation_v1,A,q_세탁_05,드라이클리닝,생활서비스 중 '세탁'을 판매·제공하는 매장,train,세탁,T5 서비스,eaea845e-0369-45aa-bb94-fccf6b069a54,드라이하우스성덕,세탁물공급,장덕로 골목형상점가,골목형상점가,광주광역시,,,
a7e515fcdf4c682fe4ea,full_annotation_v1,A,q_세탁_05,드라이클리닝,생활서비스 중 '세탁'을 판매·제공하는 매장,train,세탁,T5 서비스,5d86a1f1-f773-4a84-806a-d69e42681ae1,드라이하우스,세탁중개,화정로상인회 골목형상점가,골목형상점가,광주광역시,,,
11f6f3f4b357be09a6bd,full_annotation_v1,A,q_세탁_05,드라이클리닝,생활서비스 중 '세탁'을 판매·제공하는 매장,train,세탁,T5 서비스,f6e9536f-6c9a-4e3e-b162-f6dee488f067,드라이 하우스,드라이,화정로상가상인회 골목형상점가,골목형상점가,광주광역시,,,
bebee24d4af955134064,full_annotation_v1,A,q_세탁_05,드라이클리닝,생활서비스 중 '세탁'을 판매·제공하는 매장,train,세탁,T5 서비스,e3d516bd-1965-425b-84a5-2a933cd15140,해피아가방,의류,부산진시장,전통시장,부산광역시,,,
63494ea631c6821683f6,full_annotation_v1,A,q_세탁_05,드라이클리닝,생활서비스 중 '세탁'을 판매·제공하는 매장,train,세탁,T5 서비스,1eab6a9e-6541-4efc-af35-7ebe9237c255,드림크리닝,세탁,소촌모아드림,골목형상점가,광주광역시,,,
23e4a732e8daddbc7499,full_annotation_v1,A,q_세탁_05,드라이클리닝,생활서비스 중 '세탁'을 판매·제공하는 매장,train,세탁,T5 서비스,2011eb86-a3db-423b-83cc-648f6178a124,드라이하우스 주월점,세탁물,주월1동회재로 골목형상점가,골목형상점가,광주광역시,,,
e3f8f4787b26080610fb,full_annotation_v1,A,q_세탁_05,드라이클리닝,생활서비스 중 '세탁'을 판매·제공하는 매장,train,세탁,T5 서비스,ddcbf332-c5c5-439e-abd3-e95c657016c1,데샤이스튜디오,블라우스셔츠니트,양평물맑은시장,전통시장,경기도,,,
5487dee4d6d99415dec3,full_annotation_v1,A,q_세탁_05,드라이클리닝,생활서비스 중 '세탁'을 판매·제공하는 매장,train,세탁,T5 서비스,f6a9b970-9f31-435a-9e8d-a9f636b78243,골든츄리닝,의류,중앙로 지하상가 상점가,일반지하상점가,대전광역시,,,
50875666e1dd49b98e5e,full_annotation_v1,A,q_세탁_05,드라이클리닝,생활서비스 중 '세탁'을 판매·제공하는 매장,train,세탁,T5 서비스,00c164d0-76c7-4e7a-9676-ecfdbb052077,크린토피아신창점,세탁,신창수문 골목형상점가,골목형상점가,광주광역시,,,
1235c869be7f6bb79c7a,full_annotation_v1,A,q_세탁_05,드라이클리닝,생활서비스 중 '세탁'을 판매·제공하는 매장,train,세탁,T5 서비스,e574f4d9-aa4e-4ffb-aa59-91a4ea1ff0b2,대전식당,한식점업,홍도동 상점가,자율상권구역,대전광역시,,,
8562be289c6112e3c4c4,full_annotation_v1,A,q_세탁_05,드라이클리닝,생활서비스 중 '세탁'을 판매·제공하는 매장,train,세탁,T5 서비스,88513eea-e482-4600-b26b-d8abfbb2c799,드림드라이크리닝,의류세탁,양산상생하는하서로 골목형상점가,골목형상점가,광주광역시,,,
dfa4d2aed3bac57b5fc7,full_annotation_v1,A,q_세탁_05,드라이클리닝,생활서비스 중 '세탁'을 판매·제공하는 매장,train,세탁,T5 서비스,fc213b8f-cf79-4bb9-b264-18c9820ca9dd,크린N크리닝,세탁,새호반 골목형상점가,골목형상점가,세종특별자치시,,,
e3e8bd9d7e6b73595b3a,full_annotation_v1,A,q_세탁_05,드라이클리닝,생활서비스 중 '세탁'을 판매·제공하는 매장,train,세탁,T5 서비스,20f3f3ce-006c-41e0-bf8a-a9b3ae2637f1,드라이하우스,세탁소,벽산블루밍 골목형상점가,골목형상점가,광주광역시,,,
1c6bd3679fda4115e666,full_annotation_v1,A,q_세탁_05,드라이클리닝,생활서비스 중 '세탁'을 판매·제공하는 매장,train,세탁,T5 서비스,1002cf89-9320-4eec-afab-b4ad6c679d64,주공세탁소,세탁 및 다림질 드라이클리닝,영천9단지 골목형상점가,골목형상점가,광주광역시,,,
fd257bcbf4b8f9f21eae,full_annotation_v1,A,q_세탁_06,이불 빨래 맡기는 곳,생활서비스 중 '세탁'을 판매·제공하는 매장,train,세탁,T5 서비스,0a7d19da-a3de-4791-a6b8-3a65ed717937,운동화빨래방,빨래,금호사랑 상인회 골목형상점가,골목형상점가,전라남도,,,
88ff7eeb98c3cea312cf,full_annotation_v1,A,q_세탁_06,이불 빨래 맡기는 곳,생활서비스 중 '세탁'을 판매·제공하는 매장,train,세탁,T5 서비스,2e69c2dc-3df0-4109-964d-1ff67632f08c,까까,과자,김해 외동전통시장,전통시장,경상남도,,,
36c2f0751dd139cae250,full_annotation_v1,A,q_세탁_06,이불 빨래 맡기는 곳,생활서비스 중 '세탁'을 판매·제공하는 매장,train,세탁,T5 서비스,5dc92951-6107-4307-b077-91066beae305,이불공장,이불,하양꿈바우시장,전통시장,경상북도,,,
9a5c4c7d721486d3ea9b,full_annotation_v1,A,q_세탁_06,이불 빨래 맡기는 곳,생활서비스 중 '세탁'을 판매·제공하는 매장,train,세탁,T5 서비스,414ae9d9-178e-4e71-bc5a-20d46c8e8abc,은혜이불,이불,문창시장,전통시장,대전광역시,,,
d3e00d2926b81111bfbe,full_annotation_v1,A,q_세탁_06,이불 빨래 맡기는 곳,생활서비스 중 '세탁'을 판매·제공하는 매장,train,세탁,T5 서비스,05ff04e7-b24b-45bb-afe5-cc682fa9bbdd,샘머리세탁소,세탁,샘머리 골목형상점가,골목형상점가,대전광역시,,,
010fdbe7eaa3e9f28ae4,full_annotation_v1,A,q_세탁_06,이불 빨래 맡기는 곳,생활서비스 중 '세탁'을 판매·제공하는 매장,train,세탁,T5 서비스,60bbd1e4-95e3-4a76-8192-b2836cda4c3d,서울상회,이불,진안시장(진안고원시장),전통시장,전북특별자치도,,,
fe2d3b865a8d99fb979e,full_annotation_v1,A,q_세탁_06,이불 빨래 맡기는 곳,생활서비스 중 '세탁'을 판매·제공하는 매장,train,세탁,T5 서비스,9af5feb3-3a79-4bb7-8d7b-04f8755bb236,엄마이불,이불,양동복개상가,전통시장,광주광역시,,,
f500175330d8acf58601,full_annotation_v1,A,q_세탁_06,이불 빨래 맡기는 곳,생활서비스 중 '세탁'을 판매·제공하는 매장,train,세탁,T5 서비스,99c3162c-3ac6-4f50-8622-02b04a5157f8,부성사,이불,문창동 보물찾(Chat)길 골목형상점가,골목형상점가,대전광역시,,,
07736904d51a32ebb110,full_annotation_v1,A,q_세탁_06,이불 빨래 맡기는 곳,생활서비스 중 '세탁'을 판매·제공하는 매장,train,세탁,T5 서비스,b61fa63c-5271-4295-91f5-78ba546dda90,형제랑이불,이불,양동복개상가,전통시장,광주광역시,,,
9cfeaea45d342f713924,full_annotation_v1,A,q_세탁_06,이불 빨래 맡기는 곳,생활서비스 중 '세탁'을 판매·제공하는 매장,train,세탁,T5 서비스,0c070458-933d-4b37-93e8-3933daa97cc2,신행상회,이불,김천중앙시장,전통시장,경상북도,,,
b00c61b03de1d258b70d,full_annotation_v1,A,q_세탁_06,이불 빨래 맡기는 곳,생활서비스 중 '세탁'을 판매·제공하는 매장,train,세탁,T5 서비스,c111ac9d-3f3a-405c-a8db-4d127ccda9e2,행복이 있는 곳,잡화,제주로얄쇼핑센터,자율상권구역,제주특별자치도,,,
57b66299d35c3a73338e,full_annotation_v1,A,q_세탁_06,이불 빨래 맡기는 곳,생활서비스 중 '세탁'을 판매·제공하는 매장,train,세탁,T5 서비스,ce6436ef-caf1-4781-9b02-342ded827d6e,서사라 이불,"이불, 침구류",서문공설시장,전통시장,제주특별자치도,,,
2a069ba03b7f8ca35952,full_annotation_v1,A,q_세탁_06,이불 빨래 맡기는 곳,생활서비스 중 '세탁'을 판매·제공하는 매장,train,세탁,T5 서비스,36605745-783b-45bf-80cf-aa23e5ef2d1f,해전이불,이불,양산 덕계종합상설시장,전통시장,경상남도,,,
26d6391fcfdb8a329d0a,full_annotation_v1,A,q_세탁_06,이불 빨래 맡기는 곳,생활서비스 중 '세탁'을 판매·제공하는 매장,train,세탁,T5 서비스,5f856f68-330e-468a-905b-6973e464efb7,이불장만,이불,춘천풍물시장,전통시장,강원특별자치도,,,
e54f97e5dc6aab7fb85d,full_annotation_v1,A,q_세탁_06,이불 빨래 맡기는 곳,생활서비스 중 '세탁'을 판매·제공하는 매장,train,세탁,T5 서비스,275e43f1-5f3c-48a2-8fc3-4b12c8f6d521,버블맨24셀프빨래방,빨래,동천동 상인회 골목형상점가,골목형상점가,광주광역시,,,
6ea956ea076779203312,full_annotation_v1,A,q_세탁_06,이불 빨래 맡기는 곳,생활서비스 중 '세탁'을 판매·제공하는 매장,train,세탁,T5 서비스,ec5588d5-5493-4de0-814e-e10f454eccc5,아르페지오,이불,익산매일시장,전통시장,전북특별자치도,,,
c6f9c3bb9b67303a51b0,full_annotation_v1,A,q_세탁_06,이불 빨래 맡기는 곳,생활서비스 중 '세탁'을 판매·제공하는 매장,train,세탁,T5 서비스,d618146d-7642-4b05-bb6f-5aef9c4cb92e,홈패션,이불,원미금강 상점가,자율상권구역,경기도,,,
add1cdc56e3680fe2fbb,full_annotation_v1,A,q_세탁_06,이불 빨래 맡기는 곳,생활서비스 중 '세탁'을 판매·제공하는 매장,train,세탁,T5 서비스,be323dfe-a2c3-41ac-9b5f-b9ce90c712c8,이브자리,이불,선비골전통시장,전통시장,경상북도,,,
a47cb1b79c1a6ca31d62,full_annotation_v1,A,q_세탁_06,이불 빨래 맡기는 곳,생활서비스 중 '세탁'을 판매·제공하는 매장,train,세탁,T5 서비스,df437b8c-6ddd-4b94-8d1b-c378d298f6a3,지족서점,서적,지족동 골목형상점가,골목형상점가,대전광역시,,,
13adbbcb57c85da91530,full_annotation_v1,A,q_세탁_06,이불 빨래 맡기는 곳,생활서비스 중 '세탁'을 판매·제공하는 매장,train,세탁,T5 서비스,310c9424-eac7-476a-9a67-c7c75fd071a1,이불,,부산진시장,전통시장,부산광역시,,,
09eb4a5bffe7d684ba17,full_annotation_v1,A,q_세탁_06,이불 빨래 맡기는 곳,생활서비스 중 '세탁'을 판매·제공하는 매장,train,세탁,T5 서비스,a1256432-37d6-439e-afd4-37b0ae0da356,이브자리,이불,목동깨비시장(구 목3동시장),전통시장,서울특별시,,,
20209ca6d7863d19770b,full_annotation_v1,A,q_세탁_06,이불 빨래 맡기는 곳,생활서비스 중 '세탁'을 판매·제공하는 매장,train,세탁,T5 서비스,5aed6e39-9cf3-4da2-a031-65e3477bf994,아르페지오,이불,산본로데오거리(구 산본중심상가),자율상권구역,경기도,,,
f33b02016bef35dc55e0,full_annotation_v1,A,q_세탁_06,이불 빨래 맡기는 곳,생활서비스 중 '세탁'을 판매·제공하는 매장,train,세탁,T5 서비스,aa590fe8-fc68-4e09-9012-10fd2bd3dae1,다니엘 이불,이불,"온양온천시장(온양재래시장, 전통시장)",전통시장,충청남도,,,
22f3121ed7fe6612c3e0,full_annotation_v1,A,q_세탁_06,이불 빨래 맡기는 곳,생활서비스 중 '세탁'을 판매·제공하는 매장,train,세탁,T5 서비스,173c4f05-ba1c-4cc8-9bce-c32997c05bce,영도이불,이불,군산공설시장,전통시장,전북특별자치도,,,
bd9609bb20394c52dc6e,full_annotation_v1,A,q_세탁_06,이불 빨래 맡기는 곳,생활서비스 중 '세탁'을 판매·제공하는 매장,train,세탁,T5 서비스,7622fb0f-557b-4641-8de9-e25082388cc2,동곡상회,이불,송정매일시장,전통시장,광주광역시,,,
5deedd6849810e0fad3d,full_annotation_v1,A,q_세탁_06,이불 빨래 맡기는 곳,생활서비스 중 '세탁'을 판매·제공하는 매장,train,세탁,T5 서비스,6fa9647d-cef1-4bed-b758-2cd57995d9fb,정우이불,이불,밀양 수산시장,전통시장,경상남도,,,
bb23ccb7cc209afa37c8,full_annotation_v1,A,q_세탁_06,이불 빨래 맡기는 곳,생활서비스 중 '세탁'을 판매·제공하는 매장,train,세탁,T5 서비스,0321fb2a-78bf-4ea9-961b-0a0e245b5863,세모누비,침구,정서진중앙시장(구 서구중앙시장),전통시장,인천광역시,,,
8535f241b203e23b51ff,full_annotation_v1,A,q_세탁_06,이불 빨래 맡기는 곳,생활서비스 중 '세탁'을 판매·제공하는 매장,train,세탁,T5 서비스,40aac2ef-c636-4b91-a1d1-061ffef5247c,삼화문구 지족점,문구용품,지족동 골목형상점가,골목형상점가,대전광역시,,,
def364dfe0dd70e62060,full_annotation_v1,A,q_세탁_06,이불 빨래 맡기는 곳,생활서비스 중 '세탁'을 판매·제공하는 매장,train,세탁,T5 서비스,871456dc-7da2-4db3-8ad4-cf75c984b2ad,예쁜이불,이불,현대 골목형상점가,골목형상점가,전라남도,,,
d840d36b14e59bee0935,full_annotation_v1,A,q_세탁_06,이불 빨래 맡기는 곳,생활서비스 중 '세탁'을 판매·제공하는 매장,train,세탁,T5 서비스,fbe141d6-9237-4877-ac13-60dd8bb1aeac,도담도담음악학원,음악학원,효천로 골목형상점가,골목형상점가,광주광역시,,,
1bc84f0f0f5f461e8f0a,full_annotation_v1,A,q_세탁_06,이불 빨래 맡기는 곳,생활서비스 중 '세탁'을 판매·제공하는 매장,train,세탁,T5 서비스,03342e1c-fb74-45a6-b4ef-6d50369c4ae6,요술램프,이불,창원 도계부부시장,전통시장,경상남도,,,
1f7e8575ed1f7219190a,full_annotation_v1,A,q_세탁_06,이불 빨래 맡기는 곳,생활서비스 중 '세탁'을 판매·제공하는 매장,train,세탁,T5 서비스,5c072cfc-4b45-448f-8092-4d29df353ad1,구피샵,소매업(화장품 및 잡화) 서비스업(미용실),정자시장,전통시장,경기도,,,
7398795aa7dd33d78f10,full_annotation_v1,A,q_세탁_06,이불 빨래 맡기는 곳,생활서비스 중 '세탁'을 판매·제공하는 매장,train,세탁,T5 서비스,0829fe47-f308-40f0-a247-23107e05e184,대원이불,이불,사가정시장,전통시장,서울특별시,,,
a471d633a14a8b86bb52,full_annotation_v1,A,q_세탁_06,이불 빨래 맡기는 곳,생활서비스 중 '세탁'을 판매·제공하는 매장,train,세탁,T5 서비스,76a3551b-dae4-4326-92cc-662015aedbfb,쉴 곳,한식,칠성로상점가,자율상권구역,제주특별자치도,,,
9db298fda54d97bdbb78,full_annotation_v1,A,q_세탁_06,이불 빨래 맡기는 곳,생활서비스 중 '세탁'을 판매·제공하는 매장,train,세탁,T5 서비스,549d6431-2cd5-49af-99a1-a60a7ff8eca1,행운방이불,이불,경주중앙시장,전통시장,경상북도,,,
a84d1accc5e1689204dc,full_annotation_v1,A,q_세탁_06,이불 빨래 맡기는 곳,생활서비스 중 '세탁'을 판매·제공하는 매장,train,세탁,T5 서비스,061414ea-9ec5-47e1-a943-e73f827799fb,현대수예사,옷감직물,중앙신시장,전통시장,경상북도,,,
191db3c0bd2b826a333b,full_annotation_v1,A,q_세탁_06,이불 빨래 맡기는 곳,생활서비스 중 '세탁'을 판매·제공하는 매장,train,세탁,T5 서비스,fa8608ae-7155-4e49-a3e4-6d7cfb04c48f,영풍이불,이불,중앙메가프라자,전통시장,대전광역시,,,
44df3e20bc77eebd798a,full_annotation_v1,A,q_세탁_06,이불 빨래 맡기는 곳,생활서비스 중 '세탁'을 판매·제공하는 매장,train,세탁,T5 서비스,7470b831-3dd2-4b0e-9de5-53da2296c5a6,삼우이불,이불,동부시장,전통시장,인천광역시,,,
41f779eecdc2b05fc46e,full_annotation_v1,A,q_세탁_06,이불 빨래 맡기는 곳,생활서비스 중 '세탁'을 판매·제공하는 매장,train,세탁,T5 서비스,fcf2d023-c5a8-488b-b727-097fbd6f605c,대우이불,이불,군산공설시장,전통시장,전북특별자치도,,,
ca4d54e9d0d3db0fc403,full_annotation_v1,A,q_세탁_06,이불 빨래 맡기는 곳,생활서비스 중 '세탁'을 판매·제공하는 매장,train,세탁,T5 서비스,1d4161ad-2480-444a-9628-cafef55d776a,연제장어,민물장어,연제동 골목형상점가,골목형상점가,광주광역시,,,
a0d8b1dc10397acfff36,full_annotation_v1,A,q_세탁_06,이불 빨래 맡기는 곳,생활서비스 중 '세탁'을 판매·제공하는 매장,train,세탁,T5 서비스,11b9c399-990c-448b-a915-1e2dd35258d5,우먼로드,이불,원미금강 상점가,자율상권구역,경기도,,,
410399eea687114bfb6a,full_annotation_v1,A,q_세탁_06,이불 빨래 맡기는 곳,생활서비스 중 '세탁'을 판매·제공하는 매장,train,세탁,T5 서비스,886e74c2-d15d-4142-bf01-acfd5eb1d6f5,아르페지오,이불,소반시장 골목형상점가,골목형상점가,부산광역시,,,
0ec2fdadede023ce1c77,full_annotation_v1,A,q_세탁_06,이불 빨래 맡기는 곳,생활서비스 중 '세탁'을 판매·제공하는 매장,train,세탁,T5 서비스,d5896cb3-59f2-4a0f-90cf-dffc4836d261,신양이불,이불,서문시장 제1지구2층(포목시장),전통시장,대구광역시,,,
ee8490dfb691c20086cc,full_annotation_v1,A,q_세탁_06,이불 빨래 맡기는 곳,생활서비스 중 '세탁'을 판매·제공하는 매장,train,세탁,T5 서비스,a21dafbc-1d1c-4a1f-b5e4-ac57b3a5623b,대명이불,이불,창원 상남시장,전통시장,경상남도,,,
c98457c2fc38c5c43b71,full_annotation_v1,A,q_세탁_06,이불 빨래 맡기는 곳,생활서비스 중 '세탁'을 판매·제공하는 매장,train,세탁,T5 서비스,aca7a63b-fb6e-4f9e-ba04-1601ad6102af,새로나상회,이불,용현시장,전통시장,인천광역시,,,
f943eea7c49a468f085e,full_annotation_v1,A,q_세탁_06,이불 빨래 맡기는 곳,생활서비스 중 '세탁'을 판매·제공하는 매장,train,세탁,T5 서비스,020914cd-8086-4fad-ab39-bbae265d6a60,양진이불,침구,경주성동공설시장,전통시장,경상북도,,,
f5e47c404a3f2550bc2e,full_annotation_v1,A,q_세탁_06,이불 빨래 맡기는 곳,생활서비스 중 '세탁'을 판매·제공하는 매장,train,세탁,T5 서비스,60d3ec18-b3a9-4c76-9e33-082fa6186545,부림상회,이불,여수서시장주변시장,전통시장,전라남도,,,
d647c946061ebbc0bab3,full_annotation_v1,A,q_세탁_06,이불 빨래 맡기는 곳,생활서비스 중 '세탁'을 판매·제공하는 매장,train,세탁,T5 서비스,d24f5dbc-4207-4f7b-b4a2-52ad1645c0ee,화신침구,이불,대인시장,전통시장,광주광역시,,,
2f3d85b5cd2e5710b353,full_annotation_v1,A,q_세탁_06,이불 빨래 맡기는 곳,생활서비스 중 '세탁'을 판매·제공하는 매장,train,세탁,T5 서비스,fd1f2de0-f47e-4df2-8e23-8a97ba99e17d,핑크이불,이불,구미새마을중앙시장,전통시장,경상북도,,,
c87038e99664c0cad4be,full_annotation_v1,A,q_세탁_06,이불 빨래 맡기는 곳,생활서비스 중 '세탁'을 판매·제공하는 매장,train,세탁,T5 서비스,01c8223c-7693-4269-8de1-ef21d68577d4,신흥침구사,침구,중앙신시장,전통시장,경상북도,,,
69a8892eb36503d5b99b,full_annotation_v1,A,q_세탁_06,이불 빨래 맡기는 곳,생활서비스 중 '세탁'을 판매·제공하는 매장,train,세탁,T5 서비스,ae553b19-db0f-4366-bd17-950926b3bb51,한국이불,이불,부천자유시장,전통시장,경기도,,,
61015253764aa037b2de,full_annotation_v1,A,q_세탁_06,이불 빨래 맡기는 곳,생활서비스 중 '세탁'을 판매·제공하는 매장,train,세탁,T5 서비스,e2729fcb-b32c-4476-9030-30816464189a,아르페지오,이불,용호2동골목시장,기타,부산광역시,,,
9516e83d16f1b003ebcf,full_annotation_v1,A,q_세탁_06,이불 빨래 맡기는 곳,생활서비스 중 '세탁'을 판매·제공하는 매장,train,세탁,T5 서비스,7d8f2d67-f8dc-4e33-ba21-ab1537060ee8,한독이불,이불,송탄시장(송북시장),전통시장,경기도,,,
42067942d27fe553e1a6,full_annotation_v1,A,q_세탁_06,이불 빨래 맡기는 곳,생활서비스 중 '세탁'을 판매·제공하는 매장,train,세탁,T5 서비스,05291547-c22d-430e-95c2-e31bda19a90a,슈퍼타이 본점,세탁,월드시티상가 골목형상점가,골목형상점가,울산광역시,,,
7b633a33cf1b69ad5511,full_annotation_v1,A,q_세탁_06,이불 빨래 맡기는 곳,생활서비스 중 '세탁'을 판매·제공하는 매장,train,세탁,T5 서비스,7c3a6bb3-39e3-4c6a-a12e-a35a1bf8fb85,신앙촌상회,이불,선우시장,전통시장,울산광역시,,,
1c7ab85ca345da0e275a,full_annotation_v1,A,q_세탁_06,이불 빨래 맡기는 곳,생활서비스 중 '세탁'을 판매·제공하는 매장,train,세탁,T5 서비스,82bfa994-c84b-453c-8abf-8e499bcd1296,명남이불,이불,문막시장,전통시장,강원특별자치도,,,
142a107202a449287fba,full_annotation_v1,A,q_세탁_06,이불 빨래 맡기는 곳,생활서비스 중 '세탁'을 판매·제공하는 매장,train,세탁,T5 서비스,2743811c-5e71-4d2b-aa75-1b0147d44f2d,사우 꽃이 피는 곳,꽃,김포 풍년마을 골목형상점가,골목형상점가,경기도,,,
4b4bd39027e8d2ca2046,full_annotation_v1,A,q_세탁_06,이불 빨래 맡기는 곳,생활서비스 중 '세탁'을 판매·제공하는 매장,train,세탁,T5 서비스,dae378e8-13e9-49b9-983c-22462eefa870,팔도인삼,인삼,풍기인삼홍삼상점가,자율상권구역,경상북도,,,
1a966b27fc4c77d12bc5,full_annotation_v1,A,q_세탁_06,이불 빨래 맡기는 곳,생활서비스 중 '세탁'을 판매·제공하는 매장,train,세탁,T5 서비스,4c673cc5-b0dc-4d23-806d-c8d181d6a286,우먼로드,이불,주안시민지하도상점가,일반지하상점가,인천광역시,,,
fe7834926a2c6907d991,full_annotation_v1,A,q_세탁_06,이불 빨래 맡기는 곳,생활서비스 중 '세탁'을 판매·제공하는 매장,train,세탁,T5 서비스,996cde8f-8c52-44fe-a286-ef32a9f58e23,운동화 이불 빨래방,"운동화, 이불빨래",비아로 골목형상점가,골목형상점가,광주광역시,,,
527f0a6f09a40620221c,full_annotation_v1,A,q_세탁_06,이불 빨래 맡기는 곳,생활서비스 중 '세탁'을 판매·제공하는 매장,train,세탁,T5 서비스,f6645922-9c5b-4a65-a47a-e570093168c2,이브자리,이불,충장로45가 상점가,자율상권구역,광주광역시,,,
1581ead6228669377c97,full_annotation_v1,A,q_세탁_06,이불 빨래 맡기는 곳,생활서비스 중 '세탁'을 판매·제공하는 매장,train,세탁,T5 서비스,ec8ce93a-8b7f-46d4-bb89-2a0ebe1a5a5a,핑크이불,이불,마산 대동씨코아상가시장,전통시장,경상남도,,,
dbdce834028fdae0736f,full_annotation_v1,A,q_세탁_06,이불 빨래 맡기는 곳,생활서비스 중 '세탁'을 판매·제공하는 매장,train,세탁,T5 서비스,acd6c720-13fe-4271-9c30-388a83a2e102,영희한복,이불,뚝도시장,전통시장,서울특별시,,,
774e12f8647081dff8c0,full_annotation_v1,A,q_세탁_06,이불 빨래 맡기는 곳,생활서비스 중 '세탁'을 판매·제공하는 매장,train,세탁,T5 서비스,75cb857c-894b-48f0-a460-add42ef3f618,이불랑침구,이불,오산오색시장(구 오산중앙시장),전통시장,경기도,,,
9f1a835223abc423ca7c,full_annotation_v1,A,q_세탁_06,이불 빨래 맡기는 곳,생활서비스 중 '세탁'을 판매·제공하는 매장,train,세탁,T5 서비스,2b4ae478-1dba-4dd5-98d3-6d8de14bf28a,거북혼수,이불,거북시장,전통시장,인천광역시,,,
6247a5b1c5ad2849041b,full_annotation_v1,A,q_세탁_06,이불 빨래 맡기는 곳,생활서비스 중 '세탁'을 판매·제공하는 매장,train,세탁,T5 서비스,8fedd452-be84-447c-aa68-eb5395905e1f,세잔느,이불,부천자유시장,전통시장,경기도,,,
341073cdb2aea23f2437,full_annotation_v1,A,q_세탁_06,이불 빨래 맡기는 곳,생활서비스 중 '세탁'을 판매·제공하는 매장,train,세탁,T5 서비스,1c8cb171-a0f1-4b64-aea8-94c9bdb8feb3,패션이불,이불,동문시장㈜,전통시장,제주특별자치도,,,
a2d6f0d5680348b87df8,full_annotation_v1,A,q_세탁_06,이불 빨래 맡기는 곳,생활서비스 중 '세탁'을 판매·제공하는 매장,train,세탁,T5 서비스,14c6b7f2-e4e7-4c41-837b-c40f3977819a,우먼로드,이불,수유시장,전통시장,서울특별시,,,
c7f9f030e93d91e3e3f8,full_annotation_v1,A,q_세탁_06,이불 빨래 맡기는 곳,생활서비스 중 '세탁'을 판매·제공하는 매장,train,세탁,T5 서비스,baeeaa9d-2665-4d71-82ad-7e00e66a9a0b,세사리빙,이불,흥국상가,자율상권구역,전라남도,,,
455b10db5faa56873430,full_annotation_v1,A,q_세탁_06,이불 빨래 맡기는 곳,생활서비스 중 '세탁'을 판매·제공하는 매장,train,세탁,T5 서비스,31af6c1d-5b17-4460-8333-4ed19156929d,서울상회,이불,감전시장,전통시장,부산광역시,,,
6a9c477d59a2436bc69c,full_annotation_v1,A,q_세탁_06,이불 빨래 맡기는 곳,생활서비스 중 '세탁'을 판매·제공하는 매장,train,세탁,T5 서비스,c7a566b0-cbac-48ad-a220-2179af2c01ae,이브자리,이불,서문시장4지구종합대체상가(베네시움),전통시장,대구광역시,,,
03911f6e2970ccd99fb9,full_annotation_v1,A,q_세탁_06,이불 빨래 맡기는 곳,생활서비스 중 '세탁'을 판매·제공하는 매장,train,세탁,T5 서비스,cf116c04-37ec-475b-a55c-c565b2025e5f,팔도이불,이불,수영팔도시장(구 수영팔도상가시장),전통시장,부산광역시,,,
0e0982dc2dd33d656e72,full_annotation_v1,A,q_세탁_06,이불 빨래 맡기는 곳,생활서비스 중 '세탁'을 판매·제공하는 매장,train,세탁,T5 서비스,035b2c82-5e87-47dc-aedf-75253b965cf0,복음누비,침구,중앙시장,전통시장,인천광역시,,,
7309ad5aa5162bf12a68,full_annotation_v1,A,q_세탁_06,이불 빨래 맡기는 곳,생활서비스 중 '세탁'을 판매·제공하는 매장,train,세탁,T5 서비스,0f2429d4-7351-433b-9d97-7260d0225b63,서가앤헤어,두발미용,운암시장 주변 골목형상점가,골목형상점가,광주광역시,,,
0e4d853168a9c1f68fb4,full_annotation_v1,A,q_세탁_06,이불 빨래 맡기는 곳,생활서비스 중 '세탁'을 판매·제공하는 매장,train,세탁,T5 서비스,447806b6-8ef6-4722-82bd-372f6b99f492,국제종합장식,이불,영동전통시장,전통시장,충청북도,,,
dd71fdf14a48452a476e,full_annotation_v1,A,q_세탁_06,이불 빨래 맡기는 곳,생활서비스 중 '세탁'을 판매·제공하는 매장,train,세탁,T5 서비스,70811b6e-7893-40f2-8a72-76e1fc41ebe2,마춤이불,이불,마산 수남상가,전통시장,경상남도,,,
24bc9e3aa01c2f9f8ac0,full_annotation_v1,A,q_세탁_06,이불 빨래 맡기는 곳,생활서비스 중 '세탁'을 판매·제공하는 매장,train,세탁,T5 서비스,3541cf06-3cc1-4e09-928c-f290cfe20fa8,대구상회,이불,거창 전통시장,전통시장,경상남도,,,
f0158b1c018f334af360,full_annotation_v1,A,q_세탁_06,이불 빨래 맡기는 곳,생활서비스 중 '세탁'을 판매·제공하는 매장,train,세탁,T5 서비스,0eb187dc-1e99-4170-a6ed-e9dff3d21b6c,은혜이불,이불,문경중앙시장,전통시장,경상북도,,,
d697dddf338cd2e61165,full_annotation_v1,A,q_세탁_06,이불 빨래 맡기는 곳,생활서비스 중 '세탁'을 판매·제공하는 매장,train,세탁,T5 서비스,c1407821-27c2-49a7-ac38-9f2c1d43e743,신안이불,이불,신중앙시장,전통시장,대전광역시,,,
6248467014f3decca6c0,full_annotation_v1,A,q_세탁_06,이불 빨래 맡기는 곳,생활서비스 중 '세탁'을 판매·제공하는 매장,train,세탁,T5 서비스,d202b0fc-1b25-4c3b-88c4-ebd1f0d5c140,제일커텐. 이불,,장흥중앙로 골목형상점가,골목형상점가,,,,
9360a11d6dcc038da18f,full_annotation_v1,A,q_세탁_06,이불 빨래 맡기는 곳,생활서비스 중 '세탁'을 판매·제공하는 매장,train,세탁,T5 서비스,57a37fcc-91a4-45a1-91b9-c43052e58553,낙원떡집,떡집,김천평화시장,전통시장,경상북도,,,
6bfbc78a701ed11223a7,full_annotation_v1,A,q_세탁_06,이불 빨래 맡기는 곳,생활서비스 중 '세탁'을 판매·제공하는 매장,train,세탁,T5 서비스,24456103-f6b8-46af-8655-82e61d7265d8,커피가 머무르는 곳,커피,반드레길골목형상점가,골목형상점가,서울특별시,,,
7c27a92503b65e1811fe,full_annotation_v1,A,q_세탁_06,이불 빨래 맡기는 곳,생활서비스 중 '세탁'을 판매·제공하는 매장,train,세탁,T5 서비스,25b6ca34-0472-42f9-a1a5-34665c310fc4,아나이스,이불,노형1 골목형상점가,골목형상점가,제주특별자치도,,,
b2df21974e43959f91cb,full_annotation_v1,A,q_세탁_06,이불 빨래 맡기는 곳,생활서비스 중 '세탁'을 판매·제공하는 매장,train,세탁,T5 서비스,019c9868-92c6-4e25-b2ea-903f322c9acf,맡겨봐신발세탁,세탁,임동 골목형상점가,골목형상점가,광주광역시,,,
fc380fdedfe14b2b49f9,full_annotation_v1,A,q_세탁_06,이불 빨래 맡기는 곳,생활서비스 중 '세탁'을 판매·제공하는 매장,train,세탁,T5 서비스,063da78c-47d6-4cd4-a052-a7da91852460,아브라함세탁수선,"세탁, 수선",춘천서부시장,전통시장,강원특별자치도,,,
39bb6d400cac528bb40e,full_annotation_v1,A,q_세탁_06,이불 빨래 맡기는 곳,생활서비스 중 '세탁'을 판매·제공하는 매장,train,세탁,T5 서비스,30ac881c-3756-4aa0-8c03-afa7becdd8ac,차밍홈,이불,안성 전통 옛장터길 골목형상점가,골목형상점가,경기도,,,
9ac2bc162a3094b9c297,full_annotation_v1,A,q_세탁_06,이불 빨래 맡기는 곳,생활서비스 중 '세탁'을 판매·제공하는 매장,train,세탁,T5 서비스,b658c695-42d6-4166-9fd6-69b2acc3abe1,홍옥이불,이불,의정부제일시장,전통시장,경기도,,,
b6158f77c035459ed76e,full_annotation_v1,A,q_세탁_06,이불 빨래 맡기는 곳,생활서비스 중 '세탁'을 판매·제공하는 매장,train,세탁,T5 서비스,02149791-6e33-4077-a92d-4f7756bbaa40,잉꼬이불,이불,센트럴프라자,골목형상점가,울산광역시,,,
29a1a6bab2c2ebd6bafe,full_annotation_v1,A,q_세탁_06,이불 빨래 맡기는 곳,생활서비스 중 '세탁'을 판매·제공하는 매장,train,세탁,T5 서비스,ed81ddde-9af0-4779-8cd8-0e34356c2ce1,세사리빙,이불,길동복조리시장,전통시장,서울특별시,,,
6930e0971af37246824d,full_annotation_v1,A,q_세탁_06,이불 빨래 맡기는 곳,생활서비스 중 '세탁'을 판매·제공하는 매장,train,세탁,T5 서비스,d661b313-a594-4ac1-b0cd-73f971a86318,예림혼수,이불,신중앙시장,전통시장,대전광역시,,,
766590abc8715f2cdd1c,full_annotation_v1,A,q_세탁_06,이불 빨래 맡기는 곳,생활서비스 중 '세탁'을 판매·제공하는 매장,train,세탁,T5 서비스,88b1f06c-00f2-44f2-9386-314e1be0921f,제일상회,이불,대명여울빛거리시장,전통시장,서울특별시,,,
efd88fe075a7778b4d22,full_annotation_v1,A,q_세탁_06,이불 빨래 맡기는 곳,생활서비스 중 '세탁'을 판매·제공하는 매장,train,세탁,T5 서비스,40555502-0ca4-4f0a-89cc-2a68be4ac658,진보이불,이불,창원 지귀시장,전통시장,경상남도,,,
2f440d39ab50401311cc,full_annotation_v1,A,q_세탁_06,이불 빨래 맡기는 곳,생활서비스 중 '세탁'을 판매·제공하는 매장,train,세탁,T5 서비스,eebe2a61-8abd-4556-8d35-f58a5ff997dd,성도이불,이불,서문시장4지구종합대체상가(베네시움),전통시장,대구광역시,,,
76ec219ee38144e34ccf,full_annotation_v1,A,q_세탁_06,이불 빨래 맡기는 곳,생활서비스 중 '세탁'을 판매·제공하는 매장,train,세탁,T5 서비스,0056f4f0-208d-4d7c-996c-9e6526fea6cf,한일침구,침구,목포원도심상점가,자율상권구역,전라남도,,,
f67c8aa011b78f369caa,full_annotation_v1,A,q_세탁_06,이불 빨래 맡기는 곳,생활서비스 중 '세탁'을 판매·제공하는 매장,train,세탁,T5 서비스,f723630a-acf2-46ab-a65b-26fe7ad80e5c,이브자리,이불,남부골목시장,전통시장,서울특별시,,,
be52ffdf373055ad7a23,full_annotation_v1,A,q_세탁_06,이불 빨래 맡기는 곳,생활서비스 중 '세탁'을 판매·제공하는 매장,train,세탁,T5 서비스,ca3c6ecf-6e32-4419-9daa-a9a8ac4f1a02,알레르망,이불,남대문시장,전통시장,서울특별시,,,
7bc9a80844a1a9c8da75,full_annotation_v1,A,q_세탁_06,이불 빨래 맡기는 곳,생활서비스 중 '세탁'을 판매·제공하는 매장,train,세탁,T5 서비스,00c164d0-76c7-4e7a-9676-ecfdbb052077,크린토피아신창점,세탁,신창수문 골목형상점가,골목형상점가,광주광역시,,,
410af19013fe7ba1decd,full_annotation_v1,A,q_세탁_06,이불 빨래 맡기는 곳,생활서비스 중 '세탁'을 판매·제공하는 매장,train,세탁,T5 서비스,14056dac-abed-4b0b-a498-b2a70207a512,중앙상회,이불,태안동부시장(구 태안특산물전통시장),전통시장,충청남도,,,
5da9157ab0209a32c539,full_annotation_v1,A,q_세탁_06,이불 빨래 맡기는 곳,생활서비스 중 '세탁'을 판매·제공하는 매장,train,세탁,T5 서비스,b0f75e4b-f8e0-4c7e-8b49-4de19f7c8c44,우먼로드,이불,동울산종합시장,전통시장,울산광역시,,,
f84c3bad96248a03756c,full_annotation_v1,A,q_세탁_06,이불 빨래 맡기는 곳,생활서비스 중 '세탁'을 판매·제공하는 매장,train,세탁,T5 서비스,6e2ac68b-381b-4e15-9145-fe1693a4f06c,코인워시24빨래터,빨래,"우산주공1,2단지 골목형상점가",골목형상점가,광주광역시,,,
0b8e0fb2ff2c8a22fe11,full_annotation_v1,A,q_세탁_06,이불 빨래 맡기는 곳,생활서비스 중 '세탁'을 판매·제공하는 매장,train,세탁,T5 서비스,dfc5c005-040b-495b-9966-505a560f2474,대왕이불,이불,망원동월드컵시장,전통시장,서울특별시,,,
78ed69b22a43eeb4c551,full_annotation_v1,A,q_세탁_06,이불 빨래 맡기는 곳,생활서비스 중 '세탁'을 판매·제공하는 매장,train,세탁,T5 서비스,3c606ef0-1c7a-411e-ad13-c9584fbc9c76,미술정원이야기,미술교육,효천로 골목형상점가,골목형상점가,광주광역시,,,
bb14d0ac835a04d6ed3f,full_annotation_v1,A,q_세탁_06,이불 빨래 맡기는 곳,생활서비스 중 '세탁'을 판매·제공하는 매장,train,세탁,T5 서비스,49e2c4e3-327a-4a22-9b61-f02b59367ac4,이브자리,이불,진주 중앙시장,전통시장,경상남도,,,
930c4aae85eff8ea2982,full_annotation_v1,A,q_세탁_06,이불 빨래 맡기는 곳,생활서비스 중 '세탁'을 판매·제공하는 매장,train,세탁,T5 서비스,5c040c58-27f4-480c-9dce-9b4d9822455a,천사이불,이불,남부종합시장,전통시장,인천광역시,,,
baadea9d2ce224d80fda,full_annotation_v1,A,q_세탁_06,이불 빨래 맡기는 곳,생활서비스 중 '세탁'을 판매·제공하는 매장,train,세탁,T5 서비스,c93dd0a0-c9ca-40b6-a8a2-f4f51de8cfb4,에덴주단,이불,공주산성시장,전통시장,충청남도,,,
5d2f79ddc1738767aaa4,full_annotation_v1,A,q_세탁_06,이불 빨래 맡기는 곳,생활서비스 중 '세탁'을 판매·제공하는 매장,train,세탁,T5 서비스,399b9001-d943-4b2e-9c50-6822a88c4e4a,아르페지오,이불,조치원 전통길 골목형상점가,골목형상점가,세종특별자치시,,,
7e5aa152bb0bad9c1f4b,full_annotation_v1,A,q_세탁_06,이불 빨래 맡기는 곳,생활서비스 중 '세탁'을 판매·제공하는 매장,train,세탁,T5 서비스,6f6fb733-39d7-4714-b1b7-43c34017a345,알레르망,이불,안산다농마트전통시장,전통시장,경기도,,,
ca85b0e1ce3e84b08ad2,full_annotation_v1,A,q_세탁_06,이불 빨래 맡기는 곳,생활서비스 중 '세탁'을 판매·제공하는 매장,train,세탁,T5 서비스,fa243338-48c1-45ff-8788-bf5c192330ee,정아네칼국수,칼국수,창원 도계부부시장,전통시장,경상남도,,,
0ed96b2f7eb39bf6f662,full_annotation_v1,A,q_세탁_06,이불 빨래 맡기는 곳,생활서비스 중 '세탁'을 판매·제공하는 매장,train,세탁,T5 서비스,bf573816-30d5-4268-87f9-22e5824bcd62,무안이불마트,이불,밀양 무안시장,전통시장,경상남도,,,
37f8fd3da95c4d980461,full_annotation_v1,A,q_세탁_06,이불 빨래 맡기는 곳,생활서비스 중 '세탁'을 판매·제공하는 매장,train,세탁,T5 서비스,504c0bf7-9f11-4bc3-94d8-eeb93830cd46,포근한이불,이불,경산공설시장,전통시장,경상북도,,,
c169f5731d7189c0abc5,full_annotation_v1,A,q_세탁_06,이불 빨래 맡기는 곳,생활서비스 중 '세탁'을 판매·제공하는 매장,train,세탁,T5 서비스,1f119a00-ecda-41ab-90c3-95622ee83755,우먼로드,이불,석바위시장,전통시장,인천광역시,,,
418c6a455d56c646b192,full_annotation_v1,A,q_세탁_06,이불 빨래 맡기는 곳,생활서비스 중 '세탁'을 판매·제공하는 매장,train,세탁,T5 서비스,505754f0-ac77-49e9-9a9c-4b3ffac8bbe5,시몬이불,이불,창동신창시장,전통시장,서울특별시,,,
e57b0e1b8784867b98e1,full_annotation_v1,A,q_세탁_06,이불 빨래 맡기는 곳,생활서비스 중 '세탁'을 판매·제공하는 매장,train,세탁,T5 서비스,19220ba1-df95-4cbe-8f6b-2ead88996497,이브자리,이불,여주세종시장상점가,자율상권구역,경기도,,,
13b276adbc0e44232a58,full_annotation_v1,A,q_세탁_06,이불 빨래 맡기는 곳,생활서비스 중 '세탁'을 판매·제공하는 매장,train,세탁,T5 서비스,5c17d230-4e6e-45ec-8147-2132f530db9c,목화이불,이불,진안시장(진안고원시장),전통시장,전북특별자치도,,,
e437a53b717d3cc4568b,full_annotation_v1,A,q_세탁_06,이불 빨래 맡기는 곳,생활서비스 중 '세탁'을 판매·제공하는 매장,train,세탁,T5 서비스,1a167fc7-7653-4323-a74d-56cda6d03fc0,서울침구사,이불,아랫장,전통시장,전라남도,,,
e42b105f75711bbc63a8,full_annotation_v1,A,q_세탁_06,이불 빨래 맡기는 곳,생활서비스 중 '세탁'을 판매·제공하는 매장,train,세탁,T5 서비스,a56ed7a7-89bd-469c-bc24-39140980c658,미래푸드,농산물,서문시장2지구 종합상가,전통시장,대구광역시,,,
b9080f51be273643b956,full_annotation_v1,A,q_세탁_06,이불 빨래 맡기는 곳,생활서비스 중 '세탁'을 판매·제공하는 매장,train,세탁,T5 서비스,f8050b0a-0f61-4d0b-aa77-415d8da4200c,백양이불,이불,설악눈메골시장,전통시장,경기도,,,
6bde8014a45ca3a97531,full_annotation_v1,A,q_세탁_06,이불 빨래 맡기는 곳,생활서비스 중 '세탁'을 판매·제공하는 매장,train,세탁,T5 서비스,8b58a998-ef51-4544-b892-4096bda989be,유성침구,이불,장대동패션상가 골목형상점가,골목형상점가,대전광역시,,,
6aa5a90115f10a13c510,full_annotation_v1,A,q_세탁_06,이불 빨래 맡기는 곳,생활서비스 중 '세탁'을 판매·제공하는 매장,train,세탁,T5 서비스,1f47c1eb-bc8b-4e7b-bf29-58d60b9288b6,두리방,이불,대왕암 월봉시장,전통시장,울산광역시,,,
e1d51cd4031daa5551ef,full_annotation_v1,A,q_세탁_06,이불 빨래 맡기는 곳,생활서비스 중 '세탁'을 판매·제공하는 매장,train,세탁,T5 서비스,8655f9e4-c9a0-4411-9595-1b97e7ea18dc,신라전기철물,철물,성서와룡시장,전통시장,대구광역시,,,
53cf02593b2d6a4069e6,full_annotation_v1,A,q_세탁_06,이불 빨래 맡기는 곳,생활서비스 중 '세탁'을 판매·제공하는 매장,train,세탁,T5 서비스,26130dc8-f89b-478d-9c25-35fa1ffd444f,가나이불,이불,군산공설시장,전통시장,전북특별자치도,,,
aa975a76035e83e2c7e3,full_annotation_v1,A,q_세탁_06,이불 빨래 맡기는 곳,생활서비스 중 '세탁'을 판매·제공하는 매장,train,세탁,T5 서비스,19bd58ce-12ad-4621-b034-ffa545aa8a81,인데코,이불,의정부제일시장,전통시장,경기도,,,
8b4dedd4713a69067abd,full_annotation_v1,A,q_세탁_06,이불 빨래 맡기는 곳,생활서비스 중 '세탁'을 판매·제공하는 매장,train,세탁,T5 서비스,0ee8621c-1b73-4ff3-9bdb-382f2dda2f5f,화장품일번지,화장품,상주남성시장,전통시장,경상북도,,,
8a73ad7839f185110a83,full_annotation_v1,A,q_세탁_06,이불 빨래 맡기는 곳,생활서비스 중 '세탁'을 판매·제공하는 매장,train,세탁,T5 서비스,a07ff670-c264-4a61-925d-9f561036b07b,세사리빙,이불,정이있는 구포시장,전통시장,부산광역시,,,
26a1a57b0d9d754cd79c,full_annotation_v1,A,q_세탁_06,이불 빨래 맡기는 곳,생활서비스 중 '세탁'을 판매·제공하는 매장,train,세탁,T5 서비스,77c0922f-b94b-4392-91a5-8e4c7f895d08,경림혼수,이불,남부종합시장,전통시장,인천광역시,,,
67c5502e8b66304ea147,full_annotation_v1,A,q_세탁_06,이불 빨래 맡기는 곳,생활서비스 중 '세탁'을 판매·제공하는 매장,train,세탁,T5 서비스,1bdba918-d059-4779-8ee8-8eb959845968,부산상회,이불,부산진시장,전통시장,부산광역시,,,
1b0cc14617d547562725,full_annotation_v1,A,q_세탁_06,이불 빨래 맡기는 곳,생활서비스 중 '세탁'을 판매·제공하는 매장,train,세탁,T5 서비스,820f4134-5a96-43e1-9e9c-a7faae13c973,서울침구,이불,전주풍남문상점가,자율상권구역,전북특별자치도,,,
86d342198e6fe81ead98,full_annotation_v1,A,q_세탁_06,이불 빨래 맡기는 곳,생활서비스 중 '세탁'을 판매·제공하는 매장,train,세탁,T5 서비스,7bbdeeff-91dc-486f-9d0b-c0ac3687402e,오늘도커피,커피,태릉골목형상점가,골목형상점가,서울특별시,,,
2f25d7d156fbbdb4d3f1,full_annotation_v1,A,q_세탁_06,이불 빨래 맡기는 곳,생활서비스 중 '세탁'을 판매·제공하는 매장,train,세탁,T5 서비스,cbaa5934-030b-4251-ab20-e97a375bab5a,도환사,이불,수유시장,전통시장,서울특별시,,,
322bc9ecbb7e910745ef,full_annotation_v1,A,q_세탁_06,이불 빨래 맡기는 곳,생활서비스 중 '세탁'을 판매·제공하는 매장,train,세탁,T5 서비스,891fa54d-e30a-4c10-ab06-f9a947151bf8,중앙시장개풍이불,이불,경주중앙시장,전통시장,경상북도,,,
a6c1b381516adbde59ec,full_annotation_v1,A,q_세탁_06,이불 빨래 맡기는 곳,생활서비스 중 '세탁'을 판매·제공하는 매장,train,세탁,T5 서비스,dec2f7bf-3452-42bd-8eaf-eb2fa8fc167d,알레르망스토어,이불,진주 중앙상점가,자율상권구역,경상남도,,,
4c6f391d5e430e360177,full_annotation_v1,A,q_속옷_01,속옷,패션·잡화 중 '속옷'을 판매·제공하는 매장,test,속옷,T1 정확표기,b0541931-ec9d-4d4d-a05a-69f590ccb91a,하복,속옷,조암시장,전통시장,경기도,,,
7c758274bb0cbbb9a32e,full_annotation_v1,A,q_속옷_01,속옷,패션·잡화 중 '속옷'을 판매·제공하는 매장,test,속옷,T1 정확표기,01459610-611f-4516-aa05-19e8e4a11b6d,양평상회,내의,제천중앙시장,전통시장,충청북도,,,
186271945b8fca16c71f,full_annotation_v1,A,q_속옷_01,속옷,패션·잡화 중 '속옷'을 판매·제공하는 매장,test,속옷,T1 정확표기,fd7f3280-090e-4e00-8b0c-e6d2fbf3e056,서원BYC,속옷,안락오거리골목형상점가,골목형상점가,부산광역시,,,
d417f1b84cc65af86320,full_annotation_v1,A,q_속옷_01,속옷,패션·잡화 중 '속옷'을 판매·제공하는 매장,test,속옷,T1 정확표기,3ea29911-00a4-46b2-9e67-541972c207f2,속옷갑부,속옷,진해중앙시장,전통시장,경상남도,,,
a1d8794f85aca43b2969,full_annotation_v1,A,q_속옷_01,속옷,패션·잡화 중 '속옷'을 판매·제공하는 매장,test,속옷,T1 정확표기,965d7680-cca8-4933-80ca-fdb178c819aa,보디가드,속옷,영등포로타리지하도상점가,일반지하상점가,서울특별시,,,
ffeaff7578d171c42b98,full_annotation_v1,A,q_속옷_01,속옷,패션·잡화 중 '속옷'을 판매·제공하는 매장,test,속옷,T1 정확표기,fe46f1b7-0454-4f04-9859-48d776599515,이레속옷,속옷,원주남부시장,전통시장,강원특별자치도,,,
8b7fa173244bd112eb27,full_annotation_v1,A,q_속옷_01,속옷,패션·잡화 중 '속옷'을 판매·제공하는 매장,test,속옷,T1 정확표기,91ab09d4-4307-4846-a1be-324be1d63a71,쇼핑촌슈퍼아켓,잡화,조공시장,전통시장,경기도,,,
da27eff2f8d408d14883,full_annotation_v1,A,q_속옷_01,속옷,패션·잡화 중 '속옷'을 판매·제공하는 매장,test,속옷,T1 정확표기,b2a11dac-02b9-4f34-b171-8412fdaa37b3,조은속옷,속옷,익산황등시장,전통시장,전북특별자치도,,,
7ffa1e7cb453ef9e4385,full_annotation_v1,A,q_속옷_01,속옷,패션·잡화 중 '속옷'을 판매·제공하는 매장,test,속옷,T1 정확표기,8d3c913e-ad7c-487a-aa6e-4f7abfe8d1fe,창평한우암소고깃집,,슬로시티창평 골목형상점가,골목형상점가,전라남도,,,
a322b8a3b975a88b9144,full_annotation_v1,A,q_속옷_01,속옷,패션·잡화 중 '속옷'을 판매·제공하는 매장,test,속옷,T1 정확표기,119a7508-7a6c-4258-84bb-4fdab1d604c7,퀸,속옷,주안시민지하도상점가,일반지하상점가,인천광역시,,,
ace75c680e6348183eab,full_annotation_v1,A,q_속옷_01,속옷,패션·잡화 중 '속옷'을 판매·제공하는 매장,test,속옷,T1 정확표기,5788e525-0fb3-45ca-bd5d-4c89df35e4bd,알톤스포츠(문흥점),자전거,문흥2동 골목형상점가,골목형상점가,광주광역시,,,
e1ef292f1cd6e0616fe2,full_annotation_v1,A,q_속옷_01,속옷,패션·잡화 중 '속옷'을 판매·제공하는 매장,test,속옷,T1 정확표기,24444f88-ed44-496e-b82d-5ce7efec041e,트라이,속옷,광복지하도상가,일반지하상점가,부산광역시,,,
ee1fa26b5c5c9964955a,full_annotation_v1,A,q_속옷_01,속옷,패션·잡화 중 '속옷'을 판매·제공하는 매장,test,속옷,T1 정확표기,5907d367-abd8-4174-a39c-86971fbb42e6,대영상회,속옷,서부시장(서부재래시장),전통시장,충청남도,,,
700ca50a23746f73f2d9,full_annotation_v1,A,q_속옷_01,속옷,패션·잡화 중 '속옷'을 판매·제공하는 매장,test,속옷,T1 정확표기,3fe64530-6cb1-473f-a970-75110b3f1c78,비너스,속옷,유진상가,전통시장,서울특별시,,,
ab064e0729287a279c27,full_annotation_v1,A,q_속옷_01,속옷,패션·잡화 중 '속옷'을 판매·제공하는 매장,test,속옷,T1 정확표기,e7ae0967-e4d4-4ed7-9b1f-0923e141ae55,안경파크,안경,주안역지하도상점가,일반지하상점가,인천광역시,,,
d5383d0a9fed81020c5b,full_annotation_v1,A,q_속옷_01,속옷,패션·잡화 중 '속옷'을 판매·제공하는 매장,test,속옷,T1 정확표기,ade083f3-0c05-47db-90b7-ec9c030b54dd,다온케이스&필름,잡화,다산역 로데오 상점가,자율상권구역,경기도,,,
b478207e1c9d67984ea0,full_annotation_v1,A,q_속옷_01,속옷,패션·잡화 중 '속옷'을 판매·제공하는 매장,test,속옷,T1 정확표기,697b6746-041a-4ebc-962a-bfeb332d8cd2,신성상회,속옷,포항죽도시장,전통시장,경상북도,,,
a0363db9fc54286944aa,full_annotation_v1,A,q_속옷_01,속옷,패션·잡화 중 '속옷'을 판매·제공하는 매장,test,속옷,T1 정확표기,323ab694-eda0-42f5-8546-ed8e8436e7f7,트라이,속옷,충주자유시장,전통시장,충청북도,,,
8a5539f0aa961147c9d3,full_annotation_v1,A,q_속옷_01,속옷,패션·잡화 중 '속옷'을 판매·제공하는 매장,test,속옷,T1 정확표기,a80ab847-29e6-4193-a2e6-5ff236f5d81e,주식회사 스토리,,순천연향패션상가,자율상권구역,전라남도,,,
2d465540c5ef3021fe86,full_annotation_v1,A,q_속옷_01,속옷,패션·잡화 중 '속옷'을 판매·제공하는 매장,test,속옷,T1 정확표기,79238343-ca2f-40cd-8c16-80ccb8ddb3cc,속옷천국,속옷 의류,대남숨길 골목형상점가,골목형상점가,광주광역시,,,
571c7cbac2918772a7e9,full_annotation_v1,A,q_속옷_01,속옷,패션·잡화 중 '속옷'을 판매·제공하는 매장,test,속옷,T1 정확표기,205c7fd1-1297-4d1a-a8d0-e3b1bcd78ec1,BYC,속옷,계양산전통시장,전통시장,인천광역시,,,
b080b43db79379bddbd9,full_annotation_v1,A,q_속옷_01,속옷,패션·잡화 중 '속옷'을 판매·제공하는 매장,test,속옷,T1 정확표기,aae408d0-f777-44b4-a4d7-1752f11aad60,힘찬약국,의약품 밒 의료용품,"운남4,5단지 골목형상점가",골목형상점가,광주광역시,,,
032c2d4a836df317b64c,full_annotation_v1,A,q_속옷_01,속옷,패션·잡화 중 '속옷'을 판매·제공하는 매장,test,속옷,T1 정확표기,167cc900-3755-4886-9559-872eecf45a31,중앙메리야스,속옷,신장전통시장,전통시장,경기도,,,
10612a1434204c408c52,full_annotation_v1,A,q_속옷_01,속옷,패션·잡화 중 '속옷'을 판매·제공하는 매장,test,속옷,T1 정확표기,92805d3d-930d-44ec-8b00-986a2f9b20f2,리썬샵,속옷,금화로상인회 골목형상점가,골목형상점가,광주광역시,,,
65e2ffe9558fefa2d4a8,full_annotation_v1,A,q_속옷_01,속옷,패션·잡화 중 '속옷'을 판매·제공하는 매장,test,속옷,T1 정확표기,006c0196-bbe9-41db-b76c-01cc834078d8,BYC전문점당감점,속옷,당감골목시장,전통시장,부산광역시,,,
48595c3ace6860afd501,full_annotation_v1,A,q_속옷_01,속옷,패션·잡화 중 '속옷'을 판매·제공하는 매장,test,속옷,T1 정확표기,00660911-d1ad-4623-b1da-ec818e3dd2c8,하얀느낌,란제리 양말 속옷,한빛프라자 골목형상점가,골목형상점가,대전광역시,,,
e3c885dd159de3cc002b,full_annotation_v1,A,q_속옷_01,속옷,패션·잡화 중 '속옷'을 판매·제공하는 매장,test,속옷,T1 정확표기,f29b0299-a925-46e0-ada7-58a589e81ed0,뉴쌍방울,속옷,남원공설시장,전통시장,전북특별자치도,,,
505ea032726fe47db6e3,full_annotation_v1,A,q_속옷_01,속옷,패션·잡화 중 '속옷'을 판매·제공하는 매장,test,속옷,T1 정확표기,58ee598e-6eff-4fcc-8660-584bee8753b5,BYC,속옷,방신전통시장,전통시장,서울특별시,,,
388992de4e92c5b0cbd3,full_annotation_v1,A,q_속옷_01,속옷,패션·잡화 중 '속옷'을 판매·제공하는 매장,test,속옷,T1 정확표기,f0a09953-77b0-4b69-8e8f-777732cde9c3,익진상회,속옷,은행나무시장(구시흥중앙시장),전통시장,서울특별시,,,
06d96bcaf9434eb3afb8,full_annotation_v1,A,q_속옷_01,속옷,패션·잡화 중 '속옷'을 판매·제공하는 매장,test,속옷,T1 정확표기,00158f51-4d3a-4ac0-9e38-b37552f5e097,지지배,의류,나주금빛상점가,자율상권구역,전라남도,,,
a7a052e0dd18ab2cc0f9,full_annotation_v1,A,q_속옷_01,속옷,패션·잡화 중 '속옷'을 판매·제공하는 매장,test,속옷,T1 정확표기,dce3d2ca-3199-4669-b532-8714f29b90aa,남미사,속옷,남대문시장,전통시장,서울특별시,,,
2db145990ead4dc1adc9,full_annotation_v1,A,q_속옷_01,속옷,패션·잡화 중 '속옷'을 판매·제공하는 매장,test,속옷,T1 정확표기,4b86ced3-3fa6-4452-aa39-7d0ff12ba74d,이수,속옷,광명전통시장,전통시장,경기도,,,
c2fdf2692ff3a679d612,full_annotation_v1,A,q_속옷_01,속옷,패션·잡화 중 '속옷'을 판매·제공하는 매장,test,속옷,T1 정확표기,e0de1363-575f-45d9-aa74-b8ed5e88dab6,부부상회,속옷,금촌전통시장,전통시장,경기도,,,
c67249907e60ab14122d,full_annotation_v1,A,q_속옷_01,속옷,패션·잡화 중 '속옷'을 판매·제공하는 매장,test,속옷,T1 정확표기,0114f51c-6520-431d-85c7-c34ff7795c7e,브라운앤보그,,퀸덤3단지골목형상점가,골목형상점가,부산광역시,,,
f8f5b3e5116cfe908f24,full_annotation_v1,A,q_속옷_01,속옷,패션·잡화 중 '속옷'을 판매·제공하는 매장,test,속옷,T1 정확표기,a15ed170-a944-4b8f-b2f6-577be5be0b1f,영동양행,속옷,수원영동시장,전통시장,경기도,,,
0350f7a10414c3f1ba11,full_annotation_v1,A,q_속옷_01,속옷,패션·잡화 중 '속옷'을 판매·제공하는 매장,test,속옷,T1 정확표기,75373402-8e75-40bc-97d3-1c8261ccff6f,빠자빠,속옷,동산상가,전통시장,대구광역시,,,
d91556623a40696451d1,full_annotation_v1,A,q_속옷_01,속옷,패션·잡화 중 '속옷'을 판매·제공하는 매장,test,속옷,T1 정확표기,f3f03655-9578-44a5-961b-435e7684ec88,비너스성안직매장,속옷,성안길상점가,자율상권구역,충청북도,,,
545e97c6dbd5d7356222,full_annotation_v1,A,q_속옷_01,속옷,패션·잡화 중 '속옷'을 판매·제공하는 매장,test,속옷,T1 정확표기,cf4380b3-000a-4d93-9477-2addbf11afb0,BYC속옷,속옷,남구로시장,전통시장,서울특별시,,,
bf3a2c8db0bf04fddd21,full_annotation_v1,A,q_속옷_01,속옷,패션·잡화 중 '속옷'을 판매·제공하는 매장,test,속옷,T1 정확표기,08b8ee81-ce30-4c3a-b45f-954c749427c9,아리따움,속옷,인제시장,전통시장,강원특별자치도,,,
4d75a167ae60f2ebb991,full_annotation_v1,A,q_속옷_01,속옷,패션·잡화 중 '속옷'을 판매·제공하는 매장,test,속옷,T1 정확표기,eca76fc6-7b8f-4157-a305-23c7496c7f5c,영필상회,속옷,부산남문시장,전통시장,부산광역시,,,
84fa676ccf7f50cfb5e3,full_annotation_v1,A,q_속옷_01,속옷,패션·잡화 중 '속옷'을 판매·제공하는 매장,test,속옷,T1 정확표기,01638941-6206-4662-b5d9-0e2cae1a4133,하마유통,속옷,서구청먹자골목상인회 골목형상점가,골목형상점가,광주광역시,,,
2daac11ef19aa83a4ef4,full_annotation_v1,A,q_속옷_01,속옷,패션·잡화 중 '속옷'을 판매·제공하는 매장,test,속옷,T1 정확표기,01ca0e12-5e9f-4cc8-a090-1d2535c35fcb,중앙란제리,내의판매점,문경중앙시장,전통시장,경상북도,,,
3c505b9034a43f28b483,full_annotation_v1,A,q_속옷_01,속옷,패션·잡화 중 '속옷'을 판매·제공하는 매장,test,속옷,T1 정확표기,701f867e-d04a-4cdd-82e7-3841d75375bf,샤트렌,여성겉옷 소매,정서진중앙시장(구 서구중앙시장),전통시장,인천광역시,,,
55d8841081888b50e72e,full_annotation_v1,A,q_속옷_01,속옷,패션·잡화 중 '속옷'을 판매·제공하는 매장,test,속옷,T1 정확표기,cbacc8f8-35fe-47da-8b7a-2a06fc2033cb,BYC,속옷,호계공설시장,전통시장,울산광역시,,,
cbba87390147de0711d9,full_annotation_v1,A,q_속옷_01,속옷,패션·잡화 중 '속옷'을 판매·제공하는 매장,test,속옷,T1 정확표기,197f672d-4e18-400c-bfd5-7c4193a55369,BYC,속옷,평택통복시장,전통시장,경기도,,,
4965536ca38c67bbe9cd,full_annotation_v1,A,q_속옷_01,속옷,패션·잡화 중 '속옷'을 판매·제공하는 매장,test,속옷,T1 정확표기,d58a7b4c-84c5-4923-8555-0799900d2945,유니언더웨어,속옷,주막거리상점가,자율상권구역,경기도,,,
339235e488779230b182,full_annotation_v1,A,q_속옷_01,속옷,패션·잡화 중 '속옷'을 판매·제공하는 매장,test,속옷,T1 정확표기,0a2b55d0-03da-4657-907b-758f53bdbe60,효제브라이덜(Hyoje Bridal),,대봉동 대백 골목형상점가,골목형상점가,대구광역시,,,
efcc97d94111c6480df0,full_annotation_v1,A,q_속옷_01,속옷,패션·잡화 중 '속옷'을 판매·제공하는 매장,test,속옷,T1 정확표기,0ff87ed4-c7b1-4b2b-aff8-11b549f0a33e,토리,속옷,서문시장건해산물상가,전통시장,대구광역시,,,
a7d8b1d5fa5ffa2a778b,full_annotation_v1,A,q_속옷_01,속옷,패션·잡화 중 '속옷'을 판매·제공하는 매장,test,속옷,T1 정확표기,d064b8cf-9f14-4504-9924-9af98d7273cd,현이네명품구제,의류신발가방악세사리,방신전통시장,전통시장,서울특별시,,,
46a1e721b05980a32c43,full_annotation_v1,A,q_속옷_01,속옷,패션·잡화 중 '속옷'을 판매·제공하는 매장,test,속옷,T1 정확표기,7995311d-ab69-4005-b1fc-cd471de0245c,믿음상회,속옷,중앙시장,전통시장,인천광역시,,,
7d6b9f480a37aa6a2ee5,full_annotation_v1,A,q_속옷_01,속옷,패션·잡화 중 '속옷'을 판매·제공하는 매장,test,속옷,T1 정확표기,3c679feb-e600-4adb-8ee6-77130d60ea13,속옷세상,속옷,상원시장,전통시장,대구광역시,,,
f7234ea64ab33fdd6615,full_annotation_v1,A,q_속옷_01,속옷,패션·잡화 중 '속옷'을 판매·제공하는 매장,test,속옷,T1 정확표기,43e92e6f-71b6-489d-b94f-9decbd52bf50,언민사,속옷,부평깡통시장(구 부산부평시장),전통시장,부산광역시,,,
9312f3b14ebaf002f6a7,full_annotation_v1,A,q_속옷_01,속옷,패션·잡화 중 '속옷'을 판매·제공하는 매장,test,속옷,T1 정확표기,002213bf-7f70-4e62-8df9-0c11e9f4d38d,에띠임,속옷,목포원도심상점가,자율상권구역,전라남도,,,
0508b498f0f75b12c423,full_annotation_v1,A,q_속옷_01,속옷,패션·잡화 중 '속옷'을 판매·제공하는 매장,test,속옷,T1 정확표기,8b47ff95-9902-48d5-a6f9-3cfbfbf23837,착한속옷,속옷,노은역 골목형상점가,골목형상점가,대전광역시,,,
ba907b3b769bbafe9a6a,full_annotation_v1,A,q_속옷_01,속옷,패션·잡화 중 '속옷'을 판매·제공하는 매장,test,속옷,T1 정확표기,b17be00b-c03c-4707-bd16-68e925afea5a,속옷스토리,속옷 의류,효덕마을 골목형상점가,골목형상점가,광주광역시,,,
57e81df841eecc405e26,full_annotation_v1,A,q_속옷_01,속옷,패션·잡화 중 '속옷'을 판매·제공하는 매장,test,속옷,T1 정확표기,f411e128-a8c0-4799-8ab0-5775230078bf,현아상회,속옷,안성맞춤시장,전통시장,경기도,,,
6c585d149c36baac7724,full_annotation_v1,A,q_속옷_01,속옷,패션·잡화 중 '속옷'을 판매·제공하는 매장,test,속옷,T1 정확표기,002fded9-56a2-42e6-ad4e-06dab5ab6c83,못골메리야스,내의류,못골골목시장,전통시장,부산광역시,,,
75a78ddca9614179d9ea,full_annotation_v1,A,q_속옷_01,속옷,패션·잡화 중 '속옷'을 판매·제공하는 매장,test,속옷,T1 정확표기,b79e61a4-2266-4ba7-8220-591934a746d2,놀뫼쌍방울,속옷,논산화지중앙시장,전통시장,충청남도,,,
8565016d2efc888b07a4,full_annotation_v1,A,q_속옷_01,속옷,패션·잡화 중 '속옷'을 판매·제공하는 매장,test,속옷,T1 정확표기,00054f1d-4cae-4345-9975-1423bc49e4dc,착한아이들,의류,중앙전통시장,전통시장,울산광역시,,,
5d764197a1ee10f6b221,full_annotation_v1,A,q_속옷_01,속옷,패션·잡화 중 '속옷'을 판매·제공하는 매장,test,속옷,T1 정확표기,e2b7feea-c2a9-4bf0-9989-82825114ca16,경산럭셔리,속옷,경산중앙로상점가,자율상권구역,경상북도,,,
d78528ac01ca97e96ebf,full_annotation_v1,A,q_속옷_01,속옷,패션·잡화 중 '속옷'을 판매·제공하는 매장,test,속옷,T1 정확표기,df1878fd-2ca4-4a1c-b989-18a316cbf355,게스언더웨어,속옷,서면지하도상가 서면몰(대현프리몰),일반지하상점가,부산광역시,,,
17557df2fee1bdffd671,full_annotation_v1,A,q_속옷_01,속옷,패션·잡화 중 '속옷'을 판매·제공하는 매장,test,속옷,T1 정확표기,4c80a596-aa21-44aa-9275-b69ad02bea1b,BYC중앙점,속옷,순천중앙시장,전통시장,전라남도,,,
2738405d59ddb0cdcda5,full_annotation_v1,A,q_속옷_01,속옷,패션·잡화 중 '속옷'을 판매·제공하는 매장,test,속옷,T1 정확표기,00172c94-61f0-4197-afeb-d7e8187c79b5,옷이예쁘다,의류,메트로센터(반월당지하쇼핑),일반지하상점가,대구광역시,,,
4abb1a71afafc6aebf0c,full_annotation_v1,A,q_속옷_01,속옷,패션·잡화 중 '속옷'을 판매·제공하는 매장,test,속옷,T1 정확표기,0144c6bd-f905-4ee2-9acf-1d86a5327a86,승리상회,"일반내의, 양말",두류종합시장,전통시장,대구광역시,,,
f76f3dd2e804dc8c8cd4,full_annotation_v1,A,q_속옷_01,속옷,패션·잡화 중 '속옷'을 판매·제공하는 매장,test,속옷,T1 정확표기,022eed00-e4e9-46d1-b6ea-3b9ff6e46458,동아양말,양말,㈜르네시떼,전통시장,부산광역시,,,
2516186cb05ba4e58f4b,full_annotation_v1,A,q_속옷_01,속옷,패션·잡화 중 '속옷'을 판매·제공하는 매장,test,속옷,T1 정확표기,216eadf6-307d-45fb-950e-23bf47569255,소촌동이야기,"회, 치킨",소촌골 골목형상점가,골목형상점가,광주광역시,,,
097dc133fb0e4be1bc0d,full_annotation_v1,A,q_속옷_01,속옷,패션·잡화 중 '속옷'을 판매·제공하는 매장,test,속옷,T1 정확표기,c91ac333-510d-43fa-9574-4bb29fba2d8d,무지개세탁소,세탁소,송천동1가 골목형상점가,골목형상점가,전북특별자치도,,,
0a24fdf2d7834ec60bc9,full_annotation_v1,A,q_속옷_01,속옷,패션·잡화 중 '속옷'을 판매·제공하는 매장,test,속옷,T1 정확표기,83ae4f3d-730e-425f-88f6-5a50345e1232,씨유백현카페거리점,도매및소매업(편의점),성남백현카페문화거리,골목형상점가,경기도,,,
ea9449354e53e06d21f1,full_annotation_v1,A,q_속옷_01,속옷,패션·잡화 중 '속옷'을 판매·제공하는 매장,test,속옷,T1 정확표기,dff5274f-9aee-4b0e-9f3c-4ff1004ce9b0,비너스,속옷,거제 능포 골목형상점가,골목형상점가,경상남도,,,
fb3b4109efe92f95c544,full_annotation_v1,A,q_속옷_01,속옷,패션·잡화 중 '속옷'을 판매·제공하는 매장,test,속옷,T1 정확표기,a74414b0-6955-4ff4-8239-0fe90d0815ec,트라이,속옷,신탄진시장,전통시장,대전광역시,,,
128b91c5d1c068e859f1,full_annotation_v1,A,q_속옷_01,속옷,패션·잡화 중 '속옷'을 판매·제공하는 매장,test,속옷,T1 정확표기,4b7287e6-73b5-4b52-a9fd-bf1b0c03d0a6,형제상회,속옷,관문상가시장,전통시장,대구광역시,,,
95d25fcd836ee2a36054,full_annotation_v1,A,q_속옷_01,속옷,패션·잡화 중 '속옷'을 판매·제공하는 매장,test,속옷,T1 정확표기,951c51c5-5c01-42ca-9390-f6076049a40c,보디가드,속옷,방배역먹자골목 골목형상점가,골목형상점가,서울특별시,,,
4aba386308b438bcf253,full_annotation_v1,A,q_속옷_01,속옷,패션·잡화 중 '속옷'을 판매·제공하는 매장,test,속옷,T1 정확표기,0ed51232-b0e1-4727-a8c1-7faa47770f38,속옷나라,속옷,화정로상인회 골목형상점가,골목형상점가,광주광역시,,,
9a3879e276fa38101120,full_annotation_v1,A,q_속옷_01,속옷,패션·잡화 중 '속옷'을 판매·제공하는 매장,test,속옷,T1 정확표기,07de5ee5-20cd-4a5c-b82c-6e1ca1476595,속옷종합란제리,속옷,관악신사시장,전통시장,서울특별시,,,
dd4f4ac9dc295bf03753,full_annotation_v1,A,q_속옷_01,속옷,패션·잡화 중 '속옷'을 판매·제공하는 매장,test,속옷,T1 정확표기,74d30b41-9a98-4da4-a92d-31bad22a7084,믿음상회,속옷,의정부제일시장,전통시장,경기도,,,
79ef14463a5dd3407c43,full_annotation_v1,A,q_속옷_01,속옷,패션·잡화 중 '속옷'을 판매·제공하는 매장,test,속옷,T1 정확표기,adec23e8-e087-4860-bf60-35411d925246,옥희란제리,속옷,㈜여수중앙시장,전통시장,전라남도,,,
83f60fd04f9321c63040,full_annotation_v1,A,q_속옷_01,속옷,패션·잡화 중 '속옷'을 판매·제공하는 매장,test,속옷,T1 정확표기,a72ddf7e-be89-4d35-9cf3-26982cc7db4b,대상BYC,속옷,마천시장,전통시장,서울특별시,,,
f1c7f09a41634e9f11c9,full_annotation_v1,A,q_속옷_01,속옷,패션·잡화 중 '속옷'을 판매·제공하는 매장,test,속옷,T1 정확표기,b71cda97-4495-4eba-8b37-1fac42647c4b,새신일사,속옷,서문시장2지구 종합상가,전통시장,대구광역시,,,
0258a8a012b649008fdd,full_annotation_v1,A,q_속옷_01,속옷,패션·잡화 중 '속옷'을 판매·제공하는 매장,test,속옷,T1 정확표기,f15cdffb-d150-4527-8307-7133b95cdd28,보디가드,속옷,가경터미널시장,전통시장,충청북도,,,
c12493a002d91f0c2d21,full_annotation_v1,A,q_속옷_01,속옷,패션·잡화 중 '속옷'을 판매·제공하는 매장,test,속옷,T1 정확표기,a9feab6f-81c6-4cbe-abb7-13fc315ac93d,올리브,속옷,부평깡통시장(구 부산부평시장),전통시장,부산광역시,,,
809eb1882e03a9555a15,full_annotation_v1,A,q_속옷_01,속옷,패션·잡화 중 '속옷'을 판매·제공하는 매장,test,속옷,T1 정확표기,1d882ec7-2e46-4f96-a422-57b87956b556,화신상회,속옷,대전중앙활성화구역,상권활성화구역,대전광역시,,,
08dc0b2ef73b699035b7,full_annotation_v1,A,q_속옷_01,속옷,패션·잡화 중 '속옷'을 판매·제공하는 매장,test,속옷,T1 정확표기,0b2de4e7-0eea-42cd-aafe-aa8aa298ac82,꾸브라꼬 숯불치킨 첨단점,,첨단아미 골목형상점가,골목형상점가,,,,
eaa14138be4efb1a9c5e,full_annotation_v1,A,q_속옷_01,속옷,패션·잡화 중 '속옷'을 판매·제공하는 매장,test,속옷,T1 정확표기,8474bfdc-2277-4a45-9568-0438bd0b22d1,비비,속옷,주안역지하도상점가,일반지하상점가,인천광역시,,,
1b16b099863747ecf4a7,full_annotation_v1,A,q_속옷_01,속옷,패션·잡화 중 '속옷'을 판매·제공하는 매장,test,속옷,T1 정확표기,35068fd0-1ed8-4d85-979c-22fd3423f6d8,속옷여행,속옷,진주 새서부시장,전통시장,경상남도,,,
5511d59e64e071b19d70,full_annotation_v1,A,q_속옷_01,속옷,패션·잡화 중 '속옷'을 판매·제공하는 매장,test,속옷,T1 정확표기,c63e4f75-09f0-4e3b-84af-e8240f30424f,속옷나라,속옷,무안읍중심상가상점가,자율상권구역,전라남도,,,
a16a3060764ae24f81ee,full_annotation_v1,A,q_속옷_01,속옷,패션·잡화 중 '속옷'을 판매·제공하는 매장,test,속옷,T1 정확표기,a8fbfcc3-dea3-4b84-b12c-7ad89e4be9d0,맘스속옷,속옷,의왕가구거리 골목형상점가,골목형상점가,경기도,,,
09b4fcb45d860095b603,full_annotation_v1,A,q_속옷_01,속옷,패션·잡화 중 '속옷'을 판매·제공하는 매장,test,속옷,T1 정확표기,8b036004-f92a-4dcb-bdff-2651fd4ab13b,인사이드,속옷,증평군 중앙로 골목형상점가,골목형상점가,충청북도,,,
e7c3576d5003d70bd0a8,full_annotation_v1,A,q_속옷_01,속옷,패션·잡화 중 '속옷'을 판매·제공하는 매장,test,속옷,T1 정확표기,4639faad-8473-4364-a40c-cc4b139af350,트라이,속옷,여주한글시장(여주중앙로상점가),전통시장,경기도,,,
bb6c4204461fe9597de7,full_annotation_v1,A,q_속옷_01,속옷,패션·잡화 중 '속옷'을 판매·제공하는 매장,test,속옷,T1 정확표기,3e42781d-593b-44af-9662-fc868dbd97f8,비너스,속옷,진천중앙시장,전통시장,충청북도,,,
086b1599b648dd30cb82,full_annotation_v1,A,q_속옷_01,속옷,패션·잡화 중 '속옷'을 판매·제공하는 매장,test,속옷,T1 정확표기,9aa0d00b-f867-4b06-ac3f-d70a7d77a65a,속옷백화점,속옷,정읍우암로상점가,자율상권구역,전북특별자치도,,,
a963edfa87571706d69e,full_annotation_v1,A,q_속옷_01,속옷,패션·잡화 중 '속옷'을 판매·제공하는 매장,test,속옷,T1 정확표기,3111a852-d694-4bc8-90a6-934aba56a497,속옷나라,속옷,군산역전종합시장,전통시장,전북특별자치도,,,
e1771b3decfb24af0a29,full_annotation_v1,A,q_속옷_01,속옷,패션·잡화 중 '속옷'을 판매·제공하는 매장,test,속옷,T1 정확표기,d6ec976b-5c79-4008-8d04-97555ffc742a,행복한속옷,속옷,신정상가시장,전통시장,울산광역시,,,
c34224c9c148ab2cd047,full_annotation_v1,A,q_속옷_01,속옷,패션·잡화 중 '속옷'을 판매·제공하는 매장,test,속옷,T1 정확표기,9b93091e-6ae0-499b-869e-307b8a06f514,속옷사랑,속옷,진주 중앙시장,전통시장,경상남도,,,
c4755dddbe0c444b613e,full_annotation_v1,A,q_속옷_01,속옷,패션·잡화 중 '속옷'을 판매·제공하는 매장,test,속옷,T1 정확표기,cd00ad11-b2f1-4394-b1a9-d42a3246aef9,속옷가게,속옷,메트로센터(반월당지하쇼핑),일반지하상점가,대구광역시,,,
ee6e6dccd2452bcd8ee4,full_annotation_v1,A,q_속옷_01,속옷,패션·잡화 중 '속옷'을 판매·제공하는 매장,test,속옷,T1 정확표기,ccb56b33-252d-45d0-b452-c632603e6f3e,비와이씨,속옷,신기시장,전통시장,인천광역시,,,
f1d58787d63424e6a35b,full_annotation_v1,A,q_속옷_01,속옷,패션·잡화 중 '속옷'을 판매·제공하는 매장,test,속옷,T1 정확표기,5b9d9713-4db8-4b6a-a4aa-3f3b790ceacf,트라이,속옷,안동구시장,전통시장,경상북도,,,
b9f242fe0481a4fdbe6f,full_annotation_v1,A,q_속옷_01,속옷,패션·잡화 중 '속옷'을 판매·제공하는 매장,test,속옷,T1 정확표기,db44a076-9d83-495a-b488-197d423907ab,부흥건어물,건어물,원미부흥시장,전통시장,경기도,,,
ef334de6024f08800721,full_annotation_v1,A,q_속옷_01,속옷,패션·잡화 중 '속옷'을 판매·제공하는 매장,test,속옷,T1 정확표기,7d4a0cc7-03db-4294-8a96-9bb787889a04,보디가드,속옷,길동복조리시장,전통시장,서울특별시,,,
7031c17a685e15306cd9,full_annotation_v1,A,q_속옷_01,속옷,패션·잡화 중 '속옷'을 판매·제공하는 매장,test,속옷,T1 정확표기,aa37c7cd-3e6c-4cd6-9259-6e8d6f4a21f2,아리술래,속옷,충주자유시장,전통시장,충청북도,,,
d77b41f57d09d685a5f7,full_annotation_v1,A,q_속옷_01,속옷,패션·잡화 중 '속옷'을 판매·제공하는 매장,test,속옷,T1 정확표기,09b1e448-7a9a-4f85-976c-71cefed054f9,윈도우스토리,"브라인드, 커텐",광탄전통시장,전통시장,경기도,,,
e8e9bb56b8e6a5142d5d,full_annotation_v1,A,q_속옷_01,속옷,패션·잡화 중 '속옷'을 판매·제공하는 매장,test,속옷,T1 정확표기,81ea85dc-c285-44f4-a83d-acec36f1db0b,아울렛,의류,동산상가,전통시장,대구광역시,,,
128c84c63f459a88a4b0,full_annotation_v1,A,q_속옷_01,속옷,패션·잡화 중 '속옷'을 판매·제공하는 매장,test,속옷,T1 정확표기,fcbf005a-fa3d-4c86-975b-b488d0182b2c,헬로502,,서문시장2지구 종합상가,전통시장,대구광역시,,,
e3234c7a975947fbdf39,full_annotation_v1,A,q_속옷_01,속옷,패션·잡화 중 '속옷'을 판매·제공하는 매장,test,속옷,T1 정확표기,ac34eee5-ca71-4798-a101-04dcfdb9f926,BYC,속옷,필그린쇼핑센타,골목형상점가,울산광역시,,,
cf70f5af08740d403122,full_annotation_v1,A,q_속옷_01,속옷,패션·잡화 중 '속옷'을 판매·제공하는 매장,test,속옷,T1 정확표기,1528f1d8-51ff-477f-99f3-ac56075b41ce,속옷천국,속옷,춘천지하상가,일반지하상점가,강원특별자치도,,,
e66d2a1218f8af9a5f72,full_annotation_v1,A,q_속옷_01,속옷,패션·잡화 중 '속옷'을 판매·제공하는 매장,test,속옷,T1 정확표기,ac928dc4-c67e-4515-9f2f-1a497d2651e2,한민속옷,속옷,한민시장,전통시장,대전광역시,,,
c09524a0b45e99d1510b,full_annotation_v1,A,q_속옷_01,속옷,패션·잡화 중 '속옷'을 판매·제공하는 매장,test,속옷,T1 정확표기,2c49c66b-6c68-4f1f-8ba5-aed318c5ae16,나윤이속옷,속옷,의정부역지하상가,일반지하상점가,경기도,,,
88119507807bd7f707bb,full_annotation_v1,A,q_속옷_01,속옷,패션·잡화 중 '속옷'을 판매·제공하는 매장,test,속옷,T1 정확표기,011903e1-651a-425b-9942-46880c0b0ccc,체리핑크,"소매(속옷,란제리)",미금현대벤처빌시장,전통시장,경기도,,,
55ba22485edc9d30106e,full_annotation_v1,A,q_속옷_01,속옷,패션·잡화 중 '속옷'을 판매·제공하는 매장,test,속옷,T1 정확표기,01e84813-fc68-4e23-81c9-9e743cdd4bc0,서울상회,"양말, 잡화",부산남문시장,전통시장,부산광역시,,,
2d798954c2386807a416,full_annotation_v1,A,q_속옷_01,속옷,패션·잡화 중 '속옷'을 판매·제공하는 매장,test,속옷,T1 정확표기,d7680bed-37e7-4be2-80b1-65eecf519d40,비비안,속옷,설악로데오거리상점가,자율상권구역,강원특별자치도,,,
883219173d7aecccceeb,full_annotation_v1,A,q_속옷_01,속옷,패션·잡화 중 '속옷'을 판매·제공하는 매장,test,속옷,T1 정확표기,e8b39ab1-9703-4863-af30-35e937a28180,속옷나라,속옷,우산상인회 골목형상점가,골목형상점가,광주광역시,,,
9768a0702ce8db228893,full_annotation_v1,A,q_속옷_01,속옷,패션·잡화 중 '속옷'을 판매·제공하는 매장,test,속옷,T1 정확표기,980c50e0-3ffa-40d7-b7d7-5bd3c1095890,패티패션,속옷,담양중앙 골목형상점가,골목형상점가,전라남도,,,
a439290fa6647cb45207,full_annotation_v1,A,q_속옷_01,속옷,패션·잡화 중 '속옷'을 판매·제공하는 매장,test,속옷,T1 정확표기,ea19b9b4-ac77-4c4d-9713-c296cba2aabe,올리비아,속옷,새동인천지하상가,일반지하상점가,인천광역시,,,
d27d5a47d17d91bad4d2,full_annotation_v1,A,q_속옷_01,속옷,패션·잡화 중 '속옷'을 판매·제공하는 매장,test,속옷,T1 정확표기,011a3d49-59b4-4598-a6ff-668f578f5094,그린브라우니내동점,,내동서부 골목형상점가,골목형상점가,대전광역시,,,
9e407a5896a728d37899,full_annotation_v1,A,q_속옷_01,속옷,패션·잡화 중 '속옷'을 판매·제공하는 매장,test,속옷,T1 정확표기,ed427b79-2175-4c14-8c2b-78ab1867dbe8,아름다운나라,속옷,남부종합시장,전통시장,인천광역시,,,
fe8c4923776a67159974,full_annotation_v1,A,q_속옷_01,속옷,패션·잡화 중 '속옷'을 판매·제공하는 매장,test,속옷,T1 정확표기,3329d388-3ec4-40c4-b6dc-f03be1aba3c2,무료입장,속옷,속초중앙전통시장,전통시장,강원특별자치도,,,
3fb3c39434d8af3abfaf,full_annotation_v1,A,q_속옷_01,속옷,패션·잡화 중 '속옷'을 판매·제공하는 매장,test,속옷,T1 정확표기,ba1d4cc2-03aa-40d2-bf98-a1f5ca3790b4,꾸석지돌판한우 문흥점,한식,문흥동 골목형상점가,골목형상점가,광주광역시,,,
8dab4193be9ed954222b,full_annotation_v1,A,q_속옷_01,속옷,패션·잡화 중 '속옷'을 판매·제공하는 매장,test,속옷,T1 정확표기,af56ec76-b5c6-407d-9732-1187302314cb,한독상회,속옷,광장시장,전통시장,서울특별시,,,
a84d3707af8b81f64e43,full_annotation_v1,A,q_속옷_01,속옷,패션·잡화 중 '속옷'을 판매·제공하는 매장,test,속옷,T1 정확표기,a91f3b67-839c-47ac-81d5-971497417bdf,속옷나라,속옷,금촌전통시장,전통시장,경기도,,,
b3cb1ef7880b617d6463,full_annotation_v1,A,q_속옷_01,속옷,패션·잡화 중 '속옷'을 판매·제공하는 매장,test,속옷,T1 정확표기,01725ea8-909a-45e7-86dc-3983579c9c4d,이강상사(트라이),내의,신대방1동온누리길골목형상점가,골목형상점가,서울특별시,,,
3306be0d89f1fdac1ac6,full_annotation_v1,A,q_속옷_01,속옷,패션·잡화 중 '속옷'을 판매·제공하는 매장,test,속옷,T1 정확표기,191f3d17-79fc-4926-988e-b33c29dc2869,BYC,속옷,반송큰시장,전통시장,부산광역시,,,
744f7194952c320f3365,full_annotation_v1,A,q_속옷_01,속옷,패션·잡화 중 '속옷'을 판매·제공하는 매장,test,속옷,T1 정확표기,8d226b9d-e677-456c-8a31-4bda8500757e,남영상회(속옷),"속옷, 잡화",창원 명서시장,전통시장,경상남도,,,
b225718dfee7f2df05bd,full_annotation_v1,A,q_속옷_01,속옷,패션·잡화 중 '속옷'을 판매·제공하는 매장,test,속옷,T1 정확표기,c6b60ac0-4bf6-4b2f-b65c-eaaf115ab4c0,여주속옷나라,속옷,여주한글시장(여주중앙로상점가),전통시장,경기도,,,
5fab870233e677c8e8d3,full_annotation_v1,A,q_속옷_01,속옷,패션·잡화 중 '속옷'을 판매·제공하는 매장,test,속옷,T1 정확표기,de52c2bd-b933-42c5-9ea1-4791784dece1,엄마런닝구,속옷,양산 서창시장,전통시장,경상남도,,,
a1e26d4f0ade82a70a47,full_annotation_v1,A,q_속옷_01,속옷,패션·잡화 중 '속옷'을 판매·제공하는 매장,test,속옷,T1 정확표기,e21b21eb-4043-4ef0-a238-90c347494fd1,보디가드,속옷,안산다농마트전통시장,전통시장,경기도,,,
9b3b06eb287d5b40c9e3,full_annotation_v1,A,q_속옷_01,속옷,패션·잡화 중 '속옷'을 판매·제공하는 매장,test,속옷,T1 정확표기,156236f1-5b3a-411f-9fa7-59cdeb5d9689,진범통상,속옷,성환1번가 골목형상점가,골목형상점가,충청남도,,,
9c82221e700814b327ef,full_annotation_v1,A,q_속옷_01,속옷,패션·잡화 중 '속옷'을 판매·제공하는 매장,test,속옷,T1 정확표기,9ba5de28-9af5-4f23-a8be-e4e9a2557d23,속옷나라,속옷,공주산성 활성화구역,전통시장,충청남도,,,
cf93322a2120e7e660c3,full_annotation_v1,A,q_속옷_01,속옷,패션·잡화 중 '속옷'을 판매·제공하는 매장,test,속옷,T1 정확표기,018f4157-7354-4b1a-85eb-b9da2435df9d,뻥어물24 성원양말,"양말, 계란, 뻥튀기 등",당감골목시장,전통시장,부산광역시,,,
251152ca04c37a6c8703,full_annotation_v1,A,q_속옷_01,속옷,패션·잡화 중 '속옷'을 판매·제공하는 매장,test,속옷,T1 정확표기,cf4971d7-198a-48ef-8cc4-5f5f8077bb95,속옷나라,속옷,㈜여수중앙시장,전통시장,전라남도,,,
63e464042b4440359786,full_annotation_v1,A,q_속옷_01,속옷,패션·잡화 중 '속옷'을 판매·제공하는 매장,test,속옷,T1 정확표기,ae828983-4af5-4253-b97a-01856a27360b,반송속옷랜드,속옷,반송큰시장,전통시장,부산광역시,,,
8326599ca4563c0c6369,full_annotation_v1,A,q_속옷_01,속옷,패션·잡화 중 '속옷'을 판매·제공하는 매장,test,속옷,T1 정확표기,aded428d-a9b8-4d8f-8ca5-e94a7b15bb86,루디아,속옷,무거현대시장,골목형상점가,울산광역시,,,
d981535b8dd6559276ff,full_annotation_v1,A,q_속옷_01,속옷,패션·잡화 중 '속옷'을 판매·제공하는 매장,test,속옷,T1 정확표기,8b2fbdc8-3112-4586-b9e9-34e07e989177,루비속옷,속옷 잡화,구미역중앙 골목형상점가,골목형상점가,경상북도,,,
bcb5d5657d5c7a5af6a5,full_annotation_v1,A,q_속옷_01,속옷,패션·잡화 중 '속옷'을 판매·제공하는 매장,test,속옷,T1 정확표기,fc4a0504-859f-44fc-a3bc-46288638e358,BYC,속옷,수정로 상권활성화구역,상권활성화구역,경기도,,,
af750f5c2fdfc75b552b,full_annotation_v1,A,q_속옷_01,속옷,패션·잡화 중 '속옷'을 판매·제공하는 매장,test,속옷,T1 정확표기,5dfdbdf2-eb02-43ee-99be-89b117f0c497,BYC,속옷,샘골로골목형상점가,골목형상점가,경기도,,,
b05412d2aa60d77f2901,full_annotation_v1,A,q_속옷_01,속옷,패션·잡화 중 '속옷'을 판매·제공하는 매장,test,속옷,T1 정확표기,467b2eae-8b6d-48a3-b15d-190f733a257b,선미속옷,속옷,양산 남부시장상가,전통시장,경상남도,,,
5c39a211d8488189e953,full_annotation_v1,A,q_속옷_01,속옷,패션·잡화 중 '속옷'을 판매·제공하는 매장,test,속옷,T1 정확표기,000a92b3-0b5e-429e-af00-f86e3570e24b,클로버,의류,관문상가시장,전통시장,대구광역시,,,
89e2dde762a4f95808a4,full_annotation_v1,A,q_속옷_01,속옷,패션·잡화 중 '속옷'을 판매·제공하는 매장,test,속옷,T1 정확표기,10a354e8-da56-4299-8acf-45649b0e5a8c,비너스,속옷,춘천지하상가,일반지하상점가,강원특별자치도,,,
dafc6c9dd0e75dbc22fb,full_annotation_v1,A,q_속옷_01,속옷,패션·잡화 중 '속옷'을 판매·제공하는 매장,test,속옷,T1 정확표기,bb08c82c-5e8e-4bb3-986a-6fcfd41fe8dc,형제상회,속옷,못골골목시장,전통시장,부산광역시,,,
51e53a21f95c9ece7e4a,full_annotation_v1,A,q_속옷_01,속옷,패션·잡화 중 '속옷'을 판매·제공하는 매장,test,속옷,T1 정확표기,a21f7bd3-f680-4a14-b6fe-ffceecf674f4,BYC빛가람점,속옷,빛가람 호수로 골목형상점가,골목형상점가,전라남도,,,
ecb701b203ac635d267e,full_annotation_v1,A,q_속옷_01,속옷,패션·잡화 중 '속옷'을 판매·제공하는 매장,test,속옷,T1 정확표기,61428829-b4f1-471f-81a3-6e2f2a35c56e,속옷나라,속옷,문창시장,전통시장,대전광역시,,,
32b61146abbc83164a9e,full_annotation_v1,A,q_속옷_01,속옷,패션·잡화 중 '속옷'을 판매·제공하는 매장,test,속옷,T1 정확표기,63468b5d-2de4-46aa-918f-b85d7fa6376c,은혜속옷,속옷,서천특화시장,전통시장,충청남도,,,
f587450cdb5ea3dd80ac,full_annotation_v1,A,q_속옷_01,속옷,패션·잡화 중 '속옷'을 판매·제공하는 매장,test,속옷,T1 정확표기,d76b5112-1036-47a6-988f-a2740c47aa2f,게스,속옷,이천중앙로상가,자율상권구역,경기도,,,
d40f2a0ac87834df94cb,full_annotation_v1,A,q_속옷_01,속옷,패션·잡화 중 '속옷'을 판매·제공하는 매장,test,속옷,T1 정확표기,00124602-ef4e-472c-91ee-de53b28d7530,화이트,의류,울산번개시장,전통시장,울산광역시,,,
7f55db04ea76d46adb34,full_annotation_v1,A,q_속옷_01,속옷,패션·잡화 중 '속옷'을 판매·제공하는 매장,test,속옷,T1 정확표기,03609092-418f-4601-876c-e60ee0a1c4fa,어필,속옷,부여도심 상권활성화구역,상권활성화구역,충청남도,,,
5a9736f95ec960ac0ddb,full_annotation_v1,A,q_속옷_01,속옷,패션·잡화 중 '속옷'을 판매·제공하는 매장,test,속옷,T1 정확표기,a27e893f-8996-452b-83aa-8a84e82a3c0e,보디가드,속옷,진주 동성상가,전통시장,경상남도,,,
83a1eb65991e735bffac,full_annotation_v1,A,q_속옷_01,속옷,패션·잡화 중 '속옷'을 판매·제공하는 매장,test,속옷,T1 정확표기,515930ba-b784-435c-a036-b60a9be62a0a,속옷나라,속옷,소사종합시장,전통시장,경기도,,,
e8d3ac8e23e054054ffa,full_annotation_v1,A,q_속옷_01,속옷,패션·잡화 중 '속옷'을 판매·제공하는 매장,test,속옷,T1 정확표기,3c7ad0db-75e6-4a0c-bb5d-2ccaf0bb7c19,속옷나라,속옷,음성시장,전통시장,충청북도,,,
146dfd7e9aab0ccf5102,full_annotation_v1,A,q_속옷_01,속옷,패션·잡화 중 '속옷'을 판매·제공하는 매장,test,속옷,T1 정확표기,63dc38d5-5ee6-416c-91ce-27cebd731179,영천상회,속옷,서문시장2지구 종합상가,전통시장,대구광역시,,,
2626574cae4f9662c94d,full_annotation_v1,A,q_속옷_01,속옷,패션·잡화 중 '속옷'을 판매·제공하는 매장,test,속옷,T1 정확표기,61d62e21-a7a5-4e27-8c99-eb01e184ad49,예지속옷,속옷,안산다농마트전통시장,전통시장,경기도,,,
11a5ee12d640f5058d58,full_annotation_v1,A,q_속옷_01,속옷,패션·잡화 중 '속옷'을 판매·제공하는 매장,test,속옷,T1 정확표기,9ac507df-a1a8-4e49-bef1-a4cfb370cd1e,트라이,속옷,김제금만시장,전통시장,전북특별자치도,,,
680e18c868cea61dcaee,full_annotation_v1,A,q_속옷_01,속옷,패션·잡화 중 '속옷'을 판매·제공하는 매장,test,속옷,T1 정확표기,96e5b3ba-aacd-4e7d-a4c4-7c19d237529a,예쓰,속옷,성서중심시장(성서시장문화의거리 통합),전통시장,충청북도,,,
29dbafa9624d8e3e4d62,full_annotation_v1,A,q_속옷_01,속옷,패션·잡화 중 '속옷'을 판매·제공하는 매장,test,속옷,T1 정확표기,eb463197-f3f4-44e1-beeb-34aa2907c0d4,사우나속옷,속옷,부천자유시장,전통시장,경기도,,,
75a9580305152c152b84,full_annotation_v1,A,q_속옷_02,내의,패션·잡화 중 '속옷'을 판매·제공하는 매장,test,속옷,T2 동의어,e7c31452-e9bb-42d7-98d7-d4867ed50c29,TRY오렌지샵,내의,작전시장,전통시장,인천광역시,,,
3a6e07aa0d988752655d,full_annotation_v1,A,q_속옷_02,내의,패션·잡화 중 '속옷'을 판매·제공하는 매장,test,속옷,T2 동의어,002213bf-7f70-4e62-8df9-0c11e9f4d38d,에띠임,속옷,목포원도심상점가,자율상권구역,전라남도,,,
d84bafd5d075f99ff2b4,full_annotation_v1,A,q_속옷_02,내의,패션·잡화 중 '속옷'을 판매·제공하는 매장,test,속옷,T2 동의어,b7d707bd-2d15-47da-90f9-2678b4aa0631,멋쟁이,내의,동대구역전시장,전통시장,대구광역시,,,
4f940e1f3c299b0bd13a,full_annotation_v1,A,q_속옷_02,내의,패션·잡화 중 '속옷'을 판매·제공하는 매장,test,속옷,T2 동의어,53234908-b93c-4f5d-b91c-76652e52101a,비와이씨,내의,충주자유시장,전통시장,충청북도,,,
2bc3560e23e3363d4096,full_annotation_v1,A,q_속옷_02,내의,패션·잡화 중 '속옷'을 판매·제공하는 매장,test,속옷,T2 동의어,a00f9498-2ec9-4207-8c03-dd3bc0757d96,비너스와코루,내의,군산 원도심 골목형상점가,골목형상점가,전북특별자치도,,,
0d6233359abd905dca87,full_annotation_v1,A,q_속옷_02,내의,패션·잡화 중 '속옷'을 판매·제공하는 매장,test,속옷,T2 동의어,3a9cefd3-a3af-4cbc-b68e-4d1073c54cef,쌍방울,내의,당진원시가지상가,자율상권구역,충청남도,,,
59c4e24cb3d3e8cf0293,full_annotation_v1,A,q_속옷_02,내의,패션·잡화 중 '속옷'을 판매·제공하는 매장,test,속옷,T2 동의어,3c166483-d8b6-407d-961f-d686b71a2b61,트라이,내의,경주중심상가,전통시장,경상북도,,,
f67080b0b2cc00e50171,full_annotation_v1,A,q_속옷_02,내의,패션·잡화 중 '속옷'을 판매·제공하는 매장,test,속옷,T2 동의어,85305915-3ed9-4cc8-9b92-4017fb079f3a,ESP마트,내의,광명전통시장,전통시장,경기도,,,
48820e4bc630884007c2,full_annotation_v1,A,q_속옷_02,내의,패션·잡화 중 '속옷'을 판매·제공하는 매장,test,속옷,T2 동의어,d88d4532-6aa5-4257-aa26-de911c32df58,백년마루,한식,나성동 국세청 골목형상점가,골목형상점가,세종특별자치시,,,
76cce8cc5faa242536ab,full_annotation_v1,A,q_속옷_02,내의,패션·잡화 중 '속옷'을 판매·제공하는 매장,test,속옷,T2 동의어,804f6153-5d04-4854-ade9-0a2fb7ff1296,중앙1호점,내의,전주신중앙시장(구 중앙버드나무시장),전통시장,전북특별자치도,,,
ee296766d3b40a0005d7,full_annotation_v1,A,q_속옷_02,내의,패션·잡화 중 '속옷'을 판매·제공하는 매장,test,속옷,T2 동의어,271e6b22-4f13-4301-8c6b-3f235b4c0f1e,숙희란제리매장,내의,영동전통시장,전통시장,충청북도,,,
32cafcf3a01eb44e3f26,full_annotation_v1,A,q_속옷_02,내의,패션·잡화 중 '속옷'을 판매·제공하는 매장,test,속옷,T2 동의어,a7bdd707-550f-4603-a920-692a6379c01c,충남상회,내의,진주 새서부시장,전통시장,경상남도,,,
5800593addbe2008f0d4,full_annotation_v1,A,q_속옷_02,내의,패션·잡화 중 '속옷'을 판매·제공하는 매장,test,속옷,T2 동의어,e646b9da-f9a8-45d9-b86c-2c10020573b3,BYC,내의,동두천중앙시장,전통시장,경기도,,,
6dd4e50544fa108ffca0,full_annotation_v1,A,q_속옷_02,내의,패션·잡화 중 '속옷'을 판매·제공하는 매장,test,속옷,T2 동의어,734bb225-2ee1-4c9e-8b43-3eda641a79f7,석산상회,내의,서문시장2지구 종합상가,전통시장,대구광역시,,,
302382bc7791f2d0b5d9,full_annotation_v1,A,q_속옷_02,내의,패션·잡화 중 '속옷'을 판매·제공하는 매장,test,속옷,T2 동의어,03395d48-32fa-4017-a31a-5d0e79526d15,삼미사,내의,경주성동공설시장,전통시장,경상북도,,,
da34d6af63f39fa73fa3,full_annotation_v1,A,q_속옷_02,내의,패션·잡화 중 '속옷'을 판매·제공하는 매장,test,속옷,T2 동의어,054dde1c-49d1-4b40-bea6-e313a8163eca,쌍방울,내의,서산중심상가,자율상권구역,충청남도,,,
7a7c8bd18a452a046033,full_annotation_v1,A,q_속옷_02,내의,패션·잡화 중 '속옷'을 판매·제공하는 매장,test,속옷,T2 동의어,f7ff376d-0384-46e2-a0e3-b1313bc41b31,속옷나라,내의,영주문화시장,전통시장,경상북도,,,
4f9b27fd8324bee8e856,full_annotation_v1,A,q_속옷_02,내의,패션·잡화 중 '속옷'을 판매·제공하는 매장,test,속옷,T2 동의어,5432052b-f89a-4cc5-9da2-a05313f4ed1f,보디가드,내의,서귀포중심상가번영회,자율상권구역,제주특별자치도,,,
be3b8c535ed7de090485,full_annotation_v1,A,q_속옷_02,내의,패션·잡화 중 '속옷'을 판매·제공하는 매장,test,속옷,T2 동의어,f022ca32-b56d-4cd1-a974-e32976c3285b,트라이엄프,내의,엑스포코아 골목형상점가,골목형상점가,대전광역시,,,
8a9077a12cfc8ed73991,full_annotation_v1,A,q_속옷_02,내의,패션·잡화 중 '속옷'을 판매·제공하는 매장,test,속옷,T2 동의어,0b2de4e7-0eea-42cd-aafe-aa8aa298ac82,꾸브라꼬 숯불치킨 첨단점,,첨단아미 골목형상점가,골목형상점가,,,,
3b26febd10cde56a9d37,full_annotation_v1,A,q_속옷_02,내의,패션·잡화 중 '속옷'을 판매·제공하는 매장,test,속옷,T2 동의어,b8bc6342-4a34-49d3-bccd-76f1fd51e0e1,BYC,내의,구서오시게시장,전통시장,부산광역시,,,
e713b1ca98e1a578e6d7,full_annotation_v1,A,q_속옷_02,내의,패션·잡화 중 '속옷'을 판매·제공하는 매장,test,속옷,T2 동의어,e501c28f-9f44-4f39-904d-b78c3620e996,삼성상회,내의,신기시장,전통시장,인천광역시,,,
a457c9e7afb9714b61a3,full_annotation_v1,A,q_속옷_02,내의,패션·잡화 중 '속옷'을 판매·제공하는 매장,test,속옷,T2 동의어,7a6f09fc-3ed4-4cb4-8fea-73e6c1c2a814,미자샵,내의,포항죽도시장,전통시장,경상북도,,,
c8d9e383cd2d6fea75bb,full_annotation_v1,A,q_속옷_02,내의,패션·잡화 중 '속옷'을 판매·제공하는 매장,test,속옷,T2 동의어,b80dee60-1a3d-4b0a-8901-4a9ee32c7d46,리치맨 헤어,,성동용답상가시장,전통시장,서울특별시,,,
f8893fc0998b292335cf,full_annotation_v1,A,q_속옷_02,내의,패션·잡화 중 '속옷'을 판매·제공하는 매장,test,속옷,T2 동의어,b1b63ded-f055-4907-bd68-c98da0610ed5,대원딥스,내의,만물의거리시장,전통시장,부산광역시,,,
9f44e9c268e98c4006ca,full_annotation_v1,A,q_속옷_02,내의,패션·잡화 중 '속옷'을 판매·제공하는 매장,test,속옷,T2 동의어,66864a6c-4b35-4e40-a4c6-d7a2dba9e549,메트로폴리티션,의류,합정하늘길골목형상점가,골목형상점가,서울특별시,,,
a8d0ac51140e6ccd0a82,full_annotation_v1,A,q_속옷_02,내의,패션·잡화 중 '속옷'을 판매·제공하는 매장,test,속옷,T2 동의어,00054f1d-4cae-4345-9975-1423bc49e4dc,착한아이들,의류,중앙전통시장,전통시장,울산광역시,,,
2da98c2fe58d8e0d09d7,full_annotation_v1,A,q_속옷_02,내의,패션·잡화 중 '속옷'을 판매·제공하는 매장,test,속옷,T2 동의어,0114f51c-6520-431d-85c7-c34ff7795c7e,브라운앤보그,,퀸덤3단지골목형상점가,골목형상점가,부산광역시,,,
90f8928fa319383dbba5,full_annotation_v1,A,q_속옷_02,내의,패션·잡화 중 '속옷'을 판매·제공하는 매장,test,속옷,T2 동의어,f49d55bb-db1a-4435-bcc2-f556412b2e31,아티스트퀸,내의,마산 북마산중앙시장,전통시장,경상남도,,,
585c84c7c959a00a0a6e,full_annotation_v1,A,q_속옷_02,내의,패션·잡화 중 '속옷'을 판매·제공하는 매장,test,속옷,T2 동의어,000a92b3-0b5e-429e-af00-f86e3570e24b,클로버,의류,관문상가시장,전통시장,대구광역시,,,
ee6a2f7114068a9cbef1,full_annotation_v1,A,q_속옷_02,내의,패션·잡화 중 '속옷'을 판매·제공하는 매장,test,속옷,T2 동의어,492f851f-b594-47ab-a33e-cf932e08e2a6,현준네,내의,신안프라자전통시장,전통시장,경기도,,,
c8ae865fd2693437cf91,full_annotation_v1,A,q_속옷_02,내의,패션·잡화 중 '속옷'을 판매·제공하는 매장,test,속옷,T2 동의어,952e3c48-418d-41e1-b231-5e33d56974cd,청담 엑티브짐,헬스,청담동골목형상점가,골목형상점가,서울특별시,,,
6fef1c14258e66f0e377,full_annotation_v1,A,q_속옷_02,내의,패션·잡화 중 '속옷'을 판매·제공하는 매장,test,속옷,T2 동의어,f04b4e0d-bc55-4f70-9a98-ff7a9a93eab9,중앙속옷,내의,부여중앙시장,전통시장,충청남도,,,
c966898e0206c46888e7,full_annotation_v1,A,q_속옷_02,내의,패션·잡화 중 '속옷'을 판매·제공하는 매장,test,속옷,T2 동의어,022eed00-e4e9-46d1-b6ea-3b9ff6e46458,동아양말,양말,㈜르네시떼,전통시장,부산광역시,,,
86cd5800be1b1748c80c,full_annotation_v1,A,q_속옷_02,내의,패션·잡화 중 '속옷'을 판매·제공하는 매장,test,속옷,T2 동의어,00158f51-4d3a-4ac0-9e38-b37552f5e097,지지배,의류,나주금빛상점가,자율상권구역,전라남도,,,
259e565e89e8c0818eab,full_annotation_v1,A,q_속옷_02,내의,패션·잡화 중 '속옷'을 판매·제공하는 매장,test,속옷,T2 동의어,9ddf8e6b-1fec-4a2f-8729-c06f2650f900,명신상회,내의,시흥삼미시장,전통시장,경기도,,,
c262403841b3a500ccc1,full_annotation_v1,A,q_속옷_02,내의,패션·잡화 중 '속옷'을 판매·제공하는 매장,test,속옷,T2 동의어,8c34cf3f-f453-4de4-b346-a6bf977fdc4f,시티상회,내의,창녕 남지시장,전통시장,경상남도,,,
3590db82eaac3c328a1b,full_annotation_v1,A,q_속옷_02,내의,패션·잡화 중 '속옷'을 판매·제공하는 매장,test,속옷,T2 동의어,bb046856-ea13-48e3-89e9-a293f557fa44,아베카,내의,평화로상가,자율상권구역,경상북도,,,
34e779808a452bd612f1,full_annotation_v1,A,q_속옷_02,내의,패션·잡화 중 '속옷'을 판매·제공하는 매장,test,속옷,T2 동의어,c4cef2d0-24d7-4317-a5a1-a752401b2510,쌍방울,내의,엑스포코아 골목형상점가,골목형상점가,대전광역시,,,
75a1bfb0540497155233,full_annotation_v1,A,q_속옷_02,내의,패션·잡화 중 '속옷'을 판매·제공하는 매장,test,속옷,T2 동의어,8fabe496-b98b-47fb-8b7f-caaa448c52b3,보디가드,내의,신안프라자전통시장,전통시장,경기도,,,
b21f04271ad7ad92b46a,full_annotation_v1,A,q_속옷_02,내의,패션·잡화 중 '속옷'을 판매·제공하는 매장,test,속옷,T2 동의어,faef3f1b-8ab0-4d5f-a5cd-42cf010ca0f0,유명양품,내의,영도봉래시장,전통시장,부산광역시,,,
2d8c76761f36ff833baa,full_annotation_v1,A,q_속옷_02,내의,패션·잡화 중 '속옷'을 판매·제공하는 매장,test,속옷,T2 동의어,b9218592-8eed-4920-9e92-d31eade74fd2,경수사,내의,팔달시민상가시장,전통시장,경기도,,,
db8cc77d2e628a647c9d,full_annotation_v1,A,q_속옷_02,내의,패션·잡화 중 '속옷'을 판매·제공하는 매장,test,속옷,T2 동의어,127d7806-0718-4367-aa72-f2815133ddea,BYC,내의,태릉골목형상점가,골목형상점가,서울특별시,,,
abf70601e1819526a029,full_annotation_v1,A,q_속옷_02,내의,패션·잡화 중 '속옷'을 판매·제공하는 매장,test,속옷,T2 동의어,931e96bc-bc8d-4918-a3ac-d18dac18fd94,크린토피아 레이카운티점,,쌍용레이단길 골목형상점가,골목형상점가,부산광역시,,,
f19b0f4180a53bbf88ca,full_annotation_v1,A,q_속옷_02,내의,패션·잡화 중 '속옷'을 판매·제공하는 매장,test,속옷,T2 동의어,c793ebb3-f301-430f-833b-d1d80ae04ca8,뉴타운란제리,내의,세종전통시장,전통시장,세종특별자치시,,,
9ccf71a2d683521ebb66,full_annotation_v1,A,q_속옷_02,내의,패션·잡화 중 '속옷'을 판매·제공하는 매장,test,속옷,T2 동의어,da9e2e28-c47c-4f68-88df-0b534dedee82,덕광사,내의,서문시장2지구 종합상가,전통시장,대구광역시,,,
10fbb0865530c8dfdf56,full_annotation_v1,A,q_속옷_02,내의,패션·잡화 중 '속옷'을 판매·제공하는 매장,test,속옷,T2 동의어,459c37d8-0608-41b2-ba22-358e22bf5bb8,장터정육백화점,정육점,신현회화골목형상점가,골목형상점가,인천광역시,,,
0708d1a06b1c53c5d8e0,full_annotation_v1,A,q_속옷_02,내의,패션·잡화 중 '속옷'을 판매·제공하는 매장,test,속옷,T2 동의어,02bc78db-3ec0-4212-922c-9a8333a862f0,트라이아름상사,내의,인천모래내전통시장,전통시장,인천광역시,,,
37bda85212abd0605f3b,full_annotation_v1,A,q_속옷_02,내의,패션·잡화 중 '속옷'을 판매·제공하는 매장,test,속옷,T2 동의어,2fc202a0-325c-4770-978d-051571db5d3c,우성쌍방울,내의,전주 삼천이 골목형상점가,골목형상점가,전북특별자치도,,,
d7c8480335c99bc5dc6a,full_annotation_v1,A,q_속옷_02,내의,패션·잡화 중 '속옷'을 판매·제공하는 매장,test,속옷,T2 동의어,fc39aaeb-9680-460d-8026-eab3764f57c4,호남상회,내의,익산매일시장,전통시장,전북특별자치도,,,
0db7b91491affdb181d7,full_annotation_v1,A,q_속옷_02,내의,패션·잡화 중 '속옷'을 판매·제공하는 매장,test,속옷,T2 동의어,006c0196-bbe9-41db-b76c-01cc834078d8,BYC전문점당감점,속옷,당감골목시장,전통시장,부산광역시,,,
3da6d3571bce7ce20af5,full_annotation_v1,A,q_속옷_02,내의,패션·잡화 중 '속옷'을 판매·제공하는 매장,test,속옷,T2 동의어,011903e1-651a-425b-9942-46880c0b0ccc,체리핑크,"소매(속옷,란제리)",미금현대벤처빌시장,전통시장,경기도,,,
338067b93927e1090c91,full_annotation_v1,A,q_속옷_02,내의,패션·잡화 중 '속옷'을 판매·제공하는 매장,test,속옷,T2 동의어,09b1e448-7a9a-4f85-976c-71cefed054f9,윈도우스토리,"브라인드, 커텐",광탄전통시장,전통시장,경기도,,,
01b6e64f2cb519d09191,full_annotation_v1,A,q_속옷_02,내의,패션·잡화 중 '속옷'을 판매·제공하는 매장,test,속옷,T2 동의어,aa8f0c3f-cf71-47b2-85e7-e0a5392d10aa,서울상회,내의,서산동부전통시장,전통시장,충청남도,,,
8f57028630267a63309a,full_annotation_v1,A,q_속옷_02,내의,패션·잡화 중 '속옷'을 판매·제공하는 매장,test,속옷,T2 동의어,41ecdad9-acae-4b9b-b592-23cad0aa2959,금상,내의,서문시장2지구 종합상가,전통시장,대구광역시,,,
1eee791054ab54c1a09c,full_annotation_v1,A,q_속옷_02,내의,패션·잡화 중 '속옷'을 판매·제공하는 매장,test,속옷,T2 동의어,a9339b90-deb4-4e9e-b5d9-ce1020a418e5,조씨상회,채소,부전상가시장,전통시장,부산광역시,,,
9ccd9cceae656dc59ece,full_annotation_v1,A,q_속옷_02,내의,패션·잡화 중 '속옷'을 판매·제공하는 매장,test,속옷,T2 동의어,8b1d262f-d086-48d1-bf35-9dca9647c631,여성내의류,내의,월성청구시장,전통시장,대구광역시,,,
195ffb2dc232cbfa612c,full_annotation_v1,A,q_속옷_02,내의,패션·잡화 중 '속옷'을 판매·제공하는 매장,test,속옷,T2 동의어,2f1a443f-c97e-44d3-8cd9-2295677c2392,메리야스,내의,동두천중앙시장,전통시장,경기도,,,
9bd148d138a853dac6cc,full_annotation_v1,A,q_속옷_02,내의,패션·잡화 중 '속옷'을 판매·제공하는 매장,test,속옷,T2 동의어,66c5cb37-58ef-4e5f-a4c6-7ac4f19488e0,메리야스,내의,통영 북신전통시장,전통시장,경상남도,,,
78e6addb9b686466bb1b,full_annotation_v1,A,q_속옷_02,내의,패션·잡화 중 '속옷'을 판매·제공하는 매장,test,속옷,T2 동의어,4b2d2e34-e356-4254-b60a-4612daec5346,마켓 인어피스,올리브 토마토 병아리콩샐러드 커피,모슬포 중앙시장,전통시장,제주특별자치도,,,
93d917c986f3622e39ed,full_annotation_v1,A,q_속옷_02,내의,패션·잡화 중 '속옷'을 판매·제공하는 매장,test,속옷,T2 동의어,a4fd7966-12f9-43b0-b369-59b36dd975ef,다모아,내의,중앙로상점가,자율상권구역,제주특별자치도,,,
710994c87f5432b9d03a,full_annotation_v1,A,q_속옷_02,내의,패션·잡화 중 '속옷'을 판매·제공하는 매장,test,속옷,T2 동의어,15c6e912-c516-488e-a610-49249f555f3b,이영,내의,남대문시장,전통시장,서울특별시,,,
a016b9f6264576075467,full_annotation_v1,A,q_속옷_02,내의,패션·잡화 중 '속옷'을 판매·제공하는 매장,test,속옷,T2 동의어,5191f048-515e-4b44-8e67-0a98580e9f02,코디비와이씨,내의,도마큰시장,전통시장,대전광역시,,,
6faf255005f5d9cbfc71,full_annotation_v1,A,q_속옷_02,내의,패션·잡화 중 '속옷'을 판매·제공하는 매장,test,속옷,T2 동의어,a5e4a4a7-2cf1-4515-b61e-0f5268c2e618,서울속옷,내의,함평천지 골목형상점가,골목형상점가,전라남도,,,
11c0bece5bdc95541fe6,full_annotation_v1,A,q_속옷_02,내의,패션·잡화 중 '속옷'을 판매·제공하는 매장,test,속옷,T2 동의어,abd43cb6-82e2-44d7-811d-1a9a8fc10bdc,이브,내의,인천중앙로지하상가,일반지하상점가,인천광역시,,,
10c60a57d85c5efdce57,full_annotation_v1,A,q_속옷_02,내의,패션·잡화 중 '속옷'을 판매·제공하는 매장,test,속옷,T2 동의어,3afd83ba-08e1-44f9-8f84-c020b20070a8,서울상회,내의,신거북시장,전통시장,인천광역시,,,
54e1d1768e43c96b73fc,full_annotation_v1,A,q_속옷_02,내의,패션·잡화 중 '속옷'을 판매·제공하는 매장,test,속옷,T2 동의어,5d8c90c8-5f7c-46e3-a20a-45f3e5883339,신일,내의,옥골시장,전통시장,울산광역시,,,
3f00d2ef7aee18f20404,full_annotation_v1,A,q_속옷_02,내의,패션·잡화 중 '속옷'을 판매·제공하는 매장,test,속옷,T2 동의어,47d76adb-3862-4f4c-b841-e2203659f15c,보디가드천상점,내의,천상중앙길 골목형상점가,골목형상점가,울산광역시,,,
8f6ea3b24bc9261912df,full_annotation_v1,A,q_속옷_02,내의,패션·잡화 중 '속옷'을 판매·제공하는 매장,test,속옷,T2 동의어,0144c6bd-f905-4ee2-9acf-1d86a5327a86,승리상회,"일반내의, 양말",두류종합시장,전통시장,대구광역시,,,
cf7c4f05cfa65423bde5,full_annotation_v1,A,q_속옷_02,내의,패션·잡화 중 '속옷'을 판매·제공하는 매장,test,속옷,T2 동의어,18e1ad99-0ea8-4e30-8f44-abd41487dd36,첫마을약국,약국,나성동 국세청 골목형상점가,골목형상점가,세종특별자치시,,,
b0443172f383494cda26,full_annotation_v1,A,q_속옷_02,내의,패션·잡화 중 '속옷'을 판매·제공하는 매장,test,속옷,T2 동의어,01e84813-fc68-4e23-81c9-9e743cdd4bc0,서울상회,"양말, 잡화",부산남문시장,전통시장,부산광역시,,,
4b034a2a70f8684a9a93,full_annotation_v1,A,q_속옷_02,내의,패션·잡화 중 '속옷'을 판매·제공하는 매장,test,속옷,T2 동의어,c8f58de2-820b-410e-b29e-bc62f722657d,거창상회,내의,서동전통골목시장,전통시장,부산광역시,,,
24bb6246530937b0cb35,full_annotation_v1,A,q_속옷_02,내의,패션·잡화 중 '속옷'을 판매·제공하는 매장,test,속옷,T2 동의어,e46eda19-f48f-4f2c-b181-402e23796aae,아빠코,내의,서문시장(명품프라자상가),전통시장,대구광역시,,,
416ce9fd0521196ca7cf,full_annotation_v1,A,q_속옷_02,내의,패션·잡화 중 '속옷'을 판매·제공하는 매장,test,속옷,T2 동의어,58c59699-e265-4153-96b3-1d01d6dc75f2,부원냉삼집 거제레이카운티점,,쌍용레이단길 골목형상점가,골목형상점가,부산광역시,,,
172c32d5fd4f18c3ab88,full_annotation_v1,A,q_속옷_02,내의,패션·잡화 중 '속옷'을 판매·제공하는 매장,test,속옷,T2 동의어,25ea282a-deea-423d-b565-4aeb0d72b53a,BYC,내의,도량3주공상점가,골목형상점가,경상북도,,,
e781f91271ef764bbd0d,full_annotation_v1,A,q_속옷_02,내의,패션·잡화 중 '속옷'을 판매·제공하는 매장,test,속옷,T2 동의어,70f09ca5-2ffc-40c5-b27f-df2e3ce77100,갱상도파절이대패삼겹 역삼점,한식,역삼동 골목형상점가,골목형상점가,서울특별시,,,
9ec7d0f0e9ac334bc9b6,full_annotation_v1,A,q_속옷_02,내의,패션·잡화 중 '속옷'을 판매·제공하는 매장,test,속옷,T2 동의어,65c8ff30-5bd9-40fe-9831-cccc18ac604b,조일상회,내의,서문시장2지구 종합상가,전통시장,대구광역시,,,
235ff292b71ca8a0d114,full_annotation_v1,A,q_속옷_02,내의,패션·잡화 중 '속옷'을 판매·제공하는 매장,test,속옷,T2 동의어,01ca0e12-5e9f-4cc8-a090-1d2535c35fcb,중앙란제리,내의판매점,문경중앙시장,전통시장,경상북도,,,
8ea5c3812b63225e5f78,full_annotation_v1,A,q_속옷_02,내의,패션·잡화 중 '속옷'을 판매·제공하는 매장,test,속옷,T2 동의어,e155efcb-9a5c-4f9e-99fb-13e07158050b,쌍방울상회,내의,논산화지중앙시장,전통시장,충청남도,,,
6d46eeedd2efaab481e8,full_annotation_v1,A,q_속옷_02,내의,패션·잡화 중 '속옷'을 판매·제공하는 매장,test,속옷,T2 동의어,1cfc254a-9548-455b-babd-e712d2de8f94,거창상회,내의,동부시장,전통시장,인천광역시,,,
96cacef417307ce06390,full_annotation_v1,A,q_속옷_02,내의,패션·잡화 중 '속옷'을 판매·제공하는 매장,test,속옷,T2 동의어,f6ca67af-b46c-4f5a-9bb5-32d22b9213e7,쌍방울상회,내의,남원공설시장,전통시장,전북특별자치도,,,
98123db33ab56c0d6489,full_annotation_v1,A,q_속옷_02,내의,패션·잡화 중 '속옷'을 판매·제공하는 매장,test,속옷,T2 동의어,c1f72d42-6bcd-4928-a536-0f731b98f6a0,빨간내복,내의,문경중앙시장,전통시장,경상북도,,,
e33ecbede827687a0a3f,full_annotation_v1,A,q_속옷_02,내의,패션·잡화 중 '속옷'을 판매·제공하는 매장,test,속옷,T2 동의어,efff72b7-a28f-44ed-ae66-cf8967a4c194,은평BYC,내의,대림골목시장,전통시장,서울특별시,,,
410022f41ad896d7fb02,full_annotation_v1,A,q_속옷_02,내의,패션·잡화 중 '속옷'을 판매·제공하는 매장,test,속옷,T2 동의어,e8ac14cd-6c0b-433c-84c4-1ac3aeff260c,화창레스,내의,경주성동공설시장,전통시장,경상북도,,,
ed3ccfcfd05d492e8e2a,full_annotation_v1,A,q_속옷_02,내의,패션·잡화 중 '속옷'을 판매·제공하는 매장,test,속옷,T2 동의어,00124602-ef4e-472c-91ee-de53b28d7530,화이트,의류,울산번개시장,전통시장,울산광역시,,,
8e7b7d24a9424388b1fd,full_annotation_v1,A,q_속옷_02,내의,패션·잡화 중 '속옷'을 판매·제공하는 매장,test,속옷,T2 동의어,19b25d01-5070-4f96-8768-8775a7d9eac5,국제양말,내의,갈마프라자 골목형상점가,골목형상점가,대전광역시,,,
9bdeabddf197a9e6fe80,full_annotation_v1,A,q_속옷_02,내의,패션·잡화 중 '속옷'을 판매·제공하는 매장,test,속옷,T2 동의어,d7f10292-6553-4757-b4dc-56ce5be6312d,트라이상도전문점,내의,남부시장,전통시장,경상북도,,,
89ecea3b0ad63e21ee69,full_annotation_v1,A,q_속옷_02,내의,패션·잡화 중 '속옷'을 판매·제공하는 매장,test,속옷,T2 동의어,cbb6b37c-59ad-49b9-9ee9-ce02e9aa6985,제천비너스와코루,내의,제천시 원도심 상권활성화구역,상권활성화구역,충청북도,,,
564d8a12ee3f723539ff,full_annotation_v1,A,q_속옷_02,내의,패션·잡화 중 '속옷'을 판매·제공하는 매장,test,속옷,T2 동의어,db674104-a3c7-471f-a796-5cf89246a5ed,기준네,내의,신포시장,전통시장,인천광역시,,,
0c6e4c28fdeeb1e9b1e2,full_annotation_v1,A,q_속옷_02,내의,패션·잡화 중 '속옷'을 판매·제공하는 매장,test,속옷,T2 동의어,3bb4903c-51a1-4778-a474-332aab9219d1,BYC,내의,신아타운,전통시장,서울특별시,,,
1d0ba0177cf23a1ddd6c,full_annotation_v1,A,q_속옷_02,내의,패션·잡화 중 '속옷'을 판매·제공하는 매장,test,속옷,T2 동의어,a258fe15-58e3-4552-9737-624b295de11a,쌍방울,내의,자양15번가골목형상점가,골목형상점가,서울특별시,,,
3a310f8c774c7fad6763,full_annotation_v1,A,q_속옷_02,내의,패션·잡화 중 '속옷'을 판매·제공하는 매장,test,속옷,T2 동의어,00172c94-61f0-4197-afeb-d7e8187c79b5,옷이예쁘다,의류,메트로센터(반월당지하쇼핑),일반지하상점가,대구광역시,,,
b4140f43338f245d7750,full_annotation_v1,A,q_속옷_02,내의,패션·잡화 중 '속옷'을 판매·제공하는 매장,test,속옷,T2 동의어,6a25287e-186a-4be0-be83-5666f065ceb3,죽장상회,내의,신금정시장 골목형 상점가,골목형상점가,부산광역시,,,
225204f67606ecab0e61,full_annotation_v1,A,q_속옷_02,내의,패션·잡화 중 '속옷'을 판매·제공하는 매장,test,속옷,T2 동의어,6b571a54-93fa-49e6-a394-51fc23956afb,비비안익산중앙점,내의,익산중앙상점가,골목형상점가,전북특별자치도,,,
8375efed13c1128b68cd,full_annotation_v1,A,q_속옷_02,내의,패션·잡화 중 '속옷'을 판매·제공하는 매장,test,속옷,T2 동의어,002fded9-56a2-42e6-ad4e-06dab5ab6c83,못골메리야스,내의류,못골골목시장,전통시장,부산광역시,,,
4d45dd4491fb9085ee42,full_annotation_v1,A,q_속옷_02,내의,패션·잡화 중 '속옷'을 판매·제공하는 매장,test,속옷,T2 동의어,7ed3a6cc-47ab-4ddb-8795-82f87bd98ea3,신대영상회,내의,봉덕신시장,전통시장,대구광역시,,,
603b74fd6e36ecba2fe7,full_annotation_v1,A,q_속옷_02,내의,패션·잡화 중 '속옷'을 판매·제공하는 매장,test,속옷,T2 동의어,01459610-611f-4516-aa05-19e8e4a11b6d,양평상회,내의,제천중앙시장,전통시장,충청북도,,,
fb58af03c925a23d4519,full_annotation_v1,A,q_속옷_02,내의,패션·잡화 중 '속옷'을 판매·제공하는 매장,test,속옷,T2 동의어,80005642-7986-42a1-ad01-82b4475bb28d,호남상회,내의,양동복개상가,전통시장,광주광역시,,,
e768af5299351245ee30,full_annotation_v1,A,q_속옷_02,내의,패션·잡화 중 '속옷'을 판매·제공하는 매장,test,속옷,T2 동의어,e74e777e-8eab-460f-8a3f-a27af12a2fe4,돈까스짱,음식점,공릉동도깨비시장,전통시장,서울특별시,,,
868c51f2c767f9fea5a9,full_annotation_v1,A,q_속옷_02,내의,패션·잡화 중 '속옷'을 판매·제공하는 매장,test,속옷,T2 동의어,266fba44-69db-400d-969f-6eab0cddeaa2,쌍방울,내의,용호골목시장,전통시장,부산광역시,,,
18e5d16afbbca2fb712d,full_annotation_v1,A,q_속옷_02,내의,패션·잡화 중 '속옷'을 판매·제공하는 매장,test,속옷,T2 동의어,8bf3f125-96cd-44ce-a35d-427914dad6aa,성우쇼핑,내의,산격종합시장,전통시장,대구광역시,,,
f1c495238bba99cbf8ac,full_annotation_v1,A,q_속옷_02,내의,패션·잡화 중 '속옷'을 판매·제공하는 매장,test,속옷,T2 동의어,2c51f566-31c8-4cdc-bf10-d4146dc829a1,대성상회,내의,보령한내시장,전통시장,충청남도,,,
64c5893bd7c139eb2f19,full_annotation_v1,A,q_속옷_02,내의,패션·잡화 중 '속옷'을 판매·제공하는 매장,test,속옷,T2 동의어,612e56dd-6078-46d3-bbb5-ac52816cf3fa,루디아,내의,평화시장,전통시장,서울특별시,,,
362e0713ab8bf06c2e1f,full_annotation_v1,A,q_속옷_02,내의,패션·잡화 중 '속옷'을 판매·제공하는 매장,test,속옷,T2 동의어,1b1c0359-fa68-427b-8578-935eb90ca2e2,아주상회,내의,영등포전통시장,자율상권구역,서울특별시,,,
3fbc2dc5f3aca087eaa3,full_annotation_v1,A,q_속옷_02,내의,패션·잡화 중 '속옷'을 판매·제공하는 매장,test,속옷,T2 동의어,73683809-b950-4b66-a437-cf80ff433d99,영진상회,내의,대구교동시장,전통시장,대구광역시,,,
1f1d2efb8708d4b9db09,full_annotation_v1,A,q_속옷_02,내의,패션·잡화 중 '속옷'을 판매·제공하는 매장,test,속옷,T2 동의어,aa584cb6-9d49-424e-8e86-01a2aabb536c,정화사,내의,제2경주중심상가시장(경주봉황중심상가시장),전통시장,경상북도,,,
94cfb5e6122e5355a80c,full_annotation_v1,A,q_속옷_02,내의,패션·잡화 중 '속옷'을 판매·제공하는 매장,test,속옷,T2 동의어,36f2abc8-b08e-4a46-a998-938fcdf30ed3,경주상회,내의,성남프라자,전통시장,울산광역시,,,
eca7d20e0600fccb11a9,full_annotation_v1,A,q_속옷_02,내의,패션·잡화 중 '속옷'을 판매·제공하는 매장,test,속옷,T2 동의어,590e497c-d450-4e37-95bc-93de0c98af50,비비안리,내의,은마종합상점가,자율상권구역,서울특별시,,,
bfc11971625027cbcfb6,full_annotation_v1,A,q_속옷_02,내의,패션·잡화 중 '속옷'을 판매·제공하는 매장,test,속옷,T2 동의어,01725ea8-909a-45e7-86dc-3983579c9c4d,이강상사(트라이),내의,신대방1동온누리길골목형상점가,골목형상점가,서울특별시,,,
829ea8436d2c65a1813a,full_annotation_v1,A,q_속옷_02,내의,패션·잡화 중 '속옷'을 판매·제공하는 매장,test,속옷,T2 동의어,52bd3720-4598-49e4-883f-e8b1917f2372,K.D유통,내의,정이있는 구포시장,전통시장,부산광역시,,,
382a360d28d939398579,full_annotation_v1,A,q_속옷_02,내의,패션·잡화 중 '속옷'을 판매·제공하는 매장,test,속옷,T2 동의어,41ba028a-f971-414a-9ffe-98d0f9d432d7,충남상회,내의,민락골목시장,전통시장,부산광역시,,,
90d8783c5d027a134440,full_annotation_v1,A,q_속옷_02,내의,패션·잡화 중 '속옷'을 판매·제공하는 매장,test,속옷,T2 동의어,04c2d927-b504-4378-a924-b196a3876f91,진심 에스테틱,피부미용,새샘하루 골목형상점가,골목형상점가,세종특별자치시,,,
d94f3dc520c7deca24ae,full_annotation_v1,A,q_속옷_02,내의,패션·잡화 중 '속옷'을 판매·제공하는 매장,test,속옷,T2 동의어,7283c98c-70a5-4de1-9ef9-db64dcb26a75,도동쌍방울,내의,진주 자유시장,전통시장,경상남도,,,
d16f9c90be0512e82406,full_annotation_v1,A,q_속옷_02,내의,패션·잡화 중 '속옷'을 판매·제공하는 매장,test,속옷,T2 동의어,00660911-d1ad-4623-b1da-ec818e3dd2c8,하얀느낌,란제리 양말 속옷,한빛프라자 골목형상점가,골목형상점가,대전광역시,,,
caf121b951d712799806,full_annotation_v1,A,q_속옷_02,내의,패션·잡화 중 '속옷'을 판매·제공하는 매장,test,속옷,T2 동의어,c863d155-0efc-4378-b49f-16c7eac676fa,쌍방울,내의,포항죽도농산물시장,전통시장,경상북도,,,
0ae8b572e93aff760257,full_annotation_v1,A,q_속옷_02,내의,패션·잡화 중 '속옷'을 판매·제공하는 매장,test,속옷,T2 동의어,ecfd2a4f-e119-47da-bcbd-96a4510805c9,토호,내의,금남지하도상가 1공구,일반지하상점가,광주광역시,,,
0e8d864ae9c4825e2703,full_annotation_v1,A,q_속옷_02,내의,패션·잡화 중 '속옷'을 판매·제공하는 매장,test,속옷,T2 동의어,986bef7f-4e22-4c06-aaf7-8a404c7906a6,팔결상회,내의,청주육거리종합시장,전통시장,충청북도,,,
24a39176dbea80a4da7f,full_annotation_v1,A,q_속옷_02,내의,패션·잡화 중 '속옷'을 판매·제공하는 매장,test,속옷,T2 동의어,011a3d49-59b4-4598-a6ff-668f578f5094,그린브라우니내동점,,내동서부 골목형상점가,골목형상점가,대전광역시,,,
e7b053d567c71ceef114,full_annotation_v1,A,q_속옷_02,내의,패션·잡화 중 '속옷'을 판매·제공하는 매장,test,속옷,T2 동의어,bff53cda-b2b7-4559-abfa-4749c9d54e48,쌍방울,내의,중앙로 지하상가 상점가,일반지하상점가,대전광역시,,,
6b06e993fde07cc991d8,full_annotation_v1,A,q_속옷_02,내의,패션·잡화 중 '속옷'을 판매·제공하는 매장,test,속옷,T2 동의어,19a00a0e-4d2b-4c23-b26f-8d8d5affc715,학상회,내의,도마큰시장,전통시장,대전광역시,,,
258f6a346b45df343670,full_annotation_v1,A,q_속옷_02,내의,패션·잡화 중 '속옷'을 판매·제공하는 매장,test,속옷,T2 동의어,c3dec9b4-ebfd-448f-9523-db8063e8905d,형제상회,내의,백년시장(구 강북종합전통시장),전통시장,서울특별시,,,
69c25d1510c531700432,full_annotation_v1,A,q_속옷_02,내의,패션·잡화 중 '속옷'을 판매·제공하는 매장,test,속옷,T2 동의어,21fb1339-cd44-4259-bc2c-01fbd2f24215,휠라인티모,내의,공주산성 활성화구역,전통시장,충청남도,,,
9c3a0909c4665784f7e6,full_annotation_v1,A,q_속옷_02,내의,패션·잡화 중 '속옷'을 판매·제공하는 매장,test,속옷,T2 동의어,8f9b5a65-c8fb-4c10-8f65-00bf2f4a0aab,상도필승상회,내의,성대전통시장,전통시장,서울특별시,,,
bfc959406c8800f416cc,full_annotation_v1,A,q_속옷_02,내의,패션·잡화 중 '속옷'을 판매·제공하는 매장,test,속옷,T2 동의어,0a2b55d0-03da-4657-907b-758f53bdbe60,효제브라이덜(Hyoje Bridal),,대봉동 대백 골목형상점가,골목형상점가,대구광역시,,,
463d2a53f51af00f8938,full_annotation_v1,A,q_속옷_02,내의,패션·잡화 중 '속옷'을 판매·제공하는 매장,test,속옷,T2 동의어,6be6d807-7787-4fb7-b2b5-1b4c09734fa6,보디가드,내의,전곡중앙상가 골목형상점가,골목형상점가,경기도,,,
aff7ce8119b89325cb39,full_annotation_v1,A,q_속옷_02,내의,패션·잡화 중 '속옷'을 판매·제공하는 매장,test,속옷,T2 동의어,71cfa64b-dc11-4099-b60f-96f119359e64,BYC,내의,스타프라자전통시장,전통시장,경기도,,,
beaa1c9a00636dc49efe,full_annotation_v1,A,q_속옷_02,내의,패션·잡화 중 '속옷'을 판매·제공하는 매장,test,속옷,T2 동의어,ec06910f-0fec-419c-a7da-10254be65ba2,TRY,내의,김해 중앙상점가,자율상권구역,경상남도,,,
1d39e227646e108e03a4,full_annotation_v1,A,q_속옷_02,내의,패션·잡화 중 '속옷'을 판매·제공하는 매장,test,속옷,T2 동의어,7a65a183-4adf-42d0-a456-8777c5e5feef,서울란제리,내의,부산국제시장,전통시장,부산광역시,,,
125e3531dd0b1fe82ee2,full_annotation_v1,A,q_속옷_02,내의,패션·잡화 중 '속옷'을 판매·제공하는 매장,test,속옷,T2 동의어,efe8c7b2-35f6-4240-a9a7-0b5273c1ba17,보디가드경주점,내의,경주중심상가,전통시장,경상북도,,,
03f1178a01cffbae65b6,full_annotation_v1,A,q_속옷_02,내의,패션·잡화 중 '속옷'을 판매·제공하는 매장,test,속옷,T2 동의어,740ef2cb-02db-44ba-820a-1ee9b1439c83,BYC,내의,호계공설시장,전통시장,울산광역시,,,
1dba8d2c3f842a4812aa,full_annotation_v1,A,q_속옷_02,내의,패션·잡화 중 '속옷'을 판매·제공하는 매장,test,속옷,T2 동의어,df7e2e5b-92ed-4834-99c4-8acb9b660b32,모성,내의,부산진시장,전통시장,부산광역시,,,
6e048b94b7c74831829f,full_annotation_v1,A,q_속옷_02,내의,패션·잡화 중 '속옷'을 판매·제공하는 매장,test,속옷,T2 동의어,2576b0be-5870-401a-8d68-a24844e31306,신우유통,내의,문흥진달래공원 골목형상점가,골목형상점가,광주광역시,,,
514f785dda732d706edc,full_annotation_v1,A,q_속옷_02,내의,패션·잡화 중 '속옷'을 판매·제공하는 매장,test,속옷,T2 동의어,d432195a-cd14-4f3f-a098-2ed94699c0a4,구경상회,내의,부산남문시장,전통시장,부산광역시,,,
30ff268f016fcadc6a5b,full_annotation_v1,A,q_속옷_02,내의,패션·잡화 중 '속옷'을 판매·제공하는 매장,test,속옷,T2 동의어,23f2f855-a6c5-456d-86ea-f875e8a60788,회뜰날,회,유천버드내 골목형상점가,골목형상점가,대전광역시,,,
87577c3dacf0560addbb,full_annotation_v1,A,q_속옷_02,내의,패션·잡화 중 '속옷'을 판매·제공하는 매장,test,속옷,T2 동의어,fdc9aba0-c76f-4840-a35c-0375196eb4a7,란제리코너,내의,서부시장(서부재래시장),전통시장,충청남도,,,
a16faf02f11869d63b1c,full_annotation_v1,A,q_속옷_02,내의,패션·잡화 중 '속옷'을 판매·제공하는 매장,test,속옷,T2 동의어,01638941-6206-4662-b5d9-0e2cae1a4133,하마유통,속옷,서구청먹자골목상인회 골목형상점가,골목형상점가,광주광역시,,,
5d3880e99fa05ab3a6ee,full_annotation_v1,A,q_속옷_02,내의,패션·잡화 중 '속옷'을 판매·제공하는 매장,test,속옷,T2 동의어,c6896eba-66e6-4f50-844c-0e315322da9a,예스,내의,젊음의거리 상점가,자율상권구역,울산광역시,,,
5a2e312cdcfab1826468,full_annotation_v1,A,q_속옷_02,내의,패션·잡화 중 '속옷'을 판매·제공하는 매장,test,속옷,T2 동의어,fe3a0c92-0c75-4e14-9708-965716232135,동일사,내의,남원공설시장,전통시장,전북특별자치도,,,
0d826d2a4b2d3480c9d7,full_annotation_v1,A,q_속옷_02,내의,패션·잡화 중 '속옷'을 판매·제공하는 매장,test,속옷,T2 동의어,c3f3dba3-6350-4d35-b90a-6b11fb9f9da6,송이쌍방울,내의,가양동 골목형상점가,골목형상점가,대전광역시,,,
3ec0c693f46c5ff0ed8e,full_annotation_v1,A,q_속옷_02,내의,패션·잡화 중 '속옷'을 판매·제공하는 매장,test,속옷,T2 동의어,9a71bc4b-cf54-4a3a-bcc8-97e73ef7be90,속옷나라,내의,하양꿈바우시장,전통시장,경상북도,,,
5ae21c47d2ad67c2c5e7,full_annotation_v1,A,q_속옷_02,내의,패션·잡화 중 '속옷'을 판매·제공하는 매장,test,속옷,T2 동의어,e2fdb9e4-2f7d-4d3a-b45c-947a17c4d93f,쌍방울넘치는행복,내의,서동시장(창인시장),전통시장,전북특별자치도,,,
b46d479fcf4b32baa359,full_annotation_v1,A,q_속옷_02,내의,패션·잡화 중 '속옷'을 판매·제공하는 매장,test,속옷,T2 동의어,5891342f-50d2-4478-ae86-6511f5fda62c,신창사,내의,동문시장㈜,전통시장,제주특별자치도,,,
7b9b4173f6a52f5e8343,full_annotation_v1,A,q_속옷_02,내의,패션·잡화 중 '속옷'을 판매·제공하는 매장,test,속옷,T2 동의어,65f14945-853b-42d0-aaf9-65b0ec109cdc,부평속옷패션,내의,음성시장,전통시장,충청북도,,,
f9125e02bada3b6f1530,full_annotation_v1,A,q_속옷_02,내의,패션·잡화 중 '속옷'을 판매·제공하는 매장,test,속옷,T2 동의어,b6d6fcfe-02df-4777-bb4b-b61ee3a35b7b,거창상회,내의,연산골목시장상점가,자율상권구역,부산광역시,,,
8b437b99399e1d597949,full_annotation_v1,A,q_속옷_02,내의,패션·잡화 중 '속옷'을 판매·제공하는 매장,test,속옷,T2 동의어,bb5d99ef-2e03-4057-9ab7-ed3a55d8d254,현대코너,내의,문산자유시장,전통시장,경기도,,,
c976dfbbcfa76eb82a7a,full_annotation_v1,A,q_속옷_02,내의,패션·잡화 중 '속옷'을 판매·제공하는 매장,test,속옷,T2 동의어,a07673bb-1c84-420e-b613-ddef3545c81d,희성상회,내의,장림골목시장,전통시장,부산광역시,,,
5744664842673edfaeda,full_annotation_v1,A,q_속옷_02,내의,패션·잡화 중 '속옷'을 판매·제공하는 매장,test,속옷,T2 동의어,94859273-2a00-46b2-9c69-4b54e031ae0c,더한우,한식,반석동 골목형상점가,골목형상점가,대전광역시,,,
6db73f691ad7b48d0b88,full_annotation_v1,A,q_속옷_02,내의,패션·잡화 중 '속옷'을 판매·제공하는 매장,test,속옷,T2 동의어,fa1c0f52-54ec-494c-a215-81aba2f7951d,이브,내의,영등포시장지하도상점가,일반지하상점가,서울특별시,,,
8f530e8391ab5c53bc63,full_annotation_v1,A,q_속옷_02,내의,패션·잡화 중 '속옷'을 판매·제공하는 매장,test,속옷,T2 동의어,018f4157-7354-4b1a-85eb-b9da2435df9d,뻥어물24 성원양말,"양말, 계란, 뻥튀기 등",당감골목시장,전통시장,부산광역시,,,
63800b15ed30c24dfbd5,full_annotation_v1,A,q_속옷_02,내의,패션·잡화 중 '속옷'을 판매·제공하는 매장,test,속옷,T2 동의어,2f1de98d-a4b4-4215-89ba-2d591edc9480,무한식당,한식,광천문화시장,전통시장,충청남도,,,
31835ae56a7c79db6a10,full_annotation_v1,A,q_속옷_03,브라,패션·잡화 중 '속옷'을 판매·제공하는 매장,test,속옷,T2 동의어,848450a2-929f-402d-9ba3-91e8f96a45e1,브라운면,한식,증평군 중앙로 골목형상점가,골목형상점가,충청북도,,,
3ba85440da8ef74916e3,full_annotation_v1,A,q_속옷_03,브라,패션·잡화 중 '속옷'을 판매·제공하는 매장,test,속옷,T2 동의어,5fc57a87-f797-4053-bcf5-707ad66c29c4,브라더스,분식,서문시장2지구 종합상가,전통시장,대구광역시,,,
38bde033448b6f72e7bd,full_annotation_v1,A,q_속옷_03,브라,패션·잡화 중 '속옷'을 판매·제공하는 매장,test,속옷,T2 동의어,e4a6611c-6d6f-4788-9238-5e619e154404,은성제분,식품 제분,서울약령시장,전통시장,서울특별시,,,
d068d3ead83210f259f7,full_annotation_v1,A,q_속옷_03,브라,패션·잡화 중 '속옷'을 판매·제공하는 매장,test,속옷,T2 동의어,bd7ae299-c7e1-414b-81c3-d79e1af68d2f,청춘떡갈비,떡갈비,안양관양시장,전통시장,경기도,,,
518513bdbce7cbd38e5f,full_annotation_v1,A,q_속옷_03,브라,패션·잡화 중 '속옷'을 판매·제공하는 매장,test,속옷,T2 동의어,bfee0b9c-ea85-47a1-931d-4f36f9ce704e,위드 스태리 유니네일,미용,청담동골목형상점가,골목형상점가,서울특별시,,,
c9950df179583ab967c9,full_annotation_v1,A,q_속옷_03,브라,패션·잡화 중 '속옷'을 판매·제공하는 매장,test,속옷,T2 동의어,b316ff06-4ef6-42b9-85a1-5b8a1005da1e,고기극찬 평강점,한식,오류버들시장골목형상점가,골목형상점가,서울특별시,,,
7f8225d408162b7fdf27,full_annotation_v1,A,q_속옷_03,브라,패션·잡화 중 '속옷'을 판매·제공하는 매장,test,속옷,T2 동의어,9e46c73d-fd85-450f-a91f-b5c3d4628a3e,브라운우드,브런치카페,전주혁신사랑 골목형상점가,골목형상점가,전북특별자치도,,,
6d6d2118cc8492d32605,full_annotation_v1,A,q_속옷_03,브라,패션·잡화 중 '속옷'을 판매·제공하는 매장,test,속옷,T2 동의어,01725ea8-909a-45e7-86dc-3983579c9c4d,이강상사(트라이),내의,신대방1동온누리길골목형상점가,골목형상점가,서울특별시,,,
221ed595a945e8465365,full_annotation_v1,A,q_속옷_03,브라,패션·잡화 중 '속옷'을 판매·제공하는 매장,test,속옷,T2 동의어,0144c6bd-f905-4ee2-9acf-1d86a5327a86,승리상회,"일반내의, 양말",두류종합시장,전통시장,대구광역시,,,
3324a3cf97089d2fcc85,full_annotation_v1,A,q_속옷_03,브라,패션·잡화 중 '속옷'을 판매·제공하는 매장,test,속옷,T2 동의어,000a92b3-0b5e-429e-af00-f86e3570e24b,클로버,의류,관문상가시장,전통시장,대구광역시,,,
d245d9623c428b939d00,full_annotation_v1,A,q_속옷_03,브라,패션·잡화 중 '속옷'을 판매·제공하는 매장,test,속옷,T2 동의어,0b4edd79-aa94-45d2-b962-fb092faa540d,유한회사 브라운컴퍼니,의류,전주원도심 골목형상점가,골목형상점가,전북특별자치도,,,
9d48d557b4e5c007e5b3,full_annotation_v1,A,q_속옷_03,브라,패션·잡화 중 '속옷'을 판매·제공하는 매장,test,속옷,T2 동의어,01e84813-fc68-4e23-81c9-9e743cdd4bc0,서울상회,"양말, 잡화",부산남문시장,전통시장,부산광역시,,,
f479e2d0a6157da66d98,full_annotation_v1,A,q_속옷_03,브라,패션·잡화 중 '속옷'을 판매·제공하는 매장,test,속옷,T2 동의어,0a2b55d0-03da-4657-907b-758f53bdbe60,효제브라이덜(Hyoje Bridal),,대봉동 대백 골목형상점가,골목형상점가,대구광역시,,,
7e975d628456454c1928,full_annotation_v1,A,q_속옷_03,브라,패션·잡화 중 '속옷'을 판매·제공하는 매장,test,속옷,T2 동의어,28ef7668-579f-48d0-93f2-bd416a347c46,체리 브라운,의류,두텁바위 골목형상점가,골목형상점가,서울특별시,,,
dbbdcc50de1424148828,full_annotation_v1,A,q_속옷_03,브라,패션·잡화 중 '속옷'을 판매·제공하는 매장,test,속옷,T2 동의어,00660911-d1ad-4623-b1da-ec818e3dd2c8,하얀느낌,란제리 양말 속옷,한빛프라자 골목형상점가,골목형상점가,대전광역시,,,
89fafa4223b9522aff00,full_annotation_v1,A,q_속옷_03,브라,패션·잡화 중 '속옷'을 판매·제공하는 매장,test,속옷,T2 동의어,55a33aac-edc4-409b-83b9-598c66759fd4,브라운베어,휴게음식점,법리단길 골목형상점가,골목형상점가,전북특별자치도,,,
721c8bb63c439bf09909,full_annotation_v1,A,q_속옷_03,브라,패션·잡화 중 '속옷'을 판매·제공하는 매장,test,속옷,T2 동의어,feb4c7c8-19d5-4057-adc7-ba1ab2a44a74,자매식당,매운탕,인천종합어시장,전통시장,인천광역시,,,
454a0274e8df2fff610a,full_annotation_v1,A,q_속옷_03,브라,패션·잡화 중 '속옷'을 판매·제공하는 매장,test,속옷,T2 동의어,3862937b-b0d3-48a2-a32a-947772fcea3e,브라운돈까스,돈까스,소담마실길 골목형상점가,골목형상점가,세종특별자치시,,,
165ec826332031e52f7a,full_annotation_v1,A,q_속옷_03,브라,패션·잡화 중 '속옷'을 판매·제공하는 매장,test,속옷,T2 동의어,6fdba180-dd8c-4be6-babf-7b8c058ec0c1,원더브라,속옷,메트로센터(반월당지하쇼핑),일반지하상점가,대구광역시,,,
1b7d83149d411ac9a907,full_annotation_v1,A,q_속옷_03,브라,패션·잡화 중 '속옷'을 판매·제공하는 매장,test,속옷,T2 동의어,ca84ab2f-20a3-4ed0-a608-7993f0482019,브라더,야채과일,자양전통시장,전통시장,서울특별시,,,
ee26ae8f0a2c5b3529dc,full_annotation_v1,A,q_속옷_03,브라,패션·잡화 중 '속옷'을 판매·제공하는 매장,test,속옷,T2 동의어,69194ac3-a734-4acc-b5c0-4efa26fbdda5,브라보수산,수산물,명일전통시장,전통시장,서울특별시,,,
a10d30b2af3340bf7fc0,full_annotation_v1,A,q_속옷_03,브라,패션·잡화 중 '속옷'을 판매·제공하는 매장,test,속옷,T2 동의어,002fded9-56a2-42e6-ad4e-06dab5ab6c83,못골메리야스,내의류,못골골목시장,전통시장,부산광역시,,,
f3e38aa3dd161eef4557,full_annotation_v1,A,q_속옷_03,브라,패션·잡화 중 '속옷'을 판매·제공하는 매장,test,속옷,T2 동의어,00172c94-61f0-4197-afeb-d7e8187c79b5,옷이예쁘다,의류,메트로센터(반월당지하쇼핑),일반지하상점가,대구광역시,,,
724b8b584afe5eacac98,full_annotation_v1,A,q_속옷_03,브라,패션·잡화 중 '속옷'을 판매·제공하는 매장,test,속옷,T2 동의어,006c0196-bbe9-41db-b76c-01cc834078d8,BYC전문점당감점,속옷,당감골목시장,전통시장,부산광역시,,,
00e56cadf3c27abdef5e,full_annotation_v1,A,q_속옷_03,브라,패션·잡화 중 '속옷'을 판매·제공하는 매장,test,속옷,T2 동의어,77c754fe-8328-4f20-8322-f67398d49d4a,썬데이키즈,유소년 스포츠교육,빛가람 로데오 골목형상점가,골목형상점가,전라남도,,,
0fb003b29fcb7c0f038d,full_annotation_v1,A,q_속옷_03,브라,패션·잡화 중 '속옷'을 판매·제공하는 매장,test,속옷,T2 동의어,002213bf-7f70-4e62-8df9-0c11e9f4d38d,에띠임,속옷,목포원도심상점가,자율상권구역,전라남도,,,
54b08402e5fff650a52e,full_annotation_v1,A,q_속옷_03,브라,패션·잡화 중 '속옷'을 판매·제공하는 매장,test,속옷,T2 동의어,00124602-ef4e-472c-91ee-de53b28d7530,화이트,의류,울산번개시장,전통시장,울산광역시,,,
5c9b157d256979d8f6df,full_annotation_v1,A,q_속옷_03,브라,패션·잡화 중 '속옷'을 판매·제공하는 매장,test,속옷,T2 동의어,01459610-611f-4516-aa05-19e8e4a11b6d,양평상회,내의,제천중앙시장,전통시장,충청북도,,,
2ad315dcce6df0e53fa7,full_annotation_v1,A,q_속옷_03,브라,패션·잡화 중 '속옷'을 판매·제공하는 매장,test,속옷,T2 동의어,07a7c4c8-dc1b-4aeb-b8d6-1cf63d01228b,브릳,,풍무동1 골목형상점가,골목형상점가,경기도,,,
1491d8331bc416eee439,full_annotation_v1,A,q_속옷_03,브라,패션·잡화 중 '속옷'을 판매·제공하는 매장,test,속옷,T2 동의어,979b0ab4-18b4-41d9-aa1b-099eb621dd09,브라운필투,커피,상도전통시장,전통시장,서울특별시,,,
8d3ccb313ee42b734627,full_annotation_v1,A,q_속옷_03,브라,패션·잡화 중 '속옷'을 판매·제공하는 매장,test,속옷,T2 동의어,afbd41e8-1947-4fce-9f45-b65f780cf6d2,주식회사 브라이덜온유,,사직중앙로 골목형상점가,골목형상점가,광주광역시,,,
282c84ae3b6360df0ee4,full_annotation_v1,A,q_속옷_03,브라,패션·잡화 중 '속옷'을 판매·제공하는 매장,test,속옷,T2 동의어,c3374e47-62c7-43e3-9338-cbaf782cc071,브라더족발,족발,작전시장,전통시장,인천광역시,,,
ced6c215747724ac7577,full_annotation_v1,A,q_속옷_03,브라,패션·잡화 중 '속옷'을 판매·제공하는 매장,test,속옷,T2 동의어,98c1a0da-2868-4aa9-9fb4-37311062fde6,브라더코스메틱,잡화 화장품,금촌문화로시장,전통시장,경기도,,,
0bb3aff8bef224d85264,full_annotation_v1,A,q_속옷_03,브라,패션·잡화 중 '속옷'을 판매·제공하는 매장,test,속옷,T2 동의어,011a3d49-59b4-4598-a6ff-668f578f5094,그린브라우니내동점,,내동서부 골목형상점가,골목형상점가,대전광역시,,,
250c78a482744b68e915,full_annotation_v1,A,q_속옷_03,브라,패션·잡화 중 '속옷'을 판매·제공하는 매장,test,속옷,T2 동의어,4f31a042-fb2d-4afc-870e-a95e137b00c5,토플리(TOPULY),생화,청담동골목형상점가,골목형상점가,서울특별시,,,
90cd6c962d6678f72745,full_annotation_v1,A,q_속옷_03,브라,패션·잡화 중 '속옷'을 판매·제공하는 매장,test,속옷,T2 동의어,6d8f99a1-d9b2-4b27-b239-68ac2b849cfc,하남종로약국,"의약품, 의료기기",하남 골목형상점가,골목형상점가,광주광역시,,,
9fb77c926b4812fb15f1,full_annotation_v1,A,q_속옷_03,브라,패션·잡화 중 '속옷'을 판매·제공하는 매장,test,속옷,T2 동의어,be4bb5db-12a4-43bc-abe9-101958794086,브라더스,한식,신용동 골목형상점가,골목형상점가,광주광역시,,,
f03368bf5efa93d9f678,full_annotation_v1,A,q_속옷_03,브라,패션·잡화 중 '속옷'을 판매·제공하는 매장,test,속옷,T2 동의어,022eed00-e4e9-46d1-b6ea-3b9ff6e46458,동아양말,양말,㈜르네시떼,전통시장,부산광역시,,,
fd5f15cdd7174ca4e10b,full_annotation_v1,A,q_속옷_03,브라,패션·잡화 중 '속옷'을 판매·제공하는 매장,test,속옷,T2 동의어,6fc67463-c0ed-46f7-b970-badc3478af61,브라보툴,공구 외,전남대 상대 골목형상점가,골목형상점가,광주광역시,,,
206c8e51ddb7dd99f299,full_annotation_v1,A,q_속옷_03,브라,패션·잡화 중 '속옷'을 판매·제공하는 매장,test,속옷,T2 동의어,00ae4fd3-cbf9-40fb-8a1b-1e6a0b5ac38b,브라운워크룸,음식점,동문공설시장,전통시장,제주특별자치도,,,
2bbdb31f014d69c36e86,full_annotation_v1,A,q_속옷_03,브라,패션·잡화 중 '속옷'을 판매·제공하는 매장,test,속옷,T2 동의어,e67dbad4-4606-49da-b7f2-dd9f24666575,브라보,한식,임방울거리1구역 골목형상점가,골목형상점가,광주광역시,,,
aaf13e2744cd8a48a1bf,full_annotation_v1,A,q_속옷_03,브라,패션·잡화 중 '속옷'을 판매·제공하는 매장,test,속옷,T2 동의어,8c4d9b33-c25d-41da-9b8d-53cf50bf1812,브라더 신양꼬치,중식,신월7동골목형상점가,골목형상점가,서울특별시,,,
96f2810797d4bfca1323,full_annotation_v1,A,q_속옷_03,브라,패션·잡화 중 '속옷'을 판매·제공하는 매장,test,속옷,T2 동의어,011903e1-651a-425b-9942-46880c0b0ccc,체리핑크,"소매(속옷,란제리)",미금현대벤처빌시장,전통시장,경기도,,,
fe65c0149c245c3ee57c,full_annotation_v1,A,q_속옷_03,브라,패션·잡화 중 '속옷'을 판매·제공하는 매장,test,속옷,T2 동의어,f3e73ce0-fc1e-4d7c-999e-fb6ffc4a49ff,별하람태권도장,태권도 교육,가람삼융타워 골목형상점가,골목형상점가,경기도,,,
2fb534e426d8cf6a2580,full_annotation_v1,A,q_속옷_03,브라,패션·잡화 중 '속옷'을 판매·제공하는 매장,test,속옷,T2 동의어,38b68628-83f0-4ae0-bb49-8f24a7a69ee8,브라우니,의류,신창상가,전통시장,부산광역시,,,
8422f24e00e835037ecc,full_annotation_v1,A,q_속옷_03,브라,패션·잡화 중 '속옷'을 판매·제공하는 매장,test,속옷,T2 동의어,5369f1c6-4c98-42a0-9017-3c21c08a9982,민스,셔츠 브라우스 가방,동산상가,전통시장,대구광역시,,,
dbe01eae91776c5c501f,full_annotation_v1,A,q_속옷_03,브라,패션·잡화 중 '속옷'을 판매·제공하는 매장,test,속옷,T2 동의어,35e339ad-48e9-42a6-9c70-3d16c65f25a9,브라더 족발,족발,오창전통시장,전통시장,충청북도,,,
20749c81e823bde3a1db,full_annotation_v1,A,q_속옷_03,브라,패션·잡화 중 '속옷'을 판매·제공하는 매장,test,속옷,T2 동의어,0b2de4e7-0eea-42cd-aafe-aa8aa298ac82,꾸브라꼬 숯불치킨 첨단점,,첨단아미 골목형상점가,골목형상점가,,,,
0b7d059f6b71600f2f79,full_annotation_v1,A,q_속옷_03,브라,패션·잡화 중 '속옷'을 판매·제공하는 매장,test,속옷,T2 동의어,9110570f-6df0-46b3-a34c-5acf621fc10e,브라이트어학원,,산본사거리 골목형상점가,골목형상점가,경기도,,,
40f4ecacadb6e3c37b8c,full_annotation_v1,A,q_속옷_03,브라,패션·잡화 중 '속옷'을 판매·제공하는 매장,test,속옷,T2 동의어,018f4157-7354-4b1a-85eb-b9da2435df9d,뻥어물24 성원양말,"양말, 계란, 뻥튀기 등",당감골목시장,전통시장,부산광역시,,,
a56b2078f731c775e8c0,full_annotation_v1,A,q_속옷_03,브라,패션·잡화 중 '속옷'을 판매·제공하는 매장,test,속옷,T2 동의어,9b3c0a01-ead0-4007-b712-26416e743e64,브라보수산,수산물,노량진수산시장골목형상점가,골목형상점가,서울특별시,,,
d977f4defa9b014c7f3d,full_annotation_v1,A,q_속옷_03,브라,패션·잡화 중 '속옷'을 판매·제공하는 매장,test,속옷,T2 동의어,1287493d-79e7-4bf3-8850-7ecb5012b278,배스킨라빈스 운정가람마을점,아이스크림,가람삼융타워 골목형상점가,골목형상점가,경기도,,,
490564d4624c35cd3647,full_annotation_v1,A,q_속옷_03,브라,패션·잡화 중 '속옷'을 판매·제공하는 매장,test,속옷,T2 동의어,01ca0e12-5e9f-4cc8-a090-1d2535c35fcb,중앙란제리,내의판매점,문경중앙시장,전통시장,경상북도,,,
868b31b4c3d83e4192f7,full_annotation_v1,A,q_속옷_03,브라,패션·잡화 중 '속옷'을 판매·제공하는 매장,test,속옷,T2 동의어,0114f51c-6520-431d-85c7-c34ff7795c7e,브라운앤보그,,퀸덤3단지골목형상점가,골목형상점가,부산광역시,,,
b481afe799f11e898f9e,full_annotation_v1,A,q_속옷_03,브라,패션·잡화 중 '속옷'을 판매·제공하는 매장,test,속옷,T2 동의어,cb8457ba-3994-42ea-a510-1bfc45f7975e,브라운핸즈라키비움진해,가구,진해중앙시장,전통시장,경상남도,,,
48f30fe709889b82f5b6,full_annotation_v1,A,q_속옷_03,브라,패션·잡화 중 '속옷'을 판매·제공하는 매장,test,속옷,T2 동의어,a42b209b-1a06-42ce-8f83-f87c6626bcef,브라보당구장,당구장,대주먹자골목 골목형상점가,골목형상점가,광주광역시,,,
54aec0aa085c4f706564,full_annotation_v1,A,q_속옷_03,브라,패션·잡화 중 '속옷'을 판매·제공하는 매장,test,속옷,T2 동의어,26345e47-fdb0-4b83-badd-3b091cf5e8b1,브라마파크골프,골프,양산 덕계종합상설시장,전통시장,경상남도,,,
dbf25eb368b239b3cabb,full_annotation_v1,A,q_속옷_03,브라,패션·잡화 중 '속옷'을 판매·제공하는 매장,test,속옷,T2 동의어,2f8472b8-c95c-47ca-8dbc-7e63647c9814,대성버티칼,브라인드커튼,신안교 골목형상점가,골목형상점가,광주광역시,,,
69771e36611b2021d417,full_annotation_v1,A,q_속옷_03,브라,패션·잡화 중 '속옷'을 판매·제공하는 매장,test,속옷,T2 동의어,27379219-aabf-4159-8dea-a07e3062c0a9,검단수입쇠고기전문점,정육점,검단중앙 골목형상점가,골목형상점가,인천광역시,,,
235059b9418b00596b7d,full_annotation_v1,A,q_속옷_03,브라,패션·잡화 중 '속옷'을 판매·제공하는 매장,test,속옷,T2 동의어,08098037-095f-4a8c-bcea-059ed4b9250f,브라우니제과,빵,화정한울타리상인회 골목형상점가,골목형상점가,광주광역시,,,
8708a4450e7df622c136,full_annotation_v1,A,q_속옷_03,브라,패션·잡화 중 '속옷'을 판매·제공하는 매장,test,속옷,T2 동의어,cb07e3cc-2060-4eb4-9536-8384a1fbcb5b,브라운돈가스(반포점),한식,반드레길골목형상점가,골목형상점가,서울특별시,,,
41a056e0dc77257bcf36,full_annotation_v1,A,q_속옷_03,브라,패션·잡화 중 '속옷'을 판매·제공하는 매장,test,속옷,T2 동의어,110bea62-6479-43c6-b695-8b2d852d9f1a,샤트렌,의류,금남지하도상가 1공구,일반지하상점가,광주광역시,,,
595036c209a33343f8f8,full_annotation_v1,A,q_속옷_03,브라,패션·잡화 중 '속옷'을 판매·제공하는 매장,test,속옷,T2 동의어,00054f1d-4cae-4345-9975-1423bc49e4dc,착한아이들,의류,중앙전통시장,전통시장,울산광역시,,,
9f00f3a167a56539e553,full_annotation_v1,A,q_속옷_03,브라,패션·잡화 중 '속옷'을 판매·제공하는 매장,test,속옷,T2 동의어,01638941-6206-4662-b5d9-0e2cae1a4133,하마유통,속옷,서구청먹자골목상인회 골목형상점가,골목형상점가,광주광역시,,,
52b8e08b40ce924f93ae,full_annotation_v1,A,q_속옷_03,브라,패션·잡화 중 '속옷'을 판매·제공하는 매장,test,속옷,T2 동의어,ba39bcd8-777e-4467-9230-6df0169d47fe,아크 브라운,가향제,명동대흥로상점가,자율상권구역,충청남도,,,
12cd505f358e889fbbf4,full_annotation_v1,A,q_속옷_03,브라,패션·잡화 중 '속옷'을 판매·제공하는 매장,test,속옷,T2 동의어,3fbc80ab-7f63-4866-9c11-e4bd7582f2d2,핑크브라,메리야스,중앙전통시장,전통시장,울산광역시,,,
2dd909438fb1f3c5f787,full_annotation_v1,A,q_속옷_03,브라,패션·잡화 중 '속옷'을 판매·제공하는 매장,test,속옷,T2 동의어,64157e85-36fd-498f-a7b1-b10fb96d0f32,T.k(티케이),도소매,남대문시장,전통시장,서울특별시,,,
4e47a89a86904a461980,full_annotation_v1,A,q_속옷_03,브라,패션·잡화 중 '속옷'을 판매·제공하는 매장,test,속옷,T2 동의어,6f67d2c3-e5f7-494f-87c3-f1168ad887b4,엄마 손맛 분식,한식,오류버들시장골목형상점가,골목형상점가,서울특별시,,,
28004aaa34c987e5c576,full_annotation_v1,A,q_속옷_03,브라,패션·잡화 중 '속옷'을 판매·제공하는 매장,test,속옷,T2 동의어,de23016a-acee-486d-98eb-6ba1b0d27e8d,원더브라,속옷 내의 스포츠의류,군산수송 골목형상점가,골목형상점가,전북특별자치도,,,
86cec221212068fc525a,full_annotation_v1,A,q_속옷_03,브라,패션·잡화 중 '속옷'을 판매·제공하는 매장,test,속옷,T2 동의어,1f812954-3336-4c46-8093-e9917d928540,브라더미싱,미싱,중앙전통시장,전통시장,울산광역시,,,
fb55e07e06a84de13489,full_annotation_v1,A,q_속옷_03,브라,패션·잡화 중 '속옷'을 판매·제공하는 매장,test,속옷,T2 동의어,3d1c12c7-27b0-4f10-b884-ff56087588bc,브라질떡볶이,한식,청림마을골목형상점가,골목형상점가,서울특별시,,,
3c0c5b3c64dec74c629b,full_annotation_v1,A,q_속옷_03,브라,패션·잡화 중 '속옷'을 판매·제공하는 매장,test,속옷,T2 동의어,09b1e448-7a9a-4f85-976c-71cefed054f9,윈도우스토리,"브라인드, 커텐",광탄전통시장,전통시장,경기도,,,
cb136a232249791b779d,full_annotation_v1,A,q_속옷_03,브라,패션·잡화 중 '속옷'을 판매·제공하는 매장,test,속옷,T2 동의어,e0dd153f-d734-4dd4-b468-6ceccc1f2e99,우리치킨,치킨,토지금고시장,전통시장,인천광역시,,,
1e58e7e22b451983fab5,full_annotation_v1,A,q_속옷_03,브라,패션·잡화 중 '속옷'을 판매·제공하는 매장,test,속옷,T2 동의어,8906f595-5ec1-4a62-9e9f-cf5b659fec08,원더브라,"의류, 신발, 양말",두류1번가,일반지하상점가,대구광역시,,,
bb4118be03bb99efbec6,full_annotation_v1,A,q_속옷_03,브라,패션·잡화 중 '속옷'을 판매·제공하는 매장,test,속옷,T2 동의어,b3f96874-02fa-44c7-bcab-4da1f328bd56,에브리원 카페,아이스크림,빛가람 로데오 골목형상점가,골목형상점가,전라남도,,,
3ee86dfe3bda1c3bc6db,full_annotation_v1,A,q_속옷_03,브라,패션·잡화 중 '속옷'을 판매·제공하는 매장,test,속옷,T2 동의어,00158f51-4d3a-4ac0-9e38-b37552f5e097,지지배,의류,나주금빛상점가,자율상권구역,전라남도,,,
25a9e626b310e4ac37be,full_annotation_v1,A,q_속옷_03,브라,패션·잡화 중 '속옷'을 판매·제공하는 매장,test,속옷,T2 동의어,c733d008-50cf-404e-9e18-d925e18f27f7,브라더수산,수산물,법원단지길골목형상점가,골목형상점가,서울특별시,,,
30b0c439ae2f9776b747,full_annotation_v1,A,q_속옷_03,브라,패션·잡화 중 '속옷'을 판매·제공하는 매장,test,속옷,T2 동의어,3d749c38-7afd-4316-a724-b4cfba163744,브라더프레시,과일,가름로 골목형상점가,골목형상점가,세종특별자치시,,,
5e6839faf6d711d95771,full_annotation_v1,A,q_속옷_04,양말,패션·잡화 중 '속옷'을 판매·제공하는 매장,test,속옷,T2 동의어,eb2c7f5d-c7c7-4429-afa3-194cc371e0f2,광명,양말,신평화패션타운,전통시장,서울특별시,,,
9c0702c8ce2a6c661a3e,full_annotation_v1,A,q_속옷_04,양말,패션·잡화 중 '속옷'을 판매·제공하는 매장,test,속옷,T2 동의어,0b2de4e7-0eea-42cd-aafe-aa8aa298ac82,꾸브라꼬 숯불치킨 첨단점,,첨단아미 골목형상점가,골목형상점가,,,,
2a81e3b932319012f702,full_annotation_v1,A,q_속옷_04,양말,패션·잡화 중 '속옷'을 판매·제공하는 매장,test,속옷,T2 동의어,01725ea8-909a-45e7-86dc-3983579c9c4d,이강상사(트라이),내의,신대방1동온누리길골목형상점가,골목형상점가,서울특별시,,,
fdbf4f81b685fea01ed8,full_annotation_v1,A,q_속옷_04,양말,패션·잡화 중 '속옷'을 판매·제공하는 매장,test,속옷,T2 동의어,5b35ee5a-94ec-4ba4-a2b2-593e9d0438a8,싹스탑,양말,마산 (주)대현프리몰 지하도상점가,일반지하상점가,경상남도,,,
7eeadfbc389b53e7cee1,full_annotation_v1,A,q_속옷_04,양말,패션·잡화 중 '속옷'을 판매·제공하는 매장,test,속옷,T2 동의어,f27e2cf2-68c2-4c31-a208-94f08bedb527,스타일코코,양말,진잠 골목형상점가,골목형상점가,대전광역시,,,
3c2d1b7764f499fdd9e8,full_annotation_v1,A,q_속옷_04,양말,패션·잡화 중 '속옷'을 판매·제공하는 매장,test,속옷,T2 동의어,5cb2627a-ea83-4976-a3e5-a99f18ddf0be,대오카리스,"다류, 자판기",북동 골목형상점가,골목형상점가,광주광역시,,,
ca1a8718e0e6f5cc2eec,full_annotation_v1,A,q_속옷_04,양말,패션·잡화 중 '속옷'을 판매·제공하는 매장,test,속옷,T2 동의어,9c85094b-fa94-443a-855e-b14cac0b432f,대왕양말,양말,한민시장,전통시장,대전광역시,,,
67bbb036fc942ecc1fb6,full_annotation_v1,A,q_속옷_04,양말,패션·잡화 중 '속옷'을 판매·제공하는 매장,test,속옷,T2 동의어,d062a216-4154-4d65-afdd-3255f03f17b7,태창상회,양말,전주신중앙시장(구 중앙버드나무시장),전통시장,전북특별자치도,,,
a16f06c80bddb24b8050,full_annotation_v1,A,q_속옷_04,양말,패션·잡화 중 '속옷'을 판매·제공하는 매장,test,속옷,T2 동의어,5acd1f3c-7b27-45f1-9681-6f9aaae76677,양말나라,양말,서문시장아진상가,전통시장,대구광역시,,,
ca1fc60c712dfeeae192,full_annotation_v1,A,q_속옷_04,양말,패션·잡화 중 '속옷'을 판매·제공하는 매장,test,속옷,T2 동의어,3f83f7f0-4883-4ded-9f98-18d99748e5fa,양말백화점,양말,정읍연지상점가,자율상권구역,전북특별자치도,,,
dfa578a1518d18475f6b,full_annotation_v1,A,q_속옷_04,양말,패션·잡화 중 '속옷'을 판매·제공하는 매장,test,속옷,T2 동의어,d0a2ba8a-8433-46cc-8c57-a8d009e66b8c,미지양말,양말,서문시장2지구 종합상가,전통시장,대구광역시,,,
5926c9f24315d03d957b,full_annotation_v1,A,q_속옷_04,양말,패션·잡화 중 '속옷'을 판매·제공하는 매장,test,속옷,T2 동의어,1b0b8e5e-a907-4945-b45b-f9f04799d364,대구상회,양말,신남네거리상점가,자율상권구역,대구광역시,,,
2d315d75c9d5489d0996,full_annotation_v1,A,q_속옷_04,양말,패션·잡화 중 '속옷'을 판매·제공하는 매장,test,속옷,T2 동의어,011a3d49-59b4-4598-a6ff-668f578f5094,그린브라우니내동점,,내동서부 골목형상점가,골목형상점가,대전광역시,,,
f4c9f66cf99098c9dcfe,full_annotation_v1,A,q_속옷_04,양말,패션·잡화 중 '속옷'을 판매·제공하는 매장,test,속옷,T2 동의어,baf84a11-bb3e-49ea-97d8-25d18ed501cd,날개,양말,토지금고시장,전통시장,인천광역시,,,
ab8eaf684bd166d54dae,full_annotation_v1,A,q_속옷_04,양말,패션·잡화 중 '속옷'을 판매·제공하는 매장,test,속옷,T2 동의어,593cf4dc-53fe-4c37-813f-c3a572a885ba,사랑방,양말,명동 지하쇼핑센터,일반지하상점가,서울특별시,,,
6ba11671de906cadffb2,full_annotation_v1,A,q_속옷_04,양말,패션·잡화 중 '속옷'을 판매·제공하는 매장,test,속옷,T2 동의어,01e84813-fc68-4e23-81c9-9e743cdd4bc0,서울상회,"양말, 잡화",부산남문시장,전통시장,부산광역시,,,
6806710d2d87df332e65,full_annotation_v1,A,q_속옷_04,양말,패션·잡화 중 '속옷'을 판매·제공하는 매장,test,속옷,T2 동의어,01638941-6206-4662-b5d9-0e2cae1a4133,하마유통,속옷,서구청먹자골목상인회 골목형상점가,골목형상점가,광주광역시,,,
6ade63b52a8ec0fa7334,full_annotation_v1,A,q_속옷_04,양말,패션·잡화 중 '속옷'을 판매·제공하는 매장,test,속옷,T2 동의어,6157783b-f70a-4cf0-a4cf-c1ef987b385d,마르코양말,양말,전주동문상점가,자율상권구역,전북특별자치도,,,
9bc79d3600260381b151,full_annotation_v1,A,q_속옷_04,양말,패션·잡화 중 '속옷'을 판매·제공하는 매장,test,속옷,T2 동의어,6b5ee2f5-63a2-4954-b488-6fa02ff6fd95,평해상회,양말,부산국제시장,전통시장,부산광역시,,,
1c8e7c5aa0a5e8849d95,full_annotation_v1,A,q_속옷_04,양말,패션·잡화 중 '속옷'을 판매·제공하는 매장,test,속옷,T2 동의어,6df93cdf-f0a6-4ac1-a82f-6a626a38ec25,모범정육점,정육,목사랑시장,전통시장,서울특별시,,,
3838d3fcf1bea495ff59,full_annotation_v1,A,q_속옷_04,양말,패션·잡화 중 '속옷'을 판매·제공하는 매장,test,속옷,T2 동의어,002213bf-7f70-4e62-8df9-0c11e9f4d38d,에띠임,속옷,목포원도심상점가,자율상권구역,전라남도,,,
ca4d7a9aed976a057cf8,full_annotation_v1,A,q_속옷_04,양말,패션·잡화 중 '속옷'을 판매·제공하는 매장,test,속옷,T2 동의어,022eed00-e4e9-46d1-b6ea-3b9ff6e46458,동아양말,양말,㈜르네시떼,전통시장,부산광역시,,,
9a22b71f98603906ce9b,full_annotation_v1,A,q_속옷_04,양말,패션·잡화 중 '속옷'을 판매·제공하는 매장,test,속옷,T2 동의어,9aec571d-6daa-4484-b85f-b5313f624934,신왕자상회,양말,부산남문시장,전통시장,부산광역시,,,
cea655ab3ce0b0c0fb8c,full_annotation_v1,A,q_속옷_04,양말,패션·잡화 중 '속옷'을 판매·제공하는 매장,test,속옷,T2 동의어,55dd314a-8d38-4a0b-af32-07493e1f3f30,대왕상회,양말,서문시장2지구 종합상가,전통시장,대구광역시,,,
5c9ea2660178c1290e6b,full_annotation_v1,A,q_속옷_04,양말,패션·잡화 중 '속옷'을 판매·제공하는 매장,test,속옷,T2 동의어,0ca3d48d-a072-4d88-bab6-69a918586de5,양말크루,양말,중앙로 지하상가 상점가,일반지하상점가,대전광역시,,,
948e2257009c2f30e62e,full_annotation_v1,A,q_속옷_04,양말,패션·잡화 중 '속옷'을 판매·제공하는 매장,test,속옷,T2 동의어,3d6875cc-93a9-40ea-9972-94f2cf3b68af,양말이랑,양말,평화시장,전통시장,서울특별시,,,
7970068bfb984928cf42,full_annotation_v1,A,q_속옷_04,양말,패션·잡화 중 '속옷'을 판매·제공하는 매장,test,속옷,T2 동의어,01ca0e12-5e9f-4cc8-a090-1d2535c35fcb,중앙란제리,내의판매점,문경중앙시장,전통시장,경상북도,,,
d94a93ff3fb2b22b1a33,full_annotation_v1,A,q_속옷_04,양말,패션·잡화 중 '속옷'을 판매·제공하는 매장,test,속옷,T2 동의어,285d26aa-1dbd-48be-a2b0-90028a12aa97,대박양말,양말,은구비서로사회적협동조합 골목형상점가,골목형상점가,대전광역시,,,
150cc3ee15aab25ecd8d,full_annotation_v1,A,q_속옷_04,양말,패션·잡화 중 '속옷'을 판매·제공하는 매장,test,속옷,T2 동의어,d62aafc1-1156-4da9-baca-0cf3deba52bf,보고상사,잡화,부산국제시장,전통시장,부산광역시,,,
ed8912765ac1569b5613,full_annotation_v1,A,q_속옷_04,양말,패션·잡화 중 '속옷'을 판매·제공하는 매장,test,속옷,T2 동의어,3b58378b-4040-4a6a-ae16-94692f989d05,보세양말,양말,엑스포코아 골목형상점가,골목형상점가,대전광역시,,,
2c820da9d0f2a5b765bf,full_annotation_v1,A,q_속옷_04,양말,패션·잡화 중 '속옷'을 판매·제공하는 매장,test,속옷,T2 동의어,e0319a90-9d1c-4f79-8f1b-9439e75d8c8a,다농양말,양말,안산다농마트전통시장,전통시장,경기도,,,
5f3cf49514d6de6e3c90,full_annotation_v1,A,q_속옷_04,양말,패션·잡화 중 '속옷'을 판매·제공하는 매장,test,속옷,T2 동의어,e2e39489-96d7-4f7f-98a6-fcae4ea1197f,양말,의류,서산중심상가,자율상권구역,충청남도,,,
6f02a4d99a5e8fb9a470,full_annotation_v1,A,q_속옷_04,양말,패션·잡화 중 '속옷'을 판매·제공하는 매장,test,속옷,T2 동의어,01459610-611f-4516-aa05-19e8e4a11b6d,양평상회,내의,제천중앙시장,전통시장,충청북도,,,
3c47e3b8c5ff267ebcb6,full_annotation_v1,A,q_속옷_04,양말,패션·잡화 중 '속옷'을 판매·제공하는 매장,test,속옷,T2 동의어,632cd266-1bee-4f65-83b8-df4c258b9c7d,만사형통,양말,㈜르네시떼,전통시장,부산광역시,,,
7983ef1c360c71632084,full_annotation_v1,A,q_속옷_04,양말,패션·잡화 중 '속옷'을 판매·제공하는 매장,test,속옷,T2 동의어,063cdc67-06e0-4379-aaf5-7e659fa63c83,포포,양말,부천역 지하도로 상가,일반지하상점가,경기도,,,
544987ea67886e6931da,full_annotation_v1,A,q_속옷_04,양말,패션·잡화 중 '속옷'을 판매·제공하는 매장,test,속옷,T2 동의어,3b0acf57-ce5c-4539-8d97-ddac7095de61,연미용실,미용실,안성중앙시장,전통시장,경기도,,,
2cf1d52e354edee026b2,full_annotation_v1,A,q_속옷_04,양말,패션·잡화 중 '속옷'을 판매·제공하는 매장,test,속옷,T2 동의어,808d8ce7-3bd4-410d-b36a-e1b8619f4812,박군양말,양말,학마을골목형상점가,골목형상점가,서울특별시,,,
4fb7284938cdaba295d5,full_annotation_v1,A,q_속옷_04,양말,패션·잡화 중 '속옷'을 판매·제공하는 매장,test,속옷,T2 동의어,ad878a05-f94c-495f-996c-b9f781b788ef,희망양말,양말 잡화,부평깡통시장(구 부산부평시장),전통시장,부산광역시,,,
40980d40977ac62c712a,full_annotation_v1,A,q_속옷_04,양말,패션·잡화 중 '속옷'을 판매·제공하는 매장,test,속옷,T2 동의어,876cb291-27d1-46c2-a1c7-2d342b79323d,두계절,양말,우림골목시장,전통시장,서울특별시,,,
d622fe4b0f882b721a8e,full_annotation_v1,A,q_속옷_04,양말,패션·잡화 중 '속옷'을 판매·제공하는 매장,test,속옷,T2 동의어,47a337ee-1c79-4b2d-9498-65ea51ef8df5,하얀집,양말,수원역전지하도상가,일반지하상점가,경기도,,,
535b300c468f8e3c380b,full_annotation_v1,A,q_속옷_04,양말,패션·잡화 중 '속옷'을 판매·제공하는 매장,test,속옷,T2 동의어,4cd9070f-a23c-430f-ab75-36a0ac27ecff,믿음양말,양말,암사종합시장,전통시장,서울특별시,,,
e4031904ee1017ec3092,full_annotation_v1,A,q_속옷_04,양말,패션·잡화 중 '속옷'을 판매·제공하는 매장,test,속옷,T2 동의어,0114f51c-6520-431d-85c7-c34ff7795c7e,브라운앤보그,,퀸덤3단지골목형상점가,골목형상점가,부산광역시,,,
f025b883b67a6f948afb,full_annotation_v1,A,q_속옷_04,양말,패션·잡화 중 '속옷'을 판매·제공하는 매장,test,속옷,T2 동의어,9b158d40-3249-4086-a5a5-c13fccb8d79a,원일상회,양말,신평화패션타운,전통시장,서울특별시,,,
f1512b4085ed255b0e1a,full_annotation_v1,A,q_속옷_04,양말,패션·잡화 중 '속옷'을 판매·제공하는 매장,test,속옷,T2 동의어,7a33399b-39c9-46dc-b6a4-ba7e63f0c6e5,목화상회,양말,부산남문시장,전통시장,부산광역시,,,
8ede87fde438fda1de26,full_annotation_v1,A,q_속옷_04,양말,패션·잡화 중 '속옷'을 판매·제공하는 매장,test,속옷,T2 동의어,9e196d19-08ed-46b9-8a9a-b88aa0b039fb,대진상회,양말,신남네거리상점가,자율상권구역,대구광역시,,,
49418a26edeca91d3c9e,full_annotation_v1,A,q_속옷_04,양말,패션·잡화 중 '속옷'을 판매·제공하는 매장,test,속옷,T2 동의어,fb013eae-a510-4953-8847-3fff4a6a7ed4,양말천국,양말,만물의거리시장,전통시장,부산광역시,,,
4f14429b86e6953421f8,full_annotation_v1,A,q_속옷_04,양말,패션·잡화 중 '속옷'을 판매·제공하는 매장,test,속옷,T2 동의어,c31510b4-a00a-46bf-815d-7735757cf5f2,창원양말,양말,창원 상남시장,전통시장,경상남도,,,
e437bcfe65dc24277638,full_annotation_v1,A,q_속옷_04,양말,패션·잡화 중 '속옷'을 판매·제공하는 매장,test,속옷,T2 동의어,00124602-ef4e-472c-91ee-de53b28d7530,화이트,의류,울산번개시장,전통시장,울산광역시,,,
1280069fed00b5efab92,full_annotation_v1,A,q_속옷_04,양말,패션·잡화 중 '속옷'을 판매·제공하는 매장,test,속옷,T2 동의어,00172c94-61f0-4197-afeb-d7e8187c79b5,옷이예쁘다,의류,메트로센터(반월당지하쇼핑),일반지하상점가,대구광역시,,,
b4300f926cb8711b9a63,full_annotation_v1,A,q_속옷_04,양말,패션·잡화 중 '속옷'을 판매·제공하는 매장,test,속옷,T2 동의어,b0cadfee-32c6-4cad-aa95-330a801d4abb,김천상회,양말,신남네거리상점가,자율상권구역,대구광역시,,,
688cc4a6c8cdaf1c0c4b,full_annotation_v1,A,q_속옷_04,양말,패션·잡화 중 '속옷'을 판매·제공하는 매장,test,속옷,T2 동의어,00158f51-4d3a-4ac0-9e38-b37552f5e097,지지배,의류,나주금빛상점가,자율상권구역,전라남도,,,
ecc249c7a32995828a9c,full_annotation_v1,A,q_속옷_04,양말,패션·잡화 중 '속옷'을 판매·제공하는 매장,test,속옷,T2 동의어,84e7bf18-55ca-4fac-ac65-e9191c3d2a08,양말할인매장,양말,도마큰시장,전통시장,대전광역시,,,
299e9ad9e2ce8408c02a,full_annotation_v1,A,q_속옷_04,양말,패션·잡화 중 '속옷'을 판매·제공하는 매장,test,속옷,T2 동의어,1d18819d-9c29-4e53-ab8a-6e9dc7ceef73,우리들 양말,양말,우산골 골목형상점가,골목형상점가,광주광역시,,,
e9028c1a98f55b50e192,full_annotation_v1,A,q_속옷_04,양말,패션·잡화 중 '속옷'을 판매·제공하는 매장,test,속옷,T2 동의어,189d2b4c-4bae-4a5a-b7c4-120afc0c722d,한승상회,양말,부산자유시장,전통시장,부산광역시,,,
bdd90e4310c503ad1675,full_annotation_v1,A,q_속옷_04,양말,패션·잡화 중 '속옷'을 판매·제공하는 매장,test,속옷,T2 동의어,094be15d-5840-4cd8-8081-df44c537e203,양말공방,양말,의정부역지하상가,일반지하상점가,경기도,,,
5d19a9a1d89ce2721bd2,full_annotation_v1,A,q_속옷_04,양말,패션·잡화 중 '속옷'을 판매·제공하는 매장,test,속옷,T2 동의어,e64593bd-5d18-42f8-b07d-3c1a46db2b1f,이덕웅소아청소년과,소아청소년과,독립로 백운1동 골목형상점가,골목형상점가,광주광역시,,,
c9b7ebdecd7e013a3cc6,full_annotation_v1,A,q_속옷_04,양말,패션·잡화 중 '속옷'을 판매·제공하는 매장,test,속옷,T2 동의어,c7055d66-8b85-44cc-b370-a0c97f17dd63,상상공간,양말,중앙로 지하상가 상점가,일반지하상점가,대전광역시,,,
8cf39a80450df9cbe835,full_annotation_v1,A,q_속옷_04,양말,패션·잡화 중 '속옷'을 판매·제공하는 매장,test,속옷,T2 동의어,018f4157-7354-4b1a-85eb-b9da2435df9d,뻥어물24 성원양말,"양말, 계란, 뻥튀기 등",당감골목시장,전통시장,부산광역시,,,
04b9efd509edb973311d,full_annotation_v1,A,q_속옷_04,양말,패션·잡화 중 '속옷'을 판매·제공하는 매장,test,속옷,T2 동의어,e1930e47-9f26-48fb-b391-2c4afdcb8e93,맘스터치카이스트점,버거,어은누리 골목형상점가,골목형상점가,대전광역시,,,
e3e1a78093274e59e5ef,full_annotation_v1,A,q_속옷_04,양말,패션·잡화 중 '속옷'을 판매·제공하는 매장,test,속옷,T2 동의어,98a2ea6c-af42-41c5-9d7d-fe60f319f355,롱다리패션양말,양말,부산평화시장,전통시장,부산광역시,,,
7037ec93f6ba9b392bf8,full_annotation_v1,A,q_속옷_04,양말,패션·잡화 중 '속옷'을 판매·제공하는 매장,test,속옷,T2 동의어,255b0b37-1ee9-4e20-b9fa-3786a2ea2add,양말천국,양말,서문시장 제1지구1층(직물시장),전통시장,대구광역시,,,
00eb0cd9324a392999d3,full_annotation_v1,A,q_속옷_04,양말,패션·잡화 중 '속옷'을 판매·제공하는 매장,test,속옷,T2 동의어,254ba68a-b115-4520-9767-43f568f1a34f,비즈수공예악세사리,양말,천안중앙시장,전통시장,충청남도,,,
fc1f9c33d262f6fd7314,full_annotation_v1,A,q_속옷_04,양말,패션·잡화 중 '속옷'을 판매·제공하는 매장,test,속옷,T2 동의어,0903c654-8ad3-4cef-832a-1901016f42ee,심포니,양말,석바위지하도상점가,일반지하상점가,인천광역시,,,
28a48039dabbad8433ab,full_annotation_v1,A,q_속옷_04,양말,패션·잡화 중 '속옷'을 판매·제공하는 매장,test,속옷,T2 동의어,6701df62-bd14-442d-92c4-05dc29d4ee93,양말천국,양말,서남신시장,전통시장,대구광역시,,,
0eea9661b29a15d9ae4d,full_annotation_v1,A,q_속옷_04,양말,패션·잡화 중 '속옷'을 판매·제공하는 매장,test,속옷,T2 동의어,2e051112-3f23-4f79-887f-ce91af68eb1e,신기양말,양말,신기시장,전통시장,인천광역시,,,
47f1e6a7c31342122793,full_annotation_v1,A,q_속옷_04,양말,패션·잡화 중 '속옷'을 판매·제공하는 매장,test,속옷,T2 동의어,d2c9fcf5-eb48-4cf7-8f8c-2824204df43a,패션양말,양말,서문시장아진상가,전통시장,대구광역시,,,
3d5a17e2b2b4e101f443,full_annotation_v1,A,q_속옷_04,양말,패션·잡화 중 '속옷'을 판매·제공하는 매장,test,속옷,T2 동의어,a857f82b-cc72-445b-87c9-2440b5794cb3,합천상회,양말,신평화패션타운,전통시장,서울특별시,,,
f3cc1f1781a565226b41,full_annotation_v1,A,q_속옷_04,양말,패션·잡화 중 '속옷'을 판매·제공하는 매장,test,속옷,T2 동의어,d2c8654a-b4a2-416f-aa00-1ffc420e8022,경북양말,양말,신남네거리상점가,자율상권구역,대구광역시,,,
5d0ffe6f91a8be0491b5,full_annotation_v1,A,q_속옷_04,양말,패션·잡화 중 '속옷'을 판매·제공하는 매장,test,속옷,T2 동의어,3dc2edf0-b9b9-4623-a10a-ee002627d402,월계수,양말,숭례문수입상가,전통시장,서울특별시,,,
e6c381a622123429bbf8,full_annotation_v1,A,q_속옷_04,양말,패션·잡화 중 '속옷'을 판매·제공하는 매장,test,속옷,T2 동의어,9eabf5c9-303d-4b94-b456-5484c1b736ba,GreatFaith 양말 셀프점,양말,종각지하쇼핑센터,일반지하상점가,서울특별시,,,
a221b5df03a8ce40f3e2,full_annotation_v1,A,q_속옷_04,양말,패션·잡화 중 '속옷'을 판매·제공하는 매장,test,속옷,T2 동의어,3e9d50b3-a006-4363-b204-18471471eb65,아모레카운셀러,양말,홍천중앙시장(홍천신시장),전통시장,강원특별자치도,,,
0d239f24cca83884578c,full_annotation_v1,A,q_속옷_04,양말,패션·잡화 중 '속옷'을 판매·제공하는 매장,test,속옷,T2 동의어,a6773fa1-1bf1-4960-a6bc-43df83c070ba,크라운랜드,양말,남대문시장,전통시장,서울특별시,,,
3367ea0bbc97fcdb86f5,full_annotation_v1,A,q_속옷_04,양말,패션·잡화 중 '속옷'을 판매·제공하는 매장,test,속옷,T2 동의어,340a52eb-ab64-4cf0-9c85-a514ba13a791,천국양말,양말,강릉성남시장,전통시장,강원특별자치도,,,
945962a687b3250d3e44,full_annotation_v1,A,q_속옷_04,양말,패션·잡화 중 '속옷'을 판매·제공하는 매장,test,속옷,T2 동의어,1fa9e467-fb18-4e35-9155-11930c5bcbd0,삭스팩토리,양말,성남중앙지하시장,일반지하상점가,경기도,,,
0f04f632ea9a56f35c7f,full_annotation_v1,A,q_속옷_04,양말,패션·잡화 중 '속옷'을 판매·제공하는 매장,test,속옷,T2 동의어,e7fc3d27-ace1-4f79-9973-0835074f580b,태현수산,수산물 도매,평택통복시장,전통시장,경기도,,,
2044bf87c42ce74cc6dd,full_annotation_v1,A,q_속옷_04,양말,패션·잡화 중 '속옷'을 판매·제공하는 매장,test,속옷,T2 동의어,0319b413-a96d-4074-9a89-ed9d4a7facd5,히포양말,양말,천안신부문화거리상점가,자율상권구역,충청남도,,,
6c1f7995975a4e7eedd6,full_annotation_v1,A,q_속옷_04,양말,패션·잡화 중 '속옷'을 판매·제공하는 매장,test,속옷,T2 동의어,a6226c19-5d7c-45d8-b7db-43cb58f9984d,판다양말,양말,운암 서암대로1 골목형상점가,골목형상점가,광주광역시,,,
96256a4518653e948caf,full_annotation_v1,A,q_속옷_04,양말,패션·잡화 중 '속옷'을 판매·제공하는 매장,test,속옷,T2 동의어,00660911-d1ad-4623-b1da-ec818e3dd2c8,하얀느낌,란제리 양말 속옷,한빛프라자 골목형상점가,골목형상점가,대전광역시,,,
b645f79229834916f163,full_annotation_v1,A,q_속옷_04,양말,패션·잡화 중 '속옷'을 판매·제공하는 매장,test,속옷,T2 동의어,08ea0db8-dca6-462c-b8bd-544c69c6604c,양말스토어,양말,수원역전지하도상가,일반지하상점가,경기도,,,
ebb5b2ebe0106a48bf19,full_annotation_v1,A,q_속옷_04,양말,패션·잡화 중 '속옷'을 판매·제공하는 매장,test,속옷,T2 동의어,03010bab-c620-4176-b8d1-aa44fe2aaf5f,양말할인매장,양말,중리시장,전통시장,대전광역시,,,
6d8b2d4d8d7b94de6f72,full_annotation_v1,A,q_속옷_04,양말,패션·잡화 중 '속옷'을 판매·제공하는 매장,test,속옷,T2 동의어,00054f1d-4cae-4345-9975-1423bc49e4dc,착한아이들,의류,중앙전통시장,전통시장,울산광역시,,,
28791a16ca14e8b4f478,full_annotation_v1,A,q_속옷_04,양말,패션·잡화 중 '속옷'을 판매·제공하는 매장,test,속옷,T2 동의어,cba8a114-3f0a-41d9-b849-6d450f812e1e,조일상회,양말,신남네거리상점가,자율상권구역,대구광역시,,,
43229fb984dc0f65148a,full_annotation_v1,A,q_속옷_04,양말,패션·잡화 중 '속옷'을 판매·제공하는 매장,test,속옷,T2 동의어,9d4dfba6-c88e-413b-8954-0d87b1dce9b9,싹스탑동인천점,양말,인천중앙로지하상가,일반지하상점가,인천광역시,,,
11d7d55bd5341414564f,full_annotation_v1,A,q_속옷_04,양말,패션·잡화 중 '속옷'을 판매·제공하는 매장,test,속옷,T2 동의어,5f24cb74-4dd8-4cb4-8941-046a37d06eee,패션양말,양말,금남지하도상가 1공구,일반지하상점가,광주광역시,,,
f1da793b4e870c991af8,full_annotation_v1,A,q_속옷_04,양말,패션·잡화 중 '속옷'을 판매·제공하는 매장,test,속옷,T2 동의어,011903e1-651a-425b-9942-46880c0b0ccc,체리핑크,"소매(속옷,란제리)",미금현대벤처빌시장,전통시장,경기도,,,
842a35bd04f5adcb07e7,full_annotation_v1,A,q_속옷_04,양말,패션·잡화 중 '속옷'을 판매·제공하는 매장,test,속옷,T2 동의어,dfc1d8c7-8d2e-44dd-af7b-5b55432b5104,부평상사,접착제,인천산업유통센터,전통시장,인천광역시,,,
542d788031ef2377eefb,full_annotation_v1,A,q_속옷_04,양말,패션·잡화 중 '속옷'을 판매·제공하는 매장,test,속옷,T2 동의어,7a5e378b-a2f6-433d-9919-9f06005f45c3,성덕유통,양말,부산남문시장,전통시장,부산광역시,,,
ff200e522455bb9584df,full_annotation_v1,A,q_속옷_04,양말,패션·잡화 중 '속옷'을 판매·제공하는 매장,test,속옷,T2 동의어,890a890f-5cbd-4c53-a7f1-46f91ab08452,고려,양말,남대문시장,전통시장,서울특별시,,,
6ae9f760da4e73999809,full_annotation_v1,A,q_속옷_04,양말,패션·잡화 중 '속옷'을 판매·제공하는 매장,test,속옷,T2 동의어,2b568288-a657-451b-9a5c-bb2e302c87fb,아이커버,양말,서면지하도상가 부전몰,일반지하상점가,부산광역시,,,
ff5387c9e00a80a736af,full_annotation_v1,A,q_속옷_04,양말,패션·잡화 중 '속옷'을 판매·제공하는 매장,test,속옷,T2 동의어,ae228ab6-4a20-4cbc-989d-7a002005f648,양말양말,양말,롯데 리치빌골목형상점가,골목형상점가,대전광역시,,,
ff38b5e2fe8496df88e6,full_annotation_v1,A,q_속옷_04,양말,패션·잡화 중 '속옷'을 판매·제공하는 매장,test,속옷,T2 동의어,c891ce89-169a-44b7-9273-db6041b5fee8,선산양말,양말,신남네거리상점가,자율상권구역,대구광역시,,,
36d8ad8082196f3d5ed7,full_annotation_v1,A,q_속옷_04,양말,패션·잡화 중 '속옷'을 판매·제공하는 매장,test,속옷,T2 동의어,e57812dc-0399-4b90-bfea-79dcdc9afbfc,화성상회,양말,서문시장2지구 종합상가,전통시장,대구광역시,,,
fb30e8fce1177d682d15,full_annotation_v1,A,q_속옷_04,양말,패션·잡화 중 '속옷'을 판매·제공하는 매장,test,속옷,T2 동의어,67938efb-9142-4b16-8079-214e92a78935,독산양말,양말,남문시장,전통시장,서울특별시,,,
29f8edcdec9801f800cb,full_annotation_v1,A,q_속옷_04,양말,패션·잡화 중 '속옷'을 판매·제공하는 매장,test,속옷,T2 동의어,73ab3f82-6d4c-476e-8221-ecfe5d6b48c6,양말백화점,양말,말바우시장,전통시장,광주광역시,,,
66461358edc9ca14b249,full_annotation_v1,A,q_속옷_04,양말,패션·잡화 중 '속옷'을 판매·제공하는 매장,test,속옷,T2 동의어,176764b9-6877-4a70-8572-78b1c19a5a35,마치,양말,남대문시장,전통시장,서울특별시,,,
906c4c61077bd3e22c6f,full_annotation_v1,A,q_속옷_04,양말,패션·잡화 중 '속옷'을 판매·제공하는 매장,test,속옷,T2 동의어,9c715432-58b9-462a-a98f-bf7f40edd089,대왕상회,양말,서문시장 제5지구,전통시장,대구광역시,,,
4fc4c54cfae214138ed8,full_annotation_v1,A,q_속옷_04,양말,패션·잡화 중 '속옷'을 판매·제공하는 매장,test,속옷,T2 동의어,006c0196-bbe9-41db-b76c-01cc834078d8,BYC전문점당감점,속옷,당감골목시장,전통시장,부산광역시,,,
ca0b59d971e719eea0c9,full_annotation_v1,A,q_속옷_04,양말,패션·잡화 중 '속옷'을 판매·제공하는 매장,test,속옷,T2 동의어,0ffcc474-d318-4109-a832-55c2c84bb46b,라이즈업코리아,양말,반드레길골목형상점가,골목형상점가,서울특별시,,,
29d6d4bdc091265f21e7,full_annotation_v1,A,q_속옷_04,양말,패션·잡화 중 '속옷'을 판매·제공하는 매장,test,속옷,T2 동의어,667e8ce0-aa84-47ec-b330-d8380d83f9a5,싹스탑,양말,안산다농마트전통시장,전통시장,경기도,,,
bf398d978dd2accdf7a8,full_annotation_v1,A,q_속옷_04,양말,패션·잡화 중 '속옷'을 판매·제공하는 매장,test,속옷,T2 동의어,918f141d-4b49-4d21-a426-d392be808c72,굿삭스,양말,남대문시장,전통시장,서울특별시,,,
c51ae302fe0fb5555f17,full_annotation_v1,A,q_속옷_04,양말,패션·잡화 중 '속옷'을 판매·제공하는 매장,test,속옷,T2 동의어,09b1e448-7a9a-4f85-976c-71cefed054f9,윈도우스토리,"브라인드, 커텐",광탄전통시장,전통시장,경기도,,,
b34a85ab4c085098e594,full_annotation_v1,A,q_속옷_04,양말,패션·잡화 중 '속옷'을 판매·제공하는 매장,test,속옷,T2 동의어,ddcabd4f-84f8-441a-a477-79bb58334c93,로즈마리,양말,동산상가,전통시장,대구광역시,,,
179680415040a26e957a,full_annotation_v1,A,q_속옷_04,양말,패션·잡화 중 '속옷'을 판매·제공하는 매장,test,속옷,T2 동의어,b66ec1ea-aafc-4570-95ab-91ea137e55c0,현대상회,양말,서문시장 제5지구,전통시장,대구광역시,,,
bbe4e2fbc452f013d3c3,full_annotation_v1,A,q_속옷_04,양말,패션·잡화 중 '속옷'을 판매·제공하는 매장,test,속옷,T2 동의어,a16eb77e-b672-47ab-b7d1-7277e2e5239c,발 편한 양말,양말,거북시장,전통시장,인천광역시,,,
d8f4d1cee1b759354d58,full_annotation_v1,A,q_속옷_04,양말,패션·잡화 중 '속옷'을 판매·제공하는 매장,test,속옷,T2 동의어,2c1db041-8055-42e5-8a70-ec9ee9f51341,혜수패션,양말,㈜르네시떼,전통시장,부산광역시,,,
6d5ea9fc65382e2cc755,full_annotation_v1,A,q_속옷_04,양말,패션·잡화 중 '속옷'을 판매·제공하는 매장,test,속옷,T2 동의어,002fded9-56a2-42e6-ad4e-06dab5ab6c83,못골메리야스,내의류,못골골목시장,전통시장,부산광역시,,,
6a1fd773a4c05f9fb490,full_annotation_v1,A,q_속옷_04,양말,패션·잡화 중 '속옷'을 판매·제공하는 매장,test,속옷,T2 동의어,000a92b3-0b5e-429e-af00-f86e3570e24b,클로버,의류,관문상가시장,전통시장,대구광역시,,,
515419ab53f76e1f7b56,full_annotation_v1,A,q_속옷_04,양말,패션·잡화 중 '속옷'을 판매·제공하는 매장,test,속옷,T2 동의어,9d97db2f-9f23-41be-a3fb-c35fd4e1ab36,촌놈양말,양말,성북천골목형상점가,골목형상점가,서울특별시,,,
986e0b0fbc8d9b7da004,full_annotation_v1,A,q_속옷_04,양말,패션·잡화 중 '속옷'을 판매·제공하는 매장,test,속옷,T2 동의어,9572c6f0-be48-45a1-a10a-f63afbb523fc,로미에프엔비(ROMI F&B),샌드위치 외,수성하이츠쇼핑몰,전통시장,대구광역시,,,
d7389cea5513cdb7a6a3,full_annotation_v1,A,q_속옷_04,양말,패션·잡화 중 '속옷'을 판매·제공하는 매장,test,속옷,T2 동의어,c7d45bfd-e0de-48dd-a278-edb77c8de0f9,태화상회,양말,신남네거리상점가,자율상권구역,대구광역시,,,
fb0f46c3cec81b548672,full_annotation_v1,A,q_속옷_04,양말,패션·잡화 중 '속옷'을 판매·제공하는 매장,test,속옷,T2 동의어,099c873f-bdab-45ad-8f0e-6e8a6aa6ed29,토탈싹스,양말,Team204,전통시장,서울특별시,,,
16f39c1c55ec113d8bd6,full_annotation_v1,A,q_속옷_04,양말,패션·잡화 중 '속옷'을 판매·제공하는 매장,test,속옷,T2 동의어,c255b2a4-7b54-4ec8-8f4c-efa712afe7a5,은광상회,양말,양동복개상가,전통시장,광주광역시,,,
066ced3b8c8a1740e635,full_annotation_v1,A,q_속옷_04,양말,패션·잡화 중 '속옷'을 판매·제공하는 매장,test,속옷,T2 동의어,09f7e407-3b7b-4035-b6d1-b3b01f754ef3,에이룸헤어살롱,일반미용업,두암1동군왕로 골목형상점가,골목형상점가,광주광역시,,,
2da5a95617f4f4e09e96,full_annotation_v1,A,q_속옷_04,양말,패션·잡화 중 '속옷'을 판매·제공하는 매장,test,속옷,T2 동의어,a4e850f5-ca8d-438a-a060-a557c00c9284,대경상회,양말,신남네거리상점가,자율상권구역,대구광역시,,,
d764fb6497331aaf7b5d,full_annotation_v1,A,q_속옷_04,양말,패션·잡화 중 '속옷'을 판매·제공하는 매장,test,속옷,T2 동의어,0f497588-c36e-46bb-b7fd-f5d41934ecdc,수일통닭,통닭,주월리 골목형상점가,골목형상점가,광주광역시,,,
7670c3f61e77398df641,full_annotation_v1,A,q_속옷_04,양말,패션·잡화 중 '속옷'을 판매·제공하는 매장,test,속옷,T2 동의어,55122a6a-b55e-468a-8235-23ca572c5e88,하얀나라,세탁물수거배달,독립로 백운1동 골목형상점가,골목형상점가,광주광역시,,,
b014c160f66295117783,full_annotation_v1,A,q_속옷_04,양말,패션·잡화 중 '속옷'을 판매·제공하는 매장,test,속옷,T2 동의어,0144c6bd-f905-4ee2-9acf-1d86a5327a86,승리상회,"일반내의, 양말",두류종합시장,전통시장,대구광역시,,,
0d5cd84780fb9d08ebd4,full_annotation_v1,A,q_속옷_04,양말,패션·잡화 중 '속옷'을 판매·제공하는 매장,test,속옷,T2 동의어,afd4edf3-4ede-4000-88e0-c4705af59be3,두찜 광주상무점,찜닭,상무백운상인회 골목형상점가,골목형상점가,광주광역시,,,
cae67164bb916d6da984,full_annotation_v1,A,q_속옷_04,양말,패션·잡화 중 '속옷'을 판매·제공하는 매장,test,속옷,T2 동의어,af46e708-5513-4062-ba37-d404eaf6f488,박경화헤어샵,미용실,두암1동군왕로 골목형상점가,골목형상점가,광주광역시,,,
b3419f27bd72854486fb,full_annotation_v1,A,q_속옷_04,양말,패션·잡화 중 '속옷'을 판매·제공하는 매장,test,속옷,T2 동의어,ecaa389d-be82-4903-a754-35399b13ea9b,운동다짐,운동강습,주월장산 골목형상점가,골목형상점가,광주광역시,,,
d31ca36ac558bbdd2e1d,full_annotation_v1,A,q_속옷_04,양말,패션·잡화 중 '속옷'을 판매·제공하는 매장,test,속옷,T2 동의어,a915a7c7-247c-4a89-b507-4c74202a7682,보현양말,양말,부산남문시장,전통시장,부산광역시,,,
223078a8e55874c43a7b,full_annotation_v1,A,q_속옷_04,양말,패션·잡화 중 '속옷'을 판매·제공하는 매장,test,속옷,T2 동의어,524e7666-3bbd-451f-a794-7ee000058e94,동남상회,양말,부산국제시장,전통시장,부산광역시,,,
b9b039e4f664fc277dd2,full_annotation_v1,A,q_속옷_04,양말,패션·잡화 중 '속옷'을 판매·제공하는 매장,test,속옷,T2 동의어,f79c4c53-5052-43e5-8c41-9652247a1784,금강산양말,양말,구리전통시장,전통시장,경기도,,,
68ec54608beadbe3ed25,full_annotation_v1,A,q_속옷_04,양말,패션·잡화 중 '속옷'을 판매·제공하는 매장,test,속옷,T2 동의어,ef3701ff-dd9a-4dfa-88cf-bf56cc5394e7,상경,양말,서대구시장,전통시장,대구광역시,,,
8d7199c8593ac86fd8d7,full_annotation_v1,A,q_속옷_04,양말,패션·잡화 중 '속옷'을 판매·제공하는 매장,test,속옷,T2 동의어,4143d9fa-6149-450f-a07e-5480244aad72,오버릿,커피및 디저트,풍암호수앞상인회 골목형상점가,골목형상점가,광주광역시,,,
8e572446423e3fd5a1e6,full_annotation_v1,A,q_속옷_04,양말,패션·잡화 중 '속옷'을 판매·제공하는 매장,test,속옷,T2 동의어,e066d4cb-d977-4d47-81f2-fac1f0f7b387,양말&빤쮸,"양말, 속옷",인천중앙로지하상가,일반지하상점가,인천광역시,,,
07d25e75c381be5f3ae2,full_annotation_v1,A,q_속옷_04,양말,패션·잡화 중 '속옷'을 판매·제공하는 매장,test,속옷,T2 동의어,3ba70356-c61d-4655-bba8-b35c861b4c13,칠복상회,양말,동산상가,전통시장,대구광역시,,,
73a586b9be3572bae159,full_annotation_v1,A,q_속옷_04,양말,패션·잡화 중 '속옷'을 판매·제공하는 매장,test,속옷,T2 동의어,588179ec-816d-492f-9c4a-3728ab731439,은하양말,양말,부산자유시장,전통시장,부산광역시,,,
ab48be6d86d39546123d,full_annotation_v1,A,q_속옷_04,양말,패션·잡화 중 '속옷'을 판매·제공하는 매장,test,속옷,T2 동의어,0a2b55d0-03da-4657-907b-758f53bdbe60,효제브라이덜(Hyoje Bridal),,대봉동 대백 골목형상점가,골목형상점가,대구광역시,,,
3981b26801eec4a849a8,full_annotation_v1,A,q_속옷_05,속옷 파는 데,패션·잡화 중 '속옷'을 판매·제공하는 매장,test,속옷,T4 구어·문장,2d13bc8d-1dec-4cc5-95e0-bc4cf68b5e37,항동 정성한우 수목원점,,항동 골목형상점가,골목형상점가,서울특별시,,,
2e57c2cc7bec75f80fc2,full_annotation_v1,A,q_속옷_05,속옷 파는 데,패션·잡화 중 '속옷'을 판매·제공하는 매장,test,속옷,T4 구어·문장,7995311d-ab69-4005-b1fc-cd471de0245c,믿음상회,속옷,중앙시장,전통시장,인천광역시,,,
ab6401f2fb8512352ec6,full_annotation_v1,A,q_속옷_05,속옷 파는 데,패션·잡화 중 '속옷'을 판매·제공하는 매장,test,속옷,T4 구어·문장,205c7fd1-1297-4d1a-a8d0-e3b1bcd78ec1,BYC,속옷,계양산전통시장,전통시장,인천광역시,,,
ce490fa1af00461b1ad3,full_annotation_v1,A,q_속옷_05,속옷 파는 데,패션·잡화 중 '속옷'을 판매·제공하는 매장,test,속옷,T4 구어·문장,ac928dc4-c67e-4515-9f2f-1a497d2651e2,한민속옷,속옷,한민시장,전통시장,대전광역시,,,
473d1e4d8928d15142a1,full_annotation_v1,A,q_속옷_05,속옷 파는 데,패션·잡화 중 '속옷'을 판매·제공하는 매장,test,속옷,T4 구어·문장,00124602-ef4e-472c-91ee-de53b28d7530,화이트,의류,울산번개시장,전통시장,울산광역시,,,
0d705c51827068984ea3,full_annotation_v1,A,q_속옷_05,속옷 파는 데,패션·잡화 중 '속옷'을 판매·제공하는 매장,test,속옷,T4 구어·문장,8b2fbdc8-3112-4586-b9e9-34e07e989177,루비속옷,속옷 잡화,구미역중앙 골목형상점가,골목형상점가,경상북도,,,
6729d1ea0efc05b87882,full_annotation_v1,A,q_속옷_05,속옷 파는 데,패션·잡화 중 '속옷'을 판매·제공하는 매장,test,속옷,T4 구어·문장,fd7f3280-090e-4e00-8b0c-e6d2fbf3e056,서원BYC,속옷,안락오거리골목형상점가,골목형상점가,부산광역시,,,
48e27f0309c920dbe4bf,full_annotation_v1,A,q_속옷_05,속옷 파는 데,패션·잡화 중 '속옷'을 판매·제공하는 매장,test,속옷,T4 구어·문장,d58a7b4c-84c5-4923-8555-0799900d2945,유니언더웨어,속옷,주막거리상점가,자율상권구역,경기도,,,
e26db401de40f91bcf2b,full_annotation_v1,A,q_속옷_05,속옷 파는 데,패션·잡화 중 '속옷'을 판매·제공하는 매장,test,속옷,T4 구어·문장,951c51c5-5c01-42ca-9390-f6076049a40c,보디가드,속옷,방배역먹자골목 골목형상점가,골목형상점가,서울특별시,,,
818ca658b3e32dc2c200,full_annotation_v1,A,q_속옷_05,속옷 파는 데,패션·잡화 중 '속옷'을 판매·제공하는 매장,test,속옷,T4 구어·문장,01ca0e12-5e9f-4cc8-a090-1d2535c35fcb,중앙란제리,내의판매점,문경중앙시장,전통시장,경상북도,,,
034777300db04da994ab,full_annotation_v1,A,q_속옷_05,속옷 파는 데,패션·잡화 중 '속옷'을 판매·제공하는 매장,test,속옷,T4 구어·문장,bb08c82c-5e8e-4bb3-986a-6fcfd41fe8dc,형제상회,속옷,못골골목시장,전통시장,부산광역시,,,
7e121aacbd0a0304e58b,full_annotation_v1,A,q_속옷_05,속옷 파는 데,패션·잡화 중 '속옷'을 판매·제공하는 매장,test,속옷,T4 구어·문장,df8d6cdd-749a-4ba2-b812-452755c20557,미영상회,속옷,사당4골목형상점가,골목형상점가,서울특별시,,,
5031dd6684382b176e53,full_annotation_v1,A,q_속옷_05,속옷 파는 데,패션·잡화 중 '속옷'을 판매·제공하는 매장,test,속옷,T4 구어·문장,00054f1d-4cae-4345-9975-1423bc49e4dc,착한아이들,의류,중앙전통시장,전통시장,울산광역시,,,
0a692d7f67ff5a540e7b,full_annotation_v1,A,q_속옷_05,속옷 파는 데,패션·잡화 중 '속옷'을 판매·제공하는 매장,test,속옷,T4 구어·문장,ae828983-4af5-4253-b97a-01856a27360b,반송속옷랜드,속옷,반송큰시장,전통시장,부산광역시,,,
dc6f34f45429451f8510,full_annotation_v1,A,q_속옷_05,속옷 파는 데,패션·잡화 중 '속옷'을 판매·제공하는 매장,test,속옷,T4 구어·문장,fe46f1b7-0454-4f04-9859-48d776599515,이레속옷,속옷,원주남부시장,전통시장,강원특별자치도,,,
2edc45c57841c2c82257,full_annotation_v1,A,q_속옷_05,속옷 파는 데,패션·잡화 중 '속옷'을 판매·제공하는 매장,test,속옷,T4 구어·문장,9ac507df-a1a8-4e49-bef1-a4cfb370cd1e,트라이,속옷,김제금만시장,전통시장,전북특별자치도,,,
7a0350852a07da1a6233,full_annotation_v1,A,q_속옷_05,속옷 파는 데,패션·잡화 중 '속옷'을 판매·제공하는 매장,test,속옷,T4 구어·문장,fa4e73a2-4b77-42fd-8bb7-6f8548d6331d,서정비와이씨,속옷,여수서시장주변시장,전통시장,전라남도,,,
bf5199910146e0f0cde9,full_annotation_v1,A,q_속옷_05,속옷 파는 데,패션·잡화 중 '속옷'을 판매·제공하는 매장,test,속옷,T4 구어·문장,a74414b0-6955-4ff4-8239-0fe90d0815ec,트라이,속옷,신탄진시장,전통시장,대전광역시,,,
f54d76d68c9392936471,full_annotation_v1,A,q_속옷_05,속옷 파는 데,패션·잡화 중 '속옷'을 판매·제공하는 매장,test,속옷,T4 구어·문장,5907d367-abd8-4174-a39c-86971fbb42e6,대영상회,속옷,서부시장(서부재래시장),전통시장,충청남도,,,
a42c75f05636bae34032,full_annotation_v1,A,q_속옷_05,속옷 파는 데,패션·잡화 중 '속옷'을 판매·제공하는 매장,test,속옷,T4 구어·문장,f14df4d3-9858-4a8b-8597-20fd477d8e32,갤러리 데 루치아,가구,용인어정가구단지상점가,자율상권구역,경기도,,,
e3dcb1e265f8142db53a,full_annotation_v1,A,q_속옷_05,속옷 파는 데,패션·잡화 중 '속옷'을 판매·제공하는 매장,test,속옷,T4 구어·문장,63dc38d5-5ee6-416c-91ce-27cebd731179,영천상회,속옷,서문시장2지구 종합상가,전통시장,대구광역시,,,
e0c8e5507d33e31e0315,full_annotation_v1,A,q_속옷_05,속옷 파는 데,패션·잡화 중 '속옷'을 판매·제공하는 매장,test,속옷,T4 구어·문장,c63e4f75-09f0-4e3b-84af-e8240f30424f,속옷나라,속옷,무안읍중심상가상점가,자율상권구역,전라남도,,,
59d91bf4f512c15cf472,full_annotation_v1,A,q_속옷_05,속옷 파는 데,패션·잡화 중 '속옷'을 판매·제공하는 매장,test,속옷,T4 구어·문장,3c7ad0db-75e6-4a0c-bb5d-2ccaf0bb7c19,속옷나라,속옷,음성시장,전통시장,충청북도,,,
0223ef16303f2e66ca0e,full_annotation_v1,A,q_속옷_05,속옷 파는 데,패션·잡화 중 '속옷'을 판매·제공하는 매장,test,속옷,T4 구어·문장,b79e61a4-2266-4ba7-8220-591934a746d2,놀뫼쌍방울,속옷,논산화지중앙시장,전통시장,충청남도,,,
53705f8de20ca4775ff3,full_annotation_v1,A,q_속옷_05,속옷 파는 데,패션·잡화 중 '속옷'을 판매·제공하는 매장,test,속옷,T4 구어·문장,965d7680-cca8-4933-80ca-fdb178c819aa,보디가드,속옷,영등포로타리지하도상점가,일반지하상점가,서울특별시,,,
90ae4667139f21e1d455,full_annotation_v1,A,q_속옷_05,속옷 파는 데,패션·잡화 중 '속옷'을 판매·제공하는 매장,test,속옷,T4 구어·문장,9ba5de28-9af5-4f23-a8be-e4e9a2557d23,속옷나라,속옷,공주산성 활성화구역,전통시장,충청남도,,,
3cbb0f9af8e333fee5b9,full_annotation_v1,A,q_속옷_05,속옷 파는 데,패션·잡화 중 '속옷'을 판매·제공하는 매장,test,속옷,T4 구어·문장,00172c94-61f0-4197-afeb-d7e8187c79b5,옷이예쁘다,의류,메트로센터(반월당지하쇼핑),일반지하상점가,대구광역시,,,
913604e680e36d1d6c77,full_annotation_v1,A,q_속옷_05,속옷 파는 데,패션·잡화 중 '속옷'을 판매·제공하는 매장,test,속옷,T4 구어·문장,10a354e8-da56-4299-8acf-45649b0e5a8c,비너스,속옷,춘천지하상가,일반지하상점가,강원특별자치도,,,
90110054dc34559bdb40,full_annotation_v1,A,q_속옷_05,속옷 파는 데,패션·잡화 중 '속옷'을 판매·제공하는 매장,test,속옷,T4 구어·문장,119a7508-7a6c-4258-84bb-4fdab1d604c7,퀸,속옷,주안시민지하도상점가,일반지하상점가,인천광역시,,,
dcb97862fa2b7cdb58be,full_annotation_v1,A,q_속옷_05,속옷 파는 데,패션·잡화 중 '속옷'을 판매·제공하는 매장,test,속옷,T4 구어·문장,79238343-ca2f-40cd-8c16-80ccb8ddb3cc,속옷천국,속옷 의류,대남숨길 골목형상점가,골목형상점가,광주광역시,,,
ffc206304ac4579ea6d2,full_annotation_v1,A,q_속옷_05,속옷 파는 데,패션·잡화 중 '속옷'을 판매·제공하는 매장,test,속옷,T4 구어·문장,0b2de4e7-0eea-42cd-aafe-aa8aa298ac82,꾸브라꼬 숯불치킨 첨단점,,첨단아미 골목형상점가,골목형상점가,,,,
40871d7e610ec70aa409,full_annotation_v1,A,q_속옷_05,속옷 파는 데,패션·잡화 중 '속옷'을 판매·제공하는 매장,test,속옷,T4 구어·문장,5dfdbdf2-eb02-43ee-99be-89b117f0c497,BYC,속옷,샘골로골목형상점가,골목형상점가,경기도,,,
7ce896f9e6240539aa41,full_annotation_v1,A,q_속옷_05,속옷 파는 데,패션·잡화 중 '속옷'을 판매·제공하는 매장,test,속옷,T4 구어·문장,a4b4c00a-c706-4d08-9763-129e0a60a39d,예나수선,수선업,영동중앙시장,전통시장,충청북도,,,
89be0f8943f016f01f99,full_annotation_v1,A,q_속옷_05,속옷 파는 데,패션·잡화 중 '속옷'을 판매·제공하는 매장,test,속옷,T4 구어·문장,3ea29911-00a4-46b2-9e67-541972c207f2,속옷갑부,속옷,진해중앙시장,전통시장,경상남도,,,
2745f8ba0c63a81177c0,full_annotation_v1,A,q_속옷_05,속옷 파는 데,패션·잡화 중 '속옷'을 판매·제공하는 매장,test,속옷,T4 구어·문장,cf4380b3-000a-4d93-9477-2addbf11afb0,BYC속옷,속옷,남구로시장,전통시장,서울특별시,,,
3926a901dc85a4cfbadf,full_annotation_v1,A,q_속옷_05,속옷 파는 데,패션·잡화 중 '속옷'을 판매·제공하는 매장,test,속옷,T4 구어·문장,58ee598e-6eff-4fcc-8660-584bee8753b5,BYC,속옷,방신전통시장,전통시장,서울특별시,,,
552301acdddca334b94d,full_annotation_v1,A,q_속옷_05,속옷 파는 데,패션·잡화 중 '속옷'을 판매·제공하는 매장,test,속옷,T4 구어·문장,d7680bed-37e7-4be2-80b1-65eecf519d40,비비안,속옷,설악로데오거리상점가,자율상권구역,강원특별자치도,,,
53ca1cc004a5a22c492a,full_annotation_v1,A,q_속옷_05,속옷 파는 데,패션·잡화 중 '속옷'을 판매·제공하는 매장,test,속옷,T4 구어·문장,cf4971d7-198a-48ef-8cc4-5f5f8077bb95,속옷나라,속옷,㈜여수중앙시장,전통시장,전라남도,,,
6c0003f3dd0bcaba8563,full_annotation_v1,A,q_속옷_05,속옷 파는 데,패션·잡화 중 '속옷'을 판매·제공하는 매장,test,속옷,T4 구어·문장,aa37c7cd-3e6c-4cd6-9259-6e8d6f4a21f2,아리술래,속옷,충주자유시장,전통시장,충청북도,,,
e639af911cec7065071a,full_annotation_v1,A,q_속옷_05,속옷 파는 데,패션·잡화 중 '속옷'을 판매·제공하는 매장,test,속옷,T4 구어·문장,197f672d-4e18-400c-bfd5-7c4193a55369,BYC,속옷,평택통복시장,전통시장,경기도,,,
655d4a35ddf7f8813618,full_annotation_v1,A,q_속옷_05,속옷 파는 데,패션·잡화 중 '속옷'을 판매·제공하는 매장,test,속옷,T4 구어·문장,eca76fc6-7b8f-4157-a305-23c7496c7f5c,영필상회,속옷,부산남문시장,전통시장,부산광역시,,,
22222fc199c8447dfd17,full_annotation_v1,A,q_속옷_05,속옷 파는 데,패션·잡화 중 '속옷'을 판매·제공하는 매장,test,속옷,T4 구어·문장,3329d388-3ec4-40c4-b6dc-f03be1aba3c2,무료입장,속옷,속초중앙전통시장,전통시장,강원특별자치도,,,
b9c924fe3eb9bf54401a,full_annotation_v1,A,q_속옷_05,속옷 파는 데,패션·잡화 중 '속옷'을 판매·제공하는 매장,test,속옷,T4 구어·문장,191f3d17-79fc-4926-988e-b33c29dc2869,BYC,속옷,반송큰시장,전통시장,부산광역시,,,
4d0608104599109ec526,full_annotation_v1,A,q_속옷_05,속옷 파는 데,패션·잡화 중 '속옷'을 판매·제공하는 매장,test,속옷,T4 구어·문장,de52c2bd-b933-42c5-9ea1-4791784dece1,엄마런닝구,속옷,양산 서창시장,전통시장,경상남도,,,
bc25cd4f06a0a11ba30b,full_annotation_v1,A,q_속옷_05,속옷 파는 데,패션·잡화 중 '속옷'을 판매·제공하는 매장,test,속옷,T4 구어·문장,515930ba-b784-435c-a036-b60a9be62a0a,속옷나라,속옷,소사종합시장,전통시장,경기도,,,
4182326f3a2972e1c605,full_annotation_v1,A,q_속옷_05,속옷 파는 데,패션·잡화 중 '속옷'을 판매·제공하는 매장,test,속옷,T4 구어·문장,011903e1-651a-425b-9942-46880c0b0ccc,체리핑크,"소매(속옷,란제리)",미금현대벤처빌시장,전통시장,경기도,,,
1a2af750305085c874b7,full_annotation_v1,A,q_속옷_05,속옷 파는 데,패션·잡화 중 '속옷'을 판매·제공하는 매장,test,속옷,T4 구어·문장,0ff87ed4-c7b1-4b2b-aff8-11b549f0a33e,토리,속옷,서문시장건해산물상가,전통시장,대구광역시,,,
f84d1df50cb3fb154809,full_annotation_v1,A,q_속옷_05,속옷 파는 데,패션·잡화 중 '속옷'을 판매·제공하는 매장,test,속옷,T4 구어·문장,fc4a0504-859f-44fc-a3bc-46288638e358,BYC,속옷,수정로 상권활성화구역,상권활성화구역,경기도,,,
32ed88518351a073e778,full_annotation_v1,A,q_속옷_05,속옷 파는 데,패션·잡화 중 '속옷'을 판매·제공하는 매장,test,속옷,T4 구어·문장,00660911-d1ad-4623-b1da-ec818e3dd2c8,하얀느낌,란제리 양말 속옷,한빛프라자 골목형상점가,골목형상점가,대전광역시,,,
bbe9cb805eb22f07b656,full_annotation_v1,A,q_속옷_05,속옷 파는 데,패션·잡화 중 '속옷'을 판매·제공하는 매장,test,속옷,T4 구어·문장,e8b39ab1-9703-4863-af30-35e937a28180,속옷나라,속옷,우산상인회 골목형상점가,골목형상점가,광주광역시,,,
988edc528c482724b5b3,full_annotation_v1,A,q_속옷_05,속옷 파는 데,패션·잡화 중 '속옷'을 판매·제공하는 매장,test,속옷,T4 구어·문장,24444f88-ed44-496e-b82d-5ce7efec041e,트라이,속옷,광복지하도상가,일반지하상점가,부산광역시,,,
d8942756bfa90c528d1d,full_annotation_v1,A,q_속옷_05,속옷 파는 데,패션·잡화 중 '속옷'을 판매·제공하는 매장,test,속옷,T4 구어·문장,282b0e8b-051c-49f9-a707-b982df803589,까라벨라 데 오르,스파게티,동명동 카페거리 골목형상점가,골목형상점가,광주광역시,,,
bfe7f67de548cb14e15d,full_annotation_v1,A,q_속옷_05,속옷 파는 데,패션·잡화 중 '속옷'을 판매·제공하는 매장,test,속옷,T4 구어·문장,f3f03655-9578-44a5-961b-435e7684ec88,비너스성안직매장,속옷,성안길상점가,자율상권구역,충청북도,,,
7cc027cdf28db9f6cd90,full_annotation_v1,A,q_속옷_05,속옷 파는 데,패션·잡화 중 '속옷'을 판매·제공하는 매장,test,속옷,T4 구어·문장,e6d0e32b-95da-4381-a210-e87fffddee6c,에띠엠,속옷,일산시장(구 일산전통시장),전통시장,경기도,,,
10d365e45e1463a49a1d,full_annotation_v1,A,q_속옷_05,속옷 파는 데,패션·잡화 중 '속옷'을 판매·제공하는 매장,test,속옷,T4 구어·문장,e6231fb8-15ba-4296-90d0-2e601f8c1c7f,튼튼이어린이치과,의료,양산길 골목형상점가,골목형상점가,광주광역시,,,
980a2ac4504e184398e7,full_annotation_v1,A,q_속옷_05,속옷 파는 데,패션·잡화 중 '속옷'을 판매·제공하는 매장,test,속옷,T4 구어·문장,9b93091e-6ae0-499b-869e-307b8a06f514,속옷사랑,속옷,진주 중앙시장,전통시장,경상남도,,,
4415eda1ca66b7a79a79,full_annotation_v1,A,q_속옷_05,속옷 파는 데,패션·잡화 중 '속옷'을 판매·제공하는 매장,test,속옷,T4 구어·문장,61428829-b4f1-471f-81a3-6e2f2a35c56e,속옷나라,속옷,문창시장,전통시장,대전광역시,,,
99c61689240be28e9e6b,full_annotation_v1,A,q_속옷_05,속옷 파는 데,패션·잡화 중 '속옷'을 판매·제공하는 매장,test,속옷,T4 구어·문장,cd00ad11-b2f1-4394-b1a9-d42a3246aef9,속옷가게,속옷,메트로센터(반월당지하쇼핑),일반지하상점가,대구광역시,,,
6390e50ba9a926e0c75c,full_annotation_v1,A,q_속옷_05,속옷 파는 데,패션·잡화 중 '속옷'을 판매·제공하는 매장,test,속옷,T4 구어·문장,000a92b3-0b5e-429e-af00-f86e3570e24b,클로버,의류,관문상가시장,전통시장,대구광역시,,,
c65b21d9e42d0925468a,full_annotation_v1,A,q_속옷_05,속옷 파는 데,패션·잡화 중 '속옷'을 판매·제공하는 매장,test,속옷,T4 구어·문장,ed427b79-2175-4c14-8c2b-78ab1867dbe8,아름다운나라,속옷,남부종합시장,전통시장,인천광역시,,,
fb81ac23bc9f9ec6f259,full_annotation_v1,A,q_속옷_05,속옷 파는 데,패션·잡화 중 '속옷'을 판매·제공하는 매장,test,속옷,T4 구어·문장,f411e128-a8c0-4799-8ab0-5775230078bf,현아상회,속옷,안성맞춤시장,전통시장,경기도,,,
395e5d70432a29dae1bd,full_annotation_v1,A,q_속옷_05,속옷 파는 데,패션·잡화 중 '속옷'을 판매·제공하는 매장,test,속옷,T4 구어·문장,aba76fc2-984e-4030-ba01-e2e7d78264c7,데 아로즈 대전둔산본점,,갈리단길 골목형상점가,골목형상점가,대전광역시,,,
096e6a0f01fac88e1cdf,full_annotation_v1,A,q_속옷_05,속옷 파는 데,패션·잡화 중 '속옷'을 판매·제공하는 매장,test,속옷,T4 구어·문장,4b86ced3-3fa6-4452-aa39-7d0ff12ba74d,이수,속옷,광명전통시장,전통시장,경기도,,,
5539db8e2facfb922a13,full_annotation_v1,A,q_속옷_05,속옷 파는 데,패션·잡화 중 '속옷'을 판매·제공하는 매장,test,속옷,T4 구어·문장,b2a11dac-02b9-4f34-b171-8412fdaa37b3,조은속옷,속옷,익산황등시장,전통시장,전북특별자치도,,,
a42bf156478e4f98ac04,full_annotation_v1,A,q_속옷_05,속옷 파는 데,패션·잡화 중 '속옷'을 판매·제공하는 매장,test,속옷,T4 구어·문장,dce3d2ca-3199-4669-b532-8714f29b90aa,남미사,속옷,남대문시장,전통시장,서울특별시,,,
e84f05a50d014520e5b4,full_annotation_v1,A,q_속옷_05,속옷 파는 데,패션·잡화 중 '속옷'을 판매·제공하는 매장,test,속옷,T4 구어·문장,01638941-6206-4662-b5d9-0e2cae1a4133,하마유통,속옷,서구청먹자골목상인회 골목형상점가,골목형상점가,광주광역시,,,
9982d7e99bec3a3a4df1,full_annotation_v1,A,q_속옷_05,속옷 파는 데,패션·잡화 중 '속옷'을 판매·제공하는 매장,test,속옷,T4 구어·문장,a91f3b67-839c-47ac-81d5-971497417bdf,속옷나라,속옷,금촌전통시장,전통시장,경기도,,,
75e3d287e15748a4581a,full_annotation_v1,A,q_속옷_05,속옷 파는 데,패션·잡화 중 '속옷'을 판매·제공하는 매장,test,속옷,T4 구어·문장,a21f7bd3-f680-4a14-b6fe-ffceecf674f4,BYC빛가람점,속옷,빛가람 호수로 골목형상점가,골목형상점가,전라남도,,,
a8fb29cb6c8d88c186ce,full_annotation_v1,A,q_속옷_05,속옷 파는 데,패션·잡화 중 '속옷'을 판매·제공하는 매장,test,속옷,T4 구어·문장,8b036004-f92a-4dcb-bdff-2651fd4ab13b,인사이드,속옷,증평군 중앙로 골목형상점가,골목형상점가,충청북도,,,
076649ec266c29276cfe,full_annotation_v1,A,q_속옷_05,속옷 파는 데,패션·잡화 중 '속옷'을 판매·제공하는 매장,test,속옷,T4 구어·문장,467b2eae-8b6d-48a3-b15d-190f733a257b,선미속옷,속옷,양산 남부시장상가,전통시장,경상남도,,,
e2843b7fdce8bb9f3644,full_annotation_v1,A,q_속옷_05,속옷 파는 데,패션·잡화 중 '속옷'을 판매·제공하는 매장,test,속옷,T4 구어·문장,3c679feb-e600-4adb-8ee6-77130d60ea13,속옷세상,속옷,상원시장,전통시장,대구광역시,,,
41a237289880dee62812,full_annotation_v1,A,q_속옷_05,속옷 파는 데,패션·잡화 중 '속옷'을 판매·제공하는 매장,test,속옷,T4 구어·문장,f010ebd1-41ab-4e3f-bdae-3cb873508f39,서산치과의원,치과진료,오치 한전 골목형상점가,골목형상점가,광주광역시,,,
bf546a76399757b4f748,full_annotation_v1,A,q_속옷_05,속옷 파는 데,패션·잡화 중 '속옷'을 판매·제공하는 매장,test,속옷,T4 구어·문장,2d5fb88f-8dde-4562-80f2-024351d60e56,킴스애드,안경,동성로상점가,자율상권구역,대구광역시,,,
645d00c4ae529958a661,full_annotation_v1,A,q_속옷_05,속옷 파는 데,패션·잡화 중 '속옷'을 판매·제공하는 매장,test,속옷,T4 구어·문장,af56ec76-b5c6-407d-9732-1187302314cb,한독상회,속옷,광장시장,전통시장,서울특별시,,,
c150aeffd8e78f378fe8,full_annotation_v1,A,q_속옷_05,속옷 파는 데,패션·잡화 중 '속옷'을 판매·제공하는 매장,test,속옷,T4 구어·문장,e0de1363-575f-45d9-aa74-b8ed5e88dab6,부부상회,속옷,금촌전통시장,전통시장,경기도,,,
4077493e87165b593fa4,full_annotation_v1,A,q_속옷_05,속옷 파는 데,패션·잡화 중 '속옷'을 판매·제공하는 매장,test,속옷,T4 구어·문장,adec23e8-e087-4860-bf60-35411d925246,옥희란제리,속옷,㈜여수중앙시장,전통시장,전라남도,,,
4e28cd897277c2624f78,full_annotation_v1,A,q_속옷_05,속옷 파는 데,패션·잡화 중 '속옷'을 판매·제공하는 매장,test,속옷,T4 구어·문장,1528f1d8-51ff-477f-99f3-ac56075b41ce,속옷천국,속옷,춘천지하상가,일반지하상점가,강원특별자치도,,,
bf91fb1a9393aa6a86f3,full_annotation_v1,A,q_속옷_05,속옷 파는 데,패션·잡화 중 '속옷'을 판매·제공하는 매장,test,속옷,T4 구어·문장,61d62e21-a7a5-4e27-8c99-eb01e184ad49,예지속옷,속옷,안산다농마트전통시장,전통시장,경기도,,,
0215a62e6ce8f4f70cd2,full_annotation_v1,A,q_속옷_05,속옷 파는 데,패션·잡화 중 '속옷'을 판매·제공하는 매장,test,속옷,T4 구어·문장,92805d3d-930d-44ec-8b00-986a2f9b20f2,리썬샵,속옷,금화로상인회 골목형상점가,골목형상점가,광주광역시,,,
52c5508acd664f8c12f7,full_annotation_v1,A,q_속옷_05,속옷 파는 데,패션·잡화 중 '속옷'을 판매·제공하는 매장,test,속옷,T4 구어·문장,06959709-fec7-4197-a9aa-65b026ac2b30,가죽공예,공예품,무주반딧불상권활성화구역,상권활성화구역,전북특별자치도,,,
336d8972f078bb21a87b,full_annotation_v1,A,q_속옷_05,속옷 파는 데,패션·잡화 중 '속옷'을 판매·제공하는 매장,test,속옷,T4 구어·문장,11cb360e-bbd5-4997-9cff-dce8977650a8,하나로축산,,용마루길 골목형상점가,골목형상점가,서울특별시,,,
2edff41211e9e4fdc814,full_annotation_v1,A,q_속옷_05,속옷 파는 데,패션·잡화 중 '속옷'을 판매·제공하는 매장,test,속옷,T4 구어·문장,002fded9-56a2-42e6-ad4e-06dab5ab6c83,못골메리야스,내의류,못골골목시장,전통시장,부산광역시,,,
ba67502da036087d07fd,full_annotation_v1,A,q_속옷_05,속옷 파는 데,패션·잡화 중 '속옷'을 판매·제공하는 매장,test,속옷,T4 구어·문장,011a3d49-59b4-4598-a6ff-668f578f5094,그린브라우니내동점,,내동서부 골목형상점가,골목형상점가,대전광역시,,,
65c2e2085ae3a1436b17,full_annotation_v1,A,q_속옷_05,속옷 파는 데,패션·잡화 중 '속옷'을 판매·제공하는 매장,test,속옷,T4 구어·문장,d76b5112-1036-47a6-988f-a2740c47aa2f,게스,속옷,이천중앙로상가,자율상권구역,경기도,,,
f64046daac1510357aeb,full_annotation_v1,A,q_속옷_05,속옷 파는 데,패션·잡화 중 '속옷'을 판매·제공하는 매장,test,속옷,T4 구어·문장,75373402-8e75-40bc-97d3-1c8261ccff6f,빠자빠,속옷,동산상가,전통시장,대구광역시,,,
7e48c990b20ff3a28121,full_annotation_v1,A,q_속옷_05,속옷 파는 데,패션·잡화 중 '속옷'을 판매·제공하는 매장,test,속옷,T4 구어·문장,63468b5d-2de4-46aa-918f-b85d7fa6376c,은혜속옷,속옷,서천특화시장,전통시장,충청남도,,,
ef29f891499c48cd755e,full_annotation_v1,A,q_속옷_05,속옷 파는 데,패션·잡화 중 '속옷'을 판매·제공하는 매장,test,속옷,T4 구어·문장,c161453d-f2c8-4b97-a2c3-a54e0cbdb7e8,생활용품 싸게 파는 집,잡화,안성중앙시장,전통시장,경기도,,,
d4c23a59fda9479f2473,full_annotation_v1,A,q_속옷_05,속옷 파는 데,패션·잡화 중 '속옷'을 판매·제공하는 매장,test,속옷,T4 구어·문장,becf8fd6-bf7e-4b6b-8ee0-a55a95b10cf1,내친구 고양이,,사가정면목로골목형상점가,골목형상점가,서울특별시,,,
6ab626235f8df5543021,full_annotation_v1,A,q_속옷_05,속옷 파는 데,패션·잡화 중 '속옷'을 판매·제공하는 매장,test,속옷,T4 구어·문장,006c0196-bbe9-41db-b76c-01cc834078d8,BYC전문점당감점,속옷,당감골목시장,전통시장,부산광역시,,,
e7962755d9cb46c1c657,full_annotation_v1,A,q_속옷_05,속옷 파는 데,패션·잡화 중 '속옷'을 판매·제공하는 매장,test,속옷,T4 구어·문장,8d226b9d-e677-456c-8a31-4bda8500757e,남영상회(속옷),"속옷, 잡화",창원 명서시장,전통시장,경상남도,,,
aee6c140fd7a1d804807,full_annotation_v1,A,q_속옷_05,속옷 파는 데,패션·잡화 중 '속옷'을 판매·제공하는 매장,test,속옷,T4 구어·문장,0144c6bd-f905-4ee2-9acf-1d86a5327a86,승리상회,"일반내의, 양말",두류종합시장,전통시장,대구광역시,,,
26a5c6c7f6d41acbf5d3,full_annotation_v1,A,q_속옷_05,속옷 파는 데,패션·잡화 중 '속옷'을 판매·제공하는 매장,test,속옷,T4 구어·문장,078d9247-8841-4b11-bb2e-ca60c94eac41,아지트,"의류, 잡화",서문시장2지구 종합상가,전통시장,대구광역시,,,
4badd03e8b70abe63d58,full_annotation_v1,A,q_속옷_05,속옷 파는 데,패션·잡화 중 '속옷'을 판매·제공하는 매장,test,속옷,T4 구어·문장,0ed51232-b0e1-4727-a8c1-7faa47770f38,속옷나라,속옷,화정로상인회 골목형상점가,골목형상점가,광주광역시,,,
f7450e62621d165097a9,full_annotation_v1,A,q_속옷_05,속옷 파는 데,패션·잡화 중 '속옷'을 판매·제공하는 매장,test,속옷,T4 구어·문장,01725ea8-909a-45e7-86dc-3983579c9c4d,이강상사(트라이),내의,신대방1동온누리길골목형상점가,골목형상점가,서울특별시,,,
8fa67a7a27336483d37d,full_annotation_v1,A,q_속옷_05,속옷 파는 데,패션·잡화 중 '속옷'을 판매·제공하는 매장,test,속옷,T4 구어·문장,07de5ee5-20cd-4a5c-b82c-6e1ca1476595,속옷종합란제리,속옷,관악신사시장,전통시장,서울특별시,,,
ee8ea76bb785476dd89e,full_annotation_v1,A,q_속옷_05,속옷 파는 데,패션·잡화 중 '속옷'을 판매·제공하는 매장,test,속옷,T4 구어·문장,f0a09953-77b0-4b69-8e8f-777732cde9c3,익진상회,속옷,은행나무시장(구시흥중앙시장),전통시장,서울특별시,,,
1d646849aaad619ecf09,full_annotation_v1,A,q_속옷_05,속옷 파는 데,패션·잡화 중 '속옷'을 판매·제공하는 매장,test,속옷,T4 구어·문장,4b7287e6-73b5-4b52-a9fd-bf1b0c03d0a6,형제상회,속옷,관문상가시장,전통시장,대구광역시,,,
fe6c3524edb5aa2f2469,full_annotation_v1,A,q_속옷_05,속옷 파는 데,패션·잡화 중 '속옷'을 판매·제공하는 매장,test,속옷,T4 구어·문장,4639faad-8473-4364-a40c-cc4b139af350,트라이,속옷,여주한글시장(여주중앙로상점가),전통시장,경기도,,,
90e91975579d9c33993c,full_annotation_v1,A,q_속옷_05,속옷 파는 데,패션·잡화 중 '속옷'을 판매·제공하는 매장,test,속옷,T4 구어·문장,c6b60ac0-4bf6-4b2f-b65c-eaaf115ab4c0,여주속옷나라,속옷,여주한글시장(여주중앙로상점가),전통시장,경기도,,,
a9f386c2a651b37826db,full_annotation_v1,A,q_속옷_05,속옷 파는 데,패션·잡화 중 '속옷'을 판매·제공하는 매장,test,속옷,T4 구어·문장,3111a852-d694-4bc8-90a6-934aba56a497,속옷나라,속옷,군산역전종합시장,전통시장,전북특별자치도,,,
3908933751e7c9c2d0af,full_annotation_v1,A,q_속옷_05,속옷 파는 데,패션·잡화 중 '속옷'을 판매·제공하는 매장,test,속옷,T4 구어·문장,167cc900-3755-4886-9559-872eecf45a31,중앙메리야스,속옷,신장전통시장,전통시장,경기도,,,
17dcb9a56fa34b82748a,full_annotation_v1,A,q_속옷_05,속옷 파는 데,패션·잡화 중 '속옷'을 판매·제공하는 매장,test,속옷,T4 구어·문장,09b1e448-7a9a-4f85-976c-71cefed054f9,윈도우스토리,"브라인드, 커텐",광탄전통시장,전통시장,경기도,,,
eedf366bf8edfb0d5cd2,full_annotation_v1,A,q_속옷_05,속옷 파는 데,패션·잡화 중 '속옷'을 판매·제공하는 매장,test,속옷,T4 구어·문장,08b8ee81-ce30-4c3a-b45f-954c749427c9,아리따움,속옷,인제시장,전통시장,강원특별자치도,,,
b3ec43fc6f7788d467f4,full_annotation_v1,A,q_속옷_05,속옷 파는 데,패션·잡화 중 '속옷'을 판매·제공하는 매장,test,속옷,T4 구어·문장,e21b21eb-4043-4ef0-a238-90c347494fd1,보디가드,속옷,안산다농마트전통시장,전통시장,경기도,,,
61322fd2102e3e2d21d5,full_annotation_v1,A,q_속옷_05,속옷 파는 데,패션·잡화 중 '속옷'을 판매·제공하는 매장,test,속옷,T4 구어·문장,aff793f9-89f4-4eee-9a13-554f44e2cca9,오복떡집,떡,홍성상설시장,전통시장,충청남도,,,
754c6aeb82e5d1884e62,full_annotation_v1,A,q_속옷_05,속옷 파는 데,패션·잡화 중 '속옷'을 판매·제공하는 매장,test,속옷,T4 구어·문장,7d4a0cc7-03db-4294-8a96-9bb787889a04,보디가드,속옷,길동복조리시장,전통시장,서울특별시,,,
b87ab122e0797926b119,full_annotation_v1,A,q_속옷_05,속옷 파는 데,패션·잡화 중 '속옷'을 판매·제공하는 매장,test,속옷,T4 구어·문장,156236f1-5b3a-411f-9fa7-59cdeb5d9689,진범통상,속옷,성환1번가 골목형상점가,골목형상점가,충청남도,,,
d093ad801e5f67808934,full_annotation_v1,A,q_속옷_05,속옷 파는 데,패션·잡화 중 '속옷'을 판매·제공하는 매장,test,속옷,T4 구어·문장,d6ec976b-5c79-4008-8d04-97555ffc742a,행복한속옷,속옷,신정상가시장,전통시장,울산광역시,,,
0043e0f288eacc52728f,full_annotation_v1,A,q_속옷_05,속옷 파는 데,패션·잡화 중 '속옷'을 판매·제공하는 매장,test,속옷,T4 구어·문장,a27e893f-8996-452b-83aa-8a84e82a3c0e,보디가드,속옷,진주 동성상가,전통시장,경상남도,,,
52bc65b2fc0ac6604664,full_annotation_v1,A,q_속옷_05,속옷 파는 데,패션·잡화 중 '속옷'을 판매·제공하는 매장,test,속옷,T4 구어·문장,3fe64530-6cb1-473f-a970-75110b3f1c78,비너스,속옷,유진상가,전통시장,서울특별시,,,
b7ad19917b711da36f9b,full_annotation_v1,A,q_속옷_05,속옷 파는 데,패션·잡화 중 '속옷'을 판매·제공하는 매장,test,속옷,T4 구어·문장,03609092-418f-4601-876c-e60ee0a1c4fa,어필,속옷,부여도심 상권활성화구역,상권활성화구역,충청남도,,,
7e85511a0471ded0bf88,full_annotation_v1,A,q_속옷_05,속옷 파는 데,패션·잡화 중 '속옷'을 판매·제공하는 매장,test,속옷,T4 구어·문장,35068fd0-1ed8-4d85-979c-22fd3423f6d8,속옷여행,속옷,진주 새서부시장,전통시장,경상남도,,,
00c7a5533ce7441001c2,full_annotation_v1,A,q_속옷_05,속옷 파는 데,패션·잡화 중 '속옷'을 판매·제공하는 매장,test,속옷,T4 구어·문장,01e84813-fc68-4e23-81c9-9e743cdd4bc0,서울상회,"양말, 잡화",부산남문시장,전통시장,부산광역시,,,
589039911c9cb62374f9,full_annotation_v1,A,q_속옷_05,속옷 파는 데,패션·잡화 중 '속옷'을 판매·제공하는 매장,test,속옷,T4 구어·문장,7145a378-c408-4717-834b-ba7aecfedda0,쿠쿠쌀집,쌀,오류전통시장(오류빤짝시장),전통시장,대전광역시,,,
4e3e562f0ae424b189e0,full_annotation_v1,A,q_속옷_05,속옷 파는 데,패션·잡화 중 '속옷'을 판매·제공하는 매장,test,속옷,T4 구어·문장,002213bf-7f70-4e62-8df9-0c11e9f4d38d,에띠임,속옷,목포원도심상점가,자율상권구역,전라남도,,,
a1d824f71675d65c8186,full_annotation_v1,A,q_속옷_05,속옷 파는 데,패션·잡화 중 '속옷'을 판매·제공하는 매장,test,속옷,T4 구어·문장,aded428d-a9b8-4d8f-8ca5-e94a7b15bb86,루디아,속옷,무거현대시장,골목형상점가,울산광역시,,,
82f35cbd8d88580c8070,full_annotation_v1,A,q_속옷_05,속옷 파는 데,패션·잡화 중 '속옷'을 판매·제공하는 매장,test,속옷,T4 구어·문장,0114f51c-6520-431d-85c7-c34ff7795c7e,브라운앤보그,,퀸덤3단지골목형상점가,골목형상점가,부산광역시,,,
e5ed02c50d665e235b6e,full_annotation_v1,A,q_속옷_05,속옷 파는 데,패션·잡화 중 '속옷'을 판매·제공하는 매장,test,속옷,T4 구어·문장,c7d9bbb4-3288-4f19-a0da-3caac1b028d3,우리두부식품,두부,영양시장,전통시장,경상북도,,,
48d11d8efbc7ca1da3c9,full_annotation_v1,A,q_속옷_05,속옷 파는 데,패션·잡화 중 '속옷'을 판매·제공하는 매장,test,속옷,T4 구어·문장,43e92e6f-71b6-489d-b94f-9decbd52bf50,언민사,속옷,부평깡통시장(구 부산부평시장),전통시장,부산광역시,,,
9df5898c88144bb21f68,full_annotation_v1,A,q_속옷_05,속옷 파는 데,패션·잡화 중 '속옷'을 판매·제공하는 매장,test,속옷,T4 구어·문장,00158f51-4d3a-4ac0-9e38-b37552f5e097,지지배,의류,나주금빛상점가,자율상권구역,전라남도,,,
85061d1727ec921f1385,full_annotation_v1,A,q_속옷_05,속옷 파는 데,패션·잡화 중 '속옷'을 판매·제공하는 매장,test,속옷,T4 구어·문장,b0541931-ec9d-4d4d-a05a-69f590ccb91a,하복,속옷,조암시장,전통시장,경기도,,,
20db15b01e75cff40dea,full_annotation_v1,A,q_속옷_05,속옷 파는 데,패션·잡화 중 '속옷'을 판매·제공하는 매장,test,속옷,T4 구어·문장,a72ddf7e-be89-4d35-9cf3-26982cc7db4b,대상BYC,속옷,마천시장,전통시장,서울특별시,,,
810607c2899a3825dd7f,full_annotation_v1,A,q_속옷_05,속옷 파는 데,패션·잡화 중 '속옷'을 판매·제공하는 매장,test,속옷,T4 구어·문장,8b47ff95-9902-48d5-a6f9-3cfbfbf23837,착한속옷,속옷,노은역 골목형상점가,골목형상점가,대전광역시,,,
5b0a57a9292fd158196d,full_annotation_v1,A,q_속옷_05,속옷 파는 데,패션·잡화 중 '속옷'을 판매·제공하는 매장,test,속옷,T4 구어·문장,022eed00-e4e9-46d1-b6ea-3b9ff6e46458,동아양말,양말,㈜르네시떼,전통시장,부산광역시,,,
50672788b1b469aa6df8,full_annotation_v1,A,q_속옷_05,속옷 파는 데,패션·잡화 중 '속옷'을 판매·제공하는 매장,test,속옷,T4 구어·문장,96e5b3ba-aacd-4e7d-a4c4-7c19d237529a,예쓰,속옷,성서중심시장(성서시장문화의거리 통합),전통시장,충청북도,,,
aa4b44b2e0e74121c764,full_annotation_v1,A,q_속옷_05,속옷 파는 데,패션·잡화 중 '속옷'을 판매·제공하는 매장,test,속옷,T4 구어·문장,a15ed170-a944-4b8f-b2f6-577be5be0b1f,영동양행,속옷,수원영동시장,전통시장,경기도,,,
ba3285df696d32019fd2,full_annotation_v1,A,q_속옷_05,속옷 파는 데,패션·잡화 중 '속옷'을 판매·제공하는 매장,test,속옷,T4 구어·문장,323ab694-eda0-42f5-8546-ed8e8436e7f7,트라이,속옷,충주자유시장,전통시장,충청북도,,,
0029be103ec30d15c2b6,full_annotation_v1,A,q_속옷_05,속옷 파는 데,패션·잡화 중 '속옷'을 판매·제공하는 매장,test,속옷,T4 구어·문장,231a848c-d094-4783-9234-90e4fc3b3f1f,BYC엄지,속옷,의정부제일시장,전통시장,경기도,,,
d0a4e80645883606cba2,full_annotation_v1,A,q_속옷_05,속옷 파는 데,패션·잡화 중 '속옷'을 판매·제공하는 매장,test,속옷,T4 구어·문장,f15cdffb-d150-4527-8307-7133b95cdd28,보디가드,속옷,가경터미널시장,전통시장,충청북도,,,
d3c28b7f7a56a0a8801d,full_annotation_v1,A,q_속옷_05,속옷 파는 데,패션·잡화 중 '속옷'을 판매·제공하는 매장,test,속옷,T4 구어·문장,2c49c66b-6c68-4f1f-8ba5-aed318c5ae16,나윤이속옷,속옷,의정부역지하상가,일반지하상점가,경기도,,,
55786d50d79a51167dd6,full_annotation_v1,A,q_속옷_05,속옷 파는 데,패션·잡화 중 '속옷'을 판매·제공하는 매장,test,속옷,T4 구어·문장,01459610-611f-4516-aa05-19e8e4a11b6d,양평상회,내의,제천중앙시장,전통시장,충청북도,,,
56eaeaf7fbb1e6453b95,full_annotation_v1,A,q_속옷_05,속옷 파는 데,패션·잡화 중 '속옷'을 판매·제공하는 매장,test,속옷,T4 구어·문장,59951a4c-3d0c-40de-bdcc-9d89f93953f0,중앙양행,의류,의정부제일시장,전통시장,경기도,,,
a190928d35be4335c2ca,full_annotation_v1,A,q_속옷_05,속옷 파는 데,패션·잡화 중 '속옷'을 판매·제공하는 매장,test,속옷,T4 구어·문장,5b9d9713-4db8-4b6a-a4aa-3f3b790ceacf,트라이,속옷,안동구시장,전통시장,경상북도,,,
109fb448d0c7ad62893e,full_annotation_v1,A,q_속옷_05,속옷 파는 데,패션·잡화 중 '속옷'을 판매·제공하는 매장,test,속옷,T4 구어·문장,f823f3c0-8a38-4f39-85cb-3ea97ad3c23e,보배상회,속옷,진해 경화시장,전통시장,경상남도,,,
bd0b4deaa804cdda8e5d,full_annotation_v1,A,q_속옷_05,속옷 파는 데,패션·잡화 중 '속옷'을 판매·제공하는 매장,test,속옷,T4 구어·문장,8c86a5ac-7f57-4726-9c0a-3493d712dbcb,세연이불,이불,서문시장 제1지구1층(직물시장),전통시장,대구광역시,,,
03bd3eac4f3afcad95cc,full_annotation_v1,A,q_속옷_05,속옷 파는 데,패션·잡화 중 '속옷'을 판매·제공하는 매장,test,속옷,T4 구어·문장,0a2b55d0-03da-4657-907b-758f53bdbe60,효제브라이덜(Hyoje Bridal),,대봉동 대백 골목형상점가,골목형상점가,대구광역시,,,
4026e1d1b6bcd158a3af,full_annotation_v1,A,q_속옷_05,속옷 파는 데,패션·잡화 중 '속옷'을 판매·제공하는 매장,test,속옷,T4 구어·문장,7f0d39a0-b021-4454-b848-da6edd2554a2,봉동상회,야채,수원못골종합시장,전통시장,경기도,,,
06515448be2a84239825,full_annotation_v1,A,q_속옷_05,속옷 파는 데,패션·잡화 중 '속옷'을 판매·제공하는 매장,test,속옷,T4 구어·문장,e1262230-df4f-4502-a2cf-14cb80cb8c32,솔른(solen),,용마루길 골목형상점가,골목형상점가,서울특별시,,,
a3f6c088cf4003d8bf8e,full_annotation_v1,A,q_속옷_05,속옷 파는 데,패션·잡화 중 '속옷'을 판매·제공하는 매장,test,속옷,T4 구어·문장,cbacc8f8-35fe-47da-8b7a-2a06fc2033cb,BYC,속옷,호계공설시장,전통시장,울산광역시,,,
94d71dbdc5383ef8eacc,full_annotation_v1,A,q_속옷_05,속옷 파는 데,패션·잡화 중 '속옷'을 판매·제공하는 매장,test,속옷,T4 구어·문장,eb463197-f3f4-44e1-beeb-34aa2907c0d4,사우나속옷,속옷,부천자유시장,전통시장,경기도,,,
bfa8ad3303698684a0f7,full_annotation_v1,A,q_속옷_05,속옷 파는 데,패션·잡화 중 '속옷'을 판매·제공하는 매장,test,속옷,T4 구어·문장,8474bfdc-2277-4a45-9568-0438bd0b22d1,비비,속옷,주안역지하도상점가,일반지하상점가,인천광역시,,,
b21d2e107fd5b2e5455d,full_annotation_v1,A,q_속옷_05,속옷 파는 데,패션·잡화 중 '속옷'을 판매·제공하는 매장,test,속옷,T4 구어·문장,9aa0d00b-f867-4b06-ac3f-d70a7d77a65a,속옷백화점,속옷,정읍우암로상점가,자율상권구역,전북특별자치도,,,
cfb501ba0034ea1f6684,full_annotation_v1,A,q_속옷_05,속옷 파는 데,패션·잡화 중 '속옷'을 판매·제공하는 매장,test,속옷,T4 구어·문장,b17be00b-c03c-4707-bd16-68e925afea5a,속옷스토리,속옷 의류,효덕마을 골목형상점가,골목형상점가,광주광역시,,,
9aac81df6df5d33e9087,full_annotation_v1,A,q_속옷_05,속옷 파는 데,패션·잡화 중 '속옷'을 판매·제공하는 매장,test,속옷,T4 구어·문장,3e42781d-593b-44af-9662-fc868dbd97f8,비너스,속옷,진천중앙시장,전통시장,충청북도,,,
f7e2abe5b896860f3259,full_annotation_v1,A,q_속옷_05,속옷 파는 데,패션·잡화 중 '속옷'을 판매·제공하는 매장,test,속옷,T4 구어·문장,e2b7feea-c2a9-4bf0-9989-82825114ca16,경산럭셔리,속옷,경산중앙로상점가,자율상권구역,경상북도,,,
115f5c066428ef68e8bf,full_annotation_v1,A,q_속옷_05,속옷 파는 데,패션·잡화 중 '속옷'을 판매·제공하는 매장,test,속옷,T4 구어·문장,f29b0299-a925-46e0-ada7-58a589e81ed0,뉴쌍방울,속옷,남원공설시장,전통시장,전북특별자치도,,,
b88eeb0d2946c1470f8e,full_annotation_v1,A,q_속옷_05,속옷 파는 데,패션·잡화 중 '속옷'을 판매·제공하는 매장,test,속옷,T4 구어·문장,ac34eee5-ca71-4798-a101-04dcfdb9f926,BYC,속옷,필그린쇼핑센타,골목형상점가,울산광역시,,,
57dbb475105d1beba957,full_annotation_v1,A,q_속옷_05,속옷 파는 데,패션·잡화 중 '속옷'을 판매·제공하는 매장,test,속옷,T4 구어·문장,980c50e0-3ffa-40d7-b7d7-5bd3c1095890,패티패션,속옷,담양중앙 골목형상점가,골목형상점가,전라남도,,,
84270d32961a554b425f,full_annotation_v1,A,q_속옷_05,속옷 파는 데,패션·잡화 중 '속옷'을 판매·제공하는 매장,test,속옷,T4 구어·문장,a8fbfcc3-dea3-4b84-b12c-7ad89e4be9d0,맘스속옷,속옷,의왕가구거리 골목형상점가,골목형상점가,경기도,,,
2cae6a67fbf2727c4c8d,full_annotation_v1,A,q_속옷_05,속옷 파는 데,패션·잡화 중 '속옷'을 판매·제공하는 매장,test,속옷,T4 구어·문장,018f4157-7354-4b1a-85eb-b9da2435df9d,뻥어물24 성원양말,"양말, 계란, 뻥튀기 등",당감골목시장,전통시장,부산광역시,,,
32dc7d056642f5ea9244,full_annotation_v1,A,q_속옷_06,속옥,패션·잡화 중 '속옷'을 판매·제공하는 매장,test,속옷,T6 기계변형,f07d2330-482f-489f-8094-33157ddcba63,용인고추방아간,소매(고춧가루),오산오색시장(구 오산중앙시장),전통시장,경기도,,,
eefe570573bf0c87933c,full_annotation_v1,A,q_속옷_06,속옥,패션·잡화 중 '속옷'을 판매·제공하는 매장,test,속옷,T6 기계변형,095b87cd-f81b-46fd-852f-ac763e7b0406,영신사,속옥,김천중앙시장,전통시장,경상북도,,,
186f4a88c76b45bc184b,full_annotation_v1,A,q_속옷_06,속옥,패션·잡화 중 '속옷'을 판매·제공하는 매장,test,속옷,T6 기계변형,90b6a76a-272c-4cae-8181-5c9a8b65da88,달달구리,빵류,봉동생강골시장,전통시장,전북특별자치도,,,
b468c90717aac23d3874,full_annotation_v1,A,q_속옷_06,속옥,패션·잡화 중 '속옷'을 판매·제공하는 매장,test,속옷,T6 기계변형,de6bb74f-e5b8-4e1d-aaed-0f90f2a44886,영동옥,한식,영동교골목시장(영동교시장),전통시장,서울특별시,,,
45b424aa5e9d2ba04073,full_annotation_v1,A,q_속옷_06,속옥,패션·잡화 중 '속옷'을 판매·제공하는 매장,test,속옷,T6 기계변형,00660911-d1ad-4623-b1da-ec818e3dd2c8,하얀느낌,란제리 양말 속옷,한빛프라자 골목형상점가,골목형상점가,대전광역시,,,
58ee76d44356d7f497f9,full_annotation_v1,A,q_속옷_06,속옥,패션·잡화 중 '속옷'을 판매·제공하는 매장,test,속옷,T6 기계변형,002213bf-7f70-4e62-8df9-0c11e9f4d38d,에띠임,속옷,목포원도심상점가,자율상권구역,전라남도,,,
b13c7c5bf7a0ff6fa133,full_annotation_v1,A,q_속옷_06,속옥,패션·잡화 중 '속옷'을 판매·제공하는 매장,test,속옷,T6 기계변형,569d2e4c-6cf3-4382-b8d6-d1879fef2dd5,한성면옥,,백년소상공인,,강원특별자치도,,,
75d0f584eb15449532d7,full_annotation_v1,A,q_속옷_06,속옥,패션·잡화 중 '속옷'을 판매·제공하는 매장,test,속옷,T6 기계변형,6b8d7524-21ba-4cc2-a76b-529bd2f423b7,소육옥,한식,석계음식문화거리골목형상점가,골목형상점가,서울특별시,,,
4670bfc7e3a8d4305b08,full_annotation_v1,A,q_속옷_06,속옥,패션·잡화 중 '속옷'을 판매·제공하는 매장,test,속옷,T6 기계변형,7108163c-7eba-4e5a-988e-c402be2a9760,쭈옥,한식,첨단이웃사랑 골목형상점가,골목형상점가,광주광역시,,,
e32a108b9e87c7274619,full_annotation_v1,A,q_속옷_06,속옥,패션·잡화 중 '속옷'을 판매·제공하는 매장,test,속옷,T6 기계변형,6d46f922-ab98-4140-9a2e-32f2f29f96f0,양옥,한식,온택트 괴정스마트 상권활성화구역,상권활성화구역,부산광역시,,,
55663fdc677a94d1fff2,full_annotation_v1,A,q_속옷_06,속옥,패션·잡화 중 '속옷'을 판매·제공하는 매장,test,속옷,T6 기계변형,006c0196-bbe9-41db-b76c-01cc834078d8,BYC전문점당감점,속옷,당감골목시장,전통시장,부산광역시,,,
3542e76cb2354d424a44,full_annotation_v1,A,q_속옷_06,속옥,패션·잡화 중 '속옷'을 판매·제공하는 매장,test,속옷,T6 기계변형,9a2cf47d-18d4-435f-afeb-11517107201e,신신옥,,신포시장,전통시장,인천광역시,,,
c64671800f6a18bafa87,full_annotation_v1,A,q_속옷_06,속옥,패션·잡화 중 '속옷'을 판매·제공하는 매장,test,속옷,T6 기계변형,ff47c3bc-fe69-47fc-bad4-913214cfc911,와인(wine),의류 속옥,충장로123가 상점가,자율상권구역,광주광역시,,,
68aef523505a0869b06f,full_annotation_v1,A,q_속옷_06,속옥,패션·잡화 중 '속옷'을 판매·제공하는 매장,test,속옷,T6 기계변형,814ea20e-abb5-4065-a82c-0392f72ac18f,금강옥,한식,백년소상공인,기타,경상북도,,,
651848774a52fc859c9d,full_annotation_v1,A,q_속옷_06,속옥,패션·잡화 중 '속옷'을 판매·제공하는 매장,test,속옷,T6 기계변형,01638941-6206-4662-b5d9-0e2cae1a4133,하마유통,속옷,서구청먹자골목상인회 골목형상점가,골목형상점가,광주광역시,,,
81f9fd1b126fa600a564,full_annotation_v1,A,q_속옷_06,속옥,패션·잡화 중 '속옷'을 판매·제공하는 매장,test,속옷,T6 기계변형,011a3d49-59b4-4598-a6ff-668f578f5094,그린브라우니내동점,,내동서부 골목형상점가,골목형상점가,대전광역시,,,
db922b2a3f7b7ffb2b7c,full_annotation_v1,A,q_속옷_06,속옥,패션·잡화 중 '속옷'을 판매·제공하는 매장,test,속옷,T6 기계변형,00054f1d-4cae-4345-9975-1423bc49e4dc,착한아이들,의류,중앙전통시장,전통시장,울산광역시,,,
44161e3be53b6e69163a,full_annotation_v1,A,q_속옷_06,속옥,패션·잡화 중 '속옷'을 판매·제공하는 매장,test,속옷,T6 기계변형,4c68247c-cee4-4d3e-963a-993858458608,중교옥,한식,대전중앙활성화구역,상권활성화구역,대전광역시,,,
6c9b9f31c2da57f20317,full_annotation_v1,A,q_속옷_06,속옥,패션·잡화 중 '속옷'을 판매·제공하는 매장,test,속옷,T6 기계변형,97392f02-7989-4555-8210-87931a1d35d2,영은수산,생선,서귀포매일올레시장,전통시장,제주특별자치도,,,
3adeb12d72669aa619ae,full_annotation_v1,A,q_속옷_06,속옥,패션·잡화 중 '속옷'을 판매·제공하는 매장,test,속옷,T6 기계변형,1c1eb8a4-cd76-44fe-b5de-f35bddbd3698,벽옥,한식,군분로 골목형상점가,골목형상점가,광주광역시,,,
d598e92e37be32497a54,full_annotation_v1,A,q_속옷_06,속옥,패션·잡화 중 '속옷'을 판매·제공하는 매장,test,속옷,T6 기계변형,00172c94-61f0-4197-afeb-d7e8187c79b5,옷이예쁘다,의류,메트로센터(반월당지하쇼핑),일반지하상점가,대구광역시,,,
af85600efefc54dab0d9,full_annotation_v1,A,q_속옷_06,속옥,패션·잡화 중 '속옷'을 판매·제공하는 매장,test,속옷,T6 기계변형,011903e1-651a-425b-9942-46880c0b0ccc,체리핑크,"소매(속옷,란제리)",미금현대벤처빌시장,전통시장,경기도,,,
ab5cfdee645af2726b97,full_annotation_v1,A,q_속옷_06,속옥,패션·잡화 중 '속옷'을 판매·제공하는 매장,test,속옷,T6 기계변형,0144c6bd-f905-4ee2-9acf-1d86a5327a86,승리상회,"일반내의, 양말",두류종합시장,전통시장,대구광역시,,,
75697007bf7d4ff3d79b,full_annotation_v1,A,q_속옷_06,속옥,패션·잡화 중 '속옷'을 판매·제공하는 매장,test,속옷,T6 기계변형,68ca44a9-2506-4298-8d57-be02b62b4979,김밥천국가조점,한식,거창 가조상점가거리,골목형상점가,경상남도,,,
c0f517673be49f652566,full_annotation_v1,A,q_속옷_06,속옥,패션·잡화 중 '속옷'을 판매·제공하는 매장,test,속옷,T6 기계변형,99447c69-6514-4db5-bb08-330cd6d1bec3,33떡볶이 영종하늘도시점,분식,스타타워1 골목형상점가,골목형상점가,인천광역시,,,
f4683599422b18a5ca90,full_annotation_v1,A,q_속옷_06,속옥,패션·잡화 중 '속옷'을 판매·제공하는 매장,test,속옷,T6 기계변형,79720647-dbca-4673-a45b-959864fb0fb1,일출옥,한식,맛의거리 맛리단길 골목형상점가,골목형상점가,전북특별자치도,,,
527c8869c19997968be6,full_annotation_v1,A,q_속옷_06,속옥,패션·잡화 중 '속옷'을 판매·제공하는 매장,test,속옷,T6 기계변형,00158f51-4d3a-4ac0-9e38-b37552f5e097,지지배,의류,나주금빛상점가,자율상권구역,전라남도,,,
747f7c18719317d433b8,full_annotation_v1,A,q_속옷_06,속옥,패션·잡화 중 '속옷'을 판매·제공하는 매장,test,속옷,T6 기계변형,1589f0ae-2c11-4c41-a3b4-2e863140bd26,대박축산,고기,북부중앙 골목형상점가,골목형상점가,경기도,,,
aeed47ac14abb0c8d426,full_annotation_v1,A,q_속옷_06,속옥,패션·잡화 중 '속옷'을 판매·제공하는 매장,test,속옷,T6 기계변형,eacf7f5f-6924-4f89-bd67-269e5110ae2c,춘운서옥,,다향보성 골목형상점가,골목형상점가,,,,
5a622ec44b0c1dfa03aa,full_annotation_v1,A,q_속옷_06,속옥,패션·잡화 중 '속옷'을 판매·제공하는 매장,test,속옷,T6 기계변형,c1c53fd5-574c-4bf0-be2f-02788b76255b,만정옥,한식,반곡동 골목형상점가,골목형상점가,세종특별자치시,,,
2e906719d8155b73d855,full_annotation_v1,A,q_속옷_06,속옥,패션·잡화 중 '속옷'을 판매·제공하는 매장,test,속옷,T6 기계변형,018f4157-7354-4b1a-85eb-b9da2435df9d,뻥어물24 성원양말,"양말, 계란, 뻥튀기 등",당감골목시장,전통시장,부산광역시,,,
481b7f9508cc593d7da7,full_annotation_v1,A,q_속옷_06,속옥,패션·잡화 중 '속옷'을 판매·제공하는 매장,test,속옷,T6 기계변형,0a2b55d0-03da-4657-907b-758f53bdbe60,효제브라이덜(Hyoje Bridal),,대봉동 대백 골목형상점가,골목형상점가,대구광역시,,,
119cc99bbe70dacedfc0,full_annotation_v1,A,q_속옷_06,속옥,패션·잡화 중 '속옷'을 판매·제공하는 매장,test,속옷,T6 기계변형,ead14f58-4c89-4c6f-875d-2d86383e7da5,고려옥,한식,맛의거리 맛리단길 골목형상점가,골목형상점가,전북특별자치도,,,
d164eca167380d62e7fc,full_annotation_v1,A,q_속옷_06,속옥,패션·잡화 중 '속옷'을 판매·제공하는 매장,test,속옷,T6 기계변형,8cf49a81-0aeb-4998-97d6-fb3ac3657196,금옥,의류,신평화패션타운,전통시장,서울특별시,,,
f394169e72d9621d4e57,full_annotation_v1,A,q_속옷_06,속옥,패션·잡화 중 '속옷'을 판매·제공하는 매장,test,속옷,T6 기계변형,93503574-0ba5-4187-907b-072a0dc098db,소육옥,한식,상봉먹자골목형상점가,골목형상점가,서울특별시,,,
60b7846cb2dd6a77db7e,full_annotation_v1,A,q_속옷_06,속옥,패션·잡화 중 '속옷'을 판매·제공하는 매장,test,속옷,T6 기계변형,01e84813-fc68-4e23-81c9-9e743cdd4bc0,서울상회,"양말, 잡화",부산남문시장,전통시장,부산광역시,,,
33608ec19fcaab2ccde1,full_annotation_v1,A,q_속옷_06,속옥,패션·잡화 중 '속옷'을 판매·제공하는 매장,test,속옷,T6 기계변형,97f4091f-1933-4aa6-9788-7cf2a7e285b1,유원옥,한식,하남대로,골목형상점가,광주광역시,,,
4c2bde9db8a5fc7d2557,full_annotation_v1,A,q_속옷_06,속옥,패션·잡화 중 '속옷'을 판매·제공하는 매장,test,속옷,T6 기계변형,7c2a5258-4340-4b67-a5fc-fd33cb25d0c9,류경면옥,한식,커낼워크상점가,골목형상점가,인천광역시,,,
c6ddc57634f4873a2418,full_annotation_v1,A,q_속옷_06,속옥,패션·잡화 중 '속옷'을 판매·제공하는 매장,test,속옷,T6 기계변형,84d9a97c-a862-4bbb-a1c1-6fbc10bbec12,풍년옥,한식,고성 공룡시장,전통시장,경상남도,,,
14d246dc2155a414baa2,full_annotation_v1,A,q_속옷_06,속옥,패션·잡화 중 '속옷'을 판매·제공하는 매장,test,속옷,T6 기계변형,f04d6a4f-9232-48ca-9669-3d7a3a2b88b8,정둔면옥,분식,금암동 골목형상점가,골목형상점가,전북특별자치도,,,
c7dafb7e3eea0c6babd6,full_annotation_v1,A,q_속옷_06,속옥,패션·잡화 중 '속옷'을 판매·제공하는 매장,test,속옷,T6 기계변형,0114f51c-6520-431d-85c7-c34ff7795c7e,브라운앤보그,,퀸덤3단지골목형상점가,골목형상점가,부산광역시,,,
a757766a20101a9d5af0,full_annotation_v1,A,q_속옷_06,속옥,패션·잡화 중 '속옷'을 판매·제공하는 매장,test,속옷,T6 기계변형,0ce9b9e1-8f61-4616-9271-9d5326adaf94,역전옥,한식,전통중앙도매상가,전통시장,대전광역시,,,
9aa79f7ae6e5e6c72523,full_annotation_v1,A,q_속옷_06,속옥,패션·잡화 중 '속옷'을 판매·제공하는 매장,test,속옷,T6 기계변형,00124602-ef4e-472c-91ee-de53b28d7530,화이트,의류,울산번개시장,전통시장,울산광역시,,,
db4f41b0c29dce97c103,full_annotation_v1,A,q_속옷_06,속옥,패션·잡화 중 '속옷'을 판매·제공하는 매장,test,속옷,T6 기계변형,d3d285fe-f2d5-4f5a-a71b-56c3348ec118,중앙주단,가정용품,목포동부시장,전통시장,,,,
c4ef2acddb32cd813736,full_annotation_v1,A,q_속옷_06,속옥,패션·잡화 중 '속옷'을 판매·제공하는 매장,test,속옷,T6 기계변형,d9de6a54-531f-4b5c-a427-d32a9b5b99ac,송도만두 영종하늘도시점,만두,스타타워1 골목형상점가,골목형상점가,인천광역시,,,
6798d2f6c1eabe46ebfc,full_annotation_v1,A,q_속옷_06,속옥,패션·잡화 중 '속옷'을 판매·제공하는 매장,test,속옷,T6 기계변형,de9db77d-489b-4cff-8241-d7c70cb6dd1f,조옥,한식,수암종합시장,전통시장,울산광역시,,,
1a453912575a7268b4f1,full_annotation_v1,A,q_속옷_06,속옥,패션·잡화 중 '속옷'을 판매·제공하는 매장,test,속옷,T6 기계변형,5bec73d3-3d85-4542-b7bd-c6a415ace4bb,꿈애궁전,침구류,석봉동골목형상점가,골목형상점가,대전광역시,,,
2f6d04eaf61b6a5e4526,full_annotation_v1,A,q_속옷_06,속옥,패션·잡화 중 '속옷'을 판매·제공하는 매장,test,속옷,T6 기계변형,34339615-b1e9-4cdb-a13f-103d33d35e79,미래수산,활어,자갈치시장,전통시장,부산광역시,,,
26307f5a8de0d82a7448,full_annotation_v1,A,q_속옷_06,속옥,패션·잡화 중 '속옷'을 판매·제공하는 매장,test,속옷,T6 기계변형,149bde69-d9e8-453f-b5bd-d9228c0c774c,절굿대떡옥,떡,나주목사고을시장,전통시장,전라남도,,,
47a9654d4b7aabd4e921,full_annotation_v1,A,q_속옷_06,속옥,패션·잡화 중 '속옷'을 판매·제공하는 매장,test,속옷,T6 기계변형,a90a7cb2-3a07-4d75-8c48-aa04bc915d5f,해옥,,통영 중앙동 강구안 상권활성화 구역,상권활성화구역,경상남도,,,
dac73fdf7e2250e73b98,full_annotation_v1,A,q_속옷_06,속옥,패션·잡화 중 '속옷'을 판매·제공하는 매장,test,속옷,T6 기계변형,000a92b3-0b5e-429e-af00-f86e3570e24b,클로버,의류,관문상가시장,전통시장,대구광역시,,,
709cd360dcbbedf800c7,full_annotation_v1,A,q_속옷_06,속옥,패션·잡화 중 '속옷'을 판매·제공하는 매장,test,속옷,T6 기계변형,e91b90ed-c90f-44a6-99b9-3b9265d9a2f9,배울면옥,,혁신도시3구역 골목형상점가,골목형상점가,강원특별자치도,,,
240cd3221538c785d4f9,full_annotation_v1,A,q_속옷_06,속옥,패션·잡화 중 '속옷'을 판매·제공하는 매장,test,속옷,T6 기계변형,b49e3e01-44b9-4cf4-b582-f7b7099a38f9,일흥옥,한식,맛의거리 맛리단길 골목형상점가,골목형상점가,전북특별자치도,,,
5220bff7a21e65c7d006,full_annotation_v1,A,q_속옷_06,속옥,패션·잡화 중 '속옷'을 판매·제공하는 매장,test,속옷,T6 기계변형,4bae059c-d8cb-4ce5-afcd-4ffa5d61cca3,중앙옥,한식,옥천공설시장,전통시장,충청북도,,,
e9c11e57ac18315a4f96,full_annotation_v1,A,q_속옷_06,속옥,패션·잡화 중 '속옷'을 판매·제공하는 매장,test,속옷,T6 기계변형,9dd1a314-76fb-4f7d-afe0-dc9203e31172,김정애헤어포인트,미용,오류버들시장골목형상점가,골목형상점가,서울특별시,,,
d6478a0ce6ca64436085,full_annotation_v1,A,q_속옷_06,속옥,패션·잡화 중 '속옷'을 판매·제공하는 매장,test,속옷,T6 기계변형,8e49adcb-58c0-4a23-999a-27b2ee95dc4e,선비옥,,선비골전통시장,전통시장,경상북도,,,
6f5afeef41d53f2b989a,full_annotation_v1,A,q_속옷_06,속옥,패션·잡화 중 '속옷'을 판매·제공하는 매장,test,속옷,T6 기계변형,6dc1c7d2-716a-474e-9f4e-06a3dc923fb0,문옥,한식,일곡동(제9지역:커피의 거리),골목형상점가,광주광역시,,,
a6c352cc7f5621e57fb2,full_annotation_v1,A,q_속옷_06,속옥,패션·잡화 중 '속옷'을 판매·제공하는 매장,test,속옷,T6 기계변형,022eed00-e4e9-46d1-b6ea-3b9ff6e46458,동아양말,양말,㈜르네시떼,전통시장,부산광역시,,,
1f5fda9d969d5ec07548,full_annotation_v1,A,q_속옷_06,속옥,패션·잡화 중 '속옷'을 판매·제공하는 매장,test,속옷,T6 기계변형,90b10555-58cf-4581-9c2a-55f578c9f0f3,더파크림,뷔페,상무평화상인회 골목형상점가,골목형상점가,광주광역시,,,
5550545c0d7e97ae8607,full_annotation_v1,A,q_속옷_06,속옥,패션·잡화 중 '속옷'을 판매·제공하는 매장,test,속옷,T6 기계변형,0b2de4e7-0eea-42cd-aafe-aa8aa298ac82,꾸브라꼬 숯불치킨 첨단점,,첨단아미 골목형상점가,골목형상점가,,,,
c1c3f04967e004648ed0,full_annotation_v1,A,q_속옷_06,속옥,패션·잡화 중 '속옷'을 판매·제공하는 매장,test,속옷,T6 기계변형,002fded9-56a2-42e6-ad4e-06dab5ab6c83,못골메리야스,내의류,못골골목시장,전통시장,부산광역시,,,
a87e80b251ba7804ba8b,full_annotation_v1,A,q_속옷_06,속옥,패션·잡화 중 '속옷'을 판매·제공하는 매장,test,속옷,T6 기계변형,8c13875a-0177-4ef3-a4a8-d9f172be2e1b,신림면옥,,황둔캠핑로 골목형상점가,골목형상점가,강원특별자치도,,,
e0b203469b28b2df3fc1,full_annotation_v1,A,q_속옷_06,속옥,패션·잡화 중 '속옷'을 판매·제공하는 매장,test,속옷,T6 기계변형,985b3244-52b2-486e-8f67-7df2687487fd,일신옥,한식,맛의거리 맛리단길 골목형상점가,골목형상점가,전북특별자치도,,,
7ee1fed44568ff4c10f6,full_annotation_v1,A,q_속옷_06,속옥,패션·잡화 중 '속옷'을 판매·제공하는 매장,test,속옷,T6 기계변형,d554ec9b-8bdb-43ec-a95f-513800c5aced,일해옥,한식,맛의거리 맛리단길 골목형상점가,골목형상점가,전북특별자치도,,,
462dec8bf6e3ffd7c933,full_annotation_v1,A,q_속옷_06,속옥,패션·잡화 중 '속옷'을 판매·제공하는 매장,test,속옷,T6 기계변형,88ced1eb-777d-40d6-a680-09257298c2b7,청산옥,,나주읍성 골목형상점가,골목형상점가,,,,
a43672a3bf3e96c20dac,full_annotation_v1,A,q_속옷_06,속옥,패션·잡화 중 '속옷'을 판매·제공하는 매장,test,속옷,T6 기계변형,9a21868f-5082-45bc-ae31-b4c219b90127,대성수산,건어물,도마큰시장,전통시장,대전광역시,,,
23fc002fe457a922740e,full_annotation_v1,A,q_속옷_06,속옥,패션·잡화 중 '속옷'을 판매·제공하는 매장,test,속옷,T6 기계변형,0b145df3-a176-4fd4-8017-99d62d6c3793,만옥,한식,법원 앞 사과마을 골목형상점가,골목형상점가,광주광역시,,,
15786b66388c8025e4ed,full_annotation_v1,A,q_속옷_06,속옥,패션·잡화 중 '속옷'을 판매·제공하는 매장,test,속옷,T6 기계변형,01459610-611f-4516-aa05-19e8e4a11b6d,양평상회,내의,제천중앙시장,전통시장,충청북도,,,
dd32d23a3a9a9467a36c,full_annotation_v1,A,q_속옷_06,속옥,패션·잡화 중 '속옷'을 판매·제공하는 매장,test,속옷,T6 기계변형,efb24247-0856-4e66-9101-677df02580e3,만경옥,중식,우치로231번길 골목형상점가,골목형상점가,광주광역시,,,
fcf0c235ff181e0e7ae9,full_annotation_v1,A,q_속옷_06,속옥,패션·잡화 중 '속옷'을 판매·제공하는 매장,test,속옷,T6 기계변형,53ca6b6f-95aa-45b6-995c-000591e5e0f1,나은힐링안마센터,안마,BOCA 보카상점가,골목형상점가,경기도,,,
469f4fb257fb0ca80604,full_annotation_v1,A,q_속옷_06,속옥,패션·잡화 중 '속옷'을 판매·제공하는 매장,test,속옷,T6 기계변형,28127da7-a15c-4366-b962-72aedd1ad7b8,희가옥,,양산 물금백호마을 골목형상점가,골목형상점가,경상남도,,,
1be3579b5f046a295c2d,full_annotation_v1,A,q_속옷_06,속옥,패션·잡화 중 '속옷'을 판매·제공하는 매장,test,속옷,T6 기계변형,09b1e448-7a9a-4f85-976c-71cefed054f9,윈도우스토리,"브라인드, 커텐",광탄전통시장,전통시장,경기도,,,
3a7c92713245ccaad772,full_annotation_v1,A,q_속옷_06,속옥,패션·잡화 중 '속옷'을 판매·제공하는 매장,test,속옷,T6 기계변형,580098e6-8039-4844-9d9a-4280df36c1c0,류경면옥,한식,커낼워크상점가,골목형상점가,인천광역시,,,
08fa4c7b410509c45720,full_annotation_v1,A,q_속옷_06,속옥,패션·잡화 중 '속옷'을 판매·제공하는 매장,test,속옷,T6 기계변형,01725ea8-909a-45e7-86dc-3983579c9c4d,이강상사(트라이),내의,신대방1동온누리길골목형상점가,골목형상점가,서울특별시,,,
0d41c4420f9fd014291c,full_annotation_v1,A,q_속옷_06,속옥,패션·잡화 중 '속옷'을 판매·제공하는 매장,test,속옷,T6 기계변형,89a3ada4-0bc3-4218-b828-a1f84bdb0158,만물상회,잡화,서천특화시장,전통시장,충청남도,,,
5e0c8507cb2c911ddc31,full_annotation_v1,A,q_속옷_06,속옥,패션·잡화 중 '속옷'을 판매·제공하는 매장,test,속옷,T6 기계변형,01ca0e12-5e9f-4cc8-a090-1d2535c35fcb,중앙란제리,내의판매점,문경중앙시장,전통시장,경상북도,,,
9f3a05c178b7255487f5,full_annotation_v1,A,q_속옷_06,속옥,패션·잡화 중 '속옷'을 판매·제공하는 매장,test,속옷,T6 기계변형,5cdd10ef-ac57-470f-92f3-227e7c5d3af7,세창옥,한식,평택통복시장,전통시장,경기도,,,
d0d081e6bf50a7301737,full_annotation_v1,A,q_속옷_06,속옥,패션·잡화 중 '속옷'을 판매·제공하는 매장,test,속옷,T6 기계변형,7287451e-017d-44e9-a753-ee498f44818f,중앙면옥,한식,중앙상가시장,전통시장,대전광역시,,,
9dfa683be9866c5df9e3,full_annotation_v1,A,q_속옷_06,속옥,패션·잡화 중 '속옷'을 판매·제공하는 매장,test,속옷,T6 기계변형,ef39c560-7582-41f8-9907-2758a07e1405,씨앤드,내의및잡화류,금호행복시장(금호시장),전통시장,경기도,,,
cc9ab683e40eebd1e8cc,full_annotation_v1,A,q_속옷_06,속옥,패션·잡화 중 '속옷'을 판매·제공하는 매장,test,속옷,T6 기계변형,b76ffa0a-3a30-4116-bc2e-2ef57c78b4e4,우정옥,한식,전남대후문골목형상점가,골목형상점가,광주광역시,,,
c58046c89a483190443b,full_annotation_v1,A,q_속옷_07,속옷추천,패션·잡화 중 '속옷'을 판매·제공하는 매장,test,속옷,T6 기계변형,fe46f1b7-0454-4f04-9859-48d776599515,이레속옷,속옷,원주남부시장,전통시장,강원특별자치도,,,
906cc557c384317b2643,full_annotation_v1,A,q_속옷_07,속옷추천,패션·잡화 중 '속옷'을 판매·제공하는 매장,test,속옷,T6 기계변형,b17be00b-c03c-4707-bd16-68e925afea5a,속옷스토리,속옷 의류,효덕마을 골목형상점가,골목형상점가,광주광역시,,,
21f105d11e1e8a44c0a8,full_annotation_v1,A,q_속옷_07,속옷추천,패션·잡화 중 '속옷'을 판매·제공하는 매장,test,속옷,T6 기계변형,3111a852-d694-4bc8-90a6-934aba56a497,속옷나라,속옷,군산역전종합시장,전통시장,전북특별자치도,,,
5eb6af2738023ff02cb4,full_annotation_v1,A,q_속옷_07,속옷추천,패션·잡화 중 '속옷'을 판매·제공하는 매장,test,속옷,T6 기계변형,75373402-8e75-40bc-97d3-1c8261ccff6f,빠자빠,속옷,동산상가,전통시장,대구광역시,,,
c89789e4c59dfdf73fb8,full_annotation_v1,A,q_속옷_07,속옷추천,패션·잡화 중 '속옷'을 판매·제공하는 매장,test,속옷,T6 기계변형,79238343-ca2f-40cd-8c16-80ccb8ddb3cc,속옷천국,속옷 의류,대남숨길 골목형상점가,골목형상점가,광주광역시,,,
88a7a59fe58b0bc4d282,full_annotation_v1,A,q_속옷_07,속옷추천,패션·잡화 중 '속옷'을 판매·제공하는 매장,test,속옷,T6 기계변형,4555ea1d-f041-45a3-98ea-0a7b42c5af1f,우리들,주방용품,부평깡통시장(구 부산부평시장),전통시장,부산광역시,,,
992baebdf6645dd9af89,full_annotation_v1,A,q_속옷_07,속옷추천,패션·잡화 중 '속옷'을 판매·제공하는 매장,test,속옷,T6 기계변형,5ede4300-db7a-4b87-a2d0-f4054892953c,도마신흥축산,식육,도마큰시장,전통시장,대전광역시,,,
82588ef60acfabc89240,full_annotation_v1,A,q_속옷_07,속옷추천,패션·잡화 중 '속옷'을 판매·제공하는 매장,test,속옷,T6 기계변형,0144c6bd-f905-4ee2-9acf-1d86a5327a86,승리상회,"일반내의, 양말",두류종합시장,전통시장,대구광역시,,,
f9987c03cc81d3f223b3,full_annotation_v1,A,q_속옷_07,속옷추천,패션·잡화 중 '속옷'을 판매·제공하는 매장,test,속옷,T6 기계변형,8b47ff95-9902-48d5-a6f9-3cfbfbf23837,착한속옷,속옷,노은역 골목형상점가,골목형상점가,대전광역시,,,
89d295ac73adde82de2f,full_annotation_v1,A,q_속옷_07,속옷추천,패션·잡화 중 '속옷'을 판매·제공하는 매장,test,속옷,T6 기계변형,3c7ad0db-75e6-4a0c-bb5d-2ccaf0bb7c19,속옷나라,속옷,음성시장,전통시장,충청북도,,,
e2b29ae90c889dccbd0a,full_annotation_v1,A,q_속옷_07,속옷추천,패션·잡화 중 '속옷'을 판매·제공하는 매장,test,속옷,T6 기계변형,980c50e0-3ffa-40d7-b7d7-5bd3c1095890,패티패션,속옷,담양중앙 골목형상점가,골목형상점가,전라남도,,,
4304ef7c37b4493fbab4,full_annotation_v1,A,q_속옷_07,속옷추천,패션·잡화 중 '속옷'을 판매·제공하는 매장,test,속옷,T6 기계변형,cd00ad11-b2f1-4394-b1a9-d42a3246aef9,속옷가게,속옷,메트로센터(반월당지하쇼핑),일반지하상점가,대구광역시,,,
d0de9996520f2ceeb8d4,full_annotation_v1,A,q_속옷_07,속옷추천,패션·잡화 중 '속옷'을 판매·제공하는 매장,test,속옷,T6 기계변형,00172c94-61f0-4197-afeb-d7e8187c79b5,옷이예쁘다,의류,메트로센터(반월당지하쇼핑),일반지하상점가,대구광역시,,,
d7450832be2877a1d06d,full_annotation_v1,A,q_속옷_07,속옷추천,패션·잡화 중 '속옷'을 판매·제공하는 매장,test,속옷,T6 기계변형,de52c2bd-b933-42c5-9ea1-4791784dece1,엄마런닝구,속옷,양산 서창시장,전통시장,경상남도,,,
96c6077a736915e0cb6b,full_annotation_v1,A,q_속옷_07,속옷추천,패션·잡화 중 '속옷'을 판매·제공하는 매장,test,속옷,T6 기계변형,776cc839-c8d0-494a-a898-c6583fb2d51c,봉천기름고추상회,기름,강릉성남시장,전통시장,강원특별자치도,,,
4acade58aa2d3dec001e,full_annotation_v1,A,q_속옷_07,속옷추천,패션·잡화 중 '속옷'을 판매·제공하는 매장,test,속옷,T6 기계변형,00124602-ef4e-472c-91ee-de53b28d7530,화이트,의류,울산번개시장,전통시장,울산광역시,,,
06d290b980b03f5e1798,full_annotation_v1,A,q_속옷_07,속옷추천,패션·잡화 중 '속옷'을 판매·제공하는 매장,test,속옷,T6 기계변형,238f1e8d-79f6-4722-a401-a8a150952f98,속옷이야기,속옷,의정부제일시장,전통시장,경기도,,,
a89a82d431e90f70e198,full_annotation_v1,A,q_속옷_07,속옷추천,패션·잡화 중 '속옷'을 판매·제공하는 매장,test,속옷,T6 기계변형,0a2b55d0-03da-4657-907b-758f53bdbe60,효제브라이덜(Hyoje Bridal),,대봉동 대백 골목형상점가,골목형상점가,대구광역시,,,
5429c3a7375f8dc89153,full_annotation_v1,A,q_속옷_07,속옷추천,패션·잡화 중 '속옷'을 판매·제공하는 매장,test,속옷,T6 기계변형,9ba5de28-9af5-4f23-a8be-e4e9a2557d23,속옷나라,속옷,공주산성 활성화구역,전통시장,충청남도,,,
668e70194303a9d6b3cd,full_annotation_v1,A,q_속옷_07,속옷추천,패션·잡화 중 '속옷'을 판매·제공하는 매장,test,속옷,T6 기계변형,63468b5d-2de4-46aa-918f-b85d7fa6376c,은혜속옷,속옷,서천특화시장,전통시장,충청남도,,,
0e1c7e73537511bdb1e9,full_annotation_v1,A,q_속옷_07,속옷추천,패션·잡화 중 '속옷'을 판매·제공하는 매장,test,속옷,T6 기계변형,09b1e448-7a9a-4f85-976c-71cefed054f9,윈도우스토리,"브라인드, 커텐",광탄전통시장,전통시장,경기도,,,
7a7e677bb973f69d617f,full_annotation_v1,A,q_속옷_07,속옷추천,패션·잡화 중 '속옷'을 판매·제공하는 매장,test,속옷,T6 기계변형,2f304256-22bb-474e-94d2-d7bcd3ab6b31,속옷아울렛,속옷,광명전통시장,전통시장,경기도,,,
717fd71e085de2358fa8,full_annotation_v1,A,q_속옷_07,속옷추천,패션·잡화 중 '속옷'을 판매·제공하는 매장,test,속옷,T6 기계변형,01725ea8-909a-45e7-86dc-3983579c9c4d,이강상사(트라이),내의,신대방1동온누리길골목형상점가,골목형상점가,서울특별시,,,
bec53b44c8dacd233304,full_annotation_v1,A,q_속옷_07,속옷추천,패션·잡화 중 '속옷'을 판매·제공하는 매장,test,속옷,T6 기계변형,156236f1-5b3a-411f-9fa7-59cdeb5d9689,진범통상,속옷,성환1번가 골목형상점가,골목형상점가,충청남도,,,
35190fa5101af6680548,full_annotation_v1,A,q_속옷_07,속옷추천,패션·잡화 중 '속옷'을 판매·제공하는 매장,test,속옷,T6 기계변형,01ca0e12-5e9f-4cc8-a090-1d2535c35fcb,중앙란제리,내의판매점,문경중앙시장,전통시장,경상북도,,,
c65ee2a68b7815c3a74f,full_annotation_v1,A,q_속옷_07,속옷추천,패션·잡화 중 '속옷'을 판매·제공하는 매장,test,속옷,T6 기계변형,00158f51-4d3a-4ac0-9e38-b37552f5e097,지지배,의류,나주금빛상점가,자율상권구역,전라남도,,,
b7c18b1d836ebcc61176,full_annotation_v1,A,q_속옷_07,속옷추천,패션·잡화 중 '속옷'을 판매·제공하는 매장,test,속옷,T6 기계변형,018f4157-7354-4b1a-85eb-b9da2435df9d,뻥어물24 성원양말,"양말, 계란, 뻥튀기 등",당감골목시장,전통시장,부산광역시,,,
5ca1010e26dc08511640,full_annotation_v1,A,q_속옷_07,속옷추천,패션·잡화 중 '속옷'을 판매·제공하는 매장,test,속옷,T6 기계변형,bc5a34a5-f0de-4c73-9788-28c5c6c5054c,속옷백화점,의류,의왕도깨비시장,전통시장,경기도,,,
41daab997a62b61e6052,full_annotation_v1,A,q_속옷_07,속옷추천,패션·잡화 중 '속옷'을 판매·제공하는 매장,test,속옷,T6 기계변형,00054f1d-4cae-4345-9975-1423bc49e4dc,착한아이들,의류,중앙전통시장,전통시장,울산광역시,,,
0c704341d5a3a8d48159,full_annotation_v1,A,q_속옷_07,속옷추천,패션·잡화 중 '속옷'을 판매·제공하는 매장,test,속옷,T6 기계변형,d0b70708-9a4b-454b-b703-d90c9c1b7466,라빈느(LAVIGNE),카페,녹두S밸리골목형상점가,골목형상점가,서울특별시,,,
53c6eca453476d4a70db,full_annotation_v1,A,q_속옷_07,속옷추천,패션·잡화 중 '속옷'을 판매·제공하는 매장,test,속옷,T6 기계변형,0cb36398-da5f-4fe6-a700-ddb2b3151033,안가네대추빵,,전주송천동골목형상점가,골목형상점가,전북특별자치도,,,
bd5a0efa2ccf73c11de8,full_annotation_v1,A,q_속옷_07,속옷추천,패션·잡화 중 '속옷'을 판매·제공하는 매장,test,속옷,T6 기계변형,7e4adcc4-c9ea-4cdc-9432-73864860d20b,속옷아울렛,속옷,예천상설시장,전통시장,경상북도,,,
c5191047b04621465fd3,full_annotation_v1,A,q_속옷_07,속옷추천,패션·잡화 중 '속옷'을 판매·제공하는 매장,test,속옷,T6 기계변형,011a3d49-59b4-4598-a6ff-668f578f5094,그린브라우니내동점,,내동서부 골목형상점가,골목형상점가,대전광역시,,,
39e07527ea2f5cbb4202,full_annotation_v1,A,q_속옷_07,속옷추천,패션·잡화 중 '속옷'을 판매·제공하는 매장,test,속옷,T6 기계변형,e8b39ab1-9703-4863-af30-35e937a28180,속옷나라,속옷,우산상인회 골목형상점가,골목형상점가,광주광역시,,,
78fdd85f9402472e3a42,full_annotation_v1,A,q_속옷_07,속옷추천,패션·잡화 중 '속옷'을 판매·제공하는 매장,test,속옷,T6 기계변형,ac928dc4-c67e-4515-9f2f-1a497d2651e2,한민속옷,속옷,한민시장,전통시장,대전광역시,,,
5ad94028d7fb1e4439bc,full_annotation_v1,A,q_속옷_07,속옷추천,패션·잡화 중 '속옷'을 판매·제공하는 매장,test,속옷,T6 기계변형,515930ba-b784-435c-a036-b60a9be62a0a,속옷나라,속옷,소사종합시장,전통시장,경기도,,,
52cc95374fe69bf582e2,full_annotation_v1,A,q_속옷_07,속옷추천,패션·잡화 중 '속옷'을 판매·제공하는 매장,test,속옷,T6 기계변형,01459610-611f-4516-aa05-19e8e4a11b6d,양평상회,내의,제천중앙시장,전통시장,충청북도,,,
b86ebaad811c9006c10d,full_annotation_v1,A,q_속옷_07,속옷추천,패션·잡화 중 '속옷'을 판매·제공하는 매장,test,속옷,T6 기계변형,c63e4f75-09f0-4e3b-84af-e8240f30424f,속옷나라,속옷,무안읍중심상가상점가,자율상권구역,전라남도,,,
c83fa17833260df6add9,full_annotation_v1,A,q_속옷_07,속옷추천,패션·잡화 중 '속옷'을 판매·제공하는 매장,test,속옷,T6 기계변형,002213bf-7f70-4e62-8df9-0c11e9f4d38d,에띠임,속옷,목포원도심상점가,자율상권구역,전라남도,,,
4de95020983ea21289ce,full_annotation_v1,A,q_속옷_07,속옷추천,패션·잡화 중 '속옷'을 판매·제공하는 매장,test,속옷,T6 기계변형,3b03e5a0-06f9-4679-a98c-b0788c7ac603,화천수예점,침구류,화천재래시장,전통시장,강원특별자치도,,,
1987823c9b4256a6e5c6,full_annotation_v1,A,q_속옷_07,속옷추천,패션·잡화 중 '속옷'을 판매·제공하는 매장,test,속옷,T6 기계변형,3329d388-3ec4-40c4-b6dc-f03be1aba3c2,무료입장,속옷,속초중앙전통시장,전통시장,강원특별자치도,,,
d7c95274752dea3e2bb7,full_annotation_v1,A,q_속옷_07,속옷추천,패션·잡화 중 '속옷'을 판매·제공하는 매장,test,속옷,T6 기계변형,413218cc-d85b-4a12-87b4-5cb9595df828,아름한우곱창,곱창,나성동 골목형상점가,골목형상점가,세종특별자치시,,,
14e99f1bdf55939db6b9,full_annotation_v1,A,q_속옷_07,속옷추천,패션·잡화 중 '속옷'을 판매·제공하는 매장,test,속옷,T6 기계변형,01e84813-fc68-4e23-81c9-9e743cdd4bc0,서울상회,"양말, 잡화",부산남문시장,전통시장,부산광역시,,,
df5c127fcb3922ac4293,full_annotation_v1,A,q_속옷_07,속옷추천,패션·잡화 중 '속옷'을 판매·제공하는 매장,test,속옷,T6 기계변형,96e5b3ba-aacd-4e7d-a4c4-7c19d237529a,예쓰,속옷,성서중심시장(성서시장문화의거리 통합),전통시장,충청북도,,,
36ceecdb117ad8468803,full_annotation_v1,A,q_속옷_07,속옷추천,패션·잡화 중 '속옷'을 판매·제공하는 매장,test,속옷,T6 기계변형,3ea29911-00a4-46b2-9e67-541972c207f2,속옷갑부,속옷,진해중앙시장,전통시장,경상남도,,,
eeecca3c92e60b581734,full_annotation_v1,A,q_속옷_07,속옷추천,패션·잡화 중 '속옷'을 판매·제공하는 매장,test,속옷,T6 기계변형,0b2de4e7-0eea-42cd-aafe-aa8aa298ac82,꾸브라꼬 숯불치킨 첨단점,,첨단아미 골목형상점가,골목형상점가,,,,
12f1a43946ad7b4b6839,full_annotation_v1,A,q_속옷_07,속옷추천,패션·잡화 중 '속옷'을 판매·제공하는 매장,test,속옷,T6 기계변형,9aa0d00b-f867-4b06-ac3f-d70a7d77a65a,속옷백화점,속옷,정읍우암로상점가,자율상권구역,전북특별자치도,,,
d8094ef723424ba9db00,full_annotation_v1,A,q_속옷_07,속옷추천,패션·잡화 중 '속옷'을 판매·제공하는 매장,test,속옷,T6 기계변형,61d62e21-a7a5-4e27-8c99-eb01e184ad49,예지속옷,속옷,안산다농마트전통시장,전통시장,경기도,,,
98e1c5f7b47bd6c21aae,full_annotation_v1,A,q_속옷_07,속옷추천,패션·잡화 중 '속옷'을 판매·제공하는 매장,test,속옷,T6 기계변형,1528f1d8-51ff-477f-99f3-ac56075b41ce,속옷천국,속옷,춘천지하상가,일반지하상점가,강원특별자치도,,,
704387d1aa08ada39ebc,full_annotation_v1,A,q_속옷_07,속옷추천,패션·잡화 중 '속옷'을 판매·제공하는 매장,test,속옷,T6 기계변형,9da2290e-987c-4a75-83dc-c3494029e2a0,메디팜보령약국,"양약, 의료기기",둔산3동상점가,자율상권구역,대전광역시,,,
0c18ed03a5ca3e948f88,full_annotation_v1,A,q_속옷_07,속옷추천,패션·잡화 중 '속옷'을 판매·제공하는 매장,test,속옷,T6 기계변형,00660911-d1ad-4623-b1da-ec818e3dd2c8,하얀느낌,란제리 양말 속옷,한빛프라자 골목형상점가,골목형상점가,대전광역시,,,
a1ac17003e3f4e7aa992,full_annotation_v1,A,q_속옷_07,속옷추천,패션·잡화 중 '속옷'을 판매·제공하는 매장,test,속옷,T6 기계변형,92805d3d-930d-44ec-8b00-986a2f9b20f2,리썬샵,속옷,금화로상인회 골목형상점가,골목형상점가,광주광역시,,,
0c6fa05e3f3416c05b0d,full_annotation_v1,A,q_속옷_07,속옷추천,패션·잡화 중 '속옷'을 판매·제공하는 매장,test,속옷,T6 기계변형,39997d96-0bfc-45d8-8491-994af6e12210,오가트리,화장품도소매,누리 골목형상점가,골목형상점가,경기도,,,
6889ef727493c3f71e47,full_annotation_v1,A,q_속옷_07,속옷추천,패션·잡화 중 '속옷'을 판매·제공하는 매장,test,속옷,T6 기계변형,9d62ddf7-2689-42a2-b0fe-0f93883415d3,원정형외과 의원,정형외과,누리 골목형상점가,골목형상점가,경기도,,,
f560a01dc72d59876647,full_annotation_v1,A,q_속옷_07,속옷추천,패션·잡화 중 '속옷'을 판매·제공하는 매장,test,속옷,T6 기계변형,01638941-6206-4662-b5d9-0e2cae1a4133,하마유통,속옷,서구청먹자골목상인회 골목형상점가,골목형상점가,광주광역시,,,
4d2486338e5eeaa18ff0,full_annotation_v1,A,q_속옷_07,속옷추천,패션·잡화 중 '속옷'을 판매·제공하는 매장,test,속옷,T6 기계변형,3c679feb-e600-4adb-8ee6-77130d60ea13,속옷세상,속옷,상원시장,전통시장,대구광역시,,,
65761bac23959bc54fe0,full_annotation_v1,A,q_속옷_07,속옷추천,패션·잡화 중 '속옷'을 판매·제공하는 매장,test,속옷,T6 기계변형,006c0196-bbe9-41db-b76c-01cc834078d8,BYC전문점당감점,속옷,당감골목시장,전통시장,부산광역시,,,
0ae5a45381b03e1e06ab,full_annotation_v1,A,q_속옷_07,속옷추천,패션·잡화 중 '속옷'을 판매·제공하는 매장,test,속옷,T6 기계변형,35068fd0-1ed8-4d85-979c-22fd3423f6d8,속옷여행,속옷,진주 새서부시장,전통시장,경상남도,,,
620868147414f5effdd0,full_annotation_v1,A,q_속옷_07,속옷추천,패션·잡화 중 '속옷'을 판매·제공하는 매장,test,속옷,T6 기계변형,a4189277-773d-4d88-ab33-def0f3769ca5,365그랜드약국,의약품,비단길현대시장,전통시장,서울특별시,,,
80fa2c1c5a45fb543581,full_annotation_v1,A,q_속옷_07,속옷추천,패션·잡화 중 '속옷'을 판매·제공하는 매장,test,속옷,T6 기계변형,022eed00-e4e9-46d1-b6ea-3b9ff6e46458,동아양말,양말,㈜르네시떼,전통시장,부산광역시,,,
9c5e2d379502bfe66c1d,full_annotation_v1,A,q_속옷_07,속옷추천,패션·잡화 중 '속옷'을 판매·제공하는 매장,test,속옷,T6 기계변형,b0541931-ec9d-4d4d-a05a-69f590ccb91a,하복,속옷,조암시장,전통시장,경기도,,,
56aba0b87d4c997f06a9,full_annotation_v1,A,q_속옷_07,속옷추천,패션·잡화 중 '속옷'을 판매·제공하는 매장,test,속옷,T6 기계변형,9b93091e-6ae0-499b-869e-307b8a06f514,속옷사랑,속옷,진주 중앙시장,전통시장,경상남도,,,
cfec4354e3edb72f14ea,full_annotation_v1,A,q_속옷_07,속옷추천,패션·잡화 중 '속옷'을 판매·제공하는 매장,test,속옷,T6 기계변형,0ed51232-b0e1-4727-a8c1-7faa47770f38,속옷나라,속옷,화정로상인회 골목형상점가,골목형상점가,광주광역시,,,
435c3998fd891249cc23,full_annotation_v1,A,q_속옷_07,속옷추천,패션·잡화 중 '속옷'을 판매·제공하는 매장,test,속옷,T6 기계변형,000a92b3-0b5e-429e-af00-f86e3570e24b,클로버,의류,관문상가시장,전통시장,대구광역시,,,
cea3ec5b42f5ba216500,full_annotation_v1,A,q_속옷_07,속옷추천,패션·잡화 중 '속옷'을 판매·제공하는 매장,test,속옷,T6 기계변형,8fdbfb26-30b4-472a-815f-97f3bc638537,청춘김치찌개,한식,녹두S밸리골목형상점가,골목형상점가,서울특별시,,,
09c351faaa58595a663f,full_annotation_v1,A,q_속옷_07,속옷추천,패션·잡화 중 '속옷'을 판매·제공하는 매장,test,속옷,T6 기계변형,bd79b13d-c38e-4b6e-b58c-6f80140d2579,정관장 일산2동점,홍삼,산들마을 골목형상점가,골목형상점가,경기도,,,
3f08727f8a821f69f7e7,full_annotation_v1,A,q_속옷_07,속옷추천,패션·잡화 중 '속옷'을 판매·제공하는 매장,test,속옷,T6 기계변형,eca76fc6-7b8f-4157-a305-23c7496c7f5c,영필상회,속옷,부산남문시장,전통시장,부산광역시,,,
5ef49250fc7d0e4c2eba,full_annotation_v1,A,q_속옷_07,속옷추천,패션·잡화 중 '속옷'을 판매·제공하는 매장,test,속옷,T6 기계변형,ae828983-4af5-4253-b97a-01856a27360b,반송속옷랜드,속옷,반송큰시장,전통시장,부산광역시,,,
35f13e9154642ed70746,full_annotation_v1,A,q_속옷_07,속옷추천,패션·잡화 중 '속옷'을 판매·제공하는 매장,test,속옷,T6 기계변형,b2a11dac-02b9-4f34-b171-8412fdaa37b3,조은속옷,속옷,익산황등시장,전통시장,전북특별자치도,,,
6e64ff801d8b62e1441c,full_annotation_v1,A,q_속옷_07,속옷추천,패션·잡화 중 '속옷'을 판매·제공하는 매장,test,속옷,T6 기계변형,61428829-b4f1-471f-81a3-6e2f2a35c56e,속옷나라,속옷,문창시장,전통시장,대전광역시,,,
a362a47af69977e71ed5,full_annotation_v1,A,q_속옷_07,속옷추천,패션·잡화 중 '속옷'을 판매·제공하는 매장,test,속옷,T6 기계변형,a91f3b67-839c-47ac-81d5-971497417bdf,속옷나라,속옷,금촌전통시장,전통시장,경기도,,,
b7debdf9f76898157deb,full_annotation_v1,A,q_속옷_07,속옷추천,패션·잡화 중 '속옷'을 판매·제공하는 매장,test,속옷,T6 기계변형,0114f51c-6520-431d-85c7-c34ff7795c7e,브라운앤보그,,퀸덤3단지골목형상점가,골목형상점가,부산광역시,,,
4116b5452ea17155b652,full_annotation_v1,A,q_속옷_07,속옷추천,패션·잡화 중 '속옷'을 판매·제공하는 매장,test,속옷,T6 기계변형,002fded9-56a2-42e6-ad4e-06dab5ab6c83,못골메리야스,내의류,못골골목시장,전통시장,부산광역시,,,
d30c027b3900dfbec2f6,full_annotation_v1,A,q_속옷_07,속옷추천,패션·잡화 중 '속옷'을 판매·제공하는 매장,test,속옷,T6 기계변형,b81ff80d-6f20-46dc-885a-c77a0d999c85,루시드헤어,,송천동2가 골목형상점가,골목형상점가,전북특별자치도,,,
53b25f9422025953f987,full_annotation_v1,A,q_속옷_07,속옷추천,패션·잡화 중 '속옷'을 판매·제공하는 매장,test,속옷,T6 기계변형,011903e1-651a-425b-9942-46880c0b0ccc,체리핑크,"소매(속옷,란제리)",미금현대벤처빌시장,전통시장,경기도,,,
a7158f73c6027030f892,full_annotation_v1,A,q_속옷_07,속옷추천,패션·잡화 중 '속옷'을 판매·제공하는 매장,test,속옷,T6 기계변형,cf4971d7-198a-48ef-8cc4-5f5f8077bb95,속옷나라,속옷,㈜여수중앙시장,전통시장,전라남도,,,
9c441d855d4ab74bc1b6,full_annotation_v1,A,q_속옷_07,속옷추천,패션·잡화 중 '속옷'을 판매·제공하는 매장,test,속옷,T6 기계변형,5b72f32b-6b70-4e62-b735-7ef1890d0200,동해건어물,건어물,정자시장,전통시장,경기도,,,
7402a94f302c9e6992b3,full_annotation_v1,A,q_속옷_07,속옷추천,패션·잡화 중 '속옷'을 판매·제공하는 매장,test,속옷,T6 기계변형,07de5ee5-20cd-4a5c-b82c-6e1ca1476595,속옷종합란제리,속옷,관악신사시장,전통시장,서울특별시,,,
0c9436cff7649cc271f2,full_annotation_v1,A,q_속옷_07,속옷추천,패션·잡화 중 '속옷'을 판매·제공하는 매장,test,속옷,T6 기계변형,8356300f-b26b-478f-a101-fac36ac38e16,최의상,옷,포항죽도농산물시장,전통시장,경상북도,,,
991a650e6112770dec4c,full_annotation_v1,A,q_수산물_01,수산물,식료품 중 '수산물'을 판매·제공하는 매장,val,수산물,T1 정확표기,0438edb7-d1cb-481b-b1d0-71b2506262a6,태산호,수산물,소래포구전통어시장,전통시장,인천광역시,,,
8b9b020f7df2047b1ab3,full_annotation_v1,A,q_수산물_01,수산물,식료품 중 '수산물'을 판매·제공하는 매장,val,수산물,T1 정확표기,01286ec0-50e0-4540-b678-ec706fb3bcbb,설곰식당,식당,산업용재관,전통시장,대구광역시,,,
1c54a4458e685ad496a4,full_annotation_v1,A,q_수산물_01,수산물,식료품 중 '수산물'을 판매·제공하는 매장,val,수산물,T1 정확표기,a6aed4a9-c42b-46f0-9076-1ab0a393f9a6,형제수산,수산물,우림골목시장,전통시장,서울특별시,,,
b6ad11aa381c9b5922ab,full_annotation_v1,A,q_수산물_01,수산물,식료품 중 '수산물'을 판매·제공하는 매장,val,수산물,T1 정확표기,41e39eba-56cd-4683-89ff-139de9c25fbd,주식회사조박조박집투,음식점,용강동상점가,자율상권구역,서울특별시,,,
464ebdb0b2e482e15bff,full_annotation_v1,A,q_수산물_01,수산물,식료품 중 '수산물'을 판매·제공하는 매장,val,수산물,T1 정확표기,47bb37ee-51f3-4aaf-9f21-7ff318f82ef3,홈수산,수산물,새미래 골목형상점가,골목형상점가,대전광역시,,,
effaae8f0e7fc1d8a00c,full_annotation_v1,A,q_수산물_01,수산물,식료품 중 '수산물'을 판매·제공하는 매장,val,수산물,T1 정확표기,1fff1937-63b6-40de-b03c-6cc9006c5742,신3억수산,수산물,역전시장,전통시장,충청남도,,,
c2e23874b6de28509de2,full_annotation_v1,A,q_수산물_01,수산물,식료품 중 '수산물'을 판매·제공하는 매장,val,수산물,T1 정확표기,1afbf2ad-4511-4dd9-aaa1-c7717a2e753a,참수산,수산물,씨푸드타운 일반상가상인회 골목형상점가,골목형상점가,전라남도,,,
bbb3e04e97696ee8d221,full_annotation_v1,A,q_수산물_01,수산물,식료품 중 '수산물'을 판매·제공하는 매장,val,수산물,T1 정확표기,c7e3bdcd-ac8a-4abf-9431-004975f16dc7,미등케이크,빵,담양중앙 골목형상점가,골목형상점가,전라남도,,,
c27ff989622ac3a9422b,full_annotation_v1,A,q_수산물_01,수산물,식료품 중 '수산물'을 판매·제공하는 매장,val,수산물,T1 정확표기,009b69b5-365a-4958-87e7-f224f253b92a,동문올레횟집,횟집,동문수산시장,전통시장,제주특별자치도,,,
2ac9e270d3dedd379d70,full_annotation_v1,A,q_수산물_01,수산물,식료품 중 '수산물'을 판매·제공하는 매장,val,수산물,T1 정확표기,3526958d-da64-4c90-a75c-c55162fbe0d3,최씨어물전,,영천공설시장,전통시장,경상북도,,,
12daad3f8a6b3221246d,full_annotation_v1,A,q_수산물_01,수산물,식료품 중 '수산물'을 판매·제공하는 매장,val,수산물,T1 정확표기,96d320fd-1704-42d5-b421-4dd10fd93020,옥분수산,수산물,양동수산시장,전통시장,,,,
88992ec1feb007221128,full_annotation_v1,A,q_수산물_01,수산물,식료품 중 '수산물'을 판매·제공하는 매장,val,수산물,T1 정확표기,00a0d437-836b-453d-b15e-55fbf7dc8460,대박수산,생선,청주육거리종합시장,전통시장,충청북도,,,
354a9c6086c57009a90e,full_annotation_v1,A,q_수산물_01,수산물,식료품 중 '수산물'을 판매·제공하는 매장,val,수산물,T1 정확표기,0338c9e2-acfe-4b95-a627-b1ee62d800a4,준혁상회,수산물,진주 논개시장,전통시장,경상남도,,,
f1e7f463807c3587cd0f,full_annotation_v1,A,q_수산물_01,수산물,식료품 중 '수산물'을 판매·제공하는 매장,val,수산물,T1 정확표기,6d741666-d4d2-48c4-9830-56be69b24d2c,바다수산,수산물,통영 북신전통시장,전통시장,경상남도,,,
df55af98896018ee1009,full_annotation_v1,A,q_수산물_01,수산물,식료품 중 '수산물'을 판매·제공하는 매장,val,수산물,T1 정확표기,00527b0b-893c-4d64-862e-3ef8113d07fb,해선언니네,건어물,용상공설시장,전통시장,경상북도,,,
02c57a5512ecfcf25e4e,full_annotation_v1,A,q_수산물_01,수산물,식료품 중 '수산물'을 판매·제공하는 매장,val,수산물,T1 정확표기,8ee2c54e-024d-4ecd-8540-9c39a648d2a0,바다수산,수산물,궁평항해오름수산시장,전통시장,경기도,,,
1437348f7bbfce25ca62,full_annotation_v1,A,q_수산물_01,수산물,식료품 중 '수산물'을 판매·제공하는 매장,val,수산물,T1 정확표기,008cfdc1-610a-407a-a03b-4c6dae7106f4,주영수산,활어,목포북항상점가,자율상권구역,전라남도,,,
13f391a925763617bc59,full_annotation_v1,A,q_수산물_01,수산물,식료품 중 '수산물'을 판매·제공하는 매장,val,수산물,T1 정확표기,0bf687ec-4ea8-4932-a2c4-401f28aab97f,중앙어물,어물,모슬포 중앙시장,전통시장,제주특별자치도,,,
53ffd7f2586f7d23fd68,full_annotation_v1,A,q_수산물_01,수산물,식료품 중 '수산물'을 판매·제공하는 매장,val,수산물,T1 정확표기,370ee592-00d8-4d50-854e-1417f0f0d838,진수산(수산물),수산물,신영시장,전통시장,서울특별시,,,
cb5eb42741d02f1fb088,full_annotation_v1,A,q_수산물_01,수산물,식료품 중 '수산물'을 판매·제공하는 매장,val,수산물,T1 정확표기,7b35659a-2089-4767-8748-23aa4aaee785,금보수산,수산물,대구 삼익 골목형상점가,골목형상점가,대구광역시,,,
bd762d431d841cd26603,full_annotation_v1,A,q_수산물_01,수산물,식료품 중 '수산물'을 판매·제공하는 매장,val,수산물,T1 정확표기,b0013b67-ccb9-48b3-8e6d-4308f1ce8b31,형제수산,수산물,부산공동어시장상점가,자율상권구역,부산광역시,,,
535f7c0846c242c7fe0b,full_annotation_v1,A,q_수산물_01,수산물,식료품 중 '수산물'을 판매·제공하는 매장,val,수산물,T1 정확표기,3df9f64c-cd9a-478a-8c8e-ca2827ef16ba,바다수산,수산물,구미새마을중앙시장,전통시장,경상북도,,,
ee8cd308114be3743fc4,full_annotation_v1,A,q_수산물_01,수산물,식료품 중 '수산물'을 판매·제공하는 매장,val,수산물,T1 정확표기,dd2bdb77-8a80-4f9d-818e-1681badac833,미산,수산물,노량진수산시장골목형상점가,골목형상점가,서울특별시,,,
5c929d8016913870e3c2,full_annotation_v1,A,q_수산물_01,수산물,식료품 중 '수산물'을 판매·제공하는 매장,val,수산물,T1 정확표기,000d55be-8181-4f45-827e-52082b2ae284,명희유통,건어물,성북시장,전통시장,부산광역시,,,
9588a7e3cdab87199cee,full_annotation_v1,A,q_수산물_01,수산물,식료품 중 '수산물'을 판매·제공하는 매장,val,수산물,T1 정확표기,07bddb35-5d51-4a5d-ac7c-12ca8662e7c7,형제수산,수산물,송정5일시장,전통시장,광주광역시,,,
6d2250d5da57192eaa15,full_annotation_v1,A,q_수산물_01,수산물,식료품 중 '수산물'을 판매·제공하는 매장,val,수산물,T1 정확표기,03cbd591-5ee7-4f9b-842e-8dc427925406,신흥상회,어물,상주중앙시장,전통시장,경상북도,,,
6256769e196056fee8ab,full_annotation_v1,A,q_수산물_01,수산물,식료품 중 '수산물'을 판매·제공하는 매장,val,수산물,T1 정확표기,6a908846-015a-4c9f-aeb9-04b9670d937d,형제수산,수산물,부천상동시장,전통시장,경기도,,,
8e67653226ef840b8ba9,full_annotation_v1,A,q_수산물_01,수산물,식료품 중 '수산물'을 판매·제공하는 매장,val,수산물,T1 정확표기,a57d729b-cd38-486c-83c4-a30845354c40,바다수산,수산물,서산동부전통시장,전통시장,충청남도,,,
4b822515d5586eb57483,full_annotation_v1,A,q_수산물_01,수산물,식료품 중 '수산물'을 판매·제공하는 매장,val,수산물,T1 정확표기,bbe684a3-81cc-4205-b59a-f6524aeeaa40,나나수산,수산물,서부시장(서부재래시장),전통시장,충청남도,,,
a25187a877110c77c550,full_annotation_v1,A,q_수산물_01,수산물,식료품 중 '수산물'을 판매·제공하는 매장,val,수산물,T1 정확표기,98aee716-0b7a-488d-b6f0-e2606e295810,형제수산,수산물,합덕전통시장,전통시장,충청남도,,,
bbdf203ae4317bebd4d1,full_annotation_v1,A,q_수산물_01,수산물,식료품 중 '수산물'을 판매·제공하는 매장,val,수산물,T1 정확표기,91a7c5b6-4071-41f1-9b85-a12722324a03,바다수산,수산물,원당시장(구 원당전통시장),전통시장,경기도,,,
3c6145d4c82c179dbdd2,full_annotation_v1,A,q_수산물_01,수산물,식료품 중 '수산물'을 판매·제공하는 매장,val,수산물,T1 정확표기,e9e2481c-dff3-480b-b8c6-f496ae4d6542,형제수산,수산물,소래포구전통어시장,전통시장,인천광역시,,,
ee17f7f858c6ee8698f3,full_annotation_v1,A,q_수산물_01,수산물,식료품 중 '수산물'을 판매·제공하는 매장,val,수산물,T1 정확표기,0762f240-fdc5-44aa-a866-beb2dec1b9e4,형제수산,수산물,은마종합상점가,자율상권구역,서울특별시,,,
e7f919c3c11a8bfd6f89,full_annotation_v1,A,q_수산물_01,수산물,식료품 중 '수산물'을 판매·제공하는 매장,val,수산물,T1 정확표기,b73e0346-121b-4092-9916-e4733992a989,돌수산,수산물,목포북항상점가,자율상권구역,전라남도,,,
76e1cb1b195f6efaef47,full_annotation_v1,A,q_수산물_01,수산물,식료품 중 '수산물'을 판매·제공하는 매장,val,수산물,T1 정확표기,0f63c82a-28e0-4b43-937f-53a090c5b93d,(주)대구굿즈,관광기념품,대구수제화골목상점가,자율상권구역,대구광역시,,,
358a31313d2938bf2329,full_annotation_v1,A,q_수산물_01,수산물,식료품 중 '수산물'을 판매·제공하는 매장,val,수산물,T1 정확표기,a16a8655-a084-4f1f-b833-4f97c1768e9e,형제수산,수산물,서천특화시장,전통시장,충청남도,,,
ccf92feb086df5c0fa28,full_annotation_v1,A,q_수산물_01,수산물,식료품 중 '수산물'을 판매·제공하는 매장,val,수산물,T1 정확표기,001ec0bf-0eda-4aa8-8efc-a90930649cf5,원프룻,농수산물,정이있는 구포시장,전통시장,부산광역시,,,
23705421fe721b91c736,full_annotation_v1,A,q_수산물_01,수산물,식료품 중 '수산물'을 판매·제공하는 매장,val,수산물,T1 정확표기,f9de258d-e4fd-4545-b90f-e69b2e79d43e,형제수산,수산물,서산동부전통시장,전통시장,충청남도,,,
95779b81612fb7ce2f5e,full_annotation_v1,A,q_수산물_01,수산물,식료품 중 '수산물'을 판매·제공하는 매장,val,수산물,T1 정확표기,0333f16c-ff56-4e80-a1c7-dd77a81300df,로봇초밥마켓 과천래미안점,초밥,과천슈르탑 골목형상점가,골목형상점가,경기도,,,
f9f7b51d4e2a6db386b4,full_annotation_v1,A,q_수산물_01,수산물,식료품 중 '수산물'을 판매·제공하는 매장,val,수산물,T1 정확표기,1a99e1f9-a3b3-486d-b2f7-e358f286bb95,감게무량,수산물,팔달신시장,전통시장,대구광역시,,,
45df147e4c1c463824c4,full_annotation_v1,A,q_수산물_01,수산물,식료품 중 '수산물'을 판매·제공하는 매장,val,수산물,T1 정확표기,004032ef-2ae7-4e97-ac30-b12a0869e930,시장횟집,횟집,광양매일시장(광양상설시장),전통시장,전라남도,,,
2bf74d477356e9a46bf9,full_annotation_v1,A,q_수산물_01,수산물,식료품 중 '수산물'을 판매·제공하는 매장,val,수산물,T1 정확표기,0e1cfed8-baa0-4ef7-b289-4aa5d48f56ee,형제수산,수산물,면목골목시장,전통시장,서울특별시,,,
5d7d3507d36f6868862a,full_annotation_v1,A,q_수산물_01,수산물,식료품 중 '수산물'을 판매·제공하는 매장,val,수산물,T1 정확표기,010c1855-b46f-4e37-b975-8115c4249b0f,용궁횟집,,자갈치시장,전통시장,부산광역시,,,
4298dd8d3c50c3cca807,full_annotation_v1,A,q_수산물_01,수산물,식료품 중 '수산물'을 판매·제공하는 매장,val,수산물,T1 정확표기,016ddf29-de07-40e1-a642-8c2a45a6f19d,연희어시장,횟집,연희로 골목형상점가,골목형상점가,인천광역시,,,
4a8d030dc584eb8e645a,full_annotation_v1,A,q_수산물_01,수산물,식료품 중 '수산물'을 판매·제공하는 매장,val,수산물,T1 정확표기,b73c597b-ad7b-4431-af35-802415dc7be8,스쿠바수산,수산물,대천항수산시장,전통시장,충청남도,,,
b22dde54fa0f8edb1fa7,full_annotation_v1,A,q_수산물_01,수산물,식료품 중 '수산물'을 판매·제공하는 매장,val,수산물,T1 정확표기,c373aaa7-e693-4612-880b-2fd7a126d7a1,동화상회,소매(생선),신중부시장,전통시장,서울특별시,,,
c644af4a66a2ab2d972c,full_annotation_v1,A,q_수산물_01,수산물,식료품 중 '수산물'을 판매·제공하는 매장,val,수산물,T1 정확표기,81cbd8c7-ecaa-4fb4-ad84-a86f3043d56e,신영수산,수산물,신영시장,전통시장,서울특별시,,,
b93a9650969441913f6a,full_annotation_v1,A,q_수산물_01,수산물,식료품 중 '수산물'을 판매·제공하는 매장,val,수산물,T1 정확표기,0130dbd3-b9ea-43f4-98fd-26d8afd90b78,모래내시장순대,식당,전주모래내시장,전통시장,전북특별자치도,,,
bcbeaf5e91a0adebf2a1,full_annotation_v1,A,q_수산물_01,수산물,식료품 중 '수산물'을 판매·제공하는 매장,val,수산물,T1 정확표기,1fbf71be-f979-4211-b21c-578267760e91,영산포수산,수산물,경동시장,전통시장,서울특별시,,,
094d71cbc3354420fb73,full_annotation_v1,A,q_수산물_01,수산물,식료품 중 '수산물'을 판매·제공하는 매장,val,수산물,T1 정확표기,8bae6d1a-fa71-44d2-8b5f-a43bb20df5d4,박달수산,수산물,구룡포시장,전통시장,경상북도,,,
9e7e94f9e195c23d6faf,full_annotation_v1,A,q_수산물_01,수산물,식료품 중 '수산물'을 판매·제공하는 매장,val,수산물,T1 정확표기,a2dbd405-51a2-4844-ae21-647749ab7894,수형호수형수산,수산물,소래포구전통어시장,전통시장,인천광역시,,,
b9987e90d96e65796aeb,full_annotation_v1,A,q_수산물_01,수산물,식료품 중 '수산물'을 판매·제공하는 매장,val,수산물,T1 정확표기,3c966334-e650-407c-87f3-1ffaf75573b8,원베이프 동천점,전자담배소매,동천동먹자골목2번가상인회 골목형상점가,골목형상점가,광주광역시,,,
406d810e8c0fdc4a302c,full_annotation_v1,A,q_수산물_01,수산물,식료품 중 '수산물'을 판매·제공하는 매장,val,수산물,T1 정확표기,0f2761cc-59c9-4a9f-8519-887e898a6c21,대폭수산,수산물,포항죽도농산물시장,전통시장,경상북도,,,
3f21f43ecc149da0277c,full_annotation_v1,A,q_수산물_01,수산물,식료품 중 '수산물'을 판매·제공하는 매장,val,수산물,T1 정확표기,22a6644e-8fca-47a3-a0c8-ad1d9d02945e,바다수산,수산물,목포종합수산시장,전통시장,전라남도,,,
b68c44b257434c9ba1c3,full_annotation_v1,A,q_수산물_01,수산물,식료품 중 '수산물'을 판매·제공하는 매장,val,수산물,T1 정확표기,c1f96614-349c-4e5c-b69b-b81c3549af48,서산수산,수산물,서산동부전통시장,전통시장,충청남도,,,
482cbd0fb03abefe633a,full_annotation_v1,A,q_수산물_01,수산물,식료품 중 '수산물'을 판매·제공하는 매장,val,수산물,T1 정확표기,fb2624dd-f80d-44e0-9c5b-8e62e7580400,차상회,수산물,부산공동어시장상점가,자율상권구역,부산광역시,,,
120d450aab6448d9c65e,full_annotation_v1,A,q_수산물_01,수산물,식료품 중 '수산물'을 판매·제공하는 매장,val,수산물,T1 정확표기,9da563c5-5806-471d-b522-9b6d025a90f3,형제수산,수산물,마산어시장,전통시장,경상남도,,,
4105fe4ce141c4a633ed,full_annotation_v1,A,q_수산물_01,수산물,식료품 중 '수산물'을 판매·제공하는 매장,val,수산물,T1 정확표기,c4145973-2d6a-4234-904a-0e9e00b3488d,형제수산,수산물,부산공동어시장상점가,자율상권구역,부산광역시,,,
2666464e54c8efcf4e48,full_annotation_v1,A,q_수산물_01,수산물,식료품 중 '수산물'을 판매·제공하는 매장,val,수산물,T1 정확표기,35f30d35-05c3-4dea-8e20-e2d3e59f1663,남광주 수산물,수산물,남광주시장,전통시장,광주광역시,,,
1973ed941de40cb6d440,full_annotation_v1,A,q_수산물_01,수산물,식료품 중 '수산물'을 판매·제공하는 매장,val,수산물,T1 정확표기,472a6be3-f906-4d28-bd4f-f00a41b09ecc,형제수산,수산물,신진항 골목형상점가,골목형상점가,충청남도,,,
cdd93744dbd15632b6b4,full_annotation_v1,A,q_수산물_01,수산물,식료품 중 '수산물'을 판매·제공하는 매장,val,수산물,T1 정확표기,0019e966-8007-4603-957c-4e9adcd1f05a,부남수산,수산물,서산동부전통시장,전통시장,충청남도,,,
2002bdf59e8575aa36da,full_annotation_v1,A,q_수산물_01,수산물,식료품 중 '수산물'을 판매·제공하는 매장,val,수산물,T1 정확표기,005eb589-94b0-4a7e-b4e4-ef8cf64b0762,스시쿄다이,일식,동홍8번가 골목형상점가,골목형상점가,제주특별자치도,,,
daac16e838f7fddbb6d4,full_annotation_v1,A,q_수산물_01,수산물,식료품 중 '수산물'을 판매·제공하는 매장,val,수산물,T1 정확표기,a85994de-bcfa-476f-8221-37102bc2a9ed,바다수산,수산물,한민시장,전통시장,대전광역시,,,
b804be14c21722ea5bfe,full_annotation_v1,A,q_수산물_01,수산물,식료품 중 '수산물'을 판매·제공하는 매장,val,수산물,T1 정확표기,01afaafa-2a46-4977-8015-55762957ee7a,다래초밥,초밥,동문동 골목형상점가,골목형상점가,충청남도,,,
c5d9c32cdac79bd8ebc9,full_annotation_v1,A,q_수산물_01,수산물,식료품 중 '수산물'을 판매·제공하는 매장,val,수산물,T1 정확표기,c52074ba-556c-4e45-bccf-c6b304918196,28바다,수산물,김해 외동전통시장,전통시장,경상남도,,,
e153061d8310d2579752,full_annotation_v1,A,q_수산물_01,수산물,식료품 중 '수산물'을 판매·제공하는 매장,val,수산물,T1 정확표기,005f9773-f515-4720-af09-86bc553941fd,형제수산,수산물,경동시장,전통시장,서울특별시,,,
7b04fad19bb5e60bc13f,full_annotation_v1,A,q_수산물_01,수산물,식료품 중 '수산물'을 판매·제공하는 매장,val,수산물,T1 정확표기,6763a7f6-b591-45b7-8082-f50c8b7faa62,민현수산유통,수산물,서산동부전통시장,전통시장,충청남도,,,
c63edb428f427dade9fe,full_annotation_v1,A,q_수산물_01,수산물,식료품 중 '수산물'을 판매·제공하는 매장,val,수산물,T1 정확표기,20388042-3f0e-4a60-b2e9-c28491c7500d,공주네,수산물,주문진좌판풍물시장,전통시장,강원특별자치도,,,
be5f8fb6826c5f880406,full_annotation_v1,A,q_수산물_01,수산물,식료품 중 '수산물'을 판매·제공하는 매장,val,수산물,T1 정확표기,3abe6af4-b96b-4a84-91fa-e8e9e8a704f1,신일수산,수산물,신진항 골목형상점가,골목형상점가,충청남도,,,
d7a26145998a27c3ec9d,full_annotation_v1,A,q_수산물_01,수산물,식료품 중 '수산물'을 판매·제공하는 매장,val,수산물,T1 정확표기,f0c66e50-9d8a-4cc1-9f53-35c234f3be79,조은전복,수산물,동명동 아침골목상점가,골목형상점가,전라남도,,,
084e2a2096d59054da23,full_annotation_v1,A,q_수산물_01,수산물,식료품 중 '수산물'을 판매·제공하는 매장,val,수산물,T1 정확표기,665206ae-f697-4a9c-ae09-d3f2d3621bde,금복수산,수산물,신진항 골목형상점가,골목형상점가,충청남도,,,
8bab5c5cd058b9290d2c,full_annotation_v1,A,q_수산물_01,수산물,식료품 중 '수산물'을 판매·제공하는 매장,val,수산물,T1 정확표기,cfdf70e9-478a-4a4a-b62a-c12d64ca336c,고려화훼유통,화훼류,담양중앙 골목형상점가,골목형상점가,전라남도,,,
12cb6274d90f6c7af074,full_annotation_v1,A,q_수산물_01,수산물,식료품 중 '수산물'을 판매·제공하는 매장,val,수산물,T1 정확표기,b913deee-fad0-42d5-ba28-71a2183cb1cb,영광수산,수산물,화곡본동시장,전통시장,서울특별시,,,
f92028e00140e449db99,full_annotation_v1,A,q_수산물_01,수산물,식료품 중 '수산물'을 판매·제공하는 매장,val,수산물,T1 정확표기,0016aa1a-5730-45a0-b427-06b0f51fc005,든든한밥상,농수산물,화산면 골목형상점가,골목형상점가,전라남도,,,
d25d2556c4f1fa9224c2,full_annotation_v1,A,q_수산물_01,수산물,식료품 중 '수산물'을 판매·제공하는 매장,val,수산물,T1 정확표기,106c0d6c-a768-455d-9a65-0879865da808,성청호,수산물,대포항골목형상점가B,골목형상점가,강원특별자치도,,,
c2fe5933e41cfb90c29e,full_annotation_v1,A,q_수산물_01,수산물,식료품 중 '수산물'을 판매·제공하는 매장,val,수산물,T1 정확표기,528a2096-1bac-4795-b37f-49d21759ccb7,섬활어,수산물,거제 고현시장,전통시장,경상남도,,,
fd69c303cdefbd134621,full_annotation_v1,A,q_수산물_01,수산물,식료품 중 '수산물'을 판매·제공하는 매장,val,수산물,T1 정확표기,88d7866f-f6f5-45ea-8daa-2b8f59b25775,형제수산,수산물,소래포구전통어시장,전통시장,인천광역시,,,
7043aacda849cedc5609,full_annotation_v1,A,q_수산물_01,수산물,식료품 중 '수산물'을 판매·제공하는 매장,val,수산물,T1 정확표기,00cd5dee-c068-48da-bc58-a704d5fe8832,윤석수산,수산물 활어회 생선 게종류 젓갈 갑각류 해산물 등등,대공원시장,전통시장,대구광역시,,,
3cf4408366353586ec89,full_annotation_v1,A,q_수산물_01,수산물,식료품 중 '수산물'을 판매·제공하는 매장,val,수산물,T1 정확표기,64fe9572-b828-42bb-930b-1edbb7ea3bd3,신안농수산쇼핑몰,수산물,동명동 아침골목상점가,골목형상점가,전라남도,,,
6e05b35739bad7bf93ec,full_annotation_v1,A,q_수산물_01,수산물,식료품 중 '수산물'을 판매·제공하는 매장,val,수산물,T1 정확표기,0d826d53-61cb-4454-a9c8-2d4b899a8717,바다수산,수산물,엄궁농산물도매시장식품·청과 소매동 골목형상점가,골목형상점가,부산광역시,,,
fb46860a025a566e2b35,full_annotation_v1,A,q_수산물_01,수산물,식료품 중 '수산물'을 판매·제공하는 매장,val,수산물,T1 정확표기,2e9487ee-4825-4ee1-9b41-5777d0a99d6e,워싱턴수산,수산물,남광주시장,전통시장,,,,
68a5b5d6fa1f49c7a55b,full_annotation_v1,A,q_수산물_01,수산물,식료품 중 '수산물'을 판매·제공하는 매장,val,수산물,T1 정확표기,df79c67e-b4bc-4bc1-9989-66267be7da31,봉균수산,수산물,강서수산시장골목형상점가,골목형상점가,서울특별시,,,
22c611ba95a44aca7e4f,full_annotation_v1,A,q_수산물_01,수산물,식료품 중 '수산물'을 판매·제공하는 매장,val,수산물,T1 정확표기,32acf482-6940-4d15-8160-3971ea30a346,유람선,수산물,궁평항해오름수산시장,전통시장,경기도,,,
9bd0a6ce36f279e9695d,full_annotation_v1,A,q_수산물_01,수산물,식료품 중 '수산물'을 판매·제공하는 매장,val,수산물,T1 정확표기,1befbce6-3558-4a3a-bf82-12a0f3fc9468,형제수산,수산물,죽도어시장,전통시장,경상북도,,,
cf3a576df8ff0bf74983,full_annotation_v1,A,q_수산물_01,수산물,식료품 중 '수산물'을 판매·제공하는 매장,val,수산물,T1 정확표기,00fcc68d-3086-4b45-b998-f3763e8dbf7d,꼬치마요 산본역점(9호점),일식,산본로데오거리(구 산본중심상가),자율상권구역,경기도,,,
ac9c6cb5c7e1a70a67e7,full_annotation_v1,A,q_수산물_01,수산물,식료품 중 '수산물'을 판매·제공하는 매장,val,수산물,T1 정확표기,3d838a54-3333-43d1-b914-cf21df2babf1,영관상회,수산물,광장시장,전통시장,서울특별시,,,
3832ff26ed32df93be72,full_annotation_v1,A,q_수산물_01,수산물,식료품 중 '수산물'을 판매·제공하는 매장,val,수산물,T1 정확표기,9f6d557a-7010-47ef-bef3-8fe3f1568fe5,수산물 판매장 3호,수산물,격포어촌계 골목형상점가,골목형상점가,전북특별자치도,,,
b88cccaa115d9cdd6dc5,full_annotation_v1,A,q_수산물_01,수산물,식료품 중 '수산물'을 판매·제공하는 매장,val,수산물,T1 정확표기,00f60c16-d8be-497f-80f2-aab3209a8d0e,포카포카,식당,전남여고후문 골목형상점가,골목형상점가,광주광역시,,,
0ef21f8e3ef4b11fa75b,full_annotation_v1,A,q_수산물_01,수산물,식료품 중 '수산물'을 판매·제공하는 매장,val,수산물,T1 정확표기,56bca4b1-731a-4b00-8c61-25999b0ee01f,북원사철탕,칼국수,흥양천골목형상점가,골목형상점가,강원특별자치도,,,
5dfe9503ef15bc2db756,full_annotation_v1,A,q_수산물_01,수산물,식료품 중 '수산물'을 판매·제공하는 매장,val,수산물,T1 정확표기,28a4ed7c-ee5a-4ad9-998c-c55148d01ed2,이삭수산,수산물,거진전통시장,전통시장,강원특별자치도,,,
5a94a7dbec175b246afb,full_annotation_v1,A,q_수산물_01,수산물,식료품 중 '수산물'을 판매·제공하는 매장,val,수산물,T1 정확표기,007aece5-08b8-4eb0-b4c6-18d451eadcfd,영남상회,건어물,동쪽바다중앙시장(구 동해중앙시장),전통시장,강원특별자치도,,,
2fb90a793dd9fae76809,full_annotation_v1,A,q_수산물_01,수산물,식료품 중 '수산물'을 판매·제공하는 매장,val,수산물,T1 정확표기,df031c80-b0ae-425f-b8b7-b3f3d757bdd0,민정식당 서울숲직영잠,음식점,뚝섬역상점가(서울숲상원길상점가),자율상권구역,서울특별시,,,
da46ba9fc1e5d2af5142,full_annotation_v1,A,q_수산물_01,수산물,식료품 중 '수산물'을 판매·제공하는 매장,val,수산물,T1 정확표기,e07c7da5-5f7d-4cda-9c43-64d0f1af9b60,새삼성약국,의약품,남대문로골목형상점가,골목형상점가,서울특별시,,,
30b7ee92c988886682bf,full_annotation_v1,A,q_수산물_01,수산물,식료품 중 '수산물'을 판매·제공하는 매장,val,수산물,T1 정확표기,925cb9a9-1d75-4d2f-a20d-bac3db6578b6,항구,수산물,대포항골목형상점가B,골목형상점가,강원특별자치도,,,
085ec620f7bb428a8d37,full_annotation_v1,A,q_수산물_01,수산물,식료품 중 '수산물'을 판매·제공하는 매장,val,수산물,T1 정확표기,a8a490f7-2a1e-4f3c-909b-4fc5bf2c5f2f,유참치,수산물,남대문시장,전통시장,서울특별시,,,
e1898d9d042e7a061603,full_annotation_v1,A,q_수산물_01,수산물,식료품 중 '수산물'을 판매·제공하는 매장,val,수산물,T1 정확표기,fe8eda14-a97c-4ac2-a777-cc9986ee17e1,바다수산,수산물,목포동부시장,전통시장,,,,
e60a186800a14de7ce70,full_annotation_v1,A,q_수산물_01,수산물,식료품 중 '수산물'을 판매·제공하는 매장,val,수산물,T1 정확표기,ed548651-26db-49f3-b5fe-c359962700e6,주혁이네,수산물,주문진좌판풍물시장,전통시장,강원특별자치도,,,
b0a1d82ce6dc6fe50905,full_annotation_v1,A,q_수산물_01,수산물,식료품 중 '수산물'을 판매·제공하는 매장,val,수산물,T1 정확표기,c1620755-ce08-4ec1-be2e-0f77e64ee0ec,바다수산,수산물,중흥한성,골목형상점가,광주광역시,,,
47bb87a8d09e30fcae0d,full_annotation_v1,A,q_수산물_01,수산물,식료품 중 '수산물'을 판매·제공하는 매장,val,수산물,T1 정확표기,8b874bfd-b23d-42e2-bb65-56624b7f35c6,율포도황수산,수산물,오치1동 골목형상점가,골목형상점가,광주광역시,,,
2d322e512c147c4a1ba4,full_annotation_v1,A,q_수산물_01,수산물,식료품 중 '수산물'을 판매·제공하는 매장,val,수산물,T1 정확표기,7e156640-a8b2-4b0d-a70b-5b24f2327bb3,남진약국,의약품 및 의료용품,남대문로골목형상점가,골목형상점가,서울특별시,,,
d31d1b637413104a8698,full_annotation_v1,A,q_수산물_01,수산물,식료품 중 '수산물'을 판매·제공하는 매장,val,수산물,T1 정확표기,15e99335-cd45-40e7-a9ea-bc10dcb6ee89,호암수산,수산물,군분로 골목형상점가,골목형상점가,광주광역시,,,
39a59025a18a958bcc61,full_annotation_v1,A,q_수산물_01,수산물,식료품 중 '수산물'을 판매·제공하는 매장,val,수산물,T1 정확표기,ae18877b-e44e-4d28-a122-76a0c27534d4,차돌상회,수산물,해남매일시장,전통시장,전라남도,,,
a26538fe4cfb87dacf9e,full_annotation_v1,A,q_수산물_01,수산물,식료품 중 '수산물'을 판매·제공하는 매장,val,수산물,T1 정확표기,0dd859fb-bd40-4cda-90e4-12ac6b39d863,형제수산,수산물,마포농수산물시장,전통시장,서울특별시,,,
95c8075d783c2bec36d3,full_annotation_v1,A,q_수산물_01,수산물,식료품 중 '수산물'을 판매·제공하는 매장,val,수산물,T1 정확표기,005429a3-030e-492f-973c-1d5842eeac56,미래횟집,활어,사천 삼천포용궁수산시장,전통시장,경상남도,,,
b419c2ae774918513ee1,full_annotation_v1,A,q_수산물_01,수산물,식료품 중 '수산물'을 판매·제공하는 매장,val,수산물,T1 정확표기,8a306189-132a-4457-ae93-573b97cb796f,28청춘어시장,수산물,신월4동먹자골목골목형상점가,골목형상점가,서울특별시,,,
22b71d515c062c47a434,full_annotation_v1,A,q_수산물_01,수산물,식료품 중 '수산물'을 판매·제공하는 매장,val,수산물,T1 정확표기,00cc4859-307a-43ef-9654-2f6aa6fc404d,서산상회,생선,노량진수산시장골목형상점가,골목형상점가,서울특별시,,,
f765838d59eee6d8a679,full_annotation_v1,A,q_수산물_01,수산물,식료품 중 '수산물'을 판매·제공하는 매장,val,수산물,T1 정확표기,00356e71-7b15-4a42-be60-f232011707b8,유한회사 덕재건재,건어물,가락몰골목형상점가,골목형상점가,서울특별시,,,
49956b2a5d35fc4748dc,full_annotation_v1,A,q_수산물_01,수산물,식료품 중 '수산물'을 판매·제공하는 매장,val,수산물,T1 정확표기,af6f5211-7ea4-4e46-95b7-970d884c5703,하루,수산물,빛가람 하나로 골목형상점가,골목형상점가,전라남도,,,
8006494c078dbfda0bab,full_annotation_v1,A,q_수산물_01,수산물,식료품 중 '수산물'을 판매·제공하는 매장,val,수산물,T1 정확표기,013d58c8-33f8-4dbe-95de-801d22ea9505,민영활어공장 부천자유시장점,"회, 초밥",부천자유시장,전통시장,경기도,,,
e13600881f12e04d04a3,full_annotation_v1,A,q_수산물_01,수산물,식료품 중 '수산물'을 판매·제공하는 매장,val,수산물,T1 정확표기,a533908c-7170-402c-b76e-7eab13d92db7,김경욱비스포크풀산테,양복,고은상인회 골목형상점가,골목형상점가,광주광역시,,,
4b331cf76ba1facba79a,full_annotation_v1,A,q_수산물_01,수산물,식료품 중 '수산물'을 판매·제공하는 매장,val,수산물,T1 정확표기,2d5f3edf-8246-47ab-908c-a4297de2da37,갈릴리 수산물 도매,수산물,죽도어시장,전통시장,경상북도,,,
933617e02a125824d6b6,full_annotation_v1,A,q_수산물_01,수산물,식료품 중 '수산물'을 판매·제공하는 매장,val,수산물,T1 정확표기,eb27f0ec-48a7-4dbc-acc9-ead762d4ab15,호님상회,수산물,목포종합수산시장,전통시장,전라남도,,,
deb8a5db8c14087c5992,full_annotation_v1,A,q_수산물_01,수산물,식료품 중 '수산물'을 판매·제공하는 매장,val,수산물,T1 정확표기,333fa307-f61c-45a8-a79b-93fff676095e,대명어물,어물,서귀포향토오일시장,전통시장,제주특별자치도,,,
a24062bd3f624e55ec0a,full_annotation_v1,A,q_수산물_01,수산물,식료품 중 '수산물'을 판매·제공하는 매장,val,수산물,T1 정확표기,e17ffacd-6c7d-4b01-8a10-fc6a398f7ad4,착한물고기,수산물,사천 삼천포용궁수산시장,전통시장,경상남도,,,
86631dd7481bd88c33cf,full_annotation_v1,A,q_수산물_01,수산물,식료품 중 '수산물'을 판매·제공하는 매장,val,수산물,T1 정확표기,e8c8e4e4-1e62-4c9c-88d6-c29e05ec0f82,쭉심 부천역점,한식,부천일로 골목형상점가,골목형상점가,경기도,,,
efee8ac506f4270e2edc,full_annotation_v1,A,q_수산물_01,수산물,식료품 중 '수산물'을 판매·제공하는 매장,val,수산물,T1 정확표기,cc649dde-28c6-4a04-8295-aa18974a07aa,희네일(Hee Nail),네일아트,노암길골목형상점가,골목형상점가,강원특별자치도,,,
c2d810b0f86a78e63bd9,full_annotation_v1,A,q_수산물_01,수산물,식료품 중 '수산물'을 판매·제공하는 매장,val,수산물,T1 정확표기,c2d9214b-4760-4083-bb7a-49719c72dd92,바다수산,수산물,수유중앙골목시장골목형상점가,골목형상점가,서울특별시,,,
59a6a77d44b651c37628,full_annotation_v1,A,q_수산물_01,수산물,식료품 중 '수산물'을 판매·제공하는 매장,val,수산물,T1 정확표기,ce4fad41-7b6a-4275-9ad9-f4260eef6e17,동네수산물,수산물,농성세대공감상인회 골목형상점가,골목형상점가,광주광역시,,,
503626434a8627090ebe,full_annotation_v1,A,q_수산물_01,수산물,식료품 중 '수산물'을 판매·제공하는 매장,val,수산물,T1 정확표기,e959b358-ff64-46ce-bf02-5ca4b5ad3cc2,형제수산,수산물,부안상설시장,전통시장,전북특별자치도,,,
1843be5530aa13c9231d,full_annotation_v1,A,q_수산물_01,수산물,식료품 중 '수산물'을 판매·제공하는 매장,val,수산물,T1 정확표기,0f4dbc78-d4cd-4a04-9f0d-807dd1205aa8,바다수산,수산물,여수교동시장,전통시장,전라남도,,,
8e852443b7e68544f4ba,full_annotation_v1,A,q_수산물_01,수산물,식료품 중 '수산물'을 판매·제공하는 매장,val,수산물,T1 정확표기,c22e4cbf-50b3-442d-8f70-5e202da88f8d,경종수산,수산물,동명동 아침골목상점가,골목형상점가,전라남도,,,
a572579b24432a3b1509,full_annotation_v1,A,q_수산물_01,수산물,식료품 중 '수산물'을 판매·제공하는 매장,val,수산물,T1 정확표기,002e7e87-5677-44ca-85c4-9e5b87e7994f,한양수산,생선,안중시장,전통시장,경기도,,,
3781cf9cb519c0c1f3b7,full_annotation_v1,A,q_수산물_01,수산물,식료품 중 '수산물'을 판매·제공하는 매장,val,수산물,T1 정확표기,00ba389b-e522-4da5-ac26-2ffaf33359ec,스시노유키,초밥,산본로데오거리(구 산본중심상가),자율상권구역,경기도,,,
c212a2d973b473d629d3,full_annotation_v1,A,q_수산물_01,수산물,식료품 중 '수산물'을 판매·제공하는 매장,val,수산물,T1 정확표기,a0abc246-2341-4454-aab1-f968da88a862,생선팜,수산물,의정부시장,전통시장,경기도,,,
e648d25b4024765a5c3c,full_annotation_v1,A,q_수산물_01,수산물,식료품 중 '수산물'을 판매·제공하는 매장,val,수산물,T1 정확표기,c1e825d3-acfd-4821-98d6-046334440954,청진수산,수산물,영해만세시장(구 영해시장),전통시장,경상북도,,,
f6b4029356aa1aa627d2,full_annotation_v1,A,q_수산물_01,수산물,식료품 중 '수산물'을 판매·제공하는 매장,val,수산물,T1 정확표기,241446d3-9ca8-4dfa-bdc6-f0da0217b93f,뒷골목숯불꼼장어,수산물,부영상점가,골목형상점가,경기도,,,
9219f519fdc7652a9ff7,full_annotation_v1,A,q_수산물_01,수산물,식료품 중 '수산물'을 판매·제공하는 매장,val,수산물,T1 정확표기,c74e3b87-89db-4284-be87-ffaf30cb0001,회#,수산물,당진전통시장,전통시장,충청남도,,,
6042343cfa360e993ac1,full_annotation_v1,A,q_수산물_01,수산물,식료품 중 '수산물'을 판매·제공하는 매장,val,수산물,T1 정확표기,63bc7227-c40e-4131-9061-a94570f2591e,홍수산,수산물,중앙선어시장,전통시장,전라남도,,,
86dc62501b8ff0314a7e,full_annotation_v1,A,q_수산물_01,수산물,식료품 중 '수산물'을 판매·제공하는 매장,val,수산물,T1 정확표기,21256821-9ed0-46e4-bffb-09e608730ef1,남해수산,수산물,서귀포매일올레시장,전통시장,제주특별자치도,,,
ecdea14c2552efbf54dd,full_annotation_v1,A,q_수산물_01,수산물,식료품 중 '수산물'을 판매·제공하는 매장,val,수산물,T1 정확표기,0d85c4c2-aa3d-483a-9875-297ffd5e0d98,수산물 직매장,수산물,기장시장 일원 자율상권구역,상권활성화구역,부산광역시,,,
f0b2a2b69879872e76f4,full_annotation_v1,A,q_수산물_01,수산물,식료품 중 '수산물'을 판매·제공하는 매장,val,수산물,T1 정확표기,30d5afbc-fd4b-49bb-9e1c-2469652e5921,추씨어물점,어물,영천공설시장,전통시장,경상북도,,,
bb89bf2bf5d2907088e7,full_annotation_v1,A,q_수산물_01,수산물,식료품 중 '수산물'을 판매·제공하는 매장,val,수산물,T1 정확표기,99d55467-b3a1-419f-be5d-3d803a3d8468,돔수산,수산물,노은상가연합 골목형상점가,골목형상점가,대전광역시,,,
12b320f5783676c61c30,full_annotation_v1,A,q_수산물_01,수산물,식료품 중 '수산물'을 판매·제공하는 매장,val,수산물,T1 정확표기,82c0edd5-bb6d-4e3b-8e47-a3cad97cea75,쑝쑝수산,수산물,통영 북신전통시장,전통시장,경상남도,,,
07427b5fe4fff0e60c3d,full_annotation_v1,A,q_수산물_01,수산물,식료품 중 '수산물'을 판매·제공하는 매장,val,수산물,T1 정확표기,b2ba525d-999b-43a1-b6ef-046cc82349de,숟갈젓갈,수산물,지도젓갈타운 골목형상점가,골목형상점가,전라남도,,,
31093f40e7270de50304,full_annotation_v1,A,q_수산물_01,수산물,식료품 중 '수산물'을 판매·제공하는 매장,val,수산물,T1 정확표기,623060f1-cc6d-43a5-8bc2-5a1483e9889c,회떠,수산물,공주대학로 골목형 상점가,골목형상점가,충청남도,,,
6d2f00ac098a401c2abb,full_annotation_v1,A,q_수산물_01,수산물,식료품 중 '수산물'을 판매·제공하는 매장,val,수산물,T1 정확표기,0498f096-c9ea-4ca5-bf41-2bea89c7f968,대철네,수산물,주문진좌판풍물시장,전통시장,강원특별자치도,,,
9435746822b47efe37c5,full_annotation_v1,A,q_수산물_01,수산물,식료품 중 '수산물'을 판매·제공하는 매장,val,수산물,T1 정확표기,b5664ac9-0287-4b6f-ade0-508f7dd7eaa1,형제수산,수산물,무안전통시장,전통시장,전라남도,,,
2067e3a296480d841895,full_annotation_v1,A,q_수산물_01,수산물,식료품 중 '수산물'을 판매·제공하는 매장,val,수산물,T1 정확표기,00779863-22b7-4378-adca-42362eff7e3f,장복횟집.수산,생선회,"안면도수산시장(구, 안면도장터)",전통시장,충청남도,,,
505c54de81f33cc2de85,full_annotation_v1,A,q_수산물_01,수산물,식료품 중 '수산물'을 판매·제공하는 매장,val,수산물,T1 정확표기,004d071d-dda6-41e4-9fcb-7c74c8f8ef0f,영남상회,건어물,수영팔도시장(구 수영팔도상가시장),전통시장,부산광역시,,,
148de8e5f3c0a5ae3905,full_annotation_v1,A,q_수산물_01,수산물,식료품 중 '수산물'을 판매·제공하는 매장,val,수산물,T1 정확표기,4261fc79-2a9b-44de-a325-b154794b7e0e,오가축산,축산물,자양15번가골목형상점가,골목형상점가,서울특별시,,,
fd723d471322ba9384fc,full_annotation_v1,A,q_수산물_01,수산물,식료품 중 '수산물'을 판매·제공하는 매장,val,수산물,T1 정확표기,69ccf875-ccb8-410e-9336-d2d8cd4be945,덕근수산,수산물,목포종합수산시장,전통시장,전라남도,,,
336cfa01186166ff5f00,full_annotation_v1,A,q_수산물_01,수산물,식료품 중 '수산물'을 판매·제공하는 매장,val,수산물,T1 정확표기,038f89c5-a204-4c80-9e31-9d22a3ba4c95,연스시,초밥,노은역 골목형상점가,골목형상점가,대전광역시,,,
965ea8900af0d21596b4,full_annotation_v1,A,q_수산물_01,수산물,식료품 중 '수산물'을 판매·제공하는 매장,val,수산물,T1 정확표기,13b86a60-4a24-4816-9bb2-7bb65c98c69c,형제수산,수산물,부여시장,전통시장,충청남도,,,
13072b35368825517d09,full_annotation_v1,A,q_수산물_01,수산물,식료품 중 '수산물'을 판매·제공하는 매장,val,수산물,T1 정확표기,2e2f8604-15f4-462f-b03f-4350a19098ef,수산마켓어사또,수산물,둔촌역전통시장,전통시장,서울특별시,,,
b421b4e13b8a1ae8af12,full_annotation_v1,A,q_수산물_01,수산물,식료품 중 '수산물'을 판매·제공하는 매장,val,수산물,T1 정확표기,9d89368f-804c-41db-b373-34d9f2079d68,111호상회,수산물,양동수산시장,전통시장,광주광역시,,,
443b25ef5ca37731eb26,full_annotation_v1,A,q_수산물_01,수산물,식료품 중 '수산물'을 판매·제공하는 매장,val,수산물,T1 정확표기,00445369-fa3a-4cd3-ae3a-6564876f4199,용수상회,수산물,서문시장건해산물상가,전통시장,대구광역시,,,
995c54842bfe4d499920,full_annotation_v1,A,q_수산물_01,수산물,식료품 중 '수산물'을 판매·제공하는 매장,val,수산물,T1 정확표기,00e04e3d-cb00-4d64-a13d-a9c02f9a4fc8,대림수산,활어,자갈치시장,전통시장,부산광역시,,,
f42c35982b055a69f846,full_annotation_v1,A,q_수산물_01,수산물,식료품 중 '수산물'을 판매·제공하는 매장,val,수산물,T1 정확표기,0004c5f7-95e0-45be-9f06-a705b8113ff0,의창수협67번중도매인,활어,진해 용원어시장상점가,자율상권구역,경상남도,,,
e8e292a538cb16ea1ba5,full_annotation_v1,A,q_수산물_01,수산물,식료품 중 '수산물'을 판매·제공하는 매장,val,수산물,T1 정확표기,02faca98-629e-48a7-b384-f1efb6b03b0c,갈목수산,수산물,서천특화시장,전통시장,충청남도,,,
28deebfa337e095b176f,full_annotation_v1,A,q_수산물_01,수산물,식료품 중 '수산물'을 판매·제공하는 매장,val,수산물,T1 정확표기,7380adc3-9b1b-4a7b-9371-ffd5a01fc4eb,형제수산,수산물,영일시장,전통시장,서울특별시,,,
78a832d5befcd6bc4d44,full_annotation_v1,A,q_수산물_01,수산물,식료품 중 '수산물'을 판매·제공하는 매장,val,수산물,T1 정확표기,f7991058-93ba-4e61-9370-bae3bb8bcda8,찬솔 수산,수산물,구월시장,전통시장,인천광역시,,,
2bcd148fc6a4dcb30391,full_annotation_v1,A,q_수산물_01,수산물,식료품 중 '수산물'을 판매·제공하는 매장,val,수산물,T1 정확표기,2ab1bb10-5746-4a49-8d12-9ed1a3e9759d,미광반점,음식,부곡맛고을상가,자율상권구역,경상북도,,,
6ed73496f6eebe393fbb,full_annotation_v1,A,q_수산물_01,수산물,식료품 중 '수산물'을 판매·제공하는 매장,val,수산물,T1 정확표기,75cffc2d-9397-414b-9e59-c9eaa09b1b6a,바다수산,수산물,원미부흥시장,전통시장,경기도,,,
8a5e27f575f8ef36b573,full_annotation_v1,A,q_수산물_01,수산물,식료품 중 '수산물'을 판매·제공하는 매장,val,수산물,T1 정확표기,6622925b-1d28-4009-87a0-e5465f941316,도계부부횟집,수산물,창원 도계부부시장,전통시장,경상남도,,,
5b039b8c02e908f14a69,full_annotation_v1,A,q_수산물_01,수산물,식료품 중 '수산물'을 판매·제공하는 매장,val,수산물,T1 정확표기,23c3af81-9348-4baf-998b-66077ae4b276,수산킹,수산물,망원동월드컵시장,전통시장,서울특별시,,,
e6b1b9be4911ab4fd067,full_annotation_v1,A,q_수산물_01,수산물,식료품 중 '수산물'을 판매·제공하는 매장,val,수산물,T1 정확표기,009fbffe-11b3-4eba-b65a-696f4f59f079,인어횟집,횟집,목포북항상점가,자율상권구역,전라남도,,,
ddc6e433fe8f38533046,full_annotation_v1,A,q_수산물_01,수산물,식료품 중 '수산물'을 판매·제공하는 매장,val,수산물,T1 정확표기,515b1c2a-8c96-4906-9a24-f1388a5367ad,연회,수산물,수완이지더원 골목형상점가,골목형상점가,광주광역시,,,
1e3d21d1fe263948ae3c,full_annotation_v1,A,q_수산물_01,수산물,식료품 중 '수산물'을 판매·제공하는 매장,val,수산물,T1 정확표기,fc99b06d-341b-491e-b33a-2b7157dd7d38,창근수산,수산물,영광터미널시장,전통시장,전라남도,,,
7878baadce52a3e97a7c,full_annotation_v1,A,q_수산물_01,수산물,식료품 중 '수산물'을 판매·제공하는 매장,val,수산물,T1 정확표기,305d4fa0-d3d2-4a33-b5e1-babfbb5167cb,금성물산,수산물,신중부시장,전통시장,서울특별시,,,
907e5ab19d1b339b06ee,full_annotation_v1,A,q_수산물_01,수산물,식료품 중 '수산물'을 판매·제공하는 매장,val,수산물,T1 정확표기,0027eaf6-093b-4df4-9457-4f1081537ff3,충무꼭지횟집,횟집,초량전통시장,전통시장,부산광역시,,,
d0c206e61f11b79d53f8,full_annotation_v1,A,q_수산물_01,수산물,식료품 중 '수산물'을 판매·제공하는 매장,val,수산물,T1 정확표기,a6a35c8e-0399-42eb-9626-fbb24da1d413,동검수산,수산물,강화풍물시장,전통시장,인천광역시,,,
24339126071853dde22c,full_annotation_v1,A,q_수산물_01,수산물,식료품 중 '수산물'을 판매·제공하는 매장,val,수산물,T1 정확표기,9895cc82-b105-438f-99b4-1c48ff93a636,충남상회,수산물,노량진수산시장골목형상점가,골목형상점가,서울특별시,,,
950d136f46049c98ea48,full_annotation_v1,A,q_수산물_01,수산물,식료품 중 '수산물'을 판매·제공하는 매장,val,수산물,T1 정확표기,12420841-4ff0-45b9-a68c-5c26dea858af,강남상회,수산물,주문진종합시장,전통시장,강원특별자치도,,,
4c0b3d82e5eb44b36be5,full_annotation_v1,A,q_수산물_01,수산물,식료품 중 '수산물'을 판매·제공하는 매장,val,수산물,T1 정확표기,00ac75c4-6e3f-4d23-8a6a-1dc8ba294b85,우진수산,"수산물, 활어",효자시장,전통시장,경상북도,,,
f81181d53f6954c0d581,full_annotation_v1,A,q_수산물_01,수산물,식료품 중 '수산물'을 판매·제공하는 매장,val,수산물,T1 정확표기,00298213-17ea-453a-b6e6-375d9ef636b6,대양농수산,농수산물,부평깡시장,전통시장,인천광역시,,,
f8008193053769c89613,full_annotation_v1,A,q_수산물_01,수산물,식료품 중 '수산물'을 판매·제공하는 매장,val,수산물,T1 정확표기,2f93fe93-50dd-4ffd-8915-e5047ee97f27,회뜬수산,수산물,소래포구전통어시장,전통시장,인천광역시,,,
581ba3b949930beeab91,full_annotation_v1,A,q_수산물_01,수산물,식료품 중 '수산물'을 판매·제공하는 매장,val,수산물,T1 정확표기,9b21374d-b396-48aa-a602-207404c4dd0c,철현물산,수산물,서울중부시장,전통시장,서울특별시,,,
4fbc5867de3c998fbac9,full_annotation_v1,A,q_수산물_01,수산물,식료품 중 '수산물'을 판매·제공하는 매장,val,수산물,T1 정확표기,77b32ef1-1543-4ec4-b063-0ab8a877c727,밀알수산,수산물,양동시장,전통시장,광주광역시,,,
877ab17c2c0c3f999ae2,full_annotation_v1,A,q_수산물_01,수산물,식료품 중 '수산물'을 판매·제공하는 매장,val,수산물,T1 정확표기,222f36da-0076-4e8d-a655-b4b83834e38f,노량진101,수산물,노량진수산시장골목형상점가,골목형상점가,서울특별시,,,
d4ee97a393c7e3161cf0,full_annotation_v1,A,q_수산물_01,수산물,식료품 중 '수산물'을 판매·제공하는 매장,val,수산물,T1 정확표기,19587746-afac-45c4-84a4-ab43a4ce36ef,바다수산,수산물,계산시장,전통시장,인천광역시,,,
5564e19d3d623d3070a0,full_annotation_v1,A,q_수산물_01,수산물,식료품 중 '수산물'을 판매·제공하는 매장,val,수산물,T1 정확표기,00bd252b-19f9-4e9a-bf26-b45280bb84ae,선옥상회,생선,고성 공룡시장,전통시장,경상남도,,,
8852abe01b5033c4bc35,full_annotation_v1,A,q_수산물_01,수산물,식료품 중 '수산물'을 판매·제공하는 매장,val,수산물,T1 정확표기,00a40df6-e218-4c9e-951f-b2c1a3ee676e,영흥수산,생선,가락몰골목형상점가,골목형상점가,서울특별시,,,
c3218e50384bc69b28f2,full_annotation_v1,A,q_수산물_01,수산물,식료품 중 '수산물'을 판매·제공하는 매장,val,수산물,T1 정확표기,cc5350e1-229f-4d9c-a431-4c09701df79f,황덕호,수산물,소래포구전통어시장,전통시장,인천광역시,,,
630515026cd5ef339aff,full_annotation_v1,A,q_수산물_01,수산물,식료품 중 '수산물'을 판매·제공하는 매장,val,수산물,T1 정확표기,80f012ef-65df-4eff-85ac-71fc130a8d04,왕새우수산,수산물,수완장덕 골목형상점가,골목형상점가,광주광역시,,,
17bf83a1f8ef42783dd1,full_annotation_v1,A,q_수산물_01,수산물,식료품 중 '수산물'을 판매·제공하는 매장,val,수산물,T1 정확표기,0365a2c9-5a2b-4e95-b1d2-a7f625aa6c06,형제수산,수산물,한민시장,전통시장,대전광역시,,,
1bdc539e441fc3356a34,full_annotation_v1,A,q_수산물_02,생선,식료품 중 '수산물'을 판매·제공하는 매장,val,수산물,T2 동의어,00ac75c4-6e3f-4d23-8a6a-1dc8ba294b85,우진수산,"수산물, 활어",효자시장,전통시장,경상북도,,,
bae54aad63075dc8e2e8,full_annotation_v1,A,q_수산물_02,생선,식료품 중 '수산물'을 판매·제공하는 매장,val,수산물,T2 동의어,f632b825-195d-48b6-a024-82a5d1546f7f,형제생선,생선,용산종합큰시장,전통시장,대구광역시,,,
92a07a9d659fc1f570a2,full_annotation_v1,A,q_수산물_02,생선,식료품 중 '수산물'을 판매·제공하는 매장,val,수산물,T2 동의어,92253f21-b696-4661-9b5d-6fc46e7009c4,여수네 마른 생선,생선,(주)여수수산시장,전통시장,전라남도,,,
e711a31090fbb66fa3e4,full_annotation_v1,A,q_수산물_02,생선,식료품 중 '수산물'을 판매·제공하는 매장,val,수산물,T2 동의어,05e43621-e9c5-4870-af5a-ae5873df8d15,생선총각,생선,포방터시장,전통시장,서울특별시,,,
bb9b2d1a98e39952f7ea,full_annotation_v1,A,q_수산물_02,생선,식료품 중 '수산물'을 판매·제공하는 매장,val,수산물,T2 동의어,00a40df6-e218-4c9e-951f-b2c1a3ee676e,영흥수산,생선,가락몰골목형상점가,골목형상점가,서울특별시,,,
5571181f02df69ff3e40,full_annotation_v1,A,q_수산물_02,생선,식료품 중 '수산물'을 판매·제공하는 매장,val,수산물,T2 동의어,3526958d-da64-4c90-a75c-c55162fbe0d3,최씨어물전,,영천공설시장,전통시장,경상북도,,,
5d40ce5e7c898c879b11,full_annotation_v1,A,q_수산물_02,생선,식료품 중 '수산물'을 판매·제공하는 매장,val,수산물,T2 동의어,69343e42-7e0f-4d37-ad8c-70247ea8c7d5,한양생선,생선,충주무학시장,전통시장,충청북도,,,
75633344eeb817a9ef37,full_annotation_v1,A,q_수산물_02,생선,식료품 중 '수산물'을 판매·제공하는 매장,val,수산물,T2 동의어,e06d0863-a248-4088-98b0-f121aa24d047,생선 (소문난수산),생선,조원시장,전통시장,경기도,,,
ef5ed647cc7791341954,full_annotation_v1,A,q_수산물_02,생선,식료품 중 '수산물'을 판매·제공하는 매장,val,수산물,T2 동의어,31b3d26e-369c-44cb-9d31-761e6d821a4b,사라(SARA),커피디저트주류,고잔뜰 상점가,자율상권구역,경기도,,,
2f2631025e2b4293ec56,full_annotation_v1,A,q_수산물_02,생선,식료품 중 '수산물'을 판매·제공하는 매장,val,수산물,T2 동의어,009fbffe-11b3-4eba-b65a-696f4f59f079,인어횟집,횟집,목포북항상점가,자율상권구역,전라남도,,,
ce15455a4f3cda96b85b,full_annotation_v1,A,q_수산물_02,생선,식료품 중 '수산물'을 판매·제공하는 매장,val,수산물,T2 동의어,8413497a-62cf-4959-a40f-eaba357e72cf,입실생선,생선,외동시장,전통시장,경상북도,,,
ca7ccd9ce0789bfa1fc8,full_annotation_v1,A,q_수산물_02,생선,식료품 중 '수산물'을 판매·제공하는 매장,val,수산물,T2 동의어,30d5afbc-fd4b-49bb-9e1c-2469652e5921,추씨어물점,어물,영천공설시장,전통시장,경상북도,,,
8a4ffa7a150a805707a4,full_annotation_v1,A,q_수산물_02,생선,식료품 중 '수산물'을 판매·제공하는 매장,val,수산물,T2 동의어,000d55be-8181-4f45-827e-52082b2ae284,명희유통,건어물,성북시장,전통시장,부산광역시,,,
99ed8dc0d344e15de19d,full_annotation_v1,A,q_수산물_02,생선,식료품 중 '수산물'을 판매·제공하는 매장,val,수산물,T2 동의어,00ba389b-e522-4da5-ac26-2ffaf33359ec,스시노유키,초밥,산본로데오거리(구 산본중심상가),자율상권구역,경기도,,,
924e26d75de731bc2279,full_annotation_v1,A,q_수산물_02,생선,식료품 중 '수산물'을 판매·제공하는 매장,val,수산물,T2 동의어,1b2cbb33-3f6d-47f8-a90c-72be96803eef,바다수산,생선,서귀포매일올레시장,전통시장,제주특별자치도,,,
386ae2431cb5f22356cc,full_annotation_v1,A,q_수산물_02,생선,식료품 중 '수산물'을 판매·제공하는 매장,val,수산물,T2 동의어,d5246b6f-f8e4-435d-96d4-96c3ec484845,예촌 흑염소 전문점,한식,댕리단길 골목형상점가,골목형상점가,경기도,,,
8f1c158a3631e5da1504,full_annotation_v1,A,q_수산물_02,생선,식료품 중 '수산물'을 판매·제공하는 매장,val,수산물,T2 동의어,b81b16a7-303c-423a-8298-992107993bcb,생선총각,생선,대림골목시장,전통시장,서울특별시,,,
26d90d8f45ac9f3d81de,full_annotation_v1,A,q_수산물_02,생선,식료품 중 '수산물'을 판매·제공하는 매장,val,수산물,T2 동의어,008cfdc1-610a-407a-a03b-4c6dae7106f4,주영수산,활어,목포북항상점가,자율상권구역,전라남도,,,
c456cc455a175d4d9960,full_annotation_v1,A,q_수산물_02,생선,식료품 중 '수산물'을 판매·제공하는 매장,val,수산물,T2 동의어,0027eaf6-093b-4df4-9457-4f1081537ff3,충무꼭지횟집,횟집,초량전통시장,전통시장,부산광역시,,,
68cf25a947e4ded67daa,full_annotation_v1,A,q_수산물_02,생선,식료품 중 '수산물'을 판매·제공하는 매장,val,수산물,T2 동의어,0d1e5132-177c-499c-9470-0b2230c87597,권순희 생선,생선,안동구시장,전통시장,경상북도,,,
6194dce3e61b67eae9f3,full_annotation_v1,A,q_수산물_02,생선,식료품 중 '수산물'을 판매·제공하는 매장,val,수산물,T2 동의어,ee6bc692-6f30-49cc-b349-b2ace7f9440b,가마솥두부,두부,신장전통시장,전통시장,경기도,,,
ef33e3c09dbf4942e149,full_annotation_v1,A,q_수산물_02,생선,식료품 중 '수산물'을 판매·제공하는 매장,val,수산물,T2 동의어,7873a7fa-ee6a-471b-8e5c-9a4047a9cfff,남해수산,생선,양산 덕계종합상설시장,전통시장,경상남도,,,
540d6523a8ded83942f9,full_annotation_v1,A,q_수산물_02,생선,식료품 중 '수산물'을 판매·제공하는 매장,val,수산물,T2 동의어,0bf687ec-4ea8-4932-a2c4-401f28aab97f,중앙어물,어물,모슬포 중앙시장,전통시장,제주특별자치도,,,
e61ba81be4bdde770168,full_annotation_v1,A,q_수산물_02,생선,식료품 중 '수산물'을 판매·제공하는 매장,val,수산물,T2 동의어,8e4639d6-fb68-4a1e-ac4b-14a230fc02b2,착한생선,생선,충주자유시장,전통시장,충청북도,,,
3d65e7b5aedf101502b8,full_annotation_v1,A,q_수산물_02,생선,식료품 중 '수산물'을 판매·제공하는 매장,val,수산물,T2 동의어,90e9050c-3f41-4599-a751-8186778abae6,자갈치수산,생선,도마큰시장,전통시장,대전광역시,,,
15ac4c6bc2be2fbdb147,full_annotation_v1,A,q_수산물_02,생선,식료품 중 '수산물'을 판매·제공하는 매장,val,수산물,T2 동의어,7a4d6ac6-0b03-46ca-9aa9-1ff9f5fdd72c,엄마생선,생선,역전시장 상점가,자율상권구역,대전광역시,,,
ab2b366e57ddd3b3f161,full_annotation_v1,A,q_수산물_02,생선,식료품 중 '수산물'을 판매·제공하는 매장,val,수산물,T2 동의어,0d787e3b-c8db-4109-9454-b50d724cb25f,정현생선,생선,익산북부시장,전통시장,전북특별자치도,,,
b272121d50c1ab06eb79,full_annotation_v1,A,q_수산물_02,생선,식료품 중 '수산물'을 판매·제공하는 매장,val,수산물,T2 동의어,b4b71091-33a9-4f00-824e-0c130cfc6e06,바다수산,생선,부천강남시장,전통시장,경기도,,,
f6cd7e6659f301d8c234,full_annotation_v1,A,q_수산물_02,생선,식료품 중 '수산물'을 판매·제공하는 매장,val,수산물,T2 동의어,764c37b8-c4f5-4ebd-8308-9edae87897bb,훈이네 생선,생선,청주육거리종합시장,전통시장,충청북도,,,
a367ebed6b1a31c30d4e,full_annotation_v1,A,q_수산물_02,생선,식료품 중 '수산물'을 판매·제공하는 매장,val,수산물,T2 동의어,997ce2ee-a8e5-4b95-9bc2-7cda6736edf2,전주수산,생선,노량진수산시장골목형상점가,골목형상점가,서울특별시,,,
c63494127d5500e014a4,full_annotation_v1,A,q_수산물_02,생선,식료품 중 '수산물'을 판매·제공하는 매장,val,수산물,T2 동의어,016ddf29-de07-40e1-a642-8c2a45a6f19d,연희어시장,횟집,연희로 골목형상점가,골목형상점가,인천광역시,,,
06ba154126be766b9a97,full_annotation_v1,A,q_수산물_02,생선,식료품 중 '수산물'을 판매·제공하는 매장,val,수산물,T2 동의어,71f97da8-0779-4b70-bf8a-00c0494ffd4d,수옥생선,생선,광장시장,전통시장,서울특별시,,,
49f0e77c24672f8d4503,full_annotation_v1,A,q_수산물_02,생선,식료품 중 '수산물'을 판매·제공하는 매장,val,수산물,T2 동의어,001ec0bf-0eda-4aa8-8efc-a90930649cf5,원프룻,농수산물,정이있는 구포시장,전통시장,부산광역시,,,
c73c9cbfe85b5c7f104a,full_annotation_v1,A,q_수산물_02,생선,식료품 중 '수산물'을 판매·제공하는 매장,val,수산물,T2 동의어,6ac28eea-2dcf-457a-b595-5e1bb8c4aba7,주공생선,생선,월촌역시장(구 송현주공시장),전통시장,대구광역시,,,
4d0a1b6bf970ce732514,full_annotation_v1,A,q_수산물_02,생선,식료품 중 '수산물'을 판매·제공하는 매장,val,수산물,T2 동의어,2d0310de-307b-401d-8d29-dc07bbcb1b2f,구이와조림,생선,선부광장로상점가,자율상권구역,경기도,,,
c7fbfc1a311caa0a1821,full_annotation_v1,A,q_수산물_02,생선,식료품 중 '수산물'을 판매·제공하는 매장,val,수산물,T2 동의어,2a741bd3-fc67-4df6-9de3-80042d36666b,남해수산,생선,전농로터리시장,전통시장,서울특별시,,,
845dc8c293040d16cf56,full_annotation_v1,A,q_수산물_02,생선,식료품 중 '수산물'을 판매·제공하는 매장,val,수산물,T2 동의어,5303e260-98ca-4280-84bd-8863e8aec888,동해수산,생선,용상공설시장,전통시장,경상북도,,,
79f79aa5a9298021ba08,full_annotation_v1,A,q_수산물_02,생선,식료품 중 '수산물'을 판매·제공하는 매장,val,수산물,T2 동의어,a118cdb6-4b14-48c4-8649-43cedb0b445c,우성생선,생선,내토전통시장,전통시장,충청북도,,,
c0d8d638f6011fc881a8,full_annotation_v1,A,q_수산물_02,생선,식료품 중 '수산물'을 판매·제공하는 매장,val,수산물,T2 동의어,010c1855-b46f-4e37-b975-8115c4249b0f,용궁횟집,,자갈치시장,전통시장,부산광역시,,,
d457ff2d6a1a842c6225,full_annotation_v1,A,q_수산물_02,생선,식료품 중 '수산물'을 판매·제공하는 매장,val,수산물,T2 동의어,147b032e-4e39-4df5-8676-78f31842d26e,소원상회,생선,서부시장(서부재래시장),전통시장,충청남도,,,
6d49ea3a2b63b432783c,full_annotation_v1,A,q_수산물_02,생선,식료품 중 '수산물'을 판매·제공하는 매장,val,수산물,T2 동의어,534d553f-151f-42c5-bd34-08ae1bda38ab,홍문각,중화요리,계수마을상인회 골목형상점가,골목형상점가,광주광역시,,,
4447a624e02fed61edc4,full_annotation_v1,A,q_수산물_02,생선,식료품 중 '수산물'을 판매·제공하는 매장,val,수산물,T2 동의어,bdc36a36-8257-4323-bcfd-82fa238434f3,이쁜이네 생선,생선,수영팔도시장(구 수영팔도상가시장),전통시장,부산광역시,,,
61617938e87bcbb25aae,full_annotation_v1,A,q_수산물_02,생선,식료품 중 '수산물'을 판매·제공하는 매장,val,수산물,T2 동의어,f494b87d-036c-4cab-b41d-635d295e5604,춘길네민물장어,음식,강화풍물시장,전통시장,인천광역시,,,
72f475f0eccb4c70c206,full_annotation_v1,A,q_수산물_02,생선,식료품 중 '수산물'을 판매·제공하는 매장,val,수산물,T2 동의어,004032ef-2ae7-4e97-ac30-b12a0869e930,시장횟집,횟집,광양매일시장(광양상설시장),전통시장,전라남도,,,
4f502634cc3404902701,full_annotation_v1,A,q_수산물_02,생선,식료품 중 '수산물'을 판매·제공하는 매장,val,수산물,T2 동의어,16c9004e-98fa-4084-89c7-66286e039b62,동해수산,생선,영덕시장,전통시장,경상북도,,,
54913b5bfbbbd5d13a26,full_annotation_v1,A,q_수산물_02,생선,식료품 중 '수산물'을 판매·제공하는 매장,val,수산물,T2 동의어,51764099-4a5d-4ef8-b85d-ef270b05701b,금순네 생선,생선,인천신흥시장,전통시장,인천광역시,,,
03dfbdb0fb4d758d442f,full_annotation_v1,A,q_수산물_02,생선,식료품 중 '수산물'을 판매·제공하는 매장,val,수산물,T2 동의어,00cd5dee-c068-48da-bc58-a704d5fe8832,윤석수산,수산물 활어회 생선 게종류 젓갈 갑각류 해산물 등등,대공원시장,전통시장,대구광역시,,,
fef17da20ec8670234d9,full_annotation_v1,A,q_수산물_02,생선,식료품 중 '수산물'을 판매·제공하는 매장,val,수산물,T2 동의어,9f8c5b2d-8b33-444e-a177-16386f656df3,부자생선,생선,망미중앙시장,전통시장,부산광역시,,,
67a774ecf301f6a34208,full_annotation_v1,A,q_수산물_02,생선,식료품 중 '수산물'을 판매·제공하는 매장,val,수산물,T2 동의어,11a69755-bf36-401b-8772-71c00f0b485a,훈이네수산,생선,말바우시장,전통시장,광주광역시,,,
53490fab3f342d828169,full_annotation_v1,A,q_수산물_02,생선,식료품 중 '수산물'을 판매·제공하는 매장,val,수산물,T2 동의어,00f60c16-d8be-497f-80f2-aab3209a8d0e,포카포카,식당,전남여고후문 골목형상점가,골목형상점가,광주광역시,,,
3fdaa20c5013b437b3f6,full_annotation_v1,A,q_수산물_02,생선,식료품 중 '수산물'을 판매·제공하는 매장,val,수산물,T2 동의어,1eabe06e-40b1-47b9-9f3d-1327dbf192f7,경덕상회,생선,송정우정 골목형상점가,골목형상점가,광주광역시,,,
96e2d32041a95c80543f,full_annotation_v1,A,q_수산물_02,생선,식료품 중 '수산물'을 판매·제공하는 매장,val,수산물,T2 동의어,00e04e3d-cb00-4d64-a13d-a9c02f9a4fc8,대림수산,활어,자갈치시장,전통시장,부산광역시,,,
e43a3f1a91410ecff31d,full_annotation_v1,A,q_수산물_02,생선,식료품 중 '수산물'을 판매·제공하는 매장,val,수산물,T2 동의어,038f89c5-a204-4c80-9e31-9d22a3ba4c95,연스시,초밥,노은역 골목형상점가,골목형상점가,대전광역시,,,
705bab4af16200fc26fe,full_annotation_v1,A,q_수산물_02,생선,식료품 중 '수산물'을 판매·제공하는 매장,val,수산물,T2 동의어,d0ffced8-e8c3-4398-b2df-358c0a9fa7dd,호랭이수산,생선,충무동 새벽시장,기타,부산광역시,,,
2d431081e8af0c335dc7,full_annotation_v1,A,q_수산물_02,생선,식료품 중 '수산물'을 판매·제공하는 매장,val,수산물,T2 동의어,a83174a2-5cfd-4c4b-8316-978ac6c905d2,오늘의 생선,생선,원미부흥시장,전통시장,경기도,,,
694e15397f2d6accf1d8,full_annotation_v1,A,q_수산물_02,생선,식료품 중 '수산물'을 판매·제공하는 매장,val,수산물,T2 동의어,30dc8796-40cd-4c5b-880c-658ec9ad53ad,노들수산,생선,노량진수산시장골목형상점가,골목형상점가,서울특별시,,,
9a788f98803254456aaa,full_annotation_v1,A,q_수산물_02,생선,식료품 중 '수산물'을 판매·제공하는 매장,val,수산물,T2 동의어,823b6d52-7ce5-4863-9cd1-e69ddb185b82,룰루마리김밥,김밥,소담마실길 골목형상점가,골목형상점가,세종특별자치시,,,
b3b27e74ed8e21452507,full_annotation_v1,A,q_수산물_02,생선,식료품 중 '수산물'을 판매·제공하는 매장,val,수산물,T2 동의어,506d7c5f-03b7-4fa9-9b17-f8bc13e569ae,유남수산,생선,동문시장㈜,전통시장,제주특별자치도,,,
e1c766288e5fc336780c,full_annotation_v1,A,q_수산물_02,생선,식료품 중 '수산물'을 판매·제공하는 매장,val,수산물,T2 동의어,20100a95-1ce6-4c37-bc08-f4be6a07c590,동해수산,생선,대왕암 월봉시장,전통시장,울산광역시,,,
9916eface1b79e2d6964,full_annotation_v1,A,q_수산물_02,생선,식료품 중 '수산물'을 판매·제공하는 매장,val,수산물,T2 동의어,156c17f7-7a57-47b8-bec1-0d2fd58979b6,남해수산,생선,부전상가시장,전통시장,부산광역시,,,
3fed3307c11045429986,full_annotation_v1,A,q_수산물_02,생선,식료품 중 '수산물'을 판매·제공하는 매장,val,수산물,T2 동의어,1613e2e5-15e4-4fed-940a-8e991fd6320b,옥진수산,생선,동명동 아침골목상점가,골목형상점가,전라남도,,,
9a945b24ba63eb8e01bd,full_annotation_v1,A,q_수산물_02,생선,식료품 중 '수산물'을 판매·제공하는 매장,val,수산물,T2 동의어,013d58c8-33f8-4dbe-95de-801d22ea9505,민영활어공장 부천자유시장점,"회, 초밥",부천자유시장,전통시장,경기도,,,
515aa02eb88365cbe5fd,full_annotation_v1,A,q_수산물_02,생선,식료품 중 '수산물'을 판매·제공하는 매장,val,수산물,T2 동의어,a967fbc7-7c5b-414a-b89f-af04c43dfc9b,효준횟집,생선,남해전통시장,전통시장,경상남도,,,
208e6f266ff394805c90,full_annotation_v1,A,q_수산물_02,생선,식료품 중 '수산물'을 판매·제공하는 매장,val,수산물,T2 동의어,00298213-17ea-453a-b6e6-375d9ef636b6,대양농수산,농수산물,부평깡시장,전통시장,인천광역시,,,
54f122b0417795358d21,full_annotation_v1,A,q_수산물_02,생선,식료품 중 '수산물'을 판매·제공하는 매장,val,수산물,T2 동의어,9c170291-2a2c-451a-bac4-42788e0b7369,밥상위에 생선,생선,대인시장,전통시장,광주광역시,,,
90b3f3fee2ed57c54e32,full_annotation_v1,A,q_수산물_02,생선,식료품 중 '수산물'을 판매·제공하는 매장,val,수산물,T2 동의어,702ed339-9e1c-474b-9173-36367ca950f9,영자수산,생선,군산수산물종합센터,전통시장,전북특별자치도,,,
537f70cd2f54cf873ccc,full_annotation_v1,A,q_수산물_02,생선,식료품 중 '수산물'을 판매·제공하는 매장,val,수산물,T2 동의어,c59633f8-025c-4dad-bd64-a9bac4c74fd3,도계생선,생선,창원 도계부부시장,전통시장,경상남도,,,
27054c156ae4aa0cd668,full_annotation_v1,A,q_수산물_02,생선,식료품 중 '수산물'을 판매·제공하는 매장,val,수산물,T2 동의어,4df38700-9e35-467e-8b54-b6930b806fa5,중앙생선,생선,길동복조리시장,전통시장,서울특별시,,,
03423e6548367fa66208,full_annotation_v1,A,q_수산물_02,생선,식료품 중 '수산물'을 판매·제공하는 매장,val,수산물,T2 동의어,00fcc68d-3086-4b45-b998-f3763e8dbf7d,꼬치마요 산본역점(9호점),일식,산본로데오거리(구 산본중심상가),자율상권구역,경기도,,,
c57d4f4b2687690f5cfa,full_annotation_v1,A,q_수산물_02,생선,식료품 중 '수산물'을 판매·제공하는 매장,val,수산물,T2 동의어,615d7c4c-1c13-4592-aecb-3505c9c48dd9,다정,생선,마산어시장,전통시장,경상남도,,,
1c13ca51ebdb5486ed78,full_annotation_v1,A,q_수산물_02,생선,식료품 중 '수산물'을 판매·제공하는 매장,val,수산물,T2 동의어,0e033eab-2371-499a-8864-0445b5f9cd9f,제주수산,생선,수암상가시장,전통시장,울산광역시,,,
b459119bcbe44cf6a79a,full_annotation_v1,A,q_수산물_02,생선,식료품 중 '수산물'을 판매·제공하는 매장,val,수산물,T2 동의어,7b0d92fa-878d-49c8-a904-56794f8ffa88,바다수산,생선,아랫장,전통시장,전라남도,,,
46ef7c6d0325a6671d64,full_annotation_v1,A,q_수산물_02,생선,식료품 중 '수산물'을 판매·제공하는 매장,val,수산물,T2 동의어,ab11b85b-b49f-4094-bcb4-21c6b0bd648e,대정수산,생선,목포자유시장,전통시장,전라남도,,,
93aaabb52534a99bfdd4,full_annotation_v1,A,q_수산물_02,생선,식료품 중 '수산물'을 판매·제공하는 매장,val,수산물,T2 동의어,ea842cca-abfa-484a-95e9-77811a3b4b6e,오늘생선,생선,자양전통시장,전통시장,서울특별시,,,
2df81d3d8762937770af,full_annotation_v1,A,q_수산물_02,생선,식료품 중 '수산물'을 판매·제공하는 매장,val,수산물,T2 동의어,01afaafa-2a46-4977-8015-55762957ee7a,다래초밥,초밥,동문동 골목형상점가,골목형상점가,충청남도,,,
3d38f8ef8bf373a37fbd,full_annotation_v1,A,q_수산물_02,생선,식료품 중 '수산물'을 판매·제공하는 매장,val,수산물,T2 동의어,333fa307-f61c-45a8-a79b-93fff676095e,대명어물,어물,서귀포향토오일시장,전통시장,제주특별자치도,,,
f3d7dde864e33b20b5b4,full_annotation_v1,A,q_수산물_02,생선,식료품 중 '수산물'을 판매·제공하는 매장,val,수산물,T2 동의어,29345061-11dc-46a5-92fa-963b19c984ab,생선밥상,생선,적성전통시장,전통시장,경기도,,,
f8ad35b96286fc9eb712,full_annotation_v1,A,q_수산물_02,생선,식료품 중 '수산물'을 판매·제공하는 매장,val,수산물,T2 동의어,7c7eb5fd-9756-4fa2-95f1-e8a14cc52cf2,남해수산,생선,동부시장,전통시장,인천광역시,,,
fe2eac35ae4d84b68a4e,full_annotation_v1,A,q_수산물_02,생선,식료품 중 '수산물'을 판매·제공하는 매장,val,수산물,T2 동의어,95d916b2-2191-4a81-93d8-909608356f38,진실이네 생선,생선 회,장안마실골목형상점가,골목형상점가,서울특별시,,,
e3de13c21c6ba1b67f1c,full_annotation_v1,A,q_수산물_02,생선,식료품 중 '수산물'을 판매·제공하는 매장,val,수산물,T2 동의어,00779863-22b7-4378-adca-42362eff7e3f,장복횟집.수산,생선회,"안면도수산시장(구, 안면도장터)",전통시장,충청남도,,,
acf816d8f420e113dbf4,full_annotation_v1,A,q_수산물_02,생선,식료품 중 '수산물'을 판매·제공하는 매장,val,수산물,T2 동의어,ba892183-0083-4efd-8fe7-6a279a8e1883,씨유 두암부영점,식음료,아름다운삼정로 골목형상점가,골목형상점가,광주광역시,,,
5335961e433f2ecbfa2a,full_annotation_v1,A,q_수산물_02,생선,식료품 중 '수산물'을 판매·제공하는 매장,val,수산물,T2 동의어,b074842a-7cd1-477d-84fc-9b8dfb412899,성수생선,생선,양산 덕계종합상설시장,전통시장,경상남도,,,
a2482e609d9924fa5107,full_annotation_v1,A,q_수산물_02,생선,식료품 중 '수산물'을 판매·제공하는 매장,val,수산물,T2 동의어,0130dbd3-b9ea-43f4-98fd-26d8afd90b78,모래내시장순대,식당,전주모래내시장,전통시장,전북특별자치도,,,
f8c04649a1596385cf6c,full_annotation_v1,A,q_수산물_02,생선,식료품 중 '수산물'을 판매·제공하는 매장,val,수산물,T2 동의어,0004c5f7-95e0-45be-9f06-a705b8113ff0,의창수협67번중도매인,활어,진해 용원어시장상점가,자율상권구역,경상남도,,,
e0c4a98204beff0700f1,full_annotation_v1,A,q_수산물_02,생선,식료품 중 '수산물'을 판매·제공하는 매장,val,수산물,T2 동의어,de9107f2-186c-4fa4-82a2-6c4a765dba8a,남해수산,생선,진주 자유시장,전통시장,경상남도,,,
2ecba4226833f7c8f6a6,full_annotation_v1,A,q_수산물_02,생선,식료품 중 '수산물'을 판매·제공하는 매장,val,수산물,T2 동의어,c46d297a-d4ea-4762-a168-b5e841430aed,수현생선,생선,좌동재래시장,전통시장,부산광역시,,,
d0b0a38f8c3115a130a3,full_annotation_v1,A,q_수산물_02,생선,식료품 중 '수산물'을 판매·제공하는 매장,val,수산물,T2 동의어,ca43c775-8157-4b59-94a0-3d43b8923025,소배,생선,명지시장,전통시장,부산광역시,,,
d04e11aacee4cf9a99c5,full_annotation_v1,A,q_수산물_02,생선,식료품 중 '수산물'을 판매·제공하는 매장,val,수산물,T2 동의어,f06ccfff-aff4-48e2-a0d9-9ca2ad9406cf,인권이네,생선,소래포구전통어시장,전통시장,인천광역시,,,
0633959563411950e421,full_annotation_v1,A,q_수산물_02,생선,식료품 중 '수산물'을 판매·제공하는 매장,val,수산물,T2 동의어,a38d4fe2-982b-4231-a320-69bc8d1210e5,삼득수산,생선,부전상가시장,전통시장,부산광역시,,,
5e9dc7f818e57472131d,full_annotation_v1,A,q_수산물_02,생선,식료품 중 '수산물'을 판매·제공하는 매장,val,수산물,T2 동의어,33916799-dab6-4f9c-8737-3ef12ec9b327,굿모닝 소아청소년과의원,소아과,효천로 골목형상점가,골목형상점가,광주광역시,,,
98dff409c4af28f6d8e2,full_annotation_v1,A,q_수산물_02,생선,식료품 중 '수산물'을 판매·제공하는 매장,val,수산물,T2 동의어,5e05f945-77d5-4a57-a86d-11fe574f69fd,바다수산,생선,정자시장,전통시장,경기도,,,
e5dbab8b8a971f45336e,full_annotation_v1,A,q_수산물_02,생선,식료품 중 '수산물'을 판매·제공하는 매장,val,수산물,T2 동의어,68341571-a8c0-4fa5-9d92-e0d044f27890,안씨생선,생선,도마큰시장,전통시장,대전광역시,,,
93e36101f24ba6e040d6,full_annotation_v1,A,q_수산물_02,생선,식료품 중 '수산물'을 판매·제공하는 매장,val,수산물,T2 동의어,8455b327-a374-4f39-96bf-de54cb54875d,괴정생선,생선,괴정골목시장,전통시장,부산광역시,,,
0e0b1cd70da4359c4bd3,full_annotation_v1,A,q_수산물_02,생선,식료품 중 '수산물'을 판매·제공하는 매장,val,수산물,T2 동의어,4014e8a4-4138-4c89-922c-ad97518dac48,영선네 생선,생선,대전정원시장,전통시장,대전광역시,,,
1ccc03850f83896ff63f,full_annotation_v1,A,q_수산물_02,생선,식료품 중 '수산물'을 판매·제공하는 매장,val,수산물,T2 동의어,05e31848-bfa9-467c-af35-f74a54101a40,남해수산,생선,청량리수산시장,전통시장,서울특별시,,,
68da1410f1b1125a9513,full_annotation_v1,A,q_수산물_02,생선,식료품 중 '수산물'을 판매·제공하는 매장,val,수산물,T2 동의어,ace46cb4-4669-4cad-8223-c3412d5d7b5c,살아있네 생선,생선,반여2동상가시장,전통시장,부산광역시,,,
bb87ebad40c184ff4dd8,full_annotation_v1,A,q_수산물_02,생선,식료품 중 '수산물'을 판매·제공하는 매장,val,수산물,T2 동의어,aec3f764-1c7d-4a7c-81c0-baaabb88ec00,아빠의정원,생화및화분,소담마실길 골목형상점가,골목형상점가,세종특별자치시,,,
09f28720337aadf90d31,full_annotation_v1,A,q_수산물_02,생선,식료품 중 '수산물'을 판매·제공하는 매장,val,수산물,T2 동의어,0019e966-8007-4603-957c-4e9adcd1f05a,부남수산,수산물,서산동부전통시장,전통시장,충청남도,,,
bf63e6c62df5306509cb,full_annotation_v1,A,q_수산물_02,생선,식료품 중 '수산물'을 판매·제공하는 매장,val,수산물,T2 동의어,ed7dc735-f090-4585-8d55-7408c9dafbb6,옥선상회,생선,자갈치시장,전통시장,부산광역시,,,
3f49a45d352d9748bc02,full_annotation_v1,A,q_수산물_02,생선,식료품 중 '수산물'을 판매·제공하는 매장,val,수산물,T2 동의어,979fe1f9-263b-4f1b-af34-2e0629ad4a8c,호계생선,생선,호계공설시장,전통시장,울산광역시,,,
b82592304c9de6e25a71,full_annotation_v1,A,q_수산물_02,생선,식료품 중 '수산물'을 판매·제공하는 매장,val,수산물,T2 동의어,4258d6ee-543b-4957-9910-2e69a4c7bc25,동해수산,생선,말바우시장,전통시장,광주광역시,,,
51c3103b9a1564ea34d1,full_annotation_v1,A,q_수산물_02,생선,식료품 중 '수산물'을 판매·제공하는 매장,val,수산물,T2 동의어,ee85b2d6-415e-454a-b723-690a562ff040,바다수산,생선,하양꿈바우시장,전통시장,경상북도,,,
09b894e6bb0958f2764e,full_annotation_v1,A,q_수산물_02,생선,식료품 중 '수산물'을 판매·제공하는 매장,val,수산물,T2 동의어,81250220-b13f-44db-9d6e-eea7ad97e042,장터맛집,한식,아랫장,전통시장,전라남도,,,
c921fc2e19754272c845,full_annotation_v1,A,q_수산물_02,생선,식료품 중 '수산물'을 판매·제공하는 매장,val,수산물,T2 동의어,baf63cc1-39a1-465f-b96c-0520b6e62a3a,동해수산,생선,서남신시장,전통시장,대구광역시,,,
2b0867e7a0fe6b70bcbe,full_annotation_v1,A,q_수산물_02,생선,식료품 중 '수산물'을 판매·제공하는 매장,val,수산물,T2 동의어,874581fa-e7a0-4ceb-93ed-7a4d7f3f4f67,남해수산,생선,진해 용원어시장상점가,자율상권구역,경상남도,,,
8bf8d7da93896b2d24a8,full_annotation_v1,A,q_수산물_02,생선,식료품 중 '수산물'을 판매·제공하는 매장,val,수산물,T2 동의어,fbe454d9-addf-4d07-abb9-e030eb1b3472,중앙생선,생선,내토전통시장,전통시장,충청북도,,,
e80c659d057988f2da69,full_annotation_v1,A,q_수산물_02,생선,식료품 중 '수산물'을 판매·제공하는 매장,val,수산물,T2 동의어,00356e71-7b15-4a42-be60-f232011707b8,유한회사 덕재건재,건어물,가락몰골목형상점가,골목형상점가,서울특별시,,,
7c98efbc29d57ff6548e,full_annotation_v1,A,q_수산물_02,생선,식료품 중 '수산물'을 판매·제공하는 매장,val,수산물,T2 동의어,026088db-87d4-434f-be2b-19543ce6d520,대구생선,생선,도원시장,전통시장,대구광역시,,,
7b76b28a58c456973b13,full_annotation_v1,A,q_수산물_02,생선,식료품 중 '수산물'을 판매·제공하는 매장,val,수산물,T2 동의어,8157ab6c-d7a6-4465-9137-3650d0077d17,진양2호,생선,소래포구전통어시장,전통시장,인천광역시,,,
d0b9f1bafa85ddb40461,full_annotation_v1,A,q_수산물_02,생선,식료품 중 '수산물'을 판매·제공하는 매장,val,수산물,T2 동의어,9cb15ad5-0b34-41d1-8225-d709b970368e,부자생선,생선,정이있는 구포시장,전통시장,부산광역시,,,
abf0adc0ca13ba26a123,full_annotation_v1,A,q_수산물_02,생선,식료품 중 '수산물'을 판매·제공하는 매장,val,수산물,T2 동의어,1f8c2988-2ede-4047-a51a-4d8a7d4c9317,살아있네 생선,생선,반송큰시장,전통시장,부산광역시,,,
fabb5b7199056441b844,full_annotation_v1,A,q_수산물_02,생선,식료품 중 '수산물'을 판매·제공하는 매장,val,수산물,T2 동의어,43b10902-78a2-403a-a1d7-3f9828313675,바다수산,생선,부안상설시장,전통시장,전북특별자치도,,,
3e0289476a509617dab3,full_annotation_v1,A,q_수산물_02,생선,식료품 중 '수산물'을 판매·제공하는 매장,val,수산물,T2 동의어,00cc4859-307a-43ef-9654-2f6aa6fc404d,서산상회,생선,노량진수산시장골목형상점가,골목형상점가,서울특별시,,,
9803f0c37598214b70fd,full_annotation_v1,A,q_수산물_02,생선,식료품 중 '수산물'을 판매·제공하는 매장,val,수산물,T2 동의어,4312e4ca-269d-4309-ad77-10aeb5fe0d6d,엘리스,옷,㈜르네시떼,전통시장,부산광역시,,,
e0174f892d30ecf32861,full_annotation_v1,A,q_수산물_02,생선,식료품 중 '수산물'을 판매·제공하는 매장,val,수산물,T2 동의어,00bd252b-19f9-4e9a-bf26-b45280bb84ae,선옥상회,생선,고성 공룡시장,전통시장,경상남도,,,
8da7d877a9b6c05feeb1,full_annotation_v1,A,q_수산물_02,생선,식료품 중 '수산물'을 판매·제공하는 매장,val,수산물,T2 동의어,14e876ec-6474-4640-ab63-1a3d40397199,고향생선,생선,장량성도시장,전통시장,경상북도,,,
62fec586c08cc94cf975,full_annotation_v1,A,q_수산물_02,생선,식료품 중 '수산물'을 판매·제공하는 매장,val,수산물,T2 동의어,005eb589-94b0-4a7e-b4e4-ef8cf64b0762,스시쿄다이,일식,동홍8번가 골목형상점가,골목형상점가,제주특별자치도,,,
aca88628b86d64cb01dc,full_annotation_v1,A,q_수산물_02,생선,식료품 중 '수산물'을 판매·제공하는 매장,val,수산물,T2 동의어,3b114ae8-8a20-469c-904d-ff28fac54dc8,고양이한테 맡긴 생선,생선,능곡시장(구 능곡전통시장),전통시장,경기도,,,
c01b150f500a638a2fa5,full_annotation_v1,A,q_수산물_02,생선,식료품 중 '수산물'을 판매·제공하는 매장,val,수산물,T2 동의어,2e08b42e-a449-4799-ad53-ad5991067ebb,한진상회,생선,동문시장㈜,전통시장,제주특별자치도,,,
b243a07c08715e4808e3,full_annotation_v1,A,q_수산물_02,생선,식료품 중 '수산물'을 판매·제공하는 매장,val,수산물,T2 동의어,17f20056-f934-48ce-9ef2-befbe4491b1f,헛개랑생태랑,생선,하남파출소,골목형상점가,광주광역시,,,
7e928b4f932b372cae73,full_annotation_v1,A,q_수산물_02,생선,식료품 중 '수산물'을 판매·제공하는 매장,val,수산물,T2 동의어,4d517883-cd1a-4697-962e-fda3120ea936,바다수산,생선,삼성동시장,기타,서울특별시,,,
59116bcb0ffcfbcfa7bb,full_annotation_v1,A,q_수산물_02,생선,식료품 중 '수산물'을 판매·제공하는 매장,val,수산물,T2 동의어,2968e10b-5cb2-4ee3-998a-00cd13bdff2d,중앙생선,생선,전주신중앙시장(구 중앙버드나무시장),전통시장,전북특별자치도,,,
84ee4531265e1ec5d8cc,full_annotation_v1,A,q_수산물_02,생선,식료품 중 '수산물'을 판매·제공하는 매장,val,수산물,T2 동의어,6c87240d-e4a3-4469-8c49-b5c07a0de2fc,남해수산,생선,중곡제일골목시장(중곡제일전통시장),전통시장,서울특별시,,,
a32c9a4e5067a4040925,full_annotation_v1,A,q_수산물_02,생선,식료품 중 '수산물'을 판매·제공하는 매장,val,수산물,T2 동의어,1ec419ad-ca7c-4c1a-9e06-df967b91e1d4,초록약국,의약품 및 의약외품,두암타운 골목형상점가,골목형상점가,광주광역시,,,
a902cad558c92587794a,full_annotation_v1,A,q_수산물_02,생선,식료품 중 '수산물'을 판매·제공하는 매장,val,수산물,T2 동의어,00527b0b-893c-4d64-862e-3ef8113d07fb,해선언니네,건어물,용상공설시장,전통시장,경상북도,,,
e3a9bc5209659fee84b0,full_annotation_v1,A,q_수산물_02,생선,식료품 중 '수산물'을 판매·제공하는 매장,val,수산물,T2 동의어,00445369-fa3a-4cd3-ae3a-6564876f4199,용수상회,수산물,서문시장건해산물상가,전통시장,대구광역시,,,
b7d7088b20eb6af8f03c,full_annotation_v1,A,q_수산물_02,생선,식료품 중 '수산물'을 판매·제공하는 매장,val,수산물,T2 동의어,ac514d0b-ac7d-47ce-b1d1-8f25eee6aa47,동해수산,생선,소래포구전통어시장,전통시장,인천광역시,,,
3ba38cc8139b7dc47fa6,full_annotation_v1,A,q_수산물_02,생선,식료품 중 '수산물'을 판매·제공하는 매장,val,수산물,T2 동의어,002e7e87-5677-44ca-85c4-9e5b87e7994f,한양수산,생선,안중시장,전통시장,경기도,,,
86cd31ce0382be45f820,full_annotation_v1,A,q_수산물_02,생선,식료품 중 '수산물'을 판매·제공하는 매장,val,수산물,T2 동의어,e553b2cf-0c4e-4396-8f34-25679e77b48a,"고양이, 생선",생선,원주중앙로문화의거리,자율상권구역,강원특별자치도,,,
daea506e1f63f7f6b073,full_annotation_v1,A,q_수산물_02,생선,식료품 중 '수산물'을 판매·제공하는 매장,val,수산물,T2 동의어,ba122c07-ba20-46eb-b7e5-c77027052c82,말집,생선,익산북부시장,전통시장,전북특별자치도,,,
e23a43c5b8a528e33c87,full_annotation_v1,A,q_수산물_02,생선,식료품 중 '수산물'을 판매·제공하는 매장,val,수산물,T2 동의어,8e20f6fe-adf8-47ce-85d7-3ad68c2651dd,하중이네,생선,주문진좌판풍물시장,전통시장,강원특별자치도,,,
fa9a8bb78aa89865c8ac,full_annotation_v1,A,q_수산물_02,생선,식료품 중 '수산물'을 판매·제공하는 매장,val,수산물,T2 동의어,03cbd591-5ee7-4f9b-842e-8dc427925406,신흥상회,어물,상주중앙시장,전통시장,경상북도,,,
3e4d4a5449631540a8c2,full_annotation_v1,A,q_수산물_02,생선,식료품 중 '수산물'을 판매·제공하는 매장,val,수산물,T2 동의어,7632e453-2ddc-40f0-91db-64bb21a9bfc5,희야네 생선,생선,흥해시장,전통시장,경상북도,,,
147f418b53a690781be5,full_annotation_v1,A,q_수산물_02,생선,식료품 중 '수산물'을 판매·제공하는 매장,val,수산물,T2 동의어,40b5cc4d-87a5-4b51-9422-011351c0a7a5,보성수산,생선,전주신중앙시장(구 중앙버드나무시장),전통시장,전북특별자치도,,,
a3e1ad661521656b2a98,full_annotation_v1,A,q_수산물_02,생선,식료품 중 '수산물'을 판매·제공하는 매장,val,수산물,T2 동의어,227f2869-73cd-432c-bb40-e36e9c8225e2,바다수산,생선,전주신중앙시장(구 중앙버드나무시장),전통시장,전북특별자치도,,,
c6ef48084dbc6f7eb676,full_annotation_v1,A,q_수산물_02,생선,식료품 중 '수산물'을 판매·제공하는 매장,val,수산물,T2 동의어,74ea4108-de34-47d6-a688-c2064d358c3e,신이네,"작업복, 안전용품등",전주신중앙시장(구 중앙버드나무시장),전통시장,전북특별자치도,,,
e3feba6b54260e9920c0,full_annotation_v1,A,q_수산물_02,생선,식료품 중 '수산물'을 판매·제공하는 매장,val,수산물,T2 동의어,e42141fa-0150-4762-b15f-7bfe02302ed8,곰수산유통,생선,전주신중앙시장(구 중앙버드나무시장),전통시장,전북특별자치도,,,
f477c88fd67ab8fbe97a,full_annotation_v1,A,q_수산물_02,생선,식료품 중 '수산물'을 판매·제공하는 매장,val,수산물,T2 동의어,b298c190-4e7e-4534-9a02-da6935bf6bb3,경북생선,생선,태백시장,전통시장,대구광역시,,,
2912b5bd02ee5104e8de,full_annotation_v1,A,q_수산물_02,생선,식료품 중 '수산물'을 판매·제공하는 매장,val,수산물,T2 동의어,43a3b0f3-89a6-4c95-8b38-71faf5b4c6a8,해물나라,어패류,사천 삼천포용궁수산시장,전통시장,경상남도,,,
4c3adedd6d1b2bdac307,full_annotation_v1,A,q_수산물_02,생선,식료품 중 '수산물'을 판매·제공하는 매장,val,수산물,T2 동의어,d567cf9f-8ef9-4a14-ba46-dc840ab38c50,남해수산,생선,졸락코지 골목형상점가,골목형상점가,제주특별자치도,,,
fe5db4a9cb3728e550d8,full_annotation_v1,A,q_수산물_02,생선,식료품 중 '수산물'을 판매·제공하는 매장,val,수산물,T2 동의어,00a0d437-836b-453d-b15e-55fbf7dc8460,대박수산,생선,청주육거리종합시장,전통시장,충청북도,,,
7258f3fc2a251e1672b7,full_annotation_v1,A,q_수산물_02,생선,식료품 중 '수산물'을 판매·제공하는 매장,val,수산물,T2 동의어,005429a3-030e-492f-973c-1d5842eeac56,미래횟집,활어,사천 삼천포용궁수산시장,전통시장,경상남도,,,
2c16229712e8a974c12c,full_annotation_v1,A,q_수산물_02,생선,식료품 중 '수산물'을 판매·제공하는 매장,val,수산물,T2 동의어,9fbaca55-9738-4b29-acf4-b7699736a361,행렬수산,생선,목포자유시장,전통시장,전라남도,,,
14e3f401f504b3c166cc,full_annotation_v1,A,q_수산물_02,생선,식료품 중 '수산물'을 판매·제공하는 매장,val,수산물,T2 동의어,004d071d-dda6-41e4-9fcb-7c74c8f8ef0f,영남상회,건어물,수영팔도시장(구 수영팔도상가시장),전통시장,부산광역시,,,
50f6470fdcd5807369e3,full_annotation_v1,A,q_수산물_02,생선,식료품 중 '수산물'을 판매·제공하는 매장,val,수산물,T2 동의어,dced72bc-6355-48c0-a88c-7384c6ffcb4a,에리카네일,네일,법원단지길골목형상점가,골목형상점가,서울특별시,,,
21b348ac08bd923d36da,full_annotation_v1,A,q_수산물_02,생선,식료품 중 '수산물'을 판매·제공하는 매장,val,수산물,T2 동의어,0016aa1a-5730-45a0-b427-06b0f51fc005,든든한밥상,농수산물,화산면 골목형상점가,골목형상점가,전라남도,,,
28b73b9bf576b35b7df7,full_annotation_v1,A,q_수산물_02,생선,식료품 중 '수산물'을 판매·제공하는 매장,val,수산물,T2 동의어,007aece5-08b8-4eb0-b4c6-18d451eadcfd,영남상회,건어물,동쪽바다중앙시장(구 동해중앙시장),전통시장,강원특별자치도,,,
1f936215a13bb3f36b21,full_annotation_v1,A,q_수산물_02,생선,식료품 중 '수산물'을 판매·제공하는 매장,val,수산물,T2 동의어,bb999492-b70e-457b-b9ed-dceadb399a73,동해수산,생선,노량진수산시장골목형상점가,골목형상점가,서울특별시,,,
d78885fd25224c94be01,full_annotation_v1,A,q_수산물_02,생선,식료품 중 '수산물'을 판매·제공하는 매장,val,수산물,T2 동의어,512effaa-eff9-47bd-8665-687c2ca48ced,창운횟집,생선,금당상가,자율상권구역,전라남도,,,
f91f6b9b67428e21f283,full_annotation_v1,A,q_수산물_02,생선,식료품 중 '수산물'을 판매·제공하는 매장,val,수산물,T2 동의어,0c7008da-69b1-433b-baab-e546f219721d,재환A,생선,청량리수산시장,전통시장,서울특별시,,,
eac45a3558a83ebaafc3,full_annotation_v1,A,q_수산물_02,생선,식료품 중 '수산물'을 판매·제공하는 매장,val,수산물,T2 동의어,d27a273a-8262-4a48-b1c7-eb3c0592d0fd,모자상회,생선,신금정시장 골목형 상점가,골목형상점가,부산광역시,,,
55f6fe3e1885fc0b3853,full_annotation_v1,A,q_수산물_02,생선,식료품 중 '수산물'을 판매·제공하는 매장,val,수산물,T2 동의어,0333f16c-ff56-4e80-a1c7-dd77a81300df,로봇초밥마켓 과천래미안점,초밥,과천슈르탑 골목형상점가,골목형상점가,경기도,,,
feb75b6a9528ccf07c10,full_annotation_v1,A,q_수산물_02,생선,식료품 중 '수산물'을 판매·제공하는 매장,val,수산물,T2 동의어,009b69b5-365a-4958-87e7-f224f253b92a,동문올레횟집,횟집,동문수산시장,전통시장,제주특별자치도,,,
a0ecf13782f246778353,full_annotation_v1,A,q_수산물_02,생선,식료품 중 '수산물'을 판매·제공하는 매장,val,수산물,T2 동의어,684f1e8d-56c9-4119-b205-763c289962c9,영미네 생선,생선,대전정원시장,전통시장,대전광역시,,,
3fecc0a962157e866f1f,full_annotation_v1,A,q_수산물_02,생선,식료품 중 '수산물'을 판매·제공하는 매장,val,수산물,T2 동의어,d53a5204-8b00-42ec-9907-16d62c175b86,영천갈비,"한식, 고기류",병점중심상가,자율상권구역,경기도,,,
205120cbb1aa707f74b9,full_annotation_v1,A,q_수산물_02,생선,식료품 중 '수산물'을 판매·제공하는 매장,val,수산물,T2 동의어,702b80bd-a1a5-46af-a7e8-2296bc752468,바다수산,생선,마포농수산물시장,전통시장,서울특별시,,,
4331bced624180ddf18d,full_annotation_v1,A,q_수산물_02,생선,식료품 중 '수산물'을 판매·제공하는 매장,val,수산물,T2 동의어,af3c7411-a48f-484c-bbd1-45aabbdac275,민지네 생선,생선,의정부제일시장,전통시장,경기도,,,
f495d8a1bce9c7084928,full_annotation_v1,A,q_수산물_02,생선,식료품 중 '수산물'을 판매·제공하는 매장,val,수산물,T2 동의어,57f21678-123d-46b7-aca2-39c04f9ab3bf,인환수산,생선,소래포구전통어시장,전통시장,인천광역시,,,
0e1323b0229b4ee47ef1,full_annotation_v1,A,q_수산물_02,생선,식료품 중 '수산물'을 판매·제공하는 매장,val,수산물,T2 동의어,01286ec0-50e0-4540-b678-ec706fb3bcbb,설곰식당,식당,산업용재관,전통시장,대구광역시,,,
9c6422e083088d970376,full_annotation_v1,A,q_수산물_02,생선,식료품 중 '수산물'을 판매·제공하는 매장,val,수산물,T2 동의어,4b0a950c-d9a5-4b33-8e35-7802931983f7,신영생선,생선,익산북부시장,전통시장,전북특별자치도,,,
bb5f0181af8b406dd5d5,full_annotation_v1,A,q_수산물_02,생선,식료품 중 '수산물'을 판매·제공하는 매장,val,수산물,T2 동의어,1390b4f5-bf4e-4187-a276-51180eadd875,으뜸생선,생선,내토전통시장,전통시장,충청북도,,,
fbec546c715f4ea9db7e,full_annotation_v1,A,q_수산물_03,생선가게,식료품 중 '수산물'을 판매·제공하는 매장,val,수산물,T2 동의어,46b87ca3-96d0-437d-a35e-32807787080a,생선가게,수산물,장성중앙시장,전통시장,강원특별자치도,,,
8215218d39b0527c3995,full_annotation_v1,A,q_수산물_03,생선가게,식료품 중 '수산물'을 판매·제공하는 매장,val,수산물,T2 동의어,faa4dbc5-691a-464d-affe-5e1fa3fb58c3,생선가게,도소매업(상품중개(생선)),발안만세시장(구 발안시장),전통시장,경기도,,,
0d4f933696e8b48f1b40,full_annotation_v1,A,q_수산물_03,생선가게,식료품 중 '수산물'을 판매·제공하는 매장,val,수산물,T2 동의어,769381ed-3edd-49af-b525-a4985241b0c6,자갈치생선가게,생선,부산공동어시장상점가,자율상권구역,부산광역시,,,
a1947d1cde6e0d35dc42,full_annotation_v1,A,q_수산물_03,생선가게,식료품 중 '수산물'을 판매·제공하는 매장,val,수산물,T2 동의어,0027eaf6-093b-4df4-9457-4f1081537ff3,충무꼭지횟집,횟집,초량전통시장,전통시장,부산광역시,,,
878f85bfd352b4b1e32b,full_annotation_v1,A,q_수산물_03,생선가게,식료품 중 '수산물'을 판매·제공하는 매장,val,수산물,T2 동의어,6d943d4e-358f-4d3c-980e-21ce9c742695,우리동네생선가게,수산물,나주혁신도시 골목형상점가,골목형상점가,전라남도,,,
e7bcdb31c633ed6ff53b,full_annotation_v1,A,q_수산물_03,생선가게,식료품 중 '수산물'을 판매·제공하는 매장,val,수산물,T2 동의어,0a54d968-5fce-42be-b1c3-83e9e2bbf180,현대청과,농산물,마포농수산물시장,전통시장,서울특별시,,,
9b046aee016369f68b3b,full_annotation_v1,A,q_수산물_03,생선가게,식료품 중 '수산물'을 판매·제공하는 매장,val,수산물,T2 동의어,03cbd591-5ee7-4f9b-842e-8dc427925406,신흥상회,어물,상주중앙시장,전통시장,경상북도,,,
8c82afbb6eddfd3c8485,full_annotation_v1,A,q_수산물_03,생선가게,식료품 중 '수산물'을 판매·제공하는 매장,val,수산물,T2 동의어,00cd5dee-c068-48da-bc58-a704d5fe8832,윤석수산,수산물 활어회 생선 게종류 젓갈 갑각류 해산물 등등,대공원시장,전통시장,대구광역시,,,
75840795b75985f9ef87,full_annotation_v1,A,q_수산물_03,생선가게,식료품 중 '수산물'을 판매·제공하는 매장,val,수산물,T2 동의어,f6cbfb62-126f-4ef4-8940-f619acab19b6,논산인삼연쇄점,인삼,논산화지중앙시장,전통시장,충청남도,,,
afc308a7fb1ee814e1f2,full_annotation_v1,A,q_수산물_03,생선가게,식료품 중 '수산물'을 판매·제공하는 매장,val,수산물,T2 동의어,0ec86c0f-be78-4815-b378-8be301c80264,명륜당서점,서적,백년소상공인,기타,충청북도,,,
208e9098be1d21fa1fa9,full_annotation_v1,A,q_수산물_03,생선가게,식료품 중 '수산물'을 판매·제공하는 매장,val,수산물,T2 동의어,8858d4ce-7b97-4269-9680-7aa2b651e8ed,선미네생선가게,생선,북수원시장( 구 파장시장),전통시장,경기도,,,
d3fe5dcb4d854910e012,full_annotation_v1,A,q_수산물_03,생선가게,식료품 중 '수산물'을 판매·제공하는 매장,val,수산물,T2 동의어,b2c9baa9-b5de-4561-b6f0-7c3ca6ccc305,우리동네 생선가게 삼미수산,"도매및소매업(생선,젓갈,어패류)",시흥삼미시장,전통시장,경기도,,,
1c5cd5894eae9cd6e311,full_annotation_v1,A,q_수산물_03,생선가게,식료품 중 '수산물'을 판매·제공하는 매장,val,수산물,T2 동의어,0004c5f7-95e0-45be-9f06-a705b8113ff0,의창수협67번중도매인,활어,진해 용원어시장상점가,자율상권구역,경상남도,,,
5cccf6002e0a8edcacdf,full_annotation_v1,A,q_수산물_03,생선가게,식료품 중 '수산물'을 판매·제공하는 매장,val,수산물,T2 동의어,9cdbc05e-dc4f-4e5c-a70e-5213ac6dbdb0,대원수산,생선가게,구룡포시장,전통시장,경상북도,,,
596072671898744fd434,full_annotation_v1,A,q_수산물_03,생선가게,식료품 중 '수산물'을 판매·제공하는 매장,val,수산물,T2 동의어,008cfdc1-610a-407a-a03b-4c6dae7106f4,주영수산,활어,목포북항상점가,자율상권구역,전라남도,,,
7675bedcec5392b9f48a,full_annotation_v1,A,q_수산물_03,생선가게,식료품 중 '수산물'을 판매·제공하는 매장,val,수산물,T2 동의어,002e7e87-5677-44ca-85c4-9e5b87e7994f,한양수산,생선,안중시장,전통시장,경기도,,,
b845a1e4bf1fdb5fad4a,full_annotation_v1,A,q_수산물_03,생선가게,식료품 중 '수산물'을 판매·제공하는 매장,val,수산물,T2 동의어,b4f2186a-46c2-4e3e-9a68-01937776ca2f,연숙이네생선가게,건어물,완도전통시장(완도5일시장),전통시장,전라남도,,,
4836c38504889627cb3c,full_annotation_v1,A,q_수산물_03,생선가게,식료품 중 '수산물'을 판매·제공하는 매장,val,수산물,T2 동의어,01286ec0-50e0-4540-b678-ec706fb3bcbb,설곰식당,식당,산업용재관,전통시장,대구광역시,,,
0cda4f60085797e431ad,full_annotation_v1,A,q_수산물_03,생선가게,식료품 중 '수산물'을 판매·제공하는 매장,val,수산물,T2 동의어,d95e28a6-8856-4965-9b7b-e239fbf2f895,구담농약사,농약비료,안동구담시장,전통시장,경상북도,,,
96e80242bdbce89ec036,full_annotation_v1,A,q_수산물_03,생선가게,식료품 중 '수산물'을 판매·제공하는 매장,val,수산물,T2 동의어,36d3672e-eb6d-4ad3-90cd-5c6df33d2f08,부여원예,식자재,마포농수산물시장,전통시장,서울특별시,,,
aeb1c483dcf600b309cb,full_annotation_v1,A,q_수산물_03,생선가게,식료품 중 '수산물'을 판매·제공하는 매장,val,수산물,T2 동의어,009b69b5-365a-4958-87e7-f224f253b92a,동문올레횟집,횟집,동문수산시장,전통시장,제주특별자치도,,,
2d3c144cca01c26220da,full_annotation_v1,A,q_수산물_03,생선가게,식료품 중 '수산물'을 판매·제공하는 매장,val,수산물,T2 동의어,4988d5c0-160c-4264-8841-13e020a8d566,정아네생선가게,생선,웃장,전통시장,전라남도,,,
22a86af4f9cc47b1123b,full_annotation_v1,A,q_수산물_03,생선가게,식료품 중 '수산물'을 판매·제공하는 매장,val,수산물,T2 동의어,ba43612b-ce92-4c84-98e8-8f3f1ee1b406,푸른생선가게,소매(생선),비단길현대시장,전통시장,서울특별시,,,
058a351428ed2735e170,full_annotation_v1,A,q_수산물_03,생선가게,식료품 중 '수산물'을 판매·제공하는 매장,val,수산물,T2 동의어,005eb589-94b0-4a7e-b4e4-ef8cf64b0762,스시쿄다이,일식,동홍8번가 골목형상점가,골목형상점가,제주특별자치도,,,
b575bd8e30bf69b3f409,full_annotation_v1,A,q_수산물_03,생선가게,식료품 중 '수산물'을 판매·제공하는 매장,val,수산물,T2 동의어,00a40df6-e218-4c9e-951f-b2c1a3ee676e,영흥수산,생선,가락몰골목형상점가,골목형상점가,서울특별시,,,
34250f8789f917b2c7a9,full_annotation_v1,A,q_수산물_03,생선가게,식료품 중 '수산물'을 판매·제공하는 매장,val,수산물,T2 동의어,35cf2d69-ba17-4590-b7f4-44ee2bf423bb,숙이네생선가게,생선,기장시장,전통시장,부산광역시,,,
84f1a53f3ef5f07dd495,full_annotation_v1,A,q_수산물_03,생선가게,식료품 중 '수산물'을 판매·제공하는 매장,val,수산물,T2 동의어,269ae136-bca9-4912-95ed-c269260ac75e,총각네 생선가게,반건조생선 먹갈치 참조기 병어,목포청호시장,전통시장,전라남도,,,
3c3b73c96d643c886085,full_annotation_v1,A,q_수산물_03,생선가게,식료품 중 '수산물'을 판매·제공하는 매장,val,수산물,T2 동의어,a9c7f7f1-6f8b-4c45-ac07-e4b894859952,기섭이네생선가게,생선,새마을시장,전통시장,서울특별시,,,
27123e3a1ef8dee9be30,full_annotation_v1,A,q_수산물_03,생선가게,식료품 중 '수산물'을 판매·제공하는 매장,val,수산물,T2 동의어,1ff7ef01-0006-44c1-9d7c-d0ec93bd917a,우리집생선가게,,익산장(구 북부장),전통시장,전북특별자치도,,,
ac0d1a01f208f637a110,full_annotation_v1,A,q_수산물_03,생선가게,식료품 중 '수산물'을 판매·제공하는 매장,val,수산물,T2 동의어,010c1855-b46f-4e37-b975-8115c4249b0f,용궁횟집,,자갈치시장,전통시장,부산광역시,,,
e6a97473be310730328c,full_annotation_v1,A,q_수산물_03,생선가게,식료품 중 '수산물'을 판매·제공하는 매장,val,수산물,T2 동의어,3968be8a-e03e-4a3e-bf45-d6d923a56c75,혜미네 생선가게,수산물,남천해변시장,전통시장,부산광역시,,,
4db35b90c86bcef78b88,full_annotation_v1,A,q_수산물_03,생선가게,식료품 중 '수산물'을 판매·제공하는 매장,val,수산물,T2 동의어,333fa307-f61c-45a8-a79b-93fff676095e,대명어물,어물,서귀포향토오일시장,전통시장,제주특별자치도,,,
008f76da55a1973acd71,full_annotation_v1,A,q_수산물_03,생선가게,식료품 중 '수산물'을 판매·제공하는 매장,val,수산물,T2 동의어,00bd252b-19f9-4e9a-bf26-b45280bb84ae,선옥상회,생선,고성 공룡시장,전통시장,경상남도,,,
204a4ecf4f3dac732322,full_annotation_v1,A,q_수산물_03,생선가게,식료품 중 '수산물'을 판매·제공하는 매장,val,수산물,T2 동의어,0130dbd3-b9ea-43f4-98fd-26d8afd90b78,모래내시장순대,식당,전주모래내시장,전통시장,전북특별자치도,,,
f3717458f9e09621f5f5,full_annotation_v1,A,q_수산물_03,생선가게,식료품 중 '수산물'을 판매·제공하는 매장,val,수산물,T2 동의어,00356e71-7b15-4a42-be60-f232011707b8,유한회사 덕재건재,건어물,가락몰골목형상점가,골목형상점가,서울특별시,,,
b739cd63b37d7cbca999,full_annotation_v1,A,q_수산물_03,생선가게,식료품 중 '수산물'을 판매·제공하는 매장,val,수산물,T2 동의어,f2fa327e-e6c8-4be1-80f7-0fafc0eb3d68,생선가게,생선,동문시장,전통시장,충청북도,,,
5494753f66acd7dbb732,full_annotation_v1,A,q_수산물_03,생선가게,식료품 중 '수산물'을 판매·제공하는 매장,val,수산물,T2 동의어,1377b677-9d21-4a9b-a28e-cb4614aa239d,영산포생선가게,도소매(생선류),마천중앙시장,전통시장,서울특별시,,,
88b70d2cfe030031f316,full_annotation_v1,A,q_수산물_03,생선가게,식료품 중 '수산물'을 판매·제공하는 매장,val,수산물,T2 동의어,810a21af-d258-40f3-b279-840c9cfc5da6,해양씨위드,수산물,서울중부시장,전통시장,서울특별시,,,
76d0d9508bc4758803dc,full_annotation_v1,A,q_수산물_03,생선가게,식료품 중 '수산물'을 판매·제공하는 매장,val,수산물,T2 동의어,cc921952-24f7-4097-bab7-badd0a78b573,역전할머니맥주,,배방세교 골목형상점가,골목형상점가,충청남도,,,
13407326099468e54b85,full_annotation_v1,A,q_수산물_03,생선가게,식료품 중 '수산물'을 판매·제공하는 매장,val,수산물,T2 동의어,001ec0bf-0eda-4aa8-8efc-a90930649cf5,원프룻,농수산물,정이있는 구포시장,전통시장,부산광역시,,,
f53df60ca977c1bf0963,full_annotation_v1,A,q_수산물_03,생선가게,식료품 중 '수산물'을 판매·제공하는 매장,val,수산물,T2 동의어,3b5143ce-3716-49b5-a448-1e96c800126c,주식회사 자연미트,정육,남부종합시장,전통시장,인천광역시,,,
74ed1f53b1a66a2bd42e,full_annotation_v1,A,q_수산물_03,생선가게,식료품 중 '수산물'을 판매·제공하는 매장,val,수산물,T2 동의어,c9b22b1d-2077-41cc-bbe5-7c68bf8dc7fb,꼬꼬생선가게,생선,하동 진교공설시장,전통시장,경상남도,,,
caf25cefb9a7be1b1e85,full_annotation_v1,A,q_수산물_03,생선가게,식료품 중 '수산물'을 판매·제공하는 매장,val,수산물,T2 동의어,315e0ae4-48ca-4462-9a34-92a07f1aceec,봉쌤 생선가게,"신선, 냉동",방어진항 골목형상점가,골목형상점가,울산광역시,,,
b724f64d11ba594a1d84,full_annotation_v1,A,q_수산물_03,생선가게,식료품 중 '수산물'을 판매·제공하는 매장,val,수산물,T2 동의어,004032ef-2ae7-4e97-ac30-b12a0869e930,시장횟집,횟집,광양매일시장(광양상설시장),전통시장,전라남도,,,
b1e0141a8f5f61571538,full_annotation_v1,A,q_수산물_03,생선가게,식료품 중 '수산물'을 판매·제공하는 매장,val,수산물,T2 동의어,920c3491-0cdd-40dd-ae6d-73a989df2566,대구생선가게,대구,감포시장,전통시장,경상북도,,,
fb336c13fd5a14d8f151,full_annotation_v1,A,q_수산물_03,생선가게,식료품 중 '수산물'을 판매·제공하는 매장,val,수산물,T2 동의어,013d58c8-33f8-4dbe-95de-801d22ea9505,민영활어공장 부천자유시장점,"회, 초밥",부천자유시장,전통시장,경기도,,,
6a5de1bf1326ae3e4ab8,full_annotation_v1,A,q_수산물_03,생선가게,식료품 중 '수산물'을 판매·제공하는 매장,val,수산물,T2 동의어,0019e966-8007-4603-957c-4e9adcd1f05a,부남수산,수산물,서산동부전통시장,전통시장,충청남도,,,
d874eb3c6a780f024030,full_annotation_v1,A,q_수산물_03,생선가게,식료품 중 '수산물'을 판매·제공하는 매장,val,수산물,T2 동의어,9ec0c0a7-d449-4d9e-898e-f9c06ffa90e5,마을생선가게,수산물,새마을시장,전통시장,서울특별시,,,
daf12a353d7bfc6adc07,full_annotation_v1,A,q_수산물_03,생선가게,식료품 중 '수산물'을 판매·제공하는 매장,val,수산물,T2 동의어,4c6d21a2-8bc2-49e7-bb5d-13bd25c9f7be,대지상회,잡화,양주가래비중앙로상점가,골목형상점가,경기도,,,
fce324a756417b521a97,full_annotation_v1,A,q_수산물_03,생선가게,식료품 중 '수산물'을 판매·제공하는 매장,val,수산물,T2 동의어,ab92020b-1fa3-4351-9322-28a848b6d0f5,우리동네 생선가게,생선,장터길 골목형상점가,골목형상점가,경기도,,,
d50daed50a7993711fe3,full_annotation_v1,A,q_수산물_03,생선가게,식료품 중 '수산물'을 판매·제공하는 매장,val,수산물,T2 동의어,0333f16c-ff56-4e80-a1c7-dd77a81300df,로봇초밥마켓 과천래미안점,초밥,과천슈르탑 골목형상점가,골목형상점가,경기도,,,
586626335ab7beb90daf,full_annotation_v1,A,q_수산물_03,생선가게,식료품 중 '수산물'을 판매·제공하는 매장,val,수산물,T2 동의어,3a51a8da-a810-424e-882d-f9d4cc6f0b31,생선가게,수산물,우림골목시장,전통시장,서울특별시,,,
0364917901342e259d38,full_annotation_v1,A,q_수산물_03,생선가게,식료품 중 '수산물'을 판매·제공하는 매장,val,수산물,T2 동의어,e671a54b-686e-448b-9474-308ac2f4cef9,영희네 생선가게,생선,울산번개시장,전통시장,울산광역시,,,
9efedee2ae10363e3524,full_annotation_v1,A,q_수산물_03,생선가게,식료품 중 '수산물'을 판매·제공하는 매장,val,수산물,T2 동의어,d1d0cdb1-b639-47fe-b21b-ba07127e8327,쿨가이첨단2지구점,아이스크림,첨단2지구 골목형상점가,골목형상점가,광주광역시,,,
9900260c5ef3946a53ec,full_annotation_v1,A,q_수산물_03,생선가게,식료품 중 '수산물'을 판매·제공하는 매장,val,수산물,T2 동의어,d7de8ae7-f6c3-4fd5-bd32-3466898897f7,컴포즈커피 신매시장점,커피 외,신매시장,전통시장,대구광역시,,,
d9b038ead6a225843940,full_annotation_v1,A,q_수산물_03,생선가게,식료품 중 '수산물'을 판매·제공하는 매장,val,수산물,T2 동의어,fa2e1545-d3ff-432a-9dbe-e555ae247889,강진그릇,"그릇, 주방용품",양동시장,전통시장,광주광역시,,,
dfcb72287ff205eddd6d,full_annotation_v1,A,q_수산물_03,생선가게,식료품 중 '수산물'을 판매·제공하는 매장,val,수산물,T2 동의어,30d5afbc-fd4b-49bb-9e1c-2469652e5921,추씨어물점,어물,영천공설시장,전통시장,경상북도,,,
e84f69d904734941dce1,full_annotation_v1,A,q_수산물_03,생선가게,식료품 중 '수산물'을 판매·제공하는 매장,val,수산물,T2 동의어,005429a3-030e-492f-973c-1d5842eeac56,미래횟집,활어,사천 삼천포용궁수산시장,전통시장,경상남도,,,
6d2a0d7ffe7ce3d58c90,full_annotation_v1,A,q_수산물_03,생선가게,식료품 중 '수산물'을 판매·제공하는 매장,val,수산물,T2 동의어,00445369-fa3a-4cd3-ae3a-6564876f4199,용수상회,수산물,서문시장건해산물상가,전통시장,대구광역시,,,
28b9153db9e3cf7d3dd5,full_annotation_v1,A,q_수산물_03,생선가게,식료품 중 '수산물'을 판매·제공하는 매장,val,수산물,T2 동의어,00779863-22b7-4378-adca-42362eff7e3f,장복횟집.수산,생선회,"안면도수산시장(구, 안면도장터)",전통시장,충청남도,,,
fc41fd2dd1acb2aa9eed,full_annotation_v1,A,q_수산물_03,생선가게,식료품 중 '수산물'을 판매·제공하는 매장,val,수산물,T2 동의어,7aa43293-3821-4031-a9b1-451f1348f433,동네생선가게,수산물,풍암벚꽃길상인회 골목형상점가,골목형상점가,광주광역시,,,
04b65bf568d878977921,full_annotation_v1,A,q_수산물_03,생선가게,식료품 중 '수산물'을 판매·제공하는 매장,val,수산물,T2 동의어,009fbffe-11b3-4eba-b65a-696f4f59f079,인어횟집,횟집,목포북항상점가,자율상권구역,전라남도,,,
bcfda60d4a5be27a60cb,full_annotation_v1,A,q_수산물_03,생선가게,식료품 중 '수산물'을 판매·제공하는 매장,val,수산물,T2 동의어,f72a0ccb-f9fe-4883-96d7-3d5a672c82e2,삼촌네 생선가게,"생선, 어패류",목포동부시장,전통시장,전라남도,,,
14ef50463c9adcabd963,full_annotation_v1,A,q_수산물_03,생선가게,식료품 중 '수산물'을 판매·제공하는 매장,val,수산물,T2 동의어,004d071d-dda6-41e4-9fcb-7c74c8f8ef0f,영남상회,건어물,수영팔도시장(구 수영팔도상가시장),전통시장,부산광역시,,,
971339e7db70cbd62b99,full_annotation_v1,A,q_수산물_03,생선가게,식료품 중 '수산물'을 판매·제공하는 매장,val,수산물,T2 동의어,016ddf29-de07-40e1-a642-8c2a45a6f19d,연희어시장,횟집,연희로 골목형상점가,골목형상점가,인천광역시,,,
c8efc436dd982e9f6788,full_annotation_v1,A,q_수산물_03,생선가게,식료품 중 '수산물'을 판매·제공하는 매장,val,수산물,T2 동의어,0016aa1a-5730-45a0-b427-06b0f51fc005,든든한밥상,농수산물,화산면 골목형상점가,골목형상점가,전라남도,,,
66535cf3da5760bee9ec,full_annotation_v1,A,q_수산물_03,생선가게,식료품 중 '수산물'을 판매·제공하는 매장,val,수산물,T2 동의어,01afaafa-2a46-4977-8015-55762957ee7a,다래초밥,초밥,동문동 골목형상점가,골목형상점가,충청남도,,,
83e80ee110fabe68cae1,full_annotation_v1,A,q_수산물_03,생선가게,식료품 중 '수산물'을 판매·제공하는 매장,val,수산물,T2 동의어,65119698-0626-42bb-a45c-4dd819846c06,욱이네 생선가게,생선,조원시장,전통시장,경기도,,,
a3a2046742b0b933baa0,full_annotation_v1,A,q_수산물_03,생선가게,식료품 중 '수산물'을 판매·제공하는 매장,val,수산물,T2 동의어,4b72e8f8-17b1-4bea-ba72-fb03413724d8,우리동네 생선가게,수산물,삼례상점가,자율상권구역,전북특별자치도,,,
e38f7c4affe3cb98af30,full_annotation_v1,A,q_수산물_03,생선가게,식료품 중 '수산물'을 판매·제공하는 매장,val,수산물,T2 동의어,00fcc68d-3086-4b45-b998-f3763e8dbf7d,꼬치마요 산본역점(9호점),일식,산본로데오거리(구 산본중심상가),자율상권구역,경기도,,,
2f093ec999f11aea4ae0,full_annotation_v1,A,q_수산물_03,생선가게,식료품 중 '수산물'을 판매·제공하는 매장,val,수산물,T2 동의어,00ba389b-e522-4da5-ac26-2ffaf33359ec,스시노유키,초밥,산본로데오거리(구 산본중심상가),자율상권구역,경기도,,,
9f3e5030894625dda544,full_annotation_v1,A,q_수산물_03,생선가게,식료품 중 '수산물'을 판매·제공하는 매장,val,수산물,T2 동의어,f55141e1-86e1-45e2-bbba-4de8ddf45164,이씨네생선가게,수산물,서산동부전통시장,전통시장,충청남도,,,
0db3592cc55f4ef6a0eb,full_annotation_v1,A,q_수산물_03,생선가게,식료품 중 '수산물'을 판매·제공하는 매장,val,수산물,T2 동의어,372fe992-c835-4e24-b41b-79dc5cd86284,죽은척하는생선가게,수산물,사직시장,전통시장,부산광역시,,,
b93f9471a94c7a5871c5,full_annotation_v1,A,q_수산물_03,생선가게,식료품 중 '수산물'을 판매·제공하는 매장,val,수산물,T2 동의어,00298213-17ea-453a-b6e6-375d9ef636b6,대양농수산,농수산물,부평깡시장,전통시장,인천광역시,,,
eee78e79ef5492e7a79f,full_annotation_v1,A,q_수산물_03,생선가게,식료품 중 '수산물'을 판매·제공하는 매장,val,수산물,T2 동의어,11e2c3e3-d170-49d6-bc52-77d4f5daef55,찌니네 생선가게,수산물,덕풍전통시장,전통시장,경기도,,,
42390f16b3fda9befd2d,full_annotation_v1,A,q_수산물_03,생선가게,식료품 중 '수산물'을 판매·제공하는 매장,val,수산물,T2 동의어,007aece5-08b8-4eb0-b4c6-18d451eadcfd,영남상회,건어물,동쪽바다중앙시장(구 동해중앙시장),전통시장,강원특별자치도,,,
051ba377e55543caa57a,full_annotation_v1,A,q_수산물_03,생선가게,식료품 중 '수산물'을 판매·제공하는 매장,val,수산물,T2 동의어,02154607-4d89-4ae5-ad98-7452ebaf1baf,김해할매생선가게,생선,수영팔도시장(구 수영팔도상가시장),전통시장,부산광역시,,,
13fcd6715ed829938ea3,full_annotation_v1,A,q_수산물_03,생선가게,식료품 중 '수산물'을 판매·제공하는 매장,val,수산물,T2 동의어,00ac75c4-6e3f-4d23-8a6a-1dc8ba294b85,우진수산,"수산물, 활어",효자시장,전통시장,경상북도,,,
b32e3e9b794b409171ee,full_annotation_v1,A,q_수산물_03,생선가게,식료품 중 '수산물'을 판매·제공하는 매장,val,수산물,T2 동의어,5a1261cc-3882-4c42-8f25-6b1092b5ee20,생선가게,생선,중리시장,전통시장,대전광역시,,,
b5fa4ef41bea5e46a999,full_annotation_v1,A,q_수산물_03,생선가게,식료품 중 '수산물'을 판매·제공하는 매장,val,수산물,T2 동의어,704fe731-e3fd-42ac-bdf6-95beed55dda9,지민이네생선가게,선어,강릉성남시장,전통시장,강원특별자치도,,,
baf0f62e345dc3335fa4,full_annotation_v1,A,q_수산물_03,생선가게,식료품 중 '수산물'을 판매·제공하는 매장,val,수산물,T2 동의어,038f89c5-a204-4c80-9e31-9d22a3ba4c95,연스시,초밥,노은역 골목형상점가,골목형상점가,대전광역시,,,
209f9577855513863ac2,full_annotation_v1,A,q_수산물_03,생선가게,식료품 중 '수산물'을 판매·제공하는 매장,val,수산물,T2 동의어,9518f00a-5b47-4212-af27-954d31e6b8cf,지연이네생선가게,생선,고성시장,전통시장,경상남도,,,
6efb7e942d55f7b29132,full_annotation_v1,A,q_수산물_03,생선가게,식료품 중 '수산물'을 판매·제공하는 매장,val,수산물,T2 동의어,b508cbee-aa69-4464-a9ba-502a8fc9e472,중흥골토박이,한식,오월첫동네 골목형상점가,골목형상점가,광주광역시,,,
f699dd95f2f73e357aec,full_annotation_v1,A,q_수산물_03,생선가게,식료품 중 '수산물'을 판매·제공하는 매장,val,수산물,T2 동의어,00e04e3d-cb00-4d64-a13d-a9c02f9a4fc8,대림수산,활어,자갈치시장,전통시장,부산광역시,,,
8e1d1719a49276733e9c,full_annotation_v1,A,q_수산물_03,생선가게,식료품 중 '수산물'을 판매·제공하는 매장,val,수산물,T2 동의어,00a0d437-836b-453d-b15e-55fbf7dc8460,대박수산,생선,청주육거리종합시장,전통시장,충청북도,,,
6bbda8d926a627b40b22,full_annotation_v1,A,q_수산물_03,생선가게,식료품 중 '수산물'을 판매·제공하는 매장,val,수산물,T2 동의어,000d55be-8181-4f45-827e-52082b2ae284,명희유통,건어물,성북시장,전통시장,부산광역시,,,
9db5f25ccb9969c697e5,full_annotation_v1,A,q_수산물_03,생선가게,식료품 중 '수산물'을 판매·제공하는 매장,val,수산물,T2 동의어,00cc4859-307a-43ef-9654-2f6aa6fc404d,서산상회,생선,노량진수산시장골목형상점가,골목형상점가,서울특별시,,,
ec8f32ef97cb2613c0e2,full_annotation_v1,A,q_수산물_03,생선가게,식료품 중 '수산물'을 판매·제공하는 매장,val,수산물,T2 동의어,494dd44d-a48b-4c25-8282-722d14fa5c6c,린다데코,,포천리빙가구상점가,자율상권구역,경기도,,,
3c8aea59424f8a13939b,full_annotation_v1,A,q_수산물_03,생선가게,식료품 중 '수산물'을 판매·제공하는 매장,val,수산물,T2 동의어,3526958d-da64-4c90-a75c-c55162fbe0d3,최씨어물전,,영천공설시장,전통시장,경상북도,,,
1999269bf6a22a116a85,full_annotation_v1,A,q_수산물_03,생선가게,식료품 중 '수산물'을 판매·제공하는 매장,val,수산물,T2 동의어,ca67df90-fe23-47c1-a015-2e69d3ac46f1,싱싱하고88한생선가게,생선,일신시장(舊 부일종합시장),전통시장,인천광역시,,,
895f9291289cf9969c6e,full_annotation_v1,A,q_수산물_03,생선가게,식료품 중 '수산물'을 판매·제공하는 매장,val,수산물,T2 동의어,9fa7ac32-a0de-4b31-9ce7-c6264a82e287,싱싱한생선가게,수산물,자양전통시장,전통시장,서울특별시,,,
14b17d7e775fa2f088f6,full_annotation_v1,A,q_수산물_03,생선가게,식료품 중 '수산물'을 판매·제공하는 매장,val,수산물,T2 동의어,b6feb932-ddba-4f6a-a495-259a91b539a1,동하생선가게,,화곡 초록맛거리 골목형상점가,골목형상점가,서울특별시,,,
94fe7986b38ff27ceff1,full_annotation_v1,A,q_수산물_03,생선가게,식료품 중 '수산물'을 판매·제공하는 매장,val,수산물,T2 동의어,97d47447-4ba7-4704-af74-b8879bb34e90,동하 생선가게,생선화 매운탕,효실천거리 골목형상점가,골목형상점가,인천광역시,,,
93e7e0e95c4d6a298dc6,full_annotation_v1,A,q_수산물_03,생선가게,식료품 중 '수산물'을 판매·제공하는 매장,val,수산물,T2 동의어,87c0ae23-794c-4b9a-a1a6-3d64eb71a8a1,샌드위치 Day,,배방세교 골목형상점가,골목형상점가,충청남도,,,
cd1a9040a0e2424a7f5c,full_annotation_v1,A,q_수산물_03,생선가게,식료품 중 '수산물'을 판매·제공하는 매장,val,수산물,T2 동의어,00f60c16-d8be-497f-80f2-aab3209a8d0e,포카포카,식당,전남여고후문 골목형상점가,골목형상점가,광주광역시,,,
66a585a60e7d67820490,full_annotation_v1,A,q_수산물_03,생선가게,식료품 중 '수산물'을 판매·제공하는 매장,val,수산물,T2 동의어,0bf687ec-4ea8-4932-a2c4-401f28aab97f,중앙어물,어물,모슬포 중앙시장,전통시장,제주특별자치도,,,
e666b16e6289638e8687,full_annotation_v1,A,q_수산물_03,생선가게,식료품 중 '수산물'을 판매·제공하는 매장,val,수산물,T2 동의어,dca90631-a36e-4316-9175-c814d58d31d9,티까페마성,"차, 음료, 디저트",남목전통시장,전통시장,울산광역시,,,
4c5bb08483765a2dc819,full_annotation_v1,A,q_수산물_03,생선가게,식료품 중 '수산물'을 판매·제공하는 매장,val,수산물,T2 동의어,00527b0b-893c-4d64-862e-3ef8113d07fb,해선언니네,건어물,용상공설시장,전통시장,경상북도,,,
71b10b7514591f79e11b,full_annotation_v1,A,q_수산물_03,생선가게,식료품 중 '수산물'을 판매·제공하는 매장,val,수산물,T2 동의어,ec325e17-e85e-4e60-956f-27129badaf0f,승원네생선가게,"생선, 건어물",울진후포시장,전통시장,경상북도,,,
b60316bad84fddfe7714,full_annotation_v1,A,q_수산물_03,생선가게,식료품 중 '수산물'을 판매·제공하는 매장,val,수산물,T2 동의어,5cce312c-16d3-467d-aeba-6b784f390ec0,주영이네생선가게,생선,창원 명서시장,전통시장,경상남도,,,
f2c9765a4b564598c46f,full_annotation_v1,A,q_수산물_04,어물전,식료품 중 '수산물'을 판매·제공하는 매장,val,수산물,T2 동의어,41fe454e-8f96-413d-b59e-53d6a314299f,전투전,,뚝섬로52길 골목형상점가,골목형상점가,서울특별시,,,
58f10dbfa60d32e10b72,full_annotation_v1,A,q_수산물_04,어물전,식료품 중 '수산물'을 판매·제공하는 매장,val,수산물,T2 동의어,0019e966-8007-4603-957c-4e9adcd1f05a,부남수산,수산물,서산동부전통시장,전통시장,충청남도,,,
0faaedba2c65a80f64b9,full_annotation_v1,A,q_수산물_04,어물전,식료품 중 '수산물'을 판매·제공하는 매장,val,수산물,T2 동의어,005eb589-94b0-4a7e-b4e4-ef8cf64b0762,스시쿄다이,일식,동홍8번가 골목형상점가,골목형상점가,제주특별자치도,,,
7ffa989d191cdcf56cc5,full_annotation_v1,A,q_수산물_04,어물전,식료품 중 '수산물'을 판매·제공하는 매장,val,수산물,T2 동의어,00ac75c4-6e3f-4d23-8a6a-1dc8ba294b85,우진수산,"수산물, 활어",효자시장,전통시장,경상북도,,,
f73bf5b11ea52903ed39,full_annotation_v1,A,q_수산물_04,어물전,식료품 중 '수산물'을 판매·제공하는 매장,val,수산물,T2 동의어,007aece5-08b8-4eb0-b4c6-18d451eadcfd,영남상회,건어물,동쪽바다중앙시장(구 동해중앙시장),전통시장,강원특별자치도,,,
75aee731eeea2c331516,full_annotation_v1,A,q_수산물_04,어물전,식료품 중 '수산물'을 판매·제공하는 매장,val,수산물,T2 동의어,00cc4859-307a-43ef-9654-2f6aa6fc404d,서산상회,생선,노량진수산시장골목형상점가,골목형상점가,서울특별시,,,
45b66cb6464715da65a9,full_annotation_v1,A,q_수산물_04,어물전,식료품 중 '수산물'을 판매·제공하는 매장,val,수산물,T2 동의어,0db3d76a-f3b4-40d5-9063-2fe82eb8cb46,희제어물전,생선,영천공설시장,전통시장,경상북도,,,
ffd152cbfd3569a05b9b,full_annotation_v1,A,q_수산물_04,어물전,식료품 중 '수산물'을 판매·제공하는 매장,val,수산물,T2 동의어,00356e71-7b15-4a42-be60-f232011707b8,유한회사 덕재건재,건어물,가락몰골목형상점가,골목형상점가,서울특별시,,,
829c3f147bca3efa53af,full_annotation_v1,A,q_수산물_04,어물전,식료품 중 '수산물'을 판매·제공하는 매장,val,수산물,T2 동의어,00fcc68d-3086-4b45-b998-f3763e8dbf7d,꼬치마요 산본역점(9호점),일식,산본로데오거리(구 산본중심상가),자율상권구역,경기도,,,
1dce93bb00396ed8d55c,full_annotation_v1,A,q_수산물_04,어물전,식료품 중 '수산물'을 판매·제공하는 매장,val,수산물,T2 동의어,564d70db-d1f0-4d93-b66e-678516e86ce4,진월줄리어드 음악학원,음악학원,노대물빛근린공원 골목형상점가,골목형상점가,광주광역시,,,
3f4af48b11c972598525,full_annotation_v1,A,q_수산물_04,어물전,식료품 중 '수산물'을 판매·제공하는 매장,val,수산물,T2 동의어,1600edbf-70e4-4635-b257-c0f404981314,어쿱,,과천중앙동상점가,자율상권구역,경기도,,,
904adfbabdc875b34373,full_annotation_v1,A,q_수산물_04,어물전,식료품 중 '수산물'을 판매·제공하는 매장,val,수산물,T2 동의어,c34485ba-3c6c-47a4-9cd8-9eeab0b60470,에디뷰티랩,메이크업속눈썹펌,효천로 골목형상점가,골목형상점가,광주광역시,,,
d8230a6501d62cc1df13,full_annotation_v1,A,q_수산물_04,어물전,식료품 중 '수산물'을 판매·제공하는 매장,val,수산물,T2 동의어,3f359470-926e-4074-91b1-02f620ccfa3a,양산어물전,생선,양산 남부시장,전통시장,경상남도,,,
b6bc14f30933ea21116c,full_annotation_v1,A,q_수산물_04,어물전,식료품 중 '수산물'을 판매·제공하는 매장,val,수산물,T2 동의어,038f89c5-a204-4c80-9e31-9d22a3ba4c95,연스시,초밥,노은역 골목형상점가,골목형상점가,대전광역시,,,
b41e1088788e2344197e,full_annotation_v1,A,q_수산물_04,어물전,식료품 중 '수산물'을 판매·제공하는 매장,val,수산물,T2 동의어,00e04e3d-cb00-4d64-a13d-a9c02f9a4fc8,대림수산,활어,자갈치시장,전통시장,부산광역시,,,
322ff20955eef8ab4d41,full_annotation_v1,A,q_수산물_04,어물전,식료품 중 '수산물'을 판매·제공하는 매장,val,수산물,T2 동의어,00445369-fa3a-4cd3-ae3a-6564876f4199,용수상회,수산물,서문시장건해산물상가,전통시장,대구광역시,,,
8eac5b1337357af836bd,full_annotation_v1,A,q_수산물_04,어물전,식료품 중 '수산물'을 판매·제공하는 매장,val,수산물,T2 동의어,0130dbd3-b9ea-43f4-98fd-26d8afd90b78,모래내시장순대,식당,전주모래내시장,전통시장,전북특별자치도,,,
ad0a644e0a3c18234cd6,full_annotation_v1,A,q_수산물_04,어물전,식료품 중 '수산물'을 판매·제공하는 매장,val,수산물,T2 동의어,004d071d-dda6-41e4-9fcb-7c74c8f8ef0f,영남상회,건어물,수영팔도시장(구 수영팔도상가시장),전통시장,부산광역시,,,
a0df3e328141031000e7,full_annotation_v1,A,q_수산물_04,어물전,식료품 중 '수산물'을 판매·제공하는 매장,val,수산물,T2 동의어,7817971f-126c-4884-811d-ed07c97e9726,다라뿌,의류,동산상가,전통시장,대구광역시,,,
18e721ff835c54f26a84,full_annotation_v1,A,q_수산물_04,어물전,식료품 중 '수산물'을 판매·제공하는 매장,val,수산물,T2 동의어,f0a0b70c-3ccf-4c11-9de7-4d99bc0e6bf7,두껍전,,삼사 골목형상점가,골목형상점가,전북특별자치도,,,
cb789fdfc2706b276059,full_annotation_v1,A,q_수산물_04,어물전,식료품 중 '수산물'을 판매·제공하는 매장,val,수산물,T2 동의어,4b5f164e-ba5e-44e8-9b2d-0c23b43397b8,영일상회,활어,민락회타운시장,전통시장,부산광역시,,,
e3ce814b7e312747ecbd,full_annotation_v1,A,q_수산물_04,어물전,식료품 중 '수산물'을 판매·제공하는 매장,val,수산물,T2 동의어,00bd252b-19f9-4e9a-bf26-b45280bb84ae,선옥상회,생선,고성 공룡시장,전통시장,경상남도,,,
3b5172df2aa643f15352,full_annotation_v1,A,q_수산물_04,어물전,식료품 중 '수산물'을 판매·제공하는 매장,val,수산물,T2 동의어,604e20c0-337a-49e6-8ff8-3ef6cc11fa98,어전,한식 활어회,범어식주가무명인골목 골목형상점가,골목형상점가,대구광역시,,,
450f11d55ed5c3887e91,full_annotation_v1,A,q_수산물_04,어물전,식료품 중 '수산물'을 판매·제공하는 매장,val,수산물,T2 동의어,d1f391e7-3955-452f-8129-99b8f704b496,신어물전,식품잡화,세병호 골목형상점가,골목형상점가,전북특별자치도,,,
b2f3fb4cf589fe0a01e7,full_annotation_v1,A,q_수산물_04,어물전,식료품 중 '수산물'을 판매·제공하는 매장,val,수산물,T2 동의어,c8aaefef-8a9a-407e-b4cb-cb7090fff430,샌드라이빙 송도점,모래놀이카페,송도 아트포레 판매시설 골목형상점가,골목형상점가,인천광역시,,,
1e2a0698511527688853,full_annotation_v1,A,q_수산물_04,어물전,식료품 중 '수산물'을 판매·제공하는 매장,val,수산물,T2 동의어,005429a3-030e-492f-973c-1d5842eeac56,미래횟집,활어,사천 삼천포용궁수산시장,전통시장,경상남도,,,
3b12ab3e9996c63fb6cf,full_annotation_v1,A,q_수산물_04,어물전,식료품 중 '수산물'을 판매·제공하는 매장,val,수산물,T2 동의어,009b69b5-365a-4958-87e7-f224f253b92a,동문올레횟집,횟집,동문수산시장,전통시장,제주특별자치도,,,
51293cf17c503304b0e2,full_annotation_v1,A,q_수산물_04,어물전,식료품 중 '수산물'을 판매·제공하는 매장,val,수산물,T2 동의어,016ddf29-de07-40e1-a642-8c2a45a6f19d,연희어시장,횟집,연희로 골목형상점가,골목형상점가,인천광역시,,,
4bf899d99627d2b87ccb,full_annotation_v1,A,q_수산물_04,어물전,식료품 중 '수산물'을 판매·제공하는 매장,val,수산물,T2 동의어,b29b268a-8ff4-48c1-b046-ff2d41164d50,곱전,,쌍용레이단길 골목형상점가,골목형상점가,부산광역시,,,
50a1cd1373c4005c46c3,full_annotation_v1,A,q_수산물_04,어물전,식료품 중 '수산물'을 판매·제공하는 매장,val,수산물,T2 동의어,ac0c83ff-ddc4-4d20-a422-bda35c7e5abc,갑전,의류,부산진시장,전통시장,부산광역시,,,
6b3cc26ac6a9702e732c,full_annotation_v1,A,q_수산물_04,어물전,식료품 중 '수산물'을 판매·제공하는 매장,val,수산물,T2 동의어,00527b0b-893c-4d64-862e-3ef8113d07fb,해선언니네,건어물,용상공설시장,전통시장,경상북도,,,
8bdce78c7832e3eb7b68,full_annotation_v1,A,q_수산물_04,어물전,식료품 중 '수산물'을 판매·제공하는 매장,val,수산물,T2 동의어,69c766bf-7104-4c48-adab-c1d123d85e2f,그래시커피,커피,호계종합시장,전통시장,경기도,,,
41dc7ce7473c2d870f1a,full_annotation_v1,A,q_수산물_04,어물전,식료품 중 '수산물'을 판매·제공하는 매장,val,수산물,T2 동의어,89adecec-586e-45cb-8077-d970c3e92666,청통어물전,,영천공설시장,전통시장,경상북도,,,
018c68552f3179a8554d,full_annotation_v1,A,q_수산물_04,어물전,식료품 중 '수산물'을 판매·제공하는 매장,val,수산물,T2 동의어,e84c7738-7d6f-466e-894f-c0e4a74abb2e,153수산,소매(생선),연서시장,전통시장,서울특별시,,,
778704a1b354f4e5b3ed,full_annotation_v1,A,q_수산물_04,어물전,식료품 중 '수산물'을 판매·제공하는 매장,val,수산물,T2 동의어,008cfdc1-610a-407a-a03b-4c6dae7106f4,주영수산,활어,목포북항상점가,자율상권구역,전라남도,,,
7b340cc1f55d5be7570a,full_annotation_v1,A,q_수산물_04,어물전,식료품 중 '수산물'을 판매·제공하는 매장,val,수산물,T2 동의어,00cd5dee-c068-48da-bc58-a704d5fe8832,윤석수산,수산물 활어회 생선 게종류 젓갈 갑각류 해산물 등등,대공원시장,전통시장,대구광역시,,,
e1b1cae85e404627bbfb,full_annotation_v1,A,q_수산물_04,어물전,식료품 중 '수산물'을 판매·제공하는 매장,val,수산물,T2 동의어,a795c9e9-44a6-489b-bfff-fe7c659471d0,상호명없음,어물점,황룡시장,전통시장,전라남도,,,
48a0689c1de7c18be1a5,full_annotation_v1,A,q_수산물_04,어물전,식료품 중 '수산물'을 판매·제공하는 매장,val,수산물,T2 동의어,7d133fff-7598-4413-96df-0a60affaf815,전주전,전,장안마실골목형상점가,골목형상점가,서울특별시,,,
2bd8df28ed8ea2685d5a,full_annotation_v1,A,q_수산물_04,어물전,식료품 중 '수산물'을 판매·제공하는 매장,val,수산물,T2 동의어,0016aa1a-5730-45a0-b427-06b0f51fc005,든든한밥상,농수산물,화산면 골목형상점가,골목형상점가,전라남도,,,
749cc84b7e1a575968c0,full_annotation_v1,A,q_수산물_04,어물전,식료품 중 '수산물'을 판매·제공하는 매장,val,수산물,T2 동의어,005b2fb8-4beb-46c2-817d-e67091627f11,어물전,음식,공덕시장,전통시장,서울특별시,,,
429d0c310319aacec655,full_annotation_v1,A,q_수산물_04,어물전,식료품 중 '수산물'을 판매·제공하는 매장,val,수산물,T2 동의어,0027eaf6-093b-4df4-9457-4f1081537ff3,충무꼭지횟집,횟집,초량전통시장,전통시장,부산광역시,,,
299413f15ce7e42d570d,full_annotation_v1,A,q_수산물_04,어물전,식료품 중 '수산물'을 판매·제공하는 매장,val,수산물,T2 동의어,3244f64c-059a-4f50-86f8-fa6cb15c5ac8,노릇당,전,건국다복 골목형상점가,골목형상점가,광주광역시,,,
a2c0c55471a85d1b8ed6,full_annotation_v1,A,q_수산물_04,어물전,식료품 중 '수산물'을 판매·제공하는 매장,val,수산물,T2 동의어,65000dfc-cb5a-4ec3-b3f5-ac6ecfde69c6,합정전,전,합정동먹자골목골목형상점가,골목형상점가,서울특별시,,,
b2fcf8bb0853b467ab1d,full_annotation_v1,A,q_수산물_04,어물전,식료품 중 '수산물'을 판매·제공하는 매장,val,수산물,T2 동의어,b2fad800-d1be-4d17-98b5-e459d51a53f7,어물전,생선,태화시장,전통시장,울산광역시,,,
6ad2844c9935b577f05f,full_annotation_v1,A,q_수산물_04,어물전,식료품 중 '수산물'을 판매·제공하는 매장,val,수산물,T2 동의어,000d55be-8181-4f45-827e-52082b2ae284,명희유통,건어물,성북시장,전통시장,부산광역시,,,
b8f9b805a3313fb0a4ca,full_annotation_v1,A,q_수산물_04,어물전,식료품 중 '수산물'을 판매·제공하는 매장,val,수산물,T2 동의어,01286ec0-50e0-4540-b678-ec706fb3bcbb,설곰식당,식당,산업용재관,전통시장,대구광역시,,,
a8c8ccc3a995dc3287b2,full_annotation_v1,A,q_수산물_04,어물전,식료품 중 '수산물'을 판매·제공하는 매장,val,수산물,T2 동의어,009fbffe-11b3-4eba-b65a-696f4f59f079,인어횟집,횟집,목포북항상점가,자율상권구역,전라남도,,,
1b07181880cf26ea193d,full_annotation_v1,A,q_수산물_04,어물전,식료품 중 '수산물'을 판매·제공하는 매장,val,수산물,T2 동의어,43765f78-3ff1-4aed-a108-ffdb92db4f29,센존의류,의류,부평 문화의거리,전통시장,인천광역시,,,
22144d1db9031d6be0a4,full_annotation_v1,A,q_수산물_04,어물전,식료품 중 '수산물'을 판매·제공하는 매장,val,수산물,T2 동의어,00779863-22b7-4378-adca-42362eff7e3f,장복횟집.수산,생선회,"안면도수산시장(구, 안면도장터)",전통시장,충청남도,,,
5cc264cb8c5e0cfbc5a3,full_annotation_v1,A,q_수산물_04,어물전,식료품 중 '수산물'을 판매·제공하는 매장,val,수산물,T2 동의어,6cdc9787-84f2-4a2f-99bb-d234efe9b944,세운상회,어물,예천상설시장,전통시장,경상북도,,,
59b3cd5b25a5e6a5ddc7,full_annotation_v1,A,q_수산물_04,어물전,식료품 중 '수산물'을 판매·제공하는 매장,val,수산물,T2 동의어,75a4d6be-2176-4a04-bb2a-ef3f8f607dde,해안수산,어물,예천중앙시장,전통시장,경상북도,,,
9020fd6ac496fb43fa7e,full_annotation_v1,A,q_수산물_04,어물전,식료품 중 '수산물'을 판매·제공하는 매장,val,수산물,T2 동의어,03582f30-b16c-4cdf-9914-5ec91b92084b,아띠,의류,고투몰(강남터미널지하도상점가),일반지하상점가,서울특별시,,,
edb6d2eb42fe7364ecbd,full_annotation_v1,A,q_수산물_04,어물전,식료품 중 '수산물'을 판매·제공하는 매장,val,수산물,T2 동의어,de1cfe17-e2ed-4eae-8888-36e9846ea785,뮤직에이블음악교습소,음악,봉선중길 골목형상점가,골목형상점가,광주광역시,,,
2ce4eb5597756447426f,full_annotation_v1,A,q_수산물_04,어물전,식료품 중 '수산물'을 판매·제공하는 매장,val,수산물,T2 동의어,013d58c8-33f8-4dbe-95de-801d22ea9505,민영활어공장 부천자유시장점,"회, 초밥",부천자유시장,전통시장,경기도,,,
f7dd402c0ea0335d15ff,full_annotation_v1,A,q_수산물_04,어물전,식료품 중 '수산물'을 판매·제공하는 매장,val,수산물,T2 동의어,00ba389b-e522-4da5-ac26-2ffaf33359ec,스시노유키,초밥,산본로데오거리(구 산본중심상가),자율상권구역,경기도,,,
3dcbeff5e470a0759512,full_annotation_v1,A,q_수산물_04,어물전,식료품 중 '수산물'을 판매·제공하는 매장,val,수산물,T2 동의어,52eee348-6dc1-4c41-9b9d-64186276ce75,광남어물전,수산물 소매업,함안 가야전통시장,전통시장,경상남도,,,
3f3ef93b71db5f7fc6bc,full_annotation_v1,A,q_수산물_04,어물전,식료품 중 '수산물'을 판매·제공하는 매장,val,수산물,T2 동의어,495309a6-6b42-42f7-9972-c98870488920,만전,한식,반석동 골목형상점가,골목형상점가,대전광역시,,,
c744372423409297f613,full_annotation_v1,A,q_수산물_04,어물전,식료품 중 '수산물'을 판매·제공하는 매장,val,수산물,T2 동의어,d8f4bb7b-7f66-4a94-8737-510280474d70,광수상회,어물,인천종합어시장,전통시장,인천광역시,,,
bbaab7a66ccb0f2bc135,full_annotation_v1,A,q_수산물_04,어물전,식료품 중 '수산물'을 판매·제공하는 매장,val,수산물,T2 동의어,00a40df6-e218-4c9e-951f-b2c1a3ee676e,영흥수산,생선,가락몰골목형상점가,골목형상점가,서울특별시,,,
ec4bfc435bea7d42b704,full_annotation_v1,A,q_수산물_04,어물전,식료품 중 '수산물'을 판매·제공하는 매장,val,수산물,T2 동의어,0bf687ec-4ea8-4932-a2c4-401f28aab97f,중앙어물,어물,모슬포 중앙시장,전통시장,제주특별자치도,,,
f6482fe96197721a04b4,full_annotation_v1,A,q_수산물_04,어물전,식료품 중 '수산물'을 판매·제공하는 매장,val,수산물,T2 동의어,d2e2b41b-5919-4e07-b387-0424032f17e9,황금어물전,도소매(수산물),고척근린시장,전통시장,서울특별시,,,
5e1ead01203c4d969a3a,full_annotation_v1,A,q_수산물_04,어물전,식료품 중 '수산물'을 판매·제공하는 매장,val,수산물,T2 동의어,63f9f7bc-2abd-430b-b0d7-5266b7884f26,오색미전,전,진잠 골목형상점가,골목형상점가,대전광역시,,,
8f36c66b9e1ad2fc8921,full_annotation_v1,A,q_수산물_04,어물전,식료품 중 '수산물'을 판매·제공하는 매장,val,수산물,T2 동의어,2a3f8b67-95f7-4518-8e7d-fb6d88b0fdec,하마로,의류,남대문시장,전통시장,서울특별시,,,
1805648ad7606a51f75a,full_annotation_v1,A,q_수산물_04,어물전,식료품 중 '수산물'을 판매·제공하는 매장,val,수산물,T2 동의어,284c9063-f915-4cd3-97b0-7ccc77b7b0f4,범어해물전,한식,범어식주가무명인골목 골목형상점가,골목형상점가,대구광역시,,,
bd8cb61ba80c3b628750,full_annotation_v1,A,q_수산물_04,어물전,식료품 중 '수산물'을 판매·제공하는 매장,val,수산물,T2 동의어,00a0d437-836b-453d-b15e-55fbf7dc8460,대박수산,생선,청주육거리종합시장,전통시장,충청북도,,,
9bc1fcac05a0eed8bd1b,full_annotation_v1,A,q_수산물_04,어물전,식료품 중 '수산물'을 판매·제공하는 매장,val,수산물,T2 동의어,c2deb7a7-1cf1-417c-a8ee-8fb69742e2be,놀부전,전,남항시장,전통시장,부산광역시,,,
d094ccf9b0ba4c8123e2,full_annotation_v1,A,q_수산물_04,어물전,식료품 중 '수산물'을 판매·제공하는 매장,val,수산물,T2 동의어,7fad6758-78b6-4f5e-85b3-e0acfcc8a1ff,다전,한식,난우길골목형상점가,골목형상점가,서울특별시,,,
c16c4c39d3eca25d916d,full_annotation_v1,A,q_수산물_04,어물전,식료품 중 '수산물'을 판매·제공하는 매장,val,수산물,T2 동의어,333fa307-f61c-45a8-a79b-93fff676095e,대명어물,어물,서귀포향토오일시장,전통시장,제주특별자치도,,,
e7ccca0cf84839977370,full_annotation_v1,A,q_수산물_04,어물전,식료품 중 '수산물'을 판매·제공하는 매장,val,수산물,T2 동의어,b2bcb3cd-b721-423b-8f34-6ce98f27af87,함덕어물전,수산물,동문공설시장,전통시장,제주특별자치도,,,
0360b66fb51efdb6c0fc,full_annotation_v1,A,q_수산물_04,어물전,식료품 중 '수산물'을 판매·제공하는 매장,val,수산물,T2 동의어,c699a290-55c6-4947-b939-ebc6df4726e5,동해어물상회,어물,상주남성시장,전통시장,경상북도,,,
6722d8c7ba7ec30ef6ac,full_annotation_v1,A,q_수산물_04,어물전,식료품 중 '수산물'을 판매·제공하는 매장,val,수산물,T2 동의어,01afaafa-2a46-4977-8015-55762957ee7a,다래초밥,초밥,동문동 골목형상점가,골목형상점가,충청남도,,,
f968a30797f9ecf8d298,full_annotation_v1,A,q_수산물_04,어물전,식료품 중 '수산물'을 판매·제공하는 매장,val,수산물,T2 동의어,001ec0bf-0eda-4aa8-8efc-a90930649cf5,원프룻,농수산물,정이있는 구포시장,전통시장,부산광역시,,,
f0f00e110bfade488c01,full_annotation_v1,A,q_수산물_04,어물전,식료품 중 '수산물'을 판매·제공하는 매장,val,수산물,T2 동의어,00f60c16-d8be-497f-80f2-aab3209a8d0e,포카포카,식당,전남여고후문 골목형상점가,골목형상점가,광주광역시,,,
b7e9670efccb292c9498,full_annotation_v1,A,q_수산물_04,어물전,식료품 중 '수산물'을 판매·제공하는 매장,val,수산물,T2 동의어,f5d32f19-b9be-4085-be29-2ff5e7619e76,우석카프라자,자동차,남산동자동차골목상점가,자율상권구역,대구광역시,,,
68f6724455c7f62a107c,full_annotation_v1,A,q_수산물_04,어물전,식료품 중 '수산물'을 판매·제공하는 매장,val,수산물,T2 동의어,30d5afbc-fd4b-49bb-9e1c-2469652e5921,추씨어물점,어물,영천공설시장,전통시장,경상북도,,,
95bb9e08ff25fd045e56,full_annotation_v1,A,q_수산물_04,어물전,식료품 중 '수산물'을 판매·제공하는 매장,val,수산물,T2 동의어,1e04512f-29b4-4356-956e-e2144bd6adfc,여수원조서대회,한식회낙지,광주캠코앞상인회 골목형상점가,골목형상점가,광주광역시,,,
9c1355b81241232e3a53,full_annotation_v1,A,q_수산물_04,어물전,식료품 중 '수산물'을 판매·제공하는 매장,val,수산물,T2 동의어,0333f16c-ff56-4e80-a1c7-dd77a81300df,로봇초밥마켓 과천래미안점,초밥,과천슈르탑 골목형상점가,골목형상점가,경기도,,,
2146ba1a7107fa7f3360,full_annotation_v1,A,q_수산물_04,어물전,식료품 중 '수산물'을 판매·제공하는 매장,val,수산물,T2 동의어,3526958d-da64-4c90-a75c-c55162fbe0d3,최씨어물전,,영천공설시장,전통시장,경상북도,,,
0dbc3ea9fb380573a619,full_annotation_v1,A,q_수산물_04,어물전,식료품 중 '수산물'을 판매·제공하는 매장,val,수산물,T2 동의어,004032ef-2ae7-4e97-ac30-b12a0869e930,시장횟집,횟집,광양매일시장(광양상설시장),전통시장,전라남도,,,
3e194b047b99f841e9b0,full_annotation_v1,A,q_수산물_04,어물전,식료품 중 '수산물'을 판매·제공하는 매장,val,수산물,T2 동의어,06b66cfe-b3e8-403a-946a-e217afc5d8aa,싱싱어물전,수산물,부곡시장,전통시장,부산광역시,,,
9cf2e02a8e171bea15f4,full_annotation_v1,A,q_수산물_04,어물전,식료품 중 '수산물'을 판매·제공하는 매장,val,수산물,T2 동의어,e6252c57-c3e1-4748-9dc7-bec4e27ebe21,소하루 사회성 심리센터,발달교육서비스,다산역 로데오 상점가,자율상권구역,경기도,,,
e1395285a7603a7a51de,full_annotation_v1,A,q_수산물_04,어물전,식료품 중 '수산물'을 판매·제공하는 매장,val,수산물,T2 동의어,002e7e87-5677-44ca-85c4-9e5b87e7994f,한양수산,생선,안중시장,전통시장,경기도,,,
1d5110b201dcef0a30be,full_annotation_v1,A,q_수산물_04,어물전,식료품 중 '수산물'을 판매·제공하는 매장,val,수산물,T2 동의어,d61cab17-dddf-480c-ba00-adcc99653eb4,어빠옷,의류,서문시장2지구 종합상가,전통시장,대구광역시,,,
985cc069f064c0f25d05,full_annotation_v1,A,q_수산물_04,어물전,식료품 중 '수산물'을 판매·제공하는 매장,val,수산물,T2 동의어,1ab51e65-7ad5-4b6f-8eea-129ed879b8c6,어물이야기,건어물,서희1차현대 골목형상점가,골목형상점가,광주광역시,,,
59047f6994241bbff93d,full_annotation_v1,A,q_수산물_04,어물전,식료품 중 '수산물'을 판매·제공하는 매장,val,수산물,T2 동의어,03cbd591-5ee7-4f9b-842e-8dc427925406,신흥상회,어물,상주중앙시장,전통시장,경상북도,,,
0559333eb363e6dfd5a4,full_annotation_v1,A,q_수산물_04,어물전,식료품 중 '수산물'을 판매·제공하는 매장,val,수산물,T2 동의어,625f3114-2aef-4ad3-8b64-f4d9b2fed7d7,어물전,수산물,별양동상점가,자율상권구역,경기도,,,
8e9d2af9f8f1175aaae3,full_annotation_v1,A,q_수산물_04,어물전,식료품 중 '수산물'을 판매·제공하는 매장,val,수산물,T2 동의어,60406270-bbfa-4b0a-bdbe-8b37f4a088fe,냥이타운,동물전시업,산본로데오거리(구 산본중심상가),자율상권구역,경기도,,,
467080aae63705b293ae,full_annotation_v1,A,q_수산물_04,어물전,식료품 중 '수산물'을 판매·제공하는 매장,val,수산물,T2 동의어,0004c5f7-95e0-45be-9f06-a705b8113ff0,의창수협67번중도매인,활어,진해 용원어시장상점가,자율상권구역,경상남도,,,
4668623f78ce0735611f,full_annotation_v1,A,q_수산물_04,어물전,식료품 중 '수산물'을 판매·제공하는 매장,val,수산물,T2 동의어,b7c4e989-7a9d-465d-b0e3-1fe83b17a4c4,다산아우름치과의원,치과,다산역 로데오 상점가,자율상권구역,경기도,,,
4195aa79ade1853f597a,full_annotation_v1,A,q_수산물_04,어물전,식료품 중 '수산물'을 판매·제공하는 매장,val,수산물,T2 동의어,e637f26a-fdd7-49dc-bd33-0ecbb48ab2cb,북안어물전,생선,영천공설시장,전통시장,경상북도,,,
41dcb185f1f0915b50f2,full_annotation_v1,A,q_수산물_04,어물전,식료품 중 '수산물'을 판매·제공하는 매장,val,수산물,T2 동의어,6f8ecfa8-1ac7-4a94-803d-114a324dc251,달술,전,지범골목먹거리타운 골목형상점가,골목형상점가,대구광역시,,,
134dba65453a6b8510e4,full_annotation_v1,A,q_수산물_04,어물전,식료품 중 '수산물'을 판매·제공하는 매장,val,수산물,T2 동의어,010c1855-b46f-4e37-b975-8115c4249b0f,용궁횟집,,자갈치시장,전통시장,부산광역시,,,
d7277d76c1e8ebfcd02a,full_annotation_v1,A,q_수산물_04,어물전,식료품 중 '수산물'을 판매·제공하는 매장,val,수산물,T2 동의어,00298213-17ea-453a-b6e6-375d9ef636b6,대양농수산,농수산물,부평깡시장,전통시장,인천광역시,,,
92595fca60a545d58c56,full_annotation_v1,A,q_수산물_04,어물전,식료품 중 '수산물'을 판매·제공하는 매장,val,수산물,T2 동의어,fcbcbda1-022a-49d5-bec6-e03062623d8d,시장옷수선,의류 및 옷수선,호계공설시장,전통시장,울산광역시,,,
87b0c2bdb15f71cfcf70,full_annotation_v1,A,q_수산물_05,활어,식료품 중 '수산물'을 판매·제공하는 매장,val,수산물,T2 동의어,4e011118-a823-4d87-9aab-9b6ae84e3ecd,미정활어,활어,통영 충무데파트,자율상권구역,경상남도,,,
ec07ab66da5056d885c6,full_annotation_v1,A,q_수산물_05,활어,식료품 중 '수산물'을 판매·제공하는 매장,val,수산물,T2 동의어,b3bea8fb-3298-4c49-84bb-fb41064441ce,주영횟집,활어,사천 삼천포용궁수산시장,전통시장,경상남도,,,
ba9df3127596530a8f2f,full_annotation_v1,A,q_수산물_05,활어,식료품 중 '수산물'을 판매·제공하는 매장,val,수산물,T2 동의어,e8190c80-3f29-490b-8b78-1b7214654e6e,중마활어,활어,중마시장,전통시장,전라남도,,,
15cb35be2f0c66dd1791,full_annotation_v1,A,q_수산물_05,활어,식료품 중 '수산물'을 판매·제공하는 매장,val,수산물,T2 동의어,016ddf29-de07-40e1-a642-8c2a45a6f19d,연희어시장,횟집,연희로 골목형상점가,골목형상점가,인천광역시,,,
a2f91f48e56a21e9bf1f,full_annotation_v1,A,q_수산물_05,활어,식료품 중 '수산물'을 판매·제공하는 매장,val,수산물,T2 동의어,97436ac8-3b5b-41ed-93dd-d25119b456ac,영남상회,활어,슬도 골목형상점가,골목형상점가,울산광역시,,,
aac10b4ac3c0bc7a0052,full_annotation_v1,A,q_수산물_05,활어,식료품 중 '수산물'을 판매·제공하는 매장,val,수산물,T2 동의어,5dd0360e-2ff8-497e-b55f-f8a59f891ea8,제주상회,활어,슬도 골목형상점가,골목형상점가,울산광역시,,,
269e2165b848dacc86d7,full_annotation_v1,A,q_수산물_05,활어,식료품 중 '수산물'을 판매·제공하는 매장,val,수산물,T2 동의어,d8ce8cf6-d12a-4da6-b582-904af4caf286,경남상회,활어,민락회타운시장,전통시장,부산광역시,,,
7391ebf863e5d4d53fa5,full_annotation_v1,A,q_수산물_05,활어,식료품 중 '수산물'을 판매·제공하는 매장,val,수산물,T2 동의어,00527b0b-893c-4d64-862e-3ef8113d07fb,해선언니네,건어물,용상공설시장,전통시장,경상북도,,,
debdfcb7b4192cfc97dd,full_annotation_v1,A,q_수산물_05,활어,식료품 중 '수산물'을 판매·제공하는 매장,val,수산물,T2 동의어,c772fabf-8522-4f4d-a7f7-70c0a5a012bc,참치황금활어,활어,신용동 큰 사거리 골목형상점가,골목형상점가,광주광역시,,,
b55ca05d1a98a6ac34c4,full_annotation_v1,A,q_수산물_05,활어,식료품 중 '수산물'을 판매·제공하는 매장,val,수산물,T2 동의어,c2ca2f7e-7e0a-4102-a6a8-488faada2284,태백활어,활어,마산어시장,전통시장,경상남도,,,
9704032820b65b64ff0a,full_annotation_v1,A,q_수산물_05,활어,식료품 중 '수산물'을 판매·제공하는 매장,val,수산물,T2 동의어,54e8e03b-b6cc-48e0-b4db-794d60a2ecfb,형제상회,활어,민락어민활어직판장,자율상권구역,부산광역시,,,
433211a949ee33acfcc3,full_annotation_v1,A,q_수산물_05,활어,식료품 중 '수산물'을 판매·제공하는 매장,val,수산물,T2 동의어,630d242b-ed8c-4571-a907-e333089a42ef,민주상회,활어,민락어민활어직판장,자율상권구역,부산광역시,,,
cfb085a80cab3a898de7,full_annotation_v1,A,q_수산물_05,활어,식료품 중 '수산물'을 판매·제공하는 매장,val,수산물,T2 동의어,bbfc23ee-7cc9-4f3a-8812-2d3efba17ef0,민섭횟집,활어,거제시장,전통시장,부산광역시,,,
220414e7aa2cc1259239,full_annotation_v1,A,q_수산물_05,활어,식료품 중 '수산물'을 판매·제공하는 매장,val,수산물,T2 동의어,12902923-f01e-482b-a2ee-14f4eff3c872,산옥활어,활어,명지시장,전통시장,부산광역시,,,
1a58382fb0dd265aa520,full_annotation_v1,A,q_수산물_05,활어,식료품 중 '수산물'을 판매·제공하는 매장,val,수산물,T2 동의어,00779863-22b7-4378-adca-42362eff7e3f,장복횟집.수산,생선회,"안면도수산시장(구, 안면도장터)",전통시장,충청남도,,,
e0c3475b4c747dc2f583,full_annotation_v1,A,q_수산물_05,활어,식료품 중 '수산물'을 판매·제공하는 매장,val,수산물,T2 동의어,00bd252b-19f9-4e9a-bf26-b45280bb84ae,선옥상회,생선,고성 공룡시장,전통시장,경상남도,,,
a9d3cab86b1265ec99a7,full_annotation_v1,A,q_수산물_05,활어,식료품 중 '수산물'을 판매·제공하는 매장,val,수산물,T2 동의어,00cc4859-307a-43ef-9654-2f6aa6fc404d,서산상회,생선,노량진수산시장골목형상점가,골목형상점가,서울특별시,,,
f0ad01710a6df669a1ed,full_annotation_v1,A,q_수산물_05,활어,식료품 중 '수산물'을 판매·제공하는 매장,val,수산물,T2 동의어,670d9c65-7867-4201-a007-45b1ccb92fa3,비엠헬스케어,"의료기기, 식품",원주자유시장,전통시장,강원특별자치도,,,
7eed61707f5d3662a3e1,full_annotation_v1,A,q_수산물_05,활어,식료품 중 '수산물'을 판매·제공하는 매장,val,수산물,T2 동의어,87be0eee-9d27-4ecb-81d5-69c5db50934b,영진상회,활어,자갈치시장,전통시장,부산광역시,,,
bceafd4b090d8c248442,full_annotation_v1,A,q_수산물_05,활어,식료품 중 '수산물'을 판매·제공하는 매장,val,수산물,T2 동의어,4178c6b0-6f55-4098-bf1a-d0dd3c8168ce,가덕활어,활어,다대씨-파크시장,전통시장,부산광역시,,,
a534bd76bfbd3fbea529,full_annotation_v1,A,q_수산물_05,활어,식료품 중 '수산물'을 판매·제공하는 매장,val,수산물,T2 동의어,c5ed64d6-1083-4056-84ee-7ac32d6b8a9e,유성호 활어 회센타,활어,미포1길 골목형상점가,골목형상점가,울산광역시,,,
7da626dd5bc8a509f5ec,full_annotation_v1,A,q_수산물_05,활어,식료품 중 '수산물'을 판매·제공하는 매장,val,수산물,T2 동의어,89af175c-3bc0-421f-b02b-5d955a288a40,대가시장활어,활어,거제 고현시장,전통시장,경상남도,,,
e90ecc3dc9c720b16580,full_annotation_v1,A,q_수산물_05,활어,식료품 중 '수산물'을 판매·제공하는 매장,val,수산물,T2 동의어,4c431ef2-e390-4308-876c-10f0b979ce9d,목섬횟집,활어,사천 삼천포용궁수산시장,전통시장,경상남도,,,
badb02aff1fd25b17fdd,full_annotation_v1,A,q_수산물_05,활어,식료품 중 '수산물'을 판매·제공하는 매장,val,수산물,T2 동의어,c3acd0c0-b883-451b-bcd7-7d3527013d7d,창녕상회,활어,자갈치시장,전통시장,부산광역시,,,
555ef702a9e4b60d47ca,full_annotation_v1,A,q_수산물_05,활어,식료품 중 '수산물'을 판매·제공하는 매장,val,수산물,T2 동의어,b76d50c3-7f71-425b-bc54-074d7741e471,속초활어,활어,통영중앙전통시장,전통시장,경상남도,,,
fdd23cb4610e901ef38c,full_annotation_v1,A,q_수산물_05,활어,식료품 중 '수산물'을 판매·제공하는 매장,val,수산물,T2 동의어,9d18c4d3-b3de-455d-b4ef-f682647c9889,용방앗간,방앗간(떡),부평 문화의거리,전통시장,인천광역시,,,
356e17b4d136970361ce,full_annotation_v1,A,q_수산물_05,활어,식료품 중 '수산물'을 판매·제공하는 매장,val,수산물,T2 동의어,ddefef56-121d-4e6b-aff4-42b4f591d483,칠보바다활어,활어,죽도어시장,전통시장,경상북도,,,
81ab611191eb827bd8f8,full_annotation_v1,A,q_수산물_05,활어,식료품 중 '수산물'을 판매·제공하는 매장,val,수산물,T2 동의어,2341f28e-b39b-4a7a-b8b3-086d927fa4df,염막활어,활어,명지시장,전통시장,부산광역시,,,
4d9268bf5b0860d97061,full_annotation_v1,A,q_수산물_05,활어,식료품 중 '수산물'을 판매·제공하는 매장,val,수산물,T2 동의어,27cd7965-455c-4c3b-9a2c-390d9fae6f91,안동상회,활어,슬도 골목형상점가,골목형상점가,울산광역시,,,
859ebed9d1c134486059,full_annotation_v1,A,q_수산물_05,활어,식료품 중 '수산물'을 판매·제공하는 매장,val,수산물,T2 동의어,60b6c271-691f-4357-8622-d9be01040929,포항상회,활어,남천해변시장,전통시장,부산광역시,,,
4248355e176f068be2ad,full_annotation_v1,A,q_수산물_05,활어,식료품 중 '수산물'을 판매·제공하는 매장,val,수산물,T2 동의어,bbe08953-0887-40b5-81ab-7806877ae57d,산방쌀농산,쌀,모슬포 중앙시장,전통시장,제주특별자치도,,,
ca7cb89a1fdc578eba0b,full_annotation_v1,A,q_수산물_05,활어,식료품 중 '수산물'을 판매·제공하는 매장,val,수산물,T2 동의어,03cbd591-5ee7-4f9b-842e-8dc427925406,신흥상회,어물,상주중앙시장,전통시장,경상북도,,,
b18f04f0a07f04768e7b,full_annotation_v1,A,q_수산물_05,활어,식료품 중 '수산물'을 판매·제공하는 매장,val,수산물,T2 동의어,00a0d437-836b-453d-b15e-55fbf7dc8460,대박수산,생선,청주육거리종합시장,전통시장,충청북도,,,
2da0f9186b98b66afcd6,full_annotation_v1,A,q_수산물_05,활어,식료품 중 '수산물'을 판매·제공하는 매장,val,수산물,T2 동의어,001ec0bf-0eda-4aa8-8efc-a90930649cf5,원프룻,농수산물,정이있는 구포시장,전통시장,부산광역시,,,
d06c3f1e38701e7bde88,full_annotation_v1,A,q_수산물_05,활어,식료품 중 '수산물'을 판매·제공하는 매장,val,수산물,T2 동의어,02dfa0f7-7991-479e-b611-98a9829662ac,진주상회,활어,사천 삼천포용궁수산시장,전통시장,경상남도,,,
3142a2147397a6c93b22,full_annotation_v1,A,q_수산물_05,활어,식료품 중 '수산물'을 판매·제공하는 매장,val,수산물,T2 동의어,39da5118-7020-40ab-872d-17879a17a9cf,콜수산,활어,통영중앙전통시장,전통시장,경상남도,,,
b88b168822a558959b2e,full_annotation_v1,A,q_수산물_05,활어,식료품 중 '수산물'을 판매·제공하는 매장,val,수산물,T2 동의어,619c6630-9df2-4a49-92ec-ad77725bb24a,승리활어,활어,죽도어시장,전통시장,경상북도,,,
a84fdcead3645c73a8b5,full_annotation_v1,A,q_수산물_05,활어,식료품 중 '수산물'을 판매·제공하는 매장,val,수산물,T2 동의어,00e04e3d-cb00-4d64-a13d-a9c02f9a4fc8,대림수산,활어,자갈치시장,전통시장,부산광역시,,,
faa7cc8d67d78169ddd0,full_annotation_v1,A,q_수산물_05,활어,식료품 중 '수산물'을 판매·제공하는 매장,val,수산물,T2 동의어,0019e966-8007-4603-957c-4e9adcd1f05a,부남수산,수산물,서산동부전통시장,전통시장,충청남도,,,
285338cc4b6caeab3679,full_annotation_v1,A,q_수산물_05,활어,식료품 중 '수산물'을 판매·제공하는 매장,val,수산물,T2 동의어,005429a3-030e-492f-973c-1d5842eeac56,미래횟집,활어,사천 삼천포용궁수산시장,전통시장,경상남도,,,
64d5efdff2ee0f6d0758,full_annotation_v1,A,q_수산물_05,활어,식료품 중 '수산물'을 판매·제공하는 매장,val,수산물,T2 동의어,6b15a13a-106f-4c33-aea7-a8a22a33124d,대건수산,활어,통영중앙전통시장,전통시장,경상남도,,,
97d1cc8ebbfb5f0f8d14,full_annotation_v1,A,q_수산물_05,활어,식료품 중 '수산물'을 판매·제공하는 매장,val,수산물,T2 동의어,77bf01a7-f182-4954-a833-c40f6ffd6eb9,경북상회,활어,자갈치시장,전통시장,부산광역시,,,
751077b10a2e5258a628,full_annotation_v1,A,q_수산물_05,활어,식료품 중 '수산물'을 판매·제공하는 매장,val,수산물,T2 동의어,b309dab5-c07a-4247-8486-8531c1737960,은혜김밥,한식,우수영 골목형상점가,골목형상점가,전라남도,,,
3b9da0b23cd70f4c72f4,full_annotation_v1,A,q_수산물_05,활어,식료품 중 '수산물'을 판매·제공하는 매장,val,수산물,T2 동의어,00ac75c4-6e3f-4d23-8a6a-1dc8ba294b85,우진수산,"수산물, 활어",효자시장,전통시장,경상북도,,,
7c15c56b10cb6f664fca,full_annotation_v1,A,q_수산물_05,활어,식료품 중 '수산물'을 판매·제공하는 매장,val,수산물,T2 동의어,4001f4a7-5eb6-433e-8f1a-3d3dfee9c854,충청도횟집 5호,일식,안양농수산물 골목형상점가,골목형상점가,경기도,,,
4a8304e63e2fe1458123,full_annotation_v1,A,q_수산물_05,활어,식료품 중 '수산물'을 판매·제공하는 매장,val,수산물,T2 동의어,87f9ad07-66eb-417a-aeb3-af5147e722d6,365오케이치과의원,치과의원,선부광장로상점가,자율상권구역,경기도,,,
d3614097004450463698,full_annotation_v1,A,q_수산물_05,활어,식료품 중 '수산물'을 판매·제공하는 매장,val,수산물,T2 동의어,01afaafa-2a46-4977-8015-55762957ee7a,다래초밥,초밥,동문동 골목형상점가,골목형상점가,충청남도,,,
474ec9f8f342faf25d0e,full_annotation_v1,A,q_수산물_05,활어,식료품 중 '수산물'을 판매·제공하는 매장,val,수산물,T2 동의어,9e000bef-49c9-41e1-aec5-067d64386285,전주오복상회,활어,소래포구전통어시장,전통시장,인천광역시,,,
de450a256593222e78cf,full_annotation_v1,A,q_수산물_05,활어,식료품 중 '수산물'을 판매·제공하는 매장,val,수산물,T2 동의어,004d071d-dda6-41e4-9fcb-7c74c8f8ef0f,영남상회,건어물,수영팔도시장(구 수영팔도상가시장),전통시장,부산광역시,,,
435dd19a8679cebeb276,full_annotation_v1,A,q_수산물_05,활어,식료품 중 '수산물'을 판매·제공하는 매장,val,수산물,T2 동의어,7fb83bc2-f21d-4122-abe4-467f2b5593e6,대박수산,활어,마산가고파수산시장,전통시장,경상남도,,,
8e57bfb3be74a89e5714,full_annotation_v1,A,q_수산물_05,활어,식료품 중 '수산물'을 판매·제공하는 매장,val,수산물,T2 동의어,247c89cb-aff5-4e6d-85b8-b9644701a808,형제상회,활어,사천 삼천포전통수산시장,전통시장,경상남도,,,
b1ea31748e4d3050f254,full_annotation_v1,A,q_수산물_05,활어,식료품 중 '수산물'을 판매·제공하는 매장,val,수산물,T2 동의어,00ba389b-e522-4da5-ac26-2ffaf33359ec,스시노유키,초밥,산본로데오거리(구 산본중심상가),자율상권구역,경기도,,,
eb14c8ef04f1758ba51b,full_annotation_v1,A,q_수산물_05,활어,식료품 중 '수산물'을 판매·제공하는 매장,val,수산물,T2 동의어,f705354f-4b28-4d31-98a0-777e47079c78,회드림,활어,강동산하 골목형상점가,골목형상점가,울산광역시,,,
c6e328da08a169f9d85c,full_annotation_v1,A,q_수산물_05,활어,식료품 중 '수산물'을 판매·제공하는 매장,val,수산물,T2 동의어,ca027c8d-3a90-45e7-943d-6a5e36e7cfb3,석민네,활어,주문진좌판풍물시장,전통시장,강원특별자치도,,,
aba8b0bf724bad015d12,full_annotation_v1,A,q_수산물_05,활어,식료품 중 '수산물'을 판매·제공하는 매장,val,수산물,T2 동의어,8f62d616-77c8-4f08-97c5-81362df7f99b,청해수산,활어,중마시장,전통시장,전라남도,,,
b52800796124079bd65e,full_annotation_v1,A,q_수산물_05,활어,식료품 중 '수산물'을 판매·제공하는 매장,val,수산물,T2 동의어,53f7e275-2b60-4fc5-a5fc-21cb89c17400,싱싱수산,활어,소래포구종합어시장,자율상권구역,인천광역시,,,
c4fb9db5d0f83a5e7bca,full_annotation_v1,A,q_수산물_05,활어,식료품 중 '수산물'을 판매·제공하는 매장,val,수산물,T2 동의어,0027eaf6-093b-4df4-9457-4f1081537ff3,충무꼭지횟집,횟집,초량전통시장,전통시장,부산광역시,,,
39844e8d5d2de2ccc9a5,full_annotation_v1,A,q_수산물_05,활어,식료품 중 '수산물'을 판매·제공하는 매장,val,수산물,T2 동의어,ede12969-fc0c-48d0-9f21-730cd7f0d39e,묵호수산,일식,박달시장,전통시장,경기도,,,
63e1d544bebc91591d49,full_annotation_v1,A,q_수산물_05,활어,식료품 중 '수산물'을 판매·제공하는 매장,val,수산물,T2 동의어,21b367e5-72de-4baf-9d9c-827cba8a9a5d,뚱수산,활어,주문진좌판풍물시장,전통시장,강원특별자치도,,,
18ff48a6d64ca1ce505b,full_annotation_v1,A,q_수산물_05,활어,식료품 중 '수산물'을 판매·제공하는 매장,val,수산물,T2 동의어,b9ed1d06-191b-4a03-bc3e-8d4372e79b33,송원활어,활어,통영 북신전통시장,전통시장,경상남도,,,
1c9da90c5c057308758c,full_annotation_v1,A,q_수산물_05,활어,식료품 중 '수산물'을 판매·제공하는 매장,val,수산물,T2 동의어,f61e161b-ce91-4a21-b16c-ee42005c0a69,사천활어,활어,다대씨-파크시장,전통시장,부산광역시,,,
851a5e9038b3c1eb3064,full_annotation_v1,A,q_수산물_05,활어,식료품 중 '수산물'을 판매·제공하는 매장,val,수산물,T2 동의어,780ca5f7-9d0a-4fa4-b439-31d7337a391d,울진상회,활어,민락회타운시장,전통시장,부산광역시,,,
54dc1c93946eed7dfff1,full_annotation_v1,A,q_수산물_05,활어,식료품 중 '수산물'을 판매·제공하는 매장,val,수산물,T2 동의어,8638c947-84ca-4229-83a8-7a8acfa5d73c,대항호,활어,민락어민활어직판장,자율상권구역,부산광역시,,,
1fe0a7ce8e1748b8d829,full_annotation_v1,A,q_수산물_05,활어,식료품 중 '수산물'을 판매·제공하는 매장,val,수산물,T2 동의어,d2e17f9c-9d9f-4f43-8937-ed2ac7845ee9,성훈수산,활어,서천특화시장,전통시장,충청남도,,,
8e513b40785a7d69c418,full_annotation_v1,A,q_수산물_05,활어,식료품 중 '수산물'을 판매·제공하는 매장,val,수산물,T2 동의어,6a3cdfde-9f02-4d0a-9e63-dfba2a517169,남부활어,활어,양산 남부시장상가,전통시장,경상남도,,,
67dc6eff5ba3d129eb35,full_annotation_v1,A,q_수산물_05,활어,식료품 중 '수산물'을 판매·제공하는 매장,val,수산물,T2 동의어,c8be04bf-26de-43ea-bbf4-a0f6fa0a42e2,엽이네활어,활어,포항죽도시장,전통시장,경상북도,,,
9f8a27eeca6d57c217af,full_annotation_v1,A,q_수산물_05,활어,식료품 중 '수산물'을 판매·제공하는 매장,val,수산물,T2 동의어,502320d5-ddbf-4fb6-890d-a414d253d34f,덕이상회,활어,민락어민활어직판장,자율상권구역,부산광역시,,,
9d9ce41bd8cdb3c67223,full_annotation_v1,A,q_수산물_05,활어,식료품 중 '수산물'을 판매·제공하는 매장,val,수산물,T2 동의어,002e7e87-5677-44ca-85c4-9e5b87e7994f,한양수산,생선,안중시장,전통시장,경기도,,,
30da62df3372275ac76b,full_annotation_v1,A,q_수산물_05,활어,식료품 중 '수산물'을 판매·제공하는 매장,val,수산물,T2 동의어,de300407-5960-4840-94c5-d11d171f449e,대연활어,활어,동래시장,전통시장,부산광역시,,,
3b27849f2527158722ee,full_annotation_v1,A,q_수산물_05,활어,식료품 중 '수산물'을 판매·제공하는 매장,val,수산물,T2 동의어,fbf45aac-f33d-468b-b2fc-ab41673c28b5,합천상회,활어,부전상가시장,전통시장,부산광역시,,,
d167eca3f39a1bdab8c6,full_annotation_v1,A,q_수산물_05,활어,식료품 중 '수산물'을 판매·제공하는 매장,val,수산물,T2 동의어,007aece5-08b8-4eb0-b4c6-18d451eadcfd,영남상회,건어물,동쪽바다중앙시장(구 동해중앙시장),전통시장,강원특별자치도,,,
2606962f7391279fee5b,full_annotation_v1,A,q_수산물_05,활어,식료품 중 '수산물'을 판매·제공하는 매장,val,수산물,T2 동의어,8c5d2c75-37ce-4ac3-91cb-63f89a6e7e74,서울상회,활어,사천 삼천포용궁수산시장,전통시장,경상남도,,,
07ad7580965512e90d23,full_annotation_v1,A,q_수산물_05,활어,식료품 중 '수산물'을 판매·제공하는 매장,val,수산물,T2 동의어,23799dd3-5b84-4fb2-91c0-61378704be4b,자갈치,활어,연신내골목형상점가,골목형상점가,서울특별시,,,
8689f5a2d9f32790b14b,full_annotation_v1,A,q_수산물_05,활어,식료품 중 '수산물'을 판매·제공하는 매장,val,수산물,T2 동의어,d562ce6a-f848-4217-9492-323de73fa950,대구상회,활어,사천 삼천포용궁수산시장,전통시장,경상남도,,,
02d22b149659ffe45ca6,full_annotation_v1,A,q_수산물_05,활어,식료품 중 '수산물'을 판매·제공하는 매장,val,수산물,T2 동의어,008cfdc1-610a-407a-a03b-4c6dae7106f4,주영수산,활어,목포북항상점가,자율상권구역,전라남도,,,
b0b20802940dbff654d2,full_annotation_v1,A,q_수산물_05,활어,식료품 중 '수산물'을 판매·제공하는 매장,val,수산물,T2 동의어,fa8e9100-9379-4353-8a21-ff11ef801e87,대건횟집,활어,사천 삼천포용궁수산시장,전통시장,경상남도,,,
e4e41cbb7a86ed99552f,full_annotation_v1,A,q_수산물_05,활어,식료품 중 '수산물'을 판매·제공하는 매장,val,수산물,T2 동의어,c1315b36-9af4-4c78-976f-617709e688cf,포항상회,활어,민락회타운시장,전통시장,부산광역시,,,
ebf5108825a5611849d0,full_annotation_v1,A,q_수산물_05,활어,식료품 중 '수산물'을 판매·제공하는 매장,val,수산물,T2 동의어,66a9a475-e3d9-41f5-9e59-bcb8e188e17f,살롱드리치,두발미용,수완중흥대방 골목형상점가,골목형상점가,광주광역시,,,
96d21c6aae7cb12aa36f,full_annotation_v1,A,q_수산물_05,활어,식료품 중 '수산물'을 판매·제공하는 매장,val,수산물,T2 동의어,98c74c27-c5f3-4bce-b718-99e53a3a0d59,둔덕활어,활어,통영 충무데파트,자율상권구역,경상남도,,,
9f9de82d951f1432fe6f,full_annotation_v1,A,q_수산물_05,활어,식료품 중 '수산물'을 판매·제공하는 매장,val,수산물,T2 동의어,683380d7-8d0a-4635-ba9c-a7caeee86b81,지족활어,활어,지족공설시장,기타,경상남도,,,
909a797d8cdba990218c,full_annotation_v1,A,q_수산물_05,활어,식료품 중 '수산물'을 판매·제공하는 매장,val,수산물,T2 동의어,00cd5dee-c068-48da-bc58-a704d5fe8832,윤석수산,수산물 활어회 생선 게종류 젓갈 갑각류 해산물 등등,대공원시장,전통시장,대구광역시,,,
eec4cbd258f78bbd9562,full_annotation_v1,A,q_수산물_05,활어,식료품 중 '수산물'을 판매·제공하는 매장,val,수산물,T2 동의어,e2fe17f0-d3e4-4b3e-9134-a328c0cc7166,돌수산,활어,영일대북부시장(구 북부시장),전통시장,경상북도,,,
54186967f511846864e2,full_annotation_v1,A,q_수산물_05,활어,식료품 중 '수산물'을 판매·제공하는 매장,val,수산물,T2 동의어,66292704-166d-4086-934b-11f66f74e28d,충렬활어,활어,통영 서호전통시장,전통시장,경상남도,,,
73af3f059cfe9c19b799,full_annotation_v1,A,q_수산물_05,활어,식료품 중 '수산물'을 판매·제공하는 매장,val,수산물,T2 동의어,68c74b8c-0c99-4ab5-bf91-9b9162900538,뜰채,활어,함덕4구상점가,골목형상점가,제주특별자치도,,,
1d48554c377091f02274,full_annotation_v1,A,q_수산물_05,활어,식료품 중 '수산물'을 판매·제공하는 매장,val,수산물,T2 동의어,0333f16c-ff56-4e80-a1c7-dd77a81300df,로봇초밥마켓 과천래미안점,초밥,과천슈르탑 골목형상점가,골목형상점가,경기도,,,
0dc5dbc849071ebd316c,full_annotation_v1,A,q_수산물_05,활어,식료품 중 '수산물'을 판매·제공하는 매장,val,수산물,T2 동의어,d839bf9f-b2ec-43e6-99f3-568ea57b3435,근실상회,활어,자갈치시장,전통시장,부산광역시,,,
c250d93d95a516ee7213,full_annotation_v1,A,q_수산물_05,활어,식료품 중 '수산물'을 판매·제공하는 매장,val,수산물,T2 동의어,183bc416-5b03-4d85-8826-7e459803aa70,진주상회,활어,민락회타운시장,전통시장,부산광역시,,,
da916c60b6b3f8190397,full_annotation_v1,A,q_수산물_05,활어,식료품 중 '수산물'을 판매·제공하는 매장,val,수산물,T2 동의어,3526958d-da64-4c90-a75c-c55162fbe0d3,최씨어물전,,영천공설시장,전통시장,경상북도,,,
ebfdabe53a57d1a5a2f1,full_annotation_v1,A,q_수산물_05,활어,식료품 중 '수산물'을 판매·제공하는 매장,val,수산물,T2 동의어,000d55be-8181-4f45-827e-52082b2ae284,명희유통,건어물,성북시장,전통시장,부산광역시,,,
639d4feeeb52487ec0e2,full_annotation_v1,A,q_수산물_05,활어,식료품 중 '수산물'을 판매·제공하는 매장,val,수산물,T2 동의어,4017ea4e-894f-45bd-a96f-8813697af37e,일미수산,활어,진해중앙시장,전통시장,경상남도,,,
3b7949cf84f9eeb840ab,full_annotation_v1,A,q_수산물_05,활어,식료품 중 '수산물'을 판매·제공하는 매장,val,수산물,T2 동의어,cef7bab0-2cfe-4265-b748-7c3845734585,남매상회,수산물,양동시장,전통시장,광주광역시,,,
a6167d594e5d22501863,full_annotation_v1,A,q_수산물_05,활어,식료품 중 '수산물'을 판매·제공하는 매장,val,수산물,T2 동의어,15638c80-42b6-46cc-9b4b-e91c5002cc96,합천상회,활어,민락회타운시장,전통시장,부산광역시,,,
e2e586126e11dfae8324,full_annotation_v1,A,q_수산물_05,활어,식료품 중 '수산물'을 판매·제공하는 매장,val,수산물,T2 동의어,0a690fe1-fa70-47b8-8a56-897985000883,후불활어,활어,죽도어시장,전통시장,경상북도,,,
5f4c5db5471cef7bbd07,full_annotation_v1,A,q_수산물_05,활어,식료품 중 '수산물'을 판매·제공하는 매장,val,수산물,T2 동의어,baa9a304-b588-419c-abbc-67aa92bd5553,수평선,활어,민락어민활어직판장,자율상권구역,부산광역시,,,
adf26a94c609eccaa7c6,full_annotation_v1,A,q_수산물_05,활어,식료품 중 '수산물'을 판매·제공하는 매장,val,수산물,T2 동의어,ff77f976-3a84-493e-8788-72b913f05b62,스튜디오 호감 광주전대점,사진촬영,전남대후문골목형상점가,골목형상점가,광주광역시,,,
2625114321afae93e450,full_annotation_v1,A,q_수산물_05,활어,식료품 중 '수산물'을 판매·제공하는 매장,val,수산물,T2 동의어,5d4ccdf9-4bc1-4cc7-ae6f-3156dad956fb,남해수산,활어,통영 서호전통시장,전통시장,경상남도,,,
1e682e3500550574fea5,full_annotation_v1,A,q_수산물_05,활어,식료품 중 '수산물'을 판매·제공하는 매장,val,수산물,T2 동의어,00356e71-7b15-4a42-be60-f232011707b8,유한회사 덕재건재,건어물,가락몰골목형상점가,골목형상점가,서울특별시,,,
74b8a6445eaa0347e5c1,full_annotation_v1,A,q_수산물_05,활어,식료품 중 '수산물'을 판매·제공하는 매장,val,수산물,T2 동의어,3ae8b126-5bf5-4982-806d-7d5a349bee57,진주상회,활어,광안어패류시장,전통시장,부산광역시,,,
3c07ddcc7beacd35c846,full_annotation_v1,A,q_수산물_05,활어,식료품 중 '수산물'을 판매·제공하는 매장,val,수산물,T2 동의어,9a1accdc-644e-43c9-a7c0-e2d69ea9c917,동동수산,활어,목포자유시장,전통시장,,,,
7feb6747ed32987c9803,full_annotation_v1,A,q_수산물_05,활어,식료품 중 '수산물'을 판매·제공하는 매장,val,수산물,T2 동의어,00f60c16-d8be-497f-80f2-aab3209a8d0e,포카포카,식당,전남여고후문 골목형상점가,골목형상점가,광주광역시,,,
a95df959c1e7bf4a785b,full_annotation_v1,A,q_수산물_05,활어,식료품 중 '수산물'을 판매·제공하는 매장,val,수산물,T2 동의어,009fbffe-11b3-4eba-b65a-696f4f59f079,인어횟집,횟집,목포북항상점가,자율상권구역,전라남도,,,
b58ef2707272ea8ab039,full_annotation_v1,A,q_수산물_05,활어,식료품 중 '수산물'을 판매·제공하는 매장,val,수산물,T2 동의어,b92f0b11-a9a7-4736-b1ff-edffbbb6431e,창녕상회,활어,민락수변공원 골목형상점가,골목형상점가,부산광역시,,,
a482c9cd90bd83c36616,full_annotation_v1,A,q_수산물_05,활어,식료품 중 '수산물'을 판매·제공하는 매장,val,수산물,T2 동의어,9288a5de-d6af-4e0d-81fb-2dc1764e1ebb,진주상회,활어,명지시장,전통시장,부산광역시,,,
fcc68f64d41011c456f6,full_annotation_v1,A,q_수산물_05,활어,식료품 중 '수산물'을 판매·제공하는 매장,val,수산물,T2 동의어,03ac5573-59ca-4eba-8dcd-6bd7f37281dc,형제수산,활어,창원 토월복합상가시장,전통시장,경상남도,,,
9a3fe900f3ef3597eb39,full_annotation_v1,A,q_수산물_05,활어,식료품 중 '수산물'을 판매·제공하는 매장,val,수산물,T2 동의어,009b69b5-365a-4958-87e7-f224f253b92a,동문올레횟집,횟집,동문수산시장,전통시장,제주특별자치도,,,
2d15689b16b06ca3c872,full_annotation_v1,A,q_수산물_05,활어,식료품 중 '수산물'을 판매·제공하는 매장,val,수산물,T2 동의어,2d75f971-b24f-4b9a-8fc2-e8566ebfb17a,남해활어,활어,명지시장,전통시장,부산광역시,,,
dca2250136c19d385e7f,full_annotation_v1,A,q_수산물_05,활어,식료품 중 '수산물'을 판매·제공하는 매장,val,수산물,T2 동의어,02325c50-8ad5-494c-a525-55e7458db689,청수상회,활어,남천해변시장,전통시장,부산광역시,,,
237c38f547645057be26,full_annotation_v1,A,q_수산물_05,활어,식료품 중 '수산물'을 판매·제공하는 매장,val,수산물,T2 동의어,333fa307-f61c-45a8-a79b-93fff676095e,대명어물,어물,서귀포향토오일시장,전통시장,제주특별자치도,,,
b562d11e781c89befc21,full_annotation_v1,A,q_수산물_05,활어,식료품 중 '수산물'을 판매·제공하는 매장,val,수산물,T2 동의어,0130dbd3-b9ea-43f4-98fd-26d8afd90b78,모래내시장순대,식당,전주모래내시장,전통시장,전북특별자치도,,,
deabd648e3eb204356d9,full_annotation_v1,A,q_수산물_05,활어,식료품 중 '수산물'을 판매·제공하는 매장,val,수산물,T2 동의어,31969288-f918-41ab-9459-e193b5959654,해신상회,활어,자갈치시장,전통시장,부산광역시,,,
0d65a822241bd8ae376f,full_annotation_v1,A,q_수산물_05,활어,식료품 중 '수산물'을 판매·제공하는 매장,val,수산물,T2 동의어,6ce3af18-6be5-4967-8564-8cf536daebb0,일표상회,활어,자갈치시장,전통시장,부산광역시,,,
b2bfa10739baf88cf237,full_annotation_v1,A,q_수산물_05,활어,식료품 중 '수산물'을 판매·제공하는 매장,val,수산물,T2 동의어,28a1db67-173e-4e0d-b3fd-69589c1b93a6,경일활어,활어,거제 능포 골목형상점가,골목형상점가,경상남도,,,
9fc8848093207d2b0adf,full_annotation_v1,A,q_수산물_05,활어,식료품 중 '수산물'을 판매·제공하는 매장,val,수산물,T2 동의어,f9902b31-8408-402c-ac24-af684d0886fe,원조칼국수,칼국수,금남시장,전통시장,서울특별시,,,
04c931c760979cdde6e5,full_annotation_v1,A,q_수산물_05,활어,식료품 중 '수산물'을 판매·제공하는 매장,val,수산물,T2 동의어,64e96e8e-fb00-40bf-b421-778abb9a1640,경기수산,활어,안양농수산물 골목형상점가,골목형상점가,경기도,,,
bb4cd7fb9ac58717bbaf,full_annotation_v1,A,q_수산물_05,활어,식료품 중 '수산물'을 판매·제공하는 매장,val,수산물,T2 동의어,d18e45bd-e588-4ef9-84e2-52810c53b169,함안상회,활어,민락회타운시장,전통시장,부산광역시,,,
b699d58529041c3e9aa6,full_annotation_v1,A,q_수산물_05,활어,식료품 중 '수산물'을 판매·제공하는 매장,val,수산물,T2 동의어,00fcc68d-3086-4b45-b998-f3763e8dbf7d,꼬치마요 산본역점(9호점),일식,산본로데오거리(구 산본중심상가),자율상권구역,경기도,,,
93f5b994d80c1becabd7,full_annotation_v1,A,q_수산물_05,활어,식료품 중 '수산물'을 판매·제공하는 매장,val,수산물,T2 동의어,406872e1-da44-4af6-8ad6-cf4f13cdd5f7,옥산수산,활어,군산수산물종합센터,전통시장,전북특별자치도,,,
6d81bbf0120f83bff05c,full_annotation_v1,A,q_수산물_05,활어,식료품 중 '수산물'을 판매·제공하는 매장,val,수산물,T2 동의어,a927128e-4b3f-4a84-847f-8eca19b7463a,신안수산,활어,소래포구종합어시장,자율상권구역,인천광역시,,,
f282a3713288e0b64af5,full_annotation_v1,A,q_수산물_05,활어,식료품 중 '수산물'을 판매·제공하는 매장,val,수산물,T2 동의어,184f2ef8-644a-4527-b810-710f5f5a61e7,장안활어,활어,속초종합중앙시장,전통시장,강원특별자치도,,,
82b7aebaa788e5753dec,full_annotation_v1,A,q_수산물_05,활어,식료품 중 '수산물'을 판매·제공하는 매장,val,수산물,T2 동의어,33c5c29b-5761-44aa-ae19-e23956509caf,영조횟집,활어,(주)여수수산시장,전통시장,전라남도,,,
72a702f67eaa43f119a5,full_annotation_v1,A,q_수산물_05,활어,식료품 중 '수산물'을 판매·제공하는 매장,val,수산물,T2 동의어,f2a79165-4a1d-4de4-b8ec-6b57d0ebbcb5,호남상회,활어,은하수길골목형상점가,골목형상점가,인천광역시,,,
ffd54d6f58a2a84ee00f,full_annotation_v1,A,q_수산물_05,활어,식료품 중 '수산물'을 판매·제공하는 매장,val,수산물,T2 동의어,f7976463-122c-4344-b5f2-be40f8ffeb0e,할매활어,활어,죽도어시장,전통시장,경상북도,,,
13b6340980e2d48986ec,full_annotation_v1,A,q_수산물_05,활어,식료품 중 '수산물'을 판매·제공하는 매장,val,수산물,T2 동의어,b589a589-ea9a-4bdc-b112-01eab549d6df,손선장소래포구점,활어,소래포구종합어시장,자율상권구역,인천광역시,,,
964591a7b621e1bfa516,full_annotation_v1,A,q_수산물_05,활어,식료품 중 '수산물'을 판매·제공하는 매장,val,수산물,T2 동의어,34b21373-1644-4b40-8b81-77c331213482,함양상회,양파,서면종합시장,전통시장,부산광역시,,,
e267dc4176be7f3cf705,full_annotation_v1,A,q_수산물_05,활어,식료품 중 '수산물'을 판매·제공하는 매장,val,수산물,T2 동의어,038f89c5-a204-4c80-9e31-9d22a3ba4c95,연스시,초밥,노은역 골목형상점가,골목형상점가,대전광역시,,,
0e74dd460c8bf0899c74,full_annotation_v1,A,q_수산물_05,활어,식료품 중 '수산물'을 판매·제공하는 매장,val,수산물,T2 동의어,40e6a0e4-e3aa-4a17-aa67-be3fdf5b50da,보담상회,활어,민락어민활어직판장,자율상권구역,부산광역시,,,
831cfa2cb6d609eaf9db,full_annotation_v1,A,q_수산물_05,활어,식료품 중 '수산물'을 판매·제공하는 매장,val,수산물,T2 동의어,ec441f46-4484-4e57-b24b-46e5006262aa,숙모횟집,활어,기장시장,전통시장,부산광역시,,,
196ba268905a8072b57b,full_annotation_v1,A,q_수산물_05,활어,식료품 중 '수산물'을 판매·제공하는 매장,val,수산물,T2 동의어,1f516616-6c11-4517-8467-defa412d3639,시조수산,활어,서천특화시장,전통시장,충청남도,,,
33bfa16868624d8f433b,full_annotation_v1,A,q_수산물_05,활어,식료품 중 '수산물'을 판매·제공하는 매장,val,수산물,T2 동의어,df94fd5d-bda8-4c73-b313-860943791568,안동상회,활어,자갈치시장,전통시장,부산광역시,,,
326c824a85bbb8cdce23,full_annotation_v1,A,q_수산물_05,활어,식료품 중 '수산물'을 판매·제공하는 매장,val,수산물,T2 동의어,bf17a75c-0da0-48ad-bba9-cf350cfeecb1,코끼리만두,건어물,역곡남부시장,전통시장,경기도,,,
fe2916411e84e3542c63,full_annotation_v1,A,q_수산물_05,활어,식료품 중 '수산물'을 판매·제공하는 매장,val,수산물,T2 동의어,62a24dc0-61a3-4393-8a9e-21f81c13e878,방축도수산2호점,활어,군산수산물종합센터,전통시장,전북특별자치도,,,
3d8ee6f5a8f904e2a065,full_annotation_v1,A,q_수산물_05,활어,식료품 중 '수산물'을 판매·제공하는 매장,val,수산물,T2 동의어,2626279e-9488-4aef-89ac-82b54b29219b,동광수산,활어,중마시장,전통시장,전라남도,,,
a57a53b1b423dc70fb36,full_annotation_v1,A,q_수산물_05,활어,식료품 중 '수산물'을 판매·제공하는 매장,val,수산물,T2 동의어,695cfa05-38d3-42f3-9051-21325f1e9767,영광상회,활어,노량진수산시장골목형상점가,골목형상점가,서울특별시,,,
f6a7a874b22aeb782ad1,full_annotation_v1,A,q_수산물_05,활어,식료품 중 '수산물'을 판매·제공하는 매장,val,수산물,T2 동의어,0bf687ec-4ea8-4932-a2c4-401f28aab97f,중앙어물,어물,모슬포 중앙시장,전통시장,제주특별자치도,,,
3db71c601a52c3cb2674,full_annotation_v1,A,q_수산물_05,활어,식료품 중 '수산물'을 판매·제공하는 매장,val,수산물,T2 동의어,1d94b134-2c80-4239-998e-412afc7caa25,녹산횟집,활어,구서오시게시장,전통시장,부산광역시,,,
31560c360971c918de89,full_annotation_v1,A,q_수산물_05,활어,식료품 중 '수산물'을 판매·제공하는 매장,val,수산물,T2 동의어,c90e02fe-c36b-4d8f-adae-b684c0ff6844,산청활어,활어,통영중앙전통시장,전통시장,경상남도,,,
72da71f666b5dff5189c,full_annotation_v1,A,q_수산물_05,활어,식료품 중 '수산물'을 판매·제공하는 매장,val,수산물,T2 동의어,3a6a78ce-3fe1-475e-b61d-7f13322af7af,부산상회,활어,민락수변공원 골목형상점가,골목형상점가,부산광역시,,,
0fc849a86469744c0fbf,full_annotation_v1,A,q_수산물_05,활어,식료품 중 '수산물'을 판매·제공하는 매장,val,수산물,T2 동의어,f839f39e-807e-481e-970c-7cd74a32f3f2,주디잡화점 소품샵,패션잡화,황계 골목형상점가,골목형상점가,광주광역시,,,
cd5d531fe3b8d86244d7,full_annotation_v1,A,q_수산물_05,활어,식료품 중 '수산물'을 판매·제공하는 매장,val,수산물,T2 동의어,15f1f986-296c-434d-9e56-12b0466174cd,맹구상회,활어,사천 삼천포용궁수산시장,전통시장,경상남도,,,
f146b5480cda054f6adb,full_annotation_v1,A,q_수산물_05,활어,식료품 중 '수산물'을 판매·제공하는 매장,val,수산물,T2 동의어,8b23ff14-86c6-494f-911d-de00d790a073,남해미조상회,활어,민락회타운시장,전통시장,부산광역시,,,
39df12d930f4a3a97366,full_annotation_v1,A,q_수산물_05,활어,식료품 중 '수산물'을 판매·제공하는 매장,val,수산물,T2 동의어,99fd6761-e2e3-4bb7-bbb6-2faa6c34d3db,경원상사,도소매(면직물 솜),광장시장,전통시장,서울특별시,,,
6d299fec36cca5a5868f,full_annotation_v1,A,q_수산물_05,활어,식료품 중 '수산물'을 판매·제공하는 매장,val,수산물,T2 동의어,005eb589-94b0-4a7e-b4e4-ef8cf64b0762,스시쿄다이,일식,동홍8번가 골목형상점가,골목형상점가,제주특별자치도,,,
2a657e141f2cbc2726bb,full_annotation_v1,A,q_수산물_05,활어,식료품 중 '수산물'을 판매·제공하는 매장,val,수산물,T2 동의어,0004c5f7-95e0-45be-9f06-a705b8113ff0,의창수협67번중도매인,활어,진해 용원어시장상점가,자율상권구역,경상남도,,,
81f1a07f6c684bd0a299,full_annotation_v1,A,q_수산물_05,활어,식료품 중 '수산물'을 판매·제공하는 매장,val,수산물,T2 동의어,0ae6b3b4-b9d4-447a-b0d3-676ed84f2b5f,둘셋활어,활어,마산어시장,전통시장,경상남도,,,
4329955bd1364d738321,full_annotation_v1,A,q_수산물_05,활어,식료품 중 '수산물'을 판매·제공하는 매장,val,수산물,T2 동의어,013d58c8-33f8-4dbe-95de-801d22ea9505,민영활어공장 부천자유시장점,"회, 초밥",부천자유시장,전통시장,경기도,,,
6783d625e8fe9958b080,full_annotation_v1,A,q_수산물_05,활어,식료품 중 '수산물'을 판매·제공하는 매장,val,수산물,T2 동의어,86c24c9c-0fc0-4c72-82e1-7e0a107cead2,제주상회,활어,남천해변시장,전통시장,부산광역시,,,
3a7e4c56f06189458f45,full_annotation_v1,A,q_수산물_05,활어,식료품 중 '수산물'을 판매·제공하는 매장,val,수산물,T2 동의어,f6b546d9-d551-4cf1-80d8-e70cd4f26c9f,고현활어,활어,거제 고현시장,전통시장,경상남도,,,
b2c1f5523f5071345302,full_annotation_v1,A,q_수산물_05,활어,식료품 중 '수산물'을 판매·제공하는 매장,val,수산물,T2 동의어,3cd54159-1e16-410a-944e-fc817adbbc09,문경횟집,활어,울산농수산물도매시장 수산소매동,골목형상점가,울산광역시,,,
424f276262882f74b187,full_annotation_v1,A,q_수산물_05,활어,식료품 중 '수산물'을 판매·제공하는 매장,val,수산물,T2 동의어,6aa9d83b-e933-43dc-ae0a-c21dd6fe8b38,합천상회,활어,신동아수산물종합시장,전통시장,부산광역시,,,
ecca25f0c12e572daf73,full_annotation_v1,A,q_수산물_05,활어,식료품 중 '수산물'을 판매·제공하는 매장,val,수산물,T2 동의어,3d7fcec3-96fc-42ec-be13-b1e8ac80b467,민수상회,활어,사천 삼천포용궁수산시장,전통시장,경상남도,,,
1c2196a814d2e8a31384,full_annotation_v1,A,q_수산물_05,활어,식료품 중 '수산물'을 판매·제공하는 매장,val,수산물,T2 동의어,fcae10c2-1a5c-4f9c-8186-b17cd165c4ae,제일상회,활어,자갈치시장,전통시장,부산광역시,,,
1644822f9488be67ae41,full_annotation_v1,A,q_수산물_05,활어,식료품 중 '수산물'을 판매·제공하는 매장,val,수산물,T2 동의어,d323d835-1296-4048-8620-fb0a65d2c9d1,동창활어,활어,다대씨-파크시장,전통시장,부산광역시,,,
65fae15ce7d1659923e7,full_annotation_v1,A,q_수산물_05,활어,식료품 중 '수산물'을 판매·제공하는 매장,val,수산물,T2 동의어,d7084cd4-6428-4d07-b726-8c5b895a841e,일광활어,활어,다대씨-파크시장,전통시장,부산광역시,,,
1fa802abdbcee9cf88ae,full_annotation_v1,A,q_수산물_05,활어,식료품 중 '수산물'을 판매·제공하는 매장,val,수산물,T2 동의어,00298213-17ea-453a-b6e6-375d9ef636b6,대양농수산,농수산물,부평깡시장,전통시장,인천광역시,,,
4f58f84cc01685d7024b,full_annotation_v1,A,q_수산물_05,활어,식료품 중 '수산물'을 판매·제공하는 매장,val,수산물,T2 동의어,d1e6a69c-6c3d-4f1e-928b-a98424e30dd7,대구상회,활어,민락수변공원 골목형상점가,골목형상점가,부산광역시,,,
cd07bdf1d1fed604bf6a,full_annotation_v1,A,q_수산물_05,활어,식료품 중 '수산물'을 판매·제공하는 매장,val,수산물,T2 동의어,40fa0e13-1d81-4529-9828-a401f7097565,경북상회,활어,신동아수산물종합시장,전통시장,부산광역시,,,
8a26ae1e5f0baf9b75ba,full_annotation_v1,A,q_수산물_05,활어,식료품 중 '수산물'을 판매·제공하는 매장,val,수산물,T2 동의어,b4abf5bc-d8c2-4905-a42d-1408fe25d8aa,가：령,활어,테라스파크상가 골목형상점가,골목형상점가,울산광역시,,,
b9d909ea77512737b325,full_annotation_v1,A,q_수산물_05,활어,식료품 중 '수산물'을 판매·제공하는 매장,val,수산물,T2 동의어,010c1855-b46f-4e37-b975-8115c4249b0f,용궁횟집,,자갈치시장,전통시장,부산광역시,,,
8798313192830b3f1ef6,full_annotation_v1,A,q_수산물_05,활어,식료품 중 '수산물'을 판매·제공하는 매장,val,수산물,T2 동의어,faefbf1d-3b69-40ab-8254-5028c52268cb,해성상회,활어,민락회타운시장,전통시장,부산광역시,,,
1ff2e187ded551a8d157,full_annotation_v1,A,q_수산물_05,활어,식료품 중 '수산물'을 판매·제공하는 매장,val,수산물,T2 동의어,eb653e8e-1931-4d1b-bfb3-0bc8db976575,짱초장(활어),활어,통영중앙전통시장,전통시장,경상남도,,,
dce2b89734709a94fbe6,full_annotation_v1,A,q_수산물_05,활어,식료품 중 '수산물'을 판매·제공하는 매장,val,수산물,T2 동의어,00445369-fa3a-4cd3-ae3a-6564876f4199,용수상회,수산물,서문시장건해산물상가,전통시장,대구광역시,,,
3e5f8c8d38d4b63083f3,full_annotation_v1,A,q_수산물_05,활어,식료품 중 '수산물'을 판매·제공하는 매장,val,수산물,T2 동의어,f6ed574f-87ad-447e-8569-c17fdc90315c,죽림활어,활어,거제 읍내시장,전통시장,경상남도,,,
d819c68c1d49694daa64,full_annotation_v1,A,q_수산물_05,활어,식료품 중 '수산물'을 판매·제공하는 매장,val,수산물,T2 동의어,deb92ac1-0290-4727-b4ff-17f16b8435ea,연지메 연탄구이 수완직영점,돼지고기 소고기,수완장덕 골목형상점가,골목형상점가,광주광역시,,,
216a3f4801f1c2d120b6,full_annotation_v1,A,q_수산물_05,활어,식료품 중 '수산물'을 판매·제공하는 매장,val,수산물,T2 동의어,b1d8d047-142a-432f-96f4-8ee5fd49b476,은영활어,활어,다대씨-파크시장,전통시장,부산광역시,,,
73f3d309bc809a81ae28,full_annotation_v1,A,q_수산물_05,활어,식료품 중 '수산물'을 판매·제공하는 매장,val,수산물,T2 동의어,ca6bf881-67e0-4fd0-bcce-391658a9d00c,경주상회,활어,민락회타운시장,전통시장,부산광역시,,,
a386c7a4e63f6e6c7518,full_annotation_v1,A,q_수산물_05,활어,식료품 중 '수산물'을 판매·제공하는 매장,val,수산물,T2 동의어,01286ec0-50e0-4540-b678-ec706fb3bcbb,설곰식당,식당,산업용재관,전통시장,대구광역시,,,
865c6c1c4b127ea5d3d6,full_annotation_v1,A,q_수산물_05,활어,식료품 중 '수산물'을 판매·제공하는 매장,val,수산물,T2 동의어,51235c3f-7499-4cdf-b83b-96a6b25d2f02,청해수산,활어,마산가고파수산시장,전통시장,경상남도,,,
bc8621af1a5c335837d3,full_annotation_v1,A,q_수산물_05,활어,식료품 중 '수산물'을 판매·제공하는 매장,val,수산물,T2 동의어,0016aa1a-5730-45a0-b427-06b0f51fc005,든든한밥상,농수산물,화산면 골목형상점가,골목형상점가,전라남도,,,
387b44813f561725ada8,full_annotation_v1,A,q_수산물_05,활어,식료품 중 '수산물'을 판매·제공하는 매장,val,수산물,T2 동의어,00a40df6-e218-4c9e-951f-b2c1a3ee676e,영흥수산,생선,가락몰골목형상점가,골목형상점가,서울특별시,,,
f342caf102551ba0c43a,full_annotation_v1,A,q_수산물_05,활어,식료품 중 '수산물'을 판매·제공하는 매장,val,수산물,T2 동의어,30d5afbc-fd4b-49bb-9e1c-2469652e5921,추씨어물점,어물,영천공설시장,전통시장,경상북도,,,
0196cd10277bd9555392,full_annotation_v1,A,q_수산물_05,활어,식료품 중 '수산물'을 판매·제공하는 매장,val,수산물,T2 동의어,c2dfa8ba-a111-4410-862b-3ec3098d8d64,울릉활어,활어,죽도어시장,전통시장,경상북도,,,
6933823e5c0825fcb9ff,full_annotation_v1,A,q_수산물_05,활어,식료품 중 '수산물'을 판매·제공하는 매장,val,수산물,T2 동의어,22170568-994b-4543-b8ad-550985745651,수아수산,활어,거제 고현시장,전통시장,경상남도,,,
6b4ebe1ccb6841ed95f2,full_annotation_v1,A,q_수산물_05,활어,식료품 중 '수산물'을 판매·제공하는 매장,val,수산물,T2 동의어,8c9c3e73-cebd-4f28-9681-641394b88cf4,해남수산,활어,소래포구종합어시장,자율상권구역,인천광역시,,,
88394db93c901596ed64,full_annotation_v1,A,q_수산물_05,활어,식료품 중 '수산물'을 판매·제공하는 매장,val,수산물,T2 동의어,0dc619f3-9bbf-4f6e-9ee8-26ba01894e44,지연이네 활어,활어,죽도어시장,전통시장,경상북도,,,
d786c85d58f61cc195f1,full_annotation_v1,A,q_수산물_05,활어,식료품 중 '수산물'을 판매·제공하는 매장,val,수산물,T2 동의어,a3c70f88-6803-4f62-a0bb-a1f178b1321f,부산상회,활어,남천해변시장,전통시장,부산광역시,,,
471f6f520d52857e4801,full_annotation_v1,A,q_수산물_05,활어,식료품 중 '수산물'을 판매·제공하는 매장,val,수산물,T2 동의어,004032ef-2ae7-4e97-ac30-b12a0869e930,시장횟집,횟집,광양매일시장(광양상설시장),전통시장,전라남도,,,
fec851748db0ddf7f458,full_annotation_v1,A,q_수산물_06,횟집,식료품 중 '수산물'을 판매·제공하는 매장,val,수산물,T2 동의어,013d58c8-33f8-4dbe-95de-801d22ea9505,민영활어공장 부천자유시장점,"회, 초밥",부천자유시장,전통시장,경기도,,,
fbcb1d46d28eb9269520,full_annotation_v1,A,q_수산물_06,횟집,식료품 중 '수산물'을 판매·제공하는 매장,val,수산물,T2 동의어,ae57ce10-2312-4b87-9b26-44289956eb30,미향횟집,횟집,고한구공탄시장(고한시장),전통시장,강원특별자치도,,,
159a5c25dd639f9e9624,full_annotation_v1,A,q_수산물_06,횟집,식료품 중 '수산물'을 판매·제공하는 매장,val,수산물,T2 동의어,00356e71-7b15-4a42-be60-f232011707b8,유한회사 덕재건재,건어물,가락몰골목형상점가,골목형상점가,서울특별시,,,
be9838e16d9135d69ef2,full_annotation_v1,A,q_수산물_06,횟집,식료품 중 '수산물'을 판매·제공하는 매장,val,수산물,T2 동의어,95bda9ae-4ac9-4874-858a-fcc94f401680,또와식당,"한식, 담배소매",역전시장 상점가,자율상권구역,대전광역시,,,
3f50d3be5680b976ba51,full_annotation_v1,A,q_수산물_06,횟집,식료품 중 '수산물'을 판매·제공하는 매장,val,수산물,T2 동의어,6c910125-869d-4529-a201-c323efd80aaa,제일횟집,횟집,강릉중앙시장,전통시장,강원특별자치도,,,
6d94c5b2eb2e72fdee37,full_annotation_v1,A,q_수산물_06,횟집,식료품 중 '수산물'을 판매·제공하는 매장,val,수산물,T2 동의어,00a40df6-e218-4c9e-951f-b2c1a3ee676e,영흥수산,생선,가락몰골목형상점가,골목형상점가,서울특별시,,,
e01d7c865b0964ee4cb6,full_annotation_v1,A,q_수산물_06,횟집,식료품 중 '수산물'을 판매·제공하는 매장,val,수산물,T2 동의어,ef19243d-5da4-4fa3-ba14-70dcb5bb10ab,과일왕(ALL바름),과일 밀키트 수산물 축산물,성덕중사거리,골목형상점가,광주광역시,,,
36dd2d0f0e11963fea18,full_annotation_v1,A,q_수산물_06,횟집,식료품 중 '수산물'을 판매·제공하는 매장,val,수산물,T2 동의어,00527b0b-893c-4d64-862e-3ef8113d07fb,해선언니네,건어물,용상공설시장,전통시장,경상북도,,,
07e85ea1f3cf2ac92155,full_annotation_v1,A,q_수산물_06,횟집,식료품 중 '수산물'을 판매·제공하는 매장,val,수산물,T2 동의어,eaefe75d-8196-410a-bbc6-58d6a08ed57c,우리횟집,횟집,고성시장,전통시장,경상남도,,,
95a457e01ad6bfb61d3b,full_annotation_v1,A,q_수산물_06,횟집,식료품 중 '수산물'을 판매·제공하는 매장,val,수산물,T2 동의어,f627cdde-f33e-4499-b577-0a03da823a6f,용횟집,횟집,목포신중앙시장,전통시장,전라남도,,,
95f802ef1f0394d2d72e,full_annotation_v1,A,q_수산물_06,횟집,식료품 중 '수산물'을 판매·제공하는 매장,val,수산물,T2 동의어,18fa95c7-2395-4580-9a7e-7013bd9b8e4d,미니슈퍼,식품잡화,신안동용봉초건너편 골목형상점가,골목형상점가,광주광역시,,,
d219e55f4d24eb05b04f,full_annotation_v1,A,q_수산물_06,횟집,식료품 중 '수산물'을 판매·제공하는 매장,val,수산물,T2 동의어,107877ce-dbf4-43f9-8f6e-d5196f451993,동해횟집,횟집,다대씨-파크시장,전통시장,부산광역시,,,
4b8473cc6620ca495e3d,full_annotation_v1,A,q_수산물_06,횟집,식료품 중 '수산물'을 판매·제공하는 매장,val,수산물,T2 동의어,00cd5dee-c068-48da-bc58-a704d5fe8832,윤석수산,수산물 활어회 생선 게종류 젓갈 갑각류 해산물 등등,대공원시장,전통시장,대구광역시,,,
b92d23f8ca29772a16bc,full_annotation_v1,A,q_수산물_06,횟집,식료품 중 '수산물'을 판매·제공하는 매장,val,수산물,T2 동의어,e907cba0-b80b-4d34-930b-097e4c8ce336,대명횟집,횟집,대명항 골목형상점가,골목형상점가,경기도,,,
5ae02da759825af02af0,full_annotation_v1,A,q_수산물_06,횟집,식료품 중 '수산물'을 판매·제공하는 매장,val,수산물,T2 동의어,dcc5cd76-ff26-4f15-ac97-781227f4c25d,청량,횟집,광덕시장,전통시장,대구광역시,,,
aa838718230b8eba4d0d,full_annotation_v1,A,q_수산물_06,횟집,식료품 중 '수산물'을 판매·제공하는 매장,val,수산물,T2 동의어,0c360fc4-2e27-490e-a4b4-92d5f481db4b,서부횟집,횟집,진주 새서부시장,전통시장,경상남도,,,
5c88dcdb61ca9cd45282,full_annotation_v1,A,q_수산물_06,횟집,식료품 중 '수산물'을 판매·제공하는 매장,val,수산물,T2 동의어,da487b14-9c32-4723-a6cd-7c998d74af36,칠암횟집,횟집,양산 덕계종합상설시장,전통시장,경상남도,,,
cba7ef6cf4da6b30d244,full_annotation_v1,A,q_수산물_06,횟집,식료품 중 '수산물'을 판매·제공하는 매장,val,수산물,T2 동의어,10669284-9ac9-4930-b2f9-8234ce5615a0,청송횟집,횟집,연일골목시장상점가,자율상권구역,부산광역시,,,
f9f196c5a676188fffba,full_annotation_v1,A,q_수산물_06,횟집,식료품 중 '수산물'을 판매·제공하는 매장,val,수산물,T2 동의어,00f60c16-d8be-497f-80f2-aab3209a8d0e,포카포카,식당,전남여고후문 골목형상점가,골목형상점가,광주광역시,,,
bde804987b9444fe3f8e,full_annotation_v1,A,q_수산물_06,횟집,식료품 중 '수산물'을 판매·제공하는 매장,val,수산물,T2 동의어,7392d9fc-4f76-4f3b-a267-7f19b331ef2e,왕뻐꾹횟집,횟집,민락회타운시장,전통시장,부산광역시,,,
768d05655d722595df67,full_annotation_v1,A,q_수산물_06,횟집,식료품 중 '수산물'을 판매·제공하는 매장,val,수산물,T2 동의어,23d2e03f-6a9f-49f9-a8c0-c9a79562206f,청해수산,횟집,사직시장,전통시장,부산광역시,,,
d1f9ba86ea6388064e96,full_annotation_v1,A,q_수산물_06,횟집,식료품 중 '수산물'을 판매·제공하는 매장,val,수산물,T2 동의어,53856157-98b4-4cf0-9bb6-099bf59cdf08,우리동네횟집,횟집,포항큰동해시장,전통시장,경상북도,,,
f1b83346485a4c4f05e4,full_annotation_v1,A,q_수산물_06,횟집,식료품 중 '수산물'을 판매·제공하는 매장,val,수산물,T2 동의어,30d5afbc-fd4b-49bb-9e1c-2469652e5921,추씨어물점,어물,영천공설시장,전통시장,경상북도,,,
edf64e3d4068d70f5c5b,full_annotation_v1,A,q_수산물_06,횟집,식료품 중 '수산물'을 판매·제공하는 매장,val,수산물,T2 동의어,333fa307-f61c-45a8-a79b-93fff676095e,대명어물,어물,서귀포향토오일시장,전통시장,제주특별자치도,,,
ee9ad3544ed87b97264f,full_annotation_v1,A,q_수산물_06,횟집,식료품 중 '수산물'을 판매·제공하는 매장,val,수산물,T2 동의어,b470364b-c6f4-4371-95a8-00363f6c6548,함평천지수산,횟집,사강시장,전통시장,경기도,,,
a2f39d4a160a0bc3d335,full_annotation_v1,A,q_수산물_06,횟집,식료품 중 '수산물'을 판매·제공하는 매장,val,수산물,T2 동의어,e527f36e-9998-456b-896f-03491860364a,당황포횟집,횟집,고성시장,전통시장,경상남도,,,
7750092201c6d299d3a9,full_annotation_v1,A,q_수산물_06,횟집,식료품 중 '수산물'을 판매·제공하는 매장,val,수산물,T2 동의어,0027eaf6-093b-4df4-9457-4f1081537ff3,충무꼭지횟집,횟집,초량전통시장,전통시장,부산광역시,,,
9ed12de21ae86feec220,full_annotation_v1,A,q_수산물_06,횟집,식료품 중 '수산물'을 판매·제공하는 매장,val,수산물,T2 동의어,b147ba47-0971-4407-8cbd-0637d3597645,어와담,생선회,신중동문화거리상점가,자율상권구역,경기도,,,
eab8458b1c5ff035a652,full_annotation_v1,A,q_수산물_06,횟집,식료품 중 '수산물'을 판매·제공하는 매장,val,수산물,T2 동의어,969de1e2-a883-4b05-b8ee-340357d7cea1,바다수산,횟집,수유시장,전통시장,서울특별시,,,
6ec2c4a27663c60e4bee,full_annotation_v1,A,q_수산물_06,횟집,식료품 중 '수산물'을 판매·제공하는 매장,val,수산물,T2 동의어,b171911b-93ec-4508-a384-20ebd9b5631a,이모횟집,횟집,목2동시장,전통시장,서울특별시,,,
8ccc700bb6fd9af97206,full_annotation_v1,A,q_수산물_06,횟집,식료품 중 '수산물'을 판매·제공하는 매장,val,수산물,T2 동의어,6e23b6d7-f9d3-4730-a340-0d62f0ade77e,밝은얼굴피부과의원,의원,희담길,골목형상점가,광주광역시,,,
b89f5490b8b3e9c2342f,full_annotation_v1,A,q_수산물_06,횟집,식료품 중 '수산물'을 판매·제공하는 매장,val,수산물,T2 동의어,bec45cf3-d681-4dbf-adf7-dc84168e0959,회몽,횟집,온화 골목형 상점가,골목형상점가,충청남도,,,
271b8bf98f6b65cc756f,full_annotation_v1,A,q_수산물_06,횟집,식료품 중 '수산물'을 판매·제공하는 매장,val,수산물,T2 동의어,fd054e6f-6711-4b89-b415-f873c2532568,대한수산,횟집,"호성2길, 3길 골목형상점가",골목형상점가,전북특별자치도,,,
d69dde1072fe1085473a,full_annotation_v1,A,q_수산물_06,횟집,식료품 중 '수산물'을 판매·제공하는 매장,val,수산물,T2 동의어,dfb7947a-fd6a-4696-8b09-98ff7d3f3263,영덕횟집,횟집,양학시장,전통시장,경상북도,,,
827cc3532d79c69033c5,full_annotation_v1,A,q_수산물_06,횟집,식료품 중 '수산물'을 판매·제공하는 매장,val,수산물,T2 동의어,06f2c52b-2e59-4dd7-a626-1e44efa101e7,성광지업사,벽지,서둔동 골목형상점가,골목형상점가,경기도,,,
06887117b78dc2bc483e,full_annotation_v1,A,q_수산물_06,횟집,식료품 중 '수산물'을 판매·제공하는 매장,val,수산물,T2 동의어,0004c5f7-95e0-45be-9f06-a705b8113ff0,의창수협67번중도매인,활어,진해 용원어시장상점가,자율상권구역,경상남도,,,
97df1c2ffedc8d98c89d,full_annotation_v1,A,q_수산물_06,횟집,식료품 중 '수산물'을 판매·제공하는 매장,val,수산물,T2 동의어,4777bb50-93ca-4925-9603-9326affa78ff,삼거리횟집,횟집,연일전통시장,전통시장,경상북도,,,
16a67ce150665b0822c7,full_annotation_v1,A,q_수산물_06,횟집,식료품 중 '수산물'을 판매·제공하는 매장,val,수산물,T2 동의어,001ec0bf-0eda-4aa8-8efc-a90930649cf5,원프룻,농수산물,정이있는 구포시장,전통시장,부산광역시,,,
2f1ccb17e918c853f393,full_annotation_v1,A,q_수산물_06,횟집,식료품 중 '수산물'을 판매·제공하는 매장,val,수산물,T2 동의어,0130dbd3-b9ea-43f4-98fd-26d8afd90b78,모래내시장순대,식당,전주모래내시장,전통시장,전북특별자치도,,,
c51ba3c927faaaace912,full_annotation_v1,A,q_수산물_06,횟집,식료품 중 '수산물'을 판매·제공하는 매장,val,수산물,T2 동의어,129b93d4-7470-4d0b-8464-d443079947ac,지수네 수선,수선,㈜여수서시장,전통시장,전라남도,,,
97c113d8395fa59a19b3,full_annotation_v1,A,q_수산물_06,횟집,식료품 중 '수산물'을 판매·제공하는 매장,val,수산물,T2 동의어,004032ef-2ae7-4e97-ac30-b12a0869e930,시장횟집,횟집,광양매일시장(광양상설시장),전통시장,전라남도,,,
0b013ac6e5e511041d94,full_annotation_v1,A,q_수산물_06,횟집,식료품 중 '수산물'을 판매·제공하는 매장,val,수산물,T2 동의어,9045b4b2-74c9-4041-b9d9-66cfb88d03bd,회담횟집,횟집,하남 골목형상점가,골목형상점가,광주광역시,,,
749e1e2319c77bce6657,full_annotation_v1,A,q_수산물_06,횟집,식료품 중 '수산물'을 판매·제공하는 매장,val,수산물,T2 동의어,c0de2969-1a38-4192-a456-fd79f5c2756f,진도섬마을,횟집,남광주시장,전통시장,,,,
b4db69a83779748c9fda,full_annotation_v1,A,q_수산물_06,횟집,식료품 중 '수산물'을 판매·제공하는 매장,val,수산물,T2 동의어,fa978677-4897-4713-89d7-515b744f6e77,영광수산,횟집,센트럴프라자,골목형상점가,울산광역시,,,
fd7340d9b6e40b0cd510,full_annotation_v1,A,q_수산물_06,횟집,식료품 중 '수산물'을 판매·제공하는 매장,val,수산물,T2 동의어,8ea9b56f-3973-44ad-a788-7dec08969fad,영종섬,횟집,은하수길골목형상점가,골목형상점가,인천광역시,,,
4d7b8b3a5199c3f4f681,full_annotation_v1,A,q_수산물_06,횟집,식료품 중 '수산물'을 판매·제공하는 매장,val,수산물,T2 동의어,131d6ea8-4652-4f8a-a8cc-ec1b72baeec1,사직횟집,횟집,사직시장,전통시장,부산광역시,,,
845bfa1134e5151e9f3e,full_annotation_v1,A,q_수산물_06,횟집,식료품 중 '수산물'을 판매·제공하는 매장,val,수산물,T2 동의어,b421953e-53d0-4694-a77e-41ab544569f6,항구수산,횟집,신진항 골목형상점가,골목형상점가,충청남도,,,
2ec39f2038337bf11406,full_annotation_v1,A,q_수산물_06,횟집,식료품 중 '수산물'을 판매·제공하는 매장,val,수산물,T2 동의어,370b0d61-7cd0-4281-a719-c783c54c948c,사천식당,횟집,마산어시장,전통시장,경상남도,,,
5daa14a06ba4864220ed,full_annotation_v1,A,q_수산물_06,횟집,식료품 중 '수산물'을 판매·제공하는 매장,val,수산물,T2 동의어,009b69b5-365a-4958-87e7-f224f253b92a,동문올레횟집,횟집,동문수산시장,전통시장,제주특별자치도,,,
d883a12d3b1740d7cbf4,full_annotation_v1,A,q_수산물_06,횟집,식료품 중 '수산물'을 판매·제공하는 매장,val,수산물,T2 동의어,e6b549b3-6b52-4adc-919b-c35b70122bb5,해단횟집,횟집,고성시장,전통시장,경상남도,,,
cecda7aaf40e58c84dfe,full_annotation_v1,A,q_수산물_06,횟집,식료품 중 '수산물'을 판매·제공하는 매장,val,수산물,T2 동의어,00ac75c4-6e3f-4d23-8a6a-1dc8ba294b85,우진수산,"수산물, 활어",효자시장,전통시장,경상북도,,,
bf2b05f852c1b2f8c7ca,full_annotation_v1,A,q_수산물_06,횟집,식료품 중 '수산물'을 판매·제공하는 매장,val,수산물,T2 동의어,002e7e87-5677-44ca-85c4-9e5b87e7994f,한양수산,생선,안중시장,전통시장,경기도,,,
e21763bbf4f92a301ee2,full_annotation_v1,A,q_수산물_06,횟집,식료품 중 '수산물'을 판매·제공하는 매장,val,수산물,T2 동의어,a6479c93-8220-46d6-b375-feeab01e7ecd,광주아나고,횟집,남광주시장,전통시장,,,,
8175c9b69628db4a0a68,full_annotation_v1,A,q_수산물_06,횟집,식료품 중 '수산물'을 판매·제공하는 매장,val,수산물,T2 동의어,e0dd98b6-7686-4842-9bd1-a200850df9a5,무명네,횟집,구룡포시장,전통시장,경상북도,,,
7a974614dfe7933e47f2,full_annotation_v1,A,q_수산물_06,횟집,식료품 중 '수산물'을 판매·제공하는 매장,val,수산물,T2 동의어,158dfbc5-78dd-4455-a849-373cc4d3dbb1,남해횟집,횟집,자갈치해안시장,전통시장,부산광역시,,,
51757047fd5706f56b6c,full_annotation_v1,A,q_수산물_06,횟집,식료품 중 '수산물'을 판매·제공하는 매장,val,수산물,T2 동의어,007aece5-08b8-4eb0-b4c6-18d451eadcfd,영남상회,건어물,동쪽바다중앙시장(구 동해중앙시장),전통시장,강원특별자치도,,,
7997de3116abe2b9ec29,full_annotation_v1,A,q_수산물_06,횟집,식료품 중 '수산물'을 판매·제공하는 매장,val,수산물,T2 동의어,df5ccb2e-3f0b-4ef2-a94d-ba8e09739206,사강횟집,횟집,사강시장,전통시장,경기도,,,
ed92f85e34f50f444164,full_annotation_v1,A,q_수산물_06,횟집,식료품 중 '수산물'을 판매·제공하는 매장,val,수산물,T2 동의어,03cbd591-5ee7-4f9b-842e-8dc427925406,신흥상회,어물,상주중앙시장,전통시장,경상북도,,,
69101eddf9e38fcb4be0,full_annotation_v1,A,q_수산물_06,횟집,식료품 중 '수산물'을 판매·제공하는 매장,val,수산물,T2 동의어,b0efd9af-d2be-4538-9d64-713446c523ad,진양회수산,횟집,웃장,전통시장,전라남도,,,
d97d4b2d2d9747f1f7f6,full_annotation_v1,A,q_수산물_06,횟집,식료품 중 '수산물'을 판매·제공하는 매장,val,수산물,T2 동의어,0019e966-8007-4603-957c-4e9adcd1f05a,부남수산,수산물,서산동부전통시장,전통시장,충청남도,,,
988b68a6ed3abbc09387,full_annotation_v1,A,q_수산물_06,횟집,식료품 중 '수산물'을 판매·제공하는 매장,val,수산물,T2 동의어,02b6c1a9-b72e-4984-8610-ef65628755b3,이마트24 풍암신암점,편의점,금당산길상인회 골목형상점가,골목형상점가,광주광역시,,,
9f39fdf0f1036e9d61e4,full_annotation_v1,A,q_수산물_06,횟집,식료품 중 '수산물'을 판매·제공하는 매장,val,수산물,T2 동의어,8d52a472-efe4-4e6f-984d-8f62d9dd0ca5,송이네일,네일,이충 중심상가,골목형상점가,경기도,,,
caf463540becb01e1ea2,full_annotation_v1,A,q_수산물_06,횟집,식료품 중 '수산물'을 판매·제공하는 매장,val,수산물,T2 동의어,a7037c7f-85b1-462d-9895-ddbc1a603a9c,군산청주횟집,횟집,군산수산물종합센터,전통시장,전북특별자치도,,,
d4f11187de377452ff8b,full_annotation_v1,A,q_수산물_06,횟집,식료품 중 '수산물'을 판매·제공하는 매장,val,수산물,T2 동의어,d58370de-ad78-40d0-8afc-bd21dec2949e,용인달콩빵,빵류,용인중앙시장,전통시장,경기도,,,
6b9650891ed4edd126e3,full_annotation_v1,A,q_수산물_06,횟집,식료품 중 '수산물'을 판매·제공하는 매장,val,수산물,T2 동의어,fa617792-1903-40f4-bc6a-e3de89fa26f1,마산횟집,횟집,마산 석전시장,전통시장,경상남도,,,
ed68de739fe0406e50a8,full_annotation_v1,A,q_수산물_06,횟집,식료품 중 '수산물'을 판매·제공하는 매장,val,수산물,T2 동의어,038f89c5-a204-4c80-9e31-9d22a3ba4c95,연스시,초밥,노은역 골목형상점가,골목형상점가,대전광역시,,,
7a40e4347a0c781442d1,full_annotation_v1,A,q_수산물_06,횟집,식료품 중 '수산물'을 판매·제공하는 매장,val,수산물,T2 동의어,dc54577f-5512-40ea-938a-7e2b66812f9a,은총수산,횟집,강릉중앙시장,전통시장,강원특별자치도,,,
c7f36637501a615f26c9,full_annotation_v1,A,q_수산물_06,횟집,식료품 중 '수산물'을 판매·제공하는 매장,val,수산물,T2 동의어,617cb765-11f4-4a2e-b534-3d8a1df84139,남해횟집,횟집,초량상가시장,전통시장,부산광역시,,,
b5cd61baeb539a2e5fb0,full_annotation_v1,A,q_수산물_06,횟집,식료품 중 '수산물'을 판매·제공하는 매장,val,수산물,T2 동의어,f1098911-984b-4471-b443-b890ede81283,진주횟집,횟집,정이있는 구포시장,전통시장,부산광역시,,,
83cd5afef904518751a2,full_annotation_v1,A,q_수산물_06,횟집,식료품 중 '수산물'을 판매·제공하는 매장,val,수산물,T2 동의어,3526958d-da64-4c90-a75c-c55162fbe0d3,최씨어물전,,영천공설시장,전통시장,경상북도,,,
2272aa6fb6543774aa28,full_annotation_v1,A,q_수산물_06,횟집,식료품 중 '수산물'을 판매·제공하는 매장,val,수산물,T2 동의어,93290013-e1d6-4548-bcb6-e5d3dcb45dc7,하루엔소쿠,돈가스외,동두천큰시장,전통시장,경기도,,,
030a210fbd00ea4dfe6c,full_annotation_v1,A,q_수산물_06,횟집,식료품 중 '수산물'을 판매·제공하는 매장,val,수산물,T2 동의어,52d97870-44a6-40f0-bc11-09867a025981,용상시장횟집,횟집,용상공설시장,전통시장,경상북도,,,
684a1d3387df67bddaa2,full_annotation_v1,A,q_수산물_06,횟집,식료품 중 '수산물'을 판매·제공하는 매장,val,수산물,T2 동의어,8cf74ba3-6efb-4028-9602-3111e720223b,충무유통,횟집,진주 자유시장,전통시장,경상남도,,,
73def14f6e243ddd7d33,full_annotation_v1,A,q_수산물_06,횟집,식료품 중 '수산물'을 판매·제공하는 매장,val,수산물,T2 동의어,1aad675e-3e07-4e31-9fb1-b970ead2f571,삼천포,횟집,자갈치해안시장,전통시장,부산광역시,,,
44c34c63d41cf9351ad8,full_annotation_v1,A,q_수산물_06,횟집,식료품 중 '수산물'을 판매·제공하는 매장,val,수산물,T2 동의어,c2092d5c-bffa-4aa9-955d-d75257147e01,진해횟집,횟집,마산어시장,전통시장,경상남도,,,
511594732a93df6c5c83,full_annotation_v1,A,q_수산물_06,횟집,식료품 중 '수산물'을 판매·제공하는 매장,val,수산물,T2 동의어,c7c0cd31-ba49-42f5-b408-2e284f2410d7,우성수산,횟집,사강시장,전통시장,경기도,,,
9a37a3beb1f48ddecf91,full_annotation_v1,A,q_수산물_06,횟집,식료품 중 '수산물'을 판매·제공하는 매장,val,수산물,T2 동의어,82484670-6b6a-4f80-9069-bbe414ad7f43,일호횟집,횟집,마산어시장,전통시장,경상남도,,,
ff39eef8b848f92b8483,full_annotation_v1,A,q_수산물_06,횟집,식료품 중 '수산물'을 판매·제공하는 매장,val,수산물,T2 동의어,6b70fe46-6d1b-49a0-bf3f-05b501832ae4,동해수산,횟집,부평종합시장,전통시장,인천광역시,,,
5f895a01aff24f4d86ec,full_annotation_v1,A,q_수산물_06,횟집,식료품 중 '수산물'을 판매·제공하는 매장,val,수산물,T2 동의어,01286ec0-50e0-4540-b678-ec706fb3bcbb,설곰식당,식당,산업용재관,전통시장,대구광역시,,,
e25e9970e199f9837cdf,full_annotation_v1,A,q_수산물_06,횟집,식료품 중 '수산물'을 판매·제공하는 매장,val,수산물,T2 동의어,dfbe4ff1-ec4c-48dd-976e-ee54076a1331,김진사횟집,횟집,마산어시장,전통시장,경상남도,,,
f6e138d287a6cbf3e16c,full_annotation_v1,A,q_수산물_06,횟집,식료품 중 '수산물'을 판매·제공하는 매장,val,수산물,T2 동의어,e46a0d40-d5b4-4cfa-8e38-1db6c7ea861a,막썰어횟집,횟집,함양 지리산함양시장,전통시장,경상남도,,,
7983f3dd9b1965718638,full_annotation_v1,A,q_수산물_06,횟집,식료품 중 '수산물'을 판매·제공하는 매장,val,수산물,T2 동의어,d5b7d36b-244d-4279-8ce9-c0e98d1d6a29,삼성횟집,횟집,다대씨-파크시장,전통시장,부산광역시,,,
0255166c5ce495419336,full_annotation_v1,A,q_수산물_06,횟집,식료품 중 '수산물'을 판매·제공하는 매장,val,수산물,T2 동의어,0a731822-122b-4d27-99fa-a89d49e803cc,개미식당,횟집,금호공설시장,전통시장,경상북도,,,
74d54be248bda2c8de6f,full_annotation_v1,A,q_수산물_06,횟집,식료품 중 '수산물'을 판매·제공하는 매장,val,수산물,T2 동의어,00a0d437-836b-453d-b15e-55fbf7dc8460,대박수산,생선,청주육거리종합시장,전통시장,충청북도,,,
762d8fcd16c2414d6882,full_annotation_v1,A,q_수산물_06,횟집,식료품 중 '수산물'을 판매·제공하는 매장,val,수산물,T2 동의어,8a565dc6-1862-4efa-a3ab-1b1aa694ce2c,부일횟집,횟집,백년소상공인,,경상남도,,,
6cc818864a09bc5ec8b9,full_annotation_v1,A,q_수산물_06,횟집,식료품 중 '수산물'을 판매·제공하는 매장,val,수산물,T2 동의어,e9e331f7-400b-47d7-bacc-7754799a51f2,대박수산,횟집,한보라 골목형상점가,골목형상점가,경기도,,,
e4d377e0b8fdfc3dd9ac,full_annotation_v1,A,q_수산물_06,횟집,식료품 중 '수산물'을 판매·제공하는 매장,val,수산물,T2 동의어,00779863-22b7-4378-adca-42362eff7e3f,장복횟집.수산,생선회,"안면도수산시장(구, 안면도장터)",전통시장,충청남도,,,
f688da93407bf6443091,full_annotation_v1,A,q_수산물_06,횟집,식료품 중 '수산물'을 판매·제공하는 매장,val,수산물,T2 동의어,c4220bb1-c2cb-4267-a773-99195fc914bd,의령횟집,횟집,창원 토월복합상가시장,전통시장,경상남도,,,
09f55e0b2f7ecd87fcbe,full_annotation_v1,A,q_수산물_06,횟집,식료품 중 '수산물'을 판매·제공하는 매장,val,수산물,T2 동의어,ce220f18-2f10-4af3-b3c7-a2f77386a4f6,남부수산남부활어횟집,횟집,아랫장,전통시장,전라남도,,,
f779f84d1686291f594e,full_annotation_v1,A,q_수산물_06,횟집,식료품 중 '수산물'을 판매·제공하는 매장,val,수산물,T2 동의어,55669630-5c38-4af7-8fc1-d6698a7cd4e0,썬빈횟집,횟집,주문진건어물시장,전통시장,강원특별자치도,,,
292d6c1664655e9c49ec,full_annotation_v1,A,q_수산물_06,횟집,식료품 중 '수산물'을 판매·제공하는 매장,val,수산물,T2 동의어,f5633003-c2f6-4c1f-bca3-81bf947f6055,해구신,횟집,인천모래내전통시장,전통시장,인천광역시,,,
ace852f5aeb3d557705d,full_annotation_v1,A,q_수산물_06,횟집,식료품 중 '수산물'을 판매·제공하는 매장,val,수산물,T2 동의어,010c1855-b46f-4e37-b975-8115c4249b0f,용궁횟집,,자갈치시장,전통시장,부산광역시,,,
469d1c936fc4838f4942,full_annotation_v1,A,q_수산물_06,횟집,식료품 중 '수산물'을 판매·제공하는 매장,val,수산물,T2 동의어,00bd252b-19f9-4e9a-bf26-b45280bb84ae,선옥상회,생선,고성 공룡시장,전통시장,경상남도,,,
e1c13105016a30272c6e,full_annotation_v1,A,q_수산물_06,횟집,식료품 중 '수산물'을 판매·제공하는 매장,val,수산물,T2 동의어,7969f69d-2fe3-4a8c-87ec-d439a9937776,싱싱회집2호점,횟집,중앙신시장,전통시장,경상북도,,,
ad0ca47cf3cb18242676,full_annotation_v1,A,q_수산물_06,횟집,식료품 중 '수산물'을 판매·제공하는 매장,val,수산물,T2 동의어,ebb0d7ab-1ec5-4a5b-bbad-89cbd4881301,민물나라 횟집,,김해 진영전통시장,전통시장,경상남도,,,
74cb696c92f6ca2ae415,full_annotation_v1,A,q_수산물_06,횟집,식료품 중 '수산물'을 판매·제공하는 매장,val,수산물,T2 동의어,cc6822a7-7ccb-4feb-8a6e-14bba72ffe31,착한횟집,횟집,못골골목시장,전통시장,부산광역시,,,
17b6a77432f0064061d0,full_annotation_v1,A,q_수산물_06,횟집,식료품 중 '수산물'을 판매·제공하는 매장,val,수산물,T2 동의어,44b709f7-d342-4322-b7d6-a0a60c7e14ee,삼포수산,횟집,마산가고파수산시장,전통시장,경상남도,,,
6b862fd9e28b3caee691,full_annotation_v1,A,q_수산물_06,횟집,식료품 중 '수산물'을 판매·제공하는 매장,val,수산물,T2 동의어,2de98a50-cbe4-45a1-af37-8539af07261a,곰포횟집,횟집,민락회타운시장,전통시장,부산광역시,,,
16c1cd9b16b0d9ae5300,full_annotation_v1,A,q_수산물_06,횟집,식료품 중 '수산물'을 판매·제공하는 매장,val,수산물,T2 동의어,200bfd71-e491-4960-b654-062a071265f6,숙이네,횟집,대포항골목형상점가B,골목형상점가,강원특별자치도,,,
58c45c3a1e3271bbd38f,full_annotation_v1,A,q_수산물_06,횟집,식료품 중 '수산물'을 판매·제공하는 매장,val,수산물,T2 동의어,4c437991-b28a-4b20-bfb1-111b15f806fe,장안횟집식당,횟집,부안상설시장,전통시장,전북특별자치도,,,
2d1dd956eb66d3fa70a8,full_annotation_v1,A,q_수산물_06,횟집,식료품 중 '수산물'을 판매·제공하는 매장,val,수산물,T2 동의어,016ddf29-de07-40e1-a642-8c2a45a6f19d,연희어시장,횟집,연희로 골목형상점가,골목형상점가,인천광역시,,,
c9ffbb387a32be06b6b7,full_annotation_v1,A,q_수산물_06,횟집,식료품 중 '수산물'을 판매·제공하는 매장,val,수산물,T2 동의어,d6a07f8a-8bd4-4b83-beb5-8a1bb4fcb518,용촌회집,횟집,속초종합중앙시장,전통시장,강원특별자치도,,,
cfa517e2494005888533,full_annotation_v1,A,q_수산물_06,횟집,식료품 중 '수산물'을 판매·제공하는 매장,val,수산물,T2 동의어,921bf435-506f-4239-a1cf-71685a4e7fc6,동해,횟집,남구 용대로 골목형상점가,골목형상점가,광주광역시,,,
af865f83908aa73531bb,full_annotation_v1,A,q_수산물_06,횟집,식료품 중 '수산물'을 판매·제공하는 매장,val,수산물,T2 동의어,5e4e88a4-0a40-49bc-ab43-e7bbca9c6dab,창녕횟집,횟집,마산 석전시장,전통시장,경상남도,,,
5a00a8f9baa4c6907bd5,full_annotation_v1,A,q_수산물_06,횟집,식료품 중 '수산물'을 판매·제공하는 매장,val,수산물,T2 동의어,00445369-fa3a-4cd3-ae3a-6564876f4199,용수상회,수산물,서문시장건해산물상가,전통시장,대구광역시,,,
a9469ec482e773df85ab,full_annotation_v1,A,q_수산물_06,횟집,식료품 중 '수산물'을 판매·제공하는 매장,val,수산물,T2 동의어,db458fe1-14ae-4bdb-a6ef-294583e07a08,부산횟집,횟집,다대씨-파크시장,전통시장,부산광역시,,,
85373ae0de96200a3b4f,full_annotation_v1,A,q_수산물_06,횟집,식료품 중 '수산물'을 판매·제공하는 매장,val,수산물,T2 동의어,271fc4eb-49f8-4a97-8358-51076405853f,순자네횟집,횟집,속초종합중앙시장,전통시장,강원특별자치도,,,
15de138784c750fda5e8,full_annotation_v1,A,q_수산물_06,횟집,식료품 중 '수산물'을 판매·제공하는 매장,val,수산물,T2 동의어,009fbffe-11b3-4eba-b65a-696f4f59f079,인어횟집,횟집,목포북항상점가,자율상권구역,전라남도,,,
11d25ac141772e306090,full_annotation_v1,A,q_수산물_06,횟집,식료품 중 '수산물'을 판매·제공하는 매장,val,수산물,T2 동의어,005429a3-030e-492f-973c-1d5842eeac56,미래횟집,활어,사천 삼천포용궁수산시장,전통시장,경상남도,,,
6e03eb38610b20ed885e,full_annotation_v1,A,q_수산물_06,횟집,식료품 중 '수산물'을 판매·제공하는 매장,val,수산물,T2 동의어,5db4a8b9-fc51-4198-a68f-7489de0ff626,해운대활어회센타,횟집,해운대시장,전통시장,부산광역시,,,
acdeed843bfcc410deac,full_annotation_v1,A,q_수산물_06,횟집,식료품 중 '수산물'을 판매·제공하는 매장,val,수산물,T2 동의어,93085b08-6825-4b6f-9476-12a09920470f,대양정육점,정육,충훈시장,기타,경기도,,,
4201bd8955400190ad04,full_annotation_v1,A,q_수산물_06,횟집,식료품 중 '수산물'을 판매·제공하는 매장,val,수산물,T2 동의어,b0583502-5e36-4325-b7cd-f17b3b5396cf,바다횟집,횟집,마산 오동동상인연합상가,자율상권구역,경상남도,,,
d373ff8350fd7f10cb71,full_annotation_v1,A,q_수산물_06,횟집,식료품 중 '수산물'을 판매·제공하는 매장,val,수산물,T2 동의어,344ee3b9-f376-4ac4-8ffd-96a03398542d,전대주유소,유류,신안동용봉초건너편 골목형상점가,골목형상점가,광주광역시,,,
399bbd9793d63becc947,full_annotation_v1,A,q_수산물_06,횟집,식료품 중 '수산물'을 판매·제공하는 매장,val,수산물,T2 동의어,aea2a668-7492-4f27-83da-59ebb96c16d2,더블엠구강안면외과치과의원,치과,치평상무역상인회 골목형상점가,골목형상점가,광주광역시,,,
1418e66951415266ff57,full_annotation_v1,A,q_수산물_06,횟집,식료품 중 '수산물'을 판매·제공하는 매장,val,수산물,T2 동의어,f1b5ce83-4cbb-465f-a844-f64b3279f8b6,미소정육점,정육점,성서와룡시장,전통시장,대구광역시,,,
952b4227e73a640f5c78,full_annotation_v1,A,q_수산물_06,횟집,식료품 중 '수산물'을 판매·제공하는 매장,val,수산물,T2 동의어,005eb589-94b0-4a7e-b4e4-ef8cf64b0762,스시쿄다이,일식,동홍8번가 골목형상점가,골목형상점가,제주특별자치도,,,
496b1eba880ee9614afa,full_annotation_v1,A,q_수산물_06,횟집,식료품 중 '수산물'을 판매·제공하는 매장,val,수산물,T2 동의어,6654f0e8-8380-435f-bc97-0be1c790ddcd,달밤,횟집,은하수길골목형상점가,골목형상점가,인천광역시,,,
a2e901843e7f674fde48,full_annotation_v1,A,q_수산물_06,횟집,식료품 중 '수산물'을 판매·제공하는 매장,val,수산물,T2 동의어,84ddfae0-287b-4277-85ad-0f71ef178dcc,천일횟집,횟집,수정전통시장,전통시장,부산광역시,,,
262bcf3de43498656a67,full_annotation_v1,A,q_수산물_06,횟집,식료품 중 '수산물'을 판매·제공하는 매장,val,수산물,T2 동의어,9874bc17-3a9d-427b-bdc7-093567c34fbe,사랑횟집1호,횟집,주문진건어물시장,전통시장,강원특별자치도,,,
117abb634d3e9285accb,full_annotation_v1,A,q_수산물_06,횟집,식료품 중 '수산물'을 판매·제공하는 매장,val,수산물,T2 동의어,00fcc68d-3086-4b45-b998-f3763e8dbf7d,꼬치마요 산본역점(9호점),일식,산본로데오거리(구 산본중심상가),자율상권구역,경기도,,,
30858c23c5d972805c6f,full_annotation_v1,A,q_수산물_06,횟집,식료품 중 '수산물'을 판매·제공하는 매장,val,수산물,T2 동의어,c9275d25-8403-4bdd-8475-27e01e807cd5,산호횟집,횟집,광안어패류시장,전통시장,부산광역시,,,
9ab4a1184dec1809e2b1,full_annotation_v1,A,q_수산물_06,횟집,식료품 중 '수산물'을 판매·제공하는 매장,val,수산물,T2 동의어,1c30c91c-3c16-424b-b32d-3e6aef6793e8,대영횟집,횟집,영월종합상가,전통시장,강원특별자치도,,,
2c448d9c253b0bb91769,full_annotation_v1,A,q_수산물_06,횟집,식료품 중 '수산물'을 판매·제공하는 매장,val,수산물,T2 동의어,00e04e3d-cb00-4d64-a13d-a9c02f9a4fc8,대림수산,활어,자갈치시장,전통시장,부산광역시,,,
5b180acc33071d6b0972,full_annotation_v1,A,q_수산물_06,횟집,식료품 중 '수산물'을 판매·제공하는 매장,val,수산물,T2 동의어,fc8183b1-45b8-4b72-8e73-b2efdf4c8954,충주횟집,횟집,속초종합중앙시장,전통시장,강원특별자치도,,,
ad7b91fc4c96226559ac,full_annotation_v1,A,q_수산물_06,횟집,식료품 중 '수산물'을 판매·제공하는 매장,val,수산물,T2 동의어,60dbcf8c-ce7d-4f39-8007-2087c477c321,충남횟집,횟집,대전정원시장,전통시장,대전광역시,,,
d09aefee2af1a1191760,full_annotation_v1,A,q_수산물_06,횟집,식료품 중 '수산물'을 판매·제공하는 매장,val,수산물,T2 동의어,14fe0591-5588-404d-b6f9-bfc31684dea0,고기쟁이,횟집,연제오방 상권활성화구역,상권활성화구역,부산광역시,,,
3738c0ed97b00eb89604,full_annotation_v1,A,q_수산물_06,횟집,식료품 중 '수산물'을 판매·제공하는 매장,val,수산물,T2 동의어,a1212d2c-e4a6-488c-a67e-e04ac6289bf3,어촌횟집,횟집,광안어패류시장,전통시장,부산광역시,,,
8b1fb41cd26cde41041b,full_annotation_v1,A,q_수산물_06,횟집,식료품 중 '수산물'을 판매·제공하는 매장,val,수산물,T2 동의어,00cc4859-307a-43ef-9654-2f6aa6fc404d,서산상회,생선,노량진수산시장골목형상점가,골목형상점가,서울특별시,,,
4bb84dbdf9d16dbfbd95,full_annotation_v1,A,q_수산물_06,횟집,식료품 중 '수산물'을 판매·제공하는 매장,val,수산물,T2 동의어,b90d7434-57de-46d2-8030-83d1c79475f2,군산실비횟집,횟집,명산시장,전통시장,전북특별자치도,,,
91a353b94d112bf984b2,full_annotation_v1,A,q_수산물_06,횟집,식료품 중 '수산물'을 판매·제공하는 매장,val,수산물,T2 동의어,5b41abfd-a345-42f4-aaf4-adeb466f9a39,권가네회센터,횟집,화정동 서부시장,전통시장,광주광역시,,,
1fae367a27a3f11d47cd,full_annotation_v1,A,q_수산물_06,횟집,식료품 중 '수산물'을 판매·제공하는 매장,val,수산물,T2 동의어,000d55be-8181-4f45-827e-52082b2ae284,명희유통,건어물,성북시장,전통시장,부산광역시,,,
9d80fb2dbc7294905abe,full_annotation_v1,A,q_수산물_06,횟집,식료품 중 '수산물'을 판매·제공하는 매장,val,수산물,T2 동의어,d092b568-030e-41f9-9f7d-16483016e1cd,서정,횟집,㈜여수서시장,전통시장,전라남도,,,
232fac49ccf1845657e8,full_annotation_v1,A,q_수산물_06,횟집,식료품 중 '수산물'을 판매·제공하는 매장,val,수산물,T2 동의어,017d5340-d17e-4b0e-87bc-075523e170e7,삼호횟집,횟집,목포동부시장,전통시장,전라남도,,,
0e0fc8a68c8adbbc0903,full_annotation_v1,A,q_수산물_06,횟집,식료품 중 '수산물'을 판매·제공하는 매장,val,수산물,T2 동의어,c8f4f2c2-1749-4c92-aa7c-7a5e1e156416,영덕회마을,횟집,수암상가시장,전통시장,울산광역시,,,
95ac7d7665dfb99264a1,full_annotation_v1,A,q_수산물_06,횟집,식료품 중 '수산물'을 판매·제공하는 매장,val,수산물,T2 동의어,316f1a70-10c7-41eb-bb8f-448d2ceff8b0,황금어장,횟집,고성시장,전통시장,경상남도,,,
4a92120f3cb6ed6e9027,full_annotation_v1,A,q_수산물_06,횟집,식료품 중 '수산물'을 판매·제공하는 매장,val,수산물,T2 동의어,008cfdc1-610a-407a-a03b-4c6dae7106f4,주영수산,활어,목포북항상점가,자율상권구역,전라남도,,,
f1ae2ecf0f99f757f166,full_annotation_v1,A,q_수산물_06,횟집,식료품 중 '수산물'을 판매·제공하는 매장,val,수산물,T2 동의어,a44b0ed2-9e0f-4101-8f54-1ea3cccd5097,어촌,횟집,부산자갈밭시장,전통시장,부산광역시,,,
3cb927161d8a686055a0,full_annotation_v1,A,q_수산물_06,횟집,식료품 중 '수산물'을 판매·제공하는 매장,val,수산물,T2 동의어,5d834ca3-ae4a-4384-a584-6310df7ba2ce,청정바다횟집,횟집,마산어시장,전통시장,경상남도,,,
0d507dd49605901288e5,full_annotation_v1,A,q_수산물_06,횟집,식료품 중 '수산물'을 판매·제공하는 매장,val,수산물,T2 동의어,dad3b530-7e70-4f01-8a5a-519dd66e5d19,일번횟집,횟집,마산 부림시장,전통시장,경상남도,,,
4c75a45b08ae56440835,full_annotation_v1,A,q_수산물_06,횟집,식료품 중 '수산물'을 판매·제공하는 매장,val,수산물,T2 동의어,01afaafa-2a46-4977-8015-55762957ee7a,다래초밥,초밥,동문동 골목형상점가,골목형상점가,충청남도,,,
1a5604aae01083818ed6,full_annotation_v1,A,q_수산물_06,횟집,식료품 중 '수산물'을 판매·제공하는 매장,val,수산물,T2 동의어,a7e9dbc6-567c-429c-bfcf-6bd17316ed5f,소이지업사,지물류,설성골목형상점가,골목형상점가,충청북도,,,
5ef40069cb33cfb6f030,full_annotation_v1,A,q_수산물_06,횟집,식료품 중 '수산물'을 판매·제공하는 매장,val,수산물,T2 동의어,77c3a8e2-e59c-463e-8f0c-4d05f87a0217,신선횟집,횟집,주문진건어물시장,전통시장,강원특별자치도,,,
7429cb9a41f56c7f5efa,full_annotation_v1,A,q_수산물_06,횟집,식료품 중 '수산물'을 판매·제공하는 매장,val,수산물,T2 동의어,8c736ae2-9ecb-4909-95f2-ff9ddb13adb9,민정이네,횟집,대포항골목형상점가B,골목형상점가,강원특별자치도,,,
dce9aa8138efbb677c5f,full_annotation_v1,A,q_수산물_06,횟집,식료품 중 '수산물'을 판매·제공하는 매장,val,수산물,T2 동의어,0cc183fa-b9bb-473c-85c9-6d21f80ad464,가덕도횟집,횟집,정이있는 구포시장,전통시장,부산광역시,,,
748abaeb3a93a06be6f1,full_annotation_v1,A,q_수산물_06,횟집,식료품 중 '수산물'을 판매·제공하는 매장,val,수산물,T2 동의어,fc6768be-a997-4107-b989-aad240e59ec0,귀빈횟집,횟집,강진마량 횟집거리 상점가,골목형상점가,전라남도,,,
c82d1996307262cddc19,full_annotation_v1,A,q_수산물_06,횟집,식료품 중 '수산물'을 판매·제공하는 매장,val,수산물,T2 동의어,d75ed9f6-b239-41c6-b67d-7e4c78d74bbb,성광맛횟집,횟집,남항시장,전통시장,부산광역시,,,
692e1dd6ff61d9b251b2,full_annotation_v1,A,q_수산물_06,횟집,식료품 중 '수산물'을 판매·제공하는 매장,val,수산물,T2 동의어,4ce4e614-b8e6-4c92-b1ef-14a4462ff06e,우리횟집,횟집,정이있는 구포시장,전통시장,부산광역시,,,
ae9c8b94aa877fe8b1aa,full_annotation_v1,A,q_수산물_06,횟집,식료품 중 '수산물'을 판매·제공하는 매장,val,수산물,T2 동의어,00ba389b-e522-4da5-ac26-2ffaf33359ec,스시노유키,초밥,산본로데오거리(구 산본중심상가),자율상권구역,경기도,,,
ac2e525e037a00c0b110,full_annotation_v1,A,q_수산물_06,횟집,식료품 중 '수산물'을 판매·제공하는 매장,val,수산물,T2 동의어,0016aa1a-5730-45a0-b427-06b0f51fc005,든든한밥상,농수산물,화산면 골목형상점가,골목형상점가,전라남도,,,
86536e2de19027b2c67d,full_annotation_v1,A,q_수산물_06,횟집,식료품 중 '수산물'을 판매·제공하는 매장,val,수산물,T2 동의어,97ea6f45-e505-47c9-921a-524ee0660cd9,세꼬시회일번지,횟집,돈암시장,전통시장,서울특별시,,,
04b8859fc8a4572e3ad7,full_annotation_v1,A,q_수산물_06,횟집,식료품 중 '수산물'을 판매·제공하는 매장,val,수산물,T2 동의어,5fb4aa2a-6ea4-4b2d-aa7e-2535e56d3965,싸다꼬횟집,횟집,반여2동상가시장,전통시장,부산광역시,,,
1f8d4c289aa54d61b0de,full_annotation_v1,A,q_수산물_06,횟집,식료품 중 '수산물'을 판매·제공하는 매장,val,수산물,T2 동의어,81a3f7d8-936e-4cca-ad5a-9d6e702493d1,바다회센타,횟집,북문시장,전통시장,경상북도,,,
c9a9dadd9d7d25568968,full_annotation_v1,A,q_수산물_06,횟집,식료품 중 '수산물'을 판매·제공하는 매장,val,수산물,T2 동의어,0bf687ec-4ea8-4932-a2c4-401f28aab97f,중앙어물,어물,모슬포 중앙시장,전통시장,제주특별자치도,,,
ff94dc6d4e47309be96c,full_annotation_v1,A,q_수산물_06,횟집,식료품 중 '수산물'을 판매·제공하는 매장,val,수산물,T2 동의어,fa2c2e75-a232-4dbe-a853-38ea7f18df7d,진주횟집,횟집,방어진항 골목형상점가,골목형상점가,울산광역시,,,
6f14ae7a5276a471fa0a,full_annotation_v1,A,q_수산물_06,횟집,식료품 중 '수산물'을 판매·제공하는 매장,val,수산물,T2 동의어,004d071d-dda6-41e4-9fcb-7c74c8f8ef0f,영남상회,건어물,수영팔도시장(구 수영팔도상가시장),전통시장,부산광역시,,,
8d761d9f1cb58a900849,full_annotation_v1,A,q_수산물_06,횟집,식료품 중 '수산물'을 판매·제공하는 매장,val,수산물,T2 동의어,5eb7c158-cab5-4510-ae1c-7d1e8d1d636e,팔도수산,횟집,원조낙지골목상점가,자율상권구역,전라남도,,,
2d61f28db6c993df6ef1,full_annotation_v1,A,q_수산물_06,횟집,식료품 중 '수산물'을 판매·제공하는 매장,val,수산물,T2 동의어,0333f16c-ff56-4e80-a1c7-dd77a81300df,로봇초밥마켓 과천래미안점,초밥,과천슈르탑 골목형상점가,골목형상점가,경기도,,,
4b9cae629e14bd7c7765,full_annotation_v1,A,q_수산물_06,횟집,식료품 중 '수산물'을 판매·제공하는 매장,val,수산물,T2 동의어,153fce7a-47d4-46d0-9907-258c29cc20b0,우리횟집,횟집,정이있는 구포시장,전통시장,부산광역시,,,
97c66ce9a52f39a5a7a1,full_annotation_v1,A,q_수산물_06,횟집,식료품 중 '수산물'을 판매·제공하는 매장,val,수산물,T2 동의어,00298213-17ea-453a-b6e6-375d9ef636b6,대양농수산,농수산물,부평깡시장,전통시장,인천광역시,,,
38bc89a952fcb0d8e722,full_annotation_v1,A,q_수산물_07,갈치,식료품 중 '수산물'을 판매·제공하는 매장,val,수산물,T3 개념확장,00a0d437-836b-453d-b15e-55fbf7dc8460,대박수산,생선,청주육거리종합시장,전통시장,충청북도,,,
e34fd742e33c6cd486b9,full_annotation_v1,A,q_수산물_07,갈치,식료품 중 '수산물'을 판매·제공하는 매장,val,수산물,T3 개념확장,004032ef-2ae7-4e97-ac30-b12a0869e930,시장횟집,횟집,광양매일시장(광양상설시장),전통시장,전라남도,,,
31785766d0710e9e5bd1,full_annotation_v1,A,q_수산물_07,갈치,식료품 중 '수산물'을 판매·제공하는 매장,val,수산물,T3 개념확장,6698e568-b2a9-4053-b169-39acd7b24e88,백운수산,갈치 조기 병어,봉주 골목형상점가,골목형상점가,광주광역시,,,
d6d8c5283b87f6a97f35,full_annotation_v1,A,q_수산물_07,갈치,식료품 중 '수산물'을 판매·제공하는 매장,val,수산물,T3 개념확장,0333f16c-ff56-4e80-a1c7-dd77a81300df,로봇초밥마켓 과천래미안점,초밥,과천슈르탑 골목형상점가,골목형상점가,경기도,,,
9ff7142f7cef47513b85,full_annotation_v1,A,q_수산물_07,갈치,식료품 중 '수산물'을 판매·제공하는 매장,val,수산물,T3 개념확장,3ede7250-6b21-4959-b88a-94873600f4eb,제주삼다갈치,갈치조림,대인동예술담길 골목형상점가,골목형상점가,광주광역시,,,
ce4b34b9477c26c45934,full_annotation_v1,A,q_수산물_07,갈치,식료품 중 '수산물'을 판매·제공하는 매장,val,수산물,T3 개념확장,5b2d5dd1-7a2e-4b10-a860-7dd519659eaf,선어도매22호,갈치,인천종합어시장,전통시장,인천광역시,,,
1bca065ad347a7f3f368,full_annotation_v1,A,q_수산물_07,갈치,식료품 중 '수산물'을 판매·제공하는 매장,val,수산물,T3 개념확장,4e212ca6-2830-4088-a175-3a21c1777645,선도37호(윤희상회),조기 갈치,인천종합어시장,전통시장,인천광역시,,,
84da3bbf341ce3eeee6c,full_annotation_v1,A,q_수산물_07,갈치,식료품 중 '수산물'을 판매·제공하는 매장,val,수산물,T3 개념확장,001ec0bf-0eda-4aa8-8efc-a90930649cf5,원프룻,농수산물,정이있는 구포시장,전통시장,부산광역시,,,
32f98e606c52a9c59098,full_annotation_v1,A,q_수산물_07,갈치,식료품 중 '수산물'을 판매·제공하는 매장,val,수산물,T3 개념확장,381b2d0b-dc3a-45c6-94ec-9828b27710da,벌교 수진수산,갈치 고등어 등,벌교매일시장,전통시장,전라남도,,,
05ed05966a3ce0f6afbf,full_annotation_v1,A,q_수산물_07,갈치,식료품 중 '수산물'을 판매·제공하는 매장,val,수산물,T3 개념확장,e99a7653-eeff-43a8-8c9d-ac48dad017c5,제주갈치,,와룡로 골목형상점가,골목형상점가,전북특별자치도,,,
a34e909c5bae7035b817,full_annotation_v1,A,q_수산물_07,갈치,식료품 중 '수산물'을 판매·제공하는 매장,val,수산물,T3 개념확장,41dc7e93-3b57-4bd2-85b9-eee4deea1615,새댁이갈치,수산물,마산어시장,전통시장,경상남도,,,
ee941e563734c62707cf,full_annotation_v1,A,q_수산물_07,갈치,식료품 중 '수산물'을 판매·제공하는 매장,val,수산물,T3 개념확장,50619ed9-66fc-4aef-930f-8043000ea2d8,여수갈치한상,갈치조림,여수진남상가,자율상권구역,전라남도,,,
9cd09f921331a352694f,full_annotation_v1,A,q_수산물_07,갈치,식료품 중 '수산물'을 판매·제공하는 매장,val,수산물,T3 개념확장,000d55be-8181-4f45-827e-52082b2ae284,명희유통,건어물,성북시장,전통시장,부산광역시,,,
82346f173d52491dbece,full_annotation_v1,A,q_수산물_07,갈치,식료품 중 '수산물'을 판매·제공하는 매장,val,수산물,T3 개념확장,e7b078f8-5bfb-4db3-b539-bd8922668f14,묘미네,돼지고기낙지 갈치굴홍어,미라클,골목형상점가,광주광역시,,,
d26b9fba21c9be482fd2,full_annotation_v1,A,q_수산물_07,갈치,식료품 중 '수산물'을 판매·제공하는 매장,val,수산물,T3 개념확장,038f89c5-a204-4c80-9e31-9d22a3ba4c95,연스시,초밥,노은역 골목형상점가,골목형상점가,대전광역시,,,
2834a3ef5e54bf2d0b0a,full_annotation_v1,A,q_수산물_07,갈치,식료품 중 '수산물'을 판매·제공하는 매장,val,수산물,T3 개념확장,00ba389b-e522-4da5-ac26-2ffaf33359ec,스시노유키,초밥,산본로데오거리(구 산본중심상가),자율상권구역,경기도,,,
9d2e779b7bad2caf2b6b,full_annotation_v1,A,q_수산물_07,갈치,식료품 중 '수산물'을 판매·제공하는 매장,val,수산물,T3 개념확장,5452b08d-ce56-4f35-88e3-f9ac1beb9d11,소문난갈치,갈치,중앙로상점가,자율상권구역,제주특별자치도,,,
6a5957bbcc9bdd6b3469,full_annotation_v1,A,q_수산물_07,갈치,식료품 중 '수산물'을 판매·제공하는 매장,val,수산물,T3 개념확장,a9b76ac7-373d-4198-b25c-13537428f539,충남상회,갈치,인천종합어시장,전통시장,인천광역시,,,
7b77e9cfb3f96ab7b7da,full_annotation_v1,A,q_수산물_07,갈치,식료품 중 '수산물'을 판매·제공하는 매장,val,수산물,T3 개념확장,004d071d-dda6-41e4-9fcb-7c74c8f8ef0f,영남상회,건어물,수영팔도시장(구 수영팔도상가시장),전통시장,부산광역시,,,
7c92a3c36e0cd591a82f,full_annotation_v1,A,q_수산물_07,갈치,식료품 중 '수산물'을 판매·제공하는 매장,val,수산물,T3 개념확장,23799dd3-5b84-4fb2-91c0-61378704be4b,자갈치,활어,연신내골목형상점가,골목형상점가,서울특별시,,,
84a996357d2bc35afad2,full_annotation_v1,A,q_수산물_07,갈치,식료품 중 '수산물'을 판매·제공하는 매장,val,수산물,T3 개념확장,0d295f91-aeff-49c1-a4e2-5ee1e5003d2c,삼원수산,갈치,인천종합어시장,전통시장,인천광역시,,,
a6ec38b9880d73fb90af,full_annotation_v1,A,q_수산물_07,갈치,식료품 중 '수산물'을 판매·제공하는 매장,val,수산물,T3 개념확장,ba184be8-6492-4987-8427-18b9be15a37f,블루제이커피스페이스,커피,왕십리무학봉상점가,자율상권구역,서울특별시,,,
2775d3a8de969491a39a,full_annotation_v1,A,q_수산물_07,갈치,식료품 중 '수산물'을 판매·제공하는 매장,val,수산물,T3 개념확장,00cc4859-307a-43ef-9654-2f6aa6fc404d,서산상회,생선,노량진수산시장골목형상점가,골목형상점가,서울특별시,,,
5583d602548635056433,full_annotation_v1,A,q_수산물_07,갈치,식료품 중 '수산물'을 판매·제공하는 매장,val,수산물,T3 개념확장,e69fd09d-ae57-4b87-bb07-acd33daf9306,갈치랑고등어,한식,해미읍성전통시장,전통시장,충청남도,,,
a0684e161a05634060e1,full_annotation_v1,A,q_수산물_07,갈치,식료품 중 '수산물'을 판매·제공하는 매장,val,수산물,T3 개념확장,005429a3-030e-492f-973c-1d5842eeac56,미래횟집,활어,사천 삼천포용궁수산시장,전통시장,경상남도,,,
29520ad11029201c3b86,full_annotation_v1,A,q_수산물_07,갈치,식료품 중 '수산물'을 판매·제공하는 매장,val,수산물,T3 개념확장,7b4d47e1-42b0-49a7-8488-0d0ac0392a9f,아히그라피,사진,효천로 골목형상점가,골목형상점가,광주광역시,,,
5c00aef0a36e2482810f,full_annotation_v1,A,q_수산물_07,갈치,식료품 중 '수산물'을 판매·제공하는 매장,val,수산물,T3 개념확장,87d2b292-e79f-4820-b827-60b4aa427d23,엠엘비(MLB),의류 등,성안길상점가,자율상권구역,충청북도,,,
fe5a535b9e3886bae3da,full_annotation_v1,A,q_수산물_07,갈치,식료품 중 '수산물'을 판매·제공하는 매장,val,수산물,T3 개념확장,7ab13d71-77d4-47cf-becf-821cc81095b1,35수산,전복 갈치 문어 고등어 조기등 생선 및 어패류,전통중앙도매상가,전통시장,대전광역시,,,
f6e6a8057b84b5518d21,full_annotation_v1,A,q_수산물_07,갈치,식료품 중 '수산물'을 판매·제공하는 매장,val,수산물,T3 개념확장,005eb589-94b0-4a7e-b4e4-ef8cf64b0762,스시쿄다이,일식,동홍8번가 골목형상점가,골목형상점가,제주특별자치도,,,
3e4dad380b63be21e113,full_annotation_v1,A,q_수산물_07,갈치,식료품 중 '수산물'을 판매·제공하는 매장,val,수산물,T3 개념확장,7ec983a7-20dc-4891-8100-0682f34f0f77,제주한림수산,갈치 등,한림중앙상가,자율상권구역,제주특별자치도,,,
2144e9aa2095858b7754,full_annotation_v1,A,q_수산물_07,갈치,식료품 중 '수산물'을 판매·제공하는 매장,val,수산물,T3 개념확장,0004c5f7-95e0-45be-9f06-a705b8113ff0,의창수협67번중도매인,활어,진해 용원어시장상점가,자율상권구역,경상남도,,,
5adc39d46f623762a5fa,full_annotation_v1,A,q_수산물_07,갈치,식료품 중 '수산물'을 판매·제공하는 매장,val,수산물,T3 개념확장,00f60c16-d8be-497f-80f2-aab3209a8d0e,포카포카,식당,전남여고후문 골목형상점가,골목형상점가,광주광역시,,,
2365fc080f48b85c66ab,full_annotation_v1,A,q_수산물_07,갈치,식료품 중 '수산물'을 판매·제공하는 매장,val,수산물,T3 개념확장,df98e83e-ca17-43ab-98d0-1c0b925419a0,김명자 굴국밥 전문점,한식,을지명보골목형상점가,골목형상점가,서울특별시,,,
07895e13355eada98bda,full_annotation_v1,A,q_수산물_07,갈치,식료품 중 '수산물'을 판매·제공하는 매장,val,수산물,T3 개념확장,0bf687ec-4ea8-4932-a2c4-401f28aab97f,중앙어물,어물,모슬포 중앙시장,전통시장,제주특별자치도,,,
76304656094edf414dbe,full_annotation_v1,A,q_수산물_07,갈치,식료품 중 '수산물'을 판매·제공하는 매장,val,수산물,T3 개념확장,00bd252b-19f9-4e9a-bf26-b45280bb84ae,선옥상회,생선,고성 공룡시장,전통시장,경상남도,,,
f0f043fee1dd9f27ce4f,full_annotation_v1,A,q_수산물_07,갈치,식료품 중 '수산물'을 판매·제공하는 매장,val,수산물,T3 개념확장,c6a11528-806c-4929-bf5b-7d772abfe98d,수원수산,전복 문어 갈치 꼬막 굴 조기 병어 오지어낙지 등 생선 및 어패류,수원못골종합시장,전통시장,경기도,,,
4ccd647bec74f37b5c44,full_annotation_v1,A,q_수산물_07,갈치,식료품 중 '수산물'을 판매·제공하는 매장,val,수산물,T3 개념확장,f9014f75-d90b-43fd-b45d-8243103823f8,산이야기,호프,불광먹자골목 골목형상점가,골목형상점가,서울특별시,,,
b0c9939cba3125687064,full_annotation_v1,A,q_수산물_07,갈치,식료품 중 '수산물'을 판매·제공하는 매장,val,수산물,T3 개념확장,016ddf29-de07-40e1-a642-8c2a45a6f19d,연희어시장,횟집,연희로 골목형상점가,골목형상점가,인천광역시,,,
c09975e7a3bfa9bed3d9,full_annotation_v1,A,q_수산물_07,갈치,식료품 중 '수산물'을 판매·제공하는 매장,val,수산물,T3 개념확장,30d5afbc-fd4b-49bb-9e1c-2469652e5921,추씨어물점,어물,영천공설시장,전통시장,경상북도,,,
2faabaa93adc359082f0,full_annotation_v1,A,q_수산물_07,갈치,식료품 중 '수산물'을 판매·제공하는 매장,val,수산물,T3 개념확장,aab7f1dd-a8cd-4e9d-9f8e-fa07bfce3cba,시장닭집,생닭,천안중앙시장,전통시장,충청남도,,,
6c418a94561d219f6b3f,full_annotation_v1,A,q_수산물_07,갈치,식료품 중 '수산물'을 판매·제공하는 매장,val,수산물,T3 개념확장,a0995aac-0a7b-48fe-9889-4ab4cec3acf7,광주갈치,한식,전대병원오거리 골목형상점가,골목형상점가,광주광역시,,,
642a2ae4ab81524305ad,full_annotation_v1,A,q_수산물_07,갈치,식료품 중 '수산물'을 판매·제공하는 매장,val,수산물,T3 개념확장,a80f72ee-59bc-40ca-84b9-8984e9309f5b,나돈,갈치조림,남대문시장,전통시장,서울특별시,,,
c320701b27f8245fc64a,full_annotation_v1,A,q_수산물_07,갈치,식료품 중 '수산물'을 판매·제공하는 매장,val,수산물,T3 개념확장,5aa0093d-0ca0-41fb-8742-ed30c502b473,백가네제주한상,갈치구이 갈치조림 한식,함덕4구상점가,골목형상점가,제주특별자치도,,,
b3af6964c3fe4714df44,full_annotation_v1,A,q_수산물_07,갈치,식료품 중 '수산물'을 판매·제공하는 매장,val,수산물,T3 개념확장,37a35905-9796-4be3-b6d1-4d1415fae881,명지대파,대파,부전농수산물새벽시장,전통시장,부산광역시,,,
8c77397b613ce89a455f,full_annotation_v1,A,q_수산물_07,갈치,식료품 중 '수산물'을 판매·제공하는 매장,val,수산물,T3 개념확장,2140fab0-4116-4367-acfd-a563698d2ecd,김천자갈치,생선,김천평화시장,전통시장,경상북도,,,
1b99d1bcc09a5e562fc9,full_annotation_v1,A,q_수산물_07,갈치,식료품 중 '수산물'을 판매·제공하는 매장,val,수산물,T3 개념확장,01afaafa-2a46-4977-8015-55762957ee7a,다래초밥,초밥,동문동 골목형상점가,골목형상점가,충청남도,,,
fdc4219187641e9bb50b,full_annotation_v1,A,q_수산물_07,갈치,식료품 중 '수산물'을 판매·제공하는 매장,val,수산물,T3 개념확장,cd902ff4-2599-4ca8-85ee-f1e871d75fd8,덕성수산,문어 갈치,죽도어시장,전통시장,경상북도,,,
28082c439e1b8f715419,full_annotation_v1,A,q_수산물_07,갈치,식료품 중 '수산물'을 판매·제공하는 매장,val,수산물,T3 개념확장,9e77d588-c2a6-477e-b9c5-c07a4e4f8168,진안농산물,농산물,김천황금시장,전통시장,경상북도,,,
79f2b53096de9266a227,full_annotation_v1,A,q_수산물_07,갈치,식료품 중 '수산물'을 판매·제공하는 매장,val,수산물,T3 개념확장,5555452e-7af2-4cdb-a3d2-d17250019aa9,동촌갈치,생선,고흥전통시장,전통시장,전라남도,,,
6ecec3da6bb58a459a93,full_annotation_v1,A,q_수산물_07,갈치,식료품 중 '수산물'을 판매·제공하는 매장,val,수산물,T3 개념확장,00e04e3d-cb00-4d64-a13d-a9c02f9a4fc8,대림수산,활어,자갈치시장,전통시장,부산광역시,,,
c404ff49a6a62a0111d1,full_annotation_v1,A,q_수산물_07,갈치,식료품 중 '수산물'을 판매·제공하는 매장,val,수산물,T3 개념확장,2815547c-f384-427f-9ffd-a6b7c3212e38,낚시꾼의갈치,생선,어진동 골목형상점가,골목형상점가,세종특별자치시,,,
5b64097de1af9679d4fc,full_annotation_v1,A,q_수산물_07,갈치,식료품 중 '수산물'을 판매·제공하는 매장,val,수산물,T3 개념확장,ff546377-c251-41a0-9786-8e46eea4acf9,별뜨는집,"닭, 오리, 고등어, 갈치, 삼겹살, 등갈비",충무자동차거리 상점가,자율상권구역,대전광역시,,,
f5cd87d49c7d6992da76,full_annotation_v1,A,q_수산물_07,갈치,식료품 중 '수산물'을 판매·제공하는 매장,val,수산물,T3 개념확장,00356e71-7b15-4a42-be60-f232011707b8,유한회사 덕재건재,건어물,가락몰골목형상점가,골목형상점가,서울특별시,,,
463db3b59ba8d32973b1,full_annotation_v1,A,q_수산물_07,갈치,식료품 중 '수산물'을 판매·제공하는 매장,val,수산물,T3 개념확장,d7038716-3321-4025-953e-69445fcf7d48,선도19호(구일수산),참조기 갈치,인천종합어시장,전통시장,인천광역시,,,
f4fbb8a106a5a21d6680,full_annotation_v1,A,q_수산물_07,갈치,식료품 중 '수산물'을 판매·제공하는 매장,val,수산물,T3 개념확장,2b8c59aa-261b-411c-bea2-e55a3ef7b53f,파리바게뜨제주중앙점,제과점,중앙로상점가,자율상권구역,제주특별자치도,,,
5553cce1b205ec470961,full_annotation_v1,A,q_수산물_07,갈치,식료품 중 '수산물'을 판매·제공하는 매장,val,수산물,T3 개념확장,0019e966-8007-4603-957c-4e9adcd1f05a,부남수산,수산물,서산동부전통시장,전통시장,충청남도,,,
78219e5176661fa41fdc,full_annotation_v1,A,q_수산물_07,갈치,식료품 중 '수산물'을 판매·제공하는 매장,val,수산물,T3 개념확장,817124e1-2597-4a8a-8b73-7ce1b03c7f2e,신전떡볶이 효천점,떡볶이 튀김 김밥 컵밥,효천로 골목형상점가,골목형상점가,광주광역시,,,
2682aba665f8a4c98a49,full_annotation_v1,A,q_수산물_07,갈치,식료품 중 '수산물'을 판매·제공하는 매장,val,수산물,T3 개념확장,990b0242-4a3e-4816-a2aa-9eeb04ba14cb,스타수산,갈치 오징어 고등어 낙지 기타 냉동수산물,범천중앙시장,전통시장,부산광역시,,,
d342325d3c4ec7a1b453,full_annotation_v1,A,q_수산물_07,갈치,식료품 중 '수산물'을 판매·제공하는 매장,val,수산물,T3 개념확장,72fa7767-7d0b-4376-a3e6-45155e7a424d,승미어묵,어묵판매,원미부흥시장,전통시장,경기도,,,
8a3153d1431a25b1d4bf,full_annotation_v1,A,q_수산물_07,갈치,식료품 중 '수산물'을 판매·제공하는 매장,val,수산물,T3 개념확장,00527b0b-893c-4d64-862e-3ef8113d07fb,해선언니네,건어물,용상공설시장,전통시장,경상북도,,,
524d9c77c473129a4163,full_annotation_v1,A,q_수산물_07,갈치,식료품 중 '수산물'을 판매·제공하는 매장,val,수산물,T3 개념확장,b59b7060-5286-48a3-91a7-353c502777a5,목포갈치,음식,남대문시장,전통시장,서울특별시,,,
2c795548d575515b11b3,full_annotation_v1,A,q_수산물_07,갈치,식료품 중 '수산물'을 판매·제공하는 매장,val,수산물,T3 개념확장,bdeee5fb-5e89-4b03-bace-31540d4edce1,삼도수산,갈치 고등어,부전상가시장,전통시장,부산광역시,,,
6b05629dfbd9d2217910,full_annotation_v1,A,q_수산물_07,갈치,식료품 중 '수산물'을 판매·제공하는 매장,val,수산물,T3 개념확장,1e09bbf8-da42-499e-9ab6-d868ee57e4d1,제주모슬포수산,갈치,대정오일시장,전통시장,제주특별자치도,,,
6d1288a816e357a1b292,full_annotation_v1,A,q_수산물_07,갈치,식료품 중 '수산물'을 판매·제공하는 매장,val,수산물,T3 개념확장,2bf1371d-9e94-4288-9bb6-eb00b4d54d17,두리수산,조기 갈치 등,함평천지전통시장(함평5일시장),전통시장,전라남도,,,
7b7e4b40c25499513d84,full_annotation_v1,A,q_수산물_07,갈치,식료품 중 '수산물'을 판매·제공하는 매장,val,수산물,T3 개념확장,7bf31b1e-13c1-4192-a250-c13e4ce0e667,제주생갈치,한식,창원 봉곡프라자상가,전통시장,경상남도,,,
4ceedaf42dd159ea8e11,full_annotation_v1,A,q_수산물_07,갈치,식료품 중 '수산물'을 판매·제공하는 매장,val,수산물,T3 개념확장,0016aa1a-5730-45a0-b427-06b0f51fc005,든든한밥상,농수산물,화산면 골목형상점가,골목형상점가,전라남도,,,
dc361969fadd11660aaf,full_annotation_v1,A,q_수산물_07,갈치,식료품 중 '수산물'을 판매·제공하는 매장,val,수산물,T3 개념확장,00cd5dee-c068-48da-bc58-a704d5fe8832,윤석수산,수산물 활어회 생선 게종류 젓갈 갑각류 해산물 등등,대공원시장,전통시장,대구광역시,,,
cf2e1827a10bb4ff7c4b,full_annotation_v1,A,q_수산물_07,갈치,식료품 중 '수산물'을 판매·제공하는 매장,val,수산물,T3 개념확장,2788bb40-5c1f-44b7-a6ad-625bf700fa71,세니떼뷰티샵,화장품,창원 도계부부시장,전통시장,경상남도,,,
379e62fb5e176089092f,full_annotation_v1,A,q_수산물_07,갈치,식료품 중 '수산물'을 판매·제공하는 매장,val,수산물,T3 개념확장,00e74dd3-cd80-41ed-898b-208b9b7af06c,화순청과,과일,남광주시장,전통시장,,,,
4743a93157eec979f41d,full_annotation_v1,A,q_수산물_07,갈치,식료품 중 '수산물'을 판매·제공하는 매장,val,수산물,T3 개념확장,bf3dc166-e337-459b-8ce7-f33446a07503,형제상회,갈치,인천종합어시장,전통시장,인천광역시,,,
f17693241af6c371b72d,full_annotation_v1,A,q_수산물_07,갈치,식료품 중 '수산물'을 판매·제공하는 매장,val,수산물,T3 개념확장,8b2c6948-ba3b-4258-8295-f240ada40839,시온교역,정육,등마루시장,전통시장,서울특별시,,,
ae8479bac519adb907d2,full_annotation_v1,A,q_수산물_07,갈치,식료품 중 '수산물'을 판매·제공하는 매장,val,수산물,T3 개념확장,bdb6f160-4b65-4422-8ff8-dd5c4ae37f86,남대문갈치,한식,남대문시장,전통시장,서울특별시,,,
d3979188cb130e183fd8,full_annotation_v1,A,q_수산물_07,갈치,식료품 중 '수산물'을 판매·제공하는 매장,val,수산물,T3 개념확장,40c27852-6380-4b83-80e5-8ccdd855000b,거문도은갈치,갈치 생선구이 한치,도군머리 골목형상점가,골목형상점가,광주광역시,,,
18135afc9ebaf1117ddd,full_annotation_v1,A,q_수산물_07,갈치,식료품 중 '수산물'을 판매·제공하는 매장,val,수산물,T3 개념확장,03cbd591-5ee7-4f9b-842e-8dc427925406,신흥상회,어물,상주중앙시장,전통시장,경상북도,,,
f0befd51736d8b149380,full_annotation_v1,A,q_수산물_07,갈치,식료품 중 '수산물'을 판매·제공하는 매장,val,수산물,T3 개념확장,013d58c8-33f8-4dbe-95de-801d22ea9505,민영활어공장 부천자유시장점,"회, 초밥",부천자유시장,전통시장,경기도,,,
1bc095e1580a4aba9432,full_annotation_v1,A,q_수산물_07,갈치,식료품 중 '수산물'을 판매·제공하는 매장,val,수산물,T3 개념확장,42c2fcd4-b668-4811-9e36-c60ad1d90421,남목생선,고등어갈치,남목전통시장,전통시장,울산광역시,,,
9cdc4591cf5b65247e9e,full_annotation_v1,A,q_수산물_07,갈치,식료품 중 '수산물'을 판매·제공하는 매장,val,수산물,T3 개념확장,00ac75c4-6e3f-4d23-8a6a-1dc8ba294b85,우진수산,"수산물, 활어",효자시장,전통시장,경상북도,,,
c6558fe778085bc30973,full_annotation_v1,A,q_수산물_07,갈치,식료품 중 '수산물'을 판매·제공하는 매장,val,수산물,T3 개념확장,333fa307-f61c-45a8-a79b-93fff676095e,대명어물,어물,서귀포향토오일시장,전통시장,제주특별자치도,,,
a2ec9eed9fd41c259107,full_annotation_v1,A,q_수산물_07,갈치,식료품 중 '수산물'을 판매·제공하는 매장,val,수산물,T3 개념확장,efa8e938-7481-4173-9147-cc5aad99432b,원당수산,고등어 갈치 임연수어 등등,원당시장(구 원당전통시장),전통시장,경기도,,,
549820562c9fe99545d4,full_annotation_v1,A,q_수산물_07,갈치,식료품 중 '수산물'을 판매·제공하는 매장,val,수산물,T3 개념확장,00a40df6-e218-4c9e-951f-b2c1a3ee676e,영흥수산,생선,가락몰골목형상점가,골목형상점가,서울특별시,,,
c107d4f0b4d8550f7c5d,full_annotation_v1,A,q_수산물_07,갈치,식료품 중 '수산물'을 판매·제공하는 매장,val,수산물,T3 개념확장,00445369-fa3a-4cd3-ae3a-6564876f4199,용수상회,수산물,서문시장건해산물상가,전통시장,대구광역시,,,
123b51848f4135679cde,full_annotation_v1,A,q_수산물_07,갈치,식료품 중 '수산물'을 판매·제공하는 매장,val,수산물,T3 개념확장,00298213-17ea-453a-b6e6-375d9ef636b6,대양농수산,농수산물,부평깡시장,전통시장,인천광역시,,,
659c4f77d71f37d328f6,full_annotation_v1,A,q_수산물_07,갈치,식료품 중 '수산물'을 판매·제공하는 매장,val,수산물,T3 개념확장,5205641a-f508-48b5-960f-f4d471e7843d,서원수산,고등어 갈치 등 기타수산물,남부민냉동수산물센터,자율상권구역,부산광역시,,,
64a42940d47e8c686547,full_annotation_v1,A,q_수산물_07,갈치,식료품 중 '수산물'을 판매·제공하는 매장,val,수산물,T3 개념확장,3526958d-da64-4c90-a75c-c55162fbe0d3,최씨어물전,,영천공설시장,전통시장,경상북도,,,
ff8cdb3a54421d9bb731,full_annotation_v1,A,q_수산물_07,갈치,식료품 중 '수산물'을 판매·제공하는 매장,val,수산물,T3 개념확장,0130dbd3-b9ea-43f4-98fd-26d8afd90b78,모래내시장순대,식당,전주모래내시장,전통시장,전북특별자치도,,,
7363a5525c0b108b4081,full_annotation_v1,A,q_수산물_07,갈치,식료품 중 '수산물'을 판매·제공하는 매장,val,수산물,T3 개념확장,00779863-22b7-4378-adca-42362eff7e3f,장복횟집.수산,생선회,"안면도수산시장(구, 안면도장터)",전통시장,충청남도,,,
92e96f34383cf2a222e5,full_annotation_v1,A,q_수산물_07,갈치,식료품 중 '수산물'을 판매·제공하는 매장,val,수산물,T3 개념확장,002e7e87-5677-44ca-85c4-9e5b87e7994f,한양수산,생선,안중시장,전통시장,경기도,,,
5df9f9a416e3928ecc69,full_annotation_v1,A,q_수산물_07,갈치,식료품 중 '수산물'을 판매·제공하는 매장,val,수산물,T3 개념확장,eeeb1988-f4d0-4555-bd91-3689cab91201,첫머리포차,갈치구이,전곡첫머리거리 골목형상점가,골목형상점가,경기도,,,
e72e97bc46bf6fcc906a,full_annotation_v1,A,q_수산물_07,갈치,식료품 중 '수산물'을 판매·제공하는 매장,val,수산물,T3 개념확장,008cfdc1-610a-407a-a03b-4c6dae7106f4,주영수산,활어,목포북항상점가,자율상권구역,전라남도,,,
3c561c4c36116d96fa49,full_annotation_v1,A,q_수산물_07,갈치,식료품 중 '수산물'을 판매·제공하는 매장,val,수산물,T3 개념확장,0027eaf6-093b-4df4-9457-4f1081537ff3,충무꼭지횟집,횟집,초량전통시장,전통시장,부산광역시,,,
07c262e19d9cf23d57c2,full_annotation_v1,A,q_수산물_07,갈치,식료품 중 '수산물'을 판매·제공하는 매장,val,수산물,T3 개념확장,009fbffe-11b3-4eba-b65a-696f4f59f079,인어횟집,횟집,목포북항상점가,자율상권구역,전라남도,,,
f066551f6cf1d9b8efb5,full_annotation_v1,A,q_수산물_07,갈치,식료품 중 '수산물'을 판매·제공하는 매장,val,수산물,T3 개념확장,4b36ea34-5126-4986-8aab-fc1d0a6ba312,하늘식품,참기름,신남네거리상점가,자율상권구역,대구광역시,,,
c5746f79e0db4f1ea383,full_annotation_v1,A,q_수산물_07,갈치,식료품 중 '수산물'을 판매·제공하는 매장,val,수산물,T3 개념확장,010c1855-b46f-4e37-b975-8115c4249b0f,용궁횟집,,자갈치시장,전통시장,부산광역시,,,
4c5aa800606ce4479536,full_annotation_v1,A,q_수산물_07,갈치,식료품 중 '수산물'을 판매·제공하는 매장,val,수산물,T3 개념확장,007aece5-08b8-4eb0-b4c6-18d451eadcfd,영남상회,건어물,동쪽바다중앙시장(구 동해중앙시장),전통시장,강원특별자치도,,,
1918a09e3754439d5e8b,full_annotation_v1,A,q_수산물_07,갈치,식료품 중 '수산물'을 판매·제공하는 매장,val,수산물,T3 개념확장,7b157d4e-c8b2-4285-9ba7-e80ff18c245f,제주상회,한식,을지명보골목형상점가,골목형상점가,서울특별시,,,
443a0aa5a4a680b4d3da,full_annotation_v1,A,q_수산물_07,갈치,식료품 중 '수산물'을 판매·제공하는 매장,val,수산물,T3 개념확장,8a3f2d95-9c49-419b-b9bb-a67b82048608,괴정수산2호점,"고등어, 갈치, 오징어",온택트 괴정스마트 상권활성화구역,상권활성화구역,부산광역시,,,
d44311fbec8cd850b9cb,full_annotation_v1,A,q_수산물_07,갈치,식료품 중 '수산물'을 판매·제공하는 매장,val,수산물,T3 개념확장,742bfc19-71c8-4d38-ac66-b9b3211b0b28,아방수산,고등어 옥돔 갈치,대정오일시장,전통시장,제주특별자치도,,,
6b7afae906f01db38378,full_annotation_v1,A,q_수산물_07,갈치,식료품 중 '수산물'을 판매·제공하는 매장,val,수산물,T3 개념확장,64174508-ae58-4495-97b6-58b4b479cbeb,바다보관소,오징어 갈치,자갈치해안시장,전통시장,부산광역시,,,
856a378dd0766327fd8d,full_annotation_v1,A,q_수산물_07,갈치,식료품 중 '수산물'을 판매·제공하는 매장,val,수산물,T3 개념확장,00fcc68d-3086-4b45-b998-f3763e8dbf7d,꼬치마요 산본역점(9호점),일식,산본로데오거리(구 산본중심상가),자율상권구역,경기도,,,
2ad0eebfb138254814e4,full_annotation_v1,A,q_수산물_07,갈치,식료품 중 '수산물'을 판매·제공하는 매장,val,수산물,T3 개념확장,009b69b5-365a-4958-87e7-f224f253b92a,동문올레횟집,횟집,동문수산시장,전통시장,제주특별자치도,,,
f95a19c88f9737da5baa,full_annotation_v1,A,q_수산물_07,갈치,식료품 중 '수산물'을 판매·제공하는 매장,val,수산물,T3 개념확장,01286ec0-50e0-4540-b678-ec706fb3bcbb,설곰식당,식당,산업용재관,전통시장,대구광역시,,,
5b5f94115cb33a7edbc4,full_annotation_v1,A,q_수산물_08,고등어,식료품 중 '수산물'을 판매·제공하는 매장,val,수산물,T3 개념확장,168c40ac-c0cc-455a-af3e-c3ae50b05b99,세리화장품,화장품,남포지하도상가,일반지하상점가,부산광역시,,,
2639c338f2ecda0f9a07,full_annotation_v1,A,q_수산물_08,고등어,식료품 중 '수산물'을 판매·제공하는 매장,val,수산물,T3 개념확장,013d58c8-33f8-4dbe-95de-801d22ea9505,민영활어공장 부천자유시장점,"회, 초밥",부천자유시장,전통시장,경기도,,,
c09e5009820e899eb223,full_annotation_v1,A,q_수산물_08,고등어,식료품 중 '수산물'을 판매·제공하는 매장,val,수산물,T3 개념확장,009b69b5-365a-4958-87e7-f224f253b92a,동문올레횟집,횟집,동문수산시장,전통시장,제주특별자치도,,,
6f437ab94a80d866ada5,full_annotation_v1,A,q_수산물_08,고등어,식료품 중 '수산물'을 판매·제공하는 매장,val,수산물,T3 개념확장,2cabc090-a445-4054-829d-79cd4f95ab42,포항식당,고등어 정식,안동서부시장,전통시장,경상북도,,,
3d40e69a4676edf7dbdb,full_annotation_v1,A,q_수산물_08,고등어,식료품 중 '수산물'을 판매·제공하는 매장,val,수산물,T3 개념확장,381b2d0b-dc3a-45c6-94ec-9828b27710da,벌교 수진수산,갈치 고등어 등,벌교매일시장,전통시장,전라남도,,,
6d6ba7bebfaf0db2341f,full_annotation_v1,A,q_수산물_08,고등어,식료품 중 '수산물'을 판매·제공하는 매장,val,수산물,T3 개념확장,00fcc68d-3086-4b45-b998-f3763e8dbf7d,꼬치마요 산본역점(9호점),일식,산본로데오거리(구 산본중심상가),자율상권구역,경기도,,,
667582e6ebc316c5e57a,full_annotation_v1,A,q_수산물_08,고등어,식료품 중 '수산물'을 판매·제공하는 매장,val,수산물,T3 개념확장,c0aa2e4c-a7b1-4e5e-9e7a-2b7afd3c0f6c,돈암김밥,김밥,돈암시장,전통시장,서울특별시,,,
1eb9783b00029a864aa3,full_annotation_v1,A,q_수산물_08,고등어,식료품 중 '수산물'을 판매·제공하는 매장,val,수산물,T3 개념확장,3526958d-da64-4c90-a75c-c55162fbe0d3,최씨어물전,,영천공설시장,전통시장,경상북도,,,
30d40bdc552da0d66a8b,full_annotation_v1,A,q_수산물_08,고등어,식료품 중 '수산물'을 판매·제공하는 매장,val,수산물,T3 개념확장,cc34b1c2-7c33-4750-ab73-48fbc1660df9,무대포과일,과일 야채,청주육거리종합시장,전통시장,충청북도,,,
22e8d6d6c037a4e38911,full_annotation_v1,A,q_수산물_08,고등어,식료품 중 '수산물'을 판매·제공하는 매장,val,수산물,T3 개념확장,64c1e7e5-feaf-40c0-aff9-719606e98f58,달빛에 구운 고등어,한식,동가재미 골목형상점가,골목형상점가,전북특별자치도,,,
c92bad8ee0b505db170c,full_annotation_v1,A,q_수산물_08,고등어,식료품 중 '수산물'을 판매·제공하는 매장,val,수산물,T3 개념확장,00e04e3d-cb00-4d64-a13d-a9c02f9a4fc8,대림수산,활어,자갈치시장,전통시장,부산광역시,,,
cc9c09a9b4557bdde5f8,full_annotation_v1,A,q_수산물_08,고등어,식료품 중 '수산물'을 판매·제공하는 매장,val,수산물,T3 개념확장,00f60c16-d8be-497f-80f2-aab3209a8d0e,포카포카,식당,전남여고후문 골목형상점가,골목형상점가,광주광역시,,,
7a6a38fd11341461c9a1,full_annotation_v1,A,q_수산물_08,고등어,식료품 중 '수산물'을 판매·제공하는 매장,val,수산물,T3 개념확장,3b3353b9-fb09-4b16-8676-6875fb8dec8c,달빛에 구운 고등어,한식,포항 대이상가 골목형상점가,골목형상점가,경상북도,,,
dc20642ede4f5b58d0fc,full_annotation_v1,A,q_수산물_08,고등어,식료품 중 '수산물'을 판매·제공하는 매장,val,수산물,T3 개념확장,b8e08967-cbe0-4c86-89ca-7806b58c3256,삐삐,의류,서문시장 제1지구1층(직물시장),전통시장,대구광역시,,,
cc0dd80c36d7e9236fc7,full_annotation_v1,A,q_수산물_08,고등어,식료품 중 '수산물'을 판매·제공하는 매장,val,수산물,T3 개념확장,a4f10ac6-0d53-4d1b-89c3-3e659249505b,고등어학교,생선,김해 외동전통시장,전통시장,경상남도,,,
0b2f1ec9d32a3c8a369a,full_annotation_v1,A,q_수산물_08,고등어,식료품 중 '수산물'을 판매·제공하는 매장,val,수산물,T3 개념확장,4fdd4e94-f745-419d-98b1-8f0da70cf21e,동대구수산,수산물,신매시장,전통시장,대구광역시,,,
70513f4861b49f00b1d7,full_annotation_v1,A,q_수산물_08,고등어,식료품 중 '수산물'을 판매·제공하는 매장,val,수산물,T3 개념확장,7ede3be0-ca41-492f-ab82-50e6c00d8f62,필라테스필소유,,수락산역6번출구 골목형상점가,골목형상점가,서울특별시,,,
f7619c1c8a7bf13d31f4,full_annotation_v1,A,q_수산물_08,고등어,식료품 중 '수산물'을 판매·제공하는 매장,val,수산물,T3 개념확장,172d97b7-4586-417e-a370-593f42f6e73e,포맨클럽,미용실,발안만세시장(구 발안시장),전통시장,경기도,,,
4b24e0ca08a3b8310dd3,full_annotation_v1,A,q_수산물_08,고등어,식료품 중 '수산물'을 판매·제공하는 매장,val,수산물,T3 개념확장,753a8ed2-13b4-4924-84f3-f01be3d11df6,해종수산,고등어 삼치 전갱이,자갈치해안시장,전통시장,부산광역시,,,
2241623a611413144111,full_annotation_v1,A,q_수산물_08,고등어,식료품 중 '수산물'을 판매·제공하는 매장,val,수산물,T3 개념확장,c3496b68-0d33-43af-bc35-2c7ad6ff992c,욕지고등어,수산물,통영중앙전통시장,전통시장,경상남도,,,
1e8585017a65c6276eb5,full_annotation_v1,A,q_수산물_08,고등어,식료품 중 '수산물'을 판매·제공하는 매장,val,수산물,T3 개념확장,48afb47f-a19a-433a-9d8a-a183d6b09bf3,노블주얼리,액세서리,대구패션주얼리특구,자율상권구역,대구광역시,,,
3faecb0c2740b4eabccd,full_annotation_v1,A,q_수산물_08,고등어,식료품 중 '수산물'을 판매·제공하는 매장,val,수산물,T3 개념확장,00cc4859-307a-43ef-9654-2f6aa6fc404d,서산상회,생선,노량진수산시장골목형상점가,골목형상점가,서울특별시,,,
9a0c1f583dbde8e58ce4,full_annotation_v1,A,q_수산물_08,고등어,식료품 중 '수산물'을 판매·제공하는 매장,val,수산물,T3 개념확장,b218913a-06c0-4fb0-9c20-5d3c65b910fc,거제수산,고등어 삼치 전갱이 오징어,자갈치해안시장,전통시장,부산광역시,,,
ad76422f967ab6c708b7,full_annotation_v1,A,q_수산물_08,고등어,식료품 중 '수산물'을 판매·제공하는 매장,val,수산물,T3 개념확장,e86a259f-c1ff-44e4-b390-e2f57e0ad1c8,제주어머니와고등어,생선,제주시민속오일시장,전통시장,제주특별자치도,,,
5dc86a55ffaff472ff50,full_annotation_v1,A,q_수산물_08,고등어,식료품 중 '수산물'을 판매·제공하는 매장,val,수산물,T3 개념확장,010c1855-b46f-4e37-b975-8115c4249b0f,용궁횟집,,자갈치시장,전통시장,부산광역시,,,
7e5e204d6eacc5a68224,full_annotation_v1,A,q_수산물_08,고등어,식료품 중 '수산물'을 판매·제공하는 매장,val,수산물,T3 개념확장,fe1ad2d5-99a0-4581-8dd0-e39502d8efb8,시장고등어,한식,동서시장,전통시장,대구광역시,,,
9074aebbacfe2f68a540,full_annotation_v1,A,q_수산물_08,고등어,식료품 중 '수산물'을 판매·제공하는 매장,val,수산물,T3 개념확장,0333f16c-ff56-4e80-a1c7-dd77a81300df,로봇초밥마켓 과천래미안점,초밥,과천슈르탑 골목형상점가,골목형상점가,경기도,,,
bb71110db5489b501c2a,full_annotation_v1,A,q_수산물_08,고등어,식료품 중 '수산물'을 판매·제공하는 매장,val,수산물,T3 개념확장,158f0392-1b11-4710-97b1-f81203947493,코지플,한식,동작구 LINK 상권활성화구역,상권활성화구역,서울특별시,,,
51fbc1a835c5575eeabc,full_annotation_v1,A,q_수산물_08,고등어,식료품 중 '수산물'을 판매·제공하는 매장,val,수산물,T3 개념확장,000d55be-8181-4f45-827e-52082b2ae284,명희유통,건어물,성북시장,전통시장,부산광역시,,,
7732009eb37375961b9e,full_annotation_v1,A,q_수산물_08,고등어,식료품 중 '수산물'을 판매·제공하는 매장,val,수산물,T3 개념확장,00356e71-7b15-4a42-be60-f232011707b8,유한회사 덕재건재,건어물,가락몰골목형상점가,골목형상점가,서울특별시,,,
5dc820f17404c154d99c,full_annotation_v1,A,q_수산물_08,고등어,식료품 중 '수산물'을 판매·제공하는 매장,val,수산물,T3 개념확장,030393d5-7cf9-4b09-b0ca-5c3b2036f770,황금고등어,화덕구이 요리,한민시장,전통시장,대전광역시,,,
da545ba9a67c759c7ded,full_annotation_v1,A,q_수산물_08,고등어,식료품 중 '수산물'을 판매·제공하는 매장,val,수산물,T3 개념확장,00298213-17ea-453a-b6e6-375d9ef636b6,대양농수산,농수산물,부평깡시장,전통시장,인천광역시,,,
b69964ffe5addfcaea7c,full_annotation_v1,A,q_수산물_08,고등어,식료품 중 '수산물'을 판매·제공하는 매장,val,수산물,T3 개념확장,01afaafa-2a46-4977-8015-55762957ee7a,다래초밥,초밥,동문동 골목형상점가,골목형상점가,충청남도,,,
b374892ea38610dbeb0c,full_annotation_v1,A,q_수산물_08,고등어,식료품 중 '수산물'을 판매·제공하는 매장,val,수산물,T3 개념확장,005eb589-94b0-4a7e-b4e4-ef8cf64b0762,스시쿄다이,일식,동홍8번가 골목형상점가,골목형상점가,제주특별자치도,,,
44a8e676455a68f1fc43,full_annotation_v1,A,q_수산물_08,고등어,식료품 중 '수산물'을 판매·제공하는 매장,val,수산물,T3 개념확장,42c2fcd4-b668-4811-9e36-c60ad1d90421,남목생선,고등어갈치,남목전통시장,전통시장,울산광역시,,,
a3f63e3b51e36f65f9c5,full_annotation_v1,A,q_수산물_08,고등어,식료품 중 '수산물'을 판매·제공하는 매장,val,수산물,T3 개념확장,37dfc32d-4a7b-4263-88e8-3ab518bf8366,민지고등어,수산물,대구청과시장,전통시장,대구광역시,,,
a8984bfd80537a54259e,full_annotation_v1,A,q_수산물_08,고등어,식료품 중 '수산물'을 판매·제공하는 매장,val,수산물,T3 개념확장,00445369-fa3a-4cd3-ae3a-6564876f4199,용수상회,수산물,서문시장건해산물상가,전통시장,대구광역시,,,
c7f34a037ed5fbe57b08,full_annotation_v1,A,q_수산물_08,고등어,식료품 중 '수산물'을 판매·제공하는 매장,val,수산물,T3 개념확장,038f89c5-a204-4c80-9e31-9d22a3ba4c95,연스시,초밥,노은역 골목형상점가,골목형상점가,대전광역시,,,
3ce613377927fcf46907,full_annotation_v1,A,q_수산물_08,고등어,식료품 중 '수산물'을 판매·제공하는 매장,val,수산물,T3 개념확장,9b5112a2-d21f-4b95-ac35-6a49f5b9217f,화덕에 반한 고등어,생선구이,강변상점가,자율상권구역,경기도,,,
fd38fa0ffb94bae9efd1,full_annotation_v1,A,q_수산물_08,고등어,식료품 중 '수산물'을 판매·제공하는 매장,val,수산물,T3 개념확장,009fbffe-11b3-4eba-b65a-696f4f59f079,인어횟집,횟집,목포북항상점가,자율상권구역,전라남도,,,
a6a968b3678f7a779074,full_annotation_v1,A,q_수산물_08,고등어,식료품 중 '수산물'을 판매·제공하는 매장,val,수산물,T3 개념확장,c8326dc8-c555-4a21-a491-bb6574f3c2e2,형제떡방,떡,망원동월드컵시장,전통시장,서울특별시,,,
42aaae2d7a4a6c7ec703,full_annotation_v1,A,q_수산물_08,고등어,식료품 중 '수산물'을 판매·제공하는 매장,val,수산물,T3 개념확장,016ddf29-de07-40e1-a642-8c2a45a6f19d,연희어시장,횟집,연희로 골목형상점가,골목형상점가,인천광역시,,,
f11cdc8549c2c3dbbb8b,full_annotation_v1,A,q_수산물_08,고등어,식료품 중 '수산물'을 판매·제공하는 매장,val,수산물,T3 개념확장,0019e966-8007-4603-957c-4e9adcd1f05a,부남수산,수산물,서산동부전통시장,전통시장,충청남도,,,
5959023a2bd08b01cbac,full_annotation_v1,A,q_수산물_08,고등어,식료품 중 '수산물'을 판매·제공하는 매장,val,수산물,T3 개념확장,0016aa1a-5730-45a0-b427-06b0f51fc005,든든한밥상,농수산물,화산면 골목형상점가,골목형상점가,전라남도,,,
8156346214c8fd029e00,full_annotation_v1,A,q_수산물_08,고등어,식료품 중 '수산물'을 판매·제공하는 매장,val,수산물,T3 개념확장,ac83c5ba-c4f3-4e3d-804d-34b35f343e8e,잠수기,고등어 조개 등,자갈치시장,전통시장,부산광역시,,,
774189fc2b0f6b9b836b,full_annotation_v1,A,q_수산물_08,고등어,식료품 중 '수산물'을 판매·제공하는 매장,val,수산물,T3 개념확장,4f762c38-eb64-4c2c-9c22-d4b9ba760548,소담.찬,생선고등어,나주혁신도시 상가번영회,자율상권구역,전라남도,,,
27022601ebc26973f825,full_annotation_v1,A,q_수산물_08,고등어,식료품 중 '수산물'을 판매·제공하는 매장,val,수산물,T3 개념확장,c5b515c4-b0fd-4c2c-acef-5adef98da8ca,죽녹원 고등어 쌈밥,한식,국수거리 골목형상점가,골목형상점가,전라남도,,,
75fabcc5d1cb1e51c06b,full_annotation_v1,A,q_수산물_08,고등어,식료품 중 '수산물'을 판매·제공하는 매장,val,수산물,T3 개념확장,95fb03de-6ae7-46f7-95c6-912e3136e817,고동품은문어(재백수산),문어 고동 생대구 고등어,포항죽도시장,전통시장,경상북도,,,
1dbb5490890de79101bc,full_annotation_v1,A,q_수산물_08,고등어,식료품 중 '수산물'을 판매·제공하는 매장,val,수산물,T3 개념확장,d8962534-646e-4bb8-9569-67c74848eb53,고등어섬푸랭이,한식,달아실 골목형상점가,골목형상점가,광주광역시,,,
c8621c2caaba02faf28c,full_annotation_v1,A,q_수산물_08,고등어,식료품 중 '수산물'을 판매·제공하는 매장,val,수산물,T3 개념확장,3b35832d-3994-4f3f-ba7a-401ffa0e301f,미스터머슬,고등어케밥,속초중앙전통시장,전통시장,강원특별자치도,,,
ab846c03ce8fb0dc5aaa,full_annotation_v1,A,q_수산물_08,고등어,식료품 중 '수산물'을 판매·제공하는 매장,val,수산물,T3 개념확장,03cbd591-5ee7-4f9b-842e-8dc427925406,신흥상회,어물,상주중앙시장,전통시장,경상북도,,,
29aa092104c7a7d57051,full_annotation_v1,A,q_수산물_08,고등어,식료품 중 '수산물'을 판매·제공하는 매장,val,수산물,T3 개념확장,008cfdc1-610a-407a-a03b-4c6dae7106f4,주영수산,활어,목포북항상점가,자율상권구역,전라남도,,,
8c21cbac5232f78cf131,full_annotation_v1,A,q_수산물_08,고등어,식료품 중 '수산물'을 판매·제공하는 매장,val,수산물,T3 개념확장,004d071d-dda6-41e4-9fcb-7c74c8f8ef0f,영남상회,건어물,수영팔도시장(구 수영팔도상가시장),전통시장,부산광역시,,,
9452ec99a1ec59f33fe5,full_annotation_v1,A,q_수산물_08,고등어,식료품 중 '수산물'을 판매·제공하는 매장,val,수산물,T3 개념확장,00527b0b-893c-4d64-862e-3ef8113d07fb,해선언니네,건어물,용상공설시장,전통시장,경상북도,,,
937c152ac22d1a3eb3a4,full_annotation_v1,A,q_수산물_08,고등어,식료품 중 '수산물'을 판매·제공하는 매장,val,수산물,T3 개념확장,4f3dff63-d322-453e-bf94-c4309e7cf03d,쿄이,카페,연남동골목형상점가,골목형상점가,서울특별시,,,
ddf84a0262ec01fd417a,full_annotation_v1,A,q_수산물_08,고등어,식료품 중 '수산물'을 판매·제공하는 매장,val,수산물,T3 개념확장,bdeee5fb-5e89-4b03-bace-31540d4edce1,삼도수산,갈치 고등어,부전상가시장,전통시장,부산광역시,,,
f4b0ee7397e183a3630e,full_annotation_v1,A,q_수산물_08,고등어,식료품 중 '수산물'을 판매·제공하는 매장,val,수산물,T3 개념확장,0bf687ec-4ea8-4932-a2c4-401f28aab97f,중앙어물,어물,모슬포 중앙시장,전통시장,제주특별자치도,,,
160833496fcccb73880e,full_annotation_v1,A,q_수산물_08,고등어,식료품 중 '수산물'을 판매·제공하는 매장,val,수산물,T3 개념확장,00cd5dee-c068-48da-bc58-a704d5fe8832,윤석수산,수산물 활어회 생선 게종류 젓갈 갑각류 해산물 등등,대공원시장,전통시장,대구광역시,,,
42f8c55a5428bfa9c7cb,full_annotation_v1,A,q_수산물_08,고등어,식료품 중 '수산물'을 판매·제공하는 매장,val,수산물,T3 개념확장,de394f20-bd8c-4c79-b743-efbcd696715c,화덕속 푸른바다 고등어,,구미 골드타워 골목형상점가,골목형상점가,경상북도,,,
4b24ceaeb60f61dcdd27,full_annotation_v1,A,q_수산물_08,고등어,식료품 중 '수산물'을 판매·제공하는 매장,val,수산물,T3 개념확장,4cacfaab-78bd-4911-ac35-cdd61cddd8e3,털보수산,고등어,신영주번개시장,전통시장,경상북도,,,
b881f14a588e742d755d,full_annotation_v1,A,q_수산물_08,고등어,식료품 중 '수산물'을 판매·제공하는 매장,val,수산물,T3 개념확장,005429a3-030e-492f-973c-1d5842eeac56,미래횟집,활어,사천 삼천포용궁수산시장,전통시장,경상남도,,,
4cd685602335c5ce9da3,full_annotation_v1,A,q_수산물_08,고등어,식료품 중 '수산물'을 판매·제공하는 매장,val,수산물,T3 개념확장,00ba389b-e522-4da5-ac26-2ffaf33359ec,스시노유키,초밥,산본로데오거리(구 산본중심상가),자율상권구역,경기도,,,
05b837fff034e81d2219,full_annotation_v1,A,q_수산물_08,고등어,식료품 중 '수산물'을 판매·제공하는 매장,val,수산물,T3 개념확장,c8c32599-32cd-4b38-b990-30249d68c44a,유동수산,고등어,대명시장,전통시장,대구광역시,,,
8c67f935d09737937d98,full_annotation_v1,A,q_수산물_08,고등어,식료품 중 '수산물'을 판매·제공하는 매장,val,수산물,T3 개념확장,333fa307-f61c-45a8-a79b-93fff676095e,대명어물,어물,서귀포향토오일시장,전통시장,제주특별자치도,,,
3ff4c5bafedb997abb8b,full_annotation_v1,A,q_수산물_08,고등어,식료품 중 '수산물'을 판매·제공하는 매장,val,수산물,T3 개념확장,76114d0c-467e-4490-b560-10756af1fe57,승지축산,,수락산역6번출구 골목형상점가,골목형상점가,서울특별시,,,
8bd614bc268b709d17fc,full_annotation_v1,A,q_수산물_08,고등어,식료품 중 '수산물'을 판매·제공하는 매장,val,수산물,T3 개념확장,1be62b9d-96c6-450c-a7ad-9feb264e09e2,달빛에 구운 고등어 풍암점,생선구이 등,매월동상인회 골목형상점가,골목형상점가,광주광역시,,,
883f446ca68b0ab58202,full_annotation_v1,A,q_수산물_08,고등어,식료품 중 '수산물'을 판매·제공하는 매장,val,수산물,T3 개념확장,e69fd09d-ae57-4b87-bb07-acd33daf9306,갈치랑고등어,한식,해미읍성전통시장,전통시장,충청남도,,,
d7c9fddfe72fe4389243,full_annotation_v1,A,q_수산물_08,고등어,식료품 중 '수산물'을 판매·제공하는 매장,val,수산물,T3 개념확장,666247e9-514f-4680-a397-5f8adf054eba,낭만고등어,기타,좌동재래시장,전통시장,부산광역시,,,
4620bf63d1f69ad22ff4,full_annotation_v1,A,q_수산물_08,고등어,식료품 중 '수산물'을 판매·제공하는 매장,val,수산물,T3 개념확장,004032ef-2ae7-4e97-ac30-b12a0869e930,시장횟집,횟집,광양매일시장(광양상설시장),전통시장,전라남도,,,
e3b7f1614f54e03aaaa8,full_annotation_v1,A,q_수산물_08,고등어,식료품 중 '수산물'을 판매·제공하는 매장,val,수산물,T3 개념확장,01286ec0-50e0-4540-b678-ec706fb3bcbb,설곰식당,식당,산업용재관,전통시장,대구광역시,,,
06293db4f595caa2e991,full_annotation_v1,A,q_수산물_08,고등어,식료품 중 '수산물'을 판매·제공하는 매장,val,수산물,T3 개념확장,0130dbd3-b9ea-43f4-98fd-26d8afd90b78,모래내시장순대,식당,전주모래내시장,전통시장,전북특별자치도,,,
7cfeb1df65514e8f7aee,full_annotation_v1,A,q_수산물_08,고등어,식료품 중 '수산물'을 판매·제공하는 매장,val,수산물,T3 개념확장,00779863-22b7-4378-adca-42362eff7e3f,장복횟집.수산,생선회,"안면도수산시장(구, 안면도장터)",전통시장,충청남도,,,
e883cd7d3f99d86a125b,full_annotation_v1,A,q_수산물_08,고등어,식료품 중 '수산물'을 판매·제공하는 매장,val,수산물,T3 개념확장,002e7e87-5677-44ca-85c4-9e5b87e7994f,한양수산,생선,안중시장,전통시장,경기도,,,
7945309fa45289289d95,full_annotation_v1,A,q_수산물_08,고등어,식료품 중 '수산물'을 판매·제공하는 매장,val,수산물,T3 개념확장,8a3f2d95-9c49-419b-b9bb-a67b82048608,괴정수산2호점,"고등어, 갈치, 오징어",온택트 괴정스마트 상권활성화구역,상권활성화구역,부산광역시,,,
1f0ed04bde6962c94a1f,full_annotation_v1,A,q_수산물_08,고등어,식료품 중 '수산물'을 판매·제공하는 매장,val,수산물,T3 개념확장,6bc358c4-500c-4807-9d81-452cdc06ac1e,현대어물수산,국내산 목포 먹갈치 병어 돔 고등어 각종 제수용품 취급,목포동부시장,전통시장,전라남도,,,
92ca2b47acfb918024ac,full_annotation_v1,A,q_수산물_08,고등어,식료품 중 '수산물'을 판매·제공하는 매장,val,수산물,T3 개념확장,e5403d80-3e49-40a3-b0f6-c3d211f7f217,용주상회,기타,부전상가시장,전통시장,부산광역시,,,
128996beab60b8245f52,full_annotation_v1,A,q_수산물_08,고등어,식료품 중 '수산물'을 판매·제공하는 매장,val,수산물,T3 개념확장,00bd252b-19f9-4e9a-bf26-b45280bb84ae,선옥상회,생선,고성 공룡시장,전통시장,경상남도,,,
d80318b07e97ac5886f4,full_annotation_v1,A,q_수산물_08,고등어,식료품 중 '수산물'을 판매·제공하는 매장,val,수산물,T3 개념확장,5205641a-f508-48b5-960f-f4d471e7843d,서원수산,고등어 갈치 등 기타수산물,남부민냉동수산물센터,자율상권구역,부산광역시,,,
3ba0970e686bcc553be1,full_annotation_v1,A,q_수산물_08,고등어,식료품 중 '수산물'을 판매·제공하는 매장,val,수산물,T3 개념확장,3a7dc17b-3ed0-43f0-8723-22fde08a0fe6,안동짭짜리,안동간고등어,중앙신시장,전통시장,경상북도,,,
0e0b70a999764460ea28,full_annotation_v1,A,q_수산물_08,고등어,식료품 중 '수산물'을 판매·제공하는 매장,val,수산물,T3 개념확장,be29f5da-459f-4700-a92e-3a919068dea8,보양산낙지고등어돌솥,"낙지, 고등어",반석동 골목형상점가,골목형상점가,대전광역시,,,
b5c2535b9c42677b8a38,full_annotation_v1,A,q_수산물_08,고등어,식료품 중 '수산물'을 판매·제공하는 매장,val,수산물,T3 개념확장,0027eaf6-093b-4df4-9457-4f1081537ff3,충무꼭지횟집,횟집,초량전통시장,전통시장,부산광역시,,,
f7610f4b136b10229dc7,full_annotation_v1,A,q_수산물_08,고등어,식료품 중 '수산물'을 판매·제공하는 매장,val,수산물,T3 개념확장,42385fa7-363e-4190-ae3b-88f3567c0f55,명가간고등어,,안동구시장,전통시장,경상북도,,,
5551b63bab5cba79e3c5,full_annotation_v1,A,q_수산물_08,고등어,식료품 중 '수산물'을 판매·제공하는 매장,val,수산물,T3 개념확장,3ffe1d86-9798-4dc5-b7e3-2e607031152f,동문 영일수산,"수산물(고등어, 삼치)",동문수산시장,전통시장,제주특별자치도,,,
9b608c70abc463adf988,full_annotation_v1,A,q_수산물_08,고등어,식료품 중 '수산물'을 판매·제공하는 매장,val,수산물,T3 개념확장,7ab13d71-77d4-47cf-becf-821cc81095b1,35수산,전복 갈치 문어 고등어 조기등 생선 및 어패류,전통중앙도매상가,전통시장,대전광역시,,,
225b8526bd3492c04482,full_annotation_v1,A,q_수산물_08,고등어,식료품 중 '수산물'을 판매·제공하는 매장,val,수산물,T3 개념확장,990b0242-4a3e-4816-a2aa-9eeb04ba14cb,스타수산,갈치 오징어 고등어 낙지 기타 냉동수산물,범천중앙시장,전통시장,부산광역시,,,
1884e65f8b99302ac6df,full_annotation_v1,A,q_수산물_08,고등어,식료품 중 '수산물'을 판매·제공하는 매장,val,수산물,T3 개념확장,05b1813a-1dde-4c63-a764-20361f382df1,대세떡볶이&치킨,한식,성안길상점가,자율상권구역,충청북도,,,
b83df382ee45ef307947,full_annotation_v1,A,q_수산물_08,고등어,식료품 중 '수산물'을 판매·제공하는 매장,val,수산물,T3 개념확장,00a0d437-836b-453d-b15e-55fbf7dc8460,대박수산,생선,청주육거리종합시장,전통시장,충청북도,,,
a0fa7dcd75f0b33a5941,full_annotation_v1,A,q_수산물_08,고등어,식료품 중 '수산물'을 판매·제공하는 매장,val,수산물,T3 개념확장,e15ced4c-b171-49f9-9512-f77d6b1709ce,잔치집,한식,영등포전통시장,자율상권구역,서울특별시,,,
b0847cc1e148ff54f807,full_annotation_v1,A,q_수산물_08,고등어,식료품 중 '수산물'을 판매·제공하는 매장,val,수산물,T3 개념확장,0004c5f7-95e0-45be-9f06-a705b8113ff0,의창수협67번중도매인,활어,진해 용원어시장상점가,자율상권구역,경상남도,,,
ad4cf350f195e9338dd4,full_annotation_v1,A,q_수산물_08,고등어,식료품 중 '수산물'을 판매·제공하는 매장,val,수산물,T3 개념확장,30d5afbc-fd4b-49bb-9e1c-2469652e5921,추씨어물점,어물,영천공설시장,전통시장,경상북도,,,
76facdd5eb6d662bc112,full_annotation_v1,A,q_수산물_08,고등어,식료품 중 '수산물'을 판매·제공하는 매장,val,수산물,T3 개념확장,06bb5cda-39e6-45e4-972e-9a0a7b8bf38c,명장고등어장어,한식 장어 고등어,오정 어린이공원 골목형상점가,골목형상점가,광주광역시,,,
68da620a8f0ce964a6d5,full_annotation_v1,A,q_수산물_08,고등어,식료품 중 '수산물'을 판매·제공하는 매장,val,수산물,T3 개념확장,fb153f4b-c428-4cb0-874f-48e100ba2274,대진수산,"생선(고등어, 옥돔)",동문수산시장,전통시장,제주특별자치도,,,
fb0a96a2360f6de3c14c,full_annotation_v1,A,q_수산물_08,고등어,식료품 중 '수산물'을 판매·제공하는 매장,val,수산물,T3 개념확장,001ec0bf-0eda-4aa8-8efc-a90930649cf5,원프룻,농수산물,정이있는 구포시장,전통시장,부산광역시,,,
e5de7cc3a28409134b4b,full_annotation_v1,A,q_수산물_08,고등어,식료품 중 '수산물'을 판매·제공하는 매장,val,수산물,T3 개념확장,8bd99b5e-0680-477f-9cc8-7b2798ffc2ec,날아라고등어,생선,신 강남시장,전통시장,인천광역시,,,
4b9882d2afef0b0b222d,full_annotation_v1,A,q_수산물_08,고등어,식료품 중 '수산물'을 판매·제공하는 매장,val,수산물,T3 개념확장,fb161bef-8cf8-4003-bb66-82b20e279d42,여수 숯불 고등어,반찬류,여수진남시장,전통시장,전라남도,,,
a7dd0058365e15837128,full_annotation_v1,A,q_수산물_08,고등어,식료품 중 '수산물'을 판매·제공하는 매장,val,수산물,T3 개념확장,00ac75c4-6e3f-4d23-8a6a-1dc8ba294b85,우진수산,"수산물, 활어",효자시장,전통시장,경상북도,,,
96ee4b6bdceb90e92693,full_annotation_v1,A,q_수산물_08,고등어,식료품 중 '수산물'을 판매·제공하는 매장,val,수산물,T3 개념확장,ff546377-c251-41a0-9786-8e46eea4acf9,별뜨는집,"닭, 오리, 고등어, 갈치, 삼겹살, 등갈비",충무자동차거리 상점가,자율상권구역,대전광역시,,,
5c85e2bc9944e1209c0d,full_annotation_v1,A,q_수산물_08,고등어,식료품 중 '수산물'을 판매·제공하는 매장,val,수산물,T3 개념확장,05737f66-793b-4c62-80bc-25ff4717ff99,고등어일번지,한식,안동구시장,전통시장,경상북도,,,
bc99088110364c023f22,full_annotation_v1,A,q_수산물_08,고등어,식료품 중 '수산물'을 판매·제공하는 매장,val,수산물,T3 개념확장,a3c2238c-b478-45e8-851b-270f1058bb65,샐러드식당 관악봉천점,샐러드,청림마을골목형상점가,골목형상점가,서울특별시,,,
cbc43bd0a58baf433675,full_annotation_v1,A,q_수산물_08,고등어,식료품 중 '수산물'을 판매·제공하는 매장,val,수산물,T3 개념확장,00a40df6-e218-4c9e-951f-b2c1a3ee676e,영흥수산,생선,가락몰골목형상점가,골목형상점가,서울특별시,,,
f1a632e60cdb8eec3a55,full_annotation_v1,A,q_수산물_08,고등어,식료품 중 '수산물'을 판매·제공하는 매장,val,수산물,T3 개념확장,efa8e938-7481-4173-9147-cc5aad99432b,원당수산,고등어 갈치 임연수어 등등,원당시장(구 원당전통시장),전통시장,경기도,,,
7081b83f38764adb7825,full_annotation_v1,A,q_수산물_08,고등어,식료품 중 '수산물'을 판매·제공하는 매장,val,수산물,T3 개념확장,ea97afae-8846-4cef-9113-185ccf857224,우경상회,고등어,자갈치해안시장,전통시장,부산광역시,,,
f523b96ccd494ef90ce2,full_annotation_v1,A,q_수산물_08,고등어,식료품 중 '수산물'을 판매·제공하는 매장,val,수산물,T3 개념확장,007aece5-08b8-4eb0-b4c6-18d451eadcfd,영남상회,건어물,동쪽바다중앙시장(구 동해중앙시장),전통시장,강원특별자치도,,,
d83e72e241562b83bf00,full_annotation_v1,A,q_수산물_08,고등어,식료품 중 '수산물'을 판매·제공하는 매장,val,수산물,T3 개념확장,742bfc19-71c8-4d38-ac66-b9b3211b0b28,아방수산,고등어 옥돔 갈치,대정오일시장,전통시장,제주특별자치도,,,
b713ea9e67bb78bf8b52,full_annotation_v1,A,q_수산물_09,과메기,식료품 중 '수산물'을 판매·제공하는 매장,val,수산물,T3 개념확장,68222ffd-fb3c-41ab-8ca3-08f76e6123a2,다도댐메기탕,메기탕,임동 골목형상점가,골목형상점가,광주광역시,,,
cc4d547118da431d4048,full_annotation_v1,A,q_수산물_09,과메기,식료품 중 '수산물'을 판매·제공하는 매장,val,수산물,T3 개념확장,016ddf29-de07-40e1-a642-8c2a45a6f19d,연희어시장,횟집,연희로 골목형상점가,골목형상점가,인천광역시,,,
bda28ac7419303bcebab,full_annotation_v1,A,q_수산물_09,과메기,식료품 중 '수산물'을 판매·제공하는 매장,val,수산물,T3 개념확장,004d071d-dda6-41e4-9fcb-7c74c8f8ef0f,영남상회,건어물,수영팔도시장(구 수영팔도상가시장),전통시장,부산광역시,,,
6a4dc9dde62c821a74da,full_annotation_v1,A,q_수산물_09,과메기,식료품 중 '수산물'을 판매·제공하는 매장,val,수산물,T3 개념확장,00a40df6-e218-4c9e-951f-b2c1a3ee676e,영흥수산,생선,가락몰골목형상점가,골목형상점가,서울특별시,,,
3e6ba16ec890b56562b6,full_annotation_v1,A,q_수산물_09,과메기,식료품 중 '수산물'을 판매·제공하는 매장,val,수산물,T3 개념확장,038f89c5-a204-4c80-9e31-9d22a3ba4c95,연스시,초밥,노은역 골목형상점가,골목형상점가,대전광역시,,,
77169f390f2b6b0adca6,full_annotation_v1,A,q_수산물_09,과메기,식료품 중 '수산물'을 판매·제공하는 매장,val,수산물,T3 개념확장,3d1869f2-44cc-4499-9d5f-4ddf2ed9d1ff,삼일건조장,과메기,포항죽도농산물시장,전통시장,경상북도,,,
f871def653106d70b25a,full_annotation_v1,A,q_수산물_09,과메기,식료품 중 '수산물'을 판매·제공하는 매장,val,수산물,T3 개념확장,008cfdc1-610a-407a-a03b-4c6dae7106f4,주영수산,활어,목포북항상점가,자율상권구역,전라남도,,,
ad3f89f3da8c21cfaf8b,full_annotation_v1,A,q_수산물_09,과메기,식료품 중 '수산물'을 판매·제공하는 매장,val,수산물,T3 개념확장,6c67d463-d9d5-497c-b444-78d2518fa531,우메기 돌솥국밥,한식,유안초등북길 골목형상점가,골목형상점가,광주광역시,,,
5e5e7e1000ef3b533311,full_annotation_v1,A,q_수산물_09,과메기,식료품 중 '수산물'을 판매·제공하는 매장,val,수산물,T3 개념확장,20b7f1a3-f0c0-4be9-a8a3-94dccb8db4dc,과메기마트,"수산물, 얼음",포항죽도농산물시장,전통시장,경상북도,,,
970154dc4529792c5574,full_annotation_v1,A,q_수산물_09,과메기,식료품 중 '수산물'을 판매·제공하는 매장,val,수산물,T3 개념확장,a32b1fb6-d2c3-4722-a613-2e6c1bc0da85,도순이네,과메기건어물,연일전통시장,전통시장,경상북도,,,
39174bb89b12a38d44c8,full_annotation_v1,A,q_수산물_09,과메기,식료품 중 '수산물'을 판매·제공하는 매장,val,수산물,T3 개념확장,30d5afbc-fd4b-49bb-9e1c-2469652e5921,추씨어물점,어물,영천공설시장,전통시장,경상북도,,,
e2cb823cba411ff971fa,full_annotation_v1,A,q_수산물_09,과메기,식료품 중 '수산물'을 판매·제공하는 매장,val,수산물,T3 개념확장,e2b3d6bb-86da-4ff4-b143-ae3fbd5dae2a,대명식품,어묵,익산장(구 북부장),전통시장,전북특별자치도,,,
f4069078637e24b70f15,full_annotation_v1,A,q_수산물_09,과메기,식료품 중 '수산물'을 판매·제공하는 매장,val,수산물,T3 개념확장,005eb589-94b0-4a7e-b4e4-ef8cf64b0762,스시쿄다이,일식,동홍8번가 골목형상점가,골목형상점가,제주특별자치도,,,
770cc77ade8aa2c1edf5,full_annotation_v1,A,q_수산물_09,과메기,식료품 중 '수산물'을 판매·제공하는 매장,val,수산물,T3 개념확장,9c00748b-69b5-4e01-aa2d-ab2c92ce33c5,롯데미용실,미용,"일곡동(제8지역:롯데,벽산,동아,삼호,월드스파)",골목형상점가,광주광역시,,,
a61b51805e4279d623a4,full_annotation_v1,A,q_수산물_09,과메기,식료품 중 '수산물'을 판매·제공하는 매장,val,수산물,T3 개념확장,0333f16c-ff56-4e80-a1c7-dd77a81300df,로봇초밥마켓 과천래미안점,초밥,과천슈르탑 골목형상점가,골목형상점가,경기도,,,
76c925dccf27c9ffdabd,full_annotation_v1,A,q_수산물_09,과메기,식료품 중 '수산물'을 판매·제공하는 매장,val,수산물,T3 개념확장,010c1855-b46f-4e37-b975-8115c4249b0f,용궁횟집,,자갈치시장,전통시장,부산광역시,,,
d1bd06db9a7c138cd714,full_annotation_v1,A,q_수산물_09,과메기,식료품 중 '수산물'을 판매·제공하는 매장,val,수산물,T3 개념확장,00779863-22b7-4378-adca-42362eff7e3f,장복횟집.수산,생선회,"안면도수산시장(구, 안면도장터)",전통시장,충청남도,,,
71dd654ddc9e5825aa3c,full_annotation_v1,A,q_수산물_09,과메기,식료품 중 '수산물'을 판매·제공하는 매장,val,수산물,T3 개념확장,e36fe651-4be9-4264-b1f4-1e6217d31d9d,영천민물,미꾸라지 메기 장어 잉어,왜관시장,전통시장,경상북도,,,
44a6916a8b23569a438a,full_annotation_v1,A,q_수산물_09,과메기,식료품 중 '수산물'을 판매·제공하는 매장,val,수산물,T3 개념확장,00527b0b-893c-4d64-862e-3ef8113d07fb,해선언니네,건어물,용상공설시장,전통시장,경상북도,,,
aa2a52ecd146e4627112,full_annotation_v1,A,q_수산물_09,과메기,식료품 중 '수산물'을 판매·제공하는 매장,val,수산물,T3 개념확장,37d254e9-524c-4a26-9f8c-db98abca9f43,해초과메기앞산대명점,과메기,앞산맛둘레길 골목형상점가,골목형상점가,대구광역시,,,
43aa05d3349b43fabc3b,full_annotation_v1,A,q_수산물_09,과메기,식료품 중 '수산물'을 판매·제공하는 매장,val,수산물,T3 개념확장,ec57c3e1-1425-4d9e-a189-6782e90b1e85,지곡청과,농수산물 및 과일 과메기,포항 지곡에드빌 골목형상점가,골목형상점가,경상북도,,,
4fa16cc237d1ec8e8596,full_annotation_v1,A,q_수산물_09,과메기,식료품 중 '수산물'을 판매·제공하는 매장,val,수산물,T3 개념확장,0016aa1a-5730-45a0-b427-06b0f51fc005,든든한밥상,농수산물,화산면 골목형상점가,골목형상점가,전라남도,,,
de72c08deb84bf5f4b2f,full_annotation_v1,A,q_수산물_09,과메기,식료품 중 '수산물'을 판매·제공하는 매장,val,수산물,T3 개념확장,9223f7d1-9ceb-4e77-a55f-cb5e88f2ffed,오늘도건어물,건어물 가자미 과메기,죽도어시장,전통시장,경상북도,,,
eae1858c1d8f5cd1da47,full_annotation_v1,A,q_수산물_09,과메기,식료품 중 '수산물'을 판매·제공하는 매장,val,수산물,T3 개념확장,b35e04c5-d17a-4950-a7cc-56178f7858d2,해초과메기검단점,음식점,검단중앙 골목형상점가,골목형상점가,인천광역시,,,
0e0e4e0e2394d99a38a2,full_annotation_v1,A,q_수산물_09,과메기,식료품 중 '수산물'을 판매·제공하는 매장,val,수산물,T3 개념확장,01286ec0-50e0-4540-b678-ec706fb3bcbb,설곰식당,식당,산업용재관,전통시장,대구광역시,,,
68ba92267d5e30b40130,full_annotation_v1,A,q_수산물_09,과메기,식료품 중 '수산물'을 판매·제공하는 매장,val,수산물,T3 개념확장,9cf33f66-a010-44fa-ab7e-9b0a28559f2e,무명네,과메기,구룡포시장,전통시장,경상북도,,,
fda19202ae4fd8047aff,full_annotation_v1,A,q_수산물_09,과메기,식료품 중 '수산물'을 판매·제공하는 매장,val,수산물,T3 개념확장,ef05ad24-81d8-4e15-b048-f522daa8a544,굿스고로케&꽈배기,제과점,단대마트시장,전통시장,경기도,,,
81d6967d79cb6f9eb2a8,full_annotation_v1,A,q_수산물_09,과메기,식료품 중 '수산물'을 판매·제공하는 매장,val,수산물,T3 개념확장,81af4597-046c-4310-b5cd-5c00048048e3,미래수산,"과메기, 기타수산물",포항운하송림시장,전통시장,경상북도,,,
d49a9d2654fbacad829e,full_annotation_v1,A,q_수산물_09,과메기,식료품 중 '수산물'을 판매·제공하는 매장,val,수산물,T3 개념확장,005429a3-030e-492f-973c-1d5842eeac56,미래횟집,활어,사천 삼천포용궁수산시장,전통시장,경상남도,,,
8523dd2b8b5c18d56f6d,full_annotation_v1,A,q_수산물_09,과메기,식료품 중 '수산물'을 판매·제공하는 매장,val,수산물,T3 개념확장,18feeeb2-e3ab-4b95-b2b1-8412bb7ba1a8,포항구룡포과메기사업,수산,구룡포시장,전통시장,경상북도,,,
1f7c7a8fb2fda317ff8a,full_annotation_v1,A,q_수산물_09,과메기,식료품 중 '수산물'을 판매·제공하는 매장,val,수산물,T3 개념확장,00ac75c4-6e3f-4d23-8a6a-1dc8ba294b85,우진수산,"수산물, 활어",효자시장,전통시장,경상북도,,,
76dfcf9fcd648571fc16,full_annotation_v1,A,q_수산물_09,과메기,식료품 중 '수산물'을 판매·제공하는 매장,val,수산물,T3 개념확장,047aa29c-deb8-4220-9082-a0c3a8a8caad,서천건강원,건강즙,사거리온누리 골목형상점가,골목형상점가,충청남도,,,
4640d9366cca70871862,full_annotation_v1,A,q_수산물_09,과메기,식료품 중 '수산물'을 판매·제공하는 매장,val,수산물,T3 개념확장,35204b23-1b03-4ceb-b0bb-3348332ff3e8,붕어랑메기랑,한식,두암3동 먹자골목 골목형상점가,골목형상점가,광주광역시,,,
520ab36f115a91b9f770,full_annotation_v1,A,q_수산물_09,과메기,식료품 중 '수산물'을 판매·제공하는 매장,val,수산물,T3 개념확장,bc76a390-acb8-4924-9e6d-b374e39c4a7e,광주오리탕 메기탕오리로스구이 오메오메 상무직영점,한식 오리 메기,마륵동상인회 골목형상점가,골목형상점가,광주광역시,,,
40cad84600ae32e32f91,full_annotation_v1,A,q_수산물_09,과메기,식료품 중 '수산물'을 판매·제공하는 매장,val,수산물,T3 개념확장,007aece5-08b8-4eb0-b4c6-18d451eadcfd,영남상회,건어물,동쪽바다중앙시장(구 동해중앙시장),전통시장,강원특별자치도,,,
07096f3ef7bc20a88687,full_annotation_v1,A,q_수산물_09,과메기,식료품 중 '수산물'을 판매·제공하는 매장,val,수산물,T3 개념확장,f6e4d713-dd87-4bca-a543-206e90397d23,왕메기매운탕식당,메기 매운탕,앞산맛둘레길 골목형상점가,골목형상점가,대구광역시,,,
9faaeb90726e2ea74a10,full_annotation_v1,A,q_수산물_09,과메기,식료품 중 '수산물'을 판매·제공하는 매장,val,수산물,T3 개념확장,00f60c16-d8be-497f-80f2-aab3209a8d0e,포카포카,식당,전남여고후문 골목형상점가,골목형상점가,광주광역시,,,
f04b52805c96a461d21d,full_annotation_v1,A,q_수산물_09,과메기,식료품 중 '수산물'을 판매·제공하는 매장,val,수산물,T3 개념확장,a333b7f8-4e81-4da2-8594-84b35de6a531,횟집진,회 대게 물회 과메기,구룡포시장,전통시장,경상북도,,,
a7700cf333acd0030ee9,full_annotation_v1,A,q_수산물_09,과메기,식료품 중 '수산물'을 판매·제공하는 매장,val,수산물,T3 개념확장,c47d38b2-f44b-4a85-8833-3919986ad569,전복상회,과메기,구룡포시장,전통시장,경상북도,,,
3e3a8c13e0f955757229,full_annotation_v1,A,q_수산물_09,과메기,식료품 중 '수산물'을 판매·제공하는 매장,val,수산물,T3 개념확장,001ec0bf-0eda-4aa8-8efc-a90930649cf5,원프룻,농수산물,정이있는 구포시장,전통시장,부산광역시,,,
5d6a5837d3f438d87f5e,full_annotation_v1,A,q_수산물_09,과메기,식료품 중 '수산물'을 판매·제공하는 매장,val,수산물,T3 개념확장,7b179551-0ea9-4d1e-8c1b-b3fe3ae4f77e,구룡포 일출과메기,과메기,포항 해도새록새로 골목형상점가,골목형상점가,경상북도,,,
bf209c00c81b0ed51cba,full_annotation_v1,A,q_수산물_09,과메기,식료품 중 '수산물'을 판매·제공하는 매장,val,수산물,T3 개념확장,00298213-17ea-453a-b6e6-375d9ef636b6,대양농수산,농수산물,부평깡시장,전통시장,인천광역시,,,
91efa63537be45dbc425,full_annotation_v1,A,q_수산물_09,과메기,식료품 중 '수산물'을 판매·제공하는 매장,val,수산물,T3 개념확장,0130dbd3-b9ea-43f4-98fd-26d8afd90b78,모래내시장순대,식당,전주모래내시장,전통시장,전북특별자치도,,,
cca60eaacd1d6f84fdec,full_annotation_v1,A,q_수산물_09,과메기,식료품 중 '수산물'을 판매·제공하는 매장,val,수산물,T3 개념확장,00bd252b-19f9-4e9a-bf26-b45280bb84ae,선옥상회,생선,고성 공룡시장,전통시장,경상남도,,,
7144f7fa552fbe5b5b1a,full_annotation_v1,A,q_수산물_09,과메기,식료품 중 '수산물'을 판매·제공하는 매장,val,수산물,T3 개념확장,00e04e3d-cb00-4d64-a13d-a9c02f9a4fc8,대림수산,활어,자갈치시장,전통시장,부산광역시,,,
50e45804e51f99ef8c98,full_annotation_v1,A,q_수산물_09,과메기,식료품 중 '수산물'을 판매·제공하는 매장,val,수산물,T3 개념확장,a6d2b0a7-c71e-4c00-bede-bdab0945d10d,담소정,메기탕,법원후문 골목형상점가,골목형상점가,광주광역시,,,
eb237eed5cdb64cb2856,full_annotation_v1,A,q_수산물_09,과메기,식료품 중 '수산물'을 판매·제공하는 매장,val,수산물,T3 개념확장,002e7e87-5677-44ca-85c4-9e5b87e7994f,한양수산,생선,안중시장,전통시장,경기도,,,
efecdfffe1c36050a427,full_annotation_v1,A,q_수산물_09,과메기,식료품 중 '수산물'을 판매·제공하는 매장,val,수산물,T3 개념확장,49efeae7-5fe2-44f6-b913-6ea889209ade,구성메기 매운탕,매운탕,부곡맛고을상가,자율상권구역,경상북도,,,
c7d2ef056d17518725a2,full_annotation_v1,A,q_수산물_09,과메기,식료품 중 '수산물'을 판매·제공하는 매장,val,수산물,T3 개념확장,6e9dfc97-d60e-4acb-8252-51a274ad92ec,더마니(THEMANI),의류,칠성로상점가,자율상권구역,제주특별자치도,,,
68a25a80827d59b80fbf,full_annotation_v1,A,q_수산물_09,과메기,식료품 중 '수산물'을 판매·제공하는 매장,val,수산물,T3 개념확장,2788754c-875f-45bf-bde2-1e42bb941042,수산물 다루는 남자,과메기 건어물 수산물,구룡포시장,전통시장,경상북도,,,
d72061d1997e91a94de8,full_annotation_v1,A,q_수산물_09,과메기,식료품 중 '수산물'을 판매·제공하는 매장,val,수산물,T3 개념확장,009fbffe-11b3-4eba-b65a-696f4f59f079,인어횟집,횟집,목포북항상점가,자율상권구역,전라남도,,,
7803258b1b5586253f5d,full_annotation_v1,A,q_수산물_09,과메기,식료품 중 '수산물'을 판매·제공하는 매장,val,수산물,T3 개념확장,00cc4859-307a-43ef-9654-2f6aa6fc404d,서산상회,생선,노량진수산시장골목형상점가,골목형상점가,서울특별시,,,
f4cf5d4d1faf14afdfb5,full_annotation_v1,A,q_수산물_09,과메기,식료품 중 '수산물'을 판매·제공하는 매장,val,수산물,T3 개념확장,53e5aaa3-a569-4e03-a865-18a51ab6915d,우메기돌솥국밥,국밥,동천동벚꽃길상인회 골목형상점가,골목형상점가,광주광역시,,,
cc33422970abdcf79537,full_annotation_v1,A,q_수산물_09,과메기,식료품 중 '수산물'을 판매·제공하는 매장,val,수산물,T3 개념확장,38c5dda7-5f48-4599-8471-8becd9c40a2f,브레드에뜰(네번째이야기),제빵,강동HS 골목형상점가,골목형상점가,울산광역시,,,
24fe128d0a3fcc1922bd,full_annotation_v1,A,q_수산물_09,과메기,식료품 중 '수산물'을 판매·제공하는 매장,val,수산물,T3 개념확장,0bf687ec-4ea8-4932-a2c4-401f28aab97f,중앙어물,어물,모슬포 중앙시장,전통시장,제주특별자치도,,,
5d7e1a9e2841af139862,full_annotation_v1,A,q_수산물_09,과메기,식료품 중 '수산물'을 판매·제공하는 매장,val,수산물,T3 개념확장,f4f74601-32a5-42a1-a3ac-d52ee5e7a1a7,명자표 구룡포 과메기,과메기,연일전통시장,전통시장,경상북도,,,
1c3587b22e4513ef9c7a,full_annotation_v1,A,q_수산물_09,과메기,식료품 중 '수산물'을 판매·제공하는 매장,val,수산물,T3 개념확장,013d58c8-33f8-4dbe-95de-801d22ea9505,민영활어공장 부천자유시장점,"회, 초밥",부천자유시장,전통시장,경기도,,,
f6c0ab714fab7f508dbe,full_annotation_v1,A,q_수산물_09,과메기,식료품 중 '수산물'을 판매·제공하는 매장,val,수산물,T3 개념확장,c0bd228c-053b-4ed2-a067-4530d175495b,황보네 수산,"과메기, 수산물",구룡포시장,전통시장,경상북도,,,
39c374fc72ecf24110b4,full_annotation_v1,A,q_수산물_09,과메기,식료품 중 '수산물'을 판매·제공하는 매장,val,수산물,T3 개념확장,fd7edb75-324d-4f70-9282-de1cc5885c9f,최무룡과메기,과매기,죽도어시장,전통시장,경상북도,,,
855e9b833ce949ddcaca,full_annotation_v1,A,q_수산물_09,과메기,식료품 중 '수산물'을 판매·제공하는 매장,val,수산물,T3 개념확장,4fa5f01c-8838-4f39-9b24-4916b7743d53,미원상회,"과메기, 식품",구룡포시장,전통시장,경상북도,,,
ee04ca34cade482cdf01,full_annotation_v1,A,q_수산물_09,과메기,식료품 중 '수산물'을 판매·제공하는 매장,val,수산물,T3 개념확장,000d55be-8181-4f45-827e-52082b2ae284,명희유통,건어물,성북시장,전통시장,부산광역시,,,
c9d0814893f311b7dc4f,full_annotation_v1,A,q_수산물_09,과메기,식료품 중 '수산물'을 판매·제공하는 매장,val,수산물,T3 개념확장,0019e966-8007-4603-957c-4e9adcd1f05a,부남수산,수산물,서산동부전통시장,전통시장,충청남도,,,
c630608a92366f4b381b,full_annotation_v1,A,q_수산물_09,과메기,식료품 중 '수산물'을 판매·제공하는 매장,val,수산물,T3 개념확장,d179b375-59ce-4456-aba9-e3df3b5510f2,삼산구룡포1등과메기,건해산물,울산농수산물도매시장 청과소매동,골목형상점가,울산광역시,,,
4a13165b680bc08f795f,full_annotation_v1,A,q_수산물_09,과메기,식료품 중 '수산물'을 판매·제공하는 매장,val,수산물,T3 개념확장,730d461e-ee86-4e77-a6db-7a92b5131b81,청사초롱과메기식당,음식,한라종합시장,전통시장,경상북도,,,
17340c3dd6afa45308a7,full_annotation_v1,A,q_수산물_09,과메기,식료품 중 '수산물'을 판매·제공하는 매장,val,수산물,T3 개념확장,333fa307-f61c-45a8-a79b-93fff676095e,대명어물,어물,서귀포향토오일시장,전통시장,제주특별자치도,,,
b62ccb511088ed070b53,full_annotation_v1,A,q_수산물_09,과메기,식료품 중 '수산물'을 판매·제공하는 매장,val,수산물,T3 개념확장,c19e0f4c-f71f-48bd-8647-838c1828dd00,삼흥닭집,닭,안양중앙인정시장,전통시장,경기도,,,
7330404b5733ddbb01c2,full_annotation_v1,A,q_수산물_09,과메기,식료품 중 '수산물'을 판매·제공하는 매장,val,수산물,T3 개념확장,2559b4c0-3c6a-4b3c-82a3-e42af43e75c8,중앙상회,"닭, 오리, 과메기, 건어물",두호1시장,전통시장,경상북도,,,
16fc32b0886d72145bc6,full_annotation_v1,A,q_수산물_09,과메기,식료품 중 '수산물'을 판매·제공하는 매장,val,수산물,T3 개념확장,00445369-fa3a-4cd3-ae3a-6564876f4199,용수상회,수산물,서문시장건해산물상가,전통시장,대구광역시,,,
cb9825b39dbe5ab41297,full_annotation_v1,A,q_수산물_09,과메기,식료품 중 '수산물'을 판매·제공하는 매장,val,수산물,T3 개념확장,3526958d-da64-4c90-a75c-c55162fbe0d3,최씨어물전,,영천공설시장,전통시장,경상북도,,,
60a09befa59edcb19d6f,full_annotation_v1,A,q_수산물_09,과메기,식료품 중 '수산물'을 판매·제공하는 매장,val,수산물,T3 개념확장,ac9c65cc-1e24-4ef1-b9e7-70ac1bb18739,우주상사,과메기,구룡포시장,전통시장,경상북도,,,
eec2fae326c22c0995f6,full_annotation_v1,A,q_수산물_09,과메기,식료품 중 '수산물'을 판매·제공하는 매장,val,수산물,T3 개념확장,2447514f-32b1-495c-8ae4-9903e82dcd99,어부네코다리조림 서천장보고점,코다리,서천시장거리 골목형상점가,골목형상점가,충청남도,,,
84049479516086be5457,full_annotation_v1,A,q_수산물_09,과메기,식료품 중 '수산물'을 판매·제공하는 매장,val,수산물,T3 개념확장,0004c5f7-95e0-45be-9f06-a705b8113ff0,의창수협67번중도매인,활어,진해 용원어시장상점가,자율상권구역,경상남도,,,
c3b01b4deeef06a3a051,full_annotation_v1,A,q_수산물_09,과메기,식료품 중 '수산물'을 판매·제공하는 매장,val,수산물,T3 개념확장,00cd5dee-c068-48da-bc58-a704d5fe8832,윤석수산,수산물 활어회 생선 게종류 젓갈 갑각류 해산물 등등,대공원시장,전통시장,대구광역시,,,
e7a313483cd8c55b66b8,full_annotation_v1,A,q_수산물_09,과메기,식료품 중 '수산물'을 판매·제공하는 매장,val,수산물,T3 개념확장,9176a604-d073-4933-8694-d21b74bd4a48,장수족발과메기,과메기,포항큰동해시장,전통시장,경상북도,,,
0efe28963e721c5cc783,full_annotation_v1,A,q_수산물_09,과메기,식료품 중 '수산물'을 판매·제공하는 매장,val,수산물,T3 개념확장,f46d43ad-9997-41d7-85c1-a90bf9824698,주류 충전소,과메기,포항 해도새록새로 골목형상점가,골목형상점가,경상북도,,,
642a4d3384e791cfeda3,full_annotation_v1,A,q_수산물_09,과메기,식료품 중 '수산물'을 판매·제공하는 매장,val,수산물,T3 개념확장,beba27d0-86bb-4a1e-adec-8cb7cd340464,설이네 반찬&과메기,식품,포항 대이상가 골목형상점가,골목형상점가,경상북도,,,
5ee29f285302a72db6f8,full_annotation_v1,A,q_수산물_09,과메기,식료품 중 '수산물'을 판매·제공하는 매장,val,수산물,T3 개념확장,01afaafa-2a46-4977-8015-55762957ee7a,다래초밥,초밥,동문동 골목형상점가,골목형상점가,충청남도,,,
1cd1e5b01ad3206f430e,full_annotation_v1,A,q_수산물_09,과메기,식료품 중 '수산물'을 판매·제공하는 매장,val,수산물,T3 개념확장,00ba389b-e522-4da5-ac26-2ffaf33359ec,스시노유키,초밥,산본로데오거리(구 산본중심상가),자율상권구역,경기도,,,
e07a795a6f778333c513,full_annotation_v1,A,q_수산물_09,과메기,식료품 중 '수산물'을 판매·제공하는 매장,val,수산물,T3 개념확장,6996cbc1-fd8c-4c75-9953-d0078f4beb9a,은비네과메기,음식점,진주 중앙시장,전통시장,경상남도,,,
924558b7c7fc994a7711,full_annotation_v1,A,q_수산물_09,과메기,식료품 중 '수산물'을 판매·제공하는 매장,val,수산물,T3 개념확장,f931fc12-fd19-4b4b-95ae-ce295ffa3f40,맨즈헤어,미용,강동HS 골목형상점가,골목형상점가,울산광역시,,,
4cea628eb737cec71a4a,full_annotation_v1,A,q_수산물_09,과메기,식료품 중 '수산물'을 판매·제공하는 매장,val,수산물,T3 개념확장,11cb216d-803b-4ed1-9562-bd176b05c443,보원전자,가전제품,전자의거리 상점가,자율상권구역,광주광역시,,,
4963fae5405d615697dd,full_annotation_v1,A,q_수산물_09,과메기,식료품 중 '수산물'을 판매·제공하는 매장,val,수산물,T3 개념확장,c5f87beb-c088-479a-923b-7b9820e6e9df,정다운언어심리상담센터,언어치료 심리치료 놀이치료 감각통합치료 미술치료 인지치료 난독증 치료,신내당시장,전통시장,대구광역시,,,
5ff1685a07491a930e9c,full_annotation_v1,A,q_수산물_09,과메기,식료품 중 '수산물'을 판매·제공하는 매장,val,수산물,T3 개념확장,e7b99fbf-ac2f-42d6-9cd3-088cee2a9ca9,하늘보석,귀금속,왕지상가,자율상권구역,전라남도,,,
e57bdd51c48cae73233b,full_annotation_v1,A,q_수산물_09,과메기,식료품 중 '수산물'을 판매·제공하는 매장,val,수산물,T3 개념확장,0027eaf6-093b-4df4-9457-4f1081537ff3,충무꼭지횟집,횟집,초량전통시장,전통시장,부산광역시,,,
a088b4078a2421bd8860,full_annotation_v1,A,q_수산물_09,과메기,식료품 중 '수산물'을 판매·제공하는 매장,val,수산물,T3 개념확장,009b69b5-365a-4958-87e7-f224f253b92a,동문올레횟집,횟집,동문수산시장,전통시장,제주특별자치도,,,
591db5cea798b626d40e,full_annotation_v1,A,q_수산물_09,과메기,식료품 중 '수산물'을 판매·제공하는 매장,val,수산물,T3 개념확장,37dd294b-8f9b-4ff7-9439-47c61c378286,부름양행,시계,비단길현대시장,전통시장,서울특별시,,,
efb0e9ba5de339b6c5cc,full_annotation_v1,A,q_수산물_09,과메기,식료품 중 '수산물'을 판매·제공하는 매장,val,수산물,T3 개념확장,ecc7c17e-4d0d-4f34-947b-2add1dbc32cd,동아방앗간,방앗간,"일곡동(제8지역:롯데,벽산,동아,삼호,월드스파)",골목형상점가,광주광역시,,,
5dd17d8f16dc7949c181,full_annotation_v1,A,q_수산물_09,과메기,식료품 중 '수산물'을 판매·제공하는 매장,val,수산물,T3 개념확장,00fcc68d-3086-4b45-b998-f3763e8dbf7d,꼬치마요 산본역점(9호점),일식,산본로데오거리(구 산본중심상가),자율상권구역,경기도,,,
811b4193c0509e943dcf,full_annotation_v1,A,q_수산물_09,과메기,식료품 중 '수산물'을 판매·제공하는 매장,val,수산물,T3 개념확장,b0ea25fa-ac70-43ab-9351-c0f1d8044576,금과메기 건어물,수산물,포항죽도농산물시장,전통시장,경상북도,,,
51ba693c64a78cc00078,full_annotation_v1,A,q_수산물_09,과메기,식료품 중 '수산물'을 판매·제공하는 매장,val,수산물,T3 개념확장,48ef98e0-8cc8-4cd0-95db-cf0d9c486ed4,일등수산,문어 과메기 대게,포항죽도시장,전통시장,경상북도,,,
822023bb8504b16bdbcd,full_annotation_v1,A,q_수산물_09,과메기,식료품 중 '수산물'을 판매·제공하는 매장,val,수산물,T3 개념확장,82bb4afa-b8a9-40bc-bbcd-4b3c137b2f09,밀양곰장어,산곰장어,부전마켓타운 시장활성화구역,상권활성화구역,부산광역시,,,
42926e30477648931787,full_annotation_v1,A,q_수산물_09,과메기,식료품 중 '수산물'을 판매·제공하는 매장,val,수산물,T3 개념확장,004032ef-2ae7-4e97-ac30-b12a0869e930,시장횟집,횟집,광양매일시장(광양상설시장),전통시장,전라남도,,,
c783e5cc8f13d127e2d9,full_annotation_v1,A,q_수산물_09,과메기,식료품 중 '수산물'을 판매·제공하는 매장,val,수산물,T3 개념확장,ae45fcec-e0eb-4327-9269-a944fbd61b2c,수암과메기,과메기,위드수암 골목형상점가,골목형상점가,울산광역시,,,
e51d50614ed86e44b982,full_annotation_v1,A,q_수산물_09,과메기,식료품 중 '수산물'을 판매·제공하는 매장,val,수산물,T3 개념확장,03cbd591-5ee7-4f9b-842e-8dc427925406,신흥상회,어물,상주중앙시장,전통시장,경상북도,,,
67bf0326e82c41d1de3d,full_annotation_v1,A,q_수산물_09,과메기,식료품 중 '수산물'을 판매·제공하는 매장,val,수산물,T3 개념확장,00356e71-7b15-4a42-be60-f232011707b8,유한회사 덕재건재,건어물,가락몰골목형상점가,골목형상점가,서울특별시,,,
c4c6a21f12923f6503a8,full_annotation_v1,A,q_수산물_09,과메기,식료품 중 '수산물'을 판매·제공하는 매장,val,수산물,T3 개념확장,93874f4f-f07f-4631-8226-e07d77273e14,유단청과수산,"과일, 과메기",구룡포시장,전통시장,경상북도,,,
3b7e2df635998ea405a6,full_annotation_v1,A,q_수산물_09,과메기,식료품 중 '수산물'을 판매·제공하는 매장,val,수산물,T3 개념확장,00a0d437-836b-453d-b15e-55fbf7dc8460,대박수산,생선,청주육거리종합시장,전통시장,충청북도,,,
bb8f5e12ec789913379e,full_annotation_v1,A,q_수산물_09,과메기,식료품 중 '수산물'을 판매·제공하는 매장,val,수산물,T3 개념확장,a715b36a-a6ad-486b-94f8-46bd92ecdf68,햇살고운과일촌,과일,김해 외동전통시장,전통시장,경상남도,,,
dc7bdbe52834735820ed,full_annotation_v1,A,q_수산물_09,과메기,식료품 중 '수산물'을 판매·제공하는 매장,val,수산물,T3 개념확장,bcf7a82b-136f-4abf-b56b-2a1b2552bf93,청사초롱농수산,과메기 야채,한라종합시장,전통시장,경상북도,,,
2f79c98ad4494f716f7b,full_annotation_v1,A,q_수산물_10,해산물,식료품 중 '수산물'을 판매·제공하는 매장,val,수산물,T3 개념확장,1bde5aca-2afb-456e-a196-271edbfe6abb,부산수산물백화점,해산물,서문시장2지구 종합상가,전통시장,대구광역시,,,
1bf4248c850189bcd377,full_annotation_v1,A,q_수산물_10,해산물,식료품 중 '수산물'을 판매·제공하는 매장,val,수산물,T3 개념확장,000d55be-8181-4f45-827e-52082b2ae284,명희유통,건어물,성북시장,전통시장,부산광역시,,,
d9cedb47ada39a7a94ef,full_annotation_v1,A,q_수산물_10,해산물,식료품 중 '수산물'을 판매·제공하는 매장,val,수산물,T3 개념확장,6208f931-a486-43ae-9fdc-99afa86f7134,진주상회,해산물,마산어시장,전통시장,경상남도,,,
d9570432044c14d88847,full_annotation_v1,A,q_수산물_10,해산물,식료품 중 '수산물'을 판매·제공하는 매장,val,수산물,T3 개념확장,81d78dc6-9db0-4570-a4fa-f634bc93b13e,남도술상,해산물,고촌 먹거리타운 골목형상점가,골목형상점가,경기도,,,
e911ec2c4d48e7823064,full_annotation_v1,A,q_수산물_10,해산물,식료품 중 '수산물'을 판매·제공하는 매장,val,수산물,T3 개념확장,e55f75f3-26bf-4dba-9e87-15ff7cf4b4da,삼성해물,해산물,청주육거리종합시장,전통시장,충청북도,,,
44bd52ac650c7ebe3c35,full_annotation_v1,A,q_수산물_10,해산물,식료품 중 '수산물'을 판매·제공하는 매장,val,수산물,T3 개념확장,b2209226-e503-4588-a041-584bbd9933b6,해안선,해산물,매탄중심상가 골목형상점가,골목형상점가,경기도,,,
a8c19ab5d1757659701b,full_annotation_v1,A,q_수산물_10,해산물,식료품 중 '수산물'을 판매·제공하는 매장,val,수산물,T3 개념확장,cb555ef8-aca2-446c-a819-e646dbb00d14,히야,해산물,교동시장1길 상점가,자율상권구역,대구광역시,,,
57d9c4921ff4da6a7f47,full_annotation_v1,A,q_수산물_10,해산물,식료품 중 '수산물'을 판매·제공하는 매장,val,수산물,T3 개념확장,002e7e87-5677-44ca-85c4-9e5b87e7994f,한양수산,생선,안중시장,전통시장,경기도,,,
8e3d73a72a91d34fe949,full_annotation_v1,A,q_수산물_10,해산물,식료품 중 '수산물'을 판매·제공하는 매장,val,수산물,T3 개념확장,6d9eed77-2154-4e4a-9fab-cc2f941a2bf8,경상수산,해산물,노량진수산시장골목형상점가,골목형상점가,서울특별시,,,
4ac47fef2f0877da8062,full_annotation_v1,A,q_수산물_10,해산물,식료품 중 '수산물'을 판매·제공하는 매장,val,수산물,T3 개념확장,081228e7-6107-4933-9b5d-eeb158010286,서림해산물,해산물,서귀포매일올레시장,전통시장,제주특별자치도,,,
ede5af961f009cdf2913,full_annotation_v1,A,q_수산물_10,해산물,식료품 중 '수산물'을 판매·제공하는 매장,val,수산물,T3 개념확장,333fa307-f61c-45a8-a79b-93fff676095e,대명어물,어물,서귀포향토오일시장,전통시장,제주특별자치도,,,
4433ebafb7f749e2d381,full_annotation_v1,A,q_수산물_10,해산물,식료품 중 '수산물'을 판매·제공하는 매장,val,수산물,T3 개념확장,020e2062-95fc-4e53-87ce-567ef06102f4,황해식당,해산물,인천종합어시장,전통시장,인천광역시,,,
d896a31891257c9048c4,full_annotation_v1,A,q_수산물_10,해산물,식료품 중 '수산물'을 판매·제공하는 매장,val,수산물,T3 개념확장,f84c9685-2aaf-4cf6-a2ab-51f7e19dd840,삼바리,해산물,봉명동우산거리 골목형상점가,골목형상점가,대전광역시,,,
dd3a37065f575439a17a,full_annotation_v1,A,q_수산물_10,해산물,식료품 중 '수산물'을 판매·제공하는 매장,val,수산물,T3 개념확장,15ff42ba-12cd-4bb1-b7e5-f6d9c0e21c7e,밀양횟집,해산물,부평깡통시장(구 부산부평시장),전통시장,부산광역시,,,
b4cee906d518d032629b,full_annotation_v1,A,q_수산물_10,해산물,식료품 중 '수산물'을 판매·제공하는 매장,val,수산물,T3 개념확장,74f5466e-e45f-4f41-8dcf-7572600bd262,만선,해산물,전남대후문골목형상점가,골목형상점가,광주광역시,,,
3e0f9e3cce1b3ce9eaaa,full_annotation_v1,A,q_수산물_10,해산물,식료품 중 '수산물'을 판매·제공하는 매장,val,수산물,T3 개념확장,01afaafa-2a46-4977-8015-55762957ee7a,다래초밥,초밥,동문동 골목형상점가,골목형상점가,충청남도,,,
ddc3ed167626a74f8535,full_annotation_v1,A,q_수산물_10,해산물,식료품 중 '수산물'을 판매·제공하는 매장,val,수산물,T3 개념확장,77dc91df-69fe-447b-9766-7ca8be2f7912,우리해산물,해산물,서귀포매일올레시장,전통시장,제주특별자치도,,,
772bb65db60174241eb7,full_annotation_v1,A,q_수산물_10,해산물,식료품 중 '수산물'을 판매·제공하는 매장,val,수산물,T3 개념확장,c1b5f7cd-108b-4415-8101-717e70ba478f,금스시&참치,해산물,동탄역골목형상점가,골목형상점가,경기도,,,
7fd3ab8877279eb984b6,full_annotation_v1,A,q_수산물_10,해산물,식료품 중 '수산물'을 판매·제공하는 매장,val,수산물,T3 개념확장,54f6441f-dcaf-431a-91f3-22fb8cc8e98f,제일수산,해산물,역곡상상시장(구 역곡북부시장),전통시장,경기도,,,
1ee774e3240fee3071c3,full_annotation_v1,A,q_수산물_10,해산물,식료품 중 '수산물'을 판매·제공하는 매장,val,수산물,T3 개념확장,7c774534-585f-41b5-bd48-04c4675ae15e,싱싱수산,해산물,해밀동 골목형상점가,골목형상점가,세종특별자치시,,,
823d65a150ad02afd54f,full_annotation_v1,A,q_수산물_10,해산물,식료품 중 '수산물'을 판매·제공하는 매장,val,수산물,T3 개념확장,5c177803-d700-442e-94a1-785b9cb24a22,엄마네,해산물,신석로골목형상점가,골목형상점가,인천광역시,,,
6429f032fa8b4754a6ec,full_annotation_v1,A,q_수산물_10,해산물,식료품 중 '수산물'을 판매·제공하는 매장,val,수산물,T3 개념확장,3526958d-da64-4c90-a75c-c55162fbe0d3,최씨어물전,,영천공설시장,전통시장,경상북도,,,
2d931b75885fed0cbefb,full_annotation_v1,A,q_수산물_10,해산물,식료품 중 '수산물'을 판매·제공하는 매장,val,수산물,T3 개념확장,005eb589-94b0-4a7e-b4e4-ef8cf64b0762,스시쿄다이,일식,동홍8번가 골목형상점가,골목형상점가,제주특별자치도,,,
8e0474cd85dc3561e0c7,full_annotation_v1,A,q_수산물_10,해산물,식료품 중 '수산물'을 판매·제공하는 매장,val,수산물,T3 개념확장,001ec0bf-0eda-4aa8-8efc-a90930649cf5,원프룻,농수산물,정이있는 구포시장,전통시장,부산광역시,,,
1275fd6f664240876882,full_annotation_v1,A,q_수산물_10,해산물,식료품 중 '수산물'을 판매·제공하는 매장,val,수산물,T3 개념확장,1332a409-094c-48e5-9c73-b72279e2af27,구룡포회,해산물,용산종합큰시장,전통시장,대구광역시,,,
d50e279c5d2740fcf9fb,full_annotation_v1,A,q_수산물_10,해산물,식료품 중 '수산물'을 판매·제공하는 매장,val,수산물,T3 개념확장,d7e92b09-b648-4bcb-aee7-aa922cd575d3,바다횟집,해산물,상대동 골목형상점가,골목형상점가,대전광역시,,,
01af8ffabb162185056a,full_annotation_v1,A,q_수산물_10,해산물,식료품 중 '수산물'을 판매·제공하는 매장,val,수산물,T3 개념확장,00fcc68d-3086-4b45-b998-f3763e8dbf7d,꼬치마요 산본역점(9호점),일식,산본로데오거리(구 산본중심상가),자율상권구역,경기도,,,
c96877a0eda000e0446b,full_annotation_v1,A,q_수산물_10,해산물,식료품 중 '수산물'을 판매·제공하는 매장,val,수산물,T3 개념확장,1ca624a5-320c-4477-a569-941cc1bf2e9e,여보게친구,해산물,신창 골목형상점가,골목형상점가,광주광역시,,,
5f068ce730ed429aeeab,full_annotation_v1,A,q_수산물_10,해산물,식료품 중 '수산물'을 판매·제공하는 매장,val,수산물,T3 개념확장,10ec274b-c128-4aed-bf30-dcc1e804dbe9,군산상회,해산물,양동시장,전통시장,광주광역시,,,
16ddf039f5919de58ccf,full_annotation_v1,A,q_수산물_10,해산물,식료품 중 '수산물'을 판매·제공하는 매장,val,수산물,T3 개념확장,58da5bf1-394e-47ba-abf5-94805807e50f,착한해물,해산물,용봉IC 골목형상점가,골목형상점가,광주광역시,,,
c4566efca9223d59d35d,full_annotation_v1,A,q_수산물_10,해산물,식료품 중 '수산물'을 판매·제공하는 매장,val,수산물,T3 개념확장,010c1855-b46f-4e37-b975-8115c4249b0f,용궁횟집,,자갈치시장,전통시장,부산광역시,,,
816156896276638e97fe,full_annotation_v1,A,q_수산물_10,해산물,식료품 중 '수산물'을 판매·제공하는 매장,val,수산물,T3 개념확장,0333f16c-ff56-4e80-a1c7-dd77a81300df,로봇초밥마켓 과천래미안점,초밥,과천슈르탑 골목형상점가,골목형상점가,경기도,,,
bc0841e99a955ae43d4c,full_annotation_v1,A,q_수산물_10,해산물,식료품 중 '수산물'을 판매·제공하는 매장,val,수산물,T3 개념확장,8d6a5b3f-d491-4527-9561-f10701869f2e,동해물과 해산물이,해산물,감전시장,전통시장,부산광역시,,,
49a8bf1e96e2cc302918,full_annotation_v1,A,q_수산물_10,해산물,식료품 중 '수산물'을 판매·제공하는 매장,val,수산물,T3 개념확장,74c89370-aa17-46d2-bbd2-bf690fa810f6,어른이날,해산물,양지마을 골목형상점가,골목형상점가,광주광역시,,,
143bbe7d709acbe3952e,full_annotation_v1,A,q_수산물_10,해산물,식료품 중 '수산물'을 판매·제공하는 매장,val,수산물,T3 개념확장,00cc4859-307a-43ef-9654-2f6aa6fc404d,서산상회,생선,노량진수산시장골목형상점가,골목형상점가,서울특별시,,,
2d39c7d747a1c805f3f3,full_annotation_v1,A,q_수산물_10,해산물,식료품 중 '수산물'을 판매·제공하는 매장,val,수산물,T3 개념확장,4b55daec-a3bc-4dc6-9a84-91aa1d6f398a,몽돌해물포차,해산물,미포1길 골목형상점가,골목형상점가,울산광역시,,,
be3f42a8df11a4ab1e55,full_annotation_v1,A,q_수산물_10,해산물,식료품 중 '수산물'을 판매·제공하는 매장,val,수산물,T3 개념확장,005429a3-030e-492f-973c-1d5842eeac56,미래횟집,활어,사천 삼천포용궁수산시장,전통시장,경상남도,,,
44e4efb0e9c11e733d1c,full_annotation_v1,A,q_수산물_10,해산물,식료품 중 '수산물'을 판매·제공하는 매장,val,수산물,T3 개념확장,00f2b0df-41ab-4323-9e97-8a36a70c72dc,대박수산,해산물,거제 고현시장,전통시장,경상남도,,,
89fbc81b7c78479d8273,full_annotation_v1,A,q_수산물_10,해산물,식료품 중 '수산물'을 판매·제공하는 매장,val,수산물,T3 개념확장,faa5e268-5355-40ca-bff4-0741884d8f9b,행복한떡집,떡,말바우시장,전통시장,광주광역시,,,
cba54648e959b924b053,full_annotation_v1,A,q_수산물_10,해산물,식료품 중 '수산물'을 판매·제공하는 매장,val,수산물,T3 개념확장,008cfdc1-610a-407a-a03b-4c6dae7106f4,주영수산,활어,목포북항상점가,자율상권구역,전라남도,,,
fe5d9836933a0de447dc,full_annotation_v1,A,q_수산물_10,해산물,식료품 중 '수산물'을 판매·제공하는 매장,val,수산물,T3 개념확장,03cbd591-5ee7-4f9b-842e-8dc427925406,신흥상회,어물,상주중앙시장,전통시장,경상북도,,,
b4d9c7bebfb1cf346473,full_annotation_v1,A,q_수산물_10,해산물,식료품 중 '수산물'을 판매·제공하는 매장,val,수산물,T3 개념확장,e283eca8-998a-445b-9278-06af2039f388,자갈치횟집,해산물,마산어시장,전통시장,경상남도,,,
49d09f1bc02026dd5198,full_annotation_v1,A,q_수산물_10,해산물,식료품 중 '수산물'을 판매·제공하는 매장,val,수산물,T3 개념확장,00298213-17ea-453a-b6e6-375d9ef636b6,대양농수산,농수산물,부평깡시장,전통시장,인천광역시,,,
52a82bfe2767f8ef66b9,full_annotation_v1,A,q_수산물_10,해산물,식료품 중 '수산물'을 판매·제공하는 매장,val,수산물,T3 개념확장,77232cc5-e2f8-432e-8f88-fa69b51ee262,스페샬나잇트(전대후문점),일식,전남대후문골목형상점가,골목형상점가,광주광역시,,,
1900416423802bf72192,full_annotation_v1,A,q_수산물_10,해산물,식료품 중 '수산물'을 판매·제공하는 매장,val,수산물,T3 개념확장,a92cd8d9-6f93-44b4-98be-75a18acb1667,바다포차,해산물,안양중앙시장,전통시장,경기도,,,
e94dc1d44c8856c18ee4,full_annotation_v1,A,q_수산물_10,해산물,식료품 중 '수산물'을 판매·제공하는 매장,val,수산물,T3 개념확장,68f1b8c3-648f-4b9d-bd31-225c07068ea4,돼지조개,해산물,창원 반송시장,전통시장,경상남도,,,
a9ff975f8218688ef4db,full_annotation_v1,A,q_수산물_10,해산물,식료품 중 '수산물'을 판매·제공하는 매장,val,수산물,T3 개념확장,98f8d1e8-a831-4dd1-9801-1f41f5600b3e,명가꼬치구이,음식점업(음식),한대앞역상점가,자율상권구역,경기도,,,
6d2206e976db7174a0c3,full_annotation_v1,A,q_수산물_10,해산물,식료품 중 '수산물'을 판매·제공하는 매장,val,수산물,T3 개념확장,35b9a58f-7cb1-45d9-990e-89675412b1c4,완도집,해산물,영천시장,전통시장,서울특별시,,,
9fba6541eb24969f5cca,full_annotation_v1,A,q_수산물_10,해산물,식료품 중 '수산물'을 판매·제공하는 매장,val,수산물,T3 개념확장,875fe014-0bc4-4fac-b82b-1ce58589cdfc,북해참치,해산물,구성언남 골목형상점가,골목형상점가,경기도,,,
cae33f0260cdb0beeb62,full_annotation_v1,A,q_수산물_10,해산물,식료품 중 '수산물'을 판매·제공하는 매장,val,수산물,T3 개념확장,3161afba-0d9e-4c94-8797-3f85599bf5f6,계절막회,해산물,동백역 골목형상점가,골목형상점가,경기도,,,
f8ba6774fc720e2fb29e,full_annotation_v1,A,q_수산물_10,해산물,식료품 중 '수산물'을 판매·제공하는 매장,val,수산물,T3 개념확장,5de2721c-ae31-4ffe-b6c1-39f699001118,아우네,해산물,치동천 수변상가,자율상권구역,경기도,,,
d2fea9ec2e4f4d4e4b59,full_annotation_v1,A,q_수산물_10,해산물,식료품 중 '수산물'을 판매·제공하는 매장,val,수산물,T3 개념확장,004032ef-2ae7-4e97-ac30-b12a0869e930,시장횟집,횟집,광양매일시장(광양상설시장),전통시장,전라남도,,,
ef00267debc2acc7f6f8,full_annotation_v1,A,q_수산물_10,해산물,식료품 중 '수산물'을 판매·제공하는 매장,val,수산물,T3 개념확장,20736d47-260a-49c1-b5f3-faede9645a9f,해물촌,해산물,거제 고현자율상권,,경상남도,,,
cfbfd15f3820e0896237,full_annotation_v1,A,q_수산물_10,해산물,식료품 중 '수산물'을 판매·제공하는 매장,val,수산물,T3 개념확장,a87d9091-cfb1-4404-87fe-fac9fc88f969,먹물군단,해산물,삼익사거리 골목형상점가,골목형상점가,광주광역시,,,
d7821166403b966e499c,full_annotation_v1,A,q_수산물_10,해산물,식료품 중 '수산물'을 판매·제공하는 매장,val,수산물,T3 개념확장,0c3b8779-121d-47f0-849c-682b3472b490,동서해물,해산물,양산 덕계종합상설시장,전통시장,경상남도,,,
6c4156e42aed0ba44651,full_annotation_v1,A,q_수산물_10,해산물,식료품 중 '수산물'을 판매·제공하는 매장,val,수산물,T3 개념확장,8dd5a74d-dcbe-4b5d-b08e-13d91e2b539d,신현수산경제네생선,해산물,거제 고현종합시장,전통시장,경상남도,,,
b507f61fe7bc50a27680,full_annotation_v1,A,q_수산물_10,해산물,식료품 중 '수산물'을 판매·제공하는 매장,val,수산물,T3 개념확장,c51cbfe8-f19d-4c8c-b893-0c5a9baf83b2,아!청춘을적신다,해산물,운남7단지먹자거리 골목형상점가,골목형상점가,광주광역시,,,
4ac2bef2d3bdf582be41,full_annotation_v1,A,q_수산물_10,해산물,식료품 중 '수산물'을 판매·제공하는 매장,val,수산물,T3 개념확장,899af6fc-93b0-49d9-871a-0f7f97817ffd,어부정,해산물,마산가고파수산시장,전통시장,경상남도,,,
09ec1f9032e93197f744,full_annotation_v1,A,q_수산물_10,해산물,식료품 중 '수산물'을 판매·제공하는 매장,val,수산물,T3 개념확장,2a0ba145-5d73-455b-97dc-9155e3c55e79,고흥수산,해산물,양동수산시장,전통시장,광주광역시,,,
2474be0aa802f9c76acf,full_annotation_v1,A,q_수산물_10,해산물,식료품 중 '수산물'을 판매·제공하는 매장,val,수산물,T3 개념확장,789b1367-9da6-4b76-86c2-fdf96e5fedad,똥광,해산물,팔등로기부거리,골목형상점가,울산광역시,,,
0172ba044a55976f8a09,full_annotation_v1,A,q_수산물_10,해산물,식료품 중 '수산물'을 판매·제공하는 매장,val,수산물,T3 개념확장,f2092ba8-42a2-44e7-b114-64394b0ac9ef,화궁방,중식,전남대후문골목형상점가,골목형상점가,광주광역시,,,
3bde7e999d1a56ec7fdd,full_annotation_v1,A,q_수산물_10,해산물,식료품 중 '수산물'을 판매·제공하는 매장,val,수산물,T3 개념확장,559ad30f-a7cf-423c-b8fc-017690d93b59,그린횟집,회 해산물,포항 대이상가 골목형상점가,골목형상점가,경상북도,,,
7c3e9aa7d69faf6e5e99,full_annotation_v1,A,q_수산물_10,해산물,식료품 중 '수산물'을 판매·제공하는 매장,val,수산물,T3 개념확장,2463cf8a-98c7-4351-a3d9-b858ff48b359,광명상회,해산물,노량진수산시장골목형상점가,골목형상점가,서울특별시,,,
46c4a66234cec46abea3,full_annotation_v1,A,q_수산물_10,해산물,식료품 중 '수산물'을 판매·제공하는 매장,val,수산물,T3 개념확장,8755096a-eb8f-4c28-86d7-c02cb41140c7,물바우,해산물,흑석시장골목형상점가,골목형상점가,서울특별시,,,
2d530334be2a7f717346,full_annotation_v1,A,q_수산물_10,해산물,식료품 중 '수산물'을 판매·제공하는 매장,val,수산물,T3 개념확장,00f60c16-d8be-497f-80f2-aab3209a8d0e,포카포카,식당,전남여고후문 골목형상점가,골목형상점가,광주광역시,,,
3b06421da2dead8086f9,full_annotation_v1,A,q_수산물_10,해산물,식료품 중 '수산물'을 판매·제공하는 매장,val,수산물,T3 개념확장,6c8bbb73-524f-467a-981d-34051641fc64,조은수산,해산물,기장시장,전통시장,부산광역시,,,
b4368a048a412eb82325,full_annotation_v1,A,q_수산물_10,해산물,식료품 중 '수산물'을 판매·제공하는 매장,val,수산물,T3 개념확장,0b37cfdd-c96b-426b-be6d-18f76cb1076b,엄마손김치찌개,김치찌개,백년소상공인,기타,전북특별자치도,,,
d4737dc152c0a094355b,full_annotation_v1,A,q_수산물_10,해산물,식료품 중 '수산물'을 판매·제공하는 매장,val,수산물,T3 개념확장,edc25ffb-6952-45bc-9e4a-48e8a0832009,홀로닉아로마부설학원,교육서비스,둔산3동상점가,자율상권구역,대전광역시,,,
b8282a7f60a47270987e,full_annotation_v1,A,q_수산물_10,해산물,식료품 중 '수산물'을 판매·제공하는 매장,val,수산물,T3 개념확장,80ea62f6-fafe-43fa-8198-ea06fda62f4b,거제 해산물,해산물,용호골목시장,전통시장,부산광역시,,,
9adb4adb046c95b59736,full_annotation_v1,A,q_수산물_10,해산물,식료품 중 '수산물'을 판매·제공하는 매장,val,수산물,T3 개념확장,00a0d437-836b-453d-b15e-55fbf7dc8460,대박수산,생선,청주육거리종합시장,전통시장,충청북도,,,
07269547596e131aedb7,full_annotation_v1,A,q_수산물_10,해산물,식료품 중 '수산물'을 판매·제공하는 매장,val,수산물,T3 개념확장,16b2d000-6695-4ca2-8567-2d8079f9029a,해원,횟집회 및 해산물,백년소상공인,기타,제주특별자치도,,,
9dd39d54bf2200a64354,full_annotation_v1,A,q_수산물_10,해산물,식료품 중 '수산물'을 판매·제공하는 매장,val,수산물,T3 개념확장,e245b45a-d8be-4a4c-bf94-e4847a6803b0,바다수산,해산물,거제 고현종합시장,전통시장,경상남도,,,
14efa688e5141cbc8f68,full_annotation_v1,A,q_수산물_10,해산물,식료품 중 '수산물'을 판매·제공하는 매장,val,수산물,T3 개념확장,b0fa6654-7609-492f-a030-c54111403cae,삼천포수산,해산물,진주 논개시장,전통시장,경상남도,,,
0b176e2e6bb4b450b128,full_annotation_v1,A,q_수산물_10,해산물,식료품 중 '수산물'을 판매·제공하는 매장,val,수산물,T3 개념확장,00e04e3d-cb00-4d64-a13d-a9c02f9a4fc8,대림수산,활어,자갈치시장,전통시장,부산광역시,,,
acfbcd243e8a890a26dd,full_annotation_v1,A,q_수산물_10,해산물,식료품 중 '수산물'을 판매·제공하는 매장,val,수산물,T3 개념확장,016ddf29-de07-40e1-a642-8c2a45a6f19d,연희어시장,횟집,연희로 골목형상점가,골목형상점가,인천광역시,,,
1fa6797658829fd3eb4f,full_annotation_v1,A,q_수산물_10,해산물,식료품 중 '수산물'을 판매·제공하는 매장,val,수산물,T3 개념확장,01e0f944-3585-4859-bbaa-e4c53852c47b,에이징,해산물,군분로꽁양상인회 골목형상점가,골목형상점가,광주광역시,,,
dc5f07afaf773eb1c511,full_annotation_v1,A,q_수산물_10,해산물,식료품 중 '수산물'을 판매·제공하는 매장,val,수산물,T3 개념확장,3f4b7db6-27c4-4ead-a391-5ae661d7e225,아까사까2,해산물 한식,두산동밤마실거리 골목형상점가,골목형상점가,대구광역시,,,
4ac60c867d04e4c731a8,full_annotation_v1,A,q_수산물_10,해산물,식료품 중 '수산물'을 판매·제공하는 매장,val,수산물,T3 개념확장,cc9b3ed5-eb16-43f7-a06e-349a5e7ef4cc,한아름수산,해산물,거제 고현시장,전통시장,경상남도,,,
6d347ca4a7b8c433405d,full_annotation_v1,A,q_수산물_10,해산물,식료품 중 '수산물'을 판매·제공하는 매장,val,수산물,T3 개념확장,bfe0f34a-908c-40a1-aa04-055825e53da5,황재조개궁녀,해산물,마산어시장,전통시장,경상남도,,,
f7fb43601df216176b49,full_annotation_v1,A,q_수산물_10,해산물,식료품 중 '수산물'을 판매·제공하는 매장,val,수산물,T3 개념확장,fc8fb8cb-1292-44e7-8f08-f144f1e3dcce,우리동네수산시장,해산물,조원동상인연합회 골목형상점가,골목형상점가,경기도,,,
857268542ff06b5d52e0,full_annotation_v1,A,q_수산물_10,해산물,식료품 중 '수산물'을 판매·제공하는 매장,val,수산물,T3 개념확장,0019e966-8007-4603-957c-4e9adcd1f05a,부남수산,수산물,서산동부전통시장,전통시장,충청남도,,,
ec309dbff9087da99d1e,full_annotation_v1,A,q_수산물_10,해산물,식료품 중 '수산물'을 판매·제공하는 매장,val,수산물,T3 개념확장,59c27054-96cb-46a7-86c6-ca403fd9b795,송도횟집,해산물,자갈치시장,전통시장,부산광역시,,,
5aa5d909b704f5cf6231,full_annotation_v1,A,q_수산물_10,해산물,식료품 중 '수산물'을 판매·제공하는 매장,val,수산물,T3 개념확장,762cb3f8-c2f9-4637-b962-6e1f824dbed9,남해상회,해산물,마산어시장,전통시장,경상남도,,,
1758be3cb1f00830a844,full_annotation_v1,A,q_수산물_10,해산물,식료품 중 '수산물'을 판매·제공하는 매장,val,수산물,T3 개념확장,cf4cba95-ea30-4c64-b9f2-3995ee28e6e1,삼천포문어,해산물,마산어시장,전통시장,경상남도,,,
15a8b69c4212c4ecbbe6,full_annotation_v1,A,q_수산물_10,해산물,식료품 중 '수산물'을 판매·제공하는 매장,val,수산물,T3 개념확장,c083bc17-bec1-4548-b58c-75be20787b0c,아르떼헤어,헤어컷트,금호운천로상인회 골목형상점가,골목형상점가,광주광역시,,,
db650ee891da8dfd9dbb,full_annotation_v1,A,q_수산물_10,해산물,식료품 중 '수산물'을 판매·제공하는 매장,val,수산물,T3 개념확장,d012fdd6-24ee-424e-9509-09eebc05e741,부산갈매기,해산물,노량진수산시장골목형상점가,골목형상점가,서울특별시,,,
1a5f76eae895983805da,full_annotation_v1,A,q_수산물_10,해산물,식료품 중 '수산물'을 판매·제공하는 매장,val,수산물,T3 개념확장,44ac5b4a-fb53-42e1-8d88-d94dab393371,사시사철,해산물,유성문화원 골목형상점가,골목형상점가,대전광역시,,,
49fee57f90699259fe33,full_annotation_v1,A,q_수산물_10,해산물,식료품 중 '수산물'을 판매·제공하는 매장,val,수산물,T3 개념확장,009b69b5-365a-4958-87e7-f224f253b92a,동문올레횟집,횟집,동문수산시장,전통시장,제주특별자치도,,,
a7ada2ef2d45bd709bf2,full_annotation_v1,A,q_수산물_10,해산물,식료품 중 '수산물'을 판매·제공하는 매장,val,수산물,T3 개념확장,f9385f4f-67e9-4c8c-ba77-365c2c71ef11,고성수산해산물,해산물,마산어시장,전통시장,경상남도,,,
24da0e85442ca71c532e,full_annotation_v1,A,q_수산물_10,해산물,식료품 중 '수산물'을 판매·제공하는 매장,val,수산물,T3 개념확장,6b361318-0451-4450-97f0-a8922a74ed8e,모녀상회,해산물,자갈치시장,전통시장,부산광역시,,,
f81dd6904e754890e108,full_annotation_v1,A,q_수산물_10,해산물,식료품 중 '수산물'을 판매·제공하는 매장,val,수산물,T3 개념확장,00cd5dee-c068-48da-bc58-a704d5fe8832,윤석수산,수산물 활어회 생선 게종류 젓갈 갑각류 해산물 등등,대공원시장,전통시장,대구광역시,,,
e053c406d57ee807fecd,full_annotation_v1,A,q_수산물_10,해산물,식료품 중 '수산물'을 판매·제공하는 매장,val,수산물,T3 개념확장,00779863-22b7-4378-adca-42362eff7e3f,장복횟집.수산,생선회,"안면도수산시장(구, 안면도장터)",전통시장,충청남도,,,
21ca8aed9fe7efc86ca3,full_annotation_v1,A,q_수산물_10,해산물,식료품 중 '수산물'을 판매·제공하는 매장,val,수산물,T3 개념확장,3adbefec-0d50-419a-9fa4-3ea9cd13a77d,안성해물,해산물,노량진수산시장골목형상점가,골목형상점가,서울특별시,,,
c6af3203bfbe3b266592,full_annotation_v1,A,q_수산물_10,해산물,식료품 중 '수산물'을 판매·제공하는 매장,val,수산물,T3 개념확장,0130dbd3-b9ea-43f4-98fd-26d8afd90b78,모래내시장순대,식당,전주모래내시장,전통시장,전북특별자치도,,,
717190ddac8217f0a169,full_annotation_v1,A,q_수산물_10,해산물,식료품 중 '수산물'을 판매·제공하는 매장,val,수산물,T3 개념확장,00ba389b-e522-4da5-ac26-2ffaf33359ec,스시노유키,초밥,산본로데오거리(구 산본중심상가),자율상권구역,경기도,,,
62fe231b8eabd16e69a3,full_annotation_v1,A,q_수산물_10,해산물,식료품 중 '수산물'을 판매·제공하는 매장,val,수산물,T3 개념확장,8d50250c-4d21-4fa6-9873-f46b9c18efae,신토불이,해산물,㈜신정시장,전통시장,울산광역시,,,
31196e8e556bc6c45cbd,full_annotation_v1,A,q_수산물_10,해산물,식료품 중 '수산물'을 판매·제공하는 매장,val,수산물,T3 개념확장,009fbffe-11b3-4eba-b65a-696f4f59f079,인어횟집,횟집,목포북항상점가,자율상권구역,전라남도,,,
d773492b44035085a2ae,full_annotation_v1,A,q_수산물_10,해산물,식료품 중 '수산물'을 판매·제공하는 매장,val,수산물,T3 개념확장,0027eaf6-093b-4df4-9457-4f1081537ff3,충무꼭지횟집,횟집,초량전통시장,전통시장,부산광역시,,,
350a4adb274faf3cba10,full_annotation_v1,A,q_수산물_10,해산물,식료품 중 '수산물'을 판매·제공하는 매장,val,수산물,T3 개념확장,ad5c0337-c3b9-4f02-bc97-1bb6098c9673,태평양,해산물,민락어민활어직판장,자율상권구역,부산광역시,,,
dd0606197b61c6bb189a,full_annotation_v1,A,q_수산물_10,해산물,식료품 중 '수산물'을 판매·제공하는 매장,val,수산물,T3 개념확장,00356e71-7b15-4a42-be60-f232011707b8,유한회사 덕재건재,건어물,가락몰골목형상점가,골목형상점가,서울특별시,,,
e378a271dc89db9a2d5a,full_annotation_v1,A,q_수산물_10,해산물,식료품 중 '수산물'을 판매·제공하는 매장,val,수산물,T3 개념확장,2827ddee-256b-4aa7-ac52-248a84818771,벌교해산물,해산물,순천역전시장상가,자율상권구역,전라남도,,,
be625e1291778d74c1c9,full_annotation_v1,A,q_수산물_10,해산물,식료품 중 '수산물'을 판매·제공하는 매장,val,수산물,T3 개념확장,00445369-fa3a-4cd3-ae3a-6564876f4199,용수상회,수산물,서문시장건해산물상가,전통시장,대구광역시,,,
c83094063675c1559d11,full_annotation_v1,A,q_수산물_10,해산물,식료품 중 '수산물'을 판매·제공하는 매장,val,수산물,T3 개념확장,0016aa1a-5730-45a0-b427-06b0f51fc005,든든한밥상,농수산물,화산면 골목형상점가,골목형상점가,전라남도,,,
10f93fec414a43df48a9,full_annotation_v1,A,q_수산물_10,해산물,식료품 중 '수산물'을 판매·제공하는 매장,val,수산물,T3 개념확장,5633ef5b-9e39-4226-ac78-ea875d3ca5b1,대구상회,해산물,진해중앙시장,전통시장,경상남도,,,
be57f1b04c4af1e35540,full_annotation_v1,A,q_수산물_10,해산물,식료품 중 '수산물'을 판매·제공하는 매장,val,수산물,T3 개념확장,3acbe4be-b875-40fb-a6ba-9f9b11f1d1f6,리앤네일,네일,금호운천로상인회 골목형상점가,골목형상점가,광주광역시,,,
9cd63bef19c8c053499f,full_annotation_v1,A,q_수산물_10,해산물,식료품 중 '수산물'을 판매·제공하는 매장,val,수산물,T3 개념확장,2c4be565-bb0a-4907-8062-e09dfdab482d,조개사냥,해산물,영흥수협회센터 골목형상점가,골목형상점가,인천광역시,,,
3ae1db27af5ca2291641,full_annotation_v1,A,q_수산물_10,해산물,식료품 중 '수산물'을 판매·제공하는 매장,val,수산물,T3 개념확장,e34de8a7-edd1-490c-b9d4-200ca2520182,동원수산,해산물,팔달신시장,전통시장,대구광역시,,,
996421cb652542b41f04,full_annotation_v1,A,q_수산물_10,해산물,식료품 중 '수산물'을 판매·제공하는 매장,val,수산물,T3 개념확장,7f7b5990-f8ca-42e0-9e7e-8843c320c406,남도,해산물,조원복길골목형상점가,골목형상점가,서울특별시,,,
0335cf345ae910330352,full_annotation_v1,A,q_수산물_10,해산물,식료품 중 '수산물'을 판매·제공하는 매장,val,수산물,T3 개념확장,c2a1f9a9-fed5-42fd-917d-ada25f5cf9cd,칠성종합수산,냉동수산,칠성시장,전통시장,대구광역시,,,
bff0f13517e2ac85bc17,full_annotation_v1,A,q_수산물_10,해산물,식료품 중 '수산물'을 판매·제공하는 매장,val,수산물,T3 개념확장,00ac75c4-6e3f-4d23-8a6a-1dc8ba294b85,우진수산,"수산물, 활어",효자시장,전통시장,경상북도,,,
f0e14dedc5f6cd90425c,full_annotation_v1,A,q_수산물_10,해산물,식료품 중 '수산물'을 판매·제공하는 매장,val,수산물,T3 개념확장,00527b0b-893c-4d64-862e-3ef8113d07fb,해선언니네,건어물,용상공설시장,전통시장,경상북도,,,
9adf4644cad18639cbc3,full_annotation_v1,A,q_수산물_10,해산물,식료품 중 '수산물'을 판매·제공하는 매장,val,수산물,T3 개념확장,c13f74d6-e954-4ec0-beb0-9dd4099184a8,복순횟집,해산물,하남 골목형상점가,골목형상점가,광주광역시,,,
de27d3516833a911e921,full_annotation_v1,A,q_수산물_10,해산물,식료품 중 '수산물'을 판매·제공하는 매장,val,수산물,T3 개념확장,0184d57c-b046-41ed-b40b-54148376f271,사계절,해산물,풍암벚꽃길상인회 골목형상점가,골목형상점가,광주광역시,,,
fb424b4565464ad09c76,full_annotation_v1,A,q_수산물_10,해산물,식료품 중 '수산물'을 판매·제공하는 매장,val,수산물,T3 개념확장,038f89c5-a204-4c80-9e31-9d22a3ba4c95,연스시,초밥,노은역 골목형상점가,골목형상점가,대전광역시,,,
f22dd71b90118fe13f90,full_annotation_v1,A,q_수산물_10,해산물,식료품 중 '수산물'을 판매·제공하는 매장,val,수산물,T3 개념확장,c011e509-614d-4138-8976-d94cb189f739,명성상회,해산물,신동아수산물종합시장,전통시장,부산광역시,,,
17914725b72c32832a80,full_annotation_v1,A,q_수산물_10,해산물,식료품 중 '수산물'을 판매·제공하는 매장,val,수산물,T3 개념확장,9eb1af95-5a43-458f-862e-1ac3122e9a34,고흥해물,해산물,노량진수산시장골목형상점가,골목형상점가,서울특별시,,,
55c9d05e4301e7737f9d,full_annotation_v1,A,q_수산물_10,해산물,식료품 중 '수산물'을 판매·제공하는 매장,val,수산물,T3 개념확장,dab14a1f-320e-4c8f-bc10-13ed3705413f,대박상회142호,해산물,민락어민활어직판장,자율상권구역,부산광역시,,,
687d0323d38a64bfbc37,full_annotation_v1,A,q_수산물_10,해산물,식료품 중 '수산물'을 판매·제공하는 매장,val,수산물,T3 개념확장,870abd75-5e66-4780-900e-f42a5e692af6,모시모시,해산물,신창중앙,골목형상점가,광주광역시,,,
334d6aa0e97593761472,full_annotation_v1,A,q_수산물_10,해산물,식료품 중 '수산물'을 판매·제공하는 매장,val,수산물,T3 개념확장,c90120c9-896b-4f7a-8bca-84de8872d85f,중앙전복,해산물,통영중앙전통시장,전통시장,경상남도,,,
7f0f833701ff98facd2d,full_annotation_v1,A,q_수산물_10,해산물,식료품 중 '수산물'을 판매·제공하는 매장,val,수산물,T3 개념확장,01286ec0-50e0-4540-b678-ec706fb3bcbb,설곰식당,식당,산업용재관,전통시장,대구광역시,,,
f0f95da1ea30157167fb,full_annotation_v1,A,q_수산물_10,해산물,식료품 중 '수산물'을 판매·제공하는 매장,val,수산물,T3 개념확장,30d5afbc-fd4b-49bb-9e1c-2469652e5921,추씨어물점,어물,영천공설시장,전통시장,경상북도,,,
0951abdee70fd8d8f81a,full_annotation_v1,A,q_수산물_10,해산물,식료품 중 '수산물'을 판매·제공하는 매장,val,수산물,T3 개념확장,cebd4663-7da9-457a-b345-649ce4855be3,돌실나이,"생활한복, 스포츠의류",경주중심상가,전통시장,경상북도,,,
d192f7e444eafcad90d6,full_annotation_v1,A,q_수산물_10,해산물,식료품 중 '수산물'을 판매·제공하는 매장,val,수산물,T3 개념확장,0004c5f7-95e0-45be-9f06-a705b8113ff0,의창수협67번중도매인,활어,진해 용원어시장상점가,자율상권구역,경상남도,,,
713ef3cc7382d90ef04c,full_annotation_v1,A,q_수산물_10,해산물,식료품 중 '수산물'을 판매·제공하는 매장,val,수산물,T3 개념확장,ba51c21a-ba2a-421a-80da-695b00bd127c,루키초밥,해산물,월산로상인회 골목형상점가,골목형상점가,광주광역시,,,
d9e2bb55f78477f20543,full_annotation_v1,A,q_수산물_10,해산물,식료품 중 '수산물'을 판매·제공하는 매장,val,수산물,T3 개념확장,007aece5-08b8-4eb0-b4c6-18d451eadcfd,영남상회,건어물,동쪽바다중앙시장(구 동해중앙시장),전통시장,강원특별자치도,,,
125c61ea158feb1ce9d3,full_annotation_v1,A,q_수산물_10,해산물,식료품 중 '수산물'을 판매·제공하는 매장,val,수산물,T3 개념확장,b2cd4b1b-82b0-453e-ab30-87d8b2aa5280,조선아구찜강릉점,해산물,솔올중앞골목형상점가,골목형상점가,강원특별자치도,,,
2ac50519760dd1efd552,full_annotation_v1,A,q_수산물_10,해산물,식료품 중 '수산물'을 판매·제공하는 매장,val,수산물,T3 개념확장,67de312b-60dd-4d89-9b71-dd479a57212f,쇼부,해산물,풍암신암상인회 골목형상점가,골목형상점가,광주광역시,,,
c36fe4ce4a640ef88f67,full_annotation_v1,A,q_수산물_10,해산물,식료품 중 '수산물'을 판매·제공하는 매장,val,수산물,T3 개념확장,f66d0f83-a218-4961-a055-587865431fc5,영숙이네,해산물,주문진좌판풍물시장,전통시장,강원특별자치도,,,
84415878e8a43ff153f8,full_annotation_v1,A,q_수산물_10,해산물,식료품 중 '수산물'을 판매·제공하는 매장,val,수산물,T3 개념확장,3bf288d8-c3fc-4dbe-b4c0-6bcc044f4938,뮤아트(MU:ART)미술교습소,미술학원,고성동벚꽃 골목형상점가,골목형상점가,대구광역시,,,
1a6b9418f450cdfb604e,full_annotation_v1,A,q_수산물_10,해산물,식료품 중 '수산물'을 판매·제공하는 매장,val,수산물,T3 개념확장,dbf1c2e8-b9d2-42fb-a867-53014dc657d4,가빈초장,해산물,기장시장,전통시장,부산광역시,,,
6cab9a07b228611fc1fc,full_annotation_v1,A,q_수산물_10,해산물,식료품 중 '수산물'을 판매·제공하는 매장,val,수산물,T3 개념확장,47f89ae8-af3e-46b7-8f18-262cbb449a33,통통배,해산물,염주먹자골목B구역상인회 골목형상점가,골목형상점가,광주광역시,,,
593b753c81a4fe827688,full_annotation_v1,A,q_수산물_10,해산물,식료품 중 '수산물'을 판매·제공하는 매장,val,수산물,T3 개념확장,00a40df6-e218-4c9e-951f-b2c1a3ee676e,영흥수산,생선,가락몰골목형상점가,골목형상점가,서울특별시,,,
b99edf3510430060a888,full_annotation_v1,A,q_수산물_10,해산물,식료품 중 '수산물'을 판매·제공하는 매장,val,수산물,T3 개념확장,6d2967fa-a63c-483f-9aa6-db9e7fe58cc4,천양상회,해산물,민락어민활어직판장,자율상권구역,부산광역시,,,
33cb68a3f9147bbe52e6,full_annotation_v1,A,q_수산물_10,해산물,식료품 중 '수산물'을 판매·제공하는 매장,val,수산물,T3 개념확장,bd9162c7-b9a8-4a4c-bffe-a466aad169dc,광주수산,해산물,노량진수산시장골목형상점가,골목형상점가,서울특별시,,,
4c038c7e207a6d386aaf,full_annotation_v1,A,q_수산물_10,해산물,식료품 중 '수산물'을 판매·제공하는 매장,val,수산물,T3 개념확장,5a06f487-fa84-4ba2-b2de-d81bd1cb4873,푸른바다,해산물,경주성동공설시장,전통시장,경상북도,,,
586f629d57e99a96973c,full_annotation_v1,A,q_수산물_10,해산물,식료품 중 '수산물'을 판매·제공하는 매장,val,수산물,T3 개념확장,00bd252b-19f9-4e9a-bf26-b45280bb84ae,선옥상회,생선,고성 공룡시장,전통시장,경상남도,,,
e5627e70674b23879a14,full_annotation_v1,A,q_수산물_10,해산물,식료품 중 '수산물'을 판매·제공하는 매장,val,수산물,T3 개념확장,eab8572a-d0c6-410e-86ac-ded0cb0564bb,길목식당,해산물,백년소상공인,기타,경상남도,,,
7f19107399ddb57943bb,full_annotation_v1,A,q_수산물_10,해산물,식료품 중 '수산물'을 판매·제공하는 매장,val,수산물,T3 개념확장,f611aa53-e25b-40e3-b7ea-6dee91d055a1,시로미,해산물,일곡동(제9지역:커피의 거리),골목형상점가,광주광역시,,,
21c65f2062740b122812,full_annotation_v1,A,q_수산물_10,해산물,식료품 중 '수산물'을 판매·제공하는 매장,val,수산물,T3 개념확장,b069cbf1-b1a9-43ab-a4b9-35e7ef2f6605,회타운,해산물,조원동상인연합회 골목형상점가,골목형상점가,경기도,,,
5fd9de59832abda7b546,full_annotation_v1,A,q_수산물_10,해산물,식료품 중 '수산물'을 판매·제공하는 매장,val,수산물,T3 개념확장,ccedb1dd-dc6d-44de-95fb-7fcb4d72d032,북촌,해산물,구성언남 골목형상점가,골목형상점가,경기도,,,
34bf5ece04874a72fc5d,full_annotation_v1,A,q_수산물_10,해산물,식료품 중 '수산물'을 판매·제공하는 매장,val,수산물,T3 개념확장,9bb9caa0-21d4-4852-b083-e371a7e9d4d4,형제상회,해산물,강경젓갈시장,전통시장,충청남도,,,
fef665df0b60cfd187b8,full_annotation_v1,A,q_수산물_10,해산물,식료품 중 '수산물'을 판매·제공하는 매장,val,수산물,T3 개념확장,743e8c84-59a3-4c13-b9ff-26dee772297c,보금당,소매업(귀금속),남문시장,전통시장,서울특별시,,,
486be30cc7633a45d3d9,full_annotation_v1,A,q_수산물_10,해산물,식료품 중 '수산물'을 판매·제공하는 매장,val,수산물,T3 개념확장,a7291600-eecf-4570-bdb0-c718dcf8e9d2,천일상회,채소,부전시장,전통시장,부산광역시,,,
0a8e9a6b57141c7c1f36,full_annotation_v1,A,q_수산물_10,해산물,식료품 중 '수산물'을 판매·제공하는 매장,val,수산물,T3 개념확장,300eeb90-4760-42b8-9de1-a4b66f4463ac,달인해산물,해산물,서귀포매일올레시장,전통시장,제주특별자치도,,,
cba64f843d3bf9983055,full_annotation_v1,A,q_수산물_10,해산물,식료품 중 '수산물'을 판매·제공하는 매장,val,수산물,T3 개념확장,f9a05a06-308b-44c7-bfe4-94809ccd18a9,싱싱야채,야채,돌곶이시장,전통시장,서울특별시,,,
20e2b1b3e2649bd9a0e1,full_annotation_v1,A,q_수산물_10,해산물,식료품 중 '수산물'을 판매·제공하는 매장,val,수산물,T3 개념확장,df7685b1-bc53-4f8f-9c61-03215ecd4e52,신광상회,해산물,자갈치시장,전통시장,부산광역시,,,
c6336721d54b7576e620,full_annotation_v1,A,q_수산물_10,해산물,식료품 중 '수산물'을 판매·제공하는 매장,val,수산물,T3 개념확장,838e978c-5784-45cb-b73d-e44f9c773758,우리수산,해산물,노량진수산시장골목형상점가,골목형상점가,서울특별시,,,
863c2e94a12c81fe0426,full_annotation_v1,A,q_수산물_10,해산물,식료품 중 '수산물'을 판매·제공하는 매장,val,수산물,T3 개념확장,013d58c8-33f8-4dbe-95de-801d22ea9505,민영활어공장 부천자유시장점,"회, 초밥",부천자유시장,전통시장,경기도,,,
467b78d85ce57a13b373,full_annotation_v1,A,q_수산물_10,해산물,식료품 중 '수산물'을 판매·제공하는 매장,val,수산물,T3 개념확장,9928713a-e8af-4725-aa6e-b03d8f974587,미미수산,해산물,마산가고파수산시장,전통시장,경상남도,,,
950045ecbdffafb7e5f8,full_annotation_v1,A,q_수산물_10,해산물,식료품 중 '수산물'을 판매·제공하는 매장,val,수산물,T3 개념확장,22275400-5103-4eb4-974f-7bd4ce469162,뷰티호텔호성점,피부미용 화장품,"호성2길, 3길 골목형상점가",골목형상점가,전북특별자치도,,,
b25b87b09712661bc7f3,full_annotation_v1,A,q_수산물_10,해산물,식료품 중 '수산물'을 판매·제공하는 매장,val,수산물,T3 개념확장,a71625a5-3847-416f-8298-10af4eb30056,지원수산,해산물,못골골목시장,전통시장,부산광역시,,,
af5d1f6efbd07f359bbc,full_annotation_v1,A,q_수산물_10,해산물,식료품 중 '수산물'을 판매·제공하는 매장,val,수산물,T3 개념확장,004d071d-dda6-41e4-9fcb-7c74c8f8ef0f,영남상회,건어물,수영팔도시장(구 수영팔도상가시장),전통시장,부산광역시,,,
016c2ff963ad75b27b97,full_annotation_v1,A,q_수산물_10,해산물,식료품 중 '수산물'을 판매·제공하는 매장,val,수산물,T3 개념확장,0bf687ec-4ea8-4932-a2c4-401f28aab97f,중앙어물,어물,모슬포 중앙시장,전통시장,제주특별자치도,,,
324d9a3c52708ce0fb9d,full_annotation_v1,A,q_수산물_10,해산물,식료품 중 '수산물'을 판매·제공하는 매장,val,수산물,T3 개념확장,f4ab991e-540d-4be1-914d-f97156e5f533,바비야기,유아반찬,고성동벚꽃 골목형상점가,골목형상점가,대구광역시,,,
d023e9e48500df85fe1e,full_annotation_v1,A,q_수산물_10,해산물,식료품 중 '수산물'을 판매·제공하는 매장,val,수산물,T3 개념확장,1499f5d4-8564-4507-b60e-16d0b82a66bd,오성수산,해산물,조원동상인연합회 골목형상점가,골목형상점가,경기도,,,
13e124f0ef585148e511,full_annotation_v1,A,q_수산물_10,해산물,식료품 중 '수산물'을 판매·제공하는 매장,val,수산물,T3 개념확장,afee9ad5-32c5-4ad7-bc9e-6a0fe292bebe,만나물회,해산물,포항 대이상가 골목형상점가,골목형상점가,경상북도,,,
87fb8d76fc6eb55bd2c8,full_annotation_v1,A,q_수산물_11,생선 사는 곳,식료품 중 '수산물'을 판매·제공하는 매장,val,수산물,T4 구어·문장,009fbffe-11b3-4eba-b65a-696f4f59f079,인어횟집,횟집,목포북항상점가,자율상권구역,전라남도,,,
a6940f223d56319cd3e9,full_annotation_v1,A,q_수산물_11,생선 사는 곳,식료품 중 '수산물'을 판매·제공하는 매장,val,수산물,T4 구어·문장,000d55be-8181-4f45-827e-52082b2ae284,명희유통,건어물,성북시장,전통시장,부산광역시,,,
be67366726f6c7370782,full_annotation_v1,A,q_수산물_11,생선 사는 곳,식료품 중 '수산물'을 판매·제공하는 매장,val,수산물,T4 구어·문장,0130dbd3-b9ea-43f4-98fd-26d8afd90b78,모래내시장순대,식당,전주모래내시장,전통시장,전북특별자치도,,,
8fb212e508c738baed06,full_annotation_v1,A,q_수산물_11,생선 사는 곳,식료품 중 '수산물'을 판매·제공하는 매장,val,수산물,T4 구어·문장,3526958d-da64-4c90-a75c-c55162fbe0d3,최씨어물전,,영천공설시장,전통시장,경상북도,,,
3e67a9c82eb4638077f5,full_annotation_v1,A,q_수산물_11,생선 사는 곳,식료품 중 '수산물'을 판매·제공하는 매장,val,수산물,T4 구어·문장,ace46cb4-4669-4cad-8223-c3412d5d7b5c,살아있네 생선,생선,반여2동상가시장,전통시장,부산광역시,,,
205be2f0657febb60ecb,full_annotation_v1,A,q_수산물_11,생선 사는 곳,식료품 중 '수산물'을 판매·제공하는 매장,val,수산물,T4 구어·문장,90e9050c-3f41-4599-a751-8186778abae6,자갈치수산,생선,도마큰시장,전통시장,대전광역시,,,
aee616f7912564bce8df,full_annotation_v1,A,q_수산물_11,생선 사는 곳,식료품 중 '수산물'을 판매·제공하는 매장,val,수산물,T4 구어·문장,00ac75c4-6e3f-4d23-8a6a-1dc8ba294b85,우진수산,"수산물, 활어",효자시장,전통시장,경상북도,,,
cee30aae9cac3799ec9b,full_annotation_v1,A,q_수산물_11,생선 사는 곳,식료품 중 '수산물'을 판매·제공하는 매장,val,수산물,T4 구어·문장,dbfbdbae-653d-4b39-a29f-289cd7dcb9e1,정은수산,생선,소래포구전통어시장,전통시장,인천광역시,,,
101cc3871c6b4a81c453,full_annotation_v1,A,q_수산물_11,생선 사는 곳,식료품 중 '수산물'을 판매·제공하는 매장,val,수산물,T4 구어·문장,c46d297a-d4ea-4762-a168-b5e841430aed,수현생선,생선,좌동재래시장,전통시장,부산광역시,,,
339ee007b07ddfe37f1d,full_annotation_v1,A,q_수산물_11,생선 사는 곳,식료품 중 '수산물'을 판매·제공하는 매장,val,수산물,T4 구어·문장,10b0654f-a5cc-4ef8-ab7d-55fcdac8ab37,59쌀피자 목원대점,피자,목원대 골목형상점가,골목형상점가,대전광역시,,,
f2446ed0e6a10f66ba57,full_annotation_v1,A,q_수산물_11,생선 사는 곳,식료품 중 '수산물'을 판매·제공하는 매장,val,수산물,T4 구어·문장,940be724-6936-4ec5-bddb-b750c89488d3,제이(J)모바일,핸드폰,중앙1로 천변교 골목형상점가,골목형상점가,전라남도,,,
7a0d0a45e8ce93cfd656,full_annotation_v1,A,q_수산물_11,생선 사는 곳,식료품 중 '수산물'을 판매·제공하는 매장,val,수산물,T4 구어·문장,2140fab0-4116-4367-acfd-a563698d2ecd,김천자갈치,생선,김천평화시장,전통시장,경상북도,,,
0e17d541bb58586965cb,full_annotation_v1,A,q_수산물_11,생선 사는 곳,식료품 중 '수산물'을 판매·제공하는 매장,val,수산물,T4 구어·문장,333fa307-f61c-45a8-a79b-93fff676095e,대명어물,어물,서귀포향토오일시장,전통시장,제주특별자치도,,,
f7fe25b7af8ab669b23c,full_annotation_v1,A,q_수산물_11,생선 사는 곳,식료품 중 '수산물'을 판매·제공하는 매장,val,수산물,T4 구어·문장,8455b327-a374-4f39-96bf-de54cb54875d,괴정생선,생선,괴정골목시장,전통시장,부산광역시,,,
8b17888b7e45c26191dd,full_annotation_v1,A,q_수산물_11,생선 사는 곳,식료품 중 '수산물'을 판매·제공하는 매장,val,수산물,T4 구어·문장,007aece5-08b8-4eb0-b4c6-18d451eadcfd,영남상회,건어물,동쪽바다중앙시장(구 동해중앙시장),전통시장,강원특별자치도,,,
a0199e0c5abb73d70102,full_annotation_v1,A,q_수산물_11,생선 사는 곳,식료품 중 '수산물'을 판매·제공하는 매장,val,수산물,T4 구어·문장,8413497a-62cf-4959-a40f-eaba357e72cf,입실생선,생선,외동시장,전통시장,경상북도,,,
005852171b53925151ce,full_annotation_v1,A,q_수산물_11,생선 사는 곳,식료품 중 '수산물'을 판매·제공하는 매장,val,수산물,T4 구어·문장,c59633f8-025c-4dad-bd64-a9bac4c74fd3,도계생선,생선,창원 도계부부시장,전통시장,경상남도,,,
a2fdca40435b492e4967,full_annotation_v1,A,q_수산물_11,생선 사는 곳,식료품 중 '수산물'을 판매·제공하는 매장,val,수산물,T4 구어·문장,e553b2cf-0c4e-4396-8f34-25679e77b48a,"고양이, 생선",생선,원주중앙로문화의거리,자율상권구역,강원특별자치도,,,
6e9cb1f47b4d8d1f6d14,full_annotation_v1,A,q_수산물_11,생선 사는 곳,식료품 중 '수산물'을 판매·제공하는 매장,val,수산물,T4 구어·문장,013d58c8-33f8-4dbe-95de-801d22ea9505,민영활어공장 부천자유시장점,"회, 초밥",부천자유시장,전통시장,경기도,,,
99ae88bb101c7c9eaef3,full_annotation_v1,A,q_수산물_11,생선 사는 곳,식료품 중 '수산물'을 판매·제공하는 매장,val,수산물,T4 구어·문장,3b114ae8-8a20-469c-904d-ff28fac54dc8,고양이한테 맡긴 생선,생선,능곡시장(구 능곡전통시장),전통시장,경기도,,,
209ae97294d2ac1bf083,full_annotation_v1,A,q_수산물_11,생선 사는 곳,식료품 중 '수산물'을 판매·제공하는 매장,val,수산물,T4 구어·문장,9c170291-2a2c-451a-bac4-42788e0b7369,밥상위에 생선,생선,대인시장,전통시장,광주광역시,,,
111b44dbeaa32867945b,full_annotation_v1,A,q_수산물_11,생선 사는 곳,식료품 중 '수산물'을 판매·제공하는 매장,val,수산물,T4 구어·문장,1de72960-28d1-4b7a-8e80-d4a7bf90d4fb,마마미용실,미용,중앙1로 천변교 골목형상점가,골목형상점가,전라남도,,,
a07af3877bd73b352242,full_annotation_v1,A,q_수산물_11,생선 사는 곳,식료품 중 '수산물'을 판매·제공하는 매장,val,수산물,T4 구어·문장,9e83225e-e78c-4b6d-a786-d4689246517b,삼성상회,생선,강화풍물시장,전통시장,인천광역시,,,
ab14f166913851bc478a,full_annotation_v1,A,q_수산물_11,생선 사는 곳,식료품 중 '수산물'을 판매·제공하는 매장,val,수산물,T4 구어·문장,60f69b75-02c7-49ab-9b41-40defee9be17,선재식품충북총판,"장류, 식품잡화",충주농산물종합시장(구 중앙청과시장),전통시장,충청북도,,,
35edee0492303972d47a,full_annotation_v1,A,q_수산물_11,생선 사는 곳,식료품 중 '수산물'을 판매·제공하는 매장,val,수산물,T4 구어·문장,1390b4f5-bf4e-4187-a276-51180eadd875,으뜸생선,생선,내토전통시장,전통시장,충청북도,,,
ba8fd3324e11719baa0c,full_annotation_v1,A,q_수산물_11,생선 사는 곳,식료품 중 '수산물'을 판매·제공하는 매장,val,수산물,T4 구어·문장,997ce2ee-a8e5-4b95-9bc2-7cda6736edf2,전주수산,생선,노량진수산시장골목형상점가,골목형상점가,서울특별시,,,
be591edb5dc2e3137e52,full_annotation_v1,A,q_수산물_11,생선 사는 곳,식료품 중 '수산물'을 판매·제공하는 매장,val,수산물,T4 구어·문장,bdc36a36-8257-4323-bcfd-82fa238434f3,이쁜이네 생선,생선,수영팔도시장(구 수영팔도상가시장),전통시장,부산광역시,,,
fd927d6262d09741e6cc,full_annotation_v1,A,q_수산물_11,생선 사는 곳,식료품 중 '수산물'을 판매·제공하는 매장,val,수산물,T4 구어·문장,fc0e691c-1927-430c-a91e-47b042345499,김자숙,생선,㈜여수수산물특화시장,전통시장,전라남도,,,
9594a965aa0425b6dcba,full_annotation_v1,A,q_수산물_11,생선 사는 곳,식료품 중 '수산물'을 판매·제공하는 매장,val,수산물,T4 구어·문장,01ca51d4-ae25-4b4f-86b6-d8461d581a02,영광슈퍼,소매업(슈퍼),신원시장,전통시장,서울특별시,,,
d703a1e61e66aef1fcf4,full_annotation_v1,A,q_수산물_11,생선 사는 곳,식료품 중 '수산물'을 판매·제공하는 매장,val,수산물,T4 구어·문장,0019e966-8007-4603-957c-4e9adcd1f05a,부남수산,수산물,서산동부전통시장,전통시장,충청남도,,,
4f5e99aa7ca5ffe15a87,full_annotation_v1,A,q_수산물_11,생선 사는 곳,식료품 중 '수산물'을 판매·제공하는 매장,val,수산물,T4 구어·문장,1b2cbb33-3f6d-47f8-a90c-72be96803eef,바다수산,생선,서귀포매일올레시장,전통시장,제주특별자치도,,,
e9997a3f845a25af96d6,full_annotation_v1,A,q_수산물_11,생선 사는 곳,식료품 중 '수산물'을 판매·제공하는 매장,val,수산물,T4 구어·문장,51764099-4a5d-4ef8-b85d-ef270b05701b,금순네 생선,생선,인천신흥시장,전통시장,인천광역시,,,
2f2709549f8fc414c5bf,full_annotation_v1,A,q_수산물_11,생선 사는 곳,식료품 중 '수산물'을 판매·제공하는 매장,val,수산물,T4 구어·문장,f8fc5e56-d4db-4ef8-8b59-d37f6cad2e89,형제수산,생선,부천강남시장,전통시장,경기도,,,
533e59e6a8c3bc690d85,full_annotation_v1,A,q_수산물_11,생선 사는 곳,식료품 중 '수산물'을 판매·제공하는 매장,val,수산물,T4 구어·문장,69343e42-7e0f-4d37-ad8c-70247ea8c7d5,한양생선,생선,충주무학시장,전통시장,충청북도,,,
b86def2c8c4393abd89b,full_annotation_v1,A,q_수산물_11,생선 사는 곳,식료품 중 '수산물'을 판매·제공하는 매장,val,수산물,T4 구어·문장,05e31848-bfa9-467c-af35-f74a54101a40,남해수산,생선,청량리수산시장,전통시장,서울특별시,,,
3b3eb7dc515c59d9e7a7,full_annotation_v1,A,q_수산물_11,생선 사는 곳,식료품 중 '수산물'을 판매·제공하는 매장,val,수산물,T4 구어·문장,478e7c93-4630-44d7-8456-728ba83d05bb,대풍수산21호,생선,감포시장,전통시장,경상북도,,,
f6c6de674594597d81ef,full_annotation_v1,A,q_수산물_11,생선 사는 곳,식료품 중 '수산물'을 판매·제공하는 매장,val,수산물,T4 구어·문장,1f8c2988-2ede-4047-a51a-4d8a7d4c9317,살아있네 생선,생선,반송큰시장,전통시장,부산광역시,,,
06e111a1242f615b66ab,full_annotation_v1,A,q_수산물_11,생선 사는 곳,식료품 중 '수산물'을 판매·제공하는 매장,val,수산물,T4 구어·문장,008cfdc1-610a-407a-a03b-4c6dae7106f4,주영수산,활어,목포북항상점가,자율상권구역,전라남도,,,
017048f563ab76a842e2,full_annotation_v1,A,q_수산물_11,생선 사는 곳,식료품 중 '수산물'을 판매·제공하는 매장,val,수산물,T4 구어·문장,b298c190-4e7e-4534-9a02-da6935bf6bb3,경북생선,생선,태백시장,전통시장,대구광역시,,,
4c40758e5c603f65d518,full_annotation_v1,A,q_수산물_11,생선 사는 곳,식료품 중 '수산물'을 판매·제공하는 매장,val,수산물,T4 구어·문장,00a0d437-836b-453d-b15e-55fbf7dc8460,대박수산,생선,청주육거리종합시장,전통시장,충청북도,,,
3ff5bd1d91ab074b3021,full_annotation_v1,A,q_수산물_11,생선 사는 곳,식료품 중 '수산물'을 판매·제공하는 매장,val,수산물,T4 구어·문장,b4b71091-33a9-4f00-824e-0c130cfc6e06,바다수산,생선,부천강남시장,전통시장,경기도,,,
b60b4e3355295639f007,full_annotation_v1,A,q_수산물_11,생선 사는 곳,식료품 중 '수산물'을 판매·제공하는 매장,val,수산물,T4 구어·문장,7a4d6ac6-0b03-46ca-9aa9-1ff9f5fdd72c,엄마생선,생선,역전시장 상점가,자율상권구역,대전광역시,,,
9ad263afa5bfe0e8f3bf,full_annotation_v1,A,q_수산물_11,생선 사는 곳,식료품 중 '수산물'을 판매·제공하는 매장,val,수산물,T4 구어·문장,b42353d8-ff90-4d62-85e8-6824e36805a9,이레 공방,도자기 갤러리,장자호수공원 골목형상점가,골목형상점가,경기도,,,
0d1cc8ee7da5c3bf1921,full_annotation_v1,A,q_수산물_11,생선 사는 곳,식료품 중 '수산물'을 판매·제공하는 매장,val,수산물,T4 구어·문장,ca43c775-8157-4b59-94a0-3d43b8923025,소배,생선,명지시장,전통시장,부산광역시,,,
c2391a5265dff95d305e,full_annotation_v1,A,q_수산물_11,생선 사는 곳,식료품 중 '수산물'을 판매·제공하는 매장,val,수산물,T4 구어·문장,00cc4859-307a-43ef-9654-2f6aa6fc404d,서산상회,생선,노량진수산시장골목형상점가,골목형상점가,서울특별시,,,
0c763c4e46311fde4e62,full_annotation_v1,A,q_수산물_11,생선 사는 곳,식료품 중 '수산물'을 판매·제공하는 매장,val,수산물,T4 구어·문장,009b69b5-365a-4958-87e7-f224f253b92a,동문올레횟집,횟집,동문수산시장,전통시장,제주특별자치도,,,
3735ee980839327c0495,full_annotation_v1,A,q_수산물_11,생선 사는 곳,식료품 중 '수산물'을 판매·제공하는 매장,val,수산물,T4 구어·문장,00779863-22b7-4378-adca-42362eff7e3f,장복횟집.수산,생선회,"안면도수산시장(구, 안면도장터)",전통시장,충청남도,,,
5675df9af045019c0bbc,full_annotation_v1,A,q_수산물_11,생선 사는 곳,식료품 중 '수산물'을 판매·제공하는 매장,val,수산물,T4 구어·문장,979fe1f9-263b-4f1b-af34-2e0629ad4a8c,호계생선,생선,호계공설시장,전통시장,울산광역시,,,
e53805c276481ca2a9c9,full_annotation_v1,A,q_수산물_11,생선 사는 곳,식료품 중 '수산물'을 판매·제공하는 매장,val,수산물,T4 구어·문장,005eb589-94b0-4a7e-b4e4-ef8cf64b0762,스시쿄다이,일식,동홍8번가 골목형상점가,골목형상점가,제주특별자치도,,,
2bce70b3e23cb55c79d3,full_annotation_v1,A,q_수산물_11,생선 사는 곳,식료품 중 '수산물'을 판매·제공하는 매장,val,수산물,T4 구어·문장,10f8ecd1-8add-4648-b3d1-aaa46e61d761,동인수산,생선,진흥종합시장,전통시장,인천광역시,,,
a18c3109f0c75aaf07de,full_annotation_v1,A,q_수산물_11,생선 사는 곳,식료품 중 '수산물'을 판매·제공하는 매장,val,수산물,T4 구어·문장,ba122c07-ba20-46eb-b7e5-c77027052c82,말집,생선,익산북부시장,전통시장,전북특별자치도,,,
66cfce64a584a273a9e5,full_annotation_v1,A,q_수산물_11,생선 사는 곳,식료품 중 '수산물'을 판매·제공하는 매장,val,수산물,T4 구어·문장,68341571-a8c0-4fa5-9d92-e0d044f27890,안씨생선,생선,도마큰시장,전통시장,대전광역시,,,
21512198ee4d274386ce,full_annotation_v1,A,q_수산물_11,생선 사는 곳,식료품 중 '수산물'을 판매·제공하는 매장,val,수산물,T4 구어·문장,af79d01b-f150-43f5-bfd6-c35c12d5877e,달성상회,생선,관문상가시장,전통시장,대구광역시,,,
b3533ac0b07938d469d4,full_annotation_v1,A,q_수산물_11,생선 사는 곳,식료품 중 '수산물'을 판매·제공하는 매장,val,수산물,T4 구어·문장,ed46a5a4-2807-44f0-8096-5019979417dd,시티조이,의류악세사리,평화시장,전통시장,서울특별시,,,
f7d902e347f5b04a0f56,full_annotation_v1,A,q_수산물_11,생선 사는 곳,식료품 중 '수산물'을 판매·제공하는 매장,val,수산물,T4 구어·문장,ea842cca-abfa-484a-95e9-77811a3b4b6e,오늘생선,생선,자양전통시장,전통시장,서울특별시,,,
7e4e34ff8c6eec2595c8,full_annotation_v1,A,q_수산물_11,생선 사는 곳,식료품 중 '수산물'을 판매·제공하는 매장,val,수산물,T4 구어·문장,a36a9c07-69d6-4c21-99e7-9d5c343444e7,전주 이삭 플라워,생화,전주신중앙시장(구 중앙버드나무시장),전통시장,전북특별자치도,,,
8ef98b63f969b819683b,full_annotation_v1,A,q_수산물_11,생선 사는 곳,식료품 중 '수산물'을 판매·제공하는 매장,val,수산물,T4 구어·문장,4014e8a4-4138-4c89-922c-ad97518dac48,영선네 생선,생선,대전정원시장,전통시장,대전광역시,,,
431463280245e5ddd7f4,full_annotation_v1,A,q_수산물_11,생선 사는 곳,식료품 중 '수산물'을 판매·제공하는 매장,val,수산물,T4 구어·문장,7873a7fa-ee6a-471b-8e5c-9a4047a9cfff,남해수산,생선,양산 덕계종합상설시장,전통시장,경상남도,,,
989f1a5682f7971a10b4,full_annotation_v1,A,q_수산물_11,생선 사는 곳,식료품 중 '수산물'을 판매·제공하는 매장,val,수산물,T4 구어·문장,7b0d92fa-878d-49c8-a904-56794f8ffa88,바다수산,생선,아랫장,전통시장,전라남도,,,
7f32bc12b238eb668d0a,full_annotation_v1,A,q_수산물_11,생선 사는 곳,식료품 중 '수산물'을 판매·제공하는 매장,val,수산물,T4 구어·문장,01286ec0-50e0-4540-b678-ec706fb3bcbb,설곰식당,식당,산업용재관,전통시장,대구광역시,,,
e45c1992a7528c3ca8df,full_annotation_v1,A,q_수산물_11,생선 사는 곳,식료품 중 '수산물'을 판매·제공하는 매장,val,수산물,T4 구어·문장,7632e453-2ddc-40f0-91db-64bb21a9bfc5,희야네 생선,생선,흥해시장,전통시장,경상북도,,,
f59f4083b411bc0b6bd2,full_annotation_v1,A,q_수산물_11,생선 사는 곳,식료품 중 '수산물'을 판매·제공하는 매장,val,수산물,T4 구어·문장,00cd5dee-c068-48da-bc58-a704d5fe8832,윤석수산,수산물 활어회 생선 게종류 젓갈 갑각류 해산물 등등,대공원시장,전통시장,대구광역시,,,
5c7c5e0f49151f59c999,full_annotation_v1,A,q_수산물_11,생선 사는 곳,식료품 중 '수산물'을 판매·제공하는 매장,val,수산물,T4 구어·문장,00298213-17ea-453a-b6e6-375d9ef636b6,대양농수산,농수산물,부평깡시장,전통시장,인천광역시,,,
631841ca5e68ce105b1b,full_annotation_v1,A,q_수산물_11,생선 사는 곳,식료품 중 '수산물'을 판매·제공하는 매장,val,수산물,T4 구어·문장,0388d7dc-5bb6-4da4-8fe9-a7e748f8c75a,씨유송도뉴타운점,편의점,이리옴프라자골목형상점가,골목형상점가,인천광역시,,,
891e61869f0cbc50e9df,full_annotation_v1,A,q_수산물_11,생선 사는 곳,식료품 중 '수산물'을 판매·제공하는 매장,val,수산물,T4 구어·문장,c111ac9d-3f3a-405c-a8db-4d127ccda9e2,행복이 있는 곳,잡화,제주로얄쇼핑센터,자율상권구역,제주특별자치도,,,
d82f02618243dda5c3a9,full_annotation_v1,A,q_수산물_11,생선 사는 곳,식료품 중 '수산물'을 판매·제공하는 매장,val,수산물,T4 구어·문장,0bf687ec-4ea8-4932-a2c4-401f28aab97f,중앙어물,어물,모슬포 중앙시장,전통시장,제주특별자치도,,,
292a9d15a5ef799f4bc1,full_annotation_v1,A,q_수산물_11,생선 사는 곳,식료품 중 '수산물'을 판매·제공하는 매장,val,수산물,T4 구어·문장,9b6214a9-c8f1-4fd6-8428-ed99b848066a,우리모두식품 주식회사,"육류, 양념육, 포장육",현대시장,전통시장,인천광역시,,,
35834f7fdaa729317e81,full_annotation_v1,A,q_수산물_11,생선 사는 곳,식료품 중 '수산물'을 판매·제공하는 매장,val,수산물,T4 구어·문장,e06d0863-a248-4088-98b0-f121aa24d047,생선 (소문난수산),생선,조원시장,전통시장,경기도,,,
1590a2dad8372e95f600,full_annotation_v1,A,q_수산물_11,생선 사는 곳,식료품 중 '수산물'을 판매·제공하는 매장,val,수산물,T4 구어·문장,43b10902-78a2-403a-a1d7-3f9828313675,바다수산,생선,부안상설시장,전통시장,전북특별자치도,,,
d99edbb6bed35243d67d,full_annotation_v1,A,q_수산물_11,생선 사는 곳,식료품 중 '수산물'을 판매·제공하는 매장,val,수산물,T4 구어·문장,00527b0b-893c-4d64-862e-3ef8113d07fb,해선언니네,건어물,용상공설시장,전통시장,경상북도,,,
41ef787c529ca709c774,full_annotation_v1,A,q_수산물_11,생선 사는 곳,식료품 중 '수산물'을 판매·제공하는 매장,val,수산물,T4 구어·문장,03cbd591-5ee7-4f9b-842e-8dc427925406,신흥상회,어물,상주중앙시장,전통시장,경상북도,,,
60e66907dc08bbff8f89,full_annotation_v1,A,q_수산물_11,생선 사는 곳,식료품 중 '수산물'을 판매·제공하는 매장,val,수산물,T4 구어·문장,7c7eb5fd-9756-4fa2-95f1-e8a14cc52cf2,남해수산,생선,동부시장,전통시장,인천광역시,,,
efdc24aa5f07f0367b43,full_annotation_v1,A,q_수산물_11,생선 사는 곳,식료품 중 '수산물'을 판매·제공하는 매장,val,수산물,T4 구어·문장,004032ef-2ae7-4e97-ac30-b12a0869e930,시장횟집,횟집,광양매일시장(광양상설시장),전통시장,전라남도,,,
e4965d060b24271ebe07,full_annotation_v1,A,q_수산물_11,생선 사는 곳,식료품 중 '수산물'을 판매·제공하는 매장,val,수산물,T4 구어·문장,0a96cc83-9889-429e-9444-8de5291bc8d9,예주수산,생선,영해만세시장(구 영해시장),전통시장,경상북도,,,
9ae985b43db4b841cfb1,full_annotation_v1,A,q_수산물_11,생선 사는 곳,식료품 중 '수산물'을 판매·제공하는 매장,val,수산물,T4 구어·문장,00bd252b-19f9-4e9a-bf26-b45280bb84ae,선옥상회,생선,고성 공룡시장,전통시장,경상남도,,,
cc5bf89b8087348e4a00,full_annotation_v1,A,q_수산물_11,생선 사는 곳,식료품 중 '수산물'을 판매·제공하는 매장,val,수산물,T4 구어·문장,6ac28eea-2dcf-457a-b595-5e1bb8c4aba7,주공생선,생선,월촌역시장(구 송현주공시장),전통시장,대구광역시,,,
c106b9a16eab4bcc235c,full_annotation_v1,A,q_수산물_11,생선 사는 곳,식료품 중 '수산물'을 판매·제공하는 매장,val,수산물,T4 구어·문장,71f97da8-0779-4b70-bf8a-00c0494ffd4d,수옥생선,생선,광장시장,전통시장,서울특별시,,,
6e6664f56af23e91cca4,full_annotation_v1,A,q_수산물_11,생선 사는 곳,식료품 중 '수산물'을 판매·제공하는 매장,val,수산물,T4 구어·문장,b81b16a7-303c-423a-8298-992107993bcb,생선총각,생선,대림골목시장,전통시장,서울특별시,,,
55bb90d4dc6953967350,full_annotation_v1,A,q_수산물_11,생선 사는 곳,식료품 중 '수산물'을 판매·제공하는 매장,val,수산물,T4 구어·문장,01afaafa-2a46-4977-8015-55762957ee7a,다래초밥,초밥,동문동 골목형상점가,골목형상점가,충청남도,,,
b8a966194277e6e93b27,full_annotation_v1,A,q_수산물_11,생선 사는 곳,식료품 중 '수산물'을 판매·제공하는 매장,val,수산물,T4 구어·문장,a38d4fe2-982b-4231-a320-69bc8d1210e5,삼득수산,생선,부전상가시장,전통시장,부산광역시,,,
57dc2a1959a54b7f5ffd,full_annotation_v1,A,q_수산물_11,생선 사는 곳,식료품 중 '수산물'을 판매·제공하는 매장,val,수산물,T4 구어·문장,702b80bd-a1a5-46af-a7e8-2296bc752468,바다수산,생선,마포농수산물시장,전통시장,서울특별시,,,
afd048cd6cc08b9d4bfd,full_annotation_v1,A,q_수산물_11,생선 사는 곳,식료품 중 '수산물'을 판매·제공하는 매장,val,수산물,T4 구어·문장,00e04e3d-cb00-4d64-a13d-a9c02f9a4fc8,대림수산,활어,자갈치시장,전통시장,부산광역시,,,
e377df126569adc5f102,full_annotation_v1,A,q_수산물_11,생선 사는 곳,식료품 중 '수산물'을 판매·제공하는 매장,val,수산물,T4 구어·문장,0004c5f7-95e0-45be-9f06-a705b8113ff0,의창수협67번중도매인,활어,진해 용원어시장상점가,자율상권구역,경상남도,,,
75efd268db3992b1eb2c,full_annotation_v1,A,q_수산물_11,생선 사는 곳,식료품 중 '수산물'을 판매·제공하는 매장,val,수산물,T4 구어·문장,005429a3-030e-492f-973c-1d5842eeac56,미래횟집,활어,사천 삼천포용궁수산시장,전통시장,경상남도,,,
02ce55a173f2c814879c,full_annotation_v1,A,q_수산물_11,생선 사는 곳,식료품 중 '수산물'을 판매·제공하는 매장,val,수산물,T4 구어·문장,95d916b2-2191-4a81-93d8-909608356f38,진실이네 생선,생선 회,장안마실골목형상점가,골목형상점가,서울특별시,,,
d0f526c03727f61b3f3a,full_annotation_v1,A,q_수산물_11,생선 사는 곳,식료품 중 '수산물'을 판매·제공하는 매장,val,수산물,T4 구어·문장,4d517883-cd1a-4697-962e-fda3120ea936,바다수산,생선,삼성동시장,기타,서울특별시,,,
7f993183842540426a1b,full_annotation_v1,A,q_수산물_11,생선 사는 곳,식료품 중 '수산물'을 판매·제공하는 매장,val,수산물,T4 구어·문장,ee85b2d6-415e-454a-b723-690a562ff040,바다수산,생선,하양꿈바우시장,전통시장,경상북도,,,
2092135c9c1fd31ebf1d,full_annotation_v1,A,q_수산물_11,생선 사는 곳,식료품 중 '수산물'을 판매·제공하는 매장,val,수산물,T4 구어·문장,2a29370c-24d4-4e2a-a920-119e307cfa5d,웃는곰갈비,돼지갈비,진잠 골목형상점가,골목형상점가,대전광역시,,,
5cb4229a551cbf976fb3,full_annotation_v1,A,q_수산물_11,생선 사는 곳,식료품 중 '수산물'을 판매·제공하는 매장,val,수산물,T4 구어·문장,038f89c5-a204-4c80-9e31-9d22a3ba4c95,연스시,초밥,노은역 골목형상점가,골목형상점가,대전광역시,,,
e1743ff49f990a8bbf48,full_annotation_v1,A,q_수산물_11,생선 사는 곳,식료품 중 '수산물'을 판매·제공하는 매장,val,수산물,T4 구어·문장,4c854326-005e-4847-b47a-133fe4175d40,소은철학(패션의류잡화),"철학원, 잡화, 의류",두류1번가,일반지하상점가,대구광역시,,,
bab74ba15f8744e2adda,full_annotation_v1,A,q_수산물_11,생선 사는 곳,식료품 중 '수산물'을 판매·제공하는 매장,val,수산물,T4 구어·문장,30dc8796-40cd-4c5b-880c-658ec9ad53ad,노들수산,생선,노량진수산시장골목형상점가,골목형상점가,서울특별시,,,
9ac89c5b55ed4e7fc48f,full_annotation_v1,A,q_수산물_11,생선 사는 곳,식료품 중 '수산물'을 판매·제공하는 매장,val,수산물,T4 구어·문장,40b5cc4d-87a5-4b51-9422-011351c0a7a5,보성수산,생선,전주신중앙시장(구 중앙버드나무시장),전통시장,전북특별자치도,,,
e7435aebb98b76ac3ac1,full_annotation_v1,A,q_수산물_11,생선 사는 곳,식료품 중 '수산물'을 판매·제공하는 매장,val,수산물,T4 구어·문장,ec06ffbd-bb0b-467e-883b-240281c72e5f,김씨수산,생선,인천종합어시장,전통시장,인천광역시,,,
3f0ecaface77f4328a18,full_annotation_v1,A,q_수산물_11,생선 사는 곳,식료품 중 '수산물'을 판매·제공하는 매장,val,수산물,T4 구어·문장,5303e260-98ca-4280-84bd-8863e8aec888,동해수산,생선,용상공설시장,전통시장,경상북도,,,
92f3af012c76a6fb8dc0,full_annotation_v1,A,q_수산물_11,생선 사는 곳,식료품 중 '수산물'을 판매·제공하는 매장,val,수산물,T4 구어·문장,156c17f7-7a57-47b8-bec1-0d2fd58979b6,남해수산,생선,부전상가시장,전통시장,부산광역시,,,
c28fb2d3b24a87400eba,full_annotation_v1,A,q_수산물_11,생선 사는 곳,식료품 중 '수산물'을 판매·제공하는 매장,val,수산물,T4 구어·문장,004d071d-dda6-41e4-9fcb-7c74c8f8ef0f,영남상회,건어물,수영팔도시장(구 수영팔도상가시장),전통시장,부산광역시,,,
4570c1dfc66982c7b46b,full_annotation_v1,A,q_수산물_11,생선 사는 곳,식료품 중 '수산물'을 판매·제공하는 매장,val,수산물,T4 구어·문장,228aca59-d39d-4615-bcd4-83d083ba0940,일오삼수산,생선,창동신창시장,전통시장,서울특별시,,,
5f9c375484b93336aeaf,full_annotation_v1,A,q_수산물_11,생선 사는 곳,식료품 중 '수산물'을 판매·제공하는 매장,val,수산물,T4 구어·문장,a83174a2-5cfd-4c4b-8316-978ac6c905d2,오늘의 생선,생선,원미부흥시장,전통시장,경기도,,,
b27c13e704eee7f4deae,full_annotation_v1,A,q_수산물_11,생선 사는 곳,식료품 중 '수산물'을 판매·제공하는 매장,val,수산물,T4 구어·문장,be2eda61-09c3-43a4-98ba-8e4f4777d596,효자국밥,음식점업(한식),미래그린시장,전통시장,경기도,,,
97390693c8407bb7fcad,full_annotation_v1,A,q_수산물_11,생선 사는 곳,식료품 중 '수산물'을 판매·제공하는 매장,val,수산물,T4 구어·문장,da411df9-3427-405a-863f-6744bace8d92,신용수산,생선,말바우시장,전통시장,광주광역시,,,
606f59fc31e39758a5da,full_annotation_v1,A,q_수산물_11,생선 사는 곳,식료품 중 '수산물'을 판매·제공하는 매장,val,수산물,T4 구어·문장,874581fa-e7a0-4ceb-93ed-7a4d7f3f4f67,남해수산,생선,진해 용원어시장상점가,자율상권구역,경상남도,,,
c83a2a31b9deed358569,full_annotation_v1,A,q_수산물_11,생선 사는 곳,식료품 중 '수산물'을 판매·제공하는 매장,val,수산물,T4 구어·문장,f632b825-195d-48b6-a024-82a5d1546f7f,형제생선,생선,용산종합큰시장,전통시장,대구광역시,,,
69bceb9cd59e9e62f563,full_annotation_v1,A,q_수산물_11,생선 사는 곳,식료품 중 '수산물'을 판매·제공하는 매장,val,수산물,T4 구어·문장,00fcc68d-3086-4b45-b998-f3763e8dbf7d,꼬치마요 산본역점(9호점),일식,산본로데오거리(구 산본중심상가),자율상권구역,경기도,,,
5b4c4e1089027e548d25,full_annotation_v1,A,q_수산물_11,생선 사는 곳,식료품 중 '수산물'을 판매·제공하는 매장,val,수산물,T4 구어·문장,0027eaf6-093b-4df4-9457-4f1081537ff3,충무꼭지횟집,횟집,초량전통시장,전통시장,부산광역시,,,
92727585655002e18296,full_annotation_v1,A,q_수산물_11,생선 사는 곳,식료품 중 '수산물'을 판매·제공하는 매장,val,수산물,T4 구어·문장,002e7e87-5677-44ca-85c4-9e5b87e7994f,한양수산,생선,안중시장,전통시장,경기도,,,
82c4fc63e980e91ed56a,full_annotation_v1,A,q_수산물_11,생선 사는 곳,식료품 중 '수산물'을 판매·제공하는 매장,val,수산물,T4 구어·문장,14e876ec-6474-4640-ab63-1a3d40397199,고향생선,생선,장량성도시장,전통시장,경상북도,,,
9f162f3a4d7d10bc55b4,full_annotation_v1,A,q_수산물_11,생선 사는 곳,식료품 중 '수산물'을 판매·제공하는 매장,val,수산물,T4 구어·문장,24456103-f6b8-46af-8655-82e61d7265d8,커피가 머무르는 곳,커피,반드레길골목형상점가,골목형상점가,서울특별시,,,
5132b85f0a6c7a3a07d8,full_annotation_v1,A,q_수산물_11,생선 사는 곳,식료품 중 '수산물'을 판매·제공하는 매장,val,수산물,T4 구어·문장,de9107f2-186c-4fa4-82a2-6c4a765dba8a,남해수산,생선,진주 자유시장,전통시장,경상남도,,,
1512d0d33b6c01bccca4,full_annotation_v1,A,q_수산물_11,생선 사는 곳,식료품 중 '수산물'을 판매·제공하는 매장,val,수산물,T4 구어·문장,0016aa1a-5730-45a0-b427-06b0f51fc005,든든한밥상,농수산물,화산면 골목형상점가,골목형상점가,전라남도,,,
ed13e74f81996aa7155e,full_annotation_v1,A,q_수산물_11,생선 사는 곳,식료품 중 '수산물'을 판매·제공하는 매장,val,수산물,T4 구어·문장,20100a95-1ce6-4c37-bc08-f4be6a07c590,동해수산,생선,대왕암 월봉시장,전통시장,울산광역시,,,
319a36929365f1ec7839,full_annotation_v1,A,q_수산물_11,생선 사는 곳,식료품 중 '수산물'을 판매·제공하는 매장,val,수산물,T4 구어·문장,9cb15ad5-0b34-41d1-8225-d709b970368e,부자생선,생선,정이있는 구포시장,전통시장,부산광역시,,,
ceb2e25e614f7f8c8fa5,full_annotation_v1,A,q_수산물_11,생선 사는 곳,식료품 중 '수산물'을 판매·제공하는 매장,val,수산물,T4 구어·문장,0c7008da-69b1-433b-baab-e546f219721d,재환A,생선,청량리수산시장,전통시장,서울특별시,,,
e928d37e3683c338b5c5,full_annotation_v1,A,q_수산물_11,생선 사는 곳,식료품 중 '수산물'을 판매·제공하는 매장,val,수산물,T4 구어·문장,a967fbc7-7c5b-414a-b89f-af04c43dfc9b,효준횟집,생선,남해전통시장,전통시장,경상남도,,,
34a72bb4f90d56dabd01,full_annotation_v1,A,q_수산물_11,생선 사는 곳,식료품 중 '수산물'을 판매·제공하는 매장,val,수산물,T4 구어·문장,bbdcf128-a5a7-4eb5-afd5-303a877102dc,동해수산,생선,남성사계시장,전통시장,서울특별시,,,
ac60ca29c3d3d0627d4e,full_annotation_v1,A,q_수산물_11,생선 사는 곳,식료품 중 '수산물'을 판매·제공하는 매장,val,수산물,T4 구어·문장,8e20f6fe-adf8-47ce-85d7-3ad68c2651dd,하중이네,생선,주문진좌판풍물시장,전통시장,강원특별자치도,,,
c218693a34b2b62565a7,full_annotation_v1,A,q_수산물_11,생선 사는 곳,식료품 중 '수산물'을 판매·제공하는 매장,val,수산물,T4 구어·문장,f06ccfff-aff4-48e2-a0d9-9ca2ad9406cf,인권이네,생선,소래포구전통어시장,전통시장,인천광역시,,,
ce15a5f07e14bd41cc78,full_annotation_v1,A,q_수산물_11,생선 사는 곳,식료품 중 '수산물'을 판매·제공하는 매장,val,수산물,T4 구어·문장,af3c7411-a48f-484c-bbd1-45aabbdac275,민지네 생선,생선,의정부제일시장,전통시장,경기도,,,
a3882e4ef1061746759b,full_annotation_v1,A,q_수산물_11,생선 사는 곳,식료품 중 '수산물'을 판매·제공하는 매장,val,수산물,T4 구어·문장,2968e10b-5cb2-4ee3-998a-00cd13bdff2d,중앙생선,생선,전주신중앙시장(구 중앙버드나무시장),전통시장,전북특별자치도,,,
90804768ad90e7bb5e33,full_annotation_v1,A,q_수산물_11,생선 사는 곳,식료품 중 '수산물'을 판매·제공하는 매장,val,수산물,T4 구어·문장,30d5afbc-fd4b-49bb-9e1c-2469652e5921,추씨어물점,어물,영천공설시장,전통시장,경상북도,,,
2d45ecb1028ef7f22e32,full_annotation_v1,A,q_수산물_11,생선 사는 곳,식료품 중 '수산물'을 판매·제공하는 매장,val,수산물,T4 구어·문장,9fbaca55-9738-4b29-acf4-b7699736a361,행렬수산,생선,목포자유시장,전통시장,전라남도,,,
74d3b35ebd76c3b5b12e,full_annotation_v1,A,q_수산물_11,생선 사는 곳,식료품 중 '수산물'을 판매·제공하는 매장,val,수산물,T4 구어·문장,05e43621-e9c5-4870-af5a-ae5873df8d15,생선총각,생선,포방터시장,전통시장,서울특별시,,,
183d2d9e0b4ab3defe3f,full_annotation_v1,A,q_수산물_11,생선 사는 곳,식료품 중 '수산물'을 판매·제공하는 매장,val,수산물,T4 구어·문장,2743811c-5e71-4d2b-aa75-1b0147d44f2d,사우 꽃이 피는 곳,꽃,김포 풍년마을 골목형상점가,골목형상점가,경기도,,,
911becb6a0c0d7fbf65a,full_annotation_v1,A,q_수산물_11,생선 사는 곳,식료품 중 '수산물'을 판매·제공하는 매장,val,수산물,T4 구어·문장,512effaa-eff9-47bd-8665-687c2ca48ced,창운횟집,생선,금당상가,자율상권구역,전라남도,,,
ea1a899d7001b3cd0f17,full_annotation_v1,A,q_수산물_11,생선 사는 곳,식료품 중 '수산물'을 판매·제공하는 매장,val,수산물,T4 구어·문장,2a741bd3-fc67-4df6-9de3-80042d36666b,남해수산,생선,전농로터리시장,전통시장,서울특별시,,,
0c453f513c2612dd39c7,full_annotation_v1,A,q_수산물_11,생선 사는 곳,식료품 중 '수산물'을 판매·제공하는 매장,val,수산물,T4 구어·문장,00445369-fa3a-4cd3-ae3a-6564876f4199,용수상회,수산물,서문시장건해산물상가,전통시장,대구광역시,,,
5cec2c9dbdebfe2e48cc,full_annotation_v1,A,q_수산물_11,생선 사는 곳,식료품 중 '수산물'을 판매·제공하는 매장,val,수산물,T4 구어·문장,00f60c16-d8be-497f-80f2-aab3209a8d0e,포카포카,식당,전남여고후문 골목형상점가,골목형상점가,광주광역시,,,
969c5cacb6dffbf464b3,full_annotation_v1,A,q_수산물_11,생선 사는 곳,식료품 중 '수산물'을 판매·제공하는 매장,val,수산물,T4 구어·문장,29345061-11dc-46a5-92fa-963b19c984ab,생선밥상,생선,적성전통시장,전통시장,경기도,,,
c4d89af62d2522fb63de,full_annotation_v1,A,q_수산물_11,생선 사는 곳,식료품 중 '수산물'을 판매·제공하는 매장,val,수산물,T4 구어·문장,92253f21-b696-4661-9b5d-6fc46e7009c4,여수네 마른 생선,생선,(주)여수수산시장,전통시장,전라남도,,,
f06784e729898ea8d8de,full_annotation_v1,A,q_수산물_11,생선 사는 곳,식료품 중 '수산물'을 판매·제공하는 매장,val,수산물,T4 구어·문장,60433424-1688-4b0a-b245-73eb57f08958,경일가스상사,가스,삼각지맛길 골목형상점가,골목형상점가,대구광역시,,,
d63a5b5b9e44b4d580f5,full_annotation_v1,A,q_수산물_11,생선 사는 곳,식료품 중 '수산물'을 판매·제공하는 매장,val,수산물,T4 구어·문장,953ed9b3-f83c-44fc-a678-79ff5b733cd2,누리수산,생선,순천역전시장,전통시장,전라남도,,,
103e1c6195eb204cb38a,full_annotation_v1,A,q_수산물_11,생선 사는 곳,식료품 중 '수산물'을 판매·제공하는 매장,val,수산물,T4 구어·문장,aed876fd-644f-4cdc-87ef-e8735c67faf2,어락생선구이,생선,관악중부시장골목형상점가,골목형상점가,서울특별시,,,
f39969335ca866297e50,full_annotation_v1,A,q_수산물_11,생선 사는 곳,식료품 중 '수산물'을 판매·제공하는 매장,val,수산물,T4 구어·문장,4df38700-9e35-467e-8b54-b6930b806fa5,중앙생선,생선,길동복조리시장,전통시장,서울특별시,,,
684aa533ccee17b13f99,full_annotation_v1,A,q_수산물_11,생선 사는 곳,식료품 중 '수산물'을 판매·제공하는 매장,val,수산물,T4 구어·문장,764c37b8-c4f5-4ebd-8308-9edae87897bb,훈이네 생선,생선,청주육거리종합시장,전통시장,충청북도,,,
c0f924f3693787351a8b,full_annotation_v1,A,q_수산물_11,생선 사는 곳,식료품 중 '수산물'을 판매·제공하는 매장,val,수산물,T4 구어·문장,00a40df6-e218-4c9e-951f-b2c1a3ee676e,영흥수산,생선,가락몰골목형상점가,골목형상점가,서울특별시,,,
6b0a80117b2fcae8a9eb,full_annotation_v1,A,q_수산물_11,생선 사는 곳,식료품 중 '수산물'을 판매·제공하는 매장,val,수산물,T4 구어·문장,5e05f945-77d5-4a57-a86d-11fe574f69fd,바다수산,생선,정자시장,전통시장,경기도,,,
3c4eadac02727d6bb400,full_annotation_v1,A,q_수산물_11,생선 사는 곳,식료품 중 '수산물'을 판매·제공하는 매장,val,수산물,T4 구어·문장,0333f16c-ff56-4e80-a1c7-dd77a81300df,로봇초밥마켓 과천래미안점,초밥,과천슈르탑 골목형상점가,골목형상점가,경기도,,,
6a631de1399b33200c2f,full_annotation_v1,A,q_수산물_11,생선 사는 곳,식료품 중 '수산물'을 판매·제공하는 매장,val,수산물,T4 구어·문장,47e00216-6f83-4490-a08e-540cf1235b20,한마당(생고기전문점),고기,정자시장,전통시장,경기도,,,
38ee701dc1442c53d96b,full_annotation_v1,A,q_수산물_11,생선 사는 곳,식료품 중 '수산물'을 판매·제공하는 매장,val,수산물,T4 구어·문장,00356e71-7b15-4a42-be60-f232011707b8,유한회사 덕재건재,건어물,가락몰골목형상점가,골목형상점가,서울특별시,,,
5726c0604d4cab14c320,full_annotation_v1,A,q_수산물_11,생선 사는 곳,식료품 중 '수산물'을 판매·제공하는 매장,val,수산물,T4 구어·문장,76a3551b-dae4-4326-92cc-662015aedbfb,쉴 곳,한식,칠성로상점가,자율상권구역,제주특별자치도,,,
6cdfcb538eaa0d3cc3b9,full_annotation_v1,A,q_수산물_11,생선 사는 곳,식료품 중 '수산물'을 판매·제공하는 매장,val,수산물,T4 구어·문장,016ddf29-de07-40e1-a642-8c2a45a6f19d,연희어시장,횟집,연희로 골목형상점가,골목형상점가,인천광역시,,,
30ed53abfc3bd17877ea,full_annotation_v1,A,q_수산물_11,생선 사는 곳,식료품 중 '수산물'을 판매·제공하는 매장,val,수산물,T4 구어·문장,684f1e8d-56c9-4119-b205-763c289962c9,영미네 생선,생선,대전정원시장,전통시장,대전광역시,,,
9ef3c72755d8bf91ed7d,full_annotation_v1,A,q_수산물_11,생선 사는 곳,식료품 중 '수산물'을 판매·제공하는 매장,val,수산물,T4 구어·문장,6c87240d-e4a3-4469-8c49-b5c07a0de2fc,남해수산,생선,중곡제일골목시장(중곡제일전통시장),전통시장,서울특별시,,,
354e6e3d19b05e0ba7ee,full_annotation_v1,A,q_수산물_11,생선 사는 곳,식료품 중 '수산물'을 판매·제공하는 매장,val,수산물,T4 구어·문장,0d1e5132-177c-499c-9470-0b2230c87597,권순희 생선,생선,안동구시장,전통시장,경상북도,,,
107ec85038fc33976cf1,full_annotation_v1,A,q_수산물_11,생선 사는 곳,식료품 중 '수산물'을 판매·제공하는 매장,val,수산물,T4 구어·문장,00ba389b-e522-4da5-ac26-2ffaf33359ec,스시노유키,초밥,산본로데오거리(구 산본중심상가),자율상권구역,경기도,,,
2c0001f499c6e6350774,full_annotation_v1,A,q_수산물_11,생선 사는 곳,식료품 중 '수산물'을 판매·제공하는 매장,val,수산물,T4 구어·문장,9f8c5b2d-8b33-444e-a177-16386f656df3,부자생선,생선,망미중앙시장,전통시장,부산광역시,,,
984587564091129a410b,full_annotation_v1,A,q_수산물_11,생선 사는 곳,식료품 중 '수산물'을 판매·제공하는 매장,val,수산물,T4 구어·문장,d567cf9f-8ef9-4a14-ba46-dc840ab38c50,남해수산,생선,졸락코지 골목형상점가,골목형상점가,제주특별자치도,,,
f9e35dae321e50d35332,full_annotation_v1,A,q_수산물_11,생선 사는 곳,식료품 중 '수산물'을 판매·제공하는 매장,val,수산물,T4 구어·문장,157c982d-dbee-43e7-8381-002a3871c04a,백인합기도,합기도 무술 교육기관,아름동상점가,자율상권구역,세종특별자치시,,,
fafd20011bde5425b2f8,full_annotation_v1,A,q_수산물_11,생선 사는 곳,식료품 중 '수산물'을 판매·제공하는 매장,val,수산물,T4 구어·문장,57f21678-123d-46b7-aca2-39c04f9ab3bf,인환수산,생선,소래포구전통어시장,전통시장,인천광역시,,,
08f93689ce00f9ea3215,full_annotation_v1,A,q_수산물_11,생선 사는 곳,식료품 중 '수산물'을 판매·제공하는 매장,val,수산물,T4 구어·문장,0d787e3b-c8db-4109-9454-b50d724cb25f,정현생선,생선,익산북부시장,전통시장,전북특별자치도,,,
06c9757cbfd8d6de003a,full_annotation_v1,A,q_수산물_11,생선 사는 곳,식료품 중 '수산물'을 판매·제공하는 매장,val,수산물,T4 구어·문장,fbe454d9-addf-4d07-abb9-e030eb1b3472,중앙생선,생선,내토전통시장,전통시장,충청북도,,,
bcc2ce8389f6390b2f6d,full_annotation_v1,A,q_수산물_11,생선 사는 곳,식료품 중 '수산물'을 판매·제공하는 매장,val,수산물,T4 구어·문장,010c1855-b46f-4e37-b975-8115c4249b0f,용궁횟집,,자갈치시장,전통시장,부산광역시,,,
09d8df4be21eea286886,full_annotation_v1,A,q_수산물_11,생선 사는 곳,식료품 중 '수산물'을 판매·제공하는 매장,val,수산물,T4 구어·문장,026088db-87d4-434f-be2b-19543ce6d520,대구생선,생선,도원시장,전통시장,대구광역시,,,
72c4a36216d07d843f3b,full_annotation_v1,A,q_수산물_11,생선 사는 곳,식료품 중 '수산물'을 판매·제공하는 매장,val,수산물,T4 구어·문장,001ec0bf-0eda-4aa8-8efc-a90930649cf5,원프룻,농수산물,정이있는 구포시장,전통시장,부산광역시,,,
ee4c606b6823b445fd18,full_annotation_v1,A,q_수산물_11,생선 사는 곳,식료품 중 '수산물'을 판매·제공하는 매장,val,수산물,T4 구어·문장,227f2869-73cd-432c-bb40-e36e9c8225e2,바다수산,생선,전주신중앙시장(구 중앙버드나무시장),전통시장,전북특별자치도,,,
e0c823d59c82d87a5fb4,full_annotation_v1,A,q_수산물_12,생선 손질해주는 곳,식료품 중 '수산물'을 판매·제공하는 매장,val,수산물,T4 구어·문장,3b114ae8-8a20-469c-904d-ff28fac54dc8,고양이한테 맡긴 생선,생선,능곡시장(구 능곡전통시장),전통시장,경기도,,,
bd434d6aab8aa96cde3a,full_annotation_v1,A,q_수산물_12,생선 손질해주는 곳,식료품 중 '수산물'을 판매·제공하는 매장,val,수산물,T4 구어·문장,01286ec0-50e0-4540-b678-ec706fb3bcbb,설곰식당,식당,산업용재관,전통시장,대구광역시,,,
8278fb2a4cc70aeae33d,full_annotation_v1,A,q_수산물_12,생선 손질해주는 곳,식료품 중 '수산물'을 판매·제공하는 매장,val,수산물,T4 구어·문장,a967fbc7-7c5b-414a-b89f-af04c43dfc9b,효준횟집,생선,남해전통시장,전통시장,경상남도,,,
c6420f9b6cb872c64616,full_annotation_v1,A,q_수산물_12,생선 손질해주는 곳,식료품 중 '수산물'을 판매·제공하는 매장,val,수산물,T4 구어·문장,ada98dbd-1a5d-45a9-8c73-9420750a9a1a,청솔한의원,한방 의료,백년시장(구 강북종합전통시장),전통시장,서울특별시,,,
3b785d7754f207c6dbc5,full_annotation_v1,A,q_수산물_12,생선 손질해주는 곳,식료품 중 '수산물'을 판매·제공하는 매장,val,수산물,T4 구어·문장,00445369-fa3a-4cd3-ae3a-6564876f4199,용수상회,수산물,서문시장건해산물상가,전통시장,대구광역시,,,
ce85d3f77bdec6d36051,full_annotation_v1,A,q_수산물_12,생선 손질해주는 곳,식료품 중 '수산물'을 판매·제공하는 매장,val,수산물,T4 구어·문장,8e20f6fe-adf8-47ce-85d7-3ad68c2651dd,하중이네,생선,주문진좌판풍물시장,전통시장,강원특별자치도,,,
6884f4345350e467b3a0,full_annotation_v1,A,q_수산물_12,생선 손질해주는 곳,식료품 중 '수산물'을 판매·제공하는 매장,val,수산물,T4 구어·문장,05e43621-e9c5-4870-af5a-ae5873df8d15,생선총각,생선,포방터시장,전통시장,서울특별시,,,
63014a3d06c50d2f6c53,full_annotation_v1,A,q_수산물_12,생선 손질해주는 곳,식료품 중 '수산물'을 판매·제공하는 매장,val,수산물,T4 구어·문장,00779863-22b7-4378-adca-42362eff7e3f,장복횟집.수산,생선회,"안면도수산시장(구, 안면도장터)",전통시장,충청남도,,,
3109f8b8d27ac767d73e,full_annotation_v1,A,q_수산물_12,생선 손질해주는 곳,식료품 중 '수산물'을 판매·제공하는 매장,val,수산물,T4 구어·문장,da411df9-3427-405a-863f-6744bace8d92,신용수산,생선,말바우시장,전통시장,광주광역시,,,
3bf67beb3c99e9285df5,full_annotation_v1,A,q_수산물_12,생선 손질해주는 곳,식료품 중 '수산물'을 판매·제공하는 매장,val,수산물,T4 구어·문장,ba122c07-ba20-46eb-b7e5-c77027052c82,말집,생선,익산북부시장,전통시장,전북특별자치도,,,
3aff40e37fe8031c4b36,full_annotation_v1,A,q_수산물_12,생선 손질해주는 곳,식료품 중 '수산물'을 판매·제공하는 매장,val,수산물,T4 구어·문장,0bf687ec-4ea8-4932-a2c4-401f28aab97f,중앙어물,어물,모슬포 중앙시장,전통시장,제주특별자치도,,,
906c6de23716f7e19918,full_annotation_v1,A,q_수산물_12,생선 손질해주는 곳,식료품 중 '수산물'을 판매·제공하는 매장,val,수산물,T4 구어·문장,00a0d437-836b-453d-b15e-55fbf7dc8460,대박수산,생선,청주육거리종합시장,전통시장,충청북도,,,
d8c5ae3e22810b915c6f,full_annotation_v1,A,q_수산물_12,생선 손질해주는 곳,식료품 중 '수산물'을 판매·제공하는 매장,val,수산물,T4 구어·문장,9fbaca55-9738-4b29-acf4-b7699736a361,행렬수산,생선,목포자유시장,전통시장,전라남도,,,
25ebd317ff90644af29f,full_annotation_v1,A,q_수산물_12,생선 손질해주는 곳,식료품 중 '수산물'을 판매·제공하는 매장,val,수산물,T4 구어·문장,52145877-578b-4ff7-983b-cf08307d0aee,설악화장품,,속초중앙전통시장,전통시장,강원특별자치도,,,
7035d8b0229767514903,full_annotation_v1,A,q_수산물_12,생선 손질해주는 곳,식료품 중 '수산물'을 판매·제공하는 매장,val,수산물,T4 구어·문장,2a741bd3-fc67-4df6-9de3-80042d36666b,남해수산,생선,전농로터리시장,전통시장,서울특별시,,,
a53f3b61744f191b4a30,full_annotation_v1,A,q_수산물_12,생선 손질해주는 곳,식료품 중 '수산물'을 판매·제공하는 매장,val,수산물,T4 구어·문장,57f21678-123d-46b7-aca2-39c04f9ab3bf,인환수산,생선,소래포구전통어시장,전통시장,인천광역시,,,
c0e407bbfae94d43850a,full_annotation_v1,A,q_수산물_12,생선 손질해주는 곳,식료품 중 '수산물'을 판매·제공하는 매장,val,수산물,T4 구어·문장,d567cf9f-8ef9-4a14-ba46-dc840ab38c50,남해수산,생선,졸락코지 골목형상점가,골목형상점가,제주특별자치도,,,
1dffd422cd185565dc75,full_annotation_v1,A,q_수산물_12,생선 손질해주는 곳,식료품 중 '수산물'을 판매·제공하는 매장,val,수산물,T4 구어·문장,ac4d9e62-9d13-45fd-be91-5a12a3224a1c,천지인한의원,한방 의료 서비스,서현센트럴상점,골목형상점가,경기도,,,
1b72ac998add8f3e3747,full_annotation_v1,A,q_수산물_12,생선 손질해주는 곳,식료품 중 '수산물'을 판매·제공하는 매장,val,수산물,T4 구어·문장,9e83225e-e78c-4b6d-a786-d4689246517b,삼성상회,생선,강화풍물시장,전통시장,인천광역시,,,
49718f9754ab39dfd708,full_annotation_v1,A,q_수산물_12,생선 손질해주는 곳,식료품 중 '수산물'을 판매·제공하는 매장,val,수산물,T4 구어·문장,997ce2ee-a8e5-4b95-9bc2-7cda6736edf2,전주수산,생선,노량진수산시장골목형상점가,골목형상점가,서울특별시,,,
01de428fd9670981d08c,full_annotation_v1,A,q_수산물_12,생선 손질해주는 곳,식료품 중 '수산물'을 판매·제공하는 매장,val,수산물,T4 구어·문장,00fcc68d-3086-4b45-b998-f3763e8dbf7d,꼬치마요 산본역점(9호점),일식,산본로데오거리(구 산본중심상가),자율상권구역,경기도,,,
1e69f910d45290fb3ce3,full_annotation_v1,A,q_수산물_12,생선 손질해주는 곳,식료품 중 '수산물'을 판매·제공하는 매장,val,수산물,T4 구어·문장,ca43c775-8157-4b59-94a0-3d43b8923025,소배,생선,명지시장,전통시장,부산광역시,,,
6639dd28e2ef40a33033,full_annotation_v1,A,q_수산물_12,생선 손질해주는 곳,식료품 중 '수산물'을 판매·제공하는 매장,val,수산물,T4 구어·문장,b298c190-4e7e-4534-9a02-da6935bf6bb3,경북생선,생선,태백시장,전통시장,대구광역시,,,
b38496baa6a2bcf87351,full_annotation_v1,A,q_수산물_12,생선 손질해주는 곳,식료품 중 '수산물'을 판매·제공하는 매장,val,수산물,T4 구어·문장,51764099-4a5d-4ef8-b85d-ef270b05701b,금순네 생선,생선,인천신흥시장,전통시장,인천광역시,,,
faccb275c89c2f082188,full_annotation_v1,A,q_수산물_12,생선 손질해주는 곳,식료품 중 '수산물'을 판매·제공하는 매장,val,수산물,T4 구어·문장,90e9050c-3f41-4599-a751-8186778abae6,자갈치수산,생선,도마큰시장,전통시장,대전광역시,,,
5b97488f9d81cd84ac03,full_annotation_v1,A,q_수산물_12,생선 손질해주는 곳,식료품 중 '수산물'을 판매·제공하는 매장,val,수산물,T4 구어·문장,008cfdc1-610a-407a-a03b-4c6dae7106f4,주영수산,활어,목포북항상점가,자율상권구역,전라남도,,,
d1f4428782d9e6777941,full_annotation_v1,A,q_수산물_12,생선 손질해주는 곳,식료품 중 '수산물'을 판매·제공하는 매장,val,수산물,T4 구어·문장,0019e966-8007-4603-957c-4e9adcd1f05a,부남수산,수산물,서산동부전통시장,전통시장,충청남도,,,
840f1247462ec35c84c0,full_annotation_v1,A,q_수산물_12,생선 손질해주는 곳,식료품 중 '수산물'을 판매·제공하는 매장,val,수산물,T4 구어·문장,227f2869-73cd-432c-bb40-e36e9c8225e2,바다수산,생선,전주신중앙시장(구 중앙버드나무시장),전통시장,전북특별자치도,,,
dbc53ec517dc1987a6f0,full_annotation_v1,A,q_수산물_12,생선 손질해주는 곳,식료품 중 '수산물'을 판매·제공하는 매장,val,수산물,T4 구어·문장,874581fa-e7a0-4ceb-93ed-7a4d7f3f4f67,남해수산,생선,진해 용원어시장상점가,자율상권구역,경상남도,,,
e20504862d9fc2fa3c1f,full_annotation_v1,A,q_수산물_12,생선 손질해주는 곳,식료품 중 '수산물'을 판매·제공하는 매장,val,수산물,T4 구어·문장,54f6934a-4117-4114-833e-2d99a0bf07dd,등촌샤브샤브칼국수,칼국수,초지항아리 골목형상점가,골목형상점가,경기도,,,
abbf345c5b29dea7ffeb,full_annotation_v1,A,q_수산물_12,생선 손질해주는 곳,식료품 중 '수산물'을 판매·제공하는 매장,val,수산물,T4 구어·문장,291b2971-e7b1-4bd0-9301-952fad7651b0,쿠잉샌드위치카페,,창원 성원그랜드쇼핑상가,전통시장,경상남도,,,
d4d6b22a0db38d512ab7,full_annotation_v1,A,q_수산물_12,생선 손질해주는 곳,식료품 중 '수산물'을 판매·제공하는 매장,val,수산물,T4 구어·문장,31a29306-e6b8-48cf-aa52-94268bf14740,LOVER(러버),도소매(여성의류),테크노상가,전통시장,서울특별시,,,
aff8c921e73df76ff126,full_annotation_v1,A,q_수산물_12,생선 손질해주는 곳,식료품 중 '수산물'을 판매·제공하는 매장,val,수산물,T4 구어·문장,016ddf29-de07-40e1-a642-8c2a45a6f19d,연희어시장,횟집,연희로 골목형상점가,골목형상점가,인천광역시,,,
f409ffa6031318da9a2f,full_annotation_v1,A,q_수산물_12,생선 손질해주는 곳,식료품 중 '수산물'을 판매·제공하는 매장,val,수산물,T4 구어·문장,026088db-87d4-434f-be2b-19543ce6d520,대구생선,생선,도원시장,전통시장,대구광역시,,,
91998a6f9291a7c167d4,full_annotation_v1,A,q_수산물_12,생선 손질해주는 곳,식료품 중 '수산물'을 판매·제공하는 매장,val,수산물,T4 구어·문장,00bd252b-19f9-4e9a-bf26-b45280bb84ae,선옥상회,생선,고성 공룡시장,전통시장,경상남도,,,
f817c31364aef18903ed,full_annotation_v1,A,q_수산물_12,생선 손질해주는 곳,식료품 중 '수산물'을 판매·제공하는 매장,val,수산물,T4 구어·문장,228aca59-d39d-4615-bcd4-83d083ba0940,일오삼수산,생선,창동신창시장,전통시장,서울특별시,,,
0897e25c9b8266b26ed8,full_annotation_v1,A,q_수산물_12,생선 손질해주는 곳,식료품 중 '수산물'을 판매·제공하는 매장,val,수산물,T4 구어·문장,00a40df6-e218-4c9e-951f-b2c1a3ee676e,영흥수산,생선,가락몰골목형상점가,골목형상점가,서울특별시,,,
c0d7b03b5510af94384f,full_annotation_v1,A,q_수산물_12,생선 손질해주는 곳,식료품 중 '수산물'을 판매·제공하는 매장,val,수산물,T4 구어·문장,9f8c5b2d-8b33-444e-a177-16386f656df3,부자생선,생선,망미중앙시장,전통시장,부산광역시,,,
61d1459d330e19af0e84,full_annotation_v1,A,q_수산물_12,생선 손질해주는 곳,식료품 중 '수산물'을 판매·제공하는 매장,val,수산물,T4 구어·문장,03cbd591-5ee7-4f9b-842e-8dc427925406,신흥상회,어물,상주중앙시장,전통시장,경상북도,,,
dfbfbc686247b8efcb05,full_annotation_v1,A,q_수산물_12,생선 손질해주는 곳,식료품 중 '수산물'을 판매·제공하는 매장,val,수산물,T4 구어·문장,c37443fe-d7f2-4eb2-b869-76f52e5d8ec0,다람G,여성의류,㈜르네시떼,전통시장,부산광역시,,,
04dd77da529030d8ab78,full_annotation_v1,A,q_수산물_12,생선 손질해주는 곳,식료품 중 '수산물'을 판매·제공하는 매장,val,수산물,T4 구어·문장,00e04e3d-cb00-4d64-a13d-a9c02f9a4fc8,대림수산,활어,자갈치시장,전통시장,부산광역시,,,
dff22dcdb04caf7f7e8d,full_annotation_v1,A,q_수산물_12,생선 손질해주는 곳,식료품 중 '수산물'을 판매·제공하는 매장,val,수산물,T4 구어·문장,ea842cca-abfa-484a-95e9-77811a3b4b6e,오늘생선,생선,자양전통시장,전통시장,서울특별시,,,
aa4d0546b9af3829a269,full_annotation_v1,A,q_수산물_12,생선 손질해주는 곳,식료품 중 '수산물'을 판매·제공하는 매장,val,수산물,T4 구어·문장,30d5afbc-fd4b-49bb-9e1c-2469652e5921,추씨어물점,어물,영천공설시장,전통시장,경상북도,,,
23813b33c23e31d2dcfc,full_annotation_v1,A,q_수산물_12,생선 손질해주는 곳,식료품 중 '수산물'을 판매·제공하는 매장,val,수산물,T4 구어·문장,00ac75c4-6e3f-4d23-8a6a-1dc8ba294b85,우진수산,"수산물, 활어",효자시장,전통시장,경상북도,,,
ace6be2bb796af67c0a8,full_annotation_v1,A,q_수산물_12,생선 손질해주는 곳,식료품 중 '수산물'을 판매·제공하는 매장,val,수산물,T4 구어·문장,c111ac9d-3f3a-405c-a8db-4d127ccda9e2,행복이 있는 곳,잡화,제주로얄쇼핑센터,자율상권구역,제주특별자치도,,,
07704dbbab3c00260a85,full_annotation_v1,A,q_수산물_12,생선 손질해주는 곳,식료품 중 '수산물'을 판매·제공하는 매장,val,수산물,T4 구어·문장,dbfbdbae-653d-4b39-a29f-289cd7dcb9e1,정은수산,생선,소래포구전통어시장,전통시장,인천광역시,,,
621ed82ae09999bf8746,full_annotation_v1,A,q_수산물_12,생선 손질해주는 곳,식료품 중 '수산물'을 판매·제공하는 매장,val,수산물,T4 구어·문장,f8fc5e56-d4db-4ef8-8b59-d37f6cad2e89,형제수산,생선,부천강남시장,전통시장,경기도,,,
45ecb55229696455dd8d,full_annotation_v1,A,q_수산물_12,생선 손질해주는 곳,식료품 중 '수산물'을 판매·제공하는 매장,val,수산물,T4 구어·문장,af3c7411-a48f-484c-bbd1-45aabbdac275,민지네 생선,생선,의정부제일시장,전통시장,경기도,,,
651581f9a82977bc9808,full_annotation_v1,A,q_수산물_12,생선 손질해주는 곳,식료품 중 '수산물'을 판매·제공하는 매장,val,수산물,T4 구어·문장,aed876fd-644f-4cdc-87ef-e8735c67faf2,어락생선구이,생선,관악중부시장골목형상점가,골목형상점가,서울특별시,,,
4322fe6bb824f48ea7b0,full_annotation_v1,A,q_수산물_12,생선 손질해주는 곳,식료품 중 '수산물'을 판매·제공하는 매장,val,수산물,T4 구어·문장,7a4d6ac6-0b03-46ca-9aa9-1ff9f5fdd72c,엄마생선,생선,역전시장 상점가,자율상권구역,대전광역시,,,
7f2d710292ebfd717d1e,full_annotation_v1,A,q_수산물_12,생선 손질해주는 곳,식료품 중 '수산물'을 판매·제공하는 매장,val,수산물,T4 구어·문장,4df38700-9e35-467e-8b54-b6930b806fa5,중앙생선,생선,길동복조리시장,전통시장,서울특별시,,,
f4cfc2a2bb345fac5a33,full_annotation_v1,A,q_수산물_12,생선 손질해주는 곳,식료품 중 '수산물'을 판매·제공하는 매장,val,수산물,T4 구어·문장,a38d4fe2-982b-4231-a320-69bc8d1210e5,삼득수산,생선,부전상가시장,전통시장,부산광역시,,,
310906b679163c2230ef,full_annotation_v1,A,q_수산물_12,생선 손질해주는 곳,식료품 중 '수산물'을 판매·제공하는 매장,val,수산물,T4 구어·문장,b81b16a7-303c-423a-8298-992107993bcb,생선총각,생선,대림골목시장,전통시장,서울특별시,,,
db748b700d5e99e75a40,full_annotation_v1,A,q_수산물_12,생선 손질해주는 곳,식료품 중 '수산물'을 판매·제공하는 매장,val,수산물,T4 구어·문장,de9107f2-186c-4fa4-82a2-6c4a765dba8a,남해수산,생선,진주 자유시장,전통시장,경상남도,,,
2aad49f0ebeeed328d0f,full_annotation_v1,A,q_수산물_12,생선 손질해주는 곳,식료품 중 '수산물'을 판매·제공하는 매장,val,수산물,T4 구어·문장,1f8c2988-2ede-4047-a51a-4d8a7d4c9317,살아있네 생선,생선,반송큰시장,전통시장,부산광역시,,,
1679c01aece4106572f2,full_annotation_v1,A,q_수산물_12,생선 손질해주는 곳,식료품 중 '수산물'을 판매·제공하는 매장,val,수산물,T4 구어·문장,10f8ecd1-8add-4648-b3d1-aaa46e61d761,동인수산,생선,진흥종합시장,전통시장,인천광역시,,,
5ea7f3b3cd973ed53bcc,full_annotation_v1,A,q_수산물_12,생선 손질해주는 곳,식료품 중 '수산물'을 판매·제공하는 매장,val,수산물,T4 구어·문장,aa6bb513-9676-414c-8a0a-b35a2d3f3ccb,지혜상회,활어,광안어패류시장,전통시장,부산광역시,,,
66827db7bf77d48d2523,full_annotation_v1,A,q_수산물_12,생선 손질해주는 곳,식료품 중 '수산물'을 판매·제공하는 매장,val,수산물,T4 구어·문장,29345061-11dc-46a5-92fa-963b19c984ab,생선밥상,생선,적성전통시장,전통시장,경기도,,,
2244ebbaf35dba8421bd,full_annotation_v1,A,q_수산물_12,생선 손질해주는 곳,식료품 중 '수산물'을 판매·제공하는 매장,val,수산물,T4 구어·문장,005429a3-030e-492f-973c-1d5842eeac56,미래횟집,활어,사천 삼천포용궁수산시장,전통시장,경상남도,,,
1ca6699671729fa60bb3,full_annotation_v1,A,q_수산물_12,생선 손질해주는 곳,식료품 중 '수산물'을 판매·제공하는 매장,val,수산물,T4 구어·문장,7632e453-2ddc-40f0-91db-64bb21a9bfc5,희야네 생선,생선,흥해시장,전통시장,경상북도,,,
0599f1e11013859b65bf,full_annotation_v1,A,q_수산물_12,생선 손질해주는 곳,식료품 중 '수산물'을 판매·제공하는 매장,val,수산물,T4 구어·문장,5e05f945-77d5-4a57-a86d-11fe574f69fd,바다수산,생선,정자시장,전통시장,경기도,,,
9e2705423d6b8932295b,full_annotation_v1,A,q_수산물_12,생선 손질해주는 곳,식료품 중 '수산물'을 판매·제공하는 매장,val,수산물,T4 구어·문장,b4b71091-33a9-4f00-824e-0c130cfc6e06,바다수산,생선,부천강남시장,전통시장,경기도,,,
f0d49e00c7e8ce52a3ad,full_annotation_v1,A,q_수산물_12,생선 손질해주는 곳,식료품 중 '수산물'을 판매·제공하는 매장,val,수산물,T4 구어·문장,ec06ffbd-bb0b-467e-883b-240281c72e5f,김씨수산,생선,인천종합어시장,전통시장,인천광역시,,,
2c8ce6885aa73da2ee94,full_annotation_v1,A,q_수산물_12,생선 손질해주는 곳,식료품 중 '수산물'을 판매·제공하는 매장,val,수산물,T4 구어·문장,79e636f9-0c0b-4b45-b85f-f384afcfd7fa,천지수산,도소매업(수산물),하남수산물전통시장,전통시장,경기도,,,
b61eacda06cc6465e928,full_annotation_v1,A,q_수산물_12,생선 손질해주는 곳,식료품 중 '수산물'을 판매·제공하는 매장,val,수산물,T4 구어·문장,0d1e5132-177c-499c-9470-0b2230c87597,권순희 생선,생선,안동구시장,전통시장,경상북도,,,
74d84ea10c98f4ae02ff,full_annotation_v1,A,q_수산물_12,생선 손질해주는 곳,식료품 중 '수산물'을 판매·제공하는 매장,val,수산물,T4 구어·문장,9c170291-2a2c-451a-bac4-42788e0b7369,밥상위에 생선,생선,대인시장,전통시장,광주광역시,,,
6c7f0ea91ff28366173f,full_annotation_v1,A,q_수산물_12,생선 손질해주는 곳,식료품 중 '수산물'을 판매·제공하는 매장,val,수산물,T4 구어·문장,0a96cc83-9889-429e-9444-8de5291bc8d9,예주수산,생선,영해만세시장(구 영해시장),전통시장,경상북도,,,
5265a5b7d5a90ad86044,full_annotation_v1,A,q_수산물_12,생선 손질해주는 곳,식료품 중 '수산물'을 판매·제공하는 매장,val,수산물,T4 구어·문장,004d071d-dda6-41e4-9fcb-7c74c8f8ef0f,영남상회,건어물,수영팔도시장(구 수영팔도상가시장),전통시장,부산광역시,,,
00e39a8c6e3b4c66c46a,full_annotation_v1,A,q_수산물_12,생선 손질해주는 곳,식료품 중 '수산물'을 판매·제공하는 매장,val,수산물,T4 구어·문장,0016aa1a-5730-45a0-b427-06b0f51fc005,든든한밥상,농수산물,화산면 골목형상점가,골목형상점가,전라남도,,,
9b75aa5b03ebd1c93ffc,full_annotation_v1,A,q_수산물_12,생선 손질해주는 곳,식료품 중 '수산물'을 판매·제공하는 매장,val,수산물,T4 구어·문장,05e31848-bfa9-467c-af35-f74a54101a40,남해수산,생선,청량리수산시장,전통시장,서울특별시,,,
44b4dfa0d708d0f94659,full_annotation_v1,A,q_수산물_12,생선 손질해주는 곳,식료품 중 '수산물'을 판매·제공하는 매장,val,수산물,T4 구어·문장,0c7008da-69b1-433b-baab-e546f219721d,재환A,생선,청량리수산시장,전통시장,서울특별시,,,
fde9273d94c182aa6b2d,full_annotation_v1,A,q_수산물_12,생선 손질해주는 곳,식료품 중 '수산물'을 판매·제공하는 매장,val,수산물,T4 구어·문장,005eb589-94b0-4a7e-b4e4-ef8cf64b0762,스시쿄다이,일식,동홍8번가 골목형상점가,골목형상점가,제주특별자치도,,,
8949b676c59b032f8549,full_annotation_v1,A,q_수산물_12,생선 손질해주는 곳,식료품 중 '수산물'을 판매·제공하는 매장,val,수산물,T4 구어·문장,038f89c5-a204-4c80-9e31-9d22a3ba4c95,연스시,초밥,노은역 골목형상점가,골목형상점가,대전광역시,,,
3017ddbf9c503f945327,full_annotation_v1,A,q_수산물_12,생선 손질해주는 곳,식료품 중 '수산물'을 판매·제공하는 매장,val,수산물,T4 구어·문장,0004c5f7-95e0-45be-9f06-a705b8113ff0,의창수협67번중도매인,활어,진해 용원어시장상점가,자율상권구역,경상남도,,,
b47f07b1b1659c9791d9,full_annotation_v1,A,q_수산물_12,생선 손질해주는 곳,식료품 중 '수산물'을 판매·제공하는 매장,val,수산물,T4 구어·문장,010c1855-b46f-4e37-b975-8115c4249b0f,용궁횟집,,자갈치시장,전통시장,부산광역시,,,
5386a18c5593899d163d,full_annotation_v1,A,q_수산물_12,생선 손질해주는 곳,식료품 중 '수산물'을 판매·제공하는 매장,val,수산물,T4 구어·문장,00356e71-7b15-4a42-be60-f232011707b8,유한회사 덕재건재,건어물,가락몰골목형상점가,골목형상점가,서울특별시,,,
4c6ecba49bac1aeccf4d,full_annotation_v1,A,q_수산물_12,생선 손질해주는 곳,식료품 중 '수산물'을 판매·제공하는 매장,val,수산물,T4 구어·문장,00cd5dee-c068-48da-bc58-a704d5fe8832,윤석수산,수산물 활어회 생선 게종류 젓갈 갑각류 해산물 등등,대공원시장,전통시장,대구광역시,,,
692923ebf3ac906122af,full_annotation_v1,A,q_수산물_12,생선 손질해주는 곳,식료품 중 '수산물'을 판매·제공하는 매장,val,수산물,T4 구어·문장,58e2e518-365f-4328-ac51-191cebab06a2,현대가구프라자,가구,학성가구거리 상점가,자율상권구역,울산광역시,,,
77a60450043a60d6575c,full_annotation_v1,A,q_수산물_12,생선 손질해주는 곳,식료품 중 '수산물'을 판매·제공하는 매장,val,수산물,T4 구어·문장,764c37b8-c4f5-4ebd-8308-9edae87897bb,훈이네 생선,생선,청주육거리종합시장,전통시장,충청북도,,,
c8724f847d186387dac7,full_annotation_v1,A,q_수산물_12,생선 손질해주는 곳,식료품 중 '수산물'을 판매·제공하는 매장,val,수산물,T4 구어·문장,7873a7fa-ee6a-471b-8e5c-9a4047a9cfff,남해수산,생선,양산 덕계종합상설시장,전통시장,경상남도,,,
fba5291280a9ecd6fdf9,full_annotation_v1,A,q_수산물_12,생선 손질해주는 곳,식료품 중 '수산물'을 판매·제공하는 매장,val,수산물,T4 구어·문장,69343e42-7e0f-4d37-ad8c-70247ea8c7d5,한양생선,생선,충주무학시장,전통시장,충청북도,,,
603a08c4f9cbfa142361,full_annotation_v1,A,q_수산물_12,생선 손질해주는 곳,식료품 중 '수산물'을 판매·제공하는 매장,val,수산물,T4 구어·문장,0027eaf6-093b-4df4-9457-4f1081537ff3,충무꼭지횟집,횟집,초량전통시장,전통시장,부산광역시,,,
26b39b1deeb1a3cd7528,full_annotation_v1,A,q_수산물_12,생선 손질해주는 곳,식료품 중 '수산물'을 판매·제공하는 매장,val,수산물,T4 구어·문장,1390b4f5-bf4e-4187-a276-51180eadd875,으뜸생선,생선,내토전통시장,전통시장,충청북도,,,
4efed1128c9a58cbefe9,full_annotation_v1,A,q_수산물_12,생선 손질해주는 곳,식료품 중 '수산물'을 판매·제공하는 매장,val,수산물,T4 구어·문장,013d58c8-33f8-4dbe-95de-801d22ea9505,민영활어공장 부천자유시장점,"회, 초밥",부천자유시장,전통시장,경기도,,,
f06b07cef7dd9854abe8,full_annotation_v1,A,q_수산물_12,생선 손질해주는 곳,식료품 중 '수산물'을 판매·제공하는 매장,val,수산물,T4 구어·문장,007aece5-08b8-4eb0-b4c6-18d451eadcfd,영남상회,건어물,동쪽바다중앙시장(구 동해중앙시장),전통시장,강원특별자치도,,,
521dc20207eaa2487179,full_annotation_v1,A,q_수산물_12,생선 손질해주는 곳,식료품 중 '수산물'을 판매·제공하는 매장,val,수산물,T4 구어·문장,30dc8796-40cd-4c5b-880c-658ec9ad53ad,노들수산,생선,노량진수산시장골목형상점가,골목형상점가,서울특별시,,,
8a7cf808351d456e5530,full_annotation_v1,A,q_수산물_12,생선 손질해주는 곳,식료품 중 '수산물'을 판매·제공하는 매장,val,수산물,T4 구어·문장,0d787e3b-c8db-4109-9454-b50d724cb25f,정현생선,생선,익산북부시장,전통시장,전북특별자치도,,,
13836e1c023a33f29ea7,full_annotation_v1,A,q_수산물_12,생선 손질해주는 곳,식료품 중 '수산물'을 판매·제공하는 매장,val,수산물,T4 구어·문장,bbdcf128-a5a7-4eb5-afd5-303a877102dc,동해수산,생선,남성사계시장,전통시장,서울특별시,,,
196910a6017cce67cbb9,full_annotation_v1,A,q_수산물_12,생선 손질해주는 곳,식료품 중 '수산물'을 판매·제공하는 매장,val,수산물,T4 구어·문장,af79d01b-f150-43f5-bfd6-c35c12d5877e,달성상회,생선,관문상가시장,전통시장,대구광역시,,,
8a4c347e746433b75d0b,full_annotation_v1,A,q_수산물_12,생선 손질해주는 곳,식료품 중 '수산물'을 판매·제공하는 매장,val,수산물,T4 구어·문장,9cb15ad5-0b34-41d1-8225-d709b970368e,부자생선,생선,정이있는 구포시장,전통시장,부산광역시,,,
7cfa4c3c6becc3adc159,full_annotation_v1,A,q_수산물_12,생선 손질해주는 곳,식료품 중 '수산물'을 판매·제공하는 매장,val,수산물,T4 구어·문장,00f60c16-d8be-497f-80f2-aab3209a8d0e,포카포카,식당,전남여고후문 골목형상점가,골목형상점가,광주광역시,,,
33cccbde1c839096c9f2,full_annotation_v1,A,q_수산물_12,생선 손질해주는 곳,식료품 중 '수산물'을 판매·제공하는 매장,val,수산물,T4 구어·문장,f0ea5168-b768-4469-b4b3-a3c94fa61ee8,충남집,,원주자유시장,전통시장,강원특별자치도,,,
b6a7d441801c3d67b48d,full_annotation_v1,A,q_수산물_12,생선 손질해주는 곳,식료품 중 '수산물'을 판매·제공하는 매장,val,수산물,T4 구어·문장,14e876ec-6474-4640-ab63-1a3d40397199,고향생선,생선,장량성도시장,전통시장,경상북도,,,
e1247684543975e84b7f,full_annotation_v1,A,q_수산물_12,생선 손질해주는 곳,식료품 중 '수산물'을 판매·제공하는 매장,val,수산물,T4 구어·문장,000d55be-8181-4f45-827e-52082b2ae284,명희유통,건어물,성북시장,전통시장,부산광역시,,,
619edb4f77a796114441,full_annotation_v1,A,q_수산물_12,생선 손질해주는 곳,식료품 중 '수산물'을 판매·제공하는 매장,val,수산물,T4 구어·문장,8413497a-62cf-4959-a40f-eaba357e72cf,입실생선,생선,외동시장,전통시장,경상북도,,,
4f66a11840c7cae9eeae,full_annotation_v1,A,q_수산물_12,생선 손질해주는 곳,식료품 중 '수산물'을 판매·제공하는 매장,val,수산물,T4 구어·문장,684f1e8d-56c9-4119-b205-763c289962c9,영미네 생선,생선,대전정원시장,전통시장,대전광역시,,,
94cfd611612fea56fb6d,full_annotation_v1,A,q_수산물_12,생선 손질해주는 곳,식료품 중 '수산물'을 판매·제공하는 매장,val,수산물,T4 구어·문장,156c17f7-7a57-47b8-bec1-0d2fd58979b6,남해수산,생선,부전상가시장,전통시장,부산광역시,,,
e635cd07600b082f5978,full_annotation_v1,A,q_수산물_12,생선 손질해주는 곳,식료품 중 '수산물'을 판매·제공하는 매장,val,수산물,T4 구어·문장,4014e8a4-4138-4c89-922c-ad97518dac48,영선네 생선,생선,대전정원시장,전통시장,대전광역시,,,
ea01c635adb363e6b91d,full_annotation_v1,A,q_수산물_12,생선 손질해주는 곳,식료품 중 '수산물'을 판매·제공하는 매장,val,수산물,T4 구어·문장,3526958d-da64-4c90-a75c-c55162fbe0d3,최씨어물전,,영천공설시장,전통시장,경상북도,,,
f78b4c83acc83dc70174,full_annotation_v1,A,q_수산물_12,생선 손질해주는 곳,식료품 중 '수산물'을 판매·제공하는 매장,val,수산물,T4 구어·문장,e06d0863-a248-4088-98b0-f121aa24d047,생선 (소문난수산),생선,조원시장,전통시장,경기도,,,
0885fb7436d5436d2213,full_annotation_v1,A,q_수산물_12,생선 손질해주는 곳,식료품 중 '수산물'을 판매·제공하는 매장,val,수산물,T4 구어·문장,0333f16c-ff56-4e80-a1c7-dd77a81300df,로봇초밥마켓 과천래미안점,초밥,과천슈르탑 골목형상점가,골목형상점가,경기도,,,
a5111631b65fa1c13fb1,full_annotation_v1,A,q_수산물_12,생선 손질해주는 곳,식료품 중 '수산물'을 판매·제공하는 매장,val,수산물,T4 구어·문장,f632b825-195d-48b6-a024-82a5d1546f7f,형제생선,생선,용산종합큰시장,전통시장,대구광역시,,,
081ad7e8660cdebea2c3,full_annotation_v1,A,q_수산물_12,생선 손질해주는 곳,식료품 중 '수산물'을 판매·제공하는 매장,val,수산물,T4 구어·문장,6c87240d-e4a3-4469-8c49-b5c07a0de2fc,남해수산,생선,중곡제일골목시장(중곡제일전통시장),전통시장,서울특별시,,,
8ae976d6fd3a4dbfacd0,full_annotation_v1,A,q_수산물_12,생선 손질해주는 곳,식료품 중 '수산물'을 판매·제공하는 매장,val,수산물,T4 구어·문장,e553b2cf-0c4e-4396-8f34-25679e77b48a,"고양이, 생선",생선,원주중앙로문화의거리,자율상권구역,강원특별자치도,,,
fc69e4b2b65727bf983f,full_annotation_v1,A,q_수산물_12,생선 손질해주는 곳,식료품 중 '수산물'을 판매·제공하는 매장,val,수산물,T4 구어·문장,001ec0bf-0eda-4aa8-8efc-a90930649cf5,원프룻,농수산물,정이있는 구포시장,전통시장,부산광역시,,,
17c2d1ff9d8a1544e75d,full_annotation_v1,A,q_수산물_12,생선 손질해주는 곳,식료품 중 '수산물'을 판매·제공하는 매장,val,수산물,T4 구어·문장,40b5cc4d-87a5-4b51-9422-011351c0a7a5,보성수산,생선,전주신중앙시장(구 중앙버드나무시장),전통시장,전북특별자치도,,,
bb8e94230ddcb1db6d21,full_annotation_v1,A,q_수산물_12,생선 손질해주는 곳,식료품 중 '수산물'을 판매·제공하는 매장,val,수산물,T4 구어·문장,d5081fbf-786f-4fe6-8989-79424266c776,손씨생선,생선,언양알프스시장,전통시장,울산광역시,,,
7fb424127f785f6954a2,full_annotation_v1,A,q_수산물_12,생선 손질해주는 곳,식료품 중 '수산물'을 판매·제공하는 매장,val,수산물,T4 구어·문장,002e7e87-5677-44ca-85c4-9e5b87e7994f,한양수산,생선,안중시장,전통시장,경기도,,,
d28cf8d685d347731d3b,full_annotation_v1,A,q_수산물_12,생선 손질해주는 곳,식료품 중 '수산물'을 판매·제공하는 매장,val,수산물,T4 구어·문장,311c9a7b-d24a-48bc-aa98-20ca64ae8f56,왕십리야채곱창,곱창,태봉마을 골목형상점가,골목형상점가,경기도,,,
4d7c0185d2b99fbe22cf,full_annotation_v1,A,q_수산물_12,생선 손질해주는 곳,식료품 중 '수산물'을 판매·제공하는 매장,val,수산물,T4 구어·문장,01afaafa-2a46-4977-8015-55762957ee7a,다래초밥,초밥,동문동 골목형상점가,골목형상점가,충청남도,,,
9d5bd65c04124b0bd47e,full_annotation_v1,A,q_수산물_12,생선 손질해주는 곳,식료품 중 '수산물'을 판매·제공하는 매장,val,수산물,T4 구어·문장,979fe1f9-263b-4f1b-af34-2e0629ad4a8c,호계생선,생선,호계공설시장,전통시장,울산광역시,,,
511063e8635f1d1b716b,full_annotation_v1,A,q_수산물_12,생선 손질해주는 곳,식료품 중 '수산물'을 판매·제공하는 매장,val,수산물,T4 구어·문장,00527b0b-893c-4d64-862e-3ef8113d07fb,해선언니네,건어물,용상공설시장,전통시장,경상북도,,,
d0079934e051bbbce3a2,full_annotation_v1,A,q_수산물_12,생선 손질해주는 곳,식료품 중 '수산물'을 판매·제공하는 매장,val,수산물,T4 구어·문장,f06ccfff-aff4-48e2-a0d9-9ca2ad9406cf,인권이네,생선,소래포구전통어시장,전통시장,인천광역시,,,
f8fa643793b2ecb43dc0,full_annotation_v1,A,q_수산물_12,생선 손질해주는 곳,식료품 중 '수산물'을 판매·제공하는 매장,val,수산물,T4 구어·문장,00cc4859-307a-43ef-9654-2f6aa6fc404d,서산상회,생선,노량진수산시장골목형상점가,골목형상점가,서울특별시,,,
a23cfd1c8854c6b2ebc0,full_annotation_v1,A,q_수산물_12,생선 손질해주는 곳,식료품 중 '수산물'을 판매·제공하는 매장,val,수산물,T4 구어·문장,71f97da8-0779-4b70-bf8a-00c0494ffd4d,수옥생선,생선,광장시장,전통시장,서울특별시,,,
b563890a08773ce6eb8e,full_annotation_v1,A,q_수산물_12,생선 손질해주는 곳,식료품 중 '수산물'을 판매·제공하는 매장,val,수산물,T4 구어·문장,1b2cbb33-3f6d-47f8-a90c-72be96803eef,바다수산,생선,서귀포매일올레시장,전통시장,제주특별자치도,,,
7902bff7faabd1d74c18,full_annotation_v1,A,q_수산물_12,생선 손질해주는 곳,식료품 중 '수산물'을 판매·제공하는 매장,val,수산물,T4 구어·문장,68341571-a8c0-4fa5-9d92-e0d044f27890,안씨생선,생선,도마큰시장,전통시장,대전광역시,,,
2a4ac8c5522bc28ac40d,full_annotation_v1,A,q_수산물_12,생선 손질해주는 곳,식료품 중 '수산물'을 판매·제공하는 매장,val,수산물,T4 구어·문장,c59633f8-025c-4dad-bd64-a9bac4c74fd3,도계생선,생선,창원 도계부부시장,전통시장,경상남도,,,
bfada46d13171491cc03,full_annotation_v1,A,q_수산물_12,생선 손질해주는 곳,식료품 중 '수산물'을 판매·제공하는 매장,val,수산물,T4 구어·문장,2968e10b-5cb2-4ee3-998a-00cd13bdff2d,중앙생선,생선,전주신중앙시장(구 중앙버드나무시장),전통시장,전북특별자치도,,,
37ade2522af00102ec42,full_annotation_v1,A,q_수산물_12,생선 손질해주는 곳,식료품 중 '수산물'을 판매·제공하는 매장,val,수산물,T4 구어·문장,478e7c93-4630-44d7-8456-728ba83d05bb,대풍수산21호,생선,감포시장,전통시장,경상북도,,,
b4f573c0e0d298f2219e,full_annotation_v1,A,q_수산물_12,생선 손질해주는 곳,식료품 중 '수산물'을 판매·제공하는 매장,val,수산물,T4 구어·문장,fbe454d9-addf-4d07-abb9-e030eb1b3472,중앙생선,생선,내토전통시장,전통시장,충청북도,,,
f921a7d77af8224eca9a,full_annotation_v1,A,q_수산물_12,생선 손질해주는 곳,식료품 중 '수산물'을 판매·제공하는 매장,val,수산물,T4 구어·문장,512effaa-eff9-47bd-8665-687c2ca48ced,창운횟집,생선,금당상가,자율상권구역,전라남도,,,
8a73d9933b420be8890f,full_annotation_v1,A,q_수산물_12,생선 손질해주는 곳,식료품 중 '수산물'을 판매·제공하는 매장,val,수산물,T4 구어·문장,f53026ad-fcfc-49b6-993f-59fee6db99ce,대성상회,신발,부산자유시장,전통시장,부산광역시,,,
27bfbdf114210603651c,full_annotation_v1,A,q_수산물_12,생선 손질해주는 곳,식료품 중 '수산물'을 판매·제공하는 매장,val,수산물,T4 구어·문장,00298213-17ea-453a-b6e6-375d9ef636b6,대양농수산,농수산물,부평깡시장,전통시장,인천광역시,,,
e6cbda306c36c0971aa2,full_annotation_v1,A,q_수산물_12,생선 손질해주는 곳,식료품 중 '수산물'을 판매·제공하는 매장,val,수산물,T4 구어·문장,7b0d92fa-878d-49c8-a904-56794f8ffa88,바다수산,생선,아랫장,전통시장,전라남도,,,
ad8826ea8ee0b812daba,full_annotation_v1,A,q_수산물_12,생선 손질해주는 곳,식료품 중 '수산물'을 판매·제공하는 매장,val,수산물,T4 구어·문장,2140fab0-4116-4367-acfd-a563698d2ecd,김천자갈치,생선,김천평화시장,전통시장,경상북도,,,
c82dfa3af5566ac53f04,full_annotation_v1,A,q_수산물_12,생선 손질해주는 곳,식료품 중 '수산물'을 판매·제공하는 매장,val,수산물,T4 구어·문장,76a3551b-dae4-4326-92cc-662015aedbfb,쉴 곳,한식,칠성로상점가,자율상권구역,제주특별자치도,,,
90e90e309d28724fc103,full_annotation_v1,A,q_수산물_12,생선 손질해주는 곳,식료품 중 '수산물'을 판매·제공하는 매장,val,수산물,T4 구어·문장,ace46cb4-4669-4cad-8223-c3412d5d7b5c,살아있네 생선,생선,반여2동상가시장,전통시장,부산광역시,,,
8553288e6e4639b6e09d,full_annotation_v1,A,q_수산물_12,생선 손질해주는 곳,식료품 중 '수산물'을 판매·제공하는 매장,val,수산물,T4 구어·문장,009fbffe-11b3-4eba-b65a-696f4f59f079,인어횟집,횟집,목포북항상점가,자율상권구역,전라남도,,,
0ba6a33f7f21542237e5,full_annotation_v1,A,q_수산물_12,생선 손질해주는 곳,식료품 중 '수산물'을 판매·제공하는 매장,val,수산물,T4 구어·문장,a4bb726c-6753-42a5-801b-6874e6b657bc,충청도상회,수산물,광안어패류시장,전통시장,부산광역시,,,
585469baaad2c5468c2c,full_annotation_v1,A,q_수산물_12,생선 손질해주는 곳,식료품 중 '수산물'을 판매·제공하는 매장,val,수산물,T4 구어·문장,7c7eb5fd-9756-4fa2-95f1-e8a14cc52cf2,남해수산,생선,동부시장,전통시장,인천광역시,,,
5f1aad77298d6c79422d,full_annotation_v1,A,q_수산물_12,생선 손질해주는 곳,식료품 중 '수산물'을 판매·제공하는 매장,val,수산물,T4 구어·문장,4d517883-cd1a-4697-962e-fda3120ea936,바다수산,생선,삼성동시장,기타,서울특별시,,,
8dcdecfa121b0715d128,full_annotation_v1,A,q_수산물_12,생선 손질해주는 곳,식료품 중 '수산물'을 판매·제공하는 매장,val,수산물,T4 구어·문장,bdc36a36-8257-4323-bcfd-82fa238434f3,이쁜이네 생선,생선,수영팔도시장(구 수영팔도상가시장),전통시장,부산광역시,,,
0d51f39fd5b2f3c3b322,full_annotation_v1,A,q_수산물_12,생선 손질해주는 곳,식료품 중 '수산물'을 판매·제공하는 매장,val,수산물,T4 구어·문장,702b80bd-a1a5-46af-a7e8-2296bc752468,바다수산,생선,마포농수산물시장,전통시장,서울특별시,,,
ce983da0150a16fbb0b1,full_annotation_v1,A,q_수산물_12,생선 손질해주는 곳,식료품 중 '수산물'을 판매·제공하는 매장,val,수산물,T4 구어·문장,20100a95-1ce6-4c37-bc08-f4be6a07c590,동해수산,생선,대왕암 월봉시장,전통시장,울산광역시,,,
baaf25b79c8317f5bacf,full_annotation_v1,A,q_수산물_12,생선 손질해주는 곳,식료품 중 '수산물'을 판매·제공하는 매장,val,수산물,T4 구어·문장,333fa307-f61c-45a8-a79b-93fff676095e,대명어물,어물,서귀포향토오일시장,전통시장,제주특별자치도,,,
85ade93988ea02e378a0,full_annotation_v1,A,q_수산물_12,생선 손질해주는 곳,식료품 중 '수산물'을 판매·제공하는 매장,val,수산물,T4 구어·문장,5303e260-98ca-4280-84bd-8863e8aec888,동해수산,생선,용상공설시장,전통시장,경상북도,,,
ee8c913770f5b53fbeb1,full_annotation_v1,A,q_수산물_12,생선 손질해주는 곳,식료품 중 '수산물'을 판매·제공하는 매장,val,수산물,T4 구어·문장,009b69b5-365a-4958-87e7-f224f253b92a,동문올레횟집,횟집,동문수산시장,전통시장,제주특별자치도,,,
b8e79560a1572b1759d8,full_annotation_v1,A,q_수산물_12,생선 손질해주는 곳,식료품 중 '수산물'을 판매·제공하는 매장,val,수산물,T4 구어·문장,92253f21-b696-4661-9b5d-6fc46e7009c4,여수네 마른 생선,생선,(주)여수수산시장,전통시장,전라남도,,,
6edb54cd8f1682bdba99,full_annotation_v1,A,q_수산물_12,생선 손질해주는 곳,식료품 중 '수산물'을 판매·제공하는 매장,val,수산물,T4 구어·문장,953ed9b3-f83c-44fc-a678-79ff5b733cd2,누리수산,생선,순천역전시장,전통시장,전라남도,,,
5eee005e4e73ebc4a8e9,full_annotation_v1,A,q_수산물_12,생선 손질해주는 곳,식료품 중 '수산물'을 판매·제공하는 매장,val,수산물,T4 구어·문장,c46d297a-d4ea-4762-a168-b5e841430aed,수현생선,생선,좌동재래시장,전통시장,부산광역시,,,
bcb16a9100d443d2f14d,full_annotation_v1,A,q_수산물_12,생선 손질해주는 곳,식료품 중 '수산물'을 판매·제공하는 매장,val,수산물,T4 구어·문장,004032ef-2ae7-4e97-ac30-b12a0869e930,시장횟집,횟집,광양매일시장(광양상설시장),전통시장,전라남도,,,
544757fdb127d059315f,full_annotation_v1,A,q_수산물_12,생선 손질해주는 곳,식료품 중 '수산물'을 판매·제공하는 매장,val,수산물,T4 구어·문장,ee85b2d6-415e-454a-b723-690a562ff040,바다수산,생선,하양꿈바우시장,전통시장,경상북도,,,
537c70cf3c8fc890e28c,full_annotation_v1,A,q_수산물_12,생선 손질해주는 곳,식료품 중 '수산물'을 판매·제공하는 매장,val,수산물,T4 구어·문장,00ba389b-e522-4da5-ac26-2ffaf33359ec,스시노유키,초밥,산본로데오거리(구 산본중심상가),자율상권구역,경기도,,,
37e4f7ebe5aab350ee31,full_annotation_v1,A,q_수산물_12,생선 손질해주는 곳,식료품 중 '수산물'을 판매·제공하는 매장,val,수산물,T4 구어·문장,6ac28eea-2dcf-457a-b595-5e1bb8c4aba7,주공생선,생선,월촌역시장(구 송현주공시장),전통시장,대구광역시,,,
12ffe0dc0b0822d95c98,full_annotation_v1,A,q_수산물_12,생선 손질해주는 곳,식료품 중 '수산물'을 판매·제공하는 매장,val,수산물,T4 구어·문장,a83174a2-5cfd-4c4b-8316-978ac6c905d2,오늘의 생선,생선,원미부흥시장,전통시장,경기도,,,
f19c04d6626468d9f301,full_annotation_v1,A,q_수산물_12,생선 손질해주는 곳,식료품 중 '수산물'을 판매·제공하는 매장,val,수산물,T4 구어·문장,24456103-f6b8-46af-8655-82e61d7265d8,커피가 머무르는 곳,커피,반드레길골목형상점가,골목형상점가,서울특별시,,,
552a59ebce7ee69a707b,full_annotation_v1,A,q_수산물_12,생선 손질해주는 곳,식료품 중 '수산물'을 판매·제공하는 매장,val,수산물,T4 구어·문장,2743811c-5e71-4d2b-aa75-1b0147d44f2d,사우 꽃이 피는 곳,꽃,김포 풍년마을 골목형상점가,골목형상점가,경기도,,,
e80d1b92b1034dda5bdd,full_annotation_v1,A,q_수산물_12,생선 손질해주는 곳,식료품 중 '수산물'을 판매·제공하는 매장,val,수산물,T4 구어·문장,6a868f1a-5670-4d9c-a5de-a898b4397231,향이네 꼬마김밥,김밥,강릉서부시장,전통시장,강원특별자치도,,,
b33a438c3fa3d2c971fc,full_annotation_v1,A,q_수산물_12,생선 손질해주는 곳,식료품 중 '수산물'을 판매·제공하는 매장,val,수산물,T4 구어·문장,fc0e691c-1927-430c-a91e-47b042345499,김자숙,생선,㈜여수수산물특화시장,전통시장,전라남도,,,
c26633d3d46a4eb713fe,full_annotation_v1,A,q_수산물_12,생선 손질해주는 곳,식료품 중 '수산물'을 판매·제공하는 매장,val,수산물,T4 구어·문장,43b10902-78a2-403a-a1d7-3f9828313675,바다수산,생선,부안상설시장,전통시장,전북특별자치도,,,
036aca95faa5737bea4e,full_annotation_v1,A,q_수산물_12,생선 손질해주는 곳,식료품 중 '수산물'을 판매·제공하는 매장,val,수산물,T4 구어·문장,95d916b2-2191-4a81-93d8-909608356f38,진실이네 생선,생선 회,장안마실골목형상점가,골목형상점가,서울특별시,,,
4bda62763c66f24fa8ee,full_annotation_v1,A,q_수산물_12,생선 손질해주는 곳,식료품 중 '수산물'을 판매·제공하는 매장,val,수산물,T4 구어·문장,244baf8f-28eb-4271-8d5d-cb874d69cf6d,남정상회,잡화,부산국제시장,전통시장,부산광역시,,,
ab36bf230969bd228893,full_annotation_v1,A,q_수산물_12,생선 손질해주는 곳,식료품 중 '수산물'을 판매·제공하는 매장,val,수산물,T4 구어·문장,0130dbd3-b9ea-43f4-98fd-26d8afd90b78,모래내시장순대,식당,전주모래내시장,전통시장,전북특별자치도,,,
e3b53335a78f082e63b1,full_annotation_v1,A,q_수산물_13,수산물 사는 데,식료품 중 '수산물'을 판매·제공하는 매장,val,수산물,T4 구어·문장,c74e3b87-89db-4284-be87-ffaf30cb0001,회#,수산물,당진전통시장,전통시장,충청남도,,,
3ee64f17e73f4f6f424f,full_annotation_v1,A,q_수산물_13,수산물 사는 데,식료품 중 '수산물'을 판매·제공하는 매장,val,수산물,T4 구어·문장,aba76fc2-984e-4030-ba01-e2e7d78264c7,데 아로즈 대전둔산본점,,갈리단길 골목형상점가,골목형상점가,대전광역시,,,
a95492f2f2707f61f5f4,full_annotation_v1,A,q_수산물_13,수산물 사는 데,식료품 중 '수산물'을 판매·제공하는 매장,val,수산물,T4 구어·문장,23c3af81-9348-4baf-998b-66077ae4b276,수산킹,수산물,망원동월드컵시장,전통시장,서울특별시,,,
d9dfeaa9dc88dea2b9a3,full_annotation_v1,A,q_수산물_13,수산물 사는 데,식료품 중 '수산물'을 판매·제공하는 매장,val,수산물,T4 구어·문장,1afbf2ad-4511-4dd9-aaa1-c7717a2e753a,참수산,수산물,씨푸드타운 일반상가상인회 골목형상점가,골목형상점가,전라남도,,,
cb425388bfe33aa30c75,full_annotation_v1,A,q_수산물_13,수산물 사는 데,식료품 중 '수산물'을 판매·제공하는 매장,val,수산물,T4 구어·문장,3df9f64c-cd9a-478a-8c8e-ca2827ef16ba,바다수산,수산물,구미새마을중앙시장,전통시장,경상북도,,,
7395ae0d7a258690ab1e,full_annotation_v1,A,q_수산물_13,수산물 사는 데,식료품 중 '수산물'을 판매·제공하는 매장,val,수산물,T4 구어·문장,b2c3c0d1-226c-470a-b3bd-d6dfa32fbd20,진성수산,수산물,김해 장유전통시장,전통시장,경상남도,,,
ab28e3679217794755d2,full_annotation_v1,A,q_수산물_13,수산물 사는 데,식료품 중 '수산물'을 판매·제공하는 매장,val,수산물,T4 구어·문장,00a0d437-836b-453d-b15e-55fbf7dc8460,대박수산,생선,청주육거리종합시장,전통시장,충청북도,,,
4d12a3e9b0b617e535c3,full_annotation_v1,A,q_수산물_13,수산물 사는 데,식료품 중 '수산물'을 판매·제공하는 매장,val,수산물,T4 구어·문장,88d7866f-f6f5-45ea-8daa-2b8f59b25775,형제수산,수산물,소래포구전통어시장,전통시장,인천광역시,,,
599df2bfb9d05b35372c,full_annotation_v1,A,q_수산물_13,수산물 사는 데,식료품 중 '수산물'을 판매·제공하는 매장,val,수산물,T4 구어·문장,69a48bb9-32c7-4cac-b60b-36fa6f034e26,새상주청과,과일,상주남성시장,전통시장,경상북도,,,
746218114d48e779dbfb,full_annotation_v1,A,q_수산물_13,수산물 사는 데,식료품 중 '수산물'을 판매·제공하는 매장,val,수산물,T4 구어·문장,00ac75c4-6e3f-4d23-8a6a-1dc8ba294b85,우진수산,"수산물, 활어",효자시장,전통시장,경상북도,,,
c34598625db0058ba6f4,full_annotation_v1,A,q_수산물_13,수산물 사는 데,식료품 중 '수산물'을 판매·제공하는 매장,val,수산물,T4 구어·문장,02faca98-629e-48a7-b384-f1efb6b03b0c,갈목수산,수산물,서천특화시장,전통시장,충청남도,,,
d1d9656717b96ca25fe8,full_annotation_v1,A,q_수산물_13,수산물 사는 데,식료품 중 '수산물'을 판매·제공하는 매장,val,수산물,T4 구어·문장,001ec0bf-0eda-4aa8-8efc-a90930649cf5,원프룻,농수산물,정이있는 구포시장,전통시장,부산광역시,,,
e241c1c10fb8b68c9b7e,full_annotation_v1,A,q_수산물_13,수산물 사는 데,식료품 중 '수산물'을 판매·제공하는 매장,val,수산물,T4 구어·문장,7189a33b-0dde-457f-a50d-7fccae839de3,완도수산,수산물,영천시장,전통시장,서울특별시,,,
6a1b45fb9ecaff4de9f2,full_annotation_v1,A,q_수산물_13,수산물 사는 데,식료품 중 '수산물'을 판매·제공하는 매장,val,수산물,T4 구어·문장,005429a3-030e-492f-973c-1d5842eeac56,미래횟집,활어,사천 삼천포용궁수산시장,전통시장,경상남도,,,
1f1921d4c7198b71ccfe,full_annotation_v1,A,q_수산물_13,수산물 사는 데,식료품 중 '수산물'을 판매·제공하는 매장,val,수산물,T4 구어·문장,6a908846-015a-4c9f-aeb9-04b9670d937d,형제수산,수산물,부천상동시장,전통시장,경기도,,,
1af5c2e38b2da3ae63f8,full_annotation_v1,A,q_수산물_13,수산물 사는 데,식료품 중 '수산물'을 판매·제공하는 매장,val,수산물,T4 구어·문장,0019e966-8007-4603-957c-4e9adcd1f05a,부남수산,수산물,서산동부전통시장,전통시장,충청남도,,,
bb9fe4e8ac10101ba9a4,full_annotation_v1,A,q_수산물_13,수산물 사는 데,식료품 중 '수산물'을 판매·제공하는 매장,val,수산물,T4 구어·문장,bbe684a3-81cc-4205-b59a-f6524aeeaa40,나나수산,수산물,서부시장(서부재래시장),전통시장,충청남도,,,
32fbc87673e865eef50a,full_annotation_v1,A,q_수산물_13,수산물 사는 데,식료품 중 '수산물'을 판매·제공하는 매장,val,수산물,T4 구어·문장,3d838a54-3333-43d1-b914-cf21df2babf1,영관상회,수산물,광장시장,전통시장,서울특별시,,,
209a227d8483df2da09e,full_annotation_v1,A,q_수산물_13,수산물 사는 데,식료품 중 '수산물'을 판매·제공하는 매장,val,수산물,T4 구어·문장,22a6644e-8fca-47a3-a0c8-ad1d9d02945e,바다수산,수산물,목포종합수산시장,전통시장,전라남도,,,
76f6889dda16422a4c09,full_annotation_v1,A,q_수산물_13,수산물 사는 데,식료품 중 '수산물'을 판매·제공하는 매장,val,수산물,T4 구어·문장,00356e71-7b15-4a42-be60-f232011707b8,유한회사 덕재건재,건어물,가락몰골목형상점가,골목형상점가,서울특별시,,,
0b7fae9e895c5a7cb2d9,full_annotation_v1,A,q_수산물_13,수산물 사는 데,식료품 중 '수산물'을 판매·제공하는 매장,val,수산물,T4 구어·문장,ce4fad41-7b6a-4275-9ad9-f4260eef6e17,동네수산물,수산물,농성세대공감상인회 골목형상점가,골목형상점가,광주광역시,,,
6202a600ce07df5eff59,full_annotation_v1,A,q_수산물_13,수산물 사는 데,식료품 중 '수산물'을 판매·제공하는 매장,val,수산물,T4 구어·문장,1fff1937-63b6-40de-b03c-6cc9006c5742,신3억수산,수산물,역전시장,전통시장,충청남도,,,
6a90a56ccce405192938,full_annotation_v1,A,q_수산물_13,수산물 사는 데,식료품 중 '수산물'을 판매·제공하는 매장,val,수산물,T4 구어·문장,c2d9214b-4760-4083-bb7a-49719c72dd92,바다수산,수산물,수유중앙골목시장골목형상점가,골목형상점가,서울특별시,,,
396d784195b68224bb98,full_annotation_v1,A,q_수산물_13,수산물 사는 데,식료품 중 '수산물'을 판매·제공하는 매장,val,수산물,T4 구어·문장,0498f096-c9ea-4ca5-bf41-2bea89c7f968,대철네,수산물,주문진좌판풍물시장,전통시장,강원특별자치도,,,
1e0c350546945b3ac595,full_annotation_v1,A,q_수산물_13,수산물 사는 데,식료품 중 '수산물'을 판매·제공하는 매장,val,수산물,T4 구어·문장,83271fb9-7208-40f4-9795-2244aed10b73,다미홍어,홍어무침,인왕시장,전통시장,서울특별시,,,
09895ee7012f82e8d1cf,full_annotation_v1,A,q_수산물_13,수산물 사는 데,식료품 중 '수산물'을 판매·제공하는 매장,val,수산물,T4 구어·문장,00445369-fa3a-4cd3-ae3a-6564876f4199,용수상회,수산물,서문시장건해산물상가,전통시장,대구광역시,,,
b0339f0ca758f2c84b39,full_annotation_v1,A,q_수산물_13,수산물 사는 데,식료품 중 '수산물'을 판매·제공하는 매장,val,수산물,T4 구어·문장,0762f240-fdc5-44aa-a866-beb2dec1b9e4,형제수산,수산물,은마종합상점가,자율상권구역,서울특별시,,,
edfbb2b45b0a8b060dec,full_annotation_v1,A,q_수산물_13,수산물 사는 데,식료품 중 '수산물'을 판매·제공하는 매장,val,수산물,T4 구어·문장,d26bd6cd-aab3-4f38-8dbd-8358d4fbf170,솔지네,수산물,주문진좌판풍물시장,전통시장,강원특별자치도,,,
c84ec69e60d4dd65cb4a,full_annotation_v1,A,q_수산물_13,수산물 사는 데,식료품 중 '수산물'을 판매·제공하는 매장,val,수산물,T4 구어·문장,fb2624dd-f80d-44e0-9c5b-8e62e7580400,차상회,수산물,부산공동어시장상점가,자율상권구역,부산광역시,,,
1f4ff1cb5a45c731d0ef,full_annotation_v1,A,q_수산물_13,수산물 사는 데,식료품 중 '수산물'을 판매·제공하는 매장,val,수산물,T4 구어·문장,010c1855-b46f-4e37-b975-8115c4249b0f,용궁횟집,,자갈치시장,전통시장,부산광역시,,,
9834150b7aaad87cc517,full_annotation_v1,A,q_수산물_13,수산물 사는 데,식료품 중 '수산물'을 판매·제공하는 매장,val,수산물,T4 구어·문장,30d5afbc-fd4b-49bb-9e1c-2469652e5921,추씨어물점,어물,영천공설시장,전통시장,경상북도,,,
c3d322f624834a3a1481,full_annotation_v1,A,q_수산물_13,수산물 사는 데,식료품 중 '수산물'을 판매·제공하는 매장,val,수산물,T4 구어·문장,d44d1311-2821-4def-b683-2ce4957a8cce,고흥아나고,수산물,노량진수산시장골목형상점가,골목형상점가,서울특별시,,,
ceda6aa23b36330ece0c,full_annotation_v1,A,q_수산물_13,수산물 사는 데,식료품 중 '수산물'을 판매·제공하는 매장,val,수산물,T4 구어·문장,00298213-17ea-453a-b6e6-375d9ef636b6,대양농수산,농수산물,부평깡시장,전통시장,인천광역시,,,
da4bc8d352cce60ad613,full_annotation_v1,A,q_수산물_13,수산물 사는 데,식료품 중 '수산물'을 판매·제공하는 매장,val,수산물,T4 구어·문장,75cffc2d-9397-414b-9e59-c9eaa09b1b6a,바다수산,수산물,원미부흥시장,전통시장,경기도,,,
993d6bf396c19225dfaa,full_annotation_v1,A,q_수산물_13,수산물 사는 데,식료품 중 '수산물'을 판매·제공하는 매장,val,수산물,T4 구어·문장,a6a35c8e-0399-42eb-9626-fbb24da1d413,동검수산,수산물,강화풍물시장,전통시장,인천광역시,,,
b19c5f37e930afc9dcd4,full_annotation_v1,A,q_수산물_13,수산물 사는 데,식료품 중 '수산물'을 판매·제공하는 매장,val,수산물,T4 구어·문장,00ba389b-e522-4da5-ac26-2ffaf33359ec,스시노유키,초밥,산본로데오거리(구 산본중심상가),자율상권구역,경기도,,,
51974cf0b6d53b9c3986,full_annotation_v1,A,q_수산물_13,수산물 사는 데,식료품 중 '수산물'을 판매·제공하는 매장,val,수산물,T4 구어·문장,0f4dbc78-d4cd-4a04-9f0d-807dd1205aa8,바다수산,수산물,여수교동시장,전통시장,전라남도,,,
674cc361a751fae003f1,full_annotation_v1,A,q_수산물_13,수산물 사는 데,식료품 중 '수산물'을 판매·제공하는 매장,val,수산물,T4 구어·문장,0b66bdd9-b27b-4b37-b8a5-1de4e08af5b1,끌레노아,두피미용,조양타워골목형상점가,골목형상점가,인천광역시,,,
cf79f0cd4a1e406c53cb,full_annotation_v1,A,q_수산물_13,수산물 사는 데,식료품 중 '수산물'을 판매·제공하는 매장,val,수산물,T4 구어·문장,82c0edd5-bb6d-4e3b-8e47-a3cad97cea75,쑝쑝수산,수산물,통영 북신전통시장,전통시장,경상남도,,,
e465df31beafe273cf5b,full_annotation_v1,A,q_수산물_13,수산물 사는 데,식료품 중 '수산물'을 판매·제공하는 매장,val,수산물,T4 구어·문장,a6aed4a9-c42b-46f0-9076-1ab0a393f9a6,형제수산,수산물,우림골목시장,전통시장,서울특별시,,,
2c6b766b4c9451515207,full_annotation_v1,A,q_수산물_13,수산물 사는 데,식료품 중 '수산물'을 판매·제공하는 매장,val,수산물,T4 구어·문장,b73e0346-121b-4092-9916-e4733992a989,돌수산,수산물,목포북항상점가,자율상권구역,전라남도,,,
841ccbb6f3542c8eb1ab,full_annotation_v1,A,q_수산물_13,수산물 사는 데,식료품 중 '수산물'을 판매·제공하는 매장,val,수산물,T4 구어·문장,9b21374d-b396-48aa-a602-207404c4dd0c,철현물산,수산물,서울중부시장,전통시장,서울특별시,,,
da71080f24f44475acb6,full_annotation_v1,A,q_수산물_13,수산물 사는 데,식료품 중 '수산물'을 판매·제공하는 매장,val,수산물,T4 구어·문장,01286ec0-50e0-4540-b678-ec706fb3bcbb,설곰식당,식당,산업용재관,전통시장,대구광역시,,,
0104c0e73dfa71e94f14,full_annotation_v1,A,q_수산물_13,수산물 사는 데,식료품 중 '수산물'을 판매·제공하는 매장,val,수산물,T4 구어·문장,005eb589-94b0-4a7e-b4e4-ef8cf64b0762,스시쿄다이,일식,동홍8번가 골목형상점가,골목형상점가,제주특별자치도,,,
3ccdcf4161c2586d52d3,full_annotation_v1,A,q_수산물_13,수산물 사는 데,식료품 중 '수산물'을 판매·제공하는 매장,val,수산물,T4 구어·문장,a0abc246-2341-4454-aab1-f968da88a862,생선팜,수산물,의정부시장,전통시장,경기도,,,
5c14f4a3aecdbefb5fe0,full_annotation_v1,A,q_수산물_13,수산물 사는 데,식료품 중 '수산물'을 판매·제공하는 매장,val,수산물,T4 구어·문장,b0013b67-ccb9-48b3-8e6d-4308f1ce8b31,형제수산,수산물,부산공동어시장상점가,자율상권구역,부산광역시,,,
fabca68e21d14ba5e47d,full_annotation_v1,A,q_수산물_13,수산물 사는 데,식료품 중 '수산물'을 판매·제공하는 매장,val,수산물,T4 구어·문장,076023bb-9c5f-46cc-87d3-ae2613048c18,삼성종합보수,잡화,능곡시장(구 능곡전통시장),전통시장,경기도,,,
810164adb25667ceb80a,full_annotation_v1,A,q_수산물_13,수산물 사는 데,식료품 중 '수산물'을 판매·제공하는 매장,val,수산물,T4 구어·문장,a1fdc76b-8a9b-47d4-aca7-f48d46b1bf02,우리수산,수산물,해남읍5일시장,전통시장,전라남도,,,
262b2d05d6c642a42ae1,full_annotation_v1,A,q_수산물_13,수산물 사는 데,식료품 중 '수산물'을 판매·제공하는 매장,val,수산물,T4 구어·문장,333fa307-f61c-45a8-a79b-93fff676095e,대명어물,어물,서귀포향토오일시장,전통시장,제주특별자치도,,,
46ccd70a173110bce2ca,full_annotation_v1,A,q_수산물_13,수산물 사는 데,식료품 중 '수산물'을 판매·제공하는 매장,val,수산물,T4 구어·문장,8b874bfd-b23d-42e2-bb65-56624b7f35c6,율포도황수산,수산물,오치1동 골목형상점가,골목형상점가,광주광역시,,,
34395fa8c842326da33a,full_annotation_v1,A,q_수산물_13,수산물 사는 데,식료품 중 '수산물'을 판매·제공하는 매장,val,수산물,T4 구어·문장,00a40df6-e218-4c9e-951f-b2c1a3ee676e,영흥수산,생선,가락몰골목형상점가,골목형상점가,서울특별시,,,
add5d4f91dd8466dc2de,full_annotation_v1,A,q_수산물_13,수산물 사는 데,식료품 중 '수산물'을 판매·제공하는 매장,val,수산물,T4 구어·문장,0016aa1a-5730-45a0-b427-06b0f51fc005,든든한밥상,농수산물,화산면 골목형상점가,골목형상점가,전라남도,,,
6af789a109808750259f,full_annotation_v1,A,q_수산물_13,수산물 사는 데,식료품 중 '수산물'을 판매·제공하는 매장,val,수산물,T4 구어·문장,69ccf875-ccb8-410e-9336-d2d8cd4be945,덕근수산,수산물,목포종합수산시장,전통시장,전라남도,,,
28a0a1603c4e80b481d8,full_annotation_v1,A,q_수산물_13,수산물 사는 데,식료품 중 '수산물'을 판매·제공하는 매장,val,수산물,T4 구어·문장,73f06bfa-e4f6-4f6b-a7f2-1437ef984032,샤브올데이 경남거제점,한식,거제 상동 골목형상점가,골목형상점가,경상남도,,,
74a0d672bcc6071b75b6,full_annotation_v1,A,q_수산물_13,수산물 사는 데,식료품 중 '수산물'을 판매·제공하는 매장,val,수산물,T4 구어·문장,9da563c5-5806-471d-b522-9b6d025a90f3,형제수산,수산물,마산어시장,전통시장,경상남도,,,
9ff6f5c69ffac88e63eb,full_annotation_v1,A,q_수산물_13,수산물 사는 데,식료품 중 '수산물'을 판매·제공하는 매장,val,수산물,T4 구어·문장,002e7e87-5677-44ca-85c4-9e5b87e7994f,한양수산,생선,안중시장,전통시장,경기도,,,
64d419d5cb1658a786af,full_annotation_v1,A,q_수산물_13,수산물 사는 데,식료품 중 '수산물'을 판매·제공하는 매장,val,수산물,T4 구어·문장,0530624b-f5a8-426d-ae91-3a4c77da9de6,서영수산,수산물,정남진장흥토요시장,전통시장,전라남도,,,
e9d28b10ba83e27ecb52,full_annotation_v1,A,q_수산물_13,수산물 사는 데,식료품 중 '수산물'을 판매·제공하는 매장,val,수산물,T4 구어·문장,0b90c094-aaf6-4903-b761-052f399b1c2c,어청도,수산물,문창시장,전통시장,대전광역시,,,
9341d208617302e408f1,full_annotation_v1,A,q_수산물_13,수산물 사는 데,식료품 중 '수산물'을 판매·제공하는 매장,val,수산물,T4 구어·문장,0004c5f7-95e0-45be-9f06-a705b8113ff0,의창수협67번중도매인,활어,진해 용원어시장상점가,자율상권구역,경상남도,,,
0dbf7fe80823c5b9b585,full_annotation_v1,A,q_수산물_13,수산물 사는 데,식료품 중 '수산물'을 판매·제공하는 매장,val,수산물,T4 구어·문장,8ee2c54e-024d-4ecd-8540-9c39a648d2a0,바다수산,수산물,궁평항해오름수산시장,전통시장,경기도,,,
ffc31494d9eb55fcafd1,full_annotation_v1,A,q_수산물_13,수산물 사는 데,식료품 중 '수산물'을 판매·제공하는 매장,val,수산물,T4 구어·문장,528a2096-1bac-4795-b37f-49d21759ccb7,섬활어,수산물,거제 고현시장,전통시장,경상남도,,,
a3fc79278c34d919a7b1,full_annotation_v1,A,q_수산물_13,수산물 사는 데,식료품 중 '수산물'을 판매·제공하는 매장,val,수산물,T4 구어·문장,00779863-22b7-4378-adca-42362eff7e3f,장복횟집.수산,생선회,"안면도수산시장(구, 안면도장터)",전통시장,충청남도,,,
f12fd7d835b062bed564,full_annotation_v1,A,q_수산물_13,수산물 사는 데,식료품 중 '수산물'을 판매·제공하는 매장,val,수산물,T4 구어·문장,1fbf71be-f979-4211-b21c-578267760e91,영산포수산,수산물,경동시장,전통시장,서울특별시,,,
532d54789ad956fec3f1,full_annotation_v1,A,q_수산물_13,수산물 사는 데,식료품 중 '수산물'을 판매·제공하는 매장,val,수산물,T4 구어·문장,c1e825d3-acfd-4821-98d6-046334440954,청진수산,수산물,영해만세시장(구 영해시장),전통시장,경상북도,,,
3c381c897f5c4412fde4,full_annotation_v1,A,q_수산물_13,수산물 사는 데,식료품 중 '수산물'을 판매·제공하는 매장,val,수산물,T4 구어·문장,bb6f01bc-c26a-4f5d-aa77-4789833e0364,바니식당,한식,문산자유시장,전통시장,경기도,,,
fe4c84914515b3a6487b,full_annotation_v1,A,q_수산물_13,수산물 사는 데,식료품 중 '수산물'을 판매·제공하는 매장,val,수산물,T4 구어·문장,00cd5dee-c068-48da-bc58-a704d5fe8832,윤석수산,수산물 활어회 생선 게종류 젓갈 갑각류 해산물 등등,대공원시장,전통시장,대구광역시,,,
294ca970942b51d564eb,full_annotation_v1,A,q_수산물_13,수산물 사는 데,식료품 중 '수산물'을 판매·제공하는 매장,val,수산물,T4 구어·문장,3526958d-da64-4c90-a75c-c55162fbe0d3,최씨어물전,,영천공설시장,전통시장,경상북도,,,
26e58d6938e5a3229c04,full_annotation_v1,A,q_수산물_13,수산물 사는 데,식료품 중 '수산물'을 판매·제공하는 매장,val,수산물,T4 구어·문장,0f2761cc-59c9-4a9f-8519-887e898a6c21,대폭수산,수산물,포항죽도농산물시장,전통시장,경상북도,,,
83d0837534c4e7013741,full_annotation_v1,A,q_수산물_13,수산물 사는 데,식료품 중 '수산물'을 판매·제공하는 매장,val,수산물,T4 구어·문장,00fcc68d-3086-4b45-b998-f3763e8dbf7d,꼬치마요 산본역점(9호점),일식,산본로데오거리(구 산본중심상가),자율상권구역,경기도,,,
b111bd40cec906e9dd5b,full_annotation_v1,A,q_수산물_13,수산물 사는 데,식료품 중 '수산물'을 판매·제공하는 매장,val,수산물,T4 구어·문장,a85994de-bcfa-476f-8221-37102bc2a9ed,바다수산,수산물,한민시장,전통시장,대전광역시,,,
f1da20c90466c56cea33,full_annotation_v1,A,q_수산물_13,수산물 사는 데,식료품 중 '수산물'을 판매·제공하는 매장,val,수산물,T4 구어·문장,bcc0357a-30b2-44a6-8442-67f894e2bf83,올포유 경남진주점,스포츠 의류 및 스포츠 용품,진주 중앙상점가,자율상권구역,경상남도,,,
a63a8a6205e1cd4b35cd,full_annotation_v1,A,q_수산물_13,수산물 사는 데,식료품 중 '수산물'을 판매·제공하는 매장,val,수산물,T4 구어·문장,305d4fa0-d3d2-4a33-b5e1-babfbb5167cb,금성물산,수산물,신중부시장,전통시장,서울특별시,,,
d467aeaca339b97ead82,full_annotation_v1,A,q_수산물_13,수산물 사는 데,식료품 중 '수산물'을 판매·제공하는 매장,val,수산물,T4 구어·문장,e9e9be71-da94-4ee5-894a-e478b63b31e1,웰빙수산,수산물,정이있는 구포시장,전통시장,부산광역시,,,
e719a58959b8c6c3822e,full_annotation_v1,A,q_수산물_13,수산물 사는 데,식료품 중 '수산물'을 판매·제공하는 매장,val,수산물,T4 구어·문장,bd907b95-f5d8-4c51-a432-a3474dd3bbf0,태경이네,수산물,서천특화시장,전통시장,충청남도,,,
84229b82b8d04d39bdb9,full_annotation_v1,A,q_수산물_13,수산물 사는 데,식료품 중 '수산물'을 판매·제공하는 매장,val,수산물,T4 구어·문장,0d85c4c2-aa3d-483a-9875-297ffd5e0d98,수산물 직매장,수산물,기장시장 일원 자율상권구역,상권활성화구역,부산광역시,,,
9dc89d353ae4d7b87f2f,full_annotation_v1,A,q_수산물_13,수산물 사는 데,식료품 중 '수산물'을 판매·제공하는 매장,val,수산물,T4 구어·문장,623060f1-cc6d-43a5-8bc2-5a1483e9889c,회떠,수산물,공주대학로 골목형 상점가,골목형상점가,충청남도,,,
c7189e4b30e15a937d44,full_annotation_v1,A,q_수산물_13,수산물 사는 데,식료품 중 '수산물'을 판매·제공하는 매장,val,수산물,T4 구어·문장,13b86a60-4a24-4816-9bb2-7bb65c98c69c,형제수산,수산물,부여시장,전통시장,충청남도,,,
80d238b83951d507f3e5,full_annotation_v1,A,q_수산물_13,수산물 사는 데,식료품 중 '수산물'을 판매·제공하는 매장,val,수산물,T4 구어·문장,0e1cfed8-baa0-4ef7-b289-4aa5d48f56ee,형제수산,수산물,면목골목시장,전통시장,서울특별시,,,
72fde51cf85061cc0e99,full_annotation_v1,A,q_수산물_13,수산물 사는 데,식료품 중 '수산물'을 판매·제공하는 매장,val,수산물,T4 구어·문장,0027eaf6-093b-4df4-9457-4f1081537ff3,충무꼭지횟집,횟집,초량전통시장,전통시장,부산광역시,,,
40fc330497f723e0ef49,full_annotation_v1,A,q_수산물_13,수산물 사는 데,식료품 중 '수산물'을 판매·제공하는 매장,val,수산물,T4 구어·문장,0365a2c9-5a2b-4e95-b1d2-a7f625aa6c06,형제수산,수산물,한민시장,전통시장,대전광역시,,,
1a9641b1e031c819b2f2,full_annotation_v1,A,q_수산물_13,수산물 사는 데,식료품 중 '수산물'을 판매·제공하는 매장,val,수산물,T4 구어·문장,f7991058-93ba-4e61-9370-bae3bb8bcda8,찬솔 수산,수산물,구월시장,전통시장,인천광역시,,,
dc19c7f6e1cbe677e72f,full_annotation_v1,A,q_수산물_13,수산물 사는 데,식료품 중 '수산물'을 판매·제공하는 매장,val,수산물,T4 구어·문장,00527b0b-893c-4d64-862e-3ef8113d07fb,해선언니네,건어물,용상공설시장,전통시장,경상북도,,,
14ccde277234100a07e3,full_annotation_v1,A,q_수산물_13,수산물 사는 데,식료품 중 '수산물'을 판매·제공하는 매장,val,수산물,T4 구어·문장,b73c597b-ad7b-4431-af35-802415dc7be8,스쿠바수산,수산물,대천항수산시장,전통시장,충청남도,,,
4f8ecc7065ab111dc9a9,full_annotation_v1,A,q_수산물_13,수산물 사는 데,식료품 중 '수산물'을 판매·제공하는 매장,val,수산물,T4 구어·문장,84f355fb-d0f7-452f-b877-fd6e0dbff85d,전라도수산,수산물,속초종합중앙시장,전통시장,강원특별자치도,,,
275a64f15ca44d2c6dbf,full_annotation_v1,A,q_수산물_13,수산물 사는 데,식료품 중 '수산물'을 판매·제공하는 매장,val,수산물,T4 구어·문장,004032ef-2ae7-4e97-ac30-b12a0869e930,시장횟집,횟집,광양매일시장(광양상설시장),전통시장,전라남도,,,
c1aab618a7fca7bc3fc2,full_annotation_v1,A,q_수산물_13,수산물 사는 데,식료품 중 '수산물'을 판매·제공하는 매장,val,수산물,T4 구어·문장,47bb37ee-51f3-4aaf-9f21-7ff318f82ef3,홈수산,수산물,새미래 골목형상점가,골목형상점가,대전광역시,,,
5c5a280a7747deac3fba,full_annotation_v1,A,q_수산물_13,수산물 사는 데,식료품 중 '수산물'을 판매·제공하는 매장,val,수산물,T4 구어·문장,0dd859fb-bd40-4cda-90e4-12ac6b39d863,형제수산,수산물,마포농수산물시장,전통시장,서울특별시,,,
e160f34e18f6d1677ff6,full_annotation_v1,A,q_수산물_13,수산물 사는 데,식료품 중 '수산물'을 판매·제공하는 매장,val,수산물,T4 구어·문장,2f93fe93-50dd-4ffd-8915-e5047ee97f27,회뜬수산,수산물,소래포구전통어시장,전통시장,인천광역시,,,
99bc216ef57ce5d4866e,full_annotation_v1,A,q_수산물_13,수산물 사는 데,식료품 중 '수산물'을 판매·제공하는 매장,val,수산물,T4 구어·문장,f14df4d3-9858-4a8b-8597-20fd477d8e32,갤러리 데 루치아,가구,용인어정가구단지상점가,자율상권구역,경기도,,,
b7496beb6d9aa8bdd905,full_annotation_v1,A,q_수산물_13,수산물 사는 데,식료품 중 '수산물'을 판매·제공하는 매장,val,수산물,T4 구어·문장,6b907eaa-907a-4783-9966-c67654fd0a52,달빛냉삼,한돈삽겹살 한우차돌박이,부곡맛고을상가,자율상권구역,경상북도,,,
8bed231981ca20e24617,full_annotation_v1,A,q_수산물_13,수산물 사는 데,식료품 중 '수산물'을 판매·제공하는 매장,val,수산물,T4 구어·문장,282b0e8b-051c-49f9-a707-b982df803589,까라벨라 데 오르,스파게티,동명동 카페거리 골목형상점가,골목형상점가,광주광역시,,,
f0953923dbd6687097dc,full_annotation_v1,A,q_수산물_13,수산물 사는 데,식료품 중 '수산물'을 판매·제공하는 매장,val,수산물,T4 구어·문장,63bc7227-c40e-4131-9061-a94570f2591e,홍수산,수산물,중앙선어시장,전통시장,전라남도,,,
efa5f8dd63c84a836c1f,full_annotation_v1,A,q_수산물_13,수산물 사는 데,식료품 중 '수산물'을 판매·제공하는 매장,val,수산물,T4 구어·문장,35f30d35-05c3-4dea-8e20-e2d3e59f1663,남광주 수산물,수산물,남광주시장,전통시장,광주광역시,,,
f3f37574b9255052ec4c,full_annotation_v1,A,q_수산물_13,수산물 사는 데,식료품 중 '수산물'을 판매·제공하는 매장,val,수산물,T4 구어·문장,99d55467-b3a1-419f-be5d-3d803a3d8468,돔수산,수산물,노은상가연합 골목형상점가,골목형상점가,대전광역시,,,
05f5c7f1be727daedbb6,full_annotation_v1,A,q_수산물_13,수산물 사는 데,식료품 중 '수산물'을 판매·제공하는 매장,val,수산물,T4 구어·문장,32acf482-6940-4d15-8160-3971ea30a346,유람선,수산물,궁평항해오름수산시장,전통시장,경기도,,,
0bf39cbb9f83eaedf486,full_annotation_v1,A,q_수산물_13,수산물 사는 데,식료품 중 '수산물'을 판매·제공하는 매장,val,수산물,T4 구어·문장,222f36da-0076-4e8d-a655-b4b83834e38f,노량진101,수산물,노량진수산시장골목형상점가,골목형상점가,서울특별시,,,
9d92333e4c208c2f8fe7,full_annotation_v1,A,q_수산물_13,수산물 사는 데,식료품 중 '수산물'을 판매·제공하는 매장,val,수산물,T4 구어·문장,370ee592-00d8-4d50-854e-1417f0f0d838,진수산(수산물),수산물,신영시장,전통시장,서울특별시,,,
3ec7045317d0a97deb55,full_annotation_v1,A,q_수산물_13,수산물 사는 데,식료품 중 '수산물'을 판매·제공하는 매장,val,수산물,T4 구어·문장,e9e4b016-0172-4609-8833-e8ec6cd0c665,모아수산,수산물,계림중앙필문로 골목형상점가,골목형상점가,광주광역시,,,
da44be1d9249b925f787,full_annotation_v1,A,q_수산물_13,수산물 사는 데,식료품 중 '수산물'을 판매·제공하는 매장,val,수산물,T4 구어·문장,f9de258d-e4fd-4545-b90f-e69b2e79d43e,형제수산,수산물,서산동부전통시장,전통시장,충청남도,,,
87ae6da119562a7eba67,full_annotation_v1,A,q_수산물_13,수산물 사는 데,식료품 중 '수산물'을 판매·제공하는 매장,val,수산물,T4 구어·문장,96d320fd-1704-42d5-b421-4dd10fd93020,옥분수산,수산물,양동수산시장,전통시장,,,,
f721c7847406824b7f96,full_annotation_v1,A,q_수산물_13,수산물 사는 데,식료품 중 '수산물'을 판매·제공하는 매장,val,수산물,T4 구어·문장,df164b0a-c804-45fe-b5a2-ae2cdb15f62b,바사쿠치킨동서변연경점,치킨,동먹골상가 골목형상점가,골목형상점가,대구광역시,,,
b8d9ed1429b9f01d6575,full_annotation_v1,A,q_수산물_13,수산물 사는 데,식료품 중 '수산물'을 판매·제공하는 매장,val,수산물,T4 구어·문장,a2dbd405-51a2-4844-ae21-647749ab7894,수형호수형수산,수산물,소래포구전통어시장,전통시장,인천광역시,,,
11efc754ab6edf96e402,full_annotation_v1,A,q_수산물_13,수산물 사는 데,식료품 중 '수산물'을 판매·제공하는 매장,val,수산물,T4 구어·문장,0338c9e2-acfe-4b95-a627-b1ee62d800a4,준혁상회,수산물,진주 논개시장,전통시장,경상남도,,,
79b6a3d3b4a9be68c87b,full_annotation_v1,A,q_수산물_13,수산물 사는 데,식료품 중 '수산물'을 판매·제공하는 매장,val,수산물,T4 구어·문장,472a6be3-f906-4d28-bd4f-f00a41b09ecc,형제수산,수산물,신진항 골목형상점가,골목형상점가,충청남도,,,
9a3936b0bd482e95e218,full_annotation_v1,A,q_수산물_13,수산물 사는 데,식료품 중 '수산물'을 판매·제공하는 매장,val,수산물,T4 구어·문장,9895cc82-b105-438f-99b4-1c48ff93a636,충남상회,수산물,노량진수산시장골목형상점가,골목형상점가,서울특별시,,,
58a4ced1ab1109c43ce3,full_annotation_v1,A,q_수산물_13,수산물 사는 데,식료품 중 '수산물'을 판매·제공하는 매장,val,수산물,T4 구어·문장,dd997235-72c6-4496-9a53-10fe8f33afa1,어빠네,수산물,화서시장,전통시장,경기도,,,
75881ed3be36f41e38f3,full_annotation_v1,A,q_수산물_13,수산물 사는 데,식료품 중 '수산물'을 판매·제공하는 매장,val,수산물,T4 구어·문장,a16a8655-a084-4f1f-b833-4f97c1768e9e,형제수산,수산물,서천특화시장,전통시장,충청남도,,,
b1171bf49b9b82740374,full_annotation_v1,A,q_수산물_13,수산물 사는 데,식료품 중 '수산물'을 판매·제공하는 매장,val,수산물,T4 구어·문장,91a7c5b6-4071-41f1-9b85-a12722324a03,바다수산,수산물,원당시장(구 원당전통시장),전통시장,경기도,,,
a115057d6f766e100763,full_annotation_v1,A,q_수산물_13,수산물 사는 데,식료품 중 '수산물'을 판매·제공하는 매장,val,수산물,T4 구어·문장,7380adc3-9b1b-4a7b-9371-ffd5a01fc4eb,형제수산,수산물,영일시장,전통시장,서울특별시,,,
00f4c5cd49fbcf5b250a,full_annotation_v1,A,q_수산물_13,수산물 사는 데,식료품 중 '수산물'을 판매·제공하는 매장,val,수산물,T4 구어·문장,c1620755-ce08-4ec1-be2e-0f77e64ee0ec,바다수산,수산물,중흥한성,골목형상점가,광주광역시,,,
87c378544699b732f933,full_annotation_v1,A,q_수산물_13,수산물 사는 데,식료품 중 '수산물'을 판매·제공하는 매장,val,수산물,T4 구어·문장,dd2bdb77-8a80-4f9d-818e-1681badac833,미산,수산물,노량진수산시장골목형상점가,골목형상점가,서울특별시,,,
bd7298c26132d6d8500a,full_annotation_v1,A,q_수산물_13,수산물 사는 데,식료품 중 '수산물'을 판매·제공하는 매장,val,수산물,T4 구어·문장,009fbffe-11b3-4eba-b65a-696f4f59f079,인어횟집,횟집,목포북항상점가,자율상권구역,전라남도,,,
1463f53baf73f65e79fc,full_annotation_v1,A,q_수산물_13,수산물 사는 데,식료품 중 '수산물'을 판매·제공하는 매장,val,수산물,T4 구어·문장,013d58c8-33f8-4dbe-95de-801d22ea9505,민영활어공장 부천자유시장점,"회, 초밥",부천자유시장,전통시장,경기도,,,
66432a3d4fd9af3c22d5,full_annotation_v1,A,q_수산물_13,수산물 사는 데,식료품 중 '수산물'을 판매·제공하는 매장,val,수산물,T4 구어·문장,000d55be-8181-4f45-827e-52082b2ae284,명희유통,건어물,성북시장,전통시장,부산광역시,,,
839f8202e0237f513a32,full_annotation_v1,A,q_수산물_13,수산물 사는 데,식료품 중 '수산물'을 판매·제공하는 매장,val,수산물,T4 구어·문장,038f89c5-a204-4c80-9e31-9d22a3ba4c95,연스시,초밥,노은역 골목형상점가,골목형상점가,대전광역시,,,
d971cf77d7065dfad240,full_annotation_v1,A,q_수산물_13,수산물 사는 데,식료품 중 '수산물'을 판매·제공하는 매장,val,수산물,T4 구어·문장,00cc4859-307a-43ef-9654-2f6aa6fc404d,서산상회,생선,노량진수산시장골목형상점가,골목형상점가,서울특별시,,,
ef418ca3014d9282c7e3,full_annotation_v1,A,q_수산물_13,수산물 사는 데,식료품 중 '수산물'을 판매·제공하는 매장,val,수산물,T4 구어·문장,07bddb35-5d51-4a5d-ac7c-12ca8662e7c7,형제수산,수산물,송정5일시장,전통시장,광주광역시,,,
1f2355a5ccc4f5cadd52,full_annotation_v1,A,q_수산물_13,수산물 사는 데,식료품 중 '수산물'을 판매·제공하는 매장,val,수산물,T4 구어·문장,98aee716-0b7a-488d-b6f0-e2606e295810,형제수산,수산물,합덕전통시장,전통시장,충청남도,,,
df5706c5b27fce708a68,full_annotation_v1,A,q_수산물_13,수산물 사는 데,식료품 중 '수산물'을 판매·제공하는 매장,val,수산물,T4 구어·문장,21256821-9ed0-46e4-bffb-09e608730ef1,남해수산,수산물,서귀포매일올레시장,전통시장,제주특별자치도,,,
caba39b460e2f3710fb0,full_annotation_v1,A,q_수산물_13,수산물 사는 데,식료품 중 '수산물'을 판매·제공하는 매장,val,수산물,T4 구어·문장,b5664ac9-0287-4b6f-ade0-508f7dd7eaa1,형제수산,수산물,무안전통시장,전통시장,전라남도,,,
9733ceaba02641b4e10a,full_annotation_v1,A,q_수산물_13,수산물 사는 데,식료품 중 '수산물'을 판매·제공하는 매장,val,수산물,T4 구어·문장,72161e0e-aa9d-4a20-9dff-a8962b46f695,일성상회,수산물,자갈치시장,전통시장,부산광역시,,,
707fbd55bcd9af32b12d,full_annotation_v1,A,q_수산물_13,수산물 사는 데,식료품 중 '수산물'을 판매·제공하는 매장,val,수산물,T4 구어·문장,0bf687ec-4ea8-4932-a2c4-401f28aab97f,중앙어물,어물,모슬포 중앙시장,전통시장,제주특별자치도,,,
6ed9e72dc79bfe0fbde6,full_annotation_v1,A,q_수산물_13,수산물 사는 데,식료품 중 '수산물'을 판매·제공하는 매장,val,수산물,T4 구어·문장,007aece5-08b8-4eb0-b4c6-18d451eadcfd,영남상회,건어물,동쪽바다중앙시장(구 동해중앙시장),전통시장,강원특별자치도,,,
c914314e25c35311d981,full_annotation_v1,A,q_수산물_13,수산물 사는 데,식료품 중 '수산물'을 판매·제공하는 매장,val,수산물,T4 구어·문장,1befbce6-3558-4a3a-bf82-12a0f3fc9468,형제수산,수산물,죽도어시장,전통시장,경상북도,,,
a8547ec05210393bfc25,full_annotation_v1,A,q_수산물_13,수산물 사는 데,식료품 중 '수산물'을 판매·제공하는 매장,val,수산물,T4 구어·문장,c65828c8-d4a7-4a15-9e4b-e3cd028ffeef,현아네,수산물,주문진좌판풍물시장,전통시장,강원특별자치도,,,
ddb2d8b650d4e8598bbc,full_annotation_v1,A,q_수산물_13,수산물 사는 데,식료품 중 '수산물'을 판매·제공하는 매장,val,수산물,T4 구어·문장,03cbd591-5ee7-4f9b-842e-8dc427925406,신흥상회,어물,상주중앙시장,전통시장,경상북도,,,
6b357c5eea280eaafea5,full_annotation_v1,A,q_수산물_13,수산물 사는 데,식료품 중 '수산물'을 판매·제공하는 매장,val,수산물,T4 구어·문장,fbede1a2-193e-40ca-9f6c-73b784953ad8,대전횟집,수산물,(주)여수수산시장,전통시장,전라남도,,,
6159786b30b3f82e2b72,full_annotation_v1,A,q_수산물_13,수산물 사는 데,식료품 중 '수산물'을 판매·제공하는 매장,val,수산물,T4 구어·문장,515b1c2a-8c96-4906-9a24-f1388a5367ad,연회,수산물,수완이지더원 골목형상점가,골목형상점가,광주광역시,,,
8c225375e8111f62e14f,full_annotation_v1,A,q_수산물_13,수산물 사는 데,식료품 중 '수산물'을 판매·제공하는 매장,val,수산물,T4 구어·문장,b99bb3ee-c97a-4618-9c7e-b5b0b5ed1926,빈이네수산,수산물,오룡주공 골목형상점가,골목형상점가,전라남도,,,
4855f4789658f23c6315,full_annotation_v1,A,q_수산물_13,수산물 사는 데,식료품 중 '수산물'을 판매·제공하는 매장,val,수산물,T4 구어·문장,004d071d-dda6-41e4-9fcb-7c74c8f8ef0f,영남상회,건어물,수영팔도시장(구 수영팔도상가시장),전통시장,부산광역시,,,
83af2b9c09941f804d49,full_annotation_v1,A,q_수산물_13,수산물 사는 데,식료품 중 '수산물'을 판매·제공하는 매장,val,수산물,T4 구어·문장,009b69b5-365a-4958-87e7-f224f253b92a,동문올레횟집,횟집,동문수산시장,전통시장,제주특별자치도,,,
5d3a5eca9f749f72436a,full_annotation_v1,A,q_수산물_13,수산물 사는 데,식료품 중 '수산물'을 판매·제공하는 매장,val,수산물,T4 구어·문장,eb86512d-0b88-4434-8004-4ec6c13e2985,대양수산,수산물,진주 논개시장,전통시장,경상남도,,,
53d5486bce55d72fbb37,full_annotation_v1,A,q_수산물_13,수산물 사는 데,식료품 중 '수산물'을 판매·제공하는 매장,val,수산물,T4 구어·문장,7bcd961f-5fa4-460d-9e4a-47e37a273436,고수의운전면허관악점,시뮬레이션 기기를 활용한 면허취득 및 운전연수 훈련프로그램 서비스,서원동상점가,자율상권구역,서울특별시,,,
6dd53ceebda95e5490bb,full_annotation_v1,A,q_수산물_13,수산물 사는 데,식료품 중 '수산물'을 판매·제공하는 매장,val,수산물,T4 구어·문장,005f9773-f515-4720-af09-86bc553941fd,형제수산,수산물,경동시장,전통시장,서울특별시,,,
1d9927867c0cb259bb3d,full_annotation_v1,A,q_수산물_13,수산물 사는 데,식료품 중 '수산물'을 판매·제공하는 매장,val,수산물,T4 구어·문장,1a99e1f9-a3b3-486d-b2f7-e358f286bb95,감게무량,수산물,팔달신시장,전통시장,대구광역시,,,
54c096361b45d17e8fc1,full_annotation_v1,A,q_수산물_13,수산물 사는 데,식료품 중 '수산물'을 판매·제공하는 매장,val,수산물,T4 구어·문장,4c2c2a7a-a68d-4503-a871-7f42ccb4e604,부둣가회,회,동먹골상가 골목형상점가,골목형상점가,대구광역시,,,
c4d58d14bc391ce3382c,full_annotation_v1,A,q_수산물_13,수산물 사는 데,식료품 중 '수산물'을 판매·제공하는 매장,val,수산물,T4 구어·문장,9f6d557a-7010-47ef-bef3-8fe3f1568fe5,수산물 판매장 3호,수산물,격포어촌계 골목형상점가,골목형상점가,전북특별자치도,,,
530919389a0630c89e54,full_annotation_v1,A,q_수산물_13,수산물 사는 데,식료품 중 '수산물'을 판매·제공하는 매장,val,수산물,T4 구어·문장,b2ba525d-999b-43a1-b6ef-046cc82349de,숟갈젓갈,수산물,지도젓갈타운 골목형상점가,골목형상점가,전라남도,,,
1c38a80b69e2c70929d1,full_annotation_v1,A,q_수산물_13,수산물 사는 데,식료품 중 '수산물'을 판매·제공하는 매장,val,수산물,T4 구어·문장,c4145973-2d6a-4234-904a-0e9e00b3488d,형제수산,수산물,부산공동어시장상점가,자율상권구역,부산광역시,,,
13d527578f09830b522b,full_annotation_v1,A,q_수산물_13,수산물 사는 데,식료품 중 '수산물'을 판매·제공하는 매장,val,수산물,T4 구어·문장,15e99335-cd45-40e7-a9ea-bc10dcb6ee89,호암수산,수산물,군분로 골목형상점가,골목형상점가,광주광역시,,,
03bfd997834bdba17347,full_annotation_v1,A,q_수산물_13,수산물 사는 데,식료품 중 '수산물'을 판매·제공하는 매장,val,수산물,T4 구어·문장,062af918-e07b-4c25-a376-acbd8efe9b51,이가삼겹살,한식,루원음식문화거리,골목형상점가,인천광역시,,,
61ea63086af7133c7f3f,full_annotation_v1,A,q_수산물_13,수산물 사는 데,식료품 중 '수산물'을 판매·제공하는 매장,val,수산물,T4 구어·문장,793a4c3f-860a-435a-8586-968f3022c36f,서울수산,수산물,청량리농수산물시장,전통시장,서울특별시,,,
fb2c31329c4ed488cfd5,full_annotation_v1,A,q_수산물_13,수산물 사는 데,식료품 중 '수산물'을 판매·제공하는 매장,val,수산물,T4 구어·문장,f5d3b6ca-5ab3-4d63-807a-a717d895e59e,청해수산,수산물,정자시장,전통시장,경기도,,,
a01b7056daf4ca0712a6,full_annotation_v1,A,q_수산물_13,수산물 사는 데,식료품 중 '수산물'을 판매·제공하는 매장,val,수산물,T4 구어·문장,0d826d53-61cb-4454-a9c8-2d4b899a8717,바다수산,수산물,엄궁농산물도매시장식품·청과 소매동 골목형상점가,골목형상점가,부산광역시,,,
7de8644501855268e1f1,full_annotation_v1,A,q_수산물_13,수산물 사는 데,식료품 중 '수산물'을 판매·제공하는 매장,val,수산물,T4 구어·문장,eb27f0ec-48a7-4dbc-acc9-ead762d4ab15,호님상회,수산물,목포종합수산시장,전통시장,전라남도,,,
190160a6fbe44d12d77a,full_annotation_v1,A,q_수산물_13,수산물 사는 데,식료품 중 '수산물'을 판매·제공하는 매장,val,수산물,T4 구어·문장,0333f16c-ff56-4e80-a1c7-dd77a81300df,로봇초밥마켓 과천래미안점,초밥,과천슈르탑 골목형상점가,골목형상점가,경기도,,,
6c7d9e6877ad2319b8a7,full_annotation_v1,A,q_수산물_13,수산물 사는 데,식료품 중 '수산물'을 판매·제공하는 매장,val,수산물,T4 구어·문장,b913deee-fad0-42d5-ba28-71a2183cb1cb,영광수산,수산물,화곡본동시장,전통시장,서울특별시,,,
f2de776ce37a3e0c2c65,full_annotation_v1,A,q_수산물_13,수산물 사는 데,식료품 중 '수산물'을 판매·제공하는 매장,val,수산물,T4 구어·문장,016ddf29-de07-40e1-a642-8c2a45a6f19d,연희어시장,횟집,연희로 골목형상점가,골목형상점가,인천광역시,,,
018060ae3908b84541eb,full_annotation_v1,A,q_수산물_13,수산물 사는 데,식료품 중 '수산물'을 판매·제공하는 매장,val,수산물,T4 구어·문장,d65b4ce5-7af9-41d5-a145-2c79d1cf79d7,"네일,빛",네일아트,조양타워골목형상점가,골목형상점가,인천광역시,,,
08905871555f9cbdb728,full_annotation_v1,A,q_수산물_13,수산물 사는 데,식료품 중 '수산물'을 판매·제공하는 매장,val,수산물,T4 구어·문장,00e04e3d-cb00-4d64-a13d-a9c02f9a4fc8,대림수산,활어,자갈치시장,전통시장,부산광역시,,,
fd6c80aa6f3531a7be0f,full_annotation_v1,A,q_수산물_13,수산물 사는 데,식료품 중 '수산물'을 판매·제공하는 매장,val,수산물,T4 구어·문장,e9e2481c-dff3-480b-b8c6-f496ae4d6542,형제수산,수산물,소래포구전통어시장,전통시장,인천광역시,,,
d437ed2132161bd7ea12,full_annotation_v1,A,q_수산물_13,수산물 사는 데,식료품 중 '수산물'을 판매·제공하는 매장,val,수산물,T4 구어·문장,008cfdc1-610a-407a-a03b-4c6dae7106f4,주영수산,활어,목포북항상점가,자율상권구역,전라남도,,,
0ae0eed79152cb5dac63,full_annotation_v1,A,q_수산물_13,수산물 사는 데,식료품 중 '수산물'을 판매·제공하는 매장,val,수산물,T4 구어·문장,df79c67e-b4bc-4bc1-9989-66267be7da31,봉균수산,수산물,강서수산시장골목형상점가,골목형상점가,서울특별시,,,
1a5ccfe234d6c8a057d1,full_annotation_v1,A,q_수산물_13,수산물 사는 데,식료품 중 '수산물'을 판매·제공하는 매장,val,수산물,T4 구어·문장,01afaafa-2a46-4977-8015-55762957ee7a,다래초밥,초밥,동문동 골목형상점가,골목형상점가,충청남도,,,
a0dd518604d1c2e58074,full_annotation_v1,A,q_수산물_13,수산물 사는 데,식료품 중 '수산물'을 판매·제공하는 매장,val,수산물,T4 구어·문장,28a4ed7c-ee5a-4ad9-998c-c55148d01ed2,이삭수산,수산물,거진전통시장,전통시장,강원특별자치도,,,
36743fc4c415c53d1228,full_annotation_v1,A,q_수산물_13,수산물 사는 데,식료품 중 '수산물'을 판매·제공하는 매장,val,수산물,T4 구어·문장,0130dbd3-b9ea-43f4-98fd-26d8afd90b78,모래내시장순대,식당,전주모래내시장,전통시장,전북특별자치도,,,
9791ecc067a7549c0ade,full_annotation_v1,A,q_수산물_13,수산물 사는 데,식료품 중 '수산물'을 판매·제공하는 매장,val,수산물,T4 구어·문장,2d5f3edf-8246-47ab-908c-a4297de2da37,갈릴리 수산물 도매,수산물,죽도어시장,전통시장,경상북도,,,
5c1e53b9053942bdb74d,full_annotation_v1,A,q_수산물_13,수산물 사는 데,식료품 중 '수산물'을 판매·제공하는 매장,val,수산물,T4 구어·문장,b653c678-684a-4908-9e40-be3c66ac6091,도리포수산,수산물,인천종합어시장,전통시장,인천광역시,,,
1a79703faa3e8a8b783b,full_annotation_v1,A,q_수산물_13,수산물 사는 데,식료품 중 '수산물'을 판매·제공하는 매장,val,수산물,T4 구어·문장,ff9cd58c-c18b-4b82-868f-a4ae086940ca,숯불집,한식,연제초 앞 골목형상점가,골목형상점가,광주광역시,,,
452ec0d8c48abbcd803e,full_annotation_v1,A,q_수산물_13,수산물 사는 데,식료품 중 '수산물'을 판매·제공하는 매장,val,수산물,T4 구어·문장,2e9487ee-4825-4ee1-9b41-5777d0a99d6e,워싱턴수산,수산물,남광주시장,전통시장,,,,
7d9ad23ac052ee6a1ccb,full_annotation_v1,A,q_수산물_13,수산물 사는 데,식료품 중 '수산물'을 판매·제공하는 매장,val,수산물,T4 구어·문장,00bd252b-19f9-4e9a-bf26-b45280bb84ae,선옥상회,생선,고성 공룡시장,전통시장,경상남도,,,
f40f38550ab801b22677,full_annotation_v1,A,q_수산물_13,수산물 사는 데,식료품 중 '수산물'을 판매·제공하는 매장,val,수산물,T4 구어·문장,fc99b06d-341b-491e-b33a-2b7157dd7d38,창근수산,수산물,영광터미널시장,전통시장,전라남도,,,
289501ba40ecb6efca23,full_annotation_v1,A,q_수산물_13,수산물 사는 데,식료품 중 '수산물'을 판매·제공하는 매장,val,수산물,T4 구어·문장,491dc14e-f2c6-4ff8-af84-96f1ea7e52b0,신선상회,축산물,서동향토시장,전통시장,부산광역시,,,
06b5e86b7fdc0430b843,full_annotation_v1,A,q_수산물_13,수산물 사는 데,식료품 중 '수산물'을 판매·제공하는 매장,val,수산물,T4 구어·문장,e959b358-ff64-46ce-bf02-5ca4b5ad3cc2,형제수산,수산물,부안상설시장,전통시장,전북특별자치도,,,
b4943cd4f20f7fccc95f,full_annotation_v1,A,q_수산물_13,수산물 사는 데,식료품 중 '수산물'을 판매·제공하는 매장,val,수산물,T4 구어·문장,00f60c16-d8be-497f-80f2-aab3209a8d0e,포카포카,식당,전남여고후문 골목형상점가,골목형상점가,광주광역시,,,
00844b88b4fdfc616ed6,full_annotation_v1,A,q_수산물_13,수산물 사는 데,식료품 중 '수산물'을 판매·제공하는 매장,val,수산물,T4 구어·문장,64aa26d0-e9bd-4ab1-8226-3ef254166400,대림민물고기,수산물,구로시장,전통시장,서울특별시,,,
0993797d2a6ff126b7bf,full_annotation_v1,A,q_수산물_13,수산물 사는 데,식료품 중 '수산물'을 판매·제공하는 매장,val,수산물,T4 구어·문장,aca09e66-64c2-4867-a84b-36baf51e1dc8,수산물센타,수산물,화천재래시장,전통시장,강원특별자치도,,,
2820b374c74e55f84c4f,full_annotation_v1,A,q_수산물_13,수산물 사는 데,식료품 중 '수산물'을 판매·제공하는 매장,val,수산물,T4 구어·문장,cc5350e1-229f-4d9c-a431-4c09701df79f,황덕호,수산물,소래포구전통어시장,전통시장,인천광역시,,,
bc037558fce58ad77064,full_annotation_v1,A,q_수산물_13,수산물 사는 데,식료품 중 '수산물'을 판매·제공하는 매장,val,수산물,T4 구어·문장,7b771765-2189-498c-b5b0-9ef5ef116242,바다수산,수산물,노량진수산시장골목형상점가,골목형상점가,서울특별시,,,
30f6d6fb582aa6ae4a48,full_annotation_v1,A,q_수산물_13,수산물 사는 데,식료품 중 '수산물'을 판매·제공하는 매장,val,수산물,T4 구어·문장,fb75f196-0cfe-4edb-ab04-ffbddf44b7a9,가경식품,농산물,가경터미널시장,전통시장,충청북도,,,
5d7258f499bad2263485,full_annotation_v1,A,q_수산물_13,수산물 사는 데,식료품 중 '수산물'을 판매·제공하는 매장,val,수산물,T4 구어·문장,a8a490f7-2a1e-4f3c-909b-4fc5bf2c5f2f,유참치,수산물,남대문시장,전통시장,서울특별시,,,
5fb6f3a061752df52377,full_annotation_v1,A,q_수산물_14,해산물 파는 곳,식료품 중 '수산물'을 판매·제공하는 매장,val,수산물,T4 구어·문장,76a3551b-dae4-4326-92cc-662015aedbfb,쉴 곳,한식,칠성로상점가,자율상권구역,제주특별자치도,,,
9d3b9058d3e9091d8b7e,full_annotation_v1,A,q_수산물_14,해산물 파는 곳,식료품 중 '수산물'을 판매·제공하는 매장,val,수산물,T4 구어·문장,762cb3f8-c2f9-4637-b962-6e1f824dbed9,남해상회,해산물,마산어시장,전통시장,경상남도,,,
90a9662da894fca40973,full_annotation_v1,A,q_수산물_14,해산물 파는 곳,식료품 중 '수산물'을 판매·제공하는 매장,val,수산물,T4 구어·문장,44ac5b4a-fb53-42e1-8d88-d94dab393371,사시사철,해산물,유성문화원 골목형상점가,골목형상점가,대전광역시,,,
660522597af07cea18d1,full_annotation_v1,A,q_수산물_14,해산물 파는 곳,식료품 중 '수산물'을 판매·제공하는 매장,val,수산물,T4 구어·문장,7c774534-585f-41b5-bd48-04c4675ae15e,싱싱수산,해산물,해밀동 골목형상점가,골목형상점가,세종특별자치시,,,
803361ab527f5573cd0e,full_annotation_v1,A,q_수산물_14,해산물 파는 곳,식료품 중 '수산물'을 판매·제공하는 매장,val,수산물,T4 구어·문장,00cd5dee-c068-48da-bc58-a704d5fe8832,윤석수산,수산물 활어회 생선 게종류 젓갈 갑각류 해산물 등등,대공원시장,전통시장,대구광역시,,,
a039fa488469d874e3b0,full_annotation_v1,A,q_수산물_14,해산물 파는 곳,식료품 중 '수산물'을 판매·제공하는 매장,val,수산물,T4 구어·문장,013d58c8-33f8-4dbe-95de-801d22ea9505,민영활어공장 부천자유시장점,"회, 초밥",부천자유시장,전통시장,경기도,,,
8f505b69ae9e7053c4d9,full_annotation_v1,A,q_수산물_14,해산물 파는 곳,식료품 중 '수산물'을 판매·제공하는 매장,val,수산물,T4 구어·문장,1c027898-fec7-42dd-8259-0c7e2ae2cc68,제일회집,해산물,포항 대이상가 골목형상점가,골목형상점가,경상북도,,,
bb65b1bda4b0ecd6c447,full_annotation_v1,A,q_수산물_14,해산물 파는 곳,식료품 중 '수산물'을 판매·제공하는 매장,val,수산물,T4 구어·문장,c90120c9-896b-4f7a-8bca-84de8872d85f,중앙전복,해산물,통영중앙전통시장,전통시장,경상남도,,,
a9f2a74c26c212a138df,full_annotation_v1,A,q_수산물_14,해산물 파는 곳,식료품 중 '수산물'을 판매·제공하는 매장,val,수산물,T4 구어·문장,35b9a58f-7cb1-45d9-990e-89675412b1c4,완도집,해산물,영천시장,전통시장,서울특별시,,,
4b4ccaee648a8f08fab0,full_annotation_v1,A,q_수산물_14,해산물 파는 곳,식료품 중 '수산물'을 판매·제공하는 매장,val,수산물,T4 구어·문장,bd9162c7-b9a8-4a4c-bffe-a466aad169dc,광주수산,해산물,노량진수산시장골목형상점가,골목형상점가,서울특별시,,,
0e3aa8e9ecf94e184828,full_annotation_v1,A,q_수산물_14,해산물 파는 곳,식료품 중 '수산물'을 판매·제공하는 매장,val,수산물,T4 구어·문장,00f2b0df-41ab-4323-9e97-8a36a70c72dc,대박수산,해산물,거제 고현시장,전통시장,경상남도,,,
bd906a135cdd8838e8aa,full_annotation_v1,A,q_수산물_14,해산물 파는 곳,식료품 중 '수산물'을 판매·제공하는 매장,val,수산물,T4 구어·문장,a92cd8d9-6f93-44b4-98be-75a18acb1667,바다포차,해산물,안양중앙시장,전통시장,경기도,,,
e0ae6b9dbdb2e79cba29,full_annotation_v1,A,q_수산물_14,해산물 파는 곳,식료품 중 '수산물'을 판매·제공하는 매장,val,수산물,T4 구어·문장,c51cbfe8-f19d-4c8c-b893-0c5a9baf83b2,아!청춘을적신다,해산물,운남7단지먹자거리 골목형상점가,골목형상점가,광주광역시,,,
791f41c64774bb3b13ef,full_annotation_v1,A,q_수산물_14,해산물 파는 곳,식료품 중 '수산물'을 판매·제공하는 매장,val,수산물,T4 구어·문장,55509f64-21c0-4331-a898-2d6773343b0b,오징어바다회,해산물,에버랜드마을 골목형 상점가,골목형상점가,경기도,,,
5ab4a371d1027f6c4854,full_annotation_v1,A,q_수산물_14,해산물 파는 곳,식료품 중 '수산물'을 판매·제공하는 매장,val,수산물,T4 구어·문장,0004c5f7-95e0-45be-9f06-a705b8113ff0,의창수협67번중도매인,활어,진해 용원어시장상점가,자율상권구역,경상남도,,,
8b80f0112462050ed642,full_annotation_v1,A,q_수산물_14,해산물 파는 곳,식료품 중 '수산물'을 판매·제공하는 매장,val,수산물,T4 구어·문장,2827ddee-256b-4aa7-ac52-248a84818771,벌교해산물,해산물,순천역전시장상가,자율상권구역,전라남도,,,
a707586385ea73b567a2,full_annotation_v1,A,q_수산물_14,해산물 파는 곳,식료품 중 '수산물'을 판매·제공하는 매장,val,수산물,T4 구어·문장,58da5bf1-394e-47ba-abf5-94805807e50f,착한해물,해산물,용봉IC 골목형상점가,골목형상점가,광주광역시,,,
efa208caaa582a9571d5,full_annotation_v1,A,q_수산물_14,해산물 파는 곳,식료품 중 '수산물'을 판매·제공하는 매장,val,수산물,T4 구어·문장,1ea83d6a-b542-4392-9eb2-c2e44ccc28a4,코리아나호,해산물,초지항아리 골목형상점가,골목형상점가,경기도,,,
fe1a0180a2f1f9c87aca,full_annotation_v1,A,q_수산물_14,해산물 파는 곳,식료품 중 '수산물'을 판매·제공하는 매장,val,수산물,T4 구어·문장,e55f75f3-26bf-4dba-9e87-15ff7cf4b4da,삼성해물,해산물,청주육거리종합시장,전통시장,충청북도,,,
47d9e36247945bd78d3e,full_annotation_v1,A,q_수산물_14,해산물 파는 곳,식료품 중 '수산물'을 판매·제공하는 매장,val,수산물,T4 구어·문장,9e48f3b8-2eea-4bae-a9ce-031b50b3884d,샤론,의류,극동종합상가 골목형상점가,골목형상점가,서울특별시,,,
d6eb190726835266eeee,full_annotation_v1,A,q_수산물_14,해산물 파는 곳,식료품 중 '수산물'을 판매·제공하는 매장,val,수산물,T4 구어·문장,68f1b8c3-648f-4b9d-bd31-225c07068ea4,돼지조개,해산물,창원 반송시장,전통시장,경상남도,,,
8ee4498773221f10bf4a,full_annotation_v1,A,q_수산물_14,해산물 파는 곳,식료품 중 '수산물'을 판매·제공하는 매장,val,수산물,T4 구어·문장,bf835aa1-f939-4992-a3ef-20c537e79312,모바일샵,,나주읍성 골목형상점가,골목형상점가,,,,
5aa9efa66f0bf97fa426,full_annotation_v1,A,q_수산물_14,해산물 파는 곳,식료품 중 '수산물'을 판매·제공하는 매장,val,수산물,T4 구어·문장,001ec0bf-0eda-4aa8-8efc-a90930649cf5,원프룻,농수산물,정이있는 구포시장,전통시장,부산광역시,,,
feffe32465c843cf618d,full_annotation_v1,A,q_수산물_14,해산물 파는 곳,식료품 중 '수산물'을 판매·제공하는 매장,val,수산물,T4 구어·문장,00bd252b-19f9-4e9a-bf26-b45280bb84ae,선옥상회,생선,고성 공룡시장,전통시장,경상남도,,,
159d1309b907cbffa83b,full_annotation_v1,A,q_수산물_14,해산물 파는 곳,식료품 중 '수산물'을 판매·제공하는 매장,val,수산물,T4 구어·문장,c111ac9d-3f3a-405c-a8db-4d127ccda9e2,행복이 있는 곳,잡화,제주로얄쇼핑센터,자율상권구역,제주특별자치도,,,
45aa99e34b1a77503b60,full_annotation_v1,A,q_수산물_14,해산물 파는 곳,식료품 중 '수산물'을 판매·제공하는 매장,val,수산물,T4 구어·문장,ba51c21a-ba2a-421a-80da-695b00bd127c,루키초밥,해산물,월산로상인회 골목형상점가,골목형상점가,광주광역시,,,
63f6bc949b0f406b3748,full_annotation_v1,A,q_수산물_14,해산물 파는 곳,식료품 중 '수산물'을 판매·제공하는 매장,val,수산물,T4 구어·문장,f655eb1e-29eb-48a6-90fa-2f63afba501f,진심장어참숯구이,장어 한식,운남동우체국 골목형상점가,골목형상점가,광주광역시,,,
7842b9221ff6a1bcb544,full_annotation_v1,A,q_수산물_14,해산물 파는 곳,식료품 중 '수산물'을 판매·제공하는 매장,val,수산물,T4 구어·문장,870abd75-5e66-4780-900e-f42a5e692af6,모시모시,해산물,신창중앙,골목형상점가,광주광역시,,,
3917450525f0b8877ee9,full_annotation_v1,A,q_수산물_14,해산물 파는 곳,식료품 중 '수산물'을 판매·제공하는 매장,val,수산물,T4 구어·문장,007aece5-08b8-4eb0-b4c6-18d451eadcfd,영남상회,건어물,동쪽바다중앙시장(구 동해중앙시장),전통시장,강원특별자치도,,,
9427119fef4a87666a64,full_annotation_v1,A,q_수산물_14,해산물 파는 곳,식료품 중 '수산물'을 판매·제공하는 매장,val,수산물,T4 구어·문장,038f89c5-a204-4c80-9e31-9d22a3ba4c95,연스시,초밥,노은역 골목형상점가,골목형상점가,대전광역시,,,
acf4aaefe1ba5047a3f4,full_annotation_v1,A,q_수산물_14,해산물 파는 곳,식료품 중 '수산물'을 판매·제공하는 매장,val,수산물,T4 구어·문장,000d55be-8181-4f45-827e-52082b2ae284,명희유통,건어물,성북시장,전통시장,부산광역시,,,
52a63a5a34e709ed7785,full_annotation_v1,A,q_수산물_14,해산물 파는 곳,식료품 중 '수산물'을 판매·제공하는 매장,val,수산물,T4 구어·문장,005429a3-030e-492f-973c-1d5842eeac56,미래횟집,활어,사천 삼천포용궁수산시장,전통시장,경상남도,,,
a75c440f240806e0b018,full_annotation_v1,A,q_수산물_14,해산물 파는 곳,식료품 중 '수산물'을 판매·제공하는 매장,val,수산물,T4 구어·문장,b2209226-e503-4588-a041-584bbd9933b6,해안선,해산물,매탄중심상가 골목형상점가,골목형상점가,경기도,,,
4796bdfa7a34c9c54e1d,full_annotation_v1,A,q_수산물_14,해산물 파는 곳,식료품 중 '수산물'을 판매·제공하는 매장,val,수산물,T4 구어·문장,3adbefec-0d50-419a-9fa4-3ea9cd13a77d,안성해물,해산물,노량진수산시장골목형상점가,골목형상점가,서울특별시,,,
bfe424bd86cccfdb3442,full_annotation_v1,A,q_수산물_14,해산물 파는 곳,식료품 중 '수산물'을 판매·제공하는 매장,val,수산물,T4 구어·문장,d012fdd6-24ee-424e-9509-09eebc05e741,부산갈매기,해산물,노량진수산시장골목형상점가,골목형상점가,서울특별시,,,
2fb4eecd5db024769897,full_annotation_v1,A,q_수산물_14,해산물 파는 곳,식료품 중 '수산물'을 판매·제공하는 매장,val,수산물,T4 구어·문장,899af6fc-93b0-49d9-871a-0f7f97817ffd,어부정,해산물,마산가고파수산시장,전통시장,경상남도,,,
d368d6c81fcfa26fd4e5,full_annotation_v1,A,q_수산물_14,해산물 파는 곳,식료품 중 '수산물'을 판매·제공하는 매장,val,수산물,T4 구어·문장,0016aa1a-5730-45a0-b427-06b0f51fc005,든든한밥상,농수산물,화산면 골목형상점가,골목형상점가,전라남도,,,
c63d06b7e40ea137bf5a,full_annotation_v1,A,q_수산물_14,해산물 파는 곳,식료품 중 '수산물'을 판매·제공하는 매장,val,수산물,T4 구어·문장,fc8fb8cb-1292-44e7-8f08-f144f1e3dcce,우리동네수산시장,해산물,조원동상인연합회 골목형상점가,골목형상점가,경기도,,,
b539b1d30ff508753991,full_annotation_v1,A,q_수산물_14,해산물 파는 곳,식료품 중 '수산물'을 판매·제공하는 매장,val,수산물,T4 구어·문장,1332a409-094c-48e5-9c73-b72279e2af27,구룡포회,해산물,용산종합큰시장,전통시장,대구광역시,,,
8fae8dbe4a1ee6a46915,full_annotation_v1,A,q_수산물_14,해산물 파는 곳,식료품 중 '수산물'을 판매·제공하는 매장,val,수산물,T4 구어·문장,4f813637-e62c-46b1-8bbb-c4be7816c1a4,한빛장식,원단,부산진시장,전통시장,부산광역시,,,
e53dd8a8ec786353d784,full_annotation_v1,A,q_수산물_14,해산물 파는 곳,식료품 중 '수산물'을 판매·제공하는 매장,val,수산물,T4 구어·문장,333fa307-f61c-45a8-a79b-93fff676095e,대명어물,어물,서귀포향토오일시장,전통시장,제주특별자치도,,,
9c9ff8d644210f9d10fc,full_annotation_v1,A,q_수산물_14,해산물 파는 곳,식료품 중 '수산물'을 판매·제공하는 매장,val,수산물,T4 구어·문장,15ff42ba-12cd-4bb1-b7e5-f6d9c0e21c7e,밀양횟집,해산물,부평깡통시장(구 부산부평시장),전통시장,부산광역시,,,
ffdb80464efb7a16f43f,full_annotation_v1,A,q_수산물_14,해산물 파는 곳,식료품 중 '수산물'을 판매·제공하는 매장,val,수산물,T4 구어·문장,2a0ba145-5d73-455b-97dc-9155e3c55e79,고흥수산,해산물,양동수산시장,전통시장,광주광역시,,,
ca0c781489278a14f5ec,full_annotation_v1,A,q_수산물_14,해산물 파는 곳,식료품 중 '수산물'을 판매·제공하는 매장,val,수산물,T4 구어·문장,1499f5d4-8564-4507-b60e-16d0b82a66bd,오성수산,해산물,조원동상인연합회 골목형상점가,골목형상점가,경기도,,,
76a54bc435e543af320b,full_annotation_v1,A,q_수산물_14,해산물 파는 곳,식료품 중 '수산물'을 판매·제공하는 매장,val,수산물,T4 구어·문장,6c8bbb73-524f-467a-981d-34051641fc64,조은수산,해산물,기장시장,전통시장,부산광역시,,,
eccac97b0dc95e5c4327,full_annotation_v1,A,q_수산물_14,해산물 파는 곳,식료품 중 '수산물'을 판매·제공하는 매장,val,수산물,T4 구어·문장,c161453d-f2c8-4b97-a2c3-a54e0cbdb7e8,생활용품 싸게 파는 집,잡화,안성중앙시장,전통시장,경기도,,,
d59870da637167c74797,full_annotation_v1,A,q_수산물_14,해산물 파는 곳,식료품 중 '수산물'을 판매·제공하는 매장,val,수산물,T4 구어·문장,0184d57c-b046-41ed-b40b-54148376f271,사계절,해산물,풍암벚꽃길상인회 골목형상점가,골목형상점가,광주광역시,,,
05d4ab95c02d0d348d25,full_annotation_v1,A,q_수산물_14,해산물 파는 곳,식료품 중 '수산물'을 판매·제공하는 매장,val,수산물,T4 구어·문장,838e978c-5784-45cb-b73d-e44f9c773758,우리수산,해산물,노량진수산시장골목형상점가,골목형상점가,서울특별시,,,
1a6dcd3d0a2b197e257b,full_annotation_v1,A,q_수산물_14,해산물 파는 곳,식료품 중 '수산물'을 판매·제공하는 매장,val,수산물,T4 구어·문장,00ba389b-e522-4da5-ac26-2ffaf33359ec,스시노유키,초밥,산본로데오거리(구 산본중심상가),자율상권구역,경기도,,,
eb4c194ae330384d8f43,full_annotation_v1,A,q_수산물_14,해산물 파는 곳,식료품 중 '수산물'을 판매·제공하는 매장,val,수산물,T4 구어·문장,f611aa53-e25b-40e3-b7ea-6dee91d055a1,시로미,해산물,일곡동(제9지역:커피의 거리),골목형상점가,광주광역시,,,
ccf5eefc6310b248e15d,full_annotation_v1,A,q_수산물_14,해산물 파는 곳,식료품 중 '수산물'을 판매·제공하는 매장,val,수산물,T4 구어·문장,00356e71-7b15-4a42-be60-f232011707b8,유한회사 덕재건재,건어물,가락몰골목형상점가,골목형상점가,서울특별시,,,
96654c7e38087ab6fb81,full_annotation_v1,A,q_수산물_14,해산물 파는 곳,식료품 중 '수산물'을 판매·제공하는 매장,val,수산물,T4 구어·문장,bfe0f34a-908c-40a1-aa04-055825e53da5,황재조개궁녀,해산물,마산어시장,전통시장,경상남도,,,
8461a2d55e2083e08abe,full_annotation_v1,A,q_수산물_14,해산물 파는 곳,식료품 중 '수산물'을 판매·제공하는 매장,val,수산물,T4 구어·문장,47f89ae8-af3e-46b7-8f18-262cbb449a33,통통배,해산물,염주먹자골목B구역상인회 골목형상점가,골목형상점가,광주광역시,,,
8eda18e0c51f37c15026,full_annotation_v1,A,q_수산물_14,해산물 파는 곳,식료품 중 '수산물'을 판매·제공하는 매장,val,수산물,T4 구어·문장,016ddf29-de07-40e1-a642-8c2a45a6f19d,연희어시장,횟집,연희로 골목형상점가,골목형상점가,인천광역시,,,
5c117d29971de39abb33,full_annotation_v1,A,q_수산물_14,해산물 파는 곳,식료품 중 '수산물'을 판매·제공하는 매장,val,수산물,T4 구어·문장,6208f931-a486-43ae-9fdc-99afa86f7134,진주상회,해산물,마산어시장,전통시장,경상남도,,,
9bc8247868c38113abb1,full_annotation_v1,A,q_수산물_14,해산물 파는 곳,식료품 중 '수산물'을 판매·제공하는 매장,val,수산물,T4 구어·문장,00a40df6-e218-4c9e-951f-b2c1a3ee676e,영흥수산,생선,가락몰골목형상점가,골목형상점가,서울특별시,,,
8f5155607da482688e0e,full_annotation_v1,A,q_수산물_14,해산물 파는 곳,식료품 중 '수산물'을 판매·제공하는 매장,val,수산물,T4 구어·문장,00298213-17ea-453a-b6e6-375d9ef636b6,대양농수산,농수산물,부평깡시장,전통시장,인천광역시,,,
912d9e482b56dffcf0bd,full_annotation_v1,A,q_수산물_14,해산물 파는 곳,식료품 중 '수산물'을 판매·제공하는 매장,val,수산물,T4 구어·문장,300eeb90-4760-42b8-9de1-a4b66f4463ac,달인해산물,해산물,서귀포매일올레시장,전통시장,제주특별자치도,,,
710cf73028eae576b544,full_annotation_v1,A,q_수산물_14,해산물 파는 곳,식료품 중 '수산물'을 판매·제공하는 매장,val,수산물,T4 구어·문장,6b361318-0451-4450-97f0-a8922a74ed8e,모녀상회,해산물,자갈치시장,전통시장,부산광역시,,,
db58b4f146cf8f831944,full_annotation_v1,A,q_수산물_14,해산물 파는 곳,식료품 중 '수산물'을 판매·제공하는 매장,val,수산물,T4 구어·문장,fee80b53-6b7b-4304-bfeb-a188e60c2637,고기퍼주는 김치찌개.찜 양산점,한식,오케이 양산동 골목형상점가,골목형상점가,광주광역시,,,
905a88b601b5abe74871,full_annotation_v1,A,q_수산물_14,해산물 파는 곳,식료품 중 '수산물'을 판매·제공하는 매장,val,수산물,T4 구어·문장,789b1367-9da6-4b76-86c2-fdf96e5fedad,똥광,해산물,팔등로기부거리,골목형상점가,울산광역시,,,
5911b26455c024a61f6d,full_annotation_v1,A,q_수산물_14,해산물 파는 곳,식료품 중 '수산물'을 판매·제공하는 매장,val,수산물,T4 구어·문장,77dc91df-69fe-447b-9766-7ca8be2f7912,우리해산물,해산물,서귀포매일올레시장,전통시장,제주특별자치도,,,
afadd817d55405662b4d,full_annotation_v1,A,q_수산물_14,해산물 파는 곳,식료품 중 '수산물'을 판매·제공하는 매장,val,수산물,T4 구어·문장,7f7b5990-f8ca-42e0-9e7e-8843c320c406,남도,해산물,조원복길골목형상점가,골목형상점가,서울특별시,,,
ed3caa8cbad7a55ba8bd,full_annotation_v1,A,q_수산물_14,해산물 파는 곳,식료품 중 '수산물'을 판매·제공하는 매장,val,수산물,T4 구어·문장,a6bbdad2-78b2-4bc7-aa0e-c7cc49d51798,티스테이션 광주양산점,타이어,오케이 양산동 골목형상점가,골목형상점가,광주광역시,,,
9fa279ad55492b03ef2d,full_annotation_v1,A,q_수산물_14,해산물 파는 곳,식료품 중 '수산물'을 판매·제공하는 매장,val,수산물,T4 구어·문장,009b69b5-365a-4958-87e7-f224f253b92a,동문올레횟집,횟집,동문수산시장,전통시장,제주특별자치도,,,
492c9ca22de3f816201d,full_annotation_v1,A,q_수산물_14,해산물 파는 곳,식료품 중 '수산물'을 판매·제공하는 매장,val,수산물,T4 구어·문장,01afaafa-2a46-4977-8015-55762957ee7a,다래초밥,초밥,동문동 골목형상점가,골목형상점가,충청남도,,,
865d995f39c89beb669e,full_annotation_v1,A,q_수산물_14,해산물 파는 곳,식료품 중 '수산물'을 판매·제공하는 매장,val,수산물,T4 구어·문장,b0fa6654-7609-492f-a030-c54111403cae,삼천포수산,해산물,진주 논개시장,전통시장,경상남도,,,
a6563f3b47b754fb0605,full_annotation_v1,A,q_수산물_14,해산물 파는 곳,식료품 중 '수산물'을 판매·제공하는 매장,val,수산물,T4 구어·문장,afee9ad5-32c5-4ad7-bc9e-6a0fe292bebe,만나물회,해산물,포항 대이상가 골목형상점가,골목형상점가,경상북도,,,
3c7265b9c7476c839f9b,full_annotation_v1,A,q_수산물_14,해산물 파는 곳,식료품 중 '수산물'을 판매·제공하는 매장,val,수산물,T4 구어·문장,6d2967fa-a63c-483f-9aa6-db9e7fe58cc4,천양상회,해산물,민락어민활어직판장,자율상권구역,부산광역시,,,
6289bffb3a0cd0704086,full_annotation_v1,A,q_수산물_14,해산물 파는 곳,식료품 중 '수산물'을 판매·제공하는 매장,val,수산물,T4 구어·문장,0130dbd3-b9ea-43f4-98fd-26d8afd90b78,모래내시장순대,식당,전주모래내시장,전통시장,전북특별자치도,,,
93e66703b65a14c552a1,full_annotation_v1,A,q_수산물_14,해산물 파는 곳,식료품 중 '수산물'을 판매·제공하는 매장,val,수산물,T4 구어·문장,03cbd591-5ee7-4f9b-842e-8dc427925406,신흥상회,어물,상주중앙시장,전통시장,경상북도,,,
f46e08154bf48f0ee1a6,full_annotation_v1,A,q_수산물_14,해산물 파는 곳,식료품 중 '수산물'을 판매·제공하는 매장,val,수산물,T4 구어·문장,2c0b969c-c1a1-4918-b0a8-19679c0c4c8b,방어진해남수산,해산물,슬도 골목형상점가,골목형상점가,울산광역시,,,
6a78b0d22d69a6619363,full_annotation_v1,A,q_수산물_14,해산물 파는 곳,식료품 중 '수산물'을 판매·제공하는 매장,val,수산물,T4 구어·문장,a3fe5865-24aa-45bb-965c-85630acd802c,윤선생영어교실 진월센터,"서적, 학습지",유촌동상인회 골목형상점가,골목형상점가,광주광역시,,,
35982804d31abc69fcb0,full_annotation_v1,A,q_수산물_14,해산물 파는 곳,식료품 중 '수산물'을 판매·제공하는 매장,val,수산물,T4 구어·문장,0c3b8779-121d-47f0-849c-682b3472b490,동서해물,해산물,양산 덕계종합상설시장,전통시장,경상남도,,,
ba528aeaba4c51b23ce2,full_annotation_v1,A,q_수산물_14,해산물 파는 곳,식료품 중 '수산물'을 판매·제공하는 매장,val,수산물,T4 구어·문장,eab8572a-d0c6-410e-86ac-ded0cb0564bb,길목식당,해산물,백년소상공인,기타,경상남도,,,
6905504b8193c2ed29e9,full_annotation_v1,A,q_수산물_14,해산물 파는 곳,식료품 중 '수산물'을 판매·제공하는 매장,val,수산물,T4 구어·문장,875fe014-0bc4-4fac-b82b-1ce58589cdfc,북해참치,해산물,구성언남 골목형상점가,골목형상점가,경기도,,,
713b2c8523e984f47fa1,full_annotation_v1,A,q_수산물_14,해산물 파는 곳,식료품 중 '수산물'을 판매·제공하는 매장,val,수산물,T4 구어·문장,081228e7-6107-4933-9b5d-eeb158010286,서림해산물,해산물,서귀포매일올레시장,전통시장,제주특별자치도,,,
8010741f05c5ce0c1689,full_annotation_v1,A,q_수산물_14,해산물 파는 곳,식료품 중 '수산물'을 판매·제공하는 매장,val,수산물,T4 구어·문장,e283eca8-998a-445b-9278-06af2039f388,자갈치횟집,해산물,마산어시장,전통시장,경상남도,,,
9cabd9d700a1e5196aea,full_annotation_v1,A,q_수산물_14,해산물 파는 곳,식료품 중 '수산물'을 판매·제공하는 매장,val,수산물,T4 구어·문장,ccedb1dd-dc6d-44de-95fb-7fcb4d72d032,북촌,해산물,구성언남 골목형상점가,골목형상점가,경기도,,,
6f6bae7fdc9db52402e6,full_annotation_v1,A,q_수산물_14,해산물 파는 곳,식료품 중 '수산물'을 판매·제공하는 매장,val,수산물,T4 구어·문장,49a72fbc-0ac2-420a-929a-2c01e86aa1b7,김민희헤어,,나주읍성 골목형상점가,골목형상점가,,,,
100d89f8397172975be8,full_annotation_v1,A,q_수산물_14,해산물 파는 곳,식료품 중 '수산물'을 판매·제공하는 매장,val,수산물,T4 구어·문장,010c1855-b46f-4e37-b975-8115c4249b0f,용궁횟집,,자갈치시장,전통시장,부산광역시,,,
27f4f1b65c6a486b8316,full_annotation_v1,A,q_수산물_14,해산물 파는 곳,식료품 중 '수산물'을 판매·제공하는 매장,val,수산물,T4 구어·문장,9bb9caa0-21d4-4852-b083-e371a7e9d4d4,형제상회,해산물,강경젓갈시장,전통시장,충청남도,,,
b00b423700b29a8ae77e,full_annotation_v1,A,q_수산물_14,해산물 파는 곳,식료품 중 '수산물'을 판매·제공하는 매장,val,수산물,T4 구어·문장,c13f74d6-e954-4ec0-beb0-9dd4099184a8,복순횟집,해산물,하남 골목형상점가,골목형상점가,광주광역시,,,
6b4658a5ec0824dc56ea,full_annotation_v1,A,q_수산물_14,해산물 파는 곳,식료품 중 '수산물'을 판매·제공하는 매장,val,수산물,T4 구어·문장,81d78dc6-9db0-4570-a4fa-f634bc93b13e,남도술상,해산물,고촌 먹거리타운 골목형상점가,골목형상점가,경기도,,,
31c037eef6f815d69682,full_annotation_v1,A,q_수산물_14,해산물 파는 곳,식료품 중 '수산물'을 판매·제공하는 매장,val,수산물,T4 구어·문장,5de2721c-ae31-4ffe-b6c1-39f699001118,아우네,해산물,치동천 수변상가,자율상권구역,경기도,,,
d89bdb766297c2cbf92b,full_annotation_v1,A,q_수산물_14,해산물 파는 곳,식료품 중 '수산물'을 판매·제공하는 매장,val,수산물,T4 구어·문장,74f5466e-e45f-4f41-8dcf-7572600bd262,만선,해산물,전남대후문골목형상점가,골목형상점가,광주광역시,,,
8d834f3204a88910e698,full_annotation_v1,A,q_수산물_14,해산물 파는 곳,식료품 중 '수산물'을 판매·제공하는 매장,val,수산물,T4 구어·문장,ad5c0337-c3b9-4f02-bc97-1bb6098c9673,태평양,해산물,민락어민활어직판장,자율상권구역,부산광역시,,,
05c3620c044aea15d097,full_annotation_v1,A,q_수산물_14,해산물 파는 곳,식료품 중 '수산물'을 판매·제공하는 매장,val,수산물,T4 구어·문장,008cfdc1-610a-407a-a03b-4c6dae7106f4,주영수산,활어,목포북항상점가,자율상권구역,전라남도,,,
9f873ca6f9020c6833ae,full_annotation_v1,A,q_수산물_14,해산물 파는 곳,식료품 중 '수산물'을 판매·제공하는 매장,val,수산물,T4 구어·문장,1ca624a5-320c-4477-a569-941cc1bf2e9e,여보게친구,해산물,신창 골목형상점가,골목형상점가,광주광역시,,,
3e8a9eaa39f1c14bda49,full_annotation_v1,A,q_수산물_14,해산물 파는 곳,식료품 중 '수산물'을 판매·제공하는 매장,val,수산물,T4 구어·문장,59a97761-657f-4f31-a1f7-5517fbbe9d58,해적,해산물,신중동시계탑별빛거리 골목형상점가,골목형상점가,경기도,,,
78b3b275ba8b473f05a9,full_annotation_v1,A,q_수산물_14,해산물 파는 곳,식료품 중 '수산물'을 판매·제공하는 매장,val,수산물,T4 구어·문장,5a06f487-fa84-4ba2-b2de-d81bd1cb4873,푸른바다,해산물,경주성동공설시장,전통시장,경상북도,,,
47325755a07d9542b9fa,full_annotation_v1,A,q_수산물_14,해산물 파는 곳,식료품 중 '수산물'을 판매·제공하는 매장,val,수산물,T4 구어·문장,f035a93b-0d0d-452e-903c-4d35a9756cf8,완도참전복집,해산물,포항 대이상가 골목형상점가,골목형상점가,경상북도,,,
91d8778930870d5d0af8,full_annotation_v1,A,q_수산물_14,해산물 파는 곳,식료품 중 '수산물'을 판매·제공하는 매장,val,수산물,T4 구어·문장,00779863-22b7-4378-adca-42362eff7e3f,장복횟집.수산,생선회,"안면도수산시장(구, 안면도장터)",전통시장,충청남도,,,
aabbe6e42d03e702e868,full_annotation_v1,A,q_수산물_14,해산물 파는 곳,식료품 중 '수산물'을 판매·제공하는 매장,val,수산물,T4 구어·문장,8755096a-eb8f-4c28-86d7-c02cb41140c7,물바우,해산물,흑석시장골목형상점가,골목형상점가,서울특별시,,,
e0ad7f06b66ff29dcc90,full_annotation_v1,A,q_수산물_14,해산물 파는 곳,식료품 중 '수산물'을 판매·제공하는 매장,val,수산물,T4 구어·문장,5c177803-d700-442e-94a1-785b9cb24a22,엄마네,해산물,신석로골목형상점가,골목형상점가,인천광역시,,,
0d55412a1370f61c2911,full_annotation_v1,A,q_수산물_14,해산물 파는 곳,식료품 중 '수산물'을 판매·제공하는 매장,val,수산물,T4 구어·문장,c011e509-614d-4138-8976-d94cb189f739,명성상회,해산물,신동아수산물종합시장,전통시장,부산광역시,,,
bc12fec1621a6cd18150,full_annotation_v1,A,q_수산물_14,해산물 파는 곳,식료품 중 '수산물'을 판매·제공하는 매장,val,수산물,T4 구어·문장,005eb589-94b0-4a7e-b4e4-ef8cf64b0762,스시쿄다이,일식,동홍8번가 골목형상점가,골목형상점가,제주특별자치도,,,
ad9ea69026f9e11cdfe6,full_annotation_v1,A,q_수산물_14,해산물 파는 곳,식료품 중 '수산물'을 판매·제공하는 매장,val,수산물,T4 구어·문장,5016d7ff-61cf-45cd-a905-bd1c22f78730,글로벌헤어,미용실,참샘상인회 골목형상점가,골목형상점가,광주광역시,,,
a6e80864ce7e05a9c1af,full_annotation_v1,A,q_수산물_14,해산물 파는 곳,식료품 중 '수산물'을 판매·제공하는 매장,val,수산물,T4 구어·문장,14bdd11c-fe68-4aa9-8659-86c1f0c8498d,윤주수산,해산물,진해 용원어시장상점가,자율상권구역,경상남도,,,
d7038234141f6e77ca50,full_annotation_v1,A,q_수산물_14,해산물 파는 곳,식료품 중 '수산물'을 판매·제공하는 매장,val,수산물,T4 구어·문장,9928713a-e8af-4725-aa6e-b03d8f974587,미미수산,해산물,마산가고파수산시장,전통시장,경상남도,,,
6adfc3ff7f5dd217930f,full_annotation_v1,A,q_수산물_14,해산물 파는 곳,식료품 중 '수산물'을 판매·제공하는 매장,val,수산물,T4 구어·문장,3161afba-0d9e-4c94-8797-3f85599bf5f6,계절막회,해산물,동백역 골목형상점가,골목형상점가,경기도,,,
a22a13480845376a66fb,full_annotation_v1,A,q_수산물_14,해산물 파는 곳,식료품 중 '수산물'을 판매·제공하는 매장,val,수산물,T4 구어·문장,2463cf8a-98c7-4351-a3d9-b858ff48b359,광명상회,해산물,노량진수산시장골목형상점가,골목형상점가,서울특별시,,,
63bdd05b3784d7c6fc13,full_annotation_v1,A,q_수산물_14,해산물 파는 곳,식료품 중 '수산물'을 판매·제공하는 매장,val,수산물,T4 구어·문장,00a0d437-836b-453d-b15e-55fbf7dc8460,대박수산,생선,청주육거리종합시장,전통시장,충청북도,,,
78c5cf2905ecb21cba92,full_annotation_v1,A,q_수산물_14,해산물 파는 곳,식료품 중 '수산물'을 판매·제공하는 매장,val,수산물,T4 구어·문장,a87d9091-cfb1-4404-87fe-fac9fc88f969,먹물군단,해산물,삼익사거리 골목형상점가,골목형상점가,광주광역시,,,
e14d9dd4af2be619d600,full_annotation_v1,A,q_수산물_14,해산물 파는 곳,식료품 중 '수산물'을 판매·제공하는 매장,val,수산물,T4 구어·문장,df7685b1-bc53-4f8f-9c61-03215ecd4e52,신광상회,해산물,자갈치시장,전통시장,부산광역시,,,
5d550b08996b1ac48e9d,full_annotation_v1,A,q_수산물_14,해산물 파는 곳,식료품 중 '수산물'을 판매·제공하는 매장,val,수산물,T4 구어·문장,3526958d-da64-4c90-a75c-c55162fbe0d3,최씨어물전,,영천공설시장,전통시장,경상북도,,,
393b1226c235eb7352e2,full_annotation_v1,A,q_수산물_14,해산물 파는 곳,식료품 중 '수산물'을 판매·제공하는 매장,val,수산물,T4 구어·문장,5cbcc422-9318-49db-bd51-8a53a3de3ac5,33돼지,음식,방천시장,전통시장,대구광역시,,,
39afbb5487cd4fc7d824,full_annotation_v1,A,q_수산물_14,해산물 파는 곳,식료품 중 '수산물'을 판매·제공하는 매장,val,수산물,T4 구어·문장,004032ef-2ae7-4e97-ac30-b12a0869e930,시장횟집,횟집,광양매일시장(광양상설시장),전통시장,전라남도,,,
72e7ca589f72d712ceed,full_annotation_v1,A,q_수산물_14,해산물 파는 곳,식료품 중 '수산물'을 판매·제공하는 매장,val,수산물,T4 구어·문장,002e7e87-5677-44ca-85c4-9e5b87e7994f,한양수산,생선,안중시장,전통시장,경기도,,,
9e01d82638278b556749,full_annotation_v1,A,q_수산물_14,해산물 파는 곳,식료품 중 '수산물'을 판매·제공하는 매장,val,수산물,T4 구어·문장,004d071d-dda6-41e4-9fcb-7c74c8f8ef0f,영남상회,건어물,수영팔도시장(구 수영팔도상가시장),전통시장,부산광역시,,,
344037298ad383518340,full_annotation_v1,A,q_수산물_14,해산물 파는 곳,식료품 중 '수산물'을 판매·제공하는 매장,val,수산물,T4 구어·문장,01286ec0-50e0-4540-b678-ec706fb3bcbb,설곰식당,식당,산업용재관,전통시장,대구광역시,,,
1e20b1da7b5ce0244f77,full_annotation_v1,A,q_수산물_14,해산물 파는 곳,식료품 중 '수산물'을 판매·제공하는 매장,val,수산물,T4 구어·문장,00fcc68d-3086-4b45-b998-f3763e8dbf7d,꼬치마요 산본역점(9호점),일식,산본로데오거리(구 산본중심상가),자율상권구역,경기도,,,
58a8d354d5ca36a1221d,full_annotation_v1,A,q_수산물_14,해산물 파는 곳,식료품 중 '수산물'을 판매·제공하는 매장,val,수산물,T4 구어·문장,0fb2855c-7f87-440e-acad-20bb9be7ce45,선경,세탁,제주시터미널 골목형상점가,골목형상점가,제주특별자치도,,,
3983787b6f76c7aa4c33,full_annotation_v1,A,q_수산물_14,해산물 파는 곳,식료품 중 '수산물'을 판매·제공하는 매장,val,수산물,T4 구어·문장,0bf687ec-4ea8-4932-a2c4-401f28aab97f,중앙어물,어물,모슬포 중앙시장,전통시장,제주특별자치도,,,
4c4a94ef6a34dc43b25c,full_annotation_v1,A,q_수산물_14,해산물 파는 곳,식료품 중 '수산물'을 판매·제공하는 매장,val,수산물,T4 구어·문장,ea86199c-3296-4080-9cbf-1fbf91832e90,밥이맛있는집,한식,제주시터미널 골목형상점가,골목형상점가,제주특별자치도,,,
4a6058277d3f0a906670,full_annotation_v1,A,q_수산물_14,해산물 파는 곳,식료품 중 '수산물'을 판매·제공하는 매장,val,수산물,T4 구어·문장,00ac75c4-6e3f-4d23-8a6a-1dc8ba294b85,우진수산,"수산물, 활어",효자시장,전통시장,경상북도,,,
89da8acc3ce6cc158457,full_annotation_v1,A,q_수산물_14,해산물 파는 곳,식료품 중 '수산물'을 판매·제공하는 매장,val,수산물,T4 구어·문장,cb555ef8-aca2-446c-a819-e646dbb00d14,히야,해산물,교동시장1길 상점가,자율상권구역,대구광역시,,,
ae2494e02aa4a4075b98,full_annotation_v1,A,q_수산물_14,해산물 파는 곳,식료품 중 '수산물'을 판매·제공하는 매장,val,수산물,T4 구어·문장,e34de8a7-edd1-490c-b9d4-200ca2520182,동원수산,해산물,팔달신시장,전통시장,대구광역시,,,
42ef7c8c473ebf3ecbdf,full_annotation_v1,A,q_수산물_14,해산물 파는 곳,식료품 중 '수산물'을 판매·제공하는 매장,val,수산물,T4 구어·문장,6d122be3-0e7d-49dd-8b65-95fc67f5b1a6,거기회센타,해산물,송탄관광특구 골목형상점가,골목형상점가,경기도,,,
aff0834d2d4cfb54f165,full_annotation_v1,A,q_수산물_14,해산물 파는 곳,식료품 중 '수산물'을 판매·제공하는 매장,val,수산물,T4 구어·문장,80ea62f6-fafe-43fa-8198-ea06fda62f4b,거제 해산물,해산물,용호골목시장,전통시장,부산광역시,,,
a3ed00ee968f8cb507dc,full_annotation_v1,A,q_수산물_14,해산물 파는 곳,식료품 중 '수산물'을 판매·제공하는 매장,val,수산물,T4 구어·문장,559ad30f-a7cf-423c-b8fc-017690d93b59,그린횟집,회 해산물,포항 대이상가 골목형상점가,골목형상점가,경상북도,,,
6b6e3efe52aa31e8091d,full_annotation_v1,A,q_수산물_14,해산물 파는 곳,식료품 중 '수산물'을 판매·제공하는 매장,val,수산물,T4 구어·문장,30d5afbc-fd4b-49bb-9e1c-2469652e5921,추씨어물점,어물,영천공설시장,전통시장,경상북도,,,
ef0ffd8bdf2624d42f63,full_annotation_v1,A,q_수산물_14,해산물 파는 곳,식료품 중 '수산물'을 판매·제공하는 매장,val,수산물,T4 구어·문장,5633ef5b-9e39-4226-ac78-ea875d3ca5b1,대구상회,해산물,진해중앙시장,전통시장,경상남도,,,
6b4b97d4e70225be9122,full_annotation_v1,A,q_수산물_14,해산물 파는 곳,식료품 중 '수산물'을 판매·제공하는 매장,val,수산물,T4 구어·문장,bb7dcbd2-544d-4976-ab8f-b51bfb3b0796,보석창고,잡화,간석자유시장,전통시장,인천광역시,,,
9c33fc4228bf002e17e2,full_annotation_v1,A,q_수산물_14,해산물 파는 곳,식료품 중 '수산물'을 판매·제공하는 매장,val,수산물,T4 구어·문장,3f4b7db6-27c4-4ead-a391-5ae661d7e225,아까사까2,해산물 한식,두산동밤마실거리 골목형상점가,골목형상점가,대구광역시,,,
09ae06123a7d94b81953,full_annotation_v1,A,q_수산물_14,해산물 파는 곳,식료품 중 '수산물'을 판매·제공하는 매장,val,수산물,T4 구어·문장,16b2d000-6695-4ca2-8567-2d8079f9029a,해원,횟집회 및 해산물,백년소상공인,기타,제주특별자치도,,,
f471322056da69561bd4,full_annotation_v1,A,q_수산물_14,해산물 파는 곳,식료품 중 '수산물'을 판매·제공하는 매장,val,수산물,T4 구어·문장,f66d0f83-a218-4961-a055-587865431fc5,영숙이네,해산물,주문진좌판풍물시장,전통시장,강원특별자치도,,,
7bebfd8cc88b114d8037,full_annotation_v1,A,q_수산물_14,해산물 파는 곳,식료품 중 '수산물'을 판매·제공하는 매장,val,수산물,T4 구어·문장,d7e92b09-b648-4bcb-aee7-aa922cd575d3,바다횟집,해산물,상대동 골목형상점가,골목형상점가,대전광역시,,,
0a06ab9e07799cd0cdfc,full_annotation_v1,A,q_수산물_14,해산물 파는 곳,식료품 중 '수산물'을 판매·제공하는 매장,val,수산물,T4 구어·문장,67de312b-60dd-4d89-9b71-dd479a57212f,쇼부,해산물,풍암신암상인회 골목형상점가,골목형상점가,광주광역시,,,
9bb55e0c915b41302a64,full_annotation_v1,A,q_수산물_14,해산물 파는 곳,식료품 중 '수산물'을 판매·제공하는 매장,val,수산물,T4 구어·문장,00527b0b-893c-4d64-862e-3ef8113d07fb,해선언니네,건어물,용상공설시장,전통시장,경상북도,,,
e8e78a6a15b4990b0b07,full_annotation_v1,A,q_수산물_14,해산물 파는 곳,식료품 중 '수산물'을 판매·제공하는 매장,val,수산물,T4 구어·문장,b70538fa-92dd-4802-854c-862e0c7cda91,커피앤드비,경양식,안동구시장,전통시장,경상북도,,,
f358c4a02f66bda796a6,full_annotation_v1,A,q_수산물_14,해산물 파는 곳,식료품 중 '수산물'을 판매·제공하는 매장,val,수산물,T4 구어·문장,c1b5f7cd-108b-4415-8101-717e70ba478f,금스시&참치,해산물,동탄역골목형상점가,골목형상점가,경기도,,,
9f325f2115d43be696c4,full_annotation_v1,A,q_수산물_14,해산물 파는 곳,식료품 중 '수산물'을 판매·제공하는 매장,val,수산물,T4 구어·문장,54f6441f-dcaf-431a-91f3-22fb8cc8e98f,제일수산,해산물,역곡상상시장(구 역곡북부시장),전통시장,경기도,,,
6d94e04bf3902f6c9f78,full_annotation_v1,A,q_수산물_14,해산물 파는 곳,식료품 중 '수산물'을 판매·제공하는 매장,val,수산물,T4 구어·문장,a71625a5-3847-416f-8298-10af4eb30056,지원수산,해산물,못골골목시장,전통시장,부산광역시,,,
054b946acece8942698f,full_annotation_v1,A,q_수산물_14,해산물 파는 곳,식료품 중 '수산물'을 판매·제공하는 매장,val,수산물,T4 구어·문장,74c89370-aa17-46d2-bbd2-bf690fa810f6,어른이날,해산물,양지마을 골목형상점가,골목형상점가,광주광역시,,,
82834c2cc450ae80a894,full_annotation_v1,A,q_수산물_14,해산물 파는 곳,식료품 중 '수산물'을 판매·제공하는 매장,val,수산물,T4 구어·문장,77d4c84e-612c-4ced-acf0-96c8aa89467a,삼일상사,기타 의류,삼익패션타운,전통시장,서울특별시,,,
1ac6b7f496baf0423f86,full_annotation_v1,A,q_수산물_14,해산물 파는 곳,식료품 중 '수산물'을 판매·제공하는 매장,val,수산물,T4 구어·문장,10ec274b-c128-4aed-bf30-dcc1e804dbe9,군산상회,해산물,양동시장,전통시장,광주광역시,,,
b7d36af90e233f522572,full_annotation_v1,A,q_수산물_14,해산물 파는 곳,식료품 중 '수산물'을 판매·제공하는 매장,val,수산물,T4 구어·문장,20736d47-260a-49c1-b5f3-faede9645a9f,해물촌,해산물,거제 고현자율상권,,경상남도,,,
4da995a160b3746081f5,full_annotation_v1,A,q_수산물_14,해산물 파는 곳,식료품 중 '수산물'을 판매·제공하는 매장,val,수산물,T4 구어·문장,9eb1af95-5a43-458f-862e-1ac3122e9a34,고흥해물,해산물,노량진수산시장골목형상점가,골목형상점가,서울특별시,,,
03b644353076c9e65d7e,full_annotation_v1,A,q_수산물_14,해산물 파는 곳,식료품 중 '수산물'을 판매·제공하는 매장,val,수산물,T4 구어·문장,24456103-f6b8-46af-8655-82e61d7265d8,커피가 머무르는 곳,커피,반드레길골목형상점가,골목형상점가,서울특별시,,,
241534a0e5df2db7faf3,full_annotation_v1,A,q_수산물_14,해산물 파는 곳,식료품 중 '수산물'을 판매·제공하는 매장,val,수산물,T4 구어·문장,8d6a5b3f-d491-4527-9561-f10701869f2e,동해물과 해산물이,해산물,감전시장,전통시장,부산광역시,,,
2fdcc4b16c61d19709c9,full_annotation_v1,A,q_수산물_14,해산물 파는 곳,식료품 중 '수산물'을 판매·제공하는 매장,val,수산물,T4 구어·문장,4b55daec-a3bc-4dc6-9a84-91aa1d6f398a,몽돌해물포차,해산물,미포1길 골목형상점가,골목형상점가,울산광역시,,,
5fef68f6c48e3542a572,full_annotation_v1,A,q_수산물_14,해산물 파는 곳,식료품 중 '수산물'을 판매·제공하는 매장,val,수산물,T4 구어·문장,8d50250c-4d21-4fa6-9873-f46b9c18efae,신토불이,해산물,㈜신정시장,전통시장,울산광역시,,,
1a019ff8a189a45e8c1a,full_annotation_v1,A,q_수산물_14,해산물 파는 곳,식료품 중 '수산물'을 판매·제공하는 매장,val,수산물,T4 구어·문장,dbf1c2e8-b9d2-42fb-a867-53014dc657d4,가빈초장,해산물,기장시장,전통시장,부산광역시,,,
8b40bf04c9ac3deb3c36,full_annotation_v1,A,q_수산물_14,해산물 파는 곳,식료품 중 '수산물'을 판매·제공하는 매장,val,수산물,T4 구어·문장,00e04e3d-cb00-4d64-a13d-a9c02f9a4fc8,대림수산,활어,자갈치시장,전통시장,부산광역시,,,
9b441b7fd380cd93f7b6,full_annotation_v1,A,q_수산물_14,해산물 파는 곳,식료품 중 '수산물'을 판매·제공하는 매장,val,수산물,T4 구어·문장,0019e966-8007-4603-957c-4e9adcd1f05a,부남수산,수산물,서산동부전통시장,전통시장,충청남도,,,
7506f88f116d46ae67f2,full_annotation_v1,A,q_수산물_14,해산물 파는 곳,식료품 중 '수산물'을 판매·제공하는 매장,val,수산물,T4 구어·문장,00445369-fa3a-4cd3-ae3a-6564876f4199,용수상회,수산물,서문시장건해산물상가,전통시장,대구광역시,,,
cdf5db2bfc1392994b2e,full_annotation_v1,A,q_수산물_14,해산물 파는 곳,식료품 중 '수산물'을 판매·제공하는 매장,val,수산물,T4 구어·문장,2743811c-5e71-4d2b-aa75-1b0147d44f2d,사우 꽃이 피는 곳,꽃,김포 풍년마을 골목형상점가,골목형상점가,경기도,,,
b5f872ad1c7297b3f6f0,full_annotation_v1,A,q_수산물_14,해산물 파는 곳,식료품 중 '수산물'을 판매·제공하는 매장,val,수산물,T4 구어·문장,1bde5aca-2afb-456e-a196-271edbfe6abb,부산수산물백화점,해산물,서문시장2지구 종합상가,전통시장,대구광역시,,,
3d10cce7a8d2050ba23c,full_annotation_v1,A,q_수산물_14,해산물 파는 곳,식료품 중 '수산물'을 판매·제공하는 매장,val,수산물,T4 구어·문장,f9762b55-862e-4f28-995c-0259fa82d0c7,서초동연가,한식,말죽거리골목형상점가,골목형상점가,서울특별시,,,
5da88c52740687f99e96,full_annotation_v1,A,q_수산물_14,해산물 파는 곳,식료품 중 '수산물'을 판매·제공하는 매장,val,수산물,T4 구어·문장,59c27054-96cb-46a7-86c6-ca403fd9b795,송도횟집,해산물,자갈치시장,전통시장,부산광역시,,,
fcbc98538714eda899d9,full_annotation_v1,A,q_수산물_14,해산물 파는 곳,식료품 중 '수산물'을 판매·제공하는 매장,val,수산물,T4 구어·문장,0333f16c-ff56-4e80-a1c7-dd77a81300df,로봇초밥마켓 과천래미안점,초밥,과천슈르탑 골목형상점가,골목형상점가,경기도,,,
4a6d55cf4035a5c77253,full_annotation_v1,A,q_수산물_14,해산물 파는 곳,식료품 중 '수산물'을 판매·제공하는 매장,val,수산물,T4 구어·문장,020e2062-95fc-4e53-87ce-567ef06102f4,황해식당,해산물,인천종합어시장,전통시장,인천광역시,,,
2690062a6a8b74785f23,full_annotation_v1,A,q_수산물_14,해산물 파는 곳,식료품 중 '수산물'을 판매·제공하는 매장,val,수산물,T4 구어·문장,00f60c16-d8be-497f-80f2-aab3209a8d0e,포카포카,식당,전남여고후문 골목형상점가,골목형상점가,광주광역시,,,
d7e4b369311b71e6ee42,full_annotation_v1,A,q_수산물_14,해산물 파는 곳,식료품 중 '수산물'을 판매·제공하는 매장,val,수산물,T4 구어·문장,e245b45a-d8be-4a4c-bf94-e4847a6803b0,바다수산,해산물,거제 고현종합시장,전통시장,경상남도,,,
8cb85895b6cd4c10461f,full_annotation_v1,A,q_수산물_14,해산물 파는 곳,식료품 중 '수산물'을 판매·제공하는 매장,val,수산물,T4 구어·문장,00cc4859-307a-43ef-9654-2f6aa6fc404d,서산상회,생선,노량진수산시장골목형상점가,골목형상점가,서울특별시,,,
9e2ce86511cf2ff2e662,full_annotation_v1,A,q_수산물_14,해산물 파는 곳,식료품 중 '수산물'을 판매·제공하는 매장,val,수산물,T4 구어·문장,2c4be565-bb0a-4907-8062-e09dfdab482d,조개사냥,해산물,영흥수협회센터 골목형상점가,골목형상점가,인천광역시,,,
d25e8aabc4e36e69de60,full_annotation_v1,A,q_수산물_14,해산물 파는 곳,식료품 중 '수산물'을 판매·제공하는 매장,val,수산물,T4 구어·문장,009fbffe-11b3-4eba-b65a-696f4f59f079,인어횟집,횟집,목포북항상점가,자율상권구역,전라남도,,,
391798e7e45e17fae259,full_annotation_v1,A,q_수산물_14,해산물 파는 곳,식료품 중 '수산물'을 판매·제공하는 매장,val,수산물,T4 구어·문장,0027eaf6-093b-4df4-9457-4f1081537ff3,충무꼭지횟집,횟집,초량전통시장,전통시장,부산광역시,,,
a6d82469b9179d7cc9c5,full_annotation_v1,A,q_수산물_15,회 떠가는 곳,식료품 중 '수산물'을 판매·제공하는 매장,val,수산물,T4 구어·문장,03cbd591-5ee7-4f9b-842e-8dc427925406,신흥상회,어물,상주중앙시장,전통시장,경상북도,,,
a97c99a36c45bb83790d,full_annotation_v1,A,q_수산물_15,회 떠가는 곳,식료품 중 '수산물'을 판매·제공하는 매장,val,수산물,T4 구어·문장,6be856a4-f8f6-462e-99c4-e93f0d1c5cf5,울산상회,채소,부전농수산물새벽시장,전통시장,부산광역시,,,
c4ff772ccbf5ce9d667a,full_annotation_v1,A,q_수산물_15,회 떠가는 곳,식료품 중 '수산물'을 판매·제공하는 매장,val,수산물,T4 구어·문장,fb42f76e-6611-4bae-a2ae-7809ef5eff91,선희네,회,주문진좌판풍물시장,전통시장,강원특별자치도,,,
c74d06652a11350310f0,full_annotation_v1,A,q_수산물_15,회 떠가는 곳,식료품 중 '수산물'을 판매·제공하는 매장,val,수산물,T4 구어·문장,8371bd5e-60a4-4d4b-a7ed-13521313d25f,네일내일,네일 서비스업,거제 상동 골목형상점가,골목형상점가,경상남도,,,
8f6aa012560384fb9591,full_annotation_v1,A,q_수산물_15,회 떠가는 곳,식료품 중 '수산물'을 판매·제공하는 매장,val,수산물,T4 구어·문장,c74e3b87-89db-4284-be87-ffaf30cb0001,회#,수산물,당진전통시장,전통시장,충청남도,,,
528b32aef1f5b5707588,full_annotation_v1,A,q_수산물_15,회 떠가는 곳,식료품 중 '수산물'을 판매·제공하는 매장,val,수산물,T4 구어·문장,cbc5ac1a-96f8-4075-ad0e-caa1013f5800,거물집,회,장한평역먹자골목형상점가,골목형상점가,서울특별시,,,
5738a6904a88acb44695,full_annotation_v1,A,q_수산물_15,회 떠가는 곳,식료품 중 '수산물'을 판매·제공하는 매장,val,수산물,T4 구어·문장,01286ec0-50e0-4540-b678-ec706fb3bcbb,설곰식당,식당,산업용재관,전통시장,대구광역시,,,
6970f790802ceda6f319,full_annotation_v1,A,q_수산물_15,회 떠가는 곳,식료품 중 '수산물'을 판매·제공하는 매장,val,수산물,T4 구어·문장,db772147-0eaa-4242-8f4b-9aca7c2ebc9d,인연횟집,회,관저동 먹자골목 골목형상점가,골목형상점가,대전광역시,,,
ead2a8b26e34b05c6cf3,full_annotation_v1,A,q_수산물_15,회 떠가는 곳,식료품 중 '수산물'을 판매·제공하는 매장,val,수산물,T4 구어·문장,e2b43c3b-efa4-4d95-918b-42177effa84d,황금횟집,회,진해중앙시장,전통시장,경상남도,,,
98ef158d3317f5ebe1cb,full_annotation_v1,A,q_수산물_15,회 떠가는 곳,식료품 중 '수산물'을 판매·제공하는 매장,val,수산물,T4 구어·문장,e5a89c1d-3af7-4725-b870-f53ae4ead577,대영상회,회,신동아수산물종합시장,전통시장,부산광역시,,,
05b09841cbdcca7cfc78,full_annotation_v1,A,q_수산물_15,회 떠가는 곳,식료품 중 '수산물'을 판매·제공하는 매장,val,수산물,T4 구어·문장,b9e45362-e936-4ce5-ae17-63a45f4852b4,합천상회,회,민락수변공원 골목형상점가,골목형상점가,부산광역시,,,
43bd67ca553806b47453,full_annotation_v1,A,q_수산물_15,회 떠가는 곳,식료품 중 '수산물'을 판매·제공하는 매장,val,수산물,T4 구어·문장,3526958d-da64-4c90-a75c-c55162fbe0d3,최씨어물전,,영천공설시장,전통시장,경상북도,,,
457dad2990be94532e4b,full_annotation_v1,A,q_수산물_15,회 떠가는 곳,식료품 중 '수산물'을 판매·제공하는 매장,val,수산물,T4 구어·문장,00cd5dee-c068-48da-bc58-a704d5fe8832,윤석수산,수산물 활어회 생선 게종류 젓갈 갑각류 해산물 등등,대공원시장,전통시장,대구광역시,,,
9bffe54ac438a77a3d2f,full_annotation_v1,A,q_수산물_15,회 떠가는 곳,식료품 중 '수산물'을 판매·제공하는 매장,val,수산물,T4 구어·문장,c0563d68-0f81-4872-8cc5-47594d519241,내가 잘가는 미용실,미용실,김천황금시장,전통시장,경상북도,,,
2d39e3b0b1759da64e10,full_annotation_v1,A,q_수산물_15,회 떠가는 곳,식료품 중 '수산물'을 판매·제공하는 매장,val,수산물,T4 구어·문장,007aece5-08b8-4eb0-b4c6-18d451eadcfd,영남상회,건어물,동쪽바다중앙시장(구 동해중앙시장),전통시장,강원특별자치도,,,
807e37b42dc3f1f6e5a8,full_annotation_v1,A,q_수산물_15,회 떠가는 곳,식료품 중 '수산물'을 판매·제공하는 매장,val,수산물,T4 구어·문장,1728284f-9146-48a0-8600-0ec0b19eb5a5,바다횟집,회,수암회수산시장,골목형상점가,울산광역시,,,
7ea4d5c85e2361a6f1c0,full_annotation_v1,A,q_수산물_15,회 떠가는 곳,식료품 중 '수산물'을 판매·제공하는 매장,val,수산물,T4 구어·문장,b8e89e46-66be-42e4-b87d-b605bc3b135a,찾아가는 한우,한식,의왕도깨비시장,전통시장,경기도,,,
abe6d9158c69ea914182,full_annotation_v1,A,q_수산물_15,회 떠가는 곳,식료품 중 '수산물'을 판매·제공하는 매장,val,수산물,T4 구어·문장,30d25e1a-357c-435b-855c-3d3c3195074b,거제회관,회,거제 상동 골목형상점가,골목형상점가,경상남도,,,
b08aa1f95dcbe150a727,full_annotation_v1,A,q_수산물_15,회 떠가는 곳,식료품 중 '수산물'을 판매·제공하는 매장,val,수산물,T4 구어·문장,41e9a047-236d-44f4-958a-5ac9cdb99456,의령횟집,한식,마산어시장,전통시장,경상남도,,,
316cfdf5275af6a4f096,full_annotation_v1,A,q_수산물_15,회 떠가는 곳,식료품 중 '수산물'을 판매·제공하는 매장,val,수산물,T4 구어·문장,0000a82a-e464-450b-b364-cccf2ec6ac55,해풍상회,회,양동시장,전통시장,광주광역시,,,
f8c749af328ed88d418b,full_annotation_v1,A,q_수산물_15,회 떠가는 곳,식료품 중 '수산물'을 판매·제공하는 매장,val,수산물,T4 구어·문장,0fc4023c-9fa1-4506-ab4d-ca2c3192746f,잘나가는 멋쟁이,여성읠,신부평지하상가,일반지하상점가,인천광역시,,,
f94ee150b98d0d608a27,full_annotation_v1,A,q_수산물_15,회 떠가는 곳,식료품 중 '수산물'을 판매·제공하는 매장,val,수산물,T4 구어·문장,0333f16c-ff56-4e80-a1c7-dd77a81300df,로봇초밥마켓 과천래미안점,초밥,과천슈르탑 골목형상점가,골목형상점가,경기도,,,
aff3e8acc3795811caed,full_annotation_v1,A,q_수산물_15,회 떠가는 곳,식료품 중 '수산물'을 판매·제공하는 매장,val,수산물,T4 구어·문장,704c2155-b5d0-4e25-a7e2-f408cb8660da,기분좋은한잔,회,왕십리무학봉상점가,자율상권구역,서울특별시,,,
56364081be24fe22b713,full_annotation_v1,A,q_수산물_15,회 떠가는 곳,식료품 중 '수산물'을 판매·제공하는 매장,val,수산물,T4 구어·문장,4e5af7fd-4aab-4176-9823-0d33b6340275,이화상회,회,민락씨랜드시장,전통시장,부산광역시,,,
d942c4bdc0923f89d5c8,full_annotation_v1,A,q_수산물_15,회 떠가는 곳,식료품 중 '수산물'을 판매·제공하는 매장,val,수산물,T4 구어·문장,be24c8cc-fadf-47e6-82c7-918ce089f577,서해안퓨전포차,회,송강전통시장,전통시장,대전광역시,,,
126b0c36c6d642906391,full_annotation_v1,A,q_수산물_15,회 떠가는 곳,식료품 중 '수산물'을 판매·제공하는 매장,val,수산물,T4 구어·문장,175c5b0b-f611-406e-8eca-01d804d40be2,오늘의 회,일식 회 초밥,구즉 골목형상점가,골목형상점가,대전광역시,,,
65d4148741cd21a7cacd,full_annotation_v1,A,q_수산물_15,회 떠가는 곳,식료품 중 '수산물'을 판매·제공하는 매장,val,수산물,T4 구어·문장,30d5afbc-fd4b-49bb-9e1c-2469652e5921,추씨어물점,어물,영천공설시장,전통시장,경상북도,,,
fb901fd516369d30397c,full_annotation_v1,A,q_수산물_15,회 떠가는 곳,식료품 중 '수산물'을 판매·제공하는 매장,val,수산물,T4 구어·문장,77cb874e-69b1-48da-964e-c51269230e7b,거제활어,회,조원시장,전통시장,경기도,,,
f5431654e8142493b9a0,full_annotation_v1,A,q_수산물_15,회 떠가는 곳,식료품 중 '수산물'을 판매·제공하는 매장,val,수산물,T4 구어·문장,f38d3bd8-14c2-4191-8ec7-4974fe60a3f9,벌툰 용인외대점,도서대여,외대글로벌길 골목형상점가,골목형상점가,경기도,,,
23f1a60f06823bd7d0d2,full_annotation_v1,A,q_수산물_15,회 떠가는 곳,식료품 중 '수산물'을 판매·제공하는 매장,val,수산물,T4 구어·문장,06261986-3eba-4244-b63f-397460d82f4a,이곳,미용,나주혁신도시 골목형상점가,골목형상점가,전라남도,,,
ba025d20aef785fd7afd,full_annotation_v1,A,q_수산물_15,회 떠가는 곳,식료품 중 '수산물'을 판매·제공하는 매장,val,수산물,T4 구어·문장,000d55be-8181-4f45-827e-52082b2ae284,명희유통,건어물,성북시장,전통시장,부산광역시,,,
d05d7bbae3d13d28f55a,full_annotation_v1,A,q_수산물_15,회 떠가는 곳,식료품 중 '수산물'을 판매·제공하는 매장,val,수산물,T4 구어·문장,0027eaf6-093b-4df4-9457-4f1081537ff3,충무꼭지횟집,횟집,초량전통시장,전통시장,부산광역시,,,
6c1d3ab48da3d868eec7,full_annotation_v1,A,q_수산물_15,회 떠가는 곳,식료품 중 '수산물'을 판매·제공하는 매장,val,수산물,T4 구어·문장,0004c5f7-95e0-45be-9f06-a705b8113ff0,의창수협67번중도매인,활어,진해 용원어시장상점가,자율상권구역,경상남도,,,
459f3ef287aa3069e7ec,full_annotation_v1,A,q_수산물_15,회 떠가는 곳,식료품 중 '수산물'을 판매·제공하는 매장,val,수산물,T4 구어·문장,91b8ff4c-8183-41fb-8061-87f641d3f8af,전주상회,회,양동시장,전통시장,광주광역시,,,
7a089db8d0e5c654010d,full_annotation_v1,A,q_수산물_15,회 떠가는 곳,식료품 중 '수산물'을 판매·제공하는 매장,val,수산물,T4 구어·문장,77b250ec-253e-435c-99c9-aefb54103a14,바다횟집,회,부산자갈밭시장,전통시장,부산광역시,,,
04d6a8791386dce23cc8,full_annotation_v1,A,q_수산물_15,회 떠가는 곳,식료품 중 '수산물'을 판매·제공하는 매장,val,수산물,T4 구어·문장,7928c273-b168-44ef-9484-cef7fb4c2550,제일수산,회,마천시장,전통시장,서울특별시,,,
bfc30dfe49f7d2cddbc0,full_annotation_v1,A,q_수산물_15,회 떠가는 곳,식료품 중 '수산물'을 판매·제공하는 매장,val,수산물,T4 구어·문장,31b87e6c-4cf3-4869-9380-829b1cc0d8de,대연횟집,회,강릉중앙시장,전통시장,강원특별자치도,,,
5852d48b884df7ac28bd,full_annotation_v1,A,q_수산물_15,회 떠가는 곳,식료품 중 '수산물'을 판매·제공하는 매장,val,수산물,T4 구어·문장,71ea2d8a-b522-4ef0-a70f-c96bf27145e7,광어삼촌연어이모,회,팡팡 골목형상점가,골목형상점가,광주광역시,,,
1b3799cc16f0ea1ad841,full_annotation_v1,A,q_수산물_15,회 떠가는 곳,식료품 중 '수산물'을 판매·제공하는 매장,val,수산물,T4 구어·문장,d82861f7-7773-49b0-8828-501d98792b68,떠카나주,떡,경리단길 골목형상점가,골목형상점가,서울특별시,,,
5bc760abee5955321694,full_annotation_v1,A,q_수산물_15,회 떠가는 곳,식료품 중 '수산물'을 판매·제공하는 매장,val,수산물,T4 구어·문장,e9dfeaf0-91b6-4bc5-a92b-e9090ca9c597,완도수산,회,창신골목시장,자율상권구역,서울특별시,,,
b9d2222db55fcf485f52,full_annotation_v1,A,q_수산물_15,회 떠가는 곳,식료품 중 '수산물'을 판매·제공하는 매장,val,수산물,T4 구어·문장,333fa307-f61c-45a8-a79b-93fff676095e,대명어물,어물,서귀포향토오일시장,전통시장,제주특별자치도,,,
affb3c596111d36e6cac,full_annotation_v1,A,q_수산물_15,회 떠가는 곳,식료품 중 '수산물'을 판매·제공하는 매장,val,수산물,T4 구어·문장,b66ff5b1-104e-4fca-9510-ad8bf99d793d,감만횟집,회,남광시장,전통시장,부산광역시,,,
58a72952155e90c1c702,full_annotation_v1,A,q_수산물_15,회 떠가는 곳,식료품 중 '수산물'을 판매·제공하는 매장,val,수산물,T4 구어·문장,c2b0a5db-bac4-4eec-b330-ba48b47b98a2,공주이모부72,회,주문진좌판풍물시장,전통시장,강원특별자치도,,,
218965ac1c16d30c5d90,full_annotation_v1,A,q_수산물_15,회 떠가는 곳,식료품 중 '수산물'을 판매·제공하는 매장,val,수산물,T4 구어·문장,cb3b55e3-f20c-40e4-b352-084d03f79c50,회사랑,회,무극시장,전통시장,충청북도,,,
536bcee1ead2eed5ca06,full_annotation_v1,A,q_수산물_15,회 떠가는 곳,식료품 중 '수산물'을 판매·제공하는 매장,val,수산물,T4 구어·문장,a7906525-edc6-4a3b-8e79-28c6da259acc,한월횟집,회,자갈치해안시장,전통시장,부산광역시,,,
b09afac39c46bb35b0f6,full_annotation_v1,A,q_수산물_15,회 떠가는 곳,식료품 중 '수산물'을 판매·제공하는 매장,val,수산물,T4 구어·문장,eb18f9ec-04d9-4340-8a46-650b2190aaf6,오징어마을,회,수원통닭거리 골목형사점가,골목형상점가,경기도,,,
b7230b2f895acc459e0a,full_annotation_v1,A,q_수산물_15,회 떠가는 곳,식료품 중 '수산물'을 판매·제공하는 매장,val,수산물,T4 구어·문장,733600e5-5371-43f3-bbeb-81adc95393ab,매일상회,회,신동아수산물종합시장,전통시장,부산광역시,,,
268ad2846b6e770f0c7e,full_annotation_v1,A,q_수산물_15,회 떠가는 곳,식료품 중 '수산물'을 판매·제공하는 매장,val,수산물,T4 구어·문장,b4bed6dd-db09-4650-867f-5481d490c56a,회사랑,회,정서진중앙시장(구 서구중앙시장),전통시장,인천광역시,,,
580d2ee4d5b25e987ee1,full_annotation_v1,A,q_수산물_15,회 떠가는 곳,식료품 중 '수산물'을 판매·제공하는 매장,val,수산물,T4 구어·문장,9686c781-ebb8-4070-b508-fdb05c44af46,서울횟집,수산물,다대씨-파크시장,전통시장,부산광역시,,,
81d1bd4529bc35b4f967,full_annotation_v1,A,q_수산물_15,회 떠가는 곳,식료품 중 '수산물'을 판매·제공하는 매장,val,수산물,T4 구어·문장,eee65c5a-6ed8-4ad5-8ff4-e60bcccf40d1,참치열전,회,동구시장,전통시장,대구광역시,,,
3d0f47dbf9433a17079a,full_annotation_v1,A,q_수산물_15,회 떠가는 곳,식료품 중 '수산물'을 판매·제공하는 매장,val,수산물,T4 구어·문장,828d7477-9530-45be-9603-b81995b71eea,(HD)명품국수,국수김밥,서면시장,전통시장,부산광역시,,,
c028e548b7bc44c45816,full_annotation_v1,A,q_수산물_15,회 떠가는 곳,식료품 중 '수산물'을 판매·제공하는 매장,val,수산물,T4 구어·문장,00ac75c4-6e3f-4d23-8a6a-1dc8ba294b85,우진수산,"수산물, 활어",효자시장,전통시장,경상북도,,,
b978761bf3589610337a,full_annotation_v1,A,q_수산물_15,회 떠가는 곳,식료품 중 '수산물'을 판매·제공하는 매장,val,수산물,T4 구어·문장,b418827c-7339-417a-907a-6db2d46b71d2,시장횟집,회,영천공설시장,전통시장,경상북도,,,
9e3098ddd48df26eb472,full_annotation_v1,A,q_수산물_15,회 떠가는 곳,식료품 중 '수산물'을 판매·제공하는 매장,val,수산물,T4 구어·문장,d24becd4-b97f-4909-a878-67697c29bcf4,회마차,회,적성전통시장,전통시장,경기도,,,
56460911c3cff74fddf7,full_annotation_v1,A,q_수산물_15,회 떠가는 곳,식료품 중 '수산물'을 판매·제공하는 매장,val,수산물,T4 구어·문장,a04330bf-9993-4f33-abc9-7bb0113a0038,경남상회,회,신동아수산물종합시장,전통시장,부산광역시,,,
db631b2ec52716ca56b2,full_annotation_v1,A,q_수산물_15,회 떠가는 곳,식료품 중 '수산물'을 판매·제공하는 매장,val,수산물,T4 구어·문장,842f6cf1-6411-4f4b-be23-746d79e31656,섬곳,한식,플레이사계 지오단길 골목형상점가,골목형상점가,제주특별자치도,,,
af416fcc590df39ca409,full_annotation_v1,A,q_수산물_15,회 떠가는 곳,식료품 중 '수산물'을 판매·제공하는 매장,val,수산물,T4 구어·문장,0efbdd0e-e017-4a29-81e4-9b3e6ed06843,대박수산,회,부천상동시장,전통시장,경기도,,,
e4d8806a57282b4debd7,full_annotation_v1,A,q_수산물_15,회 떠가는 곳,식료품 중 '수산물'을 판매·제공하는 매장,val,수산물,T4 구어·문장,00fcc68d-3086-4b45-b998-f3763e8dbf7d,꼬치마요 산본역점(9호점),일식,산본로데오거리(구 산본중심상가),자율상권구역,경기도,,,
3740428fc0632c1ab953,full_annotation_v1,A,q_수산물_15,회 떠가는 곳,식료품 중 '수산물'을 판매·제공하는 매장,val,수산물,T4 구어·문장,a715101c-5a3e-481e-a668-ed6a88b0f753,삼천포수산,회,수암상가시장,전통시장,울산광역시,,,
4482c17d5490d853b93e,full_annotation_v1,A,q_수산물_15,회 떠가는 곳,식료품 중 '수산물'을 판매·제공하는 매장,val,수산물,T4 구어·문장,72d11588-3e80-4ec9-9d21-2651ae23132d,수연이네,김치,기장시장,전통시장,부산광역시,,,
a3a7bb1819426bff280e,full_annotation_v1,A,q_수산물_15,회 떠가는 곳,식료품 중 '수산물'을 판매·제공하는 매장,val,수산물,T4 구어·문장,06f4a2a5-f4d5-4506-9a90-5eced62e8546,회풍,회,사리골상점가,자율상권구역,경기도,,,
24c5d94c5be7e0f44bf3,full_annotation_v1,A,q_수산물_15,회 떠가는 곳,식료품 중 '수산물'을 판매·제공하는 매장,val,수산물,T4 구어·문장,004032ef-2ae7-4e97-ac30-b12a0869e930,시장횟집,횟집,광양매일시장(광양상설시장),전통시장,전라남도,,,
fc6650da827c622f7c8e,full_annotation_v1,A,q_수산물_15,회 떠가는 곳,식료품 중 '수산물'을 판매·제공하는 매장,val,수산물,T4 구어·문장,3da2f166-ce90-439b-81ed-592630a78b81,석심회집,회,한일시장 골목형상점가,골목형상점가,,,,
8a6875652994553df171,full_annotation_v1,A,q_수산물_15,회 떠가는 곳,식료품 중 '수산물'을 판매·제공하는 매장,val,수산물,T4 구어·문장,2dc975d3-8c4a-4002-a2bc-e2ecd50702f3,공주상회,회,민락수변공원 골목형상점가,골목형상점가,부산광역시,,,
ef4ed11a8f3b7acacd47,full_annotation_v1,A,q_수산물_15,회 떠가는 곳,식료품 중 '수산물'을 판매·제공하는 매장,val,수산물,T4 구어·문장,6b30d146-abb9-48a7-8ed5-1ccbadd48126,우정상회,회,명지시장,전통시장,부산광역시,,,
351ac1c99fd0335098d1,full_annotation_v1,A,q_수산물_15,회 떠가는 곳,식료품 중 '수산물'을 판매·제공하는 매장,val,수산물,T4 구어·문장,667cb3c4-b48c-49a9-9be6-82d4014340ab,콩쥐,의류,달서시장,전통시장,대구광역시,,,
d264cbe0fb203d86d6de,full_annotation_v1,A,q_수산물_15,회 떠가는 곳,식료품 중 '수산물'을 판매·제공하는 매장,val,수산물,T4 구어·문장,ee65903c-567e-49d3-b177-713562d51a9e,븟,회,수완나들목 골목형상점가,골목형상점가,광주광역시,,,
001d4508f2efabb487cc,full_annotation_v1,A,q_수산물_15,회 떠가는 곳,식료품 중 '수산물'을 판매·제공하는 매장,val,수산물,T4 구어·문장,8c824aad-c6f4-44f6-8305-61bbd3ef3eb3,회회,회,연신내골목형상점가,골목형상점가,서울특별시,,,
ef771c851f302b89e00f,full_annotation_v1,A,q_수산물_15,회 떠가는 곳,식료품 중 '수산물'을 판매·제공하는 매장,val,수산물,T4 구어·문장,21b3d161-53eb-4acc-9921-30ddecc1e584,시장횟집,회,연산골목시장상점가,자율상권구역,부산광역시,,,
9e9d2b7bcb6d5c1ff1ec,full_annotation_v1,A,q_수산물_15,회 떠가는 곳,식료품 중 '수산물'을 판매·제공하는 매장,val,수산물,T4 구어·문장,91e8dc25-6e67-4366-a7a6-9e448e580581,죽도,회,대구남문시장,전통시장,대구광역시,,,
bea0cfd44f7c6e8a674c,full_annotation_v1,A,q_수산물_15,회 떠가는 곳,식료품 중 '수산물'을 판매·제공하는 매장,val,수산물,T4 구어·문장,8412cce8-a3f0-4bee-aebb-f5f8764383db,회사랑,회,고암 골목형상점가,골목형상점가,충청북도,,,
ad1517c2b5aea171d870,full_annotation_v1,A,q_수산물_15,회 떠가는 곳,식료품 중 '수산물'을 판매·제공하는 매장,val,수산물,T4 구어·문장,009fbffe-11b3-4eba-b65a-696f4f59f079,인어횟집,횟집,목포북항상점가,자율상권구역,전라남도,,,
8ad6ad5d62ef2639cd06,full_annotation_v1,A,q_수산물_15,회 떠가는 곳,식료품 중 '수산물'을 판매·제공하는 매장,val,수산물,T4 구어·문장,fccd6d93-bb4a-4219-bd1e-d6f6a1225bde,머구리,회,구미 진평음식문화특화거리 골목형상점가,골목형상점가,경상북도,,,
bc7b9a92af3b54837066,full_annotation_v1,A,q_수산물_15,회 떠가는 곳,식료품 중 '수산물'을 판매·제공하는 매장,val,수산물,T4 구어·문장,9cbd0f35-62bd-4fcd-8856-ef46f35b45d3,시장횟집,회,관문상가시장,전통시장,대구광역시,,,
fe626fc4b65f3db47565,full_annotation_v1,A,q_수산물_15,회 떠가는 곳,식료품 중 '수산물'을 판매·제공하는 매장,val,수산물,T4 구어·문장,0dbc00fe-46df-46e9-a643-34d2fc4943df,금창회마트,회,동대구신시장,전통시장,대구광역시,,,
16547bde9e830cca5b4d,full_annotation_v1,A,q_수산물_15,회 떠가는 곳,식료품 중 '수산물'을 판매·제공하는 매장,val,수산물,T4 구어·문장,0016aa1a-5730-45a0-b427-06b0f51fc005,든든한밥상,농수산물,화산면 골목형상점가,골목형상점가,전라남도,,,
e08c253873fe5b25c186,full_annotation_v1,A,q_수산물_15,회 떠가는 곳,식료품 중 '수산물'을 판매·제공하는 매장,val,수산물,T4 구어·문장,001ec0bf-0eda-4aa8-8efc-a90930649cf5,원프룻,농수산물,정이있는 구포시장,전통시장,부산광역시,,,
d0e7b6963f57851f8e21,full_annotation_v1,A,q_수산물_15,회 떠가는 곳,식료품 중 '수산물'을 판매·제공하는 매장,val,수산물,T4 구어·문장,00f60c16-d8be-497f-80f2-aab3209a8d0e,포카포카,식당,전남여고후문 골목형상점가,골목형상점가,광주광역시,,,
075e97c10bab26d85675,full_annotation_v1,A,q_수산물_15,회 떠가는 곳,식료품 중 '수산물'을 판매·제공하는 매장,val,수산물,T4 구어·문장,e23633e9-15cf-487e-97ff-e9f51f4db848,싱싱횟집,회,신월7동골목형상점가,골목형상점가,서울특별시,,,
331cb4c7fc4100ed20fc,full_annotation_v1,A,q_수산물_15,회 떠가는 곳,식료품 중 '수산물'을 판매·제공하는 매장,val,수산물,T4 구어·문장,2e6a4ce4-adbe-488d-834a-6a9764e594a6,아이스캔디동백점,,동백중심상가 골목형상점가,골목형상점가,경기도,,,
d7442d7affac8b3cf903,full_annotation_v1,A,q_수산물_15,회 떠가는 곳,식료품 중 '수산물'을 판매·제공하는 매장,val,수산물,T4 구어·문장,5649da8e-3873-4e5a-b877-518f582fc75c,중앙횟집,회,㈜여수수산물특화시장,전통시장,전라남도,,,
47a8b297214ca0a3ec8e,full_annotation_v1,A,q_수산물_15,회 떠가는 곳,식료품 중 '수산물'을 판매·제공하는 매장,val,수산물,T4 구어·문장,8f7b73a1-46e3-4ce7-ab09-24a27f4e1493,오복상회,회,신동아수산물종합시장,전통시장,부산광역시,,,
1e38314dbdd973f00630,full_annotation_v1,A,q_수산물_15,회 떠가는 곳,식료품 중 '수산물'을 판매·제공하는 매장,val,수산물,T4 구어·문장,823797be-34ad-45ff-b54e-2b3ebf68c2cb,해뜰날,회,치평상무역상인회 골목형상점가,골목형상점가,광주광역시,,,
037eed5cd1761ee6a261,full_annotation_v1,A,q_수산물_15,회 떠가는 곳,식료품 중 '수산물'을 판매·제공하는 매장,val,수산물,T4 구어·문장,016ddf29-de07-40e1-a642-8c2a45a6f19d,연희어시장,횟집,연희로 골목형상점가,골목형상점가,인천광역시,,,
851e749df00fb0853faf,full_annotation_v1,A,q_수산물_15,회 떠가는 곳,식료품 중 '수산물'을 판매·제공하는 매장,val,수산물,T4 구어·문장,e1b2e8bd-7324-4d71-81c5-7f68638a662e,남해횟집,회,성북시장,전통시장,부산광역시,,,
d5f612cc2f38fc9920fc,full_annotation_v1,A,q_수산물_15,회 떠가는 곳,식료품 중 '수산물'을 판매·제공하는 매장,val,수산물,T4 구어·문장,00527b0b-893c-4d64-862e-3ef8113d07fb,해선언니네,건어물,용상공설시장,전통시장,경상북도,,,
9f0fb971752652f947a6,full_annotation_v1,A,q_수산물_15,회 떠가는 곳,식료품 중 '수산물'을 판매·제공하는 매장,val,수산물,T4 구어·문장,90c0b96d-a710-48dd-b3b3-37e79355541c,찾아가는 고기,축산물,의왕도깨비시장,전통시장,경기도,,,
737edc43cac3b3720fde,full_annotation_v1,A,q_수산물_15,회 떠가는 곳,식료품 중 '수산물'을 판매·제공하는 매장,val,수산물,T4 구어·문장,00bd252b-19f9-4e9a-bf26-b45280bb84ae,선옥상회,생선,고성 공룡시장,전통시장,경상남도,,,
37548ef9ed8f022257d3,full_annotation_v1,A,q_수산물_15,회 떠가는 곳,식료품 중 '수산물'을 판매·제공하는 매장,val,수산물,T4 구어·문장,2743811c-5e71-4d2b-aa75-1b0147d44f2d,사우 꽃이 피는 곳,꽃,김포 풍년마을 골목형상점가,골목형상점가,경기도,,,
3affb765cdcfa27a710c,full_annotation_v1,A,q_수산물_15,회 떠가는 곳,식료품 중 '수산물'을 판매·제공하는 매장,val,수산물,T4 구어·문장,038f89c5-a204-4c80-9e31-9d22a3ba4c95,연스시,초밥,노은역 골목형상점가,골목형상점가,대전광역시,,,
01ae4983a9c9b075629c,full_annotation_v1,A,q_수산물_15,회 떠가는 곳,식료품 중 '수산물'을 판매·제공하는 매장,val,수산물,T4 구어·문장,00cc4859-307a-43ef-9654-2f6aa6fc404d,서산상회,생선,노량진수산시장골목형상점가,골목형상점가,서울특별시,,,
62ae45d31f19108c0e02,full_annotation_v1,A,q_수산물_15,회 떠가는 곳,식료품 중 '수산물'을 판매·제공하는 매장,val,수산물,T4 구어·문장,b45c9fb2-0212-4c92-84bb-5709fc68497c,오늘도좋아회,회,맛남길 골목형상점가,골목형상점가,강원특별자치도,,,
4593cc57f3ff7e2c7b02,full_annotation_v1,A,q_수산물_15,회 떠가는 곳,식료품 중 '수산물'을 판매·제공하는 매장,val,수산물,T4 구어·문장,c5f33fe9-0ab7-4154-9c75-b0432a200a17,현대포장사,포장재료,부산국제시장,전통시장,부산광역시,,,
991fa1fc9ba259b719ab,full_annotation_v1,A,q_수산물_15,회 떠가는 곳,식료품 중 '수산물'을 판매·제공하는 매장,val,수산물,T4 구어·문장,ab5e1d60-34fa-447f-a429-3d562d1eb6e5,자은(회)수산,회,자은면골목형상점가,골목형상점가,전라남도,,,
64dbac466eae36dbd64c,full_annotation_v1,A,q_수산물_15,회 떠가는 곳,식료품 중 '수산물'을 판매·제공하는 매장,val,수산물,T4 구어·문장,4c2c2a7a-a68d-4503-a871-7f42ccb4e604,부둣가회,회,동먹골상가 골목형상점가,골목형상점가,대구광역시,,,
60c7762004bd86a29df7,full_annotation_v1,A,q_수산물_15,회 떠가는 곳,식료품 중 '수산물'을 판매·제공하는 매장,val,수산물,T4 구어·문장,91e9942c-88a4-4bde-a988-a2ddd26d7620,회사랑,회,송강동 골목형상점가,골목형상점가,대전광역시,,,
8d6e7b8dcb42b5074256,full_annotation_v1,A,q_수산물_15,회 떠가는 곳,식료품 중 '수산물'을 판매·제공하는 매장,val,수산물,T4 구어·문장,ae7cbcbb-2eb1-45a3-a21d-7b34c748b689,향기고추,고추,화순고인돌전통시장,전통시장,전라남도,,,
e064455229e25a7bbe82,full_annotation_v1,A,q_수산물_15,회 떠가는 곳,식료품 중 '수산물'을 판매·제공하는 매장,val,수산물,T4 구어·문장,69f0e2e6-a1b2-4084-a8cf-fdf5697bbcf2,영덕회수산센터,회,연일전통시장,전통시장,경상북도,,,
8cf3a0f58c1768db11e6,full_annotation_v1,A,q_수산물_15,회 떠가는 곳,식료품 중 '수산물'을 판매·제공하는 매장,val,수산물,T4 구어·문장,62a57aec-e261-49bd-8583-c48a94b9dd73,일품횟집,회,사천 삼천포용궁수산시장,전통시장,경상남도,,,
02fd167c087883ba4406,full_annotation_v1,A,q_수산물_15,회 떠가는 곳,식료품 중 '수산물'을 판매·제공하는 매장,val,수산물,T4 구어·문장,9e06604b-d3a0-4c8c-999c-ba17ee336b31,강릉횟집,회,강서수산시장골목형상점가,골목형상점가,서울특별시,,,
88cf1ea88c4d3dec2489,full_annotation_v1,A,q_수산물_15,회 떠가는 곳,식료품 중 '수산물'을 판매·제공하는 매장,val,수산물,T4 구어·문장,76a3551b-dae4-4326-92cc-662015aedbfb,쉴 곳,한식,칠성로상점가,자율상권구역,제주특별자치도,,,
3f48002ac7896830eb4f,full_annotation_v1,A,q_수산물_15,회 떠가는 곳,식료품 중 '수산물'을 판매·제공하는 매장,val,수산물,T4 구어·문장,008cfdc1-610a-407a-a03b-4c6dae7106f4,주영수산,활어,목포북항상점가,자율상권구역,전라남도,,,
e7f78101358b28f619a1,full_annotation_v1,A,q_수산물_15,회 떠가는 곳,식료품 중 '수산물'을 판매·제공하는 매장,val,수산물,T4 구어·문장,5a0def5e-372e-48fd-90fa-6341fe9b889e,신남해횟집,회,창원 봉곡시장,전통시장,경상남도,,,
08c41006b33d031949c9,full_annotation_v1,A,q_수산물_15,회 떠가는 곳,식료품 중 '수산물'을 판매·제공하는 매장,val,수산물,T4 구어·문장,00445369-fa3a-4cd3-ae3a-6564876f4199,용수상회,수산물,서문시장건해산물상가,전통시장,대구광역시,,,
63539ca11a92e7cab481,full_annotation_v1,A,q_수산물_15,회 떠가는 곳,식료품 중 '수산물'을 판매·제공하는 매장,val,수산물,T4 구어·문장,e0144a44-8002-4b52-aa77-9d991ff73def,성민횟집,회,거제시장,전통시장,부산광역시,,,
8679ed245b3343420aad,full_annotation_v1,A,q_수산물_15,회 떠가는 곳,식료품 중 '수산물'을 판매·제공하는 매장,val,수산물,T4 구어·문장,2b95474d-9ec4-485d-a3c5-ccc63c8d541d,천하횟집,회,주문진건어물시장,전통시장,강원특별자치도,,,
8b6818d9d292cde1ab3c,full_annotation_v1,A,q_수산물_15,회 떠가는 곳,식료품 중 '수산물'을 판매·제공하는 매장,val,수산물,T4 구어·문장,05577f06-fbe8-441d-b161-1c45ebf296ff,이슬애(동백점),,동백중심상가 골목형상점가,골목형상점가,경기도,,,
dc9a4b4263858ccee42d,full_annotation_v1,A,q_수산물_15,회 떠가는 곳,식료품 중 '수산물'을 판매·제공하는 매장,val,수산물,T4 구어·문장,a6dab820-2e5c-47d2-930d-c122294ffe0c,오류항,회,오류골먹자골목 골목형상점가,골목형상점가,서울특별시,,,
1371aa9bb9b69610fa56,full_annotation_v1,A,q_수산물_15,회 떠가는 곳,식료품 중 '수산물'을 판매·제공하는 매장,val,수산물,T4 구어·문장,524dbc24-22a4-41b9-822f-80f2cbfbe1b4,회뜰녘,회,수원역로데오거리상점가(매산로테마거리),자율상권구역,경기도,,,
353c19ab82390df6adc8,full_annotation_v1,A,q_수산물_15,회 떠가는 곳,식료품 중 '수산물'을 판매·제공하는 매장,val,수산물,T4 구어·문장,00e04e3d-cb00-4d64-a13d-a9c02f9a4fc8,대림수산,활어,자갈치시장,전통시장,부산광역시,,,
ece5c7aab6178a0237f8,full_annotation_v1,A,q_수산물_15,회 떠가는 곳,식료품 중 '수산물'을 판매·제공하는 매장,val,수산물,T4 구어·문장,be9f8c61-892c-48ed-a49d-b63bd032c025,소곳,의류,고투몰(강남터미널지하도상점가),일반지하상점가,서울특별시,,,
85f3ba0f60b11175849f,full_annotation_v1,A,q_수산물_15,회 떠가는 곳,식료품 중 '수산물'을 판매·제공하는 매장,val,수산물,T4 구어·문장,005eb589-94b0-4a7e-b4e4-ef8cf64b0762,스시쿄다이,일식,동홍8번가 골목형상점가,골목형상점가,제주특별자치도,,,
0773b6139b6737723623,full_annotation_v1,A,q_수산물_15,회 떠가는 곳,식료품 중 '수산물'을 판매·제공하는 매장,val,수산물,T4 구어·문장,00298213-17ea-453a-b6e6-375d9ef636b6,대양농수산,농수산물,부평깡시장,전통시장,인천광역시,,,
895f920c0f187da35061,full_annotation_v1,A,q_수산물_15,회 떠가는 곳,식료품 중 '수산물'을 판매·제공하는 매장,val,수산물,T4 구어·문장,9ec8c22a-0378-4797-9d4f-69158ce3bc2f,동해수산,회,반여농산물도매시장 관련상품동,골목형상점가,부산광역시,,,
452b9c915e43d2105cc7,full_annotation_v1,A,q_수산물_15,회 떠가는 곳,식료품 중 '수산물'을 판매·제공하는 매장,val,수산물,T4 구어·문장,24456103-f6b8-46af-8655-82e61d7265d8,커피가 머무르는 곳,커피,반드레길골목형상점가,골목형상점가,서울특별시,,,
7b32c08e3830d3075a45,full_annotation_v1,A,q_수산물_15,회 떠가는 곳,식료품 중 '수산물'을 판매·제공하는 매장,val,수산물,T4 구어·문장,00a40df6-e218-4c9e-951f-b2c1a3ee676e,영흥수산,생선,가락몰골목형상점가,골목형상점가,서울특별시,,,
5319915f75d5fab22a99,full_annotation_v1,A,q_수산물_15,회 떠가는 곳,식료품 중 '수산물'을 판매·제공하는 매장,val,수산물,T4 구어·문장,01afaafa-2a46-4977-8015-55762957ee7a,다래초밥,초밥,동문동 골목형상점가,골목형상점가,충청남도,,,
b1233a2047ca72526df1,full_annotation_v1,A,q_수산물_15,회 떠가는 곳,식료품 중 '수산물'을 판매·제공하는 매장,val,수산물,T4 구어·문장,60f34431-6960-42f8-aabb-5d0c39d6f6d4,거꾸로 가는 시간,피부 미용,서산번화2로,자율상권구역,충청남도,,,
7230cd1fe2491710d0d6,full_annotation_v1,A,q_수산물_15,회 떠가는 곳,식료품 중 '수산물'을 판매·제공하는 매장,val,수산물,T4 구어·문장,10815be3-a88d-41fe-b1f3-4afcec9c9253,회조아,회,첨단지구 골목형상점가,골목형상점가,광주광역시,,,
3d898786a7c3940764d2,full_annotation_v1,A,q_수산물_15,회 떠가는 곳,식료품 중 '수산물'을 판매·제공하는 매장,val,수산물,T4 구어·문장,39517427-c821-43a4-9fd1-1d6204e3399b,믿음수산,회,부천한신시장,전통시장,경기도,,,
8b3299b49a13b9615143,full_annotation_v1,A,q_수산물_15,회 떠가는 곳,식료품 중 '수산물'을 판매·제공하는 매장,val,수산물,T4 구어·문장,6332d31f-f869-455b-9575-494ce9c8b2e9,바다천국,회,정이있는 구포시장,전통시장,부산광역시,,,
5b45d1afe5ed0edd1cfd,full_annotation_v1,A,q_수산물_15,회 떠가는 곳,식료품 중 '수산물'을 판매·제공하는 매장,val,수산물,T4 구어·문장,1ab761ef-129b-4f84-80e6-37b8e51565f5,진주상회,회,민락씨랜드시장,전통시장,부산광역시,,,
42df5a75968342966da0,full_annotation_v1,A,q_수산물_15,회 떠가는 곳,식료품 중 '수산물'을 판매·제공하는 매장,val,수산물,T4 구어·문장,0c4499a7-43b1-4c9a-b715-a24bfac0af5a,형제회,회,한글거리 상점가상인회,자율상권구역,세종특별자치시,,,
98ba83467de09409d419,full_annotation_v1,A,q_수산물_15,회 떠가는 곳,식료품 중 '수산물'을 판매·제공하는 매장,val,수산물,T4 구어·문장,eda0eb12-b237-4f0e-8f1e-ae38a43223ca,울릉도,회,대곡시장,전통시장,대구광역시,,,
6163cc4e63e16c435277,full_annotation_v1,A,q_수산물_15,회 떠가는 곳,식료품 중 '수산물'을 판매·제공하는 매장,val,수산물,T4 구어·문장,013d58c8-33f8-4dbe-95de-801d22ea9505,민영활어공장 부천자유시장점,"회, 초밥",부천자유시장,전통시장,경기도,,,
9daeb3d7f3c0007bf606,full_annotation_v1,A,q_수산물_15,회 떠가는 곳,식료품 중 '수산물'을 판매·제공하는 매장,val,수산물,T4 구어·문장,fac4e0ba-4fb9-4752-a4c0-243d802d68cf,남해횟집,회,남항시장,전통시장,부산광역시,,,
9493a1922a6410087653,full_annotation_v1,A,q_수산물_15,회 떠가는 곳,식료품 중 '수산물'을 판매·제공하는 매장,val,수산물,T4 구어·문장,34d648eb-31dc-4e6e-82d7-018a641e0cc5,해변마을,회,덕소상점가,자율상권구역,경기도,,,
5638740abf369d91b9bd,full_annotation_v1,A,q_수산물_15,회 떠가는 곳,식료품 중 '수산물'을 판매·제공하는 매장,val,수산물,T4 구어·문장,f9cb7223-ee9e-4ea7-84c2-ae7c50589560,기호,회,연남동골목형상점가,골목형상점가,서울특별시,,,
1cc5e7350560032ad203,full_annotation_v1,A,q_수산물_15,회 떠가는 곳,식료품 중 '수산물'을 판매·제공하는 매장,val,수산물,T4 구어·문장,b7ac0608-9e75-4195-91f1-b9271bd69449,바다수산,회,영천시장,전통시장,서울특별시,,,
e8770c9f5379dccc94bd,full_annotation_v1,A,q_수산물_15,회 떠가는 곳,식료품 중 '수산물'을 판매·제공하는 매장,val,수산물,T4 구어·문장,e4676ae4-be32-4ac8-9c92-93df0b96dffb,갤러리24,커피전문점커피류,광천동상인회 골목형상점가,골목형상점가,광주광역시,,,
680abf4750ffa5874221,full_annotation_v1,A,q_수산물_15,회 떠가는 곳,식료품 중 '수산물'을 판매·제공하는 매장,val,수산물,T4 구어·문장,009b69b5-365a-4958-87e7-f224f253b92a,동문올레횟집,횟집,동문수산시장,전통시장,제주특별자치도,,,
d7ec09ed3c29760fc1f4,full_annotation_v1,A,q_수산물_15,회 떠가는 곳,식료품 중 '수산물'을 판매·제공하는 매장,val,수산물,T4 구어·문장,0019e966-8007-4603-957c-4e9adcd1f05a,부남수산,수산물,서산동부전통시장,전통시장,충청남도,,,
5717c445853fde715dda,full_annotation_v1,A,q_수산물_15,회 떠가는 곳,식료품 중 '수산물'을 판매·제공하는 매장,val,수산물,T4 구어·문장,0cfb0c04-8872-49f2-8fc7-bef2ae4427ad,속초횟집,회,토지금고시장,전통시장,인천광역시,,,
00ed880b242dcdcb6b74,full_annotation_v1,A,q_수산물_15,회 떠가는 곳,식료품 중 '수산물'을 판매·제공하는 매장,val,수산물,T4 구어·문장,3473d19e-bcb7-4004-a51d-de855e46b3b9,환이네,회,삼각지맛길 골목형상점가,골목형상점가,대구광역시,,,
97f69b7868dc4ca73390,full_annotation_v1,A,q_수산물_15,회 떠가는 곳,식료품 중 '수산물'을 판매·제공하는 매장,val,수산물,T4 구어·문장,862fadb8-fe05-4c9b-830b-b5f302794a73,"(수)회, 초밥",회,화서시장,전통시장,경기도,,,
7bd9051aab35249c9669,full_annotation_v1,A,q_수산물_15,회 떠가는 곳,식료품 중 '수산물'을 판매·제공하는 매장,val,수산물,T4 구어·문장,40795a3d-a379-45eb-bb2f-43a40ca43fb4,홰바지,회,거제시장,전통시장,부산광역시,,,
4c42202c9b5e69f21336,full_annotation_v1,A,q_수산물_15,회 떠가는 곳,식료품 중 '수산물'을 판매·제공하는 매장,val,수산물,T4 구어·문장,00a0d437-836b-453d-b15e-55fbf7dc8460,대박수산,생선,청주육거리종합시장,전통시장,충청북도,,,
8555207d925184e8fdad,full_annotation_v1,A,q_수산물_15,회 떠가는 곳,식료품 중 '수산물'을 판매·제공하는 매장,val,수산물,T4 구어·문장,4b670047-ede0-4670-90d6-e3a1e130c2ba,회사랑,회,이촌종합시장,전통시장,서울특별시,,,
9c6ab14667284bbf0aaa,full_annotation_v1,A,q_수산물_15,회 떠가는 곳,식료품 중 '수산물'을 판매·제공하는 매장,val,수산물,T4 구어·문장,88ab312f-68b3-4049-ab50-31fdbed93768,제일수산,회,세은 골목형상점가,골목형상점가,광주광역시,,,
b94e80325ae3dac4fceb,full_annotation_v1,A,q_수산물_15,회 떠가는 곳,식료품 중 '수산물'을 판매·제공하는 매장,val,수산물,T4 구어·문장,e2d7b1be-08d2-4fb4-8080-8a2efaf27e72,아라담2호,회,은하수길골목형상점가,골목형상점가,인천광역시,,,
921c389c2bea6690c645,full_annotation_v1,A,q_수산물_15,회 떠가는 곳,식료품 중 '수산물'을 판매·제공하는 매장,val,수산물,T4 구어·문장,41457c13-f5e5-4720-be7c-e5700d4d4b92,벨톤보청기광주지사,보청기,광천동상인회 골목형상점가,골목형상점가,광주광역시,,,
2635cab7f04a48c89e98,full_annotation_v1,A,q_수산물_15,회 떠가는 곳,식료품 중 '수산물'을 판매·제공하는 매장,val,수산물,T4 구어·문장,bad630d4-22c8-4187-8601-43e18c9946f6,한민횟집,회,한민시장,전통시장,대전광역시,,,
68f14f30fd2e5eef95c7,full_annotation_v1,A,q_수산물_15,회 떠가는 곳,식료품 중 '수산물'을 판매·제공하는 매장,val,수산물,T4 구어·문장,002e7e87-5677-44ca-85c4-9e5b87e7994f,한양수산,생선,안중시장,전통시장,경기도,,,
cfc77082a63d4284dc68,full_annotation_v1,A,q_수산물_15,회 떠가는 곳,식료품 중 '수산물'을 판매·제공하는 매장,val,수산물,T4 구어·문장,89b2828f-f12e-4329-a224-5dc08ca21893,어보회센타,회,진해중앙시장,전통시장,경상남도,,,
4056f5d79c93bfe482cb,full_annotation_v1,A,q_수산물_15,회 떠가는 곳,식료품 중 '수산물'을 판매·제공하는 매장,val,수산물,T4 구어·문장,b9ddde03-8cb9-4d3c-8a2e-17bd2a44d5e5,일출상회,회,민락씨랜드시장,전통시장,부산광역시,,,
bde8b43de73acd910914,full_annotation_v1,A,q_수산물_15,회 떠가는 곳,식료품 중 '수산물'을 판매·제공하는 매장,val,수산물,T4 구어·문장,00779863-22b7-4378-adca-42362eff7e3f,장복횟집.수산,생선회,"안면도수산시장(구, 안면도장터)",전통시장,충청남도,,,
7ed05748a71d4f790544,full_annotation_v1,A,q_수산물_15,회 떠가는 곳,식료품 중 '수산물'을 판매·제공하는 매장,val,수산물,T4 구어·문장,00ba389b-e522-4da5-ac26-2ffaf33359ec,스시노유키,초밥,산본로데오거리(구 산본중심상가),자율상권구역,경기도,,,
9f4644965b002852db5e,full_annotation_v1,A,q_수산물_15,회 떠가는 곳,식료품 중 '수산물'을 판매·제공하는 매장,val,수산물,T4 구어·문장,01fb4713-ad3f-425b-a6f5-ce0993979e63,기장,회,범어식주가무명인골목 골목형상점가,골목형상점가,대구광역시,,,
517ae772c350bba3651e,full_annotation_v1,A,q_수산물_15,회 떠가는 곳,식료품 중 '수산물'을 판매·제공하는 매장,val,수산물,T4 구어·문장,010c1855-b46f-4e37-b975-8115c4249b0f,용궁횟집,,자갈치시장,전통시장,부산광역시,,,
9286f83ec27196dfdc71,full_annotation_v1,A,q_수산물_15,회 떠가는 곳,식료품 중 '수산물'을 판매·제공하는 매장,val,수산물,T4 구어·문장,742eec38-ffa8-4cb4-bf31-707945c69a26,시장횟집,회,마산 진동전통시장,전통시장,경상남도,,,
e798c50a0263ba8677c3,full_annotation_v1,A,q_수산물_15,회 떠가는 곳,식료품 중 '수산물'을 판매·제공하는 매장,val,수산물,T4 구어·문장,005429a3-030e-492f-973c-1d5842eeac56,미래횟집,활어,사천 삼천포용궁수산시장,전통시장,경상남도,,,
beb9225f70064d0f8a38,full_annotation_v1,A,q_수산물_15,회 떠가는 곳,식료품 중 '수산물'을 판매·제공하는 매장,val,수산물,T4 구어·문장,da4a3149-4812-46d6-a8de-ad27737279b1,골프존파크 상동스윙골프점,스크린 골프,거제 상동 골목형상점가,골목형상점가,경상남도,,,
28fbe151d1d07682e3cc,full_annotation_v1,A,q_수산물_15,회 떠가는 곳,식료품 중 '수산물'을 판매·제공하는 매장,val,수산물,T4 구어·문장,77e342a1-850e-4875-9196-2eff4329c798,파도수산,회,회룡역골목형상점가,골목형상점가,경기도,,,
e3924ea89aaae2335c52,full_annotation_v1,A,q_수산물_15,회 떠가는 곳,식료품 중 '수산물'을 판매·제공하는 매장,val,수산물,T4 구어·문장,0bf687ec-4ea8-4932-a2c4-401f28aab97f,중앙어물,어물,모슬포 중앙시장,전통시장,제주특별자치도,,,
38c082db394a3fe3c3f1,full_annotation_v1,A,q_수산물_15,회 떠가는 곳,식료품 중 '수산물'을 판매·제공하는 매장,val,수산물,T4 구어·문장,a9580d0e-7a58-46f0-8e28-de4dd8f155ab,백채김치찌개 용인외대점,김치찌개,외대글로벌길 골목형상점가,골목형상점가,경기도,,,
4636c45f62f3999ec7e7,full_annotation_v1,A,q_수산물_15,회 떠가는 곳,식료품 중 '수산물'을 판매·제공하는 매장,val,수산물,T4 구어·문장,004d071d-dda6-41e4-9fcb-7c74c8f8ef0f,영남상회,건어물,수영팔도시장(구 수영팔도상가시장),전통시장,부산광역시,,,
bfb7502712649c76f3ab,full_annotation_v1,A,q_수산물_15,회 떠가는 곳,식료품 중 '수산물'을 판매·제공하는 매장,val,수산물,T4 구어·문장,00356e71-7b15-4a42-be60-f232011707b8,유한회사 덕재건재,건어물,가락몰골목형상점가,골목형상점가,서울특별시,,,
1d4e1c5499c0b9681f43,full_annotation_v1,A,q_수산물_15,회 떠가는 곳,식료품 중 '수산물'을 판매·제공하는 매장,val,수산물,T4 구어·문장,0130dbd3-b9ea-43f4-98fd-26d8afd90b78,모래내시장순대,식당,전주모래내시장,전통시장,전북특별자치도,,,
3cd49016cc710b761a4a,full_annotation_v1,A,q_수산물_15,회 떠가는 곳,식료품 중 '수산물'을 판매·제공하는 매장,val,수산물,T4 구어·문장,870ac143-369e-4bfe-8acc-acdd98342a2e,비봉횟집,회,백년소상공인,기타,충청남도,,,
2ce727163c10d74a0370,full_annotation_v1,A,q_수산물_15,회 떠가는 곳,식료품 중 '수산물'을 판매·제공하는 매장,val,수산물,T4 구어·문장,c111ac9d-3f3a-405c-a8db-4d127ccda9e2,행복이 있는 곳,잡화,제주로얄쇼핑센터,자율상권구역,제주특별자치도,,,
09ce50650b303aec9990,full_annotation_v1,A,q_수산물_15,회 떠가는 곳,식료품 중 '수산물'을 판매·제공하는 매장,val,수산물,T4 구어·문장,838af112-9ced-489a-bbf4-f2e9663c9fd6,원효로막회,회,원효 골목형상점가,골목형상점가,서울특별시,,,
5896e8d788a8a3290070,full_annotation_v1,A,q_수산물_15,회 떠가는 곳,식료품 중 '수산물'을 판매·제공하는 매장,val,수산물,T4 구어·문장,f61ad49f-1e9d-4ed5-9385-07fe24791655,시장횟집,회,영동전통시장,전통시장,충청북도,,,
63122def268240ec7a18,full_annotation_v1,A,q_수산물_15,회 떠가는 곳,식료품 중 '수산물'을 판매·제공하는 매장,val,수산물,T4 구어·문장,11b068ff-0587-4d84-9876-c8c5ccbb960e,어항,회,부리단길 골목형상점가,골목형상점가,부산광역시,,,
3f543d840e7607c0135f,full_annotation_v1,A,q_수산물_15,회 떠가는 곳,식료품 중 '수산물'을 판매·제공하는 매장,val,수산물,T4 구어·문장,38dc4547-2704-4135-9cd0-559ccea1e69b,도시꼬상회,회,민락수변공원 골목형상점가,골목형상점가,부산광역시,,,
f83ce5829a7119f2b6de,full_annotation_v1,A,q_수산물_16,수산물추천,식료품 중 '수산물'을 판매·제공하는 매장,val,수산물,T6 기계변형,c74e3b87-89db-4284-be87-ffaf30cb0001,회#,수산물,당진전통시장,전통시장,충청남도,,,
50e24672b1f7ddb4094c,full_annotation_v1,A,q_수산물_16,수산물추천,식료품 중 '수산물'을 판매·제공하는 매장,val,수산물,T6 기계변형,28a4ed7c-ee5a-4ad9-998c-c55148d01ed2,이삭수산,수산물,거진전통시장,전통시장,강원특별자치도,,,
c6bc8392ae243f1c65d0,full_annotation_v1,A,q_수산물_16,수산물추천,식료품 중 '수산물'을 판매·제공하는 매장,val,수산물,T6 기계변형,23c3af81-9348-4baf-998b-66077ae4b276,수산킹,수산물,망원동월드컵시장,전통시장,서울특별시,,,
18f76470fcae2056f6d7,full_annotation_v1,A,q_수산물_16,수산물추천,식료품 중 '수산물'을 판매·제공하는 매장,val,수산물,T6 기계변형,2f93fe93-50dd-4ffd-8915-e5047ee97f27,회뜬수산,수산물,소래포구전통어시장,전통시장,인천광역시,,,
72416ecaa169f489d6c3,full_annotation_v1,A,q_수산물_16,수산물추천,식료품 중 '수산물'을 판매·제공하는 매장,val,수산물,T6 기계변형,1a99e1f9-a3b3-486d-b2f7-e358f286bb95,감게무량,수산물,팔달신시장,전통시장,대구광역시,,,
fa4df8b38bc27c772bee,full_annotation_v1,A,q_수산물_16,수산물추천,식료품 중 '수산물'을 판매·제공하는 매장,val,수산물,T6 기계변형,516ae3db-14ed-4877-97b0-f23059ce8bfd,전라 수산,수산물,전주신중앙시장(구 중앙버드나무시장),전통시장,전북특별자치도,,,
188d57eba8c35ee7c101,full_annotation_v1,A,q_수산물_16,수산물추천,식료품 중 '수산물'을 판매·제공하는 매장,val,수산물,T6 기계변형,009b69b5-365a-4958-87e7-f224f253b92a,동문올레횟집,횟집,동문수산시장,전통시장,제주특별자치도,,,
27adcafdfa5092999cf8,full_annotation_v1,A,q_수산물_16,수산물추천,식료품 중 '수산물'을 판매·제공하는 매장,val,수산물,T6 기계변형,004d071d-dda6-41e4-9fcb-7c74c8f8ef0f,영남상회,건어물,수영팔도시장(구 수영팔도상가시장),전통시장,부산광역시,,,
3c335f2e1d0c46fad86f,full_annotation_v1,A,q_수산물_16,수산물추천,식료품 중 '수산물'을 판매·제공하는 매장,val,수산물,T6 기계변형,0019e966-8007-4603-957c-4e9adcd1f05a,부남수산,수산물,서산동부전통시장,전통시장,충청남도,,,
31585c60ddc5263efebc,full_annotation_v1,A,q_수산물_16,수산물추천,식료품 중 '수산물'을 판매·제공하는 매장,val,수산물,T6 기계변형,0130dbd3-b9ea-43f4-98fd-26d8afd90b78,모래내시장순대,식당,전주모래내시장,전통시장,전북특별자치도,,,
9edcf97f1ee49781fa35,full_annotation_v1,A,q_수산물_16,수산물추천,식료품 중 '수산물'을 판매·제공하는 매장,val,수산물,T6 기계변형,e5b4d47b-41b7-4544-8710-5f85d539aa72,미가도,한식,우산동빛고을 골목형상점가,골목형상점가,광주광역시,,,
79a2e2dc6c587239ba47,full_annotation_v1,A,q_수산물_16,수산물추천,식료품 중 '수산물'을 판매·제공하는 매장,val,수산물,T6 기계변형,01afaafa-2a46-4977-8015-55762957ee7a,다래초밥,초밥,동문동 골목형상점가,골목형상점가,충청남도,,,
2c8b4510be1d80029cad,full_annotation_v1,A,q_수산물_16,수산물추천,식료품 중 '수산물'을 판매·제공하는 매장,val,수산물,T6 기계변형,009fbffe-11b3-4eba-b65a-696f4f59f079,인어횟집,횟집,목포북항상점가,자율상권구역,전라남도,,,
04fc1491d92422ae2ed9,full_annotation_v1,A,q_수산물_16,수산물추천,식료품 중 '수산물'을 판매·제공하는 매장,val,수산물,T6 기계변형,84ec2b5f-3ecb-499e-8499-7cd0dd19a4e1,주식회사거천,수산물,북평민속시장(북평민속5일장),전통시장,강원특별자치도,,,
5b5cf8fec100bbb03d44,full_annotation_v1,A,q_수산물_16,수산물추천,식료품 중 '수산물'을 판매·제공하는 매장,val,수산물,T6 기계변형,01286ec0-50e0-4540-b678-ec706fb3bcbb,설곰식당,식당,산업용재관,전통시장,대구광역시,,,
4e58c5baadb8c260c3f1,full_annotation_v1,A,q_수산물_16,수산물추천,식료품 중 '수산물'을 판매·제공하는 매장,val,수산물,T6 기계변형,00527b0b-893c-4d64-862e-3ef8113d07fb,해선언니네,건어물,용상공설시장,전통시장,경상북도,,,
68cd2948ed0d6ce7968f,full_annotation_v1,A,q_수산물_16,수산물추천,식료품 중 '수산물'을 판매·제공하는 매장,val,수산물,T6 기계변형,002e7e87-5677-44ca-85c4-9e5b87e7994f,한양수산,생선,안중시장,전통시장,경기도,,,
68536b05d5b1c02487f5,full_annotation_v1,A,q_수산물_16,수산물추천,식료품 중 '수산물'을 판매·제공하는 매장,val,수산물,T6 기계변형,00298213-17ea-453a-b6e6-375d9ef636b6,대양농수산,농수산물,부평깡시장,전통시장,인천광역시,,,
9efafc154fd044ef36fd,full_annotation_v1,A,q_수산물_16,수산물추천,식료품 중 '수산물'을 판매·제공하는 매장,val,수산물,T6 기계변형,a2dbd405-51a2-4844-ae21-647749ab7894,수형호수형수산,수산물,소래포구전통어시장,전통시장,인천광역시,,,
e3efa89d84efc96961cb,full_annotation_v1,A,q_수산물_16,수산물추천,식료품 중 '수산물'을 판매·제공하는 매장,val,수산물,T6 기계변형,005429a3-030e-492f-973c-1d5842eeac56,미래횟집,활어,사천 삼천포용궁수산시장,전통시장,경상남도,,,
daa5292e926de4cef79c,full_annotation_v1,A,q_수산물_16,수산물추천,식료품 중 '수산물'을 판매·제공하는 매장,val,수산물,T6 기계변형,b2ba525d-999b-43a1-b6ef-046cc82349de,숟갈젓갈,수산물,지도젓갈타운 골목형상점가,골목형상점가,전라남도,,,
23ee72eefaff07e3d8e7,full_annotation_v1,A,q_수산물_16,수산물추천,식료품 중 '수산물'을 판매·제공하는 매장,val,수산물,T6 기계변형,00cc4859-307a-43ef-9654-2f6aa6fc404d,서산상회,생선,노량진수산시장골목형상점가,골목형상점가,서울특별시,,,
db5290b6197cabfca939,full_annotation_v1,A,q_수산물_16,수산물추천,식료품 중 '수산물'을 판매·제공하는 매장,val,수산물,T6 기계변형,df79c67e-b4bc-4bc1-9989-66267be7da31,봉균수산,수산물,강서수산시장골목형상점가,골목형상점가,서울특별시,,,
1a3a6f1c557c534ac2cf,full_annotation_v1,A,q_수산물_16,수산물추천,식료품 중 '수산물'을 판매·제공하는 매장,val,수산물,T6 기계변형,4e45c069-1d6c-49af-b9fd-bccbf6c274ba,안지크(진월점),의류 신발 악세사리류,주월리 골목형상점가,골목형상점가,광주광역시,,,
e6391feccbebbea60255,full_annotation_v1,A,q_수산물_16,수산물추천,식료품 중 '수산물'을 판매·제공하는 매장,val,수산물,T6 기계변형,30d5afbc-fd4b-49bb-9e1c-2469652e5921,추씨어물점,어물,영천공설시장,전통시장,경상북도,,,
b091ce8137eef726949f,full_annotation_v1,A,q_수산물_16,수산물추천,식료품 중 '수산물'을 판매·제공하는 매장,val,수산물,T6 기계변형,00f60c16-d8be-497f-80f2-aab3209a8d0e,포카포카,식당,전남여고후문 골목형상점가,골목형상점가,광주광역시,,,
fa610edc7d727f408450,full_annotation_v1,A,q_수산물_16,수산물추천,식료품 중 '수산물'을 판매·제공하는 매장,val,수산물,T6 기계변형,bd3b10ce-8238-446c-8bb1-7337fec36111,부산어묵 선우식품,어묵,천안중앙시장,전통시장,충청남도,,,
83d8edfef77e40591d3b,full_annotation_v1,A,q_수산물_16,수산물추천,식료품 중 '수산물'을 판매·제공하는 매장,val,수산물,T6 기계변형,9de137b6-223d-4999-b360-a8647d6fa7c3,세화상회,,방어진활어센터,골목형상점가,울산광역시,,,
79d938d3a4e194b97bc1,full_annotation_v1,A,q_수산물_16,수산물추천,식료품 중 '수산물'을 판매·제공하는 매장,val,수산물,T6 기계변형,0016aa1a-5730-45a0-b427-06b0f51fc005,든든한밥상,농수산물,화산면 골목형상점가,골목형상점가,전라남도,,,
5f0ca5a47cc6e0a8871c,full_annotation_v1,A,q_수산물_16,수산물추천,식료품 중 '수산물'을 판매·제공하는 매장,val,수산물,T6 기계변형,13883d16-abd4-4645-af39-31e8f99f1956,피노키오,숙녀복,통영 충무데파트,자율상권구역,경상남도,,,
b902e4e1d7563c16fc89,full_annotation_v1,A,q_수산물_16,수산물추천,식료품 중 '수산물'을 판매·제공하는 매장,val,수산물,T6 기계변형,3526958d-da64-4c90-a75c-c55162fbe0d3,최씨어물전,,영천공설시장,전통시장,경상북도,,,
a3654c7c34049af7293e,full_annotation_v1,A,q_수산물_16,수산물추천,식료품 중 '수산물'을 판매·제공하는 매장,val,수산물,T6 기계변형,f7991058-93ba-4e61-9370-bae3bb8bcda8,찬솔 수산,수산물,구월시장,전통시장,인천광역시,,,
be5dd8fd0d12598931a9,full_annotation_v1,A,q_수산물_16,수산물추천,식료품 중 '수산물'을 판매·제공하는 매장,val,수산물,T6 기계변형,b73e0346-121b-4092-9916-e4733992a989,돌수산,수산물,목포북항상점가,자율상권구역,전라남도,,,
f8a610f2c87001c1e9d9,full_annotation_v1,A,q_수산물_16,수산물추천,식료품 중 '수산물'을 판매·제공하는 매장,val,수산물,T6 기계변형,320e80fc-5b67-4db1-916c-eb19f68ff2be,수산물공구,수산물,포항큰동해시장,전통시장,경상북도,,,
6d19427e8f3888cc6170,full_annotation_v1,A,q_수산물_16,수산물추천,식료품 중 '수산물'을 판매·제공하는 매장,val,수산물,T6 기계변형,e96a83bc-946a-43bc-9e0d-d1185bf52d51,옥천,수산물,부천상동시장,전통시장,경기도,,,
36ffaf1609d079ef9ea4,full_annotation_v1,A,q_수산물_16,수산물추천,식료품 중 '수산물'을 판매·제공하는 매장,val,수산물,T6 기계변형,b73c597b-ad7b-4431-af35-802415dc7be8,스쿠바수산,수산물,대천항수산시장,전통시장,충청남도,,,
fc58b1577a5206bc04f7,full_annotation_v1,A,q_수산물_16,수산물추천,식료품 중 '수산물'을 판매·제공하는 매장,val,수산물,T6 기계변형,010c1855-b46f-4e37-b975-8115c4249b0f,용궁횟집,,자갈치시장,전통시장,부산광역시,,,
18e14ec99c0271a15201,full_annotation_v1,A,q_수산물_16,수산물추천,식료품 중 '수산물'을 판매·제공하는 매장,val,수산물,T6 기계변형,0498f096-c9ea-4ca5-bf41-2bea89c7f968,대철네,수산물,주문진좌판풍물시장,전통시장,강원특별자치도,,,
09a6be51c286eaeaa7f7,full_annotation_v1,A,q_수산물_16,수산물추천,식료품 중 '수산물'을 판매·제공하는 매장,val,수산물,T6 기계변형,008cfdc1-610a-407a-a03b-4c6dae7106f4,주영수산,활어,목포북항상점가,자율상권구역,전라남도,,,
ab1017a14608117c5844,full_annotation_v1,A,q_수산물_16,수산물추천,식료품 중 '수산물'을 판매·제공하는 매장,val,수산물,T6 기계변형,005eb589-94b0-4a7e-b4e4-ef8cf64b0762,스시쿄다이,일식,동홍8번가 골목형상점가,골목형상점가,제주특별자치도,,,
29cb300d7e07ffed12b9,full_annotation_v1,A,q_수산물_16,수산물추천,식료품 중 '수산물'을 판매·제공하는 매장,val,수산물,T6 기계변형,0333f16c-ff56-4e80-a1c7-dd77a81300df,로봇초밥마켓 과천래미안점,초밥,과천슈르탑 골목형상점가,골목형상점가,경기도,,,
feb592053661ffde15b3,full_annotation_v1,A,q_수산물_16,수산물추천,식료품 중 '수산물'을 판매·제공하는 매장,val,수산물,T6 기계변형,1fff1937-63b6-40de-b03c-6cc9006c5742,신3억수산,수산물,역전시장,전통시장,충청남도,,,
c189387e970ab926df28,full_annotation_v1,A,q_수산물_16,수산물추천,식료품 중 '수산물'을 판매·제공하는 매장,val,수산물,T6 기계변형,016ddf29-de07-40e1-a642-8c2a45a6f19d,연희어시장,횟집,연희로 골목형상점가,골목형상점가,인천광역시,,,
9463126ce8549ef1a2c5,full_annotation_v1,A,q_수산물_16,수산물추천,식료품 중 '수산물'을 판매·제공하는 매장,val,수산물,T6 기계변형,a6a35c8e-0399-42eb-9626-fbb24da1d413,동검수산,수산물,강화풍물시장,전통시장,인천광역시,,,
4c05adb7759a63aa38fd,full_annotation_v1,A,q_수산물_16,수산물추천,식료품 중 '수산물'을 판매·제공하는 매장,val,수산물,T6 기계변형,000d55be-8181-4f45-827e-52082b2ae284,명희유통,건어물,성북시장,전통시장,부산광역시,,,
bfb4d56fcd3f675ec51a,full_annotation_v1,A,q_수산물_16,수산물추천,식료품 중 '수산물'을 판매·제공하는 매장,val,수산물,T6 기계변형,b3f54b37-7900-403b-a48c-b2b78844466e,봄날2,의류,동산상가,전통시장,대구광역시,,,
158544342a6cf7101a9d,full_annotation_v1,A,q_수산물_16,수산물추천,식료품 중 '수산물'을 판매·제공하는 매장,val,수산물,T6 기계변형,eb27f0ec-48a7-4dbc-acc9-ead762d4ab15,호님상회,수산물,목포종합수산시장,전통시장,전라남도,,,
b8418650641e457b1345,full_annotation_v1,A,q_수산물_16,수산물추천,식료품 중 '수산물'을 판매·제공하는 매장,val,수산물,T6 기계변형,cc5350e1-229f-4d9c-a431-4c09701df79f,황덕호,수산물,소래포구전통어시장,전통시장,인천광역시,,,
fa4f5e3e6f06331aa3b8,full_annotation_v1,A,q_수산물_16,수산물추천,식료품 중 '수산물'을 판매·제공하는 매장,val,수산물,T6 기계변형,2615ec17-b276-470d-8474-2e901cf479cb,하오츠완탕면,중식,산본전통시장(구 군포산본시장),전통시장,경기도,,,
5e08b0f031b9a84e3a58,full_annotation_v1,A,q_수산물_16,수산물추천,식료품 중 '수산물'을 판매·제공하는 매장,val,수산물,T6 기계변형,333fa307-f61c-45a8-a79b-93fff676095e,대명어물,어물,서귀포향토오일시장,전통시장,제주특별자치도,,,
5eda5b279957fa860161,full_annotation_v1,A,q_수산물_16,수산물추천,식료품 중 '수산물'을 판매·제공하는 매장,val,수산물,T6 기계변형,0f2761cc-59c9-4a9f-8519-887e898a6c21,대폭수산,수산물,포항죽도농산물시장,전통시장,경상북도,,,
a3566527b812c4d65cfa,full_annotation_v1,A,q_수산물_16,수산물추천,식료품 중 '수산물'을 판매·제공하는 매장,val,수산물,T6 기계변형,e7f225f7-a1b4-4f56-99a2-f0c10c3a45e4,비누네일,네일,금당로 골목형상점가,골목형상점가,광주광역시,,,
8f5446945dcbd93cbbb2,full_annotation_v1,A,q_수산물_16,수산물추천,식료품 중 '수산물'을 판매·제공하는 매장,val,수산물,T6 기계변형,004032ef-2ae7-4e97-ac30-b12a0869e930,시장횟집,횟집,광양매일시장(광양상설시장),전통시장,전라남도,,,
fc08b5a4b00e7bc04408,full_annotation_v1,A,q_수산물_16,수산물추천,식료품 중 '수산물'을 판매·제공하는 매장,val,수산물,T6 기계변형,fc99b06d-341b-491e-b33a-2b7157dd7d38,창근수산,수산물,영광터미널시장,전통시장,전라남도,,,
c7756bfc12b5fa1970dc,full_annotation_v1,A,q_수산물_16,수산물추천,식료품 중 '수산물'을 판매·제공하는 매장,val,수산물,T6 기계변형,0004c5f7-95e0-45be-9f06-a705b8113ff0,의창수협67번중도매인,활어,진해 용원어시장상점가,자율상권구역,경상남도,,,
a0a604141f3a7b3300b6,full_annotation_v1,A,q_수산물_16,수산물추천,식료품 중 '수산물'을 판매·제공하는 매장,val,수산물,T6 기계변형,00cd5dee-c068-48da-bc58-a704d5fe8832,윤석수산,수산물 활어회 생선 게종류 젓갈 갑각류 해산물 등등,대공원시장,전통시장,대구광역시,,,
f1cb84dfc90673a6afa5,full_annotation_v1,A,q_수산물_16,수산물추천,식료품 중 '수산물'을 판매·제공하는 매장,val,수산물,T6 기계변형,82c0edd5-bb6d-4e3b-8e47-a3cad97cea75,쑝쑝수산,수산물,통영 북신전통시장,전통시장,경상남도,,,
7596b46183d10f492275,full_annotation_v1,A,q_수산물_16,수산물추천,식료품 중 '수산물'을 판매·제공하는 매장,val,수산물,T6 기계변형,7531789e-64e7-440e-9647-7fe32b4f1ab3,한성상사,주방용품,숭례문수입상가,전통시장,서울특별시,,,
f8d1d3363c2696731dd1,full_annotation_v1,A,q_수산물_16,수산물추천,식료품 중 '수산물'을 판매·제공하는 매장,val,수산물,T6 기계변형,1afbf2ad-4511-4dd9-aaa1-c7717a2e753a,참수산,수산물,씨푸드타운 일반상가상인회 골목형상점가,골목형상점가,전라남도,,,
cded7165d1b1f1e2c538,full_annotation_v1,A,q_수산물_16,수산물추천,식료품 중 '수산물'을 판매·제공하는 매장,val,수산물,T6 기계변형,99d55467-b3a1-419f-be5d-3d803a3d8468,돔수산,수산물,노은상가연합 골목형상점가,골목형상점가,대전광역시,,,
cea1411166e16cf011ab,full_annotation_v1,A,q_수산물_16,수산물추천,식료품 중 '수산물'을 판매·제공하는 매장,val,수산물,T6 기계변형,2e9487ee-4825-4ee1-9b41-5777d0a99d6e,워싱턴수산,수산물,남광주시장,전통시장,,,,
55da61bcdbf1bcd5ec24,full_annotation_v1,A,q_수산물_16,수산물추천,식료품 중 '수산물'을 판매·제공하는 매장,val,수산물,T6 기계변형,96d320fd-1704-42d5-b421-4dd10fd93020,옥분수산,수산물,양동수산시장,전통시장,,,,
a09f82e8e3f0fa327aa6,full_annotation_v1,A,q_수산물_16,수산물추천,식료품 중 '수산물'을 판매·제공하는 매장,val,수산물,T6 기계변형,905bdb4c-1e33-4308-8d54-a6303f083fd9,신짱과 후쿠마루 과천점,일본 라멘,과천제일쇼핑시장,전통시장,경기도,,,
24766a7199696a704ca6,full_annotation_v1,A,q_수산물_16,수산물추천,식료품 중 '수산물'을 판매·제공하는 매장,val,수산물,T6 기계변형,9f026d4c-34ad-41b0-909b-dec6363f35de,형통수산,수산물,청량리수산시장,전통시장,서울특별시,,,
96d030eaa598e694e055,full_annotation_v1,A,q_수산물_16,수산물추천,식료품 중 '수산물'을 판매·제공하는 매장,val,수산물,T6 기계변형,8b874bfd-b23d-42e2-bb65-56624b7f35c6,율포도황수산,수산물,오치1동 골목형상점가,골목형상점가,광주광역시,,,
61b3091280bf40e51e86,full_annotation_v1,A,q_수산물_16,수산물추천,식료품 중 '수산물'을 판매·제공하는 매장,val,수산물,T6 기계변형,00a40df6-e218-4c9e-951f-b2c1a3ee676e,영흥수산,생선,가락몰골목형상점가,골목형상점가,서울특별시,,,
414c5fabcfdb6c3bfc42,full_annotation_v1,A,q_수산물_16,수산물추천,식료품 중 '수산물'을 판매·제공하는 매장,val,수산물,T6 기계변형,ca667ffc-742b-4ae0-91e0-6db9fd9d5e5d,큰사랑약국,의약품,초지항아리 골목형상점가,골목형상점가,경기도,,,
c51f5370b50113f08383,full_annotation_v1,A,q_수산물_16,수산물추천,식료품 중 '수산물'을 판매·제공하는 매장,val,수산물,T6 기계변형,a0abc246-2341-4454-aab1-f968da88a862,생선팜,수산물,의정부시장,전통시장,경기도,,,
7e84c4d080fff5bb061f,full_annotation_v1,A,q_수산물_16,수산물추천,식료품 중 '수산물'을 판매·제공하는 매장,val,수산물,T6 기계변형,dd2bdb77-8a80-4f9d-818e-1681badac833,미산,수산물,노량진수산시장골목형상점가,골목형상점가,서울특별시,,,
de1140cd5975a658ad8f,full_annotation_v1,A,q_수산물_16,수산물추천,식료품 중 '수산물'을 판매·제공하는 매장,val,수산물,T6 기계변형,3efedc35-4cef-46cd-bada-a45ba312eea2,경남상회,,동래시장,전통시장,부산광역시,,,
32328854413abba81083,full_annotation_v1,A,q_수산물_16,수산물추천,식료품 중 '수산물'을 판매·제공하는 매장,val,수산물,T6 기계변형,7c597d0c-8917-4701-976d-f3f23689d0c5,지에스25 흑석프레시점,식품비식품,수완새별 골목형상점가,골목형상점가,광주광역시,,,
b394fc9c5126516b35ad,full_annotation_v1,A,q_수산물_16,수산물추천,식료품 중 '수산물'을 판매·제공하는 매장,val,수산물,T6 기계변형,0027eaf6-093b-4df4-9457-4f1081537ff3,충무꼭지횟집,횟집,초량전통시장,전통시장,부산광역시,,,
9259261c118e9cc69222,full_annotation_v1,A,q_수산물_16,수산물추천,식료품 중 '수산물'을 판매·제공하는 매장,val,수산물,T6 기계변형,00356e71-7b15-4a42-be60-f232011707b8,유한회사 덕재건재,건어물,가락몰골목형상점가,골목형상점가,서울특별시,,,
5ffef3a701df0cac6a93,full_annotation_v1,A,q_수산물_16,수산물추천,식료품 중 '수산물'을 판매·제공하는 매장,val,수산물,T6 기계변형,0338c9e2-acfe-4b95-a627-b1ee62d800a4,준혁상회,수산물,진주 논개시장,전통시장,경상남도,,,
5b39a668bd603cad4103,full_annotation_v1,A,q_수산물_16,수산물추천,식료품 중 '수산물'을 판매·제공하는 매장,val,수산물,T6 기계변형,03cbd591-5ee7-4f9b-842e-8dc427925406,신흥상회,어물,상주중앙시장,전통시장,경상북도,,,
9777b99a2c65d4672fc4,full_annotation_v1,A,q_수산물_16,수산물추천,식료품 중 '수산물'을 판매·제공하는 매장,val,수산물,T6 기계변형,85b82be3-bc15-4282-a837-907bc397de36,시즌글라스,화장품,해남읍 원도심 상권활성화구역,상권활성화구역,전라남도,,,
8f6e59f1edb75ca20460,full_annotation_v1,A,q_수산물_16,수산물추천,식료품 중 '수산물'을 판매·제공하는 매장,val,수산물,T6 기계변형,0c671de5-f2e6-4fa7-b2ba-3b9dc3e546a5,수산상회,수산물,노량진수산시장골목형상점가,골목형상점가,서울특별시,,,
7fd506b9bd23fd11ac49,full_annotation_v1,A,q_수산물_16,수산물추천,식료품 중 '수산물'을 판매·제공하는 매장,val,수산물,T6 기계변형,001ec0bf-0eda-4aa8-8efc-a90930649cf5,원프룻,농수산물,정이있는 구포시장,전통시장,부산광역시,,,
97e260f90d4edc680836,full_annotation_v1,A,q_수산물_16,수산물추천,식료품 중 '수산물'을 판매·제공하는 매장,val,수산물,T6 기계변형,69ccf875-ccb8-410e-9336-d2d8cd4be945,덕근수산,수산물,목포종합수산시장,전통시장,전라남도,,,
b4ccab52c370f227ca6c,full_annotation_v1,A,q_수산물_16,수산물추천,식료품 중 '수산물'을 판매·제공하는 매장,val,수산물,T6 기계변형,bdeb06e0-84a1-4297-af7f-4e730c8bd869,홍교종합신발,신발,해남읍 원도심 상권활성화구역,상권활성화구역,전라남도,,,
274bdf84158bd9f962ad,full_annotation_v1,A,q_수산물_16,수산물추천,식료품 중 '수산물'을 판매·제공하는 매장,val,수산물,T6 기계변형,32acf482-6940-4d15-8160-3971ea30a346,유람선,수산물,궁평항해오름수산시장,전통시장,경기도,,,
22f0ecd130ee4f2194cb,full_annotation_v1,A,q_수산물_16,수산물추천,식료품 중 '수산물'을 판매·제공하는 매장,val,수산물,T6 기계변형,00779863-22b7-4378-adca-42362eff7e3f,장복횟집.수산,생선회,"안면도수산시장(구, 안면도장터)",전통시장,충청남도,,,
1a4838a52c5d28406210,full_annotation_v1,A,q_수산물_16,수산물추천,식료품 중 '수산물'을 판매·제공하는 매장,val,수산물,T6 기계변형,47bb37ee-51f3-4aaf-9f21-7ff318f82ef3,홈수산,수산물,새미래 골목형상점가,골목형상점가,대전광역시,,,
b692d989f38e25a4eda4,full_annotation_v1,A,q_수산물_16,수산물추천,식료품 중 '수산물'을 판매·제공하는 매장,val,수산물,T6 기계변형,007aece5-08b8-4eb0-b4c6-18d451eadcfd,영남상회,건어물,동쪽바다중앙시장(구 동해중앙시장),전통시장,강원특별자치도,,,
b0bdd436430b957aa52f,full_annotation_v1,A,q_수산물_16,수산물추천,식료품 중 '수산물'을 판매·제공하는 매장,val,수산물,T6 기계변형,623060f1-cc6d-43a5-8bc2-5a1483e9889c,회떠,수산물,공주대학로 골목형 상점가,골목형상점가,충청남도,,,
3ed69a2dbe0e1ab64102,full_annotation_v1,A,q_수산물_16,수산물추천,식료품 중 '수산물'을 판매·제공하는 매장,val,수산물,T6 기계변형,00e04e3d-cb00-4d64-a13d-a9c02f9a4fc8,대림수산,활어,자갈치시장,전통시장,부산광역시,,,
22f51a53710917ff549c,full_annotation_v1,A,q_수산물_16,수산물추천,식료품 중 '수산물'을 판매·제공하는 매장,val,수산물,T6 기계변형,00bd252b-19f9-4e9a-bf26-b45280bb84ae,선옥상회,생선,고성 공룡시장,전통시장,경상남도,,,
7c20871fce13906fd387,full_annotation_v1,A,q_수산물_16,수산물추천,식료품 중 '수산물'을 판매·제공하는 매장,val,수산물,T6 기계변형,00445369-fa3a-4cd3-ae3a-6564876f4199,용수상회,수산물,서문시장건해산물상가,전통시장,대구광역시,,,
8058a03a72c9eb958eb5,full_annotation_v1,A,q_수산물_16,수산물추천,식료품 중 '수산물'을 판매·제공하는 매장,val,수산물,T6 기계변형,00a0d437-836b-453d-b15e-55fbf7dc8460,대박수산,생선,청주육거리종합시장,전통시장,충청북도,,,
3bc3e7e92350da3ebe6d,full_annotation_v1,A,q_수산물_16,수산물추천,식료품 중 '수산물'을 판매·제공하는 매장,val,수산물,T6 기계변형,00ba389b-e522-4da5-ac26-2ffaf33359ec,스시노유키,초밥,산본로데오거리(구 산본중심상가),자율상권구역,경기도,,,
3909ef85ddedd82eeb25,full_annotation_v1,A,q_수산물_16,수산물추천,식료품 중 '수산물'을 판매·제공하는 매장,val,수산물,T6 기계변형,00ac75c4-6e3f-4d23-8a6a-1dc8ba294b85,우진수산,"수산물, 활어",효자시장,전통시장,경상북도,,,
fbcadd131a3a00cf41ba,full_annotation_v1,A,q_수산물_16,수산물추천,식료품 중 '수산물'을 판매·제공하는 매장,val,수산물,T6 기계변형,02faca98-629e-48a7-b384-f1efb6b03b0c,갈목수산,수산물,서천특화시장,전통시장,충청남도,,,
28a788b3a8b34b131a97,full_annotation_v1,A,q_수산물_16,수산물추천,식료품 중 '수산물'을 판매·제공하는 매장,val,수산물,T6 기계변형,038f89c5-a204-4c80-9e31-9d22a3ba4c95,연스시,초밥,노은역 골목형상점가,골목형상점가,대전광역시,,,
97acf3c2ca82f169b990,full_annotation_v1,A,q_수산물_16,수산물추천,식료품 중 '수산물'을 판매·제공하는 매장,val,수산물,T6 기계변형,63bc7227-c40e-4131-9061-a94570f2591e,홍수산,수산물,중앙선어시장,전통시장,전라남도,,,
e4c42cb8cc9d76b969ba,full_annotation_v1,A,q_수산물_16,수산물추천,식료품 중 '수산물'을 판매·제공하는 매장,val,수산물,T6 기계변형,fb2624dd-f80d-44e0-9c5b-8e62e7580400,차상회,수산물,부산공동어시장상점가,자율상권구역,부산광역시,,,
98bf072345bd502279af,full_annotation_v1,A,q_수산물_16,수산물추천,식료품 중 '수산물'을 판매·제공하는 매장,val,수산물,T6 기계변형,b66d1a25-5417-46b9-b361-adae6ccabe69,Milcode,휴게음식점,우산동빛고을 골목형상점가,골목형상점가,광주광역시,,,
7b1e5b9f1e627221fee1,full_annotation_v1,A,q_수산물_16,수산물추천,식료품 중 '수산물'을 판매·제공하는 매장,val,수산물,T6 기계변형,0bf687ec-4ea8-4932-a2c4-401f28aab97f,중앙어물,어물,모슬포 중앙시장,전통시장,제주특별자치도,,,
243900313ad276f98428,full_annotation_v1,A,q_수산물_16,수산물추천,식료품 중 '수산물'을 판매·제공하는 매장,val,수산물,T6 기계변형,013d58c8-33f8-4dbe-95de-801d22ea9505,민영활어공장 부천자유시장점,"회, 초밥",부천자유시장,전통시장,경기도,,,
976d3a17349cdd9417d3,full_annotation_v1,A,q_수산물_16,수산물추천,식료품 중 '수산물'을 판매·제공하는 매장,val,수산물,T6 기계변형,00fcc68d-3086-4b45-b998-f3763e8dbf7d,꼬치마요 산본역점(9호점),일식,산본로데오거리(구 산본중심상가),자율상권구역,경기도,,,
d87528066fa86130414d,full_annotation_v1,A,q_수산물_17,수산뭉,식료품 중 '수산물'을 판매·제공하는 매장,val,수산물,T6 기계변형,0019e966-8007-4603-957c-4e9adcd1f05a,부남수산,수산물,서산동부전통시장,전통시장,충청남도,,,
70c8bd35b2afa10f616b,full_annotation_v1,A,q_수산물_17,수산뭉,식료품 중 '수산물'을 판매·제공하는 매장,val,수산물,T6 기계변형,000d55be-8181-4f45-827e-52082b2ae284,명희유통,건어물,성북시장,전통시장,부산광역시,,,
d3b99cd59f84b994a60c,full_annotation_v1,A,q_수산물_17,수산뭉,식료품 중 '수산물'을 판매·제공하는 매장,val,수산물,T6 기계변형,a3cc4798-4fe7-4a4d-9c5c-19793003ee15,민교네 수산,수산,영일대북부시장(구 북부시장),전통시장,경상북도,,,
f21bdb63ac4d5fd5f527,full_annotation_v1,A,q_수산물_17,수산뭉,식료품 중 '수산물'을 판매·제공하는 매장,val,수산물,T6 기계변형,004032ef-2ae7-4e97-ac30-b12a0869e930,시장횟집,횟집,광양매일시장(광양상설시장),전통시장,전라남도,,,
80096c07fac65940ce99,full_annotation_v1,A,q_수산물_17,수산뭉,식료품 중 '수산물'을 판매·제공하는 매장,val,수산물,T6 기계변형,150f5b4d-510f-49f9-836a-dbf7e81f27d4,태뭉,한식,평촌1번가 상점가,자율상권구역,경기도,,,
e4311872b18114eeba63,full_annotation_v1,A,q_수산물_17,수산뭉,식료품 중 '수산물'을 판매·제공하는 매장,val,수산물,T6 기계변형,013d58c8-33f8-4dbe-95de-801d22ea9505,민영활어공장 부천자유시장점,"회, 초밥",부천자유시장,전통시장,경기도,,,
7a8420b7e40bc0c19743,full_annotation_v1,A,q_수산물_17,수산뭉,식료품 중 '수산물'을 판매·제공하는 매장,val,수산물,T6 기계변형,fc99b06d-341b-491e-b33a-2b7157dd7d38,창근수산,수산물,영광터미널시장,전통시장,전라남도,,,
3bdc2067432518edc211,full_annotation_v1,A,q_수산물_17,수산뭉,식료품 중 '수산물'을 판매·제공하는 매장,val,수산물,T6 기계변형,333fa307-f61c-45a8-a79b-93fff676095e,대명어물,어물,서귀포향토오일시장,전통시장,제주특별자치도,,,
751e79c01ef42f7438d1,full_annotation_v1,A,q_수산물_17,수산뭉,식료품 중 '수산물'을 판매·제공하는 매장,val,수산물,T6 기계변형,00a40df6-e218-4c9e-951f-b2c1a3ee676e,영흥수산,생선,가락몰골목형상점가,골목형상점가,서울특별시,,,
781df1a3d2d40aa56af6,full_annotation_v1,A,q_수산물_17,수산뭉,식료품 중 '수산물'을 판매·제공하는 매장,val,수산물,T6 기계변형,03cbd591-5ee7-4f9b-842e-8dc427925406,신흥상회,어물,상주중앙시장,전통시장,경상북도,,,
6c8bb03dfb8f8dae9524,full_annotation_v1,A,q_수산물_17,수산뭉,식료품 중 '수산물'을 판매·제공하는 매장,val,수산물,T6 기계변형,00ba389b-e522-4da5-ac26-2ffaf33359ec,스시노유키,초밥,산본로데오거리(구 산본중심상가),자율상권구역,경기도,,,
bdbcaaca98a9f79a18a8,full_annotation_v1,A,q_수산물_17,수산뭉,식료품 중 '수산물'을 판매·제공하는 매장,val,수산물,T6 기계변형,2e9487ee-4825-4ee1-9b41-5777d0a99d6e,워싱턴수산,수산물,남광주시장,전통시장,,,,
33f4b3d6b97fe508edab,full_annotation_v1,A,q_수산물_17,수산뭉,식료품 중 '수산물'을 판매·제공하는 매장,val,수산물,T6 기계변형,32acf482-6940-4d15-8160-3971ea30a346,유람선,수산물,궁평항해오름수산시장,전통시장,경기도,,,
787f1f8f3f2d55d98652,full_annotation_v1,A,q_수산물_17,수산뭉,식료품 중 '수산물'을 판매·제공하는 매장,val,수산물,T6 기계변형,69ccf875-ccb8-410e-9336-d2d8cd4be945,덕근수산,수산물,목포종합수산시장,전통시장,전라남도,,,
65fea6a281ade2321f85,full_annotation_v1,A,q_수산물_17,수산뭉,식료품 중 '수산물'을 판매·제공하는 매장,val,수산물,T6 기계변형,8d6d4634-3b85-4d95-8f32-2f385990456f,안동 수산,수산물,번개시장,전통시장,대구광역시,,,
547889a0bad234c7a482,full_annotation_v1,A,q_수산물_17,수산뭉,식료품 중 '수산물'을 판매·제공하는 매장,val,수산물,T6 기계변형,3567e7b6-7474-4309-b1e2-c4f18474905a,김선화 S.P 스파,일반미용업,다정중앙 골목형상점가,골목형상점가,세종특별자치시,,,
d81a7567ce61d281ae60,full_annotation_v1,A,q_수산물_17,수산뭉,식료품 중 '수산물'을 판매·제공하는 매장,val,수산물,T6 기계변형,00298213-17ea-453a-b6e6-375d9ef636b6,대양농수산,농수산물,부평깡시장,전통시장,인천광역시,,,
e123a2ae9c9eea7b36f6,full_annotation_v1,A,q_수산물_17,수산뭉,식료품 중 '수산물'을 판매·제공하는 매장,val,수산물,T6 기계변형,df79c67e-b4bc-4bc1-9989-66267be7da31,봉균수산,수산물,강서수산시장골목형상점가,골목형상점가,서울특별시,,,
7cd91cfeb9f29d4c40ed,full_annotation_v1,A,q_수산물_17,수산뭉,식료품 중 '수산물'을 판매·제공하는 매장,val,수산물,T6 기계변형,008cfdc1-610a-407a-a03b-4c6dae7106f4,주영수산,활어,목포북항상점가,자율상권구역,전라남도,,,
8e1b3a33b570cd8957f6,full_annotation_v1,A,q_수산물_17,수산뭉,식료품 중 '수산물'을 판매·제공하는 매장,val,수산물,T6 기계변형,685b554f-d33e-4ff6-9790-ac10d2db8416,지에스25광주신우점,생활용품,대남숨길 골목형상점가,골목형상점가,광주광역시,,,
09019e4d17bdb3cbc9ec,full_annotation_v1,A,q_수산물_17,수산뭉,식료품 중 '수산물'을 판매·제공하는 매장,val,수산물,T6 기계변형,615d1a4b-755b-41a1-b37a-447e3b6c6bb7,살롱드미유,,송정화봉라인 골목형상점가,골목형상점가,울산광역시,,,
1af454f54734cacab79f,full_annotation_v1,A,q_수산물_17,수산뭉,식료품 중 '수산물'을 판매·제공하는 매장,val,수산물,T6 기계변형,a6a35c8e-0399-42eb-9626-fbb24da1d413,동검수산,수산물,강화풍물시장,전통시장,인천광역시,,,
1e858f025b5dc1cdb2a5,full_annotation_v1,A,q_수산물_17,수산뭉,식료품 중 '수산물'을 판매·제공하는 매장,val,수산물,T6 기계변형,02faca98-629e-48a7-b384-f1efb6b03b0c,갈목수산,수산물,서천특화시장,전통시장,충청남도,,,
e39a1b2f600c9911856c,full_annotation_v1,A,q_수산물_17,수산뭉,식료품 중 '수산물'을 판매·제공하는 매장,val,수산물,T6 기계변형,eb27f0ec-48a7-4dbc-acc9-ead762d4ab15,호님상회,수산물,목포종합수산시장,전통시장,전라남도,,,
a1ae904b10e348aa9a2b,full_annotation_v1,A,q_수산물_17,수산뭉,식료품 중 '수산물'을 판매·제공하는 매장,val,수산물,T6 기계변형,893f9d1d-1cff-406f-8f23-c3f5643146be,오늘 수산,수산물,김해 외동전통시장,전통시장,경상남도,,,
cfad49dd85324537aa10,full_annotation_v1,A,q_수산물_17,수산뭉,식료품 중 '수산물'을 판매·제공하는 매장,val,수산물,T6 기계변형,0f2761cc-59c9-4a9f-8519-887e898a6c21,대폭수산,수산물,포항죽도농산물시장,전통시장,경상북도,,,
7947eb3acc6d4ea99d01,full_annotation_v1,A,q_수산물_17,수산뭉,식료품 중 '수산물'을 판매·제공하는 매장,val,수산물,T6 기계변형,0027eaf6-093b-4df4-9457-4f1081537ff3,충무꼭지횟집,횟집,초량전통시장,전통시장,부산광역시,,,
8d95e57f29c0cd53b986,full_annotation_v1,A,q_수산물_17,수산뭉,식료품 중 '수산물'을 판매·제공하는 매장,val,수산물,T6 기계변형,009fbffe-11b3-4eba-b65a-696f4f59f079,인어횟집,횟집,목포북항상점가,자율상권구역,전라남도,,,
49fcaa2e308808757182,full_annotation_v1,A,q_수산물_17,수산뭉,식료품 중 '수산물'을 판매·제공하는 매장,val,수산물,T6 기계변형,0004c5f7-95e0-45be-9f06-a705b8113ff0,의창수협67번중도매인,활어,진해 용원어시장상점가,자율상권구역,경상남도,,,
2a4b87b5988e742409d3,full_annotation_v1,A,q_수산물_17,수산뭉,식료품 중 '수산물'을 판매·제공하는 매장,val,수산물,T6 기계변형,002e7e87-5677-44ca-85c4-9e5b87e7994f,한양수산,생선,안중시장,전통시장,경기도,,,
afb7b2df21d96f209b11,full_annotation_v1,A,q_수산물_17,수산뭉,식료품 중 '수산물'을 판매·제공하는 매장,val,수산물,T6 기계변형,23c3af81-9348-4baf-998b-66077ae4b276,수산킹,수산물,망원동월드컵시장,전통시장,서울특별시,,,
b8beb498d92234bf9bb5,full_annotation_v1,A,q_수산물_17,수산뭉,식료품 중 '수산물'을 판매·제공하는 매장,val,수산물,T6 기계변형,fb2624dd-f80d-44e0-9c5b-8e62e7580400,차상회,수산물,부산공동어시장상점가,자율상권구역,부산광역시,,,
c73d11dc051a533b01a4,full_annotation_v1,A,q_수산물_17,수산뭉,식료품 중 '수산물'을 판매·제공하는 매장,val,수산물,T6 기계변형,00a0d437-836b-453d-b15e-55fbf7dc8460,대박수산,생선,청주육거리종합시장,전통시장,충청북도,,,
793382628d10bd6c8477,full_annotation_v1,A,q_수산물_17,수산뭉,식료품 중 '수산물'을 판매·제공하는 매장,val,수산물,T6 기계변형,2f93fe93-50dd-4ffd-8915-e5047ee97f27,회뜬수산,수산물,소래포구전통어시장,전통시장,인천광역시,,,
41b149e2ad2f0354404e,full_annotation_v1,A,q_수산물_17,수산뭉,식료품 중 '수산물'을 판매·제공하는 매장,val,수산물,T6 기계변형,6ade8ec6-596b-4ce3-8b87-13450828ad95,까뭉,구두,안양일번가 지하쇼핑몰,일반지하상점가,경기도,,,
8fb40886f6d044a0dc75,full_annotation_v1,A,q_수산물_17,수산뭉,식료품 중 '수산물'을 판매·제공하는 매장,val,수산물,T6 기계변형,8ff861b6-c37c-43f7-bf31-ab82c125f476,금성약업사,수삼,금산수삼센터,전통시장,충청남도,,,
16a56015378ce819d3ec,full_annotation_v1,A,q_수산물_17,수산뭉,식료품 중 '수산물'을 판매·제공하는 매장,val,수산물,T6 기계변형,010c1855-b46f-4e37-b975-8115c4249b0f,용궁횟집,,자갈치시장,전통시장,부산광역시,,,
49cbce9149a071ff8519,full_annotation_v1,A,q_수산물_17,수산뭉,식료품 중 '수산물'을 판매·제공하는 매장,val,수산물,T6 기계변형,516ae3db-14ed-4877-97b0-f23059ce8bfd,전라 수산,수산물,전주신중앙시장(구 중앙버드나무시장),전통시장,전북특별자치도,,,
7b5695569bc0fa8ba918,full_annotation_v1,A,q_수산물_17,수산뭉,식료품 중 '수산물'을 판매·제공하는 매장,val,수산물,T6 기계변형,00cd5dee-c068-48da-bc58-a704d5fe8832,윤석수산,수산물 활어회 생선 게종류 젓갈 갑각류 해산물 등등,대공원시장,전통시장,대구광역시,,,
ca263b4466202392b3fd,full_annotation_v1,A,q_수산물_17,수산뭉,식료품 중 '수산물'을 판매·제공하는 매장,val,수산물,T6 기계변형,458e866c-5f8f-43b7-a1dd-e80f296ed417,드림침구,침구,평택통복시장,전통시장,경기도,,,
15b42822e1879bd553a7,full_annotation_v1,A,q_수산물_17,수산뭉,식료품 중 '수산물'을 판매·제공하는 매장,val,수산물,T6 기계변형,0bf687ec-4ea8-4932-a2c4-401f28aab97f,중앙어물,어물,모슬포 중앙시장,전통시장,제주특별자치도,,,
77724d2c726d5b8c474a,full_annotation_v1,A,q_수산물_17,수산뭉,식료품 중 '수산물'을 판매·제공하는 매장,val,수산물,T6 기계변형,009b69b5-365a-4958-87e7-f224f253b92a,동문올레횟집,횟집,동문수산시장,전통시장,제주특별자치도,,,
4dd1e770c3c5700b9c6c,full_annotation_v1,A,q_수산물_17,수산뭉,식료품 중 '수산물'을 판매·제공하는 매장,val,수산물,T6 기계변형,0130dbd3-b9ea-43f4-98fd-26d8afd90b78,모래내시장순대,식당,전주모래내시장,전통시장,전북특별자치도,,,
b71306efc6c09b06ff3b,full_annotation_v1,A,q_수산물_17,수산뭉,식료품 중 '수산물'을 판매·제공하는 매장,val,수산물,T6 기계변형,005eb589-94b0-4a7e-b4e4-ef8cf64b0762,스시쿄다이,일식,동홍8번가 골목형상점가,골목형상점가,제주특별자치도,,,
aeab2c1cf280bba1e6d3,full_annotation_v1,A,q_수산물_17,수산뭉,식료품 중 '수산물'을 판매·제공하는 매장,val,수산물,T6 기계변형,9b7efcf0-f5be-4af7-a9dd-932ac08a2928,수정정보시스템,전자제품,음성시장,전통시장,충청북도,,,
35fb69fa1b206848f0b6,full_annotation_v1,A,q_수산물_17,수산뭉,식료품 중 '수산물'을 판매·제공하는 매장,val,수산물,T6 기계변형,0333f16c-ff56-4e80-a1c7-dd77a81300df,로봇초밥마켓 과천래미안점,초밥,과천슈르탑 골목형상점가,골목형상점가,경기도,,,
0835189bb21fbab7105b,full_annotation_v1,A,q_수산물_17,수산뭉,식료품 중 '수산물'을 판매·제공하는 매장,val,수산물,T6 기계변형,704896ee-36b8-49f6-aeb9-7b3764477eda,유풍상사,도소매(기타건어물),신중부시장,전통시장,서울특별시,,,
a3f84ad0ab284d2113c3,full_annotation_v1,A,q_수산물_17,수산뭉,식료품 중 '수산물'을 판매·제공하는 매장,val,수산물,T6 기계변형,00356e71-7b15-4a42-be60-f232011707b8,유한회사 덕재건재,건어물,가락몰골목형상점가,골목형상점가,서울특별시,,,
a50e369c30f212767c6f,full_annotation_v1,A,q_수산물_17,수산뭉,식료품 중 '수산물'을 판매·제공하는 매장,val,수산물,T6 기계변형,001ec0bf-0eda-4aa8-8efc-a90930649cf5,원프룻,농수산물,정이있는 구포시장,전통시장,부산광역시,,,
dd11050f2ae74000dc51,full_annotation_v1,A,q_수산물_17,수산뭉,식료품 중 '수산물'을 판매·제공하는 매장,val,수산물,T6 기계변형,3526958d-da64-4c90-a75c-c55162fbe0d3,최씨어물전,,영천공설시장,전통시장,경상북도,,,
f7ae1c4843b354574524,full_annotation_v1,A,q_수산물_17,수산뭉,식료품 중 '수산물'을 판매·제공하는 매장,val,수산물,T6 기계변형,ee7bf3a9-2797-4948-8cff-4e4dfa583973,대발이 수산,수산,정서진중앙시장(구 서구중앙시장),전통시장,인천광역시,,,
2f45fa8dfc66d5a20dcd,full_annotation_v1,A,q_수산물_17,수산뭉,식료품 중 '수산물'을 판매·제공하는 매장,val,수산물,T6 기계변형,5b0049c0-d4bc-42aa-9d9a-4380110271ce,므츠더룸,두발미용업,중흥동 큰샘길 골목형상점가,골목형상점가,광주광역시,,,
f5f1eaf252cbc74b89fa,full_annotation_v1,A,q_수산물_17,수산뭉,식료품 중 '수산물'을 판매·제공하는 매장,val,수산물,T6 기계변형,00cc4859-307a-43ef-9654-2f6aa6fc404d,서산상회,생선,노량진수산시장골목형상점가,골목형상점가,서울특별시,,,
fc60360a0124c76f95fc,full_annotation_v1,A,q_수산물_17,수산뭉,식료품 중 '수산물'을 판매·제공하는 매장,val,수산물,T6 기계변형,00ac75c4-6e3f-4d23-8a6a-1dc8ba294b85,우진수산,"수산물, 활어",효자시장,전통시장,경상북도,,,
fa78c26ed7318b53df1e,full_annotation_v1,A,q_수산물_17,수산뭉,식료품 중 '수산물'을 판매·제공하는 매장,val,수산물,T6 기계변형,007aece5-08b8-4eb0-b4c6-18d451eadcfd,영남상회,건어물,동쪽바다중앙시장(구 동해중앙시장),전통시장,강원특별자치도,,,
e938eef41c2a1801117e,full_annotation_v1,A,q_수산물_17,수산뭉,식료품 중 '수산물'을 판매·제공하는 매장,val,수산물,T6 기계변형,99d55467-b3a1-419f-be5d-3d803a3d8468,돔수산,수산물,노은상가연합 골목형상점가,골목형상점가,대전광역시,,,
ed4c7b2e396237abc1aa,full_annotation_v1,A,q_수산물_17,수산뭉,식료품 중 '수산물'을 판매·제공하는 매장,val,수산물,T6 기계변형,f140614c-2b2e-4abc-88a3-dd2634a5d968,스피드메이트신상무점,자동차부품,상무중앙공원상인회 골목형상점가,골목형상점가,광주광역시,,,
0c122186b093d5be15aa,full_annotation_v1,A,q_수산물_17,수산뭉,식료품 중 '수산물'을 판매·제공하는 매장,val,수산물,T6 기계변형,005429a3-030e-492f-973c-1d5842eeac56,미래횟집,활어,사천 삼천포용궁수산시장,전통시장,경상남도,,,
155e9487440fc2383b5c,full_annotation_v1,A,q_수산물_17,수산뭉,식료품 중 '수산물'을 판매·제공하는 매장,val,수산물,T6 기계변형,cc5350e1-229f-4d9c-a431-4c09701df79f,황덕호,수산물,소래포구전통어시장,전통시장,인천광역시,,,
e716cc739f2a6d1796cd,full_annotation_v1,A,q_수산물_17,수산뭉,식료품 중 '수산물'을 판매·제공하는 매장,val,수산물,T6 기계변형,82c0edd5-bb6d-4e3b-8e47-a3cad97cea75,쑝쑝수산,수산물,통영 북신전통시장,전통시장,경상남도,,,
1231a1379225c166c9bf,full_annotation_v1,A,q_수산물_17,수산뭉,식료품 중 '수산물'을 판매·제공하는 매장,val,수산물,T6 기계변형,016ddf29-de07-40e1-a642-8c2a45a6f19d,연희어시장,횟집,연희로 골목형상점가,골목형상점가,인천광역시,,,
6d5d45b6cad37dbe3361,full_annotation_v1,A,q_수산물_17,수산뭉,식료품 중 '수산물'을 판매·제공하는 매장,val,수산물,T6 기계변형,cdf954a5-9864-4262-a33b-651f66572c80,수산왕 쌍문,수산물,쌍문시장(쌍문역골목시장),전통시장,서울특별시,,,
058310cc78ecd6b2f06f,full_annotation_v1,A,q_수산물_17,수산뭉,식료품 중 '수산물'을 판매·제공하는 매장,val,수산물,T6 기계변형,004d071d-dda6-41e4-9fcb-7c74c8f8ef0f,영남상회,건어물,수영팔도시장(구 수영팔도상가시장),전통시장,부산광역시,,,
ccec8333d253b09ec9fc,full_annotation_v1,A,q_수산물_17,수산뭉,식료품 중 '수산물'을 판매·제공하는 매장,val,수산물,T6 기계변형,96d320fd-1704-42d5-b421-4dd10fd93020,옥분수산,수산물,양동수산시장,전통시장,,,,
b90c65fcc945fdd877d1,full_annotation_v1,A,q_수산물_17,수산뭉,식료품 중 '수산물'을 판매·제공하는 매장,val,수산물,T6 기계변형,00779863-22b7-4378-adca-42362eff7e3f,장복횟집.수산,생선회,"안면도수산시장(구, 안면도장터)",전통시장,충청남도,,,
1345fc4338bb91668295,full_annotation_v1,A,q_수산물_17,수산뭉,식료품 중 '수산물'을 판매·제공하는 매장,val,수산물,T6 기계변형,00bd252b-19f9-4e9a-bf26-b45280bb84ae,선옥상회,생선,고성 공룡시장,전통시장,경상남도,,,
e34442b4aebf6321d20f,full_annotation_v1,A,q_수산물_17,수산뭉,식료품 중 '수산물'을 판매·제공하는 매장,val,수산물,T6 기계변형,a2dbd405-51a2-4844-ae21-647749ab7894,수형호수형수산,수산물,소래포구전통어시장,전통시장,인천광역시,,,
810b2eb12d4796db828d,full_annotation_v1,A,q_수산물_17,수산뭉,식료품 중 '수산물'을 판매·제공하는 매장,val,수산물,T6 기계변형,30d5afbc-fd4b-49bb-9e1c-2469652e5921,추씨어물점,어물,영천공설시장,전통시장,경상북도,,,
d5b4d07bf0c2c917c7d8,full_annotation_v1,A,q_수산물_17,수산뭉,식료품 중 '수산물'을 판매·제공하는 매장,val,수산물,T6 기계변형,0c671de5-f2e6-4fa7-b2ba-3b9dc3e546a5,수산상회,수산물,노량진수산시장골목형상점가,골목형상점가,서울특별시,,,
9b13beed5a772502ba37,full_annotation_v1,A,q_수산물_17,수산뭉,식료품 중 '수산물'을 판매·제공하는 매장,val,수산물,T6 기계변형,63bc7227-c40e-4131-9061-a94570f2591e,홍수산,수산물,중앙선어시장,전통시장,전라남도,,,
530896125a2cccd4a508,full_annotation_v1,A,q_수산물_17,수산뭉,식료품 중 '수산물'을 판매·제공하는 매장,val,수산물,T6 기계변형,1d57d594-9ef8-4b28-b6a7-9998e30e3222,송정수산,수산물 전체,송정우정 골목형상점가,골목형상점가,광주광역시,,,
62ef5ee478c30f63cfe3,full_annotation_v1,A,q_수산물_17,수산뭉,식료품 중 '수산물'을 판매·제공하는 매장,val,수산물,T6 기계변형,8b874bfd-b23d-42e2-bb65-56624b7f35c6,율포도황수산,수산물,오치1동 골목형상점가,골목형상점가,광주광역시,,,
89288cf9f14ff1b57ae8,full_annotation_v1,A,q_수산물_17,수산뭉,식료품 중 '수산물'을 판매·제공하는 매장,val,수산물,T6 기계변형,00445369-fa3a-4cd3-ae3a-6564876f4199,용수상회,수산물,서문시장건해산물상가,전통시장,대구광역시,,,
df5dbef628435ad70679,full_annotation_v1,A,q_수산물_17,수산뭉,식료품 중 '수산물'을 판매·제공하는 매장,val,수산물,T6 기계변형,623060f1-cc6d-43a5-8bc2-5a1483e9889c,회떠,수산물,공주대학로 골목형 상점가,골목형상점가,충청남도,,,
790aa4c076615c0f9355,full_annotation_v1,A,q_수산물_17,수산뭉,식료품 중 '수산물'을 판매·제공하는 매장,val,수산물,T6 기계변형,62e0474e-8456-47ce-8002-0bf68eeef7e1,현승 수산,수산물,인천종합어시장,전통시장,인천광역시,,,
5f85a51959bf92ba1469,full_annotation_v1,A,q_수산물_17,수산뭉,식료품 중 '수산물'을 판매·제공하는 매장,val,수산물,T6 기계변형,b7d619c5-c5d2-4d4a-86e9-0a274bc9c71b,수산시대,수산물,간석자유시장,전통시장,인천광역시,,,
934ed7d5d53ec49bc25a,full_annotation_v1,A,q_수산물_17,수산뭉,식료품 중 '수산물'을 판매·제공하는 매장,val,수산물,T6 기계변형,9d2600d7-7ca8-4c65-8d7f-d7fc5d2c8e48,사담세,,충장로45가 상점가,자율상권구역,,,,
5f961d5203c934104a73,full_annotation_v1,A,q_수산물_17,수산뭉,식료품 중 '수산물'을 판매·제공하는 매장,val,수산물,T6 기계변형,b7f448bc-28b2-42f2-bcd4-ab70de6f9f05,플리츠1020,의류,마산 창동통합상가,자율상권구역,경상남도,,,
93b3d95e5497e3f79694,full_annotation_v1,A,q_수산물_17,수산뭉,식료품 중 '수산물'을 판매·제공하는 매장,val,수산물,T6 기계변형,1fff1937-63b6-40de-b03c-6cc9006c5742,신3억수산,수산물,역전시장,전통시장,충청남도,,,
4d4bd2ef03b2c3ce6a69,full_annotation_v1,A,q_수산물_17,수산뭉,식료품 중 '수산물'을 판매·제공하는 매장,val,수산물,T6 기계변형,d169f5f1-9dba-4dab-86ef-391f4813b73d,수산타운,수산물,화정동 서부시장,전통시장,광주광역시,,,
0547af1ac4a22678f3bf,full_annotation_v1,A,q_수산물_17,수산뭉,식료품 중 '수산물'을 판매·제공하는 매장,val,수산물,T6 기계변형,b6d48d49-7914-4f8d-bcfc-a6d763819258,금호회 수산,수산물,큰방림길 골목형상점가,골목형상점가,광주광역시,,,
d9c062f5d25a579121dd,full_annotation_v1,A,q_수산물_17,수산뭉,식료품 중 '수산물'을 판매·제공하는 매장,val,수산물,T6 기계변형,0016aa1a-5730-45a0-b427-06b0f51fc005,든든한밥상,농수산물,화산면 골목형상점가,골목형상점가,전라남도,,,
412f620740017827ed0f,full_annotation_v1,A,q_수산물_17,수산뭉,식료품 중 '수산물'을 판매·제공하는 매장,val,수산물,T6 기계변형,00527b0b-893c-4d64-862e-3ef8113d07fb,해선언니네,건어물,용상공설시장,전통시장,경상북도,,,
1398d27ff32b04d63327,full_annotation_v1,A,q_수산물_17,수산뭉,식료품 중 '수산물'을 판매·제공하는 매장,val,수산물,T6 기계변형,00fcc68d-3086-4b45-b998-f3763e8dbf7d,꼬치마요 산본역점(9호점),일식,산본로데오거리(구 산본중심상가),자율상권구역,경기도,,,
77bbb51f87f3b8c624cc,full_annotation_v1,A,q_수산물_17,수산뭉,식료품 중 '수산물'을 판매·제공하는 매장,val,수산물,T6 기계변형,fc3cf48a-6c2a-44d6-aa2c-70bc11d2d2a5,갓구운밥,현미누룽지,두암1동 골목형상점가,골목형상점가,광주광역시,,,
268ecaedfe6877c54aad,full_annotation_v1,A,q_수산물_17,수산뭉,식료품 중 '수산물'을 판매·제공하는 매장,val,수산물,T6 기계변형,00f60c16-d8be-497f-80f2-aab3209a8d0e,포카포카,식당,전남여고후문 골목형상점가,골목형상점가,광주광역시,,,
03398bf8cb1157a998fc,full_annotation_v1,A,q_수산물_17,수산뭉,식료품 중 '수산물'을 판매·제공하는 매장,val,수산물,T6 기계변형,e815710e-ad21-4216-b5d7-51308f3c06d3,태양 갤러리,가구,하단자율상권구역,기타,부산광역시,,,
27a033d65f698eacd9a0,full_annotation_v1,A,q_수산물_17,수산뭉,식료품 중 '수산물'을 판매·제공하는 매장,val,수산물,T6 기계변형,f36e4cc9-141a-4a52-a986-9dd0432f99e5,경환수산,수산,사천읍시장,전통시장,경상남도,,,
07741ec729a432e0e962,full_annotation_v1,A,q_수산물_17,수산뭉,식료품 중 '수산물'을 판매·제공하는 매장,val,수산물,T6 기계변형,b73c597b-ad7b-4431-af35-802415dc7be8,스쿠바수산,수산물,대천항수산시장,전통시장,충청남도,,,
d18e404c61e7075e3c5c,full_annotation_v1,A,q_수산물_17,수산뭉,식료품 중 '수산물'을 판매·제공하는 매장,val,수산물,T6 기계변형,f7991058-93ba-4e61-9370-bae3bb8bcda8,찬솔 수산,수산물,구월시장,전통시장,인천광역시,,,
7378e9bdbc7588cad93b,full_annotation_v1,A,q_수산물_17,수산뭉,식료품 중 '수산물'을 판매·제공하는 매장,val,수산물,T6 기계변형,01286ec0-50e0-4540-b678-ec706fb3bcbb,설곰식당,식당,산업용재관,전통시장,대구광역시,,,
4d948346321f0a19a22f,full_annotation_v1,A,q_수산물_17,수산뭉,식료품 중 '수산물'을 판매·제공하는 매장,val,수산물,T6 기계변형,72d44ea9-2e7b-4b52-b68a-5674abecc2a4,하이쫀쫀드기,,울산대바보사거리 골목형상점가,골목형상점가,울산광역시,,,
ba976ca7eab3b59f3d28,full_annotation_v1,A,q_수산물_17,수산뭉,식료품 중 '수산물'을 판매·제공하는 매장,val,수산물,T6 기계변형,01afaafa-2a46-4977-8015-55762957ee7a,다래초밥,초밥,동문동 골목형상점가,골목형상점가,충청남도,,,
418136ea6c0ebb725e27,full_annotation_v1,A,q_수산물_17,수산뭉,식료품 중 '수산물'을 판매·제공하는 매장,val,수산물,T6 기계변형,c75bc1c2-523f-4d0a-8d70-78c97be13e34,만득수산,수산,목포북항상점가,자율상권구역,전라남도,,,
e987071c9160e8dd17e7,full_annotation_v1,A,q_수산물_17,수산뭉,식료품 중 '수산물'을 판매·제공하는 매장,val,수산물,T6 기계변형,6560d359-28c5-4259-8804-508b6e284f3d,신광,,갈리단길 골목형상점가,골목형상점가,대전광역시,,,
364cc4474fe5701c77af,full_annotation_v1,A,q_수산물_17,수산뭉,식료품 중 '수산물'을 판매·제공하는 매장,val,수산물,T6 기계변형,28a4ed7c-ee5a-4ad9-998c-c55148d01ed2,이삭수산,수산물,거진전통시장,전통시장,강원특별자치도,,,
7192d4693add3204edb1,full_annotation_v1,A,q_수산물_17,수산뭉,식료품 중 '수산물'을 판매·제공하는 매장,val,수산물,T6 기계변형,00e04e3d-cb00-4d64-a13d-a9c02f9a4fc8,대림수산,활어,자갈치시장,전통시장,부산광역시,,,
7dcd4c5c5ca42e57e2eb,full_annotation_v1,A,q_수산물_17,수산뭉,식료품 중 '수산물'을 판매·제공하는 매장,val,수산물,T6 기계변형,47bb37ee-51f3-4aaf-9f21-7ff318f82ef3,홈수산,수산물,새미래 골목형상점가,골목형상점가,대전광역시,,,
0cea7710a703ca6e9ffc,full_annotation_v1,A,q_수산물_17,수산뭉,식료품 중 '수산물'을 판매·제공하는 매장,val,수산물,T6 기계변형,038f89c5-a204-4c80-9e31-9d22a3ba4c95,연스시,초밥,노은역 골목형상점가,골목형상점가,대전광역시,,,
e1d5bec472fcc867a541,full_annotation_v1,A,q_수선_01,바지 기장 줄이는 곳,생활서비스 중 '수선'을 판매·제공하는 매장,test,수선,T5 서비스,a9671c49-d01e-494b-b707-ba51425bf0c0,올포유 경북왜관점,"남녀 겉옷, 셔츠 및 블라우스, 바지, 가방 및 신발, 모자, 벨트",비카인드 자율상권구역,,경상북도,,,
dacbfdf5a97153beb5e3,full_annotation_v1,A,q_수선_01,바지 기장 줄이는 곳,생활서비스 중 '수선'을 판매·제공하는 매장,test,수선,T5 서비스,24456103-f6b8-46af-8655-82e61d7265d8,커피가 머무르는 곳,커피,반드레길골목형상점가,골목형상점가,서울특별시,,,
39b60d21246ec4997b97,full_annotation_v1,A,q_수선_01,바지 기장 줄이는 곳,생활서비스 중 '수선'을 판매·제공하는 매장,test,수선,T5 서비스,0a54d968-5fce-42be-b1c3-83e9e2bbf180,현대청과,농산물,마포농수산물시장,전통시장,서울특별시,,,
3384c58c3a7b1148ff87,full_annotation_v1,A,q_수선_01,바지 기장 줄이는 곳,생활서비스 중 '수선'을 판매·제공하는 매장,test,수선,T5 서비스,00158f51-4d3a-4ac0-9e38-b37552f5e097,지지배,의류,나주금빛상점가,자율상권구역,전라남도,,,
3fbb8c7c1061ce321eff,full_annotation_v1,A,q_수선_01,바지 기장 줄이는 곳,생활서비스 중 '수선'을 판매·제공하는 매장,test,수선,T5 서비스,df04dfde-1a70-444e-949b-f04ed2d41f99,미리내,바지,삼익패션타운,전통시장,서울특별시,,,
7139ce252e0054440a51,full_annotation_v1,A,q_수선_01,바지 기장 줄이는 곳,생활서비스 중 '수선'을 판매·제공하는 매장,test,수선,T5 서비스,20be8953-117c-4485-860d-53a7b6197895,정말맛있는족발,바지,자양전통시장,전통시장,서울특별시,,,
d1df18958d0a562cd2f8,full_annotation_v1,A,q_수선_01,바지 기장 줄이는 곳,생활서비스 중 '수선'을 판매·제공하는 매장,test,수선,T5 서비스,721a16cc-86e9-44a7-a0ee-7a48bb4d3e0d,기장 베이비하우스,유아용품,기장시장 일원 자율상권구역,,부산광역시,,,
d4c08227911d33aaec1e,full_annotation_v1,A,q_수선_01,바지 기장 줄이는 곳,생활서비스 중 '수선'을 판매·제공하는 매장,test,수선,T5 서비스,023821e8-c092-426a-aaf3-3f1d79d747a9,진짜바지,의류,태백중앙로상점가,자율상권구역,강원특별자치도,,,
df3c6266b9fa2a7500b7,full_annotation_v1,A,q_수선_01,바지 기장 줄이는 곳,생활서비스 중 '수선'을 판매·제공하는 매장,test,수선,T5 서비스,d3f87049-bc02-4930-9802-852da9b548ce,불티바지,의류,순천 원도심 상권,상권활성화구역,,,,
1ba4102f2d07fe6c3ceb,full_annotation_v1,A,q_수선_01,바지 기장 줄이는 곳,생활서비스 중 '수선'을 판매·제공하는 매장,test,수선,T5 서비스,76a3551b-dae4-4326-92cc-662015aedbfb,쉴 곳,한식,칠성로상점가,자율상권구역,제주특별자치도,,,
c99d01dca845912b807a,full_annotation_v1,A,q_수선_01,바지 기장 줄이는 곳,생활서비스 중 '수선'을 판매·제공하는 매장,test,수선,T5 서비스,7d5dccc5-80f4-4641-b938-c370cc34096d,대동상사,주방용품,부평깡통시장(구 부산부평시장),전통시장,부산광역시,,,
ee4c710c486f4e3f64a4,full_annotation_v1,A,q_수선_01,바지 기장 줄이는 곳,생활서비스 중 '수선'을 판매·제공하는 매장,test,수선,T5 서비스,65dc80ee-c58d-4fb4-91b0-e15cef62742d,태후사랑,"화장품, 잡화",용봉지구 골목형상점가,골목형상점가,광주광역시,,,
fe81117b08455b403dea,full_annotation_v1,A,q_수선_01,바지 기장 줄이는 곳,생활서비스 중 '수선'을 판매·제공하는 매장,test,수선,T5 서비스,abc05c45-b4fb-4bf7-87f4-6ff5909fbc5b,태광사,바지,평화시장,전통시장,서울특별시,,,
de74a17d69aa169054bd,full_annotation_v1,A,q_수선_01,바지 기장 줄이는 곳,생활서비스 중 '수선'을 판매·제공하는 매장,test,수선,T5 서비스,ea5f6cfb-c362-45ae-883a-bb53d182d0aa,에스더,바지,아트프라자,자율상권구역,서울특별시,,,
da40292e0e9fd7562340,full_annotation_v1,A,q_수선_01,바지 기장 줄이는 곳,생활서비스 중 '수선'을 판매·제공하는 매장,test,수선,T5 서비스,2743811c-5e71-4d2b-aa75-1b0147d44f2d,사우 꽃이 피는 곳,꽃,김포 풍년마을 골목형상점가,골목형상점가,경기도,,,
346d7a2e8b3d5f983775,full_annotation_v1,A,q_수선_01,바지 기장 줄이는 곳,생활서비스 중 '수선'을 판매·제공하는 매장,test,수선,T5 서비스,37906c48-a5c5-48d1-ab53-8f0c5b8490b5,바지입는날,의류,중앙전통시장,전통시장,울산광역시,,,
24dc4c08fe03915c9cd3,full_annotation_v1,A,q_수선_01,바지 기장 줄이는 곳,생활서비스 중 '수선'을 판매·제공하는 매장,test,수선,T5 서비스,fb2a0106-7088-42e2-b6f6-07d12de33cf3,기장복국,,백년소상공인,,경상남도,,,
6ac76c3950c98bea9940,full_annotation_v1,A,q_수선_01,바지 기장 줄이는 곳,생활서비스 중 '수선'을 판매·제공하는 매장,test,수선,T5 서비스,41578a3d-2c2d-4e14-a8bd-2d58564c4ed7,게스언더웨어,의류,보령중앙시장,전통시장,충청남도,,,
87cdac8d291418eec961,full_annotation_v1,A,q_수선_01,바지 기장 줄이는 곳,생활서비스 중 '수선'을 판매·제공하는 매장,test,수선,T5 서비스,b3cf34e8-1c44-4d30-98e3-1ecff3446f63,무안수산,음식,월곡시장,전통시장,광주광역시,,,
25b14130bccdca5b2a0c,full_annotation_v1,A,q_수선_01,바지 기장 줄이는 곳,생활서비스 중 '수선'을 판매·제공하는 매장,test,수선,T5 서비스,8ae95d3a-c603-4eb5-b40c-61fba68a500e,엘르 이천점,남성 셔츠 바지 넥타이 등 남성 신사의류 및 악세사리,이천중앙로상가,자율상권구역,경기도,,,
b4ac7d1dc6e230402679,full_annotation_v1,A,q_수선_01,바지 기장 줄이는 곳,생활서비스 중 '수선'을 판매·제공하는 매장,test,수선,T5 서비스,c111ac9d-3f3a-405c-a8db-4d127ccda9e2,행복이 있는 곳,잡화,제주로얄쇼핑센터,자율상권구역,제주특별자치도,,,
c32a159870f06eab4df4,full_annotation_v1,A,q_수선_01,바지 기장 줄이는 곳,생활서비스 중 '수선'을 판매·제공하는 매장,test,수선,T5 서비스,aca3a7c0-9586-4cde-8653-9a9398764b77,오줌싼바지,,마산 (주)대현프리몰 지하도상점가,일반지하상점가,경상남도,,,
22a23dd274bffef01735,full_annotation_v1,A,q_수선_01,바지 기장 줄이는 곳,생활서비스 중 '수선'을 판매·제공하는 매장,test,수선,T5 서비스,01fb4713-ad3f-425b-a6f5-ce0993979e63,기장,회,범어식주가무명인골목 골목형상점가,골목형상점가,대구광역시,,,
1aa550ad06637dc78cf8,full_annotation_v1,A,q_수선_01,바지 기장 줄이는 곳,생활서비스 중 '수선'을 판매·제공하는 매장,test,수선,T5 서비스,c012738c-9dbe-4f74-a2be-55b5ef2f02fa,기장갈매기,,기장시장 일원 자율상권구역,,부산광역시,,,
f7c293ddeaa1420a6909,full_annotation_v1,A,q_수선_01,바지 기장 줄이는 곳,생활서비스 중 '수선'을 판매·제공하는 매장,test,수선,T5 서비스,43bd5c09-5b78-4634-a19b-7942c13014c9,꽃샘바지,의류,전주모래내시장,전통시장,전북특별자치도,,,
ba1b27c8f92c505df185,full_annotation_v1,A,q_수선_01,바지 기장 줄이는 곳,생활서비스 중 '수선'을 판매·제공하는 매장,test,수선,T5 서비스,00054f1d-4cae-4345-9975-1423bc49e4dc,착한아이들,의류,중앙전통시장,전통시장,울산광역시,,,
f6499891dd9e44637741,full_annotation_v1,A,q_수선_01,바지 기장 줄이는 곳,생활서비스 중 '수선'을 판매·제공하는 매장,test,수선,T5 서비스,1735f74a-0d22-438f-8bb7-bd88ce95fdc8,기장북마트,,기장차성로,골목형상점가,부산광역시,,,
7f2cce4efa4564b8a1c7,full_annotation_v1,A,q_수선_01,바지 기장 줄이는 곳,생활서비스 중 '수선'을 판매·제공하는 매장,test,수선,T5 서비스,00172c94-61f0-4197-afeb-d7e8187c79b5,옷이예쁘다,의류,메트로센터(반월당지하쇼핑),일반지하상점가,대구광역시,,,
594e709653ab62523754,full_annotation_v1,A,q_수선_01,바지 기장 줄이는 곳,생활서비스 중 '수선'을 판매·제공하는 매장,test,수선,T5 서비스,7d32f729-d8cd-4db2-81f6-78f432c46c87,하와이(Hawaii),티셔츠 바지 점퍼,서면지하도상가 서면몰(대현프리몰),일반지하상점가,부산광역시,,,
1c574aaf73bde5d7ce0d,full_annotation_v1,A,q_수선_01,바지 기장 줄이는 곳,생활서비스 중 '수선'을 판매·제공하는 매장,test,수선,T5 서비스,52e96608-d22f-4fd1-98cf-e1932dc9b487,태양반점,음식,창원 봉곡프라자상가,전통시장,경상남도,,,
93a4cdffdafa44240485,full_annotation_v1,A,q_수선_01,바지 기장 줄이는 곳,생활서비스 중 '수선'을 판매·제공하는 매장,test,수선,T5 서비스,40795a3d-a379-45eb-bb2f-43a40ca43fb4,홰바지,회,거제시장,전통시장,부산광역시,,,
edbdbc1c9f1ada50e47d,full_annotation_v1,A,q_수선_01,바지 기장 줄이는 곳,생활서비스 중 '수선'을 판매·제공하는 매장,test,수선,T5 서비스,a74fba94-6ba3-499e-9480-103c0ad32a0e,기장미역집,건어물,마산 진동전통시장,전통시장,경상남도,,,
ade366fe8d3271694ab2,full_annotation_v1,A,q_수선_01,바지 기장 줄이는 곳,생활서비스 중 '수선'을 판매·제공하는 매장,test,수선,T5 서비스,be9f8c61-892c-48ed-a49d-b63bd032c025,소곳,의류,고투몰(강남터미널지하도상점가),일반지하상점가,서울특별시,,,
25e30130b1e760edd1f4,full_annotation_v1,A,q_수선_01,바지 기장 줄이는 곳,생활서비스 중 '수선'을 판매·제공하는 매장,test,수선,T5 서비스,000a92b3-0b5e-429e-af00-f86e3570e24b,클로버,의류,관문상가시장,전통시장,대구광역시,,,
4861f79bb415c22d8c27,full_annotation_v1,A,q_수선_01,바지 기장 줄이는 곳,생활서비스 중 '수선'을 판매·제공하는 매장,test,수선,T5 서비스,6d1273e4-fc0a-485c-9384-fdf70a1955f7,강능청바지,의류,제천중앙시장,전통시장,충청북도,,,
e04348b5e67d2a09ff72,full_annotation_v1,A,q_수선_01,바지 기장 줄이는 곳,생활서비스 중 '수선'을 판매·제공하는 매장,test,수선,T5 서비스,1fb1e602-75bb-4293-b9f2-a99d1293c93d,황금,"겉옷, 셔츠, 블라우스, 바지",평화시장,전통시장,서울특별시,,,
f1921be1eaf2c92a61d7,full_annotation_v1,A,q_수선_01,바지 기장 줄이는 곳,생활서비스 중 '수선'을 판매·제공하는 매장,test,수선,T5 서비스,b6f41a15-1234-4718-b5dd-0973d98ad27e,기장 장어,장어,창원 봉곡시장,전통시장,경상남도,,,
1cddc2db05f9371ddf1b,full_annotation_v1,A,q_수선_01,바지 기장 줄이는 곳,생활서비스 중 '수선'을 판매·제공하는 매장,test,수선,T5 서비스,9f4626f0-9d1a-411e-a605-c016410beb04,청바지코너,의류(바지),양동복개상가,전통시장,,,,
509af904aff35182ed98,full_annotation_v1,A,q_수선_01,바지 기장 줄이는 곳,생활서비스 중 '수선'을 판매·제공하는 매장,test,수선,T5 서비스,f59a2437-a062-4384-ba9a-ece3ce474fb4,바지타운,바지,행복상점가,자율상권구역,경상북도,,,
31b47c02f0d988256400,full_annotation_v1,A,q_수선_01,바지 기장 줄이는 곳,생활서비스 중 '수선'을 판매·제공하는 매장,test,수선,T5 서비스,3b9ec935-50b8-4c83-be6c-c87b42e78a37,빽바지,한식,치평동중흥상가상인회 골목형상점가,골목형상점가,광주광역시,,,
8b511d52c13c855b0977,full_annotation_v1,A,q_수선_01,바지 기장 줄이는 곳,생활서비스 중 '수선'을 판매·제공하는 매장,test,수선,T5 서비스,d6958a4c-9524-43a1-8735-b856064085fc,빨강바지,의류,동인천지하상가(동인천지하아케이드),일반지하상점가,인천광역시,,,
400ed96ad0eeaf5069e8,full_annotation_v1,A,q_수선_01,바지 기장 줄이는 곳,생활서비스 중 '수선'을 판매·제공하는 매장,test,수선,T5 서비스,6bb4086d-a01f-4422-8f54-0d6bc5c6b7c0,아윤네일,"서비스업(미용업(손톱,발톱),메이크업)",성남백현카페문화거리,골목형상점가,경기도,,,
c86da6bef91f01772a43,full_annotation_v1,A,q_수선_01,바지 기장 줄이는 곳,생활서비스 중 '수선'을 판매·제공하는 매장,test,수선,T5 서비스,8b597be4-43c1-4835-b914-7d2840a314ff,궁,의류 바지,신창상가,전통시장,부산광역시,,,
c26141ae1b41173bc1f9,full_annotation_v1,A,q_수선_01,바지 기장 줄이는 곳,생활서비스 중 '수선'을 판매·제공하는 매장,test,수선,T5 서비스,00124602-ef4e-472c-91ee-de53b28d7530,화이트,의류,울산번개시장,전통시장,울산광역시,,,
4408d55301df301422e5,full_annotation_v1,A,q_수선_01,바지 기장 줄이는 곳,생활서비스 중 '수선'을 판매·제공하는 매장,test,수선,T5 서비스,3dd05d5d-9189-4878-b27a-28d25c1ba841,기장식품,음식,거제시장,전통시장,부산광역시,,,
0c32e7b590af2555e9cc,full_annotation_v1,A,q_수선_01,바지 기장 줄이는 곳,생활서비스 중 '수선'을 판매·제공하는 매장,test,수선,T5 서비스,c2b169f9-b1be-4f7b-b575-0593044e5362,동양식자재,식자재,하대원공설시장,전통시장,경기도,,,
3cf04a8abf486b5e9758,full_annotation_v1,A,q_수선_01,바지 기장 줄이는 곳,생활서비스 중 '수선'을 판매·제공하는 매장,test,수선,T5 서비스,6b796f41-6f3b-4539-a8a5-6c5dad7b0721,꽉낀청바지,의류,오산오색시장(구 오산중앙시장),전통시장,경기도,,,
20c37c20f0b43660bd05,full_annotation_v1,A,q_수선_01,바지 기장 줄이는 곳,생활서비스 중 '수선'을 판매·제공하는 매장,test,수선,T5 서비스,7f52588e-0d87-4535-ae87-f8df6d0129a0,원에이스,바지,평화시장,전통시장,서울특별시,,,
7370e803d941dc062fef,full_annotation_v1,A,q_수선_01,바지 기장 줄이는 곳,생활서비스 중 '수선'을 판매·제공하는 매장,test,수선,T5 서비스,2313bb0f-435c-439d-bade-ecdcf64afa2a,젬마(YS_jemma),"니트, 바지",제일평화시장,전통시장,서울특별시,,,
98e438e5c75d24a99c9d,full_annotation_v1,A,q_수선_01,바지 기장 줄이는 곳,생활서비스 중 '수선'을 판매·제공하는 매장,test,수선,T5 서비스,e3cd75cd-d9bb-4e9c-8451-6b876756d11b,기장 총각수산,수산물,기장시장 일원 자율상권구역,상권활성화구역,부산광역시,,,
a6f91e33077092353405,full_annotation_v1,A,q_수선_01,바지 기장 줄이는 곳,생활서비스 중 '수선'을 판매·제공하는 매장,test,수선,T5 서비스,fdc3dff7-102d-417d-a47d-34aec66d1c8a,기장앵글진열대,,기장차성로,골목형상점가,부산광역시,,,
932abc8f4a1ccafae53f,full_annotation_v1,A,q_수선_01,바지 기장 줄이는 곳,생활서비스 중 '수선'을 판매·제공하는 매장,test,수선,T5 서비스,1eaad4a8-e27e-4239-8b80-ed54b56729ce,KMG 크라브마가 글로벌,그룹레슨 개인레슨 티셔츠 바지 보호대,왕십리무학봉상점가,자율상권구역,서울특별시,,,
98b34977afd4311cab4a,full_annotation_v1,A,q_수선_01,바지 기장 줄이는 곳,생활서비스 중 '수선'을 판매·제공하는 매장,test,수선,T5 서비스,8a06ed6f-04f7-4f90-bf34-4c1c3648559f,레드청바지,청바지,대현프리몰 대구점,일반지하상점가,대구광역시,,,
47fab3db046e7dda71b2,full_annotation_v1,A,q_수선_01,바지 기장 줄이는 곳,생활서비스 중 '수선'을 판매·제공하는 매장,test,수선,T5 서비스,2ff75c74-19b7-4e25-bd84-8adaacc1aa9d,바지쟁이,의류,나주금빛상점가,자율상권구역,전라남도,,,
7affad39e93bccbbeab2,full_annotation_v1,A,q_수선_01,바지 기장 줄이는 곳,생활서비스 중 '수선'을 판매·제공하는 매장,test,수선,T5 서비스,be65f31e-3715-483c-a9a6-ada560e4eb37,21세기,의류 바지,신창상가,전통시장,부산광역시,,,
9b10e6bfa637b0e16071,full_annotation_v1,A,q_수선_01,바지 기장 줄이는 곳,생활서비스 중 '수선'을 판매·제공하는 매장,test,수선,T5 서비스,03159423-3cb1-401e-af77-89751a639bb8,주홍,바지,아트프라자,자율상권구역,서울특별시,,,
c4e9fae4529834fe04f3,full_annotation_v1,A,q_수선_01,바지 기장 줄이는 곳,생활서비스 중 '수선'을 판매·제공하는 매장,test,수선,T5 서비스,4f949eba-b350-4d58-8222-ec011ce450eb,영바지,의류,역전지하상가,일반지하상점가,대전광역시,,,
df98a4835ed8e5d29b72,full_annotation_v1,A,q_수선_02,옷 수선하는 곳,생활서비스 중 '수선'을 판매·제공하는 매장,test,수선,T5 서비스,00054f1d-4cae-4345-9975-1423bc49e4dc,착한아이들,의류,중앙전통시장,전통시장,울산광역시,,,
8a5848381354d7a0d702,full_annotation_v1,A,q_수선_02,옷 수선하는 곳,생활서비스 중 '수선'을 판매·제공하는 매장,test,수선,T5 서비스,73f471e1-ad28-4255-8286-2c1fa7bbb29e,여성크로커다일,옷,익산중앙상점가,골목형상점가,전북특별자치도,,,
fa8811c2b31d7266cb7e,full_annotation_v1,A,q_수선_02,옷 수선하는 곳,생활서비스 중 '수선'을 판매·제공하는 매장,test,수선,T5 서비스,420fd618-4255-4a98-bdf0-6fa2c4289d8a,마리,옷,홍대소상공인 상점가,자율상권구역,서울특별시,,,
f81b521d7316f341b157,full_annotation_v1,A,q_수선_02,옷 수선하는 곳,생활서비스 중 '수선'을 판매·제공하는 매장,test,수선,T5 서비스,70e92b81-7465-4c3b-a4ab-18555f4c9eda,레베카,옷,사가정시장,전통시장,서울특별시,,,
fa11d4759729373f56c3,full_annotation_v1,A,q_수선_02,옷 수선하는 곳,생활서비스 중 '수선'을 판매·제공하는 매장,test,수선,T5 서비스,6a6fb2c8-59e4-4f4f-a1de-245b8ee7b6b6,파스텔,옷,노룬산골목시장,전통시장,서울특별시,,,
ab66a780d6c97772685c,full_annotation_v1,A,q_수선_02,옷 수선하는 곳,생활서비스 중 '수선'을 판매·제공하는 매장,test,수선,T5 서비스,63e4c97e-2b2d-4f3a-9f59-325531fd7d40,마리,옷,동해남부재래시장,전통시장,강원특별자치도,,,
06edc513f4d0b157f1c1,full_annotation_v1,A,q_수선_02,옷 수선하는 곳,생활서비스 중 '수선'을 판매·제공하는 매장,test,수선,T5 서비스,ffd7248d-a2ca-42d9-837e-04d04a4d300d,인천상회,옷,남원용남시장,전통시장,전북특별자치도,,,
a1ce35fc67719e2415f9,full_annotation_v1,A,q_수선_02,옷 수선하는 곳,생활서비스 중 '수선'을 판매·제공하는 매장,test,수선,T5 서비스,c4a55028-6ed6-494d-88be-1e9c4aa1fa52,올리브,옷,동림1 골목형상점가,골목형상점가,광주광역시,,,
8cbf7cd681a4bc1bccf2,full_annotation_v1,A,q_수선_02,옷 수선하는 곳,생활서비스 중 '수선'을 판매·제공하는 매장,test,수선,T5 서비스,f711dec3-c9f5-4234-b52b-dfedaae185f0,블루,옷,전농로터리시장,전통시장,서울특별시,,,
4585303f690d42e6183f,full_annotation_v1,A,q_수선_02,옷 수선하는 곳,생활서비스 중 '수선'을 판매·제공하는 매장,test,수선,T5 서비스,26220224-2c69-49c4-998f-cf019e71f136,토야,옷,중앙전통시장,전통시장,울산광역시,,,
586fec4544ba645197fa,full_annotation_v1,A,q_수선_02,옷 수선하는 곳,생활서비스 중 '수선'을 판매·제공하는 매장,test,수선,T5 서비스,76a3551b-dae4-4326-92cc-662015aedbfb,쉴 곳,한식,칠성로상점가,자율상권구역,제주특별자치도,,,
83260ce6bfee0f4557d8,full_annotation_v1,A,q_수선_02,옷 수선하는 곳,생활서비스 중 '수선'을 판매·제공하는 매장,test,수선,T5 서비스,197a4575-5448-47fd-9a3a-a9a5cca7ec4b,그레이후드,옷,지중해마을 골목형상점가,골목형상점가,충청남도,,,
d5f6a23bf5a6cd05adf2,full_annotation_v1,A,q_수선_02,옷 수선하는 곳,생활서비스 중 '수선'을 판매·제공하는 매장,test,수선,T5 서비스,95e31b93-7753-4803-ab44-edea0ca7fdd4,드림 옷 수선,수선,장대동패션상가 골목형상점가,골목형상점가,대전광역시,,,
47f53c8166e0ae775ff2,full_annotation_v1,A,q_수선_02,옷 수선하는 곳,생활서비스 중 '수선'을 판매·제공하는 매장,test,수선,T5 서비스,6d5358cb-3a6a-41be-a0f0-6ae5578f4005,버거리버거,햄버거,신용동 골목형상점가,골목형상점가,광주광역시,,,
5d3ad3a3908726847e4b,full_annotation_v1,A,q_수선_02,옷 수선하는 곳,생활서비스 중 '수선'을 판매·제공하는 매장,test,수선,T5 서비스,7d7ec072-fc37-45c2-ba6c-62dca3868c10,이새,옷,순천연향패션상가,자율상권구역,전라남도,,,
0d824ee960df564136bd,full_annotation_v1,A,q_수선_02,옷 수선하는 곳,생활서비스 중 '수선'을 판매·제공하는 매장,test,수선,T5 서비스,c2fb9d36-b157-4d37-94eb-852345a0ae39,베스띠벨리,옷,운천호수공원상인회 골목형상점가,골목형상점가,광주광역시,,,
e53706a095d40d3d47d1,full_annotation_v1,A,q_수선_02,옷 수선하는 곳,생활서비스 중 '수선'을 판매·제공하는 매장,test,수선,T5 서비스,26d023e0-6144-4340-bc75-75617eb9f548,풍기인견,옷,원주자유시장,전통시장,강원특별자치도,,,
87729c6d0f38e5cbd0a5,full_annotation_v1,A,q_수선_02,옷 수선하는 곳,생활서비스 중 '수선'을 판매·제공하는 매장,test,수선,T5 서비스,2a1a27b5-6e8b-44a1-8971-a48abe0305fb,핑,옷,덕이동메인타운상점가(구 덕이동로데오메인타운),자율상권구역,경기도,,,
589098606761fa2ac3df,full_annotation_v1,A,q_수선_02,옷 수선하는 곳,생활서비스 중 '수선'을 판매·제공하는 매장,test,수선,T5 서비스,2b0d6a08-b76b-4c29-a692-80a15ab9f12e,그랏츠,옷,부평깡통시장(구 부산부평시장),전통시장,부산광역시,,,
d645acb2ea8239a2f29c,full_annotation_v1,A,q_수선_02,옷 수선하는 곳,생활서비스 중 '수선'을 판매·제공하는 매장,test,수선,T5 서비스,373ef690-073c-4fc6-8f9e-cd4ed44d8178,수선하는옷가게in,여성복,강동산하 골목형상점가,골목형상점가,울산광역시,,,
6620b0b362803e5880b1,full_annotation_v1,A,q_수선_02,옷 수선하는 곳,생활서비스 중 '수선'을 판매·제공하는 매장,test,수선,T5 서비스,164666ec-be0a-4c47-b673-9ab7000e37c9,에스,옷,중앙로 지하상가 상점가,일반지하상점가,대전광역시,,,
77261a3bcbdaf8d99ea6,full_annotation_v1,A,q_수선_02,옷 수선하는 곳,생활서비스 중 '수선'을 판매·제공하는 매장,test,수선,T5 서비스,413c17c7-cc44-4734-8980-f13b631b9629,옷수선,옷,대왕암사거리 골목형상점가,골목형상점가,울산광역시,,,
59d146f8802eac5c2f2c,full_annotation_v1,A,q_수선_02,옷 수선하는 곳,생활서비스 중 '수선'을 판매·제공하는 매장,test,수선,T5 서비스,f4015506-d56c-4894-8a72-39fb86efec9c,리나홈패션,옷,오치1동(제2지역:북부소방서 사거리) 골목형상점가,골목형상점가,광주광역시,,,
5d2241eb9ccddc25808a,full_annotation_v1,A,q_수선_02,옷 수선하는 곳,생활서비스 중 '수선'을 판매·제공하는 매장,test,수선,T5 서비스,ce67be49-74fa-40d0-ab08-43589d820ae7,멋내기옷수선,옷 수선,성서와룡시장,전통시장,대구광역시,,,
b70816abcfb2c0568fc5,full_annotation_v1,A,q_수선_02,옷 수선하는 곳,생활서비스 중 '수선'을 판매·제공하는 매장,test,수선,T5 서비스,cbdd3bc2-54aa-4a46-9cd7-24767ff5d2de,수선짱,수선,시장로타리지하상가,일반지하상점가,인천광역시,,,
175f9863d0de3a008d9f,full_annotation_v1,A,q_수선_02,옷 수선하는 곳,생활서비스 중 '수선'을 판매·제공하는 매장,test,수선,T5 서비스,9c014e23-14c1-4797-8e5d-2d949b1cb8ee,Eider,옷,송하동 골목형상점가,골목형상점가,광주광역시,,,
457ef7724ae050a8c252,full_annotation_v1,A,q_수선_02,옷 수선하는 곳,생활서비스 중 '수선'을 판매·제공하는 매장,test,수선,T5 서비스,dee365b7-331c-4741-9e83-9ddededacd79,바다어시장,일식,개봉입구골목상가 골목형상점가,골목형상점가,서울특별시,,,
a407352249c551a0ce54,full_annotation_v1,A,q_수선_02,옷 수선하는 곳,생활서비스 중 '수선'을 판매·제공하는 매장,test,수선,T5 서비스,101f067b-9256-4c87-aa09-8190370d38ae,서울상회,옷,교동시장1길 상점가,자율상권구역,대구광역시,,,
b4359d66f8cb7b5515fd,full_annotation_v1,A,q_수선_02,옷 수선하는 곳,생활서비스 중 '수선'을 판매·제공하는 매장,test,수선,T5 서비스,ad25c8a8-fcf3-4169-870d-06b96f93de16,이동우콜렉션,옷,평화로상가,자율상권구역,경상북도,,,
2ae74e268cfd27e29b78,full_annotation_v1,A,q_수선_02,옷 수선하는 곳,생활서비스 중 '수선'을 판매·제공하는 매장,test,수선,T5 서비스,34797a3c-7220-4c8c-8aae-69d9ea852ec1,조은안경,안경,남대문시장,전통시장,서울특별시,,,
d1a59617425aeb9875cf,full_annotation_v1,A,q_수선_02,옷 수선하는 곳,생활서비스 중 '수선'을 판매·제공하는 매장,test,수선,T5 서비스,24456103-f6b8-46af-8655-82e61d7265d8,커피가 머무르는 곳,커피,반드레길골목형상점가,골목형상점가,서울특별시,,,
2620f237c840ecfc91d2,full_annotation_v1,A,q_수선_02,옷 수선하는 곳,생활서비스 중 '수선'을 판매·제공하는 매장,test,수선,T5 서비스,9e5a4c9e-1230-40fd-8813-0b5798a46648,수,옷,황지자유시장,전통시장,강원특별자치도,,,
51f12ef674cf82b58511,full_annotation_v1,A,q_수선_02,옷 수선하는 곳,생활서비스 중 '수선'을 판매·제공하는 매장,test,수선,T5 서비스,1a8028e5-9951-4b99-9fb4-09cf9f5c1958,토브,옷,서문시장2지구 종합상가,전통시장,대구광역시,,,
3750c2c8be57727c082e,full_annotation_v1,A,q_수선_02,옷 수선하는 곳,생활서비스 중 '수선'을 판매·제공하는 매장,test,수선,T5 서비스,f23b417a-8123-4389-b354-40e6f7f96924,팬텀골프,옷,송하동 골목형상점가,골목형상점가,광주광역시,,,
cae33a61b4863875cf09,full_annotation_v1,A,q_수선_02,옷 수선하는 곳,생활서비스 중 '수선'을 판매·제공하는 매장,test,수선,T5 서비스,68331905-ce0e-4544-a338-03c530ceef03,수블리,옷,양주신산시장마을상점가,골목형상점가,경기도,,,
f1ef54336971081a4c80,full_annotation_v1,A,q_수선_02,옷 수선하는 곳,생활서비스 중 '수선'을 판매·제공하는 매장,test,수선,T5 서비스,77ea2c60-2f05-46cd-8449-7e5a16f40416,옷&소품,옷,신매시장,전통시장,대구광역시,,,
c913a4da1e761adb6473,full_annotation_v1,A,q_수선_02,옷 수선하는 곳,생활서비스 중 '수선'을 판매·제공하는 매장,test,수선,T5 서비스,b7f43b03-a76b-4bbd-9d7c-a059e1e19e0d,수연옷집,옷,감천문화시장,전통시장,부산광역시,,,
9da72334c723cebc0d7d,full_annotation_v1,A,q_수선_02,옷 수선하는 곳,생활서비스 중 '수선'을 판매·제공하는 매장,test,수선,T5 서비스,cfad3883-5ed0-4847-b638-5e20d56e8947,초크,옷,㈜르네시떼,전통시장,부산광역시,,,
aa191fcb2b4309ee347d,full_annotation_v1,A,q_수선_02,옷 수선하는 곳,생활서비스 중 '수선'을 판매·제공하는 매장,test,수선,T5 서비스,98532d58-8fd0-407e-b42b-f4adb31211ed,서라벌 옷수선,옷 수선,경주성동공설시장,전통시장,경상북도,,,
503377513f3aa0ea21f3,full_annotation_v1,A,q_수선_02,옷 수선하는 곳,생활서비스 중 '수선'을 판매·제공하는 매장,test,수선,T5 서비스,849086c1-6a46-488d-8ee5-376a5fe2d7d1,킹콩,옷 수선,주안시민지하도상점가,일반지하상점가,인천광역시,,,
adf8d09e982aa2bb2d47,full_annotation_v1,A,q_수선_02,옷 수선하는 곳,생활서비스 중 '수선'을 판매·제공하는 매장,test,수선,T5 서비스,00172c94-61f0-4197-afeb-d7e8187c79b5,옷이예쁘다,의류,메트로센터(반월당지하쇼핑),일반지하상점가,대구광역시,,,
9fba29b24b5306debfb1,full_annotation_v1,A,q_수선_02,옷 수선하는 곳,생활서비스 중 '수선'을 판매·제공하는 매장,test,수선,T5 서비스,d8bcea05-84ee-4c48-a547-041916842238,블랙야크,옷,송하동 골목형상점가,골목형상점가,광주광역시,,,
f2a171e5293fc7742bbb,full_annotation_v1,A,q_수선_02,옷 수선하는 곳,생활서비스 중 '수선'을 판매·제공하는 매장,test,수선,T5 서비스,c28803d0-620a-4764-b1d7-fa90cf444412,린수선,옷 수선,원주미로예술중앙시장(원주중앙시장),전통시장,강원특별자치도,,,
cd5968f9adceabefafc9,full_annotation_v1,A,q_수선_02,옷 수선하는 곳,생활서비스 중 '수선'을 판매·제공하는 매장,test,수선,T5 서비스,2959fcf4-7f22-4161-b67a-68dbd988e97b,스타일,옷,진잠 골목형상점가,골목형상점가,대전광역시,,,
2db09da8eedece0f6b8d,full_annotation_v1,A,q_수선_02,옷 수선하는 곳,생활서비스 중 '수선'을 판매·제공하는 매장,test,수선,T5 서비스,916dd581-9795-44a6-a044-e206709803a4,센띠미엔또,옷,문화의거리 상점가,자율상권구역,울산광역시,,,
a75174a483f579e99d0c,full_annotation_v1,A,q_수선_02,옷 수선하는 곳,생활서비스 중 '수선'을 판매·제공하는 매장,test,수선,T5 서비스,bd165bc3-a60b-481b-8760-5bce00a3cf4f,흥국옷수선,옷,흥국상가,자율상권구역,전라남도,,,
a8e0b6a9a3b5cf7ee39b,full_annotation_v1,A,q_수선_02,옷 수선하는 곳,생활서비스 중 '수선'을 판매·제공하는 매장,test,수선,T5 서비스,58f1076e-5a94-4c1b-bdcd-a3886a2b0f15,명동의류,옷,영월종합상가,전통시장,강원특별자치도,,,
e97e1b46f8f3cf95a41d,full_annotation_v1,A,q_수선_02,옷 수선하는 곳,생활서비스 중 '수선'을 판매·제공하는 매장,test,수선,T5 서비스,441ab8f2-f52d-44c8-b8f7-8d2a5b1e4806,토탈패션,옷,제민천 골목형상점가,골목형상점가,충청남도,,,
ef6334fa99d12e16a73f,full_annotation_v1,A,q_수선_02,옷 수선하는 곳,생활서비스 중 '수선'을 판매·제공하는 매장,test,수선,T5 서비스,07490210-f1e0-4a6e-8b2c-c549564745da,바이네르용봉점,옷,패션의거리,자율상권구역,광주광역시,,,
97b98d375fe39098dfb2,full_annotation_v1,A,q_수선_02,옷 수선하는 곳,생활서비스 중 '수선'을 판매·제공하는 매장,test,수선,T5 서비스,f51827ce-8d11-4ac7-b452-3b865b6bc90a,제이디엑스,옷,송하동 골목형상점가,골목형상점가,광주광역시,,,
55a22eb6371783c3e2ca,full_annotation_v1,A,q_수선_02,옷 수선하는 곳,생활서비스 중 '수선'을 판매·제공하는 매장,test,수선,T5 서비스,10cf99d8-a820-4c81-8c3b-3d12c6c6feb8,K2,옷,덕이동패션1번지,전통시장,경기도,,,
1dec5a99434cba9c3d49,full_annotation_v1,A,q_수선_02,옷 수선하는 곳,생활서비스 중 '수선'을 판매·제공하는 매장,test,수선,T5 서비스,a7fd5769-219a-4c05-9b5f-a9474ac43d46,소풍,옷,루원이음길 골목형상점가,골목형상점가,인천광역시,,,
96cca2cfff7adaa42344,full_annotation_v1,A,q_수선_02,옷 수선하는 곳,생활서비스 중 '수선'을 판매·제공하는 매장,test,수선,T5 서비스,6ef9edd7-938c-4678-8ae7-8f80abc0e8c4,니끼다,옷,서문시장2지구 종합상가,전통시장,대구광역시,,,
de02d11b8f4323002134,full_annotation_v1,A,q_수선_02,옷 수선하는 곳,생활서비스 중 '수선'을 판매·제공하는 매장,test,수선,T5 서비스,159a2f7b-b9a8-4aaf-9cbd-2624c1910498,김경희패션,옷,전주중앙상가시장,전통시장,전북특별자치도,,,
b716d15fcc2ba25017bc,full_annotation_v1,A,q_수선_02,옷 수선하는 곳,생활서비스 중 '수선'을 판매·제공하는 매장,test,수선,T5 서비스,8c470ffc-8f1a-4794-b837-dd59bb2e86ee,바이혀니,옷,조암시장,전통시장,경기도,,,
595f8d6e0a74941aade9,full_annotation_v1,A,q_수선_02,옷 수선하는 곳,생활서비스 중 '수선'을 판매·제공하는 매장,test,수선,T5 서비스,bdd87a79-ec57-43d4-9edc-494f707a248a,네파광주용봉점,옷,패션의거리,자율상권구역,광주광역시,,,
e9ae7344aa00ef71bb37,full_annotation_v1,A,q_수선_02,옷 수선하는 곳,생활서비스 중 '수선'을 판매·제공하는 매장,test,수선,T5 서비스,be9f8c61-892c-48ed-a49d-b63bd032c025,소곳,의류,고투몰(강남터미널지하도상점가),일반지하상점가,서울특별시,,,
7b1ba781a933041b2112,full_annotation_v1,A,q_수선_02,옷 수선하는 곳,생활서비스 중 '수선'을 판매·제공하는 매장,test,수선,T5 서비스,a301520d-59a2-4dfb-aa63-71f8212f58a9,하나로양품,옷,동원전통종합시장,전통시장,서울특별시,,,
02d2af6f65c5340085f5,full_annotation_v1,A,q_수선_02,옷 수선하는 곳,생활서비스 중 '수선'을 판매·제공하는 매장,test,수선,T5 서비스,d0fa492c-3a34-4e56-bdb1-81c8d222e175,다민유통,옷,하당꽃길1가 골목형상점가,골목형상점가,전라남도,,,
c4bc8768df4be9eda11b,full_annotation_v1,A,q_수선_02,옷 수선하는 곳,생활서비스 중 '수선'을 판매·제공하는 매장,test,수선,T5 서비스,aa62ddd1-79d1-4a90-84e0-36120de14b2d,노빵,옷,창원 가음정시장,전통시장,경상남도,,,
36b7a12ea5a6d3ad161d,full_annotation_v1,A,q_수선_02,옷 수선하는 곳,생활서비스 중 '수선'을 판매·제공하는 매장,test,수선,T5 서비스,000a92b3-0b5e-429e-af00-f86e3570e24b,클로버,의류,관문상가시장,전통시장,대구광역시,,,
56814b023c3c6dacae8a,full_annotation_v1,A,q_수선_02,옷 수선하는 곳,생활서비스 중 '수선'을 판매·제공하는 매장,test,수선,T5 서비스,4ee66f6f-09f7-4cc8-9449-a76374535d35,5번가,옷,서문시장2지구 종합상가,전통시장,대구광역시,,,
ab0c624bc135e8b31157,full_annotation_v1,A,q_수선_02,옷 수선하는 곳,생활서비스 중 '수선'을 판매·제공하는 매장,test,수선,T5 서비스,600a5c43-294c-4791-bc07-854be83091ff,기린의옷장,옷,지중해마을 골목형상점가,골목형상점가,충청남도,,,
27062ee625f93b4d5bd6,full_annotation_v1,A,q_수선_02,옷 수선하는 곳,생활서비스 중 '수선'을 판매·제공하는 매장,test,수선,T5 서비스,4af7e749-68e5-4139-9e0e-0e56d4472a23,수선,수선,말바우시장,전통시장,광주광역시,,,
29a06e87669288a39b57,full_annotation_v1,A,q_수선_02,옷 수선하는 곳,생활서비스 중 '수선'을 판매·제공하는 매장,test,수선,T5 서비스,5e87532a-a9af-4a3f-9e39-bb716a30510d,정가네 한우촌,소고기 돼지고기,정이있는 구포시장,전통시장,부산광역시,,,
13af0998e18363b9f9b9,full_annotation_v1,A,q_수선_02,옷 수선하는 곳,생활서비스 중 '수선'을 판매·제공하는 매장,test,수선,T5 서비스,9abffc7e-051d-4f6b-9e79-11136376f574,크림,옷,동산상가,전통시장,대구광역시,,,
71eb895a0daa48310920,full_annotation_v1,A,q_수선_02,옷 수선하는 곳,생활서비스 중 '수선'을 판매·제공하는 매장,test,수선,T5 서비스,2c2fe59d-d3c8-47f6-ac99-d1b7b44875ee,애플,옷,동산상가,전통시장,대구광역시,,,
c9c2794e0c54ae44ff2d,full_annotation_v1,A,q_수선_02,옷 수선하는 곳,생활서비스 중 '수선'을 판매·제공하는 매장,test,수선,T5 서비스,3d5956d4-0ca8-4f79-be24-a0e2c9286c9e,더곱따,옷,장성읍 골목형상점가,골목형상점가,전라남도,,,
5255220b48bf1d7381dc,full_annotation_v1,A,q_수선_02,옷 수선하는 곳,생활서비스 중 '수선'을 판매·제공하는 매장,test,수선,T5 서비스,4a10655a-ca92-413a-8ade-7ea466ab0505,화미,옷,팔달시민상가시장,전통시장,경기도,,,
bc3fec8e39dc7784c07d,full_annotation_v1,A,q_수선_02,옷 수선하는 곳,생활서비스 중 '수선'을 판매·제공하는 매장,test,수선,T5 서비스,10a861e2-8717-40d5-8bab-79fd68d83a8e,라온,옷,풍암SK.광명상가상인회 골목형상점가,골목형상점가,광주광역시,,,
0967bea2c8c2eb24aa4c,full_annotation_v1,A,q_수선_02,옷 수선하는 곳,생활서비스 중 '수선'을 판매·제공하는 매장,test,수선,T5 서비스,83fdd8e7-c981-44e4-9b77-460bac35d2ad,스타수선,수선품,스타프라자전통시장,전통시장,경기도,,,
75adabfb10989670a426,full_annotation_v1,A,q_수선_02,옷 수선하는 곳,생활서비스 중 '수선'을 판매·제공하는 매장,test,수선,T5 서비스,d70383ce-8bf3-4b8e-b6ab-9bc16252c068,종촌 옷수선,옷 수선,가재마을 골목형상점가,골목형상점가,세종특별자치시,,,
dbae6ebbd6720655e754,full_annotation_v1,A,q_수선_02,옷 수선하는 곳,생활서비스 중 '수선'을 판매·제공하는 매장,test,수선,T5 서비스,ac7b2f5d-646b-44e2-a850-a869cbb8fcc0,요조숙녀,옷,우치서하로 골목형상점가,골목형상점가,광주광역시,,,
20f1e7681fbd18b58efd,full_annotation_v1,A,q_수선_02,옷 수선하는 곳,생활서비스 중 '수선'을 판매·제공하는 매장,test,수선,T5 서비스,a69be704-f0e1-48d2-8b51-4f95fbf285a9,뽀솜이,옷,가재마을 골목형상점가,골목형상점가,세종특별자치시,,,
67a46661075b646b97a5,full_annotation_v1,A,q_수선_02,옷 수선하는 곳,생활서비스 중 '수선'을 판매·제공하는 매장,test,수선,T5 서비스,0329ae89-cc96-41bc-b7b1-4c5255b46dda,네파,옷,덕이동패션1번지,전통시장,경기도,,,
0f97d9e45f111b533587,full_annotation_v1,A,q_수선_02,옷 수선하는 곳,생활서비스 중 '수선'을 판매·제공하는 매장,test,수선,T5 서비스,5f7a9931-6680-4fcb-882a-78cddd3ad0f3,실브,옷,부평깡통시장(구 부산부평시장),전통시장,부산광역시,,,
5ecd1f98cf5135b8cd13,full_annotation_v1,A,q_수선_02,옷 수선하는 곳,생활서비스 중 '수선'을 판매·제공하는 매장,test,수선,T5 서비스,2743811c-5e71-4d2b-aa75-1b0147d44f2d,사우 꽃이 피는 곳,꽃,김포 풍년마을 골목형상점가,골목형상점가,경기도,,,
8f90e6c75d211f677c46,full_annotation_v1,A,q_수선_02,옷 수선하는 곳,생활서비스 중 '수선'을 판매·제공하는 매장,test,수선,T5 서비스,d055269c-b0d4-4666-95cc-3db3f91aa34a,꼼꼼이홈패션,옷 수선,신정현대홈타운상가,골목형상점가,울산광역시,,,
09e71f961c4c86b90af0,full_annotation_v1,A,q_수선_02,옷 수선하는 곳,생활서비스 중 '수선'을 판매·제공하는 매장,test,수선,T5 서비스,927b32d1-27ca-4664-b0a3-102c233b5137,카라,옷,연일전통시장,전통시장,경상북도,,,
1035141fa89d7ae73b46,full_annotation_v1,A,q_수선_02,옷 수선하는 곳,생활서비스 중 '수선'을 판매·제공하는 매장,test,수선,T5 서비스,396e0bad-c963-445c-9105-d48a52029e3c,로즈마리,옷,원주자유시장,전통시장,강원특별자치도,,,
802a25c5df5965e26418,full_annotation_v1,A,q_수선_02,옷 수선하는 곳,생활서비스 중 '수선'을 판매·제공하는 매장,test,수선,T5 서비스,39434529-eb47-4140-9964-bf209688321c,수선하는남자,옷수선,포방터시장,전통시장,서울특별시,,,
5e6dd5fd70ddb0f49e5d,full_annotation_v1,A,q_수선_02,옷 수선하는 곳,생활서비스 중 '수선'을 판매·제공하는 매장,test,수선,T5 서비스,f52a6e99-27eb-49c6-9a60-dc3139cc592c,오복떡집,떡,수원못골종합시장,전통시장,경기도,,,
cae212be07fde6a67cd6,full_annotation_v1,A,q_수선_02,옷 수선하는 곳,생활서비스 중 '수선'을 판매·제공하는 매장,test,수선,T5 서비스,41d2eed7-fa42-4098-a978-a778f2aa0f33,현대 옷 수선,옷수선,중앙로 동문 상점가 골목형상점가,골목형상점가,경상북도,,,
52d8ed049267953c82c4,full_annotation_v1,A,q_수선_02,옷 수선하는 곳,생활서비스 중 '수선'을 판매·제공하는 매장,test,수선,T5 서비스,556a2562-e691-4a73-8450-83ed15099f11,다올,옷,신포지하상가,일반지하상점가,인천광역시,,,
5049c92037df7381be44,full_annotation_v1,A,q_수선_02,옷 수선하는 곳,생활서비스 중 '수선'을 판매·제공하는 매장,test,수선,T5 서비스,c111ac9d-3f3a-405c-a8db-4d127ccda9e2,행복이 있는 곳,잡화,제주로얄쇼핑센터,자율상권구역,제주특별자치도,,,
87d797c66aa60639179a,full_annotation_v1,A,q_수선_02,옷 수선하는 곳,생활서비스 중 '수선'을 판매·제공하는 매장,test,수선,T5 서비스,0be4957d-6b1f-4146-82fd-f1c84ac6ca84,임마누엘,옷,진부전통시장,전통시장,강원특별자치도,,,
82ca9f34c14dc7e15af3,full_annotation_v1,A,q_수선_02,옷 수선하는 곳,생활서비스 중 '수선'을 판매·제공하는 매장,test,수선,T5 서비스,b59b9921-a1c3-4d2a-8014-6e5ee9e60d38,행복2,옷,새동인천지하상가,일반지하상점가,인천광역시,,,
78b07d562d519c336510,full_annotation_v1,A,q_수선_02,옷 수선하는 곳,생활서비스 중 '수선'을 판매·제공하는 매장,test,수선,T5 서비스,00124602-ef4e-472c-91ee-de53b28d7530,화이트,의류,울산번개시장,전통시장,울산광역시,,,
13ffedee64fd72b702bb,full_annotation_v1,A,q_수선_02,옷 수선하는 곳,생활서비스 중 '수선'을 판매·제공하는 매장,test,수선,T5 서비스,1eaf6dc3-f0f0-4350-8341-9f6f4334b965,다소곳,옷,전주모래내시장,전통시장,전북특별자치도,,,
14fd907e53a90f817c44,full_annotation_v1,A,q_수선_02,옷 수선하는 곳,생활서비스 중 '수선'을 판매·제공하는 매장,test,수선,T5 서비스,6bf7d4d1-0596-40dd-8ff8-2c635c15f6ab,초이스#,옷,당진원시가지상가,자율상권구역,충청남도,,,
63976c323974e83cadd9,full_annotation_v1,A,q_수선_02,옷 수선하는 곳,생활서비스 중 '수선'을 판매·제공하는 매장,test,수선,T5 서비스,641e76d3-ea66-458a-97ba-1882b4ab78b4,썬플라워데일리룩,옷,담양시장,전통시장,전라남도,,,
a067168c190cbaea5793,full_annotation_v1,A,q_수선_02,옷 수선하는 곳,생활서비스 중 '수선'을 판매·제공하는 매장,test,수선,T5 서비스,3af9369c-1627-4640-9e24-2a80170f1ef6,파크랜드,옷,서천읍 군사리 골목형상점가,골목형상점가,충청남도,,,
6285df74b5d1df9a8110,full_annotation_v1,A,q_수선_02,옷 수선하는 곳,생활서비스 중 '수선'을 판매·제공하는 매장,test,수선,T5 서비스,6c6acbce-3c9f-4f86-a5fb-dd34a362ecd2,서천상회,건어물,서천특화시장,전통시장,충청남도,,,
653abbb99f72437b7ec9,full_annotation_v1,A,q_수선_02,옷 수선하는 곳,생활서비스 중 '수선'을 판매·제공하는 매장,test,수선,T5 서비스,39cdcf99-b246-4c92-a1ce-430456055aae,마니,옷,문화의거리 상점가,자율상권구역,울산광역시,,,
0a92ec25072aed15ddfa,full_annotation_v1,A,q_수선_02,옷 수선하는 곳,생활서비스 중 '수선'을 판매·제공하는 매장,test,수선,T5 서비스,e31d4049-65dc-4b56-9dc9-ff073b0dd0d9,제니언니,옷,서문시장2지구 종합상가,전통시장,대구광역시,,,
6853f493f6ff95e9ee8c,full_annotation_v1,A,q_수선_02,옷 수선하는 곳,생활서비스 중 '수선'을 판매·제공하는 매장,test,수선,T5 서비스,d1ae6bf9-4e46-470d-b872-710693467a3d,꼼빠니아,옷,덕이동패션1번지,전통시장,경기도,,,
b2b6d2b8b1fd62e384f7,full_annotation_v1,A,q_수선_02,옷 수선하는 곳,생활서비스 중 '수선'을 판매·제공하는 매장,test,수선,T5 서비스,222b1cff-a8fa-4d7b-bd7a-e6bc028182f9,초이스,옷,부평깡통시장(구 부산부평시장),전통시장,부산광역시,,,
5ec278d3aefc7dfb90e8,full_annotation_v1,A,q_수선_02,옷 수선하는 곳,생활서비스 중 '수선'을 판매·제공하는 매장,test,수선,T5 서비스,841b2900-d736-4356-b077-ea6731baf9d1,모네,옷,포항 대이상가 골목형상점가,골목형상점가,경상북도,,,
b85a8088db996e05cae5,full_annotation_v1,A,q_수선_02,옷 수선하는 곳,생활서비스 중 '수선'을 판매·제공하는 매장,test,수선,T5 서비스,3e726f77-a8bd-4416-aad7-a1cd0a2f5a6b,오땡큐,옷,두류1번가,일반지하상점가,대구광역시,,,
c137ac5abc8a38cc6522,full_annotation_v1,A,q_수선_02,옷 수선하는 곳,생활서비스 중 '수선'을 판매·제공하는 매장,test,수선,T5 서비스,945cb899-6c3b-4904-afe1-df48cd3f37c4,도미노피자 아산탕정점,피자,탕정미래 골목형상점가,골목형상점가,충청남도,,,
32416ff6872a238d67ba,full_annotation_v1,A,q_수선_02,옷 수선하는 곳,생활서비스 중 '수선'을 판매·제공하는 매장,test,수선,T5 서비스,a82b0806-ede7-4f56-82bf-73c681b34283,S패션,옷,창동골목시장,전통시장,서울특별시,,,
58bb535a240c3fe6df7e,full_annotation_v1,A,q_수선_02,옷 수선하는 곳,생활서비스 중 '수선'을 판매·제공하는 매장,test,수선,T5 서비스,2dff2444-5de3-46aa-8cbe-2a5928b185dc,신세대,옷,평택통복시장,전통시장,경기도,,,
6e494bf55f3ab528acb4,full_annotation_v1,A,q_수선_02,옷 수선하는 곳,생활서비스 중 '수선'을 판매·제공하는 매장,test,수선,T5 서비스,34a64312-f702-4d57-bbb6-6325bd072aae,벌크커피월곡점,커피,달아실 골목형상점가,골목형상점가,광주광역시,,,
9b52248354908cb885f6,full_annotation_v1,A,q_수선_02,옷 수선하는 곳,생활서비스 중 '수선'을 판매·제공하는 매장,test,수선,T5 서비스,d9a6b700-9bb0-4940-aed0-1f6eefbde6d1,오버롤즈,옷,동명동 카페거리 골목형상점가,골목형상점가,광주광역시,,,
a7a0827d0fcb7d798745,full_annotation_v1,A,q_수선_02,옷 수선하는 곳,생활서비스 중 '수선'을 판매·제공하는 매장,test,수선,T5 서비스,0d962cb0-9e7a-4c65-a83e-50ca752476c4,다이나핏,옷,공주산성 활성화구역,전통시장,충청남도,,,
4f0ba8779380d19ea25a,full_annotation_v1,A,q_수선_02,옷 수선하는 곳,생활서비스 중 '수선'을 판매·제공하는 매장,test,수선,T5 서비스,00158f51-4d3a-4ac0-9e38-b37552f5e097,지지배,의류,나주금빛상점가,자율상권구역,전라남도,,,
f19d162840c9566815dd,full_annotation_v1,A,q_수선_02,옷 수선하는 곳,생활서비스 중 '수선'을 판매·제공하는 매장,test,수선,T5 서비스,4c9ec80c-f903-4157-88ac-92f16af307fa,체이스컬트,옷,우산상인회 골목형상점가,골목형상점가,광주광역시,,,
907000b8465ab23bae45,full_annotation_v1,A,q_식자재_01,식자재,식료품 중 '식자재'를 판매·제공하는 매장,val,식자재,T1 정확표기,092868ef-cdbe-426a-8e04-c1862bac5076,익산바이오,식용유,세종전통시장,전통시장,세종특별자치시,,,
bba6f415d44348000100,full_annotation_v1,A,q_식자재_01,식자재,식료품 중 '식자재'를 판매·제공하는 매장,val,식자재,T1 정확표기,c0acc940-36ac-4af4-a8e4-47a6be52ff30,더담아드림,식자재,금화로상인회 골목형상점가,골목형상점가,광주광역시,,,
9185756aa70739dc0696,full_annotation_v1,A,q_식자재_01,식자재,식료품 중 '식자재'를 판매·제공하는 매장,val,식자재,T1 정확표기,b6e251c3-42d0-45f7-a370-b89ee1166827,만명상회,식자재,춘천중앙시장,전통시장,강원특별자치도,,,
dcffaf8d7d8e04a59350,full_annotation_v1,A,q_식자재_01,식자재,식료품 중 '식자재'를 판매·제공하는 매장,val,식자재,T1 정확표기,e51aca0f-a5d3-42c5-850e-657a0968e0ef,민주상회,식자재,정이있는 구포시장,전통시장,부산광역시,,,
a181c19b2d6daad7d7b4,full_annotation_v1,A,q_식자재_01,식자재,식료품 중 '식자재'를 판매·제공하는 매장,val,식자재,T1 정확표기,c2b169f9-b1be-4f7b-b575-0593044e5362,동양식자재,식자재,하대원공설시장,전통시장,경기도,,,
d83abc646fc447fd2c5b,full_annotation_v1,A,q_식자재_01,식자재,식료품 중 '식자재'를 판매·제공하는 매장,val,식자재,T1 정확표기,134158c6-1337-422a-938f-f40f337a313a,제일종합식품,식자재,수정시장,전통시장,부산광역시,,,
78ed9b18ab2e459301de,full_annotation_v1,A,q_식자재_01,식자재,식료품 중 '식자재'를 판매·제공하는 매장,val,식자재,T1 정확표기,8968eeb5-56de-4efc-9ae2-4c7e6afaf040,삼연상회,식자재,안양농수산물 골목형상점가,골목형상점가,경기도,,,
e3e14f23dbe80ffb1fad,full_annotation_v1,A,q_식자재_01,식자재,식료품 중 '식자재'를 판매·제공하는 매장,val,식자재,T1 정확표기,81b3ec2a-42bd-447e-b030-9ea20de728d8,속초윤음전할머니젓갈,젓갈,속초중앙전통시장,전통시장,강원특별자치도,,,
60b6163c094efb2c60b6,full_annotation_v1,A,q_식자재_01,식자재,식료품 중 '식자재'를 판매·제공하는 매장,val,식자재,T1 정확표기,d8124fc9-2eb8-4993-8112-764f178628c3,인쌩맥주,음식,빛가람 하나로 골목형상점가,골목형상점가,전라남도,,,
331e03d7764781984b55,full_annotation_v1,A,q_식자재_01,식자재,식료품 중 '식자재'를 판매·제공하는 매장,val,식자재,T1 정확표기,4abe77ee-1384-4cb8-9828-888f2f4e850e,윤덕식품,식자재,순천역전시장상가,자율상권구역,전라남도,,,
b359ff17407bdbfbf507,full_annotation_v1,A,q_식자재_01,식자재,식료품 중 '식자재'를 판매·제공하는 매장,val,식자재,T1 정확표기,ebe44ba3-d69e-4144-8413-6d5073ac462b,황용상회,식자재,동두천큰시장,전통시장,경기도,,,
3bb09cd9ed4584226692,full_annotation_v1,A,q_식자재_01,식자재,식료품 중 '식자재'를 판매·제공하는 매장,val,식자재,T1 정확표기,a0fc7d02-ac8b-4ca1-8d5b-f32eeac14a7c,크린토피아,세탁소,반도유보라더퍼스트상가 골목형상점가,골목형상점가,광주광역시,,,
d058b4b46d584d349c0b,full_annotation_v1,A,q_식자재_01,식자재,식료품 중 '식자재'를 판매·제공하는 매장,val,식자재,T1 정확표기,01859206-536a-40a7-be1e-c8610663a665,동원참기름,참기름,안강공설시장,전통시장,경상북도,,,
becb6d01f9f6a4000ee2,full_annotation_v1,A,q_식자재_01,식자재,식료품 중 '식자재'를 판매·제공하는 매장,val,식자재,T1 정확표기,e2409b01-292d-4f0e-8a09-303ddb68f6f5,태광상회,식자재,부전상가시장,전통시장,부산광역시,,,
56468910dee68eb99022,full_annotation_v1,A,q_식자재_01,식자재,식료품 중 '식자재'를 판매·제공하는 매장,val,식자재,T1 정확표기,00362b85-cb9a-4318-9059-12f768d76197,파리바게뜨전주인후점,제과점,소나무 골목형상점가,골목형상점가,전북특별자치도,,,
5e934cad1d16e2129ef3,full_annotation_v1,A,q_식자재_01,식자재,식료품 중 '식자재'를 판매·제공하는 매장,val,식자재,T1 정확표기,45e3ecac-a47d-4c75-a036-c7086111b83d,연일식품,식자재,목포자유시장,전통시장,전라남도,,,
c1fedb33c7bed65b36a2,full_annotation_v1,A,q_식자재_01,식자재,식료품 중 '식자재'를 판매·제공하는 매장,val,식자재,T1 정확표기,17acd237-07db-4b3b-a92f-97425ba82c8d,춘천유통,식자재,춘천번개시장,전통시장,강원특별자치도,,,
f00d9c4b80eb0f82c545,full_annotation_v1,A,q_식자재_01,식자재,식료품 중 '식자재'를 판매·제공하는 매장,val,식자재,T1 정확표기,daf9a490-386b-4797-8b49-2c21c6ee08a8,약샘한의원,한의원,반도유보라더퍼스트상가 골목형상점가,골목형상점가,광주광역시,,,
c6739dabcfc3c35f724e,full_annotation_v1,A,q_식자재_01,식자재,식료품 중 '식자재'를 판매·제공하는 매장,val,식자재,T1 정확표기,005313c8-dce8-49b6-9841-9143ebb1305a,동원떡집,,박달시장,전통시장,경기도,,,
39fb1227a805cf98fd41,full_annotation_v1,A,q_식자재_01,식자재,식료품 중 '식자재'를 판매·제공하는 매장,val,식자재,T1 정확표기,00ec16f5-8b45-4af1-bb1b-6389f2412be8,수진식품,"참기름, 고추가루등",김해 진영전통시장,전통시장,경상남도,,,
a0ff01eb359171b48e70,full_annotation_v1,A,q_식자재_01,식자재,식료품 중 '식자재'를 판매·제공하는 매장,val,식자재,T1 정확표기,fa53cf73-0aec-45fd-a2e8-8fe6dc8b34d6,미성상회,식자재,울산농수산물도매시장 청과소매동,골목형상점가,울산광역시,,,
4db2f24024dfe8614397,full_annotation_v1,A,q_식자재_01,식자재,식료품 중 '식자재'를 판매·제공하는 매장,val,식자재,T1 정확표기,86a1cd5c-d8eb-481e-81ae-dca7f46dae4e,대성상회,식자재,중앙전통시장,전통시장,울산광역시,,,
44ba6bc578800f5f2ca3,full_annotation_v1,A,q_식자재_01,식자재,식료품 중 '식자재'를 판매·제공하는 매장,val,식자재,T1 정확표기,40e59078-9241-45be-a74a-de321f14a9d2,제이푸드,식자재,진주 비봉시장,전통시장,경상남도,,,
0db8e700ec75192a6877,full_annotation_v1,A,q_식자재_01,식자재,식료품 중 '식자재'를 판매·제공하는 매장,val,식자재,T1 정확표기,4a4dc5be-095c-4ff7-88ec-e09a4095af09,청성,식자재 건어물,공릉동도깨비시장,전통시장,서울특별시,,,
0030f260eb7dbc46a88a,full_annotation_v1,A,q_식자재_01,식자재,식료품 중 '식자재'를 판매·제공하는 매장,val,식자재,T1 정확표기,97cf90eb-ffdf-4543-840d-1952446c65b5,미소유통,식자재,반송큰시장,전통시장,부산광역시,,,
e69212e5a13657006ff4,full_annotation_v1,A,q_식자재_01,식자재,식료품 중 '식자재'를 판매·제공하는 매장,val,식자재,T1 정확표기,9d39d7cc-6b30-437f-ab88-f635149864a1,한성푸드시스템,식자재,신도봉시장,전통시장,서울특별시,,,
cf093e959afb72a4a922,full_annotation_v1,A,q_식자재_01,식자재,식료품 중 '식자재'를 판매·제공하는 매장,val,식자재,T1 정확표기,6ba3a543-34ab-400f-9645-d610f113500c,그린원푸드,식자재,마산 정우새어시장,전통시장,경상남도,,,
597518b3960ec95a7719,full_annotation_v1,A,q_식자재_01,식자재,식료품 중 '식자재'를 판매·제공하는 매장,val,식자재,T1 정확표기,00fea2e0-f294-46b6-af68-655475e888be,동양유통,"곡물, 식자재",김해새벽시장,기타,경상남도,,,
1ddc6435c86dd7110a70,full_annotation_v1,A,q_식자재_01,식자재,식료품 중 '식자재'를 판매·제공하는 매장,val,식자재,T1 정확표기,001cb3d4-5441-4963-b517-d5b3904ee312,현창떡집,떡집,목포동부시장,전통시장,전라남도,,,
3c8f6ff62753dcb4a614,full_annotation_v1,A,q_식자재_01,식자재,식료품 중 '식자재'를 판매·제공하는 매장,val,식자재,T1 정확표기,807b6cbc-8409-446b-8067-53ada03f9101,나라마트식자재,식자재,담양중앙 골목형상점가,골목형상점가,전라남도,,,
bc0a28e14e1d37736126,full_annotation_v1,A,q_식자재_01,식자재,식료품 중 '식자재'를 판매·제공하는 매장,val,식자재,T1 정확표기,04816b88-906a-4f08-8efa-4ef80264d2df,천하유통,식자재,청량종합도매시장(깡통시장),전통시장,서울특별시,,,
62a73d17fe305104f089,full_annotation_v1,A,q_식자재_01,식자재,식료품 중 '식자재'를 판매·제공하는 매장,val,식자재,T1 정확표기,25e33da2-1a56-4ba7-b3e0-fedc38690824,경주식품,식자재,포항죽도농산물시장,전통시장,경상북도,,,
b068622af7c6043820d4,full_annotation_v1,A,q_식자재_01,식자재,식료품 중 '식자재'를 판매·제공하는 매장,val,식자재,T1 정확표기,87dc0cc0-7a91-4a22-b161-a438b9682f3d,식자재백화점원일,식자재,부평깡시장,전통시장,인천광역시,,,
177766282a0aba67e1cd,full_annotation_v1,A,q_식자재_01,식자재,식료품 중 '식자재'를 판매·제공하는 매장,val,식자재,T1 정확표기,6990684f-473d-472b-8cf9-a4a56c2232e3,수연홈마트,식품잡화,북촌계동길골목형상점가,골목형상점가,서울특별시,,,
3bb88554276223c267bb,full_annotation_v1,A,q_식자재_01,식자재,식료품 중 '식자재'를 판매·제공하는 매장,val,식자재,T1 정확표기,71d82573-e860-4203-8749-7caeb471c88b,용선식품,식자재,포항큰동해시장,전통시장,경상북도,,,
65106321e0f419f20842,full_annotation_v1,A,q_식자재_01,식자재,식료품 중 '식자재'를 판매·제공하는 매장,val,식자재,T1 정확표기,00bf0e58-0696-472a-8a12-945c44dc9435,오복상회,쌀,백년시장(구 강북종합전통시장),전통시장,서울특별시,,,
6f09d006f3aeb6a86b49,full_annotation_v1,A,q_식자재_01,식자재,식료품 중 '식자재'를 판매·제공하는 매장,val,식자재,T1 정확표기,16831c39-ff8e-4e80-83ff-74b0379a94cc,달빛경성맥주 이촌역점,"치킨, 피자, 파스타, 탕, 전골, 마른안주",이촌종합시장,전통시장,서울특별시,,,
ba6345fa2d15f3427f9e,full_annotation_v1,A,q_식자재_01,식자재,식료품 중 '식자재'를 판매·제공하는 매장,val,식자재,T1 정확표기,45251d99-abb6-431a-a63b-f72bb9544bdd,부귀상사,식자재,복대가경시장,전통시장,충청북도,,,
49eeb95125cf845a0d70,full_annotation_v1,A,q_식자재_01,식자재,식료품 중 '식자재'를 판매·제공하는 매장,val,식자재,T1 정확표기,0b69c684-9b0b-490b-892e-9267cf4662a3,윤수참기름,식용유,진주 청과시장,전통시장,경상남도,,,
070655594ccc7749bd58,full_annotation_v1,A,q_식자재_01,식자재,식료품 중 '식자재'를 판매·제공하는 매장,val,식자재,T1 정확표기,a98d34ee-1b59-4056-8b9f-cbc2593cb8d0,협신식품,식자재,포항죽도농산물시장,전통시장,경상북도,,,
5d8f45bbf4713f589429,full_annotation_v1,A,q_식자재_01,식자재,식료품 중 '식자재'를 판매·제공하는 매장,val,식자재,T1 정확표기,002d0d06-15b2-463e-b789-b0232bcc6681,뚜레주르버들마을점,제과,버들마을상인회 골목형상점가,골목형상점가,광주광역시,,,
61d5d56711ec15f500b8,full_annotation_v1,A,q_식자재_01,식자재,식료품 중 '식자재'를 판매·제공하는 매장,val,식자재,T1 정확표기,034f637f-e1c0-4e3c-99a7-eb7c8deb055a,청풍상회,곡물,내토전통시장,전통시장,충청북도,,,
3e3183ebfe7650e05fd5,full_annotation_v1,A,q_식자재_01,식자재,식료품 중 '식자재'를 판매·제공하는 매장,val,식자재,T1 정확표기,022ece99-80e4-453c-91c0-f46f8527e7ab,구즉방아간,방앗간,송강전통시장,전통시장,대전광역시,,,
6d9d9d140f7c32ac5f6c,full_annotation_v1,A,q_식자재_01,식자재,식료품 중 '식자재'를 판매·제공하는 매장,val,식자재,T1 정확표기,765b1e8a-6e0c-4eb2-bfe0-e025fc93deeb,종합식자재,식자재,부평깡시장,전통시장,인천광역시,,,
6d4253fd0397b04e365c,full_annotation_v1,A,q_식자재_01,식자재,식료품 중 '식자재'를 판매·제공하는 매장,val,식자재,T1 정확표기,d97649ed-fcef-4ae4-861c-9e4a0b2d481e,재원식품,식자재,진천중앙시장,전통시장,충청북도,,,
f625a62b2b93e0be5d54,full_annotation_v1,A,q_식자재_01,식자재,식료품 중 '식자재'를 판매·제공하는 매장,val,식자재,T1 정확표기,95ad7d57-b6de-4b2a-9d62-831eb955e101,부산상회,식자재,김해 동상전통시장,전통시장,경상남도,,,
3f927bdd331c04559532,full_annotation_v1,A,q_식자재_01,식자재,식료품 중 '식자재'를 판매·제공하는 매장,val,식자재,T1 정확표기,0b527c85-1790-4678-b71c-17904a96ce92,물들이다,미용,봉일천전통시장,전통시장,경기도,,,
8ef1891ed30b5e1e06d3,full_annotation_v1,A,q_식자재_01,식자재,식료품 중 '식자재'를 판매·제공하는 매장,val,식자재,T1 정확표기,8bf40f12-447f-4b05-9251-b07c926ae990,남해상회,식자재,영도봉래시장,전통시장,부산광역시,,,
09435abda546fb0d95e3,full_annotation_v1,A,q_식자재_01,식자재,식료품 중 '식자재'를 판매·제공하는 매장,val,식자재,T1 정확표기,06bbe239-5774-4794-91c3-b45901659200,성진상회,식용유,고성시장,전통시장,경상남도,,,
99945a6e8661c8bd35ce,full_annotation_v1,A,q_식자재_01,식자재,식료품 중 '식자재'를 판매·제공하는 매장,val,식자재,T1 정확표기,fcda4c2c-a8e7-487b-9133-1c03a8b690f0,우리유통,식자재,부평종합시장,전통시장,인천광역시,,,
e925c8baca047a55b3a0,full_annotation_v1,A,q_식자재_01,식자재,식료품 중 '식자재'를 판매·제공하는 매장,val,식자재,T1 정확표기,013444f9-7e9b-4640-84f0-43ac071ef57f,대림고추방아,"고추가루, 기름",부천강남시장,전통시장,경기도,,,
926e914725e6c6f38f4a,full_annotation_v1,A,q_식자재_01,식자재,식료품 중 '식자재'를 판매·제공하는 매장,val,식자재,T1 정확표기,0046e3b5-e973-4cc0-807c-acb34ad8e262,야음민속떡집,제조업(떡방앗간),울산번개시장,전통시장,울산광역시,,,
04e47663e11e68d917c9,full_annotation_v1,A,q_식자재_01,식자재,식료품 중 '식자재'를 판매·제공하는 매장,val,식자재,T1 정확표기,c27d44bc-c544-4e04-9605-c1fcb78d7476,민속부침,음식점업(간이음식),오산오색시장(구 오산중앙시장),전통시장,경기도,,,
7e9ba99851a9b8236f0a,full_annotation_v1,A,q_식자재_01,식자재,식료품 중 '식자재'를 판매·제공하는 매장,val,식자재,T1 정확표기,0e224dee-e545-48f6-95af-5a197b33a076,경북식품,식용유,가락몰골목형상점가,골목형상점가,서울특별시,,,
7ca089d644cdc1353bc8,full_annotation_v1,A,q_식자재_01,식자재,식료품 중 '식자재'를 판매·제공하는 매장,val,식자재,T1 정확표기,0061123f-a676-4556-9633-5fbc4ecaf6ef,치즈케익카스테라카페,제과,북가좌동 골목형상점가,골목형상점가,서울특별시,,,
77701e49507bb1098ad6,full_annotation_v1,A,q_식자재_01,식자재,식료품 중 '식자재'를 판매·제공하는 매장,val,식자재,T1 정확표기,fd47090f-4127-45db-b08d-cbc202c535fa,상남유통식자재,식자재,창원 상남시장,전통시장,경상남도,,,
2abf7391889ac7d33ecb,full_annotation_v1,A,q_식자재_01,식자재,식료품 중 '식자재'를 판매·제공하는 매장,val,식자재,T1 정확표기,ba287abe-b782-489c-a08f-2a855cdb2a31,삼정식품,식자재,천안중앙시장,전통시장,충청남도,,,
81fb9acd5928b9722c6a,full_annotation_v1,A,q_식자재_01,식자재,식료품 중 '식자재'를 판매·제공하는 매장,val,식자재,T1 정확표기,4670309f-0792-42b0-a825-ec83ae1e1484,빛나는걸,악세사리,공릉동도깨비시장,전통시장,서울특별시,,,
5d6c655c1b9937d0f244,full_annotation_v1,A,q_식자재_01,식자재,식료품 중 '식자재'를 판매·제공하는 매장,val,식자재,T1 정확표기,f77f1004-2a72-4ec6-9ecf-585b34b0523f,경아네,식자재,창원 명서시장,전통시장,경상남도,,,
8325f5085ecb9955901e,full_annotation_v1,A,q_식자재_01,식자재,식료품 중 '식자재'를 판매·제공하는 매장,val,식자재,T1 정확표기,008d07a3-ba18-4806-9ec7-48c0adb25276,아빠네 빵집,제과제빵,신창수문 골목형상점가,골목형상점가,광주광역시,,,
57e4c04014ba831c42ed,full_annotation_v1,A,q_식자재_01,식자재,식료품 중 '식자재'를 판매·제공하는 매장,val,식자재,T1 정확표기,bd2f3b62-710b-4d3e-807e-fdb1644eb752,부산상회,식자재,칠성상가시장,전통시장,대구광역시,,,
6cd5339cd29315dcf08c,full_annotation_v1,A,q_식자재_01,식자재,식료품 중 '식자재'를 판매·제공하는 매장,val,식자재,T1 정확표기,e47ad871-6518-4366-9222-7de717198868,새싹원식품허만두,식자재,장안문거북시장,전통시장,경기도,,,
b767e74491d666766329,full_annotation_v1,A,q_식자재_01,식자재,식료품 중 '식자재'를 판매·제공하는 매장,val,식자재,T1 정확표기,7a6b6b73-ad80-4bff-9f2a-a664d46fe246,제일유통,식자재,창원 상남시장,전통시장,경상남도,,,
822ed4c8e27943b61ed9,full_annotation_v1,A,q_식자재_01,식자재,식료품 중 '식자재'를 판매·제공하는 매장,val,식자재,T1 정확표기,1b261594-5af8-45f7-844d-e0336f443827,세광,식자재,경리단길 골목형상점가,골목형상점가,서울특별시,,,
d2a956470a783396afb0,full_annotation_v1,A,q_식자재_01,식자재,식료품 중 '식자재'를 판매·제공하는 매장,val,식자재,T1 정확표기,fb4480b6-0019-4fd6-bc24-f1d8e4d3613d,돼지농수산,식자재,부산새벽시장,전통시장,부산광역시,,,
f11b7084c8f49197c87e,full_annotation_v1,A,q_식자재_01,식자재,식료품 중 '식자재'를 판매·제공하는 매장,val,식자재,T1 정확표기,67c18751-8bd4-4801-a4fd-4c26c7774f4b,청아식자재,식자재,소래포구종합어시장,자율상권구역,인천광역시,,,
1415c11f661e537e1641,full_annotation_v1,A,q_식자재_01,식자재,식료품 중 '식자재'를 판매·제공하는 매장,val,식자재,T1 정확표기,04c905ba-3172-4ea4-a6dd-4345d674dea0,덕순이네,제조업(떡집),장터길 골목형상점가,골목형상점가,경기도,,,
40f755bc9b2f52b3a34e,full_annotation_v1,A,q_식자재_01,식자재,식료품 중 '식자재'를 판매·제공하는 매장,val,식자재,T1 정확표기,96ca8481-b4c0-4de3-ad51-99465e81cecc,동해유통,식자재,전주풍남문상점가,자율상권구역,전북특별자치도,,,
3b56b873feed7069402b,full_annotation_v1,A,q_식자재_01,식자재,식료품 중 '식자재'를 판매·제공하는 매장,val,식자재,T1 정확표기,021bf03c-8b83-4288-89c5-15a4a162142b,신선식품,식자재,사천읍시장,전통시장,경상남도,,,
6abff378488e355cd496,full_annotation_v1,A,q_식자재_01,식자재,식료품 중 '식자재'를 판매·제공하는 매장,val,식자재,T1 정확표기,011f646c-0d2f-4770-a90e-d5d39e580d38,올 푸드,식자재,두암시장,전통시장,광주광역시,,,
7236adb9ae0d4773e272,full_annotation_v1,A,q_식자재_01,식자재,식료품 중 '식자재'를 판매·제공하는 매장,val,식자재,T1 정확표기,abedfac8-4e24-4864-b45d-73415d73d543,탑유통,식자재,정자시장,전통시장,경기도,,,
26eabfdd220568a3a751,full_annotation_v1,A,q_식자재_01,식자재,식료품 중 '식자재'를 판매·제공하는 매장,val,식자재,T1 정확표기,57b88f0a-7948-4c96-a629-e07e78753ad3,문광,식자재,동명동 카페거리 골목형상점가,골목형상점가,광주광역시,,,
cfe7e42285f02a8d3160,full_annotation_v1,A,q_식자재_01,식자재,식료품 중 '식자재'를 판매·제공하는 매장,val,식자재,T1 정확표기,023e47e8-7973-4e3d-95f3-f6bf168360f0,(주)동양종합유통,식자재,양동건어물시장,전통시장,광주광역시,,,
a315c25b1cf1772cda1d,full_annotation_v1,A,q_식자재_01,식자재,식료품 중 '식자재'를 판매·제공하는 매장,val,식자재,T1 정확표기,73f2dd10-cce4-4e33-bba4-d5731d836bfc,대광상회,식자재,청량리종합시장,전통시장,서울특별시,,,
869a99389ae66f7142d5,full_annotation_v1,A,q_식자재_01,식자재,식료품 중 '식자재'를 판매·제공하는 매장,val,식자재,T1 정확표기,0ddf8a07-c13c-4873-bde2-fd2d10c5ed46,유림상자,화섬지 기타직물류,광장시장,전통시장,서울특별시,,,
2fb5749f9ae5928ffa99,full_annotation_v1,A,q_식자재_01,식자재,식료품 중 '식자재'를 판매·제공하는 매장,val,식자재,T1 정확표기,0592f5f6-ae8d-491f-87e9-2021a00f4ae0,우리상회,곡물,상주중앙시장,전통시장,경상북도,,,
a3e6b6b1a5e591909e68,full_annotation_v1,A,q_식자재_01,식자재,식료품 중 '식자재'를 판매·제공하는 매장,val,식자재,T1 정확표기,98975d4d-975d-4b48-803f-76ab99b1a352,준유통,식자재,안양농수산물 골목형상점가,골목형상점가,경기도,,,
ae4b4d8f74777c51843b,full_annotation_v1,A,q_식자재_01,식자재,식료품 중 '식자재'를 판매·제공하는 매장,val,식자재,T1 정확표기,3bb389fb-e059-4ff0-8635-b1c5efb6281e,제일상사,식자재,하대원공설시장,전통시장,경기도,,,
bd48578c1d7dfcf85f9e,full_annotation_v1,A,q_식자재_01,식자재,식료품 중 '식자재'를 판매·제공하는 매장,val,식자재,T1 정확표기,2081d8de-9ec1-4c54-a9f9-eb15f237b78d,고려유통,식자재,칠성원시장,전통시장,대구광역시,,,
d7853852bac3d656acdf,full_annotation_v1,A,q_식자재_01,식자재,식료품 중 '식자재'를 판매·제공하는 매장,val,식자재,T1 정확표기,90ae49f4-073b-44c1-b179-12861d4580ca,부산식품,식자재,마산어시장,전통시장,경상남도,,,
4c6e510e1a7248b45dbe,full_annotation_v1,A,q_식자재_01,식자재,식료품 중 '식자재'를 판매·제공하는 매장,val,식자재,T1 정확표기,c4c84ceb-2d4b-4bfa-a1a6-5a97f21256c2,더웰마켓,식자재,의왕예술의거리골목형상점가,골목형상점가,경기도,,,
f7b805d82ec23b20fe06,full_annotation_v1,A,q_식자재_01,식자재,식료품 중 '식자재'를 판매·제공하는 매장,val,식자재,T1 정확표기,023b2cb4-7f9e-4b85-9888-474ee933954a,산척제유소,방앗간,충주자유시장,전통시장,충청북도,,,
951e66771395dc9b30e6,full_annotation_v1,A,q_식자재_01,식자재,식료품 중 '식자재'를 판매·제공하는 매장,val,식자재,T1 정확표기,469e4887-18f4-42ff-929e-46be7e691b0e,샛별건어물,식자재,여수교동시장,전통시장,전라남도,,,
b3950329b8b1790ece08,full_annotation_v1,A,q_식자재_01,식자재,식료품 중 '식자재'를 판매·제공하는 매장,val,식자재,T1 정확표기,4e49ca78-6a73-42a1-b235-4d59c4d5ed85,성수상회메밀부침,메밀전병,홍천중앙시장(홍천신시장),전통시장,강원특별자치도,,,
5871e60daa6af1c3452c,full_annotation_v1,A,q_식자재_01,식자재,식료품 중 '식자재'를 판매·제공하는 매장,val,식자재,T1 정확표기,6e8db87e-2e72-4f24-b0ad-66395fb74067,제일 식자재,식자재,중문로 골목형상점가,골목형상점가,광주광역시,,,
fb117478cc5607cc0c9a,full_annotation_v1,A,q_식자재_01,식자재,식료품 중 '식자재'를 판매·제공하는 매장,val,식자재,T1 정확표기,c234c6f4-736e-4062-a62d-1422eca306e0,진주유통,식자재,충무동 새벽시장,전통시장,부산광역시,,,
aa5040579a65671b48f6,full_annotation_v1,A,q_식자재_01,식자재,식료품 중 '식자재'를 판매·제공하는 매장,val,식자재,T1 정확표기,aaed44f1-4205-4856-9d66-a2a812680ffd,정식품,식자재,첨단청사초롱길 골목형상점가,골목형상점가,광주광역시,,,
c9dd89fe029c91258d41,full_annotation_v1,A,q_식자재_01,식자재,식료품 중 '식자재'를 판매·제공하는 매장,val,식자재,T1 정확표기,531a79a3-e172-4cd8-9d8c-b929cf6274f4,삼오상회,식자재,부산새벽시장,전통시장,부산광역시,,,
fc805235969038fe0d02,full_annotation_v1,A,q_식자재_01,식자재,식료품 중 '식자재'를 판매·제공하는 매장,val,식자재,T1 정확표기,811d0936-7f74-4d0b-ac59-ee63e0ab052e,서울식품,식자재,남대문시장,전통시장,서울특별시,,,
2e573e9083b39f85c72f,full_annotation_v1,A,q_식자재_01,식자재,식료품 중 '식자재'를 판매·제공하는 매장,val,식자재,T1 정확표기,9cd45850-a338-40b7-a53b-3603a8087fbd,다온푸드,식자재,충무동 새벽시장,전통시장,부산광역시,,,
bb48db6d573f55990a22,full_annotation_v1,A,q_식자재_01,식자재,식료품 중 '식자재'를 판매·제공하는 매장,val,식자재,T1 정확표기,a41d88f0-2b8b-4119-8161-460e627c59b7,태성식자재마트,식자재,순천역전시장상가,자율상권구역,전라남도,,,
b0e3cf3424faa788bd61,full_annotation_v1,A,q_식자재_01,식자재,식료품 중 '식자재'를 판매·제공하는 매장,val,식자재,T1 정확표기,320a4f5d-c9b1-4624-ade5-3353bf94edc9,위푸드,식자재,하대원공설시장,전통시장,경기도,,,
3f376e733abb5a07f03a,full_annotation_v1,A,q_식자재_01,식자재,식료품 중 '식자재'를 판매·제공하는 매장,val,식자재,T1 정확표기,40b62a14-e477-4593-88b5-089c7a8cfbf1,창녕상회,식자재,정이있는 구포시장,전통시장,부산광역시,,,
ba8d6db150e43d8f2590,full_annotation_v1,A,q_식자재_01,식자재,식료품 중 '식자재'를 판매·제공하는 매장,val,식자재,T1 정확표기,7f596a81-00ce-4e76-8773-b3940ee5e39c,초원유통,식자재,강진중앙로상가,자율상권구역,전라남도,,,
7a35a4a59afc69b1f295,full_annotation_v1,A,q_식자재_01,식자재,식료품 중 '식자재'를 판매·제공하는 매장,val,식자재,T1 정확표기,4b8311af-e417-4207-a37b-6e63b266a5c8,천마농산,식자재,부산새벽시장,전통시장,부산광역시,,,
79728a39f667bfc2d842,full_annotation_v1,A,q_식자재_01,식자재,식료품 중 '식자재'를 판매·제공하는 매장,val,식자재,T1 정확표기,e699580d-aa3d-4800-ba2b-cefc63a8eddd,이지팜마켓,식자재,구리전통시장,전통시장,경기도,,,
e6f5546cd3796dc97335,full_annotation_v1,A,q_식자재_01,식자재,식료품 중 '식자재'를 판매·제공하는 매장,val,식자재,T1 정확표기,728cea87-80f8-4bb6-b0fd-c94fa2e8069a,버거리,한식,건리단길 골목형상점가,골목형상점가,서울특별시,,,
aa7224aeff0631c330da,full_annotation_v1,A,q_식자재_01,식자재,식료품 중 '식자재'를 판매·제공하는 매장,val,식자재,T1 정확표기,2fd72cbb-da88-4c4c-b309-e4d772473378,성진식자재,식자재,부평깡시장,전통시장,인천광역시,,,
569c85a09dded7d64b38,full_annotation_v1,A,q_식자재_01,식자재,식료품 중 '식자재'를 판매·제공하는 매장,val,식자재,T1 정확표기,bac0e7d5-920d-430c-8bcc-1652e4f574c3,안산상회,식자재,하대원공설시장,전통시장,경기도,,,
1be470e8ad206aa2758c,full_annotation_v1,A,q_식자재_01,식자재,식료품 중 '식자재'를 판매·제공하는 매장,val,식자재,T1 정확표기,58e17b2b-82be-4ac6-babb-5a190ba2e4b9,남천당구클럽,당구장,남천바다내음 골목형상점가,골목형상점가,부산광역시,,,
871b7c30c093c56fd706,full_annotation_v1,A,q_식자재_01,식자재,식료품 중 '식자재'를 판매·제공하는 매장,val,식자재,T1 정확표기,be86c313-a130-4505-ad26-345c01591f4c,남천돈,한식,남천바다내음 골목형상점가,골목형상점가,부산광역시,,,
6fd0dc4f2c6e176f5a8a,full_annotation_v1,A,q_식자재_01,식자재,식료품 중 '식자재'를 판매·제공하는 매장,val,식자재,T1 정확표기,d2ccb0da-944b-49df-897b-6abba18077d3,고려유통,식자재,관음시장,전통시장,대구광역시,,,
263b24f505317f3e620c,full_annotation_v1,A,q_식자재_01,식자재,식료품 중 '식자재'를 판매·제공하는 매장,val,식자재,T1 정확표기,d08467c5-6f45-4537-9605-b05355d3a8c5,하늘유통,식자재,무안전통시장,전통시장,전라남도,,,
c7f1f48db9998f818373,full_annotation_v1,A,q_식자재_01,식자재,식료품 중 '식자재'를 판매·제공하는 매장,val,식자재,T1 정확표기,0017714f-cbac-4f85-a148-338ddcefe41c,유수담,"쌀, 계란, 신선식품",익산북부시장,전통시장,전북특별자치도,,,
027aa0602fa913c45b89,full_annotation_v1,A,q_식자재_01,식자재,식료품 중 '식자재'를 판매·제공하는 매장,val,식자재,T1 정확표기,0b8ef6dc-2f6b-4707-bd73-529122d9c97a,하단떡집,떡집,하단오일상설시장,전통시장,부산광역시,,,
7ce4d49556267fca4b36,full_annotation_v1,A,q_식자재_01,식자재,식료품 중 '식자재'를 판매·제공하는 매장,val,식자재,T1 정확표기,044b74fa-bb37-480b-8d36-3f7676cf2fb4,영진상회,곡물,청주육거리종합시장,전통시장,충청북도,,,
b7b7169e823ba03f3b9e,full_annotation_v1,A,q_식자재_01,식자재,식료품 중 '식자재'를 판매·제공하는 매장,val,식자재,T1 정확표기,21c212bf-3ffc-4441-86e7-84ee7b70570f,제일종합식자재,식자재,창원 상남시장,전통시장,경상남도,,,
0ca2b4c7657dc75749db,full_annotation_v1,A,q_식자재_01,식자재,식료품 중 '식자재'를 판매·제공하는 매장,val,식자재,T1 정확표기,001bc028-a43e-44d4-9682-db280a4998cc,파리바게뜨전주근영점,제과점,근영누리 골목형상점가,골목형상점가,전북특별자치도,,,
87436f37a768a6e3c69b,full_annotation_v1,A,q_식자재_01,식자재,식료품 중 '식자재'를 판매·제공하는 매장,val,식자재,T1 정확표기,4f41ae2a-38de-41cd-a406-0b2c6e43f87f,정화상사,식자재,영등포전통시장,자율상권구역,서울특별시,,,
f5bbfb48516b3182045f,full_annotation_v1,A,q_식자재_01,식자재,식료품 중 '식자재'를 판매·제공하는 매장,val,식자재,T1 정확표기,8b1e6557-590d-410c-a56f-b2ca97953a74,한빛유통,식자재,포항죽도농산물시장,전통시장,경상북도,,,
61fae60071621970f3f7,full_annotation_v1,A,q_식자재_01,식자재,식료품 중 '식자재'를 판매·제공하는 매장,val,식자재,T1 정확표기,04cffa8f-5c05-444b-bde1-a3d1918cf92f,강원기름집,식용유,속초종합중앙시장,전통시장,강원특별자치도,,,
dcb5e8f1d307a6ccc4cc,full_annotation_v1,A,q_식자재_01,식자재,식료품 중 '식자재'를 판매·제공하는 매장,val,식자재,T1 정확표기,82e77537-5ca8-4253-8909-81ce00508500,동방,식자재,제천약초시장,전통시장,충청북도,,,
63d0c5525bae70a8c81b,full_annotation_v1,A,q_식자재_01,식자재,식료품 중 '식자재'를 판매·제공하는 매장,val,식자재,T1 정확표기,c498bc87-cb1f-44cf-a970-ed675cb48909,유앤지의원,피부,남이동길골목형상점가,골목형상점가,서울특별시,,,
a68dd7a47f3e21e63629,full_annotation_v1,A,q_식자재_01,식자재,식료품 중 '식자재'를 판매·제공하는 매장,val,식자재,T1 정확표기,1376634e-7439-4076-86fb-ea06659ffc8d,정가네,식자재,창원 명서시장,전통시장,경상남도,,,
db1e9627bab74a0201d8,full_annotation_v1,A,q_식자재_01,식자재,식료품 중 '식자재'를 판매·제공하는 매장,val,식자재,T1 정확표기,00e80339-1353-4885-81d7-0746a437abb2,포식 용인한숲시티점,쌀국수 돈까스 함박스테이크,남사한숲 골목형상점가,골목형상점가,경기도,,,
317858bcdb7e4c9aaa3d,full_annotation_v1,A,q_식자재_01,식자재,식료품 중 '식자재'를 판매·제공하는 매장,val,식자재,T1 정확표기,419698c1-3fdb-4fba-9db7-1a3e6fced07e,일일식품,식자재,청량리청과물시장,전통시장,서울특별시,,,
d30b158dc34356521c63,full_annotation_v1,A,q_식자재_01,식자재,식료품 중 '식자재'를 판매·제공하는 매장,val,식자재,T1 정확표기,8866c503-2331-4acb-9c3f-b539876e5793,광명식자재,식자재,영일시장,전통시장,서울특별시,,,
f95cbb2fd25afa6fb613,full_annotation_v1,A,q_식자재_01,식자재,식료품 중 '식자재'를 판매·제공하는 매장,val,식자재,T1 정확표기,01e4cef2-9c12-4be0-9c3e-5a09ab67f7f5,대명제유,"고추, 기름",의정부제일시장,전통시장,경기도,,,
e1d6f7a918b4fd4bbd94,full_annotation_v1,A,q_식자재_01,식자재,식료품 중 '식자재'를 판매·제공하는 매장,val,식자재,T1 정확표기,482dbc6d-cce8-43cd-b1a8-1ef561a06ed5,상남식자재,식자재,창원 상남시장,전통시장,경상남도,,,
8acab936fda80fcc6627,full_annotation_v1,A,q_식자재_01,식자재,식료품 중 '식자재'를 판매·제공하는 매장,val,식자재,T1 정확표기,01a5f192-c482-46e3-8b58-5358216d0749,풍전기름집,참기름,화곡본동시장,전통시장,서울특별시,,,
0cc0b8d0598769babab0,full_annotation_v1,A,q_식자재_01,식자재,식료품 중 '식자재'를 판매·제공하는 매장,val,식자재,T1 정확표기,2b3b3d55-cf2a-490f-8caf-79baa3eb907f,마포식자재,식자재,마포농수산물시장,전통시장,서울특별시,,,
ce0c0eb8ec277cf32bfb,full_annotation_v1,A,q_식자재_01,식자재,식료품 중 '식자재'를 판매·제공하는 매장,val,식자재,T1 정확표기,01757e0a-7278-44bc-9fad-29595028ac3d,현대떡방앗간,방앗간,염매시장(의성중앙시장),전통시장,경상북도,,,
dcba20b0083361cf1b23,full_annotation_v1,A,q_식자재_01,식자재,식료품 중 '식자재'를 판매·제공하는 매장,val,식자재,T1 정확표기,6a3541f1-af49-4a31-af56-5c8f0160ec2a,연우푸드,식자재,장승백이전통시장(구 만수창대시장),전통시장,인천광역시,,,
43af3eb514b32049e3f0,full_annotation_v1,A,q_식자재_01,식자재,식료품 중 '식자재'를 판매·제공하는 매장,val,식자재,T1 정확표기,001961d9-cb5d-40bc-903a-33d483f7d132,헬씨스탠다드,"건강기능식품, 쌀, 견과류, 약재",응암소담길 골목형상점가,골목형상점가,서울특별시,,,
7f4cf3b1333e2994099c,full_annotation_v1,A,q_식자재_01,식자재,식료품 중 '식자재'를 판매·제공하는 매장,val,식자재,T1 정확표기,dbf9d630-d44c-450f-9a49-c163f7665b79,진주상회,식자재,부산새벽시장,전통시장,부산광역시,,,
130acf92e976cbfba3c8,full_annotation_v1,A,q_식자재_01,식자재,식료품 중 '식자재'를 판매·제공하는 매장,val,식자재,T1 정확표기,45781c74-c499-458c-8358-534afe4a798b,경남식자재,식자재,신중앙시장,전통시장,서울특별시,,,
9ab72dc8bd92cc3377ea,full_annotation_v1,A,q_식자재_01,식자재,식료품 중 '식자재'를 판매·제공하는 매장,val,식자재,T1 정확표기,dcae4cd5-3c18-41ed-a360-c3bb8096d0a0,기장조은유통,식자재,기장시장,전통시장,부산광역시,,,
c07bb2816c005a3d4959,full_annotation_v1,A,q_식자재_01,식자재,식료품 중 '식자재'를 판매·제공하는 매장,val,식자재,T1 정확표기,a2850d2f-68ba-43ec-998c-7370f9a16c3e,네일정원,네일아트,빛가람 하나로 골목형상점가,골목형상점가,전라남도,,,
efdb98317b31668272cf,full_annotation_v1,A,q_식자재_01,식자재,식료품 중 '식자재'를 판매·제공하는 매장,val,식자재,T1 정확표기,02223ab5-044d-40ad-8cc7-838ed325ada0,상옥쌀상회,쌀,영일대북부시장(구 북부시장),전통시장,경상북도,,,
50a34b8c6a37d724354a,full_annotation_v1,A,q_식자재_01,식자재,식료품 중 '식자재'를 판매·제공하는 매장,val,식자재,T1 정확표기,92cbbe81-f430-40ad-b3f0-6cb223b172ec,맛있는뒷고기,식자재,창원 명서시장,전통시장,경상남도,,,
ef5ea5585489f493fc3a,full_annotation_v1,A,q_식자재_01,식자재,식료품 중 '식자재'를 판매·제공하는 매장,val,식자재,T1 정확표기,23d420b2-7574-4d4b-ba8f-fb960f9ff3df,한울농원,식자재,부평종합시장,전통시장,인천광역시,,,
38b97ad7219f11da9266,full_annotation_v1,A,q_식자재_01,식자재,식료품 중 '식자재'를 판매·제공하는 매장,val,식자재,T1 정확표기,00e30e5a-4662-4e65-9b6c-dd704886f1af,믿음떡집,떡방앗간,문창시장,전통시장,대전광역시,,,
96eed17892c1e1ea9117,full_annotation_v1,A,q_식자재_01,식자재,식료품 중 '식자재'를 판매·제공하는 매장,val,식자재,T1 정확표기,99fdb245-b9eb-420c-984a-725f5efe74dd,대광상회,식자재,부산새벽시장,전통시장,부산광역시,,,
963ac4fc4641b192dfbf,full_annotation_v1,A,q_식자재_01,식자재,식료품 중 '식자재'를 판매·제공하는 매장,val,식자재,T1 정확표기,ff94b78f-ca7e-4eae-9d59-b3fe2287f81f,동화유통,식자재,반여농산물도매시장 관련상품동,골목형상점가,부산광역시,,,
253460e0e94da3685b34,full_annotation_v1,A,q_식자재_01,식자재,식료품 중 '식자재'를 판매·제공하는 매장,val,식자재,T1 정확표기,3ae36998-cafe-45e1-b004-2913e0aade66,대흥식품,식자재,서구유통단지상인회 골목형상점가,골목형상점가,광주광역시,,,
d966ac569339be4e7202,full_annotation_v1,A,q_식자재_01,식자재,식료품 중 '식자재'를 판매·제공하는 매장,val,식자재,T1 정확표기,00eca8e7-b158-4572-b540-c241f4ad2546,거창상회,식자재,충무동 새벽시장,전통시장,부산광역시,,,
972e05543a61d83e89b2,full_annotation_v1,A,q_식자재_01,식자재,식료품 중 '식자재'를 판매·제공하는 매장,val,식자재,T1 정확표기,40ece9fe-d218-4f98-8326-9e0af34030c6,로엔진,식자재,전주남부시장,전통시장,전북특별자치도,,,
38d47e7035a6cafc96d2,full_annotation_v1,A,q_식자재_01,식자재,식료품 중 '식자재'를 판매·제공하는 매장,val,식자재,T1 정확표기,d1f4e7d2-aa1c-43c7-957c-0b1c948a1772,봉황상회,식자재,남광주해뜨는시장,전통시장,,,,
6d186172534ed9aebf49,full_annotation_v1,A,q_식자재_01,식자재,식료품 중 '식자재'를 판매·제공하는 매장,val,식자재,T1 정확표기,e425286e-a810-463b-8360-29d5711dcd4f,한밭유통,식자재,마포농수산물시장,전통시장,서울특별시,,,
28cb02de32abd0f52ef5,full_annotation_v1,A,q_식자재_01,식자재,식료품 중 '식자재'를 판매·제공하는 매장,val,식자재,T1 정확표기,015915e3-2542-4245-b627-0c775b4c5501,한내떡집,,거제 고현시장,전통시장,경상남도,,,
8c8ad86b107e2383a203,full_annotation_v1,A,q_식자재_01,식자재,식료품 중 '식자재'를 판매·제공하는 매장,val,식자재,T1 정확표기,0729d031-8b44-4608-a56b-96558a6320da,자연푸드,식자재,염주골상인회 골목형상점가,골목형상점가,광주광역시,,,
7c48414fa4204962cbde,full_annotation_v1,A,q_식자재_01,식자재,식료품 중 '식자재'를 판매·제공하는 매장,val,식자재,T1 정확표기,a7cca5d1-6e6c-4c81-828a-378c86d521ac,드림식자재마트,식자재,창원 상남시장,전통시장,경상남도,,,
fdc538f41533acf8db4a,full_annotation_v1,A,q_식자재_01,식자재,식료품 중 '식자재'를 판매·제공하는 매장,val,식자재,T1 정확표기,16ad353e-2c3a-4429-abb0-637d57083c1a,삼일상사,식자재,영등포전통시장,자율상권구역,서울특별시,,,
f0a34d83dc52bf0f0604,full_annotation_v1,A,q_식자재_01,식자재,식료품 중 '식자재'를 판매·제공하는 매장,val,식자재,T1 정확표기,03e3e424-656a-46ea-82b7-21bcc07cae47,초왕상회,"곡물, 농산물",전주남부시장,전통시장,전북특별자치도,,,
41ca3fe442f8a57429ce,full_annotation_v1,A,q_식자재_02,쌀,식료품 중 '식자재'를 판매·제공하는 매장,val,식자재,T1 정확표기,2a30f6e4-0d5b-493e-9ba3-2ce7f73caaf1,영천상회,쌀,부전농수산물새벽시장,전통시장,부산광역시,,,
521d0f4ef2895feb3130,full_annotation_v1,A,q_식자재_02,쌀,식료품 중 '식자재'를 판매·제공하는 매장,val,식자재,T1 정확표기,eda8667d-d4cd-437a-81c6-dae06e77c1fe,힐링숲라파 노은점,족욕체험,은구비서로사회적협동조합 골목형상점가,골목형상점가,대전광역시,,,
34b94b651b3ceb293d48,full_annotation_v1,A,q_식자재_02,쌀,식료품 중 '식자재'를 판매·제공하는 매장,val,식자재,T1 정확표기,bc1f3a2e-f3d8-4b6f-a546-3d0d4881140c,도연유통쌀집,쌀,남구 용대로 골목형상점가,골목형상점가,광주광역시,,,
c4b40194a79dea976368,full_annotation_v1,A,q_식자재_02,쌀,식료품 중 '식자재'를 판매·제공하는 매장,val,식자재,T1 정확표기,fa8f5a55-21b0-4826-8a7a-58aae99a27e8,공주네곳간,쌀,공주산성시장,전통시장,충청남도,,,
1573e3950586e5a8d1aa,full_annotation_v1,A,q_식자재_02,쌀,식료품 중 '식자재'를 판매·제공하는 매장,val,식자재,T1 정확표기,2dd450ae-bcd3-462c-af36-afcf54081adc,일산상회,쌀,남이동길골목형상점가,골목형상점가,서울특별시,,,
0e9b34b645251220e852,full_annotation_v1,A,q_식자재_02,쌀,식료품 중 '식자재'를 판매·제공하는 매장,val,식자재,T1 정확표기,9fdd185a-663e-4cd4-b79f-aaa3ad7ff3b7,대광상회,쌀,성동용답상가시장,전통시장,서울특별시,,,
c1ceac36ce63d93a62e5,full_annotation_v1,A,q_식자재_02,쌀,식료품 중 '식자재'를 판매·제공하는 매장,val,식자재,T1 정확표기,815f44dd-243d-4f84-bf4a-7fa9bddb6d18,충남쌀상회,쌀,구월시장,전통시장,인천광역시,,,
9a98353151df3e0f44bf,full_annotation_v1,A,q_식자재_02,쌀,식료품 중 '식자재'를 판매·제공하는 매장,val,식자재,T1 정확표기,01e4cef2-9c12-4be0-9c3e-5a09ab67f7f5,대명제유,"고추, 기름",의정부제일시장,전통시장,경기도,,,
c3e5a0474b2b7576cabd,full_annotation_v1,A,q_식자재_02,쌀,식료품 중 '식자재'를 판매·제공하는 매장,val,식자재,T1 정확표기,00e80339-1353-4885-81d7-0746a437abb2,포식 용인한숲시티점,쌀국수 돈까스 함박스테이크,남사한숲 골목형상점가,골목형상점가,경기도,,,
ee38375e2911fff14df3,full_annotation_v1,A,q_식자재_02,쌀,식료품 중 '식자재'를 판매·제공하는 매장,val,식자재,T1 정확표기,092868ef-cdbe-426a-8e04-c1862bac5076,익산바이오,식용유,세종전통시장,전통시장,세종특별자치시,,,
281805b91436c1c0c869,full_annotation_v1,A,q_식자재_02,쌀,식료품 중 '식자재'를 판매·제공하는 매장,val,식자재,T1 정확표기,01a5f192-c482-46e3-8b58-5358216d0749,풍전기름집,참기름,화곡본동시장,전통시장,서울특별시,,,
b114ac15b666d711be46,full_annotation_v1,A,q_식자재_02,쌀,식료품 중 '식자재'를 판매·제공하는 매장,val,식자재,T1 정확표기,54f77a46-b6d5-4b0a-89d0-aa845de7f842,송림상회,쌀,현대시장,전통시장,인천광역시,,,
37484791f483cfc1734b,full_annotation_v1,A,q_식자재_02,쌀,식료품 중 '식자재'를 판매·제공하는 매장,val,식자재,T1 정확표기,00fea2e0-f294-46b6-af68-655475e888be,동양유통,"곡물, 식자재",김해새벽시장,기타,경상남도,,,
cabe4b05c8fea769d8b3,full_annotation_v1,A,q_식자재_02,쌀,식료품 중 '식자재'를 판매·제공하는 매장,val,식자재,T1 정확표기,03e3e424-656a-46ea-82b7-21bcc07cae47,초왕상회,"곡물, 농산물",전주남부시장,전통시장,전북특별자치도,,,
b7d5d98ecab2861f3d5a,full_annotation_v1,A,q_식자재_02,쌀,식료품 중 '식자재'를 판매·제공하는 매장,val,식자재,T1 정확표기,d41fc1cc-5ec1-48e5-8cec-3a1d178a44a6,상상,성인의류,서귀포중심상가번영회,자율상권구역,제주특별자치도,,,
dd1bdbae58e287e24f0d,full_annotation_v1,A,q_식자재_02,쌀,식료품 중 '식자재'를 판매·제공하는 매장,val,식자재,T1 정확표기,47814469-adc6-47a8-8b41-875c1976c3e9,가좌쌀집,쌀,가좌시장,전통시장,인천광역시,,,
5951bab49c825e170942,full_annotation_v1,A,q_식자재_02,쌀,식료품 중 '식자재'를 판매·제공하는 매장,val,식자재,T1 정확표기,14e8778e-c28c-4184-a6e9-0b40e01693ea,대흥상회,쌀,영주골목시장,전통시장,경상북도,,,
c5c1933c3082168cc7c8,full_annotation_v1,A,q_식자재_02,쌀,식료품 중 '식자재'를 판매·제공하는 매장,val,식자재,T1 정확표기,54207e88-39d1-4a29-854a-e4fda51447ab,남도쌀집,쌀,진흥종합시장,전통시장,인천광역시,,,
8700efe2536c78f93106,full_annotation_v1,A,q_식자재_02,쌀,식료품 중 '식자재'를 판매·제공하는 매장,val,식자재,T1 정확표기,fa89151d-0744-468b-a9a8-5ebbc6a3ddff,Since1994 오모가리 마포용강점,김치찌개,용강동상점가,자율상권구역,서울특별시,,,
20cdc9fb0a03fdb5a0d8,full_annotation_v1,A,q_식자재_02,쌀,식료품 중 '식자재'를 판매·제공하는 매장,val,식자재,T1 정확표기,1d18ba60-d612-4b52-906a-51396374eeae,부흥상사,쌀,오정동상점가,자율상권구역,대전광역시,,,
180366a3a59877c569a9,full_annotation_v1,A,q_식자재_02,쌀,식료품 중 '식자재'를 판매·제공하는 매장,val,식자재,T1 정확표기,10dcc67f-8bba-401e-969c-9032df12b06a,보령상회,쌀,신도꼼지락시장,전통시장,대전광역시,,,
2ab9059267611caf5324,full_annotation_v1,A,q_식자재_02,쌀,식료품 중 '식자재'를 판매·제공하는 매장,val,식자재,T1 정확표기,0e224dee-e545-48f6-95af-5a197b33a076,경북식품,식용유,가락몰골목형상점가,골목형상점가,서울특별시,,,
5c00d97010850a405a7d,full_annotation_v1,A,q_식자재_02,쌀,식료품 중 '식자재'를 판매·제공하는 매장,val,식자재,T1 정확표기,071a89e8-e152-443c-becd-5bdce801e483,공단양곡,쌀,팔달신시장,전통시장,대구광역시,,,
4a23cc50abd25d9913ec,full_annotation_v1,A,q_식자재_02,쌀,식료품 중 '식자재'를 판매·제공하는 매장,val,식자재,T1 정확표기,f6dacc3d-b174-4793-9ac7-f7c3306e6f37,팔팔쌀집,쌀,전포놀이터시장,전통시장,부산광역시,,,
c0e2ee7280ba8fe2c03d,full_annotation_v1,A,q_식자재_02,쌀,식료품 중 '식자재'를 판매·제공하는 매장,val,식자재,T1 정확표기,399a7cdd-d578-45e5-875c-82fdf1571d7c,한일쌀상회,쌀,학성새벽시장,전통시장,울산광역시,,,
aed7ffb8be5d3e0dc1d1,full_annotation_v1,A,q_식자재_02,쌀,식료품 중 '식자재'를 판매·제공하는 매장,val,식자재,T1 정확표기,015915e3-2542-4245-b627-0c775b4c5501,한내떡집,,거제 고현시장,전통시장,경상남도,,,
aafa6f9bb6a73116dc84,full_annotation_v1,A,q_식자재_02,쌀,식료품 중 '식자재'를 판매·제공하는 매장,val,식자재,T1 정확표기,e6032a4d-46c0-49dd-bdec-405f465c6b1c,진천농산,쌀,오창전통시장,전통시장,충청북도,,,
cb864519411f7d03d093,full_annotation_v1,A,q_식자재_02,쌀,식료품 중 '식자재'를 판매·제공하는 매장,val,식자재,T1 정확표기,0e9b1c08-a23d-49f3-b933-86b026a1e741,제일쌀상회,쌀,태안동부시장(구 태안특산물전통시장),전통시장,충청남도,,,
a3be85fc5cbd4f8c80ca,full_annotation_v1,A,q_식자재_02,쌀,식료품 중 '식자재'를 판매·제공하는 매장,val,식자재,T1 정확표기,023e47e8-7973-4e3d-95f3-f6bf168360f0,(주)동양종합유통,식자재,양동건어물시장,전통시장,광주광역시,,,
4e1d8974fd6eac0ec055,full_annotation_v1,A,q_식자재_02,쌀,식료품 중 '식자재'를 판매·제공하는 매장,val,식자재,T1 정확표기,001961d9-cb5d-40bc-903a-33d483f7d132,헬씨스탠다드,"건강기능식품, 쌀, 견과류, 약재",응암소담길 골목형상점가,골목형상점가,서울특별시,,,
0ee6549031318d5af0c3,full_annotation_v1,A,q_식자재_02,쌀,식료품 중 '식자재'를 판매·제공하는 매장,val,식자재,T1 정확표기,104f1635-418f-4970-9632-26a018862faf,관음농산,쌀,관음시장,전통시장,대구광역시,,,
81dd92fa97ca2a36d2f3,full_annotation_v1,A,q_식자재_02,쌀,식료품 중 '식자재'를 판매·제공하는 매장,val,식자재,T1 정확표기,008d07a3-ba18-4806-9ec7-48c0adb25276,아빠네 빵집,제과제빵,신창수문 골목형상점가,골목형상점가,광주광역시,,,
77637b2fb5d05ee42d09,full_annotation_v1,A,q_식자재_02,쌀,식료품 중 '식자재'를 판매·제공하는 매장,val,식자재,T1 정확표기,01757e0a-7278-44bc-9fad-29595028ac3d,현대떡방앗간,방앗간,염매시장(의성중앙시장),전통시장,경상북도,,,
3797ad5481272798229f,full_annotation_v1,A,q_식자재_02,쌀,식료품 중 '식자재'를 판매·제공하는 매장,val,식자재,T1 정확표기,02223ab5-044d-40ad-8cc7-838ed325ada0,상옥쌀상회,쌀,영일대북부시장(구 북부시장),전통시장,경상북도,,,
b67256c25275de4ba1e0,full_annotation_v1,A,q_식자재_02,쌀,식료품 중 '식자재'를 판매·제공하는 매장,val,식자재,T1 정확표기,00eca8e7-b158-4572-b540-c241f4ad2546,거창상회,식자재,충무동 새벽시장,전통시장,부산광역시,,,
850fb4c8f15ab465dcff,full_annotation_v1,A,q_식자재_02,쌀,식료품 중 '식자재'를 판매·제공하는 매장,val,식자재,T1 정확표기,001cb3d4-5441-4963-b517-d5b3904ee312,현창떡집,떡집,목포동부시장,전통시장,전라남도,,,
53ae6b139cd90b3350bf,full_annotation_v1,A,q_식자재_02,쌀,식료품 중 '식자재'를 판매·제공하는 매장,val,식자재,T1 정확표기,6d4165c4-df69-476d-8905-3cf66131c937,대곡농산,쌀,팔달신시장,전통시장,대구광역시,,,
e45a28693b922d5a7050,full_annotation_v1,A,q_식자재_02,쌀,식료품 중 '식자재'를 판매·제공하는 매장,val,식자재,T1 정확표기,001bc028-a43e-44d4-9682-db280a4998cc,파리바게뜨전주근영점,제과점,근영누리 골목형상점가,골목형상점가,전북특별자치도,,,
ae951eb75646f0dde7a1,full_annotation_v1,A,q_식자재_02,쌀,식료품 중 '식자재'를 판매·제공하는 매장,val,식자재,T1 정확표기,231a0bf6-addc-4aef-b5b8-ab4e7b212ba7,여주상회,쌀,송도역전시장,전통시장,인천광역시,,,
00a2f248b412561d5b0f,full_annotation_v1,A,q_식자재_02,쌀,식료품 중 '식자재'를 판매·제공하는 매장,val,식자재,T1 정확표기,26cf948b-cb19-42a2-91b4-c149e8a49d5d,장터야채,쌀,춘천풍물시장,전통시장,강원특별자치도,,,
e9f2c4d7e2f0043b52e8,full_annotation_v1,A,q_식자재_02,쌀,식료품 중 '식자재'를 판매·제공하는 매장,val,식자재,T1 정확표기,9cdf8eaf-521e-4aa4-bef2-21e1e88ef13b,예서수제닭꼬치,음식,화정한울타리상인회 골목형상점가,골목형상점가,광주광역시,,,
97c572809ea16c6d416c,full_annotation_v1,A,q_식자재_02,쌀,식료품 중 '식자재'를 판매·제공하는 매장,val,식자재,T1 정확표기,2a75bae5-1c1d-4c11-843f-20409404bd91,빅세일마트,쌀,창원 도계부부시장,전통시장,경상남도,,,
2120a8e5659bdee5b172,full_annotation_v1,A,q_식자재_02,쌀,식료품 중 '식자재'를 판매·제공하는 매장,val,식자재,T1 정확표기,0b8ef6dc-2f6b-4707-bd73-529122d9c97a,하단떡집,떡집,하단오일상설시장,전통시장,부산광역시,,,
9552fa68971e50a82b9d,full_annotation_v1,A,q_식자재_02,쌀,식료품 중 '식자재'를 판매·제공하는 매장,val,식자재,T1 정확표기,2e0a4fef-9229-4718-b386-d373a27a2540,춘화족발,쌀,김해 장유전통시장,전통시장,경상남도,,,
bb8beea530a4b2de2a79,full_annotation_v1,A,q_식자재_02,쌀,식료품 중 '식자재'를 판매·제공하는 매장,val,식자재,T1 정확표기,fdbe0dbf-45f7-4289-a9fb-494529f3c8d1,인덕상회,쌀,우일시장,기타,부산광역시,,,
f89a73e1f3a466268115,full_annotation_v1,A,q_식자재_02,쌀,식료품 중 '식자재'를 판매·제공하는 매장,val,식자재,T1 정확표기,49bd0226-04f6-42f9-aef8-e2e0ee03082c,거제쌀상회,쌀,마산어시장,전통시장,경상남도,,,
0bd2769552cd6a530d7e,full_annotation_v1,A,q_식자재_02,쌀,식료품 중 '식자재'를 판매·제공하는 매장,val,식자재,T1 정확표기,9b0fe844-4f31-4c23-b999-df641fa980a2,헤아샵나나,헤어,안동중앙문화의거리상점가,자율상권구역,경상북도,,,
a0e3cccd3f7e4aaa6d12,full_annotation_v1,A,q_식자재_02,쌀,식료품 중 '식자재'를 판매·제공하는 매장,val,식자재,T1 정확표기,94fb7ebc-3964-413f-9b1e-7a3a95a37f43,영선쌀상회,쌀,남항시장,전통시장,부산광역시,,,
a34e2903d5310fcba73b,full_annotation_v1,A,q_식자재_02,쌀,식료품 중 '식자재'를 판매·제공하는 매장,val,식자재,T1 정확표기,cc8c178a-7f51-4f3e-a0ed-e73696ea94a5,송라시장쌀집,쌀,송라시장,전통시장,대구광역시,,,
376f0660b6ea4e974ef1,full_annotation_v1,A,q_식자재_02,쌀,식료품 중 '식자재'를 판매·제공하는 매장,val,식자재,T1 정확표기,00362b85-cb9a-4318-9059-12f768d76197,파리바게뜨전주인후점,제과점,소나무 골목형상점가,골목형상점가,전북특별자치도,,,
a18981e3ad79327ba2ec,full_annotation_v1,A,q_식자재_02,쌀,식료품 중 '식자재'를 판매·제공하는 매장,val,식자재,T1 정확표기,a4a54fb9-5194-4c6e-bf4d-2a5459fa9c0d,88농산쌀직판장,쌀,삼각지맛길 골목형상점가,골목형상점가,대구광역시,,,
5da012d159e9343a0b6e,full_annotation_v1,A,q_식자재_02,쌀,식료품 중 '식자재'를 판매·제공하는 매장,val,식자재,T1 정확표기,4f147ec6-7182-4475-b550-bd2e8a956a99,의성쌀농사,쌀,구역전시장,전통시장,울산광역시,,,
5a668a5c85305f096b43,full_annotation_v1,A,q_식자재_02,쌀,식료품 중 '식자재'를 판매·제공하는 매장,val,식자재,T1 정확표기,4868e4ed-e785-47d9-95a8-d47758894b96,보미상회,쌀,서남신시장,전통시장,대구광역시,,,
cea3a19649a342362466,full_annotation_v1,A,q_식자재_02,쌀,식료품 중 '식자재'를 판매·제공하는 매장,val,식자재,T1 정확표기,7757e215-5281-40ed-bb0d-e42749134e1a,미소농산,쌀,오정동상점가,자율상권구역,대전광역시,,,
dcbfc38217419a603641,full_annotation_v1,A,q_식자재_02,쌀,식료품 중 '식자재'를 판매·제공하는 매장,val,식자재,T1 정확표기,17982057-550e-40de-85ba-5ca07a8dd9ab,굿푸드홀세일,쌀,대림골목시장,전통시장,서울특별시,,,
15fe81b4821a2a9cfe0f,full_annotation_v1,A,q_식자재_02,쌀,식료품 중 '식자재'를 판매·제공하는 매장,val,식자재,T1 정확표기,ccf356d2-06e9-4284-abbd-33b61d276a80,대영상회,쌀,청량리전통시장,전통시장,서울특별시,,,
a507c0dafe354df23577,full_annotation_v1,A,q_식자재_02,쌀,식료품 중 '식자재'를 판매·제공하는 매장,val,식자재,T1 정확표기,ffb5a1f9-3c21-4a6d-8951-ce7868f81325,초록쌀유통,쌀,청주사창시장,전통시장,충청북도,,,
17abc582e844babf2eef,full_annotation_v1,A,q_식자재_02,쌀,식료품 중 '식자재'를 판매·제공하는 매장,val,식자재,T1 정확표기,adf72628-abe5-47a4-9cb7-b0883792efdf,할머니상회,쌀,영동전통시장,전통시장,서울특별시,,,
9a0c95a5c732dee80ea0,full_annotation_v1,A,q_식자재_02,쌀,식료품 중 '식자재'를 판매·제공하는 매장,val,식자재,T1 정확표기,78ad8364-c305-4ba8-8772-da33d1fb90c1,좋은햇쌀,쌀,산정상인회 골목형상점가,골목형상점가,광주광역시,,,
d095b7d8a3191d77b8f8,full_annotation_v1,A,q_식자재_02,쌀,식료품 중 '식자재'를 판매·제공하는 매장,val,식자재,T1 정확표기,3321af51-e75a-4330-b79e-5da6fe466c8d,대풍상회,쌀,평택통복시장,전통시장,경기도,,,
c1e23b2e5d4626aaa6e8,full_annotation_v1,A,q_식자재_02,쌀,식료품 중 '식자재'를 판매·제공하는 매장,val,식자재,T1 정확표기,08434eac-bf1f-45fa-89ba-a6637d9d6e56,강화상회,쌀,대조시장,전통시장,서울특별시,,,
2cd2c0d9e1c4244e1086,full_annotation_v1,A,q_식자재_02,쌀,식료품 중 '식자재'를 판매·제공하는 매장,val,식자재,T1 정확표기,0061123f-a676-4556-9633-5fbc4ecaf6ef,치즈케익카스테라카페,제과,북가좌동 골목형상점가,골목형상점가,서울특별시,,,
fc427adc71553143a9e2,full_annotation_v1,A,q_식자재_02,쌀,식료품 중 '식자재'를 판매·제공하는 매장,val,식자재,T1 정확표기,e9894b8d-e8c1-46c5-ac1b-67157db1efcc,부일당,시계,범일골목시장,전통시장,부산광역시,,,
e40946f5ff2939486b92,full_annotation_v1,A,q_식자재_02,쌀,식료품 중 '식자재'를 판매·제공하는 매장,val,식자재,T1 정확표기,b5a9aa7d-8c8c-400b-a2a7-8c49ae06b0e6,강원미곡,쌀,횡성전통시장,전통시장,강원특별자치도,,,
9bba63115d359eb4e698,full_annotation_v1,A,q_식자재_02,쌀,식료품 중 '식자재'를 판매·제공하는 매장,val,식자재,T1 정확표기,358b31c1-caba-413e-b48c-050fcce10157,행복유통,쌀,군산신영시장,전통시장,전북특별자치도,,,
c3d5ec6b918f86debd7b,full_annotation_v1,A,q_식자재_02,쌀,식료품 중 '식자재'를 판매·제공하는 매장,val,식자재,T1 정확표기,51516a28-5d7d-464e-aca9-f53dea7e1107,이응한의원,한약 침,보람동 골목형상점가,골목형상점가,세종특별자치시,,,
b491f7368fb95f618227,full_annotation_v1,A,q_식자재_02,쌀,식료품 중 '식자재'를 판매·제공하는 매장,val,식자재,T1 정확표기,defde03a-a03a-4b15-8651-bee4766390db,행복쌀집,쌀,양산 덕계종합상설시장,전통시장,경상남도,,,
7f79893711ae21b54864,full_annotation_v1,A,q_식자재_02,쌀,식료품 중 '식자재'를 판매·제공하는 매장,val,식자재,T1 정확표기,044b74fa-bb37-480b-8d36-3f7676cf2fb4,영진상회,곡물,청주육거리종합시장,전통시장,충청북도,,,
ace68e701824e5c41bc4,full_annotation_v1,A,q_식자재_02,쌀,식료품 중 '식자재'를 판매·제공하는 매장,val,식자재,T1 정확표기,022ece99-80e4-453c-91c0-f46f8527e7ab,구즉방아간,방앗간,송강전통시장,전통시장,대전광역시,,,
269f8242f1d59b742de2,full_annotation_v1,A,q_식자재_02,쌀,식료품 중 '식자재'를 판매·제공하는 매장,val,식자재,T1 정확표기,ea752bc6-81b5-4f7e-9bbd-5ed272e3d737,소베테이블,수제도시락,보람동 골목형상점가,골목형상점가,세종특별자치시,,,
5a54b3d91462fe5b1e62,full_annotation_v1,A,q_식자재_02,쌀,식료품 중 '식자재'를 판매·제공하는 매장,val,식자재,T1 정확표기,117fb1a0-c8a5-4335-818c-6d6b91b8b433,열린문고,도서,가좌마을 골목형상점가,골목형상점가,경기도,,,
b34ac0acc7a63b5268d5,full_annotation_v1,A,q_식자재_02,쌀,식료품 중 '식자재'를 판매·제공하는 매장,val,식자재,T1 정확표기,5f8487cf-c7ff-419b-bab8-56f03aa7e5af,시장쌀집,쌀,문경전통시장,전통시장,경상북도,,,
71f8d1df6a69c33b175e,full_annotation_v1,A,q_식자재_02,쌀,식료품 중 '식자재'를 판매·제공하는 매장,val,식자재,T1 정확표기,62808ea9-1851-4c4f-a9a5-dcbe438da990,태양유통,쌀,안양남부시장,전통시장,경기도,,,
1b757ff6c0be14dea6e3,full_annotation_v1,A,q_식자재_02,쌀,식료품 중 '식자재'를 판매·제공하는 매장,val,식자재,T1 정확표기,90221f92-6d0b-4aa6-ae2b-d03c6f5e9174,포니당구장,서비스,양정자동차마을 골목형상점가,골목형상점가,울산광역시,,,
4a2ceaf2a6dfc72dc90c,full_annotation_v1,A,q_식자재_02,쌀,식료품 중 '식자재'를 판매·제공하는 매장,val,식자재,T1 정확표기,4fb71ad2-205f-4019-bc82-5a12e0896469,내고향쌀,쌀,감호시장,전통시장,경상북도,,,
a1d3be47e7d3a4dad761,full_annotation_v1,A,q_식자재_02,쌀,식료품 중 '식자재'를 판매·제공하는 매장,val,식자재,T1 정확표기,41d5f8f5-d2b9-4e6c-a712-00095133cd1f,대흥쌀상회,쌀,양평물맑은시장,전통시장,경기도,,,
c07ba2c550f36c3b4a7c,full_annotation_v1,A,q_식자재_02,쌀,식료품 중 '식자재'를 판매·제공하는 매장,val,식자재,T1 정확표기,ccc9dbc4-881c-42a5-93c3-c2ea46a80ab1,풍년상회,쌀,진주 청과시장,전통시장,경상남도,,,
6ead12c1cb4d9292655c,full_annotation_v1,A,q_식자재_02,쌀,식료품 중 '식자재'를 판매·제공하는 매장,val,식자재,T1 정확표기,cbe66c47-7a31-4118-90fc-dfad8f02eb32,부흥상회,쌀,부전상가시장,전통시장,부산광역시,,,
352a053261c9dd18a806,full_annotation_v1,A,q_식자재_02,쌀,식료품 중 '식자재'를 판매·제공하는 매장,val,식자재,T1 정확표기,5e6736bb-821f-44ce-b733-03fb202ec672,충남쌀상회,쌀,양평1동어울림골목형상점가,골목형상점가,서울특별시,,,
dbc157aff6e51044161c,full_annotation_v1,A,q_식자재_02,쌀,식료품 중 '식자재'를 판매·제공하는 매장,val,식자재,T1 정확표기,1e4bccf2-bb3a-4679-8f8a-e8197ccd49e7,백년지기황토쌀,쌀,서변중앙시장,전통시장,대구광역시,,,
abfa041c99f9d4ebf878,full_annotation_v1,A,q_식자재_02,쌀,식료품 중 '식자재'를 판매·제공하는 매장,val,식자재,T1 정확표기,96f153ab-129f-4b31-a3ad-b067bd2015db,우리 쌀 피자,,연희로 골목형상점가,골목형상점가,인천광역시,,,
dd55fdba86110dd92abc,full_annotation_v1,A,q_식자재_02,쌀,식료품 중 '식자재'를 판매·제공하는 매장,val,식자재,T1 정확표기,beb83667-4caa-436f-b3fd-a3f96133c57e,제일상사,쌀,서대신동골목시장,전통시장,부산광역시,,,
3785069c6a7301d2aec5,full_annotation_v1,A,q_식자재_02,쌀,식료품 중 '식자재'를 판매·제공하는 매장,val,식자재,T1 정확표기,005313c8-dce8-49b6-9841-9143ebb1305a,동원떡집,,박달시장,전통시장,경기도,,,
5b49d7bde3fb30c618ac,full_annotation_v1,A,q_식자재_02,쌀,식료품 중 '식자재'를 판매·제공하는 매장,val,식자재,T1 정확표기,68328886-ebc5-496d-9026-e4af1d8d2f1a,광복쌀슈퍼,쌀,공주산성시장,전통시장,충청남도,,,
6bb332a1ff91b2bb650a,full_annotation_v1,A,q_식자재_02,쌀,식료품 중 '식자재'를 판매·제공하는 매장,val,식자재,T1 정확표기,78c8a54f-75ee-4473-9b0b-d7700a69c72a,한성쌀집,쌀,용현시장,전통시장,인천광역시,,,
f63b9728e6a4534e75a1,full_annotation_v1,A,q_식자재_02,쌀,식료품 중 '식자재'를 판매·제공하는 매장,val,식자재,T1 정확표기,fabb796c-4be1-477b-8a21-e72e0f19612d,대신양곡,쌀,속초중앙전통시장,전통시장,강원특별자치도,,,
0c14509876bcdee059f2,full_annotation_v1,A,q_식자재_02,쌀,식료품 중 '식자재'를 판매·제공하는 매장,val,식자재,T1 정확표기,319b9623-e0d2-4b36-a91b-53c6b6997e78,푸른식품,두부,산수시장,전통시장,광주광역시,,,
ed8e87de7031de9e6e56,full_annotation_v1,A,q_식자재_02,쌀,식료품 중 '식자재'를 판매·제공하는 매장,val,식자재,T1 정확표기,0b087499-243e-445b-99c4-930ac0564f28,농협쌀직판장,쌀,오정시장,전통시장,경기도,,,
962916eb331cc28d5e36,full_annotation_v1,A,q_식자재_02,쌀,식료품 중 '식자재'를 판매·제공하는 매장,val,식자재,T1 정확표기,736c7e90-7a76-4ab6-ae4f-905f74986382,누킷(Nookit),미용,경의숲길서강 골목형상점가,골목형상점가,서울특별시,,,
c4c5c018d0b21ac2f6b8,full_annotation_v1,A,q_식자재_02,쌀,식료품 중 '식자재'를 판매·제공하는 매장,val,식자재,T1 정확표기,df7fab16-16bd-4d3f-8610-4aec16703190,동부양곡,쌀,진주 자유시장,전통시장,경상남도,,,
2d0937bb215a121ff06e,full_annotation_v1,A,q_식자재_02,쌀,식료품 중 '식자재'를 판매·제공하는 매장,val,식자재,T1 정확표기,dfb5b879-9eee-40be-90ae-572eea01be53,풍국쌀,쌀 잡곡,신매시장,전통시장,대구광역시,,,
bbc3ee7cd014ab95c62b,full_annotation_v1,A,q_식자재_02,쌀,식료품 중 '식자재'를 판매·제공하는 매장,val,식자재,T1 정확표기,88758db8-4427-4c1c-9860-d476d1499408,한빛쌀고추방앗간,쌀,동울산만세대 골목형상점가,골목형상점가,울산광역시,,,
ab882b0e29034ae18ab2,full_annotation_v1,A,q_식자재_02,쌀,식료품 중 '식자재'를 판매·제공하는 매장,val,식자재,T1 정확표기,964e2fe1-de0f-4a83-8637-014caf6366f8,팔도상회,쌀,소사종합시장,전통시장,경기도,,,
ce027d123608e0785269,full_annotation_v1,A,q_식자재_02,쌀,식료품 중 '식자재'를 판매·제공하는 매장,val,식자재,T1 정확표기,27aad679-d2e1-4a21-b5bb-152aa6dad5eb,우리농산물,쌀,돌고래시장(돌고래종합상가),전통시장,경기도,,,
f6fb03489d67d1d022ad,full_annotation_v1,A,q_식자재_02,쌀,식료품 중 '식자재'를 판매·제공하는 매장,val,식자재,T1 정확표기,d955212f-65a7-4188-8fd5-ec3850624390,시범쌀상회,쌀,송화벽화시장,전통시장,서울특별시,,,
7bb00db94eda45c0997d,full_annotation_v1,A,q_식자재_02,쌀,식료품 중 '식자재'를 판매·제공하는 매장,val,식자재,T1 정확표기,002d0d06-15b2-463e-b789-b0232bcc6681,뚜레주르버들마을점,제과,버들마을상인회 골목형상점가,골목형상점가,광주광역시,,,
9b996f170828e78806dd,full_annotation_v1,A,q_식자재_02,쌀,식료품 중 '식자재'를 판매·제공하는 매장,val,식자재,T1 정확표기,5e18d0d5-e3f4-47f9-b233-7709e25ead29,창신상회,쌀,연산골목시장상점가,자율상권구역,부산광역시,,,
c194f97d5069fa5110ef,full_annotation_v1,A,q_식자재_02,쌀,식료품 중 '식자재'를 판매·제공하는 매장,val,식자재,T1 정확표기,6835a331-dd56-4214-9889-29c7f561712e,모자쌀상회,쌀,광천문화시장,전통시장,충청남도,,,
cdff52ed428ab9091dd6,full_annotation_v1,A,q_식자재_02,쌀,식료품 중 '식자재'를 판매·제공하는 매장,val,식자재,T1 정확표기,021bf03c-8b83-4288-89c5-15a4a162142b,신선식품,식자재,사천읍시장,전통시장,경상남도,,,
0d32cc90ab595b7840ef,full_annotation_v1,A,q_식자재_02,쌀,식료품 중 '식자재'를 판매·제공하는 매장,val,식자재,T1 정확표기,bad2ad85-9c57-4cc6-afed-2c96abfd452d,논산상회,쌀,후암시장,전통시장,서울특별시,,,
6683cfc822fa70d90136,full_annotation_v1,A,q_식자재_02,쌀,식료품 중 '식자재'를 판매·제공하는 매장,val,식자재,T1 정확표기,03c63490-5a3c-4534-bcd9-c42d2bac5402,금판영농수산,쌀,매월동상인회 골목형상점가,골목형상점가,광주광역시,,,
85780e2a10d0fb4a142d,full_annotation_v1,A,q_식자재_02,쌀,식료품 중 '식자재'를 판매·제공하는 매장,val,식자재,T1 정확표기,04c905ba-3172-4ea4-a6dd-4345d674dea0,덕순이네,제조업(떡집),장터길 골목형상점가,골목형상점가,경기도,,,
b460dc6225cf8675ca7f,full_annotation_v1,A,q_식자재_02,쌀,식료품 중 '식자재'를 판매·제공하는 매장,val,식자재,T1 정확표기,0406ed16-445f-4c4a-a7e0-12097f3895dd,신토불이쌀,쌀,성대시장골목형상점가,골목형상점가,서울특별시,,,
97c5ce6c816f4244ae6e,full_annotation_v1,A,q_식자재_02,쌀,식료품 중 '식자재'를 판매·제공하는 매장,val,식자재,T1 정확표기,023b2cb4-7f9e-4b85-9888-474ee933954a,산척제유소,방앗간,충주자유시장,전통시장,충청북도,,,
5814334c8a711ed7b484,full_annotation_v1,A,q_식자재_02,쌀,식료품 중 '식자재'를 판매·제공하는 매장,val,식자재,T1 정확표기,6366963d-59e9-41e3-b1f6-22f02e7d9b9e,천안쌀상회,쌀,아차산등산로골목형상점가,골목형상점가,서울특별시,,,
94fb0e0c60b4dd3d41a1,full_annotation_v1,A,q_식자재_02,쌀,식료품 중 '식자재'를 판매·제공하는 매장,val,식자재,T1 정확표기,a74a24ba-c3ac-4255-bbf1-d268ace5b988,향길쌀농산물,쌀,전주풍남문상점가,자율상권구역,전북특별자치도,,,
e2c7603113f3563a9b6c,full_annotation_v1,A,q_식자재_02,쌀,식료품 중 '식자재'를 판매·제공하는 매장,val,식자재,T1 정확표기,a8d621e6-4a98-4f91-8c2f-821dcc490ebf,시장쌀집,쌀,오천시장,전통시장,경상북도,,,
950f5c49f96ef53257a3,full_annotation_v1,A,q_식자재_02,쌀,식료품 중 '식자재'를 판매·제공하는 매장,val,식자재,T1 정확표기,71eb4289-6bfb-46a9-a63d-d9b411b8faa1,라인떡방앗간,쌀,금부로상인회 골목형상점가,골목형상점가,광주광역시,,,
9aeb52696a95eab754cb,full_annotation_v1,A,q_식자재_02,쌀,식료품 중 '식자재'를 판매·제공하는 매장,val,식자재,T1 정확표기,ab7b419c-bec5-4dde-b630-cd86cbcaaf15,중앙농산,쌀,송현시장,전통시장,인천광역시,,,
ad1e45429303d5c2cb7d,full_annotation_v1,A,q_식자재_02,쌀,식료품 중 '식자재'를 판매·제공하는 매장,val,식자재,T1 정확표기,00ec16f5-8b45-4af1-bb1b-6389f2412be8,수진식품,"참기름, 고추가루등",김해 진영전통시장,전통시장,경상남도,,,
d0e2b5565df12a2e91e1,full_annotation_v1,A,q_식자재_02,쌀,식료품 중 '식자재'를 판매·제공하는 매장,val,식자재,T1 정확표기,3a37017f-cccc-46a4-a888-2a9f988eeef4,더까까주까춘천점,우유,춘천지하상가,일반지하상점가,강원특별자치도,,,
4d9b2598cb9a373a6b5e,full_annotation_v1,A,q_식자재_02,쌀,식료품 중 '식자재'를 판매·제공하는 매장,val,식자재,T1 정확표기,727a4d51-4e36-4971-9a4a-986aa7b13a94,영진농산,쌀,봉선중앙로 골목형상점가,골목형상점가,광주광역시,,,
8ec6661d1a8fdb2373fd,full_annotation_v1,A,q_식자재_02,쌀,식료품 중 '식자재'를 판매·제공하는 매장,val,식자재,T1 정확표기,7b52bc93-4d27-4df5-a281-14db9a8759d4,서울농약종묘사,농약,억지춘향시장(구 봉화춘향시장),전통시장,경상북도,,,
eabfcb9fb727b82e8b29,full_annotation_v1,A,q_식자재_02,쌀,식료품 중 '식자재'를 판매·제공하는 매장,val,식자재,T1 정확표기,00e30e5a-4662-4e65-9b6c-dd704886f1af,믿음떡집,떡방앗간,문창시장,전통시장,대전광역시,,,
b38751ec337ec585653e,full_annotation_v1,A,q_식자재_02,쌀,식료품 중 '식자재'를 판매·제공하는 매장,val,식자재,T1 정확표기,5395c261-5aa4-4a95-a878-c20cb026a0e3,자인2동5호쌀상회,쌀,자인공설시장,전통시장,경상북도,,,
f13407f0291e42b2a90c,full_annotation_v1,A,q_식자재_02,쌀,식료품 중 '식자재'를 판매·제공하는 매장,val,식자재,T1 정확표기,a5df9465-85b5-422a-a68e-3bd891e736be,풍년,쌀,문산자유시장,전통시장,경기도,,,
aff4b179da7b57982f1b,full_annotation_v1,A,q_식자재_02,쌀,식료품 중 '식자재'를 판매·제공하는 매장,val,식자재,T1 정확표기,4b209c7c-d679-4a1d-b066-df3af04aec5b,합천쌀상회,쌀,신금정시장 골목형 상점가,골목형상점가,부산광역시,,,
74c698114212b72e8be6,full_annotation_v1,A,q_식자재_02,쌀,식료품 중 '식자재'를 판매·제공하는 매장,val,식자재,T1 정확표기,54dd0314-df3d-4f58-8b11-a4b244932fe4,신조광상회,쌀,오산오색시장(구 오산중앙시장),전통시장,경기도,,,
789a5175fdb4fd9da105,full_annotation_v1,A,q_식자재_02,쌀,식료품 중 '식자재'를 판매·제공하는 매장,val,식자재,T1 정확표기,00bf0e58-0696-472a-8a12-945c44dc9435,오복상회,쌀,백년시장(구 강북종합전통시장),전통시장,서울특별시,,,
5f3bff7face58110fc24,full_annotation_v1,A,q_식자재_02,쌀,식료품 중 '식자재'를 판매·제공하는 매장,val,식자재,T1 정확표기,9f39d3e1-3548-48f9-8671-d6f51ab479a0,풍년방앗간,쌀,안양관양시장,전통시장,경기도,,,
cde9e0fbe7fd0fd938ef,full_annotation_v1,A,q_식자재_02,쌀,식료품 중 '식자재'를 판매·제공하는 매장,val,식자재,T1 정확표기,636fd5aa-ed7e-411b-b72f-d1c6c5fc0283,카페봄봄상안점,커피,유니온 골목형상점가,골목형상점가,울산광역시,,,
a77aae5ddde6a8b1f419,full_annotation_v1,A,q_식자재_02,쌀,식료품 중 '식자재'를 판매·제공하는 매장,val,식자재,T1 정확표기,013444f9-7e9b-4640-84f0-43ac071ef57f,대림고추방아,"고추가루, 기름",부천강남시장,전통시장,경기도,,,
d70c55c7f033e8523fdb,full_annotation_v1,A,q_식자재_02,쌀,식료품 중 '식자재'를 판매·제공하는 매장,val,식자재,T1 정확표기,20ce83c5-06d5-4898-98a0-b450dd15978f,안계쌀집,쌀,팔달신시장,전통시장,대구광역시,,,
286948462075ea66588f,full_annotation_v1,A,q_식자재_02,쌀,식료품 중 '식자재'를 판매·제공하는 매장,val,식자재,T1 정확표기,85e16695-7fbe-4308-8f33-bcc71dcc3479,대우미곡,쌀,백년소상공인,기타,전라남도,,,
ab608b227af0c31c32d4,full_annotation_v1,A,q_식자재_02,쌀,식료품 중 '식자재'를 판매·제공하는 매장,val,식자재,T1 정확표기,adf7df00-1bf7-4251-a80b-9ef0b23b0a79,연합쌀상회,쌀,모란종합시장,전통시장,경기도,,,
867c98c129e219114183,full_annotation_v1,A,q_식자재_02,쌀,식료품 중 '식자재'를 판매·제공하는 매장,val,식자재,T1 정확표기,06bbe239-5774-4794-91c3-b45901659200,성진상회,식용유,고성시장,전통시장,경상남도,,,
d54ffdcb728fd7197687,full_annotation_v1,A,q_식자재_02,쌀,식료품 중 '식자재'를 판매·제공하는 매장,val,식자재,T1 정확표기,034f637f-e1c0-4e3c-99a7-eb7c8deb055a,청풍상회,곡물,내토전통시장,전통시장,충청북도,,,
d2ea06e25fa54785e146,full_annotation_v1,A,q_식자재_02,쌀,식료품 중 '식자재'를 판매·제공하는 매장,val,식자재,T1 정확표기,1dece7ab-c77e-4e2e-b8f5-584480c0e0a2,부량직판장,쌀,서부시장상점가(서부시장 통합),전통시장,전북특별자치도,,,
1ef0992de3ef2fa2d15e,full_annotation_v1,A,q_식자재_02,쌀,식료품 중 '식자재'를 판매·제공하는 매장,val,식자재,T1 정확표기,e3dbcc9f-0d99-469c-99f2-663d879857d7,쌀돌이건어물,쌀,운수대통!생거진천전통시장,전통시장,충청북도,,,
88306c9520e4d5e7d604,full_annotation_v1,A,q_식자재_02,쌀,식료품 중 '식자재'를 판매·제공하는 매장,val,식자재,T1 정확표기,0592f5f6-ae8d-491f-87e9-2021a00f4ae0,우리상회,곡물,상주중앙시장,전통시장,경상북도,,,
71f684e78192821ff917,full_annotation_v1,A,q_식자재_02,쌀,식료품 중 '식자재'를 판매·제공하는 매장,val,식자재,T1 정확표기,51f3f304-586e-42a8-a4a0-2bede24ee9f5,여주농산,쌀,문막시장,전통시장,강원특별자치도,,,
6ca7e5dbed935d249ac9,full_annotation_v1,A,q_식자재_02,쌀,식료품 중 '식자재'를 판매·제공하는 매장,val,식자재,T1 정확표기,7b982c95-21d9-41bc-9e24-04a6d67f65f4,여주농산,쌀,전곡시장,전통시장,서울특별시,,,
bc90c96f9e9eed9cc6bf,full_annotation_v1,A,q_식자재_02,쌀,식료품 중 '식자재'를 판매·제공하는 매장,val,식자재,T1 정확표기,518fbf74-88c1-47a6-924b-81768389fa29,수라간식품,쌀,반여농산물도매시장 관련상품동,골목형상점가,부산광역시,,,
95671a4a0766e4584630,full_annotation_v1,A,q_식자재_02,쌀,식료품 중 '식자재'를 판매·제공하는 매장,val,식자재,T1 정확표기,61f79782-2328-48ca-8109-4763913a8dfa,황미정미소,쌀,삼익2차쇼핑 골목형상점가,골목형상점가,서울특별시,,,
88964fb15bde176e1798,full_annotation_v1,A,q_식자재_02,쌀,식료품 중 '식자재'를 판매·제공하는 매장,val,식자재,T1 정확표기,bdc21780-d0e7-42c7-82bf-31b8017fc849,여수쌀집,쌀,광양매일시장(광양상설시장),전통시장,전라남도,,,
793f847e699f225f3aa7,full_annotation_v1,A,q_식자재_02,쌀,식료품 중 '식자재'를 판매·제공하는 매장,val,식자재,T1 정확표기,4468f48e-6618-4759-a990-f3c5dc3f753d,동아상회,쌀,거창 전통시장,전통시장,경상남도,,,
85fa437e6e89eb75fac8,full_annotation_v1,A,q_식자재_02,쌀,식료품 중 '식자재'를 판매·제공하는 매장,val,식자재,T1 정확표기,d632e56f-1503-4202-8d92-af94aa217921,대명농산,쌀,덕신2차시장,전통시장,울산광역시,,,
db2a0ad697144bfa2ec5,full_annotation_v1,A,q_식자재_02,쌀,식료품 중 '식자재'를 판매·제공하는 매장,val,식자재,T1 정확표기,f6a277d5-dca8-4db1-87c5-75dbbf3f5282,다명상회,쌀,대전상가,전통시장,대전광역시,,,
17926cb0627620665544,full_annotation_v1,A,q_식자재_02,쌀,식료품 중 '식자재'를 판매·제공하는 매장,val,식자재,T1 정확표기,04cffa8f-5c05-444b-bde1-a3d1918cf92f,강원기름집,식용유,속초종합중앙시장,전통시장,강원특별자치도,,,
55b922a536a9bf7af32f,full_annotation_v1,A,q_식자재_02,쌀,식료품 중 '식자재'를 판매·제공하는 매장,val,식자재,T1 정확표기,56327711-6ce1-4161-8ed1-e6592119c584,충남상회,쌀,루원이음길 골목형상점가,골목형상점가,인천광역시,,,
4b9eb5ab5fbef32ed82f,full_annotation_v1,A,q_식자재_02,쌀,식료품 중 '식자재'를 판매·제공하는 매장,val,식자재,T1 정확표기,038cca40-2d2c-4beb-b897-44eaa285b599,대영상회,쌀,동두천큰시장,전통시장,경기도,,,
a37684bc275726ce2376,full_annotation_v1,A,q_식자재_02,쌀,식료품 중 '식자재'를 판매·제공하는 매장,val,식자재,T1 정확표기,011f646c-0d2f-4770-a90e-d5d39e580d38,올 푸드,식자재,두암시장,전통시장,광주광역시,,,
a58654dda313c4c34346,full_annotation_v1,A,q_식자재_02,쌀,식료품 중 '식자재'를 판매·제공하는 매장,val,식자재,T1 정확표기,01859206-536a-40a7-be1e-c8610663a665,동원참기름,참기름,안강공설시장,전통시장,경상북도,,,
a6ed987f1732e3539331,full_annotation_v1,A,q_식자재_02,쌀,식료품 중 '식자재'를 판매·제공하는 매장,val,식자재,T1 정확표기,0b69c684-9b0b-490b-892e-9267cf4662a3,윤수참기름,식용유,진주 청과시장,전통시장,경상남도,,,
d7c459f17c8018407300,full_annotation_v1,A,q_식자재_02,쌀,식료품 중 '식자재'를 판매·제공하는 매장,val,식자재,T1 정확표기,0046e3b5-e973-4cc0-807c-acb34ad8e262,야음민속떡집,제조업(떡방앗간),울산번개시장,전통시장,울산광역시,,,
00f44878d587b229e662,full_annotation_v1,A,q_식자재_02,쌀,식료품 중 '식자재'를 판매·제공하는 매장,val,식자재,T1 정확표기,c8e3c97c-4752-48c4-9aa3-f318c164bc19,"백호서점, 문구",도서 문구,경의숲길서강 골목형상점가,골목형상점가,서울특별시,,,
1f91da3f91de0b25d9e0,full_annotation_v1,A,q_식자재_02,쌀,식료품 중 '식자재'를 판매·제공하는 매장,val,식자재,T1 정확표기,0017714f-cbac-4f85-a148-338ddcefe41c,유수담,"쌀, 계란, 신선식품",익산북부시장,전통시장,전북특별자치도,,,
b00126105edcf9c2199e,full_annotation_v1,A,q_식자재_02,쌀,식료품 중 '식자재'를 판매·제공하는 매장,val,식자재,T1 정확표기,4ab43860-969f-481e-b269-6d1ce5ba4b82,영광쌀창고,쌀,반송큰시장,전통시장,부산광역시,,,
145e129c3a345a04348a,full_annotation_v1,A,q_식자재_02,쌀,식료품 중 '식자재'를 판매·제공하는 매장,val,식자재,T1 정확표기,2cebc851-16bb-44d7-88d7-8c39a75aea01,해남청과야채,쌀,세은 골목형상점가,골목형상점가,광주광역시,,,
16db5ef2c25637f5d2c7,full_annotation_v1,A,q_식자재_03,곡물가게,식료품 중 '식자재'를 판매·제공하는 매장,val,식자재,T2 동의어,508b1a6a-ffdf-4f18-9c82-a69486b5a40d,대송건어물,건어물,포항죽도농산물시장,전통시장,경상북도,,,
4efa585590b7c83641ab,full_annotation_v1,A,q_식자재_03,곡물가게,식료품 중 '식자재'를 판매·제공하는 매장,val,식자재,T2 동의어,e36fdd53-abb8-449a-be31-57677e523cba,청조참기름,"곡물가공, 식용유지(참기름,들기름)",울진시장(울진바지게시장),전통시장,경상북도,,,
7524094727baef640465,full_annotation_v1,A,q_식자재_03,곡물가게,식료품 중 '식자재'를 판매·제공하는 매장,val,식자재,T2 동의어,eb5156af-9dc3-4ce9-8e33-de45720a5fd5,양말천국,양말 양품잡화,서문시장 제5지구,전통시장,대구광역시,,,
a3e422e563b2484d7918,full_annotation_v1,A,q_식자재_03,곡물가게,식료품 중 '식자재'를 판매·제공하는 매장,val,식자재,T2 동의어,4d87ee15-2841-49d6-9e74-de7aaf51759c,명주선물가게,인테리어소품,명주·남문동 자율상권구역,,강원특별자치도,,,
a43036b2e962e167e84e,full_annotation_v1,A,q_식자재_03,곡물가게,식료품 중 '식자재'를 판매·제공하는 매장,val,식자재,T2 동의어,2df67dde-8a82-42e6-87c8-303dba7d430e,충무곡물,곡물,영천공설시장,전통시장,경상북도,,,
572493290734021766cc,full_annotation_v1,A,q_식자재_03,곡물가게,식료품 중 '식자재'를 판매·제공하는 매장,val,식자재,T2 동의어,4294083d-ba0c-4506-a18f-85d700687a3e,트레이스 마켓,선물가게,전주남부시장,전통시장,전북특별자치도,,,
6a4478e5f632c0e2cfa4,full_annotation_v1,A,q_식자재_03,곡물가게,식료품 중 '식자재'를 판매·제공하는 매장,val,식자재,T2 동의어,70c4b9f8-0524-4969-9988-3b0ed8c5ba1a,곡물센타,곡물,장위전통시장,전통시장,서울특별시,,,
8f0203ceccf6a84c5024,full_annotation_v1,A,q_식자재_03,곡물가게,식료품 중 '식자재'를 판매·제공하는 매장,val,식자재,T2 동의어,cf8f5cfd-c433-46cd-85f3-710376efc2fa,오송곡물,곡물,경동시장,전통시장,서울특별시,,,
e4bdbe48a0d209eb50f2,full_annotation_v1,A,q_식자재_03,곡물가게,식료품 중 '식자재'를 판매·제공하는 매장,val,식자재,T2 동의어,01859206-536a-40a7-be1e-c8610663a665,동원참기름,참기름,안강공설시장,전통시장,경상북도,,,
1418d54aae6bbf41d5dd,full_annotation_v1,A,q_식자재_03,곡물가게,식료품 중 '식자재'를 판매·제공하는 매장,val,식자재,T2 동의어,00e30e5a-4662-4e65-9b6c-dd704886f1af,믿음떡집,떡방앗간,문창시장,전통시장,대전광역시,,,
612ed5244df4ff7662aa,full_annotation_v1,A,q_식자재_03,곡물가게,식료품 중 '식자재'를 판매·제공하는 매장,val,식자재,T2 동의어,2100bfb6-ed31-4af0-b077-398f15a6b7c4,쌀사랑,곡물,말바우시장,전통시장,광주광역시,,,
a614040156c6aba2b653,full_annotation_v1,A,q_식자재_03,곡물가게,식료품 중 '식자재'를 판매·제공하는 매장,val,식자재,T2 동의어,023b2cb4-7f9e-4b85-9888-474ee933954a,산척제유소,방앗간,충주자유시장,전통시장,충청북도,,,
74e0249940811b22688f,full_annotation_v1,A,q_식자재_03,곡물가게,식료품 중 '식자재'를 판매·제공하는 매장,val,식자재,T2 동의어,0046e3b5-e973-4cc0-807c-acb34ad8e262,야음민속떡집,제조업(떡방앗간),울산번개시장,전통시장,울산광역시,,,
9ff5e0eb814220ef401d,full_annotation_v1,A,q_식자재_03,곡물가게,식료품 중 '식자재'를 판매·제공하는 매장,val,식자재,T2 동의어,36971916-d8a9-4842-b656-6d0b673d7fc2,부론상회,곡물,원주미로예술중앙시장(원주중앙시장),전통시장,강원특별자치도,,,
e7b2a1cdc289e130d9f9,full_annotation_v1,A,q_식자재_03,곡물가게,식료품 중 '식자재'를 판매·제공하는 매장,val,식자재,T2 동의어,001961d9-cb5d-40bc-903a-33d483f7d132,헬씨스탠다드,"건강기능식품, 쌀, 견과류, 약재",응암소담길 골목형상점가,골목형상점가,서울특별시,,,
bbb650a947fb71efe7c9,full_annotation_v1,A,q_식자재_03,곡물가게,식료품 중 '식자재'를 판매·제공하는 매장,val,식자재,T2 동의어,9a9cfd22-231b-42d6-9a53-94bc2db122ed,남도곡물,곡물,제주시민속오일시장,전통시장,제주특별자치도,,,
1c25c697356a05a61fa0,full_annotation_v1,A,q_식자재_03,곡물가게,식료품 중 '식자재'를 판매·제공하는 매장,val,식자재,T2 동의어,00bf0e58-0696-472a-8a12-945c44dc9435,오복상회,쌀,백년시장(구 강북종합전통시장),전통시장,서울특별시,,,
b057169832e5f80b6db7,full_annotation_v1,A,q_식자재_03,곡물가게,식료품 중 '식자재'를 판매·제공하는 매장,val,식자재,T2 동의어,608b5121-654d-44d8-9d7b-0c40375d3a63,클리퍼네일,네일,태평상가,골목형상점가,경기도,,,
b14a6101418505a0db3c,full_annotation_v1,A,q_식자재_03,곡물가게,식료품 중 '식자재'를 판매·제공하는 매장,val,식자재,T2 동의어,05fe2606-6616-418a-aaee-d3ca375debf0,한마음건어물가게,소매(건어물),비단길현대시장,전통시장,서울특별시,,,
55ecc0444e7095bc61a0,full_annotation_v1,A,q_식자재_03,곡물가게,식료품 중 '식자재'를 판매·제공하는 매장,val,식자재,T2 동의어,00eca8e7-b158-4572-b540-c241f4ad2546,거창상회,식자재,충무동 새벽시장,전통시장,부산광역시,,,
5d914eb0eeac02c55db7,full_annotation_v1,A,q_식자재_03,곡물가게,식료품 중 '식자재'를 판매·제공하는 매장,val,식자재,T2 동의어,e3bde370-e470-4cb0-b246-4260f51954b2,호성이네 빛나는 선물가게,기념품,서귀포매일올레시장,전통시장,제주특별자치도,,,
345d20753d84561373aa,full_annotation_v1,A,q_식자재_03,곡물가게,식료품 중 '식자재'를 판매·제공하는 매장,val,식자재,T2 동의어,e67744e7-ba71-4bec-ac59-8b419330e382,비러브드 선물가게,,프로방스2번가 골목형상점가,골목형상점가,,,,
8845dd9068261bbc9d0d,full_annotation_v1,A,q_식자재_03,곡물가게,식료품 중 '식자재'를 판매·제공하는 매장,val,식자재,T2 동의어,cfd79bde-e4b5-4f7c-af01-f6edceba02af,영삼이네 우정소갈비,소고기,부평테마의거리 골목형 상점가,골목형상점가,인천광역시,,,
e28da5dd17f14fca6d40,full_annotation_v1,A,q_식자재_03,곡물가게,식료품 중 '식자재'를 판매·제공하는 매장,val,식자재,T2 동의어,00362b85-cb9a-4318-9059-12f768d76197,파리바게뜨전주인후점,제과점,소나무 골목형상점가,골목형상점가,전북특별자치도,,,
2db1366d83040f01a1bf,full_annotation_v1,A,q_식자재_03,곡물가게,식료품 중 '식자재'를 판매·제공하는 매장,val,식자재,T2 동의어,ec148d27-cf5b-4733-a917-f3832d4ec18e,애자네,곡물,강화풍물시장,전통시장,인천광역시,,,
73a1e9f79291a5c0d248,full_annotation_v1,A,q_식자재_03,곡물가게,식료품 중 '식자재'를 판매·제공하는 매장,val,식자재,T2 동의어,00fea2e0-f294-46b6-af68-655475e888be,동양유통,"곡물, 식자재",김해새벽시장,기타,경상남도,,,
87e4ec3ad1464b8b6b03,full_annotation_v1,A,q_식자재_03,곡물가게,식료품 중 '식자재'를 판매·제공하는 매장,val,식자재,T2 동의어,013444f9-7e9b-4640-84f0-43ac071ef57f,대림고추방아,"고추가루, 기름",부천강남시장,전통시장,경기도,,,
cc3be46a1205a97574d9,full_annotation_v1,A,q_식자재_03,곡물가게,식료품 중 '식자재'를 판매·제공하는 매장,val,식자재,T2 동의어,06bbe239-5774-4794-91c3-b45901659200,성진상회,식용유,고성시장,전통시장,경상남도,,,
17bbb93a362d2a992798,full_annotation_v1,A,q_식자재_03,곡물가게,식료품 중 '식자재'를 판매·제공하는 매장,val,식자재,T2 동의어,370a5f79-6ed0-4e72-888e-1fad2e9a709e,아이아트미술교습소,미술교습소,대성상가 골목형상점가,골목형상점가,부산광역시,,,
4c596032bcdc84e5d567,full_annotation_v1,A,q_식자재_03,곡물가게,식료품 중 '식자재'를 판매·제공하는 매장,val,식자재,T2 동의어,5dbc9b87-cb69-4897-8859-aa92b83fb913,GS25둔산샘머리점,식품 등 기타 소매상품,샘머리 골목형상점가,골목형상점가,대전광역시,,,
9f1deef428391b01c6f8,full_annotation_v1,A,q_식자재_03,곡물가게,식료품 중 '식자재'를 판매·제공하는 매장,val,식자재,T2 동의어,fd2b8bdc-f9f8-4d39-a760-1561700abe75,탑브릭스 충남대점,,유성문화원 골목형상점가,골목형상점가,대전광역시,,,
61eb81fb2ea7a10ae03b,full_annotation_v1,A,q_식자재_03,곡물가게,식료품 중 '식자재'를 판매·제공하는 매장,val,식자재,T2 동의어,a8cb5e23-876b-4a62-978c-63e0e5d1e083,보국참기름,참기름 고춧가루 곡물가공품,밀양 수산시장,전통시장,경상남도,,,
554420fafc6f955de277,full_annotation_v1,A,q_식자재_03,곡물가게,식료품 중 '식자재'를 판매·제공하는 매장,val,식자재,T2 동의어,6b3f0b26-9d6e-4366-baa3-e2b4b3fab586,작은커피집,커피,대성상가 골목형상점가,골목형상점가,부산광역시,,,
e07eb5b44948dd3c521b,full_annotation_v1,A,q_식자재_03,곡물가게,식료품 중 '식자재'를 판매·제공하는 매장,val,식자재,T2 동의어,01757e0a-7278-44bc-9fad-29595028ac3d,현대떡방앗간,방앗간,염매시장(의성중앙시장),전통시장,경상북도,,,
1a992121a8b3356de7dd,full_annotation_v1,A,q_식자재_03,곡물가게,식료품 중 '식자재'를 판매·제공하는 매장,val,식자재,T2 동의어,c9726516-f02e-4888-b672-ead629164ddd,월계슈퍼,잡화,수원못골종합시장,전통시장,경기도,,,
e0f94b42d31e93ba9d3b,full_annotation_v1,A,q_식자재_03,곡물가게,식료품 중 '식자재'를 판매·제공하는 매장,val,식자재,T2 동의어,d150b8d2-d012-401b-888a-12a46e2d0f1a,관성상회,곡물,홍성전통시장(구 홍성정기시장),전통시장,충청남도,,,
f7dc15a47056105995c6,full_annotation_v1,A,q_식자재_03,곡물가게,식료품 중 '식자재'를 판매·제공하는 매장,val,식자재,T2 동의어,02ec6724-ac15-4719-8ed5-03df39487422,전주상회,곡물가공업,황룡시장,전통시장,전라남도,,,
107112f7fecc656e41f9,full_annotation_v1,A,q_식자재_03,곡물가게,식료품 중 '식자재'를 판매·제공하는 매장,val,식자재,T2 동의어,04c1994b-f99c-4f28-9778-e85deefce30f,녹색제분소,곡물가공,서울약령시장,전통시장,서울특별시,,,
1a047fa4ec78d729278d,full_annotation_v1,A,q_식자재_03,곡물가게,식료품 중 '식자재'를 판매·제공하는 매장,val,식자재,T2 동의어,005313c8-dce8-49b6-9841-9143ebb1305a,동원떡집,,박달시장,전통시장,경기도,,,
c5192d77bb721f992deb,full_annotation_v1,A,q_식자재_03,곡물가게,식료품 중 '식자재'를 판매·제공하는 매장,val,식자재,T2 동의어,00e80339-1353-4885-81d7-0746a437abb2,포식 용인한숲시티점,쌀국수 돈까스 함박스테이크,남사한숲 골목형상점가,골목형상점가,경기도,,,
c271ae0b55207a69e8a5,full_annotation_v1,A,q_식자재_03,곡물가게,식료품 중 '식자재'를 판매·제공하는 매장,val,식자재,T2 동의어,023e47e8-7973-4e3d-95f3-f6bf168360f0,(주)동양종합유통,식자재,양동건어물시장,전통시장,광주광역시,,,
b3393db8a5860a153bf0,full_annotation_v1,A,q_식자재_03,곡물가게,식료품 중 '식자재'를 판매·제공하는 매장,val,식자재,T2 동의어,04cffa8f-5c05-444b-bde1-a3d1918cf92f,강원기름집,식용유,속초종합중앙시장,전통시장,강원특별자치도,,,
11538edd0e3d6f48244f,full_annotation_v1,A,q_식자재_03,곡물가게,식료품 중 '식자재'를 판매·제공하는 매장,val,식자재,T2 동의어,f939cfd3-7fb5-4ceb-98e4-2f15317f5c50,태성곡물,곡물,예천상설시장,전통시장,경상북도,,,
c98bb1d1f8141ba30329,full_annotation_v1,A,q_식자재_03,곡물가게,식료품 중 '식자재'를 판매·제공하는 매장,val,식자재,T2 동의어,212e5866-113e-4151-921e-99062921dc9a,대흥상사,곡물가공식품제조 도소매 잡화 통신,동완산동 골목형상점가,골목형상점가,전북특별자치도,,,
a533051f9742b30e7b53,full_annotation_v1,A,q_식자재_03,곡물가게,식료품 중 '식자재'를 판매·제공하는 매장,val,식자재,T2 동의어,01a5f192-c482-46e3-8b58-5358216d0749,풍전기름집,참기름,화곡본동시장,전통시장,서울특별시,,,
2cf3e0f60579fc2310dd,full_annotation_v1,A,q_식자재_03,곡물가게,식료품 중 '식자재'를 판매·제공하는 매장,val,식자재,T2 동의어,939e2247-5d1c-4fa7-8ead-d1011f72455b,곡산식품,곡물,부평깡통시장(구 부산부평시장),전통시장,부산광역시,,,
bd4199f49077ea08c44c,full_annotation_v1,A,q_식자재_03,곡물가게,식료품 중 '식자재'를 판매·제공하는 매장,val,식자재,T2 동의어,04ea1586-2a59-42e4-ba9c-58fae3e8fa12,미짱네 선물가게,"채소, 과실 및 뿌리작물, 가전제품소",전주풍남문상점가,자율상권구역,전북특별자치도,,,
173a80ffd96ec4b7b7f4,full_annotation_v1,A,q_식자재_03,곡물가게,식료품 중 '식자재'를 판매·제공하는 매장,val,식자재,T2 동의어,1f7ee23d-3d1b-48f9-a2da-37449b873953,총각네쌀가게,곡물,벌교매일시장,전통시장,전라남도,,,
243a2e06b0d906628b40,full_annotation_v1,A,q_식자재_03,곡물가게,식료품 중 '식자재'를 판매·제공하는 매장,val,식자재,T2 동의어,7a32cba2-30e3-4335-8337-8388de49bfe4,센추리선물가게,,도산로 골목형상점가,골목형상점가,대전광역시,,,
547c12e74de5b951f3eb,full_annotation_v1,A,q_식자재_03,곡물가게,식료품 중 '식자재'를 판매·제공하는 매장,val,식자재,T2 동의어,a3a4d99c-a82e-4943-bb5e-9b3bbc317871,함안대게회장어,한식,마산가고파수산시장,전통시장,경상남도,,,
dfd19472f668a6c65311,full_annotation_v1,A,q_식자재_03,곡물가게,식료품 중 '식자재'를 판매·제공하는 매장,val,식자재,T2 동의어,d5fb35af-6e80-4191-9922-9171c7ee0df3,참좋은쌀가게,곡물 식잡,새마을골목형상점가,골목형상점가,강원특별자치도,,,
04ca464a6867a9818e05,full_annotation_v1,A,q_식자재_03,곡물가게,식료품 중 '식자재'를 판매·제공하는 매장,val,식자재,T2 동의어,bd4e1b93-0e9c-47c1-87e9-3bbaa69457c4,제천고추기름방앗간,곡물가공업,내토전통시장,전통시장,충청북도,,,
37724e5ec619ee71c0c9,full_annotation_v1,A,q_식자재_03,곡물가게,식료품 중 '식자재'를 판매·제공하는 매장,val,식자재,T2 동의어,044b74fa-bb37-480b-8d36-3f7676cf2fb4,영진상회,곡물,청주육거리종합시장,전통시장,충청북도,,,
8a95ae24f8dcb6c6d119,full_annotation_v1,A,q_식자재_03,곡물가게,식료품 중 '식자재'를 판매·제공하는 매장,val,식자재,T2 동의어,c94a2e08-f76a-4d85-878f-61aaae6a74c2,강남선물가게,잡화,신정상가시장,전통시장,울산광역시,,,
1db03c7b0f753415b3b8,full_annotation_v1,A,q_식자재_03,곡물가게,식료품 중 '식자재'를 판매·제공하는 매장,val,식자재,T2 동의어,443255e4-f7ec-4523-9295-6c41532e7a6b,송광종합전기,전기자재,인천산업유통센터,전통시장,인천광역시,,,
68636f8037128c7380cb,full_annotation_v1,A,q_식자재_03,곡물가게,식료품 중 '식자재'를 판매·제공하는 매장,val,식자재,T2 동의어,7af28ef4-2d36-48fc-8c70-7308049e125f,곡물이야기,곡물차,백운광장 골목형상점가,골목형상점가,광주광역시,,,
5a985886e552cfdb88d0,full_annotation_v1,A,q_식자재_03,곡물가게,식료품 중 '식자재'를 판매·제공하는 매장,val,식자재,T2 동의어,44cee1c7-b26d-408e-80e7-cbfe5d212f48,비러브드 선물가게,,프로방스2번가 골목형상점가,골목형상점가,,,,
9e16dad570dfcd178219,full_annotation_v1,A,q_식자재_03,곡물가게,식료품 중 '식자재'를 판매·제공하는 매장,val,식자재,T2 동의어,14ab1d5c-8e62-4c50-8d6d-8c446da9cdc0,경기곡물,곡물,산성로 상권활성화구역,상권활성화구역,경기도,,,
ae010ec9e555478aceac,full_annotation_v1,A,q_식자재_03,곡물가게,식료품 중 '식자재'를 판매·제공하는 매장,val,식자재,T2 동의어,ce68dfc6-a6e9-41d1-802f-29cc46ee1985,누런상회,곡물,화산면 골목형상점가,골목형상점가,전라남도,,,
67c0187154e32298e9fd,full_annotation_v1,A,q_식자재_03,곡물가게,식료품 중 '식자재'를 판매·제공하는 매장,val,식자재,T2 동의어,0592f5f6-ae8d-491f-87e9-2021a00f4ae0,우리상회,곡물,상주중앙시장,전통시장,경상북도,,,
fe24d3fe4ebdd1027d89,full_annotation_v1,A,q_식자재_03,곡물가게,식료품 중 '식자재'를 판매·제공하는 매장,val,식자재,T2 동의어,04c905ba-3172-4ea4-a6dd-4345d674dea0,덕순이네,제조업(떡집),장터길 골목형상점가,골목형상점가,경기도,,,
0424ebe1203e8c2da283,full_annotation_v1,A,q_식자재_03,곡물가게,식료품 중 '식자재'를 판매·제공하는 매장,val,식자재,T2 동의어,c15b7d24-b90f-4edb-a4d7-38d243dad39e,가게,담배,대명시장,전통시장,대구광역시,,,
afda0d35672146f9ed2b,full_annotation_v1,A,q_식자재_03,곡물가게,식료품 중 '식자재'를 판매·제공하는 매장,val,식자재,T2 동의어,01e4cef2-9c12-4be0-9c3e-5a09ab67f7f5,대명제유,"고추, 기름",의정부제일시장,전통시장,경기도,,,
01344a302133077549f6,full_annotation_v1,A,q_식자재_03,곡물가게,식료품 중 '식자재'를 판매·제공하는 매장,val,식자재,T2 동의어,021bf03c-8b83-4288-89c5-15a4a162142b,신선식품,식자재,사천읍시장,전통시장,경상남도,,,
bee02419ed1ed323b592,full_annotation_v1,A,q_식자재_03,곡물가게,식료품 중 '식자재'를 판매·제공하는 매장,val,식자재,T2 동의어,03e3e424-656a-46ea-82b7-21bcc07cae47,초왕상회,"곡물, 농산물",전주남부시장,전통시장,전북특별자치도,,,
6b5b60f1be4ef219615e,full_annotation_v1,A,q_식자재_03,곡물가게,식료품 중 '식자재'를 판매·제공하는 매장,val,식자재,T2 동의어,e09c3606-811d-4c25-8990-dea4ca608c8c,희열상회,곡물,군산공설시장,전통시장,전북특별자치도,,,
5ef50d08783e386ca243,full_annotation_v1,A,q_식자재_03,곡물가게,식료품 중 '식자재'를 판매·제공하는 매장,val,식자재,T2 동의어,011f646c-0d2f-4770-a90e-d5d39e580d38,올 푸드,식자재,두암시장,전통시장,광주광역시,,,
7baed81189da7795fa38,full_annotation_v1,A,q_식자재_03,곡물가게,식료품 중 '식자재'를 판매·제공하는 매장,val,식자재,T2 동의어,b5db32ab-85b4-487a-8917-2da6e394f448,진안도야지정육점,식육,삼례시장,전통시장,전북특별자치도,,,
b7a9af83f1738abfeb5b,full_annotation_v1,A,q_식자재_03,곡물가게,식료품 중 '식자재'를 판매·제공하는 매장,val,식자재,T2 동의어,015915e3-2542-4245-b627-0c775b4c5501,한내떡집,,거제 고현시장,전통시장,경상남도,,,
d6a0f894b0e7095d6953,full_annotation_v1,A,q_식자재_03,곡물가게,식료품 중 '식자재'를 판매·제공하는 매장,val,식자재,T2 동의어,8a7bc76a-ad6a-4104-98e6-4e6bb4c7c7c0,출발농산,곡물,태화시장,전통시장,울산광역시,,,
ce319fcb20958f519d65,full_annotation_v1,A,q_식자재_03,곡물가게,식료품 중 '식자재'를 판매·제공하는 매장,val,식자재,T2 동의어,008d07a3-ba18-4806-9ec7-48c0adb25276,아빠네 빵집,제과제빵,신창수문 골목형상점가,골목형상점가,광주광역시,,,
ed0343d05584004dd47c,full_annotation_v1,A,q_식자재_03,곡물가게,식료품 중 '식자재'를 판매·제공하는 매장,val,식자재,T2 동의어,b271f28f-eab7-4f84-ad40-fc6369e705fc,내팜,곡물,옥천공설시장,전통시장,충청북도,,,
c25e8eebc7e8478a1c45,full_annotation_v1,A,q_식자재_03,곡물가게,식료품 중 '식자재'를 판매·제공하는 매장,val,식자재,T2 동의어,683dd5f2-2401-461e-8158-f25ba0cb32a1,마루의 선물가게,,예산상설시장,전통시장,충청남도,,,
0925c0146054043d80a5,full_annotation_v1,A,q_식자재_03,곡물가게,식료품 중 '식자재'를 판매·제공하는 매장,val,식자재,T2 동의어,0b8ef6dc-2f6b-4707-bd73-529122d9c97a,하단떡집,떡집,하단오일상설시장,전통시장,부산광역시,,,
05ca0aea60ddb541c171,full_annotation_v1,A,q_식자재_03,곡물가게,식료품 중 '식자재'를 판매·제공하는 매장,val,식자재,T2 동의어,00ec16f5-8b45-4af1-bb1b-6389f2412be8,수진식품,"참기름, 고추가루등",김해 진영전통시장,전통시장,경상남도,,,
4c09bf45da0754e95629,full_annotation_v1,A,q_식자재_03,곡물가게,식료품 중 '식자재'를 판매·제공하는 매장,val,식자재,T2 동의어,02223ab5-044d-40ad-8cc7-838ed325ada0,상옥쌀상회,쌀,영일대북부시장(구 북부시장),전통시장,경상북도,,,
c46213f28c053fb29cd2,full_annotation_v1,A,q_식자재_03,곡물가게,식료품 중 '식자재'를 판매·제공하는 매장,val,식자재,T2 동의어,69b0ea3e-da8e-4a9f-bd3b-9e930584ea6f,한국밤농산,곡물,칠성종합 상권활성화구역,상권활성화구역,대구광역시,,,
e7b0ac77583eeff9c6df,full_annotation_v1,A,q_식자재_03,곡물가게,식료품 중 '식자재'를 판매·제공하는 매장,val,식자재,T2 동의어,034f637f-e1c0-4e3c-99a7-eb7c8deb055a,청풍상회,곡물,내토전통시장,전통시장,충청북도,,,
89b159a30eba655d24b6,full_annotation_v1,A,q_식자재_03,곡물가게,식료품 중 '식자재'를 판매·제공하는 매장,val,식자재,T2 동의어,bbdef104-7074-4ef5-86ae-507abe1b09b0,대경사,이불,주안시민지하도상점가,일반지하상점가,인천광역시,,,
77bec8f84e55510d06fc,full_annotation_v1,A,q_식자재_03,곡물가게,식료품 중 '식자재'를 판매·제공하는 매장,val,식자재,T2 동의어,e87353e6-6e88-4240-bd7f-4896c7e2a94b,현진푸드,간이음식,부천상동시장,전통시장,경기도,,,
63d1077298b9c6247714,full_annotation_v1,A,q_식자재_03,곡물가게,식료품 중 '식자재'를 판매·제공하는 매장,val,식자재,T2 동의어,0b69c684-9b0b-490b-892e-9267cf4662a3,윤수참기름,식용유,진주 청과시장,전통시장,경상남도,,,
6ebeed7b489ad7190f84,full_annotation_v1,A,q_식자재_03,곡물가게,식료품 중 '식자재'를 판매·제공하는 매장,val,식자재,T2 동의어,002d0d06-15b2-463e-b789-b0232bcc6681,뚜레주르버들마을점,제과,버들마을상인회 골목형상점가,골목형상점가,광주광역시,,,
65760c7959079aa40c62,full_annotation_v1,A,q_식자재_03,곡물가게,식료품 중 '식자재'를 판매·제공하는 매장,val,식자재,T2 동의어,3707aa71-ec5f-484a-8809-ed0f2e048df5,월화선물가게,기념품 인형,강릉성남시장,전통시장,강원특별자치도,,,
494209d645128495e642,full_annotation_v1,A,q_식자재_03,곡물가게,식료품 중 '식자재'를 판매·제공하는 매장,val,식자재,T2 동의어,001bc028-a43e-44d4-9682-db280a4998cc,파리바게뜨전주근영점,제과점,근영누리 골목형상점가,골목형상점가,전북특별자치도,,,
8fe940472f4e4f98d2b4,full_annotation_v1,A,q_식자재_03,곡물가게,식료품 중 '식자재'를 판매·제공하는 매장,val,식자재,T2 동의어,001cb3d4-5441-4963-b517-d5b3904ee312,현창떡집,떡집,목포동부시장,전통시장,전라남도,,,
cbc8018e6d1a005849e7,full_annotation_v1,A,q_식자재_03,곡물가게,식료품 중 '식자재'를 판매·제공하는 매장,val,식자재,T2 동의어,022ece99-80e4-453c-91c0-f46f8527e7ab,구즉방아간,방앗간,송강전통시장,전통시장,대전광역시,,,
f167691e86dd346c4d01,full_annotation_v1,A,q_식자재_03,곡물가게,식료품 중 '식자재'를 판매·제공하는 매장,val,식자재,T2 동의어,0017714f-cbac-4f85-a148-338ddcefe41c,유수담,"쌀, 계란, 신선식품",익산북부시장,전통시장,전북특별자치도,,,
d6a8d4d2279b1ecfee1d,full_annotation_v1,A,q_식자재_03,곡물가게,식료품 중 '식자재'를 판매·제공하는 매장,val,식자재,T2 동의어,f9d32a48-9f96-403e-a18d-7561bed49ae8,충무곡물,곡물,영천공설시장,전통시장,경상북도,,,
7907c37df1fcfeb2f2fd,full_annotation_v1,A,q_식자재_03,곡물가게,식료품 중 '식자재'를 판매·제공하는 매장,val,식자재,T2 동의어,1bc9e1ac-1591-4755-b77a-2127e664c8ca,COM119 (컴119),사무용OA기기,전곡로데오거리골목형상점가,골목형상점가,경기도,,,
56b286db91c57163a9eb,full_annotation_v1,A,q_식자재_03,곡물가게,식료품 중 '식자재'를 판매·제공하는 매장,val,식자재,T2 동의어,0e224dee-e545-48f6-95af-5a197b33a076,경북식품,식용유,가락몰골목형상점가,골목형상점가,서울특별시,,,
fb6a43fc84a04780cda5,full_annotation_v1,A,q_식자재_03,곡물가게,식료품 중 '식자재'를 판매·제공하는 매장,val,식자재,T2 동의어,b0d12be1-8fe8-471e-8108-9c3850098564,꽃옷가게,,낭주골 골목형상점가,골목형상점가,전북특별자치도,,,
6ebb510b43e0e65559b5,full_annotation_v1,A,q_식자재_03,곡물가게,식료품 중 '식자재'를 판매·제공하는 매장,val,식자재,T2 동의어,092868ef-cdbe-426a-8e04-c1862bac5076,익산바이오,식용유,세종전통시장,전통시장,세종특별자치시,,,
a71481583de91b5ac6be,full_annotation_v1,A,q_식자재_03,곡물가게,식료품 중 '식자재'를 판매·제공하는 매장,val,식자재,T2 동의어,0061123f-a676-4556-9633-5fbc4ecaf6ef,치즈케익카스테라카페,제과,북가좌동 골목형상점가,골목형상점가,서울특별시,,,
34207a78f9f6a0dee3f3,full_annotation_v1,A,q_식자재_03,곡물가게,식료품 중 '식자재'를 판매·제공하는 매장,val,식자재,T2 동의어,58490245-0d1d-4002-accd-0c8a1a79a1cf,광신장유식품,식자재 및 잡화,성북시장,전통시장,부산광역시,,,
38f604ce04fb58caeae1,full_annotation_v1,A,q_식자재_03,곡물가게,식료품 중 '식자재'를 판매·제공하는 매장,val,식자재,T2 동의어,bea8a35c-ec72-4ab1-b540-67b40ebb73fb,보름달방앗간,곡물가공품,석봉동골목형상점가,골목형상점가,대전광역시,,,
33d415e20b6cf14d7c01,full_annotation_v1,A,q_식자재_04,기름,식료품 중 '식자재'를 판매·제공하는 매장,val,식자재,T2 동의어,4561811f-bdf2-487d-9112-bf313c4b9ac6,경향기름,기름,춘천동부시장,전통시장,강원특별자치도,,,
8b708938740201ab8923,full_annotation_v1,A,q_식자재_04,기름,식료품 중 '식자재'를 판매·제공하는 매장,val,식자재,T2 동의어,8224c4ea-5f0a-4661-9b6a-8c0e0bb0d0b2,참만나기름,기름,고산구시장 상점가,자율상권구역,전라남도,,,
e23321c1eafa9980c66f,full_annotation_v1,A,q_식자재_04,기름,식료품 중 '식자재'를 판매·제공하는 매장,val,식자재,T2 동의어,6c82d571-21da-4239-8353-223570423c65,정다운농수산,과일 및 수산물,동문재래시장,전통시장,제주특별자치도,,,
85007040d24836ca853d,full_annotation_v1,A,q_식자재_04,기름,식료품 중 '식자재'를 판매·제공하는 매장,val,식자재,T2 동의어,9bbab19c-d57a-48dc-a362-ae28fb24e614,플레이키즈 모이몰른,아동복 스포츠용품,오치 설죽로 골목형상점가,골목형상점가,광주광역시,,,
c46f733fc59b9f8a9c84,full_annotation_v1,A,q_식자재_04,기름,식료품 중 '식자재'를 판매·제공하는 매장,val,식자재,T2 동의어,023e47e8-7973-4e3d-95f3-f6bf168360f0,(주)동양종합유통,식자재,양동건어물시장,전통시장,광주광역시,,,
c306b4c4ceedfee08290,full_annotation_v1,A,q_식자재_04,기름,식료품 중 '식자재'를 판매·제공하는 매장,val,식자재,T2 동의어,192525d6-1730-4301-875b-5bd76609ee8f,용지기름집,기름,동원전통종합시장,전통시장,서울특별시,,,
423a2ef8b0b55f460855,full_annotation_v1,A,q_식자재_04,기름,식료품 중 '식자재'를 판매·제공하는 매장,val,식자재,T2 동의어,61f4878a-4b6b-4b1e-926e-4ce28731f9dd,삼일기름,기름,세아프라자상가(동두천세아상가시장),전통시장,경기도,,,
7f1ee5e94d5bd42c31f8,full_annotation_v1,A,q_식자재_04,기름,식료품 중 '식자재'를 판매·제공하는 매장,val,식자재,T2 동의어,23b70117-c5c2-4bd6-9e81-d720faf21b4e,전주참기름,기름,신성전통시장,전통시장,서울특별시,,,
a2de9524a07ae9230ecf,full_annotation_v1,A,q_식자재_04,기름,식료품 중 '식자재'를 판매·제공하는 매장,val,식자재,T2 동의어,5abf9af5-9fdd-4ce5-8823-b75a6baf3f6a,원재기름집,기름,오목교중앙시장,전통시장,서울특별시,,,
3d08b5c0085967ceb3e5,full_annotation_v1,A,q_식자재_04,기름,식료품 중 '식자재'를 판매·제공하는 매장,val,식자재,T2 동의어,8605cd70-67a8-4b01-b19e-dc18985eb1af,중앙기름,기름,춘천중앙시장,전통시장,강원특별자치도,,,
74f963afd6a026a93183,full_annotation_v1,A,q_식자재_04,기름,식료품 중 '식자재'를 판매·제공하는 매장,val,식자재,T2 동의어,044b74fa-bb37-480b-8d36-3f7676cf2fb4,영진상회,곡물,청주육거리종합시장,전통시장,충청북도,,,
63c7ef7d9bcf29076560,full_annotation_v1,A,q_식자재_04,기름,식료품 중 '식자재'를 판매·제공하는 매장,val,식자재,T2 동의어,f718bf83-67e4-4a85-8f8e-69a5de131a89,블루,의류,신포지하상가,일반지하상점가,인천광역시,,,
285e96667ce7570b98f2,full_annotation_v1,A,q_식자재_04,기름,식료품 중 '식자재'를 판매·제공하는 매장,val,식자재,T2 동의어,9f144b14-b201-4a40-b96e-e56dd74aef29,한씨기름집,기름,강릉성남시장,전통시장,강원특별자치도,,,
938b0efc75f635274445,full_annotation_v1,A,q_식자재_04,기름,식료품 중 '식자재'를 판매·제공하는 매장,val,식자재,T2 동의어,94c88775-acd4-4de0-9b2c-b8d524e9498c,삼미기름집,기름,모란전통기름시장,전통시장,경기도,,,
bd5f27dbeb778ad305e2,full_annotation_v1,A,q_식자재_04,기름,식료품 중 '식자재'를 판매·제공하는 매장,val,식자재,T2 동의어,021bf03c-8b83-4288-89c5-15a4a162142b,신선식품,식자재,사천읍시장,전통시장,경상남도,,,
405cee7211f15304b461,full_annotation_v1,A,q_식자재_04,기름,식료품 중 '식자재'를 판매·제공하는 매장,val,식자재,T2 동의어,022ece99-80e4-453c-91c0-f46f8527e7ab,구즉방아간,방앗간,송강전통시장,전통시장,대전광역시,,,
6572be9071ae508e70ca,full_annotation_v1,A,q_식자재_04,기름,식료품 중 '식자재'를 판매·제공하는 매장,val,식자재,T2 동의어,bdfba9a0-ba0d-4033-99ab-949971be9fe8,단골기름집,기름,영월서부공설시장,전통시장,강원특별자치도,,,
a3076517cecdb74f90ae,full_annotation_v1,A,q_식자재_04,기름,식료품 중 '식자재'를 판매·제공하는 매장,val,식자재,T2 동의어,01a5f192-c482-46e3-8b58-5358216d0749,풍전기름집,참기름,화곡본동시장,전통시장,서울특별시,,,
460e1b4483185d4f6bb0,full_annotation_v1,A,q_식자재_04,기름,식료품 중 '식자재'를 판매·제공하는 매장,val,식자재,T2 동의어,5de64a79-3ca8-4b6d-858e-f62c43535ec4,장안기름집,기름,답십리시장,전통시장,서울특별시,,,
887eb089b70878855c9d,full_annotation_v1,A,q_식자재_04,기름,식료품 중 '식자재'를 판매·제공하는 매장,val,식자재,T2 동의어,5e25535b-0401-43fc-804c-9023fbdc7e76,옛날기름집,기름,화서시장,전통시장,경기도,,,
423e8db3c2ff6e4c32f6,full_annotation_v1,A,q_식자재_04,기름,식료품 중 '식자재'를 판매·제공하는 매장,val,식자재,T2 동의어,0f7845ca-0c4a-46a1-a55a-15cd708183f3,중앙기름집,기름,홍성상설시장,전통시장,충청남도,,,
c7a5ab9ded9a6d60dedf,full_annotation_v1,A,q_식자재_04,기름,식료품 중 '식자재'를 판매·제공하는 매장,val,식자재,T2 동의어,b0dccb6b-d993-414e-ad50-b9a53a4ce45e,평화기름집,기름,군산공설시장,전통시장,전북특별자치도,,,
d4ad7af9a3d289bfafe0,full_annotation_v1,A,q_식자재_04,기름,식료품 중 '식자재'를 판매·제공하는 매장,val,식자재,T2 동의어,620981f7-a88c-4036-bbfa-623467acecd4,봉화기름집,기름,덕풍전통시장,전통시장,경기도,,,
5ca0a8c72c044f172d8c,full_annotation_v1,A,q_식자재_04,기름,식료품 중 '식자재'를 판매·제공하는 매장,val,식자재,T2 동의어,7447a922-6703-4d9e-ba66-7f7892705d24,시장기름집,기름,익산중앙시장,전통시장,전북특별자치도,,,
08c5ae45762257abc231,full_annotation_v1,A,q_식자재_04,기름,식료품 중 '식자재'를 판매·제공하는 매장,val,식자재,T2 동의어,f742c6c5-661e-47b9-a079-ebf69db6ae94,엄마기름집,기름,고분다리시장,전통시장,서울특별시,,,
819632f815ae14fac5ef,full_annotation_v1,A,q_식자재_04,기름,식료품 중 '식자재'를 판매·제공하는 매장,val,식자재,T2 동의어,013444f9-7e9b-4640-84f0-43ac071ef57f,대림고추방아,"고추가루, 기름",부천강남시장,전통시장,경기도,,,
5403841552f9bf3a604e,full_annotation_v1,A,q_식자재_04,기름,식료품 중 '식자재'를 판매·제공하는 매장,val,식자재,T2 동의어,ed4ab20d-3416-4ecf-95cc-8c06d98b0701,신진기름집,기름,전농로터리시장,전통시장,서울특별시,,,
77608a3475ab3e0238ed,full_annotation_v1,A,q_식자재_04,기름,식료품 중 '식자재'를 판매·제공하는 매장,val,식자재,T2 동의어,f178ce78-e3d7-4976-a964-3da951fdc7af,인천기름,기름,세아프라자상가(동두천세아상가시장),전통시장,경기도,,,
d3f5f482311ada77917d,full_annotation_v1,A,q_식자재_04,기름,식료품 중 '식자재'를 판매·제공하는 매장,val,식자재,T2 동의어,a8dc7701-d658-4536-b776-e3e672c0b55d,우리기름집,기름,신 강남시장,전통시장,인천광역시,,,
17687602cd7221300dbd,full_annotation_v1,A,q_식자재_04,기름,식료품 중 '식자재'를 판매·제공하는 매장,val,식자재,T2 동의어,2078bda2-56cb-4a10-9f4e-e9d2dfc0d76e,아이미종합주방,주방기구,삼각초 골목형상점가,골목형상점가,광주광역시,,,
bf6e8369655594a9661c,full_annotation_v1,A,q_식자재_04,기름,식료품 중 '식자재'를 판매·제공하는 매장,val,식자재,T2 동의어,023b2cb4-7f9e-4b85-9888-474ee933954a,산척제유소,방앗간,충주자유시장,전통시장,충청북도,,,
da7899447233c3a97ba3,full_annotation_v1,A,q_식자재_04,기름,식료품 중 '식자재'를 판매·제공하는 매장,val,식자재,T2 동의어,ca37d067-0f46-40e9-b422-7c5918022fae,황해기름집,기름,화천재래시장,전통시장,강원특별자치도,,,
0e7cffe005a7916bd28f,full_annotation_v1,A,q_식자재_04,기름,식료품 중 '식자재'를 판매·제공하는 매장,val,식자재,T2 동의어,232d5129-7565-496e-a121-3712e3562c65,고향참기름,기름,마천중앙시장,전통시장,서울특별시,,,
e88167dbc1e0bb4fccf4,full_annotation_v1,A,q_식자재_04,기름,식료품 중 '식자재'를 판매·제공하는 매장,val,식자재,T2 동의어,0b69c684-9b0b-490b-892e-9267cf4662a3,윤수참기름,식용유,진주 청과시장,전통시장,경상남도,,,
126b0a1d9262f6c23ef0,full_annotation_v1,A,q_식자재_04,기름,식료품 중 '식자재'를 판매·제공하는 매장,val,식자재,T2 동의어,087e1715-bd72-447f-81ce-c6758948ec70,천일기름집,기름,상주중앙시장,전통시장,경상북도,,,
3f25dc37bcd42d22f61e,full_annotation_v1,A,q_식자재_04,기름,식료품 중 '식자재'를 판매·제공하는 매장,val,식자재,T2 동의어,dfca536c-0cb3-4d86-8c02-c1accad4bb97,광일참기름,기름,광양매일시장(광양상설시장),전통시장,전라남도,,,
4a3b68bc346ea9c4a25e,full_annotation_v1,A,q_식자재_04,기름,식료품 중 '식자재'를 판매·제공하는 매장,val,식자재,T2 동의어,65f6859a-9a45-48bf-b4de-541a5953532e,삼봉방앗간,기름,구월시장,전통시장,인천광역시,,,
cffecb4e1ff3bd57ad49,full_annotation_v1,A,q_식자재_04,기름,식료품 중 '식자재'를 판매·제공하는 매장,val,식자재,T2 동의어,fa9d4931-eb5e-4e1d-9476-c0cb92a28541,반도기름집,기름,서귀포매일올레시장,전통시장,제주특별자치도,,,
6fa697e053d73f4aaa8c,full_annotation_v1,A,q_식자재_04,기름,식료품 중 '식자재'를 판매·제공하는 매장,val,식자재,T2 동의어,092868ef-cdbe-426a-8e04-c1862bac5076,익산바이오,식용유,세종전통시장,전통시장,세종특별자치시,,,
e38eb9f2b5bae648bf66,full_annotation_v1,A,q_식자재_04,기름,식료품 중 '식자재'를 판매·제공하는 매장,val,식자재,T2 동의어,04c905ba-3172-4ea4-a6dd-4345d674dea0,덕순이네,제조업(떡집),장터길 골목형상점가,골목형상점가,경기도,,,
95f307023a9e53cfd5cf,full_annotation_v1,A,q_식자재_04,기름,식료품 중 '식자재'를 판매·제공하는 매장,val,식자재,T2 동의어,00ec16f5-8b45-4af1-bb1b-6389f2412be8,수진식품,"참기름, 고추가루등",김해 진영전통시장,전통시장,경상남도,,,
431de37fdd465e330648,full_annotation_v1,A,q_식자재_04,기름,식료품 중 '식자재'를 판매·제공하는 매장,val,식자재,T2 동의어,3080cff9-0d73-42a6-ad56-f14b5cb50aec,의성상회,기름,반여2동상가시장,전통시장,부산광역시,,,
412b83b1df0461a41961,full_annotation_v1,A,q_식자재_04,기름,식료품 중 '식자재'를 판매·제공하는 매장,val,식자재,T2 동의어,aa25d691-e8bc-471a-9971-5cd22b137eb9,카페코이드,커피 디저트,혁신도시5구역골목형상점가,골목형상점가,강원특별자치도,,,
7efe7830dc8fb12a9e86,full_annotation_v1,A,q_식자재_04,기름,식료품 중 '식자재'를 판매·제공하는 매장,val,식자재,T2 동의어,40aa00e6-bddd-4b0c-9ee7-6d8a4497345c,경북기름집,기름,청량리전통시장,전통시장,서울특별시,,,
b3098e281278d1454ab3,full_annotation_v1,A,q_식자재_04,기름,식료품 중 '식자재'를 판매·제공하는 매장,val,식자재,T2 동의어,fbb7ac19-ada8-44e0-832c-1375d39b19f8,샛별기름집,기름,속초종합중앙시장,전통시장,강원특별자치도,,,
ae2b0be1f0ea9e9d0f88,full_annotation_v1,A,q_식자재_04,기름,식료품 중 '식자재'를 판매·제공하는 매장,val,식자재,T2 동의어,00fea2e0-f294-46b6-af68-655475e888be,동양유통,"곡물, 식자재",김해새벽시장,기타,경상남도,,,
805a14a05363a20a9fe8,full_annotation_v1,A,q_식자재_04,기름,식료품 중 '식자재'를 판매·제공하는 매장,val,식자재,T2 동의어,01e4cef2-9c12-4be0-9c3e-5a09ab67f7f5,대명제유,"고추, 기름",의정부제일시장,전통시장,경기도,,,
13876edf1e7d4c858579,full_annotation_v1,A,q_식자재_04,기름,식료품 중 '식자재'를 판매·제공하는 매장,val,식자재,T2 동의어,028c4d82-c6ec-48e8-ae96-9a11c25db40e,충청도기름집,기름,용현시장,전통시장,인천광역시,,,
cb77a371305fd026d323,full_annotation_v1,A,q_식자재_04,기름,식료품 중 '식자재'를 판매·제공하는 매장,val,식자재,T2 동의어,0592f5f6-ae8d-491f-87e9-2021a00f4ae0,우리상회,곡물,상주중앙시장,전통시장,경상북도,,,
5383c4fe6981cbd265f1,full_annotation_v1,A,q_식자재_04,기름,식료품 중 '식자재'를 판매·제공하는 매장,val,식자재,T2 동의어,7aad34d9-133e-4f60-b912-f5f7e04fe794,대구기름,기름,성대건물시장,전통시장,서울특별시,,,
c45940f3e1134d183b2a,full_annotation_v1,A,q_식자재_04,기름,식료품 중 '식자재'를 판매·제공하는 매장,val,식자재,T2 동의어,0017714f-cbac-4f85-a148-338ddcefe41c,유수담,"쌀, 계란, 신선식품",익산북부시장,전통시장,전북특별자치도,,,
35e1aed06654b22a2de3,full_annotation_v1,A,q_식자재_04,기름,식료품 중 '식자재'를 판매·제공하는 매장,val,식자재,T2 동의어,f73034bf-1e6e-4adf-a182-a7a0db0f3240,제일제유,기름,삼척중앙시장,전통시장,강원특별자치도,,,
ae8a5a82d7e231e23c59,full_annotation_v1,A,q_식자재_04,기름,식료품 중 '식자재'를 판매·제공하는 매장,val,식자재,T2 동의어,00e30e5a-4662-4e65-9b6c-dd704886f1af,믿음떡집,떡방앗간,문창시장,전통시장,대전광역시,,,
20db018fe8ebb156b06b,full_annotation_v1,A,q_식자재_04,기름,식료품 중 '식자재'를 판매·제공하는 매장,val,식자재,T2 동의어,dce9c517-42ee-4348-97fc-972cb5b52fa5,광양참기름,기름,광양시장골목형상점가,골목형상점가,제주특별자치도,,,
dd536babe0ee4b36c7b0,full_annotation_v1,A,q_식자재_04,기름,식료품 중 '식자재'를 판매·제공하는 매장,val,식자재,T2 동의어,015915e3-2542-4245-b627-0c775b4c5501,한내떡집,,거제 고현시장,전통시장,경상남도,,,
ca8ba632aeef2b799d88,full_annotation_v1,A,q_식자재_04,기름,식료품 중 '식자재'를 판매·제공하는 매장,val,식자재,T2 동의어,cf68389b-acfb-445b-aa76-3dfec0e6e765,양양기름집,기름,주문진종합시장,전통시장,강원특별자치도,,,
affe57b48fdacda486b2,full_annotation_v1,A,q_식자재_04,기름,식료품 중 '식자재'를 판매·제공하는 매장,val,식자재,T2 동의어,f28f495c-06db-4d48-9ef4-a6327c894d75,삼성기름,기름,진주 중앙시장,전통시장,경상남도,,,
286b04a1e4c31121cc66,full_annotation_v1,A,q_식자재_04,기름,식료품 중 '식자재'를 판매·제공하는 매장,val,식자재,T2 동의어,057020ed-9d18-4250-94d2-4ba64f9638da,주문기름집,기름,주문진종합시장,전통시장,강원특별자치도,,,
c7f276535bd6c382d750,full_annotation_v1,A,q_식자재_04,기름,식료품 중 '식자재'를 판매·제공하는 매장,val,식자재,T2 동의어,ffa8e771-09ab-4b38-9b51-63f49eec429a,남원추어탕,음식점,동작구 LINK 상권활성화구역,상권활성화구역,서울특별시,,,
ee05b76e63154f189dce,full_annotation_v1,A,q_식자재_04,기름,식료품 중 '식자재'를 판매·제공하는 매장,val,식자재,T2 동의어,002d0d06-15b2-463e-b789-b0232bcc6681,뚜레주르버들마을점,제과,버들마을상인회 골목형상점가,골목형상점가,광주광역시,,,
3841d6ea8260a9b01aeb,full_annotation_v1,A,q_식자재_04,기름,식료품 중 '식자재'를 판매·제공하는 매장,val,식자재,T2 동의어,8835d461-5499-4bf7-8709-834d9f6e9b54,만나기름집,기름,일산시장(구 일산전통시장),전통시장,경기도,,,
ff0c10b40c467af7b6fa,full_annotation_v1,A,q_식자재_04,기름,식료품 중 '식자재'를 판매·제공하는 매장,val,식자재,T2 동의어,d6599531-b5a6-42f6-883f-05130557c984,대구기름집,기름,우이골목시장골목형상점가,골목형상점가,서울특별시,,,
e0934f80ed1a40a7978a,full_annotation_v1,A,q_식자재_04,기름,식료품 중 '식자재'를 판매·제공하는 매장,val,식자재,T2 동의어,9d71ffe4-87c2-4899-af3e-8f52636e9a06,부자기름집,기름,용문천년시장,전통시장,경기도,,,
41a3379d89f2ea38d87d,full_annotation_v1,A,q_식자재_04,기름,식료품 중 '식자재'를 판매·제공하는 매장,val,식자재,T2 동의어,001961d9-cb5d-40bc-903a-33d483f7d132,헬씨스탠다드,"건강기능식품, 쌀, 견과류, 약재",응암소담길 골목형상점가,골목형상점가,서울특별시,,,
6151046836c4ddc04e97,full_annotation_v1,A,q_식자재_04,기름,식료품 중 '식자재'를 판매·제공하는 매장,val,식자재,T2 동의어,55327f6e-ce7c-45ee-98bd-d307ac322b82,경상도기름집,기름,아현시장,전통시장,서울특별시,,,
b09fc1e7bc9e132273e6,full_annotation_v1,A,q_식자재_04,기름,식료품 중 '식자재'를 판매·제공하는 매장,val,식자재,T2 동의어,22210a7a-cee4-4555-b060-b436d7e7bb02,건양기름집,기름,논산화지중앙시장,전통시장,충청남도,,,
6bc934e5888385bd0796,full_annotation_v1,A,q_식자재_04,기름,식료품 중 '식자재'를 판매·제공하는 매장,val,식자재,T2 동의어,06bbe239-5774-4794-91c3-b45901659200,성진상회,식용유,고성시장,전통시장,경상남도,,,
51a0a502edf8dfe147e4,full_annotation_v1,A,q_식자재_04,기름,식료품 중 '식자재'를 판매·제공하는 매장,val,식자재,T2 동의어,01757e0a-7278-44bc-9fad-29595028ac3d,현대떡방앗간,방앗간,염매시장(의성중앙시장),전통시장,경상북도,,,
e5111ac641071b2b5c39,full_annotation_v1,A,q_식자재_04,기름,식료품 중 '식자재'를 판매·제공하는 매장,val,식자재,T2 동의어,0061123f-a676-4556-9633-5fbc4ecaf6ef,치즈케익카스테라카페,제과,북가좌동 골목형상점가,골목형상점가,서울특별시,,,
c1e48c6bcd7b09a0fed8,full_annotation_v1,A,q_식자재_04,기름,식료품 중 '식자재'를 판매·제공하는 매장,val,식자재,T2 동의어,c44fc36e-ee96-46f8-8f99-31214e39879a,새댁기름집,기름,정읍샘고을시장,전통시장,전북특별자치도,,,
c1fbd58bf37d669909eb,full_annotation_v1,A,q_식자재_04,기름,식료품 중 '식자재'를 판매·제공하는 매장,val,식자재,T2 동의어,2ecd6752-24ff-4ed7-8176-efde9c229108,안경 플러스,"안경, 콘택트렌즈",흥덕 다채움 골목형 상점가,골목형상점가,경기도,,,
ea0a98ae4a1b1b023548,full_annotation_v1,A,q_식자재_04,기름,식료품 중 '식자재'를 판매·제공하는 매장,val,식자재,T2 동의어,dc569198-4383-4fe3-b29b-254728473a3d,문수상회,기름,봉화상설시장,전통시장,경상북도,,,
fb558fb3b36a25aaf5cd,full_annotation_v1,A,q_식자재_04,기름,식료품 중 '식자재'를 판매·제공하는 매장,val,식자재,T2 동의어,f65bf0ef-9e3c-4ae2-89d8-667edcdf697c,남일기름,기름,암사종합시장,전통시장,서울특별시,,,
4b05c24bf89788907dd0,full_annotation_v1,A,q_식자재_04,기름,식료품 중 '식자재'를 판매·제공하는 매장,val,식자재,T2 동의어,001cb3d4-5441-4963-b517-d5b3904ee312,현창떡집,떡집,목포동부시장,전통시장,전라남도,,,
5675db353bef3cd54a09,full_annotation_v1,A,q_식자재_04,기름,식료품 중 '식자재'를 판매·제공하는 매장,val,식자재,T2 동의어,04cffa8f-5c05-444b-bde1-a3d1918cf92f,강원기름집,식용유,속초종합중앙시장,전통시장,강원특별자치도,,,
3724102bb7e6dac1e3b5,full_annotation_v1,A,q_식자재_04,기름,식료품 중 '식자재'를 판매·제공하는 매장,val,식자재,T2 동의어,6f8e50a1-b44c-4eab-9c7f-5d156884d3b7,충북기름집,기름,역곡상상시장(구 역곡북부시장),전통시장,경기도,,,
bc5becac698685ce13cc,full_annotation_v1,A,q_식자재_04,기름,식료품 중 '식자재'를 판매·제공하는 매장,val,식자재,T2 동의어,d038e0f8-2203-4ebc-8596-a9bc43ba938a,상주기름집,기름,창동신창시장,전통시장,서울특별시,,,
4cb2a21b77a985818374,full_annotation_v1,A,q_식자재_04,기름,식료품 중 '식자재'를 판매·제공하는 매장,val,식자재,T2 동의어,8e727dcf-e2f7-4338-9f30-208031d797bf,황금그릇할인매장,주방용품,하복대시장(구 하복대종합시장),전통시장,충청북도,,,
ad29be791043e8cd8cba,full_annotation_v1,A,q_식자재_04,기름,식료품 중 '식자재'를 판매·제공하는 매장,val,식자재,T2 동의어,fe998c22-1713-4828-9b48-134c13399e94,금강기름,기름,마천중앙시장,전통시장,서울특별시,,,
0665881c48a0d767ee2a,full_annotation_v1,A,q_식자재_04,기름,식료품 중 '식자재'를 판매·제공하는 매장,val,식자재,T2 동의어,4cc8e0d3-43c5-4aeb-85eb-6bc8284939f6,낙원떡집,"떡, 기름",송라시장,전통시장,대구광역시,,,
73290650a5360f5ee0a2,full_annotation_v1,A,q_식자재_04,기름,식료품 중 '식자재'를 판매·제공하는 매장,val,식자재,T2 동의어,c865c9f0-5ea7-4148-a07d-bc964e0e8950,씨(SI) 제천점,의류,제천시 원도심 상권활성화구역,상권활성화구역,충청북도,,,
2fc2fa2548c040006ff9,full_annotation_v1,A,q_식자재_04,기름,식료품 중 '식자재'를 판매·제공하는 매장,val,식자재,T2 동의어,030536cb-46fd-4817-a7a9-ba9f838a3d84,신흥기름집,기름,월정로시장,기타,서울특별시,,,
2ac38dc7d9f71ff2781e,full_annotation_v1,A,q_식자재_04,기름,식료품 중 '식자재'를 판매·제공하는 매장,val,식자재,T2 동의어,6f7102de-82e0-4ecc-b552-52f9a50a7263,부흥기름집,기름,모란전통기름시장,전통시장,경기도,,,
dc4abb87f8e5e6e532e8,full_annotation_v1,A,q_식자재_04,기름,식료품 중 '식자재'를 판매·제공하는 매장,val,식자재,T2 동의어,4bba2d6c-0783-4954-a22a-3ff92243c1d9,삼성기름집,기름,안양중앙시장,전통시장,경기도,,,
edbe966941adcc950fa4,full_annotation_v1,A,q_식자재_04,기름,식료품 중 '식자재'를 판매·제공하는 매장,val,식자재,T2 동의어,0e224dee-e545-48f6-95af-5a197b33a076,경북식품,식용유,가락몰골목형상점가,골목형상점가,서울특별시,,,
0634fef9f4c00b778e1e,full_annotation_v1,A,q_식자재_04,기름,식료품 중 '식자재'를 판매·제공하는 매장,val,식자재,T2 동의어,8927ba29-5518-4841-9103-3c9a065ecbe7,풍년상회,기름,청량리종합시장,전통시장,서울특별시,,,
2d43012214b0be741fc8,full_annotation_v1,A,q_식자재_04,기름,식료품 중 '식자재'를 판매·제공하는 매장,val,식자재,T2 동의어,02223ab5-044d-40ad-8cc7-838ed325ada0,상옥쌀상회,쌀,영일대북부시장(구 북부시장),전통시장,경상북도,,,
1d9186d846a994e6b574,full_annotation_v1,A,q_식자재_04,기름,식료품 중 '식자재'를 판매·제공하는 매장,val,식자재,T2 동의어,00e80339-1353-4885-81d7-0746a437abb2,포식 용인한숲시티점,쌀국수 돈까스 함박스테이크,남사한숲 골목형상점가,골목형상점가,경기도,,,
5720bcc6c283ffcb2534,full_annotation_v1,A,q_식자재_04,기름,식료품 중 '식자재'를 판매·제공하는 매장,val,식자재,T2 동의어,706d3198-bdb4-4b3f-87b0-0dd633c79120,아이사랑,기름,원종고강제일시장(부천제일시장),전통시장,경기도,,,
3ce5b80fda626a2b75a0,full_annotation_v1,A,q_식자재_04,기름,식료품 중 '식자재'를 판매·제공하는 매장,val,식자재,T2 동의어,128bce55-ecba-4958-b40c-075013df80c3,대화기름집,기름,연무안심시장,전통시장,충청남도,,,
85ecea58c801d6a99634,full_annotation_v1,A,q_식자재_04,기름,식료품 중 '식자재'를 판매·제공하는 매장,val,식자재,T2 동의어,d4650d69-8f44-420e-97a3-2b1be581e3cc,주병이,"김, 건어물",면목골목시장,전통시장,서울특별시,,,
64d2df10b682e815b47f,full_annotation_v1,A,q_식자재_04,기름,식료품 중 '식자재'를 판매·제공하는 매장,val,식자재,T2 동의어,6d79f014-47f3-4c13-8050-5e8e49007898,집수리 집고 신갈동점,"종합짐수리, 전기, 수도, 타일, 변기, 싱크대",흥덕 다채움 골목형 상점가,골목형상점가,경기도,,,
467531acbb0d34ec8a8e,full_annotation_v1,A,q_식자재_04,기름,식료품 중 '식자재'를 판매·제공하는 매장,val,식자재,T2 동의어,96be70a6-cf62-49bd-8903-3590c4e4b847,풍년기름집,기름,역곡상상시장(구 역곡북부시장),전통시장,경기도,,,
fdbd2920b7d24a28a246,full_annotation_v1,A,q_식자재_04,기름,식료품 중 '식자재'를 판매·제공하는 매장,val,식자재,T2 동의어,9b8b4cc1-f47b-43d6-913f-a3641d6a7e0e,화순상회,기름,소사종합시장,전통시장,경기도,,,
8a5d0889b0302dc1bcb5,full_annotation_v1,A,q_식자재_04,기름,식료품 중 '식자재'를 판매·제공하는 매장,val,식자재,T2 동의어,24951010-132d-498f-a586-0c7d6f051bf4,승현기름집,기름,오목교중앙시장,전통시장,서울특별시,,,
f3e83b793a06aff3dbe9,full_annotation_v1,A,q_식자재_04,기름,식료품 중 '식자재'를 판매·제공하는 매장,val,식자재,T2 동의어,7a26bd16-6e57-4ef0-904f-fd5da1aff2a4,시장방앗간,기름,진안시장(진안고원시장),전통시장,전북특별자치도,,,
d65c37b79053e0371f80,full_annotation_v1,A,q_식자재_04,기름,식료품 중 '식자재'를 판매·제공하는 매장,val,식자재,T2 동의어,008d07a3-ba18-4806-9ec7-48c0adb25276,아빠네 빵집,제과제빵,신창수문 골목형상점가,골목형상점가,광주광역시,,,
9c548c4416857b6c0c13,full_annotation_v1,A,q_식자재_04,기름,식료품 중 '식자재'를 판매·제공하는 매장,val,식자재,T2 동의어,b08e9710-2ab2-47be-bcb5-61acffbc6fb4,용두방앗간,기름,청운시장골목형상점가,골목형상점가,경기도,,,
efcfbed600edc3d4ffef,full_annotation_v1,A,q_식자재_04,기름,식료품 중 '식자재'를 판매·제공하는 매장,val,식자재,T2 동의어,00bf0e58-0696-472a-8a12-945c44dc9435,오복상회,쌀,백년시장(구 강북종합전통시장),전통시장,서울특별시,,,
f71ab785120bc73cf512,full_annotation_v1,A,q_식자재_04,기름,식료품 중 '식자재'를 판매·제공하는 매장,val,식자재,T2 동의어,7540e538-b667-4174-baec-01660bf44a7c,칠성기름집,기름,왜관시장,전통시장,경상북도,,,
9a2338c08a63a4bcacf1,full_annotation_v1,A,q_식자재_04,기름,식료품 중 '식자재'를 판매·제공하는 매장,val,식자재,T2 동의어,005313c8-dce8-49b6-9841-9143ebb1305a,동원떡집,,박달시장,전통시장,경기도,,,
fa6246cb514393dfdd6e,full_annotation_v1,A,q_식자재_04,기름,식료품 중 '식자재'를 판매·제공하는 매장,val,식자재,T2 동의어,7ff9a001-79f8-48d9-9cce-2978c57ee241,대전기름집,기름,오류전통시장(오류빤짝시장),전통시장,대전광역시,,,
8028900cb7c414e1f0aa,full_annotation_v1,A,q_식자재_04,기름,식료품 중 '식자재'를 판매·제공하는 매장,val,식자재,T2 동의어,68f18788-24dd-4d2e-859f-efb19fe82eb6,풍년기름집,기름,구월시장,전통시장,인천광역시,,,
925a0ebc93e5c6e393be,full_annotation_v1,A,q_식자재_04,기름,식료품 중 '식자재'를 판매·제공하는 매장,val,식자재,T2 동의어,23f79b5b-9a63-41fb-b140-0c4487b2affb,대복기름집,기름,부천강남시장,전통시장,경기도,,,
7cf9fce49e08d48c3231,full_annotation_v1,A,q_식자재_04,기름,식료품 중 '식자재'를 판매·제공하는 매장,val,식자재,T2 동의어,5bb4fa4f-9922-44c0-b2a1-01c604566fd3,중앙기름집,기름,홍천시장(홍천구시장),전통시장,강원특별자치도,,,
fab1bc8291d142606e54,full_annotation_v1,A,q_식자재_04,기름,식료품 중 '식자재'를 판매·제공하는 매장,val,식자재,T2 동의어,03e3e424-656a-46ea-82b7-21bcc07cae47,초왕상회,"곡물, 농산물",전주남부시장,전통시장,전북특별자치도,,,
58a3ce43e1fd85692f3a,full_annotation_v1,A,q_식자재_04,기름,식료품 중 '식자재'를 판매·제공하는 매장,val,식자재,T2 동의어,d51a889e-0b72-4272-a5b8-93e9ed52ad8e,호계참기름,기름,호계종합시장,전통시장,경기도,,,
3648be8f807a075f6c88,full_annotation_v1,A,q_식자재_04,기름,식료품 중 '식자재'를 판매·제공하는 매장,val,식자재,T2 동의어,4c5e6e03-ffe9-450f-b20e-4c52502dd005,충남기름집,기름,경동시장,전통시장,서울특별시,,,
de6f35666df45a3e37cd,full_annotation_v1,A,q_식자재_04,기름,식료품 중 '식자재'를 판매·제공하는 매장,val,식자재,T2 동의어,ae31d15c-8619-4903-8276-ca158342ae43,유이레(YUIRE),악세사리,플레이사계 지오단길 골목형상점가,골목형상점가,제주특별자치도,,,
94760851ca08da247deb,full_annotation_v1,A,q_식자재_04,기름,식료품 중 '식자재'를 판매·제공하는 매장,val,식자재,T2 동의어,c086618e-572f-428b-892d-41cd46bc6833,동명기름,"고추, 기름",강릉성남시장,전통시장,강원특별자치도,,,
97ab84c17183ab29d2bb,full_annotation_v1,A,q_식자재_04,기름,식료품 중 '식자재'를 판매·제공하는 매장,val,식자재,T2 동의어,034f637f-e1c0-4e3c-99a7-eb7c8deb055a,청풍상회,곡물,내토전통시장,전통시장,충청북도,,,
96cc86f32ca007667ac9,full_annotation_v1,A,q_식자재_04,기름,식료품 중 '식자재'를 판매·제공하는 매장,val,식자재,T2 동의어,ffcab518-f7d5-49e1-aa49-0b41bcfb5b9c,한라기름집,기름,동문재래시장,전통시장,제주특별자치도,,,
225728b69ba483022ec2,full_annotation_v1,A,q_식자재_04,기름,식료품 중 '식자재'를 판매·제공하는 매장,val,식자재,T2 동의어,e0875a25-d6ef-4bab-aedf-a564aea1e7ad,진미기름,기름,포항죽도시장,전통시장,경상북도,,,
97e2f6bc5943afc01753,full_annotation_v1,A,q_식자재_04,기름,식료품 중 '식자재'를 판매·제공하는 매장,val,식자재,T2 동의어,a05f1488-9da4-4611-bd84-c9480dcb9be8,진미상회,기름,중리시장,전통시장,대전광역시,,,
4ce0add146f76ecbf777,full_annotation_v1,A,q_식자재_04,기름,식료품 중 '식자재'를 판매·제공하는 매장,val,식자재,T2 동의어,0b8ef6dc-2f6b-4707-bd73-529122d9c97a,하단떡집,떡집,하단오일상설시장,전통시장,부산광역시,,,
876a6a47f568d7f0611c,full_annotation_v1,A,q_식자재_04,기름,식료품 중 '식자재'를 판매·제공하는 매장,val,식자재,T2 동의어,ce6e34a0-ecb1-4078-a0cb-7729463f53fc,미모아화장품,화장품,사천 삼천포중앙시장,전통시장,경상남도,,,
b7989e09d304cb86027f,full_annotation_v1,A,q_식자재_04,기름,식료품 중 '식자재'를 판매·제공하는 매장,val,식자재,T2 동의어,bf033087-b9c2-46ea-92d9-546fa63a1178,오복기름집,기름,모란전통기름시장,전통시장,경기도,,,
562f6780f9c771b5c1fb,full_annotation_v1,A,q_식자재_04,기름,식료품 중 '식자재'를 판매·제공하는 매장,val,식자재,T2 동의어,531cdc25-2ce4-4938-b76e-c687fd22d503,영남기름집,기름,오산오색시장(구 오산중앙시장),전통시장,경기도,,,
c043b87e55035dd0bc6b,full_annotation_v1,A,q_식자재_04,기름,식료품 중 '식자재'를 판매·제공하는 매장,val,식자재,T2 동의어,0046e3b5-e973-4cc0-807c-acb34ad8e262,야음민속떡집,제조업(떡방앗간),울산번개시장,전통시장,울산광역시,,,
68a5d7cb9a7609e05439,full_annotation_v1,A,q_식자재_04,기름,식료품 중 '식자재'를 판매·제공하는 매장,val,식자재,T2 동의어,2780c52b-08dc-4133-8b30-4b993563ec19,가창기름,기름,장미원골목시장,전통시장,서울특별시,,,
9d46787af8e48cc4bd8e,full_annotation_v1,A,q_식자재_04,기름,식료품 중 '식자재'를 판매·제공하는 매장,val,식자재,T2 동의어,01859206-536a-40a7-be1e-c8610663a665,동원참기름,참기름,안강공설시장,전통시장,경상북도,,,
62a3d88cc620c76a386b,full_annotation_v1,A,q_식자재_04,기름,식료품 중 '식자재'를 판매·제공하는 매장,val,식자재,T2 동의어,ebdbf2c4-6190-4c5c-91c4-ddd289fa24d8,단골기름집,기름,제천중앙시장,전통시장,충청북도,,,
5405c75b5bb318dd044e,full_annotation_v1,A,q_식자재_04,기름,식료품 중 '식자재'를 판매·제공하는 매장,val,식자재,T2 동의어,776cc839-c8d0-494a-a898-c6583fb2d51c,봉천기름고추상회,기름,강릉성남시장,전통시장,강원특별자치도,,,
6ee418b13b5197c54978,full_annotation_v1,A,q_식자재_04,기름,식료품 중 '식자재'를 판매·제공하는 매장,val,식자재,T2 동의어,233a6c5e-2e7e-4b74-bd0f-e2d6aa1b9fec,사슴기름집,기름,왜관시장,전통시장,경상북도,,,
bbae9bc63278aac8edcf,full_annotation_v1,A,q_식자재_04,기름,식료품 중 '식자재'를 판매·제공하는 매장,val,식자재,T2 동의어,011f646c-0d2f-4770-a90e-d5d39e580d38,올 푸드,식자재,두암시장,전통시장,광주광역시,,,
9b196dda5b71c6535585,full_annotation_v1,A,q_식자재_04,기름,식료품 중 '식자재'를 판매·제공하는 매장,val,식자재,T2 동의어,a7e2a240-3ce6-4855-8fd9-9fd6662c3478,현대기름집,기름,모란종합시장,전통시장,경기도,,,
ee8b3659f77726be669b,full_annotation_v1,A,q_식자재_04,기름,식료품 중 '식자재'를 판매·제공하는 매장,val,식자재,T2 동의어,71e3e120-751b-4b88-9ded-24e854360f03,삼미기름집,기름,강릉성남시장,전통시장,강원특별자치도,,,
8d5d76848f2fb286a608,full_annotation_v1,A,q_식자재_04,기름,식료품 중 '식자재'를 판매·제공하는 매장,val,식자재,T2 동의어,001bc028-a43e-44d4-9682-db280a4998cc,파리바게뜨전주근영점,제과점,근영누리 골목형상점가,골목형상점가,전북특별자치도,,,
31a43b67d1a2229da6e4,full_annotation_v1,A,q_식자재_04,기름,식료품 중 '식자재'를 판매·제공하는 매장,val,식자재,T2 동의어,d2182dc7-fcc5-4737-8b9e-02921b373348,현대참기름,기름,포항큰동해시장,전통시장,경상북도,,,
bf4069ea632d3ad240a5,full_annotation_v1,A,q_식자재_04,기름,식료품 중 '식자재'를 판매·제공하는 매장,val,식자재,T2 동의어,c98117a8-0faa-4c7f-b9de-43745aabb18d,가나식품,기름,익산장(구 북부장),전통시장,전북특별자치도,,,
e52179102369c80283dd,full_annotation_v1,A,q_식자재_04,기름,식료품 중 '식자재'를 판매·제공하는 매장,val,식자재,T2 동의어,dd894757-bc6e-4a30-b01c-dfdf5dde1296,정선기름집,기름,정선아리랑시장,전통시장,강원특별자치도,,,
491c25cab7962d4bd199,full_annotation_v1,A,q_식자재_04,기름,식료품 중 '식자재'를 판매·제공하는 매장,val,식자재,T2 동의어,dbfe7e88-9b05-4c8d-973f-6c41417600ef,아난다요가,요가원,홍산로 골목형상점가,골목형상점가,전북특별자치도,,,
6a92d19eb0cfb69c91c4,full_annotation_v1,A,q_식자재_04,기름,식료품 중 '식자재'를 판매·제공하는 매장,val,식자재,T2 동의어,822d683e-7de6-4c9a-9dc2-73d2c6b73cf4,광명기름집,기름,용현시장,전통시장,인천광역시,,,
bea3ad99eb189712a5d8,full_annotation_v1,A,q_식자재_04,기름,식료품 중 '식자재'를 판매·제공하는 매장,val,식자재,T2 동의어,95bf6cba-5d06-44c9-9611-257970a31ffe,서울기름집,기름,모란전통기름시장,전통시장,경기도,,,
ef3594c42233569a9fe6,full_annotation_v1,A,q_식자재_04,기름,식료품 중 '식자재'를 판매·제공하는 매장,val,식자재,T2 동의어,1114e3d6-a621-41b7-9595-23e0e4b352e4,용남기름집,기름,통영 북신전통시장,전통시장,경상남도,,,
b69be6d930dbb45c2eee,full_annotation_v1,A,q_식자재_04,기름,식료품 중 '식자재'를 판매·제공하는 매장,val,식자재,T2 동의어,4773295e-7055-4cf3-9baa-766d78748081,영남기름집,기름,면목골목시장,전통시장,서울특별시,,,
a60ce0f1182dbec5b5f4,full_annotation_v1,A,q_식자재_04,기름,식료품 중 '식자재'를 판매·제공하는 매장,val,식자재,T2 동의어,95cdf8fb-c098-4cbb-82fa-1c6af3bb3fbc,봉천기름고추상회,기름,강릉성남시장,전통시장,강원특별자치도,,,
e0cb0f2b9eba70e363d2,full_annotation_v1,A,q_식자재_04,기름,식료품 중 '식자재'를 판매·제공하는 매장,val,식자재,T2 동의어,00362b85-cb9a-4318-9059-12f768d76197,파리바게뜨전주인후점,제과점,소나무 골목형상점가,골목형상점가,전북특별자치도,,,
6d83a836507439dc118c,full_annotation_v1,A,q_식자재_04,기름,식료품 중 '식자재'를 판매·제공하는 매장,val,식자재,T2 동의어,6aa1604b-5ee3-40e9-82fe-ee7c2b2267bf,그릿심리상담코칭센터,심리상담 및 교육 심리평가,포레나 골목형상점가,골목형상점가,전북특별자치도,,,
0b6891b2da180200d04c,full_annotation_v1,A,q_식자재_04,기름,식료품 중 '식자재'를 판매·제공하는 매장,val,식자재,T2 동의어,b1b2bbcd-49f5-44a4-bef6-90e9f0180cbc,가장맛있는족발 원주혁신점,족발,혁신도시5구역골목형상점가,골목형상점가,강원특별자치도,,,
b168cba4eb5b915affb6,full_annotation_v1,A,q_식자재_04,기름,식료품 중 '식자재'를 판매·제공하는 매장,val,식자재,T2 동의어,00eca8e7-b158-4572-b540-c241f4ad2546,거창상회,식자재,충무동 새벽시장,전통시장,부산광역시,,,
bbdfd813bb3a73147f3f,full_annotation_v1,A,q_식자재_05,방앗간,식료품 중 '식자재'를 판매·제공하는 매장,val,식자재,T2 동의어,00fea2e0-f294-46b6-af68-655475e888be,동양유통,"곡물, 식자재",김해새벽시장,기타,경상남도,,,
bfb185c032b7a05cad0b,full_annotation_v1,A,q_식자재_05,방앗간,식료품 중 '식자재'를 판매·제공하는 매장,val,식자재,T2 동의어,a094cd59-95c1-4b7c-ab45-59435adb380d,유촌댁방앗간,방앗간,월배시장,전통시장,대구광역시,,,
9eefb9641cf221280a4f,full_annotation_v1,A,q_식자재_05,방앗간,식료품 중 '식자재'를 판매·제공하는 매장,val,식자재,T2 동의어,b77b3a52-1ac7-4304-b3c3-861dc515256c,시장떡방앗간,방앗간,문경전통시장,전통시장,경상북도,,,
d724c42a545cb33d49f5,full_annotation_v1,A,q_식자재_05,방앗간,식료품 중 '식자재'를 판매·제공하는 매장,val,식자재,T2 동의어,ccb08e11-1677-4eb3-9914-f5b6fe171fd5,충남상회,방앗간,당진전통시장,전통시장,충청남도,,,
29e15b7918c0301c8f76,full_annotation_v1,A,q_식자재_05,방앗간,식료품 중 '식자재'를 판매·제공하는 매장,val,식자재,T2 동의어,03e3e424-656a-46ea-82b7-21bcc07cae47,초왕상회,"곡물, 농산물",전주남부시장,전통시장,전북특별자치도,,,
4659176a4aa36a1b11d2,full_annotation_v1,A,q_식자재_05,방앗간,식료품 중 '식자재'를 판매·제공하는 매장,val,식자재,T2 동의어,6f88223f-9aad-42bc-a6d8-0c12c732b4fb,고성방앗간,방앗간,고성동벚꽃 골목형상점가,골목형상점가,대구광역시,,,
4003074907e368800cd1,full_annotation_v1,A,q_식자재_05,방앗간,식료품 중 '식자재'를 판매·제공하는 매장,val,식자재,T2 동의어,7d2d090c-245c-44d3-ac9e-1f2809a7d2e5,태양상회,방앗간,기장시장,전통시장,부산광역시,,,
e935e620b0f428aa19b9,full_annotation_v1,A,q_식자재_05,방앗간,식료품 중 '식자재'를 판매·제공하는 매장,val,식자재,T2 동의어,bd49eb1a-3b7e-4d58-a057-2c43e546737d,원기홍삼,건강원,금산금빛시장(금산시장),전통시장,충청남도,,,
ce28507f012b78f1959f,full_annotation_v1,A,q_식자재_05,방앗간,식료품 중 '식자재'를 판매·제공하는 매장,val,식자재,T2 동의어,64b10069-e634-415a-b591-82a94ab0dde5,석교방앗간,방앗간,청주육거리종합시장,전통시장,충청북도,,,
f8646da018377feec6ce,full_annotation_v1,A,q_식자재_05,방앗간,식료품 중 '식자재'를 판매·제공하는 매장,val,식자재,T2 동의어,022ece99-80e4-453c-91c0-f46f8527e7ab,구즉방아간,방앗간,송강전통시장,전통시장,대전광역시,,,
4418611bed45e250898a,full_annotation_v1,A,q_식자재_05,방앗간,식료품 중 '식자재'를 판매·제공하는 매장,val,식자재,T2 동의어,e12a85e3-d2e3-4128-92ec-3cc9a7349c82,그린한의원,한의원,남천골목시장 골목형상점가,골목형상점가,부산광역시,,,
75cd2dbc66037bc40711,full_annotation_v1,A,q_식자재_05,방앗간,식료품 중 '식자재'를 판매·제공하는 매장,val,식자재,T2 동의어,69c6c106-bf20-44c7-8706-59de5fb91e85,부부기름집,방앗간,남양시장골목형상점가,골목형상점가,경기도,,,
da263e397fa0302a75bd,full_annotation_v1,A,q_식자재_05,방앗간,식료품 중 '식자재'를 판매·제공하는 매장,val,식자재,T2 동의어,7e9aa7e1-2c67-40ad-b68f-6a4b727efd3c,중앙방앗간,방앗간,비아5일시장,전통시장,광주광역시,,,
0c3686834da933b1573a,full_annotation_v1,A,q_식자재_05,방앗간,식료품 중 '식자재'를 판매·제공하는 매장,val,식자재,T2 동의어,ecd4677d-883e-4b79-adb8-e86cae95ee28,조은떡방앗간,방앗간,목행시장,전통시장,충청북도,,,
afe1fd2c3b9496b60fac,full_annotation_v1,A,q_식자재_05,방앗간,식료품 중 '식자재'를 판매·제공하는 매장,val,식자재,T2 동의어,90159618-1222-4e71-870f-d637bcbc152d,수원샘터방앗간,방앗간,정자시장,전통시장,경기도,,,
6f4ee9411c9142597509,full_annotation_v1,A,q_식자재_05,방앗간,식료품 중 '식자재'를 판매·제공하는 매장,val,식자재,T2 동의어,6afb3657-f747-4521-bed3-17604b9c4162,삼촌네 방앗간,방앗간,동원전통종합시장,전통시장,서울특별시,,,
9e6bb013e3781bf88da8,full_annotation_v1,A,q_식자재_05,방앗간,식료품 중 '식자재'를 판매·제공하는 매장,val,식자재,T2 동의어,0de68cb0-4bec-4ae4-bce8-582b9d24ff54,365큰약국,"약국-의약품, 건강기능식품, 의료용품등",두산동밤마실거리 골목형상점가,골목형상점가,대구광역시,,,
1abbbe9862ccb575e0aa,full_annotation_v1,A,q_식자재_05,방앗간,식료품 중 '식자재'를 판매·제공하는 매장,val,식자재,T2 동의어,8e4188e3-fc9a-49e0-a896-b0a4f7a9b950,동서시장한빛건설기계,농산물,청량리청과물시장,전통시장,서울특별시,,,
e9f45421ebdc8e249e63,full_annotation_v1,A,q_식자재_05,방앗간,식료품 중 '식자재'를 판매·제공하는 매장,val,식자재,T2 동의어,ca4557cd-091a-42d7-80ec-ea54840a480c,민속방앗간,방앗간,장호원전통시장,전통시장,경기도,,,
9db287f8290ac3599f46,full_annotation_v1,A,q_식자재_05,방앗간,식료품 중 '식자재'를 판매·제공하는 매장,val,식자재,T2 동의어,ef74b5a3-8a03-4477-80b2-dd31a72b4143,김씨방앗간,방앗간,보은전통시장,전통시장,충청북도,,,
a071defd97b2ea39f0b4,full_annotation_v1,A,q_식자재_05,방앗간,식료품 중 '식자재'를 판매·제공하는 매장,val,식자재,T2 동의어,9803ac6c-318f-413f-ac37-8cd12f50c434,중앙방앗간,방앗간,덕정시장,기타,경기도,,,
c284f1e79bcb26c3b6b7,full_annotation_v1,A,q_식자재_05,방앗간,식료품 중 '식자재'를 판매·제공하는 매장,val,식자재,T2 동의어,8bf90dbc-f5ff-4676-9b13-2fdd3f09a14f,일호방앗간,방앗간,증평장뜰재래시장,전통시장,충청북도,,,
9943359fcb12438aac4e,full_annotation_v1,A,q_식자재_05,방앗간,식료품 중 '식자재'를 판매·제공하는 매장,val,식자재,T2 동의어,3bf824dd-128f-42cb-b487-0d002356a0f8,평안떡방앗간,방앗간,동부시장,전통시장,인천광역시,,,
164ab79456bde2e95e42,full_annotation_v1,A,q_식자재_05,방앗간,식료품 중 '식자재'를 판매·제공하는 매장,val,식자재,T2 동의어,583dcc6c-2e1c-4929-8b0a-94cf4457ceaf,그랜드악기사,악기,낙원악기상가,전통시장,서울특별시,,,
ab0914071547f2f9ff48,full_annotation_v1,A,q_식자재_05,방앗간,식료품 중 '식자재'를 판매·제공하는 매장,val,식자재,T2 동의어,06bbe239-5774-4794-91c3-b45901659200,성진상회,식용유,고성시장,전통시장,경상남도,,,
7ec021c8f106a62a25b4,full_annotation_v1,A,q_식자재_05,방앗간,식료품 중 '식자재'를 판매·제공하는 매장,val,식자재,T2 동의어,01859206-536a-40a7-be1e-c8610663a665,동원참기름,참기름,안강공설시장,전통시장,경상북도,,,
168c8ef2405cfe446c13,full_annotation_v1,A,q_식자재_05,방앗간,식료품 중 '식자재'를 판매·제공하는 매장,val,식자재,T2 동의어,c8b34c2d-d4d0-4e64-b003-b39b73c88886,제일방앗간,방앗간,청주육거리종합시장,전통시장,충청북도,,,
88986d322b7d99bdccd1,full_annotation_v1,A,q_식자재_05,방앗간,식료품 중 '식자재'를 판매·제공하는 매장,val,식자재,T2 동의어,be43655b-fa88-42f0-9648-aa7d2c0c5835,황금들녁,방앗간,동두천중앙시장,전통시장,경기도,,,
f1a0d869116b995b64f5,full_annotation_v1,A,q_식자재_05,방앗간,식료품 중 '식자재'를 판매·제공하는 매장,val,식자재,T2 동의어,a5b4d316-89b3-4fa3-9cf8-48c182f0dbf4,고현방앗간,방앗간,거제 고현시장,전통시장,경상남도,,,
332d004646e26a51d465,full_annotation_v1,A,q_식자재_05,방앗간,식료품 중 '식자재'를 판매·제공하는 매장,val,식자재,T2 동의어,3639ba02-4e06-4c5f-9541-8fd119750865,참살이방앗간,방앗간,석소 골목형상점가,골목형상점가,전북특별자치도,,,
bcd173aa93f7cedc1156,full_annotation_v1,A,q_식자재_05,방앗간,식료품 중 '식자재'를 판매·제공하는 매장,val,식자재,T2 동의어,0668e206-a76a-4eab-8d0a-9485eced8f79,연자방앗간,방앗간,대해불빛시장(대해종합시장),전통시장,경상북도,,,
e212a749ae3f8dbfcc1c,full_annotation_v1,A,q_식자재_05,방앗간,식료품 중 '식자재'를 판매·제공하는 매장,val,식자재,T2 동의어,3489ef39-b782-4468-8e92-284d9b7018da,서천방앗간,방앗간,보령중앙시장,전통시장,충청남도,,,
f46e059ea77a195adda7,full_annotation_v1,A,q_식자재_05,방앗간,식료품 중 '식자재'를 판매·제공하는 매장,val,식자재,T2 동의어,04cffa8f-5c05-444b-bde1-a3d1918cf92f,강원기름집,식용유,속초종합중앙시장,전통시장,강원특별자치도,,,
2c13056e0fbf5c80530e,full_annotation_v1,A,q_식자재_05,방앗간,식료품 중 '식자재'를 판매·제공하는 매장,val,식자재,T2 동의어,001cb3d4-5441-4963-b517-d5b3904ee312,현창떡집,떡집,목포동부시장,전통시장,전라남도,,,
42eea300a1b20bfead9d,full_annotation_v1,A,q_식자재_05,방앗간,식료품 중 '식자재'를 판매·제공하는 매장,val,식자재,T2 동의어,f8049285-d762-4e55-956a-e477fb4ea2c9,그린방앗간,방앗간,충주무학시장,전통시장,충청북도,,,
70288512a8b9735dae0f,full_annotation_v1,A,q_식자재_05,방앗간,식료품 중 '식자재'를 판매·제공하는 매장,val,식자재,T2 동의어,001bc028-a43e-44d4-9682-db280a4998cc,파리바게뜨전주근영점,제과점,근영누리 골목형상점가,골목형상점가,전북특별자치도,,,
7de5cfa5908d2b33cc89,full_annotation_v1,A,q_식자재_05,방앗간,식료품 중 '식자재'를 판매·제공하는 매장,val,식자재,T2 동의어,f56b5dd3-41af-459e-8c1e-b005b6524350,맛나니,방앗간,거창 전통시장,전통시장,경상남도,,,
de03d15b5499cdd7d844,full_annotation_v1,A,q_식자재_05,방앗간,식료품 중 '식자재'를 판매·제공하는 매장,val,식자재,T2 동의어,015915e3-2542-4245-b627-0c775b4c5501,한내떡집,,거제 고현시장,전통시장,경상남도,,,
7e75acaa4f62a1d3ba65,full_annotation_v1,A,q_식자재_05,방앗간,식료품 중 '식자재'를 판매·제공하는 매장,val,식자재,T2 동의어,0b8ef6dc-2f6b-4707-bd73-529122d9c97a,하단떡집,떡집,하단오일상설시장,전통시장,부산광역시,,,
34d0d7422ab6abc5d19f,full_annotation_v1,A,q_식자재_05,방앗간,식료품 중 '식자재'를 판매·제공하는 매장,val,식자재,T2 동의어,008d07a3-ba18-4806-9ec7-48c0adb25276,아빠네 빵집,제과제빵,신창수문 골목형상점가,골목형상점가,광주광역시,,,
3c935e12a0a8db69fbff,full_annotation_v1,A,q_식자재_05,방앗간,식료품 중 '식자재'를 판매·제공하는 매장,val,식자재,T2 동의어,021bf03c-8b83-4288-89c5-15a4a162142b,신선식품,식자재,사천읍시장,전통시장,경상남도,,,
ab3f8999d1d718ed734a,full_annotation_v1,A,q_식자재_05,방앗간,식료품 중 '식자재'를 판매·제공하는 매장,val,식자재,T2 동의어,9e526487-430c-40ed-b390-924a8cc0e686,풍년방앗간,방앗간,산성시장,전통시장,대전광역시,,,
c885cb9db1ba2fb51c44,full_annotation_v1,A,q_식자재_05,방앗간,식료품 중 '식자재'를 판매·제공하는 매장,val,식자재,T2 동의어,005313c8-dce8-49b6-9841-9143ebb1305a,동원떡집,,박달시장,전통시장,경기도,,,
a5957552d10a2c6d393b,full_annotation_v1,A,q_식자재_05,방앗간,식료품 중 '식자재'를 판매·제공하는 매장,val,식자재,T2 동의어,164f199f-5a51-4a39-abf2-4706dbe54f30,깨울림 방앗간,방앗간,길동복조리시장,전통시장,서울특별시,,,
70b40623b591b3a51372,full_annotation_v1,A,q_식자재_05,방앗간,식료품 중 '식자재'를 판매·제공하는 매장,val,식자재,T2 동의어,4af45a52-ed1b-408b-9a54-a8e5b7b6d63d,고향참기름,방앗간,도량3주공상점가,골목형상점가,경상북도,,,
a1b687077d8c44a63ff4,full_annotation_v1,A,q_식자재_05,방앗간,식료품 중 '식자재'를 판매·제공하는 매장,val,식자재,T2 동의어,011f646c-0d2f-4770-a90e-d5d39e580d38,올 푸드,식자재,두암시장,전통시장,광주광역시,,,
60a392ccf72f58a8568f,full_annotation_v1,A,q_식자재_05,방앗간,식료품 중 '식자재'를 판매·제공하는 매장,val,식자재,T2 동의어,0e061b57-91eb-44c9-8651-2eec144f2182,천도방앗간,방앗간,유구시장,전통시장,충청남도,,,
b98b63838dee18f2ce70,full_annotation_v1,A,q_식자재_05,방앗간,식료품 중 '식자재'를 판매·제공하는 매장,val,식자재,T2 동의어,1b319346-56d8-4130-9f4f-bff4306342c7,찬성방앗간,방앗간,단양구경시장(단양인정시장),전통시장,충청북도,,,
d556e52e0c3485ee09cf,full_annotation_v1,A,q_식자재_05,방앗간,식료품 중 '식자재'를 판매·제공하는 매장,val,식자재,T2 동의어,00e30e5a-4662-4e65-9b6c-dd704886f1af,믿음떡집,떡방앗간,문창시장,전통시장,대전광역시,,,
b8f190d70baa8e501d33,full_annotation_v1,A,q_식자재_05,방앗간,식료품 중 '식자재'를 판매·제공하는 매장,val,식자재,T2 동의어,ecc260a0-2e2b-4828-8bbd-8caa5d5aa13b,대흥상회,방앗간,수유재래시장,전통시장,서울특별시,,,
c50e8f6595e1a232b028,full_annotation_v1,A,q_식자재_05,방앗간,식료품 중 '식자재'를 판매·제공하는 매장,val,식자재,T2 동의어,d91691df-a531-4e84-aed3-2fec2d357ec6,진부방앗간,방앗간,서산동부전통시장,전통시장,충청남도,,,
6b49f98c3c17658ad978,full_annotation_v1,A,q_식자재_05,방앗간,식료품 중 '식자재'를 판매·제공하는 매장,val,식자재,T2 동의어,9ac54b6f-6d7f-4fd9-a62c-497e052dd1e1,낙원떡집,방앗간,신현회화골목형상점가,골목형상점가,인천광역시,,,
dd8df5e6a68522199476,full_annotation_v1,A,q_식자재_05,방앗간,식료품 중 '식자재'를 판매·제공하는 매장,val,식자재,T2 동의어,2c14212f-0758-4f0a-982e-49f24140cc75,새삼방앗간,방앗간,오치동 천지인로 골목형상점가,골목형상점가,광주광역시,,,
ac772f56f2ec7cfac167,full_annotation_v1,A,q_식자재_05,방앗간,식료품 중 '식자재'를 판매·제공하는 매장,val,식자재,T2 동의어,013444f9-7e9b-4640-84f0-43ac071ef57f,대림고추방아,"고추가루, 기름",부천강남시장,전통시장,경기도,,,
2a99f33a531f6b0f326b,full_annotation_v1,A,q_식자재_05,방앗간,식료품 중 '식자재'를 판매·제공하는 매장,val,식자재,T2 동의어,73bc4f24-c6fb-4193-8a8c-ec31c47d6648,제일방앗간,방앗간,석소 골목형상점가,골목형상점가,전북특별자치도,,,
f6e96dc790ed3c29874f,full_annotation_v1,A,q_식자재_05,방앗간,식료품 중 '식자재'를 판매·제공하는 매장,val,식자재,T2 동의어,bc6a9fde-b80f-4009-adf5-5a0447689047,장수방앗간,방앗간,신기골목형상점가,골목형상점가,전라남도,,,
3b9226f73342d0e47918,full_annotation_v1,A,q_식자재_05,방앗간,식료품 중 '식자재'를 판매·제공하는 매장,val,식자재,T2 동의어,95c6de75-ef83-448e-a989-afc58a229f85,무등방앗간,방앗간,무등시장,전통시장,광주광역시,,,
35ba9414155352fd1855,full_annotation_v1,A,q_식자재_05,방앗간,식료품 중 '식자재'를 판매·제공하는 매장,val,식자재,T2 동의어,ae737912-525e-4ec7-b49d-812023f3a0d0,부산상회,방앗간,마산어시장,전통시장,경상남도,,,
25042a0865e03ce584af,full_annotation_v1,A,q_식자재_05,방앗간,식료품 중 '식자재'를 판매·제공하는 매장,val,식자재,T2 동의어,57dad038-5365-4d5a-b087-7e15d9876f77,종삼방앗간,방앗간,목도시장,전통시장,충청북도,,,
92af61f02f293d3b2592,full_annotation_v1,A,q_식자재_05,방앗간,식료품 중 '식자재'를 판매·제공하는 매장,val,식자재,T2 동의어,fa43b470-abb2-4692-8539-cf368dcaf413,금호떡방앗간,방앗간,문흥금호아파트 골목형상점가,골목형상점가,광주광역시,,,
eb304aedb57dcb14b90d,full_annotation_v1,A,q_식자재_05,방앗간,식료품 중 '식자재'를 판매·제공하는 매장,val,식자재,T2 동의어,002d0d06-15b2-463e-b789-b0232bcc6681,뚜레주르버들마을점,제과,버들마을상인회 골목형상점가,골목형상점가,광주광역시,,,
3a600b9375ed30014576,full_annotation_v1,A,q_식자재_05,방앗간,식료품 중 '식자재'를 판매·제공하는 매장,val,식자재,T2 동의어,001961d9-cb5d-40bc-903a-33d483f7d132,헬씨스탠다드,"건강기능식품, 쌀, 견과류, 약재",응암소담길 골목형상점가,골목형상점가,서울특별시,,,
290b1a56815aeddce9f7,full_annotation_v1,A,q_식자재_05,방앗간,식료품 중 '식자재'를 판매·제공하는 매장,val,식자재,T2 동의어,ab8ef41e-22e1-4b35-99d5-44460be5d78a,으뜸방앗간,방앗간,부평종합시장,전통시장,인천광역시,,,
72ba7ca4284e74386a22,full_annotation_v1,A,q_식자재_05,방앗간,식료품 중 '식자재'를 판매·제공하는 매장,val,식자재,T2 동의어,2ef314bf-6347-4439-beef-cfed5daf5f7d,자매방앗간,방앗간,여수교동시장,전통시장,전라남도,,,
4e35fbcd48e44939a7e3,full_annotation_v1,A,q_식자재_05,방앗간,식료품 중 '식자재'를 판매·제공하는 매장,val,식자재,T2 동의어,0061123f-a676-4556-9633-5fbc4ecaf6ef,치즈케익카스테라카페,제과,북가좌동 골목형상점가,골목형상점가,서울특별시,,,
330024eb156b7f71ffb2,full_annotation_v1,A,q_식자재_05,방앗간,식료품 중 '식자재'를 판매·제공하는 매장,val,식자재,T2 동의어,1d768ef0-10b3-47dd-8484-a8efc8b8e197,김천떡방앗간,방앗간,김천황금시장,전통시장,경상북도,,,
4e9eb5167d12e5b6d6df,full_annotation_v1,A,q_식자재_05,방앗간,식료품 중 '식자재'를 판매·제공하는 매장,val,식자재,T2 동의어,72267db7-d2ea-4b5d-b3b6-4206fdc879fe,풍년방앗간,방앗간,창원 명서시장,전통시장,경상남도,,,
2ccfb238de62d9c96bbd,full_annotation_v1,A,q_식자재_05,방앗간,식료품 중 '식자재'를 판매·제공하는 매장,val,식자재,T2 동의어,ace4f607-7789-48d8-956a-e01aeffc104e,아씨시,의류,과천새서울프라자시장,전통시장,경기도,,,
e4cca1d082c99597ee96,full_annotation_v1,A,q_식자재_05,방앗간,식료품 중 '식자재'를 판매·제공하는 매장,val,식자재,T2 동의어,dc9b25d4-67d7-4502-a8f2-68e9bc08b22f,고향떡집,방앗간,수성현대시장,전통시장,대구광역시,,,
b26c1a727be930df9a1c,full_annotation_v1,A,q_식자재_05,방앗간,식료품 중 '식자재'를 판매·제공하는 매장,val,식자재,T2 동의어,4913750d-087c-401b-a29e-685f89cd8be2,동신방앗간,방앗간,평택통복시장,전통시장,경기도,,,
c6755bac94ae675e8924,full_annotation_v1,A,q_식자재_05,방앗간,식료품 중 '식자재'를 판매·제공하는 매장,val,식자재,T2 동의어,2d9d4d43-dbaf-49a5-8940-cb6672b338fd,참새방앗간,방앗간,영동전통시장,전통시장,충청북도,,,
7cabc22b15d7f5cab794,full_annotation_v1,A,q_식자재_05,방앗간,식료품 중 '식자재'를 판매·제공하는 매장,val,식자재,T2 동의어,5d72db96-ac8b-4e3e-ac0b-a6e837d514fb,하나로상사,방앗간,양산 남부시장상가,전통시장,경상남도,,,
b5cff2b1c8c4e7b3d780,full_annotation_v1,A,q_식자재_05,방앗간,식료품 중 '식자재'를 판매·제공하는 매장,val,식자재,T2 동의어,6da8f347-dc38-4ef4-b022-02656ebffb04,춘천방앗간,방앗간,군포당동로시장상점가,골목형상점가,경기도,,,
c9e7fe569504f06edaed,full_annotation_v1,A,q_식자재_05,방앗간,식료품 중 '식자재'를 판매·제공하는 매장,val,식자재,T2 동의어,f6110e70-4dd0-4c61-b801-8143fe8bfbaf,옥희네 방앗간,"농산물, 방앗간",포항큰동해시장,전통시장,경상북도,,,
a78fcb4235c74c412ee5,full_annotation_v1,A,q_식자재_05,방앗간,식료품 중 '식자재'를 판매·제공하는 매장,val,식자재,T2 동의어,0017714f-cbac-4f85-a148-338ddcefe41c,유수담,"쌀, 계란, 신선식품",익산북부시장,전통시장,전북특별자치도,,,
575165d0ea8dbbf3d7b6,full_annotation_v1,A,q_식자재_05,방앗간,식료품 중 '식자재'를 판매·제공하는 매장,val,식자재,T2 동의어,94823973-b71e-4958-b701-b92099f8102e,영광상회,방앗간,신기시장,전통시장,인천광역시,,,
7d35b7776848a7678a4b,full_annotation_v1,A,q_식자재_05,방앗간,식료품 중 '식자재'를 판매·제공하는 매장,val,식자재,T2 동의어,2adf456a-c18a-49c7-bfa2-6f7a4f4c60ed,삼양고추방앗간,방앗간,신평골목시장,전통시장,부산광역시,,,
556efbeb61da785ca0d4,full_annotation_v1,A,q_식자재_05,방앗간,식료품 중 '식자재'를 판매·제공하는 매장,val,식자재,T2 동의어,8d2ffb14-b858-498d-846d-4ef317df31ea,리앤필미용실,미용,조암시장,전통시장,경기도,,,
702c6bd1402d0f1a79a3,full_annotation_v1,A,q_식자재_05,방앗간,식료품 중 '식자재'를 판매·제공하는 매장,val,식자재,T2 동의어,4504dc7c-a157-400a-b923-85b132b3303b,곰소제일떡방앗간,방앗간,곰소 골목형상점가,골목형상점가,전북특별자치도,,,
80e97c3556214eac7cb9,full_annotation_v1,A,q_식자재_05,방앗간,식료품 중 '식자재'를 판매·제공하는 매장,val,식자재,T2 동의어,54530994-d98b-4e2f-8f16-d0b2e428cede,서영이네,패류,인천종합어시장,전통시장,인천광역시,,,
65f549e58b79429d755c,full_annotation_v1,A,q_식자재_05,방앗간,식료품 중 '식자재'를 판매·제공하는 매장,val,식자재,T2 동의어,01a5f192-c482-46e3-8b58-5358216d0749,풍전기름집,참기름,화곡본동시장,전통시장,서울특별시,,,
60e1237e819a20474ee9,full_annotation_v1,A,q_식자재_05,방앗간,식료품 중 '식자재'를 판매·제공하는 매장,val,식자재,T2 동의어,5ea8684c-f7ee-4bdb-8fd1-c6a0e83dcb0f,만물방앗간,방앗간,원종종합시장,전통시장,경기도,,,
3a5216de0801897fabdc,full_annotation_v1,A,q_식자재_05,방앗간,식료품 중 '식자재'를 판매·제공하는 매장,val,식자재,T2 동의어,73e9d52c-12cf-4c69-bb6d-800bbe7f9ded,터널기름집,방앗간,춘천 원도심 상권활성화,상권활성화구역,강원특별자치도,,,
74404b40ba0a93aad0c3,full_annotation_v1,A,q_식자재_05,방앗간,식료품 중 '식자재'를 판매·제공하는 매장,val,식자재,T2 동의어,5c75f1e4-7b6f-4ba0-9a7e-617742580bdd,시장방앗간,방앗간,매포전통시장(매포재래시장),전통시장,충청북도,,,
1058ca620aed3932792d,full_annotation_v1,A,q_식자재_05,방앗간,식료품 중 '식자재'를 판매·제공하는 매장,val,식자재,T2 동의어,45ded376-5c6c-48d4-968f-81ee3ae86612,동천방앗간,방앗간,서동시장,전통시장,울산광역시,,,
b85d93be3ee5eea15854,full_annotation_v1,A,q_식자재_05,방앗간,식료품 중 '식자재'를 판매·제공하는 매장,val,식자재,T2 동의어,023e47e8-7973-4e3d-95f3-f6bf168360f0,(주)동양종합유통,식자재,양동건어물시장,전통시장,광주광역시,,,
f6d921cbce8934e3a697,full_annotation_v1,A,q_식자재_05,방앗간,식료품 중 '식자재'를 판매·제공하는 매장,val,식자재,T2 동의어,7b99bacc-1c6a-4a47-8412-28efcf805777,황금방앗간,방앗간,삼척중앙시장,전통시장,강원특별자치도,,,
8202e47b9f59051bd5ef,full_annotation_v1,A,q_식자재_05,방앗간,식료품 중 '식자재'를 판매·제공하는 매장,val,식자재,T2 동의어,f81afe64-8551-4c59-a4fd-9c9d1b6abdbb,방앗간,신발,고투몰(강남터미널지하도상점가),일반지하상점가,서울특별시,,,
fb6794cd2a24b1372c51,full_annotation_v1,A,q_식자재_05,방앗간,식료품 중 '식자재'를 판매·제공하는 매장,val,식자재,T2 동의어,41392742-2401-40da-bc7d-443fe7353fe2,시장참기름,방앗간,두류신시장,전통시장,대구광역시,,,
74490eff5b8ba1e0089f,full_annotation_v1,A,q_식자재_05,방앗간,식료품 중 '식자재'를 판매·제공하는 매장,val,식자재,T2 동의어,154d8003-d414-4dd6-af3b-ab9c841aaf8b,평원,방앗간,남문시장,전통시장,서울특별시,,,
425a82e5af6b90929320,full_annotation_v1,A,q_식자재_05,방앗간,식료품 중 '식자재'를 판매·제공하는 매장,val,식자재,T2 동의어,d44333b7-33cd-44aa-b627-0eac4026a6f7,금성상회,방앗간,대구남문시장,전통시장,대구광역시,,,
322243ddf60f810d7520,full_annotation_v1,A,q_식자재_05,방앗간,식료품 중 '식자재'를 판매·제공하는 매장,val,식자재,T2 동의어,9594207f-cf8e-4f60-8b76-99d16cc2177f,동진상회,수산물,선비골전통시장,전통시장,경상북도,,,
403f2ed0f8588fd5082b,full_annotation_v1,A,q_식자재_05,방앗간,식료품 중 '식자재'를 판매·제공하는 매장,val,식자재,T2 동의어,c92ee9aa-731f-405a-8e7f-ca5eb9a12b1a,한걸농산,농산물,안강공설시장,전통시장,경상북도,,,
35ea99fa3f767678c5fa,full_annotation_v1,A,q_식자재_05,방앗간,식료품 중 '식자재'를 판매·제공하는 매장,val,식자재,T2 동의어,2c053e2f-7d6a-47b8-b736-641ab313fc1b,시장떡집,방앗간,아랫장,전통시장,전라남도,,,
5115a56eb42e5ba25d30,full_annotation_v1,A,q_식자재_05,방앗간,식료품 중 '식자재'를 판매·제공하는 매장,val,식자재,T2 동의어,0046e3b5-e973-4cc0-807c-acb34ad8e262,야음민속떡집,제조업(떡방앗간),울산번개시장,전통시장,울산광역시,,,
f8378498c40a95f316ab,full_annotation_v1,A,q_식자재_05,방앗간,식료품 중 '식자재'를 판매·제공하는 매장,val,식자재,T2 동의어,9886b152-2c7c-4848-9856-0b4560294b51,조은떡방앗간,방앗간,역전시장 상점가,자율상권구역,대전광역시,,,
e2d65bc01272de3f502d,full_annotation_v1,A,q_식자재_05,방앗간,식료품 중 '식자재'를 판매·제공하는 매장,val,식자재,T2 동의어,b22cd4ad-cb16-40fb-ad62-63c9a3707ea6,동산우리방앗간,방앗간,여의동 골목형상점가,골목형상점가,전북특별자치도,,,
8880f7269cef3cef0ef0,full_annotation_v1,A,q_식자재_05,방앗간,식료품 중 '식자재'를 판매·제공하는 매장,val,식자재,T2 동의어,bb8f9a56-9733-44f8-901c-18675f4dafa5,제일원떡방앗간,방앗간,구미새마을중앙시장,전통시장,경상북도,,,
d06f201b40b03bc60c33,full_annotation_v1,A,q_식자재_05,방앗간,식료품 중 '식자재'를 판매·제공하는 매장,val,식자재,T2 동의어,94c95654-94dd-4a5e-aa08-810134752e48,동곡떡방앗간,방앗간,동곡동 골목형상점가,골목형상점가,광주광역시,,,
9a8f37576693f79353b3,full_annotation_v1,A,q_식자재_05,방앗간,식료품 중 '식자재'를 판매·제공하는 매장,val,식자재,T2 동의어,02223ab5-044d-40ad-8cc7-838ed325ada0,상옥쌀상회,쌀,영일대북부시장(구 북부시장),전통시장,경상북도,,,
097872fb15a77bf5149e,full_annotation_v1,A,q_식자재_05,방앗간,식료품 중 '식자재'를 판매·제공하는 매장,val,식자재,T2 동의어,33aeefc1-db40-4d05-8b27-a1dc4d6defde,대동상회,방앗간,정릉아리랑시장,전통시장,서울특별시,,,
c103f608eb4a4632a778,full_annotation_v1,A,q_식자재_05,방앗간,식료품 중 '식자재'를 판매·제공하는 매장,val,식자재,T2 동의어,00ec16f5-8b45-4af1-bb1b-6389f2412be8,수진식품,"참기름, 고추가루등",김해 진영전통시장,전통시장,경상남도,,,
4faebb4e9e21b1004094,full_annotation_v1,A,q_식자재_05,방앗간,식료품 중 '식자재'를 판매·제공하는 매장,val,식자재,T2 동의어,8e3a71ac-0254-458f-b57e-36cbbf7d9b65,유단방앗간,방앗간,구룡포시장,전통시장,경상북도,,,
58020fe0a22c31ac7039,full_annotation_v1,A,q_식자재_05,방앗간,식료품 중 '식자재'를 판매·제공하는 매장,val,식자재,T2 동의어,b55775d8-1ce9-4bbe-9ba8-9af9e871087b,정읍떡방앗간,방앗간,정읍샘고을시장,전통시장,전북특별자치도,,,
dd72c4de1199ba72e53e,full_annotation_v1,A,q_식자재_05,방앗간,식료품 중 '식자재'를 판매·제공하는 매장,val,식자재,T2 동의어,f261bbf9-7643-44ec-be39-9be518c5a366,얼씨구떡방앗간,방앗간,여수진남시장,전통시장,전라남도,,,
45036a504f6937dad5c9,full_annotation_v1,A,q_식자재_05,방앗간,식료품 중 '식자재'를 판매·제공하는 매장,val,식자재,T2 동의어,a32297c0-4dba-4d84-9677-e28d0c3c09da,진양상회,방앗간,진주 논개시장,전통시장,경상남도,,,
df91c91a03fb6c295667,full_annotation_v1,A,q_식자재_05,방앗간,식료품 중 '식자재'를 판매·제공하는 매장,val,식자재,T2 동의어,9ef5c2a8-0f19-4f0a-8cef-40e6e9dd3ebb,밀양상회,방앗간,양산 남부시장상가,전통시장,경상남도,,,
b74819760f3d98e6c1a7,full_annotation_v1,A,q_식자재_05,방앗간,식료품 중 '식자재'를 판매·제공하는 매장,val,식자재,T2 동의어,ca1ce2e0-b9fc-45d6-bfa3-e155c86858cc,황토우리방앗간,방앗간,함안 가야전통시장,전통시장,경상남도,,,
ba53b9fd040b4dcc208b,full_annotation_v1,A,q_식자재_05,방앗간,식료품 중 '식자재'를 판매·제공하는 매장,val,식자재,T2 동의어,8ba23851-2ec9-412e-9fd4-a107e5207e3a,삼익방앗간,방앗간,동림1 골목형상점가,골목형상점가,광주광역시,,,
b64c31e6e5fb194da0cc,full_annotation_v1,A,q_식자재_05,방앗간,식료품 중 '식자재'를 판매·제공하는 매장,val,식자재,T2 동의어,273372ff-6dd6-4c24-957e-657c7dcdcc30,그린악기,악기,낙원악기상가,전통시장,서울특별시,,,
50c2ef77aebc6d020aaf,full_annotation_v1,A,q_식자재_05,방앗간,식료품 중 '식자재'를 판매·제공하는 매장,val,식자재,T2 동의어,0e224dee-e545-48f6-95af-5a197b33a076,경북식품,식용유,가락몰골목형상점가,골목형상점가,서울특별시,,,
44450db71e951dd12665,full_annotation_v1,A,q_식자재_05,방앗간,식료품 중 '식자재'를 판매·제공하는 매장,val,식자재,T2 동의어,32820acf-6885-4727-b3a6-17932a6cfd5e,영광방앗간,방앗간,장미제일시장,전통시장,서울특별시,,,
e7a490e2f1df69d61422,full_annotation_v1,A,q_식자재_05,방앗간,식료품 중 '식자재'를 판매·제공하는 매장,val,식자재,T2 동의어,0592f5f6-ae8d-491f-87e9-2021a00f4ae0,우리상회,곡물,상주중앙시장,전통시장,경상북도,,,
a2a45c96e840748c5c6d,full_annotation_v1,A,q_식자재_05,방앗간,식료품 중 '식자재'를 판매·제공하는 매장,val,식자재,T2 동의어,f6ab7ae0-ec00-44b2-904c-0505dd3eb93f,고각방앗간,방앗간,청주육거리종합시장,전통시장,충청북도,,,
3c64c3a6b807fc627af9,full_annotation_v1,A,q_식자재_05,방앗간,식료품 중 '식자재'를 판매·제공하는 매장,val,식자재,T2 동의어,05ac85b1-b2ae-4965-ab3d-7acf32cc50ce,밀양상회,방앗간,엄궁시장,기타,부산광역시,,,
8b096b11a333ce5d8d9f,full_annotation_v1,A,q_식자재_05,방앗간,식료품 중 '식자재'를 판매·제공하는 매장,val,식자재,T2 동의어,4ba4ace0-7a53-4f78-9271-835adb0f7c31,가정반찬 방앗간,방앗간,익산장(구 북부장),전통시장,전북특별자치도,,,
685f6d830e685f1e8c0d,full_annotation_v1,A,q_식자재_05,방앗간,식료품 중 '식자재'를 판매·제공하는 매장,val,식자재,T2 동의어,00e80339-1353-4885-81d7-0746a437abb2,포식 용인한숲시티점,쌀국수 돈까스 함박스테이크,남사한숲 골목형상점가,골목형상점가,경기도,,,
0033ec02bffc205e224e,full_annotation_v1,A,q_식자재_05,방앗간,식료품 중 '식자재'를 판매·제공하는 매장,val,식자재,T2 동의어,15d8719f-7870-47c2-90ac-334f3b2f1b77,중앙방앗간,방앗간,두암1동군왕로 골목형상점가,골목형상점가,광주광역시,,,
937670ec007d5fec3726,full_annotation_v1,A,q_식자재_05,방앗간,식료품 중 '식자재'를 판매·제공하는 매장,val,식자재,T2 동의어,b0a01121-0555-435a-8da1-3c0b2028131c,파크랜드송정점,의류,광주송정역세권 상권활성화구역,상권활성화구역,광주광역시,,,
63acd27a86dec411cf76,full_annotation_v1,A,q_식자재_05,방앗간,식료품 중 '식자재'를 판매·제공하는 매장,val,식자재,T2 동의어,464490e5-76e2-4f3c-9ba9-34772c9d8620,신흥방앗간,방앗간,간데메공원골목형상점가,골목형상점가,서울특별시,,,
5275d518a5ff15fa2d79,full_annotation_v1,A,q_식자재_05,방앗간,식료품 중 '식자재'를 판매·제공하는 매장,val,식자재,T2 동의어,838cfa38-f9bb-4906-9ed3-2af7d2f30eac,대덕방앗간,방앗간,점촌전통시장,전통시장,경상북도,,,
7a14fb90076a8531831c,full_annotation_v1,A,q_식자재_05,방앗간,식료품 중 '식자재'를 판매·제공하는 매장,val,식자재,T2 동의어,43752aa7-e0e7-4d18-87f4-4ba06260ae39,일등방앗간,방앗간,말바우시장,전통시장,광주광역시,,,
bbe1fd3f485b3bd4357f,full_annotation_v1,A,q_식자재_05,방앗간,식료품 중 '식자재'를 판매·제공하는 매장,val,식자재,T2 동의어,04c905ba-3172-4ea4-a6dd-4345d674dea0,덕순이네,제조업(떡집),장터길 골목형상점가,골목형상점가,경기도,,,
8a060aaa82a81d2efb8f,full_annotation_v1,A,q_식자재_05,방앗간,식료품 중 '식자재'를 판매·제공하는 매장,val,식자재,T2 동의어,a557e319-921c-45e5-8891-d28a167e76f7,행복떡방앗간,방앗간,문경전통시장,전통시장,경상북도,,,
4e3d01175814cb79de91,full_annotation_v1,A,q_식자재_05,방앗간,식료품 중 '식자재'를 판매·제공하는 매장,val,식자재,T2 동의어,01757e0a-7278-44bc-9fad-29595028ac3d,현대떡방앗간,방앗간,염매시장(의성중앙시장),전통시장,경상북도,,,
a2614b356dda810eab7e,full_annotation_v1,A,q_식자재_05,방앗간,식료품 중 '식자재'를 판매·제공하는 매장,val,식자재,T2 동의어,01bbc08f-bb91-4aae-a597-a5e183ea0d11,언니네살롱,헤어,송정 다누리 골목형상점가,골목형상점가,광주광역시,,,
1e145596c544d76e6656,full_annotation_v1,A,q_식자재_05,방앗간,식료품 중 '식자재'를 판매·제공하는 매장,val,식자재,T2 동의어,854a9d7e-0735-4213-8edf-11bee588be61,궁중떡집,방앗간,재송한마음시장,전통시장,부산광역시,,,
fc255bc49ef7352a5ee0,full_annotation_v1,A,q_식자재_05,방앗간,식료품 중 '식자재'를 판매·제공하는 매장,val,식자재,T2 동의어,3b39c179-fa37-469b-be7a-1643bb31cdf5,청송상회,방앗간,대구남문시장,전통시장,대구광역시,,,
3eb06495e54c675ce21a,full_annotation_v1,A,q_식자재_05,방앗간,식료품 중 '식자재'를 판매·제공하는 매장,val,식자재,T2 동의어,9190b6fb-fadf-4a29-89cf-06d415090808,성일상회,방앗간,황남상가시장,전통시장,경상북도,,,
d40fd8b25f1de139d1d1,full_annotation_v1,A,q_식자재_05,방앗간,식료품 중 '식자재'를 판매·제공하는 매장,val,식자재,T2 동의어,26f93981-f010-4bee-a954-9c94eac91724,용궁방앗간,방앗간,국민시장,전통시장,부산광역시,,,
b1a0c69495295e3e8450,full_annotation_v1,A,q_식자재_05,방앗간,식료품 중 '식자재'를 판매·제공하는 매장,val,식자재,T2 동의어,8f4b9939-a225-4a6c-834f-61cf68f44396,칠성상회,방앗간,칠성본시장,전통시장,대구광역시,,,
a4891c14e7b049f5d634,full_annotation_v1,A,q_식자재_05,방앗간,식료품 중 '식자재'를 판매·제공하는 매장,val,식자재,T2 동의어,1d1a579c-ac94-461b-8023-ea09eaf9c420,떡만세,방앗간,봉선중앙로 골목형상점가,골목형상점가,광주광역시,,,
8492a7040ecf71ae027d,full_annotation_v1,A,q_식자재_05,방앗간,식료품 중 '식자재'를 판매·제공하는 매장,val,식자재,T2 동의어,3de13697-57ea-483d-8e97-67c17de80722,부성 방앗간,,영산포 골목형상점가,골목형상점가,,,,
213bda0dd9653dcdc639,full_annotation_v1,A,q_식자재_05,방앗간,식료품 중 '식자재'를 판매·제공하는 매장,val,식자재,T2 동의어,1feab074-f306-493f-8fea-3b5a6179d01b,서울상회,방앗간,동송전통시장,전통시장,강원특별자치도,,,
e849c8e15bf300177dc5,full_annotation_v1,A,q_식자재_05,방앗간,식료품 중 '식자재'를 판매·제공하는 매장,val,식자재,T2 동의어,723e59e1-f508-4fd6-b60f-82355fb13cab,시장방앗간,방앗간,부천자유시장,전통시장,경기도,,,
600a49465a0c80d515b7,full_annotation_v1,A,q_식자재_05,방앗간,식료품 중 '식자재'를 판매·제공하는 매장,val,식자재,T2 동의어,00bf0e58-0696-472a-8a12-945c44dc9435,오복상회,쌀,백년시장(구 강북종합전통시장),전통시장,서울특별시,,,
f7f1e98c239b4ddb91ad,full_annotation_v1,A,q_식자재_05,방앗간,식료품 중 '식자재'를 판매·제공하는 매장,val,식자재,T2 동의어,2d952c36-f015-4081-8c24-507cc69be884,우리농산,방앗간,장안마실골목형상점가,골목형상점가,서울특별시,,,
61891c598c5107a0d200,full_annotation_v1,A,q_식자재_05,방앗간,식료품 중 '식자재'를 판매·제공하는 매장,val,식자재,T2 동의어,cb760fdd-faf9-42fb-8e54-c705a9900053,영광상회,방앗간,신림중앙시장,전통시장,서울특별시,,,
51c226a0714bc300b1b3,full_annotation_v1,A,q_식자재_05,방앗간,식료품 중 '식자재'를 판매·제공하는 매장,val,식자재,T2 동의어,00eca8e7-b158-4572-b540-c241f4ad2546,거창상회,식자재,충무동 새벽시장,전통시장,부산광역시,,,
0bb82ef5209a0bfcc6ea,full_annotation_v1,A,q_식자재_05,방앗간,식료품 중 '식자재'를 판매·제공하는 매장,val,식자재,T2 동의어,c15162c5-a850-4653-a94e-25d3905a5f66,제일커텐,커튼,서문시장 제1지구1층(직물시장),전통시장,대구광역시,,,
58b7f4c174906a8328bc,full_annotation_v1,A,q_식자재_05,방앗간,식료품 중 '식자재'를 판매·제공하는 매장,val,식자재,T2 동의어,034f637f-e1c0-4e3c-99a7-eb7c8deb055a,청풍상회,곡물,내토전통시장,전통시장,충청북도,,,
a7df7d8e63c796abec09,full_annotation_v1,A,q_식자재_05,방앗간,식료품 중 '식자재'를 판매·제공하는 매장,val,식자재,T2 동의어,044b74fa-bb37-480b-8d36-3f7676cf2fb4,영진상회,곡물,청주육거리종합시장,전통시장,충청북도,,,
d19851c77ec8db30c465,full_annotation_v1,A,q_식자재_05,방앗간,식료품 중 '식자재'를 판매·제공하는 매장,val,식자재,T2 동의어,01e4cef2-9c12-4be0-9c3e-5a09ab67f7f5,대명제유,"고추, 기름",의정부제일시장,전통시장,경기도,,,
fb62ced0cbe88c1fa371,full_annotation_v1,A,q_식자재_05,방앗간,식료품 중 '식자재'를 판매·제공하는 매장,val,식자재,T2 동의어,163714f4-b5dc-4a29-a268-b3fe7cc894f3,시장떡방앗간,방앗간,하동공설시장,전통시장,경상남도,,,
f9247b32290a51c13f86,full_annotation_v1,A,q_식자재_05,방앗간,식료품 중 '식자재'를 판매·제공하는 매장,val,식자재,T2 동의어,e617c17d-e1d2-4b9e-8ac0-9700882dd982,시장상회,방앗간,정이있는 구포시장,전통시장,부산광역시,,,
066d3173593844f82070,full_annotation_v1,A,q_식자재_05,방앗간,식료품 중 '식자재'를 판매·제공하는 매장,val,식자재,T2 동의어,c9ca31f7-17c8-4c1a-851d-b03c13f941db,하이오비,주점,연신내골목형상점가,골목형상점가,서울특별시,,,
33a431134614d489ba60,full_annotation_v1,A,q_식자재_05,방앗간,식료품 중 '식자재'를 판매·제공하는 매장,val,식자재,T2 동의어,a795ce79-e44c-4478-b7eb-d12ef07683bd,떡사랑,방앗간,역곡남부시장,전통시장,경기도,,,
f11bf236151eefd3b228,full_annotation_v1,A,q_식자재_05,방앗간,식료품 중 '식자재'를 판매·제공하는 매장,val,식자재,T2 동의어,092868ef-cdbe-426a-8e04-c1862bac5076,익산바이오,식용유,세종전통시장,전통시장,세종특별자치시,,,
4e5bae5d943ae776afa6,full_annotation_v1,A,q_식자재_05,방앗간,식료품 중 '식자재'를 판매·제공하는 매장,val,식자재,T2 동의어,9dbaefde-d8b9-4ef0-be69-15e54b5969db,목도방앗간,방앗간,목도시장,전통시장,충청북도,,,
6a29112f255479b2a4af,full_annotation_v1,A,q_식자재_05,방앗간,식료품 중 '식자재'를 판매·제공하는 매장,val,식자재,T2 동의어,0f9da388-8ee4-45bf-b98b-be07ae0313a7,양촌방앗간,방앗간,도마큰시장,전통시장,대전광역시,,,
a452631f72397c667a22,full_annotation_v1,A,q_식자재_05,방앗간,식료품 중 '식자재'를 판매·제공하는 매장,val,식자재,T2 동의어,d60b739a-6583-4dfb-b047-7d7f232dac33,소사방앗간,방앗간,소사종합시장,전통시장,경기도,,,
ede0fbcd0130bd3f829e,full_annotation_v1,A,q_식자재_05,방앗간,식료품 중 '식자재'를 판매·제공하는 매장,val,식자재,T2 동의어,773c5492-c67a-45a5-b172-e8f3a3bbaa85,시장방앗간,방앗간,청주육거리종합시장,전통시장,충청북도,,,
abc392b1a1d70577d283,full_annotation_v1,A,q_식자재_05,방앗간,식료품 중 '식자재'를 판매·제공하는 매장,val,식자재,T2 동의어,2805f1bb-73e2-4933-b2e1-709f130d8264,더썬1149,여자용 겉옷 소매업,동산상가,전통시장,대구광역시,,,
abcd4298d93a25e7d2e6,full_annotation_v1,A,q_식자재_05,방앗간,식료품 중 '식자재'를 판매·제공하는 매장,val,식자재,T2 동의어,d0633838-0712-454a-87d8-9dafb49ba9ba,수정농산,방앗간,매산시장,전통시장,경기도,,,
70af1deab8bebf0c93ee,full_annotation_v1,A,q_식자재_05,방앗간,식료품 중 '식자재'를 판매·제공하는 매장,val,식자재,T2 동의어,22264728-f38f-42a6-8dcd-7391e6225a81,동네 방앗간,방앗간,금부로상인회 골목형상점가,골목형상점가,광주광역시,,,
ee206743705fa66e701c,full_annotation_v1,A,q_식자재_05,방앗간,식료품 중 '식자재'를 판매·제공하는 매장,val,식자재,T2 동의어,0b69c684-9b0b-490b-892e-9267cf4662a3,윤수참기름,식용유,진주 청과시장,전통시장,경상남도,,,
50f89e6130497145551d,full_annotation_v1,A,q_식자재_05,방앗간,식료품 중 '식자재'를 판매·제공하는 매장,val,식자재,T2 동의어,c1b24632-2314-40de-b016-e735b7dcd7e4,신반월방앗간,방앗간,여의동 골목형상점가,골목형상점가,전북특별자치도,,,
8e0b29adb9583a6d5271,full_annotation_v1,A,q_식자재_05,방앗간,식료품 중 '식자재'를 판매·제공하는 매장,val,식자재,T2 동의어,00362b85-cb9a-4318-9059-12f768d76197,파리바게뜨전주인후점,제과점,소나무 골목형상점가,골목형상점가,전북특별자치도,,,
5058d5920921faf9fc93,full_annotation_v1,A,q_식자재_05,방앗간,식료품 중 '식자재'를 판매·제공하는 매장,val,식자재,T2 동의어,023b2cb4-7f9e-4b85-9888-474ee933954a,산척제유소,방앗간,충주자유시장,전통시장,충청북도,,,
b6a207903d75341ac28f,full_annotation_v1,A,q_식자재_06,참기름,식료품 중 '식자재'를 판매·제공하는 매장,val,식자재,T2 동의어,013444f9-7e9b-4640-84f0-43ac071ef57f,대림고추방아,"고추가루, 기름",부천강남시장,전통시장,경기도,,,
82a9e562c994a4ab9207,full_annotation_v1,A,q_식자재_06,참기름,식료품 중 '식자재'를 판매·제공하는 매장,val,식자재,T2 동의어,bc6381b4-a050-40f0-a7e2-f368b3cfc0f0,복지참기름,참기름,동해종합시장,전통시장,경상북도,,,
31343861b656072c3160,full_annotation_v1,A,q_식자재_06,참기름,식료품 중 '식자재'를 판매·제공하는 매장,val,식자재,T2 동의어,3cb5f060-301a-4a82-8622-a4725f0c8faf,한미상회,참기름,남항시장,전통시장,부산광역시,,,
c6e4804db1708f64624f,full_annotation_v1,A,q_식자재_06,참기름,식료품 중 '식자재'를 판매·제공하는 매장,val,식자재,T2 동의어,2418621d-9860-40eb-b57e-dd970d6ff9b0,행복한안경씨,안경,강북북부시장,전통시장,서울특별시,,,
7a15cf2fa469cfbb9cd8,full_annotation_v1,A,q_식자재_06,참기름,식료품 중 '식자재'를 판매·제공하는 매장,val,식자재,T2 동의어,044b74fa-bb37-480b-8d36-3f7676cf2fb4,영진상회,곡물,청주육거리종합시장,전통시장,충청북도,,,
23bb8a5c26236d3176bd,full_annotation_v1,A,q_식자재_06,참기름,식료품 중 '식자재'를 판매·제공하는 매장,val,식자재,T2 동의어,059168b1-6ec5-4efb-a5e0-2b2c3b9b3003,제일방앗간,참기름,해제면5일시장,기타,전라남도,,,
d9d4e8b63d1a555178f2,full_annotation_v1,A,q_식자재_06,참기름,식료품 중 '식자재'를 판매·제공하는 매장,val,식자재,T2 동의어,092868ef-cdbe-426a-8e04-c1862bac5076,익산바이오,식용유,세종전통시장,전통시장,세종특별자치시,,,
65ff1c1ee0dd0c9c85ef,full_annotation_v1,A,q_식자재_06,참기름,식료품 중 '식자재'를 판매·제공하는 매장,val,식자재,T2 동의어,3df05fcb-f041-4fc3-a523-ed0bcf352c15,오성상회,참기름,숭인시장,전통시장,서울특별시,,,
a3b40430975e7c376e19,full_annotation_v1,A,q_식자재_06,참기름,식료품 중 '식자재'를 판매·제공하는 매장,val,식자재,T2 동의어,9d15a62a-fa50-403c-b35c-74760dc3b401,신용상회,참기름,철뚝시장,전통시장,부산광역시,,,
412b17db4943b185b83a,full_annotation_v1,A,q_식자재_06,참기름,식료품 중 '식자재'를 판매·제공하는 매장,val,식자재,T2 동의어,03e3e424-656a-46ea-82b7-21bcc07cae47,초왕상회,"곡물, 농산물",전주남부시장,전통시장,전북특별자치도,,,
75d3331cf806c3804f87,full_annotation_v1,A,q_식자재_06,참기름,식료품 중 '식자재'를 판매·제공하는 매장,val,식자재,T2 동의어,fb191376-b293-4214-8ada-e6a1e5e0bb4b,제일상회,참기름,대구남문시장,전통시장,대구광역시,,,
a0a642700a6a4bc69514,full_annotation_v1,A,q_식자재_06,참기름,식료품 중 '식자재'를 판매·제공하는 매장,val,식자재,T2 동의어,0e224dee-e545-48f6-95af-5a197b33a076,경북식품,식용유,가락몰골목형상점가,골목형상점가,서울특별시,,,
181632251b23697a0fed,full_annotation_v1,A,q_식자재_06,참기름,식료품 중 '식자재'를 판매·제공하는 매장,val,식자재,T2 동의어,c67af40b-2963-4bb4-bfc0-b901110b3e19,대동상회,참기름,사상시장,전통시장,부산광역시,,,
d8bb6b9d69406fc16d96,full_annotation_v1,A,q_식자재_06,참기름,식료품 중 '식자재'를 판매·제공하는 매장,val,식자재,T2 동의어,d4b80fb6-65d8-4953-b652-e2f6dc2dcd3b,일왕참기름,참기름,진주 새서부시장,전통시장,경상남도,,,
2b3f2cd717a522d76db0,full_annotation_v1,A,q_식자재_06,참기름,식료품 중 '식자재'를 판매·제공하는 매장,val,식자재,T2 동의어,0e55c547-1afc-4f0f-ba7b-e6f0e64ba894,신용참기름,참기름,영천공설시장,전통시장,경상북도,,,
dc2c2db81ec82768ee99,full_annotation_v1,A,q_식자재_06,참기름,식료품 중 '식자재'를 판매·제공하는 매장,val,식자재,T2 동의어,4c3d8192-9217-4d36-b174-8970d1d5332f,형제상회,참기름,원당시장(구 원당전통시장),전통시장,경기도,,,
fe1ec5dc8c4295fd19eb,full_annotation_v1,A,q_식자재_06,참기름,식료품 중 '식자재'를 판매·제공하는 매장,val,식자재,T2 동의어,00bf0e58-0696-472a-8a12-945c44dc9435,오복상회,쌀,백년시장(구 강북종합전통시장),전통시장,서울특별시,,,
36f7c5ff041c96dd3c1c,full_annotation_v1,A,q_식자재_06,참기름,식료품 중 '식자재'를 판매·제공하는 매장,val,식자재,T2 동의어,00eca8e7-b158-4572-b540-c241f4ad2546,거창상회,식자재,충무동 새벽시장,전통시장,부산광역시,,,
b4449029054f8a73dc8f,full_annotation_v1,A,q_식자재_06,참기름,식료품 중 '식자재'를 판매·제공하는 매장,val,식자재,T2 동의어,f2382dea-5116-4ff2-8199-c4f1ec8608f8,쿵더쿵참기름,참기름,백운 대성시장 골목형상점가,골목형상점가,,,,
79ad949c5761679ef7be,full_annotation_v1,A,q_식자재_06,참기름,식료품 중 '식자재'를 판매·제공하는 매장,val,식자재,T2 동의어,4b36ea34-5126-4986-8aab-fc1d0a6ba312,하늘식품,참기름,신남네거리상점가,자율상권구역,대구광역시,,,
1972252407553b795d1f,full_annotation_v1,A,q_식자재_06,참기름,식료품 중 '식자재'를 판매·제공하는 매장,val,식자재,T2 동의어,c66cabff-9d00-493c-8b10-b5c311768346,예산반찬,반찬,역전시장,전통시장,충청남도,,,
178955575658c059a496,full_annotation_v1,A,q_식자재_06,참기름,식료품 중 '식자재'를 판매·제공하는 매장,val,식자재,T2 동의어,ae9b710a-b28d-4c32-b9ba-40167dc13ab2,참맛기름집,참기름,남구로시장,전통시장,서울특별시,,,
902f3225cd1870832acb,full_annotation_v1,A,q_식자재_06,참기름,식료품 중 '식자재'를 판매·제공하는 매장,val,식자재,T2 동의어,7afc3db4-0e3a-4f50-8b82-67861c9e44ba,의성상회,참기름,봉덕신시장,전통시장,대구광역시,,,
1bc562a40541286a8b2f,full_annotation_v1,A,q_식자재_06,참기름,식료품 중 '식자재'를 판매·제공하는 매장,val,식자재,T2 동의어,a6d69055-fda0-435d-874e-8a4509768c1a,신림기름집,참기름,신원시장,전통시장,서울특별시,,,
884c61d431b9e6cfa528,full_annotation_v1,A,q_식자재_06,참기름,식료품 중 '식자재'를 판매·제공하는 매장,val,식자재,T2 동의어,00ec16f5-8b45-4af1-bb1b-6389f2412be8,수진식품,"참기름, 고추가루등",김해 진영전통시장,전통시장,경상남도,,,
8c0a3f5dd9baa40ebd54,full_annotation_v1,A,q_식자재_06,참기름,식료품 중 '식자재'를 판매·제공하는 매장,val,식자재,T2 동의어,01a5f192-c482-46e3-8b58-5358216d0749,풍전기름집,참기름,화곡본동시장,전통시장,서울특별시,,,
9dbbb9786f58436db864,full_annotation_v1,A,q_식자재_06,참기름,식료품 중 '식자재'를 판매·제공하는 매장,val,식자재,T2 동의어,230b7f8d-5064-470d-93d8-fa85f1a892b2,청도양곱창,양곱창,시청소소길,골목형상점가,부산광역시,,,
89851f303023c75699ba,full_annotation_v1,A,q_식자재_06,참기름,식료품 중 '식자재'를 판매·제공하는 매장,val,식자재,T2 동의어,cf3c6a80-4c3e-4739-abf6-ea0501f2aa23,밀양상회,참기름,대구청과시장,전통시장,대구광역시,,,
2199e7f260f91f801fd8,full_annotation_v1,A,q_식자재_06,참기름,식료품 중 '식자재'를 판매·제공하는 매장,val,식자재,T2 동의어,8772d58d-0307-41eb-b7c9-9b848b165155,봉황참기름,참기름,부곡시장,전통시장,부산광역시,,,
2717ccb3c5ba7d45a760,full_annotation_v1,A,q_식자재_06,참기름,식료품 중 '식자재'를 판매·제공하는 매장,val,식자재,T2 동의어,284b01f9-3e3e-457a-9745-cebee37255d3,오복상회,참기름,김해 외동전통시장,전통시장,경상남도,,,
accd6b36cc770d28d8be,full_annotation_v1,A,q_식자재_06,참기름,식료품 중 '식자재'를 판매·제공하는 매장,val,식자재,T2 동의어,64763bf2-2287-4ffa-91fa-bcfdbeb2b5f9,경주상회,참기름,수암상가시장,전통시장,울산광역시,,,
65f01b6dd77736b02822,full_annotation_v1,A,q_식자재_06,참기름,식료품 중 '식자재'를 판매·제공하는 매장,val,식자재,T2 동의어,1ba6dec8-e718-40d2-b855-b5eafc53d64c,어텐션어스(Attention US),의류,방배역먹자골목 골목형상점가,골목형상점가,서울특별시,,,
8902d8f24fb46d0a17c2,full_annotation_v1,A,q_식자재_06,참기름,식료품 중 '식자재'를 판매·제공하는 매장,val,식자재,T2 동의어,14a70aa0-014e-49b7-b251-0afe76215050,충현쌀참기름,참기름,장충남소영길 골목형상점가,골목형상점가,서울특별시,,,
8dfb8b21d84c602c5a16,full_annotation_v1,A,q_식자재_06,참기름,식료품 중 '식자재'를 판매·제공하는 매장,val,식자재,T2 동의어,7a151006-6355-4ecb-be9d-55f7bc5a105d,협농참기름,참기름,신평리시장,전통시장,대구광역시,,,
729e21244361fc46dcfe,full_annotation_v1,A,q_식자재_06,참기름,식료품 중 '식자재'를 판매·제공하는 매장,val,식자재,T2 동의어,bcbef740-94e1-4c31-862a-5337a2414f51,무등참기름,참기름,용대로119번길 골목형상점가,골목형상점가,광주광역시,,,
17521616b06e2a445f93,full_annotation_v1,A,q_식자재_06,참기름,식료품 중 '식자재'를 판매·제공하는 매장,val,식자재,T2 동의어,0017714f-cbac-4f85-a148-338ddcefe41c,유수담,"쌀, 계란, 신선식품",익산북부시장,전통시장,전북특별자치도,,,
c9dd84393991f313aa01,full_annotation_v1,A,q_식자재_06,참기름,식료품 중 '식자재'를 판매·제공하는 매장,val,식자재,T2 동의어,a4149002-11bf-452c-aa30-b96a3ad43f00,형제상회,참기름,수안인정시장,전통시장,부산광역시,,,
423ae7232c552df79028,full_annotation_v1,A,q_식자재_06,참기름,식료품 중 '식자재'를 판매·제공하는 매장,val,식자재,T2 동의어,d90ac1a9-fe12-49b6-8487-bf55de49f5e7,아카루이,라멘,방배역먹자골목 골목형상점가,골목형상점가,서울특별시,,,
e044216f29af76c79913,full_annotation_v1,A,q_식자재_06,참기름,식료품 중 '식자재'를 판매·제공하는 매장,val,식자재,T2 동의어,f13b39f5-33bd-4daa-8477-f5b2f46568d0,야음참기름,참기름,울산번개시장,전통시장,울산광역시,,,
b4d2de619d0baf8f32e7,full_annotation_v1,A,q_식자재_06,참기름,식료품 중 '식자재'를 판매·제공하는 매장,val,식자재,T2 동의어,b0e4a90e-d65e-4085-83a1-0fef508d2ae9,개뜰날라운지,일반음식 및 음료,두정동상점가,자율상권구역,충청남도,,,
83f196e25c622a7ffdc2,full_annotation_v1,A,q_식자재_06,참기름,식료품 중 '식자재'를 판매·제공하는 매장,val,식자재,T2 동의어,034f637f-e1c0-4e3c-99a7-eb7c8deb055a,청풍상회,곡물,내토전통시장,전통시장,충청북도,,,
c1d03f6245a61ba42493,full_annotation_v1,A,q_식자재_06,참기름,식료품 중 '식자재'를 판매·제공하는 매장,val,식자재,T2 동의어,866ddcd2-3c73-4866-aa17-2cfa251a6c74,매일참기름,참기름,효자시장,전통시장,경상북도,,,
564944e62e3246e90e5d,full_annotation_v1,A,q_식자재_06,참기름,식료품 중 '식자재'를 판매·제공하는 매장,val,식자재,T2 동의어,6a611c52-e44f-4e5d-9b46-09ab83e391f3,평화김해뒷고기 김포사우점,한식,김포 사우먹자골목형상점가,골목형상점가,경기도,,,
f7232b6347ae8bc271b3,full_annotation_v1,A,q_식자재_06,참기름,식료품 중 '식자재'를 판매·제공하는 매장,val,식자재,T2 동의어,53dad32d-200e-4d93-9931-971c07dbf0d2,복음참기름,참기름,㈜신정시장,전통시장,울산광역시,,,
9466b2252f69d51c0d8e,full_annotation_v1,A,q_식자재_06,참기름,식료품 중 '식자재'를 판매·제공하는 매장,val,식자재,T2 동의어,dfcde731-7a2f-43b1-af16-4ecd5adb71a3,황해상회(참기름),"고추, 참기름",수일시장,전통시장,서울특별시,,,
ea7e66830c4261ea13dc,full_annotation_v1,A,q_식자재_06,참기름,식료품 중 '식자재'를 판매·제공하는 매장,val,식자재,T2 동의어,4d4c8430-a40f-4b41-99cb-918a4bee4dda,천일상회,참기름,진주 청과시장,전통시장,경상남도,,,
582b030c9a1f33885b2c,full_annotation_v1,A,q_식자재_06,참기름,식료품 중 '식자재'를 판매·제공하는 매장,val,식자재,T2 동의어,b5277c20-77ca-4fe8-b23d-525a065aa887,대경참기름,참기름,번개시장,전통시장,대구광역시,,,
254a59cdfc19bb4d7c3b,full_annotation_v1,A,q_식자재_06,참기름,식료품 중 '식자재'를 판매·제공하는 매장,val,식자재,T2 동의어,51609382-0316-4c2c-ba11-2bbac41ec279,하나로정육점,정육,아름동상점가,자율상권구역,세종특별자치시,,,
39b032c2e6bd72bf0f53,full_annotation_v1,A,q_식자재_06,참기름,식료품 중 '식자재'를 판매·제공하는 매장,val,식자재,T2 동의어,008d07a3-ba18-4806-9ec7-48c0adb25276,아빠네 빵집,제과제빵,신창수문 골목형상점가,골목형상점가,광주광역시,,,
437199b1634d3e5f514b,full_annotation_v1,A,q_식자재_06,참기름,식료품 중 '식자재'를 판매·제공하는 매장,val,식자재,T2 동의어,0b69c684-9b0b-490b-892e-9267cf4662a3,윤수참기름,식용유,진주 청과시장,전통시장,경상남도,,,
b446515cba216319ebfb,full_annotation_v1,A,q_식자재_06,참기름,식료품 중 '식자재'를 판매·제공하는 매장,val,식자재,T2 동의어,f6a1ac9c-065f-4061-8022-ff300d475cd3,장량참기름,참기름,장량성도시장,전통시장,경상북도,,,
fd8bf9e1070fd5cdc1ea,full_annotation_v1,A,q_식자재_06,참기름,식료품 중 '식자재'를 판매·제공하는 매장,val,식자재,T2 동의어,26c833ba-af98-4cff-a44d-276cdd69a713,제일상회,참기름,구역전시장,전통시장,울산광역시,,,
8725743a56f3848c7cc2,full_annotation_v1,A,q_식자재_06,참기름,식료품 중 '식자재'를 판매·제공하는 매장,val,식자재,T2 동의어,d5abfa4f-7fee-469c-914a-291e6a341ad5,부민참기름,참기름,경주성동공설시장,전통시장,경상북도,,,
01c34fbc20de97d24145,full_annotation_v1,A,q_식자재_06,참기름,식료품 중 '식자재'를 판매·제공하는 매장,val,식자재,T2 동의어,0061123f-a676-4556-9633-5fbc4ecaf6ef,치즈케익카스테라카페,제과,북가좌동 골목형상점가,골목형상점가,서울특별시,,,
12f7bc111442878ab3d8,full_annotation_v1,A,q_식자재_06,참기름,식료품 중 '식자재'를 판매·제공하는 매장,val,식자재,T2 동의어,f4b907f9-17c7-48ba-b3ad-9735b4421047,꼬소한세상,참기름,창녕 남지시장,전통시장,경상남도,,,
ea60b2697daef8f1c2a9,full_annotation_v1,A,q_식자재_06,참기름,식료품 중 '식자재'를 판매·제공하는 매장,val,식자재,T2 동의어,31d10bb1-e36d-4d05-b869-8faed494fa9c,장수식품,참기름,산본전통시장(구 군포산본시장),전통시장,경기도,,,
41488069820429a279a8,full_annotation_v1,A,q_식자재_06,참기름,식료품 중 '식자재'를 판매·제공하는 매장,val,식자재,T2 동의어,2ea37bd9-4cf0-4c42-a175-a5f7b6affeaf,골목참기름,참기름,하양꿈바우시장,전통시장,경상북도,,,
0085347662a4432858a1,full_annotation_v1,A,q_식자재_06,참기름,식료품 중 '식자재'를 판매·제공하는 매장,val,식자재,T2 동의어,4b30d6d1-e9f3-43c8-81ce-aeceecf4abb3,깨볶는가족,참기름,내당제일골목형상점가,골목형상점가,대구광역시,,,
8c581215436c73076dcb,full_annotation_v1,A,q_식자재_06,참기름,식료품 중 '식자재'를 판매·제공하는 매장,val,식자재,T2 동의어,2bbc0120-0779-41fe-9e05-c22824e042e2,영덕참기름,참기름,안강공설시장,전통시장,경상북도,,,
5d9b5a0d40e8cae5efe3,full_annotation_v1,A,q_식자재_06,참기름,식료품 중 '식자재'를 판매·제공하는 매장,val,식자재,T2 동의어,023e47e8-7973-4e3d-95f3-f6bf168360f0,(주)동양종합유통,식자재,양동건어물시장,전통시장,광주광역시,,,
b7d865d5f73f27f47a00,full_annotation_v1,A,q_식자재_06,참기름,식료품 중 '식자재'를 판매·제공하는 매장,val,식자재,T2 동의어,56bb8c47-3010-4d75-a16c-b286f4c4b58a,대구상회,참기름,동울산종합시장,전통시장,울산광역시,,,
4fb7e23c6e44a8dd27c1,full_annotation_v1,A,q_식자재_06,참기름,식료품 중 '식자재'를 판매·제공하는 매장,val,식자재,T2 동의어,686702bf-5254-4f85-9c6e-d2be05dfd56a,모카윤스,,관저상가 골목형상점가,골목형상점가,대전광역시,,,
6ab9f709f1c099cfa71a,full_annotation_v1,A,q_식자재_06,참기름,식료품 중 '식자재'를 판매·제공하는 매장,val,식자재,T2 동의어,ce5c09d2-40f2-46a3-a4ed-e2a80b663b72,형제참기름,참기름,무진중오거리 골목형상점가,골목형상점가,광주광역시,,,
32f85d998d6bf6875f7e,full_annotation_v1,A,q_식자재_06,참기름,식료품 중 '식자재'를 판매·제공하는 매장,val,식자재,T2 동의어,f0f6e270-7c10-4e2f-80a2-018b45d13aee,금빛 참기름,참기름,수유재래시장,전통시장,서울특별시,,,
9a28cc1f5e947c22199b,full_annotation_v1,A,q_식자재_06,참기름,식료품 중 '식자재'를 판매·제공하는 매장,val,식자재,T2 동의어,352d7a4b-debf-472a-a896-a78bd8ebf1ae,성훈참기름,참기름,영일대북부시장(구 북부시장),전통시장,경상북도,,,
036e0811cd3ac82b14f6,full_annotation_v1,A,q_식자재_06,참기름,식료품 중 '식자재'를 판매·제공하는 매장,val,식자재,T2 동의어,581d3d53-f3b0-46da-8684-201f47155cce,인더바디마사지,화장품판매,갈매애비뉴 골목형상점가,골목형상점가,경기도,,,
c45390f0665d64b29c55,full_annotation_v1,A,q_식자재_06,참기름,식료품 중 '식자재'를 판매·제공하는 매장,val,식자재,T2 동의어,7bce2e60-69a1-4e92-809b-5bce64a7d58b,경북상회,참기름,경주중앙시장,전통시장,경상북도,,,
803d3ed8da86799a1c31,full_annotation_v1,A,q_식자재_06,참기름,식료품 중 '식자재'를 판매·제공하는 매장,val,식자재,T2 동의어,015915e3-2542-4245-b627-0c775b4c5501,한내떡집,,거제 고현시장,전통시장,경상남도,,,
decbf48b8821d4a2fd2a,full_annotation_v1,A,q_식자재_06,참기름,식료품 중 '식자재'를 판매·제공하는 매장,val,식자재,T2 동의어,d9cb9486-1a3e-4b77-b86d-8cda507fc456,해금참기름,참기름,번개시장,전통시장,대구광역시,,,
f8291e2892ae39f688d0,full_annotation_v1,A,q_식자재_06,참기름,식료품 중 '식자재'를 판매·제공하는 매장,val,식자재,T2 동의어,49f69a54-e7ca-4178-9e6b-bf960be19c3d,하나참기름,참기름,청학시장,전통시장,부산광역시,,,
4cf00e86e55b1c90e6ee,full_annotation_v1,A,q_식자재_06,참기름,식료품 중 '식자재'를 판매·제공하는 매장,val,식자재,T2 동의어,005313c8-dce8-49b6-9841-9143ebb1305a,동원떡집,,박달시장,전통시장,경기도,,,
753581cda5694f80884b,full_annotation_v1,A,q_식자재_06,참기름,식료품 중 '식자재'를 판매·제공하는 매장,val,식자재,T2 동의어,560ed06b-2a6a-4e92-86c8-e7a950cb0955,영덕참기름,참기름,대송시장,전통시장,울산광역시,,,
119746d460a2cd6934d3,full_annotation_v1,A,q_식자재_06,참기름,식료품 중 '식자재'를 판매·제공하는 매장,val,식자재,T2 동의어,0b8ef6dc-2f6b-4707-bd73-529122d9c97a,하단떡집,떡집,하단오일상설시장,전통시장,부산광역시,,,
d30257c696ea57f3b145,full_annotation_v1,A,q_식자재_06,참기름,식료품 중 '식자재'를 판매·제공하는 매장,val,식자재,T2 동의어,ece60893-1d8a-4c0c-9439-64a7f28a35f3,수연참기름,참기름,신매시장,전통시장,대구광역시,,,
93e1223463fde8de529a,full_annotation_v1,A,q_식자재_06,참기름,식료품 중 '식자재'를 판매·제공하는 매장,val,식자재,T2 동의어,59f51273-6fd9-4930-bdb7-eee39e3dc0e0,동해상회,참기름,포항큰동해시장,전통시장,경상북도,,,
a5e031cb2938a882151a,full_annotation_v1,A,q_식자재_06,참기름,식료품 중 '식자재'를 판매·제공하는 매장,val,식자재,T2 동의어,4e444cec-cb7e-4673-a2f9-f22094579cc2,경동기름집,참기름,경동광성상가,전통시장,서울특별시,,,
4cf424562f67dac622fa,full_annotation_v1,A,q_식자재_06,참기름,식료품 중 '식자재'를 판매·제공하는 매장,val,식자재,T2 동의어,ef1fa19c-6c20-4f91-a45d-05f4178c35dc,경북상회,참기름,부전상가시장,전통시장,부산광역시,,,
83f50819f14d44b5fce0,full_annotation_v1,A,q_식자재_06,참기름,식료품 중 '식자재'를 판매·제공하는 매장,val,식자재,T2 동의어,11662bbd-9509-453a-adf4-6b4f50558d68,풍작참기름,참기름,다운장 골목형상점가,골목형상점가,울산광역시,,,
643bd0a25525a09cf1a1,full_annotation_v1,A,q_식자재_06,참기름,식료품 중 '식자재'를 판매·제공하는 매장,val,식자재,T2 동의어,0592f5f6-ae8d-491f-87e9-2021a00f4ae0,우리상회,곡물,상주중앙시장,전통시장,경상북도,,,
89d74b63c376e02ff495,full_annotation_v1,A,q_식자재_06,참기름,식료품 중 '식자재'를 판매·제공하는 매장,val,식자재,T2 동의어,2bb6d501-0966-4b1d-a202-a50e119ab122,형보 참기름,참기름,한라종합시장,전통시장,경상북도,,,
70b6f2bbe4a26c61bd17,full_annotation_v1,A,q_식자재_06,참기름,식료품 중 '식자재'를 판매·제공하는 매장,val,식자재,T2 동의어,c06c2932-4c84-45a2-ba0f-8e8d66dad3d1,숙이참기름,참기름,창녕 남지시장,전통시장,경상남도,,,
e12ca331ab13b74ab2aa,full_annotation_v1,A,q_식자재_06,참기름,식료품 중 '식자재'를 판매·제공하는 매장,val,식자재,T2 동의어,c5378632-8394-4a40-90fb-3223666cbdaa,동북상회,참기름,번개시장,전통시장,대구광역시,,,
42ddc05b0a168b3a1507,full_annotation_v1,A,q_식자재_06,참기름,식료품 중 '식자재'를 판매·제공하는 매장,val,식자재,T2 동의어,09f26ebd-e9f6-492d-921f-e7576fe529e9,에스제이(SJ)모터스,,관저상가 골목형상점가,골목형상점가,대전광역시,,,
aa4ca1c7079bf1c3a668,full_annotation_v1,A,q_식자재_06,참기름,식료품 중 '식자재'를 판매·제공하는 매장,val,식자재,T2 동의어,00fea2e0-f294-46b6-af68-655475e888be,동양유통,"곡물, 식자재",김해새벽시장,기타,경상남도,,,
73e9eb0e5a90fab24ab8,full_annotation_v1,A,q_식자재_06,참기름,식료품 중 '식자재'를 판매·제공하는 매장,val,식자재,T2 동의어,6637d979-462d-4e8c-9194-a48f09bbad0d,경주참기름,참기름,신전시장(염포시장),전통시장,울산광역시,,,
7ac6cac7ecdd8fde6c15,full_annotation_v1,A,q_식자재_06,참기름,식료품 중 '식자재'를 판매·제공하는 매장,val,식자재,T2 동의어,fe45473a-1698-4927-b4a6-179aa96cd61e,영일,참기름,포항운하송림시장,전통시장,경상북도,,,
573f54242ab4c934f7ea,full_annotation_v1,A,q_식자재_06,참기름,식료품 중 '식자재'를 판매·제공하는 매장,val,식자재,T2 동의어,06bbe239-5774-4794-91c3-b45901659200,성진상회,식용유,고성시장,전통시장,경상남도,,,
9cbd60132a396bf117fe,full_annotation_v1,A,q_식자재_06,참기름,식료품 중 '식자재'를 판매·제공하는 매장,val,식자재,T2 동의어,fd25f677-97af-4870-a190-34b81e39e91c,경북상회,참기름,수안인정시장,전통시장,부산광역시,,,
380744a03d4126594ff9,full_annotation_v1,A,q_식자재_06,참기름,식료품 중 '식자재'를 판매·제공하는 매장,val,식자재,T2 동의어,868d0c9e-c1e4-435b-afc7-9748a711c116,황해식당,,화천재래시장,전통시장,강원특별자치도,,,
c073a188d5ba61964171,full_annotation_v1,A,q_식자재_06,참기름,식료품 중 '식자재'를 판매·제공하는 매장,val,식자재,T2 동의어,957c5cd4-2499-49a9-92cc-34c0a0163f1a,청풍방앗간,참기름,양동닭전길시장,전통시장,광주광역시,,,
dd96890d36536492ed91,full_annotation_v1,A,q_식자재_06,참기름,식료품 중 '식자재'를 판매·제공하는 매장,val,식자재,T2 동의어,b1ee7587-0e2e-4c47-ae57-a49674e2369d,김해상회,참기름,창원 도계부부시장,전통시장,경상남도,,,
52f92737c1987bb86fcb,full_annotation_v1,A,q_식자재_06,참기름,식료품 중 '식자재'를 판매·제공하는 매장,val,식자재,T2 동의어,56beebc4-46d9-45ff-ba84-6219c5ac5115,동언상회,참기름,김해 동상전통시장,전통시장,경상남도,,,
eed8314edb5000302c6d,full_annotation_v1,A,q_식자재_06,참기름,식료품 중 '식자재'를 판매·제공하는 매장,val,식자재,T2 동의어,01859206-536a-40a7-be1e-c8610663a665,동원참기름,참기름,안강공설시장,전통시장,경상북도,,,
7157d205d83c15244609,full_annotation_v1,A,q_식자재_06,참기름,식료품 중 '식자재'를 판매·제공하는 매장,val,식자재,T2 동의어,2554094b-4a93-40bf-838a-634712d00c50,제일방앗간,참기름,말바우시장,전통시장,광주광역시,,,
364f76527cb22068d262,full_annotation_v1,A,q_식자재_06,참기름,식료품 중 '식자재'를 판매·제공하는 매장,val,식자재,T2 동의어,7af43c30-205b-4b40-9c75-49c25098a730,덕하참기름,참기름,덕신1차시장,전통시장,울산광역시,,,
5d433ff8ea0757e69e37,full_annotation_v1,A,q_식자재_06,참기름,식료품 중 '식자재'를 판매·제공하는 매장,val,식자재,T2 동의어,53764e00-a709-4b99-a9ed-70a19a263ce0,여수참기름,참기름,여수서시장주변시장,전통시장,전라남도,,,
fe2f4db289b0980c7951,full_annotation_v1,A,q_식자재_06,참기름,식료품 중 '식자재'를 판매·제공하는 매장,val,식자재,T2 동의어,41469a27-7ea4-4358-9841-7eb3b52c4ba3,대구상회,참기름,수정전통시장,전통시장,부산광역시,,,
85eb584039a0301267e1,full_annotation_v1,A,q_식자재_06,참기름,식료품 중 '식자재'를 판매·제공하는 매장,val,식자재,T2 동의어,6b58ff67-8cb5-46c1-951b-a35c8ace8cf0,집현참기름,참기름,진주 논개시장,전통시장,경상남도,,,
424bc19281ec8ddafbad,full_annotation_v1,A,q_식자재_06,참기름,식료품 중 '식자재'를 판매·제공하는 매장,val,식자재,T2 동의어,795a2bf1-a5c7-4277-8840-71681b547780,북신참기름,참기름,통영 북신전통시장,전통시장,경상남도,,,
a1bd21289e6e4f5a9da3,full_annotation_v1,A,q_식자재_06,참기름,식료품 중 '식자재'를 판매·제공하는 매장,val,식자재,T2 동의어,4165fde6-5529-4c11-987a-95cb80ae10fd,말바우방앗간,참기름,말바우시장,전통시장,광주광역시,,,
ce814ac8a7869c42f350,full_annotation_v1,A,q_식자재_06,참기름,식료품 중 '식자재'를 판매·제공하는 매장,val,식자재,T2 동의어,7b13e943-36fc-4eca-8b7f-9aa7b054e7fe,손가네 참기름,참기름,안강공설시장,전통시장,경상북도,,,
12cdc7776254e481e76a,full_annotation_v1,A,q_식자재_06,참기름,식료품 중 '식자재'를 판매·제공하는 매장,val,식자재,T2 동의어,011f646c-0d2f-4770-a90e-d5d39e580d38,올 푸드,식자재,두암시장,전통시장,광주광역시,,,
5e4e9e47fa3ce2fb7d6e,full_annotation_v1,A,q_식자재_06,참기름,식료품 중 '식자재'를 판매·제공하는 매장,val,식자재,T2 동의어,2f270033-b954-4d7b-b4dd-278614aa0964,광일참기름,참기름,화정동 서부시장,전통시장,광주광역시,,,
5ba768d1119eb26f9669,full_annotation_v1,A,q_식자재_06,참기름,식료품 중 '식자재'를 판매·제공하는 매장,val,식자재,T2 동의어,67506593-af9a-4396-98fa-404f1b79ab1b,진주상회,참기름,복이있는덕포시장,전통시장,부산광역시,,,
bd8d0e1253873d18ecc6,full_annotation_v1,A,q_식자재_06,참기름,식료품 중 '식자재'를 판매·제공하는 매장,val,식자재,T2 동의어,ac31c1f7-f16d-4aaa-99b4-cc8f016f5b09,신토참기름,참기름,덕신1차시장,전통시장,울산광역시,,,
17b444acf42a7d57137b,full_annotation_v1,A,q_식자재_06,참기름,식료품 중 '식자재'를 판매·제공하는 매장,val,식자재,T2 동의어,023b2cb4-7f9e-4b85-9888-474ee933954a,산척제유소,방앗간,충주자유시장,전통시장,충청북도,,,
36d2d1d251f777d3f6ed,full_annotation_v1,A,q_식자재_06,참기름,식료품 중 '식자재'를 판매·제공하는 매장,val,식자재,T2 동의어,00e80339-1353-4885-81d7-0746a437abb2,포식 용인한숲시티점,쌀국수 돈까스 함박스테이크,남사한숲 골목형상점가,골목형상점가,경기도,,,
786e0fc1dfe18837e2de,full_annotation_v1,A,q_식자재_06,참기름,식료품 중 '식자재'를 판매·제공하는 매장,val,식자재,T2 동의어,7617d82d-8a17-4426-b80b-b693eee4a130,부산상회,참기름,가락몰골목형상점가,골목형상점가,서울특별시,,,
f2ce1c424167c3c79609,full_annotation_v1,A,q_식자재_06,참기름,식료품 중 '식자재'를 판매·제공하는 매장,val,식자재,T2 동의어,aa6bfc57-3b9b-475f-8814-6ba05190c317,안성참기름,참기름,안강공설시장,전통시장,경상북도,,,
ab67b2276d9746f58b6d,full_annotation_v1,A,q_식자재_06,참기름,식료품 중 '식자재'를 판매·제공하는 매장,val,식자재,T2 동의어,3e1ad6a8-727f-45c9-953e-b09dd413e49d,대성상회,참기름,진주 논개시장,전통시장,경상남도,,,
663c350c27ae070b12ff,full_annotation_v1,A,q_식자재_06,참기름,식료품 중 '식자재'를 판매·제공하는 매장,val,식자재,T2 동의어,b62feab7-7d03-4a8a-a2a7-b07d4f4fb735,시장참기름,참기름,거제 고현시장,전통시장,경상남도,,,
8ae50df4359538d66a95,full_annotation_v1,A,q_식자재_06,참기름,식료품 중 '식자재'를 판매·제공하는 매장,val,식자재,T2 동의어,439ddc60-cc42-4510-83d6-7a1e2646b216,경주상회,참기름,안강공설시장,전통시장,경상북도,,,
b9201849f4f51ef985ac,full_annotation_v1,A,q_식자재_06,참기름,식료품 중 '식자재'를 판매·제공하는 매장,val,식자재,T2 동의어,9c64b347-1d49-4022-bbfb-7a2a13944d78,신용상회,참기름,남광시장,전통시장,부산광역시,,,
039f6cbc5fb50496983b,full_annotation_v1,A,q_식자재_06,참기름,식료품 중 '식자재'를 판매·제공하는 매장,val,식자재,T2 동의어,eca72a99-87ea-4958-b365-868ebe8b52dd,한일상회,참기름,밀양 내일전통시장,전통시장,경상남도,,,
59933ed155fe665a4879,full_annotation_v1,A,q_식자재_06,참기름,식료품 중 '식자재'를 판매·제공하는 매장,val,식자재,T2 동의어,b8dde7d8-e1df-4c21-b06a-3fbb60801da1,허준본가,참기름,진주 자유시장,전통시장,경상남도,,,
80b35da9db45fb9aa0b2,full_annotation_v1,A,q_식자재_06,참기름,식료품 중 '식자재'를 판매·제공하는 매장,val,식자재,T2 동의어,18814688-3f2f-4d9c-841a-da6261f82533,시장기름집,참기름,문경중앙시장,전통시장,경상북도,,,
2a02aed849a072bf61d6,full_annotation_v1,A,q_식자재_06,참기름,식료품 중 '식자재'를 판매·제공하는 매장,val,식자재,T2 동의어,4540733c-56e5-4008-a54f-179490c85e97,삼성상회,참기름,고성시장,전통시장,경상남도,,,
1eb7cc42c8572d2aeeee,full_annotation_v1,A,q_식자재_06,참기름,식료품 중 '식자재'를 판매·제공하는 매장,val,식자재,T2 동의어,20bcdecc-6978-4f4d-86c5-d22cb0afb1e9,충남참기름,참기름,공덕시장,전통시장,서울특별시,,,
f1bb7a6f3b7c4839f033,full_annotation_v1,A,q_식자재_06,참기름,식료품 중 '식자재'를 판매·제공하는 매장,val,식자재,T2 동의어,5d7e8584-a7dd-4c44-b89e-db3fbebe88cd,경남상회,참기름,수정전통시장,전통시장,부산광역시,,,
fc048480eab41e998d7b,full_annotation_v1,A,q_식자재_06,참기름,식료품 중 '식자재'를 판매·제공하는 매장,val,식자재,T2 동의어,00362b85-cb9a-4318-9059-12f768d76197,파리바게뜨전주인후점,제과점,소나무 골목형상점가,골목형상점가,전북특별자치도,,,
7db8bbec58f0715da8c3,full_annotation_v1,A,q_식자재_06,참기름,식료품 중 '식자재'를 판매·제공하는 매장,val,식자재,T2 동의어,021bf03c-8b83-4288-89c5-15a4a162142b,신선식품,식자재,사천읍시장,전통시장,경상남도,,,
289650042a1dfe416c8e,full_annotation_v1,A,q_식자재_06,참기름,식료품 중 '식자재'를 판매·제공하는 매장,val,식자재,T2 동의어,02223ab5-044d-40ad-8cc7-838ed325ada0,상옥쌀상회,쌀,영일대북부시장(구 북부시장),전통시장,경상북도,,,
41b8b783899a1bdca3e2,full_annotation_v1,A,q_식자재_06,참기름,식료품 중 '식자재'를 판매·제공하는 매장,val,식자재,T2 동의어,c54ff01d-fa07-4e13-ad1a-a71700c28f3a,협농즉석참기름,참기름,선산봉황시장(구 선산종합시장),전통시장,경상북도,,,
58149e18b54f02af38d0,full_annotation_v1,A,q_식자재_06,참기름,식료품 중 '식자재'를 판매·제공하는 매장,val,식자재,T2 동의어,2240bb14-a1e7-4911-8f05-fdda7a9a0da9,유성참기름,참기름,경주성동공설시장,전통시장,경상북도,,,
bf133a197097754cb593,full_annotation_v1,A,q_식자재_06,참기름,식료품 중 '식자재'를 판매·제공하는 매장,val,식자재,T2 동의어,dbb20618-50f7-4379-9ba7-d972fdf0cc5f,보문참기름,참기름,신매시장,전통시장,대구광역시,,,
cde9d0cb84972f95736d,full_annotation_v1,A,q_식자재_06,참기름,식료품 중 '식자재'를 판매·제공하는 매장,val,식자재,T2 동의어,96fb064b-dc7d-4afa-8a17-2c8f84666089,두호참기름,참기름,두호1시장,전통시장,경상북도,,,
ac0cae7b31be49f42ce9,full_annotation_v1,A,q_식자재_06,참기름,식료품 중 '식자재'를 판매·제공하는 매장,val,식자재,T2 동의어,bd95560d-5d6f-4e31-a562-845996574830,현대참기름,참기름,도마큰시장,전통시장,대전광역시,,,
c4550b773f4b616cf3a7,full_annotation_v1,A,q_식자재_06,참기름,식료품 중 '식자재'를 판매·제공하는 매장,val,식자재,T2 동의어,e9a41c3b-6044-4554-a1a4-a001d38e7205,예천어물상회,건어물,상주남성시장,전통시장,경상북도,,,
4a32fca043622a6b82e7,full_annotation_v1,A,q_식자재_06,참기름,식료품 중 '식자재'를 판매·제공하는 매장,val,식자재,T2 동의어,d179276d-3009-4824-8411-d40a9348cd5f,동래참기름,참기름,동래시장,전통시장,부산광역시,,,
9d9bd18dcb0c9a21b821,full_annotation_v1,A,q_식자재_06,참기름,식료품 중 '식자재'를 판매·제공하는 매장,val,식자재,T2 동의어,00e30e5a-4662-4e65-9b6c-dd704886f1af,믿음떡집,떡방앗간,문창시장,전통시장,대전광역시,,,
cfe0f0fc4d9db047ee47,full_annotation_v1,A,q_식자재_06,참기름,식료품 중 '식자재'를 판매·제공하는 매장,val,식자재,T2 동의어,022ece99-80e4-453c-91c0-f46f8527e7ab,구즉방아간,방앗간,송강전통시장,전통시장,대전광역시,,,
cdc7b99ea8fb47727661,full_annotation_v1,A,q_식자재_06,참기름,식료품 중 '식자재'를 판매·제공하는 매장,val,식자재,T2 동의어,5d3f9f64-8609-4cd8-8a59-b2ae78bbc3ce,돌다리방앗간,참기름,청주육거리종합시장,전통시장,충청북도,,,
dfb72e362325159b9d33,full_annotation_v1,A,q_식자재_06,참기름,식료품 중 '식자재'를 판매·제공하는 매장,val,식자재,T2 동의어,04c905ba-3172-4ea4-a6dd-4345d674dea0,덕순이네,제조업(떡집),장터길 골목형상점가,골목형상점가,경기도,,,
742921ecfb00813de24c,full_annotation_v1,A,q_식자재_06,참기름,식료품 중 '식자재'를 판매·제공하는 매장,val,식자재,T2 동의어,8c9f9397-e2d7-4185-a280-7890f383a475,충무참기름,참기름,통영중앙전통시장,전통시장,경상남도,,,
960333da56e7dc9eafc9,full_annotation_v1,A,q_식자재_06,참기름,식료품 중 '식자재'를 판매·제공하는 매장,val,식자재,T2 동의어,0ed02a38-7a89-4e07-ad40-6aa994b0508a,서울떡방앗간,떡,용현시장,전통시장,인천광역시,,,
6b212d6aede18bfeedc4,full_annotation_v1,A,q_식자재_06,참기름,식료품 중 '식자재'를 판매·제공하는 매장,val,식자재,T2 동의어,bed4402f-47db-4a54-9c05-7887f665c0b8,대성상회,참기름,구역전시장,전통시장,울산광역시,,,
a55d75c52c8b08088db7,full_annotation_v1,A,q_식자재_06,참기름,식료품 중 '식자재'를 판매·제공하는 매장,val,식자재,T2 동의어,54a0655d-bd53-48e7-9a9e-1a8379238be6,삼성상회,참기름,사천 삼천포종합시장,전통시장,경상남도,,,
5b689187e12f4233bd19,full_annotation_v1,A,q_식자재_06,참기름,식료품 중 '식자재'를 판매·제공하는 매장,val,식자재,T2 동의어,002d0d06-15b2-463e-b789-b0232bcc6681,뚜레주르버들마을점,제과,버들마을상인회 골목형상점가,골목형상점가,광주광역시,,,
6653b379856975b8098e,full_annotation_v1,A,q_식자재_06,참기름,식료품 중 '식자재'를 판매·제공하는 매장,val,식자재,T2 동의어,baafccab-0425-4bf1-9375-55470c7e61ab,현대참기름,참기름,진주 동부시장,전통시장,경상남도,,,
3d244135377db06ca410,full_annotation_v1,A,q_식자재_06,참기름,식료품 중 '식자재'를 판매·제공하는 매장,val,식자재,T2 동의어,01e4cef2-9c12-4be0-9c3e-5a09ab67f7f5,대명제유,"고추, 기름",의정부제일시장,전통시장,경기도,,,
86a6238acb5324dd9cd7,full_annotation_v1,A,q_식자재_06,참기름,식료품 중 '식자재'를 판매·제공하는 매장,val,식자재,T2 동의어,6b6982af-8dc8-4298-a8ff-908dad0ad3bd,현대참기름,참기름,논공중앙시장,전통시장,대구광역시,,,
8bd49d5cd42d9f4a5fbf,full_annotation_v1,A,q_식자재_06,참기름,식료품 중 '식자재'를 판매·제공하는 매장,val,식자재,T2 동의어,ea490544-8d8b-4d44-b503-d42e7476124a,남목참기름,참기름,남목전통시장,전통시장,울산광역시,,,
04d4ff97e2a343f933aa,full_annotation_v1,A,q_식자재_06,참기름,식료품 중 '식자재'를 판매·제공하는 매장,val,식자재,T2 동의어,29c3873e-f93b-4921-be12-13bd7c91c4c6,현대참기름,참기름,무거현대시장,골목형상점가,울산광역시,,,
41469c62b33f81dcba67,full_annotation_v1,A,q_식자재_06,참기름,식료품 중 '식자재'를 판매·제공하는 매장,val,식자재,T2 동의어,97bd7f23-5b3a-4d00-bfae-bad5e83a8984,경남상회,참기름,만덕2동제일상가시장,전통시장,부산광역시,,,
9ab7f7af6d7ac699a9c7,full_annotation_v1,A,q_식자재_06,참기름,식료품 중 '식자재'를 판매·제공하는 매장,val,식자재,T2 동의어,8bc21103-bc02-4f1f-8cd9-c8d5383a64eb,백운참기름,참기름,백운 대성시장 골목형상점가,골목형상점가,광주광역시,,,
b40f00dd9880185abfb3,full_annotation_v1,A,q_식자재_06,참기름,식료품 중 '식자재'를 판매·제공하는 매장,val,식자재,T2 동의어,001961d9-cb5d-40bc-903a-33d483f7d132,헬씨스탠다드,"건강기능식품, 쌀, 견과류, 약재",응암소담길 골목형상점가,골목형상점가,서울특별시,,,
9c7f1ac20bf808b84675,full_annotation_v1,A,q_식자재_06,참기름,식료품 중 '식자재'를 판매·제공하는 매장,val,식자재,T2 동의어,f45bd6d8-d583-4ddb-8696-487108565142,중앙상회,참기름,우이골목시장골목형상점가,골목형상점가,서울특별시,,,
d19a14489a4b549007f0,full_annotation_v1,A,q_식자재_06,참기름,식료품 중 '식자재'를 판매·제공하는 매장,val,식자재,T2 동의어,3671941c-bbf2-4cd2-8904-507c93c05542,대명상회,"참기름, 참기름 제조",연산골목시장상점가,자율상권구역,부산광역시,,,
5ab4c4a45b03d7534b30,full_annotation_v1,A,q_식자재_06,참기름,식료품 중 '식자재'를 판매·제공하는 매장,val,식자재,T2 동의어,0046e3b5-e973-4cc0-807c-acb34ad8e262,야음민속떡집,제조업(떡방앗간),울산번개시장,전통시장,울산광역시,,,
4924a6269398ba7c469e,full_annotation_v1,A,q_식자재_06,참기름,식료품 중 '식자재'를 판매·제공하는 매장,val,식자재,T2 동의어,8d1dc46f-8db8-4efe-b651-008e987c479b,광주참기름,참기름,양동시장,전통시장,광주광역시,,,
f595321132f838144e2a,full_annotation_v1,A,q_식자재_06,참기름,식료품 중 '식자재'를 판매·제공하는 매장,val,식자재,T2 동의어,01f175a9-1413-4042-b301-fae5c851424a,트로이,악세사리,갈매애비뉴 골목형상점가,골목형상점가,경기도,,,
2080775dff0c44246064,full_annotation_v1,A,q_식자재_06,참기름,식료품 중 '식자재'를 판매·제공하는 매장,val,식자재,T2 동의어,4659c74d-8a18-4bee-81d2-58a3cb4f5008,청년다방 용인동천점,일반음식점,머내마을 상점가,골목형상점가,경기도,,,
98feb652f4fa866cffb5,full_annotation_v1,A,q_식자재_06,참기름,식료품 중 '식자재'를 판매·제공하는 매장,val,식자재,T2 동의어,2b6f0514-5e67-4261-9ddb-9b625559cdc4,은행참기름,참기름,은행시장,전통시장,경기도,,,
bf0071bf42a908478365,full_annotation_v1,A,q_식자재_06,참기름,식료품 중 '식자재'를 판매·제공하는 매장,val,식자재,T2 동의어,04cffa8f-5c05-444b-bde1-a3d1918cf92f,강원기름집,식용유,속초종합중앙시장,전통시장,강원특별자치도,,,
7383c93c77d9efd96075,full_annotation_v1,A,q_식자재_06,참기름,식료품 중 '식자재'를 판매·제공하는 매장,val,식자재,T2 동의어,75bf94fb-a3b9-4553-9f16-d4e3d5fa7f8d,동훈참기름,참기름,하동공설시장,전통시장,경상남도,,,
daed7340c704799bba6f,full_annotation_v1,A,q_식자재_06,참기름,식료품 중 '식자재'를 판매·제공하는 매장,val,식자재,T2 동의어,931ac55f-2522-47c3-84c6-10db64d6a5b1,안강참기름,참기름,안강공설시장,전통시장,경상북도,,,
13a158423e672f86bd4a,full_annotation_v1,A,q_식자재_06,참기름,식료품 중 '식자재'를 판매·제공하는 매장,val,식자재,T2 동의어,01757e0a-7278-44bc-9fad-29595028ac3d,현대떡방앗간,방앗간,염매시장(의성중앙시장),전통시장,경상북도,,,
c9c354d5476649c05e96,full_annotation_v1,A,q_식자재_06,참기름,식료품 중 '식자재'를 판매·제공하는 매장,val,식자재,T2 동의어,001cb3d4-5441-4963-b517-d5b3904ee312,현창떡집,떡집,목포동부시장,전통시장,전라남도,,,
95097921feafae7e70db,full_annotation_v1,A,q_식자재_06,참기름,식료품 중 '식자재'를 판매·제공하는 매장,val,식자재,T2 동의어,001bc028-a43e-44d4-9682-db280a4998cc,파리바게뜨전주근영점,제과점,근영누리 골목형상점가,골목형상점가,전북특별자치도,,,
d3856727d7ad631a25bb,full_annotation_v1,A,q_식자재_06,참기름,식료품 중 '식자재'를 판매·제공하는 매장,val,식자재,T2 동의어,1e464a51-9f31-4346-86d9-ac0a93a712e1,현대참기름,참기름,황룡시장,전통시장,전라남도,,,
56109a59d3429ff41f29,full_annotation_v1,A,q_식자재_06,참기름,식료품 중 '식자재'를 판매·제공하는 매장,val,식자재,T2 동의어,ae5fb5cf-5622-4158-87e4-20e5f75cad32,자유참기름,참기름,목포자유시장,전통시장,전라남도,,,
99dc5e3f90946cd7763c,full_annotation_v1,A,q_식자재_06,참기름,식료품 중 '식자재'를 판매·제공하는 매장,val,식자재,T2 동의어,efe26b17-f8f1-42cb-bd60-99e298b8ad9f,한려참기름,참기름,통영 서호전통시장,전통시장,경상남도,,,
52518a4b267b79684598,full_annotation_v1,A,q_식자재_07,견과류,식료품 중 '식자재'를 판매·제공하는 매장,val,식자재,T3 개념확장,29e2ae38-2897-46f9-b151-12ea40217592,부산유통,견과류,부전상가시장,전통시장,부산광역시,,,
ae73a8f8bfdbb30a21a2,full_annotation_v1,A,q_식자재_07,견과류,식료품 중 '식자재'를 판매·제공하는 매장,val,식자재,T3 개념확장,1c3dbcb8-59fa-49c3-a1ec-d462ecbca0fe,씨앗나라,견과류,중곡제일골목시장(중곡제일전통시장),전통시장,서울특별시,,,
4e79ff043b8254b58742,full_annotation_v1,A,q_식자재_07,견과류,식료품 중 '식자재'를 판매·제공하는 매장,val,식자재,T3 개념확장,001bc028-a43e-44d4-9682-db280a4998cc,파리바게뜨전주근영점,제과점,근영누리 골목형상점가,골목형상점가,전북특별자치도,,,
c5feb69b5e3399b0c6d2,full_annotation_v1,A,q_식자재_07,견과류,식료품 중 '식자재'를 판매·제공하는 매장,val,식자재,T3 개념확장,044b74fa-bb37-480b-8d36-3f7676cf2fb4,영진상회,곡물,청주육거리종합시장,전통시장,충청북도,,,
0951032566eafd42de1e,full_annotation_v1,A,q_식자재_07,견과류,식료품 중 '식자재'를 판매·제공하는 매장,val,식자재,T3 개념확장,22cd3582-0d0a-4ea0-ad24-53bd02d9485d,경희견과,견과류,비단길현대시장,전통시장,서울특별시,,,
c5580a8be470911bdf7c,full_annotation_v1,A,q_식자재_07,견과류,식료품 중 '식자재'를 판매·제공하는 매장,val,식자재,T3 개념확장,18c604a3-765d-4ece-b359-4b7e581af9e9,신진상회,견과류,칠성종합 상권활성화구역,상권활성화구역,대구광역시,,,
79c9e2c49014f4e0a0a6,full_annotation_v1,A,q_식자재_07,견과류,식료품 중 '식자재'를 판매·제공하는 매장,val,식자재,T3 개념확장,14faaa54-0323-4584-9e93-afeb7fefab21,옹달샘견과류,견과류,석바위시장,전통시장,인천광역시,,,
c919d2c24246b8026d79,full_annotation_v1,A,q_식자재_07,견과류,식료품 중 '식자재'를 판매·제공하는 매장,val,식자재,T3 개념확장,01757e0a-7278-44bc-9fad-29595028ac3d,현대떡방앗간,방앗간,염매시장(의성중앙시장),전통시장,경상북도,,,
e22fa37084cbf393ed4f,full_annotation_v1,A,q_식자재_07,견과류,식료품 중 '식자재'를 판매·제공하는 매장,val,식자재,T3 개념확장,0f77675f-73d1-4b22-922f-100175d90414,남선상회,견과류,남포동건어물도매시장,전통시장,부산광역시,,,
ebed17324b05ffc289db,full_annotation_v1,A,q_식자재_07,견과류,식료품 중 '식자재'를 판매·제공하는 매장,val,식자재,T3 개념확장,df700398-1338-4b0e-9f3c-8c0027fdeeec,건강상회,견과류,망미중앙시장,전통시장,부산광역시,,,
33894b406add470c46b3,full_annotation_v1,A,q_식자재_07,견과류,식료품 중 '식자재'를 판매·제공하는 매장,val,식자재,T3 개념확장,8cda942f-441a-4c3e-b438-236c6e426349,창신상회,견과류,서문시장 제1지구1층(직물시장),전통시장,대구광역시,,,
e53d2a191c4fccf289da,full_annotation_v1,A,q_식자재_07,견과류,식료품 중 '식자재'를 판매·제공하는 매장,val,식자재,T3 개념확장,00bf0e58-0696-472a-8a12-945c44dc9435,오복상회,쌀,백년시장(구 강북종합전통시장),전통시장,서울특별시,,,
6fc96ababf5ac62f0066,full_annotation_v1,A,q_식자재_07,견과류,식료품 중 '식자재'를 판매·제공하는 매장,val,식자재,T3 개념확장,5d10882f-63cb-4965-a74b-f29aba69e5d2,치킨신드롬,,양산 물금백호마을 골목형상점가,골목형상점가,경상남도,,,
09e22050179a24f09078,full_annotation_v1,A,q_식자재_07,견과류,식료품 중 '식자재'를 판매·제공하는 매장,val,식자재,T3 개념확장,092868ef-cdbe-426a-8e04-c1862bac5076,익산바이오,식용유,세종전통시장,전통시장,세종특별자치시,,,
6deb18f9463989314515,full_annotation_v1,A,q_식자재_07,견과류,식료품 중 '식자재'를 판매·제공하는 매장,val,식자재,T3 개념확장,b220f2cc-d931-44b1-a117-bf3ed86edb1e,대원상회,견과류,서문시장건해산물상가,전통시장,대구광역시,,,
aac6719c8e6962ca27ec,full_annotation_v1,A,q_식자재_07,견과류,식료품 중 '식자재'를 판매·제공하는 매장,val,식자재,T3 개념확장,d962fb1e-fb2a-43f3-b0ef-441645c6a5bb,현대케이씨무역,견과류,서문시장건해산물상가,전통시장,대구광역시,,,
fae4a9b9389a5fe823ea,full_annotation_v1,A,q_식자재_07,견과류,식료품 중 '식자재'를 판매·제공하는 매장,val,식자재,T3 개념확장,06bbe239-5774-4794-91c3-b45901659200,성진상회,식용유,고성시장,전통시장,경상남도,,,
8803f9bf1ae894dd2b60,full_annotation_v1,A,q_식자재_07,견과류,식료품 중 '식자재'를 판매·제공하는 매장,val,식자재,T3 개념확장,0e0892cd-bd76-4268-aac9-86df598615dc,동신푸드점,견과류,말바우시장,전통시장,광주광역시,,,
bfe427258e5429eaad0d,full_annotation_v1,A,q_식자재_07,견과류,식료품 중 '식자재'를 판매·제공하는 매장,val,식자재,T3 개념확장,00e30e5a-4662-4e65-9b6c-dd704886f1af,믿음떡집,떡방앗간,문창시장,전통시장,대전광역시,,,
c72fa4b30007016ef08c,full_annotation_v1,A,q_식자재_07,견과류,식료품 중 '식자재'를 판매·제공하는 매장,val,식자재,T3 개념확장,00e80339-1353-4885-81d7-0746a437abb2,포식 용인한숲시티점,쌀국수 돈까스 함박스테이크,남사한숲 골목형상점가,골목형상점가,경기도,,,
720b808a89e77f52d55e,full_annotation_v1,A,q_식자재_07,견과류,식료품 중 '식자재'를 판매·제공하는 매장,val,식자재,T3 개념확장,17ec4d95-5b02-4c8f-8612-a2f3a37a3c9a,동원농산,견과류,서울중부시장,전통시장,서울특별시,,,
d2d1b3a4bfac075faf2a,full_annotation_v1,A,q_식자재_07,견과류,식료품 중 '식자재'를 판매·제공하는 매장,val,식자재,T3 개념확장,629be5cf-66b0-477f-a975-218e3f56c809,성우유통,견과류,금산수삼센터,전통시장,충청남도,,,
538a386efb1da87d4be6,full_annotation_v1,A,q_식자재_07,견과류,식료품 중 '식자재'를 판매·제공하는 매장,val,식자재,T3 개념확장,7effe8c7-7ef8-4c19-8bb6-c916842aed11,캣츠,의류,충장로45가 상점가,자율상권구역,광주광역시,,,
00d854fbde3eed2dbffa,full_annotation_v1,A,q_식자재_07,견과류,식료품 중 '식자재'를 판매·제공하는 매장,val,식자재,T3 개념확장,4cddcb4d-a26a-41c8-af2c-7941752de397,와우견과,견과류,거제 고현시장,전통시장,경상남도,,,
1a21643d244ad7288aee,full_annotation_v1,A,q_식자재_07,견과류,식료품 중 '식자재'를 판매·제공하는 매장,val,식자재,T3 개념확장,614f427f-851f-4a21-b086-a83ef13d705c,힐링온,견과류,"온양온천시장(온양재래시장, 전통시장)",전통시장,충청남도,,,
96007bf2f1b4f982ad83,full_annotation_v1,A,q_식자재_07,견과류,식료품 중 '식자재'를 판매·제공하는 매장,val,식자재,T3 개념확장,3ef8447b-53bb-4594-b88b-06125ea7be66,에스엠넛츠,견과류,부전농수산물새벽시장,전통시장,부산광역시,,,
2304edd1e538a25635fd,full_annotation_v1,A,q_식자재_07,견과류,식료품 중 '식자재'를 판매·제공하는 매장,val,식자재,T3 개념확장,1b954dc7-940e-4530-86bc-be0f9e8e69dc,합천땅콩,견과류,부전상가시장,전통시장,부산광역시,,,
22a113b6380000a028b7,full_annotation_v1,A,q_식자재_07,견과류,식료품 중 '식자재'를 판매·제공하는 매장,val,식자재,T3 개념확장,001961d9-cb5d-40bc-903a-33d483f7d132,헬씨스탠다드,"건강기능식품, 쌀, 견과류, 약재",응암소담길 골목형상점가,골목형상점가,서울특별시,,,
51af4dea81e33d365d49,full_annotation_v1,A,q_식자재_07,견과류,식료품 중 '식자재'를 판매·제공하는 매장,val,식자재,T3 개념확장,287e70ef-ad61-4b19-9706-313d0d6e1e4e,동양양행,의류,영천공설시장,전통시장,경상북도,,,
cc36aa5641dd1c815965,full_annotation_v1,A,q_식자재_07,견과류,식료품 중 '식자재'를 판매·제공하는 매장,val,식자재,T3 개념확장,015915e3-2542-4245-b627-0c775b4c5501,한내떡집,,거제 고현시장,전통시장,경상남도,,,
76179bfafd1c08391d6c,full_annotation_v1,A,q_식자재_07,견과류,식료품 중 '식자재'를 판매·제공하는 매장,val,식자재,T3 개념확장,d3b5f95e-0afa-408b-b620-b1bb187d614d,에스더견과류어류,견과류,중앙상가시장,전통시장,대전광역시,,,
dd4100e07e591e69653b,full_annotation_v1,A,q_식자재_07,견과류,식료품 중 '식자재'를 판매·제공하는 매장,val,식자재,T3 개념확장,8d42b7ec-c9c9-4932-9710-d3fe56f248d5,참좋은견과류,견과류,비단길현대시장,전통시장,서울특별시,,,
05830590eff275b0cfe7,full_annotation_v1,A,q_식자재_07,견과류,식료품 중 '식자재'를 판매·제공하는 매장,val,식자재,T3 개념확장,023e47e8-7973-4e3d-95f3-f6bf168360f0,(주)동양종합유통,식자재,양동건어물시장,전통시장,광주광역시,,,
12cd040a39777304fb86,full_annotation_v1,A,q_식자재_07,견과류,식료품 중 '식자재'를 판매·제공하는 매장,val,식자재,T3 개념확장,9b6ca520-b117-4e4a-917d-dce8259212a9,강릉더넛츠,견과류,강릉성남시장,전통시장,강원특별자치도,,,
1d1662dd2a10b809ba87,full_annotation_v1,A,q_식자재_07,견과류,식료품 중 '식자재'를 판매·제공하는 매장,val,식자재,T3 개념확장,759990e5-c8b2-4f49-a530-92d21d4acce5,동성상회,견과류,경동광성상가,전통시장,서울특별시,,,
c62403bdac1009c79ea0,full_annotation_v1,A,q_식자재_07,견과류,식료품 중 '식자재'를 판매·제공하는 매장,val,식자재,T3 개념확장,04cffa8f-5c05-444b-bde1-a3d1918cf92f,강원기름집,식용유,속초종합중앙시장,전통시장,강원특별자치도,,,
3bce1124df73cde694b6,full_annotation_v1,A,q_식자재_07,견과류,식료품 중 '식자재'를 판매·제공하는 매장,val,식자재,T3 개념확장,8d5256cb-0c13-4d77-bc1a-d8f005b7963e,보령상회,견과류,청량리종합시장,전통시장,서울특별시,,,
12bca6b09b13ac197483,full_annotation_v1,A,q_식자재_07,견과류,식료품 중 '식자재'를 판매·제공하는 매장,val,식자재,T3 개념확장,1e636722-5d3d-4c9c-883e-65b97061c809,웰빙선식&견과류,"견과류, 선식",중동사랑시장,전통시장,경기도,,,
a490a5ac1d295d4eed0b,full_annotation_v1,A,q_식자재_07,견과류,식료품 중 '식자재'를 판매·제공하는 매장,val,식자재,T3 개념확장,0046e3b5-e973-4cc0-807c-acb34ad8e262,야음민속떡집,제조업(떡방앗간),울산번개시장,전통시장,울산광역시,,,
3c777e8d089c286e70f0,full_annotation_v1,A,q_식자재_07,견과류,식료품 중 '식자재'를 판매·제공하는 매장,val,식자재,T3 개념확장,d4ff1c93-1cf0-4ab6-b1d2-2ef598bf55a7,의정부대찌개냉면,부대찌개,전남대후문골목형상점가,골목형상점가,광주광역시,,,
04067e25e4c78e088788,full_annotation_v1,A,q_식자재_07,견과류,식료품 중 '식자재'를 판매·제공하는 매장,val,식자재,T3 개념확장,0f43432b-4e38-421f-9208-9c0ae94489dc,대우땅콩,견과류,대전정원시장,전통시장,대전광역시,,,
f3a07b9ed91bd56ae723,full_annotation_v1,A,q_식자재_07,견과류,식료품 중 '식자재'를 판매·제공하는 매장,val,식자재,T3 개념확장,82b08855-ee2d-4946-a9f0-5de6c491482f,강의원,정형외과 내과 소아청소년과 신경외과,상주남문거리 골목형상점가,골목형상점가,경상북도,,,
50ca98691eb80c5cf53b,full_annotation_v1,A,q_식자재_07,견과류,식료품 중 '식자재'를 판매·제공하는 매장,val,식자재,T3 개념확장,0d0e5bdb-adad-4883-8a72-6a4c6bff6481,매산견과류,견과류,매산시장,전통시장,경기도,,,
98b853e3545139c6d7b8,full_annotation_v1,A,q_식자재_07,견과류,식료품 중 '식자재'를 판매·제공하는 매장,val,식자재,T3 개념확장,373b3543-7811-4e28-bf6b-190888009f70,예전농산,견과류,장승백이전통시장(구 만수창대시장),전통시장,인천광역시,,,
704b8cb7e414a988642c,full_annotation_v1,A,q_식자재_07,견과류,식료품 중 '식자재'를 판매·제공하는 매장,val,식자재,T3 개념확장,01a5f192-c482-46e3-8b58-5358216d0749,풍전기름집,참기름,화곡본동시장,전통시장,서울특별시,,,
dd64df2badea8d33ec3c,full_annotation_v1,A,q_식자재_07,견과류,식료품 중 '식자재'를 판매·제공하는 매장,val,식자재,T3 개념확장,005313c8-dce8-49b6-9841-9143ebb1305a,동원떡집,,박달시장,전통시장,경기도,,,
4128bbd9772fcf68aad5,full_annotation_v1,A,q_식자재_07,견과류,식료품 중 '식자재'를 판매·제공하는 매장,val,식자재,T3 개념확장,0017714f-cbac-4f85-a148-338ddcefe41c,유수담,"쌀, 계란, 신선식품",익산북부시장,전통시장,전북특별자치도,,,
ff436c10bc91c40317f8,full_annotation_v1,A,q_식자재_07,견과류,식료품 중 '식자재'를 판매·제공하는 매장,val,식자재,T3 개념확장,00eca8e7-b158-4572-b540-c241f4ad2546,거창상회,식자재,충무동 새벽시장,전통시장,부산광역시,,,
6927f8d9a85c02e5b31f,full_annotation_v1,A,q_식자재_07,견과류,식료품 중 '식자재'를 판매·제공하는 매장,val,식자재,T3 개념확장,03e3e424-656a-46ea-82b7-21bcc07cae47,초왕상회,"곡물, 농산물",전주남부시장,전통시장,전북특별자치도,,,
5119a1c974d119332020,full_annotation_v1,A,q_식자재_07,견과류,식료품 중 '식자재'를 판매·제공하는 매장,val,식자재,T3 개념확장,a39a0cef-fda2-4273-830c-f0c05e891b3d,문경상회,견과류,청량리종합시장,전통시장,서울특별시,,,
1ba5d5e3efeb570d8f5d,full_annotation_v1,A,q_식자재_07,견과류,식료품 중 '식자재'를 판매·제공하는 매장,val,식자재,T3 개념확장,8dafcedb-86c5-4855-a8ae-fa76a0d76c78,부산농산,견과류,부전상가시장,전통시장,부산광역시,,,
cebb79ccd7e35d1cbf4c,full_annotation_v1,A,q_식자재_07,견과류,식료품 중 '식자재'를 판매·제공하는 매장,val,식자재,T3 개념확장,011f646c-0d2f-4770-a90e-d5d39e580d38,올 푸드,식자재,두암시장,전통시장,광주광역시,,,
6c58901b3ee661fff2cd,full_annotation_v1,A,q_식자재_07,견과류,식료품 중 '식자재'를 판매·제공하는 매장,val,식자재,T3 개념확장,001cb3d4-5441-4963-b517-d5b3904ee312,현창떡집,떡집,목포동부시장,전통시장,전라남도,,,
bbd29a3d830af562f814,full_annotation_v1,A,q_식자재_07,견과류,식료품 중 '식자재'를 판매·제공하는 매장,val,식자재,T3 개념확장,e40b11e4-23a5-4281-8abb-2c993a2e50d2,오빠네견과류강정,견과류,구미새마을중앙시장,전통시장,경상북도,,,
75b820dcea06a5679bbc,full_annotation_v1,A,q_식자재_07,견과류,식료품 중 '식자재'를 판매·제공하는 매장,val,식자재,T3 개념확장,391d3469-4c57-45cd-aff5-d512487502f6,행궁상회,견과류,수원남문패션1번가시장,전통시장,경기도,,,
456d2f231e1f065c8583,full_annotation_v1,A,q_식자재_07,견과류,식료품 중 '식자재'를 판매·제공하는 매장,val,식자재,T3 개념확장,5c0d17a8-81b2-452f-91e8-bbec01b4a689,부산땅콩,견과류 건어물,자갈치해안시장,전통시장,부산광역시,,,
b9ebc05564474cf4b850,full_annotation_v1,A,q_식자재_07,견과류,식료품 중 '식자재'를 판매·제공하는 매장,val,식자재,T3 개념확장,021bf03c-8b83-4288-89c5-15a4a162142b,신선식품,식자재,사천읍시장,전통시장,경상남도,,,
310cee046b1109994563,full_annotation_v1,A,q_식자재_07,견과류,식료품 중 '식자재'를 판매·제공하는 매장,val,식자재,T3 개념확장,23c22768-6328-46cc-bcf8-47f0709efbb4,용성땅콩,견과류,강릉성남시장,전통시장,강원특별자치도,,,
6127489f27ab27e4222f,full_annotation_v1,A,q_식자재_07,견과류,식료품 중 '식자재'를 판매·제공하는 매장,val,식자재,T3 개념확장,949d29dd-1d45-4cb0-a2b7-6a7cd2490c4e,견과류,견과류,계양산전통시장,전통시장,인천광역시,,,
ae14104d233abeee0494,full_annotation_v1,A,q_식자재_07,견과류,식료품 중 '식자재'를 판매·제공하는 매장,val,식자재,T3 개념확장,3143f550-13ed-488d-b801-51ceeda1d41e,김경희견과,견과류,테크노밸리 골목형상점가,골목형상점가,대전광역시,,,
0152e662fa2cf9188392,full_annotation_v1,A,q_식자재_07,견과류,식료품 중 '식자재'를 판매·제공하는 매장,val,식자재,T3 개념확장,013444f9-7e9b-4640-84f0-43ac071ef57f,대림고추방아,"고추가루, 기름",부천강남시장,전통시장,경기도,,,
fc7829bb11965e46ec44,full_annotation_v1,A,q_식자재_07,견과류,식료품 중 '식자재'를 판매·제공하는 매장,val,식자재,T3 개념확장,04c905ba-3172-4ea4-a6dd-4345d674dea0,덕순이네,제조업(떡집),장터길 골목형상점가,골목형상점가,경기도,,,
68eaa597d88ce13b26f1,full_annotation_v1,A,q_식자재_07,견과류,식료품 중 '식자재'를 판매·제공하는 매장,val,식자재,T3 개념확장,8deb5ce3-27ee-4b9f-8cfd-d1434855478c,고려상회,견과류,남구로시장,전통시장,서울특별시,,,
e912a02aab2d5e7a7e58,full_annotation_v1,A,q_식자재_07,견과류,식료품 중 '식자재'를 판매·제공하는 매장,val,식자재,T3 개념확장,ace8b6c8-7797-44fc-bd72-aef71f8c5649,웰빙마을,견과류,여수서시장주변시장,전통시장,전라남도,,,
7895adc0ce62b13cb292,full_annotation_v1,A,q_식자재_07,견과류,식료품 중 '식자재'를 판매·제공하는 매장,val,식자재,T3 개념확장,62cb11de-7f49-4aee-98d9-7887a967b7d7,삼촌네,견과류,고투몰(강남터미널지하도상점가),일반지하상점가,서울특별시,,,
d9acfb0bdbdcedbfb791,full_annotation_v1,A,q_식자재_07,견과류,식료품 중 '식자재'를 판매·제공하는 매장,val,식자재,T3 개념확장,41cdd7df-48d8-42c2-916e-9bb69dfc2ba8,노른자위,견과류,서문시장 제1지구1층(직물시장),전통시장,대구광역시,,,
c1f9367c153d281d39e8,full_annotation_v1,A,q_식자재_07,견과류,식료품 중 '식자재'를 판매·제공하는 매장,val,식자재,T3 개념확장,3bf02270-6f14-4527-b4e1-43aeeccc0605,대도상회,견과류,안양중앙시장,전통시장,경기도,,,
f554fa53f432d9d03808,full_annotation_v1,A,q_식자재_07,견과류,식료품 중 '식자재'를 판매·제공하는 매장,val,식자재,T3 개념확장,440e74f6-d47c-4aa7-9c5c-7027b129dd1c,과림상회,견과류,서문시장건해산물상가,전통시장,대구광역시,,,
1e40f8e0084f2e2f0521,full_annotation_v1,A,q_식자재_07,견과류,식료품 중 '식자재'를 판매·제공하는 매장,val,식자재,T3 개념확장,5b91d8f3-ea36-4a4f-8dd9-95248fba257c,옥거리,한식,안동시옥동 골목형상점가,골목형상점가,경상북도,,,
f22adf5b2d3f7a35eaee,full_annotation_v1,A,q_식자재_07,견과류,식료품 중 '식자재'를 판매·제공하는 매장,val,식자재,T3 개념확장,02223ab5-044d-40ad-8cc7-838ed325ada0,상옥쌀상회,쌀,영일대북부시장(구 북부시장),전통시장,경상북도,,,
8d786161610ffb743716,full_annotation_v1,A,q_식자재_07,견과류,식료품 중 '식자재'를 판매·제공하는 매장,val,식자재,T3 개념확장,01e4cef2-9c12-4be0-9c3e-5a09ab67f7f5,대명제유,"고추, 기름",의정부제일시장,전통시장,경기도,,,
604132dfb5bde96790a1,full_annotation_v1,A,q_식자재_07,견과류,식료품 중 '식자재'를 판매·제공하는 매장,val,식자재,T3 개념확장,0e224dee-e545-48f6-95af-5a197b33a076,경북식품,식용유,가락몰골목형상점가,골목형상점가,서울특별시,,,
4d7537a23760011b3be4,full_annotation_v1,A,q_식자재_07,견과류,식료품 중 '식자재'를 판매·제공하는 매장,val,식자재,T3 개념확장,00ec16f5-8b45-4af1-bb1b-6389f2412be8,수진식품,"참기름, 고추가루등",김해 진영전통시장,전통시장,경상남도,,,
1fdec4f18b36f0518174,full_annotation_v1,A,q_식자재_07,견과류,식료품 중 '식자재'를 판매·제공하는 매장,val,식자재,T3 개념확장,394c82ed-98b9-43c8-a1ef-7b7ce704e61a,신진농산,견과류,칠성시장,전통시장,대구광역시,,,
2174cd8f5adc1bc389cf,full_annotation_v1,A,q_식자재_07,견과류,식료품 중 '식자재'를 판매·제공하는 매장,val,식자재,T3 개념확장,fa8e9100-9379-4353-8a21-ff11ef801e87,대건횟집,활어,사천 삼천포용궁수산시장,전통시장,경상남도,,,
83402a3028200d4723d2,full_annotation_v1,A,q_식자재_07,견과류,식료품 중 '식자재'를 판매·제공하는 매장,val,식자재,T3 개념확장,13bdab2d-3a4f-47bd-a49d-3a6a1b7b3e00,과성농산,견과류,삼성시장,전통시장,대구광역시,,,
a044720efeab5daa749b,full_annotation_v1,A,q_식자재_07,견과류,식료품 중 '식자재'를 판매·제공하는 매장,val,식자재,T3 개념확장,6e961a27-0c82-466c-bed6-00c236d2fdc6,거장돼지국밥,한식,상주남문거리 골목형상점가,골목형상점가,경상북도,,,
319d893a4dc7a0baefe6,full_annotation_v1,A,q_식자재_07,견과류,식료품 중 '식자재'를 판매·제공하는 매장,val,식자재,T3 개념확장,c7e178df-89c0-4fa3-b1c2-78ea7cb4399e,쥬니어텍,견과류,불로전통시장,전통시장,대구광역시,,,
667aaadc8abb6d0a52b5,full_annotation_v1,A,q_식자재_07,견과류,식료품 중 '식자재'를 판매·제공하는 매장,val,식자재,T3 개념확장,c076b1d9-748a-4a26-a278-b0b4048bc60a,부평상회,견과류,중동사랑시장,전통시장,경기도,,,
3490f610b60338ce6875,full_annotation_v1,A,q_식자재_07,견과류,식료품 중 '식자재'를 판매·제공하는 매장,val,식자재,T3 개념확장,002d0d06-15b2-463e-b789-b0232bcc6681,뚜레주르버들마을점,제과,버들마을상인회 골목형상점가,골목형상점가,광주광역시,,,
592d5e0fea1f7caf389e,full_annotation_v1,A,q_식자재_07,견과류,식료품 중 '식자재'를 판매·제공하는 매장,val,식자재,T3 개념확장,023b2cb4-7f9e-4b85-9888-474ee933954a,산척제유소,방앗간,충주자유시장,전통시장,충청북도,,,
c62752d514efbf60987b,full_annotation_v1,A,q_식자재_07,견과류,식료품 중 '식자재'를 판매·제공하는 매장,val,식자재,T3 개념확장,0b69c684-9b0b-490b-892e-9267cf4662a3,윤수참기름,식용유,진주 청과시장,전통시장,경상남도,,,
b6f1215055bc1728b098,full_annotation_v1,A,q_식자재_07,견과류,식료품 중 '식자재'를 판매·제공하는 매장,val,식자재,T3 개념확장,a5dc82e0-6761-4c83-be43-92c0b06f4165,대정물산,견과류,경동광성상가,전통시장,서울특별시,,,
1130b733f8345afc5986,full_annotation_v1,A,q_식자재_07,견과류,식료품 중 '식자재'를 판매·제공하는 매장,val,식자재,T3 개념확장,0b8ef6dc-2f6b-4707-bd73-529122d9c97a,하단떡집,떡집,하단오일상설시장,전통시장,부산광역시,,,
9e2a81520d8a8317bf54,full_annotation_v1,A,q_식자재_07,견과류,식료품 중 '식자재'를 판매·제공하는 매장,val,식자재,T3 개념확장,c0cc81b4-89ec-4a70-b6f7-089de1fd92a8,소소한곳,,양산 물금백호마을 골목형상점가,골목형상점가,경상남도,,,
592eb1e6963f9178a91c,full_annotation_v1,A,q_식자재_07,견과류,식료품 중 '식자재'를 판매·제공하는 매장,val,식자재,T3 개념확장,8b985b88-9d04-4b71-a6bd-657fd40194c5,낙원견과류,견과류,광명전통시장,전통시장,경기도,,,
5c04fbdc8186e3d8addf,full_annotation_v1,A,q_식자재_07,견과류,식료품 중 '식자재'를 판매·제공하는 매장,val,식자재,T3 개념확장,810f92d2-66cc-45ac-8979-261303b5836e,웰빙선식엔견과,견과류,경산중앙상점가,자율상권구역,경상북도,,,
fed9d5ace47ff4f82c02,full_annotation_v1,A,q_식자재_07,견과류,식료품 중 '식자재'를 판매·제공하는 매장,val,식자재,T3 개념확장,0061123f-a676-4556-9633-5fbc4ecaf6ef,치즈케익카스테라카페,제과,북가좌동 골목형상점가,골목형상점가,서울특별시,,,
ce44c80ea96c6820ecd4,full_annotation_v1,A,q_식자재_07,견과류,식료품 중 '식자재'를 판매·제공하는 매장,val,식자재,T3 개념확장,1ec70d98-2d28-42ec-837c-02468375381d,견과류에반하다,견과류,역곡상상시장(구 역곡북부시장),전통시장,경기도,,,
eca3c2c0a8ca70664ad1,full_annotation_v1,A,q_식자재_07,견과류,식료품 중 '식자재'를 판매·제공하는 매장,val,식자재,T3 개념확장,034f637f-e1c0-4e3c-99a7-eb7c8deb055a,청풍상회,곡물,내토전통시장,전통시장,충청북도,,,
2a36a55d60ff84f482cc,full_annotation_v1,A,q_식자재_07,견과류,식료품 중 '식자재'를 판매·제공하는 매장,val,식자재,T3 개념확장,01859206-536a-40a7-be1e-c8610663a665,동원참기름,참기름,안강공설시장,전통시장,경상북도,,,
3ebd90e84e92de958b7d,full_annotation_v1,A,q_식자재_07,견과류,식료품 중 '식자재'를 판매·제공하는 매장,val,식자재,T3 개념확장,3a7baaff-367f-46de-9f45-e4be38e7a889,남지땅콩,견과류,부전상가시장,전통시장,부산광역시,,,
0db76588e9406bccdf42,full_annotation_v1,A,q_식자재_07,견과류,식료품 중 '식자재'를 판매·제공하는 매장,val,식자재,T3 개념확장,afd4edf3-4ede-4000-88e0-c4705af59be3,두찜 광주상무점,찜닭,상무백운상인회 골목형상점가,골목형상점가,광주광역시,,,
06a38ab25547967c6861,full_annotation_v1,A,q_식자재_07,견과류,식료품 중 '식자재'를 판매·제공하는 매장,val,식자재,T3 개념확장,2515acff-0345-42eb-9715-f44ff122a993,미니식당,한식,보령중앙시장,전통시장,충청남도,,,
541515a2af52566533f0,full_annotation_v1,A,q_식자재_07,견과류,식료품 중 '식자재'를 판매·제공하는 매장,val,식자재,T3 개념확장,cd77b879-efce-4194-ac60-d6051bf5046b,한우특가 평촌점,한식,귀인동먹거리촌 골목형상점가,골목형상점가,경기도,,,
03bc1dbcd5e8ab9a3870,full_annotation_v1,A,q_식자재_07,견과류,식료품 중 '식자재'를 판매·제공하는 매장,val,식자재,T3 개념확장,d8fec7a7-d3bf-40d2-abba-6217acfc749a,성인식육점,식육,해남매일시장,전통시장,전라남도,,,
aedfada22a4cbb725754,full_annotation_v1,A,q_식자재_07,견과류,식료품 중 '식자재'를 판매·제공하는 매장,val,식자재,T3 개념확장,b4a56607-95a2-4792-95cc-3233cf06dbf6,흥부네견과류,견과류,천안중앙시장,전통시장,충청남도,,,
04fa5a646c09a96d1acb,full_annotation_v1,A,q_식자재_07,견과류,식료품 중 '식자재'를 판매·제공하는 매장,val,식자재,T3 개념확장,987d62e4-9b91-4932-93cb-d9b207cf0a4f,창녕유통,견과류,부전상가시장,전통시장,부산광역시,,,
c60201128b298e7ad1f2,full_annotation_v1,A,q_식자재_07,견과류,식료품 중 '식자재'를 판매·제공하는 매장,val,식자재,T3 개념확장,933730af-622c-4ba5-a4ec-2a0b1017bd8a,옛날강정,견과류,관문상가시장,전통시장,대구광역시,,,
8668c07f3aa0251fa252,full_annotation_v1,A,q_식자재_07,견과류,식료품 중 '식자재'를 판매·제공하는 매장,val,식자재,T3 개념확장,008d07a3-ba18-4806-9ec7-48c0adb25276,아빠네 빵집,제과제빵,신창수문 골목형상점가,골목형상점가,광주광역시,,,
4acdc822f7132b258b20,full_annotation_v1,A,q_식자재_07,견과류,식료품 중 '식자재'를 판매·제공하는 매장,val,식자재,T3 개념확장,0e2b4685-5ad4-44ec-89e4-fd178282523d,하나유통,견과류,무등로 신안 골목형상점가,골목형상점가,광주광역시,,,
34149b5f619b23bef24e,full_annotation_v1,A,q_식자재_07,견과류,식료품 중 '식자재'를 판매·제공하는 매장,val,식자재,T3 개념확장,06d80e93-3222-4f8c-a062-2c02b9839794,형제상회,견과류,포항죽도농산물시장,전통시장,경상북도,,,
a4f08c0972d9f6d5f61a,full_annotation_v1,A,q_식자재_07,견과류,식료품 중 '식자재'를 판매·제공하는 매장,val,식자재,T3 개념확장,edf0b093-a1d3-403e-8e23-8d39b7ead724,대우땅콩,견과류,남포동건어물도매시장,전통시장,부산광역시,,,
47410cb3cf3d58e79ba1,full_annotation_v1,A,q_식자재_07,견과류,식료품 중 '식자재'를 판매·제공하는 매장,val,식자재,T3 개념확장,09c0de31-5478-4d81-904a-10b3689f7bf2,인삼나라,견과류,발안만세시장(구 발안시장),전통시장,경기도,,,
9da0b2854acfb2cab552,full_annotation_v1,A,q_식자재_07,견과류,식료품 중 '식자재'를 판매·제공하는 매장,val,식자재,T3 개념확장,11129eb1-642c-43cf-95a3-d82aa2225cd3,청량상회,견과류,청량리전통시장,전통시장,서울특별시,,,
dfb5e3c0411a7677bb7b,full_annotation_v1,A,q_식자재_07,견과류,식료품 중 '식자재'를 판매·제공하는 매장,val,식자재,T3 개념확장,00fea2e0-f294-46b6-af68-655475e888be,동양유통,"곡물, 식자재",김해새벽시장,기타,경상남도,,,
035207b341d1ea09490f,full_annotation_v1,A,q_식자재_07,견과류,식료품 중 '식자재'를 판매·제공하는 매장,val,식자재,T3 개념확장,7651869a-36c7-47b3-a75c-caa9fd25bca8,대평상회,견과류,남포동건어물도매시장,전통시장,부산광역시,,,
738105a198e388187a59,full_annotation_v1,A,q_식자재_07,견과류,식료품 중 '식자재'를 판매·제공하는 매장,val,식자재,T3 개념확장,4044b353-c87e-440b-bad8-7331ddb09bc1,옥동분식,음식,안동시옥동 골목형상점가,골목형상점가,경상북도,,,
b0c0974da2e00bf59adf,full_annotation_v1,A,q_식자재_07,견과류,식료품 중 '식자재'를 판매·제공하는 매장,val,식자재,T3 개념확장,00362b85-cb9a-4318-9059-12f768d76197,파리바게뜨전주인후점,제과점,소나무 골목형상점가,골목형상점가,전북특별자치도,,,
5511e66760240decc55a,full_annotation_v1,A,q_식자재_07,견과류,식료품 중 '식자재'를 판매·제공하는 매장,val,식자재,T3 개념확장,1fba876f-9f95-447f-9519-eb7024ca3762,부일상회,견과류,팔달신시장,전통시장,대구광역시,,,
6ed8a655babaf8ea2bf5,full_annotation_v1,A,q_식자재_07,견과류,식료품 중 '식자재'를 판매·제공하는 매장,val,식자재,T3 개념확장,1c254a20-b2ce-4b9b-a277-34a321654317,사랑이네견과류,견과류,성남중앙지하시장,일반지하상점가,경기도,,,
6cbf48226b3b4771c785,full_annotation_v1,A,q_식자재_07,견과류,식료품 중 '식자재'를 판매·제공하는 매장,val,식자재,T3 개념확장,0592f5f6-ae8d-491f-87e9-2021a00f4ae0,우리상회,곡물,상주중앙시장,전통시장,경상북도,,,
286721bde599e3a3d574,full_annotation_v1,A,q_식자재_07,견과류,식료품 중 '식자재'를 판매·제공하는 매장,val,식자재,T3 개념확장,662a494a-1e2f-4e6f-b589-70213bfdd5fd,경기상회,견과류,경동시장,전통시장,서울특별시,,,
5ac4f7d57a0bcc31f702,full_annotation_v1,A,q_식자재_07,견과류,식료품 중 '식자재'를 판매·제공하는 매장,val,식자재,T3 개념확장,2da01273-796c-4388-8e1b-27c3d0abc392,웰빙씨앗호떡,간이음식,청주중앙시장,전통시장,충청북도,,,
f2520b67274e674181e5,full_annotation_v1,A,q_식자재_07,견과류,식료품 중 '식자재'를 판매·제공하는 매장,val,식자재,T3 개념확장,022ece99-80e4-453c-91c0-f46f8527e7ab,구즉방아간,방앗간,송강전통시장,전통시장,대전광역시,,,
a5a917e958b32080bd98,full_annotation_v1,A,q_식자재_07,견과류,식료품 중 '식자재'를 판매·제공하는 매장,val,식자재,T3 개념확장,4143d9fa-6149-450f-a07e-5480244aad72,오버릿,커피및 디저트,풍암호수앞상인회 골목형상점가,골목형상점가,광주광역시,,,
4f17100d03452285e9d4,full_annotation_v1,A,q_식자재_08,전자상거래 곡물,식료품 중 '식자재'를 판매·제공하는 매장,val,식자재,T3 개념확장,01a5f192-c482-46e3-8b58-5358216d0749,풍전기름집,참기름,화곡본동시장,전통시장,서울특별시,,,
57fd932151cdb01d7266,full_annotation_v1,A,q_식자재_08,전자상거래 곡물,식료품 중 '식자재'를 판매·제공하는 매장,val,식자재,T3 개념확장,013444f9-7e9b-4640-84f0-43ac071ef57f,대림고추방아,"고추가루, 기름",부천강남시장,전통시장,경기도,,,
541b75d5fb35985695c9,full_annotation_v1,A,q_식자재_08,전자상거래 곡물,식료품 중 '식자재'를 판매·제공하는 매장,val,식자재,T3 개념확장,00e30e5a-4662-4e65-9b6c-dd704886f1af,믿음떡집,떡방앗간,문창시장,전통시장,대전광역시,,,
d7b3710d0ada6c3709bd,full_annotation_v1,A,q_식자재_08,전자상거래 곡물,식료품 중 '식자재'를 판매·제공하는 매장,val,식자재,T3 개념확장,cbb758cb-476f-4b86-a5b5-fad29269019b,홀리마켓,건어물 전자상거래,통영 북신전통시장,전통시장,경상남도,,,
52763b44b279417730d3,full_annotation_v1,A,q_식자재_08,전자상거래 곡물,식료품 중 '식자재'를 판매·제공하는 매장,val,식자재,T3 개념확장,0e224dee-e545-48f6-95af-5a197b33a076,경북식품,식용유,가락몰골목형상점가,골목형상점가,서울특별시,,,
86e5f784ebd43311ed26,full_annotation_v1,A,q_식자재_08,전자상거래 곡물,식료품 중 '식자재'를 판매·제공하는 매장,val,식자재,T3 개념확장,4ac9ee52-44d1-4d33-b5d2-d8c27eb5cf16,건강식품,곡물,충금지하도상가,일반지하상점가,광주광역시,,,
db44d147114727936975,full_annotation_v1,A,q_식자재_08,전자상거래 곡물,식료품 중 '식자재'를 판매·제공하는 매장,val,식자재,T3 개념확장,04cffa8f-5c05-444b-bde1-a3d1918cf92f,강원기름집,식용유,속초종합중앙시장,전통시장,강원특별자치도,,,
67e8f79bbbbd172cdde1,full_annotation_v1,A,q_식자재_08,전자상거래 곡물,식료품 중 '식자재'를 판매·제공하는 매장,val,식자재,T3 개념확장,99e4a970-901f-4dd9-b51c-18b7034999ce,영광상회,곡물,구례5일시장,전통시장,전라남도,,,
88d3757b2edcf2e5e84f,full_annotation_v1,A,q_식자재_08,전자상거래 곡물,식료품 중 '식자재'를 판매·제공하는 매장,val,식자재,T3 개념확장,2940d95e-3f4f-4e31-b883-17106d475a59,풍년상회,곡물,인동시장,전통시장,대전광역시,,,
1d77df74d023256c8ce4,full_annotation_v1,A,q_식자재_08,전자상거래 곡물,식료품 중 '식자재'를 판매·제공하는 매장,val,식자재,T3 개념확장,2a1e673a-35e8-487e-9052-775c553953e9,락도,"도자기, 전자상거래 소매업",사기막골도자기시장(구 사기막골도예촌재래시장),전통시장,경기도,,,
706b5036501f5bac52a2,full_annotation_v1,A,q_식자재_08,전자상거래 곡물,식료품 중 '식자재'를 판매·제공하는 매장,val,식자재,T3 개념확장,001cb3d4-5441-4963-b517-d5b3904ee312,현창떡집,떡집,목포동부시장,전통시장,전라남도,,,
2dfc29dc93e74b9dd150,full_annotation_v1,A,q_식자재_08,전자상거래 곡물,식료품 중 '식자재'를 판매·제공하는 매장,val,식자재,T3 개념확장,04c905ba-3172-4ea4-a6dd-4345d674dea0,덕순이네,제조업(떡집),장터길 골목형상점가,골목형상점가,경기도,,,
8dc294ae0c5d2b2fc82a,full_annotation_v1,A,q_식자재_08,전자상거래 곡물,식료품 중 '식자재'를 판매·제공하는 매장,val,식자재,T3 개념확장,00bf0e58-0696-472a-8a12-945c44dc9435,오복상회,쌀,백년시장(구 강북종합전통시장),전통시장,서울특별시,,,
7869b73ea05b9b787841,full_annotation_v1,A,q_식자재_08,전자상거래 곡물,식료품 중 '식자재'를 판매·제공하는 매장,val,식자재,T3 개념확장,35dd6f81-e752-4b1f-8f40-85b3417880b7,부길사,"외의, 전자상거래 소매업",진해중앙시장,전통시장,경상남도,,,
de89ac45571048494ec8,full_annotation_v1,A,q_식자재_08,전자상거래 곡물,식료품 중 '식자재'를 판매·제공하는 매장,val,식자재,T3 개념확장,cdf95804-1eab-479e-a222-68e56ece4f2b,율민샐러드,전자상거래,금암동 골목형상점가,골목형상점가,전북특별자치도,,,
432b23499ba66c6e2b1e,full_annotation_v1,A,q_식자재_08,전자상거래 곡물,식료품 중 '식자재'를 판매·제공하는 매장,val,식자재,T3 개념확장,008d07a3-ba18-4806-9ec7-48c0adb25276,아빠네 빵집,제과제빵,신창수문 골목형상점가,골목형상점가,광주광역시,,,
65c9b250b73ead02943a,full_annotation_v1,A,q_식자재_08,전자상거래 곡물,식료품 중 '식자재'를 판매·제공하는 매장,val,식자재,T3 개념확장,6cc78da5-98df-4372-b22b-24cf92fead3c,풍년상회,곡물,석계역 골목형상점가,골목형상점가,서울특별시,,,
6cc94a10bc1d53488e3a,full_annotation_v1,A,q_식자재_08,전자상거래 곡물,식료품 중 '식자재'를 판매·제공하는 매장,val,식자재,T3 개념확장,5885d5f2-9e69-4127-9e36-72b379ca47c1,대성상회,곡물,경산공설시장,전통시장,경상북도,,,
d9b89959eaedcad957f6,full_annotation_v1,A,q_식자재_08,전자상거래 곡물,식료품 중 '식자재'를 판매·제공하는 매장,val,식자재,T3 개념확장,bb5d90d7-71ea-47a6-b6ae-8b18efe56a72,중앙상회,곡물,삼례시장,전통시장,전북특별자치도,,,
b3e2aeaa99de92c9607a,full_annotation_v1,A,q_식자재_08,전자상거래 곡물,식료품 중 '식자재'를 판매·제공하는 매장,val,식자재,T3 개념확장,34d02950-1015-49ba-983e-d93cc5620a9b,개풍약국,"의약품, 의료기기",포항죽도농산물시장,전통시장,경상북도,,,
8f056d2daa26d4e3a67b,full_annotation_v1,A,q_식자재_08,전자상거래 곡물,식료품 중 '식자재'를 판매·제공하는 매장,val,식자재,T3 개념확장,cfedb6e4-7b66-4d5f-bbea-246464240e5b,로지오뎅 신림직영점,일식(오뎅),신림별빛거리골목형상점가,골목형상점가,서울특별시,,,
ce9b3ddd1cdf30afeb50,full_annotation_v1,A,q_식자재_08,전자상거래 곡물,식료품 중 '식자재'를 판매·제공하는 매장,val,식자재,T3 개념확장,8aeec45d-efbe-433b-be1d-cb7abc110963,현대리바트좌천매장,,부산좌천동가구상가,자율상권구역,부산광역시,,,
2770ec06fdf7f2949bc7,full_annotation_v1,A,q_식자재_08,전자상거래 곡물,식료품 중 '식자재'를 판매·제공하는 매장,val,식자재,T3 개념확장,99e4dbca-2a78-4d25-a130-4ae485d891c7,에스그린쇼핑,전자상거래,오산오색시장(구 오산중앙시장),전통시장,경기도,,,
a16eed433c4b837705fc,full_annotation_v1,A,q_식자재_08,전자상거래 곡물,식료품 중 '식자재'를 판매·제공하는 매장,val,식자재,T3 개념확장,0a868bc3-91d5-446c-94b9-f23a191f9c63,희망상회,곡물,홍천시장(홍천구시장),전통시장,강원특별자치도,,,
681631be0231683f2bde,full_annotation_v1,A,q_식자재_08,전자상거래 곡물,식료품 중 '식자재'를 판매·제공하는 매장,val,식자재,T3 개념확장,b9146de5-0692-491b-b5ab-71a2e6cae90d,대흥방앗간,곡물,울진후포시장,전통시장,경상북도,,,
c42c423713b0ab74aa84,full_annotation_v1,A,q_식자재_08,전자상거래 곡물,식료품 중 '식자재'를 판매·제공하는 매장,val,식자재,T3 개념확장,06bbe239-5774-4794-91c3-b45901659200,성진상회,식용유,고성시장,전통시장,경상남도,,,
61b8ba415f07862dfba0,full_annotation_v1,A,q_식자재_08,전자상거래 곡물,식료품 중 '식자재'를 판매·제공하는 매장,val,식자재,T3 개념확장,02223ab5-044d-40ad-8cc7-838ed325ada0,상옥쌀상회,쌀,영일대북부시장(구 북부시장),전통시장,경상북도,,,
0abe71894973192e90bb,full_annotation_v1,A,q_식자재_08,전자상거래 곡물,식료품 중 '식자재'를 판매·제공하는 매장,val,식자재,T3 개념확장,fdb336ca-9c28-495d-8fdd-09081244b71d,서재식품,곡물,서재소상공인연합회,골목형상점가,대구광역시,,,
8edb03829ed8d06fad65,full_annotation_v1,A,q_식자재_08,전자상거래 곡물,식료품 중 '식자재'를 판매·제공하는 매장,val,식자재,T3 개념확장,25ad2f87-f437-4129-a20a-c41baa657a40,경기상가,곡물,백련시장,전통시장,서울특별시,,,
c4b229432913dcfe9051,full_annotation_v1,A,q_식자재_08,전자상거래 곡물,식료품 중 '식자재'를 판매·제공하는 매장,val,식자재,T3 개념확장,8f85e6aa-a1fd-4de2-bc3b-2a1eb9118d10,캐럿,귀금속 시계 전자상거래,일곡동 골목형상점가,골목형상점가,광주광역시,,,
93e63dd32fd444ec3de7,full_annotation_v1,A,q_식자재_08,전자상거래 곡물,식료품 중 '식자재'를 판매·제공하는 매장,val,식자재,T3 개념확장,fd5f2986-4d3a-44d4-a12b-57e686b7d633,복코마켓,전자상거래,은구비서로사회적협동조합 골목형상점가,골목형상점가,대전광역시,,,
c54113a1bc3425862c04,full_annotation_v1,A,q_식자재_08,전자상거래 곡물,식료품 중 '식자재'를 판매·제공하는 매장,val,식자재,T3 개념확장,00fea2e0-f294-46b6-af68-655475e888be,동양유통,"곡물, 식자재",김해새벽시장,기타,경상남도,,,
8ad035568303751e0aa9,full_annotation_v1,A,q_식자재_08,전자상거래 곡물,식료품 중 '식자재'를 판매·제공하는 매장,val,식자재,T3 개념확장,00eca8e7-b158-4572-b540-c241f4ad2546,거창상회,식자재,충무동 새벽시장,전통시장,부산광역시,,,
16dc75ac7d8dff620602,full_annotation_v1,A,q_식자재_08,전자상거래 곡물,식료품 중 '식자재'를 판매·제공하는 매장,val,식자재,T3 개념확장,e4635fb2-fc04-4d15-a599-3dc39eebe08b,대풍상회,곡물,공주산성시장,전통시장,충청남도,,,
3b9377d4da55b9261999,full_annotation_v1,A,q_식자재_08,전자상거래 곡물,식료품 중 '식자재'를 판매·제공하는 매장,val,식자재,T3 개념확장,75f96dbc-18b9-4f4a-af81-d48135865872,반딧불농특산물장터,곡물 전자상거래,용호골목시장,전통시장,부산광역시,,,
9d450a9af326ab5cce7c,full_annotation_v1,A,q_식자재_08,전자상거래 곡물,식료품 중 '식자재'를 판매·제공하는 매장,val,식자재,T3 개념확장,7a47fd44-5609-44ef-b5e8-ef98ddecc308,엔젤옷집,"옷, 전자상거래 소매업",통영 충무데파트,자율상권구역,경상남도,,,
ab252403e7d18162d3c7,full_annotation_v1,A,q_식자재_08,전자상거래 곡물,식료품 중 '식자재'를 판매·제공하는 매장,val,식자재,T3 개념확장,5fb5a63d-906b-4798-b7c4-7540b9dc3a8b,대풍상회,곡물,가은아자개시장,전통시장,경상북도,,,
2599ed1939e0820c834a,full_annotation_v1,A,q_식자재_08,전자상거래 곡물,식료품 중 '식자재'를 판매·제공하는 매장,val,식자재,T3 개념확장,0bf0bff4-cd46-4c45-a81e-c755b380c3fd,시장방앗간,곡물,용운시장,전통시장,대전광역시,,,
3461da1f38bb0227e237,full_annotation_v1,A,q_식자재_08,전자상거래 곡물,식료품 중 '식자재'를 판매·제공하는 매장,val,식자재,T3 개념확장,bb67108f-801d-4514-982b-b1643ab250d9,교동농산물직판장,곡물,대룡시장골목형상점가,골목형상점가,인천광역시,,,
1a09bb17d7c650270a76,full_annotation_v1,A,q_식자재_08,전자상거래 곡물,식료품 중 '식자재'를 판매·제공하는 매장,val,식자재,T3 개념확장,b1e555ef-55b9-406d-add2-a4c65420cf97,연안수산,생선,일산시장(구 일산전통시장),전통시장,경기도,,,
8cadabd368e191923c69,full_annotation_v1,A,q_식자재_08,전자상거래 곡물,식료품 중 '식자재'를 판매·제공하는 매장,val,식자재,T3 개념확장,b4f62388-8c8a-4482-bf44-ef9e94bb06de,윤성무역,전자상거래,서문시장2지구 종합상가,전통시장,대구광역시,,,
6046bdf08b05f350f991,full_annotation_v1,A,q_식자재_08,전자상거래 곡물,식료품 중 '식자재'를 판매·제공하는 매장,val,식자재,T3 개념확장,b71eca37-dda0-40ef-bcbe-fcb436a7ce94,토실,도자기 그림 전자상거래 공방,전주한옥마을 골목형상점가,골목형상점가,전북특별자치도,,,
2d41e6e1194bea32a8a7,full_annotation_v1,A,q_식자재_08,전자상거래 곡물,식료품 중 '식자재'를 판매·제공하는 매장,val,식자재,T3 개념확장,b2e58ecf-c6d8-43b1-9c57-bca885d09e5d,복있는사람들,곡물,월곡시장,전통시장,광주광역시,,,
58b6800fe186537985b1,full_annotation_v1,A,q_식자재_08,전자상거래 곡물,식료품 중 '식자재'를 판매·제공하는 매장,val,식자재,T3 개념확장,76f2caad-f822-40e5-a598-0dfb1575c73b,행복나무,전자상거래,대림골목시장,전통시장,서울특별시,,,
bffc965a749169383e4f,full_annotation_v1,A,q_식자재_08,전자상거래 곡물,식료품 중 '식자재'를 판매·제공하는 매장,val,식자재,T3 개념확장,21b654ad-6856-40bd-b880-c93f44c4f8a8,알톤자전거상무점,자전거,치평동아파트연합상인회 골목형상점가,골목형상점가,광주광역시,,,
210fa6b9046a7c4f58ab,full_annotation_v1,A,q_식자재_08,전자상거래 곡물,식료품 중 '식자재'를 판매·제공하는 매장,val,식자재,T3 개념확장,a47af909-aa5f-41bd-94e0-16cf7743dd54,고은이언니,전자상거래,창원 상남시장,전통시장,경상남도,,,
7d66d19c199f1f391ee5,full_annotation_v1,A,q_식자재_08,전자상거래 곡물,식료품 중 '식자재'를 판매·제공하는 매장,val,식자재,T3 개념확장,021bf03c-8b83-4288-89c5-15a4a162142b,신선식품,식자재,사천읍시장,전통시장,경상남도,,,
e0257f02c7e92217f95a,full_annotation_v1,A,q_식자재_08,전자상거래 곡물,식료품 중 '식자재'를 판매·제공하는 매장,val,식자재,T3 개념확장,b7fbccd4-eab8-4103-b86c-ebcfc8f6beb1,빽보이피자강원양양점,피자,양양로 골목형상점가,골목형상점가,강원특별자치도,,,
636061aef7dbf8a62df5,full_annotation_v1,A,q_식자재_08,전자상거래 곡물,식료품 중 '식자재'를 판매·제공하는 매장,val,식자재,T3 개념확장,7eaf9d23-e30f-431b-85fc-81cbc0035c22,동남상회,참기름,동래시장,전통시장,부산광역시,,,
0cf5acfe0f34b84c1cfb,full_annotation_v1,A,q_식자재_08,전자상거래 곡물,식료품 중 '식자재'를 판매·제공하는 매장,val,식자재,T3 개념확장,9c4ecee6-313a-45fb-bd89-261776c774be,중앙상회,곡물,서천읍 군사리 골목형상점가,골목형상점가,충청남도,,,
59c49bdd5b23620af379,full_annotation_v1,A,q_식자재_08,전자상거래 곡물,식료품 중 '식자재'를 판매·제공하는 매장,val,식자재,T3 개념확장,be6c37c9-d8e5-4dc2-a8ab-c7812db38389,광천상회,전자상거래 소매업,예산상설시장,전통시장,충청남도,,,
6fa1b8174dcb28101e50,full_annotation_v1,A,q_식자재_08,전자상거래 곡물,식료품 중 '식자재'를 판매·제공하는 매장,val,식자재,T3 개념확장,005313c8-dce8-49b6-9841-9143ebb1305a,동원떡집,,박달시장,전통시장,경기도,,,
e9aa3b848df6142a9169,full_annotation_v1,A,q_식자재_08,전자상거래 곡물,식료품 중 '식자재'를 판매·제공하는 매장,val,식자재,T3 개념확장,e62c2a1a-393f-42fe-ab9a-eb754742a8fd,충북상회,곡물,서울중앙시장,전통시장,서울특별시,,,
882ec8b96c7a9526c0ab,full_annotation_v1,A,q_식자재_08,전자상거래 곡물,식료품 중 '식자재'를 판매·제공하는 매장,val,식자재,T3 개념확장,023e47e8-7973-4e3d-95f3-f6bf168360f0,(주)동양종합유통,식자재,양동건어물시장,전통시장,광주광역시,,,
ee9170f217bf0b732f64,full_annotation_v1,A,q_식자재_08,전자상거래 곡물,식료품 중 '식자재'를 판매·제공하는 매장,val,식자재,T3 개념확장,91b68809-26b8-48f0-972d-22996e2d82eb,안동상회,곡물,부산새벽시장,전통시장,부산광역시,,,
5ca55f1d07c9faacc802,full_annotation_v1,A,q_식자재_08,전자상거래 곡물,식료품 중 '식자재'를 판매·제공하는 매장,val,식자재,T3 개념확장,69a1f685-d154-4f1d-aa2a-20e728051845,두나미시,전자상거래 의류,의정부역지하상가,일반지하상점가,경기도,,,
fbe160122ab7bc25d0cf,full_annotation_v1,A,q_식자재_08,전자상거래 곡물,식료품 중 '식자재'를 판매·제공하는 매장,val,식자재,T3 개념확장,10f73d4d-9c39-4844-82d8-61ddf109003a,라온 더 뷰티(raon the beauty),피부,신가동 골목형상점가,골목형상점가,광주광역시,,,
b82347e5d0d111bbf6a9,full_annotation_v1,A,q_식자재_08,전자상거래 곡물,식료품 중 '식자재'를 판매·제공하는 매장,val,식자재,T3 개념확장,2cf5771c-508e-4902-a351-e21f2156e55d,찐축산,육류 과일 야채 식품 잡화 전자상거래,일곡동(제1지역:자연마을 일동초 거리) 골목형상점가,골목형상점가,광주광역시,,,
7f46584b2c8bcddb1bcd,full_annotation_v1,A,q_식자재_08,전자상거래 곡물,식료품 중 '식자재'를 판매·제공하는 매장,val,식자재,T3 개념확장,5dcd0086-f408-400c-ad40-2f8fbd609c44,풍년상회,곡물,화순고인돌전통시장,전통시장,전라남도,,,
5b61ad08dc6df1d52e52,full_annotation_v1,A,q_식자재_08,전자상거래 곡물,식료품 중 '식자재'를 판매·제공하는 매장,val,식자재,T3 개념확장,8c4315ae-2a22-40d8-9182-11a1120e571d,신월한중식품상점,곡물,신월3동시장골목형상점가,골목형상점가,서울특별시,,,
67c016b847ac1bf59903,full_annotation_v1,A,q_식자재_08,전자상거래 곡물,식료품 중 '식자재'를 판매·제공하는 매장,val,식자재,T3 개념확장,a9d99642-17cf-4627-95b8-89c704dc978f,스타킹,전자상거래,팔달문시장,전통시장,경기도,,,
9e1f13d1f72a1c2a4998,full_annotation_v1,A,q_식자재_08,전자상거래 곡물,식료품 중 '식자재'를 판매·제공하는 매장,val,식자재,T3 개념확장,9c621fda-09ca-4043-829f-a3c23b90e380,삼성상회,곡물,포항죽도시장,전통시장,경상북도,,,
27b18e237f75e99a61f1,full_annotation_v1,A,q_식자재_08,전자상거래 곡물,식료품 중 '식자재'를 판매·제공하는 매장,val,식자재,T3 개념확장,9ac9ef2d-9bcc-4fc3-964d-0b43f30079d2,대성상회,곡물,남양주장현전통시장,전통시장,경기도,,,
095ce47398aa88c22fb8,full_annotation_v1,A,q_식자재_08,전자상거래 곡물,식료품 중 '식자재'를 판매·제공하는 매장,val,식자재,T3 개념확장,002d0d06-15b2-463e-b789-b0232bcc6681,뚜레주르버들마을점,제과,버들마을상인회 골목형상점가,골목형상점가,광주광역시,,,
ac61a215b6a5888213fa,full_annotation_v1,A,q_식자재_08,전자상거래 곡물,식료품 중 '식자재'를 판매·제공하는 매장,val,식자재,T3 개념확장,d150b8d2-d012-401b-888a-12a46e2d0f1a,관성상회,곡물,홍성전통시장(구 홍성정기시장),전통시장,충청남도,,,
e167550e06473b2b6114,full_annotation_v1,A,q_식자재_08,전자상거래 곡물,식료품 중 '식자재'를 판매·제공하는 매장,val,식자재,T3 개념확장,23b8bd32-a9b4-45b1-839a-78e8631a6615,대풍상회,곡물,대전상가,전통시장,대전광역시,,,
ed23731c04472a394d82,full_annotation_v1,A,q_식자재_08,전자상거래 곡물,식료품 중 '식자재'를 판매·제공하는 매장,val,식자재,T3 개념확장,de03ffde-46fd-4f1c-8058-1474060b1dfc,구움공간,제과 전자상거래,봉곡우전로 골목형상점가,골목형상점가,전북특별자치도,,,
3555f51b6f339d561ac3,full_annotation_v1,A,q_식자재_08,전자상거래 곡물,식료품 중 '식자재'를 판매·제공하는 매장,val,식자재,T3 개념확장,001bc028-a43e-44d4-9682-db280a4998cc,파리바게뜨전주근영점,제과점,근영누리 골목형상점가,골목형상점가,전북특별자치도,,,
4b3d9751ee614fd0f738,full_annotation_v1,A,q_식자재_08,전자상거래 곡물,식료품 중 '식자재'를 판매·제공하는 매장,val,식자재,T3 개념확장,80ffdc3a-eb66-4ccd-ada2-aef126c98ce2,블랑블랑,신발 의류 잡화 전자상거래,문학로 골목형상점가,골목형상점가,전북특별자치도,,,
a226789764f600488ed2,full_annotation_v1,A,q_식자재_08,전자상거래 곡물,식료품 중 '식자재'를 판매·제공하는 매장,val,식자재,T3 개념확장,53e5684e-e6a3-4b95-9af5-46cf45e82e14,푸른약국,양약,정읍우암로상점가,자율상권구역,전북특별자치도,,,
3c003509dc07fe8e97ca,full_annotation_v1,A,q_식자재_08,전자상거래 곡물,식료품 중 '식자재'를 판매·제공하는 매장,val,식자재,T3 개념확장,de9634b9-6aa2-4764-bc45-e3483c38bd15,대구상회,곡물,포항죽도시장,전통시장,경상북도,,,
f3e60df1b4c9d4f9f0b8,full_annotation_v1,A,q_식자재_08,전자상거래 곡물,식료품 중 '식자재'를 판매·제공하는 매장,val,식자재,T3 개념확장,011f646c-0d2f-4770-a90e-d5d39e580d38,올 푸드,식자재,두암시장,전통시장,광주광역시,,,
eabcfb3439f7bac23ea5,full_annotation_v1,A,q_식자재_08,전자상거래 곡물,식료품 중 '식자재'를 판매·제공하는 매장,val,식자재,T3 개념확장,36971916-d8a9-4842-b656-6d0b673d7fc2,부론상회,곡물,원주미로예술중앙시장(원주중앙시장),전통시장,강원특별자치도,,,
62ca83a6a740a61827c5,full_annotation_v1,A,q_식자재_08,전자상거래 곡물,식료품 중 '식자재'를 판매·제공하는 매장,val,식자재,T3 개념확장,f8c6ea30-c48f-4394-aef5-d0eeff892702,청우유통,곡물,백운시장,전통시장,서울특별시,,,
7696cb2e1f4f42ec1eaa,full_annotation_v1,A,q_식자재_08,전자상거래 곡물,식료품 중 '식자재'를 판매·제공하는 매장,val,식자재,T3 개념확장,d2ad8a07-92c7-4d88-80e0-79fb387c3a9d,상동쌀상회,곡물,정이있는 구포시장,전통시장,부산광역시,,,
92077d4c4c94b9d0e7e5,full_annotation_v1,A,q_식자재_08,전자상거래 곡물,식료품 중 '식자재'를 판매·제공하는 매장,val,식자재,T3 개념확장,5606e31c-7134-4c1d-b4b2-78bec187eac6,해가든떡사랑,"떡, 전자상거래",둔촌역전통시장,전통시장,서울특별시,,,
7c57887cfefcd6005da0,full_annotation_v1,A,q_식자재_08,전자상거래 곡물,식료품 중 '식자재'를 판매·제공하는 매장,val,식자재,T3 개념확장,001961d9-cb5d-40bc-903a-33d483f7d132,헬씨스탠다드,"건강기능식품, 쌀, 견과류, 약재",응암소담길 골목형상점가,골목형상점가,서울특별시,,,
4046232d6c6d3e2e79c2,full_annotation_v1,A,q_식자재_08,전자상거래 곡물,식료품 중 '식자재'를 판매·제공하는 매장,val,식자재,T3 개념확장,b7fb497c-d89e-4b77-9ccc-1855be028a29,경북상회,곡물,문경중앙시장,전통시장,경상북도,,,
5c702cc3612c5c5448b1,full_annotation_v1,A,q_식자재_08,전자상거래 곡물,식료품 중 '식자재'를 판매·제공하는 매장,val,식자재,T3 개념확장,00362b85-cb9a-4318-9059-12f768d76197,파리바게뜨전주인후점,제과점,소나무 골목형상점가,골목형상점가,전북특별자치도,,,
caac79575768a53bc968,full_annotation_v1,A,q_식자재_08,전자상거래 곡물,식료품 중 '식자재'를 판매·제공하는 매장,val,식자재,T3 개념확장,f336f5de-685b-4639-a22a-1780ca4809a3,현선목장,식육 전자상거래,"호성2길, 3길 골목형상점가",골목형상점가,전북특별자치도,,,
317d84a2a9e95d86b845,full_annotation_v1,A,q_식자재_08,전자상거래 곡물,식료품 중 '식자재'를 판매·제공하는 매장,val,식자재,T3 개념확장,af0e5dab-1d65-410c-9d51-8781a302c0b4,남포상회,"전자상거래 의류, 잡화",남포지하도상가,일반지하상점가,부산광역시,,,
1e25449ad77c4ca3b7ea,full_annotation_v1,A,q_식자재_08,전자상거래 곡물,식료품 중 '식자재'를 판매·제공하는 매장,val,식자재,T3 개념확장,03e3e424-656a-46ea-82b7-21bcc07cae47,초왕상회,"곡물, 농산물",전주남부시장,전통시장,전북특별자치도,,,
bd31d05be7e73371bbae,full_annotation_v1,A,q_식자재_08,전자상거래 곡물,식료품 중 '식자재'를 판매·제공하는 매장,val,식자재,T3 개념확장,00e80339-1353-4885-81d7-0746a437abb2,포식 용인한숲시티점,쌀국수 돈까스 함박스테이크,남사한숲 골목형상점가,골목형상점가,경기도,,,
d19b6c017f546a0d86d7,full_annotation_v1,A,q_식자재_08,전자상거래 곡물,식료품 중 '식자재'를 판매·제공하는 매장,val,식자재,T3 개념확장,00ec16f5-8b45-4af1-bb1b-6389f2412be8,수진식품,"참기름, 고추가루등",김해 진영전통시장,전통시장,경상남도,,,
0cf4ac6047ef0b5c2ece,full_annotation_v1,A,q_식자재_08,전자상거래 곡물,식료품 중 '식자재'를 판매·제공하는 매장,val,식자재,T3 개념확장,7c89eb64-8cf8-4501-b6fa-327b6a8d9fb2,미래로탁구교실,탁구,염주상인회 골목형상점가,골목형상점가,광주광역시,,,
2f42993e445c72eadb15,full_annotation_v1,A,q_식자재_08,전자상거래 곡물,식료품 중 '식자재'를 판매·제공하는 매장,val,식자재,T3 개념확장,7870b5f3-3cbf-4231-bd71-0d9ea89560b4,브이마켓,"의류, 전자상거래",안성명동거리 골목형상점가,골목형상점가,경기도,,,
a2b22ce865f38eb2cd40,full_annotation_v1,A,q_식자재_08,전자상거래 곡물,식료품 중 '식자재'를 판매·제공하는 매장,val,식자재,T3 개념확장,2f979d0f-93eb-4171-a8e9-0fd72d483a57,거창쌀상회,곡물,정이있는 구포시장,전통시장,부산광역시,,,
9cb3307742a5e9fa7845,full_annotation_v1,A,q_식자재_08,전자상거래 곡물,식료품 중 '식자재'를 판매·제공하는 매장,val,식자재,T3 개념확장,d8c4ad3f-1e87-4022-baeb-9723ad5d859c,더휴,한옥체험 전자상거래,전주한옥마을 골목형상점가,골목형상점가,전북특별자치도,,,
3e5f7a0744a378962be2,full_annotation_v1,A,q_식자재_08,전자상거래 곡물,식료품 중 '식자재'를 판매·제공하는 매장,val,식자재,T3 개념확장,a1a1c2b0-044e-4a78-9794-eddfd424bae6,객제,약주 제조 및 전자상거래,부여도심 상권활성화구역,상권활성화구역,충청남도,,,
894bf63b44f333973c3e,full_annotation_v1,A,q_식자재_08,전자상거래 곡물,식료품 중 '식자재'를 판매·제공하는 매장,val,식자재,T3 개념확장,7ba5ba62-9e60-41cc-bb6a-5736fe086af4,그꼴로어디가게,전자상거래,관문상가시장,전통시장,대구광역시,,,
c57f88274b4550dd015f,full_annotation_v1,A,q_식자재_08,전자상거래 곡물,식료품 중 '식자재'를 판매·제공하는 매장,val,식자재,T3 개념확장,601a734e-f3e1-4d26-87b2-d126c7071264,우리상회,곡물,옥천공설시장,전통시장,충청북도,,,
6e3e6b29bd320ec645a2,full_annotation_v1,A,q_식자재_08,전자상거래 곡물,식료품 중 '식자재'를 판매·제공하는 매장,val,식자재,T3 개념확장,092868ef-cdbe-426a-8e04-c1862bac5076,익산바이오,식용유,세종전통시장,전통시장,세종특별자치시,,,
17f9b57393f9f032e0f2,full_annotation_v1,A,q_식자재_08,전자상거래 곡물,식료품 중 '식자재'를 판매·제공하는 매장,val,식자재,T3 개념확장,0b69c684-9b0b-490b-892e-9267cf4662a3,윤수참기름,식용유,진주 청과시장,전통시장,경상남도,,,
fb614b6a696f20c309ff,full_annotation_v1,A,q_식자재_08,전자상거래 곡물,식료품 중 '식자재'를 판매·제공하는 매장,val,식자재,T3 개념확장,015915e3-2542-4245-b627-0c775b4c5501,한내떡집,,거제 고현시장,전통시장,경상남도,,,
03a6282155925d088381,full_annotation_v1,A,q_식자재_08,전자상거래 곡물,식료품 중 '식자재'를 판매·제공하는 매장,val,식자재,T3 개념확장,4e507f33-ce0a-4cd3-a840-23a325ac2e61,슈즈원,전자상거래,부산자유시장,전통시장,부산광역시,,,
3811d81755bd6b3ffd9f,full_annotation_v1,A,q_식자재_08,전자상거래 곡물,식료품 중 '식자재'를 판매·제공하는 매장,val,식자재,T3 개념확장,7f79ef8e-5517-4f11-9adb-324f7f2b75f4,충북상회,곡물,못골골목시장,전통시장,부산광역시,,,
04c56adc55e37f0ff1d3,full_annotation_v1,A,q_식자재_08,전자상거래 곡물,식료품 중 '식자재'를 판매·제공하는 매장,val,식자재,T3 개념확장,31303521-9995-4ec9-a7d6-bb1b55acd85c,하드이지,의류 전자상거래,성서와룡시장,전통시장,대구광역시,,,
53404fd00a48ab90320c,full_annotation_v1,A,q_식자재_08,전자상거래 곡물,식료품 중 '식자재'를 판매·제공하는 매장,val,식자재,T3 개념확장,418321ff-1d3c-4277-b535-2ce2c7dd8ba6,삼성상회,곡물,웃장,전통시장,전라남도,,,
df21bf542404522eb146,full_annotation_v1,A,q_식자재_08,전자상거래 곡물,식료품 중 '식자재'를 판매·제공하는 매장,val,식자재,T3 개념확장,8cdaaa6f-11ed-4f95-9b81-d0596276b011,스웨그몽,전자상거래,수원남문로데오시장,전통시장,경기도,,,
d4098dab6ed8a1751ce7,full_annotation_v1,A,q_식자재_08,전자상거래 곡물,식료품 중 '식자재'를 판매·제공하는 매장,val,식자재,T3 개념확장,9b253d55-18f8-47fa-8ad6-13addbf1ffc7,영품미곡상회,곡물,합덕중앙상점가,자율상권구역,충청남도,,,
a0c9e59fad078284337b,full_annotation_v1,A,q_식자재_08,전자상거래 곡물,식료품 중 '식자재'를 판매·제공하는 매장,val,식자재,T3 개념확장,ad77cb1e-a526-434c-b13e-9184f027d401,풍년상회,곡물,상주남성시장,전통시장,경상북도,,,
3912d8f9eaa8f2c4c001,full_annotation_v1,A,q_식자재_08,전자상거래 곡물,식료품 중 '식자재'를 판매·제공하는 매장,val,식자재,T3 개념확장,01e4cef2-9c12-4be0-9c3e-5a09ab67f7f5,대명제유,"고추, 기름",의정부제일시장,전통시장,경기도,,,
cc601dacda7f8b96588d,full_annotation_v1,A,q_식자재_08,전자상거래 곡물,식료품 중 '식자재'를 판매·제공하는 매장,val,식자재,T3 개념확장,4cb7437f-5db4-4fae-a019-fd6956ff3a59,쉐도우스톤,액세서리 잡화 전자상거래,삼익패션타운,전통시장,서울특별시,,,
81b87b4e6dd4d8e761b7,full_annotation_v1,A,q_식자재_08,전자상거래 곡물,식료품 중 '식자재'를 판매·제공하는 매장,val,식자재,T3 개념확장,355ad0bf-7b9c-4539-9fcb-56a7716f9793,늘푸른상회,곡물,능곡시장(구 능곡전통시장),전통시장,경기도,,,
926929d81568ecc4601e,full_annotation_v1,A,q_식자재_08,전자상거래 곡물,식료품 중 '식자재'를 판매·제공하는 매장,val,식자재,T3 개념확장,044b74fa-bb37-480b-8d36-3f7676cf2fb4,영진상회,곡물,청주육거리종합시장,전통시장,충청북도,,,
bf2a02d583cc8dd54721,full_annotation_v1,A,q_식자재_08,전자상거래 곡물,식료품 중 '식자재'를 판매·제공하는 매장,val,식자재,T3 개념확장,f823a23a-18f0-4e1d-8106-9b87f4028444,거창상회,곡물,복이있는덕포시장,전통시장,부산광역시,,,
4055802279d81ed01e3f,full_annotation_v1,A,q_식자재_08,전자상거래 곡물,식료품 중 '식자재'를 판매·제공하는 매장,val,식자재,T3 개념확장,bc26ba64-97d3-46f2-ab7f-8cf2f7e19018,대성상회,곡물,흥해시장,전통시장,경상북도,,,
ff29724a97d126ccb52b,full_annotation_v1,A,q_식자재_08,전자상거래 곡물,식료품 중 '식자재'를 판매·제공하는 매장,val,식자재,T3 개념확장,7255da1a-1ea1-4db1-a42b-f403e1916fc1,9다,"소품, 잡화, 전자상거래",김해 동상전통시장,전통시장,경상남도,,,
02234afad67341485a92,full_annotation_v1,A,q_식자재_08,전자상거래 곡물,식료품 중 '식자재'를 판매·제공하는 매장,val,식자재,T3 개념확장,39455c51-1e07-46f8-bf2e-13b63fe85e92,㈜올댓프레시,전자상거래,분당종합시장,전통시장,경기도,,,
a89564dca002b2675aa1,full_annotation_v1,A,q_식자재_08,전자상거래 곡물,식료품 중 '식자재'를 판매·제공하는 매장,val,식자재,T3 개념확장,79ee9bd7-18d9-4bd4-bb84-17f326a7f538,홍윤베이커리,제과 전자상거래,군산수송 골목형상점가,골목형상점가,전북특별자치도,,,
d90aeeda4258bb57f365,full_annotation_v1,A,q_식자재_08,전자상거래 곡물,식료품 중 '식자재'를 판매·제공하는 매장,val,식자재,T3 개념확장,952c1e07-20d5-4e1d-84ad-1a9cbbd97f39,푸른들유통,곡물,순천역전시장,전통시장,전라남도,,,
44601b8912db80282553,full_annotation_v1,A,q_식자재_08,전자상거래 곡물,식료품 중 '식자재'를 판매·제공하는 매장,val,식자재,T3 개념확장,2e78e8de-3b82-45ef-b4bd-cd887fb607b2,화수쌀집,곡물,영덕시장,전통시장,경상북도,,,
6f3227a9bcaffeaf7f69,full_annotation_v1,A,q_식자재_08,전자상거래 곡물,식료품 중 '식자재'를 판매·제공하는 매장,val,식자재,T3 개념확장,b4553029-f9dc-4b64-96f3-1c7452ed3326,모리상회,곡물,영동전통시장,전통시장,충청북도,,,
c22e390e4ef751fc27bc,full_annotation_v1,A,q_식자재_08,전자상거래 곡물,식료품 중 '식자재'를 판매·제공하는 매장,val,식자재,T3 개념확장,56725728-7a00-4920-b178-cd5e90ec80d7,연(YEON),전자상거래 소매업,웰컴시티,전통시장,울산광역시,,,
2ffd280ae57792300045,full_annotation_v1,A,q_식자재_08,전자상거래 곡물,식료품 중 '식자재'를 판매·제공하는 매장,val,식자재,T3 개념확장,01859206-536a-40a7-be1e-c8610663a665,동원참기름,참기름,안강공설시장,전통시장,경상북도,,,
64bdca62dd73ae43003e,full_annotation_v1,A,q_식자재_08,전자상거래 곡물,식료품 중 '식자재'를 판매·제공하는 매장,val,식자재,T3 개념확장,fcd45716-9661-4cde-9104-bdc39f6784da,조경동농원,곡물,무극시장,전통시장,충청북도,,,
2221d2b5ac1c6ec173e0,full_annotation_v1,A,q_식자재_08,전자상거래 곡물,식료품 중 '식자재'를 판매·제공하는 매장,val,식자재,T3 개념확장,0b8ef6dc-2f6b-4707-bd73-529122d9c97a,하단떡집,떡집,하단오일상설시장,전통시장,부산광역시,,,
b404f234be5e248982c8,full_annotation_v1,A,q_식자재_08,전자상거래 곡물,식료품 중 '식자재'를 판매·제공하는 매장,val,식자재,T3 개념확장,1bf273ae-622a-4237-9aea-e0173f3a3faf,신전떡볶이(양양점),떡볶이,양양로 골목형상점가,골목형상점가,강원특별자치도,,,
128fca0a0fac8fe7dace,full_annotation_v1,A,q_식자재_08,전자상거래 곡물,식료품 중 '식자재'를 판매·제공하는 매장,val,식자재,T3 개념확장,bb269b1d-3ac9-44c6-8514-d8a36d223d11,㈜남도마켓남대문지점,전자상거래,남대문시장,전통시장,서울특별시,,,
a9ae08fc5a51d40da667,full_annotation_v1,A,q_식자재_08,전자상거래 곡물,식료품 중 '식자재'를 판매·제공하는 매장,val,식자재,T3 개념확장,0046e3b5-e973-4cc0-807c-acb34ad8e262,야음민속떡집,제조업(떡방앗간),울산번개시장,전통시장,울산광역시,,,
8ec0175ecc76be0b89e4,full_annotation_v1,A,q_식자재_08,전자상거래 곡물,식료품 중 '식자재'를 판매·제공하는 매장,val,식자재,T3 개념확장,0cfcf7b3-9901-4390-bb71-e693270b0a75,파브리크스토어,"의류, 전자상거래",문정동로데오상점가,자율상권구역,서울특별시,,,
da1f6233d149de8502e4,full_annotation_v1,A,q_식자재_08,전자상거래 곡물,식료품 중 '식자재'를 판매·제공하는 매장,val,식자재,T3 개념확장,a7ec3ee3-ee34-4cff-8c22-fc47c05b0ce0,순창상회,곡물,명산시장,전통시장,전북특별자치도,,,
243745779b2ac963de62,full_annotation_v1,A,q_식자재_08,전자상거래 곡물,식료품 중 '식자재'를 판매·제공하는 매장,val,식자재,T3 개념확장,034f637f-e1c0-4e3c-99a7-eb7c8deb055a,청풍상회,곡물,내토전통시장,전통시장,충청북도,,,
64122711ab52676bbebf,full_annotation_v1,A,q_식자재_08,전자상거래 곡물,식료품 중 '식자재'를 판매·제공하는 매장,val,식자재,T3 개념확장,022ece99-80e4-453c-91c0-f46f8527e7ab,구즉방아간,방앗간,송강전통시장,전통시장,대전광역시,,,
d8d0df54e42470967c58,full_annotation_v1,A,q_식자재_08,전자상거래 곡물,식료품 중 '식자재'를 판매·제공하는 매장,val,식자재,T3 개념확장,f5f0a9f3-d4b0-4216-b241-e7730b32de74,순한양꼬치 (),중식 양꼬치,해밀동 골목형상점가,골목형상점가,세종특별자치시,,,
e198db49ce4768c82be2,full_annotation_v1,A,q_식자재_08,전자상거래 곡물,식료품 중 '식자재'를 판매·제공하는 매장,val,식자재,T3 개념확장,023b2cb4-7f9e-4b85-9888-474ee933954a,산척제유소,방앗간,충주자유시장,전통시장,충청북도,,,
a576ce358a4fc8442c6f,full_annotation_v1,A,q_식자재_08,전자상거래 곡물,식료품 중 '식자재'를 판매·제공하는 매장,val,식자재,T3 개념확장,0017714f-cbac-4f85-a148-338ddcefe41c,유수담,"쌀, 계란, 신선식품",익산북부시장,전통시장,전북특별자치도,,,
4a0e8748bd59ae888374,full_annotation_v1,A,q_식자재_08,전자상거래 곡물,식료품 중 '식자재'를 판매·제공하는 매장,val,식자재,T3 개념확장,87b07f28-576c-4003-97ba-7f468ac774c9,삼성상회,곡물,경동시장,전통시장,서울특별시,,,
2902d841ea0e2c619057,full_annotation_v1,A,q_식자재_08,전자상거래 곡물,식료품 중 '식자재'를 판매·제공하는 매장,val,식자재,T3 개념확장,2e56759e-5088-4d3b-9fb5-74f76a20329c,경상도상회,곡물,충주자유시장,전통시장,충청북도,,,
5cdab9865cc512c7b5c0,full_annotation_v1,A,q_식자재_08,전자상거래 곡물,식료품 중 '식자재'를 판매·제공하는 매장,val,식자재,T3 개념확장,17dc0ee9-401c-4ba7-bb36-aede46f96528,토브헤어,미용,신가동 골목형상점가,골목형상점가,광주광역시,,,
157e34257371e728bd9a,full_annotation_v1,A,q_식자재_08,전자상거래 곡물,식료품 중 '식자재'를 판매·제공하는 매장,val,식자재,T3 개념확장,ecedd5e1-85da-4364-8ebc-948727e54717,양동방앗간,떡,양동역별빛시장(양동쌍학시장),전통시장,경기도,,,
7abf385cc26197fdd0a0,full_annotation_v1,A,q_식자재_08,전자상거래 곡물,식료품 중 '식자재'를 판매·제공하는 매장,val,식자재,T3 개념확장,0061123f-a676-4556-9633-5fbc4ecaf6ef,치즈케익카스테라카페,제과,북가좌동 골목형상점가,골목형상점가,서울특별시,,,
1d0f4d9330722bd90fde,full_annotation_v1,A,q_식자재_08,전자상거래 곡물,식료품 중 '식자재'를 판매·제공하는 매장,val,식자재,T3 개념확장,597a2db9-b5e3-4c55-9ac4-3870567b049f,율이티비,전자상거래 소매업,봉화내성시장,전통시장,경상북도,,,
52b7aa694ead322915b0,full_annotation_v1,A,q_식자재_08,전자상거래 곡물,식료품 중 '식자재'를 판매·제공하는 매장,val,식자재,T3 개념확장,01757e0a-7278-44bc-9fad-29595028ac3d,현대떡방앗간,방앗간,염매시장(의성중앙시장),전통시장,경상북도,,,
4fd31c69747def20bd05,full_annotation_v1,A,q_식자재_08,전자상거래 곡물,식료품 중 '식자재'를 판매·제공하는 매장,val,식자재,T3 개념확장,6e76e7f9-f240-4bff-9115-00fa9b43175a,마재,사진 휴대폰,화개1로78번길상인회 골목형상점가,골목형상점가,광주광역시,,,
9e3dab07ce5505a1926e,full_annotation_v1,A,q_식자재_08,전자상거래 곡물,식료품 중 '식자재'를 판매·제공하는 매장,val,식자재,T3 개념확장,e1c661c2-5952-4278-bc24-ec9ba79d6bb7,커피콩콩,카페 전자상거래 소매업,도란도란 골목형상점가,골목형상점가,전북특별자치도,,,
9f6dfe0a09d90230163b,full_annotation_v1,A,q_식자재_08,전자상거래 곡물,식료품 중 '식자재'를 판매·제공하는 매장,val,식자재,T3 개념확장,5d0027a4-00b6-4955-856a-c129658aeb09,야음행복협동조합,전자상거래,야음상가시장,전통시장,울산광역시,,,
d8ab693094a23f5f19b3,full_annotation_v1,A,q_식자재_08,전자상거래 곡물,식료품 중 '식자재'를 판매·제공하는 매장,val,식자재,T3 개념확장,0592f5f6-ae8d-491f-87e9-2021a00f4ae0,우리상회,곡물,상주중앙시장,전통시장,경상북도,,,
cfbb8589c1da5b361949,full_annotation_v1,A,q_식자재_08,전자상거래 곡물,식료품 중 '식자재'를 판매·제공하는 매장,val,식자재,T3 개념확장,b5223a61-a1d3-4ff5-b70c-d7beaf300074,중앙상회,곡물,백학시장 상점가,자율상권구역,서울특별시,,,
be1e44ce434807693e8e,full_annotation_v1,A,q_식자재_08,전자상거래 곡물,식료품 중 '식자재'를 판매·제공하는 매장,val,식자재,T3 개념확장,6e0cbbb5-c1e1-4c83-977c-e8f983e2c2df,과일숲 해밀점,과일 밀키트,해밀동 골목형상점가,골목형상점가,세종특별자치시,,,
c665ce684e4b5d3b9320,full_annotation_v1,A,q_식자재_08,전자상거래 곡물,식료품 중 '식자재'를 판매·제공하는 매장,val,식자재,T3 개념확장,219c2008-e99a-4b25-9343-825d4ae1f4c6,타임체리쉬,전자상거래 소매,창원 성원그랜드쇼핑상가,전통시장,경상남도,,,
033c57e7e0449372a455,full_annotation_v1,A,q_식자재_09,쌀 사는 곳,식료품 중 '식자재'를 판매·제공하는 매장,val,식자재,T4 구어·문장,24456103-f6b8-46af-8655-82e61d7265d8,커피가 머무르는 곳,커피,반드레길골목형상점가,골목형상점가,서울특별시,,,
7981e346c0aee863fa56,full_annotation_v1,A,q_식자재_09,쌀 사는 곳,식료품 중 '식자재'를 판매·제공하는 매장,val,식자재,T4 구어·문장,b5a9aa7d-8c8c-400b-a2a7-8c49ae06b0e6,강원미곡,쌀,횡성전통시장,전통시장,강원특별자치도,,,
b0f02f2ef998c91e2e84,full_annotation_v1,A,q_식자재_09,쌀 사는 곳,식료품 중 '식자재'를 판매·제공하는 매장,val,식자재,T4 구어·문장,41d5f8f5-d2b9-4e6c-a712-00095133cd1f,대흥쌀상회,쌀,양평물맑은시장,전통시장,경기도,,,
d38d0cc3e13cd2f548d6,full_annotation_v1,A,q_식자재_09,쌀 사는 곳,식료품 중 '식자재'를 판매·제공하는 매장,val,식자재,T4 구어·문장,01757e0a-7278-44bc-9fad-29595028ac3d,현대떡방앗간,방앗간,염매시장(의성중앙시장),전통시장,경상북도,,,
8e9420c109706bbcfedb,full_annotation_v1,A,q_식자재_09,쌀 사는 곳,식료품 중 '식자재'를 판매·제공하는 매장,val,식자재,T4 구어·문장,001bc028-a43e-44d4-9682-db280a4998cc,파리바게뜨전주근영점,제과점,근영누리 골목형상점가,골목형상점가,전북특별자치도,,,
42619e81540e6aad4804,full_annotation_v1,A,q_식자재_09,쌀 사는 곳,식료품 중 '식자재'를 판매·제공하는 매장,val,식자재,T4 구어·문장,4ab43860-969f-481e-b269-6d1ce5ba4b82,영광쌀창고,쌀,반송큰시장,전통시장,부산광역시,,,
d6df8e25f95c41f5e1dd,full_annotation_v1,A,q_식자재_09,쌀 사는 곳,식료품 중 '식자재'를 판매·제공하는 매장,val,식자재,T4 구어·문장,022ece99-80e4-453c-91c0-f46f8527e7ab,구즉방아간,방앗간,송강전통시장,전통시장,대전광역시,,,
8a81681c2947aa135109,full_annotation_v1,A,q_식자재_09,쌀 사는 곳,식료품 중 '식자재'를 판매·제공하는 매장,val,식자재,T4 구어·문장,01a5f192-c482-46e3-8b58-5358216d0749,풍전기름집,참기름,화곡본동시장,전통시장,서울특별시,,,
f6b41b9da43275952adb,full_annotation_v1,A,q_식자재_09,쌀 사는 곳,식료품 중 '식자재'를 판매·제공하는 매장,val,식자재,T4 구어·문장,038cca40-2d2c-4beb-b897-44eaa285b599,대영상회,쌀,동두천큰시장,전통시장,경기도,,,
9691f133e910b13e096a,full_annotation_v1,A,q_식자재_09,쌀 사는 곳,식료품 중 '식자재'를 판매·제공하는 매장,val,식자재,T4 구어·문장,ccc9dbc4-881c-42a5-93c3-c2ea46a80ab1,풍년상회,쌀,진주 청과시장,전통시장,경상남도,,,
00deb43bcd08782b154f,full_annotation_v1,A,q_식자재_09,쌀 사는 곳,식료품 중 '식자재'를 판매·제공하는 매장,val,식자재,T4 구어·문장,964e2fe1-de0f-4a83-8637-014caf6366f8,팔도상회,쌀,소사종합시장,전통시장,경기도,,,
0c248e9e7e84ee49cc30,full_annotation_v1,A,q_식자재_09,쌀 사는 곳,식료품 중 '식자재'를 판매·제공하는 매장,val,식자재,T4 구어·문장,01859206-536a-40a7-be1e-c8610663a665,동원참기름,참기름,안강공설시장,전통시장,경상북도,,,
c96ce64ec7f2ce95d164,full_annotation_v1,A,q_식자재_09,쌀 사는 곳,식료품 중 '식자재'를 판매·제공하는 매장,val,식자재,T4 구어·문장,2a30f6e4-0d5b-493e-9ba3-2ce7f73caaf1,영천상회,쌀,부전농수산물새벽시장,전통시장,부산광역시,,,
eceb323a6f746ff6272b,full_annotation_v1,A,q_식자재_09,쌀 사는 곳,식료품 중 '식자재'를 판매·제공하는 매장,val,식자재,T4 구어·문장,015915e3-2542-4245-b627-0c775b4c5501,한내떡집,,거제 고현시장,전통시장,경상남도,,,
9806531bdc4901f0f361,full_annotation_v1,A,q_식자재_09,쌀 사는 곳,식료품 중 '식자재'를 판매·제공하는 매장,val,식자재,T4 구어·문장,001961d9-cb5d-40bc-903a-33d483f7d132,헬씨스탠다드,"건강기능식품, 쌀, 견과류, 약재",응암소담길 골목형상점가,골목형상점가,서울특별시,,,
7d24be9ec45538b76700,full_annotation_v1,A,q_식자재_09,쌀 사는 곳,식료품 중 '식자재'를 판매·제공하는 매장,val,식자재,T4 구어·문장,bdc21780-d0e7-42c7-82bf-31b8017fc849,여수쌀집,쌀,광양매일시장(광양상설시장),전통시장,전라남도,,,
3748044d692812cea4b2,full_annotation_v1,A,q_식자재_09,쌀 사는 곳,식료품 중 '식자재'를 판매·제공하는 매장,val,식자재,T4 구어·문장,727a4d51-4e36-4971-9a4a-986aa7b13a94,영진농산,쌀,봉선중앙로 골목형상점가,골목형상점가,광주광역시,,,
e78b00b384721e7ac302,full_annotation_v1,A,q_식자재_09,쌀 사는 곳,식료품 중 '식자재'를 판매·제공하는 매장,val,식자재,T4 구어·문장,76a3551b-dae4-4326-92cc-662015aedbfb,쉴 곳,한식,칠성로상점가,자율상권구역,제주특별자치도,,,
230a14e18eb0168e2482,full_annotation_v1,A,q_식자재_09,쌀 사는 곳,식료품 중 '식자재'를 판매·제공하는 매장,val,식자재,T4 구어·문장,5395c261-5aa4-4a95-a878-c20cb026a0e3,자인2동5호쌀상회,쌀,자인공설시장,전통시장,경상북도,,,
e90fd841b8ac7c44259c,full_annotation_v1,A,q_식자재_09,쌀 사는 곳,식료품 중 '식자재'를 판매·제공하는 매장,val,식자재,T4 구어·문장,1dece7ab-c77e-4e2e-b8f5-584480c0e0a2,부량직판장,쌀,서부시장상점가(서부시장 통합),전통시장,전북특별자치도,,,
d00b9f8a2107d4c7e532,full_annotation_v1,A,q_식자재_09,쌀 사는 곳,식료품 중 '식자재'를 판매·제공하는 매장,val,식자재,T4 구어·문장,011f646c-0d2f-4770-a90e-d5d39e580d38,올 푸드,식자재,두암시장,전통시장,광주광역시,,,
e0a4ef5f952686e9a08b,full_annotation_v1,A,q_식자재_09,쌀 사는 곳,식료품 중 '식자재'를 판매·제공하는 매장,val,식자재,T4 구어·문장,104f1635-418f-4970-9632-26a018862faf,관음농산,쌀,관음시장,전통시장,대구광역시,,,
ec5ece8eaf53b6bb696b,full_annotation_v1,A,q_식자재_09,쌀 사는 곳,식료품 중 '식자재'를 판매·제공하는 매장,val,식자재,T4 구어·문장,54f77a46-b6d5-4b0a-89d0-aa845de7f842,송림상회,쌀,현대시장,전통시장,인천광역시,,,
74dc2db2445fe6088bd9,full_annotation_v1,A,q_식자재_09,쌀 사는 곳,식료품 중 '식자재'를 판매·제공하는 매장,val,식자재,T4 구어·문장,17982057-550e-40de-85ba-5ca07a8dd9ab,굿푸드홀세일,쌀,대림골목시장,전통시장,서울특별시,,,
71f69a52465222b8732d,full_annotation_v1,A,q_식자재_09,쌀 사는 곳,식료품 중 '식자재'를 판매·제공하는 매장,val,식자재,T4 구어·문장,85e16695-7fbe-4308-8f33-bcc71dcc3479,대우미곡,쌀,백년소상공인,기타,전라남도,,,
14093d601c877da6f13d,full_annotation_v1,A,q_식자재_09,쌀 사는 곳,식료품 중 '식자재'를 판매·제공하는 매장,val,식자재,T4 구어·문장,9f39d3e1-3548-48f9-8671-d6f51ab479a0,풍년방앗간,쌀,안양관양시장,전통시장,경기도,,,
61c24f64574233693f6d,full_annotation_v1,A,q_식자재_09,쌀 사는 곳,식료품 중 '식자재'를 판매·제공하는 매장,val,식자재,T4 구어·문장,a851aabc-a942-4bf0-81f7-184fb29d2aec,유한회사 공간,간판,신안동서암대로 골목형상점가,골목형상점가,광주광역시,,,
eae0c7a2074dc7406e2a,full_annotation_v1,A,q_식자재_09,쌀 사는 곳,식료품 중 '식자재'를 판매·제공하는 매장,val,식자재,T4 구어·문장,04c905ba-3172-4ea4-a6dd-4345d674dea0,덕순이네,제조업(떡집),장터길 골목형상점가,골목형상점가,경기도,,,
f4c543647ddccfc0ad51,full_annotation_v1,A,q_식자재_09,쌀 사는 곳,식료품 중 '식자재'를 판매·제공하는 매장,val,식자재,T4 구어·문장,4468f48e-6618-4759-a990-f3c5dc3f753d,동아상회,쌀,거창 전통시장,전통시장,경상남도,,,
ecf0f43fd1afaf09f019,full_annotation_v1,A,q_식자재_09,쌀 사는 곳,식료품 중 '식자재'를 판매·제공하는 매장,val,식자재,T4 구어·문장,0b3a6b06-e325-4011-af84-6805df60195b,서유니미용실,미용,신안동서암대로 골목형상점가,골목형상점가,광주광역시,,,
032fa78460cca0519c0b,full_annotation_v1,A,q_식자재_09,쌀 사는 곳,식료품 중 '식자재'를 판매·제공하는 매장,val,식자재,T4 구어·문장,6985e359-bb88-47d4-98a7-8977541ecd03,영천,육류,태백시장,전통시장,대구광역시,,,
883c458f9370687c3049,full_annotation_v1,A,q_식자재_09,쌀 사는 곳,식료품 중 '식자재'를 판매·제공하는 매장,val,식자재,T4 구어·문장,e7d8a279-d33d-438a-966a-6ebc5aa5217b,문창쌀상회,쌀,문창시장,전통시장,대전광역시,,,
807c57c85ce584872d46,full_annotation_v1,A,q_식자재_09,쌀 사는 곳,식료품 중 '식자재'를 판매·제공하는 매장,val,식자재,T4 구어·문장,0b8ef6dc-2f6b-4707-bd73-529122d9c97a,하단떡집,떡집,하단오일상설시장,전통시장,부산광역시,,,
cf6e88f552a3fb37921b,full_annotation_v1,A,q_식자재_09,쌀 사는 곳,식료품 중 '식자재'를 판매·제공하는 매장,val,식자재,T4 구어·문장,62808ea9-1851-4c4f-a9a5-dcbe438da990,태양유통,쌀,안양남부시장,전통시장,경기도,,,
c132eab5d0c2aa6c7b0e,full_annotation_v1,A,q_식자재_09,쌀 사는 곳,식료품 중 '식자재'를 판매·제공하는 매장,val,식자재,T4 구어·문장,005313c8-dce8-49b6-9841-9143ebb1305a,동원떡집,,박달시장,전통시장,경기도,,,
3d3573d8b2fcea90075d,full_annotation_v1,A,q_식자재_09,쌀 사는 곳,식료품 중 '식자재'를 판매·제공하는 매장,val,식자재,T4 구어·문장,defde03a-a03a-4b15-8651-bee4766390db,행복쌀집,쌀,양산 덕계종합상설시장,전통시장,경상남도,,,
9a37d8792094eaa92f0f,full_annotation_v1,A,q_식자재_09,쌀 사는 곳,식료품 중 '식자재'를 판매·제공하는 매장,val,식자재,T4 구어·문장,9fdd185a-663e-4cd4-b79f-aaa3ad7ff3b7,대광상회,쌀,성동용답상가시장,전통시장,서울특별시,,,
cf8b867751215c620efe,full_annotation_v1,A,q_식자재_09,쌀 사는 곳,식료품 중 '식자재'를 판매·제공하는 매장,val,식자재,T4 구어·문장,4b209c7c-d679-4a1d-b066-df3af04aec5b,합천쌀상회,쌀,신금정시장 골목형 상점가,골목형상점가,부산광역시,,,
c7c3ec1f409ae82cda96,full_annotation_v1,A,q_식자재_09,쌀 사는 곳,식료품 중 '식자재'를 판매·제공하는 매장,val,식자재,T4 구어·문장,6835a331-dd56-4214-9889-29c7f561712e,모자쌀상회,쌀,광천문화시장,전통시장,충청남도,,,
3c0a5c1378dccd3dca33,full_annotation_v1,A,q_식자재_09,쌀 사는 곳,식료품 중 '식자재'를 판매·제공하는 매장,val,식자재,T4 구어·문장,e3ecc031-55bb-4bc1-8efb-3672e1d939ec,농산물직매장,쌀,전주신중앙시장(구 중앙버드나무시장),전통시장,전북특별자치도,,,
9d10219bb0b8d0dfc853,full_annotation_v1,A,q_식자재_09,쌀 사는 곳,식료품 중 '식자재'를 판매·제공하는 매장,val,식자재,T4 구어·문장,ccf356d2-06e9-4284-abbd-33b61d276a80,대영상회,쌀,청량리전통시장,전통시장,서울특별시,,,
20b888486157c8c7ed35,full_annotation_v1,A,q_식자재_09,쌀 사는 곳,식료품 중 '식자재'를 판매·제공하는 매장,val,식자재,T4 구어·문장,be9f8c61-892c-48ed-a49d-b63bd032c025,소곳,의류,고투몰(강남터미널지하도상점가),일반지하상점가,서울특별시,,,
e60430251e2144075adb,full_annotation_v1,A,q_식자재_09,쌀 사는 곳,식료품 중 '식자재'를 판매·제공하는 매장,val,식자재,T4 구어·문장,47814469-adc6-47a8-8b41-875c1976c3e9,가좌쌀집,쌀,가좌시장,전통시장,인천광역시,,,
eb7deb152775e2084d3e,full_annotation_v1,A,q_식자재_09,쌀 사는 곳,식료품 중 '식자재'를 판매·제공하는 매장,val,식자재,T4 구어·문장,358b31c1-caba-413e-b48c-050fcce10157,행복유통,쌀,군산신영시장,전통시장,전북특별자치도,,,
1e32e1b8076fb8697bc0,full_annotation_v1,A,q_식자재_09,쌀 사는 곳,식료품 중 '식자재'를 판매·제공하는 매장,val,식자재,T4 구어·문장,2cebc851-16bb-44d7-88d7-8c39a75aea01,해남청과야채,쌀,세은 골목형상점가,골목형상점가,광주광역시,,,
61a968350571aaafd4c2,full_annotation_v1,A,q_식자재_09,쌀 사는 곳,식료품 중 '식자재'를 판매·제공하는 매장,val,식자재,T4 구어·문장,cbe66c47-7a31-4118-90fc-dfad8f02eb32,부흥상회,쌀,부전상가시장,전통시장,부산광역시,,,
e1586732335e59c6a360,full_annotation_v1,A,q_식자재_09,쌀 사는 곳,식료품 중 '식자재'를 판매·제공하는 매장,val,식자재,T4 구어·문장,2743811c-5e71-4d2b-aa75-1b0147d44f2d,사우 꽃이 피는 곳,꽃,김포 풍년마을 골목형상점가,골목형상점가,경기도,,,
110ccb37ed48d917ce34,full_annotation_v1,A,q_식자재_09,쌀 사는 곳,식료품 중 '식자재'를 판매·제공하는 매장,val,식자재,T4 구어·문장,bad2ad85-9c57-4cc6-afed-2c96abfd452d,논산상회,쌀,후암시장,전통시장,서울특별시,,,
9a3314a46c9504d0dd1d,full_annotation_v1,A,q_식자재_09,쌀 사는 곳,식료품 중 '식자재'를 판매·제공하는 매장,val,식자재,T4 구어·문장,00e30e5a-4662-4e65-9b6c-dd704886f1af,믿음떡집,떡방앗간,문창시장,전통시장,대전광역시,,,
896893a0fa3f2ec79af2,full_annotation_v1,A,q_식자재_09,쌀 사는 곳,식료품 중 '식자재'를 판매·제공하는 매장,val,식자재,T4 구어·문장,092868ef-cdbe-426a-8e04-c1862bac5076,익산바이오,식용유,세종전통시장,전통시장,세종특별자치시,,,
ba7463b13fb26a3d3978,full_annotation_v1,A,q_식자재_09,쌀 사는 곳,식료품 중 '식자재'를 판매·제공하는 매장,val,식자재,T4 구어·문장,5f8487cf-c7ff-419b-bab8-56f03aa7e5af,시장쌀집,쌀,문경전통시장,전통시장,경상북도,,,
837ebf8884a779b9d549,full_annotation_v1,A,q_식자재_09,쌀 사는 곳,식료품 중 '식자재'를 판매·제공하는 매장,val,식자재,T4 구어·문장,2e0a4fef-9229-4718-b386-d373a27a2540,춘화족발,쌀,김해 장유전통시장,전통시장,경상남도,,,
45dd69081eb97c61deae,full_annotation_v1,A,q_식자재_09,쌀 사는 곳,식료품 중 '식자재'를 판매·제공하는 매장,val,식자재,T4 구어·문장,68328886-ebc5-496d-9026-e4af1d8d2f1a,광복쌀슈퍼,쌀,공주산성시장,전통시장,충청남도,,,
74840a9a76aef4d94abf,full_annotation_v1,A,q_식자재_09,쌀 사는 곳,식료품 중 '식자재'를 판매·제공하는 매장,val,식자재,T4 구어·문장,1e4bccf2-bb3a-4679-8f8a-e8197ccd49e7,백년지기황토쌀,쌀,서변중앙시장,전통시장,대구광역시,,,
0ebdfa8b0825103fd09e,full_annotation_v1,A,q_식자재_09,쌀 사는 곳,식료품 중 '식자재'를 판매·제공하는 매장,val,식자재,T4 구어·문장,021bf03c-8b83-4288-89c5-15a4a162142b,신선식품,식자재,사천읍시장,전통시장,경상남도,,,
3d49a4fdc9a5d42d6eee,full_annotation_v1,A,q_식자재_09,쌀 사는 곳,식료품 중 '식자재'를 판매·제공하는 매장,val,식자재,T4 구어·문장,beb83667-4caa-436f-b3fd-a3f96133c57e,제일상사,쌀,서대신동골목시장,전통시장,부산광역시,,,
1688b2f96656d6809fd1,full_annotation_v1,A,q_식자재_09,쌀 사는 곳,식료품 중 '식자재'를 판매·제공하는 매장,val,식자재,T4 구어·문장,231a0bf6-addc-4aef-b5b8-ab4e7b212ba7,여주상회,쌀,송도역전시장,전통시장,인천광역시,,,
05d597c5751455329ee1,full_annotation_v1,A,q_식자재_09,쌀 사는 곳,식료품 중 '식자재'를 판매·제공하는 매장,val,식자재,T4 구어·문장,df7fab16-16bd-4d3f-8610-4aec16703190,동부양곡,쌀,진주 자유시장,전통시장,경상남도,,,
a855cd43f6b3ede194c2,full_annotation_v1,A,q_식자재_09,쌀 사는 곳,식료품 중 '식자재'를 판매·제공하는 매장,val,식자재,T4 구어·문장,633cb2fd-3595-443d-9586-2fdbba36b4a9,탕화쿵푸마라탕,중식,안양1번가 상점가,자율상권구역,경기도,,,
7db1ca2e31a7827b4546,full_annotation_v1,A,q_식자재_09,쌀 사는 곳,식료품 중 '식자재'를 판매·제공하는 매장,val,식자재,T4 구어·문장,3b3cd127-7179-4c4e-b3cb-4ba87dcc6642,선경양행28호,의류,신창상가,전통시장,부산광역시,,,
ab1a7fbd1c70f6f68ca8,full_annotation_v1,A,q_식자재_09,쌀 사는 곳,식료품 중 '식자재'를 판매·제공하는 매장,val,식자재,T4 구어·문장,d829f3b4-0589-48ca-b808-83e35a8a4796,천년맛고을,한식,반구시장,전통시장,울산광역시,,,
236d55722a1eae11a287,full_annotation_v1,A,q_식자재_09,쌀 사는 곳,식료품 중 '식자재'를 판매·제공하는 매장,val,식자재,T4 구어·문장,fabb796c-4be1-477b-8a21-e72e0f19612d,대신양곡,쌀,속초중앙전통시장,전통시장,강원특별자치도,,,
6d31d61d741b86fac98c,full_annotation_v1,A,q_식자재_09,쌀 사는 곳,식료품 중 '식자재'를 판매·제공하는 매장,val,식자재,T4 구어·문장,0061123f-a676-4556-9633-5fbc4ecaf6ef,치즈케익카스테라카페,제과,북가좌동 골목형상점가,골목형상점가,서울특별시,,,
157f4d7689af0f6e03fd,full_annotation_v1,A,q_식자재_09,쌀 사는 곳,식료품 중 '식자재'를 판매·제공하는 매장,val,식자재,T4 구어·문장,7b982c95-21d9-41bc-9e24-04a6d67f65f4,여주농산,쌀,전곡시장,전통시장,서울특별시,,,
74488a98df55bb35cca4,full_annotation_v1,A,q_식자재_09,쌀 사는 곳,식료품 중 '식자재'를 판매·제공하는 매장,val,식자재,T4 구어·문장,00362b85-cb9a-4318-9059-12f768d76197,파리바게뜨전주인후점,제과점,소나무 골목형상점가,골목형상점가,전북특별자치도,,,
178cd20074b6ba5e766b,full_annotation_v1,A,q_식자재_09,쌀 사는 곳,식료품 중 '식자재'를 판매·제공하는 매장,val,식자재,T4 구어·문장,001cb3d4-5441-4963-b517-d5b3904ee312,현창떡집,떡집,목포동부시장,전통시장,전라남도,,,
dd57bf8b6d0b4e2d0423,full_annotation_v1,A,q_식자재_09,쌀 사는 곳,식료품 중 '식자재'를 판매·제공하는 매장,val,식자재,T4 구어·문장,023b2cb4-7f9e-4b85-9888-474ee933954a,산척제유소,방앗간,충주자유시장,전통시장,충청북도,,,
705ad9d214fae29614b2,full_annotation_v1,A,q_식자재_09,쌀 사는 곳,식료품 중 '식자재'를 판매·제공하는 매장,val,식자재,T4 구어·문장,fdbe0dbf-45f7-4289-a9fb-494529f3c8d1,인덕상회,쌀,우일시장,기타,부산광역시,,,
8cd1fcdc67b25563bfcd,full_annotation_v1,A,q_식자재_09,쌀 사는 곳,식료품 중 '식자재'를 판매·제공하는 매장,val,식자재,T4 구어·문장,f7df2982-8179-4440-88b7-dd8c20c15c71,신낙원떡집,떡,구매탄시장,전통시장,경기도,,,
5e9f8f2028b66a8a6657,full_annotation_v1,A,q_식자재_09,쌀 사는 곳,식료품 중 '식자재'를 판매·제공하는 매장,val,식자재,T4 구어·문장,d955212f-65a7-4188-8fd5-ec3850624390,시범쌀상회,쌀,송화벽화시장,전통시장,서울특별시,,,
13c9f5d6392ba2ee2950,full_annotation_v1,A,q_식자재_09,쌀 사는 곳,식료품 중 '식자재'를 판매·제공하는 매장,val,식자재,T4 구어·문장,51f3f304-586e-42a8-a4a0-2bede24ee9f5,여주농산,쌀,문막시장,전통시장,강원특별자치도,,,
5aefb70910f5b3c4cfd9,full_annotation_v1,A,q_식자재_09,쌀 사는 곳,식료품 중 '식자재'를 판매·제공하는 매장,val,식자재,T4 구어·문장,94fb7ebc-3964-413f-9b1e-7a3a95a37f43,영선쌀상회,쌀,남항시장,전통시장,부산광역시,,,
a67065b2ae821afa02db,full_annotation_v1,A,q_식자재_09,쌀 사는 곳,식료품 중 '식자재'를 판매·제공하는 매장,val,식자재,T4 구어·문장,002d0d06-15b2-463e-b789-b0232bcc6681,뚜레주르버들마을점,제과,버들마을상인회 골목형상점가,골목형상점가,광주광역시,,,
1028d7c6c6d00ad77f58,full_annotation_v1,A,q_식자재_09,쌀 사는 곳,식료품 중 '식자재'를 판매·제공하는 매장,val,식자재,T4 구어·문장,49bd0226-04f6-42f9-aef8-e2e0ee03082c,거제쌀상회,쌀,마산어시장,전통시장,경상남도,,,
ad96faa480e552a3473b,full_annotation_v1,A,q_식자재_09,쌀 사는 곳,식료품 중 '식자재'를 판매·제공하는 매장,val,식자재,T4 구어·문장,adf72628-abe5-47a4-9cb7-b0883792efdf,할머니상회,쌀,영동전통시장,전통시장,서울특별시,,,
4b08db514f01128ecc3f,full_annotation_v1,A,q_식자재_09,쌀 사는 곳,식료품 중 '식자재'를 판매·제공하는 매장,val,식자재,T4 구어·문장,815f44dd-243d-4f84-bf4a-7fa9bddb6d18,충남쌀상회,쌀,구월시장,전통시장,인천광역시,,,
28f79dcba3a91a30f27d,full_annotation_v1,A,q_식자재_09,쌀 사는 곳,식료품 중 '식자재'를 판매·제공하는 매장,val,식자재,T4 구어·문장,2a75bae5-1c1d-4c11-843f-20409404bd91,빅세일마트,쌀,창원 도계부부시장,전통시장,경상남도,,,
238749d5dc4363b60b9c,full_annotation_v1,A,q_식자재_09,쌀 사는 곳,식료품 중 '식자재'를 판매·제공하는 매장,val,식자재,T4 구어·문장,5e6736bb-821f-44ce-b733-03fb202ec672,충남쌀상회,쌀,양평1동어울림골목형상점가,골목형상점가,서울특별시,,,
737762395e8327dcdf48,full_annotation_v1,A,q_식자재_09,쌀 사는 곳,식료품 중 '식자재'를 판매·제공하는 매장,val,식자재,T4 구어·문장,49dfa331-5e78-42d6-8286-cace4eae0929,더 보쌈 ( The Bossam),,미리산길 골목형상점가,골목형상점가,,,,
d8793671bc7c62f7e6f2,full_annotation_v1,A,q_식자재_09,쌀 사는 곳,식료품 중 '식자재'를 판매·제공하는 매장,val,식자재,T4 구어·문장,78ad8364-c305-4ba8-8772-da33d1fb90c1,좋은햇쌀,쌀,산정상인회 골목형상점가,골목형상점가,광주광역시,,,
af3420096252585d27bb,full_annotation_v1,A,q_식자재_09,쌀 사는 곳,식료품 중 '식자재'를 판매·제공하는 매장,val,식자재,T4 구어·문장,b96b6c06-5fda-40a3-af06-524ad512ab15,더불어,여성의류,동평화시장(동평화패션타운),전통시장,서울특별시,,,
3ae702bfb977ccc300fc,full_annotation_v1,A,q_식자재_09,쌀 사는 곳,식료품 중 '식자재'를 판매·제공하는 매장,val,식자재,T4 구어·문장,00e80339-1353-4885-81d7-0746a437abb2,포식 용인한숲시티점,쌀국수 돈까스 함박스테이크,남사한숲 골목형상점가,골목형상점가,경기도,,,
6e0298742cfc80259320,full_annotation_v1,A,q_식자재_09,쌀 사는 곳,식료품 중 '식자재'를 판매·제공하는 매장,val,식자재,T4 구어·문장,1d18ba60-d612-4b52-906a-51396374eeae,부흥상사,쌀,오정동상점가,자율상권구역,대전광역시,,,
e5113c44fef185069f4d,full_annotation_v1,A,q_식자재_09,쌀 사는 곳,식료품 중 '식자재'를 판매·제공하는 매장,val,식자재,T4 구어·문장,7757e215-5281-40ed-bb0d-e42749134e1a,미소농산,쌀,오정동상점가,자율상권구역,대전광역시,,,
767ca0a103bc7d24a6eb,full_annotation_v1,A,q_식자재_09,쌀 사는 곳,식료품 중 '식자재'를 판매·제공하는 매장,val,식자재,T4 구어·문장,4e63f432-fdd6-49c1-8b30-122c6a0ddfb1,네일바다,네일아트,밀양 내일전통시장,전통시장,경상남도,,,
ce71ba6fb131ee8def76,full_annotation_v1,A,q_식자재_09,쌀 사는 곳,식료품 중 '식자재'를 판매·제공하는 매장,val,식자재,T4 구어·문장,f6a277d5-dca8-4db1-87c5-75dbbf3f5282,다명상회,쌀,대전상가,전통시장,대전광역시,,,
df8ad6ab5df2952ec1ec,full_annotation_v1,A,q_식자재_09,쌀 사는 곳,식료품 중 '식자재'를 판매·제공하는 매장,val,식자재,T4 구어·문장,2dd450ae-bcd3-462c-af36-afcf54081adc,일산상회,쌀,남이동길골목형상점가,골목형상점가,서울특별시,,,
8a7ea73d071d4965a1f8,full_annotation_v1,A,q_식자재_09,쌀 사는 곳,식료품 중 '식자재'를 판매·제공하는 매장,val,식자재,T4 구어·문장,6d4165c4-df69-476d-8905-3cf66131c937,대곡농산,쌀,팔달신시장,전통시장,대구광역시,,,
878e7657c4cf2774b261,full_annotation_v1,A,q_식자재_09,쌀 사는 곳,식료품 중 '식자재'를 판매·제공하는 매장,val,식자재,T4 구어·문장,5e18d0d5-e3f4-47f9-b233-7709e25ead29,창신상회,쌀,연산골목시장상점가,자율상권구역,부산광역시,,,
05f7b692a4cbcf741f70,full_annotation_v1,A,q_식자재_09,쌀 사는 곳,식료품 중 '식자재'를 판매·제공하는 매장,val,식자재,T4 구어·문장,01e4cef2-9c12-4be0-9c3e-5a09ab67f7f5,대명제유,"고추, 기름",의정부제일시장,전통시장,경기도,,,
48e1efee8ae5d432436d,full_annotation_v1,A,q_식자재_09,쌀 사는 곳,식료품 중 '식자재'를 판매·제공하는 매장,val,식자재,T4 구어·문장,20ce83c5-06d5-4898-98a0-b450dd15978f,안계쌀집,쌀,팔달신시장,전통시장,대구광역시,,,
92d5d4a986ed9e18c95d,full_annotation_v1,A,q_식자재_09,쌀 사는 곳,식료품 중 '식자재'를 판매·제공하는 매장,val,식자재,T4 구어·문장,88758db8-4427-4c1c-9860-d476d1499408,한빛쌀고추방앗간,쌀,동울산만세대 골목형상점가,골목형상점가,울산광역시,,,
e77483086674d0f4122a,full_annotation_v1,A,q_식자재_09,쌀 사는 곳,식료품 중 '식자재'를 판매·제공하는 매장,val,식자재,T4 구어·문장,e6032a4d-46c0-49dd-bdec-405f465c6b1c,진천농산,쌀,오창전통시장,전통시장,충청북도,,,
0861371852d69c9d48ee,full_annotation_v1,A,q_식자재_09,쌀 사는 곳,식료품 중 '식자재'를 판매·제공하는 매장,val,식자재,T4 구어·문장,a8d621e6-4a98-4f91-8c2f-821dcc490ebf,시장쌀집,쌀,오천시장,전통시장,경상북도,,,
b715e5e8e90eac10b9e2,full_annotation_v1,A,q_식자재_09,쌀 사는 곳,식료품 중 '식자재'를 판매·제공하는 매장,val,식자재,T4 구어·문장,08434eac-bf1f-45fa-89ba-a6637d9d6e56,강화상회,쌀,대조시장,전통시장,서울특별시,,,
25442dadabea2b128378,full_annotation_v1,A,q_식자재_09,쌀 사는 곳,식료품 중 '식자재'를 판매·제공하는 매장,val,식자재,T4 구어·문장,c111ac9d-3f3a-405c-a8db-4d127ccda9e2,행복이 있는 곳,잡화,제주로얄쇼핑센터,자율상권구역,제주특별자치도,,,
148fc47209d1a56c1c0d,full_annotation_v1,A,q_식자재_09,쌀 사는 곳,식료품 중 '식자재'를 판매·제공하는 매장,val,식자재,T4 구어·문장,6366963d-59e9-41e3-b1f6-22f02e7d9b9e,천안쌀상회,쌀,아차산등산로골목형상점가,골목형상점가,서울특별시,,,
45ea2d25808800f0d77a,full_annotation_v1,A,q_식자재_09,쌀 사는 곳,식료품 중 '식자재'를 판매·제공하는 매장,val,식자재,T4 구어·문장,62531a1c-536c-4384-809e-2923bba482a2,미모다헤어,미용업,밀양 내일전통시장,전통시장,경상남도,,,
e2db188e3b9f7a72afc2,full_annotation_v1,A,q_식자재_09,쌀 사는 곳,식료품 중 '식자재'를 판매·제공하는 매장,val,식자재,T4 구어·문장,cc8c178a-7f51-4f3e-a0ed-e73696ea94a5,송라시장쌀집,쌀,송라시장,전통시장,대구광역시,,,
20cba5f77cbf17834b71,full_annotation_v1,A,q_식자재_09,쌀 사는 곳,식료품 중 '식자재'를 판매·제공하는 매장,val,식자재,T4 구어·문장,434d0cc9-3c02-47d3-ae48-185f7c5ea40e,입암상회,소매업(외의),정읍샘고을시장,전통시장,전북특별자치도,,,
19ed0798d7a3655a8fe0,full_annotation_v1,A,q_식자재_09,쌀 사는 곳,식료품 중 '식자재'를 판매·제공하는 매장,val,식자재,T4 구어·문장,27aad679-d2e1-4a21-b5bb-152aa6dad5eb,우리농산물,쌀,돌고래시장(돌고래종합상가),전통시장,경기도,,,
309d4b60ae37aa332f14,full_annotation_v1,A,q_식자재_09,쌀 사는 곳,식료품 중 '식자재'를 판매·제공하는 매장,val,식자재,T4 구어·문장,54207e88-39d1-4a29-854a-e4fda51447ab,남도쌀집,쌀,진흥종합시장,전통시장,인천광역시,,,
e077db3258fc8c1d7dfc,full_annotation_v1,A,q_식자재_09,쌀 사는 곳,식료품 중 '식자재'를 판매·제공하는 매장,val,식자재,T4 구어·문장,0406ed16-445f-4c4a-a7e0-12097f3895dd,신토불이쌀,쌀,성대시장골목형상점가,골목형상점가,서울특별시,,,
0c1aa44cc0e52e5b2a2e,full_annotation_v1,A,q_식자재_09,쌀 사는 곳,식료품 중 '식자재'를 판매·제공하는 매장,val,식자재,T4 구어·문장,bc1f3a2e-f3d8-4b6f-a546-3d0d4881140c,도연유통쌀집,쌀,남구 용대로 골목형상점가,골목형상점가,광주광역시,,,
425ab79f446bf35fdad7,full_annotation_v1,A,q_식자재_09,쌀 사는 곳,식료품 중 '식자재'를 판매·제공하는 매장,val,식자재,T4 구어·문장,008d07a3-ba18-4806-9ec7-48c0adb25276,아빠네 빵집,제과제빵,신창수문 골목형상점가,골목형상점가,광주광역시,,,
28ae8d7a591b77542e62,full_annotation_v1,A,q_식자재_09,쌀 사는 곳,식료품 중 '식자재'를 판매·제공하는 매장,val,식자재,T4 구어·문장,00fea2e0-f294-46b6-af68-655475e888be,동양유통,"곡물, 식자재",김해새벽시장,기타,경상남도,,,
da705536c100bf3f2a15,full_annotation_v1,A,q_식자재_09,쌀 사는 곳,식료품 중 '식자재'를 판매·제공하는 매장,val,식자재,T4 구어·문장,a4a54fb9-5194-4c6e-bf4d-2a5459fa9c0d,88농산쌀직판장,쌀,삼각지맛길 골목형상점가,골목형상점가,대구광역시,,,
9e40e38bf7d6d6de9130,full_annotation_v1,A,q_식자재_09,쌀 사는 곳,식료품 중 '식자재'를 판매·제공하는 매장,val,식자재,T4 구어·문장,044b74fa-bb37-480b-8d36-3f7676cf2fb4,영진상회,곡물,청주육거리종합시장,전통시장,충청북도,,,
6654ae67d140d84c310a,full_annotation_v1,A,q_식자재_09,쌀 사는 곳,식료품 중 '식자재'를 판매·제공하는 매장,val,식자재,T4 구어·문장,4fb71ad2-205f-4019-bc82-5a12e0896469,내고향쌀,쌀,감호시장,전통시장,경상북도,,,
46df83f303435e03bded,full_annotation_v1,A,q_식자재_09,쌀 사는 곳,식료품 중 '식자재'를 판매·제공하는 매장,val,식자재,T4 구어·문장,03e3e424-656a-46ea-82b7-21bcc07cae47,초왕상회,"곡물, 농산물",전주남부시장,전통시장,전북특별자치도,,,
7cc91af3ccfe9231c4fe,full_annotation_v1,A,q_식자재_09,쌀 사는 곳,식료품 중 '식자재'를 판매·제공하는 매장,val,식자재,T4 구어·문장,aaf01ca8-2594-463f-b8fe-f95d9bd3ab3f,삼형제상회,쌀,전농로터리시장,전통시장,서울특별시,,,
836bc6ec6d5eea978bef,full_annotation_v1,A,q_식자재_09,쌀 사는 곳,식료품 중 '식자재'를 판매·제공하는 매장,val,식자재,T4 구어·문장,7fb27403-28ca-4cc0-b090-7ff99007c830,아담만두,만두,부평문화인의거리골목형상점가,골목형상점가,인천광역시,,,
0e40ae5c4e6d5ac6bc84,full_annotation_v1,A,q_식자재_09,쌀 사는 곳,식료품 중 '식자재'를 판매·제공하는 매장,val,식자재,T4 구어·문장,4bfdcc00-2983-4521-9985-158a67c76be9,농업회사법인주식회사아지아농산,쌀,서대구시장,전통시장,대구광역시,,,
ee5449f17155c36c7d1c,full_annotation_v1,A,q_식자재_09,쌀 사는 곳,식료품 중 '식자재'를 판매·제공하는 매장,val,식자재,T4 구어·문장,3321af51-e75a-4330-b79e-5da6fe466c8d,대풍상회,쌀,평택통복시장,전통시장,경기도,,,
a853e7b6e0003bf3b13f,full_annotation_v1,A,q_식자재_09,쌀 사는 곳,식료품 중 '식자재'를 판매·제공하는 매장,val,식자재,T4 구어·문장,14e8778e-c28c-4184-a6e9-0b40e01693ea,대흥상회,쌀,영주골목시장,전통시장,경상북도,,,
95e2d45440c2bcbe92e0,full_annotation_v1,A,q_식자재_09,쌀 사는 곳,식료품 중 '식자재'를 판매·제공하는 매장,val,식자재,T4 구어·문장,03c63490-5a3c-4534-bcd9-c42d2bac5402,금판영농수산,쌀,매월동상인회 골목형상점가,골목형상점가,광주광역시,,,
942158d99205e7cbb4e6,full_annotation_v1,A,q_식자재_09,쌀 사는 곳,식료품 중 '식자재'를 판매·제공하는 매장,val,식자재,T4 구어·문장,ffb5a1f9-3c21-4a6d-8951-ce7868f81325,초록쌀유통,쌀,청주사창시장,전통시장,충청북도,,,
266e5d0bf1b529792a95,full_annotation_v1,A,q_식자재_09,쌀 사는 곳,식료품 중 '식자재'를 판매·제공하는 매장,val,식자재,T4 구어·문장,cdaca927-1fa5-416e-b848-8f710da28ba5,A-4,수산물,정자활어직매장상점가,자율상권구역,울산광역시,,,
6dab067c125d2b481c21,full_annotation_v1,A,q_식자재_09,쌀 사는 곳,식료품 중 '식자재'를 판매·제공하는 매장,val,식자재,T4 구어·문장,0046e3b5-e973-4cc0-807c-acb34ad8e262,야음민속떡집,제조업(떡방앗간),울산번개시장,전통시장,울산광역시,,,
51f1aee1cdbdf227c707,full_annotation_v1,A,q_식자재_09,쌀 사는 곳,식료품 중 '식자재'를 판매·제공하는 매장,val,식자재,T4 구어·문장,02223ab5-044d-40ad-8cc7-838ed325ada0,상옥쌀상회,쌀,영일대북부시장(구 북부시장),전통시장,경상북도,,,
17a9fe28457b53d6419b,full_annotation_v1,A,q_식자재_09,쌀 사는 곳,식료품 중 '식자재'를 판매·제공하는 매장,val,식자재,T4 구어·문장,013444f9-7e9b-4640-84f0-43ac071ef57f,대림고추방아,"고추가루, 기름",부천강남시장,전통시장,경기도,,,
c8a0c397db5815efbb87,full_annotation_v1,A,q_식자재_09,쌀 사는 곳,식료품 중 '식자재'를 판매·제공하는 매장,val,식자재,T4 구어·문장,00eca8e7-b158-4572-b540-c241f4ad2546,거창상회,식자재,충무동 새벽시장,전통시장,부산광역시,,,
cab07760087002350cb9,full_annotation_v1,A,q_식자재_09,쌀 사는 곳,식료품 중 '식자재'를 판매·제공하는 매장,val,식자재,T4 구어·문장,78c8a54f-75ee-4473-9b0b-d7700a69c72a,한성쌀집,쌀,용현시장,전통시장,인천광역시,,,
ecd988c2f9139f32934e,full_annotation_v1,A,q_식자재_09,쌀 사는 곳,식료품 중 '식자재'를 판매·제공하는 매장,val,식자재,T4 구어·문장,0e9b1c08-a23d-49f3-b933-86b026a1e741,제일쌀상회,쌀,태안동부시장(구 태안특산물전통시장),전통시장,충청남도,,,
1a3223930b0902906be2,full_annotation_v1,A,q_식자재_09,쌀 사는 곳,식료품 중 '식자재'를 판매·제공하는 매장,val,식자재,T4 구어·문장,5fed40c4-e64c-4c84-b36b-b1474e536b23,더블유(W)38,,미리산길 골목형상점가,골목형상점가,,,,
f3643053432e9f44853b,full_annotation_v1,A,q_식자재_09,쌀 사는 곳,식료품 중 '식자재'를 판매·제공하는 매장,val,식자재,T4 구어·문장,0e224dee-e545-48f6-95af-5a197b33a076,경북식품,식용유,가락몰골목형상점가,골목형상점가,서울특별시,,,
c260207821c0bbc443e5,full_annotation_v1,A,q_식자재_09,쌀 사는 곳,식료품 중 '식자재'를 판매·제공하는 매장,val,식자재,T4 구어·문장,f6dacc3d-b174-4793-9ac7-f7c3306e6f37,팔팔쌀집,쌀,전포놀이터시장,전통시장,부산광역시,,,
1cb1b7219a45c14b6a34,full_annotation_v1,A,q_식자재_09,쌀 사는 곳,식료품 중 '식자재'를 판매·제공하는 매장,val,식자재,T4 구어·문장,a5df9465-85b5-422a-a68e-3bd891e736be,풍년,쌀,문산자유시장,전통시장,경기도,,,
7c96864a54f4c941df78,full_annotation_v1,A,q_식자재_09,쌀 사는 곳,식료품 중 '식자재'를 판매·제공하는 매장,val,식자재,T4 구어·문장,04cffa8f-5c05-444b-bde1-a3d1918cf92f,강원기름집,식용유,속초종합중앙시장,전통시장,강원특별자치도,,,
069fdf714dab352d3c20,full_annotation_v1,A,q_식자재_09,쌀 사는 곳,식료품 중 '식자재'를 판매·제공하는 매장,val,식자재,T4 구어·문장,dfb5b879-9eee-40be-90ae-572eea01be53,풍국쌀,쌀 잡곡,신매시장,전통시장,대구광역시,,,
7eef0b34011877a8b95b,full_annotation_v1,A,q_식자재_09,쌀 사는 곳,식료품 중 '식자재'를 판매·제공하는 매장,val,식자재,T4 구어·문장,06bbe239-5774-4794-91c3-b45901659200,성진상회,식용유,고성시장,전통시장,경상남도,,,
62b64e10a689a0e8c713,full_annotation_v1,A,q_식자재_09,쌀 사는 곳,식료품 중 '식자재'를 판매·제공하는 매장,val,식자재,T4 구어·문장,e3dbcc9f-0d99-469c-99f2-663d879857d7,쌀돌이건어물,쌀,운수대통!생거진천전통시장,전통시장,충청북도,,,
39428750d23029ad6020,full_annotation_v1,A,q_식자재_09,쌀 사는 곳,식료품 중 '식자재'를 판매·제공하는 매장,val,식자재,T4 구어·문장,ab7b419c-bec5-4dde-b630-cd86cbcaaf15,중앙농산,쌀,송현시장,전통시장,인천광역시,,,
24d6d7210891ae0ad8ea,full_annotation_v1,A,q_식자재_09,쌀 사는 곳,식료품 중 '식자재'를 판매·제공하는 매장,val,식자재,T4 구어·문장,00bf0e58-0696-472a-8a12-945c44dc9435,오복상회,쌀,백년시장(구 강북종합전통시장),전통시장,서울특별시,,,
edf10c785686add51f79,full_annotation_v1,A,q_식자재_09,쌀 사는 곳,식료품 중 '식자재'를 판매·제공하는 매장,val,식자재,T4 구어·문장,54dd0314-df3d-4f58-8b11-a4b244932fe4,신조광상회,쌀,오산오색시장(구 오산중앙시장),전통시장,경기도,,,
a5a7f3a63d3e69586bd3,full_annotation_v1,A,q_식자재_09,쌀 사는 곳,식료품 중 '식자재'를 판매·제공하는 매장,val,식자재,T4 구어·문장,10dcc67f-8bba-401e-969c-9032df12b06a,보령상회,쌀,신도꼼지락시장,전통시장,대전광역시,,,
5337a5a9ee66f7654c01,full_annotation_v1,A,q_식자재_09,쌀 사는 곳,식료품 중 '식자재'를 판매·제공하는 매장,val,식자재,T4 구어·문장,0b69c684-9b0b-490b-892e-9267cf4662a3,윤수참기름,식용유,진주 청과시장,전통시장,경상남도,,,
d4856fbd0b91bb814bdc,full_annotation_v1,A,q_식자재_09,쌀 사는 곳,식료품 중 '식자재'를 판매·제공하는 매장,val,식자재,T4 구어·문장,a74a24ba-c3ac-4255-bbf1-d268ace5b988,향길쌀농산물,쌀,전주풍남문상점가,자율상권구역,전북특별자치도,,,
ca6c09bfa17d0c05dc43,full_annotation_v1,A,q_식자재_09,쌀 사는 곳,식료품 중 '식자재'를 판매·제공하는 매장,val,식자재,T4 구어·문장,0017714f-cbac-4f85-a148-338ddcefe41c,유수담,"쌀, 계란, 신선식품",익산북부시장,전통시장,전북특별자치도,,,
03e09d9521472e70f4f6,full_annotation_v1,A,q_식자재_09,쌀 사는 곳,식료품 중 '식자재'를 판매·제공하는 매장,val,식자재,T4 구어·문장,0592f5f6-ae8d-491f-87e9-2021a00f4ae0,우리상회,곡물,상주중앙시장,전통시장,경상북도,,,
626ec52afd137e4b1bee,full_annotation_v1,A,q_식자재_09,쌀 사는 곳,식료품 중 '식자재'를 판매·제공하는 매장,val,식자재,T4 구어·문장,56327711-6ce1-4161-8ed1-e6592119c584,충남상회,쌀,루원이음길 골목형상점가,골목형상점가,인천광역시,,,
507492d16950d7d995f5,full_annotation_v1,A,q_식자재_09,쌀 사는 곳,식료품 중 '식자재'를 판매·제공하는 매장,val,식자재,T4 구어·문장,dcb2aca7-038f-4e5b-af54-27906b7a012b,강화청원농협쌀직판장,쌀,계산시장,전통시장,인천광역시,,,
ce97755edad30bbfffce,full_annotation_v1,A,q_식자재_09,쌀 사는 곳,식료품 중 '식자재'를 판매·제공하는 매장,val,식자재,T4 구어·문장,26cf948b-cb19-42a2-91b4-c149e8a49d5d,장터야채,쌀,춘천풍물시장,전통시장,강원특별자치도,,,
3f21bbd10f9651929d76,full_annotation_v1,A,q_식자재_09,쌀 사는 곳,식료품 중 '식자재'를 판매·제공하는 매장,val,식자재,T4 구어·문장,034f637f-e1c0-4e3c-99a7-eb7c8deb055a,청풍상회,곡물,내토전통시장,전통시장,충청북도,,,
a47a68f07d032c4ce77e,full_annotation_v1,A,q_식자재_09,쌀 사는 곳,식료품 중 '식자재'를 판매·제공하는 매장,val,식자재,T4 구어·문장,00ec16f5-8b45-4af1-bb1b-6389f2412be8,수진식품,"참기름, 고추가루등",김해 진영전통시장,전통시장,경상남도,,,
2d646f10640492950208,full_annotation_v1,A,q_식자재_09,쌀 사는 곳,식료품 중 '식자재'를 판매·제공하는 매장,val,식자재,T4 구어·문장,023e47e8-7973-4e3d-95f3-f6bf168360f0,(주)동양종합유통,식자재,양동건어물시장,전통시장,광주광역시,,,
cd21efc33c2ccaabab3b,full_annotation_v1,A,q_식자재_09,쌀 사는 곳,식료품 중 '식자재'를 판매·제공하는 매장,val,식자재,T4 구어·문장,9beb5b3e-5cc7-4552-b5dc-1becc00df0a2,우리동네축산할인마트,도매및소매업(식육),송탄시장(송북시장),전통시장,경기도,,,
23c685a8233ed9859772,full_annotation_v1,A,q_식자재_09,쌀 사는 곳,식료품 중 '식자재'를 판매·제공하는 매장,val,식자재,T4 구어·문장,fa8f5a55-21b0-4826-8a7a-58aae99a27e8,공주네곳간,쌀,공주산성시장,전통시장,충청남도,,,
08f6ecbc4fdc08917d80,full_annotation_v1,A,q_식자재_10,쌀 살 데,식료품 중 '식자재'를 판매·제공하는 매장,val,식자재,T4 구어·문장,26cf948b-cb19-42a2-91b4-c149e8a49d5d,장터야채,쌀,춘천풍물시장,전통시장,강원특별자치도,,,
912b31c32fe865e808d9,full_annotation_v1,A,q_식자재_10,쌀 살 데,식료품 중 '식자재'를 판매·제공하는 매장,val,식자재,T4 구어·문장,9cc14a80-e7b0-49f3-88cb-5ce5ad13c66d,카페봄봄 대실점,휴게음식,(유)다사소상공인연합,골목형상점가,대구광역시,,,
9fc2b100159b18a29c2e,full_annotation_v1,A,q_식자재_10,쌀 살 데,식료품 중 '식자재'를 판매·제공하는 매장,val,식자재,T4 구어·문장,bcfa80d0-1673-4f62-9162-0d163328e353,흥진하동쌀상회,쌀,서대신1동골목시장,전통시장,부산광역시,,,
b6081b7873d8a1827628,full_annotation_v1,A,q_식자재_10,쌀 살 데,식료품 중 '식자재'를 판매·제공하는 매장,val,식자재,T4 구어·문장,adf7df00-1bf7-4251-a80b-9ef0b23b0a79,연합쌀상회,쌀,모란종합시장,전통시장,경기도,,,
8fbb580f95df51557ce4,full_annotation_v1,A,q_식자재_10,쌀 살 데,식료품 중 '식자재'를 판매·제공하는 매장,val,식자재,T4 구어·문장,2a75bae5-1c1d-4c11-843f-20409404bd91,빅세일마트,쌀,창원 도계부부시장,전통시장,경상남도,,,
072109e9dee03e48455a,full_annotation_v1,A,q_식자재_10,쌀 살 데,식료품 중 '식자재'를 판매·제공하는 매장,val,식자재,T4 구어·문장,8bf1b9a6-4610-498f-8ea0-5ca18f24782c,제일정미소,쌀,자인공설시장,전통시장,경상북도,,,
a89c0f72c16d0436fee9,full_annotation_v1,A,q_식자재_10,쌀 살 데,식료품 중 '식자재'를 판매·제공하는 매장,val,식자재,T4 구어·문장,00362b85-cb9a-4318-9059-12f768d76197,파리바게뜨전주인후점,제과점,소나무 골목형상점가,골목형상점가,전북특별자치도,,,
da9316f32d5ee5376b85,full_annotation_v1,A,q_식자재_10,쌀 살 데,식료품 중 '식자재'를 판매·제공하는 매장,val,식자재,T4 구어·문장,2e0a4fef-9229-4718-b386-d373a27a2540,춘화족발,쌀,김해 장유전통시장,전통시장,경상남도,,,
2205c918f5f9c899146b,full_annotation_v1,A,q_식자재_10,쌀 살 데,식료품 중 '식자재'를 판매·제공하는 매장,val,식자재,T4 구어·문장,282b0e8b-051c-49f9-a707-b982df803589,까라벨라 데 오르,스파게티,동명동 카페거리 골목형상점가,골목형상점가,광주광역시,,,
3c55a66ea92a3a99bbd6,full_annotation_v1,A,q_식자재_10,쌀 살 데,식료품 중 '식자재'를 판매·제공하는 매장,val,식자재,T4 구어·문장,94fb7ebc-3964-413f-9b1e-7a3a95a37f43,영선쌀상회,쌀,남항시장,전통시장,부산광역시,,,
6f87293e09b7acd56ddd,full_annotation_v1,A,q_식자재_10,쌀 살 데,식료품 중 '식자재'를 판매·제공하는 매장,val,식자재,T4 구어·문장,815f44dd-243d-4f84-bf4a-7fa9bddb6d18,충남쌀상회,쌀,구월시장,전통시장,인천광역시,,,
518242a40871a6ada633,full_annotation_v1,A,q_식자재_10,쌀 살 데,식료품 중 '식자재'를 판매·제공하는 매장,val,식자재,T4 구어·문장,6d4165c4-df69-476d-8905-3cf66131c937,대곡농산,쌀,팔달신시장,전통시장,대구광역시,,,
2a62ff095e9085df6e3e,full_annotation_v1,A,q_식자재_10,쌀 살 데,식료품 중 '식자재'를 판매·제공하는 매장,val,식자재,T4 구어·문장,5e18d0d5-e3f4-47f9-b233-7709e25ead29,창신상회,쌀,연산골목시장상점가,자율상권구역,부산광역시,,,
8c0227339b872d0b04af,full_annotation_v1,A,q_식자재_10,쌀 살 데,식료품 중 '식자재'를 판매·제공하는 매장,val,식자재,T4 구어·문장,4ab43860-969f-481e-b269-6d1ce5ba4b82,영광쌀창고,쌀,반송큰시장,전통시장,부산광역시,,,
b2de83abf1c74a217f2c,full_annotation_v1,A,q_식자재_10,쌀 살 데,식료품 중 '식자재'를 판매·제공하는 매장,val,식자재,T4 구어·문장,fdbe0dbf-45f7-4289-a9fb-494529f3c8d1,인덕상회,쌀,우일시장,기타,부산광역시,,,
aedb6d235a0d93e95e1e,full_annotation_v1,A,q_식자재_10,쌀 살 데,식료품 중 '식자재'를 판매·제공하는 매장,val,식자재,T4 구어·문장,10dcc67f-8bba-401e-969c-9032df12b06a,보령상회,쌀,신도꼼지락시장,전통시장,대전광역시,,,
cf401eb76ba2fdbf757e,full_annotation_v1,A,q_식자재_10,쌀 살 데,식료품 중 '식자재'를 판매·제공하는 매장,val,식자재,T4 구어·문장,3e9f0784-6b37-4afa-b4e6-a0dbd5836600,소연쌀직판장,쌀,마포농수산물시장,전통시장,서울특별시,,,
659761a845fb3a843981,full_annotation_v1,A,q_식자재_10,쌀 살 데,식료품 중 '식자재'를 판매·제공하는 매장,val,식자재,T4 구어·문장,0406ed16-445f-4c4a-a7e0-12097f3895dd,신토불이쌀,쌀,성대시장골목형상점가,골목형상점가,서울특별시,,,
3dd999abb21bd313da07,full_annotation_v1,A,q_식자재_10,쌀 살 데,식료품 중 '식자재'를 판매·제공하는 매장,val,식자재,T4 구어·문장,08434eac-bf1f-45fa-89ba-a6637d9d6e56,강화상회,쌀,대조시장,전통시장,서울특별시,,,
7c00ab7970514ac518f8,full_annotation_v1,A,q_식자재_10,쌀 살 데,식료품 중 '식자재'를 판매·제공하는 매장,val,식자재,T4 구어·문장,5e6736bb-821f-44ce-b733-03fb202ec672,충남쌀상회,쌀,양평1동어울림골목형상점가,골목형상점가,서울특별시,,,
8f34b26ef8068459a303,full_annotation_v1,A,q_식자재_10,쌀 살 데,식료품 중 '식자재'를 판매·제공하는 매장,val,식자재,T4 구어·문장,d9d7f7a5-340d-4526-93f5-13f26e263ef6,스케치,커피,전남여고후문 골목형상점가,골목형상점가,광주광역시,,,
ec06e0b7fe3dc78f7977,full_annotation_v1,A,q_식자재_10,쌀 살 데,식료품 중 '식자재'를 판매·제공하는 매장,val,식자재,T4 구어·문장,092868ef-cdbe-426a-8e04-c1862bac5076,익산바이오,식용유,세종전통시장,전통시장,세종특별자치시,,,
7ae6982e998f5d338146,full_annotation_v1,A,q_식자재_10,쌀 살 데,식료품 중 '식자재'를 판매·제공하는 매장,val,식자재,T4 구어·문장,56327711-6ce1-4161-8ed1-e6592119c584,충남상회,쌀,루원이음길 골목형상점가,골목형상점가,인천광역시,,,
acfa5a774617447634f9,full_annotation_v1,A,q_식자재_10,쌀 살 데,식료품 중 '식자재'를 판매·제공하는 매장,val,식자재,T4 구어·문장,02223ab5-044d-40ad-8cc7-838ed325ada0,상옥쌀상회,쌀,영일대북부시장(구 북부시장),전통시장,경상북도,,,
5f90dba32e1646efc0fe,full_annotation_v1,A,q_식자재_10,쌀 살 데,식료품 중 '식자재'를 판매·제공하는 매장,val,식자재,T4 구어·문장,fabb796c-4be1-477b-8a21-e72e0f19612d,대신양곡,쌀,속초중앙전통시장,전통시장,강원특별자치도,,,
fd3c416f3eab5d475bca,full_annotation_v1,A,q_식자재_10,쌀 살 데,식료품 중 '식자재'를 판매·제공하는 매장,val,식자재,T4 구어·문장,034f637f-e1c0-4e3c-99a7-eb7c8deb055a,청풍상회,곡물,내토전통시장,전통시장,충청북도,,,
8ce88d7d0fb66c8e355c,full_annotation_v1,A,q_식자재_10,쌀 살 데,식료품 중 '식자재'를 판매·제공하는 매장,val,식자재,T4 구어·문장,104f1635-418f-4970-9632-26a018862faf,관음농산,쌀,관음시장,전통시장,대구광역시,,,
8966023358c5abd29523,full_annotation_v1,A,q_식자재_10,쌀 살 데,식료품 중 '식자재'를 판매·제공하는 매장,val,식자재,T4 구어·문장,51f3f304-586e-42a8-a4a0-2bede24ee9f5,여주농산,쌀,문막시장,전통시장,강원특별자치도,,,
aa6d4718337077472e71,full_annotation_v1,A,q_식자재_10,쌀 살 데,식료품 중 '식자재'를 판매·제공하는 매장,val,식자재,T4 구어·문장,defde03a-a03a-4b15-8651-bee4766390db,행복쌀집,쌀,양산 덕계종합상설시장,전통시장,경상남도,,,
3c463f814e11388f8d6f,full_annotation_v1,A,q_식자재_10,쌀 살 데,식료품 중 '식자재'를 판매·제공하는 매장,val,식자재,T4 구어·문장,1d18ba60-d612-4b52-906a-51396374eeae,부흥상사,쌀,오정동상점가,자율상권구역,대전광역시,,,
82fee174a6c3fbf9cec3,full_annotation_v1,A,q_식자재_10,쌀 살 데,식료품 중 '식자재'를 판매·제공하는 매장,val,식자재,T4 구어·문장,231a0bf6-addc-4aef-b5b8-ab4e7b212ba7,여주상회,쌀,송도역전시장,전통시장,인천광역시,,,
7216ff170b23f2e593df,full_annotation_v1,A,q_식자재_10,쌀 살 데,식료품 중 '식자재'를 판매·제공하는 매장,val,식자재,T4 구어·문장,9fdd185a-663e-4cd4-b79f-aaa3ad7ff3b7,대광상회,쌀,성동용답상가시장,전통시장,서울특별시,,,
d6d21949878cd5210c95,full_annotation_v1,A,q_식자재_10,쌀 살 데,식료품 중 '식자재'를 판매·제공하는 매장,val,식자재,T4 구어·문장,5c8cd4ad-fc20-4bf0-93b2-9b29884272d6,돈가마니,한식,배방상점가,자율상권구역,충청남도,,,
db1c171560f32bf9cc5b,full_annotation_v1,A,q_식자재_10,쌀 살 데,식료품 중 '식자재'를 판매·제공하는 매장,val,식자재,T4 구어·문장,008d07a3-ba18-4806-9ec7-48c0adb25276,아빠네 빵집,제과제빵,신창수문 골목형상점가,골목형상점가,광주광역시,,,
533e3e016e39761f7cf6,full_annotation_v1,A,q_식자재_10,쌀 살 데,식료품 중 '식자재'를 판매·제공하는 매장,val,식자재,T4 구어·문장,27aad679-d2e1-4a21-b5bb-152aa6dad5eb,우리농산물,쌀,돌고래시장(돌고래종합상가),전통시장,경기도,,,
897ada319ef1df1627f9,full_annotation_v1,A,q_식자재_10,쌀 살 데,식료품 중 '식자재'를 판매·제공하는 매장,val,식자재,T4 구어·문장,847affbc-87e1-4bbe-a715-014652cf50e9,정란헤어샵,미용,발안만세시장(구 발안시장),전통시장,경기도,,,
62301dabb6abc1f7614d,full_annotation_v1,A,q_식자재_10,쌀 살 데,식료품 중 '식자재'를 판매·제공하는 매장,val,식자재,T4 구어·문장,beb83667-4caa-436f-b3fd-a3f96133c57e,제일상사,쌀,서대신동골목시장,전통시장,부산광역시,,,
819788a11cba1c564932,full_annotation_v1,A,q_식자재_10,쌀 살 데,식료품 중 '식자재'를 판매·제공하는 매장,val,식자재,T4 구어·문장,0e9b1c08-a23d-49f3-b933-86b026a1e741,제일쌀상회,쌀,태안동부시장(구 태안특산물전통시장),전통시장,충청남도,,,
df83f020f1058741f20b,full_annotation_v1,A,q_식자재_10,쌀 살 데,식료품 중 '식자재'를 판매·제공하는 매장,val,식자재,T4 구어·문장,022ece99-80e4-453c-91c0-f46f8527e7ab,구즉방아간,방앗간,송강전통시장,전통시장,대전광역시,,,
0d167056ed2db1d6c6e0,full_annotation_v1,A,q_식자재_10,쌀 살 데,식료품 중 '식자재'를 판매·제공하는 매장,val,식자재,T4 구어·문장,00e80339-1353-4885-81d7-0746a437abb2,포식 용인한숲시티점,쌀국수 돈까스 함박스테이크,남사한숲 골목형상점가,골목형상점가,경기도,,,
1a3b8aa56bb0363a1ab7,full_annotation_v1,A,q_식자재_10,쌀 살 데,식료품 중 '식자재'를 판매·제공하는 매장,val,식자재,T4 구어·문장,04cffa8f-5c05-444b-bde1-a3d1918cf92f,강원기름집,식용유,속초종합중앙시장,전통시장,강원특별자치도,,,
dfe4bbe1a86cd2a535ce,full_annotation_v1,A,q_식자재_10,쌀 살 데,식료품 중 '식자재'를 판매·제공하는 매장,val,식자재,T4 구어·문장,358b31c1-caba-413e-b48c-050fcce10157,행복유통,쌀,군산신영시장,전통시장,전북특별자치도,,,
bf99e31356eccfa02b87,full_annotation_v1,A,q_식자재_10,쌀 살 데,식료품 중 '식자재'를 판매·제공하는 매장,val,식자재,T4 구어·문장,6366963d-59e9-41e3-b1f6-22f02e7d9b9e,천안쌀상회,쌀,아차산등산로골목형상점가,골목형상점가,서울특별시,,,
dbe8d27f5390c23bbb11,full_annotation_v1,A,q_식자재_10,쌀 살 데,식료품 중 '식자재'를 판매·제공하는 매장,val,식자재,T4 구어·문장,fbe6ec7e-8f9d-4c6a-9f69-f5280627fde5,솔로몬,의류,법동시장,전통시장,대전광역시,,,
bb8a795c9581ba4ec9d3,full_annotation_v1,A,q_식자재_10,쌀 살 데,식료품 중 '식자재'를 판매·제공하는 매장,val,식자재,T4 구어·문장,69f0e2e6-a1b2-4084-a8cf-fdf5697bbcf2,영덕회수산센터,회,연일전통시장,전통시장,경상북도,,,
0946cf76395d07a768f2,full_annotation_v1,A,q_식자재_10,쌀 살 데,식료품 중 '식자재'를 판매·제공하는 매장,val,식자재,T4 구어·문장,01a5f192-c482-46e3-8b58-5358216d0749,풍전기름집,참기름,화곡본동시장,전통시장,서울특별시,,,
510d48767bfc9338861b,full_annotation_v1,A,q_식자재_10,쌀 살 데,식료품 중 '식자재'를 판매·제공하는 매장,val,식자재,T4 구어·문장,8832ce98-aed2-4f7e-9152-0c53c558bc7d,에스짐 헬스 PT 용봉점,취급품목,용봉지구 골목형상점가,골목형상점가,광주광역시,,,
ef0aa0a1bcaeaecca22a,full_annotation_v1,A,q_식자재_10,쌀 살 데,식료품 중 '식자재'를 판매·제공하는 매장,val,식자재,T4 구어·문장,ca94b929-1699-4be7-a53e-064751a2d707,영원쌀상회,쌀,선우시장,전통시장,울산광역시,,,
611863556a8d8497bab9,full_annotation_v1,A,q_식자재_10,쌀 살 데,식료품 중 '식자재'를 판매·제공하는 매장,val,식자재,T4 구어·문장,85e16695-7fbe-4308-8f33-bcc71dcc3479,대우미곡,쌀,백년소상공인,기타,전라남도,,,
e1e827d1d7aec9259c08,full_annotation_v1,A,q_식자재_10,쌀 살 데,식료품 중 '식자재'를 판매·제공하는 매장,val,식자재,T4 구어·문장,17982057-550e-40de-85ba-5ca07a8dd9ab,굿푸드홀세일,쌀,대림골목시장,전통시장,서울특별시,,,
e3f2e783c8688c6a62b0,full_annotation_v1,A,q_식자재_10,쌀 살 데,식료품 중 '식자재'를 판매·제공하는 매장,val,식자재,T4 구어·문장,3321af51-e75a-4330-b79e-5da6fe466c8d,대풍상회,쌀,평택통복시장,전통시장,경기도,,,
aa546fc10c758a3ed3fa,full_annotation_v1,A,q_식자재_10,쌀 살 데,식료품 중 '식자재'를 판매·제공하는 매장,val,식자재,T4 구어·문장,01e4cef2-9c12-4be0-9c3e-5a09ab67f7f5,대명제유,"고추, 기름",의정부제일시장,전통시장,경기도,,,
a8cab279e31e21ad912b,full_annotation_v1,A,q_식자재_10,쌀 살 데,식료품 중 '식자재'를 판매·제공하는 매장,val,식자재,T4 구어·문장,41d5f8f5-d2b9-4e6c-a712-00095133cd1f,대흥쌀상회,쌀,양평물맑은시장,전통시장,경기도,,,
13ce0f5c128664eccb42,full_annotation_v1,A,q_식자재_10,쌀 살 데,식료품 중 '식자재'를 판매·제공하는 매장,val,식자재,T4 구어·문장,0061123f-a676-4556-9633-5fbc4ecaf6ef,치즈케익카스테라카페,제과,북가좌동 골목형상점가,골목형상점가,서울특별시,,,
9752845040f4e64515cc,full_annotation_v1,A,q_식자재_10,쌀 살 데,식료품 중 '식자재'를 판매·제공하는 매장,val,식자재,T4 구어·문장,7b982c95-21d9-41bc-9e24-04a6d67f65f4,여주농산,쌀,전곡시장,전통시장,서울특별시,,,
310a95e74401496b68b7,full_annotation_v1,A,q_식자재_10,쌀 살 데,식료품 중 '식자재'를 판매·제공하는 매장,val,식자재,T4 구어·문장,1dece7ab-c77e-4e2e-b8f5-584480c0e0a2,부량직판장,쌀,서부시장상점가(서부시장 통합),전통시장,전북특별자치도,,,
4751a84683e5d683aba5,full_annotation_v1,A,q_식자재_10,쌀 살 데,식료품 중 '식자재'를 판매·제공하는 매장,val,식자재,T4 구어·문장,06bbe239-5774-4794-91c3-b45901659200,성진상회,식용유,고성시장,전통시장,경상남도,,,
355b6927273a8b4e634f,full_annotation_v1,A,q_식자재_10,쌀 살 데,식료품 중 '식자재'를 판매·제공하는 매장,val,식자재,T4 구어·문장,00bf0e58-0696-472a-8a12-945c44dc9435,오복상회,쌀,백년시장(구 강북종합전통시장),전통시장,서울특별시,,,
2405f4fe269a849093ad,full_annotation_v1,A,q_식자재_10,쌀 살 데,식료품 중 '식자재'를 판매·제공하는 매장,val,식자재,T4 구어·문장,ccc9dbc4-881c-42a5-93c3-c2ea46a80ab1,풍년상회,쌀,진주 청과시장,전통시장,경상남도,,,
5af16b91a5a534dbe73c,full_annotation_v1,A,q_식자재_10,쌀 살 데,식료품 중 '식자재'를 판매·제공하는 매장,val,식자재,T4 구어·문장,0b69c684-9b0b-490b-892e-9267cf4662a3,윤수참기름,식용유,진주 청과시장,전통시장,경상남도,,,
9653648d46511825816e,full_annotation_v1,A,q_식자재_10,쌀 살 데,식료품 중 '식자재'를 판매·제공하는 매장,val,식자재,T4 구어·문장,f14df4d3-9858-4a8b-8597-20fd477d8e32,갤러리 데 루치아,가구,용인어정가구단지상점가,자율상권구역,경기도,,,
3608dd4de672e9207d1d,full_annotation_v1,A,q_식자재_10,쌀 살 데,식료품 중 '식자재'를 판매·제공하는 매장,val,식자재,T4 구어·문장,0b8ef6dc-2f6b-4707-bd73-529122d9c97a,하단떡집,떡집,하단오일상설시장,전통시장,부산광역시,,,
c6c17e5bb94651de5cb9,full_annotation_v1,A,q_식자재_10,쌀 살 데,식료품 중 '식자재'를 판매·제공하는 매장,val,식자재,T4 구어·문장,bdc21780-d0e7-42c7-82bf-31b8017fc849,여수쌀집,쌀,광양매일시장(광양상설시장),전통시장,전라남도,,,
b2a88c7223e5855243f5,full_annotation_v1,A,q_식자재_10,쌀 살 데,식료품 중 '식자재'를 판매·제공하는 매장,val,식자재,T4 구어·문장,023b2cb4-7f9e-4b85-9888-474ee933954a,산척제유소,방앗간,충주자유시장,전통시장,충청북도,,,
4a3712a9c222f5251a3a,full_annotation_v1,A,q_식자재_10,쌀 살 데,식료품 중 '식자재'를 판매·제공하는 매장,val,식자재,T4 구어·문장,7757e215-5281-40ed-bb0d-e42749134e1a,미소농산,쌀,오정동상점가,자율상권구역,대전광역시,,,
17e8cf4974a484761d43,full_annotation_v1,A,q_식자재_10,쌀 살 데,식료품 중 '식자재'를 판매·제공하는 매장,val,식자재,T4 구어·문장,4a4ed5bf-75e7-407c-a308-6ac1392b9806,오뚜기쌀집,쌀,화순고인돌전통시장,전통시장,전라남도,,,
f13d250bfd6d00424171,full_annotation_v1,A,q_식자재_10,쌀 살 데,식료품 중 '식자재'를 판매·제공하는 매장,val,식자재,T4 구어·문장,dcb2aca7-038f-4e5b-af54-27906b7a012b,강화청원농협쌀직판장,쌀,계산시장,전통시장,인천광역시,,,
5001e595becbbcf418b1,full_annotation_v1,A,q_식자재_10,쌀 살 데,식료품 중 '식자재'를 판매·제공하는 매장,val,식자재,T4 구어·문장,013444f9-7e9b-4640-84f0-43ac071ef57f,대림고추방아,"고추가루, 기름",부천강남시장,전통시장,경기도,,,
100792c9b935a0649ac3,full_annotation_v1,A,q_식자재_10,쌀 살 데,식료품 중 '식자재'를 판매·제공하는 매장,val,식자재,T4 구어·문장,14e8778e-c28c-4184-a6e9-0b40e01693ea,대흥상회,쌀,영주골목시장,전통시장,경상북도,,,
de356e840726d9a35a70,full_annotation_v1,A,q_식자재_10,쌀 살 데,식료품 중 '식자재'를 판매·제공하는 매장,val,식자재,T4 구어·문장,00fea2e0-f294-46b6-af68-655475e888be,동양유통,"곡물, 식자재",김해새벽시장,기타,경상남도,,,
852d1abe9e1e77746f66,full_annotation_v1,A,q_식자재_10,쌀 살 데,식료품 중 '식자재'를 판매·제공하는 매장,val,식자재,T4 구어·문장,001cb3d4-5441-4963-b517-d5b3904ee312,현창떡집,떡집,목포동부시장,전통시장,전라남도,,,
e0a754c354ee3709b1d2,full_annotation_v1,A,q_식자재_10,쌀 살 데,식료품 중 '식자재'를 판매·제공하는 매장,val,식자재,T4 구어·문장,ccf356d2-06e9-4284-abbd-33b61d276a80,대영상회,쌀,청량리전통시장,전통시장,서울특별시,,,
5a0d851985a7703ea3bd,full_annotation_v1,A,q_식자재_10,쌀 살 데,식료품 중 '식자재'를 판매·제공하는 매장,val,식자재,T4 구어·문장,964e2fe1-de0f-4a83-8637-014caf6366f8,팔도상회,쌀,소사종합시장,전통시장,경기도,,,
b8d6d114b05596d4d0c8,full_annotation_v1,A,q_식자재_10,쌀 살 데,식료품 중 '식자재'를 판매·제공하는 매장,val,식자재,T4 구어·문장,2a30f6e4-0d5b-493e-9ba3-2ce7f73caaf1,영천상회,쌀,부전농수산물새벽시장,전통시장,부산광역시,,,
87736470d29e416fbbd4,full_annotation_v1,A,q_식자재_10,쌀 살 데,식료품 중 '식자재'를 판매·제공하는 매장,val,식자재,T4 구어·문장,001961d9-cb5d-40bc-903a-33d483f7d132,헬씨스탠다드,"건강기능식품, 쌀, 견과류, 약재",응암소담길 골목형상점가,골목형상점가,서울특별시,,,
e7a62be06c557a0ba788,full_annotation_v1,A,q_식자재_10,쌀 살 데,식료품 중 '식자재'를 판매·제공하는 매장,val,식자재,T4 구어·문장,01859206-536a-40a7-be1e-c8610663a665,동원참기름,참기름,안강공설시장,전통시장,경상북도,,,
9dfd40f394dd2ca73c01,full_annotation_v1,A,q_식자재_10,쌀 살 데,식료품 중 '식자재'를 판매·제공하는 매장,val,식자재,T4 구어·문장,99bb86de-240e-4af7-b384-65224fb3cbdf,샤인골드,귀금속,대구패션주얼리특구,자율상권구역,대구광역시,,,
bf696d38320ae2185be4,full_annotation_v1,A,q_식자재_10,쌀 살 데,식료품 중 '식자재'를 판매·제공하는 매장,val,식자재,T4 구어·문장,0e224dee-e545-48f6-95af-5a197b33a076,경북식품,식용유,가락몰골목형상점가,골목형상점가,서울특별시,,,
f6ac77f4c3de9ed5af03,full_annotation_v1,A,q_식자재_10,쌀 살 데,식료품 중 '식자재'를 판매·제공하는 매장,val,식자재,T4 구어·문장,005313c8-dce8-49b6-9841-9143ebb1305a,동원떡집,,박달시장,전통시장,경기도,,,
34a68662c67e61197bd7,full_annotation_v1,A,q_식자재_10,쌀 살 데,식료품 중 '식자재'를 판매·제공하는 매장,val,식자재,T4 구어·문장,a275d0c2-c2ff-45da-99f9-67ea5312f6fd,한양상회,"채소, 잡화",건천시장,전통시장,경상북도,,,
8c82a041f70355ce14ff,full_annotation_v1,A,q_식자재_10,쌀 살 데,식료품 중 '식자재'를 판매·제공하는 매장,val,식자재,T4 구어·문장,0017714f-cbac-4f85-a148-338ddcefe41c,유수담,"쌀, 계란, 신선식품",익산북부시장,전통시장,전북특별자치도,,,
e37f81b06a0335b0be6a,full_annotation_v1,A,q_식자재_10,쌀 살 데,식료품 중 '식자재'를 판매·제공하는 매장,val,식자재,T4 구어·문장,df7fab16-16bd-4d3f-8610-4aec16703190,동부양곡,쌀,진주 자유시장,전통시장,경상남도,,,
6e3710818e56308bca30,full_annotation_v1,A,q_식자재_10,쌀 살 데,식료품 중 '식자재'를 판매·제공하는 매장,val,식자재,T4 구어·문장,015915e3-2542-4245-b627-0c775b4c5501,한내떡집,,거제 고현시장,전통시장,경상남도,,,
a63e58de9062ffcf00dd,full_annotation_v1,A,q_식자재_10,쌀 살 데,식료품 중 '식자재'를 판매·제공하는 매장,val,식자재,T4 구어·문장,9f39d3e1-3548-48f9-8671-d6f51ab479a0,풍년방앗간,쌀,안양관양시장,전통시장,경기도,,,
7e9d7461863aefd1fcf3,full_annotation_v1,A,q_식자재_10,쌀 살 데,식료품 중 '식자재'를 판매·제공하는 매장,val,식자재,T4 구어·문장,4b209c7c-d679-4a1d-b066-df3af04aec5b,합천쌀상회,쌀,신금정시장 골목형 상점가,골목형상점가,부산광역시,,,
b9211e366ba057ad7e10,full_annotation_v1,A,q_식자재_10,쌀 살 데,식료품 중 '식자재'를 판매·제공하는 매장,val,식자재,T4 구어·문장,023e47e8-7973-4e3d-95f3-f6bf168360f0,(주)동양종합유통,식자재,양동건어물시장,전통시장,광주광역시,,,
723b89fbe4874fc7ef02,full_annotation_v1,A,q_식자재_10,쌀 살 데,식료품 중 '식자재'를 판매·제공하는 매장,val,식자재,T4 구어·문장,5800a119-d1c3-46af-87b0-da621a48c8b7,광주골프피팅,골프용품 골프채,설죽로 패션의거리 골목형상점가,골목형상점가,광주광역시,,,
6237f7c9d6b1644ae2e0,full_annotation_v1,A,q_식자재_10,쌀 살 데,식료품 중 '식자재'를 판매·제공하는 매장,val,식자재,T4 구어·문장,61f79782-2328-48ca-8109-4763913a8dfa,황미정미소,쌀,삼익2차쇼핑 골목형상점가,골목형상점가,서울특별시,,,
0ddb1216a92aaf7a810e,full_annotation_v1,A,q_식자재_10,쌀 살 데,식료품 중 '식자재'를 판매·제공하는 매장,val,식자재,T4 구어·문장,0046e3b5-e973-4cc0-807c-acb34ad8e262,야음민속떡집,제조업(떡방앗간),울산번개시장,전통시장,울산광역시,,,
f86e73086a94278cbadb,full_annotation_v1,A,q_식자재_10,쌀 살 데,식료품 중 '식자재'를 판매·제공하는 매장,val,식자재,T4 구어·문장,a74a24ba-c3ac-4255-bbf1-d268ace5b988,향길쌀농산물,쌀,전주풍남문상점가,자율상권구역,전북특별자치도,,,
700df5e3617ef83ebfee,full_annotation_v1,A,q_식자재_10,쌀 살 데,식료품 중 '식자재'를 판매·제공하는 매장,val,식자재,T4 구어·문장,78ad8364-c305-4ba8-8772-da33d1fb90c1,좋은햇쌀,쌀,산정상인회 골목형상점가,골목형상점가,광주광역시,,,
c89e56216614a0f376ee,full_annotation_v1,A,q_식자재_10,쌀 살 데,식료품 중 '식자재'를 판매·제공하는 매장,val,식자재,T4 구어·문장,071a89e8-e152-443c-becd-5bdce801e483,공단양곡,쌀,팔달신시장,전통시장,대구광역시,,,
aee1b7c8ed7008d25dd6,full_annotation_v1,A,q_식자재_10,쌀 살 데,식료품 중 '식자재'를 판매·제공하는 매장,val,식자재,T4 구어·문장,4468f48e-6618-4759-a990-f3c5dc3f753d,동아상회,쌀,거창 전통시장,전통시장,경상남도,,,
e3d328f1c67da8137a3e,full_annotation_v1,A,q_식자재_10,쌀 살 데,식료품 중 '식자재'를 판매·제공하는 매장,val,식자재,T4 구어·문장,ab7b419c-bec5-4dde-b630-cd86cbcaaf15,중앙농산,쌀,송현시장,전통시장,인천광역시,,,
81f33e27c3f9f2dff5c0,full_annotation_v1,A,q_식자재_10,쌀 살 데,식료품 중 '식자재'를 판매·제공하는 매장,val,식자재,T4 구어·문장,96f153ab-129f-4b31-a3ad-b067bd2015db,우리 쌀 피자,,연희로 골목형상점가,골목형상점가,인천광역시,,,
8a7059b9f64f735528c9,full_annotation_v1,A,q_식자재_10,쌀 살 데,식료품 중 '식자재'를 판매·제공하는 매장,val,식자재,T4 구어·문장,cc8c178a-7f51-4f3e-a0ed-e73696ea94a5,송라시장쌀집,쌀,송라시장,전통시장,대구광역시,,,
e4a413b8ff889866ecaa,full_annotation_v1,A,q_식자재_10,쌀 살 데,식료품 중 '식자재'를 판매·제공하는 매장,val,식자재,T4 구어·문장,b5a9aa7d-8c8c-400b-a2a7-8c49ae06b0e6,강원미곡,쌀,횡성전통시장,전통시장,강원특별자치도,,,
a21c4444e73894e05d4b,full_annotation_v1,A,q_식자재_10,쌀 살 데,식료품 중 '식자재'를 판매·제공하는 매장,val,식자재,T4 구어·문장,bd009c48-e7be-44a7-a76a-8cc6eda16b8f,임자도이야기,한식,대광골목형상점가,골목형상점가,전라남도,,,
4ef0d79477335f9926e2,full_annotation_v1,A,q_식자재_10,쌀 살 데,식료품 중 '식자재'를 판매·제공하는 매장,val,식자재,T4 구어·문장,fa8f5a55-21b0-4826-8a7a-58aae99a27e8,공주네곳간,쌀,공주산성시장,전통시장,충청남도,,,
66211e7fd0af52dcd424,full_annotation_v1,A,q_식자재_10,쌀 살 데,식료품 중 '식자재'를 판매·제공하는 매장,val,식자재,T4 구어·문장,4868e4ed-e785-47d9-95a8-d47758894b96,보미상회,쌀,서남신시장,전통시장,대구광역시,,,
267af0bf819b11ffa075,full_annotation_v1,A,q_식자재_10,쌀 살 데,식료품 중 '식자재'를 판매·제공하는 매장,val,식자재,T4 구어·문장,04c905ba-3172-4ea4-a6dd-4345d674dea0,덕순이네,제조업(떡집),장터길 골목형상점가,골목형상점가,경기도,,,
d22e718629805a3a943a,full_annotation_v1,A,q_식자재_10,쌀 살 데,식료품 중 '식자재'를 판매·제공하는 매장,val,식자재,T4 구어·문장,e3ecc031-55bb-4bc1-8efb-3672e1d939ec,농산물직매장,쌀,전주신중앙시장(구 중앙버드나무시장),전통시장,전북특별자치도,,,
0ef091426a33207d16fa,full_annotation_v1,A,q_식자재_10,쌀 살 데,식료품 중 '식자재'를 판매·제공하는 매장,val,식자재,T4 구어·문장,49bd0226-04f6-42f9-aef8-e2e0ee03082c,거제쌀상회,쌀,마산어시장,전통시장,경상남도,,,
d6d717dbe1e58946cb22,full_annotation_v1,A,q_식자재_10,쌀 살 데,식료품 중 '식자재'를 판매·제공하는 매장,val,식자재,T4 구어·문장,a5df9465-85b5-422a-a68e-3bd891e736be,풍년,쌀,문산자유시장,전통시장,경기도,,,
1b9d22b240cffbb467ac,full_annotation_v1,A,q_식자재_10,쌀 살 데,식료품 중 '식자재'를 판매·제공하는 매장,val,식자재,T4 구어·문장,021bf03c-8b83-4288-89c5-15a4a162142b,신선식품,식자재,사천읍시장,전통시장,경상남도,,,
01896e7f9b7cbe9bad6d,full_annotation_v1,A,q_식자재_10,쌀 살 데,식료품 중 '식자재'를 판매·제공하는 매장,val,식자재,T4 구어·문장,c42cf47a-59f8-4789-8cff-dab098c55cf9,가온쌀유통,쌀,양산 남부시장상가,전통시장,경상남도,,,
e4e3f8318848c4d44afb,full_annotation_v1,A,q_식자재_10,쌀 살 데,식료품 중 '식자재'를 판매·제공하는 매장,val,식자재,T4 구어·문장,bad2ad85-9c57-4cc6-afed-2c96abfd452d,논산상회,쌀,후암시장,전통시장,서울특별시,,,
f759d884407ceb7534fa,full_annotation_v1,A,q_식자재_10,쌀 살 데,식료품 중 '식자재'를 판매·제공하는 매장,val,식자재,T4 구어·문장,c3b9503d-f54b-4704-92c2-9ba13d04c308,털보네농산,옥수수,칠성시장,전통시장,대구광역시,,,
fc5540582951019f33f7,full_annotation_v1,A,q_식자재_10,쌀 살 데,식료품 중 '식자재'를 판매·제공하는 매장,val,식자재,T4 구어·문장,002d0d06-15b2-463e-b789-b0232bcc6681,뚜레주르버들마을점,제과,버들마을상인회 골목형상점가,골목형상점가,광주광역시,,,
6bec2dc2f1608abe25da,full_annotation_v1,A,q_식자재_10,쌀 살 데,식료품 중 '식자재'를 판매·제공하는 매장,val,식자재,T4 구어·문장,03c63490-5a3c-4534-bcd9-c42d2bac5402,금판영농수산,쌀,매월동상인회 골목형상점가,골목형상점가,광주광역시,,,
988e38d15ad30b4d87de,full_annotation_v1,A,q_식자재_10,쌀 살 데,식료품 중 '식자재'를 판매·제공하는 매장,val,식자재,T4 구어·문장,011f646c-0d2f-4770-a90e-d5d39e580d38,올 푸드,식자재,두암시장,전통시장,광주광역시,,,
a7088ad2b2a87d1ca39f,full_annotation_v1,A,q_식자재_10,쌀 살 데,식료품 중 '식자재'를 판매·제공하는 매장,val,식자재,T4 구어·문장,cbe66c47-7a31-4118-90fc-dfad8f02eb32,부흥상회,쌀,부전상가시장,전통시장,부산광역시,,,
7065ac9e8383b1c15caf,full_annotation_v1,A,q_식자재_10,쌀 살 데,식료품 중 '식자재'를 판매·제공하는 매장,val,식자재,T4 구어·문장,01757e0a-7278-44bc-9fad-29595028ac3d,현대떡방앗간,방앗간,염매시장(의성중앙시장),전통시장,경상북도,,,
4e5ea18c88340376fb72,full_annotation_v1,A,q_식자재_10,쌀 살 데,식료품 중 '식자재'를 판매·제공하는 매장,val,식자재,T4 구어·문장,f6a277d5-dca8-4db1-87c5-75dbbf3f5282,다명상회,쌀,대전상가,전통시장,대전광역시,,,
1d8fcb0dcfb3c4541a0e,full_annotation_v1,A,q_식자재_10,쌀 살 데,식료품 중 '식자재'를 판매·제공하는 매장,val,식자재,T4 구어·문장,68328886-ebc5-496d-9026-e4af1d8d2f1a,광복쌀슈퍼,쌀,공주산성시장,전통시장,충청남도,,,
a809b3c6c471bf2ebad8,full_annotation_v1,A,q_식자재_10,쌀 살 데,식료품 중 '식자재'를 판매·제공하는 매장,val,식자재,T4 구어·문장,6835a331-dd56-4214-9889-29c7f561712e,모자쌀상회,쌀,광천문화시장,전통시장,충청남도,,,
eb65adad9a4febef54da,full_annotation_v1,A,q_식자재_10,쌀 살 데,식료품 중 '식자재'를 판매·제공하는 매장,val,식자재,T4 구어·문장,22922f35-9af0-4b43-9c4c-652aa40b4070,읍부리정미소,쌀,용궁시장,전통시장,경상북도,,,
a51529e5d7ce81aae73d,full_annotation_v1,A,q_식자재_10,쌀 살 데,식료품 중 '식자재'를 판매·제공하는 매장,val,식자재,T4 구어·문장,5f8487cf-c7ff-419b-bab8-56f03aa7e5af,시장쌀집,쌀,문경전통시장,전통시장,경상북도,,,
062e40ed079b90ba4302,full_annotation_v1,A,q_식자재_10,쌀 살 데,식료품 중 '식자재'를 판매·제공하는 매장,val,식자재,T4 구어·문장,00ec16f5-8b45-4af1-bb1b-6389f2412be8,수진식품,"참기름, 고추가루등",김해 진영전통시장,전통시장,경상남도,,,
c15d8a5b65e56f52673d,full_annotation_v1,A,q_식자재_10,쌀 살 데,식료품 중 '식자재'를 판매·제공하는 매장,val,식자재,T4 구어·문장,5395c261-5aa4-4a95-a878-c20cb026a0e3,자인2동5호쌀상회,쌀,자인공설시장,전통시장,경상북도,,,
400d0e9505f3652b6fae,full_annotation_v1,A,q_식자재_10,쌀 살 데,식료품 중 '식자재'를 판매·제공하는 매장,val,식자재,T4 구어·문장,2dd450ae-bcd3-462c-af36-afcf54081adc,일산상회,쌀,남이동길골목형상점가,골목형상점가,서울특별시,,,
279d3abe4cfcc2c372a2,full_annotation_v1,A,q_식자재_10,쌀 살 데,식료품 중 '식자재'를 판매·제공하는 매장,val,식자재,T4 구어·문장,0592f5f6-ae8d-491f-87e9-2021a00f4ae0,우리상회,곡물,상주중앙시장,전통시장,경상북도,,,
62cba6cd45f451a3e57c,full_annotation_v1,A,q_식자재_10,쌀 살 데,식료품 중 '식자재'를 판매·제공하는 매장,val,식자재,T4 구어·문장,071b5bd2-52aa-410d-9c03-cd05671001dd,행복의집,숙박업,대광골목형상점가,골목형상점가,전라남도,,,
ac34c0e0cce224062cc0,full_annotation_v1,A,q_식자재_10,쌀 살 데,식료품 중 '식자재'를 판매·제공하는 매장,val,식자재,T4 구어·문장,038cca40-2d2c-4beb-b897-44eaa285b599,대영상회,쌀,동두천큰시장,전통시장,경기도,,,
d364d80216812ed919f1,full_annotation_v1,A,q_식자재_10,쌀 살 데,식료품 중 '식자재'를 판매·제공하는 매장,val,식자재,T4 구어·문장,044b74fa-bb37-480b-8d36-3f7676cf2fb4,영진상회,곡물,청주육거리종합시장,전통시장,충청북도,,,
0ad01730baafd02cfc1f,full_annotation_v1,A,q_식자재_10,쌀 살 데,식료품 중 '식자재'를 판매·제공하는 매장,val,식자재,T4 구어·문장,001bc028-a43e-44d4-9682-db280a4998cc,파리바게뜨전주근영점,제과점,근영누리 골목형상점가,골목형상점가,전북특별자치도,,,
2b3eda034424178d4a68,full_annotation_v1,A,q_식자재_10,쌀 살 데,식료품 중 '식자재'를 판매·제공하는 매장,val,식자재,T4 구어·문장,54207e88-39d1-4a29-854a-e4fda51447ab,남도쌀집,쌀,진흥종합시장,전통시장,인천광역시,,,
b4f78630aff0d9db65df,full_annotation_v1,A,q_식자재_10,쌀 살 데,식료품 중 '식자재'를 판매·제공하는 매장,val,식자재,T4 구어·문장,62808ea9-1851-4c4f-a9a5-dcbe438da990,태양유통,쌀,안양남부시장,전통시장,경기도,,,
dafdc14fde5fcf9a9955,full_annotation_v1,A,q_식자재_10,쌀 살 데,식료품 중 '식자재'를 판매·제공하는 매장,val,식자재,T4 구어·문장,00eca8e7-b158-4572-b540-c241f4ad2546,거창상회,식자재,충무동 새벽시장,전통시장,부산광역시,,,
45b10c717756071ba9de,full_annotation_v1,A,q_식자재_10,쌀 살 데,식료품 중 '식자재'를 판매·제공하는 매장,val,식자재,T4 구어·문장,d632e56f-1503-4202-8d92-af94aa217921,대명농산,쌀,덕신2차시장,전통시장,울산광역시,,,
c2f14620508305594a45,full_annotation_v1,A,q_식자재_10,쌀 살 데,식료품 중 '식자재'를 판매·제공하는 매장,val,식자재,T4 구어·문장,20ce83c5-06d5-4898-98a0-b450dd15978f,안계쌀집,쌀,팔달신시장,전통시장,대구광역시,,,
e6846dff83eb6b504194,full_annotation_v1,A,q_식자재_10,쌀 살 데,식료품 중 '식자재'를 판매·제공하는 매장,val,식자재,T4 구어·문장,1a6202fa-fbc7-406e-8e27-bdf798794b3f,모래내쌀집,쌀,전주모래내시장,전통시장,전북특별자치도,,,
d84ffc3fa481461ea835,full_annotation_v1,A,q_식자재_10,쌀 살 데,식료품 중 '식자재'를 판매·제공하는 매장,val,식자재,T4 구어·문장,dfb5b879-9eee-40be-90ae-572eea01be53,풍국쌀,쌀 잡곡,신매시장,전통시장,대구광역시,,,
901a7f7ebcd8c7cf489f,full_annotation_v1,A,q_식자재_10,쌀 살 데,식료품 중 '식자재'를 판매·제공하는 매장,val,식자재,T4 구어·문장,aba76fc2-984e-4030-ba01-e2e7d78264c7,데 아로즈 대전둔산본점,,갈리단길 골목형상점가,골목형상점가,대전광역시,,,
d632a6d6ca8fb41e2f1a,full_annotation_v1,A,q_식자재_10,쌀 살 데,식료품 중 '식자재'를 판매·제공하는 매장,val,식자재,T4 구어·문장,f6dacc3d-b174-4793-9ac7-f7c3306e6f37,팔팔쌀집,쌀,전포놀이터시장,전통시장,부산광역시,,,
735502e6f7fe0e019302,full_annotation_v1,A,q_식자재_10,쌀 살 데,식료품 중 '식자재'를 판매·제공하는 매장,val,식자재,T4 구어·문장,35cb247d-3e4f-43b1-ae38-da17d45a9bfd,랜드로바홍성대리점,"양화, 등산장비",홍성명동상가,자율상권구역,충청남도,,,
67d93c9ab190d2e1b289,full_annotation_v1,A,q_식자재_10,쌀 살 데,식료품 중 '식자재'를 판매·제공하는 매장,val,식자재,T4 구어·문장,78c8a54f-75ee-4473-9b0b-d7700a69c72a,한성쌀집,쌀,용현시장,전통시장,인천광역시,,,
260ad7ac4d07395eac77,full_annotation_v1,A,q_식자재_10,쌀 살 데,식료품 중 '식자재'를 판매·제공하는 매장,val,식자재,T4 구어·문장,8293eee6-9e3e-423a-b0ae-4fe7b1864c91,삼성상회,식품,남대문시장,전통시장,서울특별시,,,
f1e3c0b6a56be7adcd67,full_annotation_v1,A,q_식자재_10,쌀 살 데,식료품 중 '식자재'를 판매·제공하는 매장,val,식자재,T4 구어·문장,23d26521-0a0d-4e6a-9287-d44d8e5ab581,육식사관학교광주동구점,한식,전남여고후문 골목형상점가,골목형상점가,광주광역시,,,
07074ac000c41c8bdaba,full_annotation_v1,A,q_식자재_10,쌀 살 데,식료품 중 '식자재'를 판매·제공하는 매장,val,식자재,T4 구어·문장,e3dbcc9f-0d99-469c-99f2-663d879857d7,쌀돌이건어물,쌀,운수대통!생거진천전통시장,전통시장,충청북도,,,
074e6d5dfb5a524aa4ef,full_annotation_v1,A,q_식자재_10,쌀 살 데,식료품 중 '식자재'를 판매·제공하는 매장,val,식자재,T4 구어·문장,00e30e5a-4662-4e65-9b6c-dd704886f1af,믿음떡집,떡방앗간,문창시장,전통시장,대전광역시,,,
ba10beecec61d2f471c5,full_annotation_v1,A,q_식자재_10,쌀 살 데,식료품 중 '식자재'를 판매·제공하는 매장,val,식자재,T4 구어·문장,1e4bccf2-bb3a-4679-8f8a-e8197ccd49e7,백년지기황토쌀,쌀,서변중앙시장,전통시장,대구광역시,,,
bdc558510dc0eb65dd87,full_annotation_v1,A,q_식자재_10,쌀 살 데,식료품 중 '식자재'를 판매·제공하는 매장,val,식자재,T4 구어·문장,d955212f-65a7-4188-8fd5-ec3850624390,시범쌀상회,쌀,송화벽화시장,전통시장,서울특별시,,,
e147f1c2dcc74b8c083e,full_annotation_v1,A,q_식자재_10,쌀 살 데,식료품 중 '식자재'를 판매·제공하는 매장,val,식자재,T4 구어·문장,a8d621e6-4a98-4f91-8c2f-821dcc490ebf,시장쌀집,쌀,오천시장,전통시장,경상북도,,,
916d86ee62c8f4bf0026,full_annotation_v1,A,q_식자재_10,쌀 살 데,식료품 중 '식자재'를 판매·제공하는 매장,val,식자재,T4 구어·문장,47814469-adc6-47a8-8b41-875c1976c3e9,가좌쌀집,쌀,가좌시장,전통시장,인천광역시,,,
f6923d94a63876632adc,full_annotation_v1,A,q_식자재_10,쌀 살 데,식료품 중 '식자재'를 판매·제공하는 매장,val,식자재,T4 구어·문장,54f77a46-b6d5-4b0a-89d0-aa845de7f842,송림상회,쌀,현대시장,전통시장,인천광역시,,,
73926762abc87e7355ab,full_annotation_v1,A,q_식자재_10,쌀 살 데,식료품 중 '식자재'를 판매·제공하는 매장,val,식자재,T4 구어·문장,03e3e424-656a-46ea-82b7-21bcc07cae47,초왕상회,"곡물, 농산물",전주남부시장,전통시장,전북특별자치도,,,
3c8dffbe2d938d8910dd,full_annotation_v1,A,q_식자재_10,쌀 살 데,식료품 중 '식자재'를 판매·제공하는 매장,val,식자재,T4 구어·문장,e7d8a279-d33d-438a-966a-6ebc5aa5217b,문창쌀상회,쌀,문창시장,전통시장,대전광역시,,,
899a11a740247f9ea42b,full_annotation_v1,A,q_식자재_10,쌀 살 데,식료품 중 '식자재'를 판매·제공하는 매장,val,식자재,T4 구어·문장,4fb71ad2-205f-4019-bc82-5a12e0896469,내고향쌀,쌀,감호시장,전통시장,경상북도,,,
c6a12be8fe40435b838f,full_annotation_v1,A,q_식자재_10,쌀 살 데,식료품 중 '식자재'를 판매·제공하는 매장,val,식자재,T4 구어·문장,0b087499-243e-445b-99c4-930ac0564f28,농협쌀직판장,쌀,오정시장,전통시장,경기도,,,
f7e908bc7cb9bd5fbad1,full_annotation_v1,A,q_식자재_11,쌀 파는 곳,식료품 중 '식자재'를 판매·제공하는 매장,val,식자재,T4 구어·문장,011f646c-0d2f-4770-a90e-d5d39e580d38,올 푸드,식자재,두암시장,전통시장,광주광역시,,,
317b5631601e48fcf722,full_annotation_v1,A,q_식자재_11,쌀 파는 곳,식료품 중 '식자재'를 판매·제공하는 매장,val,식자재,T4 구어·문장,06bbe239-5774-4794-91c3-b45901659200,성진상회,식용유,고성시장,전통시장,경상남도,,,
d3cb91ab7579cc1c6ef2,full_annotation_v1,A,q_식자재_11,쌀 파는 곳,식료품 중 '식자재'를 판매·제공하는 매장,val,식자재,T4 구어·문장,00eca8e7-b158-4572-b540-c241f4ad2546,거창상회,식자재,충무동 새벽시장,전통시장,부산광역시,,,
6c965e538c3a1481a154,full_annotation_v1,A,q_식자재_11,쌀 파는 곳,식료품 중 '식자재'를 판매·제공하는 매장,val,식자재,T4 구어·문장,a5df9465-85b5-422a-a68e-3bd891e736be,풍년,쌀,문산자유시장,전통시장,경기도,,,
083060286276d13275ee,full_annotation_v1,A,q_식자재_11,쌀 파는 곳,식료품 중 '식자재'를 판매·제공하는 매장,val,식자재,T4 구어·문장,01e4cef2-9c12-4be0-9c3e-5a09ab67f7f5,대명제유,"고추, 기름",의정부제일시장,전통시장,경기도,,,
2ea19518be642efd598b,full_annotation_v1,A,q_식자재_11,쌀 파는 곳,식료품 중 '식자재'를 판매·제공하는 매장,val,식자재,T4 구어·문장,5395c261-5aa4-4a95-a878-c20cb026a0e3,자인2동5호쌀상회,쌀,자인공설시장,전통시장,경상북도,,,
fd67ba91536c7738cd5d,full_annotation_v1,A,q_식자재_11,쌀 파는 곳,식료품 중 '식자재'를 판매·제공하는 매장,val,식자재,T4 구어·문장,231a0bf6-addc-4aef-b5b8-ab4e7b212ba7,여주상회,쌀,송도역전시장,전통시장,인천광역시,,,
b774f4c235c3ae900ba0,full_annotation_v1,A,q_식자재_11,쌀 파는 곳,식료품 중 '식자재'를 판매·제공하는 매장,val,식자재,T4 구어·문장,adf72628-abe5-47a4-9cb7-b0883792efdf,할머니상회,쌀,영동전통시장,전통시장,서울특별시,,,
08a4fa192db53f8d9ade,full_annotation_v1,A,q_식자재_11,쌀 파는 곳,식료품 중 '식자재'를 판매·제공하는 매장,val,식자재,T4 구어·문장,cc8c178a-7f51-4f3e-a0ed-e73696ea94a5,송라시장쌀집,쌀,송라시장,전통시장,대구광역시,,,
a0aad4a116e4d980b65c,full_annotation_v1,A,q_식자재_11,쌀 파는 곳,식료품 중 '식자재'를 판매·제공하는 매장,val,식자재,T4 구어·문장,dcb2aca7-038f-4e5b-af54-27906b7a012b,강화청원농협쌀직판장,쌀,계산시장,전통시장,인천광역시,,,
f32aaa1d088875ce5a46,full_annotation_v1,A,q_식자재_11,쌀 파는 곳,식료품 중 '식자재'를 판매·제공하는 매장,val,식자재,T4 구어·문장,51f3f304-586e-42a8-a4a0-2bede24ee9f5,여주농산,쌀,문막시장,전통시장,강원특별자치도,,,
08d093fd14ce7fb756df,full_annotation_v1,A,q_식자재_11,쌀 파는 곳,식료품 중 '식자재'를 판매·제공하는 매장,val,식자재,T4 구어·문장,001bc028-a43e-44d4-9682-db280a4998cc,파리바게뜨전주근영점,제과점,근영누리 골목형상점가,골목형상점가,전북특별자치도,,,
8e102896ae78a1813d4a,full_annotation_v1,A,q_식자재_11,쌀 파는 곳,식료품 중 '식자재'를 판매·제공하는 매장,val,식자재,T4 구어·문장,023e47e8-7973-4e3d-95f3-f6bf168360f0,(주)동양종합유통,식자재,양동건어물시장,전통시장,광주광역시,,,
cb3dfaa9085c4b470051,full_annotation_v1,A,q_식자재_11,쌀 파는 곳,식료품 중 '식자재'를 판매·제공하는 매장,val,식자재,T4 구어·문장,9fdd185a-663e-4cd4-b79f-aaa3ad7ff3b7,대광상회,쌀,성동용답상가시장,전통시장,서울특별시,,,
4772b36c1faf93d6be72,full_annotation_v1,A,q_식자재_11,쌀 파는 곳,식료품 중 '식자재'를 판매·제공하는 매장,val,식자재,T4 구어·문장,54207e88-39d1-4a29-854a-e4fda51447ab,남도쌀집,쌀,진흥종합시장,전통시장,인천광역시,,,
5f6b95b1dd41471af0ac,full_annotation_v1,A,q_식자재_11,쌀 파는 곳,식료품 중 '식자재'를 판매·제공하는 매장,val,식자재,T4 구어·문장,ccf356d2-06e9-4284-abbd-33b61d276a80,대영상회,쌀,청량리전통시장,전통시장,서울특별시,,,
c908c02e3e1a63ff34e3,full_annotation_v1,A,q_식자재_11,쌀 파는 곳,식료품 중 '식자재'를 판매·제공하는 매장,val,식자재,T4 구어·문장,034f637f-e1c0-4e3c-99a7-eb7c8deb055a,청풍상회,곡물,내토전통시장,전통시장,충청북도,,,
6f2b2b5fc2d9f3f10811,full_annotation_v1,A,q_식자재_11,쌀 파는 곳,식료품 중 '식자재'를 판매·제공하는 매장,val,식자재,T4 구어·문장,5723d922-e55c-46bc-a5b9-846ba2afdf5d,커피파는 집,,거제 성포 골목형상점가,골목형상점가,경상남도,,,
dee9606b130c12f9026d,full_annotation_v1,A,q_식자재_11,쌀 파는 곳,식료품 중 '식자재'를 판매·제공하는 매장,val,식자재,T4 구어·문장,49bd0226-04f6-42f9-aef8-e2e0ee03082c,거제쌀상회,쌀,마산어시장,전통시장,경상남도,,,
7196f666c669e26d7529,full_annotation_v1,A,q_식자재_11,쌀 파는 곳,식료품 중 '식자재'를 판매·제공하는 매장,val,식자재,T4 구어·문장,092868ef-cdbe-426a-8e04-c1862bac5076,익산바이오,식용유,세종전통시장,전통시장,세종특별자치시,,,
01ab87f32c70ec827294,full_annotation_v1,A,q_식자재_11,쌀 파는 곳,식료품 중 '식자재'를 판매·제공하는 매장,val,식자재,T4 구어·문장,015915e3-2542-4245-b627-0c775b4c5501,한내떡집,,거제 고현시장,전통시장,경상남도,,,
440ad1cfaf4220566bda,full_annotation_v1,A,q_식자재_11,쌀 파는 곳,식료품 중 '식자재'를 판매·제공하는 매장,val,식자재,T4 구어·문장,022ece99-80e4-453c-91c0-f46f8527e7ab,구즉방아간,방앗간,송강전통시장,전통시장,대전광역시,,,
a22b51050f00840bafab,full_annotation_v1,A,q_식자재_11,쌀 파는 곳,식료품 중 '식자재'를 판매·제공하는 매장,val,식자재,T4 구어·문장,399a7cdd-d578-45e5-875c-82fdf1571d7c,한일쌀상회,쌀,학성새벽시장,전통시장,울산광역시,,,
0a1a008c07c4710443e8,full_annotation_v1,A,q_식자재_11,쌀 파는 곳,식료품 중 '식자재'를 판매·제공하는 매장,val,식자재,T4 구어·문장,0017714f-cbac-4f85-a148-338ddcefe41c,유수담,"쌀, 계란, 신선식품",익산북부시장,전통시장,전북특별자치도,,,
5f33d9e5e11bc6ef6eff,full_annotation_v1,A,q_식자재_11,쌀 파는 곳,식료품 중 '식자재'를 판매·제공하는 매장,val,식자재,T4 구어·문장,3321af51-e75a-4330-b79e-5da6fe466c8d,대풍상회,쌀,평택통복시장,전통시장,경기도,,,
cbf619170fcd07f3a0cf,full_annotation_v1,A,q_식자재_11,쌀 파는 곳,식료품 중 '식자재'를 판매·제공하는 매장,val,식자재,T4 구어·문장,be9f8c61-892c-48ed-a49d-b63bd032c025,소곳,의류,고투몰(강남터미널지하도상점가),일반지하상점가,서울특별시,,,
a379dcd37c47e85a0793,full_annotation_v1,A,q_식자재_11,쌀 파는 곳,식료품 중 '식자재'를 판매·제공하는 매장,val,식자재,T4 구어·문장,04c905ba-3172-4ea4-a6dd-4345d674dea0,덕순이네,제조업(떡집),장터길 골목형상점가,골목형상점가,경기도,,,
dcdc94d6b0dad73f9443,full_annotation_v1,A,q_식자재_11,쌀 파는 곳,식료품 중 '식자재'를 판매·제공하는 매장,val,식자재,T4 구어·문장,14e8778e-c28c-4184-a6e9-0b40e01693ea,대흥상회,쌀,영주골목시장,전통시장,경상북도,,,
2f65ca9b1e439d13ceb3,full_annotation_v1,A,q_식자재_11,쌀 파는 곳,식료품 중 '식자재'를 판매·제공하는 매장,val,식자재,T4 구어·문장,6366963d-59e9-41e3-b1f6-22f02e7d9b9e,천안쌀상회,쌀,아차산등산로골목형상점가,골목형상점가,서울특별시,,,
848dff77f620a824197b,full_annotation_v1,A,q_식자재_11,쌀 파는 곳,식료품 중 '식자재'를 판매·제공하는 매장,val,식자재,T4 구어·문장,c1a630cd-a806-4fbc-a167-8c3ac410a797,넘버스148,천연수제비누,오목내길골목형상점가,골목형상점가,서울특별시,,,
f23ca71bb8059c0d463b,full_annotation_v1,A,q_식자재_11,쌀 파는 곳,식료품 중 '식자재'를 판매·제공하는 매장,val,식자재,T4 구어·문장,47814469-adc6-47a8-8b41-875c1976c3e9,가좌쌀집,쌀,가좌시장,전통시장,인천광역시,,,
84c14f997e9392be38d8,full_annotation_v1,A,q_식자재_11,쌀 파는 곳,식료품 중 '식자재'를 판매·제공하는 매장,val,식자재,T4 구어·문장,008d07a3-ba18-4806-9ec7-48c0adb25276,아빠네 빵집,제과제빵,신창수문 골목형상점가,골목형상점가,광주광역시,,,
5e6a19b3ed052bd5e7b0,full_annotation_v1,A,q_식자재_11,쌀 파는 곳,식료품 중 '식자재'를 판매·제공하는 매장,val,식자재,T4 구어·문장,2a30f6e4-0d5b-493e-9ba3-2ce7f73caaf1,영천상회,쌀,부전농수산물새벽시장,전통시장,부산광역시,,,
d09b9550551d904193f5,full_annotation_v1,A,q_식자재_11,쌀 파는 곳,식료품 중 '식자재'를 판매·제공하는 매장,val,식자재,T4 구어·문장,00bf0e58-0696-472a-8a12-945c44dc9435,오복상회,쌀,백년시장(구 강북종합전통시장),전통시장,서울특별시,,,
38334b3e0fca489381e0,full_annotation_v1,A,q_식자재_11,쌀 파는 곳,식료품 중 '식자재'를 판매·제공하는 매장,val,식자재,T4 구어·문장,cb19525f-a770-4337-8ba8-90957d31d84a,주식회사 한얼홀딩스(한얼키친),피자배달 옛날통닭 탄두리탕수육,염주먹자골목A구역상인회 골목형상점가,골목형상점가,광주광역시,,,
0e1acaf46fcee0b6eb78,full_annotation_v1,A,q_식자재_11,쌀 파는 곳,식료품 중 '식자재'를 판매·제공하는 매장,val,식자재,T4 구어·문장,df7fab16-16bd-4d3f-8610-4aec16703190,동부양곡,쌀,진주 자유시장,전통시장,경상남도,,,
63c385c8e5a28c0aa091,full_annotation_v1,A,q_식자재_11,쌀 파는 곳,식료품 중 '식자재'를 판매·제공하는 매장,val,식자재,T4 구어·문장,1d18ba60-d612-4b52-906a-51396374eeae,부흥상사,쌀,오정동상점가,자율상권구역,대전광역시,,,
b7f5d1d2dcfd0f2ca41c,full_annotation_v1,A,q_식자재_11,쌀 파는 곳,식료품 중 '식자재'를 판매·제공하는 매장,val,식자재,T4 구어·문장,03c63490-5a3c-4534-bcd9-c42d2bac5402,금판영농수산,쌀,매월동상인회 골목형상점가,골목형상점가,광주광역시,,,
28988522192aaa19d8df,full_annotation_v1,A,q_식자재_11,쌀 파는 곳,식료품 중 '식자재'를 판매·제공하는 매장,val,식자재,T4 구어·문장,2743811c-5e71-4d2b-aa75-1b0147d44f2d,사우 꽃이 피는 곳,꽃,김포 풍년마을 골목형상점가,골목형상점가,경기도,,,
47e0fa7ef55e56a1688e,full_annotation_v1,A,q_식자재_11,쌀 파는 곳,식료품 중 '식자재'를 판매·제공하는 매장,val,식자재,T4 구어·문장,5f59c153-0ca4-4ba4-9f1c-e59663f9e5e2,꽃파는 카페 가배화,꽃가게,맛조이상인회 골목형상점가,골목형상점가,광주광역시,,,
023a8c9648d23b8d8e07,full_annotation_v1,A,q_식자재_11,쌀 파는 곳,식료품 중 '식자재'를 판매·제공하는 매장,val,식자재,T4 구어·문장,f6dacc3d-b174-4793-9ac7-f7c3306e6f37,팔팔쌀집,쌀,전포놀이터시장,전통시장,부산광역시,,,
b950585703b2b29ddbf2,full_annotation_v1,A,q_식자재_11,쌀 파는 곳,식료품 중 '식자재'를 판매·제공하는 매장,val,식자재,T4 구어·문장,08434eac-bf1f-45fa-89ba-a6637d9d6e56,강화상회,쌀,대조시장,전통시장,서울특별시,,,
0fca62a88c1fbba6dd41,full_annotation_v1,A,q_식자재_11,쌀 파는 곳,식료품 중 '식자재'를 판매·제공하는 매장,val,식자재,T4 구어·문장,56327711-6ce1-4161-8ed1-e6592119c584,충남상회,쌀,루원이음길 골목형상점가,골목형상점가,인천광역시,,,
cba3aac229788d0c1c7b,full_annotation_v1,A,q_식자재_11,쌀 파는 곳,식료품 중 '식자재'를 판매·제공하는 매장,val,식자재,T4 구어·문장,023b2cb4-7f9e-4b85-9888-474ee933954a,산척제유소,방앗간,충주자유시장,전통시장,충청북도,,,
1ae223e4fbe74e21b974,full_annotation_v1,A,q_식자재_11,쌀 파는 곳,식료품 중 '식자재'를 판매·제공하는 매장,val,식자재,T4 구어·문장,0406ed16-445f-4c4a-a7e0-12097f3895dd,신토불이쌀,쌀,성대시장골목형상점가,골목형상점가,서울특별시,,,
9ca39a794ffb855ca753,full_annotation_v1,A,q_식자재_11,쌀 파는 곳,식료품 중 '식자재'를 판매·제공하는 매장,val,식자재,T4 구어·문장,ffb5a1f9-3c21-4a6d-8951-ce7868f81325,초록쌀유통,쌀,청주사창시장,전통시장,충청북도,,,
f6154d62d574d35fd2ff,full_annotation_v1,A,q_식자재_11,쌀 파는 곳,식료품 중 '식자재'를 판매·제공하는 매장,val,식자재,T4 구어·문장,044b74fa-bb37-480b-8d36-3f7676cf2fb4,영진상회,곡물,청주육거리종합시장,전통시장,충청북도,,,
e6a2330a166259794299,full_annotation_v1,A,q_식자재_11,쌀 파는 곳,식료품 중 '식자재'를 판매·제공하는 매장,val,식자재,T4 구어·문장,94fb7ebc-3964-413f-9b1e-7a3a95a37f43,영선쌀상회,쌀,남항시장,전통시장,부산광역시,,,
dc6b9678b2d2c7201e1f,full_annotation_v1,A,q_식자재_11,쌀 파는 곳,식료품 중 '식자재'를 판매·제공하는 매장,val,식자재,T4 구어·문장,36e658cc-9921-456f-9733-9d102de9f5aa,CU신안중앙점,일상생활용품,신안 삼대마을 골목형상점가,골목형상점가,광주광역시,,,
cd9005ce490f08dc2a94,full_annotation_v1,A,q_식자재_11,쌀 파는 곳,식료품 중 '식자재'를 판매·제공하는 매장,val,식자재,T4 구어·문장,20ce83c5-06d5-4898-98a0-b450dd15978f,안계쌀집,쌀,팔달신시장,전통시장,대구광역시,,,
6f08a02430edf354d5c6,full_annotation_v1,A,q_식자재_11,쌀 파는 곳,식료품 중 '식자재'를 판매·제공하는 매장,val,식자재,T4 구어·문장,0592f5f6-ae8d-491f-87e9-2021a00f4ae0,우리상회,곡물,상주중앙시장,전통시장,경상북도,,,
b36b984958c78e2f5691,full_annotation_v1,A,q_식자재_11,쌀 파는 곳,식료품 중 '식자재'를 판매·제공하는 매장,val,식자재,T4 구어·문장,358b31c1-caba-413e-b48c-050fcce10157,행복유통,쌀,군산신영시장,전통시장,전북특별자치도,,,
bb61e902f50e3241587b,full_annotation_v1,A,q_식자재_11,쌀 파는 곳,식료품 중 '식자재'를 판매·제공하는 매장,val,식자재,T4 구어·문장,b5a9aa7d-8c8c-400b-a2a7-8c49ae06b0e6,강원미곡,쌀,횡성전통시장,전통시장,강원특별자치도,,,
1b2427f386a2792bc771,full_annotation_v1,A,q_식자재_11,쌀 파는 곳,식료품 중 '식자재'를 판매·제공하는 매장,val,식자재,T4 구어·문장,26cf948b-cb19-42a2-91b4-c149e8a49d5d,장터야채,쌀,춘천풍물시장,전통시장,강원특별자치도,,,
b48e9608419908c34229,full_annotation_v1,A,q_식자재_11,쌀 파는 곳,식료품 중 '식자재'를 판매·제공하는 매장,val,식자재,T4 구어·문장,bf13ab60-2924-4a3a-8435-e6dcabc6482f,성진,소매업(의류),구리전통시장,전통시장,경기도,,,
f971b25a5eca4c8ef532,full_annotation_v1,A,q_식자재_11,쌀 파는 곳,식료품 중 '식자재'를 판매·제공하는 매장,val,식자재,T4 구어·문장,013444f9-7e9b-4640-84f0-43ac071ef57f,대림고추방아,"고추가루, 기름",부천강남시장,전통시장,경기도,,,
6fee976fa9abba3e5a37,full_annotation_v1,A,q_식자재_11,쌀 파는 곳,식료품 중 '식자재'를 판매·제공하는 매장,val,식자재,T4 구어·문장,2a75bae5-1c1d-4c11-843f-20409404bd91,빅세일마트,쌀,창원 도계부부시장,전통시장,경상남도,,,
118a39e7269a75f2ea99,full_annotation_v1,A,q_식자재_11,쌀 파는 곳,식료품 중 '식자재'를 판매·제공하는 매장,val,식자재,T4 구어·문장,03e3e424-656a-46ea-82b7-21bcc07cae47,초왕상회,"곡물, 농산물",전주남부시장,전통시장,전북특별자치도,,,
0a2a9992149488796159,full_annotation_v1,A,q_식자재_11,쌀 파는 곳,식료품 중 '식자재'를 판매·제공하는 매장,val,식자재,T4 구어·문장,002d0d06-15b2-463e-b789-b0232bcc6681,뚜레주르버들마을점,제과,버들마을상인회 골목형상점가,골목형상점가,광주광역시,,,
29c12457db6412005f01,full_annotation_v1,A,q_식자재_11,쌀 파는 곳,식료품 중 '식자재'를 판매·제공하는 매장,val,식자재,T4 구어·문장,a4a54fb9-5194-4c6e-bf4d-2a5459fa9c0d,88농산쌀직판장,쌀,삼각지맛길 골목형상점가,골목형상점가,대구광역시,,,
52c55772fbd206427e15,full_annotation_v1,A,q_식자재_11,쌀 파는 곳,식료품 중 '식자재'를 판매·제공하는 매장,val,식자재,T4 구어·문장,fdbe0dbf-45f7-4289-a9fb-494529f3c8d1,인덕상회,쌀,우일시장,기타,부산광역시,,,
7ef4cf3753ed844f99d9,full_annotation_v1,A,q_식자재_11,쌀 파는 곳,식료품 중 '식자재'를 판매·제공하는 매장,val,식자재,T4 구어·문장,01859206-536a-40a7-be1e-c8610663a665,동원참기름,참기름,안강공설시장,전통시장,경상북도,,,
723ba4d5273eb45e3727,full_annotation_v1,A,q_식자재_11,쌀 파는 곳,식료품 중 '식자재'를 판매·제공하는 매장,val,식자재,T4 구어·문장,bccb69b9-cc8f-48f3-8bc0-056647103e4f,금자씨네 한우국밥,,송촌동상점가,자율상권구역,대전광역시,,,
28695f069b9790478b81,full_annotation_v1,A,q_식자재_11,쌀 파는 곳,식료품 중 '식자재'를 판매·제공하는 매장,val,식자재,T4 구어·문장,7992a4c9-535e-4e8a-90f3-a6df8a6fe4ee,강원지업사,벽지,원주남부시장,전통시장,강원특별자치도,,,
a86f2e25262053c84ea9,full_annotation_v1,A,q_식자재_11,쌀 파는 곳,식료품 중 '식자재'를 판매·제공하는 매장,val,식자재,T4 구어·문장,00e80339-1353-4885-81d7-0746a437abb2,포식 용인한숲시티점,쌀국수 돈까스 함박스테이크,남사한숲 골목형상점가,골목형상점가,경기도,,,
667e988e75210f8984a6,full_annotation_v1,A,q_식자재_11,쌀 파는 곳,식료품 중 '식자재'를 판매·제공하는 매장,val,식자재,T4 구어·문장,4f147ec6-7182-4475-b550-bd2e8a956a99,의성쌀농사,쌀,구역전시장,전통시장,울산광역시,,,
6d6c1d7634de4f021196,full_annotation_v1,A,q_식자재_11,쌀 파는 곳,식료품 중 '식자재'를 판매·제공하는 매장,val,식자재,T4 구어·문장,7757e215-5281-40ed-bb0d-e42749134e1a,미소농산,쌀,오정동상점가,자율상권구역,대전광역시,,,
4d616049ac8802dd65da,full_annotation_v1,A,q_식자재_11,쌀 파는 곳,식료품 중 '식자재'를 판매·제공하는 매장,val,식자재,T4 구어·문장,2dd450ae-bcd3-462c-af36-afcf54081adc,일산상회,쌀,남이동길골목형상점가,골목형상점가,서울특별시,,,
bb3aec4eb2d3b9a18811,full_annotation_v1,A,q_식자재_11,쌀 파는 곳,식료품 중 '식자재'를 판매·제공하는 매장,val,식자재,T4 구어·문장,038cca40-2d2c-4beb-b897-44eaa285b599,대영상회,쌀,동두천큰시장,전통시장,경기도,,,
ca04bae00a9438612b07,full_annotation_v1,A,q_식자재_11,쌀 파는 곳,식료품 중 '식자재'를 판매·제공하는 매장,val,식자재,T4 구어·문장,bad2ad85-9c57-4cc6-afed-2c96abfd452d,논산상회,쌀,후암시장,전통시장,서울특별시,,,
c513e521a1e3aadb383f,full_annotation_v1,A,q_식자재_11,쌀 파는 곳,식료품 중 '식자재'를 판매·제공하는 매장,val,식자재,T4 구어·문장,4468f48e-6618-4759-a990-f3c5dc3f753d,동아상회,쌀,거창 전통시장,전통시장,경상남도,,,
9f93ee04b9ae98c99dad,full_annotation_v1,A,q_식자재_11,쌀 파는 곳,식료품 중 '식자재'를 판매·제공하는 매장,val,식자재,T4 구어·문장,88758db8-4427-4c1c-9860-d476d1499408,한빛쌀고추방앗간,쌀,동울산만세대 골목형상점가,골목형상점가,울산광역시,,,
98350816aa27bc76f550,full_annotation_v1,A,q_식자재_11,쌀 파는 곳,식료품 중 '식자재'를 판매·제공하는 매장,val,식자재,T4 구어·문장,bdc21780-d0e7-42c7-82bf-31b8017fc849,여수쌀집,쌀,광양매일시장(광양상설시장),전통시장,전라남도,,,
b9cc458fb60696bea2d3,full_annotation_v1,A,q_식자재_11,쌀 파는 곳,식료품 중 '식자재'를 판매·제공하는 매장,val,식자재,T4 구어·문장,815f44dd-243d-4f84-bf4a-7fa9bddb6d18,충남쌀상회,쌀,구월시장,전통시장,인천광역시,,,
b3da6048341c031a9a65,full_annotation_v1,A,q_식자재_11,쌀 파는 곳,식료품 중 '식자재'를 판매·제공하는 매장,val,식자재,T4 구어·문장,a74a24ba-c3ac-4255-bbf1-d268ace5b988,향길쌀농산물,쌀,전주풍남문상점가,자율상권구역,전북특별자치도,,,
55c47e9a3dd618d9681c,full_annotation_v1,A,q_식자재_11,쌀 파는 곳,식료품 중 '식자재'를 판매·제공하는 매장,val,식자재,T4 구어·문장,5e18d0d5-e3f4-47f9-b233-7709e25ead29,창신상회,쌀,연산골목시장상점가,자율상권구역,부산광역시,,,
b5cc216e7cf04720a1ad,full_annotation_v1,A,q_식자재_11,쌀 파는 곳,식료품 중 '식자재'를 판매·제공하는 매장,val,식자재,T4 구어·문장,0b8ef6dc-2f6b-4707-bd73-529122d9c97a,하단떡집,떡집,하단오일상설시장,전통시장,부산광역시,,,
ac7fe8b48f300d2f8669,full_annotation_v1,A,q_식자재_11,쌀 파는 곳,식료품 중 '식자재'를 판매·제공하는 매장,val,식자재,T4 구어·문장,9f39d3e1-3548-48f9-8671-d6f51ab479a0,풍년방앗간,쌀,안양관양시장,전통시장,경기도,,,
7ece8b251b4beb00dcdb,full_annotation_v1,A,q_식자재_11,쌀 파는 곳,식료품 중 '식자재'를 판매·제공하는 매장,val,식자재,T4 구어·문장,6835a331-dd56-4214-9889-29c7f561712e,모자쌀상회,쌀,광천문화시장,전통시장,충청남도,,,
8b4a0e2e35453b9b0463,full_annotation_v1,A,q_식자재_11,쌀 파는 곳,식료품 중 '식자재'를 판매·제공하는 매장,val,식자재,T4 구어·문장,4bfdcc00-2983-4521-9985-158a67c76be9,농업회사법인주식회사아지아농산,쌀,서대구시장,전통시장,대구광역시,,,
6f14ab3e81074a094f6f,full_annotation_v1,A,q_식자재_11,쌀 파는 곳,식료품 중 '식자재'를 판매·제공하는 매장,val,식자재,T4 구어·문장,01a5f192-c482-46e3-8b58-5358216d0749,풍전기름집,참기름,화곡본동시장,전통시장,서울특별시,,,
4501bb467182e4547b36,full_annotation_v1,A,q_식자재_11,쌀 파는 곳,식료품 중 '식자재'를 판매·제공하는 매장,val,식자재,T4 구어·문장,02223ab5-044d-40ad-8cc7-838ed325ada0,상옥쌀상회,쌀,영일대북부시장(구 북부시장),전통시장,경상북도,,,
dedbd1c58efa5fe5fc63,full_annotation_v1,A,q_식자재_11,쌀 파는 곳,식료품 중 '식자재'를 판매·제공하는 매장,val,식자재,T4 구어·문장,01757e0a-7278-44bc-9fad-29595028ac3d,현대떡방앗간,방앗간,염매시장(의성중앙시장),전통시장,경상북도,,,
ea51ff55e5db57f1d0bb,full_annotation_v1,A,q_식자재_11,쌀 파는 곳,식료품 중 '식자재'를 판매·제공하는 매장,val,식자재,T4 구어·문장,85e16695-7fbe-4308-8f33-bcc71dcc3479,대우미곡,쌀,백년소상공인,기타,전라남도,,,
df6f5db0123ecad094eb,full_annotation_v1,A,q_식자재_11,쌀 파는 곳,식료품 중 '식자재'를 판매·제공하는 매장,val,식자재,T4 구어·문장,d0740585-92d0-48ff-ad13-e7bdbab24b4a,할배,두부,안양남부시장,전통시장,경기도,,,
c31e4c70abc6163299c9,full_annotation_v1,A,q_식자재_11,쌀 파는 곳,식료품 중 '식자재'를 판매·제공하는 매장,val,식자재,T4 구어·문장,68328886-ebc5-496d-9026-e4af1d8d2f1a,광복쌀슈퍼,쌀,공주산성시장,전통시장,충청남도,,,
10110f0a04c22178f451,full_annotation_v1,A,q_식자재_11,쌀 파는 곳,식료품 중 '식자재'를 판매·제공하는 매장,val,식자재,T4 구어·문장,ad2284ff-8791-453b-b8a9-67654ff94220,폰파는 신사,휴대폰,남해 명품화전길 골목형상점가,골목형상점가,경상남도,,,
10b3d35e92280c4fdc1f,full_annotation_v1,A,q_식자재_11,쌀 파는 곳,식료품 중 '식자재'를 판매·제공하는 매장,val,식자재,T4 구어·문장,0b69c684-9b0b-490b-892e-9267cf4662a3,윤수참기름,식용유,진주 청과시장,전통시장,경상남도,,,
b8dba93a5b3e61fdc0ba,full_annotation_v1,A,q_식자재_11,쌀 파는 곳,식료품 중 '식자재'를 판매·제공하는 매장,val,식자재,T4 구어·문장,005313c8-dce8-49b6-9841-9143ebb1305a,동원떡집,,박달시장,전통시장,경기도,,,
467cb12599799303e347,full_annotation_v1,A,q_식자재_11,쌀 파는 곳,식료품 중 '식자재'를 판매·제공하는 매장,val,식자재,T4 구어·문장,c42cf47a-59f8-4789-8cff-dab098c55cf9,가온쌀유통,쌀,양산 남부시장상가,전통시장,경상남도,,,
bf4cb0fbf5a5e3086673,full_annotation_v1,A,q_식자재_11,쌀 파는 곳,식료품 중 '식자재'를 판매·제공하는 매장,val,식자재,T4 구어·문장,ab7b419c-bec5-4dde-b630-cd86cbcaaf15,중앙농산,쌀,송현시장,전통시장,인천광역시,,,
532658c34ea6242376ea,full_annotation_v1,A,q_식자재_11,쌀 파는 곳,식료품 중 '식자재'를 판매·제공하는 매장,val,식자재,T4 구어·문장,4f0a4e02-6ccd-424f-b36e-a5e3095e32b6,위베이프 가오동전자담배 가오점,,가오동 골목형상점가,골목형상점가,대전광역시,,,
1def08827b185dc9047a,full_annotation_v1,A,q_식자재_11,쌀 파는 곳,식료품 중 '식자재'를 판매·제공하는 매장,val,식자재,T4 구어·문장,54f77a46-b6d5-4b0a-89d0-aa845de7f842,송림상회,쌀,현대시장,전통시장,인천광역시,,,
6e11d3c05d9f9d9a5b60,full_annotation_v1,A,q_식자재_11,쌀 파는 곳,식료품 중 '식자재'를 판매·제공하는 매장,val,식자재,T4 구어·문장,76a3551b-dae4-4326-92cc-662015aedbfb,쉴 곳,한식,칠성로상점가,자율상권구역,제주특별자치도,,,
38726ee2301931c5a143,full_annotation_v1,A,q_식자재_11,쌀 파는 곳,식료품 중 '식자재'를 판매·제공하는 매장,val,식자재,T4 구어·문장,2e0a4fef-9229-4718-b386-d373a27a2540,춘화족발,쌀,김해 장유전통시장,전통시장,경상남도,,,
d2ee7dd9559ff1095126,full_annotation_v1,A,q_식자재_11,쌀 파는 곳,식료품 중 '식자재'를 판매·제공하는 매장,val,식자재,T4 구어·문장,c111ac9d-3f3a-405c-a8db-4d127ccda9e2,행복이 있는 곳,잡화,제주로얄쇼핑센터,자율상권구역,제주특별자치도,,,
b584f8e0296ee6457d35,full_annotation_v1,A,q_식자재_11,쌀 파는 곳,식료품 중 '식자재'를 판매·제공하는 매장,val,식자재,T4 구어·문장,0061123f-a676-4556-9633-5fbc4ecaf6ef,치즈케익카스테라카페,제과,북가좌동 골목형상점가,골목형상점가,서울특별시,,,
64185035e6d3f8d18111,full_annotation_v1,A,q_식자재_11,쌀 파는 곳,식료품 중 '식자재'를 판매·제공하는 매장,val,식자재,T4 구어·문장,99e4a970-901f-4dd9-b51c-18b7034999ce,영광상회,곡물,구례5일시장,전통시장,전라남도,,,
97d6d5106dd90894d08a,full_annotation_v1,A,q_식자재_11,쌀 파는 곳,식료품 중 '식자재'를 판매·제공하는 매장,val,식자재,T4 구어·문장,24456103-f6b8-46af-8655-82e61d7265d8,커피가 머무르는 곳,커피,반드레길골목형상점가,골목형상점가,서울특별시,,,
a5df33b25885ad7d9317,full_annotation_v1,A,q_식자재_11,쌀 파는 곳,식료품 중 '식자재'를 판매·제공하는 매장,val,식자재,T4 구어·문장,6d4165c4-df69-476d-8905-3cf66131c937,대곡농산,쌀,팔달신시장,전통시장,대구광역시,,,
bf2c930ad882be574365,full_annotation_v1,A,q_식자재_11,쌀 파는 곳,식료품 중 '식자재'를 판매·제공하는 매장,val,식자재,T4 구어·문장,00fea2e0-f294-46b6-af68-655475e888be,동양유통,"곡물, 식자재",김해새벽시장,기타,경상남도,,,
8dc2b416b4e48d9a56cc,full_annotation_v1,A,q_식자재_11,쌀 파는 곳,식료품 중 '식자재'를 판매·제공하는 매장,val,식자재,T4 구어·문장,104f1635-418f-4970-9632-26a018862faf,관음농산,쌀,관음시장,전통시장,대구광역시,,,
874471c041f2f0253380,full_annotation_v1,A,q_식자재_11,쌀 파는 곳,식료품 중 '식자재'를 판매·제공하는 매장,val,식자재,T4 구어·문장,2cebc851-16bb-44d7-88d7-8c39a75aea01,해남청과야채,쌀,세은 골목형상점가,골목형상점가,광주광역시,,,
3927e1ff2d648bcadf09,full_annotation_v1,A,q_식자재_11,쌀 파는 곳,식료품 중 '식자재'를 판매·제공하는 매장,val,식자재,T4 구어·문장,964e2fe1-de0f-4a83-8637-014caf6366f8,팔도상회,쌀,소사종합시장,전통시장,경기도,,,
bbc5f0bc3883abd7759f,full_annotation_v1,A,q_식자재_11,쌀 파는 곳,식료품 중 '식자재'를 판매·제공하는 매장,val,식자재,T4 구어·문장,1e4bccf2-bb3a-4679-8f8a-e8197ccd49e7,백년지기황토쌀,쌀,서변중앙시장,전통시장,대구광역시,,,
87ddc9c8ff8913eb7704,full_annotation_v1,A,q_식자재_11,쌀 파는 곳,식료품 중 '식자재'를 판매·제공하는 매장,val,식자재,T4 구어·문장,beb83667-4caa-436f-b3fd-a3f96133c57e,제일상사,쌀,서대신동골목시장,전통시장,부산광역시,,,
91735388c50eda417f7a,full_annotation_v1,A,q_식자재_11,쌀 파는 곳,식료품 중 '식자재'를 판매·제공하는 매장,val,식자재,T4 구어·문장,d955212f-65a7-4188-8fd5-ec3850624390,시범쌀상회,쌀,송화벽화시장,전통시장,서울특별시,,,
994dbbe7cf1c81a82ce5,full_annotation_v1,A,q_식자재_11,쌀 파는 곳,식료품 중 '식자재'를 판매·제공하는 매장,val,식자재,T4 구어·문장,61f79782-2328-48ca-8109-4763913a8dfa,황미정미소,쌀,삼익2차쇼핑 골목형상점가,골목형상점가,서울특별시,,,
8d28bcb341f4e813382a,full_annotation_v1,A,q_식자재_11,쌀 파는 곳,식료품 중 '식자재'를 판매·제공하는 매장,val,식자재,T4 구어·문장,518fbf74-88c1-47a6-924b-81768389fa29,수라간식품,쌀,반여농산물도매시장 관련상품동,골목형상점가,부산광역시,,,
155df60bcc432ccda876,full_annotation_v1,A,q_식자재_11,쌀 파는 곳,식료품 중 '식자재'를 판매·제공하는 매장,val,식자재,T4 구어·문장,0046e3b5-e973-4cc0-807c-acb34ad8e262,야음민속떡집,제조업(떡방앗간),울산번개시장,전통시장,울산광역시,,,
1f712dea1df0af2f9a7f,full_annotation_v1,A,q_식자재_11,쌀 파는 곳,식료품 중 '식자재'를 판매·제공하는 매장,val,식자재,T4 구어·문장,78ad8364-c305-4ba8-8772-da33d1fb90c1,좋은햇쌀,쌀,산정상인회 골목형상점가,골목형상점가,광주광역시,,,
381ecdab9e974c9a12d2,full_annotation_v1,A,q_식자재_11,쌀 파는 곳,식료품 중 '식자재'를 판매·제공하는 매장,val,식자재,T4 구어·문장,6702c44f-743f-4a82-a486-762c643027a2,야채파는 총각,농산물,구리전통시장,전통시장,경기도,,,
03eb4faad4481d73329c,full_annotation_v1,A,q_식자재_11,쌀 파는 곳,식료품 중 '식자재'를 판매·제공하는 매장,val,식자재,T4 구어·문장,17982057-550e-40de-85ba-5ca07a8dd9ab,굿푸드홀세일,쌀,대림골목시장,전통시장,서울특별시,,,
e9a4646fea9501530fe2,full_annotation_v1,A,q_식자재_11,쌀 파는 곳,식료품 중 '식자재'를 판매·제공하는 매장,val,식자재,T4 구어·문장,27aad679-d2e1-4a21-b5bb-152aa6dad5eb,우리농산물,쌀,돌고래시장(돌고래종합상가),전통시장,경기도,,,
bb0bac8cb1bdc3556057,full_annotation_v1,A,q_식자재_11,쌀 파는 곳,식료품 중 '식자재'를 판매·제공하는 매장,val,식자재,T4 구어·문장,cbe66c47-7a31-4118-90fc-dfad8f02eb32,부흥상회,쌀,부전상가시장,전통시장,부산광역시,,,
471fc9ed3e8d8188223b,full_annotation_v1,A,q_식자재_11,쌀 파는 곳,식료품 중 '식자재'를 판매·제공하는 매장,val,식자재,T4 구어·문장,d931bd53-6bc2-4eb8-a8d5-e20beb3f0cf1,만나우동,분식,삼척중앙시장,전통시장,강원특별자치도,,,
79bdd8af7209be0eab27,full_annotation_v1,A,q_식자재_11,쌀 파는 곳,식료품 중 '식자재'를 판매·제공하는 매장,val,식자재,T4 구어·문장,71eb4289-6bfb-46a9-a63d-d9b411b8faa1,라인떡방앗간,쌀,금부로상인회 골목형상점가,골목형상점가,광주광역시,,,
dc4ee44005f764f22d28,full_annotation_v1,A,q_식자재_11,쌀 파는 곳,식료품 중 '식자재'를 판매·제공하는 매장,val,식자재,T4 구어·문장,3555151f-16a4-408d-b50a-f42c0a29669e,하나안경 첨단점,안경 콘택트렌즈,첨단동행 골목형상점가,골목형상점가,광주광역시,,,
d719d4565663af016e38,full_annotation_v1,A,q_식자재_11,쌀 파는 곳,식료품 중 '식자재'를 판매·제공하는 매장,val,식자재,T4 구어·문장,54dd0314-df3d-4f58-8b11-a4b244932fe4,신조광상회,쌀,오산오색시장(구 오산중앙시장),전통시장,경기도,,,
dfc54406b2485c4e2305,full_annotation_v1,A,q_식자재_11,쌀 파는 곳,식료품 중 '식자재'를 판매·제공하는 매장,val,식자재,T4 구어·문장,3de17154-6b0d-435f-bbec-2f964c83752b,샘물식당,식음,부여시장,전통시장,충청남도,,,
2f7f4fe60999359c639d,full_annotation_v1,A,q_식자재_11,쌀 파는 곳,식료품 중 '식자재'를 판매·제공하는 매장,val,식자재,T4 구어·문장,00362b85-cb9a-4318-9059-12f768d76197,파리바게뜨전주인후점,제과점,소나무 골목형상점가,골목형상점가,전북특별자치도,,,
b66ecfa0da6a71d746ac,full_annotation_v1,A,q_식자재_11,쌀 파는 곳,식료품 중 '식자재'를 판매·제공하는 매장,val,식자재,T4 구어·문장,bc1f3a2e-f3d8-4b6f-a546-3d0d4881140c,도연유통쌀집,쌀,남구 용대로 골목형상점가,골목형상점가,광주광역시,,,
1abc2b4c11bac3d000a3,full_annotation_v1,A,q_식자재_11,쌀 파는 곳,식료품 중 '식자재'를 판매·제공하는 매장,val,식자재,T4 구어·문장,fabb796c-4be1-477b-8a21-e72e0f19612d,대신양곡,쌀,속초중앙전통시장,전통시장,강원특별자치도,,,
7365f86cda9a13eac46c,full_annotation_v1,A,q_식자재_11,쌀 파는 곳,식료품 중 '식자재'를 판매·제공하는 매장,val,식자재,T4 구어·문장,a8d621e6-4a98-4f91-8c2f-821dcc490ebf,시장쌀집,쌀,오천시장,전통시장,경상북도,,,
c5a5fdea461dccfd5335,full_annotation_v1,A,q_식자재_11,쌀 파는 곳,식료품 중 '식자재'를 판매·제공하는 매장,val,식자재,T4 구어·문장,4ab43860-969f-481e-b269-6d1ce5ba4b82,영광쌀창고,쌀,반송큰시장,전통시장,부산광역시,,,
8458d7496c6736b478cc,full_annotation_v1,A,q_식자재_11,쌀 파는 곳,식료품 중 '식자재'를 판매·제공하는 매장,val,식자재,T4 구어·문장,4fb71ad2-205f-4019-bc82-5a12e0896469,내고향쌀,쌀,감호시장,전통시장,경상북도,,,
3c6bd8b2a878a2e2b9e0,full_annotation_v1,A,q_식자재_11,쌀 파는 곳,식료품 중 '식자재'를 판매·제공하는 매장,val,식자재,T4 구어·문장,0e224dee-e545-48f6-95af-5a197b33a076,경북식품,식용유,가락몰골목형상점가,골목형상점가,서울특별시,,,
75bdd36f26913b3ac097,full_annotation_v1,A,q_식자재_11,쌀 파는 곳,식료품 중 '식자재'를 판매·제공하는 매장,val,식자재,T4 구어·문장,f6a277d5-dca8-4db1-87c5-75dbbf3f5282,다명상회,쌀,대전상가,전통시장,대전광역시,,,
f084dd3aaf93d05104c3,full_annotation_v1,A,q_식자재_11,쌀 파는 곳,식료품 중 '식자재'를 판매·제공하는 매장,val,식자재,T4 구어·문장,1dece7ab-c77e-4e2e-b8f5-584480c0e0a2,부량직판장,쌀,서부시장상점가(서부시장 통합),전통시장,전북특별자치도,,,
e8fd39333d80a711c398,full_annotation_v1,A,q_식자재_11,쌀 파는 곳,식료품 중 '식자재'를 판매·제공하는 매장,val,식자재,T4 구어·문장,001cb3d4-5441-4963-b517-d5b3904ee312,현창떡집,떡집,목포동부시장,전통시장,전라남도,,,
1861f5a1054e16ec45be,full_annotation_v1,A,q_식자재_11,쌀 파는 곳,식료품 중 '식자재'를 판매·제공하는 매장,val,식자재,T4 구어·문장,00ec16f5-8b45-4af1-bb1b-6389f2412be8,수진식품,"참기름, 고추가루등",김해 진영전통시장,전통시장,경상남도,,,
99ff2c471df288a36749,full_annotation_v1,A,q_식자재_11,쌀 파는 곳,식료품 중 '식자재'를 판매·제공하는 매장,val,식자재,T4 구어·문장,021bf03c-8b83-4288-89c5-15a4a162142b,신선식품,식자재,사천읍시장,전통시장,경상남도,,,
cb4b052207568dcf31b7,full_annotation_v1,A,q_식자재_11,쌀 파는 곳,식료품 중 '식자재'를 판매·제공하는 매장,val,식자재,T4 구어·문장,813d72ce-858a-45d4-9364-aec2c8865b2e,카페상록,커피디저트,상록벚꽃상인회 골목형상점가,골목형상점가,광주광역시,,,
8dc8ad7696f61514bb15,full_annotation_v1,A,q_식자재_11,쌀 파는 곳,식료품 중 '식자재'를 판매·제공하는 매장,val,식자재,T4 구어·문장,95623ff5-12b4-4b8b-a6bd-7a5978f38788,멋진사람들,미용,금호아파트상인회 골목형상점가,골목형상점가,광주광역시,,,
7eb369ee7c6a8ed23142,full_annotation_v1,A,q_식자재_11,쌀 파는 곳,식료품 중 '식자재'를 판매·제공하는 매장,val,식자재,T4 구어·문장,78c8a54f-75ee-4473-9b0b-d7700a69c72a,한성쌀집,쌀,용현시장,전통시장,인천광역시,,,
eb27625b5a53eda3b836,full_annotation_v1,A,q_식자재_11,쌀 파는 곳,식료품 중 '식자재'를 판매·제공하는 매장,val,식자재,T4 구어·문장,7b982c95-21d9-41bc-9e24-04a6d67f65f4,여주농산,쌀,전곡시장,전통시장,서울특별시,,,
96f84ffcae4715b6fe58,full_annotation_v1,A,q_식자재_11,쌀 파는 곳,식료품 중 '식자재'를 판매·제공하는 매장,val,식자재,T4 구어·문장,5f8487cf-c7ff-419b-bab8-56f03aa7e5af,시장쌀집,쌀,문경전통시장,전통시장,경상북도,,,
74d37e51893e545ed91c,full_annotation_v1,A,q_식자재_11,쌀 파는 곳,식료품 중 '식자재'를 판매·제공하는 매장,val,식자재,T4 구어·문장,60bea08c-9f29-4167-94e7-9435a6477df8,이가네약손테라피,서비스,상록벚꽃상인회 골목형상점가,골목형상점가,광주광역시,,,
96a254ecb12b87e7f799,full_annotation_v1,A,q_식자재_11,쌀 파는 곳,식료품 중 '식자재'를 판매·제공하는 매장,val,식자재,T4 구어·문장,727a4d51-4e36-4971-9a4a-986aa7b13a94,영진농산,쌀,봉선중앙로 골목형상점가,골목형상점가,광주광역시,,,
25864e1d8af629b3d363,full_annotation_v1,A,q_식자재_11,쌀 파는 곳,식료품 중 '식자재'를 판매·제공하는 매장,val,식자재,T4 구어·문장,41d5f8f5-d2b9-4e6c-a712-00095133cd1f,대흥쌀상회,쌀,양평물맑은시장,전통시장,경기도,,,
0a80ae869e624a89a628,full_annotation_v1,A,q_식자재_11,쌀 파는 곳,식료품 중 '식자재'를 판매·제공하는 매장,val,식자재,T4 구어·문장,00e30e5a-4662-4e65-9b6c-dd704886f1af,믿음떡집,떡방앗간,문창시장,전통시장,대전광역시,,,
a836fd844e5b42f7d668,full_annotation_v1,A,q_식자재_11,쌀 파는 곳,식료품 중 '식자재'를 판매·제공하는 매장,val,식자재,T4 구어·문장,001961d9-cb5d-40bc-903a-33d483f7d132,헬씨스탠다드,"건강기능식품, 쌀, 견과류, 약재",응암소담길 골목형상점가,골목형상점가,서울특별시,,,
1d35385a41c92cf320c5,full_annotation_v1,A,q_식자재_11,쌀 파는 곳,식료품 중 '식자재'를 판매·제공하는 매장,val,식자재,T4 구어·문장,0c5659c0-d5a0-4570-90c7-4fc1feb39ed9,국가대표청과,청과,용현시장,전통시장,인천광역시,,,
6981e83c58f796ba2f39,full_annotation_v1,A,q_식자재_11,쌀 파는 곳,식료품 중 '식자재'를 판매·제공하는 매장,val,식자재,T4 구어·문장,10dcc67f-8bba-401e-969c-9032df12b06a,보령상회,쌀,신도꼼지락시장,전통시장,대전광역시,,,
8026e25599fe5ae8c351,full_annotation_v1,A,q_식자재_11,쌀 파는 곳,식료품 중 '식자재'를 판매·제공하는 매장,val,식자재,T4 구어·문장,4868e4ed-e785-47d9-95a8-d47758894b96,보미상회,쌀,서남신시장,전통시장,대구광역시,,,
4617295ca212161125c2,full_annotation_v1,A,q_식자재_11,쌀 파는 곳,식료품 중 '식자재'를 판매·제공하는 매장,val,식자재,T4 구어·문장,04cffa8f-5c05-444b-bde1-a3d1918cf92f,강원기름집,식용유,속초종합중앙시장,전통시장,강원특별자치도,,,
5e525d0b4bcee44ee5d6,full_annotation_v1,A,q_식자재_11,쌀 파는 곳,식료품 중 '식자재'를 판매·제공하는 매장,val,식자재,T4 구어·문장,c161453d-f2c8-4b97-a2c3-a54e0cbdb7e8,생활용품 싸게 파는 집,잡화,안성중앙시장,전통시장,경기도,,,
7c8493e02465c584933b,full_annotation_v1,A,q_식자재_11,쌀 파는 곳,식료품 중 '식자재'를 판매·제공하는 매장,val,식자재,T4 구어·문장,5e6736bb-821f-44ce-b733-03fb202ec672,충남쌀상회,쌀,양평1동어울림골목형상점가,골목형상점가,서울특별시,,,
1dbcee36c14ca67ed44f,full_annotation_v1,A,q_식자재_11,쌀 파는 곳,식료품 중 '식자재'를 판매·제공하는 매장,val,식자재,T4 구어·문장,defde03a-a03a-4b15-8651-bee4766390db,행복쌀집,쌀,양산 덕계종합상설시장,전통시장,경상남도,,,
0ac2d09f0b31647207cf,full_annotation_v1,A,q_식자재_11,쌀 파는 곳,식료품 중 '식자재'를 판매·제공하는 매장,val,식자재,T4 구어·문장,ccc9dbc4-881c-42a5-93c3-c2ea46a80ab1,풍년상회,쌀,진주 청과시장,전통시장,경상남도,,,
f030a19c14da1e109d9e,full_annotation_v1,A,q_식자재_11,쌀 파는 곳,식료품 중 '식자재'를 판매·제공하는 매장,val,식자재,T4 구어·문장,dfb5b879-9eee-40be-90ae-572eea01be53,풍국쌀,쌀 잡곡,신매시장,전통시장,대구광역시,,,
2f787aae1741abe1f6af,full_annotation_v1,A,q_식자재_11,쌀 파는 곳,식료품 중 '식자재'를 판매·제공하는 매장,val,식자재,T4 구어·문장,62808ea9-1851-4c4f-a9a5-dcbe438da990,태양유통,쌀,안양남부시장,전통시장,경기도,,,
f182edd6140c5ee3d206,full_annotation_v1,A,q_식자재_12,참기름 짜는 곳,식료품 중 '식자재'를 판매·제공하는 매장,val,식자재,T4 구어·문장,04c905ba-3172-4ea4-a6dd-4345d674dea0,덕순이네,제조업(떡집),장터길 골목형상점가,골목형상점가,경기도,,,
57f8d6029a46c95b6f13,full_annotation_v1,A,q_식자재_12,참기름 짜는 곳,식료품 중 '식자재'를 판매·제공하는 매장,val,식자재,T4 구어·문장,0017714f-cbac-4f85-a148-338ddcefe41c,유수담,"쌀, 계란, 신선식품",익산북부시장,전통시장,전북특별자치도,,,
e828b2b43a5221bbec99,full_annotation_v1,A,q_식자재_12,참기름 짜는 곳,식료품 중 '식자재'를 판매·제공하는 매장,val,식자재,T4 구어·문장,023e47e8-7973-4e3d-95f3-f6bf168360f0,(주)동양종합유통,식자재,양동건어물시장,전통시장,광주광역시,,,
af499e670fde89475fba,full_annotation_v1,A,q_식자재_12,참기름 짜는 곳,식료품 중 '식자재'를 판매·제공하는 매장,val,식자재,T4 구어·문장,f85b5f8e-c47e-495d-8c3b-5578a70f0a4d,선산참기름,참기름,선산봉황시장(구 선산종합시장),전통시장,경상북도,,,
e2c73da6eac2e23662f0,full_annotation_v1,A,q_식자재_12,참기름 짜는 곳,식료품 중 '식자재'를 판매·제공하는 매장,val,식자재,T4 구어·문장,14a70aa0-014e-49b7-b251-0afe76215050,충현쌀참기름,참기름,장충남소영길 골목형상점가,골목형상점가,서울특별시,,,
0ccf10a7bb756a08572d,full_annotation_v1,A,q_식자재_12,참기름 짜는 곳,식료품 중 '식자재'를 판매·제공하는 매장,val,식자재,T4 구어·문장,ef1fa19c-6c20-4f91-a45d-05f4178c35dc,경북상회,참기름,부전상가시장,전통시장,부산광역시,,,
3430c3f5e021f8e9bfde,full_annotation_v1,A,q_식자재_12,참기름 짜는 곳,식료품 중 '식자재'를 판매·제공하는 매장,val,식자재,T4 구어·문장,bd95560d-5d6f-4e31-a562-845996574830,현대참기름,참기름,도마큰시장,전통시장,대전광역시,,,
b1a93f31ed8a16103e90,full_annotation_v1,A,q_식자재_12,참기름 짜는 곳,식료품 중 '식자재'를 판매·제공하는 매장,val,식자재,T4 구어·문장,002d0d06-15b2-463e-b789-b0232bcc6681,뚜레주르버들마을점,제과,버들마을상인회 골목형상점가,골목형상점가,광주광역시,,,
826565ec4c0992a71a28,full_annotation_v1,A,q_식자재_12,참기름 짜는 곳,식료품 중 '식자재'를 판매·제공하는 매장,val,식자재,T4 구어·문장,6b58ff67-8cb5-46c1-951b-a35c8ace8cf0,집현참기름,참기름,진주 논개시장,전통시장,경상남도,,,
37c5832f19594056c5b8,full_annotation_v1,A,q_식자재_12,참기름 짜는 곳,식료품 중 '식자재'를 판매·제공하는 매장,val,식자재,T4 구어·문장,8d9d8a2d-4ac2-4896-9012-c8a905adcf72,오곡쌀상회,참기름,반여3동초록시장,전통시장,부산광역시,,,
e71e8c71221752496e7f,full_annotation_v1,A,q_식자재_12,참기름 짜는 곳,식료품 중 '식자재'를 판매·제공하는 매장,val,식자재,T4 구어·문장,01a5f192-c482-46e3-8b58-5358216d0749,풍전기름집,참기름,화곡본동시장,전통시장,서울특별시,,,
e29817600785cb197ab0,full_annotation_v1,A,q_식자재_12,참기름 짜는 곳,식료품 중 '식자재'를 판매·제공하는 매장,val,식자재,T4 구어·문장,00e30e5a-4662-4e65-9b6c-dd704886f1af,믿음떡집,떡방앗간,문창시장,전통시장,대전광역시,,,
e35101f44ca795d0bac6,full_annotation_v1,A,q_식자재_12,참기름 짜는 곳,식료품 중 '식자재'를 판매·제공하는 매장,val,식자재,T4 구어·문장,3e1ad6a8-727f-45c9-953e-b09dd413e49d,대성상회,참기름,진주 논개시장,전통시장,경상남도,,,
fb0795fc220342b6e0fd,full_annotation_v1,A,q_식자재_12,참기름 짜는 곳,식료품 중 '식자재'를 판매·제공하는 매장,val,식자재,T4 구어·문장,0592f5f6-ae8d-491f-87e9-2021a00f4ae0,우리상회,곡물,상주중앙시장,전통시장,경상북도,,,
f8ec87a8b85ef1d0edcc,full_annotation_v1,A,q_식자재_12,참기름 짜는 곳,식료품 중 '식자재'를 판매·제공하는 매장,val,식자재,T4 구어·문장,3df05fcb-f041-4fc3-a523-ed0bcf352c15,오성상회,참기름,숭인시장,전통시장,서울특별시,,,
3a4404a2b1e18d7beeb1,full_annotation_v1,A,q_식자재_12,참기름 짜는 곳,식료품 중 '식자재'를 판매·제공하는 매장,val,식자재,T4 구어·문장,931ac55f-2522-47c3-84c6-10db64d6a5b1,안강참기름,참기름,안강공설시장,전통시장,경상북도,,,
6eb16b4da5e604074154,full_annotation_v1,A,q_식자재_12,참기름 짜는 곳,식료품 중 '식자재'를 판매·제공하는 매장,val,식자재,T4 구어·문장,64763bf2-2287-4ffa-91fa-bcfdbeb2b5f9,경주상회,참기름,수암상가시장,전통시장,울산광역시,,,
0cbbebff1710d26dd41e,full_annotation_v1,A,q_식자재_12,참기름 짜는 곳,식료품 중 '식자재'를 판매·제공하는 매장,val,식자재,T4 구어·문장,a4149002-11bf-452c-aa30-b96a3ad43f00,형제상회,참기름,수안인정시장,전통시장,부산광역시,,,
f47dcb554c747a28c2a4,full_annotation_v1,A,q_식자재_12,참기름 짜는 곳,식료품 중 '식자재'를 판매·제공하는 매장,val,식자재,T4 구어·문장,04cffa8f-5c05-444b-bde1-a3d1918cf92f,강원기름집,식용유,속초종합중앙시장,전통시장,강원특별자치도,,,
9780adc87e3491182b8b,full_annotation_v1,A,q_식자재_12,참기름 짜는 곳,식료품 중 '식자재'를 판매·제공하는 매장,val,식자재,T4 구어·문장,034f637f-e1c0-4e3c-99a7-eb7c8deb055a,청풍상회,곡물,내토전통시장,전통시장,충청북도,,,
fdc2a5a68a5d34834df4,full_annotation_v1,A,q_식자재_12,참기름 짜는 곳,식료품 중 '식자재'를 판매·제공하는 매장,val,식자재,T4 구어·문장,bc6381b4-a050-40f0-a7e2-f368b3cfc0f0,복지참기름,참기름,동해종합시장,전통시장,경상북도,,,
0bd402cd2e053f143014,full_annotation_v1,A,q_식자재_12,참기름 짜는 곳,식료품 중 '식자재'를 판매·제공하는 매장,val,식자재,T4 구어·문장,26c833ba-af98-4cff-a44d-276cdd69a713,제일상회,참기름,구역전시장,전통시장,울산광역시,,,
806a763b00acc536e8f4,full_annotation_v1,A,q_식자재_12,참기름 짜는 곳,식료품 중 '식자재'를 판매·제공하는 매장,val,식자재,T4 구어·문장,b8dde7d8-e1df-4c21-b06a-3fbb60801da1,허준본가,참기름,진주 자유시장,전통시장,경상남도,,,
2215f9ccf1c2d23b2a73,full_annotation_v1,A,q_식자재_12,참기름 짜는 곳,식료품 중 '식자재'를 판매·제공하는 매장,val,식자재,T4 구어·문장,ce5c09d2-40f2-46a3-a4ed-e2a80b663b72,형제참기름,참기름,무진중오거리 골목형상점가,골목형상점가,광주광역시,,,
37468a724c24720e66c1,full_annotation_v1,A,q_식자재_12,참기름 짜는 곳,식료품 중 '식자재'를 판매·제공하는 매장,val,식자재,T4 구어·문장,022ece99-80e4-453c-91c0-f46f8527e7ab,구즉방아간,방앗간,송강전통시장,전통시장,대전광역시,,,
dff840053062c5ff3842,full_annotation_v1,A,q_식자재_12,참기름 짜는 곳,식료품 중 '식자재'를 판매·제공하는 매장,val,식자재,T4 구어·문장,1e464a51-9f31-4346-86d9-ac0a93a712e1,현대참기름,참기름,황룡시장,전통시장,전라남도,,,
5eb5973cd131952cc8e4,full_annotation_v1,A,q_식자재_12,참기름 짜는 곳,식료품 중 '식자재'를 판매·제공하는 매장,val,식자재,T4 구어·문장,df73030c-6b0e-41ed-b41b-e06b5285341e,짱구족발순대,순대,통영중앙전통시장,전통시장,경상남도,,,
9ae83fec488348f3fdf4,full_annotation_v1,A,q_식자재_12,참기름 짜는 곳,식료품 중 '식자재'를 판매·제공하는 매장,val,식자재,T4 구어·문장,059168b1-6ec5-4efb-a5e0-2b2c3b9b3003,제일방앗간,참기름,해제면5일시장,기타,전라남도,,,
aa58b627b6a677eeef7b,full_annotation_v1,A,q_식자재_12,참기름 짜는 곳,식료품 중 '식자재'를 판매·제공하는 매장,val,식자재,T4 구어·문장,25b8aec3-8aeb-4335-a994-3da772f1a4de,이지비아 헤어스케치,미용기구 등,화개1로78번길상인회 골목형상점가,골목형상점가,광주광역시,,,
1837cc6744fc8cfc34e0,full_annotation_v1,A,q_식자재_12,참기름 짜는 곳,식료품 중 '식자재'를 판매·제공하는 매장,val,식자재,T4 구어·문장,75a1198d-6739-49fd-b75c-39ffe99b7b63,신깡통뒷고기(광주동천점),고기,동천동 상인회 골목형상점가,골목형상점가,광주광역시,,,
4e5761c72ce97b8b124f,full_annotation_v1,A,q_식자재_12,참기름 짜는 곳,식료품 중 '식자재'를 판매·제공하는 매장,val,식자재,T4 구어·문장,0061123f-a676-4556-9633-5fbc4ecaf6ef,치즈케익카스테라카페,제과,북가좌동 골목형상점가,골목형상점가,서울특별시,,,
b0f7f1f861a243e3d49b,full_annotation_v1,A,q_식자재_12,참기름 짜는 곳,식료품 중 '식자재'를 판매·제공하는 매장,val,식자재,T4 구어·문장,98424896-a2ff-4299-b2a9-c4c3304cf2aa,땔나무집장작구이,삼겹살,신창그린나래 골목형상점가,골목형상점가,광주광역시,,,
0affffdfe0844081b005,full_annotation_v1,A,q_식자재_12,참기름 짜는 곳,식료품 중 '식자재'를 판매·제공하는 매장,val,식자재,T4 구어·문장,eee9553a-b115-4f5a-9d11-82facedb601d,참기름 짜는 육회집,육회,방이시장,전통시장,서울특별시,,,
42b3d70896b4bd37c887,full_annotation_v1,A,q_식자재_12,참기름 짜는 곳,식료품 중 '식자재'를 판매·제공하는 매장,val,식자재,T4 구어·문장,75bf94fb-a3b9-4553-9f16-d4e3d5fa7f8d,동훈참기름,참기름,하동공설시장,전통시장,경상남도,,,
e33f767e514a8abe9d14,full_annotation_v1,A,q_식자재_12,참기름 짜는 곳,식료품 중 '식자재'를 판매·제공하는 매장,val,식자재,T4 구어·문장,013444f9-7e9b-4640-84f0-43ac071ef57f,대림고추방아,"고추가루, 기름",부천강남시장,전통시장,경기도,,,
9800bd8b792915cfa278,full_annotation_v1,A,q_식자재_12,참기름 짜는 곳,식료품 중 '식자재'를 판매·제공하는 매장,val,식자재,T4 구어·문장,6b2ea906-9013-455d-8865-b16a2c3527cb,브로스짐,주짓수 교육,버들마을상인회 골목형상점가,골목형상점가,광주광역시,,,
49446a7370ba4f4914ae,full_annotation_v1,A,q_식자재_12,참기름 짜는 곳,식료품 중 '식자재'를 판매·제공하는 매장,val,식자재,T4 구어·문장,4540733c-56e5-4008-a54f-179490c85e97,삼성상회,참기름,고성시장,전통시장,경상남도,,,
a322d6d0b723c641647e,full_annotation_v1,A,q_식자재_12,참기름 짜는 곳,식료품 중 '식자재'를 판매·제공하는 매장,val,식자재,T4 구어·문장,005313c8-dce8-49b6-9841-9143ebb1305a,동원떡집,,박달시장,전통시장,경기도,,,
4c4da872e98ff9a080cf,full_annotation_v1,A,q_식자재_12,참기름 짜는 곳,식료품 중 '식자재'를 판매·제공하는 매장,val,식자재,T4 구어·문장,8772d58d-0307-41eb-b7c9-9b848b165155,봉황참기름,참기름,부곡시장,전통시장,부산광역시,,,
b2c7beb634b862acd170,full_annotation_v1,A,q_식자재_12,참기름 짜는 곳,식료품 중 '식자재'를 판매·제공하는 매장,val,식자재,T4 구어·문장,ae9b710a-b28d-4c32-b9ba-40167dc13ab2,참맛기름집,참기름,남구로시장,전통시장,서울특별시,,,
bd8706ef536ace66b326,full_annotation_v1,A,q_식자재_12,참기름 짜는 곳,식료품 중 '식자재'를 판매·제공하는 매장,val,식자재,T4 구어·문장,001cb3d4-5441-4963-b517-d5b3904ee312,현창떡집,떡집,목포동부시장,전통시장,전라남도,,,
75553c941111041d9505,full_annotation_v1,A,q_식자재_12,참기름 짜는 곳,식료품 중 '식자재'를 판매·제공하는 매장,val,식자재,T4 구어·문장,f6a1ac9c-065f-4061-8022-ff300d475cd3,장량참기름,참기름,장량성도시장,전통시장,경상북도,,,
8de61b43096be5326774,full_annotation_v1,A,q_식자재_12,참기름 짜는 곳,식료품 중 '식자재'를 판매·제공하는 매장,val,식자재,T4 구어·문장,f1ccd3b7-3883-4d1d-a390-e7c38e1293b3,이조참기름,참기름,하양꿈바우시장,전통시장,경상북도,,,
49d71ed4c5f036618c3c,full_annotation_v1,A,q_식자재_12,참기름 짜는 곳,식료품 중 '식자재'를 판매·제공하는 매장,val,식자재,T4 구어·문장,01859206-536a-40a7-be1e-c8610663a665,동원참기름,참기름,안강공설시장,전통시장,경상북도,,,
86c21a6c189b1513110e,full_annotation_v1,A,q_식자재_12,참기름 짜는 곳,식료품 중 '식자재'를 판매·제공하는 매장,val,식자재,T4 구어·문장,2f9ce273-1bf1-4acc-9c57-2fb187b99d2a,정관장홍삼 송정점,홍삼,광주송정역세권 상권활성화구역,상권활성화구역,광주광역시,,,
bb752b3418f3ea5e9686,full_annotation_v1,A,q_식자재_12,참기름 짜는 곳,식료품 중 '식자재'를 판매·제공하는 매장,val,식자재,T4 구어·문장,f4240aaa-3bca-4f99-afaf-89c0205b5e31,영신제분소,참기름,연산전통시장,전통시장,충청남도,,,
3a1aef8bcb8c1e67975c,full_annotation_v1,A,q_식자재_12,참기름 짜는 곳,식료품 중 '식자재'를 판매·제공하는 매장,val,식자재,T4 구어·문장,64917f73-262f-4921-9c22-3d1c42a2ef83,경산참기름,참기름,경산공설시장,전통시장,경상북도,,,
1675c413f7e2ababfbeb,full_annotation_v1,A,q_식자재_12,참기름 짜는 곳,식료품 중 '식자재'를 판매·제공하는 매장,val,식자재,T4 구어·문장,044b74fa-bb37-480b-8d36-3f7676cf2fb4,영진상회,곡물,청주육거리종합시장,전통시장,충청북도,,,
d299a1f4c70f9ef83c13,full_annotation_v1,A,q_식자재_12,참기름 짜는 곳,식료품 중 '식자재'를 판매·제공하는 매장,val,식자재,T4 구어·문장,c111ac9d-3f3a-405c-a8db-4d127ccda9e2,행복이 있는 곳,잡화,제주로얄쇼핑센터,자율상권구역,제주특별자치도,,,
833a8e34ca417ec7d758,full_annotation_v1,A,q_식자재_12,참기름 짜는 곳,식료품 중 '식자재'를 판매·제공하는 매장,val,식자재,T4 구어·문장,dfcde731-7a2f-43b1-af16-4ecd5adb71a3,황해상회(참기름),"고추, 참기름",수일시장,전통시장,서울특별시,,,
361a5d0a2acc704712d6,full_annotation_v1,A,q_식자재_12,참기름 짜는 곳,식료품 중 '식자재'를 판매·제공하는 매장,val,식자재,T4 구어·문장,2bbc0120-0779-41fe-9e05-c22824e042e2,영덕참기름,참기름,안강공설시장,전통시장,경상북도,,,
6f7e5de89d0f31b2643e,full_annotation_v1,A,q_식자재_12,참기름 짜는 곳,식료품 중 '식자재'를 판매·제공하는 매장,val,식자재,T4 구어·문장,0046e3b5-e973-4cc0-807c-acb34ad8e262,야음민속떡집,제조업(떡방앗간),울산번개시장,전통시장,울산광역시,,,
6d639702354ecdb59e14,full_annotation_v1,A,q_식자재_12,참기름 짜는 곳,식료품 중 '식자재'를 판매·제공하는 매장,val,식자재,T4 구어·문장,015915e3-2542-4245-b627-0c775b4c5501,한내떡집,,거제 고현시장,전통시장,경상남도,,,
a318f1e13627090b3280,full_annotation_v1,A,q_식자재_12,참기름 짜는 곳,식료품 중 '식자재'를 판매·제공하는 매장,val,식자재,T4 구어·문장,0b69c684-9b0b-490b-892e-9267cf4662a3,윤수참기름,식용유,진주 청과시장,전통시장,경상남도,,,
4f894d7bc7ef18a7c20e,full_annotation_v1,A,q_식자재_12,참기름 짜는 곳,식료품 중 '식자재'를 판매·제공하는 매장,val,식자재,T4 구어·문장,352d7a4b-debf-472a-a896-a78bd8ebf1ae,성훈참기름,참기름,영일대북부시장(구 북부시장),전통시장,경상북도,,,
6c0cb2b1c6510aff5e86,full_annotation_v1,A,q_식자재_12,참기름 짜는 곳,식료품 중 '식자재'를 판매·제공하는 매장,val,식자재,T4 구어·문장,cfe5389a-f7e5-4bcb-abcb-1ff9f7938e9d,태백상회,참기름,서동향토시장,전통시장,부산광역시,,,
4828ab4fd274d8c62c93,full_annotation_v1,A,q_식자재_12,참기름 짜는 곳,식료품 중 '식자재'를 판매·제공하는 매장,val,식자재,T4 구어·문장,092868ef-cdbe-426a-8e04-c1862bac5076,익산바이오,식용유,세종전통시장,전통시장,세종특별자치시,,,
0c388774ba6c1bda3dba,full_annotation_v1,A,q_식자재_12,참기름 짜는 곳,식료품 중 '식자재'를 판매·제공하는 매장,val,식자재,T4 구어·문장,03c17e5c-e40e-40cf-9dd4-909c4839dd6d,하루피움에스테틱,피부미용,신창그린나래 골목형상점가,골목형상점가,광주광역시,,,
963e686a02e50be02ff4,full_annotation_v1,A,q_식자재_12,참기름 짜는 곳,식료품 중 '식자재'를 판매·제공하는 매장,val,식자재,T4 구어·문장,3d4620cf-1995-4f5d-898a-c15511a0f857,산수촌 모밀,한식,풍암운리중상인회 골목형상점가,골목형상점가,광주광역시,,,
d05bb44a92f4f41d1fe3,full_annotation_v1,A,q_식자재_12,참기름 짜는 곳,식료품 중 '식자재'를 판매·제공하는 매장,val,식자재,T4 구어·문장,6b6982af-8dc8-4298-a8ff-908dad0ad3bd,현대참기름,참기름,논공중앙시장,전통시장,대구광역시,,,
a9742f06497be4eb7cd5,full_annotation_v1,A,q_식자재_12,참기름 짜는 곳,식료품 중 '식자재'를 판매·제공하는 매장,val,식자재,T4 구어·문장,bcbef740-94e1-4c31-862a-5337a2414f51,무등참기름,참기름,용대로119번길 골목형상점가,골목형상점가,광주광역시,,,
3b71964d2d8e9a29db13,full_annotation_v1,A,q_식자재_12,참기름 짜는 곳,식료품 중 '식자재'를 판매·제공하는 매장,val,식자재,T4 구어·문장,7617d82d-8a17-4426-b80b-b693eee4a130,부산상회,참기름,가락몰골목형상점가,골목형상점가,서울특별시,,,
16d8f49d06fa1071c8f2,full_annotation_v1,A,q_식자재_12,참기름 짜는 곳,식료품 중 '식자재'를 판매·제공하는 매장,val,식자재,T4 구어·문장,008d07a3-ba18-4806-9ec7-48c0adb25276,아빠네 빵집,제과제빵,신창수문 골목형상점가,골목형상점가,광주광역시,,,
e468d6e33d6fb1cc33cb,full_annotation_v1,A,q_식자재_12,참기름 짜는 곳,식료품 중 '식자재'를 판매·제공하는 매장,val,식자재,T4 구어·문장,b5277c20-77ca-4fe8-b23d-525a065aa887,대경참기름,참기름,번개시장,전통시장,대구광역시,,,
dc4bc5d67ebb46665d2e,full_annotation_v1,A,q_식자재_12,참기름 짜는 곳,식료품 중 '식자재'를 판매·제공하는 매장,val,식자재,T4 구어·문장,59f51273-6fd9-4930-bdb7-eee39e3dc0e0,동해상회,참기름,포항큰동해시장,전통시장,경상북도,,,
c2e09f86b5d33f9071af,full_annotation_v1,A,q_식자재_12,참기름 짜는 곳,식료품 중 '식자재'를 판매·제공하는 매장,val,식자재,T4 구어·문장,b896b074-d3c4-4d87-8eed-408a3421469a,의성방앗간,참기름,화원시장,전통시장,대구광역시,,,
d7d2272d2f18ff183422,full_annotation_v1,A,q_식자재_12,참기름 짜는 곳,식료품 중 '식자재'를 판매·제공하는 매장,val,식자재,T4 구어·문장,76a3551b-dae4-4326-92cc-662015aedbfb,쉴 곳,한식,칠성로상점가,자율상권구역,제주특별자치도,,,
2868aeb20a5e8c50d133,full_annotation_v1,A,q_식자재_12,참기름 짜는 곳,식료품 중 '식자재'를 판매·제공하는 매장,val,식자재,T4 구어·문장,135b8e8e-9f54-472c-b603-6f28d5e1f3d2,그까페,한식,화산면 골목형상점가,골목형상점가,전라남도,,,
fa5121a9ce20c99b1918,full_annotation_v1,A,q_식자재_12,참기름 짜는 곳,식료품 중 '식자재'를 판매·제공하는 매장,val,식자재,T4 구어·문장,d9cb9486-1a3e-4b77-b86d-8cda507fc456,해금참기름,참기름,번개시장,전통시장,대구광역시,,,
97e5388f146c436b322c,full_annotation_v1,A,q_식자재_12,참기름 짜는 곳,식료품 중 '식자재'를 판매·제공하는 매장,val,식자재,T4 구어·문장,97bd7f23-5b3a-4d00-bfae-bad5e83a8984,경남상회,참기름,만덕2동제일상가시장,전통시장,부산광역시,,,
11c908fa9e6e32fe2eb0,full_annotation_v1,A,q_식자재_12,참기름 짜는 곳,식료품 중 '식자재'를 판매·제공하는 매장,val,식자재,T4 구어·문장,41c0677a-a448-4073-b16c-08fe2156637b,명진농수산,초콜릿 및 특산물,동문재래시장,전통시장,제주특별자치도,,,
9650fbfc488461556e76,full_annotation_v1,A,q_식자재_12,참기름 짜는 곳,식료품 중 '식자재'를 판매·제공하는 매장,val,식자재,T4 구어·문장,021bf03c-8b83-4288-89c5-15a4a162142b,신선식품,식자재,사천읍시장,전통시장,경상남도,,,
3e41ef8ae2d5e8cb4150,full_annotation_v1,A,q_식자재_12,참기름 짜는 곳,식료품 중 '식자재'를 판매·제공하는 매장,val,식자재,T4 구어·문장,5d7e8584-a7dd-4c44-b89e-db3fbebe88cd,경남상회,참기름,수정전통시장,전통시장,부산광역시,,,
2a91b6bcd5a101df1a7b,full_annotation_v1,A,q_식자재_12,참기름 짜는 곳,식료품 중 '식자재'를 판매·제공하는 매장,val,식자재,T4 구어·문장,cd9b296e-ef19-471b-943b-7690f536da7f,대광참기름,참기름,번개시장,전통시장,대구광역시,,,
278716690c0d4a7701bf,full_annotation_v1,A,q_식자재_12,참기름 짜는 곳,식료품 중 '식자재'를 판매·제공하는 매장,val,식자재,T4 구어·문장,02223ab5-044d-40ad-8cc7-838ed325ada0,상옥쌀상회,쌀,영일대북부시장(구 북부시장),전통시장,경상북도,,,
e46e1c40f9a1bb3e6c2f,full_annotation_v1,A,q_식자재_12,참기름 짜는 곳,식료품 중 '식자재'를 판매·제공하는 매장,val,식자재,T4 구어·문장,8c87dc87-0e6a-415b-a7a9-1f08492279ef,으뜸,의류,금남지하도상가 1공구,일반지하상점가,광주광역시,,,
352e2fa8e80cb0fbe557,full_annotation_v1,A,q_식자재_12,참기름 짜는 곳,식료품 중 '식자재'를 판매·제공하는 매장,val,식자재,T4 구어·문장,2743811c-5e71-4d2b-aa75-1b0147d44f2d,사우 꽃이 피는 곳,꽃,김포 풍년마을 골목형상점가,골목형상점가,경기도,,,
6efdeb572e337af5d677,full_annotation_v1,A,q_식자재_12,참기름 짜는 곳,식료품 중 '식자재'를 판매·제공하는 매장,val,식자재,T4 구어·문장,2240bb14-a1e7-4911-8f05-fdda7a9a0da9,유성참기름,참기름,경주성동공설시장,전통시장,경상북도,,,
82b394fd00622a30df34,full_annotation_v1,A,q_식자재_12,참기름 짜는 곳,식료품 중 '식자재'를 판매·제공하는 매장,val,식자재,T4 구어·문장,2b6f0514-5e67-4261-9ddb-9b625559cdc4,은행참기름,참기름,은행시장,전통시장,경기도,,,
b336deac2c3a433f04aa,full_annotation_v1,A,q_식자재_12,참기름 짜는 곳,식료품 중 '식자재'를 판매·제공하는 매장,val,식자재,T4 구어·문장,f53c0256-52ac-4775-87ee-dd4a863f9aa1,태평기름방앗간,참기름,전주신중앙시장(구 중앙버드나무시장),전통시장,전북특별자치도,,,
44430d3c92e4f8708e6c,full_annotation_v1,A,q_식자재_12,참기름 짜는 곳,식료품 중 '식자재'를 판매·제공하는 매장,val,식자재,T4 구어·문장,53dad32d-200e-4d93-9931-971c07dbf0d2,복음참기름,참기름,㈜신정시장,전통시장,울산광역시,,,
32f8eb543428c080c37f,full_annotation_v1,A,q_식자재_12,참기름 짜는 곳,식료품 중 '식자재'를 판매·제공하는 매장,val,식자재,T4 구어·문장,11662bbd-9509-453a-adf4-6b4f50558d68,풍작참기름,참기름,다운장 골목형상점가,골목형상점가,울산광역시,,,
966a42f436d877c32091,full_annotation_v1,A,q_식자재_12,참기름 짜는 곳,식료품 중 '식자재'를 판매·제공하는 매장,val,식자재,T4 구어·문장,01757e0a-7278-44bc-9fad-29595028ac3d,현대떡방앗간,방앗간,염매시장(의성중앙시장),전통시장,경상북도,,,
e7811beee0211a540e01,full_annotation_v1,A,q_식자재_12,참기름 짜는 곳,식료품 중 '식자재'를 판매·제공하는 매장,val,식자재,T4 구어·문장,f2382dea-5116-4ff2-8199-c4f1ec8608f8,쿵더쿵참기름,참기름,백운 대성시장 골목형상점가,골목형상점가,,,,
96e27d3cd99967ac75f5,full_annotation_v1,A,q_식자재_12,참기름 짜는 곳,식료품 중 '식자재'를 판매·제공하는 매장,val,식자재,T4 구어·문장,54a0655d-bd53-48e7-9a9e-1a8379238be6,삼성상회,참기름,사천 삼천포종합시장,전통시장,경상남도,,,
62dc868410206b37e6bc,full_annotation_v1,A,q_식자재_12,참기름 짜는 곳,식료품 중 '식자재'를 판매·제공하는 매장,val,식자재,T4 구어·문장,fb191376-b293-4214-8ada-e6a1e5e0bb4b,제일상회,참기름,대구남문시장,전통시장,대구광역시,,,
d36f34827d078f657133,full_annotation_v1,A,q_식자재_12,참기름 짜는 곳,식료품 중 '식자재'를 판매·제공하는 매장,val,식자재,T4 구어·문장,03e3e424-656a-46ea-82b7-21bcc07cae47,초왕상회,"곡물, 농산물",전주남부시장,전통시장,전북특별자치도,,,
4b3a98b3c09a0c33223d,full_annotation_v1,A,q_식자재_12,참기름 짜는 곳,식료품 중 '식자재'를 판매·제공하는 매장,val,식자재,T4 구어·문장,f9adfa19-d03c-4904-b23f-c7699aa754c1,중앙기름,참기름,비단길현대시장,전통시장,서울특별시,,,
f07d3d15558698da7635,full_annotation_v1,A,q_식자재_12,참기름 짜는 곳,식료품 중 '식자재'를 판매·제공하는 매장,val,식자재,T4 구어·문장,0e55c547-1afc-4f0f-ba7b-e6f0e64ba894,신용참기름,참기름,영천공설시장,전통시장,경상북도,,,
2656180e662f8367b5af,full_annotation_v1,A,q_식자재_12,참기름 짜는 곳,식료품 중 '식자재'를 판매·제공하는 매장,val,식자재,T4 구어·문장,8c9f9397-e2d7-4185-a280-7890f383a475,충무참기름,참기름,통영중앙전통시장,전통시장,경상남도,,,
68effefbb43ace362221,full_annotation_v1,A,q_식자재_12,참기름 짜는 곳,식료품 중 '식자재'를 판매·제공하는 매장,val,식자재,T4 구어·문장,9df77cfc-4c37-44ce-bb25-d2bff73285de,전통고추참기름집,참기름,태화시장,전통시장,울산광역시,,,
a101e5a061d793de2fef,full_annotation_v1,A,q_식자재_12,참기름 짜는 곳,식료품 중 '식자재'를 판매·제공하는 매장,val,식자재,T4 구어·문장,00fea2e0-f294-46b6-af68-655475e888be,동양유통,"곡물, 식자재",김해새벽시장,기타,경상남도,,,
fa2c1048ad77f3c1edd1,full_annotation_v1,A,q_식자재_12,참기름 짜는 곳,식료품 중 '식자재'를 판매·제공하는 매장,val,식자재,T4 구어·문장,03a76ac4-8d8b-4dca-8511-ee9ce7ad4f18,경미상회,건어물,구서오시게시장,전통시장,부산광역시,,,
0ae05935bb90018712e4,full_annotation_v1,A,q_식자재_12,참기름 짜는 곳,식료품 중 '식자재'를 판매·제공하는 매장,val,식자재,T4 구어·문장,01e4cef2-9c12-4be0-9c3e-5a09ab67f7f5,대명제유,"고추, 기름",의정부제일시장,전통시장,경기도,,,
aa9f47f19965e750e2d5,full_annotation_v1,A,q_식자재_12,참기름 짜는 곳,식료품 중 '식자재'를 판매·제공하는 매장,val,식자재,T4 구어·문장,439ddc60-cc42-4510-83d6-7a1e2646b216,경주상회,참기름,안강공설시장,전통시장,경상북도,,,
49d850659ed3f80c2309,full_annotation_v1,A,q_식자재_12,참기름 짜는 곳,식료품 중 '식자재'를 판매·제공하는 매장,val,식자재,T4 구어·문장,7af43c30-205b-4b40-9c75-49c25098a730,덕하참기름,참기름,덕신1차시장,전통시장,울산광역시,,,
2befdf5c3ee595ca1d6c,full_annotation_v1,A,q_식자재_12,참기름 짜는 곳,식료품 중 '식자재'를 판매·제공하는 매장,val,식자재,T4 구어·문장,2bb6d501-0966-4b1d-a202-a50e119ab122,형보 참기름,참기름,한라종합시장,전통시장,경상북도,,,
50f14f63d419843a8d88,full_annotation_v1,A,q_식자재_12,참기름 짜는 곳,식료품 중 '식자재'를 판매·제공하는 매장,val,식자재,T4 구어·문장,96fb064b-dc7d-4afa-8a17-2c8f84666089,두호참기름,참기름,두호1시장,전통시장,경상북도,,,
af7eeb6fb1d446f0249d,full_annotation_v1,A,q_식자재_12,참기름 짜는 곳,식료품 중 '식자재'를 판매·제공하는 매장,val,식자재,T4 구어·문장,cfff74cc-7f54-4878-8c77-428fcc1eb1a5,충무로방앗간,참기름,인현시장 상점가,자율상권구역,서울특별시,,,
b11961c0cf24699617ca,full_annotation_v1,A,q_식자재_12,참기름 짜는 곳,식료품 중 '식자재'를 판매·제공하는 매장,val,식자재,T4 구어·문장,56beebc4-46d9-45ff-ba84-6219c5ac5115,동언상회,참기름,김해 동상전통시장,전통시장,경상남도,,,
f6eb78374752ad2a3387,full_annotation_v1,A,q_식자재_12,참기름 짜는 곳,식료품 중 '식자재'를 판매·제공하는 매장,val,식자재,T4 구어·문장,24456103-f6b8-46af-8655-82e61d7265d8,커피가 머무르는 곳,커피,반드레길골목형상점가,골목형상점가,서울특별시,,,
9cc03e0c7a39c5cd649e,full_annotation_v1,A,q_식자재_12,참기름 짜는 곳,식료품 중 '식자재'를 판매·제공하는 매장,val,식자재,T4 구어·문장,67506593-af9a-4396-98fa-404f1b79ab1b,진주상회,참기름,복이있는덕포시장,전통시장,부산광역시,,,
aa7aa2f617cdfbb4afd1,full_annotation_v1,A,q_식자재_12,참기름 짜는 곳,식료품 중 '식자재'를 판매·제공하는 매장,val,식자재,T4 구어·문장,ac31c1f7-f16d-4aaa-99b4-cc8f016f5b09,신토참기름,참기름,덕신1차시장,전통시장,울산광역시,,,
f5ee67d66cd89e8b40a4,full_annotation_v1,A,q_식자재_12,참기름 짜는 곳,식료품 중 '식자재'를 판매·제공하는 매장,val,식자재,T4 구어·문장,0e224dee-e545-48f6-95af-5a197b33a076,경북식품,식용유,가락몰골목형상점가,골목형상점가,서울특별시,,,
c1ca3c7ba3ca20bfc991,full_annotation_v1,A,q_식자재_12,참기름 짜는 곳,식료품 중 '식자재'를 판매·제공하는 매장,val,식자재,T4 구어·문장,8bc21103-bc02-4f1f-8cd9-c8d5383a64eb,백운참기름,참기름,백운 대성시장 골목형상점가,골목형상점가,광주광역시,,,
83d6abd2157ad2f24b55,full_annotation_v1,A,q_식자재_12,참기름 짜는 곳,식료품 중 '식자재'를 판매·제공하는 매장,val,식자재,T4 구어·문장,4c3d8192-9217-4d36-b174-8970d1d5332f,형제상회,참기름,원당시장(구 원당전통시장),전통시장,경기도,,,
9a13812b7bb7876d7537,full_annotation_v1,A,q_식자재_12,참기름 짜는 곳,식료품 중 '식자재'를 판매·제공하는 매장,val,식자재,T4 구어·문장,2554094b-4a93-40bf-838a-634712d00c50,제일방앗간,참기름,말바우시장,전통시장,광주광역시,,,
b8aa73b6dc7d2e3b6ae2,full_annotation_v1,A,q_식자재_12,참기름 짜는 곳,식료품 중 '식자재'를 판매·제공하는 매장,val,식자재,T4 구어·문장,8d1dc46f-8db8-4efe-b651-008e987c479b,광주참기름,참기름,양동시장,전통시장,광주광역시,,,
3a1774bb96d5f067120b,full_annotation_v1,A,q_식자재_12,참기름 짜는 곳,식료품 중 '식자재'를 판매·제공하는 매장,val,식자재,T4 구어·문장,c2172797-86f1-436f-beca-4420792dce46,제일기름집,참기름,수유중앙시장,전통시장,서울특별시,,,
018652bd1b36a2c12ddb,full_annotation_v1,A,q_식자재_12,참기름 짜는 곳,식료품 중 '식자재'를 판매·제공하는 매장,val,식자재,T4 구어·문장,ae5fb5cf-5622-4158-87e4-20e5f75cad32,자유참기름,참기름,목포자유시장,전통시장,전라남도,,,
d15c29f441bb11cac17f,full_annotation_v1,A,q_식자재_12,참기름 짜는 곳,식료품 중 '식자재'를 판매·제공하는 매장,val,식자재,T4 구어·문장,dbb20618-50f7-4379-9ba7-d972fdf0cc5f,보문참기름,참기름,신매시장,전통시장,대구광역시,,,
c57777f316ca1d6922a3,full_annotation_v1,A,q_식자재_12,참기름 짜는 곳,식료품 중 '식자재'를 판매·제공하는 매장,val,식자재,T4 구어·문장,2ea37bd9-4cf0-4c42-a175-a5f7b6affeaf,골목참기름,참기름,하양꿈바우시장,전통시장,경상북도,,,
20bbcd8a2d628387745c,full_annotation_v1,A,q_식자재_12,참기름 짜는 곳,식료품 중 '식자재'를 판매·제공하는 매장,val,식자재,T4 구어·문장,4d4c8430-a40f-4b41-99cb-918a4bee4dda,천일상회,참기름,진주 청과시장,전통시장,경상남도,,,
7cc2d716a219e699a8c5,full_annotation_v1,A,q_식자재_12,참기름 짜는 곳,식료품 중 '식자재'를 판매·제공하는 매장,val,식자재,T4 구어·문장,f0f6e270-7c10-4e2f-80a2-018b45d13aee,금빛 참기름,참기름,수유재래시장,전통시장,서울특별시,,,
61dd34e5408c81b5225c,full_annotation_v1,A,q_식자재_12,참기름 짜는 곳,식료품 중 '식자재'를 판매·제공하는 매장,val,식자재,T4 구어·문장,4f96f46d-a3e7-4580-980a-65debcb1ff77,시장상회,참기름,밀양 수산시장,전통시장,경상남도,,,
9ea48b8a2a4718051c97,full_annotation_v1,A,q_식자재_12,참기름 짜는 곳,식료품 중 '식자재'를 판매·제공하는 매장,val,식자재,T4 구어·문장,f13b39f5-33bd-4daa-8477-f5b2f46568d0,야음참기름,참기름,울산번개시장,전통시장,울산광역시,,,
d638b6efa98ba748e08a,full_annotation_v1,A,q_식자재_12,참기름 짜는 곳,식료품 중 '식자재'를 판매·제공하는 매장,val,식자재,T4 구어·문장,ece60893-1d8a-4c0c-9439-64a7f28a35f3,수연참기름,참기름,신매시장,전통시장,대구광역시,,,
6bad6b7b7a5cbe7e31f9,full_annotation_v1,A,q_식자재_12,참기름 짜는 곳,식료품 중 '식자재'를 판매·제공하는 매장,val,식자재,T4 구어·문장,f278df0c-35c9-48a9-9a21-cf788e2b4cc9,러블리에스테틱,피부미용,포항운하송림시장,전통시장,경상북도,,,
94cbfb5231a7ac1f1410,full_annotation_v1,A,q_식자재_12,참기름 짜는 곳,식료품 중 '식자재'를 판매·제공하는 매장,val,식자재,T4 구어·문장,3671941c-bbf2-4cd2-8904-507c93c05542,대명상회,"참기름, 참기름 제조",연산골목시장상점가,자율상권구역,부산광역시,,,
89abef4d51172feb2af1,full_annotation_v1,A,q_식자재_12,참기름 짜는 곳,식료품 중 '식자재'를 판매·제공하는 매장,val,식자재,T4 구어·문장,6d7d4dbd-78cd-4aed-a5a0-848e5e0a6d1b,참조은농산물,참기름,방학동도깨비시장,전통시장,서울특별시,,,
35e3692f92de2ff932bd,full_annotation_v1,A,q_식자재_12,참기름 짜는 곳,식료품 중 '식자재'를 판매·제공하는 매장,val,식자재,T4 구어·문장,bed4402f-47db-4a54-9c05-7887f665c0b8,대성상회,참기름,구역전시장,전통시장,울산광역시,,,
d63da2106e4a0dba803e,full_annotation_v1,A,q_식자재_12,참기름 짜는 곳,식료품 중 '식자재'를 판매·제공하는 매장,val,식자재,T4 구어·문장,baafccab-0425-4bf1-9375-55470c7e61ab,현대참기름,참기름,진주 동부시장,전통시장,경상남도,,,
33cc2e178b5e066adf46,full_annotation_v1,A,q_식자재_12,참기름 짜는 곳,식료품 중 '식자재'를 판매·제공하는 매장,val,식자재,T4 구어·문장,4b30d6d1-e9f3-43c8-81ce-aeceecf4abb3,깨볶는가족,참기름,내당제일골목형상점가,골목형상점가,대구광역시,,,
1b12aec5446ef895649e,full_annotation_v1,A,q_식자재_12,참기름 짜는 곳,식료품 중 '식자재'를 판매·제공하는 매장,val,식자재,T4 구어·문장,00bf0e58-0696-472a-8a12-945c44dc9435,오복상회,쌀,백년시장(구 강북종합전통시장),전통시장,서울특별시,,,
084e6e2354894234eec1,full_annotation_v1,A,q_식자재_12,참기름 짜는 곳,식료품 중 '식자재'를 판매·제공하는 매장,val,식자재,T4 구어·문장,284b01f9-3e3e-457a-9745-cebee37255d3,오복상회,참기름,김해 외동전통시장,전통시장,경상남도,,,
41a3becb6af111e5622c,full_annotation_v1,A,q_식자재_12,참기름 짜는 곳,식료품 중 '식자재'를 판매·제공하는 매장,val,식자재,T4 구어·문장,202274cf-92ec-4885-bc04-54cc83502e56,골목집엄마방,의류,창원 소답시장,전통시장,경상남도,,,
ec40d3ff5976bdf2d733,full_annotation_v1,A,q_식자재_12,참기름 짜는 곳,식료품 중 '식자재'를 판매·제공하는 매장,val,식자재,T4 구어·문장,36d1204d-969f-415c-af2a-c6adac7fbdf0,네일해꾸,네일,풍암동부상인회 골목형상점가,골목형상점가,광주광역시,,,
43e2868179134488ccda,full_annotation_v1,A,q_식자재_12,참기름 짜는 곳,식료품 중 '식자재'를 판매·제공하는 매장,val,식자재,T4 구어·문장,560ed06b-2a6a-4e92-86c8-e7a950cb0955,영덕참기름,참기름,대송시장,전통시장,울산광역시,,,
a242c49bc5b65899e1a1,full_annotation_v1,A,q_식자재_12,참기름 짜는 곳,식료품 중 '식자재'를 판매·제공하는 매장,val,식자재,T4 구어·문장,9e9025f2-17ae-40ba-b977-3187dda0f611,명진기름집,참기름,고성시장,전통시장,경상남도,,,
98430828cb2985ec4528,full_annotation_v1,A,q_식자재_12,참기름 짜는 곳,식료품 중 '식자재'를 판매·제공하는 매장,val,식자재,T4 구어·문장,7b13e943-36fc-4eca-8b7f-9aa7b054e7fe,손가네 참기름,참기름,안강공설시장,전통시장,경상북도,,,
7584b35a7ded8240e974,full_annotation_v1,A,q_식자재_12,참기름 짜는 곳,식료품 중 '식자재'를 판매·제공하는 매장,val,식자재,T4 구어·문장,56bb8c47-3010-4d75-a16c-b286f4c4b58a,대구상회,참기름,동울산종합시장,전통시장,울산광역시,,,
9bfa9f94a52387ef97bc,full_annotation_v1,A,q_식자재_12,참기름 짜는 곳,식료품 중 '식자재'를 판매·제공하는 매장,val,식자재,T4 구어·문장,00362b85-cb9a-4318-9059-12f768d76197,파리바게뜨전주인후점,제과점,소나무 골목형상점가,골목형상점가,전북특별자치도,,,
72994db91e1ebda4d7e2,full_annotation_v1,A,q_식자재_12,참기름 짜는 곳,식료품 중 '식자재'를 판매·제공하는 매장,val,식자재,T4 구어·문장,7afc3db4-0e3a-4f50-8b82-67861c9e44ba,의성상회,참기름,봉덕신시장,전통시장,대구광역시,,,
9afee7ebb897ef37e17e,full_annotation_v1,A,q_식자재_12,참기름 짜는 곳,식료품 중 '식자재'를 판매·제공하는 매장,val,식자재,T4 구어·문장,0b8ef6dc-2f6b-4707-bd73-529122d9c97a,하단떡집,떡집,하단오일상설시장,전통시장,부산광역시,,,
894f5bb22e84e7f74b66,full_annotation_v1,A,q_식자재_12,참기름 짜는 곳,식료품 중 '식자재'를 판매·제공하는 매장,val,식자재,T4 구어·문장,31d10bb1-e36d-4d05-b869-8faed494fa9c,장수식품,참기름,산본전통시장(구 군포산본시장),전통시장,경기도,,,
555f4cd2e02b638f665e,full_annotation_v1,A,q_식자재_12,참기름 짜는 곳,식료품 중 '식자재'를 판매·제공하는 매장,val,식자재,T4 구어·문장,00eca8e7-b158-4572-b540-c241f4ad2546,거창상회,식자재,충무동 새벽시장,전통시장,부산광역시,,,
416c4f11993f39622aa2,full_annotation_v1,A,q_식자재_12,참기름 짜는 곳,식료품 중 '식자재'를 판매·제공하는 매장,val,식자재,T4 구어·문장,c54ff01d-fa07-4e13-ad1a-a71700c28f3a,협농즉석참기름,참기름,선산봉황시장(구 선산종합시장),전통시장,경상북도,,,
95ef4ebd2d8a9aff6c9b,full_annotation_v1,A,q_식자재_12,참기름 짜는 곳,식료품 중 '식자재'를 판매·제공하는 매장,val,식자재,T4 구어·문장,fd25f677-97af-4870-a190-34b81e39e91c,경북상회,참기름,수안인정시장,전통시장,부산광역시,,,
0f5566ab7f4c517837ba,full_annotation_v1,A,q_식자재_12,참기름 짜는 곳,식료품 중 '식자재'를 판매·제공하는 매장,val,식자재,T4 구어·문장,d4b80fb6-65d8-4953-b652-e2f6dc2dcd3b,일왕참기름,참기름,진주 새서부시장,전통시장,경상남도,,,
a730f0c7e4530800ded3,full_annotation_v1,A,q_식자재_12,참기름 짜는 곳,식료품 중 '식자재'를 판매·제공하는 매장,val,식자재,T4 구어·문장,06bbe239-5774-4794-91c3-b45901659200,성진상회,식용유,고성시장,전통시장,경상남도,,,
ab3973de9412b5c21331,full_annotation_v1,A,q_식자재_12,참기름 짜는 곳,식료품 중 '식자재'를 판매·제공하는 매장,val,식자재,T4 구어·문장,7bce2e60-69a1-4e92-809b-5bce64a7d58b,경북상회,참기름,경주중앙시장,전통시장,경상북도,,,
80ab73fdb85f05cbdf35,full_annotation_v1,A,q_식자재_12,참기름 짜는 곳,식료품 중 '식자재'를 판매·제공하는 매장,val,식자재,T4 구어·문장,f45bd6d8-d583-4ddb-8696-487108565142,중앙상회,참기름,우이골목시장골목형상점가,골목형상점가,서울특별시,,,
62d7aed16eb039d6e3de,full_annotation_v1,A,q_식자재_12,참기름 짜는 곳,식료품 중 '식자재'를 판매·제공하는 매장,val,식자재,T4 구어·문장,ea490544-8d8b-4d44-b503-d42e7476124a,남목참기름,참기름,남목전통시장,전통시장,울산광역시,,,
15e373fa4fa133ab01c2,full_annotation_v1,A,q_식자재_12,참기름 짜는 곳,식료품 중 '식자재'를 판매·제공하는 매장,val,식자재,T4 구어·문장,d846e0ba-7139-445e-a970-b801e7f9e2e7,대원식품,식육,화산면 골목형상점가,골목형상점가,전라남도,,,
5baae6c497013698a8ce,full_annotation_v1,A,q_식자재_12,참기름 짜는 곳,식료품 중 '식자재'를 판매·제공하는 매장,val,식자재,T4 구어·문장,795a2bf1-a5c7-4277-8840-71681b547780,북신참기름,참기름,통영 북신전통시장,전통시장,경상남도,,,
4e57c1804697ca523cdf,full_annotation_v1,A,q_식자재_12,참기름 짜는 곳,식료품 중 '식자재'를 판매·제공하는 매장,val,식자재,T4 구어·문장,efe26b17-f8f1-42cb-bd60-99e298b8ad9f,한려참기름,참기름,통영 서호전통시장,전통시장,경상남도,,,
2b65d87b4befa93f2f22,full_annotation_v1,A,q_식자재_12,참기름 짜는 곳,식료품 중 '식자재'를 판매·제공하는 매장,val,식자재,T4 구어·문장,001961d9-cb5d-40bc-903a-33d483f7d132,헬씨스탠다드,"건강기능식품, 쌀, 견과류, 약재",응암소담길 골목형상점가,골목형상점가,서울특별시,,,
95c0a26578f477da1d9f,full_annotation_v1,A,q_식자재_12,참기름 짜는 곳,식료품 중 '식자재'를 판매·제공하는 매장,val,식자재,T4 구어·문장,5d3f9f64-8609-4cd8-8a59-b2ae78bbc3ce,돌다리방앗간,참기름,청주육거리종합시장,전통시장,충청북도,,,
e14cf3fc9ca9b2a3e126,full_annotation_v1,A,q_식자재_12,참기름 짜는 곳,식료품 중 '식자재'를 판매·제공하는 매장,val,식자재,T4 구어·문장,f4b907f9-17c7-48ba-b3ad-9735b4421047,꼬소한세상,참기름,창녕 남지시장,전통시장,경상남도,,,
f5f04788db4d9ce1098e,full_annotation_v1,A,q_식자재_12,참기름 짜는 곳,식료품 중 '식자재'를 판매·제공하는 매장,val,식자재,T4 구어·문장,49f69a54-e7ca-4178-9e6b-bf960be19c3d,하나참기름,참기름,청학시장,전통시장,부산광역시,,,
4f0314ccf7e61c4d4e8d,full_annotation_v1,A,q_식자재_12,참기름 짜는 곳,식료품 중 '식자재'를 판매·제공하는 매장,val,식자재,T4 구어·문장,29c3873e-f93b-4921-be12-13bd7c91c4c6,현대참기름,참기름,무거현대시장,골목형상점가,울산광역시,,,
9cdb9700a71e4535730d,full_annotation_v1,A,q_식자재_12,참기름 짜는 곳,식료품 중 '식자재'를 판매·제공하는 매장,val,식자재,T4 구어·문장,dd34f65e-3e3b-408c-bacb-25f84197f0a6,언양원조참기름집,참기름,언양알프스시장,전통시장,울산광역시,,,
7a89b70f664dba86d776,full_annotation_v1,A,q_식자재_12,참기름 짜는 곳,식료품 중 '식자재'를 판매·제공하는 매장,val,식자재,T4 구어·문장,001bc028-a43e-44d4-9682-db280a4998cc,파리바게뜨전주근영점,제과점,근영누리 골목형상점가,골목형상점가,전북특별자치도,,,
fea00bb460f85795e368,full_annotation_v1,A,q_식자재_12,참기름 짜는 곳,식료품 중 '식자재'를 판매·제공하는 매장,val,식자재,T4 구어·문장,20bcdecc-6978-4f4d-86c5-d22cb0afb1e9,충남참기름,참기름,공덕시장,전통시장,서울특별시,,,
3493d50bdc897780826a,full_annotation_v1,A,q_식자재_12,참기름 짜는 곳,식료품 중 '식자재'를 판매·제공하는 매장,val,식자재,T4 구어·문장,011f646c-0d2f-4770-a90e-d5d39e580d38,올 푸드,식자재,두암시장,전통시장,광주광역시,,,
c45b6408f7199ba5ac4a,full_annotation_v1,A,q_식자재_12,참기름 짜는 곳,식료품 중 '식자재'를 판매·제공하는 매장,val,식자재,T4 구어·문장,00e80339-1353-4885-81d7-0746a437abb2,포식 용인한숲시티점,쌀국수 돈까스 함박스테이크,남사한숲 골목형상점가,골목형상점가,경기도,,,
f329b2dcee0fc95aa3cd,full_annotation_v1,A,q_식자재_12,참기름 짜는 곳,식료품 중 '식자재'를 판매·제공하는 매장,val,식자재,T4 구어·문장,33309b37-ec1b-41a5-be52-de0282463e23,우성농산,참기름,충정로56출구 골목형상점가,골목형상점가,서울특별시,,,
5b896143fae67bcec6d4,full_annotation_v1,A,q_식자재_12,참기름 짜는 곳,식료품 중 '식자재'를 판매·제공하는 매장,val,식자재,T4 구어·문장,00ec16f5-8b45-4af1-bb1b-6389f2412be8,수진식품,"참기름, 고추가루등",김해 진영전통시장,전통시장,경상남도,,,
a96ebc6acdb8adfde375,full_annotation_v1,A,q_식자재_12,참기름 짜는 곳,식료품 중 '식자재'를 판매·제공하는 매장,val,식자재,T4 구어·문장,023b2cb4-7f9e-4b85-9888-474ee933954a,산척제유소,방앗간,충주자유시장,전통시장,충청북도,,,
fb8a0fdb875030ac9924,full_annotation_v1,A,q_식자재_12,참기름 짜는 곳,식료품 중 '식자재'를 판매·제공하는 매장,val,식자재,T4 구어·문장,d179276d-3009-4824-8411-d40a9348cd5f,동래참기름,참기름,동래시장,전통시장,부산광역시,,,
a56abb1a97d9f7344b0b,full_annotation_v1,A,q_식자재_12,참기름 짜는 곳,식료품 중 '식자재'를 판매·제공하는 매장,val,식자재,T4 구어·문장,41469a27-7ea4-4358-9841-7eb3b52c4ba3,대구상회,참기름,수정전통시장,전통시장,부산광역시,,,
96f30830c02fe389b30f,full_annotation_v1,A,q_식자재_12,참기름 짜는 곳,식료품 중 '식자재'를 판매·제공하는 매장,val,식자재,T4 구어·문장,7a151006-6355-4ecb-be9d-55f7bc5a105d,협농참기름,참기름,신평리시장,전통시장,대구광역시,,,
11054067df825d867382,full_annotation_v1,A,q_식자재_12,참기름 짜는 곳,식료품 중 '식자재'를 판매·제공하는 매장,val,식자재,T4 구어·문장,d5abfa4f-7fee-469c-914a-291e6a341ad5,부민참기름,참기름,경주성동공설시장,전통시장,경상북도,,,
aef910c459f839fbfb32,full_annotation_v1,A,q_식자재_13,식자배,식료품 중 '식자재'를 판매·제공하는 매장,val,식자재,T6 기계변형,1b261594-5af8-45f7-844d-e0336f443827,세광,식자재,경리단길 골목형상점가,골목형상점가,서울특별시,,,
6a502668604be58d879a,full_annotation_v1,A,q_식자재_13,식자배,식료품 중 '식자재'를 판매·제공하는 매장,val,식자재,T6 기계변형,8968eeb5-56de-4efc-9ae2-4c7e6afaf040,삼연상회,식자재,안양농수산물 골목형상점가,골목형상점가,경기도,,,
2bc2d533b76645c57e68,full_annotation_v1,A,q_식자재_13,식자배,식료품 중 '식자재'를 판매·제공하는 매장,val,식자재,T6 기계변형,01859206-536a-40a7-be1e-c8610663a665,동원참기름,참기름,안강공설시장,전통시장,경상북도,,,
ba327372fa4c46951236,full_annotation_v1,A,q_식자재_13,식자배,식료품 중 '식자재'를 판매·제공하는 매장,val,식자재,T6 기계변형,aea90639-adc6-4e31-a4b4-90a3ba4e6295,정옥순홍어무침,홍어무침,상현2동 골목형상점가,골목형상점가,경기도,,,
2a1e8620637772dfb89a,full_annotation_v1,A,q_식자재_13,식자배,식료품 중 '식자재'를 판매·제공하는 매장,val,식자재,T6 기계변형,03e3e424-656a-46ea-82b7-21bcc07cae47,초왕상회,"곡물, 농산물",전주남부시장,전통시장,전북특별자치도,,,
b6d8e8b60e1cdebbf46a,full_annotation_v1,A,q_식자재_13,식자배,식료품 중 '식자재'를 판매·제공하는 매장,val,식자재,T6 기계변형,0017714f-cbac-4f85-a148-338ddcefe41c,유수담,"쌀, 계란, 신선식품",익산북부시장,전통시장,전북특별자치도,,,
3840ad5e59f3e77d2eed,full_annotation_v1,A,q_식자재_13,식자배,식료품 중 '식자재'를 판매·제공하는 매장,val,식자재,T6 기계변형,01e4cef2-9c12-4be0-9c3e-5a09ab67f7f5,대명제유,"고추, 기름",의정부제일시장,전통시장,경기도,,,
d491f565767532faaaa5,full_annotation_v1,A,q_식자재_13,식자배,식료품 중 '식자재'를 판매·제공하는 매장,val,식자재,T6 기계변형,98975d4d-975d-4b48-803f-76ab99b1a352,준유통,식자재,안양농수산물 골목형상점가,골목형상점가,경기도,,,
51098546afc9cdd0f213,full_annotation_v1,A,q_식자재_13,식자배,식료품 중 '식자재'를 판매·제공하는 매장,val,식자재,T6 기계변형,0046e3b5-e973-4cc0-807c-acb34ad8e262,야음민속떡집,제조업(떡방앗간),울산번개시장,전통시장,울산광역시,,,
b933fb394824343186d3,full_annotation_v1,A,q_식자재_13,식자배,식료품 중 '식자재'를 판매·제공하는 매장,val,식자재,T6 기계변형,b6e251c3-42d0-45f7-a370-b89ee1166827,만명상회,식자재,춘천중앙시장,전통시장,강원특별자치도,,,
c492a685b4e8f911784a,full_annotation_v1,A,q_식자재_13,식자배,식료품 중 '식자재'를 판매·제공하는 매장,val,식자재,T6 기계변형,01a5f192-c482-46e3-8b58-5358216d0749,풍전기름집,참기름,화곡본동시장,전통시장,서울특별시,,,
7f46a4631625361a393c,full_annotation_v1,A,q_식자재_13,식자배,식료품 중 '식자재'를 판매·제공하는 매장,val,식자재,T6 기계변형,069158d8-74fb-41c9-b9d7-197d7f99e7ae,만성식당,한식,마산어시장,전통시장,경상남도,,,
cf899bcc3707006595ac,full_annotation_v1,A,q_식자재_13,식자배,식료품 중 '식자재'를 판매·제공하는 매장,val,식자재,T6 기계변형,e699580d-aa3d-4800-ba2b-cefc63a8eddd,이지팜마켓,식자재,구리전통시장,전통시장,경기도,,,
0068a270248f82d8ef8e,full_annotation_v1,A,q_식자재_13,식자배,식료품 중 '식자재'를 판매·제공하는 매장,val,식자재,T6 기계변형,82e77537-5ca8-4253-8909-81ce00508500,동방,식자재,제천약초시장,전통시장,충청북도,,,
5fd73eded692e4a8cd9e,full_annotation_v1,A,q_식자재_13,식자배,식료품 중 '식자재'를 판매·제공하는 매장,val,식자재,T6 기계변형,4abe77ee-1384-4cb8-9828-888f2f4e850e,윤덕식품,식자재,순천역전시장상가,자율상권구역,전라남도,,,
1dcd45818ccb140f3cc8,full_annotation_v1,A,q_식자재_13,식자배,식료품 중 '식자재'를 판매·제공하는 매장,val,식자재,T6 기계변형,00e80339-1353-4885-81d7-0746a437abb2,포식 용인한숲시티점,쌀국수 돈까스 함박스테이크,남사한숲 골목형상점가,골목형상점가,경기도,,,
89ec5a24bed646fe5306,full_annotation_v1,A,q_식자재_13,식자배,식료품 중 '식자재'를 판매·제공하는 매장,val,식자재,T6 기계변형,4a4dc5be-095c-4ff7-88ec-e09a4095af09,청성,식자재 건어물,공릉동도깨비시장,전통시장,서울특별시,,,
639f1919da5d50a38b6d,full_annotation_v1,A,q_식자재_13,식자배,식료품 중 '식자재'를 판매·제공하는 매장,val,식자재,T6 기계변형,0b8ef6dc-2f6b-4707-bd73-529122d9c97a,하단떡집,떡집,하단오일상설시장,전통시장,부산광역시,,,
319022691217b2ab5f7b,full_annotation_v1,A,q_식자재_13,식자배,식료품 중 '식자재'를 판매·제공하는 매장,val,식자재,T6 기계변형,2fd72cbb-da88-4c4c-b309-e4d772473378,성진식자재,식자재,부평깡시장,전통시장,인천광역시,,,
523fba91038ee904de53,full_annotation_v1,A,q_식자재_13,식자배,식료품 중 '식자재'를 판매·제공하는 매장,val,식자재,T6 기계변형,bac0e7d5-920d-430c-8bcc-1652e4f574c3,안산상회,식자재,하대원공설시장,전통시장,경기도,,,
538392e5bf47db847511,full_annotation_v1,A,q_식자재_13,식자배,식료품 중 '식자재'를 판매·제공하는 매장,val,식자재,T6 기계변형,001cb3d4-5441-4963-b517-d5b3904ee312,현창떡집,떡집,목포동부시장,전통시장,전라남도,,,
8a76cbacce6c563ff3c5,full_annotation_v1,A,q_식자재_13,식자배,식료품 중 '식자재'를 판매·제공하는 매장,val,식자재,T6 기계변형,2b3b3d55-cf2a-490f-8caf-79baa3eb907f,마포식자재,식자재,마포농수산물시장,전통시장,서울특별시,,,
95bd6cfe5edb3d645278,full_annotation_v1,A,q_식자재_13,식자배,식료품 중 '식자재'를 판매·제공하는 매장,val,식자재,T6 기계변형,021bf03c-8b83-4288-89c5-15a4a162142b,신선식품,식자재,사천읍시장,전통시장,경상남도,,,
dfa117c7e59b8b699b48,full_annotation_v1,A,q_식자재_13,식자배,식료품 중 '식자재'를 판매·제공하는 매장,val,식자재,T6 기계변형,469e4887-18f4-42ff-929e-46be7e691b0e,샛별건어물,식자재,여수교동시장,전통시장,전라남도,,,
891e2e0500620cdd6dff,full_annotation_v1,A,q_식자재_13,식자배,식료품 중 '식자재'를 판매·제공하는 매장,val,식자재,T6 기계변형,23d420b2-7574-4d4b-ba8f-fb960f9ff3df,한울농원,식자재,부평종합시장,전통시장,인천광역시,,,
79b374c0aeebe26b6c7c,full_annotation_v1,A,q_식자재_13,식자배,식료품 중 '식자재'를 판매·제공하는 매장,val,식자재,T6 기계변형,e3591156-e5cf-48c4-a147-45c736b28810,해정상회,식자재,칠성본시장,전통시장,대구광역시,,,
d144750ebc0579041b13,full_annotation_v1,A,q_식자재_13,식자배,식료품 중 '식자재'를 판매·제공하는 매장,val,식자재,T6 기계변형,40ece9fe-d218-4f98-8326-9e0af34030c6,로엔진,식자재,전주남부시장,전통시장,전북특별자치도,,,
2620d69d4b0839e47acc,full_annotation_v1,A,q_식자재_13,식자배,식료품 중 '식자재'를 판매·제공하는 매장,val,식자재,T6 기계변형,0b69c684-9b0b-490b-892e-9267cf4662a3,윤수참기름,식용유,진주 청과시장,전통시장,경상남도,,,
b78ed9b7b7271b066ac7,full_annotation_v1,A,q_식자재_13,식자배,식료품 중 '식자재'를 판매·제공하는 매장,val,식자재,T6 기계변형,00362b85-cb9a-4318-9059-12f768d76197,파리바게뜨전주인후점,제과점,소나무 골목형상점가,골목형상점가,전북특별자치도,,,
1ff036f1f07cebf26411,full_annotation_v1,A,q_식자재_13,식자배,식료품 중 '식자재'를 판매·제공하는 매장,val,식자재,T6 기계변형,044b74fa-bb37-480b-8d36-3f7676cf2fb4,영진상회,곡물,청주육거리종합시장,전통시장,충청북도,,,
7cf0af6b3a7cb446a7c2,full_annotation_v1,A,q_식자재_13,식자배,식료품 중 '식자재'를 판매·제공하는 매장,val,식자재,T6 기계변형,4f7091a3-f69d-4a0b-b405-8087ea69267c,사주타로,"내의, 의류, 사주타로",고투몰(강남터미널지하도상점가),일반지하상점가,서울특별시,,,
ed9813e6c7008b46bb46,full_annotation_v1,A,q_식자재_13,식자배,식료품 중 '식자재'를 판매·제공하는 매장,val,식자재,T6 기계변형,0e224dee-e545-48f6-95af-5a197b33a076,경북식품,식용유,가락몰골목형상점가,골목형상점가,서울특별시,,,
60d709e58c1c08a448b5,full_annotation_v1,A,q_식자재_13,식자배,식료품 중 '식자재'를 판매·제공하는 매장,val,식자재,T6 기계변형,716dd4aa-f889-4399-b33e-2bcc7d54e0e6,대성떡방,떡,건천시장,전통시장,경상북도,,,
0c5ba30db290a60eaca3,full_annotation_v1,A,q_식자재_13,식자배,식료품 중 '식자재'를 판매·제공하는 매장,val,식자재,T6 기계변형,00bf0e58-0696-472a-8a12-945c44dc9435,오복상회,쌀,백년시장(구 강북종합전통시장),전통시장,서울특별시,,,
1de3d5c449c856dbca67,full_annotation_v1,A,q_식자재_13,식자배,식료품 중 '식자재'를 판매·제공하는 매장,val,식자재,T6 기계변형,42e44c1c-5ba9-4129-a3e3-5d29091e8874,사계절푸드,식자재,칠성원시장,전통시장,대구광역시,,,
47bdce062d137c1ba87e,full_annotation_v1,A,q_식자재_13,식자배,식료품 중 '식자재'를 판매·제공하는 매장,val,식자재,T6 기계변형,00fea2e0-f294-46b6-af68-655475e888be,동양유통,"곡물, 식자재",김해새벽시장,기타,경상남도,,,
bfd35228d3cd81d1645d,full_annotation_v1,A,q_식자재_13,식자배,식료품 중 '식자재'를 판매·제공하는 매장,val,식자재,T6 기계변형,04c905ba-3172-4ea4-a6dd-4345d674dea0,덕순이네,제조업(떡집),장터길 골목형상점가,골목형상점가,경기도,,,
b400f2fd156e563ae21b,full_annotation_v1,A,q_식자재_13,식자배,식료품 중 '식자재'를 판매·제공하는 매장,val,식자재,T6 기계변형,8bd4021a-5a4e-44b9-9bd2-ac89abf07121,전북공판장,식자재 담배,진북동 골목형상점가,골목형상점가,전북특별자치도,,,
f73d4a28597c05b38058,full_annotation_v1,A,q_식자재_13,식자배,식료품 중 '식자재'를 판매·제공하는 매장,val,식자재,T6 기계변형,002d0d06-15b2-463e-b789-b0232bcc6681,뚜레주르버들마을점,제과,버들마을상인회 골목형상점가,골목형상점가,광주광역시,,,
1dd66c3c8ed0df5892b0,full_annotation_v1,A,q_식자재_13,식자배,식료품 중 '식자재'를 판매·제공하는 매장,val,식자재,T6 기계변형,320a4f5d-c9b1-4624-ade5-3353bf94edc9,위푸드,식자재,하대원공설시장,전통시장,경기도,,,
5da26be715219675b223,full_annotation_v1,A,q_식자재_13,식자배,식료품 중 '식자재'를 판매·제공하는 매장,val,식자재,T6 기계변형,092868ef-cdbe-426a-8e04-c1862bac5076,익산바이오,식용유,세종전통시장,전통시장,세종특별자치시,,,
6d5dd3d7594c21cc7de2,full_annotation_v1,A,q_식자재_13,식자배,식료품 중 '식자재'를 판매·제공하는 매장,val,식자재,T6 기계변형,005313c8-dce8-49b6-9841-9143ebb1305a,동원떡집,,박달시장,전통시장,경기도,,,
343411d75459a0c158b4,full_annotation_v1,A,q_식자재_13,식자배,식료품 중 '식자재'를 판매·제공하는 매장,val,식자재,T6 기계변형,01757e0a-7278-44bc-9fad-29595028ac3d,현대떡방앗간,방앗간,염매시장(의성중앙시장),전통시장,경상북도,,,
e09cb0d401ddc94cd3f8,full_annotation_v1,A,q_식자재_13,식자배,식료품 중 '식자재'를 판매·제공하는 매장,val,식자재,T6 기계변형,362b3a3a-8fac-4546-9644-147b96da261f,퍼팩트마트,식자재슈퍼,서구시장,전통시장,대구광역시,,,
ffd734b4b25bdcf55f50,full_annotation_v1,A,q_식자재_13,식자배,식료품 중 '식자재'를 판매·제공하는 매장,val,식자재,T6 기계변형,00ec16f5-8b45-4af1-bb1b-6389f2412be8,수진식품,"참기름, 고추가루등",김해 진영전통시장,전통시장,경상남도,,,
4d7631700f6ab2a22422,full_annotation_v1,A,q_식자재_13,식자배,식료품 중 '식자재'를 판매·제공하는 매장,val,식자재,T6 기계변형,67c18751-8bd4-4801-a4fd-4c26c7774f4b,청아식자재,식자재,소래포구종합어시장,자율상권구역,인천광역시,,,
d13599c71e01ff8655b8,full_annotation_v1,A,q_식자재_13,식자배,식료품 중 '식자재'를 판매·제공하는 매장,val,식자재,T6 기계변형,d08467c5-6f45-4537-9605-b05355d3a8c5,하늘유통,식자재,무안전통시장,전통시장,전라남도,,,
26191b22fe5e6d05f4c5,full_annotation_v1,A,q_식자재_13,식자배,식료품 중 '식자재'를 판매·제공하는 매장,val,식자재,T6 기계변형,011f646c-0d2f-4770-a90e-d5d39e580d38,올 푸드,식자재,두암시장,전통시장,광주광역시,,,
c40506aa93d891934919,full_annotation_v1,A,q_식자재_13,식자배,식료품 중 '식자재'를 판매·제공하는 매장,val,식자재,T6 기계변형,013444f9-7e9b-4640-84f0-43ac071ef57f,대림고추방아,"고추가루, 기름",부천강남시장,전통시장,경기도,,,
87c1e189048ba16415d7,full_annotation_v1,A,q_식자재_13,식자배,식료품 중 '식자재'를 판매·제공하는 매장,val,식자재,T6 기계변형,45e3ecac-a47d-4c75-a036-c7086111b83d,연일식품,식자재,목포자유시장,전통시장,전라남도,,,
a17d4c24d471a5ebcc73,full_annotation_v1,A,q_식자재_13,식자배,식료품 중 '식자재'를 판매·제공하는 매장,val,식자재,T6 기계변형,35eaa653-d1dc-42d0-b938-378799dda323,오르에,,경주중심상가,전통시장,경상북도,,,
ecb48cbca48e55e70955,full_annotation_v1,A,q_식자재_13,식자배,식료품 중 '식자재'를 판매·제공하는 매장,val,식자재,T6 기계변형,c961e1b6-706f-4e64-8b1f-095a721f8339,삼천포순대,한식,사천 삼천포중앙시장,전통시장,경상남도,,,
cb3c6fb3df1e41c99b96,full_annotation_v1,A,q_식자재_13,식자배,식료품 중 '식자재'를 판매·제공하는 매장,val,식자재,T6 기계변형,02223ab5-044d-40ad-8cc7-838ed325ada0,상옥쌀상회,쌀,영일대북부시장(구 북부시장),전통시장,경상북도,,,
00031cabea882552ddfb,full_annotation_v1,A,q_식자재_13,식자배,식료품 중 '식자재'를 판매·제공하는 매장,val,식자재,T6 기계변형,c4c84ceb-2d4b-4bfa-a1a6-5a97f21256c2,더웰마켓,식자재,의왕예술의거리골목형상점가,골목형상점가,경기도,,,
289f914f40d3c5eb5ed3,full_annotation_v1,A,q_식자재_13,식자배,식료품 중 '식자재'를 판매·제공하는 매장,val,식자재,T6 기계변형,bbbb36f8-2dd7-4fe4-8ba2-a6f74592cfc8,태양수산,수산물,보령중앙시장,전통시장,충청남도,,,
82bf87d714fcf2a61f82,full_annotation_v1,A,q_식자재_13,식자배,식료품 중 '식자재'를 판매·제공하는 매장,val,식자재,T6 기계변형,87dc0cc0-7a91-4a22-b161-a438b9682f3d,식자재백화점원일,식자재,부평깡시장,전통시장,인천광역시,,,
16d6578269768b737940,full_annotation_v1,A,q_식자재_13,식자배,식료품 중 '식자재'를 판매·제공하는 매장,val,식자재,T6 기계변형,d6f6ee56-ac8f-44ff-bb84-30a0da9062dd,제이제이,의류,금남지하도상가2공구,일반지하상점가,광주광역시,,,
4af3c8dca18b93d1b435,full_annotation_v1,A,q_식자재_13,식자배,식료품 중 '식자재'를 판매·제공하는 매장,val,식자재,T6 기계변형,e425286e-a810-463b-8360-29d5711dcd4f,한밭유통,식자재,마포농수산물시장,전통시장,서울특별시,,,
d2d01f9b5c6233427adc,full_annotation_v1,A,q_식자재_13,식자배,식료품 중 '식자재'를 판매·제공하는 매장,val,식자재,T6 기계변형,001961d9-cb5d-40bc-903a-33d483f7d132,헬씨스탠다드,"건강기능식품, 쌀, 견과류, 약재",응암소담길 골목형상점가,골목형상점가,서울특별시,,,
db5505f15f6055a9400a,full_annotation_v1,A,q_식자재_13,식자배,식료품 중 '식자재'를 판매·제공하는 매장,val,식자재,T6 기계변형,45251d99-abb6-431a-a63b-f72bb9544bdd,부귀상사,식자재,복대가경시장,전통시장,충청북도,,,
00bbfd9ae80bec6ad46a,full_annotation_v1,A,q_식자재_13,식자배,식료품 중 '식자재'를 판매·제공하는 매장,val,식자재,T6 기계변형,04816b88-906a-4f08-8efa-4ef80264d2df,천하유통,식자재,청량종합도매시장(깡통시장),전통시장,서울특별시,,,
a2b0df822ffe8ffef27f,full_annotation_v1,A,q_식자재_13,식자배,식료품 중 '식자재'를 판매·제공하는 매장,val,식자재,T6 기계변형,8a4f4509-4f5e-47bd-b9e3-298d38d1d00a,기린약국,,수지성복플러스 골목형상점가,골목형상점가,경기도,,,
7ad2b7d0598d2cc0da41,full_annotation_v1,A,q_식자재_13,식자배,식료품 중 '식자재'를 판매·제공하는 매장,val,식자재,T6 기계변형,8193484e-bd5a-40c9-8f74-5ac926198941,햇맛식품,식자재,서면시장,전통시장,부산광역시,,,
b15212dd0c20efe6c7c6,full_annotation_v1,A,q_식자재_13,식자배,식료품 중 '식자재'를 판매·제공하는 매장,val,식자재,T6 기계변형,f77f1004-2a72-4ec6-9ecf-585b34b0523f,경아네,식자재,창원 명서시장,전통시장,경상남도,,,
d9407f88abab416cbd76,full_annotation_v1,A,q_식자재_13,식자배,식료품 중 '식자재'를 판매·제공하는 매장,val,식자재,T6 기계변형,57b88f0a-7948-4c96-a629-e07e78753ad3,문광,식자재,동명동 카페거리 골목형상점가,골목형상점가,광주광역시,,,
ad8a02df2a217dfda13e,full_annotation_v1,A,q_식자재_13,식자배,식료품 중 '식자재'를 판매·제공하는 매장,val,식자재,T6 기계변형,abedfac8-4e24-4864-b45d-73415d73d543,탑유통,식자재,정자시장,전통시장,경기도,,,
be2de9897921020ec281,full_annotation_v1,A,q_식자재_13,식자배,식료품 중 '식자재'를 판매·제공하는 매장,val,식자재,T6 기계변형,419698c1-3fdb-4fba-9db7-1a3e6fced07e,일일식품,식자재,청량리청과물시장,전통시장,서울특별시,,,
800e973fa861e9b11de7,full_annotation_v1,A,q_식자재_13,식자배,식료품 중 '식자재'를 판매·제공하는 매장,val,식자재,T6 기계변형,022ece99-80e4-453c-91c0-f46f8527e7ab,구즉방아간,방앗간,송강전통시장,전통시장,대전광역시,,,
2fa15a6a29a3f06c5df5,full_annotation_v1,A,q_식자재_13,식자배,식료품 중 '식자재'를 판매·제공하는 매장,val,식자재,T6 기계변형,0061123f-a676-4556-9633-5fbc4ecaf6ef,치즈케익카스테라카페,제과,북가좌동 골목형상점가,골목형상점가,서울특별시,,,
4ddb28605012086c4c7d,full_annotation_v1,A,q_식자재_13,식자배,식료품 중 '식자재'를 판매·제공하는 매장,val,식자재,T6 기계변형,8866c503-2331-4acb-9c3f-b539876e5793,광명식자재,식자재,영일시장,전통시장,서울특별시,,,
8f6fd3c05fda6f217822,full_annotation_v1,A,q_식자재_13,식자배,식료품 중 '식자재'를 판매·제공하는 매장,val,식자재,T6 기계변형,0592f5f6-ae8d-491f-87e9-2021a00f4ae0,우리상회,곡물,상주중앙시장,전통시장,경상북도,,,
e25c7dbf515c8125846e,full_annotation_v1,A,q_식자재_13,식자배,식료품 중 '식자재'를 판매·제공하는 매장,val,식자재,T6 기계변형,023b2cb4-7f9e-4b85-9888-474ee933954a,산척제유소,방앗간,충주자유시장,전통시장,충청북도,,,
667aa48f8d3f226b5262,full_annotation_v1,A,q_식자재_13,식자배,식료품 중 '식자재'를 판매·제공하는 매장,val,식자재,T6 기계변형,00eca8e7-b158-4572-b540-c241f4ad2546,거창상회,식자재,충무동 새벽시장,전통시장,부산광역시,,,
77b57c23b660d3f20b3d,full_annotation_v1,A,q_식자재_13,식자배,식료품 중 '식자재'를 판매·제공하는 매장,val,식자재,T6 기계변형,f5e9571c-dc40-4002-bd0d-6840f3c8d328,시설관리사업소,,보성녹차 골목형상점가,골목형상점가,,,,
b0ec1d903ea820af9e82,full_annotation_v1,A,q_식자재_13,식자배,식료품 중 '식자재'를 판매·제공하는 매장,val,식자재,T6 기계변형,d1f4e7d2-aa1c-43c7-957c-0b1c948a1772,봉황상회,식자재,남광주해뜨는시장,전통시장,,,,
c3bbb4df72a4f153808f,full_annotation_v1,A,q_식자재_13,식자배,식료품 중 '식자재'를 판매·제공하는 매장,val,식자재,T6 기계변형,8f878de7-3d93-4cc9-bdf8-66274a1f0261,교문닭집(하림),생닭오리,구리전통시장,전통시장,경기도,,,
4a4fb77ae63e2080e37f,full_annotation_v1,A,q_식자재_13,식자배,식료품 중 '식자재'를 판매·제공하는 매장,val,식자재,T6 기계변형,023e47e8-7973-4e3d-95f3-f6bf168360f0,(주)동양종합유통,식자재,양동건어물시장,전통시장,광주광역시,,,
7b5358b0c7db6e307459,full_annotation_v1,A,q_식자재_13,식자배,식료품 중 '식자재'를 판매·제공하는 매장,val,식자재,T6 기계변형,4b8311af-e417-4207-a37b-6e63b266a5c8,천마농산,식자재,부산새벽시장,전통시장,부산광역시,,,
499a82753ebd11d14ba9,full_annotation_v1,A,q_식자재_13,식자배,식료품 중 '식자재'를 판매·제공하는 매장,val,식자재,T6 기계변형,3e949b6c-32f2-4149-bc7f-201596d36345,현음악기(낙원),,낙원악기상가,전통시장,서울특별시,,,
839490a65940d7846b0c,full_annotation_v1,A,q_식자재_13,식자배,식료품 중 '식자재'를 판매·제공하는 매장,val,식자재,T6 기계변형,04cffa8f-5c05-444b-bde1-a3d1918cf92f,강원기름집,식용유,속초종합중앙시장,전통시장,강원특별자치도,,,
a84c0de26a04650b66c5,full_annotation_v1,A,q_식자재_13,식자배,식료품 중 '식자재'를 판매·제공하는 매장,val,식자재,T6 기계변형,001bc028-a43e-44d4-9682-db280a4998cc,파리바게뜨전주근영점,제과점,근영누리 골목형상점가,골목형상점가,전북특별자치도,,,
974038f50d05f223cf15,full_annotation_v1,A,q_식자재_13,식자배,식료품 중 '식자재'를 판매·제공하는 매장,val,식자재,T6 기계변형,008d07a3-ba18-4806-9ec7-48c0adb25276,아빠네 빵집,제과제빵,신창수문 골목형상점가,골목형상점가,광주광역시,,,
0aaeafed70b10b1abc6c,full_annotation_v1,A,q_식자재_13,식자배,식료품 중 '식자재'를 판매·제공하는 매장,val,식자재,T6 기계변형,ae9c1bd1-9938-40ec-b2eb-3aa979441f3f,24시회마트,일식,답십리현대시장,전통시장,서울특별시,,,
d7463dd5b012ffeabf2f,full_annotation_v1,A,q_식자재_13,식자배,식료품 중 '식자재'를 판매·제공하는 매장,val,식자재,T6 기계변형,015915e3-2542-4245-b627-0c775b4c5501,한내떡집,,거제 고현시장,전통시장,경상남도,,,
1cc680cbf71f1d60e76f,full_annotation_v1,A,q_식자재_13,식자배,식료품 중 '식자재'를 판매·제공하는 매장,val,식자재,T6 기계변형,06bbe239-5774-4794-91c3-b45901659200,성진상회,식용유,고성시장,전통시장,경상남도,,,
24eb8866a4a78ba2e6c1,full_annotation_v1,A,q_식자재_13,식자배,식료품 중 '식자재'를 판매·제공하는 매장,val,식자재,T6 기계변형,034f637f-e1c0-4e3c-99a7-eb7c8deb055a,청풍상회,곡물,내토전통시장,전통시장,충청북도,,,
a314b8e8c7b1a42854e6,full_annotation_v1,A,q_식자재_13,식자배,식료품 중 '식자재'를 판매·제공하는 매장,val,식자재,T6 기계변형,d21b53bc-b8c1-4378-99a7-e611b4c7cf96,뉴보떼양산시장점,화장품판매,양산 남부시장상가,전통시장,경상남도,,,
b34f336e5fd163050490,full_annotation_v1,A,q_식자재_13,식자배,식료품 중 '식자재'를 판매·제공하는 매장,val,식자재,T6 기계변형,fb4480b6-0019-4fd6-bc24-f1d8e4d3613d,돼지농수산,식자재,부산새벽시장,전통시장,부산광역시,,,
cfd3187be26f36ea8427,full_annotation_v1,A,q_식자재_13,식자배,식료품 중 '식자재'를 판매·제공하는 매장,val,식자재,T6 기계변형,00e30e5a-4662-4e65-9b6c-dd704886f1af,믿음떡집,떡방앗간,문창시장,전통시장,대전광역시,,,
d01a78cfb5b6e23bf456,full_annotation_v1,A,q_식자재_13,식자배,식료품 중 '식자재'를 판매·제공하는 매장,val,식자재,T6 기계변형,bee77af9-2065-4de3-91b7-71b99aee811f,지에스(GS)25 마산중성점,담배 소매,마산 오동동상인연합상가,자율상권구역,경상남도,,,
348eea5fbb74010f384a,full_annotation_v1,A,q_식자재_13,식자배,식료품 중 '식자재'를 판매·제공하는 매장,val,식자재,T6 기계변형,6e8db87e-2e72-4f24-b0ad-66395fb74067,제일 식자재,식자재,중문로 골목형상점가,골목형상점가,광주광역시,,,
55771e0a5711ee412448,full_annotation_v1,A,q_식자재_13,식자배,식료품 중 '식자재'를 판매·제공하는 매장,val,식자재,T6 기계변형,6db8e403-bb06-4de0-8f93-69066e85e09f,지에스25신부탑클래스점,편의점상품,천안신부문화거리상점가,자율상권구역,충청남도,,,
485e2b2bcbcf39fecc68,full_annotation_v1,A,q_식자재_13,식자배,식료품 중 '식자재'를 판매·제공하는 매장,val,식자재,T6 기계변형,71d82573-e860-4203-8749-7caeb471c88b,용선식품,식자재,포항큰동해시장,전통시장,경상북도,,,
5c3b9718be105b9f1b8f,full_annotation_v1,A,q_식자재_13,식자배,식료품 중 '식자재'를 판매·제공하는 매장,val,식자재,T6 기계변형,ebe44ba3-d69e-4144-8413-6d5073ac462b,황용상회,식자재,동두천큰시장,전통시장,경기도,,,
3a7e271b1d6c4a118dee,full_annotation_v1,A,q_식자재_14,식자재추천,식료품 중 '식자재'를 판매·제공하는 매장,val,식자재,T6 기계변형,40ece9fe-d218-4f98-8326-9e0af34030c6,로엔진,식자재,전주남부시장,전통시장,전북특별자치도,,,
a2eb57bf48ed5d43e331,full_annotation_v1,A,q_식자재_14,식자재추천,식료품 중 '식자재'를 판매·제공하는 매장,val,식자재,T6 기계변형,2b3b3d55-cf2a-490f-8caf-79baa3eb907f,마포식자재,식자재,마포농수산물시장,전통시장,서울특별시,,,
50114488010c574ef833,full_annotation_v1,A,q_식자재_14,식자재추천,식료품 중 '식자재'를 판매·제공하는 매장,val,식자재,T6 기계변형,00e30e5a-4662-4e65-9b6c-dd704886f1af,믿음떡집,떡방앗간,문창시장,전통시장,대전광역시,,,
dacb7acbae9afcaff5dc,full_annotation_v1,A,q_식자재_14,식자재추천,식료품 중 '식자재'를 판매·제공하는 매장,val,식자재,T6 기계변형,001cb3d4-5441-4963-b517-d5b3904ee312,현창떡집,떡집,목포동부시장,전통시장,전라남도,,,
22c2668dab30ad1fc743,full_annotation_v1,A,q_식자재_14,식자재추천,식료품 중 '식자재'를 판매·제공하는 매장,val,식자재,T6 기계변형,00e80339-1353-4885-81d7-0746a437abb2,포식 용인한숲시티점,쌀국수 돈까스 함박스테이크,남사한숲 골목형상점가,골목형상점가,경기도,,,
ed89024673615e740934,full_annotation_v1,A,q_식자재_14,식자재추천,식료품 중 '식자재'를 판매·제공하는 매장,val,식자재,T6 기계변형,0592f5f6-ae8d-491f-87e9-2021a00f4ae0,우리상회,곡물,상주중앙시장,전통시장,경상북도,,,
b73a377a727bd5b2c293,full_annotation_v1,A,q_식자재_14,식자재추천,식료품 중 '식자재'를 판매·제공하는 매장,val,식자재,T6 기계변형,01a5f192-c482-46e3-8b58-5358216d0749,풍전기름집,참기름,화곡본동시장,전통시장,서울특별시,,,
edc4a7f13c5d8bbe5592,full_annotation_v1,A,q_식자재_14,식자재추천,식료품 중 '식자재'를 판매·제공하는 매장,val,식자재,T6 기계변형,023e47e8-7973-4e3d-95f3-f6bf168360f0,(주)동양종합유통,식자재,양동건어물시장,전통시장,광주광역시,,,
57a2bf4f2e8b996e3a12,full_annotation_v1,A,q_식자재_14,식자재추천,식료품 중 '식자재'를 판매·제공하는 매장,val,식자재,T6 기계변형,d1f4e7d2-aa1c-43c7-957c-0b1c948a1772,봉황상회,식자재,남광주해뜨는시장,전통시장,,,,
a25e2c5f7d2ec88f9872,full_annotation_v1,A,q_식자재_14,식자재추천,식료품 중 '식자재'를 판매·제공하는 매장,val,식자재,T6 기계변형,2fd72cbb-da88-4c4c-b309-e4d772473378,성진식자재,식자재,부평깡시장,전통시장,인천광역시,,,
1d16d19a5a13e341638a,full_annotation_v1,A,q_식자재_14,식자재추천,식료품 중 '식자재'를 판매·제공하는 매장,val,식자재,T6 기계변형,06bbe239-5774-4794-91c3-b45901659200,성진상회,식용유,고성시장,전통시장,경상남도,,,
eb125823bdcdb0d2b83b,full_annotation_v1,A,q_식자재_14,식자재추천,식료품 중 '식자재'를 판매·제공하는 매장,val,식자재,T6 기계변형,044b74fa-bb37-480b-8d36-3f7676cf2fb4,영진상회,곡물,청주육거리종합시장,전통시장,충청북도,,,
a25936d9ff76e810fda7,full_annotation_v1,A,q_식자재_14,식자재추천,식료품 중 '식자재'를 판매·제공하는 매장,val,식자재,T6 기계변형,dcc0e6b9-dc6c-4e8d-96e3-87cf89fe0f43,안성정육,정육,안중시장,전통시장,경기도,,,
89bac0c15112cc3ef0d0,full_annotation_v1,A,q_식자재_14,식자재추천,식료품 중 '식자재'를 판매·제공하는 매장,val,식자재,T6 기계변형,015915e3-2542-4245-b627-0c775b4c5501,한내떡집,,거제 고현시장,전통시장,경상남도,,,
47cf6702000d82a05aa0,full_annotation_v1,A,q_식자재_14,식자재추천,식료품 중 '식자재'를 판매·제공하는 매장,val,식자재,T6 기계변형,82e77537-5ca8-4253-8909-81ce00508500,동방,식자재,제천약초시장,전통시장,충청북도,,,
e3a3d75bf779e5391648,full_annotation_v1,A,q_식자재_14,식자재추천,식료품 중 '식자재'를 판매·제공하는 매장,val,식자재,T6 기계변형,7e6b4d93-c789-4765-b542-084fa70aae2a,핫플,덮밥,묵동도깨비시장골목형상점가,골목형상점가,서울특별시,,,
ddc1822821d0ec5cb9bf,full_annotation_v1,A,q_식자재_14,식자재추천,식료품 중 '식자재'를 판매·제공하는 매장,val,식자재,T6 기계변형,b2aa42e0-ba79-4154-974f-0a96e5878870,천상애장어가,한식,성북천골목형상점가,골목형상점가,서울특별시,,,
24e9201b8b3e3b933902,full_annotation_v1,A,q_식자재_14,식자재추천,식료품 중 '식자재'를 판매·제공하는 매장,val,식자재,T6 기계변형,04816b88-906a-4f08-8efa-4ef80264d2df,천하유통,식자재,청량종합도매시장(깡통시장),전통시장,서울특별시,,,
abb5b81fd3f8547ae4f3,full_annotation_v1,A,q_식자재_14,식자재추천,식료품 중 '식자재'를 판매·제공하는 매장,val,식자재,T6 기계변형,021bf03c-8b83-4288-89c5-15a4a162142b,신선식품,식자재,사천읍시장,전통시장,경상남도,,,
5cf0cbc2d9a4693c1484,full_annotation_v1,A,q_식자재_14,식자재추천,식료품 중 '식자재'를 판매·제공하는 매장,val,식자재,T6 기계변형,0b69c684-9b0b-490b-892e-9267cf4662a3,윤수참기름,식용유,진주 청과시장,전통시장,경상남도,,,
752cc564988eea045dd1,full_annotation_v1,A,q_식자재_14,식자재추천,식료품 중 '식자재'를 판매·제공하는 매장,val,식자재,T6 기계변형,a41d88f0-2b8b-4119-8161-460e627c59b7,태성식자재마트,식자재,순천역전시장상가,자율상권구역,전라남도,,,
7d553376fd4d04921d3e,full_annotation_v1,A,q_식자재_14,식자재추천,식료품 중 '식자재'를 판매·제공하는 매장,val,식자재,T6 기계변형,00ec16f5-8b45-4af1-bb1b-6389f2412be8,수진식품,"참기름, 고추가루등",김해 진영전통시장,전통시장,경상남도,,,
ded1664a9e03ed72ba84,full_annotation_v1,A,q_식자재_14,식자재추천,식료품 중 '식자재'를 판매·제공하는 매장,val,식자재,T6 기계변형,008d07a3-ba18-4806-9ec7-48c0adb25276,아빠네 빵집,제과제빵,신창수문 골목형상점가,골목형상점가,광주광역시,,,
0c977deb958bc47558de,full_annotation_v1,A,q_식자재_14,식자재추천,식료품 중 '식자재'를 판매·제공하는 매장,val,식자재,T6 기계변형,0046e3b5-e973-4cc0-807c-acb34ad8e262,야음민속떡집,제조업(떡방앗간),울산번개시장,전통시장,울산광역시,,,
9a8eb670179fe92b2c96,full_annotation_v1,A,q_식자재_14,식자재추천,식료품 중 '식자재'를 판매·제공하는 매장,val,식자재,T6 기계변형,8ac67040-0b60-4e70-8816-d5330ab41044,샘표식자재종합유통,식자재,충주농산물종합시장(구 중앙청과시장),전통시장,충청북도,,,
9febcdae45274560f904,full_annotation_v1,A,q_식자재_14,식자재추천,식료품 중 '식자재'를 판매·제공하는 매장,val,식자재,T6 기계변형,2c215e30-3980-49ef-aa9a-a74be0146120,한사라참치,일식,돈암시장,전통시장,서울특별시,,,
8b45264afb5ca403f4d4,full_annotation_v1,A,q_식자재_14,식자재추천,식료품 중 '식자재'를 판매·제공하는 매장,val,식자재,T6 기계변형,8968eeb5-56de-4efc-9ae2-4c7e6afaf040,삼연상회,식자재,안양농수산물 골목형상점가,골목형상점가,경기도,,,
9dfedb98cdd0410d264a,full_annotation_v1,A,q_식자재_14,식자재추천,식료품 중 '식자재'를 판매·제공하는 매장,val,식자재,T6 기계변형,c2b169f9-b1be-4f7b-b575-0593044e5362,동양식자재,식자재,하대원공설시장,전통시장,경기도,,,
1bd96b1bba54d83c71f7,full_annotation_v1,A,q_식자재_14,식자재추천,식료품 중 '식자재'를 판매·제공하는 매장,val,식자재,T6 기계변형,87dc0cc0-7a91-4a22-b161-a438b9682f3d,식자재백화점원일,식자재,부평깡시장,전통시장,인천광역시,,,
1af518bcfb9080ccdd9d,full_annotation_v1,A,q_식자재_14,식자재추천,식료품 중 '식자재'를 판매·제공하는 매장,val,식자재,T6 기계변형,5408e305-8cda-4c4f-b7d3-e994f7bf4813,땅스부대찌개(중앙점),일용잡화,진주 논개시장,전통시장,경상남도,,,
d8e576736fe96498c9dc,full_annotation_v1,A,q_식자재_14,식자재추천,식료품 중 '식자재'를 판매·제공하는 매장,val,식자재,T6 기계변형,fb4480b6-0019-4fd6-bc24-f1d8e4d3613d,돼지농수산,식자재,부산새벽시장,전통시장,부산광역시,,,
e57cabe02d108e02da57,full_annotation_v1,A,q_식자재_14,식자재추천,식료품 중 '식자재'를 판매·제공하는 매장,val,식자재,T6 기계변형,01757e0a-7278-44bc-9fad-29595028ac3d,현대떡방앗간,방앗간,염매시장(의성중앙시장),전통시장,경상북도,,,
1410b91c7ceaf5bd7b46,full_annotation_v1,A,q_식자재_14,식자재추천,식료품 중 '식자재'를 판매·제공하는 매장,val,식자재,T6 기계변형,00eca8e7-b158-4572-b540-c241f4ad2546,거창상회,식자재,충무동 새벽시장,전통시장,부산광역시,,,
853c0b56282245ce8b8f,full_annotation_v1,A,q_식자재_14,식자재추천,식료품 중 '식자재'를 판매·제공하는 매장,val,식자재,T6 기계변형,78ef00df-65f6-49fa-90f2-022ee7c16fb5,뷰티크레딧동신,화장품,여수서시장주변시장,전통시장,전라남도,,,
5cc984b972f64fa94812,full_annotation_v1,A,q_식자재_14,식자재추천,식료품 중 '식자재'를 판매·제공하는 매장,val,식자재,T6 기계변형,67c18751-8bd4-4801-a4fd-4c26c7774f4b,청아식자재,식자재,소래포구종합어시장,자율상권구역,인천광역시,,,
d09c421f50368cec3967,full_annotation_v1,A,q_식자재_14,식자재추천,식료품 중 '식자재'를 판매·제공하는 매장,val,식자재,T6 기계변형,469e4887-18f4-42ff-929e-46be7e691b0e,샛별건어물,식자재,여수교동시장,전통시장,전라남도,,,
4a331076525486d9fd08,full_annotation_v1,A,q_식자재_14,식자재추천,식료품 중 '식자재'를 판매·제공하는 매장,val,식자재,T6 기계변형,8866c503-2331-4acb-9c3f-b539876e5793,광명식자재,식자재,영일시장,전통시장,서울특별시,,,
cd248865f1c1e79544ab,full_annotation_v1,A,q_식자재_14,식자재추천,식료품 중 '식자재'를 판매·제공하는 매장,val,식자재,T6 기계변형,807b6cbc-8409-446b-8067-53ada03f9101,나라마트식자재,식자재,담양중앙 골목형상점가,골목형상점가,전라남도,,,
3b2a3ac0f3fe06e5f19f,full_annotation_v1,A,q_식자재_14,식자재추천,식료품 중 '식자재'를 판매·제공하는 매장,val,식자재,T6 기계변형,98e6539c-b032-43c0-b9fb-0c32c81351b0,종합전자,전자제품수리,비아중앙로 골목형상점가,골목형상점가,광주광역시,,,
007b4daa235f3722d57c,full_annotation_v1,A,q_식자재_14,식자재추천,식료품 중 '식자재'를 판매·제공하는 매장,val,식자재,T6 기계변형,4b8311af-e417-4207-a37b-6e63b266a5c8,천마농산,식자재,부산새벽시장,전통시장,부산광역시,,,
00a3d5f8e95a9edb3764,full_annotation_v1,A,q_식자재_14,식자재추천,식료품 중 '식자재'를 판매·제공하는 매장,val,식자재,T6 기계변형,4abe77ee-1384-4cb8-9828-888f2f4e850e,윤덕식품,식자재,순천역전시장상가,자율상권구역,전라남도,,,
6ecae9e1937e6f55f51f,full_annotation_v1,A,q_식자재_14,식자재추천,식료품 중 '식자재'를 판매·제공하는 매장,val,식자재,T6 기계변형,00bf0e58-0696-472a-8a12-945c44dc9435,오복상회,쌀,백년시장(구 강북종합전통시장),전통시장,서울특별시,,,
ec1d026a0d0a43cb5109,full_annotation_v1,A,q_식자재_14,식자재추천,식료품 중 '식자재'를 판매·제공하는 매장,val,식자재,T6 기계변형,4a4dc5be-095c-4ff7-88ec-e09a4095af09,청성,식자재 건어물,공릉동도깨비시장,전통시장,서울특별시,,,
a98b252d568277f335ff,full_annotation_v1,A,q_식자재_14,식자재추천,식료품 중 '식자재'를 판매·제공하는 매장,val,식자재,T6 기계변형,bac0e7d5-920d-430c-8bcc-1652e4f574c3,안산상회,식자재,하대원공설시장,전통시장,경기도,,,
9dd1c0d896560b01ea59,full_annotation_v1,A,q_식자재_14,식자재추천,식료품 중 '식자재'를 판매·제공하는 매장,val,식자재,T6 기계변형,01859206-536a-40a7-be1e-c8610663a665,동원참기름,참기름,안강공설시장,전통시장,경상북도,,,
fb4631d1af2552fb6c9e,full_annotation_v1,A,q_식자재_14,식자재추천,식료품 중 '식자재'를 판매·제공하는 매장,val,식자재,T6 기계변형,c4c84ceb-2d4b-4bfa-a1a6-5a97f21256c2,더웰마켓,식자재,의왕예술의거리골목형상점가,골목형상점가,경기도,,,
f3b221aab65a28cb39a4,full_annotation_v1,A,q_식자재_14,식자재추천,식료품 중 '식자재'를 판매·제공하는 매장,val,식자재,T6 기계변형,00362b85-cb9a-4318-9059-12f768d76197,파리바게뜨전주인후점,제과점,소나무 골목형상점가,골목형상점가,전북특별자치도,,,
69ea7209a0050f2c3cdc,full_annotation_v1,A,q_식자재_14,식자재추천,식료품 중 '식자재'를 판매·제공하는 매장,val,식자재,T6 기계변형,001961d9-cb5d-40bc-903a-33d483f7d132,헬씨스탠다드,"건강기능식품, 쌀, 견과류, 약재",응암소담길 골목형상점가,골목형상점가,서울특별시,,,
7e361f4cd6bb276e8cd1,full_annotation_v1,A,q_식자재_14,식자재추천,식료품 중 '식자재'를 판매·제공하는 매장,val,식자재,T6 기계변형,0e224dee-e545-48f6-95af-5a197b33a076,경북식품,식용유,가락몰골목형상점가,골목형상점가,서울특별시,,,
f24e4d467cbf4f1e8959,full_annotation_v1,A,q_식자재_14,식자재추천,식료품 중 '식자재'를 판매·제공하는 매장,val,식자재,T6 기계변형,013444f9-7e9b-4640-84f0-43ac071ef57f,대림고추방아,"고추가루, 기름",부천강남시장,전통시장,경기도,,,
039ee5e51279603bbb0d,full_annotation_v1,A,q_식자재_14,식자재추천,식료품 중 '식자재'를 판매·제공하는 매장,val,식자재,T6 기계변형,e425286e-a810-463b-8360-29d5711dcd4f,한밭유통,식자재,마포농수산물시장,전통시장,서울특별시,,,
bfee0af5ffc95bc1ecf5,full_annotation_v1,A,q_식자재_14,식자재추천,식료품 중 '식자재'를 판매·제공하는 매장,val,식자재,T6 기계변형,023b2cb4-7f9e-4b85-9888-474ee933954a,산척제유소,방앗간,충주자유시장,전통시장,충청북도,,,
fd86c73bea0368c4cb92,full_annotation_v1,A,q_식자재_14,식자재추천,식료품 중 '식자재'를 판매·제공하는 매장,val,식자재,T6 기계변형,1b261594-5af8-45f7-844d-e0336f443827,세광,식자재,경리단길 골목형상점가,골목형상점가,서울특별시,,,
1c358ea0b9a318207251,full_annotation_v1,A,q_식자재_14,식자재추천,식료품 중 '식자재'를 판매·제공하는 매장,val,식자재,T6 기계변형,d08467c5-6f45-4537-9605-b05355d3a8c5,하늘유통,식자재,무안전통시장,전통시장,전라남도,,,
882acf40f827dac8bfec,full_annotation_v1,A,q_식자재_14,식자재추천,식료품 중 '식자재'를 판매·제공하는 매장,val,식자재,T6 기계변형,0b8ef6dc-2f6b-4707-bd73-529122d9c97a,하단떡집,떡집,하단오일상설시장,전통시장,부산광역시,,,
e2b7361757f1aa856f50,full_annotation_v1,A,q_식자재_14,식자재추천,식료품 중 '식자재'를 판매·제공하는 매장,val,식자재,T6 기계변형,022ece99-80e4-453c-91c0-f46f8527e7ab,구즉방아간,방앗간,송강전통시장,전통시장,대전광역시,,,
fea7dc1e98400ae46e10,full_annotation_v1,A,q_식자재_14,식자재추천,식료품 중 '식자재'를 판매·제공하는 매장,val,식자재,T6 기계변형,fd47090f-4127-45db-b08d-cbc202c535fa,상남유통식자재,식자재,창원 상남시장,전통시장,경상남도,,,
5a14c09284455c609d33,full_annotation_v1,A,q_식자재_14,식자재추천,식료품 중 '식자재'를 판매·제공하는 매장,val,식자재,T6 기계변형,005313c8-dce8-49b6-9841-9143ebb1305a,동원떡집,,박달시장,전통시장,경기도,,,
61f85578238fbf4fccf8,full_annotation_v1,A,q_식자재_14,식자재추천,식료품 중 '식자재'를 판매·제공하는 매장,val,식자재,T6 기계변형,482dbc6d-cce8-43cd-b1a8-1ef561a06ed5,상남식자재,식자재,창원 상남시장,전통시장,경상남도,,,
0fff1abcc7d2b8b6e308,full_annotation_v1,A,q_식자재_14,식자재추천,식료품 중 '식자재'를 판매·제공하는 매장,val,식자재,T6 기계변형,ebe44ba3-d69e-4144-8413-6d5073ac462b,황용상회,식자재,동두천큰시장,전통시장,경기도,,,
fb4b97821048db96783c,full_annotation_v1,A,q_식자재_14,식자재추천,식료품 중 '식자재'를 판매·제공하는 매장,val,식자재,T6 기계변형,092868ef-cdbe-426a-8e04-c1862bac5076,익산바이오,식용유,세종전통시장,전통시장,세종특별자치시,,,
ada11d7d76a36df048cf,full_annotation_v1,A,q_식자재_14,식자재추천,식료품 중 '식자재'를 판매·제공하는 매장,val,식자재,T6 기계변형,419698c1-3fdb-4fba-9db7-1a3e6fced07e,일일식품,식자재,청량리청과물시장,전통시장,서울특별시,,,
81180ee107ad8a9a265a,full_annotation_v1,A,q_식자재_14,식자재추천,식료품 중 '식자재'를 판매·제공하는 매장,val,식자재,T6 기계변형,f77f1004-2a72-4ec6-9ecf-585b34b0523f,경아네,식자재,창원 명서시장,전통시장,경상남도,,,
9713c9dc06d9f580ae59,full_annotation_v1,A,q_식자재_14,식자재추천,식료품 중 '식자재'를 판매·제공하는 매장,val,식자재,T6 기계변형,06d602a6-89bf-4f0b-a976-bf4d05b549ee,경화패션,도소매(외의),평화시장,전통시장,서울특별시,,,
86deb2fa9e6a6f7002d3,full_annotation_v1,A,q_식자재_14,식자재추천,식료품 중 '식자재'를 판매·제공하는 매장,val,식자재,T6 기계변형,71d82573-e860-4203-8749-7caeb471c88b,용선식품,식자재,포항큰동해시장,전통시장,경상북도,,,
5e03cc2b7bd4ce32fe05,full_annotation_v1,A,q_식자재_14,식자재추천,식료품 중 '식자재'를 판매·제공하는 매장,val,식자재,T6 기계변형,011f646c-0d2f-4770-a90e-d5d39e580d38,올 푸드,식자재,두암시장,전통시장,광주광역시,,,
37266bf0faec8465811f,full_annotation_v1,A,q_식자재_14,식자재추천,식료품 중 '식자재'를 판매·제공하는 매장,val,식자재,T6 기계변형,001bc028-a43e-44d4-9682-db280a4998cc,파리바게뜨전주근영점,제과점,근영누리 골목형상점가,골목형상점가,전북특별자치도,,,
873356715e6a196ae5e5,full_annotation_v1,A,q_식자재_14,식자재추천,식료품 중 '식자재'를 판매·제공하는 매장,val,식자재,T6 기계변형,690ab572-5784-44f8-b1bb-1f6efb13452b,부부수산,수산,대인시장,전통시장,광주광역시,,,
21b48045ac25aee1741e,full_annotation_v1,A,q_식자재_14,식자재추천,식료품 중 '식자재'를 판매·제공하는 매장,val,식자재,T6 기계변형,0061123f-a676-4556-9633-5fbc4ecaf6ef,치즈케익카스테라카페,제과,북가좌동 골목형상점가,골목형상점가,서울특별시,,,
3ba383aa4c7cafef8acd,full_annotation_v1,A,q_식자재_14,식자재추천,식료품 중 '식자재'를 판매·제공하는 매장,val,식자재,T6 기계변형,e8f17006-8637-46d1-84cb-9528afd1b550,SK(신광)건어물,건어물,익산황등시장,전통시장,전북특별자치도,,,
183dc0b893bf787df094,full_annotation_v1,A,q_식자재_14,식자재추천,식료품 중 '식자재'를 판매·제공하는 매장,val,식자재,T6 기계변형,320a4f5d-c9b1-4624-ade5-3353bf94edc9,위푸드,식자재,하대원공설시장,전통시장,경기도,,,
6b15eee3f989882783f6,full_annotation_v1,A,q_식자재_14,식자재추천,식료품 중 '식자재'를 판매·제공하는 매장,val,식자재,T6 기계변형,d9923b6b-8298-437e-91ad-a000ddd113be,간이역운남주공7역점,한식,운남7단지먹자거리 골목형상점가,골목형상점가,광주광역시,,,
f3a3f3081973966d64df,full_annotation_v1,A,q_식자재_14,식자재추천,식료품 중 '식자재'를 판매·제공하는 매장,val,식자재,T6 기계변형,03e3e424-656a-46ea-82b7-21bcc07cae47,초왕상회,"곡물, 농산물",전주남부시장,전통시장,전북특별자치도,,,
658581fd9b025e76dec1,full_annotation_v1,A,q_식자재_14,식자재추천,식료품 중 '식자재'를 판매·제공하는 매장,val,식자재,T6 기계변형,0017714f-cbac-4f85-a148-338ddcefe41c,유수담,"쌀, 계란, 신선식품",익산북부시장,전통시장,전북특별자치도,,,
c80bae0c19cb70484d97,full_annotation_v1,A,q_식자재_14,식자재추천,식료품 중 '식자재'를 판매·제공하는 매장,val,식자재,T6 기계변형,6e8db87e-2e72-4f24-b0ad-66395fb74067,제일 식자재,식자재,중문로 골목형상점가,골목형상점가,광주광역시,,,
6935773615075f06b68a,full_annotation_v1,A,q_식자재_14,식자재추천,식료품 중 '식자재'를 판매·제공하는 매장,val,식자재,T6 기계변형,04cffa8f-5c05-444b-bde1-a3d1918cf92f,강원기름집,식용유,속초종합중앙시장,전통시장,강원특별자치도,,,
e876fc318e23ec5cc227,full_annotation_v1,A,q_식자재_14,식자재추천,식료품 중 '식자재'를 판매·제공하는 매장,val,식자재,T6 기계변형,e699580d-aa3d-4800-ba2b-cefc63a8eddd,이지팜마켓,식자재,구리전통시장,전통시장,경기도,,,
0d7b36b207a955a1593f,full_annotation_v1,A,q_식자재_14,식자재추천,식료품 중 '식자재'를 판매·제공하는 매장,val,식자재,T6 기계변형,45251d99-abb6-431a-a63b-f72bb9544bdd,부귀상사,식자재,복대가경시장,전통시장,충청북도,,,
677450d8523e1e5c7723,full_annotation_v1,A,q_식자재_14,식자재추천,식료품 중 '식자재'를 판매·제공하는 매장,val,식자재,T6 기계변형,00fea2e0-f294-46b6-af68-655475e888be,동양유통,"곡물, 식자재",김해새벽시장,기타,경상남도,,,
8526454c6e88a844be10,full_annotation_v1,A,q_식자재_14,식자재추천,식료품 중 '식자재'를 판매·제공하는 매장,val,식자재,T6 기계변형,0d6b8345-e7eb-4da4-95fa-7ca131e8f772,꽈배기진서신점,휴게음식점,전주중산공원 골목형상점가,골목형상점가,전북특별자치도,,,
2077e42f683238aebde1,full_annotation_v1,A,q_식자재_14,식자재추천,식료품 중 '식자재'를 판매·제공하는 매장,val,식자재,T6 기계변형,19ca8608-cfdc-4465-85fa-40dee43aad69,태복상회,채소,영월종합상가,전통시장,강원특별자치도,,,
caa39925b8b0be9c7fa7,full_annotation_v1,A,q_식자재_14,식자재추천,식료품 중 '식자재'를 판매·제공하는 매장,val,식자재,T6 기계변형,abedfac8-4e24-4864-b45d-73415d73d543,탑유통,식자재,정자시장,전통시장,경기도,,,
f18093ebc23014eca590,full_annotation_v1,A,q_식자재_14,식자재추천,식료품 중 '식자재'를 판매·제공하는 매장,val,식자재,T6 기계변형,04c905ba-3172-4ea4-a6dd-4345d674dea0,덕순이네,제조업(떡집),장터길 골목형상점가,골목형상점가,경기도,,,
b6b5ffd29cca06cbf4a8,full_annotation_v1,A,q_식자재_14,식자재추천,식료품 중 '식자재'를 판매·제공하는 매장,val,식자재,T6 기계변형,d7d2d28e-d398-41b5-a934-911f7b40baf4,애니카랜드서전주점,자동차정비 튜닝 부품 자동차견인,전주중산공원 골목형상점가,골목형상점가,전북특별자치도,,,
9c244c299498b4eba566,full_annotation_v1,A,q_식자재_14,식자재추천,식료품 중 '식자재'를 판매·제공하는 매장,val,식자재,T6 기계변형,57b88f0a-7948-4c96-a629-e07e78753ad3,문광,식자재,동명동 카페거리 골목형상점가,골목형상점가,광주광역시,,,
a8d9cc8b7de80b739f8e,full_annotation_v1,A,q_식자재_14,식자재추천,식료품 중 '식자재'를 판매·제공하는 매장,val,식자재,T6 기계변형,23d420b2-7574-4d4b-ba8f-fb960f9ff3df,한울농원,식자재,부평종합시장,전통시장,인천광역시,,,
12179b2c4bf866ad9a80,full_annotation_v1,A,q_식자재_14,식자재추천,식료품 중 '식자재'를 판매·제공하는 매장,val,식자재,T6 기계변형,98975d4d-975d-4b48-803f-76ab99b1a352,준유통,식자재,안양농수산물 골목형상점가,골목형상점가,경기도,,,
36079e08918fe266dde4,full_annotation_v1,A,q_식자재_14,식자재추천,식료품 중 '식자재'를 판매·제공하는 매장,val,식자재,T6 기계변형,034f637f-e1c0-4e3c-99a7-eb7c8deb055a,청풍상회,곡물,내토전통시장,전통시장,충청북도,,,
c9cf5493da15972e091c,full_annotation_v1,A,q_식자재_14,식자재추천,식료품 중 '식자재'를 판매·제공하는 매장,val,식자재,T6 기계변형,b6e251c3-42d0-45f7-a370-b89ee1166827,만명상회,식자재,춘천중앙시장,전통시장,강원특별자치도,,,
a1ab84377dd2dfb6e2ab,full_annotation_v1,A,q_식자재_14,식자재추천,식료품 중 '식자재'를 판매·제공하는 매장,val,식자재,T6 기계변형,02223ab5-044d-40ad-8cc7-838ed325ada0,상옥쌀상회,쌀,영일대북부시장(구 북부시장),전통시장,경상북도,,,
dbadc70029c252c2936e,full_annotation_v1,A,q_식자재_14,식자재추천,식료품 중 '식자재'를 판매·제공하는 매장,val,식자재,T6 기계변형,e79c3b18-f535-42fa-8353-dfd344c22832,바다이야기,생선,신가동 골목형상점가,골목형상점가,광주광역시,,,
83352020118054f04f51,full_annotation_v1,A,q_식자재_14,식자재추천,식료품 중 '식자재'를 판매·제공하는 매장,val,식자재,T6 기계변형,01e4cef2-9c12-4be0-9c3e-5a09ab67f7f5,대명제유,"고추, 기름",의정부제일시장,전통시장,경기도,,,
de96e88a41856cf2bb16,full_annotation_v1,A,q_식자재_14,식자재추천,식료품 중 '식자재'를 판매·제공하는 매장,val,식자재,T6 기계변형,5d128085-d9d9-4ff9-ad8a-33df7e15cf4a,바나프레소 건대점,커피 전문점,건리단길 골목형상점가,골목형상점가,서울특별시,,,
cdc89cd414aaa0c972e4,full_annotation_v1,A,q_식자재_14,식자재추천,식료품 중 '식자재'를 판매·제공하는 매장,val,식자재,T6 기계변형,002d0d06-15b2-463e-b789-b0232bcc6681,뚜레주르버들마을점,제과,버들마을상인회 골목형상점가,골목형상점가,광주광역시,,,
e5a026894e3128e826b0,full_annotation_v1,A,q_신발_01,신발,패션·잡화 중 '신발'을 판매·제공하는 매장,train,신발,T1 정확표기,000e2f0b-a1ef-481a-8308-ef582af4ea73,장미신발,신발,구역전시장,전통시장,울산광역시,,,
8e8c998b89fb7f2a202b,full_annotation_v1,A,q_신발_01,신발,패션·잡화 중 '신발'을 판매·제공하는 매장,train,신발,T1 정확표기,02851047-7760-4cdb-b811-74f6dff245bd,에덴의상실,수선,돈암시장,전통시장,서울특별시,,,
87b004c97c88ad64c590,full_annotation_v1,A,q_신발_01,신발,패션·잡화 중 '신발'을 판매·제공하는 매장,train,신발,T1 정확표기,736d2653-a0aa-4a25-a707-4aadd73bbb4c,쌈지,신발,군산나운상가 골목형상점가,골목형상점가,전북특별자치도,,,
a677a98ca7a1de2b88d0,full_annotation_v1,A,q_신발_01,신발,패션·잡화 중 '신발'을 판매·제공하는 매장,train,신발,T1 정확표기,76cc78f7-0b47-46d6-9475-c8381d1e9af7,워,신발,안중시장,전통시장,경기도,,,
48ea40eda2c4cfe7c4f4,full_annotation_v1,A,q_신발_01,신발,패션·잡화 중 '신발'을 판매·제공하는 매장,train,신발,T1 정확표기,2dad5520-27d1-4996-8f43-22e64628f771,신발나라,신발,청양전통시장(구 청양상설시장),전통시장,충청남도,,,
c5b7df5ae1be1408841a,full_annotation_v1,A,q_신발_01,신발,패션·잡화 중 '신발'을 판매·제공하는 매장,train,신발,T1 정확표기,ab4cba54-3529-49e7-ae7a-1024d311be63,신발나라,신발,구례상설시장,전통시장,전라남도,,,
9bc2ace6c8d3a635c067,full_annotation_v1,A,q_신발_01,신발,패션·잡화 중 '신발'을 판매·제공하는 매장,train,신발,T1 정확표기,58514664-4012-42fb-a9ed-fff1eed19fc9,싸스,신발,남대문시장,전통시장,서울특별시,,,
e8904be8e5273149f349,full_annotation_v1,A,q_신발_01,신발,패션·잡화 중 '신발'을 판매·제공하는 매장,train,신발,T1 정확표기,f81afe64-8551-4c59-a4fd-9c9d1b6abdbb,방앗간,신발,고투몰(강남터미널지하도상점가),일반지하상점가,서울특별시,,,
fe5bda88de43b58645af,full_annotation_v1,A,q_신발_01,신발,패션·잡화 중 '신발'을 판매·제공하는 매장,train,신발,T1 정확표기,ac07859c-68af-40e1-a99d-2cf52809dfb8,형제상회,신발,부산자유시장,전통시장,부산광역시,,,
c7595ac8b5c827dc0834,full_annotation_v1,A,q_신발_01,신발,패션·잡화 중 '신발'을 판매·제공하는 매장,train,신발,T1 정확표기,82cd92d4-731d-40f6-b21a-ffbcef4e426b,청년레시피,음식점,경동시장,전통시장,서울특별시,,,
dae57046cf04b22c583f,full_annotation_v1,A,q_신발_01,신발,패션·잡화 중 '신발'을 판매·제공하는 매장,train,신발,T1 정확표기,411370d9-8a5b-427d-bee0-e3653ecb824b,알림,신발,남포지하도상가,일반지하상점가,부산광역시,,,
edbd11cfd83c8f5303dc,full_annotation_v1,A,q_신발_01,신발,패션·잡화 중 '신발'을 판매·제공하는 매장,train,신발,T1 정확표기,00fc2b18-ffa0-45b1-b03a-af61257944a9,충일구두수선,구두수선,충주무학시장,전통시장,충청북도,,,
b11914368ad890504568,full_annotation_v1,A,q_신발_01,신발,패션·잡화 중 '신발'을 판매·제공하는 매장,train,신발,T1 정확표기,96d5aef1-99a7-46a8-a6a1-aa247dce2b4f,경흥고무상회,신발,영주소백쇼핑몰,전통시장,경상북도,,,
d7c54fcbb0b6718da12b,full_annotation_v1,A,q_신발_01,신발,패션·잡화 중 '신발'을 판매·제공하는 매장,train,신발,T1 정확표기,c07b6503-af33-42ca-8d00-ff045d551982,남지신발,신발,창녕 남지시장,전통시장,경상남도,,,
46e037caade9384b4f8a,full_annotation_v1,A,q_신발_01,신발,패션·잡화 중 '신발'을 판매·제공하는 매장,train,신발,T1 정확표기,c045200f-a2d3-44fc-a8b0-bcf81d0037a2,신발나라,신발,부평종합시장,전통시장,인천광역시,,,
b170b6257a1f4a6cbd2d,full_annotation_v1,A,q_신발_01,신발,패션·잡화 중 '신발'을 판매·제공하는 매장,train,신발,T1 정확표기,2515acff-0345-42eb-9715-f44ff122a993,미니식당,한식,보령중앙시장,전통시장,충청남도,,,
e469a8535c74dd25ce10,full_annotation_v1,A,q_신발_01,신발,패션·잡화 중 '신발'을 판매·제공하는 매장,train,신발,T1 정확표기,000fae5b-8595-4041-94fa-5527454e648c,신발나라,신발,호계랑 골목형상점가,골목형상점가,울산광역시,,,
013751a23af8bf761514,full_annotation_v1,A,q_신발_01,신발,패션·잡화 중 '신발'을 판매·제공하는 매장,train,신발,T1 정확표기,7a9f59b9-88bb-4012-b64c-585c5aa13b6a,도매신발,신발,천안중앙시장,전통시장,충청남도,,,
9af5bfadc8a1282c72f4,full_annotation_v1,A,q_신발_01,신발,패션·잡화 중 '신발'을 판매·제공하는 매장,train,신발,T1 정확표기,ff1c8a15-d5d3-4692-963c-034a26f24192,제일고무상회,신발,정읍샘고을시장,전통시장,전북특별자치도,,,
825d111011056f39c09a,full_annotation_v1,A,q_신발_01,신발,패션·잡화 중 '신발'을 판매·제공하는 매장,train,신발,T1 정확표기,00242042-f371-486a-a1fc-b85de093edbf,슈올즈 이천점,"신발, 잡화",장터거리시장 골목형상점가,골목형상점가,경기도,,,
76537dfe31b58b3ff98f,full_annotation_v1,A,q_신발_01,신발,패션·잡화 중 '신발'을 판매·제공하는 매장,train,신발,T1 정확표기,8c33e80c-a865-4f07-a62b-8d86495fca15,신발나라,신발,나주금빛상점가,자율상권구역,전라남도,,,
fb79f2e20c8a28b8fdd5,full_annotation_v1,A,q_신발_01,신발,패션·잡화 중 '신발'을 판매·제공하는 매장,train,신발,T1 정확표기,63282c6d-a091-4ff2-9cbc-5aa2c330c08d,크리스타,신발,제일평화시장,전통시장,서울특별시,,,
6032fee36a4d4d9f1781,full_annotation_v1,A,q_신발_01,신발,패션·잡화 중 '신발'을 판매·제공하는 매장,train,신발,T1 정확표기,009625c0-f3cf-4a0d-9399-0a8d6176c553,예프,구두,신부유람단골목형상점가,골목형상점가,충청남도,,,
2aa8daf49e5a566bdaed,full_annotation_v1,A,q_신발_01,신발,패션·잡화 중 '신발'을 판매·제공하는 매장,train,신발,T1 정확표기,1a7e01c9-4cdc-43b2-95ad-08c485344002,서울발,신발,남대문시장,전통시장,서울특별시,,,
b5c2a50a70f9a1b87a0f,full_annotation_v1,A,q_신발_01,신발,패션·잡화 중 '신발'을 판매·제공하는 매장,train,신발,T1 정확표기,99c12710-82c4-4694-9295-82a7f1855918,미로화장품,소매업(화장품),범한프라자시장,전통시장,경기도,,,
2c4093a1cdf371058e71,full_annotation_v1,A,q_신발_01,신발,패션·잡화 중 '신발'을 판매·제공하는 매장,train,신발,T1 정확표기,1b695d61-140b-41ca-b30f-0318223cb40a,훈이네식당,한식,양주신산시장마을상점가,골목형상점가,경기도,,,
e9cd1690b776dcee116b,full_annotation_v1,A,q_신발_01,신발,패션·잡화 중 '신발'을 판매·제공하는 매장,train,신발,T1 정확표기,502d4803-68fd-476e-b8d8-caf8178b8b3c,수미네건어물,건어물,주문진건어물시장,전통시장,강원특별자치도,,,
aeb8c6e6760047371ad5,full_annotation_v1,A,q_신발_01,신발,패션·잡화 중 '신발'을 판매·제공하는 매장,train,신발,T1 정확표기,7e461e13-b704-4209-98e6-8676b069d32a,쌈지,신발,메트로센터(반월당지하쇼핑),일반지하상점가,대구광역시,,,
6d61e5c4e7bd60111b99,full_annotation_v1,A,q_신발_01,신발,패션·잡화 중 '신발'을 판매·제공하는 매장,train,신발,T1 정확표기,b81b7669-8983-4044-9368-266b22d589ad,가든신발,신발,동문시장,전통시장,서울특별시,,,
38112c2bd74beebac363,full_annotation_v1,A,q_신발_01,신발,패션·잡화 중 '신발'을 판매·제공하는 매장,train,신발,T1 정확표기,676d009d-d085-42aa-adc1-eae469242a14,마당발,신발,춘천지하상가,일반지하상점가,강원특별자치도,,,
987750b7070b4509e1fe,full_annotation_v1,A,q_신발_01,신발,패션·잡화 중 '신발'을 판매·제공하는 매장,train,신발,T1 정확표기,1051e754-75df-4019-bc87-4907b0c80feb,신발나라,신발,만리시장,전통시장,서울특별시,,,
f6b7bdd3b843868f396b,full_annotation_v1,A,q_신발_01,신발,패션·잡화 중 '신발'을 판매·제공하는 매장,train,신발,T1 정확표기,1e7f8901-e8d4-4aa6-8927-05ecc7758fd6,슈올즈,신발,도산로 골목형상점가,골목형상점가,대전광역시,,,
0c3477bdcf9266c512d5,full_annotation_v1,A,q_신발_01,신발,패션·잡화 중 '신발'을 판매·제공하는 매장,train,신발,T1 정확표기,ff36e7af-4517-4ec0-b04f-86beff7c291a,분홍신,신발,양동복개상가,전통시장,,,,
fcf168a8d89359a571be,full_annotation_v1,A,q_신발_01,신발,패션·잡화 중 '신발'을 판매·제공하는 매장,train,신발,T1 정확표기,c01b51ba-06bc-4734-9a23-c0f609084e6a,슈올즈,신발,영등포 로타리상가 골목형상점가,골목형상점가,서울특별시,,,
cb2fb1a7f51f10c75a95,full_annotation_v1,A,q_신발_01,신발,패션·잡화 중 '신발'을 판매·제공하는 매장,train,신발,T1 정확표기,efe4f80d-c25e-4ae0-8409-6a5c2f9240d1,당근,신발,서문시장2지구 종합상가,전통시장,대구광역시,,,
c7fbba8f4fcf1a4240bb,full_annotation_v1,A,q_신발_01,신발,패션·잡화 중 '신발'을 판매·제공하는 매장,train,신발,T1 정확표기,88c189f3-b857-4667-8dbe-8165fb3eba31,"네일,오후(O HU)",미용,동해남부재래시장,전통시장,강원특별자치도,,,
c6594928c38a668d75aa,full_annotation_v1,A,q_신발_01,신발,패션·잡화 중 '신발'을 판매·제공하는 매장,train,신발,T1 정확표기,c469b1a6-6f58-49a4-86d6-6c86164f8365,시느바신발,신발,하단오일상설시장,전통시장,부산광역시,,,
fd8ad1f5da3364aeeef3,full_annotation_v1,A,q_신발_01,신발,패션·잡화 중 '신발'을 판매·제공하는 매장,train,신발,T1 정확표기,f4b9a15c-9f3c-4ad3-9900-ce15f73decff,슈올즈,신발,자양15번가골목형상점가,골목형상점가,서울특별시,,,
c4278213932b275da08f,full_annotation_v1,A,q_신발_01,신발,패션·잡화 중 '신발'을 판매·제공하는 매장,train,신발,T1 정확표기,fd010701-f6e5-4a20-a00a-06366e96730f,신밧따,신발,사직시장,전통시장,부산광역시,,,
78bd212aee17b3ccda8a,full_annotation_v1,A,q_신발_01,신발,패션·잡화 중 '신발'을 판매·제공하는 매장,train,신발,T1 정확표기,8ad7d078-5f2b-4571-8c8b-7975fe5e5f43,요하니신발,신발,마산 부림시장,전통시장,경상남도,,,
c356f7589a99ef137d88,full_annotation_v1,A,q_신발_01,신발,패션·잡화 중 '신발'을 판매·제공하는 매장,train,신발,T1 정확표기,41a6c71f-e6fc-41cf-921b-fb650a9dc6ca,풋츠뱅크,신발,동문시장,전통시장,서울특별시,,,
515449e76b9b533fc555,full_annotation_v1,A,q_신발_01,신발,패션·잡화 중 '신발'을 판매·제공하는 매장,train,신발,T1 정확표기,89a7ff1f-dbb3-46d9-aa16-c380bd4f12a9,초이스,신발,부천역 지하도로 상가,일반지하상점가,경기도,,,
02aaaa7a21b3a889b7de,full_annotation_v1,A,q_신발_01,신발,패션·잡화 중 '신발'을 판매·제공하는 매장,train,신발,T1 정확표기,016bb3e1-3401-4cc6-bc5c-0fb6f91146a7,갈매기집,수산물,주문진좌판풍물시장,전통시장,강원특별자치도,,,
58ee6f9295393c3d0a7d,full_annotation_v1,A,q_신발_01,신발,패션·잡화 중 '신발'을 판매·제공하는 매장,train,신발,T1 정확표기,3ed2fb56-5e77-4d1d-a6a3-954c8b9d00ee,남목신발,신발,다시남목 골목형상점가,골목형상점가,울산광역시,,,
6da665945bd77b348036,full_annotation_v1,A,q_신발_01,신발,패션·잡화 중 '신발'을 판매·제공하는 매장,train,신발,T1 정확표기,3386ebc1-b98a-42a6-a8f6-be3f1d56ae5a,신발나라,신발,여수서시장주변시장,전통시장,전라남도,,,
5b1db88f1dd3befc4fc6,full_annotation_v1,A,q_신발_01,신발,패션·잡화 중 '신발'을 판매·제공하는 매장,train,신발,T1 정확표기,014602ec-34d6-41db-98d1-f7941ce5c2da,밝은 세탁,수선,노대물빛근린공원 골목형상점가,골목형상점가,광주광역시,,,
e38fd85db39cef76548f,full_annotation_v1,A,q_신발_01,신발,패션·잡화 중 '신발'을 판매·제공하는 매장,train,신발,T1 정확표기,4aed4f53-2068-4910-98e9-4388995bbe3e,두발제화,신발,영동교골목시장(영동교시장),전통시장,서울특별시,,,
0ce0cabdaddee233a8fd,full_annotation_v1,A,q_신발_01,신발,패션·잡화 중 '신발'을 판매·제공하는 매장,train,신발,T1 정확표기,1f68b51f-037a-45f8-90b1-fcffd02c81bb,신발나라,신발,계양산전통시장,전통시장,인천광역시,,,
532440d2ec36c6ec9eac,full_annotation_v1,A,q_신발_01,신발,패션·잡화 중 '신발'을 판매·제공하는 매장,train,신발,T1 정확표기,c9ee12c5-beab-45b2-8a77-d8edc7451d7a,신발나라,신발,문흥2동 골목형상점가,골목형상점가,광주광역시,,,
f5f9b764d0e254ed753c,full_annotation_v1,A,q_신발_01,신발,패션·잡화 중 '신발'을 판매·제공하는 매장,train,신발,T1 정확표기,36ef7c2c-f43d-45c8-b5e1-03a0ab2bb6fb,슈올즈,신발,문정동로데오상점가,자율상권구역,서울특별시,,,
d974a4226b253ed3d1f7,full_annotation_v1,A,q_신발_01,신발,패션·잡화 중 '신발'을 판매·제공하는 매장,train,신발,T1 정확표기,821ba0fe-d328-4cd9-972c-66de5a81155d,슈마커플러스원주점,신발,원주중앙시장활성화구역,상권활성화구역,강원특별자치도,,,
60022d671f36343926f7,full_annotation_v1,A,q_신발_01,신발,패션·잡화 중 '신발'을 판매·제공하는 매장,train,신발,T1 정확표기,b21cd87a-0bfe-46c7-8fd5-fc2bf103d554,신발나라,신발,서면지하도상가 부전몰,일반지하상점가,부산광역시,,,
86fe886417e20dd845e3,full_annotation_v1,A,q_신발_01,신발,패션·잡화 중 '신발'을 판매·제공하는 매장,train,신발,T1 정확표기,6ae11546-3a84-4855-a0b1-ca86e87decaa,본헤어,미용,"각화서희,더샵주변 골목형상점가",골목형상점가,광주광역시,,,
e9cb614717002e2ced95,full_annotation_v1,A,q_신발_01,신발,패션·잡화 중 '신발'을 판매·제공하는 매장,train,신발,T1 정확표기,ac562872-f6bc-47fb-bb1d-ab7ca29406d2,은풍신발,신발,연서시장,전통시장,서울특별시,,,
fbd988972d9616e312e3,full_annotation_v1,A,q_신발_01,신발,패션·잡화 중 '신발'을 판매·제공하는 매장,train,신발,T1 정확표기,a96839a4-fd3e-43a6-b93b-b1b1454bf749,신발나라,신발,돌곶이시장,전통시장,서울특별시,,,
6a162a2bf90541c2c4e1,full_annotation_v1,A,q_신발_01,신발,패션·잡화 중 '신발'을 판매·제공하는 매장,train,신발,T1 정확표기,68096be0-9077-48e4-be05-5a2052ad495f,경희신발,신발,구리전통시장,전통시장,경기도,,,
ede5c1eb9fc4aa32b1ca,full_annotation_v1,A,q_신발_01,신발,패션·잡화 중 '신발'을 판매·제공하는 매장,train,신발,T1 정확표기,99bcd406-f8d4-4971-9ac4-eec800d526fd,액스토어,잡화,서서울골목형상점가,골목형상점가,서울특별시,,,
9143c8b755c72240453c,full_annotation_v1,A,q_신발_01,신발,패션·잡화 중 '신발'을 판매·제공하는 매장,train,신발,T1 정확표기,9f7d74b8-3250-4e99-90ff-692d1ad30be8,샤론신발,신발,거제 장평종합시장,전통시장,경상남도,,,
4b4217c518386227d5b4,full_annotation_v1,A,q_신발_01,신발,패션·잡화 중 '신발'을 판매·제공하는 매장,train,신발,T1 정확표기,0050f085-55a3-45b8-8d41-0c7a30d4bc2f,대현신발,신발,산격종합시장,전통시장,대구광역시,,,
0e1b4af46b97ba25a80f,full_annotation_v1,A,q_신발_01,신발,패션·잡화 중 '신발'을 판매·제공하는 매장,train,신발,T1 정확표기,c4f7a025-a73f-4ba8-a506-0f8fbf2d1cd4,더슈,신발,부평깡통시장(구 부산부평시장),전통시장,부산광역시,,,
b1e354e25183cfb42257,full_annotation_v1,A,q_신발_01,신발,패션·잡화 중 '신발'을 판매·제공하는 매장,train,신발,T1 정확표기,399133fe-7dc8-4ec5-a0cf-039c74386dad,세정태권도,태권도학원,"각화서희,더샵주변 골목형상점가",골목형상점가,광주광역시,,,
6f7de5cfe4471d1d33f7,full_annotation_v1,A,q_신발_01,신발,패션·잡화 중 '신발'을 판매·제공하는 매장,train,신발,T1 정확표기,fbbb80af-2f6e-4926-9470-914444be5c04,슈올즈,신발,제2경주중심상가시장(경주봉황중심상가시장),전통시장,경상북도,,,
9f5cf35d2af4fe4b1fe2,full_annotation_v1,A,q_신발_01,신발,패션·잡화 중 '신발'을 판매·제공하는 매장,train,신발,T1 정확표기,00172c94-61f0-4197-afeb-d7e8187c79b5,옷이예쁘다,의류,메트로센터(반월당지하쇼핑),일반지하상점가,대구광역시,,,
78c74982d34adac11253,full_annotation_v1,A,q_신발_01,신발,패션·잡화 중 '신발'을 판매·제공하는 매장,train,신발,T1 정확표기,98cccd71-0982-4c23-8620-ad15e403c306,여신,신발,중앙로 지하상가 상점가,일반지하상점가,대전광역시,,,
bcf94b489c11f29d4950,full_annotation_v1,A,q_신발_01,신발,패션·잡화 중 '신발'을 판매·제공하는 매장,train,신발,T1 정확표기,d123f9b4-3cc5-475a-8ac8-5f203db384a8,복돈이이불,,원종고강제일시장(부천제일시장),전통시장,경기도,,,
907de216a8b434a3d2f5,full_annotation_v1,A,q_신발_01,신발,패션·잡화 중 '신발'을 판매·제공하는 매장,train,신발,T1 정확표기,8c09cac3-57f1-4a4a-b315-c9c8cb962981,즈려밟고,신발,충주자유시장,전통시장,충청북도,,,
971a0cee5cb8d40f384e,full_annotation_v1,A,q_신발_01,신발,패션·잡화 중 '신발'을 판매·제공하는 매장,train,신발,T1 정확표기,e60cc715-710f-426d-8de4-744219e4228f,유진헤어,미용실,창원 대동중앙상가,전통시장,경상남도,,,
27964c1445824561edcd,full_annotation_v1,A,q_신발_01,신발,패션·잡화 중 '신발'을 판매·제공하는 매장,train,신발,T1 정확표기,e2552899-ff33-40d0-b842-718b0bdd913f,안심신발,신발,소사종합시장,전통시장,경기도,,,
5f2fd870783dd406f670,full_annotation_v1,A,q_신발_01,신발,패션·잡화 중 '신발'을 판매·제공하는 매장,train,신발,T1 정확표기,4d0984ec-dbbb-432a-aa4c-29adc145999d,88신발,신발,부천자유시장,전통시장,경기도,,,
74db710aea45a3f6561e,full_annotation_v1,A,q_신발_01,신발,패션·잡화 중 '신발'을 판매·제공하는 매장,train,신발,T1 정확표기,87e6ea3e-ab22-4cc0-82e0-5dfebdbe7224,슈퍼마켓,신발,서문시장 제5지구,전통시장,대구광역시,,,
f87964963cb113751dce,full_annotation_v1,A,q_신발_01,신발,패션·잡화 중 '신발'을 판매·제공하는 매장,train,신발,T1 정확표기,db77e7c5-fd3e-41d9-9df7-8ccbd2cfbc3b,신발센타,신발,부곡시장,전통시장,부산광역시,,,
c8fcfb0cfd4415439a2c,full_annotation_v1,A,q_신발_01,신발,패션·잡화 중 '신발'을 판매·제공하는 매장,train,신발,T1 정확표기,8c72de43-484d-48d6-9f62-41b911c030b3,베네슈대치점,신발,은마종합상점가,자율상권구역,서울특별시,,,
f19ba3033e8ca7f960c8,full_annotation_v1,A,q_신발_01,신발,패션·잡화 중 '신발'을 판매·제공하는 매장,train,신발,T1 정확표기,d0811618-c35a-4a9e-b0ba-5974f95ed44d,신발나라,신발,논산화지중앙시장,전통시장,충청남도,,,
481e2ca2acd3f883afad,full_annotation_v1,A,q_신발_01,신발,패션·잡화 중 '신발'을 판매·제공하는 매장,train,신발,T1 정확표기,61cf9f80-fbb6-417b-9430-8abbc6d079df,한샘신발,신발,역곡상상시장(구 역곡북부시장),전통시장,경기도,,,
d245ed1630f8c6364a4f,full_annotation_v1,A,q_신발_01,신발,패션·잡화 중 '신발'을 판매·제공하는 매장,train,신발,T1 정확표기,f12d0d92-4ece-44e7-8028-e63fedd53ec1,쌈지,신발,부천한신시장,전통시장,경기도,,,
a0adf7acdca0ba6d6d41,full_annotation_v1,A,q_신발_01,신발,패션·잡화 중 '신발'을 판매·제공하는 매장,train,신발,T1 정확표기,9d710b4d-26ba-4af7-b20c-335553fb14e8,이재네 신발,신발,주안시민지하도상점가,일반지하상점가,인천광역시,,,
9ee2ad7219a68bc139c8,full_annotation_v1,A,q_신발_01,신발,패션·잡화 중 '신발'을 판매·제공하는 매장,train,신발,T1 정확표기,d2ebb03e-7813-4d46-83da-beb367b395e1,에땅신발,신발,시장로타리지하상가,일반지하상점가,인천광역시,,,
8259e946b99eb4974e41,full_annotation_v1,A,q_신발_01,신발,패션·잡화 중 '신발'을 판매·제공하는 매장,train,신발,T1 정확표기,0e0fc959-4db3-46c4-b127-09562236da29,신발장,신발,㈜르네시떼,전통시장,부산광역시,,,
51f354b0c334580d5b99,full_annotation_v1,A,q_신발_01,신발,패션·잡화 중 '신발'을 판매·제공하는 매장,train,신발,T1 정확표기,02db4104-b701-453b-a7ef-cf0c3014ffde,광명디자인,수선,서문시장아진상가,전통시장,대구광역시,,,
fa04c3115c2f4230da52,full_annotation_v1,A,q_신발_01,신발,패션·잡화 중 '신발'을 판매·제공하는 매장,train,신발,T1 정확표기,00158f51-4d3a-4ac0-9e38-b37552f5e097,지지배,의류,나주금빛상점가,자율상권구역,전라남도,,,
d14d0d6677eac2e6ebe6,full_annotation_v1,A,q_신발_01,신발,패션·잡화 중 '신발'을 판매·제공하는 매장,train,신발,T1 정확표기,fc66e946-831a-4630-a8f2-d585868197b7,신발창고,신발,대림골목시장,전통시장,서울특별시,,,
ecba2678aa7bc1833b46,full_annotation_v1,A,q_신발_01,신발,패션·잡화 중 '신발'을 판매·제공하는 매장,train,신발,T1 정확표기,79e4fba0-8cad-4a89-8d31-3c4fc0c4ebbb,팔팔슈즈,신발,남대문시장,전통시장,서울특별시,,,
c96244db31a74e0f6988,full_annotation_v1,A,q_신발_01,신발,패션·잡화 중 '신발'을 판매·제공하는 매장,train,신발,T1 정확표기,b3d0a541-3d77-49bd-bdc2-11f2761e5342,슈올즈,신발,목동깨비시장(구 목3동시장),전통시장,서울특별시,,,
d972ae7dca8c37905eb8,full_annotation_v1,A,q_신발_01,신발,패션·잡화 중 '신발'을 판매·제공하는 매장,train,신발,T1 정확표기,17badfdc-a36e-4a86-86bd-159c089b4761,리모다,신발,산정상인회 골목형상점가,골목형상점가,광주광역시,,,
fa54f0f48b1e1c442cc1,full_annotation_v1,A,q_신발_01,신발,패션·잡화 중 '신발'을 판매·제공하는 매장,train,신발,T1 정확표기,3faafa5e-a475-48eb-bf32-45cf2174f61b,예쁜걸음,신발,의정부역지하상가,일반지하상점가,경기도,,,
08d5c3111b95977c0f99,full_annotation_v1,A,q_신발_01,신발,패션·잡화 중 '신발'을 판매·제공하는 매장,train,신발,T1 정확표기,0fc38db8-6b70-4f57-bccc-19fdf12722f4,루루,신발,청계6가 지하쇼핑센터,일반지하상점가,서울특별시,,,
d2016563411e5836d7a2,full_annotation_v1,A,q_신발_01,신발,패션·잡화 중 '신발'을 판매·제공하는 매장,train,신발,T1 정확표기,07ea5dd5-7e0a-4ca7-9e32-4f973b295302,신발나라,신발,현대유통쇼핑센터,전통시장,경상북도,,,
434ac2510a4d2e495bc2,full_annotation_v1,A,q_신발_01,신발,패션·잡화 중 '신발'을 판매·제공하는 매장,train,신발,T1 정확표기,7aaab353-043b-4496-8ca8-80d928b239e3,삼성신발,신발,오정동상점가,자율상권구역,대전광역시,,,
cda9a39ad15dabbb176a,full_annotation_v1,A,q_신발_01,신발,패션·잡화 중 '신발'을 판매·제공하는 매장,train,신발,T1 정확표기,1b61b4b4-d234-4237-bb12-4521037b0b9f,강릉신발,신발,원주자유시장,전통시장,강원특별자치도,,,
824d104661be9f5dff2a,full_annotation_v1,A,q_신발_01,신발,패션·잡화 중 '신발'을 판매·제공하는 매장,train,신발,T1 정확표기,293dffb1-090d-4a9d-b6f1-94c9248308fd,신발나라,신발,김해 장유전통시장,전통시장,경상남도,,,
6f707c048340d0bc05f3,full_annotation_v1,A,q_신발_01,신발,패션·잡화 중 '신발'을 판매·제공하는 매장,train,신발,T1 정확표기,00458b4e-83ee-47fb-bcfd-9b0fa5632ebb,로즈마리,신발,남포지하도상가,일반지하상점가,부산광역시,,,
f5ac8bb63dac2cd46bbe,full_annotation_v1,A,q_신발_01,신발,패션·잡화 중 '신발'을 판매·제공하는 매장,train,신발,T1 정확표기,da70d189-9ad9-4e80-be72-6ec463f6c5e3,천광상회,신발,부산자유시장,전통시장,부산광역시,,,
76d66ddffb5a5aca0292,full_annotation_v1,A,q_신발_01,신발,패션·잡화 중 '신발'을 판매·제공하는 매장,train,신발,T1 정확표기,99827e4e-dcfb-4294-af71-23623294d858,모두니신발,신발,목포동부시장,전통시장,,,,
47af9e59a262fd0446da,full_annotation_v1,A,q_신발_01,신발,패션·잡화 중 '신발'을 판매·제공하는 매장,train,신발,T1 정확표기,0a9d199e-da1a-4582-9aff-13ff074e77c7,신발,신발,관저동 먹거리 골목형상점가,골목형상점가,대전광역시,,,
0ea037f1918c22f16b0a,full_annotation_v1,A,q_신발_01,신발,패션·잡화 중 '신발'을 판매·제공하는 매장,train,신발,T1 정확표기,d2aebcbf-2cb3-42a7-ae12-764a604f13e3,나르지오울산점,신발,신정중앙 골목형상점가,골목형상점가,울산광역시,,,
8c5bff91ae12e1143a06,full_annotation_v1,A,q_신발_01,신발,패션·잡화 중 '신발'을 판매·제공하는 매장,train,신발,T1 정확표기,f7224a4e-c59f-4a88-9d8e-6add76959c12,크록스산본점,신발,산본로데오거리(구 산본중심상가),자율상권구역,경기도,,,
0ba2deb0c6dd679c9e92,full_annotation_v1,A,q_신발_01,신발,패션·잡화 중 '신발'을 판매·제공하는 매장,train,신발,T1 정확표기,b13d39e3-0adb-49f4-aac5-b45c8f92c489,부산신발,신발,부산진시장,전통시장,부산광역시,,,
2665c265fdaccd5512e4,full_annotation_v1,A,q_신발_01,신발,패션·잡화 중 '신발'을 판매·제공하는 매장,train,신발,T1 정확표기,0bad5d50-e9d7-49dd-a111-58509151fbb9,자유보가,구두,부산자유시장,전통시장,부산광역시,,,
34713e526f8c946ac68d,full_annotation_v1,A,q_신발_01,신발,패션·잡화 중 '신발'을 판매·제공하는 매장,train,신발,T1 정확표기,19b1a437-17aa-4ae2-962a-23546ead6127,디엠패션,신발,동문시장,전통시장,서울특별시,,,
0364ae2da425fa177948,full_annotation_v1,A,q_신발_01,신발,패션·잡화 중 '신발'을 판매·제공하는 매장,train,신발,T1 정확표기,fffa84e1-80e8-4a7a-93d9-dfaa6ce9036d,유신상회,신발,진보전통시장,전통시장,경상북도,,,
9f45da07d05c4c1fc051,full_annotation_v1,A,q_신발_01,신발,패션·잡화 중 '신발'을 판매·제공하는 매장,train,신발,T1 정확표기,03b7163b-3c55-4d15-8019-a6485ca7cfdb,카사노바제화,구두,창원 명서시장,전통시장,경상남도,,,
1081783dba7b1cccb3cc,full_annotation_v1,A,q_신발_01,신발,패션·잡화 중 '신발'을 판매·제공하는 매장,train,신발,T1 정확표기,d1a9c9fd-fb1c-4d94-ae8c-3bffbf740c92,조공신발,신발,조공시장,전통시장,경기도,,,
c2440d116eb3e7930285,full_annotation_v1,A,q_신발_01,신발,패션·잡화 중 '신발'을 판매·제공하는 매장,train,신발,T1 정확표기,01029d2e-8c08-480e-9aa8-791cb153d861,진아명품옷,의류,조원동 펭귄시장,전통시장,서울특별시,,,
0d337e17154c25651ee4,full_annotation_v1,A,q_신발_01,신발,패션·잡화 중 '신발'을 판매·제공하는 매장,train,신발,T1 정확표기,4a73e68c-5b8e-4a82-ae90-8301e244a4ef,인트로,신발,부산자유시장,전통시장,부산광역시,,,
b46b70a8d51b89fe6872,full_annotation_v1,A,q_신발_01,신발,패션·잡화 중 '신발'을 판매·제공하는 매장,train,신발,T1 정확표기,57e8ae5d-6b17-4c61-8a07-6782bf80c0a1,쌈지,신발,서귀포중심상가번영회,자율상권구역,제주특별자치도,,,
1ae0d6e81ae57dac1a1c,full_annotation_v1,A,q_신발_01,신발,패션·잡화 중 '신발'을 판매·제공하는 매장,train,신발,T1 정확표기,ac3e368d-3764-4790-ac03-64c0f7dadd30,옥색신,신발,관악신사시장,전통시장,서울특별시,,,
8c3fd4536bdcaf8468de,full_annotation_v1,A,q_신발_01,신발,패션·잡화 중 '신발'을 판매·제공하는 매장,train,신발,T1 정확표기,6d2225ad-d226-4ed1-86d8-8ecb0260cb7c,신발할인매장,신발,팔달신시장,전통시장,대구광역시,,,
1a155e889733125f86c1,full_annotation_v1,A,q_신발_01,신발,패션·잡화 중 '신발'을 판매·제공하는 매장,train,신발,T1 정확표기,2e7723d1-f905-43e1-aad1-a5b8ee00a8f0,포항신발,신발,남부시장,전통시장,경상북도,,,
49bdb38e26fd7b0fd9f1,full_annotation_v1,A,q_신발_01,신발,패션·잡화 중 '신발'을 판매·제공하는 매장,train,신발,T1 정확표기,7a2ca7b4-40b2-4985-bc24-5f8ac72db364,에델바이스양화점,신발,포항죽도시장,전통시장,경상북도,,,
1f2e4b0b57e1ff017f5d,full_annotation_v1,A,q_신발_01,신발,패션·잡화 중 '신발'을 판매·제공하는 매장,train,신발,T1 정확표기,5650208c-f39a-4335-a529-bc240f72e218,신발 나라,신발,흑석시장골목형상점가,골목형상점가,서울특별시,,,
e7e2447811cbbe88101d,full_annotation_v1,A,q_신발_01,신발,패션·잡화 중 '신발'을 판매·제공하는 매장,train,신발,T1 정확표기,e5b96451-ad36-462c-9ad6-2fdfaa6d548d,신발나라,신발,자양15번가골목형상점가,골목형상점가,서울특별시,,,
d2e98af2ae53a08a827a,full_annotation_v1,A,q_신발_01,신발,패션·잡화 중 '신발'을 판매·제공하는 매장,train,신발,T1 정확표기,a874cffc-f553-44ff-b5c0-c561a8027a8a,짚신과나막신,신발,청주북부시장,전통시장,충청북도,,,
46f3d2edf4e3a7fe3f5a,full_annotation_v1,A,q_신발_01,신발,패션·잡화 중 '신발'을 판매·제공하는 매장,train,신발,T1 정확표기,b1ac0817-dc70-49a2-8cf8-4009ebe0878d,반월당신발,신발,메트로프라자,일반지하상점가,대구광역시,,,
8b809f72a608955856b8,full_annotation_v1,A,q_신발_01,신발,패션·잡화 중 '신발'을 판매·제공하는 매장,train,신발,T1 정확표기,042c8dcd-60d2-4f8e-b7c4-4c125b018685,슈올즈,신발,위드수암 골목형상점가,골목형상점가,울산광역시,,,
aa3847c3101471c1966f,full_annotation_v1,A,q_신발_01,신발,패션·잡화 중 '신발'을 판매·제공하는 매장,train,신발,T1 정확표기,d25b56d4-6e1e-43bc-9c48-909474ad52c7,곰발바닥신발,신발,평창올림픽시장(평창전통시장),전통시장,강원특별자치도,,,
5f0a1365f656ab8a3f7f,full_annotation_v1,A,q_신발_01,신발,패션·잡화 중 '신발'을 판매·제공하는 매장,train,신발,T1 정확표기,0b466db8-6399-4c2d-86c0-960a480ca210,신발나라,신발,남대문시장,전통시장,서울특별시,,,
8903e6af66f1f27179dc,full_annotation_v1,A,q_신발_01,신발,패션·잡화 중 '신발'을 판매·제공하는 매장,train,신발,T1 정확표기,9ff7c2fe-eff4-4055-8b41-9e7f0fff69fb,슈,신발,이천중앙로상가,자율상권구역,경기도,,,
a2498496e5af7c448226,full_annotation_v1,A,q_신발_01,신발,패션·잡화 중 '신발'을 판매·제공하는 매장,train,신발,T1 정확표기,c55301e1-140f-4a49-9a7a-400dc6e36547,신발나라,신발,오수상점가,자율상권구역,전북특별자치도,,,
92d6df31536fbd14388a,full_annotation_v1,A,q_신발_01,신발,패션·잡화 중 '신발'을 판매·제공하는 매장,train,신발,T1 정확표기,fd1ab21b-0de7-430e-afa5-5500419b8dad,숭인신발,신발,숭인시장,전통시장,서울특별시,,,
8d845fb9854ae0843e51,full_annotation_v1,A,q_신발_01,신발,패션·잡화 중 '신발'을 판매·제공하는 매장,train,신발,T1 정확표기,5920d20a-82e6-4522-8a9a-cfb1b0f6b0e8,신일유통,생활용품,주문진종합시장,전통시장,강원특별자치도,,,
df05ba70502b06037552,full_annotation_v1,A,q_신발_01,신발,패션·잡화 중 '신발'을 판매·제공하는 매장,train,신발,T1 정확표기,595d8dc3-6b63-4a3f-9842-daaaeaacd12e,패션신발,신발,경주중앙시장,전통시장,경상북도,,,
4d98b55d70d91fe9d9f2,full_annotation_v1,A,q_신발_01,신발,패션·잡화 중 '신발'을 판매·제공하는 매장,train,신발,T1 정확표기,579d08e7-ec81-42d9-b08b-253696d6e195,보너,신발,오치서산초 골목형상점가,골목형상점가,광주광역시,,,
36243b1eb2ef62143aa8,full_annotation_v1,A,q_신발_01,신발,패션·잡화 중 '신발'을 판매·제공하는 매장,train,신발,T1 정확표기,00124602-ef4e-472c-91ee-de53b28d7530,화이트,의류,울산번개시장,전통시장,울산광역시,,,
431e6ed66a64e2ef3e58,full_annotation_v1,A,q_신발_01,신발,패션·잡화 중 '신발'을 판매·제공하는 매장,train,신발,T1 정확표기,0f81d36e-a320-498e-8cd9-9f29bedb7ef2,신발나라,신발,새동인천지하상가,일반지하상점가,인천광역시,,,
268e5914f94525b6daa6,full_annotation_v1,A,q_신발_01,신발,패션·잡화 중 '신발'을 판매·제공하는 매장,train,신발,T1 정확표기,6782a82f-0397-496e-bcf7-68a797023cac,고향의 신발,신발,계림중앙필문로 골목형상점가,골목형상점가,광주광역시,,,
0899aa6e0295dfba8d48,full_annotation_v1,A,q_신발_01,신발,패션·잡화 중 '신발'을 판매·제공하는 매장,train,신발,T1 정확표기,ef6cb7ea-9d67-4e79-9dbe-7b75f4797c1e,자매신발,신발,봉일천전통시장,전통시장,경기도,,,
f36af6c8abbe0031cd1d,full_annotation_v1,A,q_신발_01,신발,패션·잡화 중 '신발'을 판매·제공하는 매장,train,신발,T1 정확표기,613d820a-3c9a-49f3-9246-7980d075c3a6,소망신발,신발,상계중앙시장,전통시장,서울특별시,,,
609563f0039514d9c866,full_annotation_v1,A,q_신발_01,신발,패션·잡화 중 '신발'을 판매·제공하는 매장,train,신발,T1 정확표기,bce65314-3217-4082-b8d9-2c114e68ae97,와이에스몰,신발,칠성원시장,전통시장,대구광역시,,,
fc032214711fd6e81e5c,full_annotation_v1,A,q_신발_01,신발,패션·잡화 중 '신발'을 판매·제공하는 매장,train,신발,T1 정확표기,f98c220c-0bc4-4f96-a2b5-8d0f43ff290b,반석신발,신발,제주시민속오일시장,전통시장,제주특별자치도,,,
af893547e09f4c3d2ff9,full_annotation_v1,A,q_신발_01,신발,패션·잡화 중 '신발'을 판매·제공하는 매장,train,신발,T1 정확표기,0619b383-c2b1-4ae9-9bf5-6299a288135c,안동상회,신발,부산자유시장,전통시장,부산광역시,,,
88b038841a3ceeea527b,full_annotation_v1,A,q_신발_01,신발,패션·잡화 중 '신발'을 판매·제공하는 매장,train,신발,T1 정확표기,c59b305a-de74-4cf4-a654-125199b8fede,신발토픽,신발,화정로상가상인회 골목형상점가,골목형상점가,광주광역시,,,
68666c40c9f0f2519b9f,full_annotation_v1,A,q_신발_01,신발,패션·잡화 중 '신발'을 판매·제공하는 매장,train,신발,T1 정확표기,c8cefc9e-7e27-4bf7-b68f-434fd48b844a,신발나라,신발,역전시장,전통시장,충청남도,,,
ad7ab76fb41e2a8bcb9c,full_annotation_v1,A,q_신발_01,신발,패션·잡화 중 '신발'을 판매·제공하는 매장,train,신발,T1 정확표기,9cd73ef3-ca9c-4815-9b1e-aadd62213ca1,신발,신발,충주무학시장,전통시장,충청북도,,,
7554e4dd5f2f952f452d,full_annotation_v1,A,q_신발_01,신발,패션·잡화 중 '신발'을 판매·제공하는 매장,train,신발,T1 정확표기,00054f1d-4cae-4345-9975-1423bc49e4dc,착한아이들,의류,중앙전통시장,전통시장,울산광역시,,,
bf5825b4b4814e90f1c3,full_annotation_v1,A,q_신발_01,신발,패션·잡화 중 '신발'을 판매·제공하는 매장,train,신발,T1 정확표기,b20cdf6d-b5f8-4cbe-9c8c-a539fd65688e,서희,신발,포항죽도시장,전통시장,경상북도,,,
b6dad078b0585034a535,full_annotation_v1,A,q_신발_01,신발,패션·잡화 중 '신발'을 판매·제공하는 매장,train,신발,T1 정확표기,053ae52d-4821-48bb-9c0b-2b1a9c75c514,화진수제화,구두,의정부역지하상가,일반지하상점가,경기도,,,
3e97f0afcdf5ecd2334a,full_annotation_v1,A,q_신발_01,신발,패션·잡화 중 '신발'을 판매·제공하는 매장,train,신발,T1 정확표기,27b80401-c118-4d85-a3fd-42d3923161b2,팔도식품,식육,김해 주촌축산물시장,전통시장,경상남도,,,
bc666eeddb9de0543c9d,full_annotation_v1,A,q_신발_01,신발,패션·잡화 중 '신발'을 판매·제공하는 매장,train,신발,T1 정확표기,09313120-d6fe-43ba-85a1-be85a6d9c672,루비,신발,부산자유시장,전통시장,부산광역시,,,
8cf289a3ed31a4e55e64,full_annotation_v1,A,q_신발_01,신발,패션·잡화 중 '신발'을 판매·제공하는 매장,train,신발,T1 정확표기,961f3ef3-6ed6-41ab-9fce-cab3e633b06b,역곡신발,신발,역곡상상시장(구 역곡북부시장),전통시장,경기도,,,
e3e1957fd32c0fa94b79,full_annotation_v1,A,q_신발_01,신발,패션·잡화 중 '신발'을 판매·제공하는 매장,train,신발,T1 정확표기,20b52dd6-3bb4-446e-b489-adbc6933540c,신발나라,신발,정이있는 구포시장,전통시장,부산광역시,,,
2e82ee870c156802638a,full_annotation_v1,A,q_신발_01,신발,패션·잡화 중 '신발'을 판매·제공하는 매장,train,신발,T1 정확표기,cbe66c47-7a31-4118-90fc-dfad8f02eb32,부흥상회,쌀,부전상가시장,전통시장,부산광역시,,,
1c06ddea3e40a7fdb20a,full_annotation_v1,A,q_신발_01,신발,패션·잡화 중 '신발'을 판매·제공하는 매장,train,신발,T1 정확표기,000a92b3-0b5e-429e-af00-f86e3570e24b,클로버,의류,관문상가시장,전통시장,대구광역시,,,
74d68c74ec22e46c98cf,full_annotation_v1,A,q_신발_01,신발,패션·잡화 중 '신발'을 판매·제공하는 매장,train,신발,T1 정확표기,93e5aded-fb8b-4e3a-86c7-9b545d9c03da,정든신발,신발,대신시장,전통시장,서울특별시,,,
5d2363465c6efb4eae77,full_annotation_v1,A,q_신발_01,신발,패션·잡화 중 '신발'을 판매·제공하는 매장,train,신발,T1 정확표기,b9fd3875-cc79-408a-a4fb-5077bd2249c5,슈올즈,신발,군산중앙로 골목형상점가,골목형상점가,전북특별자치도,,,
63e2cbaaf0a17fbf9c84,full_annotation_v1,A,q_신발_02,구두,패션·잡화 중 '신발'을 판매·제공하는 매장,train,신발,T2 동의어,4586ae15-956f-4a7e-8c38-32064db8780e,나비구두,구두,구리전통시장,전통시장,경기도,,,
2cd19cbb8e7d21193ec2,full_annotation_v1,A,q_신발_02,구두,패션·잡화 중 '신발'을 판매·제공하는 매장,train,신발,T2 동의어,dc93be05-ae61-4da1-bd36-7fddd15a0b3a,땅스부대찌개 파장동점,한식,북수원시장( 구 파장시장),전통시장,경기도,,,
d2c0532ef4426bc96315,full_annotation_v1,A,q_신발_02,구두,패션·잡화 중 '신발'을 판매·제공하는 매장,train,신발,T2 동의어,28e48ceb-df90-4cba-9d75-89d5cb873da3,신발종합매장,구두,세은 골목형상점가,골목형상점가,광주광역시,,,
6a6bf88a508d65cb4c15,full_annotation_v1,A,q_신발_02,구두,패션·잡화 중 '신발'을 판매·제공하는 매장,train,신발,T2 동의어,a4d5d306-1d45-4738-9b21-6fbfe0228063,니콜라스케리부룩익산점,구두,익산중앙상점가,골목형상점가,전북특별자치도,,,
530c434c90ed71c896cb,full_annotation_v1,A,q_신발_02,구두,패션·잡화 중 '신발'을 판매·제공하는 매장,train,신발,T2 동의어,243297b6-0134-45fa-b4c6-e8e9c06effc1,희컬렉션,구두,삼익패션타운,전통시장,서울특별시,,,
aa7ad1fa84ee1ec0dc61,full_annotation_v1,A,q_신발_02,구두,패션·잡화 중 '신발'을 판매·제공하는 매장,train,신발,T2 동의어,00054f1d-4cae-4345-9975-1423bc49e4dc,착한아이들,의류,중앙전통시장,전통시장,울산광역시,,,
dbb09b55a4d0a4fa9295,full_annotation_v1,A,q_신발_02,구두,패션·잡화 중 '신발'을 판매·제공하는 매장,train,신발,T2 동의어,10b5b49d-da23-4bb5-8337-5d9a4fa41411,청산청과,과일,영월서부공설시장,전통시장,강원특별자치도,,,
db47e19800cde3b5a271,full_annotation_v1,A,q_신발_02,구두,패션·잡화 중 '신발'을 판매·제공하는 매장,train,신발,T2 동의어,84de7eaa-15ac-4ec2-a223-c686f3a3c003,다혜상회,"농산물, 전통식품",무안전통시장,전통시장,전라남도,,,
6e0dc2fff628827b4014,full_annotation_v1,A,q_신발_02,구두,패션·잡화 중 '신발'을 판매·제공하는 매장,train,신발,T2 동의어,83c6d372-c0e6-4d27-b7f7-ce6f8d3b0d84,다온축산,축산물 한우 한돈,계산시장,전통시장,인천광역시,,,
64bb6261de96070b263d,full_annotation_v1,A,q_신발_02,구두,패션·잡화 중 '신발'을 판매·제공하는 매장,train,신발,T2 동의어,58f8b290-6b57-484b-8d85-d429b01d1234,슈발화점,구두,진주 중앙시장,전통시장,경상남도,,,
b2a57444d3cd4b10ddd9,full_annotation_v1,A,q_신발_02,구두,패션·잡화 중 '신발'을 판매·제공하는 매장,train,신발,T2 동의어,726bd2e7-098f-40a3-ae9b-7cfe6a6f689f,주노구두,구두,청주서문시장,전통시장,충청북도,,,
d6913ba22a265a8f82bd,full_annotation_v1,A,q_신발_02,구두,패션·잡화 중 '신발'을 판매·제공하는 매장,train,신발,T2 동의어,979691e8-88a8-4eb2-9415-4d7454205bfc,진국수산,수산물,영천시장,전통시장,서울특별시,,,
00e262aa85d155474fe9,full_annotation_v1,A,q_신발_02,구두,패션·잡화 중 '신발'을 판매·제공하는 매장,train,신발,T2 동의어,577e063b-d8b9-462a-b2e0-311144cb009b,리챠드,구두,목3동골목형상점가,골목형상점가,서울특별시,,,
240eec701d8af7e58f31,full_annotation_v1,A,q_신발_02,구두,패션·잡화 중 '신발'을 판매·제공하는 매장,train,신발,T2 동의어,6c5e65a3-0068-4a5e-8e17-9e0b88cb9225,론손양화점,구두,통영 북신전통시장,전통시장,경상남도,,,
4b4ec14b88869d6a5463,full_annotation_v1,A,q_신발_02,구두,패션·잡화 중 '신발'을 판매·제공하는 매장,train,신발,T2 동의어,0bdbd475-0f7d-418e-89ae-b5ea2015b849,노르디스크원주점,구두,원주중앙시장활성화구역,상권활성화구역,강원특별자치도,,,
03ab5154c2d8742d1bdb,full_annotation_v1,A,q_신발_02,구두,패션·잡화 중 '신발'을 판매·제공하는 매장,train,신발,T2 동의어,142cc20f-484a-4fc2-b8aa-cd14b2ef0af9,이태리,구두,서면지하도상가 부전몰,일반지하상점가,부산광역시,,,
1e3ed10f8a6f0c203f0e,full_annotation_v1,A,q_신발_02,구두,패션·잡화 중 '신발'을 판매·제공하는 매장,train,신발,T2 동의어,000e2f0b-a1ef-481a-8308-ef582af4ea73,장미신발,신발,구역전시장,전통시장,울산광역시,,,
d1ee25fc727a30966f61,full_annotation_v1,A,q_신발_02,구두,패션·잡화 중 '신발'을 판매·제공하는 매장,train,신발,T2 동의어,4269af62-4186-4edd-8071-06e6e2e0f6d9,내가그린구두,구두,천호로데오거리상점가,자율상권구역,서울특별시,,,
7c9c580b74b3f5374a24,full_annotation_v1,A,q_신발_02,구두,패션·잡화 중 '신발'을 판매·제공하는 매장,train,신발,T2 동의어,014602ec-34d6-41db-98d1-f7941ce5c2da,밝은 세탁,수선,노대물빛근린공원 골목형상점가,골목형상점가,광주광역시,,,
2dabe8ab5f2ee9245319,full_annotation_v1,A,q_신발_02,구두,패션·잡화 중 '신발'을 판매·제공하는 매장,train,신발,T2 동의어,00124602-ef4e-472c-91ee-de53b28d7530,화이트,의류,울산번개시장,전통시장,울산광역시,,,
4223673451ea6d7a4f40,full_annotation_v1,A,q_신발_02,구두,패션·잡화 중 '신발'을 판매·제공하는 매장,train,신발,T2 동의어,f1aeca3e-fce1-49c8-8907-6fac2c3b2c48,구두 종합병원,,영산포 골목형상점가,골목형상점가,,,,
f332f602fb8ca5f61818,full_annotation_v1,A,q_신발_02,구두,패션·잡화 중 '신발'을 판매·제공하는 매장,train,신발,T2 동의어,f1028a2e-e34e-4f98-b502-161e762d0304,쏘머즈2nd,여성의류,부평중앙 지하상가,일반지하상점가,인천광역시,,,
b393d334b53503999a33,full_annotation_v1,A,q_신발_02,구두,패션·잡화 중 '신발'을 판매·제공하는 매장,train,신발,T2 동의어,2d96a0e1-3f74-467c-af8b-08b25c7c96ca,청주MARIO,구두,성안길상점가,자율상권구역,충청북도,,,
b19a7e9e5d3fa7144a11,full_annotation_v1,A,q_신발_02,구두,패션·잡화 중 '신발'을 판매·제공하는 매장,train,신발,T2 동의어,d15958c2-da42-406c-9906-ca23d6c5ffb7,에스콰이아익산대리점,구두,익산중앙상점가,골목형상점가,전북특별자치도,,,
df9ff86da9efbec4caf3,full_annotation_v1,A,q_신발_02,구두,패션·잡화 중 '신발'을 판매·제공하는 매장,train,신발,T2 동의어,b1385b96-61c0-484d-962b-60f7ea99fce4,블랙스톤,구두,서면지하도상가 부전몰,일반지하상점가,부산광역시,,,
7c42985b4855a9948c5a,full_annotation_v1,A,q_신발_02,구두,패션·잡화 중 '신발'을 판매·제공하는 매장,train,신발,T2 동의어,b179173f-bce3-494e-8383-a53249100661,드림컬렉션,구두,대구수제화골목상점가,자율상권구역,대구광역시,,,
b8239aebb45c70357d62,full_annotation_v1,A,q_신발_02,구두,패션·잡화 중 '신발'을 판매·제공하는 매장,train,신발,T2 동의어,02851047-7760-4cdb-b811-74f6dff245bd,에덴의상실,수선,돈암시장,전통시장,서울특별시,,,
c09dc71c7efec5ff2cf1,full_annotation_v1,A,q_신발_02,구두,패션·잡화 중 '신발'을 판매·제공하는 매장,train,신발,T2 동의어,a4ebfa35-48a7-45de-9869-2bfd076e0ede,선비꼬마김밥 전하점,김밥,동울산종합시장,전통시장,울산광역시,,,
3e6860047dd760df813f,full_annotation_v1,A,q_신발_02,구두,패션·잡화 중 '신발'을 판매·제공하는 매장,train,신발,T2 동의어,000fae5b-8595-4041-94fa-5527454e648c,신발나라,신발,호계랑 골목형상점가,골목형상점가,울산광역시,,,
f9284ab65f527fa4eec5,full_annotation_v1,A,q_신발_02,구두,패션·잡화 중 '신발'을 판매·제공하는 매장,train,신발,T2 동의어,a88e3d9e-7b32-4857-845f-1643450de319,라이온,구두,삼익패션타운,전통시장,서울특별시,,,
f086897edc52b8e0df9b,full_annotation_v1,A,q_신발_02,구두,패션·잡화 중 '신발'을 판매·제공하는 매장,train,신발,T2 동의어,cf4a5417-77f5-4f71-9250-ef56550582ec,도로시,구두,대구수제화골목상점가,자율상권구역,대구광역시,,,
81ab51d16c1e92b2ab69,full_annotation_v1,A,q_신발_02,구두,패션·잡화 중 '신발'을 판매·제공하는 매장,train,신발,T2 동의어,9d64e3ad-f3fd-453b-81bc-6ad45e474ba1,피렌체,구두,중앙로 동문 상점가 골목형상점가,골목형상점가,경상북도,,,
8de266e38ea301e4c2ec,full_annotation_v1,A,q_신발_02,구두,패션·잡화 중 '신발'을 판매·제공하는 매장,train,신발,T2 동의어,8bc9fe3d-baa7-4942-824a-535a8f8ffcc0,쥴단,구두,삼익패션타운,전통시장,서울특별시,,,
2c053ce3643985905ec5,full_annotation_v1,A,q_신발_02,구두,패션·잡화 중 '신발'을 판매·제공하는 매장,train,신발,T2 동의어,6a8c90c7-6239-4ca1-9cef-577c0438854d,한양제화,구두,대구수제화골목상점가,자율상권구역,대구광역시,,,
ed07c507a4ed1f476e3f,full_annotation_v1,A,q_신발_02,구두,패션·잡화 중 '신발'을 판매·제공하는 매장,train,신발,T2 동의어,c61d9000-4129-4b48-a9fa-5f688b45ffa1,주식회사 우성인더스,금속가공,인천산업유통센터,전통시장,인천광역시,,,
9deaab3028003cc63750,full_annotation_v1,A,q_신발_02,구두,패션·잡화 중 '신발'을 판매·제공하는 매장,train,신발,T2 동의어,126571a5-c768-4cf0-9328-c6de5217f2f2,유리구두,구두,강남역지하도상점가,일반지하상점가,서울특별시,,,
d30e9003763548756f8f,full_annotation_v1,A,q_신발_02,구두,패션·잡화 중 '신발'을 판매·제공하는 매장,train,신발,T2 동의어,dfa60c54-9e3e-477d-b697-ee4831d783fd,더 로드,구두,마산 합성대로상가,전통시장,경상남도,,,
84fb8b22aa853bcc4458,full_annotation_v1,A,q_신발_02,구두,패션·잡화 중 '신발'을 판매·제공하는 매장,train,신발,T2 동의어,000a92b3-0b5e-429e-af00-f86e3570e24b,클로버,의류,관문상가시장,전통시장,대구광역시,,,
ed0bbfc78ecfcce71c85,full_annotation_v1,A,q_신발_02,구두,패션·잡화 중 '신발'을 판매·제공하는 매장,train,신발,T2 동의어,03a396dd-7609-4133-beef-55e14ecdc41f,가장맛있는족발,족발,관평동 골목형상점가,골목형상점가,대전광역시,,,
2ef0d8c220dc994e547b,full_annotation_v1,A,q_신발_02,구두,패션·잡화 중 '신발'을 판매·제공하는 매장,train,신발,T2 동의어,df7601ec-0375-4fa0-bc45-d4e1e78749cd,소호,구두,동산상가,전통시장,대구광역시,,,
dc2bbebf1abd9500cf9a,full_annotation_v1,A,q_신발_02,구두,패션·잡화 중 '신발'을 판매·제공하는 매장,train,신발,T2 동의어,1716d759-a138-40fc-beaf-5c2f24cfff5e,미투리제화,구두,대구수제화골목상점가,자율상권구역,대구광역시,,,
1a90dfa16430e0da1846,full_annotation_v1,A,q_신발_02,구두,패션·잡화 중 '신발'을 판매·제공하는 매장,train,신발,T2 동의어,16ff6cbd-9743-449d-aa93-3ee7b9d20f28,씨유 대전관평스타점,편의점 물건,관평동 골목형상점가,골목형상점가,대전광역시,,,
c43e8863ff287d2febd0,full_annotation_v1,A,q_신발_02,구두,패션·잡화 중 '신발'을 판매·제공하는 매장,train,신발,T2 동의어,851a71a0-f866-4430-8a25-3b8cb90e7189,드봉,구두,삼익패션타운,전통시장,서울특별시,,,
78c98052cda1e37c9e18,full_annotation_v1,A,q_신발_02,구두,패션·잡화 중 '신발'을 판매·제공하는 매장,train,신발,T2 동의어,00fc2b18-ffa0-45b1-b03a-af61257944a9,충일구두수선,구두수선,충주무학시장,전통시장,충청북도,,,
8352635a6eec2a6e4bee,full_annotation_v1,A,q_신발_02,구두,패션·잡화 중 '신발'을 판매·제공하는 매장,train,신발,T2 동의어,da90caed-af35-4c72-bc5c-50567a97f439,니쪼제화,구두,세은 골목형상점가,골목형상점가,광주광역시,,,
236bbc7beb6f490d8208,full_annotation_v1,A,q_신발_02,구두,패션·잡화 중 '신발'을 판매·제공하는 매장,train,신발,T2 동의어,0bd04e6e-4359-47c7-827f-807b919f7daf,애플,구두,고투몰(강남터미널지하도상점가),일반지하상점가,서울특별시,,,
e41271d2449edbe3d8e4,full_annotation_v1,A,q_신발_02,구두,패션·잡화 중 '신발'을 판매·제공하는 매장,train,신발,T2 동의어,72c1f2c9-7cf8-48c0-8154-19fd898aa6a3,쉬크,구두,양평물맑은시장,전통시장,경기도,,,
b3a231c6e1a42915d886,full_annotation_v1,A,q_신발_02,구두,패션·잡화 중 '신발'을 판매·제공하는 매장,train,신발,T2 동의어,9e8f7a21-2288-4b9a-ba28-243659635ab6,고려제화,구두,전자의거리 상점가,자율상권구역,광주광역시,,,
0022d600471fb71719ec,full_annotation_v1,A,q_신발_02,구두,패션·잡화 중 '신발'을 판매·제공하는 매장,train,신발,T2 동의어,710b6ef4-8c80-4dca-bb18-4cfb00c59bcc,장씨네명품수선,구두,부산역지하도상가,일반지하상점가,부산광역시,,,
4c5295cbd7c4067d1ecb,full_annotation_v1,A,q_신발_02,구두,패션·잡화 중 '신발'을 판매·제공하는 매장,train,신발,T2 동의어,4bfc7fdc-4fc1-47ef-a112-27a2797675f6,빨강구두,구두 및 가방 등,도산로 골목형상점가,골목형상점가,대전광역시,,,
844d4c2caf8588d258ac,full_annotation_v1,A,q_신발_02,구두,패션·잡화 중 '신발'을 판매·제공하는 매장,train,신발,T2 동의어,00172c94-61f0-4197-afeb-d7e8187c79b5,옷이예쁘다,의류,메트로센터(반월당지하쇼핑),일반지하상점가,대구광역시,,,
c0d6606d3330bec0825c,full_annotation_v1,A,q_신발_02,구두,패션·잡화 중 '신발'을 판매·제공하는 매장,train,신발,T2 동의어,46e40c40-1d54-42e6-ac2c-53c4459ed4f0,부산숙녀화,구두,부산평화시장,전통시장,부산광역시,,,
b6f5ecf7ebcd7203b36e,full_annotation_v1,A,q_신발_02,구두,패션·잡화 중 '신발'을 판매·제공하는 매장,train,신발,T2 동의어,c414e7af-f5b3-4fec-a757-e9553e16b12e,기계상회,고추가루 마늘,포항죽도시장,전통시장,경상북도,,,
6578e64c025e0b1cc81a,full_annotation_v1,A,q_신발_02,구두,패션·잡화 중 '신발'을 판매·제공하는 매장,train,신발,T2 동의어,03b7163b-3c55-4d15-8019-a6485ca7cfdb,카사노바제화,구두,창원 명서시장,전통시장,경상남도,,,
002561bc103674ba6823,full_annotation_v1,A,q_신발_02,구두,패션·잡화 중 '신발'을 판매·제공하는 매장,train,신발,T2 동의어,a7855048-82ee-41ed-b042-6db68fcb7c84,제이마블,구두,퀸스로드 골목형상점가,골목형상점가,대구광역시,,,
3c73683dc9aa54c03481,full_annotation_v1,A,q_신발_02,구두,패션·잡화 중 '신발'을 판매·제공하는 매장,train,신발,T2 동의어,75bd1ca7-76a7-46ad-9c10-b2541d386b00,지름신,구두,안양일번가 지하쇼핑몰,일반지하상점가,경기도,,,
0b14954a276e0827b63a,full_annotation_v1,A,q_신발_02,구두,패션·잡화 중 '신발'을 판매·제공하는 매장,train,신발,T2 동의어,00242042-f371-486a-a1fc-b85de093edbf,슈올즈 이천점,"신발, 잡화",장터거리시장 골목형상점가,골목형상점가,경기도,,,
f5e1a164a702adab8fd5,full_annotation_v1,A,q_신발_02,구두,패션·잡화 중 '신발'을 판매·제공하는 매장,train,신발,T2 동의어,6e43185c-b25c-4354-b8cc-35e682c87edf,인터진스,구두,이태원시장,전통시장,서울특별시,,,
fbbd9aaff9dd707c3cae,full_annotation_v1,A,q_신발_02,구두,패션·잡화 중 '신발'을 판매·제공하는 매장,train,신발,T2 동의어,6ebdfda4-4cca-46c9-8b3d-0274b10d4809,임실치즈피자 광주본점,피자,신용연제 골목형상점가,골목형상점가,광주광역시,,,
916cc1952729072edb55,full_annotation_v1,A,q_신발_02,구두,패션·잡화 중 '신발'을 판매·제공하는 매장,train,신발,T2 동의어,123cdc3a-c4d0-4fb5-90f9-5f01f121f5a9,이쁘제,구두,도남시장,전통시장,제주특별자치도,,,
c327091f2c5e91232284,full_annotation_v1,A,q_신발_02,구두,패션·잡화 중 '신발'을 판매·제공하는 매장,train,신발,T2 동의어,00158f51-4d3a-4ac0-9e38-b37552f5e097,지지배,의류,나주금빛상점가,자율상권구역,전라남도,,,
0bb3ea5377038dd9d478,full_annotation_v1,A,q_신발_02,구두,패션·잡화 중 '신발'을 판매·제공하는 매장,train,신발,T2 동의어,cdc6c3c5-4fe1-4008-bc03-e0b358914a2e,니노로시,구두,남포지하도상가,일반지하상점가,부산광역시,,,
64206dc3f8560031fdfe,full_annotation_v1,A,q_신발_02,구두,패션·잡화 중 '신발'을 판매·제공하는 매장,train,신발,T2 동의어,41bf2250-8488-4751-902f-ff546ed53721,샤인,구두,안산다농마트전통시장,전통시장,경기도,,,
5d8a90ed069d23e069f4,full_annotation_v1,A,q_신발_02,구두,패션·잡화 중 '신발'을 판매·제공하는 매장,train,신발,T2 동의어,ecd96710-ee8b-405e-a4a2-558106b47d65,아라헤어터치,미용 헤어,신용연제 골목형상점가,골목형상점가,광주광역시,,,
1edeb1c8fa7206f5461d,full_annotation_v1,A,q_신발_02,구두,패션·잡화 중 '신발'을 판매·제공하는 매장,train,신발,T2 동의어,0050f085-55a3-45b8-8d41-0c7a30d4bc2f,대현신발,신발,산격종합시장,전통시장,대구광역시,,,
599e7b58302a7e0cded8,full_annotation_v1,A,q_신발_02,구두,패션·잡화 중 '신발'을 판매·제공하는 매장,train,신발,T2 동의어,11dfa6f2-4dad-46a7-81d6-9ecff4dca31b,미스콜렉션,구두,숭례문수입상가,전통시장,서울특별시,,,
a44f442be8dddaa124f9,full_annotation_v1,A,q_신발_02,구두,패션·잡화 중 '신발'을 판매·제공하는 매장,train,신발,T2 동의어,8c8f4b60-8cd0-4a9e-ae23-298adfd86d1a,와라와라,한식,마산 오동동 창동 어시장 상권활성화구역,상권활성화구역,경상남도,,,
f4bd225b64d1d193023a,full_annotation_v1,A,q_신발_02,구두,패션·잡화 중 '신발'을 판매·제공하는 매장,train,신발,T2 동의어,6ade8ec6-596b-4ce3-8b87-13450828ad95,까뭉,구두,안양일번가 지하쇼핑몰,일반지하상점가,경기도,,,
a4f8909561592871594b,full_annotation_v1,A,q_신발_02,구두,패션·잡화 중 '신발'을 판매·제공하는 매장,train,신발,T2 동의어,746e3818-acb6-40ee-a7d7-1b475000df04,을지SHOES,구두,을지로지하보도쇼핑센터,일반지하상점가,서울특별시,,,
50385354a86de2996eb9,full_annotation_v1,A,q_신발_02,구두,패션·잡화 중 '신발'을 판매·제공하는 매장,train,신발,T2 동의어,24150b6b-1f90-46b5-877a-e7d3184f7ea4,다인,구두,성남프라자,전통시장,울산광역시,,,
0a465c54517b83cae5f6,full_annotation_v1,A,q_신발_02,구두,패션·잡화 중 '신발'을 판매·제공하는 매장,train,신발,T2 동의어,009625c0-f3cf-4a0d-9399-0a8d6176c553,예프,구두,신부유람단골목형상점가,골목형상점가,충청남도,,,
c259a971eb5fc8a1fb91,full_annotation_v1,A,q_신발_02,구두,패션·잡화 중 '신발'을 판매·제공하는 매장,train,신발,T2 동의어,fc6425ef-1877-4f22-b1b0-11c8d86a7950,온풋,구두,강남역지하도상점가,일반지하상점가,서울특별시,,,
3005f6a6aa6cf290520d,full_annotation_v1,A,q_신발_02,구두,패션·잡화 중 '신발'을 판매·제공하는 매장,train,신발,T2 동의어,c902d84d-80ce-4746-8998-965ef6c30566,명문콜렉션,구두,법동시장,전통시장,대전광역시,,,
8767d771ac534a0ec507,full_annotation_v1,A,q_신발_02,구두,패션·잡화 중 '신발'을 판매·제공하는 매장,train,신발,T2 동의어,0bad5d50-e9d7-49dd-a111-58509151fbb9,자유보가,구두,부산자유시장,전통시장,부산광역시,,,
86c30709716db1059414,full_annotation_v1,A,q_신발_02,구두,패션·잡화 중 '신발'을 판매·제공하는 매장,train,신발,T2 동의어,5616449a-4d20-4fb7-beed-427080799da6,수정제화,구두,대구수제화골목상점가,자율상권구역,대구광역시,,,
fca4acce38c21c1ff9b7,full_annotation_v1,A,q_신발_02,구두,패션·잡화 중 '신발'을 판매·제공하는 매장,train,신발,T2 동의어,5c23c286-5998-4ee1-8fe7-28e9d49da5bf,노베르또양화점,구두,남포지하도상가,일반지하상점가,부산광역시,,,
739e1365bd192c8cd4e9,full_annotation_v1,A,q_신발_02,구두,패션·잡화 중 '신발'을 판매·제공하는 매장,train,신발,T2 동의어,053ae52d-4821-48bb-9c0b-2b1a9c75c514,화진수제화,구두,의정부역지하상가,일반지하상점가,경기도,,,
b6ddc52f378490e8acbd,full_annotation_v1,A,q_신발_02,구두,패션·잡화 중 '신발'을 판매·제공하는 매장,train,신발,T2 동의어,4c3b5b59-6f5b-4bba-8a6c-ed070153e57a,맹가미,구두,익산중앙상점가,골목형상점가,전북특별자치도,,,
e5e5ea63d9ab654340c8,full_annotation_v1,A,q_신발_02,구두,패션·잡화 중 '신발'을 판매·제공하는 매장,train,신발,T2 동의어,00458b4e-83ee-47fb-bcfd-9b0fa5632ebb,로즈마리,신발,남포지하도상가,일반지하상점가,부산광역시,,,
3893178869bfb15a8718,full_annotation_v1,A,q_신발_02,구두,패션·잡화 중 '신발'을 판매·제공하는 매장,train,신발,T2 동의어,c61085a4-96a8-46eb-96a5-2b0d72fa1ae1,벤디아모,구두,삼익패션타운,전통시장,서울특별시,,,
2d9a2486503830a2e5ac,full_annotation_v1,A,q_신발_02,구두,패션·잡화 중 '신발'을 판매·제공하는 매장,train,신발,T2 동의어,335ea7d5-0daa-4b9d-8900-1c34566cbaf7,뉴욕,구두,삼익패션타운,전통시장,서울특별시,,,
6d3515accacd95bbe7a0,full_annotation_v1,A,q_신발_02,구두,패션·잡화 중 '신발'을 판매·제공하는 매장,train,신발,T2 동의어,02db4104-b701-453b-a7ef-cf0c3014ffde,광명디자인,수선,서문시장아진상가,전통시장,대구광역시,,,
d2fb1c5bba03ad08bce5,full_annotation_v1,A,q_신발_02,구두,패션·잡화 중 '신발'을 판매·제공하는 매장,train,신발,T2 동의어,1030c500-98e6-420d-b24b-50005e9932ad,주식회사폭스,구두,대구수제화골목상점가,자율상권구역,대구광역시,,,
a160bce039e8b455dfd7,full_annotation_v1,A,q_신발_02,구두,패션·잡화 중 '신발'을 판매·제공하는 매장,train,신발,T2 동의어,581cd94a-538c-47c3-870c-f555bf14b482,구찌니,구두,대인시장,전통시장,광주광역시,,,
dbbb692aa94915efc198,full_annotation_v1,A,q_신발_02,구두,패션·잡화 중 '신발'을 판매·제공하는 매장,train,신발,T2 동의어,2be305ae-b76e-4789-aabb-caef1e600b3f,금성수선,구두,금남시장,전통시장,서울특별시,,,
baa4842ffc14ad857feb,full_annotation_v1,A,q_신발_02,구두,패션·잡화 중 '신발'을 판매·제공하는 매장,train,신발,T2 동의어,bb5fb0b8-e2f8-4572-a81c-25af9251d3d2,금강제화이천점,구두,남천 상점가,자율상권구역,경기도,,,
d5a2f60289a990ceb6bb,full_annotation_v1,A,q_신발_02,구두,패션·잡화 중 '신발'을 판매·제공하는 매장,train,신발,T2 동의어,6ca9e8fa-a64c-4c98-accb-ed0a1d0fa884,에펠,구두,서면지하도상가 부전몰,일반지하상점가,부산광역시,,,
e08a65d8eb8c41df80e6,full_annotation_v1,A,q_신발_02,구두,패션·잡화 중 '신발'을 판매·제공하는 매장,train,신발,T2 동의어,289175a1-8501-4740-a56a-e2ee06442837,잉글랜드,구두,㈜르네시떼,전통시장,부산광역시,,,
a47ed5d10bede2f6b40f,full_annotation_v1,A,q_신발_02,구두,패션·잡화 중 '신발'을 판매·제공하는 매장,train,신발,T2 동의어,cab38b37-1c76-42b1-9034-a0463945bd49,가야촌,식육즉석가공품,논산화지중앙시장,전통시장,충청남도,,,
dcac8f2ccd613d24808f,full_annotation_v1,A,q_신발_02,구두,패션·잡화 중 '신발'을 판매·제공하는 매장,train,신발,T2 동의어,34a082fc-370b-4919-8adf-ff2f3e730471,효성식품,젓갈,신중부시장,전통시장,서울특별시,,,
aa5cd3839610f088518e,full_annotation_v1,A,q_신발_03,슈즈,패션·잡화 중 '신발'을 판매·제공하는 매장,train,신발,T2 동의어,f20024c9-ac44-4531-a182-81992ce08bda,슈즈크린,세탁,검단중앙 골목형상점가,골목형상점가,인천광역시,,,
abe221777f7ab4efbbab,full_annotation_v1,A,q_신발_03,슈즈,패션·잡화 중 '신발'을 판매·제공하는 매장,train,신발,T2 동의어,7ca74ca2-15c1-44d0-a2ef-41c0a4be1043,슈즈컴,신발,신부평지하상가,일반지하상점가,인천광역시,,,
36caef41febd01045562,full_annotation_v1,A,q_신발_03,슈즈,패션·잡화 중 '신발'을 판매·제공하는 매장,train,신발,T2 동의어,6ee81d5a-bd2f-472b-8ca4-4efdcef1e719,미진슈즈,신발,여수진남상가,자율상권구역,전라남도,,,
dc66d1ff91499decf0d5,full_annotation_v1,A,q_신발_03,슈즈,패션·잡화 중 '신발'을 판매·제공하는 매장,train,신발,T2 동의어,f50224c1-dcd4-4001-99bb-d4b2fb5f7300,슈즈이슈,신발,신원권율2 골목형상점가,골목형상점가,경기도,,,
5aba3a54fdf60b07490d,full_annotation_v1,A,q_신발_03,슈즈,패션·잡화 중 '신발'을 판매·제공하는 매장,train,신발,T2 동의어,000fae5b-8595-4041-94fa-5527454e648c,신발나라,신발,호계랑 골목형상점가,골목형상점가,울산광역시,,,
cba03ade9d3d4db71063,full_annotation_v1,A,q_신발_03,슈즈,패션·잡화 중 '신발'을 판매·제공하는 매장,train,신발,T2 동의어,dd8302fd-2fe2-4226-8ad5-063b3351e487,아리랑슈즈,신발,두류젊코상권,상권활성화구역,대구광역시,,,
28810dcc8a603ed54c05,full_annotation_v1,A,q_신발_03,슈즈,패션·잡화 중 '신발'을 판매·제공하는 매장,train,신발,T2 동의어,6432adb3-3e0b-4569-bd49-6a3496c9ddd3,퀸슈즈,신발,두류1번가,일반지하상점가,대구광역시,,,
e6e0cb01e72288a4a060,full_annotation_v1,A,q_신발_03,슈즈,패션·잡화 중 '신발'을 판매·제공하는 매장,train,신발,T2 동의어,2ad1ce02-19a1-48b1-a8a6-70a37a42b79c,슈즈&클럽,제화점,중랑동부시장,전통시장,서울특별시,,,
0324a8cde6050f2b4f7b,full_annotation_v1,A,q_신발_03,슈즈,패션·잡화 중 '신발'을 판매·제공하는 매장,train,신발,T2 동의어,0050f085-55a3-45b8-8d41-0c7a30d4bc2f,대현신발,신발,산격종합시장,전통시장,대구광역시,,,
aa7abda009c2ccd8936b,full_annotation_v1,A,q_신발_03,슈즈,패션·잡화 중 '신발'을 판매·제공하는 매장,train,신발,T2 동의어,d6f01a1b-443f-4493-a822-84a58b08c079,조운자전차점,자전거,서천읍 군사리 골목형상점가,골목형상점가,충청남도,,,
e4a5cfc16919945fd891,full_annotation_v1,A,q_신발_03,슈즈,패션·잡화 중 '신발'을 판매·제공하는 매장,train,신발,T2 동의어,6da49058-7fb0-4480-bfcd-21ce9415761b,털보상회,수산물가공,영일시장,전통시장,서울특별시,,,
3459f1017a9b5368e314,full_annotation_v1,A,q_신발_03,슈즈,패션·잡화 중 '신발'을 판매·제공하는 매장,train,신발,T2 동의어,4bc2aa4a-a141-40d8-8b7d-51811cdc9100,슈즈와이,신발,부산자유시장,전통시장,부산광역시,,,
f0e7ac711e1f4cf091b5,full_annotation_v1,A,q_신발_03,슈즈,패션·잡화 중 '신발'을 판매·제공하는 매장,train,신발,T2 동의어,009625c0-f3cf-4a0d-9399-0a8d6176c553,예프,구두,신부유람단골목형상점가,골목형상점가,충청남도,,,
2e6a8da5c18dfc48bab3,full_annotation_v1,A,q_신발_03,슈즈,패션·잡화 중 '신발'을 판매·제공하는 매장,train,신발,T2 동의어,66f73513-57f1-4a37-b81b-69679fab4c44,퀸슈즈,신발,동산상가,전통시장,대구광역시,,,
86b47873fc5b876fc313,full_annotation_v1,A,q_신발_03,슈즈,패션·잡화 중 '신발'을 판매·제공하는 매장,train,신발,T2 동의어,3e9273b0-002a-44d0-9e17-2ac44c58381d,케미슈즈,신발,양곡시장,전통시장,경기도,,,
b9cc45f81e3cef8f7d69,full_annotation_v1,A,q_신발_03,슈즈,패션·잡화 중 '신발'을 판매·제공하는 매장,train,신발,T2 동의어,00458b4e-83ee-47fb-bcfd-9b0fa5632ebb,로즈마리,신발,남포지하도상가,일반지하상점가,부산광역시,,,
0763deb9b59d4d063feb,full_annotation_v1,A,q_신발_03,슈즈,패션·잡화 중 '신발'을 판매·제공하는 매장,train,신발,T2 동의어,9d39cbf1-8244-4a52-8ea7-45afbb1f98d8,케이비전골프,골프레슨,한보라 골목형상점가,골목형상점가,경기도,,,
f44de306062a4188ddfb,full_annotation_v1,A,q_신발_03,슈즈,패션·잡화 중 '신발'을 판매·제공하는 매장,train,신발,T2 동의어,35c61289-73e4-4cd7-9492-e17995654fa5,두발슈즈,신발,의정부역지하상가,일반지하상점가,경기도,,,
d5c500dd71d0942660c6,full_annotation_v1,A,q_신발_03,슈즈,패션·잡화 중 '신발'을 판매·제공하는 매장,train,신발,T2 동의어,053ae52d-4821-48bb-9c0b-2b1a9c75c514,화진수제화,구두,의정부역지하상가,일반지하상점가,경기도,,,
4b1a65fc189ae691e31f,full_annotation_v1,A,q_신발_03,슈즈,패션·잡화 중 '신발'을 판매·제공하는 매장,train,신발,T2 동의어,b5e08fc8-8d25-46ae-9f84-79d33b3a471c,캐롯커피,음료 및 커피,충장로123가 상점가,자율상권구역,광주광역시,,,
10d5bdfbdf5be49dfdcb,full_annotation_v1,A,q_신발_03,슈즈,패션·잡화 중 '신발'을 판매·제공하는 매장,train,신발,T2 동의어,c574a7cb-11e1-4e3c-9bf2-25f511580ada,인스타크랩,대게,남천바다내음 골목형상점가,골목형상점가,부산광역시,,,
53d6855d383375bacd7a,full_annotation_v1,A,q_신발_03,슈즈,패션·잡화 중 '신발'을 판매·제공하는 매장,train,신발,T2 동의어,02851047-7760-4cdb-b811-74f6dff245bd,에덴의상실,수선,돈암시장,전통시장,서울특별시,,,
ebc41f7a90f0f943cf8f,full_annotation_v1,A,q_신발_03,슈즈,패션·잡화 중 '신발'을 판매·제공하는 매장,train,신발,T2 동의어,e15b933f-2a56-41c5-974e-e1fc88b186ad,형제슈즈,신발,창원 도계부부시장,전통시장,경상남도,,,
5dd150290d29eeb95041,full_annotation_v1,A,q_신발_03,슈즈,패션·잡화 중 '신발'을 판매·제공하는 매장,train,신발,T2 동의어,5df330af-c7b9-4187-99fa-bb8d2bd3b72c,패션슈즈,신발,쌍문역둘리상점가,자율상권구역,서울특별시,,,
70b283c0cf775d47f9db,full_annotation_v1,A,q_신발_03,슈즈,패션·잡화 중 '신발'을 판매·제공하는 매장,train,신발,T2 동의어,00158f51-4d3a-4ac0-9e38-b37552f5e097,지지배,의류,나주금빛상점가,자율상권구역,전라남도,,,
45bfc7553f7cd5fae51c,full_annotation_v1,A,q_신발_03,슈즈,패션·잡화 중 '신발'을 판매·제공하는 매장,train,신발,T2 동의어,3070101f-6f0b-4a7c-9ce9-bf51efc54340,두발로슈즈,신발,성남중앙지하시장,일반지하상점가,경기도,,,
6b4ef547b7a4ae6f9371,full_annotation_v1,A,q_신발_03,슈즈,패션·잡화 중 '신발'을 판매·제공하는 매장,train,신발,T2 동의어,d15dc5c9-8069-44f8-ac29-83d326b31e28,토탈슈즈,신발,김제전통시장,전통시장,전북특별자치도,,,
077cba5968512e2391b2,full_annotation_v1,A,q_신발_03,슈즈,패션·잡화 중 '신발'을 판매·제공하는 매장,train,신발,T2 동의어,f0a7a4dc-0a4c-4dbb-be8c-8846ea0f91b2,슈즈랜드,신발,전곡중앙상가 골목형상점가,골목형상점가,경기도,,,
c04b738a2154b397c8a7,full_annotation_v1,A,q_신발_03,슈즈,패션·잡화 중 '신발'을 판매·제공하는 매장,train,신발,T2 동의어,6c358e5c-cac3-47f6-b015-ad48405959d4,슈즈짱,신발,비단길현대시장,전통시장,서울특별시,,,
c7cd21c96ea73b3bcc01,full_annotation_v1,A,q_신발_03,슈즈,패션·잡화 중 '신발'을 판매·제공하는 매장,train,신발,T2 동의어,2076b031-2141-4b5f-9d47-9a0880d030ee,가시나슈즈,신발,신포지하상가,일반지하상점가,인천광역시,,,
9ade32eec3178e575c15,full_annotation_v1,A,q_신발_03,슈즈,패션·잡화 중 '신발'을 판매·제공하는 매장,train,신발,T2 동의어,014602ec-34d6-41db-98d1-f7941ce5c2da,밝은 세탁,수선,노대물빛근린공원 골목형상점가,골목형상점가,광주광역시,,,
02054d056f72915e2343,full_annotation_v1,A,q_신발_03,슈즈,패션·잡화 중 '신발'을 판매·제공하는 매장,train,신발,T2 동의어,2891f3e6-d246-4e4a-8cf0-99814c025254,고무래식당,한식,나성동 소방청 골목형상점가,골목형상점가,세종특별자치시,,,
85bdb4855d4b3ccabeda,full_annotation_v1,A,q_신발_03,슈즈,패션·잡화 중 '신발'을 판매·제공하는 매장,train,신발,T2 동의어,79e4fba0-8cad-4a89-8d31-3c4fc0c4ebbb,팔팔슈즈,신발,남대문시장,전통시장,서울특별시,,,
cbf5573e8223b9b93e6c,full_annotation_v1,A,q_신발_03,슈즈,패션·잡화 중 '신발'을 판매·제공하는 매장,train,신발,T2 동의어,440bc306-fd56-47d7-b6b9-f9be144b508f,사계절슈즈,신발,동인천지하상가(동인천지하아케이드),일반지하상점가,인천광역시,,,
dde6251ef098b6be3b19,full_annotation_v1,A,q_신발_03,슈즈,패션·잡화 중 '신발'을 판매·제공하는 매장,train,신발,T2 동의어,50a11006-ea3e-4a73-9b92-57817e4a783b,농심축산물도소매센타,도소매업(식육판매),수원못골종합시장,전통시장,경기도,,,
f5f81774a4b8bd68b868,full_annotation_v1,A,q_신발_03,슈즈,패션·잡화 중 '신발'을 판매·제공하는 매장,train,신발,T2 동의어,3066806c-12ce-4670-83a0-fd1ecdf45276,슈즈모아,신발,양동복개상가,전통시장,광주광역시,,,
856f4ce601d3398ee9c4,full_annotation_v1,A,q_신발_03,슈즈,패션·잡화 중 '신발'을 판매·제공하는 매장,train,신발,T2 동의어,dcfa7890-225c-44e5-8db0-d5b747579959,삼미화돈,한식,부송동 골목형상점가,골목형상점가,전북특별자치도,,,
996efb3583538ee9516a,full_annotation_v1,A,q_신발_03,슈즈,패션·잡화 중 '신발'을 판매·제공하는 매장,train,신발,T2 동의어,0bad5d50-e9d7-49dd-a111-58509151fbb9,자유보가,구두,부산자유시장,전통시장,부산광역시,,,
d515421ebd317879c0cc,full_annotation_v1,A,q_신발_03,슈즈,패션·잡화 중 '신발'을 판매·제공하는 매장,train,신발,T2 동의어,e6d0bc17-9090-42a0-a413-806257191130,슈즈샵,신발,서면지하도상가 부전몰,일반지하상점가,부산광역시,,,
5d23395e0b2db36b602b,full_annotation_v1,A,q_신발_03,슈즈,패션·잡화 중 '신발'을 판매·제공하는 매장,train,신발,T2 동의어,00054f1d-4cae-4345-9975-1423bc49e4dc,착한아이들,의류,중앙전통시장,전통시장,울산광역시,,,
7a9e957628ce0acc024b,full_annotation_v1,A,q_신발_03,슈즈,패션·잡화 중 '신발'을 판매·제공하는 매장,train,신발,T2 동의어,de0c036c-7fb4-4570-8aa4-6dfa7a0d830a,세븐일레븐 광주중앙점,"식품, 잡화",신안골 골목형상점가,골목형상점가,광주광역시,,,
e6950192bc78b657fa81,full_annotation_v1,A,q_신발_03,슈즈,패션·잡화 중 '신발'을 판매·제공하는 매장,train,신발,T2 동의어,4669d48e-8552-4ef8-a30a-4a4b4e13264e,육회바른연어 구리갈매점,한식,갈매애비뉴 골목형상점가,골목형상점가,경기도,,,
741c40a6d96937d58176,full_annotation_v1,A,q_신발_03,슈즈,패션·잡화 중 '신발'을 판매·제공하는 매장,train,신발,T2 동의어,a9681e52-54a7-4142-bad8-3578fd5d7b30,월드컵슈즈,신발,월드상가골목형상점가,골목형상점가,인천광역시,,,
cf50ddddf26fe60fe4fb,full_annotation_v1,A,q_신발_03,슈즈,패션·잡화 중 '신발'을 판매·제공하는 매장,train,신발,T2 동의어,03f6767e-6b90-4070-bf35-9b1f2c191518,슈즈랜드,신발,덕정골목형상점가,골목형상점가,경기도,,,
b2b509522365a193b6ff,full_annotation_v1,A,q_신발_03,슈즈,패션·잡화 중 '신발'을 판매·제공하는 매장,train,신발,T2 동의어,000a92b3-0b5e-429e-af00-f86e3570e24b,클로버,의류,관문상가시장,전통시장,대구광역시,,,
0b6a6b9767ae17780941,full_annotation_v1,A,q_신발_03,슈즈,패션·잡화 중 '신발'을 판매·제공하는 매장,train,신발,T2 동의어,b453faa9-661a-4aff-b39e-05350ea9cd62,본슈즈,신발,김해 중앙상점가,자율상권구역,경상남도,,,
67ba56da4e0d80d5e7be,full_annotation_v1,A,q_신발_03,슈즈,패션·잡화 중 '신발'을 판매·제공하는 매장,train,신발,T2 동의어,82112540-86bc-4789-9618-ba77d7ac7532,슈즈패스,신발,계산시장,전통시장,인천광역시,,,
744b215abb8044f84424,full_annotation_v1,A,q_신발_03,슈즈,패션·잡화 중 '신발'을 판매·제공하는 매장,train,신발,T2 동의어,096fcff1-27e1-4fe7-94c2-e120d54402c8,에스슈즈,신발,영등포시장지하도상점가,일반지하상점가,서울특별시,,,
d95705a742c08703ba3b,full_annotation_v1,A,q_신발_03,슈즈,패션·잡화 중 '신발'을 판매·제공하는 매장,train,신발,T2 동의어,e1ec59b8-e7e4-4d0a-96c1-af3d99ede475,로마토탈슈즈,신발,중앙1로 천변교 골목형상점가,골목형상점가,전라남도,,,
7ffd126beda5134cebb6,full_annotation_v1,A,q_신발_03,슈즈,패션·잡화 중 '신발'을 판매·제공하는 매장,train,신발,T2 동의어,00242042-f371-486a-a1fc-b85de093edbf,슈올즈 이천점,"신발, 잡화",장터거리시장 골목형상점가,골목형상점가,경기도,,,
91489f686d4f97b7d8e0,full_annotation_v1,A,q_신발_03,슈즈,패션·잡화 중 '신발'을 판매·제공하는 매장,train,신발,T2 동의어,1f3aac79-72d6-4492-b407-64b468fae1a3,정안경원,안경,서천읍 군사리 골목형상점가,골목형상점가,충청남도,,,
e2e61afbe3a32fdcd984,full_annotation_v1,A,q_신발_03,슈즈,패션·잡화 중 '신발'을 판매·제공하는 매장,train,신발,T2 동의어,0973cfdd-2c9d-4ff7-8bb4-832f6425e37a,하우애니(howany),꽃 음료,북촌계동길골목형상점가,골목형상점가,서울특별시,,,
07bbe9df4cea83f1de86,full_annotation_v1,A,q_신발_03,슈즈,패션·잡화 중 '신발'을 판매·제공하는 매장,train,신발,T2 동의어,000e2f0b-a1ef-481a-8308-ef582af4ea73,장미신발,신발,구역전시장,전통시장,울산광역시,,,
e71cf7b72a5ab972891b,full_annotation_v1,A,q_신발_03,슈즈,패션·잡화 중 '신발'을 판매·제공하는 매장,train,신발,T2 동의어,1cc6464b-55ea-4f8d-adb2-6704300b497f,영진수산,식품,강릉중앙시장,전통시장,강원특별자치도,,,
69bbcb6ced02d5d66ddf,full_annotation_v1,A,q_신발_03,슈즈,패션·잡화 중 '신발'을 판매·제공하는 매장,train,신발,T2 동의어,00172c94-61f0-4197-afeb-d7e8187c79b5,옷이예쁘다,의류,메트로센터(반월당지하쇼핑),일반지하상점가,대구광역시,,,
1d985cdac3198461b5c3,full_annotation_v1,A,q_신발_03,슈즈,패션·잡화 중 '신발'을 판매·제공하는 매장,train,신발,T2 동의어,361e4cb9-ca3d-4858-b294-d75055555fc5,백슈즈,악세사리,동가재미 골목형상점가,골목형상점가,전북특별자치도,,,
71717beb3ddb89642a88,full_annotation_v1,A,q_신발_03,슈즈,패션·잡화 중 '신발'을 판매·제공하는 매장,train,신발,T2 동의어,02db4104-b701-453b-a7ef-cf0c3014ffde,광명디자인,수선,서문시장아진상가,전통시장,대구광역시,,,
1f397c32491be609f7f8,full_annotation_v1,A,q_신발_03,슈즈,패션·잡화 중 '신발'을 판매·제공하는 매장,train,신발,T2 동의어,42b595ad-7a85-457c-bd3c-349650ab73f5,힐슈즈,신발 가방,전주중앙상가시장,전통시장,전북특별자치도,,,
6bbcddcb44f0237fb99c,full_annotation_v1,A,q_신발_03,슈즈,패션·잡화 중 '신발'을 판매·제공하는 매장,train,신발,T2 동의어,00fc2b18-ffa0-45b1-b03a-af61257944a9,충일구두수선,구두수선,충주무학시장,전통시장,충청북도,,,
27d098cf7fd3f2c90b85,full_annotation_v1,A,q_신발_03,슈즈,패션·잡화 중 '신발'을 판매·제공하는 매장,train,신발,T2 동의어,60ca46a5-809e-4559-91b4-3a3ebd5c304c,슈즈팩토리,신발,동원전통시장상점가,자율상권구역,서울특별시,,,
24565f8608af16e1d857,full_annotation_v1,A,q_신발_03,슈즈,패션·잡화 중 '신발'을 판매·제공하는 매장,train,신발,T2 동의어,cb49d5d3-8392-4754-a82f-fdecdd9f6930,슈즈앤조이,의류,서귀포중심상가번영회,자율상권구역,제주특별자치도,,,
bbfcf031dd4edcef3e97,full_annotation_v1,A,q_신발_03,슈즈,패션·잡화 중 '신발'을 판매·제공하는 매장,train,신발,T2 동의어,889fc90a-3ed5-41be-af19-3f68feb21d84,슈즈팝,신발,춘천지하상가,일반지하상점가,강원특별자치도,,,
831f63609f16b2ea3dd9,full_annotation_v1,A,q_신발_03,슈즈,패션·잡화 중 '신발'을 판매·제공하는 매장,train,신발,T2 동의어,00124602-ef4e-472c-91ee-de53b28d7530,화이트,의류,울산번개시장,전통시장,울산광역시,,,
9a5426de59a975667638,full_annotation_v1,A,q_신발_03,슈즈,패션·잡화 중 '신발'을 판매·제공하는 매장,train,신발,T2 동의어,6488fffb-8362-480a-8d94-7be41dc1ce60,꼴레뜨슈즈,신발,전주원도심 골목형상점가,골목형상점가,전북특별자치도,,,
668a02ce5ed35ae69329,full_annotation_v1,A,q_신발_03,슈즈,패션·잡화 중 '신발'을 판매·제공하는 매장,train,신발,T2 동의어,0d6efdd4-3346-4fad-8c55-3b49f8750cf0,칸칸슈즈,신발,전주중앙상가시장,전통시장,전북특별자치도,,,
ae4de8652da2c1b9e50c,full_annotation_v1,A,q_신발_03,슈즈,패션·잡화 중 '신발'을 판매·제공하는 매장,train,신발,T2 동의어,1e151d4f-683a-461e-81aa-ba182b2745ac,슈즈(SHOES)마당발,신발,제주중앙지하상가,일반지하상점가,제주특별자치도,,,
6ccc0c4ba7071fecb25c,full_annotation_v1,A,q_신발_03,슈즈,패션·잡화 중 '신발'을 판매·제공하는 매장,train,신발,T2 동의어,e0c1026c-10f2-4ef5-944c-7d3bd480dfca,통일슈즈,기타,부산평화시장,전통시장,부산광역시,,,
4caef9a91f91d777c1eb,full_annotation_v1,A,q_신발_03,슈즈,패션·잡화 중 '신발'을 판매·제공하는 매장,train,신발,T2 동의어,b45b8401-d022-4bae-a220-9247aedea00a,임이네슈즈,신발,남포지하도상가,일반지하상점가,부산광역시,,,
9996b29cb2b841a1178a,full_annotation_v1,A,q_신발_03,슈즈,패션·잡화 중 '신발'을 판매·제공하는 매장,train,신발,T2 동의어,3fc5341f-051d-4e32-9a56-1d1344809755,세원골,한식,번성 상점가,골목형상점가,경기도,,,
3ad67e153165dc8fe8ef,full_annotation_v1,A,q_신발_03,슈즈,패션·잡화 중 '신발'을 판매·제공하는 매장,train,신발,T2 동의어,a721964d-94a4-4b06-8883-70092cb7e2a9,슈즈아이,신발,마천중앙시장,전통시장,서울특별시,,,
d058a41a09c0fb657705,full_annotation_v1,A,q_신발_03,슈즈,패션·잡화 중 '신발'을 판매·제공하는 매장,train,신발,T2 동의어,03b7163b-3c55-4d15-8019-a6485ca7cfdb,카사노바제화,구두,창원 명서시장,전통시장,경상남도,,,
f1e8db7983a170ee5c63,full_annotation_v1,A,q_신발_03,슈즈,패션·잡화 중 '신발'을 판매·제공하는 매장,train,신발,T2 동의어,2dabfd8e-7cc2-4318-a28e-95d55b3897c4,육오랑 남천점,한식,남천바다내음 골목형상점가,골목형상점가,부산광역시,,,
0c98ed5a8dd18a00c633,full_annotation_v1,A,q_신발_03,슈즈,패션·잡화 중 '신발'을 판매·제공하는 매장,train,신발,T2 동의어,2ec5cf94-131f-4761-b160-8485974a1a13,이현슈즈,신발,북촌계동길골목형상점가,골목형상점가,서울특별시,,,
15dc9af329d2d15c7625,full_annotation_v1,A,q_신발_03,슈즈,패션·잡화 중 '신발'을 판매·제공하는 매장,train,신발,T2 동의어,2d9bd9f7-29e3-4351-aab3-89bc99fee36f,김가네웰빙팥죽,한식,부송동 골목형상점가,골목형상점가,전북특별자치도,,,
58952ab74ef98f2eb886,full_annotation_v1,A,q_신발_03,슈즈,패션·잡화 중 '신발'을 판매·제공하는 매장,train,신발,T2 동의어,fb423892-c417-4475-b0b0-049ab9a12800,다올슈즈,신발,여수서시장주변시장,전통시장,,,,
bb2c357a8781c7f2b0d2,full_annotation_v1,A,q_신발_04,신발가게,패션·잡화 중 '신발'을 판매·제공하는 매장,train,신발,T2 동의어,b1eece7f-4a30-4985-8a59-f7b98885ac99,선이가게,수산물,고성시장,전통시장,경상남도,,,
a03c7cfc30632836243d,full_annotation_v1,A,q_신발_04,신발가게,패션·잡화 중 '신발'을 판매·제공하는 매장,train,신발,T2 동의어,5ba86170-2a4c-41be-a5d9-b118dd0e6b62,오빠가게,야채,남부종합시장,전통시장,인천광역시,,,
0d6d6be37783b4719dd7,full_annotation_v1,A,q_신발_04,신발가게,패션·잡화 중 '신발'을 판매·제공하는 매장,train,신발,T2 동의어,db77e7c5-fd3e-41d9-9df7-8ccbd2cfbc3b,신발센타,신발,부곡시장,전통시장,부산광역시,,,
37cc6471456eb91d8489,full_annotation_v1,A,q_신발_04,신발가게,패션·잡화 중 '신발'을 판매·제공하는 매장,train,신발,T2 동의어,151d1698-2503-4ffc-9e3b-bac014989306,싸가지고가게,식품,계양산전통시장,전통시장,인천광역시,,,
14ff37b70d06bf0feb32,full_annotation_v1,A,q_신발_04,신발가게,패션·잡화 중 '신발'을 판매·제공하는 매장,train,신발,T2 동의어,a103ee4d-7113-4bc5-812c-f6a45c883a2d,타이거FC,스포츠교육서비스(유소년 축구교실),고운동상점가,자율상권구역,세종특별자치시,,,
5b4207018a209d9ddc08,full_annotation_v1,A,q_신발_04,신발가게,패션·잡화 중 '신발'을 판매·제공하는 매장,train,신발,T2 동의어,fc66e946-831a-4630-a8f2-d585868197b7,신발창고,신발,대림골목시장,전통시장,서울특별시,,,
d4b7cdcba8d32a1a3a4f,full_annotation_v1,A,q_신발_04,신발가게,패션·잡화 중 '신발'을 판매·제공하는 매장,train,신발,T2 동의어,b6930828-0bf6-4236-9e08-7fabf1748282,삼촌가게,커튼,울산시장,전통시장,울산광역시,,,
5aad1cc0eec49fdcac60,full_annotation_v1,A,q_신발_04,신발가게,패션·잡화 중 '신발'을 판매·제공하는 매장,train,신발,T2 동의어,00172c94-61f0-4197-afeb-d7e8187c79b5,옷이예쁘다,의류,메트로센터(반월당지하쇼핑),일반지하상점가,대구광역시,,,
d9ae6437ad69a2d29f1e,full_annotation_v1,A,q_신발_04,신발가게,패션·잡화 중 '신발'을 판매·제공하는 매장,train,신발,T2 동의어,aa05555d-38e3-46c9-add2-b6f68fcf2214,들령가게,농수산,서귀포매일올레시장,전통시장,제주특별자치도,,,
4b5a9c32f1f1c0e96d5b,full_annotation_v1,A,q_신발_04,신발가게,패션·잡화 중 '신발'을 판매·제공하는 매장,train,신발,T2 동의어,b0d12be1-8fe8-471e-8108-9c3850098564,꽃옷가게,,낭주골 골목형상점가,골목형상점가,전북특별자치도,,,
579194d641257b3d0006,full_annotation_v1,A,q_신발_04,신발가게,패션·잡화 중 '신발'을 판매·제공하는 매장,train,신발,T2 동의어,0bad5d50-e9d7-49dd-a111-58509151fbb9,자유보가,구두,부산자유시장,전통시장,부산광역시,,,
0cbd5bfe56e5615f2b25,full_annotation_v1,A,q_신발_04,신발가게,패션·잡화 중 '신발'을 판매·제공하는 매장,train,신발,T2 동의어,00fc2b18-ffa0-45b1-b03a-af61257944a9,충일구두수선,구두수선,충주무학시장,전통시장,충청북도,,,
846e178eb1c82e1d6fae,full_annotation_v1,A,q_신발_04,신발가게,패션·잡화 중 '신발'을 판매·제공하는 매장,train,신발,T2 동의어,9cd73ef3-ca9c-4815-9b1e-aadd62213ca1,신발,신발,충주무학시장,전통시장,충청북도,,,
eed9f785af598d22a6a2,full_annotation_v1,A,q_신발_04,신발가게,패션·잡화 중 '신발'을 판매·제공하는 매장,train,신발,T2 동의어,014602ec-34d6-41db-98d1-f7941ce5c2da,밝은 세탁,수선,노대물빛근린공원 골목형상점가,골목형상점가,광주광역시,,,
622dc278ee9bf80912b8,full_annotation_v1,A,q_신발_04,신발가게,패션·잡화 중 '신발'을 판매·제공하는 매장,train,신발,T2 동의어,cacafa3e-a69d-42db-8acd-6713cea63db0,구멍가게,,망원시장,전통시장,서울특별시,,,
57ce06f062bfed6586a5,full_annotation_v1,A,q_신발_04,신발가게,패션·잡화 중 '신발'을 판매·제공하는 매장,train,신발,T2 동의어,d45608ad-6b3e-4b89-a2c3-7be5e14027ee,신발라인,신발,창원 가음정시장,전통시장,경상남도,,,
f3068de85f44288d6902,full_annotation_v1,A,q_신발_04,신발가게,패션·잡화 중 '신발'을 판매·제공하는 매장,train,신발,T2 동의어,000e2f0b-a1ef-481a-8308-ef582af4ea73,장미신발,신발,구역전시장,전통시장,울산광역시,,,
8058eb62b5e895b21f6c,full_annotation_v1,A,q_신발_04,신발가게,패션·잡화 중 '신발'을 판매·제공하는 매장,train,신발,T2 동의어,ca4a3f5f-61a8-408e-b0b6-e237a9699a5a,부전떡집,기타,부전상가시장,전통시장,부산광역시,,,
223c724a7c0ce2698fb3,full_annotation_v1,A,q_신발_04,신발가게,패션·잡화 중 '신발'을 판매·제공하는 매장,train,신발,T2 동의어,000a92b3-0b5e-429e-af00-f86e3570e24b,클로버,의류,관문상가시장,전통시장,대구광역시,,,
fbda5bdd4f5973f7fbd9,full_annotation_v1,A,q_신발_04,신발가게,패션·잡화 중 '신발'을 판매·제공하는 매장,train,신발,T2 동의어,4ed4c4e4-eba9-4f13-a775-40b1d4ecfb32,조은가게,야채,한민시장,전통시장,대전광역시,,,
fc6f92b996f63a6c654b,full_annotation_v1,A,q_신발_04,신발가게,패션·잡화 중 '신발'을 판매·제공하는 매장,train,신발,T2 동의어,e62a1ee6-d596-40cf-b64f-da901af35994,디스커버리흑석점,의류 신발가방,흑석동 골목형상점가,골목형상점가,광주광역시,,,
d25bd8b638bbb9c7c51a,full_annotation_v1,A,q_신발_04,신발가게,패션·잡화 중 '신발'을 판매·제공하는 매장,train,신발,T2 동의어,8c09cac3-57f1-4a4a-b315-c9c8cb962981,즈려밟고,신발,충주자유시장,전통시장,충청북도,,,
5c11ab65334fe9f6e572,full_annotation_v1,A,q_신발_04,신발가게,패션·잡화 중 '신발'을 판매·제공하는 매장,train,신발,T2 동의어,f12eab0f-9520-4105-9084-8a7ca2e7816a,행복한가게,,상도도깨비골목형상점가,골목형상점가,서울특별시,,,
8b50033936dd60b2d497,full_annotation_v1,A,q_신발_04,신발가게,패션·잡화 중 '신발'을 판매·제공하는 매장,train,신발,T2 동의어,13259b3a-e36c-489b-a89a-920fcaaaca58,동해즉석두부,두부,동쪽바다중앙시장(구 동해중앙시장),전통시장,강원특별자치도,,,
8ca3df45b7481a36844d,full_annotation_v1,A,q_신발_04,신발가게,패션·잡화 중 '신발'을 판매·제공하는 매장,train,신발,T2 동의어,fd010701-f6e5-4a20-a00a-06366e96730f,신밧따,신발,사직시장,전통시장,부산광역시,,,
44478ba279e1d933f775,full_annotation_v1,A,q_신발_04,신발가게,패션·잡화 중 '신발'을 판매·제공하는 매장,train,신발,T2 동의어,3fcb9038-92dc-4720-86ff-b6d664548c46,신신꼬가게,신발,제천시 원도심 상권활성화구역,상권활성화구역,충청북도,,,
16b0fe9b77bdfcea3028,full_annotation_v1,A,q_신발_04,신발가게,패션·잡화 중 '신발'을 판매·제공하는 매장,train,신발,T2 동의어,c44d748f-2d9c-4689-bb87-0a3f53ebccbe,블루베리,신발가방,서문시장2지구 종합상가,전통시장,대구광역시,,,
79829eb1b13e0464af94,full_annotation_v1,A,q_신발_04,신발가게,패션·잡화 중 '신발'을 판매·제공하는 매장,train,신발,T2 동의어,6bcb6f87-0565-4425-9ca7-306adeede94f,도담옷가게,의류,카림애비뉴애 골목형상점가,골목형상점가,세종특별자치시,,,
649da46aeeb6781d34e1,full_annotation_v1,A,q_신발_04,신발가게,패션·잡화 중 '신발'을 판매·제공하는 매장,train,신발,T2 동의어,00124602-ef4e-472c-91ee-de53b28d7530,화이트,의류,울산번개시장,전통시장,울산광역시,,,
690f03a4f7fc8c7929e4,full_annotation_v1,A,q_신발_04,신발가게,패션·잡화 중 '신발'을 판매·제공하는 매장,train,신발,T2 동의어,09144e37-132d-4128-ac7c-e00f7b23650e,알리바이,담배,왕버들 골목형상점가,골목형상점가,광주광역시,,,
e1d17acf621652fb1297,full_annotation_v1,A,q_신발_04,신발가게,패션·잡화 중 '신발'을 판매·제공하는 매장,train,신발,T2 동의어,b001d32a-9e0a-496d-a45e-2d5783e27f82,슈즈컨테이너,신발가방,대남마주길 골목형상점가,골목형상점가,광주광역시,,,
1ad63d6ad2fa3ac38aa8,full_annotation_v1,A,q_신발_04,신발가게,패션·잡화 중 '신발'을 판매·제공하는 매장,train,신발,T2 동의어,c59b305a-de74-4cf4-a654-125199b8fede,신발토픽,신발,화정로상가상인회 골목형상점가,골목형상점가,광주광역시,,,
d64b9fdc9daa775dd656,full_annotation_v1,A,q_신발_04,신발가게,패션·잡화 중 '신발'을 판매·제공하는 매장,train,신발,T2 동의어,08924258-ea57-439b-890c-7549332f776b,행복가게,잡화,중앙로 지하상가 상점가,일반지하상점가,대전광역시,,,
375c09a1dd0a80a53d74,full_annotation_v1,A,q_신발_04,신발가게,패션·잡화 중 '신발'을 판매·제공하는 매장,train,신발,T2 동의어,7ab567d5-469e-4e10-9111-eeb15d311a56,오온당,디저트,김대중컨벤션상인회 골목형상점가,골목형상점가,광주광역시,,,
bb1f3d22962fcad7e3cb,full_annotation_v1,A,q_신발_04,신발가게,패션·잡화 중 '신발'을 판매·제공하는 매장,train,신발,T2 동의어,4dfc7127-3e30-4932-a73a-6e8db3633604,튜EFLEX,세차,왕버들 골목형상점가,골목형상점가,광주광역시,,,
032b5bbb9d7de2999dbe,full_annotation_v1,A,q_신발_04,신발가게,패션·잡화 중 '신발'을 판매·제공하는 매장,train,신발,T2 동의어,c469b1a6-6f58-49a4-86d6-6c86164f8365,시느바신발,신발,하단오일상설시장,전통시장,부산광역시,,,
6e2ff3e543684ff2906b,full_annotation_v1,A,q_신발_04,신발가게,패션·잡화 중 '신발'을 판매·제공하는 매장,train,신발,T2 동의어,bce775b9-77f2-40b3-8f18-623b12dff95f,달리는커피 부평점,"샌드위치, 샐러드, 커피",효실천거리 골목형상점가,골목형상점가,인천광역시,,,
b2f4b1c833211de54b76,full_annotation_v1,A,q_신발_04,신발가게,패션·잡화 중 '신발'을 판매·제공하는 매장,train,신발,T2 동의어,ffa782dc-e0ff-4365-8fd0-3e3c6440106d,요앞떡가게,떡류,장승백이전통시장(구 만수창대시장),전통시장,인천광역시,,,
b2e6762c836119d39bd5,full_annotation_v1,A,q_신발_04,신발가게,패션·잡화 중 '신발'을 판매·제공하는 매장,train,신발,T2 동의어,0a9d199e-da1a-4582-9aff-13ff074e77c7,신발,신발,관저동 먹거리 골목형상점가,골목형상점가,대전광역시,,,
eb8901b2828508db7f25,full_annotation_v1,A,q_신발_04,신발가게,패션·잡화 중 '신발'을 판매·제공하는 매장,train,신발,T2 동의어,86cb92db-3d62-4613-9423-fe30dcf7c2b7,비바체,신발가방,대신지하상가,일반지하상점가,대구광역시,,,
f7d048a63687c0bb0f09,full_annotation_v1,A,q_신발_04,신발가게,패션·잡화 중 '신발'을 판매·제공하는 매장,train,신발,T2 동의어,00242042-f371-486a-a1fc-b85de093edbf,슈올즈 이천점,"신발, 잡화",장터거리시장 골목형상점가,골목형상점가,경기도,,,
56a7de3658b951c89d7f,full_annotation_v1,A,q_신발_04,신발가게,패션·잡화 중 '신발'을 판매·제공하는 매장,train,신발,T2 동의어,03b7163b-3c55-4d15-8019-a6485ca7cfdb,카사노바제화,구두,창원 명서시장,전통시장,경상남도,,,
2449d9c8a8de0dab1897,full_annotation_v1,A,q_신발_04,신발가게,패션·잡화 중 '신발'을 판매·제공하는 매장,train,신발,T2 동의어,6a59033f-b61b-4e84-bc21-ae33e39a8e64,엠케이매점커피,커피외잡화,소래포구전통어시장,전통시장,인천광역시,,,
e2a41e1c74910fa49e18,full_annotation_v1,A,q_신발_04,신발가게,패션·잡화 중 '신발'을 판매·제공하는 매장,train,신발,T2 동의어,033facbc-ac8b-45b6-8f6c-cf9d8bcbfec7,더샤인헤어,미용,풍암동부상인회 골목형상점가,골목형상점가,광주광역시,,,
add9c7f778675e8c38a7,full_annotation_v1,A,q_신발_04,신발가게,패션·잡화 중 '신발'을 판매·제공하는 매장,train,신발,T2 동의어,0050f085-55a3-45b8-8d41-0c7a30d4bc2f,대현신발,신발,산격종합시장,전통시장,대구광역시,,,
3271674843ee7abb0952,full_annotation_v1,A,q_신발_04,신발가게,패션·잡화 중 '신발'을 판매·제공하는 매장,train,신발,T2 동의어,02851047-7760-4cdb-b811-74f6dff245bd,에덴의상실,수선,돈암시장,전통시장,서울특별시,,,
123ded26b42a641d3385,full_annotation_v1,A,q_신발_04,신발가게,패션·잡화 중 '신발'을 판매·제공하는 매장,train,신발,T2 동의어,00458b4e-83ee-47fb-bcfd-9b0fa5632ebb,로즈마리,신발,남포지하도상가,일반지하상점가,부산광역시,,,
799893281543d2656ae2,full_annotation_v1,A,q_신발_04,신발가게,패션·잡화 중 '신발'을 판매·제공하는 매장,train,신발,T2 동의어,c15b7d24-b90f-4edb-a4d7-38d243dad39e,가게,담배,대명시장,전통시장,대구광역시,,,
8f61717248475542e981,full_annotation_v1,A,q_신발_04,신발가게,패션·잡화 중 '신발'을 판매·제공하는 매장,train,신발,T2 동의어,009625c0-f3cf-4a0d-9399-0a8d6176c553,예프,구두,신부유람단골목형상점가,골목형상점가,충청남도,,,
c1b3050233aeeaf93cc6,full_annotation_v1,A,q_신발_04,신발가게,패션·잡화 중 '신발'을 판매·제공하는 매장,train,신발,T2 동의어,5964c7cd-bcf5-49dd-8cf5-c5967b0fa149,향기가게,허브용품,안양1번가 상점가,자율상권구역,경기도,,,
fab543597b5fa1b86ad7,full_annotation_v1,A,q_신발_04,신발가게,패션·잡화 중 '신발'을 판매·제공하는 매장,train,신발,T2 동의어,45d6c65d-71e0-4416-b9b8-30c22755ee9d,미소페아울렛죽전점,신발가방,죽전로데오상점가,전통시장,경기도,,,
4738153a9bf602c16557,full_annotation_v1,A,q_신발_04,신발가게,패션·잡화 중 '신발'을 판매·제공하는 매장,train,신발,T2 동의어,00158f51-4d3a-4ac0-9e38-b37552f5e097,지지배,의류,나주금빛상점가,자율상권구역,전라남도,,,
5804c91441b1d4e1ee2b,full_annotation_v1,A,q_신발_04,신발가게,패션·잡화 중 '신발'을 판매·제공하는 매장,train,신발,T2 동의어,00054f1d-4cae-4345-9975-1423bc49e4dc,착한아이들,의류,중앙전통시장,전통시장,울산광역시,,,
5e03d4f216056bf3b89f,full_annotation_v1,A,q_신발_04,신발가게,패션·잡화 중 '신발'을 판매·제공하는 매장,train,신발,T2 동의어,e5819632-d3c8-45a5-adca-3675ba074678,신발직매장,신발,강릉성남시장,전통시장,강원특별자치도,,,
c6ab457811c582a14dc7,full_annotation_v1,A,q_신발_04,신발가게,패션·잡화 중 '신발'을 판매·제공하는 매장,train,신발,T2 동의어,d123788c-a2e4-4f6c-8a65-ecbb090e9ca3,찬스가방,가방,평화시장,전통시장,서울특별시,,,
1408a28180880c861832,full_annotation_v1,A,q_신발_04,신발가게,패션·잡화 중 '신발'을 판매·제공하는 매장,train,신발,T2 동의어,000fae5b-8595-4041-94fa-5527454e648c,신발나라,신발,호계랑 골목형상점가,골목형상점가,울산광역시,,,
76e49e5375ea88d67fd5,full_annotation_v1,A,q_신발_04,신발가게,패션·잡화 중 '신발'을 판매·제공하는 매장,train,신발,T2 동의어,36d7c4a3-0386-49a6-bfa1-0f0af44963e0,김지은우리옷,한복,백년소상공인,기타,부산광역시,,,
fd6ec1141cf202badc14,full_annotation_v1,A,q_신발_04,신발가게,패션·잡화 중 '신발'을 판매·제공하는 매장,train,신발,T2 동의어,7aa41eb4-ca66-41be-b63d-dde50db4780b,모니카상점,신발가방잡화,부산자유시장,전통시장,부산광역시,,,
1bb5b4f97013a48e65f0,full_annotation_v1,A,q_신발_04,신발가게,패션·잡화 중 '신발'을 판매·제공하는 매장,train,신발,T2 동의어,053ae52d-4821-48bb-9c0b-2b1a9c75c514,화진수제화,구두,의정부역지하상가,일반지하상점가,경기도,,,
4e43906b4a6349e6ab96,full_annotation_v1,A,q_신발_04,신발가게,패션·잡화 중 '신발'을 판매·제공하는 매장,train,신발,T2 동의어,b7e7ee96-7761-407b-97cf-f84be75d1a75,슬로스데이,생화,한솔동 6~7단지상점가,자율상권구역,세종특별자치시,,,
a9f2882c8290b20374c1,full_annotation_v1,A,q_신발_04,신발가게,패션·잡화 중 '신발'을 판매·제공하는 매장,train,신발,T2 동의어,1800114d-1093-4959-9757-216ae1c37dbe,환장라멘,한식,송정청춘 골목형상점가,골목형상점가,울산광역시,,,
3178b2e3b4f7df090d84,full_annotation_v1,A,q_신발_04,신발가게,패션·잡화 중 '신발'을 판매·제공하는 매장,train,신발,T2 동의어,7b8995cf-37fc-4f4f-aff3-156ffe3441c7,마실가게,한식,자갈치해안시장,전통시장,부산광역시,,,
4bb40d4429fbe55d0391,full_annotation_v1,A,q_신발_04,신발가게,패션·잡화 중 '신발'을 판매·제공하는 매장,train,신발,T2 동의어,7d1f635a-858b-4190-bfa8-12bc824fd3d2,배영민신발가게,신발,남문시장,전통시장,서울특별시,,,
1155ff938017baeef0f3,full_annotation_v1,A,q_신발_04,신발가게,패션·잡화 중 '신발'을 판매·제공하는 매장,train,신발,T2 동의어,063cf75e-350b-49ee-bc4a-e6f3a384b69d,금마루막창,한식,송정청춘 골목형상점가,골목형상점가,울산광역시,,,
07a867e49c37b7774570,full_annotation_v1,A,q_신발_04,신발가게,패션·잡화 중 '신발'을 판매·제공하는 매장,train,신발,T2 동의어,94c4bf2a-85e8-4856-a125-6d8d04a63c13,모아옷가게,의류,밀양 아리랑시장,전통시장,경상남도,,,
5a296da6b31c0430a13a,full_annotation_v1,A,q_신발_04,신발가게,패션·잡화 중 '신발'을 판매·제공하는 매장,train,신발,T2 동의어,53776ad6-4a97-4445-b7f6-e236725c5048,대박옷가게,옷가게,안동광석거리 골목형상점가,골목형상점가,경상북도,,,
76e9f81d1efce02cd354,full_annotation_v1,A,q_신발_04,신발가게,패션·잡화 중 '신발'을 판매·제공하는 매장,train,신발,T2 동의어,02db4104-b701-453b-a7ef-cf0c3014ffde,광명디자인,수선,서문시장아진상가,전통시장,대구광역시,,,
bdd3710236d040fe42a4,full_annotation_v1,A,q_신발_04,신발가게,패션·잡화 중 '신발'을 판매·제공하는 매장,train,신발,T2 동의어,ab649915-7ba4-4fcc-9588-daf4702a4eba,김밥가게,김밥,혁신도시5구역골목형상점가,골목형상점가,강원특별자치도,,,
6afd49c6c74debd4a533,full_annotation_v1,A,q_신발_04,신발가게,패션·잡화 중 '신발'을 판매·제공하는 매장,train,신발,T2 동의어,25163280-c83e-4791-8a5d-513346141a97,이뿌니수제화,신발가방,의정부제일시장,전통시장,경기도,,,
6a4b7bb29f5cbf59dc38,full_annotation_v1,A,q_신발_04,신발가게,패션·잡화 중 '신발'을 판매·제공하는 매장,train,신발,T2 동의어,084cd0af-9aae-4ec9-9b2f-5d4ad9bd535b,백령수산,수산물,용남시장,전통시장,인천광역시,,,
f3095f6132f51e217416,full_annotation_v1,A,q_신발_04,신발가게,패션·잡화 중 '신발'을 판매·제공하는 매장,train,신발,T2 동의어,65163e4d-256a-42cf-8e21-9c561289e588,커피가게,커피,광주여대 골목형상점가,골목형상점가,광주광역시,,,
92fd0e98e33fcc764dcc,full_annotation_v1,A,q_신발_04,신발가게,패션·잡화 중 '신발'을 판매·제공하는 매장,train,신발,T2 동의어,a9d69aef-b5c3-4278-b168-039b4947369a,통큰왕만두,만두,충주자유시장,전통시장,충청북도,,,
216c5a3a93534c8aad30,full_annotation_v1,A,q_신발_04,신발가게,패션·잡화 중 '신발'을 판매·제공하는 매장,train,신발,T2 동의어,5c55b609-2e0f-4319-b960-25580e714d4c,차칸가게,과일,일산시장(구 일산전통시장),전통시장,경기도,,,
8b9fe78f1af135a0782a,full_annotation_v1,A,q_신발_04,신발가게,패션·잡화 중 '신발'을 판매·제공하는 매장,train,신발,T2 동의어,253e10cf-4a33-4db2-8e33-9f947afa0c56,속옷가게,의류,영동전통시장,전통시장,충청북도,,,
5857c29d0d882fa9ddbc,full_annotation_v1,A,q_신발_05,운동화,패션·잡화 중 '신발'을 판매·제공하는 매장,train,신발,T3 개념확장,bbd186da-795a-43a9-a912-6db9e6297e40,슈퍼마리오,의류,순천 원도심 상권,상권활성화구역,,,,
fd67909f204e74f2f1de,full_annotation_v1,A,q_신발_05,운동화,패션·잡화 중 '신발'을 판매·제공하는 매장,train,신발,T3 개념확장,bda1a4ae-1f82-4eca-9714-cb2999c4d9e5,엄마손운동화,운동화세탁,용대로119번길 골목형상점가,골목형상점가,광주광역시,,,
91683f9d7f14f411e097,full_annotation_v1,A,q_신발_05,운동화,패션·잡화 중 '신발'을 판매·제공하는 매장,train,신발,T3 개념확장,74fb585c-f5cd-45df-926c-ba235f1c2bfb,뉴발란스원주중앙,"스포츠의류, 운동화",원주중앙로문화의거리,자율상권구역,강원특별자치도,,,
2a817ab6579e4323cb35,full_annotation_v1,A,q_신발_05,운동화,패션·잡화 중 '신발'을 판매·제공하는 매장,train,신발,T3 개념확장,246c859f-de6a-46c6-8ba7-dd9a2d5a34c7,운동화 2500,운동화,봉선1로37번길 골목형상점가,골목형상점가,광주광역시,,,
1a4a81c738d935b23a95,full_annotation_v1,A,q_신발_05,운동화,패션·잡화 중 '신발'을 판매·제공하는 매장,train,신발,T3 개념확장,56e5d9d2-0967-418e-a771-a7a2784a1fbd,우먼스키친,한식반찬,신장전통시장,전통시장,경기도,,,
9ff2c784368e9be13cac,full_annotation_v1,A,q_신발_05,운동화,패션·잡화 중 '신발'을 판매·제공하는 매장,train,신발,T3 개념확장,b558e7a6-cd44-4778-bafc-338dbcc06dfa,일품마라탕,마라탕,불당1번가골목형상점가,골목형상점가,충청남도,,,
343f15feb5ea0293a319,full_annotation_v1,A,q_신발_05,운동화,패션·잡화 중 '신발'을 판매·제공하는 매장,train,신발,T3 개념확장,923c7def-2658-4c8f-b8d1-b36aafc0243e,bt-오렌지,"신발, 운동화",미금현대벤처빌시장,전통시장,경기도,,,
ca5fa5022540a0cf1d6c,full_annotation_v1,A,q_신발_05,운동화,패션·잡화 중 '신발'을 판매·제공하는 매장,train,신발,T3 개념확장,57107c70-519c-4486-adc8-028babf01d0e,까슈까슈,구두 및 운동화,성남중앙지하시장,일반지하상점가,경기도,,,
df6dbbe337aa224dc679,full_annotation_v1,A,q_신발_05,운동화,패션·잡화 중 '신발'을 판매·제공하는 매장,train,신발,T3 개념확장,247ecaea-a95d-4e27-804f-9702918e69b0,목화혼수방,이불,방촌시장,전통시장,대구광역시,,,
94b1ed2b51ecd19552b5,full_annotation_v1,A,q_신발_05,운동화,패션·잡화 중 '신발'을 판매·제공하는 매장,train,신발,T3 개념확장,30007735-a916-4032-a199-4b2474b6f711,슈즈앤워시,운동화 이불세탁업,전주혁신사랑 골목형상점가,골목형상점가,전북특별자치도,,,
d86656ff77a125a0a3d0,full_annotation_v1,A,q_신발_05,운동화,패션·잡화 중 '신발'을 판매·제공하는 매장,train,신발,T3 개념확장,47ee2f98-e4b3-467b-bbe3-332827c0c948,슈즈크린,운동화 구두 세탁,매곡 골목형상점가,골목형상점가,대구광역시,,,
99bd3f8e4f8b2c2ff47a,full_annotation_v1,A,q_신발_05,운동화,패션·잡화 중 '신발'을 판매·제공하는 매장,train,신발,T3 개념확장,c79da85a-0c99-48b5-bf82-48e2127ca559,뉴발란스춘천대리점,"운동화, 스포츠의류",춘천명동상점가,자율상권구역,강원특별자치도,,,
11d45c62f496c426c526,full_annotation_v1,A,q_신발_05,운동화,패션·잡화 중 '신발'을 판매·제공하는 매장,train,신발,T3 개념확장,00054f1d-4cae-4345-9975-1423bc49e4dc,착한아이들,의류,중앙전통시장,전통시장,울산광역시,,,
c9f2cfdbcec93f689354,full_annotation_v1,A,q_신발_05,운동화,패션·잡화 중 '신발'을 판매·제공하는 매장,train,신발,T3 개념확장,5fc7fb1a-efea-4844-90a3-ef0684857ba9,안성신발,"운동화, 신발",군포역전전통시장,전통시장,경기도,,,
b9c16c4e120929affc75,full_annotation_v1,A,q_신발_05,운동화,패션·잡화 중 '신발'을 판매·제공하는 매장,train,신발,T3 개념확장,0a7d19da-a3de-4791-a6b8-3a65ed717937,운동화빨래방,빨래,금호사랑 상인회 골목형상점가,골목형상점가,전라남도,,,
345d27d17213d551ed7a,full_annotation_v1,A,q_신발_05,운동화,패션·잡화 중 '신발'을 판매·제공하는 매장,train,신발,T3 개념확장,53f7bb8d-ca55-4feb-80c4-114bf4b39755,대신자수,의복임가공,서문시장아진상가,전통시장,대구광역시,,,
bf9a361d108468063987,full_annotation_v1,A,q_신발_05,운동화,패션·잡화 중 '신발'을 판매·제공하는 매장,train,신발,T3 개념확장,02851047-7760-4cdb-b811-74f6dff245bd,에덴의상실,수선,돈암시장,전통시장,서울특별시,,,
108eb9098cce4bb208bf,full_annotation_v1,A,q_신발_05,운동화,패션·잡화 중 '신발'을 판매·제공하는 매장,train,신발,T3 개념확장,666c1e34-1908-47d6-b70a-5e6aef951ff8,운동화구두이불빨래방,세탁,노해랑길골목형상점가,골목형상점가,서울특별시,,,
38741cfd2cfe7d697c3e,full_annotation_v1,A,q_신발_05,운동화,패션·잡화 중 '신발'을 판매·제공하는 매장,train,신발,T3 개념확장,03b7163b-3c55-4d15-8019-a6485ca7cfdb,카사노바제화,구두,창원 명서시장,전통시장,경상남도,,,
d818a91e323f591c78ee,full_annotation_v1,A,q_신발_05,운동화,패션·잡화 중 '신발'을 판매·제공하는 매장,train,신발,T3 개념확장,17af65f2-1610-4af9-add9-335be3527791,브이이엘(VEL)영어학원,영어학원,동신종합시장,전통시장,경기도,,,
a8d2ab8be1a9c4d0e0ff,full_annotation_v1,A,q_신발_05,운동화,패션·잡화 중 '신발'을 판매·제공하는 매장,train,신발,T3 개념확장,e3237a5d-367d-442f-9cde-b856c286c015,마마운동화 이불빨래방,세탁,신수동토정로 골목형상점가,골목형상점가,서울특별시,,,
d3d9cfee0be28ac632d2,full_annotation_v1,A,q_신발_05,운동화,패션·잡화 중 '신발'을 판매·제공하는 매장,train,신발,T3 개념확장,b4f7ac86-fbbc-4134-af33-190e1b7fbe7c,힐스테이트,의류 운동화,힐스상인회 골목형상점가,골목형상점가,광주광역시,,,
3ff012b786013720e266,full_annotation_v1,A,q_신발_05,운동화,패션·잡화 중 '신발'을 판매·제공하는 매장,train,신발,T3 개념확장,d95e774c-5a3e-454d-9d5e-3bb0f1de1088,그림동화,의류,당진원시가지상가,자율상권구역,충청남도,,,
93969d5902c04918a2d4,full_annotation_v1,A,q_신발_05,운동화,패션·잡화 중 '신발'을 판매·제공하는 매장,train,신발,T3 개념확장,00158f51-4d3a-4ac0-9e38-b37552f5e097,지지배,의류,나주금빛상점가,자율상권구역,전라남도,,,
fc4c78d843c86def4c5e,full_annotation_v1,A,q_신발_05,운동화,패션·잡화 중 '신발'을 판매·제공하는 매장,train,신발,T3 개념확장,92c21e00-695d-4a1a-9005-03496d8e0598,굴비랑모시랑,조기 굴비수산물,금호운천로상인회 골목형상점가,골목형상점가,광주광역시,,,
617a0c1513e2ab88ad39,full_annotation_v1,A,q_신발_05,운동화,패션·잡화 중 '신발'을 판매·제공하는 매장,train,신발,T3 개념확장,000fae5b-8595-4041-94fa-5527454e648c,신발나라,신발,호계랑 골목형상점가,골목형상점가,울산광역시,,,
1e69410e08ca2ed0a0ff,full_annotation_v1,A,q_신발_05,운동화,패션·잡화 중 '신발'을 판매·제공하는 매장,train,신발,T3 개념확장,a50871c6-46a8-44fd-806b-b6fbf1359ba3,가치헤어,헤어 시술 스타일링 두피모발 케어 등 미용 서비스 전반,시청앞 골목형상점가,골목형상점가,충청남도,,,
9ffbb16cc34c87c9faf2,full_annotation_v1,A,q_신발_05,운동화,패션·잡화 중 '신발'을 판매·제공하는 매장,train,신발,T3 개념확장,922aaa5d-d5cf-4bcd-81f6-4d2b538c5c7d,전래동화,,효자동4동 후곡길 골목형상점가,골목형상점가,전북특별자치도,,,
34a3eab998618f8aa891,full_annotation_v1,A,q_신발_05,운동화,패션·잡화 중 '신발'을 판매·제공하는 매장,train,신발,T3 개념확장,e0b2ee0b-1748-41fe-a476-4d8d50e289cb,이화고무,고무신발 및 일반운동화,수원영동시장,전통시장,경기도,,,
694baac66d7f9344f3ab,full_annotation_v1,A,q_신발_05,운동화,패션·잡화 중 '신발'을 판매·제공하는 매장,train,신발,T3 개념확장,000e2f0b-a1ef-481a-8308-ef582af4ea73,장미신발,신발,구역전시장,전통시장,울산광역시,,,
b91fdf67f8b92dbb657a,full_annotation_v1,A,q_신발_05,운동화,패션·잡화 중 '신발'을 판매·제공하는 매장,train,신발,T3 개념확장,996cde8f-8c52-44fe-a286-ef32a9f58e23,운동화 이불 빨래방,"운동화, 이불빨래",비아로 골목형상점가,골목형상점가,광주광역시,,,
b01b563c6125a8d0ae71,full_annotation_v1,A,q_신발_05,운동화,패션·잡화 중 '신발'을 판매·제공하는 매장,train,신발,T3 개념확장,c1424dc1-6eed-44ae-8705-74407238fe57,신선반찬,반찬,남항시장,전통시장,부산광역시,,,
c3e422f484de3b9ae2c2,full_annotation_v1,A,q_신발_05,운동화,패션·잡화 중 '신발'을 판매·제공하는 매장,train,신발,T3 개념확장,5a8d50a6-99b8-4472-b9e9-608a7ab53b0a,서울신발,운동화,구미새마을중앙시장,전통시장,경상북도,,,
e92ec8c1af112bfa2314,full_annotation_v1,A,q_신발_05,운동화,패션·잡화 중 '신발'을 판매·제공하는 매장,train,신발,T3 개념확장,2a583865-8786-4b2f-942a-29e9500edc6a,화정조은약국,의약품 의료기기,화정꽃마을상인회 골목형상점가,골목형상점가,광주광역시,,,
02fc21a6ad1b33576337,full_annotation_v1,A,q_신발_05,운동화,패션·잡화 중 '신발'을 판매·제공하는 매장,train,신발,T3 개념확장,731b29b9-6abc-4455-aef7-0722c695ac08,강화고무,"고무신, 운동화",강화중앙시장(A·B동),전통시장,인천광역시,,,
7fbd3fc15fc46acab3af,full_annotation_v1,A,q_신발_05,운동화,패션·잡화 중 '신발'을 판매·제공하는 매장,train,신발,T3 개념확장,ea5c9760-dca5-4c6a-b46d-adac3e4c9c67,운동화할인매장,신발,익산장(구 북부장),전통시장,전북특별자치도,,,
99deb0727d8945e04b4d,full_annotation_v1,A,q_신발_05,운동화,패션·잡화 중 '신발'을 판매·제공하는 매장,train,신발,T3 개념확장,009625c0-f3cf-4a0d-9399-0a8d6176c553,예프,구두,신부유람단골목형상점가,골목형상점가,충청남도,,,
be815bc0fb0b705a66a1,full_annotation_v1,A,q_신발_05,운동화,패션·잡화 중 '신발'을 판매·제공하는 매장,train,신발,T3 개념확장,ab8946f2-444a-41be-9d58-d84b88911160,아디다스,스포츠의류운동화,성서중심시장(성서시장문화의거리 통합),전통시장,충청북도,,,
9edb8190b890838cf3b7,full_annotation_v1,A,q_신발_05,운동화,패션·잡화 중 '신발'을 판매·제공하는 매장,train,신발,T3 개념확장,00124602-ef4e-472c-91ee-de53b28d7530,화이트,의류,울산번개시장,전통시장,울산광역시,,,
c695820cdcced449f22b,full_annotation_v1,A,q_신발_05,운동화,패션·잡화 중 '신발'을 판매·제공하는 매장,train,신발,T3 개념확장,5f412983-9139-4acd-8060-4d1cfd41fac1,운동화손세탁이불,세탁,둔전골목형상점가,골목형상점가,경기도,,,
28e2e4674bf3a11486e2,full_annotation_v1,A,q_신발_05,운동화,패션·잡화 중 '신발'을 판매·제공하는 매장,train,신발,T3 개념확장,d7a0b71c-a823-4621-a583-e2ad3b28f49f,깨끗한운동화,세탁,익산황등시장,전통시장,전북특별자치도,,,
f188a7ae32dec965354d,full_annotation_v1,A,q_신발_05,운동화,패션·잡화 중 '신발'을 판매·제공하는 매장,train,신발,T3 개념확장,27867cfa-2c9c-4420-aa93-ea42002c1b6d,합천상회,신발(운동화 고무신 등),초량전통시장,전통시장,부산광역시,,,
51d7bd7efbd14faf656a,full_annotation_v1,A,q_신발_05,운동화,패션·잡화 중 '신발'을 판매·제공하는 매장,train,신발,T3 개념확장,000a92b3-0b5e-429e-af00-f86e3570e24b,클로버,의류,관문상가시장,전통시장,대구광역시,,,
0e192bf60c07a1c6f90b,full_annotation_v1,A,q_신발_05,운동화,패션·잡화 중 '신발'을 판매·제공하는 매장,train,신발,T3 개념확장,eea6e4ae-4dc4-40b1-8e2d-af3c13524458,사과텔레콤,휴대폰,원주자유시장,전통시장,강원특별자치도,,,
9f80738c85eda1f1dec0,full_annotation_v1,A,q_신발_05,운동화,패션·잡화 중 '신발'을 판매·제공하는 매장,train,신발,T3 개념확장,6bf147ef-7643-4b2c-badc-480e5034f76f,아씨곳간,한식일반음식 공예 미술 문구 식품 커,전주동문상점가,자율상권구역,전북특별자치도,,,
d21f8042ff97c65366f7,full_annotation_v1,A,q_신발_05,운동화,패션·잡화 중 '신발'을 판매·제공하는 매장,train,신발,T3 개념확장,00242042-f371-486a-a1fc-b85de093edbf,슈올즈 이천점,"신발, 잡화",장터거리시장 골목형상점가,골목형상점가,경기도,,,
9c86171d46477cd26db1,full_annotation_v1,A,q_신발_05,운동화,패션·잡화 중 '신발'을 판매·제공하는 매장,train,신발,T3 개념확장,d8c43c62-96b4-47d5-8730-87e7a1fec951,월드컵,"소매(고무신,운동화)",용인중앙시장,전통시장,경기도,,,
3029d25b048733887f9c,full_annotation_v1,A,q_신발_05,운동화,패션·잡화 중 '신발'을 판매·제공하는 매장,train,신발,T3 개념확장,014602ec-34d6-41db-98d1-f7941ce5c2da,밝은 세탁,수선,노대물빛근린공원 골목형상점가,골목형상점가,광주광역시,,,
1a23b5d2f380c2e34cd6,full_annotation_v1,A,q_신발_05,운동화,패션·잡화 중 '신발'을 판매·제공하는 매장,train,신발,T3 개념확장,053ae52d-4821-48bb-9c0b-2b1a9c75c514,화진수제화,구두,의정부역지하상가,일반지하상점가,경기도,,,
fc9e2688089b91bbb389,full_annotation_v1,A,q_신발_05,운동화,패션·잡화 중 '신발'을 판매·제공하는 매장,train,신발,T3 개념확장,5fa7243d-3c8c-44f7-aeb8-484052009b51,운동화2500,세탁,신창중앙,골목형상점가,광주광역시,,,
7e477dee0d1dce81ccb9,full_annotation_v1,A,q_신발_05,운동화,패션·잡화 중 '신발'을 판매·제공하는 매장,train,신발,T3 개념확장,0050f085-55a3-45b8-8d41-0c7a30d4bc2f,대현신발,신발,산격종합시장,전통시장,대구광역시,,,
46f70670a6f7156848c4,full_annotation_v1,A,q_신발_05,운동화,패션·잡화 중 '신발'을 판매·제공하는 매장,train,신발,T3 개념확장,00fc2b18-ffa0-45b1-b03a-af61257944a9,충일구두수선,구두수선,충주무학시장,전통시장,충청북도,,,
530f79202e1604efc69d,full_annotation_v1,A,q_신발_05,운동화,패션·잡화 중 '신발'을 판매·제공하는 매장,train,신발,T3 개념확장,f5315563-b55b-46e3-aab3-845ee2223ff1,운동화손세탁,운동화세탁,상대원1동 해피마을 골목형상점가,골목형상점가,경기도,,,
91b4ec5d8155eb0c46ff,full_annotation_v1,A,q_신발_05,운동화,패션·잡화 중 '신발'을 판매·제공하는 매장,train,신발,T3 개념확장,02db4104-b701-453b-a7ef-cf0c3014ffde,광명디자인,수선,서문시장아진상가,전통시장,대구광역시,,,
6dd90bc84f97bcc5ee5b,full_annotation_v1,A,q_신발_05,운동화,패션·잡화 중 '신발'을 판매·제공하는 매장,train,신발,T3 개념확장,51f50db9-ea4a-424d-8fd1-08d49dcfb04d,운동화 이불솜 빨래방,"운동화, 이불용 빨래방",건국다복 골목형상점가,골목형상점가,광주광역시,,,
a60041392819f5ad70a8,full_annotation_v1,A,q_신발_05,운동화,패션·잡화 중 '신발'을 판매·제공하는 매장,train,신발,T3 개념확장,40dac778-4d43-46b4-b3d5-94e200c5f110,맥시칸치킨,간이음식,풍산시장,전통시장,경상북도,,,
cc552ab07f45b3ce4572,full_annotation_v1,A,q_신발_05,운동화,패션·잡화 중 '신발'을 판매·제공하는 매장,train,신발,T3 개념확장,bfa30d0f-05a8-4939-b01b-1ee120837936,운동화목욕한날,운동화세탁,용운시장,전통시장,대전광역시,,,
a0babe847d9b0cca0bc2,full_annotation_v1,A,q_신발_05,운동화,패션·잡화 중 '신발'을 판매·제공하는 매장,train,신발,T3 개념확장,00172c94-61f0-4197-afeb-d7e8187c79b5,옷이예쁘다,의류,메트로센터(반월당지하쇼핑),일반지하상점가,대구광역시,,,
8e2d5dbf31546759d460,full_annotation_v1,A,q_신발_05,운동화,패션·잡화 중 '신발'을 판매·제공하는 매장,train,신발,T3 개념확장,08c8a9de-aff8-4cef-85c5-760ce0732ce9,희게,"운동화, 유모차, 이불 옷 등등",양지중앙 골목형상점가,골목형상점가,경기도,,,
419ecd77c8fa7d05d8e9,full_annotation_v1,A,q_신발_05,운동화,패션·잡화 중 '신발'을 판매·제공하는 매장,train,신발,T3 개념확장,72973b66-f8bb-463d-98df-907807881d20,운동화빨래방,,옥계 600,골목형상점가,경상북도,,,
b395d09525a4082b5c13,full_annotation_v1,A,q_신발_05,운동화,패션·잡화 중 '신발'을 판매·제공하는 매장,train,신발,T3 개념확장,9758f6a1-db41-47f9-9ddc-f23ab90bde1a,리틀파머스 통영,"신변잡화, 스포츠, 가방 및 운동화",통영 항남골목형상점가,골목형상점가,경상남도,,,
a1b0d593b41f05ee1552,full_annotation_v1,A,q_신발_05,운동화,패션·잡화 중 '신발'을 판매·제공하는 매장,train,신발,T3 개념확장,812bf5a4-88fa-4c29-91f3-bc34dee418f5,밀레 부산기장점,"고무신발 및 일반 신발, 운동화 등",기장시장 일원 자율상권구역,상권활성화구역,부산광역시,,,
fcea889352f4e2a1373e,full_annotation_v1,A,q_신발_05,운동화,패션·잡화 중 '신발'을 판매·제공하는 매장,train,신발,T3 개념확장,0bad5d50-e9d7-49dd-a111-58509151fbb9,자유보가,구두,부산자유시장,전통시장,부산광역시,,,
96996b85b21077cda177,full_annotation_v1,A,q_신발_05,운동화,패션·잡화 중 '신발'을 판매·제공하는 매장,train,신발,T3 개념확장,7029c2ff-fea7-43cf-954b-acaf0b2571a7,오마쥬,한식,전주동문상점가,자율상권구역,전북특별자치도,,,
054bda0b2450727933e4,full_annotation_v1,A,q_신발_05,운동화,패션·잡화 중 '신발'을 판매·제공하는 매장,train,신발,T3 개념확장,55d01c2a-af1a-4884-9ef0-80cb1963a34f,번재만두,"만두, 생면",원주자유시장,전통시장,강원특별자치도,,,
5b6964155901dd0f2634,full_annotation_v1,A,q_신발_05,운동화,패션·잡화 중 '신발'을 판매·제공하는 매장,train,신발,T3 개념확장,9b5de248-45fc-430c-b2d5-8ed01d6ddaef,해맑은 운동화월곡점,운동화 가방 세척,정다운 골목형상점가,골목형상점가,광주광역시,,,
de136a25f0df54b784ba,full_annotation_v1,A,q_신발_05,운동화,패션·잡화 중 '신발'을 판매·제공하는 매장,train,신발,T3 개념확장,58d23d71-f093-4d5a-8e72-7fe9de3d34b0,동성로 나이키타운,운동화등,동성로상점가,자율상권구역,대구광역시,,,
237b5287cc1f612c96d0,full_annotation_v1,A,q_신발_05,운동화,패션·잡화 중 '신발'을 판매·제공하는 매장,train,신발,T3 개념확장,1b5bc941-0055-40e7-9ded-d6415f50d927,흥해종합신발,"고무신, 운동화",흥해시장,전통시장,경상북도,,,
4e03438aec11d7ec28a7,full_annotation_v1,A,q_신발_05,운동화,패션·잡화 중 '신발'을 판매·제공하는 매장,train,신발,T3 개념확장,6b74a996-79c8-48fa-aed5-3719e3e54d96,운동화2500,운동화 세탁,양산동 골목형상점가,골목형상점가,광주광역시,,,
07e707bc4a59300dbddf,full_annotation_v1,A,q_신발_05,운동화,패션·잡화 중 '신발'을 판매·제공하는 매장,train,신발,T3 개념확장,f8769d0d-56a6-46b0-a3fc-bf12636e551f,나이키준천점,"운동화, 스포츠의류",춘천명동상점가,자율상권구역,강원특별자치도,,,
14174e7bec62ceb17c61,full_annotation_v1,A,q_신발_05,운동화,패션·잡화 중 '신발'을 판매·제공하는 매장,train,신발,T3 개념확장,f7949c70-471d-4db1-9a77-daf1f101f2fd,닥터슈즈 운동화빨래방,운동화세탁,첨단중앙로 골목형상점가,골목형상점가,광주광역시,,,
017ffa39a59d654047e0,full_annotation_v1,A,q_신발_05,운동화,패션·잡화 중 '신발'을 판매·제공하는 매장,train,신발,T3 개념확장,961acb4c-97d0-4882-911f-2582b5126f5d,운동화빠는날,세탁,조암시장,전통시장,경기도,,,
65c194441fc14e2bfd09,full_annotation_v1,A,q_신발_05,운동화,패션·잡화 중 '신발'을 판매·제공하는 매장,train,신발,T3 개념확장,42c14668-ed76-4c59-960e-b9a676e3bc95,동화,,한뜰누리 골목형상점가,골목형상점가,세종특별자치시,,,
d119a1cc90e5e6516785,full_annotation_v1,A,q_신발_05,운동화,패션·잡화 중 '신발'을 판매·제공하는 매장,train,신발,T3 개념확장,74bc34ef-57c5-4679-924c-0e434f8b1392,스케쳐스 시흥신천점,의류운동화,신천 패션타운 골목형상점가,골목형상점가,경기도,,,
66bc28da35300650d3a1,full_annotation_v1,A,q_신발_05,운동화,패션·잡화 중 '신발'을 판매·제공하는 매장,train,신발,T3 개념확장,efa0d5bb-3cb5-4d27-87bd-7f1518bb0ecf,드야나요가명상,요가,장자호수공원 골목형상점가,골목형상점가,경기도,,,
05ba873c513b6b1d055e,full_annotation_v1,A,q_신발_05,운동화,패션·잡화 중 '신발'을 판매·제공하는 매장,train,신발,T3 개념확장,00458b4e-83ee-47fb-bcfd-9b0fa5632ebb,로즈마리,신발,남포지하도상가,일반지하상점가,부산광역시,,,
5f94eb9956438cee9f18,full_annotation_v1,A,q_신발_05,운동화,패션·잡화 중 '신발'을 판매·제공하는 매장,train,신발,T3 개념확장,7ad6a030-9a35-408e-8aef-a8e77ad08ea7,운동화 그라제 세탁,운동화 세탁,신가동 골목형상점가,골목형상점가,광주광역시,,,
405871949ea2f0748c6a,full_annotation_v1,A,q_신발_06,신발 사는 데,패션·잡화 중 '신발'을 판매·제공하는 매장,train,신발,T4 구어·문장,29392358-4cb7-43be-aaed-e30a7c476b2a,전북신발백화점,신발,익산구시장,전통시장,전북특별자치도,,,
07a31043d708a7927120,full_annotation_v1,A,q_신발_06,신발 사는 데,패션·잡화 중 '신발'을 판매·제공하는 매장,train,신발,T4 구어·문장,6d2225ad-d226-4ed1-86d8-8ecb0260cb7c,신발할인매장,신발,팔달신시장,전통시장,대구광역시,,,
e71b7a95df7049d529b0,full_annotation_v1,A,q_신발_06,신발 사는 데,패션·잡화 중 '신발'을 판매·제공하는 매장,train,신발,T4 구어·문장,507cbcae-930c-4d57-abff-81feca64ef1b,나르지오워킹화,신발,태화시장,전통시장,울산광역시,,,
4ac5a44b48879362733e,full_annotation_v1,A,q_신발_06,신발 사는 데,패션·잡화 중 '신발'을 판매·제공하는 매장,train,신발,T4 구어·문장,7d94222a-a0ea-4341-af79-7a27f054c09c,부산고무상회,신발,양양전통시장,전통시장,강원특별자치도,,,
828511e6ace03d3bb424,full_annotation_v1,A,q_신발_06,신발 사는 데,패션·잡화 중 '신발'을 판매·제공하는 매장,train,신발,T4 구어·문장,1051e754-75df-4019-bc87-4907b0c80feb,신발나라,신발,만리시장,전통시장,서울특별시,,,
9db8b6a7d45e162510d6,full_annotation_v1,A,q_신발_06,신발 사는 데,패션·잡화 중 '신발'을 판매·제공하는 매장,train,신발,T4 구어·문장,e2552899-ff33-40d0-b842-718b0bdd913f,안심신발,신발,소사종합시장,전통시장,경기도,,,
214c2f56b96ab13d1ba1,full_annotation_v1,A,q_신발_06,신발 사는 데,패션·잡화 중 '신발'을 판매·제공하는 매장,train,신발,T4 구어·문장,68694643-0cad-4f02-ab2a-296c8c53bb66,남현수산,수산물,서천특화시장,전통시장,충청남도,,,
40f92927bbe8fd2bd6b2,full_annotation_v1,A,q_신발_06,신발 사는 데,패션·잡화 중 '신발'을 판매·제공하는 매장,train,신발,T4 구어·문장,5102f869-9fa7-4552-977a-21c358a80dca,왕자고무,신발,청양전통시장(구 청양상설시장),전통시장,충청남도,,,
bc636ed9273e9aeac908,full_annotation_v1,A,q_신발_06,신발 사는 데,패션·잡화 중 '신발'을 판매·제공하는 매장,train,신발,T4 구어·문장,aba76fc2-984e-4030-ba01-e2e7d78264c7,데 아로즈 대전둔산본점,,갈리단길 골목형상점가,골목형상점가,대전광역시,,,
47652b901ada3d1d219d,full_annotation_v1,A,q_신발_06,신발 사는 데,패션·잡화 중 '신발'을 판매·제공하는 매장,train,신발,T4 구어·문장,b13d39e3-0adb-49f4-aac5-b45c8f92c489,부산신발,신발,부산진시장,전통시장,부산광역시,,,
479a5eb2e6c8754130dc,full_annotation_v1,A,q_신발_06,신발 사는 데,패션·잡화 중 '신발'을 판매·제공하는 매장,train,신발,T4 구어·문장,7a2ca7b4-40b2-4985-bc24-5f8ac72db364,에델바이스양화점,신발,포항죽도시장,전통시장,경상북도,,,
6216c2c108b72bc93c48,full_annotation_v1,A,q_신발_06,신발 사는 데,패션·잡화 중 '신발'을 판매·제공하는 매장,train,신발,T4 구어·문장,76cc78f7-0b47-46d6-9475-c8381d1e9af7,워,신발,안중시장,전통시장,경기도,,,
cfbf42e0f6ea84eb5fe7,full_annotation_v1,A,q_신발_06,신발 사는 데,패션·잡화 중 '신발'을 판매·제공하는 매장,train,신발,T4 구어·문장,a107fd3e-b444-483e-a315-bcbf0e1ede2d,한우리,한식,연신내골목형상점가,골목형상점가,서울특별시,,,
622ef64362614e3b2f6f,full_annotation_v1,A,q_신발_06,신발 사는 데,패션·잡화 중 '신발'을 판매·제공하는 매장,train,신발,T4 구어·문장,1e7f8901-e8d4-4aa6-8927-05ecc7758fd6,슈올즈,신발,도산로 골목형상점가,골목형상점가,대전광역시,,,
57c88ac27d40633706e3,full_annotation_v1,A,q_신발_06,신발 사는 데,패션·잡화 중 '신발'을 판매·제공하는 매장,train,신발,T4 구어·문장,a56cc315-89cb-4244-bc9e-0ae16af57709,경주신발포그니이불,신발,경주중앙시장,전통시장,경상북도,,,
7625a1b96e35de5498e2,full_annotation_v1,A,q_신발_06,신발 사는 데,패션·잡화 중 '신발'을 판매·제공하는 매장,train,신발,T4 구어·문장,d2ebb03e-7813-4d46-83da-beb367b395e1,에땅신발,신발,시장로타리지하상가,일반지하상점가,인천광역시,,,
30951caac413662e2850,full_annotation_v1,A,q_신발_06,신발 사는 데,패션·잡화 중 '신발'을 판매·제공하는 매장,train,신발,T4 구어·문장,4d0984ec-dbbb-432a-aa4c-29adc145999d,88신발,신발,부천자유시장,전통시장,경기도,,,
5061f33bea0d61af65c9,full_annotation_v1,A,q_신발_06,신발 사는 데,패션·잡화 중 '신발'을 판매·제공하는 매장,train,신발,T4 구어·문장,d25b56d4-6e1e-43bc-9c48-909474ad52c7,곰발바닥신발,신발,평창올림픽시장(평창전통시장),전통시장,강원특별자치도,,,
8feda9a822aed24b8e5b,full_annotation_v1,A,q_신발_06,신발 사는 데,패션·잡화 중 '신발'을 판매·제공하는 매장,train,신발,T4 구어·문장,c55301e1-140f-4a49-9a7a-400dc6e36547,신발나라,신발,오수상점가,자율상권구역,전북특별자치도,,,
4ae3586054b5f7c38561,full_annotation_v1,A,q_신발_06,신발 사는 데,패션·잡화 중 '신발'을 판매·제공하는 매장,train,신발,T4 구어·문장,ef6cb7ea-9d67-4e79-9dbe-7b75f4797c1e,자매신발,신발,봉일천전통시장,전통시장,경기도,,,
a42be437d22347c0f76e,full_annotation_v1,A,q_신발_06,신발 사는 데,패션·잡화 중 '신발'을 판매·제공하는 매장,train,신발,T4 구어·문장,87e6ea3e-ab22-4cc0-82e0-5dfebdbe7224,슈퍼마켓,신발,서문시장 제5지구,전통시장,대구광역시,,,
5edfff1e73500449d2cb,full_annotation_v1,A,q_신발_06,신발 사는 데,패션·잡화 중 '신발'을 판매·제공하는 매장,train,신발,T4 구어·문장,f12d0d92-4ece-44e7-8028-e63fedd53ec1,쌈지,신발,부천한신시장,전통시장,경기도,,,
0e7f30c8df939b647a18,full_annotation_v1,A,q_신발_06,신발 사는 데,패션·잡화 중 '신발'을 판매·제공하는 매장,train,신발,T4 구어·문장,f7d868e8-2ea4-472b-b4b6-71bf2c825aa7,연식당,한식,둔산꽃길 골목형상점가,골목형상점가,대전광역시,,,
4f1bf3e40f0ad154c30d,full_annotation_v1,A,q_신발_06,신발 사는 데,패션·잡화 중 '신발'을 판매·제공하는 매장,train,신발,T4 구어·문장,1a7e01c9-4cdc-43b2-95ad-08c485344002,서울발,신발,남대문시장,전통시장,서울특별시,,,
0cda01443a15ef4eea75,full_annotation_v1,A,q_신발_06,신발 사는 데,패션·잡화 중 '신발'을 판매·제공하는 매장,train,신발,T4 구어·문장,f14df4d3-9858-4a8b-8597-20fd477d8e32,갤러리 데 루치아,가구,용인어정가구단지상점가,자율상권구역,경기도,,,
c2bfba6f9ad6917f7922,full_annotation_v1,A,q_신발_06,신발 사는 데,패션·잡화 중 '신발'을 판매·제공하는 매장,train,신발,T4 구어·문장,5b7731b3-ac9b-4738-8f3a-19bfb901c2f4,노블리스트음악학원,교육서비스,수완중흥대방 골목형상점가,골목형상점가,광주광역시,,,
abc6b9ab491804c3b254,full_annotation_v1,A,q_신발_06,신발 사는 데,패션·잡화 중 '신발'을 판매·제공하는 매장,train,신발,T4 구어·문장,02db4104-b701-453b-a7ef-cf0c3014ffde,광명디자인,수선,서문시장아진상가,전통시장,대구광역시,,,
820f93237163ab8c8601,full_annotation_v1,A,q_신발_06,신발 사는 데,패션·잡화 중 '신발'을 판매·제공하는 매장,train,신발,T4 구어·문장,053ae52d-4821-48bb-9c0b-2b1a9c75c514,화진수제화,구두,의정부역지하상가,일반지하상점가,경기도,,,
fea351e26ea7296fbec1,full_annotation_v1,A,q_신발_06,신발 사는 데,패션·잡화 중 '신발'을 판매·제공하는 매장,train,신발,T4 구어·문장,00fc2b18-ffa0-45b1-b03a-af61257944a9,충일구두수선,구두수선,충주무학시장,전통시장,충청북도,,,
59666c204de03592087b,full_annotation_v1,A,q_신발_06,신발 사는 데,패션·잡화 중 '신발'을 판매·제공하는 매장,train,신발,T4 구어·문장,000a92b3-0b5e-429e-af00-f86e3570e24b,클로버,의류,관문상가시장,전통시장,대구광역시,,,
7be818ca9391e6590129,full_annotation_v1,A,q_신발_06,신발 사는 데,패션·잡화 중 '신발'을 판매·제공하는 매장,train,신발,T4 구어·문장,8c33e80c-a865-4f07-a62b-8d86495fca15,신발나라,신발,나주금빛상점가,자율상권구역,전라남도,,,
66bcd0f1d23b84e5af26,full_annotation_v1,A,q_신발_06,신발 사는 데,패션·잡화 중 '신발'을 판매·제공하는 매장,train,신발,T4 구어·문장,61cf9f80-fbb6-417b-9430-8abbc6d079df,한샘신발,신발,역곡상상시장(구 역곡북부시장),전통시장,경기도,,,
fc74b50f2ee023e5f7e4,full_annotation_v1,A,q_신발_06,신발 사는 데,패션·잡화 중 '신발'을 판매·제공하는 매장,train,신발,T4 구어·문장,00172c94-61f0-4197-afeb-d7e8187c79b5,옷이예쁘다,의류,메트로센터(반월당지하쇼핑),일반지하상점가,대구광역시,,,
05b30cc39d0f9095bd1f,full_annotation_v1,A,q_신발_06,신발 사는 데,패션·잡화 중 '신발'을 판매·제공하는 매장,train,신발,T4 구어·문장,99827e4e-dcfb-4294-af71-23623294d858,모두니신발,신발,목포동부시장,전통시장,,,,
9556d934152fcd0502ec,full_annotation_v1,A,q_신발_06,신발 사는 데,패션·잡화 중 '신발'을 판매·제공하는 매장,train,신발,T4 구어·문장,c9ee12c5-beab-45b2-8a77-d8edc7451d7a,신발나라,신발,문흥2동 골목형상점가,골목형상점가,광주광역시,,,
98fedda1cb1efc2b2154,full_annotation_v1,A,q_신발_06,신발 사는 데,패션·잡화 중 '신발'을 판매·제공하는 매장,train,신발,T4 구어·문장,db77e7c5-fd3e-41d9-9df7-8ccbd2cfbc3b,신발센타,신발,부곡시장,전통시장,부산광역시,,,
27c3fae89fff13ca852a,full_annotation_v1,A,q_신발_06,신발 사는 데,패션·잡화 중 '신발'을 판매·제공하는 매장,train,신발,T4 구어·문장,850efc67-4453-4681-8c66-b70c1e62f661,슈올즈구리점,신발,구리시 구도심 상권활성화구역,상권활성화구역,경기도,,,
721ce636784dd29c0601,full_annotation_v1,A,q_신발_06,신발 사는 데,패션·잡화 중 '신발'을 판매·제공하는 매장,train,신발,T4 구어·문장,f4b9a15c-9f3c-4ad3-9900-ce15f73decff,슈올즈,신발,자양15번가골목형상점가,골목형상점가,서울특별시,,,
010ca9bbe6084c819d93,full_annotation_v1,A,q_신발_06,신발 사는 데,패션·잡화 중 '신발'을 판매·제공하는 매장,train,신발,T4 구어·문장,68096be0-9077-48e4-be05-5a2052ad495f,경희신발,신발,구리전통시장,전통시장,경기도,,,
ae717144ea5149566a39,full_annotation_v1,A,q_신발_06,신발 사는 데,패션·잡화 중 '신발'을 판매·제공하는 매장,train,신발,T4 구어·문장,8ad7d078-5f2b-4571-8c8b-7975fe5e5f43,요하니신발,신발,마산 부림시장,전통시장,경상남도,,,
3087b1490d06dbab4232,full_annotation_v1,A,q_신발_06,신발 사는 데,패션·잡화 중 '신발'을 판매·제공하는 매장,train,신발,T4 구어·문장,a68c15b7-d4d8-4c30-b54f-54a3213246dc,리브요가원,요가,풍암중앙상인회 골목형상점가,골목형상점가,광주광역시,,,
58544bfe1d5d7f3355c0,full_annotation_v1,A,q_신발_06,신발 사는 데,패션·잡화 중 '신발'을 판매·제공하는 매장,train,신발,T4 구어·문장,0050f085-55a3-45b8-8d41-0c7a30d4bc2f,대현신발,신발,산격종합시장,전통시장,대구광역시,,,
a76e6a845293fa18a0fc,full_annotation_v1,A,q_신발_06,신발 사는 데,패션·잡화 중 '신발'을 판매·제공하는 매장,train,신발,T4 구어·문장,000fae5b-8595-4041-94fa-5527454e648c,신발나라,신발,호계랑 골목형상점가,골목형상점가,울산광역시,,,
5f15b61ee9b4f25fc6da,full_annotation_v1,A,q_신발_06,신발 사는 데,패션·잡화 중 '신발'을 판매·제공하는 매장,train,신발,T4 구어·문장,38d23ac9-7da0-4645-ab16-46725090848e,선경이불,이불,마산 부림시장,전통시장,경상남도,,,
1ada1828e44df6cd4f96,full_annotation_v1,A,q_신발_06,신발 사는 데,패션·잡화 중 '신발'을 판매·제공하는 매장,train,신발,T4 구어·문장,3ed2fb56-5e77-4d1d-a6a3-954c8b9d00ee,남목신발,신발,다시남목 골목형상점가,골목형상점가,울산광역시,,,
89def5a1b54bf22776c4,full_annotation_v1,A,q_신발_06,신발 사는 데,패션·잡화 중 '신발'을 판매·제공하는 매장,train,신발,T4 구어·문장,0bad5d50-e9d7-49dd-a111-58509151fbb9,자유보가,구두,부산자유시장,전통시장,부산광역시,,,
69e6a1c410c37db8082a,full_annotation_v1,A,q_신발_06,신발 사는 데,패션·잡화 중 '신발'을 판매·제공하는 매장,train,신발,T4 구어·문장,8efb1540-1e00-4263-8163-f17c9eca9a50,팔도젓갈,젓갈,진주 자유시장,전통시장,경상남도,,,
93d6a49afeee1b17e695,full_annotation_v1,A,q_신발_06,신발 사는 데,패션·잡화 중 '신발'을 판매·제공하는 매장,train,신발,T4 구어·문장,821ba0fe-d328-4cd9-972c-66de5a81155d,슈마커플러스원주점,신발,원주중앙시장활성화구역,상권활성화구역,강원특별자치도,,,
4274395319218ebd7525,full_annotation_v1,A,q_신발_06,신발 사는 데,패션·잡화 중 '신발'을 판매·제공하는 매장,train,신발,T4 구어·문장,fc66e946-831a-4630-a8f2-d585868197b7,신발창고,신발,대림골목시장,전통시장,서울특별시,,,
d54f044c01db256bff7b,full_annotation_v1,A,q_신발_06,신발 사는 데,패션·잡화 중 '신발'을 판매·제공하는 매장,train,신발,T4 구어·문장,00458b4e-83ee-47fb-bcfd-9b0fa5632ebb,로즈마리,신발,남포지하도상가,일반지하상점가,부산광역시,,,
485ee2eec2a3a8244a94,full_annotation_v1,A,q_신발_06,신발 사는 데,패션·잡화 중 '신발'을 판매·제공하는 매장,train,신발,T4 구어·문장,07ea5dd5-7e0a-4ca7-9e32-4f973b295302,신발나라,신발,현대유통쇼핑센터,전통시장,경상북도,,,
b396eda85f023265b68a,full_annotation_v1,A,q_신발_06,신발 사는 데,패션·잡화 중 '신발'을 판매·제공하는 매장,train,신발,T4 구어·문장,82ee9b66-726b-41fe-931b-2fee781ca8be,청춘청과,농산물,관악중부시장골목형상점가,골목형상점가,서울특별시,,,
2590e597b9e8d19134ec,full_annotation_v1,A,q_신발_06,신발 사는 데,패션·잡화 중 '신발'을 판매·제공하는 매장,train,신발,T4 구어·문장,f56f6bb2-5ef3-4ba6-829c-da8a815cf99e,제일신발상회,신발,세종대평시장,전통시장,세종특별자치시,,,
9af9a936f4be3247d16e,full_annotation_v1,A,q_신발_06,신발 사는 데,패션·잡화 중 '신발'을 판매·제공하는 매장,train,신발,T4 구어·문장,8beae513-00d3-40c9-897b-a9f280a4ff67,동양고무신,신발,청양전통시장(구 청양상설시장),전통시장,충청남도,,,
b2658339cbad114b9f30,full_annotation_v1,A,q_신발_06,신발 사는 데,패션·잡화 중 '신발'을 판매·제공하는 매장,train,신발,T4 구어·문장,ac562872-f6bc-47fb-bb1d-ab7ca29406d2,은풍신발,신발,연서시장,전통시장,서울특별시,,,
534d52a836e873453db7,full_annotation_v1,A,q_신발_06,신발 사는 데,패션·잡화 중 '신발'을 판매·제공하는 매장,train,신발,T4 구어·문장,00054f1d-4cae-4345-9975-1423bc49e4dc,착한아이들,의류,중앙전통시장,전통시장,울산광역시,,,
0c5d0259e0afd7ea94c9,full_annotation_v1,A,q_신발_06,신발 사는 데,패션·잡화 중 '신발'을 판매·제공하는 매장,train,신발,T4 구어·문장,c01b51ba-06bc-4734-9a23-c0f609084e6a,슈올즈,신발,영등포 로타리상가 골목형상점가,골목형상점가,서울특별시,,,
1c540503c02272c7fa61,full_annotation_v1,A,q_신발_06,신발 사는 데,패션·잡화 중 '신발'을 판매·제공하는 매장,train,신발,T4 구어·문장,b9fd3875-cc79-408a-a4fb-5077bd2249c5,슈올즈,신발,군산중앙로 골목형상점가,골목형상점가,전북특별자치도,,,
89543d0bba746711bac9,full_annotation_v1,A,q_신발_06,신발 사는 데,패션·잡화 중 '신발'을 판매·제공하는 매장,train,신발,T4 구어·문장,8c09cac3-57f1-4a4a-b315-c9c8cb962981,즈려밟고,신발,충주자유시장,전통시장,충청북도,,,
5d7e6fe56e9420e483cc,full_annotation_v1,A,q_신발_06,신발 사는 데,패션·잡화 중 '신발'을 판매·제공하는 매장,train,신발,T4 구어·문장,014602ec-34d6-41db-98d1-f7941ce5c2da,밝은 세탁,수선,노대물빛근린공원 골목형상점가,골목형상점가,광주광역시,,,
fe0cd62294f04b9e6696,full_annotation_v1,A,q_신발_06,신발 사는 데,패션·잡화 중 '신발'을 판매·제공하는 매장,train,신발,T4 구어·문장,6c6ec650-0cc0-408e-9e2b-ee28dd878728,영남상회,신발,하동공설시장,전통시장,경상남도,,,
10de170b9097421d7c72,full_annotation_v1,A,q_신발_06,신발 사는 데,패션·잡화 중 '신발'을 판매·제공하는 매장,train,신발,T4 구어·문장,b3d0a541-3d77-49bd-bdc2-11f2761e5342,슈올즈,신발,목동깨비시장(구 목3동시장),전통시장,서울특별시,,,
6dd2c6249b7f52da928e,full_annotation_v1,A,q_신발_06,신발 사는 데,패션·잡화 중 '신발'을 판매·제공하는 매장,train,신발,T4 구어·문장,595d8dc3-6b63-4a3f-9842-daaaeaacd12e,패션신발,신발,경주중앙시장,전통시장,경상북도,,,
257af3f8ff2311401dbc,full_annotation_v1,A,q_신발_06,신발 사는 데,패션·잡화 중 '신발'을 판매·제공하는 매장,train,신발,T4 구어·문장,9cd73ef3-ca9c-4815-9b1e-aadd62213ca1,신발,신발,충주무학시장,전통시장,충청북도,,,
6207a9d589037c8d0dff,full_annotation_v1,A,q_신발_06,신발 사는 데,패션·잡화 중 '신발'을 판매·제공하는 매장,train,신발,T4 구어·문장,0b466db8-6399-4c2d-86c0-960a480ca210,신발나라,신발,남대문시장,전통시장,서울특별시,,,
c9b01a6b5933d9c37fe4,full_annotation_v1,A,q_신발_06,신발 사는 데,패션·잡화 중 '신발'을 판매·제공하는 매장,train,신발,T4 구어·문장,c4f7a025-a73f-4ba8-a506-0f8fbf2d1cd4,더슈,신발,부평깡통시장(구 부산부평시장),전통시장,부산광역시,,,
85c3aea85a54385b9cb8,full_annotation_v1,A,q_신발_06,신발 사는 데,패션·잡화 중 '신발'을 판매·제공하는 매장,train,신발,T4 구어·문장,009625c0-f3cf-4a0d-9399-0a8d6176c553,예프,구두,신부유람단골목형상점가,골목형상점가,충청남도,,,
84ef272a59bf0d571f9a,full_annotation_v1,A,q_신발_06,신발 사는 데,패션·잡화 중 '신발'을 판매·제공하는 매장,train,신발,T4 구어·문장,e5b96451-ad36-462c-9ad6-2fdfaa6d548d,신발나라,신발,자양15번가골목형상점가,골목형상점가,서울특별시,,,
cc253ab7179c585151a3,full_annotation_v1,A,q_신발_06,신발 사는 데,패션·잡화 중 '신발'을 판매·제공하는 매장,train,신발,T4 구어·문장,7a9f59b9-88bb-4012-b64c-585c5aa13b6a,도매신발,신발,천안중앙시장,전통시장,충청남도,,,
b5db1f350820aa872394,full_annotation_v1,A,q_신발_06,신발 사는 데,패션·잡화 중 '신발'을 판매·제공하는 매장,train,신발,T4 구어·문장,411370d9-8a5b-427d-bee0-e3653ecb824b,알림,신발,남포지하도상가,일반지하상점가,부산광역시,,,
48bf9801c869a070e668,full_annotation_v1,A,q_신발_06,신발 사는 데,패션·잡화 중 '신발'을 판매·제공하는 매장,train,신발,T4 구어·문장,282b0e8b-051c-49f9-a707-b982df803589,까라벨라 데 오르,스파게티,동명동 카페거리 골목형상점가,골목형상점가,광주광역시,,,
ea9d2ef75bd112dcfaf4,full_annotation_v1,A,q_신발_06,신발 사는 데,패션·잡화 중 '신발'을 판매·제공하는 매장,train,신발,T4 구어·문장,fffa84e1-80e8-4a7a-93d9-dfaa6ce9036d,유신상회,신발,진보전통시장,전통시장,경상북도,,,
511e164b9232e53853bc,full_annotation_v1,A,q_신발_06,신발 사는 데,패션·잡화 중 '신발'을 판매·제공하는 매장,train,신발,T4 구어·문장,edd4eb20-3728-4d2f-b3b7-19f6df9ca311,현이네야채,야채,중앙로상점가,자율상권구역,제주특별자치도,,,
07e7e8fac1e5a049e1ea,full_annotation_v1,A,q_신발_06,신발 사는 데,패션·잡화 중 '신발'을 판매·제공하는 매장,train,신발,T4 구어·문장,3b8fbf7e-c6a0-4b9b-a05d-4d695e96190c,과일꾸러미,과일,화정소담상인회 골목형상점가,골목형상점가,광주광역시,,,
e6ad26d7144c0d5074a4,full_annotation_v1,A,q_신발_06,신발 사는 데,패션·잡화 중 '신발'을 판매·제공하는 매장,train,신발,T4 구어·문장,54e3afbc-0bfc-4f65-b87f-f201e9fab6e7,남선 카 서비스,자동차수리,대인제봉 골목형상점가,골목형상점가,광주광역시,,,
644718b89692e03f9f15,full_annotation_v1,A,q_신발_06,신발 사는 데,패션·잡화 중 '신발'을 판매·제공하는 매장,train,신발,T4 구어·문장,0a9d199e-da1a-4582-9aff-13ff074e77c7,신발,신발,관저동 먹거리 골목형상점가,골목형상점가,대전광역시,,,
673243e5ffc536aa943a,full_annotation_v1,A,q_신발_06,신발 사는 데,패션·잡화 중 '신발'을 판매·제공하는 매장,train,신발,T4 구어·문장,293dffb1-090d-4a9d-b6f1-94c9248308fd,신발나라,신발,김해 장유전통시장,전통시장,경상남도,,,
75e33b34c6d4b392f972,full_annotation_v1,A,q_신발_06,신발 사는 데,패션·잡화 중 '신발'을 판매·제공하는 매장,train,신발,T4 구어·문장,36ef7c2c-f43d-45c8-b5e1-03a0ab2bb6fb,슈올즈,신발,문정동로데오상점가,자율상권구역,서울특별시,,,
003a8c186bf2fc36ac81,full_annotation_v1,A,q_신발_06,신발 사는 데,패션·잡화 중 '신발'을 판매·제공하는 매장,train,신발,T4 구어·문장,2f34fbb8-296e-4b60-a613-a47e38bbeb54,새나라종합수산,수산,칠성시장,전통시장,대구광역시,,,
ec362b48adad3892e2ec,full_annotation_v1,A,q_신발_06,신발 사는 데,패션·잡화 중 '신발'을 판매·제공하는 매장,train,신발,T4 구어·문장,02d56330-075a-487a-8609-27a29254cd97,마당발,신발,후암시장,전통시장,서울특별시,,,
0479047ecb5a5348168b,full_annotation_v1,A,q_신발_06,신발 사는 데,패션·잡화 중 '신발'을 판매·제공하는 매장,train,신발,T4 구어·문장,9d710b4d-26ba-4af7-b20c-335553fb14e8,이재네 신발,신발,주안시민지하도상점가,일반지하상점가,인천광역시,,,
13a09f209f3944b467fb,full_annotation_v1,A,q_신발_06,신발 사는 데,패션·잡화 중 '신발'을 판매·제공하는 매장,train,신발,T4 구어·문장,5e299312-c882-43d3-8f1f-966acc041e3e,달탐 쌍촌점,"아이스크림, 과자, 음료",상무1동아파트상인회 골목형상점가,골목형상점가,광주광역시,,,
afedce2c1ff28cb78183,full_annotation_v1,A,q_신발_06,신발 사는 데,패션·잡화 중 '신발'을 판매·제공하는 매장,train,신발,T4 구어·문장,a4fc01e6-75db-4daa-b679-de3a37bbcf02,신발마트,신발,신전시장(염포시장),전통시장,울산광역시,,,
423f363442db40b977c2,full_annotation_v1,A,q_신발_06,신발 사는 데,패션·잡화 중 '신발'을 판매·제공하는 매장,train,신발,T4 구어·문장,000e2f0b-a1ef-481a-8308-ef582af4ea73,장미신발,신발,구역전시장,전통시장,울산광역시,,,
74641939dda9d6393083,full_annotation_v1,A,q_신발_06,신발 사는 데,패션·잡화 중 '신발'을 판매·제공하는 매장,train,신발,T4 구어·문장,d0811618-c35a-4a9e-b0ba-5974f95ed44d,신발나라,신발,논산화지중앙시장,전통시장,충청남도,,,
1597cea1e7e4e9c3da89,full_annotation_v1,A,q_신발_06,신발 사는 데,패션·잡화 중 '신발'을 판매·제공하는 매장,train,신발,T4 구어·문장,613d820a-3c9a-49f3-9246-7980d075c3a6,소망신발,신발,상계중앙시장,전통시장,서울특별시,,,
aee0d0b6d1caf1776eff,full_annotation_v1,A,q_신발_06,신발 사는 데,패션·잡화 중 '신발'을 판매·제공하는 매장,train,신발,T4 구어·문장,fd010701-f6e5-4a20-a00a-06366e96730f,신밧따,신발,사직시장,전통시장,부산광역시,,,
0a38fc1b1d0a0fbc9519,full_annotation_v1,A,q_신발_06,신발 사는 데,패션·잡화 중 '신발'을 판매·제공하는 매장,train,신발,T4 구어·문장,98cccd71-0982-4c23-8620-ad15e403c306,여신,신발,중앙로 지하상가 상점가,일반지하상점가,대전광역시,,,
61baaca2f1f7dce66732,full_annotation_v1,A,q_신발_06,신발 사는 데,패션·잡화 중 '신발'을 판매·제공하는 매장,train,신발,T4 구어·문장,b81b7669-8983-4044-9368-266b22d589ad,가든신발,신발,동문시장,전통시장,서울특별시,,,
fc5be9c285b879e6a77d,full_annotation_v1,A,q_신발_06,신발 사는 데,패션·잡화 중 '신발'을 판매·제공하는 매장,train,신발,T4 구어·문장,93e5aded-fb8b-4e3a-86c7-9b545d9c03da,정든신발,신발,대신시장,전통시장,서울특별시,,,
a2e73db7e0aaf5d568af,full_annotation_v1,A,q_신발_06,신발 사는 데,패션·잡화 중 '신발'을 판매·제공하는 매장,train,신발,T4 구어·문장,02851047-7760-4cdb-b811-74f6dff245bd,에덴의상실,수선,돈암시장,전통시장,서울특별시,,,
f9316124f58bd2cceebd,full_annotation_v1,A,q_신발_06,신발 사는 데,패션·잡화 중 '신발'을 판매·제공하는 매장,train,신발,T4 구어·문장,a96839a4-fd3e-43a6-b93b-b1b1454bf749,신발나라,신발,돌곶이시장,전통시장,서울특별시,,,
90f6890b4494caca6d13,full_annotation_v1,A,q_신발_06,신발 사는 데,패션·잡화 중 '신발'을 판매·제공하는 매장,train,신발,T4 구어·문장,9ff7c2fe-eff4-4055-8b41-9e7f0fff69fb,슈,신발,이천중앙로상가,자율상권구역,경기도,,,
9e7dfef8ef3de679e507,full_annotation_v1,A,q_신발_06,신발 사는 데,패션·잡화 중 '신발'을 판매·제공하는 매장,train,신발,T4 구어·문장,5650208c-f39a-4335-a529-bc240f72e218,신발 나라,신발,흑석시장골목형상점가,골목형상점가,서울특별시,,,
11677fca09b8249f19e4,full_annotation_v1,A,q_신발_06,신발 사는 데,패션·잡화 중 '신발'을 판매·제공하는 매장,train,신발,T4 구어·문장,ac3e368d-3764-4790-ac03-64c0f7dadd30,옥색신,신발,관악신사시장,전통시장,서울특별시,,,
5f92c3954658ce95d990,full_annotation_v1,A,q_신발_06,신발 사는 데,패션·잡화 중 '신발'을 판매·제공하는 매장,train,신발,T4 구어·문장,d1a9c9fd-fb1c-4d94-ae8c-3bffbf740c92,조공신발,신발,조공시장,전통시장,경기도,,,
6312a86f52a50f98f9d5,full_annotation_v1,A,q_신발_06,신발 사는 데,패션·잡화 중 '신발'을 판매·제공하는 매장,train,신발,T4 구어·문장,fb423892-c417-4475-b0b0-049ab9a12800,다올슈즈,신발,여수서시장주변시장,전통시장,,,,
5dad634f3fb16d357729,full_annotation_v1,A,q_신발_06,신발 사는 데,패션·잡화 중 '신발'을 판매·제공하는 매장,train,신발,T4 구어·문장,6782a82f-0397-496e-bcf7-68a797023cac,고향의 신발,신발,계림중앙필문로 골목형상점가,골목형상점가,광주광역시,,,
a975c764f64ebe5a6eeb,full_annotation_v1,A,q_신발_06,신발 사는 데,패션·잡화 중 '신발'을 판매·제공하는 매장,train,신발,T4 구어·문장,8c72de43-484d-48d6-9f62-41b911c030b3,베네슈대치점,신발,은마종합상점가,자율상권구역,서울특별시,,,
4077222d07d0440fea0e,full_annotation_v1,A,q_신발_06,신발 사는 데,패션·잡화 중 '신발'을 판매·제공하는 매장,train,신발,T4 구어·문장,f7224a4e-c59f-4a88-9d8e-6add76959c12,크록스산본점,신발,산본로데오거리(구 산본중심상가),자율상권구역,경기도,,,
9f43798d3d99cd037d59,full_annotation_v1,A,q_신발_06,신발 사는 데,패션·잡화 중 '신발'을 판매·제공하는 매장,train,신발,T4 구어·문장,c8cefc9e-7e27-4bf7-b68f-434fd48b844a,신발나라,신발,역전시장,전통시장,충청남도,,,
c550b1cb2af57be7260e,full_annotation_v1,A,q_신발_06,신발 사는 데,패션·잡화 중 '신발'을 판매·제공하는 매장,train,신발,T4 구어·문장,2f40598d-4e32-49d2-bd34-3e727026f03c,영흥고무,신발,양동복개상가,전통시장,,,,
7120de21f18daae0ca7b,full_annotation_v1,A,q_신발_06,신발 사는 데,패션·잡화 중 '신발'을 판매·제공하는 매장,train,신발,T4 구어·문장,042c8dcd-60d2-4f8e-b7c4-4c125b018685,슈올즈,신발,위드수암 골목형상점가,골목형상점가,울산광역시,,,
759c51f11898e4a90b69,full_annotation_v1,A,q_신발_06,신발 사는 데,패션·잡화 중 '신발'을 판매·제공하는 매장,train,신발,T4 구어·문장,0f81d36e-a320-498e-8cd9-9f29bedb7ef2,신발나라,신발,새동인천지하상가,일반지하상점가,인천광역시,,,
d4b331dac74a818db066,full_annotation_v1,A,q_신발_06,신발 사는 데,패션·잡화 중 '신발'을 판매·제공하는 매장,train,신발,T4 구어·문장,3af66a5e-6493-469f-9240-43c4bad15585,명성신발,신발,비아중앙로 골목형상점가,골목형상점가,광주광역시,,,
45b4657c59cfedd45881,full_annotation_v1,A,q_신발_06,신발 사는 데,패션·잡화 중 '신발'을 판매·제공하는 매장,train,신발,T4 구어·문장,6e18a2a4-f1cf-4efa-b5fe-5b484a9fdb98,신신꼬,신발,중곡제일골목시장(중곡제일전통시장),전통시장,서울특별시,,,
602b1770e24fc503440e,full_annotation_v1,A,q_신발_06,신발 사는 데,패션·잡화 중 '신발'을 판매·제공하는 매장,train,신발,T4 구어·문장,00124602-ef4e-472c-91ee-de53b28d7530,화이트,의류,울산번개시장,전통시장,울산광역시,,,
fd82132c658085d4650a,full_annotation_v1,A,q_신발_06,신발 사는 데,패션·잡화 중 '신발'을 판매·제공하는 매장,train,신발,T4 구어·문장,8c8c1d78-e52a-4bdf-bb11-507eeea86ce2,사뿐이,신발,김해 외동전통시장,전통시장,경상남도,,,
13b6c3ef3985cc8e3388,full_annotation_v1,A,q_신발_06,신발 사는 데,패션·잡화 중 '신발'을 판매·제공하는 매장,train,신발,T4 구어·문장,2e7723d1-f905-43e1-aad1-a5b8ee00a8f0,포항신발,신발,남부시장,전통시장,경상북도,,,
5c484d801dc97ce3a3e8,full_annotation_v1,A,q_신발_06,신발 사는 데,패션·잡화 중 '신발'을 판매·제공하는 매장,train,신발,T4 구어·문장,00158f51-4d3a-4ac0-9e38-b37552f5e097,지지배,의류,나주금빛상점가,자율상권구역,전라남도,,,
2fb21ccc381aa7367237,full_annotation_v1,A,q_신발_06,신발 사는 데,패션·잡화 중 '신발'을 판매·제공하는 매장,train,신발,T4 구어·문장,961f3ef3-6ed6-41ab-9fce-cab3e633b06b,역곡신발,신발,역곡상상시장(구 역곡북부시장),전통시장,경기도,,,
8cb163e7b507ba09abc3,full_annotation_v1,A,q_신발_06,신발 사는 데,패션·잡화 중 '신발'을 판매·제공하는 매장,train,신발,T4 구어·문장,00242042-f371-486a-a1fc-b85de093edbf,슈올즈 이천점,"신발, 잡화",장터거리시장 골목형상점가,골목형상점가,경기도,,,
473cb055f1105ee7389b,full_annotation_v1,A,q_신발_06,신발 사는 데,패션·잡화 중 '신발'을 판매·제공하는 매장,train,신발,T4 구어·문장,b9160831-98ca-472d-8051-45f0c4c91df8,고기이야기(금호점),한식,금부로상인회 골목형상점가,골목형상점가,광주광역시,,,
ecc5a901e5f724bd3987,full_annotation_v1,A,q_신발_06,신발 사는 데,패션·잡화 중 '신발'을 판매·제공하는 매장,train,신발,T4 구어·문장,b21cd87a-0bfe-46c7-8fd5-fc2bf103d554,신발나라,신발,서면지하도상가 부전몰,일반지하상점가,부산광역시,,,
0f131d2c15a560e1f89b,full_annotation_v1,A,q_신발_06,신발 사는 데,패션·잡화 중 '신발'을 판매·제공하는 매장,train,신발,T4 구어·문장,7aaab353-043b-4496-8ca8-80d928b239e3,삼성신발,신발,오정동상점가,자율상권구역,대전광역시,,,
f1721d9d386df8f2cc24,full_annotation_v1,A,q_신발_06,신발 사는 데,패션·잡화 중 '신발'을 판매·제공하는 매장,train,신발,T4 구어·문장,579d08e7-ec81-42d9-b08b-253696d6e195,보너,신발,오치서산초 골목형상점가,골목형상점가,광주광역시,,,
6981eaf5631eeba0d76b,full_annotation_v1,A,q_신발_06,신발 사는 데,패션·잡화 중 '신발'을 판매·제공하는 매장,train,신발,T4 구어·문장,678d6c53-037b-4fd1-b2f3-6d6dd53176cc,신신꼬,신발,새동인천지하상가,일반지하상점가,인천광역시,,,
234021b0eb648a4c8b5a,full_annotation_v1,A,q_신발_06,신발 사는 데,패션·잡화 중 '신발'을 판매·제공하는 매장,train,신발,T4 구어·문장,03b7163b-3c55-4d15-8019-a6485ca7cfdb,카사노바제화,구두,창원 명서시장,전통시장,경상남도,,,
ba6c83691bb025605be1,full_annotation_v1,A,q_신발_06,신발 사는 데,패션·잡화 중 '신발'을 판매·제공하는 매장,train,신발,T4 구어·문장,c045200f-a2d3-44fc-a8b0-bcf81d0037a2,신발나라,신발,부평종합시장,전통시장,인천광역시,,,
044775b903a9fc207c05,full_annotation_v1,A,q_신발_06,신발 사는 데,패션·잡화 중 '신발'을 판매·제공하는 매장,train,신발,T4 구어·문장,3386ebc1-b98a-42a6-a8f6-be3f1d56ae5a,신발나라,신발,여수서시장주변시장,전통시장,전라남도,,,
b4e7de83a94f07ed00bc,full_annotation_v1,A,q_신발_06,신발 사는 데,패션·잡화 중 '신발'을 판매·제공하는 매장,train,신발,T4 구어·문장,2dad5520-27d1-4996-8f43-22e64628f771,신발나라,신발,청양전통시장(구 청양상설시장),전통시장,충청남도,,,
713d66a2cbd3448ed55d,full_annotation_v1,A,q_신발_06,신발 사는 데,패션·잡화 중 '신발'을 판매·제공하는 매장,train,신발,T4 구어·문장,fbbb80af-2f6e-4926-9470-914444be5c04,슈올즈,신발,제2경주중심상가시장(경주봉황중심상가시장),전통시장,경상북도,,,
605c2ac6e73db19749da,full_annotation_v1,A,q_신발_06,신발 사는 데,패션·잡화 중 '신발'을 판매·제공하는 매장,train,신발,T4 구어·문장,c469b1a6-6f58-49a4-86d6-6c86164f8365,시느바신발,신발,하단오일상설시장,전통시장,부산광역시,,,
b5127ed50feb71803b92,full_annotation_v1,A,q_신발_06,신발 사는 데,패션·잡화 중 '신발'을 판매·제공하는 매장,train,신발,T4 구어·문장,58514664-4012-42fb-a9ed-fff1eed19fc9,싸스,신발,남대문시장,전통시장,서울특별시,,,
b235ceb68095c0115378,full_annotation_v1,A,q_신발_06,신발 사는 데,패션·잡화 중 '신발'을 판매·제공하는 매장,train,신발,T4 구어·문장,0fc38db8-6b70-4f57-bccc-19fdf12722f4,루루,신발,청계6가 지하쇼핑센터,일반지하상점가,서울특별시,,,
75568d6bdbef8df19481,full_annotation_v1,A,q_신발_06,신발 사는 데,패션·잡화 중 '신발'을 판매·제공하는 매장,train,신발,T4 구어·문장,9f7d74b8-3250-4e99-90ff-692d1ad30be8,샤론신발,신발,거제 장평종합시장,전통시장,경상남도,,,
f342eb63bf359e6f65fa,full_annotation_v1,A,q_신발_06,신발 사는 데,패션·잡화 중 '신발'을 판매·제공하는 매장,train,신발,T4 구어·문장,16beed2f-1005-42d6-a25a-e6a301b6ef7f,찬스앤타임슈즈,신발,김제중앙시장,전통시장,전북특별자치도,,,
dfb4ad09aa9811280c79,full_annotation_v1,A,q_신발_06,신발 사는 데,패션·잡화 중 '신발'을 판매·제공하는 매장,train,신발,T4 구어·문장,06086d9d-f406-4f0e-a974-49ce84d9fbd4,검정고무신,신발,수암상가시장,전통시장,울산광역시,,,
ece8c1f65153cb47bcc5,full_annotation_v1,A,q_신발_06,신발 사는 데,패션·잡화 중 '신발'을 판매·제공하는 매장,train,신발,T4 구어·문장,f81afe64-8551-4c59-a4fd-9c9d1b6abdbb,방앗간,신발,고투몰(강남터미널지하도상점가),일반지하상점가,서울특별시,,,
99f375c177e9a6d36a4b,full_annotation_v1,A,q_신발_06,신발 사는 데,패션·잡화 중 '신발'을 판매·제공하는 매장,train,신발,T4 구어·문장,4bebc7b0-5495-41ef-b128-94ce82a3ab03,삼성OA가구,가구,천안삼거리 가구단지 상점가,자율상권구역,충청남도,,,
c5257b897bdd26b32ebe,full_annotation_v1,A,q_신발_06,신발 사는 데,패션·잡화 중 '신발'을 판매·제공하는 매장,train,신발,T4 구어·문장,b1ac0817-dc70-49a2-8cf8-4009ebe0878d,반월당신발,신발,메트로프라자,일반지하상점가,대구광역시,,,
5691a9ebd5680ac752a4,full_annotation_v1,A,q_신발_06,신발 사는 데,패션·잡화 중 '신발'을 판매·제공하는 매장,train,신발,T4 구어·문장,f98c220c-0bc4-4f96-a2b5-8d0f43ff290b,반석신발,신발,제주시민속오일시장,전통시장,제주특별자치도,,,
3b619f7322d424c6101d,full_annotation_v1,A,q_신발_06,신발 사는 데,패션·잡화 중 '신발'을 판매·제공하는 매장,train,신발,T4 구어·문장,7ba81183-c297-49f5-a67f-7256269fc8e7,동서가구,가구소매업,천안삼거리 가구단지 상점가,자율상권구역,충청남도,,,
cb374af4ae60c61f4f8a,full_annotation_v1,A,q_신발_06,신발 사는 데,패션·잡화 중 '신발'을 판매·제공하는 매장,train,신발,T4 구어·문장,fd1ab21b-0de7-430e-afa5-5500419b8dad,숭인신발,신발,숭인시장,전통시장,서울특별시,,,
54d6c028f789b59b4a98,full_annotation_v1,A,q_신발_06,신발 사는 데,패션·잡화 중 '신발'을 판매·제공하는 매장,train,신발,T4 구어·문장,20b52dd6-3bb4-446e-b489-adbc6933540c,신발나라,신발,정이있는 구포시장,전통시장,부산광역시,,,
959ed8beee464f6178e5,full_annotation_v1,A,q_신발_06,신발 사는 데,패션·잡화 중 '신발'을 판매·제공하는 매장,train,신발,T4 구어·문장,ab4cba54-3529-49e7-ae7a-1024d311be63,신발나라,신발,구례상설시장,전통시장,전라남도,,,
ad7088757208410445b3,full_annotation_v1,A,q_신발_06,신발 사는 데,패션·잡화 중 '신발'을 판매·제공하는 매장,train,신발,T4 구어·문장,1f68b51f-037a-45f8-90b1-fcffd02c81bb,신발나라,신발,계양산전통시장,전통시장,인천광역시,,,
b5a480b5567a73c2f133,full_annotation_v1,A,q_신발_06,신발 사는 데,패션·잡화 중 '신발'을 판매·제공하는 매장,train,신발,T4 구어·문장,1b61b4b4-d234-4237-bb12-4521037b0b9f,강릉신발,신발,원주자유시장,전통시장,강원특별자치도,,,
c00c747585206bcd3683,full_annotation_v1,A,q_신발_06,신발 사는 데,패션·잡화 중 '신발'을 판매·제공하는 매장,train,신발,T4 구어·문장,736d2653-a0aa-4a25-a707-4aadd73bbb4c,쌈지,신발,군산나운상가 골목형상점가,골목형상점가,전북특별자치도,,,
06cbf885066e54d30aa4,full_annotation_v1,A,q_신발_07,신발 파는 곳,패션·잡화 중 '신발'을 판매·제공하는 매장,train,신발,T4 구어·문장,a1e28a7e-c570-4f2b-ab27-95a9a03bb0e3,혜화동 돈까스 극장,양식,안성명동거리 골목형상점가,골목형상점가,경기도,,,
5f73d1e23f04f7fb4009,full_annotation_v1,A,q_신발_07,신발 파는 곳,패션·잡화 중 '신발'을 판매·제공하는 매장,train,신발,T4 구어·문장,24456103-f6b8-46af-8655-82e61d7265d8,커피가 머무르는 곳,커피,반드레길골목형상점가,골목형상점가,서울특별시,,,
c88dc9663ff19e159e6e,full_annotation_v1,A,q_신발_07,신발 파는 곳,패션·잡화 중 '신발'을 판매·제공하는 매장,train,신발,T4 구어·문장,0b466db8-6399-4c2d-86c0-960a480ca210,신발나라,신발,남대문시장,전통시장,서울특별시,,,
00811dd4a3feabb773a9,full_annotation_v1,A,q_신발_07,신발 파는 곳,패션·잡화 중 '신발'을 판매·제공하는 매장,train,신발,T4 구어·문장,5650208c-f39a-4335-a529-bc240f72e218,신발 나라,신발,흑석시장골목형상점가,골목형상점가,서울특별시,,,
5ee9ff7f5a04e2f96a27,full_annotation_v1,A,q_신발_07,신발 파는 곳,패션·잡화 중 '신발'을 판매·제공하는 매장,train,신발,T4 구어·문장,c07b6503-af33-42ca-8d00-ff045d551982,남지신발,신발,창녕 남지시장,전통시장,경상남도,,,
645572524edef71d094f,full_annotation_v1,A,q_신발_07,신발 파는 곳,패션·잡화 중 '신발'을 판매·제공하는 매장,train,신발,T4 구어·문장,042c8dcd-60d2-4f8e-b7c4-4c125b018685,슈올즈,신발,위드수암 골목형상점가,골목형상점가,울산광역시,,,
59b62e28383238d622e2,full_annotation_v1,A,q_신발_07,신발 파는 곳,패션·잡화 중 '신발'을 판매·제공하는 매장,train,신발,T4 구어·문장,03b7163b-3c55-4d15-8019-a6485ca7cfdb,카사노바제화,구두,창원 명서시장,전통시장,경상남도,,,
2ee56aa5f0caccc3a5c7,full_annotation_v1,A,q_신발_07,신발 파는 곳,패션·잡화 중 '신발'을 판매·제공하는 매장,train,신발,T4 구어·문장,1051e754-75df-4019-bc87-4907b0c80feb,신발나라,신발,만리시장,전통시장,서울특별시,,,
161ce0b9e48bb1d4b198,full_annotation_v1,A,q_신발_07,신발 파는 곳,패션·잡화 중 '신발'을 판매·제공하는 매장,train,신발,T4 구어·문장,8c09cac3-57f1-4a4a-b315-c9c8cb962981,즈려밟고,신발,충주자유시장,전통시장,충청북도,,,
9e31d896d772e5622571,full_annotation_v1,A,q_신발_07,신발 파는 곳,패션·잡화 중 '신발'을 판매·제공하는 매장,train,신발,T4 구어·문장,fd010701-f6e5-4a20-a00a-06366e96730f,신밧따,신발,사직시장,전통시장,부산광역시,,,
a5a136ab48e75e41900e,full_annotation_v1,A,q_신발_07,신발 파는 곳,패션·잡화 중 '신발'을 판매·제공하는 매장,train,신발,T4 구어·문장,0a9d199e-da1a-4582-9aff-13ff074e77c7,신발,신발,관저동 먹거리 골목형상점가,골목형상점가,대전광역시,,,
d2626f214ab58012bf8b,full_annotation_v1,A,q_신발_07,신발 파는 곳,패션·잡화 중 '신발'을 판매·제공하는 매장,train,신발,T4 구어·문장,8c72de43-484d-48d6-9f62-41b911c030b3,베네슈대치점,신발,은마종합상점가,자율상권구역,서울특별시,,,
f9d34d18f3789702fcee,full_annotation_v1,A,q_신발_07,신발 파는 곳,패션·잡화 중 '신발'을 판매·제공하는 매장,train,신발,T4 구어·문장,34fab661-2484-4628-8662-c125c2763cb9,커피정원,커피,"일곡동(제7지역:대림1,현대2,진로,대우,한일)",골목형상점가,광주광역시,,,
e673e5b846720dc08207,full_annotation_v1,A,q_신발_07,신발 파는 곳,패션·잡화 중 '신발'을 판매·제공하는 매장,train,신발,T4 구어·문장,b13d39e3-0adb-49f4-aac5-b45c8f92c489,부산신발,신발,부산진시장,전통시장,부산광역시,,,
aa91ac86e3b957a366db,full_annotation_v1,A,q_신발_07,신발 파는 곳,패션·잡화 중 '신발'을 판매·제공하는 매장,train,신발,T4 구어·문장,d1228f97-8dd5-476c-b9e7-3a035b02fa0e,백경수산건어물,수산물,신매시장,전통시장,대구광역시,,,
24a9df1f84b7b2e5b01d,full_annotation_v1,A,q_신발_07,신발 파는 곳,패션·잡화 중 '신발'을 판매·제공하는 매장,train,신발,T4 구어·문장,821ba0fe-d328-4cd9-972c-66de5a81155d,슈마커플러스원주점,신발,원주중앙시장활성화구역,상권활성화구역,강원특별자치도,,,
faee4ff42b8f708a4b9f,full_annotation_v1,A,q_신발_07,신발 파는 곳,패션·잡화 중 '신발'을 판매·제공하는 매장,train,신발,T4 구어·문장,d2aebcbf-2cb3-42a7-ae12-764a604f13e3,나르지오울산점,신발,신정중앙 골목형상점가,골목형상점가,울산광역시,,,
76a029d7c267ba947142,full_annotation_v1,A,q_신발_07,신발 파는 곳,패션·잡화 중 '신발'을 판매·제공하는 매장,train,신발,T4 구어·문장,00158f51-4d3a-4ac0-9e38-b37552f5e097,지지배,의류,나주금빛상점가,자율상권구역,전라남도,,,
4e4f703a1074bea4c20b,full_annotation_v1,A,q_신발_07,신발 파는 곳,패션·잡화 중 '신발'을 판매·제공하는 매장,train,신발,T4 구어·문장,76cc78f7-0b47-46d6-9475-c8381d1e9af7,워,신발,안중시장,전통시장,경기도,,,
6e4fbfcf59cf5746a284,full_annotation_v1,A,q_신발_07,신발 파는 곳,패션·잡화 중 '신발'을 판매·제공하는 매장,train,신발,T4 구어·문장,8cfc7a63-ba96-4a29-8a4d-0ca814d3e5bb,대영신발,신발,정서진중앙시장(구 서구중앙시장),전통시장,인천광역시,,,
f3cf9c7ec0ae78402414,full_annotation_v1,A,q_신발_07,신발 파는 곳,패션·잡화 중 '신발'을 판매·제공하는 매장,train,신발,T4 구어·문장,c8cefc9e-7e27-4bf7-b68f-434fd48b844a,신발나라,신발,역전시장,전통시장,충청남도,,,
e1be4d2df82c17b67d38,full_annotation_v1,A,q_신발_07,신발 파는 곳,패션·잡화 중 '신발'을 판매·제공하는 매장,train,신발,T4 구어·문장,c9ee12c5-beab-45b2-8a77-d8edc7451d7a,신발나라,신발,문흥2동 골목형상점가,골목형상점가,광주광역시,,,
84eda966e1aa0f10e31c,full_annotation_v1,A,q_신발_07,신발 파는 곳,패션·잡화 중 '신발'을 판매·제공하는 매장,train,신발,T4 구어·문장,61287ca4-e962-44c7-b3ac-92d1cce6ac45,"네일, 그리고",네일,매봉 골목형상점가,골목형상점가,광주광역시,,,
d4fc742351836f1498e8,full_annotation_v1,A,q_신발_07,신발 파는 곳,패션·잡화 중 '신발'을 판매·제공하는 매장,train,신발,T4 구어·문장,b21cd87a-0bfe-46c7-8fd5-fc2bf103d554,신발나라,신발,서면지하도상가 부전몰,일반지하상점가,부산광역시,,,
f3823066446d93e59dde,full_annotation_v1,A,q_신발_07,신발 파는 곳,패션·잡화 중 '신발'을 판매·제공하는 매장,train,신발,T4 구어·문장,9cd73ef3-ca9c-4815-9b1e-aadd62213ca1,신발,신발,충주무학시장,전통시장,충청북도,,,
09189e0f4530dbc53690,full_annotation_v1,A,q_신발_07,신발 파는 곳,패션·잡화 중 '신발'을 판매·제공하는 매장,train,신발,T4 구어·문장,fd1ab21b-0de7-430e-afa5-5500419b8dad,숭인신발,신발,숭인시장,전통시장,서울특별시,,,
424a4b1b13f4f1c5d1a9,full_annotation_v1,A,q_신발_07,신발 파는 곳,패션·잡화 중 '신발'을 판매·제공하는 매장,train,신발,T4 구어·문장,411370d9-8a5b-427d-bee0-e3653ecb824b,알림,신발,남포지하도상가,일반지하상점가,부산광역시,,,
11c45f69ca17fd9cc21c,full_annotation_v1,A,q_신발_07,신발 파는 곳,패션·잡화 중 '신발'을 판매·제공하는 매장,train,신발,T4 구어·문장,8b286dd7-74e8-4ac7-99a8-f4a071cdcb2e,신꼬벗꼬,신발,제천중앙시장,전통시장,충청북도,,,
19d7e57538f51dd8dc27,full_annotation_v1,A,q_신발_07,신발 파는 곳,패션·잡화 중 '신발'을 판매·제공하는 매장,train,신발,T4 구어·문장,e5b96451-ad36-462c-9ad6-2fdfaa6d548d,신발나라,신발,자양15번가골목형상점가,골목형상점가,서울특별시,,,
bb9770d204cca972346d,full_annotation_v1,A,q_신발_07,신발 파는 곳,패션·잡화 중 '신발'을 판매·제공하는 매장,train,신발,T4 구어·문장,7a9f59b9-88bb-4012-b64c-585c5aa13b6a,도매신발,신발,천안중앙시장,전통시장,충청남도,,,
06e0d224870860489e8c,full_annotation_v1,A,q_신발_07,신발 파는 곳,패션·잡화 중 '신발'을 판매·제공하는 매장,train,신발,T4 구어·문장,20b52dd6-3bb4-446e-b489-adbc6933540c,신발나라,신발,정이있는 구포시장,전통시장,부산광역시,,,
2b601cda81f20ce7e28e,full_annotation_v1,A,q_신발_07,신발 파는 곳,패션·잡화 중 '신발'을 판매·제공하는 매장,train,신발,T4 구어·문장,009625c0-f3cf-4a0d-9399-0a8d6176c553,예프,구두,신부유람단골목형상점가,골목형상점가,충청남도,,,
5d29d897ae871c1fc1c2,full_annotation_v1,A,q_신발_07,신발 파는 곳,패션·잡화 중 '신발'을 판매·제공하는 매장,train,신발,T4 구어·문장,f81afe64-8551-4c59-a4fd-9c9d1b6abdbb,방앗간,신발,고투몰(강남터미널지하도상점가),일반지하상점가,서울특별시,,,
05c1cd256923909912e5,full_annotation_v1,A,q_신발_07,신발 파는 곳,패션·잡화 중 '신발'을 판매·제공하는 매장,train,신발,T4 구어·문장,293dffb1-090d-4a9d-b6f1-94c9248308fd,신발나라,신발,김해 장유전통시장,전통시장,경상남도,,,
782084ecc330cd43aec3,full_annotation_v1,A,q_신발_07,신발 파는 곳,패션·잡화 중 '신발'을 판매·제공하는 매장,train,신발,T4 구어·문장,000fae5b-8595-4041-94fa-5527454e648c,신발나라,신발,호계랑 골목형상점가,골목형상점가,울산광역시,,,
ae94ec811f25fde72728,full_annotation_v1,A,q_신발_07,신발 파는 곳,패션·잡화 중 '신발'을 판매·제공하는 매장,train,신발,T4 구어·문장,29392358-4cb7-43be-aaed-e30a7c476b2a,전북신발백화점,신발,익산구시장,전통시장,전북특별자치도,,,
30aecbc56013b240080f,full_annotation_v1,A,q_신발_07,신발 파는 곳,패션·잡화 중 '신발'을 판매·제공하는 매장,train,신발,T4 구어·문장,3ed2fb56-5e77-4d1d-a6a3-954c8b9d00ee,남목신발,신발,다시남목 골목형상점가,골목형상점가,울산광역시,,,
f258c32b1556041910e7,full_annotation_v1,A,q_신발_07,신발 파는 곳,패션·잡화 중 '신발'을 판매·제공하는 매장,train,신발,T4 구어·문장,c4f7a025-a73f-4ba8-a506-0f8fbf2d1cd4,더슈,신발,부평깡통시장(구 부산부평시장),전통시장,부산광역시,,,
a582e330069ebe1e3b94,full_annotation_v1,A,q_신발_07,신발 파는 곳,패션·잡화 중 '신발'을 판매·제공하는 매장,train,신발,T4 구어·문장,fbbb80af-2f6e-4926-9470-914444be5c04,슈올즈,신발,제2경주중심상가시장(경주봉황중심상가시장),전통시장,경상북도,,,
243c050d404d017c4ceb,full_annotation_v1,A,q_신발_07,신발 파는 곳,패션·잡화 중 '신발'을 판매·제공하는 매장,train,신발,T4 구어·문장,1f68b51f-037a-45f8-90b1-fcffd02c81bb,신발나라,신발,계양산전통시장,전통시장,인천광역시,,,
79ec7acce745306a51d0,full_annotation_v1,A,q_신발_07,신발 파는 곳,패션·잡화 중 '신발'을 판매·제공하는 매장,train,신발,T4 구어·문장,906f680a-26b9-49ce-842c-15f05936f08d,쉼,화장품,상암마을상인회 골목형상점가,골목형상점가,광주광역시,,,
a9f902e5d1cfe9a6e86c,full_annotation_v1,A,q_신발_07,신발 파는 곳,패션·잡화 중 '신발'을 판매·제공하는 매장,train,신발,T4 구어·문장,1e045bd0-2557-476f-9403-96d24dcf186a,효자신발백화점,신발,서부시장상점가(서부시장 통합),전통시장,전북특별자치도,,,
a9669c59b0540fccb4df,full_annotation_v1,A,q_신발_07,신발 파는 곳,패션·잡화 중 '신발'을 판매·제공하는 매장,train,신발,T4 구어·문장,2dad5520-27d1-4996-8f43-22e64628f771,신발나라,신발,청양전통시장(구 청양상설시장),전통시장,충청남도,,,
2aaa153aa0f7ca37850d,full_annotation_v1,A,q_신발_07,신발 파는 곳,패션·잡화 중 '신발'을 판매·제공하는 매장,train,신발,T4 구어·문장,02851047-7760-4cdb-b811-74f6dff245bd,에덴의상실,수선,돈암시장,전통시장,서울특별시,,,
fb53970a95403f79eeb6,full_annotation_v1,A,q_신발_07,신발 파는 곳,패션·잡화 중 '신발'을 판매·제공하는 매장,train,신발,T4 구어·문장,70a5a926-6c79-4af5-b896-939fe2bf6531,어니언,남성의류,서문시장2지구 종합상가,전통시장,대구광역시,,,
4de15791bb0eb7afa550,full_annotation_v1,A,q_신발_07,신발 파는 곳,패션·잡화 중 '신발'을 판매·제공하는 매장,train,신발,T4 구어·문장,db77e7c5-fd3e-41d9-9df7-8ccbd2cfbc3b,신발센타,신발,부곡시장,전통시장,부산광역시,,,
3ae1d3c746e006fd14d4,full_annotation_v1,A,q_신발_07,신발 파는 곳,패션·잡화 중 '신발'을 판매·제공하는 매장,train,신발,T4 구어·문장,1e7f8901-e8d4-4aa6-8927-05ecc7758fd6,슈올즈,신발,도산로 골목형상점가,골목형상점가,대전광역시,,,
9c388867c4b674cd4cd0,full_annotation_v1,A,q_신발_07,신발 파는 곳,패션·잡화 중 '신발'을 판매·제공하는 매장,train,신발,T4 구어·문장,ab4cba54-3529-49e7-ae7a-1024d311be63,신발나라,신발,구례상설시장,전통시장,전라남도,,,
dd81afbef14103445a2e,full_annotation_v1,A,q_신발_07,신발 파는 곳,패션·잡화 중 '신발'을 판매·제공하는 매장,train,신발,T4 구어·문장,000a92b3-0b5e-429e-af00-f86e3570e24b,클로버,의류,관문상가시장,전통시장,대구광역시,,,
eae1385f0268a03115fd,full_annotation_v1,A,q_신발_07,신발 파는 곳,패션·잡화 중 '신발'을 판매·제공하는 매장,train,신발,T4 구어·문장,2bb4733c-e8b5-40e2-8159-f76c0e303a0d,매일신발,신발,밀양 아리랑시장,전통시장,경상남도,,,
a079d38f1dc11d889514,full_annotation_v1,A,q_신발_07,신발 파는 곳,패션·잡화 중 '신발'을 판매·제공하는 매장,train,신발,T4 구어·문장,9d710b4d-26ba-4af7-b20c-335553fb14e8,이재네 신발,신발,주안시민지하도상점가,일반지하상점가,인천광역시,,,
7575b2e7d98c3bbe8478,full_annotation_v1,A,q_신발_07,신발 파는 곳,패션·잡화 중 '신발'을 판매·제공하는 매장,train,신발,T4 구어·문장,2e7723d1-f905-43e1-aad1-a5b8ee00a8f0,포항신발,신발,남부시장,전통시장,경상북도,,,
9aa4f74ca4443c4133c3,full_annotation_v1,A,q_신발_07,신발 파는 곳,패션·잡화 중 '신발'을 판매·제공하는 매장,train,신발,T4 구어·문장,977c19c9-c7e1-4bba-94ed-c5907c7284b7,풋젠워킹화,신발,전통중앙도매상가,전통시장,대전광역시,,,
c90fe59ea2e1fb7c801e,full_annotation_v1,A,q_신발_07,신발 파는 곳,패션·잡화 중 '신발'을 판매·제공하는 매장,train,신발,T4 구어·문장,014602ec-34d6-41db-98d1-f7941ce5c2da,밝은 세탁,수선,노대물빛근린공원 골목형상점가,골목형상점가,광주광역시,,,
d874def19ff859240952,full_annotation_v1,A,q_신발_07,신발 파는 곳,패션·잡화 중 '신발'을 판매·제공하는 매장,train,신발,T4 구어·문장,53cc5278-50ed-4082-9d95-7aee7dac9d5a,비비안(속옷가게)병영점,속옷전문,남외번영 골목형상점가,골목형상점가,울산광역시,,,
a282b563d511412bca51,full_annotation_v1,A,q_신발_07,신발 파는 곳,패션·잡화 중 '신발'을 판매·제공하는 매장,train,신발,T4 구어·문장,ac3e368d-3764-4790-ac03-64c0f7dadd30,옥색신,신발,관악신사시장,전통시장,서울특별시,,,
70ce18d802025ebefeba,full_annotation_v1,A,q_신발_07,신발 파는 곳,패션·잡화 중 '신발'을 판매·제공하는 매장,train,신발,T4 구어·문장,1b61b4b4-d234-4237-bb12-4521037b0b9f,강릉신발,신발,원주자유시장,전통시장,강원특별자치도,,,
a2427a159dbf1f429ecb,full_annotation_v1,A,q_신발_07,신발 파는 곳,패션·잡화 중 '신발'을 판매·제공하는 매장,train,신발,T4 구어·문장,f7224a4e-c59f-4a88-9d8e-6add76959c12,크록스산본점,신발,산본로데오거리(구 산본중심상가),자율상권구역,경기도,,,
1f5466f3445c7b6780ff,full_annotation_v1,A,q_신발_07,신발 파는 곳,패션·잡화 중 '신발'을 판매·제공하는 매장,train,신발,T4 구어·문장,98cccd71-0982-4c23-8620-ad15e403c306,여신,신발,중앙로 지하상가 상점가,일반지하상점가,대전광역시,,,
11ad8daa215138cbf146,full_annotation_v1,A,q_신발_07,신발 파는 곳,패션·잡화 중 '신발'을 판매·제공하는 매장,train,신발,T4 구어·문장,595d8dc3-6b63-4a3f-9842-daaaeaacd12e,패션신발,신발,경주중앙시장,전통시장,경상북도,,,
e79f60692c2e278ede44,full_annotation_v1,A,q_신발_07,신발 파는 곳,패션·잡화 중 '신발'을 판매·제공하는 매장,train,신발,T4 구어·문장,87e6ea3e-ab22-4cc0-82e0-5dfebdbe7224,슈퍼마켓,신발,서문시장 제5지구,전통시장,대구광역시,,,
bef4b17c4d8056fdc0ed,full_annotation_v1,A,q_신발_07,신발 파는 곳,패션·잡화 중 '신발'을 판매·제공하는 매장,train,신발,T4 구어·문장,00fc2b18-ffa0-45b1-b03a-af61257944a9,충일구두수선,구두수선,충주무학시장,전통시장,충청북도,,,
3b45d0d31f74f5eaee94,full_annotation_v1,A,q_신발_07,신발 파는 곳,패션·잡화 중 '신발'을 판매·제공하는 매장,train,신발,T4 구어·문장,17badfdc-a36e-4a86-86bd-159c089b4761,리모다,신발,산정상인회 골목형상점가,골목형상점가,광주광역시,,,
926b533e55f748c58f33,full_annotation_v1,A,q_신발_07,신발 파는 곳,패션·잡화 중 '신발'을 판매·제공하는 매장,train,신발,T4 구어·문장,b81b7669-8983-4044-9368-266b22d589ad,가든신발,신발,동문시장,전통시장,서울특별시,,,
6017a8007165ac6df96d,full_annotation_v1,A,q_신발_07,신발 파는 곳,패션·잡화 중 '신발'을 판매·제공하는 매장,train,신발,T4 구어·문장,647687b8-008c-403a-b1e3-b6af9033aeb5,맘뜨락 심리상담 센터,심리상담,첨단2지구 골목형상점가,골목형상점가,광주광역시,,,
00db391341d98993e927,full_annotation_v1,A,q_신발_07,신발 파는 곳,패션·잡화 중 '신발'을 판매·제공하는 매장,train,신발,T4 구어·문장,23caf4f1-b61d-46a5-8f79-f4b7f9b02d7e,태림상회,신발,부산자유시장,전통시장,부산광역시,,,
79d8226d5c69a97cc498,full_annotation_v1,A,q_신발_07,신발 파는 곳,패션·잡화 중 '신발'을 판매·제공하는 매장,train,신발,T4 구어·문장,d25b56d4-6e1e-43bc-9c48-909474ad52c7,곰발바닥신발,신발,평창올림픽시장(평창전통시장),전통시장,강원특별자치도,,,
b3d7cdb778af4f1c6bf9,full_annotation_v1,A,q_신발_07,신발 파는 곳,패션·잡화 중 '신발'을 판매·제공하는 매장,train,신발,T4 구어·문장,00242042-f371-486a-a1fc-b85de093edbf,슈올즈 이천점,"신발, 잡화",장터거리시장 골목형상점가,골목형상점가,경기도,,,
9131273b867ec0c4635c,full_annotation_v1,A,q_신발_07,신발 파는 곳,패션·잡화 중 '신발'을 판매·제공하는 매장,train,신발,T4 구어·문장,8ad7d078-5f2b-4571-8c8b-7975fe5e5f43,요하니신발,신발,마산 부림시장,전통시장,경상남도,,,
e32dc4225bc5f3818c7e,full_annotation_v1,A,q_신발_07,신발 파는 곳,패션·잡화 중 '신발'을 판매·제공하는 매장,train,신발,T4 구어·문장,00054f1d-4cae-4345-9975-1423bc49e4dc,착한아이들,의류,중앙전통시장,전통시장,울산광역시,,,
de6b0fe757793c1a707d,full_annotation_v1,A,q_신발_07,신발 파는 곳,패션·잡화 중 '신발'을 판매·제공하는 매장,train,신발,T4 구어·문장,c045200f-a2d3-44fc-a8b0-bcf81d0037a2,신발나라,신발,부평종합시장,전통시장,인천광역시,,,
63a332fe1b182b44999e,full_annotation_v1,A,q_신발_07,신발 파는 곳,패션·잡화 중 '신발'을 판매·제공하는 매장,train,신발,T4 구어·문장,d0811618-c35a-4a9e-b0ba-5974f95ed44d,신발나라,신발,논산화지중앙시장,전통시장,충청남도,,,
6aac1b8941bdb620a14c,full_annotation_v1,A,q_신발_07,신발 파는 곳,패션·잡화 중 '신발'을 판매·제공하는 매장,train,신발,T4 구어·문장,d1a9c9fd-fb1c-4d94-ae8c-3bffbf740c92,조공신발,신발,조공시장,전통시장,경기도,,,
fcfae1f8338a77d3789e,full_annotation_v1,A,q_신발_07,신발 파는 곳,패션·잡화 중 '신발'을 판매·제공하는 매장,train,신발,T4 구어·문장,0bad5d50-e9d7-49dd-a111-58509151fbb9,자유보가,구두,부산자유시장,전통시장,부산광역시,,,
1008fe61084c4db6b2f3,full_annotation_v1,A,q_신발_07,신발 파는 곳,패션·잡화 중 '신발'을 판매·제공하는 매장,train,신발,T4 구어·문장,4603433e-4c20-4276-9af5-82d64c6b7b78,현대화점,신발,시장로타리지하상가,일반지하상점가,인천광역시,,,
acf6b05122921f9c162a,full_annotation_v1,A,q_신발_07,신발 파는 곳,패션·잡화 중 '신발'을 판매·제공하는 매장,train,신발,T4 구어·문장,36ef7c2c-f43d-45c8-b5e1-03a0ab2bb6fb,슈올즈,신발,문정동로데오상점가,자율상권구역,서울특별시,,,
1b316c6f57730a2c5e31,full_annotation_v1,A,q_신발_07,신발 파는 곳,패션·잡화 중 '신발'을 판매·제공하는 매장,train,신발,T4 구어·문장,58514664-4012-42fb-a9ed-fff1eed19fc9,싸스,신발,남대문시장,전통시장,서울특별시,,,
ae8a492f84b5417cebf4,full_annotation_v1,A,q_신발_07,신발 파는 곳,패션·잡화 중 '신발'을 판매·제공하는 매장,train,신발,T4 구어·문장,1c1fccc4-cc0d-403f-b274-fe850a56328b,에덴상회,신발,동송전통시장,전통시장,강원특별자치도,,,
8064d687d1b3fa5e3fbc,full_annotation_v1,A,q_신발_07,신발 파는 곳,패션·잡화 중 '신발'을 판매·제공하는 매장,train,신발,T4 구어·문장,1a7e01c9-4cdc-43b2-95ad-08c485344002,서울발,신발,남대문시장,전통시장,서울특별시,,,
7f49d4f3733e1afe3a19,full_annotation_v1,A,q_신발_07,신발 파는 곳,패션·잡화 중 '신발'을 판매·제공하는 매장,train,신발,T4 구어·문장,9ff7c2fe-eff4-4055-8b41-9e7f0fff69fb,슈,신발,이천중앙로상가,자율상권구역,경기도,,,
46dac0bca927dbd548e1,full_annotation_v1,A,q_신발_07,신발 파는 곳,패션·잡화 중 '신발'을 판매·제공하는 매장,train,신발,T4 구어·문장,ac562872-f6bc-47fb-bb1d-ab7ca29406d2,은풍신발,신발,연서시장,전통시장,서울특별시,,,
0f02c950bbe1460f4a03,full_annotation_v1,A,q_신발_07,신발 파는 곳,패션·잡화 중 '신발'을 판매·제공하는 매장,train,신발,T4 구어·문장,0f81d36e-a320-498e-8cd9-9f29bedb7ef2,신발나라,신발,새동인천지하상가,일반지하상점가,인천광역시,,,
32534e921394f0c7472b,full_annotation_v1,A,q_신발_07,신발 파는 곳,패션·잡화 중 '신발'을 판매·제공하는 매장,train,신발,T4 구어·문장,4d0984ec-dbbb-432a-aa4c-29adc145999d,88신발,신발,부천자유시장,전통시장,경기도,,,
ad19577f456da98b3489,full_annotation_v1,A,q_신발_07,신발 파는 곳,패션·잡화 중 '신발'을 판매·제공하는 매장,train,신발,T4 구어·문장,99827e4e-dcfb-4294-af71-23623294d858,모두니신발,신발,목포동부시장,전통시장,,,,
d20be983b19cfb64ba00,full_annotation_v1,A,q_신발_07,신발 파는 곳,패션·잡화 중 '신발'을 판매·제공하는 매장,train,신발,T4 구어·문장,cb35eb6f-41cb-4797-bb96-f6124840eea5,어반스테이,스테이 및 숙박업소,대명여울빛거리시장,전통시장,서울특별시,,,
cd1bde77da4a04b9369c,full_annotation_v1,A,q_신발_07,신발 파는 곳,패션·잡화 중 '신발'을 판매·제공하는 매장,train,신발,T4 구어·문장,053ae52d-4821-48bb-9c0b-2b1a9c75c514,화진수제화,구두,의정부역지하상가,일반지하상점가,경기도,,,
55e88d230409de543961,full_annotation_v1,A,q_신발_07,신발 파는 곳,패션·잡화 중 '신발'을 판매·제공하는 매장,train,신발,T4 구어·문장,0c60c82b-eca7-4042-b867-0e183bcfc5ff,슈스타일,신발,성안길상점가,자율상권구역,충청북도,,,
9fda914cc1488b6ef60b,full_annotation_v1,A,q_신발_07,신발 파는 곳,패션·잡화 중 '신발'을 판매·제공하는 매장,train,신발,T4 구어·문장,e2552899-ff33-40d0-b842-718b0bdd913f,안심신발,신발,소사종합시장,전통시장,경기도,,,
3ea79a0c004a031706ee,full_annotation_v1,A,q_신발_07,신발 파는 곳,패션·잡화 중 '신발'을 판매·제공하는 매장,train,신발,T4 구어·문장,68096be0-9077-48e4-be05-5a2052ad495f,경희신발,신발,구리전통시장,전통시장,경기도,,,
f8fee70f3f3bce7a896e,full_annotation_v1,A,q_신발_07,신발 파는 곳,패션·잡화 중 '신발'을 판매·제공하는 매장,train,신발,T4 구어·문장,00124602-ef4e-472c-91ee-de53b28d7530,화이트,의류,울산번개시장,전통시장,울산광역시,,,
04123c2342672f00bc82,full_annotation_v1,A,q_신발_07,신발 파는 곳,패션·잡화 중 '신발'을 판매·제공하는 매장,train,신발,T4 구어·문장,a96839a4-fd3e-43a6-b93b-b1b1454bf749,신발나라,신발,돌곶이시장,전통시장,서울특별시,,,
23b574313345cbc5533c,full_annotation_v1,A,q_신발_07,신발 파는 곳,패션·잡화 중 '신발'을 판매·제공하는 매장,train,신발,T4 구어·문장,00172c94-61f0-4197-afeb-d7e8187c79b5,옷이예쁘다,의류,메트로센터(반월당지하쇼핑),일반지하상점가,대구광역시,,,
a2af4c7ad18f6a6413cb,full_annotation_v1,A,q_신발_07,신발 파는 곳,패션·잡화 중 '신발'을 판매·제공하는 매장,train,신발,T4 구어·문장,961f3ef3-6ed6-41ab-9fce-cab3e633b06b,역곡신발,신발,역곡상상시장(구 역곡북부시장),전통시장,경기도,,,
a50858ec716a259decaa,full_annotation_v1,A,q_신발_07,신발 파는 곳,패션·잡화 중 '신발'을 판매·제공하는 매장,train,신발,T4 구어·문장,76a3551b-dae4-4326-92cc-662015aedbfb,쉴 곳,한식,칠성로상점가,자율상권구역,제주특별자치도,,,
db68289f3526b8d47aca,full_annotation_v1,A,q_신발_07,신발 파는 곳,패션·잡화 중 '신발'을 판매·제공하는 매장,train,신발,T4 구어·문장,b9fd3875-cc79-408a-a4fb-5077bd2249c5,슈올즈,신발,군산중앙로 골목형상점가,골목형상점가,전북특별자치도,,,
eb354fb3886dbbe95502,full_annotation_v1,A,q_신발_07,신발 파는 곳,패션·잡화 중 '신발'을 판매·제공하는 매장,train,신발,T4 구어·문장,c111ac9d-3f3a-405c-a8db-4d127ccda9e2,행복이 있는 곳,잡화,제주로얄쇼핑센터,자율상권구역,제주특별자치도,,,
ed7812d9f476d691afa5,full_annotation_v1,A,q_신발_07,신발 파는 곳,패션·잡화 중 '신발'을 판매·제공하는 매장,train,신발,T4 구어·문장,000e2f0b-a1ef-481a-8308-ef582af4ea73,장미신발,신발,구역전시장,전통시장,울산광역시,,,
96d17fb18aa602074aef,full_annotation_v1,A,q_신발_07,신발 파는 곳,패션·잡화 중 '신발'을 판매·제공하는 매장,train,신발,T4 구어·문장,6c6ec650-0cc0-408e-9e2b-ee28dd878728,영남상회,신발,하동공설시장,전통시장,경상남도,,,
fd3a35df62039a7acec5,full_annotation_v1,A,q_신발_07,신발 파는 곳,패션·잡화 중 '신발'을 판매·제공하는 매장,train,신발,T4 구어·문장,d5128ec7-e640-4ec5-91b1-051874405a7e,샬롬,침구류,고투몰(강남터미널지하도상점가),일반지하상점가,서울특별시,,,
63d127ebd6e35daaeaf7,full_annotation_v1,A,q_신발_07,신발 파는 곳,패션·잡화 중 '신발'을 판매·제공하는 매장,train,신발,T4 구어·문장,07ea5dd5-7e0a-4ca7-9e32-4f973b295302,신발나라,신발,현대유통쇼핑센터,전통시장,경상북도,,,
5abb0ec4bb82125c984b,full_annotation_v1,A,q_신발_07,신발 파는 곳,패션·잡화 중 '신발'을 판매·제공하는 매장,train,신발,T4 구어·문장,7b2a9f29-5981-49a0-95c3-5fe560026b77,써브웨이 울산 야음점,샌드위치,울산 스퀘어 골목형상점가,골목형상점가,울산광역시,,,
5047845f73df466bdab3,full_annotation_v1,A,q_신발_07,신발 파는 곳,패션·잡화 중 '신발'을 판매·제공하는 매장,train,신발,T4 구어·문장,ef6cb7ea-9d67-4e79-9dbe-7b75f4797c1e,자매신발,신발,봉일천전통시장,전통시장,경기도,,,
e2a3284b0c1e91b79bc3,full_annotation_v1,A,q_신발_07,신발 파는 곳,패션·잡화 중 '신발'을 판매·제공하는 매장,train,신발,T4 구어·문장,3410481e-cbec-42e9-968b-d2d4e08f62b3,쌍촌맥주,한식,쌍촌로상인회 골목형상점가,골목형상점가,광주광역시,,,
408819ea187201911cf4,full_annotation_v1,A,q_신발_07,신발 파는 곳,패션·잡화 중 '신발'을 판매·제공하는 매장,train,신발,T4 구어·문장,a632ecc4-247b-44fa-91d9-8c8d2aa5d7c4,서울동서남북치과의원,치과의료,서울약령시장,전통시장,서울특별시,,,
d28bd3b69bd46f749f3b,full_annotation_v1,A,q_신발_07,신발 파는 곳,패션·잡화 중 '신발'을 판매·제공하는 매장,train,신발,T4 구어·문장,0050f085-55a3-45b8-8d41-0c7a30d4bc2f,대현신발,신발,산격종합시장,전통시장,대구광역시,,,
eaaba6291e8f91b06131,full_annotation_v1,A,q_신발_07,신발 파는 곳,패션·잡화 중 '신발'을 판매·제공하는 매장,train,신발,T4 구어·문장,6782a82f-0397-496e-bcf7-68a797023cac,고향의 신발,신발,계림중앙필문로 골목형상점가,골목형상점가,광주광역시,,,
af952fb2b9f29a24d367,full_annotation_v1,A,q_신발_07,신발 파는 곳,패션·잡화 중 '신발'을 판매·제공하는 매장,train,신발,T4 구어·문장,8c33e80c-a865-4f07-a62b-8d86495fca15,신발나라,신발,나주금빛상점가,자율상권구역,전라남도,,,
5eaec0e66ea925a187cf,full_annotation_v1,A,q_신발_07,신발 파는 곳,패션·잡화 중 '신발'을 판매·제공하는 매장,train,신발,T4 구어·문장,9b07af97-65d3-410c-ba8f-d5b3e85eccf6,세븐,신발,광주송정역세권 상권활성화구역,상권활성화구역,광주광역시,,,
cb37ffc20e9d3db0e814,full_annotation_v1,A,q_신발_07,신발 파는 곳,패션·잡화 중 '신발'을 판매·제공하는 매장,train,신발,T4 구어·문장,f4b9a15c-9f3c-4ad3-9900-ce15f73decff,슈올즈,신발,자양15번가골목형상점가,골목형상점가,서울특별시,,,
f541ed8531f655e2c53e,full_annotation_v1,A,q_신발_07,신발 파는 곳,패션·잡화 중 '신발'을 판매·제공하는 매장,train,신발,T4 구어·문장,9f7d74b8-3250-4e99-90ff-692d1ad30be8,샤론신발,신발,거제 장평종합시장,전통시장,경상남도,,,
4b3b33b4cb3ceba6df17,full_annotation_v1,A,q_신발_07,신발 파는 곳,패션·잡화 중 '신발'을 판매·제공하는 매장,train,신발,T4 구어·문장,d2ebb03e-7813-4d46-83da-beb367b395e1,에땅신발,신발,시장로타리지하상가,일반지하상점가,인천광역시,,,
67729460b6b18789d140,full_annotation_v1,A,q_신발_07,신발 파는 곳,패션·잡화 중 '신발'을 판매·제공하는 매장,train,신발,T4 구어·문장,c469b1a6-6f58-49a4-86d6-6c86164f8365,시느바신발,신발,하단오일상설시장,전통시장,부산광역시,,,
b5015c547ab1c838ce00,full_annotation_v1,A,q_신발_07,신발 파는 곳,패션·잡화 중 '신발'을 판매·제공하는 매장,train,신발,T4 구어·문장,c161453d-f2c8-4b97-a2c3-a54e0cbdb7e8,생활용품 싸게 파는 집,잡화,안성중앙시장,전통시장,경기도,,,
9a74ddf1599da1f633a9,full_annotation_v1,A,q_신발_07,신발 파는 곳,패션·잡화 중 '신발'을 판매·제공하는 매장,train,신발,T4 구어·문장,f98c220c-0bc4-4f96-a2b5-8d0f43ff290b,반석신발,신발,제주시민속오일시장,전통시장,제주특별자치도,,,
3f629b06a9e334d6a679,full_annotation_v1,A,q_신발_07,신발 파는 곳,패션·잡화 중 '신발'을 판매·제공하는 매장,train,신발,T4 구어·문장,f3cd8f0f-f29b-492a-8107-f82b6aecca3a,제이헤어살롱,두발 미용업,한울상인회 골목형상점가,골목형상점가,광주광역시,,,
cd4dff13f26197f8cc08,full_annotation_v1,A,q_신발_07,신발 파는 곳,패션·잡화 중 '신발'을 판매·제공하는 매장,train,신발,T4 구어·문장,613d820a-3c9a-49f3-9246-7980d075c3a6,소망신발,신발,상계중앙시장,전통시장,서울특별시,,,
2c2ec9ef4e9524983d0b,full_annotation_v1,A,q_신발_07,신발 파는 곳,패션·잡화 중 '신발'을 판매·제공하는 매장,train,신발,T4 구어·문장,02db4104-b701-453b-a7ef-cf0c3014ffde,광명디자인,수선,서문시장아진상가,전통시장,대구광역시,,,
e30dbdf4622baffd93d1,full_annotation_v1,A,q_신발_07,신발 파는 곳,패션·잡화 중 '신발'을 판매·제공하는 매장,train,신발,T4 구어·문장,00458b4e-83ee-47fb-bcfd-9b0fa5632ebb,로즈마리,신발,남포지하도상가,일반지하상점가,부산광역시,,,
2ce46f8212bc89ee4708,full_annotation_v1,A,q_신발_07,신발 파는 곳,패션·잡화 중 '신발'을 판매·제공하는 매장,train,신발,T4 구어·문장,c55301e1-140f-4a49-9a7a-400dc6e36547,신발나라,신발,오수상점가,자율상권구역,전북특별자치도,,,
7ecf0588bb71e92debf2,full_annotation_v1,A,q_신발_07,신발 파는 곳,패션·잡화 중 '신발'을 판매·제공하는 매장,train,신발,T4 구어·문장,3386ebc1-b98a-42a6-a8f6-be3f1d56ae5a,신발나라,신발,여수서시장주변시장,전통시장,전라남도,,,
58f457d7290bcb417e22,full_annotation_v1,A,q_신발_07,신발 파는 곳,패션·잡화 중 '신발'을 판매·제공하는 매장,train,신발,T4 구어·문장,507cbcae-930c-4d57-abff-81feca64ef1b,나르지오워킹화,신발,태화시장,전통시장,울산광역시,,,
a29f9cd70330188784e6,full_annotation_v1,A,q_신발_07,신발 파는 곳,패션·잡화 중 '신발'을 판매·제공하는 매장,train,신발,T4 구어·문장,579d08e7-ec81-42d9-b08b-253696d6e195,보너,신발,오치서산초 골목형상점가,골목형상점가,광주광역시,,,
81150087462f364c0824,full_annotation_v1,A,q_신발_07,신발 파는 곳,패션·잡화 중 '신발'을 판매·제공하는 매장,train,신발,T4 구어·문장,2743811c-5e71-4d2b-aa75-1b0147d44f2d,사우 꽃이 피는 곳,꽃,김포 풍년마을 골목형상점가,골목형상점가,경기도,,,
6d32b773290ffee9155c,full_annotation_v1,A,q_신발_07,신발 파는 곳,패션·잡화 중 '신발'을 판매·제공하는 매장,train,신발,T4 구어·문장,6f942458-5fca-466b-9c07-09325fb090d7,고운소리피아노학원,교육,화정로상인회 골목형상점가,골목형상점가,광주광역시,,,
1a3f00e8961d89256c31,full_annotation_v1,A,q_신발_07,신발 파는 곳,패션·잡화 중 '신발'을 판매·제공하는 매장,train,신발,T4 구어·문장,fc66e946-831a-4630-a8f2-d585868197b7,신발창고,신발,대림골목시장,전통시장,서울특별시,,,
b34d925f8020998899ab,full_annotation_v1,A,q_신발_07,신발 파는 곳,패션·잡화 중 '신발'을 판매·제공하는 매장,train,신발,T4 구어·문장,a23a66b7-dc15-4f5f-bb6a-456e0f5a977b,선산건어물,건어물,구미새마을중앙시장,전통시장,경상북도,,,
2d863fbd80a16e42e5af,full_annotation_v1,A,q_신발_07,신발 파는 곳,패션·잡화 중 '신발'을 판매·제공하는 매장,train,신발,T4 구어·문장,598bbd22-d948-4629-977a-298cfadb9394,라슈,신발,서부시장상점가(서부시장 통합),전통시장,전북특별자치도,,,
721ad07df97d8193ca1f,full_annotation_v1,A,q_신발_07,신발 파는 곳,패션·잡화 중 '신발'을 판매·제공하는 매장,train,신발,T4 구어·문장,c01b51ba-06bc-4734-9a23-c0f609084e6a,슈올즈,신발,영등포 로타리상가 골목형상점가,골목형상점가,서울특별시,,,
fee14280e076713b63b5,full_annotation_v1,A,q_신발_07,신발 파는 곳,패션·잡화 중 '신발'을 판매·제공하는 매장,train,신발,T4 구어·문장,61cf9f80-fbb6-417b-9430-8abbc6d079df,한샘신발,신발,역곡상상시장(구 역곡북부시장),전통시장,경기도,,,
c984a61c56c4c2cf82e0,full_annotation_v1,A,q_신발_07,신발 파는 곳,패션·잡화 중 '신발'을 판매·제공하는 매장,train,신발,T4 구어·문장,0fc38db8-6b70-4f57-bccc-19fdf12722f4,루루,신발,청계6가 지하쇼핑센터,일반지하상점가,서울특별시,,,
e94e8babc9e513f89fe3,full_annotation_v1,A,q_신발_07,신발 파는 곳,패션·잡화 중 '신발'을 판매·제공하는 매장,train,신발,T4 구어·문장,1c8025e2-1ae8-4623-bd6c-be22eed63a48,아이러브플랫,신발,인제시장,전통시장,강원특별자치도,,,
129d77f595464ba7a1fc,full_annotation_v1,A,q_신발_07,신발 파는 곳,패션·잡화 중 '신발'을 판매·제공하는 매장,train,신발,T4 구어·문장,b3d0a541-3d77-49bd-bdc2-11f2761e5342,슈올즈,신발,목동깨비시장(구 목3동시장),전통시장,서울특별시,,,
b055eeae13cdfd819dc0,full_annotation_v1,A,q_신발_08,구두 굽 갈아주는 곳,패션·잡화 중 '신발'을 판매·제공하는 매장,train,신발,T5 서비스,cf4a5417-77f5-4f71-9250-ef56550582ec,도로시,구두,대구수제화골목상점가,자율상권구역,대구광역시,,,
e46f7ea8b7be8bc1b83b,full_annotation_v1,A,q_신발_08,구두 굽 갈아주는 곳,패션·잡화 중 '신발'을 판매·제공하는 매장,train,신발,T5 서비스,00054f1d-4cae-4345-9975-1423bc49e4dc,착한아이들,의류,중앙전통시장,전통시장,울산광역시,,,
f2dc9f3a2b308025ba11,full_annotation_v1,A,q_신발_08,구두 굽 갈아주는 곳,패션·잡화 중 '신발'을 판매·제공하는 매장,train,신발,T5 서비스,6c5e65a3-0068-4a5e-8e17-9e0b88cb9225,론손양화점,구두,통영 북신전통시장,전통시장,경상남도,,,
2f448e54bee83a2829b3,full_annotation_v1,A,q_신발_08,구두 굽 갈아주는 곳,패션·잡화 중 '신발'을 판매·제공하는 매장,train,신발,T5 서비스,c607e5c3-9bb4-4678-8d53-37b6f9bff68e,나성문구앤아이스,문구 완구 팬시 아이스크림,나릿재 골목형상점가,골목형상점가,세종특별자치시,,,
cc59723dd3a3d4f6acc2,full_annotation_v1,A,q_신발_08,구두 굽 갈아주는 곳,패션·잡화 중 '신발'을 판매·제공하는 매장,train,신발,T5 서비스,0050f085-55a3-45b8-8d41-0c7a30d4bc2f,대현신발,신발,산격종합시장,전통시장,대구광역시,,,
ffd02c8029795dd01b93,full_annotation_v1,A,q_신발_08,구두 굽 갈아주는 곳,패션·잡화 중 '신발'을 판매·제공하는 매장,train,신발,T5 서비스,a4d5d306-1d45-4738-9b21-6fbfe0228063,니콜라스케리부룩익산점,구두,익산중앙상점가,골목형상점가,전북특별자치도,,,
257a446a87ff456812ca,full_annotation_v1,A,q_신발_08,구두 굽 갈아주는 곳,패션·잡화 중 '신발'을 판매·제공하는 매장,train,신발,T5 서비스,c111ac9d-3f3a-405c-a8db-4d127ccda9e2,행복이 있는 곳,잡화,제주로얄쇼핑센터,자율상권구역,제주특별자치도,,,
cc97c853a017b624c30f,full_annotation_v1,A,q_신발_08,구두 굽 갈아주는 곳,패션·잡화 중 '신발'을 판매·제공하는 매장,train,신발,T5 서비스,0bdbd475-0f7d-418e-89ae-b5ea2015b849,노르디스크원주점,구두,원주중앙시장활성화구역,상권활성화구역,강원특별자치도,,,
fb89b9aae3a2ae38ac85,full_annotation_v1,A,q_신발_08,구두 굽 갈아주는 곳,패션·잡화 중 '신발'을 판매·제공하는 매장,train,신발,T5 서비스,b179173f-bce3-494e-8383-a53249100661,드림컬렉션,구두,대구수제화골목상점가,자율상권구역,대구광역시,,,
0ebf5933d4a1eb62a3e1,full_annotation_v1,A,q_신발_08,구두 굽 갈아주는 곳,패션·잡화 중 '신발'을 판매·제공하는 매장,train,신발,T5 서비스,4586ae15-956f-4a7e-8c38-32064db8780e,나비구두,구두,구리전통시장,전통시장,경기도,,,
0e5b91eea85a8f65140c,full_annotation_v1,A,q_신발_08,구두 굽 갈아주는 곳,패션·잡화 중 '신발'을 판매·제공하는 매장,train,신발,T5 서비스,dba3bd99-1324-4c08-a471-b0de71c33e7c,푸라닭 세종나성점,치킨전문점,나릿재 골목형상점가,골목형상점가,세종특별자치시,,,
dfa669f35ce9667159e3,full_annotation_v1,A,q_신발_08,구두 굽 갈아주는 곳,패션·잡화 중 '신발'을 판매·제공하는 매장,train,신발,T5 서비스,4269af62-4186-4edd-8071-06e6e2e0f6d9,내가그린구두,구두,천호로데오거리상점가,자율상권구역,서울특별시,,,
83077b345fe66cd10507,full_annotation_v1,A,q_신발_08,구두 굽 갈아주는 곳,패션·잡화 중 '신발'을 판매·제공하는 매장,train,신발,T5 서비스,f02e22c1-b4d8-495c-8686-feb6c4c6e3df,해남상회,농수산물,화정동 서부시장,전통시장,광주광역시,,,
445f35a02193d2663e54,full_annotation_v1,A,q_신발_08,구두 굽 갈아주는 곳,패션·잡화 중 '신발'을 판매·제공하는 매장,train,신발,T5 서비스,000a92b3-0b5e-429e-af00-f86e3570e24b,클로버,의류,관문상가시장,전통시장,대구광역시,,,
0b8b4f7ad17b1cae6d33,full_annotation_v1,A,q_신발_08,구두 굽 갈아주는 곳,패션·잡화 중 '신발'을 판매·제공하는 매장,train,신발,T5 서비스,72c1f2c9-7cf8-48c0-8154-19fd898aa6a3,쉬크,구두,양평물맑은시장,전통시장,경기도,,,
085979459590af527d67,full_annotation_v1,A,q_신발_08,구두 굽 갈아주는 곳,패션·잡화 중 '신발'을 판매·제공하는 매장,train,신발,T5 서비스,58f8b290-6b57-484b-8d85-d429b01d1234,슈발화점,구두,진주 중앙시장,전통시장,경상남도,,,
968eb5f5a24369b951ad,full_annotation_v1,A,q_신발_08,구두 굽 갈아주는 곳,패션·잡화 중 '신발'을 판매·제공하는 매장,train,신발,T5 서비스,02db4104-b701-453b-a7ef-cf0c3014ffde,광명디자인,수선,서문시장아진상가,전통시장,대구광역시,,,
c5a020dd48246c8ff82a,full_annotation_v1,A,q_신발_08,구두 굽 갈아주는 곳,패션·잡화 중 '신발'을 판매·제공하는 매장,train,신발,T5 서비스,76a3551b-dae4-4326-92cc-662015aedbfb,쉴 곳,한식,칠성로상점가,자율상권구역,제주특별자치도,,,
5b67bca2489200518c3e,full_annotation_v1,A,q_신발_08,구두 굽 갈아주는 곳,패션·잡화 중 '신발'을 판매·제공하는 매장,train,신발,T5 서비스,b1385b96-61c0-484d-962b-60f7ea99fce4,블랙스톤,구두,서면지하도상가 부전몰,일반지하상점가,부산광역시,,,
28d1ea1cb2903c7ed605,full_annotation_v1,A,q_신발_08,구두 굽 갈아주는 곳,패션·잡화 중 '신발'을 판매·제공하는 매장,train,신발,T5 서비스,00158f51-4d3a-4ac0-9e38-b37552f5e097,지지배,의류,나주금빛상점가,자율상권구역,전라남도,,,
1bf281f47d40fe47288f,full_annotation_v1,A,q_신발_08,구두 굽 갈아주는 곳,패션·잡화 중 '신발'을 판매·제공하는 매장,train,신발,T5 서비스,00172c94-61f0-4197-afeb-d7e8187c79b5,옷이예쁘다,의류,메트로센터(반월당지하쇼핑),일반지하상점가,대구광역시,,,
0b99f4f51b75717940b1,full_annotation_v1,A,q_신발_08,구두 굽 갈아주는 곳,패션·잡화 중 '신발'을 판매·제공하는 매장,train,신발,T5 서비스,03b7163b-3c55-4d15-8019-a6485ca7cfdb,카사노바제화,구두,창원 명서시장,전통시장,경상남도,,,
4c513d571d8e71d2aac9,full_annotation_v1,A,q_신발_08,구두 굽 갈아주는 곳,패션·잡화 중 '신발'을 판매·제공하는 매장,train,신발,T5 서비스,2de8be0c-9788-4714-a60d-bd9839312756,맛찬들왕소금구이,육류외,귀인동먹거리촌 골목형상점가,골목형상점가,경기도,,,
fc1f8bf0d3123044a488,full_annotation_v1,A,q_신발_08,구두 굽 갈아주는 곳,패션·잡화 중 '신발'을 판매·제공하는 매장,train,신발,T5 서비스,b1bec825-891f-43fd-b273-1709c79c9484,모델헤어,,남악중앙 골목형상점가,골목형상점가,,,,
06078846d2e5f4a17ed8,full_annotation_v1,A,q_신발_08,구두 굽 갈아주는 곳,패션·잡화 중 '신발'을 판매·제공하는 매장,train,신발,T5 서비스,fc3a0996-17d0-4788-bdbe-f54e6a1b73a8,주식회사 오트릿,가공식품,강진중앙로상가,자율상권구역,전라남도,,,
ff8933ddd168d2f1b205,full_annotation_v1,A,q_신발_08,구두 굽 갈아주는 곳,패션·잡화 중 '신발'을 판매·제공하는 매장,train,신발,T5 서비스,00124602-ef4e-472c-91ee-de53b28d7530,화이트,의류,울산번개시장,전통시장,울산광역시,,,
bf95593846962803bc23,full_annotation_v1,A,q_신발_08,구두 굽 갈아주는 곳,패션·잡화 중 '신발'을 판매·제공하는 매장,train,신발,T5 서비스,123cdc3a-c4d0-4fb5-90f9-5f01f121f5a9,이쁘제,구두,도남시장,전통시장,제주특별자치도,,,
400c764ca2d5ca10cdec,full_annotation_v1,A,q_신발_08,구두 굽 갈아주는 곳,패션·잡화 중 '신발'을 판매·제공하는 매장,train,신발,T5 서비스,2bcd3273-9db5-45fa-9f80-b98ba6b4c2be,보디가드,내의류,수정로 상권활성화구역,상권활성화구역,경기도,,,
fec7db29b719695861dc,full_annotation_v1,A,q_신발_08,구두 굽 갈아주는 곳,패션·잡화 중 '신발'을 판매·제공하는 매장,train,신발,T5 서비스,746e3818-acb6-40ee-a7d7-1b475000df04,을지SHOES,구두,을지로지하보도쇼핑센터,일반지하상점가,서울특별시,,,
79543210c46401cb15b9,full_annotation_v1,A,q_신발_08,구두 굽 갈아주는 곳,패션·잡화 중 '신발'을 판매·제공하는 매장,train,신발,T5 서비스,41bf2250-8488-4751-902f-ff546ed53721,샤인,구두,안산다농마트전통시장,전통시장,경기도,,,
51f0777c2e4b6aa025d0,full_annotation_v1,A,q_신발_08,구두 굽 갈아주는 곳,패션·잡화 중 '신발'을 판매·제공하는 매장,train,신발,T5 서비스,2be305ae-b76e-4789-aabb-caef1e600b3f,금성수선,구두,금남시장,전통시장,서울특별시,,,
c07c7719f1fdb171bb10,full_annotation_v1,A,q_신발_08,구두 굽 갈아주는 곳,패션·잡화 중 '신발'을 판매·제공하는 매장,train,신발,T5 서비스,000fae5b-8595-4041-94fa-5527454e648c,신발나라,신발,호계랑 골목형상점가,골목형상점가,울산광역시,,,
65a9b7e339473b9be0fb,full_annotation_v1,A,q_신발_08,구두 굽 갈아주는 곳,패션·잡화 중 '신발'을 판매·제공하는 매장,train,신발,T5 서비스,9d009a7f-be3b-46fc-be14-34f74e48c151,러브안경,안경,명동 지하쇼핑센터,일반지하상점가,서울특별시,,,
47e38c0b09a9e9c9aad9,full_annotation_v1,A,q_신발_08,구두 굽 갈아주는 곳,패션·잡화 중 '신발'을 판매·제공하는 매장,train,신발,T5 서비스,126571a5-c768-4cf0-9328-c6de5217f2f2,유리구두,구두,강남역지하도상점가,일반지하상점가,서울특별시,,,
eb22c2a25b7cb1cfd1de,full_annotation_v1,A,q_신발_08,구두 굽 갈아주는 곳,패션·잡화 중 '신발'을 판매·제공하는 매장,train,신발,T5 서비스,a7855048-82ee-41ed-b042-6db68fcb7c84,제이마블,구두,퀸스로드 골목형상점가,골목형상점가,대구광역시,,,
cb901018b4df32400991,full_annotation_v1,A,q_신발_08,구두 굽 갈아주는 곳,패션·잡화 중 '신발'을 판매·제공하는 매장,train,신발,T5 서비스,000e2f0b-a1ef-481a-8308-ef582af4ea73,장미신발,신발,구역전시장,전통시장,울산광역시,,,
4f1194d69a13c2d3636c,full_annotation_v1,A,q_신발_08,구두 굽 갈아주는 곳,패션·잡화 중 '신발'을 판매·제공하는 매장,train,신발,T5 서비스,24456103-f6b8-46af-8655-82e61d7265d8,커피가 머무르는 곳,커피,반드레길골목형상점가,골목형상점가,서울특별시,,,
66ec93a33622921f1f5f,full_annotation_v1,A,q_신발_08,구두 굽 갈아주는 곳,패션·잡화 중 '신발'을 판매·제공하는 매장,train,신발,T5 서비스,6ade8ec6-596b-4ce3-8b87-13450828ad95,까뭉,구두,안양일번가 지하쇼핑몰,일반지하상점가,경기도,,,
3e6bc65e99e08cba503d,full_annotation_v1,A,q_신발_08,구두 굽 갈아주는 곳,패션·잡화 중 '신발'을 판매·제공하는 매장,train,신발,T5 서비스,289175a1-8501-4740-a56a-e2ee06442837,잉글랜드,구두,㈜르네시떼,전통시장,부산광역시,,,
2e583fd318c5f27ab9f8,full_annotation_v1,A,q_신발_08,구두 굽 갈아주는 곳,패션·잡화 중 '신발'을 판매·제공하는 매장,train,신발,T5 서비스,11dfa6f2-4dad-46a7-81d6-9ecff4dca31b,미스콜렉션,구두,숭례문수입상가,전통시장,서울특별시,,,
05f1208ac91856b8122e,full_annotation_v1,A,q_신발_08,구두 굽 갈아주는 곳,패션·잡화 중 '신발'을 판매·제공하는 매장,train,신발,T5 서비스,00fc2b18-ffa0-45b1-b03a-af61257944a9,충일구두수선,구두수선,충주무학시장,전통시장,충청북도,,,
d8f9b26732769e11fd2d,full_annotation_v1,A,q_신발_08,구두 굽 갈아주는 곳,패션·잡화 중 '신발'을 판매·제공하는 매장,train,신발,T5 서비스,24150b6b-1f90-46b5-877a-e7d3184f7ea4,다인,구두,성남프라자,전통시장,울산광역시,,,
078129c86fc03d051d47,full_annotation_v1,A,q_신발_08,구두 굽 갈아주는 곳,패션·잡화 중 '신발'을 판매·제공하는 매장,train,신발,T5 서비스,710b6ef4-8c80-4dca-bb18-4cfb00c59bcc,장씨네명품수선,구두,부산역지하도상가,일반지하상점가,부산광역시,,,
9e1d46378aa3fd6b24a4,full_annotation_v1,A,q_신발_08,구두 굽 갈아주는 곳,패션·잡화 중 '신발'을 판매·제공하는 매장,train,신발,T5 서비스,6331439b-d790-4fb3-aa9f-d5abb29f250e,지에스 남악회룡,,남악중앙 골목형상점가,골목형상점가,,,,
8a399ce3dd3ccad7dbfe,full_annotation_v1,A,q_신발_08,구두 굽 갈아주는 곳,패션·잡화 중 '신발'을 판매·제공하는 매장,train,신발,T5 서비스,c902d84d-80ce-4746-8998-965ef6c30566,명문콜렉션,구두,법동시장,전통시장,대전광역시,,,
cf121cbaa9145ef36a25,full_annotation_v1,A,q_신발_08,구두 굽 갈아주는 곳,패션·잡화 중 '신발'을 판매·제공하는 매장,train,신발,T5 서비스,00242042-f371-486a-a1fc-b85de093edbf,슈올즈 이천점,"신발, 잡화",장터거리시장 골목형상점가,골목형상점가,경기도,,,
2005cf1590590492e8a5,full_annotation_v1,A,q_신발_08,구두 굽 갈아주는 곳,패션·잡화 중 '신발'을 판매·제공하는 매장,train,신발,T5 서비스,726bd2e7-098f-40a3-ae9b-7cfe6a6f689f,주노구두,구두,청주서문시장,전통시장,충청북도,,,
beb5f5b042c31478712a,full_annotation_v1,A,q_신발_08,구두 굽 갈아주는 곳,패션·잡화 중 '신발'을 판매·제공하는 매장,train,신발,T5 서비스,46e40c40-1d54-42e6-ac2c-53c4459ed4f0,부산숙녀화,구두,부산평화시장,전통시장,부산광역시,,,
32d3ea46f667974988cd,full_annotation_v1,A,q_신발_08,구두 굽 갈아주는 곳,패션·잡화 중 '신발'을 판매·제공하는 매장,train,신발,T5 서비스,9e8f7a21-2288-4b9a-ba28-243659635ab6,고려제화,구두,전자의거리 상점가,자율상권구역,광주광역시,,,
86351892bf4c7e591fb5,full_annotation_v1,A,q_신발_08,구두 굽 갈아주는 곳,패션·잡화 중 '신발'을 판매·제공하는 매장,train,신발,T5 서비스,df7601ec-0375-4fa0-bc45-d4e1e78749cd,소호,구두,동산상가,전통시장,대구광역시,,,
d1b9a06392fab20649fa,full_annotation_v1,A,q_신발_08,구두 굽 갈아주는 곳,패션·잡화 중 '신발'을 판매·제공하는 매장,train,신발,T5 서비스,fc6425ef-1877-4f22-b1b0-11c8d86a7950,온풋,구두,강남역지하도상점가,일반지하상점가,서울특별시,,,
afee64c0fc213f4c3690,full_annotation_v1,A,q_신발_08,구두 굽 갈아주는 곳,패션·잡화 중 '신발'을 판매·제공하는 매장,train,신발,T5 서비스,0927f69c-b6f3-4851-954c-033f608209e4,월하제주본점,한식,누웨마루거리상점가,자율상권구역,제주특별자치도,,,
83bdea464fce36decb53,full_annotation_v1,A,q_신발_08,구두 굽 갈아주는 곳,패션·잡화 중 '신발'을 판매·제공하는 매장,train,신발,T5 서비스,f1aeca3e-fce1-49c8-8907-6fac2c3b2c48,구두 종합병원,,영산포 골목형상점가,골목형상점가,,,,
9b2d20d567cfcf456124,full_annotation_v1,A,q_신발_08,구두 굽 갈아주는 곳,패션·잡화 중 '신발'을 판매·제공하는 매장,train,신발,T5 서비스,142cc20f-484a-4fc2-b8aa-cd14b2ef0af9,이태리,구두,서면지하도상가 부전몰,일반지하상점가,부산광역시,,,
897411042333f54518c4,full_annotation_v1,A,q_신발_08,구두 굽 갈아주는 곳,패션·잡화 중 '신발'을 판매·제공하는 매장,train,신발,T5 서비스,75bd1ca7-76a7-46ad-9c10-b2541d386b00,지름신,구두,안양일번가 지하쇼핑몰,일반지하상점가,경기도,,,
11bb5957ef356fa7bddf,full_annotation_v1,A,q_신발_08,구두 굽 갈아주는 곳,패션·잡화 중 '신발'을 판매·제공하는 매장,train,신발,T5 서비스,00458b4e-83ee-47fb-bcfd-9b0fa5632ebb,로즈마리,신발,남포지하도상가,일반지하상점가,부산광역시,,,
1507f09d65422ff8e16f,full_annotation_v1,A,q_신발_08,구두 굽 갈아주는 곳,패션·잡화 중 '신발'을 판매·제공하는 매장,train,신발,T5 서비스,80e96a6c-27ba-4bff-b899-92e44a6a3924,할매국수,음식점,동래시장,전통시장,부산광역시,,,
60967b667e0886f5be68,full_annotation_v1,A,q_신발_08,구두 굽 갈아주는 곳,패션·잡화 중 '신발'을 판매·제공하는 매장,train,신발,T5 서비스,5acd6afc-e394-4048-8fe3-8854378b3dad,빵가마,제과점,거제 고현시장,전통시장,경상남도,,,
5149a1f5c41561113d31,full_annotation_v1,A,q_신발_08,구두 굽 갈아주는 곳,패션·잡화 중 '신발'을 판매·제공하는 매장,train,신발,T5 서비스,335ea7d5-0daa-4b9d-8900-1c34566cbaf7,뉴욕,구두,삼익패션타운,전통시장,서울특별시,,,
2ab3f9b1ce7ed4e33756,full_annotation_v1,A,q_신발_08,구두 굽 갈아주는 곳,패션·잡화 중 '신발'을 판매·제공하는 매장,train,신발,T5 서비스,2743811c-5e71-4d2b-aa75-1b0147d44f2d,사우 꽃이 피는 곳,꽃,김포 풍년마을 골목형상점가,골목형상점가,경기도,,,
387199e6be13dd75398a,full_annotation_v1,A,q_신발_08,구두 굽 갈아주는 곳,패션·잡화 중 '신발'을 판매·제공하는 매장,train,신발,T5 서비스,88e4e458-e464-4f99-b797-2e49682658f7,오렌즈반월당,콘택트렌즈,메트로센터(반월당지하쇼핑),일반지하상점가,대구광역시,,,
03c4f38fac3922eb6e66,full_annotation_v1,A,q_신발_08,구두 굽 갈아주는 곳,패션·잡화 중 '신발'을 판매·제공하는 매장,train,신발,T5 서비스,6ca9e8fa-a64c-4c98-accb-ed0a1d0fa884,에펠,구두,서면지하도상가 부전몰,일반지하상점가,부산광역시,,,
a705c9ae47ea5e39690b,full_annotation_v1,A,q_신발_08,구두 굽 갈아주는 곳,패션·잡화 중 '신발'을 판매·제공하는 매장,train,신발,T5 서비스,1716d759-a138-40fc-beaf-5c2f24cfff5e,미투리제화,구두,대구수제화골목상점가,자율상권구역,대구광역시,,,
a29d82e67d0622fc6973,full_annotation_v1,A,q_신발_08,구두 굽 갈아주는 곳,패션·잡화 중 '신발'을 판매·제공하는 매장,train,신발,T5 서비스,5616449a-4d20-4fb7-beed-427080799da6,수정제화,구두,대구수제화골목상점가,자율상권구역,대구광역시,,,
858fa87f3dadcb9ea68a,full_annotation_v1,A,q_신발_08,구두 굽 갈아주는 곳,패션·잡화 중 '신발'을 판매·제공하는 매장,train,신발,T5 서비스,bb5fb0b8-e2f8-4572-a81c-25af9251d3d2,금강제화이천점,구두,남천 상점가,자율상권구역,경기도,,,
af61424152c95cc0ea3a,full_annotation_v1,A,q_신발_08,구두 굽 갈아주는 곳,패션·잡화 중 '신발'을 판매·제공하는 매장,train,신발,T5 서비스,da90caed-af35-4c72-bc5c-50567a97f439,니쪼제화,구두,세은 골목형상점가,골목형상점가,광주광역시,,,
22bec8aa90dd70e6b099,full_annotation_v1,A,q_신발_08,구두 굽 갈아주는 곳,패션·잡화 중 '신발'을 판매·제공하는 매장,train,신발,T5 서비스,d15958c2-da42-406c-9906-ca23d6c5ffb7,에스콰이아익산대리점,구두,익산중앙상점가,골목형상점가,전북특별자치도,,,
b05385efb7b9adeda2a6,full_annotation_v1,A,q_신발_08,구두 굽 갈아주는 곳,패션·잡화 중 '신발'을 판매·제공하는 매장,train,신발,T5 서비스,1030c500-98e6-420d-b24b-50005e9932ad,주식회사폭스,구두,대구수제화골목상점가,자율상권구역,대구광역시,,,
942a69a4595910a8f350,full_annotation_v1,A,q_신발_08,구두 굽 갈아주는 곳,패션·잡화 중 '신발'을 판매·제공하는 매장,train,신발,T5 서비스,8bc9fe3d-baa7-4942-824a-535a8f8ffcc0,쥴단,구두,삼익패션타운,전통시장,서울특별시,,,
efd3416f799c4c3b7166,full_annotation_v1,A,q_신발_08,구두 굽 갈아주는 곳,패션·잡화 중 '신발'을 판매·제공하는 매장,train,신발,T5 서비스,d87f8d1c-5659-426c-aad5-000b367b7dfc,바니달방앗간,떡,영진시장,전통시장,서울특별시,,,
66372250c0f067c7402f,full_annotation_v1,A,q_신발_08,구두 굽 갈아주는 곳,패션·잡화 중 '신발'을 판매·제공하는 매장,train,신발,T5 서비스,9d64e3ad-f3fd-453b-81bc-6ad45e474ba1,피렌체,구두,중앙로 동문 상점가 골목형상점가,골목형상점가,경상북도,,,
ce18a1757b64c97128a4,full_annotation_v1,A,q_신발_08,구두 굽 갈아주는 곳,패션·잡화 중 '신발'을 판매·제공하는 매장,train,신발,T5 서비스,851a71a0-f866-4430-8a25-3b8cb90e7189,드봉,구두,삼익패션타운,전통시장,서울특별시,,,
be2edc73e35e9bd83be4,full_annotation_v1,A,q_신발_08,구두 굽 갈아주는 곳,패션·잡화 중 '신발'을 판매·제공하는 매장,train,신발,T5 서비스,4c3b5b59-6f5b-4bba-8a6c-ed070153e57a,맹가미,구두,익산중앙상점가,골목형상점가,전북특별자치도,,,
71776be5ad307e942b29,full_annotation_v1,A,q_신발_08,구두 굽 갈아주는 곳,패션·잡화 중 '신발'을 판매·제공하는 매장,train,신발,T5 서비스,0bd04e6e-4359-47c7-827f-807b919f7daf,애플,구두,고투몰(강남터미널지하도상점가),일반지하상점가,서울특별시,,,
2498a690db051378ed70,full_annotation_v1,A,q_신발_08,구두 굽 갈아주는 곳,패션·잡화 중 '신발'을 판매·제공하는 매장,train,신발,T5 서비스,dfa60c54-9e3e-477d-b697-ee4831d783fd,더 로드,구두,마산 합성대로상가,전통시장,경상남도,,,
d83cecdfdf2ecddf2eed,full_annotation_v1,A,q_신발_08,구두 굽 갈아주는 곳,패션·잡화 중 '신발'을 판매·제공하는 매장,train,신발,T5 서비스,1c981da9-dd56-4248-8ba8-8a7c3826ff35,한창미트,축산물,마장축산물시장,전통시장,서울특별시,,,
b38cf0e80d34b33bcfe6,full_annotation_v1,A,q_신발_08,구두 굽 갈아주는 곳,패션·잡화 중 '신발'을 판매·제공하는 매장,train,신발,T5 서비스,6e43185c-b25c-4354-b8cc-35e682c87edf,인터진스,구두,이태원시장,전통시장,서울특별시,,,
a09c9d9905aeff5655ee,full_annotation_v1,A,q_신발_08,구두 굽 갈아주는 곳,패션·잡화 중 '신발'을 판매·제공하는 매장,train,신발,T5 서비스,014602ec-34d6-41db-98d1-f7941ce5c2da,밝은 세탁,수선,노대물빛근린공원 골목형상점가,골목형상점가,광주광역시,,,
a7d026b4ad5cfa696ec3,full_annotation_v1,A,q_신발_08,구두 굽 갈아주는 곳,패션·잡화 중 '신발'을 판매·제공하는 매장,train,신발,T5 서비스,28e48ceb-df90-4cba-9d75-89d5cb873da3,신발종합매장,구두,세은 골목형상점가,골목형상점가,광주광역시,,,
d2019c554734234b7a22,full_annotation_v1,A,q_신발_08,구두 굽 갈아주는 곳,패션·잡화 중 '신발'을 판매·제공하는 매장,train,신발,T5 서비스,8b400847-b5b5-4b0a-af2c-c54412c71bd3,켈리,의류,마산 창동통합상가,자율상권구역,경상남도,,,
7755185d1b1e412a6aa4,full_annotation_v1,A,q_신발_08,구두 굽 갈아주는 곳,패션·잡화 중 '신발'을 판매·제공하는 매장,train,신발,T5 서비스,009625c0-f3cf-4a0d-9399-0a8d6176c553,예프,구두,신부유람단골목형상점가,골목형상점가,충청남도,,,
f210b6309b319b13821a,full_annotation_v1,A,q_신발_08,구두 굽 갈아주는 곳,패션·잡화 중 '신발'을 판매·제공하는 매장,train,신발,T5 서비스,5c23c286-5998-4ee1-8fe7-28e9d49da5bf,노베르또양화점,구두,남포지하도상가,일반지하상점가,부산광역시,,,
c0d9eaf7dba4283a29a5,full_annotation_v1,A,q_신발_08,구두 굽 갈아주는 곳,패션·잡화 중 '신발'을 판매·제공하는 매장,train,신발,T5 서비스,6a8c90c7-6239-4ca1-9cef-577c0438854d,한양제화,구두,대구수제화골목상점가,자율상권구역,대구광역시,,,
257b4581f68195bea012,full_annotation_v1,A,q_신발_08,구두 굽 갈아주는 곳,패션·잡화 중 '신발'을 판매·제공하는 매장,train,신발,T5 서비스,02851047-7760-4cdb-b811-74f6dff245bd,에덴의상실,수선,돈암시장,전통시장,서울특별시,,,
a5b1fb796ade16a479e6,full_annotation_v1,A,q_신발_08,구두 굽 갈아주는 곳,패션·잡화 중 '신발'을 판매·제공하는 매장,train,신발,T5 서비스,cdc6c3c5-4fe1-4008-bc03-e0b358914a2e,니노로시,구두,남포지하도상가,일반지하상점가,부산광역시,,,
3cb39e59bac2dcfb411f,full_annotation_v1,A,q_신발_08,구두 굽 갈아주는 곳,패션·잡화 중 '신발'을 판매·제공하는 매장,train,신발,T5 서비스,0bad5d50-e9d7-49dd-a111-58509151fbb9,자유보가,구두,부산자유시장,전통시장,부산광역시,,,
cc92f2d35cfc9b9207da,full_annotation_v1,A,q_신발_08,구두 굽 갈아주는 곳,패션·잡화 중 '신발'을 판매·제공하는 매장,train,신발,T5 서비스,4bfc7fdc-4fc1-47ef-a112-27a2797675f6,빨강구두,구두 및 가방 등,도산로 골목형상점가,골목형상점가,대전광역시,,,
0b7c8a4e1fff2d28eb72,full_annotation_v1,A,q_신발_08,구두 굽 갈아주는 곳,패션·잡화 중 '신발'을 판매·제공하는 매장,train,신발,T5 서비스,a88e3d9e-7b32-4857-845f-1643450de319,라이온,구두,삼익패션타운,전통시장,서울특별시,,,
ed3c7d680ac0d824e75b,full_annotation_v1,A,q_신발_08,구두 굽 갈아주는 곳,패션·잡화 중 '신발'을 판매·제공하는 매장,train,신발,T5 서비스,243297b6-0134-45fa-b4c6-e8e9c06effc1,희컬렉션,구두,삼익패션타운,전통시장,서울특별시,,,
1a90e8e5f2f2ef6436d2,full_annotation_v1,A,q_신발_08,구두 굽 갈아주는 곳,패션·잡화 중 '신발'을 판매·제공하는 매장,train,신발,T5 서비스,2d96a0e1-3f74-467c-af8b-08b25c7c96ca,청주MARIO,구두,성안길상점가,자율상권구역,충청북도,,,
19d5b6c5b56e77a069d8,full_annotation_v1,A,q_신발_08,구두 굽 갈아주는 곳,패션·잡화 중 '신발'을 판매·제공하는 매장,train,신발,T5 서비스,577e063b-d8b9-462a-b2e0-311144cb009b,리챠드,구두,목3동골목형상점가,골목형상점가,서울특별시,,,
de2b01a9f6988d92de43,full_annotation_v1,A,q_신발_08,구두 굽 갈아주는 곳,패션·잡화 중 '신발'을 판매·제공하는 매장,train,신발,T5 서비스,053ae52d-4821-48bb-9c0b-2b1a9c75c514,화진수제화,구두,의정부역지하상가,일반지하상점가,경기도,,,
1db070b286f56d5e9e78,full_annotation_v1,A,q_신발_08,구두 굽 갈아주는 곳,패션·잡화 중 '신발'을 판매·제공하는 매장,train,신발,T5 서비스,c61085a4-96a8-46eb-96a5-2b0d72fa1ae1,벤디아모,구두,삼익패션타운,전통시장,서울특별시,,,
c20ee231c8c0cc2320fa,full_annotation_v1,A,q_신발_08,구두 굽 갈아주는 곳,패션·잡화 중 '신발'을 판매·제공하는 매장,train,신발,T5 서비스,581cd94a-538c-47c3-870c-f555bf14b482,구찌니,구두,대인시장,전통시장,광주광역시,,,
65680aced33d9cf2862e,full_annotation_v1,A,q_신발_09,신발추천,패션·잡화 중 '신발'을 판매·제공하는 매장,train,신발,T6 기계변형,1918058a-ce23-4796-832e-3e7a53f15e36,동남,생활용품,감전시장,전통시장,부산광역시,,,
230eb3741e400f31e03b,full_annotation_v1,A,q_신발_09,신발추천,패션·잡화 중 '신발'을 판매·제공하는 매장,train,신발,T6 기계변형,8c09cac3-57f1-4a4a-b315-c9c8cb962981,즈려밟고,신발,충주자유시장,전통시장,충청북도,,,
c1c7799f033221aeb72d,full_annotation_v1,A,q_신발_09,신발추천,패션·잡화 중 '신발'을 판매·제공하는 매장,train,신발,T6 기계변형,f2c02840-1981-404a-8468-59c6e5569aaa,굽앤백,신발,성안길상점가,자율상권구역,충청북도,,,
07f68049b180d4dc2b78,full_annotation_v1,A,q_신발_09,신발추천,패션·잡화 중 '신발'을 판매·제공하는 매장,train,신발,T6 기계변형,ef79be6d-0980-496d-a1b5-bc12af650b23,신발창고,,서동향토시장,전통시장,부산광역시,,,
28d252c8731dbc70c2af,full_annotation_v1,A,q_신발_09,신발추천,패션·잡화 중 '신발'을 판매·제공하는 매장,train,신발,T6 기계변형,2b9d2bee-0f18-414c-8ea5-e35409107b3c,장수당약국,약국,마산 월영대시장,전통시장,경상남도,,,
631220a0399ff6b2f0ae,full_annotation_v1,A,q_신발_09,신발추천,패션·잡화 중 '신발'을 판매·제공하는 매장,train,신발,T6 기계변형,f20f1dc3-cf9a-43fc-847b-b073866927c0,엠엘비 경산점,옷신발,경산중앙로상점가,자율상권구역,경상북도,,,
5871d6ece16b001578a6,full_annotation_v1,A,q_신발_09,신발추천,패션·잡화 중 '신발'을 판매·제공하는 매장,train,신발,T6 기계변형,2bbc594e-53b8-4b78-b2b9-f00e4e334e33,신발슈퍼,신발,진부전통시장,전통시장,강원특별자치도,,,
6ff062cdefbf970559ef,full_annotation_v1,A,q_신발_09,신발추천,패션·잡화 중 '신발'을 판매·제공하는 매장,train,신발,T6 기계변형,7a9f59b9-88bb-4012-b64c-585c5aa13b6a,도매신발,신발,천안중앙시장,전통시장,충청남도,,,
3f9c78bda01622458bb4,full_annotation_v1,A,q_신발_09,신발추천,패션·잡화 중 '신발'을 판매·제공하는 매장,train,신발,T6 기계변형,68096be0-9077-48e4-be05-5a2052ad495f,경희신발,신발,구리전통시장,전통시장,경기도,,,
0d944404526c80853f75,full_annotation_v1,A,q_신발_09,신발추천,패션·잡화 중 '신발'을 판매·제공하는 매장,train,신발,T6 기계변형,9cd73ef3-ca9c-4815-9b1e-aadd62213ca1,신발,신발,충주무학시장,전통시장,충청북도,,,
7207fd94b4fc434d34aa,full_annotation_v1,A,q_신발_09,신발추천,패션·잡화 중 '신발'을 판매·제공하는 매장,train,신발,T6 기계변형,eccaa019-6972-46aa-9de1-8bf6dc0e0e12,신광신발,신발,부전상가시장,전통시장,부산광역시,,,
8a4208b78074e7004af5,full_annotation_v1,A,q_신발_09,신발추천,패션·잡화 중 '신발'을 판매·제공하는 매장,train,신발,T6 기계변형,db77e7c5-fd3e-41d9-9df7-8ccbd2cfbc3b,신발센타,신발,부곡시장,전통시장,부산광역시,,,
89d3b2daea808fe23a82,full_annotation_v1,A,q_신발_09,신발추천,패션·잡화 중 '신발'을 판매·제공하는 매장,train,신발,T6 기계변형,c4f7a025-a73f-4ba8-a506-0f8fbf2d1cd4,더슈,신발,부평깡통시장(구 부산부평시장),전통시장,부산광역시,,,
7c3756967fc2228c2865,full_annotation_v1,A,q_신발_09,신발추천,패션·잡화 중 '신발'을 판매·제공하는 매장,train,신발,T6 기계변형,fc66e946-831a-4630-a8f2-d585868197b7,신발창고,신발,대림골목시장,전통시장,서울특별시,,,
8222b0cf4fee2d024cf2,full_annotation_v1,A,q_신발_09,신발추천,패션·잡화 중 '신발'을 판매·제공하는 매장,train,신발,T6 기계변형,cd4f9413-b8a3-4f1b-9b77-a6f4e4dc10d4,강릉중앙시장강릉오란다,,강릉중앙시장,전통시장,강원특별자치도,,,
cdc092f8aa6a49a3e0eb,full_annotation_v1,A,q_신발_09,신발추천,패션·잡화 중 '신발'을 판매·제공하는 매장,train,신발,T6 기계변형,2a313fd8-c1d6-41e2-98ab-320e4c0e61f5,통영수산,수산물(생선),창원 명서시장,전통시장,경상남도,,,
15926f1d5b60c000b307,full_annotation_v1,A,q_신발_09,신발추천,패션·잡화 중 '신발'을 판매·제공하는 매장,train,신발,T6 기계변형,d1a9c9fd-fb1c-4d94-ae8c-3bffbf740c92,조공신발,신발,조공시장,전통시장,경기도,,,
5e3ce99e244eba5d13ef,full_annotation_v1,A,q_신발_09,신발추천,패션·잡화 중 '신발'을 판매·제공하는 매장,train,신발,T6 기계변형,7d641b2c-360f-417e-ba8f-d374b1d58cdd,이레,의류,원주미로예술중앙시장(원주중앙시장),전통시장,강원특별자치도,,,
6a0eb8115e05f55fa98b,full_annotation_v1,A,q_신발_09,신발추천,패션·잡화 중 '신발'을 판매·제공하는 매장,train,신발,T6 기계변형,000e2f0b-a1ef-481a-8308-ef582af4ea73,장미신발,신발,구역전시장,전통시장,울산광역시,,,
8c1021a3624863dad74c,full_annotation_v1,A,q_신발_09,신발추천,패션·잡화 중 '신발'을 판매·제공하는 매장,train,신발,T6 기계변형,80c4738a-934b-4b41-9de9-a82a5967a614,천외천,한식,상봉먹자골목형상점가,골목형상점가,서울특별시,,,
dd32531fa64961360e26,full_annotation_v1,A,q_신발_09,신발추천,패션·잡화 중 '신발'을 판매·제공하는 매장,train,신발,T6 기계변형,ac562872-f6bc-47fb-bb1d-ab7ca29406d2,은풍신발,신발,연서시장,전통시장,서울특별시,,,
63ef368a31fbb0e5e835,full_annotation_v1,A,q_신발_09,신발추천,패션·잡화 중 '신발'을 판매·제공하는 매장,train,신발,T6 기계변형,58514664-4012-42fb-a9ed-fff1eed19fc9,싸스,신발,남대문시장,전통시장,서울특별시,,,
52ee91585e37d32a3f22,full_annotation_v1,A,q_신발_09,신발추천,패션·잡화 중 '신발'을 판매·제공하는 매장,train,신발,T6 기계변형,0bad5d50-e9d7-49dd-a111-58509151fbb9,자유보가,구두,부산자유시장,전통시장,부산광역시,,,
04a47db1b0e3a60d5218,full_annotation_v1,A,q_신발_09,신발추천,패션·잡화 중 '신발'을 판매·제공하는 매장,train,신발,T6 기계변형,014602ec-34d6-41db-98d1-f7941ce5c2da,밝은 세탁,수선,노대물빛근린공원 골목형상점가,골목형상점가,광주광역시,,,
bed52d96bc9cc2583df2,full_annotation_v1,A,q_신발_09,신발추천,패션·잡화 중 '신발'을 판매·제공하는 매장,train,신발,T6 기계변형,fba71319-bd57-4b34-a58b-d52e8151cfa8,이공포차,한식,전주중산공원 골목형상점가,골목형상점가,전북특별자치도,,,
14bceeb931754bd4d2d3,full_annotation_v1,A,q_신발_09,신발추천,패션·잡화 중 '신발'을 판매·제공하는 매장,train,신발,T6 기계변형,00124602-ef4e-472c-91ee-de53b28d7530,화이트,의류,울산번개시장,전통시장,울산광역시,,,
a4dc720e4a3aac4f728c,full_annotation_v1,A,q_신발_09,신발추천,패션·잡화 중 '신발'을 판매·제공하는 매장,train,신발,T6 기계변형,00054f1d-4cae-4345-9975-1423bc49e4dc,착한아이들,의류,중앙전통시장,전통시장,울산광역시,,,
df5c5b2d38c8edf04bff,full_annotation_v1,A,q_신발_09,신발추천,패션·잡화 중 '신발'을 판매·제공하는 매장,train,신발,T6 기계변형,7f28c991-bfff-44c4-b773-f211c28d0f8b,신발아울렛,신발,적성전통시장,전통시장,경기도,,,
8b800851f0f337377cd6,full_annotation_v1,A,q_신발_09,신발추천,패션·잡화 중 '신발'을 판매·제공하는 매장,train,신발,T6 기계변형,579d08e7-ec81-42d9-b08b-253696d6e195,보너,신발,오치서산초 골목형상점가,골목형상점가,광주광역시,,,
3eacdc037ccb23512187,full_annotation_v1,A,q_신발_09,신발추천,패션·잡화 중 '신발'을 판매·제공하는 매장,train,신발,T6 기계변형,d8962534-646e-4bb8-9569-67c74848eb53,고등어섬푸랭이,한식,달아실 골목형상점가,골목형상점가,광주광역시,,,
25b8809484076d0b0c03,full_annotation_v1,A,q_신발_09,신발추천,패션·잡화 중 '신발'을 판매·제공하는 매장,train,신발,T6 기계변형,e10b4965-3095-4174-b263-0f72d1ae9851,대경,의류 남성복,부산진시장,전통시장,부산광역시,,,
a5ac4d20f1cb6e284774,full_annotation_v1,A,q_신발_09,신발추천,패션·잡화 중 '신발'을 판매·제공하는 매장,train,신발,T6 기계변형,5650208c-f39a-4335-a529-bc240f72e218,신발 나라,신발,흑석시장골목형상점가,골목형상점가,서울특별시,,,
55a56cb81510e40bb018,full_annotation_v1,A,q_신발_09,신발추천,패션·잡화 중 '신발'을 판매·제공하는 매장,train,신발,T6 기계변형,70ca1358-4d2b-4434-b8bf-7a216e5871a1,동명전자,전기용품 및 조명장치,인후동 삼각지 골목형상점가,골목형상점가,전북특별자치도,,,
0ca97164e1f02781b0c2,full_annotation_v1,A,q_신발_09,신발추천,패션·잡화 중 '신발'을 판매·제공하는 매장,train,신발,T6 기계변형,caa62ef0-60fc-490b-88c8-05e6da089d3a,프라임마트,"소매, 슈퍼",대명5동아우름길 골목형상점가,골목형상점가,대구광역시,,,
57045771ab58a096f5fe,full_annotation_v1,A,q_신발_09,신발추천,패션·잡화 중 '신발'을 판매·제공하는 매장,train,신발,T6 기계변형,ac3e368d-3764-4790-ac03-64c0f7dadd30,옥색신,신발,관악신사시장,전통시장,서울특별시,,,
93a816c1b419f877adb2,full_annotation_v1,A,q_신발_09,신발추천,패션·잡화 중 '신발'을 판매·제공하는 매장,train,신발,T6 기계변형,00242042-f371-486a-a1fc-b85de093edbf,슈올즈 이천점,"신발, 잡화",장터거리시장 골목형상점가,골목형상점가,경기도,,,
c4f2e223785e5e0920b0,full_annotation_v1,A,q_신발_09,신발추천,패션·잡화 중 '신발'을 판매·제공하는 매장,train,신발,T6 기계변형,9ff7c2fe-eff4-4055-8b41-9e7f0fff69fb,슈,신발,이천중앙로상가,자율상권구역,경기도,,,
a0801c1c700a45270236,full_annotation_v1,A,q_신발_09,신발추천,패션·잡화 중 '신발'을 판매·제공하는 매장,train,신발,T6 기계변형,2e7723d1-f905-43e1-aad1-a5b8ee00a8f0,포항신발,신발,남부시장,전통시장,경상북도,,,
f7ad1924d85ef5bf7586,full_annotation_v1,A,q_신발_09,신발추천,패션·잡화 중 '신발'을 판매·제공하는 매장,train,신발,T6 기계변형,d25b56d4-6e1e-43bc-9c48-909474ad52c7,곰발바닥신발,신발,평창올림픽시장(평창전통시장),전통시장,강원특별자치도,,,
fe4409fe7937bb6f68e6,full_annotation_v1,A,q_신발_09,신발추천,패션·잡화 중 '신발'을 판매·제공하는 매장,train,신발,T6 기계변형,595d8dc3-6b63-4a3f-9842-daaaeaacd12e,패션신발,신발,경주중앙시장,전통시장,경상북도,,,
2b0ef8b7f9738450733d,full_annotation_v1,A,q_신발_09,신발추천,패션·잡화 중 '신발'을 판매·제공하는 매장,train,신발,T6 기계변형,5d236fd4-93f6-4be2-8527-074e7e0d1812,건담스테이션,완구,전주중산공원 골목형상점가,골목형상점가,전북특별자치도,,,
3f5e417acd5ab5c0bef3,full_annotation_v1,A,q_신발_09,신발추천,패션·잡화 중 '신발'을 판매·제공하는 매장,train,신발,T6 기계변형,c59b305a-de74-4cf4-a654-125199b8fede,신발토픽,신발,화정로상가상인회 골목형상점가,골목형상점가,광주광역시,,,
6ffb35afb479e1b615ba,full_annotation_v1,A,q_신발_09,신발추천,패션·잡화 중 '신발'을 판매·제공하는 매장,train,신발,T6 기계변형,8681cf28-adb6-445a-b1f9-fe5d8d24f659,신발도사,신발,행복상점가,자율상권구역,경상북도,,,
233945a10074b9237856,full_annotation_v1,A,q_신발_09,신발추천,패션·잡화 중 '신발'을 판매·제공하는 매장,train,신발,T6 기계변형,d2ebb03e-7813-4d46-83da-beb367b395e1,에땅신발,신발,시장로타리지하상가,일반지하상점가,인천광역시,,,
05cded089b836ccb7ee4,full_annotation_v1,A,q_신발_09,신발추천,패션·잡화 중 '신발'을 판매·제공하는 매장,train,신발,T6 기계변형,00458b4e-83ee-47fb-bcfd-9b0fa5632ebb,로즈마리,신발,남포지하도상가,일반지하상점가,부산광역시,,,
4cbb586c6660438ed81b,full_annotation_v1,A,q_신발_09,신발추천,패션·잡화 중 '신발'을 판매·제공하는 매장,train,신발,T6 기계변형,053ae52d-4821-48bb-9c0b-2b1a9c75c514,화진수제화,구두,의정부역지하상가,일반지하상점가,경기도,,,
0d8028ac5414086a8739,full_annotation_v1,A,q_신발_09,신발추천,패션·잡화 중 '신발'을 판매·제공하는 매장,train,신발,T6 기계변형,e5819632-d3c8-45a5-adca-3675ba074678,신발직매장,신발,강릉성남시장,전통시장,강원특별자치도,,,
935680bb517a0e2d50ee,full_annotation_v1,A,q_신발_09,신발추천,패션·잡화 중 '신발'을 판매·제공하는 매장,train,신발,T6 기계변형,02851047-7760-4cdb-b811-74f6dff245bd,에덴의상실,수선,돈암시장,전통시장,서울특별시,,,
8632d85c525aafcaf0f3,full_annotation_v1,A,q_신발_09,신발추천,패션·잡화 중 '신발'을 판매·제공하는 매장,train,신발,T6 기계변형,00158f51-4d3a-4ac0-9e38-b37552f5e097,지지배,의류,나주금빛상점가,자율상권구역,전라남도,,,
5def5600a9b36388c7a3,full_annotation_v1,A,q_신발_09,신발추천,패션·잡화 중 '신발'을 판매·제공하는 매장,train,신발,T6 기계변형,35806b04-e2b6-4a9a-9b94-177c795ec447,신발전시장,신발,황지시장상점가,자율상권구역,강원특별자치도,,,
42c92674cd3050a30f21,full_annotation_v1,A,q_신발_09,신발추천,패션·잡화 중 '신발'을 판매·제공하는 매장,train,신발,T6 기계변형,fd010701-f6e5-4a20-a00a-06366e96730f,신밧따,신발,사직시장,전통시장,부산광역시,,,
81f33dfc0d184fabb3a5,full_annotation_v1,A,q_신발_09,신발추천,패션·잡화 중 '신발'을 판매·제공하는 매장,train,신발,T6 기계변형,98cccd71-0982-4c23-8620-ad15e403c306,여신,신발,중앙로 지하상가 상점가,일반지하상점가,대전광역시,,,
9a94a886fb4f2556999f,full_annotation_v1,A,q_신발_09,신발추천,패션·잡화 중 '신발'을 판매·제공하는 매장,train,신발,T6 기계변형,000a92b3-0b5e-429e-af00-f86e3570e24b,클로버,의류,관문상가시장,전통시장,대구광역시,,,
ec0909e130567f7f19d6,full_annotation_v1,A,q_신발_09,신발추천,패션·잡화 중 '신발'을 판매·제공하는 매장,train,신발,T6 기계변형,8ad7d078-5f2b-4571-8c8b-7975fe5e5f43,요하니신발,신발,마산 부림시장,전통시장,경상남도,,,
988f559c4502b3bc6c3a,full_annotation_v1,A,q_신발_09,신발추천,패션·잡화 중 '신발'을 판매·제공하는 매장,train,신발,T6 기계변형,b031c8d8-e928-4229-ae91-5f172c6cf588,하늘꽃화원,생화,인후동 삼각지 골목형상점가,골목형상점가,전북특별자치도,,,
08f66a56a57514ad1420,full_annotation_v1,A,q_신발_09,신발추천,패션·잡화 중 '신발'을 판매·제공하는 매장,train,신발,T6 기계변형,78564599-0a47-482e-8dc5-b03894833adb,신발코너,,제일시장,전통시장,서울특별시,,,
d05f3d76fa57deaab4ea,full_annotation_v1,A,q_신발_09,신발추천,패션·잡화 중 '신발'을 판매·제공하는 매장,train,신발,T6 기계변형,03b7163b-3c55-4d15-8019-a6485ca7cfdb,카사노바제화,구두,창원 명서시장,전통시장,경상남도,,,
30700e61d8ab71f2017b,full_annotation_v1,A,q_신발_09,신발추천,패션·잡화 중 '신발'을 판매·제공하는 매장,train,신발,T6 기계변형,3b1dc963-9a48-459e-b0e3-1f511a2df076,신발신고,신발,정이있는 구포시장,전통시장,부산광역시,,,
e0f57125500fec45fa01,full_annotation_v1,A,q_신발_09,신발추천,패션·잡화 중 '신발'을 판매·제공하는 매장,train,신발,T6 기계변형,0050f085-55a3-45b8-8d41-0c7a30d4bc2f,대현신발,신발,산격종합시장,전통시장,대구광역시,,,
0981be547dce80f06fa8,full_annotation_v1,A,q_신발_09,신발추천,패션·잡화 중 '신발'을 판매·제공하는 매장,train,신발,T6 기계변형,c59dedba-0763-4608-aa14-1a6872828fc4,황금골목,회,월곡시장,전통시장,광주광역시,,,
5cd5cbcc624f1a2e2bc4,full_annotation_v1,A,q_신발_09,신발추천,패션·잡화 중 '신발'을 판매·제공하는 매장,train,신발,T6 기계변형,d45608ad-6b3e-4b89-a2c3-7be5e14027ee,신발라인,신발,창원 가음정시장,전통시장,경상남도,,,
e7f57f1f4be355eefb60,full_annotation_v1,A,q_신발_09,신발추천,패션·잡화 중 '신발'을 판매·제공하는 매장,train,신발,T6 기계변형,a73116ea-6aa3-46a7-89b9-9ff1637e441c,선비꼬마김밥 관저점,,파워존 골목형상점가,골목형상점가,대전광역시,,,
ddd5e56866f374f8be5f,full_annotation_v1,A,q_신발_09,신발추천,패션·잡화 중 '신발'을 판매·제공하는 매장,train,신발,T6 기계변형,02d7293b-06e4-400b-8b04-fb76d574e91e,신발슈퍼,신발,새동인천지하상가,일반지하상점가,인천광역시,,,
bc101662c9847e0b0dbb,full_annotation_v1,A,q_신발_09,신발추천,패션·잡화 중 '신발'을 판매·제공하는 매장,train,신발,T6 기계변형,02db4104-b701-453b-a7ef-cf0c3014ffde,광명디자인,수선,서문시장아진상가,전통시장,대구광역시,,,
c2b4bca79ee95054dd56,full_annotation_v1,A,q_신발_09,신발추천,패션·잡화 중 '신발'을 판매·제공하는 매장,train,신발,T6 기계변형,c469b1a6-6f58-49a4-86d6-6c86164f8365,시느바신발,신발,하단오일상설시장,전통시장,부산광역시,,,
0edebe4bf50b1caf5574,full_annotation_v1,A,q_신발_09,신발추천,패션·잡화 중 '신발'을 판매·제공하는 매장,train,신발,T6 기계변형,00172c94-61f0-4197-afeb-d7e8187c79b5,옷이예쁘다,의류,메트로센터(반월당지하쇼핑),일반지하상점가,대구광역시,,,
a87f8fb0c4ac798aac7a,full_annotation_v1,A,q_신발_09,신발추천,패션·잡화 중 '신발'을 판매·제공하는 매장,train,신발,T6 기계변형,000fae5b-8595-4041-94fa-5527454e648c,신발나라,신발,호계랑 골목형상점가,골목형상점가,울산광역시,,,
0110350703a692dcdee2,full_annotation_v1,A,q_신발_09,신발추천,패션·잡화 중 '신발'을 판매·제공하는 매장,train,신발,T6 기계변형,411370d9-8a5b-427d-bee0-e3653ecb824b,알림,신발,남포지하도상가,일반지하상점가,부산광역시,,,
2d094cdef8c51e6615aa,full_annotation_v1,A,q_신발_09,신발추천,패션·잡화 중 '신발'을 판매·제공하는 매장,train,신발,T6 기계변형,009625c0-f3cf-4a0d-9399-0a8d6176c553,예프,구두,신부유람단골목형상점가,골목형상점가,충청남도,,,
206d58e384f359b36223,full_annotation_v1,A,q_신발_09,신발추천,패션·잡화 중 '신발'을 판매·제공하는 매장,train,신발,T6 기계변형,00fc2b18-ffa0-45b1-b03a-af61257944a9,충일구두수선,구두수선,충주무학시장,전통시장,충청북도,,,
3b7c838b81ea16d937db,full_annotation_v1,A,q_신발_09,신발추천,패션·잡화 중 '신발'을 판매·제공하는 매장,train,신발,T6 기계변형,0a9d199e-da1a-4582-9aff-13ff074e77c7,신발,신발,관저동 먹거리 골목형상점가,골목형상점가,대전광역시,,,
9be812be08ebcdd023e4,full_annotation_v1,A,q_신발_09,신발추천,패션·잡화 중 '신발'을 판매·제공하는 매장,train,신발,T6 기계변형,9a29c0f8-7153-4c47-a9ce-21e95a2d8951,지쎄,신발,㈜르네시떼,전통시장,부산광역시,,,
0dd76f6202e9a424e7ad,full_annotation_v1,A,q_신발_09,신발추천,패션·잡화 중 '신발'을 판매·제공하는 매장,train,신발,T6 기계변형,45d59ecc-09aa-41b2-bc4a-76984bc42fc2,프롬홈,한식,두정동상점가,자율상권구역,충청남도,,,
f90d4137bce1b34359f7,full_annotation_v1,A,q_신발_09,신발추천,패션·잡화 중 '신발'을 판매·제공하는 매장,train,신발,T6 기계변형,76cc78f7-0b47-46d6-9475-c8381d1e9af7,워,신발,안중시장,전통시장,경기도,,,
eebc9c2cafb51b2a8a7c,full_annotation_v1,A,q_신발_10,신방,패션·잡화 중 '신발'을 판매·제공하는 매장,train,신발,T6 기계변형,963c1e3f-fd87-47b1-86a2-90f321e52d74,슈올즈상주점,기능성 신방 및 잡화,상주왕산상점가,자율상권구역,경상북도,,,
99de0654b498dccf2083,full_annotation_v1,A,q_신발_10,신방,패션·잡화 중 '신발'을 판매·제공하는 매장,train,신발,T6 기계변형,a44e21ad-88d4-4a71-b40c-efab3f3b88b8,루미네일,네일,독립로 백운1동 골목형상점가,골목형상점가,광주광역시,,,
6847bb19c839c231dccc,full_annotation_v1,A,q_신발_10,신방,패션·잡화 중 '신발'을 판매·제공하는 매장,train,신발,T6 기계변형,00458b4e-83ee-47fb-bcfd-9b0fa5632ebb,로즈마리,신발,남포지하도상가,일반지하상점가,부산광역시,,,
a5604fe3b90601ee417f,full_annotation_v1,A,q_신발_10,신방,패션·잡화 중 '신발'을 판매·제공하는 매장,train,신발,T6 기계변형,77d2e308-7d6e-472d-9448-895f432f4030,꼬생방,,장흥중앙로 골목형상점가,골목형상점가,,,,
a8f55c25c78e21b19b39,full_annotation_v1,A,q_신발_10,신방,패션·잡화 중 '신발'을 판매·제공하는 매장,train,신발,T6 기계변형,009625c0-f3cf-4a0d-9399-0a8d6176c553,예프,구두,신부유람단골목형상점가,골목형상점가,충청남도,,,
c80adf0aa8eef7181502,full_annotation_v1,A,q_신발_10,신방,패션·잡화 중 '신발'을 판매·제공하는 매장,train,신발,T6 기계변형,03b7163b-3c55-4d15-8019-a6485ca7cfdb,카사노바제화,구두,창원 명서시장,전통시장,경상남도,,,
91327c04752807524cf2,full_annotation_v1,A,q_신발_10,신방,패션·잡화 중 '신발'을 판매·제공하는 매장,train,신발,T6 기계변형,1dea4896-197d-40e1-80e8-87be41950aea,영신방앗간,떡,광양5일시장,전통시장,전라남도,,,
0df815f6e149d5d7338c,full_annotation_v1,A,q_신발_10,신방,패션·잡화 중 '신발'을 판매·제공하는 매장,train,신발,T6 기계변형,287a01d1-c30b-4361-9f93-5798c446b768,짚시방,신발,안양관양시장,전통시장,경기도,,,
4c5857799988173c9c82,full_annotation_v1,A,q_신발_10,신방,패션·잡화 중 '신발'을 판매·제공하는 매장,train,신발,T6 기계변형,00172c94-61f0-4197-afeb-d7e8187c79b5,옷이예쁘다,의류,메트로센터(반월당지하쇼핑),일반지하상점가,대구광역시,,,
b30ecc11bc7a47e38f9a,full_annotation_v1,A,q_신발_10,신방,패션·잡화 중 '신발'을 판매·제공하는 매장,train,신발,T6 기계변형,00158f51-4d3a-4ac0-9e38-b37552f5e097,지지배,의류,나주금빛상점가,자율상권구역,전라남도,,,
01c4ddcb18cd732e6011,full_annotation_v1,A,q_신발_10,신방,패션·잡화 중 '신발'을 판매·제공하는 매장,train,신발,T6 기계변형,62e4dd6a-7fe2-446d-95c0-435bfa24bc3c,네네치킨신방청룡점,치킨,풍세로세광 골목형상점가,골목형상점가,충청남도,,,
bc2babbaca54ad5ac589,full_annotation_v1,A,q_신발_10,신방,패션·잡화 중 '신발'을 판매·제공하는 매장,train,신발,T6 기계변형,d83be30a-f8fe-4a69-8094-44017e5d8de5,담가화로구이천안신방점,,쌍용동 충무로1구역 골목형상점가,골목형상점가,충청남도,,,
d2aa9f7ff7f8e803ae31,full_annotation_v1,A,q_신발_10,신방,패션·잡화 중 '신발'을 판매·제공하는 매장,train,신발,T6 기계변형,8ab37651-dbe6-4221-8077-b5f62ec7a39d,신흥다방,다방,목도시장,전통시장,충청북도,,,
071a6b29e75632382c1f,full_annotation_v1,A,q_신발_10,신방,패션·잡화 중 '신발'을 판매·제공하는 매장,train,신발,T6 기계변형,00fc2b18-ffa0-45b1-b03a-af61257944a9,충일구두수선,구두수선,충주무학시장,전통시장,충청북도,,,
de37c7e2c70948eae815,full_annotation_v1,A,q_신발_10,신방,패션·잡화 중 '신발'을 판매·제공하는 매장,train,신발,T6 기계변형,1ab64c79-d64e-478d-be42-424ee27f8114,옷다방,,오류버들시장골목형상점가,골목형상점가,서울특별시,,,
456ef0f0d81293f96de4,full_annotation_v1,A,q_신발_10,신방,패션·잡화 중 '신발'을 판매·제공하는 매장,train,신발,T6 기계변형,382c107c-abf3-4b7f-b5db-709e2038daa0,파크랜드신방점,,쌍용동 충무로1구역 골목형상점가,골목형상점가,충청남도,,,
2bade08027653df67c64,full_annotation_v1,A,q_신발_10,신방,패션·잡화 중 '신발'을 판매·제공하는 매장,train,신발,T6 기계변형,e2aa4ea2-1d08-4d11-82a2-e7580993ddbe,한남상회,건어물,중앙신시장,전통시장,경상북도,,,
ed1f4abc0ec23bb11796,full_annotation_v1,A,q_신발_10,신방,패션·잡화 중 '신발'을 판매·제공하는 매장,train,신발,T6 기계변형,2d36526c-564c-4efb-bb76-0c12a396e168,최신방앗간,방앗간,가은아자개시장,전통시장,경상북도,,,
40a36098ff35d5832827,full_annotation_v1,A,q_신발_10,신방,패션·잡화 중 '신발'을 판매·제공하는 매장,train,신발,T6 기계변형,615829a7-e109-4389-b881-b88aac832ad3,봄#헤어,미용,독립로 백운1동 골목형상점가,골목형상점가,광주광역시,,,
249add255d044052dc4f,full_annotation_v1,A,q_신발_10,신방,패션·잡화 중 '신발'을 판매·제공하는 매장,train,신발,T6 기계변형,04d4888f-8e83-44d8-a10d-ba9f9fc48f9e,신일가방,가방 잡화,자유상가,전통시장,서울특별시,,,
84ab6f59b8196372472d,full_annotation_v1,A,q_신발_10,신방,패션·잡화 중 '신발'을 판매·제공하는 매장,train,신발,T6 기계변형,331355e8-0e3b-4a15-a661-8600a185c68d,조선대패집,대패,조대장미의거리 상점가,자율상권구역,광주광역시,,,
5079f4833137088ea1c6,full_annotation_v1,A,q_신발_10,신방,패션·잡화 중 '신발'을 판매·제공하는 매장,train,신발,T6 기계변형,1a8f19ad-dc06-4bc5-a9c2-9e62f969b978,튀겨방,,대포항골목형상점가B,골목형상점가,강원특별자치도,,,
84001b474c0955fbfcb5,full_annotation_v1,A,q_신발_10,신방,패션·잡화 중 '신발'을 판매·제공하는 매장,train,신발,T6 기계변형,0050f085-55a3-45b8-8d41-0c7a30d4bc2f,대현신발,신발,산격종합시장,전통시장,대구광역시,,,
f8537c90ce384deae735,full_annotation_v1,A,q_신발_10,신방,패션·잡화 중 '신발'을 판매·제공하는 매장,train,신발,T6 기계변형,8a6983a4-b588-414a-b418-d2bc20dc064f,술방,한식,"호성2길, 3길 골목형상점가",골목형상점가,전북특별자치도,,,
d604ccee9abce7e156de,full_annotation_v1,A,q_신발_10,신방,패션·잡화 중 '신발'을 판매·제공하는 매장,train,신발,T6 기계변형,988673bb-9515-4a60-a243-03f2f1042ad1,화신방앗간,방앗간,점촌전통시장,전통시장,경상북도,,,
930a54bb8b04da4d80f0,full_annotation_v1,A,q_신발_10,신방,패션·잡화 중 '신발'을 판매·제공하는 매장,train,신발,T6 기계변형,f8202663-ae63-45ff-83cd-67c46ec9ef3b,별이네 호떡,호떡,두꺼비시장,전통시장,충청북도,,,
9df4e97a0f9439c446ce,full_annotation_v1,A,q_신발_10,신방,패션·잡화 중 '신발'을 판매·제공하는 매장,train,신발,T6 기계변형,00054f1d-4cae-4345-9975-1423bc49e4dc,착한아이들,의류,중앙전통시장,전통시장,울산광역시,,,
140b4dd82c951ddd9ed3,full_annotation_v1,A,q_신발_10,신방,패션·잡화 중 '신발'을 판매·제공하는 매장,train,신발,T6 기계변형,000fae5b-8595-4041-94fa-5527454e648c,신발나라,신발,호계랑 골목형상점가,골목형상점가,울산광역시,,,
4c66ac0d3acbe6a0ab91,full_annotation_v1,A,q_신발_10,신방,패션·잡화 중 '신발'을 판매·제공하는 매장,train,신발,T6 기계변형,71599534-05d4-42fb-99f9-8fcaf80dd3d7,짚시방,신발,안성명동거리 골목형상점가,골목형상점가,경기도,,,
8fe7b0bf1e827f2bcf0e,full_annotation_v1,A,q_신발_10,신방,패션·잡화 중 '신발'을 판매·제공하는 매장,train,신발,T6 기계변형,41b67e67-bcef-43b7-b88d-c04150e59791,보은사,,평화시장,전통시장,서울특별시,,,
655052aada7aecd4dc50,full_annotation_v1,A,q_신발_10,신방,패션·잡화 중 '신발'을 판매·제공하는 매장,train,신발,T6 기계변형,cc847eff-04f0-441b-8cf8-9db659047013,신라혼수방,,중앙메가프라자,전통시장,대전광역시,,,
4418c6aed6406961a86d,full_annotation_v1,A,q_신발_10,신방,패션·잡화 중 '신발'을 판매·제공하는 매장,train,신발,T6 기계변형,26eea91c-e61a-4dcf-9908-6ce539ea3ef4,이엘에스,라인조명 차수막 가전,공구의거리,자율상권구역,광주광역시,,,
1dc28f273ef3ee055266,full_annotation_v1,A,q_신발_10,신방,패션·잡화 중 '신발'을 판매·제공하는 매장,train,신발,T6 기계변형,00242042-f371-486a-a1fc-b85de093edbf,슈올즈 이천점,"신발, 잡화",장터거리시장 골목형상점가,골목형상점가,경기도,,,
5f2b2ce548c474298d5a,full_annotation_v1,A,q_신발_10,신방,패션·잡화 중 '신발'을 판매·제공하는 매장,train,신발,T6 기계변형,6ede8c87-535c-4f0f-8598-f1db503a9d66,신라가방,잡화,경산중앙로상점가,자율상권구역,경상북도,,,
7fcb619c79820fea6d40,full_annotation_v1,A,q_신발_10,신방,패션·잡화 중 '신발'을 판매·제공하는 매장,train,신발,T6 기계변형,000e2f0b-a1ef-481a-8308-ef582af4ea73,장미신발,신발,구역전시장,전통시장,울산광역시,,,
081aec5b5c4d8728644d,full_annotation_v1,A,q_신발_10,신방,패션·잡화 중 '신발'을 판매·제공하는 매장,train,신발,T6 기계변형,05092c47-16e0-45ff-8b34-29106da557e6,김밥천국,김밥,공항골목시장골목형상점가,골목형상점가,서울특별시,,,
31b080c419e85b071bd1,full_annotation_v1,A,q_신발_10,신방,패션·잡화 중 '신발'을 판매·제공하는 매장,train,신발,T6 기계변형,f7335b1e-6400-4587-99f9-10784a4d56d4,볶덮방,한식,염주골상인회 골목형상점가,골목형상점가,광주광역시,,,
3293065084f9939c47b2,full_annotation_v1,A,q_신발_10,신방,패션·잡화 중 '신발'을 판매·제공하는 매장,train,신발,T6 기계변형,2be95baa-b758-4dd4-b8d0-72a6cf2e2e79,장어나라,장어,고은상인회 골목형상점가,골목형상점가,광주광역시,,,
590b7e239a0ea2e5567c,full_annotation_v1,A,q_신발_10,신방,패션·잡화 중 '신발'을 판매·제공하는 매장,train,신발,T6 기계변형,17352706-df34-4921-915a-7c8231e5dd83,장끄방,한식,광복마을길 골목형상점가,골목형상점가,광주광역시,,,
231531c72b3535909e33,full_annotation_v1,A,q_신발_10,신방,패션·잡화 중 '신발'을 판매·제공하는 매장,train,신발,T6 기계변형,aefe50c8-eeaf-40ab-8446-9776fbac94ee,더홀,의류,동산상가,전통시장,대구광역시,,,
5757d7773be128768682,full_annotation_v1,A,q_신발_10,신방,패션·잡화 중 '신발'을 판매·제공하는 매장,train,신발,T6 기계변형,02851047-7760-4cdb-b811-74f6dff245bd,에덴의상실,수선,돈암시장,전통시장,서울특별시,,,
8fbd240fd44f383d80d8,full_annotation_v1,A,q_신발_10,신방,패션·잡화 중 '신발'을 판매·제공하는 매장,train,신발,T6 기계변형,fd010701-f6e5-4a20-a00a-06366e96730f,신밧따,신발,사직시장,전통시장,부산광역시,,,
4a5e68579327f3e3cd1b,full_annotation_v1,A,q_신발_10,신방,패션·잡화 중 '신발'을 판매·제공하는 매장,train,신발,T6 기계변형,d0c4d612-46c2-4415-bd6c-328bbb3c5385,신읍리옷방,의류,화천재래시장,전통시장,강원특별자치도,,,
9a11363758ddc2f9ea0c,full_annotation_v1,A,q_신발_10,신방,패션·잡화 중 '신발'을 판매·제공하는 매장,train,신발,T6 기계변형,65ba5efe-428f-483f-8f44-02024caeca8c,카페650,카페 잡화,공항골목시장골목형상점가,골목형상점가,서울특별시,,,
3955b53ee11415c77a82,full_annotation_v1,A,q_신발_10,신방,패션·잡화 중 '신발'을 판매·제공하는 매장,train,신발,T6 기계변형,a441ebd5-d310-47cb-88fe-443b2113c3c8,디딤방,의류 신발,서문대로663번길 골목형상점가,골목형상점가,광주광역시,,,
163778c15b00d0e103a9,full_annotation_v1,A,q_신발_10,신방,패션·잡화 중 '신발'을 판매·제공하는 매장,train,신발,T6 기계변형,c5eee6d7-c020-4e15-ab45-03c436b8f6a9,준가방,가방,송탄시장(송북시장),전통시장,경기도,,,
7d494cf6a28bb3031f53,full_annotation_v1,A,q_신발_10,신방,패션·잡화 중 '신발'을 판매·제공하는 매장,train,신발,T6 기계변형,000a92b3-0b5e-429e-af00-f86e3570e24b,클로버,의류,관문상가시장,전통시장,대구광역시,,,
854297aeab6dba525400,full_annotation_v1,A,q_신발_10,신방,패션·잡화 중 '신발'을 판매·제공하는 매장,train,신발,T6 기계변형,326802f4-47d0-42aa-92bc-9dfedd414bc6,킹패션,가방,남대문시장,전통시장,서울특별시,,,
c958cec1083f7c7ddacc,full_annotation_v1,A,q_신발_10,신방,패션·잡화 중 '신발'을 판매·제공하는 매장,train,신발,T6 기계변형,c704f88d-4ea8-40a2-bce2-23af9ac7c7eb,팔방,한식,남이동길골목형상점가,골목형상점가,서울특별시,,,
76a8aab38b6320a751db,full_annotation_v1,A,q_신발_10,신방,패션·잡화 중 '신발'을 판매·제공하는 매장,train,신발,T6 기계변형,0e0a599f-5915-46c9-b2f5-cc2908cd7994,옛날 국밥집,한식,오치2동 골목형상점가,골목형상점가,광주광역시,,,
db2383115f3ece356800,full_annotation_v1,A,q_신발_10,신방,패션·잡화 중 '신발'을 판매·제공하는 매장,train,신발,T6 기계변형,38aeed2b-a328-4dde-8900-81a2ab764e24,신세계가방,가방,서산동부전통시장,전통시장,충청남도,,,
b596802455cc5cfc24c9,full_annotation_v1,A,q_신발_10,신방,패션·잡화 중 '신발'을 판매·제공하는 매장,train,신발,T6 기계변형,d3c9bc0a-8c39-43dd-ad52-c38638d62940,신방주잡곡,"쌀, 잡곡",서서울골목형상점가,골목형상점가,서울특별시,,,
cc07032cb401b3e22c1b,full_annotation_v1,A,q_신발_10,신방,패션·잡화 중 '신발'을 판매·제공하는 매장,train,신발,T6 기계변형,b6174b9a-cb02-40f3-8310-8e35d4cf7ed5,던킨천안신방점,커피 도넛,쌍용동 충무로1구역 골목형상점가,골목형상점가,충청남도,,,
a12b420f32ed80d5a5a4,full_annotation_v1,A,q_신발_10,신방,패션·잡화 중 '신발'을 판매·제공하는 매장,train,신발,T6 기계변형,ffb20e69-1742-499d-8bd7-b8e105547e6a,패션방,,대동시장,전통시장,대구광역시,,,
1e98426adc4fcd31dedb,full_annotation_v1,A,q_신발_10,신방,패션·잡화 중 '신발'을 판매·제공하는 매장,train,신발,T6 기계변형,1f04b9fa-c6d7-46d2-97b3-7c96b99bbb45,한식공방,,보성시장,전통시장,제주특별자치도,,,
11c7a082c8cf881fec9f,full_annotation_v1,A,q_신발_10,신방,패션·잡화 중 '신발'을 판매·제공하는 매장,train,신발,T6 기계변형,2f53d7f9-e0c5-4bc0-947f-25518490ec8c,나눔공방,신발,산청시장,전통시장,경상남도,,,
d295e76a2fa2f3915d3c,full_annotation_v1,A,q_신발_10,신방,패션·잡화 중 '신발'을 판매·제공하는 매장,train,신발,T6 기계변형,0bad5d50-e9d7-49dd-a111-58509151fbb9,자유보가,구두,부산자유시장,전통시장,부산광역시,,,
3fea949f8dcf7dfca74b,full_annotation_v1,A,q_신발_10,신방,패션·잡화 중 '신발'을 판매·제공하는 매장,train,신발,T6 기계변형,9eb96507-1608-4909-9da2-28a6122efbcc,모즈토리 신방점,헤어미용,쌍용동 충무로1구역 골목형상점가,골목형상점가,충청남도,,,
00348dbee73a9cbd9afe,full_annotation_v1,A,q_신발_10,신방,패션·잡화 중 '신발'을 판매·제공하는 매장,train,신발,T6 기계변형,053ae52d-4821-48bb-9c0b-2b1a9c75c514,화진수제화,구두,의정부역지하상가,일반지하상점가,경기도,,,
442c29a41c25d4d6f49e,full_annotation_v1,A,q_신발_10,신방,패션·잡화 중 '신발'을 판매·제공하는 매장,train,신발,T6 기계변형,07c63c84-650d-455f-81db-0c0f7e8d05f1,동신방앗간,곡류,방촌시장,전통시장,대구광역시,,,
e286fb207a7c43b1699e,full_annotation_v1,A,q_신발_10,신방,패션·잡화 중 '신발'을 판매·제공하는 매장,train,신발,T6 기계변형,c60658b9-7b9d-4aa2-b87b-e0f378cff1bc,호프광장,주류 일반음식,용산용문시장,전통시장,서울특별시,,,
ab916b47ec5f66793cb8,full_annotation_v1,A,q_신발_10,신방,패션·잡화 중 '신발'을 판매·제공하는 매장,train,신발,T6 기계변형,4913750d-087c-401b-a29e-685f89cd8be2,동신방앗간,방앗간,평택통복시장,전통시장,경기도,,,
3daa94c3df0d5438c37d,full_annotation_v1,A,q_신발_10,신방,패션·잡화 중 '신발'을 판매·제공하는 매장,train,신발,T6 기계변형,2dac5b1a-1c1b-4fd1-a0dc-c678f601fde4,난아상회,의류,부산자유시장,전통시장,부산광역시,,,
e5e00ece5fc2c4a2922d,full_annotation_v1,A,q_신발_10,신방,패션·잡화 중 '신발'을 판매·제공하는 매장,train,신발,T6 기계변형,bce76074-c668-4b3e-b806-29209ac1a1c8,킹가방,가방,계산시장,전통시장,인천광역시,,,
ad76b186c96a54c64212,full_annotation_v1,A,q_신발_10,신방,패션·잡화 중 '신발'을 판매·제공하는 매장,train,신발,T6 기계변형,23e32fdb-9728-4a98-a9c8-bdabba08bfa2,신기먹방,음식,신기시장,전통시장,인천광역시,,,
368d51431d3f9d69c43e,full_annotation_v1,A,q_신발_10,신방,패션·잡화 중 '신발'을 판매·제공하는 매장,train,신발,T6 기계변형,014602ec-34d6-41db-98d1-f7941ce5c2da,밝은 세탁,수선,노대물빛근린공원 골목형상점가,골목형상점가,광주광역시,,,
75d409a23e353805af55,full_annotation_v1,A,q_신발_10,신방,패션·잡화 중 '신발'을 판매·제공하는 매장,train,신발,T6 기계변형,00124602-ef4e-472c-91ee-de53b28d7530,화이트,의류,울산번개시장,전통시장,울산광역시,,,
c0aee311a70dcea16b8a,full_annotation_v1,A,q_신발_10,신방,패션·잡화 중 '신발'을 판매·제공하는 매장,train,신발,T6 기계변형,f2003989-6b0a-4717-949e-8aa8362f19b8,스타일마리오,신방,잠실역지하쇼핑센터,일반지하상점가,서울특별시,,,
27ae90c7c070f3570fd5,full_annotation_v1,A,q_신발_10,신방,패션·잡화 중 '신발'을 판매·제공하는 매장,train,신발,T6 기계변형,9d5eef5f-f122-4149-ac83-666eee09df65,왕새우나라 용곡신방점,해산물,풍세로세광 골목형상점가,골목형상점가,충청남도,,,
d63668e6b1abda52890d,full_annotation_v1,A,q_신발_10,신방,패션·잡화 중 '신발'을 판매·제공하는 매장,train,신발,T6 기계변형,ad9b1284-9f3d-42e8-8116-f21a410d03c0,신일가방,가방,남원용남시장,전통시장,전북특별자치도,,,
78bd1c04639466f636ae,full_annotation_v1,A,q_신발_10,신방,패션·잡화 중 '신발'을 판매·제공하는 매장,train,신발,T6 기계변형,f1602e40-e0e9-47d0-88f1-b8042b555c50,신용수산상회,수산물,염주먹자골목B구역상인회 골목형상점가,골목형상점가,광주광역시,,,
2192fada6f8cf58ab1b6,full_annotation_v1,A,q_신발_10,신방,패션·잡화 중 '신발'을 판매·제공하는 매장,train,신발,T6 기계변형,f9fa5c5b-4a80-4f7d-a4db-7a6a91fe97c4,노니,신발 가방,서면지하도상가 서면몰(대현프리몰),일반지하상점가,부산광역시,,,
25eb9ee4329f2b453d07,full_annotation_v1,A,q_신발_10,신방,패션·잡화 중 '신발'을 판매·제공하는 매장,train,신발,T6 기계변형,02db4104-b701-453b-a7ef-cf0c3014ffde,광명디자인,수선,서문시장아진상가,전통시장,대구광역시,,,
033e1b6c662ba80e7501,full_annotation_v1,A,q_신발_10,신방,패션·잡화 중 '신발'을 판매·제공하는 매장,train,신발,T6 기계변형,c8b0a6db-23f6-463e-9699-fe4a735a72ee,예찬가방,가방 신발,중랑교종합상가,전통시장,서울특별시,,,
d7b3dbdf5b331fbfcd4e,full_annotation_v1,A,q_아이스크림_01,아이스크림,카페·디저트 중 '아이스크림'을 판매·제공하는 매장,test,아이스크림,T1 정확표기,27be6c5c-96f7-4fc9-9d77-e3eca1950531,베스킨라빈스효자점,아이스크림,거마평로 골목형상점가,골목형상점가,전북특별자치도,,,
52702f5bbb27f04cd82c,full_annotation_v1,A,q_아이스크림_01,아이스크림,카페·디저트 중 '아이스크림'을 판매·제공하는 매장,test,아이스크림,T1 정확표기,ecda7c51-6211-4ea8-9f2d-e10a6a5d2a0d,배스킨라빈스,아이스크림,진해중앙시장,전통시장,경상남도,,,
ea3bfa46196946f8a452,full_annotation_v1,A,q_아이스크림_01,아이스크림,카페·디저트 중 '아이스크림'을 판매·제공하는 매장,test,아이스크림,T1 정확표기,b0741ffd-d17f-4ee1-ac61-46842169ec76,달시 아이스크림,아이스크림,세종 반딧불 골목형상점가,골목형상점가,세종특별자치시,,,
eb7bd8cb0418913225e2,full_annotation_v1,A,q_아이스크림_01,아이스크림,카페·디저트 중 '아이스크림'을 판매·제공하는 매장,test,아이스크림,T1 정확표기,93fe52d4-464d-408c-a8ae-65701581baac,아이스크림저장소 본점,아이스크림,백석한들1번가 골목형상점가,골목형상점가,충청남도,,,
35d37aae82cdde79300a,full_annotation_v1,A,q_아이스크림_01,아이스크림,카페·디저트 중 '아이스크림'을 판매·제공하는 매장,test,아이스크림,T1 정확표기,1428855c-0a3d-4d56-ae6e-1fc568997b08,배스킨라빈스,아이스크림,동오마을골목형상점가,골목형상점가,경기도,,,
5e0fa886893fcf30c8e2,full_annotation_v1,A,q_아이스크림_01,아이스크림,카페·디저트 중 '아이스크림'을 판매·제공하는 매장,test,아이스크림,T1 정확표기,2161e91d-1b65-4ee4-b517-2a2a02c02056,카페요아정,아이스크림,상암마을상인회 골목형상점가,골목형상점가,광주광역시,,,
9f2257eff55386118f1a,full_annotation_v1,A,q_아이스크림_01,아이스크림,카페·디저트 중 '아이스크림'을 판매·제공하는 매장,test,아이스크림,T1 정확표기,bf1b1aca-fdd8-4fa7-b590-50d3a6dc0aa2,심윤희헤어,미용업,효자시장,전통시장,경상북도,,,
dd0681601d377fd63a8e,full_annotation_v1,A,q_아이스크림_01,아이스크림,카페·디저트 중 '아이스크림'을 판매·제공하는 매장,test,아이스크림,T1 정확표기,b1e72c5c-3483-4476-b88e-6461ff5842ea,아이러브 아이스크림,"아이스크림, 문구",매봉 골목형상점가,골목형상점가,광주광역시,,,
1081f663c614557972d1,full_annotation_v1,A,q_아이스크림_01,아이스크림,카페·디저트 중 '아이스크림'을 판매·제공하는 매장,test,아이스크림,T1 정확표기,f6b0d774-44d5-462b-9359-acf6609709b7,배스킨라빈스울산명촌점,아이스크림,명촌 골목형상점가,골목형상점가,울산광역시,,,
bfbcacc40790fe7a34f3,full_annotation_v1,A,q_아이스크림_01,아이스크림,카페·디저트 중 '아이스크림'을 판매·제공하는 매장,test,아이스크림,T1 정확표기,f430e389-14dc-4681-a762-b5fe912c6fe7,요아정,아이스크림,전대예대 골목형상점가,골목형상점가,광주광역시,,,
816f9f76e7c3449261d5,full_annotation_v1,A,q_아이스크림_01,아이스크림,카페·디저트 중 '아이스크림'을 판매·제공하는 매장,test,아이스크림,T1 정확표기,65b80261-f2cf-4710-95fc-effd63ee610e,아로카,아이스크림,단양구경시장(단양인정시장),전통시장,충청북도,,,
dac21101311d95395e03,full_annotation_v1,A,q_아이스크림_01,아이스크림,카페·디저트 중 '아이스크림'을 판매·제공하는 매장,test,아이스크림,T1 정확표기,c6af48f6-ce10-4aa6-afd6-6a168b2f9276,노마진아이스크림,아이스크림,결초보은시장(구 보은종합시장),전통시장,충청북도,,,
0cd2de1c5991bb8ab126,full_annotation_v1,A,q_아이스크림_01,아이스크림,카페·디저트 중 '아이스크림'을 판매·제공하는 매장,test,아이스크림,T1 정확표기,2ff44762-6cba-4602-985b-e131623c8a26,배스킨라빈스,아이스크림,소사벌 에듀타운 상인회 골목형상점가,골목형상점가,경기도,,,
18fca07f1ed583d47ade,full_annotation_v1,A,q_아이스크림_01,아이스크림,카페·디저트 중 '아이스크림'을 판매·제공하는 매장,test,아이스크림,T1 정확표기,f61f339e-233b-4542-a6c8-0b81872aa9d4,카페요아정,아이스크림,반곡동행복 골목형상점가,골목형상점가,세종특별자치시,,,
1f3648a32df30bfaeb3b,full_annotation_v1,A,q_아이스크림_01,아이스크림,카페·디저트 중 '아이스크림'을 판매·제공하는 매장,test,아이스크림,T1 정확표기,a6f3546c-a91c-474a-9b0a-8a10f2fdb7a2,삼거리상회,,진주 청과시장,전통시장,경상남도,,,
46e88127fb59306213a8,full_annotation_v1,A,q_아이스크림_01,아이스크림,카페·디저트 중 '아이스크림'을 판매·제공하는 매장,test,아이스크림,T1 정확표기,141d4a90-41cc-4fd8-9f2b-fe8f91b8540b,서빙고 아이스크림,아이스크림,선교지구 골목형상점가,골목형상점가,광주광역시,,,
1606b3a8eaf90ca3cb8b,full_annotation_v1,A,q_아이스크림_01,아이스크림,카페·디저트 중 '아이스크림'을 판매·제공하는 매장,test,아이스크림,T1 정확표기,2493086a-33e7-4cfd-beef-393f26f354a3,삼바리,해물탕해산물낙지요리,봉선2로 골목형상점가,골목형상점가,광주광역시,,,
16af5253136320f560cc,full_annotation_v1,A,q_아이스크림_01,아이스크림,카페·디저트 중 '아이스크림'을 판매·제공하는 매장,test,아이스크림,T1 정확표기,ddc41524-a62b-44a8-aefb-d8a7a1208698,배스킨라빈스,아이스크림,호계중앙 골목형상점가,골목형상점가,울산광역시,,,
54de1970a61ad2b99117,full_annotation_v1,A,q_아이스크림_01,아이스크림,카페·디저트 중 '아이스크림'을 판매·제공하는 매장,test,아이스크림,T1 정확표기,35d4161b-3516-4041-9e33-ef4f2687b86e,아이스랜드,아이스크림,아름다운별장거리골목형상점가,골목형상점가,서울특별시,,,
aee9ec4ab3aad5d93444,full_annotation_v1,A,q_아이스크림_01,아이스크림,카페·디저트 중 '아이스크림'을 판매·제공하는 매장,test,아이스크림,T1 정확표기,90110b15-b2c2-4093-a7f7-69c5c0c62857,배스킨라빈스,아이스크림,제민천 골목형상점가,골목형상점가,충청남도,,,
8f0334eb22aa92e679dd,full_annotation_v1,A,q_아이스크림_01,아이스크림,카페·디저트 중 '아이스크림'을 판매·제공하는 매장,test,아이스크림,T1 정확표기,be378247-05fe-4e57-a92a-30f78f833c34,베스킨라빈스구미원평,아이스크림,구미역중앙 골목형상점가,골목형상점가,경상북도,,,
4ac8dc9e23a06140271b,full_annotation_v1,A,q_아이스크림_01,아이스크림,카페·디저트 중 '아이스크림'을 판매·제공하는 매장,test,아이스크림,T1 정확표기,337ff432-40f8-4a74-8e85-822cb2973097,요맛,아이스크림,늘솔길상인회 골목형상점가,골목형상점가,광주광역시,,,
953ce34691848552a206,full_annotation_v1,A,q_아이스크림_01,아이스크림,카페·디저트 중 '아이스크림'을 판매·제공하는 매장,test,아이스크림,T1 정확표기,b090dd3f-6319-4433-8a68-21428f2d7dbc,베스킨라빈스,아이스크림,왕지상가,자율상권구역,전라남도,,,
f6940b334244bda9135c,full_annotation_v1,A,q_아이스크림_01,아이스크림,카페·디저트 중 '아이스크림'을 판매·제공하는 매장,test,아이스크림,T1 정확표기,fc022989-e5f9-45bb-98ed-414169839722,햄즈,아이스크림,불당지웰4블럭 골목형상점가,골목형상점가,충청남도,,,
498ca9c30073f2d00d5d,full_annotation_v1,A,q_아이스크림_01,아이스크림,카페·디저트 중 '아이스크림'을 판매·제공하는 매장,test,아이스크림,T1 정확표기,82556a5d-dd06-4bae-9852-4d5d28137ad2,별별마트,아이스크림,솔샘시장 골목형상점가,골목형상점가,서울특별시,,,
026a60d428734b5a2ca5,full_annotation_v1,A,q_아이스크림_01,아이스크림,카페·디저트 중 '아이스크림'을 판매·제공하는 매장,test,아이스크림,T1 정확표기,af7bcf77-b8fa-455b-919a-2138e34fe73c,세종나성베를린음악원,교육서비스,나릿재 골목형상점가,골목형상점가,세종특별자치시,,,
dbf9a7ddd345952dbd42,full_annotation_v1,A,q_아이스크림_01,아이스크림,카페·디저트 중 '아이스크림'을 판매·제공하는 매장,test,아이스크림,T1 정확표기,0151a644-5334-41e3-9673-7fba6e1e423d,베스킨라빈스 양평시장점,아이스크림,양평물맑은시장,전통시장,경기도,,,
50b85988a3941dbb67b0,full_annotation_v1,A,q_아이스크림_01,아이스크림,카페·디저트 중 '아이스크림'을 판매·제공하는 매장,test,아이스크림,T1 정확표기,858660da-8a15-4f5b-a6e1-6a1b58822c73,베스킨라빈스,아이스크림,용인중앙시장,전통시장,경기도,,,
34ed2edda09044951755,full_annotation_v1,A,q_아이스크림_01,아이스크림,카페·디저트 중 '아이스크림'을 판매·제공하는 매장,test,아이스크림,T1 정확표기,02c6f507-3bec-4c43-9d26-d6ef79c1226b,애니타임 선부역점,아이스크림 등,선부광장로상점가,자율상권구역,경기도,,,
5f6ba28e948dfa33829e,full_annotation_v1,A,q_아이스크림_01,아이스크림,카페·디저트 중 '아이스크림'을 판매·제공하는 매장,test,아이스크림,T1 정확표기,da0e6196-3ceb-4b2d-a236-5877024635b1,메리엘스 아이스크림,아이스크림,대전아이파크시티 골목형상점가,골목형상점가,대전광역시,,,
34e04e8a2484739bb285,full_annotation_v1,A,q_아이스크림_01,아이스크림,카페·디저트 중 '아이스크림'을 판매·제공하는 매장,test,아이스크림,T1 정확표기,d8a4d6a8-fa34-47b5-a25f-3d818a44e257,컵앤콘,아이스크림,충주무학시장,전통시장,충청북도,,,
5fb94d49b1f34e4e312d,full_annotation_v1,A,q_아이스크림_01,아이스크림,카페·디저트 중 '아이스크림'을 판매·제공하는 매장,test,아이스크림,T1 정확표기,d77ec76a-1d48-4f5e-a619-e949ec940289,아이스크림,아이스크림 과자 음료수,나릿재마크원 골목형상점가,골목형상점가,세종특별자치시,,,
7bdd45f29a798e68a1a6,full_annotation_v1,A,q_아이스크림_01,아이스크림,카페·디저트 중 '아이스크림'을 판매·제공하는 매장,test,아이스크림,T1 정확표기,b553f3ca-aa1b-4a35-9272-2ac1467c32e4,요거트아이스크림의정석,아이스크림,수완하나로 골목형상점가,골목형상점가,광주광역시,,,
9a9a63f6e364804afa7d,full_annotation_v1,A,q_아이스크림_01,아이스크림,카페·디저트 중 '아이스크림'을 판매·제공하는 매장,test,아이스크림,T1 정확표기,fdef97b9-751b-4525-9a49-bc60f9135575,돼지잔치,한식,서부시장상점가(서부시장 통합),전통시장,전북특별자치도,,,
395af74e06f144b64cae,full_annotation_v1,A,q_아이스크림_01,아이스크림,카페·디저트 중 '아이스크림'을 판매·제공하는 매장,test,아이스크림,T1 정확표기,87a1345d-cd8f-4c19-81b8-0e8f70fcf866,아이스크림 할인점,아이스크림 및 과자,매곡 가인 골목형상점가,골목형상점가,광주광역시,,,
0602163a67d5b558ba95,full_annotation_v1,A,q_아이스크림_01,아이스크림,카페·디저트 중 '아이스크림'을 판매·제공하는 매장,test,아이스크림,T1 정확표기,67456652-ae37-413f-be89-46afd2a6094f,치치퐁,아이스크림,모슬포 중앙시장,전통시장,제주특별자치도,,,
7ab3958022c6c1a54de9,full_annotation_v1,A,q_아이스크림_01,아이스크림,카페·디저트 중 '아이스크림'을 판매·제공하는 매장,test,아이스크림,T1 정확표기,2be44ed2-b665-402c-8379-53f07827949f,아이스크림의유래,아이스크림,새호반 골목형상점가,골목형상점가,세종특별자치시,,,
46b3746519fdd0f9caee,full_annotation_v1,A,q_아이스크림_01,아이스크림,카페·디저트 중 '아이스크림'을 판매·제공하는 매장,test,아이스크림,T1 정확표기,28ee6327-7475-4852-a8be-c0110d6ebd24,배스킨라빈스,아이스크림,목3동골목형상점가,골목형상점가,서울특별시,,,
0de809a0e2cf43302fe0,full_annotation_v1,A,q_아이스크림_01,아이스크림,카페·디저트 중 '아이스크림'을 판매·제공하는 매장,test,아이스크림,T1 정확표기,e6d1b971-a9ca-4bd2-8765-b87d2a889939,베스킨라빈스,아이스크림,고대 골목형상점가,골목형상점가,서울특별시,,,
d93ed57087b483254961,full_annotation_v1,A,q_아이스크림_01,아이스크림,카페·디저트 중 '아이스크림'을 판매·제공하는 매장,test,아이스크림,T1 정확표기,fa0fb8c4-2d68-4160-90e8-7fa7a5698c12,커피 앤 아이스크림,,승달 골목형상점가,골목형상점가,,,,
bb03190185a12f4469ed,full_annotation_v1,A,q_아이스크림_01,아이스크림,카페·디저트 중 '아이스크림'을 판매·제공하는 매장,test,아이스크림,T1 정확표기,a1c012fd-eac4-4054-b3e8-8a51e1eb721c,버블망고,아이스크림,설악로데오거리상점가,자율상권구역,강원특별자치도,,,
6753b8a210373b5dfc5b,full_annotation_v1,A,q_아이스크림_01,아이스크림,카페·디저트 중 '아이스크림'을 판매·제공하는 매장,test,아이스크림,T1 정확표기,91bd6521-93b7-48a1-9013-892c8ce54bb2,베스킨라빈스화서사거리점,아이스크림,화서1동 소상공인 골목형상점가,골목형상점가,경기도,,,
fe732922bc318b936e6e,full_annotation_v1,A,q_아이스크림_01,아이스크림,카페·디저트 중 '아이스크림'을 판매·제공하는 매장,test,아이스크림,T1 정확표기,ddcd7aed-f742-49e3-baef-1520af960c48,배스킨라빈스,아이스크림,반석동 골목형상점가,골목형상점가,대전광역시,,,
6bf0fa90d7d616320240,full_annotation_v1,A,q_아이스크림_01,아이스크림,카페·디저트 중 '아이스크림'을 판매·제공하는 매장,test,아이스크림,T1 정확표기,e6e88790-75b9-47b2-8800-cfaf0df49b07,배스킨라빈스세종한솔점,아이스크림,한솔동 5~6단지상점가,자율상권구역,세종특별자치시,,,
e59245f27c894443c6cb,full_annotation_v1,A,q_아이스크림_01,아이스크림,카페·디저트 중 '아이스크림'을 판매·제공하는 매장,test,아이스크림,T1 정확표기,09d71b06-1b02-467a-9128-dc7be76214e2,배스킨라빈스,아이스크림,쌍리단길상점가,자율상권구역,서울특별시,,,
11038bd9a5bd48de81eb,full_annotation_v1,A,q_아이스크림_01,아이스크림,카페·디저트 중 '아이스크림'을 판매·제공하는 매장,test,아이스크림,T1 정확표기,242c0534-bead-4956-a82d-e44d5acbd49b,K2 Hair,미용,녹두S밸리골목형상점가,골목형상점가,서울특별시,,,
a86cb1f6a463c0f5341e,full_annotation_v1,A,q_아이스크림_01,아이스크림,카페·디저트 중 '아이스크림'을 판매·제공하는 매장,test,아이스크림,T1 정확표기,7db42b5e-f536-46b8-9232-bd5f73c747de,보떼석남점,화장품,신거북시장,전통시장,인천광역시,,,
4a4c66956736ec8c8b05,full_annotation_v1,A,q_아이스크림_01,아이스크림,카페·디저트 중 '아이스크림'을 판매·제공하는 매장,test,아이스크림,T1 정확표기,c2d31cd0-84de-41b0-be1b-a5b3906e603a,빙점강하력,아이스크림,신흥시장,전통시장,서울특별시,,,
20147c74a2ebc6a3f145,full_annotation_v1,A,q_아이스크림_01,아이스크림,카페·디저트 중 '아이스크림'을 판매·제공하는 매장,test,아이스크림,T1 정확표기,61c325c4-259e-479e-8bad-2d342f0df064,아이스따봉,아이스크림,왕십리무학봉상점가,자율상권구역,서울특별시,,,
1508ba2b841cb0ab6ac1,full_annotation_v1,A,q_아이스크림_01,아이스크림,카페·디저트 중 '아이스크림'을 판매·제공하는 매장,test,아이스크림,T1 정확표기,218814ce-cb51-4ca1-a546-3f300f732170,아이스크림 할인점,아이스크림 과자류,쌍촌로상인회 골목형상점가,골목형상점가,광주광역시,,,
f3ceceadb43fff750ee0,full_annotation_v1,A,q_아이스크림_01,아이스크림,카페·디저트 중 '아이스크림'을 판매·제공하는 매장,test,아이스크림,T1 정확표기,47092f59-c059-44b7-8798-3176e569cfd0,아이스천국아이스크림,아이스크림 과자 문구 완구,엄사 골목형상점가,골목형상점가,충청남도,,,
239a3f9eafbf5f0d86b2,full_annotation_v1,A,q_아이스크림_01,아이스크림,카페·디저트 중 '아이스크림'을 판매·제공하는 매장,test,아이스크림,T1 정확표기,414d02d9-0e89-4c75-8214-9a6d8011cceb,연안수산,활어,인천종합어시장,전통시장,인천광역시,,,
204d4728275d1a7862be,full_annotation_v1,A,q_아이스크림_01,아이스크림,카페·디저트 중 '아이스크림'을 판매·제공하는 매장,test,아이스크림,T1 정확표기,33961e90-783f-418f-a558-ddba8db4bd66,요거트월드,아이스크림,백석한들1번가 골목형상점가,골목형상점가,충청남도,,,
d4d8d9a0e2ded8ed4cb1,full_annotation_v1,A,q_아이스크림_01,아이스크림,카페·디저트 중 '아이스크림'을 판매·제공하는 매장,test,아이스크림,T1 정확표기,5eb43fac-babe-474c-af6c-41cdd7e1731c,아이스베리,아이스크림,천호로데오거리상점가,자율상권구역,서울특별시,,,
4c43b5cd8abe3e8e68ee,full_annotation_v1,A,q_아이스크림_01,아이스크림,카페·디저트 중 '아이스크림'을 판매·제공하는 매장,test,아이스크림,T1 정확표기,1fcb392b-a989-46fd-b9c2-28d8a3988af7,꽃봉자,아이스크림,차이나타운로 상점가,자율상권구역,인천광역시,,,
ad01396b4cbba137700c,full_annotation_v1,A,q_아이스크림_01,아이스크림,카페·디저트 중 '아이스크림'을 판매·제공하는 매장,test,아이스크림,T1 정확표기,ac6d572a-6bca-4846-aa80-d75db51e57b7,뉴아이스께끼공장,아이스크림,성대시장골목형상점가,골목형상점가,서울특별시,,,
2bbcb225e4f77a074806,full_annotation_v1,A,q_아이스크림_01,아이스크림,카페·디저트 중 '아이스크림'을 판매·제공하는 매장,test,아이스크림,T1 정확표기,34e9ea7e-e261-4e07-a1c1-58b59bc8ae61,배스킨라빈스,아이스크림,계림그랜드센트럴 골목형상점가,골목형상점가,광주광역시,,,
2e5b46d44e24687a0840,full_annotation_v1,A,q_아이스크림_01,아이스크림,카페·디저트 중 '아이스크림'을 판매·제공하는 매장,test,아이스크림,T1 정확표기,fcc32667-91b0-492a-a15f-4c76e5bbd795,진미식품,식육점,영해종합시장,전통시장,부산광역시,,,
6faaf474ca89f5340d1c,full_annotation_v1,A,q_아이스크림_01,아이스크림,카페·디저트 중 '아이스크림'을 판매·제공하는 매장,test,아이스크림,T1 정확표기,9f1419c5-cafd-4a37-b822-858437911d26,아이스마트,아이스크림,창원 대동중앙상가,전통시장,경상남도,,,
1f91d5fe2c78b9f6ed23,full_annotation_v1,A,q_아이스크림_01,아이스크림,카페·디저트 중 '아이스크림'을 판매·제공하는 매장,test,아이스크림,T1 정확표기,118805a0-52c8-42d1-bf26-664b5312c3e6,아이스크림 할인점,아이스크림 과자,우미린상가,골목형상점가,전라남도,,,
56fa5d4194a526742791,full_annotation_v1,A,q_아이스크림_01,아이스크림,카페·디저트 중 '아이스크림'을 판매·제공하는 매장,test,아이스크림,T1 정확표기,0d7a6368-982e-44b8-b4bb-1bea82c5a338,아이스크림 마을,아이스크림,호매실역중심상가 골목형상점가,골목형상점가,경기도,,,
2c217bf6f4a51391b59a,full_annotation_v1,A,q_아이스크림_01,아이스크림,카페·디저트 중 '아이스크림'을 판매·제공하는 매장,test,아이스크림,T1 정확표기,aefacf1e-f73e-4555-b81f-5df7ccdd0f5f,글라쇼,아이스크림,더센트럴 골목형상점가,골목형상점가,세종특별자치시,,,
6bb478d1676e357941fa,full_annotation_v1,A,q_아이스크림_01,아이스크림,카페·디저트 중 '아이스크림'을 판매·제공하는 매장,test,아이스크림,T1 정확표기,f25de404-93ad-4133-bf62-c74cc15a372c,광주상회,젓갈,소래포구전통어시장,전통시장,인천광역시,,,
830ca2612421e5f80e05,full_annotation_v1,A,q_아이스크림_01,아이스크림,카페·디저트 중 '아이스크림'을 판매·제공하는 매장,test,아이스크림,T1 정확표기,6a30c197-27e0-4af5-8577-f8c169c49c78,아짱,아이스크림,오치서산초 골목형상점가,골목형상점가,광주광역시,,,
6bad0b8d016ebf36d0d3,full_annotation_v1,A,q_아이스크림_01,아이스크림,카페·디저트 중 '아이스크림'을 판매·제공하는 매장,test,아이스크림,T1 정확표기,3bf47607-965f-4657-867c-62774bf9933b,아붕,아이스크림,북촌계동길골목형상점가,골목형상점가,서울특별시,,,
0ffe81666f676f0ec4a8,full_annotation_v1,A,q_아이스크림_01,아이스크림,카페·디저트 중 '아이스크림'을 판매·제공하는 매장,test,아이스크림,T1 정확표기,85fcb64b-3bc2-4399-b0e4-b3dfccc8f604,마루인테리어,벽지장판,더불어용두 골목형상점가,골목형상점가,광주광역시,,,
9d4cdcf329c76088944f,full_annotation_v1,A,q_아이스크림_01,아이스크림,카페·디저트 중 '아이스크림'을 판매·제공하는 매장,test,아이스크림,T1 정확표기,c47df20f-3861-41f3-b8f9-5a5581275449,통쿨,아이스크림,중리시장,전통시장,대전광역시,,,
1d56597f2ecc30436bb4,full_annotation_v1,A,q_아이스크림_01,아이스크림,카페·디저트 중 '아이스크림'을 판매·제공하는 매장,test,아이스크림,T1 정확표기,84f5b05e-99ce-48f2-adc9-d796e7f99c58,누리스크림,아이스크림,누리종합상가 골목형상점가,골목형상점가,대전광역시,,,
e463fb0e1e4cda69e3e7,full_annotation_v1,A,q_아이스크림_01,아이스크림,카페·디저트 중 '아이스크림'을 판매·제공하는 매장,test,아이스크림,T1 정확표기,08ce7dfa-d1b0-4b92-90c0-cf442c342f5f,배스킨라빈스울산성남,아이스크림,젊음의거리 상점가,자율상권구역,울산광역시,,,
a1867cca7ee5ca451d86,full_annotation_v1,A,q_아이스크림_01,아이스크림,카페·디저트 중 '아이스크림'을 판매·제공하는 매장,test,아이스크림,T1 정확표기,fb920894-12bc-4843-b272-508c9c06dd4a,푸우 아이스크림,아이스크림 붕어빵,금암중심상가 골목형상점가,골목형상점가,경기도,,,
92760bc22aed48449a61,full_annotation_v1,A,q_아이스크림_01,아이스크림,카페·디저트 중 '아이스크림'을 판매·제공하는 매장,test,아이스크림,T1 정확표기,c5ca47aa-6daa-4729-b59d-6a40e7942bae,아이스크림에 빠진 날,아이스크림,공주산성 활성화구역,전통시장,충청남도,,,
4a5a84893e4dab7b64e9,full_annotation_v1,A,q_아이스크림_01,아이스크림,카페·디저트 중 '아이스크림'을 판매·제공하는 매장,test,아이스크림,T1 정확표기,c2c75ee5-f210-44bc-bd49-66ad144e09d7,투아트게임방,플스방,녹두S밸리골목형상점가,골목형상점가,서울특별시,,,
07945c1b595393b2171e,full_annotation_v1,A,q_아이스크림_01,아이스크림,카페·디저트 중 '아이스크림'을 판매·제공하는 매장,test,아이스크림,T1 정확표기,00bf15c0-0f81-4da4-b79f-86e400e010d2,아이스크림스토리 미사효성해링턴점,아이스크림,미사강변 골목형상점가,골목형상점가,경기도,,,
a96a953a4abca1dca461,full_annotation_v1,A,q_아이스크림_01,아이스크림,카페·디저트 중 '아이스크림'을 판매·제공하는 매장,test,아이스크림,T1 정확표기,dae43f6e-a99c-45f9-bbd8-54ba99b950f7,아이스까까,아이스크림 등,하남시동석바대상점가,자율상권구역,경기도,,,
66d08b272fb5bb31dcfd,full_annotation_v1,A,q_아이스크림_01,아이스크림,카페·디저트 중 '아이스크림'을 판매·제공하는 매장,test,아이스크림,T1 정확표기,b6319b64-8f3f-4170-81eb-3bf115b1cbc9,주월문빵구,아이스크림,주월1동서문대로 골목형상점가,골목형상점가,광주광역시,,,
9786fa324e17e3a396bb,full_annotation_v1,A,q_아이스크림_01,아이스크림,카페·디저트 중 '아이스크림'을 판매·제공하는 매장,test,아이스크림,T1 정확표기,b257eb6d-e965-4d67-8232-642ed3f3d66c,아이스크림전문점,아이스크림,상주남성시장,전통시장,경상북도,,,
c35744c4eecc2f19a160,full_annotation_v1,A,q_아이스크림_01,아이스크림,카페·디저트 중 '아이스크림'을 판매·제공하는 매장,test,아이스크림,T1 정확표기,27de8669-9780-435c-b683-8a0270a7a154,베스킨라빈스,아이스크림,서귀포중심상가번영회,자율상권구역,제주특별자치도,,,
dc6bc77368942f6ec4f3,full_annotation_v1,A,q_아이스크림_01,아이스크림,카페·디저트 중 '아이스크림'을 판매·제공하는 매장,test,아이스크림,T1 정확표기,16a3e56a-76ca-4f22-863f-133e6bc33679,아이스크림,음식점,하동 화개장터,전통시장,경상남도,,,
1ef13a66dd314ecb11fc,full_annotation_v1,A,q_아이스크림_01,아이스크림,카페·디저트 중 '아이스크림'을 판매·제공하는 매장,test,아이스크림,T1 정확표기,e2b1dc41-01e5-406d-af7e-aedca56f6dd8,베스킨라빈스,아이스크림,팔등로기부거리,골목형상점가,울산광역시,,,
9969ee215d589811dbca,full_annotation_v1,A,q_아이스크림_01,아이스크림,카페·디저트 중 '아이스크림'을 판매·제공하는 매장,test,아이스크림,T1 정확표기,d9a89d5f-2df9-4701-99ff-691e0cc643f3,노마진 아이스크림 통영점,아이스크림,통영 북신전통시장,전통시장,경상남도,,,
5322b90f88299073fed6,full_annotation_v1,A,q_아이스크림_01,아이스크림,카페·디저트 중 '아이스크림'을 판매·제공하는 매장,test,아이스크림,T1 정확표기,b181af84-5425-464b-b608-6037fc841e99,플랑크톤,아이스크림,LC타워거리 골목형상점가,골목형상점가,광주광역시,,,
5128dc25d19d1ab0e87f,full_annotation_v1,A,q_아이스크림_01,아이스크림,카페·디저트 중 '아이스크림'을 판매·제공하는 매장,test,아이스크림,T1 정확표기,70f3c6cd-dcee-463d-962d-4b8384e568a9,빛다르다,"커피, 디저트, 음료",빛가람 호수로 골목형상점가,골목형상점가,전라남도,,,
59626ccd028aeca8ebc1,full_annotation_v1,A,q_아이스크림_01,아이스크림,카페·디저트 중 '아이스크림'을 판매·제공하는 매장,test,아이스크림,T1 정확표기,2b947da4-fa95-41fd-8905-53dff2db4a7b,라하네아이스크림,아이스크림 및 과자류,우산행복주택,골목형상점가,광주광역시,,,
73de78c220ab34f8b713,full_annotation_v1,A,q_아이스크림_01,아이스크림,카페·디저트 중 '아이스크림'을 판매·제공하는 매장,test,아이스크림,T1 정확표기,961df5dc-8020-4147-8ddb-6f105439f880,신가떡전문점,떡류,운남동우체국 골목형상점가,골목형상점가,광주광역시,,,
6d985c8b652053cfe7d4,full_annotation_v1,A,q_아이스크림_01,아이스크림,카페·디저트 중 '아이스크림'을 판매·제공하는 매장,test,아이스크림,T1 정확표기,20440c05-0f5c-478e-98b1-ffe252282c5c,얼음왕국 아이스크림 할인점,아이스크림,은구비서로사회적협동조합 골목형상점가,골목형상점가,대전광역시,,,
30efda89ebeb43de4c8f,full_annotation_v1,A,q_아이스크림_01,아이스크림,카페·디저트 중 '아이스크림'을 판매·제공하는 매장,test,아이스크림,T1 정확표기,8a1e1df8-6274-4012-9d32-a70341f2a9a2,나릿재나성태권도,태권도,나릿재 골목형상점가,골목형상점가,세종특별자치시,,,
d58f2e64732b86d9817f,full_annotation_v1,A,q_아이스크림_01,아이스크림,카페·디저트 중 '아이스크림'을 판매·제공하는 매장,test,아이스크림,T1 정확표기,00e24176-795e-4e89-826c-c440bb158010,요거트퍼플 고양화정점,아이스크림,화정문화의거리 골목형상점가,골목형상점가,경기도,,,
32c4fe64d0e7114a89f1,full_annotation_v1,A,q_아이스크림_01,아이스크림,카페·디저트 중 '아이스크림'을 판매·제공하는 매장,test,아이스크림,T1 정확표기,d57342ca-bbd7-4340-b600-beb3748765d2,꿀벌땅콩빵,아이스크림,도마큰시장,전통시장,대전광역시,,,
fd49317ff07f6754362e,full_annotation_v1,A,q_아이스크림_01,아이스크림,카페·디저트 중 '아이스크림'을 판매·제공하는 매장,test,아이스크림,T1 정확표기,0313ac7b-2bcf-483f-8f18-e2257086c876,더까까주까,아이스크림,나성BRT 골목형상점가,골목형상점가,세종특별자치시,,,
355cb4f9605bfdd064b7,full_annotation_v1,A,q_아이스크림_01,아이스크림,카페·디저트 중 '아이스크림'을 판매·제공하는 매장,test,아이스크림,T1 정확표기,f20dc125-e26e-44e5-be1a-a71bd3c0d55b,배스킨라빈스,아이스크림,당진원시가지상가,자율상권구역,충청남도,,,
885808c65bc512c4a7c9,full_annotation_v1,A,q_아이스크림_01,아이스크림,카페·디저트 중 '아이스크림'을 판매·제공하는 매장,test,아이스크림,T1 정확표기,5872970d-c4f1-4abf-a4b3-0f2a59aac2cf,베스킨라빈스,아이스크림,의왕역 골목형상점가,골목형상점가,경기도,,,
8bcca2b5a75cc76bc5e6,full_annotation_v1,A,q_아이스크림_01,아이스크림,카페·디저트 중 '아이스크림'을 판매·제공하는 매장,test,아이스크림,T1 정확표기,035d8e83-4955-46ed-9364-7287170ef899,(주)대장종합상사,"키링, 아이스크림, 과자, 생활잡화",나주 영산포 자율상권구역,,전라남도,,,
0d0ede85ba702fdffaec,full_annotation_v1,A,q_아이스크림_01,아이스크림,카페·디저트 중 '아이스크림'을 판매·제공하는 매장,test,아이스크림,T1 정확표기,984dca55-ff4e-41b1-b53a-5237216d2cb6,베스킨라빈스,아이스크림,이천터미널상점가,자율상권구역,경기도,,,
33c437be1a99472b78d3,full_annotation_v1,A,q_아이스크림_01,아이스크림,카페·디저트 중 '아이스크림'을 판매·제공하는 매장,test,아이스크림,T1 정확표기,f4808084-d606-470f-b179-2b1c43296829,배스킨라빈스전주삼천점,아이스크림,삼천동제일 골목형상점가,골목형상점가,전북특별자치도,,,
90e67b5dae25818a45f1,full_annotation_v1,A,q_아이스크림_01,아이스크림,카페·디저트 중 '아이스크림'을 판매·제공하는 매장,test,아이스크림,T1 정확표기,1532f8f0-10b9-42d7-922d-c5fb2be269bf,아이스크림 다있어,"아이스크림, 과자",양산동일신아파트 골목형상점가,골목형상점가,광주광역시,,,
32f2ec785c4e85e2c4c5,full_annotation_v1,A,q_아이스크림_01,아이스크림,카페·디저트 중 '아이스크림'을 판매·제공하는 매장,test,아이스크림,T1 정확표기,1a4ca19d-1be3-42ab-ab42-4b6f164cdfc3,요거저거,아이스크림,송죽솔대 골목형상점가,골목형상점가,경기도,,,
b6f55e1c7b5585567547,full_annotation_v1,A,q_아이스크림_01,아이스크림,카페·디저트 중 '아이스크림'을 판매·제공하는 매장,test,아이스크림,T1 정확표기,ce9f61db-1ee7-445e-9840-fc60aaad7e50,아이스크림 할인매장,아이스크림 및 잡화,풍암신암상인회 골목형상점가,골목형상점가,광주광역시,,,
21781d09748ad649119d,full_annotation_v1,A,q_아이스크림_01,아이스크림,카페·디저트 중 '아이스크림'을 판매·제공하는 매장,test,아이스크림,T1 정확표기,5827e0f9-7f26-42b2-a66b-3ed339587f6a,베스킨라빈스,아이스크림,온택트 괴정스마트 상권활성화구역,상권활성화구역,부산광역시,,,
ada6fc65bd4d3650d8a2,full_annotation_v1,A,q_아이스크림_01,아이스크림,카페·디저트 중 '아이스크림'을 판매·제공하는 매장,test,아이스크림,T1 정확표기,a4ad4b83-63a6-46f2-a72d-a9f4bf607cd4,리스트서산점,의류,서산번화2로,자율상권구역,충청남도,,,
37371ee1d5d154753bf4,full_annotation_v1,A,q_아이스크림_01,아이스크림,카페·디저트 중 '아이스크림'을 판매·제공하는 매장,test,아이스크림,T1 정확표기,46f2fefd-cbf5-45a0-b5e7-bc40a8d89b6d,아이스크림할인점,아이스크림,매탄 임광상가 골목형상점가,골목형상점가,경기도,,,
ef3bc08cbd818893dbca,full_annotation_v1,A,q_아이스크림_01,아이스크림,카페·디저트 중 '아이스크림'을 판매·제공하는 매장,test,아이스크림,T1 정확표기,e048d001-ece8-4fe6-9022-ad7ca47826e9,아이스크림 마트,아이스크림,문흥2동 골목형상점가,골목형상점가,광주광역시,,,
2a63c089ee783c48d63f,full_annotation_v1,A,q_아이스크림_01,아이스크림,카페·디저트 중 '아이스크림'을 판매·제공하는 매장,test,아이스크림,T1 정확표기,c6cd7e6d-b8f4-41d3-8d34-711d12318944,아이스크림 990원 빵,아이스크림 빵 과자,대신시장,전통시장,서울특별시,,,
13f9a546872ea8a5042c,full_annotation_v1,A,q_아이스크림_01,아이스크림,카페·디저트 중 '아이스크림'을 판매·제공하는 매장,test,아이스크림,T1 정확표기,12e2e14a-8603-4c9a-9603-f839fc92b5ef,배스킨라빈스,아이스크림,월산먹자골목 골목형상점가,골목형상점가,광주광역시,,,
34befc61c3fdd229e898,full_annotation_v1,A,q_아이스크림_02,아이스크림 가게,카페·디저트 중 '아이스크림'을 판매·제공하는 매장,test,아이스크림,T2 동의어,8f1ab898-c235-484c-8412-21943c8b7a2d,하은이네반찬 가게,채소,용호1동골목시장,전통시장,부산광역시,,,
4b49612a83d708a0dc53,full_annotation_v1,A,q_아이스크림_02,아이스크림 가게,카페·디저트 중 '아이스크림'을 판매·제공하는 매장,test,아이스크림,T2 동의어,fa0fb8c4-2d68-4160-90e8-7fa7a5698c12,커피 앤 아이스크림,,승달 골목형상점가,골목형상점가,,,,
08956d8dfb62b7b98fb0,full_annotation_v1,A,q_아이스크림_02,아이스크림 가게,카페·디저트 중 '아이스크림'을 판매·제공하는 매장,test,아이스크림,T2 동의어,ac6d572a-6bca-4846-aa80-d75db51e57b7,뉴아이스께끼공장,아이스크림,성대시장골목형상점가,골목형상점가,서울특별시,,,
1e7aede78ac40599ff9f,full_annotation_v1,A,q_아이스크림_02,아이스크림 가게,카페·디저트 중 '아이스크림'을 판매·제공하는 매장,test,아이스크림,T2 동의어,82556a5d-dd06-4bae-9852-4d5d28137ad2,별별마트,아이스크림,솔샘시장 골목형상점가,골목형상점가,서울특별시,,,
cdbe72f2e7c10406f247,full_annotation_v1,A,q_아이스크림_02,아이스크림 가게,카페·디저트 중 '아이스크림'을 판매·제공하는 매장,test,아이스크림,T2 동의어,d77ec76a-1d48-4f5e-a619-e949ec940289,아이스크림,아이스크림 과자 음료수,나릿재마크원 골목형상점가,골목형상점가,세종특별자치시,,,
50000f69b12fd3aa2f96,full_annotation_v1,A,q_아이스크림_02,아이스크림 가게,카페·디저트 중 '아이스크림'을 판매·제공하는 매장,test,아이스크림,T2 동의어,90110b15-b2c2-4093-a7f7-69c5c0c62857,배스킨라빈스,아이스크림,제민천 골목형상점가,골목형상점가,충청남도,,,
098d065ed86e3372aa10,full_annotation_v1,A,q_아이스크림_02,아이스크림 가게,카페·디저트 중 '아이스크림'을 판매·제공하는 매장,test,아이스크림,T2 동의어,67456652-ae37-413f-be89-46afd2a6094f,치치퐁,아이스크림,모슬포 중앙시장,전통시장,제주특별자치도,,,
febcca93d2bb7abd29cc,full_annotation_v1,A,q_아이스크림_02,아이스크림 가게,카페·디저트 중 '아이스크림'을 판매·제공하는 매장,test,아이스크림,T2 동의어,c2d31cd0-84de-41b0-be1b-a5b3906e603a,빙점강하력,아이스크림,신흥시장,전통시장,서울특별시,,,
1dce93c919c168de0196,full_annotation_v1,A,q_아이스크림_02,아이스크림 가게,카페·디저트 중 '아이스크림'을 판매·제공하는 매장,test,아이스크림,T2 동의어,e048d001-ece8-4fe6-9022-ad7ca47826e9,아이스크림 마트,아이스크림,문흥2동 골목형상점가,골목형상점가,광주광역시,,,
3d66cf0a4747842fb242,full_annotation_v1,A,q_아이스크림_02,아이스크림 가게,카페·디저트 중 '아이스크림'을 판매·제공하는 매장,test,아이스크림,T2 동의어,b2167984-bcaa-465a-b1a7-63d2f3697953,드림아이스N스낵창고송정점,아이스크림,송도용보 골목형상점가,골목형상점가,광주광역시,,,
6356416d2d3c2cc18f02,full_annotation_v1,A,q_아이스크림_02,아이스크림 가게,카페·디저트 중 '아이스크림'을 판매·제공하는 매장,test,아이스크림,T2 동의어,984dca55-ff4e-41b1-b53a-5237216d2cb6,베스킨라빈스,아이스크림,이천터미널상점가,자율상권구역,경기도,,,
4a05b997ffd158961db4,full_annotation_v1,A,q_아이스크림_02,아이스크림 가게,카페·디저트 중 '아이스크림'을 판매·제공하는 매장,test,아이스크림,T2 동의어,c8ae7d01-00c1-4e99-8e65-b514d123c6c1,베스킨라빈스평촌2호점,아이스크림,평촌1번가 상점가,자율상권구역,경기도,,,
48b8030438729c2ca482,full_annotation_v1,A,q_아이스크림_02,아이스크림 가게,카페·디저트 중 '아이스크림'을 판매·제공하는 매장,test,아이스크림,T2 동의어,27de8669-9780-435c-b683-8a0270a7a154,베스킨라빈스,아이스크림,서귀포중심상가번영회,자율상권구역,제주특별자치도,,,
04a7f6be757399801a8b,full_annotation_v1,A,q_아이스크림_02,아이스크림 가게,카페·디저트 중 '아이스크림'을 판매·제공하는 매장,test,아이스크림,T2 동의어,b1e72c5c-3483-4476-b88e-6461ff5842ea,아이러브 아이스크림,"아이스크림, 문구",매봉 골목형상점가,골목형상점가,광주광역시,,,
d7572cf2e834ce9f410d,full_annotation_v1,A,q_아이스크림_02,아이스크림 가게,카페·디저트 중 '아이스크림'을 판매·제공하는 매장,test,아이스크림,T2 동의어,da0e6196-3ceb-4b2d-a236-5877024635b1,메리엘스 아이스크림,아이스크림,대전아이파크시티 골목형상점가,골목형상점가,대전광역시,,,
938725f475233144bdde,full_annotation_v1,A,q_아이스크림_02,아이스크림 가게,카페·디저트 중 '아이스크림'을 판매·제공하는 매장,test,아이스크림,T2 동의어,337ff432-40f8-4a74-8e85-822cb2973097,요맛,아이스크림,늘솔길상인회 골목형상점가,골목형상점가,광주광역시,,,
86c8d77bd965bb6d1f82,full_annotation_v1,A,q_아이스크림_02,아이스크림 가게,카페·디저트 중 '아이스크림'을 판매·제공하는 매장,test,아이스크림,T2 동의어,12e2e14a-8603-4c9a-9603-f839fc92b5ef,배스킨라빈스,아이스크림,월산먹자골목 골목형상점가,골목형상점가,광주광역시,,,
304c6e50470ecf4a8186,full_annotation_v1,A,q_아이스크림_02,아이스크림 가게,카페·디저트 중 '아이스크림'을 판매·제공하는 매장,test,아이스크림,T2 동의어,fb920894-12bc-4843-b272-508c9c06dd4a,푸우 아이스크림,아이스크림 붕어빵,금암중심상가 골목형상점가,골목형상점가,경기도,,,
9919acb613e245680026,full_annotation_v1,A,q_아이스크림_02,아이스크림 가게,카페·디저트 중 '아이스크림'을 판매·제공하는 매장,test,아이스크림,T2 동의어,4f954051-35e6-450b-a275-798474022fda,괴산전통시장협동조합,샌드과자,괴산시장,전통시장,충청북도,,,
96771f804d5b6072e2a3,full_annotation_v1,A,q_아이스크림_02,아이스크림 가게,카페·디저트 중 '아이스크림'을 판매·제공하는 매장,test,아이스크림,T2 동의어,28ee6327-7475-4852-a8be-c0110d6ebd24,배스킨라빈스,아이스크림,목3동골목형상점가,골목형상점가,서울특별시,,,
acb9e664a520bd63fd19,full_annotation_v1,A,q_아이스크림_02,아이스크림 가게,카페·디저트 중 '아이스크림'을 판매·제공하는 매장,test,아이스크림,T2 동의어,218814ce-cb51-4ca1-a546-3f300f732170,아이스크림 할인점,아이스크림 과자류,쌍촌로상인회 골목형상점가,골목형상점가,광주광역시,,,
16b53c44572e2cd45383,full_annotation_v1,A,q_아이스크림_02,아이스크림 가게,카페·디저트 중 '아이스크림'을 판매·제공하는 매장,test,아이스크림,T2 동의어,00bf15c0-0f81-4da4-b79f-86e400e010d2,아이스크림스토리 미사효성해링턴점,아이스크림,미사강변 골목형상점가,골목형상점가,경기도,,,
37f04c2fa43d729a4df1,full_annotation_v1,A,q_아이스크림_02,아이스크림 가게,카페·디저트 중 '아이스크림'을 판매·제공하는 매장,test,아이스크림,T2 동의어,20440c05-0f5c-478e-98b1-ffe252282c5c,얼음왕국 아이스크림 할인점,아이스크림,은구비서로사회적협동조합 골목형상점가,골목형상점가,대전광역시,,,
3abbc5f9d37827cb893a,full_annotation_v1,A,q_아이스크림_02,아이스크림 가게,카페·디저트 중 '아이스크림'을 판매·제공하는 매장,test,아이스크림,T2 동의어,c47df20f-3861-41f3-b8f9-5a5581275449,통쿨,아이스크림,중리시장,전통시장,대전광역시,,,
c846f660642f1cb2158f,full_annotation_v1,A,q_아이스크림_02,아이스크림 가게,카페·디저트 중 '아이스크림'을 판매·제공하는 매장,test,아이스크림,T2 동의어,5eb43fac-babe-474c-af6c-41cdd7e1731c,아이스베리,아이스크림,천호로데오거리상점가,자율상권구역,서울특별시,,,
520f702726b9c6692f0d,full_annotation_v1,A,q_아이스크림_02,아이스크림 가게,카페·디저트 중 '아이스크림'을 판매·제공하는 매장,test,아이스크림,T2 동의어,93fe52d4-464d-408c-a8ae-65701581baac,아이스크림저장소 본점,아이스크림,백석한들1번가 골목형상점가,골목형상점가,충청남도,,,
d30f8250e67bdc646fa2,full_annotation_v1,A,q_아이스크림_02,아이스크림 가게,카페·디저트 중 '아이스크림'을 판매·제공하는 매장,test,아이스크림,T2 동의어,e6d1b971-a9ca-4bd2-8765-b87d2a889939,베스킨라빈스,아이스크림,고대 골목형상점가,골목형상점가,서울특별시,,,
06087026e75239f1507b,full_annotation_v1,A,q_아이스크림_02,아이스크림 가게,카페·디저트 중 '아이스크림'을 판매·제공하는 매장,test,아이스크림,T2 동의어,aefacf1e-f73e-4555-b81f-5df7ccdd0f5f,글라쇼,아이스크림,더센트럴 골목형상점가,골목형상점가,세종특별자치시,,,
f6318fb2ca92c3e7381c,full_annotation_v1,A,q_아이스크림_02,아이스크림 가게,카페·디저트 중 '아이스크림'을 판매·제공하는 매장,test,아이스크림,T2 동의어,1a4ca19d-1be3-42ab-ab42-4b6f164cdfc3,요거저거,아이스크림,송죽솔대 골목형상점가,골목형상점가,경기도,,,
9e3136d8c633e8fb0bc6,full_annotation_v1,A,q_아이스크림_02,아이스크림 가게,카페·디저트 중 '아이스크림'을 판매·제공하는 매장,test,아이스크림,T2 동의어,f1a13ca6-da37-4223-959e-4dbe268557dc,빵집오빠 광주 진월점,빵류,광복마을길 골목형상점가,골목형상점가,광주광역시,,,
51ec71f1d22c68b5b234,full_annotation_v1,A,q_아이스크림_02,아이스크림 가게,카페·디저트 중 '아이스크림'을 판매·제공하는 매장,test,아이스크림,T2 동의어,93b70bc5-86a2-4436-a828-8ef64d3b4c77,문화패션,의류,신림중앙시장,전통시장,서울특별시,,,
73cc8f6179a24ef3100b,full_annotation_v1,A,q_아이스크림_02,아이스크림 가게,카페·디저트 중 '아이스크림'을 판매·제공하는 매장,test,아이스크림,T2 동의어,5872970d-c4f1-4abf-a4b3-0f2a59aac2cf,베스킨라빈스,아이스크림,의왕역 골목형상점가,골목형상점가,경기도,,,
f678ac967eb4ec3d3bb9,full_annotation_v1,A,q_아이스크림_02,아이스크림 가게,카페·디저트 중 '아이스크림'을 판매·제공하는 매장,test,아이스크림,T2 동의어,e6e88790-75b9-47b2-8800-cfaf0df49b07,배스킨라빈스세종한솔점,아이스크림,한솔동 5~6단지상점가,자율상권구역,세종특별자치시,,,
520e3eea209583c9ff1e,full_annotation_v1,A,q_아이스크림_02,아이스크림 가게,카페·디저트 중 '아이스크림'을 판매·제공하는 매장,test,아이스크림,T2 동의어,c15b7d24-b90f-4edb-a4d7-38d243dad39e,가게,담배,대명시장,전통시장,대구광역시,,,
da2795b829eab1efcfd1,full_annotation_v1,A,q_아이스크림_02,아이스크림 가게,카페·디저트 중 '아이스크림'을 판매·제공하는 매장,test,아이스크림,T2 동의어,2b947da4-fa95-41fd-8905-53dff2db4a7b,라하네아이스크림,아이스크림 및 과자류,우산행복주택,골목형상점가,광주광역시,,,
07333602fe3445b8464b,full_annotation_v1,A,q_아이스크림_02,아이스크림 가게,카페·디저트 중 '아이스크림'을 판매·제공하는 매장,test,아이스크림,T2 동의어,383b720b-fb45-403e-a537-9962c6baf5c4,디인,의류 및 화장품,신정평화시장,전통시장,울산광역시,,,
6fb3445acef6ee1d33c6,full_annotation_v1,A,q_아이스크림_02,아이스크림 가게,카페·디저트 중 '아이스크림'을 판매·제공하는 매장,test,아이스크림,T2 동의어,e691b8f1-0e5b-4ba3-9804-7f0c77bddc2f,세종미소치과,치과,보람동 골목형상점가,골목형상점가,세종특별자치시,,,
405e90ddc40d3b0e1c0f,full_annotation_v1,A,q_아이스크림_02,아이스크림 가게,카페·디저트 중 '아이스크림'을 판매·제공하는 매장,test,아이스크림,T2 동의어,62d8f706-aee3-4ea0-aa61-4fe3a34d7950,배스킨라빈스목포용해점,아이스크림,용해동 포미타운 골목형상점가,골목형상점가,전라남도,,,
74e0447e7ec9896aa280,full_annotation_v1,A,q_아이스크림_02,아이스크림 가게,카페·디저트 중 '아이스크림'을 판매·제공하는 매장,test,아이스크림,T2 동의어,2b8e7ec6-c47a-4db5-9376-6d2ebb4770e7,대성숯불구이,곰장어,기장시장,전통시장,부산광역시,,,
cf72ff11b7aa1240ba62,full_annotation_v1,A,q_아이스크림_02,아이스크림 가게,카페·디저트 중 '아이스크림'을 판매·제공하는 매장,test,아이스크림,T2 동의어,d9a89d5f-2df9-4701-99ff-691e0cc643f3,노마진 아이스크림 통영점,아이스크림,통영 북신전통시장,전통시장,경상남도,,,
4aa8154c139575f77b1e,full_annotation_v1,A,q_아이스크림_02,아이스크림 가게,카페·디저트 중 '아이스크림'을 판매·제공하는 매장,test,아이스크림,T2 동의어,ce9f61db-1ee7-445e-9840-fc60aaad7e50,아이스크림 할인매장,아이스크림 및 잡화,풍암신암상인회 골목형상점가,골목형상점가,광주광역시,,,
2a121f2270dae3a28d2d,full_annotation_v1,A,q_아이스크림_02,아이스크림 가게,카페·디저트 중 '아이스크림'을 판매·제공하는 매장,test,아이스크림,T2 동의어,40fff22b-3ada-4853-bfcd-8afd49a38d0b,아이스플래닛,아이스크림,사거리온누리 골목형상점가,골목형상점가,충청남도,,,
7b01758c134d2bbdb38e,full_annotation_v1,A,q_아이스크림_02,아이스크림 가게,카페·디저트 중 '아이스크림'을 판매·제공하는 매장,test,아이스크림,T2 동의어,858660da-8a15-4f5b-a6e1-6a1b58822c73,베스킨라빈스,아이스크림,용인중앙시장,전통시장,경기도,,,
4fd08f0f196bbd82a0a8,full_annotation_v1,A,q_아이스크림_02,아이스크림 가게,카페·디저트 중 '아이스크림'을 판매·제공하는 매장,test,아이스크림,T2 동의어,a4d25732-2660-429c-ae93-a52f1ea91157,25센치꼬치앤오뎅바 나주혁신점,오뎅 꼬치구이 주류,나주혁신도시 골목형상점가,골목형상점가,전라남도,,,
60da7e46afcda75b63f1,full_annotation_v1,A,q_아이스크림_02,아이스크림 가게,카페·디저트 중 '아이스크림'을 판매·제공하는 매장,test,아이스크림,T2 동의어,d8a4d6a8-fa34-47b5-a25f-3d818a44e257,컵앤콘,아이스크림,충주무학시장,전통시장,충청북도,,,
d8db5af406a75f2a9410,full_annotation_v1,A,q_아이스크림_02,아이스크림 가게,카페·디저트 중 '아이스크림'을 판매·제공하는 매장,test,아이스크림,T2 동의어,65b80261-f2cf-4710-95fc-effd63ee610e,아로카,아이스크림,단양구경시장(단양인정시장),전통시장,충청북도,,,
205aa433b9741bf051eb,full_annotation_v1,A,q_아이스크림_02,아이스크림 가게,카페·디저트 중 '아이스크림'을 판매·제공하는 매장,test,아이스크림,T2 동의어,6a30c197-27e0-4af5-8577-f8c169c49c78,아짱,아이스크림,오치서산초 골목형상점가,골목형상점가,광주광역시,,,
c15ebd8f8833aaf458fa,full_annotation_v1,A,q_아이스크림_02,아이스크림 가게,카페·디저트 중 '아이스크림'을 판매·제공하는 매장,test,아이스크림,T2 동의어,f20dc125-e26e-44e5-be1a-a71bd3c0d55b,배스킨라빈스,아이스크림,당진원시가지상가,자율상권구역,충청남도,,,
4ed983ada15f63b2068a,full_annotation_v1,A,q_아이스크림_02,아이스크림 가게,카페·디저트 중 '아이스크림'을 판매·제공하는 매장,test,아이스크림,T2 동의어,ddc41524-a62b-44a8-aefb-d8a7a1208698,배스킨라빈스,아이스크림,호계중앙 골목형상점가,골목형상점가,울산광역시,,,
ed8cebbc483b7f1f5bc8,full_annotation_v1,A,q_아이스크림_02,아이스크림 가게,카페·디저트 중 '아이스크림'을 판매·제공하는 매장,test,아이스크림,T2 동의어,ba762d86-0164-4f56-acde-98a8c39483e6,베스킨라빈스선유도역점,아이스크림,선유도역골목형상점가,골목형상점가,서울특별시,,,
62758c0706b703493964,full_annotation_v1,A,q_아이스크림_02,아이스크림 가게,카페·디저트 중 '아이스크림'을 판매·제공하는 매장,test,아이스크림,T2 동의어,b4c076e7-30b0-42c8-9f5c-7b2ad1f6a467,배스킨라빈스전남장성점,아이스크림,장성읍 골목형상점가,골목형상점가,전라남도,,,
bd9a42287e081e7ea186,full_annotation_v1,A,q_아이스크림_02,아이스크림 가게,카페·디저트 중 '아이스크림'을 판매·제공하는 매장,test,아이스크림,T2 동의어,c5ca47aa-6daa-4729-b59d-6a40e7942bae,아이스크림에 빠진 날,아이스크림,공주산성 활성화구역,전통시장,충청남도,,,
6ebaa2835bc95e2862fb,full_annotation_v1,A,q_아이스크림_02,아이스크림 가게,카페·디저트 중 '아이스크림'을 판매·제공하는 매장,test,아이스크림,T2 동의어,84f5b05e-99ce-48f2-adc9-d796e7f99c58,누리스크림,아이스크림,누리종합상가 골목형상점가,골목형상점가,대전광역시,,,
78eaf4983633c26a6917,full_annotation_v1,A,q_아이스크림_02,아이스크림 가게,카페·디저트 중 '아이스크림'을 판매·제공하는 매장,test,아이스크림,T2 동의어,63a59f73-eca7-4c6f-afbf-4012ea4a040e,베스킨라빈스31아이스크림,아이스크림,석계역 골목형상점가,골목형상점가,서울특별시,,,
3a1e4c6844cac40486ac,full_annotation_v1,A,q_아이스크림_02,아이스크림 가게,카페·디저트 중 '아이스크림'을 판매·제공하는 매장,test,아이스크림,T2 동의어,f81996e7-6869-4aea-b7e3-4f26438654c8,불로CS컴퓨터,컴퓨터수리및판매,월드상가골목형상점가,골목형상점가,인천광역시,,,
d10d0b96e08d68b9847c,full_annotation_v1,A,q_아이스크림_02,아이스크림 가게,카페·디저트 중 '아이스크림'을 판매·제공하는 매장,test,아이스크림,T2 동의어,035d8e83-4955-46ed-9364-7287170ef899,(주)대장종합상사,"키링, 아이스크림, 과자, 생활잡화",나주 영산포 자율상권구역,,전라남도,,,
d927018e9ce8c8e3746f,full_annotation_v1,A,q_아이스크림_02,아이스크림 가게,카페·디저트 중 '아이스크림'을 판매·제공하는 매장,test,아이스크림,T2 동의어,2161e91d-1b65-4ee4-b517-2a2a02c02056,카페요아정,아이스크림,상암마을상인회 골목형상점가,골목형상점가,광주광역시,,,
c5b74e2d21271f7b1a33,full_annotation_v1,A,q_아이스크림_02,아이스크림 가게,카페·디저트 중 '아이스크림'을 판매·제공하는 매장,test,아이스크림,T2 동의어,118805a0-52c8-42d1-bf26-664b5312c3e6,아이스크림 할인점,아이스크림 과자,우미린상가,골목형상점가,전라남도,,,
8a9fbc6a85c3f9cb78b1,full_annotation_v1,A,q_아이스크림_02,아이스크림 가게,카페·디저트 중 '아이스크림'을 판매·제공하는 매장,test,아이스크림,T2 동의어,5827e0f9-7f26-42b2-a66b-3ed339587f6a,베스킨라빈스,아이스크림,온택트 괴정스마트 상권활성화구역,상권활성화구역,부산광역시,,,
b05725c11cebca29c62d,full_annotation_v1,A,q_아이스크림_02,아이스크림 가게,카페·디저트 중 '아이스크림'을 판매·제공하는 매장,test,아이스크림,T2 동의어,09d71b06-1b02-467a-9128-dc7be76214e2,배스킨라빈스,아이스크림,쌍리단길상점가,자율상권구역,서울특별시,,,
f1974a1eaea8257bbe2e,full_annotation_v1,A,q_아이스크림_02,아이스크림 가게,카페·디저트 중 '아이스크림'을 판매·제공하는 매장,test,아이스크림,T2 동의어,0dc582ff-8c3c-4996-91a2-458bc7a563f4,아이스크림 러버,,방배카페골목 골목형상점가,골목형상점가,서울특별시,,,
0280689ca08cdad14c70,full_annotation_v1,A,q_아이스크림_02,아이스크림 가게,카페·디저트 중 '아이스크림'을 판매·제공하는 매장,test,아이스크림,T2 동의어,c6cd7e6d-b8f4-41d3-8d34-711d12318944,아이스크림 990원 빵,아이스크림 빵 과자,대신시장,전통시장,서울특별시,,,
3dda96e999bb199f3c55,full_annotation_v1,A,q_아이스크림_02,아이스크림 가게,카페·디저트 중 '아이스크림'을 판매·제공하는 매장,test,아이스크림,T2 동의어,b0741ffd-d17f-4ee1-ac61-46842169ec76,달시 아이스크림,아이스크림,세종 반딧불 골목형상점가,골목형상점가,세종특별자치시,,,
3784ff0ffa893e8b58f8,full_annotation_v1,A,q_아이스크림_02,아이스크림 가게,카페·디저트 중 '아이스크림'을 판매·제공하는 매장,test,아이스크림,T2 동의어,b090dd3f-6319-4433-8a68-21428f2d7dbc,베스킨라빈스,아이스크림,왕지상가,자율상권구역,전라남도,,,
c2ab9eb7e08b5d9738be,full_annotation_v1,A,q_아이스크림_02,아이스크림 가게,카페·디저트 중 '아이스크림'을 판매·제공하는 매장,test,아이스크림,T2 동의어,0313ac7b-2bcf-483f-8f18-e2257086c876,더까까주까,아이스크림,나성BRT 골목형상점가,골목형상점가,세종특별자치시,,,
372ac2a986cc9668a42a,full_annotation_v1,A,q_아이스크림_02,아이스크림 가게,카페·디저트 중 '아이스크림'을 판매·제공하는 매장,test,아이스크림,T2 동의어,b181af84-5425-464b-b608-6037fc841e99,플랑크톤,아이스크림,LC타워거리 골목형상점가,골목형상점가,광주광역시,,,
fdeea9871958a85f92d4,full_annotation_v1,A,q_아이스크림_02,아이스크림 가게,카페·디저트 중 '아이스크림'을 판매·제공하는 매장,test,아이스크림,T2 동의어,47092f59-c059-44b7-8798-3176e569cfd0,아이스천국아이스크림,아이스크림 과자 문구 완구,엄사 골목형상점가,골목형상점가,충청남도,,,
334e8a4e8bf51ef4cfb0,full_annotation_v1,A,q_아이스크림_02,아이스크림 가게,카페·디저트 중 '아이스크림'을 판매·제공하는 매장,test,아이스크림,T2 동의어,f89972d8-9d6b-4e5c-bde5-440c121d0e96,도야짬뽕 방림점,중식,큰방림길 골목형상점가,골목형상점가,광주광역시,,,
d282355ac6b682c6a64b,full_annotation_v1,A,q_아이스크림_02,아이스크림 가게,카페·디저트 중 '아이스크림'을 판매·제공하는 매장,test,아이스크림,T2 동의어,18809d5f-0f61-4f49-bc7a-1738d4f49949,전주전집,전,수유전통시장(구 수유골목시장),전통시장,서울특별시,,,
17ffceef8bbdc31eb866,full_annotation_v1,A,q_아이스크림_02,아이스크림 가게,카페·디저트 중 '아이스크림'을 판매·제공하는 매장,test,아이스크림,T2 동의어,124fc359-9f15-4f83-93a5-a8288576e4a0,아이오더컴퍼니,아이스크림,상도전통시장,전통시장,서울특별시,,,
ad00b4b72881c0d43d98,full_annotation_v1,A,q_아이스크림_02,아이스크림 가게,카페·디저트 중 '아이스크림'을 판매·제공하는 매장,test,아이스크림,T2 동의어,34e9ea7e-e261-4e07-a1c1-58b59bc8ae61,배스킨라빈스,아이스크림,계림그랜드센트럴 골목형상점가,골목형상점가,광주광역시,,,
2dcc492c56450c7d77ce,full_annotation_v1,A,q_아이스크림_02,아이스크림 가게,카페·디저트 중 '아이스크림'을 판매·제공하는 매장,test,아이스크림,T2 동의어,00e24176-795e-4e89-826c-c440bb158010,요거트퍼플 고양화정점,아이스크림,화정문화의거리 골목형상점가,골목형상점가,경기도,,,
c4f5e0a744125a812ed2,full_annotation_v1,A,q_아이스크림_02,아이스크림 가게,카페·디저트 중 '아이스크림'을 판매·제공하는 매장,test,아이스크림,T2 동의어,c584c4cc-de0e-4c22-9d3f-38a0ce45f987,알파헬스케어,소매업(화장품),반월신영통상가,자율상권구역,경기도,,,
80d1144282102bfdd2b9,full_annotation_v1,A,q_아이스크림_02,아이스크림 가게,카페·디저트 중 '아이스크림'을 판매·제공하는 매장,test,아이스크림,T2 동의어,3bf47607-965f-4657-867c-62774bf9933b,아붕,아이스크림,북촌계동길골목형상점가,골목형상점가,서울특별시,,,
93d42484530beca4d896,full_annotation_v1,A,q_아이스크림_02,아이스크림 가게,카페·디저트 중 '아이스크림'을 판매·제공하는 매장,test,아이스크림,T2 동의어,02c6f507-3bec-4c43-9d26-d6ef79c1226b,애니타임 선부역점,아이스크림 등,선부광장로상점가,자율상권구역,경기도,,,
58d9aad5af5785e08e28,full_annotation_v1,A,q_아이스크림_02,아이스크림 가게,카페·디저트 중 '아이스크림'을 판매·제공하는 매장,test,아이스크림,T2 동의어,5eb8bbc2-180b-45fd-9ae4-f04833463571,까페젤라떼리아,아이스크림,민락수변공원 골목형상점가,골목형상점가,부산광역시,,,
7feb4431d6d73440f692,full_annotation_v1,A,q_아이스크림_02,아이스크림 가게,카페·디저트 중 '아이스크림'을 판매·제공하는 매장,test,아이스크림,T2 동의어,dae43f6e-a99c-45f9-bbd8-54ba99b950f7,아이스까까,아이스크림 등,하남시동석바대상점가,자율상권구역,경기도,,,
26f5d4399f1d70a3e1b3,full_annotation_v1,A,q_아이스크림_02,아이스크림 가게,카페·디저트 중 '아이스크림'을 판매·제공하는 매장,test,아이스크림,T2 동의어,f61f339e-233b-4542-a6c8-0b81872aa9d4,카페요아정,아이스크림,반곡동행복 골목형상점가,골목형상점가,세종특별자치시,,,
c55286e54e062a041017,full_annotation_v1,A,q_아이스크림_02,아이스크림 가게,카페·디저트 중 '아이스크림'을 판매·제공하는 매장,test,아이스크림,T2 동의어,93bd5528-9d37-4b89-b9fa-0e8d0199cfc8,gs25광주역점,,중흥동광주역 골목형상점가,골목형상점가,,,,
43eb4935da8b16699ae9,full_annotation_v1,A,q_아이스크림_02,아이스크림 가게,카페·디저트 중 '아이스크림'을 판매·제공하는 매장,test,아이스크림,T2 동의어,2be44ed2-b665-402c-8379-53f07827949f,아이스크림의유래,아이스크림,새호반 골목형상점가,골목형상점가,세종특별자치시,,,
243d51efa19439b74b3b,full_annotation_v1,A,q_아이스크림_02,아이스크림 가게,카페·디저트 중 '아이스크림'을 판매·제공하는 매장,test,아이스크림,T2 동의어,84355f19-16da-4bb0-82a8-fd15f0ee9746,동화자동차정비학원,,중흥동광주역 골목형상점가,골목형상점가,,,,
5ff23054c579bac3d427,full_annotation_v1,A,q_아이스크림_02,아이스크림 가게,카페·디저트 중 '아이스크림'을 판매·제공하는 매장,test,아이스크림,T2 동의어,fc022989-e5f9-45bb-98ed-414169839722,햄즈,아이스크림,불당지웰4블럭 골목형상점가,골목형상점가,충청남도,,,
25aaede92562e16c5db2,full_annotation_v1,A,q_아이스크림_02,아이스크림 가게,카페·디저트 중 '아이스크림'을 판매·제공하는 매장,test,아이스크림,T2 동의어,141d4a90-41cc-4fd8-9f2b-fe8f91b8540b,서빙고 아이스크림,아이스크림,선교지구 골목형상점가,골목형상점가,광주광역시,,,
6faac933daafb3a7cddc,full_annotation_v1,A,q_아이스크림_02,아이스크림 가게,카페·디저트 중 '아이스크림'을 판매·제공하는 매장,test,아이스크림,T2 동의어,fe1c1d4e-cf68-4903-bfda-e2f29080365e,유한회사 대박수산,수산물,가락몰골목형상점가,골목형상점가,서울특별시,,,
3e809150b82045873e2f,full_annotation_v1,A,q_아이스크림_02,아이스크림 가게,카페·디저트 중 '아이스크림'을 판매·제공하는 매장,test,아이스크림,T2 동의어,16a3e56a-76ca-4f22-863f-133e6bc33679,아이스크림,음식점,하동 화개장터,전통시장,경상남도,,,
5acd0fe02475d6b774b1,full_annotation_v1,A,q_아이스크림_02,아이스크림 가게,카페·디저트 중 '아이스크림'을 판매·제공하는 매장,test,아이스크림,T2 동의어,35d4161b-3516-4041-9e33-ef4f2687b86e,아이스랜드,아이스크림,아름다운별장거리골목형상점가,골목형상점가,서울특별시,,,
d0486cdc484d9ee8f200,full_annotation_v1,A,q_아이스크림_02,아이스크림 가게,카페·디저트 중 '아이스크림'을 판매·제공하는 매장,test,아이스크림,T2 동의어,1532f8f0-10b9-42d7-922d-c5fb2be269bf,아이스크림 다있어,"아이스크림, 과자",양산동일신아파트 골목형상점가,골목형상점가,광주광역시,,,
95f5ff6b1e67105b37bb,full_annotation_v1,A,q_아이스크림_02,아이스크림 가게,카페·디저트 중 '아이스크림'을 판매·제공하는 매장,test,아이스크림,T2 동의어,46f2fefd-cbf5-45a0-b5e7-bc40a8d89b6d,아이스크림할인점,아이스크림,매탄 임광상가 골목형상점가,골목형상점가,경기도,,,
df3b4a5bacdd7bb42dd0,full_annotation_v1,A,q_아이스크림_02,아이스크림 가게,카페·디저트 중 '아이스크림'을 판매·제공하는 매장,test,아이스크림,T2 동의어,0d7a6368-982e-44b8-b4bb-1bea82c5a338,아이스크림 마을,아이스크림,호매실역중심상가 골목형상점가,골목형상점가,경기도,,,
48c3502f168880eb1504,full_annotation_v1,A,q_아이스크림_02,아이스크림 가게,카페·디저트 중 '아이스크림'을 판매·제공하는 매장,test,아이스크림,T2 동의어,b553f3ca-aa1b-4a35-9272-2ac1467c32e4,요거트아이스크림의정석,아이스크림,수완하나로 골목형상점가,골목형상점가,광주광역시,,,
c5e1e92049fe6a58a589,full_annotation_v1,A,q_아이스크림_02,아이스크림 가게,카페·디저트 중 '아이스크림'을 판매·제공하는 매장,test,아이스크림,T2 동의어,b257eb6d-e965-4d67-8232-642ed3f3d66c,아이스크림전문점,아이스크림,상주남성시장,전통시장,경상북도,,,
0da4eae68da8a4896c6c,full_annotation_v1,A,q_아이스크림_02,아이스크림 가게,카페·디저트 중 '아이스크림'을 판매·제공하는 매장,test,아이스크림,T2 동의어,3674b5e8-3d99-4a8d-a961-f7b913ea37ca,서울보석,귀금속,나주혁신도시 골목형상점가,골목형상점가,전라남도,,,
119560265c08bef43583,full_annotation_v1,A,q_아이스크림_02,아이스크림 가게,카페·디저트 중 '아이스크림'을 판매·제공하는 매장,test,아이스크림,T2 동의어,ddcd7aed-f742-49e3-baef-1520af960c48,배스킨라빈스,아이스크림,반석동 골목형상점가,골목형상점가,대전광역시,,,
41ba40969ddb68ec3b24,full_annotation_v1,A,q_아이스크림_02,아이스크림 가게,카페·디저트 중 '아이스크림'을 판매·제공하는 매장,test,아이스크림,T2 동의어,e2b1dc41-01e5-406d-af7e-aedca56f6dd8,베스킨라빈스,아이스크림,팔등로기부거리,골목형상점가,울산광역시,,,
3b9932db383396f8e17f,full_annotation_v1,A,q_아이스크림_02,아이스크림 가게,카페·디저트 중 '아이스크림'을 판매·제공하는 매장,test,아이스크림,T2 동의어,61c325c4-259e-479e-8bad-2d342f0df064,아이스따봉,아이스크림,왕십리무학봉상점가,자율상권구역,서울특별시,,,
0cb78f5d2fec0aba9351,full_annotation_v1,A,q_아이스크림_02,아이스크림 가게,카페·디저트 중 '아이스크림'을 판매·제공하는 매장,test,아이스크림,T2 동의어,1428855c-0a3d-4d56-ae6e-1fc568997b08,배스킨라빈스,아이스크림,동오마을골목형상점가,골목형상점가,경기도,,,
943aad16c0f6bb2894c9,full_annotation_v1,A,q_아이스크림_02,아이스크림 가게,카페·디저트 중 '아이스크림'을 판매·제공하는 매장,test,아이스크림,T2 동의어,50bbad0b-e96a-4931-9be6-d8be66822063,배스킨라빈스31,아이스크림,인제시장,전통시장,강원특별자치도,,,
d86d90a0bec7dbe965fd,full_annotation_v1,A,q_아이스크림_02,아이스크림 가게,카페·디저트 중 '아이스크림'을 판매·제공하는 매장,test,아이스크림,T2 동의어,87a1345d-cd8f-4c19-81b8-0e8f70fcf866,아이스크림 할인점,아이스크림 및 과자,매곡 가인 골목형상점가,골목형상점가,광주광역시,,,
9bc6b01f67e12f5d0bec,full_annotation_v1,A,q_아이스크림_02,아이스크림 가게,카페·디저트 중 '아이스크림'을 판매·제공하는 매장,test,아이스크림,T2 동의어,ecda7c51-6211-4ea8-9f2d-e10a6a5d2a0d,배스킨라빈스,아이스크림,진해중앙시장,전통시장,경상남도,,,
e967e20ca30c2172df99,full_annotation_v1,A,q_아이스크림_02,아이스크림 가게,카페·디저트 중 '아이스크림'을 판매·제공하는 매장,test,아이스크림,T2 동의어,0151a644-5334-41e3-9673-7fba6e1e423d,베스킨라빈스 양평시장점,아이스크림,양평물맑은시장,전통시장,경기도,,,
7c6d7219f71981e4ed6e,full_annotation_v1,A,q_아이스크림_02,아이스크림 가게,카페·디저트 중 '아이스크림'을 판매·제공하는 매장,test,아이스크림,T2 동의어,c6af48f6-ce10-4aa6-afd6-6a168b2f9276,노마진아이스크림,아이스크림,결초보은시장(구 보은종합시장),전통시장,충청북도,,,
3db9f49821d95fb160f5,full_annotation_v1,A,q_아이스크림_02,아이스크림 가게,카페·디저트 중 '아이스크림'을 판매·제공하는 매장,test,아이스크림,T2 동의어,21e3f45e-c4ac-47e6-b8c7-11b13d06a69c,이노티안경 광양마동점,"안경, 콘택트",마동골목형상점가,골목형상점가,전라남도,,,
34d31d587bdee8cb5a76,full_annotation_v1,A,q_아이스크림_02,아이스크림 가게,카페·디저트 중 '아이스크림'을 판매·제공하는 매장,test,아이스크림,T2 동의어,5097b55c-da95-44eb-a4f6-7ad54b6e4f1b,베스킨라빈스창원상남,아이스크림,창원 성원그랜드쇼핑상가,전통시장,경상남도,,,
f24c8c95af4f876c8c53,full_annotation_v1,A,q_아이스크림_02,아이스크림 가게,카페·디저트 중 '아이스크림'을 판매·제공하는 매장,test,아이스크림,T2 동의어,2ff44762-6cba-4602-985b-e131623c8a26,배스킨라빈스,아이스크림,소사벌 에듀타운 상인회 골목형상점가,골목형상점가,경기도,,,
2e3146d2bc8349e736db,full_annotation_v1,A,q_아이스크림_02,아이스크림 가게,카페·디저트 중 '아이스크림'을 판매·제공하는 매장,test,아이스크림,T2 동의어,b6319b64-8f3f-4170-81eb-3bf115b1cbc9,주월문빵구,아이스크림,주월1동서문대로 골목형상점가,골목형상점가,광주광역시,,,
997a7f039ca6452327e5,full_annotation_v1,A,q_아이스크림_03,아이스크림 먹을 데,카페·디저트 중 '아이스크림'을 판매·제공하는 매장,test,아이스크림,T4 구어·문장,46f2fefd-cbf5-45a0-b5e7-bc40a8d89b6d,아이스크림할인점,아이스크림,매탄 임광상가 골목형상점가,골목형상점가,경기도,,,
3d8756273e9c48081565,full_annotation_v1,A,q_아이스크림_03,아이스크림 먹을 데,카페·디저트 중 '아이스크림'을 판매·제공하는 매장,test,아이스크림,T4 구어·문장,751e4670-49a1-4d43-90b7-b67cc121e0f9,베스킨라빈스동탄능동마을점,아이스크림,능동상가,자율상권구역,경기도,,,
2732cd0654de8bc30903,full_annotation_v1,A,q_아이스크림_03,아이스크림 먹을 데,카페·디저트 중 '아이스크림'을 판매·제공하는 매장,test,아이스크림,T4 구어·문장,035d8e83-4955-46ed-9364-7287170ef899,(주)대장종합상사,"키링, 아이스크림, 과자, 생활잡화",나주 영산포 자율상권구역,,전라남도,,,
8bdf89099add363512fb,full_annotation_v1,A,q_아이스크림_03,아이스크림 먹을 데,카페·디저트 중 '아이스크림'을 판매·제공하는 매장,test,아이스크림,T4 구어·문장,124fc359-9f15-4f83-93a5-a8288576e4a0,아이오더컴퍼니,아이스크림,상도전통시장,전통시장,서울특별시,,,
f7df37e4404eaf04d4b0,full_annotation_v1,A,q_아이스크림_03,아이스크림 먹을 데,카페·디저트 중 '아이스크림'을 판매·제공하는 매장,test,아이스크림,T4 구어·문장,1a4ca19d-1be3-42ab-ab42-4b6f164cdfc3,요거저거,아이스크림,송죽솔대 골목형상점가,골목형상점가,경기도,,,
5cbb2ad662ffa4197bc5,full_annotation_v1,A,q_아이스크림_03,아이스크림 먹을 데,카페·디저트 중 '아이스크림'을 판매·제공하는 매장,test,아이스크림,T4 구어·문장,e6d1b971-a9ca-4bd2-8765-b87d2a889939,베스킨라빈스,아이스크림,고대 골목형상점가,골목형상점가,서울특별시,,,
91f48764198e31ceabd2,full_annotation_v1,A,q_아이스크림_03,아이스크림 먹을 데,카페·디저트 중 '아이스크림'을 판매·제공하는 매장,test,아이스크림,T4 구어·문장,c47df20f-3861-41f3-b8f9-5a5581275449,통쿨,아이스크림,중리시장,전통시장,대전광역시,,,
a745ace6fc951c24c642,full_annotation_v1,A,q_아이스크림_03,아이스크림 먹을 데,카페·디저트 중 '아이스크림'을 판매·제공하는 매장,test,아이스크림,T4 구어·문장,218814ce-cb51-4ca1-a546-3f300f732170,아이스크림 할인점,아이스크림 과자류,쌍촌로상인회 골목형상점가,골목형상점가,광주광역시,,,
ac8e4cbd48904880aef3,full_annotation_v1,A,q_아이스크림_03,아이스크림 먹을 데,카페·디저트 중 '아이스크림'을 판매·제공하는 매장,test,아이스크림,T4 구어·문장,c2d31cd0-84de-41b0-be1b-a5b3906e603a,빙점강하력,아이스크림,신흥시장,전통시장,서울특별시,,,
bff9859841e04b7ff3a6,full_annotation_v1,A,q_아이스크림_03,아이스크림 먹을 데,카페·디저트 중 '아이스크림'을 판매·제공하는 매장,test,아이스크림,T4 구어·문장,b4cde528-5d59-4003-8bcc-6bc20d8be931,베스킨라빈스충남고점,아이스크림,둔산3동상점가,자율상권구역,대전광역시,,,
67d4d1a419f0c607e025,full_annotation_v1,A,q_아이스크림_03,아이스크림 먹을 데,카페·디저트 중 '아이스크림'을 판매·제공하는 매장,test,아이스크림,T4 구어·문장,1428855c-0a3d-4d56-ae6e-1fc568997b08,배스킨라빈스,아이스크림,동오마을골목형상점가,골목형상점가,경기도,,,
3958ed9d9222f395c892,full_annotation_v1,A,q_아이스크림_03,아이스크림 먹을 데,카페·디저트 중 '아이스크림'을 판매·제공하는 매장,test,아이스크림,T4 구어·문장,337ff432-40f8-4a74-8e85-822cb2973097,요맛,아이스크림,늘솔길상인회 골목형상점가,골목형상점가,광주광역시,,,
ac2423a46e7f367678a6,full_annotation_v1,A,q_아이스크림_03,아이스크림 먹을 데,카페·디저트 중 '아이스크림'을 판매·제공하는 매장,test,아이스크림,T4 구어·문장,dae43f6e-a99c-45f9-bbd8-54ba99b950f7,아이스까까,아이스크림 등,하남시동석바대상점가,자율상권구역,경기도,,,
014166e41c6c6101a65d,full_annotation_v1,A,q_아이스크림_03,아이스크림 먹을 데,카페·디저트 중 '아이스크림'을 판매·제공하는 매장,test,아이스크림,T4 구어·문장,82556a5d-dd06-4bae-9852-4d5d28137ad2,별별마트,아이스크림,솔샘시장 골목형상점가,골목형상점가,서울특별시,,,
9234fe811a8993def49c,full_annotation_v1,A,q_아이스크림_03,아이스크림 먹을 데,카페·디저트 중 '아이스크림'을 판매·제공하는 매장,test,아이스크림,T4 구어·문장,5eb43fac-babe-474c-af6c-41cdd7e1731c,아이스베리,아이스크림,천호로데오거리상점가,자율상권구역,서울특별시,,,
ccd6ec25e43bb95e4237,full_annotation_v1,A,q_아이스크림_03,아이스크림 먹을 데,카페·디저트 중 '아이스크림'을 판매·제공하는 매장,test,아이스크림,T4 구어·문장,984dca55-ff4e-41b1-b53a-5237216d2cb6,베스킨라빈스,아이스크림,이천터미널상점가,자율상권구역,경기도,,,
0f47ba7e03566dbbcda6,full_annotation_v1,A,q_아이스크림_03,아이스크림 먹을 데,카페·디저트 중 '아이스크림'을 판매·제공하는 매장,test,아이스크림,T4 구어·문장,b1e72c5c-3483-4476-b88e-6461ff5842ea,아이러브 아이스크림,"아이스크림, 문구",매봉 골목형상점가,골목형상점가,광주광역시,,,
34bd9286976e162cc369,full_annotation_v1,A,q_아이스크림_03,아이스크림 먹을 데,카페·디저트 중 '아이스크림'을 판매·제공하는 매장,test,아이스크림,T4 구어·문장,aefacf1e-f73e-4555-b81f-5df7ccdd0f5f,글라쇼,아이스크림,더센트럴 골목형상점가,골목형상점가,세종특별자치시,,,
db03d5c003763e19a983,full_annotation_v1,A,q_아이스크림_03,아이스크림 먹을 데,카페·디저트 중 '아이스크림'을 판매·제공하는 매장,test,아이스크림,T4 구어·문장,0a5d1694-45a5-4ad7-8c05-d130a0455e6c,아이스박스광명하안2호점,아이스크림,하안주공3단지 골목형상점가,골목형상점가,경기도,,,
84c0974e9fe9bd91024c,full_annotation_v1,A,q_아이스크림_03,아이스크림 먹을 데,카페·디저트 중 '아이스크림'을 판매·제공하는 매장,test,아이스크림,T4 구어·문장,3bf47607-965f-4657-867c-62774bf9933b,아붕,아이스크림,북촌계동길골목형상점가,골목형상점가,서울특별시,,,
9867c65438d6d0444c8b,full_annotation_v1,A,q_아이스크림_03,아이스크림 먹을 데,카페·디저트 중 '아이스크림'을 판매·제공하는 매장,test,아이스크림,T4 구어·문장,34e9ea7e-e261-4e07-a1c1-58b59bc8ae61,배스킨라빈스,아이스크림,계림그랜드센트럴 골목형상점가,골목형상점가,광주광역시,,,
80494999cd6ef3652460,full_annotation_v1,A,q_아이스크림_03,아이스크림 먹을 데,카페·디저트 중 '아이스크림'을 판매·제공하는 매장,test,아이스크림,T4 구어·문장,b2167984-bcaa-465a-b1a7-63d2f3697953,드림아이스N스낵창고송정점,아이스크림,송도용보 골목형상점가,골목형상점가,광주광역시,,,
49e7ef2d813c6b09a407,full_annotation_v1,A,q_아이스크림_03,아이스크림 먹을 데,카페·디저트 중 '아이스크림'을 판매·제공하는 매장,test,아이스크림,T4 구어·문장,858660da-8a15-4f5b-a6e1-6a1b58822c73,베스킨라빈스,아이스크림,용인중앙시장,전통시장,경기도,,,
30081e939e30b1b36de3,full_annotation_v1,A,q_아이스크림_03,아이스크림 먹을 데,카페·디저트 중 '아이스크림'을 판매·제공하는 매장,test,아이스크림,T4 구어·문장,ddc41524-a62b-44a8-aefb-d8a7a1208698,배스킨라빈스,아이스크림,호계중앙 골목형상점가,골목형상점가,울산광역시,,,
698867e33ddf0df939ec,full_annotation_v1,A,q_아이스크림_03,아이스크림 먹을 데,카페·디저트 중 '아이스크림'을 판매·제공하는 매장,test,아이스크림,T4 구어·문장,47092f59-c059-44b7-8798-3176e569cfd0,아이스천국아이스크림,아이스크림 과자 문구 완구,엄사 골목형상점가,골목형상점가,충청남도,,,
168e8e0bac5422c6feee,full_annotation_v1,A,q_아이스크림_03,아이스크림 먹을 데,카페·디저트 중 '아이스크림'을 판매·제공하는 매장,test,아이스크림,T4 구어·문장,ba762d86-0164-4f56-acde-98a8c39483e6,베스킨라빈스선유도역점,아이스크림,선유도역골목형상점가,골목형상점가,서울특별시,,,
6b7c272ef2a547e1fb24,full_annotation_v1,A,q_아이스크림_03,아이스크림 먹을 데,카페·디저트 중 '아이스크림'을 판매·제공하는 매장,test,아이스크림,T4 구어·문장,63a59f73-eca7-4c6f-afbf-4012ea4a040e,베스킨라빈스31아이스크림,아이스크림,석계역 골목형상점가,골목형상점가,서울특별시,,,
a9eb4970a972859b1c1a,full_annotation_v1,A,q_아이스크림_03,아이스크림 먹을 데,카페·디저트 중 '아이스크림'을 판매·제공하는 매장,test,아이스크림,T4 구어·문장,c8ae7d01-00c1-4e99-8e65-b514d123c6c1,베스킨라빈스평촌2호점,아이스크림,평촌1번가 상점가,자율상권구역,경기도,,,
1c0f4ba301371d732062,full_annotation_v1,A,q_아이스크림_03,아이스크림 먹을 데,카페·디저트 중 '아이스크림'을 판매·제공하는 매장,test,아이스크림,T4 구어·문장,282b0e8b-051c-49f9-a707-b982df803589,까라벨라 데 오르,스파게티,동명동 카페거리 골목형상점가,골목형상점가,광주광역시,,,
53bfce1723b057d959a0,full_annotation_v1,A,q_아이스크림_03,아이스크림 먹을 데,카페·디저트 중 '아이스크림'을 판매·제공하는 매장,test,아이스크림,T4 구어·문장,522d3917-aa24-4d02-9f90-d673dc6f6694,세종정밀,기계,시화공구상가,전통시장,경기도,,,
f4711e878c9e8e58430a,full_annotation_v1,A,q_아이스크림_03,아이스크림 먹을 데,카페·디저트 중 '아이스크림'을 판매·제공하는 매장,test,아이스크림,T4 구어·문장,65b80261-f2cf-4710-95fc-effd63ee610e,아로카,아이스크림,단양구경시장(단양인정시장),전통시장,충청북도,,,
fe0fb59ceb187bb6313b,full_annotation_v1,A,q_아이스크림_03,아이스크림 먹을 데,카페·디저트 중 '아이스크림'을 판매·제공하는 매장,test,아이스크림,T4 구어·문장,a9fd4c50-2d4c-44fd-913a-7947580b3ed3,정감안경위드렌즈,안경,매곡드림 골목형상점가,골목형상점가,울산광역시,,,
89af8579854d58b378ea,full_annotation_v1,A,q_아이스크림_03,아이스크림 먹을 데,카페·디저트 중 '아이스크림'을 판매·제공하는 매장,test,아이스크림,T4 구어·문장,f20dc125-e26e-44e5-be1a-a71bd3c0d55b,배스킨라빈스,아이스크림,당진원시가지상가,자율상권구역,충청남도,,,
56a6f2bd84e6678bc4dc,full_annotation_v1,A,q_아이스크림_03,아이스크림 먹을 데,카페·디저트 중 '아이스크림'을 판매·제공하는 매장,test,아이스크림,T4 구어·문장,b257eb6d-e965-4d67-8232-642ed3f3d66c,아이스크림전문점,아이스크림,상주남성시장,전통시장,경상북도,,,
e4ab85c3ecaa119b7202,full_annotation_v1,A,q_아이스크림_03,아이스크림 먹을 데,카페·디저트 중 '아이스크림'을 판매·제공하는 매장,test,아이스크림,T4 구어·문장,61c325c4-259e-479e-8bad-2d342f0df064,아이스따봉,아이스크림,왕십리무학봉상점가,자율상권구역,서울특별시,,,
6f292709e614625e7168,full_annotation_v1,A,q_아이스크림_03,아이스크림 먹을 데,카페·디저트 중 '아이스크림'을 판매·제공하는 매장,test,아이스크림,T4 구어·문장,27de8669-9780-435c-b683-8a0270a7a154,베스킨라빈스,아이스크림,서귀포중심상가번영회,자율상권구역,제주특별자치도,,,
efae1ca1d7f269363628,full_annotation_v1,A,q_아이스크림_03,아이스크림 먹을 데,카페·디저트 중 '아이스크림'을 판매·제공하는 매장,test,아이스크림,T4 구어·문장,02c6f507-3bec-4c43-9d26-d6ef79c1226b,애니타임 선부역점,아이스크림 등,선부광장로상점가,자율상권구역,경기도,,,
b8b60a3eefea1de96cfa,full_annotation_v1,A,q_아이스크림_03,아이스크림 먹을 데,카페·디저트 중 '아이스크림'을 판매·제공하는 매장,test,아이스크림,T4 구어·문장,c6af48f6-ce10-4aa6-afd6-6a168b2f9276,노마진아이스크림,아이스크림,결초보은시장(구 보은종합시장),전통시장,충청북도,,,
83a04d4e8411d7624348,full_annotation_v1,A,q_아이스크림_03,아이스크림 먹을 데,카페·디저트 중 '아이스크림'을 판매·제공하는 매장,test,아이스크림,T4 구어·문장,84f5b05e-99ce-48f2-adc9-d796e7f99c58,누리스크림,아이스크림,누리종합상가 골목형상점가,골목형상점가,대전광역시,,,
e8b9aaf4254008f09b1e,full_annotation_v1,A,q_아이스크림_03,아이스크림 먹을 데,카페·디저트 중 '아이스크림'을 판매·제공하는 매장,test,아이스크림,T4 구어·문장,fc022989-e5f9-45bb-98ed-414169839722,햄즈,아이스크림,불당지웰4블럭 골목형상점가,골목형상점가,충청남도,,,
b684c2b8ec0f83f05603,full_annotation_v1,A,q_아이스크림_03,아이스크림 먹을 데,카페·디저트 중 '아이스크림'을 판매·제공하는 매장,test,아이스크림,T4 구어·문장,aba76fc2-984e-4030-ba01-e2e7d78264c7,데 아로즈 대전둔산본점,,갈리단길 골목형상점가,골목형상점가,대전광역시,,,
18bea69478acf23b9d33,full_annotation_v1,A,q_아이스크림_03,아이스크림 먹을 데,카페·디저트 중 '아이스크림'을 판매·제공하는 매장,test,아이스크림,T4 구어·문장,7366fc09-4b2c-468b-9b09-bb9b6e05f7f1,김밥나라,분식,연제동 골목형상점가,골목형상점가,광주광역시,,,
7f96e66547ab0ce3a0d7,full_annotation_v1,A,q_아이스크림_03,아이스크림 먹을 데,카페·디저트 중 '아이스크림'을 판매·제공하는 매장,test,아이스크림,T4 구어·문장,ac6d572a-6bca-4846-aa80-d75db51e57b7,뉴아이스께끼공장,아이스크림,성대시장골목형상점가,골목형상점가,서울특별시,,,
21106a6f65a204f778bc,full_annotation_v1,A,q_아이스크림_03,아이스크림 먹을 데,카페·디저트 중 '아이스크림'을 판매·제공하는 매장,test,아이스크림,T4 구어·문장,c3b31c1e-2d33-4e28-9074-708291dab5be,모자나라2,모자,㈜르네시떼,전통시장,부산광역시,,,
f76ca92f17ceff7ae453,full_annotation_v1,A,q_아이스크림_03,아이스크림 먹을 데,카페·디저트 중 '아이스크림'을 판매·제공하는 매장,test,아이스크림,T4 구어·문장,0151a644-5334-41e3-9673-7fba6e1e423d,베스킨라빈스 양평시장점,아이스크림,양평물맑은시장,전통시장,경기도,,,
9e3b98f51704d9cd994d,full_annotation_v1,A,q_아이스크림_03,아이스크림 먹을 데,카페·디저트 중 '아이스크림'을 판매·제공하는 매장,test,아이스크림,T4 구어·문장,42c9e910-3197-4d25-b45d-461a130683c0,정선향기,아이스크림,정선아리랑시장,전통시장,강원특별자치도,,,
c1d8022f27c30409d939,full_annotation_v1,A,q_아이스크림_03,아이스크림 먹을 데,카페·디저트 중 '아이스크림'을 판매·제공하는 매장,test,아이스크림,T4 구어·문장,c5ca47aa-6daa-4729-b59d-6a40e7942bae,아이스크림에 빠진 날,아이스크림,공주산성 활성화구역,전통시장,충청남도,,,
1e3942bfaf59d3a612b7,full_annotation_v1,A,q_아이스크림_03,아이스크림 먹을 데,카페·디저트 중 '아이스크림'을 판매·제공하는 매장,test,아이스크림,T4 구어·문장,ecda7c51-6211-4ea8-9f2d-e10a6a5d2a0d,배스킨라빈스,아이스크림,진해중앙시장,전통시장,경상남도,,,
c0e22a9b377e54d687cf,full_annotation_v1,A,q_아이스크림_03,아이스크림 먹을 데,카페·디저트 중 '아이스크림'을 판매·제공하는 매장,test,아이스크림,T4 구어·문장,141d4a90-41cc-4fd8-9f2b-fe8f91b8540b,서빙고 아이스크림,아이스크림,선교지구 골목형상점가,골목형상점가,광주광역시,,,
6bb73ed97bf7f8dcd25e,full_annotation_v1,A,q_아이스크림_03,아이스크림 먹을 데,카페·디저트 중 '아이스크림'을 판매·제공하는 매장,test,아이스크림,T4 구어·문장,2be44ed2-b665-402c-8379-53f07827949f,아이스크림의유래,아이스크림,새호반 골목형상점가,골목형상점가,세종특별자치시,,,
24e9645516820f1cd6b5,full_annotation_v1,A,q_아이스크림_03,아이스크림 먹을 데,카페·디저트 중 '아이스크림'을 판매·제공하는 매장,test,아이스크림,T4 구어·문장,6a30c197-27e0-4af5-8577-f8c169c49c78,아짱,아이스크림,오치서산초 골목형상점가,골목형상점가,광주광역시,,,
dc66f8c06b3bfb820a05,full_annotation_v1,A,q_아이스크림_03,아이스크림 먹을 데,카페·디저트 중 '아이스크림'을 판매·제공하는 매장,test,아이스크림,T4 구어·문장,58ac2dec-806b-4ed4-84c9-d6a820b0d4f5,고기궁전(순천점),일반음식,순천연향패션상가,자율상권구역,전라남도,,,
fe386ade498820a1e8a4,full_annotation_v1,A,q_아이스크림_03,아이스크림 먹을 데,카페·디저트 중 '아이스크림'을 판매·제공하는 매장,test,아이스크림,T4 구어·문장,40fff22b-3ada-4853-bfcd-8afd49a38d0b,아이스플래닛,아이스크림,사거리온누리 골목형상점가,골목형상점가,충청남도,,,
2f0466e155245916fbd6,full_annotation_v1,A,q_아이스크림_03,아이스크림 먹을 데,카페·디저트 중 '아이스크림'을 판매·제공하는 매장,test,아이스크림,T4 구어·문장,6b82b104-4af8-416e-ac23-2f35e4435461,소호,여성의류,서면지하도상가 부전몰,일반지하상점가,부산광역시,,,
8cefaa6d59393fc9b6c1,full_annotation_v1,A,q_아이스크림_03,아이스크림 먹을 데,카페·디저트 중 '아이스크림'을 판매·제공하는 매장,test,아이스크림,T4 구어·문장,2b947da4-fa95-41fd-8905-53dff2db4a7b,라하네아이스크림,아이스크림 및 과자류,우산행복주택,골목형상점가,광주광역시,,,
d870d103184998ee174e,full_annotation_v1,A,q_아이스크림_03,아이스크림 먹을 데,카페·디저트 중 '아이스크림'을 판매·제공하는 매장,test,아이스크림,T4 구어·문장,fb70f2d6-6e69-4a5f-a7ab-cee86eb999a6,송이분식,분식,서동향토시장,전통시장,부산광역시,,,
05f15189e49aa25f98fa,full_annotation_v1,A,q_아이스크림_03,아이스크림 먹을 데,카페·디저트 중 '아이스크림'을 판매·제공하는 매장,test,아이스크림,T4 구어·문장,62d8f706-aee3-4ea0-aa61-4fe3a34d7950,배스킨라빈스목포용해점,아이스크림,용해동 포미타운 골목형상점가,골목형상점가,전라남도,,,
7e81e3c282404df1c931,full_annotation_v1,A,q_아이스크림_03,아이스크림 먹을 데,카페·디저트 중 '아이스크림'을 판매·제공하는 매장,test,아이스크림,T4 구어·문장,b0741ffd-d17f-4ee1-ac61-46842169ec76,달시 아이스크림,아이스크림,세종 반딧불 골목형상점가,골목형상점가,세종특별자치시,,,
2d46aedfde1eb6c1440d,full_annotation_v1,A,q_아이스크림_03,아이스크림 먹을 데,카페·디저트 중 '아이스크림'을 판매·제공하는 매장,test,아이스크림,T4 구어·문장,0d137d31-2c42-401f-967c-7131c4e36e2b,쿤,의류,매곡드림 골목형상점가,골목형상점가,울산광역시,,,
31f719549be4b6434b09,full_annotation_v1,A,q_아이스크림_03,아이스크림 먹을 데,카페·디저트 중 '아이스크림'을 판매·제공하는 매장,test,아이스크림,T4 구어·문장,d8a4d6a8-fa34-47b5-a25f-3d818a44e257,컵앤콘,아이스크림,충주무학시장,전통시장,충청북도,,,
741a6987366b913c5be3,full_annotation_v1,A,q_아이스크림_03,아이스크림 먹을 데,카페·디저트 중 '아이스크림'을 판매·제공하는 매장,test,아이스크림,T4 구어·문장,118805a0-52c8-42d1-bf26-664b5312c3e6,아이스크림 할인점,아이스크림 과자,우미린상가,골목형상점가,전라남도,,,
dab7160fa52ad69fd46a,full_annotation_v1,A,q_아이스크림_03,아이스크림 먹을 데,카페·디저트 중 '아이스크림'을 판매·제공하는 매장,test,아이스크림,T4 구어·문장,b6319b64-8f3f-4170-81eb-3bf115b1cbc9,주월문빵구,아이스크림,주월1동서문대로 골목형상점가,골목형상점가,광주광역시,,,
a65c28159b8807c8bfad,full_annotation_v1,A,q_아이스크림_03,아이스크림 먹을 데,카페·디저트 중 '아이스크림'을 판매·제공하는 매장,test,아이스크림,T4 구어·문장,4785c4e7-ea0c-4928-abf6-01c6b32b65c9,부림화장품,화장품,서면지하도상가 부전몰,일반지하상점가,부산광역시,,,
e1b9101774bf58152bec,full_annotation_v1,A,q_아이스크림_03,아이스크림 먹을 데,카페·디저트 중 '아이스크림'을 판매·제공하는 매장,test,아이스크림,T4 구어·문장,20440c05-0f5c-478e-98b1-ffe252282c5c,얼음왕국 아이스크림 할인점,아이스크림,은구비서로사회적협동조합 골목형상점가,골목형상점가,대전광역시,,,
788113109bcf0aece4d8,full_annotation_v1,A,q_아이스크림_03,아이스크림 먹을 데,카페·디저트 중 '아이스크림'을 판매·제공하는 매장,test,아이스크림,T4 구어·문장,ce9f61db-1ee7-445e-9840-fc60aaad7e50,아이스크림 할인매장,아이스크림 및 잡화,풍암신암상인회 골목형상점가,골목형상점가,광주광역시,,,
6d02b474d25b76b463ff,full_annotation_v1,A,q_아이스크림_03,아이스크림 먹을 데,카페·디저트 중 '아이스크림'을 판매·제공하는 매장,test,아이스크림,T4 구어·문장,5827e0f9-7f26-42b2-a66b-3ed339587f6a,베스킨라빈스,아이스크림,온택트 괴정스마트 상권활성화구역,상권활성화구역,부산광역시,,,
9908ea8de139d6bb3728,full_annotation_v1,A,q_아이스크림_03,아이스크림 먹을 데,카페·디저트 중 '아이스크림'을 판매·제공하는 매장,test,아이스크림,T4 구어·문장,1532f8f0-10b9-42d7-922d-c5fb2be269bf,아이스크림 다있어,"아이스크림, 과자",양산동일신아파트 골목형상점가,골목형상점가,광주광역시,,,
fab2b6a93c3557b77d98,full_annotation_v1,A,q_아이스크림_03,아이스크림 먹을 데,카페·디저트 중 '아이스크림'을 판매·제공하는 매장,test,아이스크림,T4 구어·문장,2ff44762-6cba-4602-985b-e131623c8a26,배스킨라빈스,아이스크림,소사벌 에듀타운 상인회 골목형상점가,골목형상점가,경기도,,,
77c85995c52e3d34b193,full_annotation_v1,A,q_아이스크림_03,아이스크림 먹을 데,카페·디저트 중 '아이스크림'을 판매·제공하는 매장,test,아이스크림,T4 구어·문장,ddcd7aed-f742-49e3-baef-1520af960c48,배스킨라빈스,아이스크림,반석동 골목형상점가,골목형상점가,대전광역시,,,
f0ce22a3b5d2a8de521b,full_annotation_v1,A,q_아이스크림_03,아이스크림 먹을 데,카페·디저트 중 '아이스크림'을 판매·제공하는 매장,test,아이스크림,T4 구어·문장,d77ec76a-1d48-4f5e-a619-e949ec940289,아이스크림,아이스크림 과자 음료수,나릿재마크원 골목형상점가,골목형상점가,세종특별자치시,,,
cdbd0ff45c2b91ffc67b,full_annotation_v1,A,q_아이스크림_03,아이스크림 먹을 데,카페·디저트 중 '아이스크림'을 판매·제공하는 매장,test,아이스크림,T4 구어·문장,c6cd7e6d-b8f4-41d3-8d34-711d12318944,아이스크림 990원 빵,아이스크림 빵 과자,대신시장,전통시장,서울특별시,,,
c015736d994eec7fcf8f,full_annotation_v1,A,q_아이스크림_03,아이스크림 먹을 데,카페·디저트 중 '아이스크림'을 판매·제공하는 매장,test,아이스크림,T4 구어·문장,d9a89d5f-2df9-4701-99ff-691e0cc643f3,노마진 아이스크림 통영점,아이스크림,통영 북신전통시장,전통시장,경상남도,,,
5c17f6bde58b37eb444d,full_annotation_v1,A,q_아이스크림_03,아이스크림 먹을 데,카페·디저트 중 '아이스크림'을 판매·제공하는 매장,test,아이스크림,T4 구어·문장,5872970d-c4f1-4abf-a4b3-0f2a59aac2cf,베스킨라빈스,아이스크림,의왕역 골목형상점가,골목형상점가,경기도,,,
b13fbfa532964b962b96,full_annotation_v1,A,q_아이스크림_03,아이스크림 먹을 데,카페·디저트 중 '아이스크림'을 판매·제공하는 매장,test,아이스크림,T4 구어·문장,93fe52d4-464d-408c-a8ae-65701581baac,아이스크림저장소 본점,아이스크림,백석한들1번가 골목형상점가,골목형상점가,충청남도,,,
404c156fa49d1c637405,full_annotation_v1,A,q_아이스크림_03,아이스크림 먹을 데,카페·디저트 중 '아이스크림'을 판매·제공하는 매장,test,아이스크림,T4 구어·문장,0d7a6368-982e-44b8-b4bb-1bea82c5a338,아이스크림 마을,아이스크림,호매실역중심상가 골목형상점가,골목형상점가,경기도,,,
56c0b1a4f202ca634f7e,full_annotation_v1,A,q_아이스크림_03,아이스크림 먹을 데,카페·디저트 중 '아이스크림'을 판매·제공하는 매장,test,아이스크림,T4 구어·문장,0dc582ff-8c3c-4996-91a2-458bc7a563f4,아이스크림 러버,,방배카페골목 골목형상점가,골목형상점가,서울특별시,,,
34798c164cd1ae202e99,full_annotation_v1,A,q_아이스크림_03,아이스크림 먹을 데,카페·디저트 중 '아이스크림'을 판매·제공하는 매장,test,아이스크림,T4 구어·문장,f61f339e-233b-4542-a6c8-0b81872aa9d4,카페요아정,아이스크림,반곡동행복 골목형상점가,골목형상점가,세종특별자치시,,,
ee19dd11a5e3222c2f4b,full_annotation_v1,A,q_아이스크림_03,아이스크림 먹을 데,카페·디저트 중 '아이스크림'을 판매·제공하는 매장,test,아이스크림,T4 구어·문장,cd8fad90-f63b-4f85-a7cb-036eeabb0533,굽탄 첨단직영점,돼지고기구이,신용동 골목형상점가,골목형상점가,광주광역시,,,
c1a9e8ef8be2d1600e30,full_annotation_v1,A,q_아이스크림_03,아이스크림 먹을 데,카페·디저트 중 '아이스크림'을 판매·제공하는 매장,test,아이스크림,T4 구어·문장,a2d9c1c7-5df4-4e56-9800-5889ab02707c,광양약초,약초,광양5일시장,전통시장,전라남도,,,
0e4b298f1c1960f26e6e,full_annotation_v1,A,q_아이스크림_03,아이스크림 먹을 데,카페·디저트 중 '아이스크림'을 판매·제공하는 매장,test,아이스크림,T4 구어·문장,779a57f5-e1be-4e86-b622-9f60bdaecdb8,트레비젤라또,아이스크림,운암북문대로 골목형상점가,골목형상점가,광주광역시,,,
6e15c1c3c69d16acdd62,full_annotation_v1,A,q_아이스크림_03,아이스크림 먹을 데,카페·디저트 중 '아이스크림'을 판매·제공하는 매장,test,아이스크림,T4 구어·문장,b4c076e7-30b0-42c8-9f5c-7b2ad1f6a467,배스킨라빈스전남장성점,아이스크림,장성읍 골목형상점가,골목형상점가,전라남도,,,
dce2feb4d50615f49542,full_annotation_v1,A,q_아이스크림_03,아이스크림 먹을 데,카페·디저트 중 '아이스크림'을 판매·제공하는 매장,test,아이스크림,T4 구어·문장,2161e91d-1b65-4ee4-b517-2a2a02c02056,카페요아정,아이스크림,상암마을상인회 골목형상점가,골목형상점가,광주광역시,,,
e1af7a95f1107d087741,full_annotation_v1,A,q_아이스크림_03,아이스크림 먹을 데,카페·디저트 중 '아이스크림'을 판매·제공하는 매장,test,아이스크림,T4 구어·문장,35d4161b-3516-4041-9e33-ef4f2687b86e,아이스랜드,아이스크림,아름다운별장거리골목형상점가,골목형상점가,서울특별시,,,
d76b3b00a41a7a1af1fb,full_annotation_v1,A,q_아이스크림_03,아이스크림 먹을 데,카페·디저트 중 '아이스크림'을 판매·제공하는 매장,test,아이스크림,T4 구어·문장,bdd5104d-f1dc-4b86-9ce3-9251d30a1ce2,명품호떡,호떡,남부골목시장,전통시장,서울특별시,,,
3cfbd7af0a593d72120a,full_annotation_v1,A,q_아이스크림_03,아이스크림 먹을 데,카페·디저트 중 '아이스크림'을 판매·제공하는 매장,test,아이스크림,T4 구어·문장,b553f3ca-aa1b-4a35-9272-2ac1467c32e4,요거트아이스크림의정석,아이스크림,수완하나로 골목형상점가,골목형상점가,광주광역시,,,
2e3b2b51cc24ba2ba328,full_annotation_v1,A,q_아이스크림_03,아이스크림 먹을 데,카페·디저트 중 '아이스크림'을 판매·제공하는 매장,test,아이스크림,T4 구어·문장,12e2e14a-8603-4c9a-9603-f839fc92b5ef,배스킨라빈스,아이스크림,월산먹자골목 골목형상점가,골목형상점가,광주광역시,,,
57a58461599fa6e63a07,full_annotation_v1,A,q_아이스크림_03,아이스크림 먹을 데,카페·디저트 중 '아이스크림'을 판매·제공하는 매장,test,아이스크림,T4 구어·문장,00e24176-795e-4e89-826c-c440bb158010,요거트퍼플 고양화정점,아이스크림,화정문화의거리 골목형상점가,골목형상점가,경기도,,,
4f7ffc309564926f27d4,full_annotation_v1,A,q_아이스크림_03,아이스크림 먹을 데,카페·디저트 중 '아이스크림'을 판매·제공하는 매장,test,아이스크림,T4 구어·문장,fa0fb8c4-2d68-4160-90e8-7fa7a5698c12,커피 앤 아이스크림,,승달 골목형상점가,골목형상점가,,,,
774af9b150400518e3c3,full_annotation_v1,A,q_아이스크림_03,아이스크림 먹을 데,카페·디저트 중 '아이스크림'을 판매·제공하는 매장,test,아이스크림,T4 구어·문장,e2b1dc41-01e5-406d-af7e-aedca56f6dd8,베스킨라빈스,아이스크림,팔등로기부거리,골목형상점가,울산광역시,,,
e08bb971984f2683cafe,full_annotation_v1,A,q_아이스크림_03,아이스크림 먹을 데,카페·디저트 중 '아이스크림'을 판매·제공하는 매장,test,아이스크림,T4 구어·문장,b181af84-5425-464b-b608-6037fc841e99,플랑크톤,아이스크림,LC타워거리 골목형상점가,골목형상점가,광주광역시,,,
5650f0a26023e6df4a65,full_annotation_v1,A,q_아이스크림_03,아이스크림 먹을 데,카페·디저트 중 '아이스크림'을 판매·제공하는 매장,test,아이스크림,T4 구어·문장,00bf15c0-0f81-4da4-b79f-86e400e010d2,아이스크림스토리 미사효성해링턴점,아이스크림,미사강변 골목형상점가,골목형상점가,경기도,,,
3ceac18c86e73db24963,full_annotation_v1,A,q_아이스크림_03,아이스크림 먹을 데,카페·디저트 중 '아이스크림'을 판매·제공하는 매장,test,아이스크림,T4 구어·문장,b090dd3f-6319-4433-8a68-21428f2d7dbc,베스킨라빈스,아이스크림,왕지상가,자율상권구역,전라남도,,,
8bf3acc6ad736188319d,full_annotation_v1,A,q_아이스크림_03,아이스크림 먹을 데,카페·디저트 중 '아이스크림'을 판매·제공하는 매장,test,아이스크림,T4 구어·문장,9e03712f-0302-428c-8a82-9e048fc0bd83,다산폰마트,통신기기,다산 상생 상점가,골목형상점가,경기도,,,
97ac663d39e0549645bf,full_annotation_v1,A,q_아이스크림_03,아이스크림 먹을 데,카페·디저트 중 '아이스크림'을 판매·제공하는 매장,test,아이스크림,T4 구어·문장,e6e88790-75b9-47b2-8800-cfaf0df49b07,배스킨라빈스세종한솔점,아이스크림,한솔동 5~6단지상점가,자율상권구역,세종특별자치시,,,
04861019713611a4d0f3,full_annotation_v1,A,q_아이스크림_03,아이스크림 먹을 데,카페·디저트 중 '아이스크림'을 판매·제공하는 매장,test,아이스크림,T4 구어·문장,0d4f4c58-c96d-403f-a55f-d238ed2fc769,금빛쥬얼리,"소매(귀금속,액세서리)",관악신사시장,전통시장,서울특별시,,,
87d444efac30db16e092,full_annotation_v1,A,q_아이스크림_03,아이스크림 먹을 데,카페·디저트 중 '아이스크림'을 판매·제공하는 매장,test,아이스크림,T4 구어·문장,5097b55c-da95-44eb-a4f6-7ad54b6e4f1b,베스킨라빈스창원상남,아이스크림,창원 성원그랜드쇼핑상가,전통시장,경상남도,,,
6f04f5c0485f25b6591b,full_annotation_v1,A,q_아이스크림_03,아이스크림 먹을 데,카페·디저트 중 '아이스크림'을 판매·제공하는 매장,test,아이스크림,T4 구어·문장,16a3e56a-76ca-4f22-863f-133e6bc33679,아이스크림,음식점,하동 화개장터,전통시장,경상남도,,,
02cc581c3830c639c4d7,full_annotation_v1,A,q_아이스크림_03,아이스크림 먹을 데,카페·디저트 중 '아이스크림'을 판매·제공하는 매장,test,아이스크림,T4 구어·문장,87a1345d-cd8f-4c19-81b8-0e8f70fcf866,아이스크림 할인점,아이스크림 및 과자,매곡 가인 골목형상점가,골목형상점가,광주광역시,,,
e61ffccdbb65604c6129,full_annotation_v1,A,q_아이스크림_03,아이스크림 먹을 데,카페·디저트 중 '아이스크림'을 판매·제공하는 매장,test,아이스크림,T4 구어·문장,90110b15-b2c2-4093-a7f7-69c5c0c62857,배스킨라빈스,아이스크림,제민천 골목형상점가,골목형상점가,충청남도,,,
88cd5b05bb3ccdb8782d,full_annotation_v1,A,q_아이스크림_03,아이스크림 먹을 데,카페·디저트 중 '아이스크림'을 판매·제공하는 매장,test,아이스크림,T4 구어·문장,67456652-ae37-413f-be89-46afd2a6094f,치치퐁,아이스크림,모슬포 중앙시장,전통시장,제주특별자치도,,,
0f4e2ea852660f2d2a7b,full_annotation_v1,A,q_아이스크림_03,아이스크림 먹을 데,카페·디저트 중 '아이스크림'을 판매·제공하는 매장,test,아이스크림,T4 구어·문장,e048d001-ece8-4fe6-9022-ad7ca47826e9,아이스크림 마트,아이스크림,문흥2동 골목형상점가,골목형상점가,광주광역시,,,
a46a569c2f3bd9415f0b,full_annotation_v1,A,q_아이스크림_03,아이스크림 먹을 데,카페·디저트 중 '아이스크림'을 판매·제공하는 매장,test,아이스크림,T4 구어·문장,28ee6327-7475-4852-a8be-c0110d6ebd24,배스킨라빈스,아이스크림,목3동골목형상점가,골목형상점가,서울특별시,,,
d2b4227f0f49482f411e,full_annotation_v1,A,q_아이스크림_03,아이스크림 먹을 데,카페·디저트 중 '아이스크림'을 판매·제공하는 매장,test,아이스크림,T4 구어·문장,f14df4d3-9858-4a8b-8597-20fd477d8e32,갤러리 데 루치아,가구,용인어정가구단지상점가,자율상권구역,경기도,,,
5e03543b3ac1d0e7d7ab,full_annotation_v1,A,q_아이스크림_03,아이스크림 먹을 데,카페·디저트 중 '아이스크림'을 판매·제공하는 매장,test,아이스크림,T4 구어·문장,da0e6196-3ceb-4b2d-a236-5877024635b1,메리엘스 아이스크림,아이스크림,대전아이파크시티 골목형상점가,골목형상점가,대전광역시,,,
b9828387645f3016103f,full_annotation_v1,A,q_아이스크림_03,아이스크림 먹을 데,카페·디저트 중 '아이스크림'을 판매·제공하는 매장,test,아이스크림,T4 구어·문장,0313ac7b-2bcf-483f-8f18-e2257086c876,더까까주까,아이스크림,나성BRT 골목형상점가,골목형상점가,세종특별자치시,,,
397cf0554529333da831,full_annotation_v1,A,q_아이스크림_03,아이스크림 먹을 데,카페·디저트 중 '아이스크림'을 판매·제공하는 매장,test,아이스크림,T4 구어·문장,09d71b06-1b02-467a-9128-dc7be76214e2,배스킨라빈스,아이스크림,쌍리단길상점가,자율상권구역,서울특별시,,,
972b52156b29e1edefcb,full_annotation_v1,A,q_아이스크림_03,아이스크림 먹을 데,카페·디저트 중 '아이스크림'을 판매·제공하는 매장,test,아이스크림,T4 구어·문장,fb920894-12bc-4843-b272-508c9c06dd4a,푸우 아이스크림,아이스크림 붕어빵,금암중심상가 골목형상점가,골목형상점가,경기도,,,
daf403f584876b806c15,full_annotation_v1,A,q_아이스크림_03,아이스크림 먹을 데,카페·디저트 중 '아이스크림'을 판매·제공하는 매장,test,아이스크림,T4 구어·문장,2a40f421-c1f9-42a6-ab0c-5680fd7cfe60,비나이다,"커피, 디저트",대구예전우시장,전통시장,대구광역시,,,
bf457c3071bf3df4a9ac,full_annotation_v1,A,q_아이스크림_03,아이스크림 먹을 데,카페·디저트 중 '아이스크림'을 판매·제공하는 매장,test,아이스크림,T4 구어·문장,2e777d06-7c09-4a6e-a801-b0b55bb7fe1e,통닭집,음식점업(치킨),장안문거북시장,전통시장,경기도,,,
19550876202ea4db89a8,full_annotation_v1,A,q_아이스크림_04,아이스크림 파는 곳,카페·디저트 중 '아이스크림'을 판매·제공하는 매장,test,아이스크림,T4 구어·문장,aefacf1e-f73e-4555-b81f-5df7ccdd0f5f,글라쇼,아이스크림,더센트럴 골목형상점가,골목형상점가,세종특별자치시,,,
a05d5d10f03630d14a2c,full_annotation_v1,A,q_아이스크림_04,아이스크림 파는 곳,카페·디저트 중 '아이스크림'을 판매·제공하는 매장,test,아이스크림,T4 구어·문장,87a1345d-cd8f-4c19-81b8-0e8f70fcf866,아이스크림 할인점,아이스크림 및 과자,매곡 가인 골목형상점가,골목형상점가,광주광역시,,,
7578c443aeb80002004f,full_annotation_v1,A,q_아이스크림_04,아이스크림 파는 곳,카페·디저트 중 '아이스크림'을 판매·제공하는 매장,test,아이스크림,T4 구어·문장,40fff22b-3ada-4853-bfcd-8afd49a38d0b,아이스플래닛,아이스크림,사거리온누리 골목형상점가,골목형상점가,충청남도,,,
2ce2958248e19be857a1,full_annotation_v1,A,q_아이스크림_04,아이스크림 파는 곳,카페·디저트 중 '아이스크림'을 판매·제공하는 매장,test,아이스크림,T4 구어·문장,beffa7a8-0570-45b3-8b66-6e938daf9df4,배스킨라빈스광주효천점,아이스크림,효천로 골목형상점가,골목형상점가,광주광역시,,,
65542595636ff3a6a903,full_annotation_v1,A,q_아이스크림_04,아이스크림 파는 곳,카페·디저트 중 '아이스크림'을 판매·제공하는 매장,test,아이스크림,T4 구어·문장,3bf47607-965f-4657-867c-62774bf9933b,아붕,아이스크림,북촌계동길골목형상점가,골목형상점가,서울특별시,,,
46de377c5616a6b77955,full_annotation_v1,A,q_아이스크림_04,아이스크림 파는 곳,카페·디저트 중 '아이스크림'을 판매·제공하는 매장,test,아이스크림,T4 구어·문장,218814ce-cb51-4ca1-a546-3f300f732170,아이스크림 할인점,아이스크림 과자류,쌍촌로상인회 골목형상점가,골목형상점가,광주광역시,,,
604bb6245f9dbf5c1abf,full_annotation_v1,A,q_아이스크림_04,아이스크림 파는 곳,카페·디저트 중 '아이스크림'을 판매·제공하는 매장,test,아이스크림,T4 구어·문장,337ff432-40f8-4a74-8e85-822cb2973097,요맛,아이스크림,늘솔길상인회 골목형상점가,골목형상점가,광주광역시,,,
78ee4c123221220872ac,full_annotation_v1,A,q_아이스크림_04,아이스크림 파는 곳,카페·디저트 중 '아이스크림'을 판매·제공하는 매장,test,아이스크림,T4 구어·문장,d77ec76a-1d48-4f5e-a619-e949ec940289,아이스크림,아이스크림 과자 음료수,나릿재마크원 골목형상점가,골목형상점가,세종특별자치시,,,
f5bbce1e7b998b42aa8e,full_annotation_v1,A,q_아이스크림_04,아이스크림 파는 곳,카페·디저트 중 '아이스크림'을 판매·제공하는 매장,test,아이스크림,T4 구어·문장,8dd41841-1874-4ae3-bb65-bac9fc456ad9,이야이야요,아이스크림,서귀포매일올레시장,전통시장,제주특별자치도,,,
1ca12c1d828d2566aefb,full_annotation_v1,A,q_아이스크림_04,아이스크림 파는 곳,카페·디저트 중 '아이스크림'을 판매·제공하는 매장,test,아이스크림,T4 구어·문장,118805a0-52c8-42d1-bf26-664b5312c3e6,아이스크림 할인점,아이스크림 과자,우미린상가,골목형상점가,전라남도,,,
6dca9c831bc1d0ab84b7,full_annotation_v1,A,q_아이스크림_04,아이스크림 파는 곳,카페·디저트 중 '아이스크림'을 판매·제공하는 매장,test,아이스크림,T4 구어·문장,12e2e14a-8603-4c9a-9603-f839fc92b5ef,배스킨라빈스,아이스크림,월산먹자골목 골목형상점가,골목형상점가,광주광역시,,,
61137a2dd237f7464936,full_annotation_v1,A,q_아이스크림_04,아이스크림 파는 곳,카페·디저트 중 '아이스크림'을 판매·제공하는 매장,test,아이스크림,T4 구어·문장,fe53936c-3966-4214-bb10-62265eaf99cc,제천식당,식당,신울산종합시장,전통시장,울산광역시,,,
c6400a01b5486e0c247f,full_annotation_v1,A,q_아이스크림_04,아이스크림 파는 곳,카페·디저트 중 '아이스크림'을 판매·제공하는 매장,test,아이스크림,T4 구어·문장,124fc359-9f15-4f83-93a5-a8288576e4a0,아이오더컴퍼니,아이스크림,상도전통시장,전통시장,서울특별시,,,
ba850e4d3fef4a11ba6a,full_annotation_v1,A,q_아이스크림_04,아이스크림 파는 곳,카페·디저트 중 '아이스크림'을 판매·제공하는 매장,test,아이스크림,T4 구어·문장,1a4ca19d-1be3-42ab-ab42-4b6f164cdfc3,요거저거,아이스크림,송죽솔대 골목형상점가,골목형상점가,경기도,,,
feb6ecb90952086ea937,full_annotation_v1,A,q_아이스크림_04,아이스크림 파는 곳,카페·디저트 중 '아이스크림'을 판매·제공하는 매장,test,아이스크림,T4 구어·문장,b0741ffd-d17f-4ee1-ac61-46842169ec76,달시 아이스크림,아이스크림,세종 반딧불 골목형상점가,골목형상점가,세종특별자치시,,,
4dbe1dc713fbad4431e7,full_annotation_v1,A,q_아이스크림_04,아이스크림 파는 곳,카페·디저트 중 '아이스크림'을 판매·제공하는 매장,test,아이스크림,T4 구어·문장,d57342ca-bbd7-4340-b600-beb3748765d2,꿀벌땅콩빵,아이스크림,도마큰시장,전통시장,대전광역시,,,
786c2c3114401cad8e02,full_annotation_v1,A,q_아이스크림_04,아이스크림 파는 곳,카페·디저트 중 '아이스크림'을 판매·제공하는 매장,test,아이스크림,T4 구어·문장,3fdfc33e-3d24-412d-9a6d-0cceb8f576cb,양평상회,농산물,영양시장,전통시장,경상북도,,,
4812d917d6c13f0ce398,full_annotation_v1,A,q_아이스크림_04,아이스크림 파는 곳,카페·디저트 중 '아이스크림'을 판매·제공하는 매장,test,아이스크림,T4 구어·문장,65b80261-f2cf-4710-95fc-effd63ee610e,아로카,아이스크림,단양구경시장(단양인정시장),전통시장,충청북도,,,
4ceb3d90df697f147392,full_annotation_v1,A,q_아이스크림_04,아이스크림 파는 곳,카페·디저트 중 '아이스크림'을 판매·제공하는 매장,test,아이스크림,T4 구어·문장,141d4a90-41cc-4fd8-9f2b-fe8f91b8540b,서빙고 아이스크림,아이스크림,선교지구 골목형상점가,골목형상점가,광주광역시,,,
35222373eb980a010196,full_annotation_v1,A,q_아이스크림_04,아이스크림 파는 곳,카페·디저트 중 '아이스크림'을 판매·제공하는 매장,test,아이스크림,T4 구어·문장,2be44ed2-b665-402c-8379-53f07827949f,아이스크림의유래,아이스크림,새호반 골목형상점가,골목형상점가,세종특별자치시,,,
c9f49fb212963ee537b5,full_annotation_v1,A,q_아이스크림_04,아이스크림 파는 곳,카페·디저트 중 '아이스크림'을 판매·제공하는 매장,test,아이스크림,T4 구어·문장,46f2fefd-cbf5-45a0-b5e7-bc40a8d89b6d,아이스크림할인점,아이스크림,매탄 임광상가 골목형상점가,골목형상점가,경기도,,,
23c476df3cf679953302,full_annotation_v1,A,q_아이스크림_04,아이스크림 파는 곳,카페·디저트 중 '아이스크림'을 판매·제공하는 매장,test,아이스크림,T4 구어·문장,b4cde528-5d59-4003-8bcc-6bc20d8be931,베스킨라빈스충남고점,아이스크림,둔산3동상점가,자율상권구역,대전광역시,,,
1a4f7377372f0d9e1882,full_annotation_v1,A,q_아이스크림_04,아이스크림 파는 곳,카페·디저트 중 '아이스크림'을 판매·제공하는 매장,test,아이스크림,T4 구어·문장,b0d5b9cc-7c1e-4a46-9b6c-40108cf594dd,과일농장,과일,경창시장,전통시장,서울특별시,,,
c1c9460fd2e43e273d4c,full_annotation_v1,A,q_아이스크림_04,아이스크림 파는 곳,카페·디저트 중 '아이스크림'을 판매·제공하는 매장,test,아이스크림,T4 구어·문장,590c773e-b9bd-4758-8b87-d92faebef1bf,인생낙지,,느다리 골목형상점가,골목형상점가,대전광역시,,,
0b64d4a01d661b4eda74,full_annotation_v1,A,q_아이스크림_04,아이스크림 파는 곳,카페·디저트 중 '아이스크림'을 판매·제공하는 매장,test,아이스크림,T4 구어·문장,2743811c-5e71-4d2b-aa75-1b0147d44f2d,사우 꽃이 피는 곳,꽃,김포 풍년마을 골목형상점가,골목형상점가,경기도,,,
447b048a06933a598c01,full_annotation_v1,A,q_아이스크림_04,아이스크림 파는 곳,카페·디저트 중 '아이스크림'을 판매·제공하는 매장,test,아이스크림,T4 구어·문장,27de8669-9780-435c-b683-8a0270a7a154,베스킨라빈스,아이스크림,서귀포중심상가번영회,자율상권구역,제주특별자치도,,,
0f79f0907ac75f19d92b,full_annotation_v1,A,q_아이스크림_04,아이스크림 파는 곳,카페·디저트 중 '아이스크림'을 판매·제공하는 매장,test,아이스크림,T4 구어·문장,d8a4d6a8-fa34-47b5-a25f-3d818a44e257,컵앤콘,아이스크림,충주무학시장,전통시장,충청북도,,,
5eebe66d1bd89aa2140a,full_annotation_v1,A,q_아이스크림_04,아이스크림 파는 곳,카페·디저트 중 '아이스크림'을 판매·제공하는 매장,test,아이스크림,T4 구어·문장,999270cb-21a8-443d-bad1-268366904ad7,자인상회,잡화,자인공설시장,전통시장,경상북도,,,
4fecc4e7d4adcf492638,full_annotation_v1,A,q_아이스크림_04,아이스크림 파는 곳,카페·디저트 중 '아이스크림'을 판매·제공하는 매장,test,아이스크림,T4 구어·문장,eba504f5-1c4c-456f-9310-42b881429296,독일건강식품,건강보조식품,안양1번가 상점가,자율상권구역,경기도,,,
0e04be75e16f53a51345,full_annotation_v1,A,q_아이스크림_04,아이스크림 파는 곳,카페·디저트 중 '아이스크림'을 판매·제공하는 매장,test,아이스크림,T4 구어·문장,ce9f61db-1ee7-445e-9840-fc60aaad7e50,아이스크림 할인매장,아이스크림 및 잡화,풍암신암상인회 골목형상점가,골목형상점가,광주광역시,,,
911daab13484ac31f35a,full_annotation_v1,A,q_아이스크림_04,아이스크림 파는 곳,카페·디저트 중 '아이스크림'을 판매·제공하는 매장,test,아이스크림,T4 구어·문장,a2de9729-9515-4bef-94c8-73662fda70f9,팜젤라또,아이스크림,부여도심 상권활성화구역,상권활성화구역,충청남도,,,
754a6dad496ee5dc3e32,full_annotation_v1,A,q_아이스크림_04,아이스크림 파는 곳,카페·디저트 중 '아이스크림'을 판매·제공하는 매장,test,아이스크림,T4 구어·문장,fb920894-12bc-4843-b272-508c9c06dd4a,푸우 아이스크림,아이스크림 붕어빵,금암중심상가 골목형상점가,골목형상점가,경기도,,,
f5e88fc1104e309c5422,full_annotation_v1,A,q_아이스크림_04,아이스크림 파는 곳,카페·디저트 중 '아이스크림'을 판매·제공하는 매장,test,아이스크림,T4 구어·문장,a18bc279-c3ce-4924-8631-d95367d1eee6,삼삼호프,한식,삼호동상가 골목형상점가,골목형상점가,울산광역시,,,
47b76ab7716134806e09,full_annotation_v1,A,q_아이스크림_04,아이스크림 파는 곳,카페·디저트 중 '아이스크림'을 판매·제공하는 매장,test,아이스크림,T4 구어·문장,3ecf2d0a-4ae1-4c14-91a2-f48bf4782fe5,드림유통,농산물,하대원공설시장,전통시장,경기도,,,
78ddb9f6fbb7a5cfee5d,full_annotation_v1,A,q_아이스크림_04,아이스크림 파는 곳,카페·디저트 중 '아이스크림'을 판매·제공하는 매장,test,아이스크림,T4 구어·문장,779a57f5-e1be-4e86-b622-9f60bdaecdb8,트레비젤라또,아이스크림,운암북문대로 골목형상점가,골목형상점가,광주광역시,,,
a286edc276807bd2e67a,full_annotation_v1,A,q_아이스크림_04,아이스크림 파는 곳,카페·디저트 중 '아이스크림'을 판매·제공하는 매장,test,아이스크림,T4 구어·문장,c6af48f6-ce10-4aa6-afd6-6a168b2f9276,노마진아이스크림,아이스크림,결초보은시장(구 보은종합시장),전통시장,충청북도,,,
bf957ed23e97b06fe7fc,full_annotation_v1,A,q_아이스크림_04,아이스크림 파는 곳,카페·디저트 중 '아이스크림'을 판매·제공하는 매장,test,아이스크림,T4 구어·문장,5827e0f9-7f26-42b2-a66b-3ed339587f6a,베스킨라빈스,아이스크림,온택트 괴정스마트 상권활성화구역,상권활성화구역,부산광역시,,,
289267e98d76633bd25e,full_annotation_v1,A,q_아이스크림_04,아이스크림 파는 곳,카페·디저트 중 '아이스크림'을 판매·제공하는 매장,test,아이스크림,T4 구어·문장,1fed3618-43bc-4ccc-adbf-d7761f4447c4,위너스골프,골프용품,화산로 골목형상점가,골목형상점가,광주광역시,,,
0da7462694ad1c327dcc,full_annotation_v1,A,q_아이스크림_04,아이스크림 파는 곳,카페·디저트 중 '아이스크림'을 판매·제공하는 매장,test,아이스크림,T4 구어·문장,09d71b06-1b02-467a-9128-dc7be76214e2,배스킨라빈스,아이스크림,쌍리단길상점가,자율상권구역,서울특별시,,,
5792abe5454566e168d6,full_annotation_v1,A,q_아이스크림_04,아이스크림 파는 곳,카페·디저트 중 '아이스크림'을 판매·제공하는 매장,test,아이스크림,T4 구어·문장,858660da-8a15-4f5b-a6e1-6a1b58822c73,베스킨라빈스,아이스크림,용인중앙시장,전통시장,경기도,,,
ea66a75b5ce1ce438fe7,full_annotation_v1,A,q_아이스크림_04,아이스크림 파는 곳,카페·디저트 중 '아이스크림'을 판매·제공하는 매장,test,아이스크림,T4 구어·문장,fa0fb8c4-2d68-4160-90e8-7fa7a5698c12,커피 앤 아이스크림,,승달 골목형상점가,골목형상점가,,,,
1bc6476d356549a5f360,full_annotation_v1,A,q_아이스크림_04,아이스크림 파는 곳,카페·디저트 중 '아이스크림'을 판매·제공하는 매장,test,아이스크림,T4 구어·문장,f61f339e-233b-4542-a6c8-0b81872aa9d4,카페요아정,아이스크림,반곡동행복 골목형상점가,골목형상점가,세종특별자치시,,,
e53a090429aa37f125ac,full_annotation_v1,A,q_아이스크림_04,아이스크림 파는 곳,카페·디저트 중 '아이스크림'을 판매·제공하는 매장,test,아이스크림,T4 구어·문장,984dca55-ff4e-41b1-b53a-5237216d2cb6,베스킨라빈스,아이스크림,이천터미널상점가,자율상권구역,경기도,,,
0db842282c9b3da8b6e2,full_annotation_v1,A,q_아이스크림_04,아이스크림 파는 곳,카페·디저트 중 '아이스크림'을 판매·제공하는 매장,test,아이스크림,T4 구어·문장,d9a89d5f-2df9-4701-99ff-691e0cc643f3,노마진 아이스크림 통영점,아이스크림,통영 북신전통시장,전통시장,경상남도,,,
febd9c25e5cf192aa697,full_annotation_v1,A,q_아이스크림_04,아이스크림 파는 곳,카페·디저트 중 '아이스크림'을 판매·제공하는 매장,test,아이스크림,T4 구어·문장,b1e72c5c-3483-4476-b88e-6461ff5842ea,아이러브 아이스크림,"아이스크림, 문구",매봉 골목형상점가,골목형상점가,광주광역시,,,
fe6db37493fecb2415a6,full_annotation_v1,A,q_아이스크림_04,아이스크림 파는 곳,카페·디저트 중 '아이스크림'을 판매·제공하는 매장,test,아이스크림,T4 구어·문장,34e9ea7e-e261-4e07-a1c1-58b59bc8ae61,배스킨라빈스,아이스크림,계림그랜드센트럴 골목형상점가,골목형상점가,광주광역시,,,
32f0cd8b85874206053e,full_annotation_v1,A,q_아이스크림_04,아이스크림 파는 곳,카페·디저트 중 '아이스크림'을 판매·제공하는 매장,test,아이스크림,T4 구어·문장,c6cd7e6d-b8f4-41d3-8d34-711d12318944,아이스크림 990원 빵,아이스크림 빵 과자,대신시장,전통시장,서울특별시,,,
c5d4c3d64237ba608755,full_annotation_v1,A,q_아이스크림_04,아이스크림 파는 곳,카페·디저트 중 '아이스크림'을 판매·제공하는 매장,test,아이스크림,T4 구어·문장,20440c05-0f5c-478e-98b1-ffe252282c5c,얼음왕국 아이스크림 할인점,아이스크림,은구비서로사회적협동조합 골목형상점가,골목형상점가,대전광역시,,,
2e5720ec2b83f895ccf8,full_annotation_v1,A,q_아이스크림_04,아이스크림 파는 곳,카페·디저트 중 '아이스크림'을 판매·제공하는 매장,test,아이스크림,T4 구어·문장,5872970d-c4f1-4abf-a4b3-0f2a59aac2cf,베스킨라빈스,아이스크림,의왕역 골목형상점가,골목형상점가,경기도,,,
98dd3343840743f7f511,full_annotation_v1,A,q_아이스크림_04,아이스크림 파는 곳,카페·디저트 중 '아이스크림'을 판매·제공하는 매장,test,아이스크림,T4 구어·문장,16a3e56a-76ca-4f22-863f-133e6bc33679,아이스크림,음식점,하동 화개장터,전통시장,경상남도,,,
cc90eb8bf1ade14d3f43,full_annotation_v1,A,q_아이스크림_04,아이스크림 파는 곳,카페·디저트 중 '아이스크림'을 판매·제공하는 매장,test,아이스크림,T4 구어·문장,28ee6327-7475-4852-a8be-c0110d6ebd24,배스킨라빈스,아이스크림,목3동골목형상점가,골목형상점가,서울특별시,,,
a697214caa0f93bbc464,full_annotation_v1,A,q_아이스크림_04,아이스크림 파는 곳,카페·디저트 중 '아이스크림'을 판매·제공하는 매장,test,아이스크림,T4 구어·문장,ba914aad-9ca8-4c14-8d52-a1ed44863ca9,금강디지털보청기,보청기,LC타워거리 골목형상점가,골목형상점가,광주광역시,,,
e2a8d303c8b81a92c238,full_annotation_v1,A,q_아이스크림_04,아이스크림 파는 곳,카페·디저트 중 '아이스크림'을 판매·제공하는 매장,test,아이스크림,T4 구어·문장,e048d001-ece8-4fe6-9022-ad7ca47826e9,아이스크림 마트,아이스크림,문흥2동 골목형상점가,골목형상점가,광주광역시,,,
768d675aabc93a2d39c9,full_annotation_v1,A,q_아이스크림_04,아이스크림 파는 곳,카페·디저트 중 '아이스크림'을 판매·제공하는 매장,test,아이스크림,T4 구어·문장,2b947da4-fa95-41fd-8905-53dff2db4a7b,라하네아이스크림,아이스크림 및 과자류,우산행복주택,골목형상점가,광주광역시,,,
3a622f9fd85a6b2d35a4,full_annotation_v1,A,q_아이스크림_04,아이스크림 파는 곳,카페·디저트 중 '아이스크림'을 판매·제공하는 매장,test,아이스크림,T4 구어·문장,c161453d-f2c8-4b97-a2c3-a54e0cbdb7e8,생활용품 싸게 파는 집,잡화,안성중앙시장,전통시장,경기도,,,
d9ca09a228a72c7921f4,full_annotation_v1,A,q_아이스크림_04,아이스크림 파는 곳,카페·디저트 중 '아이스크림'을 판매·제공하는 매장,test,아이스크림,T4 구어·문장,ddc41524-a62b-44a8-aefb-d8a7a1208698,배스킨라빈스,아이스크림,호계중앙 골목형상점가,골목형상점가,울산광역시,,,
7a74671168737faef9ab,full_annotation_v1,A,q_아이스크림_04,아이스크림 파는 곳,카페·디저트 중 '아이스크림'을 판매·제공하는 매장,test,아이스크림,T4 구어·문장,76a3551b-dae4-4326-92cc-662015aedbfb,쉴 곳,한식,칠성로상점가,자율상권구역,제주특별자치도,,,
1246bf59f5695821a007,full_annotation_v1,A,q_아이스크림_04,아이스크림 파는 곳,카페·디저트 중 '아이스크림'을 판매·제공하는 매장,test,아이스크림,T4 구어·문장,0151a644-5334-41e3-9673-7fba6e1e423d,베스킨라빈스 양평시장점,아이스크림,양평물맑은시장,전통시장,경기도,,,
08c0268d377cea819d3d,full_annotation_v1,A,q_아이스크림_04,아이스크림 파는 곳,카페·디저트 중 '아이스크림'을 판매·제공하는 매장,test,아이스크림,T4 구어·문장,c47df20f-3861-41f3-b8f9-5a5581275449,통쿨,아이스크림,중리시장,전통시장,대전광역시,,,
0085fa056ef00c9a99dc,full_annotation_v1,A,q_아이스크림_04,아이스크림 파는 곳,카페·디저트 중 '아이스크림'을 판매·제공하는 매장,test,아이스크림,T4 구어·문장,35d4161b-3516-4041-9e33-ef4f2687b86e,아이스랜드,아이스크림,아름다운별장거리골목형상점가,골목형상점가,서울특별시,,,
7911614b17077f1fbaf6,full_annotation_v1,A,q_아이스크림_04,아이스크림 파는 곳,카페·디저트 중 '아이스크림'을 판매·제공하는 매장,test,아이스크림,T4 구어·문장,ddcd7aed-f742-49e3-baef-1520af960c48,배스킨라빈스,아이스크림,반석동 골목형상점가,골목형상점가,대전광역시,,,
2f38fafb86bef8f4f5ab,full_annotation_v1,A,q_아이스크림_04,아이스크림 파는 곳,카페·디저트 중 '아이스크림'을 판매·제공하는 매장,test,아이스크림,T4 구어·문장,67456652-ae37-413f-be89-46afd2a6094f,치치퐁,아이스크림,모슬포 중앙시장,전통시장,제주특별자치도,,,
1037e8f7178fe09921d0,full_annotation_v1,A,q_아이스크림_04,아이스크림 파는 곳,카페·디저트 중 '아이스크림'을 판매·제공하는 매장,test,아이스크림,T4 구어·문장,5097b55c-da95-44eb-a4f6-7ad54b6e4f1b,베스킨라빈스창원상남,아이스크림,창원 성원그랜드쇼핑상가,전통시장,경상남도,,,
48bf7d940aa2c06122fe,full_annotation_v1,A,q_아이스크림_04,아이스크림 파는 곳,카페·디저트 중 '아이스크림'을 판매·제공하는 매장,test,아이스크림,T4 구어·문장,b3b98e5a-b2bc-4596-a278-9282966e8eb6,지에스25진도읍내점,"담배, 일반상품 및 편의점 상품 등",진도 남문로 상권활성화구역,상권활성화구역,전라남도,,,
0aeb331aa80f564da73a,full_annotation_v1,A,q_아이스크림_04,아이스크림 파는 곳,카페·디저트 중 '아이스크림'을 판매·제공하는 매장,test,아이스크림,T4 구어·문장,5eb43fac-babe-474c-af6c-41cdd7e1731c,아이스베리,아이스크림,천호로데오거리상점가,자율상권구역,서울특별시,,,
7c06071085c30efb97ce,full_annotation_v1,A,q_아이스크림_04,아이스크림 파는 곳,카페·디저트 중 '아이스크림'을 판매·제공하는 매장,test,아이스크림,T4 구어·문장,b553f3ca-aa1b-4a35-9272-2ac1467c32e4,요거트아이스크림의정석,아이스크림,수완하나로 골목형상점가,골목형상점가,광주광역시,,,
84aa0f1b8d7b372a2fc3,full_annotation_v1,A,q_아이스크림_04,아이스크림 파는 곳,카페·디저트 중 '아이스크림'을 판매·제공하는 매장,test,아이스크림,T4 구어·문장,02c6f507-3bec-4c43-9d26-d6ef79c1226b,애니타임 선부역점,아이스크림 등,선부광장로상점가,자율상권구역,경기도,,,
4917e1e17c1812119a16,full_annotation_v1,A,q_아이스크림_04,아이스크림 파는 곳,카페·디저트 중 '아이스크림'을 판매·제공하는 매장,test,아이스크림,T4 구어·문장,b2167984-bcaa-465a-b1a7-63d2f3697953,드림아이스N스낵창고송정점,아이스크림,송도용보 골목형상점가,골목형상점가,광주광역시,,,
b2ff6205a8af442d86e1,full_annotation_v1,A,q_아이스크림_04,아이스크림 파는 곳,카페·디저트 중 '아이스크림'을 판매·제공하는 매장,test,아이스크림,T4 구어·문장,c2c77e33-32e8-4ac6-9566-f12f24d00153,푸라닭 광주효천점,치킨,효천2지구 골목형상점가,골목형상점가,광주광역시,,,
f7e6e65a37cbcb76df34,full_annotation_v1,A,q_아이스크림_04,아이스크림 파는 곳,카페·디저트 중 '아이스크림'을 판매·제공하는 매장,test,아이스크림,T4 구어·문장,b257eb6d-e965-4d67-8232-642ed3f3d66c,아이스크림전문점,아이스크림,상주남성시장,전통시장,경상북도,,,
1d1bea6aafb274822a8c,full_annotation_v1,A,q_아이스크림_04,아이스크림 파는 곳,카페·디저트 중 '아이스크림'을 판매·제공하는 매장,test,아이스크림,T4 구어·문장,bd64d67b-4cd7-4dfe-8161-5f3345e0fb24,서울마님,죽,천안중앙시장,전통시장,충청남도,,,
38f396f3a0d70b356ee1,full_annotation_v1,A,q_아이스크림_04,아이스크림 파는 곳,카페·디저트 중 '아이스크림'을 판매·제공하는 매장,test,아이스크림,T4 구어·문장,24456103-f6b8-46af-8655-82e61d7265d8,커피가 머무르는 곳,커피,반드레길골목형상점가,골목형상점가,서울특별시,,,
133bd50d6ecd8c985baa,full_annotation_v1,A,q_아이스크림_04,아이스크림 파는 곳,카페·디저트 중 '아이스크림'을 판매·제공하는 매장,test,아이스크림,T4 구어·문장,0dc582ff-8c3c-4996-91a2-458bc7a563f4,아이스크림 러버,,방배카페골목 골목형상점가,골목형상점가,서울특별시,,,
90485edc587f2a26732e,full_annotation_v1,A,q_아이스크림_04,아이스크림 파는 곳,카페·디저트 중 '아이스크림'을 판매·제공하는 매장,test,아이스크림,T4 구어·문장,b181af84-5425-464b-b608-6037fc841e99,플랑크톤,아이스크림,LC타워거리 골목형상점가,골목형상점가,광주광역시,,,
7c5543d2821c5f40a3ba,full_annotation_v1,A,q_아이스크림_04,아이스크림 파는 곳,카페·디저트 중 '아이스크림'을 판매·제공하는 매장,test,아이스크림,T4 구어·문장,c111ac9d-3f3a-405c-a8db-4d127ccda9e2,행복이 있는 곳,잡화,제주로얄쇼핑센터,자율상권구역,제주특별자치도,,,
33f7911144b1b27b2448,full_annotation_v1,A,q_아이스크림_04,아이스크림 파는 곳,카페·디저트 중 '아이스크림'을 판매·제공하는 매장,test,아이스크림,T4 구어·문장,264db792-8a16-481e-82c3-5ad89795fd51,아이스월드,아이스크림,송죽솔대 골목형상점가,골목형상점가,경기도,,,
2b745e26fd864fc8cecc,full_annotation_v1,A,q_아이스크림_04,아이스크림 파는 곳,카페·디저트 중 '아이스크림'을 판매·제공하는 매장,test,아이스크림,T4 구어·문장,7d8f4a72-a536-4058-bc6c-072b037f77ce,아리따움서면지하도상가점,화장품,서면지하도상가 서면몰(대현프리몰),일반지하상점가,부산광역시,,,
29d922e71acf3aa5f390,full_annotation_v1,A,q_아이스크림_04,아이스크림 파는 곳,카페·디저트 중 '아이스크림'을 판매·제공하는 매장,test,아이스크림,T4 구어·문장,82556a5d-dd06-4bae-9852-4d5d28137ad2,별별마트,아이스크림,솔샘시장 골목형상점가,골목형상점가,서울특별시,,,
029c7d9ab40c69f72983,full_annotation_v1,A,q_아이스크림_04,아이스크림 파는 곳,카페·디저트 중 '아이스크림'을 판매·제공하는 매장,test,아이스크림,T4 구어·문장,ecda7c51-6211-4ea8-9f2d-e10a6a5d2a0d,배스킨라빈스,아이스크림,진해중앙시장,전통시장,경상남도,,,
d6b3075df1128ee39713,full_annotation_v1,A,q_아이스크림_04,아이스크림 파는 곳,카페·디저트 중 '아이스크림'을 판매·제공하는 매장,test,아이스크림,T4 구어·문장,ac6d572a-6bca-4846-aa80-d75db51e57b7,뉴아이스께끼공장,아이스크림,성대시장골목형상점가,골목형상점가,서울특별시,,,
178aad4188d349595d1c,full_annotation_v1,A,q_아이스크림_04,아이스크림 파는 곳,카페·디저트 중 '아이스크림'을 판매·제공하는 매장,test,아이스크림,T4 구어·문장,61c325c4-259e-479e-8bad-2d342f0df064,아이스따봉,아이스크림,왕십리무학봉상점가,자율상권구역,서울특별시,,,
db7d22a30aca45b8ec34,full_annotation_v1,A,q_아이스크림_04,아이스크림 파는 곳,카페·디저트 중 '아이스크림'을 판매·제공하는 매장,test,아이스크림,T4 구어·문장,c2d31cd0-84de-41b0-be1b-a5b3906e603a,빙점강하력,아이스크림,신흥시장,전통시장,서울특별시,,,
54b56109844c546608e6,full_annotation_v1,A,q_아이스크림_04,아이스크림 파는 곳,카페·디저트 중 '아이스크림'을 판매·제공하는 매장,test,아이스크림,T4 구어·문장,1428855c-0a3d-4d56-ae6e-1fc568997b08,배스킨라빈스,아이스크림,동오마을골목형상점가,골목형상점가,경기도,,,
83f928a23075de001c21,full_annotation_v1,A,q_아이스크림_04,아이스크림 파는 곳,카페·디저트 중 '아이스크림'을 판매·제공하는 매장,test,아이스크림,T4 구어·문장,fc022989-e5f9-45bb-98ed-414169839722,햄즈,아이스크림,불당지웰4블럭 골목형상점가,골목형상점가,충청남도,,,
c58095c3fa440a350e0c,full_annotation_v1,A,q_아이스크림_04,아이스크림 파는 곳,카페·디저트 중 '아이스크림'을 판매·제공하는 매장,test,아이스크림,T4 구어·문장,e6d1b971-a9ca-4bd2-8765-b87d2a889939,베스킨라빈스,아이스크림,고대 골목형상점가,골목형상점가,서울특별시,,,
a7a1bff6e6d2f5cb8c69,full_annotation_v1,A,q_아이스크림_04,아이스크림 파는 곳,카페·디저트 중 '아이스크림'을 판매·제공하는 매장,test,아이스크림,T4 구어·문장,035d8e83-4955-46ed-9364-7287170ef899,(주)대장종합상사,"키링, 아이스크림, 과자, 생활잡화",나주 영산포 자율상권구역,,전라남도,,,
ad65ab71e65d420e37da,full_annotation_v1,A,q_아이스크림_04,아이스크림 파는 곳,카페·디저트 중 '아이스크림'을 판매·제공하는 매장,test,아이스크림,T4 구어·문장,da0e6196-3ceb-4b2d-a236-5877024635b1,메리엘스 아이스크림,아이스크림,대전아이파크시티 골목형상점가,골목형상점가,대전광역시,,,
08e922873d952074ef7d,full_annotation_v1,A,q_아이스크림_04,아이스크림 파는 곳,카페·디저트 중 '아이스크림'을 판매·제공하는 매장,test,아이스크림,T4 구어·문장,00bf15c0-0f81-4da4-b79f-86e400e010d2,아이스크림스토리 미사효성해링턴점,아이스크림,미사강변 골목형상점가,골목형상점가,경기도,,,
56e391a6ec7ae0279122,full_annotation_v1,A,q_아이스크림_04,아이스크림 파는 곳,카페·디저트 중 '아이스크림'을 판매·제공하는 매장,test,아이스크림,T4 구어·문장,0d7a6368-982e-44b8-b4bb-1bea82c5a338,아이스크림 마을,아이스크림,호매실역중심상가 골목형상점가,골목형상점가,경기도,,,
67664549a9e5dc289605,full_annotation_v1,A,q_아이스크림_04,아이스크림 파는 곳,카페·디저트 중 '아이스크림'을 판매·제공하는 매장,test,아이스크림,T4 구어·문장,90110b15-b2c2-4093-a7f7-69c5c0c62857,배스킨라빈스,아이스크림,제민천 골목형상점가,골목형상점가,충청남도,,,
02272de952ecdf93ccf5,full_annotation_v1,A,q_아이스크림_04,아이스크림 파는 곳,카페·디저트 중 '아이스크림'을 판매·제공하는 매장,test,아이스크림,T4 구어·문장,00e24176-795e-4e89-826c-c440bb158010,요거트퍼플 고양화정점,아이스크림,화정문화의거리 골목형상점가,골목형상점가,경기도,,,
9d4ca50100216de315b3,full_annotation_v1,A,q_아이스크림_04,아이스크림 파는 곳,카페·디저트 중 '아이스크림'을 판매·제공하는 매장,test,아이스크림,T4 구어·문장,42c9e910-3197-4d25-b45d-461a130683c0,정선향기,아이스크림,정선아리랑시장,전통시장,강원특별자치도,,,
3f380e06a5e17c27358b,full_annotation_v1,A,q_아이스크림_04,아이스크림 파는 곳,카페·디저트 중 '아이스크림'을 판매·제공하는 매장,test,아이스크림,T4 구어·문장,6a30c197-27e0-4af5-8577-f8c169c49c78,아짱,아이스크림,오치서산초 골목형상점가,골목형상점가,광주광역시,,,
e80b0d8d1a812b3b704b,full_annotation_v1,A,q_아이스크림_04,아이스크림 파는 곳,카페·디저트 중 '아이스크림'을 판매·제공하는 매장,test,아이스크림,T4 구어·문장,3d92379d-7171-492d-a9d9-85427c0f6eef,우리네 깨비식당,한식,오룡시장 골목형상점가,골목형상점가,전라남도,,,
b67c5eb7019a920e299d,full_annotation_v1,A,q_아이스크림_04,아이스크림 파는 곳,카페·디저트 중 '아이스크림'을 판매·제공하는 매장,test,아이스크림,T4 구어·문장,2ff44762-6cba-4602-985b-e131623c8a26,배스킨라빈스,아이스크림,소사벌 에듀타운 상인회 골목형상점가,골목형상점가,경기도,,,
d64d39e50dc66975cb07,full_annotation_v1,A,q_아이스크림_04,아이스크림 파는 곳,카페·디저트 중 '아이스크림'을 판매·제공하는 매장,test,아이스크림,T4 구어·문장,93fe52d4-464d-408c-a8ae-65701581baac,아이스크림저장소 본점,아이스크림,백석한들1번가 골목형상점가,골목형상점가,충청남도,,,
d6334de8898d07f5dd8f,full_annotation_v1,A,q_아이스크림_04,아이스크림 파는 곳,카페·디저트 중 '아이스크림'을 판매·제공하는 매장,test,아이스크림,T4 구어·문장,781ba60f-1eda-42e8-9497-e7ea4e94571d,땅스부대찌개,한식,천안중앙시장,전통시장,충청남도,,,
daa6b1c23182642f82ca,full_annotation_v1,A,q_아이스크림_04,아이스크림 파는 곳,카페·디저트 중 '아이스크림'을 판매·제공하는 매장,test,아이스크림,T4 구어·문장,0313ac7b-2bcf-483f-8f18-e2257086c876,더까까주까,아이스크림,나성BRT 골목형상점가,골목형상점가,세종특별자치시,,,
d05b2c95e19edda5e866,full_annotation_v1,A,q_아이스크림_04,아이스크림 파는 곳,카페·디저트 중 '아이스크림'을 판매·제공하는 매장,test,아이스크림,T4 구어·문장,c5ca47aa-6daa-4729-b59d-6a40e7942bae,아이스크림에 빠진 날,아이스크림,공주산성 활성화구역,전통시장,충청남도,,,
3aadeab00707edb0e2f1,full_annotation_v1,A,q_아이스크림_04,아이스크림 파는 곳,카페·디저트 중 '아이스크림'을 판매·제공하는 매장,test,아이스크림,T4 구어·문장,47092f59-c059-44b7-8798-3176e569cfd0,아이스천국아이스크림,아이스크림 과자 문구 완구,엄사 골목형상점가,골목형상점가,충청남도,,,
eae37c1c790ffb21f419,full_annotation_v1,A,q_아이스크림_04,아이스크림 파는 곳,카페·디저트 중 '아이스크림'을 판매·제공하는 매장,test,아이스크림,T4 구어·문장,b090dd3f-6319-4433-8a68-21428f2d7dbc,베스킨라빈스,아이스크림,왕지상가,자율상권구역,전라남도,,,
f7bb0a3316b0eea70eac,full_annotation_v1,A,q_아이스크림_04,아이스크림 파는 곳,카페·디저트 중 '아이스크림'을 판매·제공하는 매장,test,아이스크림,T4 구어·문장,e2b1dc41-01e5-406d-af7e-aedca56f6dd8,베스킨라빈스,아이스크림,팔등로기부거리,골목형상점가,울산광역시,,,
2ba9749609722bbd893b,full_annotation_v1,A,q_아이스크림_04,아이스크림 파는 곳,카페·디저트 중 '아이스크림'을 판매·제공하는 매장,test,아이스크림,T4 구어·문장,f20dc125-e26e-44e5-be1a-a71bd3c0d55b,배스킨라빈스,아이스크림,당진원시가지상가,자율상권구역,충청남도,,,
56ad6af2fd70642830b6,full_annotation_v1,A,q_아이스크림_04,아이스크림 파는 곳,카페·디저트 중 '아이스크림'을 판매·제공하는 매장,test,아이스크림,T4 구어·문장,1532f8f0-10b9-42d7-922d-c5fb2be269bf,아이스크림 다있어,"아이스크림, 과자",양산동일신아파트 골목형상점가,골목형상점가,광주광역시,,,
ebf24c25540c60b425bd,full_annotation_v1,A,q_아이스크림_04,아이스크림 파는 곳,카페·디저트 중 '아이스크림'을 판매·제공하는 매장,test,아이스크림,T4 구어·문장,814ceae5-bd76-4b94-bd21-ef7fa4a16b5b,베스킨라빈스31,아이스크림,이천중앙로상가,자율상권구역,경기도,,,
c7348f30883fc57e8b5b,full_annotation_v1,A,q_아이스크림_04,아이스크림 파는 곳,카페·디저트 중 '아이스크림'을 판매·제공하는 매장,test,아이스크림,T4 구어·문장,b6319b64-8f3f-4170-81eb-3bf115b1cbc9,주월문빵구,아이스크림,주월1동서문대로 골목형상점가,골목형상점가,광주광역시,,,
c31dac9ebb89c79f06db,full_annotation_v1,A,q_아이스크림_04,아이스크림 파는 곳,카페·디저트 중 '아이스크림'을 판매·제공하는 매장,test,아이스크림,T4 구어·문장,dae43f6e-a99c-45f9-bbd8-54ba99b950f7,아이스까까,아이스크림 등,하남시동석바대상점가,자율상권구역,경기도,,,
ef43a3fc0cccd2e8c8e9,full_annotation_v1,A,q_아이스크림_04,아이스크림 파는 곳,카페·디저트 중 '아이스크림'을 판매·제공하는 매장,test,아이스크림,T4 구어·문장,84f5b05e-99ce-48f2-adc9-d796e7f99c58,누리스크림,아이스크림,누리종합상가 골목형상점가,골목형상점가,대전광역시,,,
562d6a6c9468324bf46d,full_annotation_v1,A,q_안경_01,안경,건강·의료 중 '안경'을 판매·제공하는 매장,val,안경,T1 정확표기,5d851b48-be5c-4a17-b420-ff18ea2615a5,알파안경,안경,조원시장,전통시장,경기도,,,
d1e3b756deb9330ff05d,full_annotation_v1,A,q_안경_01,안경,건강·의료 중 '안경'을 판매·제공하는 매장,val,안경,T1 정확표기,60de073d-4136-4956-b346-046fb99bdc2d,세종안경,안경,종촌동골목형상점가,골목형상점가,세종특별자치시,,,
75a036d34ee1cfb618d9,full_annotation_v1,A,q_안경_01,안경,건강·의료 중 '안경'을 판매·제공하는 매장,val,안경,T1 정확표기,0266bd67-c211-4ab4-bb83-af329b2ce979,공덕나인안경,안경콘택트렌즈,도화동상점가,자율상권구역,서울특별시,,,
e9f3c1e43e4436ac6c72,full_annotation_v1,A,q_안경_01,안경,건강·의료 중 '안경'을 판매·제공하는 매장,val,안경,T1 정확표기,20605bba-3af3-4a74-a673-4f0bbf152be1,자연사랑,의류,신부평지하상가,일반지하상점가,인천광역시,,,
9655f25961bb42e2cfd9,full_annotation_v1,A,q_안경_01,안경,건강·의료 중 '안경'을 판매·제공하는 매장,val,안경,T1 정확표기,75145b4e-9889-4b30-b9d1-28e4451d3ff7,동숭안경,안경,학운동 365 골목형상점가,골목형상점가,광주광역시,,,
0a80690cb7dddbb38a4f,full_annotation_v1,A,q_안경_01,안경,건강·의료 중 '안경'을 판매·제공하는 매장,val,안경,T1 정확표기,b5e343ec-300e-4841-81d4-2544ea14394f,삼익패션안경,안경,삼익패션타운,전통시장,서울특별시,,,
9c62ae5aea4674928007,full_annotation_v1,A,q_안경_01,안경,건강·의료 중 '안경'을 판매·제공하는 매장,val,안경,T1 정확표기,d6e82951-9610-44b3-a16b-bda93768c7b4,뉴욕안경,안경,강남역지하도상점가,일반지하상점가,서울특별시,,,
1822ba84491c25fe58e9,full_annotation_v1,A,q_안경_01,안경,건강·의료 중 '안경'을 판매·제공하는 매장,val,안경,T1 정확표기,c635e0ce-d9d0-4a55-a152-75e429c0d600,팔공한우직판장,육류,혁신도시 대림동 골목형상점가,골목형상점가,대구광역시,,,
5336afde387ad289445e,full_annotation_v1,A,q_안경_01,안경,건강·의료 중 '안경'을 판매·제공하는 매장,val,안경,T1 정확표기,40946442-a045-4e8c-8ee9-397e9272bcda,프랭크버거 부산남산정역점,햄버거,덕천삼정그린코아상가 골목형상점가,골목형상점가,부산광역시,,,
cf0b6127726d4e8cbf9d,full_annotation_v1,A,q_안경_01,안경,건강·의료 중 '안경'을 판매·제공하는 매장,val,안경,T1 정확표기,a510b7c6-56f3-4eed-a34f-6c78d56593dc,유니크 안경,"안경, 렌즈",과천스마트케이 골목형상점가,골목형상점가,경기도,,,
0db9253527db7dae7a07,full_annotation_v1,A,q_안경_01,안경,건강·의료 중 '안경'을 판매·제공하는 매장,val,안경,T1 정확표기,1871389d-e1e7-4d18-80da-2a78cdc0525a,고운빛안과,"안과, 건강기능식품",우산 동문로 골목형상점가,골목형상점가,광주광역시,,,
7722bb5f7d363a6c58f3,full_annotation_v1,A,q_안경_01,안경,건강·의료 중 '안경'을 판매·제공하는 매장,val,안경,T1 정확표기,02822efb-f50a-45c4-8f4d-bfbba20a01e4,오렌즈충주점,"안경, 렌즈",성서중심시장(성서시장문화의거리 통합),전통시장,충청북도,,,
d7dba9af13f2ca274622,full_annotation_v1,A,q_안경_01,안경,건강·의료 중 '안경'을 판매·제공하는 매장,val,안경,T1 정확표기,4e52d0b4-5748-42af-85da-74ac886cd46e,향수귀용,"가방, 향수, 화장품",의정부역지하상가,일반지하상점가,경기도,,,
8438fccef37fd8cd2703,full_annotation_v1,A,q_안경_01,안경,건강·의료 중 '안경'을 판매·제공하는 매장,val,안경,T1 정확표기,6dbe7b37-1874-4ed8-8a46-b480f5b94bd0,남시안경,안경,남대문로골목형상점가,골목형상점가,서울특별시,,,
3880317332f60d455258,full_annotation_v1,A,q_안경_01,안경,건강·의료 중 '안경'을 판매·제공하는 매장,val,안경,T1 정확표기,b43b445d-a1f7-4019-991b-e20e37e04409,아이파크 안경,안경,수원아이파크시티8단지상가 골목형상점가,골목형상점가,경기도,,,
895576e63f037817f037,full_annotation_v1,A,q_안경_01,안경,건강·의료 중 '안경'을 판매·제공하는 매장,val,안경,T1 정확표기,40b2fc46-2e18-4728-bd1a-d2acdb5e9183,라쌍떼안경,안경,직산읍삼은1번가골목형상점가,골목형상점가,충청남도,,,
106a4d1296840f27b972,full_annotation_v1,A,q_안경_01,안경,건강·의료 중 '안경'을 판매·제공하는 매장,val,안경,T1 정확표기,011e75cb-eb08-4161-9b41-65e8d204464c,이지안경,안경및콘택트렌즈,BOCA 보카상점가,골목형상점가,경기도,,,
264a120c4530cfec200d,full_annotation_v1,A,q_안경_01,안경,건강·의료 중 '안경'을 판매·제공하는 매장,val,안경,T1 정확표기,da1ab000-5bdd-42d8-8b40-5918cd11b076,으뜸+안경,안경,순천연향패션상가,자율상권구역,전라남도,,,
01dc45a965cfb13b3e5a,full_annotation_v1,A,q_안경_01,안경,건강·의료 중 '안경'을 판매·제공하는 매장,val,안경,T1 정확표기,729b9608-b2ea-48cb-8e38-acffad482a09,동양안경,안경,사강시장,전통시장,경기도,,,
50e7bfea6302f3ac380b,full_annotation_v1,A,q_안경_01,안경,건강·의료 중 '안경'을 판매·제공하는 매장,val,안경,T1 정확표기,584e5625-0428-4575-80ea-8de4c93d7132,원사진관,"사업서비스업(일반사진촬영,사진처리업)",군포당동로시장상점가,골목형상점가,경기도,,,
7a64f8d531ec1293eba2,full_annotation_v1,A,q_안경_01,안경,건강·의료 중 '안경'을 판매·제공하는 매장,val,안경,T1 정확표기,c9c9c5ff-d121-4227-9056-e3171e36b188,안경나라,안경,당감새시장,전통시장,부산광역시,,,
b7c6d804e03128d506bf,full_annotation_v1,A,q_안경_01,안경,건강·의료 중 '안경'을 판매·제공하는 매장,val,안경,T1 정확표기,9541996e-6e2e-4028-84c7-0321d70c5129,안경나라,안경,중랑동부시장,전통시장,서울특별시,,,
c1e74ae16f99090b8250,full_annotation_v1,A,q_안경_01,안경,건강·의료 중 '안경'을 판매·제공하는 매장,val,안경,T1 정확표기,375a2c65-f9d0-4a3b-a517-be37d79675d2,눈이랑 안경,안경 콘택즈,신월7동골목형상점가,골목형상점가,서울특별시,,,
0161ff4808d5ea192b6f,full_annotation_v1,A,q_안경_01,안경,건강·의료 중 '안경'을 판매·제공하는 매장,val,안경,T1 정확표기,010604a1-9bcd-4057-8360-47c77d14504a,굿모닝안경.콘택트,안경,서재소상공인연합회,골목형상점가,대구광역시,,,
959bf0bdaf676773c226,full_annotation_v1,A,q_안경_01,안경,건강·의료 중 '안경'을 판매·제공하는 매장,val,안경,T1 정확표기,eb9fb028-66fb-4068-8ff2-79d816f9d4d5,안경나라,안경,신장전통시장,전통시장,경기도,,,
ef4c57412c239308c425,full_annotation_v1,A,q_안경_01,안경,건강·의료 중 '안경'을 판매·제공하는 매장,val,안경,T1 정확표기,0e87829e-6dba-4e48-bccd-1fa6a2b1dd99,아이유 안경 콘택트,안경,매봉 골목형상점가,골목형상점가,광주광역시,,,
6a25429427d60343729e,full_annotation_v1,A,q_안경_01,안경,건강·의료 중 '안경'을 판매·제공하는 매장,val,안경,T1 정확표기,7e90589b-8c1f-4da8-a8b3-7404fa21f02c,한국안경,안경,(지정취소)다산마을상가거리골목형상점가,골목형상점가,서울특별시,,,
a8d93bc303e520d54ecf,full_annotation_v1,A,q_안경_01,안경,건강·의료 중 '안경'을 판매·제공하는 매장,val,안경,T1 정확표기,0184ed05-765c-4947-bbf8-dff527177252,안경을 찾는 사람들,안경,발안만세시장(구 발안시장),전통시장,경기도,,,
34f82ae2195a3ed4e980,full_annotation_v1,A,q_안경_01,안경,건강·의료 중 '안경'을 판매·제공하는 매장,val,안경,T1 정확표기,aacac575-3e2e-4fbf-9844-aa541c66b631,2.0 안경,안경,사당4골목형상점가,골목형상점가,서울특별시,,,
babbf585b09dad81081f,full_annotation_v1,A,q_안경_01,안경,건강·의료 중 '안경'을 판매·제공하는 매장,val,안경,T1 정확표기,b5316414-0f2c-429f-a29b-500d6babf983,나를디자인하다,피부 미용업,서산번화2로,자율상권구역,충청남도,,,
e30a64df13c5ff27f718,full_annotation_v1,A,q_안경_01,안경,건강·의료 중 '안경'을 판매·제공하는 매장,val,안경,T1 정확표기,115260fd-1289-40c0-970a-ba8dc9b41038,코코래빗(오피스) 대구 숙천점,문구,혁신도시 대림동 골목형상점가,골목형상점가,대구광역시,,,
9ef9b540ed654e5a6f45,full_annotation_v1,A,q_안경_01,안경,건강·의료 중 '안경'을 판매·제공하는 매장,val,안경,T1 정확표기,1749d275-3dc5-427a-b680-5c853a65b661,정상기안과의원,안과,신세계앞상인회 골목형상점가,골목형상점가,광주광역시,,,
b67ab6002f5936179647,full_annotation_v1,A,q_안경_01,안경,건강·의료 중 '안경'을 판매·제공하는 매장,val,안경,T1 정확표기,0656c893-7240-46e1-815b-83f4955c113f,송정치과의원,치과,공항동먹자골목골목형상점가,골목형상점가,서울특별시,,,
d10e146b39ce8952ab2a,full_annotation_v1,A,q_안경_01,안경,건강·의료 중 '안경'을 판매·제공하는 매장,val,안경,T1 정확표기,c0d0d1da-b940-4da1-8b13-2798e066f63c,나무(안경),안경,부산진시장,전통시장,부산광역시,,,
f1539170ffbe6c2c9bf5,full_annotation_v1,A,q_안경_01,안경,건강·의료 중 '안경'을 판매·제공하는 매장,val,안경,T1 정확표기,ab27f098-a2a2-4833-93d4-230e881a6d0c,"안경,여수",안경,여수진남상가,자율상권구역,전라남도,,,
249c38286fedc25285c0,full_annotation_v1,A,q_안경_01,안경,건강·의료 중 '안경'을 판매·제공하는 매장,val,안경,T1 정확표기,6dd16b9d-3b09-47e6-b4b6-c1485fafba26,으뜸50안경,안경,아름동상점가,자율상권구역,세종특별자치시,,,
68c862a5db202fae8e59,full_annotation_v1,A,q_안경_01,안경,건강·의료 중 '안경'을 판매·제공하는 매장,val,안경,T1 정확표기,33fa5284-2f2f-41e3-8be5-2bc9b389d453,진양안경,안경,남대문시장,전통시장,서울특별시,,,
ee6c70a8c99887d91d6a,full_annotation_v1,A,q_안경_01,안경,건강·의료 중 '안경'을 판매·제공하는 매장,val,안경,T1 정확표기,8dd935d8-8133-4ce7-a87f-03ac2020c4a7,리갈안경,안경,명동 지하쇼핑센터,일반지하상점가,서울특별시,,,
5285b0a8e33d29aa485f,full_annotation_v1,A,q_안경_01,안경,건강·의료 중 '안경'을 판매·제공하는 매장,val,안경,T1 정확표기,af1b25ef-5d32-4a40-a3fd-57a94bbd0fe3,안경나라,안경,왕지상가,자율상권구역,전라남도,,,
9fdf42a317d28dcec15c,full_annotation_v1,A,q_안경_01,안경,건강·의료 중 '안경'을 판매·제공하는 매장,val,안경,T1 정확표기,019928e4-ddbb-47c4-951f-f3b31a893f1d,안경마을,안경 콘택트렌즈,구갈상점가,자율상권구역,경기도,,,
7ca4de31c183dbcd35f5,full_annotation_v1,A,q_안경_01,안경,건강·의료 중 '안경'을 판매·제공하는 매장,val,안경,T1 정확표기,5bc718eb-884b-481b-a511-1ca7b581aaf8,맑은눈 안경 콘택트,안경,까치산시장,전통시장,서울특별시,,,
f32b0bee0fb48cb868a6,full_annotation_v1,A,q_안경_01,안경,건강·의료 중 '안경'을 판매·제공하는 매장,val,안경,T1 정확표기,7aefe626-72ba-4db5-a7c1-652d1c91d286,안경나라,안경,우산 동문로 골목형상점가,골목형상점가,광주광역시,,,
e483ed9ef24cc1c5bb60,full_annotation_v1,A,q_안경_01,안경,건강·의료 중 '안경'을 판매·제공하는 매장,val,안경,T1 정확표기,a63d109c-f9cc-4a64-9a4f-3bf176c8f1c7,보람안경,안경,남대문시장,전통시장,서울특별시,,,
554bc2692aa0a00be26b,full_annotation_v1,A,q_안경_01,안경,건강·의료 중 '안경'을 판매·제공하는 매장,val,안경,T1 정확표기,a09040f5-7d86-45fa-add1-e0f4671c29b1,음악홀노래연습장,노래연습장,달아실 골목형상점가,골목형상점가,광주광역시,,,
7fd455df736c6c4b097b,full_annotation_v1,A,q_안경_01,안경,건강·의료 중 '안경'을 판매·제공하는 매장,val,안경,T1 정확표기,35596915-0b16-4954-a561-44eaedbc95a2,렌즈미,안경,춘천지하상가,일반지하상점가,강원특별자치도,,,
b11eac9212ca596be458,full_annotation_v1,A,q_안경_01,안경,건강·의료 중 '안경'을 판매·제공하는 매장,val,안경,T1 정확표기,eb1957f7-b6f5-4222-af0a-8e327ac16492,안경맘,안경,구매탄시장,전통시장,경기도,,,
21e9c7c515f8c461d0f5,full_annotation_v1,A,q_안경_01,안경,건강·의료 중 '안경'을 판매·제공하는 매장,val,안경,T1 정확표기,99fe73e9-e6ec-421b-bdc7-8b26ad7ab4f6,이삭안경,안경,창원 성원그랜드쇼핑상가,전통시장,경상남도,,,
db5d004ebec6e9698b27,full_annotation_v1,A,q_안경_01,안경,건강·의료 중 '안경'을 판매·제공하는 매장,val,안경,T1 정확표기,a7697009-fd36-4e9d-9a3b-b4fc889dcfd5,이노티 안경 청라점,안경,청라언덕 골목형상점가,골목형상점가,대구광역시,,,
8043e24847ba84a897f5,full_annotation_v1,A,q_안경_01,안경,건강·의료 중 '안경'을 판매·제공하는 매장,val,안경,T1 정확표기,c2928fd2-ba68-4781-89cd-bad1f2b88985,대동(샘)안경,안경,동해남부재래시장,전통시장,강원특별자치도,,,
e5b99358c86d0cd6011d,full_annotation_v1,A,q_안경_01,안경,건강·의료 중 '안경'을 판매·제공하는 매장,val,안경,T1 정확표기,849239f4-1bbd-46ce-8fd3-7adf17432cf6,안경뱅크,안경,두암타운 골목형상점가,골목형상점가,광주광역시,,,
ba89a649518156ba805c,full_annotation_v1,A,q_안경_01,안경,건강·의료 중 '안경'을 판매·제공하는 매장,val,안경,T1 정확표기,2ecd6752-24ff-4ed7-8176-efde9c229108,안경 플러스,"안경, 콘택트렌즈",흥덕 다채움 골목형 상점가,골목형상점가,경기도,,,
475e69e44108c5a5a826,full_annotation_v1,A,q_안경_01,안경,건강·의료 중 '안경'을 판매·제공하는 매장,val,안경,T1 정확표기,75bc618e-37aa-4e2e-a9e9-bb39a6127319,라움안경,안경,효행구봉담상점가,골목형상점가,경기도,,,
06cae92e0dc7bea92002,full_annotation_v1,A,q_안경_01,안경,건강·의료 중 '안경'을 판매·제공하는 매장,val,안경,T1 정확표기,10c37937-c85c-4ddf-b630-18aecf5e1803,모든안경,안경,남대문시장,전통시장,서울특별시,,,
89aa7057bc8dda3e5521,full_annotation_v1,A,q_안경_01,안경,건강·의료 중 '안경'을 판매·제공하는 매장,val,안경,T1 정확표기,586cb130-b586-4d53-959f-c2534361da51,에이에스 안경,안경,구매탄시장,전통시장,경기도,,,
50ed6093a17aa8e5bfcc,full_annotation_v1,A,q_안경_01,안경,건강·의료 중 '안경'을 판매·제공하는 매장,val,안경,T1 정확표기,e827637b-4fcf-427b-b0ff-9d86e74b0559,로젠안경,안경,과천새서울프라자시장,전통시장,경기도,,,
a4df1ecd35b8fb1ae7d5,full_annotation_v1,A,q_안경_01,안경,건강·의료 중 '안경'을 판매·제공하는 매장,val,안경,T1 정확표기,1bfc3434-e91f-4093-bbcb-22946ff5104c,호남집순대국,한식,공항동먹자골목골목형상점가,골목형상점가,서울특별시,,,
f8d6b0b3c5587271a815,full_annotation_v1,A,q_안경_01,안경,건강·의료 중 '안경'을 판매·제공하는 매장,val,안경,T1 정확표기,192cd801-dacc-4251-8e50-ccfc6c1c9a9c,코코(현대)안경,안경,남대문시장,전통시장,서울특별시,,,
aac7efe95a80b4599b7b,full_annotation_v1,A,q_안경_01,안경,건강·의료 중 '안경'을 판매·제공하는 매장,val,안경,T1 정확표기,24d4d97d-3a87-478d-93a1-332d5fed6f57,스위스 안경 콘택트,안경,노은역 골목형상점가,골목형상점가,대전광역시,,,
665cc8977e2bbdd81a06,full_annotation_v1,A,q_안경_01,안경,건강·의료 중 '안경'을 판매·제공하는 매장,val,안경,T1 정확표기,e8501906-5f79-4363-be74-8077b4f7497a,밀라노,의류,맘모스상가 골목형상점가,골목형상점가,부산광역시,,,
da8b178c51a64c569df9,full_annotation_v1,A,q_안경_01,안경,건강·의료 중 '안경'을 판매·제공하는 매장,val,안경,T1 정확표기,bdb317ef-6cf9-49e9-8098-ead74a3c6ea6,원선생안경,안경,젊음의거리 상점가,자율상권구역,울산광역시,,,
823c911742116c678f82,full_annotation_v1,A,q_안경_01,안경,건강·의료 중 '안경'을 판매·제공하는 매장,val,안경,T1 정확표기,1d56f4a0-e43b-41a8-a0f8-39fa70226f53,다봄안과의원,안과,구성언남 골목형상점가,골목형상점가,경기도,,,
907af44f9da34bbc496f,full_annotation_v1,A,q_안경_01,안경,건강·의료 중 '안경'을 판매·제공하는 매장,val,안경,T1 정확표기,060313d2-6e9c-41c3-8e18-618796869fd2,삼호안경,안경,남대문시장,전통시장,서울특별시,,,
8ec78a7e3e025e8221d3,full_annotation_v1,A,q_안경_01,안경,건강·의료 중 '안경'을 판매·제공하는 매장,val,안경,T1 정확표기,e631c7fc-9962-4bc4-af1c-6aa64bd9cff8,안경家 (가),안경,뉴월드프라자골목형상점가,골목형상점가,경기도,,,
91e4cde5a0998d3701ea,full_annotation_v1,A,q_안경_01,안경,건강·의료 중 '안경'을 판매·제공하는 매장,val,안경,T1 정확표기,55abecfb-4113-4780-8cc9-30c4b8465e48,"안경, 바라봄",안경 렌즈,한들물빛도시 골목형 상점가,골목형상점가,충청남도,,,
e8f720c5f72bf2a1360a,full_annotation_v1,A,q_안경_01,안경,건강·의료 중 '안경'을 판매·제공하는 매장,val,안경,T1 정확표기,29faa1d7-404f-4dad-b0ef-68f63fcbe76a,이삭안경,안경,창원 반송시장,전통시장,경상남도,,,
8bb922f8fbb68a9b4c3a,full_annotation_v1,A,q_안경_01,안경,건강·의료 중 '안경'을 판매·제공하는 매장,val,안경,T1 정확표기,886ea250-2afb-4829-917a-53d8e0a0d5d8,으뜸50안경,안경,춘천 원도심 상권활성화,상권활성화구역,강원특별자치도,,,
e40f5ecc62d91afe1325,full_annotation_v1,A,q_안경_01,안경,건강·의료 중 '안경'을 판매·제공하는 매장,val,안경,T1 정확표기,c20ad57c-5d9e-4cd9-8dff-94be2ca1c274,아이탑안경,안경,매봉 골목형상점가,골목형상점가,광주광역시,,,
d46f4a8a85f588d4ad9b,full_annotation_v1,A,q_안경_01,안경,건강·의료 중 '안경'을 판매·제공하는 매장,val,안경,T1 정확표기,0e170be8-4e2c-4008-adbc-7539572b5fc6,성모안과의원,안과,선부광장로상점가,자율상권구역,경기도,,,
ba2df33f48b9221baa1f,full_annotation_v1,A,q_안경_01,안경,건강·의료 중 '안경'을 판매·제공하는 매장,val,안경,T1 정확표기,1f179de5-a781-4ab1-bb53-da91361efe1d,안경본데이,안경,신평골목시장,전통시장,부산광역시,,,
85a83788b1b2d8b87431,full_annotation_v1,A,q_안경_01,안경,건강·의료 중 '안경'을 판매·제공하는 매장,val,안경,T1 정확표기,1fb31435-4eb6-4fdd-b39e-0483621f56ee,새쵸코,의류,양산 덕계종합상설시장,전통시장,경상남도,,,
c83f897b3c02e4d70f5f,full_annotation_v1,A,q_안경_01,안경,건강·의료 중 '안경'을 판매·제공하는 매장,val,안경,T1 정확표기,d15e11fe-c36a-49ac-81f2-df4720971d94,참안경,안경,창원 가음정시장,전통시장,경상남도,,,
59f2475ac3bb6eb5a055,full_annotation_v1,A,q_안경_01,안경,건강·의료 중 '안경'을 판매·제공하는 매장,val,안경,T1 정확표기,3db56fb1-d020-4612-8de0-e71fd9a5183d,안경나라,안경,벽산황계로 골목형상점가,골목형상점가,광주광역시,,,
33510f4e8d92f11093fb,full_annotation_v1,A,q_안경_01,안경,건강·의료 중 '안경'을 판매·제공하는 매장,val,안경,T1 정확표기,52e867bd-a673-4f27-8878-6647d9448a52,빛담안경,안경,효행구봉담상점가,골목형상점가,경기도,,,
89018ff6cc762dbfe699,full_annotation_v1,A,q_안경_01,안경,건강·의료 중 '안경'을 판매·제공하는 매장,val,안경,T1 정확표기,838be54f-b775-4e16-a910-1e4ca4c26be0,토탈안경,안경,탄방동 골목형상점가,골목형상점가,대전광역시,,,
28f464ba04c4b5534883,full_annotation_v1,A,q_안경_01,안경,건강·의료 중 '안경'을 판매·제공하는 매장,val,안경,T1 정확표기,4c589b0f-72d6-4338-960f-72e9a3a16ad2,으뜸50안경,안경,서광주세무서앞상인회 골목형상점가,골목형상점가,광주광역시,,,
d31c04d0453c59428bdc,full_annotation_v1,A,q_안경_01,안경,건강·의료 중 '안경'을 판매·제공하는 매장,val,안경,T1 정확표기,f2466ce6-f8e5-4241-ac26-6bb54cefe8c6,"안경, 오늘",안경,유천택지올림픽길골목형상점가,골목형상점가,강원특별자치도,,,
dfbfab61e3d10aafd2aa,full_annotation_v1,A,q_안경_01,안경,건강·의료 중 '안경'을 판매·제공하는 매장,val,안경,T1 정확표기,d20a1a7c-9d70-4a96-a046-73063a8dfa0d,굿모닝 안경,안경 렌즈,옥계 신나리 먹거리,골목형상점가,경상북도,,,
0c4dae9024fb1aaedcf8,full_annotation_v1,A,q_안경_01,안경,건강·의료 중 '안경'을 판매·제공하는 매장,val,안경,T1 정확표기,c3fd2dab-a52f-402c-ba5a-4b7cb30ca13d,CU 함께여는가게 2호점,과자 빵 음료,화정문화의거리 골목형상점가,골목형상점가,경기도,,,
ecb0b6c991d267548ee3,full_annotation_v1,A,q_안경_01,안경,건강·의료 중 '안경'을 판매·제공하는 매장,val,안경,T1 정확표기,963c1f03-89bf-45e4-b272-d9083b710c24,산수 안경 콘택트,안경,산수 먹자골목 골목형상점가,골목형상점가,광주광역시,,,
aad3e65d4bb359a02ee7,full_annotation_v1,A,q_안경_01,안경,건강·의료 중 '안경'을 판매·제공하는 매장,val,안경,T1 정확표기,cebbe889-f084-4023-bffc-b23a9ec17c84,안경사랑,안경,신도봉시장,전통시장,서울특별시,,,
655735ca2ed54d2722b4,full_annotation_v1,A,q_안경_01,안경,건강·의료 중 '안경'을 판매·제공하는 매장,val,안경,T1 정확표기,8e42c7f1-86b7-4617-9bd9-b82f43740f08,굿모닝 안경,안경,다사역 골목형상점가,골목형상점가,대구광역시,,,
7937a461540e529659bb,full_annotation_v1,A,q_안경_01,안경,건강·의료 중 '안경'을 판매·제공하는 매장,val,안경,T1 정확표기,e6f7fcd9-d6da-4275-b16a-322944ec42e1,안경나라,안경,못골골목시장,전통시장,부산광역시,,,
c5dc8ad7b9e3537d7a59,full_annotation_v1,A,q_안경_01,안경,건강·의료 중 '안경'을 판매·제공하는 매장,val,안경,T1 정확표기,3e7ab85c-ea7f-44ee-bee2-67947757b532,안경 정주다,안경,매탄중심상가 골목형상점가,골목형상점가,경기도,,,
2ead143462ca1e52eded,full_annotation_v1,A,q_안경_01,안경,건강·의료 중 '안경'을 판매·제공하는 매장,val,안경,T1 정확표기,1d6193e9-9491-4b98-a071-6e9358a44ca4,룩플레이스(시소)안경,안경,양산동 골목형상점가,골목형상점가,광주광역시,,,
75f69032d54f1a1f094c,full_annotation_v1,A,q_안경_01,안경,건강·의료 중 '안경'을 판매·제공하는 매장,val,안경,T1 정확표기,574f4fef-2585-4f59-acbe-66f6545267e7,안경나라,안경,설악눈메골시장,전통시장,경기도,,,
e86918edd865f4896067,full_annotation_v1,A,q_안경_01,안경,건강·의료 중 '안경'을 판매·제공하는 매장,val,안경,T1 정확표기,0028e2be-f83a-47fd-83a9-f76bfb8df49a,청당안경렌즈미청당점,,청당4번가 골목형상점가,골목형상점가,충청남도,,,
e358cd156633aa11764b,full_annotation_v1,A,q_안경_01,안경,건강·의료 중 '안경'을 판매·제공하는 매장,val,안경,T1 정확표기,0f0f7f91-5504-4d69-a3cc-dd8e3df100b2,제이 안경,안경,금암동 골목형상점가,골목형상점가,충청남도,,,
0925b12be2fbcf330c5a,full_annotation_v1,A,q_안경_01,안경,건강·의료 중 '안경'을 판매·제공하는 매장,val,안경,T1 정확표기,855bc04f-da0b-4ad7-b133-55177429c9a8,YOUEYE 안경,"안경, 콘택트렌즈",대왕암사거리 골목형상점가,골목형상점가,울산광역시,,,
be3324269fc6b144d5cf,full_annotation_v1,A,q_안경_01,안경,건강·의료 중 '안경'을 판매·제공하는 매장,val,안경,T1 정확표기,00efb47a-2e95-43a9-af76-8d8cd91d8c94,지니스안경세종새롬110호점,안경테 및 안경렌즈,새롬동 골목형상점가,골목형상점가,세종특별자치시,,,
886f19d3996d72f429db,full_annotation_v1,A,q_안경_01,안경,건강·의료 중 '안경'을 판매·제공하는 매장,val,안경,T1 정확표기,0022ba93-553d-4d81-934b-054dfcb8309e,행복한안경,안경,태화시장,전통시장,울산광역시,,,
b486d7922a2bfc41fa9a,full_annotation_v1,A,q_안경_01,안경,건강·의료 중 '안경'을 판매·제공하는 매장,val,안경,T1 정확표기,01bcb519-0fa6-438a-927f-cf3d578789e8,아이라이크안경by씨채널,안경,진천혁신골목형상점가,골목형상점가,충청북도,,,
d4f0de9caa9d654f2b3f,full_annotation_v1,A,q_안경_01,안경,건강·의료 중 '안경'을 판매·제공하는 매장,val,안경,T1 정확표기,2e2d17a2-9a16-4e1e-b2f8-ea10a88baa2b,헤이키커피학동점,휴게음식점,학운동 365 골목형상점가,골목형상점가,광주광역시,,,
4ca8805fc8aae8b68c79,full_annotation_v1,A,q_안경_01,안경,건강·의료 중 '안경'을 판매·제공하는 매장,val,안경,T1 정확표기,4c00ede7-1c1a-479e-9106-d0e95ed779c6,안경나라,안경,군산나운상가 골목형상점가,골목형상점가,전북특별자치도,,,
74df08f5e15e69851624,full_annotation_v1,A,q_안경_01,안경,건강·의료 중 '안경'을 판매·제공하는 매장,val,안경,T1 정확표기,0031a77b-4f01-4757-a2e9-7eb65ae09ab0,글라스위드렌즈안경 울산대점,,울산대바보사거리 골목형상점가,골목형상점가,울산광역시,,,
8abfa447b49b1a863646,full_annotation_v1,A,q_안경_01,안경,건강·의료 중 '안경'을 판매·제공하는 매장,val,안경,T1 정확표기,c4604d51-a4c0-44e4-8683-025b92ac77fa,워너비2,의류,학운동 365 골목형상점가,골목형상점가,광주광역시,,,
10e9399cb0475019473d,full_annotation_v1,A,q_안경_01,안경,건강·의료 중 '안경'을 판매·제공하는 매장,val,안경,T1 정확표기,289d3329-ed00-4d54-808e-9a25d20f9b38,스펙트럼 안경,안경.안경렌즈,스펙트럼시티 골목형상점가,골목형상점가,대구광역시,,,
d53fe227fd73c3cc9e5f,full_annotation_v1,A,q_안경_01,안경,건강·의료 중 '안경'을 판매·제공하는 매장,val,안경,T1 정확표기,9d3b400b-5b1e-4f4b-8ed0-aa8b535fee99,조성민 안경 콘택트,안경,명동 지하쇼핑센터,일반지하상점가,서울특별시,,,
24cd0a8a50c773ad3b93,full_annotation_v1,A,q_안경_01,안경,건강·의료 중 '안경'을 판매·제공하는 매장,val,안경,T1 정확표기,26375764-dfcc-41da-beae-247fdb10f3a3,소망안경,안경,남대문로 지하도상가,일반지하상점가,서울특별시,,,
8cd9dd71cd82cdd0cda2,full_annotation_v1,A,q_안경_01,안경,건강·의료 중 '안경'을 판매·제공하는 매장,val,안경,T1 정확표기,8dc7efad-9458-486d-bc8e-d5f14f7e99d9,바라보다 안경,안경 렌즈,권율 골목형상점가,골목형상점가,경기도,,,
d7e208ac47bfd9a63cd4,full_annotation_v1,A,q_안경_01,안경,건강·의료 중 '안경'을 판매·제공하는 매장,val,안경,T1 정확표기,13fc7af8-fa39-4c53-a2dd-af24bfeb905b,아이링안경,안경,가재마을 골목형상점가,골목형상점가,세종특별자치시,,,
1ecc0c7a950e84b67e7a,full_annotation_v1,A,q_안경_01,안경,건강·의료 중 '안경'을 판매·제공하는 매장,val,안경,T1 정확표기,10262624-5d0a-4091-8c44-f6c713d3c98c,아이디어 안경,안경,동천동먹자골목1번가상인회 골목형상점가,골목형상점가,광주광역시,,,
7c902cb338a3430b7be2,full_annotation_v1,A,q_안경_01,안경,건강·의료 중 '안경'을 판매·제공하는 매장,val,안경,T1 정확표기,f5e0d3c3-efa0-472f-a04b-0f015728d54b,안경 세상,안경,장흥중앙로 골목형상점가,골목형상점가,전라남도,,,
b1bb066d99933494c950,full_annotation_v1,A,q_안경_01,안경,건강·의료 중 '안경'을 판매·제공하는 매장,val,안경,T1 정확표기,4805e403-d672-4fbb-a5cf-1d066818ee54,더클래스 안경,안경,중흥 골목형상점가,골목형상점가,부산광역시,,,
4122f573fc1110c3c146,full_annotation_v1,A,q_안경_01,안경,건강·의료 중 '안경'을 판매·제공하는 매장,val,안경,T1 정확표기,d309d034-1812-4e8d-8248-eddf35c195b9,모든안경,안경,화정꽃마을상인회 골목형상점가,골목형상점가,광주광역시,,,
724fa791c63d3c292d1e,full_annotation_v1,A,q_안경_01,안경,건강·의료 중 '안경'을 판매·제공하는 매장,val,안경,T1 정확표기,c0802d45-bbbc-45bc-852e-8ff2de06e80d,중앙안경,안경,서귀포중심상가번영회,자율상권구역,제주특별자치도,,,
6fa46d1ce0ad88ffc92f,full_annotation_v1,A,q_안경_01,안경,건강·의료 중 '안경'을 판매·제공하는 매장,val,안경,T1 정확표기,92b49116-07cc-4994-b827-ea8003be5bf0,아이패밀리 안경,안경,롯데프라자 골목형상점가,골목형상점가,경기도,,,
8306179041538b623106,full_annotation_v1,A,q_안경_01,안경,건강·의료 중 '안경'을 판매·제공하는 매장,val,안경,T1 정확표기,00c9a212-c673-4e9c-a890-7e39a3da51b6,파룩스안경원,안경,샘머리 골목형상점가,골목형상점가,대전광역시,,,
e5decaf1c4f91c9ed8e4,full_annotation_v1,A,q_안경_01,안경,건강·의료 중 '안경'을 판매·제공하는 매장,val,안경,T1 정확표기,003ea83c-ef37-4c55-ae9b-a59c93d1201f,K비젼안경 효천점,안경 및 콘택트렌즈,효천로 골목형상점가,골목형상점가,광주광역시,,,
4af998fca8b53ba67ee7,full_annotation_v1,A,q_안경_01,안경,건강·의료 중 '안경'을 판매·제공하는 매장,val,안경,T1 정확표기,b2bafed9-9942-4a7f-8f66-11b039f89c9b,패션안경,안경,대가야 자율상권구역,,경상북도,,,
3fd5d6914092b7122cf4,full_annotation_v1,A,q_안경_01,안경,건강·의료 중 '안경'을 판매·제공하는 매장,val,안경,T1 정확표기,b762886c-8852-454c-bcb2-9634ab85cb3f,ZOO 002 안경,안경,평촌역 상점가,자율상권구역,경기도,,,
1b0cde90f792dd1de6a6,full_annotation_v1,A,q_안경_01,안경,건강·의료 중 '안경'을 판매·제공하는 매장,val,안경,T1 정확표기,e7ae0967-e4d4-4ed7-9b1f-0923e141ae55,안경파크,안경,주안역지하도상점가,일반지하상점가,인천광역시,,,
0a06dfde983b2315f024,full_annotation_v1,A,q_안경_01,안경,건강·의료 중 '안경'을 판매·제공하는 매장,val,안경,T1 정확표기,e1a5606c-6125-4317-a688-5dddf4fbd89f,으뜸50안경,안경,전남대후문골목형상점가,골목형상점가,광주광역시,,,
7610914a32754a83056f,full_annotation_v1,A,q_안경_01,안경,건강·의료 중 '안경'을 판매·제공하는 매장,val,안경,T1 정확표기,59d2f654-8838-4288-bb34-89bfd9ede628,준안경,안경,남대문시장,전통시장,서울특별시,,,
fbe9fe2f5b393bc28055,full_annotation_v1,A,q_안경_01,안경,건강·의료 중 '안경'을 판매·제공하는 매장,val,안경,T1 정확표기,6c7c780f-f95e-4f75-a58f-c94454ca1362,으뜸50 안경,안경,충장로123가 상점가,자율상권구역,광주광역시,,,
b872e2162ee6d497e2b1,full_annotation_v1,A,q_안경_01,안경,건강·의료 중 '안경'을 판매·제공하는 매장,val,안경,T1 정확표기,05cc841f-4ab1-443b-b975-5d9a4ddb6710,글라스온 안경 화정점,안경,짚봉산상인회 골목형상점가,골목형상점가,광주광역시,,,
5425a68c0831dbce6648,full_annotation_v1,A,q_안경_01,안경,건강·의료 중 '안경'을 판매·제공하는 매장,val,안경,T1 정확표기,c17b9a52-3c4f-4bef-8187-a301675b55ab,안경사랑,안경,전주중앙상가시장,전통시장,전북특별자치도,,,
51a417a9e6ddaed93724,full_annotation_v1,A,q_안경_01,안경,건강·의료 중 '안경'을 판매·제공하는 매장,val,안경,T1 정확표기,46fcd22f-b1d0-45d2-a6a3-fd99d7ff86a4,경희안경,안경,회기시장,전통시장,서울특별시,,,
938c77ef101cd460b037,full_annotation_v1,A,q_안경_01,안경,건강·의료 중 '안경'을 판매·제공하는 매장,val,안경,T1 정확표기,ce27011c-4968-4ffa-a8c3-56f37ea28e0c,아이세이버 안경 상무점,안경,상무중앙상인회 골목형상점가,골목형상점가,광주광역시,,,
6e0bd16fdcbc65bb7ed6,full_annotation_v1,A,q_안경_01,안경,건강·의료 중 '안경'을 판매·제공하는 매장,val,안경,T1 정확표기,4e76be92-56ff-45e7-bed3-b3844d758167,로덴안경,안경,김해 대우유토피아상가,골목형상점가,경상남도,,,
138c098f7fd4b816387a,full_annotation_v1,A,q_안경_01,안경,건강·의료 중 '안경'을 판매·제공하는 매장,val,안경,T1 정확표기,ccb032f5-c6e0-4c4a-8c8c-4df73fca757e,글라스온 안경,안경,첨단동행 골목형상점가,골목형상점가,광주광역시,,,
ca38f319eccc2a4b924a,full_annotation_v1,A,q_안경_01,안경,건강·의료 중 '안경'을 판매·제공하는 매장,val,안경,T1 정확표기,8a7e4c58-2e87-4ff2-bd8e-f452de6a0476,일로아 안경,안경,남악사랑 골목형상점가,골목형상점가,전라남도,,,
040c9184f2af29d11aad,full_annotation_v1,A,q_안경_01,안경,건강·의료 중 '안경'을 판매·제공하는 매장,val,안경,T1 정확표기,00112248-81bc-4fca-ac3c-f6d684bcf294,데일리뷰 안경원,,성성1번가 골목형상점가,골목형상점가,충청남도,,,
9b25bc4c0762a5d3a6d8,full_annotation_v1,A,q_안경_01,안경,건강·의료 중 '안경'을 판매·제공하는 매장,val,안경,T1 정확표기,5093457a-4137-454d-a384-2e8ac0ac59ab,용궁수산,수산,순천역전시장상가,자율상권구역,전라남도,,,
2886ac86117d8479e66b,full_annotation_v1,A,q_안경_01,안경,건강·의료 중 '안경'을 판매·제공하는 매장,val,안경,T1 정확표기,1965be11-0923-408a-83df-3a1a999e4ca6,천안서울안과 신불당점의원,안과,시청앞 골목형상점가,골목형상점가,충청남도,,,
252903d45fae18ede99e,full_annotation_v1,A,q_안경_01,안경,건강·의료 중 '안경'을 판매·제공하는 매장,val,안경,T1 정확표기,920324cf-5110-4da6-8002-dc987b41faee,안경,안경 및 콘텍트렌즈,자양전통시장,전통시장,서울특별시,,,
d669690e61148aaadaa7,full_annotation_v1,A,q_안경_02,렌즈,건강·의료 중 '안경'을 판매·제공하는 매장,val,안경,T2 동의어,6d90223a-fb3c-4fc9-8538-4a0b81029aea,디에스시스템,시스템에어컨 전기 전자제품,부곡시장,전통시장,부산광역시,,,
eaffd108bf7205d3cb8e,full_annotation_v1,A,q_안경_02,렌즈,건강·의료 중 '안경'을 판매·제공하는 매장,val,안경,T2 동의어,3b75bb9d-5840-4896-97da-1e84b7cfe1b5,오렌즈 인하대점,렌즈,인하문화의거리 골목형상점가,골목형상점가,인천광역시,,,
cb5ae0dd83d0c6f790a5,full_annotation_v1,A,q_안경_02,렌즈,건강·의료 중 '안경'을 판매·제공하는 매장,val,안경,T2 동의어,94a507d3-995f-4b99-92ce-f1bc0b5ea16b,이리스안경원,"안경, 렌즈",송도 타임스페이스 골목형상점가,골목형상점가,인천광역시,,,
a6d93424c3add1f9a479,full_annotation_v1,A,q_안경_02,렌즈,건강·의료 중 '안경'을 판매·제공하는 매장,val,안경,T2 동의어,1871389d-e1e7-4d18-80da-2a78cdc0525a,고운빛안과,"안과, 건강기능식품",우산 동문로 골목형상점가,골목형상점가,광주광역시,,,
25ee0037950166921f3a,full_annotation_v1,A,q_안경_02,렌즈,건강·의료 중 '안경'을 판매·제공하는 매장,val,안경,T2 동의어,fdb2e68a-e504-40a8-8137-71a63434c314,안경마을,안경 및 렌즈,첨단호두라 골목형상점가,골목형상점가,광주광역시,,,
f033415f290a969634aa,full_annotation_v1,A,q_안경_02,렌즈,건강·의료 중 '안경'을 판매·제공하는 매장,val,안경,T2 동의어,069b17df-c278-438c-b7fb-436f7e843488,샤트렌,스포츠 의류,금촌문화로시장,전통시장,경기도,,,
1312ff3daed1751b65db,full_annotation_v1,A,q_안경_02,렌즈,건강·의료 중 '안경'을 판매·제공하는 매장,val,안경,T2 동의어,a95c60e1-aaaa-40ea-9a13-c0d46d15faad,오렌즈,"렌즈, 안경",천안신부문화거리상점가,자율상권구역,충청남도,,,
3cedcdbd7b33e1ac608a,full_annotation_v1,A,q_안경_02,렌즈,건강·의료 중 '안경'을 판매·제공하는 매장,val,안경,T2 동의어,4cf744c3-768d-49f4-8002-ee2a2aede2cf,보라안경,안경 및 렌즈,마재상인회 골목형상점가,골목형상점가,광주광역시,,,
d9de940bb93e33bdaa09,full_annotation_v1,A,q_안경_02,렌즈,건강·의료 중 '안경'을 판매·제공하는 매장,val,안경,T2 동의어,dd86c07c-a270-4970-affd-5b8ebee84f49,부부건어물,건어물,영해만세시장(구 영해시장),전통시장,경상북도,,,
0bfdb445cb76d0e6fd7d,full_annotation_v1,A,q_안경_02,렌즈,건강·의료 중 '안경'을 판매·제공하는 매장,val,안경,T2 동의어,5196df42-d02d-4202-8d4f-75dcd2a5ca2a,디자인 청안,인쇄물 간판,청안맛거리골목형상점가,골목형상점가,충청북도,,,
ba0648157594d4051f94,full_annotation_v1,A,q_안경_02,렌즈,건강·의료 중 '안경'을 판매·제공하는 매장,val,안경,T2 동의어,9e75b522-64fb-42b7-98f8-986d09920282,내눈안경,안경및 렌즈,임방울대로 골목형상점가,골목형상점가,광주광역시,,,
957147691155f549a43d,full_annotation_v1,A,q_안경_02,렌즈,건강·의료 중 '안경'을 판매·제공하는 매장,val,안경,T2 동의어,011e75cb-eb08-4161-9b41-65e8d204464c,이지안경,안경및콘택트렌즈,BOCA 보카상점가,골목형상점가,경기도,,,
62cdc1c0ad5ec42aaef5,full_annotation_v1,A,q_안경_02,렌즈,건강·의료 중 '안경'을 판매·제공하는 매장,val,안경,T2 동의어,7c239e96-e9e8-43b3-b765-c7e5ac29a556,상무안경,안경 및 렌즈,치평동중흥상가상인회 골목형상점가,골목형상점가,광주광역시,,,
3f6f76eca998a92f7f3e,full_annotation_v1,A,q_안경_02,렌즈,건강·의료 중 '안경'을 판매·제공하는 매장,val,안경,T2 동의어,85e86f38-5267-471b-b0f5-73ffadba451e,서독안경,안경 및 렌즈,임동오거리 골목형상점가,골목형상점가,광주광역시,,,
70badbc912ad868ec09e,full_annotation_v1,A,q_안경_02,렌즈,건강·의료 중 '안경'을 판매·제공하는 매장,val,안경,T2 동의어,407b6f73-4b3f-4aa7-b022-3e831c9045f8,오늘안경,안경 및 렌즈,화정로상인회 골목형상점가,골목형상점가,광주광역시,,,
9796e5f133130f366212,full_annotation_v1,A,q_안경_02,렌즈,건강·의료 중 '안경'을 판매·제공하는 매장,val,안경,T2 동의어,1965be11-0923-408a-83df-3a1a999e4ca6,천안서울안과 신불당점의원,안과,시청앞 골목형상점가,골목형상점가,충청남도,,,
7fb0ce78a028894c7285,full_annotation_v1,A,q_안경_02,렌즈,건강·의료 중 '안경'을 판매·제공하는 매장,val,안경,T2 동의어,892ef420-5cee-4399-b8e8-6dab2d4f7244,대도안경원,안경 렌즈,두암사거리 골목형상점가,골목형상점가,광주광역시,,,
94146478000d4ee924a6,full_annotation_v1,A,q_안경_02,렌즈,건강·의료 중 '안경'을 판매·제공하는 매장,val,안경,T2 동의어,02822efb-f50a-45c4-8f4d-bfbba20a01e4,오렌즈충주점,"안경, 렌즈",성서중심시장(성서시장문화의거리 통합),전통시장,충청북도,,,
1044d0d5733e32e408c0,full_annotation_v1,A,q_안경_02,렌즈,건강·의료 중 '안경'을 판매·제공하는 매장,val,안경,T2 동의어,bdbd2ab9-131d-4813-8097-223063476874,양재안경,안경 및 렌즈,양재시장,전통시장,서울특별시,,,
0e0160f51ffb1a65348c,full_annotation_v1,A,q_안경_02,렌즈,건강·의료 중 '안경'을 판매·제공하는 매장,val,안경,T2 동의어,32a34358-ac1f-4072-82b8-397f8d8f53d3,La안경원,"안경, 렌즈",큰장네거리 골목형상점가,골목형상점가,대구광역시,,,
5384a861621bc8f54673,full_annotation_v1,A,q_안경_02,렌즈,건강·의료 중 '안경'을 판매·제공하는 매장,val,안경,T2 동의어,3fc51420-c045-4cbe-9e76-89be72e99351,오렌즈 조선대점,렌즈,조대장미의거리 상점가,자율상권구역,광주광역시,,,
3fc9fe94bc1a85a0eca6,full_annotation_v1,A,q_안경_02,렌즈,건강·의료 중 '안경'을 판매·제공하는 매장,val,안경,T2 동의어,87473edc-7b38-43a4-8aab-5a6c693668c7,연세안경,안경 및 렌즈,남양주장현전통시장,전통시장,경기도,,,
56ba6491b89e96fa8975,full_annotation_v1,A,q_안경_02,렌즈,건강·의료 중 '안경'을 판매·제공하는 매장,val,안경,T2 동의어,435f7ee9-dd7d-44f7-a929-e60b8eb301c8,아이준안경원,안경 및 렌즈,서면지하도상가 부전몰,일반지하상점가,부산광역시,,,
205fe04a2bff2fdff6e5,full_annotation_v1,A,q_안경_02,렌즈,건강·의료 중 '안경'을 판매·제공하는 매장,val,안경,T2 동의어,27144b4c-7d6f-4896-852d-cd50f6292055,시선온안경,안경 및 렌즈,영등포역지하도상점가,일반지하상점가,서울특별시,,,
4920ff8de79dec7e2719,full_annotation_v1,A,q_안경_02,렌즈,건강·의료 중 '안경'을 판매·제공하는 매장,val,안경,T2 동의어,e0525c7a-7eef-489e-a78a-48774c606008,렌즈미 숙대점,렌즈,순헌황귀비길 골목형상점가,골목형상점가,서울특별시,,,
9f710681b5b8d381faf0,full_annotation_v1,A,q_안경_02,렌즈,건강·의료 중 '안경'을 판매·제공하는 매장,val,안경,T2 동의어,f986315b-f06c-4b1d-aef9-bbb5bfbc41ab,E안경상무점,안경 렌즈,본치평상인회 골목형상점가,골목형상점가,광주광역시,,,
256bb5bef3c018e95d0b,full_annotation_v1,A,q_안경_02,렌즈,건강·의료 중 '안경'을 판매·제공하는 매장,val,안경,T2 동의어,04f19476-e44a-4945-b12f-11a8056325b4,렌즈미천안두정점,"안경, 렌즈",두정동상점가,자율상권구역,충청남도,,,
b06b4ddbd845ae9514ef,full_annotation_v1,A,q_안경_02,렌즈,건강·의료 중 '안경'을 판매·제공하는 매장,val,안경,T2 동의어,b0b9aeca-7955-4b61-a25e-593af048a8ec,오렌즈강남역지하쇼핑센터점,렌즈,강남역지하도상점가,일반지하상점가,서울특별시,,,
12e228674401fc9d43a8,full_annotation_v1,A,q_안경_02,렌즈,건강·의료 중 '안경'을 판매·제공하는 매장,val,안경,T2 동의어,5c623ee6-27f0-4ec5-b753-74706fe64692,투아이안경콘택트,안경ㆍ렌즈,신가동 골목형상점가,골목형상점가,광주광역시,,,
842a49176fa9eb265da6,full_annotation_v1,A,q_안경_02,렌즈,건강·의료 중 '안경'을 판매·제공하는 매장,val,안경,T2 동의어,961a5af8-4415-4d21-a7f0-56024b829d67,킴스 안경,안경 및 렌즈,북동 골목형상점가,골목형상점가,광주광역시,,,
c5698cd2f983985f3b0e,full_annotation_v1,A,q_안경_02,렌즈,건강·의료 중 '안경'을 판매·제공하는 매장,val,안경,T2 동의어,6f464dc0-8e05-4805-8d72-fc6e52462d02,렌즈 미,콘택트렌즈,진주 로데오거리상점가,자율상권구역,경상남도,,,
6ca15f30ed5a79240ad7,full_annotation_v1,A,q_안경_02,렌즈,건강·의료 중 '안경'을 판매·제공하는 매장,val,안경,T2 동의어,dc0aecc3-c099-4b00-9aea-dfa139e08731,호이테안경,안경 렌즈,양주가래비중앙로상점가,골목형상점가,경기도,,,
287bb9bc6921b53f354c,full_annotation_v1,A,q_안경_02,렌즈,건강·의료 중 '안경'을 판매·제공하는 매장,val,안경,T2 동의어,42ac710d-407c-45af-b649-cab2013f7c2f,오케이으뜸안경 렌즈,"안경, 콘택트 렌즈",남대문시장,전통시장,서울특별시,,,
fb31602f3b714ba98356,full_annotation_v1,A,q_안경_02,렌즈,건강·의료 중 '안경'을 판매·제공하는 매장,val,안경,T2 동의어,ad140c2f-41a0-4ecc-93ea-40c929fc173e,눈편한안경원,안경 렌즈,정서진중앙시장(구 서구중앙시장),전통시장,인천광역시,,,
71fea92066920dffc161,full_annotation_v1,A,q_안경_02,렌즈,건강·의료 중 '안경'을 판매·제공하는 매장,val,안경,T2 동의어,d9fcba77-7097-405c-be85-0bd598d85f5c,백운안경,안경 및 렌즈,백운광장 골목형상점가,골목형상점가,광주광역시,,,
3f971aaeab5b19adb4c3,full_annotation_v1,A,q_안경_02,렌즈,건강·의료 중 '안경'을 판매·제공하는 매장,val,안경,T2 동의어,01bcb519-0fa6-438a-927f-cf3d578789e8,아이라이크안경by씨채널,안경,진천혁신골목형상점가,골목형상점가,충청북도,,,
66841d13d68791637b3f,full_annotation_v1,A,q_안경_02,렌즈,건강·의료 중 '안경'을 판매·제공하는 매장,val,안경,T2 동의어,00c9a212-c673-4e9c-a890-7e39a3da51b6,파룩스안경원,안경,샘머리 골목형상점가,골목형상점가,대전광역시,,,
00d70dbd18170974a428,full_annotation_v1,A,q_안경_02,렌즈,건강·의료 중 '안경'을 판매·제공하는 매장,val,안경,T2 동의어,1d56f4a0-e43b-41a8-a0f8-39fa70226f53,다봄안과의원,안과,구성언남 골목형상점가,골목형상점가,경기도,,,
0eec891ae1e04ef4b399,full_annotation_v1,A,q_안경_02,렌즈,건강·의료 중 '안경'을 판매·제공하는 매장,val,안경,T2 동의어,56960150-b050-4184-a6b5-740ed6bad711,참조은정육점,식육점,용호골목시장,전통시장,부산광역시,,,
e216fc09bc4ff75d35a4,full_annotation_v1,A,q_안경_02,렌즈,건강·의료 중 '안경'을 판매·제공하는 매장,val,안경,T2 동의어,4cb79272-c9dc-44d7-82c4-35cf6651c07d,렌즈미안경이야기,안경 및 렌즈,상계역전종합상가,자율상권구역,서울특별시,,,
65b14a48e5ade44233cb,full_annotation_v1,A,q_안경_02,렌즈,건강·의료 중 '안경'을 판매·제공하는 매장,val,안경,T2 동의어,0031a77b-4f01-4757-a2e9-7eb65ae09ab0,글라스위드렌즈안경 울산대점,,울산대바보사거리 골목형상점가,골목형상점가,울산광역시,,,
d48563c7ca5642028be6,full_annotation_v1,A,q_안경_02,렌즈,건강·의료 중 '안경'을 판매·제공하는 매장,val,안경,T2 동의어,3581316b-89a8-4d80-a4fd-80fcff4ed254,렌즈미 첨단점,렌즈,LC타워거리 골목형상점가,골목형상점가,광주광역시,,,
2c3901c7f1ec1412d86d,full_annotation_v1,A,q_안경_02,렌즈,건강·의료 중 '안경'을 판매·제공하는 매장,val,안경,T2 동의어,c3a2e429-e02d-4e81-85f5-40f88e4d47e9,애체안경,렌즈,의정부역지하상가,일반지하상점가,경기도,,,
d056a4ee9bed237418ec,full_annotation_v1,A,q_안경_02,렌즈,건강·의료 중 '안경'을 판매·제공하는 매장,val,안경,T2 동의어,0fc37fc9-7cd0-4141-bce1-37be042d7ca7,모쿠안경,안경 및 렌즈,뒷개로청춘골목상점가,골목형상점가,전라남도,,,
ed4a601cabcf8ab81ee9,full_annotation_v1,A,q_안경_02,렌즈,건강·의료 중 '안경'을 판매·제공하는 매장,val,안경,T2 동의어,5e3235d3-1536-4ab1-947c-19b874ca7db7,렌즈미 상동점,렌즈,상동역 골목형상점가,골목형상점가,경기도,,,
bc8f3e12003d56ed3e9a,full_annotation_v1,A,q_안경_02,렌즈,건강·의료 중 '안경'을 판매·제공하는 매장,val,안경,T2 동의어,28e011e4-3fdd-48e9-88ed-86412ac7a545,원앤원안경,안경 렌즈,동림푸른 골목형상점가,골목형상점가,광주광역시,,,
fe663886919907c7d757,full_annotation_v1,A,q_안경_02,렌즈,건강·의료 중 '안경'을 판매·제공하는 매장,val,안경,T2 동의어,1cc9bca7-6be8-4a67-906a-d7a00b23c7a0,알찬안경,안경 및 렌즈,다산지금상점가,골목형상점가,경기도,,,
6c1288d38c19ac0f0691,full_annotation_v1,A,q_안경_02,렌즈,건강·의료 중 '안경'을 판매·제공하는 매장,val,안경,T2 동의어,9eb8394c-0814-4c99-bc55-fac08d402b9c,으뜸50안경,안경 및 렌즈,익산 다e로움 상권활성화구역,상권활성화구역,전북특별자치도,,,
63d0caf80d35c7631312,full_annotation_v1,A,q_안경_02,렌즈,건강·의료 중 '안경'을 판매·제공하는 매장,val,안경,T2 동의어,99b4c566-a24b-4a51-9d24-290641877ab5,오렌즈 노량진점,렌즈,노량진만나로골목형상점가,골목형상점가,서울특별시,,,
9123ae193aa2d085c0a4,full_annotation_v1,A,q_안경_02,렌즈,건강·의료 중 '안경'을 판매·제공하는 매장,val,안경,T2 동의어,00efb47a-2e95-43a9-af76-8d8cd91d8c94,지니스안경세종새롬110호점,안경테 및 안경렌즈,새롬동 골목형상점가,골목형상점가,세종특별자치시,,,
45469ba67ce324f0bf99,full_annotation_v1,A,q_안경_02,렌즈,건강·의료 중 '안경'을 판매·제공하는 매장,val,안경,T2 동의어,019928e4-ddbb-47c4-951f-f3b31a893f1d,안경마을,안경 콘택트렌즈,구갈상점가,자율상권구역,경기도,,,
8d5a93af12a6a6651c65,full_annotation_v1,A,q_안경_02,렌즈,건강·의료 중 '안경'을 판매·제공하는 매장,val,안경,T2 동의어,010604a1-9bcd-4057-8360-47c77d14504a,굿모닝안경.콘택트,안경,서재소상공인연합회,골목형상점가,대구광역시,,,
edc973d79e4cd72c15c0,full_annotation_v1,A,q_안경_02,렌즈,건강·의료 중 '안경'을 판매·제공하는 매장,val,안경,T2 동의어,8250eb33-1668-4487-9d99-1bac4e7f832f,렌즈미경주점,렌즈,경주중심상가,전통시장,경상북도,,,
fb211ce51a81fc2b94ce,full_annotation_v1,A,q_안경_02,렌즈,건강·의료 중 '안경'을 판매·제공하는 매장,val,안경,T2 동의어,0900572f-f432-40a1-b404-ea203bd83729,윙크 광주첨단점,렌즈,첨단쌍이 골목형상점가,골목형상점가,광주광역시,,,
665814a33ddc8c53d861,full_annotation_v1,A,q_안경_02,렌즈,건강·의료 중 '안경'을 판매·제공하는 매장,val,안경,T2 동의어,d635e5eb-3dcb-4aeb-b0ef-fc18c897828b,안경마을남양점,"안경, 렌즈",화성남양시장,전통시장,경기도,,,
bcc848c08421684cccb6,full_annotation_v1,A,q_안경_02,렌즈,건강·의료 중 '안경'을 판매·제공하는 매장,val,안경,T2 동의어,0e170be8-4e2c-4008-adbc-7539572b5fc6,성모안과의원,안과,선부광장로상점가,자율상권구역,경기도,,,
873adbfdcc7eb7e87211,full_annotation_v1,A,q_안경_02,렌즈,건강·의료 중 '안경'을 판매·제공하는 매장,val,안경,T2 동의어,0266bd67-c211-4ab4-bb83-af329b2ce979,공덕나인안경,안경콘택트렌즈,도화동상점가,자율상권구역,서울특별시,,,
eaf77b14c13e6dc54c70,full_annotation_v1,A,q_안경_02,렌즈,건강·의료 중 '안경'을 판매·제공하는 매장,val,안경,T2 동의어,17f02ab5-a7e4-4b57-a1d3-3b7d6e52f8bd,비에이치시 청안반점,치킨,청안맛거리골목형상점가,골목형상점가,충청북도,,,
9bbc77d7a061e9551adc,full_annotation_v1,A,q_안경_02,렌즈,건강·의료 중 '안경'을 판매·제공하는 매장,val,안경,T2 동의어,1c8b5cc3-ee29-4beb-a221-fd81c019622a,안경세상,안경 및 렌즈,"일곡동(제4지역:쌍용,호반,청솔2,호반일신,청솔1)",골목형상점가,광주광역시,,,
a732c0c029c26669184f,full_annotation_v1,A,q_안경_02,렌즈,건강·의료 중 '안경'을 판매·제공하는 매장,val,안경,T2 동의어,0028e2be-f83a-47fd-83a9-f76bfb8df49a,청당안경렌즈미청당점,,청당4번가 골목형상점가,골목형상점가,충청남도,,,
a6d112f9ddd66de95844,full_annotation_v1,A,q_안경_02,렌즈,건강·의료 중 '안경'을 판매·제공하는 매장,val,안경,T2 동의어,deaf7ea8-8ccc-48fc-a766-6ff3d5e0b630,요미꼬미 상점,악세사리,동성로상점가,자율상권구역,대구광역시,,,
2b1482e75287fc0b54c2,full_annotation_v1,A,q_안경_02,렌즈,건강·의료 중 '안경'을 판매·제공하는 매장,val,안경,T2 동의어,c41e2778-8cf8-4798-93ec-78283390d879,전광장라운지(LOUNGE) 일곡본점,홍삼제품,일곡동 골목형상점가,골목형상점가,광주광역시,,,
59ce99b2cdd8efc596dd,full_annotation_v1,A,q_안경_02,렌즈,건강·의료 중 '안경'을 판매·제공하는 매장,val,안경,T2 동의어,0184ed05-765c-4947-bbf8-dff527177252,안경을 찾는 사람들,안경,발안만세시장(구 발안시장),전통시장,경기도,,,
44c546efada09617a13a,full_annotation_v1,A,q_안경_02,렌즈,건강·의료 중 '안경'을 판매·제공하는 매장,val,안경,T2 동의어,852c8b79-b5bb-4f13-bf62-2569ba232090,윙크렌즈 대전은행점,렌즈,은행동상점가(구 으능정이상점가),자율상권구역,대전광역시,,,
7e13696657617fb39b36,full_annotation_v1,A,q_안경_02,렌즈,건강·의료 중 '안경'을 판매·제공하는 매장,val,안경,T2 동의어,bc567fb0-2a2c-4c81-be35-93920413b138,살롱드 에끌라,미용,임동 골목형상점가,골목형상점가,광주광역시,,,
485b0037008ed2273169,full_annotation_v1,A,q_안경_02,렌즈,건강·의료 중 '안경'을 판매·제공하는 매장,val,안경,T2 동의어,a79d36de-b347-412c-9a46-21d3dc50400d,마커스안경원,"안경, 렌즈",초지항아리 골목형상점가,골목형상점가,경기도,,,
a497ee900613feff3bce,full_annotation_v1,A,q_안경_02,렌즈,건강·의료 중 '안경'을 판매·제공하는 매장,val,안경,T2 동의어,003ea83c-ef37-4c55-ae9b-a59c93d1201f,K비젼안경 효천점,안경 및 콘택트렌즈,효천로 골목형상점가,골목형상점가,광주광역시,,,
f877c185773753e0cc21,full_annotation_v1,A,q_안경_02,렌즈,건강·의료 중 '안경'을 판매·제공하는 매장,val,안경,T2 동의어,780465cb-fe30-4c80-a260-660331b14690,피카소안경원,렌즈,공주산성시장,전통시장,충청남도,,,
34f49111f93a5a26aa64,full_annotation_v1,A,q_안경_02,렌즈,건강·의료 중 '안경'을 판매·제공하는 매장,val,안경,T2 동의어,a7dba0aa-1591-4c93-b07c-05324356dbac,미래안경,안경 및 렌즈,더불어,골목형상점가,광주광역시,,,
70a9af1d2b0b96bb7b21,full_annotation_v1,A,q_안경_02,렌즈,건강·의료 중 '안경'을 판매·제공하는 매장,val,안경,T2 동의어,7c7b417a-65bc-4405-9129-743272a5a5fe,지혜에스테틱,피부미용,상주왕산상점가,자율상권구역,경상북도,,,
be47515d534a9c33f962,full_annotation_v1,A,q_안경_02,렌즈,건강·의료 중 '안경'을 판매·제공하는 매장,val,안경,T2 동의어,f2086bd9-791b-48b8-a840-1b5a64ce2ceb,눈사랑안경,안경 및 렌즈,삼정코아 골목형상점가,골목형상점가,부산광역시,,,
8369fc2613be1f0c5c38,full_annotation_v1,A,q_안경_02,렌즈,건강·의료 중 '안경'을 판매·제공하는 매장,val,안경,T2 동의어,1749d275-3dc5-427a-b680-5c853a65b661,정상기안과의원,안과,신세계앞상인회 골목형상점가,골목형상점가,광주광역시,,,
c8f35c32bc9ed31f311d,full_annotation_v1,A,q_안경_02,렌즈,건강·의료 중 '안경'을 판매·제공하는 매장,val,안경,T2 동의어,12e2dab4-6ae9-470f-a5f3-9d63e995e94a,봄안경,안경 렌즈,구갈상점가,자율상권구역,경기도,,,
7a89fa8a7d66a0253c03,full_annotation_v1,A,q_안경_02,렌즈,건강·의료 중 '안경'을 판매·제공하는 매장,val,안경,T2 동의어,04b5539c-60b0-4c86-b957-726ab85889a8,안경나무,안경 및 렌즈,무지개종합상가,자율상권구역,서울특별시,,,
a7266ce7da4b445ccd7e,full_annotation_v1,A,q_안경_02,렌즈,건강·의료 중 '안경'을 판매·제공하는 매장,val,안경,T2 동의어,b30691e9-c6ee-46e2-9779-d13a9707126a,(유)청수수산,,가락몰골목형상점가,골목형상점가,서울특별시,,,
7c5514a69c246dfe59bb,full_annotation_v1,A,q_안경_02,렌즈,건강·의료 중 '안경'을 판매·제공하는 매장,val,안경,T2 동의어,60811871-4b86-4cf3-88bb-21cb9addd38a,반석안경,안경 및 렌즈,남대문시장,전통시장,서울특별시,,,
dfed9a5c8b4193b4d197,full_annotation_v1,A,q_안경_02,렌즈,건강·의료 중 '안경'을 판매·제공하는 매장,val,안경,T2 동의어,5f56355f-6910-4a8c-9f19-9ce134456afe,렌즈타운대전점,렌즈,중앙로 지하상가 상점가,일반지하상점가,대전광역시,,,
606320b21e4a376adfb7,full_annotation_v1,A,q_안경_02,렌즈,건강·의료 중 '안경'을 판매·제공하는 매장,val,안경,T2 동의어,d4033d48-56bc-47a7-9f5c-669d0fcf47e3,으뜸50안경인천루원시티점,"안경, 렌즈",루원음식문화거리,골목형상점가,인천광역시,,,
4a0d2e27e759bf4ea358,full_annotation_v1,A,q_안경_02,렌즈,건강·의료 중 '안경'을 판매·제공하는 매장,val,안경,T2 동의어,3b20b0d9-3fb6-425a-8da5-9d3fd8b53631,아이렌즈,안경 및 렌즈,김제전통시장,전통시장,전북특별자치도,,,
8c61479b2170920a31dc,full_annotation_v1,A,q_안경_02,렌즈,건강·의료 중 '안경'을 판매·제공하는 매장,val,안경,T2 동의어,4d1a589f-851f-4eca-80e2-d4ce036dd044,오렌즈천안청당점,렌즈,청당2번가 골목형상점가,골목형상점가,충청남도,,,
108d67329cd1819fba55,full_annotation_v1,A,q_안경_02,렌즈,건강·의료 중 '안경'을 판매·제공하는 매장,val,안경,T2 동의어,00112248-81bc-4fca-ac3c-f6d684bcf294,데일리뷰 안경원,,성성1번가 골목형상점가,골목형상점가,충청남도,,,
b1c21b8d0b85d1b73bde,full_annotation_v1,A,q_안경_02,렌즈,건강·의료 중 '안경'을 판매·제공하는 매장,val,안경,T2 동의어,138c83ce-e576-43b5-aaee-8a04dc980d85,오렌즈 의정부민락점,렌즈,의정부로데오상점가,자율상권구역,경기도,,,
d06fce610b60e035c8c3,full_annotation_v1,A,q_안경_02,렌즈,건강·의료 중 '안경'을 판매·제공하는 매장,val,안경,T2 동의어,ae6092ab-1861-45f9-9d1b-a419320a2855,렌즈미 건대점,렌즈,건대로데오거리골목형상점가,골목형상점가,서울특별시,,,
36159a985c0c0ad892a4,full_annotation_v1,A,q_안경_02,렌즈,건강·의료 중 '안경'을 판매·제공하는 매장,val,안경,T2 동의어,bccee839-1de7-4a1f-9ee8-4d66faa8632b,일공공안경콘택트,안경 렌즈,세은 골목형상점가,골목형상점가,광주광역시,,,
78ad58a09884add06335,full_annotation_v1,A,q_안경_02,렌즈,건강·의료 중 '안경'을 판매·제공하는 매장,val,안경,T2 동의어,0022ba93-553d-4d81-934b-054dfcb8309e,행복한안경,안경,태화시장,전통시장,울산광역시,,,
75464b87078148cf9818,full_annotation_v1,A,q_안경_02,렌즈,건강·의료 중 '안경'을 판매·제공하는 매장,val,안경,T2 동의어,94121930-553d-45f5-8314-4bd835d4c5e1,지니스안경,"안경, 렌즈",고운뜰 골목형상점가,골목형상점가,세종특별자치시,,,
c56af36ae0bed1734ca8,full_annotation_v1,A,q_안경_02,렌즈,건강·의료 중 '안경'을 판매·제공하는 매장,val,안경,T2 동의어,192873f9-438d-4574-aeca-16c760b60f13,장고집,육류고기요리,장기동 먹거리상가 골목형상점가,골목형상점가,대구광역시,,,
d90f38f6cb0bec749e86,full_annotation_v1,A,q_안경_02,렌즈,건강·의료 중 '안경'을 판매·제공하는 매장,val,안경,T2 동의어,1af08a20-d71c-4412-b7b5-62cc240b9e66,공팔공안경렌즈베리,"안경, 렌즈",하당꽃길1가 골목형상점가,골목형상점가,전라남도,,,
f9440c8123e8581ec194,full_annotation_v1,A,q_안경_02,렌즈,건강·의료 중 '안경'을 판매·제공하는 매장,val,안경,T2 동의어,d6558c59-1756-4a6b-9aeb-cd8a92f095fd,오렌즈제천점,렌즈,제천시 원도심 상권활성화구역,상권활성화구역,충청북도,,,
1c7321bf36b3cbc5d0a1,full_annotation_v1,A,q_안경_02,렌즈,건강·의료 중 '안경'을 판매·제공하는 매장,val,안경,T2 동의어,0a56e96f-0d99-455c-bcbf-f29c734ba733,오렌즈 대구점,콘택트 렌즈,동성로상점가,자율상권구역,대구광역시,,,
fa90a5e89a0a97c46aa1,full_annotation_v1,A,q_안경_02,렌즈,건강·의료 중 '안경'을 판매·제공하는 매장,val,안경,T2 동의어,76e6c0ff-802c-4c0d-b966-f968bcba2908,아이룸안경원,"안경, 렌즈",아름동상점가,자율상권구역,세종특별자치시,,,
0d89b5db1db6fd3fa7a1,full_annotation_v1,A,q_안경_02,렌즈,건강·의료 중 '안경'을 판매·제공하는 매장,val,안경,T2 동의어,e132055b-eab9-470d-bf8c-3f757ffce126,명동찌개마을,한식,장승배기먹거리골목형상점가,골목형상점가,서울특별시,,,
664fe75b827ee6f8eef7,full_annotation_v1,A,q_안경_02,렌즈,건강·의료 중 '안경'을 판매·제공하는 매장,val,안경,T2 동의어,fe24bb42-f049-47c1-978e-5b2cadeb9368,소담,한식,도룡상인회 골목형상점가,골목형상점가,대전광역시,,,
68dd79d7e3ba6f714056,full_annotation_v1,A,q_안경_02,렌즈,건강·의료 중 '안경'을 판매·제공하는 매장,val,안경,T2 동의어,292af149-3dba-414b-841f-71e79246654b,오렌즈안경원,렌즈,서원동상점가,자율상권구역,서울특별시,,,
e5691f8e0741e184ff8d,full_annotation_v1,A,q_안경_02,렌즈,건강·의료 중 '안경'을 판매·제공하는 매장,val,안경,T2 동의어,8cf07b7f-7f32-49f0-a386-9de842f87af3,렌즈온 홍제점,안경 및 렌즈,홍제골목형상점가,골목형상점가,서울특별시,,,
9345f39558debc171786,full_annotation_v1,A,q_안경_02,렌즈,건강·의료 중 '안경'을 판매·제공하는 매장,val,안경,T2 동의어,5f69b91d-194d-4a9b-ba41-90a048731b5f,늘푸른안경,"안경, 렌즈",창원 가음시장대상가,전통시장,경상남도,,,
bbb6f406f63fd0cc745f,full_annotation_v1,A,q_안경_02,렌즈,건강·의료 중 '안경'을 판매·제공하는 매장,val,안경,T2 동의어,b26eb6b9-5d04-49af-bea4-1e711f60b53f,연세안경,안경 및 렌즈,성남코코프라자시장,전통시장,경기도,,,
a68957c9dc5ccee2e026,full_annotation_v1,A,q_안경_02,렌즈,건강·의료 중 '안경'을 판매·제공하는 매장,val,안경,T2 동의어,0471350c-c444-4e1f-a437-77b0c6387314,오렌즈 건대점,렌즈,건대로데오거리골목형상점가,골목형상점가,서울특별시,,,
c69da371c3a5ca41cc53,full_annotation_v1,A,q_안경_02,렌즈,건강·의료 중 '안경'을 판매·제공하는 매장,val,안경,T2 동의어,12dee2d4-0a7a-447e-8cbd-5d4b6e52c2d3,허니베이커리,제과,장승배기먹거리골목형상점가,골목형상점가,서울특별시,,,
2089564781dcb3541c98,full_annotation_v1,A,q_안경_02,렌즈,건강·의료 중 '안경'을 판매·제공하는 매장,val,안경,T2 동의어,f3303548-8205-4e6c-9b71-5154d4648550,노이,한식,도룡상인회 골목형상점가,골목형상점가,대전광역시,,,
948639fe41abca0972da,full_annotation_v1,A,q_안경_02,렌즈,건강·의료 중 '안경'을 판매·제공하는 매장,val,안경,T2 동의어,16a3e8d7-70cf-4d01-9b87-8b6c04e250a8,눈맞춤안경,안경 및 렌즈,신용동 골목형상점가,골목형상점가,광주광역시,,,
0fecd0e84d7ff0c415fc,full_annotation_v1,A,q_안경_02,렌즈,건강·의료 중 '안경'을 판매·제공하는 매장,val,안경,T2 동의어,8a8528f5-af5c-4efc-a481-b84d124caf03,안경천국,안경 및 렌즈,구포역세권상점가,자율상권구역,부산광역시,,,
1f28ff1e4e74017fafbb,full_annotation_v1,A,q_안경_02,렌즈,건강·의료 중 '안경'을 판매·제공하는 매장,val,안경,T2 동의어,53228670-876c-47d9-a06e-9b857d9fdd3a,렌즈미 석계역점,렌즈,석계음식문화거리골목형상점가,골목형상점가,서울특별시,,,
e07ecd716b3a0ab02629,full_annotation_v1,A,q_안경_02,렌즈,건강·의료 중 '안경'을 판매·제공하는 매장,val,안경,T2 동의어,509c785d-e39d-4fd0-8a66-a8b92c284512,아이리스,안경테 렌즈,구미역중앙 골목형상점가,골목형상점가,경상북도,,,
b103715207ddc47180aa,full_annotation_v1,A,q_안경_02,렌즈,건강·의료 중 '안경'을 판매·제공하는 매장,val,안경,T2 동의어,eac7f4bc-5efe-45c8-9168-d54b23b16198,으뜸50안경,렌즈 안경,산본로데오거리(구 산본중심상가),자율상권구역,경기도,,,
46da2bd15cd0459343b5,full_annotation_v1,A,q_안경_03,안경 가게,건강·의료 중 '안경'을 판매·제공하는 매장,val,안경,T2 동의어,729b9608-b2ea-48cb-8e38-acffad482a09,동양안경,안경,사강시장,전통시장,경기도,,,
7eb27ef49a1e440be6c7,full_annotation_v1,A,q_안경_03,안경 가게,건강·의료 중 '안경'을 판매·제공하는 매장,val,안경,T2 동의어,3db56fb1-d020-4612-8de0-e71fd9a5183d,안경나라,안경,벽산황계로 골목형상점가,골목형상점가,광주광역시,,,
2126b82c7e04df9413ce,full_annotation_v1,A,q_안경_03,안경 가게,건강·의료 중 '안경'을 판매·제공하는 매장,val,안경,T2 동의어,59d2f654-8838-4288-bb34-89bfd9ede628,준안경,안경,남대문시장,전통시장,서울특별시,,,
0e3f290141885945ad62,full_annotation_v1,A,q_안경_03,안경 가게,건강·의료 중 '안경'을 판매·제공하는 매장,val,안경,T2 동의어,0031a77b-4f01-4757-a2e9-7eb65ae09ab0,글라스위드렌즈안경 울산대점,,울산대바보사거리 골목형상점가,골목형상점가,울산광역시,,,
9b450cc1d4b0354e192c,full_annotation_v1,A,q_안경_03,안경 가게,건강·의료 중 '안경'을 판매·제공하는 매장,val,안경,T2 동의어,655a0a05-2f6c-4364-98bd-708ec16c0a3e,고고횟집,음식점,강릉중앙시장,전통시장,강원특별자치도,,,
4e4926f53f108985c5f0,full_annotation_v1,A,q_안경_03,안경 가게,건강·의료 중 '안경'을 판매·제공하는 매장,val,안경,T2 동의어,75145b4e-9889-4b30-b9d1-28e4451d3ff7,동숭안경,안경,학운동 365 골목형상점가,골목형상점가,광주광역시,,,
10f76e107b4d15a41eab,full_annotation_v1,A,q_안경_03,안경 가게,건강·의료 중 '안경'을 판매·제공하는 매장,val,안경,T2 동의어,e6f7fcd9-d6da-4275-b16a-322944ec42e1,안경나라,안경,못골골목시장,전통시장,부산광역시,,,
1f9bd77f53138949e26a,full_annotation_v1,A,q_안경_03,안경 가게,건강·의료 중 '안경'을 판매·제공하는 매장,val,안경,T2 동의어,92b49116-07cc-4994-b827-ea8003be5bf0,아이패밀리 안경,안경,롯데프라자 골목형상점가,골목형상점가,경기도,,,
5017a9bc477f0aff5da0,full_annotation_v1,A,q_안경_03,안경 가게,건강·의료 중 '안경'을 판매·제공하는 매장,val,안경,T2 동의어,00c9a212-c673-4e9c-a890-7e39a3da51b6,파룩스안경원,안경,샘머리 골목형상점가,골목형상점가,대전광역시,,,
bf76eafa5fd7da29f01f,full_annotation_v1,A,q_안경_03,안경 가게,건강·의료 중 '안경'을 판매·제공하는 매장,val,안경,T2 동의어,0028e2be-f83a-47fd-83a9-f76bfb8df49a,청당안경렌즈미청당점,,청당4번가 골목형상점가,골목형상점가,충청남도,,,
93e791f23e5a4a4a1c13,full_annotation_v1,A,q_안경_03,안경 가게,건강·의료 중 '안경'을 판매·제공하는 매장,val,안경,T2 동의어,375a2c65-f9d0-4a3b-a517-be37d79675d2,눈이랑 안경,안경 콘택즈,신월7동골목형상점가,골목형상점가,서울특별시,,,
bceda18231b95de687b1,full_annotation_v1,A,q_안경_03,안경 가게,건강·의료 중 '안경'을 판매·제공하는 매장,val,안경,T2 동의어,8dd935d8-8133-4ce7-a87f-03ac2020c4a7,리갈안경,안경,명동 지하쇼핑센터,일반지하상점가,서울특별시,,,
268402e1811baa003286,full_annotation_v1,A,q_안경_03,안경 가게,건강·의료 중 '안경'을 판매·제공하는 매장,val,안경,T2 동의어,eb1957f7-b6f5-4222-af0a-8e327ac16492,안경맘,안경,구매탄시장,전통시장,경기도,,,
b4f4d43801184ee778bd,full_annotation_v1,A,q_안경_03,안경 가게,건강·의료 중 '안경'을 판매·제공하는 매장,val,안경,T2 동의어,4c00ede7-1c1a-479e-9106-d0e95ed779c6,안경나라,안경,군산나운상가 골목형상점가,골목형상점가,전북특별자치도,,,
efeba45f0ad64f5d01b2,full_annotation_v1,A,q_안경_03,안경 가게,건강·의료 중 '안경'을 판매·제공하는 매장,val,안경,T2 동의어,1b44026f-5134-465c-a680-b3a29bc82d8a,양념코너5호점,음식업,궁평항해오름수산시장,전통시장,경기도,,,
a6ab98e2f62d32775acc,full_annotation_v1,A,q_안경_03,안경 가게,건강·의료 중 '안경'을 판매·제공하는 매장,val,안경,T2 동의어,d6e82951-9610-44b3-a16b-bda93768c7b4,뉴욕안경,안경,강남역지하도상점가,일반지하상점가,서울특별시,,,
05b0466f3c23f6d775ce,full_annotation_v1,A,q_안경_03,안경 가게,건강·의료 중 '안경'을 판매·제공하는 매장,val,안경,T2 동의어,e631c7fc-9962-4bc4-af1c-6aa64bd9cff8,안경家 (가),안경,뉴월드프라자골목형상점가,골목형상점가,경기도,,,
442b8f72f674c3bb41ff,full_annotation_v1,A,q_안경_03,안경 가게,건강·의료 중 '안경'을 판매·제공하는 매장,val,안경,T2 동의어,8dc7efad-9458-486d-bc8e-d5f14f7e99d9,바라보다 안경,안경 렌즈,권율 골목형상점가,골목형상점가,경기도,,,
2feb6cc2ad31bb0ff0b9,full_annotation_v1,A,q_안경_03,안경 가게,건강·의료 중 '안경'을 판매·제공하는 매장,val,안경,T2 동의어,da1ab000-5bdd-42d8-8b40-5918cd11b076,으뜸+안경,안경,순천연향패션상가,자율상권구역,전라남도,,,
f0d16690f46bb971422a,full_annotation_v1,A,q_안경_03,안경 가게,건강·의료 중 '안경'을 판매·제공하는 매장,val,안경,T2 동의어,ccd83fe8-18a2-4779-9b52-f323f8c6bd23,윤순영패션,의류,익산중앙상점가,골목형상점가,전북특별자치도,,,
d08404b16fe2538be6ec,full_annotation_v1,A,q_안경_03,안경 가게,건강·의료 중 '안경'을 판매·제공하는 매장,val,안경,T2 동의어,1d56f4a0-e43b-41a8-a0f8-39fa70226f53,다봄안과의원,안과,구성언남 골목형상점가,골목형상점가,경기도,,,
04a2f702ae639dd770f4,full_annotation_v1,A,q_안경_03,안경 가게,건강·의료 중 '안경'을 판매·제공하는 매장,val,안경,T2 동의어,75bc618e-37aa-4e2e-a9e9-bb39a6127319,라움안경,안경,효행구봉담상점가,골목형상점가,경기도,,,
d213f38c096831af8ac5,full_annotation_v1,A,q_안경_03,안경 가게,건강·의료 중 '안경'을 판매·제공하는 매장,val,안경,T2 동의어,e827637b-4fcf-427b-b0ff-9d86e74b0559,로젠안경,안경,과천새서울프라자시장,전통시장,경기도,,,
d5cada1e85e7139bd780,full_annotation_v1,A,q_안경_03,안경 가게,건강·의료 중 '안경'을 판매·제공하는 매장,val,안경,T2 동의어,7e90589b-8c1f-4da8-a8b3-7404fa21f02c,한국안경,안경,(지정취소)다산마을상가거리골목형상점가,골목형상점가,서울특별시,,,
b918426c7a6c10e0cc7e,full_annotation_v1,A,q_안경_03,안경 가게,건강·의료 중 '안경'을 판매·제공하는 매장,val,안경,T2 동의어,eb9fb028-66fb-4068-8ff2-79d816f9d4d5,안경나라,안경,신장전통시장,전통시장,경기도,,,
ba37744ada5d5467613e,full_annotation_v1,A,q_안경_03,안경 가게,건강·의료 중 '안경'을 판매·제공하는 매장,val,안경,T2 동의어,7992a136-af4a-431d-8dde-b982d996c31e,㈜우와돈,식육,월곡1동 골목형상점가,골목형상점가,광주광역시,,,
a8cc93ee8f716e45a8a7,full_annotation_v1,A,q_안경_03,안경 가게,건강·의료 중 '안경'을 판매·제공하는 매장,val,안경,T2 동의어,46fcd22f-b1d0-45d2-a6a3-fd99d7ff86a4,경희안경,안경,회기시장,전통시장,서울특별시,,,
91d164c0dd59626f8294,full_annotation_v1,A,q_안경_03,안경 가게,건강·의료 중 '안경'을 판매·제공하는 매장,val,안경,T2 동의어,b2bafed9-9942-4a7f-8f66-11b039f89c9b,패션안경,안경,대가야 자율상권구역,,경상북도,,,
070600aeb879062c13df,full_annotation_v1,A,q_안경_03,안경 가게,건강·의료 중 '안경'을 판매·제공하는 매장,val,안경,T2 동의어,cebbe889-f084-4023-bffc-b23a9ec17c84,안경사랑,안경,신도봉시장,전통시장,서울특별시,,,
5f874e1727b5578ff2c9,full_annotation_v1,A,q_안경_03,안경 가게,건강·의료 중 '안경'을 판매·제공하는 매장,val,안경,T2 동의어,586cb130-b586-4d53-959f-c2534361da51,에이에스 안경,안경,구매탄시장,전통시장,경기도,,,
f0b8fcbb8ddfe9d06776,full_annotation_v1,A,q_안경_03,안경 가게,건강·의료 중 '안경'을 판매·제공하는 매장,val,안경,T2 동의어,0022ba93-553d-4d81-934b-054dfcb8309e,행복한안경,안경,태화시장,전통시장,울산광역시,,,
7a50473cbedce44ba642,full_annotation_v1,A,q_안경_03,안경 가게,건강·의료 중 '안경'을 판매·제공하는 매장,val,안경,T2 동의어,f2466ce6-f8e5-4241-ac26-6bb54cefe8c6,"안경, 오늘",안경,유천택지올림픽길골목형상점가,골목형상점가,강원특별자치도,,,
3400ca3414890bff2b67,full_annotation_v1,A,q_안경_03,안경 가게,건강·의료 중 '안경'을 판매·제공하는 매장,val,안경,T2 동의어,9541996e-6e2e-4028-84c7-0321d70c5129,안경나라,안경,중랑동부시장,전통시장,서울특별시,,,
3a43bd39d6b7cdb7e4d5,full_annotation_v1,A,q_안경_03,안경 가게,건강·의료 중 '안경'을 판매·제공하는 매장,val,안경,T2 동의어,963c1f03-89bf-45e4-b272-d9083b710c24,산수 안경 콘택트,안경,산수 먹자골목 골목형상점가,골목형상점가,광주광역시,,,
dee5c8f40c8c127b4006,full_annotation_v1,A,q_안경_03,안경 가게,건강·의료 중 '안경'을 판매·제공하는 매장,val,안경,T2 동의어,574f4fef-2585-4f59-acbe-66f6545267e7,안경나라,안경,설악눈메골시장,전통시장,경기도,,,
d60040d5ebae7ab6a52c,full_annotation_v1,A,q_안경_03,안경 가게,건강·의료 중 '안경'을 판매·제공하는 매장,val,안경,T2 동의어,6d64f878-f93f-46ee-9720-5dc966222a69,몽S피자,피자,설악눈메골시장,전통시장,경기도,,,
5c022fa564d8808dfcc2,full_annotation_v1,A,q_안경_03,안경 가게,건강·의료 중 '안경'을 판매·제공하는 매장,val,안경,T2 동의어,e7ae0967-e4d4-4ed7-9b1f-0923e141ae55,안경파크,안경,주안역지하도상점가,일반지하상점가,인천광역시,,,
a17d9931dafb741f42cb,full_annotation_v1,A,q_안경_03,안경 가게,건강·의료 중 '안경'을 판매·제공하는 매장,val,안경,T2 동의어,011e75cb-eb08-4161-9b41-65e8d204464c,이지안경,안경및콘택트렌즈,BOCA 보카상점가,골목형상점가,경기도,,,
841d7ca351559a90950b,full_annotation_v1,A,q_안경_03,안경 가게,건강·의료 중 '안경'을 판매·제공하는 매장,val,안경,T2 동의어,c0802d45-bbbc-45bc-852e-8ff2de06e80d,중앙안경,안경,서귀포중심상가번영회,자율상권구역,제주특별자치도,,,
5b26847c57e181862e35,full_annotation_v1,A,q_안경_03,안경 가게,건강·의료 중 '안경'을 판매·제공하는 매장,val,안경,T2 동의어,1f179de5-a781-4ab1-bb53-da91361efe1d,안경본데이,안경,신평골목시장,전통시장,부산광역시,,,
a3aa476a388281c3b4cd,full_annotation_v1,A,q_안경_03,안경 가게,건강·의료 중 '안경'을 판매·제공하는 매장,val,안경,T2 동의어,5bc718eb-884b-481b-a511-1ca7b581aaf8,맑은눈 안경 콘택트,안경,까치산시장,전통시장,서울특별시,,,
44f790c856b1d4824ecf,full_annotation_v1,A,q_안경_03,안경 가게,건강·의료 중 '안경'을 판매·제공하는 매장,val,안경,T2 동의어,ab27f098-a2a2-4833-93d4-230e881a6d0c,"안경,여수",안경,여수진남상가,자율상권구역,전라남도,,,
7e991fb4fa74d140ae4c,full_annotation_v1,A,q_안경_03,안경 가게,건강·의료 중 '안경'을 판매·제공하는 매장,val,안경,T2 동의어,ce27011c-4968-4ffa-a8c3-56f37ea28e0c,아이세이버 안경 상무점,안경,상무중앙상인회 골목형상점가,골목형상점가,광주광역시,,,
55fd7491eaf9f77fab56,full_annotation_v1,A,q_안경_03,안경 가게,건강·의료 중 '안경'을 판매·제공하는 매장,val,안경,T2 동의어,6da75014-3454-4b0b-963b-2c2559e8d24c,안경가게 봄,안경,노은역 골목형상점가,골목형상점가,대전광역시,,,
250fb35318e2ad9755e4,full_annotation_v1,A,q_안경_03,안경 가게,건강·의료 중 '안경'을 판매·제공하는 매장,val,안경,T2 동의어,1749d275-3dc5-427a-b680-5c853a65b661,정상기안과의원,안과,신세계앞상인회 골목형상점가,골목형상점가,광주광역시,,,
11ae25b99cc665faeee8,full_annotation_v1,A,q_안경_03,안경 가게,건강·의료 중 '안경'을 판매·제공하는 매장,val,안경,T2 동의어,003ea83c-ef37-4c55-ae9b-a59c93d1201f,K비젼안경 효천점,안경 및 콘택트렌즈,효천로 골목형상점가,골목형상점가,광주광역시,,,
13f7f68074724b67662a,full_annotation_v1,A,q_안경_03,안경 가게,건강·의료 중 '안경'을 판매·제공하는 매장,val,안경,T2 동의어,2aa2b861-4c4b-4097-b8ac-d703a00c26e0,유한회사 광주개발지점,장어,동구책정원 골목형상점가,골목형상점가,광주광역시,,,
c2e35d5287c99ecc3438,full_annotation_v1,A,q_안경_03,안경 가게,건강·의료 중 '안경'을 판매·제공하는 매장,val,안경,T2 동의어,c20ad57c-5d9e-4cd9-8dff-94be2ca1c274,아이탑안경,안경,매봉 골목형상점가,골목형상점가,광주광역시,,,
52470f80768008ffd03b,full_annotation_v1,A,q_안경_03,안경 가게,건강·의료 중 '안경'을 판매·제공하는 매장,val,안경,T2 동의어,10262624-5d0a-4091-8c44-f6c713d3c98c,아이디어 안경,안경,동천동먹자골목1번가상인회 골목형상점가,골목형상점가,광주광역시,,,
b6dd112f154f8da241ee,full_annotation_v1,A,q_안경_03,안경 가게,건강·의료 중 '안경'을 판매·제공하는 매장,val,안경,T2 동의어,5d851b48-be5c-4a17-b420-ff18ea2615a5,알파안경,안경,조원시장,전통시장,경기도,,,
42f272dee957ba695d91,full_annotation_v1,A,q_안경_03,안경 가게,건강·의료 중 '안경'을 판매·제공하는 매장,val,안경,T2 동의어,060313d2-6e9c-41c3-8e18-618796869fd2,삼호안경,안경,남대문시장,전통시장,서울특별시,,,
911cc7b55331486d81f2,full_annotation_v1,A,q_안경_03,안경 가게,건강·의료 중 '안경'을 판매·제공하는 매장,val,안경,T2 동의어,55abecfb-4113-4780-8cc9-30c4b8465e48,"안경, 바라봄",안경 렌즈,한들물빛도시 골목형 상점가,골목형상점가,충청남도,,,
ad6fde2a9a17fb2f855b,full_annotation_v1,A,q_안경_03,안경 가게,건강·의료 중 '안경'을 판매·제공하는 매장,val,안경,T2 동의어,ccb032f5-c6e0-4c4a-8c8c-4df73fca757e,글라스온 안경,안경,첨단동행 골목형상점가,골목형상점가,광주광역시,,,
d39b34b2246969bc7532,full_annotation_v1,A,q_안경_03,안경 가게,건강·의료 중 '안경'을 판매·제공하는 매장,val,안경,T2 동의어,6dbe7b37-1874-4ed8-8a46-b480f5b94bd0,남시안경,안경,남대문로골목형상점가,골목형상점가,서울특별시,,,
f87be8fe11a5b8856e4a,full_annotation_v1,A,q_안경_03,안경 가게,건강·의료 중 '안경'을 판매·제공하는 매장,val,안경,T2 동의어,c9c9c5ff-d121-4227-9056-e3171e36b188,안경나라,안경,당감새시장,전통시장,부산광역시,,,
bfb24b3d701f5904e8c3,full_annotation_v1,A,q_안경_03,안경 가게,건강·의료 중 '안경'을 판매·제공하는 매장,val,안경,T2 동의어,5c2f3571-a8ce-459d-ad1d-3fae585d98e3,국수나무,국수 밥돈까스,천상의중심 골목형상점가,골목형상점가,울산광역시,,,
727977d72e4ee229d879,full_annotation_v1,A,q_안경_03,안경 가게,건강·의료 중 '안경'을 판매·제공하는 매장,val,안경,T2 동의어,c15b7d24-b90f-4edb-a4d7-38d243dad39e,가게,담배,대명시장,전통시장,대구광역시,,,
8aec8a0fcb9a7ef97978,full_annotation_v1,A,q_안경_03,안경 가게,건강·의료 중 '안경'을 판매·제공하는 매장,val,안경,T2 동의어,8f1ab898-c235-484c-8412-21943c8b7a2d,하은이네반찬 가게,채소,용호1동골목시장,전통시장,부산광역시,,,
013df1fdfd98780dea2e,full_annotation_v1,A,q_안경_03,안경 가게,건강·의료 중 '안경'을 판매·제공하는 매장,val,안경,T2 동의어,d309d034-1812-4e8d-8248-eddf35c195b9,모든안경,안경,화정꽃마을상인회 골목형상점가,골목형상점가,광주광역시,,,
1ded12c113642578af71,full_annotation_v1,A,q_안경_03,안경 가게,건강·의료 중 '안경'을 판매·제공하는 매장,val,안경,T2 동의어,a510b7c6-56f3-4eed-a34f-6c78d56593dc,유니크 안경,"안경, 렌즈",과천스마트케이 골목형상점가,골목형상점가,경기도,,,
cc36295a1578120a6ea6,full_annotation_v1,A,q_안경_03,안경 가게,건강·의료 중 '안경'을 판매·제공하는 매장,val,안경,T2 동의어,838be54f-b775-4e16-a910-1e4ca4c26be0,토탈안경,안경,탄방동 골목형상점가,골목형상점가,대전광역시,,,
d0187d459b78d8888eed,full_annotation_v1,A,q_안경_03,안경 가게,건강·의료 중 '안경'을 판매·제공하는 매장,val,안경,T2 동의어,6dd16b9d-3b09-47e6-b4b6-c1485fafba26,으뜸50안경,안경,아름동상점가,자율상권구역,세종특별자치시,,,
c6bc6eab0825ad869a4a,full_annotation_v1,A,q_안경_03,안경 가게,건강·의료 중 '안경'을 판매·제공하는 매장,val,안경,T2 동의어,019928e4-ddbb-47c4-951f-f3b31a893f1d,안경마을,안경 콘택트렌즈,구갈상점가,자율상권구역,경기도,,,
37c49b7a8c18481f3a5d,full_annotation_v1,A,q_안경_03,안경 가게,건강·의료 중 '안경'을 판매·제공하는 매장,val,안경,T2 동의어,855bc04f-da0b-4ad7-b133-55177429c9a8,YOUEYE 안경,"안경, 콘택트렌즈",대왕암사거리 골목형상점가,골목형상점가,울산광역시,,,
ecc9df027f186cf4bd3b,full_annotation_v1,A,q_안경_03,안경 가게,건강·의료 중 '안경'을 판매·제공하는 매장,val,안경,T2 동의어,b43b445d-a1f7-4019-991b-e20e37e04409,아이파크 안경,안경,수원아이파크시티8단지상가 골목형상점가,골목형상점가,경기도,,,
fb89c2c98cc444d97a60,full_annotation_v1,A,q_안경_03,안경 가게,건강·의료 중 '안경'을 판매·제공하는 매장,val,안경,T2 동의어,52e867bd-a673-4f27-8878-6647d9448a52,빛담안경,안경,효행구봉담상점가,골목형상점가,경기도,,,
77efd9613f30634a9065,full_annotation_v1,A,q_안경_03,안경 가게,건강·의료 중 '안경'을 판매·제공하는 매장,val,안경,T2 동의어,60de073d-4136-4956-b346-046fb99bdc2d,세종안경,안경,종촌동골목형상점가,골목형상점가,세종특별자치시,,,
63faa1c6996d3beff1da,full_annotation_v1,A,q_안경_03,안경 가게,건강·의료 중 '안경'을 판매·제공하는 매장,val,안경,T2 동의어,c2928fd2-ba68-4781-89cd-bad1f2b88985,대동(샘)안경,안경,동해남부재래시장,전통시장,강원특별자치도,,,
6639b7e1d4d4c1084ba1,full_annotation_v1,A,q_안경_03,안경 가게,건강·의료 중 '안경'을 판매·제공하는 매장,val,안경,T2 동의어,c0d0d1da-b940-4da1-8b13-2798e066f63c,나무(안경),안경,부산진시장,전통시장,부산광역시,,,
66c3dceffc4b562a6f42,full_annotation_v1,A,q_안경_03,안경 가게,건강·의료 중 '안경'을 판매·제공하는 매장,val,안경,T2 동의어,6c7c780f-f95e-4f75-a58f-c94454ca1362,으뜸50 안경,안경,충장로123가 상점가,자율상권구역,광주광역시,,,
b125b8ce72fcdafda561,full_annotation_v1,A,q_안경_03,안경 가게,건강·의료 중 '안경'을 판매·제공하는 매장,val,안경,T2 동의어,01bcb519-0fa6-438a-927f-cf3d578789e8,아이라이크안경by씨채널,안경,진천혁신골목형상점가,골목형상점가,충청북도,,,
97d2f476a0883fc4cbc3,full_annotation_v1,A,q_안경_03,안경 가게,건강·의료 중 '안경'을 판매·제공하는 매장,val,안경,T2 동의어,920324cf-5110-4da6-8002-dc987b41faee,안경,안경 및 콘텍트렌즈,자양전통시장,전통시장,서울특별시,,,
b3411b0bb62071558ee2,full_annotation_v1,A,q_안경_03,안경 가게,건강·의료 중 '안경'을 판매·제공하는 매장,val,안경,T2 동의어,1098740e-6e13-429a-8b02-302943edd495,땅콩시장,과실채소,첨단호두라 골목형상점가,골목형상점가,광주광역시,,,
f596adee7b6969ba5d71,full_annotation_v1,A,q_안경_03,안경 가게,건강·의료 중 '안경'을 판매·제공하는 매장,val,안경,T2 동의어,29faa1d7-404f-4dad-b0ef-68f63fcbe76a,이삭안경,안경,창원 반송시장,전통시장,경상남도,,,
c03aaf1a33be0260c348,full_annotation_v1,A,q_안경_03,안경 가게,건강·의료 중 '안경'을 판매·제공하는 매장,val,안경,T2 동의어,13fc7af8-fa39-4c53-a2dd-af24bfeb905b,아이링안경,안경,가재마을 골목형상점가,골목형상점가,세종특별자치시,,,
b8386077768927412ae7,full_annotation_v1,A,q_안경_03,안경 가게,건강·의료 중 '안경'을 판매·제공하는 매장,val,안경,T2 동의어,26375764-dfcc-41da-beae-247fdb10f3a3,소망안경,안경,남대문로 지하도상가,일반지하상점가,서울특별시,,,
dec26aa1e29d61631a26,full_annotation_v1,A,q_안경_03,안경 가게,건강·의료 중 '안경'을 판매·제공하는 매장,val,안경,T2 동의어,99fe73e9-e6ec-421b-bdc7-8b26ad7ab4f6,이삭안경,안경,창원 성원그랜드쇼핑상가,전통시장,경상남도,,,
f1098618aca434591aee,full_annotation_v1,A,q_안경_03,안경 가게,건강·의료 중 '안경'을 판매·제공하는 매장,val,안경,T2 동의어,b6e64517-5090-4204-b412-bfe0064d0871,덕규인삼,약초,거창 전통시장,전통시장,경상남도,,,
a4e5474a759e79948984,full_annotation_v1,A,q_안경_03,안경 가게,건강·의료 중 '안경'을 판매·제공하는 매장,val,안경,T2 동의어,f5e0d3c3-efa0-472f-a04b-0f015728d54b,안경 세상,안경,장흥중앙로 골목형상점가,골목형상점가,전라남도,,,
c4371f3078286cdcb81f,full_annotation_v1,A,q_안경_03,안경 가게,건강·의료 중 '안경'을 판매·제공하는 매장,val,안경,T2 동의어,0f0f7f91-5504-4d69-a3cc-dd8e3df100b2,제이 안경,안경,금암동 골목형상점가,골목형상점가,충청남도,,,
3ab778563121d75898fa,full_annotation_v1,A,q_안경_03,안경 가게,건강·의료 중 '안경'을 판매·제공하는 매장,val,안경,T2 동의어,33fa5284-2f2f-41e3-8be5-2bc9b389d453,진양안경,안경,남대문시장,전통시장,서울특별시,,,
45917eceaf6c4570a178,full_annotation_v1,A,q_안경_03,안경 가게,건강·의료 중 '안경'을 판매·제공하는 매장,val,안경,T2 동의어,a63d109c-f9cc-4a64-9a4f-3bf176c8f1c7,보람안경,안경,남대문시장,전통시장,서울특별시,,,
84acb0eaaf8df4a0ccbc,full_annotation_v1,A,q_안경_03,안경 가게,건강·의료 중 '안경'을 판매·제공하는 매장,val,안경,T2 동의어,3e7ab85c-ea7f-44ee-bee2-67947757b532,안경 정주다,안경,매탄중심상가 골목형상점가,골목형상점가,경기도,,,
dc0636a75ae1a4667059,full_annotation_v1,A,q_안경_03,안경 가게,건강·의료 중 '안경'을 판매·제공하는 매장,val,안경,T2 동의어,d22ac0b9-956c-4e81-baef-e00dc19b977b,정이가,한식,오정동상점가,자율상권구역,대전광역시,,,
ce19e8e275f4fc304a70,full_annotation_v1,A,q_안경_03,안경 가게,건강·의료 중 '안경'을 판매·제공하는 매장,val,안경,T2 동의어,b762886c-8852-454c-bcb2-9634ab85cb3f,ZOO 002 안경,안경,평촌역 상점가,자율상권구역,경기도,,,
91881a454d5d2060663a,full_annotation_v1,A,q_안경_03,안경 가게,건강·의료 중 '안경'을 판매·제공하는 매장,val,안경,T2 동의어,4805e403-d672-4fbb-a5cf-1d066818ee54,더클래스 안경,안경,중흥 골목형상점가,골목형상점가,부산광역시,,,
bb0361e930a7e66a2e27,full_annotation_v1,A,q_안경_03,안경 가게,건강·의료 중 '안경'을 판매·제공하는 매장,val,안경,T2 동의어,849239f4-1bbd-46ce-8fd3-7adf17432cf6,안경뱅크,안경,두암타운 골목형상점가,골목형상점가,광주광역시,,,
eca617e40731556f8512,full_annotation_v1,A,q_안경_03,안경 가게,건강·의료 중 '안경'을 판매·제공하는 매장,val,안경,T2 동의어,00efb47a-2e95-43a9-af76-8d8cd91d8c94,지니스안경세종새롬110호점,안경테 및 안경렌즈,새롬동 골목형상점가,골목형상점가,세종특별자치시,,,
3a389625e6ebd415ba9a,full_annotation_v1,A,q_안경_03,안경 가게,건강·의료 중 '안경'을 판매·제공하는 매장,val,안경,T2 동의어,1871389d-e1e7-4d18-80da-2a78cdc0525a,고운빛안과,"안과, 건강기능식품",우산 동문로 골목형상점가,골목형상점가,광주광역시,,,
2e2fcfcabbb8ff2ac75d,full_annotation_v1,A,q_안경_03,안경 가게,건강·의료 중 '안경'을 판매·제공하는 매장,val,안경,T2 동의어,bdb317ef-6cf9-49e9-8098-ead74a3c6ea6,원선생안경,안경,젊음의거리 상점가,자율상권구역,울산광역시,,,
0f247cd4cfe527fbe6d1,full_annotation_v1,A,q_안경_03,안경 가게,건강·의료 중 '안경'을 판매·제공하는 매장,val,안경,T2 동의어,d5fc0307-7e78-4bf4-8ff6-5e2a5d86231a,현대잡화,일반슈퍼,창원 상남시장,전통시장,경상남도,,,
7991d8c06d53dafa5554,full_annotation_v1,A,q_안경_03,안경 가게,건강·의료 중 '안경'을 판매·제공하는 매장,val,안경,T2 동의어,a7697009-fd36-4e9d-9a3b-b4fc889dcfd5,이노티 안경 청라점,안경,청라언덕 골목형상점가,골목형상점가,대구광역시,,,
80d0c736b08cc53e5fb8,full_annotation_v1,A,q_안경_03,안경 가게,건강·의료 중 '안경'을 판매·제공하는 매장,val,안경,T2 동의어,4e76be92-56ff-45e7-bed3-b3844d758167,로덴안경,안경,김해 대우유토피아상가,골목형상점가,경상남도,,,
20a23c6a804a41916e7b,full_annotation_v1,A,q_안경_03,안경 가게,건강·의료 중 '안경'을 판매·제공하는 매장,val,안경,T2 동의어,289d3329-ed00-4d54-808e-9a25d20f9b38,스펙트럼 안경,안경.안경렌즈,스펙트럼시티 골목형상점가,골목형상점가,대구광역시,,,
5c056492a0514ebf00ff,full_annotation_v1,A,q_안경_03,안경 가게,건강·의료 중 '안경'을 판매·제공하는 매장,val,안경,T2 동의어,192cd801-dacc-4251-8e50-ccfc6c1c9a9c,코코(현대)안경,안경,남대문시장,전통시장,서울특별시,,,
44f618fcd5edb442db31,full_annotation_v1,A,q_안경_03,안경 가게,건강·의료 중 '안경'을 판매·제공하는 매장,val,안경,T2 동의어,2ecd6752-24ff-4ed7-8176-efde9c229108,안경 플러스,"안경, 콘택트렌즈",흥덕 다채움 골목형 상점가,골목형상점가,경기도,,,
208ba248b33855a55f9b,full_annotation_v1,A,q_안경_03,안경 가게,건강·의료 중 '안경'을 판매·제공하는 매장,val,안경,T2 동의어,aacac575-3e2e-4fbf-9844-aa541c66b631,2.0 안경,안경,사당4골목형상점가,골목형상점가,서울특별시,,,
c14426e72caebf9aa9c5,full_annotation_v1,A,q_안경_03,안경 가게,건강·의료 중 '안경'을 판매·제공하는 매장,val,안경,T2 동의어,e1a5606c-6125-4317-a688-5dddf4fbd89f,으뜸50안경,안경,전남대후문골목형상점가,골목형상점가,광주광역시,,,
99e1aeebe81333da66de,full_annotation_v1,A,q_안경_03,안경 가게,건강·의료 중 '안경'을 판매·제공하는 매장,val,안경,T2 동의어,8e42c7f1-86b7-4617-9bd9-b82f43740f08,굿모닝 안경,안경,다사역 골목형상점가,골목형상점가,대구광역시,,,
3897623699e1a2075dc1,full_annotation_v1,A,q_안경_03,안경 가게,건강·의료 중 '안경'을 판매·제공하는 매장,val,안경,T2 동의어,013d8401-b189-4faa-8cde-bbd07638134a,데이네일,네일아트,부천 옥길 골목형상점가,골목형상점가,경기도,,,
3be6c07b3bb9dd7e0af3,full_annotation_v1,A,q_안경_03,안경 가게,건강·의료 중 '안경'을 판매·제공하는 매장,val,안경,T2 동의어,40b2fc46-2e18-4728-bd1a-d2acdb5e9183,라쌍떼안경,안경,직산읍삼은1번가골목형상점가,골목형상점가,충청남도,,,
b62222e7f012f1ceea9b,full_annotation_v1,A,q_안경_03,안경 가게,건강·의료 중 '안경'을 판매·제공하는 매장,val,안경,T2 동의어,105343e5-53d8-4106-b47b-7d67ea73e7cd,개미사,의류,문경전통시장,전통시장,경상북도,,,
44fd94d4f54dee6c973e,full_annotation_v1,A,q_안경_03,안경 가게,건강·의료 중 '안경'을 판매·제공하는 매장,val,안경,T2 동의어,d15e11fe-c36a-49ac-81f2-df4720971d94,참안경,안경,창원 가음정시장,전통시장,경상남도,,,
294b3b52f809986c1050,full_annotation_v1,A,q_안경_03,안경 가게,건강·의료 중 '안경'을 판매·제공하는 매장,val,안경,T2 동의어,00112248-81bc-4fca-ac3c-f6d684bcf294,데일리뷰 안경원,,성성1번가 골목형상점가,골목형상점가,충청남도,,,
7705ab3902ded9969430,full_annotation_v1,A,q_안경_03,안경 가게,건강·의료 중 '안경'을 판매·제공하는 매장,val,안경,T2 동의어,156799b4-81e2-4305-b23e-452173599b30,투썸플레이스 세종어진점,"커피, 디저트",어진동 골목형상점가,골목형상점가,세종특별자치시,,,
a87883f4f8df3032450f,full_annotation_v1,A,q_안경_03,안경 가게,건강·의료 중 '안경'을 판매·제공하는 매장,val,안경,T2 동의어,0ac1b31d-acf8-489a-b072-024070304c9a,진흥상회,잡화,정읍산외한우마을상점,자율상권구역,전북특별자치도,,,
7bfa673aa4a27f4a94c9,full_annotation_v1,A,q_안경_03,안경 가게,건강·의료 중 '안경'을 판매·제공하는 매장,val,안경,T2 동의어,0e87829e-6dba-4e48-bccd-1fa6a2b1dd99,아이유 안경 콘택트,안경,매봉 골목형상점가,골목형상점가,광주광역시,,,
6112487a2e0cb74c4b2f,full_annotation_v1,A,q_안경_03,안경 가게,건강·의료 중 '안경'을 판매·제공하는 매장,val,안경,T2 동의어,24d4d97d-3a87-478d-93a1-332d5fed6f57,스위스 안경 콘택트,안경,노은역 골목형상점가,골목형상점가,대전광역시,,,
5ff2fa8828c22c692747,full_annotation_v1,A,q_안경_03,안경 가게,건강·의료 중 '안경'을 판매·제공하는 매장,val,안경,T2 동의어,10c37937-c85c-4ddf-b630-18aecf5e1803,모든안경,안경,남대문시장,전통시장,서울특별시,,,
acc2b7a63fd6d6580840,full_annotation_v1,A,q_안경_03,안경 가게,건강·의료 중 '안경'을 판매·제공하는 매장,val,안경,T2 동의어,0d210f85-43aa-422f-8d75-d5844cdb16d4,천상텔레콤,"휴대폰, 악세사리, 케이스",천상천 골목형상점가,골목형상점가,울산광역시,,,
af34c209fb795fa1624b,full_annotation_v1,A,q_안경_03,안경 가게,건강·의료 중 '안경'을 판매·제공하는 매장,val,안경,T2 동의어,0184ed05-765c-4947-bbf8-dff527177252,안경을 찾는 사람들,안경,발안만세시장(구 발안시장),전통시장,경기도,,,
10d39a286c3632e2e8b6,full_annotation_v1,A,q_안경_03,안경 가게,건강·의료 중 '안경'을 판매·제공하는 매장,val,안경,T2 동의어,010604a1-9bcd-4057-8360-47c77d14504a,굿모닝안경.콘택트,안경,서재소상공인연합회,골목형상점가,대구광역시,,,
1a39769198fb55997eb6,full_annotation_v1,A,q_안경_03,안경 가게,건강·의료 중 '안경'을 판매·제공하는 매장,val,안경,T2 동의어,1965be11-0923-408a-83df-3a1a999e4ca6,천안서울안과 신불당점의원,안과,시청앞 골목형상점가,골목형상점가,충청남도,,,
451fec4bffb4a899dc75,full_annotation_v1,A,q_안경_03,안경 가게,건강·의료 중 '안경'을 판매·제공하는 매장,val,안경,T2 동의어,0266bd67-c211-4ab4-bb83-af329b2ce979,공덕나인안경,안경콘택트렌즈,도화동상점가,자율상권구역,서울특별시,,,
f68f6d6cf74af596c1ce,full_annotation_v1,A,q_안경_03,안경 가게,건강·의료 중 '안경'을 판매·제공하는 매장,val,안경,T2 동의어,02822efb-f50a-45c4-8f4d-bfbba20a01e4,오렌즈충주점,"안경, 렌즈",성서중심시장(성서시장문화의거리 통합),전통시장,충청북도,,,
35f295c022eda7ae6b2c,full_annotation_v1,A,q_안경_03,안경 가게,건강·의료 중 '안경'을 판매·제공하는 매장,val,안경,T2 동의어,8a7e4c58-2e87-4ff2-bd8e-f452de6a0476,일로아 안경,안경,남악사랑 골목형상점가,골목형상점가,전라남도,,,
9315726af229831171da,full_annotation_v1,A,q_안경_03,안경 가게,건강·의료 중 '안경'을 판매·제공하는 매장,val,안경,T2 동의어,05cc841f-4ab1-443b-b975-5d9a4ddb6710,글라스온 안경 화정점,안경,짚봉산상인회 골목형상점가,골목형상점가,광주광역시,,,
7d8327ff1036308391dc,full_annotation_v1,A,q_안경_03,안경 가게,건강·의료 중 '안경'을 판매·제공하는 매장,val,안경,T2 동의어,d20a1a7c-9d70-4a96-a046-73063a8dfa0d,굿모닝 안경,안경 렌즈,옥계 신나리 먹거리,골목형상점가,경상북도,,,
de076c3a7c2d4ad002fd,full_annotation_v1,A,q_안경_03,안경 가게,건강·의료 중 '안경'을 판매·제공하는 매장,val,안경,T2 동의어,886ea250-2afb-4829-917a-53d8e0a0d5d8,으뜸50안경,안경,춘천 원도심 상권활성화,상권활성화구역,강원특별자치도,,,
c42806dfc39fd33cdd68,full_annotation_v1,A,q_안경_03,안경 가게,건강·의료 중 '안경'을 판매·제공하는 매장,val,안경,T2 동의어,c17b9a52-3c4f-4bef-8187-a301675b55ab,안경사랑,안경,전주중앙상가시장,전통시장,전북특별자치도,,,
b4990cbcd5b9d63cb648,full_annotation_v1,A,q_안경_03,안경 가게,건강·의료 중 '안경'을 판매·제공하는 매장,val,안경,T2 동의어,4c589b0f-72d6-4338-960f-72e9a3a16ad2,으뜸50안경,안경,서광주세무서앞상인회 골목형상점가,골목형상점가,광주광역시,,,
dbe8e9c8db630bcb15e6,full_annotation_v1,A,q_안경_03,안경 가게,건강·의료 중 '안경'을 판매·제공하는 매장,val,안경,T2 동의어,0e170be8-4e2c-4008-adbc-7539572b5fc6,성모안과의원,안과,선부광장로상점가,자율상권구역,경기도,,,
3465874ae2ffa98aa8b4,full_annotation_v1,A,q_안경_03,안경 가게,건강·의료 중 '안경'을 판매·제공하는 매장,val,안경,T2 동의어,9d3b400b-5b1e-4f4b-8ed0-aa8b535fee99,조성민 안경 콘택트,안경,명동 지하쇼핑센터,일반지하상점가,서울특별시,,,
6ce3c762f9ecfa429ec0,full_annotation_v1,A,q_안경_04,안경원,건강·의료 중 '안경'을 판매·제공하는 매장,val,안경,T2 동의어,5971c216-f9d1-4a68-81c6-a13790405fb6,그린아이즈 안경원,안경 등,나성동 소방청 골목형상점가,골목형상점가,세종특별자치시,,,
d820164b6746c7070780,full_annotation_v1,A,q_안경_04,안경원,건강·의료 중 '안경'을 판매·제공하는 매장,val,안경,T2 동의어,c00da528-d19b-475e-a5ad-d1db10c63975,리스안경원,안경원,원주자유시장,전통시장,강원특별자치도,,,
71d37d806357687cc6d4,full_annotation_v1,A,q_안경_04,안경원,건강·의료 중 '안경'을 판매·제공하는 매장,val,안경,T2 동의어,b6ebdd2c-8d26-4de9-8260-b37e3296fa9b,대일식품,담배,대구패션주얼리특구,자율상권구역,대구광역시,,,
42cc1523d9fea9a458d5,full_annotation_v1,A,q_안경_04,안경원,건강·의료 중 '안경'을 판매·제공하는 매장,val,안경,T2 동의어,64541021-ddda-4d9b-afc3-a900816d9a7b,채플린안경,안경원,정 있는 서암대로 골목형상점가,골목형상점가,광주광역시,,,
56fbf785a4f837fb39d5,full_annotation_v1,A,q_안경_04,안경원,건강·의료 중 '안경'을 판매·제공하는 매장,val,안경,T2 동의어,1d56f4a0-e43b-41a8-a0f8-39fa70226f53,다봄안과의원,안과,구성언남 골목형상점가,골목형상점가,경기도,,,
af294187a5af1ac760bc,full_annotation_v1,A,q_안경_04,안경원,건강·의료 중 '안경'을 판매·제공하는 매장,val,안경,T2 동의어,9c1be6db-8b3a-42aa-ac48-9c32f9bff874,플로렌스 안경원,안경,사리골상점가,자율상권구역,경기도,,,
5335579a2da2d011d67e,full_annotation_v1,A,q_안경_04,안경원,건강·의료 중 '안경'을 판매·제공하는 매장,val,안경,T2 동의어,0184ed05-765c-4947-bbf8-dff527177252,안경을 찾는 사람들,안경,발안만세시장(구 발안시장),전통시장,경기도,,,
3e64f3e5ed6ddec98d03,full_annotation_v1,A,q_안경_04,안경원,건강·의료 중 '안경'을 판매·제공하는 매장,val,안경,T2 동의어,2834a1e3-4c1e-433d-805b-f6f72b43ac64,오렌즈,소매업(안경원),여주 터미널상점가,자율상권구역,경기도,,,
427342676f199601d9d3,full_annotation_v1,A,q_안경_04,안경원,건강·의료 중 '안경'을 판매·제공하는 매장,val,안경,T2 동의어,0028e2be-f83a-47fd-83a9-f76bfb8df49a,청당안경렌즈미청당점,,청당4번가 골목형상점가,골목형상점가,충청남도,,,
99f58bc46b738d0fb6ff,full_annotation_v1,A,q_안경_04,안경원,건강·의료 중 '안경'을 판매·제공하는 매장,val,안경,T2 동의어,019928e4-ddbb-47c4-951f-f3b31a893f1d,안경마을,안경 콘택트렌즈,구갈상점가,자율상권구역,경기도,,,
d343a5d61cf36d75fdca,full_annotation_v1,A,q_안경_04,안경원,건강·의료 중 '안경'을 판매·제공하는 매장,val,안경,T2 동의어,35bf4917-4289-4486-b9b8-c3a17f216a2b,그레이씨안경공방,안경원,원주미로예술중앙시장(원주중앙시장),전통시장,강원특별자치도,,,
effd48e5414e46788a00,full_annotation_v1,A,q_안경_04,안경원,건강·의료 중 '안경'을 판매·제공하는 매장,val,안경,T2 동의어,1749d275-3dc5-427a-b680-5c853a65b661,정상기안과의원,안과,신세계앞상인회 골목형상점가,골목형상점가,광주광역시,,,
3aca3738fa2371a3963e,full_annotation_v1,A,q_안경_04,안경원,건강·의료 중 '안경'을 판매·제공하는 매장,val,안경,T2 동의어,c0dca5d9-7443-4292-a75f-b5e481142f88,아이리스 안경원,,매탄골목상인회 골목형상점가,골목형상점가,경기도,,,
43238ccff38a7ea5ae38,full_annotation_v1,A,q_안경_04,안경원,건강·의료 중 '안경'을 판매·제공하는 매장,val,안경,T2 동의어,4e11580a-4d06-4ea5-aa7c-a98c008d0f51,권안경원,안경,신정중앙 골목형상점가,골목형상점가,울산광역시,,,
2e95ee5267c6cdb95437,full_annotation_v1,A,q_안경_04,안경원,건강·의료 중 '안경'을 판매·제공하는 매장,val,안경,T2 동의어,011e75cb-eb08-4161-9b41-65e8d204464c,이지안경,안경및콘택트렌즈,BOCA 보카상점가,골목형상점가,경기도,,,
3d9f269c5070cdb77f8c,full_annotation_v1,A,q_안경_04,안경원,건강·의료 중 '안경'을 판매·제공하는 매장,val,안경,T2 동의어,27dac311-0b05-422d-91ed-54645e85ad2b,한국안경원,안경,성정가구거리상점가,자율상권구역,충청남도,,,
0f77da36b742a48f8c66,full_annotation_v1,A,q_안경_04,안경원,건강·의료 중 '안경'을 판매·제공하는 매장,val,안경,T2 동의어,44ead3c1-9fda-4e5f-969c-0252245349c2,무판안경원,안경,다시남목 골목형상점가,골목형상점가,울산광역시,,,
8ca14a5771ab7e44da58,full_annotation_v1,A,q_안경_04,안경원,건강·의료 중 '안경'을 판매·제공하는 매장,val,안경,T2 동의어,d3b382d5-c7ef-454b-bfc4-f78844adc4b1,컴포트 안경원,안경 등,BOCA 보카상점가,골목형상점가,경기도,,,
8af744b739f21738fd66,full_annotation_v1,A,q_안경_04,안경원,건강·의료 중 '안경'을 판매·제공하는 매장,val,안경,T2 동의어,555f0bda-68aa-49af-99fc-e07be17a0d90,대왕만두,분식,안동중앙문화의거리상점가,자율상권구역,경상북도,,,
14c7d242e8df29d2f368,full_annotation_v1,A,q_안경_04,안경원,건강·의료 중 '안경'을 판매·제공하는 매장,val,안경,T2 동의어,ef206216-a71c-4696-8ad0-891abeb3e298,아이유 안경원,안경,둔전골목형상점가,골목형상점가,경기도,,,
da102cdc18f945ec720e,full_annotation_v1,A,q_안경_04,안경원,건강·의료 중 '안경'을 판매·제공하는 매장,val,안경,T2 동의어,288d8aa6-a5c8-4419-9ea2-1f338a61a477,글라스박스 안경원,안경 등,하이닉스골목형상점가,골목형상점가,경기도,,,
6325324d1cc9920cef7a,full_annotation_v1,A,q_안경_04,안경원,건강·의료 중 '안경'을 판매·제공하는 매장,val,안경,T2 동의어,7c658f20-c19a-4a78-95ab-92746e1c8850,케이비젼안경렌즈타운,"안경원, 악세서리",전북대대학로상점가,자율상권구역,전북특별자치도,,,
cfa72176725125cf9dbe,full_annotation_v1,A,q_안경_04,안경원,건강·의료 중 '안경'을 판매·제공하는 매장,val,안경,T2 동의어,e7b4f2fb-bd9f-4566-b57c-9194a4b3be30,아이코드 안경원,안경,방이시장,전통시장,서울특별시,,,
7bf2b1764ce6e203f51e,full_annotation_v1,A,q_안경_04,안경원,건강·의료 중 '안경'을 판매·제공하는 매장,val,안경,T2 동의어,987e33d1-1046-4f9d-9625-d9194a31d359,합동상회,"식용유, 담배",진주 논개시장,전통시장,경상남도,,,
1d8bacd5a62ef771196c,full_annotation_v1,A,q_안경_04,안경원,건강·의료 중 '안경'을 판매·제공하는 매장,val,안경,T2 동의어,2a30e97a-8e4e-4a8a-ae26-b9def194bad0,아이데코 안경원,"안경, 콘택트",보람동 골목형상점가,골목형상점가,세종특별자치시,,,
c542158dbda08160caee,full_annotation_v1,A,q_안경_04,안경원,건강·의료 중 '안경'을 판매·제공하는 매장,val,안경,T2 동의어,4be42d5a-dfc1-459c-837a-e30339af243b,다연 정식,한정식,고서 골목형상점가,골목형상점가,전라남도,,,
d21a91c362348d74f827,full_annotation_v1,A,q_안경_04,안경원,건강·의료 중 '안경'을 판매·제공하는 매장,val,안경,T2 동의어,00efb47a-2e95-43a9-af76-8d8cd91d8c94,지니스안경세종새롬110호점,안경테 및 안경렌즈,새롬동 골목형상점가,골목형상점가,세종특별자치시,,,
a27507e8a94a0835aba8,full_annotation_v1,A,q_안경_04,안경원,건강·의료 중 '안경'을 판매·제공하는 매장,val,안경,T2 동의어,75d30ec6-6a28-4358-999e-fdef461f43c8,밝은세상 안경원,안경,운암북문대로 골목형상점가,골목형상점가,광주광역시,,,
2b9ac8367a9880a8509a,full_annotation_v1,A,q_안경_04,안경원,건강·의료 중 '안경'을 판매·제공하는 매장,val,안경,T2 동의어,00c9a212-c673-4e9c-a890-7e39a3da51b6,파룩스안경원,안경,샘머리 골목형상점가,골목형상점가,대전광역시,,,
f501f555d5f904b5bc7e,full_annotation_v1,A,q_안경_04,안경원,건강·의료 중 '안경'을 판매·제공하는 매장,val,안경,T2 동의어,1ac0de0c-739b-4a5e-8e13-a2245a0a8264,아이디어 안경원,,남악중앙 골목형상점가,골목형상점가,,,,
705e7fa270f72e819e7e,full_annotation_v1,A,q_안경_04,안경원,건강·의료 중 '안경'을 판매·제공하는 매장,val,안경,T2 동의어,d2d426d1-2192-4bc0-933d-6e26ca81c0ed,아이즈(EYES) 안경원,,장미꽃빛거리 골목형상점가,골목형상점가,서울특별시,,,
15e56cb38558e0d21a2c,full_annotation_v1,A,q_안경_04,안경원,건강·의료 중 '안경'을 판매·제공하는 매장,val,안경,T2 동의어,36dcf576-d7c2-4463-908e-ad04147af1e9,으뜸50안경 천안탕정역점,안경원,"지웰시티몰 1,2단지 골목형상점가",골목형상점가,충청남도,,,
e0820ecdb65307577529,full_annotation_v1,A,q_안경_04,안경원,건강·의료 중 '안경'을 판매·제공하는 매장,val,안경,T2 동의어,dd781f86-550a-4f22-81f9-a6e54993a3b9,담양갈비전문점초벌고서본점,갈비,고서 골목형상점가,골목형상점가,전라남도,,,
22d728891defebc89bc3,full_annotation_v1,A,q_안경_04,안경원,건강·의료 중 '안경'을 판매·제공하는 매장,val,안경,T2 동의어,fb6a6dad-e5c8-4062-9d2c-b87a7d1a0a31,곱분이곱창,음식,응암오거리상점가,자율상권구역,서울특별시,,,
1358f3bf88ded009916a,full_annotation_v1,A,q_안경_04,안경원,건강·의료 중 '안경'을 판매·제공하는 매장,val,안경,T2 동의어,a1231f87-fc4e-4777-8401-39cff179569c,아이앤조이 안경원,안경,고덕골목형상점가,골목형상점가,서울특별시,,,
1083a8d60dabb0dec6f8,full_annotation_v1,A,q_안경_04,안경원,건강·의료 중 '안경'을 판매·제공하는 매장,val,안경,T2 동의어,0876adf7-dbbf-48ee-a02c-9511f7f5c220,신세계안경운암점,안경원,경신사거리 골목형상점가,골목형상점가,광주광역시,,,
75127004cfa0c86b3e28,full_annotation_v1,A,q_안경_04,안경원,건강·의료 중 '안경'을 판매·제공하는 매장,val,안경,T2 동의어,26619c3e-c75f-4e35-bda8-46b4ae8b5ef7,이현안경원,안경,남서상점가,자율상권구역,경상북도,,,
c359fdabe51ddf313eec,full_annotation_v1,A,q_안경_04,안경원,건강·의료 중 '안경'을 판매·제공하는 매장,val,안경,T2 동의어,c23b2436-b458-48d2-8c1b-a5b472bedc31,아이사랑 안경원,안경,평화시장 닭똥집명물거리 골목형상점가,골목형상점가,대구광역시,,,
2119f6b17b3931d5d75f,full_annotation_v1,A,q_안경_04,안경원,건강·의료 중 '안경'을 판매·제공하는 매장,val,안경,T2 동의어,6bdab676-47a7-42d0-8967-8c67ffef9a76,아이그라운드 안경원,안경및렌즈,송도랜드마크시티 센트럴더샵 골목형상점가,골목형상점가,인천광역시,,,
47606e5f3d23f703fad1,full_annotation_v1,A,q_안경_04,안경원,건강·의료 중 '안경'을 판매·제공하는 매장,val,안경,T2 동의어,bd5c7297-c410-456c-8399-627de640749e,일곡안경원,안경,"일곡동(제7지역:대림1,현대2,진로,대우,한일)",골목형상점가,광주광역시,,,
03478f8d023c5f7979d9,full_annotation_v1,A,q_안경_04,안경원,건강·의료 중 '안경'을 판매·제공하는 매장,val,안경,T2 동의어,65c3391e-f4a8-4379-9b87-e42833950400,푸른 안경원,안경선글라스렌즈,첨단하나로,골목형상점가,광주광역시,,,
cabf975782dd34f742f1,full_annotation_v1,A,q_안경_04,안경원,건강·의료 중 '안경'을 판매·제공하는 매장,val,안경,T2 동의어,010604a1-9bcd-4057-8360-47c77d14504a,굿모닝안경.콘택트,안경,서재소상공인연합회,골목형상점가,대구광역시,,,
e9b0b30f6eaa96423892,full_annotation_v1,A,q_안경_04,안경원,건강·의료 중 '안경'을 판매·제공하는 매장,val,안경,T2 동의어,48cf36f1-d641-4db4-8659-9083441951f7,기쁨주는 안경원,안경,송탄시장(송북시장),전통시장,경기도,,,
d53ced5102d1db48ab23,full_annotation_v1,A,q_안경_04,안경원,건강·의료 중 '안경'을 판매·제공하는 매장,val,안경,T2 동의어,2b8ad1ea-e1d8-4e3a-a0f5-a5aacaa97518,씨유 충북혁신골드타워점,"식음료, 공산품",맹동혁신골목형상점가,골목형상점가,충청북도,,,
24ffd55fa055f9f90a5d,full_annotation_v1,A,q_안경_04,안경원,건강·의료 중 '안경'을 판매·제공하는 매장,val,안경,T2 동의어,d262d958-329b-4f47-98ec-88185cad54b4,글래드아이 안경원,,라베니체 골목형상점가,골목형상점가,경기도,,,
a985380da226a07bcf8d,full_annotation_v1,A,q_안경_04,안경원,건강·의료 중 '안경'을 판매·제공하는 매장,val,안경,T2 동의어,d463b5b3-c77e-4be8-8d8a-b6c3f402e1d0,멕시카나무안점,치킨,무안전통시장,전통시장,전라남도,,,
5360806d96dcb69a88de,full_annotation_v1,A,q_안경_04,안경원,건강·의료 중 '안경'을 판매·제공하는 매장,val,안경,T2 동의어,cb0d9e74-927a-406a-a34b-c67bef31e89d,은성사,잡화,역전지하상가,일반지하상점가,대전광역시,,,
ce373b206e301e070b43,full_annotation_v1,A,q_안경_04,안경원,건강·의료 중 '안경'을 판매·제공하는 매장,val,안경,T2 동의어,41cc0830-d452-40fe-bc6c-8918eccc6003,다온 안경원,안경,호매실역중심상가 골목형상점가,골목형상점가,경기도,,,
e0719246a5ba488b8c20,full_annotation_v1,A,q_안경_04,안경원,건강·의료 중 '안경'을 판매·제공하는 매장,val,안경,T2 동의어,02822efb-f50a-45c4-8f4d-bfbba20a01e4,오렌즈충주점,"안경, 렌즈",성서중심시장(성서시장문화의거리 통합),전통시장,충청북도,,,
52d6e230c138e9aa169e,full_annotation_v1,A,q_안경_04,안경원,건강·의료 중 '안경'을 판매·제공하는 매장,val,안경,T2 동의어,c2468411-8fdf-409f-b1cc-426ff976f1d0,슈올즈여수점,신발,여수서시장주변시장,전통시장,전라남도,,,
b067f033740324bd907a,full_annotation_v1,A,q_안경_04,안경원,건강·의료 중 '안경'을 판매·제공하는 매장,val,안경,T2 동의어,41fe5b03-4f99-4dbc-bb46-0bd5a1e98341,세컨페이스 안경원,,진주 중앙상점가,자율상권구역,경상남도,,,
b129d0b9d15a98d1b798,full_annotation_v1,A,q_안경_04,안경원,건강·의료 중 '안경'을 판매·제공하는 매장,val,안경,T2 동의어,b1c4bf9c-500e-40e6-8eca-cbed44faa858,아이존 안경원,안경점,삼각동 골목형상점가,골목형상점가,광주광역시,,,
c45f5de2d0c5536382b5,full_annotation_v1,A,q_안경_04,안경원,건강·의료 중 '안경'을 판매·제공하는 매장,val,안경,T2 동의어,73106c71-4ad9-4700-88c5-e6bba520aba4,호진유통,"식품, 채소",야음상가시장,전통시장,울산광역시,,,
4f6cc1d8b12c2641392a,full_annotation_v1,A,q_안경_04,안경원,건강·의료 중 '안경'을 판매·제공하는 매장,val,안경,T2 동의어,2138b1d2-dab2-4a77-bc30-98b18af50394,안재희안경원,안경,정읍연지상점가,자율상권구역,전북특별자치도,,,
1953f755870a8ef27cba,full_annotation_v1,A,q_안경_04,안경원,건강·의료 중 '안경'을 판매·제공하는 매장,val,안경,T2 동의어,c15243da-afcf-4fdb-9cad-c208bcca145e,아이샵안경원,안경,서석초 인근 골목형상점가,골목형상점가,광주광역시,,,
1cfcd93705bff661759b,full_annotation_v1,A,q_안경_04,안경원,건강·의료 중 '안경'을 판매·제공하는 매장,val,안경,T2 동의어,0cd9c454-4a40-48fb-a419-2002deb15184,아이리본 안경원,,라베니체 골목형상점가,골목형상점가,경기도,,,
f838709ac828005b6219,full_annotation_v1,A,q_안경_04,안경원,건강·의료 중 '안경'을 판매·제공하는 매장,val,안경,T2 동의어,1965be11-0923-408a-83df-3a1a999e4ca6,천안서울안과 신불당점의원,안과,시청앞 골목형상점가,골목형상점가,충청남도,,,
30342f41735f0e839b14,full_annotation_v1,A,q_안경_04,안경원,건강·의료 중 '안경'을 판매·제공하는 매장,val,안경,T2 동의어,ab9eca96-c461-405b-879c-3f3dad15723d,밝은세상안경원,안경원,의령전통시장,전통시장,경상남도,,,
e921bcb9c060addff995,full_annotation_v1,A,q_안경_04,안경원,건강·의료 중 '안경'을 판매·제공하는 매장,val,안경,T2 동의어,b626a08f-7d77-4a38-a52c-1c3f5f2c1f3a,일공공일 안경원,안경 콘택트렌즈,봉산동 골목형상점가,골목형상점가,대전광역시,,,
d3606d58901270fef85c,full_annotation_v1,A,q_안경_04,안경원,건강·의료 중 '안경'을 판매·제공하는 매장,val,안경,T2 동의어,003ea83c-ef37-4c55-ae9b-a59c93d1201f,K비젼안경 효천점,안경 및 콘택트렌즈,효천로 골목형상점가,골목형상점가,광주광역시,,,
84194c7914988c503e01,full_annotation_v1,A,q_안경_04,안경원,건강·의료 중 '안경'을 판매·제공하는 매장,val,안경,T2 동의어,28b59fcd-b361-403e-9fa7-cf13da7de0ca,파르베 안경원,안경 콘택트렌즈,성남중앙지하시장,일반지하상점가,경기도,,,
e4d18a1c62a6996e7238,full_annotation_v1,A,q_안경_04,안경원,건강·의료 중 '안경'을 판매·제공하는 매장,val,안경,T2 동의어,672ccfd2-9a82-47b8-b32a-33e87ab69ef8,플라노(PLANO)안경원,안경원,수원아이파크시티8단지상가 골목형상점가,골목형상점가,경기도,,,
c9538441b260ddf4fb2c,full_annotation_v1,A,q_안경_04,안경원,건강·의료 중 '안경'을 판매·제공하는 매장,val,안경,T2 동의어,47530283-27ae-42eb-b62f-89b1570ef167,국시랑 꼬마김밥,,삼호동상가 골목형상점가,골목형상점가,울산광역시,,,
8f9c9ee7e159505096f3,full_annotation_v1,A,q_안경_04,안경원,건강·의료 중 '안경'을 판매·제공하는 매장,val,안경,T2 동의어,1871389d-e1e7-4d18-80da-2a78cdc0525a,고운빛안과,"안과, 건강기능식품",우산 동문로 골목형상점가,골목형상점가,광주광역시,,,
3af9b215a2a6f04f719a,full_annotation_v1,A,q_안경_04,안경원,건강·의료 중 '안경'을 판매·제공하는 매장,val,안경,T2 동의어,273eb3f7-4255-4aed-a1f2-851e87478c80,삐리 안경원,,1939음악역 골목형상점가,골목형상점가,경기도,,,
af304f49d720984eb7a0,full_annotation_v1,A,q_안경_04,안경원,건강·의료 중 '안경'을 판매·제공하는 매장,val,안경,T2 동의어,9ba8dcd4-2105-4666-ac9d-9c426f348204,더안경원,안경,송촌시장,전통시장,대전광역시,,,
ed973e5cde7c987ea407,full_annotation_v1,A,q_안경_04,안경원,건강·의료 중 '안경'을 판매·제공하는 매장,val,안경,T2 동의어,a3edf8a4-c127-4fb3-a294-fd91505b66e0,아이엔아이 안경원,,동래만세거리 골목형상점가,골목형상점가,부산광역시,,,
b3317e15e119f2e5127a,full_annotation_v1,A,q_안경_04,안경원,건강·의료 중 '안경'을 판매·제공하는 매장,val,안경,T2 동의어,d15df3f4-20c1-4402-9366-731e4a4f82bc,안경나라,"안경원, 보청기",진성 골목형상점가,골목형상점가,전북특별자치도,,,
8129e829c9e21a804291,full_annotation_v1,A,q_안경_04,안경원,건강·의료 중 '안경'을 판매·제공하는 매장,val,안경,T2 동의어,20cfaed1-9c2f-4ba0-80cd-5da7a0ad941c,브람스 안경원,안경,안양1번가 상점가,자율상권구역,경기도,,,
9a2af0db48902f35a2c4,full_annotation_v1,A,q_안경_04,안경원,건강·의료 중 '안경'을 판매·제공하는 매장,val,안경,T2 동의어,4cba8b13-3801-4ba2-8e6c-8c6c07db693d,글라스팩토리,안경원,경주중심상가,전통시장,경상북도,,,
0df855edfa6c6c204c29,full_annotation_v1,A,q_안경_04,안경원,건강·의료 중 '안경'을 판매·제공하는 매장,val,안경,T2 동의어,e860db76-fc52-47f1-b3f9-0cc4968924ae,E-월드 안경원,안경,외도3 골목형상점가,골목형상점가,제주특별자치도,,,
61cffa29b3a1fa2e493b,full_annotation_v1,A,q_안경_04,안경원,건강·의료 중 '안경'을 판매·제공하는 매장,val,안경,T2 동의어,5a63dd06-42f2-49c2-8874-42a6cc2be82d,굿안경원,안경,별내별가람역상점가,골목형상점가,경기도,,,
cf3174c3a566a1778f64,full_annotation_v1,A,q_안경_04,안경원,건강·의료 중 '안경'을 판매·제공하는 매장,val,안경,T2 동의어,dc8b6e53-ecca-466f-8718-e37324788fda,아이필안경원,안경,풍향골 골목형상점가,골목형상점가,광주광역시,,,
d29db27b779760182fe5,full_annotation_v1,A,q_안경_04,안경원,건강·의료 중 '안경'을 판매·제공하는 매장,val,안경,T2 동의어,ff92d595-2db0-484f-ae4d-204582988502,니콘안경원,안경,목포원도심상점가,자율상권구역,,,,
54a8c49d34411587e590,full_annotation_v1,A,q_안경_04,안경원,건강·의료 중 '안경'을 판매·제공하는 매장,val,안경,T2 동의어,a8efc69a-732b-4f22-880e-f67da8cb694a,뉴롯데안경원,안경,쌍용1번가 골목형상점가,골목형상점가,충청남도,,,
9f429ef2b50a85af84c2,full_annotation_v1,A,q_안경_04,안경원,건강·의료 중 '안경'을 판매·제공하는 매장,val,안경,T2 동의어,e840e695-f360-4ca8-861d-82d2a3c6f93d,세이 안경원,안경 등,궁동 골목형상점가,골목형상점가,대전광역시,,,
66e3ba1e38d4afe284fb,full_annotation_v1,A,q_안경_04,안경원,건강·의료 중 '안경'을 판매·제공하는 매장,val,안경,T2 동의어,973095e1-2f61-419a-9a87-c7b56b6cddd0,자유민속떡집,떡,사천 삼천포중앙시장,전통시장,경상남도,,,
a127670a34ddaa12a2cb,full_annotation_v1,A,q_안경_04,안경원,건강·의료 중 '안경'을 판매·제공하는 매장,val,안경,T2 동의어,0031a77b-4f01-4757-a2e9-7eb65ae09ab0,글라스위드렌즈안경 울산대점,,울산대바보사거리 골목형상점가,골목형상점가,울산광역시,,,
62722e156b8ed207a27f,full_annotation_v1,A,q_안경_04,안경원,건강·의료 중 '안경'을 판매·제공하는 매장,val,안경,T2 동의어,106c3d09-2932-41ae-8043-0adc66566c00,해맑은EYE안경원,안경원,봉리단길골목형상점가,골목형상점가,서울특별시,,,
27e1e30d407f0473da2f,full_annotation_v1,A,q_안경_04,안경원,건강·의료 중 '안경'을 판매·제공하는 매장,val,안경,T2 동의어,3b6f11ff-5066-4186-83df-ecee61abaa26,지니스 안경원,안경,두암지구입구 골목형상점가,골목형상점가,광주광역시,,,
662c6ce3300f4a2a2e6b,full_annotation_v1,A,q_안경_04,안경원,건강·의료 중 '안경'을 판매·제공하는 매장,val,안경,T2 동의어,7d8df9ff-4684-466f-9522-4ec1a70623bd,아이원 안경원,안경,경주중심상가,전통시장,경상북도,,,
b536ea4fd45a1537616c,full_annotation_v1,A,q_안경_04,안경원,건강·의료 중 '안경'을 판매·제공하는 매장,val,안경,T2 동의어,0c5d0d59-39d9-4cbf-beb0-11c32fc711c0,렌즈하우스 안경원,콘택트렌즈,서면1번가 자율상권구역,,부산광역시,,,
9410cf4c25d66909327b,full_annotation_v1,A,q_안경_04,안경원,건강·의료 중 '안경'을 판매·제공하는 매장,val,안경,T2 동의어,512f40d9-5ddf-4ea5-b446-e6de9f7541cc,이촌시장 안경원,,이촌종합시장,전통시장,서울특별시,,,
b78cbd4abeab9dfd0d4c,full_annotation_v1,A,q_안경_04,안경원,건강·의료 중 '안경'을 판매·제공하는 매장,val,안경,T2 동의어,1b33f8bf-fd33-4cf8-99e1-351da1b30271,진천토종순대,순대국밥,하복대시장(구 하복대종합시장),전통시장,충청북도,,,
4cb97e551069307eaa8b,full_annotation_v1,A,q_안경_04,안경원,건강·의료 중 '안경'을 판매·제공하는 매장,val,안경,T2 동의어,0266bd67-c211-4ab4-bb83-af329b2ce979,공덕나인안경,안경콘택트렌즈,도화동상점가,자율상권구역,서울특별시,,,
1d3fa3b68b2fba252f85,full_annotation_v1,A,q_안경_04,안경원,건강·의료 중 '안경'을 판매·제공하는 매장,val,안경,T2 동의어,0022ba93-553d-4d81-934b-054dfcb8309e,행복한안경,안경,태화시장,전통시장,울산광역시,,,
fa84d4ca38c7b9a2bcb0,full_annotation_v1,A,q_안경_04,안경원,건강·의료 중 '안경'을 판매·제공하는 매장,val,안경,T2 동의어,0e170be8-4e2c-4008-adbc-7539572b5fc6,성모안과의원,안과,선부광장로상점가,자율상권구역,경기도,,,
a124fecfc19817aef48b,full_annotation_v1,A,q_안경_04,안경원,건강·의료 중 '안경'을 판매·제공하는 매장,val,안경,T2 동의어,a6af086d-01d4-477c-8af2-a8edb262b589,콩,,삼호동상가 골목형상점가,골목형상점가,울산광역시,,,
c94bcc05e9328ee21163,full_annotation_v1,A,q_안경_04,안경원,건강·의료 중 '안경'을 판매·제공하는 매장,val,안경,T2 동의어,01bcb519-0fa6-438a-927f-cf3d578789e8,아이라이크안경by씨채널,안경,진천혁신골목형상점가,골목형상점가,충청북도,,,
6e76449fc07a13108080,full_annotation_v1,A,q_안경_04,안경원,건강·의료 중 '안경'을 판매·제공하는 매장,val,안경,T2 동의어,00112248-81bc-4fca-ac3c-f6d684bcf294,데일리뷰 안경원,,성성1번가 골목형상점가,골목형상점가,충청남도,,,
d6555e0d6a1169b25bac,full_annotation_v1,A,q_안경_04,안경원,건강·의료 중 '안경'을 판매·제공하는 매장,val,안경,T2 동의어,504578a0-accf-4465-945f-0ed87ae388f4,가람안경원,안경,화성남양시장,전통시장,경기도,,,
d30cb4164d744b5a533f,full_annotation_v1,A,q_안경_04,안경원,건강·의료 중 '안경'을 판매·제공하는 매장,val,안경,T2 동의어,62a5d55c-6254-474e-b350-19219dfaa532,밝은세상안경원,안경원,진해 군항상권활성화구역,상권활성화구역,경상남도,,,
7cbd444935bc40e2f604,full_annotation_v1,A,q_안경_04,안경원,건강·의료 중 '안경'을 판매·제공하는 매장,val,안경,T2 동의어,0bbfdd25-ace6-4254-b8ac-7b55eec0f177,신월안경원,안경,신곡시장 골목형상점가,골목형상점가,서울특별시,,,
87c81b9ceb30be44bc90,full_annotation_v1,A,q_안경_04,안경원,건강·의료 중 '안경'을 판매·제공하는 매장,val,안경,T2 동의어,e2983672-6845-4d7c-8fad-84c12e1d1922,레이 안경원,"안경, 콘택트렌즈",새롬동 골목형상점가,골목형상점가,세종특별자치시,,,
3077b6fd302ddc8bc053,full_annotation_v1,A,q_안경_04,안경원,건강·의료 중 '안경'을 판매·제공하는 매장,val,안경,T2 동의어,1c84dc95-b95c-4b94-843f-1103c33562f0,고려안경원,안경,강화버스터미널시장,전통시장,인천광역시,,,
afa67f882599c707631b,full_annotation_v1,A,q_안경_04,안경원,건강·의료 중 '안경'을 판매·제공하는 매장,val,안경,T2 동의어,81d7683e-74d8-433e-b03a-39e8d05a2b1f,이앤김 하이안경,안경원,양지중앙 골목형상점가,골목형상점가,경기도,,,
9375d6afd65512850dfd,full_annotation_v1,A,q_안경_04,안경원,건강·의료 중 '안경'을 판매·제공하는 매장,val,안경,T2 동의어,b088810f-3207-439d-962a-88405333a098,밝고맑은 안경원,안경,포일중앙 골목형상점가,골목형상점가,경기도,,,
3083c7b8cf96af7823fc,full_annotation_v1,A,q_안경_04,안경원,건강·의료 중 '안경'을 판매·제공하는 매장,val,안경,T2 동의어,42a06ec0-8a67-4696-b036-e755f2f314d4,미담,미용업,목련 골목형상점가,골목형상점가,광주광역시,,,
d0046bb76e640cfc2fef,full_annotation_v1,A,q_안경_05,콘택트렌즈,건강·의료 중 '안경'을 판매·제공하는 매장,val,안경,T2 동의어,e1eeb609-33d3-4d72-8bd6-6f64250dbb3e,밝은세상안경원,안경 콘택트렌즈,우치서하로 골목형상점가,골목형상점가,광주광역시,,,
54c17624be2ec5e8152e,full_annotation_v1,A,q_안경_05,콘택트렌즈,건강·의료 중 '안경'을 판매·제공하는 매장,val,안경,T2 동의어,6528a332-7524-4974-8bff-4dfeae9e594b,아이유안경콘택트,안경 콘택트렌즈,화삼골상인회 골목형상점가,골목형상점가,광주광역시,,,
d4bc48dc06abc1da4053,full_annotation_v1,A,q_안경_05,콘택트렌즈,건강·의료 중 '안경'을 판매·제공하는 매장,val,안경,T2 동의어,de8254ba-bce2-4618-aadd-2ad897477170,오렌즈 광주상무점,콘택트렌즈,치평동중흥상가상인회 골목형상점가,골목형상점가,광주광역시,,,
b185cea7c7377b77fc82,full_annotation_v1,A,q_안경_05,콘택트렌즈,건강·의료 중 '안경'을 판매·제공하는 매장,val,안경,T2 동의어,1555bbc2-c392-400e-a7cc-2c18be99b84e,구내안경원,"안경, 콘택트렌즈",대명5동아우름길 골목형상점가,골목형상점가,대구광역시,,,
3723b6610a2b91730233,full_annotation_v1,A,q_안경_05,콘택트렌즈,건강·의료 중 '안경'을 판매·제공하는 매장,val,안경,T2 동의어,42899e86-e12f-46cc-9531-7f916f68e757,으뜸50안경용인동백점,안경 콘택트렌즈,동백중심상가 골목형상점가,골목형상점가,경기도,,,
a99eac34d2737148fa28,full_annotation_v1,A,q_안경_05,콘택트렌즈,건강·의료 중 '안경'을 판매·제공하는 매장,val,안경,T2 동의어,dc11d34a-8d05-4af3-8d16-169e8c5ecccb,이노티안경,안경 콘택트렌즈,계수마을상인회 골목형상점가,골목형상점가,광주광역시,,,
0066127eb6f34d0c5ab6,full_annotation_v1,A,q_안경_05,콘택트렌즈,건강·의료 중 '안경'을 판매·제공하는 매장,val,안경,T2 동의어,df0a14b4-ed69-434a-9714-666cd0b045ec,렌즈미,"안경, 콘택트렌즈",전남대후문골목형상점가,골목형상점가,광주광역시,,,
95baa617e68bba289be4,full_annotation_v1,A,q_안경_05,콘택트렌즈,건강·의료 중 '안경'을 판매·제공하는 매장,val,안경,T2 동의어,7885e14b-4018-4731-a912-891d65fa3fab,성모안경원,안경 및 콘택트렌즈,쌍문시장(쌍문역골목시장),전통시장,서울특별시,,,
917fd6c2384d517d034e,full_annotation_v1,A,q_안경_05,콘택트렌즈,건강·의료 중 '안경'을 판매·제공하는 매장,val,안경,T2 동의어,0e170be8-4e2c-4008-adbc-7539572b5fc6,성모안과의원,안과,선부광장로상점가,자율상권구역,경기도,,,
c67ab58736909052a175,full_annotation_v1,A,q_안경_05,콘택트렌즈,건강·의료 중 '안경'을 판매·제공하는 매장,val,안경,T2 동의어,ab6efd27-4a47-4ff2-814a-f3e3b80dfdb2,오렌즈,콘택트렌즈,일곡동 골목형상점가,골목형상점가,광주광역시,,,
44f7ce255e247b514bd8,full_annotation_v1,A,q_안경_05,콘택트렌즈,건강·의료 중 '안경'을 판매·제공하는 매장,val,안경,T2 동의어,6f464dc0-8e05-4805-8d72-fc6e52462d02,렌즈 미,콘택트렌즈,진주 로데오거리상점가,자율상권구역,경상남도,,,
97d484eb195a839a3cc8,full_annotation_v1,A,q_안경_05,콘택트렌즈,건강·의료 중 '안경'을 판매·제공하는 매장,val,안경,T2 동의어,c6023e97-d979-4ef6-8d10-4d4b0c44ff20,나눔상회,농산물,새마을시장,전통시장,서울특별시,,,
324d5f80586c5369a605,full_annotation_v1,A,q_안경_05,콘택트렌즈,건강·의료 중 '안경'을 판매·제공하는 매장,val,안경,T2 동의어,3c5d2619-9ed7-4105-9165-298e261576d9,서독안경,안경 콘택트렌즈,용인중앙시장,전통시장,경기도,,,
d7d1232b1b1ca5bf267d,full_annotation_v1,A,q_안경_05,콘택트렌즈,건강·의료 중 '안경'을 판매·제공하는 매장,val,안경,T2 동의어,eda50453-7c51-485a-8650-84398f6d92fb,이노티안경렌즈미금호점,안경 콘택트렌즈,금호상인회 골목형상점가,골목형상점가,광주광역시,,,
52ae29b4c4d1c2eda71c,full_annotation_v1,A,q_안경_05,콘택트렌즈,건강·의료 중 '안경'을 판매·제공하는 매장,val,안경,T2 동의어,c1adb617-05b5-4188-a2d0-b3a318dba438,오렌즈 상동점,콘택트렌즈,상동역 골목형상점가,골목형상점가,경기도,,,
8400d2cb0aefe2feee3e,full_annotation_v1,A,q_안경_05,콘택트렌즈,건강·의료 중 '안경'을 판매·제공하는 매장,val,안경,T2 동의어,78373953-20ce-42ce-ba6a-7caa975fcf11,도매당안경,안경 및 콘택트렌즈,팔달문시장,전통시장,경기도,,,
274de9edd296a82cd517,full_annotation_v1,A,q_안경_05,콘택트렌즈,건강·의료 중 '안경'을 판매·제공하는 매장,val,안경,T2 동의어,316f912b-7ec5-4ff0-af7a-ef03a4a50996,오렌즈 가로수길점,콘택트렌즈,신사세로수길골목형상점가,골목형상점가,서울특별시,,,
6b6de4249fc154107084,full_annotation_v1,A,q_안경_05,콘택트렌즈,건강·의료 중 '안경'을 판매·제공하는 매장,val,안경,T2 동의어,0e401ba9-53d7-4795-a64d-e77a3b59a0b4,안경매니저,"안경, 콘택트렌즈",군산수송 골목형상점가,골목형상점가,전북특별자치도,,,
a6327c2e86949730d118,full_annotation_v1,A,q_안경_05,콘택트렌즈,건강·의료 중 '안경'을 판매·제공하는 매장,val,안경,T2 동의어,43714f61-97d9-4b6c-9a2e-469aba8457d2,아이존,"안경, 콘택트렌즈",순천연향패션상가,자율상권구역,전라남도,,,
a92bcfe3ffa00bc99885,full_annotation_v1,A,q_안경_05,콘택트렌즈,건강·의료 중 '안경'을 판매·제공하는 매장,val,안경,T2 동의어,dc157752-2c35-409a-93a1-3586cfd531a4,나렌즈(중앙로점),콘택트렌즈,대현프리몰 대구점,일반지하상점가,대구광역시,,,
ff38a24eb5e77f1ef234,full_annotation_v1,A,q_안경_05,콘택트렌즈,건강·의료 중 '안경'을 판매·제공하는 매장,val,안경,T2 동의어,f6b521d2-86ab-46aa-b2b2-8b05ca5850ca,오렌즈 비젼센터 부평,콘택트렌즈,부평 문화의거리,전통시장,인천광역시,,,
adf9e97b14ca642334a0,full_annotation_v1,A,q_안경_05,콘택트렌즈,건강·의료 중 '안경'을 판매·제공하는 매장,val,안경,T2 동의어,011e75cb-eb08-4161-9b41-65e8d204464c,이지안경,안경및콘택트렌즈,BOCA 보카상점가,골목형상점가,경기도,,,
f6074d0162092b3f2be8,full_annotation_v1,A,q_안경_05,콘택트렌즈,건강·의료 중 '안경'을 판매·제공하는 매장,val,안경,T2 동의어,bfc7e006-06cf-413a-b422-bc1da5bc5ed4,밝은안경콘택트,안경 콘택트렌즈,능동상가,자율상권구역,경기도,,,
39298e0bf5a8853282f5,full_annotation_v1,A,q_안경_05,콘택트렌즈,건강·의료 중 '안경'을 판매·제공하는 매장,val,안경,T2 동의어,c1158fe6-2322-4fbf-bbb1-a43f2110513d,오렌즈 신흥역점,콘택트렌즈,산성로 상권활성화구역,상권활성화구역,경기도,,,
0bf0a795968656345fa8,full_annotation_v1,A,q_안경_05,콘택트렌즈,건강·의료 중 '안경'을 판매·제공하는 매장,val,안경,T2 동의어,6f36a479-82f0-4d7a-bb4d-56ce77ddab81,보노안경,안경 콘택트렌즈,본오로 골목형상점가,골목형상점가,경기도,,,
59c0bae3a69d87c4ffc5,full_annotation_v1,A,q_안경_05,콘택트렌즈,건강·의료 중 '안경'을 판매·제공하는 매장,val,안경,T2 동의어,573d7872-e154-40cc-90f5-8cea86001616,렌즈미 범계,콘택트렌즈,평촌1번가 상점가,자율상권구역,경기도,,,
3a9c8e494f3fe9b8e6aa,full_annotation_v1,A,q_안경_05,콘택트렌즈,건강·의료 중 '안경'을 판매·제공하는 매장,val,안경,T2 동의어,94d76f0e-053f-4ebe-af0b-7f16091a8808,대전 둔산렌즈미,콘택트렌즈,둔산2동 골목형상점가,골목형상점가,대전광역시,,,
ed1c4eea7980bc6940d3,full_annotation_v1,A,q_안경_05,콘택트렌즈,건강·의료 중 '안경'을 판매·제공하는 매장,val,안경,T2 동의어,00efb47a-2e95-43a9-af76-8d8cd91d8c94,지니스안경세종새롬110호점,안경테 및 안경렌즈,새롬동 골목형상점가,골목형상점가,세종특별자치시,,,
8412333151de7732b646,full_annotation_v1,A,q_안경_05,콘택트렌즈,건강·의료 중 '안경'을 판매·제공하는 매장,val,안경,T2 동의어,ac6b0cda-c161-4c87-b551-8dc02a275988,미라클안경,안경 및 콘택트렌즈,송강동 골목형상점가,골목형상점가,대전광역시,,,
8123bd4dcbf1810cfbea,full_annotation_v1,A,q_안경_05,콘택트렌즈,건강·의료 중 '안경'을 판매·제공하는 매장,val,안경,T2 동의어,662e7179-6b22-4908-bea9-5f70f07d0e5a,오렌즈,콘택트렌즈,운암북문대로 골목형상점가,골목형상점가,광주광역시,,,
a966701faa120e37f882,full_annotation_v1,A,q_안경_05,콘택트렌즈,건강·의료 중 '안경'을 판매·제공하는 매장,val,안경,T2 동의어,f2c81a05-dd34-46f5-8028-c82da1129e67,유림떡집,떡,옥골시장,전통시장,울산광역시,,,
a9ecf44a0c63898e4861,full_annotation_v1,A,q_안경_05,콘택트렌즈,건강·의료 중 '안경'을 판매·제공하는 매장,val,안경,T2 동의어,11fadfb8-e315-4953-9e74-a72070739b02,안경박사전대점,안경 콘택트렌즈,신안미래로 골목형상점가,골목형상점가,광주광역시,,,
a079a36b864dd9140e8e,full_annotation_v1,A,q_안경_05,콘택트렌즈,건강·의료 중 '안경'을 판매·제공하는 매장,val,안경,T2 동의어,aea810db-6e12-4dc5-bbba-2ec1893f8014,안경나라송천점,안경 콘택트렌즈,송천행복로 골목형상점가,골목형상점가,전북특별자치도,,,
faed945117b3a3f09c80,full_annotation_v1,A,q_안경_05,콘택트렌즈,건강·의료 중 '안경'을 판매·제공하는 매장,val,안경,T2 동의어,59e4b123-35a3-41e6-a992-ae0c119d8f53,안경사랑,안경및 콘택트렌즈,정림동 골목형상점가,골목형상점가,대전광역시,,,
4ae7f0d0114e48c08869,full_annotation_v1,A,q_안경_05,콘택트렌즈,건강·의료 중 '안경'을 판매·제공하는 매장,val,안경,T2 동의어,36c32c43-ccbe-49d1-a788-6fa8a996bc6b,바른안경,안경 콘택트렌즈,첨단동행 골목형상점가,골목형상점가,광주광역시,,,
2c42a5d8866dd9ef63f7,full_annotation_v1,A,q_안경_05,콘택트렌즈,건강·의료 중 '안경'을 판매·제공하는 매장,val,안경,T2 동의어,0028e2be-f83a-47fd-83a9-f76bfb8df49a,청당안경렌즈미청당점,,청당4번가 골목형상점가,골목형상점가,충청남도,,,
95ff5a5ca8ec53d5a4c0,full_annotation_v1,A,q_안경_05,콘택트렌즈,건강·의료 중 '안경'을 판매·제공하는 매장,val,안경,T2 동의어,cc16d1e9-8d6f-4696-b37f-2d91f59897fa,오렌즈 서면지하상가1호점,콘택트렌즈,서면지하도상가 서면몰(대현프리몰),일반지하상점가,부산광역시,,,
90cc159a1ca313a163c4,full_annotation_v1,A,q_안경_05,콘택트렌즈,건강·의료 중 '안경'을 판매·제공하는 매장,val,안경,T2 동의어,1871389d-e1e7-4d18-80da-2a78cdc0525a,고운빛안과,"안과, 건강기능식품",우산 동문로 골목형상점가,골목형상점가,광주광역시,,,
eb619b3b77f126512563,full_annotation_v1,A,q_안경_05,콘택트렌즈,건강·의료 중 '안경'을 판매·제공하는 매장,val,안경,T2 동의어,40de42a8-ca3a-4a0a-a68f-45629da5ce5c,엘리트안경원,안경 콘택트렌즈,함평천지 골목형상점가,골목형상점가,전라남도,,,
5e44e16541b5349b1b38,full_annotation_v1,A,q_안경_05,콘택트렌즈,건강·의료 중 '안경'을 판매·제공하는 매장,val,안경,T2 동의어,003ea83c-ef37-4c55-ae9b-a59c93d1201f,K비젼안경 효천점,안경 및 콘택트렌즈,효천로 골목형상점가,골목형상점가,광주광역시,,,
12416651f476ff0a6115,full_annotation_v1,A,q_안경_05,콘택트렌즈,건강·의료 중 '안경'을 판매·제공하는 매장,val,안경,T2 동의어,6ac5ed7f-0a9c-47e9-9707-4355897588d8,오렌즈속초점,안경 콘택트렌즈,설악로데오거리상점가,자율상권구역,강원특별자치도,,,
84007d452a67d5e807b8,full_annotation_v1,A,q_안경_05,콘택트렌즈,건강·의료 중 '안경'을 판매·제공하는 매장,val,안경,T2 동의어,da781a73-d476-426f-ac79-a3913039e41a,군위상회,채소,칠성시장,전통시장,대구광역시,,,
962b017c08118839709c,full_annotation_v1,A,q_안경_05,콘택트렌즈,건강·의료 중 '안경'을 판매·제공하는 매장,val,안경,T2 동의어,0184ed05-765c-4947-bbf8-dff527177252,안경을 찾는 사람들,안경,발안만세시장(구 발안시장),전통시장,경기도,,,
4bb345e0a88a8773963a,full_annotation_v1,A,q_안경_05,콘택트렌즈,건강·의료 중 '안경'을 판매·제공하는 매장,val,안경,T2 동의어,a4cf9c9a-5d6c-4ae7-b14b-e56e07877ded,안경마트,안경 콘택트렌즈,의왕예술의거리골목형상점가,골목형상점가,경기도,,,
2705333a7669506cd9f3,full_annotation_v1,A,q_안경_05,콘택트렌즈,건강·의료 중 '안경'을 판매·제공하는 매장,val,안경,T2 동의어,2300d1e7-2542-4faf-8bd7-97b2175da530,타조안경원,안경및 콘택트렌즈,다정중앙 골목형상점가,골목형상점가,세종특별자치시,,,
f293032ac1eb025834d6,full_annotation_v1,A,q_안경_05,콘택트렌즈,건강·의료 중 '안경'을 판매·제공하는 매장,val,안경,T2 동의어,da4a4421-3d09-4061-aca3-890ce6ae161a,활어장군 갈매,횟집,갈매리본거리 골목형상점가,골목형상점가,경기도,,,
ae9efca64dffcc3da7e7,full_annotation_v1,A,q_안경_05,콘택트렌즈,건강·의료 중 '안경'을 판매·제공하는 매장,val,안경,T2 동의어,5e3e25ec-8c42-463d-9411-25f1da54b9ce,윙크 범계점,콘택트렌즈,평촌1번가 상점가,자율상권구역,경기도,,,
c8db9274c50c931ef589,full_annotation_v1,A,q_안경_05,콘택트렌즈,건강·의료 중 '안경'을 판매·제공하는 매장,val,안경,T2 동의어,bcd342a1-d043-47dc-abc6-3f4e542e45df,안경매니져,안경 콘택트렌즈,의정부시 구도심 상권활성화구역,상권활성화구역,경기도,,,
dfc0bdb09d2dbfb22595,full_annotation_v1,A,q_안경_05,콘택트렌즈,건강·의료 중 '안경'을 판매·제공하는 매장,val,안경,T2 동의어,300cb427-dafe-4786-8424-922e87e8d538,피자스쿨이충점,피자,이충 중심상가,골목형상점가,경기도,,,
363083dd418e64855b92,full_annotation_v1,A,q_안경_05,콘택트렌즈,건강·의료 중 '안경'을 판매·제공하는 매장,val,안경,T2 동의어,9f221c9d-1bfc-484a-a2b4-967dcb728209,라온안경,안경 및 콘택트렌즈,이천중앙로상가,자율상권구역,경기도,,,
7149c1a64fef27a574ec,full_annotation_v1,A,q_안경_05,콘택트렌즈,건강·의료 중 '안경'을 판매·제공하는 매장,val,안경,T2 동의어,145640c1-2fdd-466c-9c19-450a2949daf6,렌즈미 천호점,콘택트렌즈,천호로데오거리상점가,자율상권구역,서울특별시,,,
d33b2e8c8679f1c766a2,full_annotation_v1,A,q_안경_05,콘택트렌즈,건강·의료 중 '안경'을 판매·제공하는 매장,val,안경,T2 동의어,01bcb519-0fa6-438a-927f-cf3d578789e8,아이라이크안경by씨채널,안경,진천혁신골목형상점가,골목형상점가,충청북도,,,
4729936576350d1b893b,full_annotation_v1,A,q_안경_05,콘택트렌즈,건강·의료 중 '안경'을 판매·제공하는 매장,val,안경,T2 동의어,00c9a212-c673-4e9c-a890-7e39a3da51b6,파룩스안경원,안경,샘머리 골목형상점가,골목형상점가,대전광역시,,,
9ae2158537ccdc533ced,full_annotation_v1,A,q_안경_05,콘택트렌즈,건강·의료 중 '안경'을 판매·제공하는 매장,val,안경,T2 동의어,1749d275-3dc5-427a-b680-5c853a65b661,정상기안과의원,안과,신세계앞상인회 골목형상점가,골목형상점가,광주광역시,,,
db7946485eaad506af3e,full_annotation_v1,A,q_안경_05,콘택트렌즈,건강·의료 중 '안경'을 판매·제공하는 매장,val,안경,T2 동의어,cafa4592-f157-42b8-89a1-c3c41940bb83,부산제과,제과제빵,청량리종합시장,전통시장,서울특별시,,,
0917b0f24221930e7cfc,full_annotation_v1,A,q_안경_05,콘택트렌즈,건강·의료 중 '안경'을 판매·제공하는 매장,val,안경,T2 동의어,94ee64b5-115e-46dc-b6f5-3ddb128c40f7,유니코안경원,안경 및 콘택트렌즈,백년소상공인,기타,제주특별자치도,,,
ce3844885b15314c86dc,full_annotation_v1,A,q_안경_05,콘택트렌즈,건강·의료 중 '안경'을 판매·제공하는 매장,val,안경,T2 동의어,09ddeda4-1d1e-4133-accf-1456ad72cc58,청년과일,과일,하남 골목형상점가,골목형상점가,광주광역시,,,
7712ca37b1ab7b1438b7,full_annotation_v1,A,q_안경_05,콘택트렌즈,건강·의료 중 '안경'을 판매·제공하는 매장,val,안경,T2 동의어,0d8d4cc2-c8b1-45d3-a03d-98a542c67b3c,오렌즈 성남점,콘택트렌즈,수정로 상권활성화구역,상권활성화구역,경기도,,,
8e917b17c4d9ccd02058,full_annotation_v1,A,q_안경_05,콘택트렌즈,건강·의료 중 '안경'을 판매·제공하는 매장,val,안경,T2 동의어,36d84648-26c2-4431-b29c-827f4f89721c,불란서안경원,안경외 콘택트렌즈,서천시장거리 골목형상점가,골목형상점가,충청남도,,,
747e8705dadecfc40226,full_annotation_v1,A,q_안경_05,콘택트렌즈,건강·의료 중 '안경'을 판매·제공하는 매장,val,안경,T2 동의어,d0c702df-f646-4160-9054-b56939962ff5,가온안경,안경 및 콘택트렌즈 소매업,동천동먹자골목1번가상인회 골목형상점가,골목형상점가,광주광역시,,,
edbf618a1e6c2596a46a,full_annotation_v1,A,q_안경_05,콘택트렌즈,건강·의료 중 '안경'을 판매·제공하는 매장,val,안경,T2 동의어,0031a77b-4f01-4757-a2e9-7eb65ae09ab0,글라스위드렌즈안경 울산대점,,울산대바보사거리 골목형상점가,골목형상점가,울산광역시,,,
dca87d79961d49e41381,full_annotation_v1,A,q_안경_05,콘택트렌즈,건강·의료 중 '안경'을 판매·제공하는 매장,val,안경,T2 동의어,1611f28e-8824-48a7-875a-6a4ee60a6369,안경마트,"안경, 콘택트렌즈",춘천지하상가,일반지하상점가,강원특별자치도,,,
6684e38ce21cf86691c9,full_annotation_v1,A,q_안경_05,콘택트렌즈,건강·의료 중 '안경'을 판매·제공하는 매장,val,안경,T2 동의어,a5582fc1-b36e-42a8-aed1-10fa73f69831,렌즈미주안점,콘택트렌즈,주안역지하도상점가,일반지하상점가,인천광역시,,,
cb2de31b6e563e576159,full_annotation_v1,A,q_안경_05,콘택트렌즈,건강·의료 중 '안경'을 판매·제공하는 매장,val,안경,T2 동의어,69b3534b-b9b0-4802-99d1-440677d38b85,이노티푸른마을점,안경및 콘택트렌즈,동림푸른 골목형상점가,골목형상점가,광주광역시,,,
1761c7acb21db031d7ad,full_annotation_v1,A,q_안경_05,콘택트렌즈,건강·의료 중 '안경'을 판매·제공하는 매장,val,안경,T2 동의어,c83eafb3-1a63-4e2c-a743-2b3e322e37f4,렌즈미구미원평점,콘택트렌즈,문화로 자율상권구역,,경상북도,,,
ad20461173662b2b3aa2,full_annotation_v1,A,q_안경_05,콘택트렌즈,건강·의료 중 '안경'을 판매·제공하는 매장,val,안경,T2 동의어,010604a1-9bcd-4057-8360-47c77d14504a,굿모닝안경.콘택트,안경,서재소상공인연합회,골목형상점가,대구광역시,,,
7b0aa83b618ee22d6d30,full_annotation_v1,A,q_안경_05,콘택트렌즈,건강·의료 중 '안경'을 판매·제공하는 매장,val,안경,T2 동의어,1d56f4a0-e43b-41a8-a0f8-39fa70226f53,다봄안과의원,안과,구성언남 골목형상점가,골목형상점가,경기도,,,
4f8e962e89106fb25d96,full_annotation_v1,A,q_안경_05,콘택트렌즈,건강·의료 중 '안경'을 판매·제공하는 매장,val,안경,T2 동의어,d15dfe7e-ab99-4d6b-ae57-e83fcd176b64,으뜸50안경수원망포점,안경 콘택트렌즈,태장사거리 골목형상점가,골목형상점가,경기도,,,
bc089325567262e48ee2,full_annotation_v1,A,q_안경_05,콘택트렌즈,건강·의료 중 '안경'을 판매·제공하는 매장,val,안경,T2 동의어,895492ee-1273-4f9e-acee-bb3a8e4ff67c,오렌즈 방배역점,콘택트렌즈,방배역먹자골목 골목형상점가,골목형상점가,서울특별시,,,
ae0c7030deb1f01b9570,full_annotation_v1,A,q_안경_05,콘택트렌즈,건강·의료 중 '안경'을 판매·제공하는 매장,val,안경,T2 동의어,0266bd67-c211-4ab4-bb83-af329b2ce979,공덕나인안경,안경콘택트렌즈,도화동상점가,자율상권구역,서울특별시,,,
202c3da4238dffd5a0e6,full_annotation_v1,A,q_안경_05,콘택트렌즈,건강·의료 중 '안경'을 판매·제공하는 매장,val,안경,T2 동의어,ac12611f-6cbe-4525-aae9-47e5b5256e94,세기안경,안경 및 콘택트렌즈,숭례문수입상가,전통시장,서울특별시,,,
0d16558e3da19ca5e326,full_annotation_v1,A,q_안경_05,콘택트렌즈,건강·의료 중 '안경'을 판매·제공하는 매장,val,안경,T2 동의어,019928e4-ddbb-47c4-951f-f3b31a893f1d,안경마을,안경 콘택트렌즈,구갈상점가,자율상권구역,경기도,,,
ad24168f25107bf2c832,full_annotation_v1,A,q_안경_05,콘택트렌즈,건강·의료 중 '안경'을 판매·제공하는 매장,val,안경,T2 동의어,3bfe0b37-3bfd-4a8b-8c9e-4013b7ba97da,인덕원홍어,한식,인덕원 골목형상점가,골목형상점가,경기도,,,
f0f8a80ffdc2c74c65a5,full_annotation_v1,A,q_안경_05,콘택트렌즈,건강·의료 중 '안경'을 판매·제공하는 매장,val,안경,T2 동의어,fd7676e3-cd8c-4853-b1e4-999eab96d088,오렌즈두정점,콘택트렌즈,두정동상점가,자율상권구역,충청남도,,,
a69d803d82e7b1f00105,full_annotation_v1,A,q_안경_05,콘택트렌즈,건강·의료 중 '안경'을 판매·제공하는 매장,val,안경,T2 동의어,f54e2060-3034-49a7-9d3b-0e6684b25dec,방구석인(in)가배,한식,시범길 골목형상점가,골목형상점가,경기도,,,
e3a03c838c7ef13813de,full_annotation_v1,A,q_안경_05,콘택트렌즈,건강·의료 중 '안경'을 판매·제공하는 매장,val,안경,T2 동의어,b8670cbd-bb94-4a3e-80e6-fc6cad6f0ab7,유성감자탕,한식,매포전통시장(매포재래시장),전통시장,충청북도,,,
50f5bf6d6f1e3ab623bf,full_annotation_v1,A,q_안경_05,콘택트렌즈,건강·의료 중 '안경'을 판매·제공하는 매장,val,안경,T2 동의어,46501dc0-9c0e-4bb1-978c-484778205c95,세컨페이스전주점,안경 콘택트렌즈,거마평로 골목형상점가,골목형상점가,전북특별자치도,,,
be51ce5769054932dc87,full_annotation_v1,A,q_안경_05,콘택트렌즈,건강·의료 중 '안경'을 판매·제공하는 매장,val,안경,T2 동의어,d385cf64-025f-469a-9cf5-e9176005b268,번영상회,건어물,의정부시장,전통시장,경기도,,,
fcbc2fb57cacef04c3c5,full_annotation_v1,A,q_안경_05,콘택트렌즈,건강·의료 중 '안경'을 판매·제공하는 매장,val,안경,T2 동의어,ac1db1c1-2a2e-4303-a74b-464a83624322,렌즈모아,콘택트렌즈,평화로상가,자율상권구역,경상북도,,,
93ace2b0d3308fa2f610,full_annotation_v1,A,q_안경_05,콘택트렌즈,건강·의료 중 '안경'을 판매·제공하는 매장,val,안경,T2 동의어,be400f72-fc1e-428d-aea8-ce3920eeee06,오렌즈서면지하2호점,콘택트렌즈,서면지하도상가 서면몰(대현프리몰),일반지하상점가,부산광역시,,,
4930d71c6b2e19217592,full_annotation_v1,A,q_안경_05,콘택트렌즈,건강·의료 중 '안경'을 판매·제공하는 매장,val,안경,T2 동의어,e8fa3ee1-995b-45b7-b9d0-a8cc461c172a,으뜸50안경전주효자점,안경 콘택트렌즈,효자휴먼시아 골목형상점가,골목형상점가,전북특별자치도,,,
3593a529308bbf57d6af,full_annotation_v1,A,q_안경_05,콘택트렌즈,건강·의료 중 '안경'을 판매·제공하는 매장,val,안경,T2 동의어,fbd9e570-c34d-4e70-a4ce-91801839dd9a,근초네,한식,영덕시장,전통시장,경상북도,,,
5ae8e9d2582416815403,full_annotation_v1,A,q_안경_05,콘택트렌즈,건강·의료 중 '안경'을 판매·제공하는 매장,val,안경,T2 동의어,780b33aa-7d4b-4230-be4b-ca5320cb47b3,오렌즈구미인동점,콘택트렌즈,인동중앙상점가,골목형상점가,경상북도,,,
2c3200ad6d8b28d68567,full_annotation_v1,A,q_안경_05,콘택트렌즈,건강·의료 중 '안경'을 판매·제공하는 매장,val,안경,T2 동의어,73b84230-d361-4f10-a5a7-f041c8a0ef61,일공공일안경원,안경 콘택트렌즈,상대동 골목형상점가,골목형상점가,대전광역시,,,
77e46499bbc7933f924d,full_annotation_v1,A,q_안경_05,콘택트렌즈,건강·의료 중 '안경'을 판매·제공하는 매장,val,안경,T2 동의어,180f35a7-0b76-4c43-a9d5-f10b268327fa,다비치안경원,안경 콘택트렌즈,구미역중앙 골목형상점가,골목형상점가,경상북도,,,
a30080843bba35fdfea6,full_annotation_v1,A,q_안경_05,콘택트렌즈,건강·의료 중 '안경'을 판매·제공하는 매장,val,안경,T2 동의어,02822efb-f50a-45c4-8f4d-bfbba20a01e4,오렌즈충주점,"안경, 렌즈",성서중심시장(성서시장문화의거리 통합),전통시장,충청북도,,,
5157bdb712a3c618732c,full_annotation_v1,A,q_안경_05,콘택트렌즈,건강·의료 중 '안경'을 판매·제공하는 매장,val,안경,T2 동의어,2901d61a-2f98-41d6-96d8-5052658c05fc,스타일앤스토리,"안경, 콘택트렌즈",포항중앙상가,전통시장,경상북도,,,
9eabd9cfd63481fdf336,full_annotation_v1,A,q_안경_05,콘택트렌즈,건강·의료 중 '안경'을 판매·제공하는 매장,val,안경,T2 동의어,baec2580-587f-45e8-8edb-7f3414c63c3f,대한민국정육점,육류,성서와룡시장,전통시장,대구광역시,,,
66567f2f392b717e7dde,full_annotation_v1,A,q_안경_05,콘택트렌즈,건강·의료 중 '안경'을 판매·제공하는 매장,val,안경,T2 동의어,1965be11-0923-408a-83df-3a1a999e4ca6,천안서울안과 신불당점의원,안과,시청앞 골목형상점가,골목형상점가,충청남도,,,
de548947b9b5da6fa315,full_annotation_v1,A,q_안경_05,콘택트렌즈,건강·의료 중 '안경'을 판매·제공하는 매장,val,안경,T2 동의어,5f5b4bfd-3dcb-4a7f-901a-cd2a5ed8c1a1,포나인안경원,안경 콘택트렌즈,오목교역8번출구골목형상점가,골목형상점가,서울특별시,,,
260f5e64051a01718503,full_annotation_v1,A,q_안경_05,콘택트렌즈,건강·의료 중 '안경'을 판매·제공하는 매장,val,안경,T2 동의어,00112248-81bc-4fca-ac3c-f6d684bcf294,데일리뷰 안경원,,성성1번가 골목형상점가,골목형상점가,충청남도,,,
d1e37a79d0d3d32575bb,full_annotation_v1,A,q_안경_05,콘택트렌즈,건강·의료 중 '안경'을 판매·제공하는 매장,val,안경,T2 동의어,07208f66-d682-4eeb-8358-b603764e70ab,오렌즈 수완점,안경 콘택트렌즈,희담길,골목형상점가,광주광역시,,,
5db0970048ff17849c49,full_annotation_v1,A,q_안경_05,콘택트렌즈,건강·의료 중 '안경'을 판매·제공하는 매장,val,안경,T2 동의어,a259e691-82b2-4695-802d-a23a50b26f01,모모안경,"안경, 콘택트렌즈",새롬동 골목형상점가,골목형상점가,세종특별자치시,,,
a96115a511d01d41eb57,full_annotation_v1,A,q_안경_05,콘택트렌즈,건강·의료 중 '안경'을 판매·제공하는 매장,val,안경,T2 동의어,7ad45416-a41e-41c2-bba9-4a1220a8a22f,스티커즈 구미점,포토 스티커,문화로 자율상권구역,,경상북도,,,
39c2ef67719fe387dcac,full_annotation_v1,A,q_안경_05,콘택트렌즈,건강·의료 중 '안경'을 판매·제공하는 매장,val,안경,T2 동의어,e8be73de-72ee-4d06-9bfe-5641c57d243d,상은안경,안경 콘택트렌즈,남대문시장,전통시장,서울특별시,,,
5f7f1111944837f117e8,full_annotation_v1,A,q_안경_05,콘택트렌즈,건강·의료 중 '안경'을 판매·제공하는 매장,val,안경,T2 동의어,d27802f7-6961-4d53-8f41-9dffaf9076f1,네네치킨앤 봉구스밥버거 화정힐스테이트,한식,화정로상인회 골목형상점가,골목형상점가,광주광역시,,,
11577da060f88ccf515d,full_annotation_v1,A,q_안경_05,콘택트렌즈,건강·의료 중 '안경'을 판매·제공하는 매장,val,안경,T2 동의어,8a83d0c1-a27f-42a9-bc0d-2a683b3f696e,아이랜드by안경매니져,안경 콘택트렌즈,포항 지곡에드빌 골목형상점가,골목형상점가,경상북도,,,
7e9a91e8cf8db3c21476,full_annotation_v1,A,q_안경_05,콘택트렌즈,건강·의료 중 '안경'을 판매·제공하는 매장,val,안경,T2 동의어,a24053a4-2f95-498e-97b9-e9da64a6766a,맑은눈안경원,안경 콘택트렌즈,한보라 골목형상점가,골목형상점가,경기도,,,
93d0685f554059e2d332,full_annotation_v1,A,q_안경_05,콘택트렌즈,건강·의료 중 '안경'을 판매·제공하는 매장,val,안경,T2 동의어,f1842dc5-fbfa-40bd-8a81-2ff8841e434e,안경마을,"안경, 콘택트렌즈",연서별빛골목 골목형상점가,골목형상점가,서울특별시,,,
cfb2af81ef2665a4e581,full_annotation_v1,A,q_안경_05,콘택트렌즈,건강·의료 중 '안경'을 판매·제공하는 매장,val,안경,T2 동의어,203e8a4d-da3e-4ce8-a0ad-17386061bc96,렌즈미 김량장점,콘택트렌즈,용인중앙시장,전통시장,경기도,,,
82ab013e760cb21ea76c,full_annotation_v1,A,q_안경_05,콘택트렌즈,건강·의료 중 '안경'을 판매·제공하는 매장,val,안경,T2 동의어,9df39e6a-d74b-4021-8fd9-ae64dba24298,오렌즈,안경 및 콘택트렌즈,영등포로타리지하도상점가,일반지하상점가,서울특별시,,,
1fb5687fa16fedf34098,full_annotation_v1,A,q_안경_05,콘택트렌즈,건강·의료 중 '안경'을 판매·제공하는 매장,val,안경,T2 동의어,261f34cb-6276-4f67-8091-5b3e2fe5f366,오렌즈 전북대점,콘택트렌즈,전북대대학로상점가,자율상권구역,전북특별자치도,,,
1b2b5a12ee1698038df3,full_annotation_v1,A,q_안경_05,콘택트렌즈,건강·의료 중 '안경'을 판매·제공하는 매장,val,안경,T2 동의어,88e4e458-e464-4f99-b797-2e49682658f7,오렌즈반월당,콘택트렌즈,메트로센터(반월당지하쇼핑),일반지하상점가,대구광역시,,,
09986c69f512d27ac1dc,full_annotation_v1,A,q_안경_05,콘택트렌즈,건강·의료 중 '안경'을 판매·제공하는 매장,val,안경,T2 동의어,0022ba93-553d-4d81-934b-054dfcb8309e,행복한안경,안경,태화시장,전통시장,울산광역시,,,
d3c2edcaf1c6204d23ab,full_annotation_v1,A,q_안경_05,콘택트렌즈,건강·의료 중 '안경'을 판매·제공하는 매장,val,안경,T2 동의어,44433bc6-11ab-42c0-bc3a-9f5b6b6bf481,오렌즈홍성점,콘택트렌즈,홍성명동상가,자율상권구역,충청남도,,,
e8a79f6c93f67dc6f481,full_annotation_v1,A,q_안경_05,콘택트렌즈,건강·의료 중 '안경'을 판매·제공하는 매장,val,안경,T2 동의어,a2785697-4359-4a76-a882-eecc58706627,인덕원영양탕,한식,인덕원 골목형상점가,골목형상점가,경기도,,,
592dd91a913c63aec6b3,full_annotation_v1,A,q_안경_06,눈 검사하고 안경 맞추기,건강·의료 중 '안경'을 판매·제공하는 매장,val,안경,T4 구어·문장,10262624-5d0a-4091-8c44-f6c713d3c98c,아이디어 안경,안경,동천동먹자골목1번가상인회 골목형상점가,골목형상점가,광주광역시,,,
7c78b0cc750f6413bc7e,full_annotation_v1,A,q_안경_06,눈 검사하고 안경 맞추기,건강·의료 중 '안경'을 판매·제공하는 매장,val,안경,T4 구어·문장,7e90589b-8c1f-4da8-a8b3-7404fa21f02c,한국안경,안경,(지정취소)다산마을상가거리골목형상점가,골목형상점가,서울특별시,,,
f136f0c5bb2cd706f652,full_annotation_v1,A,q_안경_06,눈 검사하고 안경 맞추기,건강·의료 중 '안경'을 판매·제공하는 매장,val,안경,T4 구어·문장,1871389d-e1e7-4d18-80da-2a78cdc0525a,고운빛안과,"안과, 건강기능식품",우산 동문로 골목형상점가,골목형상점가,광주광역시,,,
22046abf76003fc9985d,full_annotation_v1,A,q_안경_06,눈 검사하고 안경 맞추기,건강·의료 중 '안경'을 판매·제공하는 매장,val,안경,T4 구어·문장,1965be11-0923-408a-83df-3a1a999e4ca6,천안서울안과 신불당점의원,안과,시청앞 골목형상점가,골목형상점가,충청남도,,,
b6092c190385ba91df7f,full_annotation_v1,A,q_안경_06,눈 검사하고 안경 맞추기,건강·의료 중 '안경'을 판매·제공하는 매장,val,안경,T4 구어·문장,05cc841f-4ab1-443b-b975-5d9a4ddb6710,글라스온 안경 화정점,안경,짚봉산상인회 골목형상점가,골목형상점가,광주광역시,,,
4e82a315b1406f82b922,full_annotation_v1,A,q_안경_06,눈 검사하고 안경 맞추기,건강·의료 중 '안경'을 판매·제공하는 매장,val,안경,T4 구어·문장,16a3e8d7-70cf-4d01-9b87-8b6c04e250a8,눈맞춤안경,안경 및 렌즈,신용동 골목형상점가,골목형상점가,광주광역시,,,
f257ccd044e0d20c809e,full_annotation_v1,A,q_안경_06,눈 검사하고 안경 맞추기,건강·의료 중 '안경'을 판매·제공하는 매장,val,안경,T4 구어·문장,ce27011c-4968-4ffa-a8c3-56f37ea28e0c,아이세이버 안경 상무점,안경,상무중앙상인회 골목형상점가,골목형상점가,광주광역시,,,
860eb3b5aa50052d1545,full_annotation_v1,A,q_안경_06,눈 검사하고 안경 맞추기,건강·의료 중 '안경'을 판매·제공하는 매장,val,안경,T4 구어·문장,5d851b48-be5c-4a17-b420-ff18ea2615a5,알파안경,안경,조원시장,전통시장,경기도,,,
3ecdf095e755e4ebfe9c,full_annotation_v1,A,q_안경_06,눈 검사하고 안경 맞추기,건강·의료 중 '안경'을 판매·제공하는 매장,val,안경,T4 구어·문장,0184ed05-765c-4947-bbf8-dff527177252,안경을 찾는 사람들,안경,발안만세시장(구 발안시장),전통시장,경기도,,,
5779f92e241433789333,full_annotation_v1,A,q_안경_06,눈 검사하고 안경 맞추기,건강·의료 중 '안경'을 판매·제공하는 매장,val,안경,T4 구어·문장,c2928fd2-ba68-4781-89cd-bad1f2b88985,대동(샘)안경,안경,동해남부재래시장,전통시장,강원특별자치도,,,
e04272920bc86e9dc590,full_annotation_v1,A,q_안경_06,눈 검사하고 안경 맞추기,건강·의료 중 '안경'을 판매·제공하는 매장,val,안경,T4 구어·문장,55abecfb-4113-4780-8cc9-30c4b8465e48,"안경, 바라봄",안경 렌즈,한들물빛도시 골목형 상점가,골목형상점가,충청남도,,,
c0ee564e4a1031cd2e23,full_annotation_v1,A,q_안경_06,눈 검사하고 안경 맞추기,건강·의료 중 '안경'을 판매·제공하는 매장,val,안경,T4 구어·문장,0022ba93-553d-4d81-934b-054dfcb8309e,행복한안경,안경,태화시장,전통시장,울산광역시,,,
c29fb8edfa89701d9ee1,full_annotation_v1,A,q_안경_06,눈 검사하고 안경 맞추기,건강·의료 중 '안경'을 판매·제공하는 매장,val,안경,T4 구어·문장,855bc04f-da0b-4ad7-b133-55177429c9a8,YOUEYE 안경,"안경, 콘택트렌즈",대왕암사거리 골목형상점가,골목형상점가,울산광역시,,,
edb4a8bca776afdda9b6,full_annotation_v1,A,q_안경_06,눈 검사하고 안경 맞추기,건강·의료 중 '안경'을 판매·제공하는 매장,val,안경,T4 구어·문장,c9c9c5ff-d121-4227-9056-e3171e36b188,안경나라,안경,당감새시장,전통시장,부산광역시,,,
14af360da4202040687e,full_annotation_v1,A,q_안경_06,눈 검사하고 안경 맞추기,건강·의료 중 '안경'을 판매·제공하는 매장,val,안경,T4 구어·문장,81665269-0fab-4c7d-8f7b-42de75d1fc6d,송도탑비뇨의학과의원,,송도GTX센트럴 골목형상점가,골목형상점가,인천광역시,,,
d67e8e8619f7771934e7,full_annotation_v1,A,q_안경_06,눈 검사하고 안경 맞추기,건강·의료 중 '안경'을 판매·제공하는 매장,val,안경,T4 구어·문장,4163fabb-1e0e-4ab7-a364-ea13356ca915,반석귀금속,,신정역 골목형상점가,골목형상점가,서울특별시,,,
7087cf9c9a5b2d16e7a5,full_annotation_v1,A,q_안경_06,눈 검사하고 안경 맞추기,건강·의료 중 '안경'을 판매·제공하는 매장,val,안경,T4 구어·문장,94137d3b-0413-43fa-b207-1868cd74b4a8,망고랑,카페,북촌계동길골목형상점가,골목형상점가,서울특별시,,,
1ffd9e0caac7acdc913a,full_annotation_v1,A,q_안경_06,눈 검사하고 안경 맞추기,건강·의료 중 '안경'을 판매·제공하는 매장,val,안경,T4 구어·문장,ccb032f5-c6e0-4c4a-8c8c-4df73fca757e,글라스온 안경,안경,첨단동행 골목형상점가,골목형상점가,광주광역시,,,
cd0898795cb97f8907f8,full_annotation_v1,A,q_안경_06,눈 검사하고 안경 맞추기,건강·의료 중 '안경'을 판매·제공하는 매장,val,안경,T4 구어·문장,ddb6a942-e361-4d8b-85c6-a049b50f2a0c,더조은마음협동조합,심리상담업,길주로 골목형상점가,골목형상점가,경기도,,,
5246186cac25092f8b2d,full_annotation_v1,A,q_안경_06,눈 검사하고 안경 맞추기,건강·의료 중 '안경'을 판매·제공하는 매장,val,안경,T4 구어·문장,6dd16b9d-3b09-47e6-b4b6-c1485fafba26,으뜸50안경,안경,아름동상점가,자율상권구역,세종특별자치시,,,
b412a1b4808771968b15,full_annotation_v1,A,q_안경_06,눈 검사하고 안경 맞추기,건강·의료 중 '안경'을 판매·제공하는 매장,val,안경,T4 구어·문장,b43b445d-a1f7-4019-991b-e20e37e04409,아이파크 안경,안경,수원아이파크시티8단지상가 골목형상점가,골목형상점가,경기도,,,
a3b9e936b10206a9d7f1,full_annotation_v1,A,q_안경_06,눈 검사하고 안경 맞추기,건강·의료 중 '안경'을 판매·제공하는 매장,val,안경,T4 구어·문장,1749d275-3dc5-427a-b680-5c853a65b661,정상기안과의원,안과,신세계앞상인회 골목형상점가,골목형상점가,광주광역시,,,
e161d2126b943101c668,full_annotation_v1,A,q_안경_06,눈 검사하고 안경 맞추기,건강·의료 중 '안경'을 판매·제공하는 매장,val,안경,T4 구어·문장,d309d034-1812-4e8d-8248-eddf35c195b9,모든안경,안경,화정꽃마을상인회 골목형상점가,골목형상점가,광주광역시,,,
52d83cd217125041346f,full_annotation_v1,A,q_안경_06,눈 검사하고 안경 맞추기,건강·의료 중 '안경'을 판매·제공하는 매장,val,안경,T4 구어·문장,29faa1d7-404f-4dad-b0ef-68f63fcbe76a,이삭안경,안경,창원 반송시장,전통시장,경상남도,,,
9f8534b827ff756c485c,full_annotation_v1,A,q_안경_06,눈 검사하고 안경 맞추기,건강·의료 중 '안경'을 판매·제공하는 매장,val,안경,T4 구어·문장,4e76be92-56ff-45e7-bed3-b3844d758167,로덴안경,안경,김해 대우유토피아상가,골목형상점가,경상남도,,,
8887b0fde8db63d47f4c,full_annotation_v1,A,q_안경_06,눈 검사하고 안경 맞추기,건강·의료 중 '안경'을 판매·제공하는 매장,val,안경,T4 구어·문장,963c1f03-89bf-45e4-b272-d9083b710c24,산수 안경 콘택트,안경,산수 먹자골목 골목형상점가,골목형상점가,광주광역시,,,
f82d7cdfb1ce304aea28,full_annotation_v1,A,q_안경_06,눈 검사하고 안경 맞추기,건강·의료 중 '안경'을 판매·제공하는 매장,val,안경,T4 구어·문장,e1a5606c-6125-4317-a688-5dddf4fbd89f,으뜸50안경,안경,전남대후문골목형상점가,골목형상점가,광주광역시,,,
74df3b781cd3f88cb909,full_annotation_v1,A,q_안경_06,눈 검사하고 안경 맞추기,건강·의료 중 '안경'을 판매·제공하는 매장,val,안경,T4 구어·문장,0e170be8-4e2c-4008-adbc-7539572b5fc6,성모안과의원,안과,선부광장로상점가,자율상권구역,경기도,,,
3dae68e200cc26c7582e,full_annotation_v1,A,q_안경_06,눈 검사하고 안경 맞추기,건강·의료 중 '안경'을 판매·제공하는 매장,val,안경,T4 구어·문장,a7697009-fd36-4e9d-9a3b-b4fc889dcfd5,이노티 안경 청라점,안경,청라언덕 골목형상점가,골목형상점가,대구광역시,,,
6bb4822d031785fef1a8,full_annotation_v1,A,q_안경_06,눈 검사하고 안경 맞추기,건강·의료 중 '안경'을 판매·제공하는 매장,val,안경,T4 구어·문장,c20ad57c-5d9e-4cd9-8dff-94be2ca1c274,아이탑안경,안경,매봉 골목형상점가,골목형상점가,광주광역시,,,
7f850e20573b92a4f5c1,full_annotation_v1,A,q_안경_06,눈 검사하고 안경 맞추기,건강·의료 중 '안경'을 판매·제공하는 매장,val,안경,T4 구어·문장,8a7e4c58-2e87-4ff2-bd8e-f452de6a0476,일로아 안경,안경,남악사랑 골목형상점가,골목형상점가,전라남도,,,
b79772f04f7f09b2d857,full_annotation_v1,A,q_안경_06,눈 검사하고 안경 맞추기,건강·의료 중 '안경'을 판매·제공하는 매장,val,안경,T4 구어·문장,75145b4e-9889-4b30-b9d1-28e4451d3ff7,동숭안경,안경,학운동 365 골목형상점가,골목형상점가,광주광역시,,,
12c53647fce3ab6a1aac,full_annotation_v1,A,q_안경_06,눈 검사하고 안경 맞추기,건강·의료 중 '안경'을 판매·제공하는 매장,val,안경,T4 구어·문장,1d56f4a0-e43b-41a8-a0f8-39fa70226f53,다봄안과의원,안과,구성언남 골목형상점가,골목형상점가,경기도,,,
372bd5426bb59207df80,full_annotation_v1,A,q_안경_06,눈 검사하고 안경 맞추기,건강·의료 중 '안경'을 판매·제공하는 매장,val,안경,T4 구어·문장,75bc618e-37aa-4e2e-a9e9-bb39a6127319,라움안경,안경,효행구봉담상점가,골목형상점가,경기도,,,
8a09ea41bd8d8fb5694c,full_annotation_v1,A,q_안경_06,눈 검사하고 안경 맞추기,건강·의료 중 '안경'을 판매·제공하는 매장,val,안경,T4 구어·문장,2256c59c-aa0e-4f22-beb6-003b9a12fef3,코오롱상회,침구,소사종합시장,전통시장,경기도,,,
73b1b953d00965e15fd2,full_annotation_v1,A,q_안경_06,눈 검사하고 안경 맞추기,건강·의료 중 '안경'을 판매·제공하는 매장,val,안경,T4 구어·문장,0e87829e-6dba-4e48-bccd-1fa6a2b1dd99,아이유 안경 콘택트,안경,매봉 골목형상점가,골목형상점가,광주광역시,,,
1933e2c39d0ddae05296,full_annotation_v1,A,q_안경_06,눈 검사하고 안경 맞추기,건강·의료 중 '안경'을 판매·제공하는 매장,val,안경,T4 구어·문장,019928e4-ddbb-47c4-951f-f3b31a893f1d,안경마을,안경 콘택트렌즈,구갈상점가,자율상권구역,경기도,,,
9b941817884cc4cd1aec,full_annotation_v1,A,q_안경_06,눈 검사하고 안경 맞추기,건강·의료 중 '안경'을 판매·제공하는 매장,val,안경,T4 구어·문장,00c9a212-c673-4e9c-a890-7e39a3da51b6,파룩스안경원,안경,샘머리 골목형상점가,골목형상점가,대전광역시,,,
2196cda75e2bae133376,full_annotation_v1,A,q_안경_06,눈 검사하고 안경 맞추기,건강·의료 중 '안경'을 판매·제공하는 매장,val,안경,T4 구어·문장,0028e2be-f83a-47fd-83a9-f76bfb8df49a,청당안경렌즈미청당점,,청당4번가 골목형상점가,골목형상점가,충청남도,,,
a3de1e2d02bdc808d1fc,full_annotation_v1,A,q_안경_06,눈 검사하고 안경 맞추기,건강·의료 중 '안경'을 판매·제공하는 매장,val,안경,T4 구어·문장,886ea250-2afb-4829-917a-53d8e0a0d5d8,으뜸50안경,안경,춘천 원도심 상권활성화,상권활성화구역,강원특별자치도,,,
cb1e67f078b9fcf68324,full_annotation_v1,A,q_안경_06,눈 검사하고 안경 맞추기,건강·의료 중 '안경'을 판매·제공하는 매장,val,안경,T4 구어·문장,dee1dddd-7c13-44d7-a2a5-3696029253c2,스튜디오엔,,학사골목 골목형상점가,골목형상점가,경상북도,,,
ec3d5f4d2d0ed7b82afa,full_annotation_v1,A,q_안경_06,눈 검사하고 안경 맞추기,건강·의료 중 '안경'을 판매·제공하는 매장,val,안경,T4 구어·문장,c0802d45-bbbc-45bc-852e-8ff2de06e80d,중앙안경,안경,서귀포중심상가번영회,자율상권구역,제주특별자치도,,,
149a34772108695e648b,full_annotation_v1,A,q_안경_06,눈 검사하고 안경 맞추기,건강·의료 중 '안경'을 판매·제공하는 매장,val,안경,T4 구어·문장,8e42c7f1-86b7-4617-9bd9-b82f43740f08,굿모닝 안경,안경,다사역 골목형상점가,골목형상점가,대구광역시,,,
7e95fd1850a88dc63be9,full_annotation_v1,A,q_안경_06,눈 검사하고 안경 맞추기,건강·의료 중 '안경'을 판매·제공하는 매장,val,안경,T4 구어·문장,46fcd22f-b1d0-45d2-a6a3-fd99d7ff86a4,경희안경,안경,회기시장,전통시장,서울특별시,,,
8d3b398327fe18bf9c89,full_annotation_v1,A,q_안경_06,눈 검사하고 안경 맞추기,건강·의료 중 '안경'을 판매·제공하는 매장,val,안경,T4 구어·문장,f2466ce6-f8e5-4241-ac26-6bb54cefe8c6,"안경, 오늘",안경,유천택지올림픽길골목형상점가,골목형상점가,강원특별자치도,,,
0dbd51fde43444bc5b84,full_annotation_v1,A,q_안경_06,눈 검사하고 안경 맞추기,건강·의료 중 '안경'을 판매·제공하는 매장,val,안경,T4 구어·문장,4d9ba31b-407b-4a75-bc44-6898d5fd04e0,밝은 눈 안 경,안경 및 콘텍트렌즈,동백 이음길 골목형상점가,골목형상점가,경기도,,,
8875a3cf9eacf713a36f,full_annotation_v1,A,q_안경_06,눈 검사하고 안경 맞추기,건강·의료 중 '안경'을 판매·제공하는 매장,val,안경,T4 구어·문장,a63d109c-f9cc-4a64-9a4f-3bf176c8f1c7,보람안경,안경,남대문시장,전통시장,서울특별시,,,
b68fdc8b1ad4fd237f60,full_annotation_v1,A,q_안경_06,눈 검사하고 안경 맞추기,건강·의료 중 '안경'을 판매·제공하는 매장,val,안경,T4 구어·문장,574f4fef-2585-4f59-acbe-66f6545267e7,안경나라,안경,설악눈메골시장,전통시장,경기도,,,
2819c059b81ba86b8ac6,full_annotation_v1,A,q_안경_06,눈 검사하고 안경 맞추기,건강·의료 중 '안경'을 판매·제공하는 매장,val,안경,T4 구어·문장,a510b7c6-56f3-4eed-a34f-6c78d56593dc,유니크 안경,"안경, 렌즈",과천스마트케이 골목형상점가,골목형상점가,경기도,,,
4ed87c07ddf66e0e6223,full_annotation_v1,A,q_안경_06,눈 검사하고 안경 맞추기,건강·의료 중 '안경'을 판매·제공하는 매장,val,안경,T4 구어·문장,f5e0d3c3-efa0-472f-a04b-0f015728d54b,안경 세상,안경,장흥중앙로 골목형상점가,골목형상점가,전라남도,,,
cca23a88cf4b94e11963,full_annotation_v1,A,q_안경_06,눈 검사하고 안경 맞추기,건강·의료 중 '안경'을 판매·제공하는 매장,val,안경,T4 구어·문장,375a2c65-f9d0-4a3b-a517-be37d79675d2,눈이랑 안경,안경 콘택즈,신월7동골목형상점가,골목형상점가,서울특별시,,,
cdb9b542cbee8c89af85,full_annotation_v1,A,q_안경_06,눈 검사하고 안경 맞추기,건강·의료 중 '안경'을 판매·제공하는 매장,val,안경,T4 구어·문장,15702018-1098-41ca-8cb6-07012e3d492a,재영농장,계란,청량종합도매시장(깡통시장),전통시장,서울특별시,,,
f09620505771be0d362a,full_annotation_v1,A,q_안경_06,눈 검사하고 안경 맞추기,건강·의료 중 '안경'을 판매·제공하는 매장,val,안경,T4 구어·문장,6f4a7bed-2325-47ff-b5a9-69f1b8742305,팬텀 신천점,골프의류 및 신발,신천 패션타운 골목형상점가,골목형상점가,경기도,,,
8b3b5bcadaf0152a9082,full_annotation_v1,A,q_안경_06,눈 검사하고 안경 맞추기,건강·의료 중 '안경'을 판매·제공하는 매장,val,안경,T4 구어·문장,24d4d97d-3a87-478d-93a1-332d5fed6f57,스위스 안경 콘택트,안경,노은역 골목형상점가,골목형상점가,대전광역시,,,
f7f226b4a98cff51f944,full_annotation_v1,A,q_안경_06,눈 검사하고 안경 맞추기,건강·의료 중 '안경'을 판매·제공하는 매장,val,안경,T4 구어·문장,a4f9bf25-27bb-4cbd-892d-139ca6fce778,안경맞추기 송정점,안경,광주송정역세권 상권활성화구역,상권활성화구역,광주광역시,,,
1d8e5f6fb3244187b848,full_annotation_v1,A,q_안경_06,눈 검사하고 안경 맞추기,건강·의료 중 '안경'을 판매·제공하는 매장,val,안경,T4 구어·문장,85ce717a-629e-4299-87b0-bc4ba126c672,눈 옵티컬,"안경, 콘택트",익산 다e로움 상권활성화구역,상권활성화구역,전북특별자치도,,,
3aea537cc31c783a5575,full_annotation_v1,A,q_안경_06,눈 검사하고 안경 맞추기,건강·의료 중 '안경'을 판매·제공하는 매장,val,안경,T4 구어·문장,b762886c-8852-454c-bcb2-9634ab85cb3f,ZOO 002 안경,안경,평촌역 상점가,자율상권구역,경기도,,,
c63f281b477e0d30c402,full_annotation_v1,A,q_안경_06,눈 검사하고 안경 맞추기,건강·의료 중 '안경'을 판매·제공하는 매장,val,안경,T4 구어·문장,52e867bd-a673-4f27-8878-6647d9448a52,빛담안경,안경,효행구봉담상점가,골목형상점가,경기도,,,
c70f66c5e86f21e76cc6,full_annotation_v1,A,q_안경_06,눈 검사하고 안경 맞추기,건강·의료 중 '안경'을 판매·제공하는 매장,val,안경,T4 구어·문장,2ecd6752-24ff-4ed7-8176-efde9c229108,안경 플러스,"안경, 콘택트렌즈",흥덕 다채움 골목형 상점가,골목형상점가,경기도,,,
d738c1c3fed8152d14e1,full_annotation_v1,A,q_안경_06,눈 검사하고 안경 맞추기,건강·의료 중 '안경'을 판매·제공하는 매장,val,안경,T4 구어·문장,59d2f654-8838-4288-bb34-89bfd9ede628,준안경,안경,남대문시장,전통시장,서울특별시,,,
df4738833ef6ec9d2e85,full_annotation_v1,A,q_안경_06,눈 검사하고 안경 맞추기,건강·의료 중 '안경'을 판매·제공하는 매장,val,안경,T4 구어·문장,9541996e-6e2e-4028-84c7-0321d70c5129,안경나라,안경,중랑동부시장,전통시장,서울특별시,,,
bc44efa338ac0c539536,full_annotation_v1,A,q_안경_06,눈 검사하고 안경 맞추기,건강·의료 중 '안경'을 판매·제공하는 매장,val,안경,T4 구어·문장,d15e11fe-c36a-49ac-81f2-df4720971d94,참안경,안경,창원 가음정시장,전통시장,경상남도,,,
e176b87e66cbbd2d724c,full_annotation_v1,A,q_안경_06,눈 검사하고 안경 맞추기,건강·의료 중 '안경'을 판매·제공하는 매장,val,안경,T4 구어·문장,0031a77b-4f01-4757-a2e9-7eb65ae09ab0,글라스위드렌즈안경 울산대점,,울산대바보사거리 골목형상점가,골목형상점가,울산광역시,,,
624477ab16c384a4e075,full_annotation_v1,A,q_안경_06,눈 검사하고 안경 맞추기,건강·의료 중 '안경'을 판매·제공하는 매장,val,안경,T4 구어·문장,00112248-81bc-4fca-ac3c-f6d684bcf294,데일리뷰 안경원,,성성1번가 골목형상점가,골목형상점가,충청남도,,,
ce881f6d56a5d3d131eb,full_annotation_v1,A,q_안경_06,눈 검사하고 안경 맞추기,건강·의료 중 '안경'을 판매·제공하는 매장,val,안경,T4 구어·문장,60de073d-4136-4956-b346-046fb99bdc2d,세종안경,안경,종촌동골목형상점가,골목형상점가,세종특별자치시,,,
4c4a2ffe15495a371f42,full_annotation_v1,A,q_안경_06,눈 검사하고 안경 맞추기,건강·의료 중 '안경'을 판매·제공하는 매장,val,안경,T4 구어·문장,01bcb519-0fa6-438a-927f-cf3d578789e8,아이라이크안경by씨채널,안경,진천혁신골목형상점가,골목형상점가,충청북도,,,
2bb43fc012ecc86f1a8b,full_annotation_v1,A,q_안경_06,눈 검사하고 안경 맞추기,건강·의료 중 '안경'을 판매·제공하는 매장,val,안경,T4 구어·문장,8dc7efad-9458-486d-bc8e-d5f14f7e99d9,바라보다 안경,안경 렌즈,권율 골목형상점가,골목형상점가,경기도,,,
39efe76e9ebac9819a90,full_annotation_v1,A,q_안경_06,눈 검사하고 안경 맞추기,건강·의료 중 '안경'을 판매·제공하는 매장,val,안경,T4 구어·문장,e631c7fc-9962-4bc4-af1c-6aa64bd9cff8,안경家 (가),안경,뉴월드프라자골목형상점가,골목형상점가,경기도,,,
62b13abf29778ac9c98f,full_annotation_v1,A,q_안경_06,눈 검사하고 안경 맞추기,건강·의료 중 '안경'을 판매·제공하는 매장,val,안경,T4 구어·문장,011e75cb-eb08-4161-9b41-65e8d204464c,이지안경,안경및콘택트렌즈,BOCA 보카상점가,골목형상점가,경기도,,,
6c11ae219a8fc5fcd097,full_annotation_v1,A,q_안경_06,눈 검사하고 안경 맞추기,건강·의료 중 '안경'을 판매·제공하는 매장,val,안경,T4 구어·문장,92b49116-07cc-4994-b827-ea8003be5bf0,아이패밀리 안경,안경,롯데프라자 골목형상점가,골목형상점가,경기도,,,
759281b677be3c143d02,full_annotation_v1,A,q_안경_06,눈 검사하고 안경 맞추기,건강·의료 중 '안경'을 판매·제공하는 매장,val,안경,T4 구어·문장,b05866ed-8c26-4391-a87f-927b30081972,지오뮤직아카데미학원,,낭주골 골목형상점가,골목형상점가,전북특별자치도,,,
b3b0ba5d06da63183a75,full_annotation_v1,A,q_안경_06,눈 검사하고 안경 맞추기,건강·의료 중 '안경'을 판매·제공하는 매장,val,안경,T4 구어·문장,2dc7f738-d34f-42ad-bdd3-04e14563eea0,명동의류,"의류잡화, 스포츠용품",쌍정 골목형상점가,골목형상점가,전라남도,,,
afb2148ad8d63df168fd,full_annotation_v1,A,q_안경_06,눈 검사하고 안경 맞추기,건강·의료 중 '안경'을 판매·제공하는 매장,val,안경,T4 구어·문장,4805e403-d672-4fbb-a5cf-1d066818ee54,더클래스 안경,안경,중흥 골목형상점가,골목형상점가,부산광역시,,,
c98a7c27e158a3b55114,full_annotation_v1,A,q_안경_06,눈 검사하고 안경 맞추기,건강·의료 중 '안경'을 판매·제공하는 매장,val,안경,T4 구어·문장,d2b6f83d-3e7d-4b81-95fa-50822efe6c60,눈 빛,"미용업(화장, 분장, 메이크업) 등",양산 나래메트로시티 골목형상점가,골목형상점가,경상남도,,,
90a92e6b43b17dbb6b05,full_annotation_v1,A,q_안경_06,눈 검사하고 안경 맞추기,건강·의료 중 '안경'을 판매·제공하는 매장,val,안경,T4 구어·문장,eb9fb028-66fb-4068-8ff2-79d816f9d4d5,안경나라,안경,신장전통시장,전통시장,경기도,,,
f524f35a70a163139600,full_annotation_v1,A,q_안경_06,눈 검사하고 안경 맞추기,건강·의료 중 '안경'을 판매·제공하는 매장,val,안경,T4 구어·문장,d20a1a7c-9d70-4a96-a046-73063a8dfa0d,굿모닝 안경,안경 렌즈,옥계 신나리 먹거리,골목형상점가,경상북도,,,
263d899e7f1f6377f9ff,full_annotation_v1,A,q_안경_06,눈 검사하고 안경 맞추기,건강·의료 중 '안경'을 판매·제공하는 매장,val,안경,T4 구어·문장,920324cf-5110-4da6-8002-dc987b41faee,안경,안경 및 콘텍트렌즈,자양전통시장,전통시장,서울특별시,,,
ac4e097dd6f9096a2744,full_annotation_v1,A,q_안경_06,눈 검사하고 안경 맞추기,건강·의료 중 '안경'을 판매·제공하는 매장,val,안경,T4 구어·문장,ab27f098-a2a2-4833-93d4-230e881a6d0c,"안경,여수",안경,여수진남상가,자율상권구역,전라남도,,,
1dba94c3b09197af869f,full_annotation_v1,A,q_안경_06,눈 검사하고 안경 맞추기,건강·의료 중 '안경'을 판매·제공하는 매장,val,안경,T4 구어·문장,4c589b0f-72d6-4338-960f-72e9a3a16ad2,으뜸50안경,안경,서광주세무서앞상인회 골목형상점가,골목형상점가,광주광역시,,,
96fc7667ff4bcce71153,full_annotation_v1,A,q_안경_06,눈 검사하고 안경 맞추기,건강·의료 중 '안경'을 판매·제공하는 매장,val,안경,T4 구어·문장,8dd935d8-8133-4ce7-a87f-03ac2020c4a7,리갈안경,안경,명동 지하쇼핑센터,일반지하상점가,서울특별시,,,
63a2605c8dc6e9ca656c,full_annotation_v1,A,q_안경_06,눈 검사하고 안경 맞추기,건강·의료 중 '안경'을 판매·제공하는 매장,val,안경,T4 구어·문장,838be54f-b775-4e16-a910-1e4ca4c26be0,토탈안경,안경,탄방동 골목형상점가,골목형상점가,대전광역시,,,
8c6630fc201cd479226a,full_annotation_v1,A,q_안경_06,눈 검사하고 안경 맞추기,건강·의료 중 '안경'을 판매·제공하는 매장,val,안경,T4 구어·문장,192cd801-dacc-4251-8e50-ccfc6c1c9a9c,코코(현대)안경,안경,남대문시장,전통시장,서울특별시,,,
e92688f8fbdb6a7111cf,full_annotation_v1,A,q_안경_06,눈 검사하고 안경 맞추기,건강·의료 중 '안경'을 판매·제공하는 매장,val,안경,T4 구어·문장,10c37937-c85c-4ddf-b630-18aecf5e1803,모든안경,안경,남대문시장,전통시장,서울특별시,,,
4a68b268d9e05dfac22e,full_annotation_v1,A,q_안경_06,눈 검사하고 안경 맞추기,건강·의료 중 '안경'을 판매·제공하는 매장,val,안경,T4 구어·문장,729b9608-b2ea-48cb-8e38-acffad482a09,동양안경,안경,사강시장,전통시장,경기도,,,
3eb8b0eaea4b966a7956,full_annotation_v1,A,q_안경_06,눈 검사하고 안경 맞추기,건강·의료 중 '안경'을 판매·제공하는 매장,val,안경,T4 구어·문장,0f0f7f91-5504-4d69-a3cc-dd8e3df100b2,제이 안경,안경,금암동 골목형상점가,골목형상점가,충청남도,,,
a6073874f71c5d025cd5,full_annotation_v1,A,q_안경_06,눈 검사하고 안경 맞추기,건강·의료 중 '안경'을 판매·제공하는 매장,val,안경,T4 구어·문장,02822efb-f50a-45c4-8f4d-bfbba20a01e4,오렌즈충주점,"안경, 렌즈",성서중심시장(성서시장문화의거리 통합),전통시장,충청북도,,,
816f94ffc883656dfd72,full_annotation_v1,A,q_안경_06,눈 검사하고 안경 맞추기,건강·의료 중 '안경'을 판매·제공하는 매장,val,안경,T4 구어·문장,6dbe7b37-1874-4ed8-8a46-b480f5b94bd0,남시안경,안경,남대문로골목형상점가,골목형상점가,서울특별시,,,
0550be9b298aba313e85,full_annotation_v1,A,q_안경_06,눈 검사하고 안경 맞추기,건강·의료 중 '안경'을 판매·제공하는 매장,val,안경,T4 구어·문장,25c1b56b-2585-47f8-b3c7-f4a2186c32ca,눈이넷안경,안경,원도심 상권활성화구역,상권활성화구역,대전광역시,,,
03ff31e35dbc73f85840,full_annotation_v1,A,q_안경_06,눈 검사하고 안경 맞추기,건강·의료 중 '안경'을 판매·제공하는 매장,val,안경,T4 구어·문장,26375764-dfcc-41da-beae-247fdb10f3a3,소망안경,안경,남대문로 지하도상가,일반지하상점가,서울특별시,,,
54b00eca2bd79560c9c3,full_annotation_v1,A,q_안경_06,눈 검사하고 안경 맞추기,건강·의료 중 '안경'을 판매·제공하는 매장,val,안경,T4 구어·문장,b2bafed9-9942-4a7f-8f66-11b039f89c9b,패션안경,안경,대가야 자율상권구역,,경상북도,,,
84454114adb5ab7bd7e5,full_annotation_v1,A,q_안경_06,눈 검사하고 안경 맞추기,건강·의료 중 '안경'을 판매·제공하는 매장,val,안경,T4 구어·문장,eb1957f7-b6f5-4222-af0a-8e327ac16492,안경맘,안경,구매탄시장,전통시장,경기도,,,
4e9943f81747aa70c282,full_annotation_v1,A,q_안경_06,눈 검사하고 안경 맞추기,건강·의료 중 '안경'을 판매·제공하는 매장,val,안경,T4 구어·문장,060313d2-6e9c-41c3-8e18-618796869fd2,삼호안경,안경,남대문시장,전통시장,서울특별시,,,
5cf648f479ab97fb0441,full_annotation_v1,A,q_안경_06,눈 검사하고 안경 맞추기,건강·의료 중 '안경'을 판매·제공하는 매장,val,안경,T4 구어·문장,5bc718eb-884b-481b-a511-1ca7b581aaf8,맑은눈 안경 콘택트,안경,까치산시장,전통시장,서울특별시,,,
ac27c3c329bd396e9f00,full_annotation_v1,A,q_안경_06,눈 검사하고 안경 맞추기,건강·의료 중 '안경'을 판매·제공하는 매장,val,안경,T4 구어·문장,849239f4-1bbd-46ce-8fd3-7adf17432cf6,안경뱅크,안경,두암타운 골목형상점가,골목형상점가,광주광역시,,,
5e96b13d08bef7ea38b3,full_annotation_v1,A,q_안경_06,눈 검사하고 안경 맞추기,건강·의료 중 '안경'을 판매·제공하는 매장,val,안경,T4 구어·문장,3e7ab85c-ea7f-44ee-bee2-67947757b532,안경 정주다,안경,매탄중심상가 골목형상점가,골목형상점가,경기도,,,
5fca8a028056118b553e,full_annotation_v1,A,q_안경_06,눈 검사하고 안경 맞추기,건강·의료 중 '안경'을 판매·제공하는 매장,val,안경,T4 구어·문장,1746aee5-7082-4a4e-b2d3-623c175efb77,고이비토 광주롯데점,가방 의류 신발,"금남로4,5가 골목형상점가",골목형상점가,광주광역시,,,
cdb023dc20903461e8d6,full_annotation_v1,A,q_안경_06,눈 검사하고 안경 맞추기,건강·의료 중 '안경'을 판매·제공하는 매장,val,안경,T4 구어·문장,be126c26-e7f0-4304-bfaf-0fe0caced6b2,좋아서점(에이치커넥트),,학사골목 골목형상점가,골목형상점가,경상북도,,,
89a1c865d8111cd2fae9,full_annotation_v1,A,q_안경_06,눈 검사하고 안경 맞추기,건강·의료 중 '안경'을 판매·제공하는 매장,val,안경,T4 구어·문장,586cb130-b586-4d53-959f-c2534361da51,에이에스 안경,안경,구매탄시장,전통시장,경기도,,,
6469c1f9a0d5cb54c933,full_annotation_v1,A,q_안경_06,눈 검사하고 안경 맞추기,건강·의료 중 '안경'을 판매·제공하는 매장,val,안경,T4 구어·문장,e827637b-4fcf-427b-b0ff-9d86e74b0559,로젠안경,안경,과천새서울프라자시장,전통시장,경기도,,,
8902cfc363784b722a49,full_annotation_v1,A,q_안경_06,눈 검사하고 안경 맞추기,건강·의료 중 '안경'을 판매·제공하는 매장,val,안경,T4 구어·문장,4c00ede7-1c1a-479e-9106-d0e95ed779c6,안경나라,안경,군산나운상가 골목형상점가,골목형상점가,전북특별자치도,,,
e28cc99e455f3881bd18,full_annotation_v1,A,q_안경_06,눈 검사하고 안경 맞추기,건강·의료 중 '안경'을 판매·제공하는 매장,val,안경,T4 구어·문장,e7ae0967-e4d4-4ed7-9b1f-0923e141ae55,안경파크,안경,주안역지하도상점가,일반지하상점가,인천광역시,,,
0105b25c5dc1505d7b73,full_annotation_v1,A,q_안경_06,눈 검사하고 안경 맞추기,건강·의료 중 '안경'을 판매·제공하는 매장,val,안경,T4 구어·문장,b9369720-e2ad-410e-b276-0cf34de3ec86,낭만음악학원,,신정역 골목형상점가,골목형상점가,서울특별시,,,
0b2648e09d0354d537bf,full_annotation_v1,A,q_안경_06,눈 검사하고 안경 맞추기,건강·의료 중 '안경'을 판매·제공하는 매장,val,안경,T4 구어·문장,51a94763-afff-465f-97ed-071d07e343cc,대일토탈패션,의류,도마큰시장,전통시장,대전광역시,,,
a0a00131ea43e170bacc,full_annotation_v1,A,q_안경_06,눈 검사하고 안경 맞추기,건강·의료 중 '안경'을 판매·제공하는 매장,val,안경,T4 구어·문장,9d3b400b-5b1e-4f4b-8ed0-aa8b535fee99,조성민 안경 콘택트,안경,명동 지하쇼핑센터,일반지하상점가,서울특별시,,,
2797ad28503d44a3aac9,full_annotation_v1,A,q_안경_06,눈 검사하고 안경 맞추기,건강·의료 중 '안경'을 판매·제공하는 매장,val,안경,T4 구어·문장,ab2bd27d-7593-4075-9351-38bdc16d815b,진샤브,한식,나주 대호동 골목형상점가,골목형상점가,전라남도,,,
a1f80d84e37346bfe5a1,full_annotation_v1,A,q_안경_06,눈 검사하고 안경 맞추기,건강·의료 중 '안경'을 판매·제공하는 매장,val,안경,T4 구어·문장,010604a1-9bcd-4057-8360-47c77d14504a,굿모닝안경.콘택트,안경,서재소상공인연합회,골목형상점가,대구광역시,,,
26e0616cd02a4065a57c,full_annotation_v1,A,q_안경_06,눈 검사하고 안경 맞추기,건강·의료 중 '안경'을 판매·제공하는 매장,val,안경,T4 구어·문장,1f179de5-a781-4ab1-bb53-da91361efe1d,안경본데이,안경,신평골목시장,전통시장,부산광역시,,,
18499c3536e997be8df5,full_annotation_v1,A,q_안경_06,눈 검사하고 안경 맞추기,건강·의료 중 '안경'을 판매·제공하는 매장,val,안경,T4 구어·문장,40b2fc46-2e18-4728-bd1a-d2acdb5e9183,라쌍떼안경,안경,직산읍삼은1번가골목형상점가,골목형상점가,충청남도,,,
b08ed405ca249413f62b,full_annotation_v1,A,q_안경_06,눈 검사하고 안경 맞추기,건강·의료 중 '안경'을 판매·제공하는 매장,val,안경,T4 구어·문장,99fe73e9-e6ec-421b-bdc7-8b26ad7ab4f6,이삭안경,안경,창원 성원그랜드쇼핑상가,전통시장,경상남도,,,
ab3e64fbf3f925ec7974,full_annotation_v1,A,q_안경_06,눈 검사하고 안경 맞추기,건강·의료 중 '안경'을 판매·제공하는 매장,val,안경,T4 구어·문장,00efb47a-2e95-43a9-af76-8d8cd91d8c94,지니스안경세종새롬110호점,안경테 및 안경렌즈,새롬동 골목형상점가,골목형상점가,세종특별자치시,,,
da9450511fdc38500edc,full_annotation_v1,A,q_안경_06,눈 검사하고 안경 맞추기,건강·의료 중 '안경'을 판매·제공하는 매장,val,안경,T4 구어·문장,003ea83c-ef37-4c55-ae9b-a59c93d1201f,K비젼안경 효천점,안경 및 콘택트렌즈,효천로 골목형상점가,골목형상점가,광주광역시,,,
a4662733a6bb8ceadee5,full_annotation_v1,A,q_안경_06,눈 검사하고 안경 맞추기,건강·의료 중 '안경'을 판매·제공하는 매장,val,안경,T4 구어·문장,33fa5284-2f2f-41e3-8be5-2bc9b389d453,진양안경,안경,남대문시장,전통시장,서울특별시,,,
12f8d85698bb8790e6e1,full_annotation_v1,A,q_안경_06,눈 검사하고 안경 맞추기,건강·의료 중 '안경'을 판매·제공하는 매장,val,안경,T4 구어·문장,3db56fb1-d020-4612-8de0-e71fd9a5183d,안경나라,안경,벽산황계로 골목형상점가,골목형상점가,광주광역시,,,
671fe197d60df0ab207c,full_annotation_v1,A,q_안경_06,눈 검사하고 안경 맞추기,건강·의료 중 '안경'을 판매·제공하는 매장,val,안경,T4 구어·문장,da1ab000-5bdd-42d8-8b40-5918cd11b076,으뜸+안경,안경,순천연향패션상가,자율상권구역,전라남도,,,
ebd671aa5e55b58523b3,full_annotation_v1,A,q_안경_06,눈 검사하고 안경 맞추기,건강·의료 중 '안경'을 판매·제공하는 매장,val,안경,T4 구어·문장,289d3329-ed00-4d54-808e-9a25d20f9b38,스펙트럼 안경,안경.안경렌즈,스펙트럼시티 골목형상점가,골목형상점가,대구광역시,,,
9d417b8355695c03c8c8,full_annotation_v1,A,q_안경_06,눈 검사하고 안경 맞추기,건강·의료 중 '안경'을 판매·제공하는 매장,val,안경,T4 구어·문장,c0d0d1da-b940-4da1-8b13-2798e066f63c,나무(안경),안경,부산진시장,전통시장,부산광역시,,,
b8b32a62d3749111c4b3,full_annotation_v1,A,q_안경_06,눈 검사하고 안경 맞추기,건강·의료 중 '안경'을 판매·제공하는 매장,val,안경,T4 구어·문장,0266bd67-c211-4ab4-bb83-af329b2ce979,공덕나인안경,안경콘택트렌즈,도화동상점가,자율상권구역,서울특별시,,,
accf61688c46dd3f9cfb,full_annotation_v1,A,q_안경_06,눈 검사하고 안경 맞추기,건강·의료 중 '안경'을 판매·제공하는 매장,val,안경,T4 구어·문장,6c7c780f-f95e-4f75-a58f-c94454ca1362,으뜸50 안경,안경,충장로123가 상점가,자율상권구역,광주광역시,,,
c997226a28027643dbb5,full_annotation_v1,A,q_안경_06,눈 검사하고 안경 맞추기,건강·의료 중 '안경'을 판매·제공하는 매장,val,안경,T4 구어·문장,2df83262-4c75-4636-be21-f5099090e8a0,예쁜손,네일아트,안성명동거리 골목형상점가,골목형상점가,경기도,,,
fbf541c51cd3fd623c85,full_annotation_v1,A,q_안경_06,눈 검사하고 안경 맞추기,건강·의료 중 '안경'을 판매·제공하는 매장,val,안경,T4 구어·문장,d6e82951-9610-44b3-a16b-bda93768c7b4,뉴욕안경,안경,강남역지하도상점가,일반지하상점가,서울특별시,,,
e8fde75be748b5e1917c,full_annotation_v1,A,q_안경_06,눈 검사하고 안경 맞추기,건강·의료 중 '안경'을 판매·제공하는 매장,val,안경,T4 구어·문장,aacac575-3e2e-4fbf-9844-aa541c66b631,2.0 안경,안경,사당4골목형상점가,골목형상점가,서울특별시,,,
3a25444bbd42134b3e4e,full_annotation_v1,A,q_안경_07,렌즈 사는 데,건강·의료 중 '안경'을 판매·제공하는 매장,val,안경,T4 구어·문장,04b5539c-60b0-4c86-b957-726ab85889a8,안경나무,안경 및 렌즈,무지개종합상가,자율상권구역,서울특별시,,,
811bde133d4236657fc4,full_annotation_v1,A,q_안경_07,렌즈 사는 데,건강·의료 중 '안경'을 판매·제공하는 매장,val,안경,T4 구어·문장,85e86f38-5267-471b-b0f5-73ffadba451e,서독안경,안경 및 렌즈,임동오거리 골목형상점가,골목형상점가,광주광역시,,,
a4642be909235216b5f2,full_annotation_v1,A,q_안경_07,렌즈 사는 데,건강·의료 중 '안경'을 판매·제공하는 매장,val,안경,T4 구어·문장,3fc51420-c045-4cbe-9e76-89be72e99351,오렌즈 조선대점,렌즈,조대장미의거리 상점가,자율상권구역,광주광역시,,,
5441b2d1575665760b2f,full_annotation_v1,A,q_안경_07,렌즈 사는 데,건강·의료 중 '안경'을 판매·제공하는 매장,val,안경,T4 구어·문장,003ea83c-ef37-4c55-ae9b-a59c93d1201f,K비젼안경 효천점,안경 및 콘택트렌즈,효천로 골목형상점가,골목형상점가,광주광역시,,,
35ac51d16a3398b72300,full_annotation_v1,A,q_안경_07,렌즈 사는 데,건강·의료 중 '안경'을 판매·제공하는 매장,val,안경,T4 구어·문장,fdb2e68a-e504-40a8-8137-71a63434c314,안경마을,안경 및 렌즈,첨단호두라 골목형상점가,골목형상점가,광주광역시,,,
a8306310824462263144,full_annotation_v1,A,q_안경_07,렌즈 사는 데,건강·의료 중 '안경'을 판매·제공하는 매장,val,안경,T4 구어·문장,87473edc-7b38-43a4-8aab-5a6c693668c7,연세안경,안경 및 렌즈,남양주장현전통시장,전통시장,경기도,,,
6bd6b2e39758714e03d9,full_annotation_v1,A,q_안경_07,렌즈 사는 데,건강·의료 중 '안경'을 판매·제공하는 매장,val,안경,T4 구어·문장,9eb8394c-0814-4c99-bc55-fac08d402b9c,으뜸50안경,안경 및 렌즈,익산 다e로움 상권활성화구역,상권활성화구역,전북특별자치도,,,
fc58557d08edd5bc90bc,full_annotation_v1,A,q_안경_07,렌즈 사는 데,건강·의료 중 '안경'을 판매·제공하는 매장,val,안경,T4 구어·문장,0e170be8-4e2c-4008-adbc-7539572b5fc6,성모안과의원,안과,선부광장로상점가,자율상권구역,경기도,,,
211f210765c1ab368895,full_annotation_v1,A,q_안경_07,렌즈 사는 데,건강·의료 중 '안경'을 판매·제공하는 매장,val,안경,T4 구어·문장,01bcb519-0fa6-438a-927f-cf3d578789e8,아이라이크안경by씨채널,안경,진천혁신골목형상점가,골목형상점가,충청북도,,,
8902c246ae2466e75979,full_annotation_v1,A,q_안경_07,렌즈 사는 데,건강·의료 중 '안경'을 판매·제공하는 매장,val,안경,T4 구어·문장,4d1a589f-851f-4eca-80e2-d4ce036dd044,오렌즈천안청당점,렌즈,청당2번가 골목형상점가,골목형상점가,충청남도,,,
97ea229eeaf8bee7e75c,full_annotation_v1,A,q_안경_07,렌즈 사는 데,건강·의료 중 '안경'을 판매·제공하는 매장,val,안경,T4 구어·문장,aba76fc2-984e-4030-ba01-e2e7d78264c7,데 아로즈 대전둔산본점,,갈리단길 골목형상점가,골목형상점가,대전광역시,,,
87b77f1a7fcf50f78314,full_annotation_v1,A,q_안경_07,렌즈 사는 데,건강·의료 중 '안경'을 판매·제공하는 매장,val,안경,T4 구어·문장,d248b30f-9d76-4267-bf57-b204006642c4,낭만여장부,한식,쫑포상가 골목형상점가,골목형상점가,전라남도,,,
1dc4067e6bdd61c0a6fe,full_annotation_v1,A,q_안경_07,렌즈 사는 데,건강·의료 중 '안경'을 판매·제공하는 매장,val,안경,T4 구어·문장,32a34358-ac1f-4072-82b8-397f8d8f53d3,La안경원,"안경, 렌즈",큰장네거리 골목형상점가,골목형상점가,대구광역시,,,
3f986106127e1b84cb3f,full_annotation_v1,A,q_안경_07,렌즈 사는 데,건강·의료 중 '안경'을 판매·제공하는 매장,val,안경,T4 구어·문장,0a56e96f-0d99-455c-bcbf-f29c734ba733,오렌즈 대구점,콘택트 렌즈,동성로상점가,자율상권구역,대구광역시,,,
a648f908ae8309f46e4f,full_annotation_v1,A,q_안경_07,렌즈 사는 데,건강·의료 중 '안경'을 판매·제공하는 매장,val,안경,T4 구어·문장,292af149-3dba-414b-841f-71e79246654b,오렌즈안경원,렌즈,서원동상점가,자율상권구역,서울특별시,,,
37b0c777c209790e09e9,full_annotation_v1,A,q_안경_07,렌즈 사는 데,건강·의료 중 '안경'을 판매·제공하는 매장,val,안경,T4 구어·문장,0022ba93-553d-4d81-934b-054dfcb8309e,행복한안경,안경,태화시장,전통시장,울산광역시,,,
6a729500b3ca75636016,full_annotation_v1,A,q_안경_07,렌즈 사는 데,건강·의료 중 '안경'을 판매·제공하는 매장,val,안경,T4 구어·문장,f986315b-f06c-4b1d-aef9-bbb5bfbc41ab,E안경상무점,안경 렌즈,본치평상인회 골목형상점가,골목형상점가,광주광역시,,,
de061d08fadc6b9a5a8a,full_annotation_v1,A,q_안경_07,렌즈 사는 데,건강·의료 중 '안경'을 판매·제공하는 매장,val,안경,T4 구어·문장,1d56f4a0-e43b-41a8-a0f8-39fa70226f53,다봄안과의원,안과,구성언남 골목형상점가,골목형상점가,경기도,,,
7f834dff198b82b43f84,full_annotation_v1,A,q_안경_07,렌즈 사는 데,건강·의료 중 '안경'을 판매·제공하는 매장,val,안경,T4 구어·문장,1c8b5cc3-ee29-4beb-a221-fd81c019622a,안경세상,안경 및 렌즈,"일곡동(제4지역:쌍용,호반,청솔2,호반일신,청솔1)",골목형상점가,광주광역시,,,
f62256a405976ae713f6,full_annotation_v1,A,q_안경_07,렌즈 사는 데,건강·의료 중 '안경'을 판매·제공하는 매장,val,안경,T4 구어·문장,892ef420-5cee-4399-b8e8-6dab2d4f7244,대도안경원,안경 렌즈,두암사거리 골목형상점가,골목형상점가,광주광역시,,,
342a600574132775b8a5,full_annotation_v1,A,q_안경_07,렌즈 사는 데,건강·의료 중 '안경'을 판매·제공하는 매장,val,안경,T4 구어·문장,1871389d-e1e7-4d18-80da-2a78cdc0525a,고운빛안과,"안과, 건강기능식품",우산 동문로 골목형상점가,골목형상점가,광주광역시,,,
e40668a759a40278919e,full_annotation_v1,A,q_안경_07,렌즈 사는 데,건강·의료 중 '안경'을 판매·제공하는 매장,val,안경,T4 구어·문장,81d3b582-5633-4e31-84c8-3ec17e4b77d3,주머니프레시마트,신선식품,용인어정가구단지상점가,자율상권구역,경기도,,,
751495e5642b82f01ed7,full_annotation_v1,A,q_안경_07,렌즈 사는 데,건강·의료 중 '안경'을 판매·제공하는 매장,val,안경,T4 구어·문장,27144b4c-7d6f-4896-852d-cd50f6292055,시선온안경,안경 및 렌즈,영등포역지하도상점가,일반지하상점가,서울특별시,,,
c7f6ca1dbe90e7024b54,full_annotation_v1,A,q_안경_07,렌즈 사는 데,건강·의료 중 '안경'을 판매·제공하는 매장,val,안경,T4 구어·문장,852c8b79-b5bb-4f13-bf62-2569ba232090,윙크렌즈 대전은행점,렌즈,은행동상점가(구 으능정이상점가),자율상권구역,대전광역시,,,
912fb78ea741eb3b3fa1,full_annotation_v1,A,q_안경_07,렌즈 사는 데,건강·의료 중 '안경'을 판매·제공하는 매장,val,안경,T4 구어·문장,a95c60e1-aaaa-40ea-9a13-c0d46d15faad,오렌즈,"렌즈, 안경",천안신부문화거리상점가,자율상권구역,충청남도,,,
1a27ec90b230aa061bb9,full_annotation_v1,A,q_안경_07,렌즈 사는 데,건강·의료 중 '안경'을 판매·제공하는 매장,val,안경,T4 구어·문장,60811871-4b86-4cf3-88bb-21cb9addd38a,반석안경,안경 및 렌즈,남대문시장,전통시장,서울특별시,,,
8278275a6a40ae7199e2,full_annotation_v1,A,q_안경_07,렌즈 사는 데,건강·의료 중 '안경'을 판매·제공하는 매장,val,안경,T4 구어·문장,0d890497-fda2-4eea-a637-2320671a326e,얀헤어 컬렉션,,신성동상가 골목형상점가,골목형상점가,대전광역시,,,
defabced5b3904ebffa7,full_annotation_v1,A,q_안경_07,렌즈 사는 데,건강·의료 중 '안경'을 판매·제공하는 매장,val,안경,T4 구어·문장,00112248-81bc-4fca-ac3c-f6d684bcf294,데일리뷰 안경원,,성성1번가 골목형상점가,골목형상점가,충청남도,,,
78a6b02303384dbfd32c,full_annotation_v1,A,q_안경_07,렌즈 사는 데,건강·의료 중 '안경'을 판매·제공하는 매장,val,안경,T4 구어·문장,94a507d3-995f-4b99-92ce-f1bc0b5ea16b,이리스안경원,"안경, 렌즈",송도 타임스페이스 골목형상점가,골목형상점가,인천광역시,,,
7d7554c353566b3b4f7f,full_annotation_v1,A,q_안경_07,렌즈 사는 데,건강·의료 중 '안경'을 판매·제공하는 매장,val,안경,T4 구어·문장,0028e2be-f83a-47fd-83a9-f76bfb8df49a,청당안경렌즈미청당점,,청당4번가 골목형상점가,골목형상점가,충청남도,,,
91b85f3f7f767d46f359,full_annotation_v1,A,q_안경_07,렌즈 사는 데,건강·의료 중 '안경'을 판매·제공하는 매장,val,안경,T4 구어·문장,b0b9aeca-7955-4b61-a25e-593af048a8ec,오렌즈강남역지하쇼핑센터점,렌즈,강남역지하도상점가,일반지하상점가,서울특별시,,,
42a567fc9683b0e906a0,full_annotation_v1,A,q_안경_07,렌즈 사는 데,건강·의료 중 '안경'을 판매·제공하는 매장,val,안경,T4 구어·문장,8cf07b7f-7f32-49f0-a386-9de842f87af3,렌즈온 홍제점,안경 및 렌즈,홍제골목형상점가,골목형상점가,서울특별시,,,
14fc24e72ea04b56954e,full_annotation_v1,A,q_안경_07,렌즈 사는 데,건강·의료 중 '안경'을 판매·제공하는 매장,val,안경,T4 구어·문장,53228670-876c-47d9-a06e-9b857d9fdd3a,렌즈미 석계역점,렌즈,석계음식문화거리골목형상점가,골목형상점가,서울특별시,,,
b801c9c0b438231ddeba,full_annotation_v1,A,q_안경_07,렌즈 사는 데,건강·의료 중 '안경'을 판매·제공하는 매장,val,안경,T4 구어·문장,0fc37fc9-7cd0-4141-bce1-37be042d7ca7,모쿠안경,안경 및 렌즈,뒷개로청춘골목상점가,골목형상점가,전라남도,,,
8192db369a4348c5966d,full_annotation_v1,A,q_안경_07,렌즈 사는 데,건강·의료 중 '안경'을 판매·제공하는 매장,val,안경,T4 구어·문장,16a3e8d7-70cf-4d01-9b87-8b6c04e250a8,눈맞춤안경,안경 및 렌즈,신용동 골목형상점가,골목형상점가,광주광역시,,,
7b48eb3c138a260c9573,full_annotation_v1,A,q_안경_07,렌즈 사는 데,건강·의료 중 '안경'을 판매·제공하는 매장,val,안경,T4 구어·문장,077d4f81-e5a8-4c8f-8936-3a8ec57ffb1e,샷타,일식,황남상가시장,전통시장,경상북도,,,
b1ade06a9b423954fc7c,full_annotation_v1,A,q_안경_07,렌즈 사는 데,건강·의료 중 '안경'을 판매·제공하는 매장,val,안경,T4 구어·문장,250459a7-808d-48f1-a7dc-e54069c31a4e,이정민수산,한식,구룡포시장,전통시장,경상북도,,,
fb167ab4e4c4138aab05,full_annotation_v1,A,q_안경_07,렌즈 사는 데,건강·의료 중 '안경'을 판매·제공하는 매장,val,안경,T4 구어·문장,9e75b522-64fb-42b7-98f8-986d09920282,내눈안경,안경및 렌즈,임방울대로 골목형상점가,골목형상점가,광주광역시,,,
76493536cd205f0dc100,full_annotation_v1,A,q_안경_07,렌즈 사는 데,건강·의료 중 '안경'을 판매·제공하는 매장,val,안경,T4 구어·문장,010604a1-9bcd-4057-8360-47c77d14504a,굿모닝안경.콘택트,안경,서재소상공인연합회,골목형상점가,대구광역시,,,
528c80ee44db368ba13a,full_annotation_v1,A,q_안경_07,렌즈 사는 데,건강·의료 중 '안경'을 판매·제공하는 매장,val,안경,T4 구어·문장,1965be11-0923-408a-83df-3a1a999e4ca6,천안서울안과 신불당점의원,안과,시청앞 골목형상점가,골목형상점가,충청남도,,,
ba3a0883097b2153436e,full_annotation_v1,A,q_안경_07,렌즈 사는 데,건강·의료 중 '안경'을 판매·제공하는 매장,val,안경,T4 구어·문장,99b4c566-a24b-4a51-9d24-290641877ab5,오렌즈 노량진점,렌즈,노량진만나로골목형상점가,골목형상점가,서울특별시,,,
8a60f8aaff0f313fcb6d,full_annotation_v1,A,q_안경_07,렌즈 사는 데,건강·의료 중 '안경'을 판매·제공하는 매장,val,안경,T4 구어·문장,e0525c7a-7eef-489e-a78a-48774c606008,렌즈미 숙대점,렌즈,순헌황귀비길 골목형상점가,골목형상점가,서울특별시,,,
8891c8761d22251692b5,full_annotation_v1,A,q_안경_07,렌즈 사는 데,건강·의료 중 '안경'을 판매·제공하는 매장,val,안경,T4 구어·문장,42ac710d-407c-45af-b649-cab2013f7c2f,오케이으뜸안경 렌즈,"안경, 콘택트 렌즈",남대문시장,전통시장,서울특별시,,,
4c763f7cd900b7b7dfdb,full_annotation_v1,A,q_안경_07,렌즈 사는 데,건강·의료 중 '안경'을 판매·제공하는 매장,val,안경,T4 구어·문장,1cc9bca7-6be8-4a67-906a-d7a00b23c7a0,알찬안경,안경 및 렌즈,다산지금상점가,골목형상점가,경기도,,,
5698c2e73863adaecf31,full_annotation_v1,A,q_안경_07,렌즈 사는 데,건강·의료 중 '안경'을 판매·제공하는 매장,val,안경,T4 구어·문장,1eee504a-06d5-470b-a2d0-42e3920081cf,벌크커피수완성덕점,커피,성덕중사거리,골목형상점가,광주광역시,,,
d36dc1e7ce659f2fa7d6,full_annotation_v1,A,q_안경_07,렌즈 사는 데,건강·의료 중 '안경'을 판매·제공하는 매장,val,안경,T4 구어·문장,4cb79272-c9dc-44d7-82c4-35cf6651c07d,렌즈미안경이야기,안경 및 렌즈,상계역전종합상가,자율상권구역,서울특별시,,,
1f10d6707109e42ec3bb,full_annotation_v1,A,q_안경_07,렌즈 사는 데,건강·의료 중 '안경'을 판매·제공하는 매장,val,안경,T4 구어·문장,28e011e4-3fdd-48e9-88ed-86412ac7a545,원앤원안경,안경 렌즈,동림푸른 골목형상점가,골목형상점가,광주광역시,,,
c3d758f413da079653df,full_annotation_v1,A,q_안경_07,렌즈 사는 데,건강·의료 중 '안경'을 판매·제공하는 매장,val,안경,T4 구어·문장,94121930-553d-45f5-8314-4bd835d4c5e1,지니스안경,"안경, 렌즈",고운뜰 골목형상점가,골목형상점가,세종특별자치시,,,
ee89ac30eeff36b637cd,full_annotation_v1,A,q_안경_07,렌즈 사는 데,건강·의료 중 '안경'을 판매·제공하는 매장,val,안경,T4 구어·문장,5f56355f-6910-4a8c-9f19-9ce134456afe,렌즈타운대전점,렌즈,중앙로 지하상가 상점가,일반지하상점가,대전광역시,,,
79341fd0de8ac196fcda,full_annotation_v1,A,q_안경_07,렌즈 사는 데,건강·의료 중 '안경'을 판매·제공하는 매장,val,안경,T4 구어·문장,a7dba0aa-1591-4c93-b07c-05324356dbac,미래안경,안경 및 렌즈,더불어,골목형상점가,광주광역시,,,
38cc782a29f451feadc1,full_annotation_v1,A,q_안경_07,렌즈 사는 데,건강·의료 중 '안경'을 판매·제공하는 매장,val,안경,T4 구어·문장,12e2dab4-6ae9-470f-a5f3-9d63e995e94a,봄안경,안경 렌즈,구갈상점가,자율상권구역,경기도,,,
1cc2678ad23df538c9f8,full_annotation_v1,A,q_안경_07,렌즈 사는 데,건강·의료 중 '안경'을 판매·제공하는 매장,val,안경,T4 구어·문장,76e6c0ff-802c-4c0d-b966-f968bcba2908,아이룸안경원,"안경, 렌즈",아름동상점가,자율상권구역,세종특별자치시,,,
2b60daa287990675829c,full_annotation_v1,A,q_안경_07,렌즈 사는 데,건강·의료 중 '안경'을 판매·제공하는 매장,val,안경,T4 구어·문장,138c83ce-e576-43b5-aaee-8a04dc980d85,오렌즈 의정부민락점,렌즈,의정부로데오상점가,자율상권구역,경기도,,,
bbb4ff217ca20dfa56c5,full_annotation_v1,A,q_안경_07,렌즈 사는 데,건강·의료 중 '안경'을 판매·제공하는 매장,val,안경,T4 구어·문장,1af08a20-d71c-4412-b7b5-62cc240b9e66,공팔공안경렌즈베리,"안경, 렌즈",하당꽃길1가 골목형상점가,골목형상점가,전라남도,,,
1dd57fb0e5bf73b8b470,full_annotation_v1,A,q_안경_07,렌즈 사는 데,건강·의료 중 '안경'을 판매·제공하는 매장,val,안경,T4 구어·문장,282b0e8b-051c-49f9-a707-b982df803589,까라벨라 데 오르,스파게티,동명동 카페거리 골목형상점가,골목형상점가,광주광역시,,,
2640f4e204ca1f9f7dad,full_annotation_v1,A,q_안경_07,렌즈 사는 데,건강·의료 중 '안경'을 판매·제공하는 매장,val,안경,T4 구어·문장,bdbd2ab9-131d-4813-8097-223063476874,양재안경,안경 및 렌즈,양재시장,전통시장,서울특별시,,,
076f183fe1a4bcdf3494,full_annotation_v1,A,q_안경_07,렌즈 사는 데,건강·의료 중 '안경'을 판매·제공하는 매장,val,안경,T4 구어·문장,0031a77b-4f01-4757-a2e9-7eb65ae09ab0,글라스위드렌즈안경 울산대점,,울산대바보사거리 골목형상점가,골목형상점가,울산광역시,,,
cef12838b3ae9ce09d70,full_annotation_v1,A,q_안경_07,렌즈 사는 데,건강·의료 중 '안경'을 판매·제공하는 매장,val,안경,T4 구어·문장,d6f58d4c-7229-476b-af36-1ec89972be5f,남도한식뷔페,한식,금호행복시장(금호시장),전통시장,경기도,,,
f4c1d20f36dd4927eaf8,full_annotation_v1,A,q_안경_07,렌즈 사는 데,건강·의료 중 '안경'을 판매·제공하는 매장,val,안경,T4 구어·문장,32789481-d874-4491-ad29-f3fe4e56a189,레프쿠헨제과점,,신성동상가 골목형상점가,골목형상점가,대전광역시,,,
725b453d8a240b657948,full_annotation_v1,A,q_안경_07,렌즈 사는 데,건강·의료 중 '안경'을 판매·제공하는 매장,val,안경,T4 구어·문장,ad140c2f-41a0-4ecc-93ea-40c929fc173e,눈편한안경원,안경 렌즈,정서진중앙시장(구 서구중앙시장),전통시장,인천광역시,,,
4385d7689202c19e6b79,full_annotation_v1,A,q_안경_07,렌즈 사는 데,건강·의료 중 '안경'을 판매·제공하는 매장,val,안경,T4 구어·문장,089c4abc-f845-42b3-8b28-6b1ec3446b9a,황제찹쌀꽈배기,꽈배기,풍암우미상인회 골목형상점가,골목형상점가,광주광역시,,,
71a8a7824aeeacc35274,full_annotation_v1,A,q_안경_07,렌즈 사는 데,건강·의료 중 '안경'을 판매·제공하는 매장,val,안경,T4 구어·문장,e002a113-f5da-47c2-900b-5b2309041b1f,여리네일,네일,로마네시티 골목형상점가,골목형상점가,전북특별자치도,,,
1e80440ed5f95d1c40c6,full_annotation_v1,A,q_안경_07,렌즈 사는 데,건강·의료 중 '안경'을 판매·제공하는 매장,val,안경,T4 구어·문장,d8803fef-cfd0-418e-ab42-b0942f17494f,별빛살롱,미용실,양산동 골목형상점가,골목형상점가,광주광역시,,,
9e2a0cf8d48d9172a004,full_annotation_v1,A,q_안경_07,렌즈 사는 데,건강·의료 중 '안경'을 판매·제공하는 매장,val,안경,T4 구어·문장,0471350c-c444-4e1f-a437-77b0c6387314,오렌즈 건대점,렌즈,건대로데오거리골목형상점가,골목형상점가,서울특별시,,,
f34df11a93167e03545e,full_annotation_v1,A,q_안경_07,렌즈 사는 데,건강·의료 중 '안경'을 판매·제공하는 매장,val,안경,T4 구어·문장,8250eb33-1668-4487-9d99-1bac4e7f832f,렌즈미경주점,렌즈,경주중심상가,전통시장,경상북도,,,
4055d8deec99acc05816,full_annotation_v1,A,q_안경_07,렌즈 사는 데,건강·의료 중 '안경'을 판매·제공하는 매장,val,안경,T4 구어·문장,eac7f4bc-5efe-45c8-9168-d54b23b16198,으뜸50안경,렌즈 안경,산본로데오거리(구 산본중심상가),자율상권구역,경기도,,,
3b785f8e6483a678e568,full_annotation_v1,A,q_안경_07,렌즈 사는 데,건강·의료 중 '안경'을 판매·제공하는 매장,val,안경,T4 구어·문장,b26eb6b9-5d04-49af-bea4-1e711f60b53f,연세안경,안경 및 렌즈,성남코코프라자시장,전통시장,경기도,,,
2a4539c89cda566e404f,full_annotation_v1,A,q_안경_07,렌즈 사는 데,건강·의료 중 '안경'을 판매·제공하는 매장,val,안경,T4 구어·문장,a79d36de-b347-412c-9a46-21d3dc50400d,마커스안경원,"안경, 렌즈",초지항아리 골목형상점가,골목형상점가,경기도,,,
8c6ec4b9737600afe3c9,full_annotation_v1,A,q_안경_07,렌즈 사는 데,건강·의료 중 '안경'을 판매·제공하는 매장,val,안경,T4 구어·문장,ae6092ab-1861-45f9-9d1b-a419320a2855,렌즈미 건대점,렌즈,건대로데오거리골목형상점가,골목형상점가,서울특별시,,,
01a3a888c969ec23d2c3,full_annotation_v1,A,q_안경_07,렌즈 사는 데,건강·의료 중 '안경'을 판매·제공하는 매장,val,안경,T4 구어·문장,8a8528f5-af5c-4efc-a481-b84d124caf03,안경천국,안경 및 렌즈,구포역세권상점가,자율상권구역,부산광역시,,,
552b20f6fb0f35910409,full_annotation_v1,A,q_안경_07,렌즈 사는 데,건강·의료 중 '안경'을 판매·제공하는 매장,val,안경,T4 구어·문장,06ac8869-010e-4aa9-afc1-38fabb609929,꾸이수산,굴비 기타 수산물,말바우시장,전통시장,광주광역시,,,
daadd4ccddef1767cc57,full_annotation_v1,A,q_안경_07,렌즈 사는 데,건강·의료 중 '안경'을 판매·제공하는 매장,val,안경,T4 구어·문장,961a5af8-4415-4d21-a7f0-56024b829d67,킴스 안경,안경 및 렌즈,북동 골목형상점가,골목형상점가,광주광역시,,,
1638d53e652ca3eaefad,full_annotation_v1,A,q_안경_07,렌즈 사는 데,건강·의료 중 '안경'을 판매·제공하는 매장,val,안경,T4 구어·문장,7c239e96-e9e8-43b3-b765-c7e5ac29a556,상무안경,안경 및 렌즈,치평동중흥상가상인회 골목형상점가,골목형상점가,광주광역시,,,
ea5959acaefd8f091852,full_annotation_v1,A,q_안경_07,렌즈 사는 데,건강·의료 중 '안경'을 판매·제공하는 매장,val,안경,T4 구어·문장,3b20b0d9-3fb6-425a-8da5-9d3fd8b53631,아이렌즈,안경 및 렌즈,김제전통시장,전통시장,전북특별자치도,,,
24c7dc18ccea0c26c9aa,full_annotation_v1,A,q_안경_07,렌즈 사는 데,건강·의료 중 '안경'을 판매·제공하는 매장,val,안경,T4 구어·문장,dc0aecc3-c099-4b00-9aea-dfa139e08731,호이테안경,안경 렌즈,양주가래비중앙로상점가,골목형상점가,경기도,,,
9e12c5cdf16462c7fc4c,full_annotation_v1,A,q_안경_07,렌즈 사는 데,건강·의료 중 '안경'을 판매·제공하는 매장,val,안경,T4 구어·문장,1749d275-3dc5-427a-b680-5c853a65b661,정상기안과의원,안과,신세계앞상인회 골목형상점가,골목형상점가,광주광역시,,,
ae05c10b10366b128304,full_annotation_v1,A,q_안경_07,렌즈 사는 데,건강·의료 중 '안경'을 판매·제공하는 매장,val,안경,T4 구어·문장,5e3235d3-1536-4ab1-947c-19b874ca7db7,렌즈미 상동점,렌즈,상동역 골목형상점가,골목형상점가,경기도,,,
3e099730f564ffc55617,full_annotation_v1,A,q_안경_07,렌즈 사는 데,건강·의료 중 '안경'을 판매·제공하는 매장,val,안경,T4 구어·문장,3b75bb9d-5840-4896-97da-1e84b7cfe1b5,오렌즈 인하대점,렌즈,인하문화의거리 골목형상점가,골목형상점가,인천광역시,,,
1b81bbbf6c2375a9881a,full_annotation_v1,A,q_안경_07,렌즈 사는 데,건강·의료 중 '안경'을 판매·제공하는 매장,val,안경,T4 구어·문장,3581316b-89a8-4d80-a4fd-80fcff4ed254,렌즈미 첨단점,렌즈,LC타워거리 골목형상점가,골목형상점가,광주광역시,,,
9ae7d874706f14caba4c,full_annotation_v1,A,q_안경_07,렌즈 사는 데,건강·의료 중 '안경'을 판매·제공하는 매장,val,안경,T4 구어·문장,5c623ee6-27f0-4ec5-b753-74706fe64692,투아이안경콘택트,안경ㆍ렌즈,신가동 골목형상점가,골목형상점가,광주광역시,,,
5b3f3f9562db65a3c36a,full_annotation_v1,A,q_안경_07,렌즈 사는 데,건강·의료 중 '안경'을 판매·제공하는 매장,val,안경,T4 구어·문장,00efb47a-2e95-43a9-af76-8d8cd91d8c94,지니스안경세종새롬110호점,안경테 및 안경렌즈,새롬동 골목형상점가,골목형상점가,세종특별자치시,,,
5a7648e9605d325bbb61,full_annotation_v1,A,q_안경_07,렌즈 사는 데,건강·의료 중 '안경'을 판매·제공하는 매장,val,안경,T4 구어·문장,5f69b91d-194d-4a9b-ba41-90a048731b5f,늘푸른안경,"안경, 렌즈",창원 가음시장대상가,전통시장,경상남도,,,
53b9601b5e1db6a203ee,full_annotation_v1,A,q_안경_07,렌즈 사는 데,건강·의료 중 '안경'을 판매·제공하는 매장,val,안경,T4 구어·문장,d4033d48-56bc-47a7-9f5c-669d0fcf47e3,으뜸50안경인천루원시티점,"안경, 렌즈",루원음식문화거리,골목형상점가,인천광역시,,,
85c2c7f97eb5e04f7060,full_annotation_v1,A,q_안경_07,렌즈 사는 데,건강·의료 중 '안경'을 판매·제공하는 매장,val,안경,T4 구어·문장,2494ee05-d6bc-4681-aa6f-9258bd56da7c,탑킥보드,전동 레져 제품,성덕중사거리,골목형상점가,광주광역시,,,
ba6afde7ed8fd8bb307c,full_annotation_v1,A,q_안경_07,렌즈 사는 데,건강·의료 중 '안경'을 판매·제공하는 매장,val,안경,T4 구어·문장,780465cb-fe30-4c80-a260-660331b14690,피카소안경원,렌즈,공주산성시장,전통시장,충청남도,,,
e43706272cc1d98e8eb8,full_annotation_v1,A,q_안경_07,렌즈 사는 데,건강·의료 중 '안경'을 판매·제공하는 매장,val,안경,T4 구어·문장,bccee839-1de7-4a1f-9ee8-4d66faa8632b,일공공안경콘택트,안경 렌즈,세은 골목형상점가,골목형상점가,광주광역시,,,
743f73eff60e2511ce9e,full_annotation_v1,A,q_안경_07,렌즈 사는 데,건강·의료 중 '안경'을 판매·제공하는 매장,val,안경,T4 구어·문장,f14df4d3-9858-4a8b-8597-20fd477d8e32,갤러리 데 루치아,가구,용인어정가구단지상점가,자율상권구역,경기도,,,
79814dfa55e73b7a5750,full_annotation_v1,A,q_안경_07,렌즈 사는 데,건강·의료 중 '안경'을 판매·제공하는 매장,val,안경,T4 구어·문장,0184ed05-765c-4947-bbf8-dff527177252,안경을 찾는 사람들,안경,발안만세시장(구 발안시장),전통시장,경기도,,,
e38e0abeab715a2715e7,full_annotation_v1,A,q_안경_07,렌즈 사는 데,건강·의료 중 '안경'을 판매·제공하는 매장,val,안경,T4 구어·문장,4cf744c3-768d-49f4-8002-ee2a2aede2cf,보라안경,안경 및 렌즈,마재상인회 골목형상점가,골목형상점가,광주광역시,,,
cafa98c734f00b33897a,full_annotation_v1,A,q_안경_07,렌즈 사는 데,건강·의료 중 '안경'을 판매·제공하는 매장,val,안경,T4 구어·문장,019928e4-ddbb-47c4-951f-f3b31a893f1d,안경마을,안경 콘택트렌즈,구갈상점가,자율상권구역,경기도,,,
5cb9cee3d7a12dcf6273,full_annotation_v1,A,q_안경_07,렌즈 사는 데,건강·의료 중 '안경'을 판매·제공하는 매장,val,안경,T4 구어·문장,02822efb-f50a-45c4-8f4d-bfbba20a01e4,오렌즈충주점,"안경, 렌즈",성서중심시장(성서시장문화의거리 통합),전통시장,충청북도,,,
0c671cfb90457a69e46e,full_annotation_v1,A,q_안경_07,렌즈 사는 데,건강·의료 중 '안경'을 판매·제공하는 매장,val,안경,T4 구어·문장,435f7ee9-dd7d-44f7-a929-e60b8eb301c8,아이준안경원,안경 및 렌즈,서면지하도상가 부전몰,일반지하상점가,부산광역시,,,
186ce934818ebd5fa009,full_annotation_v1,A,q_안경_07,렌즈 사는 데,건강·의료 중 '안경'을 판매·제공하는 매장,val,안경,T4 구어·문장,d9fcba77-7097-405c-be85-0bd598d85f5c,백운안경,안경 및 렌즈,백운광장 골목형상점가,골목형상점가,광주광역시,,,
70314810b9bc20d899f3,full_annotation_v1,A,q_안경_07,렌즈 사는 데,건강·의료 중 '안경'을 판매·제공하는 매장,val,안경,T4 구어·문장,79104847-3273-45e6-9db5-2a7ef45a591a,팔레트,악세사리,충장로123가 상점가,자율상권구역,광주광역시,,,
5241b10541b0db1c68f1,full_annotation_v1,A,q_안경_07,렌즈 사는 데,건강·의료 중 '안경'을 판매·제공하는 매장,val,안경,T4 구어·문장,d6558c59-1756-4a6b-9aeb-cd8a92f095fd,오렌즈제천점,렌즈,제천시 원도심 상권활성화구역,상권활성화구역,충청북도,,,
0ad1118b34f14e4e1e46,full_annotation_v1,A,q_안경_07,렌즈 사는 데,건강·의료 중 '안경'을 판매·제공하는 매장,val,안경,T4 구어·문장,0900572f-f432-40a1-b404-ea203bd83729,윙크 광주첨단점,렌즈,첨단쌍이 골목형상점가,골목형상점가,광주광역시,,,
94445fa6b4ecf713f7fc,full_annotation_v1,A,q_안경_07,렌즈 사는 데,건강·의료 중 '안경'을 판매·제공하는 매장,val,안경,T4 구어·문장,c3a2e429-e02d-4e81-85f5-40f88e4d47e9,애체안경,렌즈,의정부역지하상가,일반지하상점가,경기도,,,
29c89dba5a9decd86be6,full_annotation_v1,A,q_안경_07,렌즈 사는 데,건강·의료 중 '안경'을 판매·제공하는 매장,val,안경,T4 구어·문장,6f464dc0-8e05-4805-8d72-fc6e52462d02,렌즈 미,콘택트렌즈,진주 로데오거리상점가,자율상권구역,경상남도,,,
d285d59dbaff793b3517,full_annotation_v1,A,q_안경_07,렌즈 사는 데,건강·의료 중 '안경'을 판매·제공하는 매장,val,안경,T4 구어·문장,407b6f73-4b3f-4aa7-b022-3e831c9045f8,오늘안경,안경 및 렌즈,화정로상인회 골목형상점가,골목형상점가,광주광역시,,,
38bd78ce4afeeecac42a,full_annotation_v1,A,q_안경_07,렌즈 사는 데,건강·의료 중 '안경'을 판매·제공하는 매장,val,안경,T4 구어·문장,0266bd67-c211-4ab4-bb83-af329b2ce979,공덕나인안경,안경콘택트렌즈,도화동상점가,자율상권구역,서울특별시,,,
df9c418c9d545d9c76d4,full_annotation_v1,A,q_안경_07,렌즈 사는 데,건강·의료 중 '안경'을 판매·제공하는 매장,val,안경,T4 구어·문장,04f19476-e44a-4945-b12f-11a8056325b4,렌즈미천안두정점,"안경, 렌즈",두정동상점가,자율상권구역,충청남도,,,
4087568df3dd78f50ca2,full_annotation_v1,A,q_안경_07,렌즈 사는 데,건강·의료 중 '안경'을 판매·제공하는 매장,val,안경,T4 구어·문장,011e75cb-eb08-4161-9b41-65e8d204464c,이지안경,안경및콘택트렌즈,BOCA 보카상점가,골목형상점가,경기도,,,
40e61329bd3a0cb905ec,full_annotation_v1,A,q_안경_07,렌즈 사는 데,건강·의료 중 '안경'을 판매·제공하는 매장,val,안경,T4 구어·문장,88c75a82-183b-4846-ad65-4da3e2391fe6,팔레트,악세사리,충장로123가 상점가,자율상권구역,광주광역시,,,
d6f410519d22f4055772,full_annotation_v1,A,q_안경_07,렌즈 사는 데,건강·의료 중 '안경'을 판매·제공하는 매장,val,안경,T4 구어·문장,8f185998-e9bc-4d43-8293-f1cf5ab9bfa4,삼시세끼,반찬,서정리시장(서정시장),전통시장,경기도,,,
50e7523dddfcf0f2d5ae,full_annotation_v1,A,q_안경_07,렌즈 사는 데,건강·의료 중 '안경'을 판매·제공하는 매장,val,안경,T4 구어·문장,d635e5eb-3dcb-4aeb-b0ef-fc18c897828b,안경마을남양점,"안경, 렌즈",화성남양시장,전통시장,경기도,,,
3c6620b678d171b982ba,full_annotation_v1,A,q_안경_07,렌즈 사는 데,건강·의료 중 '안경'을 판매·제공하는 매장,val,안경,T4 구어·문장,00c9a212-c673-4e9c-a890-7e39a3da51b6,파룩스안경원,안경,샘머리 골목형상점가,골목형상점가,대전광역시,,,
61cece3af4d6bcaed220,full_annotation_v1,A,q_안경_08,안경 맞추는 곳,건강·의료 중 '안경'을 판매·제공하는 매장,val,안경,T4 구어·문장,060313d2-6e9c-41c3-8e18-618796869fd2,삼호안경,안경,남대문시장,전통시장,서울특별시,,,
19e1d9cd63219f41f561,full_annotation_v1,A,q_안경_08,안경 맞추는 곳,건강·의료 중 '안경'을 판매·제공하는 매장,val,안경,T4 구어·문장,8e42c7f1-86b7-4617-9bd9-b82f43740f08,굿모닝 안경,안경,다사역 골목형상점가,골목형상점가,대구광역시,,,
e43853802dc512756b56,full_annotation_v1,A,q_안경_08,안경 맞추는 곳,건강·의료 중 '안경'을 판매·제공하는 매장,val,안경,T4 구어·문장,00efb47a-2e95-43a9-af76-8d8cd91d8c94,지니스안경세종새롬110호점,안경테 및 안경렌즈,새롬동 골목형상점가,골목형상점가,세종특별자치시,,,
7f2ea9089664a19b68ff,full_annotation_v1,A,q_안경_08,안경 맞추는 곳,건강·의료 중 '안경'을 판매·제공하는 매장,val,안경,T4 구어·문장,019928e4-ddbb-47c4-951f-f3b31a893f1d,안경마을,안경 콘택트렌즈,구갈상점가,자율상권구역,경기도,,,
a00f70814ee8b17111f8,full_annotation_v1,A,q_안경_08,안경 맞추는 곳,건강·의료 중 '안경'을 판매·제공하는 매장,val,안경,T4 구어·문장,99fe73e9-e6ec-421b-bdc7-8b26ad7ab4f6,이삭안경,안경,창원 성원그랜드쇼핑상가,전통시장,경상남도,,,
d1f89b55dde330afb5a8,full_annotation_v1,A,q_안경_08,안경 맞추는 곳,건강·의료 중 '안경'을 판매·제공하는 매장,val,안경,T4 구어·문장,33fa5284-2f2f-41e3-8be5-2bc9b389d453,진양안경,안경,남대문시장,전통시장,서울특별시,,,
3fa1c93983b5015ac18a,full_annotation_v1,A,q_안경_08,안경 맞추는 곳,건강·의료 중 '안경'을 판매·제공하는 매장,val,안경,T4 구어·문장,963c1f03-89bf-45e4-b272-d9083b710c24,산수 안경 콘택트,안경,산수 먹자골목 골목형상점가,골목형상점가,광주광역시,,,
7d4bc5bbd5f1663b3a7b,full_annotation_v1,A,q_안경_08,안경 맞추는 곳,건강·의료 중 '안경'을 판매·제공하는 매장,val,안경,T4 구어·문장,c111ac9d-3f3a-405c-a8db-4d127ccda9e2,행복이 있는 곳,잡화,제주로얄쇼핑센터,자율상권구역,제주특별자치도,,,
ff7e9e44769c5c8ca388,full_annotation_v1,A,q_안경_08,안경 맞추는 곳,건강·의료 중 '안경'을 판매·제공하는 매장,val,안경,T4 구어·문장,d15e11fe-c36a-49ac-81f2-df4720971d94,참안경,안경,창원 가음정시장,전통시장,경상남도,,,
a1ab46dc4e1554696c03,full_annotation_v1,A,q_안경_08,안경 맞추는 곳,건강·의료 중 '안경'을 판매·제공하는 매장,val,안경,T4 구어·문장,46fcd22f-b1d0-45d2-a6a3-fd99d7ff86a4,경희안경,안경,회기시장,전통시장,서울특별시,,,
503e3d3b13dc64497422,full_annotation_v1,A,q_안경_08,안경 맞추는 곳,건강·의료 중 '안경'을 판매·제공하는 매장,val,안경,T4 구어·문장,c0d0d1da-b940-4da1-8b13-2798e066f63c,나무(안경),안경,부산진시장,전통시장,부산광역시,,,
fc79eeea7d421232d7b5,full_annotation_v1,A,q_안경_08,안경 맞추는 곳,건강·의료 중 '안경'을 판매·제공하는 매장,val,안경,T4 구어·문장,e827637b-4fcf-427b-b0ff-9d86e74b0559,로젠안경,안경,과천새서울프라자시장,전통시장,경기도,,,
3cddfe886986a88d339c,full_annotation_v1,A,q_안경_08,안경 맞추는 곳,건강·의료 중 '안경'을 판매·제공하는 매장,val,안경,T4 구어·문장,5d851b48-be5c-4a17-b420-ff18ea2615a5,알파안경,안경,조원시장,전통시장,경기도,,,
64c329724e570d30975e,full_annotation_v1,A,q_안경_08,안경 맞추는 곳,건강·의료 중 '안경'을 판매·제공하는 매장,val,안경,T4 구어·문장,21f07841-1b93-4e20-bd36-b760df55e823,서울슈퍼,슈퍼,영주공설시장,전통시장,경상북도,,,
e3551b0b9a1857dd334a,full_annotation_v1,A,q_안경_08,안경 맞추는 곳,건강·의료 중 '안경'을 판매·제공하는 매장,val,안경,T4 구어·문장,2ecd6752-24ff-4ed7-8176-efde9c229108,안경 플러스,"안경, 콘택트렌즈",흥덕 다채움 골목형 상점가,골목형상점가,경기도,,,
1e1d9e78e051bce43d33,full_annotation_v1,A,q_안경_08,안경 맞추는 곳,건강·의료 중 '안경'을 판매·제공하는 매장,val,안경,T4 구어·문장,29faa1d7-404f-4dad-b0ef-68f63fcbe76a,이삭안경,안경,창원 반송시장,전통시장,경상남도,,,
e4284ad151b13c870ab3,full_annotation_v1,A,q_안경_08,안경 맞추는 곳,건강·의료 중 '안경'을 판매·제공하는 매장,val,안경,T4 구어·문장,ce27011c-4968-4ffa-a8c3-56f37ea28e0c,아이세이버 안경 상무점,안경,상무중앙상인회 골목형상점가,골목형상점가,광주광역시,,,
4a220e6d6050ed63ea8e,full_annotation_v1,A,q_안경_08,안경 맞추는 곳,건강·의료 중 '안경'을 판매·제공하는 매장,val,안경,T4 구어·문장,76a3551b-dae4-4326-92cc-662015aedbfb,쉴 곳,한식,칠성로상점가,자율상권구역,제주특별자치도,,,
08ecab4665d326d893dd,full_annotation_v1,A,q_안경_08,안경 맞추는 곳,건강·의료 중 '안경'을 판매·제공하는 매장,val,안경,T4 구어·문장,093ea5c0-1e17-4c19-9a37-9839c7c05ee2,스마일베이커리,꽈배기,느다리 골목형상점가,골목형상점가,대전광역시,,,
9ddce1f2f047d80e5beb,full_annotation_v1,A,q_안경_08,안경 맞추는 곳,건강·의료 중 '안경'을 판매·제공하는 매장,val,안경,T4 구어·문장,1f179de5-a781-4ab1-bb53-da91361efe1d,안경본데이,안경,신평골목시장,전통시장,부산광역시,,,
59f6b00164eb0d9a86ef,full_annotation_v1,A,q_안경_08,안경 맞추는 곳,건강·의료 중 '안경'을 판매·제공하는 매장,val,안경,T4 구어·문장,729b9608-b2ea-48cb-8e38-acffad482a09,동양안경,안경,사강시장,전통시장,경기도,,,
a5898c68542480b3e5ea,full_annotation_v1,A,q_안경_08,안경 맞추는 곳,건강·의료 중 '안경'을 판매·제공하는 매장,val,안경,T4 구어·문장,59d2f654-8838-4288-bb34-89bfd9ede628,준안경,안경,남대문시장,전통시장,서울특별시,,,
2b0fc95e4479b40068d4,full_annotation_v1,A,q_안경_08,안경 맞추는 곳,건강·의료 중 '안경'을 판매·제공하는 매장,val,안경,T4 구어·문장,b0cdada0-503d-4477-b828-edd7d701a68c,(주)동방플러스방이점,애견용품,방이시장,전통시장,서울특별시,,,
78f5c2cbd31926b09f48,full_annotation_v1,A,q_안경_08,안경 맞추는 곳,건강·의료 중 '안경'을 판매·제공하는 매장,val,안경,T4 구어·문장,3db56fb1-d020-4612-8de0-e71fd9a5183d,안경나라,안경,벽산황계로 골목형상점가,골목형상점가,광주광역시,,,
0cd575224672afe6bd63,full_annotation_v1,A,q_안경_08,안경 맞추는 곳,건강·의료 중 '안경'을 판매·제공하는 매장,val,안경,T4 구어·문장,0022ba93-553d-4d81-934b-054dfcb8309e,행복한안경,안경,태화시장,전통시장,울산광역시,,,
707af6551a9e8ef87c87,full_annotation_v1,A,q_안경_08,안경 맞추는 곳,건강·의료 중 '안경'을 판매·제공하는 매장,val,안경,T4 구어·문장,10c37937-c85c-4ddf-b630-18aecf5e1803,모든안경,안경,남대문시장,전통시장,서울특별시,,,
0b7be785752183f50717,full_annotation_v1,A,q_안경_08,안경 맞추는 곳,건강·의료 중 '안경'을 판매·제공하는 매장,val,안경,T4 구어·문장,71b36efe-4148-4504-8380-ad9ffddc9717,유가본가설렁탕,한식,느다리 골목형상점가,골목형상점가,대전광역시,,,
92163f3877918e9a583e,full_annotation_v1,A,q_안경_08,안경 맞추는 곳,건강·의료 중 '안경'을 판매·제공하는 매장,val,안경,T4 구어·문장,c17b9a52-3c4f-4bef-8187-a301675b55ab,안경사랑,안경,전주중앙상가시장,전통시장,전북특별자치도,,,
6ee5e2b1148a9786b61b,full_annotation_v1,A,q_안경_08,안경 맞추는 곳,건강·의료 중 '안경'을 판매·제공하는 매장,val,안경,T4 구어·문장,a510b7c6-56f3-4eed-a34f-6c78d56593dc,유니크 안경,"안경, 렌즈",과천스마트케이 골목형상점가,골목형상점가,경기도,,,
e81735ba9d814b31aff8,full_annotation_v1,A,q_안경_08,안경 맞추는 곳,건강·의료 중 '안경'을 판매·제공하는 매장,val,안경,T4 구어·문장,0e170be8-4e2c-4008-adbc-7539572b5fc6,성모안과의원,안과,선부광장로상점가,자율상권구역,경기도,,,
e1c5f8f989bc90133a5e,full_annotation_v1,A,q_안경_08,안경 맞추는 곳,건강·의료 중 '안경'을 판매·제공하는 매장,val,안경,T4 구어·문장,d20a1a7c-9d70-4a96-a046-73063a8dfa0d,굿모닝 안경,안경 렌즈,옥계 신나리 먹거리,골목형상점가,경상북도,,,
ce347d935207340633d8,full_annotation_v1,A,q_안경_08,안경 맞추는 곳,건강·의료 중 '안경'을 판매·제공하는 매장,val,안경,T4 구어·문장,28228304-ba41-47b6-a3ca-1a478cbf47c0,산수옥면가,모밀국수,학운 골목형상점가,골목형상점가,광주광역시,,,
f60566b38f22442872fb,full_annotation_v1,A,q_안경_08,안경 맞추는 곳,건강·의료 중 '안경'을 판매·제공하는 매장,val,안경,T4 구어·문장,e631c7fc-9962-4bc4-af1c-6aa64bd9cff8,안경家 (가),안경,뉴월드프라자골목형상점가,골목형상점가,경기도,,,
20b86999846893d3ee08,full_annotation_v1,A,q_안경_08,안경 맞추는 곳,건강·의료 중 '안경'을 판매·제공하는 매장,val,안경,T4 구어·문장,8cb40913-a55b-463e-8c80-79c30bc4257c,초밥세상,음식점,시청광장 지하쇼핑센터,일반지하상점가,서울특별시,,,
c8a6a99784a0dc72d90a,full_annotation_v1,A,q_안경_08,안경 맞추는 곳,건강·의료 중 '안경'을 판매·제공하는 매장,val,안경,T4 구어·문장,9d3b400b-5b1e-4f4b-8ed0-aa8b535fee99,조성민 안경 콘택트,안경,명동 지하쇼핑센터,일반지하상점가,서울특별시,,,
9e7f65838152ed15dafe,full_annotation_v1,A,q_안경_08,안경 맞추는 곳,건강·의료 중 '안경'을 판매·제공하는 매장,val,안경,T4 구어·문장,8dc7efad-9458-486d-bc8e-d5f14f7e99d9,바라보다 안경,안경 렌즈,권율 골목형상점가,골목형상점가,경기도,,,
55163bb18808f8738cbc,full_annotation_v1,A,q_안경_08,안경 맞추는 곳,건강·의료 중 '안경'을 판매·제공하는 매장,val,안경,T4 구어·문장,d309d034-1812-4e8d-8248-eddf35c195b9,모든안경,안경,화정꽃마을상인회 골목형상점가,골목형상점가,광주광역시,,,
131c7a30d9c05cc25ac7,full_annotation_v1,A,q_안경_08,안경 맞추는 곳,건강·의료 중 '안경'을 판매·제공하는 매장,val,안경,T4 구어·문장,a7697009-fd36-4e9d-9a3b-b4fc889dcfd5,이노티 안경 청라점,안경,청라언덕 골목형상점가,골목형상점가,대구광역시,,,
24772ddd8026628094e8,full_annotation_v1,A,q_안경_08,안경 맞추는 곳,건강·의료 중 '안경'을 판매·제공하는 매장,val,안경,T4 구어·문장,0184ed05-765c-4947-bbf8-dff527177252,안경을 찾는 사람들,안경,발안만세시장(구 발안시장),전통시장,경기도,,,
223da1c79b084cd749b5,full_annotation_v1,A,q_안경_08,안경 맞추는 곳,건강·의료 중 '안경'을 판매·제공하는 매장,val,안경,T4 구어·문장,b29af133-a3ab-4d3e-95d4-bdcf90382903,가인,의류,서문시장2지구 종합상가,전통시장,대구광역시,,,
b15c822d9102b44dfd20,full_annotation_v1,A,q_안경_08,안경 맞추는 곳,건강·의료 중 '안경'을 판매·제공하는 매장,val,안경,T4 구어·문장,02822efb-f50a-45c4-8f4d-bfbba20a01e4,오렌즈충주점,"안경, 렌즈",성서중심시장(성서시장문화의거리 통합),전통시장,충청북도,,,
6f777ba63ad7bad05a05,full_annotation_v1,A,q_안경_08,안경 맞추는 곳,건강·의료 중 '안경'을 판매·제공하는 매장,val,안경,T4 구어·문장,d6e82951-9610-44b3-a16b-bda93768c7b4,뉴욕안경,안경,강남역지하도상점가,일반지하상점가,서울특별시,,,
bbeb875dbaa187f94a1e,full_annotation_v1,A,q_안경_08,안경 맞추는 곳,건강·의료 중 '안경'을 판매·제공하는 매장,val,안경,T4 구어·문장,ccb032f5-c6e0-4c4a-8c8c-4df73fca757e,글라스온 안경,안경,첨단동행 골목형상점가,골목형상점가,광주광역시,,,
68c5d5a0897ce43d6048,full_annotation_v1,A,q_안경_08,안경 맞추는 곳,건강·의료 중 '안경'을 판매·제공하는 매장,val,안경,T4 구어·문장,8dd935d8-8133-4ce7-a87f-03ac2020c4a7,리갈안경,안경,명동 지하쇼핑센터,일반지하상점가,서울특별시,,,
c89c9bd6813513e121cf,full_annotation_v1,A,q_안경_08,안경 맞추는 곳,건강·의료 중 '안경'을 판매·제공하는 매장,val,안경,T4 구어·문장,22ecc35d-c99e-4b8e-a5d3-00e3f84f858d,로미(LOAMY),편의점,당감새시장,전통시장,부산광역시,,,
fefe07e9dd8faad65fc9,full_annotation_v1,A,q_안경_08,안경 맞추는 곳,건강·의료 중 '안경'을 판매·제공하는 매장,val,안경,T4 구어·문장,e7ae0967-e4d4-4ed7-9b1f-0923e141ae55,안경파크,안경,주안역지하도상점가,일반지하상점가,인천광역시,,,
6aadd2c68fd2bccba682,full_annotation_v1,A,q_안경_08,안경 맞추는 곳,건강·의료 중 '안경'을 판매·제공하는 매장,val,안경,T4 구어·문장,7aefe626-72ba-4db5-a7c1-652d1c91d286,안경나라,안경,우산 동문로 골목형상점가,골목형상점가,광주광역시,,,
2569bde5f283d24c0e2f,full_annotation_v1,A,q_안경_08,안경 맞추는 곳,건강·의료 중 '안경'을 판매·제공하는 매장,val,안경,T4 구어·문장,4e76be92-56ff-45e7-bed3-b3844d758167,로덴안경,안경,김해 대우유토피아상가,골목형상점가,경상남도,,,
8e06d2035ecde536c9e3,full_annotation_v1,A,q_안경_08,안경 맞추는 곳,건강·의료 중 '안경'을 판매·제공하는 매장,val,안경,T4 구어·문장,01bcb519-0fa6-438a-927f-cf3d578789e8,아이라이크안경by씨채널,안경,진천혁신골목형상점가,골목형상점가,충청북도,,,
ea5306fdf9d63dfd8b0d,full_annotation_v1,A,q_안경_08,안경 맞추는 곳,건강·의료 중 '안경'을 판매·제공하는 매장,val,안경,T4 구어·문장,375a2c65-f9d0-4a3b-a517-be37d79675d2,눈이랑 안경,안경 콘택즈,신월7동골목형상점가,골목형상점가,서울특별시,,,
685345a12027874a1b5f,full_annotation_v1,A,q_안경_08,안경 맞추는 곳,건강·의료 중 '안경'을 판매·제공하는 매장,val,안경,T4 구어·문장,289d3329-ed00-4d54-808e-9a25d20f9b38,스펙트럼 안경,안경.안경렌즈,스펙트럼시티 골목형상점가,골목형상점가,대구광역시,,,
0158c59c9ce49187ee61,full_annotation_v1,A,q_안경_08,안경 맞추는 곳,건강·의료 중 '안경'을 판매·제공하는 매장,val,안경,T4 구어·문장,920324cf-5110-4da6-8002-dc987b41faee,안경,안경 및 콘텍트렌즈,자양전통시장,전통시장,서울특별시,,,
bbdd9616831da8eb8d30,full_annotation_v1,A,q_안경_08,안경 맞추는 곳,건강·의료 중 '안경'을 판매·제공하는 매장,val,안경,T4 구어·문장,3ca6f1a2-d7d4-427e-b976-f62c219da667,카모,한식,조대 정문 골목형상점가,골목형상점가,광주광역시,,,
6fecad43311dca05b724,full_annotation_v1,A,q_안경_08,안경 맞추는 곳,건강·의료 중 '안경'을 판매·제공하는 매장,val,안경,T4 구어·문장,5f3eb22a-3a14-4e4a-a929-492d1d4759c4,매일떡방앗간,떡,함평천지 골목형상점가,골목형상점가,전라남도,,,
9cac8b15f46b6bab5d74,full_annotation_v1,A,q_안경_08,안경 맞추는 곳,건강·의료 중 '안경'을 판매·제공하는 매장,val,안경,T4 구어·문장,0e87829e-6dba-4e48-bccd-1fa6a2b1dd99,아이유 안경 콘택트,안경,매봉 골목형상점가,골목형상점가,광주광역시,,,
0cb44d4190a68cd2cb8a,full_annotation_v1,A,q_안경_08,안경 맞추는 곳,건강·의료 중 '안경'을 판매·제공하는 매장,val,안경,T4 구어·문장,00c9a212-c673-4e9c-a890-7e39a3da51b6,파룩스안경원,안경,샘머리 골목형상점가,골목형상점가,대전광역시,,,
269d482450d1ff85eea7,full_annotation_v1,A,q_안경_08,안경 맞추는 곳,건강·의료 중 '안경'을 판매·제공하는 매장,val,안경,T4 구어·문장,b43b445d-a1f7-4019-991b-e20e37e04409,아이파크 안경,안경,수원아이파크시티8단지상가 골목형상점가,골목형상점가,경기도,,,
b1e54f816778e93031f5,full_annotation_v1,A,q_안경_08,안경 맞추는 곳,건강·의료 중 '안경'을 판매·제공하는 매장,val,안경,T4 구어·문장,4c589b0f-72d6-4338-960f-72e9a3a16ad2,으뜸50안경,안경,서광주세무서앞상인회 골목형상점가,골목형상점가,광주광역시,,,
808d6dab53f7b317a5d4,full_annotation_v1,A,q_안경_08,안경 맞추는 곳,건강·의료 중 '안경'을 판매·제공하는 매장,val,안경,T4 구어·문장,ab27f098-a2a2-4833-93d4-230e881a6d0c,"안경,여수",안경,여수진남상가,자율상권구역,전라남도,,,
6088c435106fa5868e8a,full_annotation_v1,A,q_안경_08,안경 맞추는 곳,건강·의료 중 '안경'을 판매·제공하는 매장,val,안경,T4 구어·문장,c20ad57c-5d9e-4cd9-8dff-94be2ca1c274,아이탑안경,안경,매봉 골목형상점가,골목형상점가,광주광역시,,,
ac4b748bf1e2ab8d965b,full_annotation_v1,A,q_안경_08,안경 맞추는 곳,건강·의료 중 '안경'을 판매·제공하는 매장,val,안경,T4 구어·문장,0f0f7f91-5504-4d69-a3cc-dd8e3df100b2,제이 안경,안경,금암동 골목형상점가,골목형상점가,충청남도,,,
d90e43f5ea849e9a3f3f,full_annotation_v1,A,q_안경_08,안경 맞추는 곳,건강·의료 중 '안경'을 판매·제공하는 매장,val,안경,T4 구어·문장,1d56f4a0-e43b-41a8-a0f8-39fa70226f53,다봄안과의원,안과,구성언남 골목형상점가,골목형상점가,경기도,,,
32cbaa0b25d1169c542f,full_annotation_v1,A,q_안경_08,안경 맞추는 곳,건강·의료 중 '안경'을 판매·제공하는 매장,val,안경,T4 구어·문장,52e867bd-a673-4f27-8878-6647d9448a52,빛담안경,안경,효행구봉담상점가,골목형상점가,경기도,,,
210c5c3893bf94d1a95c,full_annotation_v1,A,q_안경_08,안경 맞추는 곳,건강·의료 중 '안경'을 판매·제공하는 매장,val,안경,T4 구어·문장,849239f4-1bbd-46ce-8fd3-7adf17432cf6,안경뱅크,안경,두암타운 골목형상점가,골목형상점가,광주광역시,,,
77240981348f7143cbdf,full_annotation_v1,A,q_안경_08,안경 맞추는 곳,건강·의료 중 '안경'을 판매·제공하는 매장,val,안경,T4 구어·문장,2a8fd43a-ddcf-4bdd-ba19-45ebcd665fa7,쎄븐나잇,한식,홍도동 상점가,자율상권구역,대전광역시,,,
5c1d619e3dbfe997a7a1,full_annotation_v1,A,q_안경_08,안경 맞추는 곳,건강·의료 중 '안경'을 판매·제공하는 매장,val,안경,T4 구어·문장,010604a1-9bcd-4057-8360-47c77d14504a,굿모닝안경.콘택트,안경,서재소상공인연합회,골목형상점가,대구광역시,,,
599e6d39b3a2d330ce1b,full_annotation_v1,A,q_안경_08,안경 맞추는 곳,건강·의료 중 '안경'을 판매·제공하는 매장,val,안경,T4 구어·문장,55abecfb-4113-4780-8cc9-30c4b8465e48,"안경, 바라봄",안경 렌즈,한들물빛도시 골목형 상점가,골목형상점가,충청남도,,,
fb83adad403ebded9993,full_annotation_v1,A,q_안경_08,안경 맞추는 곳,건강·의료 중 '안경'을 판매·제공하는 매장,val,안경,T4 구어·문장,192cd801-dacc-4251-8e50-ccfc6c1c9a9c,코코(현대)안경,안경,남대문시장,전통시장,서울특별시,,,
4758c0e474fa778ebf33,full_annotation_v1,A,q_안경_08,안경 맞추는 곳,건강·의료 중 '안경'을 판매·제공하는 매장,val,안경,T4 구어·문장,b2bafed9-9942-4a7f-8f66-11b039f89c9b,패션안경,안경,대가야 자율상권구역,,경상북도,,,
81592c0b13074218704c,full_annotation_v1,A,q_안경_08,안경 맞추는 곳,건강·의료 중 '안경'을 판매·제공하는 매장,val,안경,T4 구어·문장,75bc618e-37aa-4e2e-a9e9-bb39a6127319,라움안경,안경,효행구봉담상점가,골목형상점가,경기도,,,
3f7dfa7929606b8c3634,full_annotation_v1,A,q_안경_08,안경 맞추는 곳,건강·의료 중 '안경'을 판매·제공하는 매장,val,안경,T4 구어·문장,855bc04f-da0b-4ad7-b133-55177429c9a8,YOUEYE 안경,"안경, 콘택트렌즈",대왕암사거리 골목형상점가,골목형상점가,울산광역시,,,
0e1d872cb50c72fefc70,full_annotation_v1,A,q_안경_08,안경 맞추는 곳,건강·의료 중 '안경'을 판매·제공하는 매장,val,안경,T4 구어·문장,838be54f-b775-4e16-a910-1e4ca4c26be0,토탈안경,안경,탄방동 골목형상점가,골목형상점가,대전광역시,,,
9832a1aa52f8a6b3b0a0,full_annotation_v1,A,q_안경_08,안경 맞추는 곳,건강·의료 중 '안경'을 판매·제공하는 매장,val,안경,T4 구어·문장,886ea250-2afb-4829-917a-53d8e0a0d5d8,으뜸50안경,안경,춘천 원도심 상권활성화,상권활성화구역,강원특별자치도,,,
b0117ede3487508eae47,full_annotation_v1,A,q_안경_08,안경 맞추는 곳,건강·의료 중 '안경'을 판매·제공하는 매장,val,안경,T4 구어·문장,60de073d-4136-4956-b346-046fb99bdc2d,세종안경,안경,종촌동골목형상점가,골목형상점가,세종특별자치시,,,
3b5345a4756893e748d5,full_annotation_v1,A,q_안경_08,안경 맞추는 곳,건강·의료 중 '안경'을 판매·제공하는 매장,val,안경,T4 구어·문장,0266bd67-c211-4ab4-bb83-af329b2ce979,공덕나인안경,안경콘택트렌즈,도화동상점가,자율상권구역,서울특별시,,,
b66c8119d39fbb626ba3,full_annotation_v1,A,q_안경_08,안경 맞추는 곳,건강·의료 중 '안경'을 판매·제공하는 매장,val,안경,T4 구어·문장,0031a77b-4f01-4757-a2e9-7eb65ae09ab0,글라스위드렌즈안경 울산대점,,울산대바보사거리 골목형상점가,골목형상점가,울산광역시,,,
f793f2ce9e7f50f9d8ff,full_annotation_v1,A,q_안경_08,안경 맞추는 곳,건강·의료 중 '안경'을 판매·제공하는 매장,val,안경,T4 구어·문장,574f4fef-2585-4f59-acbe-66f6545267e7,안경나라,안경,설악눈메골시장,전통시장,경기도,,,
5a1b6d11ac2493409c2c,full_annotation_v1,A,q_안경_08,안경 맞추는 곳,건강·의료 중 '안경'을 판매·제공하는 매장,val,안경,T4 구어·문장,92b49116-07cc-4994-b827-ea8003be5bf0,아이패밀리 안경,안경,롯데프라자 골목형상점가,골목형상점가,경기도,,,
5a249ad16132520be960,full_annotation_v1,A,q_안경_08,안경 맞추는 곳,건강·의료 중 '안경'을 판매·제공하는 매장,val,안경,T4 구어·문장,f2466ce6-f8e5-4241-ac26-6bb54cefe8c6,"안경, 오늘",안경,유천택지올림픽길골목형상점가,골목형상점가,강원특별자치도,,,
9561f5fc34a4e1bd9b9b,full_annotation_v1,A,q_안경_08,안경 맞추는 곳,건강·의료 중 '안경'을 판매·제공하는 매장,val,안경,T4 구어·문장,d86d26a7-ee00-4e4d-87ab-d0d74495efec,헤이키,커피,조대 정문 골목형상점가,골목형상점가,광주광역시,,,
1083805eb3a22825a886,full_annotation_v1,A,q_안경_08,안경 맞추는 곳,건강·의료 중 '안경'을 판매·제공하는 매장,val,안경,T4 구어·문장,eb1957f7-b6f5-4222-af0a-8e327ac16492,안경맘,안경,구매탄시장,전통시장,경기도,,,
63806e11e06f411ca02c,full_annotation_v1,A,q_안경_08,안경 맞추는 곳,건강·의료 중 '안경'을 판매·제공하는 매장,val,안경,T4 구어·문장,10262624-5d0a-4091-8c44-f6c713d3c98c,아이디어 안경,안경,동천동먹자골목1번가상인회 골목형상점가,골목형상점가,광주광역시,,,
21357df681276b6708d5,full_annotation_v1,A,q_안경_08,안경 맞추는 곳,건강·의료 중 '안경'을 판매·제공하는 매장,val,안경,T4 구어·문장,6dbe7b37-1874-4ed8-8a46-b480f5b94bd0,남시안경,안경,남대문로골목형상점가,골목형상점가,서울특별시,,,
2af900447cab30cb5ff8,full_annotation_v1,A,q_안경_08,안경 맞추는 곳,건강·의료 중 '안경'을 판매·제공하는 매장,val,안경,T4 구어·문장,aacac575-3e2e-4fbf-9844-aa541c66b631,2.0 안경,안경,사당4골목형상점가,골목형상점가,서울특별시,,,
4e59c8f001500bc642c1,full_annotation_v1,A,q_안경_08,안경 맞추는 곳,건강·의료 중 '안경'을 판매·제공하는 매장,val,안경,T4 구어·문장,2743811c-5e71-4d2b-aa75-1b0147d44f2d,사우 꽃이 피는 곳,꽃,김포 풍년마을 골목형상점가,골목형상점가,경기도,,,
70de837a9438d9bb6c9a,full_annotation_v1,A,q_안경_08,안경 맞추는 곳,건강·의료 중 '안경'을 판매·제공하는 매장,val,안경,T4 구어·문장,586cb130-b586-4d53-959f-c2534361da51,에이에스 안경,안경,구매탄시장,전통시장,경기도,,,
457b3ffffe3b13726e73,full_annotation_v1,A,q_안경_08,안경 맞추는 곳,건강·의료 중 '안경'을 판매·제공하는 매장,val,안경,T4 구어·문장,45fb1dd2-5346-4064-8e92-e169a4a4c461,아름양품 토탈세탁소,의류,홍도동 상점가,자율상권구역,대전광역시,,,
929467201b8e7c4f9f9f,full_annotation_v1,A,q_안경_08,안경 맞추는 곳,건강·의료 중 '안경'을 판매·제공하는 매장,val,안경,T4 구어·문장,1965be11-0923-408a-83df-3a1a999e4ca6,천안서울안과 신불당점의원,안과,시청앞 골목형상점가,골목형상점가,충청남도,,,
2ef2cd9af0a2740c6125,full_annotation_v1,A,q_안경_08,안경 맞추는 곳,건강·의료 중 '안경'을 판매·제공하는 매장,val,안경,T4 구어·문장,4805e403-d672-4fbb-a5cf-1d066818ee54,더클래스 안경,안경,중흥 골목형상점가,골목형상점가,부산광역시,,,
a0c27addf6f90dc95a43,full_annotation_v1,A,q_안경_08,안경 맞추는 곳,건강·의료 중 '안경'을 판매·제공하는 매장,val,안경,T4 구어·문장,da1ab000-5bdd-42d8-8b40-5918cd11b076,으뜸+안경,안경,순천연향패션상가,자율상권구역,전라남도,,,
3fe980d09503f6080f01,full_annotation_v1,A,q_안경_08,안경 맞추는 곳,건강·의료 중 '안경'을 판매·제공하는 매장,val,안경,T4 구어·문장,8a7e4c58-2e87-4ff2-bd8e-f452de6a0476,일로아 안경,안경,남악사랑 골목형상점가,골목형상점가,전라남도,,,
3fa233df6f5c57083b52,full_annotation_v1,A,q_안경_08,안경 맞추는 곳,건강·의료 중 '안경'을 판매·제공하는 매장,val,안경,T4 구어·문장,5bc718eb-884b-481b-a511-1ca7b581aaf8,맑은눈 안경 콘택트,안경,까치산시장,전통시장,서울특별시,,,
716cc6f8f21c4c511399,full_annotation_v1,A,q_안경_08,안경 맞추는 곳,건강·의료 중 '안경'을 판매·제공하는 매장,val,안경,T4 구어·문장,75145b4e-9889-4b30-b9d1-28e4451d3ff7,동숭안경,안경,학운동 365 골목형상점가,골목형상점가,광주광역시,,,
ab5e316287d2ea33327f,full_annotation_v1,A,q_안경_08,안경 맞추는 곳,건강·의료 중 '안경'을 판매·제공하는 매장,val,안경,T4 구어·문장,af1b25ef-5d32-4a40-a3fd-57a94bbd0fe3,안경나라,안경,왕지상가,자율상권구역,전라남도,,,
3e1ff6ba277c3ce51f76,full_annotation_v1,A,q_안경_08,안경 맞추는 곳,건강·의료 중 '안경'을 판매·제공하는 매장,val,안경,T4 구어·문장,26375764-dfcc-41da-beae-247fdb10f3a3,소망안경,안경,남대문로 지하도상가,일반지하상점가,서울특별시,,,
02b859cf7e5ba4543e66,full_annotation_v1,A,q_안경_08,안경 맞추는 곳,건강·의료 중 '안경'을 판매·제공하는 매장,val,안경,T4 구어·문장,3e7ab85c-ea7f-44ee-bee2-67947757b532,안경 정주다,안경,매탄중심상가 골목형상점가,골목형상점가,경기도,,,
e077db1fe263389fd0e2,full_annotation_v1,A,q_안경_08,안경 맞추는 곳,건강·의료 중 '안경'을 판매·제공하는 매장,val,안경,T4 구어·문장,011e75cb-eb08-4161-9b41-65e8d204464c,이지안경,안경및콘택트렌즈,BOCA 보카상점가,골목형상점가,경기도,,,
86ab28038f55ade5dba0,full_annotation_v1,A,q_안경_08,안경 맞추는 곳,건강·의료 중 '안경'을 판매·제공하는 매장,val,안경,T4 구어·문장,6c7c780f-f95e-4f75-a58f-c94454ca1362,으뜸50 안경,안경,충장로123가 상점가,자율상권구역,광주광역시,,,
719e1f1978969ae06116,full_annotation_v1,A,q_안경_08,안경 맞추는 곳,건강·의료 중 '안경'을 판매·제공하는 매장,val,안경,T4 구어·문장,160afd3a-025a-4a8f-b1e8-fc2f3e95d1a9,천지애포크,한우한돈,함평천지 골목형상점가,골목형상점가,전라남도,,,
ae4698db4a0248441105,full_annotation_v1,A,q_안경_08,안경 맞추는 곳,건강·의료 중 '안경'을 판매·제공하는 매장,val,안경,T4 구어·문장,24d4d97d-3a87-478d-93a1-332d5fed6f57,스위스 안경 콘택트,안경,노은역 골목형상점가,골목형상점가,대전광역시,,,
21b4f0749715a1be6fdc,full_annotation_v1,A,q_안경_08,안경 맞추는 곳,건강·의료 중 '안경'을 판매·제공하는 매장,val,안경,T4 구어·문장,1749d275-3dc5-427a-b680-5c853a65b661,정상기안과의원,안과,신세계앞상인회 골목형상점가,골목형상점가,광주광역시,,,
b75d8f95860d9a14731b,full_annotation_v1,A,q_안경_08,안경 맞추는 곳,건강·의료 중 '안경'을 판매·제공하는 매장,val,안경,T4 구어·문장,e255f009-13bc-465e-a4d7-fc4ffa518303,태환선식,제조(선식),부전상가시장,전통시장,부산광역시,,,
7e9b91753872996212fc,full_annotation_v1,A,q_안경_08,안경 맞추는 곳,건강·의료 중 '안경'을 판매·제공하는 매장,val,안경,T4 구어·문장,0028e2be-f83a-47fd-83a9-f76bfb8df49a,청당안경렌즈미청당점,,청당4번가 골목형상점가,골목형상점가,충청남도,,,
92e29b00c600fe498ecb,full_annotation_v1,A,q_안경_08,안경 맞추는 곳,건강·의료 중 '안경'을 판매·제공하는 매장,val,안경,T4 구어·문장,c2928fd2-ba68-4781-89cd-bad1f2b88985,대동(샘)안경,안경,동해남부재래시장,전통시장,강원특별자치도,,,
9a21e9f37897eea0d1f1,full_annotation_v1,A,q_안경_08,안경 맞추는 곳,건강·의료 중 '안경'을 판매·제공하는 매장,val,안경,T4 구어·문장,00112248-81bc-4fca-ac3c-f6d684bcf294,데일리뷰 안경원,,성성1번가 골목형상점가,골목형상점가,충청남도,,,
4fe430447878f47a1204,full_annotation_v1,A,q_안경_08,안경 맞추는 곳,건강·의료 중 '안경'을 판매·제공하는 매장,val,안경,T4 구어·문장,7e90589b-8c1f-4da8-a8b3-7404fa21f02c,한국안경,안경,(지정취소)다산마을상가거리골목형상점가,골목형상점가,서울특별시,,,
f114fddc1ecbfa7489c6,full_annotation_v1,A,q_안경_08,안경 맞추는 곳,건강·의료 중 '안경'을 판매·제공하는 매장,val,안경,T4 구어·문장,003ea83c-ef37-4c55-ae9b-a59c93d1201f,K비젼안경 효천점,안경 및 콘택트렌즈,효천로 골목형상점가,골목형상점가,광주광역시,,,
a5f287ab3c294c5af8c0,full_annotation_v1,A,q_안경_08,안경 맞추는 곳,건강·의료 중 '안경'을 판매·제공하는 매장,val,안경,T4 구어·문장,4c00ede7-1c1a-479e-9106-d0e95ed779c6,안경나라,안경,군산나운상가 골목형상점가,골목형상점가,전북특별자치도,,,
f95a2a72fe003ac8cbf8,full_annotation_v1,A,q_안경_08,안경 맞추는 곳,건강·의료 중 '안경'을 판매·제공하는 매장,val,안경,T4 구어·문장,c0802d45-bbbc-45bc-852e-8ff2de06e80d,중앙안경,안경,서귀포중심상가번영회,자율상권구역,제주특별자치도,,,
be97ceb90d83f7ab1b29,full_annotation_v1,A,q_안경_08,안경 맞추는 곳,건강·의료 중 '안경'을 판매·제공하는 매장,val,안경,T4 구어·문장,1871389d-e1e7-4d18-80da-2a78cdc0525a,고운빛안과,"안과, 건강기능식품",우산 동문로 골목형상점가,골목형상점가,광주광역시,,,
95a69fe9ea899d8197b7,full_annotation_v1,A,q_안경_08,안경 맞추는 곳,건강·의료 중 '안경'을 판매·제공하는 매장,val,안경,T4 구어·문장,40b2fc46-2e18-4728-bd1a-d2acdb5e9183,라쌍떼안경,안경,직산읍삼은1번가골목형상점가,골목형상점가,충청남도,,,
53c3891ed2cb4db54230,full_annotation_v1,A,q_안경_08,안경 맞추는 곳,건강·의료 중 '안경'을 판매·제공하는 매장,val,안경,T4 구어·문장,05cc841f-4ab1-443b-b975-5d9a4ddb6710,글라스온 안경 화정점,안경,짚봉산상인회 골목형상점가,골목형상점가,광주광역시,,,
ccd239562f67be683824,full_annotation_v1,A,q_안경_08,안경 맞추는 곳,건강·의료 중 '안경'을 판매·제공하는 매장,val,안경,T4 구어·문장,e1a5606c-6125-4317-a688-5dddf4fbd89f,으뜸50안경,안경,전남대후문골목형상점가,골목형상점가,광주광역시,,,
527901129ea611615c1c,full_annotation_v1,A,q_안경_08,안경 맞추는 곳,건강·의료 중 '안경'을 판매·제공하는 매장,val,안경,T4 구어·문장,6dd16b9d-3b09-47e6-b4b6-c1485fafba26,으뜸50안경,안경,아름동상점가,자율상권구역,세종특별자치시,,,
c712b6d4db34040ba7eb,full_annotation_v1,A,q_안경_08,안경 맞추는 곳,건강·의료 중 '안경'을 판매·제공하는 매장,val,안경,T4 구어·문장,f5e0d3c3-efa0-472f-a04b-0f015728d54b,안경 세상,안경,장흥중앙로 골목형상점가,골목형상점가,전라남도,,,
29d10e8ff78d514ee9c0,full_annotation_v1,A,q_안경_08,안경 맞추는 곳,건강·의료 중 '안경'을 판매·제공하는 매장,val,안경,T4 구어·문장,24456103-f6b8-46af-8655-82e61d7265d8,커피가 머무르는 곳,커피,반드레길골목형상점가,골목형상점가,서울특별시,,,
6c9b114ec3d6b47dea36,full_annotation_v1,A,q_안경_08,안경 맞추는 곳,건강·의료 중 '안경'을 판매·제공하는 매장,val,안경,T4 구어·문장,a63d109c-f9cc-4a64-9a4f-3bf176c8f1c7,보람안경,안경,남대문시장,전통시장,서울특별시,,,
d1c785d374e5643c04bf,full_annotation_v1,A,q_안경_08,안경 맞추는 곳,건강·의료 중 '안경'을 판매·제공하는 매장,val,안경,T4 구어·문장,e0e179fc-fdfe-46c3-9d8f-0f0277e204a5,신화,중식,조대 정문 골목형상점가,골목형상점가,광주광역시,,,
766afbd1a480e8f5fd60,full_annotation_v1,A,q_안경_09,안경점,건강·의료 중 '안경'을 판매·제공하는 매장,val,안경,T4 구어·문장,9efe0ed4-05ae-4e01-b929-f7a7264dc509,한국안경백화점,안경점,작전시장,전통시장,인천광역시,,,
e2c156dcf252b2bffb97,full_annotation_v1,A,q_안경_09,안경점,건강·의료 중 '안경'을 판매·제공하는 매장,val,안경,T4 구어·문장,c17b9a52-3c4f-4bef-8187-a301675b55ab,안경사랑,안경,전주중앙상가시장,전통시장,전북특별자치도,,,
336765c6488964085573,full_annotation_v1,A,q_안경_09,안경점,건강·의료 중 '안경'을 판매·제공하는 매장,val,안경,T4 구어·문장,7ef5a7a8-b7e5-48a2-b948-721ad8df8b40,안경박사,안경점,서원동상점가,자율상권구역,서울특별시,,,
aec56eabb8a404fbe3fd,full_annotation_v1,A,q_안경_09,안경점,건강·의료 중 '안경'을 판매·제공하는 매장,val,안경,T4 구어·문장,44e64d09-1d9a-48e8-95fb-40881ff5825b,더벤티 광주호남대점,"커피, 음료 등",선운별 골목형상점가,골목형상점가,광주광역시,,,
ae9af4afd8791f039ad1,full_annotation_v1,A,q_안경_09,안경점,건강·의료 중 '안경'을 판매·제공하는 매장,val,안경,T4 구어·문장,3c59d851-9970-4b17-8f15-bc79f067ba31,뚜껑집부대찌개,음식점,동원전통시장상점가,자율상권구역,서울특별시,,,
4ee53b055741159bb4cc,full_annotation_v1,A,q_안경_09,안경점,건강·의료 중 '안경'을 판매·제공하는 매장,val,안경,T4 구어·문장,0031a77b-4f01-4757-a2e9-7eb65ae09ab0,글라스위드렌즈안경 울산대점,,울산대바보사거리 골목형상점가,골목형상점가,울산광역시,,,
0fd9915256825188c450,full_annotation_v1,A,q_안경_09,안경점,건강·의료 중 '안경'을 판매·제공하는 매장,val,안경,T4 구어·문장,4f65a125-27a6-4c33-a1de-cd30a51b0dd3,안경기업 양주점,안경점,엄상마을상점가,골목형상점가,경기도,,,
fe5a7cfa6e611233f713,full_annotation_v1,A,q_안경_09,안경점,건강·의료 중 '안경'을 판매·제공하는 매장,val,안경,T4 구어·문장,0028e2be-f83a-47fd-83a9-f76bfb8df49a,청당안경렌즈미청당점,,청당4번가 골목형상점가,골목형상점가,충청남도,,,
de909bf150511042a059,full_annotation_v1,A,q_안경_09,안경점,건강·의료 중 '안경'을 판매·제공하는 매장,val,안경,T4 구어·문장,fe60f560-afe4-4dd1-8c3f-fe0cf029bbaf,안경집,안경,사리골상점가,자율상권구역,경기도,,,
8f76f3576ab59227f38e,full_annotation_v1,A,q_안경_09,안경점,건강·의료 중 '안경'을 판매·제공하는 매장,val,안경,T4 구어·문장,849239f4-1bbd-46ce-8fd3-7adf17432cf6,안경뱅크,안경,두암타운 골목형상점가,골목형상점가,광주광역시,,,
0a7b2aaa2c2e58e21e00,full_annotation_v1,A,q_안경_09,안경점,건강·의료 중 '안경'을 판매·제공하는 매장,val,안경,T4 구어·문장,02822efb-f50a-45c4-8f4d-bfbba20a01e4,오렌즈충주점,"안경, 렌즈",성서중심시장(성서시장문화의거리 통합),전통시장,충청북도,,,
1066c3ded27a550939ef,full_annotation_v1,A,q_안경_09,안경점,건강·의료 중 '안경'을 판매·제공하는 매장,val,안경,T4 구어·문장,d0e4b46c-8ffd-4fe8-862c-2a7dedb74827,안경도시,안경,중랑동부시장,전통시장,서울특별시,,,
b318ce645b8539e05464,full_annotation_v1,A,q_안경_09,안경점,건강·의료 중 '안경'을 판매·제공하는 매장,val,안경,T4 구어·문장,c8c08ade-4b9a-4b8a-a652-20e5a380bc64,코스모안경점,안경,만물의거리시장,전통시장,부산광역시,,,
8c4ee8bbed2f8b3c629e,full_annotation_v1,A,q_안경_09,안경점,건강·의료 중 '안경'을 판매·제공하는 매장,val,안경,T4 구어·문장,00c9a212-c673-4e9c-a890-7e39a3da51b6,파룩스안경원,안경,샘머리 골목형상점가,골목형상점가,대전광역시,,,
d31eac07b073b04817f5,full_annotation_v1,A,q_안경_09,안경점,건강·의료 중 '안경'을 판매·제공하는 매장,val,안경,T4 구어·문장,010604a1-9bcd-4057-8360-47c77d14504a,굿모닝안경.콘택트,안경,서재소상공인연합회,골목형상점가,대구광역시,,,
55d359c904d604b69f36,full_annotation_v1,A,q_안경_09,안경점,건강·의료 중 '안경'을 판매·제공하는 매장,val,안경,T4 구어·문장,8dbfc61b-29f2-431d-80e8-856c7ab9ea2b,동신구내안경점,안경,두암1동행정복지센터주변 골목형상점가,골목형상점가,광주광역시,,,
068c791f3478fa358d86,full_annotation_v1,A,q_안경_09,안경점,건강·의료 중 '안경'을 판매·제공하는 매장,val,안경,T4 구어·문장,e4a58baa-c133-4274-993e-2a575d0d0bf2,한독안경,안경점,남대문시장,전통시장,서울특별시,,,
b16d936d36c3347090ae,full_annotation_v1,A,q_안경_09,안경점,건강·의료 중 '안경'을 판매·제공하는 매장,val,안경,T4 구어·문장,0266bd67-c211-4ab4-bb83-af329b2ce979,공덕나인안경,안경콘택트렌즈,도화동상점가,자율상권구역,서울특별시,,,
1330acf6b5e9609a78f6,full_annotation_v1,A,q_안경_09,안경점,건강·의료 중 '안경'을 판매·제공하는 매장,val,안경,T4 구어·문장,d0659fd2-f80f-4d28-aa32-34b77fbaecb5,굿아이스크림할인점 신도봉점,제과,신도봉시장,전통시장,서울특별시,,,
862d52b92d422b2c965b,full_annotation_v1,A,q_안경_09,안경점,건강·의료 중 '안경'을 판매·제공하는 매장,val,안경,T4 구어·문장,94189e63-e824-4239-88f2-c2f587330ad0,안경천국,안경,송정동 상점가,자율상권구역,경기도,,,
3fc09e21421967f51205,full_annotation_v1,A,q_안경_09,안경점,건강·의료 중 '안경'을 판매·제공하는 매장,val,안경,T4 구어·문장,0022ba93-553d-4d81-934b-054dfcb8309e,행복한안경,안경,태화시장,전통시장,울산광역시,,,
b3ffacd4dd8d2648b276,full_annotation_v1,A,q_안경_09,안경점,건강·의료 중 '안경'을 판매·제공하는 매장,val,안경,T4 구어·문장,e8538ff3-56b8-4a59-9ca6-49db45a211c9,독일베스트보청기,보청기,당진원시가지상가,자율상권구역,충청남도,,,
0a9e84f0706bda91d361,full_annotation_v1,A,q_안경_09,안경점,건강·의료 중 '안경'을 판매·제공하는 매장,val,안경,T4 구어·문장,2f7eef32-f435-41ff-89e7-3a2aa3684ec9,안경나라,안경점,충주관아골상가,전통시장,충청북도,,,
d08c56583db4db3a6e74,full_annotation_v1,A,q_안경_09,안경점,건강·의료 중 '안경'을 판매·제공하는 매장,val,안경,T4 구어·문장,69663322-f83a-40a4-9e35-ca9e447d1d8e,일번가안경콘택트,안경점,남대문시장,전통시장,서울특별시,,,
f7729264a7997a9083cf,full_annotation_v1,A,q_안경_09,안경점,건강·의료 중 '안경'을 판매·제공하는 매장,val,안경,T4 구어·문장,019928e4-ddbb-47c4-951f-f3b31a893f1d,안경마을,안경 콘택트렌즈,구갈상점가,자율상권구역,경기도,,,
e5dfead685e6853efbed,full_annotation_v1,A,q_안경_09,안경점,건강·의료 중 '안경'을 판매·제공하는 매장,val,안경,T4 구어·문장,89f60e10-4ab9-4a43-954a-ce4da31349d4,르네헤어,미용실,금호상인회 골목형상점가,골목형상점가,광주광역시,,,
63e1eb4799f3d89f8247,full_annotation_v1,A,q_안경_09,안경점,건강·의료 중 '안경'을 판매·제공하는 매장,val,안경,T4 구어·문장,1f209633-8dbe-4dba-8226-5e24605242b0,안경갤러리,안경,한림대골목형상점가,골목형상점가,강원특별자치도,,,
5dd152a5652e5a6034ae,full_annotation_v1,A,q_안경_09,안경점,건강·의료 중 '안경'을 판매·제공하는 매장,val,안경,T4 구어·문장,784c6db0-6014-47b8-8feb-f11856f4e95e,우리안경점,안경,동대신1동골목시장,전통시장,부산광역시,,,
64c18fbe3a8d247811a9,full_annotation_v1,A,q_안경_09,안경점,건강·의료 중 '안경'을 판매·제공하는 매장,val,안경,T4 구어·문장,fecfebb6-2ebd-402a-bc13-2b2948a0d0fd,이태리안경점,안경,양주가래비중앙로상점가,골목형상점가,경기도,,,
ab741dc8af2674cd89f2,full_annotation_v1,A,q_안경_09,안경점,건강·의료 중 '안경'을 판매·제공하는 매장,val,안경,T4 구어·문장,1f179de5-a781-4ab1-bb53-da91361efe1d,안경본데이,안경,신평골목시장,전통시장,부산광역시,,,
d2be00d58833838fe665,full_annotation_v1,A,q_안경_09,안경점,건강·의료 중 '안경'을 판매·제공하는 매장,val,안경,T4 구어·문장,3c46c4b4-da6c-4e70-80ab-15122c8a58e6,안경다움,안경,상암마을상인회 골목형상점가,골목형상점가,광주광역시,,,
1f0d3175f1d41fec239a,full_annotation_v1,A,q_안경_09,안경점,건강·의료 중 '안경'을 판매·제공하는 매장,val,안경,T4 구어·문장,6e10fe17-2552-45fe-a973-69d4aff331d1,속리산흑염소,건강식품,방이시장,전통시장,서울특별시,,,
779ae125fc14a6496b95,full_annotation_v1,A,q_안경_09,안경점,건강·의료 중 '안경'을 판매·제공하는 매장,val,안경,T4 구어·문장,00efb47a-2e95-43a9-af76-8d8cd91d8c94,지니스안경세종새롬110호점,안경테 및 안경렌즈,새롬동 골목형상점가,골목형상점가,세종특별자치시,,,
f7100cd69706b05eeeae,full_annotation_v1,A,q_안경_09,안경점,건강·의료 중 '안경'을 판매·제공하는 매장,val,안경,T4 구어·문장,011e75cb-eb08-4161-9b41-65e8d204464c,이지안경,안경및콘택트렌즈,BOCA 보카상점가,골목형상점가,경기도,,,
d51f785373f91690224e,full_annotation_v1,A,q_안경_09,안경점,건강·의료 중 '안경'을 판매·제공하는 매장,val,안경,T4 구어·문장,eb1957f7-b6f5-4222-af0a-8e327ac16492,안경맘,안경,구매탄시장,전통시장,경기도,,,
74d36cfd38ea15508e4c,full_annotation_v1,A,q_안경_09,안경점,건강·의료 중 '안경'을 판매·제공하는 매장,val,안경,T4 구어·문장,b1c4bf9c-500e-40e6-8eca-cbed44faa858,아이존 안경원,안경점,삼각동 골목형상점가,골목형상점가,광주광역시,,,
45d191f2ae22377aa09b,full_annotation_v1,A,q_안경_09,안경점,건강·의료 중 '안경'을 판매·제공하는 매장,val,안경,T4 구어·문장,92c43bbe-2aea-4d7f-a657-496ae4779ccf,아필코 브런치카페 광주봉선점,"커피, 브런치",용대로53번길 골목형상점가,골목형상점가,광주광역시,,,
123b9f4cb1fcc08005fb,full_annotation_v1,A,q_안경_09,안경점,건강·의료 중 '안경'을 판매·제공하는 매장,val,안경,T4 구어·문장,27e4eeb7-6d1b-416c-9c31-67143512000e,세경점 CU,,송탄관광특구 골목형상점가,골목형상점가,경기도,,,
b8090be9eb4b72bcb714,full_annotation_v1,A,q_안경_09,안경점,건강·의료 중 '안경'을 판매·제공하는 매장,val,안경,T4 구어·문장,c035d7be-1245-4b65-aad2-3c7e14168718,안경맞춤,안경,사리골상점가,자율상권구역,경기도,,,
5f66834fab2340f9e5c0,full_annotation_v1,A,q_안경_09,안경점,건강·의료 중 '안경'을 판매·제공하는 매장,val,안경,T4 구어·문장,11242771-42bf-41aa-9cc7-0ae8e6806bed,한미약국,약,월빛 골목형상점가,골목형상점가,광주광역시,,,
02ddc344116b2895b46c,full_annotation_v1,A,q_안경_09,안경점,건강·의료 중 '안경'을 판매·제공하는 매장,val,안경,T4 구어·문장,15f8d5a9-e0be-4f97-9a10-805b08d7a3e8,신광당안경점,안경,신금정시장 골목형 상점가,골목형상점가,부산광역시,,,
19be8c98af857ab7d227,full_annotation_v1,A,q_안경_09,안경점,건강·의료 중 '안경'을 판매·제공하는 매장,val,안경,T4 구어·문장,7902063b-e68b-420f-bd25-2f639f6af2c7,안경본가,안경점,여수진남상가,자율상권구역,전라남도,,,
c9688610fada64f82262,full_annotation_v1,A,q_안경_09,안경점,건강·의료 중 '안경'을 판매·제공하는 매장,val,안경,T4 구어·문장,01bcb519-0fa6-438a-927f-cf3d578789e8,아이라이크안경by씨채널,안경,진천혁신골목형상점가,골목형상점가,충청북도,,,
edc0804e5b65bf04edcf,full_annotation_v1,A,q_안경_09,안경점,건강·의료 중 '안경'을 판매·제공하는 매장,val,안경,T4 구어·문장,400c6b41-33b0-4863-be59-ba4629f81565,정명사,안경점,남광주시장,전통시장,광주광역시,,,
0e83a6645236d23aeb57,full_annotation_v1,A,q_안경_09,안경점,건강·의료 중 '안경'을 판매·제공하는 매장,val,안경,T4 구어·문장,450983d8-f478-43bb-8b9d-626522d87470,안경나라,안경점,점촌역전상점가,자율상권구역,경상북도,,,
a51898e3ce3a75f2239c,full_annotation_v1,A,q_안경_09,안경점,건강·의료 중 '안경'을 판매·제공하는 매장,val,안경,T4 구어·문장,091c2af7-4516-46c5-ab97-dec8949273ae,짱구네순대타운,한식,금남시장,전통시장,서울특별시,,,
dc00148e0f8afb2be9fe,full_annotation_v1,A,q_안경_09,안경점,건강·의료 중 '안경'을 판매·제공하는 매장,val,안경,T4 구어·문장,00112248-81bc-4fca-ac3c-f6d684bcf294,데일리뷰 안경원,,성성1번가 골목형상점가,골목형상점가,충청남도,,,
d272ff9f8cb7f1225645,full_annotation_v1,A,q_안경_09,안경점,건강·의료 중 '안경'을 판매·제공하는 매장,val,안경,T4 구어·문장,28c07590-df6c-4650-b1cc-4228f3b8d349,이노티안경점 광주첨단신용점,,신용동 골목형상점가,골목형상점가,광주광역시,,,
80fd4ff4dc7ebd0fdc89,full_annotation_v1,A,q_안경_09,안경점,건강·의료 중 '안경'을 판매·제공하는 매장,val,안경,T4 구어·문장,c3f14ae2-7b98-4e2a-a1ed-fb6d2c936ce0,이브자리,침구,문흥동 골목형상점가,골목형상점가,광주광역시,,,
b139af28cb34bf4143a0,full_annotation_v1,A,q_안경_09,안경점,건강·의료 중 '안경'을 판매·제공하는 매장,val,안경,T4 구어·문장,6bd6a6da-cce6-481a-8049-966b568c3741,안경빛나,안경,일번지프라자 골목형상점가,골목형상점가,경기도,,,
ed727594b0ab374e7f4d,full_annotation_v1,A,q_안경_09,안경점,건강·의료 중 '안경'을 판매·제공하는 매장,val,안경,T4 구어·문장,7f99220d-7803-4508-8efb-3260a07ec8e0,안경을맞추다,,매천동골목형상점가,골목형상점가,대구광역시,,,
717223afa0f9fe52243f,full_annotation_v1,A,q_안경_09,안경점,건강·의료 중 '안경'을 판매·제공하는 매장,val,안경,T4 구어·문장,defbe75f-71dc-4dea-acde-b2c1e5f59204,더매치스크린골프,소매업(골프용품),안산패션타운전통시장,전통시장,경기도,,,
b4ff0790cc9d47f40aaf,full_annotation_v1,A,q_안경_09,안경점,건강·의료 중 '안경'을 판매·제공하는 매장,val,안경,T4 구어·문장,b8db8c8c-b47f-4d70-902a-a4b18d8dbb2e,아이-뷰 안경,안경점,464번길 골목형상점가,골목형상점가,부산광역시,,,
1dfe28f13e9600888ac5,full_annotation_v1,A,q_안경_09,안경점,건강·의료 중 '안경'을 판매·제공하는 매장,val,안경,T4 구어·문장,e7ae0967-e4d4-4ed7-9b1f-0923e141ae55,안경파크,안경,주안역지하도상점가,일반지하상점가,인천광역시,,,
51daf1f89e5521e95ccd,full_annotation_v1,A,q_안경_09,안경점,건강·의료 중 '안경'을 판매·제공하는 매장,val,안경,T4 구어·문장,a9037b45-1933-45ef-a8dc-2040d8461be1,봉쌤헤어,두발미용,여수진남상가,자율상권구역,전라남도,,,
494c33c3bfca80e8881d,full_annotation_v1,A,q_안경_09,안경점,건강·의료 중 '안경'을 판매·제공하는 매장,val,안경,T4 구어·문장,85e10724-e67f-4cde-9c42-6c213be7fe85,오렌즈 마산점,렌즈안경점,마산 (주)대현프리몰 지하도상점가,일반지하상점가,경상남도,,,
781b946617f298836ba9,full_annotation_v1,A,q_안경_09,안경점,건강·의료 중 '안경'을 판매·제공하는 매장,val,안경,T4 구어·문장,4e1b47e3-6bc4-4e58-814e-c26caaf0ac93,블랙김밥,김밥,삼정코아 골목형상점가,골목형상점가,부산광역시,,,
f379f4e1836465f582a2,full_annotation_v1,A,q_안경_09,안경점,건강·의료 중 '안경'을 판매·제공하는 매장,val,안경,T4 구어·문장,d67b8cab-a92b-4df7-b47a-79ec641ba24e,태양당안경점,안경,남서상점가,자율상권구역,경상북도,,,
1a0351ad26c279c704e8,full_annotation_v1,A,q_안경_09,안경점,건강·의료 중 '안경'을 판매·제공하는 매장,val,안경,T4 구어·문장,fac86511-64e9-44f2-aff5-e69069e20c94,안경명가,안경,영주문화시장,전통시장,경상북도,,,
33219c1df2af4eb07172,full_annotation_v1,A,q_안경_09,안경점,건강·의료 중 '안경'을 판매·제공하는 매장,val,안경,T4 구어·문장,1749d275-3dc5-427a-b680-5c853a65b661,정상기안과의원,안과,신세계앞상인회 골목형상점가,골목형상점가,광주광역시,,,
5ec63ca2aec3ebb5903e,full_annotation_v1,A,q_안경_09,안경점,건강·의료 중 '안경'을 판매·제공하는 매장,val,안경,T4 구어·문장,4bb121fc-94a9-451d-a540-5434cd150d5c,노블레스안경,안경점,평촌1번가 상점가,자율상권구역,경기도,,,
e1ce91327a865cdf662c,full_annotation_v1,A,q_안경_09,안경점,건강·의료 중 '안경'을 판매·제공하는 매장,val,안경,T4 구어·문장,0184ed05-765c-4947-bbf8-dff527177252,안경을 찾는 사람들,안경,발안만세시장(구 발안시장),전통시장,경기도,,,
64344369d49ef5868aea,full_annotation_v1,A,q_안경_09,안경점,건강·의료 중 '안경'을 판매·제공하는 매장,val,안경,T4 구어·문장,cebbe889-f084-4023-bffc-b23a9ec17c84,안경사랑,안경,신도봉시장,전통시장,서울특별시,,,
1f2eaf6afdfbf02dd50e,full_annotation_v1,A,q_안경_09,안경점,건강·의료 중 '안경'을 판매·제공하는 매장,val,안경,T4 구어·문장,834fd35d-8318-4fc7-8d9f-5a245e32cda4,거송갈비찜연경점,,연경바경빌딩 골목형상점가,골목형상점가,대구광역시,,,
6b420f8aed3b84474a87,full_annotation_v1,A,q_안경_09,안경점,건강·의료 중 '안경'을 판매·제공하는 매장,val,안경,T4 구어·문장,0e170be8-4e2c-4008-adbc-7539572b5fc6,성모안과의원,안과,선부광장로상점가,자율상권구역,경기도,,,
3a2eb44844458eb91d1b,full_annotation_v1,A,q_안경_09,안경점,건강·의료 중 '안경'을 판매·제공하는 매장,val,안경,T4 구어·문장,b082df6f-e899-400c-88f4-5d9c2b2c2848,크리스탈안경점,소매(안경),고투몰(강남터미널지하도상점가),일반지하상점가,서울특별시,,,
ee7c24ce0574c6fa9a06,full_annotation_v1,A,q_안경_09,안경점,건강·의료 중 '안경'을 판매·제공하는 매장,val,안경,T4 구어·문장,003ea83c-ef37-4c55-ae9b-a59c93d1201f,K비젼안경 효천점,안경 및 콘택트렌즈,효천로 골목형상점가,골목형상점가,광주광역시,,,
0df1541e5f3ca457670f,full_annotation_v1,A,q_안경_09,안경점,건강·의료 중 '안경'을 판매·제공하는 매장,val,안경,T4 구어·문장,c084d751-d7c2-4476-9772-fdd11bf7c932,옵티션찰리대현점(브릿지안경원),안경점,동대구신시장,전통시장,대구광역시,,,
68c83a313202933d107b,full_annotation_v1,A,q_안경_09,안경점,건강·의료 중 '안경'을 판매·제공하는 매장,val,안경,T4 구어·문장,1614d88c-ae22-4927-b073-aca8c3bad56a,GS25광주도산점,편의점 물품,임방울거리1구역 골목형상점가,골목형상점가,광주광역시,,,
53811718012939a45926,full_annotation_v1,A,q_안경_09,안경점,건강·의료 중 '안경'을 판매·제공하는 매장,val,안경,T4 구어·문장,f16d8585-a220-4392-a0b3-d0d12e5f80e3,파파라기안경원,안경점,인공폭포상가,자율상권구역,강원특별자치도,,,
6a29b4e76f3a186d99cd,full_annotation_v1,A,q_안경_09,안경점,건강·의료 중 '안경'을 판매·제공하는 매장,val,안경,T4 구어·문장,2d5f9bb6-01d5-41a4-86b3-c37e1fa23453,콴도(QUANDO),커피,31사단 골목형상점가,골목형상점가,광주광역시,,,
987670c75b67d3094942,full_annotation_v1,A,q_안경_09,안경점,건강·의료 중 '안경'을 판매·제공하는 매장,val,안경,T4 구어·문장,a6b10211-04c3-4d93-ba79-0c17eae16477,진성식품,수산물,백년시장(구 강북종합전통시장),전통시장,서울특별시,,,
ae1921bd39f34dbc079d,full_annotation_v1,A,q_안경_09,안경점,건강·의료 중 '안경'을 판매·제공하는 매장,val,안경,T4 구어·문장,1d56f4a0-e43b-41a8-a0f8-39fa70226f53,다봄안과의원,안과,구성언남 골목형상점가,골목형상점가,경기도,,,
f64724c6ed75001658bd,full_annotation_v1,A,q_안경_09,안경점,건강·의료 중 '안경'을 판매·제공하는 매장,val,안경,T4 구어·문장,1965be11-0923-408a-83df-3a1a999e4ca6,천안서울안과 신불당점의원,안과,시청앞 골목형상점가,골목형상점가,충청남도,,,
a6d094c1b75150e4b9d7,full_annotation_v1,A,q_안경_09,안경점,건강·의료 중 '안경'을 판매·제공하는 매장,val,안경,T4 구어·문장,1871389d-e1e7-4d18-80da-2a78cdc0525a,고운빛안과,"안과, 건강기능식품",우산 동문로 골목형상점가,골목형상점가,광주광역시,,,
1f09e5c36830787d4ff1,full_annotation_v1,A,q_안경_10,안견,건강·의료 중 '안경'을 판매·제공하는 매장,val,안경,T6 기계변형,24f189df-e831-4120-80e0-7ca2eb3c009b,루비나,의류,서귀포중심상가번영회,자율상권구역,제주특별자치도,,,
a58bf6390b312b734ce3,full_annotation_v1,A,q_안경_10,안견,건강·의료 중 '안경'을 판매·제공하는 매장,val,안경,T6 기계변형,b1fadb0b-1193-449e-83bf-89eef481b7ab,러블리펫,애견,백운 대성시장 골목형상점가,골목형상점가,광주광역시,,,
70964ac8b797c74d22d6,full_annotation_v1,A,q_안경_10,안견,건강·의료 중 '안경'을 판매·제공하는 매장,val,안경,T6 기계변형,40e8cac8-7cd1-4fbf-bac9-7d55ab410acf,대진주단,인견,부산진시장,전통시장,부산광역시,,,
70a61e2d2e79f7c38d51,full_annotation_v1,A,q_안경_10,안견,건강·의료 중 '안경'을 판매·제공하는 매장,val,안경,T6 기계변형,0e170be8-4e2c-4008-adbc-7539572b5fc6,성모안과의원,안과,선부광장로상점가,자율상권구역,경기도,,,
91a37cb2b495e178fc11,full_annotation_v1,A,q_안경_10,안견,건강·의료 중 '안경'을 판매·제공하는 매장,val,안경,T6 기계변형,019928e4-ddbb-47c4-951f-f3b31a893f1d,안경마을,안경 콘택트렌즈,구갈상점가,자율상권구역,경기도,,,
a3fb069e0c40be4d2f9d,full_annotation_v1,A,q_안경_10,안견,건강·의료 중 '안경'을 판매·제공하는 매장,val,안경,T6 기계변형,ca21b3f6-548c-4c82-be10-782927526c87,족발의발견,음식점,동작구 LINK 상권활성화구역,상권활성화구역,서울특별시,,,
e022641875b3a13645cd,full_annotation_v1,A,q_안경_10,안견,건강·의료 중 '안경'을 판매·제공하는 매장,val,안경,T6 기계변형,51991672-3b96-494f-a9f5-90ad8c0553c9,독스맘,애견,참샘상인회 골목형상점가,골목형상점가,광주광역시,,,
75aedca4ab13117d345b,full_annotation_v1,A,q_안경_10,안견,건강·의료 중 '안경'을 판매·제공하는 매장,val,안경,T6 기계변형,16c63e83-1140-403c-a732-8a01b6682013,부창상회,인견,부산진시장,전통시장,부산광역시,,,
07db9eacc1583c522331,full_annotation_v1,A,q_안경_10,안견,건강·의료 중 '안경'을 판매·제공하는 매장,val,안경,T6 기계변형,1749d275-3dc5-427a-b680-5c853a65b661,정상기안과의원,안과,신세계앞상인회 골목형상점가,골목형상점가,광주광역시,,,
239b7ab2a5526dd7edcf,full_annotation_v1,A,q_안경_10,안견,건강·의료 중 '안경'을 판매·제공하는 매장,val,안경,T6 기계변형,15001d05-55e4-4fbe-8920-c840c0b830be,천기유통,판촉물,창원코아상가,전통시장,경상남도,,,
d0767ece00eeed4d7a80,full_annotation_v1,A,q_안경_10,안견,건강·의료 중 '안경'을 판매·제공하는 매장,val,안경,T6 기계변형,00efb47a-2e95-43a9-af76-8d8cd91d8c94,지니스안경세종새롬110호점,안경테 및 안경렌즈,새롬동 골목형상점가,골목형상점가,세종특별자치시,,,
d5006564ab25fd43a6cf,full_annotation_v1,A,q_안경_10,안견,건강·의료 중 '안경'을 판매·제공하는 매장,val,안경,T6 기계변형,61a29000-594d-4402-a276-0598ff34cb4a,말랑독,애견 미용,금부로상인회 골목형상점가,골목형상점가,광주광역시,,,
b62ce08d8843671af0b6,full_annotation_v1,A,q_안경_10,안견,건강·의료 중 '안경'을 판매·제공하는 매장,val,안경,T6 기계변형,5c0427bf-f6f8-4502-8d68-0674cdc8f372,민기수산,수산물,봉동생강골시장,전통시장,전북특별자치도,,,
c4df4d74f333964ed41a,full_annotation_v1,A,q_안경_10,안견,건강·의료 중 '안경'을 판매·제공하는 매장,val,안경,T6 기계변형,0184ed05-765c-4947-bbf8-dff527177252,안경을 찾는 사람들,안경,발안만세시장(구 발안시장),전통시장,경기도,,,
cdf865231e44a15e51ee,full_annotation_v1,A,q_안경_10,안견,건강·의료 중 '안경'을 판매·제공하는 매장,val,안경,T6 기계변형,003ea83c-ef37-4c55-ae9b-a59c93d1201f,K비젼안경 효천점,안경 및 콘택트렌즈,효천로 골목형상점가,골목형상점가,광주광역시,,,
824a4d1ace80f007539c,full_annotation_v1,A,q_안경_10,안견,건강·의료 중 '안경'을 판매·제공하는 매장,val,안경,T6 기계변형,93f5f1ac-3856-4137-a5b1-d9bfc63ec262,목원,인견,부산진시장,전통시장,부산광역시,,,
d1aab07c7d78cddee039,full_annotation_v1,A,q_안경_10,안견,건강·의료 중 '안경'을 판매·제공하는 매장,val,안경,T6 기계변형,783d0367-830a-4b63-b92c-a3e7b983246f,안씌네,한식,용대로119번길 골목형상점가,골목형상점가,광주광역시,,,
f31a42f8ea734e0ec50d,full_annotation_v1,A,q_안경_10,안견,건강·의료 중 '안경'을 판매·제공하는 매장,val,안경,T6 기계변형,14b3f974-ef46-4a42-8072-a98de3fe4cf7,금전유통,축산,순천역전시장상가,자율상권구역,전라남도,,,
ed8c530925dd569d2b27,full_annotation_v1,A,q_안경_10,안견,건강·의료 중 '안경'을 판매·제공하는 매장,val,안경,T6 기계변형,06e7d33d-d913-43e8-89c2-140a38e8ebe0,반값애견,애견용품,답십리현대시장,전통시장,서울특별시,,,
b562cae4c5caad1b6a97,full_annotation_v1,A,q_안경_10,안견,건강·의료 중 '안경'을 판매·제공하는 매장,val,안경,T6 기계변형,83f68bec-d544-4053-9199-02b29a909c7f,맵시,인견,영주소백쇼핑몰,전통시장,경상북도,,,
fd06a950c469355304b3,full_annotation_v1,A,q_안경_10,안견,건강·의료 중 '안경'을 판매·제공하는 매장,val,안경,T6 기계변형,ad1a8706-9347-4900-89b5-f17d2d34aa6f,군서물산,수산물,군산수산물종합센터,전통시장,전북특별자치도,,,
2f887568e5561594d32e,full_annotation_v1,A,q_안경_10,안견,건강·의료 중 '안경'을 판매·제공하는 매장,val,안경,T6 기계변형,010604a1-9bcd-4057-8360-47c77d14504a,굿모닝안경.콘택트,안경,서재소상공인연합회,골목형상점가,대구광역시,,,
f8c788c243338039036d,full_annotation_v1,A,q_안경_10,안견,건강·의료 중 '안경'을 판매·제공하는 매장,val,안경,T6 기계변형,011e75cb-eb08-4161-9b41-65e8d204464c,이지안경,안경및콘택트렌즈,BOCA 보카상점가,골목형상점가,경기도,,,
536a6d4b8e431efb6016,full_annotation_v1,A,q_안경_10,안견,건강·의료 중 '안경'을 판매·제공하는 매장,val,안경,T6 기계변형,fe2e6c0a-0eaa-4200-8e3f-9fa7a236a9a8,피포스,의료보조기구,봉천제일종합시장,전통시장,서울특별시,,,
966abad611930e9064a4,full_annotation_v1,A,q_안경_10,안견,건강·의료 중 '안경'을 판매·제공하는 매장,val,안경,T6 기계변형,eb8a6534-9a43-4d44-b8c2-494af7988336,오소상회,인견,부산진시장,전통시장,부산광역시,,,
03a4f9f5c963692329ed,full_annotation_v1,A,q_안경_10,안견,건강·의료 중 '안경'을 판매·제공하는 매장,val,안경,T6 기계변형,0028e2be-f83a-47fd-83a9-f76bfb8df49a,청당안경렌즈미청당점,,청당4번가 골목형상점가,골목형상점가,충청남도,,,
0c4a7e91d76eb8e641a5,full_annotation_v1,A,q_안경_10,안견,건강·의료 중 '안경'을 판매·제공하는 매장,val,안경,T6 기계변형,05c33922-f6f8-4544-9017-8f9798f7986d,아이리스꽃플라워,생화,감전시장,전통시장,부산광역시,,,
821b389178182ee288eb,full_annotation_v1,A,q_안경_10,안견,건강·의료 중 '안경'을 판매·제공하는 매장,val,안경,T6 기계변형,728066c6-ea0e-4d0d-b53c-7399f0c6d478,멍모닝,애견 미용,상공회의소누리상인회 골목형상점가,골목형상점가,광주광역시,,,
f8ee98f6f9172d26d71b,full_annotation_v1,A,q_안경_10,안견,건강·의료 중 '안경'을 판매·제공하는 매장,val,안경,T6 기계변형,4b94e8d3-3ca9-45ea-a10e-2938e383fca5,탑,의류,아트프라자,자율상권구역,서울특별시,,,
446b2e46731340f3d477,full_annotation_v1,A,q_안경_10,안견,건강·의료 중 '안경'을 판매·제공하는 매장,val,안경,T6 기계변형,8e6e6c26-9561-426c-b27e-fdbc3754c6ef,유구시생인견,인견제품,유구시장,전통시장,충청남도,,,
b279c652fc0cc12a3715,full_annotation_v1,A,q_안경_10,안견,건강·의료 중 '안경'을 판매·제공하는 매장,val,안경,T6 기계변형,00c9a212-c673-4e9c-a890-7e39a3da51b6,파룩스안경원,안경,샘머리 골목형상점가,골목형상점가,대전광역시,,,
5a266606fbb9a73940f1,full_annotation_v1,A,q_안경_10,안견,건강·의료 중 '안경'을 판매·제공하는 매장,val,안경,T6 기계변형,4f88008b-ea1d-436f-9209-b22c4048919a,설악애견,애견용품,설악눈메골시장,전통시장,경기도,,,
4930ad7e76cc29c1d231,full_annotation_v1,A,q_안경_10,안견,건강·의료 중 '안경'을 판매·제공하는 매장,val,안경,T6 기계변형,0dd08e6a-1110-4883-b71f-0265a426f6fd,우정이발관,이용,봉제산길골목형상점가,골목형상점가,서울특별시,,,
9d60ddf80fd10345e780,full_annotation_v1,A,q_안경_10,안견,건강·의료 중 '안경'을 판매·제공하는 매장,val,안경,T6 기계변형,c6bdc406-cf2e-469a-8e21-04300d24a656,히어로즈,애견,518먹자골목상인회 골목형상점가,골목형상점가,광주광역시,,,
e08a44ea9d5f63ed6e26,full_annotation_v1,A,q_안경_10,안견,건강·의료 중 '안경'을 판매·제공하는 매장,val,안경,T6 기계변형,618ef4a7-7a19-460b-9245-4b2fea5409d9,프렌즈도그,애견,운천호수공원상인회 골목형상점가,골목형상점가,광주광역시,,,
65d068d9aa6030959af1,full_annotation_v1,A,q_안경_10,안견,건강·의료 중 '안경'을 판매·제공하는 매장,val,안경,T6 기계변형,0266bd67-c211-4ab4-bb83-af329b2ce979,공덕나인안경,안경콘택트렌즈,도화동상점가,자율상권구역,서울특별시,,,
c73186d6414dd8056acb,full_annotation_v1,A,q_안경_10,안견,건강·의료 중 '안경'을 판매·제공하는 매장,val,안경,T6 기계변형,02822efb-f50a-45c4-8f4d-bfbba20a01e4,오렌즈충주점,"안경, 렌즈",성서중심시장(성서시장문화의거리 통합),전통시장,충청북도,,,
d5e16885a8bb3f8b1319,full_annotation_v1,A,q_안경_10,안견,건강·의료 중 '안경'을 판매·제공하는 매장,val,안경,T6 기계변형,1871389d-e1e7-4d18-80da-2a78cdc0525a,고운빛안과,"안과, 건강기능식품",우산 동문로 골목형상점가,골목형상점가,광주광역시,,,
b9d88fa09a2ace0ebabd,full_annotation_v1,A,q_안경_10,안견,건강·의료 중 '안경'을 판매·제공하는 매장,val,안경,T6 기계변형,3ab8f832-0a45-4a30-8255-180b08d694ed,손애견,,기장차성로,골목형상점가,부산광역시,,,
abacd3ec0c7102fc5262,full_annotation_v1,A,q_안경_10,안견,건강·의료 중 '안경'을 판매·제공하는 매장,val,안경,T6 기계변형,803c34d8-5db5-47dd-a380-39a83fac6e02,으뜸50안경 등촌점,안견,목동깨비시장(구 목3동시장),전통시장,서울특별시,,,
d0eccda476cb9f75f7ea,full_annotation_v1,A,q_안경_10,안견,건강·의료 중 '안경'을 판매·제공하는 매장,val,안경,T6 기계변형,fa472239-432b-401a-b012-7f57a89dd122,광복상회,인견,부산진시장,전통시장,부산광역시,,,
dfbd0ced8b3e0c839aa8,full_annotation_v1,A,q_안경_10,안견,건강·의료 중 '안경'을 판매·제공하는 매장,val,안경,T6 기계변형,b57f57a0-3d69-4d50-9254-a7ba109925e6,고기파는형제들,소돼지닭양념육,신영시장,전통시장,서울특별시,,,
b1a122385f916318bcb5,full_annotation_v1,A,q_안경_10,안견,건강·의료 중 '안경'을 판매·제공하는 매장,val,안경,T6 기계변형,2a83d7ae-fd84-4d35-9f2b-d20ca94ff6c9,채혜령,애견 미용,매곡 큰길 골목형상점가,골목형상점가,광주광역시,,,
64ad89792ad06544c850,full_annotation_v1,A,q_안경_10,안견,건강·의료 중 '안경'을 판매·제공하는 매장,val,안경,T6 기계변형,7f99220d-7803-4508-8efb-3260a07ec8e0,안경을맞추다,,매천동골목형상점가,골목형상점가,대구광역시,,,
c0383db005c495eeb638,full_annotation_v1,A,q_안경_10,안견,건강·의료 중 '안경'을 판매·제공하는 매장,val,안경,T6 기계변형,c2729a19-919b-418e-833b-4b8f9f72e6f3,개구멍,애견,동쪽바다중앙시장(구 동해중앙시장),전통시장,강원특별자치도,,,
4f439464de79370fd624,full_annotation_v1,A,q_안경_10,안견,건강·의료 중 '안경'을 판매·제공하는 매장,val,안경,T6 기계변형,6716e6d9-f227-4de2-86c0-09fc0ded521b,원금주단,인견,부산진시장,전통시장,부산광역시,,,
3b106966d2fd0b12d2d1,full_annotation_v1,A,q_안경_10,안견,건강·의료 중 '안경'을 판매·제공하는 매장,val,안경,T6 기계변형,30c9e0f0-c020-4d69-a9d2-7e6602809519,신당애견프라자,애견,성서계대로데오거리 골목형상점가,골목형상점가,대구광역시,,,
08959d19865310d04755,full_annotation_v1,A,q_안경_10,안견,건강·의료 중 '안경'을 판매·제공하는 매장,val,안경,T6 기계변형,83358573-9ed9-493c-9f58-ad401d69e09a,디퍼스 가구,"가구, 인테리어",운정가구단지 상점가,자율상권구역,경기도,,,
d7a6b25bcbd2bb26aa42,full_annotation_v1,A,q_안경_10,안견,건강·의료 중 '안경'을 판매·제공하는 매장,val,안경,T6 기계변형,c27a0e44-ac87-4a2f-b1d2-b7cd46b343d8,홍승애풍기인견,의류,군산 원도심 골목형상점가,골목형상점가,전북특별자치도,,,
2358af6adecf11d3171c,full_annotation_v1,A,q_안경_10,안견,건강·의료 중 '안경'을 판매·제공하는 매장,val,안경,T6 기계변형,f62f05f5-1cb0-4f39-b38e-caf51f750ccf,보카실크,인견,풍기토종인삼시장,전통시장,경상북도,,,
7bc7469a86e1ce89fce5,full_annotation_v1,A,q_안경_10,안견,건강·의료 중 '안경'을 판매·제공하는 매장,val,안경,T6 기계변형,6f14dabf-242f-4c20-b037-2e53beee6827,풍기인견 안동점,의류,안동서부시장,전통시장,경상북도,,,
e8330a373703e95b17e6,full_annotation_v1,A,q_안경_10,안견,건강·의료 중 '안경'을 판매·제공하는 매장,val,안경,T6 기계변형,a14d868b-ea2c-4274-a935-d9e600c57af2,인견,양장,㈜신정시장,전통시장,울산광역시,,,
5f9cb0a91e213ca1650a,full_annotation_v1,A,q_안경_10,안견,건강·의료 중 '안경'을 판매·제공하는 매장,val,안경,T6 기계변형,00112248-81bc-4fca-ac3c-f6d684bcf294,데일리뷰 안경원,,성성1번가 골목형상점가,골목형상점가,충청남도,,,
a8463793a91df4c6db80,full_annotation_v1,A,q_안경_10,안견,건강·의료 중 '안경'을 판매·제공하는 매장,val,안경,T6 기계변형,c5c808a4-3610-4e92-a83e-85699da5f5bf,자이로토닉 루트 (Gyrotonic Root),자이로토닉,시청앞사거리 골목형상점가,골목형상점가,충청남도,,,
3b2a2d7b1ac04d8cbbec,full_annotation_v1,A,q_안경_10,안견,건강·의료 중 '안경'을 판매·제공하는 매장,val,안경,T6 기계변형,eb1957f7-b6f5-4222-af0a-8e327ac16492,안경맘,안경,구매탄시장,전통시장,경기도,,,
52ef47e6d91020f4b475,full_annotation_v1,A,q_안경_10,안견,건강·의료 중 '안경'을 판매·제공하는 매장,val,안경,T6 기계변형,a5463785-46c9-4881-aeaa-8acfb15107c8,김해혜담한복,인견,부산진시장,전통시장,부산광역시,,,
cacef69941f885023bfd,full_annotation_v1,A,q_안경_10,안견,건강·의료 중 '안경'을 판매·제공하는 매장,val,안경,T6 기계변형,7b5b3591-1fd1-470e-a8bd-5c6acbf5f51d,풍기인견,인견,문창시장,전통시장,대전광역시,,,
ddbe57a1eff65373333c,full_annotation_v1,A,q_안경_10,안견,건강·의료 중 '안경'을 판매·제공하는 매장,val,안경,T6 기계변형,01bcb519-0fa6-438a-927f-cf3d578789e8,아이라이크안경by씨채널,안경,진천혁신골목형상점가,골목형상점가,충청북도,,,
da16a266b4dc8a95fcea,full_annotation_v1,A,q_안경_10,안견,건강·의료 중 '안경'을 판매·제공하는 매장,val,안경,T6 기계변형,cdc55e02-6a31-419c-8d69-8f39f64639b1,풍기 참인견,여성의류,팔달신시장,전통시장,대구광역시,,,
744082771f9181693bb9,full_annotation_v1,A,q_안경_10,안견,건강·의료 중 '안경'을 판매·제공하는 매장,val,안경,T6 기계변형,64f8fd8e-aea2-4b17-be10-d1a98cc47dd4,커피일가견,커피,아름동상점가,자율상권구역,세종특별자치시,,,
d799761c3ec73e5aeab2,full_annotation_v1,A,q_안경_10,안견,건강·의료 중 '안경'을 판매·제공하는 매장,val,안경,T6 기계변형,7f49a224-87ec-4f54-a6bc-632bd1cc8868,베이비펫,애견,지중해마을 골목형상점가,골목형상점가,충청남도,,,
9e1e02d747402fd0f001,full_annotation_v1,A,q_안경_10,안견,건강·의료 중 '안경'을 판매·제공하는 매장,val,안경,T6 기계변형,1cf43b8b-1abb-4858-ae34-c4e61246f828,풍기인견,인견,마산 창동통합상가,전통시장,경상남도,,,
fbb7f0d0cf7319320689,full_annotation_v1,A,q_안경_10,안견,건강·의료 중 '안경'을 판매·제공하는 매장,val,안경,T6 기계변형,d3e6aafd-593e-4a8a-bfa2-deebad09f698,파티,정장,서문시장2지구 종합상가,기타,대구광역시,,,
f5582b5174a842addb31,full_annotation_v1,A,q_안경_10,안견,건강·의료 중 '안경'을 판매·제공하는 매장,val,안경,T6 기계변형,d0fa4002-a537-4a8b-ae52-2735505a1d11,영진애견,"애견, 용품",동오마을골목형상점가,골목형상점가,경기도,,,
537f5764b86df23e31e4,full_annotation_v1,A,q_안경_10,안견,건강·의료 중 '안경'을 판매·제공하는 매장,val,안경,T6 기계변형,0022ba93-553d-4d81-934b-054dfcb8309e,행복한안경,안경,태화시장,전통시장,울산광역시,,,
bec5dbcb5a2f9e1132ee,full_annotation_v1,A,q_안경_10,안견,건강·의료 중 '안경'을 판매·제공하는 매장,val,안경,T6 기계변형,1965be11-0923-408a-83df-3a1a999e4ca6,천안서울안과 신불당점의원,안과,시청앞 골목형상점가,골목형상점가,충청남도,,,
67ac8656ee62aa483d93,full_annotation_v1,A,q_안경_10,안견,건강·의료 중 '안경'을 판매·제공하는 매장,val,안경,T6 기계변형,cb9141d0-9162-4f8c-89b3-12490f7a3403,쁘띠멍,애견 미용,태봉마을 골목형상점가,골목형상점가,경기도,,,
84cfa2c9e1c9f8a8a4e1,full_annotation_v1,A,q_안경_10,안견,건강·의료 중 '안경'을 판매·제공하는 매장,val,안경,T6 기계변형,89fa3ebc-3586-4387-a37e-378e4a0309d1,우석상회,인견,부산진시장,전통시장,부산광역시,,,
be4301ca64df0875df25,full_annotation_v1,A,q_안경_10,안견,건강·의료 중 '안경'을 판매·제공하는 매장,val,안경,T6 기계변형,1d56f4a0-e43b-41a8-a0f8-39fa70226f53,다봄안과의원,안과,구성언남 골목형상점가,골목형상점가,경기도,,,
8b61a64ce7a2341497de,full_annotation_v1,A,q_안경_10,안견,건강·의료 중 '안경'을 판매·제공하는 매장,val,안경,T6 기계변형,cf912cdd-3bde-41f2-829e-500065200204,진선미종합화장품,화장품,강진중앙로상가,자율상권구역,전라남도,,,
7855db56ccb947e0049f,full_annotation_v1,A,q_안경_10,안견,건강·의료 중 '안경'을 판매·제공하는 매장,val,안경,T6 기계변형,1e9acc2f-d07c-4624-8224-0b40897eeb43,이강훈 한의원,한의약품,방이시장,전통시장,서울특별시,,,
0aaf45f32e21a3246262,full_annotation_v1,A,q_안경_10,안견,건강·의료 중 '안경'을 판매·제공하는 매장,val,안경,T6 기계변형,0031a77b-4f01-4757-a2e9-7eb65ae09ab0,글라스위드렌즈안경 울산대점,,울산대바보사거리 골목형상점가,골목형상점가,울산광역시,,,
36057839847ea3ff252b,full_annotation_v1,A,q_안경_10,안견,건강·의료 중 '안경'을 판매·제공하는 매장,val,안경,T6 기계변형,0d863b56-4ff8-43ba-8eb0-aae684ad2698,풍기인견,인견,문창시장,전통시장,대전광역시,,,
11741cfcc93f13983283,full_annotation_v1,A,q_안경_10,안견,건강·의료 중 '안경'을 판매·제공하는 매장,val,안경,T6 기계변형,f7aeac77-0b6d-4d10-b367-dab488bc9cbf,애견가족,애견,아시아음식문화거리 골목형상점가,골목형상점가,광주광역시,,,
0deeaf4b19aa3c58e9a3,full_annotation_v1,A,q_안경_10,안견,건강·의료 중 '안경'을 판매·제공하는 매장,val,안경,T6 기계변형,893beb1c-f4ed-434e-84d1-ef96fc7e6f68,용포인견집,인견,상주중앙시장,전통시장,경상북도,,,
1c91fef17bea4751514d,full_annotation_v1,A,q_안경_10,안견,건강·의료 중 '안경'을 판매·제공하는 매장,val,안경,T6 기계변형,fe77fa60-ba9e-489c-9e52-9ca9d4d91617,한솔쌈밥시골보리밥,음식점,성대전통시장,전통시장,서울특별시,,,
471ebc2de2dd8127bd68,full_annotation_v1,A,q_안경_11,안경추천,건강·의료 중 '안경'을 판매·제공하는 매장,val,안경,T6 기계변형,0031a77b-4f01-4757-a2e9-7eb65ae09ab0,글라스위드렌즈안경 울산대점,,울산대바보사거리 골목형상점가,골목형상점가,울산광역시,,,
1a36a13e4dcde1fb081d,full_annotation_v1,A,q_안경_11,안경추천,건강·의료 중 '안경'을 판매·제공하는 매장,val,안경,T6 기계변형,1f179de5-a781-4ab1-bb53-da91361efe1d,안경본데이,안경,신평골목시장,전통시장,부산광역시,,,
c98dab65b5e4e412921c,full_annotation_v1,A,q_안경_11,안경추천,건강·의료 중 '안경'을 판매·제공하는 매장,val,안경,T6 기계변형,89a383ce-f897-4523-98f1-72d0a683735c,벨라샵,두발 미용,염주B상인회 골목형상점가,골목형상점가,광주광역시,,,
a5056549df1f88fc3551,full_annotation_v1,A,q_안경_11,안경추천,건강·의료 중 '안경'을 판매·제공하는 매장,val,안경,T6 기계변형,0e170be8-4e2c-4008-adbc-7539572b5fc6,성모안과의원,안과,선부광장로상점가,자율상권구역,경기도,,,
07074bec8985c50f0cfb,full_annotation_v1,A,q_안경_11,안경추천,건강·의료 중 '안경'을 판매·제공하는 매장,val,안경,T6 기계변형,d3e28ea4-37c1-40ac-b9aa-a406167ea5dc,곱슬머리,두발,지산휴먼시아인근 골목형상점가,골목형상점가,광주광역시,,,
05f54c9599526154f65d,full_annotation_v1,A,q_안경_11,안경추천,건강·의료 중 '안경'을 판매·제공하는 매장,val,안경,T6 기계변형,00efb47a-2e95-43a9-af76-8d8cd91d8c94,지니스안경세종새롬110호점,안경테 및 안경렌즈,새롬동 골목형상점가,골목형상점가,세종특별자치시,,,
f927dcf01db5968c83ba,full_annotation_v1,A,q_안경_11,안경추천,건강·의료 중 '안경'을 판매·제공하는 매장,val,안경,T6 기계변형,1965be11-0923-408a-83df-3a1a999e4ca6,천안서울안과 신불당점의원,안과,시청앞 골목형상점가,골목형상점가,충청남도,,,
b43418619556372a55aa,full_annotation_v1,A,q_안경_11,안경추천,건강·의료 중 '안경'을 판매·제공하는 매장,val,안경,T6 기계변형,503c18e9-9ca0-4924-9d27-c47dde60ece1,카멜로랩,카페,원신흥 골목형상점가,골목형상점가,대전광역시,,,
2b2e77d3b7c7ec4b44f0,full_annotation_v1,A,q_안경_11,안경추천,건강·의료 중 '안경'을 판매·제공하는 매장,val,안경,T6 기계변형,0028e2be-f83a-47fd-83a9-f76bfb8df49a,청당안경렌즈미청당점,,청당4번가 골목형상점가,골목형상점가,충청남도,,,
6d4102600416466552f6,full_annotation_v1,A,q_안경_11,안경추천,건강·의료 중 '안경'을 판매·제공하는 매장,val,안경,T6 기계변형,95d7e101-14ff-4a43-9a80-a72f7df4e5bb,블루2767,음료,수완나들목 골목형상점가,골목형상점가,광주광역시,,,
9d747e8e8b5e6a956339,full_annotation_v1,A,q_안경_11,안경추천,건강·의료 중 '안경'을 판매·제공하는 매장,val,안경,T6 기계변형,ab27f098-a2a2-4833-93d4-230e881a6d0c,"안경,여수",안경,여수진남상가,자율상권구역,전라남도,,,
737a86bdd675e5762ccf,full_annotation_v1,A,q_안경_11,안경추천,건강·의료 중 '안경'을 판매·제공하는 매장,val,안경,T6 기계변형,03bb6a62-be02-48f3-9132-9149e8a04549,안경을 부탁해,안경,금곡 골목형상점가,골목형상점가,경기도,,,
d3af1760bf47fd847150,full_annotation_v1,A,q_안경_11,안경추천,건강·의료 중 '안경'을 판매·제공하는 매장,val,안경,T6 기계변형,4cde6380-5c6f-45bd-98fd-48cd34220b29,메가엠지씨커피 안양포도원점,,안양가구상점가,자율상권구역,경기도,,,
7232497678cd9ad5bcaf,full_annotation_v1,A,q_안경_11,안경추천,건강·의료 중 '안경'을 판매·제공하는 매장,val,안경,T6 기계변형,949cba8e-096d-4af0-88a3-140c7424f5e2,골프존파크 일곡아미점,골프연습장,일곡동(제3지역:자연마을 공방거리),골목형상점가,광주광역시,,,
e12ccae3d5c4a62f63ae,full_annotation_v1,A,q_안경_11,안경추천,건강·의료 중 '안경'을 판매·제공하는 매장,val,안경,T6 기계변형,00c9a212-c673-4e9c-a890-7e39a3da51b6,파룩스안경원,안경,샘머리 골목형상점가,골목형상점가,대전광역시,,,
995194b3a3fdd123d81e,full_annotation_v1,A,q_안경_11,안경추천,건강·의료 중 '안경'을 판매·제공하는 매장,val,안경,T6 기계변형,01bcb519-0fa6-438a-927f-cf3d578789e8,아이라이크안경by씨채널,안경,진천혁신골목형상점가,골목형상점가,충청북도,,,
9dde03284fd839aa277e,full_annotation_v1,A,q_안경_11,안경추천,건강·의료 중 '안경'을 판매·제공하는 매장,val,안경,T6 기계변형,0f0f7f91-5504-4d69-a3cc-dd8e3df100b2,제이 안경,안경,금암동 골목형상점가,골목형상점가,충청남도,,,
2d14e175a3bf0e3db500,full_annotation_v1,A,q_안경_11,안경추천,건강·의료 중 '안경'을 판매·제공하는 매장,val,안경,T6 기계변형,019928e4-ddbb-47c4-951f-f3b31a893f1d,안경마을,안경 콘택트렌즈,구갈상점가,자율상권구역,경기도,,,
fee382de65b0de65c227,full_annotation_v1,A,q_안경_11,안경추천,건강·의료 중 '안경'을 판매·제공하는 매장,val,안경,T6 기계변형,59d2f654-8838-4288-bb34-89bfd9ede628,준안경,안경,남대문시장,전통시장,서울특별시,,,
d3da549ab4fa427fdb3d,full_annotation_v1,A,q_안경_11,안경추천,건강·의료 중 '안경'을 판매·제공하는 매장,val,안경,T6 기계변형,0022ba93-553d-4d81-934b-054dfcb8309e,행복한안경,안경,태화시장,전통시장,울산광역시,,,
a74cd2d83e60f92a0e1e,full_annotation_v1,A,q_안경_11,안경추천,건강·의료 중 '안경'을 판매·제공하는 매장,val,안경,T6 기계변형,00112248-81bc-4fca-ac3c-f6d684bcf294,데일리뷰 안경원,,성성1번가 골목형상점가,골목형상점가,충청남도,,,
711dce0cc67beefb3dcc,full_annotation_v1,A,q_안경_11,안경추천,건강·의료 중 '안경'을 판매·제공하는 매장,val,안경,T6 기계변형,e6d9da67-8316-41ad-9aff-639cc8ac9ebc,오타코,,의정부시 구도심 상권활성화구역,상권활성화구역,경기도,,,
b5d790bd164beff2ed44,full_annotation_v1,A,q_안경_11,안경추천,건강·의료 중 '안경'을 판매·제공하는 매장,val,안경,T6 기계변형,382b1f25-4fa2-43f9-b458-01a1ba41c66c,하나상회,소매(야채),장미원골목시장,전통시장,서울특별시,,,
903d18c2ae13d79b2f01,full_annotation_v1,A,q_안경_11,안경추천,건강·의료 중 '안경'을 판매·제공하는 매장,val,안경,T6 기계변형,c035d7be-1245-4b65-aad2-3c7e14168718,안경맞춤,안경,사리골상점가,자율상권구역,경기도,,,
000fc2b37c9fb77b00af,full_annotation_v1,A,q_안경_11,안경추천,건강·의료 중 '안경'을 판매·제공하는 매장,val,안경,T6 기계변형,7a2eecda-54f3-4b6d-863e-c255d7e82d32,안경산책,안경,비단길현대시장,전통시장,서울특별시,,,
36463912338dfa3a2423,full_annotation_v1,A,q_안경_11,안경추천,건강·의료 중 '안경'을 판매·제공하는 매장,val,안경,T6 기계변형,003ea83c-ef37-4c55-ae9b-a59c93d1201f,K비젼안경 효천점,안경 및 콘택트렌즈,효천로 골목형상점가,골목형상점가,광주광역시,,,
f99969dfa5b2d8e89dbc,full_annotation_v1,A,q_안경_11,안경추천,건강·의료 중 '안경'을 판매·제공하는 매장,val,안경,T6 기계변형,c17b9a52-3c4f-4bef-8187-a301675b55ab,안경사랑,안경,전주중앙상가시장,전통시장,전북특별자치도,,,
179a648ca19f418c1b1c,full_annotation_v1,A,q_안경_11,안경추천,건강·의료 중 '안경'을 판매·제공하는 매장,val,안경,T6 기계변형,4be8fac6-96d9-4c46-982c-720cf88be059,안경쓴떡집,떡,영동전통시장,전통시장,서울특별시,,,
1582054d3158a9fd9131,full_annotation_v1,A,q_안경_11,안경추천,건강·의료 중 '안경'을 판매·제공하는 매장,val,안경,T6 기계변형,7fe5dc7f-946d-409b-84d3-eee7d6ac8cf1,안경창고싸군,안경,시흥삼미시장,전통시장,경기도,,,
134ae516f4f79feef246,full_annotation_v1,A,q_안경_11,안경추천,건강·의료 중 '안경'을 판매·제공하는 매장,val,안경,T6 기계변형,eb1957f7-b6f5-4222-af0a-8e327ac16492,안경맘,안경,구매탄시장,전통시장,경기도,,,
a10c08a833d0d245d831,full_annotation_v1,A,q_안경_11,안경추천,건강·의료 중 '안경'을 판매·제공하는 매장,val,안경,T6 기계변형,60de073d-4136-4956-b346-046fb99bdc2d,세종안경,안경,종촌동골목형상점가,골목형상점가,세종특별자치시,,,
4a05845b940b8d5e2a33,full_annotation_v1,A,q_안경_11,안경추천,건강·의료 중 '안경'을 판매·제공하는 매장,val,안경,T6 기계변형,3c46c4b4-da6c-4e70-80ab-15122c8a58e6,안경다움,안경,상암마을상인회 골목형상점가,골목형상점가,광주광역시,,,
58fcf1f4c4d1a3df8cae,full_annotation_v1,A,q_안경_11,안경추천,건강·의료 중 '안경'을 판매·제공하는 매장,val,안경,T6 기계변형,19b5992a-dfb4-467f-9707-76b3b7213644,안경더하기,안경,당산로 골목형상점가,골목형상점가,전북특별자치도,,,
8bcb89446212fcb502ae,full_annotation_v1,A,q_안경_11,안경추천,건강·의료 중 '안경'을 판매·제공하는 매장,val,안경,T6 기계변형,e7ae0967-e4d4-4ed7-9b1f-0923e141ae55,안경파크,안경,주안역지하도상점가,일반지하상점가,인천광역시,,,
52601d9257e76bf15157,full_annotation_v1,A,q_안경_11,안경추천,건강·의료 중 '안경'을 판매·제공하는 매장,val,안경,T6 기계변형,6da75014-3454-4b0b-963b-2c2559e8d24c,안경가게 봄,안경,노은역 골목형상점가,골목형상점가,대전광역시,,,
6e60ceffb6f4ec1d50a1,full_annotation_v1,A,q_안경_11,안경추천,건강·의료 중 '안경'을 판매·제공하는 매장,val,안경,T6 기계변형,4e76be92-56ff-45e7-bed3-b3844d758167,로덴안경,안경,김해 대우유토피아상가,골목형상점가,경상남도,,,
8043d45c8869afe7aa0d,full_annotation_v1,A,q_안경_11,안경추천,건강·의료 중 '안경'을 판매·제공하는 매장,val,안경,T6 기계변형,2350697f-b31c-4da1-ad12-54251bf0d177,안경프라자클럽,안경,진잠 골목형상점가,골목형상점가,대전광역시,,,
b6462b1acd18eca1f875,full_annotation_v1,A,q_안경_11,안경추천,건강·의료 중 '안경'을 판매·제공하는 매장,val,안경,T6 기계변형,e1df2478-f813-46a7-bf8f-cafda75ccf1a,안경투데이,안경,산본로데오거리(구 산본중심상가),자율상권구역,경기도,,,
bcdea6b81aa0c0932d7d,full_annotation_v1,A,q_안경_11,안경추천,건강·의료 중 '안경'을 판매·제공하는 매장,val,안경,T6 기계변형,0266bd67-c211-4ab4-bb83-af329b2ce979,공덕나인안경,안경콘택트렌즈,도화동상점가,자율상권구역,서울특별시,,,
8adec430b894ff9cd9a4,full_annotation_v1,A,q_안경_11,안경추천,건강·의료 중 '안경'을 판매·제공하는 매장,val,안경,T6 기계변형,156909e3-a54e-43dc-aa68-fccec52426d4,한밭축산,축산물,한민시장,전통시장,대전광역시,,,
e03c13c68e214f892e54,full_annotation_v1,A,q_안경_11,안경추천,건강·의료 중 '안경'을 판매·제공하는 매장,val,안경,T6 기계변형,fac86511-64e9-44f2-aff5-e69069e20c94,안경명가,안경,영주문화시장,전통시장,경상북도,,,
d0d5d53829e5e3f9aa33,full_annotation_v1,A,q_안경_11,안경추천,건강·의료 중 '안경'을 판매·제공하는 매장,val,안경,T6 기계변형,cebbe889-f084-4023-bffc-b23a9ec17c84,안경사랑,안경,신도봉시장,전통시장,서울특별시,,,
2cb90fcd281a64cc0ba9,full_annotation_v1,A,q_안경_11,안경추천,건강·의료 중 '안경'을 판매·제공하는 매장,val,안경,T6 기계변형,c3b50b2d-5298-47e3-9572-77972bf992a0,안경몬스터,안경,부평역지하상가,일반지하상점가,인천광역시,,,
3be5c9d9c7ea07672d08,full_annotation_v1,A,q_안경_11,안경추천,건강·의료 중 '안경'을 판매·제공하는 매장,val,안경,T6 기계변형,1d56f4a0-e43b-41a8-a0f8-39fa70226f53,다봄안과의원,안과,구성언남 골목형상점가,골목형상점가,경기도,,,
709cf311fe3526324838,full_annotation_v1,A,q_안경_11,안경추천,건강·의료 중 '안경'을 판매·제공하는 매장,val,안경,T6 기계변형,94189e63-e824-4239-88f2-c2f587330ad0,안경천국,안경,송정동 상점가,자율상권구역,경기도,,,
4a902b52687466d8ed58,full_annotation_v1,A,q_안경_11,안경추천,건강·의료 중 '안경'을 판매·제공하는 매장,val,안경,T6 기계변형,09c2e0d5-85f2-4eb8-b3bb-3920ce52ca62,안경OK콘택트,안경,서귀포중심상가번영회,자율상권구역,제주특별자치도,,,
121652adac95e37dc060,full_annotation_v1,A,q_안경_11,안경추천,건강·의료 중 '안경'을 판매·제공하는 매장,val,안경,T6 기계변형,2a662f6b-a508-427b-ae8b-8cd42395cc8b,광명의료기,의료기기,병무청인근 골목형상점가,골목형상점가,광주광역시,,,
a6a863eebe2a6f466913,full_annotation_v1,A,q_안경_11,안경추천,건강·의료 중 '안경'을 판매·제공하는 매장,val,안경,T6 기계변형,29a31ae5-1e1d-4ddc-9dcf-184f84e5d9d7,안경플러스,안경,비아5일시장,전통시장,광주광역시,,,
19ca7d9938803a4487fa,full_annotation_v1,A,q_안경_11,안경추천,건강·의료 중 '안경'을 판매·제공하는 매장,val,안경,T6 기계변형,d15e11fe-c36a-49ac-81f2-df4720971d94,참안경,안경,창원 가음정시장,전통시장,경상남도,,,
da7399445338eb819bef,full_annotation_v1,A,q_안경_11,안경추천,건강·의료 중 '안경'을 판매·제공하는 매장,val,안경,T6 기계변형,02822efb-f50a-45c4-8f4d-bfbba20a01e4,오렌즈충주점,"안경, 렌즈",성서중심시장(성서시장문화의거리 통합),전통시장,충청북도,,,
188b3bd47b4860562196,full_annotation_v1,A,q_안경_11,안경추천,건강·의료 중 '안경'을 판매·제공하는 매장,val,안경,T6 기계변형,1749d275-3dc5-427a-b680-5c853a65b661,정상기안과의원,안과,신세계앞상인회 골목형상점가,골목형상점가,광주광역시,,,
dbe1afff3715b467518e,full_annotation_v1,A,q_안경_11,안경추천,건강·의료 중 '안경'을 판매·제공하는 매장,val,안경,T6 기계변형,0184ed05-765c-4947-bbf8-dff527177252,안경을 찾는 사람들,안경,발안만세시장(구 발안시장),전통시장,경기도,,,
9d025bd7af4a81e52045,full_annotation_v1,A,q_안경_11,안경추천,건강·의료 중 '안경'을 판매·제공하는 매장,val,안경,T6 기계변형,fe60f560-afe4-4dd1-8c3f-fe0cf029bbaf,안경집,안경,사리골상점가,자율상권구역,경기도,,,
dcc1db83a57944c31d80,full_annotation_v1,A,q_안경_11,안경추천,건강·의료 중 '안경'을 판매·제공하는 매장,val,안경,T6 기계변형,011e75cb-eb08-4161-9b41-65e8d204464c,이지안경,안경및콘택트렌즈,BOCA 보카상점가,골목형상점가,경기도,,,
89b82b8924652b7f836d,full_annotation_v1,A,q_안경_11,안경추천,건강·의료 중 '안경'을 판매·제공하는 매장,val,안경,T6 기계변형,0a91f182-0cc8-4966-9243-79abc02f69bf,안경창고싸군,안경,신월3동시장골목형상점가,골목형상점가,서울특별시,,,
0b3cad9f5f0871ad538c,full_annotation_v1,A,q_안경_11,안경추천,건강·의료 중 '안경'을 판매·제공하는 매장,val,안경,T6 기계변형,23c19d98-2047-4866-835f-886ea486c3f4,가령노래연습장,노래연습장,용두동미르길골목형상점가,골목형상점가,대전광역시,,,
508d7525bc0955683d19,full_annotation_v1,A,q_안경_11,안경추천,건강·의료 중 '안경'을 판매·제공하는 매장,val,안경,T6 기계변형,b6a72ff6-04ac-4dde-a4f7-9a7972ecfdd6,청산골,명태찜,반구시장,전통시장,울산광역시,,,
a06ca1a59b665da6328e,full_annotation_v1,A,q_안경_11,안경추천,건강·의료 중 '안경'을 판매·제공하는 매장,val,안경,T6 기계변형,ba63bdee-0c1d-4575-a33b-f8a6bc3afc88,처음한복,한복,수완나들목 골목형상점가,골목형상점가,광주광역시,,,
1e702ef36e71fd0dc03f,full_annotation_v1,A,q_안경_11,안경추천,건강·의료 중 '안경'을 판매·제공하는 매장,val,안경,T6 기계변형,990700c2-63ac-43d4-909e-974abda95e3b,자연건강원,건강식품,옥련시장,전통시장,인천광역시,,,
e5234deed811a8266cad,full_annotation_v1,A,q_안경_11,안경추천,건강·의료 중 '안경'을 판매·제공하는 매장,val,안경,T6 기계변형,dca25a7f-0bae-4320-877a-e42a7277b7db,안경채널,안경,염주먹자골목A구역상인회 골목형상점가,골목형상점가,광주광역시,,,
c3b40fd755ab337e5adf,full_annotation_v1,A,q_안경_11,안경추천,건강·의료 중 '안경'을 판매·제공하는 매장,val,안경,T6 기계변형,2138b1d2-dab2-4a77-bc30-98b18af50394,안재희안경원,안경,정읍연지상점가,자율상권구역,전북특별자치도,,,
02693869a072879064e6,full_annotation_v1,A,q_안경_11,안경추천,건강·의료 중 '안경'을 판매·제공하는 매장,val,안경,T6 기계변형,dc5132c5-5072-43f6-b5cb-24316e9b0e2c,(주)맛있는바다여행수산,수산물,마산가고파수산시장,전통시장,경상남도,,,
0aa3b93f7fb1d9decab0,full_annotation_v1,A,q_안경_11,안경추천,건강·의료 중 '안경'을 판매·제공하는 매장,val,안경,T6 기계변형,c0802d45-bbbc-45bc-852e-8ff2de06e80d,중앙안경,안경,서귀포중심상가번영회,자율상권구역,제주특별자치도,,,
67d66948efb1b6cd2f11,full_annotation_v1,A,q_안경_11,안경추천,건강·의료 중 '안경'을 판매·제공하는 매장,val,안경,T6 기계변형,1f209633-8dbe-4dba-8226-5e24605242b0,안경갤러리,안경,한림대골목형상점가,골목형상점가,강원특별자치도,,,
9170b8e32c810a066c61,full_annotation_v1,A,q_안경_11,안경추천,건강·의료 중 '안경'을 판매·제공하는 매장,val,안경,T6 기계변형,40b2fc46-2e18-4728-bd1a-d2acdb5e9183,라쌍떼안경,안경,직산읍삼은1번가골목형상점가,골목형상점가,충청남도,,,
7ab2b8fb64100c7cb731,full_annotation_v1,A,q_안경_11,안경추천,건강·의료 중 '안경'을 판매·제공하는 매장,val,안경,T6 기계변형,6bd6a6da-cce6-481a-8049-966b568c3741,안경빛나,안경,일번지프라자 골목형상점가,골목형상점가,경기도,,,
300440140883fb20191d,full_annotation_v1,A,q_안경_11,안경추천,건강·의료 중 '안경'을 판매·제공하는 매장,val,안경,T6 기계변형,1871389d-e1e7-4d18-80da-2a78cdc0525a,고운빛안과,"안과, 건강기능식품",우산 동문로 골목형상점가,골목형상점가,광주광역시,,,
0cb7b1fd5551533babc1,full_annotation_v1,A,q_안경_11,안경추천,건강·의료 중 '안경'을 판매·제공하는 매장,val,안경,T6 기계변형,7f99220d-7803-4508-8efb-3260a07ec8e0,안경을맞추다,,매천동골목형상점가,골목형상점가,대구광역시,,,
ebf1f38204101d1503bb,full_annotation_v1,A,q_안경_11,안경추천,건강·의료 중 '안경'을 판매·제공하는 매장,val,안경,T6 기계변형,d0e4b46c-8ffd-4fe8-862c-2a7dedb74827,안경도시,안경,중랑동부시장,전통시장,서울특별시,,,
3e4abdcb4e193506adb9,full_annotation_v1,A,q_안경_11,안경추천,건강·의료 중 '안경'을 판매·제공하는 매장,val,안경,T6 기계변형,80c4738a-934b-4b41-9de9-a82a5967a614,천외천,한식,상봉먹자골목형상점가,골목형상점가,서울특별시,,,
58ac29f5ba567c8b4fab,full_annotation_v1,A,q_안경_11,안경추천,건강·의료 중 '안경'을 판매·제공하는 매장,val,안경,T6 기계변형,75145b4e-9889-4b30-b9d1-28e4451d3ff7,동숭안경,안경,학운동 365 골목형상점가,골목형상점가,광주광역시,,,
0cabbb889f7e4564c787,full_annotation_v1,A,q_안경_11,안경추천,건강·의료 중 '안경'을 판매·제공하는 매장,val,안경,T6 기계변형,243dda59-54ae-4af3-bd33-3131ca7f47be,안경공간,안경,충주관아골상가,전통시장,충청북도,,,
850087fa981409c8d9ee,full_annotation_v1,A,q_안경_11,안경추천,건강·의료 중 '안경'을 판매·제공하는 매장,val,안경,T6 기계변형,849239f4-1bbd-46ce-8fd3-7adf17432cf6,안경뱅크,안경,두암타운 골목형상점가,골목형상점가,광주광역시,,,
ed08f3f09145fdac427d,full_annotation_v1,A,q_안경_11,안경추천,건강·의료 중 '안경'을 판매·제공하는 매장,val,안경,T6 기계변형,010604a1-9bcd-4057-8360-47c77d14504a,굿모닝안경.콘택트,안경,서재소상공인연합회,골목형상점가,대구광역시,,,
e5b603f4688c41ac94e4,full_annotation_v1,A,q_안경_11,안경추천,건강·의료 중 '안경'을 판매·제공하는 매장,val,안경,T6 기계변형,9656cc63-fa8a-4932-91a9-99339bce6eb7,효성인천판매 주식회사,모터송풍기,인천산업유통센터,전통시장,인천광역시,,,
2285e48b5c7688fa83e8,full_annotation_v1,A,q_애견_01,애견용품,생활서비스 중 '애견'을 판매·제공하는 매장,val,애견,T1 정확표기,03f565ef-fdd8-45e5-9a28-6fb932eb52c3,사랑가득동물병원,반려동물 용품,운리공원상인회 골목형상점가,골목형상점가,광주광역시,,,
667483f0c7ff7dd31afb,full_annotation_v1,A,q_애견_01,애견용품,생활서비스 중 '애견'을 판매·제공하는 매장,val,애견,T1 정확표기,c99a42fd-8a10-4751-a9eb-addec2015250,일오삼반찬가게,한식,전곡골목형상점가,골목형상점가,서울특별시,,,
f035aa13ab40236365d1,full_annotation_v1,A,q_애견_01,애견용품,생활서비스 중 '애견'을 판매·제공하는 매장,val,애견,T1 정확표기,183723cf-0dca-4954-bd5c-21915fc6eda7,허브피부관리,피부관리,남성역먹거리골목형상점가,골목형상점가,서울특별시,,,
3e5d03e62255d1e1ff1a,full_annotation_v1,A,q_애견_01,애견용품,생활서비스 중 '애견'을 판매·제공하는 매장,val,애견,T1 정확표기,25d64634-0075-4e7d-99d2-4ef6eaeb6a9e,패션독,애견용품,매봉 골목형상점가,골목형상점가,광주광역시,,,
11354d27780e5324b67c,full_annotation_v1,A,q_애견_01,애견용품,생활서비스 중 '애견'을 판매·제공하는 매장,val,애견,T1 정확표기,09815d92-d0f0-4c87-b4fa-1194f86c53c0,유성프로스펙스,"스포츠의류, 용품",장대동패션상가 골목형상점가,골목형상점가,대전광역시,,,
c2eedad5557beef2cd0a,full_annotation_v1,A,q_애견_01,애견용품,생활서비스 중 '애견'을 판매·제공하는 매장,val,애견,T1 정확표기,c29d8e63-9d37-44db-97cd-75a75e2fc627,애견용품,"애견용품, 간식",복대가경시장,전통시장,충청북도,,,
f698ec1a4770d529b524,full_annotation_v1,A,q_애견_01,애견용품,생활서비스 중 '애견'을 판매·제공하는 매장,val,애견,T1 정확표기,b03b9d81-c7a1-44a3-8674-dc4b4ec38455,펫사랑,애견용품,주안시민지하도상점가,일반지하상점가,인천광역시,,,
6698cc7adf549ff2d7ac,full_annotation_v1,A,q_애견_01,애견용품,생활서비스 중 '애견'을 판매·제공하는 매장,val,애견,T1 정확표기,41f8f349-4415-4d48-9525-b5a3008a50ef,구름이,애견용품,서영대 먹자 골목형상점가,골목형상점가,광주광역시,,,
e629a4cb3bba9b721eb2,full_annotation_v1,A,q_애견_01,애견용품,생활서비스 중 '애견'을 판매·제공하는 매장,val,애견,T1 정확표기,d6556c9f-cf51-471d-846b-597beb6f12c6,강아지Song,애견용품,송정벚꽃골목형상점가,골목형상점가,서울특별시,,,
88e1012cfec08ccda264,full_annotation_v1,A,q_애견_01,애견용품,생활서비스 중 '애견'을 판매·제공하는 매장,val,애견,T1 정확표기,6b5f03d4-0895-4120-b377-c9d34d225326,보스펫,애견용품,인천중앙로지하상가,일반지하상점가,인천광역시,,,
c133bbc07c9426545637,full_annotation_v1,A,q_애견_01,애견용품,생활서비스 중 '애견'을 판매·제공하는 매장,val,애견,T1 정확표기,88a44201-bd0d-4b1b-8e70-49c2e1167c04,몽쥬르,애견용품,상무중앙공원상인회 골목형상점가,골목형상점가,광주광역시,,,
7099d337b364c0685dcc,full_annotation_v1,A,q_애견_01,애견용품,생활서비스 중 '애견'을 판매·제공하는 매장,val,애견,T1 정확표기,18330828-7918-41b8-b319-24401df1fedc,호수펫,애견용품,연제주공 골목형상점가,골목형상점가,광주광역시,,,
e009b19f8db4e5e35589,full_annotation_v1,A,q_애견_01,애견용품,생활서비스 중 '애견'을 판매·제공하는 매장,val,애견,T1 정확표기,0d753046-7eb1-4915-9c50-1e735acf1c1d,버블퍼피,"애견간식, 용품",왕십리무학봉상점가,자율상권구역,서울특별시,,,
d5b1f3b32aff7b7bc501,full_annotation_v1,A,q_애견_01,애견용품,생활서비스 중 '애견'을 판매·제공하는 매장,val,애견,T1 정확표기,6295ad60-e8d9-42bb-8641-01b62153b3b0,멍멍 애견용품,애견용품,신월7동골목형상점가,골목형상점가,서울특별시,,,
e7bd3d4fc2e08d4ce9f0,full_annotation_v1,A,q_애견_01,애견용품,생활서비스 중 '애견'을 판매·제공하는 매장,val,애견,T1 정확표기,05e3a6a8-6d9d-469c-80fc-83b3238e6c7d,예쁘개,애완동물 목욕서비스 애견 미용서비스 애견미용실 애견용품소매,한민시장,전통시장,대전광역시,,,
7a8e76fe0ae0f162d8e2,full_annotation_v1,A,q_애견_01,애견용품,생활서비스 중 '애견'을 판매·제공하는 매장,val,애견,T1 정확표기,e2dbe69f-0bb1-489c-8373-82a533786151,백두산 수완점,자장면,수완머그로 골목형상점가,골목형상점가,광주광역시,,,
2c9088c2e8cf6945bf6c,full_annotation_v1,A,q_애견_01,애견용품,생활서비스 중 '애견'을 판매·제공하는 매장,val,애견,T1 정확표기,a47aacc9-48d2-4e93-aa37-cf3aa83120b4,캉캉몰,애견용품,성남중앙지하시장,일반지하상점가,경기도,,,
7f5b95bdde193dc3f79e,full_annotation_v1,A,q_애견_01,애견용품,생활서비스 중 '애견'을 판매·제공하는 매장,val,애견,T1 정확표기,dd2532fa-a29d-42f0-b167-d7d31ea1755f,버터샵,애견용품,부평중앙 지하상가,일반지하상점가,인천광역시,,,
4737150a7431d8fba665,full_annotation_v1,A,q_애견_01,애견용품,생활서비스 중 '애견'을 판매·제공하는 매장,val,애견,T1 정확표기,6eb99f4e-af65-44d9-89ac-058b5f3d10bc,라떼멍살롱,애견용품,그라운드고척골목형상점가,골목형상점가,서울특별시,,,
8183f4150d01eaf569c5,full_annotation_v1,A,q_애견_01,애견용품,생활서비스 중 '애견'을 판매·제공하는 매장,val,애견,T1 정확표기,3490df67-a2b2-419f-9401-9dbee2899719,오독오독,애견용품,연신내골목형상점가,골목형상점가,서울특별시,,,
01b3a5d9e81eda96dde8,full_annotation_v1,A,q_애견_01,애견용품,생활서비스 중 '애견'을 판매·제공하는 매장,val,애견,T1 정확표기,8c96d75c-f18b-401f-9a2c-c5a62f099f53,기파랑 태권도장,태권도,초지항아리 골목형상점가,골목형상점가,경기도,,,
e52646e91d47652e49dd,full_annotation_v1,A,q_애견_01,애견용품,생활서비스 중 '애견'을 판매·제공하는 매장,val,애견,T1 정확표기,f5389e9b-b79d-495a-aadd-870135f39140,(주식회사)뭉송,"제과, 커피",익산 다e로움 상권활성화구역,상권활성화구역,전북특별자치도,,,
28feef23c1fb942a6249,full_annotation_v1,A,q_애견_01,애견용품,생활서비스 중 '애견'을 판매·제공하는 매장,val,애견,T1 정확표기,963d1869-ccb5-4aa4-a714-7eb526856225,댕가댕가,애견용품,송도 아트포레 판매시설 골목형상점가,골목형상점가,인천광역시,,,
1f1ec6340ce165e5e65d,full_annotation_v1,A,q_애견_01,애견용품,생활서비스 중 '애견'을 판매·제공하는 매장,val,애견,T1 정확표기,86648b50-9007-495a-8ad8-37766a94f12f,헬로독,애견용품,포항중앙상가,전통시장,경상북도,,,
9e7717629c57c5e9e1b0,full_annotation_v1,A,q_애견_01,애견용품,생활서비스 중 '애견'을 판매·제공하는 매장,val,애견,T1 정확표기,9223bdc8-ebe6-4e67-b303-b8b7b05f8ae4,마루동물병원,애견용품,금호운천로상인회 골목형상점가,골목형상점가,광주광역시,,,
864ffeffcbea6ca65eee,full_annotation_v1,A,q_애견_01,애견용품,생활서비스 중 '애견'을 판매·제공하는 매장,val,애견,T1 정확표기,464ce8c4-38a3-46f4-8ebb-15011b3244c3,해피하개,애견용품,신부평지하상가,일반지하상점가,인천광역시,,,
9bb1f0f0ccb9cc649cf4,full_annotation_v1,A,q_애견_01,애견용품,생활서비스 중 '애견'을 판매·제공하는 매장,val,애견,T1 정확표기,8d91c78b-3395-493a-adf2-73f90c97d219,스타일리스트,미용,녹두S밸리골목형상점가,골목형상점가,서울특별시,,,
d7fe861d4e0a8236a13a,full_annotation_v1,A,q_애견_01,애견용품,생활서비스 중 '애견'을 판매·제공하는 매장,val,애견,T1 정확표기,a215b58f-7e85-42db-90df-03ea241feac6,도꾸도꾸,애견용품,행복상점가,자율상권구역,경상북도,,,
ce9b4fc189a015735ccd,full_annotation_v1,A,q_애견_01,애견용품,생활서비스 중 '애견'을 판매·제공하는 매장,val,애견,T1 정확표기,4bbcff5e-1bc8-4765-9cb4-c5e4c24a98a2,샤이니펫,애견용품,주안시민지하도상점가,일반지하상점가,인천광역시,,,
bf9d0e4e4c69c212a3e5,full_annotation_v1,A,q_애견_01,애견용품,생활서비스 중 '애견'을 판매·제공하는 매장,val,애견,T1 정확표기,322efd2d-4fd5-4b78-86c0-6d348febae00,에이앤피펫,애견용품,주안역지하도상점가,일반지하상점가,인천광역시,,,
fdf7f06030fec1e24752,full_annotation_v1,A,q_애견_01,애견용품,생활서비스 중 '애견'을 판매·제공하는 매장,val,애견,T1 정확표기,5b4b59a7-3ed3-4f82-95f2-d902e67e8723,방울,애견용품,추억담은광주역뒷길 골목형상점가,골목형상점가,광주광역시,,,
69feb2c8914cad34440f,full_annotation_v1,A,q_애견_01,애견용품,생활서비스 중 '애견'을 판매·제공하는 매장,val,애견,T1 정확표기,b55f1ee8-1ca9-483f-b6f8-f7069aa4c957,펫하우스,애견용품,가좌시장,전통시장,인천광역시,,,
a3c683142bcdfedbebea,full_annotation_v1,A,q_애견_01,애견용품,생활서비스 중 '애견'을 판매·제공하는 매장,val,애견,T1 정확표기,4f88008b-ea1d-436f-9209-b22c4048919a,설악애견,애견용품,설악눈메골시장,전통시장,경기도,,,
88ab6542c7c7a778047b,full_annotation_v1,A,q_애견_01,애견용품,생활서비스 중 '애견'을 판매·제공하는 매장,val,애견,T1 정확표기,f08cd153-fa70-41b4-9ae0-78528ee26a23,파트라슈,애견용품,초록거리 골목형상점가,골목형상점가,경기도,,,
413731fa12efd4623cb7,full_annotation_v1,A,q_애견_01,애견용품,생활서비스 중 '애견'을 판매·제공하는 매장,val,애견,T1 정확표기,90434eca-8165-4e01-bf74-9f7e9ae01b94,댕댕#,애견용품,수완하나로 골목형상점가,골목형상점가,광주광역시,,,
0c1d0fbc49bc7ddfd6fe,full_annotation_v1,A,q_애견_01,애견용품,생활서비스 중 '애견'을 판매·제공하는 매장,val,애견,T1 정확표기,473bc85c-5fd3-4ca5-8489-af6e9ce44169,꼬리치는강아지,애견용품,성대시장골목형상점가,골목형상점가,서울특별시,,,
8bfe81c9d19fce9105d6,full_annotation_v1,A,q_애견_01,애견용품,생활서비스 중 '애견'을 판매·제공하는 매장,val,애견,T1 정확표기,d5e8fee8-2fc3-4246-a4e5-6a9cf7bcbfe9,무앙무앙,애견용품,이지더원 골목형 상점가,골목형상점가,충청남도,,,
c05c09ab388c07fcf30a,full_annotation_v1,A,q_애견_01,애견용품,생활서비스 중 '애견'을 판매·제공하는 매장,val,애견,T1 정확표기,a7fd2952-d093-4b01-bd7a-b86d80616905,보노펫,애견용품,치평동아파트연합상인회 골목형상점가,골목형상점가,광주광역시,,,
b874fe29189f4f8e2065,full_annotation_v1,A,q_애견_01,애견용품,생활서비스 중 '애견'을 판매·제공하는 매장,val,애견,T1 정확표기,5f8d3081-00ad-4272-ae25-0e18ca0fb2af,반짝일개,애견용품,"각화서희,더샵주변 골목형상점가",골목형상점가,광주광역시,,,
d8d8dc08f617892f7613,full_annotation_v1,A,q_애견_01,애견용품,생활서비스 중 '애견'을 판매·제공하는 매장,val,애견,T1 정확표기,f7495926-6c30-42a5-8c10-0fa27d949166,몽데이,애견용품,불당2번가 골목형상점가,골목형상점가,충청남도,,,
f2d1e4269107356246c9,full_annotation_v1,A,q_애견_01,애견용품,생활서비스 중 '애견'을 판매·제공하는 매장,val,애견,T1 정확표기,e3e43eca-f55f-483a-92c6-dca81485cfa4,멍스타일,애견용품,신월3동시장골목형상점가,골목형상점가,서울특별시,,,
87f413f3ccdb628405b8,full_annotation_v1,A,q_애견_01,애견용품,생활서비스 중 '애견'을 판매·제공하는 매장,val,애견,T1 정확표기,6b5d7abd-9984-4f13-84f7-c2db31c1cba4,애경용품및조화그리고공간사랑,애견용품,안산다농마트전통시장,전통시장,경기도,,,
29496f54006a6cce0279,full_annotation_v1,A,q_애견_01,애견용품,생활서비스 중 '애견'을 판매·제공하는 매장,val,애견,T1 정확표기,f19ffb19-6bc8-41e9-a584-52c47480a929,애견아롬샵,애견용품,인공폭포상가,자율상권구역,강원특별자치도,,,
3255c3bf30ba9b562341,full_annotation_v1,A,q_애견_01,애견용품,생활서비스 중 '애견'을 판매·제공하는 매장,val,애견,T1 정확표기,65375dca-65c4-430a-b9db-117457dc2182,도그버디,애견용품,우림골목시장,전통시장,서울특별시,,,
ccf37ad562e5bc7831e5,full_annotation_v1,A,q_애견_01,애견용품,생활서비스 중 '애견'을 판매·제공하는 매장,val,애견,T1 정확표기,91846e82-549b-47b6-abf6-c1ad276531c4,오멍가멍,애견용품,문화의거리 상점가,자율상권구역,울산광역시,,,
2c1e82c269d43c60900f,full_annotation_v1,A,q_애견_01,애견용품,생활서비스 중 '애견'을 판매·제공하는 매장,val,애견,T1 정확표기,068d3f51-a4d4-4314-9882-6d61389ff931,wallu,애견용품,분당우성시장,전통시장,경기도,,,
e00898c869d3254f5459,full_annotation_v1,A,q_애견_01,애견용품,생활서비스 중 '애견'을 판매·제공하는 매장,val,애견,T1 정확표기,95c7b5df-af53-4685-8e89-cd55681a1626,우동이네,애견용품,남대문시장,전통시장,서울특별시,,,
d07d72a15cc159a34af3,full_annotation_v1,A,q_애견_01,애견용품,생활서비스 중 '애견'을 판매·제공하는 매장,val,애견,T1 정확표기,da5d3783-d1b1-44a9-9658-ba74f37d719c,은빈유통,애견용품,서문시장건해산물상가,전통시장,대구광역시,,,
d82e7b0ccb9ffb82b757,full_annotation_v1,A,q_애견_01,애견용품,생활서비스 중 '애견'을 판매·제공하는 매장,val,애견,T1 정확표기,20c5db8b-a4a3-499d-b881-fa397cb0b9e0,태양건어물마트,수퍼 건어물,군산시 구도심 상권활성화구역,상권활성화구역,전북특별자치도,,,
cf26f45d169fa24d7a84,full_annotation_v1,A,q_애견_01,애견용품,생활서비스 중 '애견'을 판매·제공하는 매장,val,애견,T1 정확표기,c4631a01-4bfa-4f67-a911-7501342164d9,야옹아멍멍해봐,애견용품,강남역지하도상점가,일반지하상점가,서울특별시,,,
b4ac00d3d3c3c3b0efc8,full_annotation_v1,A,q_애견_01,애견용품,생활서비스 중 '애견'을 판매·제공하는 매장,val,애견,T1 정확표기,cc4b5063-2169-4442-8b1f-9545f3d580fc,디펫,애견용품,경동시장,전통시장,서울특별시,,,
11160ef0896cbb0b8649,full_annotation_v1,A,q_애견_01,애견용품,생활서비스 중 '애견'을 판매·제공하는 매장,val,애견,T1 정확표기,28c5aebe-a7ce-495c-838e-284996c0fd99,댕스땡스,애견용품,주안역지하도상점가,일반지하상점가,인천광역시,,,
a0299df244c7fc725ef9,full_annotation_v1,A,q_애견_01,애견용품,생활서비스 중 '애견'을 판매·제공하는 매장,val,애견,T1 정확표기,e6708a3e-4430-4621-a10e-e83e59550b37,또오,애견용품,휴먼시아 3단지 골목형상점가,골목형상점가,울산광역시,,,
7b986e692261d0135dd9,full_annotation_v1,A,q_애견_01,애견용품,생활서비스 중 '애견'을 판매·제공하는 매장,val,애견,T1 정확표기,376a6de5-2462-416e-901f-2571a7817017,에스더 패션,의류,남성역먹거리골목형상점가,골목형상점가,서울특별시,,,
c9573ea6a61d57db510b,full_annotation_v1,A,q_애견_01,애견용품,생활서비스 중 '애견'을 판매·제공하는 매장,val,애견,T1 정확표기,33dd3d20-103d-44a4-b008-9c361f1ff24e,버블멍,애견용품,인천모래내전통시장,전통시장,인천광역시,,,
61bbc4fdc08ee6d13a38,full_annotation_v1,A,q_애견_01,애견용품,생활서비스 중 '애견'을 판매·제공하는 매장,val,애견,T1 정확표기,06e7d33d-d913-43e8-89c2-140a38e8ebe0,반값애견,애견용품,답십리현대시장,전통시장,서울특별시,,,
396892d0f6139c3eadfe,full_annotation_v1,A,q_애견_01,애견용품,생활서비스 중 '애견'을 판매·제공하는 매장,val,애견,T1 정확표기,73befd6f-68d7-4a16-9339-28be66d94ffa,애견마당,애견용품,정서진중앙시장(구 서구중앙시장),전통시장,인천광역시,,,
f7479c95b169aefe6d0d,full_annotation_v1,A,q_애견_01,애견용품,생활서비스 중 '애견'을 판매·제공하는 매장,val,애견,T1 정확표기,7828cd58-2243-4184-a4a1-d85381b38701,댕구름,애견용품,둔산3동상점가,자율상권구역,대전광역시,,,
bd931ed82bbc19bbd5de,full_annotation_v1,A,q_애견_01,애견용품,생활서비스 중 '애견'을 판매·제공하는 매장,val,애견,T1 정확표기,83e99c72-fa80-4fce-8da2-77dda5ae7d21,펫스쿨,애견용품,수유시장,전통시장,서울특별시,,,
a50c0394bb1b4b67fb49,full_annotation_v1,A,q_애견_01,애견용품,생활서비스 중 '애견'을 판매·제공하는 매장,val,애견,T1 정확표기,04003b1d-5ec1-4e69-a825-57c808dee19b,무드 그루밍(Mood Grooming,동물미용 애견용품,고성동벚꽃 골목형상점가,골목형상점가,대구광역시,,,
ccda6cd1bbb01830fef3,full_annotation_v1,A,q_애견_01,애견용품,생활서비스 중 '애견'을 판매·제공하는 매장,val,애견,T1 정확표기,02d90458-53dd-488d-a915-1f95ee9dcaf1,새봄동물병원,동물,신효천 골목형상점가,골목형상점가,광주광역시,,,
e792a997882e5e16ecfd,full_annotation_v1,A,q_애견_01,애견용품,생활서비스 중 '애견'을 판매·제공하는 매장,val,애견,T1 정확표기,04b11cda-02aa-4ce6-ad9c-c9cd8fde407f,까까뿌숑,애견미용 및 애견용품 판매,효안 골목형상점가,골목형상점가,광주광역시,,,
fe521499967feb03c079,full_annotation_v1,A,q_애견_01,애견용품,생활서비스 중 '애견'을 판매·제공하는 매장,val,애견,T1 정확표기,cbb3693e-1267-4614-ad15-fbeafeb005aa,도그버디,애견용품,한민시장,전통시장,대전광역시,,,
91eb9975cf7dec81327f,full_annotation_v1,A,q_애견_01,애견용품,생활서비스 중 '애견'을 판매·제공하는 매장,val,애견,T1 정확표기,693b279d-dc5a-4cc8-b595-e020458ed6b5,도그앤패션브랜드,애견용품,신도꼼지락시장,전통시장,대전광역시,,,
49909460db6ca050fbbe,full_annotation_v1,A,q_애견_01,애견용품,생활서비스 중 '애견'을 판매·제공하는 매장,val,애견,T1 정확표기,8d68b9ec-86b5-4290-89ea-74d83ccfa9ba,화련도자기공방,서비스업(공방)도소매(도자기)소매업(전자상거래),예스파크 상점가,자율상권구역,경기도,,,
678316ebbcfdf8d78f37,full_annotation_v1,A,q_애견_01,애견용품,생활서비스 중 '애견'을 판매·제공하는 매장,val,애견,T1 정확표기,ea3ce0f3-7158-41ed-9287-464c589562be,도지펫,애견용품,프로방스 골목형상점가,골목형상점가,전라남도,,,
967ceeb58abe46647138,full_annotation_v1,A,q_애견_01,애견용품,생활서비스 중 '애견'을 판매·제공하는 매장,val,애견,T1 정확표기,3ecb735e-fedf-4084-9d3d-dd27fbdb04d3,모멍트,애견용품,수완머그로 골목형상점가,골목형상점가,광주광역시,,,
648dc075ca7ff10ddf54,full_annotation_v1,A,q_애견_01,애견용품,생활서비스 중 '애견'을 판매·제공하는 매장,val,애견,T1 정확표기,6feb1c49-c159-4bee-a053-7c85ab085221,애견나라,애견용품,금촌명동로시장,전통시장,경기도,,,
be6101bcbf6d81edc217,full_annotation_v1,A,q_애견_01,애견용품,생활서비스 중 '애견'을 판매·제공하는 매장,val,애견,T1 정확표기,37be217a-3c53-4fb1-897f-8ad07aaef189,댕댕이와냥이의펫스토리,애견용품,방신전통시장,전통시장,서울특별시,,,
8772ec940ffaa0a5d477,full_annotation_v1,A,q_애견_01,애견용품,생활서비스 중 '애견'을 판매·제공하는 매장,val,애견,T1 정확표기,46e97859-c56a-41ad-9662-8f3973d03ad3,해피,애견용품,부평역지하상가,일반지하상점가,인천광역시,,,
9a77ab69babbca7787a4,full_annotation_v1,A,q_애견_01,애견용품,생활서비스 중 '애견'을 판매·제공하는 매장,val,애견,T1 정확표기,5ece3c17-7f4e-4fd3-a859-e0980c141e62,힐링펫샵,애견용품,병점중심상가,자율상권구역,경기도,,,
2067424204a10f9affc1,full_annotation_v1,A,q_애견_01,애견용품,생활서비스 중 '애견'을 판매·제공하는 매장,val,애견,T1 정확표기,d0b70708-9a4b-454b-b703-d90c9c1b7466,라빈느(LAVIGNE),카페,녹두S밸리골목형상점가,골목형상점가,서울특별시,,,
2244d59d3a4ec6bc499c,full_annotation_v1,A,q_애견_01,애견용품,생활서비스 중 '애견'을 판매·제공하는 매장,val,애견,T1 정확표기,07d88e1b-b52f-442a-9efd-bf2964262b62,하이독스,애견용품,금호사랑 상인회 골목형상점가,골목형상점가,전라남도,,,
3f88e1d206c268bd406b,full_annotation_v1,A,q_애견_01,애견용품,생활서비스 중 '애견'을 판매·제공하는 매장,val,애견,T1 정확표기,5e9a8011-6036-4e2d-8e9b-6227c2979760,대학약국,의약품,제천시 원도심 상권활성화구역,상권활성화구역,충청북도,,,
a1c9798f0d815f54c605,full_annotation_v1,A,q_애견_01,애견용품,생활서비스 중 '애견'을 판매·제공하는 매장,val,애견,T1 정확표기,bfc37f27-0be9-4bb6-8079-e47f295dc400,개털도사,애견용품,금호아파트상인회 골목형상점가,골목형상점가,광주광역시,,,
fac5697aaf1914bab33b,full_annotation_v1,A,q_애견_01,애견용품,생활서비스 중 '애견'을 판매·제공하는 매장,val,애견,T1 정확표기,fe710295-1944-42c5-8ccd-ff6c7212a365,퍼피랜드,애견용품,주엽역 골목형상점가,골목형상점가,경기도,,,
520d115588311502e62d,full_annotation_v1,A,q_애견_01,애견용품,생활서비스 중 '애견'을 판매·제공하는 매장,val,애견,T1 정확표기,2a01c35b-dc5c-4a35-8de9-2c0f09f2db4f,153함가네국밥,한식,엄사 골목형상점가,골목형상점가,충청남도,,,
d5172300901ba0322340,full_annotation_v1,A,q_애견_01,애견용품,생활서비스 중 '애견'을 판매·제공하는 매장,val,애견,T1 정확표기,22725af7-e28e-4859-9bea-32b0d71a929c,퀸즈맘앤베이비,수유용품,평촌1번가 상점가,자율상권구역,경기도,,,
adc36f78b60f37108d46,full_annotation_v1,A,q_애견_01,애견용품,생활서비스 중 '애견'을 판매·제공하는 매장,val,애견,T1 정확표기,88efa252-f134-40b8-8213-648a39871e1f,유주펫,애견용품,계림 재미로 골목형상점가,골목형상점가,광주광역시,,,
5a5b41bfc90a4c29ee33,full_annotation_v1,A,q_애견_01,애견용품,생활서비스 중 '애견'을 판매·제공하는 매장,val,애견,T1 정확표기,5d6189e6-8444-456c-a07a-c6cb1399ef7f,리즈멍,애견용품,수완새별 골목형상점가,골목형상점가,광주광역시,,,
a47e9522cc2dc1bbde73,full_annotation_v1,A,q_애견_01,애견용품,생활서비스 중 '애견'을 판매·제공하는 매장,val,애견,T1 정확표기,0039e450-aa72-40e4-8495-49c9b99b8216,더 키움동물병원,애견용품,신대지구상가,자율상권구역,전라남도,,,
7bbcce5ad15a76dbf144,full_annotation_v1,A,q_애견_01,애견용품,생활서비스 중 '애견'을 판매·제공하는 매장,val,애견,T1 정확표기,59113ebd-79cd-4288-a879-fb69c300728f,바디스케치,퍼스널 트레이닝,매탄중심상가 골목형상점가,골목형상점가,경기도,,,
f3271d04db1ecc7babc6,full_annotation_v1,A,q_애견_01,애견용품,생활서비스 중 '애견'을 판매·제공하는 매장,val,애견,T1 정확표기,0a7de62f-b294-412c-b700-0642397eca30,다이나핏 김포장기점,"스포츠 의류, 용품",김포장기패션아울렛,골목형상점가,경기도,,,
78e6f77167064e0c12e2,full_annotation_v1,A,q_애견_01,애견용품,생활서비스 중 '애견'을 판매·제공하는 매장,val,애견,T1 정확표기,e85889f9-9e25-401b-862c-c3bcb310a0b9,네일더설렘,"네일, 속눈썹 서비스업",첨단이웃사랑 골목형상점가,골목형상점가,광주광역시,,,
69b84b7bdb93bd9e77f8,full_annotation_v1,A,q_애견_01,애견용품,생활서비스 중 '애견'을 판매·제공하는 매장,val,애견,T1 정확표기,f0ba34da-257d-4c22-a34d-c444038694bd,황금애견샵,애견용품,포항중앙상가,전통시장,경상북도,,,
560690f5232af5b74e88,full_annotation_v1,A,q_애견_01,애견용품,생활서비스 중 '애견'을 판매·제공하는 매장,val,애견,T1 정확표기,f9740e98-36a3-47ae-9f04-73184ffcf99c,봉구의간식부평역점,애견용품,부평 문화의거리,전통시장,인천광역시,,,
75a19389b4eebafb0d0a,full_annotation_v1,A,q_애견_01,애견용품,생활서비스 중 '애견'을 판매·제공하는 매장,val,애견,T1 정확표기,be4efb95-5f34-4e7c-817f-6a9c650c6d3d,서린뮤직,악기,낙원악기상가,전통시장,서울특별시,,,
13672167e06f5e03a84b,full_annotation_v1,A,q_애견_01,애견용품,생활서비스 중 '애견'을 판매·제공하는 매장,val,애견,T1 정확표기,a702512d-6100-43a7-a276-beedef318358,멍돌하우스,애견용품,문정동로데오상점가,자율상권구역,서울특별시,,,
5c43b9a8ebeeadbde7d2,full_annotation_v1,A,q_애견_01,애견용품,생활서비스 중 '애견'을 판매·제공하는 매장,val,애견,T1 정확표기,d05429b1-af25-4d49-9075-0bb3d6fbf657,몽몽이하우스,애견용품,강북북부골목시장 골목형상점가,골목형상점가,서울특별시,,,
ae55b0feb644fadb7aad,full_annotation_v1,A,q_애견_01,애견용품,생활서비스 중 '애견'을 판매·제공하는 매장,val,애견,T1 정확표기,d42bb9f5-b24e-4aa7-8cca-3f9a0e3018e2,와와유통,애견용품,부천상동시장,전통시장,경기도,,,
973eea36b3f0db4affab,full_annotation_v1,A,q_애견_01,애견용품,생활서비스 중 '애견'을 판매·제공하는 매장,val,애견,T1 정확표기,72129585-68c8-4b38-927d-86dea782f548,파트라슈,애견용품,지중해마을 골목형상점가,골목형상점가,충청남도,,,
e93cead79e0683a3a29c,full_annotation_v1,A,q_애견_01,애견용품,생활서비스 중 '애견'을 판매·제공하는 매장,val,애견,T1 정확표기,be39d9cf-3ad0-4e6d-8314-97f5237ed8a6,아무도없개,애견용품,공항대로골목형상점가,골목형상점가,서울특별시,,,
90bfc7de7a41153a4e3d,full_annotation_v1,A,q_애견_02,반려동물용품점,생활서비스 중 '애견'을 판매·제공하는 매장,val,애견,T2 동의어,31bcb0b9-25e1-4073-aa0d-dfeea634751a,펫114,반려동물용품,신 강남시장,전통시장,인천광역시,,,
864354e8f630ab4a369d,full_annotation_v1,A,q_애견_02,반려동물용품점,생활서비스 중 '애견'을 판매·제공하는 매장,val,애견,T2 동의어,d8e6d9ee-c2ae-4044-8735-502ddb1e1ef7,오로라,수산물,소래포구전통어시장,전통시장,인천광역시,,,
1f48dcbe6504e26512af,full_annotation_v1,A,q_애견_02,반려동물용품점,생활서비스 중 '애견'을 판매·제공하는 매장,val,애견,T2 동의어,f2ebcd91-aa1e-45d1-ae97-1d694efda10a,펫샵강아지와산책,반려동물용품,태화강국가정원먹거리단지,자율상권구역,울산광역시,,,
7bbd9c0e24085be05d60,full_annotation_v1,A,q_애견_02,반려동물용품점,생활서비스 중 '애견'을 판매·제공하는 매장,val,애견,T2 동의어,b1aa2f60-a061-4cc6-a335-c75e755a0e1b,꼬순내반상회,반려동물위탁,남사한숲 골목형상점가,골목형상점가,경기도,,,
349a6e80bb0723bf17e0,full_annotation_v1,A,q_애견_02,반려동물용품점,생활서비스 중 '애견'을 판매·제공하는 매장,val,애견,T2 동의어,51782c4e-4188-43d8-ab3d-edf0d96a7196,썬데이게코,파충류 반려동물용품 전자상거래 소매업,인터메디타워 골목형상점가,골목형상점가,울산광역시,,,
dff26255d0edac238785,full_annotation_v1,A,q_애견_02,반려동물용품점,생활서비스 중 '애견'을 판매·제공하는 매장,val,애견,T2 동의어,c206e60f-de7f-44b5-a461-48d62431a500,멍냥의민족 순천조례점,반려동물용품,왕지상가,자율상권구역,전라남도,,,
0d1b09fe676c3ec24163,full_annotation_v1,A,q_애견_02,반려동물용품점,생활서비스 중 '애견'을 판매·제공하는 매장,val,애견,T2 동의어,02d90458-53dd-488d-a915-1f95ee9dcaf1,새봄동물병원,동물,신효천 골목형상점가,골목형상점가,광주광역시,,,
9293700d10bad928c0c3,full_annotation_v1,A,q_애견_02,반려동물용품점,생활서비스 중 '애견'을 판매·제공하는 매장,val,애견,T2 동의어,068d3f51-a4d4-4314-9882-6d61389ff931,wallu,애견용품,분당우성시장,전통시장,경기도,,,
74355e8c8d3b905ee714,full_annotation_v1,A,q_애견_02,반려동물용품점,생활서비스 중 '애견'을 판매·제공하는 매장,val,애견,T2 동의어,56db8344-9ee8-4fa1-9a6c-34e6a167f743,멍타주,반려동물미용,염주상인회 골목형상점가,골목형상점가,광주광역시,,,
4834c2d1654c572b4536,full_annotation_v1,A,q_애견_02,반려동물용품점,생활서비스 중 '애견'을 판매·제공하는 매장,val,애견,T2 동의어,0e25b409-580e-4762-858d-f877645348a2,아르멍,반려동물미용,갈매애비뉴 골목형상점가,골목형상점가,경기도,,,
ad426fde16f92b706afa,full_annotation_v1,A,q_애견_02,반려동물용품점,생활서비스 중 '애견'을 판매·제공하는 매장,val,애견,T2 동의어,8c53c449-dc32-4cb0-8e49-1ff7a63a1d50,광주 24시 반려동물용품 위글리 펫 계림점,반려동물용품,계림그랜드센트럴 골목형상점가,골목형상점가,광주광역시,,,
9e4a099af467420bd050,full_annotation_v1,A,q_애견_02,반려동물용품점,생활서비스 중 '애견'을 판매·제공하는 매장,val,애견,T2 동의어,0039e450-aa72-40e4-8495-49c9b99b8216,더 키움동물병원,애견용품,신대지구상가,자율상권구역,전라남도,,,
2f22e39cea6826759347,full_annotation_v1,A,q_애견_02,반려동물용품점,생활서비스 중 '애견'을 판매·제공하는 매장,val,애견,T2 동의어,05e3a6a8-6d9d-469c-80fc-83b3238e6c7d,예쁘개,애완동물 목욕서비스 애견 미용서비스 애견미용실 애견용품소매,한민시장,전통시장,대전광역시,,,
29406ee969d200140c42,full_annotation_v1,A,q_애견_02,반려동물용품점,생활서비스 중 '애견'을 판매·제공하는 매장,val,애견,T2 동의어,d0b6fa86-38e0-4be5-9af6-f92c755e6753,도그마캣다산점,반려동물용품,다산역 로데오 상점가,자율상권구역,경기도,,,
5f9fbc1f2bd413360a1e,full_annotation_v1,A,q_애견_02,반려동물용품점,생활서비스 중 '애견'을 판매·제공하는 매장,val,애견,T2 동의어,23d37706-0091-4d96-b3a5-175d9f183fcd,새마을종묘,,하양꿈바우시장,전통시장,경상북도,,,
239cac5aa85d586c37b6,full_annotation_v1,A,q_애견_02,반려동물용품점,생활서비스 중 '애견'을 판매·제공하는 매장,val,애견,T2 동의어,be111d7f-c6c5-4aec-8463-d49a176835ba,오브,의류,부평역지하상가,일반지하상점가,인천광역시,,,
50e9b44001d558823598,full_annotation_v1,A,q_애견_02,반려동물용품점,생활서비스 중 '애견'을 판매·제공하는 매장,val,애견,T2 동의어,c7db4efe-a5b5-4476-8d4e-0648f3e60697,내새꾸멍냥이,"반려동물용품(애견, 애묘)",종암북바위길골목형상점가,골목형상점가,서울특별시,,,
72c28c4f0c03ed552d55,full_annotation_v1,A,q_애견_02,반려동물용품점,생활서비스 중 '애견'을 판매·제공하는 매장,val,애견,T2 동의어,aa9ab806-7a37-487e-be13-e50b380d6307,김치장아찌독,반찬,선부광장로상점가,자율상권구역,경기도,,,
1a4c480e4e2c5b3f7b2a,full_annotation_v1,A,q_애견_02,반려동물용품점,생활서비스 중 '애견'을 판매·제공하는 매장,val,애견,T2 동의어,701c3e8f-7e1e-4e73-b952-7d7d8700e941,핑즈데이,반려동물용품,구미공단종합시장,전통시장,경상북도,,,
e040822375f14aef2a0a,full_annotation_v1,A,q_애견_02,반려동물용품점,생활서비스 중 '애견'을 판매·제공하는 매장,val,애견,T2 동의어,c5cdba0b-cfeb-4ed2-ab1a-73d3c3b7774b,광주본동물병원,반려동물용품,서구청먹자골목상인회 골목형상점가,골목형상점가,광주광역시,,,
1fbc47f7700e75167acc,full_annotation_v1,A,q_애견_02,반려동물용품점,생활서비스 중 '애견'을 판매·제공하는 매장,val,애견,T2 동의어,3b2a906f-02f4-4a63-ad46-b3851837c8ed,모여라신발,신발,동문재래시장,전통시장,제주특별자치도,,,
644f7cf2ccb68cf41674,full_annotation_v1,A,q_애견_02,반려동물용품점,생활서비스 중 '애견'을 판매·제공하는 매장,val,애견,T2 동의어,8f600a7a-3e2b-4a0e-a887-50a787bf0a8d,멍냥히어로 상왕십리역 무인 애견용품,반려동물용품,왕십리무학봉상점가,자율상권구역,서울특별시,,,
8f7f25274a856097d94b,full_annotation_v1,A,q_애견_02,반려동물용품점,생활서비스 중 '애견'을 판매·제공하는 매장,val,애견,T2 동의어,7f08c5d3-2c71-4c55-bf81-45ce11f9f144,멍스터,반려동물,봉선1로37번길 골목형상점가,골목형상점가,광주광역시,,,
1da4d4fd13b1ead5096a,full_annotation_v1,A,q_애견_02,반려동물용품점,생활서비스 중 '애견'을 판매·제공하는 매장,val,애견,T2 동의어,3b77896f-b019-41e3-828b-3641a532f4ec,펫아미 용인점,반려동물,BOCA 보카상점가,골목형상점가,경기도,,,
53e8e4dbc2e3ccfce394,full_annotation_v1,A,q_애견_02,반려동물용품점,생활서비스 중 '애견'을 판매·제공하는 매장,val,애견,T2 동의어,b083fb05-2bb2-445f-a9b6-897575cc457f,은성숯불갈비,한식,설성골목형상점가,골목형상점가,충청북도,,,
28fac34196a439cb0b7b,full_annotation_v1,A,q_애견_02,반려동물용품점,생활서비스 중 '애견'을 판매·제공하는 매장,val,애견,T2 동의어,e56c061d-aca3-468c-b9a0-26902e05398f,둥이네부티크,반려동물용품 외,창원 성원그랜드쇼핑상가,전통시장,경상남도,,,
51072fc335d4dd7c385b,full_annotation_v1,A,q_애견_02,반려동물용품점,생활서비스 중 '애견'을 판매·제공하는 매장,val,애견,T2 동의어,caee3bfa-e534-422b-9b21-d02cc0d7ea1c,리본동물병원,반려동물 진료,화정한울타리상인회 골목형상점가,골목형상점가,광주광역시,,,
c6806ebe13ce34fccb70,full_annotation_v1,A,q_애견_02,반려동물용품점,생활서비스 중 '애견'을 판매·제공하는 매장,val,애견,T2 동의어,91e6b2cd-35fc-4e0d-8403-cd03071e8478,조흥상회,직물,서문시장2지구 종합상가,전통시장,대구광역시,,,
0daaef8783290ff0b79e,full_annotation_v1,A,q_애견_02,반려동물용품점,생활서비스 중 '애견'을 판매·제공하는 매장,val,애견,T2 동의어,7a16584f-a327-409e-ab68-7c76e953cbb8,폴리파크 남광주점,반려동물용품,대남대로 골목형상점가,골목형상점가,광주광역시,,,
162d7d8d6964432de52e,full_annotation_v1,A,q_애견_02,반려동물용품점,생활서비스 중 '애견'을 판매·제공하는 매장,val,애견,T2 동의어,f8e680fc-d437-45be-b43e-91d575d883e4,리치랜드,침구,창원 성원그랜드쇼핑상가,전통시장,경상남도,,,
6c826cb184dde21d24d4,full_annotation_v1,A,q_애견_02,반려동물용품점,생활서비스 중 '애견'을 판매·제공하는 매장,val,애견,T2 동의어,542a8561-14fa-48ce-a2e4-d295085db265,국제반려동물교육문화원,애완동물용품,가평잣고을시장,전통시장,경기도,,,
6396448c1c9ff88ce355,full_annotation_v1,A,q_애견_02,반려동물용품점,생활서비스 중 '애견'을 판매·제공하는 매장,val,애견,T2 동의어,04b11cda-02aa-4ce6-ad9c-c9cd8fde407f,까까뿌숑,애견미용 및 애견용품 판매,효안 골목형상점가,골목형상점가,광주광역시,,,
07b49532d1c808ca9417,full_annotation_v1,A,q_애견_02,반려동물용품점,생활서비스 중 '애견'을 판매·제공하는 매장,val,애견,T2 동의어,df6238f4-d88c-411e-a8ab-b5b1bdb565bf,캣동산,반려동물위탁,운암 북문대로1 골목형상점가,골목형상점가,광주광역시,,,
01bc8c88d582cb8a085d,full_annotation_v1,A,q_애견_02,반려동물용품점,생활서비스 중 '애견'을 판매·제공하는 매장,val,애견,T2 동의어,04003b1d-5ec1-4e69-a825-57c808dee19b,무드 그루밍(Mood Grooming,동물미용 애견용품,고성동벚꽃 골목형상점가,골목형상점가,대구광역시,,,
b85945e95aabd9dabc19,full_annotation_v1,A,q_애견_02,반려동물용품점,생활서비스 중 '애견'을 판매·제공하는 매장,val,애견,T2 동의어,191c5379-0548-40a9-acc1-0863f90288aa,딜리얌,반려동물,상무오월로상인회 골목형상점가,골목형상점가,광주광역시,,,
c07f6d4e40c4a0ad29c0,full_annotation_v1,A,q_애견_02,반려동물용품점,생활서비스 중 '애견'을 판매·제공하는 매장,val,애견,T2 동의어,a2de35ac-28d6-486e-8df5-398e6fadf65c,예쁘댕,반려동물미용,압촌동 골목형상점가,골목형상점가,광주광역시,,,
b25bf16f9feafeab6278,full_annotation_v1,A,q_애견_02,반려동물용품점,생활서비스 중 '애견'을 판매·제공하는 매장,val,애견,T2 동의어,86371ddf-b149-4c33-ad62-eca8126b8d8f,금산수삼센타44호,수삼,금산수삼센터,전통시장,충청남도,,,
74927e3485f1078e964b,full_annotation_v1,A,q_애견_02,반려동물용품점,생활서비스 중 '애견'을 판매·제공하는 매장,val,애견,T2 동의어,0eaecef3-d748-4ddb-9179-6df06f823b53,하나카 동물병원,"반려동물 진료, 반려동물 사료, 반려동물 영양제, 반려동물 간식",역삼동 골목형상점가,골목형상점가,서울특별시,,,
2b44fd579d8e23de7ae7,full_annotation_v1,A,q_애견_02,반려동물용품점,생활서비스 중 '애견'을 판매·제공하는 매장,val,애견,T2 동의어,55fddebf-614b-468a-9aa6-6afd05a7deee,와우펫앤쥬 세종,반려동물 및 용품,나성동 소방청 골목형상점가,골목형상점가,세종특별자치시,,,
e7564c7b30a27ca4c191,full_annotation_v1,A,q_애견_02,반려동물용품점,생활서비스 중 '애견'을 판매·제공하는 매장,val,애견,T2 동의어,7f23e9ed-3872-4787-a44e-3dca4f0bfc5c,에코시스템,"식품잡화, 조경자재, 담배, 반려동물용품 사료간식 전자상거래업","호성2길, 3길 골목형상점가",골목형상점가,전북특별자치도,,,
2c0f1a0b22ada97cebbf,full_annotation_v1,A,q_애견_02,반려동물용품점,생활서비스 중 '애견'을 판매·제공하는 매장,val,애견,T2 동의어,970877c1-3712-44a5-9e00-b228fbad041d,아디랑,반려동물미용,"일곡동(제4지역:쌍용,호반,청솔2,호반일신,청솔1)",골목형상점가,광주광역시,,,
0e2292d92a2797806a87,full_annotation_v1,A,q_애견_02,반려동물용품점,생활서비스 중 '애견'을 판매·제공하는 매장,val,애견,T2 동의어,7a91537d-fd44-4e24-be88-e9038424bd74,파리바게트 레이카운티점,,레이카운티 골목형상점가,골목형상점가,부산광역시,,,
8789bdd4b9ba1b80df96,full_annotation_v1,A,q_애견_02,반려동물용품점,생활서비스 중 '애견'을 판매·제공하는 매장,val,애견,T2 동의어,3473d0b5-40a0-46e2-a0ab-d4f69cc0a634,멍마루 애견샵,반려동물용품,전평제상인회 골목형상점가,골목형상점가,광주광역시,,,
eff9e593910cc25099a0,full_annotation_v1,A,q_애견_02,반려동물용품점,생활서비스 중 '애견'을 판매·제공하는 매장,val,애견,T2 동의어,09815d92-d0f0-4c87-b4fa-1194f86c53c0,유성프로스펙스,"스포츠의류, 용품",장대동패션상가 골목형상점가,골목형상점가,대전광역시,,,
ab097c6f6b2782a86cc5,full_annotation_v1,A,q_애견_02,반려동물용품점,생활서비스 중 '애견'을 판매·제공하는 매장,val,애견,T2 동의어,17079b43-1f7d-435a-88a1-a6041ade869a,투테일스,반려동물 용품,경동시장,전통시장,서울특별시,,,
86263807fbfc20df50c0,full_annotation_v1,A,q_애견_02,반려동물용품점,생활서비스 중 '애견'을 판매·제공하는 매장,val,애견,T2 동의어,7ea4cbae-d862-4b68-b36c-cb554d615364,견상낙원,반려동물위탁,나주혁신도시 골목형상점가,골목형상점가,전라남도,,,
e81730411cac73593ed7,full_annotation_v1,A,q_애견_02,반려동물용품점,생활서비스 중 '애견'을 판매·제공하는 매장,val,애견,T2 동의어,03f565ef-fdd8-45e5-9a28-6fb932eb52c3,사랑가득동물병원,반려동물 용품,운리공원상인회 골목형상점가,골목형상점가,광주광역시,,,
7b77fe245ac57e5971a8,full_annotation_v1,A,q_애견_02,반려동물용품점,생활서비스 중 '애견'을 판매·제공하는 매장,val,애견,T2 동의어,9ca7ce21-bf8a-4ba2-b3c2-6c961aeccc4e,SGYM임동점,체력단련,임동오거리 골목형상점가,골목형상점가,광주광역시,,,
21acd1ea5bcfc9b789f4,full_annotation_v1,A,q_애견_02,반려동물용품점,생활서비스 중 '애견'을 판매·제공하는 매장,val,애견,T2 동의어,a6f8da9b-d426-4f1e-92a2-492dedbf0f89,영커피 거제레이카운티점,,레이카운티 골목형상점가,골목형상점가,부산광역시,,,
02baf5d91945d7d66ff5,full_annotation_v1,A,q_애견_02,반려동물용품점,생활서비스 중 '애견'을 판매·제공하는 매장,val,애견,T2 동의어,4c81863b-78af-451a-9cde-370380a13883,코코바리,반려동물용품 동물운송 동미용,미장사랑 골목형상점가,골목형상점가,전북특별자치도,,,
0bb1639009bcd1ead077,full_annotation_v1,A,q_애견_02,반려동물용품점,생활서비스 중 '애견'을 판매·제공하는 매장,val,애견,T2 동의어,be01fae9-b681-4da5-88b0-4efd7264f6e2,모먼트(moment),의류,구미 금리단길 골목형상점가,골목형상점가,경상북도,,,
4414fc5feb465970f337,full_annotation_v1,A,q_애견_02,반려동물용품점,생활서비스 중 '애견'을 판매·제공하는 매장,val,애견,T2 동의어,ebd27a6c-a103-4b59-b799-b569a4f359cc,스프링펫 이천점,반려동물용품,이천중앙로상가,자율상권구역,경기도,,,
4e2a1feed24637775df3,full_annotation_v1,A,q_애견_02,반려동물용품점,생활서비스 중 '애견'을 판매·제공하는 매장,val,애견,T2 동의어,410c191a-5267-44ea-8090-da906df24f40,검정고무신,"신발, 가방",대소시장,전통시장,충청북도,,,
d7c61726700b7898f0d4,full_annotation_v1,A,q_애견_02,반려동물용품점,생활서비스 중 '애견'을 판매·제공하는 매장,val,애견,T2 동의어,a2330ef2-cdab-406f-9366-6cda67d487c0,댕 동 댕,반려동물 위탁,원신흥 골목형상점가,골목형상점가,대전광역시,,,
e399ea44dfa15ba08337,full_annotation_v1,A,q_애견_02,반려동물용품점,생활서비스 중 '애견'을 판매·제공하는 매장,val,애견,T2 동의어,db56cc53-febe-4065-938d-12fb2fd11f77,위글리펫 용봉점,반려동물용품,용봉지구 골목형상점가,골목형상점가,광주광역시,,,
fb1782a041bf69c3ade1,full_annotation_v1,A,q_애견_02,반려동물용품점,생활서비스 중 '애견'을 판매·제공하는 매장,val,애견,T2 동의어,5689d255-4d19-46dc-846b-f8ced4b95a28,모루뽀 B,반려동물 용품 소매업,덕이동패션1번지,전통시장,경기도,,,
8c8400890ee526adc522,full_annotation_v1,A,q_애견_02,반려동물용품점,생활서비스 중 '애견'을 판매·제공하는 매장,val,애견,T2 동의어,33bd1031-fed9-44c5-a2ee-04c7cda49031,어쩌다구피,열대어물품ㆍ반려동물용품ㆍ꽃,신창동일번국도가구의거리 골목형상점가,골목형상점가,광주광역시,,,
b2dbe069e5c8180fed99,full_annotation_v1,A,q_애견_02,반려동물용품점,생활서비스 중 '애견'을 판매·제공하는 매장,val,애견,T2 동의어,28cc2311-3d63-4cbf-ae6f-296b96b5f443,카페 봄봄,커피와 음료 및 디저트,고운마음 골목형상점가,골목형상점가,세종특별자치시,,,
98da3284a4db100cdee9,full_annotation_v1,A,q_애견_02,반려동물용품점,생활서비스 중 '애견'을 판매·제공하는 매장,val,애견,T2 동의어,439757f5-2429-4894-a937-a668be0a2188,미스터 페이머스,반려동물용품,BOCA 보카상점가,골목형상점가,경기도,,,
04cc337eeccb4e7668bd,full_annotation_v1,A,q_애견_02,반려동물용품점,생활서비스 중 '애견'을 판매·제공하는 매장,val,애견,T2 동의어,83cdcaeb-79ef-443d-a033-fe2890a78bec,엠에이전기(주),전기용품,신안동용봉초 골목형상점가,골목형상점가,광주광역시,,,
2c4940a4333b8f768248,full_annotation_v1,A,q_애견_02,반려동물용품점,생활서비스 중 '애견'을 판매·제공하는 매장,val,애견,T2 동의어,0a7de62f-b294-412c-b700-0642397eca30,다이나핏 김포장기점,"스포츠 의류, 용품",김포장기패션아울렛,골목형상점가,경기도,,,
f0eda545c75a67f3d522,full_annotation_v1,A,q_애견_02,반려동물용품점,생활서비스 중 '애견'을 판매·제공하는 매장,val,애견,T2 동의어,a605c000-b67c-47ce-bab8-4f0ee8cbdea2,주식회사 몬도미오,반려동물용품,백년소상공인,기타,대구광역시,,,
2b3947a73591b00d2832,full_annotation_v1,A,q_애견_02,반려동물용품점,생활서비스 중 '애견'을 판매·제공하는 매장,val,애견,T2 동의어,b6b63d9c-1c34-4ace-975f-323ac87bce69,강아지그림,반려동물 미용,성복 온누리 골목형상점가,골목형상점가,경기도,,,
426f50f17e57f154083f,full_annotation_v1,A,q_애견_02,반려동물용품점,생활서비스 중 '애견'을 판매·제공하는 매장,val,애견,T2 동의어,5a6e8efa-a815-4d39-b437-79a4dd241191,야옹아멍멍해봐 강아지고양이 삼각점,반려동물용품,삼각동 골목형상점가,골목형상점가,광주광역시,,,
67b2cb7a66ddbc3d1eb2,full_annotation_v1,A,q_애견_02,반려동물용품점,생활서비스 중 '애견'을 판매·제공하는 매장,val,애견,T2 동의어,75090ba5-6568-47bd-bcf3-ef20dead9672,어썸독,반려동물용품,화정소담상인회 골목형상점가,골목형상점가,광주광역시,,,
72d80491a2f9b04b3732,full_annotation_v1,A,q_애견_02,반려동물용품점,생활서비스 중 '애견'을 판매·제공하는 매장,val,애견,T2 동의어,0d753046-7eb1-4915-9c50-1e735acf1c1d,버블퍼피,"애견간식, 용품",왕십리무학봉상점가,자율상권구역,서울특별시,,,
a83049f4f63b1dcccd9e,full_annotation_v1,A,q_애견_03,강아지 용품 살 데,생활서비스 중 '애견'을 판매·제공하는 매장,val,애견,T4 구어·문장,02d90458-53dd-488d-a915-1f95ee9dcaf1,새봄동물병원,동물,신효천 골목형상점가,골목형상점가,광주광역시,,,
fb8d0d57386debf831e5,full_annotation_v1,A,q_애견_03,강아지 용품 살 데,생활서비스 중 '애견'을 판매·제공하는 매장,val,애견,T4 구어·문장,50a71da3-f429-422d-92f0-98f9119ef844,강아지랑나랑,애견미용,두암2동 도로변 골목형상점가,골목형상점가,광주광역시,,,
367c0a058607da4969f6,full_annotation_v1,A,q_애견_03,강아지 용품 살 데,생활서비스 중 '애견'을 판매·제공하는 매장,val,애견,T4 구어·문장,68adfacf-ae34-400e-9369-d7e8aee4a218,제이디컴퍼니,스포츠 용품,성서아울렛타운,자율상권구역,대구광역시,,,
174572ca33752b07ebbd,full_annotation_v1,A,q_애견_03,강아지 용품 살 데,생활서비스 중 '애견'을 판매·제공하는 매장,val,애견,T4 구어·문장,a71cd35d-c81c-4fb5-bfe5-d5289307b4c7,파사디골프,의류 용품,태전패션거리 골목형상점가,골목형상점가,대구광역시,,,
4290b19c22e67d2f0fc3,full_annotation_v1,A,q_애견_03,강아지 용품 살 데,생활서비스 중 '애견'을 판매·제공하는 매장,val,애견,T4 구어·문장,9ff9be0c-fc22-46c3-be9c-c4193cbd8e92,부스트플랜,용품 임대,갈매리본거리 골목형상점가,골목형상점가,경기도,,,
756ddf3d49b38a2b41dd,full_annotation_v1,A,q_애견_03,강아지 용품 살 데,생활서비스 중 '애견'을 판매·제공하는 매장,val,애견,T4 구어·문장,26bec097-7847-4a7d-8aee-246b37fbf217,스노우피크대구칠곡점,"의류, 용품",태전패션거리 골목형상점가,골목형상점가,대구광역시,,,
52514d506418a7f4b92f,full_annotation_v1,A,q_애견_03,강아지 용품 살 데,생활서비스 중 '애견'을 판매·제공하는 매장,val,애견,T4 구어·문장,d5b4ef53-a21e-4768-87df-b347aa160539,진보퍼피,애견미용 용품,지범골목먹거리타운 골목형상점가,골목형상점가,대구광역시,,,
2c46ba5ceaf0fcb3c814,full_annotation_v1,A,q_애견_03,강아지 용품 살 데,생활서비스 중 '애견'을 판매·제공하는 매장,val,애견,T4 구어·문장,891e0a55-ee57-4886-bd1a-b769ab4cedf3,착한고기,소 돼지 닭 정육,동원시장(진흥마켓),전통시장,서울특별시,,,
996e2c48fc7d2482ed27,full_annotation_v1,A,q_애견_03,강아지 용품 살 데,생활서비스 중 '애견'을 판매·제공하는 매장,val,애견,T4 구어·문장,12e038ca-d3fa-4cfc-ac43-1243df2ce7ff,웨스트우드,스포츠 용품,밀양 원도심 햇살문화 상권활성화 구역,상권활성화구역,경상남도,,,
d22522ef8c8bc196b878,full_annotation_v1,A,q_애견_03,강아지 용품 살 데,생활서비스 중 '애견'을 판매·제공하는 매장,val,애견,T4 구어·문장,3010198e-f267-477a-a1c7-784c79f069cf,르꼬끄,의류 및 용품,남서상점가,자율상권구역,경상북도,,,
34a1e2c6e8693058fa65,full_annotation_v1,A,q_애견_03,강아지 용품 살 데,생활서비스 중 '애견'을 판매·제공하는 매장,val,애견,T4 구어·문장,00b0818a-d0cd-4269-a4b7-d57d8b66e582,디스커버리,의류 및 용품,신천 패션타운 골목형상점가,골목형상점가,경기도,,,
60844104908ed5f1632a,full_annotation_v1,A,q_애견_03,강아지 용품 살 데,생활서비스 중 '애견'을 판매·제공하는 매장,val,애견,T4 구어·문장,9aa60b9e-e653-4233-b148-dbb7984d20af,벽지뜯는강아지,,금오골목형상점가,골목형상점가,경기도,,,
c7aa877de7b2f4218c55,full_annotation_v1,A,q_애견_03,강아지 용품 살 데,생활서비스 중 '애견'을 판매·제공하는 매장,val,애견,T4 구어·문장,cc0b8dd8-1056-462a-9fa1-5f2a99a2835d,쏘이마망,강아지용품,주안역지하도상점가,일반지하상점가,인천광역시,,,
133bb6b68dc70137ab74,full_annotation_v1,A,q_애견_03,강아지 용품 살 데,생활서비스 중 '애견'을 판매·제공하는 매장,val,애견,T4 구어·문장,f888a959-af27-49ba-8333-1b4a8b9a2b0b,CU광주남구청점,,봉선로19번길 골목형상점가,골목형상점가,,,,
057c0c378a3568deb847,full_annotation_v1,A,q_애견_03,강아지 용품 살 데,생활서비스 중 '애견'을 판매·제공하는 매장,val,애견,T4 구어·문장,aba76fc2-984e-4030-ba01-e2e7d78264c7,데 아로즈 대전둔산본점,,갈리단길 골목형상점가,골목형상점가,대전광역시,,,
2cfea0377063b1ee912d,full_annotation_v1,A,q_애견_03,강아지 용품 살 데,생활서비스 중 '애견'을 판매·제공하는 매장,val,애견,T4 구어·문장,4c565237-f13c-48b3-be09-c668211c0953,바늘질정원,바느질 용품,고산미소시장(고산시장),전통시장,전북특별자치도,,,
c2d295495ff205a60fe6,full_annotation_v1,A,q_애견_03,강아지 용품 살 데,생활서비스 중 '애견'을 판매·제공하는 매장,val,애견,T4 구어·문장,e9d81881-5286-4d3b-bc26-8efde63c75af,달곰펫,용품,동패 책향기 골목형상점가,골목형상점가,경기도,,,
df54904b7548634c28e0,full_annotation_v1,A,q_애견_03,강아지 용품 살 데,생활서비스 중 '애견'을 판매·제공하는 매장,val,애견,T4 구어·문장,9b94c715-a1fb-4d81-98c5-e9190bd9db5b,해남동물나라,강아지 및 관련용품,중앙1로 천변교 골목형상점가,골목형상점가,전라남도,,,
141c306fd9a68a9bec02,full_annotation_v1,A,q_애견_03,강아지 용품 살 데,생활서비스 중 '애견'을 판매·제공하는 매장,val,애견,T4 구어·문장,8b63c69e-3a2b-4453-817f-4bff58c63a9c,카텔리어,차동차 용품,용봉IC 골목형상점가,골목형상점가,광주광역시,,,
2d8d6b724471f925d2df,full_annotation_v1,A,q_애견_03,강아지 용품 살 데,생활서비스 중 '애견'을 판매·제공하는 매장,val,애견,T4 구어·문장,cab8102d-c850-4ee1-a41e-e1cc2f7d3139,개멋내기,강아지미용용품,화산로 골목형상점가,골목형상점가,광주광역시,,,
b51e76be94e823c783b6,full_annotation_v1,A,q_애견_03,강아지 용품 살 데,생활서비스 중 '애견'을 판매·제공하는 매장,val,애견,T4 구어·문장,4ef6237c-baa5-4e54-9f70-12c4c8ddcf14,멍냥이점빵,강아지용품,마산 북마산가구시장,전통시장,경상남도,,,
db1c76a05b4af5972646,full_annotation_v1,A,q_애견_03,강아지 용품 살 데,생활서비스 중 '애견'을 판매·제공하는 매장,val,애견,T4 구어·문장,b9f2d94a-5a31-4d1d-97ee-52448f375d00,누나네낙지,낙지,혁신도시4구역골목형상점가,골목형상점가,강원특별자치도,,,
752798c65cf111c508ff,full_annotation_v1,A,q_애견_03,강아지 용품 살 데,생활서비스 중 '애견'을 판매·제공하는 매장,val,애견,T4 구어·문장,6d38649b-7f66-4243-9184-bd0b635af940,올리비아하슬러거창점,"스포츠의류, 용품",거창 전통시장,전통시장,경상남도,,,
58a2b6228102c5576884,full_annotation_v1,A,q_애견_03,강아지 용품 살 데,생활서비스 중 '애견'을 판매·제공하는 매장,val,애견,T4 구어·문장,55611a0b-c65c-45ad-972c-df95dc1ef7fa,옷입는강아지,강아지옷,서문시장2지구 종합상가,전통시장,대구광역시,,,
cc3784e1209c9c1a512b,full_annotation_v1,A,q_애견_03,강아지 용품 살 데,생활서비스 중 '애견'을 판매·제공하는 매장,val,애견,T4 구어·문장,e817c9c0-1b7b-4e15-952c-b80edf287dc7,물만난 강아지,애견 미용,봉선1로 골목형상점가,골목형상점가,광주광역시,,,
c034bb4b1d628fec7f70,full_annotation_v1,A,q_애견_03,강아지 용품 살 데,생활서비스 중 '애견'을 판매·제공하는 매장,val,애견,T4 구어·문장,473bc85c-5fd3-4ca5-8489-af6e9ce44169,꼬리치는강아지,애견용품,성대시장골목형상점가,골목형상점가,서울특별시,,,
01fe01c6a57f14e817bb,full_annotation_v1,A,q_애견_03,강아지 용품 살 데,생활서비스 중 '애견'을 판매·제공하는 매장,val,애견,T4 구어·문장,09815d92-d0f0-4c87-b4fa-1194f86c53c0,유성프로스펙스,"스포츠의류, 용품",장대동패션상가 골목형상점가,골목형상점가,대전광역시,,,
7652415d7531b9f27523,full_annotation_v1,A,q_애견_03,강아지 용품 살 데,생활서비스 중 '애견'을 판매·제공하는 매장,val,애견,T4 구어·문장,45833d3d-8e2f-4c70-939e-d0bd3a0fbd77,아토 강아지 미용실,애견용품.미용,다산지금상점가,골목형상점가,경기도,,,
060b834d5f389c86117a,full_annotation_v1,A,q_애견_03,강아지 용품 살 데,생활서비스 중 '애견'을 판매·제공하는 매장,val,애견,T4 구어·문장,85ce1f2b-a347-4433-a081-8d57d82e63e2,민턴스포츠,스포츠 용품,세종전통시장,전통시장,세종특별자치시,,,
253f5bef38d4a761ce66,full_annotation_v1,A,q_애견_03,강아지 용품 살 데,생활서비스 중 '애견'을 판매·제공하는 매장,val,애견,T4 구어·문장,f14df4d3-9858-4a8b-8597-20fd477d8e32,갤러리 데 루치아,가구,용인어정가구단지상점가,자율상권구역,경기도,,,
9f9f020da69560c4cb04,full_annotation_v1,A,q_애견_03,강아지 용품 살 데,생활서비스 중 '애견'을 판매·제공하는 매장,val,애견,T4 구어·문장,d0fa4002-a537-4a8b-ae52-2735505a1d11,영진애견,"애견, 용품",동오마을골목형상점가,골목형상점가,경기도,,,
723fb559043c2b8c601c,full_annotation_v1,A,q_애견_03,강아지 용품 살 데,생활서비스 중 '애견'을 판매·제공하는 매장,val,애견,T4 구어·문장,0fa34c39-c528-4930-80ed-849e0ba7f2bc,스노우피크 속초점,아웃도어 용품 의류 스포츠 용품,설악로데오거리상점가,자율상권구역,강원특별자치도,,,
130858ad2ab3447fe783,full_annotation_v1,A,q_애견_03,강아지 용품 살 데,생활서비스 중 '애견'을 판매·제공하는 매장,val,애견,T4 구어·문장,b6b63d9c-1c34-4ace-975f-323ac87bce69,강아지그림,반려동물 미용,성복 온누리 골목형상점가,골목형상점가,경기도,,,
1bd968b755946c7fcedd,full_annotation_v1,A,q_애견_03,강아지 용품 살 데,생활서비스 중 '애견'을 판매·제공하는 매장,val,애견,T4 구어·문장,d9aaa692-d49e-4dfd-aec9-e11e50d2828f,미니마켓,신발,㈜르네시떼,전통시장,부산광역시,,,
5a73832a298427798e20,full_annotation_v1,A,q_애견_03,강아지 용품 살 데,생활서비스 중 '애견'을 판매·제공하는 매장,val,애견,T4 구어·문장,e79978ea-7246-4d6d-b2aa-0e5cc7385226,하비스쿨,공예품,동성타워프라자,전통시장,서울특별시,,,
6d25e0b58cb8be887f01,full_annotation_v1,A,q_애견_03,강아지 용품 살 데,생활서비스 중 '애견'을 판매·제공하는 매장,val,애견,T4 구어·문장,c0c9190f-f00a-46e9-842d-ab7f994c2c4b,토리토이,강아지 의류 용품,두류1번가,일반지하상점가,대구광역시,,,
e5d65545093d15a6dd1e,full_annotation_v1,A,q_애견_03,강아지 용품 살 데,생활서비스 중 '애견'을 판매·제공하는 매장,val,애견,T4 구어·문장,c239f7e7-933c-43c1-8c89-bd1a39a415e7,금성슈퍼,수퍼마켓,수원역전시장,전통시장,경기도,,,
8321a64f6767b5784d18,full_annotation_v1,A,q_애견_03,강아지 용품 살 데,생활서비스 중 '애견'을 판매·제공하는 매장,val,애견,T4 구어·문장,aacf6176-e047-4c7b-84e3-6a8f77412f53,에몬스가구 파주운정점,가구,운정가구단지 상점가,자율상권구역,경기도,,,
0859eac32fbefe1d61fc,full_annotation_v1,A,q_애견_03,강아지 용품 살 데,생활서비스 중 '애견'을 판매·제공하는 매장,val,애견,T4 구어·문장,7c449044-fa5e-49e7-991c-dfd1fb1c1b73,비오비애완용품아울렛,사료 강아지고양이 간식 강아지 옷 고양이모래,매곡 큰길 골목형상점가,골목형상점가,광주광역시,,,
f668c068202bbc1d2903,full_annotation_v1,A,q_애견_03,강아지 용품 살 데,생활서비스 중 '애견'을 판매·제공하는 매장,val,애견,T4 구어·문장,d6556c9f-cf51-471d-846b-597beb6f12c6,강아지Song,애견용품,송정벚꽃골목형상점가,골목형상점가,서울특별시,,,
7abe76fa64269dd515d3,full_annotation_v1,A,q_애견_03,강아지 용품 살 데,생활서비스 중 '애견'을 판매·제공하는 매장,val,애견,T4 구어·문장,0b0d0130-9505-4cc6-a537-817a469da377,모자샵,모자잡화,젊음의거리 상점가,자율상권구역,울산광역시,,,
fc6762095761c0afe3cd,full_annotation_v1,A,q_애견_03,강아지 용품 살 데,생활서비스 중 '애견'을 판매·제공하는 매장,val,애견,T4 구어·문장,dcd20ed9-2796-4c91-a5f3-a6983ce87590,에픽,의류,테크노상가,전통시장,서울특별시,,,
6d285517715f475fa70c,full_annotation_v1,A,q_애견_03,강아지 용품 살 데,생활서비스 중 '애견'을 판매·제공하는 매장,val,애견,T4 구어·문장,44f0ae81-bd1f-489f-a26b-f17eae7ea79d,미용하는 강아지,,관저상가 골목형상점가,골목형상점가,대전광역시,,,
95f051c4bc373874648f,full_annotation_v1,A,q_애견_03,강아지 용품 살 데,생활서비스 중 '애견'을 판매·제공하는 매장,val,애견,T4 구어·문장,04003b1d-5ec1-4e69-a825-57c808dee19b,무드 그루밍(Mood Grooming,동물미용 애견용품,고성동벚꽃 골목형상점가,골목형상점가,대구광역시,,,
37a78d32c363dc801fab,full_annotation_v1,A,q_애견_03,강아지 용품 살 데,생활서비스 중 '애견'을 판매·제공하는 매장,val,애견,T4 구어·문장,d26cf4d2-e82c-48c4-96f3-af45508b83d1,예쁜 강아지,애견용품 등,홍도동 상점가,자율상권구역,대전광역시,,,
a3dd0964807952049f08,full_annotation_v1,A,q_애견_03,강아지 용품 살 데,생활서비스 중 '애견'을 판매·제공하는 매장,val,애견,T4 구어·문장,05e3a6a8-6d9d-469c-80fc-83b3238e6c7d,예쁘개,애완동물 목욕서비스 애견 미용서비스 애견미용실 애견용품소매,한민시장,전통시장,대전광역시,,,
1a70c8fa442d20c698be,full_annotation_v1,A,q_애견_03,강아지 용품 살 데,생활서비스 중 '애견'을 판매·제공하는 매장,val,애견,T4 구어·문장,519c54c6-e85b-452f-8082-f83350c9af3a,소문난강아지,애견 용품,금부로상인회 골목형상점가,골목형상점가,광주광역시,,,
beb9ead82f328a7b8cf1,full_annotation_v1,A,q_애견_03,강아지 용품 살 데,생활서비스 중 '애견'을 판매·제공하는 매장,val,애견,T4 구어·문장,7a19b842-ac20-4c63-82ea-30c177f175db,수니네 강아지 미용실,"동물미용, 애견용품 판매",신창진흥 골목형상점가,골목형상점가,광주광역시,,,
d2a20bfac1ab5aa3e149,full_annotation_v1,A,q_애견_03,강아지 용품 살 데,생활서비스 중 '애견'을 판매·제공하는 매장,val,애견,T4 구어·문장,2b45ef0d-cfe5-4064-b7ab-8846554ed2fc,뉴플레이스,스포츠 용품,평화동모악로 골목형상점가,골목형상점가,전북특별자치도,,,
f27fd9c65d6900f33c55,full_annotation_v1,A,q_애견_03,강아지 용품 살 데,생활서비스 중 '애견'을 판매·제공하는 매장,val,애견,T4 구어·문장,0a7de62f-b294-412c-b700-0642397eca30,다이나핏 김포장기점,"스포츠 의류, 용품",김포장기패션아울렛,골목형상점가,경기도,,,
e6f53acf3ee53941e4ee,full_annotation_v1,A,q_애견_03,강아지 용품 살 데,생활서비스 중 '애견'을 판매·제공하는 매장,val,애견,T4 구어·문장,0039e450-aa72-40e4-8495-49c9b99b8216,더 키움동물병원,애견용품,신대지구상가,자율상권구역,전라남도,,,
025919423bc3cbe10fcb,full_annotation_v1,A,q_애견_03,강아지 용품 살 데,생활서비스 중 '애견'을 판매·제공하는 매장,val,애견,T4 구어·문장,0d753046-7eb1-4915-9c50-1e735acf1c1d,버블퍼피,"애견간식, 용품",왕십리무학봉상점가,자율상권구역,서울특별시,,,
b9922a36fdb021f5a31e,full_annotation_v1,A,q_애견_03,강아지 용품 살 데,생활서비스 중 '애견'을 판매·제공하는 매장,val,애견,T4 구어·문장,2fbabe7b-3dc4-4d25-9666-cd9a0303364c,똥강아지,아동복,송촌동상점가,자율상권구역,대전광역시,,,
8b94f4b714cdbd6afe8e,full_annotation_v1,A,q_애견_03,강아지 용품 살 데,생활서비스 중 '애견'을 판매·제공하는 매장,val,애견,T4 구어·문장,e4dc4cb3-66b5-4732-9e9b-4665f82767b0,레노마골프,의류 용품,태전패션거리 골목형상점가,골목형상점가,대구광역시,,,
a28c545d3596454231d7,full_annotation_v1,A,q_애견_03,강아지 용품 살 데,생활서비스 중 '애견'을 판매·제공하는 매장,val,애견,T4 구어·문장,9c32e247-fbef-4d8d-8e77-c900511fd86a,목욕하는강아지,애견미용,오목내길골목형상점가,골목형상점가,서울특별시,,,
be8b525c651483590a7b,full_annotation_v1,A,q_애견_03,강아지 용품 살 데,생활서비스 중 '애견'을 판매·제공하는 매장,val,애견,T4 구어·문장,b897dbee-9791-40fd-8580-da81e60265c0,봉산동강아지,애견미용,구즉 골목형상점가,골목형상점가,대전광역시,,,
1a697307cb4b68df18fa,full_annotation_v1,A,q_애견_03,강아지 용품 살 데,생활서비스 중 '애견'을 판매·제공하는 매장,val,애견,T4 구어·문장,9f94580e-d611-4b4c-b768-c52508f5bf93,윌 동물외상센터,용품,상무운천로상인회 골목형상점가,골목형상점가,광주광역시,,,
95af84cbd102b5556c1e,full_annotation_v1,A,q_애견_03,강아지 용품 살 데,생활서비스 중 '애견'을 판매·제공하는 매장,val,애견,T4 구어·문장,03f565ef-fdd8-45e5-9a28-6fb932eb52c3,사랑가득동물병원,반려동물 용품,운리공원상인회 골목형상점가,골목형상점가,광주광역시,,,
448f15287c75617966b4,full_annotation_v1,A,q_애견_03,강아지 용품 살 데,생활서비스 중 '애견'을 판매·제공하는 매장,val,애견,T4 구어·문장,86b65b90-a786-4eaf-9761-12c6215b3d5f,코오롱스포츠대전유성점,스포츠의류 용품,장대동패션상가 골목형상점가,골목형상점가,대전광역시,,,
efca696e546e8fc547ac,full_annotation_v1,A,q_애견_03,강아지 용품 살 데,생활서비스 중 '애견'을 판매·제공하는 매장,val,애견,T4 구어·문장,282b0e8b-051c-49f9-a707-b982df803589,까라벨라 데 오르,스파게티,동명동 카페거리 골목형상점가,골목형상점가,광주광역시,,,
b238b0308fe666c8e5ac,full_annotation_v1,A,q_애견_03,강아지 용품 살 데,생활서비스 중 '애견'을 판매·제공하는 매장,val,애견,T4 구어·문장,04b11cda-02aa-4ce6-ad9c-c9cd8fde407f,까까뿌숑,애견미용 및 애견용품 판매,효안 골목형상점가,골목형상점가,광주광역시,,,
fdfeb191da7041d90458,full_annotation_v1,A,q_애견_03,강아지 용품 살 데,생활서비스 중 '애견'을 판매·제공하는 매장,val,애견,T4 구어·문장,3e9f940c-63ba-488d-a411-dac0ba58cb67,데상트시흥,스포츠의류 용품,신천 패션타운 골목형상점가,골목형상점가,경기도,,,
104e75af7d47476ae4fb,full_annotation_v1,A,q_애견_03,강아지 용품 살 데,생활서비스 중 '애견'을 판매·제공하는 매장,val,애견,T4 구어·문장,ad862a59-81f1-4bb5-9602-96c806296a17,아비드안경콘택트 신림본점,안경,서원동상점가,자율상권구역,서울특별시,,,
30061c2de5593a52f0a2,full_annotation_v1,A,q_애견_03,강아지 용품 살 데,생활서비스 중 '애견'을 판매·제공하는 매장,val,애견,T4 구어·문장,17079b43-1f7d-435a-88a1-a6041ade869a,투테일스,반려동물 용품,경동시장,전통시장,서울특별시,,,
f5ad29718397c2128263,full_annotation_v1,A,q_애견_03,강아지 용품 살 데,생활서비스 중 '애견'을 판매·제공하는 매장,val,애견,T4 구어·문장,239861c3-f515-487a-a982-333373fed182,엘로사리움제주,천주교 용품,중앙로상점가,자율상권구역,제주특별자치도,,,
456a1a1b0f4856063b1c,full_annotation_v1,A,q_애견_03,강아지 용품 살 데,생활서비스 중 '애견'을 판매·제공하는 매장,val,애견,T4 구어·문장,315aeb3c-df6f-4283-9375-b9946bc8ef97,해피펫,애견이용 용품,동먹골상가 골목형상점가,골목형상점가,대구광역시,,,
00ada3c08c908a1b06e9,full_annotation_v1,A,q_애견_03,강아지 용품 살 데,생활서비스 중 '애견'을 판매·제공하는 매장,val,애견,T4 구어·문장,9755c7f4-ddfa-4873-8d1d-fc98bc2dc9ec,아이러브독 부천점,강아지분양 및 강아지용품,상동역 함께하길 골목형상점가,골목형상점가,경기도,,,
ef127a7fe2b81b76f00f,full_annotation_v1,A,q_애견_03,강아지 용품 살 데,생활서비스 중 '애견'을 판매·제공하는 매장,val,애견,T4 구어·문장,5013294b-59ed-44d1-8a93-907ab974a8cd,"강아지, 반하다",애견미용,포항 대이상가 골목형상점가,골목형상점가,경상북도,,,
4d8dec4f723b8b3e6da6,full_annotation_v1,A,q_애견_03,강아지 용품 살 데,생활서비스 중 '애견'을 판매·제공하는 매장,val,애견,T4 구어·문장,198afb1a-dfbb-4e2e-b096-e3d496ec610a,멍스랜드,강아지,사리골상점가,자율상권구역,경기도,,,
1f5f7115eca40ecf9b60,full_annotation_v1,A,q_애견_03,강아지 용품 살 데,생활서비스 중 '애견'을 판매·제공하는 매장,val,애견,T4 구어·문장,ba3f8b9e-cfe0-4bf0-8b16-819283ecafba,행복한강아지,,목포원도심상점가,자율상권구역,,,,
54cee94d3c81da9f1ce3,full_annotation_v1,A,q_애견_03,강아지 용품 살 데,생활서비스 중 '애견'을 판매·제공하는 매장,val,애견,T4 구어·문장,a9efb335-b930-4ef0-aa2b-0c284c861cbe,보딩펫츠,강아지간식,양림기독병원 골목형상점가,골목형상점가,광주광역시,,,
1946002d3edee6f50031,full_annotation_v1,A,q_애견_03,강아지 용품 살 데,생활서비스 중 '애견'을 판매·제공하는 매장,val,애견,T4 구어·문장,50383d96-1119-40f1-9657-4d19c48f32b3,개옹구미점,강아지사료간식용품,문화로 자율상권구역,,경상북도,,,
6c9295f46dd9a9822bd2,full_annotation_v1,A,q_애견_03,강아지 용품 살 데,생활서비스 중 '애견'을 판매·제공하는 매장,val,애견,T4 구어·문장,16d4cd8a-e896-4c71-a052-5f285459c64d,똥강아지,아동복,창원 도계부부시장,전통시장,경상남도,,,
e442d774d3fca61820ee,full_annotation_v1,A,q_애견_03,강아지 용품 살 데,생활서비스 중 '애견'을 판매·제공하는 매장,val,애견,T4 구어·문장,7d16ade8-ccc0-4b96-9f0a-17a7c2938d8e,동산장식,인테리어 용품,괴정골목시장,전통시장,부산광역시,,,
60e31432d26bb0aadcb1,full_annotation_v1,A,q_애견_03,강아지 용품 살 데,생활서비스 중 '애견'을 판매·제공하는 매장,val,애견,T4 구어·문장,0717c95b-0145-440a-8ea4-ca96d4ea1aca,원협70번,과일,정읍연지상점가,자율상권구역,전북특별자치도,,,
c082ade58641d50af8f2,full_annotation_v1,A,q_애견_03,강아지 용품 살 데,생활서비스 중 '애견'을 판매·제공하는 매장,val,애견,T4 구어·문장,6a2398a3-fca5-48ef-8641-e13e5bfae862,찰스샵,강아지 용품,옥련시장,전통시장,인천광역시,,,
1dffe0bfc295b328f059,full_annotation_v1,A,q_애견_03,강아지 용품 살 데,생활서비스 중 '애견'을 판매·제공하는 매장,val,애견,T4 구어·문장,b69e0884-1a93-4839-9144-04e2bba3819d,광주강아지분양 블랑펫,강아지,아시아음식문화거리 골목형상점가,골목형상점가,광주광역시,,,
858c628db4bb89bc1a3c,full_annotation_v1,A,q_애견_03,강아지 용품 살 데,생활서비스 중 '애견'을 판매·제공하는 매장,val,애견,T4 구어·문장,6012a6a1-b2af-4109-b541-29da58dd8205,코지포퍼피,강아지의류,온누리상인회 골목형상점가,골목형상점가,광주광역시,,,
db76af5bc3cac32a96bb,full_annotation_v1,A,q_애견_03,강아지 용품 살 데,생활서비스 중 '애견'을 판매·제공하는 매장,val,애견,T4 구어·문장,e279252d-d119-4fe9-80dc-f71cb7009133,개 웃는날,강아지옷,진잠 골목형상점가,골목형상점가,대전광역시,,,
4fe023d7e116e8de16d0,full_annotation_v1,A,q_애견_03,강아지 용품 살 데,생활서비스 중 '애견'을 판매·제공하는 매장,val,애견,T4 구어·문장,f9050a51-f12d-46a9-ae6b-f01118f454f4,MLB,의류 및 용품,신천 패션타운 골목형상점가,골목형상점가,경기도,,,
32df661506bbf94b57b4,full_annotation_v1,A,q_애견_03,강아지 용품 살 데,생활서비스 중 '애견'을 판매·제공하는 매장,val,애견,T4 구어·문장,7e04fb20-77ee-4bb2-98c6-153f164a416e,킹스뮤직파크 노래연습장,노래방,혁신도시1구역골목형상점가,골목형상점가,강원특별자치도,,,
4814c98d9f81a311e5e0,full_annotation_v1,A,q_애견_03,강아지 용품 살 데,생활서비스 중 '애견'을 판매·제공하는 매장,val,애견,T4 구어·문장,3d2ea51c-267a-459f-9760-216911227e56,제일그릇도매,용품,세종전통시장,전통시장,세종특별자치시,,,
ddcfdf222202c452ebb8,full_annotation_v1,A,q_애견_03,강아지 용품 살 데,생활서비스 중 '애견'을 판매·제공하는 매장,val,애견,T4 구어·문장,9a5b8194-8f4a-4de0-8bfc-ed493363ea9c,진성아구찜,한식,송촌동상점가,자율상권구역,대전광역시,,,
83e9ce4da183e2fbd67a,full_annotation_v1,A,q_애견_03,강아지 용품 살 데,생활서비스 중 '애견'을 판매·제공하는 매장,val,애견,T4 구어·문장,a74e5341-fdbd-4192-aec5-fc324f327cc8,강아지 이발소,,내동서부 골목형상점가,골목형상점가,대전광역시,,,
5afc9e65ef741eb86dae,full_annotation_v1,A,q_애견_03,강아지 용품 살 데,생활서비스 중 '애견'을 판매·제공하는 매장,val,애견,T4 구어·문장,f2f4c8ec-8936-4a19-b76c-d47a36e147e4,이정훈 강아지 다산점,동물판매업,다산역 로데오 상점가,자율상권구역,경기도,,,
1248cd4fe7d141833241,full_annotation_v1,A,q_애견_03,강아지 용품 살 데,생활서비스 중 '애견'을 판매·제공하는 매장,val,애견,T4 구어·문장,044eb905-27d1-4dc7-addb-8e382f62759b,더 뮤즈 음악학원,,첨단부영 골목형상점가,골목형상점가,,,,
18e0269f1560634986a5,full_annotation_v1,A,q_애견_03,강아지 용품 살 데,생활서비스 중 '애견'을 판매·제공하는 매장,val,애견,T4 구어·문장,a39096f0-72d2-404f-b79e-18ea27b64813,청년한우 대전송촌점,신선육 식육즉석판매가공업,송촌동상점가,자율상권구역,대전광역시,,,
88d100b6d960e4b7dab1,full_annotation_v1,A,q_애견_03,강아지 용품 살 데,생활서비스 중 '애견'을 판매·제공하는 매장,val,애견,T4 구어·문장,7f9f3393-177f-4f6f-9096-9e1344d828e3,그루밍아지,애견미용 용품,다산지금상점가,골목형상점가,경기도,,,
3aac3e6bb87baa2acc77,full_annotation_v1,A,q_애견_03,강아지 용품 살 데,생활서비스 중 '애견'을 판매·제공하는 매장,val,애견,T4 구어·문장,8d0a3a7b-e8e9-43d0-80aa-d42bdcd58595,링스,"의류, 신발, 용품",패션의거리,자율상권구역,광주광역시,,,
9acd6e4810e6287c6f06,full_annotation_v1,A,q_애견_03,강아지 용품 살 데,생활서비스 중 '애견'을 판매·제공하는 매장,val,애견,T4 구어·문장,98f6d8c9-48cd-4ea7-b25a-f02d942ca3c9,행텐,스포츠의류 용품,여주375아울렛상점가,자율상권구역,경기도,,,
c778b065abcdd2e7db59,full_annotation_v1,A,q_애견_03,강아지 용품 살 데,생활서비스 중 '애견'을 판매·제공하는 매장,val,애견,T4 구어·문장,9062a53d-ffe9-4ad3-b774-6bfd03dcb923,멍투게더 강아지유치원호텔 강남본점,강아지 유치원,역삼동 골목형상점가,골목형상점가,서울특별시,,,
6dd3134b21d42abb1e1e,full_annotation_v1,A,q_애견_03,강아지 용품 살 데,생활서비스 중 '애견'을 판매·제공하는 매장,val,애견,T4 구어·문장,068d3f51-a4d4-4314-9882-6d61389ff931,wallu,애견용품,분당우성시장,전통시장,경기도,,,
72b81da078acec13b73d,full_annotation_v1,A,q_애견_03,강아지 용품 살 데,생활서비스 중 '애견'을 판매·제공하는 매장,val,애견,T4 구어·문장,d0343670-98a1-40e6-bdf4-9626a77b41e3,MLB안산한대점,"스포츠의류, 용품",안산패션타운전통시장,전통시장,경기도,,,
a194a62ba1a0a97614e8,full_annotation_v1,A,q_애견_03,강아지 용품 살 데,생활서비스 중 '애견'을 판매·제공하는 매장,val,애견,T4 구어·문장,bda36c6d-0b3a-4ec1-b72b-824ebfa9c255,멍뭉아놀자,강아지용품,진주 자유시장,전통시장,경상남도,,,
6e03d1de1aac3940fa98,full_annotation_v1,A,q_애견_03,강아지 용품 살 데,생활서비스 중 '애견'을 판매·제공하는 매장,val,애견,T4 구어·문장,55c98f74-83a2-4ba4-a591-585878262d7c,폴리파크칠곡점,반려동물 용품,태전패션거리 골목형상점가,골목형상점가,대구광역시,,,
745bdfab9a9073adf098,full_annotation_v1,A,q_애견_03,강아지 용품 살 데,생활서비스 중 '애견'을 판매·제공하는 매장,val,애견,T4 구어·문장,4618398b-d6cc-4c1e-91b9-c53fc5d9c669,우리강아지,애견미용용품,문흥1동 골목형상점가,골목형상점가,광주광역시,,,
fb601ee4eb5588c30a43,full_annotation_v1,A,q_애견_03,강아지 용품 살 데,생활서비스 중 '애견'을 판매·제공하는 매장,val,애견,T4 구어·문장,4f3389d4-a768-4650-968e-63505a32101d,핑독,강아지미용,화정한울타리상인회 골목형상점가,골목형상점가,광주광역시,,,
064918e8a9e046bc696d,full_annotation_v1,A,q_애견_03,강아지 용품 살 데,생활서비스 중 '애견'을 판매·제공하는 매장,val,애견,T4 구어·문장,56b8e100-e3c5-4645-8202-d0b9a7399fd2,디스커버리거제점,스포츠의류 용품,거제 고현 골목형상점가,골목형상점가,경상남도,,,
8ff90a8e038fc61067a6,full_annotation_v1,A,q_애견_03,강아지 용품 살 데,생활서비스 중 '애견'을 판매·제공하는 매장,val,애견,T4 구어·문장,48ceab89-0f4b-4e10-89e5-eaf12075683d,레노마골프,스포츠의류 용품,평화로상가,자율상권구역,경상북도,,,
17e18eb314b13fb94fd8,full_annotation_v1,A,q_애견_03,강아지 용품 살 데,생활서비스 중 '애견'을 판매·제공하는 매장,val,애견,T4 구어·문장,6b1fab7c-7db6-4029-99b2-3461c52183cd,강아지나라,,남북로 골목형상점가,골목형상점가,전북특별자치도,,,
d463498b3603a8a40b4e,full_annotation_v1,A,q_애견_03,강아지 용품 살 데,생활서비스 중 '애견'을 판매·제공하는 매장,val,애견,T4 구어·문장,584a9efd-fb51-46de-ab01-26f6ee321941,감자국댕치원,강아지유치원,혁신도시5구역골목형상점가,골목형상점가,강원특별자치도,,,
1864e78c5bcea8fadd93,full_annotation_v1,A,q_애견_03,강아지 용품 살 데,생활서비스 중 '애견'을 판매·제공하는 매장,val,애견,T4 구어·문장,03a4ac92-8d81-472e-bfc4-2669d7332c97,중앙이조가구,가구,전주중앙상가시장,전통시장,전북특별자치도,,,
d852325e2322cd06faf5,full_annotation_v1,A,q_애견_04,반려동물 용품 파는 곳,생활서비스 중 '애견'을 판매·제공하는 매장,val,애견,T4 구어·문장,8b63c69e-3a2b-4453-817f-4bff58c63a9c,카텔리어,차동차 용품,용봉IC 골목형상점가,골목형상점가,광주광역시,,,
368389d919faba27a222,full_annotation_v1,A,q_애견_04,반려동물 용품 파는 곳,생활서비스 중 '애견'을 판매·제공하는 매장,val,애견,T4 구어·문장,7b900c16-1892-48a3-a802-eeef5d53a890,금산수삼센터77호,인삼,금산수삼센터,전통시장,충청남도,,,
50108b76516f6ea4e944,full_annotation_v1,A,q_애견_04,반려동물 용품 파는 곳,생활서비스 중 '애견'을 판매·제공하는 매장,val,애견,T4 구어·문장,df6238f4-d88c-411e-a8ab-b5b1bdb565bf,캣동산,반려동물위탁,운암 북문대로1 골목형상점가,골목형상점가,광주광역시,,,
d1e65fbc8a9c1d499a7e,full_annotation_v1,A,q_애견_04,반려동물 용품 파는 곳,생활서비스 중 '애견'을 판매·제공하는 매장,val,애견,T4 구어·문장,1eaf1972-888a-4805-8681-c5b3bb9a006c,견생냥품 24시 무인펫샵 양주 옥정점,반려동물 용품,대길프라자상점가,골목형상점가,경기도,,,
79438e91a6602d0e7409,full_annotation_v1,A,q_애견_04,반려동물 용품 파는 곳,생활서비스 중 '애견'을 판매·제공하는 매장,val,애견,T4 구어·문장,02d90458-53dd-488d-a915-1f95ee9dcaf1,새봄동물병원,동물,신효천 골목형상점가,골목형상점가,광주광역시,,,
915b75e306f48db792bc,full_annotation_v1,A,q_애견_04,반려동물 용품 파는 곳,생활서비스 중 '애견'을 판매·제공하는 매장,val,애견,T4 구어·문장,970877c1-3712-44a5-9e00-b228fbad041d,아디랑,반려동물미용,"일곡동(제4지역:쌍용,호반,청솔2,호반일신,청솔1)",골목형상점가,광주광역시,,,
0579e6d10ddaa63f2b69,full_annotation_v1,A,q_애견_04,반려동물 용품 파는 곳,생활서비스 중 '애견'을 판매·제공하는 매장,val,애견,T4 구어·문장,05e3a6a8-6d9d-469c-80fc-83b3238e6c7d,예쁘개,애완동물 목욕서비스 애견 미용서비스 애견미용실 애견용품소매,한민시장,전통시장,대전광역시,,,
cd0550e4143f68c42de7,full_annotation_v1,A,q_애견_04,반려동물 용품 파는 곳,생활서비스 중 '애견'을 판매·제공하는 매장,val,애견,T4 구어·문장,8f667a30-9c70-4c49-9810-ab730ed677d1,사랑회요,일식,동홍8번가 골목형상점가,골목형상점가,제주특별자치도,,,
42965a0a0289144461ec,full_annotation_v1,A,q_애견_04,반려동물 용품 파는 곳,생활서비스 중 '애견'을 판매·제공하는 매장,val,애견,T4 구어·문장,a2330ef2-cdab-406f-9366-6cda67d487c0,댕 동 댕,반려동물 위탁,원신흥 골목형상점가,골목형상점가,대전광역시,,,
deb8c329cfaf27649512,full_annotation_v1,A,q_애견_04,반려동물 용품 파는 곳,생활서비스 중 '애견'을 판매·제공하는 매장,val,애견,T4 구어·문장,5ebcd33c-a15b-4212-8671-a5e05538ae4a,원대과일,과일,원대신시장,전통시장,대구광역시,,,
58226972bf22e7d2c95b,full_annotation_v1,A,q_애견_04,반려동물 용품 파는 곳,생활서비스 중 '애견'을 판매·제공하는 매장,val,애견,T4 구어·문장,73aebc36-9bcd-40b8-9dcb-80cdb651e6ab,펫장터25 남부시장점,반려동물 관련 사료 간식 용품,양산 남부시장,전통시장,경상남도,,,
02caf1f52c13c5a17007,full_annotation_v1,A,q_애견_04,반려동물 용품 파는 곳,생활서비스 중 '애견'을 판매·제공하는 매장,val,애견,T4 구어·문장,55fddebf-614b-468a-9aa6-6afd05a7deee,와우펫앤쥬 세종,반려동물 및 용품,나성동 소방청 골목형상점가,골목형상점가,세종특별자치시,,,
ae9c977f609654501924,full_annotation_v1,A,q_애견_04,반려동물 용품 파는 곳,생활서비스 중 '애견'을 판매·제공하는 매장,val,애견,T4 구어·문장,5689d255-4d19-46dc-846b-f8ced4b95a28,모루뽀 B,반려동물 용품 소매업,덕이동패션1번지,전통시장,경기도,,,
a01dc048cf02808c8f48,full_annotation_v1,A,q_애견_04,반려동물 용품 파는 곳,생활서비스 중 '애견'을 판매·제공하는 매장,val,애견,T4 구어·문장,7f08c5d3-2c71-4c55-bf81-45ce11f9f144,멍스터,반려동물,봉선1로37번길 골목형상점가,골목형상점가,광주광역시,,,
86ba0dd1a1784c862523,full_annotation_v1,A,q_애견_04,반려동물 용품 파는 곳,생활서비스 중 '애견'을 판매·제공하는 매장,val,애견,T4 구어·문장,75090ba5-6568-47bd-bcf3-ef20dead9672,어썸독,반려동물용품,화정소담상인회 골목형상점가,골목형상점가,광주광역시,,,
a9a2e93e1ef7f137b8cd,full_annotation_v1,A,q_애견_04,반려동물 용품 파는 곳,생활서비스 중 '애견'을 판매·제공하는 매장,val,애견,T4 구어·문장,0a7de62f-b294-412c-b700-0642397eca30,다이나핏 김포장기점,"스포츠 의류, 용품",김포장기패션아울렛,골목형상점가,경기도,,,
59832ef1d09ea46976e6,full_annotation_v1,A,q_애견_04,반려동물 용품 파는 곳,생활서비스 중 '애견'을 판매·제공하는 매장,val,애견,T4 구어·문장,5aa66e6e-d7fa-491b-873d-4c0af5ae5550,도그버디 금호,반려동물 사료 용품,금남시장,전통시장,서울특별시,,,
e16f3d589ddfb7be2fa5,full_annotation_v1,A,q_애견_04,반려동물 용품 파는 곳,생활서비스 중 '애견'을 판매·제공하는 매장,val,애견,T4 구어·문장,e4dc4cb3-66b5-4732-9e9b-4665f82767b0,레노마골프,의류 용품,태전패션거리 골목형상점가,골목형상점가,대구광역시,,,
62cfa5028a994c0ea864,full_annotation_v1,A,q_애견_04,반려동물 용품 파는 곳,생활서비스 중 '애견'을 판매·제공하는 매장,val,애견,T4 구어·문장,48ceab89-0f4b-4e10-89e5-eaf12075683d,레노마골프,스포츠의류 용품,평화로상가,자율상권구역,경상북도,,,
608b17ad8b16d8fb0b7d,full_annotation_v1,A,q_애견_04,반려동물 용품 파는 곳,생활서비스 중 '애견'을 판매·제공하는 매장,val,애견,T4 구어·문장,8694b122-bfef-44f5-b4cc-1af7fcddcb82,벳케어 동물병원,"동물병원 진료, 반려동물 용품, 미용",가좌마을 골목형상점가,골목형상점가,경기도,,,
3654477138fb4a5f8492,full_annotation_v1,A,q_애견_04,반려동물 용품 파는 곳,생활서비스 중 '애견'을 판매·제공하는 매장,val,애견,T4 구어·문장,f1137aa0-5f00-4a46-919c-75b69ed3729e,해뜰동물병원,반려동물 진료 및 사료판매,보정중심 골목형상점가,골목형상점가,경기도,,,
8016e6976639a0c803f9,full_annotation_v1,A,q_애견_04,반려동물 용품 파는 곳,생활서비스 중 '애견'을 판매·제공하는 매장,val,애견,T4 구어·문장,80ae150a-23a1-4c4f-baea-f35932775a00,천냥 할인코너,생활용품,상대원1동 해피마을 골목형상점가,골목형상점가,경기도,,,
d852ce3e9dc2a867733f,full_annotation_v1,A,q_애견_04,반려동물 용품 파는 곳,생활서비스 중 '애견'을 판매·제공하는 매장,val,애견,T4 구어·문장,af7a3be3-df88-4dc9-adaa-a1b4df3bf8b4,멍댕이 애견유치원,반려동물 간식 및 생활용품,학운 골목형상점가,골목형상점가,광주광역시,,,
aff134dd0ecb703ad9cb,full_annotation_v1,A,q_애견_04,반려동물 용품 파는 곳,생활서비스 중 '애견'을 판매·제공하는 매장,val,애견,T4 구어·문장,0e0550c9-e80f-4585-9fd4-1f469fc72f2d,풍년방앗간,떡,신성전통시장,전통시장,서울특별시,,,
8fd4ff604e113bb270c1,full_annotation_v1,A,q_애견_04,반려동물 용품 파는 곳,생활서비스 중 '애견'을 판매·제공하는 매장,val,애견,T4 구어·문장,04b11cda-02aa-4ce6-ad9c-c9cd8fde407f,까까뿌숑,애견미용 및 애견용품 판매,효안 골목형상점가,골목형상점가,광주광역시,,,
3c5ef3b3180f4a115065,full_annotation_v1,A,q_애견_04,반려동물 용품 파는 곳,생활서비스 중 '애견'을 판매·제공하는 매장,val,애견,T4 구어·문장,76682ff5-16a1-4e56-801c-e302a72f95d3,정직한마음약국,의약품 및 의료용품,향남로 골목형상점가,골목형상점가,경기도,,,
30d624598ab8bb1186a9,full_annotation_v1,A,q_애견_04,반려동물 용품 파는 곳,생활서비스 중 '애견'을 판매·제공하는 매장,val,애견,T4 구어·문장,00b0818a-d0cd-4269-a4b7-d57d8b66e582,디스커버리,의류 및 용품,신천 패션타운 골목형상점가,골목형상점가,경기도,,,
15fddc90f48dcee659fa,full_annotation_v1,A,q_애견_04,반려동물 용품 파는 곳,생활서비스 중 '애견'을 판매·제공하는 매장,val,애견,T4 구어·문장,d64d5abd-6092-46c8-8bdf-4c8ecbe1520f,김씨네우아한푸드,,귀인동먹거리촌 골목형상점가,골목형상점가,경기도,,,
015f5865333b3295cd8b,full_annotation_v1,A,q_애견_04,반려동물 용품 파는 곳,생활서비스 중 '애견'을 판매·제공하는 매장,val,애견,T4 구어·문장,191c5379-0548-40a9-acc1-0863f90288aa,딜리얌,반려동물,상무오월로상인회 골목형상점가,골목형상점가,광주광역시,,,
ea1a2df7de153ea604e7,full_annotation_v1,A,q_애견_04,반려동물 용품 파는 곳,생활서비스 중 '애견'을 판매·제공하는 매장,val,애견,T4 구어·문장,3f8ddba3-31fa-4df1-b952-00d1ba9a4e4b,대중악기,악기,물베기 골목형상점가,골목형상점가,대구광역시,,,
8659f24857d6d1b6ac7e,full_annotation_v1,A,q_애견_04,반려동물 용품 파는 곳,생활서비스 중 '애견'을 판매·제공하는 매장,val,애견,T4 구어·문장,cf4a16c8-d3bb-46ad-a088-c5f7776a47d3,. (유) 장성수산,수산물,가락몰골목형상점가,골목형상점가,서울특별시,,,
cd24679b9fadc1dd90c6,full_annotation_v1,A,q_애견_04,반려동물 용품 파는 곳,생활서비스 중 '애견'을 판매·제공하는 매장,val,애견,T4 구어·문장,0e25b409-580e-4762-858d-f877645348a2,아르멍,반려동물미용,갈매애비뉴 골목형상점가,골목형상점가,경기도,,,
ffded0fd15c9711e823b,full_annotation_v1,A,q_애견_04,반려동물 용품 파는 곳,생활서비스 중 '애견'을 판매·제공하는 매장,val,애견,T4 구어·문장,b1aa2f60-a061-4cc6-a335-c75e755a0e1b,꼬순내반상회,반려동물위탁,남사한숲 골목형상점가,골목형상점가,경기도,,,
4ee53e3abfc08abaeb30,full_annotation_v1,A,q_애견_04,반려동물 용품 파는 곳,생활서비스 중 '애견'을 판매·제공하는 매장,val,애견,T4 구어·문장,0dfdebb8-10a0-4b52-905b-2e4e0d82a56e,소브헤어,미용,부평깡통시장(구 부산부평시장),전통시장,부산광역시,,,
75be10a38a2377b13210,full_annotation_v1,A,q_애견_04,반려동물 용품 파는 곳,생활서비스 중 '애견'을 판매·제공하는 매장,val,애견,T4 구어·문장,55a536d3-ce98-4a22-9966-7a21b6e97dd5,놀고먹개,반려동물 수제간식 및 기성 제품,봉선1로 골목형상점가,골목형상점가,광주광역시,,,
aea2626d6a30cc738b8d,full_annotation_v1,A,q_애견_04,반려동물 용품 파는 곳,생활서비스 중 '애견'을 판매·제공하는 매장,val,애견,T4 구어·문장,68adfacf-ae34-400e-9369-d7e8aee4a218,제이디컴퍼니,스포츠 용품,성서아울렛타운,자율상권구역,대구광역시,,,
443bea54c4eb885e3af5,full_annotation_v1,A,q_애견_04,반려동물 용품 파는 곳,생활서비스 중 '애견'을 판매·제공하는 매장,val,애견,T4 구어·문장,7f9f3393-177f-4f6f-9096-9e1344d828e3,그루밍아지,애견미용 용품,다산지금상점가,골목형상점가,경기도,,,
a18518df4ab429b57de9,full_annotation_v1,A,q_애견_04,반려동물 용품 파는 곳,생활서비스 중 '애견'을 판매·제공하는 매장,val,애견,T4 구어·문장,3b77896f-b019-41e3-828b-3641a532f4ec,펫아미 용인점,반려동물,BOCA 보카상점가,골목형상점가,경기도,,,
c5e53afcf938d5e389e0,full_annotation_v1,A,q_애견_04,반려동물 용품 파는 곳,생활서비스 중 '애견'을 판매·제공하는 매장,val,애견,T4 구어·문장,98f6d8c9-48cd-4ea7-b25a-f02d942ca3c9,행텐,스포츠의류 용품,여주375아울렛상점가,자율상권구역,경기도,,,
a86726269b2ccdff9e50,full_annotation_v1,A,q_애견_04,반려동물 용품 파는 곳,생활서비스 중 '애견'을 판매·제공하는 매장,val,애견,T4 구어·문장,31cb042b-4ec7-40c8-ac36-d619f48e97ee,일동자동차정비,자동차 용품,일곡동(제10지역:자연마을 전용주택단지) 골목형상점가,골목형상점가,광주광역시,,,
3b5888f6485e770a0596,full_annotation_v1,A,q_애견_04,반려동물 용품 파는 곳,생활서비스 중 '애견'을 판매·제공하는 매장,val,애견,T4 구어·문장,18d12001-6bd3-4f5b-bde1-ac5c5187baf4,세종아름동물병원,반려동물 진료,아름드리 골목형상점가,골목형상점가,세종특별자치시,,,
1d7977e1dabdbc0bdaf9,full_annotation_v1,A,q_애견_04,반려동물 용품 파는 곳,생활서비스 중 '애견'을 판매·제공하는 매장,val,애견,T4 구어·문장,ec5618d5-2f01-49cb-b473-5a3c77901825,나온동물병원,반려동물 용품 의약품,보정중심 골목형상점가,골목형상점가,경기도,,,
e037747f470bb8b49b0d,full_annotation_v1,A,q_애견_04,반려동물 용품 파는 곳,생활서비스 중 '애견'을 판매·제공하는 매장,val,애견,T4 구어·문장,03f565ef-fdd8-45e5-9a28-6fb932eb52c3,사랑가득동물병원,반려동물 용품,운리공원상인회 골목형상점가,골목형상점가,광주광역시,,,
10da462c9c3643abd98e,full_annotation_v1,A,q_애견_04,반려동물 용품 파는 곳,생활서비스 중 '애견'을 판매·제공하는 매장,val,애견,T4 구어·문장,ece60837-a0b9-42d0-a60a-d18b5d45e9fd,솜댕,반려동물 수제간식 케이크,쌍촌골상인회 골목형상점가,골목형상점가,광주광역시,,,
5cfcb1f2b2ee7e355a3e,full_annotation_v1,A,q_애견_04,반려동물 용품 파는 곳,생활서비스 중 '애견'을 판매·제공하는 매장,val,애견,T4 구어·문장,09815d92-d0f0-4c87-b4fa-1194f86c53c0,유성프로스펙스,"스포츠의류, 용품",장대동패션상가 골목형상점가,골목형상점가,대전광역시,,,
c50b293ac113ea5d9640,full_annotation_v1,A,q_애견_04,반려동물 용품 파는 곳,생활서비스 중 '애견'을 판매·제공하는 매장,val,애견,T4 구어·문장,c024828d-c5b1-47e0-aa2e-961788eb7006,무지개간식,반려동물 수제간식,강릉서부시장,전통시장,강원특별자치도,,,
41f3cf774a9f53720893,full_annotation_v1,A,q_애견_04,반려동물 용품 파는 곳,생활서비스 중 '애견'을 판매·제공하는 매장,val,애견,T4 구어·문장,31bcb0b9-25e1-4073-aa0d-dfeea634751a,펫114,반려동물용품,신 강남시장,전통시장,인천광역시,,,
7c2675d6e05400445c53,full_annotation_v1,A,q_애견_04,반려동물 용품 파는 곳,생활서비스 중 '애견'을 판매·제공하는 매장,val,애견,T4 구어·문장,a71cd35d-c81c-4fb5-bfe5-d5289307b4c7,파사디골프,의류 용품,태전패션거리 골목형상점가,골목형상점가,대구광역시,,,
576d0028e6117c8c8608,full_annotation_v1,A,q_애견_04,반려동물 용품 파는 곳,생활서비스 중 '애견'을 판매·제공하는 매장,val,애견,T4 구어·문장,f4c4cb11-fb23-42b2-bcd8-af0e8841399b,펫온느(PET ONNE),반려동물 미용 및 용품 소매업,원신흥 골목형상점가,골목형상점가,대전광역시,,,
1d6355ff83ea825cdc14,full_annotation_v1,A,q_애견_04,반려동물 용품 파는 곳,생활서비스 중 '애견'을 판매·제공하는 매장,val,애견,T4 구어·문장,1e689aab-d79f-45de-9669-b39175e48044,고서한국의원,의원,고서 골목형상점가,골목형상점가,전라남도,,,
17de4d752f69ca7ef3ba,full_annotation_v1,A,q_애견_04,반려동물 용품 파는 곳,생활서비스 중 '애견'을 판매·제공하는 매장,val,애견,T4 구어·문장,689e2a1f-b57a-4e74-bc55-27782873a448,멍냥의민족 용인한숲시티점,애완동물 및 반려동물 용품,남사한숲 골목형상점가,골목형상점가,경기도,,,
1bcaf2337d44f58dd031,full_annotation_v1,A,q_애견_04,반려동물 용품 파는 곳,생활서비스 중 '애견'을 판매·제공하는 매장,val,애견,T4 구어·문장,76a3551b-dae4-4326-92cc-662015aedbfb,쉴 곳,한식,칠성로상점가,자율상권구역,제주특별자치도,,,
bb3b27d78f782c08fef4,full_annotation_v1,A,q_애견_04,반려동물 용품 파는 곳,생활서비스 중 '애견'을 판매·제공하는 매장,val,애견,T4 구어·문장,24456103-f6b8-46af-8655-82e61d7265d8,커피가 머무르는 곳,커피,반드레길골목형상점가,골목형상점가,서울특별시,,,
240bcc1b3ec6282ba6b0,full_annotation_v1,A,q_애견_04,반려동물 용품 파는 곳,생활서비스 중 '애견'을 판매·제공하는 매장,val,애견,T4 구어·문장,9ff9be0c-fc22-46c3-be9c-c4193cbd8e92,부스트플랜,용품 임대,갈매리본거리 골목형상점가,골목형상점가,경기도,,,
d53b4d493feda68f1ddd,full_annotation_v1,A,q_애견_04,반려동물 용품 파는 곳,생활서비스 중 '애견'을 판매·제공하는 매장,val,애견,T4 구어·문장,8aef35ff-949d-46e5-b011-8c4d5356dbf7,폴리파크,반려동물 용품,동림2 골목형상점가,골목형상점가,광주광역시,,,
90bdc2d02edd9b03f242,full_annotation_v1,A,q_애견_04,반려동물 용품 파는 곳,생활서비스 중 '애견'을 판매·제공하는 매장,val,애견,T4 구어·문장,f8ca399a-6a3c-428a-9f5e-0e32b4bd2844,성원편의점,편의점,창원 성원3차종합상가,전통시장,경상남도,,,
0c456430f8fac3681ca2,full_annotation_v1,A,q_애견_04,반려동물 용품 파는 곳,생활서비스 중 '애견'을 판매·제공하는 매장,val,애견,T4 구어·문장,5aee88fc-33f3-4425-809c-93ae4ac7f4f3,스코관리형독서실 블랙관,,귀인동먹거리촌 골목형상점가,골목형상점가,경기도,,,
387adccd41836d575514,full_annotation_v1,A,q_애견_04,반려동물 용품 파는 곳,생활서비스 중 '애견'을 판매·제공하는 매장,val,애견,T4 구어·문장,17079b43-1f7d-435a-88a1-a6041ade869a,투테일스,반려동물 용품,경동시장,전통시장,서울특별시,,,
6239df9e1d36b33d66df,full_annotation_v1,A,q_애견_04,반려동물 용품 파는 곳,생활서비스 중 '애견'을 판매·제공하는 매장,val,애견,T4 구어·문장,2743811c-5e71-4d2b-aa75-1b0147d44f2d,사우 꽃이 피는 곳,꽃,김포 풍년마을 골목형상점가,골목형상점가,경기도,,,
3a89cda666e4c51b856f,full_annotation_v1,A,q_애견_04,반려동물 용품 파는 곳,생활서비스 중 '애견'을 판매·제공하는 매장,val,애견,T4 구어·문장,e9d81881-5286-4d3b-bc26-8efde63c75af,달곰펫,용품,동패 책향기 골목형상점가,골목형상점가,경기도,,,
242d9b0270058c579dc3,full_annotation_v1,A,q_애견_04,반려동물 용품 파는 곳,생활서비스 중 '애견'을 판매·제공하는 매장,val,애견,T4 구어·문장,dd09e62a-2377-4e00-b47f-3bf35cdf5411,앤슬리,의류,창원 반송시장,전통시장,경상남도,,,
2d1710de12d7a5a6bfff,full_annotation_v1,A,q_애견_04,반려동물 용품 파는 곳,생활서비스 중 '애견'을 판매·제공하는 매장,val,애견,T4 구어·문장,f1dd2836-c790-4ccd-b205-7f6094f01476,묘하다,반려동물 미용 및 위탁서비스,탕정역 지웰시티몰 3단지 골목형상점가,골목형상점가,충청남도,,,
f8e4f2ad49185aa10fb6,full_annotation_v1,A,q_애견_04,반려동물 용품 파는 곳,생활서비스 중 '애견'을 판매·제공하는 매장,val,애견,T4 구어·문장,e6e32a6f-821f-42f3-bb3c-d456db01442d,다독 스쿨,반려동물 위탁 및 미용업,LC타워거리 골목형상점가,골목형상점가,광주광역시,,,
233ee1cbe14c24e3ef08,full_annotation_v1,A,q_애견_04,반려동물 용품 파는 곳,생활서비스 중 '애견'을 판매·제공하는 매장,val,애견,T4 구어·문장,3d2ea51c-267a-459f-9760-216911227e56,제일그릇도매,용품,세종전통시장,전통시장,세종특별자치시,,,
2ba66b7facf959c1191b,full_annotation_v1,A,q_애견_04,반려동물 용품 파는 곳,생활서비스 중 '애견'을 판매·제공하는 매장,val,애견,T4 구어·문장,0039e450-aa72-40e4-8495-49c9b99b8216,더 키움동물병원,애견용품,신대지구상가,자율상권구역,전라남도,,,
9e04bebe9c70a97a4925,full_annotation_v1,A,q_애견_04,반려동물 용품 파는 곳,생활서비스 중 '애견'을 판매·제공하는 매장,val,애견,T4 구어·문장,04003b1d-5ec1-4e69-a825-57c808dee19b,무드 그루밍(Mood Grooming,동물미용 애견용품,고성동벚꽃 골목형상점가,골목형상점가,대구광역시,,,
71b861601b1b76473de8,full_annotation_v1,A,q_애견_04,반려동물 용품 파는 곳,생활서비스 중 '애견'을 판매·제공하는 매장,val,애견,T4 구어·문장,9195ec1b-2ad4-42d6-9c77-a928d177ecf5,파밀리에드마스코타 천안두정점,반려동물,두정로 두정상가길 골목형상점가,골목형상점가,충청남도,,,
1406bdf6f6f09e53da64,full_annotation_v1,A,q_애견_04,반려동물 용품 파는 곳,생활서비스 중 '애견'을 판매·제공하는 매장,val,애견,T4 구어·문장,11cd1c46-68d6-44f2-823a-c34949e9df6e,치유동물병원,반려동물 치료,장덕투게더 골목형상점가,골목형상점가,광주광역시,,,
084bb0e779355eaef529,full_annotation_v1,A,q_애견_04,반려동물 용품 파는 곳,생활서비스 중 '애견'을 판매·제공하는 매장,val,애견,T4 구어·문장,f432246b-7b94-4f62-84d7-38d47777b5e4,고향감자탕,감자탕,고서 골목형상점가,골목형상점가,전라남도,,,
1e5b186376bb0a3bfd0a,full_annotation_v1,A,q_애견_04,반려동물 용품 파는 곳,생활서비스 중 '애견'을 판매·제공하는 매장,val,애견,T4 구어·문장,b6b63d9c-1c34-4ace-975f-323ac87bce69,강아지그림,반려동물 미용,성복 온누리 골목형상점가,골목형상점가,경기도,,,
74777843cdd2bccccb74,full_annotation_v1,A,q_애견_04,반려동물 용품 파는 곳,생활서비스 중 '애견'을 판매·제공하는 매장,val,애견,T4 구어·문장,b504b54c-57e5-43b7-b14a-8ce77f16960a,매월네비샵,자동차 용품,전평제상인회 골목형상점가,골목형상점가,광주광역시,,,
9ca3d52736d79e56eec8,full_annotation_v1,A,q_애견_04,반려동물 용품 파는 곳,생활서비스 중 '애견'을 판매·제공하는 매장,val,애견,T4 구어·문장,72424e0b-4905-43b4-865e-1fdf897b15f8,24시 무인 반려용품 편의점 아무도 없개 광주 쌍암점,"반려동물 사료, 간식, 용품",첨단청사초롱길 골목형상점가,골목형상점가,광주광역시,,,
4625e69269cb807a1812,full_annotation_v1,A,q_애견_04,반려동물 용품 파는 곳,생활서비스 중 '애견'을 판매·제공하는 매장,val,애견,T4 구어·문장,7ea4cbae-d862-4b68-b36c-cb554d615364,견상낙원,반려동물위탁,나주혁신도시 골목형상점가,골목형상점가,전라남도,,,
3b296cc79d60b9567811,full_annotation_v1,A,q_애견_04,반려동물 용품 파는 곳,생활서비스 중 '애견'을 판매·제공하는 매장,val,애견,T4 구어·문장,701c3e8f-7e1e-4e73-b952-7d7d8700e941,핑즈데이,반려동물용품,구미공단종합시장,전통시장,경상북도,,,
c25ea83c5231be66bd5b,full_annotation_v1,A,q_애견_04,반려동물 용품 파는 곳,생활서비스 중 '애견'을 판매·제공하는 매장,val,애견,T4 구어·문장,56db8344-9ee8-4fa1-9a6c-34e6a167f743,멍타주,반려동물미용,염주상인회 골목형상점가,골목형상점가,광주광역시,,,
1b09b5bb0b502877464d,full_annotation_v1,A,q_애견_04,반려동물 용품 파는 곳,생활서비스 중 '애견'을 판매·제공하는 매장,val,애견,T4 구어·문장,5a65a6e3-dfb0-46ad-ba77-80b079a01889,스파클 비,반려동물 미용업 및 소매업,전남대 상대 골목형상점가,골목형상점가,광주광역시,,,
d1b7728264ddcf7fb5b0,full_annotation_v1,A,q_애견_04,반려동물 용품 파는 곳,생활서비스 중 '애견'을 판매·제공하는 매장,val,애견,T4 구어·문장,068d3f51-a4d4-4314-9882-6d61389ff931,wallu,애견용품,분당우성시장,전통시장,경기도,,,
0da4552fc96659682225,full_annotation_v1,A,q_애견_04,반려동물 용품 파는 곳,생활서비스 중 '애견'을 판매·제공하는 매장,val,애견,T4 구어·문장,565be16b-c184-4293-98aa-f6e8ddf13c0b,사운드미카오디오,자동차 용품,목련 골목형상점가,골목형상점가,광주광역시,,,
7f4ba95339ed4f30649f,full_annotation_v1,A,q_애견_04,반려동물 용품 파는 곳,생활서비스 중 '애견'을 판매·제공하는 매장,val,애견,T4 구어·문장,caee3bfa-e534-422b-9b21-d02cc0d7ea1c,리본동물병원,반려동물 진료,화정한울타리상인회 골목형상점가,골목형상점가,광주광역시,,,
7417b8d26d99241caecf,full_annotation_v1,A,q_애견_04,반려동물 용품 파는 곳,생활서비스 중 '애견'을 판매·제공하는 매장,val,애견,T4 구어·문장,c111ac9d-3f3a-405c-a8db-4d127ccda9e2,행복이 있는 곳,잡화,제주로얄쇼핑센터,자율상권구역,제주특별자치도,,,
de9dbc530bdf5fcc5b43,full_annotation_v1,A,q_애견_04,반려동물 용품 파는 곳,생활서비스 중 '애견'을 판매·제공하는 매장,val,애견,T4 구어·문장,0d753046-7eb1-4915-9c50-1e735acf1c1d,버블퍼피,"애견간식, 용품",왕십리무학봉상점가,자율상권구역,서울특별시,,,
b52bed4ffc07e694b60b,full_annotation_v1,A,q_애견_04,반려동물 용품 파는 곳,생활서비스 중 '애견'을 판매·제공하는 매장,val,애견,T4 구어·문장,c161453d-f2c8-4b97-a2c3-a54e0cbdb7e8,생활용품 싸게 파는 집,잡화,안성중앙시장,전통시장,경기도,,,
0db70b70551d8afb5084,full_annotation_v1,A,q_애견_04,반려동물 용품 파는 곳,생활서비스 중 '애견'을 판매·제공하는 매장,val,애견,T4 구어·문장,3a2bd96f-e997-45d5-b5d1-75ae0651ea5d,상무동물병원,반려동물 질환예방 검사 치료,상무중앙상인회 골목형상점가,골목형상점가,광주광역시,,,
e18334cc5fa13a6d95ba,full_annotation_v1,A,q_애견_04,반려동물 용품 파는 곳,생활서비스 중 '애견'을 판매·제공하는 매장,val,애견,T4 구어·문장,6d38649b-7f66-4243-9184-bd0b635af940,올리비아하슬러거창점,"스포츠의류, 용품",거창 전통시장,전통시장,경상남도,,,
86535098c01925bb8977,full_annotation_v1,A,q_애견_04,반려동물 용품 파는 곳,생활서비스 중 '애견'을 판매·제공하는 매장,val,애견,T4 구어·문장,12e038ca-d3fa-4cfc-ac43-1243df2ce7ff,웨스트우드,스포츠 용품,밀양 원도심 햇살문화 상권활성화 구역,상권활성화구역,경상남도,,,
1be65285e0d06c07282d,full_annotation_v1,A,q_애견_04,반려동물 용품 파는 곳,생활서비스 중 '애견'을 판매·제공하는 매장,val,애견,T4 구어·문장,1895ce38-389f-41b7-90c4-d1e0d48ecc03,미쓰블링(miss bling),속눈썹연장,원대가구명물거리 골목형상점가,골목형상점가,대구광역시,,,
3fb18444110f992fb126,full_annotation_v1,A,q_애견_04,반려동물 용품 파는 곳,생활서비스 중 '애견'을 판매·제공하는 매장,val,애견,T4 구어·문장,0eaecef3-d748-4ddb-9179-6df06f823b53,하나카 동물병원,"반려동물 진료, 반려동물 사료, 반려동물 영양제, 반려동물 간식",역삼동 골목형상점가,골목형상점가,서울특별시,,,
3b260087fe148f7e2027,full_annotation_v1,A,q_애견_04,반려동물 용품 파는 곳,생활서비스 중 '애견'을 판매·제공하는 매장,val,애견,T4 구어·문장,55c98f74-83a2-4ba4-a591-585878262d7c,폴리파크칠곡점,반려동물 용품,태전패션거리 골목형상점가,골목형상점가,대구광역시,,,
fb70d1c1416ccbb95cbe,full_annotation_v1,A,q_야채_01,김장 재료 사는 곳,식료품 중 '야채'를 판매·제공하는 매장,val,야채,T4 구어·문장,d3c33cb5-f0a5-40ba-93d6-5e94ef9b9034,네일아이,뷰티재료,향촌 상가 골목형상점가,골목형상점가,대전광역시,,,
b8f5f675ae232d3414fa,full_annotation_v1,A,q_야채_01,김장 재료 사는 곳,식료품 중 '야채'를 판매·제공하는 매장,val,야채,T4 구어·문장,01b4b567-78d4-4fa1-9bff-25fd01fb1a4c,소문난김치집,김치,중앙먹거리 상인회 골목형상점가,골목형상점가,전라남도,,,
b6c845b9b4f05e64d642,full_annotation_v1,A,q_야채_01,김장 재료 사는 곳,식료품 중 '야채'를 판매·제공하는 매장,val,야채,T4 구어·문장,007fd232-3c16-44ff-be59-cf265f3775e9,동문상회,채소버섯,팔달신시장,전통시장,대구광역시,,,
7c55ec69dc0f91d1e967,full_annotation_v1,A,q_야채_01,김장 재료 사는 곳,식료품 중 '야채'를 판매·제공하는 매장,val,야채,T4 구어·문장,2e87efdc-8f73-4b77-bc5b-9aface30bf48,박가네속초횟집,활어회,주천골목형상점가,골목형상점가,강원특별자치도,,,
db5a4a13ea8d0bc72cfc,full_annotation_v1,A,q_야채_01,김장 재료 사는 곳,식료품 중 '야채'를 판매·제공하는 매장,val,야채,T4 구어·문장,008d1ed4-a5d7-492e-9959-f8307a68cc5f,샐러드 정원,"샐러드, 샌드위치",미성동도깨비시장,골목형상점가,서울특별시,,,
ff035913026cc05947fb,full_annotation_v1,A,q_야채_01,김장 재료 사는 곳,식료품 중 '야채'를 판매·제공하는 매장,val,야채,T4 구어·문장,0174d58f-3182-48ce-9bb7-0818d21a6763,야채,,만수시장,전통시장,인천광역시,,,
0c6ac66a1a440ac9486d,full_annotation_v1,A,q_야채_01,김장 재료 사는 곳,식료품 중 '야채'를 판매·제공하는 매장,val,야채,T4 구어·문장,11fc575f-379a-4acb-b191-8fc2793543bd,영수야채,야채,남광주해뜨는시장,전통시장,광주광역시,,,
851ac05e22717b88d4bb,full_annotation_v1,A,q_야채_01,김장 재료 사는 곳,식료품 중 '야채'를 판매·제공하는 매장,val,야채,T4 구어·문장,0e23eefc-8b2f-449a-b023-eb695697627a,한독사,사진재료,을지로지하보도쇼핑센터,일반지하상점가,서울특별시,,,
c20a12624b2eecea2a40,full_annotation_v1,A,q_야채_01,김장 재료 사는 곳,식료품 중 '야채'를 판매·제공하는 매장,val,야채,T4 구어·문장,cbde5229-a947-400e-8b14-8f986136869f,한국야채,야채,동문동 골목형상점가,골목형상점가,충청남도,,,
a6dc418e7a68c8f40346,full_annotation_v1,A,q_야채_01,김장 재료 사는 곳,식료품 중 '야채'를 판매·제공하는 매장,val,야채,T4 구어·문장,7fdbfbd2-930f-4329-a225-ca7b797e3274,야채,야채,원종고강제일시장(부천제일시장),전통시장,경기도,,,
527bf0bafe8d6d0b38ec,full_annotation_v1,A,q_야채_01,김장 재료 사는 곳,식료품 중 '야채'를 판매·제공하는 매장,val,야채,T4 구어·문장,03a6e716-3825-40e3-ba06-e047ee5e5483,부일반찬,김치,초량전통시장,전통시장,부산광역시,,,
18b944d520c70fe3b9a7,full_annotation_v1,A,q_야채_01,김장 재료 사는 곳,식료품 중 '야채'를 판매·제공하는 매장,val,야채,T4 구어·문장,00b6e321-5954-437c-b1d9-94fded29f67e,웰빙마트,식품,서남신시장,전통시장,대구광역시,,,
847e4dd25917522a3c46,full_annotation_v1,A,q_야채_01,김장 재료 사는 곳,식료품 중 '야채'를 판매·제공하는 매장,val,야채,T4 구어·문장,dbf6aed1-878e-47e4-bb4e-227dae066aee,서문돈가스,커피재료,서문시장2지구 종합상가,전통시장,대구광역시,,,
b9ad726b185e0b238113,full_annotation_v1,A,q_야채_01,김장 재료 사는 곳,식료품 중 '야채'를 판매·제공하는 매장,val,야채,T4 구어·문장,0d8ef83e-b4ad-49e5-8c89-5ab441c6fe4e,초록야채,야채,정서진중앙시장(구 서구중앙시장),전통시장,인천광역시,,,
bebd117c7f8eb2827a53,full_annotation_v1,A,q_야채_01,김장 재료 사는 곳,식료품 중 '야채'를 판매·제공하는 매장,val,야채,T4 구어·문장,65eab5b4-8642-4954-9051-a7a6bb9d5259,형제상회,야채,원종고강제일시장(부천제일시장),전통시장,경기도,,,
50ecee266015dbbfda02,full_annotation_v1,A,q_야채_01,김장 재료 사는 곳,식료품 중 '야채'를 판매·제공하는 매장,val,야채,T4 구어·문장,9f974145-dc5c-490d-9438-2d402ed3909d,싱싱야채,야채,강북북부골목시장 골목형상점가,골목형상점가,서울특별시,,,
49056f98c36159bd737d,full_annotation_v1,A,q_야채_01,김장 재료 사는 곳,식료품 중 '야채'를 판매·제공하는 매장,val,야채,T4 구어·문장,014072fb-b412-4fb3-a663-31dbf80e44a6,매일상회,"야채, 과일",고산미소시장(고산시장),전통시장,전북특별자치도,,,
2d7d2f365a7c340a91e5,full_annotation_v1,A,q_야채_01,김장 재료 사는 곳,식료품 중 '야채'를 판매·제공하는 매장,val,야채,T4 구어·문장,e673146c-797b-458f-afe1-9187bb434210,헤어바이희,미용,두정로 두정상가길 골목형상점가,골목형상점가,충청남도,,,
06a1ad45b2d4a8a0195b,full_annotation_v1,A,q_야채_01,김장 재료 사는 곳,식료품 중 '야채'를 판매·제공하는 매장,val,야채,T4 구어·문장,21baeb5f-1864-45c2-ba1d-1c19b18deae7,김장훈탁구클럽,탁구장,송죽솔대 골목형상점가,골목형상점가,경기도,,,
42a9f7ac39417cfd2eba,full_annotation_v1,A,q_야채_01,김장 재료 사는 곳,식료품 중 '야채'를 판매·제공하는 매장,val,야채,T4 구어·문장,10e4b9b6-662b-436c-b9b7-b82677f0ecd8,계룡야채,야채,부사시장,전통시장,대전광역시,,,
c150a4379d2c87ae939d,full_annotation_v1,A,q_야채_01,김장 재료 사는 곳,식료품 중 '야채'를 판매·제공하는 매장,val,야채,T4 구어·문장,95f0514c-d29e-480f-8a9d-8147b90d7e1f,광주전기,전기자재 재료,양동산업용품시장,전통시장,광주광역시,,,
01a6dd31e9ecc9fafb26,full_annotation_v1,A,q_야채_01,김장 재료 사는 곳,식료품 중 '야채'를 판매·제공하는 매장,val,야채,T4 구어·문장,8e80de93-306c-420f-9a8e-bc873e29a22f,장군야채,야채,서문공설시장,전통시장,제주특별자치도,,,
08f2db93c59b201ae333,full_annotation_v1,A,q_야채_01,김장 재료 사는 곳,식료품 중 '야채'를 판매·제공하는 매장,val,야채,T4 구어·문장,983df8f7-5865-4412-a631-d963bb6a0ba5,동하시계재료상,시계재료,골드테마거리,전통시장,부산광역시,,,
9d491b49ca47d1f2829a,full_annotation_v1,A,q_야채_01,김장 재료 사는 곳,식료품 중 '야채'를 판매·제공하는 매장,val,야채,T4 구어·문장,b2744507-c9a4-47d9-a876-b769daa6a807,대륙야채,야채,남천해변시장,전통시장,부산광역시,,,
6aa258a376e559663aa1,full_annotation_v1,A,q_야채_01,김장 재료 사는 곳,식료품 중 '야채'를 판매·제공하는 매장,val,야채,T4 구어·문장,842f6cf1-6411-4f4b-be23-746d79e31656,섬곳,한식,플레이사계 지오단길 골목형상점가,골목형상점가,제주특별자치도,,,
5988493d611bf275fe71,full_annotation_v1,A,q_야채_01,김장 재료 사는 곳,식료품 중 '야채'를 판매·제공하는 매장,val,야채,T4 구어·문장,8c6eea16-93f5-43fc-b968-2a3e5335da82,도향막국수,막국수,주천골목형상점가,골목형상점가,강원특별자치도,,,
9f45b1f9672bd9e1b81d,full_annotation_v1,A,q_야채_01,김장 재료 사는 곳,식료품 중 '야채'를 판매·제공하는 매장,val,야채,T4 구어·문장,1530d4fb-e552-455d-86fb-720780450957,강원찰옥수수,"찰옥수수, 농산물",원통시장,전통시장,강원특별자치도,,,
487e2e68dc7d10623cee,full_annotation_v1,A,q_야채_01,김장 재료 사는 곳,식료품 중 '야채'를 판매·제공하는 매장,val,야채,T4 구어·문장,006601da-192a-4275-90bf-aa320c79ea9f,바이럽,샐러드,현풍백년도깨비시장,전통시장,대구광역시,,,
9bd2ed3d2539dc184189,full_annotation_v1,A,q_야채_01,김장 재료 사는 곳,식료품 중 '야채'를 판매·제공하는 매장,val,야채,T4 구어·문장,005313c8-dce8-49b6-9841-9143ebb1305a,동원떡집,,박달시장,전통시장,경기도,,,
4f1b538b7f37e3953b87,full_annotation_v1,A,q_야채_01,김장 재료 사는 곳,식료품 중 '야채'를 판매·제공하는 매장,val,야채,T4 구어·문장,76a17754-7989-4dcd-9df3-7757948bb93a,크라운가발,"가발, 미용 재료",종로신백제 골목형상점가,골목형상점가,서울특별시,,,
c66fd84d621d9d1e317c,full_annotation_v1,A,q_야채_01,김장 재료 사는 곳,식료품 중 '야채'를 판매·제공하는 매장,val,야채,T4 구어·문장,d9ce4406-658b-4627-9a88-ad8edf6f48f3,싱싱야채,야채,시흥삼미시장,전통시장,경기도,,,
48f6aa0cd53718de2b33,full_annotation_v1,A,q_야채_01,김장 재료 사는 곳,식료품 중 '야채'를 판매·제공하는 매장,val,야채,T4 구어·문장,02ac244b-8e99-4170-b022-490f0f86e6f0,치유,생화 식물,안녕마을골목형상점가,골목형상점가,대전광역시,,,
a875b05e9225905c6ec6,full_annotation_v1,A,q_야채_01,김장 재료 사는 곳,식료품 중 '야채'를 판매·제공하는 매장,val,야채,T4 구어·문장,bcc9a49b-6a32-4a6b-a138-a4e7855b5d76,정가네농산물,야채,청주육거리종합시장,전통시장,충청북도,,,
e45f9908519c334d4c4a,full_annotation_v1,A,q_야채_01,김장 재료 사는 곳,식료품 중 '야채'를 판매·제공하는 매장,val,야채,T4 구어·문장,016f8113-22a7-4ef1-a80f-0562dd2a06e9,동이식품,"식품, 농산물",중앙신시장,전통시장,경상북도,,,
50eaaa95e9bfcf4f959a,full_annotation_v1,A,q_야채_01,김장 재료 사는 곳,식료품 중 '야채'를 판매·제공하는 매장,val,야채,T4 구어·문장,06261986-3eba-4244-b63f-397460d82f4a,이곳,미용,나주혁신도시 골목형상점가,골목형상점가,전라남도,,,
cf81f831c02b3220c8e3,full_annotation_v1,A,q_야채_01,김장 재료 사는 곳,식료품 중 '야채'를 판매·제공하는 매장,val,야채,T4 구어·문장,a1060dd9-cf09-4aab-b7c0-32da97cb9a52,종합야채,야채,대림골목시장,전통시장,서울특별시,,,
5434c3b5da3b1d5a03a3,full_annotation_v1,A,q_야채_01,김장 재료 사는 곳,식료품 중 '야채'를 판매·제공하는 매장,val,야채,T4 구어·문장,12793542-a6b9-4d91-933c-013481c83e89,진덕야채,야채,안양남부시장,전통시장,경기도,,,
b8228cc482fbdec20d10,full_annotation_v1,A,q_야채_01,김장 재료 사는 곳,식료품 중 '야채'를 판매·제공하는 매장,val,야채,T4 구어·문장,acac3728-a89d-4048-a163-ec8f27ba50a0,싱싱야채,야채,산성시장,전통시장,대전광역시,,,
c7ab25bfc413c10fe251,full_annotation_v1,A,q_야채_01,김장 재료 사는 곳,식료품 중 '야채'를 판매·제공하는 매장,val,야채,T4 구어·문장,01807650-b572-41c3-9494-95556b3347d5,청우상회,야채,안양남부시장,전통시장,경기도,,,
f37e8df5da275fafb6d0,full_annotation_v1,A,q_야채_01,김장 재료 사는 곳,식료품 중 '야채'를 판매·제공하는 매장,val,야채,T4 구어·문장,0b9b569c-9071-42a6-932e-79e81e64a01d,형제상회,야채,의정부청과야채시장,전통시장,경기도,,,
a7cb10beb238e415c492,full_annotation_v1,A,q_야채_01,김장 재료 사는 곳,식료품 중 '야채'를 판매·제공하는 매장,val,야채,T4 구어·문장,008d4156-e489-4d1f-9205-b541972d35a8,과일왕,과일 잡화 야채 먹거리,연제동 골목형상점가,골목형상점가,광주광역시,,,
c9261bab5086dfc9f392,full_annotation_v1,A,q_야채_01,김장 재료 사는 곳,식료품 중 '야채'를 판매·제공하는 매장,val,야채,T4 구어·문장,09f5bb3f-dfa0-4037-b9d8-8355f7a5e900,명숙야채,야채,만수시장,전통시장,인천광역시,,,
d938af9d275db9f76a7f,full_annotation_v1,A,q_야채_01,김장 재료 사는 곳,식료품 중 '야채'를 판매·제공하는 매장,val,야채,T4 구어·문장,6b053edb-9c80-4cf2-aca8-b22e619ebe9a,알찬농산,야채,산본전통시장(구 군포산본시장),전통시장,경기도,,,
4c51c1f2b96966d205f7,full_annotation_v1,A,q_야채_01,김장 재료 사는 곳,식료품 중 '야채'를 판매·제공하는 매장,val,야채,T4 구어·문장,5f62d541-108c-486c-a309-a3f3950b6694,형제상회,야채,일신시장(舊 부일종합시장),전통시장,인천광역시,,,
467b8f5d1b41b012802f,full_annotation_v1,A,q_야채_01,김장 재료 사는 곳,식료품 중 '야채'를 판매·제공하는 매장,val,야채,T4 구어·문장,33deeb9a-462e-4a0d-89c8-e934b6ff868a,비즈마트,"비즈공예 재료, 잡화공예 재료, 잡화",부산진시장,전통시장,부산광역시,,,
9bd21ccebbd904f6210c,full_annotation_v1,A,q_야채_01,김장 재료 사는 곳,식료품 중 '야채'를 판매·제공하는 매장,val,야채,T4 구어·문장,c6fb138b-4b0a-4ca6-b7f1-5ddfd1906b2b,초록야채,야채,말바우우산 골목형상점가,골목형상점가,광주광역시,,,
315403dc8b251cafb714,full_annotation_v1,A,q_야채_01,김장 재료 사는 곳,식료품 중 '야채'를 판매·제공하는 매장,val,야채,T4 구어·문장,a3ec302f-30f2-496c-8dfe-80cd88f1ed1f,아지트의류,의류,여수진남시장,전통시장,전라남도,,,
c390d250eb7250ab8e20,full_annotation_v1,A,q_야채_01,김장 재료 사는 곳,식료품 중 '야채'를 판매·제공하는 매장,val,야채,T4 구어·문장,00344d24-5aaa-4dc7-ba51-3c041c147576,고향뜰영농조합법인,농산물,양산 북부시장,전통시장,경상남도,,,
18402164c9ae8f8de788,full_annotation_v1,A,q_야채_01,김장 재료 사는 곳,식료품 중 '야채'를 판매·제공하는 매장,val,야채,T4 구어·문장,82bf2105-0a85-4fe7-8777-8f049077d57f,상우네 야채,야채,만수시장,전통시장,인천광역시,,,
29b0670ef35a6b0996af,full_annotation_v1,A,q_야채_01,김장 재료 사는 곳,식료품 중 '야채'를 판매·제공하는 매장,val,야채,T4 구어·문장,c89872f7-7a0e-4e4b-905a-e116a10d65b9,골목야채,야채,광명새마을시장,전통시장,경기도,,,
459215f438c46e9b9eb0,full_annotation_v1,A,q_야채_01,김장 재료 사는 곳,식료품 중 '야채'를 판매·제공하는 매장,val,야채,T4 구어·문장,f4e6430b-f172-4b2a-ba13-43a66ac9fe5a,싱싱야채,야채,박달시장,전통시장,경기도,,,
954a14aa00ef734664b9,full_annotation_v1,A,q_야채_01,김장 재료 사는 곳,식료품 중 '야채'를 판매·제공하는 매장,val,야채,T4 구어·문장,70934fce-553c-492e-933e-6ab62f6d6097,영광상회,야채,경동시장,전통시장,서울특별시,,,
759ed50656799cfd0d0f,full_annotation_v1,A,q_야채_01,김장 재료 사는 곳,식료품 중 '야채'를 판매·제공하는 매장,val,야채,T4 구어·문장,076c2026-6346-41fb-86ac-9f56373e36e7,미용재료,미용재료,운수대통 골목형상점가,골목형상점가,광주광역시,,,
5a03cf6bdeb34037b7df,full_annotation_v1,A,q_야채_01,김장 재료 사는 곳,식료품 중 '야채'를 판매·제공하는 매장,val,야채,T4 구어·문장,a304edec-5334-41e3-8b00-158786c8e90a,돼지세끼,한식,명덕마을 골목형상점가,골목형상점가,울산광역시,,,
8ab4e1cf593a6d85945a,full_annotation_v1,A,q_야채_01,김장 재료 사는 곳,식료품 중 '야채'를 판매·제공하는 매장,val,야채,T4 구어·문장,38d33dd0-da61-4784-bac4-f0d8ecbe6d79,야채천국,야채,길동복조리시장,전통시장,서울특별시,,,
dc5c09004af2522a3927,full_annotation_v1,A,q_야채_01,김장 재료 사는 곳,식료품 중 '야채'를 판매·제공하는 매장,val,야채,T4 구어·문장,c58c5331-08bb-4de2-9d2b-97a443f0ea2b,함양상회,야채,마산 정우새어시장,전통시장,경상남도,,,
5cf0783e25af42872a32,full_annotation_v1,A,q_야채_01,김장 재료 사는 곳,식료품 중 '야채'를 판매·제공하는 매장,val,야채,T4 구어·문장,54a6fba6-87e9-4f1e-bb69-287da8b6b49f,짱야채,야채,반구시장,전통시장,울산광역시,,,
88aa13701a6e9c222c28,full_annotation_v1,A,q_야채_01,김장 재료 사는 곳,식료품 중 '야채'를 판매·제공하는 매장,val,야채,T4 구어·문장,c609139f-f07b-4b02-b8e5-ceffb8094bd0,형제상회,야채,광장시장,전통시장,서울특별시,,,
34588d1f6336f70ef0e7,full_annotation_v1,A,q_야채_01,김장 재료 사는 곳,식료품 중 '야채'를 판매·제공하는 매장,val,야채,T4 구어·문장,8dac30b5-783c-4f90-964b-b5384fe436df,용민이네 야채,야채,해남매일시장,전통시장,전라남도,,,
ebc94d9f9834e887d94b,full_annotation_v1,A,q_야채_01,김장 재료 사는 곳,식료품 중 '야채'를 판매·제공하는 매장,val,야채,T4 구어·문장,1cbd487f-376c-45ce-b8e5-5d1989880e90,친구미용재료,화장품미용재료,정훈한마음골목시장,골목형상점가,서울특별시,,,
4e8052703b5482204360,full_annotation_v1,A,q_야채_01,김장 재료 사는 곳,식료품 중 '야채'를 판매·제공하는 매장,val,야채,T4 구어·문장,000a244a-1e28-40b7-8d55-d5b1055f12d2,진해상회,채소,마산어시장,전통시장,경상남도,,,
20758a69fa16b28b6824,full_annotation_v1,A,q_야채_01,김장 재료 사는 곳,식료품 중 '야채'를 판매·제공하는 매장,val,야채,T4 구어·문장,92a7bf99-5db6-44e0-a881-41ff1075d470,순이네 야채,,김해 장유전통시장,전통시장,경상남도,,,
978aa786734362687be7,full_annotation_v1,A,q_야채_01,김장 재료 사는 곳,식료품 중 '야채'를 판매·제공하는 매장,val,야채,T4 구어·문장,00045dfc-0681-4fb3-8265-33b3df14c289,한라농산,과일,황지시장상점가,자율상권구역,강원특별자치도,,,
e9572587b9ca00b8b75f,full_annotation_v1,A,q_야채_01,김장 재료 사는 곳,식료품 중 '야채'를 판매·제공하는 매장,val,야채,T4 구어·문장,23d892f6-9c79-479f-903d-4118c0a58dce,싱싱야채,야채,남구로시장,전통시장,서울특별시,,,
17eddc6f139847e5eb4d,full_annotation_v1,A,q_야채_01,김장 재료 사는 곳,식료품 중 '야채'를 판매·제공하는 매장,val,야채,T4 구어·문장,014b06bd-3fa3-4cde-b459-e62ca64c33aa,조은식품,채소,하양꿈바우시장,전통시장,경상북도,,,
90d66ce4fced9049d4f0,full_annotation_v1,A,q_야채_01,김장 재료 사는 곳,식료품 중 '야채'를 판매·제공하는 매장,val,야채,T4 구어·문장,71904105-8c96-4f3a-8a3c-cb65e0dea9b5,청일유통,야채,경동광성상가,전통시장,서울특별시,,,
aeb3e35b89d01bd93e51,full_annotation_v1,A,q_야채_01,김장 재료 사는 곳,식료품 중 '야채'를 판매·제공하는 매장,val,야채,T4 구어·문장,566dd58f-9081-4d60-b591-35b8d7a1384f,머슴상회,야채,천안중앙시장,전통시장,충청남도,,,
5fb8ca5bab7d7a8e02d8,full_annotation_v1,A,q_야채_01,김장 재료 사는 곳,식료품 중 '야채'를 판매·제공하는 매장,val,야채,T4 구어·문장,ebf0567f-5762-4177-966f-33ae52eb775b,싱싱야채,야채,용봉지구 골목형상점가,골목형상점가,광주광역시,,,
b74810eb6bf87d46044d,full_annotation_v1,A,q_야채_01,김장 재료 사는 곳,식료품 중 '야채'를 판매·제공하는 매장,val,야채,T4 구어·문장,57ca2957-ce06-4a54-b60d-72cf59cf419c,형제상회,야채,인왕시장,전통시장,서울특별시,,,
f51fb9be82d6c1840828,full_annotation_v1,A,q_야채_01,김장 재료 사는 곳,식료품 중 '야채'를 판매·제공하는 매장,val,야채,T4 구어·문장,15578c36-25cb-47c6-b623-02d015391845,서가네쌈밥,쌈밥,면곡시장 골목형상점가,골목형상점가,서울특별시,,,
e94d9f3214a11e3f978c,full_annotation_v1,A,q_야채_01,김장 재료 사는 곳,식료품 중 '야채'를 판매·제공하는 매장,val,야채,T4 구어·문장,379f94b1-05e1-4801-8f5f-56466b194660,토마토미용실,미용업,광주송정역세권 상권활성화구역,상권활성화구역,광주광역시,,,
8f57ff62a2c7906792ae,full_annotation_v1,A,q_야채_01,김장 재료 사는 곳,식료품 중 '야채'를 판매·제공하는 매장,val,야채,T4 구어·문장,0bb60d5b-010b-4585-8554-3f1cfa178dad,재료식품,식품판매,제일시장,전통시장,인천광역시,,,
b604b32d741302dce0cf,full_annotation_v1,A,q_야채_01,김장 재료 사는 곳,식료품 중 '야채'를 판매·제공하는 매장,val,야채,T4 구어·문장,0700b2fe-2a31-412d-98a5-a551eb7fbcda,싱싱야채,야채,계산시장,전통시장,인천광역시,,,
787aca920b27bc01e204,full_annotation_v1,A,q_야채_01,김장 재료 사는 곳,식료품 중 '야채'를 판매·제공하는 매장,val,야채,T4 구어·문장,0097b3e2-b5cf-4050-b719-c9d7738067c0,시흥상회,"소매(야채,과일)",광명전통시장,전통시장,경기도,,,
055b48320ef0ebb505f5,full_annotation_v1,A,q_야채_01,김장 재료 사는 곳,식료품 중 '야채'를 판매·제공하는 매장,val,야채,T4 구어·문장,0b5c17ef-296e-482e-972d-5193fb2c9c18,대보유통,호두과자 재료,칠성전자주방시장,전통시장,대구광역시,,,
2846a1dbee43380f80b8,full_annotation_v1,A,q_야채_01,김장 재료 사는 곳,식료품 중 '야채'를 판매·제공하는 매장,val,야채,T4 구어·문장,48b57ee9-4554-458f-bd4c-57f572e9d549,노퉁궈,야채,첨단2동 골목형상점가,골목형상점가,광주광역시,,,
da0b47ce280090fb8ddb,full_annotation_v1,A,q_야채_01,김장 재료 사는 곳,식료품 중 '야채'를 판매·제공하는 매장,val,야채,T4 구어·문장,cca58370-ec22-4be6-8ceb-a1c4d990af36,하늘 야채,야채,작전시장,전통시장,인천광역시,,,
44a40830dcd12cec816d,full_annotation_v1,A,q_야채_01,김장 재료 사는 곳,식료품 중 '야채'를 판매·제공하는 매장,val,야채,T4 구어·문장,24456103-f6b8-46af-8655-82e61d7265d8,커피가 머무르는 곳,커피,반드레길골목형상점가,골목형상점가,서울특별시,,,
33ab8f579346df08bc9d,full_annotation_v1,A,q_야채_01,김장 재료 사는 곳,식료품 중 '야채'를 판매·제공하는 매장,val,야채,T4 구어·문장,f3539f44-25e6-4272-9151-40710d2a1e81,황가네 야채,야채,서부시장(서부재래시장),전통시장,충청남도,,,
7a0d0280c7ab47a54716,full_annotation_v1,A,q_야채_01,김장 재료 사는 곳,식료품 중 '야채'를 판매·제공하는 매장,val,야채,T4 구어·문장,57fce58f-de42-4488-94fa-5511619da0ae,뚱보네 야채 청과물,야채,현대시장,전통시장,인천광역시,,,
ff14d29d94d7e6199fd7,full_annotation_v1,A,q_야채_01,김장 재료 사는 곳,식료품 중 '야채'를 판매·제공하는 매장,val,야채,T4 구어·문장,d39c66ad-1a4d-46e0-9cfc-f7157bff2af1,동해건어물(야채),소매업(야채),화서시장,전통시장,경기도,,,
31f342c8983a3d59ac7f,full_annotation_v1,A,q_야채_01,김장 재료 사는 곳,식료품 중 '야채'를 판매·제공하는 매장,val,야채,T4 구어·문장,0b973800-4c5a-41e7-b5ef-049f3471b323,김장날솥뚜껑삼겹살(수완점),삼겹살,수완머그로 골목형상점가,골목형상점가,광주광역시,,,
d3f00272e937bf1f62c3,full_annotation_v1,A,q_야채_01,김장 재료 사는 곳,식료품 중 '야채'를 판매·제공하는 매장,val,야채,T4 구어·문장,9b495bd1-9560-4f4f-91a4-6e480408fcde,싱싱야채,야채,평택통복시장,전통시장,경기도,,,
726d5a1dbf256cbcbd36,full_annotation_v1,A,q_야채_01,김장 재료 사는 곳,식료품 중 '야채'를 판매·제공하는 매장,val,야채,T4 구어·문장,00c56499-bc90-4ed6-bb66-3802cc762889,의령상회,채소,부전상가시장,전통시장,부산광역시,,,
77cee761d5e1411b4e4b,full_annotation_v1,A,q_야채_01,김장 재료 사는 곳,식료품 중 '야채'를 판매·제공하는 매장,val,야채,T4 구어·문장,00534c22-4465-442e-95db-66dd08f99320,삼원상회,채소,칠성시장,전통시장,대구광역시,,,
549d703d91544398d097,full_annotation_v1,A,q_야채_01,김장 재료 사는 곳,식료품 중 '야채'를 판매·제공하는 매장,val,야채,T4 구어·문장,6684b231-e4c5-47b5-b2e2-6b0ef23ee2f9,숙이네 야채,소매(야채),남양주장현전통시장,전통시장,경기도,,,
8943aab23dc2772f1ac1,full_annotation_v1,A,q_야채_01,김장 재료 사는 곳,식료품 중 '야채'를 판매·제공하는 매장,val,야채,T4 구어·문장,ddebf52f-88f3-4b13-b93e-99b3f8ff70f6,주식회사 티우드,"다구, 티매트 및 문화공방 재료 원데이클래스 kit, 티, 티푸드",경동시장,전통시장,서울특별시,,,
ea90e22eca4f7354142b,full_annotation_v1,A,q_야채_01,김장 재료 사는 곳,식료품 중 '야채'를 판매·제공하는 매장,val,야채,T4 구어·문장,09e5fb7c-d0cc-4720-92df-5a5cece636c7,샐러리아 잠실본점,샐러드,방이시장,전통시장,서울특별시,,,
3c65c58286878e777e08,full_annotation_v1,A,q_야채_01,김장 재료 사는 곳,식료품 중 '야채'를 판매·제공하는 매장,val,야채,T4 구어·문장,6d5e6ee4-ed95-4746-8fa1-c2639daff5bd,엘마트,슈퍼,사당시장,전통시장,서울특별시,,,
99b1ee3b585eae60fc4a,full_annotation_v1,A,q_야채_01,김장 재료 사는 곳,식료품 중 '야채'를 판매·제공하는 매장,val,야채,T4 구어·문장,bfba952a-eab6-4a79-bc65-48b33e7fdfb5,싱싱청과,야채,안양관양시장,전통시장,경기도,,,
b5f6a3b771619db293a0,full_annotation_v1,A,q_야채_01,김장 재료 사는 곳,식료품 중 '야채'를 판매·제공하는 매장,val,야채,T4 구어·문장,015915e3-2542-4245-b627-0c775b4c5501,한내떡집,,거제 고현시장,전통시장,경상남도,,,
d53d03b25e5f212b7a15,full_annotation_v1,A,q_야채_01,김장 재료 사는 곳,식료품 중 '야채'를 판매·제공하는 매장,val,야채,T4 구어·문장,820f4134-5a96-43e1-9e9c-a7faae13c973,서울침구,이불,전주풍남문상점가,자율상권구역,전북특별자치도,,,
2cb22b4ac9a1b022862c,full_annotation_v1,A,q_야채_01,김장 재료 사는 곳,식료품 중 '야채'를 판매·제공하는 매장,val,야채,T4 구어·문장,5ab92d1a-7d3f-4d6a-a019-4f1a2ee7b1bd,믿음야채,야채,원미종합시장,전통시장,경기도,,,
a7eb67be31bb6353cd14,full_annotation_v1,A,q_야채_01,김장 재료 사는 곳,식료품 중 '야채'를 판매·제공하는 매장,val,야채,T4 구어·문장,68620e4a-20c8-4cb4-a5a8-661ad20e238f,땟깔,야채,괴정골목시장,전통시장,부산광역시,,,
3d2e2a92b59692332231,full_annotation_v1,A,q_야채_01,김장 재료 사는 곳,식료품 중 '야채'를 판매·제공하는 매장,val,야채,T4 구어·문장,30c729cc-f578-48a6-9b55-08219c4f38db,"석현과일,야채","과일, 야채",원주미로예술중앙시장(원주중앙시장),전통시장,강원특별자치도,,,
c286bc5627a4e3f8ff1b,full_annotation_v1,A,q_야채_01,김장 재료 사는 곳,식료품 중 '야채'를 판매·제공하는 매장,val,야채,T4 구어·문장,547be72a-2b08-4865-acc9-efec48cc1450,야채꾼,야채,신 강남시장,전통시장,인천광역시,,,
1c044ca198d80fbc0713,full_annotation_v1,A,q_야채_01,김장 재료 사는 곳,식료품 중 '야채'를 판매·제공하는 매장,val,야채,T4 구어·문장,1b61a10d-845f-46cb-952b-b63cc83ec099,길순상회,야채,미나리광시장,전통시장,경기도,,,
b499326763110b53f376,full_annotation_v1,A,q_야채_01,김장 재료 사는 곳,식료품 중 '야채'를 판매·제공하는 매장,val,야채,T4 구어·문장,8bc70678-b192-4f2e-bb9d-279206edbeea,왈순네,야채,서천특화시장,전통시장,충청남도,,,
740038821ab872922f18,full_annotation_v1,A,q_야채_01,김장 재료 사는 곳,식료품 중 '야채'를 판매·제공하는 매장,val,야채,T4 구어·문장,dee139c8-1438-4fce-a3fc-07929e3c97ee,싱싱야채,야채,오산오색시장(구 오산중앙시장),전통시장,경기도,,,
3e11fdf65de1f4e20bab,full_annotation_v1,A,q_야채_01,김장 재료 사는 곳,식료품 중 '야채'를 판매·제공하는 매장,val,야채,T4 구어·문장,76a3551b-dae4-4326-92cc-662015aedbfb,쉴 곳,한식,칠성로상점가,자율상권구역,제주특별자치도,,,
39d7e12ce2c42b0c482d,full_annotation_v1,A,q_야채_01,김장 재료 사는 곳,식료품 중 '야채'를 판매·제공하는 매장,val,야채,T4 구어·문장,d19b3de6-4ddc-444e-9f05-82025eb1d7d6,옥석야채,야채,만수시장,전통시장,인천광역시,,,
75adcfa9d5a901f6f871,full_annotation_v1,A,q_야채_01,김장 재료 사는 곳,식료품 중 '야채'를 판매·제공하는 매장,val,야채,T4 구어·문장,fa58ec96-37a4-42b1-aa86-b963e177fc41,싱싱야채,야채,월곡시장,전통시장,광주광역시,,,
d2da60dd5a26c26d60ea,full_annotation_v1,A,q_야채_01,김장 재료 사는 곳,식료품 중 '야채'를 판매·제공하는 매장,val,야채,T4 구어·문장,19c05c6f-7061-435d-a94b-02c3b6284f23,김장군바지락생칼국수,칼국수,선부광장로상점가,자율상권구역,경기도,,,
8790da6194dc8548ba5e,full_annotation_v1,A,q_야채_01,김장 재료 사는 곳,식료품 중 '야채'를 판매·제공하는 매장,val,야채,T4 구어·문장,b15231c9-07aa-4d31-9c9e-611b56f7614b,대전야채,야채,신도꼼지락시장,전통시장,대전광역시,,,
1eeccbfb8f8d747cac67,full_annotation_v1,A,q_야채_01,김장 재료 사는 곳,식료품 중 '야채'를 판매·제공하는 매장,val,야채,T4 구어·문장,04c905ba-3172-4ea4-a6dd-4345d674dea0,덕순이네,제조업(떡집),장터길 골목형상점가,골목형상점가,경기도,,,
6cb2786833e1296e1ced,full_annotation_v1,A,q_야채_01,김장 재료 사는 곳,식료품 중 '야채'를 판매·제공하는 매장,val,야채,T4 구어·문장,a9aa7a13-c281-4b12-b3e7-f70506128348,용인야채,야채,수원못골종합시장,전통시장,경기도,,,
25f08ea49370a5a9218b,full_annotation_v1,A,q_야채_01,김장 재료 사는 곳,식료품 중 '야채'를 판매·제공하는 매장,val,야채,T4 구어·문장,0622e5e4-d762-4378-aeb6-eb6148f9dec6,개도리김치,"김치, 채소, 건어물",나주목사고을시장,전통시장,,,,
f17227d17f26b2b7ceaa,full_annotation_v1,A,q_야채_01,김장 재료 사는 곳,식료품 중 '야채'를 판매·제공하는 매장,val,야채,T4 구어·문장,62658ac0-cc6b-4547-98cd-539fe286ce39,차밍미용재료,미용재료,창원 지귀시장,전통시장,경상남도,,,
d1c99284e5c901115e9b,full_annotation_v1,A,q_야채_01,김장 재료 사는 곳,식료품 중 '야채'를 판매·제공하는 매장,val,야채,T4 구어·문장,65fce9a0-7e51-4c12-b7a2-f38a6359734a,금와농산,야채,마산어시장,전통시장,경상남도,,,
50f84a816fad0ca8d441,full_annotation_v1,A,q_야채_01,김장 재료 사는 곳,식료품 중 '야채'를 판매·제공하는 매장,val,야채,T4 구어·문장,648c0cd6-bfde-455e-9b92-69511fe8faf2,김장날솥뚜껑삼겹살본점,고기주류,첨단시리단길,골목형상점가,광주광역시,,,
c70e53059c588f722e19,full_annotation_v1,A,q_야채_01,김장 재료 사는 곳,식료품 중 '야채'를 판매·제공하는 매장,val,야채,T4 구어·문장,c0fb41c3-5a59-49db-8a12-de301c4d7fe4,청정식품,야채,임실시장,전통시장,전북특별자치도,,,
8ae3f87077c1c6220e86,full_annotation_v1,A,q_야채_01,김장 재료 사는 곳,식료품 중 '야채'를 판매·제공하는 매장,val,야채,T4 구어·문장,abf7f4e2-8174-48ee-b932-ed986e900b4d,안성야채,야채,삼익2차쇼핑 골목형상점가,골목형상점가,서울특별시,,,
8d555e97ac8dd69f5741,full_annotation_v1,A,q_야채_01,김장 재료 사는 곳,식료품 중 '야채'를 판매·제공하는 매장,val,야채,T4 구어·문장,8ab01b6f-9b74-48ba-a382-98a28a28c09c,신가부식,야채,신가동 골목형상점가,골목형상점가,광주광역시,,,
9f6fe7867e56504aa694,full_annotation_v1,A,q_야채_01,김장 재료 사는 곳,식료품 중 '야채'를 판매·제공하는 매장,val,야채,T4 구어·문장,5d0f6b99-88aa-4f54-aef6-4cca81d1c163,싱싱야채,야채,포항죽도시장,전통시장,경상북도,,,
7a2c6efea970d0183d5d,full_annotation_v1,A,q_야채_01,김장 재료 사는 곳,식료품 중 '야채'를 판매·제공하는 매장,val,야채,T4 구어·문장,1cc31f70-4db9-4cac-bde3-d77a405f7d88,현욱상회,야채,부산새벽시장,전통시장,부산광역시,,,
acd098c635f31a791f06,full_annotation_v1,A,q_야채_01,김장 재료 사는 곳,식료품 중 '야채'를 판매·제공하는 매장,val,야채,T4 구어·문장,0042e83d-930b-4d1d-a96f-f1a2691256cd,성화상회,과일,대구능금시장,전통시장,대구광역시,,,
255e8288b2da6c5a3f18,full_annotation_v1,A,q_야채_01,김장 재료 사는 곳,식료품 중 '야채'를 판매·제공하는 매장,val,야채,T4 구어·문장,0045f871-6f40-4361-bcdd-2b94bf597287,무파장터,야채 청과물,신금정시장 골목형 상점가,골목형상점가,부산광역시,,,
19dcfcb71e5b11eb0f4c,full_annotation_v1,A,q_야채_01,김장 재료 사는 곳,식료품 중 '야채'를 판매·제공하는 매장,val,야채,T4 구어·문장,9f85e318-f624-4193-acfd-410b0501d269,남해야채,야채,남천해변시장,전통시장,부산광역시,,,
4853a769c16f45a068f4,full_annotation_v1,A,q_야채_01,김장 재료 사는 곳,식료품 중 '야채'를 판매·제공하는 매장,val,야채,T4 구어·문장,48db5bd7-0043-4781-9174-a29b826ac87e,통큰야채,야채,법동시장,전통시장,대전광역시,,,
e8b0f76c3badfecb4235,full_annotation_v1,A,q_야채_01,김장 재료 사는 곳,식료품 중 '야채'를 판매·제공하는 매장,val,야채,T4 구어·문장,05530d0f-82ed-47a1-8015-32b6c30e3752,진수산삼다식품,"젓갈류, 김치, 수산물",동문재래시장,전통시장,제주특별자치도,,,
e152a69352410315d7f5,full_annotation_v1,A,q_야채_01,김장 재료 사는 곳,식료품 중 '야채'를 판매·제공하는 매장,val,야채,T4 구어·문장,baea1da0-ae9e-4241-ab7b-89df101d7d88,으뜸채소,야채,자양전통시장,전통시장,서울특별시,,,
dbabc5e668e2ea7dc41f,full_annotation_v1,A,q_야채_01,김장 재료 사는 곳,식료품 중 '야채'를 판매·제공하는 매장,val,야채,T4 구어·문장,009be3cd-7c52-41e4-91fc-c377ddfa78c0,언양시장야채,야채,언양알프스시장,전통시장,울산광역시,,,
ec21f312112b9b03ecad,full_annotation_v1,A,q_야채_01,김장 재료 사는 곳,식료품 중 '야채'를 판매·제공하는 매장,val,야채,T4 구어·문장,a22e3618-fa0d-4fe5-ba30-eddbc2082903,초록야채,야채,청주육거리종합시장,전통시장,충청북도,,,
0d63015619f6e2ff7749,full_annotation_v1,A,q_야채_01,김장 재료 사는 곳,식료품 중 '야채'를 판매·제공하는 매장,val,야채,T4 구어·문장,cf40fc63-d820-47ef-bbe8-407d69fdb87c,옛날팥죽재료,식재료,송정5일시장,전통시장,광주광역시,,,
7015be78039dd331c79b,full_annotation_v1,A,q_야채_01,김장 재료 사는 곳,식료품 중 '야채'를 판매·제공하는 매장,val,야채,T4 구어·문장,ed2d6c9f-62fa-468b-ae9c-200d5a3750c4,거상자원,재생용 재료,심곡복개천 상점가,자율상권구역,경기도,,,
b9230b1c06341dca8be6,full_annotation_v1,A,q_야채_01,김장 재료 사는 곳,식료품 중 '야채'를 판매·제공하는 매장,val,야채,T4 구어·문장,be798674-992b-461a-997f-4b62483bc8bf,대박 야채 청과,야채,신월3동시장골목형상점가,골목형상점가,서울특별시,,,
523bc405f35c27e4b650,full_annotation_v1,A,q_야채_01,김장 재료 사는 곳,식료품 중 '야채'를 판매·제공하는 매장,val,야채,T4 구어·문장,78b83dcc-b9e0-41c2-bf57-021dc7145ffd,싱싱야채,야채,봉천제일종합시장,전통시장,서울특별시,,,
4091dff466cf1d72f850,full_annotation_v1,A,q_야채_01,김장 재료 사는 곳,식료품 중 '야채'를 판매·제공하는 매장,val,야채,T4 구어·문장,cf5d0c45-d9f1-4aa2-80a7-7e2f603b9b62,산본 야채,야채,산본전통시장(구 군포산본시장),전통시장,경기도,,,
a5e0b1347ad829e9a099,full_annotation_v1,A,q_야채_01,김장 재료 사는 곳,식료품 중 '야채'를 판매·제공하는 매장,val,야채,T4 구어·문장,b3c87b9d-558e-4696-a4fb-91f70bcc5833,정호당필방,문방사우 한국화 및 불화 재료,제2경주중심상가시장(경주봉황중심상가시장),전통시장,경상북도,,,
1a02ed12d3c9864730b4,full_annotation_v1,A,q_야채_01,김장 재료 사는 곳,식료품 중 '야채'를 판매·제공하는 매장,val,야채,T4 구어·문장,04d03ba4-c391-4055-b1aa-737a5bd89e16,에투알미용재료,,복수동 골목형상점가,골목형상점가,대전광역시,,,
67e9f96e5ee4b991eab2,full_annotation_v1,A,q_야채_01,김장 재료 사는 곳,식료품 중 '야채'를 판매·제공하는 매장,val,야채,T4 구어·문장,0e762306-7ef2-4847-b81b-230f450b059c,딩동댕노래연습장,노래연습장,자양번영로골목형상점가,골목형상점가,서울특별시,,,
21a58d0807314cbb53f8,full_annotation_v1,A,q_야채_01,김장 재료 사는 곳,식료품 중 '야채'를 판매·제공하는 매장,val,야채,T4 구어·문장,00818eab-32ca-497e-ad5c-1c301a7ea4c9,13번상회,채소,마산 동마산시장,전통시장,경상남도,,,
3383846f559925064add,full_annotation_v1,A,q_야채_01,김장 재료 사는 곳,식료품 중 '야채'를 판매·제공하는 매장,val,야채,T4 구어·문장,00468e6b-39c6-4ce1-a534-a6b1eecac01d,태양농산물,과일,정릉서경대길골목형상점가(정릉골),골목형상점가,서울특별시,,,
daaf2705b387b2156387,full_annotation_v1,A,q_야채_01,김장 재료 사는 곳,식료품 중 '야채'를 판매·제공하는 매장,val,야채,T4 구어·문장,000527f2-442a-4dd1-9bfc-8a8cd9fd5410,(유)뉴현대상회,농산물,가락몰골목형상점가,골목형상점가,서울특별시,,,
5a9a32040d3ba668410c,full_annotation_v1,A,q_야채_01,김장 재료 사는 곳,식료품 중 '야채'를 판매·제공하는 매장,val,야채,T4 구어·문장,f9a05a06-308b-44c7-bfe4-94809ccd18a9,싱싱야채,야채,돌곶이시장,전통시장,서울특별시,,,
c78c137541fa63ad1570,full_annotation_v1,A,q_야채_01,김장 재료 사는 곳,식료품 중 '야채'를 판매·제공하는 매장,val,야채,T4 구어·문장,42374bae-8bcb-44a4-a1d1-d0f13d0c80a6,싱싱야채,야채,안동구시장,전통시장,경상북도,,,
718ca7a172131b85b936,full_annotation_v1,A,q_야채_01,김장 재료 사는 곳,식료품 중 '야채'를 판매·제공하는 매장,val,야채,T4 구어·문장,56db4778-14ee-4046-a171-821fc0e3f8ce,산수쌈밥,쌈밥,전남여고후문 골목형상점가,골목형상점가,광주광역시,,,
8f50fc6383cc1195dbf3,full_annotation_v1,A,q_야채_01,김장 재료 사는 곳,식료품 중 '야채'를 판매·제공하는 매장,val,야채,T4 구어·문장,e6413f90-c17f-4343-babf-434aaf1bf641,베이킹데이,제과제빵 재료,임동 골목형상점가,골목형상점가,광주광역시,,,
4e6a8d9439dd4562cf0a,full_annotation_v1,A,q_야채_01,김장 재료 사는 곳,식료품 중 '야채'를 판매·제공하는 매장,val,야채,T4 구어·문장,ec32ecd8-b11a-4ff5-ad36-353dc5ddbd68,참내과의원,일반진료,부사동 인삼거리 골목형상점가,골목형상점가,대전광역시,,,
8a8b57d6519eaa3a4271,full_annotation_v1,A,q_야채_01,김장 재료 사는 곳,식료품 중 '야채'를 판매·제공하는 매장,val,야채,T4 구어·문장,90eda389-44fa-4cc1-9155-a2d0713a828d,시장야채,야채,우림골목시장,전통시장,서울특별시,,,
782218b32b0672b6e0bc,full_annotation_v1,A,q_야채_01,김장 재료 사는 곳,식료품 중 '야채'를 판매·제공하는 매장,val,야채,T4 구어·문장,db4710a3-d657-40d0-af10-95d307d3edf8,오늘온채소,야채,한솔센터 골목형상점가,골목형상점가,세종특별자치시,,,
2d2351015c736a69438b,full_annotation_v1,A,q_야채_01,김장 재료 사는 곳,식료품 중 '야채'를 판매·제공하는 매장,val,야채,T4 구어·문장,6c9b7dc3-efb7-4f6d-ac64-a44dd6f25d64,다온미용재료,미용재료,용봉우치로 골목형상점가,골목형상점가,광주광역시,,,
088b4f14cc9e1b073d8a,full_annotation_v1,A,q_야채_01,김장 재료 사는 곳,식료품 중 '야채'를 판매·제공하는 매장,val,야채,T4 구어·문장,119443db-435e-4a55-871a-ad6adcb5d03c,현대야채,야채,비단길현대시장,전통시장,서울특별시,,,
5a229c95a3adcc41916c,full_annotation_v1,A,q_야채_01,김장 재료 사는 곳,식료품 중 '야채'를 판매·제공하는 매장,val,야채,T4 구어·문장,163fad72-4b20-402c-beee-d6813b64210a,광현야채,야채,서동시장(창인시장),전통시장,전북특별자치도,,,
9b35f501c376cda986f7,full_annotation_v1,A,q_야채_01,김장 재료 사는 곳,식료품 중 '야채'를 판매·제공하는 매장,val,야채,T4 구어·문장,0533a201-3b07-4029-8158-c4d2ad17c7bf,텃밭쌈밥,쌈밥,역전시장,전통시장,충청남도,,,
cd99846128b779928b56,full_annotation_v1,A,q_야채_01,김장 재료 사는 곳,식료품 중 '야채'를 판매·제공하는 매장,val,야채,T4 구어·문장,7c0684cf-fdab-4542-8b11-b74aa866982e,아이리스캔들,디퓨저 향수 캔들 재료,방산종합시장,전통시장,서울특별시,,,
0e1e11f9ba36eda4cec3,full_annotation_v1,A,q_야채_01,김장 재료 사는 곳,식료품 중 '야채'를 판매·제공하는 매장,val,야채,T4 구어·문장,5bd2f1f1-3860-4d4f-b636-9b6829a0a1fb,형제상회,야채,산본전통시장(구 군포산본시장),전통시장,경기도,,,
1f3dd0c31dc6a01d3d37,full_annotation_v1,A,q_야채_01,김장 재료 사는 곳,식료품 중 '야채'를 판매·제공하는 매장,val,야채,T4 구어·문장,12bac5de-59a7-472a-946b-5e38694a5648,한옥촌,쌈밥,전농배봉산맛집거리골목형상점가,골목형상점가,서울특별시,,,
8e2e3c3c6af82d3836de,full_annotation_v1,A,q_야채_01,김장 재료 사는 곳,식료품 중 '야채'를 판매·제공하는 매장,val,야채,T4 구어·문장,fd2a5cfb-f273-4717-a20e-73320d38f2e4,싱싱야채,야채,고성 공룡시장,전통시장,경상남도,,,
b9541d2fe5908d43c8f0,full_annotation_v1,A,q_야채_01,김장 재료 사는 곳,식료품 중 '야채'를 판매·제공하는 매장,val,야채,T4 구어·문장,e94f5f02-ffaf-47ef-8545-3475b1036d35,싱싱야채,야채,계양산전통시장,전통시장,인천광역시,,,
7f3bc7cc92d0843df96d,full_annotation_v1,A,q_야채_01,김장 재료 사는 곳,식료품 중 '야채'를 판매·제공하는 매장,val,야채,T4 구어·문장,0b599ab0-d157-49cb-a199-b6d07e73c3c8,현대야채,야채,부평종합시장,전통시장,인천광역시,,,
197588a82d006464197d,full_annotation_v1,A,q_야채_01,김장 재료 사는 곳,식료품 중 '야채'를 판매·제공하는 매장,val,야채,T4 구어·문장,00e92856-b294-4032-8540-d60e9817f2d8,럭키약국,"의약품, 건강기능식품, 식품",충무로골목형상점가,골목형상점가,서울특별시,,,
1297e1025a8843e3e1ad,full_annotation_v1,A,q_야채_01,김장 재료 사는 곳,식료품 중 '야채'를 판매·제공하는 매장,val,야채,T4 구어·문장,01f160fc-531c-4191-aa22-453462e0f38a,천년,김치,오정동상점가,자율상권구역,대전광역시,,,
22bf042c3ff17e4d0324,full_annotation_v1,A,q_야채_01,김장 재료 사는 곳,식료품 중 '야채'를 판매·제공하는 매장,val,야채,T4 구어·문장,d3a3732e-0e64-40b1-b060-f8a755b217c9,안동고추상회,야채,번개시장,전통시장,대구광역시,,,
7203ce127b8e30dcfac9,full_annotation_v1,A,q_야채_01,김장 재료 사는 곳,식료품 중 '야채'를 판매·제공하는 매장,val,야채,T4 구어·문장,d2035a45-fd86-4cf0-993b-5d967a78055f,연세탑비뇨기과의원,비뇨기과,두정로 두정상가길 골목형상점가,골목형상점가,충청남도,,,
fb5aad4734f1f9e1fca6,full_annotation_v1,A,q_야채_01,김장 재료 사는 곳,식료품 중 '야채'를 판매·제공하는 매장,val,야채,T4 구어·문장,00891fcf-925f-4b76-bc26-179798787b48,정우상회,농산물,경동시장,전통시장,서울특별시,,,
699291b1e3221d734da8,full_annotation_v1,A,q_야채_01,김장 재료 사는 곳,식료품 중 '야채'를 판매·제공하는 매장,val,야채,T4 구어·문장,cc22ce2e-ebdd-4058-8db8-fc62a59ef758,늘푸른농장,야채,월곡시장,전통시장,광주광역시,,,
78d6b69fa6ff24f4a87a,full_annotation_v1,A,q_야채_01,김장 재료 사는 곳,식료품 중 '야채'를 판매·제공하는 매장,val,야채,T4 구어·문장,06f191fb-14b4-4d51-8efb-39d44343f1a7,유한회사 바르메이드,샐러드,상무시청상인회 골목형상점가,골목형상점가,광주광역시,,,
cbf7b25df91c1d2778a9,full_annotation_v1,A,q_야채_01,김장 재료 사는 곳,식료품 중 '야채'를 판매·제공하는 매장,val,야채,T4 구어·문장,008b2657-018e-4d46-b0b0-a173aee3f37a,대원상회,농산물,대구능금시장,전통시장,대구광역시,,,
49870f26c7854787d338,full_annotation_v1,A,q_야채_01,김장 재료 사는 곳,식료품 중 '야채'를 판매·제공하는 매장,val,야채,T4 구어·문장,e297c733-a8a0-4833-bbca-0943aa6d0018,형제상회,야채,경동광성상가,전통시장,서울특별시,,,
8544b7038384bc4431c2,full_annotation_v1,A,q_야채_01,김장 재료 사는 곳,식료품 중 '야채'를 판매·제공하는 매장,val,야채,T4 구어·문장,3a9a5b6c-7637-4271-90f5-993ce8312d59,알뜰야채,야채,창원 반송시장,전통시장,경상남도,,,
3b0985a72a8fe3e5be86,full_annotation_v1,A,q_야채_01,김장 재료 사는 곳,식료품 중 '야채'를 판매·제공하는 매장,val,야채,T4 구어·문장,001cb3d4-5441-4963-b517-d5b3904ee312,현창떡집,떡집,목포동부시장,전통시장,전라남도,,,
b5047c27a6319a448957,full_annotation_v1,A,q_야채_01,김장 재료 사는 곳,식료품 중 '야채'를 판매·제공하는 매장,val,야채,T4 구어·문장,0b8ef6dc-2f6b-4707-bd73-529122d9c97a,하단떡집,떡집,하단오일상설시장,전통시장,부산광역시,,,
ddbcb0655a57d3bfa909,full_annotation_v1,A,q_야채_01,김장 재료 사는 곳,식료품 중 '야채'를 판매·제공하는 매장,val,야채,T4 구어·문장,2743811c-5e71-4d2b-aa75-1b0147d44f2d,사우 꽃이 피는 곳,꽃,김포 풍년마을 골목형상점가,골목형상점가,경기도,,,
0435b0c87ce986a84614,full_annotation_v1,A,q_야채_01,김장 재료 사는 곳,식료품 중 '야채'를 판매·제공하는 매장,val,야채,T4 구어·문장,f65cf9a8-b9b6-4bf0-9e0e-5e0c756573ed,싱싱야채,야채,원종고강제일시장(부천제일시장),전통시장,경기도,,,
b0b8c8d8d97d96dc1fa5,full_annotation_v1,A,q_야채_01,김장 재료 사는 곳,식료품 중 '야채'를 판매·제공하는 매장,val,야채,T4 구어·문장,02b1586a-1f46-4a67-97e4-234c38e5c51b,짐에잇,체력단련시설운영업,자양번영로골목형상점가,골목형상점가,서울특별시,,,
6b23094353935629d2ce,full_annotation_v1,A,q_야채_01,김장 재료 사는 곳,식료품 중 '야채'를 판매·제공하는 매장,val,야채,T4 구어·문장,be9f8c61-892c-48ed-a49d-b63bd032c025,소곳,의류,고투몰(강남터미널지하도상점가),일반지하상점가,서울특별시,,,
719c5201d13898e39da8,full_annotation_v1,A,q_야채_01,김장 재료 사는 곳,식료품 중 '야채'를 판매·제공하는 매장,val,야채,T4 구어·문장,60e7d550-febc-4eaf-b191-be01cad31ddb,삐삐,의류,고투몰(강남터미널지하도상점가),일반지하상점가,서울특별시,,,
2bbcbabfe2948b9615e8,full_annotation_v1,A,q_야채_01,김장 재료 사는 곳,식료품 중 '야채'를 판매·제공하는 매장,val,야채,T4 구어·문장,014fc673-2f3b-48cf-a134-d5aebb132435,동성상회,야채,동두천중앙시장,전통시장,경기도,,,
2efb625d8da10e5740d1,full_annotation_v1,A,q_야채_01,김장 재료 사는 곳,식료품 중 '야채'를 판매·제공하는 매장,val,야채,T4 구어·문장,9ec64f37-ccdb-46e2-b52b-29b2b8501659,대규네 야채,도소매업(야채),동두천중앙시장,전통시장,경기도,,,
4d68f389ca35792d9d99,full_annotation_v1,A,q_야채_01,김장 재료 사는 곳,식료품 중 '야채'를 판매·제공하는 매장,val,야채,T4 구어·문장,8d2e4a25-304c-4c06-b857-e1fe1a427a5a,애플트리 공방,"재료 판매(인형, 모자 등)",은구비서로사회적협동조합 골목형상점가,골목형상점가,대전광역시,,,
eb3f9c8e13d914dc1449,full_annotation_v1,A,q_야채_01,김장 재료 사는 곳,식료품 중 '야채'를 판매·제공하는 매장,val,야채,T4 구어·문장,c111ac9d-3f3a-405c-a8db-4d127ccda9e2,행복이 있는 곳,잡화,제주로얄쇼핑센터,자율상권구역,제주특별자치도,,,
71eaec45e325b99f2c45,full_annotation_v1,A,q_야채_01,김장 재료 사는 곳,식료품 중 '야채'를 판매·제공하는 매장,val,야채,T4 구어·문장,0848a3c5-f008-4d16-9ceb-3f90198c778e,"채율이네 야채, 청과",야채,신원권율2 골목형상점가,골목형상점가,경기도,,,
9d05414dcea25b691916,full_annotation_v1,A,q_야채_01,김장 재료 사는 곳,식료품 중 '야채'를 판매·제공하는 매장,val,야채,T4 구어·문장,00b64830-f897-4643-a5fa-6d8950c2ef89,낭만상회,식품,문산자유시장,전통시장,경기도,,,
6e457653823a6fc4e2b3,full_annotation_v1,A,q_야채_01,김장 재료 사는 곳,식료품 중 '야채'를 판매·제공하는 매장,val,야채,T4 구어·문장,00333be0-b70d-4197-aa97-5a277d61e0da,㈜신진후르츠,과일,부전농수산물새벽시장,전통시장,부산광역시,,,
27f2422af92c6fcef9fe,full_annotation_v1,A,q_야채_01,김장 재료 사는 곳,식료품 중 '야채'를 판매·제공하는 매장,val,야채,T4 구어·문장,f8fad427-c4f7-45ca-aa49-dbebc20cd7dd,현대야채,야채,원종고강제일시장(부천제일시장),전통시장,경기도,,,
9dee25d74b4d8ee891e8,full_annotation_v1,A,q_야채_01,김장 재료 사는 곳,식료품 중 '야채'를 판매·제공하는 매장,val,야채,T4 구어·문장,67023459-41ed-45c3-a5de-e5d4bb552c93,비슬상회,야채,대구청과시장,전통시장,대구광역시,,,
bf9d415d724def0692b9,full_annotation_v1,A,q_야채_01,김장 재료 사는 곳,식료품 중 '야채'를 판매·제공하는 매장,val,야채,T4 구어·문장,73903d30-0ec6-4493-8a52-7ff7e1a3ece3,버튼(Button),여자용 겉옷 소매,서면지하도상가 서면몰(대현프리몰),일반지하상점가,부산광역시,,,
6efeba51b251d396ce00,full_annotation_v1,A,q_야채_01,김장 재료 사는 곳,식료품 중 '야채'를 판매·제공하는 매장,val,야채,T4 구어·문장,bb95da55-092b-4528-b9df-ce1b8b548646,야채사랑,야채,춘천풍물시장,전통시장,강원특별자치도,,,
a1b0c7d9b48eebe40807,full_annotation_v1,A,q_야채_01,김장 재료 사는 곳,식료품 중 '야채'를 판매·제공하는 매장,val,야채,T4 구어·문장,01e96e25-dcb5-4957-bc59-05c27b1dae7a,샐러드밀,샐러드,오룡행복 골목형상점가,골목형상점가,전라남도,,,
14016349b072e5819fda,full_annotation_v1,A,q_야채_01,김장 재료 사는 곳,식료품 중 '야채'를 판매·제공하는 매장,val,야채,T4 구어·문장,651acbd2-2e15-476d-8198-dc2227854d2f,싱싱과일 야채,과일 야채,서부시장상점가(서부시장 통합),전통시장,전북특별자치도,,,
45e745fe1c56a1321fa3,full_annotation_v1,A,q_야채_01,김장 재료 사는 곳,식료품 중 '야채'를 판매·제공하는 매장,val,야채,T4 구어·문장,00f0eee4-789e-4a7b-afc5-f1e7fc279b83,전국상회,야채,청량리종합시장,전통시장,서울특별시,,,
9810865125c1534322d8,full_annotation_v1,A,q_야채_01,김장 재료 사는 곳,식료품 중 '야채'를 판매·제공하는 매장,val,야채,T4 구어·문장,373afd3a-79d0-4e8f-b56a-ef98b8130dff,크래프트랩 크눔,수공예 제품 및 재료,해남매일시장,전통시장,전라남도,,,
8c2006cb7a2dedd373d5,full_annotation_v1,A,q_야채_01,김장 재료 사는 곳,식료품 중 '야채'를 판매·제공하는 매장,val,야채,T4 구어·문장,902e91da-126f-4f0b-b98a-7061808077b4,남목직거래장터,야채,다시남목 골목형상점가,골목형상점가,울산광역시,,,
77f2465016b059643863,full_annotation_v1,A,q_야채_01,김장 재료 사는 곳,식료품 중 '야채'를 판매·제공하는 매장,val,야채,T4 구어·문장,5add9733-421e-4bf0-b833-8b02358c3b28,싱싱야채,야채,대연중앙골목시장 골목형상점가,골목형상점가,부산광역시,,,
b2c7bff002691882d413,full_annotation_v1,A,q_야채_01,김장 재료 사는 곳,식료품 중 '야채'를 판매·제공하는 매장,val,야채,T4 구어·문장,4153b473-b7ad-4814-b6f0-07ab68bed172,대박야채,야채,광명새마을시장,전통시장,경기도,,,
6a257b62405a330a8516,full_annotation_v1,A,q_야채_01,김장 재료 사는 곳,식료품 중 '야채'를 판매·제공하는 매장,val,야채,T4 구어·문장,a8d4fbe3-b0fe-403c-b360-80d38ccd3f86,유진미용재료,미용재료,상주왕산상점가,자율상권구역,경상북도,,,
6ed9b49d7c822b7648da,full_annotation_v1,A,q_야채_01,김장 재료 사는 곳,식료품 중 '야채'를 판매·제공하는 매장,val,야채,T4 구어·문장,af841040-0055-4f95-bbe1-b98bb9cf9b59,밀곳,제과,부평깡통시장(구 부산부평시장),전통시장,부산광역시,,,
89e86f8db9036f986069,full_annotation_v1,A,q_야채_01,김장 재료 사는 곳,식료품 중 '야채'를 판매·제공하는 매장,val,야채,T4 구어·문장,7a8e9fd3-d8e0-4c16-a04f-31b32d5b4cc9,미용재료,미용재료,성북천골목형상점가,골목형상점가,서울특별시,,,
981480e59d5848d1a7fe,full_annotation_v1,A,q_야채_01,김장 재료 사는 곳,식료품 중 '야채'를 판매·제공하는 매장,val,야채,T4 구어·문장,8e625ac8-f327-478c-9244-7f753603e3b4,싱싱야채,야채,구리전통시장,전통시장,경기도,,,
a75f7b22a069bb61ef7b,full_annotation_v1,A,q_야채_01,김장 재료 사는 곳,식료품 중 '야채'를 판매·제공하는 매장,val,야채,T4 구어·문장,00947369-dfd0-4074-b22e-c8b430a98a70,에스.에이.팜(S.A.farm),"표고버섯및농산물, 잡화, 통신판매",무주반딧불상권활성화구역,상권활성화구역,전북특별자치도,,,
ae8191c49019a84bd04b,full_annotation_v1,A,q_야채_01,김장 재료 사는 곳,식료품 중 '야채'를 판매·제공하는 매장,val,야채,T4 구어·문장,92098ee0-d8cb-4f26-8676-dafd46278e01,싱싱야채,야채,방신전통시장,전통시장,서울특별시,,,
2486cbf6ea4f4f0f37c2,full_annotation_v1,A,q_야채_01,김장 재료 사는 곳,식료품 중 '야채'를 판매·제공하는 매장,val,야채,T4 구어·문장,a25b522a-58a4-41e3-96db-5666e39f4486,풍년야채,야채,수정로 상권활성화구역,상권활성화구역,경기도,,,
faa37f73e4f2bd7c7d78,full_annotation_v1,A,q_야채_01,김장 재료 사는 곳,식료품 중 '야채'를 판매·제공하는 매장,val,야채,T4 구어·문장,77199ec6-6205-4911-83a3-bad17d8b19fb,황금야채,야채,장림골목시장,전통시장,부산광역시,,,
c538486a5bbbfd7e36b1,full_annotation_v1,A,q_야채_01,김장 재료 사는 곳,식료품 중 '야채'를 판매·제공하는 매장,val,야채,T4 구어·문장,009a3629-5dbc-47c2-adea-b1f9bc2c083a,동해농수산,야채,방학동도깨비시장,전통시장,서울특별시,,,
683a8cf388fb5e3d1913,full_annotation_v1,A,q_야채_01,김장 재료 사는 곳,식료품 중 '야채'를 판매·제공하는 매장,val,야채,T4 구어·문장,73de0923-ae38-4a5d-80d6-abe6d7669be5,㈜고려용접재료,용접재료,공구의거리,자율상권구역,광주광역시,,,
d0454fe7b4f80d815ecf,full_annotation_v1,A,q_야채_01,김장 재료 사는 곳,식료품 중 '야채'를 판매·제공하는 매장,val,야채,T4 구어·문장,8bb83aa6-dcc0-47be-80b9-50c422cc1024,대귀상회,야채,군산신영시장,전통시장,전북특별자치도,,,
e258cb50ef338ee06b1f,full_annotation_v1,A,q_야채_01,김장 재료 사는 곳,식료품 중 '야채'를 판매·제공하는 매장,val,야채,T4 구어·문장,509e5de1-dc22-4891-b2fa-258ebb2b9750,영덕농수산,"안주, 제사류, 반찬재료, 김장재료, 된장, 고추장, 간장 등",언양알프스시장,전통시장,울산광역시,,,
9de3a6cd626cf9922da3,full_annotation_v1,A,q_야채_01,김장 재료 사는 곳,식료품 중 '야채'를 판매·제공하는 매장,val,야채,T4 구어·문장,009f034c-8e3b-4a32-aab3-55ece8718004,장봐주는언니 임동점,농수축산물및 가공식품,제니스 골목형상점가,골목형상점가,광주광역시,,,
52c5aed6ec6e1f35e7b3,full_annotation_v1,A,q_야채_01,김장 재료 사는 곳,식료품 중 '야채'를 판매·제공하는 매장,val,야채,T4 구어·문장,d66d7024-4c53-40a9-a135-4f98f0b28674,샤인미용재료,미용재료,미소상인회 골목형상점가,골목형상점가,서울특별시,,,
31271ba376bb796c0d5f,full_annotation_v1,A,q_야채_01,김장 재료 사는 곳,식료품 중 '야채'를 판매·제공하는 매장,val,야채,T4 구어·문장,3526b88c-624e-427b-9369-30ee70b121b8,에덴야채,야채,박달시장,전통시장,경기도,,,
6f25b3e185ca5897d4a4,full_annotation_v1,A,q_야채_01,김장 재료 사는 곳,식료품 중 '야채'를 판매·제공하는 매장,val,야채,T4 구어·문장,a2db608a-080c-4af6-b0ab-ac197595f3f8,보길야채,야채,방학동도깨비시장,전통시장,서울특별시,,,
def73946b00cfaddcabc,full_annotation_v1,A,q_야채_01,김장 재료 사는 곳,식료품 중 '야채'를 판매·제공하는 매장,val,야채,T4 구어·문장,43c03e36-c146-4944-bcd4-879bc435fad2,도온쌈,쌈밥,남이동길골목형상점가,골목형상점가,서울특별시,,,
89244a3e4f0e7f9fb6a5,full_annotation_v1,A,q_야채_01,김장 재료 사는 곳,식료품 중 '야채'를 판매·제공하는 매장,val,야채,T4 구어·문장,006204f3-b214-4611-a434-f896bf75e919,장터사랑,과일,농성세대공감상인회 골목형상점가,골목형상점가,광주광역시,,,
b6fe5717443069a8fe75,full_annotation_v1,A,q_야채_01,김장 재료 사는 곳,식료품 중 '야채'를 판매·제공하는 매장,val,야채,T4 구어·문장,f19fad50-cf70-4c77-9d0c-050e1962ac04,희망야채,야채,청주육거리종합시장,전통시장,충청북도,,,
5add0560e1acc457df0d,full_annotation_v1,A,q_야채_01,김장 재료 사는 곳,식료품 중 '야채'를 판매·제공하는 매장,val,야채,T4 구어·문장,d92b7520-22e8-4f13-b2c6-1eb40f26a376,유섭야채,야채,광명전통시장,전통시장,경기도,,,
e103657351f840d3bdfd,full_annotation_v1,A,q_야채_01,김장 재료 사는 곳,식료품 중 '야채'를 판매·제공하는 매장,val,야채,T4 구어·문장,fbcc3687-4672-4de3-ae9e-1a8c75592d8c,싱싱야채,야채,남부골목시장,전통시장,서울특별시,,,
2eb79d0c7ee6b0fd7dab,full_annotation_v1,A,q_야채_01,김장 재료 사는 곳,식료품 중 '야채'를 판매·제공하는 매장,val,야채,T4 구어·문장,ba35065a-d12d-4f4e-97fe-cbcdce433014,타마캔들,방향제 재료 및 공예관련 재료,방산종합시장,전통시장,서울특별시,,,
29224df2cc1d5bffd3e6,full_annotation_v1,A,q_야채_02,야채,식료품 중 '야채'를 판매·제공하는 매장,val,야채,T1 정확표기,24fc3b76-0c71-49b5-a6fb-449d736696cf,우리농산물,농산물,공릉동도깨비시장,전통시장,서울특별시,,,
4807bcdc5d777dff3109,full_annotation_v1,A,q_야채_02,야채,식료품 중 '야채'를 판매·제공하는 매장,val,야채,T1 정확표기,01b4b567-78d4-4fa1-9bff-25fd01fb1a4c,소문난김치집,김치,중앙먹거리 상인회 골목형상점가,골목형상점가,전라남도,,,
4d8f47ff5d23b6d7316d,full_annotation_v1,A,q_야채_02,야채,식료품 중 '야채'를 판매·제공하는 매장,val,야채,T1 정확표기,03a6e716-3825-40e3-ba06-e047ee5e5483,부일반찬,김치,초량전통시장,전통시장,부산광역시,,,
c30b2bb57728a7e6af23,full_annotation_v1,A,q_야채_02,야채,식료품 중 '야채'를 판매·제공하는 매장,val,야채,T1 정확표기,68620e4a-20c8-4cb4-a5a8-661ad20e238f,땟깔,야채,괴정골목시장,전통시장,부산광역시,,,
7395a3e519e9af33b11f,full_annotation_v1,A,q_야채_02,야채,식료품 중 '야채'를 판매·제공하는 매장,val,야채,T1 정확표기,9f974145-dc5c-490d-9438-2d402ed3909d,싱싱야채,야채,강북북부골목시장 골목형상점가,골목형상점가,서울특별시,,,
8d80e147c22a88bbb33c,full_annotation_v1,A,q_야채_02,야채,식료품 중 '야채'를 판매·제공하는 매장,val,야채,T1 정확표기,00344d24-5aaa-4dc7-ba51-3c041c147576,고향뜰영농조합법인,농산물,양산 북부시장,전통시장,경상남도,,,
a286363a89e118d49c22,full_annotation_v1,A,q_야채_02,야채,식료품 중 '야채'를 판매·제공하는 매장,val,야채,T1 정확표기,7208d357-ec9e-4a73-9393-5dfcd90dac44,보아스(농산물),농산물,오목교중앙시장,전통시장,서울특별시,,,
67b556641796c6e41489,full_annotation_v1,A,q_야채_02,야채,식료품 중 '야채'를 판매·제공하는 매장,val,야채,T1 정확표기,008d1ed4-a5d7-492e-9959-f8307a68cc5f,샐러드 정원,"샐러드, 샌드위치",미성동도깨비시장,골목형상점가,서울특별시,,,
a2667f3f0029feb22e8d,full_annotation_v1,A,q_야채_02,야채,식료품 중 '야채'를 판매·제공하는 매장,val,야채,T1 정확표기,000a244a-1e28-40b7-8d55-d5b1055f12d2,진해상회,채소,마산어시장,전통시장,경상남도,,,
ba3cc921960ab5fd4572,full_annotation_v1,A,q_야채_02,야채,식료품 중 '야채'를 판매·제공하는 매장,val,야채,T1 정확표기,f0406e1f-36f1-4f7e-b4e2-8c4fe8a18e11,식후경,농산물,양평물맑은시장,전통시장,경기도,,,
5116e183d930d553329a,full_annotation_v1,A,q_야채_02,야채,식료품 중 '야채'를 판매·제공하는 매장,val,야채,T1 정확표기,008b2657-018e-4d46-b0b0-a173aee3f37a,대원상회,농산물,대구능금시장,전통시장,대구광역시,,,
7df7d11e0a5d21126901,full_annotation_v1,A,q_야채_02,야채,식료품 중 '야채'를 판매·제공하는 매장,val,야채,T1 정확표기,4a620ed7-8030-458b-83db-dc91d8da3d8d,우리농산물,농산물,창원 봉곡시장,전통시장,경상남도,,,
314ea94e0e97c47c0a4e,full_annotation_v1,A,q_야채_02,야채,식료품 중 '야채'를 판매·제공하는 매장,val,야채,T1 정확표기,014072fb-b412-4fb3-a663-31dbf80e44a6,매일상회,"야채, 과일",고산미소시장(고산시장),전통시장,전북특별자치도,,,
8a985e607155e238a2ff,full_annotation_v1,A,q_야채_02,야채,식료품 중 '야채'를 판매·제공하는 매장,val,야채,T1 정확표기,00891fcf-925f-4b76-bc26-179798787b48,정우상회,농산물,경동시장,전통시장,서울특별시,,,
e45d549f6e06754ff1cf,full_annotation_v1,A,q_야채_02,야채,식료품 중 '야채'를 판매·제공하는 매장,val,야채,T1 정확표기,8475b362-5086-4b1e-beb8-f23cb9669190,농산,농산물,안강공설시장,전통시장,경상북도,,,
838a84e531427e6b68c5,full_annotation_v1,A,q_야채_02,야채,식료품 중 '야채'를 판매·제공하는 매장,val,야채,T1 정확표기,9bea4e47-327d-4894-b67b-6a9f859dfb90,원광상회,농산물,남문시장,전통시장,서울특별시,,,
1823ed5626fd8d7986e8,full_annotation_v1,A,q_야채_02,야채,식료품 중 '야채'를 판매·제공하는 매장,val,야채,T1 정확표기,00f0eee4-789e-4a7b-afc5-f1e7fc279b83,전국상회,야채,청량리종합시장,전통시장,서울특별시,,,
fc4267acbd930d53e752,full_annotation_v1,A,q_야채_02,야채,식료품 중 '야채'를 판매·제공하는 매장,val,야채,T1 정확표기,009f034c-8e3b-4a32-aab3-55ece8718004,장봐주는언니 임동점,농수축산물및 가공식품,제니스 골목형상점가,골목형상점가,광주광역시,,,
019951720af5d085bcad,full_annotation_v1,A,q_야채_02,야채,식료품 중 '야채'를 판매·제공하는 매장,val,야채,T1 정확표기,00468e6b-39c6-4ce1-a534-a6b1eecac01d,태양농산물,과일,정릉서경대길골목형상점가(정릉골),골목형상점가,서울특별시,,,
00fa2540aa980be0efda,full_annotation_v1,A,q_야채_02,야채,식료품 중 '야채'를 판매·제공하는 매장,val,야채,T1 정확표기,c5da322f-170e-49a7-93da-c540f99432a6,정님과일,농산물,중앙신시장,전통시장,경상북도,,,
e08a02b7e36611b4417f,full_annotation_v1,A,q_야채_02,야채,식료품 중 '야채'를 판매·제공하는 매장,val,야채,T1 정확표기,43f4a52d-6989-44c6-9169-98bfefc8fbef,부자 농산물,농산물,시흥삼미시장,전통시장,경기도,,,
d71d7935d24efdff9da9,full_annotation_v1,A,q_야채_02,야채,식료품 중 '야채'를 판매·제공하는 매장,val,야채,T1 정확표기,72dd640d-c7d7-42f9-935e-929d5ae8e8a1,우리농산,농산물,양산 남부시장상가,전통시장,경상남도,,,
19ca3782770dd80e233b,full_annotation_v1,A,q_야채_02,야채,식료품 중 '야채'를 판매·제공하는 매장,val,야채,T1 정확표기,009be3cd-7c52-41e4-91fc-c377ddfa78c0,언양시장야채,야채,언양알프스시장,전통시장,울산광역시,,,
346e05ec8f367752c819,full_annotation_v1,A,q_야채_02,야채,식료품 중 '야채'를 판매·제공하는 매장,val,야채,T1 정확표기,48db5bd7-0043-4781-9174-a29b826ac87e,통큰야채,야채,법동시장,전통시장,대전광역시,,,
0ed4fb85720f60eb8afd,full_annotation_v1,A,q_야채_02,야채,식료품 중 '야채'를 판매·제공하는 매장,val,야채,T1 정확표기,c0dc2160-1557-4d3b-9c7b-d53777c1e4b5,삼춘농산물,농산물,둔촌역전통시장,전통시장,서울특별시,,,
d82dd9fb9af40b5eab7d,full_annotation_v1,A,q_야채_02,야채,식료품 중 '야채'를 판매·제공하는 매장,val,야채,T1 정확표기,c0a72740-62b9-479f-9fc9-0a3aecbbf73a,진례추어탕,한식,신금정시장 골목형 상점가,골목형상점가,부산광역시,,,
ab3e158564ffeff81fa3,full_annotation_v1,A,q_야채_02,야채,식료품 중 '야채'를 판매·제공하는 매장,val,야채,T1 정확표기,77199ec6-6205-4911-83a3-bad17d8b19fb,황금야채,야채,장림골목시장,전통시장,부산광역시,,,
3a3028dacd01e22ca3c8,full_annotation_v1,A,q_야채_02,야채,식료품 중 '야채'를 판매·제공하는 매장,val,야채,T1 정확표기,fba98b21-f412-47d3-8669-f2ae6c2aa60c,신림명물마트,농산물,신원시장,전통시장,서울특별시,,,
3d3e8c1d678a3991dbdd,full_annotation_v1,A,q_야채_02,야채,식료품 중 '야채'를 판매·제공하는 매장,val,야채,T1 정확표기,00b64830-f897-4643-a5fa-6d8950c2ef89,낭만상회,식품,문산자유시장,전통시장,경기도,,,
56cfeb815cc1891ac1a5,full_annotation_v1,A,q_야채_02,야채,식료품 중 '야채'를 판매·제공하는 매장,val,야채,T1 정확표기,fb207856-f9c3-42dd-85d0-d095be9dedc2,선경상회용운점,농산물,용운시장,전통시장,대전광역시,,,
b302fd87568f1ff38e41,full_annotation_v1,A,q_야채_02,야채,식료품 중 '야채'를 판매·제공하는 매장,val,야채,T1 정확표기,00818eab-32ca-497e-ad5c-1c301a7ea4c9,13번상회,채소,마산 동마산시장,전통시장,경상남도,,,
349112770a478ef20be7,full_annotation_v1,A,q_야채_02,야채,식료품 중 '야채'를 판매·제공하는 매장,val,야채,T1 정확표기,6684b231-e4c5-47b5-b2e2-6b0ef23ee2f9,숙이네 야채,소매(야채),남양주장현전통시장,전통시장,경기도,,,
6647965f2d9aaf86ddd7,full_annotation_v1,A,q_야채_02,야채,식료품 중 '야채'를 판매·제공하는 매장,val,야채,T1 정확표기,31fcc0ce-54c8-480a-a4b7-607597718a2d,농산물,과일,삼천동제일 골목형상점가,골목형상점가,전북특별자치도,,,
8417369288884f4978b9,full_annotation_v1,A,q_야채_02,야채,식료품 중 '야채'를 판매·제공하는 매장,val,야채,T1 정확표기,0d8ef83e-b4ad-49e5-8c89-5ab441c6fe4e,초록야채,야채,정서진중앙시장(구 서구중앙시장),전통시장,인천광역시,,,
4fd0b0dcd8433e700c19,full_annotation_v1,A,q_야채_02,야채,식료품 중 '야채'를 판매·제공하는 매장,val,야채,T1 정확표기,38d33dd0-da61-4784-bac4-f0d8ecbe6d79,야채천국,야채,길동복조리시장,전통시장,서울특별시,,,
c79d4c0c0ed0b0f804fe,full_annotation_v1,A,q_야채_02,야채,식료품 중 '야채'를 판매·제공하는 매장,val,야채,T1 정확표기,535eeb0a-308c-4113-a213-eb1415bff528,서울상회,농산물,경동시장,전통시장,서울특별시,,,
3427988bb6ae84af3be7,full_annotation_v1,A,q_야채_02,야채,식료품 중 '야채'를 판매·제공하는 매장,val,야채,T1 정확표기,b495b507-16c2-4160-99aa-cf18edf9a77c,여희주,농산물,부산새벽시장,전통시장,부산광역시,,,
d6098ebca2d6580cc4f7,full_annotation_v1,A,q_야채_02,야채,식료품 중 '야채'를 판매·제공하는 매장,val,야채,T1 정확표기,30b9ec57-4e75-4949-b85a-d0530c4ef858,우리농산물,농산물,장미제일시장,전통시장,서울특별시,,,
c2bbf74827cb94f090c9,full_annotation_v1,A,q_야채_02,야채,식료품 중 '야채'를 판매·제공하는 매장,val,야채,T1 정확표기,ebf0567f-5762-4177-966f-33ae52eb775b,싱싱야채,야채,용봉지구 골목형상점가,골목형상점가,광주광역시,,,
82f9cabbd0e98924834a,full_annotation_v1,A,q_야채_02,야채,식료품 중 '야채'를 판매·제공하는 매장,val,야채,T1 정확표기,05530d0f-82ed-47a1-8015-32b6c30e3752,진수산삼다식품,"젓갈류, 김치, 수산물",동문재래시장,전통시장,제주특별자치도,,,
52e00f236a256b226ddc,full_annotation_v1,A,q_야채_02,야채,식료품 중 '야채'를 판매·제공하는 매장,val,야채,T1 정확표기,cf33d4a4-2e62-4a48-b399-9abab0d4c732,우리농산물,농산물,고덕골목형상점가,골목형상점가,서울특별시,,,
308590ce610158b3e39d,full_annotation_v1,A,q_야채_02,야채,식료품 중 '야채'를 판매·제공하는 매장,val,야채,T1 정확표기,11fc575f-379a-4acb-b191-8fc2793543bd,영수야채,야채,남광주해뜨는시장,전통시장,광주광역시,,,
56724ffc36c66e3c029e,full_annotation_v1,A,q_야채_02,야채,식료품 중 '야채'를 판매·제공하는 매장,val,야채,T1 정확표기,fa58ec96-37a4-42b1-aa86-b963e177fc41,싱싱야채,야채,월곡시장,전통시장,광주광역시,,,
e361a5b3741529f7c0b9,full_annotation_v1,A,q_야채_02,야채,식료품 중 '야채'를 판매·제공하는 매장,val,야채,T1 정확표기,68c84de0-5e55-43b5-a297-4c8fca3ad694,옥수수랑고구마,농산물,엑스포코아 골목형상점가,골목형상점가,대전광역시,,,
99d3fef3d615baf49b28,full_annotation_v1,A,q_야채_02,야채,식료품 중 '야채'를 판매·제공하는 매장,val,야채,T1 정확표기,a22e3618-fa0d-4fe5-ba30-eddbc2082903,초록야채,야채,청주육거리종합시장,전통시장,충청북도,,,
a5ddaf3bf397c57c34a6,full_annotation_v1,A,q_야채_02,야채,식료품 중 '야채'를 판매·제공하는 매장,val,야채,T1 정확표기,00045dfc-0681-4fb3-8265-33b3df14c289,한라농산,과일,황지시장상점가,자율상권구역,강원특별자치도,,,
765091a87546ca56c789,full_annotation_v1,A,q_야채_02,야채,식료품 중 '야채'를 판매·제공하는 매장,val,야채,T1 정확표기,09e5fb7c-d0cc-4720-92df-5a5cece636c7,샐러리아 잠실본점,샐러드,방이시장,전통시장,서울특별시,,,
96fc8d5f63a0fb3eca81,full_annotation_v1,A,q_야채_02,야채,식료품 중 '야채'를 판매·제공하는 매장,val,야채,T1 정확표기,611e2640-33f1-469d-8cc6-74c489f063d9,우리농산물,농산물,우리시장,자율상권구역,서울특별시,,,
8635124b1c7b6587dd8a,full_annotation_v1,A,q_야채_02,야채,식료품 중 '야채'를 판매·제공하는 매장,val,야채,T1 정확표기,9a66c2a5-2781-4924-8614-40531083a3c3,승주상회,농산물,순천역전시장상가,자율상권구역,전라남도,,,
af39b3d37c7a544a6f86,full_annotation_v1,A,q_야채_02,야채,식료품 중 '야채'를 판매·제공하는 매장,val,야채,T1 정확표기,bcc9a49b-6a32-4a6b-a138-a4e7855b5d76,정가네농산물,야채,청주육거리종합시장,전통시장,충청북도,,,
c99ac9c7dc40036bcd48,full_annotation_v1,A,q_야채_02,야채,식료품 중 '야채'를 판매·제공하는 매장,val,야채,T1 정확표기,2f69067a-7a10-4233-893d-2bdfb0b1ab45,우리농산물,농산물,혁신도시 대림동 골목형상점가,골목형상점가,대구광역시,,,
167164d754a467654c10,full_annotation_v1,A,q_야채_02,야채,식료품 중 '야채'를 판매·제공하는 매장,val,야채,T1 정확표기,baea1da0-ae9e-4241-ab7b-89df101d7d88,으뜸채소,야채,자양전통시장,전통시장,서울특별시,,,
8e95e7b2d7f1638e98a1,full_annotation_v1,A,q_야채_02,야채,식료품 중 '야채'를 판매·제공하는 매장,val,야채,T1 정확표기,57fce58f-de42-4488-94fa-5511619da0ae,뚱보네 야채 청과물,야채,현대시장,전통시장,인천광역시,,,
4cbf703f7f58c97cf4e5,full_annotation_v1,A,q_야채_02,야채,식료품 중 '야채'를 판매·제공하는 매장,val,야채,T1 정확표기,6c7aa6d8-2c6a-4e2c-97d9-04e18c1f47ea,왕신상회,농산물,충무동 새벽시장,전통시장,부산광역시,,,
1780e62a450f3ad32316,full_annotation_v1,A,q_야채_02,야채,식료품 중 '야채'를 판매·제공하는 매장,val,야채,T1 정확표기,f5ab7691-05b9-428c-ab2e-3aab69199f2d,서탄상회,농산물,송탄시장(송북시장),전통시장,경기도,,,
10b930f35bdcf8c0aaff,full_annotation_v1,A,q_야채_02,야채,식료품 중 '야채'를 판매·제공하는 매장,val,야채,T1 정확표기,48b57ee9-4554-458f-bd4c-57f572e9d549,노퉁궈,야채,첨단2동 골목형상점가,골목형상점가,광주광역시,,,
4b05e63cb3c16d6105be,full_annotation_v1,A,q_야채_02,야채,식료품 중 '야채'를 판매·제공하는 매장,val,야채,T1 정확표기,abf7f4e2-8174-48ee-b932-ed986e900b4d,안성야채,야채,삼익2차쇼핑 골목형상점가,골목형상점가,서울특별시,,,
7bb3107044f19a7b7fd1,full_annotation_v1,A,q_야채_02,야채,식료품 중 '야채'를 판매·제공하는 매장,val,야채,T1 정확표기,8dac30b5-783c-4f90-964b-b5384fe436df,용민이네 야채,야채,해남매일시장,전통시장,전라남도,,,
c296a88c4c6027d72360,full_annotation_v1,A,q_야채_02,야채,식료품 중 '야채'를 판매·제공하는 매장,val,야채,T1 정확표기,3d927899-6038-4a5b-b1b9-575496dab03d,흰돌상회,농산물,부전상가시장,전통시장,부산광역시,,,
6928c8331d54f9d81be6,full_annotation_v1,A,q_야채_02,야채,식료품 중 '야채'를 판매·제공하는 매장,val,야채,T1 정확표기,01807650-b572-41c3-9494-95556b3347d5,청우상회,야채,안양남부시장,전통시장,경기도,,,
04f23c30d5663f4b069a,full_annotation_v1,A,q_야채_02,야채,식료품 중 '야채'를 판매·제공하는 매장,val,야채,T1 정확표기,9d619d12-65c8-4190-9e62-8b511be14b4f,유달떡집,떡,목포동부시장,전통시장,전라남도,,,
0219e33db46a6d073559,full_annotation_v1,A,q_야채_02,야채,식료품 중 '야채'를 판매·제공하는 매장,val,야채,T1 정확표기,81b5378a-4508-4461-9d58-397787accff7,주헌물산,농산물,남문골목형상점가,골목형상점가,강원특별자치도,,,
35e21045a5f5bc9482ab,full_annotation_v1,A,q_야채_02,야채,식료품 중 '야채'를 판매·제공하는 매장,val,야채,T1 정확표기,01e96e25-dcb5-4957-bc59-05c27b1dae7a,샐러드밀,샐러드,오룡행복 골목형상점가,골목형상점가,전라남도,,,
35074401f5f3ddbe5f06,full_annotation_v1,A,q_야채_02,야채,식료품 중 '야채'를 판매·제공하는 매장,val,야채,T1 정확표기,26055845-21af-4e08-9420-a6fb81ae4a6c,아르엠,미용업,지족동 골목형상점가,골목형상점가,대전광역시,,,
5504a2f288ff727e89af,full_annotation_v1,A,q_야채_02,야채,식료품 중 '야채'를 판매·제공하는 매장,val,야채,T1 정확표기,009a3629-5dbc-47c2-adea-b1f9bc2c083a,동해농수산,야채,방학동도깨비시장,전통시장,서울특별시,,,
aef187215c807bf9c4b6,full_annotation_v1,A,q_야채_02,야채,식료품 중 '야채'를 판매·제공하는 매장,val,야채,T1 정확표기,2a7d9e34-fb72-430d-803a-5068f8f9fa85,서부상회,농산물,청량리종합시장,전통시장,서울특별시,,,
c404e0ba42a3a0dfc446,full_annotation_v1,A,q_야채_02,야채,식료품 중 '야채'를 판매·제공하는 매장,val,야채,T1 정확표기,9f85e318-f624-4193-acfd-410b0501d269,남해야채,야채,남천해변시장,전통시장,부산광역시,,,
ea48682a529c7dd58f84,full_annotation_v1,A,q_야채_02,야채,식료품 중 '야채'를 판매·제공하는 매장,val,야채,T1 정확표기,008d4156-e489-4d1f-9205-b541972d35a8,과일왕,과일 잡화 야채 먹거리,연제동 골목형상점가,골목형상점가,광주광역시,,,
e55a86929a9d8f5b230f,full_annotation_v1,A,q_야채_02,야채,식료품 중 '야채'를 판매·제공하는 매장,val,야채,T1 정확표기,c609139f-f07b-4b02-b8e5-ceffb8094bd0,형제상회,야채,광장시장,전통시장,서울특별시,,,
295e8a6c1177a838af09,full_annotation_v1,A,q_야채_02,야채,식료품 중 '야채'를 판매·제공하는 매장,val,야채,T1 정확표기,038184a4-5a6c-4b87-bd06-b57b279f5b86,몬딱,농산물,서귀포매일올레시장,전통시장,제주특별자치도,,,
d730f2c242540618c19e,full_annotation_v1,A,q_야채_02,야채,식료품 중 '야채'를 판매·제공하는 매장,val,야채,T1 정확표기,9b495bd1-9560-4f4f-91a4-6e480408fcde,싱싱야채,야채,평택통복시장,전통시장,경기도,,,
6056a861bb88769de1a7,full_annotation_v1,A,q_야채_02,야채,식료품 중 '야채'를 판매·제공하는 매장,val,야채,T1 정확표기,a9b7c024-414a-476a-8ba0-eb3749d7ad55,항아리,한식,파랑새원룸상인회 골목형상점가,골목형상점가,광주광역시,,,
0300a8c93cc9941e88ba,full_annotation_v1,A,q_야채_02,야채,식료품 중 '야채'를 판매·제공하는 매장,val,야채,T1 정확표기,82bf2105-0a85-4fe7-8777-8f049077d57f,상우네 야채,야채,만수시장,전통시장,인천광역시,,,
27a563381a43284490bb,full_annotation_v1,A,q_야채_02,야채,식료품 중 '야채'를 판매·제공하는 매장,val,야채,T1 정확표기,f77d5d30-971c-49d5-9102-012c8b8c1e27,우리농산물,농산물,수유시장,전통시장,서울특별시,,,
41589f110b4c43d1a1d4,full_annotation_v1,A,q_야채_02,야채,식료품 중 '야채'를 판매·제공하는 매장,val,야채,T1 정확표기,0174d58f-3182-48ce-9bb7-0818d21a6763,야채,,만수시장,전통시장,인천광역시,,,
48d05aad9a591bbc54cb,full_annotation_v1,A,q_야채_02,야채,식료품 중 '야채'를 판매·제공하는 매장,val,야채,T1 정확표기,37220205-6fc7-43d5-8f20-8caf0319ff91,우리농산물,농산물,제천역전한마음시장(구 제천역전시장),전통시장,충청북도,,,
85c9e2ec7229160c9c3c,full_annotation_v1,A,q_야채_02,야채,식료품 중 '야채'를 판매·제공하는 매장,val,야채,T1 정확표기,d19b3de6-4ddc-444e-9f05-82025eb1d7d6,옥석야채,야채,만수시장,전통시장,인천광역시,,,
55af1b07606a70e4d0f1,full_annotation_v1,A,q_야채_02,야채,식료품 중 '야채'를 판매·제공하는 매장,val,야채,T1 정확표기,2acebc6c-6274-4fdf-88aa-1d187bc8e77b,정헌상회,농산물,가락몰골목형상점가,골목형상점가,서울특별시,,,
219c49c95d8710564819,full_annotation_v1,A,q_야채_02,야채,식료품 중 '야채'를 판매·제공하는 매장,val,야채,T1 정확표기,be0bd3da-ebf9-481d-a7d6-331645ca7aec,경북상회,농산물,경동시장,전통시장,서울특별시,,,
dbb30e6f80d5b46ef430,full_annotation_v1,A,q_야채_02,야채,식료품 중 '야채'를 판매·제공하는 매장,val,야채,T1 정확표기,cc22ce2e-ebdd-4058-8db8-fc62a59ef758,늘푸른농장,야채,월곡시장,전통시장,광주광역시,,,
922be248c3551edc6af7,full_annotation_v1,A,q_야채_02,야채,식료품 중 '야채'를 판매·제공하는 매장,val,야채,T1 정확표기,91c012e7-7d16-4894-9e18-5ebb1306dcc1,형제상회,농산물,괴산시장,전통시장,충청북도,,,
a25b9cd4674f5fd5b7fd,full_annotation_v1,A,q_야채_02,야채,식료품 중 '야채'를 판매·제공하는 매장,val,야채,T1 정확표기,bf263cc5-557d-4702-963a-09107e528b3f,우리동네,농산물,대조시장,전통시장,서울특별시,,,
74f0ac562e9dc8f2ed22,full_annotation_v1,A,q_야채_02,야채,식료품 중 '야채'를 판매·제공하는 매장,val,야채,T1 정확표기,006601da-192a-4275-90bf-aa320c79ea9f,바이럽,샐러드,현풍백년도깨비시장,전통시장,대구광역시,,,
c353c1e49538288c014d,full_annotation_v1,A,q_야채_02,야채,식료품 중 '야채'를 판매·제공하는 매장,val,야채,T1 정확표기,d3a3732e-0e64-40b1-b060-f8a755b217c9,안동고추상회,야채,번개시장,전통시장,대구광역시,,,
e83f0bfc5fe6481f15fc,full_annotation_v1,A,q_야채_02,야채,식료품 중 '야채'를 판매·제공하는 매장,val,야채,T1 정확표기,6b053edb-9c80-4cf2-aca8-b22e619ebe9a,알찬농산,야채,산본전통시장(구 군포산본시장),전통시장,경기도,,,
84a53bbb1bee15277eca,full_annotation_v1,A,q_야채_02,야채,식료품 중 '야채'를 판매·제공하는 매장,val,야채,T1 정확표기,54a6fba6-87e9-4f1e-bb69-287da8b6b49f,짱야채,야채,반구시장,전통시장,울산광역시,,,
5e0c76bc539605b016e7,full_annotation_v1,A,q_야채_02,야채,식료품 중 '야채'를 판매·제공하는 매장,val,야채,T1 정확표기,00e92856-b294-4032-8540-d60e9817f2d8,럭키약국,"의약품, 건강기능식품, 식품",충무로골목형상점가,골목형상점가,서울특별시,,,
7c93b3e77c45bf47833d,full_annotation_v1,A,q_야채_02,야채,식료품 중 '야채'를 판매·제공하는 매장,val,야채,T1 정확표기,a25b522a-58a4-41e3-96db-5666e39f4486,풍년야채,야채,수정로 상권활성화구역,상권활성화구역,경기도,,,
3b33ff92568a854efc34,full_annotation_v1,A,q_야채_02,야채,식료품 중 '야채'를 판매·제공하는 매장,val,야채,T1 정확표기,be798674-992b-461a-997f-4b62483bc8bf,대박 야채 청과,야채,신월3동시장골목형상점가,골목형상점가,서울특별시,,,
04bb08fd2fe61143dd7f,full_annotation_v1,A,q_야채_02,야채,식료품 중 '야채'를 판매·제공하는 매장,val,야채,T1 정확표기,04c905ba-3172-4ea4-a6dd-4345d674dea0,덕순이네,제조업(떡집),장터길 골목형상점가,골목형상점가,경기도,,,
09d0e6cda312194b162d,full_annotation_v1,A,q_야채_02,야채,식료품 중 '야채'를 판매·제공하는 매장,val,야채,T1 정확표기,b221da11-5085-4746-9bac-ed6230b77c18,의성 농산물,농산물,불로전통시장,전통시장,대구광역시,,,
100a6b101a5d79834cf1,full_annotation_v1,A,q_야채_02,야채,식료품 중 '야채'를 판매·제공하는 매장,val,야채,T1 정확표기,aa23e6b0-775b-48a5-8f9d-40577cc31e18,싱싱무역,농산물,영주문화시장,전통시장,경상북도,,,
c8f8a5a972cca810fbbb,full_annotation_v1,A,q_야채_02,야채,식료품 중 '야채'를 판매·제공하는 매장,val,야채,T1 정확표기,7fdbfbd2-930f-4329-a225-ca7b797e3274,야채,야채,원종고강제일시장(부천제일시장),전통시장,경기도,,,
4e63c16bf385736b2c63,full_annotation_v1,A,q_야채_02,야채,식료품 중 '야채'를 판매·제공하는 매장,val,야채,T1 정확표기,9ce9de22-fcd0-4772-a386-a5cdfe69b70c,거창농산,농산물,대구능금시장,전통시장,대구광역시,,,
27a3615e09b6ee661892,full_annotation_v1,A,q_야채_02,야채,식료품 중 '야채'를 판매·제공하는 매장,val,야채,T1 정확표기,49aaa95e-4ee5-49b5-9c50-a2a27a526dae,두촌물산,농산물,홍천중앙시장(홍천신시장),전통시장,강원특별자치도,,,
274128740b2bf3946f89,full_annotation_v1,A,q_야채_02,야채,식료품 중 '야채'를 판매·제공하는 매장,val,야채,T1 정확표기,43c03e36-c146-4944-bcd4-879bc435fad2,도온쌈,쌈밥,남이동길골목형상점가,골목형상점가,서울특별시,,,
bb0ff269c64a8236f6e0,full_annotation_v1,A,q_야채_02,야채,식료품 중 '야채'를 판매·제공하는 매장,val,야채,T1 정확표기,30c729cc-f578-48a6-9b55-08219c4f38db,"석현과일,야채","과일, 야채",원주미로예술중앙시장(원주중앙시장),전통시장,강원특별자치도,,,
21a3988cfaea7660ac27,full_annotation_v1,A,q_야채_02,야채,식료품 중 '야채'를 판매·제공하는 매장,val,야채,T1 정확표기,0042e83d-930b-4d1d-a96f-f1a2691256cd,성화상회,과일,대구능금시장,전통시장,대구광역시,,,
0de1cd1181ddcfcb7bd4,full_annotation_v1,A,q_야채_02,야채,식료품 중 '야채'를 판매·제공하는 매장,val,야채,T1 정확표기,0b599ab0-d157-49cb-a199-b6d07e73c3c8,현대야채,야채,부평종합시장,전통시장,인천광역시,,,
109687bf04ed4a5334be,full_annotation_v1,A,q_야채_02,야채,식료품 중 '야채'를 판매·제공하는 매장,val,야채,T1 정확표기,651acbd2-2e15-476d-8198-dc2227854d2f,싱싱과일 야채,과일 야채,서부시장상점가(서부시장 통합),전통시장,전북특별자치도,,,
117909dd19bc15e31a2b,full_annotation_v1,A,q_야채_02,야채,식료품 중 '야채'를 판매·제공하는 매장,val,야채,T1 정확표기,9ec64f37-ccdb-46e2-b52b-29b2b8501659,대규네 야채,도소매업(야채),동두천중앙시장,전통시장,경기도,,,
e0f5a118ae1a26750977,full_annotation_v1,A,q_야채_02,야채,식료품 중 '야채'를 판매·제공하는 매장,val,야채,T1 정확표기,6c750ada-8adc-4d69-a977-3718e005a58a,대득농원,농산물,북평민속시장(북평민속5일장),전통시장,강원특별자치도,,,
f97bf6bace6277907aeb,full_annotation_v1,A,q_야채_02,야채,식료품 중 '야채'를 판매·제공하는 매장,val,야채,T1 정확표기,1cc31f70-4db9-4cac-bde3-d77a405f7d88,현욱상회,야채,부산새벽시장,전통시장,부산광역시,,,
36057a7ef3ba43e5b60d,full_annotation_v1,A,q_야채_02,야채,식료품 중 '야채'를 판매·제공하는 매장,val,야채,T1 정확표기,b0f4f767-85f8-4835-ab03-0938fb339f2e,경워낭회,농산물,황지시장상점가,자율상권구역,강원특별자치도,,,
235dfe02efc45d172cff,full_annotation_v1,A,q_야채_02,야채,식료품 중 '야채'를 판매·제공하는 매장,val,야채,T1 정확표기,71904105-8c96-4f3a-8a3c-cb65e0dea9b5,청일유통,야채,경동광성상가,전통시장,서울특별시,,,
bcae0b257effb6a3cc74,full_annotation_v1,A,q_야채_02,야채,식료품 중 '야채'를 판매·제공하는 매장,val,야채,T1 정확표기,0848a3c5-f008-4d16-9ceb-3f90198c778e,"채율이네 야채, 청과",야채,신원권율2 골목형상점가,골목형상점가,경기도,,,
513be22f2578cefa2448,full_annotation_v1,A,q_야채_02,야채,식료품 중 '야채'를 판매·제공하는 매장,val,야채,T1 정확표기,0700b2fe-2a31-412d-98a5-a551eb7fbcda,싱싱야채,야채,계산시장,전통시장,인천광역시,,,
cbd78ae408eb09a64aaa,full_annotation_v1,A,q_야채_02,야채,식료품 중 '야채'를 판매·제공하는 매장,val,야채,T1 정확표기,dd43d03c-47d7-4d36-a3db-4bfde960ed54,농산물,농산물,송정5일시장,전통시장,광주광역시,,,
c271abfeb6c64baa49c6,full_annotation_v1,A,q_야채_02,야채,식료품 중 '야채'를 판매·제공하는 매장,val,야채,T1 정확표기,cca58370-ec22-4be6-8ceb-a1c4d990af36,하늘 야채,야채,작전시장,전통시장,인천광역시,,,
72f253c84f7af009a144,full_annotation_v1,A,q_야채_02,야채,식료품 중 '야채'를 판매·제공하는 매장,val,야채,T1 정확표기,e94f5f02-ffaf-47ef-8545-3475b1036d35,싱싱야채,야채,계양산전통시장,전통시장,인천광역시,,,
85ffaae214f358da94a8,full_annotation_v1,A,q_야채_02,야채,식료품 중 '야채'를 판매·제공하는 매장,val,야채,T1 정확표기,0b8ef6dc-2f6b-4707-bd73-529122d9c97a,하단떡집,떡집,하단오일상설시장,전통시장,부산광역시,,,
592549de7204c45e5b5d,full_annotation_v1,A,q_야채_02,야채,식료품 중 '야채'를 판매·제공하는 매장,val,야채,T1 정확표기,5ab92d1a-7d3f-4d6a-a019-4f1a2ee7b1bd,믿음야채,야채,원미종합시장,전통시장,경기도,,,
ccb965a32e41d4a063c0,full_annotation_v1,A,q_야채_02,야채,식료품 중 '야채'를 판매·제공하는 매장,val,야채,T1 정확표기,b7efc0d1-36dc-4e77-9c3c-2f96a198a2f7,보성야채,농산물,남광주시장,전통시장,광주광역시,,,
768a054743554bf6d408,full_annotation_v1,A,q_야채_02,야채,식료품 중 '야채'를 판매·제공하는 매장,val,야채,T1 정확표기,001cb3d4-5441-4963-b517-d5b3904ee312,현창떡집,떡집,목포동부시장,전통시장,전라남도,,,
f43372625d1fd8c22ca4,full_annotation_v1,A,q_야채_02,야채,식료품 중 '야채'를 판매·제공하는 매장,val,야채,T1 정확표기,fd2839e1-7b09-451d-909d-9ac56082dc71,차령농산,농산물,청주육거리종합시장,전통시장,충청북도,,,
ab3faeef614e23a2d0d1,full_annotation_v1,A,q_야채_02,야채,식료품 중 '야채'를 판매·제공하는 매장,val,야채,T1 정확표기,b5362d09-c172-4cef-843a-d09328e2cb53,경북상회,농산물,정선사북시장,전통시장,강원특별자치도,,,
70c432c2d6247e7307a3,full_annotation_v1,A,q_야채_02,야채,식료품 중 '야채'를 판매·제공하는 매장,val,야채,T1 정확표기,46d31234-3000-4428-8a73-8cb01a3901bf,허당총각농산,농산물,화곡중앙시장,전통시장,서울특별시,,,
458bef779e19e36f7c60,full_annotation_v1,A,q_야채_02,야채,식료품 중 '야채'를 판매·제공하는 매장,val,야채,T1 정확표기,a2db608a-080c-4af6-b0ab-ac197595f3f8,보길야채,야채,방학동도깨비시장,전통시장,서울특별시,,,
0b3f507c22fd466cc0a9,full_annotation_v1,A,q_야채_02,야채,식료품 중 '야채'를 판매·제공하는 매장,val,야채,T1 정확표기,ba94d8c2-63ab-4fe2-bc59-4c4b3e540111,형제상회,농산물,부평깡시장,전통시장,인천광역시,,,
6a7196caff7ab62cb028,full_annotation_v1,A,q_야채_02,야채,식료품 중 '야채'를 판매·제공하는 매장,val,야채,T1 정확표기,016f8113-22a7-4ef1-a80f-0562dd2a06e9,동이식품,"식품, 농산물",중앙신시장,전통시장,경상북도,,,
857f003477793e7f9c9b,full_annotation_v1,A,q_야채_02,야채,식료품 중 '야채'를 판매·제공하는 매장,val,야채,T1 정확표기,a1060dd9-cf09-4aab-b7c0-32da97cb9a52,종합야채,야채,대림골목시장,전통시장,서울특별시,,,
45533a48d9752108159a,full_annotation_v1,A,q_야채_02,야채,식료품 중 '야채'를 판매·제공하는 매장,val,야채,T1 정확표기,2a4d7c8d-88ff-4d3e-b04b-dba29a207148,감자바우,농산물,속초종합중앙시장,전통시장,강원특별자치도,,,
0b455e7e41668f9b5578,full_annotation_v1,A,q_야채_02,야채,식료품 중 '야채'를 판매·제공하는 매장,val,야채,T1 정확표기,b8e09f92-8de2-48f9-a238-02216e425b3c,시골찜닭통닭전문점 농산물,,원대신시장,전통시장,대구광역시,,,
3ce78139a7583cd59480,full_annotation_v1,A,q_야채_02,야채,식료품 중 '야채'를 판매·제공하는 매장,val,야채,T1 정확표기,007fd232-3c16-44ff-be59-cf265f3775e9,동문상회,채소버섯,팔달신시장,전통시장,대구광역시,,,
acfeb3136093bd82f45f,full_annotation_v1,A,q_야채_02,야채,식료품 중 '야채'를 판매·제공하는 매장,val,야채,T1 정확표기,00c56499-bc90-4ed6-bb66-3802cc762889,의령상회,채소,부전상가시장,전통시장,부산광역시,,,
9f78c6f97757750fe49d,full_annotation_v1,A,q_야채_02,야채,식료품 중 '야채'를 판매·제공하는 매장,val,야채,T1 정확표기,06f191fb-14b4-4d51-8efb-39d44343f1a7,유한회사 바르메이드,샐러드,상무시청상인회 골목형상점가,골목형상점가,광주광역시,,,
d51cc54e398ea646c383,full_annotation_v1,A,q_야채_02,야채,식료품 중 '야채'를 판매·제공하는 매장,val,야채,T1 정확표기,a42196c8-844a-4eef-b81e-fa1d9bd70647,하봉식품,농산물,가경터미널시장,전통시장,충청북도,,,
2a21bdf34f5d49f90175,full_annotation_v1,A,q_야채_02,야채,식료품 중 '야채'를 판매·제공하는 매장,val,야채,T1 정확표기,3a9a5b6c-7637-4271-90f5-993ce8312d59,알뜰야채,야채,창원 반송시장,전통시장,경상남도,,,
5f84ce6dd8c3dca07826,full_annotation_v1,A,q_야채_02,야채,식료품 중 '야채'를 판매·제공하는 매장,val,야채,T1 정확표기,187cc981-d9fc-4f59-835f-d238c6ef2964,동강청과,농산물,영월서부공설시장,전통시장,강원특별자치도,,,
147baa2220fc7a791e41,full_annotation_v1,A,q_야채_02,야채,식료품 중 '야채'를 판매·제공하는 매장,val,야채,T1 정확표기,7f0a14c5-a8b7-4933-b041-68a06cfd1aa0,고령농산물,농산물,서남신시장,전통시장,대구광역시,,,
5589d5c0e96eed9aea83,full_annotation_v1,A,q_야채_02,야채,식료품 중 '야채'를 판매·제공하는 매장,val,야채,T1 정확표기,163fad72-4b20-402c-beee-d6813b64210a,광현야채,야채,서동시장(창인시장),전통시장,전북특별자치도,,,
1d9ca5689f4850f73c2c,full_annotation_v1,A,q_야채_02,야채,식료품 중 '야채'를 판매·제공하는 매장,val,야채,T1 정확표기,cf5d0c45-d9f1-4aa2-80a7-7e2f603b9b62,산본 야채,야채,산본전통시장(구 군포산본시장),전통시장,경기도,,,
07507b10ebb0a94e774d,full_annotation_v1,A,q_야채_02,야채,식료품 중 '야채'를 판매·제공하는 매장,val,야채,T1 정확표기,57ca2957-ce06-4a54-b60d-72cf59cf419c,형제상회,야채,인왕시장,전통시장,서울특별시,,,
6b1925d96393cba0f869,full_annotation_v1,A,q_야채_02,야채,식료품 중 '야채'를 판매·제공하는 매장,val,야채,T1 정확표기,9e4281e3-0773-485e-8905-0bf4cbe58e41,사능유통,농산물,공릉동도깨비시장,전통시장,서울특별시,,,
fd9d9a71887c7b5c4919,full_annotation_v1,A,q_야채_02,야채,식료품 중 '야채'를 판매·제공하는 매장,val,야채,T1 정확표기,c96d7b36-c30e-46ce-81b2-f67f6e79f1c4,가좌농산물,농산물,가좌시장,전통시장,인천광역시,,,
89f2ea5ac8da87035580,full_annotation_v1,A,q_야채_02,야채,식료품 중 '야채'를 판매·제공하는 매장,val,야채,T1 정확표기,a9aa7a13-c281-4b12-b3e7-f70506128348,용인야채,야채,수원못골종합시장,전통시장,경기도,,,
3d906ed482ad92adc396,full_annotation_v1,A,q_야채_02,야채,식료품 중 '야채'를 판매·제공하는 매장,val,야채,T1 정확표기,75bba542-7767-4567-bfd3-b4e6de277604,하례농산,농산물,서귀포향토오일시장,전통시장,제주특별자치도,,,
60a4abb2b57659741315,full_annotation_v1,A,q_야채_02,야채,식료품 중 '야채'를 판매·제공하는 매장,val,야채,T1 정확표기,db4710a3-d657-40d0-af10-95d307d3edf8,오늘온채소,야채,한솔센터 골목형상점가,골목형상점가,세종특별자치시,,,
e2c65be5c1f498d69247,full_annotation_v1,A,q_야채_02,야채,식료품 중 '야채'를 판매·제공하는 매장,val,야채,T1 정확표기,bfeb647e-774b-4a53-9723-624888bc684b,서해안회프라자(월드수산),수산물,목포활어회플라자 상인회 골목형상점가,골목형상점가,전라남도,,,
a3998b52725f1af90b52,full_annotation_v1,A,q_야채_02,야채,식료품 중 '야채'를 판매·제공하는 매장,val,야채,T1 정확표기,bb95da55-092b-4528-b9df-ce1b8b548646,야채사랑,야채,춘천풍물시장,전통시장,강원특별자치도,,,
3bfcefd2a9e90364e6d7,full_annotation_v1,A,q_야채_02,야채,식료품 중 '야채'를 판매·제공하는 매장,val,야채,T1 정확표기,6f224767-c91c-4c3c-bded-50f005c5aba1,박갑철,농산물,칠성시장,전통시장,대구광역시,,,
beb9c38190734e51d6ff,full_annotation_v1,A,q_야채_02,야채,식료품 중 '야채'를 판매·제공하는 매장,val,야채,T1 정확표기,e3fe42ae-8f40-4abf-a4b1-8c76826b6374,우리농산물,농산물,신월4동먹자골목골목형상점가,골목형상점가,서울특별시,,,
fcf224a8f6cbcd7e2af6,full_annotation_v1,A,q_야채_02,야채,식료품 중 '야채'를 판매·제공하는 매장,val,야채,T1 정확표기,15578c36-25cb-47c6-b623-02d015391845,서가네쌈밥,쌈밥,면곡시장 골목형상점가,골목형상점가,서울특별시,,,
24a8ac3a7070bb6597ae,full_annotation_v1,A,q_야채_02,야채,식료품 중 '야채'를 판매·제공하는 매장,val,야채,T1 정확표기,bfba952a-eab6-4a79-bc65-48b33e7fdfb5,싱싱청과,야채,안양관양시장,전통시장,경기도,,,
aa79914b684b98ba888d,full_annotation_v1,A,q_야채_02,야채,식료품 중 '야채'를 판매·제공하는 매장,val,야채,T1 정확표기,11aa89a5-0402-4288-96d4-5769acfa1fe8,영총상회,농산물,남광주해뜨는시장,전통시장,,,,
681afb734fe16ecffe2d,full_annotation_v1,A,q_야채_02,야채,식료품 중 '야채'를 판매·제공하는 매장,val,야채,T1 정확표기,a768282d-ef2f-4a29-b01c-0dee3d0f067e,광덕상회,농산물,청량리청과물시장,전통시장,서울특별시,,,
858d798286b811030e66,full_annotation_v1,A,q_야채_02,야채,식료품 중 '야채'를 판매·제공하는 매장,val,야채,T1 정확표기,006204f3-b214-4611-a434-f896bf75e919,장터사랑,과일,농성세대공감상인회 골목형상점가,골목형상점가,광주광역시,,,
e5d7aa799a200ed5327c,full_annotation_v1,A,q_야채_02,야채,식료품 중 '야채'를 판매·제공하는 매장,val,야채,T1 정확표기,000527f2-442a-4dd1-9bfc-8a8cd9fd5410,(유)뉴현대상회,농산물,가락몰골목형상점가,골목형상점가,서울특별시,,,
5396fac7eff2b18f68a2,full_annotation_v1,A,q_야채_02,야채,식료품 중 '야채'를 판매·제공하는 매장,val,야채,T1 정확표기,030b5afd-b449-47b0-8439-ffab3c3ead5a,우리동네국민상회 대치점,과일 야채 식료품,은마종합상점가,자율상권구역,서울특별시,,,
2e1a54008776d97ed304,full_annotation_v1,A,q_야채_02,야채,식료품 중 '야채'를 판매·제공하는 매장,val,야채,T1 정확표기,7da5ed22-70b5-46eb-a4b9-277c12a08213,농산물,농산물,화곡본동시장,전통시장,서울특별시,,,
f9bc6028543ce32bc327,full_annotation_v1,A,q_야채_02,야채,식료품 중 '야채'를 판매·제공하는 매장,val,야채,T1 정확표기,f3539f44-25e6-4272-9151-40710d2a1e81,황가네 야채,야채,서부시장(서부재래시장),전통시장,충청남도,,,
1bd6fcea06f8fdd1fab1,full_annotation_v1,A,q_야채_02,야채,식료품 중 '야채'를 판매·제공하는 매장,val,야채,T1 정확표기,ecee9576-d97e-4881-afe0-a613d9e4978e,별꼴모바일,"중고폰, 중고기기, 통신장비수리업",안양일번가 지하쇼핑몰,일반지하상점가,경기도,,,
d6cf6055bd4faa9b4aa5,full_annotation_v1,A,q_야채_02,야채,식료품 중 '야채'를 판매·제공하는 매장,val,야채,T1 정확표기,5bd2f1f1-3860-4d4f-b636-9b6829a0a1fb,형제상회,야채,산본전통시장(구 군포산본시장),전통시장,경기도,,,
77c948a28e01c7fdb812,full_annotation_v1,A,q_야채_02,야채,식료품 중 '야채'를 판매·제공하는 매장,val,야채,T1 정확표기,c6fb138b-4b0a-4ca6-b7f1-5ddfd1906b2b,초록야채,야채,말바우우산 골목형상점가,골목형상점가,광주광역시,,,
345a68d70823581a32e2,full_annotation_v1,A,q_야채_02,야채,식료품 중 '야채'를 판매·제공하는 매장,val,야채,T1 정확표기,e297c733-a8a0-4833-bbca-0943aa6d0018,형제상회,야채,경동광성상가,전통시장,서울특별시,,,
289b9d1928bed12d2ad2,full_annotation_v1,A,q_야채_02,야채,식료품 중 '야채'를 판매·제공하는 매장,val,야채,T1 정확표기,8f9174b3-f9c8-4104-a4a3-a2a03df8fd0e,노점,농산물,정남진장흥토요시장,전통시장,전라남도,,,
6e148617fde9ade40bb0,full_annotation_v1,A,q_야채_02,야채,식료품 중 '야채'를 판매·제공하는 매장,val,야채,T1 정확표기,005313c8-dce8-49b6-9841-9143ebb1305a,동원떡집,,박달시장,전통시장,경기도,,,
358b1aaead152dabc4db,full_annotation_v1,A,q_야채_02,야채,식료품 중 '야채'를 판매·제공하는 매장,val,야채,T1 정확표기,01e1344e-fc61-4745-9a25-e3524df6fd59,우리농산물,농산물,용산용문시장,전통시장,서울특별시,,,
3d31704d50935f44185c,full_annotation_v1,A,q_야채_02,야채,식료품 중 '야채'를 판매·제공하는 매장,val,야채,T1 정확표기,23d892f6-9c79-479f-903d-4118c0a58dce,싱싱야채,야채,남구로시장,전통시장,서울특별시,,,
3a28b9e0f8db15fc8dca,full_annotation_v1,A,q_야채_02,야채,식료품 중 '야채'를 판매·제공하는 매장,val,야채,T1 정확표기,8bbed3ec-9e9c-4641-8c15-1c695e96cffc,형제상회,농산물,진주 논개시장,전통시장,경상남도,,,
14bba09097cb1885b319,full_annotation_v1,A,q_야채_02,야채,식료품 중 '야채'를 판매·제공하는 매장,val,야채,T1 정확표기,87695168-02dd-49dd-af93-733c1c36149d,우리농산물,농산물,하동 화개장터,전통시장,경상남도,,,
6b66b84fa68871c01a26,full_annotation_v1,A,q_야채_02,야채,식료품 중 '야채'를 판매·제공하는 매장,val,야채,T1 정확표기,1b48ec53-366b-47e9-8297-a44dbd1e1fa8,대진유통,농산물,부산새벽시장,전통시장,부산광역시,,,
d33fac28327b13f1639c,full_annotation_v1,A,q_야채_02,야채,식료품 중 '야채'를 판매·제공하는 매장,val,야채,T1 정확표기,0b9b569c-9071-42a6-932e-79e81e64a01d,형제상회,야채,의정부청과야채시장,전통시장,경기도,,,
d981bba44bdd77715287,full_annotation_v1,A,q_야채_02,야채,식료품 중 '야채'를 판매·제공하는 매장,val,야채,T1 정확표기,65363b34-8d67-4686-ab8b-a68a54c160f4,어생청,농산물,화원시장,전통시장,대구광역시,,,
f46ec39e21bc673f0401,full_annotation_v1,A,q_야채_02,야채,식료품 중 '야채'를 판매·제공하는 매장,val,야채,T1 정확표기,4fbb5e24-7864-4ef8-98e4-dcff9e75b532,효성농산,농산물,대구능금시장,전통시장,대구광역시,,,
84e6292115f15cedcae7,full_annotation_v1,A,q_야채_02,야채,식료품 중 '야채'를 판매·제공하는 매장,val,야채,T1 정확표기,b3549e96-fa77-43d3-98ab-641c629b817e,우리농산물,농산물,황지자유시장,전통시장,강원특별자치도,,,
7720bdc068152a3dcdd5,full_annotation_v1,A,q_야채_02,야채,식료품 중 '야채'를 판매·제공하는 매장,val,야채,T1 정확표기,09598477-a88c-4e70-ac44-42217f40f595,진천쌀상회,농산물,복대가경시장,전통시장,충청북도,,,
486d8fc3868c6a14a33d,full_annotation_v1,A,q_야채_02,야채,식료품 중 '야채'를 판매·제공하는 매장,val,야채,T1 정확표기,00b6e321-5954-437c-b1d9-94fded29f67e,웰빙마트,식품,서남신시장,전통시장,대구광역시,,,
e833818ee58ecc7df0f1,full_annotation_v1,A,q_야채_02,야채,식료품 중 '야채'를 판매·제공하는 매장,val,야채,T1 정확표기,1f29a0f2-8969-4aa9-842e-27436f0b7574,무주약초,농산물,남원용남시장,전통시장,전북특별자치도,,,
a7adba68d4f16c63dbae,full_annotation_v1,A,q_야채_02,야채,식료품 중 '야채'를 판매·제공하는 매장,val,야채,T1 정확표기,65eab5b4-8642-4954-9051-a7a6bb9d5259,형제상회,야채,원종고강제일시장(부천제일시장),전통시장,경기도,,,
154bd60c2349c35b06f4,full_annotation_v1,A,q_야채_02,야채,식료품 중 '야채'를 판매·제공하는 매장,val,야채,T1 정확표기,bef785a8-3d03-45a9-bfb4-3d36b4a89a6b,경북상회,농산물,부전농수산물새벽시장,전통시장,부산광역시,,,
f7318067c18d2614f738,full_annotation_v1,A,q_야채_02,야채,식료품 중 '야채'를 판매·제공하는 매장,val,야채,T1 정확표기,f47e2295-7308-4fdd-b9ad-f03e1387b754,경북상회,농산물,조원시장,전통시장,경기도,,,
7499c0d5ea5483d10bc7,full_annotation_v1,A,q_야채_02,야채,식료품 중 '야채'를 판매·제공하는 매장,val,야채,T1 정확표기,aba957b5-34cc-4232-8ceb-493c5a3f99ff,우리농산물,농산물,장안마실골목형상점가,골목형상점가,서울특별시,,,
df2f5f929e3d5dd21b58,full_annotation_v1,A,q_야채_02,야채,식료품 중 '야채'를 판매·제공하는 매장,val,야채,T1 정확표기,1249a3b2-a151-43f5-829c-260e383889ae,농협중매인3번,농산물,사천 삼천포중앙시장,전통시장,경상남도,,,
d9430dd9c9aadc099f66,full_annotation_v1,A,q_야채_02,야채,식료품 중 '야채'를 판매·제공하는 매장,val,야채,T1 정확표기,d92b7520-22e8-4f13-b2c6-1eb40f26a376,유섭야채,야채,광명전통시장,전통시장,경기도,,,
c1494742adbd09fc6dfd,full_annotation_v1,A,q_야채_02,야채,식료품 중 '야채'를 판매·제공하는 매장,val,야채,T1 정확표기,ad1d797b-7f47-4111-ac6d-c9ef6d00d0be,경북상회,농산물,엄궁농산물도매시장식품·청과 소매동 골목형상점가,골목형상점가,부산광역시,,,
b8228461e33dc4ebe214,full_annotation_v1,A,q_야채_02,야채,식료품 중 '야채'를 판매·제공하는 매장,val,야채,T1 정확표기,119443db-435e-4a55-871a-ad6adcb5d03c,현대야채,야채,비단길현대시장,전통시장,서울특별시,,,
78243e64834635d81d1e,full_annotation_v1,A,q_야채_02,야채,식료품 중 '야채'를 판매·제공하는 매장,val,야채,T1 정확표기,5d0f6b99-88aa-4f54-aef6-4cca81d1c163,싱싱야채,야채,포항죽도시장,전통시장,경상북도,,,
71f2652f66f836a5fdb6,full_annotation_v1,A,q_야채_02,야채,식료품 중 '야채'를 판매·제공하는 매장,val,야채,T1 정확표기,566dd58f-9081-4d60-b591-35b8d7a1384f,머슴상회,야채,천안중앙시장,전통시장,충청남도,,,
a07e2bafe4ca6eaeb877,full_annotation_v1,A,q_야채_02,야채,식료품 중 '야채'를 판매·제공하는 매장,val,야채,T1 정확표기,fbcc3687-4672-4de3-ae9e-1a8c75592d8c,싱싱야채,야채,남부골목시장,전통시장,서울특별시,,,
a10249dcb9599f8990db,full_annotation_v1,A,q_야채_02,야채,식료품 중 '야채'를 판매·제공하는 매장,val,야채,T1 정확표기,0097b3e2-b5cf-4050-b719-c9d7738067c0,시흥상회,"소매(야채,과일)",광명전통시장,전통시장,경기도,,,
427d983c4a66ea41eee8,full_annotation_v1,A,q_야채_02,야채,식료품 중 '야채'를 판매·제공하는 매장,val,야채,T1 정확표기,f1980a14-2073-45a4-a391-c133cf9c2c98,큰유통,농산물,새마을시장,전통시장,서울특별시,,,
ddc5e0f9f59c36ed3849,full_annotation_v1,A,q_야채_02,야채,식료품 중 '야채'를 판매·제공하는 매장,val,야채,T1 정확표기,bfdbcb2e-575b-413a-a40e-766cb8567177,에덴농산물,농산물,만수시장,전통시장,인천광역시,,,
6cabdff7f9503fa8693b,full_annotation_v1,A,q_야채_02,야채,식료품 중 '야채'를 판매·제공하는 매장,val,야채,T1 정확표기,8bc70678-b192-4f2e-bb9d-279206edbeea,왈순네,야채,서천특화시장,전통시장,충청남도,,,
ed7e91cf1c7558eede8d,full_annotation_v1,A,q_야채_02,야채,식료품 중 '야채'를 판매·제공하는 매장,val,야채,T1 정확표기,89cfb078-9516-4844-b956-cf99ce0d677b,형제상회,농산물,진주 새서부시장,전통시장,경상남도,,,
6742dbc595fee2faab29,full_annotation_v1,A,q_야채_02,야채,식료품 중 '야채'를 판매·제공하는 매장,val,야채,T1 정확표기,6a3b6567-bea5-429e-9956-800d998ac07f,등촌샤브칼국수 수유점,한식,수유역골목형상점가,골목형상점가,서울특별시,,,
f645045f523b30a9468b,full_annotation_v1,A,q_야채_02,야채,식료품 중 '야채'를 판매·제공하는 매장,val,야채,T1 정확표기,aa82c75f-fa0c-45e1-8377-c8bb0855ef39,대한마트,농산물,고분다리시장,전통시장,서울특별시,,,
ea79355fddbe29b46437,full_annotation_v1,A,q_야채_02,야채,식료품 중 '야채'를 판매·제공하는 매장,val,야채,T1 정확표기,4153b473-b7ad-4814-b6f0-07ab68bed172,대박야채,야채,광명새마을시장,전통시장,경기도,,,
79f6931f5b43e4a8228b,full_annotation_v1,A,q_야채_02,야채,식료품 중 '야채'를 판매·제공하는 매장,val,야채,T1 정확표기,547be72a-2b08-4865-acc9-efec48cc1450,야채꾼,야채,신 강남시장,전통시장,인천광역시,,,
80c6505c2fb0509f4df3,full_annotation_v1,A,q_야채_02,야채,식료품 중 '야채'를 판매·제공하는 매장,val,야채,T1 정확표기,1b8830b3-bad4-4eae-85c7-a74dff68e490,산지직송 농산물,,갈곶상점가,골목형상점가,경기도,,,
45df5c4278634841048f,full_annotation_v1,A,q_야채_02,야채,식료품 중 '야채'를 판매·제공하는 매장,val,야채,T1 정확표기,f19fad50-cf70-4c77-9d0c-050e1962ac04,희망야채,야채,청주육거리종합시장,전통시장,충청북도,,,
7bc07d0037ff083651cb,full_annotation_v1,A,q_야채_02,야채,식료품 중 '야채'를 판매·제공하는 매장,val,야채,T1 정확표기,4490bc4c-b3c7-4617-a5c3-ab4fce36d190,안동상회,농산물,경동광성상가,전통시장,서울특별시,,,
073ccb4b0de9db556234,full_annotation_v1,A,q_야채_02,야채,식료품 중 '야채'를 판매·제공하는 매장,val,야채,T1 정확표기,8ab01b6f-9b74-48ba-a382-98a28a28c09c,신가부식,야채,신가동 골목형상점가,골목형상점가,광주광역시,,,
24d0ca59a8280b55d983,full_annotation_v1,A,q_야채_02,야채,식료품 중 '야채'를 판매·제공하는 매장,val,야채,T1 정확표기,758f5264-c8a9-435f-915d-612d7051e4de,훈철청과,농산물,서귀포향토오일시장,전통시장,제주특별자치도,,,
02dd969d9334df68fea6,full_annotation_v1,A,q_야채_02,야채,식료품 중 '야채'를 판매·제공하는 매장,val,야채,T1 정확표기,8bb83aa6-dcc0-47be-80b9-50c422cc1024,대귀상회,야채,군산신영시장,전통시장,전북특별자치도,,,
fcbfd1605806a1009a41,full_annotation_v1,A,q_야채_02,야채,식료품 중 '야채'를 판매·제공하는 매장,val,야채,T1 정확표기,1fe577c5-63d0-4169-90c8-e373d8682a14,경북상회,농산물,화서시장,전통시장,경기도,,,
a1ed7d644299231d1015,full_annotation_v1,A,q_야채_02,야채,식료품 중 '야채'를 판매·제공하는 매장,val,야채,T1 정확표기,d93be788-b44c-446b-a515-39499b87a16f,큐헤어 (QHAIR),미용,효자4동 디딤돌 골목형상점가,골목형상점가,전북특별자치도,,,
2d0e26ced78deb021502,full_annotation_v1,A,q_야채_02,야채,식료품 중 '야채'를 판매·제공하는 매장,val,야채,T1 정확표기,ac54ef7e-826b-4b57-99d8-1f47e48cef9a,우리농산물,농산물,사상시장,전통시장,부산광역시,,,
4e081943c43eb9ce79e6,full_annotation_v1,A,q_야채_02,야채,식료품 중 '야채'를 판매·제공하는 매장,val,야채,T1 정확표기,92098ee0-d8cb-4f26-8676-dafd46278e01,싱싱야채,야채,방신전통시장,전통시장,서울특별시,,,
402fb5d4bbef910f9b21,full_annotation_v1,A,q_야채_02,야채,식료품 중 '야채'를 판매·제공하는 매장,val,야채,T1 정확표기,78b83dcc-b9e0-41c2-bf57-021dc7145ffd,싱싱야채,야채,봉천제일종합시장,전통시장,서울특별시,,,
ec07e02a21873944e984,full_annotation_v1,A,q_야채_02,야채,식료품 중 '야채'를 판매·제공하는 매장,val,야채,T1 정확표기,1b61a10d-845f-46cb-952b-b63cc83ec099,길순상회,야채,미나리광시장,전통시장,경기도,,,
8a0ab305395c7daeb0b8,full_annotation_v1,A,q_야채_02,야채,식료품 중 '야채'를 판매·제공하는 매장,val,야채,T1 정확표기,015915e3-2542-4245-b627-0c775b4c5501,한내떡집,,거제 고현시장,전통시장,경상남도,,,
d62423f4a7d5c09b02d2,full_annotation_v1,A,q_야채_02,야채,식료품 중 '야채'를 판매·제공하는 매장,val,야채,T1 정확표기,9c824468-ed6e-41f9-8653-fbe9e5b0bd16,류군농산물,농산물,진주 청과시장,전통시장,경상남도,,,
ec5469e194aede466c6d,full_annotation_v1,A,q_야채_02,야채,식료품 중 '야채'를 판매·제공하는 매장,val,야채,T1 정확표기,65fce9a0-7e51-4c12-b7a2-f38a6359734a,금와농산,야채,마산어시장,전통시장,경상남도,,,
e63129838755092c39d0,full_annotation_v1,A,q_야채_02,야채,식료품 중 '야채'를 판매·제공하는 매장,val,야채,T1 정확표기,8e80de93-306c-420f-9a8e-bc873e29a22f,장군야채,야채,서문공설시장,전통시장,제주특별자치도,,,
20867c687824479a3db7,full_annotation_v1,A,q_야채_02,야채,식료품 중 '야채'를 판매·제공하는 매장,val,야채,T1 정확표기,424570b6-c9bb-4549-a3d6-b256fea1b337,안강농산물,농산물,안강공설시장,전통시장,경상북도,,,
cd5c7e3a668a028a330b,full_annotation_v1,A,q_야채_02,야채,식료품 중 '야채'를 판매·제공하는 매장,val,야채,T1 정확표기,c89872f7-7a0e-4e4b-905a-e116a10d65b9,골목야채,야채,광명새마을시장,전통시장,경기도,,,
09eab3bc39fdb814b51e,full_annotation_v1,A,q_야채_02,야채,식료품 중 '야채'를 판매·제공하는 매장,val,야채,T1 정확표기,902e91da-126f-4f0b-b98a-7061808077b4,남목직거래장터,야채,다시남목 골목형상점가,골목형상점가,울산광역시,,,
6fac0a2c327904a7ee1e,full_annotation_v1,A,q_야채_02,야채,식료품 중 '야채'를 판매·제공하는 매장,val,야채,T1 정확표기,99485f7e-2b0e-47e7-942b-c36aaf29b4bf,(주)대창석유직영 월드컵주유소,유류,도군머리 골목형상점가,골목형상점가,광주광역시,,,
0f0494710b62869685c6,full_annotation_v1,A,q_야채_02,야채,식료품 중 '야채'를 판매·제공하는 매장,val,야채,T1 정확표기,56db4778-14ee-4046-a171-821fc0e3f8ce,산수쌈밥,쌈밥,전남여고후문 골목형상점가,골목형상점가,광주광역시,,,
f23e333878ffc4c37ea8,full_annotation_v1,A,q_야채_02,야채,식료품 중 '야채'를 판매·제공하는 매장,val,야채,T1 정확표기,a04c8050-893b-498b-83db-49fe16177f77,한샘농산물,농산물,서현센트럴상점,골목형상점가,경기도,,,
063616e397271a12d0d0,full_annotation_v1,A,q_야채_02,야채,식료품 중 '야채'를 판매·제공하는 매장,val,야채,T1 정확표기,42374bae-8bcb-44a4-a1d1-d0f13d0c80a6,싱싱야채,야채,안동구시장,전통시장,경상북도,,,
4a0274b7bce272478309,full_annotation_v1,A,q_야채_02,야채,식료품 중 '야채'를 판매·제공하는 매장,val,야채,T1 정확표기,014fc673-2f3b-48cf-a134-d5aebb132435,동성상회,야채,동두천중앙시장,전통시장,경기도,,,
59898602779eed81a60d,full_annotation_v1,A,q_야채_02,야채,식료품 중 '야채'를 판매·제공하는 매장,val,야채,T1 정확표기,57e1b52b-f66f-42c8-b6aa-64a994665e42,하욱농원,농산물,영주골목시장,전통시장,경상북도,,,
5df75c5525714c8685c3,full_annotation_v1,A,q_야채_02,야채,식료품 중 '야채'를 판매·제공하는 매장,val,야채,T1 정확표기,5add9733-421e-4bf0-b833-8b02358c3b28,싱싱야채,야채,대연중앙골목시장 골목형상점가,골목형상점가,부산광역시,,,
f4a9b9f238ede5703460,full_annotation_v1,A,q_야채_02,야채,식료품 중 '야채'를 판매·제공하는 매장,val,야채,T1 정확표기,5a48f9d9-c2f6-4857-a3e0-1db9ce6c4e1e,형제상회,농산물,왕십리도선동상점가,자율상권구역,서울특별시,,,
e9d1b890167933e7be17,full_annotation_v1,A,q_야채_02,야채,식료품 중 '야채'를 판매·제공하는 매장,val,야채,T1 정확표기,f4e6430b-f172-4b2a-ba13-43a66ac9fe5a,싱싱야채,야채,박달시장,전통시장,경기도,,,
8f1e0b6a08ad320b9f29,full_annotation_v1,A,q_야채_02,야채,식료품 중 '야채'를 판매·제공하는 매장,val,야채,T1 정확표기,489a933a-1aa2-4b44-96c8-9dd5dd4dab94,이모네바지락칼국수,한식,남사한숲 골목형상점가,골목형상점가,경기도,,,
b15427877b886f02b63a,full_annotation_v1,A,q_야채_02,야채,식료품 중 '야채'를 판매·제공하는 매장,val,야채,T1 정확표기,92a7bf99-5db6-44e0-a881-41ff1075d470,순이네 야채,,김해 장유전통시장,전통시장,경상남도,,,
6243e80427c20c518a72,full_annotation_v1,A,q_야채_02,야채,식료품 중 '야채'를 판매·제공하는 매장,val,야채,T1 정확표기,97745e99-3159-4f62-af90-d2556e22ec7b,네일&헤어,미용,강진중앙로상가,자율상권구역,전라남도,,,
55c6b03b6e6d139de341,full_annotation_v1,A,q_야채_02,야채,식료품 중 '야채'를 판매·제공하는 매장,val,야채,T1 정확표기,cbde5229-a947-400e-8b14-8f986136869f,한국야채,야채,동문동 골목형상점가,골목형상점가,충청남도,,,
44ecbc84b03c1d95c418,full_annotation_v1,A,q_야채_02,야채,식료품 중 '야채'를 판매·제공하는 매장,val,야채,T1 정확표기,8e625ac8-f327-478c-9244-7f753603e3b4,싱싱야채,야채,구리전통시장,전통시장,경기도,,,
00a50c9b3437eebfb601,full_annotation_v1,A,q_야채_02,야채,식료품 중 '야채'를 판매·제공하는 매장,val,야채,T1 정확표기,70934fce-553c-492e-933e-6ab62f6d6097,영광상회,야채,경동시장,전통시장,서울특별시,,,
0bbc65e62b8fa810ea08,full_annotation_v1,A,q_야채_02,야채,식료품 중 '야채'를 판매·제공하는 매장,val,야채,T1 정확표기,a4186fd8-3905-45d1-92c5-e6df31c78997,경북상회,농산물,영등포전통시장,자율상권구역,서울특별시,,,
04495bd66f72db345fa7,full_annotation_v1,A,q_야채_02,야채,식료품 중 '야채'를 판매·제공하는 매장,val,야채,T1 정확표기,5f8a254b-7ad1-4710-8dc3-e5db3ba6de21,형제상회,농산물,중앙신시장,전통시장,경상북도,,,
beadfa4ca86027c61c9d,full_annotation_v1,A,q_야채_02,야채,식료품 중 '야채'를 판매·제공하는 매장,val,야채,T1 정확표기,0533a201-3b07-4029-8158-c4d2ad17c7bf,텃밭쌈밥,쌈밥,역전시장,전통시장,충청남도,,,
a70e9c28bd2c91a3a7ac,full_annotation_v1,A,q_야채_02,야채,식료품 중 '야채'를 판매·제공하는 매장,val,야채,T1 정확표기,00534c22-4465-442e-95db-66dd08f99320,삼원상회,채소,칠성시장,전통시장,대구광역시,,,
c3bbfd8cdb7a7a845705,full_annotation_v1,A,q_야채_02,야채,식료품 중 '야채'를 판매·제공하는 매장,val,야채,T1 정확표기,014b06bd-3fa3-4cde-b459-e62ca64c33aa,조은식품,채소,하양꿈바우시장,전통시장,경상북도,,,
41450881cae4e4dc2dd9,full_annotation_v1,A,q_야채_02,야채,식료품 중 '야채'를 판매·제공하는 매장,val,야채,T1 정확표기,acac3728-a89d-4048-a163-ec8f27ba50a0,싱싱야채,야채,산성시장,전통시장,대전광역시,,,
e4d7a3312730c6c9fa76,full_annotation_v1,A,q_야채_02,야채,식료품 중 '야채'를 판매·제공하는 매장,val,야채,T1 정확표기,10dcb9ff-2cd8-4eda-812d-644fdb1a381c,따올과,농산물,더불어용두 골목형상점가,골목형상점가,광주광역시,,,
4be4befe1c517b75c7bd,full_annotation_v1,A,q_야채_02,야채,식료품 중 '야채'를 판매·제공하는 매장,val,야채,T1 정확표기,d9ce4406-658b-4627-9a88-ad8edf6f48f3,싱싱야채,야채,시흥삼미시장,전통시장,경기도,,,
2e0c4fd08294851fb6d1,full_annotation_v1,A,q_야채_02,야채,식료품 중 '야채'를 판매·제공하는 매장,val,야채,T1 정확표기,787c74d2-75e3-4fbc-8186-158741b99092,훈이네 농산물,농산물,안양중앙인정시장,전통시장,경기도,,,
2fb565c3aeab44d5a1d1,full_annotation_v1,A,q_야채_02,야채,식료품 중 '야채'를 판매·제공하는 매장,val,야채,T1 정확표기,12bac5de-59a7-472a-946b-5e38694a5648,한옥촌,쌈밥,전농배봉산맛집거리골목형상점가,골목형상점가,서울특별시,,,
7d42c6ef3123a6008149,full_annotation_v1,A,q_야채_02,야채,식료품 중 '야채'를 판매·제공하는 매장,val,야채,T1 정확표기,986216b7-32bd-48c6-a752-926aef6a3cb2,승리 농산물,농산물,강화풍물시장,전통시장,인천광역시,,,
cff516d372d7ff439423,full_annotation_v1,A,q_야채_02,야채,식료품 중 '야채'를 판매·제공하는 매장,val,야채,T1 정확표기,f8fad427-c4f7-45ca-aa49-dbebc20cd7dd,현대야채,야채,원종고강제일시장(부천제일시장),전통시장,경기도,,,
ac0531d703cabad702d8,full_annotation_v1,A,q_야채_02,야채,식료품 중 '야채'를 판매·제공하는 매장,val,야채,T1 정확표기,b329c174-7f29-4a44-8845-2b1dcdcdee26,일미식당,한식,삼성면 원도심 자율상권구역,상권활성화구역,충청북도,,,
6bdcfbe169ea9c03ebde,full_annotation_v1,A,q_야채_02,야채,식료품 중 '야채'를 판매·제공하는 매장,val,야채,T1 정확표기,0622e5e4-d762-4378-aeb6-eb6148f9dec6,개도리김치,"김치, 채소, 건어물",나주목사고을시장,전통시장,,,,
480cd8674abcee5a4762,full_annotation_v1,A,q_야채_02,야채,식료품 중 '야채'를 판매·제공하는 매장,val,야채,T1 정확표기,01f160fc-531c-4191-aa22-453462e0f38a,천년,김치,오정동상점가,자율상권구역,대전광역시,,,
2cbdeb580769b4786eaf,full_annotation_v1,A,q_야채_02,야채,식료품 중 '야채'를 판매·제공하는 매장,val,야채,T1 정확표기,cf727274-392b-4cc0-8744-1993e93c4ccc,역전상회,농산물,매산시장,전통시장,경기도,,,
24b3e26a945f8fd9d20f,full_annotation_v1,A,q_야채_02,야채,식료품 중 '야채'를 판매·제공하는 매장,val,야채,T1 정확표기,0045f871-6f40-4361-bcdd-2b94bf597287,무파장터,야채 청과물,신금정시장 골목형 상점가,골목형상점가,부산광역시,,,
4bedc67b512f29c03379,full_annotation_v1,A,q_야채_02,야채,식료품 중 '야채'를 판매·제공하는 매장,val,야채,T1 정확표기,8008eb35-617a-4f33-95f6-2ef7cc9e37dc,우리농산물,농산물,덕정골목형상점가,골목형상점가,경기도,,,
5f6603e0716c9dea157e,full_annotation_v1,A,q_야채_02,야채,식료품 중 '야채'를 판매·제공하는 매장,val,야채,T1 정확표기,f5133fff-9e6e-4ad7-b443-91082e174527,정준약초,농산물,제주시민속오일시장,전통시장,제주특별자치도,,,
b685f4e684ea1e93f9b1,full_annotation_v1,A,q_야채_02,야채,식료품 중 '야채'를 판매·제공하는 매장,val,야채,T1 정확표기,c0fb41c3-5a59-49db-8a12-de301c4d7fe4,청정식품,야채,임실시장,전통시장,전북특별자치도,,,
6feab5f85993ee3b9e40,full_annotation_v1,A,q_야채_02,야채,식료품 중 '야채'를 판매·제공하는 매장,val,야채,T1 정확표기,d39c66ad-1a4d-46e0-9cfc-f7157bff2af1,동해건어물(야채),소매업(야채),화서시장,전통시장,경기도,,,
7049c402b8f36dbe419f,full_annotation_v1,A,q_야채_02,야채,식료품 중 '야채'를 판매·제공하는 매장,val,야채,T1 정확표기,b2744507-c9a4-47d9-a876-b769daa6a807,대륙야채,야채,남천해변시장,전통시장,부산광역시,,,
ca2a66f71b96acbf0a43,full_annotation_v1,A,q_야채_02,야채,식료품 중 '야채'를 판매·제공하는 매장,val,야채,T1 정확표기,51cbad30-8455-42a0-a1de-e1e3519a9707,도두청과,농산물,제주시민속오일시장,전통시장,제주특별자치도,,,
2bf3db9a5cdea4a9f840,full_annotation_v1,A,q_야채_02,야채,식료품 중 '야채'를 판매·제공하는 매장,val,야채,T1 정확표기,f9a05a06-308b-44c7-bfe4-94809ccd18a9,싱싱야채,야채,돌곶이시장,전통시장,서울특별시,,,
a1d8df67cb5a74c68efb,full_annotation_v1,A,q_야채_02,야채,식료품 중 '야채'를 판매·제공하는 매장,val,야채,T1 정확표기,00333be0-b70d-4197-aa97-5a277d61e0da,㈜신진후르츠,과일,부전농수산물새벽시장,전통시장,부산광역시,,,
91fa0ff2207a2e28dbc2,full_annotation_v1,A,q_야채_02,야채,식료품 중 '야채'를 판매·제공하는 매장,val,야채,T1 정확표기,b15231c9-07aa-4d31-9c9e-611b56f7614b,대전야채,야채,신도꼼지락시장,전통시장,대전광역시,,,
71b837edc3005b29e44b,full_annotation_v1,A,q_야채_02,야채,식료품 중 '야채'를 판매·제공하는 매장,val,야채,T1 정확표기,79da0a4f-5bd0-459a-a0af-70e2d9e960a8,호성농수산,농산물,부전시장,전통시장,부산광역시,,,
3dae60e47d1e2cdd078b,full_annotation_v1,A,q_야채_02,야채,식료품 중 '야채'를 판매·제공하는 매장,val,야채,T1 정확표기,c58c5331-08bb-4de2-9d2b-97a443f0ea2b,함양상회,야채,마산 정우새어시장,전통시장,경상남도,,,
f0f5ce5c75167026813a,full_annotation_v1,A,q_야채_02,야채,식료품 중 '야채'를 판매·제공하는 매장,val,야채,T1 정확표기,c06c8a05-9b3c-4f7a-be86-d3ffa555bbc0,나르지오워킹화,신발,사리골상점가,자율상권구역,경기도,,,
a1c4450bb9312feb9adf,full_annotation_v1,A,q_야채_02,야채,식료품 중 '야채'를 판매·제공하는 매장,val,야채,T1 정확표기,f65cf9a8-b9b6-4bf0-9e0e-5e0c756573ed,싱싱야채,야채,원종고강제일시장(부천제일시장),전통시장,경기도,,,
d176c15db03ad35edc2c,full_annotation_v1,A,q_야채_02,야채,식료품 중 '야채'를 판매·제공하는 매장,val,야채,T1 정확표기,12793542-a6b9-4d91-933c-013481c83e89,진덕야채,야채,안양남부시장,전통시장,경기도,,,
1befe550cdbf32567b80,full_annotation_v1,A,q_야채_02,야채,식료품 중 '야채'를 판매·제공하는 매장,val,야채,T1 정확표기,dee139c8-1438-4fce-a3fc-07929e3c97ee,싱싱야채,야채,오산오색시장(구 오산중앙시장),전통시장,경기도,,,
470d02bf5a8d3850204c,full_annotation_v1,A,q_야채_02,야채,식료품 중 '야채'를 판매·제공하는 매장,val,야채,T1 정확표기,00947369-dfd0-4074-b22e-c8b430a98a70,에스.에이.팜(S.A.farm),"표고버섯및농산물, 잡화, 통신판매",무주반딧불상권활성화구역,상권활성화구역,전북특별자치도,,,
616a306bd6b5c68b66a4,full_annotation_v1,A,q_야채_02,야채,식료품 중 '야채'를 판매·제공하는 매장,val,야채,T1 정확표기,a4c682cc-59ef-4c41-8c3d-3d714d3f7cdb,우리농산물,농산물,칠곡시장,전통시장,대구광역시,,,
b3cde80ed6c49f3d66a2,full_annotation_v1,A,q_야채_02,야채,식료품 중 '야채'를 판매·제공하는 매장,val,야채,T1 정확표기,53420386-ae84-4e24-b7b3-4590952cba0d,성태농산,농산물,서부시장,전통시장,대구광역시,,,
88dfdb21329f18e37c5d,full_annotation_v1,A,q_야채_02,야채,식료품 중 '야채'를 판매·제공하는 매장,val,야채,T1 정확표기,10e4b9b6-662b-436c-b9b7-b82677f0ecd8,계룡야채,야채,부사시장,전통시장,대전광역시,,,
7b9c65f4b5cfa7b81e80,full_annotation_v1,A,q_야채_02,야채,식료품 중 '야채'를 판매·제공하는 매장,val,야채,T1 정확표기,7ef5f447-a4ea-4fa0-acef-2c459778fb89,성부곡물,농산물,제천고추시장,전통시장,충청북도,,,
e3a036d2d946b0876169,full_annotation_v1,A,q_야채_02,야채,식료품 중 '야채'를 판매·제공하는 매장,val,야채,T1 정확표기,09f5bb3f-dfa0-4037-b9d8-8355f7a5e900,명숙야채,야채,만수시장,전통시장,인천광역시,,,
35539433666f14f97d34,full_annotation_v1,A,q_야채_02,야채,식료품 중 '야채'를 판매·제공하는 매장,val,야채,T1 정확표기,9f7c2610-deef-4558-8128-080c7e53fca7,우리농산물,농산물,아차산등산로골목형상점가,골목형상점가,서울특별시,,,
3099d7f8026672197120,full_annotation_v1,A,q_야채_02,야채,식료품 중 '야채'를 판매·제공하는 매장,val,야채,T1 정확표기,fd2a5cfb-f273-4717-a20e-73320d38f2e4,싱싱야채,야채,고성 공룡시장,전통시장,경상남도,,,
5127fd89d92fb5b5c341,full_annotation_v1,A,q_야채_02,야채,식료품 중 '야채'를 판매·제공하는 매장,val,야채,T1 정확표기,3526b88c-624e-427b-9369-30ee70b121b8,에덴야채,야채,박달시장,전통시장,경기도,,,
34f3f41a28ad76614e33,full_annotation_v1,A,q_야채_02,야채,식료품 중 '야채'를 판매·제공하는 매장,val,야채,T1 정확표기,5f62d541-108c-486c-a309-a3f3950b6694,형제상회,야채,일신시장(舊 부일종합시장),전통시장,인천광역시,,,
9e277b5e7696184a7ed8,full_annotation_v1,A,q_야채_02,야채,식료품 중 '야채'를 판매·제공하는 매장,val,야채,T1 정확표기,2fee7dac-df6d-4499-9e33-3a40dae73a7f,희망동행,농산물 전자상거래소매업(농산물),대명 오손도손 골목형상점가,골목형상점가,전북특별자치도,,,
aa4cdd6365da70a6a874,full_annotation_v1,A,q_야채_02,야채,식료품 중 '야채'를 판매·제공하는 매장,val,야채,T1 정확표기,ba4821f4-b8f2-4c5a-aadb-31627144d183,맘모스바이크,자전거,배곧상가,골목형상점가,경기도,,,
da6e8c9a4e24fdbd1856,full_annotation_v1,A,q_야채_02,야채,식료품 중 '야채'를 판매·제공하는 매장,val,야채,T1 정확표기,67023459-41ed-45c3-a5de-e5d4bb552c93,비슬상회,야채,대구청과시장,전통시장,대구광역시,,,
1784ab865f5ab4e9eee3,full_annotation_v1,A,q_야채_02,야채,식료품 중 '야채'를 판매·제공하는 매장,val,야채,T1 정확표기,5505efc4-a8b0-470a-8dc3-5d635f5ae018,이레농산물,농산물,춘천번개시장,전통시장,강원특별자치도,,,
268bfae5148e5f17168a,full_annotation_v1,A,q_야채_02,야채,식료품 중 '야채'를 판매·제공하는 매장,val,야채,T1 정확표기,f6a854b9-102c-49df-9f72-c1de84f07f8b,썬유통,농산물,영일시장,전통시장,서울특별시,,,
e29d933e39114051f700,full_annotation_v1,A,q_야채_02,야채,식료품 중 '야채'를 판매·제공하는 매장,val,야채,T1 정확표기,0a9d1866-304d-492e-8782-01a94babe6e4,태양야채,농산물,비단길현대시장,전통시장,서울특별시,,,
1be6e4f78f187c7b33a9,full_annotation_v1,A,q_야채_02,야채,식료품 중 '야채'를 판매·제공하는 매장,val,야채,T1 정확표기,38ff896e-9218-4d42-82f7-f860b5cfa4f1,우리농산물,농산물,동원전통종합시장,전통시장,서울특별시,,,
9b6ff141e8674b17f478,full_annotation_v1,A,q_야채_02,야채,식료품 중 '야채'를 판매·제공하는 매장,val,야채,T1 정확표기,90eda389-44fa-4cc1-9155-a2d0713a828d,시장야채,야채,우림골목시장,전통시장,서울특별시,,,
5a155917bfc4fb26d2d2,full_annotation_v1,A,q_야채_03,농산물,식료품 중 '야채'를 판매·제공하는 매장,val,야채,T2 동의어,3fc6ed83-8f0f-41aa-aaf6-2922111003b5,평민닭발&족발충주점,족발,성서중심시장(성서시장문화의거리 통합),전통시장,충청북도,,,
a85d9ddcaea53c18dda4,full_annotation_v1,A,q_야채_03,농산물,식료품 중 '야채'를 판매·제공하는 매장,val,야채,T2 동의어,a6d0fd38-4bb2-4f68-9374-27e4568234ca,점순야채가게,야채,법동시장,전통시장,대전광역시,,,
4b068c015033e3a28deb,full_annotation_v1,A,q_야채_03,농산물,식료품 중 '야채'를 판매·제공하는 매장,val,야채,T2 동의어,4ed4c4e4-eba9-4f13-a775-40b1d4ecfb32,조은가게,야채,한민시장,전통시장,대전광역시,,,
68048a4f010f95ac6a89,full_annotation_v1,A,q_야채_03,농산물,식료품 중 '야채'를 판매·제공하는 매장,val,야채,T2 동의어,006601da-192a-4275-90bf-aa320c79ea9f,바이럽,샐러드,현풍백년도깨비시장,전통시장,대구광역시,,,
781167e7a8d4933377ee,full_annotation_v1,A,q_야채_03,농산물,식료품 중 '야채'를 판매·제공하는 매장,val,야채,T2 동의어,9dbe0617-8eba-4b00-b2c1-63f46a410bcf,단비네야채,야채가게,아현시장,전통시장,서울특별시,,,
d72fce205f4003ffdb9c,full_annotation_v1,A,q_야채_03,농산물,식료품 중 '야채'를 판매·제공하는 매장,val,야채,T2 동의어,38ff896e-9218-4d42-82f7-f860b5cfa4f1,우리농산물,농산물,동원전통종합시장,전통시장,서울특별시,,,
4afb340f0bbfbe88ada0,full_annotation_v1,A,q_야채_03,농산물,식료품 중 '야채'를 판매·제공하는 매장,val,야채,T2 동의어,53776ad6-4a97-4445-b7f6-e236725c5048,대박옷가게,옷가게,안동광석거리 골목형상점가,골목형상점가,경상북도,,,
fdd09c22b3ac1061ed75,full_annotation_v1,A,q_야채_03,농산물,식료품 중 '야채'를 판매·제공하는 매장,val,야채,T2 동의어,43c03e36-c146-4944-bcd4-879bc435fad2,도온쌈,쌈밥,남이동길골목형상점가,골목형상점가,서울특별시,,,
a6da4e6a470e448a6bdd,full_annotation_v1,A,q_야채_03,농산물,식료품 중 '야채'를 판매·제공하는 매장,val,야채,T2 동의어,2fee7dac-df6d-4499-9e33-3a40dae73a7f,희망동행,농산물 전자상거래소매업(농산물),대명 오손도손 골목형상점가,골목형상점가,전북특별자치도,,,
f1946a212f598d8b5fac,full_annotation_v1,A,q_야채_03,농산물,식료품 중 '야채'를 판매·제공하는 매장,val,야채,T2 동의어,ad1d797b-7f47-4111-ac6d-c9ef6d00d0be,경북상회,농산물,엄궁농산물도매시장식품·청과 소매동 골목형상점가,골목형상점가,부산광역시,,,
e567aed80fe5dcf47ff3,full_annotation_v1,A,q_야채_03,농산물,식료품 중 '야채'를 판매·제공하는 매장,val,야채,T2 동의어,53420386-ae84-4e24-b7b3-4590952cba0d,성태농산,농산물,서부시장,전통시장,대구광역시,,,
8f43c1dddb8af382a593,full_annotation_v1,A,q_야채_03,농산물,식료품 중 '야채'를 판매·제공하는 매장,val,야채,T2 동의어,014072fb-b412-4fb3-a663-31dbf80e44a6,매일상회,"야채, 과일",고산미소시장(고산시장),전통시장,전북특별자치도,,,
c67a72b4797120cb87dd,full_annotation_v1,A,q_야채_03,농산물,식료품 중 '야채'를 판매·제공하는 매장,val,야채,T2 동의어,253e10cf-4a33-4db2-8e33-9f947afa0c56,속옷가게,의류,영동전통시장,전통시장,충청북도,,,
f10b6f7d5f0748e501ca,full_annotation_v1,A,q_야채_03,농산물,식료품 중 '야채'를 판매·제공하는 매장,val,야채,T2 동의어,f0406e1f-36f1-4f7e-b4e2-8c4fe8a18e11,식후경,농산물,양평물맑은시장,전통시장,경기도,,,
d27713a205b621cd87cc,full_annotation_v1,A,q_야채_03,농산물,식료품 중 '야채'를 판매·제공하는 매장,val,야채,T2 동의어,05530d0f-82ed-47a1-8015-32b6c30e3752,진수산삼다식품,"젓갈류, 김치, 수산물",동문재래시장,전통시장,제주특별자치도,,,
8ca4100a533b9a8eb86f,full_annotation_v1,A,q_야채_03,농산물,식료품 중 '야채'를 판매·제공하는 매장,val,야채,T2 동의어,4a620ed7-8030-458b-83db-dc91d8da3d8d,우리농산물,농산물,창원 봉곡시장,전통시장,경상남도,,,
12c83e283febd87d733c,full_annotation_v1,A,q_야채_03,농산물,식료품 중 '야채'를 판매·제공하는 매장,val,야채,T2 동의어,68c84de0-5e55-43b5-a297-4c8fca3ad694,옥수수랑고구마,농산물,엑스포코아 골목형상점가,골목형상점가,대전광역시,,,
b6368cede287690ac2b6,full_annotation_v1,A,q_야채_03,농산물,식료품 중 '야채'를 판매·제공하는 매장,val,야채,T2 동의어,aa23e6b0-775b-48a5-8f9d-40577cc31e18,싱싱무역,농산물,영주문화시장,전통시장,경상북도,,,
46f3ddda28463ace3cc3,full_annotation_v1,A,q_야채_03,농산물,식료품 중 '야채'를 판매·제공하는 매장,val,야채,T2 동의어,001cb3d4-5441-4963-b517-d5b3904ee312,현창떡집,떡집,목포동부시장,전통시장,전라남도,,,
630705687dd4a1dd1981,full_annotation_v1,A,q_야채_03,농산물,식료품 중 '야채'를 판매·제공하는 매장,val,야채,T2 동의어,8d8f2f05-64fe-4f19-b85e-54281cdb3022,한우야채가게,"채소, 과일, 잡화",영천공설시장,전통시장,경상북도,,,
33583720315213bbc6d4,full_annotation_v1,A,q_야채_03,농산물,식료품 중 '야채'를 판매·제공하는 매장,val,야채,T2 동의어,b33fb268-ff1b-47e7-b88b-7677d73c0384,야채왕국,야채,중마시장,전통시장,전라남도,,,
2c671a43ac7c87cb33cb,full_annotation_v1,A,q_야채_03,농산물,식료품 중 '야채'를 판매·제공하는 매장,val,야채,T2 동의어,b3549e96-fa77-43d3-98ab-641c629b817e,우리농산물,농산물,황지자유시장,전통시장,강원특별자치도,,,
a5beb45ee01dc56d1359,full_annotation_v1,A,q_야채_03,농산물,식료품 중 '야채'를 판매·제공하는 매장,val,야채,T2 동의어,ac54ef7e-826b-4b57-99d8-1f47e48cef9a,우리농산물,농산물,사상시장,전통시장,부산광역시,,,
74166ae94faa0fd9c1ec,full_annotation_v1,A,q_야채_03,농산물,식료품 중 '야채'를 판매·제공하는 매장,val,야채,T2 동의어,7da5ed22-70b5-46eb-a4b9-277c12a08213,농산물,농산물,화곡본동시장,전통시장,서울특별시,,,
7e6c74148a224ba99cd9,full_annotation_v1,A,q_야채_03,농산물,식료품 중 '야채'를 판매·제공하는 매장,val,야채,T2 동의어,7f0a14c5-a8b7-4933-b041-68a06cfd1aa0,고령농산물,농산물,서남신시장,전통시장,대구광역시,,,
13120ba27f97702b55bc,full_annotation_v1,A,q_야채_03,농산물,식료품 중 '야채'를 판매·제공하는 매장,val,야채,T2 동의어,bef785a8-3d03-45a9-bfb4-3d36b4a89a6b,경북상회,농산물,부전농수산물새벽시장,전통시장,부산광역시,,,
5a7c12009ce20cddbdfd,full_annotation_v1,A,q_야채_03,농산물,식료품 중 '야채'를 판매·제공하는 매장,val,야채,T2 동의어,c15b7d24-b90f-4edb-a4d7-38d243dad39e,가게,담배,대명시장,전통시장,대구광역시,,,
5347ad3af43f69694b81,full_annotation_v1,A,q_야채_03,농산물,식료품 중 '야채'를 판매·제공하는 매장,val,야채,T2 동의어,b495b507-16c2-4160-99aa-cf18edf9a77c,여희주,농산물,부산새벽시장,전통시장,부산광역시,,,
f837a79bcf44b8456422,full_annotation_v1,A,q_야채_03,농산물,식료품 중 '야채'를 판매·제공하는 매장,val,야채,T2 동의어,bdb6a13a-7c3b-4dbf-913c-d75ea15de19c,남도묵은지부송점,한식,부송동 골목형상점가,골목형상점가,전북특별자치도,,,
7813a87d91fa814ab199,full_annotation_v1,A,q_야채_03,농산물,식료품 중 '야채'를 판매·제공하는 매장,val,야채,T2 동의어,00947369-dfd0-4074-b22e-c8b430a98a70,에스.에이.팜(S.A.farm),"표고버섯및농산물, 잡화, 통신판매",무주반딧불상권활성화구역,상권활성화구역,전북특별자치도,,,
fe44c5e12092a5bde376,full_annotation_v1,A,q_야채_03,농산물,식료품 중 '야채'를 판매·제공하는 매장,val,야채,T2 동의어,5786346a-30e8-41fd-9cf0-c2769e0dfde9,늘싱싱야채가게,야채과일,신산격종합시장 골목형상점가,골목형상점가,대구광역시,,,
a952e1f893920e6cd239,full_annotation_v1,A,q_야채_03,농산물,식료품 중 '야채'를 판매·제공하는 매장,val,야채,T2 동의어,00045dfc-0681-4fb3-8265-33b3df14c289,한라농산,과일,황지시장상점가,자율상권구역,강원특별자치도,,,
eca3fc2a325cab345c68,full_annotation_v1,A,q_야채_03,농산물,식료품 중 '야채'를 판매·제공하는 매장,val,야채,T2 동의어,30b9ec57-4e75-4949-b85a-d0530c4ef858,우리농산물,농산물,장미제일시장,전통시장,서울특별시,,,
4be195f4b1bf3c72006e,full_annotation_v1,A,q_야채_03,농산물,식료품 중 '야채'를 판매·제공하는 매장,val,야채,T2 동의어,0097b3e2-b5cf-4050-b719-c9d7738067c0,시흥상회,"소매(야채,과일)",광명전통시장,전통시장,경기도,,,
e90b323e3513a8e375ca,full_annotation_v1,A,q_야채_03,농산물,식료품 중 '야채'를 판매·제공하는 매장,val,야채,T2 동의어,c5da322f-170e-49a7-93da-c540f99432a6,정님과일,농산물,중앙신시장,전통시장,경상북도,,,
413b19e9a2c14b9e7c21,full_annotation_v1,A,q_야채_03,농산물,식료품 중 '야채'를 판매·제공하는 매장,val,야채,T2 동의어,6c7aa6d8-2c6a-4e2c-97d9-04e18c1f47ea,왕신상회,농산물,충무동 새벽시장,전통시장,부산광역시,,,
00af04af94c18423430e,full_annotation_v1,A,q_야채_03,농산물,식료품 중 '야채'를 판매·제공하는 매장,val,야채,T2 동의어,bce0ff4d-8e8b-4a27-8693-fa2127904e47,치만이네 야채가게,농수산물,서남생활 골목형상점가,골목형상점가,대구광역시,,,
190cae0cf067e0b7f693,full_annotation_v1,A,q_야채_03,농산물,식료품 중 '야채'를 판매·제공하는 매장,val,야채,T2 동의어,4490bc4c-b3c7-4617-a5c3-ab4fce36d190,안동상회,농산물,경동광성상가,전통시장,서울특별시,,,
098974860803c0bc9f5f,full_annotation_v1,A,q_야채_03,농산물,식료품 중 '야채'를 판매·제공하는 매장,val,야채,T2 동의어,0042e83d-930b-4d1d-a96f-f1a2691256cd,성화상회,과일,대구능금시장,전통시장,대구광역시,,,
987ae2219bef5532df42,full_annotation_v1,A,q_야채_03,농산물,식료품 중 '야채'를 판매·제공하는 매장,val,야채,T2 동의어,00f0eee4-789e-4a7b-afc5-f1e7fc279b83,전국상회,야채,청량리종합시장,전통시장,서울특별시,,,
b567e3ccc46fa565b8f9,full_annotation_v1,A,q_야채_03,농산물,식료품 중 '야채'를 판매·제공하는 매장,val,야채,T2 동의어,46d31234-3000-4428-8a73-8cb01a3901bf,허당총각농산,농산물,화곡중앙시장,전통시장,서울특별시,,,
fc53764f0dfb7d969386,full_annotation_v1,A,q_야채_03,농산물,식료품 중 '야채'를 판매·제공하는 매장,val,야채,T2 동의어,0f608550-91f7-4b11-a6f1-2a320696280f,싱싱야채가게,소매업(야채),의왕도깨비시장,전통시장,경기도,,,
b7c1665eff2c5b54c94f,full_annotation_v1,A,q_야채_03,농산물,식료품 중 '야채'를 판매·제공하는 매장,val,야채,T2 동의어,00333be0-b70d-4197-aa97-5a277d61e0da,㈜신진후르츠,과일,부전농수산물새벽시장,전통시장,부산광역시,,,
4ff0e0d718077626bc18,full_annotation_v1,A,q_야채_03,농산물,식료품 중 '야채'를 판매·제공하는 매장,val,야채,T2 동의어,2c4717c4-f9ca-4f10-aa14-79b1a96e0aa4,사진관 오마이포토,사진,쌍문역둘리상점가,자율상권구역,서울특별시,,,
790ceee02aee9152cc0e,full_annotation_v1,A,q_야채_03,농산물,식료품 중 '야채'를 판매·제공하는 매장,val,야채,T2 동의어,bfdbcb2e-575b-413a-a40e-766cb8567177,에덴농산물,농산물,만수시장,전통시장,인천광역시,,,
42ed9e9822ce0d697cb8,full_annotation_v1,A,q_야채_03,농산물,식료품 중 '야채'를 판매·제공하는 매장,val,야채,T2 동의어,9bea4e47-327d-4894-b67b-6a9f859dfb90,원광상회,농산물,남문시장,전통시장,서울특별시,,,
d5f90d00dcf463f08bbf,full_annotation_v1,A,q_야채_03,농산물,식료품 중 '야채'를 판매·제공하는 매장,val,야채,T2 동의어,a768282d-ef2f-4a29-b01c-0dee3d0f067e,광덕상회,농산물,청량리청과물시장,전통시장,서울특별시,,,
e6ce927b6b5110c5282d,full_annotation_v1,A,q_야채_03,농산물,식료품 중 '야채'를 판매·제공하는 매장,val,야채,T2 동의어,9ce9de22-fcd0-4772-a386-a5cdfe69b70c,거창농산,농산물,대구능금시장,전통시장,대구광역시,,,
0d96b8c7293a080fa1b2,full_annotation_v1,A,q_야채_03,농산물,식료품 중 '야채'를 판매·제공하는 매장,val,야채,T2 동의어,2a7d9e34-fb72-430d-803a-5068f8f9fa85,서부상회,농산물,청량리종합시장,전통시장,서울특별시,,,
94a850a44f4f77bfbb9c,full_annotation_v1,A,q_야채_03,농산물,식료품 중 '야채'를 판매·제공하는 매장,val,야채,T2 동의어,43f4a52d-6989-44c6-9169-98bfefc8fbef,부자 농산물,농산물,시흥삼미시장,전통시장,경기도,,,
9a767dd8de75d80bc88c,full_annotation_v1,A,q_야채_03,농산물,식료품 중 '야채'를 판매·제공하는 매장,val,야채,T2 동의어,1fe577c5-63d0-4169-90c8-e373d8682a14,경북상회,농산물,화서시장,전통시장,경기도,,,
7f3a39bad583b8c4edec,full_annotation_v1,A,q_야채_03,농산물,식료품 중 '야채'를 판매·제공하는 매장,val,야채,T2 동의어,7f77cf9a-adae-446b-aa48-3e7e673be7ab,슬이네야채가게,야채류,장미제일시장,전통시장,서울특별시,,,
3674dae2ae0452881467,full_annotation_v1,A,q_야채_03,농산물,식료품 중 '야채'를 판매·제공하는 매장,val,야채,T2 동의어,005313c8-dce8-49b6-9841-9143ebb1305a,동원떡집,,박달시장,전통시장,경기도,,,
e5e86a84e304132a4160,full_annotation_v1,A,q_야채_03,농산물,식료품 중 '야채'를 판매·제공하는 매장,val,야채,T2 동의어,5c55b609-2e0f-4319-b960-25580e714d4c,차칸가게,과일,일산시장(구 일산전통시장),전통시장,경기도,,,
bdfaa61fbd5091708b97,full_annotation_v1,A,q_야채_03,농산물,식료품 중 '야채'를 판매·제공하는 매장,val,야채,T2 동의어,009be3cd-7c52-41e4-91fc-c377ddfa78c0,언양시장야채,야채,언양알프스시장,전통시장,울산광역시,,,
49b12c9e0cb75d54d2c8,full_annotation_v1,A,q_야채_03,농산물,식료품 중 '야채'를 판매·제공하는 매장,val,야채,T2 동의어,00344d24-5aaa-4dc7-ba51-3c041c147576,고향뜰영농조합법인,농산물,양산 북부시장,전통시장,경상남도,,,
7b945d3fb7ce92003a41,full_annotation_v1,A,q_야채_03,농산물,식료품 중 '야채'를 판매·제공하는 매장,val,야채,T2 동의어,0533a201-3b07-4029-8158-c4d2ad17c7bf,텃밭쌈밥,쌈밥,역전시장,전통시장,충청남도,,,
dc4e51c156fc53c1f2d4,full_annotation_v1,A,q_야채_03,농산물,식료품 중 '야채'를 판매·제공하는 매장,val,야채,T2 동의어,787c74d2-75e3-4fbc-8186-158741b99092,훈이네 농산물,농산물,안양중앙인정시장,전통시장,경기도,,,
e67e93836e6134d0b0f2,full_annotation_v1,A,q_야채_03,농산물,식료품 중 '야채'를 판매·제공하는 매장,val,야채,T2 동의어,dd43d03c-47d7-4d36-a3db-4bfde960ed54,농산물,농산물,송정5일시장,전통시장,광주광역시,,,
4b58494ece9d0c9c7b4a,full_annotation_v1,A,q_야채_03,농산물,식료품 중 '야채'를 판매·제공하는 매장,val,야채,T2 동의어,b5362d09-c172-4cef-843a-d09328e2cb53,경북상회,농산물,정선사북시장,전통시장,강원특별자치도,,,
2d562fcb8b011958ae15,full_annotation_v1,A,q_야채_03,농산물,식료품 중 '야채'를 판매·제공하는 매장,val,야채,T2 동의어,9a972e0d-d9bc-484d-bb44-8ab4f1c63123,커스텀커피 죽전점,커피,누리 골목형상점가,골목형상점가,경기도,,,
67e1a27e1779f213cb67,full_annotation_v1,A,q_야채_03,농산물,식료품 중 '야채'를 판매·제공하는 매장,val,야채,T2 동의어,88bcbb12-83fd-4658-a765-2116c7e5d099,생생하우스,,전주모래내시장,전통시장,전북특별자치도,,,
eb9091136d0f6a9cebc1,full_annotation_v1,A,q_야채_03,농산물,식료품 중 '야채'를 판매·제공하는 매장,val,야채,T2 동의어,f6a854b9-102c-49df-9f72-c1de84f07f8b,썬유통,농산물,영일시장,전통시장,서울특별시,,,
7af1cc5eab8e00b9b55c,full_annotation_v1,A,q_야채_03,농산물,식료품 중 '야채'를 판매·제공하는 매장,val,야채,T2 동의어,0174d58f-3182-48ce-9bb7-0818d21a6763,야채,,만수시장,전통시장,인천광역시,,,
8e7260c55c045a7f6384,full_annotation_v1,A,q_야채_03,농산물,식료품 중 '야채'를 판매·제공하는 매장,val,야채,T2 동의어,1b8830b3-bad4-4eae-85c7-a74dff68e490,산지직송 농산물,,갈곶상점가,골목형상점가,경기도,,,
7da5d18012a7dd39a79f,full_annotation_v1,A,q_야채_03,농산물,식료품 중 '야채'를 판매·제공하는 매장,val,야채,T2 동의어,5ba86170-2a4c-41be-a5d9-b118dd0e6b62,오빠가게,야채,남부종합시장,전통시장,인천광역시,,,
faf65fff31dacc42868f,full_annotation_v1,A,q_야채_03,농산물,식료품 중 '야채'를 판매·제공하는 매장,val,야채,T2 동의어,a42196c8-844a-4eef-b81e-fa1d9bd70647,하봉식품,농산물,가경터미널시장,전통시장,충청북도,,,
2574b7026330eb703684,full_annotation_v1,A,q_야채_03,농산물,식료품 중 '야채'를 판매·제공하는 매장,val,야채,T2 동의어,535eeb0a-308c-4113-a213-eb1415bff528,서울상회,농산물,경동시장,전통시장,서울특별시,,,
2737c77e6f4c3f0b8518,full_annotation_v1,A,q_야채_03,농산물,식료품 중 '야채'를 판매·제공하는 매장,val,야채,T2 동의어,008b2657-018e-4d46-b0b0-a173aee3f37a,대원상회,농산물,대구능금시장,전통시장,대구광역시,,,
1461b94825be785d6d0b,full_annotation_v1,A,q_야채_03,농산물,식료품 중 '야채'를 판매·제공하는 매장,val,야채,T2 동의어,09e5fb7c-d0cc-4720-92df-5a5cece636c7,샐러리아 잠실본점,샐러드,방이시장,전통시장,서울특별시,,,
092edb320eda0c1fa38a,full_annotation_v1,A,q_야채_03,농산물,식료품 중 '야채'를 판매·제공하는 매장,val,야채,T2 동의어,200f925a-5372-40fc-bef6-7121cda3f85d,대박이네 야채가게.BK,도소매(야채),광명전통시장,전통시장,경기도,,,
4a8ea9792155e7b6c376,full_annotation_v1,A,q_야채_03,농산물,식료품 중 '야채'를 판매·제공하는 매장,val,야채,T2 동의어,6c750ada-8adc-4d69-a977-3718e005a58a,대득농원,농산물,북평민속시장(북평민속5일장),전통시장,강원특별자치도,,,
25e1174dde31b28d62db,full_annotation_v1,A,q_야채_03,농산물,식료품 중 '야채'를 판매·제공하는 매장,val,야채,T2 동의어,e61f2d1f-8027-499a-af62-2244a8ad5558,야채이야기,야채,서부시장상점가(서부시장 통합),전통시장,전북특별자치도,,,
4b429dbc8c502ca21e0d,full_annotation_v1,A,q_야채_03,농산물,식료품 중 '야채'를 판매·제공하는 매장,val,야채,T2 동의어,0045f871-6f40-4361-bcdd-2b94bf597287,무파장터,야채 청과물,신금정시장 골목형 상점가,골목형상점가,부산광역시,,,
eb6e7125254cc392fb55,full_annotation_v1,A,q_야채_03,농산물,식료품 중 '야채'를 판매·제공하는 매장,val,야채,T2 동의어,2cc44a45-0ef3-4136-bfe2-608a966df83e,손만두앤수제떡갈비,,성남중앙시장(중앙공설시장),전통시장,경기도,,,
408e5c5acdda6bd268f2,full_annotation_v1,A,q_야채_03,농산물,식료품 중 '야채'를 판매·제공하는 매장,val,야채,T2 동의어,09598477-a88c-4e70-ac44-42217f40f595,진천쌀상회,농산물,복대가경시장,전통시장,충청북도,,,
451159828096ff522d92,full_annotation_v1,A,q_야채_03,농산물,식료품 중 '야채'를 판매·제공하는 매장,val,야채,T2 동의어,009a3629-5dbc-47c2-adea-b1f9bc2c083a,동해농수산,야채,방학동도깨비시장,전통시장,서울특별시,,,
3eb586cdb80de72cdbab,full_annotation_v1,A,q_야채_03,농산물,식료품 중 '야채'를 판매·제공하는 매장,val,야채,T2 동의어,909320cd-f6c5-48da-b2e1-7f24c5d634fd,임경숙의야채가게,야채,천안중앙시장,전통시장,충청남도,,,
ac5016e52ed42bedc147,full_annotation_v1,A,q_야채_03,농산물,식료품 중 '야채'를 판매·제공하는 매장,val,야채,T2 동의어,9c824468-ed6e-41f9-8653-fbe9e5b0bd16,류군농산물,농산물,진주 청과시장,전통시장,경상남도,,,
e868b983d5b53bf870b8,full_annotation_v1,A,q_야채_03,농산물,식료품 중 '야채'를 판매·제공하는 매장,val,야채,T2 동의어,7208d357-ec9e-4a73-9393-5dfcd90dac44,보아스(농산물),농산물,오목교중앙시장,전통시장,서울특별시,,,
7d62b1ed962b62694180,full_annotation_v1,A,q_야채_03,농산물,식료품 중 '야채'를 판매·제공하는 매장,val,야채,T2 동의어,4fe9cafd-4dc5-4718-826a-abb052bf3dac,전주부대찌개,한식,부송동 골목형상점가,골목형상점가,전북특별자치도,,,
597142251ed758a25358,full_annotation_v1,A,q_야채_03,농산물,식료품 중 '야채'를 판매·제공하는 매장,val,야채,T2 동의어,00891fcf-925f-4b76-bc26-179798787b48,정우상회,농산물,경동시장,전통시장,서울특별시,,,
2717e96b453c49e90b69,full_annotation_v1,A,q_야채_03,농산물,식료품 중 '야채'를 판매·제공하는 매장,val,야채,T2 동의어,83fbdf49-91df-4f9a-8af5-cf063a372968,솔내음가구,가구,성정가구거리상점가,자율상권구역,충청남도,,,
2bddb90c9eb6e670a209,full_annotation_v1,A,q_야채_03,농산물,식료품 중 '야채'를 판매·제공하는 매장,val,야채,T2 동의어,51cbad30-8455-42a0-a1de-e1e3519a9707,도두청과,농산물,제주시민속오일시장,전통시장,제주특별자치도,,,
e9f01ef13e5de29660b7,full_annotation_v1,A,q_야채_03,농산물,식료품 중 '야채'를 판매·제공하는 매장,val,야채,T2 동의어,11aa89a5-0402-4288-96d4-5769acfa1fe8,영총상회,농산물,남광주해뜨는시장,전통시장,,,,
829bb816ab4a18cabf02,full_annotation_v1,A,q_야채_03,농산물,식료품 중 '야채'를 판매·제공하는 매장,val,야채,T2 동의어,187cc981-d9fc-4f59-835f-d238c6ef2964,동강청과,농산물,영월서부공설시장,전통시장,강원특별자치도,,,
f357c051a226377b69e9,full_annotation_v1,A,q_야채_03,농산물,식료품 중 '야채'를 판매·제공하는 매장,val,야채,T2 동의어,7ef5f447-a4ea-4fa0-acef-2c459778fb89,성부곡물,농산물,제천고추시장,전통시장,충청북도,,,
3eb8f4594e925a48267d,full_annotation_v1,A,q_야채_03,농산물,식료품 중 '야채'를 판매·제공하는 매장,val,야채,T2 동의어,f77d5d30-971c-49d5-9102-012c8b8c1e27,우리농산물,농산물,수유시장,전통시장,서울특별시,,,
053cfdee2db0c16fec21,full_annotation_v1,A,q_야채_03,농산물,식료품 중 '야채'를 판매·제공하는 매장,val,야채,T2 동의어,00534c22-4465-442e-95db-66dd08f99320,삼원상회,채소,칠성시장,전통시장,대구광역시,,,
d97de4f8cb9cef6da577,full_annotation_v1,A,q_야채_03,농산물,식료품 중 '야채'를 판매·제공하는 매장,val,야채,T2 동의어,b7efc0d1-36dc-4e77-9c3c-2f96a198a2f7,보성야채,농산물,남광주시장,전통시장,광주광역시,,,
fc1459ec0b8b5d69ab6a,full_annotation_v1,A,q_야채_03,농산물,식료품 중 '야채'를 판매·제공하는 매장,val,야채,T2 동의어,b221da11-5085-4746-9bac-ed6230b77c18,의성 농산물,농산물,불로전통시장,전통시장,대구광역시,,,
901a7a3e52d0eab7a48e,full_annotation_v1,A,q_야채_03,농산물,식료품 중 '야채'를 판매·제공하는 매장,val,야채,T2 동의어,1f29a0f2-8969-4aa9-842e-27436f0b7574,무주약초,농산물,남원용남시장,전통시장,전북특별자치도,,,
4b57642ddf83c48a4c05,full_annotation_v1,A,q_야채_03,농산물,식료품 중 '야채'를 판매·제공하는 매장,val,야채,T2 동의어,12bac5de-59a7-472a-946b-5e38694a5648,한옥촌,쌈밥,전농배봉산맛집거리골목형상점가,골목형상점가,서울특별시,,,
daacb7b6b6a9700400a1,full_annotation_v1,A,q_야채_03,농산물,식료품 중 '야채'를 판매·제공하는 매장,val,야채,T2 동의어,038184a4-5a6c-4b87-bd06-b57b279f5b86,몬딱,농산물,서귀포매일올레시장,전통시장,제주특별자치도,,,
f6053bf7c157225701db,full_annotation_v1,A,q_야채_03,농산물,식료품 중 '야채'를 판매·제공하는 매장,val,야채,T2 동의어,5a48f9d9-c2f6-4857-a3e0-1db9ce6c4e1e,형제상회,농산물,왕십리도선동상점가,자율상권구역,서울특별시,,,
4477ddc497221205e728,full_annotation_v1,A,q_야채_03,농산물,식료품 중 '야채'를 판매·제공하는 매장,val,야채,T2 동의어,7fdbfbd2-930f-4329-a225-ca7b797e3274,야채,야채,원종고강제일시장(부천제일시장),전통시장,경기도,,,
846a5064a43197b0db8e,full_annotation_v1,A,q_야채_03,농산물,식료품 중 '야채'를 판매·제공하는 매장,val,야채,T2 동의어,be0bd3da-ebf9-481d-a7d6-331645ca7aec,경북상회,농산물,경동시장,전통시장,서울특별시,,,
47c429af81e6af896452,full_annotation_v1,A,q_야채_03,농산물,식료품 중 '야채'를 판매·제공하는 매장,val,야채,T2 동의어,00818eab-32ca-497e-ad5c-1c301a7ea4c9,13번상회,채소,마산 동마산시장,전통시장,경상남도,,,
dfcf782077c5bdff3495,full_annotation_v1,A,q_야채_03,농산물,식료품 중 '야채'를 판매·제공하는 매장,val,야채,T2 동의어,014fc673-2f3b-48cf-a134-d5aebb132435,동성상회,야채,동두천중앙시장,전통시장,경기도,,,
d97b54a26fafbda07665,full_annotation_v1,A,q_야채_03,농산물,식료품 중 '야채'를 판매·제공하는 매장,val,야채,T2 동의어,aa82c75f-fa0c-45e1-8377-c8bb0855ef39,대한마트,농산물,고분다리시장,전통시장,서울특별시,,,
afa17fe2751fb16bf01f,full_annotation_v1,A,q_야채_03,농산물,식료품 중 '야채'를 판매·제공하는 매장,val,야채,T2 동의어,009f034c-8e3b-4a32-aab3-55ece8718004,장봐주는언니 임동점,농수축산물및 가공식품,제니스 골목형상점가,골목형상점가,광주광역시,,,
b97e3cd0b3055dacdb5d,full_annotation_v1,A,q_야채_03,농산물,식료품 중 '야채'를 판매·제공하는 매장,val,야채,T2 동의어,fb207856-f9c3-42dd-85d0-d095be9dedc2,선경상회용운점,농산물,용운시장,전통시장,대전광역시,,,
e84333e3ee8e216fe58a,full_annotation_v1,A,q_야채_03,농산물,식료품 중 '야채'를 판매·제공하는 매장,val,야채,T2 동의어,00b64830-f897-4643-a5fa-6d8950c2ef89,낭만상회,식품,문산자유시장,전통시장,경기도,,,
bd7026b6e1f1fae65f21,full_annotation_v1,A,q_야채_03,농산물,식료품 중 '야채'를 판매·제공하는 매장,val,야채,T2 동의어,b0d12be1-8fe8-471e-8108-9c3850098564,꽃옷가게,,낭주골 골목형상점가,골목형상점가,전북특별자치도,,,
ed50f2ebf791d6253593,full_annotation_v1,A,q_야채_03,농산물,식료품 중 '야채'를 판매·제공하는 매장,val,야채,T2 동의어,00468e6b-39c6-4ce1-a534-a6b1eecac01d,태양농산물,과일,정릉서경대길골목형상점가(정릉골),골목형상점가,서울특별시,,,
2a2592d21784cbb45747,full_annotation_v1,A,q_야채_03,농산물,식료품 중 '야채'를 판매·제공하는 매장,val,야채,T2 동의어,06f191fb-14b4-4d51-8efb-39d44343f1a7,유한회사 바르메이드,샐러드,상무시청상인회 골목형상점가,골목형상점가,광주광역시,,,
190cc1b3295aebfb0587,full_annotation_v1,A,q_야채_03,농산물,식료품 중 '야채'를 판매·제공하는 매장,val,야채,T2 동의어,7591e26d-b43a-43e6-8368-6150ff21df56,플러스주유소,휘발유 경유,삼각동 골목형상점가,골목형상점가,광주광역시,,,
b1da968be2345f66e358,full_annotation_v1,A,q_야채_03,농산물,식료품 중 '야채'를 판매·제공하는 매장,val,야채,T2 동의어,b8e09f92-8de2-48f9-a238-02216e425b3c,시골찜닭통닭전문점 농산물,,원대신시장,전통시장,대구광역시,,,
e036233021c06735a0a7,full_annotation_v1,A,q_야채_03,농산물,식료품 중 '야채'를 판매·제공하는 매장,val,야채,T2 동의어,c50fb70f-de10-490a-b1b5-04eb3509718c,즐거운 야채가게,"청과, 야채, 수산",화개1로78번길상인회 골목형상점가,골목형상점가,광주광역시,,,
9d50a7dcb04052891173,full_annotation_v1,A,q_야채_03,농산물,식료품 중 '야채'를 판매·제공하는 매장,val,야채,T2 동의어,fba98b21-f412-47d3-8669-f2ae6c2aa60c,신림명물마트,농산물,신원시장,전통시장,서울특별시,,,
60a4746338a3838d66ce,full_annotation_v1,A,q_야채_03,농산물,식료품 중 '야채'를 판매·제공하는 매장,val,야채,T2 동의어,015915e3-2542-4245-b627-0c775b4c5501,한내떡집,,거제 고현시장,전통시장,경상남도,,,
dea752e495446c847974,full_annotation_v1,A,q_야채_03,농산물,식료품 중 '야채'를 판매·제공하는 매장,val,야채,T2 동의어,492a0d57-176e-44c4-941c-415043d6458b,영덕 기름집,고춧가루,도마큰시장,전통시장,대전광역시,,,
fd33e079e885c6be12df,full_annotation_v1,A,q_야채_03,농산물,식료품 중 '야채'를 판매·제공하는 매장,val,야채,T2 동의어,01e96e25-dcb5-4957-bc59-05c27b1dae7a,샐러드밀,샐러드,오룡행복 골목형상점가,골목형상점가,전라남도,,,
001788aba7166443a28a,full_annotation_v1,A,q_야채_03,농산물,식료품 중 '야채'를 판매·제공하는 매장,val,야채,T2 동의어,114102e4-7128-4d86-bafb-3a197fcbe666,야채맛집,,남성사계시장,전통시장,서울특별시,,,
7fc771ea436f2a6b7313,full_annotation_v1,A,q_야채_03,농산물,식료품 중 '야채'를 판매·제공하는 매장,val,야채,T2 동의어,56db4778-14ee-4046-a171-821fc0e3f8ce,산수쌈밥,쌈밥,전남여고후문 골목형상점가,골목형상점가,광주광역시,,,
02771b1f652a0f5e81ec,full_annotation_v1,A,q_야채_03,농산물,식료품 중 '야채'를 판매·제공하는 매장,val,야채,T2 동의어,00b6e321-5954-437c-b1d9-94fded29f67e,웰빙마트,식품,서남신시장,전통시장,대구광역시,,,
b29ebe1b8409282d6765,full_annotation_v1,A,q_야채_03,농산물,식료품 중 '야채'를 판매·제공하는 매장,val,야채,T2 동의어,879dba5b-f947-4eca-ac46-1a1747d70e05,늘푸른야채가게,야채,새마을시장,전통시장,서울특별시,,,
d4cb2931add6c0338439,full_annotation_v1,A,q_야채_03,농산물,식료품 중 '야채'를 판매·제공하는 매장,val,야채,T2 동의어,01b4b567-78d4-4fa1-9bff-25fd01fb1a4c,소문난김치집,김치,중앙먹거리 상인회 골목형상점가,골목형상점가,전라남도,,,
28e362815b246ce50b5e,full_annotation_v1,A,q_야채_03,농산물,식료품 중 '야채'를 판매·제공하는 매장,val,야채,T2 동의어,2a4d7c8d-88ff-4d3e-b04b-dba29a207148,감자바우,농산물,속초종합중앙시장,전통시장,강원특별자치도,,,
deb2de61bee2bb29d3eb,full_annotation_v1,A,q_야채_03,농산물,식료품 중 '야채'를 판매·제공하는 매장,val,야채,T2 동의어,65363b34-8d67-4686-ab8b-a68a54c160f4,어생청,농산물,화원시장,전통시장,대구광역시,,,
757f28102c7fe1717f7d,full_annotation_v1,A,q_야채_03,농산물,식료품 중 '야채'를 판매·제공하는 매장,val,야채,T2 동의어,bf263cc5-557d-4702-963a-09107e528b3f,우리동네,농산물,대조시장,전통시장,서울특별시,,,
44eea088574fc48c6ccf,full_annotation_v1,A,q_야채_03,농산물,식료품 중 '야채'를 판매·제공하는 매장,val,야채,T2 동의어,1249a3b2-a151-43f5-829c-260e383889ae,농협중매인3번,농산물,사천 삼천포중앙시장,전통시장,경상남도,,,
45bd731d27056ca58e34,full_annotation_v1,A,q_야채_03,농산물,식료품 중 '야채'를 판매·제공하는 매장,val,야채,T2 동의어,10dcb9ff-2cd8-4eda-812d-644fdb1a381c,따올과,농산물,더불어용두 골목형상점가,골목형상점가,광주광역시,,,
b5bd047f2d63f370f81b,full_annotation_v1,A,q_야채_03,농산물,식료품 중 '야채'를 판매·제공하는 매장,val,야채,T2 동의어,5505efc4-a8b0-470a-8dc3-5d635f5ae018,이레농산물,농산물,춘천번개시장,전통시장,강원특별자치도,,,
17a78754be37f19c2b8d,full_annotation_v1,A,q_야채_03,농산물,식료품 중 '야채'를 판매·제공하는 매장,val,야채,T2 동의어,aa7b0fbb-dd94-4e98-94c9-0e6855415d80,늘푸른야채가게,야채,길동복조리시장,전통시장,서울특별시,,,
037796f37bafa2c6d4a8,full_annotation_v1,A,q_야채_03,농산물,식료품 중 '야채'를 판매·제공하는 매장,val,야채,T2 동의어,9cd6e166-3c23-4f36-ad12-018a73bd02c3,은혜야채가게,농산물,상도전통시장,전통시장,서울특별시,,,
779474decdf42bbc490f,full_annotation_v1,A,q_야채_03,농산물,식료품 중 '야채'를 판매·제공하는 매장,val,야채,T2 동의어,ab649915-7ba4-4fcc-9588-daf4702a4eba,김밥가게,김밥,혁신도시5구역골목형상점가,골목형상점가,강원특별자치도,,,
1d6c549deffc62980630,full_annotation_v1,A,q_야채_03,농산물,식료품 중 '야채'를 판매·제공하는 매장,val,야채,T2 동의어,ba94d8c2-63ab-4fe2-bc59-4c4b3e540111,형제상회,농산물,부평깡시장,전통시장,인천광역시,,,
0969ff7fa7b660193018,full_annotation_v1,A,q_야채_03,농산물,식료품 중 '야채'를 판매·제공하는 매장,val,야채,T2 동의어,38d33dd0-da61-4784-bac4-f0d8ecbe6d79,야채천국,야채,길동복조리시장,전통시장,서울특별시,,,
eb2c1181f700736f7109,full_annotation_v1,A,q_야채_03,농산물,식료품 중 '야채'를 판매·제공하는 매장,val,야채,T2 동의어,a4186fd8-3905-45d1-92c5-e6df31c78997,경북상회,농산물,영등포전통시장,자율상권구역,서울특별시,,,
cd98d9470d4275e540f5,full_annotation_v1,A,q_야채_03,농산물,식료품 중 '야채'를 판매·제공하는 매장,val,야채,T2 동의어,547be72a-2b08-4865-acc9-efec48cc1450,야채꾼,야채,신 강남시장,전통시장,인천광역시,,,
17a9be1c01515291505b,full_annotation_v1,A,q_야채_03,농산물,식료품 중 '야채'를 판매·제공하는 매장,val,야채,T2 동의어,000527f2-442a-4dd1-9bfc-8a8cd9fd5410,(유)뉴현대상회,농산물,가락몰골목형상점가,골목형상점가,서울특별시,,,
0d2ceaab7f718ab5e775,full_annotation_v1,A,q_야채_03,농산물,식료품 중 '야채'를 판매·제공하는 매장,val,야채,T2 동의어,325d5262-10f4-4d71-a760-9c3424e61119,늘푸른야채가게,과일 및 야채 도소매,반석동 골목형상점가,골목형상점가,대전광역시,,,
e69705dcd30e4398bec4,full_annotation_v1,A,q_야채_03,농산물,식료품 중 '야채'를 판매·제공하는 매장,val,야채,T2 동의어,611e2640-33f1-469d-8cc6-74c489f063d9,우리농산물,농산물,우리시장,자율상권구역,서울특별시,,,
9f26fcaeec700d399e4c,full_annotation_v1,A,q_야채_03,농산물,식료품 중 '야채'를 판매·제공하는 매장,val,야채,T2 동의어,006204f3-b214-4611-a434-f896bf75e919,장터사랑,과일,농성세대공감상인회 골목형상점가,골목형상점가,광주광역시,,,
5ad1f7e56598d1e006d8,full_annotation_v1,A,q_야채_03,농산물,식료품 중 '야채'를 판매·제공하는 매장,val,야채,T2 동의어,f47e2295-7308-4fdd-b9ad-f03e1387b754,경북상회,농산물,조원시장,전통시장,경기도,,,
3c8bf7245119857fdea1,full_annotation_v1,A,q_야채_03,농산물,식료품 중 '야채'를 판매·제공하는 매장,val,야채,T2 동의어,000a244a-1e28-40b7-8d55-d5b1055f12d2,진해상회,채소,마산어시장,전통시장,경상남도,,,
ab6f20fec323a3e4a865,full_annotation_v1,A,q_야채_03,농산물,식료품 중 '야채'를 판매·제공하는 매장,val,야채,T2 동의어,f5ab7691-05b9-428c-ab2e-3aab69199f2d,서탄상회,농산물,송탄시장(송북시장),전통시장,경기도,,,
010073c5035448b975f2,full_annotation_v1,A,q_야채_03,농산물,식료품 중 '야채'를 판매·제공하는 매장,val,야채,T2 동의어,758f5264-c8a9-435f-915d-612d7051e4de,훈철청과,농산물,서귀포향토오일시장,전통시장,제주특별자치도,,,
6e374b3b13c74cf7d4d7,full_annotation_v1,A,q_야채_03,농산물,식료품 중 '야채'를 판매·제공하는 매장,val,야채,T2 동의어,0622e5e4-d762-4378-aeb6-eb6148f9dec6,개도리김치,"김치, 채소, 건어물",나주목사고을시장,전통시장,,,,
f8c620c13d2eee783a5f,full_annotation_v1,A,q_야채_03,농산물,식료품 중 '야채'를 판매·제공하는 매장,val,야채,T2 동의어,424570b6-c9bb-4549-a3d6-b256fea1b337,안강농산물,농산물,안강공설시장,전통시장,경상북도,,,
56e5953a39bc65a5af2c,full_annotation_v1,A,q_야채_03,농산물,식료품 중 '야채'를 판매·제공하는 매장,val,야채,T2 동의어,37220205-6fc7-43d5-8f20-8caf0319ff91,우리농산물,농산물,제천역전한마음시장(구 제천역전시장),전통시장,충청북도,,,
d6ea72d3d4bd184a6879,full_annotation_v1,A,q_야채_03,농산물,식료품 중 '야채'를 판매·제공하는 매장,val,야채,T2 동의어,bc7818ab-5c79-4488-92e7-5365da7c12c1,즐거운야채가게,채소,논산화지중앙시장,전통시장,충청남도,,,
095f3ffa5f6a979fd106,full_annotation_v1,A,q_야채_03,농산물,식료품 중 '야채'를 판매·제공하는 매장,val,야채,T2 동의어,b0f4f767-85f8-4835-ab03-0938fb339f2e,경워낭회,농산물,황지시장상점가,자율상권구역,강원특별자치도,,,
90851b8413deb67bfdb5,full_annotation_v1,A,q_야채_03,농산물,식료품 중 '야채'를 판매·제공하는 매장,val,야채,T2 동의어,801aadad-3184-49da-adc1-54fbd3ddde7c,아디다스,의류,봉담 트레보아울렛 상점가,골목형상점가,경기도,,,
88a9d8a28115ffac7c9b,full_annotation_v1,A,q_야채_03,농산물,식료품 중 '야채'를 판매·제공하는 매장,val,야채,T2 동의어,54da37ff-3af1-4033-9ab6-26d2d52c42dd,철이네야채가게,채소,동서시장,전통시장,대구광역시,,,
9c036aeb507f67de6cce,full_annotation_v1,A,q_야채_03,농산물,식료품 중 '야채'를 판매·제공하는 매장,val,야채,T2 동의어,03a6e716-3825-40e3-ba06-e047ee5e5483,부일반찬,김치,초량전통시장,전통시장,부산광역시,,,
b399fc51132f6c254e3d,full_annotation_v1,A,q_야채_03,농산물,식료품 중 '야채'를 판매·제공하는 매장,val,야채,T2 동의어,15578c36-25cb-47c6-b623-02d015391845,서가네쌈밥,쌈밥,면곡시장 골목형상점가,골목형상점가,서울특별시,,,
9fb3bbcfae128369bb52,full_annotation_v1,A,q_야채_03,농산물,식료품 중 '야채'를 판매·제공하는 매장,val,야채,T2 동의어,b3f739b1-7c41-4540-8eb8-98ff2c24921f,자매야채가게,야채잡곡,가좌시장,전통시장,인천광역시,,,
7b935358116303710407,full_annotation_v1,A,q_야채_03,농산물,식료품 중 '야채'를 판매·제공하는 매장,val,야채,T2 동의어,f5133fff-9e6e-4ad7-b443-91082e174527,정준약초,농산물,제주시민속오일시장,전통시장,제주특별자치도,,,
06be876210b6dfc850b8,full_annotation_v1,A,q_야채_03,농산물,식료품 중 '야채'를 판매·제공하는 매장,val,야채,T2 동의어,ffa782dc-e0ff-4365-8fd0-3e3c6440106d,요앞떡가게,떡류,장승백이전통시장(구 만수창대시장),전통시장,인천광역시,,,
bf8d1a52898712df3138,full_annotation_v1,A,q_야채_03,농산물,식료품 중 '야채'를 판매·제공하는 매장,val,야채,T2 동의어,cf33d4a4-2e62-4a48-b399-9abab0d4c732,우리농산물,농산물,고덕골목형상점가,골목형상점가,서울특별시,,,
16aa00f85c8f7f79196d,full_annotation_v1,A,q_야채_03,농산물,식료품 중 '야채'를 판매·제공하는 매장,val,야채,T2 동의어,007fd232-3c16-44ff-be59-cf265f3775e9,동문상회,채소버섯,팔달신시장,전통시장,대구광역시,,,
8685c28561fc5a8618a6,full_annotation_v1,A,q_야채_03,농산물,식료품 중 '야채'를 판매·제공하는 매장,val,야채,T2 동의어,8bbed3ec-9e9c-4641-8c15-1c695e96cffc,형제상회,농산물,진주 논개시장,전통시장,경상남도,,,
05bf028eb082d5f56ed2,full_annotation_v1,A,q_야채_03,농산물,식료품 중 '야채'를 판매·제공하는 매장,val,야채,T2 동의어,bbe5cca7-e37a-44f6-a94a-94e0dd85243e,야채가게,야채,만수시장,전통시장,인천광역시,,,
cf77062f8b6fed97db06,full_annotation_v1,A,q_야채_03,농산물,식료품 중 '야채'를 판매·제공하는 매장,val,야채,T2 동의어,3d927899-6038-4a5b-b1b9-575496dab03d,흰돌상회,농산물,부전상가시장,전통시장,부산광역시,,,
ff13b642734eb5119592,full_annotation_v1,A,q_야채_03,농산물,식료품 중 '야채'를 판매·제공하는 매장,val,야채,T2 동의어,8475b362-5086-4b1e-beb8-f23cb9669190,농산,농산물,안강공설시장,전통시장,경상북도,,,
6341ddbaadcce2165d54,full_annotation_v1,A,q_야채_03,농산물,식료품 중 '야채'를 판매·제공하는 매장,val,야채,T2 동의어,75bba542-7767-4567-bfd3-b4e6de277604,하례농산,농산물,서귀포향토오일시장,전통시장,제주특별자치도,,,
89b982e937ecc7922b5f,full_annotation_v1,A,q_야채_03,농산물,식료품 중 '야채'를 판매·제공하는 매장,val,야채,T2 동의어,008d4156-e489-4d1f-9205-b541972d35a8,과일왕,과일 잡화 야채 먹거리,연제동 골목형상점가,골목형상점가,광주광역시,,,
6da3da373ae495849c15,full_annotation_v1,A,q_야채_03,농산물,식료품 중 '야채'를 판매·제공하는 매장,val,야채,T2 동의어,c03221ec-685c-4424-9338-555aeef71fda,해숙이네야채가게,채소류,서천특화시장,전통시장,충청남도,,,
7198f8e697252ba4ee7c,full_annotation_v1,A,q_야채_03,농산물,식료품 중 '야채'를 판매·제공하는 매장,val,야채,T2 동의어,cf727274-392b-4cc0-8744-1993e93c4ccc,역전상회,농산물,매산시장,전통시장,경기도,,,
c54c510b206cbaa1e459,full_annotation_v1,A,q_야채_03,농산물,식료품 중 '야채'를 판매·제공하는 매장,val,야채,T2 동의어,89cfb078-9516-4844-b956-cf99ce0d677b,형제상회,농산물,진주 새서부시장,전통시장,경상남도,,,
d93b30228bd5a83a3421,full_annotation_v1,A,q_야채_03,농산물,식료품 중 '야채'를 판매·제공하는 매장,val,야채,T2 동의어,6f224767-c91c-4c3c-bded-50f005c5aba1,박갑철,농산물,칠성시장,전통시장,대구광역시,,,
a07d1b9eb7b75950efa9,full_annotation_v1,A,q_야채_03,농산물,식료품 중 '야채'를 판매·제공하는 매장,val,야채,T2 동의어,2f69067a-7a10-4233-893d-2bdfb0b1ab45,우리농산물,농산물,혁신도시 대림동 골목형상점가,골목형상점가,대구광역시,,,
9526b3e8f4e41c759ac7,full_annotation_v1,A,q_야채_03,농산물,식료품 중 '야채'를 판매·제공하는 매장,val,야채,T2 동의어,0ea864eb-7aac-40cc-a5df-37d6470f9ec7,야채살롱,야채외,대연골목시장 골목형상점가,골목형상점가,부산광역시,,,
222380ff1538f4129490,full_annotation_v1,A,q_야채_03,농산물,식료품 중 '야채'를 판매·제공하는 매장,val,야채,T2 동의어,016f8113-22a7-4ef1-a80f-0562dd2a06e9,동이식품,"식품, 농산물",중앙신시장,전통시장,경상북도,,,
ff8b75036d3443b8d671,full_annotation_v1,A,q_야채_03,농산물,식료품 중 '야채'를 판매·제공하는 매장,val,야채,T2 동의어,fd2839e1-7b09-451d-909d-9ac56082dc71,차령농산,농산물,청주육거리종합시장,전통시장,충청북도,,,
13f4e6ffeca23e279b34,full_annotation_v1,A,q_야채_03,농산물,식료품 중 '야채'를 판매·제공하는 매장,val,야채,T2 동의어,00c56499-bc90-4ed6-bb66-3802cc762889,의령상회,채소,부전상가시장,전통시장,부산광역시,,,
4b899159985e7b38bf70,full_annotation_v1,A,q_야채_03,농산물,식료품 중 '야채'를 판매·제공하는 매장,val,야채,T2 동의어,a4c682cc-59ef-4c41-8c3d-3d714d3f7cdb,우리농산물,농산물,칠곡시장,전통시장,대구광역시,,,
695c5ebe56fb1b27fa46,full_annotation_v1,A,q_야채_03,농산물,식료품 중 '야채'를 판매·제공하는 매장,val,야채,T2 동의어,79da0a4f-5bd0-459a-a0af-70e2d9e960a8,호성농수산,농산물,부전시장,전통시장,부산광역시,,,
7f63c8e7476cbe1cdee7,full_annotation_v1,A,q_야채_03,농산물,식료품 중 '야채'를 판매·제공하는 매장,val,야채,T2 동의어,0b8ef6dc-2f6b-4707-bd73-529122d9c97a,하단떡집,떡집,하단오일상설시장,전통시장,부산광역시,,,
8f493054a7ce299b5a30,full_annotation_v1,A,q_야채_03,농산물,식료품 중 '야채'를 판매·제공하는 매장,val,야채,T2 동의어,e3fe42ae-8f40-4abf-a4b1-8c76826b6374,우리농산물,농산물,신월4동먹자골목골목형상점가,골목형상점가,서울특별시,,,
eeb857e4fbeff13d79f5,full_annotation_v1,A,q_야채_03,농산물,식료품 중 '야채'를 판매·제공하는 매장,val,야채,T2 동의어,4fbb5e24-7864-4ef8-98e4-dcff9e75b532,효성농산,농산물,대구능금시장,전통시장,대구광역시,,,
8d1078688a876c86388c,full_annotation_v1,A,q_야채_03,농산물,식료품 중 '야채'를 판매·제공하는 매장,val,야채,T2 동의어,014b06bd-3fa3-4cde-b459-e62ca64c33aa,조은식품,채소,하양꿈바우시장,전통시장,경상북도,,,
ba9f7fbf69e943d2b5a3,full_annotation_v1,A,q_야채_03,농산물,식료품 중 '야채'를 판매·제공하는 매장,val,야채,T2 동의어,9a66c2a5-2781-4924-8614-40531083a3c3,승주상회,농산물,순천역전시장상가,자율상권구역,전라남도,,,
f15ad749f8222b585999,full_annotation_v1,A,q_야채_03,농산물,식료품 중 '야채'를 판매·제공하는 매장,val,야채,T2 동의어,f1980a14-2073-45a4-a391-c133cf9c2c98,큰유통,농산물,새마을시장,전통시장,서울특별시,,,
22fda0d6e71aa5e4960e,full_annotation_v1,A,q_야채_03,농산물,식료품 중 '야채'를 판매·제공하는 매장,val,야채,T2 동의어,49aaa95e-4ee5-49b5-9c50-a2a27a526dae,두촌물산,농산물,홍천중앙시장(홍천신시장),전통시장,강원특별자치도,,,
c84e6486a16c9c4ef62b,full_annotation_v1,A,q_야채_03,농산물,식료품 중 '야채'를 판매·제공하는 매장,val,야채,T2 동의어,996a73aa-a6d4-4810-a45b-d53c87ccbfdd,유성정육점,정육,마천중앙시장,전통시장,서울특별시,,,
0837ad9ad738e0fd5bc9,full_annotation_v1,A,q_야채_03,농산물,식료품 중 '야채'를 판매·제공하는 매장,val,야채,T2 동의어,7c8050e5-ae3e-4e86-9a04-af76b4619b75,경미네 야채가게,야채,정선아리랑시장,전통시장,강원특별자치도,,,
c4b848e702cbc9db91ad,full_annotation_v1,A,q_야채_03,농산물,식료품 중 '야채'를 판매·제공하는 매장,val,야채,T2 동의어,008d1ed4-a5d7-492e-9959-f8307a68cc5f,샐러드 정원,"샐러드, 샌드위치",미성동도깨비시장,골목형상점가,서울특별시,,,
1d4cb9db851b6aa5f9f9,full_annotation_v1,A,q_야채_03,농산물,식료품 중 '야채'를 판매·제공하는 매장,val,야채,T2 동의어,c53e4f44-a2c9-420b-be24-708e5224ee27,두찜 인천석남점,찜닭,신석로골목형상점가,골목형상점가,인천광역시,,,
ac7f236ee2e6816e9c67,full_annotation_v1,A,q_야채_03,농산물,식료품 중 '야채'를 판매·제공하는 매장,val,야채,T2 동의어,81b5378a-4508-4461-9d58-397787accff7,주헌물산,농산물,남문골목형상점가,골목형상점가,강원특별자치도,,,
5864eb06b4d9429b4c5e,full_annotation_v1,A,q_야채_03,농산물,식료품 중 '야채'를 판매·제공하는 매장,val,야채,T2 동의어,00e92856-b294-4032-8540-d60e9817f2d8,럭키약국,"의약품, 건강기능식품, 식품",충무로골목형상점가,골목형상점가,서울특별시,,,
829dc87e53a1446b6f54,full_annotation_v1,A,q_야채_03,농산물,식료품 중 '야채'를 판매·제공하는 매장,val,야채,T2 동의어,2acebc6c-6274-4fdf-88aa-1d187bc8e77b,정헌상회,농산물,가락몰골목형상점가,골목형상점가,서울특별시,,,
f24b5c3debca29a29cd8,full_annotation_v1,A,q_야채_03,농산물,식료품 중 '야채'를 판매·제공하는 매장,val,야채,T2 동의어,91c012e7-7d16-4894-9e18-5ebb1306dcc1,형제상회,농산물,괴산시장,전통시장,충청북도,,,
f5b063e3f0ac2ceb0169,full_annotation_v1,A,q_야채_03,농산물,식료품 중 '야채'를 판매·제공하는 매장,val,야채,T2 동의어,a04c8050-893b-498b-83db-49fe16177f77,한샘농산물,농산물,서현센트럴상점,골목형상점가,경기도,,,
7affdf45b6abf9f2a6e2,full_annotation_v1,A,q_야채_03,농산물,식료품 중 '야채'를 판매·제공하는 매장,val,야채,T2 동의어,aba957b5-34cc-4232-8ceb-493c5a3f99ff,우리농산물,농산물,장안마실골목형상점가,골목형상점가,서울특별시,,,
00f63ea600a8ab99101e,full_annotation_v1,A,q_야채_03,농산물,식료품 중 '야채'를 판매·제공하는 매장,val,야채,T2 동의어,45629af1-7f77-40b6-baaf-c8f833278a94,야채가게,죽,계양산전통시장,전통시장,인천광역시,,,
231a759bc5ae9f5d54ff,full_annotation_v1,A,q_야채_03,농산물,식료품 중 '야채'를 판매·제공하는 매장,val,야채,T2 동의어,986216b7-32bd-48c6-a752-926aef6a3cb2,승리 농산물,농산물,강화풍물시장,전통시장,인천광역시,,,
c3d29bf6f1f3167c2a2e,full_annotation_v1,A,q_야채_03,농산물,식료품 중 '야채'를 판매·제공하는 매장,val,야채,T2 동의어,31fcc0ce-54c8-480a-a4b7-607597718a2d,농산물,과일,삼천동제일 골목형상점가,골목형상점가,전북특별자치도,,,
e4f8b54793d9480b46e4,full_annotation_v1,A,q_야채_03,농산물,식료품 중 '야채'를 판매·제공하는 매장,val,야채,T2 동의어,9e4281e3-0773-485e-8905-0bf4cbe58e41,사능유통,농산물,공릉동도깨비시장,전통시장,서울특별시,,,
ef90a245d22e93fe2d32,full_annotation_v1,A,q_야채_03,농산물,식료품 중 '야채'를 판매·제공하는 매장,val,야채,T2 동의어,8f9174b3-f9c8-4104-a4a3-a2a03df8fd0e,노점,농산물,정남진장흥토요시장,전통시장,전라남도,,,
e7196cfad2f65c485da2,full_annotation_v1,A,q_야채_03,농산물,식료품 중 '야채'를 판매·제공하는 매장,val,야채,T2 동의어,72dd640d-c7d7-42f9-935e-929d5ae8e8a1,우리농산,농산물,양산 남부시장상가,전통시장,경상남도,,,
991bad438db4fe2c1a6a,full_annotation_v1,A,q_야채_03,농산물,식료품 중 '야채'를 판매·제공하는 매장,val,야채,T2 동의어,7b8995cf-37fc-4f4f-aff3-156ffe3441c7,마실가게,한식,자갈치해안시장,전통시장,부산광역시,,,
3d5c239c8dd7135abe16,full_annotation_v1,A,q_야채_03,농산물,식료품 중 '야채'를 판매·제공하는 매장,val,야채,T2 동의어,9f7c2610-deef-4558-8128-080c7e53fca7,우리농산물,농산물,아차산등산로골목형상점가,골목형상점가,서울특별시,,,
8ba13e7e42cf8c8b8fa9,full_annotation_v1,A,q_야채_03,농산물,식료품 중 '야채'를 판매·제공하는 매장,val,야채,T2 동의어,3c071b9c-2a56-4ef4-84be-a6de653e81c0,금성침대 서인천가구단지,가구,서인천가구단지,자율상권구역,인천광역시,,,
74ef5de4f35e20148bb0,full_annotation_v1,A,q_야채_03,농산물,식료품 중 '야채'를 판매·제공하는 매장,val,야채,T2 동의어,87695168-02dd-49dd-af93-733c1c36149d,우리농산물,농산물,하동 화개장터,전통시장,경상남도,,,
3fd37058d730b97d9ca0,full_annotation_v1,A,q_야채_03,농산물,식료품 중 '야채'를 판매·제공하는 매장,val,야채,T2 동의어,5f8a254b-7ad1-4710-8dc3-e5db3ba6de21,형제상회,농산물,중앙신시장,전통시장,경상북도,,,
87c0256577ecddd7ec38,full_annotation_v1,A,q_야채_03,농산물,식료품 중 '야채'를 판매·제공하는 매장,val,야채,T2 동의어,01e1344e-fc61-4745-9a25-e3524df6fd59,우리농산물,농산물,용산용문시장,전통시장,서울특별시,,,
291980c46358b5abe8f2,full_annotation_v1,A,q_야채_03,농산물,식료품 중 '야채'를 판매·제공하는 매장,val,야채,T2 동의어,24fc3b76-0c71-49b5-a6fb-449d736696cf,우리농산물,농산물,공릉동도깨비시장,전통시장,서울특별시,,,
4c28e6ef97445da97b80,full_annotation_v1,A,q_야채_03,농산물,식료품 중 '야채'를 판매·제공하는 매장,val,야채,T2 동의어,0a9d1866-304d-492e-8782-01a94babe6e4,태양야채,농산물,비단길현대시장,전통시장,서울특별시,,,
a87d51d71037767cae85,full_annotation_v1,A,q_야채_03,농산물,식료품 중 '야채'를 판매·제공하는 매장,val,야채,T2 동의어,b1eece7f-4a30-4985-8a59-f7b98885ac99,선이가게,수산물,고성시장,전통시장,경상남도,,,
d1e0d0507b74e1a25133,full_annotation_v1,A,q_야채_03,농산물,식료품 중 '야채'를 판매·제공하는 매장,val,야채,T2 동의어,8008eb35-617a-4f33-95f6-2ef7cc9e37dc,우리농산물,농산물,덕정골목형상점가,골목형상점가,경기도,,,
b00a1347533fd80b5af1,full_annotation_v1,A,q_야채_03,농산물,식료품 중 '야채'를 판매·제공하는 매장,val,야채,T2 동의어,04c905ba-3172-4ea4-a6dd-4345d674dea0,덕순이네,제조업(떡집),장터길 골목형상점가,골목형상점가,경기도,,,
dbd21d654893db781c60,full_annotation_v1,A,q_야채_03,농산물,식료품 중 '야채'를 판매·제공하는 매장,val,야채,T2 동의어,01f160fc-531c-4191-aa22-453462e0f38a,천년,김치,오정동상점가,자율상권구역,대전광역시,,,
98e058b3d5f0a756b08b,full_annotation_v1,A,q_야채_03,농산물,식료품 중 '야채'를 판매·제공하는 매장,val,야채,T2 동의어,57e1b52b-f66f-42c8-b6aa-64a994665e42,하욱농원,농산물,영주골목시장,전통시장,경상북도,,,
70adda18222710a3aa75,full_annotation_v1,A,q_야채_03,농산물,식료품 중 '야채'를 판매·제공하는 매장,val,야채,T2 동의어,33a9bfac-836b-440c-b2c3-c0c2f9b57844,골동품미술관,생활용품,천안중앙시장,전통시장,충청남도,,,
68513431ba1f4caaddd0,full_annotation_v1,A,q_야채_03,농산물,식료품 중 '야채'를 판매·제공하는 매장,val,야채,T2 동의어,c96d7b36-c30e-46ce-81b2-f67f6e79f1c4,가좌농산물,농산물,가좌시장,전통시장,인천광역시,,,
164332fbe60c243a62d7,full_annotation_v1,A,q_야채_03,농산물,식료품 중 '야채'를 판매·제공하는 매장,val,야채,T2 동의어,c0dc2160-1557-4d3b-9c7b-d53777c1e4b5,삼춘농산물,농산물,둔촌역전통시장,전통시장,서울특별시,,,
78e6b0f44537e1fdbdc4,full_annotation_v1,A,q_야채_03,농산물,식료품 중 '야채'를 판매·제공하는 매장,val,야채,T2 동의어,6affc835-2856-4c09-a401-819b169c15ff,황금코다리 상무점,한식,치평동1002상인회 골목형상점가,골목형상점가,광주광역시,,,
ed87a195c9964b1c2461,full_annotation_v1,A,q_야채_04,야채가게,식료품 중 '야채'를 판매·제공하는 매장,val,야채,T2 동의어,5f35d1eb-8806-45cb-8310-e69661deebd8,남목채소,채소,남목전통시장,전통시장,울산광역시,,,
7d7648a816a6d10c9c9e,full_annotation_v1,A,q_야채_04,야채가게,식료품 중 '야채'를 판매·제공하는 매장,val,야채,T2 동의어,54ca1645-4cb0-4ec6-8043-3767c616eb16,제일상회,채소,말바우시장,전통시장,광주광역시,,,
54529f420ba556c44858,full_annotation_v1,A,q_야채_04,야채가게,식료품 중 '야채'를 판매·제공하는 매장,val,야채,T2 동의어,ee64db6b-6b64-4d05-9bcb-5c8946a9a463,서울상회,채소,순천역전시장상가,자율상권구역,전라남도,,,
f40c00b8bb656c760cae,full_annotation_v1,A,q_야채_04,야채가게,식료품 중 '야채'를 판매·제공하는 매장,val,야채,T2 동의어,c15b7d24-b90f-4edb-a4d7-38d243dad39e,가게,담배,대명시장,전통시장,대구광역시,,,
220c0b6d6be44b8e3b06,full_annotation_v1,A,q_야채_04,야채가게,식료품 중 '야채'를 판매·제공하는 매장,val,야채,T2 동의어,cac8c80b-14e1-4f0e-b478-3337738723d2,점둘상회,채소,충무동 새벽시장,전통시장,부산광역시,,,
8f720bdf1d9174de3975,full_annotation_v1,A,q_야채_04,야채가게,식료품 중 '야채'를 판매·제공하는 매장,val,야채,T2 동의어,314f20d4-4645-4f81-81c8-cc8ae0c3c32c,유선상회,채소,현대시장,전통시장,인천광역시,,,
c65f10aaee5489c19bdd,full_annotation_v1,A,q_야채_04,야채가게,식료품 중 '야채'를 판매·제공하는 매장,val,야채,T2 동의어,98cebc98-8d67-4b55-bf6d-60919650d41a,정미채소,채소,정읍샘고을시장,전통시장,전북특별자치도,,,
f2e714af2d80b84360e5,full_annotation_v1,A,q_야채_04,야채가게,식료품 중 '야채'를 판매·제공하는 매장,val,야채,T2 동의어,01f160fc-531c-4191-aa22-453462e0f38a,천년,김치,오정동상점가,자율상권구역,대전광역시,,,
515d74b6c58b78d8de42,full_annotation_v1,A,q_야채_04,야채가게,식료품 중 '야채'를 판매·제공하는 매장,val,야채,T2 동의어,dcd770eb-a73f-42e7-ab46-771f314bce93,창창야채,채소,평택통복시장,전통시장,경기도,,,
af9cd1324593af8ac03f,full_annotation_v1,A,q_야채_04,야채가게,식료품 중 '야채'를 판매·제공하는 매장,val,야채,T2 동의어,98f0ab8f-97a8-430a-bbf0-8812a6fdbe7f,충남상회,채소,대구청과시장,전통시장,대구광역시,,,
a81210da27388d8a2a58,full_annotation_v1,A,q_야채_04,야채가게,식료품 중 '야채'를 판매·제공하는 매장,val,야채,T2 동의어,c587805a-64c7-4032-90a2-1531a5cd1085,경북상회,채소,청주중앙시장,전통시장,충청북도,,,
18831f28965f0d82b13e,full_annotation_v1,A,q_야채_04,야채가게,식료품 중 '야채'를 판매·제공하는 매장,val,야채,T2 동의어,bf528295-96f2-4795-909b-df66a23757c5,봉화채소,채소,서동전통골목시장,전통시장,부산광역시,,,
ddb5d7fbdc89576f5b24,full_annotation_v1,A,q_야채_04,야채가게,식료품 중 '야채'를 판매·제공하는 매장,val,야채,T2 동의어,2de2bd43-1d82-4700-b2b7-8091b92a55c4,제일상회,채소,부평깡시장,전통시장,인천광역시,,,
d8c4fc81598929dc6bc2,full_annotation_v1,A,q_야채_04,야채가게,식료품 중 '야채'를 판매·제공하는 매장,val,야채,T2 동의어,7549a385-4351-4d2c-9dec-e3c00423fcc8,유진상회,채소,논산화지중앙시장,전통시장,충청남도,,,
0686bbc9d23bb74c93b4,full_annotation_v1,A,q_야채_04,야채가게,식료품 중 '야채'를 판매·제공하는 매장,val,야채,T2 동의어,8280a966-14d6-4812-8eb5-5190346b8be8,카페 헬씨,"소프트 바게트, 소프트 바게트 샌드위치 6종, 커피 및 음료",광교상현역 온누리 골목형상점가,골목형상점가,경기도,,,
b49dc0e70504fdc67aac,full_annotation_v1,A,q_야채_04,야채가게,식료품 중 '야채'를 판매·제공하는 매장,val,야채,T2 동의어,5786346a-30e8-41fd-9cf0-c2769e0dfde9,늘싱싱야채가게,야채과일,신산격종합시장 골목형상점가,골목형상점가,대구광역시,,,
d72b4245fca68c52fe6e,full_annotation_v1,A,q_야채_04,야채가게,식료품 중 '야채'를 판매·제공하는 매장,val,야채,T2 동의어,340131e4-e488-467c-93a1-c2c1a38c97fc,기철야채,채소,서정리시장(서정시장),전통시장,경기도,,,
63a0661f519ee296bb32,full_annotation_v1,A,q_야채_04,야채가게,식료품 중 '야채'를 판매·제공하는 매장,val,야채,T2 동의어,063d7960-6be9-4765-b6a3-ad8b0bbe656f,원이채소,채소,남항시장,전통시장,부산광역시,,,
cdbb75dbc5b239421ac3,full_annotation_v1,A,q_야채_04,야채가게,식료품 중 '야채'를 판매·제공하는 매장,val,야채,T2 동의어,b1eece7f-4a30-4985-8a59-f7b98885ac99,선이가게,수산물,고성시장,전통시장,경상남도,,,
2beeacf14e9e7b553b3d,full_annotation_v1,A,q_야채_04,야채가게,식료품 중 '야채'를 판매·제공하는 매장,val,야채,T2 동의어,5c55b609-2e0f-4319-b960-25580e714d4c,차칸가게,과일,일산시장(구 일산전통시장),전통시장,경기도,,,
eb7adcc68f2b6eb4372a,full_annotation_v1,A,q_야채_04,야채가게,식료품 중 '야채'를 판매·제공하는 매장,val,야채,T2 동의어,2ab80a52-3a34-4399-9dae-c7ffae49cee0,대구상회,채소,경주성동공설시장,전통시장,경상북도,,,
4710c1f1f84124e6ff07,full_annotation_v1,A,q_야채_04,야채가게,식료품 중 '야채'를 판매·제공하는 매장,val,야채,T2 동의어,ab7dd5cc-97d9-477c-89bc-6f2868c828d1,형제상회,채소,정이있는 구포시장,전통시장,부산광역시,,,
2d8e6d5421c162335d80,full_annotation_v1,A,q_야채_04,야채가게,식료품 중 '야채'를 판매·제공하는 매장,val,야채,T2 동의어,e6b1b9e7-be39-491d-ac2b-f22370440245,하당상회,채소,죽변시장,전통시장,경상북도,,,
a73a579f23ece4b52c5c,full_annotation_v1,A,q_야채_04,야채가게,식료품 중 '야채'를 판매·제공하는 매장,val,야채,T2 동의어,aaf9d1eb-4cb7-4e16-88f5-d2b91bf480ae,관포선어,채소,거제 고현시장,전통시장,경상남도,,,
65b649ccccfed9943d6e,full_annotation_v1,A,q_야채_04,야채가게,식료품 중 '야채'를 판매·제공하는 매장,val,야채,T2 동의어,1f81549b-14c1-4d40-8eb8-fc02761fcbe3,수빈네,채소,용현시장,전통시장,인천광역시,,,
af3d26628d0b2553893e,full_annotation_v1,A,q_야채_04,야채가게,식료품 중 '야채'를 판매·제공하는 매장,val,야채,T2 동의어,a6d0fd38-4bb2-4f68-9374-27e4568234ca,점순야채가게,야채,법동시장,전통시장,대전광역시,,,
bfe4993480e3aa0e1a9a,full_annotation_v1,A,q_야채_04,야채가게,식료품 중 '야채'를 판매·제공하는 매장,val,야채,T2 동의어,03a6e716-3825-40e3-ba06-e047ee5e5483,부일반찬,김치,초량전통시장,전통시장,부산광역시,,,
3d7b5133bd6a7c709d66,full_annotation_v1,A,q_야채_04,야채가게,식료품 중 '야채'를 판매·제공하는 매장,val,야채,T2 동의어,016f8113-22a7-4ef1-a80f-0562dd2a06e9,동이식품,"식품, 농산물",중앙신시장,전통시장,경상북도,,,
a8ff06ce282115cdd029,full_annotation_v1,A,q_야채_04,야채가게,식료품 중 '야채'를 판매·제공하는 매장,val,야채,T2 동의어,78a9534c-4bf0-45c7-b5c8-39460fc76435,대운상회,채소,포항죽도농산물시장,전통시장,경상북도,,,
b9b4f980b44f74da2330,full_annotation_v1,A,q_야채_04,야채가게,식료품 중 '야채'를 판매·제공하는 매장,val,야채,T2 동의어,28cd71cb-d1c0-42b1-91c0-9c2b303155b8,서울상회,채소,부전농수산물새벽시장,전통시장,부산광역시,,,
947e4d8e2f517398089d,full_annotation_v1,A,q_야채_04,야채가게,식료품 중 '야채'를 판매·제공하는 매장,val,야채,T2 동의어,5ff21a88-9cf2-4f06-9212-f563daeea347,형제농산,채소,관문상가시장,전통시장,대구광역시,,,
6a5f8eacd980244d6549,full_annotation_v1,A,q_야채_04,야채가게,식료품 중 '야채'를 판매·제공하는 매장,val,야채,T2 동의어,43c03e36-c146-4944-bcd4-879bc435fad2,도온쌈,쌈밥,남이동길골목형상점가,골목형상점가,서울특별시,,,
c5b55ee807bbdd90e67f,full_annotation_v1,A,q_야채_04,야채가게,식료품 중 '야채'를 판매·제공하는 매장,val,야채,T2 동의어,8560e342-8e93-413a-bb3e-3617e6fb496c,대성상회,채소,대구청과시장,전통시장,대구광역시,,,
dac32d9119f176ee650f,full_annotation_v1,A,q_야채_04,야채가게,식료품 중 '야채'를 판매·제공하는 매장,val,야채,T2 동의어,ffa782dc-e0ff-4365-8fd0-3e3c6440106d,요앞떡가게,떡류,장승백이전통시장(구 만수창대시장),전통시장,인천광역시,,,
c1bd590933b64b6c193b,full_annotation_v1,A,q_야채_04,야채가게,식료품 중 '야채'를 판매·제공하는 매장,val,야채,T2 동의어,fcc4f6e6-bdce-44b7-85d2-f86770970597,현대상회,채소,팔달신시장,전통시장,대구광역시,,,
c4a527c09fd4b1b2a9e6,full_annotation_v1,A,q_야채_04,야채가게,식료품 중 '야채'를 판매·제공하는 매장,val,야채,T2 동의어,4ed4c4e4-eba9-4f13-a775-40b1d4ecfb32,조은가게,야채,한민시장,전통시장,대전광역시,,,
ea7325215c46ae1edcbc,full_annotation_v1,A,q_야채_04,야채가게,식료품 중 '야채'를 판매·제공하는 매장,val,야채,T2 동의어,00b6e321-5954-437c-b1d9-94fded29f67e,웰빙마트,식품,서남신시장,전통시장,대구광역시,,,
e23e9f9de101848c1b42,full_annotation_v1,A,q_야채_04,야채가게,식료품 중 '야채'를 판매·제공하는 매장,val,야채,T2 동의어,3a362978-0a57-452a-a5b8-a4db80c8672d,현대상회,채소,팔달신시장,전통시장,대구광역시,,,
66c407c88da755356f35,full_annotation_v1,A,q_야채_04,야채가게,식료품 중 '야채'를 판매·제공하는 매장,val,야채,T2 동의어,008d4156-e489-4d1f-9205-b541972d35a8,과일왕,과일 잡화 야채 먹거리,연제동 골목형상점가,골목형상점가,광주광역시,,,
b1aed3838ce0264c3efd,full_annotation_v1,A,q_야채_04,야채가게,식료품 중 '야채'를 판매·제공하는 매장,val,야채,T2 동의어,1ca7b792-9350-4c78-88ce-80d12cf01a50,푸른뫼,채소,춘천풍물시장,전통시장,강원특별자치도,,,
55022d7c5e0430549706,full_annotation_v1,A,q_야채_04,야채가게,식료품 중 '야채'를 판매·제공하는 매장,val,야채,T2 동의어,0a47fa4a-19fd-4c00-841d-e16bd6a3c84a,싱싱채소,채소,합천왕후시장,전통시장,경상남도,,,
5b5736c8c6bc6842856e,full_annotation_v1,A,q_야채_04,야채가게,식료품 중 '야채'를 판매·제공하는 매장,val,야채,T2 동의어,83cd06b0-592a-4e4f-b484-e1f030c92cca,재필상회,채소,남천해변시장,전통시장,부산광역시,,,
e4fc3eb429ce506db39d,full_annotation_v1,A,q_야채_04,야채가게,식료품 중 '야채'를 판매·제공하는 매장,val,야채,T2 동의어,014fc673-2f3b-48cf-a134-d5aebb132435,동성상회,야채,동두천중앙시장,전통시장,경기도,,,
b9e710dcfa5676012870,full_annotation_v1,A,q_야채_04,야채가게,식료품 중 '야채'를 판매·제공하는 매장,val,야채,T2 동의어,6a502068-35ba-4e0d-9376-c33798e182ff,은희상회,채소,금촌전통시장,전통시장,,,,
b4b1e0dd705d95d7031d,full_annotation_v1,A,q_야채_04,야채가게,식료품 중 '야채'를 판매·제공하는 매장,val,야채,T2 동의어,a886d079-e2c9-4f62-8a59-615f9e18b14b,선희네야채,채소,한민시장,전통시장,대전광역시,,,
c0ec49d50e42b913c277,full_annotation_v1,A,q_야채_04,야채가게,식료품 중 '야채'를 판매·제공하는 매장,val,야채,T2 동의어,56561e51-bf39-4317-b000-140dc8c64e38,경북상회,채소,부전농수산물새벽시장,전통시장,부산광역시,,,
fee49bdad164c352c23a,full_annotation_v1,A,q_야채_04,야채가게,식료품 중 '야채'를 판매·제공하는 매장,val,야채,T2 동의어,06f191fb-14b4-4d51-8efb-39d44343f1a7,유한회사 바르메이드,샐러드,상무시청상인회 골목형상점가,골목형상점가,광주광역시,,,
9eaf80c9ae1038aaa6cb,full_annotation_v1,A,q_야채_04,야채가게,식료품 중 '야채'를 판매·제공하는 매장,val,야채,T2 동의어,c27af181-a924-4d29-810b-f49578bef2b7,진주상회,채소,엄궁농산물도매시장식품·청과 소매동 골목형상점가,골목형상점가,부산광역시,,,
383f22211ca3431ae6f0,full_annotation_v1,A,q_야채_04,야채가게,식료품 중 '야채'를 판매·제공하는 매장,val,야채,T2 동의어,6d1c0565-84e3-4504-969a-2e55246817f2,동건농산,채소,팔달신시장,전통시장,대구광역시,,,
7bd2e148c3eb1ceb3296,full_annotation_v1,A,q_야채_04,야채가게,식료품 중 '야채'를 판매·제공하는 매장,val,야채,T2 동의어,7f77cf9a-adae-446b-aa48-3e7e673be7ab,슬이네야채가게,야채류,장미제일시장,전통시장,서울특별시,,,
9ed41bfbb2d8271dbc8c,full_annotation_v1,A,q_야채_04,야채가게,식료품 중 '야채'를 판매·제공하는 매장,val,야채,T2 동의어,00b64830-f897-4643-a5fa-6d8950c2ef89,낭만상회,식품,문산자유시장,전통시장,경기도,,,
ccdeb908d48ee018fd91,full_annotation_v1,A,q_야채_04,야채가게,식료품 중 '야채'를 판매·제공하는 매장,val,야채,T2 동의어,e622af7f-065f-4b6f-a47a-c97160ba36a7,함양식당,채소,정이있는 구포시장,전통시장,부산광역시,,,
4b53dd449ae61fbfc550,full_annotation_v1,A,q_야채_04,야채가게,식료품 중 '야채'를 판매·제공하는 매장,val,야채,T2 동의어,00333be0-b70d-4197-aa97-5a277d61e0da,㈜신진후르츠,과일,부전농수산물새벽시장,전통시장,부산광역시,,,
c077b0c5c26fa3d1cab1,full_annotation_v1,A,q_야채_04,야채가게,식료품 중 '야채'를 판매·제공하는 매장,val,야채,T2 동의어,00818eab-32ca-497e-ad5c-1c301a7ea4c9,13번상회,채소,마산 동마산시장,전통시장,경상남도,,,
67b692bfe5ce92b39971,full_annotation_v1,A,q_야채_04,야채가게,식료품 중 '야채'를 판매·제공하는 매장,val,야채,T2 동의어,dc36b3cd-55a1-4ef4-8b39-1207ee18740b,대저상회,채소,부전시장,전통시장,부산광역시,,,
185da747ea98e31b185b,full_annotation_v1,A,q_야채_04,야채가게,식료품 중 '야채'를 판매·제공하는 매장,val,야채,T2 동의어,4051742c-2682-4127-9910-7c7df5577754,채소수산다있소,채소,수정전통시장,전통시장,부산광역시,,,
86610db8eb249f2dbf67,full_annotation_v1,A,q_야채_04,야채가게,식료품 중 '야채'를 판매·제공하는 매장,val,야채,T2 동의어,0ea864eb-7aac-40cc-a5df-37d6470f9ec7,야채살롱,야채외,대연골목시장 골목형상점가,골목형상점가,부산광역시,,,
e49441c8f6f30fb9e4aa,full_annotation_v1,A,q_야채_04,야채가게,식료품 중 '야채'를 판매·제공하는 매장,val,야채,T2 동의어,01e96e25-dcb5-4957-bc59-05c27b1dae7a,샐러드밀,샐러드,오룡행복 골목형상점가,골목형상점가,전라남도,,,
004acfa358f634e0e73e,full_annotation_v1,A,q_야채_04,야채가게,식료품 중 '야채'를 판매·제공하는 매장,val,야채,T2 동의어,00045dfc-0681-4fb3-8265-33b3df14c289,한라농산,과일,황지시장상점가,자율상권구역,강원특별자치도,,,
798b8f498e309e4c3142,full_annotation_v1,A,q_야채_04,야채가게,식료품 중 '야채'를 판매·제공하는 매장,val,야채,T2 동의어,dff05377-4eb9-45b8-a1f9-b4c7c3917eb0,쌍둥이야채,채소,암사종합시장,전통시장,서울특별시,,,
11e4afd20f07c011c4eb,full_annotation_v1,A,q_야채_04,야채가게,식료품 중 '야채'를 판매·제공하는 매장,val,야채,T2 동의어,1631e5ef-55ef-400b-afa0-a6379ee0c93a,형제상회,채소,충주농산물종합시장(구 중앙청과시장),전통시장,충청북도,,,
861aeac517284dfe33ad,full_annotation_v1,A,q_야채_04,야채가게,식료품 중 '야채'를 판매·제공하는 매장,val,야채,T2 동의어,7c8050e5-ae3e-4e86-9a04-af76b4619b75,경미네 야채가게,야채,정선아리랑시장,전통시장,강원특별자치도,,,
2c3d20b334be2fa3a48f,full_annotation_v1,A,q_야채_04,야채가게,식료품 중 '야채'를 판매·제공하는 매장,val,야채,T2 동의어,e5f58ed2-a8b4-4cf9-88e2-f91c355efff0,하우림 전,,말죽거리골목형상점가,골목형상점가,서울특별시,,,
dc07a80287fc92f21f86,full_annotation_v1,A,q_야채_04,야채가게,식료품 중 '야채'를 판매·제공하는 매장,val,야채,T2 동의어,81dea512-73e0-4bdc-a5b3-6cec4531ec76,싱싱야채,채소,구월시장,전통시장,인천광역시,,,
253af6337546d5258aa7,full_annotation_v1,A,q_야채_04,야채가게,식료품 중 '야채'를 판매·제공하는 매장,val,야채,T2 동의어,0045f871-6f40-4361-bcdd-2b94bf597287,무파장터,야채 청과물,신금정시장 골목형 상점가,골목형상점가,부산광역시,,,
68a11ff7747b82ea233d,full_annotation_v1,A,q_야채_04,야채가게,식료품 중 '야채'를 판매·제공하는 매장,val,야채,T2 동의어,2cfe44c9-9d8a-4ecd-bbde-e6da2ad1fcc7,일꾼상회,채소,팔달신시장,전통시장,대구광역시,,,
a7b71e66d13b1937afc8,full_annotation_v1,A,q_야채_04,야채가게,식료품 중 '야채'를 판매·제공하는 매장,val,야채,T2 동의어,014072fb-b412-4fb3-a663-31dbf80e44a6,매일상회,"야채, 과일",고산미소시장(고산시장),전통시장,전북특별자치도,,,
530a60fec45c49442823,full_annotation_v1,A,q_야채_04,야채가게,식료품 중 '야채'를 판매·제공하는 매장,val,야채,T2 동의어,8af5ba21-3e03-42c8-9fb8-36ebb0651c6b,산새상회,채소,통영중앙전통시장,전통시장,경상남도,,,
818f5f82c582391d1619,full_annotation_v1,A,q_야채_04,야채가게,식료품 중 '야채'를 판매·제공하는 매장,val,야채,T2 동의어,253e10cf-4a33-4db2-8e33-9f947afa0c56,속옷가게,의류,영동전통시장,전통시장,충청북도,,,
f163069e3e6331e665eb,full_annotation_v1,A,q_야채_04,야채가게,식료품 중 '야채'를 판매·제공하는 매장,val,야채,T2 동의어,bd6f342d-5f6d-4972-8dfd-ae48461eec88,형규네,채소,수유시장,전통시장,서울특별시,,,
8e02cdee069d708df149,full_annotation_v1,A,q_야채_04,야채가게,식료품 중 '야채'를 판매·제공하는 매장,val,야채,T2 동의어,bbe5cca7-e37a-44f6-a94a-94e0dd85243e,야채가게,야채,만수시장,전통시장,인천광역시,,,
444d0998f28f24dbc82b,full_annotation_v1,A,q_야채_04,야채가게,식료품 중 '야채'를 판매·제공하는 매장,val,야채,T2 동의어,b0d12be1-8fe8-471e-8108-9c3850098564,꽃옷가게,,낭주골 골목형상점가,골목형상점가,전북특별자치도,,,
9941cdb470de0581cc0a,full_annotation_v1,A,q_야채_04,야채가게,식료품 중 '야채'를 판매·제공하는 매장,val,야채,T2 동의어,a67ec970-f6ac-4314-832a-4ad66d5057d7,퇴촌,채소,청량리농수산물시장,전통시장,서울특별시,,,
fe1d4d353190ea413673,full_annotation_v1,A,q_야채_04,야채가게,식료품 중 '야채'를 판매·제공하는 매장,val,야채,T2 동의어,5bc3d4b3-d1b8-4f90-8afe-cfec5dc14045,만물채소,채소,연일골목시장상점가,자율상권구역,부산광역시,,,
a022ae6f2d2e0cb10c5f,full_annotation_v1,A,q_야채_04,야채가게,식료품 중 '야채'를 판매·제공하는 매장,val,야채,T2 동의어,dbb74a68-9f45-4942-a99c-ac3e4d7b2665,용수상회,채소,춘천번개시장,전통시장,강원특별자치도,,,
2147e08ed85decb00952,full_annotation_v1,A,q_야채_04,야채가게,식료품 중 '야채'를 판매·제공하는 매장,val,야채,T2 동의어,1da692e3-166b-4191-a497-fc8507d39f24,금화농산,채소,부산새벽시장,전통시장,부산광역시,,,
4d88ce14d294c7c0e044,full_annotation_v1,A,q_야채_04,야채가게,식료품 중 '야채'를 판매·제공하는 매장,val,야채,T2 동의어,be436d5b-51f1-4676-a782-2d8b4a272ff1,총각야채,채소,성남남한산성시장(구 은행골목시장),전통시장,경기도,,,
90cf6052736640429394,full_annotation_v1,A,q_야채_04,야채가게,식료품 중 '야채'를 판매·제공하는 매장,val,야채,T2 동의어,dd295f14-b477-4838-8d73-2e8c98c80fd5,대성상회,채소,세종전통시장,전통시장,세종특별자치시,,,
1405bea746224c85094c,full_annotation_v1,A,q_야채_04,야채가게,식료품 중 '야채'를 판매·제공하는 매장,val,야채,T2 동의어,007fd232-3c16-44ff-be59-cf265f3775e9,동문상회,채소버섯,팔달신시장,전통시장,대구광역시,,,
aa2eb6b5db394f4b6152,full_annotation_v1,A,q_야채_04,야채가게,식료품 중 '야채'를 판매·제공하는 매장,val,야채,T2 동의어,00c56499-bc90-4ed6-bb66-3802cc762889,의령상회,채소,부전상가시장,전통시장,부산광역시,,,
8baec36d95097e3a193e,full_annotation_v1,A,q_야채_04,야채가게,식료품 중 '야채'를 판매·제공하는 매장,val,야채,T2 동의어,fa7509d6-febb-40b0-8501-127b40668f5c,모범축산,한우한돈전문점,동백역 골목형상점가,골목형상점가,경기도,,,
ff7e336cca316b811f00,full_annotation_v1,A,q_야채_04,야채가게,식료품 중 '야채'를 판매·제공하는 매장,val,야채,T2 동의어,d9b9a968-0578-4e50-ba4a-5d0c0ea8aa06,서울상회,채소,동문공설시장,전통시장,제주특별자치도,,,
d16ae03c9644a6c80adb,full_annotation_v1,A,q_야채_04,야채가게,식료품 중 '야채'를 판매·제공하는 매장,val,야채,T2 동의어,cd179f43-3d1b-4fae-b8f4-2019a7cbf45e,서울상회,채소,가좌시장,전통시장,인천광역시,,,
988d9c0cf7ed0656f914,full_annotation_v1,A,q_야채_04,야채가게,식료품 중 '야채'를 판매·제공하는 매장,val,야채,T2 동의어,38d33dd0-da61-4784-bac4-f0d8ecbe6d79,야채천국,야채,길동복조리시장,전통시장,서울특별시,,,
a10964f265f0258a1144,full_annotation_v1,A,q_야채_04,야채가게,식료품 중 '야채'를 판매·제공하는 매장,val,야채,T2 동의어,a4030d8f-2eb7-42cc-9cd3-a37f93562392,도만식품,채소,서천시장거리 골목형상점가,골목형상점가,충청남도,,,
6b377cc73a35a7840694,full_annotation_v1,A,q_야채_04,야채가게,식료품 중 '야채'를 판매·제공하는 매장,val,야채,T2 동의어,0169827a-46ad-483c-bc0c-50fa29748272,캐이맨플러쉬,아동복,남대문시장,전통시장,서울특별시,,,
3c92502f5630b9ec631b,full_annotation_v1,A,q_야채_04,야채가게,식료품 중 '야채'를 판매·제공하는 매장,val,야채,T2 동의어,bce0ff4d-8e8b-4a27-8693-fa2127904e47,치만이네 야채가게,농수산물,서남생활 골목형상점가,골목형상점가,대구광역시,,,
f1b1288272b797622612,full_annotation_v1,A,q_야채_04,야채가게,식료품 중 '야채'를 판매·제공하는 매장,val,야채,T2 동의어,caf6b472-9520-45e6-9d3d-ed5b9b178eb5,대동상회,채소,부전상가시장,전통시장,부산광역시,,,
0cbee44764aab360161e,full_annotation_v1,A,q_야채_04,야채가게,식료품 중 '야채'를 판매·제공하는 매장,val,야채,T2 동의어,54da37ff-3af1-4033-9ab6-26d2d52c42dd,철이네야채가게,채소,동서시장,전통시장,대구광역시,,,
ab4c70ce08950f75b822,full_annotation_v1,A,q_야채_04,야채가게,식료품 중 '야채'를 판매·제공하는 매장,val,야채,T2 동의어,0b8ef6dc-2f6b-4707-bd73-529122d9c97a,하단떡집,떡집,하단오일상설시장,전통시장,부산광역시,,,
86257412090c742395b1,full_annotation_v1,A,q_야채_04,야채가게,식료품 중 '야채'를 판매·제공하는 매장,val,야채,T2 동의어,c5e297ee-9dde-43ca-8d25-53aed83d978a,공주채소,채소,세종전통시장,전통시장,세종특별자치시,,,
ea3924f9a1ddc00d7ad1,full_annotation_v1,A,q_야채_04,야채가게,식료품 중 '야채'를 판매·제공하는 매장,val,야채,T2 동의어,19e67eb5-1906-430e-b7cf-ff1f93875af2,현대상회,채소,목포동부시장,전통시장,전라남도,,,
abb6371d6c6385bc6b59,full_annotation_v1,A,q_야채_04,야채가게,식료품 중 '야채'를 판매·제공하는 매장,val,야채,T2 동의어,081e5a59-6409-4aa2-be1f-52a4a6d6ae84,안동청과,채소,신성전통시장,전통시장,서울특별시,,,
050bbdad94abfd13e300,full_annotation_v1,A,q_야채_04,야채가게,식료품 중 '야채'를 판매·제공하는 매장,val,야채,T2 동의어,edb50940-6320-4d5c-9e83-ceae4f1e967f,삼산나범노지채소,채소,해남매일시장,전통시장,전라남도,,,
21cbb432445dd1735e75,full_annotation_v1,A,q_야채_04,야채가게,식료품 중 '야채'를 판매·제공하는 매장,val,야채,T2 동의어,008b2657-018e-4d46-b0b0-a173aee3f37a,대원상회,농산물,대구능금시장,전통시장,대구광역시,,,
8ac1e911383fc49fbae0,full_annotation_v1,A,q_야채_04,야채가게,식료품 중 '야채'를 판매·제공하는 매장,val,야채,T2 동의어,f9b5b9dd-654d-4edd-9c8f-13716cee3e9d,대성상회,채소,부산새벽시장,전통시장,부산광역시,,,
45afc2919bc1b37c33e2,full_annotation_v1,A,q_야채_04,야채가게,식료품 중 '야채'를 판매·제공하는 매장,val,야채,T2 동의어,1d0d828a-3ee4-4945-b3ce-9a54efea4289,이푸른채소,채소,해평시장,전통시장,경상북도,,,
c9b2eebee8e0e42e9dfd,full_annotation_v1,A,q_야채_04,야채가게,식료품 중 '야채'를 판매·제공하는 매장,val,야채,T2 동의어,5ba86170-2a4c-41be-a5d9-b118dd0e6b62,오빠가게,야채,남부종합시장,전통시장,인천광역시,,,
9700202e55e3c3684986,full_annotation_v1,A,q_야채_04,야채가게,식료품 중 '야채'를 판매·제공하는 매장,val,야채,T2 동의어,b78dda6f-90f1-4cbe-8341-58fe3462ffb4,합천채소,채소,성서와룡시장,전통시장,대구광역시,,,
804726886310df6636d0,full_annotation_v1,A,q_야채_04,야채가게,식료품 중 '야채'를 판매·제공하는 매장,val,야채,T2 동의어,a50d9588-45fd-4e3c-8f9c-22121b7280af,왜관채소,채소,지산목련시장(구 지산종합시장),전통시장,대구광역시,,,
1fc1289908cf51beccf0,full_annotation_v1,A,q_야채_04,야채가게,식료품 중 '야채'를 판매·제공하는 매장,val,야채,T2 동의어,909320cd-f6c5-48da-b2e1-7f24c5d634fd,임경숙의야채가게,야채,천안중앙시장,전통시장,충청남도,,,
26fd5f3aa879cfeb4883,full_annotation_v1,A,q_야채_04,야채가게,식료품 중 '야채'를 판매·제공하는 매장,val,야채,T2 동의어,a950c2ba-6695-4d0d-aecf-9b3baadd50d9,거북상회,채소,마산 정우새어시장,전통시장,경상남도,,,
dd1ca2d70e0e19c7acc7,full_annotation_v1,A,q_야채_04,야채가게,식료품 중 '야채'를 판매·제공하는 매장,val,야채,T2 동의어,bd019565-279e-4885-a9e9-8710ba8ce2c0,형제상회,채소,부산새벽시장,전통시장,부산광역시,,,
40e7f85521a8b30bad84,full_annotation_v1,A,q_야채_04,야채가게,식료품 중 '야채'를 판매·제공하는 매장,val,야채,T2 동의어,ef458615-5cd6-46d2-9060-432c55f325d8,형제상회,채소,학성새벽시장,전통시장,울산광역시,,,
d326c73a4efb304aecb3,full_annotation_v1,A,q_야채_04,야채가게,식료품 중 '야채'를 판매·제공하는 매장,val,야채,T2 동의어,00891fcf-925f-4b76-bc26-179798787b48,정우상회,농산물,경동시장,전통시장,서울특별시,,,
c4098255a6c5bd4e489b,full_annotation_v1,A,q_야채_04,야채가게,식료품 중 '야채'를 판매·제공하는 매장,val,야채,T2 동의어,bcbd70df-974e-4978-a2a0-9db31f25f5da,농촌이야기,채소,중리시장,전통시장,대전광역시,,,
b1009d7188732b567048,full_annotation_v1,A,q_야채_04,야채가게,식료품 중 '야채'를 판매·제공하는 매장,val,야채,T2 동의어,7fdbfbd2-930f-4329-a225-ca7b797e3274,야채,야채,원종고강제일시장(부천제일시장),전통시장,경기도,,,
3ade772618e5f4f5d543,full_annotation_v1,A,q_야채_04,야채가게,식료품 중 '야채'를 판매·제공하는 매장,val,야채,T2 동의어,8c66ee33-f10b-458a-bf68-f345576fb68c,의성채소,채소,의성공설전통시장(의성읍정기시장),전통시장,경상북도,,,
34c2e3143f52ba794bf7,full_annotation_v1,A,q_야채_04,야채가게,식료품 중 '야채'를 판매·제공하는 매장,val,야채,T2 동의어,05530d0f-82ed-47a1-8015-32b6c30e3752,진수산삼다식품,"젓갈류, 김치, 수산물",동문재래시장,전통시장,제주특별자치도,,,
d6a4835e802730c086a2,full_annotation_v1,A,q_야채_04,야채가게,식료품 중 '야채'를 판매·제공하는 매장,val,야채,T2 동의어,0042e83d-930b-4d1d-a96f-f1a2691256cd,성화상회,과일,대구능금시장,전통시장,대구광역시,,,
f81d493559e644450969,full_annotation_v1,A,q_야채_04,야채가게,식료품 중 '야채'를 판매·제공하는 매장,val,야채,T2 동의어,2d46893f-d0a7-4039-9a24-f22cf4c0a725,야채마을,채소,나주목사고을시장,전통시장,,,,
d2dc2cd97c5321c6035e,full_annotation_v1,A,q_야채_04,야채가게,식료품 중 '야채'를 판매·제공하는 매장,val,야채,T2 동의어,000a244a-1e28-40b7-8d55-d5b1055f12d2,진해상회,채소,마산어시장,전통시장,경상남도,,,
f7523064ff771635b57c,full_annotation_v1,A,q_야채_04,야채가게,식료품 중 '야채'를 판매·제공하는 매장,val,야채,T2 동의어,01b4b567-78d4-4fa1-9bff-25fd01fb1a4c,소문난김치집,김치,중앙먹거리 상인회 골목형상점가,골목형상점가,전라남도,,,
c103a75f1ba1b339060c,full_annotation_v1,A,q_야채_04,야채가게,식료품 중 '야채'를 판매·제공하는 매장,val,야채,T2 동의어,9dd34df2-6ad5-4181-ae5c-ad03fb6a14dd,제일상회,채소,양동시장,전통시장,광주광역시,,,
e3cf368154c727766986,full_annotation_v1,A,q_야채_04,야채가게,식료품 중 '야채'를 판매·제공하는 매장,val,야채,T2 동의어,ab649915-7ba4-4fcc-9588-daf4702a4eba,김밥가게,김밥,혁신도시5구역골목형상점가,골목형상점가,강원특별자치도,,,
2a342fb5587cd0304db8,full_annotation_v1,A,q_야채_04,야채가게,식료품 중 '야채'를 판매·제공하는 매장,val,야채,T2 동의어,c03221ec-685c-4424-9338-555aeef71fda,해숙이네야채가게,채소류,서천특화시장,전통시장,충청남도,,,
c0115ee246209a345ea4,full_annotation_v1,A,q_야채_04,야채가게,식료품 중 '야채'를 판매·제공하는 매장,val,야채,T2 동의어,888c448d-238d-4979-abc2-7e881ff6c69c,논공농산,채소,관문상가시장,전통시장,대구광역시,,,
5eb90e7ea5ac92a5b6b4,full_annotation_v1,A,q_야채_04,야채가게,식료품 중 '야채'를 판매·제공하는 매장,val,야채,T2 동의어,0f608550-91f7-4b11-a6f1-2a320696280f,싱싱야채가게,소매업(야채),의왕도깨비시장,전통시장,경기도,,,
0005a0001727df203f77,full_annotation_v1,A,q_야채_04,야채가게,식료품 중 '야채'를 판매·제공하는 매장,val,야채,T2 동의어,767b754e-c2a5-47fb-a4cc-48de9d943293,B-5,수산물,정자활어직매장상점가,자율상권구역,울산광역시,,,
d500471a97b6e840e1cb,full_annotation_v1,A,q_야채_04,야채가게,식료품 중 '야채'를 판매·제공하는 매장,val,야채,T2 동의어,0174d58f-3182-48ce-9bb7-0818d21a6763,야채,,만수시장,전통시장,인천광역시,,,
4b96a92ba604b6801cec,full_annotation_v1,A,q_야채_04,야채가게,식료품 중 '야채'를 판매·제공하는 매장,val,야채,T2 동의어,009f034c-8e3b-4a32-aab3-55ece8718004,장봐주는언니 임동점,농수축산물및 가공식품,제니스 골목형상점가,골목형상점가,광주광역시,,,
b67174b7d77f9aa1bef5,full_annotation_v1,A,q_야채_04,야채가게,식료품 중 '야채'를 판매·제공하는 매장,val,야채,T2 동의어,8ad175dc-e10f-4fd7-850b-7b6e4e3ca213,늘찬밥상,,문창시장,전통시장,대전광역시,,,
f224df70a3093f270317,full_annotation_v1,A,q_야채_04,야채가게,식료품 중 '야채'를 판매·제공하는 매장,val,야채,T2 동의어,b3f739b1-7c41-4540-8eb8-98ff2c24921f,자매야채가게,야채잡곡,가좌시장,전통시장,인천광역시,,,
d6ffc913dc4cd762a641,full_annotation_v1,A,q_야채_04,야채가게,식료품 중 '야채'를 판매·제공하는 매장,val,야채,T2 동의어,e39d41a1-4cc2-4c81-8235-2fc660e9f70a,왕십리탑신경외과의원,의료 서비스,왕십리무학봉상점가,자율상권구역,서울특별시,,,
c33442910953792b67fc,full_annotation_v1,A,q_야채_04,야채가게,식료품 중 '야채'를 판매·제공하는 매장,val,야채,T2 동의어,b1b1c759-5ecd-4c2a-a695-cc5800e6e584,여항식품,채소,마산어시장,전통시장,경상남도,,,
082dc46497cea627f469,full_annotation_v1,A,q_야채_04,야채가게,식료품 중 '야채'를 판매·제공하는 매장,val,야채,T2 동의어,eb6346be-6954-44fb-bbe5-653d2b6113c6,제일상회,채소,부여중앙시장,전통시장,충청남도,,,
4c7dcc44a0aaf6d1d552,full_annotation_v1,A,q_야채_04,야채가게,식료품 중 '야채'를 판매·제공하는 매장,val,야채,T2 동의어,2150bc5e-70f4-4050-aaf3-fe3d094050b1,아우라,"이벤트 파티용품, 조화꽃",광양매일시장(광양상설시장),전통시장,전라남도,,,
ba9e6d554d099b48ffba,full_annotation_v1,A,q_야채_04,야채가게,식료품 중 '야채'를 판매·제공하는 매장,val,야채,T2 동의어,7bf1e6b4-a754-489b-9f7b-ad68cd686a92,가창상회,채소,칠성시장,전통시장,대구광역시,,,
326cc1127dcd150bf704,full_annotation_v1,A,q_야채_04,야채가게,식료품 중 '야채'를 판매·제공하는 매장,val,야채,T2 동의어,00e92856-b294-4032-8540-d60e9817f2d8,럭키약국,"의약품, 건강기능식품, 식품",충무로골목형상점가,골목형상점가,서울특별시,,,
f5745d5dae0f85476aa3,full_annotation_v1,A,q_야채_04,야채가게,식료품 중 '야채'를 판매·제공하는 매장,val,야채,T2 동의어,c2599a65-e6b0-4f2b-be88-1f324c8475ff,대광상회,도소매(농산물),신중부시장,전통시장,서울특별시,,,
a712c3eca74eef4cac15,full_annotation_v1,A,q_야채_04,야채가게,식료품 중 '야채'를 판매·제공하는 매장,val,야채,T2 동의어,2165f004-4591-41e8-805e-08be082aa28c,정가네식품,채소,청주육거리종합시장,전통시장,충청북도,,,
14e5da3dd11d42b96d2e,full_annotation_v1,A,q_야채_04,야채가게,식료품 중 '야채'를 판매·제공하는 매장,val,야채,T2 동의어,29e43063-7953-4c44-91ca-a9a49e4d3010,대응상회,채소,중앙신시장,전통시장,경상북도,,,
1044d9eeaaf379a16ecf,full_annotation_v1,A,q_야채_04,야채가게,식료품 중 '야채'를 판매·제공하는 매장,val,야채,T2 동의어,0533a201-3b07-4029-8158-c4d2ad17c7bf,텃밭쌈밥,쌈밥,역전시장,전통시장,충청남도,,,
e1c0776a662490b662cc,full_annotation_v1,A,q_야채_04,야채가게,식료품 중 '야채'를 판매·제공하는 매장,val,야채,T2 동의어,c45555c4-dc1b-41a2-bcda-18ac0e5ed034,현대상회,채소,충무동 새벽시장,전통시장,부산광역시,,,
6b85d29992b82e45ed52,full_annotation_v1,A,q_야채_04,야채가게,식료품 중 '야채'를 판매·제공하는 매장,val,야채,T2 동의어,7b8995cf-37fc-4f4f-aff3-156ffe3441c7,마실가게,한식,자갈치해안시장,전통시장,부산광역시,,,
603cd6de974e2129219c,full_annotation_v1,A,q_야채_04,야채가게,식료품 중 '야채'를 판매·제공하는 매장,val,야채,T2 동의어,e007b87d-1c63-4958-91e1-24d453f10328,아해뜰채소,채소,목포청호시장,전통시장,,,,
05b5e08751a697b258f2,full_annotation_v1,A,q_야채_04,야채가게,식료품 중 '야채'를 판매·제공하는 매장,val,야채,T2 동의어,a723a32a-cdff-4bd3-a096-38bcaeac6989,진주상회,채소,부전시장,전통시장,부산광역시,,,
69b55ece7dfa45fb6ed8,full_annotation_v1,A,q_야채_04,야채가게,식료품 중 '야채'를 판매·제공하는 매장,val,야채,T2 동의어,5d021e59-db79-46a5-8451-b7dea60849b9,충남상회,채소,우리시장,자율상권구역,서울특별시,,,
6ca527471323a2e41f07,full_annotation_v1,A,q_야채_04,야채가게,식료품 중 '야채'를 판매·제공하는 매장,val,야채,T2 동의어,c50fb70f-de10-490a-b1b5-04eb3509718c,즐거운 야채가게,"청과, 야채, 수산",화개1로78번길상인회 골목형상점가,골목형상점가,광주광역시,,,
3c0a881f9ec67dcb443f,full_annotation_v1,A,q_야채_04,야채가게,식료품 중 '야채'를 판매·제공하는 매장,val,야채,T2 동의어,09e5fb7c-d0cc-4720-92df-5a5cece636c7,샐러리아 잠실본점,샐러드,방이시장,전통시장,서울특별시,,,
a2168ea03ef215b830df,full_annotation_v1,A,q_야채_04,야채가게,식료품 중 '야채'를 판매·제공하는 매장,val,야채,T2 동의어,cf6c7a39-a366-488a-86a9-50052bb87e00,민호채소,채소,일산서문상점가,자율상권구역,경기도,,,
031c23123c8f96031012,full_annotation_v1,A,q_야채_04,야채가게,식료품 중 '야채'를 판매·제공하는 매장,val,야채,T2 동의어,818419b2-9ff4-49f6-ae74-cfe3d1197d81,상남채소,채소,창원 상남시장,전통시장,경상남도,,,
ec20a55049073376e23e,full_annotation_v1,A,q_야채_04,야채가게,식료품 중 '야채'를 판매·제공하는 매장,val,야채,T2 동의어,1700e86c-7b01-47e8-9e50-7cc1cf92940f,뿌리채소,채소,좌동재래시장,전통시장,부산광역시,,,
3cfff77b826d67432868,full_annotation_v1,A,q_야채_04,야채가게,식료품 중 '야채'를 판매·제공하는 매장,val,야채,T2 동의어,015915e3-2542-4245-b627-0c775b4c5501,한내떡집,,거제 고현시장,전통시장,경상남도,,,
d68117e67bbc191bcacf,full_annotation_v1,A,q_야채_04,야채가게,식료품 중 '야채'를 판매·제공하는 매장,val,야채,T2 동의어,d46c28bc-f666-4e53-8736-aee7f72cab32,현아농산,채소,칠성시장,전통시장,대구광역시,,,
f761758fa1b5b57776a2,full_annotation_v1,A,q_야채_04,야채가게,식료품 중 '야채'를 판매·제공하는 매장,val,야채,T2 동의어,d7ba6209-f2bc-4dd0-baba-f9b869bd5ee6,형제상회,채소,문경중앙시장,전통시장,경상북도,,,
0b6a7bff3d871f6fbec0,full_annotation_v1,A,q_야채_04,야채가게,식료품 중 '야채'를 판매·제공하는 매장,val,야채,T2 동의어,e61f2d1f-8027-499a-af62-2244a8ad5558,야채이야기,야채,서부시장상점가(서부시장 통합),전통시장,전북특별자치도,,,
0049ee04dec83cf700ec,full_annotation_v1,A,q_야채_04,야채가게,식료품 중 '야채'를 판매·제공하는 매장,val,야채,T2 동의어,009be3cd-7c52-41e4-91fc-c377ddfa78c0,언양시장야채,야채,언양알프스시장,전통시장,울산광역시,,,
e6f3d5fb6fa0fad7d197,full_annotation_v1,A,q_야채_04,야채가게,식료품 중 '야채'를 판매·제공하는 매장,val,야채,T2 동의어,9cd6e166-3c23-4f36-ad12-018a73bd02c3,은혜야채가게,농산물,상도전통시장,전통시장,서울특별시,,,
fc23a7b948fa8052a81c,full_annotation_v1,A,q_야채_04,야채가게,식료품 중 '야채'를 판매·제공하는 매장,val,야채,T2 동의어,d81a34b0-414c-4a14-a598-346b6b607fcc,두꺼비와 거북이,튀김류 오뎅 음료 떡볶이,구례5일시장,전통시장,전라남도,,,
1e8378981c54e3095959,full_annotation_v1,A,q_야채_04,야채가게,식료품 중 '야채'를 판매·제공하는 매장,val,야채,T2 동의어,0374d7c1-7ee0-4a6b-9d23-31b38f559a4a,영진상회,채소,양동시장,전통시장,광주광역시,,,
4295dc7f6aef536e3e23,full_annotation_v1,A,q_야채_04,야채가게,식료품 중 '야채'를 판매·제공하는 매장,val,야채,T2 동의어,56db4778-14ee-4046-a171-821fc0e3f8ce,산수쌈밥,쌈밥,전남여고후문 골목형상점가,골목형상점가,광주광역시,,,
29d2312e3476fd71233e,full_annotation_v1,A,q_야채_04,야채가게,식료품 중 '야채'를 판매·제공하는 매장,val,야채,T2 동의어,cb0c9232-ca19-47a1-bc4c-f0fc7c27e1fb,유림채소,채소,익산북부시장,전통시장,전북특별자치도,,,
1ba1344622db39f35ca9,full_annotation_v1,A,q_야채_04,야채가게,식료품 중 '야채'를 판매·제공하는 매장,val,야채,T2 동의어,19f80ad5-7c10-4c16-bff4-8218962d912e,공주집,"채소.야채, 채소",대명여울빛거리시장,전통시장,서울특별시,,,
af131f8ec960319c3afb,full_annotation_v1,A,q_야채_04,야채가게,식료품 중 '야채'를 판매·제공하는 매장,val,야채,T2 동의어,aa7b0fbb-dd94-4e98-94c9-0e6855415d80,늘푸른야채가게,야채,길동복조리시장,전통시장,서울특별시,,,
215a3ccd3953830b0742,full_annotation_v1,A,q_야채_04,야채가게,식료품 중 '야채'를 판매·제공하는 매장,val,야채,T2 동의어,9a954674-9f54-4fff-8ce1-725488e64ec9,은혜농산,채소,창원 도계부부시장,전통시장,경상남도,,,
b4ff2d611ddcb6b605ad,full_annotation_v1,A,q_야채_04,야채가게,식료품 중 '야채'를 판매·제공하는 매장,val,야채,T2 동의어,879dba5b-f947-4eca-ac46-1a1747d70e05,늘푸른야채가게,야채,새마을시장,전통시장,서울특별시,,,
ec9ed7c6a629c41fe198,full_annotation_v1,A,q_야채_04,야채가게,식료품 중 '야채'를 판매·제공하는 매장,val,야채,T2 동의어,31515898-39ad-48c0-958a-50643dfe32ce,만물채소,채소,구서오시게시장,전통시장,부산광역시,,,
be3aabfa5c7603ba0d90,full_annotation_v1,A,q_야채_04,야채가게,식료품 중 '야채'를 판매·제공하는 매장,val,야채,T2 동의어,eeb6e637-0301-4d24-8739-d7e4d01eeb8f,영진상회,채소,청량리종합시장,전통시장,서울특별시,,,
a3a750ae36b83533061b,full_annotation_v1,A,q_야채_04,야채가게,식료품 중 '야채'를 판매·제공하는 매장,val,야채,T2 동의어,2541bf62-ab8e-4c0f-a7eb-66fcbf5913d1,대구상회,채소,충주무학시장,전통시장,충청북도,,,
b7d31714b2b1318eb123,full_annotation_v1,A,q_야채_04,야채가게,식료품 중 '야채'를 판매·제공하는 매장,val,야채,T2 동의어,9a19e75c-32ee-4a79-a1ba-536d9c3224d1,안동상회,채소,대구청과시장,전통시장,대구광역시,,,
6f9d3c79ad1c5541c987,full_annotation_v1,A,q_야채_04,야채가게,식료품 중 '야채'를 판매·제공하는 매장,val,야채,T2 동의어,545c6f7a-bb0e-4ebe-a9e4-40fccb81edc6,중앙채소,채소,논공중앙시장,전통시장,대구광역시,,,
f18765909d8f226e6dd2,full_annotation_v1,A,q_야채_04,야채가게,식료품 중 '야채'를 판매·제공하는 매장,val,야채,T2 동의어,c4414d61-95f1-4170-a365-56f976c3d7ef,시장짬뽕,짬뽕,산격종합시장,전통시장,대구광역시,,,
6ddc119d29e3c5abae74,full_annotation_v1,A,q_야채_04,야채가게,식료품 중 '야채'를 판매·제공하는 매장,val,야채,T2 동의어,41931a9a-c977-4172-8d97-992fc461c233,서울상회,채소,충무동 새벽시장,전통시장,부산광역시,,,
c14ecc935099b0494557,full_annotation_v1,A,q_야채_04,야채가게,식료품 중 '야채'를 판매·제공하는 매장,val,야채,T2 동의어,00534c22-4465-442e-95db-66dd08f99320,삼원상회,채소,칠성시장,전통시장,대구광역시,,,
a77b1b8af8d39b2c3e2b,full_annotation_v1,A,q_야채_04,야채가게,식료품 중 '야채'를 판매·제공하는 매장,val,야채,T2 동의어,547be72a-2b08-4865-acc9-efec48cc1450,야채꾼,야채,신 강남시장,전통시장,인천광역시,,,
337da8f1221f30c9b933,full_annotation_v1,A,q_야채_04,야채가게,식료품 중 '야채'를 판매·제공하는 매장,val,야채,T2 동의어,15578c36-25cb-47c6-b623-02d015391845,서가네쌈밥,쌈밥,면곡시장 골목형상점가,골목형상점가,서울특별시,,,
bd772f00b076ac010037,full_annotation_v1,A,q_야채_04,야채가게,식료품 중 '야채'를 판매·제공하는 매장,val,야채,T2 동의어,00947369-dfd0-4074-b22e-c8b430a98a70,에스.에이.팜(S.A.farm),"표고버섯및농산물, 잡화, 통신판매",무주반딧불상권활성화구역,상권활성화구역,전북특별자치도,,,
f7d22d9d895923fecc58,full_annotation_v1,A,q_야채_04,야채가게,식료품 중 '야채'를 판매·제공하는 매장,val,야채,T2 동의어,200f925a-5372-40fc-bef6-7121cda3f85d,대박이네 야채가게.BK,도소매(야채),광명전통시장,전통시장,경기도,,,
f7581cae48c17ebdfd25,full_annotation_v1,A,q_야채_04,야채가게,식료품 중 '야채'를 판매·제공하는 매장,val,야채,T2 동의어,13c1bdc0-9bb0-4f9d-8b02-2b5865190f0e,대성상회,채소,경주성동공설시장,전통시장,경상북도,,,
f948e12a1e4423a3bd50,full_annotation_v1,A,q_야채_04,야채가게,식료품 중 '야채'를 판매·제공하는 매장,val,야채,T2 동의어,f0eb8b35-0121-430d-8331-d318c13cc957,조은채소,채소,중리시장,전통시장,대전광역시,,,
cc36052ca080acab415a,full_annotation_v1,A,q_야채_04,야채가게,식료품 중 '야채'를 판매·제공하는 매장,val,야채,T2 동의어,9dbe0617-8eba-4b00-b2c1-63f46a410bcf,단비네야채,야채가게,아현시장,전통시장,서울특별시,,,
48e9c71bbaa45deaac95,full_annotation_v1,A,q_야채_04,야채가게,식료품 중 '야채'를 판매·제공하는 매장,val,야채,T2 동의어,26f69f63-5a7c-4730-9150-7d2965532a14,진주국시,,문창시장,전통시장,대전광역시,,,
cb67dcb58940de3cc317,full_annotation_v1,A,q_야채_04,야채가게,식료품 중 '야채'를 판매·제공하는 매장,val,야채,T2 동의어,325d5262-10f4-4d71-a760-9c3424e61119,늘푸른야채가게,과일 및 야채 도소매,반석동 골목형상점가,골목형상점가,대전광역시,,,
c8a57fe2c70b08c736cb,full_annotation_v1,A,q_야채_04,야채가게,식료품 중 '야채'를 판매·제공하는 매장,val,야채,T2 동의어,0622e5e4-d762-4378-aeb6-eb6148f9dec6,개도리김치,"김치, 채소, 건어물",나주목사고을시장,전통시장,,,,
8a1d34bd0a0354dd5bc9,full_annotation_v1,A,q_야채_04,야채가게,식료품 중 '야채'를 판매·제공하는 매장,val,야채,T2 동의어,001cb3d4-5441-4963-b517-d5b3904ee312,현창떡집,떡집,목포동부시장,전통시장,전라남도,,,
45085ede0c317f544365,full_annotation_v1,A,q_야채_04,야채가게,식료품 중 '야채'를 판매·제공하는 매장,val,야채,T2 동의어,53776ad6-4a97-4445-b7f6-e236725c5048,대박옷가게,옷가게,안동광석거리 골목형상점가,골목형상점가,경상북도,,,
503befbc3c89f3bd7ae4,full_annotation_v1,A,q_야채_04,야채가게,식료품 중 '야채'를 판매·제공하는 매장,val,야채,T2 동의어,c0f6e9ae-99ee-4ad3-94a9-01390e384d7a,동관종합베어링,"바퀴, 베어링",산업용재관,전통시장,대구광역시,,,
283bd6ba9e991033f764,full_annotation_v1,A,q_야채_04,야채가게,식료품 중 '야채'를 판매·제공하는 매장,val,야채,T2 동의어,8d8f2f05-64fe-4f19-b85e-54281cdb3022,한우야채가게,"채소, 과일, 잡화",영천공설시장,전통시장,경상북도,,,
de5ad4ede3a2cc50a900,full_annotation_v1,A,q_야채_04,야채가게,식료품 중 '야채'를 판매·제공하는 매장,val,야채,T2 동의어,008d1ed4-a5d7-492e-9959-f8307a68cc5f,샐러드 정원,"샐러드, 샌드위치",미성동도깨비시장,골목형상점가,서울특별시,,,
639855b59fdda4a490fd,full_annotation_v1,A,q_야채_04,야채가게,식료품 중 '야채'를 판매·제공하는 매장,val,야채,T2 동의어,7844e557-1d48-454d-9149-e2a3babceea5,한양식품,채소,나주목사고을시장,전통시장,,,,
6c4f7d9ad6b9984febff,full_annotation_v1,A,q_야채_04,야채가게,식료품 중 '야채'를 판매·제공하는 매장,val,야채,T2 동의어,c97164fe-ee7e-4aa1-ace3-db189683cdd7,몰입,사시미,백운먹자 골목형상점가,골목형상점가,광주광역시,,,
1ab4088f0d419f6ffd54,full_annotation_v1,A,q_야채_04,야채가게,식료품 중 '야채'를 판매·제공하는 매장,val,야채,T2 동의어,006601da-192a-4275-90bf-aa320c79ea9f,바이럽,샐러드,현풍백년도깨비시장,전통시장,대구광역시,,,
75eb9fb4248465843f50,full_annotation_v1,A,q_야채_04,야채가게,식료품 중 '야채'를 판매·제공하는 매장,val,야채,T2 동의어,00468e6b-39c6-4ce1-a534-a6b1eecac01d,태양농산물,과일,정릉서경대길골목형상점가(정릉골),골목형상점가,서울특별시,,,
6c32ccd5580069a00856,full_annotation_v1,A,q_야채_04,야채가게,식료품 중 '야채'를 판매·제공하는 매장,val,야채,T2 동의어,0097b3e2-b5cf-4050-b719-c9d7738067c0,시흥상회,"소매(야채,과일)",광명전통시장,전통시장,경기도,,,
bd4ea6eb32816f3b5a8c,full_annotation_v1,A,q_야채_04,야채가게,식료품 중 '야채'를 판매·제공하는 매장,val,야채,T2 동의어,45629af1-7f77-40b6-baaf-c8f833278a94,야채가게,죽,계양산전통시장,전통시장,인천광역시,,,
6ffac5d3244b2189889b,full_annotation_v1,A,q_야채_04,야채가게,식료품 중 '야채'를 판매·제공하는 매장,val,야채,T2 동의어,009a3629-5dbc-47c2-adea-b1f9bc2c083a,동해농수산,야채,방학동도깨비시장,전통시장,서울특별시,,,
a79a9545f0910fce53e7,full_annotation_v1,A,q_야채_04,야채가게,식료품 중 '야채'를 판매·제공하는 매장,val,야채,T2 동의어,f17cb0af-297f-419e-86db-a1dca61eaab8,민혁채소,채소,나주목사고을시장,전통시장,전라남도,,,
004ac6e74737485b62c7,full_annotation_v1,A,q_야채_04,야채가게,식료품 중 '야채'를 판매·제공하는 매장,val,야채,T2 동의어,38fda274-dad2-4cc2-8462-0c7c872628c8,형제상회,채소,가락몰골목형상점가,골목형상점가,서울특별시,,,
9130a5ad488d8253a9ec,full_annotation_v1,A,q_야채_04,야채가게,식료품 중 '야채'를 판매·제공하는 매장,val,야채,T2 동의어,a1283b81-ade9-47ab-8235-28bfa73cdec6,오씨채소,채소,남항시장,전통시장,부산광역시,,,
528fd52b8b80f06b0832,full_annotation_v1,A,q_야채_04,야채가게,식료품 중 '야채'를 판매·제공하는 매장,val,야채,T2 동의어,e6314d4a-d954-48eb-b17a-3a06f04622e7,제일상회,채소,대구청과시장,전통시장,대구광역시,,,
d47fcc2f4ca101cb0077,full_annotation_v1,A,q_야채_04,야채가게,식료품 중 '야채'를 판매·제공하는 매장,val,야채,T2 동의어,92dd49f0-3dfd-4523-89e6-43bfbbe43007,아가랑엄마랑,채소,진주 논개시장,전통시장,경상남도,,,
aba1d26fff5b47f092a2,full_annotation_v1,A,q_야채_04,야채가게,식료품 중 '야채'를 판매·제공하는 매장,val,야채,T2 동의어,d1ae37a7-f14f-4ee7-a867-00daf67c85b7,사석채소,채소,운수대통!생거진천전통시장,전통시장,충청북도,,,
5bc0b801aa409ec31ac2,full_annotation_v1,A,q_야채_04,야채가게,식료품 중 '야채'를 판매·제공하는 매장,val,야채,T2 동의어,006204f3-b214-4611-a434-f896bf75e919,장터사랑,과일,농성세대공감상인회 골목형상점가,골목형상점가,광주광역시,,,
69f84b13890b2adefaa2,full_annotation_v1,A,q_야채_04,야채가게,식료품 중 '야채'를 판매·제공하는 매장,val,야채,T2 동의어,4455fdcc-2d7b-498f-bfd4-fea75448074c,싱싱야채,채소,서남신시장,전통시장,대구광역시,,,
31f696123a71f1399a6b,full_annotation_v1,A,q_야채_04,야채가게,식료품 중 '야채'를 판매·제공하는 매장,val,야채,T2 동의어,0a4b1046-fda3-4295-88a3-f8574a7921d1,송동상회,채소,남원용남시장,전통시장,전북특별자치도,,,
c816004e702cdcce4064,full_annotation_v1,A,q_야채_04,야채가게,식료품 중 '야채'를 판매·제공하는 매장,val,야채,T2 동의어,04c905ba-3172-4ea4-a6dd-4345d674dea0,덕순이네,제조업(떡집),장터길 골목형상점가,골목형상점가,경기도,,,
ee86675b511593f890dc,full_annotation_v1,A,q_야채_04,야채가게,식료품 중 '야채'를 판매·제공하는 매장,val,야채,T2 동의어,7af46642-0758-40bb-9697-1d42370dec58,상동야채,채소,부천상동시장,전통시장,경기도,,,
95026fcd4ca23c085baa,full_annotation_v1,A,q_야채_04,야채가게,식료품 중 '야채'를 판매·제공하는 매장,val,야채,T2 동의어,8e9529ce-197c-41c5-a471-f794ddd95368,광수생각,채소,군산신영시장,전통시장,전북특별자치도,,,
be5dd79ed275e5f1eac6,full_annotation_v1,A,q_야채_04,야채가게,식료품 중 '야채'를 판매·제공하는 매장,val,야채,T2 동의어,f8a10401-ff1a-40ee-9067-281a1d4518d8,달전채소,채소,장량성도시장,전통시장,경상북도,,,
7311ae8ee5ee90b2f016,full_annotation_v1,A,q_야채_04,야채가게,식료품 중 '야채'를 판매·제공하는 매장,val,야채,T2 동의어,3fde8481-3816-4c57-8e33-bfd1ab03783b,진주상회,채소,가락몰골목형상점가,골목형상점가,서울특별시,,,
c134c1251812a246a882,full_annotation_v1,A,q_야채_04,야채가게,식료품 중 '야채'를 판매·제공하는 매장,val,야채,T2 동의어,9174154b-b080-4623-881f-4b9843b13400,대성상회,채소,부산새벽시장,전통시장,부산광역시,,,
e2b2666c895ef640f45d,full_annotation_v1,A,q_야채_04,야채가게,식료품 중 '야채'를 판매·제공하는 매장,val,야채,T2 동의어,cb85d4c6-1179-419e-833a-a803adff67ee,다름이네 채소,채소,우장산역 골목형상점가,골목형상점가,서울특별시,,,
efd0f9eeab901b3b15d8,full_annotation_v1,A,q_야채_04,야채가게,식료품 중 '야채'를 판매·제공하는 매장,val,야채,T2 동의어,12bac5de-59a7-472a-946b-5e38694a5648,한옥촌,쌈밥,전농배봉산맛집거리골목형상점가,골목형상점가,서울특별시,,,
4593ac403fffec407440,full_annotation_v1,A,q_야채_04,야채가게,식료품 중 '야채'를 판매·제공하는 매장,val,야채,T2 동의어,b33fb268-ff1b-47e7-b88b-7677d73c0384,야채왕국,야채,중마시장,전통시장,전라남도,,,
0a3d390fcc28c356b617,full_annotation_v1,A,q_야채_04,야채가게,식료품 중 '야채'를 판매·제공하는 매장,val,야채,T2 동의어,94638f05-9b77-4863-80e1-6277f5899822,중앙채소,채소,김제전통시장,전통시장,전북특별자치도,,,
54e08e82f6fa74ae08a1,full_annotation_v1,A,q_야채_04,야채가게,식료품 중 '야채'를 판매·제공하는 매장,val,야채,T2 동의어,00344d24-5aaa-4dc7-ba51-3c041c147576,고향뜰영농조합법인,농산물,양산 북부시장,전통시장,경상남도,,,
eccf300ffc10ff1d55ae,full_annotation_v1,A,q_야채_04,야채가게,식료품 중 '야채'를 판매·제공하는 매장,val,야채,T2 동의어,bc7818ab-5c79-4488-92e7-5365da7c12c1,즐거운야채가게,채소,논산화지중앙시장,전통시장,충청남도,,,
08647f224a59e9a4ed2d,full_annotation_v1,A,q_야채_04,야채가게,식료품 중 '야채'를 판매·제공하는 매장,val,야채,T2 동의어,3d7157f4-0e98-40c6-b6c7-bf3414ec6af7,우리식품,채소,사천 삼천포전통수산시장,전통시장,경상남도,,,
ea59beb4cc72f86ea41e,full_annotation_v1,A,q_야채_04,야채가게,식료품 중 '야채'를 판매·제공하는 매장,val,야채,T2 동의어,005313c8-dce8-49b6-9841-9143ebb1305a,동원떡집,,박달시장,전통시장,경기도,,,
8da9566e4bde188771d0,full_annotation_v1,A,q_야채_04,야채가게,식료품 중 '야채'를 판매·제공하는 매장,val,야채,T2 동의어,00f0eee4-789e-4a7b-afc5-f1e7fc279b83,전국상회,야채,청량리종합시장,전통시장,서울특별시,,,
0330ecf354efd753b23a,full_annotation_v1,A,q_야채_04,야채가게,식료품 중 '야채'를 판매·제공하는 매장,val,야채,T2 동의어,61603d3f-833a-4bfb-b88b-00cb1f4559bb,금호2층약국,,신금호역골목형상점가,골목형상점가,서울특별시,,,
73c0ec73d290cf61eab2,full_annotation_v1,A,q_야채_04,야채가게,식료품 중 '야채'를 판매·제공하는 매장,val,야채,T2 동의어,114102e4-7128-4d86-bafb-3a197fcbe666,야채맛집,,남성사계시장,전통시장,서울특별시,,,
2b8af3edbac9c0c3b76f,full_annotation_v1,A,q_야채_04,야채가게,식료품 중 '야채'를 판매·제공하는 매장,val,야채,T2 동의어,000527f2-442a-4dd1-9bfc-8a8cd9fd5410,(유)뉴현대상회,농산물,가락몰골목형상점가,골목형상점가,서울특별시,,,
bf100886f5660d785228,full_annotation_v1,A,q_야채_04,야채가게,식료품 중 '야채'를 판매·제공하는 매장,val,야채,T2 동의어,3ed38013-1009-4b72-ba3f-b10030148289,큰밭상회,채소,팔달신시장,전통시장,대구광역시,,,
72cc518de5184489e273,full_annotation_v1,A,q_야채_04,야채가게,식료품 중 '야채'를 판매·제공하는 매장,val,야채,T2 동의어,014b06bd-3fa3-4cde-b459-e62ca64c33aa,조은식품,채소,하양꿈바우시장,전통시장,경상북도,,,
2015fdb2d3b3c4427cea,full_annotation_v1,A,q_야채_04,야채가게,식료품 중 '야채'를 판매·제공하는 매장,val,야채,T2 동의어,b4504ce7-bda5-4ee1-9b9e-fa8f54d33cd7,김야채,채소,야음상가시장,전통시장,울산광역시,,,
18614f1e496996b1627a,full_annotation_v1,A,q_야채_04,야채가게,식료품 중 '야채'를 판매·제공하는 매장,val,야채,T2 동의어,7a653e1f-8fb1-4a17-a693-342e592539e4,매일상회,야채,부전시장,전통시장,부산광역시,,,
6b38fff0c931fe8e399a,full_annotation_v1,A,q_야채_04,야채가게,식료품 중 '야채'를 판매·제공하는 매장,val,야채,T2 동의어,9ac244b8-9fc1-4477-adfd-13882109a6b1,형제상회,채소,논산화지중앙시장,전통시장,충청남도,,,
102e6c5a61ef7aabd3b0,full_annotation_v1,A,q_야채_04,야채가게,식료품 중 '야채'를 판매·제공하는 매장,val,야채,T2 동의어,6e0494c5-495b-4a8d-8de2-ecc6ab7d1744,진주상회,채소,대구청과시장,전통시장,대구광역시,,,
ec155cba23a8027f36cb,full_annotation_v1,A,q_야채_04,야채가게,식료품 중 '야채'를 판매·제공하는 매장,val,야채,T2 동의어,681f31ae-6c32-4124-bf9f-20a52500742a,태수상회,채소,천안중앙시장,전통시장,충청남도,,,
5aa6ca8ecc9145cb8cd6,full_annotation_v1,A,q_야채_05,채소,식료품 중 '야채'를 판매·제공하는 매장,val,야채,T2 동의어,56561e51-bf39-4317-b000-140dc8c64e38,경북상회,채소,부전농수산물새벽시장,전통시장,부산광역시,,,
9247ee4bea6bd975ca34,full_annotation_v1,A,q_야채_05,채소,식료품 중 '야채'를 판매·제공하는 매장,val,야채,T2 동의어,18d96e6b-2382-4fc9-8b41-2a44c7a4c78d,금호식품,채소,광영상설시장,전통시장,전라남도,,,
98e26d574713b16611d8,full_annotation_v1,A,q_야채_05,채소,식료품 중 '야채'를 판매·제공하는 매장,val,야채,T2 동의어,f0eb8b35-0121-430d-8331-d318c13cc957,조은채소,채소,중리시장,전통시장,대전광역시,,,
0c5114dcd616a925b73c,full_annotation_v1,A,q_야채_05,채소,식료품 중 '야채'를 판매·제공하는 매장,val,야채,T2 동의어,cd179f43-3d1b-4fae-b8f4-2019a7cbf45e,서울상회,채소,가좌시장,전통시장,인천광역시,,,
37a3296f0cc615822374,full_annotation_v1,A,q_야채_05,채소,식료품 중 '야채'를 판매·제공하는 매장,val,야채,T2 동의어,ef458615-5cd6-46d2-9060-432c55f325d8,형제상회,채소,학성새벽시장,전통시장,울산광역시,,,
0b1039bd64b6e9d07cd5,full_annotation_v1,A,q_야채_05,채소,식료품 중 '야채'를 판매·제공하는 매장,val,야채,T2 동의어,d1ae37a7-f14f-4ee7-a867-00daf67c85b7,사석채소,채소,운수대통!생거진천전통시장,전통시장,충청북도,,,
113986b76a2eb4feae1d,full_annotation_v1,A,q_야채_05,채소,식료품 중 '야채'를 판매·제공하는 매장,val,야채,T2 동의어,6a502068-35ba-4e0d-9376-c33798e182ff,은희상회,채소,금촌전통시장,전통시장,,,,
821e8e4ec47fe75bc0d4,full_annotation_v1,A,q_야채_05,채소,식료품 중 '야채'를 판매·제공하는 매장,val,야채,T2 동의어,c161453d-f2c8-4b97-a2c3-a54e0cbdb7e8,생활용품 싸게 파는 집,잡화,안성중앙시장,전통시장,경기도,,,
90fcafaa9dcf824bf957,full_annotation_v1,A,q_야채_05,채소,식료품 중 '야채'를 판매·제공하는 매장,val,야채,T2 동의어,5504a9b1-cbd3-4303-a37f-1c0d1730dddd,뭉클돈 수완지구 본점,삼겹,운수대통 골목형상점가,골목형상점가,광주광역시,,,
bf69fb2d5fb3d1258dbb,full_annotation_v1,A,q_야채_05,채소,식료품 중 '야채'를 판매·제공하는 매장,val,야채,T2 동의어,24456103-f6b8-46af-8655-82e61d7265d8,커피가 머무르는 곳,커피,반드레길골목형상점가,골목형상점가,서울특별시,,,
cfdfb849d6ee8894d8ad,full_annotation_v1,A,q_야채_05,채소,식료품 중 '야채'를 판매·제공하는 매장,val,야채,T2 동의어,452094d7-fbfc-4415-8c3f-fdc4e3aa668d,부일상회,채소,경주성동공설시장,전통시장,경상북도,,,
1d0b47b95be2575ebccd,full_annotation_v1,A,q_야채_05,채소,식료품 중 '야채'를 판매·제공하는 매장,val,야채,T2 동의어,015915e3-2542-4245-b627-0c775b4c5501,한내떡집,,거제 고현시장,전통시장,경상남도,,,
d0baa5f2555f334e7382,full_annotation_v1,A,q_야채_05,채소,식료품 중 '야채'를 판매·제공하는 매장,val,야채,T2 동의어,009be3cd-7c52-41e4-91fc-c377ddfa78c0,언양시장야채,야채,언양알프스시장,전통시장,울산광역시,,,
169e88bfa50cd17e6bd3,full_annotation_v1,A,q_야채_05,채소,식료품 중 '야채'를 판매·제공하는 매장,val,야채,T2 동의어,d0c97a4c-fc47-4b5e-85d6-29728561bec9,계절의숲,음료,영월종합상가,전통시장,강원특별자치도,,,
81e172b7ffe6c39e98a5,full_annotation_v1,A,q_야채_05,채소,식료품 중 '야채'를 판매·제공하는 매장,val,야채,T2 동의어,edb50940-6320-4d5c-9e83-ceae4f1e967f,삼산나범노지채소,채소,해남매일시장,전통시장,전라남도,,,
9e763de8089f98311979,full_annotation_v1,A,q_야채_05,채소,식료품 중 '야채'를 판매·제공하는 매장,val,야채,T2 동의어,01e96e25-dcb5-4957-bc59-05c27b1dae7a,샐러드밀,샐러드,오룡행복 골목형상점가,골목형상점가,전라남도,,,
c5913fde9afb5d22c244,full_annotation_v1,A,q_야채_05,채소,식료품 중 '야채'를 판매·제공하는 매장,val,야채,T2 동의어,ab7dd5cc-97d9-477c-89bc-6f2868c828d1,형제상회,채소,정이있는 구포시장,전통시장,부산광역시,,,
7289e5c3d60372ad821c,full_annotation_v1,A,q_야채_05,채소,식료품 중 '야채'를 판매·제공하는 매장,val,야채,T2 동의어,a4030d8f-2eb7-42cc-9cd3-a37f93562392,도만식품,채소,서천시장거리 골목형상점가,골목형상점가,충청남도,,,
eb340c17fba9e62bcfcf,full_annotation_v1,A,q_야채_05,채소,식료품 중 '야채'를 판매·제공하는 매장,val,야채,T2 동의어,9a19e75c-32ee-4a79-a1ba-536d9c3224d1,안동상회,채소,대구청과시장,전통시장,대구광역시,,,
dfcd3925ef1fc98c2eae,full_annotation_v1,A,q_야채_05,채소,식료품 중 '야채'를 판매·제공하는 매장,val,야채,T2 동의어,8560e342-8e93-413a-bb3e-3617e6fb496c,대성상회,채소,대구청과시장,전통시장,대구광역시,,,
7e618d36c23a91bb40ac,full_annotation_v1,A,q_야채_05,채소,식료품 중 '야채'를 판매·제공하는 매장,val,야채,T2 동의어,dc36b3cd-55a1-4ef4-8b39-1207ee18740b,대저상회,채소,부전시장,전통시장,부산광역시,,,
5cfd73fb8ea143ea4451,full_annotation_v1,A,q_야채_05,채소,식료품 중 '야채'를 판매·제공하는 매장,val,야채,T2 동의어,c90d285f-c4af-420d-8ac5-9dcc6be605ec,오로드,여성의류및 잡화,뒷개로청춘골목상점가,골목형상점가,전라남도,,,
5492fafd9e70a9551781,full_annotation_v1,A,q_야채_05,채소,식료품 중 '야채'를 판매·제공하는 매장,val,야채,T2 동의어,dcd770eb-a73f-42e7-ab46-771f314bce93,창창야채,채소,평택통복시장,전통시장,경기도,,,
fda9d4d41bc71d0c0d0c,full_annotation_v1,A,q_야채_05,채소,식료품 중 '야채'를 판매·제공하는 매장,val,야채,T2 동의어,ad39de5b-b6b9-4f3d-bd0d-79464ec27355,남부상회,채소,옥천공설시장,전통시장,충청북도,,,
41025779f081ae8bfb2b,full_annotation_v1,A,q_야채_05,채소,식료품 중 '야채'를 판매·제공하는 매장,val,야채,T2 동의어,6123ddea-de48-4cfe-84ac-63c76e0c4354,산지직송부자식육점,고기,하단오일상설시장,전통시장,부산광역시,,,
da80c9b86bd797837910,full_annotation_v1,A,q_야채_05,채소,식료품 중 '야채'를 판매·제공하는 매장,val,야채,T2 동의어,c45555c4-dc1b-41a2-bcda-18ac0e5ed034,현대상회,채소,충무동 새벽시장,전통시장,부산광역시,,,
3ce268e837a6d3ab7fcc,full_annotation_v1,A,q_야채_05,채소,식료품 중 '야채'를 판매·제공하는 매장,val,야채,T2 동의어,a886d079-e2c9-4f62-8a59-615f9e18b14b,선희네야채,채소,한민시장,전통시장,대전광역시,,,
b1de6c6be052a6aaf308,full_annotation_v1,A,q_야채_05,채소,식료품 중 '야채'를 판매·제공하는 매장,val,야채,T2 동의어,13c1bdc0-9bb0-4f9d-8b02-2b5865190f0e,대성상회,채소,경주성동공설시장,전통시장,경상북도,,,
b99eea132f333327eda7,full_annotation_v1,A,q_야채_05,채소,식료품 중 '야채'를 판매·제공하는 매장,val,야채,T2 동의어,38fda274-dad2-4cc2-8462-0c7c872628c8,형제상회,채소,가락몰골목형상점가,골목형상점가,서울특별시,,,
f6dc630b21f090121039,full_annotation_v1,A,q_야채_05,채소,식료품 중 '야채'를 판매·제공하는 매장,val,야채,T2 동의어,009f034c-8e3b-4a32-aab3-55ece8718004,장봐주는언니 임동점,농수축산물및 가공식품,제니스 골목형상점가,골목형상점가,광주광역시,,,
40ce53f101be56e0bcf8,full_annotation_v1,A,q_야채_05,채소,식료품 중 '야채'를 판매·제공하는 매장,val,야채,T2 동의어,00045dfc-0681-4fb3-8265-33b3df14c289,한라농산,과일,황지시장상점가,자율상권구역,강원특별자치도,,,
29fe54faebdae2e99640,full_annotation_v1,A,q_야채_05,채소,식료품 중 '야채'를 판매·제공하는 매장,val,야채,T2 동의어,1f81549b-14c1-4d40-8eb8-fc02761fcbe3,수빈네,채소,용현시장,전통시장,인천광역시,,,
7d533227507817c09a32,full_annotation_v1,A,q_야채_05,채소,식료품 중 '야채'를 판매·제공하는 매장,val,야채,T2 동의어,cac8c80b-14e1-4f0e-b478-3337738723d2,점둘상회,채소,충무동 새벽시장,전통시장,부산광역시,,,
a9978203ad547f44c4b5,full_annotation_v1,A,q_야채_05,채소,식료품 중 '야채'를 판매·제공하는 매장,val,야채,T2 동의어,77728fb7-88a3-4af7-b429-12276e358a94,고향야채,채소,중리시장,전통시장,대전광역시,,,
d504ee120869e983070b,full_annotation_v1,A,q_야채_05,채소,식료품 중 '야채'를 판매·제공하는 매장,val,야채,T2 동의어,00e92856-b294-4032-8540-d60e9817f2d8,럭키약국,"의약품, 건강기능식품, 식품",충무로골목형상점가,골목형상점가,서울특별시,,,
ae32ad24dd6d3baa8229,full_annotation_v1,A,q_야채_05,채소,식료품 중 '야채'를 판매·제공하는 매장,val,야채,T2 동의어,7549a385-4351-4d2c-9dec-e3c00423fcc8,유진상회,채소,논산화지중앙시장,전통시장,충청남도,,,
695a2ca74ba1e3069d61,full_annotation_v1,A,q_야채_05,채소,식료품 중 '야채'를 판매·제공하는 매장,val,야채,T2 동의어,2165f004-4591-41e8-805e-08be082aa28c,정가네식품,채소,청주육거리종합시장,전통시장,충청북도,,,
030528c5b7a7e901a8e5,full_annotation_v1,A,q_야채_05,채소,식료품 중 '야채'를 판매·제공하는 매장,val,야채,T2 동의어,2ab80a52-3a34-4399-9dae-c7ffae49cee0,대구상회,채소,경주성동공설시장,전통시장,경상북도,,,
8d6f45d54b035e41f729,full_annotation_v1,A,q_야채_05,채소,식료품 중 '야채'를 판매·제공하는 매장,val,야채,T2 동의어,005313c8-dce8-49b6-9841-9143ebb1305a,동원떡집,,박달시장,전통시장,경기도,,,
82ef3e4e5a345ec85457,full_annotation_v1,A,q_야채_05,채소,식료품 중 '야채'를 판매·제공하는 매장,val,야채,T2 동의어,1700e86c-7b01-47e8-9e50-7cc1cf92940f,뿌리채소,채소,좌동재래시장,전통시장,부산광역시,,,
58da6771de7917981506,full_annotation_v1,A,q_야채_05,채소,식료품 중 '야채'를 판매·제공하는 매장,val,야채,T2 동의어,0533a201-3b07-4029-8158-c4d2ad17c7bf,텃밭쌈밥,쌈밥,역전시장,전통시장,충청남도,,,
c1597dd84c3ed0ccade6,full_annotation_v1,A,q_야채_05,채소,식료품 중 '야채'를 판매·제공하는 매장,val,야채,T2 동의어,92dd49f0-3dfd-4523-89e6-43bfbbe43007,아가랑엄마랑,채소,진주 논개시장,전통시장,경상남도,,,
9b5ab0f9f48b189c3019,full_annotation_v1,A,q_야채_05,채소,식료품 중 '야채'를 판매·제공하는 매장,val,야채,T2 동의어,1631e5ef-55ef-400b-afa0-a6379ee0c93a,형제상회,채소,충주농산물종합시장(구 중앙청과시장),전통시장,충청북도,,,
675840a7cfc6db75bc09,full_annotation_v1,A,q_야채_05,채소,식료품 중 '야채'를 판매·제공하는 매장,val,야채,T2 동의어,98cebc98-8d67-4b55-bf6d-60919650d41a,정미채소,채소,정읍샘고을시장,전통시장,전북특별자치도,,,
8752daab1129dbf84002,full_annotation_v1,A,q_야채_05,채소,식료품 중 '야채'를 판매·제공하는 매장,val,야채,T2 동의어,1d0d828a-3ee4-4945-b3ce-9a54efea4289,이푸른채소,채소,해평시장,전통시장,경상북도,,,
2c3c3686b8172513ac27,full_annotation_v1,A,q_야채_05,채소,식료품 중 '야채'를 판매·제공하는 매장,val,야채,T2 동의어,b78dda6f-90f1-4cbe-8341-58fe3462ffb4,합천채소,채소,성서와룡시장,전통시장,대구광역시,,,
34a4e459e7ec10ea2838,full_annotation_v1,A,q_야채_05,채소,식료품 중 '야채'를 판매·제공하는 매장,val,야채,T2 동의어,00b64830-f897-4643-a5fa-6d8950c2ef89,낭만상회,식품,문산자유시장,전통시장,경기도,,,
59a15d640941956119d1,full_annotation_v1,A,q_야채_05,채소,식료품 중 '야채'를 판매·제공하는 매장,val,야채,T2 동의어,54ca1645-4cb0-4ec6-8043-3767c616eb16,제일상회,채소,말바우시장,전통시장,광주광역시,,,
22985a4cae2c9ad00f03,full_annotation_v1,A,q_야채_05,채소,식료품 중 '야채'를 판매·제공하는 매장,val,야채,T2 동의어,7844e557-1d48-454d-9149-e2a3babceea5,한양식품,채소,나주목사고을시장,전통시장,,,,
30cb79fe808e933184b3,full_annotation_v1,A,q_야채_05,채소,식료품 중 '야채'를 판매·제공하는 매장,val,야채,T2 동의어,7bf1e6b4-a754-489b-9f7b-ad68cd686a92,가창상회,채소,칠성시장,전통시장,대구광역시,,,
f3bb75e3e33c8604eed1,full_annotation_v1,A,q_야채_05,채소,식료품 중 '야채'를 판매·제공하는 매장,val,야채,T2 동의어,4e18884b-b988-4e7c-ac2f-860c31c3ddb6,더하다 밥,음식,대명5동아우름길 골목형상점가,골목형상점가,대구광역시,,,
fc9369674cb992d99be0,full_annotation_v1,A,q_야채_05,채소,식료품 중 '야채'를 판매·제공하는 매장,val,야채,T2 동의어,a67ec970-f6ac-4314-832a-4ad66d5057d7,퇴촌,채소,청량리농수산물시장,전통시장,서울특별시,,,
1013443b74d09826e1b4,full_annotation_v1,A,q_야채_05,채소,식료품 중 '야채'를 판매·제공하는 매장,val,야채,T2 동의어,cb85d4c6-1179-419e-833a-a803adff67ee,다름이네 채소,채소,우장산역 골목형상점가,골목형상점가,서울특별시,,,
260500d17d37f6828903,full_annotation_v1,A,q_야채_05,채소,식료품 중 '야채'를 판매·제공하는 매장,val,야채,T2 동의어,e6314d4a-d954-48eb-b17a-3a06f04622e7,제일상회,채소,대구청과시장,전통시장,대구광역시,,,
85f6a74b4fd26c956372,full_annotation_v1,A,q_야채_05,채소,식료품 중 '야채'를 판매·제공하는 매장,val,야채,T2 동의어,3ed38013-1009-4b72-ba3f-b10030148289,큰밭상회,채소,팔달신시장,전통시장,대구광역시,,,
9b99e12e1c302bceb9a4,full_annotation_v1,A,q_야채_05,채소,식료품 중 '야채'를 판매·제공하는 매장,val,야채,T2 동의어,d52a6766-611d-4bd2-a0a6-89917479c143,송하 숯불구이,,남평 강변도시 골목형상점가,골목형상점가,,,,
c1ccf0cfc38091f38bf0,full_annotation_v1,A,q_야채_05,채소,식료품 중 '야채'를 판매·제공하는 매장,val,야채,T2 동의어,00b6e321-5954-437c-b1d9-94fded29f67e,웰빙마트,식품,서남신시장,전통시장,대구광역시,,,
78140bf1f0146ab4a61b,full_annotation_v1,A,q_야채_05,채소,식료품 중 '야채'를 판매·제공하는 매장,val,야채,T2 동의어,31515898-39ad-48c0-958a-50643dfe32ce,만물채소,채소,구서오시게시장,전통시장,부산광역시,,,
b1a662c35f2a081140a1,full_annotation_v1,A,q_야채_05,채소,식료품 중 '야채'를 판매·제공하는 매장,val,야채,T2 동의어,681f31ae-6c32-4124-bf9f-20a52500742a,태수상회,채소,천안중앙시장,전통시장,충청남도,,,
2a110b40ac149744aa3b,full_annotation_v1,A,q_야채_05,채소,식료품 중 '야채'를 판매·제공하는 매장,val,야채,T2 동의어,9174154b-b080-4623-881f-4b9843b13400,대성상회,채소,부산새벽시장,전통시장,부산광역시,,,
ea22a031b7fa537c1aec,full_annotation_v1,A,q_야채_05,채소,식료품 중 '야채'를 판매·제공하는 매장,val,야채,T2 동의어,818419b2-9ff4-49f6-ae74-cfe3d1197d81,상남채소,채소,창원 상남시장,전통시장,경상남도,,,
b5d8505f88ab356eb28f,full_annotation_v1,A,q_야채_05,채소,식료품 중 '야채'를 판매·제공하는 매장,val,야채,T2 동의어,29e43063-7953-4c44-91ca-a9a49e4d3010,대응상회,채소,중앙신시장,전통시장,경상북도,,,
7c4109fac96d6cfb301c,full_annotation_v1,A,q_야채_05,채소,식료품 중 '야채'를 판매·제공하는 매장,val,야채,T2 동의어,2de2bd43-1d82-4700-b2b7-8091b92a55c4,제일상회,채소,부평깡시장,전통시장,인천광역시,,,
3d29ad70dafe05fd65e9,full_annotation_v1,A,q_야채_05,채소,식료품 중 '야채'를 판매·제공하는 매장,val,야채,T2 동의어,314f20d4-4645-4f81-81c8-cc8ae0c3c32c,유선상회,채소,현대시장,전통시장,인천광역시,,,
9f9d7ff3472f325880b5,full_annotation_v1,A,q_야채_05,채소,식료품 중 '야채'를 판매·제공하는 매장,val,야채,T2 동의어,9a954674-9f54-4fff-8ce1-725488e64ec9,은혜농산,채소,창원 도계부부시장,전통시장,경상남도,,,
01030d0a1f5a301f7f75,full_annotation_v1,A,q_야채_05,채소,식료품 중 '야채'를 판매·제공하는 매장,val,야채,T2 동의어,d9b9a968-0578-4e50-ba4a-5d0c0ea8aa06,서울상회,채소,동문공설시장,전통시장,제주특별자치도,,,
df9d6940250679c847dc,full_annotation_v1,A,q_야채_05,채소,식료품 중 '야채'를 판매·제공하는 매장,val,야채,T2 동의어,f9b5b9dd-654d-4edd-9c8f-13716cee3e9d,대성상회,채소,부산새벽시장,전통시장,부산광역시,,,
862787a4bcdfd551b23e,full_annotation_v1,A,q_야채_05,채소,식료품 중 '야채'를 판매·제공하는 매장,val,야채,T2 동의어,dbb74a68-9f45-4942-a99c-ac3e4d7b2665,용수상회,채소,춘천번개시장,전통시장,강원특별자치도,,,
34ed2e5810214bfa1d5d,full_annotation_v1,A,q_야채_05,채소,식료품 중 '야채'를 판매·제공하는 매장,val,야채,T2 동의어,81dea512-73e0-4bdc-a5b3-6cec4531ec76,싱싱야채,채소,구월시장,전통시장,인천광역시,,,
5e044c2900f2f551e640,full_annotation_v1,A,q_야채_05,채소,식료품 중 '야채'를 판매·제공하는 매장,val,야채,T2 동의어,016f8113-22a7-4ef1-a80f-0562dd2a06e9,동이식품,"식품, 농산물",중앙신시장,전통시장,경상북도,,,
27823b63f5431601f87c,full_annotation_v1,A,q_야채_05,채소,식료품 중 '야채'를 판매·제공하는 매장,val,야채,T2 동의어,f0d6989d-02de-4184-942b-88239145e138,노점33호,채소,천안중앙시장,전통시장,충청남도,,,
8209d1e8273e139fd51f,full_annotation_v1,A,q_야채_05,채소,식료품 중 '야채'를 판매·제공하는 매장,val,야채,T2 동의어,2743811c-5e71-4d2b-aa75-1b0147d44f2d,사우 꽃이 피는 곳,꽃,김포 풍년마을 골목형상점가,골목형상점가,경기도,,,
2a250adb8cc6033b6947,full_annotation_v1,A,q_야채_05,채소,식료품 중 '야채'를 판매·제공하는 매장,val,야채,T2 동의어,0097b3e2-b5cf-4050-b719-c9d7738067c0,시흥상회,"소매(야채,과일)",광명전통시장,전통시장,경기도,,,
5ad0be911ca5cfeabf23,full_annotation_v1,A,q_야채_05,채소,식료품 중 '야채'를 판매·제공하는 매장,val,야채,T2 동의어,caf6b472-9520-45e6-9d3d-ed5b9b178eb5,대동상회,채소,부전상가시장,전통시장,부산광역시,,,
4fc5209a0fa81a4d537d,full_annotation_v1,A,q_야채_05,채소,식료품 중 '야채'를 판매·제공하는 매장,val,야채,T2 동의어,d57904ce-89ee-4825-a96d-eca798bcb2d3,쭈꾸미 본가,쭈꾸미볶음,물베기 골목형상점가,골목형상점가,대구광역시,,,
38f8747c1b6cdb1b0407,full_annotation_v1,A,q_야채_05,채소,식료품 중 '야채'를 판매·제공하는 매장,val,야채,T2 동의어,2cfe44c9-9d8a-4ecd-bbde-e6da2ad1fcc7,일꾼상회,채소,팔달신시장,전통시장,대구광역시,,,
5e61e7a0a770a6b2cf70,full_annotation_v1,A,q_야채_05,채소,식료품 중 '야채'를 판매·제공하는 매장,val,야채,T2 동의어,5f35d1eb-8806-45cb-8310-e69661deebd8,남목채소,채소,남목전통시장,전통시장,울산광역시,,,
bf0677498e56b7529402,full_annotation_v1,A,q_야채_05,채소,식료품 중 '야채'를 판매·제공하는 매장,val,야채,T2 동의어,b7dde3f3-c8d6-480c-b5a1-27bcde25d7a5,이평상회,채소,정읍샘고을시장,전통시장,전북특별자치도,,,
e7aa0f4f22d92d2150e9,full_annotation_v1,A,q_야채_05,채소,식료품 중 '야채'를 판매·제공하는 매장,val,야채,T2 동의어,d46c28bc-f666-4e53-8736-aee7f72cab32,현아농산,채소,칠성시장,전통시장,대구광역시,,,
b2bef20ae56fc58be8fc,full_annotation_v1,A,q_야채_05,채소,식료품 중 '야채'를 판매·제공하는 매장,val,야채,T2 동의어,0a4b1046-fda3-4295-88a3-f8574a7921d1,송동상회,채소,남원용남시장,전통시장,전북특별자치도,,,
e93438002407d907cbdb,full_annotation_v1,A,q_야채_05,채소,식료품 중 '야채'를 판매·제공하는 매장,val,야채,T2 동의어,bcbd70df-974e-4978-a2a0-9db31f25f5da,농촌이야기,채소,중리시장,전통시장,대전광역시,,,
a73da2e323da6587975a,full_annotation_v1,A,q_야채_05,채소,식료품 중 '야채'를 판매·제공하는 매장,val,야채,T2 동의어,340131e4-e488-467c-93a1-c2c1a38c97fc,기철야채,채소,서정리시장(서정시장),전통시장,경기도,,,
5ad084e387508a022d8e,full_annotation_v1,A,q_야채_05,채소,식료품 중 '야채'를 판매·제공하는 매장,val,야채,T2 동의어,00534c22-4465-442e-95db-66dd08f99320,삼원상회,채소,칠성시장,전통시장,대구광역시,,,
15cf6a03f4efd8fb449e,full_annotation_v1,A,q_야채_05,채소,식료품 중 '야채'를 판매·제공하는 매장,val,야채,T2 동의어,dd295f14-b477-4838-8d73-2e8c98c80fd5,대성상회,채소,세종전통시장,전통시장,세종특별자치시,,,
730915b29c5465a52dc5,full_annotation_v1,A,q_야채_05,채소,식료품 중 '야채'를 판매·제공하는 매장,val,야채,T2 동의어,eb6346be-6954-44fb-bbe5-653d2b6113c6,제일상회,채소,부여중앙시장,전통시장,충청남도,,,
c3983ec271f7a09d5d8c,full_annotation_v1,A,q_야채_05,채소,식료품 중 '야채'를 판매·제공하는 매장,val,야채,T2 동의어,3a362978-0a57-452a-a5b8-a4db80c8672d,현대상회,채소,팔달신시장,전통시장,대구광역시,,,
f21a8d3ae488212cfe5b,full_annotation_v1,A,q_야채_05,채소,식료품 중 '야채'를 판매·제공하는 매장,val,야채,T2 동의어,cf6c7a39-a366-488a-86a9-50052bb87e00,민호채소,채소,일산서문상점가,자율상권구역,경기도,,,
18dc042e418ac15b5484,full_annotation_v1,A,q_야채_05,채소,식료품 중 '야채'를 판매·제공하는 매장,val,야채,T2 동의어,abbd1fea-843d-4384-9e52-471f5ae9c8dc,새롬모바일,휴대폰 케이스,원당 중앙로 골목형상점가,골목형상점가,인천광역시,,,
9a2cb9bb5bf4b583e4f6,full_annotation_v1,A,q_야채_05,채소,식료품 중 '야채'를 판매·제공하는 매장,val,야채,T2 동의어,e622af7f-065f-4b6f-a47a-c97160ba36a7,함양식당,채소,정이있는 구포시장,전통시장,부산광역시,,,
4b2e2a16a629804e9e80,full_annotation_v1,A,q_야채_05,채소,식료품 중 '야채'를 판매·제공하는 매장,val,야채,T2 동의어,f8def119-b2d2-4514-a941-66bc0c4dc0f6,신용상회,채소,신중앙시장,전통시장,서울특별시,,,
511e16e2533fe5ac3457,full_annotation_v1,A,q_야채_05,채소,식료품 중 '야채'를 판매·제공하는 매장,val,야채,T2 동의어,6d1c0565-84e3-4504-969a-2e55246817f2,동건농산,채소,팔달신시장,전통시장,대구광역시,,,
c585465c9cc1a148a69a,full_annotation_v1,A,q_야채_05,채소,식료품 중 '야채'를 판매·제공하는 매장,val,야채,T2 동의어,b4504ce7-bda5-4ee1-9b9e-fa8f54d33cd7,김야채,채소,야음상가시장,전통시장,울산광역시,,,
9c77a8c0aa1e32ab365a,full_annotation_v1,A,q_야채_05,채소,식료품 중 '야채'를 판매·제공하는 매장,val,야채,T2 동의어,00c56499-bc90-4ed6-bb66-3802cc762889,의령상회,채소,부전상가시장,전통시장,부산광역시,,,
8973c610aa988887eb68,full_annotation_v1,A,q_야채_05,채소,식료품 중 '야채'를 판매·제공하는 매장,val,야채,T2 동의어,8e9529ce-197c-41c5-a471-f794ddd95368,광수생각,채소,군산신영시장,전통시장,전북특별자치도,,,
b5bcf4d89bcd3aa771ba,full_annotation_v1,A,q_야채_05,채소,식료품 중 '야채'를 판매·제공하는 매장,val,야채,T2 동의어,e007b87d-1c63-4958-91e1-24d453f10328,아해뜰채소,채소,목포청호시장,전통시장,,,,
55133a7b914ef751db00,full_annotation_v1,A,q_야채_05,채소,식료품 중 '야채'를 판매·제공하는 매장,val,야채,T2 동의어,80445bf3-1969-4d34-ac78-cc0e4d2dde85,어부의 식탁,,남평 강변도시 골목형상점가,골목형상점가,,,,
25f327512a3db4d827e9,full_annotation_v1,A,q_야채_05,채소,식료품 중 '야채'를 판매·제공하는 매장,val,야채,T2 동의어,28cd71cb-d1c0-42b1-91c0-9c2b303155b8,서울상회,채소,부전농수산물새벽시장,전통시장,부산광역시,,,
bba6f74f464c1a5a2849,full_annotation_v1,A,q_야채_05,채소,식료품 중 '야채'를 판매·제공하는 매장,val,야채,T2 동의어,03a6e716-3825-40e3-ba06-e047ee5e5483,부일반찬,김치,초량전통시장,전통시장,부산광역시,,,
cadd7bbac1611d35169e,full_annotation_v1,A,q_야채_05,채소,식료품 중 '야채'를 판매·제공하는 매장,val,야채,T2 동의어,a50d9588-45fd-4e3c-8f9c-22121b7280af,왜관채소,채소,지산목련시장(구 지산종합시장),전통시장,대구광역시,,,
06f8ed8d4989283db151,full_annotation_v1,A,q_야채_05,채소,식료품 중 '야채'를 판매·제공하는 매장,val,야채,T2 동의어,eeb6e637-0301-4d24-8739-d7e4d01eeb8f,영진상회,채소,청량리종합시장,전통시장,서울특별시,,,
6a318fa97e61b1cb4bb4,full_annotation_v1,A,q_야채_05,채소,식료품 중 '야채'를 판매·제공하는 매장,val,야채,T2 동의어,007fd232-3c16-44ff-be59-cf265f3775e9,동문상회,채소버섯,팔달신시장,전통시장,대구광역시,,,
272e38f90d7be542246a,full_annotation_v1,A,q_야채_05,채소,식료품 중 '야채'를 판매·제공하는 매장,val,야채,T2 동의어,006204f3-b214-4611-a434-f896bf75e919,장터사랑,과일,농성세대공감상인회 골목형상점가,골목형상점가,광주광역시,,,
001bc5959bdad9a8b53e,full_annotation_v1,A,q_야채_05,채소,식료품 중 '야채'를 판매·제공하는 매장,val,야채,T2 동의어,2d46893f-d0a7-4039-9a24-f22cf4c0a725,야채마을,채소,나주목사고을시장,전통시장,,,,
429a1454c186de1fcf70,full_annotation_v1,A,q_야채_05,채소,식료품 중 '야채'를 판매·제공하는 매장,val,야채,T2 동의어,c27af181-a924-4d29-810b-f49578bef2b7,진주상회,채소,엄궁농산물도매시장식품·청과 소매동 골목형상점가,골목형상점가,부산광역시,,,
f9cd44accf5b8a38c980,full_annotation_v1,A,q_야채_05,채소,식료품 중 '야채'를 판매·제공하는 매장,val,야채,T2 동의어,ee64db6b-6b64-4d05-9bcb-5c8946a9a463,서울상회,채소,순천역전시장상가,자율상권구역,전라남도,,,
4127826e0f984b786a11,full_annotation_v1,A,q_야채_05,채소,식료품 중 '야채'를 판매·제공하는 매장,val,야채,T2 동의어,2cddfc7a-87a2-4c8a-9ef4-161ce8b88525,신광천상회,채소,현대시장,전통시장,인천광역시,,,
98e55a96059801f4306e,full_annotation_v1,A,q_야채_05,채소,식료품 중 '야채'를 판매·제공하는 매장,val,야채,T2 동의어,19e67eb5-1906-430e-b7cf-ff1f93875af2,현대상회,채소,목포동부시장,전통시장,전라남도,,,
47f0c6a038f341a4a0c6,full_annotation_v1,A,q_야채_05,채소,식료품 중 '야채'를 판매·제공하는 매장,val,야채,T2 동의어,8ebc8811-fad2-473c-a3f8-a1cd64c84152,매일야채,채소,새마을시장,전통시장,서울특별시,,,
014867b8cee013cc189f,full_annotation_v1,A,q_야채_05,채소,식료품 중 '야채'를 판매·제공하는 매장,val,야채,T2 동의어,83cd06b0-592a-4e4f-b484-e1f030c92cca,재필상회,채소,남천해변시장,전통시장,부산광역시,,,
aef556b9232c23153069,full_annotation_v1,A,q_야채_05,채소,식료품 중 '야채'를 판매·제공하는 매장,val,야채,T2 동의어,9dd34df2-6ad5-4181-ae5c-ad03fb6a14dd,제일상회,채소,양동시장,전통시장,광주광역시,,,
9ad59e284ad2322c0842,full_annotation_v1,A,q_야채_05,채소,식료품 중 '야채'를 판매·제공하는 매장,val,야채,T2 동의어,2d1700ce-ed45-47f1-b4b5-6b7b1e62a8ea,종가아귀찜,한식,삼각동 골목형상점가,골목형상점가,광주광역시,,,
87de025c30e6ebf59e3c,full_annotation_v1,A,q_야채_05,채소,식료품 중 '야채'를 판매·제공하는 매장,val,야채,T2 동의어,12bac5de-59a7-472a-946b-5e38694a5648,한옥촌,쌈밥,전농배봉산맛집거리골목형상점가,골목형상점가,서울특별시,,,
76ec2be4d01b87a371ba,full_annotation_v1,A,q_야채_05,채소,식료품 중 '야채'를 판매·제공하는 매장,val,야채,T2 동의어,a1283b81-ade9-47ab-8235-28bfa73cdec6,오씨채소,채소,남항시장,전통시장,부산광역시,,,
54ae17e8c696c55bbd91,full_annotation_v1,A,q_야채_05,채소,식료품 중 '야채'를 판매·제공하는 매장,val,야채,T2 동의어,dff05377-4eb9-45b8-a1f9-b4c7c3917eb0,쌍둥이야채,채소,암사종합시장,전통시장,서울특별시,,,
e277ef0391e52ecde5f0,full_annotation_v1,A,q_야채_05,채소,식료품 중 '야채'를 판매·제공하는 매장,val,야채,T2 동의어,5bc3d4b3-d1b8-4f90-8afe-cfec5dc14045,만물채소,채소,연일골목시장상점가,자율상권구역,부산광역시,,,
6508d9f25992fdd08ca3,full_annotation_v1,A,q_야채_05,채소,식료품 중 '야채'를 판매·제공하는 매장,val,야채,T2 동의어,fcc4f6e6-bdce-44b7-85d2-f86770970597,현대상회,채소,팔달신시장,전통시장,대구광역시,,,
fe9ca4852eedf72421f0,full_annotation_v1,A,q_야채_05,채소,식료품 중 '야채'를 판매·제공하는 매장,val,야채,T2 동의어,76a3551b-dae4-4326-92cc-662015aedbfb,쉴 곳,한식,칠성로상점가,자율상권구역,제주특별자치도,,,
d72085441b1acc42ce3c,full_annotation_v1,A,q_야채_05,채소,식료품 중 '야채'를 판매·제공하는 매장,val,야채,T2 동의어,41931a9a-c977-4172-8d97-992fc461c233,서울상회,채소,충무동 새벽시장,전통시장,부산광역시,,,
2bf48733c28e5257fcc7,full_annotation_v1,A,q_야채_05,채소,식료품 중 '야채'를 판매·제공하는 매장,val,야채,T2 동의어,0622e5e4-d762-4378-aeb6-eb6148f9dec6,개도리김치,"김치, 채소, 건어물",나주목사고을시장,전통시장,,,,
50daa168e17e760336f4,full_annotation_v1,A,q_야채_05,채소,식료품 중 '야채'를 판매·제공하는 매장,val,야채,T2 동의어,000a244a-1e28-40b7-8d55-d5b1055f12d2,진해상회,채소,마산어시장,전통시장,경상남도,,,
dfb9941c1c74d6b114cb,full_annotation_v1,A,q_야채_05,채소,식료품 중 '야채'를 판매·제공하는 매장,val,야채,T2 동의어,76abb76b-d19f-41ac-ad4d-26d32bffad62,수지,옷가게(의류),양산 나래메트로시티 골목형상점가,골목형상점가,경상남도,,,
5468df55e724c1ffb1c3,full_annotation_v1,A,q_야채_05,채소,식료품 중 '야채'를 판매·제공하는 매장,val,야채,T2 동의어,05c76e94-955a-4fc9-a37c-59f7295ce5af,청원상회,채소,삼척중앙시장,전통시장,강원특별자치도,,,
dadcecd1038b3cc4c541,full_annotation_v1,A,q_야채_05,채소,식료품 중 '야채'를 판매·제공하는 매장,val,야채,T2 동의어,006601da-192a-4275-90bf-aa320c79ea9f,바이럽,샐러드,현풍백년도깨비시장,전통시장,대구광역시,,,
48afadc628c419a8426e,full_annotation_v1,A,q_야채_05,채소,식료품 중 '야채'를 판매·제공하는 매장,val,야채,T2 동의어,530e8c7d-4476-41cd-98e5-d6d8a71f82c6,장군상회,채소,마산역번개시장,전통시장,경상남도,,,
66338d71f976eea89917,full_annotation_v1,A,q_야채_05,채소,식료품 중 '야채'를 판매·제공하는 매장,val,야채,T2 동의어,cb0c9232-ca19-47a1-bc4c-f0fc7c27e1fb,유림채소,채소,익산북부시장,전통시장,전북특별자치도,,,
292dfe3d0632764624ee,full_annotation_v1,A,q_야채_05,채소,식료품 중 '야채'를 판매·제공하는 매장,val,야채,T2 동의어,01f160fc-531c-4191-aa22-453462e0f38a,천년,김치,오정동상점가,자율상권구역,대전광역시,,,
3ef4d4d8e7dad127c2b9,full_annotation_v1,A,q_야채_05,채소,식료품 중 '야채'를 판매·제공하는 매장,val,야채,T2 동의어,000527f2-442a-4dd1-9bfc-8a8cd9fd5410,(유)뉴현대상회,농산물,가락몰골목형상점가,골목형상점가,서울특별시,,,
fcd0fb9c5fd1d71a6b89,full_annotation_v1,A,q_야채_05,채소,식료품 중 '야채'를 판매·제공하는 매장,val,야채,T2 동의어,888c448d-238d-4979-abc2-7e881ff6c69c,논공농산,채소,관문상가시장,전통시장,대구광역시,,,
62a90c52517ff5795307,full_annotation_v1,A,q_야채_05,채소,식료품 중 '야채'를 판매·제공하는 매장,val,야채,T2 동의어,8c66ee33-f10b-458a-bf68-f345576fb68c,의성채소,채소,의성공설전통시장(의성읍정기시장),전통시장,경상북도,,,
71aeb5a29c78043000cf,full_annotation_v1,A,q_야채_05,채소,식료품 중 '야채'를 판매·제공하는 매장,val,야채,T2 동의어,00947369-dfd0-4074-b22e-c8b430a98a70,에스.에이.팜(S.A.farm),"표고버섯및농산물, 잡화, 통신판매",무주반딧불상권활성화구역,상권활성화구역,전북특별자치도,,,
be851fd3794ca6e607c4,full_annotation_v1,A,q_야채_05,채소,식료품 중 '야채'를 판매·제공하는 매장,val,야채,T2 동의어,4455fdcc-2d7b-498f-bfd4-fea75448074c,싱싱야채,채소,서남신시장,전통시장,대구광역시,,,
f322ef3deff693508db8,full_annotation_v1,A,q_야채_05,채소,식료품 중 '야채'를 판매·제공하는 매장,val,야채,T2 동의어,9ac244b8-9fc1-4477-adfd-13882109a6b1,형제상회,채소,논산화지중앙시장,전통시장,충청남도,,,
3f572b083d7cbd5b6745,full_annotation_v1,A,q_야채_05,채소,식료품 중 '야채'를 판매·제공하는 매장,val,야채,T2 동의어,98f0ab8f-97a8-430a-bbf0-8812a6fdbe7f,충남상회,채소,대구청과시장,전통시장,대구광역시,,,
7a4c0d7d2487f873de7b,full_annotation_v1,A,q_야채_05,채소,식료품 중 '야채'를 판매·제공하는 매장,val,야채,T2 동의어,8af5ba21-3e03-42c8-9fb8-36ebb0651c6b,산새상회,채소,통영중앙전통시장,전통시장,경상남도,,,
f68e148bc0a66887bede,full_annotation_v1,A,q_야채_05,채소,식료품 중 '야채'를 판매·제공하는 매장,val,야채,T2 동의어,3d7157f4-0e98-40c6-b6c7-bf3414ec6af7,우리식품,채소,사천 삼천포전통수산시장,전통시장,경상남도,,,
d476d43c3aac242bdc4f,full_annotation_v1,A,q_야채_05,채소,식료품 중 '야채'를 판매·제공하는 매장,val,야채,T2 동의어,d7ba6209-f2bc-4dd0-baba-f9b869bd5ee6,형제상회,채소,문경중앙시장,전통시장,경상북도,,,
561a029411ac51d07292,full_annotation_v1,A,q_야채_05,채소,식료품 중 '야채'를 판매·제공하는 매장,val,야채,T2 동의어,06f191fb-14b4-4d51-8efb-39d44343f1a7,유한회사 바르메이드,샐러드,상무시청상인회 골목형상점가,골목형상점가,광주광역시,,,
23a2a053daa208e7ad8a,full_annotation_v1,A,q_야채_05,채소,식료품 중 '야채'를 판매·제공하는 매장,val,야채,T2 동의어,751093f9-5edd-49a1-b1c1-eba31ab2fe43,대명태권도 체육관,태권도,소촌금봉 골목형상점가,골목형상점가,광주광역시,,,
25e4415f8ba277bd0268,full_annotation_v1,A,q_야채_05,채소,식료품 중 '야채'를 판매·제공하는 매장,val,야채,T2 동의어,855bd057-d2cd-435b-a147-9d5086e8695c,파리바게뜨북항점,제과점,뒷개로청춘골목상점가,골목형상점가,전라남도,,,
bd601fb40e082dbf33c8,full_annotation_v1,A,q_야채_05,채소,식료품 중 '야채'를 판매·제공하는 매장,val,야채,T2 동의어,008b2657-018e-4d46-b0b0-a173aee3f37a,대원상회,농산물,대구능금시장,전통시장,대구광역시,,,
1ba4a0fe5cf0b8b69265,full_annotation_v1,A,q_야채_05,채소,식료품 중 '야채'를 판매·제공하는 매장,val,야채,T2 동의어,3fde8481-3816-4c57-8e33-bfd1ab03783b,진주상회,채소,가락몰골목형상점가,골목형상점가,서울특별시,,,
72f532454c41541b3490,full_annotation_v1,A,q_야채_05,채소,식료품 중 '야채'를 판매·제공하는 매장,val,야채,T2 동의어,7ff1a1b0-1547-4ab3-9dd0-a48265949d0d,은주상회,채소,부산새벽시장,전통시장,부산광역시,,,
880452f49ee4a6549b6a,full_annotation_v1,A,q_야채_05,채소,식료품 중 '야채'를 판매·제공하는 매장,val,야채,T2 동의어,b1b1c759-5ecd-4c2a-a695-cc5800e6e584,여항식품,채소,마산어시장,전통시장,경상남도,,,
498abff471324000f812,full_annotation_v1,A,q_야채_05,채소,식료품 중 '야채'를 판매·제공하는 매장,val,야채,T2 동의어,0374d7c1-7ee0-4a6b-9d23-31b38f559a4a,영진상회,채소,양동시장,전통시장,광주광역시,,,
644c00ee43bb287a90ae,full_annotation_v1,A,q_야채_05,채소,식료품 중 '야채'를 판매·제공하는 매장,val,야채,T2 동의어,00f0eee4-789e-4a7b-afc5-f1e7fc279b83,전국상회,야채,청량리종합시장,전통시장,서울특별시,,,
df5e2361ff7f384b65a2,full_annotation_v1,A,q_야채_05,채소,식료품 중 '야채'를 판매·제공하는 매장,val,야채,T2 동의어,b5c70c8e-b2f2-4c63-82f4-2e6efc0c157d,브이미용실,미용실,일산중앙상점가 골목형상점가,골목형상점가,경기도,,,
870f1f28d35a5490a933,full_annotation_v1,A,q_야채_05,채소,식료품 중 '야채'를 판매·제공하는 매장,val,야채,T2 동의어,09e5fb7c-d0cc-4720-92df-5a5cece636c7,샐러리아 잠실본점,샐러드,방이시장,전통시장,서울특별시,,,
bc783dadcd4b0c7fa00a,full_annotation_v1,A,q_야채_05,채소,식료품 중 '야채'를 판매·제공하는 매장,val,야채,T2 동의어,009a3629-5dbc-47c2-adea-b1f9bc2c083a,동해농수산,야채,방학동도깨비시장,전통시장,서울특별시,,,
ca19624d8905af6e7c3f,full_annotation_v1,A,q_야채_05,채소,식료품 중 '야채'를 판매·제공하는 매장,val,야채,T2 동의어,a723a32a-cdff-4bd3-a096-38bcaeac6989,진주상회,채소,부전시장,전통시장,부산광역시,,,
98ff46b062c93f49b8af,full_annotation_v1,A,q_야채_05,채소,식료품 중 '야채'를 판매·제공하는 매장,val,야채,T2 동의어,6e0494c5-495b-4a8d-8de2-ecc6ab7d1744,진주상회,채소,대구청과시장,전통시장,대구광역시,,,
1a1e67db66546c02f2c9,full_annotation_v1,A,q_야채_05,채소,식료품 중 '야채'를 판매·제공하는 매장,val,야채,T2 동의어,00468e6b-39c6-4ce1-a534-a6b1eecac01d,태양농산물,과일,정릉서경대길골목형상점가(정릉골),골목형상점가,서울특별시,,,
8aa6c97f2596b25807b2,full_annotation_v1,A,q_야채_05,채소,식료품 중 '야채'를 판매·제공하는 매장,val,야채,T2 동의어,0042e83d-930b-4d1d-a96f-f1a2691256cd,성화상회,과일,대구능금시장,전통시장,대구광역시,,,
a58f30e02e608b905359,full_annotation_v1,A,q_야채_05,채소,식료품 중 '야채'를 판매·제공하는 매장,val,야채,T2 동의어,014b06bd-3fa3-4cde-b459-e62ca64c33aa,조은식품,채소,하양꿈바우시장,전통시장,경상북도,,,
a2902743344160a22f19,full_annotation_v1,A,q_야채_05,채소,식료품 중 '야채'를 판매·제공하는 매장,val,야채,T2 동의어,00333be0-b70d-4197-aa97-5a277d61e0da,㈜신진후르츠,과일,부전농수산물새벽시장,전통시장,부산광역시,,,
e4d4a7ac06a6fa33f190,full_annotation_v1,A,q_야채_05,채소,식료품 중 '야채'를 판매·제공하는 매장,val,야채,T2 동의어,c5e297ee-9dde-43ca-8d25-53aed83d978a,공주채소,채소,세종전통시장,전통시장,세종특별자치시,,,
a11600bf68dc00638c7b,full_annotation_v1,A,q_야채_05,채소,식료품 중 '야채'를 판매·제공하는 매장,val,야채,T2 동의어,00818eab-32ca-497e-ad5c-1c301a7ea4c9,13번상회,채소,마산 동마산시장,전통시장,경상남도,,,
1ab47fa72f56d4c4a2bb,full_annotation_v1,A,q_야채_05,채소,식료품 중 '야채'를 판매·제공하는 매장,val,야채,T2 동의어,05530d0f-82ed-47a1-8015-32b6c30e3752,진수산삼다식품,"젓갈류, 김치, 수산물",동문재래시장,전통시장,제주특별자치도,,,
82c6ddf31d57063ff398,full_annotation_v1,A,q_야채_05,채소,식료품 중 '야채'를 판매·제공하는 매장,val,야채,T2 동의어,4051742c-2682-4127-9910-7c7df5577754,채소수산다있소,채소,수정전통시장,전통시장,부산광역시,,,
9ccc5070e1659287b823,full_annotation_v1,A,q_야채_05,채소,식료품 중 '야채'를 판매·제공하는 매장,val,야채,T2 동의어,bd6f342d-5f6d-4972-8dfd-ae48461eec88,형규네,채소,수유시장,전통시장,서울특별시,,,
65002c72f04b0a8c3741,full_annotation_v1,A,q_야채_05,채소,식료품 중 '야채'를 판매·제공하는 매장,val,야채,T2 동의어,34b9ac8e-e715-4cbd-8ecc-ab6c21775817,경북야채,채소,서산동부전통시장,전통시장,충청남도,,,
be00e411ab5592335113,full_annotation_v1,A,q_야채_05,채소,식료품 중 '야채'를 판매·제공하는 매장,val,야채,T2 동의어,49f52139-706c-4946-a0c3-9ac5c187ec8a,라온헤어,미용업,삼각동 골목형상점가,골목형상점가,광주광역시,,,
fe02f43ecf0f888b9c05,full_annotation_v1,A,q_야채_05,채소,식료품 중 '야채'를 판매·제공하는 매장,val,야채,T2 동의어,014fc673-2f3b-48cf-a134-d5aebb132435,동성상회,야채,동두천중앙시장,전통시장,경기도,,,
86b5c3e36c05e7f25af7,full_annotation_v1,A,q_야채_05,채소,식료품 중 '야채'를 판매·제공하는 매장,val,야채,T2 동의어,008d1ed4-a5d7-492e-9959-f8307a68cc5f,샐러드 정원,"샐러드, 샌드위치",미성동도깨비시장,골목형상점가,서울특별시,,,
6536a84f74d99d488b41,full_annotation_v1,A,q_야채_05,채소,식료품 중 '야채'를 판매·제공하는 매장,val,야채,T2 동의어,00891fcf-925f-4b76-bc26-179798787b48,정우상회,농산물,경동시장,전통시장,서울특별시,,,
db966a188d61006a19b8,full_annotation_v1,A,q_야채_05,채소,식료품 중 '야채'를 판매·제공하는 매장,val,야채,T2 동의어,001cb3d4-5441-4963-b517-d5b3904ee312,현창떡집,떡집,목포동부시장,전통시장,전라남도,,,
1cdf644adf157b4b3831,full_annotation_v1,A,q_야채_05,채소,식료품 중 '야채'를 판매·제공하는 매장,val,야채,T2 동의어,19f80ad5-7c10-4c16-bff4-8218962d912e,공주집,"채소.야채, 채소",대명여울빛거리시장,전통시장,서울특별시,,,
9b93d60bc3bcbaa34c9c,full_annotation_v1,A,q_야채_05,채소,식료품 중 '야채'를 판매·제공하는 매장,val,야채,T2 동의어,0045f871-6f40-4361-bcdd-2b94bf597287,무파장터,야채 청과물,신금정시장 골목형 상점가,골목형상점가,부산광역시,,,
74218eb02eb085b642fc,full_annotation_v1,A,q_야채_05,채소,식료품 중 '야채'를 판매·제공하는 매장,val,야채,T2 동의어,0b8ef6dc-2f6b-4707-bd73-529122d9c97a,하단떡집,떡집,하단오일상설시장,전통시장,부산광역시,,,
45dee435675217fde369,full_annotation_v1,A,q_야채_05,채소,식료품 중 '야채'를 판매·제공하는 매장,val,야채,T2 동의어,bf528295-96f2-4795-909b-df66a23757c5,봉화채소,채소,서동전통골목시장,전통시장,부산광역시,,,
eb4a688e2d61b2695e6c,full_annotation_v1,A,q_야채_05,채소,식료품 중 '야채'를 판매·제공하는 매장,val,야채,T2 동의어,15578c36-25cb-47c6-b623-02d015391845,서가네쌈밥,쌈밥,면곡시장 골목형상점가,골목형상점가,서울특별시,,,
49dc8944e590aafa9c35,full_annotation_v1,A,q_야채_05,채소,식료품 중 '야채'를 판매·제공하는 매장,val,야채,T2 동의어,f8a10401-ff1a-40ee-9067-281a1d4518d8,달전채소,채소,장량성도시장,전통시장,경상북도,,,
14eb67d03f789941864f,full_annotation_v1,A,q_야채_05,채소,식료품 중 '야채'를 판매·제공하는 매장,val,야채,T2 동의어,94638f05-9b77-4863-80e1-6277f5899822,중앙채소,채소,김제전통시장,전통시장,전북특별자치도,,,
0f425c8c560e283431d0,full_annotation_v1,A,q_야채_05,채소,식료품 중 '야채'를 판매·제공하는 매장,val,야채,T2 동의어,01b4b567-78d4-4fa1-9bff-25fd01fb1a4c,소문난김치집,김치,중앙먹거리 상인회 골목형상점가,골목형상점가,전라남도,,,
99cfc9abb92eb45bfee9,full_annotation_v1,A,q_야채_05,채소,식료품 중 '야채'를 판매·제공하는 매장,val,야채,T2 동의어,545c6f7a-bb0e-4ebe-a9e4-40fccb81edc6,중앙채소,채소,논공중앙시장,전통시장,대구광역시,,,
ef3ea91fba37012a3872,full_annotation_v1,A,q_야채_05,채소,식료품 중 '야채'를 판매·제공하는 매장,val,야채,T2 동의어,04c905ba-3172-4ea4-a6dd-4345d674dea0,덕순이네,제조업(떡집),장터길 골목형상점가,골목형상점가,경기도,,,
ccadb5006a7afaa1fb2e,full_annotation_v1,A,q_야채_05,채소,식료품 중 '야채'를 판매·제공하는 매장,val,야채,T2 동의어,081e5a59-6409-4aa2-be1f-52a4a6d6ae84,안동청과,채소,신성전통시장,전통시장,서울특별시,,,
79155be0263913e7b447,full_annotation_v1,A,q_야채_05,채소,식료품 중 '야채'를 판매·제공하는 매장,val,야채,T2 동의어,56db4778-14ee-4046-a171-821fc0e3f8ce,산수쌈밥,쌈밥,전남여고후문 골목형상점가,골목형상점가,광주광역시,,,
827ff494ba3bc838510d,full_annotation_v1,A,q_야채_05,채소,식료품 중 '야채'를 판매·제공하는 매장,val,야채,T2 동의어,bd019565-279e-4885-a9e9-8710ba8ce2c0,형제상회,채소,부산새벽시장,전통시장,부산광역시,,,
690301090913be4c6d5e,full_annotation_v1,A,q_야채_05,채소,식료품 중 '야채'를 판매·제공하는 매장,val,야채,T2 동의어,78a9534c-4bf0-45c7-b5c8-39460fc76435,대운상회,채소,포항죽도농산물시장,전통시장,경상북도,,,
758c8d44caf07bc2bce8,full_annotation_v1,A,q_야채_05,채소,식료품 중 '야채'를 판매·제공하는 매장,val,야채,T2 동의어,aaf9d1eb-4cb7-4e16-88f5-d2b91bf480ae,관포선어,채소,거제 고현시장,전통시장,경상남도,,,
44e34abca819801a8ed2,full_annotation_v1,A,q_야채_05,채소,식료품 중 '야채'를 판매·제공하는 매장,val,야채,T2 동의어,e6b1b9e7-be39-491d-ac2b-f22370440245,하당상회,채소,죽변시장,전통시장,경상북도,,,
f509341ef148e75e1f48,full_annotation_v1,A,q_야채_05,채소,식료품 중 '야채'를 판매·제공하는 매장,val,야채,T2 동의어,2541bf62-ab8e-4c0f-a7eb-66fcbf5913d1,대구상회,채소,충주무학시장,전통시장,충청북도,,,
270084048939163a5a7f,full_annotation_v1,A,q_야채_05,채소,식료품 중 '야채'를 판매·제공하는 매장,val,야채,T2 동의어,014072fb-b412-4fb3-a663-31dbf80e44a6,매일상회,"야채, 과일",고산미소시장(고산시장),전통시장,전북특별자치도,,,
b87603bc310c250a00fc,full_annotation_v1,A,q_야채_05,채소,식료품 중 '야채'를 판매·제공하는 매장,val,야채,T2 동의어,a950c2ba-6695-4d0d-aecf-9b3baadd50d9,거북상회,채소,마산 정우새어시장,전통시장,경상남도,,,
ab81d2a15a2be44d5a52,full_annotation_v1,A,q_야채_05,채소,식료품 중 '야채'를 판매·제공하는 매장,val,야채,T2 동의어,00344d24-5aaa-4dc7-ba51-3c041c147576,고향뜰영농조합법인,농산물,양산 북부시장,전통시장,경상남도,,,
0eec9c7390cb5c0401b8,full_annotation_v1,A,q_야채_05,채소,식료품 중 '야채'를 판매·제공하는 매장,val,야채,T2 동의어,5ff21a88-9cf2-4f06-9212-f563daeea347,형제농산,채소,관문상가시장,전통시장,대구광역시,,,
8e732064073533058a79,full_annotation_v1,A,q_야채_05,채소,식료품 중 '야채'를 판매·제공하는 매장,val,야채,T2 동의어,008d4156-e489-4d1f-9205-b541972d35a8,과일왕,과일 잡화 야채 먹거리,연제동 골목형상점가,골목형상점가,광주광역시,,,
ea20f6ea510dcfad30bd,full_annotation_v1,A,q_야채_05,채소,식료품 중 '야채'를 판매·제공하는 매장,val,야채,T2 동의어,43c03e36-c146-4944-bcd4-879bc435fad2,도온쌈,쌈밥,남이동길골목형상점가,골목형상점가,서울특별시,,,
0e55c8c570600d5db9a4,full_annotation_v1,A,q_야채_05,채소,식료품 중 '야채'를 판매·제공하는 매장,val,야채,T2 동의어,063d7960-6be9-4765-b6a3-ad8b0bbe656f,원이채소,채소,남항시장,전통시장,부산광역시,,,
d300211261b663d559e9,full_annotation_v1,A,q_야채_05,채소,식료품 중 '야채'를 판매·제공하는 매장,val,야채,T2 동의어,7af46642-0758-40bb-9697-1d42370dec58,상동야채,채소,부천상동시장,전통시장,경기도,,,
2cbfc7ecef4400e353f6,full_annotation_v1,A,q_야채_05,채소,식료품 중 '야채'를 판매·제공하는 매장,val,야채,T2 동의어,0a47fa4a-19fd-4c00-841d-e16bd6a3c84a,싱싱채소,채소,합천왕후시장,전통시장,경상남도,,,
8b2c3934c065ba104d2d,full_annotation_v1,A,q_야채_05,채소,식료품 중 '야채'를 판매·제공하는 매장,val,야채,T2 동의어,1da692e3-166b-4191-a497-fc8507d39f24,금화농산,채소,부산새벽시장,전통시장,부산광역시,,,
0c5db45b17a5eba8ef83,full_annotation_v1,A,q_야채_05,채소,식료품 중 '야채'를 판매·제공하는 매장,val,야채,T2 동의어,f17cb0af-297f-419e-86db-a1dca61eaab8,민혁채소,채소,나주목사고을시장,전통시장,전라남도,,,
bc9d0aaa834a25d97847,full_annotation_v1,A,q_야채_05,채소,식료품 중 '야채'를 판매·제공하는 매장,val,야채,T2 동의어,4dee7b94-fac5-4026-a789-60c168c332d4,영일상회,채소,영일시장,전통시장,서울특별시,,,
277843c43440408a153a,full_annotation_v1,A,q_야채_05,채소,식료품 중 '야채'를 판매·제공하는 매장,val,야채,T2 동의어,bab035ee-939e-4df2-85bb-cf151a9e9e3a,신토불이유통,채소,동명동 아침골목상점가,골목형상점가,전라남도,,,
bde7da12f7fef5a638ec,full_annotation_v1,A,q_야채_05,채소,식료품 중 '야채'를 판매·제공하는 매장,val,야채,T2 동의어,5d021e59-db79-46a5-8451-b7dea60849b9,충남상회,채소,우리시장,자율상권구역,서울특별시,,,
c4fc4ff350094be72526,full_annotation_v1,A,q_야채_05,채소,식료품 중 '야채'를 판매·제공하는 매장,val,야채,T2 동의어,c587805a-64c7-4032-90a2-1531a5cd1085,경북상회,채소,청주중앙시장,전통시장,충청북도,,,
c3270faf2b345e2456a5,full_annotation_v1,A,q_야채_05,채소,식료품 중 '야채'를 판매·제공하는 매장,val,야채,T2 동의어,c111ac9d-3f3a-405c-a8db-4d127ccda9e2,행복이 있는 곳,잡화,제주로얄쇼핑센터,자율상권구역,제주특별자치도,,,
3533bdffe01299f5e5ab,full_annotation_v1,A,q_야채_05,채소,식료품 중 '야채'를 판매·제공하는 매장,val,야채,T2 동의어,1ca7b792-9350-4c78-88ce-80d12cf01a50,푸른뫼,채소,춘천풍물시장,전통시장,강원특별자치도,,,
8ba2474cc7cc89cf2c07,full_annotation_v1,A,q_야채_05,채소,식료품 중 '야채'를 판매·제공하는 매장,val,야채,T2 동의어,be436d5b-51f1-4676-a782-2d8b4a272ff1,총각야채,채소,성남남한산성시장(구 은행골목시장),전통시장,경기도,,,
6e73b967451a96c42d47,full_annotation_v1,A,q_야채_05,채소,식료품 중 '야채'를 판매·제공하는 매장,val,야채,T2 동의어,0699e51f-0c1c-416c-b987-55e5ee6c31b0,씨유전주진북우성점,편의점,전주우성타운 골목형상점가,골목형상점가,전북특별자치도,,,
aa42dc40a7c3a75b16dd,full_annotation_v1,A,q_야채_06,채소 파는 곳,식료품 중 '야채'를 판매·제공하는 매장,val,야채,T2 동의어,95ba8d97-dd54-427d-82bd-73fce1ea1700,대윤물산무역,농수산물,부평깡시장,전통시장,인천광역시,,,
9fbafc1d699b3647c24d,full_annotation_v1,A,q_야채_06,채소 파는 곳,식료품 중 '야채'를 판매·제공하는 매장,val,야채,T2 동의어,eb6346be-6954-44fb-bbe5-653d2b6113c6,제일상회,채소,부여중앙시장,전통시장,충청남도,,,
b83011b577a3fcce60da,full_annotation_v1,A,q_야채_06,채소 파는 곳,식료품 중 '야채'를 판매·제공하는 매장,val,야채,T2 동의어,98cebc98-8d67-4b55-bf6d-60919650d41a,정미채소,채소,정읍샘고을시장,전통시장,전북특별자치도,,,
da61d8337883cfc73ac3,full_annotation_v1,A,q_야채_06,채소 파는 곳,식료품 중 '야채'를 판매·제공하는 매장,val,야채,T2 동의어,4a064b4a-0ac0-4745-9505-30e379812c1f,도담푸드,농수산물,송하동 골목형상점가,골목형상점가,광주광역시,,,
ab2d5f0f85394885f531,full_annotation_v1,A,q_야채_06,채소 파는 곳,식료품 중 '야채'를 판매·제공하는 매장,val,야채,T2 동의어,9de425a7-4711-46dd-bdd5-762daac8869a,오성상회,농수산물,마산 신마산시장,전통시장,경상남도,,,
7c4ec07b0de66c2f2ca7,full_annotation_v1,A,q_야채_06,채소 파는 곳,식료품 중 '야채'를 판매·제공하는 매장,val,야채,T2 동의어,03a6e716-3825-40e3-ba06-e047ee5e5483,부일반찬,김치,초량전통시장,전통시장,부산광역시,,,
9226faff5e9ebfd7ee44,full_annotation_v1,A,q_야채_06,채소 파는 곳,식료품 중 '야채'를 판매·제공하는 매장,val,야채,T2 동의어,de102b7f-14b7-41c1-9720-b7db87e0587b,농수산물 도소매 경전청과,농수산물,은행시장,전통시장,경기도,,,
1b75616458f8769bd91d,full_annotation_v1,A,q_야채_06,채소 파는 곳,식료품 중 '야채'를 판매·제공하는 매장,val,야채,T2 동의어,40e873d6-baa6-40bc-b37c-e8dced0ba959,맵시나,의류,안양일번가 지하쇼핑몰,일반지하상점가,경기도,,,
d800a10a68e615e58fbf,full_annotation_v1,A,q_야채_06,채소 파는 곳,식료품 중 '야채'를 판매·제공하는 매장,val,야채,T2 동의어,c587cea6-6591-4c8a-a86c-ed9dc4d9d5ca,울산상회,농수산물,영천공설시장,전통시장,경상북도,,,
3f220e252f0936b2bd2b,full_annotation_v1,A,q_야채_06,채소 파는 곳,식료품 중 '야채'를 판매·제공하는 매장,val,야채,T2 동의어,76a3551b-dae4-4326-92cc-662015aedbfb,쉴 곳,한식,칠성로상점가,자율상권구역,제주특별자치도,,,
8c1fb713537481ad3af1,full_annotation_v1,A,q_야채_06,채소 파는 곳,식료품 중 '야채'를 판매·제공하는 매장,val,야채,T2 동의어,a67ec970-f6ac-4314-832a-4ad66d5057d7,퇴촌,채소,청량리농수산물시장,전통시장,서울특별시,,,
ecfdeb19fa6dae1ec45e,full_annotation_v1,A,q_야채_06,채소 파는 곳,식료품 중 '야채'를 판매·제공하는 매장,val,야채,T2 동의어,4dee7b94-fac5-4026-a789-60c168c332d4,영일상회,채소,영일시장,전통시장,서울특별시,,,
a8680303333c0698beaf,full_annotation_v1,A,q_야채_06,채소 파는 곳,식료품 중 '야채'를 판매·제공하는 매장,val,야채,T2 동의어,f5a628ee-a84f-4407-96fa-bc47e1efba4d,드림팜,농수산물,영등포청과시장,자율상권구역,서울특별시,,,
8fe1aaa21024f438c3fd,full_annotation_v1,A,q_야채_06,채소 파는 곳,식료품 중 '야채'를 판매·제공하는 매장,val,야채,T2 동의어,b0d74b69-b88c-4d75-bd60-4b6ec9aae5a8,육일,농수산물,동문재래시장,전통시장,제주특별자치도,,,
6ab15fc2a01eb6bf25f9,full_annotation_v1,A,q_야채_06,채소 파는 곳,식료품 중 '야채'를 판매·제공하는 매장,val,야채,T2 동의어,a5251200-cec5-44d4-bbd9-7234e22bc7d5,칠성상회,농수산물,부전마켓타운 시장활성화구역,상권활성화구역,부산광역시,,,
be88e9bfc778633b06be,full_annotation_v1,A,q_야채_06,채소 파는 곳,식료품 중 '야채'를 판매·제공하는 매장,val,야채,T2 동의어,b7dde3f3-c8d6-480c-b5a1-27bcde25d7a5,이평상회,채소,정읍샘고을시장,전통시장,전북특별자치도,,,
af8cc7009153a451bfe3,full_annotation_v1,A,q_야채_06,채소 파는 곳,식료품 중 '야채'를 판매·제공하는 매장,val,야채,T2 동의어,d9b9a968-0578-4e50-ba4a-5d0c0ea8aa06,서울상회,채소,동문공설시장,전통시장,제주특별자치도,,,
e422167c7522aa6dfc68,full_annotation_v1,A,q_야채_06,채소 파는 곳,식료품 중 '야채'를 판매·제공하는 매장,val,야채,T2 동의어,fa1ea1bc-557a-4f3f-810a-c0cc597d1da4,아이엠파트너스,,화서시장,전통시장,경기도,,,
f66535721e293ad7782b,full_annotation_v1,A,q_야채_06,채소 파는 곳,식료품 중 '야채'를 판매·제공하는 매장,val,야채,T2 동의어,01e96e25-dcb5-4957-bc59-05c27b1dae7a,샐러드밀,샐러드,오룡행복 골목형상점가,골목형상점가,전라남도,,,
b15bc5e7912c1df79286,full_annotation_v1,A,q_야채_06,채소 파는 곳,식료품 중 '야채'를 판매·제공하는 매장,val,야채,T2 동의어,82649ead-b98d-4349-a620-0e814124caf7,삼척상회,농수산물,삼척중앙시장,전통시장,강원특별자치도,,,
b6ac4298d5a732479e2a,full_annotation_v1,A,q_야채_06,채소 파는 곳,식료품 중 '야채'를 판매·제공하는 매장,val,야채,T2 동의어,8dcde075-d75a-4818-8d4f-7f9f8b52219b,제일유통,농수산물,서산동부전통시장,전통시장,충청남도,,,
05b946993de9fd2c8939,full_annotation_v1,A,q_야채_06,채소 파는 곳,식료품 중 '야채'를 판매·제공하는 매장,val,야채,T2 동의어,3ed38013-1009-4b72-ba3f-b10030148289,큰밭상회,채소,팔달신시장,전통시장,대구광역시,,,
c70e56c027e4534556d1,full_annotation_v1,A,q_야채_06,채소 파는 곳,식료품 중 '야채'를 판매·제공하는 매장,val,야채,T2 동의어,02849a5e-46b6-4e1c-94dd-3f54d49b4820,산지농수산,농수산물,동문공설시장,전통시장,제주특별자치도,,,
fbfb2dd70a47560c641e,full_annotation_v1,A,q_야채_06,채소 파는 곳,식료품 중 '야채'를 판매·제공하는 매장,val,야채,T2 동의어,2de2bd43-1d82-4700-b2b7-8091b92a55c4,제일상회,채소,부평깡시장,전통시장,인천광역시,,,
41aab777f655d48f58ba,full_annotation_v1,A,q_야채_06,채소 파는 곳,식료품 중 '야채'를 판매·제공하는 매장,val,야채,T2 동의어,0097b3e2-b5cf-4050-b719-c9d7738067c0,시흥상회,"소매(야채,과일)",광명전통시장,전통시장,경기도,,,
7422a28a3673f34d4396,full_annotation_v1,A,q_야채_06,채소 파는 곳,식료품 중 '야채'를 판매·제공하는 매장,val,야채,T2 동의어,468474e4-0096-426f-941b-ceff991cca2b,우리농산물,농수산물,한일시장 골목형상점가,골목형상점가,전라남도,,,
0502be7f3b059daaf3aa,full_annotation_v1,A,q_야채_06,채소 파는 곳,식료품 중 '야채'를 판매·제공하는 매장,val,야채,T2 동의어,dcd770eb-a73f-42e7-ab46-771f314bce93,창창야채,채소,평택통복시장,전통시장,경기도,,,
062cb6b3845a32987e3c,full_annotation_v1,A,q_야채_06,채소 파는 곳,식료품 중 '야채'를 판매·제공하는 매장,val,야채,T2 동의어,f02e22c1-b4d8-495c-8686-feb6c4c6e3df,해남상회,농수산물,화정동 서부시장,전통시장,광주광역시,,,
df18fc3223b3ce8da7ee,full_annotation_v1,A,q_야채_06,채소 파는 곳,식료품 중 '야채'를 판매·제공하는 매장,val,야채,T2 동의어,b8c77cfd-e986-4b1b-99cc-c83fe3588197,태양유통,농수산물,세종전통시장,전통시장,세종특별자치시,,,
d79277a546c3e9d3735a,full_annotation_v1,A,q_야채_06,채소 파는 곳,식료품 중 '야채'를 판매·제공하는 매장,val,야채,T2 동의어,fc300ce4-a160-46eb-b4f5-a3f6a18b16b9,프로포즈중방,농수산물,경산중앙상점가,자율상권구역,경상북도,,,
82b838f045ae958ac02d,full_annotation_v1,A,q_야채_06,채소 파는 곳,식료품 중 '야채'를 판매·제공하는 매장,val,야채,T2 동의어,a249b3ab-31cf-4d46-b332-f4e3de2f9b21,복길생선,농수산물,장안마실골목형상점가,골목형상점가,서울특별시,,,
0365d3bed66c2ad5c3c7,full_annotation_v1,A,q_야채_06,채소 파는 곳,식료품 중 '야채'를 판매·제공하는 매장,val,야채,T2 동의어,cb0c9232-ca19-47a1-bc4c-f0fc7c27e1fb,유림채소,채소,익산북부시장,전통시장,전북특별자치도,,,
5fb9dbf6db86702db252,full_annotation_v1,A,q_야채_06,채소 파는 곳,식료품 중 '야채'를 판매·제공하는 매장,val,야채,T2 동의어,00534c22-4465-442e-95db-66dd08f99320,삼원상회,채소,칠성시장,전통시장,대구광역시,,,
93d784ec3a910d0e9237,full_annotation_v1,A,q_야채_06,채소 파는 곳,식료품 중 '야채'를 판매·제공하는 매장,val,야채,T2 동의어,00045dfc-0681-4fb3-8265-33b3df14c289,한라농산,과일,황지시장상점가,자율상권구역,강원특별자치도,,,
b518b5b02912efe91e99,full_annotation_v1,A,q_야채_06,채소 파는 곳,식료품 중 '야채'를 판매·제공하는 매장,val,야채,T2 동의어,c5d1d905-0519-44b1-b349-8c86bfda1e54,여흥수산,농수산물,고흥전통시장,전통시장,전라남도,,,
6beb09f19e1ea3dfee7e,full_annotation_v1,A,q_야채_06,채소 파는 곳,식료품 중 '야채'를 판매·제공하는 매장,val,야채,T2 동의어,7e5c7578-df12-4983-b197-8f2cd211325d,오곡,농수산물,녹색거리상점가,자율상권구역,경기도,,,
eb9d5ea05d8dea65a94c,full_annotation_v1,A,q_야채_06,채소 파는 곳,식료품 중 '야채'를 판매·제공하는 매장,val,야채,T2 동의어,cebdeef5-e5fe-45e5-9d78-9ef65033cc79,칠성상회,농수산물,부산새벽시장,전통시장,부산광역시,,,
f19e8cef6d2f7a1486a3,full_annotation_v1,A,q_야채_06,채소 파는 곳,식료품 중 '야채'를 판매·제공하는 매장,val,야채,T2 동의어,1700e86c-7b01-47e8-9e50-7cc1cf92940f,뿌리채소,채소,좌동재래시장,전통시장,부산광역시,,,
d14baf1d7d8af6849416,full_annotation_v1,A,q_야채_06,채소 파는 곳,식료품 중 '야채'를 판매·제공하는 매장,val,야채,T2 동의어,07b3faae-27e7-4bd1-8b0b-3a0986cbe813,농성상회,농수산물,봉선시장,전통시장,광주광역시,,,
c5fff407bbc367b60162,full_annotation_v1,A,q_야채_06,채소 파는 곳,식료품 중 '야채'를 판매·제공하는 매장,val,야채,T2 동의어,6d1c0565-84e3-4504-969a-2e55246817f2,동건농산,채소,팔달신시장,전통시장,대구광역시,,,
291b89ee345dc002447b,full_annotation_v1,A,q_야채_06,채소 파는 곳,식료품 중 '야채'를 판매·제공하는 매장,val,야채,T2 동의어,00818eab-32ca-497e-ad5c-1c301a7ea4c9,13번상회,채소,마산 동마산시장,전통시장,경상남도,,,
9bf57a967690941f0c84,full_annotation_v1,A,q_야채_06,채소 파는 곳,식료품 중 '야채'를 판매·제공하는 매장,val,야채,T2 동의어,888c448d-238d-4979-abc2-7e881ff6c69c,논공농산,채소,관문상가시장,전통시장,대구광역시,,,
dccd112fed4de594a007,full_annotation_v1,A,q_야채_06,채소 파는 곳,식료품 중 '야채'를 판매·제공하는 매장,val,야채,T2 동의어,014072fb-b412-4fb3-a663-31dbf80e44a6,매일상회,"야채, 과일",고산미소시장(고산시장),전통시장,전북특별자치도,,,
6a355fd7eab96b6a9e72,full_annotation_v1,A,q_야채_06,채소 파는 곳,식료품 중 '야채'를 판매·제공하는 매장,val,야채,T2 동의어,bf936a62-5cc6-4abc-a3ab-e469efbb6baa,자연촌푸드,농수산물,대전상가,전통시장,대전광역시,,,
81cd27cafafa100958fd,full_annotation_v1,A,q_야채_06,채소 파는 곳,식료품 중 '야채'를 판매·제공하는 매장,val,야채,T2 동의어,8c66ee33-f10b-458a-bf68-f345576fb68c,의성채소,채소,의성공설전통시장(의성읍정기시장),전통시장,경상북도,,,
40d019d5fc88d63202e4,full_annotation_v1,A,q_야채_06,채소 파는 곳,식료품 중 '야채'를 판매·제공하는 매장,val,야채,T2 동의어,bc42b42f-2672-4810-a6cc-9b0bf8b7b887,다온,농수산물,동문재래시장,전통시장,제주특별자치도,,,
adb874367c12b88becdd,full_annotation_v1,A,q_야채_06,채소 파는 곳,식료품 중 '야채'를 판매·제공하는 매장,val,야채,T2 동의어,43c03e36-c146-4944-bcd4-879bc435fad2,도온쌈,쌈밥,남이동길골목형상점가,골목형상점가,서울특별시,,,
71fc2b4559354e6e41cb,full_annotation_v1,A,q_야채_06,채소 파는 곳,식료품 중 '야채'를 판매·제공하는 매장,val,야채,T2 동의어,55df9565-bac7-4931-883f-1acb638485d3,대진농수산물,농수산물,여수교동시장,전통시장,전라남도,,,
0cc776b34c1c6fbae134,full_annotation_v1,A,q_야채_06,채소 파는 곳,식료품 중 '야채'를 판매·제공하는 매장,val,야채,T2 동의어,0a76a964-7fb5-4ea3-8968-c79fdb80523f,자연인,농수산물,안지랑곱창상가 골목형상점가,골목형상점가,대구광역시,,,
5499302829bf7dfbab31,full_annotation_v1,A,q_야채_06,채소 파는 곳,식료품 중 '야채'를 판매·제공하는 매장,val,야채,T2 동의어,80774150-fd1d-46a1-b2d5-cc567b1a8ede,무라 농수산,농수산물,포항 해도새록새로 골목형상점가,골목형상점가,경상북도,,,
c27c17e3fc97e8804570,full_annotation_v1,A,q_야채_06,채소 파는 곳,식료품 중 '야채'를 판매·제공하는 매장,val,야채,T2 동의어,28cd71cb-d1c0-42b1-91c0-9c2b303155b8,서울상회,채소,부전농수산물새벽시장,전통시장,부산광역시,,,
0a1cbda9d7aae0d728ac,full_annotation_v1,A,q_야채_06,채소 파는 곳,식료품 중 '야채'를 판매·제공하는 매장,val,야채,T2 동의어,bb0e892a-5245-4ede-aa01-a3d1daac4b5e,동문농수산물,농수산물,동문공설시장,전통시장,제주특별자치도,,,
069f7c19ff113b90a5b6,full_annotation_v1,A,q_야채_06,채소 파는 곳,식료품 중 '야채'를 판매·제공하는 매장,val,야채,T2 동의어,3a362978-0a57-452a-a5b8-a4db80c8672d,현대상회,채소,팔달신시장,전통시장,대구광역시,,,
eb91860b624accb3c511,full_annotation_v1,A,q_야채_06,채소 파는 곳,식료품 중 '야채'를 판매·제공하는 매장,val,야채,T2 동의어,2d46893f-d0a7-4039-9a24-f22cf4c0a725,야채마을,채소,나주목사고을시장,전통시장,,,,
aae96307059570084f58,full_annotation_v1,A,q_야채_06,채소 파는 곳,식료품 중 '야채'를 판매·제공하는 매장,val,야채,T2 동의어,e12c7f2a-544e-481e-8490-e67c2aceb91b,담양야채,농수산물,담양시장,전통시장,전라남도,,,
221ca05000926f68b7c9,full_annotation_v1,A,q_야채_06,채소 파는 곳,식료품 중 '야채'를 판매·제공하는 매장,val,야채,T2 동의어,eeb6e637-0301-4d24-8739-d7e4d01eeb8f,영진상회,채소,청량리종합시장,전통시장,서울특별시,,,
72d1d2218c31a11e4b9a,full_annotation_v1,A,q_야채_06,채소 파는 곳,식료품 중 '야채'를 판매·제공하는 매장,val,야채,T2 동의어,01b69752-06bd-48b1-b5de-9d080c2033c1,새농,농수산물,마포농수산물시장,전통시장,서울특별시,,,
3f7829293e7e05c1c4a3,full_annotation_v1,A,q_야채_06,채소 파는 곳,식료품 중 '야채'를 판매·제공하는 매장,val,야채,T2 동의어,3fde8481-3816-4c57-8e33-bfd1ab03783b,진주상회,채소,가락몰골목형상점가,골목형상점가,서울특별시,,,
5ce197228bb0e9ada5a8,full_annotation_v1,A,q_야채_06,채소 파는 곳,식료품 중 '야채'를 판매·제공하는 매장,val,야채,T2 동의어,c587805a-64c7-4032-90a2-1531a5cd1085,경북상회,채소,청주중앙시장,전통시장,충청북도,,,
f8606152b4e26a37a909,full_annotation_v1,A,q_야채_06,채소 파는 곳,식료품 중 '야채'를 판매·제공하는 매장,val,야채,T2 동의어,8425ee19-54e5-4d3f-a654-d73ec227fec7,연지농수산,농수산물,동문수산시장,전통시장,제주특별자치도,,,
558b1473e30d9dfd1005,full_annotation_v1,A,q_야채_06,채소 파는 곳,식료품 중 '야채'를 판매·제공하는 매장,val,야채,T2 동의어,dff05377-4eb9-45b8-a1f9-b4c7c3917eb0,쌍둥이야채,채소,암사종합시장,전통시장,서울특별시,,,
e9f3f361ccee6f2994d3,full_annotation_v1,A,q_야채_06,채소 파는 곳,식료품 중 '야채'를 판매·제공하는 매장,val,야채,T2 동의어,007fd232-3c16-44ff-be59-cf265f3775e9,동문상회,채소버섯,팔달신시장,전통시장,대구광역시,,,
2b612c21a7a1ed485a06,full_annotation_v1,A,q_야채_06,채소 파는 곳,식료품 중 '야채'를 판매·제공하는 매장,val,야채,T2 동의어,0b8ef6dc-2f6b-4707-bd73-529122d9c97a,하단떡집,떡집,하단오일상설시장,전통시장,부산광역시,,,
88f975cd92dee62579ab,full_annotation_v1,A,q_야채_06,채소 파는 곳,식료품 중 '야채'를 판매·제공하는 매장,val,야채,T2 동의어,70d1a839-665a-4236-8b8d-23329a08524f,대박 농수산물,도소매(농수산물),원종종합시장,전통시장,경기도,,,
c11fd8d87596b28dc242,full_annotation_v1,A,q_야채_06,채소 파는 곳,식료품 중 '야채'를 판매·제공하는 매장,val,야채,T2 동의어,a50d9588-45fd-4e3c-8f9c-22121b7280af,왜관채소,채소,지산목련시장(구 지산종합시장),전통시장,대구광역시,,,
7df633f94993b26bf9e2,full_annotation_v1,A,q_야채_06,채소 파는 곳,식료품 중 '야채'를 판매·제공하는 매장,val,야채,T2 동의어,300e8d21-a9a9-4950-aa90-457d9e637c70,혜숙야채,농수산물,평택통복시장,전통시장,경기도,,,
87143a990a2b13c00f12,full_annotation_v1,A,q_야채_06,채소 파는 곳,식료품 중 '야채'를 판매·제공하는 매장,val,야채,T2 동의어,55394da8-19a3-4ca8-ae94-ff46571557e4,협신상회,농수산물,오산오색시장(구 오산중앙시장),전통시장,경기도,,,
2b7bfb0d8b64d40d5b0b,full_annotation_v1,A,q_야채_06,채소 파는 곳,식료품 중 '야채'를 판매·제공하는 매장,val,야채,T2 동의어,71cce35c-b36c-4a9f-b89d-12d9d9b97b7c,청송맷돌순두부,,범리단길 골목형상점가,골목형상점가,부산광역시,,,
fce49c2740f60d9c7687,full_annotation_v1,A,q_야채_06,채소 파는 곳,식료품 중 '야채'를 판매·제공하는 매장,val,야채,T2 동의어,c27af181-a924-4d29-810b-f49578bef2b7,진주상회,채소,엄궁농산물도매시장식품·청과 소매동 골목형상점가,골목형상점가,부산광역시,,,
9ab8b13843a1ba97e1f6,full_annotation_v1,A,q_야채_06,채소 파는 곳,식료품 중 '야채'를 판매·제공하는 매장,val,야채,T2 동의어,585087da-bb60-42f2-8964-5cc9ba5cdaf8,무지개수육,수육,수암상가시장,전통시장,울산광역시,,,
1f395d77e8a295836a65,full_annotation_v1,A,q_야채_06,채소 파는 곳,식료품 중 '야채'를 판매·제공하는 매장,val,야채,T2 동의어,06f191fb-14b4-4d51-8efb-39d44343f1a7,유한회사 바르메이드,샐러드,상무시청상인회 골목형상점가,골목형상점가,광주광역시,,,
b1a35dbaf0a067d22ba6,full_annotation_v1,A,q_야채_06,채소 파는 곳,식료품 중 '야채'를 판매·제공하는 매장,val,야채,T2 동의어,54ca1645-4cb0-4ec6-8043-3767c616eb16,제일상회,채소,말바우시장,전통시장,광주광역시,,,
2fb643ca8bbad7514e74,full_annotation_v1,A,q_야채_06,채소 파는 곳,식료품 중 '야채'를 판매·제공하는 매장,val,야채,T2 동의어,f8def119-b2d2-4514-a941-66bc0c4dc0f6,신용상회,채소,신중앙시장,전통시장,서울특별시,,,
e2f03f4bed806fb76e74,full_annotation_v1,A,q_야채_06,채소 파는 곳,식료품 중 '야채'를 판매·제공하는 매장,val,야채,T2 동의어,0e659812-82c8-47a9-9d22-888b6855d219,신영상회,건어물,해안로건어물상가시장,전통시장,전라남도,,,
aab28b282b109e8c86c4,full_annotation_v1,A,q_야채_06,채소 파는 곳,식료품 중 '야채'를 판매·제공하는 매장,val,야채,T2 동의어,008d1ed4-a5d7-492e-9959-f8307a68cc5f,샐러드 정원,"샐러드, 샌드위치",미성동도깨비시장,골목형상점가,서울특별시,,,
417aaa950fb4a6dc8bc5,full_annotation_v1,A,q_야채_06,채소 파는 곳,식료품 중 '야채'를 판매·제공하는 매장,val,야채,T2 동의어,18d96e6b-2382-4fc9-8b41-2a44c7a4c78d,금호식품,채소,광영상설시장,전통시장,전라남도,,,
81357cc4357b4e3fcc26,full_annotation_v1,A,q_야채_06,채소 파는 곳,식료품 중 '야채'를 판매·제공하는 매장,val,야채,T2 동의어,9b816b99-8300-474b-9b3e-1ca7f2116775,장수상회,농수산물,충무동 새벽시장,전통시장,부산광역시,,,
53bb83ab31aee913680d,full_annotation_v1,A,q_야채_06,채소 파는 곳,식료품 중 '야채'를 판매·제공하는 매장,val,야채,T2 동의어,00891fcf-925f-4b76-bc26-179798787b48,정우상회,농산물,경동시장,전통시장,서울특별시,,,
d18358c895dcde2fb8dc,full_annotation_v1,A,q_야채_06,채소 파는 곳,식료품 중 '야채'를 판매·제공하는 매장,val,야채,T2 동의어,a218ce0a-396e-4b9a-a427-7871c682083a,주렁주렁,농수산물,대림골목시장,전통시장,서울특별시,,,
1d6f450d266c9aace1e1,full_annotation_v1,A,q_야채_06,채소 파는 곳,식료품 중 '야채'를 판매·제공하는 매장,val,야채,T2 동의어,52e6b515-1906-456b-8d40-8ddace70508b,바다수산,농수산물,대인시장,전통시장,광주광역시,,,
ef31acdad1f437080fb2,full_annotation_v1,A,q_야채_06,채소 파는 곳,식료품 중 '야채'를 판매·제공하는 매장,val,야채,T2 동의어,c5e297ee-9dde-43ca-8d25-53aed83d978a,공주채소,채소,세종전통시장,전통시장,세종특별자치시,,,
3f9030ee34f565835e26,full_annotation_v1,A,q_야채_06,채소 파는 곳,식료품 중 '야채'를 판매·제공하는 매장,val,야채,T2 동의어,a723a32a-cdff-4bd3-a096-38bcaeac6989,진주상회,채소,부전시장,전통시장,부산광역시,,,
9f2affbd3335ef7bf23c,full_annotation_v1,A,q_야채_06,채소 파는 곳,식료품 중 '야채'를 판매·제공하는 매장,val,야채,T2 동의어,24456103-f6b8-46af-8655-82e61d7265d8,커피가 머무르는 곳,커피,반드레길골목형상점가,골목형상점가,서울특별시,,,
69e7fd2c11296a57a4d8,full_annotation_v1,A,q_야채_06,채소 파는 곳,식료품 중 '야채'를 판매·제공하는 매장,val,야채,T2 동의어,a16d27e0-6192-436e-bdee-64e21526363e,서울상회,농수산물,녹동전통시장,전통시장,전라남도,,,
d42326922bb00043eab4,full_annotation_v1,A,q_야채_06,채소 파는 곳,식료품 중 '야채'를 판매·제공하는 매장,val,야채,T2 동의어,e6b1b9e7-be39-491d-ac2b-f22370440245,하당상회,채소,죽변시장,전통시장,경상북도,,,
ea4b2af7d2d0a45e7fd9,full_annotation_v1,A,q_야채_06,채소 파는 곳,식료품 중 '야채'를 판매·제공하는 매장,val,야채,T2 동의어,cf6c7a39-a366-488a-86a9-50052bb87e00,민호채소,채소,일산서문상점가,자율상권구역,경기도,,,
a47355f7a9fc24ec8e03,full_annotation_v1,A,q_야채_06,채소 파는 곳,식료품 중 '야채'를 판매·제공하는 매장,val,야채,T2 동의어,d1ae37a7-f14f-4ee7-a867-00daf67c85b7,사석채소,채소,운수대통!생거진천전통시장,전통시장,충청북도,,,
48f39bab604884d20bd1,full_annotation_v1,A,q_야채_06,채소 파는 곳,식료품 중 '야채'를 판매·제공하는 매장,val,야채,T2 동의어,6863876f-93b3-4e69-b984-350d14538227,영웅유통,농수산물,언양알프스시장,전통시장,울산광역시,,,
8e503dd6f7b0b9a6e641,full_annotation_v1,A,q_야채_06,채소 파는 곳,식료품 중 '야채'를 판매·제공하는 매장,val,야채,T2 동의어,bc63d22f-c86a-4b6c-9b15-801b010b2305,신매농수산,농수산물,신매시장,전통시장,대구광역시,,,
3e1838aecd1df5c26cf4,full_annotation_v1,A,q_야채_06,채소 파는 곳,식료품 중 '야채'를 판매·제공하는 매장,val,야채,T2 동의어,b4504ce7-bda5-4ee1-9b9e-fa8f54d33cd7,김야채,채소,야음상가시장,전통시장,울산광역시,,,
dc7af79163564dcb01b0,full_annotation_v1,A,q_야채_06,채소 파는 곳,식료품 중 '야채'를 판매·제공하는 매장,val,야채,T2 동의어,e007b87d-1c63-4958-91e1-24d453f10328,아해뜰채소,채소,목포청호시장,전통시장,,,,
c4347e508079bd15699c,full_annotation_v1,A,q_야채_06,채소 파는 곳,식료품 중 '야채'를 판매·제공하는 매장,val,야채,T2 동의어,0a47fa4a-19fd-4c00-841d-e16bd6a3c84a,싱싱채소,채소,합천왕후시장,전통시장,경상남도,,,
b2303594eea4706d7cb5,full_annotation_v1,A,q_야채_06,채소 파는 곳,식료품 중 '야채'를 판매·제공하는 매장,val,야채,T2 동의어,51a3475e-216d-4f37-ac5b-fec3115c7a2b,고흥상회,농수산물,학운 골목형상점가,골목형상점가,광주광역시,,,
a6ab34628c1c71d7ce78,full_annotation_v1,A,q_야채_06,채소 파는 곳,식료품 중 '야채'를 판매·제공하는 매장,val,야채,T2 동의어,009a3629-5dbc-47c2-adea-b1f9bc2c083a,동해농수산,야채,방학동도깨비시장,전통시장,서울특별시,,,
af6d8d2fd6f436bc218e,full_annotation_v1,A,q_야채_06,채소 파는 곳,식료품 중 '야채'를 판매·제공하는 매장,val,야채,T2 동의어,c111ac9d-3f3a-405c-a8db-4d127ccda9e2,행복이 있는 곳,잡화,제주로얄쇼핑센터,자율상권구역,제주특별자치도,,,
efb8399baea8eb3c8b92,full_annotation_v1,A,q_야채_06,채소 파는 곳,식료품 중 '야채'를 판매·제공하는 매장,val,야채,T2 동의어,51117262-ddfa-4bac-87c0-27cc67d81038,곤양상회,농수산물,진주 청과시장,전통시장,경상남도,,,
c1865777bd41a0f09501,full_annotation_v1,A,q_야채_06,채소 파는 곳,식료품 중 '야채'를 판매·제공하는 매장,val,야채,T2 동의어,b9079d13-e78b-4e7d-aafc-5b06d830d846,진성농수산,농수산물,동문재래시장,전통시장,제주특별자치도,,,
ffba5d9b7fbead0d7276,full_annotation_v1,A,q_야채_06,채소 파는 곳,식료품 중 '야채'를 판매·제공하는 매장,val,야채,T2 동의어,2cfe44c9-9d8a-4ecd-bbde-e6da2ad1fcc7,일꾼상회,채소,팔달신시장,전통시장,대구광역시,,,
ca78210f1e7ebec8ff13,full_annotation_v1,A,q_야채_06,채소 파는 곳,식료품 중 '야채'를 판매·제공하는 매장,val,야채,T2 동의어,0016aa1a-5730-45a0-b427-06b0f51fc005,든든한밥상,농수산물,화산면 골목형상점가,골목형상점가,전라남도,,,
59dbe5bdac164ceb90a6,full_annotation_v1,A,q_야채_06,채소 파는 곳,식료품 중 '야채'를 판매·제공하는 매장,val,야채,T2 동의어,0533a201-3b07-4029-8158-c4d2ad17c7bf,텃밭쌈밥,쌈밥,역전시장,전통시장,충청남도,,,
1d82cfe8489bc3ddd203,full_annotation_v1,A,q_야채_06,채소 파는 곳,식료품 중 '야채'를 판매·제공하는 매장,val,야채,T2 동의어,dc36b3cd-55a1-4ef4-8b39-1207ee18740b,대저상회,채소,부전시장,전통시장,부산광역시,,,
0970967e6fe3bf98c28e,full_annotation_v1,A,q_야채_06,채소 파는 곳,식료품 중 '야채'를 판매·제공하는 매장,val,야채,T2 동의어,ef458615-5cd6-46d2-9060-432c55f325d8,형제상회,채소,학성새벽시장,전통시장,울산광역시,,,
5d4991b48f73b133a2ae,full_annotation_v1,A,q_야채_06,채소 파는 곳,식료품 중 '야채'를 판매·제공하는 매장,val,야채,T2 동의어,15578c36-25cb-47c6-b623-02d015391845,서가네쌈밥,쌈밥,면곡시장 골목형상점가,골목형상점가,서울특별시,,,
791de9e34299a8787c48,full_annotation_v1,A,q_야채_06,채소 파는 곳,식료품 중 '야채'를 판매·제공하는 매장,val,야채,T2 동의어,545c6f7a-bb0e-4ebe-a9e4-40fccb81edc6,중앙채소,채소,논공중앙시장,전통시장,대구광역시,,,
4480ce89f39a4548186d,full_annotation_v1,A,q_야채_06,채소 파는 곳,식료품 중 '야채'를 판매·제공하는 매장,val,야채,T2 동의어,5854bf88-a6c7-4af1-af0c-a8601c707ed7,장봐주는언니,농수산물,신용동 골목형상점가,골목형상점가,광주광역시,,,
66a26eef5179a616b715,full_annotation_v1,A,q_야채_06,채소 파는 곳,식료품 중 '야채'를 판매·제공하는 매장,val,야채,T2 동의어,b1b1c759-5ecd-4c2a-a695-cc5800e6e584,여항식품,채소,마산어시장,전통시장,경상남도,,,
897a18dc2b08de584fd5,full_annotation_v1,A,q_야채_06,채소 파는 곳,식료품 중 '야채'를 판매·제공하는 매장,val,야채,T2 동의어,bd6f342d-5f6d-4972-8dfd-ae48461eec88,형규네,채소,수유시장,전통시장,서울특별시,,,
f2d74a7664c9350c3cbb,full_annotation_v1,A,q_야채_06,채소 파는 곳,식료품 중 '야채'를 판매·제공하는 매장,val,야채,T2 동의어,016f8113-22a7-4ef1-a80f-0562dd2a06e9,동이식품,"식품, 농산물",중앙신시장,전통시장,경상북도,,,
0bd06faaea4e25fca00d,full_annotation_v1,A,q_야채_06,채소 파는 곳,식료품 중 '야채'를 판매·제공하는 매장,val,야채,T2 동의어,59ebe6a7-faac-4fe7-a361-105701ffaa7d,모비포유,농수산물,원종중앙시장,전통시장,경기도,,,
5f7c0744fa2810ae6b28,full_annotation_v1,A,q_야채_06,채소 파는 곳,식료품 중 '야채'를 판매·제공하는 매장,val,야채,T2 동의어,b78dda6f-90f1-4cbe-8341-58fe3462ffb4,합천채소,채소,성서와룡시장,전통시장,대구광역시,,,
93362ee39ddf8e9fb277,full_annotation_v1,A,q_야채_06,채소 파는 곳,식료품 중 '야채'를 판매·제공하는 매장,val,야채,T2 동의어,005313c8-dce8-49b6-9841-9143ebb1305a,동원떡집,,박달시장,전통시장,경기도,,,
c30531bdb64049340207,full_annotation_v1,A,q_야채_06,채소 파는 곳,식료품 중 '야채'를 판매·제공하는 매장,val,야채,T2 동의어,e3c5daa7-e588-4cc4-8c31-c4c378e69519,성일상회,농수산물,논산화지중앙시장,전통시장,충청남도,,,
cc8acfb8e381860ffd50,full_annotation_v1,A,q_야채_06,채소 파는 곳,식료품 중 '야채'를 판매·제공하는 매장,val,야채,T2 동의어,4f7091a3-f69d-4a0b-b405-8087ea69267c,사주타로,"내의, 의류, 사주타로",고투몰(강남터미널지하도상점가),일반지하상점가,서울특별시,,,
1f5b91b0cb05404f1de7,full_annotation_v1,A,q_야채_06,채소 파는 곳,식료품 중 '야채'를 판매·제공하는 매장,val,야채,T2 동의어,fdad35be-fe92-4198-a592-11d85d8a6c2b,소학농산,농수산물,반딧불이연무시장,전통시장,경기도,,,
c10d025d0c49dc57fb5c,full_annotation_v1,A,q_야채_06,채소 파는 곳,식료품 중 '야채'를 판매·제공하는 매장,val,야채,T2 동의어,008b2657-018e-4d46-b0b0-a173aee3f37a,대원상회,농산물,대구능금시장,전통시장,대구광역시,,,
3995e2d3fb1a4a019135,full_annotation_v1,A,q_야채_06,채소 파는 곳,식료품 중 '야채'를 판매·제공하는 매장,val,야채,T2 동의어,a886d079-e2c9-4f62-8a59-615f9e18b14b,선희네야채,채소,한민시장,전통시장,대전광역시,,,
d3d7d52abfb91eaa339a,full_annotation_v1,A,q_야채_06,채소 파는 곳,식료품 중 '야채'를 판매·제공하는 매장,val,야채,T2 동의어,9ac244b8-9fc1-4477-adfd-13882109a6b1,형제상회,채소,논산화지중앙시장,전통시장,충청남도,,,
a5eabbcac203f72c37ec,full_annotation_v1,A,q_야채_06,채소 파는 곳,식료품 중 '야채'를 판매·제공하는 매장,val,야채,T2 동의어,08e9f11e-554c-4ebb-93f3-e0eebf8caec4,선영농산,농수산물,서동향토시장,전통시장,부산광역시,,,
0cb4ba652e127498ca9b,full_annotation_v1,A,q_야채_06,채소 파는 곳,식료품 중 '야채'를 판매·제공하는 매장,val,야채,T2 동의어,392d987d-ee0a-49c7-8b28-a62216fed915,포도나무약국,양약,부평문화인의거리골목형상점가,골목형상점가,인천광역시,,,
d64b2b234e5f11490c4f,full_annotation_v1,A,q_야채_06,채소 파는 곳,식료품 중 '야채'를 판매·제공하는 매장,val,야채,T2 동의어,61ee1910-e2bf-4639-a956-ce64e2d26ad3,경주상회,농수산물,거제 고현시장,전통시장,경상남도,,,
565a34f54db86b05048c,full_annotation_v1,A,q_야채_06,채소 파는 곳,식료품 중 '야채'를 판매·제공하는 매장,val,야채,T2 동의어,00333be0-b70d-4197-aa97-5a277d61e0da,㈜신진후르츠,과일,부전농수산물새벽시장,전통시장,부산광역시,,,
f845bf062f71bdcc38d3,full_annotation_v1,A,q_야채_06,채소 파는 곳,식료품 중 '야채'를 판매·제공하는 매장,val,야채,T2 동의어,f3b1888c-9fc1-4735-b89c-34e61e920c86,라윤이네 농수산물,농수산물,두암1동군왕로 골목형상점가,골목형상점가,광주광역시,,,
0c211b18224641c3168e,full_annotation_v1,A,q_야채_06,채소 파는 곳,식료품 중 '야채'를 판매·제공하는 매장,val,야채,T2 동의어,41931a9a-c977-4172-8d97-992fc461c233,서울상회,채소,충무동 새벽시장,전통시장,부산광역시,,,
f735556d1a1a2595df34,full_annotation_v1,A,q_야채_06,채소 파는 곳,식료품 중 '야채'를 판매·제공하는 매장,val,야채,T2 동의어,009be3cd-7c52-41e4-91fc-c377ddfa78c0,언양시장야채,야채,언양알프스시장,전통시장,울산광역시,,,
9e8d13b159619d1e630e,full_annotation_v1,A,q_야채_06,채소 파는 곳,식료품 중 '야채'를 판매·제공하는 매장,val,야채,T2 동의어,c6a166c7-4a9b-4958-907a-d7d285308b8e,깐깐한족발 금호점,족발보쌈,금호1동상가번영회 골목형상점가,골목형상점가,광주광역시,,,
67007f81a0decc24ea29,full_annotation_v1,A,q_야채_06,채소 파는 곳,식료품 중 '야채'를 판매·제공하는 매장,val,야채,T2 동의어,090c70bf-1b60-4b0e-bf64-13d2cbd2fd55,보배상회,농수산물,부전시장,전통시장,부산광역시,,,
1670b5691e1e9ca7f47e,full_annotation_v1,A,q_야채_06,채소 파는 곳,식료품 중 '야채'를 판매·제공하는 매장,val,야채,T2 동의어,df559311-a396-4be9-af43-ddb45e13d5a9,대양수산,도소매(수산물),동원전통종합시장,전통시장,서울특별시,,,
72573aef32abe3611243,full_annotation_v1,A,q_야채_06,채소 파는 곳,식료품 중 '야채'를 판매·제공하는 매장,val,야채,T2 동의어,768f8794-38c9-4a19-bda1-ca52954e3e84,성림상회,농수산물,포항죽도농산물시장,전통시장,경상북도,,,
3a36e9c0c1fe452a4df9,full_annotation_v1,A,q_야채_06,채소 파는 곳,식료품 중 '야채'를 판매·제공하는 매장,val,야채,T2 동의어,681f31ae-6c32-4124-bf9f-20a52500742a,태수상회,채소,천안중앙시장,전통시장,충청남도,,,
6c7233aef7f924b45aac,full_annotation_v1,A,q_야채_06,채소 파는 곳,식료품 중 '야채'를 판매·제공하는 매장,val,야채,T2 동의어,0622e5e4-d762-4378-aeb6-eb6148f9dec6,개도리김치,"김치, 채소, 건어물",나주목사고을시장,전통시장,,,,
682267a61d023ca3809b,full_annotation_v1,A,q_야채_06,채소 파는 곳,식료품 중 '야채'를 판매·제공하는 매장,val,야채,T2 동의어,7bf1e6b4-a754-489b-9f7b-ad68cd686a92,가창상회,채소,칠성시장,전통시장,대구광역시,,,
52640be1aa0018181f6e,full_annotation_v1,A,q_야채_06,채소 파는 곳,식료품 중 '야채'를 판매·제공하는 매장,val,야채,T2 동의어,e7a4708b-6128-4fb4-a225-517287c22314,원길유통,농수산물,목포동부시장,전통시장,전라남도,,,
0106d776ba4c8324235c,full_annotation_v1,A,q_야채_06,채소 파는 곳,식료품 중 '야채'를 판매·제공하는 매장,val,야채,T2 동의어,e6314d4a-d954-48eb-b17a-3a06f04622e7,제일상회,채소,대구청과시장,전통시장,대구광역시,,,
f42883c3e294561407c3,full_annotation_v1,A,q_야채_06,채소 파는 곳,식료품 중 '야채'를 판매·제공하는 매장,val,야채,T2 동의어,5d021e59-db79-46a5-8451-b7dea60849b9,충남상회,채소,우리시장,자율상권구역,서울특별시,,,
b869ea068c643850d922,full_annotation_v1,A,q_야채_06,채소 파는 곳,식료품 중 '야채'를 판매·제공하는 매장,val,야채,T2 동의어,7a1f9347-8d1d-4007-97d8-4e2e86b65bd3,우도수산,농수산물,동문공설시장,전통시장,제주특별자치도,,,
22dff8b086cb4936c22c,full_annotation_v1,A,q_야채_06,채소 파는 곳,식료품 중 '야채'를 판매·제공하는 매장,val,야채,T2 동의어,be436d5b-51f1-4676-a782-2d8b4a272ff1,총각야채,채소,성남남한산성시장(구 은행골목시장),전통시장,경기도,,,
55972f827e7ab58439e6,full_annotation_v1,A,q_야채_06,채소 파는 곳,식료품 중 '야채'를 판매·제공하는 매장,val,야채,T2 동의어,76fd275c-5759-424d-8f67-5e08280efc96,간큰남자,농수산물,동대구신시장,전통시장,대구광역시,,,
c17bfee655c0dd77276c,full_annotation_v1,A,q_야채_06,채소 파는 곳,식료품 중 '야채'를 판매·제공하는 매장,val,야채,T2 동의어,009f034c-8e3b-4a32-aab3-55ece8718004,장봐주는언니 임동점,농수축산물및 가공식품,제니스 골목형상점가,골목형상점가,광주광역시,,,
f862556a73972789264f,full_annotation_v1,A,q_야채_06,채소 파는 곳,식료품 중 '야채'를 판매·제공하는 매장,val,야채,T2 동의어,04c905ba-3172-4ea4-a6dd-4345d674dea0,덕순이네,제조업(떡집),장터길 골목형상점가,골목형상점가,경기도,,,
11a75a5c3dc16d0acb8d,full_annotation_v1,A,q_야채_06,채소 파는 곳,식료품 중 '야채'를 판매·제공하는 매장,val,야채,T2 동의어,000527f2-442a-4dd1-9bfc-8a8cd9fd5410,(유)뉴현대상회,농산물,가락몰골목형상점가,골목형상점가,서울특별시,,,
51aa1a58f736284081b2,full_annotation_v1,A,q_야채_06,채소 파는 곳,식료품 중 '야채'를 판매·제공하는 매장,val,야채,T2 동의어,818419b2-9ff4-49f6-ae74-cfe3d1197d81,상남채소,채소,창원 상남시장,전통시장,경상남도,,,
7c34c0ce0635670b7d4a,full_annotation_v1,A,q_야채_06,채소 파는 곳,식료품 중 '야채'를 판매·제공하는 매장,val,야채,T2 동의어,29e43063-7953-4c44-91ca-a9a49e4d3010,대응상회,채소,중앙신시장,전통시장,경상북도,,,
af590dff49475756cc71,full_annotation_v1,A,q_야채_06,채소 파는 곳,식료품 중 '야채'를 판매·제공하는 매장,val,야채,T2 동의어,452094d7-fbfc-4415-8c3f-fdc4e3aa668d,부일상회,채소,경주성동공설시장,전통시장,경상북도,,,
43f918541af23862473a,full_annotation_v1,A,q_야채_06,채소 파는 곳,식료품 중 '야채'를 판매·제공하는 매장,val,야채,T2 동의어,7456994e-7eec-48fc-a9b8-c9d371ad3dae,엄다약초,농수산물,함평천지전통시장(함평5일시장),전통시장,전라남도,,,
6702cfd931011dc9f4cc,full_annotation_v1,A,q_야채_06,채소 파는 곳,식료품 중 '야채'를 판매·제공하는 매장,val,야채,T2 동의어,cac8c80b-14e1-4f0e-b478-3337738723d2,점둘상회,채소,충무동 새벽시장,전통시장,부산광역시,,,
ebd520a0f15045214fd5,full_annotation_v1,A,q_야채_06,채소 파는 곳,식료품 중 '야채'를 판매·제공하는 매장,val,야채,T2 동의어,00f0eee4-789e-4a7b-afc5-f1e7fc279b83,전국상회,야채,청량리종합시장,전통시장,서울특별시,,,
77ae259b07a695f09a87,full_annotation_v1,A,q_야채_06,채소 파는 곳,식료품 중 '야채'를 판매·제공하는 매장,val,야채,T2 동의어,6e0494c5-495b-4a8d-8de2-ecc6ab7d1744,진주상회,채소,대구청과시장,전통시장,대구광역시,,,
263853695545aa4e3514,full_annotation_v1,A,q_야채_06,채소 파는 곳,식료품 중 '야채'를 판매·제공하는 매장,val,야채,T2 동의어,314f20d4-4645-4f81-81c8-cc8ae0c3c32c,유선상회,채소,현대시장,전통시장,인천광역시,,,
e1a2f97eddbc66bfdc0d,full_annotation_v1,A,q_야채_06,채소 파는 곳,식료품 중 '야채'를 판매·제공하는 매장,val,야채,T2 동의어,f0eb8b35-0121-430d-8331-d318c13cc957,조은채소,채소,중리시장,전통시장,대전광역시,,,
f8b068ec8a463fb68833,full_annotation_v1,A,q_야채_06,채소 파는 곳,식료품 중 '야채'를 판매·제공하는 매장,val,야채,T2 동의어,5f35d1eb-8806-45cb-8310-e69661deebd8,남목채소,채소,남목전통시장,전통시장,울산광역시,,,
734fea9c14f074a560a6,full_annotation_v1,A,q_야채_06,채소 파는 곳,식료품 중 '야채'를 판매·제공하는 매장,val,야채,T2 동의어,e1bbbf79-4991-4140-88a1-e10f4dafb88d,사계절 농수산물,,쌍리단길상점가,자율상권구역,서울특별시,,,
cceaa5adcd97cb277dfb,full_annotation_v1,A,q_야채_06,채소 파는 곳,식료품 중 '야채'를 판매·제공하는 매장,val,야채,T2 동의어,006204f3-b214-4611-a434-f896bf75e919,장터사랑,과일,농성세대공감상인회 골목형상점가,골목형상점가,광주광역시,,,
1d15ad36c37c32324521,full_annotation_v1,A,q_야채_06,채소 파는 곳,식료품 중 '야채'를 판매·제공하는 매장,val,야채,T2 동의어,2e6542b8-edb9-43a1-b46c-31dc8e074b7b,우리농산물,농수산물,구성언남 골목형상점가,골목형상점가,경기도,,,
0aa175091325ef228e7e,full_annotation_v1,A,q_야채_06,채소 파는 곳,식료품 중 '야채'를 판매·제공하는 매장,val,야채,T2 동의어,4e047170-9862-4834-97f3-2805fe6dd041,우영상회,농수산물,창동골목시장,전통시장,서울특별시,,,
b78beb9e918f4cac266f,full_annotation_v1,A,q_야채_06,채소 파는 곳,식료품 중 '야채'를 판매·제공하는 매장,val,야채,T2 동의어,20ce23d0-db81-4758-b321-9a00598053b9,남도횟집,한식,마산어시장,전통시장,경상남도,,,
d8714eef455563b49d74,full_annotation_v1,A,q_야채_06,채소 파는 곳,식료품 중 '야채'를 판매·제공하는 매장,val,야채,T2 동의어,f8a10401-ff1a-40ee-9067-281a1d4518d8,달전채소,채소,장량성도시장,전통시장,경상북도,,,
f697caead93c109f0f9b,full_annotation_v1,A,q_야채_06,채소 파는 곳,식료품 중 '야채'를 판매·제공하는 매장,val,야채,T2 동의어,d7ba6209-f2bc-4dd0-baba-f9b869bd5ee6,형제상회,채소,문경중앙시장,전통시장,경상북도,,,
76bc0d54f42877331462,full_annotation_v1,A,q_야채_06,채소 파는 곳,식료품 중 '야채'를 판매·제공하는 매장,val,야채,T2 동의어,01f160fc-531c-4191-aa22-453462e0f38a,천년,김치,오정동상점가,자율상권구역,대전광역시,,,
170f3f1f167d422fc6d6,full_annotation_v1,A,q_야채_06,채소 파는 곳,식료품 중 '야채'를 판매·제공하는 매장,val,야채,T2 동의어,695206f7-4531-4660-87cd-609ab269e53a,영진쌀상회,농수산물,함양 지리산함양시장,전통시장,경상남도,,,
48c8c97da443637bd3d4,full_annotation_v1,A,q_야채_06,채소 파는 곳,식료품 중 '야채'를 판매·제공하는 매장,val,야채,T2 동의어,0042e83d-930b-4d1d-a96f-f1a2691256cd,성화상회,과일,대구능금시장,전통시장,대구광역시,,,
47740d5b08368bc73400,full_annotation_v1,A,q_야채_06,채소 파는 곳,식료품 중 '야채'를 판매·제공하는 매장,val,야채,T2 동의어,d17c898c-5a80-4f51-b3ca-e8727559587a,매일시장,농수산물,지족동 골목형상점가,골목형상점가,대전광역시,,,
16f56b4e271e89032ec9,full_annotation_v1,A,q_야채_06,채소 파는 곳,식료품 중 '야채'를 판매·제공하는 매장,val,야채,T2 동의어,7ff1a1b0-1547-4ab3-9dd0-a48265949d0d,은주상회,채소,부산새벽시장,전통시장,부산광역시,,,
628027a4733d051d6adc,full_annotation_v1,A,q_야채_06,채소 파는 곳,식료품 중 '야채'를 판매·제공하는 매장,val,야채,T2 동의어,05530d0f-82ed-47a1-8015-32b6c30e3752,진수산삼다식품,"젓갈류, 김치, 수산물",동문재래시장,전통시장,제주특별자치도,,,
713e15c2d4afa02d1662,full_annotation_v1,A,q_야채_06,채소 파는 곳,식료품 중 '야채'를 판매·제공하는 매장,val,야채,T2 동의어,9bac1097-49a5-4587-97d7-697af86469b4,우리 농수산물,농수산물,상도전통시장,전통시장,서울특별시,,,
97864d4f362c3c4718e2,full_annotation_v1,A,q_야채_06,채소 파는 곳,식료품 중 '야채'를 판매·제공하는 매장,val,야채,T2 동의어,e6a7ff7c-7c91-4152-85ee-230b9918de75,경안 농수산물,소매(농수산물),경안전통시장,전통시장,경기도,,,
8736950a384c172c6ba6,full_annotation_v1,A,q_야채_06,채소 파는 곳,식료품 중 '야채'를 판매·제공하는 매장,val,야채,T2 동의어,8e7a957a-9687-4bcc-aa29-d7cfd46c8073,다올농수산,농수산물,제천중앙시장,전통시장,충청북도,,,
e143468bda25b606c25b,full_annotation_v1,A,q_야채_06,채소 파는 곳,식료품 중 '야채'를 판매·제공하는 매장,val,야채,T2 동의어,94638f05-9b77-4863-80e1-6277f5899822,중앙채소,채소,김제전통시장,전통시장,전북특별자치도,,,
4277584071422092064f,full_annotation_v1,A,q_야채_06,채소 파는 곳,식료품 중 '야채'를 판매·제공하는 매장,val,야채,T2 동의어,000a244a-1e28-40b7-8d55-d5b1055f12d2,진해상회,채소,마산어시장,전통시장,경상남도,,,
7663c1db7428e498fdc3,full_annotation_v1,A,q_야채_06,채소 파는 곳,식료품 중 '야채'를 판매·제공하는 매장,val,야채,T2 동의어,00e92856-b294-4032-8540-d60e9817f2d8,럭키약국,"의약품, 건강기능식품, 식품",충무로골목형상점가,골목형상점가,서울특별시,,,
801cbe3f6ed0418571c4,full_annotation_v1,A,q_야채_06,채소 파는 곳,식료품 중 '야채'를 판매·제공하는 매장,val,야채,T2 동의어,35273c96-1b37-4555-a878-2c18fb0b79d7,에녹 농수산물,"농수산물, 야채",망원시장,전통시장,서울특별시,,,
4ce55b37ce4a4e36855e,full_annotation_v1,A,q_야채_06,채소 파는 곳,식료품 중 '야채'를 판매·제공하는 매장,val,야채,T2 동의어,1ca7b792-9350-4c78-88ce-80d12cf01a50,푸른뫼,채소,춘천풍물시장,전통시장,강원특별자치도,,,
e10f2fe9b6ba08c76b4b,full_annotation_v1,A,q_야채_06,채소 파는 곳,식료품 중 '야채'를 판매·제공하는 매장,val,야채,T2 동의어,ee64db6b-6b64-4d05-9bcb-5c8946a9a463,서울상회,채소,순천역전시장상가,자율상권구역,전라남도,,,
1ef5e93700533f50e986,full_annotation_v1,A,q_야채_06,채소 파는 곳,식료품 중 '야채'를 판매·제공하는 매장,val,야채,T2 동의어,00298213-17ea-453a-b6e6-375d9ef636b6,대양농수산,농수산물,부평깡시장,전통시장,인천광역시,,,
38da2a641d409850d252,full_annotation_v1,A,q_야채_06,채소 파는 곳,식료품 중 '야채'를 판매·제공하는 매장,val,야채,T2 동의어,e01a8eee-7c6b-4778-9006-0b9a1eb12dd8,제주탐나봉,농수산물,동문재래시장,전통시장,제주특별자치도,,,
61657551d0aeb1cb5315,full_annotation_v1,A,q_야채_06,채소 파는 곳,식료품 중 '야채'를 판매·제공하는 매장,val,야채,T2 동의어,a6760e6a-42f0-4ff1-aa3c-a0f87a151154,진주식품,농수산물,진부전통시장,전통시장,강원특별자치도,,,
b67fe8c4eeef200261ea,full_annotation_v1,A,q_야채_06,채소 파는 곳,식료품 중 '야채'를 판매·제공하는 매장,val,야채,T2 동의어,bab035ee-939e-4df2-85bb-cf151a9e9e3a,신토불이유통,채소,동명동 아침골목상점가,골목형상점가,전라남도,,,
92ab660dc155bba6aea4,full_annotation_v1,A,q_야채_06,채소 파는 곳,식료품 중 '야채'를 판매·제공하는 매장,val,야채,T2 동의어,38fda274-dad2-4cc2-8462-0c7c872628c8,형제상회,채소,가락몰골목형상점가,골목형상점가,서울특별시,,,
f52f55f6b27c37ddb6dc,full_annotation_v1,A,q_야채_06,채소 파는 곳,식료품 중 '야채'를 판매·제공하는 매장,val,야채,T2 동의어,05c76e94-955a-4fc9-a37c-59f7295ce5af,청원상회,채소,삼척중앙시장,전통시장,강원특별자치도,,,
9771bc5a82bd845267e1,full_annotation_v1,A,q_야채_06,채소 파는 곳,식료품 중 '야채'를 판매·제공하는 매장,val,야채,T2 동의어,2cddfc7a-87a2-4c8a-9ef4-161ce8b88525,신광천상회,채소,현대시장,전통시장,인천광역시,,,
e5665884c5d79939486f,full_annotation_v1,A,q_야채_06,채소 파는 곳,식료품 중 '야채'를 판매·제공하는 매장,val,야채,T2 동의어,c9530be7-1e0a-4a50-9ff5-0bbf9bcf4b77,닭쌈족쌈,농수산물,가좌시장,전통시장,인천광역시,,,
e596799a8b9f68dcc74e,full_annotation_v1,A,q_야채_06,채소 파는 곳,식료품 중 '야채'를 판매·제공하는 매장,val,야채,T2 동의어,8393f428-21f1-417d-876d-c6ed58326cb6,다연농수산,농수산물,목포동부시장,전통시장,전라남도,,,
d996a9a27ac504a60a7b,full_annotation_v1,A,q_야채_06,채소 파는 곳,식료품 중 '야채'를 판매·제공하는 매장,val,야채,T2 동의어,1f50c2c2-0313-4e8b-9aad-752eca6d8a98,영월상회,농산물,학성새벽시장,전통시장,울산광역시,,,
bca930aaadef67b83d14,full_annotation_v1,A,q_야채_06,채소 파는 곳,식료품 중 '야채'를 판매·제공하는 매장,val,야채,T2 동의어,09e5fb7c-d0cc-4720-92df-5a5cece636c7,샐러리아 잠실본점,샐러드,방이시장,전통시장,서울특별시,,,
92b1965bc1dd5cdd9c49,full_annotation_v1,A,q_야채_06,채소 파는 곳,식료품 중 '야채'를 판매·제공하는 매장,val,야채,T2 동의어,cd179f43-3d1b-4fae-b8f4-2019a7cbf45e,서울상회,채소,가좌시장,전통시장,인천광역시,,,
b3c3c9a050762195df29,full_annotation_v1,A,q_야채_06,채소 파는 곳,식료품 중 '야채'를 판매·제공하는 매장,val,야채,T2 동의어,11bdc95d-4003-4140-8d13-e4c40ea4ce3f,셰프의돈까스,일반음식,의왕예술의거리골목형상점가,골목형상점가,경기도,,,
4e7dd41f3409b2ad0573,full_annotation_v1,A,q_야채_06,채소 파는 곳,식료품 중 '야채'를 판매·제공하는 매장,val,야채,T2 동의어,0045f871-6f40-4361-bcdd-2b94bf597287,무파장터,야채 청과물,신금정시장 골목형 상점가,골목형상점가,부산광역시,,,
614833e1900d3846fc83,full_annotation_v1,A,q_야채_06,채소 파는 곳,식료품 중 '야채'를 판매·제공하는 매장,val,야채,T2 동의어,530e8c7d-4476-41cd-98e5-d6d8a71f82c6,장군상회,채소,마산역번개시장,전통시장,경상남도,,,
e72bb4a34a9507418c74,full_annotation_v1,A,q_야채_06,채소 파는 곳,식료품 중 '야채'를 판매·제공하는 매장,val,야채,T2 동의어,008d4156-e489-4d1f-9205-b541972d35a8,과일왕,과일 잡화 야채 먹거리,연제동 골목형상점가,골목형상점가,광주광역시,,,
3fa0faa51aecedc950ca,full_annotation_v1,A,q_야채_06,채소 파는 곳,식료품 중 '야채'를 판매·제공하는 매장,val,야채,T2 동의어,00c56499-bc90-4ed6-bb66-3802cc762889,의령상회,채소,부전상가시장,전통시장,부산광역시,,,
5a088b7f212a6867ab8d,full_annotation_v1,A,q_야채_06,채소 파는 곳,식료품 중 '야채'를 판매·제공하는 매장,val,야채,T2 동의어,9174154b-b080-4623-881f-4b9843b13400,대성상회,채소,부산새벽시장,전통시장,부산광역시,,,
713f402442701f2e37e3,full_annotation_v1,A,q_야채_06,채소 파는 곳,식료품 중 '야채'를 판매·제공하는 매장,val,야채,T2 동의어,5bc3d4b3-d1b8-4f90-8afe-cfec5dc14045,만물채소,채소,연일골목시장상점가,자율상권구역,부산광역시,,,
6a19ab2e66515694d7b5,full_annotation_v1,A,q_야채_06,채소 파는 곳,식료품 중 '야채'를 판매·제공하는 매장,val,야채,T2 동의어,b1a52ff9-5e48-4478-b0e3-f6c4feaa06f5,만물상회,농수산물,고척근린시장,전통시장,서울특별시,,,
0e5caef22c7608a9b406,full_annotation_v1,A,q_야채_06,채소 파는 곳,식료품 중 '야채'를 판매·제공하는 매장,val,야채,T2 동의어,13c1bdc0-9bb0-4f9d-8b02-2b5865190f0e,대성상회,채소,경주성동공설시장,전통시장,경상북도,,,
632c4c695ececa91ef76,full_annotation_v1,A,q_야채_06,채소 파는 곳,식료품 중 '야채'를 판매·제공하는 매장,val,야채,T2 동의어,83cd06b0-592a-4e4f-b484-e1f030c92cca,재필상회,채소,남천해변시장,전통시장,부산광역시,,,
63cdea880db96fcd6ff5,full_annotation_v1,A,q_야채_06,채소 파는 곳,식료품 중 '야채'를 판매·제공하는 매장,val,야채,T2 동의어,56561e51-bf39-4317-b000-140dc8c64e38,경북상회,채소,부전농수산물새벽시장,전통시장,부산광역시,,,
ba50cf3f715b801891a4,full_annotation_v1,A,q_야채_06,채소 파는 곳,식료품 중 '야채'를 판매·제공하는 매장,val,야채,T2 동의어,9c5603c4-516b-4cee-afec-48f57186634e,이월,농수산물,남부시장,전통시장,대구광역시,,,
b35d3a6a888253209e8e,full_annotation_v1,A,q_야채_06,채소 파는 곳,식료품 중 '야채'를 판매·제공하는 매장,val,야채,T2 동의어,34b9ac8e-e715-4cbd-8ecc-ab6c21775817,경북야채,채소,서산동부전통시장,전통시장,충청남도,,,
539ebaefd14a5dcd250f,full_annotation_v1,A,q_야채_06,채소 파는 곳,식료품 중 '야채'를 판매·제공하는 매장,val,야채,T2 동의어,c7fbea62-c3ab-4472-a90f-3c14e02cdb1e,딸기나무,농수산물,원당 중앙로 골목형상점가,골목형상점가,인천광역시,,,
02239cc9eef5315302b2,full_annotation_v1,A,q_야채_06,채소 파는 곳,식료품 중 '야채'를 판매·제공하는 매장,val,야채,T2 동의어,12bac5de-59a7-472a-946b-5e38694a5648,한옥촌,쌈밥,전농배봉산맛집거리골목형상점가,골목형상점가,서울특별시,,,
799535307c2170a298a1,full_annotation_v1,A,q_야채_06,채소 파는 곳,식료품 중 '야채'를 판매·제공하는 매장,val,야채,T2 동의어,a4fdcb4a-080f-4a38-955f-ede500ecfe9d,샤인,화분 외,양주가래비중앙로상점가,골목형상점가,경기도,,,
ad345839680efccc429b,full_annotation_v1,A,q_야채_06,채소 파는 곳,식료품 중 '야채'를 판매·제공하는 매장,val,야채,T2 동의어,2743811c-5e71-4d2b-aa75-1b0147d44f2d,사우 꽃이 피는 곳,꽃,김포 풍년마을 골목형상점가,골목형상점가,경기도,,,
edede0ac8aae57f333e3,full_annotation_v1,A,q_야채_06,채소 파는 곳,식료품 중 '야채'를 판매·제공하는 매장,val,야채,T2 동의어,89d212cf-118d-482f-b0a2-a988beccb9ba,광명상회,농수산물,통영 서호전통시장,전통시장,경상남도,,,
f4f8cd92d60f634549cd,full_annotation_v1,A,q_야채_06,채소 파는 곳,식료품 중 '야채'를 판매·제공하는 매장,val,야채,T2 동의어,7eb6bbaf-e4b1-4d24-a17d-6dea8eb255e3,제주농수산,농수산물,동문재래시장,전통시장,제주특별자치도,,,
0fa796a6ec6f9949edf9,full_annotation_v1,A,q_야채_06,채소 파는 곳,식료품 중 '야채'를 판매·제공하는 매장,val,야채,T2 동의어,f9b5b9dd-654d-4edd-9c8f-13716cee3e9d,대성상회,채소,부산새벽시장,전통시장,부산광역시,,,
48d29f80cec57509857e,full_annotation_v1,A,q_야채_06,채소 파는 곳,식료품 중 '야채'를 판매·제공하는 매장,val,야채,T2 동의어,19e67eb5-1906-430e-b7cf-ff1f93875af2,현대상회,채소,목포동부시장,전통시장,전라남도,,,
8e4382b5c26ee40e812b,full_annotation_v1,A,q_야채_06,채소 파는 곳,식료품 중 '야채'를 판매·제공하는 매장,val,야채,T2 동의어,791dc86a-acda-47d4-9b29-0e747b47c749,털보상회,농수산물,부전상가시장,전통시장,부산광역시,,,
f6ee242d941a0f19da85,full_annotation_v1,A,q_야채_06,채소 파는 곳,식료품 중 '야채'를 판매·제공하는 매장,val,야채,T2 동의어,006601da-192a-4275-90bf-aa320c79ea9f,바이럽,샐러드,현풍백년도깨비시장,전통시장,대구광역시,,,
a9afe089c9c65b6700d2,full_annotation_v1,A,q_야채_06,채소 파는 곳,식료품 중 '야채'를 판매·제공하는 매장,val,야채,T2 동의어,6c45d06b-e9fe-4369-9a74-8cf030975afc,유진식품,농수산물,장흥시장 골목형상점가,골목형상점가,전라남도,,,
2ca30d3c0bd44b7d91fe,full_annotation_v1,A,q_야채_06,채소 파는 곳,식료품 중 '야채'를 판매·제공하는 매장,val,야채,T2 동의어,1b4a1d00-f029-4bfc-a3ea-ba7ace46f6ae,비에이치씨(BHC)신가점,치킨,신가동 골목형상점가,골목형상점가,광주광역시,,,
12c39527ead19b46bf77,full_annotation_v1,A,q_야채_06,채소 파는 곳,식료품 중 '야채'를 판매·제공하는 매장,val,야채,T2 동의어,bf528295-96f2-4795-909b-df66a23757c5,봉화채소,채소,서동전통골목시장,전통시장,부산광역시,,,
6b3c10ae4174e14ad2ab,full_annotation_v1,A,q_야채_06,채소 파는 곳,식료품 중 '야채'를 판매·제공하는 매장,val,야채,T2 동의어,014b06bd-3fa3-4cde-b459-e62ca64c33aa,조은식품,채소,하양꿈바우시장,전통시장,경상북도,,,
3595a98f49c6f9f4722f,full_annotation_v1,A,q_야채_06,채소 파는 곳,식료품 중 '야채'를 판매·제공하는 매장,val,야채,T2 동의어,1631e5ef-55ef-400b-afa0-a6379ee0c93a,형제상회,채소,충주농산물종합시장(구 중앙청과시장),전통시장,충청북도,,,
74da97f40e6c12acf1c7,full_annotation_v1,A,q_야채_06,채소 파는 곳,식료품 중 '야채'를 판매·제공하는 매장,val,야채,T2 동의어,b8fa788a-26d1-4ada-bb95-e2bf86c00b05,대성상회,농수산물,경동시장,전통시장,서울특별시,,,
3f79a889dfebdb62ee3f,full_annotation_v1,A,q_야채_06,채소 파는 곳,식료품 중 '야채'를 판매·제공하는 매장,val,야채,T2 동의어,23d4b7b3-fa67-4538-819d-ab93f87f1454,오셀마켓,농수산물,호계종합시장,전통시장,경기도,,,
2d89853018b582865414,full_annotation_v1,A,q_야채_06,채소 파는 곳,식료품 중 '야채'를 판매·제공하는 매장,val,야채,T2 동의어,da490ee3-551a-4526-99eb-fc8e105fe6f3,영남식육점,식육,대가야 자율상권구역,,경상북도,,,
a4738100d5ac58040f74,full_annotation_v1,A,q_야채_06,채소 파는 곳,식료품 중 '야채'를 판매·제공하는 매장,val,야채,T2 동의어,00947369-dfd0-4074-b22e-c8b430a98a70,에스.에이.팜(S.A.farm),"표고버섯및농산물, 잡화, 통신판매",무주반딧불상권활성화구역,상권활성화구역,전북특별자치도,,,
08d4d3d513210c6998ab,full_annotation_v1,A,q_야채_06,채소 파는 곳,식료품 중 '야채'를 판매·제공하는 매장,val,야채,T2 동의어,f0d6989d-02de-4184-942b-88239145e138,노점33호,채소,천안중앙시장,전통시장,충청남도,,,
4a367461b6057a46b19c,full_annotation_v1,A,q_야채_06,채소 파는 곳,식료품 중 '야채'를 판매·제공하는 매장,val,야채,T2 동의어,dd295f14-b477-4838-8d73-2e8c98c80fd5,대성상회,채소,세종전통시장,전통시장,세종특별자치시,,,
0e9d61a4e1ac01ced1d7,full_annotation_v1,A,q_야채_06,채소 파는 곳,식료품 중 '야채'를 판매·제공하는 매장,val,야채,T2 동의어,6160409c-69f8-413e-b682-c40350b22869,더드림농수산,농수산물,남광주시장,전통시장,,,,
1c6a775734673362069d,full_annotation_v1,A,q_야채_06,채소 파는 곳,식료품 중 '야채'를 판매·제공하는 매장,val,야채,T2 동의어,90150e10-e353-4314-8f33-912db44f4350,햇빛농수산물,농수산물,목포동부시장,전통시장,전라남도,,,
b574b1f144b0c014086b,full_annotation_v1,A,q_야채_06,채소 파는 곳,식료품 중 '야채'를 판매·제공하는 매장,val,야채,T2 동의어,9dd34df2-6ad5-4181-ae5c-ad03fb6a14dd,제일상회,채소,양동시장,전통시장,광주광역시,,,
e5a598ff3fd45cf660b6,full_annotation_v1,A,q_야채_06,채소 파는 곳,식료품 중 '야채'를 판매·제공하는 매장,val,야채,T2 동의어,01b4b567-78d4-4fa1-9bff-25fd01fb1a4c,소문난김치집,김치,중앙먹거리 상인회 골목형상점가,골목형상점가,전라남도,,,
33b73a8e3f735d286595,full_annotation_v1,A,q_야채_06,채소 파는 곳,식료품 중 '야채'를 판매·제공하는 매장,val,야채,T2 동의어,f17cb0af-297f-419e-86db-a1dca61eaab8,민혁채소,채소,나주목사고을시장,전통시장,전라남도,,,
fcb407ec9bac8b25799d,full_annotation_v1,A,q_야채_06,채소 파는 곳,식료품 중 '야채'를 판매·제공하는 매장,val,야채,T2 동의어,6a502068-35ba-4e0d-9376-c33798e182ff,은희상회,채소,금촌전통시장,전통시장,,,,
8287242ebf1a15885646,full_annotation_v1,A,q_야채_06,채소 파는 곳,식료품 중 '야채'를 판매·제공하는 매장,val,야채,T2 동의어,9a954674-9f54-4fff-8ce1-725488e64ec9,은혜농산,채소,창원 도계부부시장,전통시장,경상남도,,,
aa42c8a4c764643e68b5,full_annotation_v1,A,q_야채_06,채소 파는 곳,식료품 중 '야채'를 판매·제공하는 매장,val,야채,T2 동의어,19f80ad5-7c10-4c16-bff4-8218962d912e,공주집,"채소.야채, 채소",대명여울빛거리시장,전통시장,서울특별시,,,
905bdcc1550c11621d76,full_annotation_v1,A,q_야채_06,채소 파는 곳,식료품 중 '야채'를 판매·제공하는 매장,val,야채,T2 동의어,014fc673-2f3b-48cf-a134-d5aebb132435,동성상회,야채,동두천중앙시장,전통시장,경기도,,,
09d64b30a12e5011f44a,full_annotation_v1,A,q_야채_06,채소 파는 곳,식료품 중 '야채'를 판매·제공하는 매장,val,야채,T2 동의어,bc7bcaa3-db17-4ed2-b89f-f1f16369a018,우리농산,농수산물,팔달신시장,전통시장,대구광역시,,,
f181c5aa8b46f521c9f5,full_annotation_v1,A,q_야채_06,채소 파는 곳,식료품 중 '야채'를 판매·제공하는 매장,val,야채,T2 동의어,aaf9d1eb-4cb7-4e16-88f5-d2b91bf480ae,관포선어,채소,거제 고현시장,전통시장,경상남도,,,
82575a2ee2f30958874d,full_annotation_v1,A,q_야채_06,채소 파는 곳,식료품 중 '야채'를 판매·제공하는 매장,val,야채,T2 동의어,fcc4f6e6-bdce-44b7-85d2-f86770970597,현대상회,채소,팔달신시장,전통시장,대구광역시,,,
cc0721f92a13eb3777b9,full_annotation_v1,A,q_야채_06,채소 파는 곳,식료품 중 '야채'를 판매·제공하는 매장,val,야채,T2 동의어,7844e557-1d48-454d-9149-e2a3babceea5,한양식품,채소,나주목사고을시장,전통시장,,,,
1b613f62254bd7f22a26,full_annotation_v1,A,q_야채_06,채소 파는 곳,식료품 중 '야채'를 판매·제공하는 매장,val,야채,T2 동의어,edb50940-6320-4d5c-9e83-ceae4f1e967f,삼산나범노지채소,채소,해남매일시장,전통시장,전라남도,,,
9209685773755b1281d2,full_annotation_v1,A,q_야채_06,채소 파는 곳,식료품 중 '야채'를 판매·제공하는 매장,val,야채,T2 동의어,8560e342-8e93-413a-bb3e-3617e6fb496c,대성상회,채소,대구청과시장,전통시장,대구광역시,,,
98fd6ab7aaa70032a70d,full_annotation_v1,A,q_야채_06,채소 파는 곳,식료품 중 '야채'를 판매·제공하는 매장,val,야채,T2 동의어,92dd49f0-3dfd-4523-89e6-43bfbbe43007,아가랑엄마랑,채소,진주 논개시장,전통시장,경상남도,,,
675f9a6c5ca201e06d30,full_annotation_v1,A,q_야채_06,채소 파는 곳,식료품 중 '야채'를 판매·제공하는 매장,val,야채,T2 동의어,00468e6b-39c6-4ce1-a534-a6b1eecac01d,태양농산물,과일,정릉서경대길골목형상점가(정릉골),골목형상점가,서울특별시,,,
9eff8ae6e48a25efffb2,full_annotation_v1,A,q_야채_06,채소 파는 곳,식료품 중 '야채'를 판매·제공하는 매장,val,야채,T2 동의어,c161453d-f2c8-4b97-a2c3-a54e0cbdb7e8,생활용품 싸게 파는 집,잡화,안성중앙시장,전통시장,경기도,,,
b8d99ab325b6766124e3,full_annotation_v1,A,q_야채_06,채소 파는 곳,식료품 중 '야채'를 판매·제공하는 매장,val,야채,T2 동의어,fe12b1b7-e556-4b73-8baf-7b7ba89898b9,함안상회,농수산물,대송시장,전통시장,울산광역시,,,
800676285907c21ad5cc,full_annotation_v1,A,q_야채_06,채소 파는 곳,식료품 중 '야채'를 판매·제공하는 매장,val,야채,T2 동의어,df590540-c515-4538-b389-b4c132152211,대박상회,농수산물,동쪽바다중앙시장(구 동해중앙시장),전통시장,강원특별자치도,,,
e8de8665cd4ea0efea8c,full_annotation_v1,A,q_야채_06,채소 파는 곳,식료품 중 '야채'를 판매·제공하는 매장,val,야채,T2 동의어,a813c9c4-06d0-496c-992e-fa13b0540253,나행상회,농수산물,강화중앙시장(A·B동),전통시장,인천광역시,,,
e754bb208b5ffb2822c9,full_annotation_v1,A,q_야채_06,채소 파는 곳,식료품 중 '야채'를 판매·제공하는 매장,val,야채,T2 동의어,1a7078da-23a6-4333-9344-d6989c07f68f,한라농수산,농수산물,동문재래시장,전통시장,제주특별자치도,,,
2d56d007a0d0c750323a,full_annotation_v1,A,q_야채_06,채소 파는 곳,식료품 중 '야채'를 판매·제공하는 매장,val,야채,T2 동의어,022e68f2-bf83-44a8-a32b-fd2a44c3f09c,얌얌식자재마트,식품,부천한신시장,전통시장,경기도,,,
32841a36edfbc20930b2,full_annotation_v1,A,q_야채_06,채소 파는 곳,식료품 중 '야채'를 판매·제공하는 매장,val,야채,T2 동의어,6a186b76-7529-453d-a3a0-dbeea3847251,진선농수산,농수산물,일우연동시장 골목형상점가,전통시장,제주특별자치도,,,
9351e1ff30803e80c926,full_annotation_v1,A,q_야채_06,채소 파는 곳,식료품 중 '야채'를 판매·제공하는 매장,val,야채,T2 동의어,8ccbc8fb-ca55-477b-be1a-afae79965837,도깨비농수산물,농수산물,관악신사시장,전통시장,서울특별시,,,
1b64eb3369244ee86292,full_annotation_v1,A,q_야채_06,채소 파는 곳,식료품 중 '야채'를 판매·제공하는 매장,val,야채,T2 동의어,cb85d4c6-1179-419e-833a-a803adff67ee,다름이네 채소,채소,우장산역 골목형상점가,골목형상점가,서울특별시,,,
6697c26748c129ea38bc,full_annotation_v1,A,q_야채_06,채소 파는 곳,식료품 중 '야채'를 판매·제공하는 매장,val,야채,T2 동의어,6d562fb4-e8b0-4cbc-992b-eccb3a179142,옹진상회,농수산물,광탄전통시장,전통시장,경기도,,,
ad6118d86af405b2a707,full_annotation_v1,A,q_야채_06,채소 파는 곳,식료품 중 '야채'를 판매·제공하는 매장,val,야채,T2 동의어,00b64830-f897-4643-a5fa-6d8950c2ef89,낭만상회,식품,문산자유시장,전통시장,경기도,,,
6790cdf3f4e8f4114602,full_annotation_v1,A,q_야채_06,채소 파는 곳,식료품 중 '야채'를 판매·제공하는 매장,val,야채,T2 동의어,bd019565-279e-4885-a9e9-8710ba8ce2c0,형제상회,채소,부산새벽시장,전통시장,부산광역시,,,
80651605031901c86b3b,full_annotation_v1,A,q_야채_06,채소 파는 곳,식료품 중 '야채'를 판매·제공하는 매장,val,야채,T2 동의어,64ed4779-e403-43a7-9b75-e042979a31b1,대명 농수산물,농수산물,춘천동부시장,전통시장,강원특별자치도,,,
37e6adebf6072cea78ab,full_annotation_v1,A,q_야채_06,채소 파는 곳,식료품 중 '야채'를 판매·제공하는 매장,val,야채,T2 동의어,142a672d-80c3-46bd-a89b-6ef297c6a272,중앙식품,농수산물,녹동전통시장,전통시장,전라남도,,,
429b61c34c2366801d7e,full_annotation_v1,A,q_야채_06,채소 파는 곳,식료품 중 '야채'를 판매·제공하는 매장,val,야채,T2 동의어,98f0ab8f-97a8-430a-bbf0-8812a6fdbe7f,충남상회,채소,대구청과시장,전통시장,대구광역시,,,
9a110c57c85983d68ba4,full_annotation_v1,A,q_야채_06,채소 파는 곳,식료품 중 '야채'를 판매·제공하는 매장,val,야채,T2 동의어,56db4778-14ee-4046-a171-821fc0e3f8ce,산수쌈밥,쌈밥,전남여고후문 골목형상점가,골목형상점가,광주광역시,,,
655ff9af105d0a7cb975,full_annotation_v1,A,q_야채_06,채소 파는 곳,식료품 중 '야채'를 판매·제공하는 매장,val,야채,T2 동의어,31515898-39ad-48c0-958a-50643dfe32ce,만물채소,채소,구서오시게시장,전통시장,부산광역시,,,
d877ca1a1c1b241a65df,full_annotation_v1,A,q_야채_06,채소 파는 곳,식료품 중 '야채'를 판매·제공하는 매장,val,야채,T2 동의어,d09a1aed-4d09-4f5a-90e6-f0ad3719b507,부경종합수산,농수산물,봉덕신시장,전통시장,대구광역시,,,
3b2140544b0d0b185d3b,full_annotation_v1,A,q_야채_06,채소 파는 곳,식료품 중 '야채'를 판매·제공하는 매장,val,야채,T2 동의어,78a9534c-4bf0-45c7-b5c8-39460fc76435,대운상회,채소,포항죽도농산물시장,전통시장,경상북도,,,
a2ee675701793e130705,full_annotation_v1,A,q_야채_06,채소 파는 곳,식료품 중 '야채'를 판매·제공하는 매장,val,야채,T2 동의어,972f02b2-bbfb-4310-8149-64f6dc62b041,늘푸른야채,농수산물,복대가경시장,전통시장,충청북도,,,
56a3c4937f878bc628f5,full_annotation_v1,A,q_야채_06,채소 파는 곳,식료품 중 '야채'를 판매·제공하는 매장,val,야채,T2 동의어,77728fb7-88a3-4af7-b429-12276e358a94,고향야채,채소,중리시장,전통시장,대전광역시,,,
7df67a1553c626269f1e,full_annotation_v1,A,q_야채_06,채소 파는 곳,식료품 중 '야채'를 판매·제공하는 매장,val,야채,T2 동의어,1daa6aa5-e8f1-4246-b729-b4cbf9dd01f6,농수산물,농산물,창신골목시장,자율상권구역,서울특별시,,,
b70a2ada7e83d3b4e4b8,full_annotation_v1,A,q_야채_06,채소 파는 곳,식료품 중 '야채'를 판매·제공하는 매장,val,야채,T2 동의어,8ed4fb0d-7e59-4098-b5f0-df80426f03be,푸릇채움,농수산물,신남네거리상점가,자율상권구역,대구광역시,,,
a2277fcb794b0a6cd495,full_annotation_v1,A,q_야채_06,채소 파는 곳,식료품 중 '야채'를 판매·제공하는 매장,val,야채,T2 동의어,8ebc8811-fad2-473c-a3f8-a1cd64c84152,매일야채,채소,새마을시장,전통시장,서울특별시,,,
9d3bb4693449527dc965,full_annotation_v1,A,q_야채_06,채소 파는 곳,식료품 중 '야채'를 판매·제공하는 매장,val,야채,T2 동의어,7a06d3f8-1467-4f86-b135-ce881e35d52f,은정농수산,농수산물,동문재래시장,전통시장,제주특별자치도,,,
5a6c82e1b92033381a24,full_annotation_v1,A,q_야채_06,채소 파는 곳,식료품 중 '야채'를 판매·제공하는 매장,val,야채,T2 동의어,001cb3d4-5441-4963-b517-d5b3904ee312,현창떡집,떡집,목포동부시장,전통시장,전라남도,,,
c771b06ac9b62ece89f3,full_annotation_v1,A,q_야채_06,채소 파는 곳,식료품 중 '야채'를 판매·제공하는 매장,val,야채,T2 동의어,ad39de5b-b6b9-4f3d-bd0d-79464ec27355,남부상회,채소,옥천공설시장,전통시장,충청북도,,,
1eb52705b0c7fa361b9c,full_annotation_v1,A,q_야채_06,채소 파는 곳,식료품 중 '야채'를 판매·제공하는 매장,val,야채,T2 동의어,00344d24-5aaa-4dc7-ba51-3c041c147576,고향뜰영농조합법인,농산물,양산 북부시장,전통시장,경상남도,,,
810c02c7cee775afdaf0,full_annotation_v1,A,q_야채_06,채소 파는 곳,식료품 중 '야채'를 판매·제공하는 매장,val,야채,T2 동의어,015915e3-2542-4245-b627-0c775b4c5501,한내떡집,,거제 고현시장,전통시장,경상남도,,,
dcb3344c5bca099152fc,full_annotation_v1,A,q_야채_06,채소 파는 곳,식료품 중 '야채'를 판매·제공하는 매장,val,야채,T2 동의어,ddc896ef-e5e2-46db-8860-d492c032187b,진주상회,농수산물,부전농수산물새벽시장,전통시장,부산광역시,,,
6b736c5b6f9e1288924a,full_annotation_v1,A,q_야채_06,채소 파는 곳,식료품 중 '야채'를 판매·제공하는 매장,val,야채,T2 동의어,00b6e321-5954-437c-b1d9-94fded29f67e,웰빙마트,식품,서남신시장,전통시장,대구광역시,,,
010c5b028a979f92155b,full_annotation_v1,A,q_야채_06,채소 파는 곳,식료품 중 '야채'를 판매·제공하는 매장,val,야채,T2 동의어,1d0d828a-3ee4-4945-b3ce-9a54efea4289,이푸른채소,채소,해평시장,전통시장,경상북도,,,
2da0db852abd9011575f,full_annotation_v1,A,q_야채_06,채소 파는 곳,식료품 중 '야채'를 판매·제공하는 매장,val,야채,T2 동의어,b577cd27-b747-482d-b98b-9bbafaed9f1b,농수산물 막퍼주는집(경산시장),농수산물,경산중앙상점가,자율상권구역,경상북도,,,
9787f44c0449804b952f,full_annotation_v1,A,q_야채_06,채소 파는 곳,식료품 중 '야채'를 판매·제공하는 매장,val,야채,T2 동의어,ab7dd5cc-97d9-477c-89bc-6f2868c828d1,형제상회,채소,정이있는 구포시장,전통시장,부산광역시,,,
6bcc99d5e71cde47e5ba,full_annotation_v1,A,q_야채_06,채소 파는 곳,식료품 중 '야채'를 판매·제공하는 매장,val,야채,T2 동의어,5fc59877-9c3a-420c-b55a-1405c5191eed,현농산물,농수산물,황지자유시장,전통시장,강원특별자치도,,,
02aa275e054f5776414e,full_annotation_v1,A,q_야채_06,채소 파는 곳,식료품 중 '야채'를 판매·제공하는 매장,val,야채,T2 동의어,860b16f5-596b-4800-b4fd-d6dfc9daabad,갑당약초,농수산물,경동시장,전통시장,서울특별시,,,
0476087984194b948cac,full_annotation_v1,A,q_야채_06,채소 파는 곳,식료품 중 '야채'를 판매·제공하는 매장,val,야채,T2 동의어,285d2f58-ff9f-4e26-a736-7d2ec28d49ec,중앙건어물,농수산물,세종전통시장,전통시장,세종특별자치시,,,
dc0731434ff668c2a6c6,full_annotation_v1,A,q_야채_07,농수산물,식료품 중 '야채'를 판매·제공하는 매장,val,야채,T3 개념확장,8f600a7a-3e2b-4a0e-a887-50a787bf0a8d,멍냥히어로 상왕십리역 무인 애견용품,반려동물용품,왕십리무학봉상점가,자율상권구역,서울특별시,,,
007a15174a99e84db04c,full_annotation_v1,A,q_야채_07,농수산물,식료품 중 '야채'를 판매·제공하는 매장,val,야채,T3 개념확장,78939865-fbad-410e-982b-b20e1b2acb23,대인쌀집,쌀 잡곡,대인시장,전통시장,광주광역시,,,
2482a0e6115df1d89350,full_annotation_v1,A,q_야채_07,농수산물,식료품 중 '야채'를 판매·제공하는 매장,val,야채,T3 개념확장,a6760e6a-42f0-4ff1-aa3c-a0f87a151154,진주식품,농수산물,진부전통시장,전통시장,강원특별자치도,,,
9c36676a40a75a456684,full_annotation_v1,A,q_야채_07,농수산물,식료품 중 '야채'를 판매·제공하는 매장,val,야채,T3 개념확장,d17c898c-5a80-4f51-b3ca-e8727559587a,매일시장,농수산물,지족동 골목형상점가,골목형상점가,대전광역시,,,
20505c34b2aab9790c58,full_annotation_v1,A,q_야채_07,농수산물,식료품 중 '야채'를 판매·제공하는 매장,val,야채,T3 개념확장,56db4778-14ee-4046-a171-821fc0e3f8ce,산수쌈밥,쌈밥,전남여고후문 골목형상점가,골목형상점가,광주광역시,,,
d86a1c17fdc610a62225,full_annotation_v1,A,q_야채_07,농수산물,식료품 중 '야채'를 판매·제공하는 매장,val,야채,T3 개념확장,0533a201-3b07-4029-8158-c4d2ad17c7bf,텃밭쌈밥,쌈밥,역전시장,전통시장,충청남도,,,
2fc2c4a7c8340937518a,full_annotation_v1,A,q_야채_07,농수산물,식료품 중 '야채'를 판매·제공하는 매장,val,야채,T3 개념확장,13214798-5739-45fa-a57a-8dea502fec1d,수연쌀상회,잡곡,경열로상인회 골목형상점가,골목형상점가,광주광역시,,,
61f7184636255e6e3a89,full_annotation_v1,A,q_야채_07,농수산물,식료품 중 '야채'를 판매·제공하는 매장,val,야채,T3 개념확장,015915e3-2542-4245-b627-0c775b4c5501,한내떡집,,거제 고현시장,전통시장,경상남도,,,
7ae3cf0ebc51f797d0bb,full_annotation_v1,A,q_야채_07,농수산물,식료품 중 '야채'를 판매·제공하는 매장,val,야채,T3 개념확장,dfb5b879-9eee-40be-90ae-572eea01be53,풍국쌀,쌀 잡곡,신매시장,전통시장,대구광역시,,,
46a3289cc87927a9e7cc,full_annotation_v1,A,q_야채_07,농수산물,식료품 중 '야채'를 판매·제공하는 매장,val,야채,T3 개념확장,c8df5107-2b68-4520-8844-5e02495b852e,아빠두마리통닭,음식점업(치킨),금곡골목형상점가,자율상권구역,경기도,,,
d6da1330794ca1db0c00,full_annotation_v1,A,q_야채_07,농수산물,식료품 중 '야채'를 판매·제공하는 매장,val,야채,T3 개념확장,ef53df8b-3b24-4bfe-9c68-b47017907814,아산상회,잡곡,북부중앙 골목형상점가,골목형상점가,경기도,,,
ed0a92e09a96d5e1693b,full_annotation_v1,A,q_야채_07,농수산물,식료품 중 '야채'를 판매·제공하는 매장,val,야채,T3 개념확장,f02e22c1-b4d8-495c-8686-feb6c4c6e3df,해남상회,농수산물,화정동 서부시장,전통시장,광주광역시,,,
9ec0cce58692640524f5,full_annotation_v1,A,q_야채_07,농수산물,식료품 중 '야채'를 판매·제공하는 매장,val,야채,T3 개념확장,55394da8-19a3-4ca8-ae94-ff46571557e4,협신상회,농수산물,오산오색시장(구 오산중앙시장),전통시장,경기도,,,
5bb1ce24939fe4ff2eef,full_annotation_v1,A,q_야채_07,농수산물,식료품 중 '야채'를 판매·제공하는 매장,val,야채,T3 개념확장,9b816b99-8300-474b-9b3e-1ca7f2116775,장수상회,농수산물,충무동 새벽시장,전통시장,부산광역시,,,
94fcf8d7c40662e8b4e9,full_annotation_v1,A,q_야채_07,농수산물,식료품 중 '야채'를 판매·제공하는 매장,val,야채,T3 개념확장,860b16f5-596b-4800-b4fd-d6dfc9daabad,갑당약초,농수산물,경동시장,전통시장,서울특별시,,,
8882c4a3ee4a4d1eb30d,full_annotation_v1,A,q_야채_07,농수산물,식료품 중 '야채'를 판매·제공하는 매장,val,야채,T3 개념확장,a5c9845f-f4de-47f5-a174-a4f4cd53d2a3,영농,잡곡,석바위시장,전통시장,인천광역시,,,
472479a6df0d96b145d3,full_annotation_v1,A,q_야채_07,농수산물,식료품 중 '야채'를 판매·제공하는 매장,val,야채,T3 개념확장,304562fd-2cc3-47a7-8090-f28f2b49f08b,한마음상회,잡곡,구월시장,전통시장,인천광역시,,,
5935b29ac3ba6c11e421,full_annotation_v1,A,q_야채_07,농수산물,식료품 중 '야채'를 판매·제공하는 매장,val,야채,T3 개념확장,f36da920-3d5a-4af4-b346-e537cec2b364,뚱이네잡곡,잡곡,방신전통시장,전통시장,서울특별시,,,
a621e4d0bd0fe80e0c3c,full_annotation_v1,A,q_야채_07,농수산물,식료품 중 '야채'를 판매·제공하는 매장,val,야채,T3 개념확장,7517eaf3-1eb2-42d3-86e7-a22fc09521b8,가락유통,잡곡,마천중앙시장,전통시장,서울특별시,,,
7249ac98f96281a38fe5,full_annotation_v1,A,q_야채_07,농수산물,식료품 중 '야채'를 판매·제공하는 매장,val,야채,T3 개념확장,009f034c-8e3b-4a32-aab3-55ece8718004,장봐주는언니 임동점,농수축산물및 가공식품,제니스 골목형상점가,골목형상점가,광주광역시,,,
c7638ee5820b8d02ec71,full_annotation_v1,A,q_야채_07,농수산물,식료품 중 '야채'를 판매·제공하는 매장,val,야채,T3 개념확장,15578c36-25cb-47c6-b623-02d015391845,서가네쌈밥,쌈밥,면곡시장 골목형상점가,골목형상점가,서울특별시,,,
f159a7c9fd357c626a53,full_annotation_v1,A,q_야채_07,농수산물,식료품 중 '야채'를 판매·제공하는 매장,val,야채,T3 개념확장,00b6e321-5954-437c-b1d9-94fded29f67e,웰빙마트,식품,서남신시장,전통시장,대구광역시,,,
6bae990d5f63db8bdf43,full_annotation_v1,A,q_야채_07,농수산물,식료품 중 '야채'를 판매·제공하는 매장,val,야채,T3 개념확장,8393f428-21f1-417d-876d-c6ed58326cb6,다연농수산,농수산물,목포동부시장,전통시장,전라남도,,,
42212021e130cdae2edf,full_annotation_v1,A,q_야채_07,농수산물,식료품 중 '야채'를 판매·제공하는 매장,val,야채,T3 개념확장,7d8763e8-aeb5-402e-bbb9-a6332d285608,동이잡곡,잡곡,옥천공설시장,전통시장,충청북도,,,
66a1671cbd5b5a61246d,full_annotation_v1,A,q_야채_07,농수산물,식료품 중 '야채'를 판매·제공하는 매장,val,야채,T3 개념확장,016f8113-22a7-4ef1-a80f-0562dd2a06e9,동이식품,"식품, 농산물",중앙신시장,전통시장,경상북도,,,
2e8db4cfbcf7d915c665,full_annotation_v1,A,q_야채_07,농수산물,식료품 중 '야채'를 판매·제공하는 매장,val,야채,T3 개념확장,0042e83d-930b-4d1d-a96f-f1a2691256cd,성화상회,과일,대구능금시장,전통시장,대구광역시,,,
da3bd8f78b3ec04567cf,full_annotation_v1,A,q_야채_07,농수산물,식료품 중 '야채'를 판매·제공하는 매장,val,야채,T3 개념확장,54b8da66-ee23-4f70-ac3c-6a584c7223c9,옥류농산물류,잡곡,영해만세시장(구 영해시장),전통시장,경상북도,,,
6db8e3e9ed33c82a0cfa,full_annotation_v1,A,q_야채_07,농수산물,식료품 중 '야채'를 판매·제공하는 매장,val,야채,T3 개념확장,7eb6bbaf-e4b1-4d24-a17d-6dea8eb255e3,제주농수산,농수산물,동문재래시장,전통시장,제주특별자치도,,,
782c2163cb8badceef16,full_annotation_v1,A,q_야채_07,농수산물,식료품 중 '야채'를 판매·제공하는 매장,val,야채,T3 개념확장,000a244a-1e28-40b7-8d55-d5b1055f12d2,진해상회,채소,마산어시장,전통시장,경상남도,,,
62c77fa9ca2dc911bff4,full_annotation_v1,A,q_야채_07,농수산물,식료품 중 '야채'를 판매·제공하는 매장,val,야채,T3 개념확장,fdd4b55c-2bc0-4bba-955a-007d56f45ad7,시장쌀상회,잡곡,성정시장(구 성정5단지시장),전통시장,충청남도,,,
54042005c3f286ae090e,full_annotation_v1,A,q_야채_07,농수산물,식료품 중 '야채'를 판매·제공하는 매장,val,야채,T3 개념확장,814f62b8-b01f-4956-a333-7fb5eea84cfb,클러스터 두심,잡곡,하양꿈바우시장,전통시장,경상북도,,,
83966299d4c369fb64db,full_annotation_v1,A,q_야채_07,농수산물,식료품 중 '야채'를 판매·제공하는 매장,val,야채,T3 개념확장,cebdeef5-e5fe-45e5-9d78-9ef65033cc79,칠성상회,농수산물,부산새벽시장,전통시장,부산광역시,,,
990e658b7e2379ce9109,full_annotation_v1,A,q_야채_07,농수산물,식료품 중 '야채'를 판매·제공하는 매장,val,야채,T3 개념확장,8e7a957a-9687-4bcc-aa29-d7cfd46c8073,다올농수산,농수산물,제천중앙시장,전통시장,충청북도,,,
26bf5d71325c5dd57ea6,full_annotation_v1,A,q_야채_07,농수산물,식료품 중 '야채'를 판매·제공하는 매장,val,야채,T3 개념확장,27513be9-ddcf-4eb0-bc8f-a8da45e2f4ba,진주참기름,잡곡,동구시장,전통시장,대구광역시,,,
685cf3cab4b6287f98c3,full_annotation_v1,A,q_야채_07,농수산물,식료품 중 '야채'를 판매·제공하는 매장,val,야채,T3 개념확장,6a186b76-7529-453d-a3a0-dbeea3847251,진선농수산,농수산물,일우연동시장 골목형상점가,전통시장,제주특별자치도,,,
e54071550b8a8bb9d270,full_annotation_v1,A,q_야채_07,농수산물,식료품 중 '야채'를 판매·제공하는 매장,val,야채,T3 개념확장,0b8ef6dc-2f6b-4707-bd73-529122d9c97a,하단떡집,떡집,하단오일상설시장,전통시장,부산광역시,,,
e1cbf3612d1c1d16e8f6,full_annotation_v1,A,q_야채_07,농수산물,식료품 중 '야채'를 판매·제공하는 매장,val,야채,T3 개념확장,300e8d21-a9a9-4950-aa90-457d9e637c70,혜숙야채,농수산물,평택통복시장,전통시장,경기도,,,
2147ad81b372397debc9,full_annotation_v1,A,q_야채_07,농수산물,식료품 중 '야채'를 판매·제공하는 매장,val,야채,T3 개념확장,df37a908-b1f8-472d-a1a9-c584b8d69577,강복상회,잡곡,함양 지리산함양시장,전통시장,경상남도,,,
c2204068a660ab8c060f,full_annotation_v1,A,q_야채_07,농수산물,식료품 중 '야채'를 판매·제공하는 매장,val,야채,T3 개념확장,008d1ed4-a5d7-492e-9959-f8307a68cc5f,샐러드 정원,"샐러드, 샌드위치",미성동도깨비시장,골목형상점가,서울특별시,,,
d4273b404f2d7d6bda35,full_annotation_v1,A,q_야채_07,농수산물,식료품 중 '야채'를 판매·제공하는 매장,val,야채,T3 개념확장,2beebbe5-310e-4150-b0d4-40ecc4e59a3e,팔도잡곡,잡곡외,만수시장,전통시장,인천광역시,,,
eda472b98264220b506c,full_annotation_v1,A,q_야채_07,농수산물,식료품 중 '야채'를 판매·제공하는 매장,val,야채,T3 개념확장,61ee1910-e2bf-4639-a956-ce64e2d26ad3,경주상회,농수산물,거제 고현시장,전통시장,경상남도,,,
05d1174fafcb8131b57d,full_annotation_v1,A,q_야채_07,농수산물,식료품 중 '야채'를 판매·제공하는 매장,val,야채,T3 개념확장,791dc86a-acda-47d4-9b29-0e747b47c749,털보상회,농수산물,부전상가시장,전통시장,부산광역시,,,
4f0193f5ff996d6b4910,full_annotation_v1,A,q_야채_07,농수산물,식료품 중 '야채'를 판매·제공하는 매장,val,야채,T3 개념확장,43c03e36-c146-4944-bcd4-879bc435fad2,도온쌈,쌈밥,남이동길골목형상점가,골목형상점가,서울특별시,,,
329797a10f9a5272509b,full_annotation_v1,A,q_야채_07,농수산물,식료품 중 '야채'를 판매·제공하는 매장,val,야채,T3 개념확장,35273c96-1b37-4555-a878-2c18fb0b79d7,에녹 농수산물,"농수산물, 야채",망원시장,전통시장,서울특별시,,,
615128c07f31ecb5b816,full_annotation_v1,A,q_야채_07,농수산물,식료품 중 '야채'를 판매·제공하는 매장,val,야채,T3 개념확장,a249b3ab-31cf-4d46-b332-f4e3de2f9b21,복길생선,농수산물,장안마실골목형상점가,골목형상점가,서울특별시,,,
d94eec8a16d0cf296125,full_annotation_v1,A,q_야채_07,농수산물,식료품 중 '야채'를 판매·제공하는 매장,val,야채,T3 개념확장,da7cd469-03e5-40bc-abb4-7e366f4c3d3a,동화상회,잡곡,성환이화시장,전통시장,충청남도,,,
300c29f4b932a96157f2,full_annotation_v1,A,q_야채_07,농수산물,식료품 중 '야채'를 판매·제공하는 매장,val,야채,T3 개념확장,1e3f010f-e719-4d0b-ba3f-952d3b2b5cd2,하동쌀상회,잡곡,마산 산호시장,전통시장,경상남도,,,
6410228296a89d793fb7,full_annotation_v1,A,q_야채_07,농수산물,식료품 중 '야채'를 판매·제공하는 매장,val,야채,T3 개념확장,007fd232-3c16-44ff-be59-cf265f3775e9,동문상회,채소버섯,팔달신시장,전통시장,대구광역시,,,
d6c389f1c1957288566f,full_annotation_v1,A,q_야채_07,농수산물,식료품 중 '야채'를 판매·제공하는 매장,val,야채,T3 개념확장,f3b1888c-9fc1-4735-b89c-34e61e920c86,라윤이네 농수산물,농수산물,두암1동군왕로 골목형상점가,골목형상점가,광주광역시,,,
5a72a99b1f25cb202893,full_annotation_v1,A,q_야채_07,농수산물,식료품 중 '야채'를 판매·제공하는 매장,val,야채,T3 개념확장,73bf8ae6-b77b-4a19-a32d-ba0c99eb7053,광천농수산물,잡곡,남목전통시장,전통시장,울산광역시,,,
776ff2044d5799cfb732,full_annotation_v1,A,q_야채_07,농수산물,식료품 중 '야채'를 판매·제공하는 매장,val,야채,T3 개념확장,778c3294-73c3-4677-9af1-e05d28d88ef0,미래상회,잡곡,청량리청과물시장,전통시장,서울특별시,,,
74de4ff0e5bc5844573c,full_annotation_v1,A,q_야채_07,농수산물,식료품 중 '야채'를 판매·제공하는 매장,val,야채,T3 개념확장,64ed4779-e403-43a7-9b75-e042979a31b1,대명 농수산물,농수산물,춘천동부시장,전통시장,강원특별자치도,,,
fa5d91e68e83cee223ce,full_annotation_v1,A,q_야채_07,농수산물,식료품 중 '야채'를 판매·제공하는 매장,val,야채,T3 개념확장,77b74e30-169c-4399-8e57-a887ccabf4a3,믿음쌀상회,잡곡,서귀포향토오일시장,전통시장,제주특별자치도,,,
cf0bd6fec8c9ddb494a5,full_annotation_v1,A,q_야채_07,농수산물,식료품 중 '야채'를 판매·제공하는 매장,val,야채,T3 개념확장,00947369-dfd0-4074-b22e-c8b430a98a70,에스.에이.팜(S.A.farm),"표고버섯및농산물, 잡화, 통신판매",무주반딧불상권활성화구역,상권활성화구역,전북특별자치도,,,
eb46043cd0c7d106fc8c,full_annotation_v1,A,q_야채_07,농수산물,식료품 중 '야채'를 판매·제공하는 매장,val,야채,T3 개념확장,468474e4-0096-426f-941b-ceff991cca2b,우리농산물,농수산물,한일시장 골목형상점가,골목형상점가,전라남도,,,
b20dbd32c534178e9b68,full_annotation_v1,A,q_야채_07,농수산물,식료품 중 '야채'를 판매·제공하는 매장,val,야채,T3 개념확장,285d2f58-ff9f-4e26-a736-7d2ec28d49ec,중앙건어물,농수산물,세종전통시장,전통시장,세종특별자치시,,,
1229b8496522556e9b4f,full_annotation_v1,A,q_야채_07,농수산물,식료품 중 '야채'를 판매·제공하는 매장,val,야채,T3 개념확장,51a3475e-216d-4f37-ac5b-fec3115c7a2b,고흥상회,농수산물,학운 골목형상점가,골목형상점가,광주광역시,,,
5871e58a74b9c96c4a8d,full_annotation_v1,A,q_야채_07,농수산물,식료품 중 '야채'를 판매·제공하는 매장,val,야채,T3 개념확장,00298213-17ea-453a-b6e6-375d9ef636b6,대양농수산,농수산물,부평깡시장,전통시장,인천광역시,,,
d4577ec08600693663f0,full_annotation_v1,A,q_야채_07,농수산물,식료품 중 '야채'를 판매·제공하는 매장,val,야채,T3 개념확장,b9079d13-e78b-4e7d-aafc-5b06d830d846,진성농수산,농수산물,동문재래시장,전통시장,제주특별자치도,,,
dedca0038d7e88783c7f,full_annotation_v1,A,q_야채_07,농수산물,식료품 중 '야채'를 판매·제공하는 매장,val,야채,T3 개념확장,ddc896ef-e5e2-46db-8860-d492c032187b,진주상회,농수산물,부전농수산물새벽시장,전통시장,부산광역시,,,
e72bd3d417e96d888a52,full_annotation_v1,A,q_야채_07,농수산물,식료품 중 '야채'를 판매·제공하는 매장,val,야채,T3 개념확장,c587cea6-6591-4c8a-a86c-ed9dc4d9d5ca,울산상회,농수산물,영천공설시장,전통시장,경상북도,,,
1f1646c025bbef75606c,full_annotation_v1,A,q_야채_07,농수산물,식료품 중 '야채'를 판매·제공하는 매장,val,야채,T3 개념확장,bc63d22f-c86a-4b6c-9b15-801b010b2305,신매농수산,농수산물,신매시장,전통시장,대구광역시,,,
935f30b6941b60dff8e7,full_annotation_v1,A,q_야채_07,농수산물,식료품 중 '야채'를 판매·제공하는 매장,val,야채,T3 개념확장,e7a4708b-6128-4fb4-a225-517287c22314,원길유통,농수산물,목포동부시장,전통시장,전라남도,,,
d06555e528a65b4c3c23,full_annotation_v1,A,q_야채_07,농수산물,식료품 중 '야채'를 판매·제공하는 매장,val,야채,T3 개념확장,e12c7f2a-544e-481e-8490-e67c2aceb91b,담양야채,농수산물,담양시장,전통시장,전라남도,,,
667f5969e1d6aec36cd9,full_annotation_v1,A,q_야채_07,농수산물,식료품 중 '야채'를 판매·제공하는 매장,val,야채,T3 개념확장,01b69752-06bd-48b1-b5de-9d080c2033c1,새농,농수산물,마포농수산물시장,전통시장,서울특별시,,,
35cb923598f42f156ee7,full_annotation_v1,A,q_야채_07,농수산물,식료품 중 '야채'를 판매·제공하는 매장,val,야채,T3 개념확장,7e2385e4-4b4d-4969-9779-a21321f901bc,신토불이,잡곡,중동사랑시장,전통시장,경기도,,,
fe2ca6ebf9151b559212,full_annotation_v1,A,q_야채_07,농수산물,식료품 중 '야채'를 판매·제공하는 매장,val,야채,T3 개념확장,06f191fb-14b4-4d51-8efb-39d44343f1a7,유한회사 바르메이드,샐러드,상무시청상인회 골목형상점가,골목형상점가,광주광역시,,,
f52000a803dd8941e890,full_annotation_v1,A,q_야채_07,농수산물,식료품 중 '야채'를 판매·제공하는 매장,val,야채,T3 개념확장,cfb1ff51-9ba9-4a46-918f-88b0f40ac0f2,영농조합,잡곡,안양중앙시장,전통시장,경기도,,,
a7c665458a787c2a7708,full_annotation_v1,A,q_야채_07,농수산물,식료품 중 '야채'를 판매·제공하는 매장,val,야채,T3 개념확장,0045f871-6f40-4361-bcdd-2b94bf597287,무파장터,야채 청과물,신금정시장 골목형 상점가,골목형상점가,부산광역시,,,
ed9561c1645d559d6e6d,full_annotation_v1,A,q_야채_07,농수산물,식료품 중 '야채'를 판매·제공하는 매장,val,야채,T3 개념확장,b577cd27-b747-482d-b98b-9bbafaed9f1b,농수산물 막퍼주는집(경산시장),농수산물,경산중앙상점가,자율상권구역,경상북도,,,
5eadaa63ec7493ab6c9d,full_annotation_v1,A,q_야채_07,농수산물,식료품 중 '야채'를 판매·제공하는 매장,val,야채,T3 개념확장,e3c5daa7-e588-4cc4-8c31-c4c378e69519,성일상회,농수산물,논산화지중앙시장,전통시장,충청남도,,,
15b3021d294b9827db93,full_annotation_v1,A,q_야채_07,농수산물,식료품 중 '야채'를 판매·제공하는 매장,val,야채,T3 개념확장,bc42b42f-2672-4810-a6cc-9b0bf8b7b887,다온,농수산물,동문재래시장,전통시장,제주특별자치도,,,
a981bf10a02b6e2118b1,full_annotation_v1,A,q_야채_07,농수산물,식료품 중 '야채'를 판매·제공하는 매장,val,야채,T3 개념확장,cfd44b44-b7bf-4852-9808-2746a49f6688,인계잡곡,잡곡,수원못골종합시장,전통시장,경기도,,,
60bcd9413b5bb9fbf8bc,full_annotation_v1,A,q_야채_07,농수산물,식료품 중 '야채'를 판매·제공하는 매장,val,야채,T3 개념확장,152c04c9-2b83-4731-8105-e7004f9b5025,시장양곡,잡곡,원미종합시장,전통시장,경기도,,,
84193cfab5e67d8dfb37,full_annotation_v1,A,q_야채_07,농수산물,식료품 중 '야채'를 판매·제공하는 매장,val,야채,T3 개념확장,70d1a839-665a-4236-8b8d-23329a08524f,대박 농수산물,도소매(농수산물),원종종합시장,전통시장,경기도,,,
09d6de8a63c405b149d9,full_annotation_v1,A,q_야채_07,농수산물,식료품 중 '야채'를 판매·제공하는 매장,val,야채,T3 개념확장,4fe9fee9-a116-46a6-974c-8cf9d5f9c3db,갑을상회,잡곡,진주 논개시장,전통시장,경상남도,,,
425b6d552ef6cc3410fb,full_annotation_v1,A,q_야채_07,농수산물,식료품 중 '야채'를 판매·제공하는 매장,val,야채,T3 개념확장,17c27b5b-52eb-4cd5-8ac9-2439926a10d0,동남상회,잡곡,역전시장 상점가,자율상권구역,대전광역시,,,
821e274ea82647f4d7cd,full_annotation_v1,A,q_야채_07,농수산물,식료품 중 '야채'를 판매·제공하는 매장,val,야채,T3 개념확장,22aad1c7-66ca-4375-afea-1107611151c1,우신상회,잡곡,말바우시장,전통시장,광주광역시,,,
3cf7e5ba5abde56faf1d,full_annotation_v1,A,q_야채_07,농수산물,식료품 중 '야채'를 판매·제공하는 매장,val,야채,T3 개념확장,b52d8603-678e-4e3e-a0e8-5d6677a0c331,잡곡상회,잡곡,안강공설시장,전통시장,경상북도,,,
31acdd86caf737c32482,full_annotation_v1,A,q_야채_07,농수산물,식료품 중 '야채'를 판매·제공하는 매장,val,야채,T3 개념확장,a5251200-cec5-44d4-bbd9-7234e22bc7d5,칠성상회,농수산물,부전마켓타운 시장활성화구역,상권활성화구역,부산광역시,,,
12ac03f698cb5399c8d4,full_annotation_v1,A,q_야채_07,농수산물,식료품 중 '야채'를 판매·제공하는 매장,val,야채,T3 개념확장,fe3850a2-9a47-4258-b9d6-30d0a361ada4,중부상회,잡곡,쌍용1번가 골목형상점가,골목형상점가,충청남도,,,
38f896798df60c317b93,full_annotation_v1,A,q_야채_07,농수산물,식료품 중 '야채'를 판매·제공하는 매장,val,야채,T3 개념확장,01e96e25-dcb5-4957-bc59-05c27b1dae7a,샐러드밀,샐러드,오룡행복 골목형상점가,골목형상점가,전라남도,,,
d729982fc56f499a519d,full_annotation_v1,A,q_야채_07,농수산물,식료품 중 '야채'를 판매·제공하는 매장,val,야채,T3 개념확장,991a75d0-a853-44e8-be10-bc1979c188fb,모래실농원,잡곡,가은아자개시장,전통시장,경상북도,,,
21bc54c20017bac61650,full_annotation_v1,A,q_야채_07,농수산물,식료품 중 '야채'를 판매·제공하는 매장,val,야채,T3 개념확장,7a06d3f8-1467-4f86-b135-ce881e35d52f,은정농수산,농수산물,동문재래시장,전통시장,제주특별자치도,,,
e682ae911db3d5edd564,full_annotation_v1,A,q_야채_07,농수산물,식료품 중 '야채'를 판매·제공하는 매장,val,야채,T3 개념확장,b519ee8e-f44a-417f-ab58-eecc053119fb,김해쌀상회,잡곡,반송큰시장,전통시장,부산광역시,,,
201be4ca280ca4b6ed4b,full_annotation_v1,A,q_야채_07,농수산물,식료품 중 '야채'를 판매·제공하는 매장,val,야채,T3 개념확장,0512e89e-7ec0-46e8-9adc-a0aecf383153,숭뢰리상회,잡곡,강화풍물시장,전통시장,인천광역시,,,
a84fdd0c72f83f7c1c21,full_annotation_v1,A,q_야채_07,농수산물,식료품 중 '야채'를 판매·제공하는 매장,val,야채,T3 개념확장,01b4b567-78d4-4fa1-9bff-25fd01fb1a4c,소문난김치집,김치,중앙먹거리 상인회 골목형상점가,골목형상점가,전라남도,,,
1a7a87c0279b37b39b62,full_annotation_v1,A,q_야채_07,농수산물,식료품 중 '야채'를 판매·제공하는 매장,val,야채,T3 개념확장,6863876f-93b3-4e69-b984-350d14538227,영웅유통,농수산물,언양알프스시장,전통시장,울산광역시,,,
3bf09fc4954a7d48eaf2,full_annotation_v1,A,q_야채_07,농수산물,식료품 중 '야채'를 판매·제공하는 매장,val,야채,T3 개념확장,6160409c-69f8-413e-b682-c40350b22869,더드림농수산,농수산물,남광주시장,전통시장,,,,
b70fe9ab218e5e996384,full_annotation_v1,A,q_야채_07,농수산물,식료품 중 '야채'를 판매·제공하는 매장,val,야채,T3 개념확장,07b3faae-27e7-4bd1-8b0b-3a0986cbe813,농성상회,농수산물,봉선시장,전통시장,광주광역시,,,
fc94a3556ea355188118,full_annotation_v1,A,q_야채_07,농수산물,식료품 중 '야채'를 판매·제공하는 매장,val,야채,T3 개념확장,cb16a7b0-5258-4b71-9eb2-a9bce16c7416,황금잡곡,쌀 잡곡,부천상동시장,전통시장,경기도,,,
267076e70f7dabc8e81c,full_annotation_v1,A,q_야채_07,농수산물,식료품 중 '야채'를 판매·제공하는 매장,val,야채,T3 개념확장,4e047170-9862-4834-97f3-2805fe6dd041,우영상회,농수산물,창동골목시장,전통시장,서울특별시,,,
88d6e90706d59b53071c,full_annotation_v1,A,q_야채_07,농수산물,식료품 중 '야채'를 판매·제공하는 매장,val,야채,T3 개념확장,76ab1e62-3dda-4ffa-93c6-a8fb0f15832f,서울장식,커텐지물,"온양온천시장(온양재래시장, 전통시장)",전통시장,충청남도,,,
6a787e6343bab2c281ee,full_annotation_v1,A,q_야채_07,농수산물,식료품 중 '야채'를 판매·제공하는 매장,val,야채,T3 개념확장,3bed87ab-aaf4-411b-b2aa-a6d9c67595aa,풍년상회,잡곡,송강전통시장,전통시장,대전광역시,,,
2fefd948699734447477,full_annotation_v1,A,q_야채_07,농수산물,식료품 중 '야채'를 판매·제공하는 매장,val,야채,T3 개념확장,bb0e892a-5245-4ede-aa01-a3d1daac4b5e,동문농수산물,농수산물,동문공설시장,전통시장,제주특별자치도,,,
1d21a3c7cb090957ec00,full_annotation_v1,A,q_야채_07,농수산물,식료품 중 '야채'를 판매·제공하는 매장,val,야채,T3 개념확장,8ed4fb0d-7e59-4098-b5f0-df80426f03be,푸릇채움,농수산물,신남네거리상점가,자율상권구역,대구광역시,,,
77f03ee965c17c53cb47,full_annotation_v1,A,q_야채_07,농수산물,식료품 중 '야채'를 판매·제공하는 매장,val,야채,T3 개념확장,006204f3-b214-4611-a434-f896bf75e919,장터사랑,과일,농성세대공감상인회 골목형상점가,골목형상점가,광주광역시,,,
15c44812f752abc293bb,full_annotation_v1,A,q_야채_07,농수산물,식료품 중 '야채'를 판매·제공하는 매장,val,야채,T3 개념확장,006601da-192a-4275-90bf-aa320c79ea9f,바이럽,샐러드,현풍백년도깨비시장,전통시장,대구광역시,,,
d3f12a7d1ee08ede83c7,full_annotation_v1,A,q_야채_07,농수산물,식료품 중 '야채'를 판매·제공하는 매장,val,야채,T3 개념확장,009be3cd-7c52-41e4-91fc-c377ddfa78c0,언양시장야채,야채,언양알프스시장,전통시장,울산광역시,,,
bde87e6374cdc9902748,full_annotation_v1,A,q_야채_07,농수산물,식료품 중 '야채'를 판매·제공하는 매장,val,야채,T3 개념확장,00f0eee4-789e-4a7b-afc5-f1e7fc279b83,전국상회,야채,청량리종합시장,전통시장,서울특별시,,,
81f4d42391d24f2937f1,full_annotation_v1,A,q_야채_07,농수산물,식료품 중 '야채'를 판매·제공하는 매장,val,야채,T3 개념확장,e4cec041-e1ea-4369-a89a-0c928eda5359,주식회사 달려라제이앤와이,헬스,양산제로 골목형상점가,골목형상점가,광주광역시,,,
1eea946faa0fd8a0b116,full_annotation_v1,A,q_야채_07,농수산물,식료품 중 '야채'를 판매·제공하는 매장,val,야채,T3 개념확장,7a1f9347-8d1d-4007-97d8-4e2e86b65bd3,우도수산,농수산물,동문공설시장,전통시장,제주특별자치도,,,
b39e0e8e346b45a64b6b,full_annotation_v1,A,q_야채_07,농수산물,식료품 중 '야채'를 판매·제공하는 매장,val,야채,T3 개념확장,00891fcf-925f-4b76-bc26-179798787b48,정우상회,농산물,경동시장,전통시장,서울특별시,,,
8c30fbd4ba339026a799,full_annotation_v1,A,q_야채_07,농수산물,식료품 중 '야채'를 판매·제공하는 매장,val,야채,T3 개념확장,82649ead-b98d-4349-a620-0e814124caf7,삼척상회,농수산물,삼척중앙시장,전통시장,강원특별자치도,,,
ad104eb4e6d1864928d2,full_annotation_v1,A,q_야채_07,농수산물,식료품 중 '야채'를 판매·제공하는 매장,val,야채,T3 개념확장,4a064b4a-0ac0-4745-9505-30e379812c1f,도담푸드,농수산물,송하동 골목형상점가,골목형상점가,광주광역시,,,
318c61ccf2d94fe4bf5e,full_annotation_v1,A,q_야채_07,농수산물,식료품 중 '야채'를 판매·제공하는 매장,val,야채,T3 개념확장,0097b3e2-b5cf-4050-b719-c9d7738067c0,시흥상회,"소매(야채,과일)",광명전통시장,전통시장,경기도,,,
e4b58c8d9f02b72e1ec5,full_annotation_v1,A,q_야채_07,농수산물,식료품 중 '야채'를 판매·제공하는 매장,val,야채,T3 개념확장,e1bbbf79-4991-4140-88a1-e10f4dafb88d,사계절 농수산물,,쌍리단길상점가,자율상권구역,서울특별시,,,
563776131b91756910cc,full_annotation_v1,A,q_야채_07,농수산물,식료품 중 '야채'를 판매·제공하는 매장,val,야채,T3 개념확장,0a76a964-7fb5-4ea3-8968-c79fdb80523f,자연인,농수산물,안지랑곱창상가 골목형상점가,골목형상점가,대구광역시,,,
6bf79f5f996229c4bf5c,full_annotation_v1,A,q_야채_07,농수산물,식료품 중 '야채'를 판매·제공하는 매장,val,야채,T3 개념확장,142a672d-80c3-46bd-a89b-6ef297c6a272,중앙식품,농수산물,녹동전통시장,전통시장,전라남도,,,
fe05ca0256b034daa2a3,full_annotation_v1,A,q_야채_07,농수산물,식료품 중 '야채'를 판매·제공하는 매장,val,야채,T3 개념확장,59ebe6a7-faac-4fe7-a361-105701ffaa7d,모비포유,농수산물,원종중앙시장,전통시장,경기도,,,
f51a8f5440d647dfbdac,full_annotation_v1,A,q_야채_07,농수산물,식료품 중 '야채'를 판매·제공하는 매장,val,야채,T3 개념확장,e74cd0c1-b5c0-46a4-97a1-9ec34ee3a4e5,하얀쌀직판장,잡곡,원종중앙시장,전통시장,경기도,,,
d5fdc5b8e2bf485bebcb,full_annotation_v1,A,q_야채_07,농수산물,식료품 중 '야채'를 판매·제공하는 매장,val,야채,T3 개념확장,af000e3b-62b0-4583-a9d5-c908f3661fed,두메잡곡,잡곡,해운대시장,전통시장,부산광역시,,,
a65a62e4ab9f0e4cb013,full_annotation_v1,A,q_야채_07,농수산물,식료품 중 '야채'를 판매·제공하는 매장,val,야채,T3 개념확장,09e5fb7c-d0cc-4720-92df-5a5cece636c7,샐러리아 잠실본점,샐러드,방이시장,전통시장,서울특별시,,,
6d343574af5ddfbb8210,full_annotation_v1,A,q_야채_07,농수산물,식료품 중 '야채'를 판매·제공하는 매장,val,야채,T3 개념확장,840b45a9-b1b5-4f2d-8e6d-13aa044e8591,대경,잡곡,번개시장,전통시장,대구광역시,,,
3771c397a7e1d0960e99,full_annotation_v1,A,q_야채_07,농수산물,식료품 중 '야채'를 판매·제공하는 매장,val,야채,T3 개념확장,b1a52ff9-5e48-4478-b0e3-f6c4feaa06f5,만물상회,농수산물,고척근린시장,전통시장,서울특별시,,,
64ab6179515adcbacde5,full_annotation_v1,A,q_야채_07,농수산물,식료품 중 '야채'를 판매·제공하는 매장,val,야채,T3 개념확장,c1a94485-dab4-467b-831f-bc1a4c5dbe8f,형보농산,잡곡,한라종합시장,전통시장,경상북도,,,
8afab604553ea9bf3f00,full_annotation_v1,A,q_야채_07,농수산물,식료품 중 '야채'를 판매·제공하는 매장,val,야채,T3 개념확장,5854bf88-a6c7-4af1-af0c-a8601c707ed7,장봐주는언니,농수산물,신용동 골목형상점가,골목형상점가,광주광역시,,,
d3e406439f43823b456d,full_annotation_v1,A,q_야채_07,농수산물,식료품 중 '야채'를 판매·제공하는 매장,val,야채,T3 개념확장,00e92856-b294-4032-8540-d60e9817f2d8,럭키약국,"의약품, 건강기능식품, 식품",충무로골목형상점가,골목형상점가,서울특별시,,,
314c1a824d069887b6cc,full_annotation_v1,A,q_야채_07,농수산물,식료품 중 '야채'를 판매·제공하는 매장,val,야채,T3 개념확장,f5a628ee-a84f-4407-96fa-bc47e1efba4d,드림팜,농수산물,영등포청과시장,자율상권구역,서울특별시,,,
2efe36cd9db3639a699f,full_annotation_v1,A,q_야채_07,농수산물,식료품 중 '야채'를 판매·제공하는 매장,val,야채,T3 개념확장,c2e9a5e9-015f-4847-866d-7341b47eea33,곡식할매,잡곡,부전상가시장,전통시장,부산광역시,,,
aeed80bdee580571c515,full_annotation_v1,A,q_야채_07,농수산물,식료품 중 '야채'를 판매·제공하는 매장,val,야채,T3 개념확장,7456994e-7eec-48fc-a9b8-c9d371ad3dae,엄다약초,농수산물,함평천지전통시장(함평5일시장),전통시장,전라남도,,,
59fb38f694992af72f43,full_annotation_v1,A,q_야채_07,농수산물,식료품 중 '야채'를 판매·제공하는 매장,val,야채,T3 개념확장,a16d27e0-6192-436e-bdee-64e21526363e,서울상회,농수산물,녹동전통시장,전통시장,전라남도,,,
f63791725df5e430f750,full_annotation_v1,A,q_야채_07,농수산물,식료품 중 '야채'를 판매·제공하는 매장,val,야채,T3 개념확장,005313c8-dce8-49b6-9841-9143ebb1305a,동원떡집,,박달시장,전통시장,경기도,,,
58fcfb9d6cb6e2eb2cc2,full_annotation_v1,A,q_야채_07,농수산물,식료품 중 '야채'를 판매·제공하는 매장,val,야채,T3 개념확장,f372e3d3-b660-4b53-b713-313906cab075,고리울상회,잡곡,고리울동굴시장,전통시장,경기도,,,
169acdd4a9c5c7ecf889,full_annotation_v1,A,q_야채_07,농수산물,식료품 중 '야채'를 판매·제공하는 매장,val,야채,T3 개념확장,009a3629-5dbc-47c2-adea-b1f9bc2c083a,동해농수산,야채,방학동도깨비시장,전통시장,서울특별시,,,
ba9f13d04096c7c01d7f,full_annotation_v1,A,q_야채_07,농수산물,식료품 중 '야채'를 판매·제공하는 매장,val,야채,T3 개념확장,695206f7-4531-4660-87cd-609ab269e53a,영진쌀상회,농수산물,함양 지리산함양시장,전통시장,경상남도,,,
6a0f8d3e9fb881fe961c,full_annotation_v1,A,q_야채_07,농수산물,식료품 중 '야채'를 판매·제공하는 매장,val,야채,T3 개념확장,00333be0-b70d-4197-aa97-5a277d61e0da,㈜신진후르츠,과일,부전농수산물새벽시장,전통시장,부산광역시,,,
96c5bd61c570a691f20f,full_annotation_v1,A,q_야채_07,농수산물,식료품 중 '야채'를 판매·제공하는 매장,val,야채,T3 개념확장,00818eab-32ca-497e-ad5c-1c301a7ea4c9,13번상회,채소,마산 동마산시장,전통시장,경상남도,,,
a9a0326ca108c88c9569,full_annotation_v1,A,q_야채_07,농수산물,식료품 중 '야채'를 판매·제공하는 매장,val,야채,T3 개념확장,12bac5de-59a7-472a-946b-5e38694a5648,한옥촌,쌈밥,전농배봉산맛집거리골목형상점가,골목형상점가,서울특별시,,,
fceca92ef7b67f9db384,full_annotation_v1,A,q_야채_07,농수산물,식료품 중 '야채'를 판매·제공하는 매장,val,야채,T3 개념확장,76fd275c-5759-424d-8f67-5e08280efc96,간큰남자,농수산물,동대구신시장,전통시장,대구광역시,,,
60fc74ecc19e4f16a23e,full_annotation_v1,A,q_야채_07,농수산물,식료품 중 '야채'를 판매·제공하는 매장,val,야채,T3 개념확장,04c905ba-3172-4ea4-a6dd-4345d674dea0,덕순이네,제조업(떡집),장터길 골목형상점가,골목형상점가,경기도,,,
e544184a5ff836ed359d,full_annotation_v1,A,q_야채_07,농수산물,식료품 중 '야채'를 판매·제공하는 매장,val,야채,T3 개념확장,43f78c40-3985-4792-91e4-7f2e1b5856b2,자양식품,두부,자마장시장골목형상점가,골목형상점가,서울특별시,,,
5d6407257ff4d7064d1d,full_annotation_v1,A,q_야채_07,농수산물,식료품 중 '야채'를 판매·제공하는 매장,val,야채,T3 개념확장,db547762-b865-417c-ac31-623bc60d7a35,문희잡곡,잡곡 양곡,방신전통시장,전통시장,서울특별시,,,
82aaa841868d7d8c6a4b,full_annotation_v1,A,q_야채_07,농수산물,식료품 중 '야채'를 판매·제공하는 매장,val,야채,T3 개념확장,7e5c7578-df12-4983-b197-8f2cd211325d,오곡,농수산물,녹색거리상점가,자율상권구역,경기도,,,
b755f854b2adf4879461,full_annotation_v1,A,q_야채_07,농수산물,식료품 중 '야채'를 판매·제공하는 매장,val,야채,T3 개념확장,f59145f0-d79e-4229-b1b9-a8e510f4c94b,민영상회,잡곡,진흥종합시장,전통시장,인천광역시,,,
8ab900a476b721200462,full_annotation_v1,A,q_야채_07,농수산물,식료품 중 '야채'를 판매·제공하는 매장,val,야채,T3 개념확장,9bac1097-49a5-4587-97d7-697af86469b4,우리 농수산물,농수산물,상도전통시장,전통시장,서울특별시,,,
fce0c509f84ca5c636f4,full_annotation_v1,A,q_야채_07,농수산물,식료품 중 '야채'를 판매·제공하는 매장,val,야채,T3 개념확장,822282f6-0104-4979-9e7b-a2bb1b481b11,현대쌀상회,잡곡,남성사계시장,전통시장,서울특별시,,,
31448d4107eaec3ba075,full_annotation_v1,A,q_야채_07,농수산물,식료품 중 '야채'를 판매·제공하는 매장,val,야채,T3 개념확장,23c62566-6f0d-4c48-bce5-2ee119dab7f8,시민건어물,건어물,순천역전시장,전통시장,전라남도,,,
f7119264e7d278dfefa2,full_annotation_v1,A,q_야채_07,농수산물,식료품 중 '야채'를 판매·제공하는 매장,val,야채,T3 개념확장,08e9f11e-554c-4ebb-93f3-e0eebf8caec4,선영농산,농수산물,서동향토시장,전통시장,부산광역시,,,
6e3b61770078e7a4107b,full_annotation_v1,A,q_야채_07,농수산물,식료품 중 '야채'를 판매·제공하는 매장,val,야채,T3 개념확장,001cb3d4-5441-4963-b517-d5b3904ee312,현창떡집,떡집,목포동부시장,전통시장,전라남도,,,
6d157bbb5a37ade91b14,full_annotation_v1,A,q_야채_07,농수산물,식료품 중 '야채'를 판매·제공하는 매장,val,야채,T3 개념확장,8dcde075-d75a-4818-8d4f-7f9f8b52219b,제일유통,농수산물,서산동부전통시장,전통시장,충청남도,,,
991403bfd09cc967a38f,full_annotation_v1,A,q_야채_07,농수산물,식료품 중 '야채'를 판매·제공하는 매장,val,야채,T3 개념확장,95ba8d97-dd54-427d-82bd-73fce1ea1700,대윤물산무역,농수산물,부평깡시장,전통시장,인천광역시,,,
2e349db9ff839ffde941,full_annotation_v1,A,q_야채_07,농수산물,식료품 중 '야채'를 판매·제공하는 매장,val,야채,T3 개념확장,ee0e5608-5bc8-45d4-b5a8-73405f0e1ff6,잡곡미곡상회,잡곡,임실시장,전통시장,전북특별자치도,,,
f6d625a475f412b07fe8,full_annotation_v1,A,q_야채_07,농수산물,식료품 중 '야채'를 판매·제공하는 매장,val,야채,T3 개념확장,6edb52b4-9728-4719-9c4e-9beea3db75d5,낙원상회,잡곡 짤,송강전통시장,전통시장,대전광역시,,,
06f32daf0ea558678b29,full_annotation_v1,A,q_야채_07,농수산물,식료품 중 '야채'를 판매·제공하는 매장,val,야채,T3 개념확장,52e6b515-1906-456b-8d40-8ddace70508b,바다수산,농수산물,대인시장,전통시장,광주광역시,,,
39964205c1def4dae1fb,full_annotation_v1,A,q_야채_07,농수산물,식료품 중 '야채'를 판매·제공하는 매장,val,야채,T3 개념확장,00534c22-4465-442e-95db-66dd08f99320,삼원상회,채소,칠성시장,전통시장,대구광역시,,,
a9fc0bf4d073dbda8321,full_annotation_v1,A,q_야채_07,농수산물,식료품 중 '야채'를 판매·제공하는 매장,val,야채,T3 개념확장,b8fa788a-26d1-4ada-bb95-e2bf86c00b05,대성상회,농수산물,경동시장,전통시장,서울특별시,,,
4266c75fbdae6592c85a,full_annotation_v1,A,q_야채_07,농수산물,식료품 중 '야채'를 판매·제공하는 매장,val,야채,T3 개념확장,768f8794-38c9-4a19-bda1-ca52954e3e84,성림상회,농수산물,포항죽도농산물시장,전통시장,경상북도,,,
6c3cf58be03c082e982c,full_annotation_v1,A,q_야채_07,농수산물,식료품 중 '야채'를 판매·제공하는 매장,val,야채,T3 개념확장,743e0b59-458a-4fba-9465-72f6c0b2f032,성남식품,잡곡,신장전통시장,전통시장,경기도,,,
7684bd5fe5a70c346a42,full_annotation_v1,A,q_야채_07,농수산물,식료품 중 '야채'를 판매·제공하는 매장,val,야채,T3 개념확장,6d10c08e-4c90-4b31-82c2-3f452b526ae1,싸전,"쌀, 잡곡",오창전통시장,전통시장,충청북도,,,
c696b8ec056067385c17,full_annotation_v1,A,q_야채_07,농수산물,식료품 중 '야채'를 판매·제공하는 매장,val,야채,T3 개념확장,014fc673-2f3b-48cf-a134-d5aebb132435,동성상회,야채,동두천중앙시장,전통시장,경기도,,,
091c66339a167e4684a0,full_annotation_v1,A,q_야채_07,농수산물,식료품 중 '야채'를 판매·제공하는 매장,val,야채,T3 개념확장,bf936a62-5cc6-4abc-a3ab-e469efbb6baa,자연촌푸드,농수산물,대전상가,전통시장,대전광역시,,,
3628c6a6ee2cb4c539f1,full_annotation_v1,A,q_야채_07,농수산물,식료품 중 '야채'를 판매·제공하는 매장,val,야채,T3 개념확장,fe12b1b7-e556-4b73-8baf-7b7ba89898b9,함안상회,농수산물,대송시장,전통시장,울산광역시,,,
37441d06feef51e3e4aa,full_annotation_v1,A,q_야채_07,농수산물,식료품 중 '야채'를 판매·제공하는 매장,val,야채,T3 개념확장,79a4560d-af42-4694-bd9c-5cf5c5b6756f,미미회관,일반한식,오수상점가,자율상권구역,전북특별자치도,,,
29278c7604d2546eb90e,full_annotation_v1,A,q_야채_07,농수산물,식료품 중 '야채'를 판매·제공하는 매장,val,야채,T3 개념확장,090c70bf-1b60-4b0e-bf64-13d2cbd2fd55,보배상회,농수산물,부전시장,전통시장,부산광역시,,,
f06a66945c985eeda003,full_annotation_v1,A,q_야채_07,농수산물,식료품 중 '야채'를 판매·제공하는 매장,val,야채,T3 개념확장,6d562fb4-e8b0-4cbc-992b-eccb3a179142,옹진상회,농수산물,광탄전통시장,전통시장,경기도,,,
c0ce6b3017ec0a3834b0,full_annotation_v1,A,q_야채_07,농수산물,식료품 중 '야채'를 판매·제공하는 매장,val,야채,T3 개념확장,c3a9acef-3c85-4e7c-ac44-0fcaf446256c,안성양곡상회,잡곡,안계정기시장,전통시장,경상북도,,,
c82f21aad6b46d69780d,full_annotation_v1,A,q_야채_07,농수산물,식료품 중 '야채'를 판매·제공하는 매장,val,야채,T3 개념확장,fc300ce4-a160-46eb-b4f5-a3f6a18b16b9,프로포즈중방,농수산물,경산중앙상점가,자율상권구역,경상북도,,,
837b9593aafcf80d2441,full_annotation_v1,A,q_야채_07,농수산물,식료품 중 '야채'를 판매·제공하는 매장,val,야채,T3 개념확장,e6a7ff7c-7c91-4152-85ee-230b9918de75,경안 농수산물,소매(농수산물),경안전통시장,전통시장,경기도,,,
c5b0106b1e90a565b357,full_annotation_v1,A,q_야채_07,농수산물,식료품 중 '야채'를 판매·제공하는 매장,val,야채,T3 개념확장,57a1c327-c233-4d2f-9ac3-060ae21c1539,잡곡상회,잡곡,염매시장(의성중앙시장),전통시장,경상북도,,,
9ce1b50cb2a59c23f77d,full_annotation_v1,A,q_야채_07,농수산물,식료품 중 '야채'를 판매·제공하는 매장,val,야채,T3 개념확장,05530d0f-82ed-47a1-8015-32b6c30e3752,진수산삼다식품,"젓갈류, 김치, 수산물",동문재래시장,전통시장,제주특별자치도,,,
b2f48194866a3c1e7290,full_annotation_v1,A,q_야채_07,농수산물,식료품 중 '야채'를 판매·제공하는 매장,val,야채,T3 개념확장,80774150-fd1d-46a1-b2d5-cc567b1a8ede,무라 농수산,농수산물,포항 해도새록새로 골목형상점가,골목형상점가,경상북도,,,
12a52916d60b2a08fb20,full_annotation_v1,A,q_야채_07,농수산물,식료품 중 '야채'를 판매·제공하는 매장,val,야채,T3 개념확장,00344d24-5aaa-4dc7-ba51-3c041c147576,고향뜰영농조합법인,농산물,양산 북부시장,전통시장,경상남도,,,
fc93e7aaeaf07951f510,full_annotation_v1,A,q_야채_07,농수산물,식료품 중 '야채'를 판매·제공하는 매장,val,야채,T3 개념확장,b8c77cfd-e986-4b1b-99cc-c83fe3588197,태양유통,농수산물,세종전통시장,전통시장,세종특별자치시,,,
ca5027945156b9910490,full_annotation_v1,A,q_야채_07,농수산물,식료품 중 '야채'를 판매·제공하는 매장,val,야채,T3 개념확장,31f3559c-4896-401d-977c-bbc56ad879a1,두꺼비 숯불닭갈비,닭갈비,화도창현상점가,골목형상점가,경기도,,,
44955e2d466427b33f4f,full_annotation_v1,A,q_야채_07,농수산물,식료품 중 '야채'를 판매·제공하는 매장,val,야채,T3 개념확장,7abbce9e-2708-49dd-bd0d-0de0540f99eb,동양쌀상회,잡곡,진천중앙시장,전통시장,충청북도,,,
fd72d799d3d7b79a36a6,full_annotation_v1,A,q_야채_07,농수산물,식료품 중 '야채'를 판매·제공하는 매장,val,야채,T3 개념확장,9c6b11da-784d-4555-b578-33f6c430c3d1,민물센터,잡곡,충주무학시장,전통시장,충청북도,,,
0dace2d380ecf91989aa,full_annotation_v1,A,q_야채_07,농수산물,식료품 중 '야채'를 판매·제공하는 매장,val,야채,T3 개념확장,88471494-da54-49ac-804f-a51209678de8,경북쌀상회,잡곡,정이있는 구포시장,전통시장,부산광역시,,,
9cbbb8c893c4988f0ae9,full_annotation_v1,A,q_야채_07,농수산물,식료품 중 '야채'를 판매·제공하는 매장,val,야채,T3 개념확장,a0b61628-6276-4b59-bce5-c52c99e7e22f,북부쌀잡곡,"쌀, 잡곡",익산장(구 북부장),전통시장,전북특별자치도,,,
5ea42fba10485408011e,full_annotation_v1,A,q_야채_07,농수산물,식료품 중 '야채'를 판매·제공하는 매장,val,야채,T3 개념확장,972f02b2-bbfb-4310-8149-64f6dc62b041,늘푸른야채,농수산물,복대가경시장,전통시장,충청북도,,,
1c645b2c0f1af60f1bec,full_annotation_v1,A,q_야채_07,농수산물,식료품 중 '야채'를 판매·제공하는 매장,val,야채,T3 개념확장,642ae9f8-15c1-490d-97b3-2e8f4c780240,경신쌀상회,잡곡,면목골목시장,전통시장,서울특별시,,,
4ffdbe4d4838888ee5df,full_annotation_v1,A,q_야채_07,농수산물,식료품 중 '야채'를 판매·제공하는 매장,val,야채,T3 개념확장,014b06bd-3fa3-4cde-b459-e62ca64c33aa,조은식품,채소,하양꿈바우시장,전통시장,경상북도,,,
b26493fbadc5d98a0c73,full_annotation_v1,A,q_야채_07,농수산물,식료품 중 '야채'를 판매·제공하는 매장,val,야채,T3 개념확장,2c0830d1-e88a-4eab-9444-6dba3dc73325,달보드레,"커피, 기타음식",군산나운상가 골목형상점가,골목형상점가,전북특별자치도,,,
61f63c403452e3ef994a,full_annotation_v1,A,q_야채_07,농수산물,식료품 중 '야채'를 판매·제공하는 매장,val,야채,T3 개념확장,ce842a29-0ca4-4cf8-8e66-eee6e207cd7a,대양상회,잡곡,진주 논개시장,전통시장,경상남도,,,
ff14371b2156029677bb,full_annotation_v1,A,q_야채_07,농수산물,식료품 중 '야채'를 판매·제공하는 매장,val,야채,T3 개념확장,00c56499-bc90-4ed6-bb66-3802cc762889,의령상회,채소,부전상가시장,전통시장,부산광역시,,,
0bbdec6a37d85761a80f,full_annotation_v1,A,q_야채_07,농수산물,식료품 중 '야채'를 판매·제공하는 매장,val,야채,T3 개념확장,90150e10-e353-4314-8f33-912db44f4350,햇빛농수산물,농수산물,목포동부시장,전통시장,전라남도,,,
26c4794b8286b77f85bc,full_annotation_v1,A,q_야채_07,농수산물,식료품 중 '야채'를 판매·제공하는 매장,val,야채,T3 개념확장,2f6552ac-be15-40b1-abbb-74992c2c2a61,제일상사,포장자재,방산시장 상점가,자율상권구역,서울특별시,,,
5a11fc9e289c5cc3594e,full_annotation_v1,A,q_야채_07,농수산물,식료품 중 '야채'를 판매·제공하는 매장,val,야채,T3 개념확장,8425ee19-54e5-4d3f-a654-d73ec227fec7,연지농수산,농수산물,동문수산시장,전통시장,제주특별자치도,,,
f7a207690665f35c60f0,full_annotation_v1,A,q_야채_07,농수산물,식료품 중 '야채'를 판매·제공하는 매장,val,야채,T3 개념확장,0622e5e4-d762-4378-aeb6-eb6148f9dec6,개도리김치,"김치, 채소, 건어물",나주목사고을시장,전통시장,,,,
57682a739f020cc39671,full_annotation_v1,A,q_야채_07,농수산물,식료품 중 '야채'를 판매·제공하는 매장,val,야채,T3 개념확장,32c1ce25-77a0-43ea-a6f3-e4f90a1f410a,강화미곡,잡곡,김포5일장,기타,경기도,,,
c5361f4c1e7ec1c49389,full_annotation_v1,A,q_야채_07,농수산물,식료품 중 '야채'를 판매·제공하는 매장,val,야채,T3 개념확장,e01e3f50-e3a5-4822-8408-e8eee6bb826c,합천상회,잡곡,정이있는 구포시장,전통시장,부산광역시,,,
7e212bb0af7e946b09ce,full_annotation_v1,A,q_야채_07,농수산물,식료품 중 '야채'를 판매·제공하는 매장,val,야채,T3 개념확장,5fc59877-9c3a-420c-b55a-1405c5191eed,현농산물,농수산물,황지자유시장,전통시장,강원특별자치도,,,
a6492dc161c02a779b27,full_annotation_v1,A,q_야채_07,농수산물,식료품 중 '야채'를 판매·제공하는 매장,val,야채,T3 개념확장,5d2f30fe-c3a2-4ddf-ae9b-7a17509c38f8,미래잡곡상회,잡곡,순창시장,전통시장,전북특별자치도,,,
36a20cbd662db0022f87,full_annotation_v1,A,q_야채_07,농수산물,식료품 중 '야채'를 판매·제공하는 매장,val,야채,T3 개념확장,bc7bcaa3-db17-4ed2-b89f-f1f16369a018,우리농산,농수산물,팔달신시장,전통시장,대구광역시,,,
abac435c74273fda276c,full_annotation_v1,A,q_야채_07,농수산물,식료품 중 '야채'를 판매·제공하는 매장,val,야채,T3 개념확장,9de425a7-4711-46dd-bdd5-762daac8869a,오성상회,농수산물,마산 신마산시장,전통시장,경상남도,,,
992d4deab65448c3b305,full_annotation_v1,A,q_야채_07,농수산물,식료품 중 '야채'를 판매·제공하는 매장,val,야채,T3 개념확장,1daa6aa5-e8f1-4246-b729-b4cbf9dd01f6,농수산물,농산물,창신골목시장,자율상권구역,서울특별시,,,
480884dd7f7a1f61bc25,full_annotation_v1,A,q_야채_07,농수산물,식료품 중 '야채'를 판매·제공하는 매장,val,야채,T3 개념확장,6a5a2a31-d7b8-4d2e-9ff8-2ed9071672aa,삼시세끼,잡곡,해남매일시장,전통시장,전라남도,,,
a8b20223b6fde8719bba,full_annotation_v1,A,q_야채_07,농수산물,식료품 중 '야채'를 판매·제공하는 매장,val,야채,T3 개념확장,7f127865-79a0-4f56-838d-358d7c6beb04,알곡농산,잡곡,영선신시장,전통시장,대구광역시,,,
035c2bac7bc1f94bf8ef,full_annotation_v1,A,q_야채_07,농수산물,식료품 중 '야채'를 판매·제공하는 매장,val,야채,T3 개념확장,970afb51-8435-4a55-9e2b-0704d9896f56,오색잡곡,잡곡,오산오색시장(구 오산중앙시장),전통시장,경기도,,,
e580370166b1b52ed881,full_annotation_v1,A,q_야채_07,농수산물,식료품 중 '야채'를 판매·제공하는 매장,val,야채,T3 개념확장,000527f2-442a-4dd1-9bfc-8a8cd9fd5410,(유)뉴현대상회,농산물,가락몰골목형상점가,골목형상점가,서울특별시,,,
d8bf133001c3892a04db,full_annotation_v1,A,q_야채_07,농수산물,식료품 중 '야채'를 판매·제공하는 매장,val,야채,T3 개념확장,4b726d4a-b738-48cf-8dac-64211d9a0651,일조유통,슈퍼마켓,묵동도깨비시장골목형상점가,골목형상점가,서울특별시,,,
c595107974b6fcc36b6d,full_annotation_v1,A,q_야채_07,농수산물,식료품 중 '야채'를 판매·제공하는 매장,val,야채,T3 개념확장,69521c37-bfda-429d-871b-a923a2655e55,양곡농협쌀직판장,잡곡,부천강남시장,전통시장,경기도,,,
0ee52b79a8f9b8d85bde,full_annotation_v1,A,q_야채_07,농수산물,식료품 중 '야채'를 판매·제공하는 매장,val,야채,T3 개념확장,01f160fc-531c-4191-aa22-453462e0f38a,천년,김치,오정동상점가,자율상권구역,대전광역시,,,
b2ea7e92f1ac97010819,full_annotation_v1,A,q_야채_07,농수산물,식료품 중 '야채'를 판매·제공하는 매장,val,야채,T3 개념확장,1a7078da-23a6-4333-9344-d6989c07f68f,한라농수산,농수산물,동문재래시장,전통시장,제주특별자치도,,,
4f7353230fb19f60fefa,full_annotation_v1,A,q_야채_07,농수산물,식료품 중 '야채'를 판매·제공하는 매장,val,야채,T3 개념확장,52e6d41a-c1ac-49b5-86ba-2dc1741348fa,고령상회,청과,대구능금시장,전통시장,대구광역시,,,
335886c800e3c34d9ba5,full_annotation_v1,A,q_야채_07,농수산물,식료품 중 '야채'를 판매·제공하는 매장,val,야채,T3 개념확장,84e5bd83-dcc2-43a1-88f5-7f80ab0c7e48,해인상회,식자재(생선),신중앙시장,전통시장,서울특별시,,,
d820685bf3f5e1c07c38,full_annotation_v1,A,q_야채_07,농수산물,식료품 중 '야채'를 판매·제공하는 매장,val,야채,T3 개념확장,014072fb-b412-4fb3-a663-31dbf80e44a6,매일상회,"야채, 과일",고산미소시장(고산시장),전통시장,전북특별자치도,,,
15ed0838c2da85a64b76,full_annotation_v1,A,q_야채_07,농수산물,식료품 중 '야채'를 판매·제공하는 매장,val,야채,T3 개념확장,008b2657-018e-4d46-b0b0-a173aee3f37a,대원상회,농산물,대구능금시장,전통시장,대구광역시,,,
53b83d607308d98d8d5e,full_annotation_v1,A,q_야채_07,농수산물,식료품 중 '야채'를 판매·제공하는 매장,val,야채,T3 개념확장,9c5603c4-516b-4cee-afec-48f57186634e,이월,농수산물,남부시장,전통시장,대구광역시,,,
c47385fb2b71cb001531,full_annotation_v1,A,q_야채_07,농수산물,식료품 중 '야채'를 판매·제공하는 매장,val,야채,T3 개념확장,84bf78c7-5ddc-49c3-8d94-657851e14591,푸라닭 가평현리점,치킨,조종시장,전통시장,경기도,,,
5f79d03b465842e57756,full_annotation_v1,A,q_야채_07,농수산물,식료품 중 '야채'를 판매·제공하는 매장,val,야채,T3 개념확장,9355cef1-4494-4b96-8635-049c0e221772,경북상회,잡곡,우정전통시장,전통시장,울산광역시,,,
82d4699b657d5afe104e,full_annotation_v1,A,q_야채_07,농수산물,식료품 중 '야채'를 판매·제공하는 매장,val,야채,T3 개념확장,bed24be4-2c86-4d1d-9373-2e3e43651871,꼬꼬통닭식당,,관문상가시장,전통시장,대구광역시,,,
5e32ed2edaa9069a5127,full_annotation_v1,A,q_야채_07,농수산물,식료품 중 '야채'를 판매·제공하는 매장,val,야채,T3 개념확장,b0d74b69-b88c-4d75-bd60-4b6ec9aae5a8,육일,농수산물,동문재래시장,전통시장,제주특별자치도,,,
4546f2deb31e10ec02ff,full_annotation_v1,A,q_야채_07,농수산물,식료품 중 '야채'를 판매·제공하는 매장,val,야채,T3 개념확장,5b73761f-6f61-4fe8-a44b-efa694721bf8,옥이네,잡곡,조공시장,전통시장,경기도,,,
14f7fbaddbca213944e0,full_annotation_v1,A,q_야채_07,농수산물,식료품 중 '야채'를 판매·제공하는 매장,val,야채,T3 개념확장,df590540-c515-4538-b389-b4c132152211,대박상회,농수산물,동쪽바다중앙시장(구 동해중앙시장),전통시장,강원특별자치도,,,
39627e41e08a89bc0ec6,full_annotation_v1,A,q_야채_07,농수산물,식료품 중 '야채'를 판매·제공하는 매장,val,야채,T3 개념확장,6c45d06b-e9fe-4369-9a74-8cf030975afc,유진식품,농수산물,장흥시장 골목형상점가,골목형상점가,전라남도,,,
8e3afe5a774971e16426,full_annotation_v1,A,q_야채_07,농수산물,식료품 중 '야채'를 판매·제공하는 매장,val,야채,T3 개념확장,986cd4e8-f986-4fe5-a06e-1bc268db0f4d,우리농산물,잡곡,남성역 골목시장,전통시장,서울특별시,,,
8d8d919226dc71d4eeee,full_annotation_v1,A,q_야채_07,농수산물,식료품 중 '야채'를 판매·제공하는 매장,val,야채,T3 개념확장,de102b7f-14b7-41c1-9720-b7db87e0587b,농수산물 도소매 경전청과,농수산물,은행시장,전통시장,경기도,,,
68d608804513665adcd7,full_annotation_v1,A,q_야채_07,농수산물,식료품 중 '야채'를 판매·제공하는 매장,val,야채,T3 개념확장,45fdb6e2-ecc8-493e-b851-80737ff3dd56,경남상회,잡곡,충무동 새벽시장,전통시장,부산광역시,,,
cadb93bc12a2d95370a9,full_annotation_v1,A,q_야채_07,농수산물,식료품 중 '야채'를 판매·제공하는 매장,val,야채,T3 개념확장,2478c9cc-39e1-4300-b9da-cfbde78cd498,순희네 잡곡,,성남중앙시장(중앙공설시장),전통시장,경기도,,,
c901001b69df471b4a44,full_annotation_v1,A,q_야채_07,농수산물,식료품 중 '야채'를 판매·제공하는 매장,val,야채,T3 개념확장,b4ea8e1c-5612-4960-ad54-50b54b3e0cbf,미곡상회,잡곡,남천 상점가,자율상권구역,경기도,,,
ac626a8db5c3bf151905,full_annotation_v1,A,q_야채_07,농수산물,식료품 중 '야채'를 판매·제공하는 매장,val,야채,T3 개념확장,c9530be7-1e0a-4a50-9ff5-0bbf9bcf4b77,닭쌈족쌈,농수산물,가좌시장,전통시장,인천광역시,,,
28a4735cac0b5c589114,full_annotation_v1,A,q_야채_07,농수산물,식료품 중 '야채'를 판매·제공하는 매장,val,야채,T3 개념확장,00b64830-f897-4643-a5fa-6d8950c2ef89,낭만상회,식품,문산자유시장,전통시장,경기도,,,
d7f91ce6ee87d421e3ea,full_annotation_v1,A,q_야채_07,농수산물,식료품 중 '야채'를 판매·제공하는 매장,val,야채,T3 개념확장,d09a1aed-4d09-4f5a-90e6-f0ad3719b507,부경종합수산,농수산물,봉덕신시장,전통시장,대구광역시,,,
cbed0916852ecf0341aa,full_annotation_v1,A,q_야채_07,농수산물,식료품 중 '야채'를 판매·제공하는 매장,val,야채,T3 개념확장,ecd748b8-6ac5-4333-80c9-54327dea8041,영천상회(잡곡),,화서시장,전통시장,경기도,,,
b37d7bdcb51899f08083,full_annotation_v1,A,q_야채_07,농수산물,식료품 중 '야채'를 판매·제공하는 매장,val,야채,T3 개념확장,2e6542b8-edb9-43a1-b46c-31dc8e074b7b,우리농산물,농수산물,구성언남 골목형상점가,골목형상점가,경기도,,,
f2dd6e4b2107a98baa70,full_annotation_v1,A,q_야채_07,농수산물,식료품 중 '야채'를 판매·제공하는 매장,val,야채,T3 개념확장,f41c5f61-c729-4cbb-aee8-08484c76eaf2,장수농산물,잡곡,정자시장,전통시장,경기도,,,
f956dc98f2cc7364a32e,full_annotation_v1,A,q_야채_07,농수산물,식료품 중 '야채'를 판매·제공하는 매장,val,야채,T3 개념확장,8ccbc8fb-ca55-477b-be1a-afae79965837,도깨비농수산물,농수산물,관악신사시장,전통시장,서울특별시,,,
dbcdc67c7769d13cc07a,full_annotation_v1,A,q_야채_07,농수산물,식료품 중 '야채'를 판매·제공하는 매장,val,야채,T3 개념확장,d767550c-4c52-4b02-a933-ea6bfddaf236,수선화,잡곡,박달시장,전통시장,경기도,,,
afc1e1cac04689b4c25b,full_annotation_v1,A,q_야채_07,농수산물,식료품 중 '야채'를 판매·제공하는 매장,val,야채,T3 개념확장,c5d1d905-0519-44b1-b349-8c86bfda1e54,여흥수산,농수산물,고흥전통시장,전통시장,전라남도,,,
fc3e67a8f166906482c5,full_annotation_v1,A,q_야채_07,농수산물,식료품 중 '야채'를 판매·제공하는 매장,val,야채,T3 개념확장,a813c9c4-06d0-496c-992e-fa13b0540253,나행상회,농수산물,강화중앙시장(A·B동),전통시장,인천광역시,,,
1e914f277cc5bfa06d03,full_annotation_v1,A,q_야채_07,농수산물,식료품 중 '야채'를 판매·제공하는 매장,val,야채,T3 개념확장,06bf3714-4d1a-4eac-a83f-938387b7a25a,새충무곡물,잡곡,영천공설시장,전통시장,경상북도,,,
aa9c1eec5277c071765f,full_annotation_v1,A,q_야채_07,농수산물,식료품 중 '야채'를 판매·제공하는 매장,val,야채,T3 개념확장,008d4156-e489-4d1f-9205-b541972d35a8,과일왕,과일 잡화 야채 먹거리,연제동 골목형상점가,골목형상점가,광주광역시,,,
1dab60445af50dc38ee7,full_annotation_v1,A,q_야채_07,농수산물,식료품 중 '야채'를 판매·제공하는 매장,val,야채,T3 개념확장,41c0b247-5665-426a-9cf4-d9b58a809b44,성경농산,잡곡,모란전통기름시장,전통시장,경기도,,,
91d090495e355aff0cac,full_annotation_v1,A,q_야채_07,농수산물,식료품 중 '야채'를 판매·제공하는 매장,val,야채,T3 개념확장,e01a8eee-7c6b-4778-9006-0b9a1eb12dd8,제주탐나봉,농수산물,동문재래시장,전통시장,제주특별자치도,,,
a2e8481ad4786e54b3b9,full_annotation_v1,A,q_야채_07,농수산물,식료품 중 '야채'를 판매·제공하는 매장,val,야채,T3 개념확장,486d53c7-6c1c-4c74-9c0b-1653ad109686,시장양곡,잡곡,의성공설전통시장(의성읍정기시장),전통시장,경상북도,,,
78afb9dba513f4c86509,full_annotation_v1,A,q_야채_07,농수산물,식료품 중 '야채'를 판매·제공하는 매장,val,야채,T3 개념확장,23d4b7b3-fa67-4538-819d-ab93f87f1454,오셀마켓,농수산물,호계종합시장,전통시장,경기도,,,
29c7ab815c08cf826d88,full_annotation_v1,A,q_야채_07,농수산물,식료품 중 '야채'를 판매·제공하는 매장,val,야채,T3 개념확장,55df9565-bac7-4931-883f-1acb638485d3,대진농수산물,농수산물,여수교동시장,전통시장,전라남도,,,
7e8461701af791e757a8,full_annotation_v1,A,q_야채_07,농수산물,식료품 중 '야채'를 판매·제공하는 매장,val,야채,T3 개념확장,d004de46-a4be-4ec0-8a78-0ea3f799d145,민농산,잡곡,논공중앙시장,전통시장,대구광역시,,,
f4d42eca0f1ebcc8193e,full_annotation_v1,A,q_야채_07,농수산물,식료품 중 '야채'를 판매·제공하는 매장,val,야채,T3 개념확장,89d212cf-118d-482f-b0a2-a988beccb9ba,광명상회,농수산물,통영 서호전통시장,전통시장,경상남도,,,
d14844fdcd693187c069,full_annotation_v1,A,q_야채_07,농수산물,식료품 중 '야채'를 판매·제공하는 매장,val,야채,T3 개념확장,fdad35be-fe92-4198-a592-11d85d8a6c2b,소학농산,농수산물,반딧불이연무시장,전통시장,경기도,,,
bde5d449bcf03c8f890e,full_annotation_v1,A,q_야채_07,농수산물,식료품 중 '야채'를 판매·제공하는 매장,val,야채,T3 개념확장,51117262-ddfa-4bac-87c0-27cc67d81038,곤양상회,농수산물,진주 청과시장,전통시장,경상남도,,,
01488fb7189727eb769f,full_annotation_v1,A,q_야채_07,농수산물,식료품 중 '야채'를 판매·제공하는 매장,val,야채,T3 개념확장,a218ce0a-396e-4b9a-a427-7871c682083a,주렁주렁,농수산물,대림골목시장,전통시장,서울특별시,,,
768807c0677ba294f16c,full_annotation_v1,A,q_야채_07,농수산물,식료품 중 '야채'를 판매·제공하는 매장,val,야채,T3 개념확장,03a6e716-3825-40e3-ba06-e047ee5e5483,부일반찬,김치,초량전통시장,전통시장,부산광역시,,,
ad23fbe559f3b8283fe9,full_annotation_v1,A,q_야채_07,농수산물,식료품 중 '야채'를 판매·제공하는 매장,val,야채,T3 개념확장,d3c9bc0a-8c39-43dd-ad52-c38638d62940,신방주잡곡,"쌀, 잡곡",서서울골목형상점가,골목형상점가,서울특별시,,,
dfb1fc1f8de7be1e88b0,full_annotation_v1,A,q_야채_07,농수산물,식료품 중 '야채'를 판매·제공하는 매장,val,야채,T3 개념확장,0016aa1a-5730-45a0-b427-06b0f51fc005,든든한밥상,농수산물,화산면 골목형상점가,골목형상점가,전라남도,,,
f457ca0bd4d2312042d1,full_annotation_v1,A,q_야채_07,농수산물,식료품 중 '야채'를 판매·제공하는 매장,val,야채,T3 개념확장,00045dfc-0681-4fb3-8265-33b3df14c289,한라농산,과일,황지시장상점가,자율상권구역,강원특별자치도,,,
1a1bbdf6109c7b2f4e77,full_annotation_v1,A,q_야채_07,농수산물,식료품 중 '야채'를 판매·제공하는 매장,val,야채,T3 개념확장,79629d34-bb97-4392-aaa5-0afabf980fb1,잡곡천국,잡곡,자양15번가골목형상점가,골목형상점가,서울특별시,,,
c9f940bb158da21c6ccb,full_annotation_v1,A,q_야채_07,농수산물,식료품 중 '야채'를 판매·제공하는 매장,val,야채,T3 개념확장,c7fbea62-c3ab-4472-a90f-3c14e02cdb1e,딸기나무,농수산물,원당 중앙로 골목형상점가,골목형상점가,인천광역시,,,
79e3a6b25a6439987b4f,full_annotation_v1,A,q_야채_07,농수산물,식료품 중 '야채'를 판매·제공하는 매장,val,야채,T3 개념확장,00468e6b-39c6-4ce1-a534-a6b1eecac01d,태양농산물,과일,정릉서경대길골목형상점가(정릉골),골목형상점가,서울특별시,,,
05c26c1e13f11b58aa33,full_annotation_v1,A,q_야채_07,농수산물,식료품 중 '야채'를 판매·제공하는 매장,val,야채,T3 개념확장,be878d0a-7893-4801-bfcb-9a26c4c40d5c,주연테크 산본역점,소매업(컴퓨터및주변기기),산본로데오거리(구 산본중심상가),자율상권구역,경기도,,,
7f7e94fd21fed32bcf15,full_annotation_v1,A,q_야채_07,농수산물,식료품 중 '야채'를 판매·제공하는 매장,val,야채,T3 개념확장,33e72e68-983f-49d9-8711-fc6ba556a754,정민쌀상회,잡곡,함양 지리산함양시장,전통시장,경상남도,,,
60885574bd33785abf8d,full_annotation_v1,A,q_야채_07,농수산물,식료품 중 '야채'를 판매·제공하는 매장,val,야채,T3 개념확장,02849a5e-46b6-4e1c-94dd-3f54d49b4820,산지농수산,농수산물,동문공설시장,전통시장,제주특별자치도,,,
55e3511d433d022a3e0e,full_annotation_v1,A,q_야채_07,농수산물,식료품 중 '야채'를 판매·제공하는 매장,val,야채,T3 개념확장,f35548cc-ee1c-4d7f-a735-cccc40c334c8,충남상회,잡곡,원종종합시장,전통시장,경기도,,,
e227b7246f99beed015f,full_annotation_v1,A,q_야채_08,잡곡,식료품 중 '야채'를 판매·제공하는 매장,val,야채,T3 개념확장,00468e6b-39c6-4ce1-a534-a6b1eecac01d,태양농산물,과일,정릉서경대길골목형상점가(정릉골),골목형상점가,서울특별시,,,
626b23b083f4cbd3c146,full_annotation_v1,A,q_야채_08,잡곡,식료품 중 '야채'를 판매·제공하는 매장,val,야채,T3 개념확장,00b64830-f897-4643-a5fa-6d8950c2ef89,낭만상회,식품,문산자유시장,전통시장,경기도,,,
b3650d2c0fa0d688c4bc,full_annotation_v1,A,q_야채_08,잡곡,식료품 중 '야채'를 판매·제공하는 매장,val,야채,T3 개념확장,0533a201-3b07-4029-8158-c4d2ad17c7bf,텃밭쌈밥,쌈밥,역전시장,전통시장,충청남도,,,
db25865b71424a621514,full_annotation_v1,A,q_야채_08,잡곡,식료품 중 '야채'를 판매·제공하는 매장,val,야채,T3 개념확장,00045dfc-0681-4fb3-8265-33b3df14c289,한라농산,과일,황지시장상점가,자율상권구역,강원특별자치도,,,
65e6cc88b46ebfd481e8,full_annotation_v1,A,q_야채_08,잡곡,식료품 중 '야채'를 판매·제공하는 매장,val,야채,T3 개념확장,d19b3de6-4ddc-444e-9f05-82025eb1d7d6,옥석야채,야채,만수시장,전통시장,인천광역시,,,
ea8e4bdc3fc76368b6e0,full_annotation_v1,A,q_야채_08,잡곡,식료품 중 '야채'를 판매·제공하는 매장,val,야채,T3 개념확장,071d3ace-24d2-42d2-a5a9-f1d73780d210,으뜸50안경대전둔산점,,둔산2동 골목형상점가,골목형상점가,대전광역시,,,
0701920ceed8e3dcab0c,full_annotation_v1,A,q_야채_08,잡곡,식료품 중 '야채'를 판매·제공하는 매장,val,야채,T3 개념확장,163fad72-4b20-402c-beee-d6813b64210a,광현야채,야채,서동시장(창인시장),전통시장,전북특별자치도,,,
64aabad8d3aca28517ce,full_annotation_v1,A,q_야채_08,잡곡,식료품 중 '야채'를 판매·제공하는 매장,val,야채,T3 개념확장,da7cd469-03e5-40bc-abb4-7e366f4c3d3a,동화상회,잡곡,성환이화시장,전통시장,충청남도,,,
aa2da522dc20a839b4e5,full_annotation_v1,A,q_야채_08,잡곡,식료품 중 '야채'를 판매·제공하는 매장,val,야채,T3 개념확장,008d4156-e489-4d1f-9205-b541972d35a8,과일왕,과일 잡화 야채 먹거리,연제동 골목형상점가,골목형상점가,광주광역시,,,
2e1712726e5a04efef1f,full_annotation_v1,A,q_야채_08,잡곡,식료품 중 '야채'를 판매·제공하는 매장,val,야채,T3 개념확장,a2db608a-080c-4af6-b0ab-ac197595f3f8,보길야채,야채,방학동도깨비시장,전통시장,서울특별시,,,
c0192a1e8b7945891ff3,full_annotation_v1,A,q_야채_08,잡곡,식료품 중 '야채'를 판매·제공하는 매장,val,야채,T3 개념확장,ef53df8b-3b24-4bfe-9c68-b47017907814,아산상회,잡곡,북부중앙 골목형상점가,골목형상점가,경기도,,,
88129cf7800384a9fc00,full_annotation_v1,A,q_야채_08,잡곡,식료품 중 '야채'를 판매·제공하는 매장,val,야채,T3 개념확장,000527f2-442a-4dd1-9bfc-8a8cd9fd5410,(유)뉴현대상회,농산물,가락몰골목형상점가,골목형상점가,서울특별시,,,
9c04d72d25f5c8548012,full_annotation_v1,A,q_야채_08,잡곡,식료품 중 '야채'를 판매·제공하는 매장,val,야채,T3 개념확장,009a3629-5dbc-47c2-adea-b1f9bc2c083a,동해농수산,야채,방학동도깨비시장,전통시장,서울특별시,,,
df752865f4718818ca9b,full_annotation_v1,A,q_야채_08,잡곡,식료품 중 '야채'를 판매·제공하는 매장,val,야채,T3 개념확장,00f0eee4-789e-4a7b-afc5-f1e7fc279b83,전국상회,야채,청량리종합시장,전통시장,서울특별시,,,
f78629d61771258711f0,full_annotation_v1,A,q_야채_08,잡곡,식료품 중 '야채'를 판매·제공하는 매장,val,야채,T3 개념확장,d9ce4406-658b-4627-9a88-ad8edf6f48f3,싱싱야채,야채,시흥삼미시장,전통시장,경기도,,,
b115625a9a1b71dedc7f,full_annotation_v1,A,q_야채_08,잡곡,식료품 중 '야채'를 판매·제공하는 매장,val,야채,T3 개념확장,03a6e716-3825-40e3-ba06-e047ee5e5483,부일반찬,김치,초량전통시장,전통시장,부산광역시,,,
227402bf4477694c2c46,full_annotation_v1,A,q_야채_08,잡곡,식료품 중 '야채'를 판매·제공하는 매장,val,야채,T3 개념확장,aa10fd53-d19e-4d85-846f-2cca404e6be0,미스터차이나,중식,풍암신암상인회 골목형상점가,골목형상점가,광주광역시,,,
2d48c7643819dcc283c6,full_annotation_v1,A,q_야채_08,잡곡,식료품 중 '야채'를 판매·제공하는 매장,val,야채,T3 개념확장,006204f3-b214-4611-a434-f896bf75e919,장터사랑,과일,농성세대공감상인회 골목형상점가,골목형상점가,광주광역시,,,
e44501461c4f55e5c3d6,full_annotation_v1,A,q_야채_08,잡곡,식료품 중 '야채'를 판매·제공하는 매장,val,야채,T3 개념확장,6edb52b4-9728-4719-9c4e-9beea3db75d5,낙원상회,잡곡 짤,송강전통시장,전통시장,대전광역시,,,
f2981023a096ed34b1c5,full_annotation_v1,A,q_야채_08,잡곡,식료품 중 '야채'를 판매·제공하는 매장,val,야채,T3 개념확장,30c729cc-f578-48a6-9b55-08219c4f38db,"석현과일,야채","과일, 야채",원주미로예술중앙시장(원주중앙시장),전통시장,강원특별자치도,,,
f1f3748cc5393a0da94d,full_annotation_v1,A,q_야채_08,잡곡,식료품 중 '야채'를 판매·제공하는 매장,val,야채,T3 개념확장,38d33dd0-da61-4784-bac4-f0d8ecbe6d79,야채천국,야채,길동복조리시장,전통시장,서울특별시,,,
ee0e2178c3eabcdf0bbd,full_annotation_v1,A,q_야채_08,잡곡,식료품 중 '야채'를 판매·제공하는 매장,val,야채,T3 개념확장,006601da-192a-4275-90bf-aa320c79ea9f,바이럽,샐러드,현풍백년도깨비시장,전통시장,대구광역시,,,
8c833b4ca449fc388955,full_annotation_v1,A,q_야채_08,잡곡,식료품 중 '야채'를 판매·제공하는 매장,val,야채,T3 개념확장,13214798-5739-45fa-a57a-8dea502fec1d,수연쌀상회,잡곡,경열로상인회 골목형상점가,골목형상점가,광주광역시,,,
1f821ec9320c90816923,full_annotation_v1,A,q_야채_08,잡곡,식료품 중 '야채'를 판매·제공하는 매장,val,야채,T3 개념확장,b15231c9-07aa-4d31-9c9e-611b56f7614b,대전야채,야채,신도꼼지락시장,전통시장,대전광역시,,,
9bfa8a57c98065cc36df,full_annotation_v1,A,q_야채_08,잡곡,식료품 중 '야채'를 판매·제공하는 매장,val,야채,T3 개념확장,a0b61628-6276-4b59-bce5-c52c99e7e22f,북부쌀잡곡,"쌀, 잡곡",익산장(구 북부장),전통시장,전북특별자치도,,,
9459f38482d6ba515684,full_annotation_v1,A,q_야채_08,잡곡,식료품 중 '야채'를 판매·제공하는 매장,val,야채,T3 개념확장,d767550c-4c52-4b02-a933-ea6bfddaf236,수선화,잡곡,박달시장,전통시장,경기도,,,
3ad56a9bc4a27ccf99f8,full_annotation_v1,A,q_야채_08,잡곡,식료품 중 '야채'를 판매·제공하는 매장,val,야채,T3 개념확장,1e3f010f-e719-4d0b-ba3f-952d3b2b5cd2,하동쌀상회,잡곡,마산 산호시장,전통시장,경상남도,,,
596c8bf56989b53e4b5c,full_annotation_v1,A,q_야채_08,잡곡,식료품 중 '야채'를 판매·제공하는 매장,val,야채,T3 개념확장,dee139c8-1438-4fce-a3fc-07929e3c97ee,싱싱야채,야채,오산오색시장(구 오산중앙시장),전통시장,경기도,,,
36d65a2982a749e076fd,full_annotation_v1,A,q_야채_08,잡곡,식료품 중 '야채'를 판매·제공하는 매장,val,야채,T3 개념확장,bb60d6a9-e791-4e7c-b28f-199cca54a383,블루아프리카(몽땅안경),,병점중심상가,자율상권구역,경기도,,,
b59eec460c2a66512729,full_annotation_v1,A,q_야채_08,잡곡,식료품 중 '야채'를 판매·제공하는 매장,val,야채,T3 개념확장,04c905ba-3172-4ea4-a6dd-4345d674dea0,덕순이네,제조업(떡집),장터길 골목형상점가,골목형상점가,경기도,,,
d8b72664487448f62ede,full_annotation_v1,A,q_야채_08,잡곡,식료품 중 '야채'를 판매·제공하는 매장,val,야채,T3 개념확장,abf7f4e2-8174-48ee-b932-ed986e900b4d,안성야채,야채,삼익2차쇼핑 골목형상점가,골목형상점가,서울특별시,,,
219c740c15ce3c12bcb8,full_annotation_v1,A,q_야채_08,잡곡,식료품 중 '야채'를 판매·제공하는 매장,val,야채,T3 개념확장,4fe9fee9-a116-46a6-974c-8cf9d5f9c3db,갑을상회,잡곡,진주 논개시장,전통시장,경상남도,,,
c7d8d74dc1470bcf9da0,full_annotation_v1,A,q_야채_08,잡곡,식료품 중 '야채'를 판매·제공하는 매장,val,야채,T3 개념확장,a25b522a-58a4-41e3-96db-5666e39f4486,풍년야채,야채,수정로 상권활성화구역,상권활성화구역,경기도,,,
fc43c809163e20e8853c,full_annotation_v1,A,q_야채_08,잡곡,식료품 중 '야채'를 판매·제공하는 매장,val,야채,T3 개념확장,e94f5f02-ffaf-47ef-8545-3475b1036d35,싱싱야채,야채,계양산전통시장,전통시장,인천광역시,,,
cb9264252f57d5d7c703,full_annotation_v1,A,q_야채_08,잡곡,식료품 중 '야채'를 판매·제공하는 매장,val,야채,T3 개념확장,ee0e5608-5bc8-45d4-b5a8-73405f0e1ff6,잡곡미곡상회,잡곡,임실시장,전통시장,전북특별자치도,,,
b31aaae4d42d26dd67fb,full_annotation_v1,A,q_야채_08,잡곡,식료품 중 '야채'를 판매·제공하는 매장,val,야채,T3 개념확장,014fc673-2f3b-48cf-a134-d5aebb132435,동성상회,야채,동두천중앙시장,전통시장,경기도,,,
525a27ed34712c9f3aca,full_annotation_v1,A,q_야채_08,잡곡,식료품 중 '야채'를 판매·제공하는 매장,val,야채,T3 개념확장,5d2f30fe-c3a2-4ddf-ae9b-7a17509c38f8,미래잡곡상회,잡곡,순창시장,전통시장,전북특별자치도,,,
682cfffb514e0d735aba,full_annotation_v1,A,q_야채_08,잡곡,식료품 중 '야채'를 판매·제공하는 매장,val,야채,T3 개념확장,008d1ed4-a5d7-492e-9959-f8307a68cc5f,샐러드 정원,"샐러드, 샌드위치",미성동도깨비시장,골목형상점가,서울특별시,,,
8df70cd967a635b227da,full_annotation_v1,A,q_야채_08,잡곡,식료품 중 '야채'를 판매·제공하는 매장,val,야채,T3 개념확장,c3a9acef-3c85-4e7c-ac44-0fcaf446256c,안성양곡상회,잡곡,안계정기시장,전통시장,경상북도,,,
1fb50e43a9d0f69bf685,full_annotation_v1,A,q_야채_08,잡곡,식료품 중 '야채'를 판매·제공하는 매장,val,야채,T3 개념확장,c0fb41c3-5a59-49db-8a12-de301c4d7fe4,청정식품,야채,임실시장,전통시장,전북특별자치도,,,
1542dc7d0734f6942c95,full_annotation_v1,A,q_야채_08,잡곡,식료품 중 '야채'를 판매·제공하는 매장,val,야채,T3 개념확장,5b73761f-6f61-4fe8-a44b-efa694721bf8,옥이네,잡곡,조공시장,전통시장,경기도,,,
493fce62fff9b0c923b3,full_annotation_v1,A,q_야채_08,잡곡,식료품 중 '야채'를 판매·제공하는 매장,val,야채,T3 개념확장,511a3791-bc82-4544-9ffc-f7620be133d6,서원상회,야채,안양남부시장,전통시장,경기도,,,
f7ae58f65aa7dd859d99,full_annotation_v1,A,q_야채_08,잡곡,식료품 중 '야채'를 판매·제공하는 매장,val,야채,T3 개념확장,ebcfbe39-0735-4a32-8b00-31ce940756ea,남매야채,야채,송화벽화시장,전통시장,서울특별시,,,
cea992893805c89b4e8a,full_annotation_v1,A,q_야채_08,잡곡,식료품 중 '야채'를 판매·제공하는 매장,val,야채,T3 개념확장,743e0b59-458a-4fba-9465-72f6c0b2f032,성남식품,잡곡,신장전통시장,전통시장,경기도,,,
e3814b8ca0249d7f3487,full_annotation_v1,A,q_야채_08,잡곡,식료품 중 '야채'를 판매·제공하는 매장,val,야채,T3 개념확장,9f974145-dc5c-490d-9438-2d402ed3909d,싱싱야채,야채,강북북부골목시장 골목형상점가,골목형상점가,서울특별시,,,
56ef4295836515834bca,full_annotation_v1,A,q_야채_08,잡곡,식료품 중 '야채'를 판매·제공하는 매장,val,야채,T3 개념확장,3a9a5b6c-7637-4271-90f5-993ce8312d59,알뜰야채,야채,창원 반송시장,전통시장,경상남도,,,
18962e1713f0823d2547,full_annotation_v1,A,q_야채_08,잡곡,식료품 중 '야채'를 판매·제공하는 매장,val,야채,T3 개념확장,2478c9cc-39e1-4300-b9da-cfbde78cd498,순희네 잡곡,,성남중앙시장(중앙공설시장),전통시장,경기도,,,
606b4f971715490fc5bf,full_annotation_v1,A,q_야채_08,잡곡,식료품 중 '야채'를 판매·제공하는 매장,val,야채,T3 개념확장,1cc31f70-4db9-4cac-bde3-d77a405f7d88,현욱상회,야채,부산새벽시장,전통시장,부산광역시,,,
63c59737ab13e0a776af,full_annotation_v1,A,q_야채_08,잡곡,식료품 중 '야채'를 판매·제공하는 매장,val,야채,T3 개념확장,ce842a29-0ca4-4cf8-8e66-eee6e207cd7a,대양상회,잡곡,진주 논개시장,전통시장,경상남도,,,
c1e4f56ae7b19aa76a87,full_annotation_v1,A,q_야채_08,잡곡,식료품 중 '야채'를 판매·제공하는 매장,val,야채,T3 개념확장,7f127865-79a0-4f56-838d-358d7c6beb04,알곡농산,잡곡,영선신시장,전통시장,대구광역시,,,
259a25e2edc7d2aa0600,full_annotation_v1,A,q_야채_08,잡곡,식료품 중 '야채'를 판매·제공하는 매장,val,야채,T3 개념확장,5d0f6b99-88aa-4f54-aef6-4cca81d1c163,싱싱야채,야채,포항죽도시장,전통시장,경상북도,,,
b09e25e012c852f56a49,full_annotation_v1,A,q_야채_08,잡곡,식료품 중 '야채'를 판매·제공하는 매장,val,야채,T3 개념확장,9ec64f37-ccdb-46e2-b52b-29b2b8501659,대규네 야채,도소매업(야채),동두천중앙시장,전통시장,경기도,,,
1689866d2e18f5f26f5e,full_annotation_v1,A,q_야채_08,잡곡,식료품 중 '야채'를 판매·제공하는 매장,val,야채,T3 개념확장,fd2a5cfb-f273-4717-a20e-73320d38f2e4,싱싱야채,야채,고성 공룡시장,전통시장,경상남도,,,
223164ea3274c28717f2,full_annotation_v1,A,q_야채_08,잡곡,식료품 중 '야채'를 판매·제공하는 매장,val,야채,T3 개념확장,43c03e36-c146-4944-bcd4-879bc435fad2,도온쌈,쌈밥,남이동길골목형상점가,골목형상점가,서울특별시,,,
dcf1f7eeffe35c2fba97,full_annotation_v1,A,q_야채_08,잡곡,식료품 중 '야채'를 판매·제공하는 매장,val,야채,T3 개념확장,0512e89e-7ec0-46e8-9adc-a0aecf383153,숭뢰리상회,잡곡,강화풍물시장,전통시장,인천광역시,,,
1867d9f9fb40f1e60c64,full_annotation_v1,A,q_야채_08,잡곡,식료품 중 '야채'를 판매·제공하는 매장,val,야채,T3 개념확장,09f5bb3f-dfa0-4037-b9d8-8355f7a5e900,명숙야채,야채,만수시장,전통시장,인천광역시,,,
218e541e831558bd749b,full_annotation_v1,A,q_야채_08,잡곡,식료품 중 '야채'를 판매·제공하는 매장,val,야채,T3 개념확장,e1a8626f-a222-4cea-a51b-20cf709828ad,부흥상회,야채,의정부청과야채시장,전통시장,경기도,,,
42e0a6efc767728e04ea,full_annotation_v1,A,q_야채_08,잡곡,식료품 중 '야채'를 판매·제공하는 매장,val,야채,T3 개념확장,15578c36-25cb-47c6-b623-02d015391845,서가네쌈밥,쌈밥,면곡시장 골목형상점가,골목형상점가,서울특별시,,,
fed593328a706c585919,full_annotation_v1,A,q_야채_08,잡곡,식료품 중 '야채'를 판매·제공하는 매장,val,야채,T3 개념확장,991a75d0-a853-44e8-be10-bc1979c188fb,모래실농원,잡곡,가은아자개시장,전통시장,경상북도,,,
5ad29e997cc5c961316c,full_annotation_v1,A,q_야채_08,잡곡,식료품 중 '야채'를 판매·제공하는 매장,val,야채,T3 개념확장,57fce58f-de42-4488-94fa-5511619da0ae,뚱보네 야채 청과물,야채,현대시장,전통시장,인천광역시,,,
e35d861258cc42e5672a,full_annotation_v1,A,q_야채_08,잡곡,식료품 중 '야채'를 판매·제공하는 매장,val,야채,T3 개념확장,6ffa9490-dfd2-42b7-81ee-b29ab21a8137,제일축산,정육,연수상가,전통시장,충청북도,,,
a128677209e1edab1484,full_annotation_v1,A,q_야채_08,잡곡,식료품 중 '야채'를 판매·제공하는 매장,val,야채,T3 개념확장,00891fcf-925f-4b76-bc26-179798787b48,정우상회,농산물,경동시장,전통시장,서울특별시,,,
84f4348282b36ea01d6f,full_annotation_v1,A,q_야채_08,잡곡,식료품 중 '야채'를 판매·제공하는 매장,val,야채,T3 개념확장,1ad4711d-8b4e-46c3-ba87-3754ea3b2ed8,도양상회,야채,안양남부시장,전통시장,경기도,,,
699c26407db2b09fc29f,full_annotation_v1,A,q_야채_08,잡곡,식료품 중 '야채'를 판매·제공하는 매장,val,야채,T3 개념확장,4153b473-b7ad-4814-b6f0-07ab68bed172,대박야채,야채,광명새마을시장,전통시장,경기도,,,
74688f1477831980d84c,full_annotation_v1,A,q_야채_08,잡곡,식료품 중 '야채'를 판매·제공하는 매장,val,야채,T3 개념확장,dfb5b879-9eee-40be-90ae-572eea01be53,풍국쌀,쌀 잡곡,신매시장,전통시장,대구광역시,,,
52a87a6d35f56cbfd749,full_annotation_v1,A,q_야채_08,잡곡,식료품 중 '야채'를 판매·제공하는 매장,val,야채,T3 개념확장,6a5a2a31-d7b8-4d2e-9ff8-2ed9071672aa,삼시세끼,잡곡,해남매일시장,전통시장,전라남도,,,
863258b6d3c3d6e6caf9,full_annotation_v1,A,q_야채_08,잡곡,식료품 중 '야채'를 판매·제공하는 매장,val,야채,T3 개념확장,f372e3d3-b660-4b53-b713-313906cab075,고리울상회,잡곡,고리울동굴시장,전통시장,경기도,,,
05145cc0ed76806e3be7,full_annotation_v1,A,q_야채_08,잡곡,식료품 중 '야채'를 판매·제공하는 매장,val,야채,T3 개념확장,41c0b247-5665-426a-9cf4-d9b58a809b44,성경농산,잡곡,모란전통기름시장,전통시장,경기도,,,
766bbec509ca091669fb,full_annotation_v1,A,q_야채_08,잡곡,식료품 중 '야채'를 판매·제공하는 매장,val,야채,T3 개념확장,8e625ac8-f327-478c-9244-7f753603e3b4,싱싱야채,야채,구리전통시장,전통시장,경기도,,,
4a023c9a25e70a586b16,full_annotation_v1,A,q_야채_08,잡곡,식료품 중 '야채'를 판매·제공하는 매장,val,야채,T3 개념확장,5eb01bb1-b190-493d-ac36-30e486161eb5,야채파는남자,야채,수유중앙골목시장골목형상점가,골목형상점가,서울특별시,,,
bb25527bcf76f70a0084,full_annotation_v1,A,q_야채_08,잡곡,식료품 중 '야채'를 판매·제공하는 매장,val,야채,T3 개념확장,f9a05a06-308b-44c7-bfe4-94809ccd18a9,싱싱야채,야채,돌곶이시장,전통시장,서울특별시,,,
6025f6ad2a348267936b,full_annotation_v1,A,q_야채_08,잡곡,식료품 중 '야채'를 판매·제공하는 매장,val,야채,T3 개념확장,651acbd2-2e15-476d-8198-dc2227854d2f,싱싱과일 야채,과일 야채,서부시장상점가(서부시장 통합),전통시장,전북특별자치도,,,
42da3c320bbbc4358672,full_annotation_v1,A,q_야채_08,잡곡,식료품 중 '야채'를 판매·제공하는 매장,val,야채,T3 개념확장,12bac5de-59a7-472a-946b-5e38694a5648,한옥촌,쌈밥,전농배봉산맛집거리골목형상점가,골목형상점가,서울특별시,,,
1256bc2bb16bc840bf56,full_annotation_v1,A,q_야채_08,잡곡,식료품 중 '야채'를 판매·제공하는 매장,val,야채,T3 개념확장,ebf0567f-5762-4177-966f-33ae52eb775b,싱싱야채,야채,용봉지구 골목형상점가,골목형상점가,광주광역시,,,
f2cecf0f2653cd341bca,full_annotation_v1,A,q_야채_08,잡곡,식료품 중 '야채'를 판매·제공하는 매장,val,야채,T3 개념확장,f41c5f61-c729-4cbb-aee8-08484c76eaf2,장수농산물,잡곡,정자시장,전통시장,경기도,,,
4ff4412ec004973ae830,full_annotation_v1,A,q_야채_08,잡곡,식료품 중 '야채'를 판매·제공하는 매장,val,야채,T3 개념확장,6684b231-e4c5-47b5-b2e2-6b0ef23ee2f9,숙이네 야채,소매(야채),남양주장현전통시장,전통시장,경기도,,,
46389806472c9bac021e,full_annotation_v1,A,q_야채_08,잡곡,식료품 중 '야채'를 판매·제공하는 매장,val,야채,T3 개념확장,68620e4a-20c8-4cb4-a5a8-661ad20e238f,땟깔,야채,괴정골목시장,전통시장,부산광역시,,,
ceb232e14c00b6e9e18c,full_annotation_v1,A,q_야채_08,잡곡,식료품 중 '야채'를 판매·제공하는 매장,val,야채,T3 개념확장,88471494-da54-49ac-804f-a51209678de8,경북쌀상회,잡곡,정이있는 구포시장,전통시장,부산광역시,,,
b5b2d356200a1fe840d8,full_annotation_v1,A,q_야채_08,잡곡,식료품 중 '야채'를 판매·제공하는 매장,val,야채,T3 개념확장,152c04c9-2b83-4731-8105-e7004f9b5025,시장양곡,잡곡,원미종합시장,전통시장,경기도,,,
f0358d3355ebbac3603d,full_annotation_v1,A,q_야채_08,잡곡,식료품 중 '야채'를 판매·제공하는 매장,val,야채,T3 개념확장,78b83dcc-b9e0-41c2-bf57-021dc7145ffd,싱싱야채,야채,봉천제일종합시장,전통시장,서울특별시,,,
801ffa083c953abf2b3b,full_annotation_v1,A,q_야채_08,잡곡,식료품 중 '야채'를 판매·제공하는 매장,val,야채,T3 개념확장,c1a94485-dab4-467b-831f-bc1a4c5dbe8f,형보농산,잡곡,한라종합시장,전통시장,경상북도,,,
9abd36481e77df7a3b86,full_annotation_v1,A,q_야채_08,잡곡,식료품 중 '야채'를 판매·제공하는 매장,val,야채,T3 개념확장,0d8ef83e-b4ad-49e5-8c89-5ab441c6fe4e,초록야채,야채,정서진중앙시장(구 서구중앙시장),전통시장,인천광역시,,,
6095c81542d9495db21f,full_annotation_v1,A,q_야채_08,잡곡,식료품 중 '야채'를 판매·제공하는 매장,val,야채,T3 개념확장,23d892f6-9c79-479f-903d-4118c0a58dce,싱싱야채,야채,남구로시장,전통시장,서울특별시,,,
70ac67194f5e76336cb3,full_annotation_v1,A,q_야채_08,잡곡,식료품 중 '야채'를 판매·제공하는 매장,val,야채,T3 개념확장,8fc54e1e-5a71-49cc-9b3a-2a30e7a82641,현우네좋고싸고우리농산물,야채,옥련시장,전통시장,인천광역시,,,
fd74197099ce6d72c9c8,full_annotation_v1,A,q_야채_08,잡곡,식료품 중 '야채'를 판매·제공하는 매장,val,야채,T3 개념확장,27513be9-ddcf-4eb0-bc8f-a8da45e2f4ba,진주참기름,잡곡,동구시장,전통시장,대구광역시,,,
adb4ab5ebd54eabe46c9,full_annotation_v1,A,q_야채_08,잡곡,식료품 중 '야채'를 판매·제공하는 매장,val,야채,T3 개념확장,f35548cc-ee1c-4d7f-a735-cccc40c334c8,충남상회,잡곡,원종종합시장,전통시장,경기도,,,
3bc4c695e69986d54858,full_annotation_v1,A,q_야채_08,잡곡,식료품 중 '야채'를 판매·제공하는 매장,val,야채,T3 개념확장,24456103-f6b8-46af-8655-82e61d7265d8,커피가 머무르는 곳,커피,반드레길골목형상점가,골목형상점가,서울특별시,,,
52ff0718f58ba4b8d922,full_annotation_v1,A,q_야채_08,잡곡,식료품 중 '야채'를 판매·제공하는 매장,val,야채,T3 개념확장,c111ac9d-3f3a-405c-a8db-4d127ccda9e2,행복이 있는 곳,잡화,제주로얄쇼핑센터,자율상권구역,제주특별자치도,,,
d15748aae3ffd06cd181,full_annotation_v1,A,q_야채_08,잡곡,식료품 중 '야채'를 판매·제공하는 매장,val,야채,T3 개념확장,ecd748b8-6ac5-4333-80c9-54327dea8041,영천상회(잡곡),,화서시장,전통시장,경기도,,,
de3a61966af0cb519e6e,full_annotation_v1,A,q_야채_08,잡곡,식료품 중 '야채'를 판매·제공하는 매장,val,야채,T3 개념확장,0700b2fe-2a31-412d-98a5-a551eb7fbcda,싱싱야채,야채,계산시장,전통시장,인천광역시,,,
0a8f7111fe8b927c3711,full_annotation_v1,A,q_야채_08,잡곡,식료품 중 '야채'를 판매·제공하는 매장,val,야채,T3 개념확장,9355cef1-4494-4b96-8635-049c0e221772,경북상회,잡곡,우정전통시장,전통시장,울산광역시,,,
895f8cc72d17b96c4a66,full_annotation_v1,A,q_야채_08,잡곡,식료품 중 '야채'를 판매·제공하는 매장,val,야채,T3 개념확장,05530d0f-82ed-47a1-8015-32b6c30e3752,진수산삼다식품,"젓갈류, 김치, 수산물",동문재래시장,전통시장,제주특별자치도,,,
c1fba74837e7178038bb,full_annotation_v1,A,q_야채_08,잡곡,식료품 중 '야채'를 판매·제공하는 매장,val,야채,T3 개념확장,57ca2957-ce06-4a54-b60d-72cf59cf419c,형제상회,야채,인왕시장,전통시장,서울특별시,,,
22934b92081fa049e5e5,full_annotation_v1,A,q_야채_08,잡곡,식료품 중 '야채'를 판매·제공하는 매장,val,야채,T3 개념확장,77b74e30-169c-4399-8e57-a887ccabf4a3,믿음쌀상회,잡곡,서귀포향토오일시장,전통시장,제주특별자치도,,,
805898532d230b5591a7,full_annotation_v1,A,q_야채_08,잡곡,식료품 중 '야채'를 판매·제공하는 매장,val,야채,T3 개념확장,2beebbe5-310e-4150-b0d4-40ecc4e59a3e,팔도잡곡,잡곡외,만수시장,전통시장,인천광역시,,,
05ff0ff08dd0ae62921c,full_annotation_v1,A,q_야채_08,잡곡,식료품 중 '야채'를 판매·제공하는 매장,val,야채,T3 개념확장,06f191fb-14b4-4d51-8efb-39d44343f1a7,유한회사 바르메이드,샐러드,상무시청상인회 골목형상점가,골목형상점가,광주광역시,,,
96ab236538310ae12501,full_annotation_v1,A,q_야채_08,잡곡,식료품 중 '야채'를 판매·제공하는 매장,val,야채,T3 개념확장,000a244a-1e28-40b7-8d55-d5b1055f12d2,진해상회,채소,마산어시장,전통시장,경상남도,,,
d699ac6d271999deb030,full_annotation_v1,A,q_야채_08,잡곡,식료품 중 '야채'를 판매·제공하는 매장,val,야채,T3 개념확장,9b495bd1-9560-4f4f-91a4-6e480408fcde,싱싱야채,야채,평택통복시장,전통시장,경기도,,,
be08d5c4b1b3c3198470,full_annotation_v1,A,q_야채_08,잡곡,식료품 중 '야채'를 판매·제공하는 매장,val,야채,T3 개념확장,a5c9845f-f4de-47f5-a174-a4f4cd53d2a3,영농,잡곡,석바위시장,전통시장,인천광역시,,,
e497de9d199155dd6719,full_annotation_v1,A,q_야채_08,잡곡,식료품 중 '야채'를 판매·제공하는 매장,val,야채,T3 개념확장,7fc46992-d1a5-4b75-b211-3748379d6df1,슈박노래연습장,,명장중앙 골목형상점가,골목형상점가,부산광역시,,,
b1a9750753a2d6a1b24e,full_annotation_v1,A,q_야채_08,잡곡,식료품 중 '야채'를 판매·제공하는 매장,val,야채,T3 개념확장,c6fb138b-4b0a-4ca6-b7f1-5ddfd1906b2b,초록야채,야채,말바우우산 골목형상점가,골목형상점가,광주광역시,,,
7632ca76df241fec694b,full_annotation_v1,A,q_야채_08,잡곡,식료품 중 '야채'를 판매·제공하는 매장,val,야채,T3 개념확장,10e4b9b6-662b-436c-b9b7-b82677f0ecd8,계룡야채,야채,부사시장,전통시장,대전광역시,,,
3e8f15c204fd01d34cb8,full_annotation_v1,A,q_야채_08,잡곡,식료품 중 '야채'를 판매·제공하는 매장,val,야채,T3 개념확장,001cb3d4-5441-4963-b517-d5b3904ee312,현창떡집,떡집,목포동부시장,전통시장,전라남도,,,
8d2fa9961c4a1b5117c1,full_annotation_v1,A,q_야채_08,잡곡,식료품 중 '야채'를 판매·제공하는 매장,val,야채,T3 개념확장,014b06bd-3fa3-4cde-b459-e62ca64c33aa,조은식품,채소,하양꿈바우시장,전통시장,경상북도,,,
68e8861df2c49c3c82d4,full_annotation_v1,A,q_야채_08,잡곡,식료품 중 '야채'를 판매·제공하는 매장,val,야채,T3 개념확장,a22e3618-fa0d-4fe5-ba30-eddbc2082903,초록야채,야채,청주육거리종합시장,전통시장,충청북도,,,
b635c9c6452d5fd34e1f,full_annotation_v1,A,q_야채_08,잡곡,식료품 중 '야채'를 판매·제공하는 매장,val,야채,T3 개념확장,fe3850a2-9a47-4258-b9d6-30d0a361ada4,중부상회,잡곡,쌍용1번가 골목형상점가,골목형상점가,충청남도,,,
c01c986d8001ee15ac13,full_annotation_v1,A,q_야채_08,잡곡,식료품 중 '야채'를 판매·제공하는 매장,val,야채,T3 개념확장,af000e3b-62b0-4583-a9d5-c908f3661fed,두메잡곡,잡곡,해운대시장,전통시장,부산광역시,,,
e48a6c87071373a50a2a,full_annotation_v1,A,q_야채_08,잡곡,식료품 중 '야채'를 판매·제공하는 매장,val,야채,T3 개념확장,ef9594ff-e7b1-4106-94ac-b8227c9a7ccc,라이프커텐,커튼,중앙전통시장,전통시장,울산광역시,,,
1ab32c1c839ad3a92fd7,full_annotation_v1,A,q_야채_08,잡곡,식료품 중 '야채'를 판매·제공하는 매장,val,야채,T3 개념확장,7e4f631a-1eb4-4a1d-aeef-cefecc53a3ea,원당야채,야채,원당시장(구 원당전통시장),전통시장,경기도,,,
06ec1554005644313d51,full_annotation_v1,A,q_야채_08,잡곡,식료품 중 '야채'를 판매·제공하는 매장,val,야채,T3 개념확장,7e2385e4-4b4d-4969-9779-a21321f901bc,신토불이,잡곡,중동사랑시장,전통시장,경기도,,,
b75af1b86e2f2aeeb788,full_annotation_v1,A,q_야채_08,잡곡,식료품 중 '야채'를 판매·제공하는 매장,val,야채,T3 개념확장,005313c8-dce8-49b6-9841-9143ebb1305a,동원떡집,,박달시장,전통시장,경기도,,,
3b994044845372897c51,full_annotation_v1,A,q_야채_08,잡곡,식료품 중 '야채'를 판매·제공하는 매장,val,야채,T3 개념확장,0042e83d-930b-4d1d-a96f-f1a2691256cd,성화상회,과일,대구능금시장,전통시장,대구광역시,,,
37226214972822591732,full_annotation_v1,A,q_야채_08,잡곡,식료품 중 '야채'를 판매·제공하는 매장,val,야채,T3 개념확장,9ee5b34f-54e8-4241-a183-ea1db9292c00,수미초밥,,명장중앙 골목형상점가,골목형상점가,부산광역시,,,
79d46759b7afc42e44f8,full_annotation_v1,A,q_야채_08,잡곡,식료품 중 '야채'를 판매·제공하는 매장,val,야채,T3 개념확장,17c27b5b-52eb-4cd5-8ac9-2439926a10d0,동남상회,잡곡,역전시장 상점가,자율상권구역,대전광역시,,,
fde179e8f6338e5daae9,full_annotation_v1,A,q_야채_08,잡곡,식료품 중 '야채'를 판매·제공하는 매장,val,야채,T3 개념확장,486d53c7-6c1c-4c74-9c0b-1653ad109686,시장양곡,잡곡,의성공설전통시장(의성읍정기시장),전통시장,경상북도,,,
331045b83771ec3b16d2,full_annotation_v1,A,q_야채_08,잡곡,식료품 중 '야채'를 판매·제공하는 매장,val,야채,T3 개념확장,cfb1ff51-9ba9-4a46-918f-88b0f40ac0f2,영농조합,잡곡,안양중앙시장,전통시장,경기도,,,
e63c8f725704541aefd4,full_annotation_v1,A,q_야채_08,잡곡,식료품 중 '야채'를 판매·제공하는 매장,val,야채,T3 개념확장,5add9733-421e-4bf0-b833-8b02358c3b28,싱싱야채,야채,대연중앙골목시장 골목형상점가,골목형상점가,부산광역시,,,
f977969111be67b76644,full_annotation_v1,A,q_야채_08,잡곡,식료품 중 '야채'를 판매·제공하는 매장,val,야채,T3 개념확장,82bf2105-0a85-4fe7-8777-8f049077d57f,상우네 야채,야채,만수시장,전통시장,인천광역시,,,
65d1c032b8f8342dac66,full_annotation_v1,A,q_야채_08,잡곡,식료품 중 '야채'를 판매·제공하는 매장,val,야채,T3 개념확장,65fce9a0-7e51-4c12-b7a2-f38a6359734a,금와농산,야채,마산어시장,전통시장,경상남도,,,
c37e51cc8e0b51f7b5d3,full_annotation_v1,A,q_야채_08,잡곡,식료품 중 '야채'를 판매·제공하는 매장,val,야채,T3 개념확장,00818eab-32ca-497e-ad5c-1c301a7ea4c9,13번상회,채소,마산 동마산시장,전통시장,경상남도,,,
bcce0e41560b84ef8269,full_annotation_v1,A,q_야채_08,잡곡,식료품 중 '야채'를 판매·제공하는 매장,val,야채,T3 개념확장,00344d24-5aaa-4dc7-ba51-3c041c147576,고향뜰영농조합법인,농산물,양산 북부시장,전통시장,경상남도,,,
b1df126cb69ff6fe0538,full_annotation_v1,A,q_야채_08,잡곡,식료품 중 '야채'를 판매·제공하는 매장,val,야채,T3 개념확장,317bc44d-d6e1-4c8a-99ad-2e79ce21c843,강남상회,야채,세종전통시장,전통시장,세종특별자치시,,,
000961133e02ac80158d,full_annotation_v1,A,q_야채_08,잡곡,식료품 중 '야채'를 판매·제공하는 매장,val,야채,T3 개념확장,df37a908-b1f8-472d-a1a9-c584b8d69577,강복상회,잡곡,함양 지리산함양시장,전통시장,경상남도,,,
bec5c1905734080ff350,full_annotation_v1,A,q_야채_08,잡곡,식료품 중 '야채'를 판매·제공하는 매장,val,야채,T3 개념확장,7517eaf3-1eb2-42d3-86e7-a22fc09521b8,가락유통,잡곡,마천중앙시장,전통시장,서울특별시,,,
6f01c2edea82729856ba,full_annotation_v1,A,q_야채_08,잡곡,식료품 중 '야채'를 판매·제공하는 매장,val,야채,T3 개념확장,b519ee8e-f44a-417f-ab58-eecc053119fb,김해쌀상회,잡곡,반송큰시장,전통시장,부산광역시,,,
29cd4b04064e4cbdd861,full_annotation_v1,A,q_야채_08,잡곡,식료품 중 '야채'를 판매·제공하는 매장,val,야채,T3 개념확장,0174d58f-3182-48ce-9bb7-0818d21a6763,야채,,만수시장,전통시장,인천광역시,,,
69d10eee2d1eb3995272,full_annotation_v1,A,q_야채_08,잡곡,식료품 중 '야채'를 판매·제공하는 매장,val,야채,T3 개념확장,cb16a7b0-5258-4b71-9eb2-a9bce16c7416,황금잡곡,쌀 잡곡,부천상동시장,전통시장,경기도,,,
532266ec1b75aaa88a2c,full_annotation_v1,A,q_야채_08,잡곡,식료품 중 '야채'를 판매·제공하는 매장,val,야채,T3 개념확장,b4ea8e1c-5612-4960-ad54-50b54b3e0cbf,미곡상회,잡곡,남천 상점가,자율상권구역,경기도,,,
ee2088e8846e56da7c2d,full_annotation_v1,A,q_야채_08,잡곡,식료품 중 '야채'를 판매·제공하는 매장,val,야채,T3 개념확장,d004de46-a4be-4ec0-8a78-0ea3f799d145,민농산,잡곡,논공중앙시장,전통시장,대구광역시,,,
a6f78e74d646c97ae300,full_annotation_v1,A,q_야채_08,잡곡,식료품 중 '야채'를 판매·제공하는 매장,val,야채,T3 개념확장,03f7d500-757c-4b45-9e2a-a70188018a51,금구소머리곰탕,한식,금구리 골목형상점가,골목형상점가,전북특별자치도,,,
ed4ae13ce87fb28dfded,full_annotation_v1,A,q_야채_08,잡곡,식료품 중 '야채'를 판매·제공하는 매장,val,야채,T3 개념확장,54b8da66-ee23-4f70-ac3c-6a584c7223c9,옥류농산물류,잡곡,영해만세시장(구 영해시장),전통시장,경상북도,,,
7c48de276313a6ac8e61,full_annotation_v1,A,q_야채_08,잡곡,식료품 중 '야채'를 판매·제공하는 매장,val,야채,T3 개념확장,11fc575f-379a-4acb-b191-8fc2793543bd,영수야채,야채,남광주해뜨는시장,전통시장,광주광역시,,,
4edf9702a7061b567a75,full_annotation_v1,A,q_야채_08,잡곡,식료품 중 '야채'를 판매·제공하는 매장,val,야채,T3 개념확장,009be3cd-7c52-41e4-91fc-c377ddfa78c0,언양시장야채,야채,언양알프스시장,전통시장,울산광역시,,,
4538cc42e7750830667c,full_annotation_v1,A,q_야채_08,잡곡,식료품 중 '야채'를 판매·제공하는 매장,val,야채,T3 개념확장,70934fce-553c-492e-933e-6ab62f6d6097,영광상회,야채,경동시장,전통시장,서울특별시,,,
b580c703e801e265a09c,full_annotation_v1,A,q_야채_08,잡곡,식료품 중 '야채'를 판매·제공하는 매장,val,야채,T3 개념확장,78939865-fbad-410e-982b-b20e1b2acb23,대인쌀집,쌀 잡곡,대인시장,전통시장,광주광역시,,,
6c97683f2460a52b801e,full_annotation_v1,A,q_야채_08,잡곡,식료품 중 '야채'를 판매·제공하는 매장,val,야채,T3 개념확장,2743811c-5e71-4d2b-aa75-1b0147d44f2d,사우 꽃이 피는 곳,꽃,김포 풍년마을 골목형상점가,골목형상점가,경기도,,,
fb1cdf2a6462591bdb88,full_annotation_v1,A,q_야채_08,잡곡,식료품 중 '야채'를 판매·제공하는 매장,val,야채,T3 개념확장,67023459-41ed-45c3-a5de-e5d4bb552c93,비슬상회,야채,대구청과시장,전통시장,대구광역시,,,
132e6c67e0608dd89d67,full_annotation_v1,A,q_야채_08,잡곡,식료품 중 '야채'를 판매·제공하는 매장,val,야채,T3 개념확장,d3c9bc0a-8c39-43dd-ad52-c38638d62940,신방주잡곡,"쌀, 잡곡",서서울골목형상점가,골목형상점가,서울특별시,,,
8622a8fb1e33a748f9d0,full_annotation_v1,A,q_야채_08,잡곡,식료품 중 '야채'를 판매·제공하는 매장,val,야채,T3 개념확장,01f160fc-531c-4191-aa22-453462e0f38a,천년,김치,오정동상점가,자율상권구역,대전광역시,,,
a32cef93403d8d35847c,full_annotation_v1,A,q_야채_08,잡곡,식료품 중 '야채'를 판매·제공하는 매장,val,야채,T3 개념확장,970afb51-8435-4a55-9e2b-0704d9896f56,오색잡곡,잡곡,오산오색시장(구 오산중앙시장),전통시장,경기도,,,
c7570a37790022b9d6cd,full_annotation_v1,A,q_야채_08,잡곡,식료품 중 '야채'를 판매·제공하는 매장,val,야채,T3 개념확장,fdd4b55c-2bc0-4bba-955a-007d56f45ad7,시장쌀상회,잡곡,성정시장(구 성정5단지시장),전통시장,충청남도,,,
7f6dddc05237e7575849,full_annotation_v1,A,q_야채_08,잡곡,식료품 중 '야채'를 판매·제공하는 매장,val,야채,T3 개념확장,1e79e0aa-b7e1-460d-a477-11c95addfc36,김씨상회,야채,부전상가시장,전통시장,부산광역시,,,
d16d0c77295c443be2d1,full_annotation_v1,A,q_야채_08,잡곡,식료품 중 '야채'를 판매·제공하는 매장,val,야채,T3 개념확장,33e72e68-983f-49d9-8711-fc6ba556a754,정민쌀상회,잡곡,함양 지리산함양시장,전통시장,경상남도,,,
ebbee83967f58c6fa77a,full_annotation_v1,A,q_야채_08,잡곡,식료품 중 '야채'를 판매·제공하는 매장,val,야채,T3 개념확장,304562fd-2cc3-47a7-8090-f28f2b49f08b,한마음상회,잡곡,구월시장,전통시장,인천광역시,,,
dc86c08b8596b88fecd0,full_annotation_v1,A,q_야채_08,잡곡,식료품 중 '야채'를 판매·제공하는 매장,val,야채,T3 개념확장,9c6b11da-784d-4555-b578-33f6c430c3d1,민물센터,잡곡,충주무학시장,전통시장,충청북도,,,
211736e1ee545eb23ac0,full_annotation_v1,A,q_야채_08,잡곡,식료품 중 '야채'를 판매·제공하는 매장,val,야채,T3 개념확장,92098ee0-d8cb-4f26-8676-dafd46278e01,싱싱야채,야채,방신전통시장,전통시장,서울특별시,,,
9f6dafeb750d9d9f376b,full_annotation_v1,A,q_야채_08,잡곡,식료품 중 '야채'를 판매·제공하는 매장,val,야채,T3 개념확장,0848a3c5-f008-4d16-9ceb-3f90198c778e,"채율이네 야채, 청과",야채,신원권율2 골목형상점가,골목형상점가,경기도,,,
bb17ca5e22deb2c70dd9,full_annotation_v1,A,q_야채_08,잡곡,식료품 중 '야채'를 판매·제공하는 매장,val,야채,T3 개념확장,acac3728-a89d-4048-a163-ec8f27ba50a0,싱싱야채,야채,산성시장,전통시장,대전광역시,,,
707fd9cfd6b6e349ce80,full_annotation_v1,A,q_야채_08,잡곡,식료품 중 '야채'를 판매·제공하는 매장,val,야채,T3 개념확장,e74cd0c1-b5c0-46a4-97a1-9ec34ee3a4e5,하얀쌀직판장,잡곡,원종중앙시장,전통시장,경기도,,,
9c431ee5f0550c0fdcfe,full_annotation_v1,A,q_야채_08,잡곡,식료품 중 '야채'를 판매·제공하는 매장,val,야채,T3 개념확장,840b45a9-b1b5-4f2d-8e6d-13aa044e8591,대경,잡곡,번개시장,전통시장,대구광역시,,,
6d7862546ca982b45791,full_annotation_v1,A,q_야채_08,잡곡,식료품 중 '야채'를 판매·제공하는 매장,val,야채,T3 개념확장,113548e0-8ee6-4388-8fc6-f4a3a713e0cc,민락한과,"한과, 농산물, 식자재, 건어물",민락골목시장,전통시장,부산광역시,,,
366f24c3e4e5c96e003b,full_annotation_v1,A,q_야채_08,잡곡,식료품 중 '야채'를 판매·제공하는 매장,val,야채,T3 개념확장,8e80de93-306c-420f-9a8e-bc873e29a22f,장군야채,야채,서문공설시장,전통시장,제주특별자치도,,,
6ea8efa0612caee7ee3b,full_annotation_v1,A,q_야채_08,잡곡,식료품 중 '야채'를 판매·제공하는 매장,val,야채,T3 개념확장,6d10c08e-4c90-4b31-82c2-3f452b526ae1,싸전,"쌀, 잡곡",오창전통시장,전통시장,충청북도,,,
c25722b577633ecb0318,full_annotation_v1,A,q_야채_08,잡곡,식료품 중 '야채'를 판매·제공하는 매장,val,야채,T3 개념확장,083e39e0-6868-4cf9-b1b7-d2929be0d754,정지영InStyle,미용실,창원 성원그랜드쇼핑상가,전통시장,경상남도,,,
58e7cac902d3fd2ab9bf,full_annotation_v1,A,q_야채_08,잡곡,식료품 중 '야채'를 판매·제공하는 매장,val,야채,T3 개념확장,8dac30b5-783c-4f90-964b-b5384fe436df,용민이네 야채,야채,해남매일시장,전통시장,전라남도,,,
246f858309b59d7690c6,full_annotation_v1,A,q_야채_08,잡곡,식료품 중 '야채'를 판매·제공하는 매장,val,야채,T3 개념확장,e01e3f50-e3a5-4822-8408-e8eee6bb826c,합천상회,잡곡,정이있는 구포시장,전통시장,부산광역시,,,
97bcc5249a660e39ddce,full_annotation_v1,A,q_야채_08,잡곡,식료품 중 '야채'를 판매·제공하는 매장,val,야채,T3 개념확장,8bb83aa6-dcc0-47be-80b9-50c422cc1024,대귀상회,야채,군산신영시장,전통시장,전북특별자치도,,,
2c35dcda8e3eb9a440c1,full_annotation_v1,A,q_야채_08,잡곡,식료품 중 '야채'를 판매·제공하는 매장,val,야채,T3 개념확장,12793542-a6b9-4d91-933c-013481c83e89,진덕야채,야채,안양남부시장,전통시장,경기도,,,
9aa46fd556a5bbe54730,full_annotation_v1,A,q_야채_08,잡곡,식료품 중 '야채'를 판매·제공하는 매장,val,야채,T3 개념확장,cca58370-ec22-4be6-8ceb-a1c4d990af36,하늘 야채,야채,작전시장,전통시장,인천광역시,,,
dbf01228f24ebda2bd61,full_annotation_v1,A,q_야채_08,잡곡,식료품 중 '야채'를 판매·제공하는 매장,val,야채,T3 개념확장,76a3551b-dae4-4326-92cc-662015aedbfb,쉴 곳,한식,칠성로상점가,자율상권구역,제주특별자치도,,,
d4d5c4f98ffae4ed6eed,full_annotation_v1,A,q_야채_08,잡곡,식료품 중 '야채'를 판매·제공하는 매장,val,야채,T3 개념확장,016f8113-22a7-4ef1-a80f-0562dd2a06e9,동이식품,"식품, 농산물",중앙신시장,전통시장,경상북도,,,
aec84fa658a6b39b8ba6,full_annotation_v1,A,q_야채_08,잡곡,식료품 중 '야채'를 판매·제공하는 매장,val,야채,T3 개념확장,d39c66ad-1a4d-46e0-9cfc-f7157bff2af1,동해건어물(야채),소매업(야채),화서시장,전통시장,경기도,,,
bb72429880806d2ac506,full_annotation_v1,A,q_야채_08,잡곡,식료품 중 '야채'를 판매·제공하는 매장,val,야채,T3 개념확장,242414ee-60f8-4c6f-bd00-1f87d38fd1a9,가정동샤브,,루원푸르지오 골목형상점가,골목형상점가,인천광역시,,,
2692e2f7d8fd3313507c,full_annotation_v1,A,q_야채_08,잡곡,식료품 중 '야채'를 판매·제공하는 매장,val,야채,T3 개념확장,5ab92d1a-7d3f-4d6a-a019-4f1a2ee7b1bd,믿음야채,야채,원미종합시장,전통시장,경기도,,,
1579c2a4b5205c444fca,full_annotation_v1,A,q_야채_08,잡곡,식료품 중 '야채'를 판매·제공하는 매장,val,야채,T3 개념확장,00534c22-4465-442e-95db-66dd08f99320,삼원상회,채소,칠성시장,전통시장,대구광역시,,,
3bf156ff042e8d5bd1e8,full_annotation_v1,A,q_야채_08,잡곡,식료품 중 '야채'를 판매·제공하는 매장,val,야채,T3 개념확장,f3539f44-25e6-4272-9151-40710d2a1e81,황가네 야채,야채,서부시장(서부재래시장),전통시장,충청남도,,,
647dcbb0272ccdd2d8ca,full_annotation_v1,A,q_야채_08,잡곡,식료품 중 '야채'를 판매·제공하는 매장,val,야채,T3 개념확장,cf5d0c45-d9f1-4aa2-80a7-7e2f603b9b62,산본 야채,야채,산본전통시장(구 군포산본시장),전통시장,경기도,,,
05f0d7f19be766af6902,full_annotation_v1,A,q_야채_08,잡곡,식료품 중 '야채'를 판매·제공하는 매장,val,야채,T3 개념확장,566dd58f-9081-4d60-b591-35b8d7a1384f,머슴상회,야채,천안중앙시장,전통시장,충청남도,,,
a0c9d445b87b2096aee3,full_annotation_v1,A,q_야채_08,잡곡,식료품 중 '야채'를 판매·제공하는 매장,val,야채,T3 개념확장,0b8ef6dc-2f6b-4707-bd73-529122d9c97a,하단떡집,떡집,하단오일상설시장,전통시장,부산광역시,,,
169520f2f44fe5e059b9,full_annotation_v1,A,q_야채_08,잡곡,식료품 중 '야채'를 판매·제공하는 매장,val,야채,T3 개념확장,0622e5e4-d762-4378-aeb6-eb6148f9dec6,개도리김치,"김치, 채소, 건어물",나주목사고을시장,전통시장,,,,
ef0e0788fda76484a475,full_annotation_v1,A,q_야채_08,잡곡,식료품 중 '야채'를 판매·제공하는 매장,val,야채,T3 개념확장,94b5889f-25fb-4477-b1a4-744a2db4bb6e,청도양품,여성복,반송큰시장,전통시장,부산광역시,,,
130d11898c52f5768c3a,full_annotation_v1,A,q_야채_08,잡곡,식료품 중 '야채'를 판매·제공하는 매장,val,야채,T3 개념확장,778c3294-73c3-4677-9af1-e05d28d88ef0,미래상회,잡곡,청량리청과물시장,전통시장,서울특별시,,,
49bded96803490060c7a,full_annotation_v1,A,q_야채_08,잡곡,식료품 중 '야채'를 판매·제공하는 매장,val,야채,T3 개념확장,22aad1c7-66ca-4375-afea-1107611151c1,우신상회,잡곡,말바우시장,전통시장,광주광역시,,,
d2a3eb043a4255d613fa,full_annotation_v1,A,q_야채_08,잡곡,식료품 중 '야채'를 판매·제공하는 매장,val,야채,T3 개념확장,986cd4e8-f986-4fe5-a06e-1bc268db0f4d,우리농산물,잡곡,남성역 골목시장,전통시장,서울특별시,,,
5c815d8e1ebc7bf52fdd,full_annotation_v1,A,q_야채_08,잡곡,식료품 중 '야채'를 판매·제공하는 매장,val,야채,T3 개념확장,008b2657-018e-4d46-b0b0-a173aee3f37a,대원상회,농산물,대구능금시장,전통시장,대구광역시,,,
29583266f415a492503c,full_annotation_v1,A,q_야채_08,잡곡,식료품 중 '야채'를 판매·제공하는 매장,val,야채,T3 개념확장,42374bae-8bcb-44a4-a1d1-d0f13d0c80a6,싱싱야채,야채,안동구시장,전통시장,경상북도,,,
bcdaef83d229a1f766b5,full_annotation_v1,A,q_야채_08,잡곡,식료품 중 '야채'를 판매·제공하는 매장,val,야채,T3 개념확장,00e92856-b294-4032-8540-d60e9817f2d8,럭키약국,"의약품, 건강기능식품, 식품",충무로골목형상점가,골목형상점가,서울특별시,,,
54ec9a61333ea88fa8af,full_annotation_v1,A,q_야채_08,잡곡,식료품 중 '야채'를 판매·제공하는 매장,val,야채,T3 개념확장,01e96e25-dcb5-4957-bc59-05c27b1dae7a,샐러드밀,샐러드,오룡행복 골목형상점가,골목형상점가,전라남도,,,
e1e9755a14ca4d1df7f3,full_annotation_v1,A,q_야채_08,잡곡,식료품 중 '야채'를 판매·제공하는 매장,val,야채,T3 개념확장,015915e3-2542-4245-b627-0c775b4c5501,한내떡집,,거제 고현시장,전통시장,경상남도,,,
cec7652df221aea41090,full_annotation_v1,A,q_야채_08,잡곡,식료품 중 '야채'를 판매·제공하는 매장,val,야채,T3 개념확장,f59145f0-d79e-4229-b1b9-a8e510f4c94b,민영상회,잡곡,진흥종합시장,전통시장,인천광역시,,,
9803d9a448991eedc5aa,full_annotation_v1,A,q_야채_08,잡곡,식료품 중 '야채'를 판매·제공하는 매장,val,야채,T3 개념확장,32c1ce25-77a0-43ea-a6f3-e4f90a1f410a,강화미곡,잡곡,김포5일장,기타,경기도,,,
488b4dc09318bf4bb947,full_annotation_v1,A,q_야채_08,잡곡,식료품 중 '야채'를 판매·제공하는 매장,val,야채,T3 개념확장,2cf11cc5-9022-4eb1-8719-3842cd345da4,황해상회,야채,부평종합시장,전통시장,인천광역시,,,
5d92eef4d8994bb058d6,full_annotation_v1,A,q_야채_08,잡곡,식료품 중 '야채'를 판매·제공하는 매장,val,야채,T3 개념확장,009f034c-8e3b-4a32-aab3-55ece8718004,장봐주는언니 임동점,농수축산물및 가공식품,제니스 골목형상점가,골목형상점가,광주광역시,,,
45b204d980da73993636,full_annotation_v1,A,q_야채_08,잡곡,식료품 중 '야채'를 판매·제공하는 매장,val,야채,T3 개념확장,be798674-992b-461a-997f-4b62483bc8bf,대박 야채 청과,야채,신월3동시장골목형상점가,골목형상점가,서울특별시,,,
487fa265deb7197f356b,full_annotation_v1,A,q_야채_08,잡곡,식료품 중 '야채'를 판매·제공하는 매장,val,야채,T3 개념확장,642ae9f8-15c1-490d-97b3-2e8f4c780240,경신쌀상회,잡곡,면목골목시장,전통시장,서울특별시,,,
4d7ee10b5475fdba8b89,full_annotation_v1,A,q_야채_08,잡곡,식료품 중 '야채'를 판매·제공하는 매장,val,야채,T3 개념확장,6b053edb-9c80-4cf2-aca8-b22e619ebe9a,알찬농산,야채,산본전통시장(구 군포산본시장),전통시장,경기도,,,
ad8fd242c8d36f3eedf6,full_annotation_v1,A,q_야채_08,잡곡,식료품 중 '야채'를 판매·제공하는 매장,val,야채,T3 개념확장,48db5bd7-0043-4781-9174-a29b826ac87e,통큰야채,야채,법동시장,전통시장,대전광역시,,,
1a72dd10c1c9c7ea6619,full_annotation_v1,A,q_야채_08,잡곡,식료품 중 '야채'를 판매·제공하는 매장,val,야채,T3 개념확장,822282f6-0104-4979-9e7b-a2bb1b481b11,현대쌀상회,잡곡,남성사계시장,전통시장,서울특별시,,,
30ae9da6f8f16593a17c,full_annotation_v1,A,q_야채_08,잡곡,식료품 중 '야채'를 판매·제공하는 매장,val,야채,T3 개념확장,c2e9a5e9-015f-4847-866d-7341b47eea33,곡식할매,잡곡,부전상가시장,전통시장,부산광역시,,,
e867d0fe13aeb50d5e7c,full_annotation_v1,A,q_야채_08,잡곡,식료품 중 '야채'를 판매·제공하는 매장,val,야채,T3 개념확장,73bf8ae6-b77b-4a19-a32d-ba0c99eb7053,광천농수산물,잡곡,남목전통시장,전통시장,울산광역시,,,
2d4ce3011f6964c5cef9,full_annotation_v1,A,q_야채_08,잡곡,식료품 중 '야채'를 판매·제공하는 매장,val,야채,T3 개념확장,0176d678-e45f-4763-b752-f79b2ca9f34e,종로물산,"지갑, 케이스",동대문문구완구거리,자율상권구역,서울특별시,,,
bb80034a93460beb96f5,full_annotation_v1,A,q_야채_08,잡곡,식료품 중 '야채'를 판매·제공하는 매장,val,야채,T3 개념확장,db547762-b865-417c-ac31-623bc60d7a35,문희잡곡,잡곡 양곡,방신전통시장,전통시장,서울특별시,,,
227d7169313e9e06ef1e,full_annotation_v1,A,q_야채_08,잡곡,식료품 중 '야채'를 판매·제공하는 매장,val,야채,T3 개념확장,547be72a-2b08-4865-acc9-efec48cc1450,야채꾼,야채,신 강남시장,전통시장,인천광역시,,,
2a284fa6772a9740686d,full_annotation_v1,A,q_야채_08,잡곡,식료품 중 '야채'를 판매·제공하는 매장,val,야채,T3 개념확장,c89872f7-7a0e-4e4b-905a-e116a10d65b9,골목야채,야채,광명새마을시장,전통시장,경기도,,,
3edf84a792fd76210948,full_annotation_v1,A,q_야채_08,잡곡,식료품 중 '야채'를 판매·제공하는 매장,val,야채,T3 개념확장,93fdde81-71e3-4356-b510-20eaa0d74123,홍콩반점0410(원주중앙점),중식,중앙로골목형상점가,골목형상점가,강원특별자치도,,,
7c17e5b21aea22f128b9,full_annotation_v1,A,q_야채_08,잡곡,식료품 중 '야채'를 판매·제공하는 매장,val,야채,T3 개념확장,0025d0e7-ab79-46b7-9348-33134ef3d057,왕손피자,피자,양동역별빛시장(양동쌍학시장),전통시장,경기도,,,
683bcd60a0f038e42ad0,full_annotation_v1,A,q_야채_08,잡곡,식료품 중 '야채'를 판매·제공하는 매장,val,야채,T3 개념확장,00947369-dfd0-4074-b22e-c8b430a98a70,에스.에이.팜(S.A.farm),"표고버섯및농산물, 잡화, 통신판매",무주반딧불상권활성화구역,상권활성화구역,전북특별자치도,,,
405c35603875fcb6bb13,full_annotation_v1,A,q_야채_08,잡곡,식료품 중 '야채'를 판매·제공하는 매장,val,야채,T3 개념확장,8ce43e5d-cf32-47d0-a412-17c71e79f71d,초평상회,야채,청주육거리종합시장,전통시장,충청북도,,,
3de0abf5373cf9b9bedf,full_annotation_v1,A,q_야채_08,잡곡,식료품 중 '야채'를 판매·제공하는 매장,val,야채,T3 개념확장,48a7610f-8466-4a72-b8c5-ac150bbd87ee,금성상회,야채,말바우시장,전통시장,광주광역시,,,
2776d127afe2eb683684,full_annotation_v1,A,q_야채_08,잡곡,식료품 중 '야채'를 판매·제공하는 매장,val,야채,T3 개념확장,cfd44b44-b7bf-4852-9808-2746a49f6688,인계잡곡,잡곡,수원못골종합시장,전통시장,경기도,,,
0407e606655f25f359d9,full_annotation_v1,A,q_야채_08,잡곡,식료품 중 '야채'를 판매·제공하는 매장,val,야채,T3 개념확장,69521c37-bfda-429d-871b-a923a2655e55,양곡농협쌀직판장,잡곡,부천강남시장,전통시장,경기도,,,
fba7147a61ddb2bb5fa6,full_annotation_v1,A,q_야채_08,잡곡,식료품 중 '야채'를 판매·제공하는 매장,val,야채,T3 개념확장,79629d34-bb97-4392-aaa5-0afabf980fb1,잡곡천국,잡곡,자양15번가골목형상점가,골목형상점가,서울특별시,,,
cd3dfc7d0de6bb0efced,full_annotation_v1,A,q_야채_08,잡곡,식료품 중 '야채'를 판매·제공하는 매장,val,야채,T3 개념확장,6ca921a9-8db7-49f9-b8d0-6e6dc887cc2e,유림상회,야채,보령한내시장,전통시장,충청남도,,,
f8ff7e5363c12c434a55,full_annotation_v1,A,q_야채_08,잡곡,식료품 중 '야채'를 판매·제공하는 매장,val,야채,T3 개념확장,01b4b567-78d4-4fa1-9bff-25fd01fb1a4c,소문난김치집,김치,중앙먹거리 상인회 골목형상점가,골목형상점가,전라남도,,,
83143b2c099f4f4cb72d,full_annotation_v1,A,q_야채_08,잡곡,식료품 중 '야채'를 판매·제공하는 매장,val,야채,T3 개념확장,814f62b8-b01f-4956-a333-7fb5eea84cfb,클러스터 두심,잡곡,하양꿈바우시장,전통시장,경상북도,,,
ed9b4e435dd49069c580,full_annotation_v1,A,q_야채_08,잡곡,식료품 중 '야채'를 판매·제공하는 매장,val,야채,T3 개념확장,00333be0-b70d-4197-aa97-5a277d61e0da,㈜신진후르츠,과일,부전농수산물새벽시장,전통시장,부산광역시,,,
8453a5c755811f9681f1,full_annotation_v1,A,q_야채_08,잡곡,식료품 중 '야채'를 판매·제공하는 매장,val,야채,T3 개념확장,c20a9408-8ff3-4c5b-a1e7-c23cf8e6c8ae,브래그,,화성향남2지구상점가,자율상권구역,경기도,,,
a1474e1623da0373f6ad,full_annotation_v1,A,q_야채_08,잡곡,식료품 중 '야채'를 판매·제공하는 매장,val,야채,T3 개념확장,cbde5229-a947-400e-8b14-8f986136869f,한국야채,야채,동문동 골목형상점가,골목형상점가,충청남도,,,
eddc5cb8bc3b880c71fe,full_annotation_v1,A,q_야채_08,잡곡,식료품 중 '야채'를 판매·제공하는 매장,val,야채,T3 개념확장,f19fad50-cf70-4c77-9d0c-050e1962ac04,희망야채,야채,청주육거리종합시장,전통시장,충청북도,,,
4f1b50e7c4a25d0bf07a,full_annotation_v1,A,q_야채_08,잡곡,식료품 중 '야채'를 판매·제공하는 매장,val,야채,T3 개념확장,0045f871-6f40-4361-bcdd-2b94bf597287,무파장터,야채 청과물,신금정시장 골목형 상점가,골목형상점가,부산광역시,,,
ca701398f5fc6bd98ce1,full_annotation_v1,A,q_야채_08,잡곡,식료품 중 '야채'를 판매·제공하는 매장,val,야채,T3 개념확장,0097b3e2-b5cf-4050-b719-c9d7738067c0,시흥상회,"소매(야채,과일)",광명전통시장,전통시장,경기도,,,
2462093ab92859acb91b,full_annotation_v1,A,q_야채_08,잡곡,식료품 중 '야채'를 판매·제공하는 매장,val,야채,T3 개념확장,e297c733-a8a0-4833-bbca-0943aa6d0018,형제상회,야채,경동광성상가,전통시장,서울특별시,,,
3059112f08d236c9c4c5,full_annotation_v1,A,q_야채_08,잡곡,식료품 중 '야채'를 판매·제공하는 매장,val,야채,T3 개념확장,56db4778-14ee-4046-a171-821fc0e3f8ce,산수쌈밥,쌈밥,전남여고후문 골목형상점가,골목형상점가,광주광역시,,,
987f788ee053ae8fb0b3,full_annotation_v1,A,q_야채_08,잡곡,식료품 중 '야채'를 판매·제공하는 매장,val,야채,T3 개념확장,45fdb6e2-ecc8-493e-b851-80737ff3dd56,경남상회,잡곡,충무동 새벽시장,전통시장,부산광역시,,,
5b911467db3339ccc2de,full_annotation_v1,A,q_야채_08,잡곡,식료품 중 '야채'를 판매·제공하는 매장,val,야채,T3 개념확장,007fd232-3c16-44ff-be59-cf265f3775e9,동문상회,채소버섯,팔달신시장,전통시장,대구광역시,,,
d672b73ef4e708dda000,full_annotation_v1,A,q_야채_08,잡곡,식료품 중 '야채'를 판매·제공하는 매장,val,야채,T3 개념확장,f4e6430b-f172-4b2a-ba13-43a66ac9fe5a,싱싱야채,야채,박달시장,전통시장,경기도,,,
5c47f15226036d593d48,full_annotation_v1,A,q_야채_08,잡곡,식료품 중 '야채'를 판매·제공하는 매장,val,야채,T3 개념확장,f36da920-3d5a-4af4-b346-e537cec2b364,뚱이네잡곡,잡곡,방신전통시장,전통시장,서울특별시,,,
5667a44a38e6cc1d2a84,full_annotation_v1,A,q_야채_08,잡곡,식료품 중 '야채'를 판매·제공하는 매장,val,야채,T3 개념확장,d92b7520-22e8-4f13-b2c6-1eb40f26a376,유섭야채,야채,광명전통시장,전통시장,경기도,,,
16be9e758a94532dc647,full_annotation_v1,A,q_야채_08,잡곡,식료품 중 '야채'를 판매·제공하는 매장,val,야채,T3 개념확장,014072fb-b412-4fb3-a663-31dbf80e44a6,매일상회,"야채, 과일",고산미소시장(고산시장),전통시장,전북특별자치도,,,
d3b1d257ed10e962d718,full_annotation_v1,A,q_야채_08,잡곡,식료품 중 '야채'를 판매·제공하는 매장,val,야채,T3 개념확장,00b6e321-5954-437c-b1d9-94fded29f67e,웰빙마트,식품,서남신시장,전통시장,대구광역시,,,
32e2c291b4d1699d14e3,full_annotation_v1,A,q_야채_08,잡곡,식료품 중 '야채'를 판매·제공하는 매장,val,야채,T3 개념확장,fbcc3687-4672-4de3-ae9e-1a8c75592d8c,싱싱야채,야채,남부골목시장,전통시장,서울특별시,,,
65685fecb884b97e7bac,full_annotation_v1,A,q_야채_08,잡곡,식료품 중 '야채'를 판매·제공하는 매장,val,야채,T3 개념확장,b52d8603-678e-4e3e-a0e8-5d6677a0c331,잡곡상회,잡곡,안강공설시장,전통시장,경상북도,,,
1286fc241865a65c9709,full_annotation_v1,A,q_야채_08,잡곡,식료품 중 '야채'를 판매·제공하는 매장,val,야채,T3 개념확장,dab3a00c-faca-4ab5-bf89-cc9a14bd95bf,프로비타민,야채,정서진중앙시장(구 서구중앙시장),전통시장,인천광역시,,,
d653f00e12a6c4fdb1f4,full_annotation_v1,A,q_야채_08,잡곡,식료품 중 '야채'를 판매·제공하는 매장,val,야채,T3 개념확장,a9aa7a13-c281-4b12-b3e7-f70506128348,용인야채,야채,수원못골종합시장,전통시장,경기도,,,
1f72ba45304097240278,full_annotation_v1,A,q_야채_08,잡곡,식료품 중 '야채'를 판매·제공하는 매장,val,야채,T3 개념확장,3526b88c-624e-427b-9369-30ee70b121b8,에덴야채,야채,박달시장,전통시장,경기도,,,
10a4b1585343c871c844,full_annotation_v1,A,q_야채_08,잡곡,식료품 중 '야채'를 판매·제공하는 매장,val,야채,T3 개념확장,7d8763e8-aeb5-402e-bbb9-a6332d285608,동이잡곡,잡곡,옥천공설시장,전통시장,충청북도,,,
117c159ce6f4f33a2c2e,full_annotation_v1,A,q_야채_08,잡곡,식료품 중 '야채'를 판매·제공하는 매장,val,야채,T3 개념확장,3bed87ab-aaf4-411b-b2aa-a6d9c67595aa,풍년상회,잡곡,송강전통시장,전통시장,대전광역시,,,
8341f7cc8d3532292122,full_annotation_v1,A,q_야채_08,잡곡,식료품 중 '야채'를 판매·제공하는 매장,val,야채,T3 개념확장,f65cf9a8-b9b6-4bf0-9e0e-5e0c756573ed,싱싱야채,야채,원종고강제일시장(부천제일시장),전통시장,경기도,,,
6c5965630c1e1e740767,full_annotation_v1,A,q_야채_08,잡곡,식료품 중 '야채'를 판매·제공하는 매장,val,야채,T3 개념확장,a1060dd9-cf09-4aab-b7c0-32da97cb9a52,종합야채,야채,대림골목시장,전통시장,서울특별시,,,
c322b2620f80f6e2377e,full_annotation_v1,A,q_야채_08,잡곡,식료품 중 '야채'를 판매·제공하는 매장,val,야채,T3 개념확장,7abbce9e-2708-49dd-bd0d-0de0540f99eb,동양쌀상회,잡곡,진천중앙시장,전통시장,충청북도,,,
de117a4cad8721bcd75c,full_annotation_v1,A,q_야채_08,잡곡,식료품 중 '야채'를 판매·제공하는 매장,val,야채,T3 개념확장,06bf3714-4d1a-4eac-a83f-938387b7a25a,새충무곡물,잡곡,영천공설시장,전통시장,경상북도,,,
6cc5538a26b31fd976ad,full_annotation_v1,A,q_야채_08,잡곡,식료품 중 '야채'를 판매·제공하는 매장,val,야채,T3 개념확장,c161453d-f2c8-4b97-a2c3-a54e0cbdb7e8,생활용품 싸게 파는 집,잡화,안성중앙시장,전통시장,경기도,,,
0f98d73730a92f844b16,full_annotation_v1,A,q_야채_08,잡곡,식료품 중 '야채'를 판매·제공하는 매장,val,야채,T3 개념확장,54a6fba6-87e9-4f1e-bb69-287da8b6b49f,짱야채,야채,반구시장,전통시장,울산광역시,,,
8f39999321d788c47f6e,full_annotation_v1,A,q_야채_08,잡곡,식료품 중 '야채'를 판매·제공하는 매장,val,야채,T3 개념확장,2385215d-5191-4480-b3cf-b47070fb4681,평림상회,야채,통영 서호전통시장,전통시장,경상남도,,,
026149ea5f6613853c35,full_annotation_v1,A,q_야채_08,잡곡,식료품 중 '야채'를 판매·제공하는 매장,val,야채,T3 개념확장,fa58ec96-37a4-42b1-aa86-b963e177fc41,싱싱야채,야채,월곡시장,전통시장,광주광역시,,,
82886fc328cab089c5c1,full_annotation_v1,A,q_야채_08,잡곡,식료품 중 '야채'를 판매·제공하는 매장,val,야채,T3 개념확장,90eda389-44fa-4cc1-9155-a2d0713a828d,시장야채,야채,우림골목시장,전통시장,서울특별시,,,
9aaefb6f037515df0cec,full_annotation_v1,A,q_야채_08,잡곡,식료품 중 '야채'를 판매·제공하는 매장,val,야채,T3 개념확장,7fdbfbd2-930f-4329-a225-ca7b797e3274,야채,야채,원종고강제일시장(부천제일시장),전통시장,경기도,,,
a1278cdd8f2a839ccbf9,full_annotation_v1,A,q_야채_08,잡곡,식료품 중 '야채'를 판매·제공하는 매장,val,야채,T3 개념확장,09e5fb7c-d0cc-4720-92df-5a5cece636c7,샐러리아 잠실본점,샐러드,방이시장,전통시장,서울특별시,,,
23cb385a8709bd0e113b,full_annotation_v1,A,q_야채_08,잡곡,식료품 중 '야채'를 판매·제공하는 매장,val,야채,T3 개념확장,57a1c327-c233-4d2f-9ac3-060ae21c1539,잡곡상회,잡곡,염매시장(의성중앙시장),전통시장,경상북도,,,
c490c3082db3066e8b5e,full_annotation_v1,A,q_야채_08,잡곡,식료품 중 '야채'를 판매·제공하는 매장,val,야채,T3 개념확장,00c56499-bc90-4ed6-bb66-3802cc762889,의령상회,채소,부전상가시장,전통시장,부산광역시,,,
589a13c261034762246a,full_annotation_v1,A,q_야채_08,잡곡,식료품 중 '야채'를 판매·제공하는 매장,val,야채,T3 개념확장,77199ec6-6205-4911-83a3-bad17d8b19fb,황금야채,야채,장림골목시장,전통시장,부산광역시,,,
e39a4ea1f832898737d1,full_annotation_v1,A,q_야채_09,야채 파는 곳,식료품 중 '야채'를 판매·제공하는 매장,val,야채,T4 구어·문장,e6314d4a-d954-48eb-b17a-3a06f04622e7,제일상회,채소,대구청과시장,전통시장,대구광역시,,,
fb9f6854912ce00e0c4b,full_annotation_v1,A,q_야채_09,야채 파는 곳,식료품 중 '야채'를 판매·제공하는 매장,val,야채,T4 구어·문장,abf7f4e2-8174-48ee-b932-ed986e900b4d,안성야채,야채,삼익2차쇼핑 골목형상점가,골목형상점가,서울특별시,,,
676e6ad44ddcb6194507,full_annotation_v1,A,q_야채_09,야채 파는 곳,식료품 중 '야채'를 판매·제공하는 매장,val,야채,T4 구어·문장,98f0ab8f-97a8-430a-bbf0-8812a6fdbe7f,충남상회,채소,대구청과시장,전통시장,대구광역시,,,
6ddeca763577d16cc0b9,full_annotation_v1,A,q_야채_09,야채 파는 곳,식료품 중 '야채'를 판매·제공하는 매장,val,야채,T4 구어·문장,82bf2105-0a85-4fe7-8777-8f049077d57f,상우네 야채,야채,만수시장,전통시장,인천광역시,,,
c8350eb583be57d896d4,full_annotation_v1,A,q_야채_09,야채 파는 곳,식료품 중 '야채'를 판매·제공하는 매장,val,야채,T4 구어·문장,566dd58f-9081-4d60-b591-35b8d7a1384f,머슴상회,야채,천안중앙시장,전통시장,충청남도,,,
039f1bf54ee40daefd19,full_annotation_v1,A,q_야채_09,야채 파는 곳,식료품 중 '야채'를 판매·제공하는 매장,val,야채,T4 구어·문장,dc36b3cd-55a1-4ef4-8b39-1207ee18740b,대저상회,채소,부전시장,전통시장,부산광역시,,,
782ea592dcd8021aff7a,full_annotation_v1,A,q_야채_09,야채 파는 곳,식료품 중 '야채'를 판매·제공하는 매장,val,야채,T4 구어·문장,3d7157f4-0e98-40c6-b6c7-bf3414ec6af7,우리식품,채소,사천 삼천포전통수산시장,전통시장,경상남도,,,
13a93e558218ea49b134,full_annotation_v1,A,q_야채_09,야채 파는 곳,식료품 중 '야채'를 판매·제공하는 매장,val,야채,T4 구어·문장,a50d9588-45fd-4e3c-8f9c-22121b7280af,왜관채소,채소,지산목련시장(구 지산종합시장),전통시장,대구광역시,,,
374c9311f3901f88baee,full_annotation_v1,A,q_야채_09,야채 파는 곳,식료품 중 '야채'를 판매·제공하는 매장,val,야채,T4 구어·문장,014fc673-2f3b-48cf-a134-d5aebb132435,동성상회,야채,동두천중앙시장,전통시장,경기도,,,
5c3c6747fc8581ee89c3,full_annotation_v1,A,q_야채_09,야채 파는 곳,식료품 중 '야채'를 판매·제공하는 매장,val,야채,T4 구어·문장,dab3a00c-faca-4ab5-bf89-cc9a14bd95bf,프로비타민,야채,정서진중앙시장(구 서구중앙시장),전통시장,인천광역시,,,
be162e4b8d31dd0513d7,full_annotation_v1,A,q_야채_09,야채 파는 곳,식료품 중 '야채'를 판매·제공하는 매장,val,야채,T4 구어·문장,d19b3de6-4ddc-444e-9f05-82025eb1d7d6,옥석야채,야채,만수시장,전통시장,인천광역시,,,
672e52628b028ec90970,full_annotation_v1,A,q_야채_09,야채 파는 곳,식료품 중 '야채'를 판매·제공하는 매장,val,야채,T4 구어·문장,f8a10401-ff1a-40ee-9067-281a1d4518d8,달전채소,채소,장량성도시장,전통시장,경상북도,,,
d461aae65a9191a61af9,full_annotation_v1,A,q_야채_09,야채 파는 곳,식료품 중 '야채'를 판매·제공하는 매장,val,야채,T4 구어·문장,d2a8b020-09e7-46f6-8fa3-f2c4b6e1e0c9,현대유리,소매업(유리제품),덕소상점가,자율상권구역,경기도,,,
96fac29d6670c3ec4dbd,full_annotation_v1,A,q_야채_09,야채 파는 곳,식료품 중 '야채'를 판매·제공하는 매장,val,야채,T4 구어·문장,7fdbfbd2-930f-4329-a225-ca7b797e3274,야채,야채,원종고강제일시장(부천제일시장),전통시장,경기도,,,
34f8f3052f55ee842942,full_annotation_v1,A,q_야채_09,야채 파는 곳,식료품 중 '야채'를 판매·제공하는 매장,val,야채,T4 구어·문장,02cd49c1-117e-49ae-99bf-5d0e3b6658d9,시장뼈해장국,뼈해장국,문산자유시장,전통시장,경기도,,,
b6d3f3cf560d8692bf45,full_annotation_v1,A,q_야채_09,야채 파는 곳,식료품 중 '야채'를 판매·제공하는 매장,val,야채,T4 구어·문장,d7ba6209-f2bc-4dd0-baba-f9b869bd5ee6,형제상회,채소,문경중앙시장,전통시장,경상북도,,,
cb7d68670166635300e6,full_annotation_v1,A,q_야채_09,야채 파는 곳,식료품 중 '야채'를 판매·제공하는 매장,val,야채,T4 구어·문장,005313c8-dce8-49b6-9841-9143ebb1305a,동원떡집,,박달시장,전통시장,경기도,,,
b85af1eea7fa0f8a0984,full_annotation_v1,A,q_야채_09,야채 파는 곳,식료품 중 '야채'를 판매·제공하는 매장,val,야채,T4 구어·문장,007fd232-3c16-44ff-be59-cf265f3775e9,동문상회,채소버섯,팔달신시장,전통시장,대구광역시,,,
531be39afc2f40c26c5d,full_annotation_v1,A,q_야채_09,야채 파는 곳,식료품 중 '야채'를 판매·제공하는 매장,val,야채,T4 구어·문장,2385215d-5191-4480-b3cf-b47070fb4681,평림상회,야채,통영 서호전통시장,전통시장,경상남도,,,
a79941cd0541120562a1,full_annotation_v1,A,q_야채_09,야채 파는 곳,식료품 중 '야채'를 판매·제공하는 매장,val,야채,T4 구어·문장,ee64db6b-6b64-4d05-9bcb-5c8946a9a463,서울상회,채소,순천역전시장상가,자율상권구역,전라남도,,,
a91ac2ce4c9ee6ad6f8c,full_annotation_v1,A,q_야채_09,야채 파는 곳,식료품 중 '야채'를 판매·제공하는 매장,val,야채,T4 구어·문장,6d1c0565-84e3-4504-969a-2e55246817f2,동건농산,채소,팔달신시장,전통시장,대구광역시,,,
f6e8b95576ecd584d75a,full_annotation_v1,A,q_야채_09,야채 파는 곳,식료품 중 '야채'를 판매·제공하는 매장,val,야채,T4 구어·문장,5bc3d4b3-d1b8-4f90-8afe-cfec5dc14045,만물채소,채소,연일골목시장상점가,자율상권구역,부산광역시,,,
f58f3cce867bfeb00ad6,full_annotation_v1,A,q_야채_09,야채 파는 곳,식료품 중 '야채'를 판매·제공하는 매장,val,야채,T4 구어·문장,b1b1c759-5ecd-4c2a-a695-cc5800e6e584,여항식품,채소,마산어시장,전통시장,경상남도,,,
a1e51c74783d4b42992e,full_annotation_v1,A,q_야채_09,야채 파는 곳,식료품 중 '야채'를 판매·제공하는 매장,val,야채,T4 구어·문장,e78cf66f-c6f3-44d3-ac7d-24984cd9cffe,늘푸른상회,채소,순천역전시장상가,자율상권구역,전라남도,,,
31c1bf9b73adb17d8047,full_annotation_v1,A,q_야채_09,야채 파는 곳,식료품 중 '야채'를 판매·제공하는 매장,val,야채,T4 구어·문장,009f034c-8e3b-4a32-aab3-55ece8718004,장봐주는언니 임동점,농수축산물및 가공식품,제니스 골목형상점가,골목형상점가,광주광역시,,,
e2ba06f4be26f2c5ad1d,full_annotation_v1,A,q_야채_09,야채 파는 곳,식료품 중 '야채'를 판매·제공하는 매장,val,야채,T4 구어·문장,3ed38013-1009-4b72-ba3f-b10030148289,큰밭상회,채소,팔달신시장,전통시장,대구광역시,,,
977253f7d1bb9ec07672,full_annotation_v1,A,q_야채_09,야채 파는 곳,식료품 중 '야채'를 판매·제공하는 매장,val,야채,T4 구어·문장,fd2a5cfb-f273-4717-a20e-73320d38f2e4,싱싱야채,야채,고성 공룡시장,전통시장,경상남도,,,
45c18b840a3bfdb8e368,full_annotation_v1,A,q_야채_09,야채 파는 곳,식료품 중 '야채'를 판매·제공하는 매장,val,야채,T4 구어·문장,2165f004-4591-41e8-805e-08be082aa28c,정가네식품,채소,청주육거리종합시장,전통시장,충청북도,,,
5a42c4acc8b424797c04,full_annotation_v1,A,q_야채_09,야채 파는 곳,식료품 중 '야채'를 판매·제공하는 매장,val,야채,T4 구어·문장,0a4b1046-fda3-4295-88a3-f8574a7921d1,송동상회,채소,남원용남시장,전통시장,전북특별자치도,,,
c91ada8d40c46772d8c0,full_annotation_v1,A,q_야채_09,야채 파는 곳,식료품 중 '야채'를 판매·제공하는 매장,val,야채,T4 구어·문장,77199ec6-6205-4911-83a3-bad17d8b19fb,황금야채,야채,장림골목시장,전통시장,부산광역시,,,
65981590299f386d4ac0,full_annotation_v1,A,q_야채_09,야채 파는 곳,식료품 중 '야채'를 판매·제공하는 매장,val,야채,T4 구어·문장,7ff1a1b0-1547-4ab3-9dd0-a48265949d0d,은주상회,채소,부산새벽시장,전통시장,부산광역시,,,
1bf6fbcfeedbc9074721,full_annotation_v1,A,q_야채_09,야채 파는 곳,식료품 중 '야채'를 판매·제공하는 매장,val,야채,T4 구어·문장,23d892f6-9c79-479f-903d-4118c0a58dce,싱싱야채,야채,남구로시장,전통시장,서울특별시,,,
20fb1e8321df1de4c99b,full_annotation_v1,A,q_야채_09,야채 파는 곳,식료품 중 '야채'를 판매·제공하는 매장,val,야채,T4 구어·문장,9174154b-b080-4623-881f-4b9843b13400,대성상회,채소,부산새벽시장,전통시장,부산광역시,,,
cad83bdfc5ce0cbbe304,full_annotation_v1,A,q_야채_09,야채 파는 곳,식료품 중 '야채'를 판매·제공하는 매장,val,야채,T4 구어·문장,014b06bd-3fa3-4cde-b459-e62ca64c33aa,조은식품,채소,하양꿈바우시장,전통시장,경상북도,,,
0e7ad033a04b5155a86a,full_annotation_v1,A,q_야채_09,야채 파는 곳,식료품 중 '야채'를 판매·제공하는 매장,val,야채,T4 구어·문장,00f0eee4-789e-4a7b-afc5-f1e7fc279b83,전국상회,야채,청량리종합시장,전통시장,서울특별시,,,
88ec955d7f9346679908,full_annotation_v1,A,q_야채_09,야채 파는 곳,식료품 중 '야채'를 판매·제공하는 매장,val,야채,T4 구어·문장,317bc44d-d6e1-4c8a-99ad-2e79ce21c843,강남상회,야채,세종전통시장,전통시장,세종특별자치시,,,
ba71cbbdaadba2ea6194,full_annotation_v1,A,q_야채_09,야채 파는 곳,식료품 중 '야채'를 판매·제공하는 매장,val,야채,T4 구어·문장,b78dda6f-90f1-4cbe-8341-58fe3462ffb4,합천채소,채소,성서와룡시장,전통시장,대구광역시,,,
fbffeb804b909ccfaed6,full_annotation_v1,A,q_야채_09,야채 파는 곳,식료품 중 '야채'를 판매·제공하는 매장,val,야채,T4 구어·문장,00b6e321-5954-437c-b1d9-94fded29f67e,웰빙마트,식품,서남신시장,전통시장,대구광역시,,,
51ed3dcac01e357cf34e,full_annotation_v1,A,q_야채_09,야채 파는 곳,식료품 중 '야채'를 판매·제공하는 매장,val,야채,T4 구어·문장,fbcc3687-4672-4de3-ae9e-1a8c75592d8c,싱싱야채,야채,남부골목시장,전통시장,서울특별시,,,
6cbe598073826845b4a4,full_annotation_v1,A,q_야채_09,야채 파는 곳,식료품 중 '야채'를 판매·제공하는 매장,val,야채,T4 구어·문장,11fc575f-379a-4acb-b191-8fc2793543bd,영수야채,야채,남광주해뜨는시장,전통시장,광주광역시,,,
8c5137c3463c44ac1aaf,full_annotation_v1,A,q_야채_09,야채 파는 곳,식료품 중 '야채'를 판매·제공하는 매장,val,야채,T4 구어·문장,8bb83aa6-dcc0-47be-80b9-50c422cc1024,대귀상회,야채,군산신영시장,전통시장,전북특별자치도,,,
464e3fd817dbeba1eb07,full_annotation_v1,A,q_야채_09,야채 파는 곳,식료품 중 '야채'를 판매·제공하는 매장,val,야채,T4 구어·문장,cd179f43-3d1b-4fae-b8f4-2019a7cbf45e,서울상회,채소,가좌시장,전통시장,인천광역시,,,
cb775e38a216c3d4f205,full_annotation_v1,A,q_야채_09,야채 파는 곳,식료품 중 '야채'를 판매·제공하는 매장,val,야채,T4 구어·문장,8517685b-4c39-4761-b5b0-ecf075b54f14,육해공돈까스,돈까스 및 분식,수암상가시장,전통시장,울산광역시,,,
28642c83515cf8750c6c,full_annotation_v1,A,q_야채_09,야채 파는 곳,식료품 중 '야채'를 판매·제공하는 매장,val,야채,T4 구어·문장,8fc54e1e-5a71-49cc-9b3a-2a30e7a82641,현우네좋고싸고우리농산물,야채,옥련시장,전통시장,인천광역시,,,
c0874500db49ed03b0a1,full_annotation_v1,A,q_야채_09,야채 파는 곳,식료품 중 '야채'를 판매·제공하는 매장,val,야채,T4 구어·문장,9dd34df2-6ad5-4181-ae5c-ad03fb6a14dd,제일상회,채소,양동시장,전통시장,광주광역시,,,
a39e0d64ce3b5e7be164,full_annotation_v1,A,q_야채_09,야채 파는 곳,식료품 중 '야채'를 판매·제공하는 매장,val,야채,T4 구어·문장,1ad4711d-8b4e-46c3-ba87-3754ea3b2ed8,도양상회,야채,안양남부시장,전통시장,경기도,,,
72df38831b3572efe6da,full_annotation_v1,A,q_야채_09,야채 파는 곳,식료품 중 '야채'를 판매·제공하는 매장,val,야채,T4 구어·문장,5eb01bb1-b190-493d-ac36-30e486161eb5,야채파는남자,야채,수유중앙골목시장골목형상점가,골목형상점가,서울특별시,,,
c54c2f70dfa7607d29b4,full_annotation_v1,A,q_야채_09,야채 파는 곳,식료품 중 '야채'를 판매·제공하는 매장,val,야채,T4 구어·문장,00344d24-5aaa-4dc7-ba51-3c041c147576,고향뜰영농조합법인,농산물,양산 북부시장,전통시장,경상남도,,,
9b8111260b6831bb6c78,full_annotation_v1,A,q_야채_09,야채 파는 곳,식료품 중 '야채'를 판매·제공하는 매장,val,야채,T4 구어·문장,f19fad50-cf70-4c77-9d0c-050e1962ac04,희망야채,야채,청주육거리종합시장,전통시장,충청북도,,,
d050686d23c1131c73ac,full_annotation_v1,A,q_야채_09,야채 파는 곳,식료품 중 '야채'를 판매·제공하는 매장,val,야채,T4 구어·문장,2d46893f-d0a7-4039-9a24-f22cf4c0a725,야채마을,채소,나주목사고을시장,전통시장,,,,
e9f689754d295b3c0d1a,full_annotation_v1,A,q_야채_09,야채 파는 곳,식료품 중 '야채'를 판매·제공하는 매장,val,야채,T4 구어·문장,00045dfc-0681-4fb3-8265-33b3df14c289,한라농산,과일,황지시장상점가,자율상권구역,강원특별자치도,,,
131135b40cc4ce80d001,full_annotation_v1,A,q_야채_09,야채 파는 곳,식료품 중 '야채'를 판매·제공하는 매장,val,야채,T4 구어·문장,bd019565-279e-4885-a9e9-8710ba8ce2c0,형제상회,채소,부산새벽시장,전통시장,부산광역시,,,
526eeb34924f4a2b7c02,full_annotation_v1,A,q_야채_09,야채 파는 곳,식료품 중 '야채'를 판매·제공하는 매장,val,야채,T4 구어·문장,2ab80a52-3a34-4399-9dae-c7ffae49cee0,대구상회,채소,경주성동공설시장,전통시장,경상북도,,,
2b1a35a564d8a23ced70,full_annotation_v1,A,q_야채_09,야채 파는 곳,식료품 중 '야채'를 판매·제공하는 매장,val,야채,T4 구어·문장,4153b473-b7ad-4814-b6f0-07ab68bed172,대박야채,야채,광명새마을시장,전통시장,경기도,,,
a81000dea806fb55346b,full_annotation_v1,A,q_야채_09,야채 파는 곳,식료품 중 '야채'를 판매·제공하는 매장,val,야채,T4 구어·문장,39938315-1619-4929-b18e-0a6a44a196c9,감자정육점,정육,아름동상점가,자율상권구역,세종특별자치시,,,
67a4c925e8483ad99a7b,full_annotation_v1,A,q_야채_09,야채 파는 곳,식료품 중 '야채'를 판매·제공하는 매장,val,야채,T4 구어·문장,03a6e716-3825-40e3-ba06-e047ee5e5483,부일반찬,김치,초량전통시장,전통시장,부산광역시,,,
e461f4d52e038bbd412c,full_annotation_v1,A,q_야채_09,야채 파는 곳,식료품 중 '야채'를 판매·제공하는 매장,val,야채,T4 구어·문장,19e67eb5-1906-430e-b7cf-ff1f93875af2,현대상회,채소,목포동부시장,전통시장,전라남도,,,
7b4149a7ad5cada37d03,full_annotation_v1,A,q_야채_09,야채 파는 곳,식료품 중 '야채'를 판매·제공하는 매장,val,야채,T4 구어·문장,9ac244b8-9fc1-4477-adfd-13882109a6b1,형제상회,채소,논산화지중앙시장,전통시장,충청남도,,,
12fe6e829cf55de51d40,full_annotation_v1,A,q_야채_09,야채 파는 곳,식료품 중 '야채'를 판매·제공하는 매장,val,야채,T4 구어·문장,cb0c9232-ca19-47a1-bc4c-f0fc7c27e1fb,유림채소,채소,익산북부시장,전통시장,전북특별자치도,,,
97c93791e944b0b118b1,full_annotation_v1,A,q_야채_09,야채 파는 곳,식료품 중 '야채'를 판매·제공하는 매장,val,야채,T4 구어·문장,008d4156-e489-4d1f-9205-b541972d35a8,과일왕,과일 잡화 야채 먹거리,연제동 골목형상점가,골목형상점가,광주광역시,,,
257015e5b4921d5c5fde,full_annotation_v1,A,q_야채_09,야채 파는 곳,식료품 중 '야채'를 판매·제공하는 매장,val,야채,T4 구어·문장,00818eab-32ca-497e-ad5c-1c301a7ea4c9,13번상회,채소,마산 동마산시장,전통시장,경상남도,,,
86a66274d5ca234610cc,full_annotation_v1,A,q_야채_09,야채 파는 곳,식료품 중 '야채'를 판매·제공하는 매장,val,야채,T4 구어·문장,29e43063-7953-4c44-91ca-a9a49e4d3010,대응상회,채소,중앙신시장,전통시장,경상북도,,,
552bc847cafcb075c76e,full_annotation_v1,A,q_야채_09,야채 파는 곳,식료품 중 '야채'를 판매·제공하는 매장,val,야채,T4 구어·문장,90eda389-44fa-4cc1-9155-a2d0713a828d,시장야채,야채,우림골목시장,전통시장,서울특별시,,,
e545afc2822b2655af51,full_annotation_v1,A,q_야채_09,야채 파는 곳,식료품 중 '야채'를 판매·제공하는 매장,val,야채,T4 구어·문장,2cddfc7a-87a2-4c8a-9ef4-161ce8b88525,신광천상회,채소,현대시장,전통시장,인천광역시,,,
9bcb0efbf2373ac1b57a,full_annotation_v1,A,q_야채_09,야채 파는 곳,식료품 중 '야채'를 판매·제공하는 매장,val,야채,T4 구어·문장,a9aa7a13-c281-4b12-b3e7-f70506128348,용인야채,야채,수원못골종합시장,전통시장,경기도,,,
52cb0af7618a0b18a023,full_annotation_v1,A,q_야채_09,야채 파는 곳,식료품 중 '야채'를 판매·제공하는 매장,val,야채,T4 구어·문장,05530d0f-82ed-47a1-8015-32b6c30e3752,진수산삼다식품,"젓갈류, 김치, 수산물",동문재래시장,전통시장,제주특별자치도,,,
08be0580a6c07e8d667d,full_annotation_v1,A,q_야채_09,야채 파는 곳,식료품 중 '야채'를 판매·제공하는 매장,val,야채,T4 구어·문장,eb6346be-6954-44fb-bbe5-653d2b6113c6,제일상회,채소,부여중앙시장,전통시장,충청남도,,,
d6db6c1a6ff0565764b9,full_annotation_v1,A,q_야채_09,야채 파는 곳,식료품 중 '야채'를 판매·제공하는 매장,val,야채,T4 구어·문장,15578c36-25cb-47c6-b623-02d015391845,서가네쌈밥,쌈밥,면곡시장 골목형상점가,골목형상점가,서울특별시,,,
919767f45d64a4d0e5c6,full_annotation_v1,A,q_야채_09,야채 파는 곳,식료품 중 '야채'를 판매·제공하는 매장,val,야채,T4 구어·문장,006601da-192a-4275-90bf-aa320c79ea9f,바이럽,샐러드,현풍백년도깨비시장,전통시장,대구광역시,,,
c40ee45f7fab8c4e1d28,full_annotation_v1,A,q_야채_09,야채 파는 곳,식료품 중 '야채'를 판매·제공하는 매장,val,야채,T4 구어·문장,d880e5b2-24eb-4736-b346-ab9356a43307,소미션스 MMA 주짓수,체육도장,효실천거리 골목형상점가,골목형상점가,인천광역시,,,
958e04ad7ab82c1e5d99,full_annotation_v1,A,q_야채_09,야채 파는 곳,식료품 중 '야채'를 판매·제공하는 매장,val,야채,T4 구어·문장,b15231c9-07aa-4d31-9c9e-611b56f7614b,대전야채,야채,신도꼼지락시장,전통시장,대전광역시,,,
2e745ce2af83f9f3fafe,full_annotation_v1,A,q_야채_09,야채 파는 곳,식료품 중 '야채'를 판매·제공하는 매장,val,야채,T4 구어·문장,1ca7b792-9350-4c78-88ce-80d12cf01a50,푸른뫼,채소,춘천풍물시장,전통시장,강원특별자치도,,,
d3da8c3e3f7b9e25b825,full_annotation_v1,A,q_야채_09,야채 파는 곳,식료품 중 '야채'를 판매·제공하는 매장,val,야채,T4 구어·문장,511a3791-bc82-4544-9ffc-f7620be133d6,서원상회,야채,안양남부시장,전통시장,경기도,,,
0c0c5adb65a47acdde31,full_annotation_v1,A,q_야채_09,야채 파는 곳,식료품 중 '야채'를 판매·제공하는 매장,val,야채,T4 구어·문장,0d8ef83e-b4ad-49e5-8c89-5ab441c6fe4e,초록야채,야채,정서진중앙시장(구 서구중앙시장),전통시장,인천광역시,,,
29e2f488560eafd581b9,full_annotation_v1,A,q_야채_09,야채 파는 곳,식료품 중 '야채'를 판매·제공하는 매장,val,야채,T4 구어·문장,c587805a-64c7-4032-90a2-1531a5cd1085,경북상회,채소,청주중앙시장,전통시장,충청북도,,,
c49d9743f9be8f602496,full_annotation_v1,A,q_야채_09,야채 파는 곳,식료품 중 '야채'를 판매·제공하는 매장,val,야채,T4 구어·문장,c5e297ee-9dde-43ca-8d25-53aed83d978a,공주채소,채소,세종전통시장,전통시장,세종특별자치시,,,
78ba8c9ab61fa1498514,full_annotation_v1,A,q_야채_09,야채 파는 곳,식료품 중 '야채'를 판매·제공하는 매장,val,야채,T4 구어·문장,0700b2fe-2a31-412d-98a5-a551eb7fbcda,싱싱야채,야채,계산시장,전통시장,인천광역시,,,
982208ae3e1d7bedb2b9,full_annotation_v1,A,q_야채_09,야채 파는 곳,식료품 중 '야채'를 판매·제공하는 매장,val,야채,T4 구어·문장,12bac5de-59a7-472a-946b-5e38694a5648,한옥촌,쌈밥,전농배봉산맛집거리골목형상점가,골목형상점가,서울특별시,,,
251bdd56ba9592207324,full_annotation_v1,A,q_야채_09,야채 파는 곳,식료품 중 '야채'를 판매·제공하는 매장,val,야채,T4 구어·문장,24456103-f6b8-46af-8655-82e61d7265d8,커피가 머무르는 곳,커피,반드레길골목형상점가,골목형상점가,서울특별시,,,
7126b506b9dbbe69fbd7,full_annotation_v1,A,q_야채_09,야채 파는 곳,식료품 중 '야채'를 판매·제공하는 매장,val,야채,T4 구어·문장,43712ad7-9ddc-4f80-a87d-f71e03532f8e,유한농산물,채소,창원 반송시장,전통시장,경상남도,,,
fd00b8afe8508ac89c02,full_annotation_v1,A,q_야채_09,야채 파는 곳,식료품 중 '야채'를 판매·제공하는 매장,val,야채,T4 구어·문장,13c1bdc0-9bb0-4f9d-8b02-2b5865190f0e,대성상회,채소,경주성동공설시장,전통시장,경상북도,,,
1dd936ba2cddd3282f04,full_annotation_v1,A,q_야채_09,야채 파는 곳,식료품 중 '야채'를 판매·제공하는 매장,val,야채,T4 구어·문장,cb85d4c6-1179-419e-833a-a803adff67ee,다름이네 채소,채소,우장산역 골목형상점가,골목형상점가,서울특별시,,,
cb1533db6b552a47b79f,full_annotation_v1,A,q_야채_09,야채 파는 곳,식료품 중 '야채'를 판매·제공하는 매장,val,야채,T4 구어·문장,19f80ad5-7c10-4c16-bff4-8218962d912e,공주집,"채소.야채, 채소",대명여울빛거리시장,전통시장,서울특별시,,,
0e5fe79214ff1a6b8ccb,full_annotation_v1,A,q_야채_09,야채 파는 곳,식료품 중 '야채'를 판매·제공하는 매장,val,야채,T4 구어·문장,83cd06b0-592a-4e4f-b484-e1f030c92cca,재필상회,채소,남천해변시장,전통시장,부산광역시,,,
23d3af3ce39c01e46316,full_annotation_v1,A,q_야채_09,야채 파는 곳,식료품 중 '야채'를 판매·제공하는 매장,val,야채,T4 구어·문장,d92b7520-22e8-4f13-b2c6-1eb40f26a376,유섭야채,야채,광명전통시장,전통시장,경기도,,,
945c77f348e433897ddb,full_annotation_v1,A,q_야채_09,야채 파는 곳,식료품 중 '야채'를 판매·제공하는 매장,val,야채,T4 구어·문장,f9b5b9dd-654d-4edd-9c8f-13716cee3e9d,대성상회,채소,부산새벽시장,전통시장,부산광역시,,,
555f5224f2e13eac2b90,full_annotation_v1,A,q_야채_09,야채 파는 곳,식료품 중 '야채'를 판매·제공하는 매장,val,야채,T4 구어·문장,10e4b9b6-662b-436c-b9b7-b82677f0ecd8,계룡야채,야채,부사시장,전통시장,대전광역시,,,
0cacf8c775b3320d4499,full_annotation_v1,A,q_야채_09,야채 파는 곳,식료품 중 '야채'를 판매·제공하는 매장,val,야채,T4 구어·문장,651acbd2-2e15-476d-8198-dc2227854d2f,싱싱과일 야채,과일 야채,서부시장상점가(서부시장 통합),전통시장,전북특별자치도,,,
95b38cc5d2fc78359b73,full_annotation_v1,A,q_야채_09,야채 파는 곳,식료품 중 '야채'를 판매·제공하는 매장,val,야채,T4 구어·문장,2de2bd43-1d82-4700-b2b7-8091b92a55c4,제일상회,채소,부평깡시장,전통시장,인천광역시,,,
c6e223947429864d711c,full_annotation_v1,A,q_야채_09,야채 파는 곳,식료품 중 '야채'를 판매·제공하는 매장,val,야채,T4 구어·문장,3a9a5b6c-7637-4271-90f5-993ce8312d59,알뜰야채,야채,창원 반송시장,전통시장,경상남도,,,
5b194440deb33c07f043,full_annotation_v1,A,q_야채_09,야채 파는 곳,식료품 중 '야채'를 판매·제공하는 매장,val,야채,T4 구어·문장,30c729cc-f578-48a6-9b55-08219c4f38db,"석현과일,야채","과일, 야채",원주미로예술중앙시장(원주중앙시장),전통시장,강원특별자치도,,,
efd89a4734766f6e07b8,full_annotation_v1,A,q_야채_09,야채 파는 곳,식료품 중 '야채'를 판매·제공하는 매장,val,야채,T4 구어·문장,78a9534c-4bf0-45c7-b5c8-39460fc76435,대운상회,채소,포항죽도농산물시장,전통시장,경상북도,,,
a56ee1d34766db87fabd,full_annotation_v1,A,q_야채_09,야채 파는 곳,식료품 중 '야채'를 판매·제공하는 매장,val,야채,T4 구어·문장,8560e342-8e93-413a-bb3e-3617e6fb496c,대성상회,채소,대구청과시장,전통시장,대구광역시,,,
ce3373fc9f4c3152c874,full_annotation_v1,A,q_야채_09,야채 파는 곳,식료품 중 '야채'를 판매·제공하는 매장,val,야채,T4 구어·문장,68620e4a-20c8-4cb4-a5a8-661ad20e238f,땟깔,야채,괴정골목시장,전통시장,부산광역시,,,
fdc07d7273d53809aef4,full_annotation_v1,A,q_야채_09,야채 파는 곳,식료품 중 '야채'를 판매·제공하는 매장,val,야채,T4 구어·문장,a67ec970-f6ac-4314-832a-4ad66d5057d7,퇴촌,채소,청량리농수산물시장,전통시장,서울특별시,,,
910f90b8175eb2f4c851,full_annotation_v1,A,q_야채_09,야채 파는 곳,식료품 중 '야채'를 판매·제공하는 매장,val,야채,T4 구어·문장,e94f5f02-ffaf-47ef-8545-3475b1036d35,싱싱야채,야채,계양산전통시장,전통시장,인천광역시,,,
7dae65da7007b308b530,full_annotation_v1,A,q_야채_09,야채 파는 곳,식료품 중 '야채'를 판매·제공하는 매장,val,야채,T4 구어·문장,d1ae37a7-f14f-4ee7-a867-00daf67c85b7,사석채소,채소,운수대통!생거진천전통시장,전통시장,충청북도,,,
1e925f33725c66c97814,full_annotation_v1,A,q_야채_09,야채 파는 곳,식료품 중 '야채'를 판매·제공하는 매장,val,야채,T4 구어·문장,0e0865e7-732d-4b06-b3ab-ea1437d98b11,다원상회,채소,부산새벽시장,전통시장,부산광역시,,,
07cc4428191138df65a7,full_annotation_v1,A,q_야채_09,야채 파는 곳,식료품 중 '야채'를 판매·제공하는 매장,val,야채,T4 구어·문장,c161453d-f2c8-4b97-a2c3-a54e0cbdb7e8,생활용품 싸게 파는 집,잡화,안성중앙시장,전통시장,경기도,,,
40e41f030108a5fc51c6,full_annotation_v1,A,q_야채_09,야채 파는 곳,식료품 중 '야채'를 판매·제공하는 매장,val,야채,T4 구어·문장,c27af181-a924-4d29-810b-f49578bef2b7,진주상회,채소,엄궁농산물도매시장식품·청과 소매동 골목형상점가,골목형상점가,부산광역시,,,
80a95a1ec9ba2289ab7b,full_annotation_v1,A,q_야채_09,야채 파는 곳,식료품 중 '야채'를 판매·제공하는 매장,val,야채,T4 구어·문장,cbde5229-a947-400e-8b14-8f986136869f,한국야채,야채,동문동 골목형상점가,골목형상점가,충청남도,,,
f0838cc13a2cf848df32,full_annotation_v1,A,q_야채_09,야채 파는 곳,식료품 중 '야채'를 판매·제공하는 매장,val,야채,T4 구어·문장,70934fce-553c-492e-933e-6ab62f6d6097,영광상회,야채,경동시장,전통시장,서울특별시,,,
5d121d66119c95a44f63,full_annotation_v1,A,q_야채_09,야채 파는 곳,식료품 중 '야채'를 판매·제공하는 매장,val,야채,T4 구어·문장,06f191fb-14b4-4d51-8efb-39d44343f1a7,유한회사 바르메이드,샐러드,상무시청상인회 골목형상점가,골목형상점가,광주광역시,,,
38802c7a5fe47c8bb7e0,full_annotation_v1,A,q_야채_09,야채 파는 곳,식료품 중 '야채'를 판매·제공하는 매장,val,야채,T4 구어·문장,00e92856-b294-4032-8540-d60e9817f2d8,럭키약국,"의약품, 건강기능식품, 식품",충무로골목형상점가,골목형상점가,서울특별시,,,
e24998dc539ed903bd9e,full_annotation_v1,A,q_야채_09,야채 파는 곳,식료품 중 '야채'를 판매·제공하는 매장,val,야채,T4 구어·문장,d9ce4406-658b-4627-9a88-ad8edf6f48f3,싱싱야채,야채,시흥삼미시장,전통시장,경기도,,,
8125ccd681ff44bffcd9,full_annotation_v1,A,q_야채_09,야채 파는 곳,식료품 중 '야채'를 판매·제공하는 매장,val,야채,T4 구어·문장,547be72a-2b08-4865-acc9-efec48cc1450,야채꾼,야채,신 강남시장,전통시장,인천광역시,,,
58feedcccae147115720,full_annotation_v1,A,q_야채_09,야채 파는 곳,식료품 중 '야채'를 판매·제공하는 매장,val,야채,T4 구어·문장,c45555c4-dc1b-41a2-bcda-18ac0e5ed034,현대상회,채소,충무동 새벽시장,전통시장,부산광역시,,,
704053b1a3c8b7928d89,full_annotation_v1,A,q_야채_09,야채 파는 곳,식료품 중 '야채'를 판매·제공하는 매장,val,야채,T4 구어·문장,9e6319a1-f74a-46e0-a95d-68689f49f7c9,춤추는 갈매기,갈매기살,인하문화의거리 골목형상점가,골목형상점가,인천광역시,,,
17bb953b57a544378ea5,full_annotation_v1,A,q_야채_09,야채 파는 곳,식료품 중 '야채'를 판매·제공하는 매장,val,야채,T4 구어·문장,48db5bd7-0043-4781-9174-a29b826ac87e,통큰야채,야채,법동시장,전통시장,대전광역시,,,
ffb2d4c3ea11cd066409,full_annotation_v1,A,q_야채_09,야채 파는 곳,식료품 중 '야채'를 판매·제공하는 매장,val,야채,T4 구어·문장,545c6f7a-bb0e-4ebe-a9e4-40fccb81edc6,중앙채소,채소,논공중앙시장,전통시장,대구광역시,,,
c76c3ffd2d95648b6596,full_annotation_v1,A,q_야채_09,야채 파는 곳,식료품 중 '야채'를 판매·제공하는 매장,val,야채,T4 구어·문장,e007b87d-1c63-4958-91e1-24d453f10328,아해뜰채소,채소,목포청호시장,전통시장,,,,
ada404a94ce28510966d,full_annotation_v1,A,q_야채_09,야채 파는 곳,식료품 중 '야채'를 판매·제공하는 매장,val,야채,T4 구어·문장,008d1ed4-a5d7-492e-9959-f8307a68cc5f,샐러드 정원,"샐러드, 샌드위치",미성동도깨비시장,골목형상점가,서울특별시,,,
f6909cd550a44bba3ffc,full_annotation_v1,A,q_야채_09,야채 파는 곳,식료품 중 '야채'를 판매·제공하는 매장,val,야채,T4 구어·문장,78b83dcc-b9e0-41c2-bf57-021dc7145ffd,싱싱야채,야채,봉천제일종합시장,전통시장,서울특별시,,,
49acd6ab74e6f8b52c05,full_annotation_v1,A,q_야채_09,야채 파는 곳,식료품 중 '야채'를 판매·제공하는 매장,val,야채,T4 구어·문장,0097b3e2-b5cf-4050-b719-c9d7738067c0,시흥상회,"소매(야채,과일)",광명전통시장,전통시장,경기도,,,
4fddf4a9f2080d53ebc3,full_annotation_v1,A,q_야채_09,야채 파는 곳,식료품 중 '야채'를 판매·제공하는 매장,val,야채,T4 구어·문장,0045f871-6f40-4361-bcdd-2b94bf597287,무파장터,야채 청과물,신금정시장 골목형 상점가,골목형상점가,부산광역시,,,
e0222d8425387561602f,full_annotation_v1,A,q_야채_09,야채 파는 곳,식료품 중 '야채'를 판매·제공하는 매장,val,야채,T4 구어·문장,42374bae-8bcb-44a4-a1d1-d0f13d0c80a6,싱싱야채,야채,안동구시장,전통시장,경상북도,,,
33c9082be1c529515626,full_annotation_v1,A,q_야채_09,야채 파는 곳,식료품 중 '야채'를 판매·제공하는 매장,val,야채,T4 구어·문장,7844e557-1d48-454d-9149-e2a3babceea5,한양식품,채소,나주목사고을시장,전통시장,,,,
33fbc90e5408d7868830,full_annotation_v1,A,q_야채_09,야채 파는 곳,식료품 중 '야채'를 판매·제공하는 매장,val,야채,T4 구어·문장,6e0494c5-495b-4a8d-8de2-ecc6ab7d1744,진주상회,채소,대구청과시장,전통시장,대구광역시,,,
42df65a965be64228fa4,full_annotation_v1,A,q_야채_09,야채 파는 곳,식료품 중 '야채'를 판매·제공하는 매장,val,야채,T4 구어·문장,cac8c80b-14e1-4f0e-b478-3337738723d2,점둘상회,채소,충무동 새벽시장,전통시장,부산광역시,,,
76c2437aeaa301bae386,full_annotation_v1,A,q_야채_09,야채 파는 곳,식료품 중 '야채'를 판매·제공하는 매장,val,야채,T4 구어·문장,01b4b567-78d4-4fa1-9bff-25fd01fb1a4c,소문난김치집,김치,중앙먹거리 상인회 골목형상점가,골목형상점가,전라남도,,,
1d1b75b19319e93c9ae7,full_annotation_v1,A,q_야채_09,야채 파는 곳,식료품 중 '야채'를 판매·제공하는 매장,val,야채,T4 구어·문장,2eebb4eb-499d-485a-adc0-f733d88f7abd,제천올포유,스포츠용품 의류,제천시 원도심 상권활성화구역,상권활성화구역,충청북도,,,
5af16f6af31b8135fd70,full_annotation_v1,A,q_야채_09,야채 파는 곳,식료품 중 '야채'를 판매·제공하는 매장,val,야채,T4 구어·문장,6ca921a9-8db7-49f9-b8d0-6e6dc887cc2e,유림상회,야채,보령한내시장,전통시장,충청남도,,,
5574c20418cf4a3804a7,full_annotation_v1,A,q_야채_09,야채 파는 곳,식료품 중 '야채'를 판매·제공하는 매장,val,야채,T4 구어·문장,5ab92d1a-7d3f-4d6a-a019-4f1a2ee7b1bd,믿음야채,야채,원미종합시장,전통시장,경기도,,,
033a61811e05f550da7c,full_annotation_v1,A,q_야채_09,야채 파는 곳,식료품 중 '야채'를 판매·제공하는 매장,val,야채,T4 구어·문장,6684b231-e4c5-47b5-b2e2-6b0ef23ee2f9,숙이네 야채,소매(야채),남양주장현전통시장,전통시장,경기도,,,
791edeb60b5cd3da063c,full_annotation_v1,A,q_야채_09,야채 파는 곳,식료품 중 '야채'를 판매·제공하는 매장,val,야채,T4 구어·문장,54ca1645-4cb0-4ec6-8043-3767c616eb16,제일상회,채소,말바우시장,전통시장,광주광역시,,,
379906531ab70d82ab36,full_annotation_v1,A,q_야채_09,야채 파는 곳,식료품 중 '야채'를 판매·제공하는 매장,val,야채,T4 구어·문장,8dac30b5-783c-4f90-964b-b5384fe436df,용민이네 야채,야채,해남매일시장,전통시장,전라남도,,,
dafaf543bea965c85ee3,full_annotation_v1,A,q_야채_09,야채 파는 곳,식료품 중 '야채'를 판매·제공하는 매장,val,야채,T4 구어·문장,bd6f342d-5f6d-4972-8dfd-ae48461eec88,형규네,채소,수유시장,전통시장,서울특별시,,,
c3b9e37ecdf4a7b4d6f8,full_annotation_v1,A,q_야채_09,야채 파는 곳,식료품 중 '야채'를 판매·제공하는 매장,val,야채,T4 구어·문장,a886d079-e2c9-4f62-8a59-615f9e18b14b,선희네야채,채소,한민시장,전통시장,대전광역시,,,
44994d62db293fc146e2,full_annotation_v1,A,q_야채_09,야채 파는 곳,식료품 중 '야채'를 판매·제공하는 매장,val,야채,T4 구어·문장,a723a32a-cdff-4bd3-a096-38bcaeac6989,진주상회,채소,부전시장,전통시장,부산광역시,,,
a5aac46802d7ea52b224,full_annotation_v1,A,q_야채_09,야채 파는 곳,식료품 중 '야채'를 판매·제공하는 매장,val,야채,T4 구어·문장,98cebc98-8d67-4b55-bf6d-60919650d41a,정미채소,채소,정읍샘고을시장,전통시장,전북특별자치도,,,
9858276f6d186ea42605,full_annotation_v1,A,q_야채_09,야채 파는 곳,식료품 중 '야채'를 판매·제공하는 매장,val,야채,T4 구어·문장,001cb3d4-5441-4963-b517-d5b3904ee312,현창떡집,떡집,목포동부시장,전통시장,전라남도,,,
d37e9bec560bbca8efaf,full_annotation_v1,A,q_야채_09,야채 파는 곳,식료품 중 '야채'를 판매·제공하는 매장,val,야채,T4 구어·문장,f14df4d3-9858-4a8b-8597-20fd477d8e32,갤러리 데 루치아,가구,용인어정가구단지상점가,자율상권구역,경기도,,,
6e7f73c9bdfc7f2c46c6,full_annotation_v1,A,q_야채_09,야채 파는 곳,식료품 중 '야채'를 판매·제공하는 매장,val,야채,T4 구어·문장,5f35d1eb-8806-45cb-8310-e69661deebd8,남목채소,채소,남목전통시장,전통시장,울산광역시,,,
5e2c7e43b8f44c793883,full_annotation_v1,A,q_야채_09,야채 파는 곳,식료품 중 '야채'를 판매·제공하는 매장,val,야채,T4 구어·문장,7e4f631a-1eb4-4a1d-aeef-cefecc53a3ea,원당야채,야채,원당시장(구 원당전통시장),전통시장,경기도,,,
b3a267858ea9b72365f3,full_annotation_v1,A,q_야채_09,야채 파는 곳,식료품 중 '야채'를 판매·제공하는 매장,val,야채,T4 구어·문장,54a6fba6-87e9-4f1e-bb69-287da8b6b49f,짱야채,야채,반구시장,전통시장,울산광역시,,,
8f7b4f770585e51db917,full_annotation_v1,A,q_야채_09,야채 파는 곳,식료품 중 '야채'를 판매·제공하는 매장,val,야채,T4 구어·문장,015915e3-2542-4245-b627-0c775b4c5501,한내떡집,,거제 고현시장,전통시장,경상남도,,,
6fc15a820c27c1fc1b85,full_annotation_v1,A,q_야채_09,야채 파는 곳,식료품 중 '야채'를 판매·제공하는 매장,val,야채,T4 구어·문장,6b053edb-9c80-4cf2-aca8-b22e619ebe9a,알찬농산,야채,산본전통시장(구 군포산본시장),전통시장,경기도,,,
51523d4078d33f42a3fe,full_annotation_v1,A,q_야채_09,야채 파는 곳,식료품 중 '야채'를 판매·제공하는 매장,val,야채,T4 구어·문장,2cf11cc5-9022-4eb1-8719-3842cd345da4,황해상회,야채,부평종합시장,전통시장,인천광역시,,,
5142e27d009374442795,full_annotation_v1,A,q_야채_09,야채 파는 곳,식료품 중 '야채'를 판매·제공하는 매장,val,야채,T4 구어·문장,f4e6430b-f172-4b2a-ba13-43a66ac9fe5a,싱싱야채,야채,박달시장,전통시장,경기도,,,
b094976d2bca30f01479,full_annotation_v1,A,q_야채_09,야채 파는 곳,식료품 중 '야채'를 판매·제공하는 매장,val,야채,T4 구어·문장,12793542-a6b9-4d91-933c-013481c83e89,진덕야채,야채,안양남부시장,전통시장,경기도,,,
3c177e6b446e536eb45f,full_annotation_v1,A,q_야채_09,야채 파는 곳,식료품 중 '야채'를 판매·제공하는 매장,val,야채,T4 구어·문장,163fad72-4b20-402c-beee-d6813b64210a,광현야채,야채,서동시장(창인시장),전통시장,전북특별자치도,,,
9f1d1b972bd249d3a917,full_annotation_v1,A,q_야채_09,야채 파는 곳,식료품 중 '야채'를 판매·제공하는 매장,val,야채,T4 구어·문장,61e954d0-c1fe-4ed5-a3ff-de2aa1849d07,덕천상회,채소,부전상가시장,전통시장,부산광역시,,,
01b441966d5c49137ce2,full_annotation_v1,A,q_야채_09,야채 파는 곳,식료품 중 '야채'를 판매·제공하는 매장,val,야채,T4 구어·문장,be798674-992b-461a-997f-4b62483bc8bf,대박 야채 청과,야채,신월3동시장골목형상점가,골목형상점가,서울특별시,,,
0aa2d4b8d0e37d35bd50,full_annotation_v1,A,q_야채_09,야채 파는 곳,식료품 중 '야채'를 판매·제공하는 매장,val,야채,T4 구어·문장,3920fcbb-ec79-451a-b77f-91194071ba18,오이시,연어새우,거제 고현자율상권,,경상남도,,,
9b1ec971a0b97ec7bb81,full_annotation_v1,A,q_야채_09,야채 파는 곳,식료품 중 '야채'를 판매·제공하는 매장,val,야채,T4 구어·문장,008b2657-018e-4d46-b0b0-a173aee3f37a,대원상회,농산물,대구능금시장,전통시장,대구광역시,,,
a85552adf08863fb565b,full_annotation_v1,A,q_야채_09,야채 파는 곳,식료품 중 '야채'를 판매·제공하는 매장,val,야채,T4 구어·문장,5ff21a88-9cf2-4f06-9212-f563daeea347,형제농산,채소,관문상가시장,전통시장,대구광역시,,,
488e65edbd00ba48f45b,full_annotation_v1,A,q_야채_09,야채 파는 곳,식료품 중 '야채'를 판매·제공하는 매장,val,야채,T4 구어·문장,57ca2957-ce06-4a54-b60d-72cf59cf419c,형제상회,야채,인왕시장,전통시장,서울특별시,,,
70e34a6fa1dd391db7bc,full_annotation_v1,A,q_야채_09,야채 파는 곳,식료품 중 '야채'를 판매·제공하는 매장,val,야채,T4 구어·문장,00891fcf-925f-4b76-bc26-179798787b48,정우상회,농산물,경동시장,전통시장,서울특별시,,,
74121597e0cb87374ce4,full_annotation_v1,A,q_야채_09,야채 파는 곳,식료품 중 '야채'를 판매·제공하는 매장,val,야채,T4 구어·문장,00947369-dfd0-4074-b22e-c8b430a98a70,에스.에이.팜(S.A.farm),"표고버섯및농산물, 잡화, 통신판매",무주반딧불상권활성화구역,상권활성화구역,전북특별자치도,,,
cf66f62513798c9e2722,full_annotation_v1,A,q_야채_09,야채 파는 곳,식료품 중 '야채'를 판매·제공하는 매장,val,야채,T4 구어·문장,67023459-41ed-45c3-a5de-e5d4bb552c93,비슬상회,야채,대구청과시장,전통시장,대구광역시,,,
9a1df483c80f98709477,full_annotation_v1,A,q_야채_09,야채 파는 곳,식료품 중 '야채'를 판매·제공하는 매장,val,야채,T4 구어·문장,a1060dd9-cf09-4aab-b7c0-32da97cb9a52,종합야채,야채,대림골목시장,전통시장,서울특별시,,,
e92f85be2b428bf78400,full_annotation_v1,A,q_야채_09,야채 파는 곳,식료품 중 '야채'를 판매·제공하는 매장,val,야채,T4 구어·문장,3526b88c-624e-427b-9369-30ee70b121b8,에덴야채,야채,박달시장,전통시장,경기도,,,
7004bfd29522c44d3a0c,full_annotation_v1,A,q_야채_09,야채 파는 곳,식료품 중 '야채'를 판매·제공하는 매장,val,야채,T4 구어·문장,a25b522a-58a4-41e3-96db-5666e39f4486,풍년야채,야채,수정로 상권활성화구역,상권활성화구역,경기도,,,
639903d84ec4aefe6f14,full_annotation_v1,A,q_야채_09,야채 파는 곳,식료품 중 '야채'를 판매·제공하는 매장,val,야채,T4 구어·문장,00b64830-f897-4643-a5fa-6d8950c2ef89,낭만상회,식품,문산자유시장,전통시장,경기도,,,
35499c108196eadec55a,full_annotation_v1,A,q_야채_09,야채 파는 곳,식료품 중 '야채'를 판매·제공하는 매장,val,야채,T4 구어·문장,00c56499-bc90-4ed6-bb66-3802cc762889,의령상회,채소,부전상가시장,전통시장,부산광역시,,,
a9ed551446b9bb2381e0,full_annotation_v1,A,q_야채_09,야채 파는 곳,식료품 중 '야채'를 판매·제공하는 매장,val,야채,T4 구어·문장,009be3cd-7c52-41e4-91fc-c377ddfa78c0,언양시장야채,야채,언양알프스시장,전통시장,울산광역시,,,
35da38987a1607665eec,full_annotation_v1,A,q_야채_09,야채 파는 곳,식료품 중 '야채'를 판매·제공하는 매장,val,야채,T4 구어·문장,00534c22-4465-442e-95db-66dd08f99320,삼원상회,채소,칠성시장,전통시장,대구광역시,,,
067dd77de399142a6f44,full_annotation_v1,A,q_야채_09,야채 파는 곳,식료품 중 '야채'를 판매·제공하는 매장,val,야채,T4 구어·문장,94638f05-9b77-4863-80e1-6277f5899822,중앙채소,채소,김제전통시장,전통시장,전북특별자치도,,,
70dbf2339f563b1e814a,full_annotation_v1,A,q_야채_09,야채 파는 곳,식료품 중 '야채'를 판매·제공하는 매장,val,야채,T4 구어·문장,0174d58f-3182-48ce-9bb7-0818d21a6763,야채,,만수시장,전통시장,인천광역시,,,
af603c24f053c4c909cb,full_annotation_v1,A,q_야채_09,야채 파는 곳,식료품 중 '야채'를 판매·제공하는 매장,val,야채,T4 구어·문장,f0eb8b35-0121-430d-8331-d318c13cc957,조은채소,채소,중리시장,전통시장,대전광역시,,,
ccc48ff122291ac20a4e,full_annotation_v1,A,q_야채_09,야채 파는 곳,식료품 중 '야채'를 판매·제공하는 매장,val,야채,T4 구어·문장,2cfe44c9-9d8a-4ecd-bbde-e6da2ad1fcc7,일꾼상회,채소,팔달신시장,전통시장,대구광역시,,,
62ffabf291f680018444,full_annotation_v1,A,q_야채_09,야채 파는 곳,식료품 중 '야채'를 판매·제공하는 매장,val,야채,T4 구어·문장,aaf9d1eb-4cb7-4e16-88f5-d2b91bf480ae,관포선어,채소,거제 고현시장,전통시장,경상남도,,,
4fb27400758923b80163,full_annotation_v1,A,q_야채_09,야채 파는 곳,식료품 중 '야채'를 판매·제공하는 매장,val,야채,T4 구어·문장,d46c28bc-f666-4e53-8736-aee7f72cab32,현아농산,채소,칠성시장,전통시장,대구광역시,,,
8a0a58654a901dc20a15,full_annotation_v1,A,q_야채_09,야채 파는 곳,식료품 중 '야채'를 판매·제공하는 매장,val,야채,T4 구어·문장,cf6c7a39-a366-488a-86a9-50052bb87e00,민호채소,채소,일산서문상점가,자율상권구역,경기도,,,
85dd97616c39ffd4bb18,full_annotation_v1,A,q_야채_09,야채 파는 곳,식료품 중 '야채'를 판매·제공하는 매장,val,야채,T4 구어·문장,c89872f7-7a0e-4e4b-905a-e116a10d65b9,골목야채,야채,광명새마을시장,전통시장,경기도,,,
d32ba829ba9accd4f460,full_annotation_v1,A,q_야채_09,야채 파는 곳,식료품 중 '야채'를 판매·제공하는 매장,val,야채,T4 구어·문장,9f974145-dc5c-490d-9438-2d402ed3909d,싱싱야채,야채,강북북부골목시장 골목형상점가,골목형상점가,서울특별시,,,
2f9b781acfe59fd9471c,full_annotation_v1,A,q_야채_09,야채 파는 곳,식료품 중 '야채'를 판매·제공하는 매장,val,야채,T4 구어·문장,dcd770eb-a73f-42e7-ab46-771f314bce93,창창야채,채소,평택통복시장,전통시장,경기도,,,
80350a91534ee97ce7d5,full_annotation_v1,A,q_야채_09,야채 파는 곳,식료품 중 '야채'를 판매·제공하는 매장,val,야채,T4 구어·문장,282b0e8b-051c-49f9-a707-b982df803589,까라벨라 데 오르,스파게티,동명동 카페거리 골목형상점가,골목형상점가,광주광역시,,,
de063e22ebbffaea75bd,full_annotation_v1,A,q_야채_09,야채 파는 곳,식료품 중 '야채'를 판매·제공하는 매장,val,야채,T4 구어·문장,0a47fa4a-19fd-4c00-841d-e16bd6a3c84a,싱싱채소,채소,합천왕후시장,전통시장,경상남도,,,
9f7e53d310a3a0d21c5f,full_annotation_v1,A,q_야채_09,야채 파는 곳,식료품 중 '야채'를 판매·제공하는 매장,val,야채,T4 구어·문장,1e79e0aa-b7e1-460d-a477-11c95addfc36,김씨상회,야채,부전상가시장,전통시장,부산광역시,,,
1a81d55c72a3e288be04,full_annotation_v1,A,q_야채_09,야채 파는 곳,식료품 중 '야채'를 판매·제공하는 매장,val,야채,T4 구어·문장,8e80de93-306c-420f-9a8e-bc873e29a22f,장군야채,야채,서문공설시장,전통시장,제주특별자치도,,,
8b1e2b3a54c85d5bdbf7,full_annotation_v1,A,q_야채_09,야채 파는 곳,식료품 중 '야채'를 판매·제공하는 매장,val,야채,T4 구어·문장,09e5fb7c-d0cc-4720-92df-5a5cece636c7,샐러리아 잠실본점,샐러드,방이시장,전통시장,서울특별시,,,
4fe6b2f407a09edbe975,full_annotation_v1,A,q_야채_09,야채 파는 곳,식료품 중 '야채'를 판매·제공하는 매장,val,야채,T4 구어·문장,cca58370-ec22-4be6-8ceb-a1c4d990af36,하늘 야채,야채,작전시장,전통시장,인천광역시,,,
7f66f18e518c85945036,full_annotation_v1,A,q_야채_09,야채 파는 곳,식료품 중 '야채'를 판매·제공하는 매장,val,야채,T4 구어·문장,ebf0567f-5762-4177-966f-33ae52eb775b,싱싱야채,야채,용봉지구 골목형상점가,골목형상점가,광주광역시,,,
2aae1b1ee84ddeb0c057,full_annotation_v1,A,q_야채_09,야채 파는 곳,식료품 중 '야채'를 판매·제공하는 매장,val,야채,T4 구어·문장,0042e83d-930b-4d1d-a96f-f1a2691256cd,성화상회,과일,대구능금시장,전통시장,대구광역시,,,
03c2d058740cc4a55178,full_annotation_v1,A,q_야채_09,야채 파는 곳,식료품 중 '야채'를 판매·제공하는 매장,val,야채,T4 구어·문장,818419b2-9ff4-49f6-ae74-cfe3d1197d81,상남채소,채소,창원 상남시장,전통시장,경상남도,,,
6bff59315f7159497f5f,full_annotation_v1,A,q_야채_09,야채 파는 곳,식료품 중 '야채'를 판매·제공하는 매장,val,야채,T4 구어·문장,caf6b472-9520-45e6-9d3d-ed5b9b178eb5,대동상회,채소,부전상가시장,전통시장,부산광역시,,,
77a129c4eaf68dc068db,full_annotation_v1,A,q_야채_09,야채 파는 곳,식료품 중 '야채'를 판매·제공하는 매장,val,야채,T4 구어·문장,063d7960-6be9-4765-b6a3-ad8b0bbe656f,원이채소,채소,남항시장,전통시장,부산광역시,,,
ea765091539e78755aab,full_annotation_v1,A,q_야채_09,야채 파는 곳,식료품 중 '야채'를 판매·제공하는 매장,val,야채,T4 구어·문장,ef458615-5cd6-46d2-9060-432c55f325d8,형제상회,채소,학성새벽시장,전통시장,울산광역시,,,
2c340e5c2efca323ec53,full_annotation_v1,A,q_야채_09,야채 파는 곳,식료품 중 '야채'를 판매·제공하는 매장,val,야채,T4 구어·문장,b7dde3f3-c8d6-480c-b5a1-27bcde25d7a5,이평상회,채소,정읍샘고을시장,전통시장,전북특별자치도,,,
7f2c823988f4c06bfb53,full_annotation_v1,A,q_야채_09,야채 파는 곳,식료품 중 '야채'를 판매·제공하는 매장,val,야채,T4 구어·문장,56561e51-bf39-4317-b000-140dc8c64e38,경북상회,채소,부전농수산물새벽시장,전통시장,부산광역시,,,
20a2637a6d1bfa6ea510,full_annotation_v1,A,q_야채_09,야채 파는 곳,식료품 중 '야채'를 판매·제공하는 매장,val,야채,T4 구어·문장,0b8ef6dc-2f6b-4707-bd73-529122d9c97a,하단떡집,떡집,하단오일상설시장,전통시장,부산광역시,,,
a848c6a4fcb3f8add60f,full_annotation_v1,A,q_야채_09,야채 파는 곳,식료품 중 '야채'를 판매·제공하는 매장,val,야채,T4 구어·문장,314f20d4-4645-4f81-81c8-cc8ae0c3c32c,유선상회,채소,현대시장,전통시장,인천광역시,,,
d53efaf87b985e4f69eb,full_annotation_v1,A,q_야채_09,야채 파는 곳,식료품 중 '야채'를 판매·제공하는 매장,val,야채,T4 구어·문장,65fce9a0-7e51-4c12-b7a2-f38a6359734a,금와농산,야채,마산어시장,전통시장,경상남도,,,
feaa119ac022acaf5d73,full_annotation_v1,A,q_야채_09,야채 파는 곳,식료품 중 '야채'를 판매·제공하는 매장,val,야채,T4 구어·문장,c6fb138b-4b0a-4ca6-b7f1-5ddfd1906b2b,초록야채,야채,말바우우산 골목형상점가,골목형상점가,광주광역시,,,
d5d290959b41af612e7a,full_annotation_v1,A,q_야채_09,야채 파는 곳,식료품 중 '야채'를 판매·제공하는 매장,val,야채,T4 구어·문장,000a244a-1e28-40b7-8d55-d5b1055f12d2,진해상회,채소,마산어시장,전통시장,경상남도,,,
5eeef1298e03136bf34d,full_annotation_v1,A,q_야채_09,야채 파는 곳,식료품 중 '야채'를 판매·제공하는 매장,val,야채,T4 구어·문장,38fda274-dad2-4cc2-8462-0c7c872628c8,형제상회,채소,가락몰골목형상점가,골목형상점가,서울특별시,,,
4a93425003c787178bca,full_annotation_v1,A,q_야채_09,야채 파는 곳,식료품 중 '야채'를 판매·제공하는 매장,val,야채,T4 구어·문장,0533a201-3b07-4029-8158-c4d2ad17c7bf,텃밭쌈밥,쌈밥,역전시장,전통시장,충청남도,,,
7ea3346c5484ad79fc00,full_annotation_v1,A,q_야채_09,야채 파는 곳,식료품 중 '야채'를 판매·제공하는 매장,val,야채,T4 구어·문장,f65cf9a8-b9b6-4bf0-9e0e-5e0c756573ed,싱싱야채,야채,원종고강제일시장(부천제일시장),전통시장,경기도,,,
c4a462957bc87784c483,full_annotation_v1,A,q_야채_09,야채 파는 곳,식료품 중 '야채'를 판매·제공하는 매장,val,야채,T4 구어·문장,014072fb-b412-4fb3-a663-31dbf80e44a6,매일상회,"야채, 과일",고산미소시장(고산시장),전통시장,전북특별자치도,,,
b7fb724499e4933a9603,full_annotation_v1,A,q_야채_09,야채 파는 곳,식료품 중 '야채'를 판매·제공하는 매장,val,야채,T4 구어·문장,57fce58f-de42-4488-94fa-5511619da0ae,뚱보네 야채 청과물,야채,현대시장,전통시장,인천광역시,,,
ccc9eff92ad0861ebc93,full_annotation_v1,A,q_야채_09,야채 파는 곳,식료품 중 '야채'를 판매·제공하는 매장,val,야채,T4 구어·문장,f9a05a06-308b-44c7-bfe4-94809ccd18a9,싱싱야채,야채,돌곶이시장,전통시장,서울특별시,,,
c462b887c4ea1d7669c6,full_annotation_v1,A,q_야채_09,야채 파는 곳,식료품 중 '야채'를 판매·제공하는 매장,val,야채,T4 구어·문장,1cc31f70-4db9-4cac-bde3-d77a405f7d88,현욱상회,야채,부산새벽시장,전통시장,부산광역시,,,
f1e93db2c93753b9946d,full_annotation_v1,A,q_야채_09,야채 파는 곳,식료품 중 '야채'를 판매·제공하는 매장,val,야채,T4 구어·문장,8ce43e5d-cf32-47d0-a412-17c71e79f71d,초평상회,야채,청주육거리종합시장,전통시장,충청북도,,,
f372441cd18880f2e03a,full_annotation_v1,A,q_야채_09,야채 파는 곳,식료품 중 '야채'를 판매·제공하는 매장,val,야채,T4 구어·문장,56db4778-14ee-4046-a171-821fc0e3f8ce,산수쌈밥,쌈밥,전남여고후문 골목형상점가,골목형상점가,광주광역시,,,
dcb061a42c8889397cf1,full_annotation_v1,A,q_야채_09,야채 파는 곳,식료품 중 '야채'를 판매·제공하는 매장,val,야채,T4 구어·문장,dff05377-4eb9-45b8-a1f9-b4c7c3917eb0,쌍둥이야채,채소,암사종합시장,전통시장,서울특별시,,,
f6139b8dff0c15c628e6,full_annotation_v1,A,q_야채_09,야채 파는 곳,식료품 중 '야채'를 판매·제공하는 매장,val,야채,T4 구어·문장,ebcfbe39-0735-4a32-8b00-31ce940756ea,남매야채,야채,송화벽화시장,전통시장,서울특별시,,,
11ad0c8c5ae8635d710b,full_annotation_v1,A,q_야채_09,야채 파는 곳,식료품 중 '야채'를 판매·제공하는 매장,val,야채,T4 구어·문장,dee139c8-1438-4fce-a3fc-07929e3c97ee,싱싱야채,야채,오산오색시장(구 오산중앙시장),전통시장,경기도,,,
5db6e18deaa9389ac6e4,full_annotation_v1,A,q_야채_09,야채 파는 곳,식료품 중 '야채'를 판매·제공하는 매장,val,야채,T4 구어·문장,cf5d0c45-d9f1-4aa2-80a7-7e2f603b9b62,산본 야채,야채,산본전통시장(구 군포산본시장),전통시장,경기도,,,
5330346605cf93c95561,full_annotation_v1,A,q_야채_09,야채 파는 곳,식료품 중 '야채'를 판매·제공하는 매장,val,야채,T4 구어·문장,806b0ed0-125a-45b3-89a2-7af488c13bb2,국동상회,채소,진주 청과시장,전통시장,경상남도,,,
d46c5247f973ad6ecfc9,full_annotation_v1,A,q_야채_09,야채 파는 곳,식료품 중 '야채'를 판매·제공하는 매장,val,야채,T4 구어·문장,01e96e25-dcb5-4957-bc59-05c27b1dae7a,샐러드밀,샐러드,오룡행복 골목형상점가,골목형상점가,전라남도,,,
6fd98182dfb6422a41e9,full_annotation_v1,A,q_야채_09,야채 파는 곳,식료품 중 '야채'를 판매·제공하는 매장,val,야채,T4 구어·문장,6d9f545f-ca9c-479c-8eaa-1470aec4994c,미아상회,채소,마산 동마산시장,전통시장,경상남도,,,
fd1e497d96b0c9f548f6,full_annotation_v1,A,q_야채_09,야채 파는 곳,식료품 중 '야채'를 판매·제공하는 매장,val,야채,T4 구어·문장,8c66ee33-f10b-458a-bf68-f345576fb68c,의성채소,채소,의성공설전통시장(의성읍정기시장),전통시장,경상북도,,,
d3dbfa03353ac40be948,full_annotation_v1,A,q_야채_09,야채 파는 곳,식료품 중 '야채'를 판매·제공하는 매장,val,야채,T4 구어·문장,28cd71cb-d1c0-42b1-91c0-9c2b303155b8,서울상회,채소,부전농수산물새벽시장,전통시장,부산광역시,,,
1dd1178bc2ae2639e7d3,full_annotation_v1,A,q_야채_09,야채 파는 곳,식료품 중 '야채'를 판매·제공하는 매장,val,야채,T4 구어·문장,41931a9a-c977-4172-8d97-992fc461c233,서울상회,채소,충무동 새벽시장,전통시장,부산광역시,,,
bef08cb7fbce6ec4d2c4,full_annotation_v1,A,q_야채_09,야채 파는 곳,식료품 중 '야채'를 판매·제공하는 매장,val,야채,T4 구어·문장,d9b9a968-0578-4e50-ba4a-5d0c0ea8aa06,서울상회,채소,동문공설시장,전통시장,제주특별자치도,,,
ef977b22125670c579d8,full_annotation_v1,A,q_야채_09,야채 파는 곳,식료품 중 '야채'를 판매·제공하는 매장,val,야채,T4 구어·문장,cf37e640-c099-4140-abd3-f07ab9878881,사계절채소,채소,영천공설시장,전통시장,경상북도,,,
c63453fbfdcabbd58bf9,full_annotation_v1,A,q_야채_09,야채 파는 곳,식료품 중 '야채'를 판매·제공하는 매장,val,야채,T4 구어·문장,48a7610f-8466-4a72-b8c5-ac150bbd87ee,금성상회,야채,말바우시장,전통시장,광주광역시,,,
2bf0c6a4a18722470e14,full_annotation_v1,A,q_야채_09,야채 파는 곳,식료품 중 '야채'를 판매·제공하는 매장,val,야채,T4 구어·문장,a2db608a-080c-4af6-b0ab-ac197595f3f8,보길야채,야채,방학동도깨비시장,전통시장,서울특별시,,,
205a6c50ed3b1e03d0b6,full_annotation_v1,A,q_야채_09,야채 파는 곳,식료품 중 '야채'를 판매·제공하는 매장,val,야채,T4 구어·문장,edb50940-6320-4d5c-9e83-ceae4f1e967f,삼산나범노지채소,채소,해남매일시장,전통시장,전라남도,,,
d3b49638877c4b254855,full_annotation_v1,A,q_야채_09,야채 파는 곳,식료품 중 '야채'를 판매·제공하는 매장,val,야채,T4 구어·문장,05c76e94-955a-4fc9-a37c-59f7295ce5af,청원상회,채소,삼척중앙시장,전통시장,강원특별자치도,,,
a218cce94ef5935f0c25,full_annotation_v1,A,q_야채_09,야채 파는 곳,식료품 중 '야채'를 판매·제공하는 매장,val,야채,T4 구어·문장,5d0f6b99-88aa-4f54-aef6-4cca81d1c163,싱싱야채,야채,포항죽도시장,전통시장,경상북도,,,
623899df281847ad11b3,full_annotation_v1,A,q_야채_09,야채 파는 곳,식료품 중 '야채'를 판매·제공하는 매장,val,야채,T4 구어·문장,29a38cab-a507-41c0-9d06-96cf404a3845,쫀맥,라면 떡볶이 슬러시 쫀드기 감자 튀김 생맥주 등,해운대시장,전통시장,부산광역시,,,
9ff42ea339e435701692,full_annotation_v1,A,q_야채_09,야채 파는 곳,식료품 중 '야채'를 판매·제공하는 매장,val,야채,T4 구어·문장,888c448d-238d-4979-abc2-7e881ff6c69c,논공농산,채소,관문상가시장,전통시장,대구광역시,,,
e52a7ebbc26ba6bf08a5,full_annotation_v1,A,q_야채_09,야채 파는 곳,식료품 중 '야채'를 판매·제공하는 매장,val,야채,T4 구어·문장,0848a3c5-f008-4d16-9ceb-3f90198c778e,"채율이네 야채, 청과",야채,신원권율2 골목형상점가,골목형상점가,경기도,,,
fa132585205e76f6c0c4,full_annotation_v1,A,q_야채_09,야채 파는 곳,식료품 중 '야채'를 판매·제공하는 매장,val,야채,T4 구어·문장,1d0d828a-3ee4-4945-b3ce-9a54efea4289,이푸른채소,채소,해평시장,전통시장,경상북도,,,
7e7f73762894797fa47a,full_annotation_v1,A,q_야채_09,야채 파는 곳,식료품 중 '야채'를 판매·제공하는 매장,val,야채,T4 구어·문장,76a3551b-dae4-4326-92cc-662015aedbfb,쉴 곳,한식,칠성로상점가,자율상권구역,제주특별자치도,,,
df65f5405319f31c61fe,full_annotation_v1,A,q_야채_09,야채 파는 곳,식료품 중 '야채'를 판매·제공하는 매장,val,야채,T4 구어·문장,3a362978-0a57-452a-a5b8-a4db80c8672d,현대상회,채소,팔달신시장,전통시장,대구광역시,,,
13fcd7cc371de7fa6f76,full_annotation_v1,A,q_야채_09,야채 파는 곳,식료품 중 '야채'를 판매·제공하는 매장,val,야채,T4 구어·문장,000527f2-442a-4dd1-9bfc-8a8cd9fd5410,(유)뉴현대상회,농산물,가락몰골목형상점가,골목형상점가,서울특별시,,,
40a4e564d555ac508ae0,full_annotation_v1,A,q_야채_09,야채 파는 곳,식료품 중 '야채'를 판매·제공하는 매장,val,야채,T4 구어·문장,00333be0-b70d-4197-aa97-5a277d61e0da,㈜신진후르츠,과일,부전농수산물새벽시장,전통시장,부산광역시,,,
68ddcbb4cf631647f361,full_annotation_v1,A,q_야채_09,야채 파는 곳,식료품 중 '야채'를 판매·제공하는 매장,val,야채,T4 구어·문장,fcc4f6e6-bdce-44b7-85d2-f86770970597,현대상회,채소,팔달신시장,전통시장,대구광역시,,,
1be6f051e7539c00cac8,full_annotation_v1,A,q_야채_09,야채 파는 곳,식료품 중 '야채'를 판매·제공하는 매장,val,야채,T4 구어·문장,c0fb41c3-5a59-49db-8a12-de301c4d7fe4,청정식품,야채,임실시장,전통시장,전북특별자치도,,,
63fa491a5078ae51c84a,full_annotation_v1,A,q_야채_09,야채 파는 곳,식료품 중 '야채'를 판매·제공하는 매장,val,야채,T4 구어·문장,0622e5e4-d762-4378-aeb6-eb6148f9dec6,개도리김치,"김치, 채소, 건어물",나주목사고을시장,전통시장,,,,
97fbbf753fd04903b1d4,full_annotation_v1,A,q_야채_09,야채 파는 곳,식료품 중 '야채'를 판매·제공하는 매장,val,야채,T4 구어·문장,04c905ba-3172-4ea4-a6dd-4345d674dea0,덕순이네,제조업(떡집),장터길 골목형상점가,골목형상점가,경기도,,,
5cacb8e2aaa664909103,full_annotation_v1,A,q_야채_09,야채 파는 곳,식료품 중 '야채'를 판매·제공하는 매장,val,야채,T4 구어·문장,5bd9870b-1335-4d01-bc9e-d58506ffff47,장헤어샵,미용,예천맛고을시장,전통시장,경상북도,,,
35c00f621bd9affd12b9,full_annotation_v1,A,q_야채_09,야채 파는 곳,식료품 중 '야채'를 판매·제공하는 매장,val,야채,T4 구어·문장,2743811c-5e71-4d2b-aa75-1b0147d44f2d,사우 꽃이 피는 곳,꽃,김포 풍년마을 골목형상점가,골목형상점가,경기도,,,
cc05777a305eeec4ad5b,full_annotation_v1,A,q_야채_09,야채 파는 곳,식료품 중 '야채'를 판매·제공하는 매장,val,야채,T4 구어·문장,984743b4-7f66-4395-a108-68d4be8e0284,충북상회,채소,부전상가시장,전통시장,부산광역시,,,
23308a3386d402d82859,full_annotation_v1,A,q_야채_09,야채 파는 곳,식료품 중 '야채'를 판매·제공하는 매장,val,야채,T4 구어·문장,f17cb0af-297f-419e-86db-a1dca61eaab8,민혁채소,채소,나주목사고을시장,전통시장,전라남도,,,
1baed6b70424604a7558,full_annotation_v1,A,q_야채_09,야채 파는 곳,식료품 중 '야채'를 판매·제공하는 매장,val,야채,T4 구어·문장,a22e3618-fa0d-4fe5-ba30-eddbc2082903,초록야채,야채,청주육거리종합시장,전통시장,충청북도,,,
2b59866dcb9827ae308a,full_annotation_v1,A,q_야채_09,야채 파는 곳,식료품 중 '야채'를 판매·제공하는 매장,val,야채,T4 구어·문장,dd295f14-b477-4838-8d73-2e8c98c80fd5,대성상회,채소,세종전통시장,전통시장,세종특별자치시,,,
f056ded0365a84299168,full_annotation_v1,A,q_야채_09,야채 파는 곳,식료품 중 '야채'를 판매·제공하는 매장,val,야채,T4 구어·문장,e297c733-a8a0-4833-bbca-0943aa6d0018,형제상회,야채,경동광성상가,전통시장,서울특별시,,,
671dacf7c91e3661836f,full_annotation_v1,A,q_야채_09,야채 파는 곳,식료품 중 '야채'를 판매·제공하는 매장,val,야채,T4 구어·문장,925aa28f-66ef-4381-a3d9-de769c3b8363,김약국,의약품및 의료용품,송강동 골목형상점가,골목형상점가,대전광역시,,,
b0599ba6422d00f69ac9,full_annotation_v1,A,q_야채_09,야채 파는 곳,식료품 중 '야채'를 판매·제공하는 매장,val,야채,T4 구어·문장,009a3629-5dbc-47c2-adea-b1f9bc2c083a,동해농수산,야채,방학동도깨비시장,전통시장,서울특별시,,,
ea485fce3ad4bcab99ab,full_annotation_v1,A,q_야채_09,야채 파는 곳,식료품 중 '야채'를 판매·제공하는 매장,val,야채,T4 구어·문장,5add9733-421e-4bf0-b833-8b02358c3b28,싱싱야채,야채,대연중앙골목시장 골목형상점가,골목형상점가,부산광역시,,,
b77cbc138f00be49517f,full_annotation_v1,A,q_야채_09,야채 파는 곳,식료품 중 '야채'를 판매·제공하는 매장,val,야채,T4 구어·문장,bf528295-96f2-4795-909b-df66a23757c5,봉화채소,채소,서동전통골목시장,전통시장,부산광역시,,,
d5acd2bcfbf5ce88931d,full_annotation_v1,A,q_야채_09,야채 파는 곳,식료품 중 '야채'를 판매·제공하는 매장,val,야채,T4 구어·문장,fa58ec96-37a4-42b1-aa86-b963e177fc41,싱싱야채,야채,월곡시장,전통시장,광주광역시,,,
cfc49099b4d51648a22a,full_annotation_v1,A,q_야채_09,야채 파는 곳,식료품 중 '야채'를 판매·제공하는 매장,val,야채,T4 구어·문장,9a19e75c-32ee-4a79-a1ba-536d9c3224d1,안동상회,채소,대구청과시장,전통시장,대구광역시,,,
bc10d5271bd8bafc4a0e,full_annotation_v1,A,q_야채_09,야채 파는 곳,식료품 중 '야채'를 판매·제공하는 매장,val,야채,T4 구어·문장,5d021e59-db79-46a5-8451-b7dea60849b9,충남상회,채소,우리시장,자율상권구역,서울특별시,,,
84d340a9c3a123f3de42,full_annotation_v1,A,q_야채_09,야채 파는 곳,식료품 중 '야채'를 판매·제공하는 매장,val,야채,T4 구어·문장,43c03e36-c146-4944-bcd4-879bc435fad2,도온쌈,쌈밥,남이동길골목형상점가,골목형상점가,서울특별시,,,
cd974dc32297ccdd1df5,full_annotation_v1,A,q_야채_09,야채 파는 곳,식료품 중 '야채'를 판매·제공하는 매장,val,야채,T4 구어·문장,f3539f44-25e6-4272-9151-40710d2a1e81,황가네 야채,야채,서부시장(서부재래시장),전통시장,충청남도,,,
a2b98b725d6f8231077c,full_annotation_v1,A,q_야채_09,야채 파는 곳,식료품 중 '야채'를 판매·제공하는 매장,val,야채,T4 구어·문장,a8e1d29a-efd1-48b0-af8e-6a8e63fa2a76,쌍둥이네야채,야채,청주육거리종합시장,전통시장,충청북도,,,
8a3cc468f3f65e6b7e03,full_annotation_v1,A,q_야채_09,야채 파는 곳,식료품 중 '야채'를 판매·제공하는 매장,val,야채,T4 구어·문장,31f6dd5e-82d4-48b8-81fa-5cd48199eb93,진미횟집,한식,창원 소계시장,전통시장,경상남도,,,
dbaab23f01ffd29f38d7,full_annotation_v1,A,q_야채_09,야채 파는 곳,식료품 중 '야채'를 판매·제공하는 매장,val,야채,T4 구어·문장,09f5bb3f-dfa0-4037-b9d8-8355f7a5e900,명숙야채,야채,만수시장,전통시장,인천광역시,,,
df13a5cf8048d9896fde,full_annotation_v1,A,q_야채_09,야채 파는 곳,식료품 중 '야채'를 판매·제공하는 매장,val,야채,T4 구어·문장,acac3728-a89d-4048-a163-ec8f27ba50a0,싱싱야채,야채,산성시장,전통시장,대전광역시,,,
686e8248747df42c1059,full_annotation_v1,A,q_야채_09,야채 파는 곳,식료품 중 '야채'를 판매·제공하는 매장,val,야채,T4 구어·문장,8e625ac8-f327-478c-9244-7f753603e3b4,싱싱야채,야채,구리전통시장,전통시장,경기도,,,
8cc61fe066e46a2b6922,full_annotation_v1,A,q_야채_09,야채 파는 곳,식료품 중 '야채'를 판매·제공하는 매장,val,야채,T4 구어·문장,ec52f98b-b3b8-442e-9d79-fd69b73de377,똘이상회,채소,말바우시장,전통시장,광주광역시,,,
9d17ee848b46346b29c4,full_annotation_v1,A,q_야채_09,야채 파는 곳,식료품 중 '야채'를 판매·제공하는 매장,val,야채,T4 구어·문장,8af5ba21-3e03-42c8-9fb8-36ebb0651c6b,산새상회,채소,통영중앙전통시장,전통시장,경상남도,,,
e6e3be03c9dac2187e96,full_annotation_v1,A,q_야채_09,야채 파는 곳,식료품 중 '야채'를 판매·제공하는 매장,val,야채,T4 구어·문장,00468e6b-39c6-4ce1-a534-a6b1eecac01d,태양농산물,과일,정릉서경대길골목형상점가(정릉골),골목형상점가,서울특별시,,,
b0a73375f59694335e19,full_annotation_v1,A,q_야채_09,야채 파는 곳,식료품 중 '야채'를 판매·제공하는 매장,val,야채,T4 구어·문장,d39c66ad-1a4d-46e0-9cfc-f7157bff2af1,동해건어물(야채),소매업(야채),화서시장,전통시장,경기도,,,
85dcfab0f971fb66841e,full_annotation_v1,A,q_야채_09,야채 파는 곳,식료품 중 '야채'를 판매·제공하는 매장,val,야채,T4 구어·문장,006204f3-b214-4611-a434-f896bf75e919,장터사랑,과일,농성세대공감상인회 골목형상점가,골목형상점가,광주광역시,,,
a20e4b9103858215fff5,full_annotation_v1,A,q_야채_09,야채 파는 곳,식료품 중 '야채'를 판매·제공하는 매장,val,야채,T4 구어·문장,92dd49f0-3dfd-4523-89e6-43bfbbe43007,아가랑엄마랑,채소,진주 논개시장,전통시장,경상남도,,,
5a18bd6fdd7eb69bcde1,full_annotation_v1,A,q_야채_09,야채 파는 곳,식료품 중 '야채'를 판매·제공하는 매장,val,야채,T4 구어·문장,23a171c1-f0fe-4d74-912b-6d17e6c70b91,하얀,의류,고투몰(강남터미널지하도상점가),일반지하상점가,서울특별시,,,
bbad1d1eb86aa2d0caa8,full_annotation_v1,A,q_야채_09,야채 파는 곳,식료품 중 '야채'를 판매·제공하는 매장,val,야채,T4 구어·문장,34b9ac8e-e715-4cbd-8ecc-ab6c21775817,경북야채,채소,서산동부전통시장,전통시장,충청남도,,,
a92b803aa9734796973c,full_annotation_v1,A,q_야채_09,야채 파는 곳,식료품 중 '야채'를 판매·제공하는 매장,val,야채,T4 구어·문장,38d33dd0-da61-4784-bac4-f0d8ecbe6d79,야채천국,야채,길동복조리시장,전통시장,서울특별시,,,
41e556b3ad2cb9b5d08d,full_annotation_v1,A,q_야채_09,야채 파는 곳,식료품 중 '야채'를 판매·제공하는 매장,val,야채,T4 구어·문장,eb6476de-269d-4d42-9775-dbe6fe2f62a3,단미,의류,마산 (주)대현프리몰 지하도상점가,일반지하상점가,경상남도,,,
30f09a9f3b53f16ca4e1,full_annotation_v1,A,q_야채_09,야채 파는 곳,식료품 중 '야채'를 판매·제공하는 매장,val,야채,T4 구어·문장,3fde8481-3816-4c57-8e33-bfd1ab03783b,진주상회,채소,가락몰골목형상점가,골목형상점가,서울특별시,,,
91bd69536612504eec85,full_annotation_v1,A,q_야채_09,야채 파는 곳,식료품 중 '야채'를 판매·제공하는 매장,val,야채,T4 구어·문장,77728fb7-88a3-4af7-b429-12276e358a94,고향야채,채소,중리시장,전통시장,대전광역시,,,
715801bd5aef78452ef9,full_annotation_v1,A,q_야채_09,야채 파는 곳,식료품 중 '야채'를 판매·제공하는 매장,val,야채,T4 구어·문장,9b495bd1-9560-4f4f-91a4-6e480408fcde,싱싱야채,야채,평택통복시장,전통시장,경기도,,,
d08144ed6e1c1370a533,full_annotation_v1,A,q_야채_09,야채 파는 곳,식료품 중 '야채'를 판매·제공하는 매장,val,야채,T4 구어·문장,016f8113-22a7-4ef1-a80f-0562dd2a06e9,동이식품,"식품, 농산물",중앙신시장,전통시장,경상북도,,,
48cc5b29503e1fa24461,full_annotation_v1,A,q_야채_09,야채 파는 곳,식료품 중 '야채'를 판매·제공하는 매장,val,야채,T4 구어·문장,1631e5ef-55ef-400b-afa0-a6379ee0c93a,형제상회,채소,충주농산물종합시장(구 중앙청과시장),전통시장,충청북도,,,
0920de6aca5388f46c87,full_annotation_v1,A,q_야채_09,야채 파는 곳,식료품 중 '야채'를 판매·제공하는 매장,val,야채,T4 구어·문장,9ec64f37-ccdb-46e2-b52b-29b2b8501659,대규네 야채,도소매업(야채),동두천중앙시장,전통시장,경기도,,,
6dcc0796811d02e181c7,full_annotation_v1,A,q_야채_09,야채 파는 곳,식료품 중 '야채'를 판매·제공하는 매장,val,야채,T4 구어·문장,ad39de5b-b6b9-4f3d-bd0d-79464ec27355,남부상회,채소,옥천공설시장,전통시장,충청북도,,,
a1bd456e823e85ed13fb,full_annotation_v1,A,q_야채_09,야채 파는 곳,식료품 중 '야채'를 판매·제공하는 매장,val,야채,T4 구어·문장,31515898-39ad-48c0-958a-50643dfe32ce,만물채소,채소,구서오시게시장,전통시장,부산광역시,,,
3d16cebd29cd31b46986,full_annotation_v1,A,q_야채_09,야채 파는 곳,식료품 중 '야채'를 판매·제공하는 매장,val,야채,T4 구어·문장,aba76fc2-984e-4030-ba01-e2e7d78264c7,데 아로즈 대전둔산본점,,갈리단길 골목형상점가,골목형상점가,대전광역시,,,
a23eb7b70c7d9c8a6710,full_annotation_v1,A,q_야채_09,야채 파는 곳,식료품 중 '야채'를 판매·제공하는 매장,val,야채,T4 구어·문장,a1283b81-ade9-47ab-8235-28bfa73cdec6,오씨채소,채소,남항시장,전통시장,부산광역시,,,
324a7c4a52ae0d051c65,full_annotation_v1,A,q_야채_09,야채 파는 곳,식료품 중 '야채'를 판매·제공하는 매장,val,야채,T4 구어·문장,eeb6e637-0301-4d24-8739-d7e4d01eeb8f,영진상회,채소,청량리종합시장,전통시장,서울특별시,,,
c8a0e90d93b10ad38d6e,full_annotation_v1,A,q_야채_09,야채 파는 곳,식료품 중 '야채'를 판매·제공하는 매장,val,야채,T4 구어·문장,ab7dd5cc-97d9-477c-89bc-6f2868c828d1,형제상회,채소,정이있는 구포시장,전통시장,부산광역시,,,
2cee7d2008b4d1571258,full_annotation_v1,A,q_야채_09,야채 파는 곳,식료품 중 '야채'를 판매·제공하는 매장,val,야채,T4 구어·문장,e1a8626f-a222-4cea-a51b-20cf709828ad,부흥상회,야채,의정부청과야채시장,전통시장,경기도,,,
047ee3fe4118a45ca2da,full_annotation_v1,A,q_야채_09,야채 파는 곳,식료품 중 '야채'를 판매·제공하는 매장,val,야채,T4 구어·문장,530e8c7d-4476-41cd-98e5-d6d8a71f82c6,장군상회,채소,마산역번개시장,전통시장,경상남도,,,
b66a11fcf58c2e3ea907,full_annotation_v1,A,q_야채_09,야채 파는 곳,식료품 중 '야채'를 판매·제공하는 매장,val,야채,T4 구어·문장,b4504ce7-bda5-4ee1-9b9e-fa8f54d33cd7,김야채,채소,야음상가시장,전통시장,울산광역시,,,
71c4e6c2b4d37af65546,full_annotation_v1,A,q_야채_09,야채 파는 곳,식료품 중 '야채'를 판매·제공하는 매장,val,야채,T4 구어·문장,92098ee0-d8cb-4f26-8676-dafd46278e01,싱싱야채,야채,방신전통시장,전통시장,서울특별시,,,
58ced3d2e82eba59d9d2,full_annotation_v1,A,q_야채_09,야채 파는 곳,식료품 중 '야채'를 판매·제공하는 매장,val,야채,T4 구어·문장,01f160fc-531c-4191-aa22-453462e0f38a,천년,김치,오정동상점가,자율상권구역,대전광역시,,,
255548ba47f7a58510b3,full_annotation_v1,A,q_야채_09,야채 파는 곳,식료품 중 '야채'를 판매·제공하는 매장,val,야채,T4 구어·문장,c111ac9d-3f3a-405c-a8db-4d127ccda9e2,행복이 있는 곳,잡화,제주로얄쇼핑센터,자율상권구역,제주특별자치도,,,
466b83955e0fd1cb9a06,full_annotation_v1,A,q_야채_09,야채 파는 곳,식료품 중 '야채'를 판매·제공하는 매장,val,야채,T4 구어·문장,97cca32a-bf9c-4ec4-afaf-bb11b850b0f5,강릉족발오감만족본점,족발보쌈,포남용마거리골목형상점가,골목형상점가,강원특별자치도,,,
e493176c9bee63968b88,full_annotation_v1,A,q_야채_10,채소 사는 데,식료품 중 '야채'를 판매·제공하는 매장,val,야채,T4 구어·문장,98cebc98-8d67-4b55-bf6d-60919650d41a,정미채소,채소,정읍샘고을시장,전통시장,전북특별자치도,,,
f1ffd8d3e56c1c1b3c75,full_annotation_v1,A,q_야채_10,채소 사는 데,식료품 중 '야채'를 판매·제공하는 매장,val,야채,T4 구어·문장,da71e095-4c27-4c82-9476-07eba3fbd54c,야채사랑,야채,삼각동 골목형상점가,골목형상점가,광주광역시,,,
8ea5a81dd4a3fffe7a67,full_annotation_v1,A,q_야채_10,채소 사는 데,식료품 중 '야채'를 판매·제공하는 매장,val,야채,T4 구어·문장,00e92856-b294-4032-8540-d60e9817f2d8,럭키약국,"의약품, 건강기능식품, 식품",충무로골목형상점가,골목형상점가,서울특별시,,,
b5b7160223e0aa846a6a,full_annotation_v1,A,q_야채_10,채소 사는 데,식료품 중 '야채'를 판매·제공하는 매장,val,야채,T4 구어·문장,eeb6e637-0301-4d24-8739-d7e4d01eeb8f,영진상회,채소,청량리종합시장,전통시장,서울특별시,,,
c6de2ab9a4af32ad2eea,full_annotation_v1,A,q_야채_10,채소 사는 데,식료품 중 '야채'를 판매·제공하는 매장,val,야채,T4 구어·문장,b33fb268-ff1b-47e7-b88b-7677d73c0384,야채왕국,야채,중마시장,전통시장,전라남도,,,
42138e49743def81faaa,full_annotation_v1,A,q_야채_10,채소 사는 데,식료품 중 '야채'를 판매·제공하는 매장,val,야채,T4 구어·문장,00333be0-b70d-4197-aa97-5a277d61e0da,㈜신진후르츠,과일,부전농수산물새벽시장,전통시장,부산광역시,,,
ddc2fd652f2b96626366,full_annotation_v1,A,q_야채_10,채소 사는 데,식료품 중 '야채'를 판매·제공하는 매장,val,야채,T4 구어·문장,8bb83aa6-dcc0-47be-80b9-50c422cc1024,대귀상회,야채,군산신영시장,전통시장,전북특별자치도,,,
0fcae254146705052724,full_annotation_v1,A,q_야채_10,채소 사는 데,식료품 중 '야채'를 판매·제공하는 매장,val,야채,T4 구어·문장,3a362978-0a57-452a-a5b8-a4db80c8672d,현대상회,채소,팔달신시장,전통시장,대구광역시,,,
c777f9fb0b1deca666c7,full_annotation_v1,A,q_야채_10,채소 사는 데,식료품 중 '야채'를 판매·제공하는 매장,val,야채,T4 구어·문장,01f160fc-531c-4191-aa22-453462e0f38a,천년,김치,오정동상점가,자율상권구역,대전광역시,,,
d49a112aeb4c2cc0c56f,full_annotation_v1,A,q_야채_10,채소 사는 데,식료품 중 '야채'를 판매·제공하는 매장,val,야채,T4 구어·문장,a1060dd9-cf09-4aab-b7c0-32da97cb9a52,종합야채,야채,대림골목시장,전통시장,서울특별시,,,
e399cdf9a366676ad0b7,full_annotation_v1,A,q_야채_10,채소 사는 데,식료품 중 '야채'를 판매·제공하는 매장,val,야채,T4 구어·문장,bd6f342d-5f6d-4972-8dfd-ae48461eec88,형규네,채소,수유시장,전통시장,서울특별시,,,
ac5098fdd00271486c43,full_annotation_v1,A,q_야채_10,채소 사는 데,식료품 중 '야채'를 판매·제공하는 매장,val,야채,T4 구어·문장,ee64db6b-6b64-4d05-9bcb-5c8946a9a463,서울상회,채소,순천역전시장상가,자율상권구역,전라남도,,,
24e9971128661a8ac8c2,full_annotation_v1,A,q_야채_10,채소 사는 데,식료품 중 '야채'를 판매·제공하는 매장,val,야채,T4 구어·문장,00468e6b-39c6-4ce1-a534-a6b1eecac01d,태양농산물,과일,정릉서경대길골목형상점가(정릉골),골목형상점가,서울특별시,,,
d16ab8748b6c2cd8f161,full_annotation_v1,A,q_야채_10,채소 사는 데,식료품 중 '야채'를 판매·제공하는 매장,val,야채,T4 구어·문장,eb6346be-6954-44fb-bbe5-653d2b6113c6,제일상회,채소,부여중앙시장,전통시장,충청남도,,,
c66418b61787b268d972,full_annotation_v1,A,q_야채_10,채소 사는 데,식료품 중 '야채'를 판매·제공하는 매장,val,야채,T4 구어·문장,8c66ee33-f10b-458a-bf68-f345576fb68c,의성채소,채소,의성공설전통시장(의성읍정기시장),전통시장,경상북도,,,
e5612e9043d0ac2d4ecc,full_annotation_v1,A,q_야채_10,채소 사는 데,식료품 중 '야채'를 판매·제공하는 매장,val,야채,T4 구어·문장,edb50940-6320-4d5c-9e83-ceae4f1e967f,삼산나범노지채소,채소,해남매일시장,전통시장,전라남도,,,
ab692120f6c1b76fa7b9,full_annotation_v1,A,q_야채_10,채소 사는 데,식료품 중 '야채'를 판매·제공하는 매장,val,야채,T4 구어·문장,537a9507-c899-4d7d-a71e-d1b0bcccb9ca,왼발오른발,일반신발,전주신중앙시장(구 중앙버드나무시장),전통시장,전북특별자치도,,,
67f322b5870d79d3efd0,full_annotation_v1,A,q_야채_10,채소 사는 데,식료품 중 '야채'를 판매·제공하는 매장,val,야채,T4 구어·문장,92dd49f0-3dfd-4523-89e6-43bfbbe43007,아가랑엄마랑,채소,진주 논개시장,전통시장,경상남도,,,
903d5f8267c45ccb75e6,full_annotation_v1,A,q_야채_10,채소 사는 데,식료품 중 '야채'를 판매·제공하는 매장,val,야채,T4 구어·문장,2d46893f-d0a7-4039-9a24-f22cf4c0a725,야채마을,채소,나주목사고을시장,전통시장,,,,
d26401d22344935d44ac,full_annotation_v1,A,q_야채_10,채소 사는 데,식료품 중 '야채'를 판매·제공하는 매장,val,야채,T4 구어·문장,ec52f98b-b3b8-442e-9d79-fd69b73de377,똘이상회,채소,말바우시장,전통시장,광주광역시,,,
96fcaec50298661ae253,full_annotation_v1,A,q_야채_10,채소 사는 데,식료품 중 '야채'를 판매·제공하는 매장,val,야채,T4 구어·문장,aaf9d1eb-4cb7-4e16-88f5-d2b91bf480ae,관포선어,채소,거제 고현시장,전통시장,경상남도,,,
6e272fedd4a2273dcc39,full_annotation_v1,A,q_야채_10,채소 사는 데,식료품 중 '야채'를 판매·제공하는 매장,val,야채,T4 구어·문장,5bc3d4b3-d1b8-4f90-8afe-cfec5dc14045,만물채소,채소,연일골목시장상점가,자율상권구역,부산광역시,,,
9004dc4b441165a33f02,full_annotation_v1,A,q_야채_10,채소 사는 데,식료품 중 '야채'를 판매·제공하는 매장,val,야채,T4 구어·문장,98f0ab8f-97a8-430a-bbf0-8812a6fdbe7f,충남상회,채소,대구청과시장,전통시장,대구광역시,,,
717ed0dceecb770261cb,full_annotation_v1,A,q_야채_10,채소 사는 데,식료품 중 '야채'를 판매·제공하는 매장,val,야채,T4 구어·문장,54ca1645-4cb0-4ec6-8043-3767c616eb16,제일상회,채소,말바우시장,전통시장,광주광역시,,,
f1646175672c92441aaf,full_annotation_v1,A,q_야채_10,채소 사는 데,식료품 중 '야채'를 판매·제공하는 매장,val,야채,T4 구어·문장,28cd71cb-d1c0-42b1-91c0-9c2b303155b8,서울상회,채소,부전농수산물새벽시장,전통시장,부산광역시,,,
95f6b41a3236abce18a2,full_annotation_v1,A,q_야채_10,채소 사는 데,식료품 중 '야채'를 판매·제공하는 매장,val,야채,T4 구어·문장,818419b2-9ff4-49f6-ae74-cfe3d1197d81,상남채소,채소,창원 상남시장,전통시장,경상남도,,,
d16984cd18998ded4497,full_annotation_v1,A,q_야채_10,채소 사는 데,식료품 중 '야채'를 판매·제공하는 매장,val,야채,T4 구어·문장,da59d889-33d2-46e5-be46-1a882a5907b9,아이웍스(EYEWORKS),도소매(잡화),평화시장,전통시장,서울특별시,,,
32ba4a2f134c7ae95af5,full_annotation_v1,A,q_야채_10,채소 사는 데,식료품 중 '야채'를 판매·제공하는 매장,val,야채,T4 구어·문장,806b0ed0-125a-45b3-89a2-7af488c13bb2,국동상회,채소,진주 청과시장,전통시장,경상남도,,,
84a95e41cab7d7472a1f,full_annotation_v1,A,q_야채_10,채소 사는 데,식료품 중 '야채'를 판매·제공하는 매장,val,야채,T4 구어·문장,014b06bd-3fa3-4cde-b459-e62ca64c33aa,조은식품,채소,하양꿈바우시장,전통시장,경상북도,,,
6251608e543af414c3e3,full_annotation_v1,A,q_야채_10,채소 사는 데,식료품 중 '야채'를 판매·제공하는 매장,val,야채,T4 구어·문장,566dd58f-9081-4d60-b591-35b8d7a1384f,머슴상회,야채,천안중앙시장,전통시장,충청남도,,,
4225223facbd53d09e7f,full_annotation_v1,A,q_야채_10,채소 사는 데,식료품 중 '야채'를 판매·제공하는 매장,val,야채,T4 구어·문장,77728fb7-88a3-4af7-b429-12276e358a94,고향야채,채소,중리시장,전통시장,대전광역시,,,
1fefe92055aba72e5e0c,full_annotation_v1,A,q_야채_10,채소 사는 데,식료품 중 '야채'를 판매·제공하는 매장,val,야채,T4 구어·문장,29e43063-7953-4c44-91ca-a9a49e4d3010,대응상회,채소,중앙신시장,전통시장,경상북도,,,
e3b24179536fcaf48daa,full_annotation_v1,A,q_야채_10,채소 사는 데,식료품 중 '야채'를 판매·제공하는 매장,val,야채,T4 구어·문장,f65f027a-d2a9-4924-b34f-4c49d297e423,야채시대,야채 과일,범천중앙시장,전통시장,부산광역시,,,
cfe89bee5f24919ba647,full_annotation_v1,A,q_야채_10,채소 사는 데,식료품 중 '야채'를 판매·제공하는 매장,val,야채,T4 구어·문장,9dd34df2-6ad5-4181-ae5c-ad03fb6a14dd,제일상회,채소,양동시장,전통시장,광주광역시,,,
5fb96f05c6992f438035,full_annotation_v1,A,q_야채_10,채소 사는 데,식료품 중 '야채'를 판매·제공하는 매장,val,야채,T4 구어·문장,f077b145-faba-497b-9e0f-9f5397783b59,파운데이 염주점,커피,화삼골상인회 골목형상점가,골목형상점가,광주광역시,,,
57616c27132e85a381f8,full_annotation_v1,A,q_야채_10,채소 사는 데,식료품 중 '야채'를 판매·제공하는 매장,val,야채,T4 구어·문장,00534c22-4465-442e-95db-66dd08f99320,삼원상회,채소,칠성시장,전통시장,대구광역시,,,
8d8c30ce913f54af64d4,full_annotation_v1,A,q_야채_10,채소 사는 데,식료품 중 '야채'를 판매·제공하는 매장,val,야채,T4 구어·문장,1631e5ef-55ef-400b-afa0-a6379ee0c93a,형제상회,채소,충주농산물종합시장(구 중앙청과시장),전통시장,충청북도,,,
1d7397d18149e065e7fb,full_annotation_v1,A,q_야채_10,채소 사는 데,식료품 중 '야채'를 판매·제공하는 매장,val,야채,T4 구어·문장,ab7dd5cc-97d9-477c-89bc-6f2868c828d1,형제상회,채소,정이있는 구포시장,전통시장,부산광역시,,,
535967c5d70285ada62d,full_annotation_v1,A,q_야채_10,채소 사는 데,식료품 중 '야채'를 판매·제공하는 매장,val,야채,T4 구어·문장,7fdbfbd2-930f-4329-a225-ca7b797e3274,야채,야채,원종고강제일시장(부천제일시장),전통시장,경기도,,,
c2428cf801f8d3bbc38d,full_annotation_v1,A,q_야채_10,채소 사는 데,식료품 중 '야채'를 판매·제공하는 매장,val,야채,T4 구어·문장,45f03a22-b75f-4d8c-bb16-9911ecafdb2f,야채총판매점,야채,관고전통시장,전통시장,경기도,,,
34cca496e5fcd2289baf,full_annotation_v1,A,q_야채_10,채소 사는 데,식료품 중 '야채'를 판매·제공하는 매장,val,야채,T4 구어·문장,114102e4-7128-4d86-bafb-3a197fcbe666,야채맛집,,남성사계시장,전통시장,서울특별시,,,
7bd5ad81f443ceb48edf,full_annotation_v1,A,q_야채_10,채소 사는 데,식료품 중 '야채'를 판매·제공하는 매장,val,야채,T4 구어·문장,e61f2d1f-8027-499a-af62-2244a8ad5558,야채이야기,야채,서부시장상점가(서부시장 통합),전통시장,전북특별자치도,,,
455f9ee0c9b90f16a4d9,full_annotation_v1,A,q_야채_10,채소 사는 데,식료품 중 '야채'를 판매·제공하는 매장,val,야채,T4 구어·문장,0622e5e4-d762-4378-aeb6-eb6148f9dec6,개도리김치,"김치, 채소, 건어물",나주목사고을시장,전통시장,,,,
1efc6f8cbccbd253d323,full_annotation_v1,A,q_야채_10,채소 사는 데,식료품 중 '야채'를 판매·제공하는 매장,val,야채,T4 구어·문장,b15231c9-07aa-4d31-9c9e-611b56f7614b,대전야채,야채,신도꼼지락시장,전통시장,대전광역시,,,
94337abe086ede9b0b10,full_annotation_v1,A,q_야채_10,채소 사는 데,식료품 중 '야채'를 판매·제공하는 매장,val,야채,T4 구어·문장,a67ec970-f6ac-4314-832a-4ad66d5057d7,퇴촌,채소,청량리농수산물시장,전통시장,서울특별시,,,
4f173f8741fe71fab775,full_annotation_v1,A,q_야채_10,채소 사는 데,식료품 중 '야채'를 판매·제공하는 매장,val,야채,T4 구어·문장,b78dda6f-90f1-4cbe-8341-58fe3462ffb4,합천채소,채소,성서와룡시장,전통시장,대구광역시,,,
65e118774ac41ea29fc9,full_annotation_v1,A,q_야채_10,채소 사는 데,식료품 중 '야채'를 판매·제공하는 매장,val,야채,T4 구어·문장,3ed38013-1009-4b72-ba3f-b10030148289,큰밭상회,채소,팔달신시장,전통시장,대구광역시,,,
f7d39b18e0fc20d97ee7,full_annotation_v1,A,q_야채_10,채소 사는 데,식료품 중 '야채'를 판매·제공하는 매장,val,야채,T4 구어·문장,a6d69055-fda0-435d-874e-8a4509768c1a,신림기름집,참기름,신원시장,전통시장,서울특별시,,,
4df5c4bc11c58c8f9b49,full_annotation_v1,A,q_야채_10,채소 사는 데,식료품 중 '야채'를 판매·제공하는 매장,val,야채,T4 구어·문장,063d7960-6be9-4765-b6a3-ad8b0bbe656f,원이채소,채소,남항시장,전통시장,부산광역시,,,
2f89b4c2f43be6ab6307,full_annotation_v1,A,q_야채_10,채소 사는 데,식료품 중 '야채'를 판매·제공하는 매장,val,야채,T4 구어·문장,acaccd9c-161b-4569-91d9-e232de3947d5,똘맹상회,야채,연무안심시장,전통시장,충청남도,,,
af82ae0976514f2eccdb,full_annotation_v1,A,q_야채_10,채소 사는 데,식료품 중 '야채'를 판매·제공하는 매장,val,야채,T4 구어·문장,06f191fb-14b4-4d51-8efb-39d44343f1a7,유한회사 바르메이드,샐러드,상무시청상인회 골목형상점가,골목형상점가,광주광역시,,,
fc50850cfb09929822bf,full_annotation_v1,A,q_야채_10,채소 사는 데,식료품 중 '야채'를 판매·제공하는 매장,val,야채,T4 구어·문장,0042e83d-930b-4d1d-a96f-f1a2691256cd,성화상회,과일,대구능금시장,전통시장,대구광역시,,,
110a1ea76598a6764481,full_annotation_v1,A,q_야채_10,채소 사는 데,식료품 중 '야채'를 판매·제공하는 매장,val,야채,T4 구어·문장,83cd06b0-592a-4e4f-b484-e1f030c92cca,재필상회,채소,남천해변시장,전통시장,부산광역시,,,
ac311c52779e548d6588,full_annotation_v1,A,q_야채_10,채소 사는 데,식료품 중 '야채'를 판매·제공하는 매장,val,야채,T4 구어·문장,2cfe44c9-9d8a-4ecd-bbde-e6da2ad1fcc7,일꾼상회,채소,팔달신시장,전통시장,대구광역시,,,
ff93ee4f6c31c974fcf4,full_annotation_v1,A,q_야채_10,채소 사는 데,식료품 중 '야채'를 판매·제공하는 매장,val,야채,T4 구어·문장,d19b3de6-4ddc-444e-9f05-82025eb1d7d6,옥석야채,야채,만수시장,전통시장,인천광역시,,,
b7795d0d748fec087106,full_annotation_v1,A,q_야채_10,채소 사는 데,식료품 중 '야채'를 판매·제공하는 매장,val,야채,T4 구어·문장,05530d0f-82ed-47a1-8015-32b6c30e3752,진수산삼다식품,"젓갈류, 김치, 수산물",동문재래시장,전통시장,제주특별자치도,,,
9e6eab0e67b854914aeb,full_annotation_v1,A,q_야채_10,채소 사는 데,식료품 중 '야채'를 판매·제공하는 매장,val,야채,T4 구어·문장,547be72a-2b08-4865-acc9-efec48cc1450,야채꾼,야채,신 강남시장,전통시장,인천광역시,,,
0068e63f86590019d91b,full_annotation_v1,A,q_야채_10,채소 사는 데,식료품 중 '야채'를 판매·제공하는 매장,val,야채,T4 구어·문장,cf6c7a39-a366-488a-86a9-50052bb87e00,민호채소,채소,일산서문상점가,자율상권구역,경기도,,,
6164430d09e51d535a16,full_annotation_v1,A,q_야채_10,채소 사는 데,식료품 중 '야채'를 판매·제공하는 매장,val,야채,T4 구어·문장,3fde8481-3816-4c57-8e33-bfd1ab03783b,진주상회,채소,가락몰골목형상점가,골목형상점가,서울특별시,,,
c0e9ea75f853c1b907b0,full_annotation_v1,A,q_야채_10,채소 사는 데,식료품 중 '야채'를 판매·제공하는 매장,val,야채,T4 구어·문장,9ac244b8-9fc1-4477-adfd-13882109a6b1,형제상회,채소,논산화지중앙시장,전통시장,충청남도,,,
5421ba1bf85905c630a7,full_annotation_v1,A,q_야채_10,채소 사는 데,식료품 중 '야채'를 판매·제공하는 매장,val,야채,T4 구어·문장,008d1ed4-a5d7-492e-9959-f8307a68cc5f,샐러드 정원,"샐러드, 샌드위치",미성동도깨비시장,골목형상점가,서울특별시,,,
861be418cba265d89093,full_annotation_v1,A,q_야채_10,채소 사는 데,식료품 중 '야채'를 판매·제공하는 매장,val,야채,T4 구어·문장,cbde5229-a947-400e-8b14-8f986136869f,한국야채,야채,동문동 골목형상점가,골목형상점가,충청남도,,,
a3c9f6d1c91f1fa02a63,full_annotation_v1,A,q_야채_10,채소 사는 데,식료품 중 '야채'를 판매·제공하는 매장,val,야채,T4 구어·문장,9a19e75c-32ee-4a79-a1ba-536d9c3224d1,안동상회,채소,대구청과시장,전통시장,대구광역시,,,
78792eb4d445c00cf175,full_annotation_v1,A,q_야채_10,채소 사는 데,식료품 중 '야채'를 판매·제공하는 매장,val,야채,T4 구어·문장,56561e51-bf39-4317-b000-140dc8c64e38,경북상회,채소,부전농수산물새벽시장,전통시장,부산광역시,,,
3efbd8d5f2fcd33397ff,full_annotation_v1,A,q_야채_10,채소 사는 데,식료품 중 '야채'를 판매·제공하는 매장,val,야채,T4 구어·문장,0ea864eb-7aac-40cc-a5df-37d6470f9ec7,야채살롱,야채외,대연골목시장 골목형상점가,골목형상점가,부산광역시,,,
b2ccd9261e10c6696027,full_annotation_v1,A,q_야채_10,채소 사는 데,식료품 중 '야채'를 판매·제공하는 매장,val,야채,T4 구어·문장,0097b3e2-b5cf-4050-b719-c9d7738067c0,시흥상회,"소매(야채,과일)",광명전통시장,전통시장,경기도,,,
a896c00d80016e6fb4c5,full_annotation_v1,A,q_야채_10,채소 사는 데,식료품 중 '야채'를 판매·제공하는 매장,val,야채,T4 구어·문장,006204f3-b214-4611-a434-f896bf75e919,장터사랑,과일,농성세대공감상인회 골목형상점가,골목형상점가,광주광역시,,,
f7c407f9ec2d429a55b1,full_annotation_v1,A,q_야채_10,채소 사는 데,식료품 중 '야채'를 판매·제공하는 매장,val,야채,T4 구어·문장,a886d079-e2c9-4f62-8a59-615f9e18b14b,선희네야채,채소,한민시장,전통시장,대전광역시,,,
4ecd98ddf46e937869ac,full_annotation_v1,A,q_야채_10,채소 사는 데,식료품 중 '야채'를 판매·제공하는 매장,val,야채,T4 구어·문장,e78cf66f-c6f3-44d3-ac7d-24984cd9cffe,늘푸른상회,채소,순천역전시장상가,자율상권구역,전라남도,,,
885bc706295f0e8589fc,full_annotation_v1,A,q_야채_10,채소 사는 데,식료품 중 '야채'를 판매·제공하는 매장,val,야채,T4 구어·문장,7844e557-1d48-454d-9149-e2a3babceea5,한양식품,채소,나주목사고을시장,전통시장,,,,
a4bdf1df1761dcbe2ec2,full_annotation_v1,A,q_야채_10,채소 사는 데,식료품 중 '야채'를 판매·제공하는 매장,val,야채,T4 구어·문장,01e96e25-dcb5-4957-bc59-05c27b1dae7a,샐러드밀,샐러드,오룡행복 골목형상점가,골목형상점가,전라남도,,,
505b3ef292623f1bb9f4,full_annotation_v1,A,q_야채_10,채소 사는 데,식료품 중 '야채'를 판매·제공하는 매장,val,야채,T4 구어·문장,77199ec6-6205-4911-83a3-bad17d8b19fb,황금야채,야채,장림골목시장,전통시장,부산광역시,,,
453244f9c0c3a84058fd,full_annotation_v1,A,q_야채_10,채소 사는 데,식료품 중 '야채'를 판매·제공하는 매장,val,야채,T4 구어·문장,19e67eb5-1906-430e-b7cf-ff1f93875af2,현대상회,채소,목포동부시장,전통시장,전라남도,,,
4e028a3d368750744b30,full_annotation_v1,A,q_야채_10,채소 사는 데,식료품 중 '야채'를 판매·제공하는 매장,val,야채,T4 구어·문장,682d05b2-9425-41e1-ac4b-95691f2def91,나카스호르몬,소고기대창막창,개항희망문화상권 상권활성화구역,상권활성화구역,인천광역시,,,
efcae447d0ad63db2674,full_annotation_v1,A,q_야채_10,채소 사는 데,식료품 중 '야채'를 판매·제공하는 매장,val,야채,T4 구어·문장,cf5d0c45-d9f1-4aa2-80a7-7e2f603b9b62,산본 야채,야채,산본전통시장(구 군포산본시장),전통시장,경기도,,,
c1511d5760a652218038,full_annotation_v1,A,q_야채_10,채소 사는 데,식료품 중 '야채'를 판매·제공하는 매장,val,야채,T4 구어·문장,314f20d4-4645-4f81-81c8-cc8ae0c3c32c,유선상회,채소,현대시장,전통시장,인천광역시,,,
d2c6d08d8bcf068d0e37,full_annotation_v1,A,q_야채_10,채소 사는 데,식료품 중 '야채'를 판매·제공하는 매장,val,야채,T4 구어·문장,282b0e8b-051c-49f9-a707-b982df803589,까라벨라 데 오르,스파게티,동명동 카페거리 골목형상점가,골목형상점가,광주광역시,,,
fd3043d0c7c1df3c1ecd,full_annotation_v1,A,q_야채_10,채소 사는 데,식료품 중 '야채'를 판매·제공하는 매장,val,야채,T4 구어·문장,888c448d-238d-4979-abc2-7e881ff6c69c,논공농산,채소,관문상가시장,전통시장,대구광역시,,,
bbff83df1664c2e0002d,full_annotation_v1,A,q_야채_10,채소 사는 데,식료품 중 '야채'를 판매·제공하는 매장,val,야채,T4 구어·문장,f0eb8b35-0121-430d-8331-d318c13cc957,조은채소,채소,중리시장,전통시장,대전광역시,,,
918bf1e668e8ed5ffcbc,full_annotation_v1,A,q_야채_10,채소 사는 데,식료품 중 '야채'를 판매·제공하는 매장,val,야채,T4 구어·문장,000a244a-1e28-40b7-8d55-d5b1055f12d2,진해상회,채소,마산어시장,전통시장,경상남도,,,
a7c266e99efc2277600b,full_annotation_v1,A,q_야채_10,채소 사는 데,식료품 중 '야채'를 판매·제공하는 매장,val,야채,T4 구어·문장,8dac30b5-783c-4f90-964b-b5384fe436df,용민이네 야채,야채,해남매일시장,전통시장,전라남도,,,
aa30496bc44c26b0082b,full_annotation_v1,A,q_야채_10,채소 사는 데,식료품 중 '야채'를 판매·제공하는 매장,val,야채,T4 구어·문장,cac8c80b-14e1-4f0e-b478-3337738723d2,점둘상회,채소,충무동 새벽시장,전통시장,부산광역시,,,
2c5a0e84c3dba45a7259,full_annotation_v1,A,q_야채_10,채소 사는 데,식료품 중 '야채'를 판매·제공하는 매장,val,야채,T4 구어·문장,dd295f14-b477-4838-8d73-2e8c98c80fd5,대성상회,채소,세종전통시장,전통시장,세종특별자치시,,,
3e2c20d528611f91fc5d,full_annotation_v1,A,q_야채_10,채소 사는 데,식료품 중 '야채'를 판매·제공하는 매장,val,야채,T4 구어·문장,19f80ad5-7c10-4c16-bff4-8218962d912e,공주집,"채소.야채, 채소",대명여울빛거리시장,전통시장,서울특별시,,,
78c662d5597b39d2a7f2,full_annotation_v1,A,q_야채_10,채소 사는 데,식료품 중 '야채'를 판매·제공하는 매장,val,야채,T4 구어·문장,2165f004-4591-41e8-805e-08be082aa28c,정가네식품,채소,청주육거리종합시장,전통시장,충청북도,,,
fbe1aeee0bc339517908,full_annotation_v1,A,q_야채_10,채소 사는 데,식료품 중 '야채'를 판매·제공하는 매장,val,야채,T4 구어·문장,a1283b81-ade9-47ab-8235-28bfa73cdec6,오씨채소,채소,남항시장,전통시장,부산광역시,,,
47841344cea64441ba9a,full_annotation_v1,A,q_야채_10,채소 사는 데,식료품 중 '야채'를 판매·제공하는 매장,val,야채,T4 구어·문장,530e8c7d-4476-41cd-98e5-d6d8a71f82c6,장군상회,채소,마산역번개시장,전통시장,경상남도,,,
9c6692d662e58c43ec8a,full_annotation_v1,A,q_야채_10,채소 사는 데,식료품 중 '야채'를 판매·제공하는 매장,val,야채,T4 구어·문장,c27af181-a924-4d29-810b-f49578bef2b7,진주상회,채소,엄궁농산물도매시장식품·청과 소매동 골목형상점가,골목형상점가,부산광역시,,,
35693f4dd492ca99ca85,full_annotation_v1,A,q_야채_10,채소 사는 데,식료품 중 '야채'를 판매·제공하는 매장,val,야채,T4 구어·문장,0533a201-3b07-4029-8158-c4d2ad17c7bf,텃밭쌈밥,쌈밥,역전시장,전통시장,충청남도,,,
04b7d5c4074d5b11350c,full_annotation_v1,A,q_야채_10,채소 사는 데,식료품 중 '야채'를 판매·제공하는 매장,val,야채,T4 구어·문장,f17cb0af-297f-419e-86db-a1dca61eaab8,민혁채소,채소,나주목사고을시장,전통시장,전라남도,,,
0fea6a495fe5282dcd97,full_annotation_v1,A,q_야채_10,채소 사는 데,식료품 중 '야채'를 판매·제공하는 매장,val,야채,T4 구어·문장,00c56499-bc90-4ed6-bb66-3802cc762889,의령상회,채소,부전상가시장,전통시장,부산광역시,,,
65994456d6022de35431,full_annotation_v1,A,q_야채_10,채소 사는 데,식료품 중 '야채'를 판매·제공하는 매장,val,야채,T4 구어·문장,b30a0236-ebb1-4768-b684-eb1d3bbdf525,동대문명성기업,자수,을지로지하보도쇼핑센터,일반지하상점가,서울특별시,,,
228feb5c8d14581f250b,full_annotation_v1,A,q_야채_10,채소 사는 데,식료품 중 '야채'를 판매·제공하는 매장,val,야채,T4 구어·문장,00947369-dfd0-4074-b22e-c8b430a98a70,에스.에이.팜(S.A.farm),"표고버섯및농산물, 잡화, 통신판매",무주반딧불상권활성화구역,상권활성화구역,전북특별자치도,,,
25ae5e554c9fbab8f5bd,full_annotation_v1,A,q_야채_10,채소 사는 데,식료품 중 '야채'를 판매·제공하는 매장,val,야채,T4 구어·문장,48b57ee9-4554-458f-bd4c-57f572e9d549,노퉁궈,야채,첨단2동 골목형상점가,골목형상점가,광주광역시,,,
16115d628f0d670ac489,full_annotation_v1,A,q_야채_10,채소 사는 데,식료품 중 '야채'를 판매·제공하는 매장,val,야채,T4 구어·문장,5d021e59-db79-46a5-8451-b7dea60849b9,충남상회,채소,우리시장,자율상권구역,서울특별시,,,
11ec0333bb971346c17b,full_annotation_v1,A,q_야채_10,채소 사는 데,식료품 중 '야채'를 판매·제공하는 매장,val,야채,T4 구어·문장,1cc31f70-4db9-4cac-bde3-d77a405f7d88,현욱상회,야채,부산새벽시장,전통시장,부산광역시,,,
78ed831caa0121f5c893,full_annotation_v1,A,q_야채_10,채소 사는 데,식료품 중 '야채'를 판매·제공하는 매장,val,야채,T4 구어·문장,cca58370-ec22-4be6-8ceb-a1c4d990af36,하늘 야채,야채,작전시장,전통시장,인천광역시,,,
89d4ffb502188ffbd555,full_annotation_v1,A,q_야채_10,채소 사는 데,식료품 중 '야채'를 판매·제공하는 매장,val,야채,T4 구어·문장,6e0494c5-495b-4a8d-8de2-ecc6ab7d1744,진주상회,채소,대구청과시장,전통시장,대구광역시,,,
c1de2646e17f64016592,full_annotation_v1,A,q_야채_10,채소 사는 데,식료품 중 '야채'를 판매·제공하는 매장,val,야채,T4 구어·문장,dff05377-4eb9-45b8-a1f9-b4c7c3917eb0,쌍둥이야채,채소,암사종합시장,전통시장,서울특별시,,,
cdeb5d75d1f22f7c80c1,full_annotation_v1,A,q_야채_10,채소 사는 데,식료품 중 '야채'를 판매·제공하는 매장,val,야채,T4 구어·문장,2ab80a52-3a34-4399-9dae-c7ffae49cee0,대구상회,채소,경주성동공설시장,전통시장,경상북도,,,
d5c9598346bf1ceef2f0,full_annotation_v1,A,q_야채_10,채소 사는 데,식료품 중 '야채'를 판매·제공하는 매장,val,야채,T4 구어·문장,cb85d4c6-1179-419e-833a-a803adff67ee,다름이네 채소,채소,우장산역 골목형상점가,골목형상점가,서울특별시,,,
e3b92f0a50081db3e18a,full_annotation_v1,A,q_야채_10,채소 사는 데,식료품 중 '야채'를 판매·제공하는 매장,val,야채,T4 구어·문장,c53bab1d-3440-495a-9de7-c05e93db2c52,야채1번지,야채,청량리종합시장,전통시장,서울특별시,,,
9b345c0f4cf4b8d2ae48,full_annotation_v1,A,q_야채_10,채소 사는 데,식료품 중 '야채'를 판매·제공하는 매장,val,야채,T4 구어·문장,38d33dd0-da61-4784-bac4-f0d8ecbe6d79,야채천국,야채,길동복조리시장,전통시장,서울특별시,,,
dc0ced75fb22df9a3fd0,full_annotation_v1,A,q_야채_10,채소 사는 데,식료품 중 '야채'를 판매·제공하는 매장,val,야채,T4 구어·문장,d1ae37a7-f14f-4ee7-a867-00daf67c85b7,사석채소,채소,운수대통!생거진천전통시장,전통시장,충청북도,,,
8e841042682d9e97825d,full_annotation_v1,A,q_야채_10,채소 사는 데,식료품 중 '야채'를 판매·제공하는 매장,val,야채,T4 구어·문장,d9b9a968-0578-4e50-ba4a-5d0c0ea8aa06,서울상회,채소,동문공설시장,전통시장,제주특별자치도,,,
9f7b3040adc781c0ff4b,full_annotation_v1,A,q_야채_10,채소 사는 데,식료품 중 '야채'를 판매·제공하는 매장,val,야채,T4 구어·문장,a50d9588-45fd-4e3c-8f9c-22121b7280af,왜관채소,채소,지산목련시장(구 지산종합시장),전통시장,대구광역시,,,
fc363815b3b757a3088c,full_annotation_v1,A,q_야채_10,채소 사는 데,식료품 중 '야채'를 판매·제공하는 매장,val,야채,T4 구어·문장,1d0d828a-3ee4-4945-b3ce-9a54efea4289,이푸른채소,채소,해평시장,전통시장,경상북도,,,
5486afe2d45a76f53d2b,full_annotation_v1,A,q_야채_10,채소 사는 데,식료품 중 '야채'를 판매·제공하는 매장,val,야채,T4 구어·문장,e6314d4a-d954-48eb-b17a-3a06f04622e7,제일상회,채소,대구청과시장,전통시장,대구광역시,,,
9d7cf300a9204ea45fa9,full_annotation_v1,A,q_야채_10,채소 사는 데,식료품 중 '야채'를 판매·제공하는 매장,val,야채,T4 구어·문장,f14df4d3-9858-4a8b-8597-20fd477d8e32,갤러리 데 루치아,가구,용인어정가구단지상점가,자율상권구역,경기도,,,
accea6644276866690ba,full_annotation_v1,A,q_야채_10,채소 사는 데,식료품 중 '야채'를 판매·제공하는 매장,val,야채,T4 구어·문장,d92b7520-22e8-4f13-b2c6-1eb40f26a376,유섭야채,야채,광명전통시장,전통시장,경기도,,,
78e3f304aac5d4ec61e5,full_annotation_v1,A,q_야채_10,채소 사는 데,식료품 중 '야채'를 판매·제공하는 매장,val,야채,T4 구어·문장,009be3cd-7c52-41e4-91fc-c377ddfa78c0,언양시장야채,야채,언양알프스시장,전통시장,울산광역시,,,
1bf93088df3d4e848e85,full_annotation_v1,A,q_야채_10,채소 사는 데,식료품 중 '야채'를 판매·제공하는 매장,val,야채,T4 구어·문장,b1b1c759-5ecd-4c2a-a695-cc5800e6e584,여항식품,채소,마산어시장,전통시장,경상남도,,,
38ffa92917035b698f54,full_annotation_v1,A,q_야채_10,채소 사는 데,식료품 중 '야채'를 판매·제공하는 매장,val,야채,T4 구어·문장,c45555c4-dc1b-41a2-bcda-18ac0e5ed034,현대상회,채소,충무동 새벽시장,전통시장,부산광역시,,,
9880e70826c890fb95eb,full_annotation_v1,A,q_야채_10,채소 사는 데,식료품 중 '야채'를 판매·제공하는 매장,val,야채,T4 구어·문장,0e0865e7-732d-4b06-b3ab-ea1437d98b11,다원상회,채소,부산새벽시장,전통시장,부산광역시,,,
e9fc4e2e6e5e2a1e90d6,full_annotation_v1,A,q_야채_10,채소 사는 데,식료품 중 '야채'를 판매·제공하는 매장,val,야채,T4 구어·문장,43c03e36-c146-4944-bcd4-879bc435fad2,도온쌈,쌈밥,남이동길골목형상점가,골목형상점가,서울특별시,,,
6e4040d322a0764c23f0,full_annotation_v1,A,q_야채_10,채소 사는 데,식료품 중 '야채'를 판매·제공하는 매장,val,야채,T4 구어·문장,caf6b472-9520-45e6-9d3d-ed5b9b178eb5,대동상회,채소,부전상가시장,전통시장,부산광역시,,,
a8a4135676e0fa718242,full_annotation_v1,A,q_야채_10,채소 사는 데,식료품 중 '야채'를 판매·제공하는 매장,val,야채,T4 구어·문장,009a3629-5dbc-47c2-adea-b1f9bc2c083a,동해농수산,야채,방학동도깨비시장,전통시장,서울특별시,,,
e4b973ef4f5a793651e5,full_annotation_v1,A,q_야채_10,채소 사는 데,식료품 중 '야채'를 판매·제공하는 매장,val,야채,T4 구어·문장,dcd770eb-a73f-42e7-ab46-771f314bce93,창창야채,채소,평택통복시장,전통시장,경기도,,,
a2b527de2ddef5bff0a5,full_annotation_v1,A,q_야채_10,채소 사는 데,식료품 중 '야채'를 판매·제공하는 매장,val,야채,T4 구어·문장,d7ba6209-f2bc-4dd0-baba-f9b869bd5ee6,형제상회,채소,문경중앙시장,전통시장,경상북도,,,
50f76838f4b484af915a,full_annotation_v1,A,q_야채_10,채소 사는 데,식료품 중 '야채'를 판매·제공하는 매장,val,야채,T4 구어·문장,94638f05-9b77-4863-80e1-6277f5899822,중앙채소,채소,김제전통시장,전통시장,전북특별자치도,,,
8cfb62d39656c66ddda7,full_annotation_v1,A,q_야채_10,채소 사는 데,식료품 중 '야채'를 판매·제공하는 매장,val,야채,T4 구어·문장,13c1bdc0-9bb0-4f9d-8b02-2b5865190f0e,대성상회,채소,경주성동공설시장,전통시장,경상북도,,,
8f0ecb8b84078e58b7fc,full_annotation_v1,A,q_야채_10,채소 사는 데,식료품 중 '야채'를 판매·제공하는 매장,val,야채,T4 구어·문장,05c76e94-955a-4fc9-a37c-59f7295ce5af,청원상회,채소,삼척중앙시장,전통시장,강원특별자치도,,,
18541f41d7b9ffb33971,full_annotation_v1,A,q_야채_10,채소 사는 데,식료품 중 '야채'를 판매·제공하는 매장,val,야채,T4 구어·문장,008d4156-e489-4d1f-9205-b541972d35a8,과일왕,과일 잡화 야채 먹거리,연제동 골목형상점가,골목형상점가,광주광역시,,,
a6be87ba6a6495793e94,full_annotation_v1,A,q_야채_10,채소 사는 데,식료품 중 '야채'를 판매·제공하는 매장,val,야채,T4 구어·문장,0174d58f-3182-48ce-9bb7-0818d21a6763,야채,,만수시장,전통시장,인천광역시,,,
3bfccad51d8b83d514f5,full_annotation_v1,A,q_야채_10,채소 사는 데,식료품 중 '야채'를 판매·제공하는 매장,val,야채,T4 구어·문장,0b8ef6dc-2f6b-4707-bd73-529122d9c97a,하단떡집,떡집,하단오일상설시장,전통시장,부산광역시,,,
42fe903a8a6a3524ccd3,full_annotation_v1,A,q_야채_10,채소 사는 데,식료품 중 '야채'를 판매·제공하는 매장,val,야채,T4 구어·문장,1ca7b792-9350-4c78-88ce-80d12cf01a50,푸른뫼,채소,춘천풍물시장,전통시장,강원특별자치도,,,
bc87a3e3404d01a08515,full_annotation_v1,A,q_야채_10,채소 사는 데,식료품 중 '야채'를 판매·제공하는 매장,val,야채,T4 구어·문장,cf37e640-c099-4140-abd3-f07ab9878881,사계절채소,채소,영천공설시장,전통시장,경상북도,,,
ccd0a4163f9e17aeecfe,full_annotation_v1,A,q_야채_10,채소 사는 데,식료품 중 '야채'를 판매·제공하는 매장,val,야채,T4 구어·문장,7ff1a1b0-1547-4ab3-9dd0-a48265949d0d,은주상회,채소,부산새벽시장,전통시장,부산광역시,,,
3101da9ae0c2dcccdcbd,full_annotation_v1,A,q_야채_10,채소 사는 데,식료품 중 '야채'를 판매·제공하는 매장,val,야채,T4 구어·문장,5eb01bb1-b190-493d-ac36-30e486161eb5,야채파는남자,야채,수유중앙골목시장골목형상점가,골목형상점가,서울특별시,,,
6059ecbfe8a852063665,full_annotation_v1,A,q_야채_10,채소 사는 데,식료품 중 '야채'를 판매·제공하는 매장,val,야채,T4 구어·문장,8560e342-8e93-413a-bb3e-3617e6fb496c,대성상회,채소,대구청과시장,전통시장,대구광역시,,,
82a189d09509ff536515,full_annotation_v1,A,q_야채_10,채소 사는 데,식료품 중 '야채'를 판매·제공하는 매장,val,야채,T4 구어·문장,0a4b1046-fda3-4295-88a3-f8574a7921d1,송동상회,채소,남원용남시장,전통시장,전북특별자치도,,,
3783cd32ae69d763cc48,full_annotation_v1,A,q_야채_10,채소 사는 데,식료품 중 '야채'를 판매·제공하는 매장,val,야채,T4 구어·문장,008b2657-018e-4d46-b0b0-a173aee3f37a,대원상회,농산물,대구능금시장,전통시장,대구광역시,,,
e91f175ad1c150d1578a,full_annotation_v1,A,q_야채_10,채소 사는 데,식료품 중 '야채'를 판매·제공하는 매장,val,야채,T4 구어·문장,a723a32a-cdff-4bd3-a096-38bcaeac6989,진주상회,채소,부전시장,전통시장,부산광역시,,,
82f2ebc55474029eba3b,full_annotation_v1,A,q_야채_10,채소 사는 데,식료품 중 '야채'를 판매·제공하는 매장,val,야채,T4 구어·문장,6d9f545f-ca9c-479c-8eaa-1470aec4994c,미아상회,채소,마산 동마산시장,전통시장,경상남도,,,
3a06cdf4ab7a411cac1a,full_annotation_v1,A,q_야채_10,채소 사는 데,식료품 중 '야채'를 판매·제공하는 매장,val,야채,T4 구어·문장,3d7157f4-0e98-40c6-b6c7-bf3414ec6af7,우리식품,채소,사천 삼천포전통수산시장,전통시장,경상남도,,,
9ff55cc5768417137797,full_annotation_v1,A,q_야채_10,채소 사는 데,식료품 중 '야채'를 판매·제공하는 매장,val,야채,T4 구어·문장,014fc673-2f3b-48cf-a134-d5aebb132435,동성상회,야채,동두천중앙시장,전통시장,경기도,,,
41bc3fd52121f226fd5b,full_annotation_v1,A,q_야채_10,채소 사는 데,식료품 중 '야채'를 판매·제공하는 매장,val,야채,T4 구어·문장,00b6e321-5954-437c-b1d9-94fded29f67e,웰빙마트,식품,서남신시장,전통시장,대구광역시,,,
769393b7818143b892f3,full_annotation_v1,A,q_야채_10,채소 사는 데,식료품 중 '야채'를 판매·제공하는 매장,val,야채,T4 구어·문장,fcc4f6e6-bdce-44b7-85d2-f86770970597,현대상회,채소,팔달신시장,전통시장,대구광역시,,,
f230897d99b95a04e68d,full_annotation_v1,A,q_야채_10,채소 사는 데,식료품 중 '야채'를 판매·제공하는 매장,val,야채,T4 구어·문장,01b4b567-78d4-4fa1-9bff-25fd01fb1a4c,소문난김치집,김치,중앙먹거리 상인회 골목형상점가,골목형상점가,전라남도,,,
439ebcaa1c503812db2d,full_annotation_v1,A,q_야채_10,채소 사는 데,식료품 중 '야채'를 판매·제공하는 매장,val,야채,T4 구어·문장,78a9534c-4bf0-45c7-b5c8-39460fc76435,대운상회,채소,포항죽도농산물시장,전통시장,경상북도,,,
527251ef415876300f03,full_annotation_v1,A,q_야채_10,채소 사는 데,식료품 중 '야채'를 판매·제공하는 매장,val,야채,T4 구어·문장,83682e12-7371-4780-93e4-c79ea92924ae,양지신발,신발,양지중앙 골목형상점가,골목형상점가,경기도,,,
f7b21c65d7042c1f4a7e,full_annotation_v1,A,q_야채_10,채소 사는 데,식료품 중 '야채'를 판매·제공하는 매장,val,야채,T4 구어·문장,00818eab-32ca-497e-ad5c-1c301a7ea4c9,13번상회,채소,마산 동마산시장,전통시장,경상남도,,,
1d11652f5f5e9177e37c,full_annotation_v1,A,q_야채_10,채소 사는 데,식료품 중 '야채'를 판매·제공하는 매장,val,야채,T4 구어·문장,007fd232-3c16-44ff-be59-cf265f3775e9,동문상회,채소버섯,팔달신시장,전통시장,대구광역시,,,
9f2e5ae5507f1f71baa0,full_annotation_v1,A,q_야채_10,채소 사는 데,식료품 중 '야채'를 판매·제공하는 매장,val,야채,T4 구어·문장,014072fb-b412-4fb3-a663-31dbf80e44a6,매일상회,"야채, 과일",고산미소시장(고산시장),전통시장,전북특별자치도,,,
f20ce57d72c9a09434c7,full_annotation_v1,A,q_야채_10,채소 사는 데,식료품 중 '야채'를 판매·제공하는 매장,val,야채,T4 구어·문장,cd179f43-3d1b-4fae-b8f4-2019a7cbf45e,서울상회,채소,가좌시장,전통시장,인천광역시,,,
19814a1cab9fc336dc27,full_annotation_v1,A,q_야채_10,채소 사는 데,식료품 중 '야채'를 판매·제공하는 매장,val,야채,T4 구어·문장,009f034c-8e3b-4a32-aab3-55ece8718004,장봐주는언니 임동점,농수축산물및 가공식품,제니스 골목형상점가,골목형상점가,광주광역시,,,
4c0c35fcb89cc2f95358,full_annotation_v1,A,q_야채_10,채소 사는 데,식료품 중 '야채'를 판매·제공하는 매장,val,야채,T4 구어·문장,3bbc2f75-0feb-4ebf-ab20-a1d1b84a7637,봄날애헤어,미용,압촌동 골목형상점가,골목형상점가,광주광역시,,,
aae22b5bc914bd2a2f9c,full_annotation_v1,A,q_야채_10,채소 사는 데,식료품 중 '야채'를 판매·제공하는 매장,val,야채,T4 구어·문장,31515898-39ad-48c0-958a-50643dfe32ce,만물채소,채소,구서오시게시장,전통시장,부산광역시,,,
c03a709ad9cc3c3c7c72,full_annotation_v1,A,q_야채_10,채소 사는 데,식료품 중 '야채'를 판매·제공하는 매장,val,야채,T4 구어·문장,00344d24-5aaa-4dc7-ba51-3c041c147576,고향뜰영농조합법인,농산물,양산 북부시장,전통시장,경상남도,,,
7fab8c82e018e63df31e,full_annotation_v1,A,q_야채_10,채소 사는 데,식료품 중 '야채'를 판매·제공하는 매장,val,야채,T4 구어·문장,001cb3d4-5441-4963-b517-d5b3904ee312,현창떡집,떡집,목포동부시장,전통시장,전라남도,,,
900109da53e87f84eba8,full_annotation_v1,A,q_야채_10,채소 사는 데,식료품 중 '야채'를 판매·제공하는 매장,val,야채,T4 구어·문장,a2db608a-080c-4af6-b0ab-ac197595f3f8,보길야채,야채,방학동도깨비시장,전통시장,서울특별시,,,
babfc153163bccd8c38c,full_annotation_v1,A,q_야채_10,채소 사는 데,식료품 중 '야채'를 판매·제공하는 매장,val,야채,T4 구어·문장,00b64830-f897-4643-a5fa-6d8950c2ef89,낭만상회,식품,문산자유시장,전통시장,경기도,,,
5e6f27d50ed2aa48feea,full_annotation_v1,A,q_야채_10,채소 사는 데,식료품 중 '야채'를 판매·제공하는 매장,val,야채,T4 구어·문장,b7dde3f3-c8d6-480c-b5a1-27bcde25d7a5,이평상회,채소,정읍샘고을시장,전통시장,전북특별자치도,,,
b0b5a13387e29250efff,full_annotation_v1,A,q_야채_10,채소 사는 데,식료품 중 '야채'를 판매·제공하는 매장,val,야채,T4 구어·문장,7866a28d-db79-4fc6-923e-cbaeacffb046,수영이네반찬,김치,익산북부시장,전통시장,전북특별자치도,,,
cacd7b7c738f559b615d,full_annotation_v1,A,q_야채_10,채소 사는 데,식료품 중 '야채'를 판매·제공하는 매장,val,야채,T4 구어·문장,9174154b-b080-4623-881f-4b9843b13400,대성상회,채소,부산새벽시장,전통시장,부산광역시,,,
ecf2c42f35ee57b92bc7,full_annotation_v1,A,q_야채_10,채소 사는 데,식료품 중 '야채'를 판매·제공하는 매장,val,야채,T4 구어·문장,00891fcf-925f-4b76-bc26-179798787b48,정우상회,농산물,경동시장,전통시장,서울특별시,,,
99603ec0e3535f127394,full_annotation_v1,A,q_야채_10,채소 사는 데,식료품 중 '야채'를 판매·제공하는 매장,val,야채,T4 구어·문장,54a6fba6-87e9-4f1e-bb69-287da8b6b49f,짱야채,야채,반구시장,전통시장,울산광역시,,,
fbfee699874550b76f1d,full_annotation_v1,A,q_야채_10,채소 사는 데,식료품 중 '야채'를 판매·제공하는 매장,val,야채,T4 구어·문장,0045f871-6f40-4361-bcdd-2b94bf597287,무파장터,야채 청과물,신금정시장 골목형 상점가,골목형상점가,부산광역시,,,
2bfb04b3d2cbcc82eb56,full_annotation_v1,A,q_야채_10,채소 사는 데,식료품 중 '야채'를 판매·제공하는 매장,val,야채,T4 구어·문장,68620e4a-20c8-4cb4-a5a8-661ad20e238f,땟깔,야채,괴정골목시장,전통시장,부산광역시,,,
228ea50903f6795823a6,full_annotation_v1,A,q_야채_10,채소 사는 데,식료품 중 '야채'를 판매·제공하는 매장,val,야채,T4 구어·문장,4c59814c-6586-44f8-a66a-ca1e6446219d,타이어프로북광주점,타이어,본촌마을길 골목형상점가,골목형상점가,광주광역시,,,
57f9267444d21ed99436,full_annotation_v1,A,q_야채_10,채소 사는 데,식료품 중 '야채'를 판매·제공하는 매장,val,야채,T4 구어·문장,ef458615-5cd6-46d2-9060-432c55f325d8,형제상회,채소,학성새벽시장,전통시장,울산광역시,,,
4190ed9a3d179d1f085d,full_annotation_v1,A,q_야채_10,채소 사는 데,식료품 중 '야채'를 판매·제공하는 매장,val,야채,T4 구어·문장,f8a10401-ff1a-40ee-9067-281a1d4518d8,달전채소,채소,장량성도시장,전통시장,경상북도,,,
ce5b999fafcb5d3dfd74,full_annotation_v1,A,q_야채_10,채소 사는 데,식료품 중 '야채'를 판매·제공하는 매장,val,야채,T4 구어·문장,015915e3-2542-4245-b627-0c775b4c5501,한내떡집,,거제 고현시장,전통시장,경상남도,,,
826046e8f997d5676371,full_annotation_v1,A,q_야채_10,채소 사는 데,식료품 중 '야채'를 판매·제공하는 매장,val,야채,T4 구어·문장,09f0eb6c-0ae1-4225-aa8b-d8417aa102b9,정수산유통,수산물,우산매일시장,전통시장,광주광역시,,,
ab4156a54c52f30d433c,full_annotation_v1,A,q_야채_10,채소 사는 데,식료품 중 '야채'를 판매·제공하는 매장,val,야채,T4 구어·문장,016f8113-22a7-4ef1-a80f-0562dd2a06e9,동이식품,"식품, 농산물",중앙신시장,전통시장,경상북도,,,
6831c7c4338102155d26,full_annotation_v1,A,q_야채_10,채소 사는 데,식료품 중 '야채'를 판매·제공하는 매장,val,야채,T4 구어·문장,984743b4-7f66-4395-a108-68d4be8e0284,충북상회,채소,부전상가시장,전통시장,부산광역시,,,
7fbf539344b777dc9ff0,full_annotation_v1,A,q_야채_10,채소 사는 데,식료품 중 '야채'를 판매·제공하는 매장,val,야채,T4 구어·문장,0a47fa4a-19fd-4c00-841d-e16bd6a3c84a,싱싱채소,채소,합천왕후시장,전통시장,경상남도,,,
830531421882fbb577d3,full_annotation_v1,A,q_야채_10,채소 사는 데,식료품 중 '야채'를 판매·제공하는 매장,val,야채,T4 구어·문장,7baa2c6f-9331-474f-9e59-06dab8d5cf8b,야채사랑,야채,양산 덕계종합상설시장,전통시장,경상남도,,,
cfd20ba634a95855459f,full_annotation_v1,A,q_야채_10,채소 사는 데,식료품 중 '야채'를 판매·제공하는 매장,val,야채,T4 구어·문장,c5e297ee-9dde-43ca-8d25-53aed83d978a,공주채소,채소,세종전통시장,전통시장,세종특별자치시,,,
e66ab39e5c61ff414a52,full_annotation_v1,A,q_야채_10,채소 사는 데,식료품 중 '야채'를 판매·제공하는 매장,val,야채,T4 구어·문장,545c6f7a-bb0e-4ebe-a9e4-40fccb81edc6,중앙채소,채소,논공중앙시장,전통시장,대구광역시,,,
8c623de5ad2a6f9271c6,full_annotation_v1,A,q_야채_10,채소 사는 데,식료품 중 '야채'를 판매·제공하는 매장,val,야채,T4 구어·문장,000527f2-442a-4dd1-9bfc-8a8cd9fd5410,(유)뉴현대상회,농산물,가락몰골목형상점가,골목형상점가,서울특별시,,,
555b44b847c7c4e59543,full_annotation_v1,A,q_야채_10,채소 사는 데,식료품 중 '야채'를 판매·제공하는 매장,val,야채,T4 구어·문장,38fda274-dad2-4cc2-8462-0c7c872628c8,형제상회,채소,가락몰골목형상점가,골목형상점가,서울특별시,,,
3964b4c8ead54928caa6,full_annotation_v1,A,q_야채_10,채소 사는 데,식료품 중 '야채'를 판매·제공하는 매장,val,야채,T4 구어·문장,fac7e372-1e18-4cd2-a0bf-a16b572f9d23,야채마트,야채,도래미시장,전통시장,강원특별자치도,,,
f2be91f189525d381383,full_annotation_v1,A,q_야채_10,채소 사는 데,식료품 중 '야채'를 판매·제공하는 매장,val,야채,T4 구어·문장,bd019565-279e-4885-a9e9-8710ba8ce2c0,형제상회,채소,부산새벽시장,전통시장,부산광역시,,,
dc7bcef66672cbc40295,full_annotation_v1,A,q_야채_10,채소 사는 데,식료품 중 '야채'를 판매·제공하는 매장,val,야채,T4 구어·문장,a9aa7a13-c281-4b12-b3e7-f70506128348,용인야채,야채,수원못골종합시장,전통시장,경기도,,,
1182820137fb900bcd32,full_annotation_v1,A,q_야채_10,채소 사는 데,식료품 중 '야채'를 판매·제공하는 매장,val,야채,T4 구어·문장,2de2bd43-1d82-4700-b2b7-8091b92a55c4,제일상회,채소,부평깡시장,전통시장,인천광역시,,,
f2317cb0f716b782c49c,full_annotation_v1,A,q_야채_10,채소 사는 데,식료품 중 '야채'를 판매·제공하는 매장,val,야채,T4 구어·문장,a000c7fe-f593-442b-8bbb-0ad5a1ba41e1,유가네닭갈비 루원시티점,음식점업,루원음식문화거리,골목형상점가,인천광역시,,,
38b11d192fd39d8d6f6d,full_annotation_v1,A,q_야채_10,채소 사는 데,식료품 중 '야채'를 판매·제공하는 매장,val,야채,T4 구어·문장,3ae4b118-d755-4c58-b46f-5ffaccf3d881,동진축산,식육,사천읍시장,전통시장,경상남도,,,
0c0df4b84b6ae3bfb7b5,full_annotation_v1,A,q_야채_10,채소 사는 데,식료품 중 '야채'를 판매·제공하는 매장,val,야채,T4 구어·문장,56db4778-14ee-4046-a171-821fc0e3f8ce,산수쌈밥,쌈밥,전남여고후문 골목형상점가,골목형상점가,광주광역시,,,
7d8c2ef5c66c098636c8,full_annotation_v1,A,q_야채_10,채소 사는 데,식료품 중 '야채'를 판매·제공하는 매장,val,야채,T4 구어·문장,15578c36-25cb-47c6-b623-02d015391845,서가네쌈밥,쌈밥,면곡시장 골목형상점가,골목형상점가,서울특별시,,,
6685abcbe12a98d6cedf,full_annotation_v1,A,q_야채_10,채소 사는 데,식료품 중 '야채'를 판매·제공하는 매장,val,야채,T4 구어·문장,f9b5b9dd-654d-4edd-9c8f-13716cee3e9d,대성상회,채소,부산새벽시장,전통시장,부산광역시,,,
4bc23b5d69cb988c286b,full_annotation_v1,A,q_야채_10,채소 사는 데,식료품 중 '야채'를 판매·제공하는 매장,val,야채,T4 구어·문장,d46c28bc-f666-4e53-8736-aee7f72cab32,현아농산,채소,칠성시장,전통시장,대구광역시,,,
895ba680cb54770a9af1,full_annotation_v1,A,q_야채_10,채소 사는 데,식료품 중 '야채'를 판매·제공하는 매장,val,야채,T4 구어·문장,cb0c9232-ca19-47a1-bc4c-f0fc7c27e1fb,유림채소,채소,익산북부시장,전통시장,전북특별자치도,,,
82d8899598e2f61943eb,full_annotation_v1,A,q_야채_10,채소 사는 데,식료품 중 '야채'를 판매·제공하는 매장,val,야채,T4 구어·문장,2cddfc7a-87a2-4c8a-9ef4-161ce8b88525,신광천상회,채소,현대시장,전통시장,인천광역시,,,
7d6d48ad7404268d9746,full_annotation_v1,A,q_야채_10,채소 사는 데,식료품 중 '야채'를 판매·제공하는 매장,val,야채,T4 구어·문장,6d1c0565-84e3-4504-969a-2e55246817f2,동건농산,채소,팔달신시장,전통시장,대구광역시,,,
2005fc5b48d79e5adbb7,full_annotation_v1,A,q_야채_10,채소 사는 데,식료품 중 '야채'를 판매·제공하는 매장,val,야채,T4 구어·문장,34b9ac8e-e715-4cbd-8ecc-ab6c21775817,경북야채,채소,서산동부전통시장,전통시장,충청남도,,,
7f0d3d4b94c669f064f8,full_annotation_v1,A,q_야채_10,채소 사는 데,식료품 중 '야채'를 판매·제공하는 매장,val,야채,T4 구어·문장,4128e84a-7435-4568-91d4-e2c206c7f3d6,야채상회,야채,해남매일시장,전통시장,전라남도,,,
943d4a8a1e52e8c25780,full_annotation_v1,A,q_야채_10,채소 사는 데,식료품 중 '야채'를 판매·제공하는 매장,val,야채,T4 구어·문장,41931a9a-c977-4172-8d97-992fc461c233,서울상회,채소,충무동 새벽시장,전통시장,부산광역시,,,
f229838cc8007467558e,full_annotation_v1,A,q_야채_10,채소 사는 데,식료품 중 '야채'를 판매·제공하는 매장,val,야채,T4 구어·문장,09e5fb7c-d0cc-4720-92df-5a5cece636c7,샐러리아 잠실본점,샐러드,방이시장,전통시장,서울특별시,,,
705fe6c51dae4de9d481,full_annotation_v1,A,q_야채_10,채소 사는 데,식료품 중 '야채'를 판매·제공하는 매장,val,야채,T4 구어·문장,005313c8-dce8-49b6-9841-9143ebb1305a,동원떡집,,박달시장,전통시장,경기도,,,
626cdf58aa4b43065935,full_annotation_v1,A,q_야채_10,채소 사는 데,식료품 중 '야채'를 판매·제공하는 매장,val,야채,T4 구어·문장,4153b473-b7ad-4814-b6f0-07ab68bed172,대박야채,야채,광명새마을시장,전통시장,경기도,,,
01050de739c47e6a9141,full_annotation_v1,A,q_야채_10,채소 사는 데,식료품 중 '야채'를 판매·제공하는 매장,val,야채,T4 구어·문장,3e94a61c-e2e6-4a11-96e7-9cab0b30bbe7,예스,의류,영등포로타리지하도상점가,일반지하상점가,서울특별시,,,
d1265bbccd1e6a78dfed,full_annotation_v1,A,q_야채_10,채소 사는 데,식료품 중 '야채'를 판매·제공하는 매장,val,야채,T4 구어·문장,e007b87d-1c63-4958-91e1-24d453f10328,아해뜰채소,채소,목포청호시장,전통시장,,,,
de347e168b6414e01c0e,full_annotation_v1,A,q_야채_10,채소 사는 데,식료품 중 '야채'를 판매·제공하는 매장,val,야채,T4 구어·문장,65fce9a0-7e51-4c12-b7a2-f38a6359734a,금와농산,야채,마산어시장,전통시장,경상남도,,,
296341797d147790ff72,full_annotation_v1,A,q_야채_10,채소 사는 데,식료품 중 '야채'를 판매·제공하는 매장,val,야채,T4 구어·문장,04c905ba-3172-4ea4-a6dd-4345d674dea0,덕순이네,제조업(떡집),장터길 골목형상점가,골목형상점가,경기도,,,
458d23fa2cb8ff506848,full_annotation_v1,A,q_야채_10,채소 사는 데,식료품 중 '야채'를 판매·제공하는 매장,val,야채,T4 구어·문장,c587805a-64c7-4032-90a2-1531a5cd1085,경북상회,채소,청주중앙시장,전통시장,충청북도,,,
f160b4f07bcf28fa0a42,full_annotation_v1,A,q_야채_10,채소 사는 데,식료품 중 '야채'를 판매·제공하는 매장,val,야채,T4 구어·문장,006601da-192a-4275-90bf-aa320c79ea9f,바이럽,샐러드,현풍백년도깨비시장,전통시장,대구광역시,,,
6cd202701d9d681e57bb,full_annotation_v1,A,q_야채_10,채소 사는 데,식료품 중 '야채'를 판매·제공하는 매장,val,야채,T4 구어·문장,bf528295-96f2-4795-909b-df66a23757c5,봉화채소,채소,서동전통골목시장,전통시장,부산광역시,,,
1ace88ab02d2d2add504,full_annotation_v1,A,q_야채_10,채소 사는 데,식료품 중 '야채'를 판매·제공하는 매장,val,야채,T4 구어·문장,b4504ce7-bda5-4ee1-9b9e-fa8f54d33cd7,김야채,채소,야음상가시장,전통시장,울산광역시,,,
35824ba50432fda6bea2,full_annotation_v1,A,q_야채_10,채소 사는 데,식료품 중 '야채'를 판매·제공하는 매장,val,야채,T4 구어·문장,f395e450-f168-4bde-aca0-394aa4b347b9,삼일커텐장식,"커튼, 침구류",수유시장,전통시장,서울특별시,,,
c65cfb54c94fa38c7aea,full_annotation_v1,A,q_야채_10,채소 사는 데,식료품 중 '야채'를 판매·제공하는 매장,val,야채,T4 구어·문장,43712ad7-9ddc-4f80-a87d-f71e03532f8e,유한농산물,채소,창원 반송시장,전통시장,경상남도,,,
b3e948c1d37873dedf63,full_annotation_v1,A,q_야채_10,채소 사는 데,식료품 중 '야채'를 판매·제공하는 매장,val,야채,T4 구어·문장,80c4738a-934b-4b41-9de9-a82a5967a614,천외천,한식,상봉먹자골목형상점가,골목형상점가,서울특별시,,,
aeb9ac81c147572f6e91,full_annotation_v1,A,q_야채_10,채소 사는 데,식료품 중 '야채'를 판매·제공하는 매장,val,야채,T4 구어·문장,09f5bb3f-dfa0-4037-b9d8-8355f7a5e900,명숙야채,야채,만수시장,전통시장,인천광역시,,,
fb6f22126e5ca140494e,full_annotation_v1,A,q_야채_10,채소 사는 데,식료품 중 '야채'를 판매·제공하는 매장,val,야채,T4 구어·문장,aba76fc2-984e-4030-ba01-e2e7d78264c7,데 아로즈 대전둔산본점,,갈리단길 골목형상점가,골목형상점가,대전광역시,,,
11fcfed4817f1b9ff8a9,full_annotation_v1,A,q_야채_10,채소 사는 데,식료품 중 '야채'를 판매·제공하는 매장,val,야채,T4 구어·문장,af86f671-e4ab-4efc-86c3-49fd511e27fc,오빠통닭풍향점,치킨,풍향골 골목형상점가,골목형상점가,광주광역시,,,
4231685c8bfc7df90add,full_annotation_v1,A,q_야채_10,채소 사는 데,식료품 중 '야채'를 판매·제공하는 매장,val,야채,T4 구어·문장,61e954d0-c1fe-4ed5-a3ff-de2aa1849d07,덕천상회,채소,부전상가시장,전통시장,부산광역시,,,
dfd1861375c41cb8d785,full_annotation_v1,A,q_야채_10,채소 사는 데,식료품 중 '야채'를 판매·제공하는 매장,val,야채,T4 구어·문장,5f35d1eb-8806-45cb-8310-e69661deebd8,남목채소,채소,남목전통시장,전통시장,울산광역시,,,
3e1ab6eb7a575504d850,full_annotation_v1,A,q_야채_10,채소 사는 데,식료품 중 '야채'를 판매·제공하는 매장,val,야채,T4 구어·문장,00045dfc-0681-4fb3-8265-33b3df14c289,한라농산,과일,황지시장상점가,자율상권구역,강원특별자치도,,,
4454037299cb03b0e3d0,full_annotation_v1,A,q_야채_10,채소 사는 데,식료품 중 '야채'를 판매·제공하는 매장,val,야채,T4 구어·문장,00f0eee4-789e-4a7b-afc5-f1e7fc279b83,전국상회,야채,청량리종합시장,전통시장,서울특별시,,,
a09e500fadcd7b213cd4,full_annotation_v1,A,q_야채_10,채소 사는 데,식료품 중 '야채'를 판매·제공하는 매장,val,야채,T4 구어·문장,12bac5de-59a7-472a-946b-5e38694a5648,한옥촌,쌈밥,전농배봉산맛집거리골목형상점가,골목형상점가,서울특별시,,,
6e646431ca05514e9ae0,full_annotation_v1,A,q_야채_10,채소 사는 데,식료품 중 '야채'를 판매·제공하는 매장,val,야채,T4 구어·문장,67023459-41ed-45c3-a5de-e5d4bb552c93,비슬상회,야채,대구청과시장,전통시장,대구광역시,,,
3767a704317080e70c39,full_annotation_v1,A,q_야채_10,채소 사는 데,식료품 중 '야채'를 판매·제공하는 매장,val,야채,T4 구어·문장,8af5ba21-3e03-42c8-9fb8-36ebb0651c6b,산새상회,채소,통영중앙전통시장,전통시장,경상남도,,,
3d9e09661d3e361cbd62,full_annotation_v1,A,q_야채_10,채소 사는 데,식료품 중 '야채'를 판매·제공하는 매장,val,야채,T4 구어·문장,ad39de5b-b6b9-4f3d-bd0d-79464ec27355,남부상회,채소,옥천공설시장,전통시장,충청북도,,,
aec1590cf550b463ade1,full_annotation_v1,A,q_야채_10,채소 사는 데,식료품 중 '야채'를 판매·제공하는 매장,val,야채,T4 구어·문장,5ff21a88-9cf2-4f06-9212-f563daeea347,형제농산,채소,관문상가시장,전통시장,대구광역시,,,
ed70820d2cb3466c85e8,full_annotation_v1,A,q_야채_10,채소 사는 데,식료품 중 '야채'를 판매·제공하는 매장,val,야채,T4 구어·문장,dc36b3cd-55a1-4ef4-8b39-1207ee18740b,대저상회,채소,부전시장,전통시장,부산광역시,,,
111473ff55e1850e169e,full_annotation_v1,A,q_야채_10,채소 사는 데,식료품 중 '야채'를 판매·제공하는 매장,val,야채,T4 구어·문장,bb95da55-092b-4528-b9df-ce1b8b548646,야채사랑,야채,춘천풍물시장,전통시장,강원특별자치도,,,
fe64a7d551c32e4d1341,full_annotation_v1,A,q_야채_10,채소 사는 데,식료품 중 '야채'를 판매·제공하는 매장,val,야채,T4 구어·문장,03a6e716-3825-40e3-ba06-e047ee5e5483,부일반찬,김치,초량전통시장,전통시장,부산광역시,,,
66b77a15f9cc17298302,full_annotation_v1,A,q_야채_11,야채추천,식료품 중 '야채'를 판매·제공하는 매장,val,야채,T6 기계변형,54a325f6-66f5-42ed-b765-668e980674af,야후통신,,삼호동상가 골목형상점가,골목형상점가,울산광역시,,,
69bb66270d754d733f0e,full_annotation_v1,A,q_야채_11,야채추천,식료품 중 '야채'를 판매·제공하는 매장,val,야채,T6 기계변형,005313c8-dce8-49b6-9841-9143ebb1305a,동원떡집,,박달시장,전통시장,경기도,,,
30a1475a46debfe35e45,full_annotation_v1,A,q_야채_11,야채추천,식료품 중 '야채'를 판매·제공하는 매장,val,야채,T6 기계변형,fac7e372-1e18-4cd2-a0bf-a16b572f9d23,야채마트,야채,도래미시장,전통시장,강원특별자치도,,,
7a9b6fcc182d900d9120,full_annotation_v1,A,q_야채_11,야채추천,식료품 중 '야채'를 판매·제공하는 매장,val,야채,T6 기계변형,c11d554d-2cb3-48c0-8a7c-e982e1116006,야저,한식,풍납시장,전통시장,서울특별시,,,
4740e97256964e9f738a,full_annotation_v1,A,q_야채_11,야채추천,식료품 중 '야채'를 판매·제공하는 매장,val,야채,T6 기계변형,51762ca5-a5fa-4770-88ca-e71b9807e648,보태 봉명점,미용업,유성도안 골목형상점가,골목형상점가,대전광역시,,,
e240bbccf2e21bcbb80b,full_annotation_v1,A,q_야채_11,야채추천,식료품 중 '야채'를 판매·제공하는 매장,val,야채,T6 기계변형,cbde5229-a947-400e-8b14-8f986136869f,한국야채,야채,동문동 골목형상점가,골목형상점가,충청남도,,,
defa689b68fb1e87623c,full_annotation_v1,A,q_야채_11,야채추천,식료품 중 '야채'를 판매·제공하는 매장,val,야채,T6 기계변형,67023459-41ed-45c3-a5de-e5d4bb552c93,비슬상회,야채,대구청과시장,전통시장,대구광역시,,,
95da791e825808f51b3d,full_annotation_v1,A,q_야채_11,야채추천,식료품 중 '야채'를 판매·제공하는 매장,val,야채,T6 기계변형,d2ac09ee-5634-48af-8a45-8b200e97fa64,풍년상회,채소,양동수산시장,전통시장,광주광역시,,,
fa1f827ae66f49fc8495,full_annotation_v1,A,q_야채_11,야채추천,식료품 중 '야채'를 판매·제공하는 매장,val,야채,T6 기계변형,01e96e25-dcb5-4957-bc59-05c27b1dae7a,샐러드밀,샐러드,오룡행복 골목형상점가,골목형상점가,전라남도,,,
90b46f25522802210bb1,full_annotation_v1,A,q_야채_11,야채추천,식료품 중 '야채'를 판매·제공하는 매장,val,야채,T6 기계변형,009a3629-5dbc-47c2-adea-b1f9bc2c083a,동해농수산,야채,방학동도깨비시장,전통시장,서울특별시,,,
11b7c5f6dea4656257cf,full_annotation_v1,A,q_야채_11,야채추천,식료품 중 '야채'를 판매·제공하는 매장,val,야채,T6 기계변형,4b7cc3ef-8037-4cbe-91da-d054d5857ada,원호네,동태,의정부제일시장,전통시장,경기도,,,
20d74fb9bf4d279198eb,full_annotation_v1,A,q_야채_11,야채추천,식료품 중 '야채'를 판매·제공하는 매장,val,야채,T6 기계변형,0622e5e4-d762-4378-aeb6-eb6148f9dec6,개도리김치,"김치, 채소, 건어물",나주목사고을시장,전통시장,,,,
d7855386356e99a14c7e,full_annotation_v1,A,q_야채_11,야채추천,식료품 중 '야채'를 판매·제공하는 매장,val,야채,T6 기계변형,6030f05b-4742-4cc6-ac0d-1f0a2a143dd9,기능명품,세태,운암대자골 골목형상점가,골목형상점가,광주광역시,,,
ee0935253b9ef0f14f14,full_annotation_v1,A,q_야채_11,야채추천,식료품 중 '야채'를 판매·제공하는 매장,val,야채,T6 기계변형,c48d8a50-580c-4dcd-965e-a16c7b18eda4,상상,여성의류,주안역지하도상점가,일반지하상점가,인천광역시,,,
065971abfbdec25f908c,full_annotation_v1,A,q_야채_11,야채추천,식료품 중 '야채'를 판매·제공하는 매장,val,야채,T6 기계변형,00891fcf-925f-4b76-bc26-179798787b48,정우상회,농산물,경동시장,전통시장,서울특별시,,,
23662c6f807ca33e3cbb,full_annotation_v1,A,q_야채_11,야채추천,식료품 중 '야채'를 판매·제공하는 매장,val,야채,T6 기계변형,00b64830-f897-4643-a5fa-6d8950c2ef89,낭만상회,식품,문산자유시장,전통시장,경기도,,,
6e37b285321b4dd28366,full_annotation_v1,A,q_야채_11,야채추천,식료품 중 '야채'를 판매·제공하는 매장,val,야채,T6 기계변형,a4cebdf5-1278-4c92-9bbb-99c8d7b3e880,세림,의류,을지로지하보도쇼핑센터,일반지하상점가,서울특별시,,,
a41a824e7d458412b369,full_annotation_v1,A,q_야채_11,야채추천,식료품 중 '야채'를 판매·제공하는 매장,val,야채,T6 기계변형,acaccd9c-161b-4569-91d9-e232de3947d5,똘맹상회,야채,연무안심시장,전통시장,충청남도,,,
313a1511c0c3ce794c52,full_annotation_v1,A,q_야채_11,야채추천,식료품 중 '야채'를 판매·제공하는 매장,val,야채,T6 기계변형,cca58370-ec22-4be6-8ceb-a1c4d990af36,하늘 야채,야채,작전시장,전통시장,인천광역시,,,
18a2b8ebe14242e9333c,full_annotation_v1,A,q_야채_11,야채추천,식료품 중 '야채'를 판매·제공하는 매장,val,야채,T6 기계변형,cd5aee15-805c-46a9-b3b8-fd818dd8b409,츄러스&디저트 Cafe,츄러스커피,프로방스 골목형상점가,골목형상점가,전라남도,,,
173b765f88bc0671b4ed,full_annotation_v1,A,q_야채_11,야채추천,식료품 중 '야채'를 판매·제공하는 매장,val,야채,T6 기계변형,e101af9e-6919-4169-9bd0-61c460dd98a2,우정명태,한식,군산동백로 나운상가 골목형상점가,골목형상점가,전북특별자치도,,,
cc489f02269d54e85042,full_annotation_v1,A,q_야채_11,야채추천,식료품 중 '야채'를 판매·제공하는 매장,val,야채,T6 기계변형,68620e4a-20c8-4cb4-a5a8-661ad20e238f,땟깔,야채,괴정골목시장,전통시장,부산광역시,,,
ca5804c813b24e52f1f0,full_annotation_v1,A,q_야채_11,야채추천,식료품 중 '야채'를 판매·제공하는 매장,val,야채,T6 기계변형,5b96ed02-3a84-4ccd-a6e8-61f846d7ae91,묵동할머니떡볶이,주먹밥,묵동도깨비시장골목형상점가,골목형상점가,서울특별시,,,
9a9650e9974904315d43,full_annotation_v1,A,q_야채_11,야채추천,식료품 중 '야채'를 판매·제공하는 매장,val,야채,T6 기계변형,81902690-60f2-47f7-a6d6-12fb700b3387,태 양,기름 곡류,대인시장,전통시장,,,,
c86a153fccc0e9f0f5d3,full_annotation_v1,A,q_야채_11,야채추천,식료품 중 '야채'를 판매·제공하는 매장,val,야채,T6 기계변형,b15231c9-07aa-4d31-9c9e-611b56f7614b,대전야채,야채,신도꼼지락시장,전통시장,대전광역시,,,
1abf2fd7e56ea78ad87d,full_annotation_v1,A,q_야채_11,야채추천,식료품 중 '야채'를 판매·제공하는 매장,val,야채,T6 기계변형,09e5fb7c-d0cc-4720-92df-5a5cece636c7,샐러리아 잠실본점,샐러드,방이시장,전통시장,서울특별시,,,
b8a2b24369222c36adbb,full_annotation_v1,A,q_야채_11,야채추천,식료품 중 '야채'를 판매·제공하는 매장,val,야채,T6 기계변형,ab09f421-3e99-4d35-9db5-c047b4cfa3d5,조아당죽세품,죽세품,죽녹원 북문 골목형상점가,골목형상점가,전라남도,,,
d83afa58a3fd86edd030,full_annotation_v1,A,q_야채_11,야채추천,식료품 중 '야채'를 판매·제공하는 매장,val,야채,T6 기계변형,006204f3-b214-4611-a434-f896bf75e919,장터사랑,과일,농성세대공감상인회 골목형상점가,골목형상점가,광주광역시,,,
b65c2c624786f9be265d,full_annotation_v1,A,q_야채_11,야채추천,식료품 중 '야채'를 판매·제공하는 매장,val,야채,T6 기계변형,56db4778-14ee-4046-a171-821fc0e3f8ce,산수쌈밥,쌈밥,전남여고후문 골목형상점가,골목형상점가,광주광역시,,,
e1c522c3f5fbb12ca151,full_annotation_v1,A,q_야채_11,야채추천,식료품 중 '야채'를 판매·제공하는 매장,val,야채,T6 기계변형,00f0eee4-789e-4a7b-afc5-f1e7fc279b83,전국상회,야채,청량리종합시장,전통시장,서울특별시,,,
c279eb2e8a2eddd0a435,full_annotation_v1,A,q_야채_11,야채추천,식료품 중 '야채'를 판매·제공하는 매장,val,야채,T6 기계변형,016f8113-22a7-4ef1-a80f-0562dd2a06e9,동이식품,"식품, 농산물",중앙신시장,전통시장,경상북도,,,
57f66d9b5e54b2241766,full_annotation_v1,A,q_야채_11,야채추천,식료품 중 '야채'를 판매·제공하는 매장,val,야채,T6 기계변형,cf251d52-ad37-4be8-adfa-16231851ea3f,쌍굴로모여든명태,한식,오치 쌍굴 골목형상점가,골목형상점가,광주광역시,,,
2000a4c40f113d52e1d7,full_annotation_v1,A,q_야채_11,야채추천,식료품 중 '야채'를 판매·제공하는 매장,val,야채,T6 기계변형,5eb01bb1-b190-493d-ac36-30e486161eb5,야채파는남자,야채,수유중앙골목시장골목형상점가,골목형상점가,서울특별시,,,
13e9112e830c52ec3428,full_annotation_v1,A,q_야채_11,야채추천,식료품 중 '야채'를 판매·제공하는 매장,val,야채,T6 기계변형,006601da-192a-4275-90bf-aa320c79ea9f,바이럽,샐러드,현풍백년도깨비시장,전통시장,대구광역시,,,
55c9e6b0b0b4e8457a54,full_annotation_v1,A,q_야채_11,야채추천,식료품 중 '야채'를 판매·제공하는 매장,val,야채,T6 기계변형,0ea864eb-7aac-40cc-a5df-37d6470f9ec7,야채살롱,야채외,대연골목시장 골목형상점가,골목형상점가,부산광역시,,,
e69ea183c7fda33a7d21,full_annotation_v1,A,q_야채_11,야채추천,식료품 중 '야채'를 판매·제공하는 매장,val,야채,T6 기계변형,007fd232-3c16-44ff-be59-cf265f3775e9,동문상회,채소버섯,팔달신시장,전통시장,대구광역시,,,
ffd5bd4886d81ceaea6d,full_annotation_v1,A,q_야채_11,야채추천,식료품 중 '야채'를 판매·제공하는 매장,val,야채,T6 기계변형,d29967a5-37f8-41ca-8a54-97f481cfe18c,용대리황태,한식,매곡 골목형상점가,골목형상점가,대구광역시,,,
7e65003fea4fe59b38e8,full_annotation_v1,A,q_야채_11,야채추천,식료품 중 '야채'를 판매·제공하는 매장,val,야채,T6 기계변형,114102e4-7128-4d86-bafb-3a197fcbe666,야채맛집,,남성사계시장,전통시장,서울특별시,,,
936e1a8b36d64f503150,full_annotation_v1,A,q_야채_11,야채추천,식료품 중 '야채'를 판매·제공하는 매장,val,야채,T6 기계변형,54a6fba6-87e9-4f1e-bb69-287da8b6b49f,짱야채,야채,반구시장,전통시장,울산광역시,,,
ee3f63ccf39d31c5fa6c,full_annotation_v1,A,q_야채_11,야채추천,식료품 중 '야채'를 판매·제공하는 매장,val,야채,T6 기계변형,00947369-dfd0-4074-b22e-c8b430a98a70,에스.에이.팜(S.A.farm),"표고버섯및농산물, 잡화, 통신판매",무주반딧불상권활성화구역,상권활성화구역,전북특별자치도,,,
c0eabe55ee87f3b6db21,full_annotation_v1,A,q_야채_11,야채추천,식료품 중 '야채'를 판매·제공하는 매장,val,야채,T6 기계변형,566dd58f-9081-4d60-b591-35b8d7a1384f,머슴상회,야채,천안중앙시장,전통시장,충청남도,,,
73d4f279a978c1645679,full_annotation_v1,A,q_야채_11,야채추천,식료품 중 '야채'를 판매·제공하는 매장,val,야채,T6 기계변형,f23c079a-3aa7-4404-93f0-1709893db7e1,생태명가,생태 동태,청사 골목형상점가,골목형상점가,대전광역시,,,
a6e75bc1c7522cee75d6,full_annotation_v1,A,q_야채_11,야채추천,식료품 중 '야채'를 판매·제공하는 매장,val,야채,T6 기계변형,0045f871-6f40-4361-bcdd-2b94bf597287,무파장터,야채 청과물,신금정시장 골목형 상점가,골목형상점가,부산광역시,,,
12cb59e0f84d89ae9366,full_annotation_v1,A,q_야채_11,야채추천,식료품 중 '야채'를 판매·제공하는 매장,val,야채,T6 기계변형,d19b3de6-4ddc-444e-9f05-82025eb1d7d6,옥석야채,야채,만수시장,전통시장,인천광역시,,,
7bb7171f11f7a7feb561,full_annotation_v1,A,q_야채_11,야채추천,식료품 중 '야채'를 판매·제공하는 매장,val,야채,T6 기계변형,00468e6b-39c6-4ce1-a534-a6b1eecac01d,태양농산물,과일,정릉서경대길골목형상점가(정릉골),골목형상점가,서울특별시,,,
3a358fa089c60f9ec1fa,full_annotation_v1,A,q_야채_11,야채추천,식료품 중 '야채'를 판매·제공하는 매장,val,야채,T6 기계변형,82c0919c-3428-4a51-821a-69c7071321f4,대왕동태,동태탕,송죽만석 골목형상점가,골목형상점가,경기도,,,
945ed691d63fbf0f7489,full_annotation_v1,A,q_야채_11,야채추천,식료품 중 '야채'를 판매·제공하는 매장,val,야채,T6 기계변형,9b59835d-fd38-4b96-bb55-3f1b6089f691,리본태,리본,부산진시장,전통시장,부산광역시,,,
9adb464b3742a9a237d2,full_annotation_v1,A,q_야채_11,야채추천,식료품 중 '야채'를 판매·제공하는 매장,val,야채,T6 기계변형,04c905ba-3172-4ea4-a6dd-4345d674dea0,덕순이네,제조업(떡집),장터길 골목형상점가,골목형상점가,경기도,,,
d2615b8e0e67b211bebc,full_annotation_v1,A,q_야채_11,야채추천,식료품 중 '야채'를 판매·제공하는 매장,val,야채,T6 기계변형,a2db608a-080c-4af6-b0ab-ac197595f3f8,보길야채,야채,방학동도깨비시장,전통시장,서울특별시,,,
f1282799fff2eb57ef7e,full_annotation_v1,A,q_야채_11,야채추천,식료품 중 '야채'를 판매·제공하는 매장,val,야채,T6 기계변형,f65f027a-d2a9-4924-b34f-4c49d297e423,야채시대,야채 과일,범천중앙시장,전통시장,부산광역시,,,
9f339e2d8e0c9171e195,full_annotation_v1,A,q_야채_11,야채추천,식료품 중 '야채'를 판매·제공하는 매장,val,야채,T6 기계변형,4e22535c-535c-4ffe-adcb-498cb435b729,풍암생태야생태,한식,풍암새누리상인회 골목형상점가,골목형상점가,광주광역시,,,
1939bab4c63fc2f5f0e6,full_annotation_v1,A,q_야채_11,야채추천,식료품 중 '야채'를 판매·제공하는 매장,val,야채,T6 기계변형,55b49d96-2321-4aed-9c1f-751448a7164b,뉴해태,음식,운암시장 주변 골목형상점가,골목형상점가,광주광역시,,,
e1b1acc79c038cf501f1,full_annotation_v1,A,q_야채_11,야채추천,식료품 중 '야채'를 판매·제공하는 매장,val,야채,T6 기계변형,00c56499-bc90-4ed6-bb66-3802cc762889,의령상회,채소,부전상가시장,전통시장,부산광역시,,,
cbb752d9f77d05cb476a,full_annotation_v1,A,q_야채_11,야채추천,식료품 중 '야채'를 판매·제공하는 매장,val,야채,T6 기계변형,00534c22-4465-442e-95db-66dd08f99320,삼원상회,채소,칠성시장,전통시장,대구광역시,,,
75417a9984ef97f0ab31,full_annotation_v1,A,q_야채_11,야채추천,식료품 중 '야채'를 판매·제공하는 매장,val,야채,T6 기계변형,09f5bb3f-dfa0-4037-b9d8-8355f7a5e900,명숙야채,야채,만수시장,전통시장,인천광역시,,,
57677c97340a6c0e9f31,full_annotation_v1,A,q_야채_11,야채추천,식료품 중 '야채'를 판매·제공하는 매장,val,야채,T6 기계변형,01b4b567-78d4-4fa1-9bff-25fd01fb1a4c,소문난김치집,김치,중앙먹거리 상인회 골목형상점가,골목형상점가,전라남도,,,
0e11e857f740d899b996,full_annotation_v1,A,q_야채_11,야채추천,식료품 중 '야채'를 판매·제공하는 매장,val,야채,T6 기계변형,d99b1119-0383-4927-80b6-e9c74faf2c7e,생태전문생태야생태,한식,계수마을상인회 골목형상점가,골목형상점가,광주광역시,,,
845ebdeb73bc82247732,full_annotation_v1,A,q_야채_11,야채추천,식료품 중 '야채'를 판매·제공하는 매장,val,야채,T6 기계변형,00333be0-b70d-4197-aa97-5a277d61e0da,㈜신진후르츠,과일,부전농수산물새벽시장,전통시장,부산광역시,,,
e682ae12e2cb1a41d373,full_annotation_v1,A,q_야채_11,야채추천,식료품 중 '야채'를 판매·제공하는 매장,val,야채,T6 기계변형,d92b7520-22e8-4f13-b2c6-1eb40f26a376,유섭야채,야채,광명전통시장,전통시장,경기도,,,
1ad884b19541b286080d,full_annotation_v1,A,q_야채_11,야채추천,식료품 중 '야채'를 판매·제공하는 매장,val,야채,T6 기계변형,009be3cd-7c52-41e4-91fc-c377ddfa78c0,언양시장야채,야채,언양알프스시장,전통시장,울산광역시,,,
04c1454f00c9f22cf099,full_annotation_v1,A,q_야채_11,야채추천,식료품 중 '야채'를 판매·제공하는 매장,val,야채,T6 기계변형,e61f2d1f-8027-499a-af62-2244a8ad5558,야채이야기,야채,서부시장상점가(서부시장 통합),전통시장,전북특별자치도,,,
2b2e2d9acc52312e4d99,full_annotation_v1,A,q_야채_11,야채추천,식료품 중 '야채'를 판매·제공하는 매장,val,야채,T6 기계변형,1ddf4a58-3942-43f5-8b76-a1837f3edccb,황태랑버섯,황태,포항 대이상가 골목형상점가,골목형상점가,경상북도,,,
41bec5a5fa638f09d63f,full_annotation_v1,A,q_야채_11,야채추천,식료품 중 '야채'를 판매·제공하는 매장,val,야채,T6 기계변형,38d33dd0-da61-4784-bac4-f0d8ecbe6d79,야채천국,야채,길동복조리시장,전통시장,서울특별시,,,
d747585505b6f0c532df,full_annotation_v1,A,q_야채_11,야채추천,식료품 중 '야채'를 판매·제공하는 매장,val,야채,T6 기계변형,01f160fc-531c-4191-aa22-453462e0f38a,천년,김치,오정동상점가,자율상권구역,대전광역시,,,
3c1f1b4cbe050d00ce65,full_annotation_v1,A,q_야채_11,야채추천,식료품 중 '야채'를 판매·제공하는 매장,val,야채,T6 기계변형,1cc31f70-4db9-4cac-bde3-d77a405f7d88,현욱상회,야채,부산새벽시장,전통시장,부산광역시,,,
2f1a7d128aac6f2ed822,full_annotation_v1,A,q_야채_11,야채추천,식료품 중 '야채'를 판매·제공하는 매장,val,야채,T6 기계변형,c79147b2-aa11-4e73-92f0-50072a9668b9,봉천명태,한식,봉리단길골목형상점가,골목형상점가,서울특별시,,,
6ef06a3f38875f44f081,full_annotation_v1,A,q_야채_11,야채추천,식료품 중 '야채'를 판매·제공하는 매장,val,야채,T6 기계변형,c53bab1d-3440-495a-9de7-c05e93db2c52,야채1번지,야채,청량리종합시장,전통시장,서울특별시,,,
291e7adbec8a6ee999de,full_annotation_v1,A,q_야채_11,야채추천,식료품 중 '야채'를 판매·제공하는 매장,val,야채,T6 기계변형,14e5687f-f84f-45b4-bd24-62da3eed4dda,요리천재의 콩팥동태,한식,장터길 골목형상점가,골목형상점가,경기도,,,
1cb929eba869b7ad8b17,full_annotation_v1,A,q_야채_11,야채추천,식료품 중 '야채'를 판매·제공하는 매장,val,야채,T6 기계변형,42caeab1-3d48-4c98-8803-22030c4fa62c,청해수산,도소매(수산물),부안상설시장,전통시장,전북특별자치도,,,
03b15412b980cb799e47,full_annotation_v1,A,q_야채_11,야채추천,식료품 중 '야채'를 판매·제공하는 매장,val,야채,T6 기계변형,f5824a68-13a8-43f7-ad03-5754cdbba527,대명가,아론사태,금암동 골목형상점가,골목형상점가,충청남도,,,
39b6a66814251e5e2678,full_annotation_v1,A,q_야채_11,야채추천,식료품 중 '야채'를 판매·제공하는 매장,val,야채,T6 기계변형,47a0c403-a3ca-4a67-aaef-9be108b43799,파충류도시,파충류,치동천 수변상가,자율상권구역,경기도,,,
6e50b04e11ba494c7e74,full_annotation_v1,A,q_야채_11,야채추천,식료품 중 '야채'를 판매·제공하는 매장,val,야채,T6 기계변형,3ab84e66-6f02-4210-ba90-7c029126a74c,생선명가 거북명태,명태 오징어 갑오징어,송촌동상점가,자율상권구역,대전광역시,,,
0eb27d019907ceb75271,full_annotation_v1,A,q_야채_11,야채추천,식료품 중 '야채'를 판매·제공하는 매장,val,야채,T6 기계변형,c51bafd3-2590-4776-9050-55095c025608,먹태오빠짝태,음식,선운 골목형상점가,골목형상점가,광주광역시,,,
c222fc1bd22654859f81,full_annotation_v1,A,q_야채_11,야채추천,식료품 중 '야채'를 판매·제공하는 매장,val,야채,T6 기계변형,0533a201-3b07-4029-8158-c4d2ad17c7bf,텃밭쌈밥,쌈밥,역전시장,전통시장,충청남도,,,
a5eaa32d7445eec427c0,full_annotation_v1,A,q_야채_11,야채추천,식료품 중 '야채'를 판매·제공하는 매장,val,야채,T6 기계변형,0174d58f-3182-48ce-9bb7-0818d21a6763,야채,,만수시장,전통시장,인천광역시,,,
aca78cf20b580756e2bf,full_annotation_v1,A,q_야채_11,야채추천,식료품 중 '야채'를 판매·제공하는 매장,val,야채,T6 기계변형,008b2657-018e-4d46-b0b0-a173aee3f37a,대원상회,농산물,대구능금시장,전통시장,대구광역시,,,
2ef1263e78c4c8cdbaa0,full_annotation_v1,A,q_야채_11,야채추천,식료품 중 '야채'를 판매·제공하는 매장,val,야채,T6 기계변형,0042e83d-930b-4d1d-a96f-f1a2691256cd,성화상회,과일,대구능금시장,전통시장,대구광역시,,,
cc2b4434fa77a3da5a52,full_annotation_v1,A,q_야채_11,야채추천,식료품 중 '야채'를 판매·제공하는 매장,val,야채,T6 기계변형,009f034c-8e3b-4a32-aab3-55ece8718004,장봐주는언니 임동점,농수축산물및 가공식품,제니스 골목형상점가,골목형상점가,광주광역시,,,
d46bbf1d807e536349a5,full_annotation_v1,A,q_야채_11,야채추천,식료품 중 '야채'를 판매·제공하는 매장,val,야채,T6 기계변형,f6cdcb36-511c-4351-8822-065369e4105e,페브빈,여자의류,한들물빛도시 골목형 상점가,골목형상점가,충청남도,,,
ed3b4f27bb75ef8c02dc,full_annotation_v1,A,q_야채_11,야채추천,식료품 중 '야채'를 판매·제공하는 매장,val,야채,T6 기계변형,65fce9a0-7e51-4c12-b7a2-f38a6359734a,금와농산,야채,마산어시장,전통시장,경상남도,,,
eb3616c67cc673a32cc8,full_annotation_v1,A,q_야채_11,야채추천,식료품 중 '야채'를 판매·제공하는 매장,val,야채,T6 기계변형,0b8ef6dc-2f6b-4707-bd73-529122d9c97a,하단떡집,떡집,하단오일상설시장,전통시장,부산광역시,,,
3786e4f8a0f52e6e21cd,full_annotation_v1,A,q_야채_11,야채추천,식료품 중 '야채'를 판매·제공하는 매장,val,야채,T6 기계변형,05530d0f-82ed-47a1-8015-32b6c30e3752,진수산삼다식품,"젓갈류, 김치, 수산물",동문재래시장,전통시장,제주특별자치도,,,
b68b507b4f1cf06c5407,full_annotation_v1,A,q_야채_11,야채추천,식료품 중 '야채'를 판매·제공하는 매장,val,야채,T6 기계변형,90d09498-817e-4f3f-9f00-00b02f603081,태 백,한식,상무연하상인회 골목형상점가,골목형상점가,광주광역시,,,
932a373f0ef3265f5700,full_annotation_v1,A,q_야채_11,야채추천,식료품 중 '야채'를 판매·제공하는 매장,val,야채,T6 기계변형,a9aa7a13-c281-4b12-b3e7-f70506128348,용인야채,야채,수원못골종합시장,전통시장,경기도,,,
8aa7bc45bb75a9e10f31,full_annotation_v1,A,q_야채_11,야채추천,식료품 중 '야채'를 판매·제공하는 매장,val,야채,T6 기계변형,43c03e36-c146-4944-bcd4-879bc435fad2,도온쌈,쌈밥,남이동길골목형상점가,골목형상점가,서울특별시,,,
eede6ddbdde795684708,full_annotation_v1,A,q_야채_11,야채추천,식료품 중 '야채'를 판매·제공하는 매장,val,야채,T6 기계변형,001cb3d4-5441-4963-b517-d5b3904ee312,현창떡집,떡집,목포동부시장,전통시장,전라남도,,,
0aac0ab34e68a54e3333,full_annotation_v1,A,q_야채_11,야채추천,식료품 중 '야채'를 판매·제공하는 매장,val,야채,T6 기계변형,7fdbfbd2-930f-4329-a225-ca7b797e3274,야채,야채,원종고강제일시장(부천제일시장),전통시장,경기도,,,
ce7814f951995199e5e3,full_annotation_v1,A,q_야채_11,야채추천,식료품 중 '야채'를 판매·제공하는 매장,val,야채,T6 기계변형,636f0140-fd9e-4d44-a781-f3e96d171181,유광상회,건명태,번개시장,전통시장,대구광역시,,,
78869b2714894ca3f90a,full_annotation_v1,A,q_야채_11,야채추천,식료품 중 '야채'를 판매·제공하는 매장,val,야채,T6 기계변형,014b06bd-3fa3-4cde-b459-e62ca64c33aa,조은식품,채소,하양꿈바우시장,전통시장,경상북도,,,
975ac8ec238dffec117e,full_annotation_v1,A,q_야채_11,야채추천,식료품 중 '야채'를 판매·제공하는 매장,val,야채,T6 기계변형,12bac5de-59a7-472a-946b-5e38694a5648,한옥촌,쌈밥,전농배봉산맛집거리골목형상점가,골목형상점가,서울특별시,,,
ec61342d79e9683f73cd,full_annotation_v1,A,q_야채_11,야채추천,식료품 중 '야채'를 판매·제공하는 매장,val,야채,T6 기계변형,9c2e58d7-25fc-42de-8360-6b92604226dd,좋은사람들,미용,이충 중심상가,골목형상점가,경기도,,,
7eab286e0723a09cf367,full_annotation_v1,A,q_야채_11,야채추천,식료품 중 '야채'를 판매·제공하는 매장,val,야채,T6 기계변형,03a6e716-3825-40e3-ba06-e047ee5e5483,부일반찬,김치,초량전통시장,전통시장,부산광역시,,,
b84f4ced245082101c7f,full_annotation_v1,A,q_야채_11,야채추천,식료품 중 '야채'를 판매·제공하는 매장,val,야채,T6 기계변형,bef3eea5-df1e-439e-8cbb-2b620cda51ed,새벽식당,한식,프로방스 골목형상점가,골목형상점가,전라남도,,,
0b610780794fa2f83f05,full_annotation_v1,A,q_야채_11,야채추천,식료품 중 '야채'를 판매·제공하는 매장,val,야채,T6 기계변형,00e92856-b294-4032-8540-d60e9817f2d8,럭키약국,"의약품, 건강기능식품, 식품",충무로골목형상점가,골목형상점가,서울특별시,,,
4b82bb4f8f921b9110cf,full_annotation_v1,A,q_야채_11,야채추천,식료품 중 '야채'를 판매·제공하는 매장,val,야채,T6 기계변형,491616ee-2002-474f-b16d-6dca15d13a63,한국특산물,감태 등,태안동부시장(구 태안특산물전통시장),전통시장,충청남도,,,
3dabed96dd8273efcd85,full_annotation_v1,A,q_야채_11,야채추천,식료품 중 '야채'를 판매·제공하는 매장,val,야채,T6 기계변형,8dd0e3f3-5776-478f-873c-12b565700034,한혜정참맛동태,"명태, 한식",공주산성 활성화구역,전통시장,충청남도,,,
85f619b8f72511d07eb3,full_annotation_v1,A,q_야채_11,야채추천,식료품 중 '야채'를 판매·제공하는 매장,val,야채,T6 기계변형,15578c36-25cb-47c6-b623-02d015391845,서가네쌈밥,쌈밥,면곡시장 골목형상점가,골목형상점가,서울특별시,,,
c974797950c12e5ae030,full_annotation_v1,A,q_야채_11,야채추천,식료품 중 '야채'를 판매·제공하는 매장,val,야채,T6 기계변형,586a9700-ffe0-4f66-a8b2-56084d0ad0bc,야작,한식,전남대 상대 골목형상점가,골목형상점가,광주광역시,,,
7dce2bf4dd6795990716,full_annotation_v1,A,q_야채_11,야채추천,식료품 중 '야채'를 판매·제공하는 매장,val,야채,T6 기계변형,bb95da55-092b-4528-b9df-ce1b8b548646,야채사랑,야채,춘천풍물시장,전통시장,강원특별자치도,,,
ecb1b6cde9d9826c56da,full_annotation_v1,A,q_야채_11,야채추천,식료품 중 '야채'를 판매·제공하는 매장,val,야채,T6 기계변형,008d1ed4-a5d7-492e-9959-f8307a68cc5f,샐러드 정원,"샐러드, 샌드위치",미성동도깨비시장,골목형상점가,서울특별시,,,
373aa6d2b5ec6788742a,full_annotation_v1,A,q_야채_11,야채추천,식료품 중 '야채'를 판매·제공하는 매장,val,야채,T6 기계변형,1831ae98-115b-4339-ab99-d1ec163b9d98,하나식품,두부,남양시장골목형상점가,골목형상점가,경기도,,,
f0ff79e291340a7bd2af,full_annotation_v1,A,q_야채_11,야채추천,식료품 중 '야채'를 판매·제공하는 매장,val,야채,T6 기계변형,2091d875-ec3e-46c8-850f-4bc4fb0cb0e8,맥주점방,먹태,소담마실길 골목형상점가,골목형상점가,세종특별자치시,,,
50242c13082f5cc08b2c,full_annotation_v1,A,q_야채_11,야채추천,식료품 중 '야채'를 판매·제공하는 매장,val,야채,T6 기계변형,a1060dd9-cf09-4aab-b7c0-32da97cb9a52,종합야채,야채,대림골목시장,전통시장,서울특별시,,,
4230990f9632f1e2f317,full_annotation_v1,A,q_야채_11,야채추천,식료품 중 '야채'를 판매·제공하는 매장,val,야채,T6 기계변형,008d4156-e489-4d1f-9205-b541972d35a8,과일왕,과일 잡화 야채 먹거리,연제동 골목형상점가,골목형상점가,광주광역시,,,
abe41b3c700e55764ec0,full_annotation_v1,A,q_야채_11,야채추천,식료품 중 '야채'를 판매·제공하는 매장,val,야채,T6 기계변형,9383367e-3bc6-4792-b073-e94061b8fe98,제일황태,건어물,청주육거리종합시장,전통시장,충청북도,,,
a6c082faf9f102a2b648,full_annotation_v1,A,q_야채_11,야채추천,식료품 중 '야채'를 판매·제공하는 매장,val,야채,T6 기계변형,cf5d0c45-d9f1-4aa2-80a7-7e2f603b9b62,산본 야채,야채,산본전통시장(구 군포산본시장),전통시장,경기도,,,
246504eb311dcbc1d748,full_annotation_v1,A,q_야채_11,야채추천,식료품 중 '야채'를 판매·제공하는 매장,val,야채,T6 기계변형,4128e84a-7435-4568-91d4-e2c206c7f3d6,야채상회,야채,해남매일시장,전통시장,전라남도,,,
00b4f9631c23e32d623b,full_annotation_v1,A,q_야채_11,야채추천,식료품 중 '야채'를 판매·제공하는 매장,val,야채,T6 기계변형,bd0f83ca-6393-4d22-b82e-a429d934d9cf,패류20호,동태,인천종합어시장,전통시장,인천광역시,,,
8967bdbf31e9bd475798,full_annotation_v1,A,q_야채_11,야채추천,식료품 중 '야채'를 판매·제공하는 매장,val,야채,T6 기계변형,00344d24-5aaa-4dc7-ba51-3c041c147576,고향뜰영농조합법인,농산물,양산 북부시장,전통시장,경상남도,,,
9ccfa804b1108545ac9c,full_annotation_v1,A,q_야채_11,야채추천,식료품 중 '야채'를 판매·제공하는 매장,val,야채,T6 기계변형,014fc673-2f3b-48cf-a134-d5aebb132435,동성상회,야채,동두천중앙시장,전통시장,경기도,,,
b0613fedc81ee44b4472,full_annotation_v1,A,q_야채_11,야채추천,식료품 중 '야채'를 판매·제공하는 매장,val,야채,T6 기계변형,000527f2-442a-4dd1-9bfc-8a8cd9fd5410,(유)뉴현대상회,농산물,가락몰골목형상점가,골목형상점가,서울특별시,,,
9aa396957a9cac51daf5,full_annotation_v1,A,q_야채_11,야채추천,식료품 중 '야채'를 판매·제공하는 매장,val,야채,T6 기계변형,45f03a22-b75f-4d8c-bb16-9911ecafdb2f,야채총판매점,야채,관고전통시장,전통시장,경기도,,,
01a45475f4cb22433a0c,full_annotation_v1,A,q_야채_11,야채추천,식료품 중 '야채'를 판매·제공하는 매장,val,야채,T6 기계변형,00b6e321-5954-437c-b1d9-94fded29f67e,웰빙마트,식품,서남신시장,전통시장,대구광역시,,,
b29edace6ef73ee73c14,full_annotation_v1,A,q_야채_11,야채추천,식료품 중 '야채'를 판매·제공하는 매장,val,야채,T6 기계변형,283d4f28-0890-4292-962f-39e44b57bf82,착한건어물,황태,부평깡시장,전통시장,인천광역시,,,
b68028c33a9aa712c607,full_annotation_v1,A,q_야채_11,야채추천,식료품 중 '야채'를 판매·제공하는 매장,val,야채,T6 기계변형,000a244a-1e28-40b7-8d55-d5b1055f12d2,진해상회,채소,마산어시장,전통시장,경상남도,,,
180ecc547f1808b50214,full_annotation_v1,A,q_야채_11,야채추천,식료품 중 '야채'를 판매·제공하는 매장,val,야채,T6 기계변형,015915e3-2542-4245-b627-0c775b4c5501,한내떡집,,거제 고현시장,전통시장,경상남도,,,
cc5358488c7fb9c2def5,full_annotation_v1,A,q_야채_11,야채추천,식료품 중 '야채'를 판매·제공하는 매장,val,야채,T6 기계변형,b6e188a7-48f4-407e-936d-3e066bff6c81,강민철왕먹태 일산신원점,황태,권율 골목형상점가,골목형상점가,경기도,,,
bb2c6c9cc74e00cf4c39,full_annotation_v1,A,q_야채_11,야채추천,식료품 중 '야채'를 판매·제공하는 매장,val,야채,T6 기계변형,547be72a-2b08-4865-acc9-efec48cc1450,야채꾼,야채,신 강남시장,전통시장,인천광역시,,,
66e46aaf3f0ad563c27d,full_annotation_v1,A,q_야채_11,야채추천,식료품 중 '야채'를 판매·제공하는 매장,val,야채,T6 기계변형,06f191fb-14b4-4d51-8efb-39d44343f1a7,유한회사 바르메이드,샐러드,상무시청상인회 골목형상점가,골목형상점가,광주광역시,,,
08ac23debb670ce8aae4,full_annotation_v1,A,q_야채_11,야채추천,식료품 중 '야채'를 판매·제공하는 매장,val,야채,T6 기계변형,8b4a52e2-288f-4989-94d8-30e213872380,코엔먹태짝태,한식,용인중앙시장,전통시장,경기도,,,
e0558a78987d781ae508,full_annotation_v1,A,q_야채_11,야채추천,식료품 중 '야채'를 판매·제공하는 매장,val,야채,T6 기계변형,c632a435-2211-4900-86d0-97104b86e64d,나르지오 호계점,신발,호계공설시장,전통시장,울산광역시,,,
255ad5ba005a9f5d59d8,full_annotation_v1,A,q_야채_11,야채추천,식료품 중 '야채'를 판매·제공하는 매장,val,야채,T6 기계변형,c12a5b52-d223-45c4-a055-e3ea587c4d4f,이 태 리 가구,가구 및 소품,문창동 보물찾(Chat)길 골목형상점가,골목형상점가,대전광역시,,,
192d279ac126713f32ae,full_annotation_v1,A,q_야채_11,야채추천,식료품 중 '야채'를 판매·제공하는 매장,val,야채,T6 기계변형,4153b473-b7ad-4814-b6f0-07ab68bed172,대박야채,야채,광명새마을시장,전통시장,경기도,,,
3ced20fc5b452c7baafb,full_annotation_v1,A,q_야채_11,야채추천,식료품 중 '야채'를 판매·제공하는 매장,val,야채,T6 기계변형,c50e59b9-372d-4753-a7d4-0bab3d8adb5b,돈고래수육,소매(한식 수육 전자상거래),용호골목시장,전통시장,부산광역시,,,
0e524cbcb7394a1cc629,full_annotation_v1,A,q_야채_11,야채추천,식료품 중 '야채'를 판매·제공하는 매장,val,야채,T6 기계변형,da71e095-4c27-4c82-9476-07eba3fbd54c,야채사랑,야채,삼각동 골목형상점가,골목형상점가,광주광역시,,,
16e5997015d19b7c9a68,full_annotation_v1,A,q_야채_11,야채추천,식료품 중 '야채'를 판매·제공하는 매장,val,야채,T6 기계변형,014072fb-b412-4fb3-a663-31dbf80e44a6,매일상회,"야채, 과일",고산미소시장(고산시장),전통시장,전북특별자치도,,,
36b87dbb1f111fa3fd77,full_annotation_v1,A,q_야채_11,야채추천,식료품 중 '야채'를 판매·제공하는 매장,val,야채,T6 기계변형,f70e99c0-8846-4fd3-be75-48ea6f15c737,촌놈떡갈비,음식점,남성사계시장,전통시장,서울특별시,,,
6027ff8e14f7ba2afd00,full_annotation_v1,A,q_야채_11,야채추천,식료품 중 '야채'를 판매·제공하는 매장,val,야채,T6 기계변형,77199ec6-6205-4911-83a3-bad17d8b19fb,황금야채,야채,장림골목시장,전통시장,부산광역시,,,
c17c3348f4ae5030d75d,full_annotation_v1,A,q_야채_11,야채추천,식료품 중 '야채'를 판매·제공하는 매장,val,야채,T6 기계변형,00045dfc-0681-4fb3-8265-33b3df14c289,한라농산,과일,황지시장상점가,자율상권구역,강원특별자치도,,,
27df3c14e969cabe1c93,full_annotation_v1,A,q_야채_11,야채추천,식료품 중 '야채'를 판매·제공하는 매장,val,야채,T6 기계변형,bd2da1c0-5a45-4b13-9500-7c8a47e3b60a,오늘먹태,,상현 마실로 골목형상점가,골목형상점가,경기도,,,
bd1ecd66ff137aeb389d,full_annotation_v1,A,q_야채_11,야채추천,식료품 중 '야채'를 판매·제공하는 매장,val,야채,T6 기계변형,a73149b9-4cff-45c9-8153-51a9ee2c8ebf,정다운전통찻집,찻집,서가재미 골목형상점가,골목형상점가,전북특별자치도,,,
aeed6969f155f10dc822,full_annotation_v1,A,q_야채_11,야채추천,식료품 중 '야채'를 판매·제공하는 매장,val,야채,T6 기계변형,80c4738a-934b-4b41-9de9-a82a5967a614,천외천,한식,상봉먹자골목형상점가,골목형상점가,서울특별시,,,
5eb896dea5096a33dc28,full_annotation_v1,A,q_야채_11,야채추천,식료품 중 '야채'를 판매·제공하는 매장,val,야채,T6 기계변형,00818eab-32ca-497e-ad5c-1c301a7ea4c9,13번상회,채소,마산 동마산시장,전통시장,경상남도,,,
904c827a899cc03990a6,full_annotation_v1,A,q_야채_11,야채추천,식료품 중 '야채'를 판매·제공하는 매장,val,야채,T6 기계변형,8bb83aa6-dcc0-47be-80b9-50c422cc1024,대귀상회,야채,군산신영시장,전통시장,전북특별자치도,,,
45b2e0472fff6c86049a,full_annotation_v1,A,q_야채_11,야채추천,식료품 중 '야채'를 판매·제공하는 매장,val,야채,T6 기계변형,48b57ee9-4554-458f-bd4c-57f572e9d549,노퉁궈,야채,첨단2동 골목형상점가,골목형상점가,광주광역시,,,
bcb6b343c6a19a4118e0,full_annotation_v1,A,q_야채_11,야채추천,식료품 중 '야채'를 판매·제공하는 매장,val,야채,T6 기계변형,b33fb268-ff1b-47e7-b88b-7677d73c0384,야채왕국,야채,중마시장,전통시장,전라남도,,,
0109dbc749ed1e2572e7,full_annotation_v1,A,q_야채_11,야채추천,식료품 중 '야채'를 판매·제공하는 매장,val,야채,T6 기계변형,8dac30b5-783c-4f90-964b-b5384fe436df,용민이네 야채,야채,해남매일시장,전통시장,전라남도,,,
e2985db8cdae7a748f44,full_annotation_v1,A,q_야채_11,야채추천,식료품 중 '야채'를 판매·제공하는 매장,val,야채,T6 기계변형,7baa2c6f-9331-474f-9e59-06dab8d5cf8b,야채사랑,야채,양산 덕계종합상설시장,전통시장,경상남도,,,
eae9d13aba0882a9ccfe,full_annotation_v1,A,q_야채_11,야채추천,식료품 중 '야채'를 판매·제공하는 매장,val,야채,T6 기계변형,d54a7ea8-a678-4f89-991f-9f903e73922a,소무난동태,한식,직산읍삼은1번가골목형상점가,골목형상점가,충청남도,,,
92390ff13f6afbb8b6b0,full_annotation_v1,A,q_야채_11,야채추천,식료품 중 '야채'를 판매·제공하는 매장,val,야채,T6 기계변형,0097b3e2-b5cf-4050-b719-c9d7738067c0,시흥상회,"소매(야채,과일)",광명전통시장,전통시장,경기도,,,
41f07f88dbb10b0caa26,full_annotation_v1,A,q_야채_12,야태,식료품 중 '야채'를 판매·제공하는 매장,val,야채,T6 기계변형,04c905ba-3172-4ea4-a6dd-4345d674dea0,덕순이네,제조업(떡집),장터길 골목형상점가,골목형상점가,경기도,,,
7828ec8c0923eabf5d07,full_annotation_v1,A,q_야채_12,야태,식료품 중 '야채'를 판매·제공하는 매장,val,야채,T6 기계변형,bd0f83ca-6393-4d22-b82e-a429d934d9cf,패류20호,동태,인천종합어시장,전통시장,인천광역시,,,
0bdd50f329d133553c48,full_annotation_v1,A,q_야채_12,야태,식료품 중 '야채'를 판매·제공하는 매장,val,야채,T6 기계변형,015915e3-2542-4245-b627-0c775b4c5501,한내떡집,,거제 고현시장,전통시장,경상남도,,,
a20936364d4679bde912,full_annotation_v1,A,q_야채_12,야태,식료품 중 '야채'를 판매·제공하는 매장,val,야채,T6 기계변형,00468e6b-39c6-4ce1-a534-a6b1eecac01d,태양농산물,과일,정릉서경대길골목형상점가(정릉골),골목형상점가,서울특별시,,,
e4776c2deff71265c4da,full_annotation_v1,A,q_야채_12,야태,식료품 중 '야채'를 판매·제공하는 매장,val,야채,T6 기계변형,00891fcf-925f-4b76-bc26-179798787b48,정우상회,농산물,경동시장,전통시장,서울특별시,,,
a25e9ab140f54ef15a06,full_annotation_v1,A,q_야채_12,야태,식료품 중 '야채'를 판매·제공하는 매장,val,야채,T6 기계변형,00818eab-32ca-497e-ad5c-1c301a7ea4c9,13번상회,채소,마산 동마산시장,전통시장,경상남도,,,
ea7dd4abff1907d6f176,full_annotation_v1,A,q_야채_12,야태,식료품 중 '야채'를 판매·제공하는 매장,val,야채,T6 기계변형,283d4f28-0890-4292-962f-39e44b57bf82,착한건어물,황태,부평깡시장,전통시장,인천광역시,,,
6d76461bebc8a2cfdfb1,full_annotation_v1,A,q_야채_12,야태,식료품 중 '야채'를 판매·제공하는 매장,val,야채,T6 기계변형,d99b1119-0383-4927-80b6-e9c74faf2c7e,생태전문생태야생태,한식,계수마을상인회 골목형상점가,골목형상점가,광주광역시,,,
f02af35bc62d4cec6236,full_annotation_v1,A,q_야채_12,야태,식료품 중 '야채'를 판매·제공하는 매장,val,야채,T6 기계변형,00b64830-f897-4643-a5fa-6d8950c2ef89,낭만상회,식품,문산자유시장,전통시장,경기도,,,
998a8ce6b5363439d88e,full_annotation_v1,A,q_야채_12,야태,식료품 중 '야채'를 판매·제공하는 매장,val,야채,T6 기계변형,000a244a-1e28-40b7-8d55-d5b1055f12d2,진해상회,채소,마산어시장,전통시장,경상남도,,,
a74a08a3f4ed70be1c7b,full_annotation_v1,A,q_야채_12,야태,식료품 중 '야채'를 판매·제공하는 매장,val,야채,T6 기계변형,01b4b567-78d4-4fa1-9bff-25fd01fb1a4c,소문난김치집,김치,중앙먹거리 상인회 골목형상점가,골목형상점가,전라남도,,,
b27004466119ddde4572,full_annotation_v1,A,q_야채_12,야태,식료품 중 '야채'를 판매·제공하는 매장,val,야채,T6 기계변형,6ae40edb-1a31-4194-8b90-e60a792007df,오너커피,"커피, 디저트",도룡상인회 골목형상점가,골목형상점가,대전광역시,,,
050e8b060a32fc127ca7,full_annotation_v1,A,q_야채_12,야태,식료품 중 '야채'를 판매·제공하는 매장,val,야채,T6 기계변형,82c0919c-3428-4a51-821a-69c7071321f4,대왕동태,동태탕,송죽만석 골목형상점가,골목형상점가,경기도,,,
17df459afca45165d5d1,full_annotation_v1,A,q_야채_12,야태,식료품 중 '야채'를 판매·제공하는 매장,val,야채,T6 기계변형,03a6e716-3825-40e3-ba06-e047ee5e5483,부일반찬,김치,초량전통시장,전통시장,부산광역시,,,
8f19d45dafe754fbef4a,full_annotation_v1,A,q_야채_12,야태,식료품 중 '야채'를 판매·제공하는 매장,val,야채,T6 기계변형,9383367e-3bc6-4792-b073-e94061b8fe98,제일황태,건어물,청주육거리종합시장,전통시장,충청북도,,,
7d698479065686786424,full_annotation_v1,A,q_야채_12,야태,식료품 중 '야채'를 판매·제공하는 매장,val,야채,T6 기계변형,56db4778-14ee-4046-a171-821fc0e3f8ce,산수쌈밥,쌈밥,전남여고후문 골목형상점가,골목형상점가,광주광역시,,,
4f206099a7d308ba9a46,full_annotation_v1,A,q_야채_12,야태,식료품 중 '야채'를 판매·제공하는 매장,val,야채,T6 기계변형,006204f3-b214-4611-a434-f896bf75e919,장터사랑,과일,농성세대공감상인회 골목형상점가,골목형상점가,광주광역시,,,
29dd87cdf995dcb2d7a9,full_annotation_v1,A,q_야채_12,야태,식료품 중 '야채'를 판매·제공하는 매장,val,야채,T6 기계변형,e101af9e-6919-4169-9bd0-61c460dd98a2,우정명태,한식,군산동백로 나운상가 골목형상점가,골목형상점가,전북특별자치도,,,
9cf27942d2b0855ca2f6,full_annotation_v1,A,q_야채_12,야태,식료품 중 '야채'를 판매·제공하는 매장,val,야채,T6 기계변형,016f8113-22a7-4ef1-a80f-0562dd2a06e9,동이식품,"식품, 농산물",중앙신시장,전통시장,경상북도,,,
bf389024e3d024662ebf,full_annotation_v1,A,q_야채_12,야태,식료품 중 '야채'를 판매·제공하는 매장,val,야채,T6 기계변형,01f160fc-531c-4191-aa22-453462e0f38a,천년,김치,오정동상점가,자율상권구역,대전광역시,,,
aa4a12e75cf4af97d54b,full_annotation_v1,A,q_야채_12,야태,식료품 중 '야채'를 판매·제공하는 매장,val,야채,T6 기계변형,009a3629-5dbc-47c2-adea-b1f9bc2c083a,동해농수산,야채,방학동도깨비시장,전통시장,서울특별시,,,
6e56e5a273d8bd4f5d98,full_annotation_v1,A,q_야채_12,야태,식료품 중 '야채'를 판매·제공하는 매장,val,야채,T6 기계변형,001cb3d4-5441-4963-b517-d5b3904ee312,현창떡집,떡집,목포동부시장,전통시장,전라남도,,,
7e2581508ce81f8b5464,full_annotation_v1,A,q_야채_12,야태,식료품 중 '야채'를 판매·제공하는 매장,val,야채,T6 기계변형,008d4156-e489-4d1f-9205-b541972d35a8,과일왕,과일 잡화 야채 먹거리,연제동 골목형상점가,골목형상점가,광주광역시,,,
f284d0a1ad406f1c109b,full_annotation_v1,A,q_야채_12,야태,식료품 중 '야채'를 판매·제공하는 매장,val,야채,T6 기계변형,c11d554d-2cb3-48c0-8a7c-e982e1116006,야저,한식,풍납시장,전통시장,서울특별시,,,
9a4024dedf4ec5483c38,full_annotation_v1,A,q_야채_12,야태,식료품 중 '야채'를 판매·제공하는 매장,val,야채,T6 기계변형,14e5687f-f84f-45b4-bd24-62da3eed4dda,요리천재의 콩팥동태,한식,장터길 골목형상점가,골목형상점가,경기도,,,
06a1ebd5c20d66203979,full_annotation_v1,A,q_야채_12,야태,식료품 중 '야채'를 판매·제공하는 매장,val,야채,T6 기계변형,0ea864eb-7aac-40cc-a5df-37d6470f9ec7,야채살롱,야채외,대연골목시장 골목형상점가,골목형상점가,부산광역시,,,
0d51afe8319370a43377,full_annotation_v1,A,q_야채_12,야태,식료품 중 '야채'를 판매·제공하는 매장,val,야채,T6 기계변형,c51bafd3-2590-4776-9050-55095c025608,먹태오빠짝태,음식,선운 골목형상점가,골목형상점가,광주광역시,,,
540c573d21c8ff7d8a9d,full_annotation_v1,A,q_야채_12,야태,식료품 중 '야채'를 판매·제공하는 매장,val,야채,T6 기계변형,00045dfc-0681-4fb3-8265-33b3df14c289,한라농산,과일,황지시장상점가,자율상권구역,강원특별자치도,,,
92127571f60a3caa71de,full_annotation_v1,A,q_야채_12,야태,식료품 중 '야채'를 판매·제공하는 매장,val,야채,T6 기계변형,00333be0-b70d-4197-aa97-5a277d61e0da,㈜신진후르츠,과일,부전농수산물새벽시장,전통시장,부산광역시,,,
6ae6dcdb3855f7748717,full_annotation_v1,A,q_야채_12,야태,식료품 중 '야채'를 판매·제공하는 매장,val,야채,T6 기계변형,65efe425-8d0b-472a-8edd-86a014046756,제일상회,의류,영신상가,전통시장,서울특별시,,,
3caaf028b6afc6bdacae,full_annotation_v1,A,q_야채_12,야태,식료품 중 '야채'를 판매·제공하는 매장,val,야채,T6 기계변형,43c03e36-c146-4944-bcd4-879bc435fad2,도온쌈,쌈밥,남이동길골목형상점가,골목형상점가,서울특별시,,,
dc62bf95c9f556b36ec8,full_annotation_v1,A,q_야채_12,야태,식료품 중 '야채'를 판매·제공하는 매장,val,야채,T6 기계변형,586a9700-ffe0-4f66-a8b2-56084d0ad0bc,야작,한식,전남대 상대 골목형상점가,골목형상점가,광주광역시,,,
300b217ebdf98911e7d9,full_annotation_v1,A,q_야채_12,야태,식료품 중 '야채'를 판매·제공하는 매장,val,야채,T6 기계변형,64337542-338e-47a2-8211-53063d648e10,해담 석바위직영점,,석바위시장,전통시장,인천광역시,,,
c6ce6e227a3b8d97ddf2,full_annotation_v1,A,q_야채_12,야태,식료품 중 '야채'를 판매·제공하는 매장,val,야채,T6 기계변형,d54a7ea8-a678-4f89-991f-9f903e73922a,소무난동태,한식,직산읍삼은1번가골목형상점가,골목형상점가,충청남도,,,
aaeca82c9b4aefb87167,full_annotation_v1,A,q_야채_12,야태,식료품 중 '야채'를 판매·제공하는 매장,val,야채,T6 기계변형,547be72a-2b08-4865-acc9-efec48cc1450,야채꾼,야채,신 강남시장,전통시장,인천광역시,,,
8a399075f42e6444724a,full_annotation_v1,A,q_야채_12,야태,식료품 중 '야채'를 판매·제공하는 매장,val,야채,T6 기계변형,00344d24-5aaa-4dc7-ba51-3c041c147576,고향뜰영농조합법인,농산물,양산 북부시장,전통시장,경상남도,,,
e584c164d9d2e5306ca7,full_annotation_v1,A,q_야채_12,야태,식료품 중 '야채'를 판매·제공하는 매장,val,야채,T6 기계변형,90d09498-817e-4f3f-9f00-00b02f603081,태 백,한식,상무연하상인회 골목형상점가,골목형상점가,광주광역시,,,
26a40362c3ac5cea5a49,full_annotation_v1,A,q_야채_12,야태,식료품 중 '야채'를 판매·제공하는 매장,val,야채,T6 기계변형,51762ca5-a5fa-4770-88ca-e71b9807e648,보태 봉명점,미용업,유성도안 골목형상점가,골목형상점가,대전광역시,,,
eb4cf6716ecb505621d2,full_annotation_v1,A,q_야채_12,야태,식료품 중 '야채'를 판매·제공하는 매장,val,야채,T6 기계변형,4b7cc3ef-8037-4cbe-91da-d054d5857ada,원호네,동태,의정부제일시장,전통시장,경기도,,,
26eb643378586fb1c941,full_annotation_v1,A,q_야채_12,야태,식료품 중 '야채'를 판매·제공하는 매장,val,야채,T6 기계변형,008b2657-018e-4d46-b0b0-a173aee3f37a,대원상회,농산물,대구능금시장,전통시장,대구광역시,,,
33cf515889edb367c703,full_annotation_v1,A,q_야채_12,야태,식료품 중 '야채'를 판매·제공하는 매장,val,야채,T6 기계변형,0b8ef6dc-2f6b-4707-bd73-529122d9c97a,하단떡집,떡집,하단오일상설시장,전통시장,부산광역시,,,
dc46944f37fed2aa4f1d,full_annotation_v1,A,q_야채_12,야태,식료품 중 '야채'를 판매·제공하는 매장,val,야채,T6 기계변형,bd2da1c0-5a45-4b13-9500-7c8a47e3b60a,오늘먹태,,상현 마실로 골목형상점가,골목형상점가,경기도,,,
223a4e6d810909813e77,full_annotation_v1,A,q_야채_12,야태,식료품 중 '야채'를 판매·제공하는 매장,val,야채,T6 기계변형,8b4a52e2-288f-4989-94d8-30e213872380,코엔먹태짝태,한식,용인중앙시장,전통시장,경기도,,,
115964ef0e4d78e8b598,full_annotation_v1,A,q_야채_12,야태,식료품 중 '야채'를 판매·제공하는 매장,val,야채,T6 기계변형,007fd232-3c16-44ff-be59-cf265f3775e9,동문상회,채소버섯,팔달신시장,전통시장,대구광역시,,,
eea31b1e0071cf535f4f,full_annotation_v1,A,q_야채_12,야태,식료품 중 '야채'를 판매·제공하는 매장,val,야채,T6 기계변형,12bac5de-59a7-472a-946b-5e38694a5648,한옥촌,쌈밥,전농배봉산맛집거리골목형상점가,골목형상점가,서울특별시,,,
cf0011a78eb2a867ab97,full_annotation_v1,A,q_야채_12,야태,식료품 중 '야채'를 판매·제공하는 매장,val,야채,T6 기계변형,0042e83d-930b-4d1d-a96f-f1a2691256cd,성화상회,과일,대구능금시장,전통시장,대구광역시,,,
61d4c35d01dc29c4076d,full_annotation_v1,A,q_야채_12,야태,식료품 중 '야채'를 판매·제공하는 매장,val,야채,T6 기계변형,872191d3-a10f-45fe-8a5e-b205aeb9402d,고운길약국,의약 의료용품,고운마음 골목형상점가,골목형상점가,세종특별자치시,,,
3ac50541845cad0ae1b2,full_annotation_v1,A,q_야채_12,야태,식료품 중 '야채'를 판매·제공하는 매장,val,야채,T6 기계변형,00b6e321-5954-437c-b1d9-94fded29f67e,웰빙마트,식품,서남신시장,전통시장,대구광역시,,,
e2b5ccf3487f4f8453e2,full_annotation_v1,A,q_야채_12,야태,식료품 중 '야채'를 판매·제공하는 매장,val,야채,T6 기계변형,439667d7-d991-4064-8afd-c20dad9749b0,유미용실,미용실,봉화상설시장,전통시장,경상북도,,,
799b2e4ba3738467a8db,full_annotation_v1,A,q_야채_12,야태,식료품 중 '야채'를 판매·제공하는 매장,val,야채,T6 기계변형,09e5fb7c-d0cc-4720-92df-5a5cece636c7,샐러리아 잠실본점,샐러드,방이시장,전통시장,서울특별시,,,
cc5b0dda789cc528d995,full_annotation_v1,A,q_야채_12,야태,식료품 중 '야채'를 판매·제공하는 매장,val,야채,T6 기계변형,00e92856-b294-4032-8540-d60e9817f2d8,럭키약국,"의약품, 건강기능식품, 식품",충무로골목형상점가,골목형상점가,서울특별시,,,
23f3679fa116001091e5,full_annotation_v1,A,q_야채_12,야태,식료품 중 '야채'를 판매·제공하는 매장,val,야채,T6 기계변형,00f0eee4-789e-4a7b-afc5-f1e7fc279b83,전국상회,야채,청량리종합시장,전통시장,서울특별시,,,
128e732ae08594fe47ca,full_annotation_v1,A,q_야채_12,야태,식료품 중 '야채'를 판매·제공하는 매장,val,야채,T6 기계변형,c12a5b52-d223-45c4-a055-e3ea587c4d4f,이 태 리 가구,가구 및 소품,문창동 보물찾(Chat)길 골목형상점가,골목형상점가,대전광역시,,,
a50eb81b68c249b84c99,full_annotation_v1,A,q_야채_12,야태,식료품 중 '야채'를 판매·제공하는 매장,val,야채,T6 기계변형,3ab84e66-6f02-4210-ba90-7c029126a74c,생선명가 거북명태,명태 오징어 갑오징어,송촌동상점가,자율상권구역,대전광역시,,,
03317d8a0538309b49a1,full_annotation_v1,A,q_야채_12,야태,식료품 중 '야채'를 판매·제공하는 매장,val,야채,T6 기계변형,636f0140-fd9e-4d44-a781-f3e96d171181,유광상회,건명태,번개시장,전통시장,대구광역시,,,
e76fe41f2e1201d19cd1,full_annotation_v1,A,q_야채_12,야태,식료품 중 '야채'를 판매·제공하는 매장,val,야채,T6 기계변형,005313c8-dce8-49b6-9841-9143ebb1305a,동원떡집,,박달시장,전통시장,경기도,,,
6079ce769bae4bf1586c,full_annotation_v1,A,q_야채_12,야태,식료품 중 '야채'를 판매·제공하는 매장,val,야채,T6 기계변형,f23c079a-3aa7-4404-93f0-1709893db7e1,생태명가,생태 동태,청사 골목형상점가,골목형상점가,대전광역시,,,
c404a9ac273acc07b4cb,full_annotation_v1,A,q_야채_12,야태,식료품 중 '야채'를 판매·제공하는 매장,val,야채,T6 기계변형,f5824a68-13a8-43f7-ad03-5754cdbba527,대명가,아론사태,금암동 골목형상점가,골목형상점가,충청남도,,,
620eec53e7a0de8692d2,full_annotation_v1,A,q_야채_12,야태,식료품 중 '야채'를 판매·제공하는 매장,val,야채,T6 기계변형,7fdbfbd2-930f-4329-a225-ca7b797e3274,야채,야채,원종고강제일시장(부천제일시장),전통시장,경기도,,,
338c184d330fc79544cc,full_annotation_v1,A,q_야채_12,야태,식료품 중 '야채'를 판매·제공하는 매장,val,야채,T6 기계변형,0097b3e2-b5cf-4050-b719-c9d7738067c0,시흥상회,"소매(야채,과일)",광명전통시장,전통시장,경기도,,,
af01b4978b91457a302a,full_annotation_v1,A,q_야채_12,야태,식료품 중 '야채'를 판매·제공하는 매장,val,야채,T6 기계변형,1ddf4a58-3942-43f5-8b76-a1837f3edccb,황태랑버섯,황태,포항 대이상가 골목형상점가,골목형상점가,경상북도,,,
e7ad2ad59df18e7c89c4,full_annotation_v1,A,q_야채_12,야태,식료품 중 '야채'를 판매·제공하는 매장,val,야채,T6 기계변형,55b49d96-2321-4aed-9c1f-751448a7164b,뉴해태,음식,운암시장 주변 골목형상점가,골목형상점가,광주광역시,,,
03c3370a8b318d6583f0,full_annotation_v1,A,q_야채_12,야태,식료품 중 '야채'를 판매·제공하는 매장,val,야채,T6 기계변형,05530d0f-82ed-47a1-8015-32b6c30e3752,진수산삼다식품,"젓갈류, 김치, 수산물",동문재래시장,전통시장,제주특별자치도,,,
61140514122593b76003,full_annotation_v1,A,q_야채_12,야태,식료품 중 '야채'를 판매·제공하는 매장,val,야채,T6 기계변형,cf251d52-ad37-4be8-adfa-16231851ea3f,쌍굴로모여든명태,한식,오치 쌍굴 골목형상점가,골목형상점가,광주광역시,,,
7fb6e9a0f5d08568b85a,full_annotation_v1,A,q_야채_12,야태,식료품 중 '야채'를 판매·제공하는 매장,val,야채,T6 기계변형,d29967a5-37f8-41ca-8a54-97f481cfe18c,용대리황태,한식,매곡 골목형상점가,골목형상점가,대구광역시,,,
be14bc0af869d62a6289,full_annotation_v1,A,q_야채_12,야태,식료품 중 '야채'를 판매·제공하는 매장,val,야채,T6 기계변형,0174d58f-3182-48ce-9bb7-0818d21a6763,야채,,만수시장,전통시장,인천광역시,,,
f53ba66a17f24af1da93,full_annotation_v1,A,q_야채_12,야태,식료품 중 '야채'를 판매·제공하는 매장,val,야채,T6 기계변형,0533a201-3b07-4029-8158-c4d2ad17c7bf,텃밭쌈밥,쌈밥,역전시장,전통시장,충청남도,,,
4a882efd66bd2d4364a0,full_annotation_v1,A,q_야채_12,야태,식료품 중 '야채'를 판매·제공하는 매장,val,야채,T6 기계변형,000527f2-442a-4dd1-9bfc-8a8cd9fd5410,(유)뉴현대상회,농산물,가락몰골목형상점가,골목형상점가,서울특별시,,,
5a2c47e8a354e2c586ce,full_annotation_v1,A,q_야채_12,야태,식료품 중 '야채'를 판매·제공하는 매장,val,야채,T6 기계변형,5d2b77f4-47b8-4b01-9e73-62fc102fd7c1,신창침구,침구류,진주 논개시장,전통시장,경상남도,,,
9615b98795e5612c93e6,full_annotation_v1,A,q_야채_12,야태,식료품 중 '야채'를 판매·제공하는 매장,val,야채,T6 기계변형,38d33dd0-da61-4784-bac4-f0d8ecbe6d79,야채천국,야채,길동복조리시장,전통시장,서울특별시,,,
e5a40a33a42461eb8894,full_annotation_v1,A,q_야채_12,야태,식료품 중 '야채'를 판매·제공하는 매장,val,야채,T6 기계변형,b6e188a7-48f4-407e-936d-3e066bff6c81,강민철왕먹태 일산신원점,황태,권율 골목형상점가,골목형상점가,경기도,,,
5830b5e84ad2bb942f8d,full_annotation_v1,A,q_야채_12,야태,식료품 중 '야채'를 판매·제공하는 매장,val,야채,T6 기계변형,014072fb-b412-4fb3-a663-31dbf80e44a6,매일상회,"야채, 과일",고산미소시장(고산시장),전통시장,전북특별자치도,,,
9023c8ee560aaf83138b,full_annotation_v1,A,q_야채_12,야태,식료품 중 '야채'를 판매·제공하는 매장,val,야채,T6 기계변형,009f034c-8e3b-4a32-aab3-55ece8718004,장봐주는언니 임동점,농수축산물및 가공식품,제니스 골목형상점가,골목형상점가,광주광역시,,,
4fc62e538945c1acb2ce,full_annotation_v1,A,q_야채_12,야태,식료품 중 '야채'를 판매·제공하는 매장,val,야채,T6 기계변형,00c56499-bc90-4ed6-bb66-3802cc762889,의령상회,채소,부전상가시장,전통시장,부산광역시,,,
9cc37160d255b280e602,full_annotation_v1,A,q_야채_12,야태,식료품 중 '야채'를 판매·제공하는 매장,val,야채,T6 기계변형,c79147b2-aa11-4e73-92f0-50072a9668b9,봉천명태,한식,봉리단길골목형상점가,골목형상점가,서울특별시,,,
e5ca6da5ddab19a69f02,full_annotation_v1,A,q_야채_12,야태,식료품 중 '야채'를 판매·제공하는 매장,val,야채,T6 기계변형,81902690-60f2-47f7-a6d6-12fb700b3387,태 양,기름 곡류,대인시장,전통시장,,,,
fda610fcf4302cd5aa6f,full_annotation_v1,A,q_야채_12,야태,식료품 중 '야채'를 판매·제공하는 매장,val,야채,T6 기계변형,7dd128e0-4843-46b6-8813-3aff6f813088,조이통신 장흥점,핸드폰,장흥중앙로 골목형상점가,골목형상점가,전라남도,,,
12a5141aca249ccf64d2,full_annotation_v1,A,q_야채_12,야태,식료품 중 '야채'를 판매·제공하는 매장,val,야채,T6 기계변형,4e22535c-535c-4ffe-adcb-498cb435b729,풍암생태야생태,한식,풍암새누리상인회 골목형상점가,골목형상점가,광주광역시,,,
a6c1d1f5d6a39b661c8f,full_annotation_v1,A,q_야채_12,야태,식료품 중 '야채'를 판매·제공하는 매장,val,야채,T6 기계변형,54a325f6-66f5-42ed-b765-668e980674af,야후통신,,삼호동상가 골목형상점가,골목형상점가,울산광역시,,,
9db4af811758fa74d117,full_annotation_v1,A,q_야채_12,야태,식료품 중 '야채'를 판매·제공하는 매장,val,야채,T6 기계변형,01e96e25-dcb5-4957-bc59-05c27b1dae7a,샐러드밀,샐러드,오룡행복 골목형상점가,골목형상점가,전라남도,,,
f4a8ff310eadb48a32b2,full_annotation_v1,A,q_야채_12,야태,식료품 중 '야채'를 판매·제공하는 매장,val,야채,T6 기계변형,491616ee-2002-474f-b16d-6dca15d13a63,한국특산물,감태 등,태안동부시장(구 태안특산물전통시장),전통시장,충청남도,,,
9b272586c55300db32b2,full_annotation_v1,A,q_야채_12,야태,식료품 중 '야채'를 판매·제공하는 매장,val,야채,T6 기계변형,009be3cd-7c52-41e4-91fc-c377ddfa78c0,언양시장야채,야채,언양알프스시장,전통시장,울산광역시,,,
08423fc4e3334ecd0349,full_annotation_v1,A,q_야채_12,야태,식료품 중 '야채'를 판매·제공하는 매장,val,야채,T6 기계변형,06f191fb-14b4-4d51-8efb-39d44343f1a7,유한회사 바르메이드,샐러드,상무시청상인회 골목형상점가,골목형상점가,광주광역시,,,
49717602c9908880703f,full_annotation_v1,A,q_야채_12,야태,식료품 중 '야채'를 판매·제공하는 매장,val,야채,T6 기계변형,6030f05b-4742-4cc6-ac0d-1f0a2a143dd9,기능명품,세태,운암대자골 골목형상점가,골목형상점가,광주광역시,,,
5b8032f81d2c36aacdfb,full_annotation_v1,A,q_야채_12,야태,식료품 중 '야채'를 판매·제공하는 매장,val,야채,T6 기계변형,b46666f1-a5f9-4f1d-9516-1446c93c9288,톰가게,문구소품,동명동 카페거리 골목형상점가,골목형상점가,광주광역시,,,
b31593ae06653e1a13a3,full_annotation_v1,A,q_야채_12,야태,식료품 중 '야채'를 판매·제공하는 매장,val,야채,T6 기계변형,0045f871-6f40-4361-bcdd-2b94bf597287,무파장터,야채 청과물,신금정시장 골목형 상점가,골목형상점가,부산광역시,,,
8190a800ba8ad1e3dfea,full_annotation_v1,A,q_야채_12,야태,식료품 중 '야채'를 판매·제공하는 매장,val,야채,T6 기계변형,8dd0e3f3-5776-478f-873c-12b565700034,한혜정참맛동태,"명태, 한식",공주산성 활성화구역,전통시장,충청남도,,,
ac8841bd9446da7770c3,full_annotation_v1,A,q_야채_12,야태,식료품 중 '야채'를 판매·제공하는 매장,val,야채,T6 기계변형,008d1ed4-a5d7-492e-9959-f8307a68cc5f,샐러드 정원,"샐러드, 샌드위치",미성동도깨비시장,골목형상점가,서울특별시,,,
c2d04a378a59415d3e47,full_annotation_v1,A,q_야채_12,야태,식료품 중 '야채'를 판매·제공하는 매장,val,야채,T6 기계변형,014b06bd-3fa3-4cde-b459-e62ca64c33aa,조은식품,채소,하양꿈바우시장,전통시장,경상북도,,,
e361ea4a90149eeb47eb,full_annotation_v1,A,q_야채_12,야태,식료품 중 '야채'를 판매·제공하는 매장,val,야채,T6 기계변형,00947369-dfd0-4074-b22e-c8b430a98a70,에스.에이.팜(S.A.farm),"표고버섯및농산물, 잡화, 통신판매",무주반딧불상권활성화구역,상권활성화구역,전북특별자치도,,,
d65c032d83ca3d007f4c,full_annotation_v1,A,q_야채_12,야태,식료품 중 '야채'를 판매·제공하는 매장,val,야채,T6 기계변형,006601da-192a-4275-90bf-aa320c79ea9f,바이럽,샐러드,현풍백년도깨비시장,전통시장,대구광역시,,,
7a0d20fb9ebd38015810,full_annotation_v1,A,q_야채_12,야태,식료품 중 '야채'를 판매·제공하는 매장,val,야채,T6 기계변형,00534c22-4465-442e-95db-66dd08f99320,삼원상회,채소,칠성시장,전통시장,대구광역시,,,
62eebe4e9b6af41d416a,full_annotation_v1,A,q_야채_12,야태,식료품 중 '야채'를 판매·제공하는 매장,val,야채,T6 기계변형,9b59835d-fd38-4b96-bb55-3f1b6089f691,리본태,리본,부산진시장,전통시장,부산광역시,,,
b25f0ee00fc2036ae34c,full_annotation_v1,A,q_야채_12,야태,식료품 중 '야채'를 판매·제공하는 매장,val,야채,T6 기계변형,2091d875-ec3e-46c8-850f-4bc4fb0cb0e8,맥주점방,먹태,소담마실길 골목형상점가,골목형상점가,세종특별자치시,,,
e3e4b27e946f6aafcb0a,full_annotation_v1,A,q_야채_12,야태,식료품 중 '야채'를 판매·제공하는 매장,val,야채,T6 기계변형,0622e5e4-d762-4378-aeb6-eb6148f9dec6,개도리김치,"김치, 채소, 건어물",나주목사고을시장,전통시장,,,,
0a725e3e80049f339747,full_annotation_v1,A,q_야채_12,야태,식료품 중 '야채'를 판매·제공하는 매장,val,야채,T6 기계변형,014fc673-2f3b-48cf-a134-d5aebb132435,동성상회,야채,동두천중앙시장,전통시장,경기도,,,
2ddc0156db70cd112d5c,full_annotation_v1,A,q_야채_12,야태,식료품 중 '야채'를 판매·제공하는 매장,val,야채,T6 기계변형,15578c36-25cb-47c6-b623-02d015391845,서가네쌈밥,쌈밥,면곡시장 골목형상점가,골목형상점가,서울특별시,,,
4a5d04e3ba99f548de96,full_annotation_v1,A,q_양식_01,양식,음식점 중 '양식'을 판매·제공하는 매장,train,양식,T1 정확표기,f8422a56-b20f-4ef1-9b98-9e3d31f5ebd6,공주,"의류, 잡화",주안시민지하도상점가,일반지하상점가,인천광역시,,,
ebf2a8a770e12e231d2d,full_annotation_v1,A,q_양식_01,양식,음식점 중 '양식'을 판매·제공하는 매장,train,양식,T1 정확표기,43c6eca5-6527-4579-99b7-0a1fadf267a5,버딩,양식,신림별빛거리골목형상점가,골목형상점가,서울특별시,,,
3e69a0d7ef9edfe8eee3,full_annotation_v1,A,q_양식_01,양식,음식점 중 '양식'을 판매·제공하는 매장,train,양식,T1 정확표기,040b391d-a92f-4db4-90cd-eb2c0720eb78,eating,파스타 덮밥 피자,여주 터미널상점가,자율상권구역,경기도,,,
926ccb1df19e6bf04aeb,full_annotation_v1,A,q_양식_01,양식,음식점 중 '양식'을 판매·제공하는 매장,train,양식,T1 정확표기,a0a394ad-59a8-41b1-b10c-018c8ab174ab,홍당무파스타,양식,별양동상점가,자율상권구역,경기도,,,
473f06b0db04d1684569,full_annotation_v1,A,q_양식_01,양식,음식점 중 '양식'을 판매·제공하는 매장,train,양식,T1 정확표기,87138baa-b233-4614-9a3f-237a8aa6804e,향어집,향어회,명촌효성해링턴상가 골목형상점가,골목형상점가,울산광역시,,,
ae4e66065c372f93eca2,full_annotation_v1,A,q_양식_01,양식,음식점 중 '양식'을 판매·제공하는 매장,train,양식,T1 정확표기,00e9de4b-3c8d-44a2-bfc2-ddc91fe5a03b,대디파스타,파스타돈가스,벽산황계로 골목형상점가,골목형상점가,광주광역시,,,
aa4c504994d81e3dda01,full_annotation_v1,A,q_양식_01,양식,음식점 중 '양식'을 판매·제공하는 매장,train,양식,T1 정확표기,e17151a7-0883-43a9-b30d-03a304000f82,개츠비90,양식,장천동상가,자율상권구역,전라남도,,,
01741b2cac1551c70b4b,full_annotation_v1,A,q_양식_01,양식,음식점 중 '양식'을 판매·제공하는 매장,train,양식,T1 정확표기,23bf1efb-ee89-4ddc-b777-a578bcd0c71d,하이로왕마라탕,음식점업(중식),용인중앙시장,전통시장,경기도,,,
881c5dcfbea5d62b2162,full_annotation_v1,A,q_양식_01,양식,음식점 중 '양식'을 판매·제공하는 매장,train,양식,T1 정확표기,57aaad40-84a8-406b-a8e2-30603630f2c2,백운동,양식,백운 대성시장 골목형상점가,골목형상점가,광주광역시,,,
c5f669d3f8c0bfcf49f7,full_annotation_v1,A,q_양식_01,양식,음식점 중 '양식'을 판매·제공하는 매장,train,양식,T1 정확표기,1c9ffd03-8c86-4da6-b4b5-0125631f324a,치이즈,양식,소담마실길 골목형상점가,골목형상점가,세종특별자치시,,,
08b533472f266a8b5aa6,full_annotation_v1,A,q_양식_01,양식,음식점 중 '양식'을 판매·제공하는 매장,train,양식,T1 정확표기,77166f02-86a3-4b64-98ed-042c1f09d75e,팻보이버거,양식,용강동상점가,자율상권구역,서울특별시,,,
da227875543ce99acae0,full_annotation_v1,A,q_양식_01,양식,음식점 중 '양식'을 판매·제공하는 매장,train,양식,T1 정확표기,b0473762-029b-40f4-b694-0e4be981e6b1,라플레르카페,양식,금암동 골목형상점가,골목형상점가,충청남도,,,
8366f9959134e7b17756,full_annotation_v1,A,q_양식_01,양식,음식점 중 '양식'을 판매·제공하는 매장,train,양식,T1 정확표기,5e7126fd-0046-4e2d-9ac0-bf2b45dbc482,정성카츠금호점,양식,금화상인회 골목형상점가,골목형상점가,광주광역시,,,
bceead849608b8fa196a,full_annotation_v1,A,q_양식_01,양식,음식점 중 '양식'을 판매·제공하는 매장,train,양식,T1 정확표기,29a2563b-bd24-46ea-b400-a52034ae885f,끝,양식,대흥동 특화거리 상점가,자율상권구역,대전광역시,,,
76448ace5960ea3d0832,full_annotation_v1,A,q_양식_01,양식,음식점 중 '양식'을 판매·제공하는 매장,train,양식,T1 정확표기,cd6c418d-eac3-4aee-a582-7f6f1f47145f,라리에또,양식,순헌황귀비길 골목형상점가,골목형상점가,서울특별시,,,
263ee263ffd17bdf8f26,full_annotation_v1,A,q_양식_01,양식,음식점 중 '양식'을 판매·제공하는 매장,train,양식,T1 정확표기,eb8d641d-8ac2-4cf4-845c-c2b223250d3f,진맥,양식,건리단길 골목형상점가,골목형상점가,서울특별시,,,
dc968c48d8dde11bd604,full_annotation_v1,A,q_양식_01,양식,음식점 중 '양식'을 판매·제공하는 매장,train,양식,T1 정확표기,00a88093-8a14-41ad-8b1f-d35632be9f3b,한아름빵집,제과,신평골목시장,전통시장,부산광역시,,,
16e579c7a15b1f2170ef,full_annotation_v1,A,q_양식_01,양식,음식점 중 '양식'을 판매·제공하는 매장,train,양식,T1 정확표기,11c50d0f-c351-4cb2-8c75-e3b0d1cb2d01,0521식당,양식,창원 도계부부시장,전통시장,경상남도,,,
20eb4c7bff3e4796742c,full_annotation_v1,A,q_양식_01,양식,음식점 중 '양식'을 판매·제공하는 매장,train,양식,T1 정확표기,e1819eca-756a-4dc2-a693-4edc12d12b91,디핀,양식,서울중앙시장,전통시장,서울특별시,,,
33fd130f587250e0684e,full_annotation_v1,A,q_양식_01,양식,음식점 중 '양식'을 판매·제공하는 매장,train,양식,T1 정확표기,e84f40c8-bb35-45f7-a6d8-5e2976528da8,모닥불,양식,연남동골목형상점가,골목형상점가,서울특별시,,,
142b33276ae19fa65d37,full_annotation_v1,A,q_양식_01,양식,음식점 중 '양식'을 판매·제공하는 매장,train,양식,T1 정확표기,3738f801-8edd-4b7f-bcde-ad74a60e68c0,심플,양식,럭스스퀘어 골목형상점가,골목형상점가,세종특별자치시,,,
e50064452ed5f57a18c6,full_annotation_v1,A,q_양식_01,양식,음식점 중 '양식'을 판매·제공하는 매장,train,양식,T1 정확표기,eb20968e-3573-4497-903a-54f5448b4cb7,Gs25 세종 소담점,음료 과자 식료품 김밥 도시락,새샘하루 골목형상점가,골목형상점가,세종특별자치시,,,
3f149959d64a3d8a7681,full_annotation_v1,A,q_양식_01,양식,음식점 중 '양식'을 판매·제공하는 매장,train,양식,T1 정확표기,0da05d69-9910-465f-9c27-d3c2c9e219cc,정식탁,양식,상무원마륵상인회 골목형상점가,골목형상점가,광주광역시,,,
66e63481b486c8b6c570,full_annotation_v1,A,q_양식_01,양식,음식점 중 '양식'을 판매·제공하는 매장,train,양식,T1 정확표기,20bb86b7-c2a4-40d5-920c-fc514944588f,더보일링,양식,파랑새원룸상인회 골목형상점가,골목형상점가,광주광역시,,,
c986b5a05ac414d92fa5,full_annotation_v1,A,q_양식_01,양식,음식점 중 '양식'을 판매·제공하는 매장,train,양식,T1 정확표기,87fe6950-89c1-4801-835e-dcf353da3286,떡가온,떡,평택통복시장,전통시장,경기도,,,
cdad8e83de48f8a7056f,full_annotation_v1,A,q_양식_01,양식,음식점 중 '양식'을 판매·제공하는 매장,train,양식,T1 정확표기,26fb1f59-2290-4260-95f4-ea27c31276e9,구우,양식,신부유람단골목형상점가,골목형상점가,충청남도,,,
4b3c477021a95a45723d,full_annotation_v1,A,q_양식_01,양식,음식점 중 '양식'을 판매·제공하는 매장,train,양식,T1 정확표기,a3112771-e830-4718-ac09-bb6a3cd25feb,양식구옥,양식,연남동골목형상점가,골목형상점가,서울특별시,,,
526ba8523d9e541f4267,full_annotation_v1,A,q_양식_01,양식,음식점 중 '양식'을 판매·제공하는 매장,train,양식,T1 정확표기,2a86469c-91e9-438b-a05b-5b8fdefbb8e5,오운,양식,앞산맛둘레길 골목형상점가,골목형상점가,대구광역시,,,
c7888f46623c18669659,full_annotation_v1,A,q_양식_01,양식,음식점 중 '양식'을 판매·제공하는 매장,train,양식,T1 정확표기,1fadf415-8abe-4488-94d8-4bb0370eb682,청도상회,생선,부전상가시장,전통시장,부산광역시,,,
87d09e66b2e068a8edfa,full_annotation_v1,A,q_양식_01,양식,음식점 중 '양식'을 판매·제공하는 매장,train,양식,T1 정확표기,f8ac88b6-a505-4d41-8051-c5813f84c129,포인트,생활용품,영주문화시장,전통시장,경상북도,,,
1c9e3c8e1aae234deb8f,full_annotation_v1,A,q_양식_01,양식,음식점 중 '양식'을 판매·제공하는 매장,train,양식,T1 정확표기,43995ce9-7332-4f7a-bb94-fe1b7ffe5837,쿠켄,양식,원도심 상권활성화구역,상권활성화구역,대전광역시,,,
875c7695258c458b17ba,full_annotation_v1,A,q_양식_01,양식,음식점 중 '양식'을 판매·제공하는 매장,train,양식,T1 정확표기,a9edba4f-fab6-4024-8b0c-e90941c36b77,호랑이,양식,둔산2동 골목형상점가,골목형상점가,대전광역시,,,
87ce3a728514017b4cd3,full_annotation_v1,A,q_양식_01,양식,음식점 중 '양식'을 판매·제공하는 매장,train,양식,T1 정확표기,2d6fddd9-96a7-4cdd-9682-be71d156f70f,루치아,양식,월산구성로 골목형상점가,골목형상점가,광주광역시,,,
67f37e7c0c001584ffc6,full_annotation_v1,A,q_양식_01,양식,음식점 중 '양식'을 판매·제공하는 매장,train,양식,T1 정확표기,0bc8ebe3-32d5-45ff-9214-8cb4d62c5780,카츠현 다사점,돈가스,(유)다사소상공인연합,골목형상점가,대구광역시,,,
1ad1843d33ab37a42ff2,full_annotation_v1,A,q_양식_01,양식,음식점 중 '양식'을 판매·제공하는 매장,train,양식,T1 정확표기,039d7f3d-7fb9-47ea-944e-8ba3d2dcfbe7,삼익가스,가스,마산어시장,전통시장,경상남도,,,
c5ba92f6d2b21f11958d,full_annotation_v1,A,q_양식_01,양식,음식점 중 '양식'을 판매·제공하는 매장,train,양식,T1 정확표기,0372d0ce-e9ee-4bb2-94c9-9ec16804cb1f,카페유,"커피, 케이크, 브런치",풍2동 골목형상점가,골목형상점가,경기도,,,
7131460265177bad25d2,full_annotation_v1,A,q_양식_01,양식,음식점 중 '양식'을 판매·제공하는 매장,train,양식,T1 정확표기,0f42c8f0-d9b9-4c44-bdcb-48b5b3ce5b93,디엘리키친,양식,신정평화시장,전통시장,울산광역시,,,
98c4dfbe8127655de3cd,full_annotation_v1,A,q_양식_01,양식,음식점 중 '양식'을 판매·제공하는 매장,train,양식,T1 정확표기,c2a3dc29-b075-46e1-b555-18adbe6e4f82,호갱,양식,왕십리도선동상점가,자율상권구역,서울특별시,,,
ed21c60802c60cd83df7,full_annotation_v1,A,q_양식_01,양식,음식점 중 '양식'을 판매·제공하는 매장,train,양식,T1 정확표기,0717f691-e554-481a-8610-a73c3c0b4e09,동명카츠,양식,우치로효동공원 골목형상점가,골목형상점가,광주광역시,,,
722ac0fcc04ae82b16af,full_annotation_v1,A,q_양식_01,양식,음식점 중 '양식'을 판매·제공하는 매장,train,양식,T1 정확표기,22952dea-1394-47da-9732-320c8f25b589,폼탄,양식,광교매탄 골목형상점가,골목형상점가,경기도,,,
c8b3532088ab7d4307e8,full_annotation_v1,A,q_양식_01,양식,음식점 중 '양식'을 판매·제공하는 매장,train,양식,T1 정확표기,b65f21d9-f5e7-4817-bd1a-8bc2adfc7af0,메가엠지씨커피울산명촌점,커피,명촌 골목형상점가,골목형상점가,울산광역시,,,
f7702eb127fba20fc689,full_annotation_v1,A,q_양식_01,양식,음식점 중 '양식'을 판매·제공하는 매장,train,양식,T1 정확표기,21217b65-8bae-4ebf-beb4-b5d808b21c5b,달정원,양식,예술의거리 골목형상점가,골목형상점가,광주광역시,,,
3ad8c66d21f1eb11cc3c,full_annotation_v1,A,q_양식_01,양식,음식점 중 '양식'을 판매·제공하는 매장,train,양식,T1 정확표기,3659c359-419d-4e82-bf7c-81ac823c2571,파리바게뜨,양식,금암동 골목형상점가,골목형상점가,충청남도,,,
a4603c696c910d763de3,full_annotation_v1,A,q_양식_01,양식,음식점 중 '양식'을 판매·제공하는 매장,train,양식,T1 정확표기,144a0550-0797-4278-98df-2a82152951dd,더랜치,스테이크 수제가스 스파게티 덮밥 커피,송내역 3번출구 골목형상점가,골목형상점가,경기도,,,
6878e7a324593bb87754,full_annotation_v1,A,q_양식_01,양식,음식점 중 '양식'을 판매·제공하는 매장,train,양식,T1 정확표기,f467781f-2d9f-4dda-a7d0-fe5cf9172712,늘봄,도시락,명촌효성해링턴상가 골목형상점가,골목형상점가,울산광역시,,,
cee64fd385d793a1d5a7,full_annotation_v1,A,q_양식_01,양식,음식점 중 '양식'을 판매·제공하는 매장,train,양식,T1 정확표기,fb7b55c3-662f-4379-bf3b-b712923a64b6,우정식육식품,정육점,남해전통시장,전통시장,경상남도,,,
812ce84784fc5873f3d2,full_annotation_v1,A,q_양식_01,양식,음식점 중 '양식'을 판매·제공하는 매장,train,양식,T1 정확표기,50f8f654-9194-418d-9b84-44be5472b7c1,올올,양식,전주동문상점가,자율상권구역,전북특별자치도,,,
a759eff6688994b4b75d,full_annotation_v1,A,q_양식_01,양식,음식점 중 '양식'을 판매·제공하는 매장,train,양식,T1 정확표기,1715988f-23e1-4d8e-a2d3-4dee0cb78954,칼질,양식,문화의거리 상점가,자율상권구역,울산광역시,,,
b0fbdff5b1c4f26da67a,full_annotation_v1,A,q_양식_01,양식,음식점 중 '양식'을 판매·제공하는 매장,train,양식,T1 정확표기,c85013b5-1255-4b0e-abd7-58e8db3225f5,파스타이오,양식,더센트럴 골목형상점가,골목형상점가,세종특별자치시,,,
52bbd4c251dc14bab763,full_annotation_v1,A,q_양식_01,양식,음식점 중 '양식'을 판매·제공하는 매장,train,양식,T1 정확표기,90e6da01-2be5-45f9-9135-f8ba82b72dd3,조스테이크,양식,소담마실길 골목형상점가,골목형상점가,세종특별자치시,,,
91f40c61013171d91360,full_annotation_v1,A,q_양식_01,양식,음식점 중 '양식'을 판매·제공하는 매장,train,양식,T1 정확표기,02d49b6b-4c61-4aef-a15f-338ca1a59f59,레레하우스,파스타 피자 스테이크,첨단지구 골목형상점가,골목형상점가,광주광역시,,,
4d832fbcedcfaf6f0a9a,full_annotation_v1,A,q_양식_01,양식,음식점 중 '양식'을 판매·제공하는 매장,train,양식,T1 정확표기,c061868b-7ce8-40a8-a27f-e8d5eb03d125,포레스트,양식,삼익사거리 골목형상점가,골목형상점가,광주광역시,,,
1e72e8b55c982418826f,full_annotation_v1,A,q_양식_01,양식,음식점 중 '양식'을 판매·제공하는 매장,train,양식,T1 정확표기,26fce3b4-de6a-4401-8674-ba2634f5263c,불독스테이크,양식,송탄시장(송북시장),전통시장,경기도,,,
1d280712f270bb70c60f,full_annotation_v1,A,q_양식_01,양식,음식점 중 '양식'을 판매·제공하는 매장,train,양식,T1 정확표기,bfa130cb-eaf0-4080-b11f-f6d177f7dc92,170에프앤비,양식,성복 온누리 골목형상점가,골목형상점가,경기도,,,
5448ac2f22ed516bef49,full_annotation_v1,A,q_양식_01,양식,음식점 중 '양식'을 판매·제공하는 매장,train,양식,T1 정확표기,8956eb3d-269e-49da-b0b0-4ea25f102a6d,한스델리,양식,경주중심상가,전통시장,경상북도,,,
e851eb9aeb0759cb9444,full_annotation_v1,A,q_양식_01,양식,음식점 중 '양식'을 판매·제공하는 매장,train,양식,T1 정확표기,837ebe69-5f97-4adb-a101-7dc965441a1d,스파게티스토리,양식,신내구길 골목형상점가,골목형상점가,서울특별시,,,
f5a5c63b2836b5f92f01,full_annotation_v1,A,q_양식_01,양식,음식점 중 '양식'을 판매·제공하는 매장,train,양식,T1 정확표기,fa0d0df3-769d-4334-b9d4-9eaba4bea44a,달보드레,양식,산본로데오거리(구 산본중심상가),자율상권구역,경기도,,,
fd999e3270decd919f8d,full_annotation_v1,A,q_양식_01,양식,음식점 중 '양식'을 판매·제공하는 매장,train,양식,T1 정확표기,5d391609-ba9b-4610-bb82-b0f159425cb2,오퍼스,양식,산본로데오거리(구 산본중심상가),자율상권구역,경기도,,,
08c66ecbec190a0bec11,full_annotation_v1,A,q_양식_01,양식,음식점 중 '양식'을 판매·제공하는 매장,train,양식,T1 정확표기,0f10060e-20fc-4c00-a8dd-5827ce984528,러브런치(LuvLunch),브런치 카페,거제 상동 골목형상점가,골목형상점가,경상남도,,,
b0ba13183e72a5d93e5b,full_annotation_v1,A,q_양식_01,양식,음식점 중 '양식'을 판매·제공하는 매장,train,양식,T1 정확표기,c0f9fc48-2937-411f-9e7b-a4dc0fabd474,나흐영,양식,전남여고후문 골목형상점가,골목형상점가,광주광역시,,,
20a68dbd38c03ef39469,full_annotation_v1,A,q_양식_01,양식,음식점 중 '양식'을 판매·제공하는 매장,train,양식,T1 정확표기,03dfb6bf-10a3-4547-b5e8-ce2fd44c3133,다린,양식,단국대 앞 골목형상점가,골목형상점가,경기도,,,
ff2a97540fc4a0668ff6,full_annotation_v1,A,q_양식_01,양식,음식점 중 '양식'을 판매·제공하는 매장,train,양식,T1 정확표기,8350028c-5afe-4865-9e43-54fc3c2bb971,보헤미안,양식,둔전골목형상점가,골목형상점가,경기도,,,
ee4a3cbfb94f46d02ba2,full_annotation_v1,A,q_양식_01,양식,음식점 중 '양식'을 판매·제공하는 매장,train,양식,T1 정확표기,60247551-9d07-4594-bc64-4d4d73e599d4,웬즈데이,양식,매드블럭 골목형상점가,골목형상점가,대전광역시,,,
821bd4add95dbefbb560,full_annotation_v1,A,q_양식_01,양식,음식점 중 '양식'을 판매·제공하는 매장,train,양식,T1 정확표기,bafb00e7-ca79-4db6-8b40-92c10ce92be4,비스트로,양식,효자시장,전통시장,경상북도,,,
7858ca9bf75c06a35e96,full_annotation_v1,A,q_양식_01,양식,음식점 중 '양식'을 판매·제공하는 매장,train,양식,T1 정확표기,b3549e96-fa77-43d3-98ab-641c629b817e,우리농산물,농산물,황지자유시장,전통시장,강원특별자치도,,,
460b61c23f74cba2e4bb,full_annotation_v1,A,q_양식_01,양식,음식점 중 '양식'을 판매·제공하는 매장,train,양식,T1 정확표기,20c986ed-0cac-4039-83bc-95b0829edd20,또봉이통닭전주풍남점,양식,전주풍남문상점가,자율상권구역,전북특별자치도,,,
d7ac89fc52d8ca5273ec,full_annotation_v1,A,q_양식_01,양식,음식점 중 '양식'을 판매·제공하는 매장,train,양식,T1 정확표기,8424e60e-c369-4c6d-9599-ecb41a144580,우스타,양식,제천중앙시장,전통시장,충청북도,,,
cf5af85d53240119d9f2,full_annotation_v1,A,q_양식_01,양식,음식점 중 '양식'을 판매·제공하는 매장,train,양식,T1 정확표기,bee79f69-ed6b-4e23-9165-dca082834dd2,스페이스,양식,다정한 골목형상점가,골목형상점가,세종특별자치시,,,
dfe6069834b96e9f2169,full_annotation_v1,A,q_양식_01,양식,음식점 중 '양식'을 판매·제공하는 매장,train,양식,T1 정확표기,1b8ae61e-1dcf-4429-9b79-22073291c14f,유성닭발태평점,닭발 치킨,유천버드내 골목형상점가,골목형상점가,대전광역시,,,
04c369b3491c6173043f,full_annotation_v1,A,q_양식_01,양식,음식점 중 '양식'을 판매·제공하는 매장,train,양식,T1 정확표기,bf83a693-8151-43d4-8d9f-97dd84776287,카페올리,양식,신월4동먹자골목골목형상점가,골목형상점가,서울특별시,,,
860ec39fdcf782239a6b,full_annotation_v1,A,q_양식_01,양식,음식점 중 '양식'을 판매·제공하는 매장,train,양식,T1 정확표기,7e9f3edd-1024-4000-aee4-ba1f902bb696,카밀드,양식,경의숲길서강 골목형상점가,골목형상점가,서울특별시,,,
a2ed816152d5f8f1a760,full_annotation_v1,A,q_양식_01,양식,음식점 중 '양식'을 판매·제공하는 매장,train,양식,T1 정확표기,83fb228b-5fc5-4b74-a430-d08aee12b124,첸뜨로,양식,포항 대이상가 골목형상점가,골목형상점가,경상북도,,,
34509330408102611e1f,full_annotation_v1,A,q_양식_01,양식,음식점 중 '양식'을 판매·제공하는 매장,train,양식,T1 정확표기,02fa5d6f-5100-4cd5-8a9f-184877f99878,덕수파스타 원주 일산점,,중앙로골목형상점가,골목형상점가,강원특별자치도,,,
a39451887f1bd8b2eb22,full_annotation_v1,A,q_양식_01,양식,음식점 중 '양식'을 판매·제공하는 매장,train,양식,T1 정확표기,086df100-d4f3-4139-b443-64b0526aa4bd,셰프의돈까스,양식,사근살곶이골목형상점가,골목형상점가,서울특별시,,,
8b23065d6615eed9f426,full_annotation_v1,A,q_양식_01,양식,음식점 중 '양식'을 판매·제공하는 매장,train,양식,T1 정확표기,f53a6349-8287-4bba-936f-3aa55145b25c,플렌터,양식,광안리SUP샤카,골목형상점가,부산광역시,,,
f07591b736ecbe02041c,full_annotation_v1,A,q_양식_01,양식,음식점 중 '양식'을 판매·제공하는 매장,train,양식,T1 정확표기,07b03100-2ea1-4265-8dcc-98ff1c2fb4fe,한상,양식,동부시장 백구단길 골목형상점가,골목형상점가,서울특별시,,,
1cfd0575e7e2ea976c77,full_annotation_v1,A,q_양식_01,양식,음식점 중 '양식'을 판매·제공하는 매장,train,양식,T1 정확표기,448f3cbe-afb6-4149-9c5a-a2747f8bbb11,술통,양식,풍암호수앞상인회 골목형상점가,골목형상점가,광주광역시,,,
216be2306c418e5ab312,full_annotation_v1,A,q_양식_01,양식,음식점 중 '양식'을 판매·제공하는 매장,train,양식,T1 정확표기,02856ff7-1641-4452-a569-43d6e3035f94,곤스파스타,양식,줄포상설시장,전통시장,전북특별자치도,,,
4ee381232a3b4d38632b,full_annotation_v1,A,q_양식_01,양식,음식점 중 '양식'을 판매·제공하는 매장,train,양식,T1 정확표기,d612de20-9875-4317-89e5-e7616489932a,밀플랜비,양식,숭실마루길골목형상점가,골목형상점가,서울특별시,,,
70bfb4f9b67667ec03ef,full_annotation_v1,A,q_양식_01,양식,음식점 중 '양식'을 판매·제공하는 매장,train,양식,T1 정확표기,00a22095-ea5b-4ad7-802b-4b59961b9c33,한양 고잔점,한식 양식,고잔뜰 상점가,자율상권구역,경기도,,,
803d95f55f7a92e0e813,full_annotation_v1,A,q_양식_01,양식,음식점 중 '양식'을 판매·제공하는 매장,train,양식,T1 정확표기,a381bb57-177d-48a9-8bc7-2b62e5620692,이태리식탁,양식,통영 죽림상점가,자율상권구역,경상남도,,,
f59ff038561a708f54e4,full_annotation_v1,A,q_양식_01,양식,음식점 중 '양식'을 판매·제공하는 매장,train,양식,T1 정확표기,03f37d02-1eb9-4f82-ab05-be726fa24a36,우주파스타,,수정로 상권활성화구역,상권활성화구역,경기도,,,
f8547ba4a0d9b1a7cd80,full_annotation_v1,A,q_양식_01,양식,음식점 중 '양식'을 판매·제공하는 매장,train,양식,T1 정확표기,b0286330-bad5-4f90-8e33-8434c071f6ea,마피아,양식,상무오월로상인회 골목형상점가,골목형상점가,광주광역시,,,
db9f5a0a2323748fbae6,full_annotation_v1,A,q_양식_01,양식,음식점 중 '양식'을 판매·제공하는 매장,train,양식,T1 정확표기,516cd919-1927-4307-9308-954d03638d7d,디망쉬,양식,관저동 먹자골목 골목형상점가,골목형상점가,대전광역시,,,
75eee620fd83b9227035,full_annotation_v1,A,q_양식_01,양식,음식점 중 '양식'을 판매·제공하는 매장,train,양식,T1 정확표기,c51571e9-735a-4c9d-9af4-16352720485d,블리스비어312,양식,경찰청골목형상점가,골목형상점가,서울특별시,,,
52f331ac828d35d960b7,full_annotation_v1,A,q_양식_01,양식,음식점 중 '양식'을 판매·제공하는 매장,train,양식,T1 정확표기,b9984345-01d3-43c0-b007-e8e60430f057,롤앤폭,양식,도봉산옛길골목형상점가,골목형상점가,서울특별시,,,
977ca0577270855fc5e0,full_annotation_v1,A,q_양식_01,양식,음식점 중 '양식'을 판매·제공하는 매장,train,양식,T1 정확표기,ebbc9045-b896-44ec-a38a-2faeab685f07,와바,양식,소나무 골목형상점가,골목형상점가,전북특별자치도,,,
d495760631da379aa8fa,full_annotation_v1,A,q_양식_01,양식,음식점 중 '양식'을 판매·제공하는 매장,train,양식,T1 정확표기,16bb30b8-675b-4cc0-ba92-c2e124a0d1f1,투움바,양식,영선신시장,전통시장,대구광역시,,,
ae116ef5de152af71234,full_annotation_v1,A,q_양식_01,양식,음식점 중 '양식'을 판매·제공하는 매장,train,양식,T1 정확표기,04120e1e-e969-4e43-9b25-4a0baacfae9f,소아브,"카페, 디저트, 브런치",유성도안 골목형상점가,골목형상점가,대전광역시,,,
3360aa35bbad7daaad46,full_annotation_v1,A,q_양식_01,양식,음식점 중 '양식'을 판매·제공하는 매장,train,양식,T1 정확표기,5a95c63f-e7e4-48b6-b66d-ad7b5e09708e,썰그레고리스스트룹와플,양식,삼청정독길골목형상점가,골목형상점가,서울특별시,,,
7ac2700e9f2f266dc6e6,full_annotation_v1,A,q_양식_01,양식,음식점 중 '양식'을 판매·제공하는 매장,train,양식,T1 정확표기,17362d9b-78e2-4598-adf2-9e505893b8e4,스테이크펍,양식,수완중흥대방 골목형상점가,골목형상점가,광주광역시,,,
dca5c10e1dbb5ba21d3e,full_annotation_v1,A,q_양식_01,양식,음식점 중 '양식'을 판매·제공하는 매장,train,양식,T1 정확표기,0c4a74db-4ddc-4eb2-8344-07bd2bbdf3e0,파슷타애요,파스타 샐러드 스테이크 필라프,상무쌍촌역상인회 골목형상점가,골목형상점가,광주광역시,,,
0b862f03ca1a88e0f85e,full_annotation_v1,A,q_양식_01,양식,음식점 중 '양식'을 판매·제공하는 매장,train,양식,T1 정확표기,89ef6292-b051-4bb1-9304-ca1a1f306bdf,오르,양식,정읍중앙로상점가,자율상권구역,전북특별자치도,,,
fe63f3821f78b7edbc27,full_annotation_v1,A,q_양식_01,양식,음식점 중 '양식'을 판매·제공하는 매장,train,양식,T1 정확표기,6a658c59-2393-4fc7-93dc-f61fc2f88301,양식당,양식,전주풍남문상점가,자율상권구역,전북특별자치도,,,
0f58c9e849403f53441c,full_annotation_v1,A,q_양식_01,양식,음식점 중 '양식'을 판매·제공하는 매장,train,양식,T1 정확표기,f6b0d774-44d5-462b-9359-acf6609709b7,배스킨라빈스울산명촌점,아이스크림,명촌 골목형상점가,골목형상점가,울산광역시,,,
de88f08f14cdd4b06a30,full_annotation_v1,A,q_양식_01,양식,음식점 중 '양식'을 판매·제공하는 매장,train,양식,T1 정확표기,05d61440-52ed-4925-8a55-e9a57b7ab3c8,오유,양식,전주한옥마을 골목형상점가,골목형상점가,전북특별자치도,,,
13ed07a69f34f63cb9e7,full_annotation_v1,A,q_양식_01,양식,음식점 중 '양식'을 판매·제공하는 매장,train,양식,T1 정확표기,5e5e627c-b33b-4550-a2b9-2b2b8b131780,아마르,양식,장승배기먹거리골목형상점가,골목형상점가,서울특별시,,,
e4a3f8b8b6fce8e14ca1,full_annotation_v1,A,q_양식_01,양식,음식점 중 '양식'을 판매·제공하는 매장,train,양식,T1 정확표기,6e8664b2-a942-48b1-9da5-6c92f6963b94,카페애테,양식,수원남문로데오시장,전통시장,경기도,,,
d6a47efdb0b4479d8eb6,full_annotation_v1,A,q_양식_01,양식,음식점 중 '양식'을 판매·제공하는 매장,train,양식,T1 정확표기,60507912-361b-498b-8ef1-3bd1d7a4f30c,카페아리아,양식,하가지구 골목형상점가,골목형상점가,전북특별자치도,,,
5f452f3cd89b8f24cb4c,full_annotation_v1,A,q_양식_01,양식,음식점 중 '양식'을 판매·제공하는 매장,train,양식,T1 정확표기,065b7b13-3b93-45e7-b5c0-3f58a16a5304,카츠림,돈가스,청계면 목대후문 골목형상점가,골목형상점가,전라남도,,,
9458c2cea8fd01bcab36,full_annotation_v1,A,q_양식_01,양식,음식점 중 '양식'을 판매·제공하는 매장,train,양식,T1 정확표기,00fce4dc-3cbf-40a2-adb5-ba642f20b9e2,제이스쿠진,서양식,갈매리본거리 골목형상점가,골목형상점가,경기도,,,
24f789c343b548780a7f,full_annotation_v1,A,q_양식_01,양식,음식점 중 '양식'을 판매·제공하는 매장,train,양식,T1 정확표기,5a05932a-8ab4-4479-a5d6-63c0676d3538,포코,양식,경의숲길서강 골목형상점가,골목형상점가,서울특별시,,,
8a83bc85bf50bdbceda4,full_annotation_v1,A,q_양식_01,양식,음식점 중 '양식'을 판매·제공하는 매장,train,양식,T1 정확표기,728b4683-e00c-4fae-8853-edc2a3e85648,극동아동화,"신발, 의복 및 잡화",부산자유시장,전통시장,부산광역시,,,
322c5df1d548783545e8,full_annotation_v1,A,q_양식_01,양식,음식점 중 '양식'을 판매·제공하는 매장,train,양식,T1 정확표기,ee161858-a231-4412-bd34-0783a3077292,웰던,양식,대야 골목형상점가,골목형상점가,전북특별자치도,,,
5e7fcbd25db412553eab,full_annotation_v1,A,q_양식_01,양식,음식점 중 '양식'을 판매·제공하는 매장,train,양식,T1 정확표기,002d0d06-15b2-463e-b789-b0232bcc6681,뚜레주르버들마을점,제과,버들마을상인회 골목형상점가,골목형상점가,광주광역시,,,
ee18cf525936a3bda024,full_annotation_v1,A,q_양식_01,양식,음식점 중 '양식'을 판매·제공하는 매장,train,양식,T1 정확표기,00e80339-1353-4885-81d7-0746a437abb2,포식 용인한숲시티점,쌀국수 돈까스 함박스테이크,남사한숲 골목형상점가,골목형상점가,경기도,,,
4bb8d229ddaf8dd0fbc9,full_annotation_v1,A,q_양식_01,양식,음식점 중 '양식'을 판매·제공하는 매장,train,양식,T1 정확표기,b6753c74-9f2c-4828-9f31-568f8111528f,뷸정넌퍼수터,양식,하남 골목형상점가,골목형상점가,광주광역시,,,
0d7e38d60656f25c7895,full_annotation_v1,A,q_양식_01,양식,음식점 중 '양식'을 판매·제공하는 매장,train,양식,T1 정확표기,12f53de5-3873-49f3-b78f-1102f165ffc9,피제리아다문,양식,BOCA 보카상점가,골목형상점가,경기도,,,
ee1259f55ba96dfad48c,full_annotation_v1,A,q_양식_01,양식,음식점 중 '양식'을 판매·제공하는 매장,train,양식,T1 정확표기,4d5ec357-6605-4a75-88c2-1b982b9e533a,어질현,양식,전남여고후문 골목형상점가,골목형상점가,광주광역시,,,
e960d7ddbffe7f00d069,full_annotation_v1,A,q_양식_01,양식,음식점 중 '양식'을 판매·제공하는 매장,train,양식,T1 정확표기,0179b161-8fee-4cca-8e8c-d26386ce95ea,풍경,양식,두암3동 먹자골목 골목형상점가,골목형상점가,광주광역시,,,
2a9bb08fef9d96cef7cb,full_annotation_v1,A,q_양식_01,양식,음식점 중 '양식'을 판매·제공하는 매장,train,양식,T1 정확표기,012a896d-ccbb-4333-9e6f-81aa9b7e5f3f,레코드피자,양식,녹두 골목형상점가,골목형상점가,서울특별시,,,
cbe774d18276fc181404,full_annotation_v1,A,q_양식_01,양식,음식점 중 '양식'을 판매·제공하는 매장,train,양식,T1 정확표기,0061123f-a676-4556-9633-5fbc4ecaf6ef,치즈케익카스테라카페,제과,북가좌동 골목형상점가,골목형상점가,서울특별시,,,
4d75a5f1583726fb241b,full_annotation_v1,A,q_양식_01,양식,음식점 중 '양식'을 판매·제공하는 매장,train,양식,T1 정확표기,e25080dc-7094-436d-96d8-fcf35394abfc,헤이이태리,양식,노량진만나로골목형상점가,골목형상점가,서울특별시,,,
11e07429711cf404d480,full_annotation_v1,A,q_양식_01,양식,음식점 중 '양식'을 판매·제공하는 매장,train,양식,T1 정확표기,a94d20e0-b85e-45cf-901a-d653520fa06a,당신,양식,외대글로벌길 골목형상점가,골목형상점가,경기도,,,
c5f09bbf7dfd6517f849,full_annotation_v1,A,q_양식_01,양식,음식점 중 '양식'을 판매·제공하는 매장,train,양식,T1 정확표기,f9b47d97-ef29-4679-ba02-0eb53fd4b2c0,마르디,양식,원신흥어울림길 골목형상점가,골목형상점가,대전광역시,,,
a21416d89d23319576c6,full_annotation_v1,A,q_양식_01,양식,음식점 중 '양식'을 판매·제공하는 매장,train,양식,T1 정확표기,001bc028-a43e-44d4-9682-db280a4998cc,파리바게뜨전주근영점,제과점,근영누리 골목형상점가,골목형상점가,전북특별자치도,,,
eb12a6192eece5d52c6d,full_annotation_v1,A,q_양식_01,양식,음식점 중 '양식'을 판매·제공하는 매장,train,양식,T1 정확표기,d970f121-5ed0-4f0f-98a5-0531893326a4,사생활,양식,오류버들시장골목형상점가,골목형상점가,서울특별시,,,
f4ee452f3756fe082101,full_annotation_v1,A,q_양식_01,양식,음식점 중 '양식'을 판매·제공하는 매장,train,양식,T1 정확표기,dd7fdec8-a3aa-4350-9c67-2f8e42272a7b,어린왕자,양식,감천문화마을 골목형상점가,골목형상점가,부산광역시,,,
18cf22d0d15d4790e291,full_annotation_v1,A,q_양식_01,양식,음식점 중 '양식'을 판매·제공하는 매장,train,양식,T1 정확표기,ab1bde2a-bda0-4c94-8747-5a42a1e05682,모티프,양식,어은누리 골목형상점가,골목형상점가,대전광역시,,,
e4c19546d6c85a4b50d8,full_annotation_v1,A,q_양식_01,양식,음식점 중 '양식'을 판매·제공하는 매장,train,양식,T1 정확표기,0a5af1f3-8437-4347-a579-f33d73fe5463,로스빌리지,커피 및 디저트 브런치,의정부시 구도심 상권활성화구역,상권활성화구역,경기도,,,
27441a0e30d793fd8564,full_annotation_v1,A,q_양식_01,양식,음식점 중 '양식'을 판매·제공하는 매장,train,양식,T1 정확표기,78444c0f-2e9d-40a5-9b36-70f2b2146e36,블루문,양식,BOCA 보카상점가,골목형상점가,경기도,,,
5f5062a4628ecba37501,full_annotation_v1,A,q_양식_01,양식,음식점 중 '양식'을 판매·제공하는 매장,train,양식,T1 정확표기,36d3f4ff-bebc-4967-b2bd-33666f25c7cf,파스타잇,양식,쌍리단길상점가,자율상권구역,서울특별시,,,
7e11bb68e6dc326b33af,full_annotation_v1,A,q_양식_01,양식,음식점 중 '양식'을 판매·제공하는 매장,train,양식,T1 정확표기,01099186-2ca7-4ca1-b535-39cf1ff0c4d8,섬bar,서양식,뚝도시장,전통시장,서울특별시,,,
b088071927daf15ec976,full_annotation_v1,A,q_양식_01,양식,음식점 중 '양식'을 판매·제공하는 매장,train,양식,T1 정확표기,a2ccb5ad-256f-4634-bdf9-d0bff93c8655,삼합애진심,양식,정남진장흥토요시장,전통시장,전라남도,,,
713d61abca5f1cebd90c,full_annotation_v1,A,q_양식_01,양식,음식점 중 '양식'을 판매·제공하는 매장,train,양식,T1 정확표기,2b00dd11-6eb1-41de-a254-11c7d9ba29b7,국제양식,양식,합정동먹자골목골목형상점가,골목형상점가,서울특별시,,,
3bcee26523fd105aea7b,full_annotation_v1,A,q_양식_01,양식,음식점 중 '양식'을 판매·제공하는 매장,train,양식,T1 정확표기,3d3efdca-a44e-40c8-ad1a-ee8722a58875,아우룸,양식,화정한울타리상인회 골목형상점가,골목형상점가,광주광역시,,,
a26c5dfbef0c6ecf8f36,full_annotation_v1,A,q_양식_01,양식,음식점 중 '양식'을 판매·제공하는 매장,train,양식,T1 정확표기,d92aa413-7c12-417f-b85b-f5581f95d441,블루문레스토랑,양식,백년소상공인,기타,대구광역시,,,
f3562cdeaba8d4fa5a94,full_annotation_v1,A,q_양식_01,양식,음식점 중 '양식'을 판매·제공하는 매장,train,양식,T1 정확표기,469b7203-1216-4cae-8660-f9e72284ba22,노윤,양식,북촌계동길골목형상점가,골목형상점가,서울특별시,,,
8d6f258203222699e53c,full_annotation_v1,A,q_양식_01,양식,음식점 중 '양식'을 판매·제공하는 매장,train,양식,T1 정확표기,6b9ada8d-8749-4336-a744-68e8f5ffae0a,통닭과시간의영,치킨,서림행복가득한골목형상점가,골목형상점가,서울특별시,,,
17e63bcc764621763351,full_annotation_v1,A,q_양식_01,양식,음식점 중 '양식'을 판매·제공하는 매장,train,양식,T1 정확표기,b74bd953-8e5c-4ce3-9c4e-bbec07a5de31,빈체로,양식,과천중앙동상점가,자율상권구역,경기도,,,
257c2585d6b340aaf60c,full_annotation_v1,A,q_양식_01,양식,음식점 중 '양식'을 판매·제공하는 매장,train,양식,T1 정확표기,a2a7333d-e648-42b4-adcc-1bc4129f1c6a,숙수,양식,"금남로1,2,3가 골목형상점가",골목형상점가,광주광역시,,,
0697f624805e330c38f7,full_annotation_v1,A,q_양식_01,양식,음식점 중 '양식'을 판매·제공하는 매장,train,양식,T1 정확표기,f8509129-5b61-453f-a949-f665e5338da8,미르레스토랑,양식,엄사 골목형상점가,골목형상점가,충청남도,,,
9433bf588e94c523dbd8,full_annotation_v1,A,q_양식_01,양식,음식점 중 '양식'을 판매·제공하는 매장,train,양식,T1 정확표기,52e533b2-6b67-45dc-b168-a7c9df231459,메르카토,양식,신응암시장,전통시장,서울특별시,,,
92cf0a6ec5c4444537c9,full_annotation_v1,A,q_양식_01,양식,음식점 중 '양식'을 판매·제공하는 매장,train,양식,T1 정확표기,c5d5e4a5-631b-487d-a700-adb559264536,진성물산,"수산물, 생선도소매",부산자갈밭시장,전통시장,부산광역시,,,
0b9e581b48a34fd9025d,full_annotation_v1,A,q_양식_01,양식,음식점 중 '양식'을 판매·제공하는 매장,train,양식,T1 정확표기,0c7dce91-0eaf-46fe-9c72-5c07d0b3945e,네모에이드,"브런치, 공방",댕리단길 골목형상점가,골목형상점가,경기도,,,
a1d87999849c9ba9160e,full_annotation_v1,A,q_양식_01,양식,음식점 중 '양식'을 판매·제공하는 매장,train,양식,T1 정확표기,1bad4788-d0b8-4cc0-90b3-bf405550f2c6,아쥬떼,양식,산본로데오거리(구 산본중심상가),자율상권구역,경기도,,,
ec5d80b6cc80336c35e6,full_annotation_v1,A,q_양식_01,양식,음식점 중 '양식'을 판매·제공하는 매장,train,양식,T1 정확표기,e3afe63c-1be9-4352-bebd-1cba030ddc08,유럽식당,양식,수완머그로 골목형상점가,골목형상점가,광주광역시,,,
d25e1723515d9a59753c,full_annotation_v1,A,q_양식_01,양식,음식점 중 '양식'을 판매·제공하는 매장,train,양식,T1 정확표기,c7c3d244-dd8e-41a0-94c8-349bcaacf534,홍대돈가스,양식,로마네시티 골목형상점가,골목형상점가,전북특별자치도,,,
c6d92e708256ce8fa582,full_annotation_v1,A,q_양식_01,양식,음식점 중 '양식'을 판매·제공하는 매장,train,양식,T1 정확표기,b9c1e085-469c-4b07-9574-53486198d22e,스파게티샵(#),양식,보정중심 골목형상점가,골목형상점가,경기도,,,
f74f422381a19dde7c83,full_annotation_v1,A,q_양식_01,양식,음식점 중 '양식'을 판매·제공하는 매장,train,양식,T1 정확표기,01ae42ea-516f-48b6-b198-376d1a40e55a,돈미정,돈가스,청주북부시장,전통시장,충청북도,,,
6e3f397367290a7e4ef5,full_annotation_v1,A,q_양식_01,양식,음식점 중 '양식'을 판매·제공하는 매장,train,양식,T1 정확표기,7c426142-7f21-450a-a96f-05dbceec2293,쥬벤쿠바,양식,샤로수길골목형상점가,골목형상점가,서울특별시,,,
0e25f95772d9d7bd302f,full_annotation_v1,A,q_양식_01,양식,음식점 중 '양식'을 판매·제공하는 매장,train,양식,T1 정확표기,062b7cb0-525c-4b41-9dd3-961539a6da81,카츠앤맘,"일식, 돈가스",전남대 상대 골목형상점가,골목형상점가,광주광역시,,,
9455e4a3964d46b0f043,full_annotation_v1,A,q_양식_01,양식,음식점 중 '양식'을 판매·제공하는 매장,train,양식,T1 정확표기,9fbb5e5b-14d6-41e9-b0bb-99b132911bb8,용빠주방,양식,장대 골목형상점가,골목형상점가,대전광역시,,,
dbc652efeb0b3c8e20fc,full_annotation_v1,A,q_양식_01,양식,음식점 중 '양식'을 판매·제공하는 매장,train,양식,T1 정확표기,3780a0a1-a661-4d65-ab6b-0412fae1df5e,그라쏘,양식,동오마을골목형상점가,골목형상점가,경기도,,,
97f245d2290c0e5cae3a,full_annotation_v1,A,q_양식_01,양식,음식점 중 '양식'을 판매·제공하는 매장,train,양식,T1 정확표기,a34ba568-e11c-4527-ab3a-396ec8f9ea61,스테이,양식,전남대후문골목형상점가,골목형상점가,광주광역시,,,
1ad9374ede9827b26e3f,full_annotation_v1,A,q_양식_01,양식,음식점 중 '양식'을 판매·제공하는 매장,train,양식,T1 정확표기,8b4639a9-349f-43eb-8bf3-7cfe744a3157,스파게티스토리,양식,반드레길골목형상점가,골목형상점가,서울특별시,,,
09feebb944f0976577cd,full_annotation_v1,A,q_양식_01,양식,음식점 중 '양식'을 판매·제공하는 매장,train,양식,T1 정확표기,239f4a3d-6642-4552-aa16-0a54122327bf,매버릭,양식,공릉철길골목형상점가,골목형상점가,서울특별시,,,
946074c45717c22027c1,full_annotation_v1,A,q_양식_01,양식,음식점 중 '양식'을 판매·제공하는 매장,train,양식,T1 정확표기,00362b85-cb9a-4318-9059-12f768d76197,파리바게뜨전주인후점,제과점,소나무 골목형상점가,골목형상점가,전북특별자치도,,,
59b04f0ff77a4f6bb416,full_annotation_v1,A,q_양식_01,양식,음식점 중 '양식'을 판매·제공하는 매장,train,양식,T1 정확표기,0ef964c8-07f3-4859-99f1-6cdae01a8fc4,더문,스테이크,운천호수공원상인회 골목형상점가,골목형상점가,광주광역시,,,
4b3256383dc56608fe11,full_annotation_v1,A,q_양식_01,양식,음식점 중 '양식'을 판매·제공하는 매장,train,양식,T1 정확표기,c2d99812-5265-49c5-8558-4765e8a6ba81,인자네,양식,경서골목형상점가,골목형상점가,인천광역시,,,
66a1f3055e8cc7f086ec,full_annotation_v1,A,q_양식_01,양식,음식점 중 '양식'을 판매·제공하는 매장,train,양식,T1 정확표기,653a0e92-dc7e-4ab6-825d-6592965fea6f,달팽이부엌,양식,BOCA 보카상점가,골목형상점가,경기도,,,
8ad57e5e0ce38e576e15,full_annotation_v1,A,q_양식_01,양식,음식점 중 '양식'을 판매·제공하는 매장,train,양식,T1 정확표기,00648f38-2954-48a3-b373-37745a65aaba,도쿄파스타 클럽,양식,잠원하길골목형상점가,골목형상점가,서울특별시,,,
0c865ed856815ad33a3e,full_annotation_v1,A,q_양식_01,양식,음식점 중 '양식'을 판매·제공하는 매장,train,양식,T1 정확표기,aca42f07-75bc-4dd0-9928-8a8f9b0b76b8,강봄,양식,서석초 인근 골목형상점가,골목형상점가,광주광역시,,,
5d229f512f555333d6cf,full_annotation_v1,A,q_양식_02,돈가스집,음식점 중 '양식'을 판매·제공하는 매장,train,양식,T2 동의어,00362b85-cb9a-4318-9059-12f768d76197,파리바게뜨전주인후점,제과점,소나무 골목형상점가,골목형상점가,전북특별자치도,,,
dc7b4946a8ddcc3d3899,full_annotation_v1,A,q_양식_02,돈가스집,음식점 중 '양식'을 판매·제공하는 매장,train,양식,T2 동의어,00a88093-8a14-41ad-8b1f-d35632be9f3b,한아름빵집,제과,신평골목시장,전통시장,부산광역시,,,
6ed0734218eb2b2b5052,full_annotation_v1,A,q_양식_02,돈가스집,음식점 중 '양식'을 판매·제공하는 매장,train,양식,T2 동의어,6def27d1-9bec-43da-bbf5-0798fc99c3a1,돈가스카페고매,한식,서문시장2지구 종합상가,전통시장,대구광역시,,,
7844cd8690383c1273d5,full_annotation_v1,A,q_양식_02,돈가스집,음식점 중 '양식'을 판매·제공하는 매장,train,양식,T2 동의어,35c98b46-f632-4763-b92d-23f9f216522c,세종엔돈가스 아름본점,돈가스,아름동상점가,자율상권구역,세종특별자치시,,,
83a2f92dd92ff277d3f8,full_annotation_v1,A,q_양식_02,돈가스집,음식점 중 '양식'을 판매·제공하는 매장,train,양식,T2 동의어,b1fbb3dd-28c7-40ee-a35f-e9a3eefbec70,가츠몽 돈가스,돈가스,서현센트럴상점,골목형상점가,경기도,,,
4ca9fefa4f6a84498133,full_annotation_v1,A,q_양식_02,돈가스집,음식점 중 '양식'을 판매·제공하는 매장,train,양식,T2 동의어,002d0d06-15b2-463e-b789-b0232bcc6681,뚜레주르버들마을점,제과,버들마을상인회 골목형상점가,골목형상점가,광주광역시,,,
551c7a72895c63ab076b,full_annotation_v1,A,q_양식_02,돈가스집,음식점 중 '양식'을 판매·제공하는 매장,train,양식,T2 동의어,cbd92d3f-e153-4834-afbf-00be06bf13f4,태경,돈가스,광명전통시장,전통시장,경기도,,,
b13ea15f5a4d1b641307,full_annotation_v1,A,q_양식_02,돈가스집,음식점 중 '양식'을 판매·제공하는 매장,train,양식,T2 동의어,0f10060e-20fc-4c00-a8dd-5827ce984528,러브런치(LuvLunch),브런치 카페,거제 상동 골목형상점가,골목형상점가,경상남도,,,
592a314bc7e4ea4bfc9e,full_annotation_v1,A,q_양식_02,돈가스집,음식점 중 '양식'을 판매·제공하는 매장,train,양식,T2 동의어,001bc028-a43e-44d4-9682-db280a4998cc,파리바게뜨전주근영점,제과점,근영누리 골목형상점가,골목형상점가,전북특별자치도,,,
2390ec256506f6fe225e,full_annotation_v1,A,q_양식_02,돈가스집,음식점 중 '양식'을 판매·제공하는 매장,train,양식,T2 동의어,012a896d-ccbb-4333-9e6f-81aa9b7e5f3f,레코드피자,양식,녹두 골목형상점가,골목형상점가,서울특별시,,,
921e0f2c2c30905f1530,full_annotation_v1,A,q_양식_02,돈가스집,음식점 중 '양식'을 판매·제공하는 매장,train,양식,T2 동의어,3c9b78e3-3a87-4311-9677-ca9e4a65c6f3,온돈,돈가스,에버랜드마을 골목형 상점가,골목형상점가,경기도,,,
2667597cc3e3e6da118c,full_annotation_v1,A,q_양식_02,돈가스집,음식점 중 '양식'을 판매·제공하는 매장,train,양식,T2 동의어,144a0550-0797-4278-98df-2a82152951dd,더랜치,스테이크 수제가스 스파게티 덮밥 커피,송내역 3번출구 골목형상점가,골목형상점가,경기도,,,
e03b4bc13fe11f94ad71,full_annotation_v1,A,q_양식_02,돈가스집,음식점 중 '양식'을 판매·제공하는 매장,train,양식,T2 동의어,e8b90023-bace-4f01-901e-179fa15b53f3,상미헤어,미용,공릉구길골목형상점가,골목형상점가,서울특별시,,,
7bc3b4fb9f764fc6f8e3,full_annotation_v1,A,q_양식_02,돈가스집,음식점 중 '양식'을 판매·제공하는 매장,train,양식,T2 동의어,e7b6eb33-0a43-405d-af24-70e8051bc814,정관장태백점,홍삼,태백마루 자율상권,,강원특별자치도,,,
00070888eede9fde3027,full_annotation_v1,A,q_양식_02,돈가스집,음식점 중 '양식'을 판매·제공하는 매장,train,양식,T2 동의어,065b7b13-3b93-45e7-b5c0-3f58a16a5304,카츠림,돈가스,청계면 목대후문 골목형상점가,골목형상점가,전라남도,,,
43e1a639c4359838f6b1,full_annotation_v1,A,q_양식_02,돈가스집,음식점 중 '양식'을 판매·제공하는 매장,train,양식,T2 동의어,4aa60785-0702-4dd7-b6b5-79832e4a14e8,정다함돈가스,돈가스,태평시장,전통시장,대전광역시,,,
62b2d0d870a3bfde5dbc,full_annotation_v1,A,q_양식_02,돈가스집,음식점 중 '양식'을 판매·제공하는 매장,train,양식,T2 동의어,878eb631-cd6c-45f5-9c48-41a65d2aa923,청싸롱,돈가스,우체국보험광주회관주변상인회 골목형상점가,골목형상점가,광주광역시,,,
7da3403acfac47996e1c,full_annotation_v1,A,q_양식_02,돈가스집,음식점 중 '양식'을 판매·제공하는 매장,train,양식,T2 동의어,e00402d0-f389-47bd-a1ef-f49d7c112350,예림화방,회화용품,예술의거리 골목형상점가,골목형상점가,광주광역시,,,
25488afe851613d6094d,full_annotation_v1,A,q_양식_02,돈가스집,음식점 중 '양식'을 판매·제공하는 매장,train,양식,T2 동의어,0c4a74db-4ddc-4eb2-8344-07bd2bbdf3e0,파슷타애요,파스타 샐러드 스테이크 필라프,상무쌍촌역상인회 골목형상점가,골목형상점가,광주광역시,,,
3fab7ef5100311333928,full_annotation_v1,A,q_양식_02,돈가스집,음식점 중 '양식'을 판매·제공하는 매장,train,양식,T2 동의어,ecac2b22-2bd1-4dbe-b2dd-fe8b1e66371c,포르테,의류,석수본동 골목형상점가,골목형상점가,경기도,,,
cc4cd4b5e475d48657d3,full_annotation_v1,A,q_양식_02,돈가스집,음식점 중 '양식'을 판매·제공하는 매장,train,양식,T2 동의어,b85d5c7d-4f90-4bbd-9df2-a3312cdd815f,역전돈가스,돈가스,광주송정역세권 상권활성화구역,상권활성화구역,광주광역시,,,
6ec0a5a261c1b50120db,full_annotation_v1,A,q_양식_02,돈가스집,음식점 중 '양식'을 판매·제공하는 매장,train,양식,T2 동의어,03f37d02-1eb9-4f82-ab05-be726fa24a36,우주파스타,,수정로 상권활성화구역,상권활성화구역,경기도,,,
3d42b5e8f04fe4b088de,full_annotation_v1,A,q_양식_02,돈가스집,음식점 중 '양식'을 판매·제공하는 매장,train,양식,T2 동의어,15793536-4d66-4463-beda-8fd89d9aeceb,킹돈가스,돈가스,신림별빛거리골목형상점가,골목형상점가,서울특별시,,,
76196e4dd1a00781279b,full_annotation_v1,A,q_양식_02,돈가스집,음식점 중 '양식'을 판매·제공하는 매장,train,양식,T2 동의어,cb98bb6a-a348-4819-a22d-0297691fce25,금메달돈가스,돈가스,원종고강제일시장(부천제일시장),전통시장,경기도,,,
aa0e7d13ce3716498b41,full_annotation_v1,A,q_양식_02,돈가스집,음식점 중 '양식'을 판매·제공하는 매장,train,양식,T2 동의어,00e80339-1353-4885-81d7-0746a437abb2,포식 용인한숲시티점,쌀국수 돈까스 함박스테이크,남사한숲 골목형상점가,골목형상점가,경기도,,,
58887332889db691e91a,full_annotation_v1,A,q_양식_02,돈가스집,음식점 중 '양식'을 판매·제공하는 매장,train,양식,T2 동의어,a4192311-0369-4487-9216-d1200beca4cb,돈까방,돈가스,임방울거리1구역 골목형상점가,골목형상점가,광주광역시,,,
81b736c37ecaf3bc092e,full_annotation_v1,A,q_양식_02,돈가스집,음식점 중 '양식'을 판매·제공하는 매장,train,양식,T2 동의어,ae147dd1-95e9-41e4-95fe-4fd4bd501320,두돈또돈,돈가스,목대온기 골목형상점가,골목형상점가,대전광역시,,,
ce2fb5ef1ceb24472fc9,full_annotation_v1,A,q_양식_02,돈가스집,음식점 중 '양식'을 판매·제공하는 매장,train,양식,T2 동의어,fefb9027-f3e7-4ad5-9a85-9dd4331a418e,텐소마,돈가스,영주로상권,자율상권구역,경상북도,,,
ed9d665ebdb9d5475de9,full_annotation_v1,A,q_양식_02,돈가스집,음식점 중 '양식'을 판매·제공하는 매장,train,양식,T2 동의어,0372d0ce-e9ee-4bb2-94c9-9ec16804cb1f,카페유,"커피, 케이크, 브런치",풍2동 골목형상점가,골목형상점가,경기도,,,
95851959c83ed12ee9b0,full_annotation_v1,A,q_양식_02,돈가스집,음식점 중 '양식'을 판매·제공하는 매장,train,양식,T2 동의어,cb7a24e3-c764-4c63-9848-6e1d18b45b13,쿠미,돈가스,칠성로상점가,자율상권구역,제주특별자치도,,,
dbe8d372b06f6e2bd981,full_annotation_v1,A,q_양식_02,돈가스집,음식점 중 '양식'을 판매·제공하는 매장,train,양식,T2 동의어,040b391d-a92f-4db4-90cd-eb2c0720eb78,eating,파스타 덮밥 피자,여주 터미널상점가,자율상권구역,경기도,,,
0f0f33b4564c284e62e8,full_annotation_v1,A,q_양식_02,돈가스집,음식점 중 '양식'을 판매·제공하는 매장,train,양식,T2 동의어,449c0e52-6141-4074-9396-0a82956571cc,돈가스&카레,일식,거창 전통시장,전통시장,경상남도,,,
1296627037b9e5195461,full_annotation_v1,A,q_양식_02,돈가스집,음식점 중 '양식'을 판매·제공하는 매장,train,양식,T2 동의어,0061123f-a676-4556-9633-5fbc4ecaf6ef,치즈케익카스테라카페,제과,북가좌동 골목형상점가,골목형상점가,서울특별시,,,
a17bc04cc9daf261d19c,full_annotation_v1,A,q_양식_02,돈가스집,음식점 중 '양식'을 판매·제공하는 매장,train,양식,T2 동의어,039d7f3d-7fb9-47ea-944e-8ba3d2dcfbe7,삼익가스,가스,마산어시장,전통시장,경상남도,,,
cba70d22259927709a6f,full_annotation_v1,A,q_양식_02,돈가스집,음식점 중 '양식'을 판매·제공하는 매장,train,양식,T2 동의어,062b7cb0-525c-4b41-9dd3-961539a6da81,카츠앤맘,"일식, 돈가스",전남대 상대 골목형상점가,골목형상점가,광주광역시,,,
177fd9ea87d3a556993d,full_annotation_v1,A,q_양식_02,돈가스집,음식점 중 '양식'을 판매·제공하는 매장,train,양식,T2 동의어,4785f48f-d16a-4e16-b435-03f0623c35e5,통큰돈가스,돈가스,빛가람 로데오 골목형상점가,골목형상점가,전라남도,,,
9bba1a4604ee857f70e5,full_annotation_v1,A,q_양식_02,돈가스집,음식점 중 '양식'을 판매·제공하는 매장,train,양식,T2 동의어,67ec1139-8647-43da-bf67-a2c1c3e08345,고수돈가스,돈가스,부천상동시장,전통시장,경기도,,,
511acf710c2b6048a257,full_annotation_v1,A,q_양식_02,돈가스집,음식점 중 '양식'을 판매·제공하는 매장,train,양식,T2 동의어,3b9b4b3c-1166-42ba-9887-c60c8f65d5e6,성심카츠,돈가스,광복마을길 골목형상점가,골목형상점가,광주광역시,,,
6105674ab672cee343b0,full_annotation_v1,A,q_양식_02,돈가스집,음식점 중 '양식'을 판매·제공하는 매장,train,양식,T2 동의어,8e025656-ac62-4205-9989-60df33fd5c6f,마네키 동명본점,돈가스,동명동 카페거리 골목형상점가,골목형상점가,광주광역시,,,
0775f0531cbfe6b9abed,full_annotation_v1,A,q_양식_02,돈가스집,음식점 중 '양식'을 판매·제공하는 매장,train,양식,T2 동의어,b8acadf0-a265-4914-a161-a19792a480d9,최고당 돈가스,돈가스,천천중심상가 골목형상점가,골목형상점가,경기도,,,
0db51960953939645dc0,full_annotation_v1,A,q_양식_02,돈가스집,음식점 중 '양식'을 판매·제공하는 매장,train,양식,T2 동의어,a354522c-f221-4f09-845e-67c01eb5bd70,신가네 숯불갈비,숯불갈비,제물포골목형상점가,골목형상점가,인천광역시,,,
4d0f08dc999be62c1a48,full_annotation_v1,A,q_양식_02,돈가스집,음식점 중 '양식'을 판매·제공하는 매장,train,양식,T2 동의어,0e58b6a8-b04a-4d2b-a1e5-df3139446df8,맘짱,돈가스,개항누리길 상점가,자율상권구역,인천광역시,,,
6e4f0ea16e8e31990de8,full_annotation_v1,A,q_양식_02,돈가스집,음식점 중 '양식'을 판매·제공하는 매장,train,양식,T2 동의어,e6a28e4e-d7db-46bb-981c-8c9146c47d27,엠프로짐,여가관련 서비스업,운천호수공원상인회 골목형상점가,골목형상점가,광주광역시,,,
5f1b620be07afebe7e4a,full_annotation_v1,A,q_양식_02,돈가스집,음식점 중 '양식'을 판매·제공하는 매장,train,양식,T2 동의어,5b15e88f-ac9f-4206-a411-263a2543f5db,베가짐,헬스장,전주중산공원 골목형상점가,골목형상점가,전북특별자치도,,,
c7465075b5b65bd39ea4,full_annotation_v1,A,q_양식_02,돈가스집,음식점 중 '양식'을 판매·제공하는 매장,train,양식,T2 동의어,343e7bae-1911-471a-ada2-f2aa0ff4ba77,돈가스짱,음식점,남부골목시장,전통시장,서울특별시,,,
06f0906757bf076e845e,full_annotation_v1,A,q_양식_02,돈가스집,음식점 중 '양식'을 판매·제공하는 매장,train,양식,T2 동의어,b33cd31a-d731-4cf7-ad80-2e71387751c1,상무초밥첨단점,일식,첨단아미 골목형상점가,골목형상점가,광주광역시,,,
34b05236da0dde980bc5,full_annotation_v1,A,q_양식_02,돈가스집,음식점 중 '양식'을 판매·제공하는 매장,train,양식,T2 동의어,980733d2-1f4a-4ced-8aa0-64f904da76b4,태백로가디스,의류,태백마루 자율상권,,강원특별자치도,,,
8befa472d5dc57a7fae7,full_annotation_v1,A,q_양식_02,돈가스집,음식점 중 '양식'을 판매·제공하는 매장,train,양식,T2 동의어,80200b2c-9063-48e9-8824-8c506e092981,예돈,돈가스,금산프라자 골목형상점가,골목형상점가,경기도,,,
5a32e946472f5377f7e4,full_annotation_v1,A,q_양식_02,돈가스집,음식점 중 '양식'을 판매·제공하는 매장,train,양식,T2 동의어,bfd6dbba-2993-4032-a644-c0e4c2891a2d,빵나무 이야기,빵,포항 대이상가 골목형상점가,골목형상점가,경상북도,,,
bb15fb45b9c14027c079,full_annotation_v1,A,q_양식_02,돈가스집,음식점 중 '양식'을 판매·제공하는 매장,train,양식,T2 동의어,f3891f12-e4e5-41bc-bab0-daed6fa81cb8,진심온네일,네일,석수본동 골목형상점가,골목형상점가,경기도,,,
ee152942cccc23e516c1,full_annotation_v1,A,q_양식_02,돈가스집,음식점 중 '양식'을 판매·제공하는 매장,train,양식,T2 동의어,5b1a58dc-0af6-4026-aa6b-ada8a321313f,돈가스신사,한식,잠원하길골목형상점가,골목형상점가,서울특별시,,,
ee7966688f2df89dfed1,full_annotation_v1,A,q_양식_02,돈가스집,음식점 중 '양식'을 판매·제공하는 매장,train,양식,T2 동의어,00a22095-ea5b-4ad7-802b-4b59961b9c33,한양 고잔점,한식 양식,고잔뜰 상점가,자율상권구역,경기도,,,
7c743a1031d2a6a2133f,full_annotation_v1,A,q_양식_02,돈가스집,음식점 중 '양식'을 판매·제공하는 매장,train,양식,T2 동의어,00e9de4b-3c8d-44a2-bfc2-ddc91fe5a03b,대디파스타,파스타돈가스,벽산황계로 골목형상점가,골목형상점가,광주광역시,,,
0450dca27b871da7b347,full_annotation_v1,A,q_양식_02,돈가스집,음식점 중 '양식'을 판매·제공하는 매장,train,양식,T2 동의어,edd5ef3a-e75a-4cf3-b605-3cdd78db643e,제리바버삽 앤 헤드스파,,브라운가골목형상점가,골목형상점가,강원특별자치도,,,
28bcedbd3be4f89cba35,full_annotation_v1,A,q_양식_02,돈가스집,음식점 중 '양식'을 판매·제공하는 매장,train,양식,T2 동의어,02d49b6b-4c61-4aef-a15f-338ca1a59f59,레레하우스,파스타 피자 스테이크,첨단지구 골목형상점가,골목형상점가,광주광역시,,,
d4d30e6ff5f489829f6a,full_annotation_v1,A,q_양식_02,돈가스집,음식점 중 '양식'을 판매·제공하는 매장,train,양식,T2 동의어,01ae42ea-516f-48b6-b198-376d1a40e55a,돈미정,돈가스,청주북부시장,전통시장,충청북도,,,
f3bf4ac6da3c94557f24,full_annotation_v1,A,q_양식_02,돈가스집,음식점 중 '양식'을 판매·제공하는 매장,train,양식,T2 동의어,04120e1e-e969-4e43-9b25-4a0baacfae9f,소아브,"카페, 디저트, 브런치",유성도안 골목형상점가,골목형상점가,대전광역시,,,
854d6268a4edf777ba9a,full_annotation_v1,A,q_양식_02,돈가스집,음식점 중 '양식'을 판매·제공하는 매장,train,양식,T2 동의어,0c7dce91-0eaf-46fe-9c72-5c07d0b3945e,네모에이드,"브런치, 공방",댕리단길 골목형상점가,골목형상점가,경기도,,,
b57499772b2998ea56a8,full_annotation_v1,A,q_양식_02,돈가스집,음식점 중 '양식'을 판매·제공하는 매장,train,양식,T2 동의어,fc1deb58-99e3-4eef-ba70-d72c60db5fb5,카페명주동,,명주·남문동 자율상권구역,,강원특별자치도,,,
9faef6f59958b49a3f96,full_annotation_v1,A,q_양식_02,돈가스집,음식점 중 '양식'을 판매·제공하는 매장,train,양식,T2 동의어,1db3e9b6-a921-48b9-ae29-5562be966e5a,돈샐,돈가스,상대동 골목형상점가,골목형상점가,대전광역시,,,
d74b8eb6c61b9ade17c7,full_annotation_v1,A,q_양식_02,돈가스집,음식점 중 '양식'을 판매·제공하는 매장,train,양식,T2 동의어,0a5af1f3-8437-4347-a579-f33d73fe5463,로스빌리지,커피 및 디저트 브런치,의정부시 구도심 상권활성화구역,상권활성화구역,경기도,,,
959c80f6669875022026,full_annotation_v1,A,q_양식_02,돈가스집,음식점 중 '양식'을 판매·제공하는 매장,train,양식,T2 동의어,af81a97f-b6c9-44f1-a25b-812693a27ec2,카츠밀,돈가스,고촌 먹거리타운 골목형상점가,골목형상점가,경기도,,,
f7b55f71e6c558a840ac,full_annotation_v1,A,q_양식_02,돈가스집,음식점 중 '양식'을 판매·제공하는 매장,train,양식,T2 동의어,0275dd99-6f46-4fdd-bda5-e44aa68c6fa1,미스집,음식,평화광장 먹자골목상점가,골목형상점가,전라남도,,,
826cc73f70d49e7043f2,full_annotation_v1,A,q_양식_02,돈가스집,음식점 중 '양식'을 판매·제공하는 매장,train,양식,T2 동의어,f42bc04e-4220-4ad0-a994-19252abab3f8,보름돈가스,돈가스,커낼워크상점가,골목형상점가,인천광역시,,,
03934daffd2dc0f416d1,full_annotation_v1,A,q_양식_02,돈가스집,음식점 중 '양식'을 판매·제공하는 매장,train,양식,T2 동의어,a6ce39d2-ba60-498b-bee0-eeebfc07a619,선릉돈가스,돈가스,염매시장(구 덕산시장),전통시장,대구광역시,,,
a892481fadc3b244477e,full_annotation_v1,A,q_양식_02,돈가스집,음식점 중 '양식'을 판매·제공하는 매장,train,양식,T2 동의어,02fa5d6f-5100-4cd5-8a9f-184877f99878,덕수파스타 원주 일산점,,중앙로골목형상점가,골목형상점가,강원특별자치도,,,
2337b21ffa3b7c000354,full_annotation_v1,A,q_양식_02,돈가스집,음식점 중 '양식'을 판매·제공하는 매장,train,양식,T2 동의어,53709311-c18b-4df5-8a06-1f5af68bf7c1,파크랜드,의류,장성읍 골목형상점가,골목형상점가,전라남도,,,
0ef0ba5d4ecffe7c6705,full_annotation_v1,A,q_양식_02,돈가스집,음식점 중 '양식'을 판매·제공하는 매장,train,양식,T2 동의어,92e9e350-7242-49ff-abda-917512e1e8e0,오렌지 돈가스 하우스,돈가스,여주한글시장(여주중앙로상점가),전통시장,경기도,,,
ce486d812c2bd854e51e,full_annotation_v1,A,q_양식_02,돈가스집,음식점 중 '양식'을 판매·제공하는 매장,train,양식,T2 동의어,1d2549d7-4fc8-4f7f-8937-3d824990f9f2,신광,곡물,서울중앙시장,전통시장,서울특별시,,,
538babc35fe17cddffc8,full_annotation_v1,A,q_양식_02,돈가스집,음식점 중 '양식'을 판매·제공하는 매장,train,양식,T2 동의어,01099186-2ca7-4ca1-b535-39cf1ff0c4d8,섬bar,서양식,뚝도시장,전통시장,서울특별시,,,
25268d89f65d7f57d7e5,full_annotation_v1,A,q_양식_02,돈가스집,음식점 중 '양식'을 판매·제공하는 매장,train,양식,T2 동의어,00648f38-2954-48a3-b373-37745a65aaba,도쿄파스타 클럽,양식,잠원하길골목형상점가,골목형상점가,서울특별시,,,
d8ccf754ca88e204fde7,full_annotation_v1,A,q_양식_02,돈가스집,음식점 중 '양식'을 판매·제공하는 매장,train,양식,T2 동의어,8bcd88ab-8fbb-421d-8317-828d466de81b,송송푸드,돈가스,우산동무진대로 골목형상점가,골목형상점가,광주광역시,,,
c29dc9d939a869b8bec0,full_annotation_v1,A,q_양식_02,돈가스집,음식점 중 '양식'을 판매·제공하는 매장,train,양식,T2 동의어,983ee263-e61f-4896-8ad2-9fd86d53a9a8,부리나치킨,,남산로상점가,자율상권구역,부산광역시,,,
d6f00605822c59d2506d,full_annotation_v1,A,q_양식_02,돈가스집,음식점 중 '양식'을 판매·제공하는 매장,train,양식,T2 동의어,7371262b-0647-41e0-8484-7a101c42abae,일백돈가스,돈가스,봉일천전통시장,전통시장,경기도,,,
1f42535aa353ef611194,full_annotation_v1,A,q_양식_02,돈가스집,음식점 중 '양식'을 판매·제공하는 매장,train,양식,T2 동의어,d754f83d-c696-4751-be30-82ae40e1246e,오월돈가스,돈가스,한보라 골목형상점가,골목형상점가,경기도,,,
5edd41f82f93197b7866,full_annotation_v1,A,q_양식_02,돈가스집,음식점 중 '양식'을 판매·제공하는 매장,train,양식,T2 동의어,0bc8ebe3-32d5-45ff-9214-8cb4d62c5780,카츠현 다사점,돈가스,(유)다사소상공인연합,골목형상점가,대구광역시,,,
8bd5fcbb73547e5e7ef3,full_annotation_v1,A,q_양식_02,돈가스집,음식점 중 '양식'을 판매·제공하는 매장,train,양식,T2 동의어,b2950296-e136-41a9-a5a4-8af373128253,술통,돈가스,오패산로골목형상점가,골목형상점가,서울특별시,,,
6356834846d9ac29bf8f,full_annotation_v1,A,q_양식_02,돈가스집,음식점 중 '양식'을 판매·제공하는 매장,train,양식,T2 동의어,00fce4dc-3cbf-40a2-adb5-ba642f20b9e2,제이스쿠진,서양식,갈매리본거리 골목형상점가,골목형상점가,경기도,,,
479457d4554a44336201,full_annotation_v1,A,q_양식_02,돈가스집,음식점 중 '양식'을 판매·제공하는 매장,train,양식,T2 동의어,f53f6543-a9d7-40cb-b57e-2de27d4e0aec,경아 정다함 돈가스,돈가스,복대가경시장,전통시장,충청북도,,,
fb4d7628a5c49905f25b,full_annotation_v1,A,q_양식_02,돈가스집,음식점 중 '양식'을 판매·제공하는 매장,train,양식,T2 동의어,89a761c6-b571-40d9-873c-743fb2e68490,하레,돈가스,어은누리 골목형상점가,골목형상점가,대전광역시,,,
50bb4ec409fe39cc5c20,full_annotation_v1,A,q_양식_02,돈가스집,음식점 중 '양식'을 판매·제공하는 매장,train,양식,T2 동의어,0ef964c8-07f3-4859-99f1-6cdae01a8fc4,더문,스테이크,운천호수공원상인회 골목형상점가,골목형상점가,광주광역시,,,
a7d0dded9f30a9e3253f,full_annotation_v1,A,q_양식_02,돈가스집,음식점 중 '양식'을 판매·제공하는 매장,train,양식,T2 동의어,41e07423-cfaf-46e6-8a16-d264d2740d5b,봉선카츠,돈가스,용대로119번길 골목형상점가,골목형상점가,광주광역시,,,
909a0318e1939a96ec15,full_annotation_v1,A,q_양식_02,돈가스집,음식점 중 '양식'을 판매·제공하는 매장,train,양식,T2 동의어,b0e51d95-4fa0-40c1-a735-accf174fb065,하돈 돈가스,돈가스,송죽솔대 골목형상점가,골목형상점가,경기도,,,
8f2a11d8433e696c962a,full_annotation_v1,A,q_양식_03,브런치,음식점 중 '양식'을 판매·제공하는 매장,train,양식,T2 동의어,f5663367-6f16-4f25-bd19-85b98433752f,더한옥,"커피, 브런치",북촌계동길골목형상점가,골목형상점가,서울특별시,,,
e37e184d33f27bf80d17,full_annotation_v1,A,q_양식_03,브런치,음식점 중 '양식'을 판매·제공하는 매장,train,양식,T2 동의어,1a21655f-fe8c-4699-b5a2-1ea6c514273c,아나브린,브런치,신창상가,전통시장,부산광역시,,,
e8d1ee9081a7e0c069d8,full_annotation_v1,A,q_양식_03,브런치,음식점 중 '양식'을 판매·제공하는 매장,train,양식,T2 동의어,3748d7c7-0485-4cd2-9c7f-242173255cee,동네미장원,미용,청안맛거리골목형상점가,골목형상점가,충청북도,,,
f4797a7417fbf0ec603a,full_annotation_v1,A,q_양식_03,브런치,음식점 중 '양식'을 판매·제공하는 매장,train,양식,T2 동의어,eef06b25-566c-4ac5-8ff7-cbfa6c0d6e31,비케케선셋,브런치,청주시 소나무길 일원 자율상권구역,상권활성화구역,충청북도,,,
3c3b49e708e01d0aa826,full_annotation_v1,A,q_양식_03,브런치,음식점 중 '양식'을 판매·제공하는 매장,train,양식,T2 동의어,f6700a36-f865-4d14-89cd-264e895d48ce,튀밥집,과자 튀밥 강냉이,옥계OK골목형상점가,골목형상점가,강원특별자치도,,,
b4b5412eed8fba64b5eb,full_annotation_v1,A,q_양식_03,브런치,음식점 중 '양식'을 판매·제공하는 매장,train,양식,T2 동의어,0372d0ce-e9ee-4bb2-94c9-9ec16804cb1f,카페유,"커피, 케이크, 브런치",풍2동 골목형상점가,골목형상점가,경기도,,,
43bec4f92961e326cfd2,full_annotation_v1,A,q_양식_03,브런치,음식점 중 '양식'을 판매·제공하는 매장,train,양식,T2 동의어,b73cae18-f966-4f68-b1bc-940e76df7db9,인생족발,족발 보쌈,소촌중앙 골목형상점가,골목형상점가,광주광역시,,,
c0bf5c4e3f6a2cd9d710,full_annotation_v1,A,q_양식_03,브런치,음식점 중 '양식'을 판매·제공하는 매장,train,양식,T2 동의어,fe33b7c3-c62d-4f3b-9285-990d6253395b,카페04293,브런치,북촌계동길골목형상점가,골목형상점가,서울특별시,,,
28c81cb0e78410804038,full_annotation_v1,A,q_양식_03,브런치,음식점 중 '양식'을 판매·제공하는 매장,train,양식,T2 동의어,9d8063b3-cc4a-4bd3-9bdb-2c6ce116025a,씨푸드 브런치 아멕스,커피,한들물빛도시 골목형 상점가,골목형상점가,충청남도,,,
b3f03dc64779e499bc84,full_annotation_v1,A,q_양식_03,브런치,음식점 중 '양식'을 판매·제공하는 매장,train,양식,T2 동의어,401e8305-aaea-412d-a0d6-ec3f3987f51b,테리토리,브런치,송도 아트포레 판매시설 골목형상점가,골목형상점가,인천광역시,,,
4de143a52e62b8c2e94b,full_annotation_v1,A,q_양식_03,브런치,음식점 중 '양식'을 판매·제공하는 매장,train,양식,T2 동의어,778b0958-b623-45ea-852e-aee3615896b6,농민할인마트,슈퍼,원종고강제일시장(부천제일시장),전통시장,경기도,,,
039690c5a86a3b80fe07,full_annotation_v1,A,q_양식_03,브런치,음식점 중 '양식'을 판매·제공하는 매장,train,양식,T2 동의어,00a88093-8a14-41ad-8b1f-d35632be9f3b,한아름빵집,제과,신평골목시장,전통시장,부산광역시,,,
4bb7247bd31f94e973f5,full_annotation_v1,A,q_양식_03,브런치,음식점 중 '양식'을 판매·제공하는 매장,train,양식,T2 동의어,cd8625ad-1466-484c-b0ca-aeb2f5a9d8cc,써브웨이 대구태전점,샌드위치,면허시험장네거리 골목형상점가,골목형상점가,대구광역시,,,
93b83d5d43cc0ff5d391,full_annotation_v1,A,q_양식_03,브런치,음식점 중 '양식'을 판매·제공하는 매장,train,양식,T2 동의어,001bc028-a43e-44d4-9682-db280a4998cc,파리바게뜨전주근영점,제과점,근영누리 골목형상점가,골목형상점가,전북특별자치도,,,
2f0b7d808d6efda902b0,full_annotation_v1,A,q_양식_03,브런치,음식점 중 '양식'을 판매·제공하는 매장,train,양식,T2 동의어,6f9f6084-9175-47aa-b111-6969b14dbd3a,오프온오프,디저트 브런치 커피 등,동진맨션 골목형상점가,골목형상점가,광주광역시,,,
a576e66860bf658440a6,full_annotation_v1,A,q_양식_03,브런치,음식점 중 '양식'을 판매·제공하는 매장,train,양식,T2 동의어,7a41caa4-4a6b-4b07-9827-78e46052b87a,올모,음료및제빵및 브런치,유촌마을상인회 골목형상점가,골목형상점가,광주광역시,,,
3dc62e239c0be4b2abef,full_annotation_v1,A,q_양식_03,브런치,음식점 중 '양식'을 판매·제공하는 매장,train,양식,T2 동의어,27e9e5ec-8271-4f70-be73-e1117b214cf8,썬셋하우스,브런치,두마면 대실골목형상점가,골목형상점가,충청남도,,,
0e944e8ca045fe6d6d5d,full_annotation_v1,A,q_양식_03,브런치,음식점 중 '양식'을 판매·제공하는 매장,train,양식,T2 동의어,b8c01cc1-a111-411d-9ae4-2cdcbaaf54e9,주헤히스,"커피, 브런치",지족반석 골목형상점가,골목형상점가,대전광역시,,,
594b3701658419e0ab3a,full_annotation_v1,A,q_양식_03,브런치,음식점 중 '양식'을 판매·제공하는 매장,train,양식,T2 동의어,0f10060e-20fc-4c00-a8dd-5827ce984528,러브런치(LuvLunch),브런치 카페,거제 상동 골목형상점가,골목형상점가,경상남도,,,
aaa7180cd8d63763414f,full_annotation_v1,A,q_양식_03,브런치,음식점 중 '양식'을 판매·제공하는 매장,train,양식,T2 동의어,02fa5d6f-5100-4cd5-8a9f-184877f99878,덕수파스타 원주 일산점,,중앙로골목형상점가,골목형상점가,강원특별자치도,,,
b3a0bf5afb05f472dc6d,full_annotation_v1,A,q_양식_03,브런치,음식점 중 '양식'을 판매·제공하는 매장,train,양식,T2 동의어,b7c80f11-f075-4985-9cd1-01f648ce75c1,아퀴진,브런치,나성BRT 골목형상점가,골목형상점가,세종특별자치시,,,
de0d356885bca0aa7e80,full_annotation_v1,A,q_양식_03,브런치,음식점 중 '양식'을 판매·제공하는 매장,train,양식,T2 동의어,03f37d02-1eb9-4f82-ab05-be726fa24a36,우주파스타,,수정로 상권활성화구역,상권활성화구역,경기도,,,
a0c8039add64caac6b3b,full_annotation_v1,A,q_양식_03,브런치,음식점 중 '양식'을 판매·제공하는 매장,train,양식,T2 동의어,85786e4b-2780-4989-b468-bf831ea2ba8e,언니의브런치,,동백중심상가 골목형상점가,골목형상점가,경기도,,,
a01fe204b694b2c4bc66,full_annotation_v1,A,q_양식_03,브런치,음식점 중 '양식'을 판매·제공하는 매장,train,양식,T2 동의어,dd585d29-1fbb-4d29-9674-60a9ef130081,로드윅 로스터리,브런치 커피,송도트리플타워골목형상점가,골목형상점가,인천광역시,,,
74886c421af30f0579b0,full_annotation_v1,A,q_양식_03,브런치,음식점 중 '양식'을 판매·제공하는 매장,train,양식,T2 동의어,b91465ad-c160-4d78-9f8d-5b81e66eab11,오늘을 담다,브런치,북정로 중심상가,전통시장,경상북도,,,
9b6c970849cf9e4dc220,full_annotation_v1,A,q_양식_03,브런치,음식점 중 '양식'을 판매·제공하는 매장,train,양식,T2 동의어,012a896d-ccbb-4333-9e6f-81aa9b7e5f3f,레코드피자,양식,녹두 골목형상점가,골목형상점가,서울특별시,,,
272474fc340cd2e6595f,full_annotation_v1,A,q_양식_03,브런치,음식점 중 '양식'을 판매·제공하는 매장,train,양식,T2 동의어,0c4a74db-4ddc-4eb2-8344-07bd2bbdf3e0,파슷타애요,파스타 샐러드 스테이크 필라프,상무쌍촌역상인회 골목형상점가,골목형상점가,광주광역시,,,
5f4d5293d9f848675a90,full_annotation_v1,A,q_양식_03,브런치,음식점 중 '양식'을 판매·제공하는 매장,train,양식,T2 동의어,7b60b738-98a3-44fa-a581-d8b2b992f39f,욜크12,브런치,원신흥 골목형상점가,골목형상점가,대전광역시,,,
742a7246a9e01c5b673d,full_annotation_v1,A,q_양식_03,브런치,음식점 중 '양식'을 판매·제공하는 매장,train,양식,T2 동의어,ae320bf6-47d2-4d14-b891-fd4fb137cf44,브런치펍1,음식점,정릉시장,전통시장,서울특별시,,,
82b7ddaffabee4cb2458,full_annotation_v1,A,q_양식_03,브런치,음식점 중 '양식'을 판매·제공하는 매장,train,양식,T2 동의어,0c7dce91-0eaf-46fe-9c72-5c07d0b3945e,네모에이드,"브런치, 공방",댕리단길 골목형상점가,골목형상점가,경기도,,,
23e3352e86d577572e7f,full_annotation_v1,A,q_양식_03,브런치,음식점 중 '양식'을 판매·제공하는 매장,train,양식,T2 동의어,0bc8ebe3-32d5-45ff-9214-8cb4d62c5780,카츠현 다사점,돈가스,(유)다사소상공인연합,골목형상점가,대구광역시,,,
1e8be74b577408f0633b,full_annotation_v1,A,q_양식_03,브런치,음식점 중 '양식'을 판매·제공하는 매장,train,양식,T2 동의어,04120e1e-e969-4e43-9b25-4a0baacfae9f,소아브,"카페, 디저트, 브런치",유성도안 골목형상점가,골목형상점가,대전광역시,,,
1c85a38916c098f73820,full_annotation_v1,A,q_양식_03,브런치,음식점 중 '양식'을 판매·제공하는 매장,train,양식,T2 동의어,c591da8c-7f9c-4373-80a7-d5da57a16996,코지플레이스,브런치 커피 전문점,상대원1동 해피마을 골목형상점가,골목형상점가,경기도,,,
ee2fc217c0a1c6e67042,full_annotation_v1,A,q_양식_03,브런치,음식점 중 '양식'을 판매·제공하는 매장,train,양식,T2 동의어,00648f38-2954-48a3-b373-37745a65aaba,도쿄파스타 클럽,양식,잠원하길골목형상점가,골목형상점가,서울특별시,,,
1defdf065a769e8715e5,full_annotation_v1,A,q_양식_03,브런치,음식점 중 '양식'을 판매·제공하는 매장,train,양식,T2 동의어,82c3676d-d739-41f2-bba7-69c5b611facd,바르,브런치,청림마을골목형상점가,골목형상점가,서울특별시,,,
e3bb785958a155941606,full_annotation_v1,A,q_양식_03,브런치,음식점 중 '양식'을 판매·제공하는 매장,train,양식,T2 동의어,039d7f3d-7fb9-47ea-944e-8ba3d2dcfbe7,삼익가스,가스,마산어시장,전통시장,경상남도,,,
96a7dfb45e50a9581485,full_annotation_v1,A,q_양식_03,브런치,음식점 중 '양식'을 판매·제공하는 매장,train,양식,T2 동의어,61171c95-18c8-4ee3-95dd-a1ca61994327,아르보 브런치,파스타,한들물빛도시 골목형 상점가,골목형상점가,충청남도,,,
f3480877e744453c7eba,full_annotation_v1,A,q_양식_03,브런치,음식점 중 '양식'을 판매·제공하는 매장,train,양식,T2 동의어,065b7b13-3b93-45e7-b5c0-3f58a16a5304,카츠림,돈가스,청계면 목대후문 골목형상점가,골목형상점가,전라남도,,,
a9e6e78b812b429d6b3f,full_annotation_v1,A,q_양식_03,브런치,음식점 중 '양식'을 판매·제공하는 매장,train,양식,T2 동의어,2e8ade8a-8b7d-478f-a738-07c17e9cb2f2,아필코본점,브런치,첨단동행 골목형상점가,골목형상점가,광주광역시,,,
026579676dfc55a5290c,full_annotation_v1,A,q_양식_03,브런치,음식점 중 '양식'을 판매·제공하는 매장,train,양식,T2 동의어,45150bb2-31fc-4c7d-9b66-31fe7a9caf0b,지지베이커리&브런치,빵,거제 고현자율상권,,경상남도,,,
c269672966c1e5c12997,full_annotation_v1,A,q_양식_03,브런치,음식점 중 '양식'을 판매·제공하는 매장,train,양식,T2 동의어,1a96b913-32fd-4f06-ac5b-e14d136f3148,우디룸,브런치,어은누리 골목형상점가,골목형상점가,대전광역시,,,
854089c8abf44b8630e9,full_annotation_v1,A,q_양식_03,브런치,음식점 중 '양식'을 판매·제공하는 매장,train,양식,T2 동의어,ecb08816-aeb6-4b02-bef2-db05ad9bc972,브리사디마르,브런치,송도 아트포레 판매시설 골목형상점가,골목형상점가,인천광역시,,,
4aa27e128b98fdebf352,full_annotation_v1,A,q_양식_03,브런치,음식점 중 '양식'을 판매·제공하는 매장,train,양식,T2 동의어,206b0f0b-be06-4478-a073-cf8d5c762e91,소유,"커피, 브런치",백운브릿지 골목형상점가,골목형상점가,광주광역시,,,
143c5526483a4dec03bb,full_annotation_v1,A,q_양식_03,브런치,음식점 중 '양식'을 판매·제공하는 매장,train,양식,T2 동의어,671a1ea8-60f4-49b6-89a9-2465c4d0e6e4,모아이커피로스터스,커피 브런치,마산 수남상가,자율상권구역,경상남도,,,
e0f1555e55acf2543568,full_annotation_v1,A,q_양식_03,브런치,음식점 중 '양식'을 판매·제공하는 매장,train,양식,T2 동의어,26c0094c-9797-4042-8d09-4a338ab9a458,케이-브런치 다이닝 결,,양산 물금백호마을 골목형상점가,골목형상점가,경상남도,,,
6d9654f1272f89eae75d,full_annotation_v1,A,q_양식_03,브런치,음식점 중 '양식'을 판매·제공하는 매장,train,양식,T2 동의어,0061123f-a676-4556-9633-5fbc4ecaf6ef,치즈케익카스테라카페,제과,북가좌동 골목형상점가,골목형상점가,서울특별시,,,
0856bdc212c0c239744e,full_annotation_v1,A,q_양식_03,브런치,음식점 중 '양식'을 판매·제공하는 매장,train,양식,T2 동의어,062b7cb0-525c-4b41-9dd3-961539a6da81,카츠앤맘,"일식, 돈가스",전남대 상대 골목형상점가,골목형상점가,광주광역시,,,
c244c598b996939a56de,full_annotation_v1,A,q_양식_03,브런치,음식점 중 '양식'을 판매·제공하는 매장,train,양식,T2 동의어,a06ae3eb-b397-4a55-b5b5-79caa4a70760,루시구시,커피 브런치,포항 대이상가 골목형상점가,골목형상점가,경상북도,,,
79664d74ad8bebdfdb87,full_annotation_v1,A,q_양식_03,브런치,음식점 중 '양식'을 판매·제공하는 매장,train,양식,T2 동의어,144a0550-0797-4278-98df-2a82152951dd,더랜치,스테이크 수제가스 스파게티 덮밥 커피,송내역 3번출구 골목형상점가,골목형상점가,경기도,,,
7bf15743ef04b0376b71,full_annotation_v1,A,q_양식_03,브런치,음식점 중 '양식'을 판매·제공하는 매장,train,양식,T2 동의어,e38b693e-d142-4893-9119-944a55b45962,피키페어,브런치,둔산3동상점가,자율상권구역,대전광역시,,,
4f03149ce227c5904de8,full_annotation_v1,A,q_양식_03,브런치,음식점 중 '양식'을 판매·제공하는 매장,train,양식,T2 동의어,8f57d1a2-a5b2-4421-84b4-c9f78ebc3818,타이어365송청점,타이어,소촌중앙 골목형상점가,골목형상점가,광주광역시,,,
1ee8aa3d1ecc52ef99be,full_annotation_v1,A,q_양식_03,브런치,음식점 중 '양식'을 판매·제공하는 매장,train,양식,T2 동의어,00362b85-cb9a-4318-9059-12f768d76197,파리바게뜨전주인후점,제과점,소나무 골목형상점가,골목형상점가,전북특별자치도,,,
fb76e8ae1a1ea3509607,full_annotation_v1,A,q_양식_03,브런치,음식점 중 '양식'을 판매·제공하는 매장,train,양식,T2 동의어,21d4d06e-bcc0-4202-bde9-32bc69f7227f,코리아 유통,냉동가공식품,인천모래내전통시장,전통시장,인천광역시,,,
be983f09cb4e4d48330d,full_annotation_v1,A,q_양식_03,브런치,음식점 중 '양식'을 판매·제공하는 매장,train,양식,T2 동의어,00fce4dc-3cbf-40a2-adb5-ba642f20b9e2,제이스쿠진,서양식,갈매리본거리 골목형상점가,골목형상점가,경기도,,,
e7189b5856f88a7a3e24,full_annotation_v1,A,q_양식_03,브런치,음식점 중 '양식'을 판매·제공하는 매장,train,양식,T2 동의어,00e9de4b-3c8d-44a2-bfc2-ddc91fe5a03b,대디파스타,파스타돈가스,벽산황계로 골목형상점가,골목형상점가,광주광역시,,,
de2dbb555de3df5d9de9,full_annotation_v1,A,q_양식_03,브런치,음식점 중 '양식'을 판매·제공하는 매장,train,양식,T2 동의어,6762b358-d641-449f-9b0e-4191e64b4297,브런치빈 다산점,브런치,다산역 로데오 상점가,자율상권구역,경기도,,,
983583829c6b070f313b,full_annotation_v1,A,q_양식_03,브런치,음식점 중 '양식'을 판매·제공하는 매장,train,양식,T2 동의어,4121bf3f-51df-48ab-992e-01221dcde687,22번가,커피 브런치,신내구길 골목형상점가,골목형상점가,서울특별시,,,
986e4a1ed929e9e486b7,full_annotation_v1,A,q_양식_03,브런치,음식점 중 '양식'을 판매·제공하는 매장,train,양식,T2 동의어,4e364986-3c9c-46d0-a74c-0fcabc0bb270,보광당,시계,도곡시장,자율상권구역,서울특별시,,,
28cb66805b1af9c23d46,full_annotation_v1,A,q_양식_03,브런치,음식점 중 '양식'을 판매·제공하는 매장,train,양식,T2 동의어,6f6e3f0a-c568-4877-aad8-4c78af0050c3,브런치바이트,커피 브런치,경주중심상가,전통시장,경상북도,,,
bcd45d467ce90c8c6ec1,full_annotation_v1,A,q_양식_03,브런치,음식점 중 '양식'을 판매·제공하는 매장,train,양식,T2 동의어,f5d10492-45e5-4ab3-add9-35fcf40ec57f,동양반점,중식,청안맛거리골목형상점가,골목형상점가,충청북도,,,
30045bbc5d2108cac296,full_annotation_v1,A,q_양식_03,브런치,음식점 중 '양식'을 판매·제공하는 매장,train,양식,T2 동의어,002d0d06-15b2-463e-b789-b0232bcc6681,뚜레주르버들마을점,제과,버들마을상인회 골목형상점가,골목형상점가,광주광역시,,,
c41671bb9ff08cc9e312,full_annotation_v1,A,q_양식_03,브런치,음식점 중 '양식'을 판매·제공하는 매장,train,양식,T2 동의어,6bdc4f6b-0954-4aba-ae98-eb02e35a8aa0,브런치앤디너 테라비 부산대점,브런치 카페,부리단길 골목형상점가,골목형상점가,부산광역시,,,
30eb9e88ff12dd5fc10f,full_annotation_v1,A,q_양식_03,브런치,음식점 중 '양식'을 판매·제공하는 매장,train,양식,T2 동의어,9c5cceaf-2b25-4655-a79f-ff04834860be,제이틴,커피 브런치,BOCA 보카상점가,골목형상점가,경기도,,,
387f2d50b8d5f4121952,full_annotation_v1,A,q_양식_03,브런치,음식점 중 '양식'을 판매·제공하는 매장,train,양식,T2 동의어,b1e57701-22fc-4dbb-a284-8edb0c168cd0,그라운드,브런치,원신흥 골목형상점가,골목형상점가,대전광역시,,,
e318fb6025d6b174d117,full_annotation_v1,A,q_양식_03,브런치,음식점 중 '양식'을 판매·제공하는 매장,train,양식,T2 동의어,76de33aa-0e10-4ba6-8822-97cd27edae3e,요키 코-히-,브런치,남성역먹거리골목형상점가,골목형상점가,서울특별시,,,
02f6f6c03facf6370bbb,full_annotation_v1,A,q_양식_03,브런치,음식점 중 '양식'을 판매·제공하는 매장,train,양식,T2 동의어,5478723b-3ffa-4cd7-a1da-da8d01383bf7,레구르,브런치 커피,용대로119번길 골목형상점가,골목형상점가,광주광역시,,,
a6e10d124ecebdca8c3e,full_annotation_v1,A,q_양식_03,브런치,음식점 중 '양식'을 판매·제공하는 매장,train,양식,T2 동의어,040b391d-a92f-4db4-90cd-eb2c0720eb78,eating,파스타 덮밥 피자,여주 터미널상점가,자율상권구역,경기도,,,
2793bb3212f5e5a6e6dd,full_annotation_v1,A,q_양식_03,브런치,음식점 중 '양식'을 판매·제공하는 매장,train,양식,T2 동의어,a992ef81-26f6-4b75-888a-a81aebc02ed9,미즈쥬얼리,귀금속및시계,골드테마거리,전통시장,부산광역시,,,
5ca5d129eb294b3737f8,full_annotation_v1,A,q_양식_03,브런치,음식점 중 '양식'을 판매·제공하는 매장,train,양식,T2 동의어,cfe24c50-7b2d-4dab-a8ce-82ea7174e814,모카디벨로,커피 브런치,봉주 골목형상점가,골목형상점가,광주광역시,,,
e096316aae373e00916a,full_annotation_v1,A,q_양식_03,브런치,음식점 중 '양식'을 판매·제공하는 매장,train,양식,T2 동의어,37040d88-99c7-47d5-a21e-b45c679977aa,더수풀,브런치,"지웰시티몰 1,2단지 골목형상점가",골목형상점가,충청남도,,,
2f836f26c13c70f23ea3,full_annotation_v1,A,q_양식_03,브런치,음식점 중 '양식'을 판매·제공하는 매장,train,양식,T2 동의어,02d49b6b-4c61-4aef-a15f-338ca1a59f59,레레하우스,파스타 피자 스테이크,첨단지구 골목형상점가,골목형상점가,광주광역시,,,
2677f797a54978cbb322,full_annotation_v1,A,q_양식_03,브런치,음식점 중 '양식'을 판매·제공하는 매장,train,양식,T2 동의어,f2d5975f-4226-44d7-9576-69f0db557fc8,베네페페,"브런치, 파스타",귀인동먹거리촌 골목형상점가,골목형상점가,경기도,,,
dc7850477e3ab5bfcc71,full_annotation_v1,A,q_양식_03,브런치,음식점 중 '양식'을 판매·제공하는 매장,train,양식,T2 동의어,1c70994d-c693-4061-9967-f0513e155fd5,소울플레이트,브런치 양식 커피,치동천 수변상가,자율상권구역,경기도,,,
111988fe295c1fa7dfc7,full_annotation_v1,A,q_양식_03,브런치,음식점 중 '양식'을 판매·제공하는 매장,train,양식,T2 동의어,cb0aa461-de63-4fd3-8bcb-39db2032f01b,택이네조개전골 봉명점,조개전골,봉명동우산거리 골목형상점가,골목형상점가,대전광역시,,,
bd887815ab63445aae25,full_annotation_v1,A,q_양식_03,브런치,음식점 중 '양식'을 판매·제공하는 매장,train,양식,T2 동의어,01ae42ea-516f-48b6-b198-376d1a40e55a,돈미정,돈가스,청주북부시장,전통시장,충청북도,,,
147c34d0157198213611,full_annotation_v1,A,q_양식_03,브런치,음식점 중 '양식'을 판매·제공하는 매장,train,양식,T2 동의어,d0224569-5989-417e-9d43-769374195888,대원수입,수입잡화,서문시장4지구종합대체상가(베네시움),전통시장,대구광역시,,,
19ccfbce1cd5d2525b39,full_annotation_v1,A,q_양식_03,브런치,음식점 중 '양식'을 판매·제공하는 매장,train,양식,T2 동의어,f2969a61-6964-451a-a533-2f30d1e1744b,예당가구,가구,당진원시가지상가,자율상권구역,충청남도,,,
e9ba4b7947d60eb27b07,full_annotation_v1,A,q_양식_03,브런치,음식점 중 '양식'을 판매·제공하는 매장,train,양식,T2 동의어,fafd8bf6-e1f4-44d9-9b94-dcc2d8f41c44,미성실내마차,닭볶음탕 돼지주물럭,옥계OK골목형상점가,골목형상점가,강원특별자치도,,,
86525982ad904f0d2a1b,full_annotation_v1,A,q_양식_03,브런치,음식점 중 '양식'을 판매·제공하는 매장,train,양식,T2 동의어,12326a6f-72f4-424b-8a36-ce75552f76e8,마렌토,브런치,민락수변공원 골목형상점가,골목형상점가,부산광역시,,,
566bf34e175432313a66,full_annotation_v1,A,q_양식_03,브런치,음식점 중 '양식'을 판매·제공하는 매장,train,양식,T2 동의어,01099186-2ca7-4ca1-b535-39cf1ff0c4d8,섬bar,서양식,뚝도시장,전통시장,서울특별시,,,
581080c176182960e37a,full_annotation_v1,A,q_양식_03,브런치,음식점 중 '양식'을 판매·제공하는 매장,train,양식,T2 동의어,98a18cd1-f6a7-442c-b424-69042c2e09e5,엄마반찬,반찬,관문상가시장,전통시장,대구광역시,,,
60ed1e8d55e6c4b32d47,full_annotation_v1,A,q_양식_03,브런치,음식점 중 '양식'을 판매·제공하는 매장,train,양식,T2 동의어,2cae148e-215f-41c5-a9d9-9ae9c2cde881,카페그로스,커피 디저트 브런치,하남3지구 골목형상점가,골목형상점가,광주광역시,,,
5e33856fc4e935a572f1,full_annotation_v1,A,q_양식_03,브런치,음식점 중 '양식'을 판매·제공하는 매장,train,양식,T2 동의어,00a22095-ea5b-4ad7-802b-4b59961b9c33,한양 고잔점,한식 양식,고잔뜰 상점가,자율상권구역,경기도,,,
efe474e14f5565e0d4f9,full_annotation_v1,A,q_양식_03,브런치,음식점 중 '양식'을 판매·제공하는 매장,train,양식,T2 동의어,9ac9122d-1d67-4b88-b0f8-f9443a0ee301,나이테,브런치,동구청앞 골목형상점가,골목형상점가,광주광역시,,,
401169c1aef1b861c401,full_annotation_v1,A,q_양식_03,브런치,음식점 중 '양식'을 판매·제공하는 매장,train,양식,T2 동의어,b4485ee2-7232-46f0-b30c-610baeb58eca,해피포키,커피 디저트 브런치,반곡동 골목형상점가,골목형상점가,세종특별자치시,,,
a6ff4807edd386804507,full_annotation_v1,A,q_양식_03,브런치,음식점 중 '양식'을 판매·제공하는 매장,train,양식,T2 동의어,bc73abcd-4757-4c3e-9351-10578c66df41,미드픽(midpick),브런치,운천테라스길상인회 골목형상점가,골목형상점가,광주광역시,,,
0de9019f244e574cbdf0,full_annotation_v1,A,q_양식_03,브런치,음식점 중 '양식'을 판매·제공하는 매장,train,양식,T2 동의어,056a9aa6-2c41-4eb8-ba88-88386b4aa8ea,중앙다방,다방,안동구담시장,전통시장,경상북도,,,
0b2b43d8e1ede183264b,full_annotation_v1,A,q_양식_03,브런치,음식점 중 '양식'을 판매·제공하는 매장,train,양식,T2 동의어,0a5af1f3-8437-4347-a579-f33d73fe5463,로스빌리지,커피 및 디저트 브런치,의정부시 구도심 상권활성화구역,상권활성화구역,경기도,,,
f5dcd764633fa8d5fac2,full_annotation_v1,A,q_양식_03,브런치,음식점 중 '양식'을 판매·제공하는 매장,train,양식,T2 동의어,1068f928-709b-46cc-bef9-eb04e959e875,케뚜,브런치,연희동골목형상점가,골목형상점가,서울특별시,,,
6920061337d2228eae34,full_annotation_v1,A,q_양식_03,브런치,음식점 중 '양식'을 판매·제공하는 매장,train,양식,T2 동의어,0ef964c8-07f3-4859-99f1-6cdae01a8fc4,더문,스테이크,운천호수공원상인회 골목형상점가,골목형상점가,광주광역시,,,
aeab670fa3890a097efd,full_annotation_v1,A,q_양식_03,브런치,음식점 중 '양식'을 판매·제공하는 매장,train,양식,T2 동의어,bcebf1d5-d1ef-4ddd-bd3c-9ce9184c67b3,카페맑음,"샌드위치, 브런치",나성동 국세청 골목형상점가,골목형상점가,세종특별자치시,,,
7aa515b0067b79160c23,full_annotation_v1,A,q_양식_03,브런치,음식점 중 '양식'을 판매·제공하는 매장,train,양식,T2 동의어,d087f8c8-6b56-4071-9957-cd64c0b70694,요켈,샐러드 샌드위치 브런치,방림1어린이공원 골목형상점가,골목형상점가,광주광역시,,,
cdf6669de5d23a1191e0,full_annotation_v1,A,q_양식_03,브런치,음식점 중 '양식'을 판매·제공하는 매장,train,양식,T2 동의어,00e80339-1353-4885-81d7-0746a437abb2,포식 용인한숲시티점,쌀국수 돈까스 함박스테이크,남사한숲 골목형상점가,골목형상점가,경기도,,,
ef1c35a2d847fd01fc5c,full_annotation_v1,A,q_양식_04,스테이크,음식점 중 '양식'을 판매·제공하는 매장,train,양식,T2 동의어,ad7ec8a5-6c43-4309-a326-855ea4a40a38,스테이크집,스테이크,풍암중앙상인회 골목형상점가,골목형상점가,광주광역시,,,
32924ec24b75e8308a87,full_annotation_v1,A,q_양식_04,스테이크,음식점 중 '양식'을 판매·제공하는 매장,train,양식,T2 동의어,876a0acc-a638-4692-906d-4eb34560c82e,아르떼,피자. 파스타. 스테이크,원신흥 골목형상점가,골목형상점가,대전광역시,,,
2b7799757d253f877a52,full_annotation_v1,A,q_양식_04,스테이크,음식점 중 '양식'을 판매·제공하는 매장,train,양식,T2 동의어,4feb9744-decc-4017-b51c-f42d58b56a19,진달래언니,아동복,서귀포향토오일시장,전통시장,제주특별자치도,,,
2603025be08a3afd76e5,full_annotation_v1,A,q_양식_04,스테이크,음식점 중 '양식'을 판매·제공하는 매장,train,양식,T2 동의어,769f576f-e37d-4c5d-a2b2-1290268b8b69,한양정육점,정육,오산오색시장(구 오산중앙시장),전통시장,경기도,,,
673a7ae1552da615b25a,full_annotation_v1,A,q_양식_04,스테이크,음식점 중 '양식'을 판매·제공하는 매장,train,양식,T2 동의어,cfe025e6-48e6-4563-baba-ac33e0948d6d,폰더스트,스테이크,탁옥로 골목형상점가,골목형상점가,인천광역시,,,
6cb31732c070c2861f35,full_annotation_v1,A,q_양식_04,스테이크,음식점 중 '양식'을 판매·제공하는 매장,train,양식,T2 동의어,00362b85-cb9a-4318-9059-12f768d76197,파리바게뜨전주인후점,제과점,소나무 골목형상점가,골목형상점가,전북특별자치도,,,
0538c621902e244bb7a4,full_annotation_v1,A,q_양식_04,스테이크,음식점 중 '양식'을 판매·제공하는 매장,train,양식,T2 동의어,c7945bbf-d5c0-4958-8233-cbc674c3d8ab,어흥식당 경희대점,스테이크,회기랑길골목형상점가,골목형상점가,서울특별시,,,
c54f1851cfb21e7db3ca,full_annotation_v1,A,q_양식_04,스테이크,음식점 중 '양식'을 판매·제공하는 매장,train,양식,T2 동의어,6ae10e5f-7813-43ad-ab11-10d079f4435e,도쿄스테이크,스테이크,해남읍 원도심 상권활성화구역,상권활성화구역,전라남도,,,
3d346f1b51cf0ba93c89,full_annotation_v1,A,q_양식_04,스테이크,음식점 중 '양식'을 판매·제공하는 매장,train,양식,T2 동의어,02d49b6b-4c61-4aef-a15f-338ca1a59f59,레레하우스,파스타 피자 스테이크,첨단지구 골목형상점가,골목형상점가,광주광역시,,,
fb4fd3bf43e0b4d878eb,full_annotation_v1,A,q_양식_04,스테이크,음식점 중 '양식'을 판매·제공하는 매장,train,양식,T2 동의어,0c7dce91-0eaf-46fe-9c72-5c07d0b3945e,네모에이드,"브런치, 공방",댕리단길 골목형상점가,골목형상점가,경기도,,,
2e6092b4c4ba878463df,full_annotation_v1,A,q_양식_04,스테이크,음식점 중 '양식'을 판매·제공하는 매장,train,양식,T2 동의어,6d62ecf4-1f57-4ee5-a60c-bd90e9bf9436,코바그릴,스테이크,대흥동 특화거리 상점가,자율상권구역,대전광역시,,,
d8b809fb15a41719ee6f,full_annotation_v1,A,q_양식_04,스테이크,음식점 중 '양식'을 판매·제공하는 매장,train,양식,T2 동의어,e9725dd7-00e7-4d3f-b43d-3d63ea6c91f1,골드문트 진월,파스타 스테이크 등,금당로 골목형상점가,골목형상점가,광주광역시,,,
c66c27b35fa09fc440eb,full_annotation_v1,A,q_양식_04,스테이크,음식점 중 '양식'을 판매·제공하는 매장,train,양식,T2 동의어,85b5584f-fd10-40bc-a2b8-3cb6210f008f,웬유바이트,파스타 스테이크 브런치,한들물빛도시 골목형 상점가,골목형상점가,충청남도,,,
fb1217d84111cd7bdaca,full_annotation_v1,A,q_양식_04,스테이크,음식점 중 '양식'을 판매·제공하는 매장,train,양식,T2 동의어,3ee43565-dce4-4732-945c-c857bd28ea72,홍익스테이크,스테이크,삼호읍 중앙 골목형상점가,골목형상점가,전라남도,,,
2946da36da8887800307,full_annotation_v1,A,q_양식_04,스테이크,음식점 중 '양식'을 판매·제공하는 매장,train,양식,T2 동의어,27cf139b-1f60-400b-9b91-38af5cc39a2c,와인딩,"파스타, 스테이크",둔산2동 골목형상점가,골목형상점가,대전광역시,,,
54f507c15bed83d1cd40,full_annotation_v1,A,q_양식_04,스테이크,음식점 중 '양식'을 판매·제공하는 매장,train,양식,T2 동의어,01099186-2ca7-4ca1-b535-39cf1ff0c4d8,섬bar,서양식,뚝도시장,전통시장,서울특별시,,,
98b62546111fd7822935,full_annotation_v1,A,q_양식_04,스테이크,음식점 중 '양식'을 판매·제공하는 매장,train,양식,T2 동의어,c188993c-c270-4f18-87df-5b482545ab34,까사피에스타 스테이크&파스타 북구본점,한식 양식,용주로사랑길 골목형상점가,골목형상점가,광주광역시,,,
afe2ebb29471de97e664,full_annotation_v1,A,q_양식_04,스테이크,음식점 중 '양식'을 판매·제공하는 매장,train,양식,T2 동의어,26fce3b4-de6a-4401-8674-ba2634f5263c,불독스테이크,양식,송탄시장(송북시장),전통시장,경기도,,,
cb44f3f34556817a5a55,full_annotation_v1,A,q_양식_04,스테이크,음식점 중 '양식'을 판매·제공하는 매장,train,양식,T2 동의어,9c80e652-f63d-49d8-ae4e-706ca8307ee7,리틀파스타 인창점,파스타 화덕피자 스테이크 샐러드,구리역골목형상점가,골목형상점가,경기도,,,
ab9e8a12141da195d111,full_annotation_v1,A,q_양식_04,스테이크,음식점 중 '양식'을 판매·제공하는 매장,train,양식,T2 동의어,012a896d-ccbb-4333-9e6f-81aa9b7e5f3f,레코드피자,양식,녹두 골목형상점가,골목형상점가,서울특별시,,,
1ff42cea12ef48e4a03c,full_annotation_v1,A,q_양식_04,스테이크,음식점 중 '양식'을 판매·제공하는 매장,train,양식,T2 동의어,42688dd1-d1fa-4ba2-a5a1-f4e164e5fb07,보떼샤론타운화장품,"소매, 서비스(화장품,피부관리)",관악신사시장,전통시장,서울특별시,,,
aaadd0879386a90fbce7,full_annotation_v1,A,q_양식_04,스테이크,음식점 중 '양식'을 판매·제공하는 매장,train,양식,T2 동의어,c1213f69-bf25-473f-b2ee-da2cfc0c5d3f,심야스테이크,스테이크파스타주류,송죽만석 골목형상점가,골목형상점가,경기도,,,
4fb4c846324e96cf75d7,full_annotation_v1,A,q_양식_04,스테이크,음식점 중 '양식'을 판매·제공하는 매장,train,양식,T2 동의어,039d7f3d-7fb9-47ea-944e-8ba3d2dcfbe7,삼익가스,가스,마산어시장,전통시장,경상남도,,,
0f556befe2d40d40faad,full_annotation_v1,A,q_양식_04,스테이크,음식점 중 '양식'을 판매·제공하는 매장,train,양식,T2 동의어,e84348fd-aefb-4d72-9a01-8a332b64c42a,마초스테이크(광주동명점),스테이크,동명동 카페거리 골목형상점가,골목형상점가,광주광역시,,,
d185c0fb76a98cbe2b46,full_annotation_v1,A,q_양식_04,스테이크,음식점 중 '양식'을 판매·제공하는 매장,train,양식,T2 동의어,2d3fcc36-7c74-410c-b61d-0e29a060ae9d,뉴욕야시장,스테이크 치킨,청마로 골목형상점가,골목형상점가,인천광역시,,,
7dc8e3282bf6f2fae5f5,full_annotation_v1,A,q_양식_04,스테이크,음식점 중 '양식'을 판매·제공하는 매장,train,양식,T2 동의어,b22af0a2-c039-4a01-9d3c-90de1fa22bea,더리터(달서시장점),카페,달서시장,전통시장,대구광역시,,,
61c3de038e01a0189756,full_annotation_v1,A,q_양식_04,스테이크,음식점 중 '양식'을 판매·제공하는 매장,train,양식,T2 동의어,0061123f-a676-4556-9633-5fbc4ecaf6ef,치즈케익카스테라카페,제과,북가좌동 골목형상점가,골목형상점가,서울특별시,,,
03eb307c8a701b56c33c,full_annotation_v1,A,q_양식_04,스테이크,음식점 중 '양식'을 판매·제공하는 매장,train,양식,T2 동의어,90e6da01-2be5-45f9-9135-f8ba82b72dd3,조스테이크,양식,소담마실길 골목형상점가,골목형상점가,세종특별자치시,,,
6057170a45f3378266f3,full_annotation_v1,A,q_양식_04,스테이크,음식점 중 '양식'을 판매·제공하는 매장,train,양식,T2 동의어,cf04ebd6-2ca7-4318-aed0-1e2bd52546e9,타펠룬데 서울 송도점,스테이크 파스타,송도 타임스페이스 골목형상점가,골목형상점가,인천광역시,,,
2f15aba297f7dec277a3,full_annotation_v1,A,q_양식_04,스테이크,음식점 중 '양식'을 판매·제공하는 매장,train,양식,T2 동의어,f8b10fd8-b1e5-43ab-8569-2529480a6c6a,타오,"스테이크, 파스타, 화덕피자",신창동일번국도가구의거리 골목형상점가,골목형상점가,광주광역시,,,
0876a835b10b115addcf,full_annotation_v1,A,q_양식_04,스테이크,음식점 중 '양식'을 판매·제공하는 매장,train,양식,T2 동의어,ea622f62-4dc4-4e4f-98d9-966a922cae25,미암미암,스테이크,해방촌 골목형상점가,골목형상점가,서울특별시,,,
be9fa2f6a2a3de3b2326,full_annotation_v1,A,q_양식_04,스테이크,음식점 중 '양식'을 판매·제공하는 매장,train,양식,T2 동의어,216aa576-e2f2-481b-86d3-c1d83d5c5e48,홍대함바그,스테이크,성서계대로데오거리 골목형상점가,골목형상점가,대구광역시,,,
0592f829319690f16546,full_annotation_v1,A,q_양식_04,스테이크,음식점 중 '양식'을 판매·제공하는 매장,train,양식,T2 동의어,6b2fdee8-23bc-4d9e-8d5f-e89542bd7589,제이제이버거,스테이크 수제버거 샐러드 파스타,의정부시 구도심 상권활성화구역,상권활성화구역,경기도,,,
acd4a4ca92fe53e0bec4,full_annotation_v1,A,q_양식_04,스테이크,음식점 중 '양식'을 판매·제공하는 매장,train,양식,T2 동의어,436adcc7-5403-4d5b-9325-f2c45877700b,주식회사 아이와즈,"파스타, 스테이크, 샐러드, 커피, 음료",상하완길 골목형상점가,골목형상점가,광주광역시,,,
9ef8b7390973624560b1,full_annotation_v1,A,q_양식_04,스테이크,음식점 중 '양식'을 판매·제공하는 매장,train,양식,T2 동의어,17362d9b-78e2-4598-adf2-9e505893b8e4,스테이크펍,양식,수완중흥대방 골목형상점가,골목형상점가,광주광역시,,,
ee5320c7bf2398a1bb2d,full_annotation_v1,A,q_양식_04,스테이크,음식점 중 '양식'을 판매·제공하는 매장,train,양식,T2 동의어,4b0a4286-d5ad-4cff-8a61-638e23c49e7e,털보스테이크,한식,을지명보골목형상점가,골목형상점가,서울특별시,,,
97b087762fd23adcfb8b,full_annotation_v1,A,q_양식_04,스테이크,음식점 중 '양식'을 판매·제공하는 매장,train,양식,T2 동의어,25880008-7097-4c51-bd97-427428f7add0,박가네시장국밥,한식,모라전통시장,전통시장,부산광역시,,,
d6cb7042d6e4a9616ee8,full_annotation_v1,A,q_양식_04,스테이크,음식점 중 '양식'을 판매·제공하는 매장,train,양식,T2 동의어,065b7b13-3b93-45e7-b5c0-3f58a16a5304,카츠림,돈가스,청계면 목대후문 골목형상점가,골목형상점가,전라남도,,,
103a40a406f243006873,full_annotation_v1,A,q_양식_04,스테이크,음식점 중 '양식'을 판매·제공하는 매장,train,양식,T2 동의어,040b391d-a92f-4db4-90cd-eb2c0720eb78,eating,파스타 덮밥 피자,여주 터미널상점가,자율상권구역,경기도,,,
a3e8b585689a2d9d35f4,full_annotation_v1,A,q_양식_04,스테이크,음식점 중 '양식'을 판매·제공하는 매장,train,양식,T2 동의어,080aca9f-49b7-4de4-91d7-15abef6948b4,토담두부마을,한식,창원 경창상가,전통시장,경상남도,,,
356923699f670d5bbb00,full_annotation_v1,A,q_양식_04,스테이크,음식점 중 '양식'을 판매·제공하는 매장,train,양식,T2 동의어,00a22095-ea5b-4ad7-802b-4b59961b9c33,한양 고잔점,한식 양식,고잔뜰 상점가,자율상권구역,경기도,,,
8d1b07ff44500c6a08a9,full_annotation_v1,A,q_양식_04,스테이크,음식점 중 '양식'을 판매·제공하는 매장,train,양식,T2 동의어,02fa5d6f-5100-4cd5-8a9f-184877f99878,덕수파스타 원주 일산점,,중앙로골목형상점가,골목형상점가,강원특별자치도,,,
790419fa865173454219,full_annotation_v1,A,q_양식_04,스테이크,음식점 중 '양식'을 판매·제공하는 매장,train,양식,T2 동의어,15b89ede-9af8-455a-bee0-8c1a30fdd8f5,케이브,스테이크연어,전곡전통시장,전통시장,경기도,,,
657af92fd94b4327a5ee,full_annotation_v1,A,q_양식_04,스테이크,음식점 중 '양식'을 판매·제공하는 매장,train,양식,T2 동의어,d091e673-e3c2-4e76-8120-a132e07be611,하트,의류,㈜르네시떼,전통시장,부산광역시,,,
f48d79810ec30d311a50,full_annotation_v1,A,q_양식_04,스테이크,음식점 중 '양식'을 판매·제공하는 매장,train,양식,T2 동의어,40c4515a-9600-4481-b56e-ca314cda9dc7,오일리,파스타 스테이크 리조또,송도 타임스페이스 골목형상점가,골목형상점가,인천광역시,,,
f186aeefd6b8d5bc1fb0,full_annotation_v1,A,q_양식_04,스테이크,음식점 중 '양식'을 판매·제공하는 매장,train,양식,T2 동의어,43e82778-80de-408d-a00a-250f0f81619b,리미트,파스타 스테이크,초록거리 골목형상점가,골목형상점가,경기도,,,
cff01cc4bac586b022d2,full_annotation_v1,A,q_양식_04,스테이크,음식점 중 '양식'을 판매·제공하는 매장,train,양식,T2 동의어,001bc028-a43e-44d4-9682-db280a4998cc,파리바게뜨전주근영점,제과점,근영누리 골목형상점가,골목형상점가,전북특별자치도,,,
7d2b281629abc4904b56,full_annotation_v1,A,q_양식_04,스테이크,음식점 중 '양식'을 판매·제공하는 매장,train,양식,T2 동의어,d1b44534-d1a8-4481-8966-996f017b052a,서독안경원,안경,밀양 내일전통시장,전통시장,경상남도,,,
628e2364917ed8aba097,full_annotation_v1,A,q_양식_04,스테이크,음식점 중 '양식'을 판매·제공하는 매장,train,양식,T2 동의어,6143eee4-6c22-4230-a2ba-eca6b911fd3e,본앤우 480 동명지점,서양식 음식 스테이크,푸른마을공동체센터 골목형상점가,골목형상점가,광주광역시,,,
38ff6b6243906486dd67,full_annotation_v1,A,q_양식_04,스테이크,음식점 중 '양식'을 판매·제공하는 매장,train,양식,T2 동의어,83f55637-c072-4cdd-86f9-9872a88497cb,센스쟁이,옷,호계공설시장,전통시장,울산광역시,,,
cba14343f373a2edf870,full_annotation_v1,A,q_양식_04,스테이크,음식점 중 '양식'을 판매·제공하는 매장,train,양식,T2 동의어,0a5af1f3-8437-4347-a579-f33d73fe5463,로스빌리지,커피 및 디저트 브런치,의정부시 구도심 상권활성화구역,상권활성화구역,경기도,,,
d1bdc9c90be57d173f3e,full_annotation_v1,A,q_양식_04,스테이크,음식점 중 '양식'을 판매·제공하는 매장,train,양식,T2 동의어,a600e671-b676-4107-b1ba-21dba4671cd1,임계식당,한식,강릉성남시장,전통시장,강원특별자치도,,,
daa76bc0824b28709f62,full_annotation_v1,A,q_양식_04,스테이크,음식점 중 '양식'을 판매·제공하는 매장,train,양식,T2 동의어,00648f38-2954-48a3-b373-37745a65aaba,도쿄파스타 클럽,양식,잠원하길골목형상점가,골목형상점가,서울특별시,,,
11d978ad1fd8e7ea8385,full_annotation_v1,A,q_양식_04,스테이크,음식점 중 '양식'을 판매·제공하는 매장,train,양식,T2 동의어,3e93312b-fa2d-4b1b-b89f-77e6d2a1f12e,이태리 휴게소,파스타 필라프 스테이크,부천 옥길 골목형상점가,골목형상점가,경기도,,,
2da05296dd152ac9a871,full_annotation_v1,A,q_양식_04,스테이크,음식점 중 '양식'을 판매·제공하는 매장,train,양식,T2 동의어,8f38429f-6ae0-4a41-b8f2-9c2e1a73e329,더리터,커피,목련시장,전통시장,대구광역시,,,
975de4e1a6643b641ba8,full_annotation_v1,A,q_양식_04,스테이크,음식점 중 '양식'을 판매·제공하는 매장,train,양식,T2 동의어,847dab8d-bf08-40f3-8ee2-aa42f62e851d,라라코스트(북항점),파스타 피자 스테이크,뒷개로청춘골목상점가,골목형상점가,전라남도,,,
6c02ecb1a6421c48b2d8,full_annotation_v1,A,q_양식_04,스테이크,음식점 중 '양식'을 판매·제공하는 매장,train,양식,T2 동의어,2b73056b-997b-4ba9-8749-b9b7917b399a,(주)한결11 (베니니),"파스타, 스테이크, 샐러드",혁신도시5구역골목형상점가,골목형상점가,강원특별자치도,,,
8ee8b54424bdb591b2b4,full_annotation_v1,A,q_양식_04,스테이크,음식점 중 '양식'을 판매·제공하는 매장,train,양식,T2 동의어,0c4a74db-4ddc-4eb2-8344-07bd2bbdf3e0,파슷타애요,파스타 샐러드 스테이크 필라프,상무쌍촌역상인회 골목형상점가,골목형상점가,광주광역시,,,
42d4ac43569ce820717d,full_annotation_v1,A,q_양식_04,스테이크,음식점 중 '양식'을 판매·제공하는 매장,train,양식,T2 동의어,f3373812-68cd-48c9-a2a3-918b0624358d,훗스테이크,수입 소고기,동명동 카페거리 골목형상점가,골목형상점가,광주광역시,,,
c9bf3db2f83fed22d931,full_annotation_v1,A,q_양식_04,스테이크,음식점 중 '양식'을 판매·제공하는 매장,train,양식,T2 동의어,593ad163-cdbb-4efd-baa5-f2c3fe1d40c6,핵스테이크 화정점,분식,화정로상인회 골목형상점가,골목형상점가,광주광역시,,,
d4c6c898b0f85ea499ce,full_annotation_v1,A,q_양식_04,스테이크,음식점 중 '양식'을 판매·제공하는 매장,train,양식,T2 동의어,4251c56f-135d-46c5-a6d4-786be2524898,오렌지블루스천안점,파스타.스테이크.수제버거,시청앞 골목형상점가,골목형상점가,충청남도,,,
f33da2980c32aa234c01,full_annotation_v1,A,q_양식_04,스테이크,음식점 중 '양식'을 판매·제공하는 매장,train,양식,T2 동의어,002d0d06-15b2-463e-b789-b0232bcc6681,뚜레주르버들마을점,제과,버들마을상인회 골목형상점가,골목형상점가,광주광역시,,,
4bfd4934f007a76209f0,full_annotation_v1,A,q_양식_04,스테이크,음식점 중 '양식'을 판매·제공하는 매장,train,양식,T2 동의어,8e8c5e59-b5aa-4297-98d3-7717d86f7c78,가람정보통신,이동통신기기,성남중앙지하시장,일반지하상점가,경기도,,,
ed8ef15e9e9fea15871d,full_annotation_v1,A,q_양식_04,스테이크,음식점 중 '양식'을 판매·제공하는 매장,train,양식,T2 동의어,00a88093-8a14-41ad-8b1f-d35632be9f3b,한아름빵집,제과,신평골목시장,전통시장,부산광역시,,,
c47031021247e53e2950,full_annotation_v1,A,q_양식_04,스테이크,음식점 중 '양식'을 판매·제공하는 매장,train,양식,T2 동의어,2abe6ae3-9d1d-4532-9b7d-8dc9754f8911,"또,봄","파스타, 피자, 스테이크",온누리 골목형상점가,골목형상점가,경기도,,,
d699460ed53899565776,full_annotation_v1,A,q_양식_04,스테이크,음식점 중 '양식'을 판매·제공하는 매장,train,양식,T2 동의어,5f6eae0a-b544-47e9-ab32-f8b575256955,채도,"파스타, 스테이크",별내로데오상점가,골목형상점가,경기도,,,
7a47469796d8dfe68f5b,full_annotation_v1,A,q_양식_04,스테이크,음식점 중 '양식'을 판매·제공하는 매장,train,양식,T2 동의어,062b7cb0-525c-4b41-9dd3-961539a6da81,카츠앤맘,"일식, 돈가스",전남대 상대 골목형상점가,골목형상점가,광주광역시,,,
e312e550fff1538047b4,full_annotation_v1,A,q_양식_04,스테이크,음식점 중 '양식'을 판매·제공하는 매장,train,양식,T2 동의어,0f10060e-20fc-4c00-a8dd-5827ce984528,러브런치(LuvLunch),브런치 카페,거제 상동 골목형상점가,골목형상점가,경상남도,,,
6e09d77774767937f303,full_annotation_v1,A,q_양식_04,스테이크,음식점 중 '양식'을 판매·제공하는 매장,train,양식,T2 동의어,65f4db6a-2585-44e7-96f1-7769129b25a0,팬을든부엉이,파스타 스테이크 샐러드,혁신도시2구역골목형상점가,골목형상점가,강원특별자치도,,,
e3017240d0520313de25,full_annotation_v1,A,q_양식_04,스테이크,음식점 중 '양식'을 판매·제공하는 매장,train,양식,T2 동의어,00e80339-1353-4885-81d7-0746a437abb2,포식 용인한숲시티점,쌀국수 돈까스 함박스테이크,남사한숲 골목형상점가,골목형상점가,경기도,,,
05b67ed3778ceaeeac0f,full_annotation_v1,A,q_양식_04,스테이크,음식점 중 '양식'을 판매·제공하는 매장,train,양식,T2 동의어,3af250dc-ebe2-4d65-953d-2f57039928b9,시장골목,스테이크,의정부시 구도심 상권활성화구역,상권활성화구역,경기도,,,
a17a45b8d7e7f85b090d,full_annotation_v1,A,q_양식_04,스테이크,음식점 중 '양식'을 판매·제공하는 매장,train,양식,T2 동의어,748e5430-e7ab-4b7b-990a-409812fac45e,느낌,파스타 스테이크,면곡시장 골목형상점가,골목형상점가,서울특별시,,,
3f7ad5baa9608c427de0,full_annotation_v1,A,q_양식_04,스테이크,음식점 중 '양식'을 판매·제공하는 매장,train,양식,T2 동의어,b27d58db-9d4a-4418-855b-177a32fc7f22,퍼줄브런치카페,스테이크,신흥로데오거리상점가,골목형상점가,경기도,,,
66548803446ed981607c,full_annotation_v1,A,q_양식_04,스테이크,음식점 중 '양식'을 판매·제공하는 매장,train,양식,T2 동의어,2ee27888-99ff-4ebf-9d71-ee6935c8a6ef,큐브스테이크,음식점,서문시장야시장,상권활성화구역,대구광역시,,,
58e07d75b124924878c9,full_annotation_v1,A,q_양식_04,스테이크,음식점 중 '양식'을 판매·제공하는 매장,train,양식,T2 동의어,0bc8ebe3-32d5-45ff-9214-8cb4d62c5780,카츠현 다사점,돈가스,(유)다사소상공인연합,골목형상점가,대구광역시,,,
42fd09db33b4d6632b7d,full_annotation_v1,A,q_양식_04,스테이크,음식점 중 '양식'을 판매·제공하는 매장,train,양식,T2 동의어,4551b362-3b04-44df-98e9-df17c804b8e4,상남자스테이크,커피,속초종합중앙시장,전통시장,강원특별자치도,,,
7f614b9b1d5d36916795,full_annotation_v1,A,q_양식_04,스테이크,음식점 중 '양식'을 판매·제공하는 매장,train,양식,T2 동의어,246c857c-2e08-49b3-929a-41889adac4c3,스테이크하우스 까사비노,스테이크,나성동 골목형상점가,골목형상점가,세종특별자치시,,,
62e856b3283052748175,full_annotation_v1,A,q_양식_04,스테이크,음식점 중 '양식'을 판매·제공하는 매장,train,양식,T2 동의어,01ae42ea-516f-48b6-b198-376d1a40e55a,돈미정,돈가스,청주북부시장,전통시장,충청북도,,,
3504c81cdb5a32f72306,full_annotation_v1,A,q_양식_04,스테이크,음식점 중 '양식'을 판매·제공하는 매장,train,양식,T2 동의어,0ef964c8-07f3-4859-99f1-6cdae01a8fc4,더문,스테이크,운천호수공원상인회 골목형상점가,골목형상점가,광주광역시,,,
fb24b32c8ab8b78bcd51,full_annotation_v1,A,q_양식_04,스테이크,음식점 중 '양식'을 판매·제공하는 매장,train,양식,T2 동의어,dee9465b-a512-4cc1-9311-f6b0361d0b0b,복떡마루,떡,용산용문시장,전통시장,서울특별시,,,
76d94fec03d2c5828d97,full_annotation_v1,A,q_양식_04,스테이크,음식점 중 '양식'을 판매·제공하는 매장,train,양식,T2 동의어,95b170f1-5fa7-4673-ac82-77646e38270f,파파스(papas),,거제 고현자율상권,,경상남도,,,
842ceb67a507617ab509,full_annotation_v1,A,q_양식_04,스테이크,음식점 중 '양식'을 판매·제공하는 매장,train,양식,T2 동의어,04120e1e-e969-4e43-9b25-4a0baacfae9f,소아브,"카페, 디저트, 브런치",유성도안 골목형상점가,골목형상점가,대전광역시,,,
5c7dc55c1655f6f4d866,full_annotation_v1,A,q_양식_04,스테이크,음식점 중 '양식'을 판매·제공하는 매장,train,양식,T2 동의어,7d084f31-5140-45b6-af31-29eb3c86986e,더그릴,스테이크,남사한숲 골목형상점가,골목형상점가,경기도,,,
0bfea477d6199e99da76,full_annotation_v1,A,q_양식_04,스테이크,음식점 중 '양식'을 판매·제공하는 매장,train,양식,T2 동의어,3f9e4e9e-7b26-4468-8900-664e89e6a28a,어느멋진날,스테이크 샐러드 피자 파스타,용두마을길 골목형상점가,골목형상점가,광주광역시,,,
ea5e0cff31e56feb2271,full_annotation_v1,A,q_양식_04,스테이크,음식점 중 '양식'을 판매·제공하는 매장,train,양식,T2 동의어,03f37d02-1eb9-4f82-ab05-be726fa24a36,우주파스타,,수정로 상권활성화구역,상권활성화구역,경기도,,,
4e4383cb0e7184b9c604,full_annotation_v1,A,q_양식_04,스테이크,음식점 중 '양식'을 판매·제공하는 매장,train,양식,T2 동의어,f74241d8-dff7-4d4e-8dad-cc4a2410358e,트라토리아펠리체,파스타 스테이크 피자,수완머그로 골목형상점가,골목형상점가,광주광역시,,,
15f1bf0fad63d3abcc51,full_annotation_v1,A,q_양식_04,스테이크,음식점 중 '양식'을 판매·제공하는 매장,train,양식,T2 동의어,144a0550-0797-4278-98df-2a82152951dd,더랜치,스테이크 수제가스 스파게티 덮밥 커피,송내역 3번출구 골목형상점가,골목형상점가,경기도,,,
2d8824aad0d6d5a51bac,full_annotation_v1,A,q_양식_04,스테이크,음식점 중 '양식'을 판매·제공하는 매장,train,양식,T2 동의어,79eb6ca4-048e-4eb3-86c3-7d2a3c975880,째즈257,"브런치, 스테이크, 피자, 파스타",송도 아트포레 판매시설 골목형상점가,골목형상점가,인천광역시,,,
35eb9ce1061685bdf94c,full_annotation_v1,A,q_양식_04,스테이크,음식점 중 '양식'을 판매·제공하는 매장,train,양식,T2 동의어,545151e7-1f99-4cb8-b5e0-641765e98223,베스띠벨리온양점,의류,"온양온천시장(온양재래시장, 전통시장)",전통시장,충청남도,,,
bc11ed740aa5a3486c73,full_annotation_v1,A,q_양식_04,스테이크,음식점 중 '양식'을 판매·제공하는 매장,train,양식,T2 동의어,51308aa3-e60c-404c-9d9f-07eb0984716c,대미헤어샵,미용업,동운초 골목형상점가,골목형상점가,광주광역시,,,
f6493dc01409c2ec803b,full_annotation_v1,A,q_양식_04,스테이크,음식점 중 '양식'을 판매·제공하는 매장,train,양식,T2 동의어,1474f769-ea4d-423c-bb1f-590a380292c3,치킨스테이크,치킨스테이크,경주중앙시장,전통시장,경상북도,,,
c6e5967abb25938c6200,full_annotation_v1,A,q_양식_04,스테이크,음식점 중 '양식'을 판매·제공하는 매장,train,양식,T2 동의어,00e9de4b-3c8d-44a2-bfc2-ddc91fe5a03b,대디파스타,파스타돈가스,벽산황계로 골목형상점가,골목형상점가,광주광역시,,,
02ab3340d954ff5370c0,full_annotation_v1,A,q_양식_04,스테이크,음식점 중 '양식'을 판매·제공하는 매장,train,양식,T2 동의어,77043127-c4bf-4877-ae47-22d61c86fc50,이뜰리,파스타 리조또 스테이크 피자,개항누리길 상점가,자율상권구역,인천광역시,,,
776b9066a9d0a2812f6a,full_annotation_v1,A,q_양식_04,스테이크,음식점 중 '양식'을 판매·제공하는 매장,train,양식,T2 동의어,0372d0ce-e9ee-4bb2-94c9-9ec16804cb1f,카페유,"커피, 케이크, 브런치",풍2동 골목형상점가,골목형상점가,경기도,,,
b2d24b2a161b968b2306,full_annotation_v1,A,q_양식_04,스테이크,음식점 중 '양식'을 판매·제공하는 매장,train,양식,T2 동의어,00fce4dc-3cbf-40a2-adb5-ba642f20b9e2,제이스쿠진,서양식,갈매리본거리 골목형상점가,골목형상점가,경기도,,,
5d7ef212dd57f6f922df,full_annotation_v1,A,q_양식_05,파스타,음식점 중 '양식'을 판매·제공하는 매장,train,양식,T2 동의어,56f14f67-48b5-408d-8524-355097e87b33,예쁘제,잡화,수정전통시장,전통시장,부산광역시,,,
b36878f79929371ef79e,full_annotation_v1,A,q_양식_05,파스타,음식점 중 '양식'을 판매·제공하는 매장,train,양식,T2 동의어,ea449616-073b-45f6-b795-8c64048ece26,프리덴,파스타,운림중인근 골목형상점가,골목형상점가,광주광역시,,,
fd410de7f263d144d25c,full_annotation_v1,A,q_양식_05,파스타,음식점 중 '양식'을 판매·제공하는 매장,train,양식,T2 동의어,2d2d33ea-ea2e-4cf2-995d-c135b62a01f9,하이프로틴-고단백파스타,파스타,화정현대 골목형상점가,골목형상점가,경기도,,,
615dcfd2abe858e9e5f0,full_annotation_v1,A,q_양식_05,파스타,음식점 중 '양식'을 판매·제공하는 매장,train,양식,T2 동의어,04205298-e1be-49f3-bf7b-a7229a9c30af,하카타 파스타,,경대북문 골목형상점가,골목형상점가,대구광역시,,,
75593b4c6e3b51559c33,full_annotation_v1,A,q_양식_05,파스타,음식점 중 '양식'을 판매·제공하는 매장,train,양식,T2 동의어,0a5af1f3-8437-4347-a579-f33d73fe5463,로스빌리지,커피 및 디저트 브런치,의정부시 구도심 상권활성화구역,상권활성화구역,경기도,,,
0fb96e8217039f637ecb,full_annotation_v1,A,q_양식_05,파스타,음식점 중 '양식'을 판매·제공하는 매장,train,양식,T2 동의어,ca198bbc-86d5-497a-a5c6-5ece06daf099,수니네식탁,파스타,삼례시장,전통시장,전북특별자치도,,,
94509d28b4db05b5ecc2,full_annotation_v1,A,q_양식_05,파스타,음식점 중 '양식'을 판매·제공하는 매장,train,양식,T2 동의어,039d7f3d-7fb9-47ea-944e-8ba3d2dcfbe7,삼익가스,가스,마산어시장,전통시장,경상남도,,,
d16cca65a0b2e1866bc6,full_annotation_v1,A,q_양식_05,파스타,음식점 중 '양식'을 판매·제공하는 매장,train,양식,T2 동의어,67eb5dcd-e60b-477c-9dec-b68ba453cce5,뒤파르크,파스타,치평광명상가상인회 골목형상점가,골목형상점가,광주광역시,,,
c052f48c6ad1c6cbbc2c,full_annotation_v1,A,q_양식_05,파스타,음식점 중 '양식'을 판매·제공하는 매장,train,양식,T2 동의어,97a64dfb-0b58-498a-ac58-34b23f382711,부부파스타,파스타,효천로 골목형상점가,골목형상점가,광주광역시,,,
1fb06684acf9c7d0ef75,full_annotation_v1,A,q_양식_05,파스타,음식점 중 '양식'을 판매·제공하는 매장,train,양식,T2 동의어,106b12c9-81a0-42f5-b8ed-13d01d035669,아주리,파스타,구미 금리단길 골목형상점가,골목형상점가,경상북도,,,
c6d6ef4410a9bb88138c,full_annotation_v1,A,q_양식_05,파스타,음식점 중 '양식'을 판매·제공하는 매장,train,양식,T2 동의어,144a0550-0797-4278-98df-2a82152951dd,더랜치,스테이크 수제가스 스파게티 덮밥 커피,송내역 3번출구 골목형상점가,골목형상점가,경기도,,,
cd7db00cdcb202b09f2b,full_annotation_v1,A,q_양식_05,파스타,음식점 중 '양식'을 판매·제공하는 매장,train,양식,T2 동의어,65aaf086-0952-40e2-9fae-b6d58ea3348c,명자네반찬,젓갈류,동래시장,전통시장,부산광역시,,,
2b1f46a3aa88b5e3f57c,full_annotation_v1,A,q_양식_05,파스타,음식점 중 '양식'을 판매·제공하는 매장,train,양식,T2 동의어,9ead3e44-a115-48b5-bddf-866dde01506c,파스타101,파스타,젊음의거리 상점가,자율상권구역,울산광역시,,,
56fefa95e658d8459dfd,full_annotation_v1,A,q_양식_05,파스타,음식점 중 '양식'을 판매·제공하는 매장,train,양식,T2 동의어,0bc8ebe3-32d5-45ff-9214-8cb4d62c5780,카츠현 다사점,돈가스,(유)다사소상공인연합,골목형상점가,대구광역시,,,
4872cb064d9004b7b67c,full_annotation_v1,A,q_양식_05,파스타,음식점 중 '양식'을 판매·제공하는 매장,train,양식,T2 동의어,a5783cfe-93aa-43cb-92a0-2c9784965a19,피콜로 파스타,파스타 전문,고운동상점가,자율상권구역,세종특별자치시,,,
25311816db5f2227e16d,full_annotation_v1,A,q_양식_05,파스타,음식점 중 '양식'을 판매·제공하는 매장,train,양식,T2 동의어,0c4a74db-4ddc-4eb2-8344-07bd2bbdf3e0,파슷타애요,파스타 샐러드 스테이크 필라프,상무쌍촌역상인회 골목형상점가,골목형상점가,광주광역시,,,
57baf6a111e42f20791b,full_annotation_v1,A,q_양식_05,파스타,음식점 중 '양식'을 판매·제공하는 매장,train,양식,T2 동의어,08fe0a77-48d2-412b-8a2c-a4f4f00f1a07,욕망,라자냐 파스타,합정동먹자골목골목형상점가,골목형상점가,서울특별시,,,
8d8ddefc757c18f3ad34,full_annotation_v1,A,q_양식_05,파스타,음식점 중 '양식'을 판매·제공하는 매장,train,양식,T2 동의어,293c2a89-705f-44d7-8537-d3706b1c545f,솔페지오 파스타,파스타,송림골 골목형상점가,골목형상점가,인천광역시,,,
b6ec10470b8bed727f46,full_annotation_v1,A,q_양식_05,파스타,음식점 중 '양식'을 판매·제공하는 매장,train,양식,T2 동의어,c61e4a69-5ccd-4611-886e-1103e5a7525b,덕수파스타포항효자점,파스타,효자시장,전통시장,경상북도,,,
443f6cebea2b86a2e3d0,full_annotation_v1,A,q_양식_05,파스타,음식점 중 '양식'을 판매·제공하는 매장,train,양식,T2 동의어,c04a4493-ada8-4c65-9277-53326d23b235,케렌시아,파스타,중흥상인회 골목형상점가,골목형상점가,광주광역시,,,
44aef280fb631ce3b9d0,full_annotation_v1,A,q_양식_05,파스타,음식점 중 '양식'을 판매·제공하는 매장,train,양식,T2 동의어,cc31a439-92a8-4407-bb3a-0ebf4ce55821,더세종약국,의약품,나성BRT 골목형상점가,골목형상점가,세종특별자치시,,,
766e32408679921e9bd5,full_annotation_v1,A,q_양식_05,파스타,음식점 중 '양식'을 판매·제공하는 매장,train,양식,T2 동의어,e3202b82-a4c1-49bd-898e-67a8322d353f,폰오프,파스타,첨단시리단길,골목형상점가,광주광역시,,,
6ce98d9dd7d676101ee7,full_annotation_v1,A,q_양식_05,파스타,음식점 중 '양식'을 판매·제공하는 매장,train,양식,T2 동의어,28628eb2-0d43-4260-b76f-c3b0f1d8223c,코사마트독산점,식품잡화,독산동 맛나는거리 상점가,자율상권구역,서울특별시,,,
4853465427005f702b69,full_annotation_v1,A,q_양식_05,파스타,음식점 중 '양식'을 판매·제공하는 매장,train,양식,T2 동의어,040b391d-a92f-4db4-90cd-eb2c0720eb78,eating,파스타 덮밥 피자,여주 터미널상점가,자율상권구역,경기도,,,
4e3eaf5695ecd755f034,full_annotation_v1,A,q_양식_05,파스타,음식점 중 '양식'을 판매·제공하는 매장,train,양식,T2 동의어,ff2c8e3e-4cfe-4960-844a-c1d48eec06d3,벨로,파스타,경대북문 골목형상점가,골목형상점가,대구광역시,,,
9e68e3ad969c05cdc02d,full_annotation_v1,A,q_양식_05,파스타,음식점 중 '양식'을 판매·제공하는 매장,train,양식,T2 동의어,b4a44a3e-f91d-4263-ae31-70fd024fa748,혜림쿡,파스타,지산목련시장(구 지산종합시장),전통시장,대구광역시,,,
efff7552bcd11336ea0f,full_annotation_v1,A,q_양식_05,파스타,음식점 중 '양식'을 판매·제공하는 매장,train,양식,T2 동의어,00648f38-2954-48a3-b373-37745a65aaba,도쿄파스타 클럽,양식,잠원하길골목형상점가,골목형상점가,서울특별시,,,
6934709debb0bd39263a,full_annotation_v1,A,q_양식_05,파스타,음식점 중 '양식'을 판매·제공하는 매장,train,양식,T2 동의어,c5afedee-d5d5-458d-a885-f885af9da7eb,스테이브,파스타,귀인동먹거리촌 골목형상점가,골목형상점가,경기도,,,
3e065f67d7c809d2f193,full_annotation_v1,A,q_양식_05,파스타,음식점 중 '양식'을 판매·제공하는 매장,train,양식,T2 동의어,002d0d06-15b2-463e-b789-b0232bcc6681,뚜레주르버들마을점,제과,버들마을상인회 골목형상점가,골목형상점가,광주광역시,,,
c9a55fab60239a81f4ff,full_annotation_v1,A,q_양식_05,파스타,음식점 중 '양식'을 판매·제공하는 매장,train,양식,T2 동의어,4463c23c-cc1e-4548-8c01-4ab5460ddb9e,루트에브리데이,서양음식,엔터식스 강남점,기타,서울특별시,,,
71bc0918c1c2410bcb95,full_annotation_v1,A,q_양식_05,파스타,음식점 중 '양식'을 판매·제공하는 매장,train,양식,T2 동의어,00362b85-cb9a-4318-9059-12f768d76197,파리바게뜨전주인후점,제과점,소나무 골목형상점가,골목형상점가,전북특별자치도,,,
17208f78db04168d1f39,full_annotation_v1,A,q_양식_05,파스타,음식점 중 '양식'을 판매·제공하는 매장,train,양식,T2 동의어,c611ea55-d12b-459f-ae1d-73bc089003b2,개신하나약국,약국,바람골골목형상점가,골목형상점가,충청북도,,,
d950db02b1a334f0cc75,full_annotation_v1,A,q_양식_05,파스타,음식점 중 '양식'을 판매·제공하는 매장,train,양식,T2 동의어,0c7dce91-0eaf-46fe-9c72-5c07d0b3945e,네모에이드,"브런치, 공방",댕리단길 골목형상점가,골목형상점가,경기도,,,
29b323843b0ee59bf831,full_annotation_v1,A,q_양식_05,파스타,음식점 중 '양식'을 판매·제공하는 매장,train,양식,T2 동의어,04120e1e-e969-4e43-9b25-4a0baacfae9f,소아브,"카페, 디저트, 브런치",유성도안 골목형상점가,골목형상점가,대전광역시,,,
b3af1016f72c362bf943,full_annotation_v1,A,q_양식_05,파스타,음식점 중 '양식'을 판매·제공하는 매장,train,양식,T2 동의어,03f37d02-1eb9-4f82-ab05-be726fa24a36,우주파스타,,수정로 상권활성화구역,상권활성화구역,경기도,,,
13d105dc6ef239734524,full_annotation_v1,A,q_양식_05,파스타,음식점 중 '양식'을 판매·제공하는 매장,train,양식,T2 동의어,0a206e61-80cd-4883-b1c3-8e5783d8d5e6,우리할매떡볶이 인천검단점,떡볶이,원당 중앙로 골목형상점가,골목형상점가,인천광역시,,,
5437614e95f5c357aad1,full_annotation_v1,A,q_양식_05,파스타,음식점 중 '양식'을 판매·제공하는 매장,train,양식,T2 동의어,ef0e9834-0f9c-485b-b367-c46ec6e496c8,테이크어바이트,파스타,경대북문 골목형상점가,골목형상점가,대구광역시,,,
e185c3ca24b3f3083924,full_annotation_v1,A,q_양식_05,파스타,음식점 중 '양식'을 판매·제공하는 매장,train,양식,T2 동의어,393f03e4-23aa-47b5-80b2-9d0ccc3af014,미,숙녀복,단대마트시장,전통시장,경기도,,,
4e29e9cef16e24b84d3a,full_annotation_v1,A,q_양식_05,파스타,음식점 중 '양식'을 판매·제공하는 매장,train,양식,T2 동의어,bf6f74cd-b784-40b5-84c7-3b8ac74b6fc1,오늘,파스타,공항동먹자골목골목형상점가,골목형상점가,서울특별시,,,
821af117b1d3a9e25c45,full_annotation_v1,A,q_양식_05,파스타,음식점 중 '양식'을 판매·제공하는 매장,train,양식,T2 동의어,065b7b13-3b93-45e7-b5c0-3f58a16a5304,카츠림,돈가스,청계면 목대후문 골목형상점가,골목형상점가,전라남도,,,
9c9d11ceeea5603d55a4,full_annotation_v1,A,q_양식_05,파스타,음식점 중 '양식'을 판매·제공하는 매장,train,양식,T2 동의어,02d49b6b-4c61-4aef-a15f-338ca1a59f59,레레하우스,파스타 피자 스테이크,첨단지구 골목형상점가,골목형상점가,광주광역시,,,
631137330bc304f5f137,full_annotation_v1,A,q_양식_05,파스타,음식점 중 '양식'을 판매·제공하는 매장,train,양식,T2 동의어,1da2fb15-7477-4f02-b007-c999105754ed,가내수공업,파스타,빛가람 하나로 골목형상점가,골목형상점가,전라남도,,,
2d26099ddde58cff2fb4,full_annotation_v1,A,q_양식_05,파스타,음식점 중 '양식'을 판매·제공하는 매장,train,양식,T2 동의어,4b12f23e-536f-46cf-9a48-12368cdd123e,파스타마마,파스타,둔전골목형상점가,골목형상점가,경기도,,,
3863cc049c5a99dc2b02,full_annotation_v1,A,q_양식_05,파스타,음식점 중 '양식'을 판매·제공하는 매장,train,양식,T2 동의어,06167c9e-4dd3-41d5-8700-4f6d0d31ce70,비비드드림,파스타,부리단길 골목형상점가,골목형상점가,부산광역시,,,
2fc8edfd84d15785fcaa,full_annotation_v1,A,q_양식_05,파스타,음식점 중 '양식'을 판매·제공하는 매장,train,양식,T2 동의어,aa3a3efe-572b-4b7e-ab2a-d009c86a254d,건강한파스타,파스타,은구비서로사회적협동조합 골목형상점가,골목형상점가,대전광역시,,,
afb1ec3b59d6ece37f17,full_annotation_v1,A,q_양식_05,파스타,음식점 중 '양식'을 판매·제공하는 매장,train,양식,T2 동의어,8c4cfab9-d0cd-4c31-b140-309aeb546ade,꽃신주식,파스타,불국상가시장,전통시장,경상북도,,,
df996e98e5f9b6f130ed,full_annotation_v1,A,q_양식_05,파스타,음식점 중 '양식'을 판매·제공하는 매장,train,양식,T2 동의어,10e9a227-7287-4e35-a992-12cd05bd6af2,윤,파스타,외도2 골목형상점가,골목형상점가,제주특별자치도,,,
6a817666e8b54d1f7e0d,full_annotation_v1,A,q_양식_05,파스타,음식점 중 '양식'을 판매·제공하는 매장,train,양식,T2 동의어,01099186-2ca7-4ca1-b535-39cf1ff0c4d8,섬bar,서양식,뚝도시장,전통시장,서울특별시,,,
d26bd0f75ec1fe7a508d,full_annotation_v1,A,q_양식_05,파스타,음식점 중 '양식'을 판매·제공하는 매장,train,양식,T2 동의어,7d3d4429-f448-4ab1-9869-f9b570c13f7a,뉴윈디시티,파스타,범어식주가무명인골목 골목형상점가,골목형상점가,대구광역시,,,
232fc76a98d69fbb8623,full_annotation_v1,A,q_양식_05,파스타,음식점 중 '양식'을 판매·제공하는 매장,train,양식,T2 동의어,00e80339-1353-4885-81d7-0746a437abb2,포식 용인한숲시티점,쌀국수 돈까스 함박스테이크,남사한숲 골목형상점가,골목형상점가,경기도,,,
7014bf3ff128d0883d0d,full_annotation_v1,A,q_양식_05,파스타,음식점 중 '양식'을 판매·제공하는 매장,train,양식,T2 동의어,00a22095-ea5b-4ad7-802b-4b59961b9c33,한양 고잔점,한식 양식,고잔뜰 상점가,자율상권구역,경기도,,,
cf3176f9ebdb2b8afa6e,full_annotation_v1,A,q_양식_05,파스타,음식점 중 '양식'을 판매·제공하는 매장,train,양식,T2 동의어,ef48a99b-336b-4d5c-8f95-8cdbb4353217,프엘투알 퀴진,파스타 등,봉선1로37번길 골목형상점가,골목형상점가,광주광역시,,,
f8b37155036c1c41bcd6,full_annotation_v1,A,q_양식_05,파스타,음식점 중 '양식'을 판매·제공하는 매장,train,양식,T2 동의어,9b33f841-195f-4c7d-a540-a760ac329800,딩동,"아동복판매, 전자상거래(아동복)",㈜르네시떼,전통시장,부산광역시,,,
930ab19e0a098d53779b,full_annotation_v1,A,q_양식_05,파스타,음식점 중 '양식'을 판매·제공하는 매장,train,양식,T2 동의어,00e9de4b-3c8d-44a2-bfc2-ddc91fe5a03b,대디파스타,파스타돈가스,벽산황계로 골목형상점가,골목형상점가,광주광역시,,,
cd42112775a3e6f3edb5,full_annotation_v1,A,q_양식_05,파스타,음식점 중 '양식'을 판매·제공하는 매장,train,양식,T2 동의어,0ef964c8-07f3-4859-99f1-6cdae01a8fc4,더문,스테이크,운천호수공원상인회 골목형상점가,골목형상점가,광주광역시,,,
592818803ed197be61e9,full_annotation_v1,A,q_양식_05,파스타,음식점 중 '양식'을 판매·제공하는 매장,train,양식,T2 동의어,3673f6e6-2c37-4fc5-971d-df69f8e8b754,구삼팔울산동구점,파스타,테라스파크상가 골목형상점가,골목형상점가,울산광역시,,,
deca7418c9a6c85b5348,full_annotation_v1,A,q_양식_05,파스타,음식점 중 '양식'을 판매·제공하는 매장,train,양식,T2 동의어,86b09c50-f880-4f25-b26b-23141b5177a7,용감한푸드,파스타,정 있는 서암대로 골목형상점가,골목형상점가,광주광역시,,,
01973bbea6c93ab77ecd,full_annotation_v1,A,q_양식_05,파스타,음식점 중 '양식'을 판매·제공하는 매장,train,양식,T2 동의어,00fce4dc-3cbf-40a2-adb5-ba642f20b9e2,제이스쿠진,서양식,갈매리본거리 골목형상점가,골목형상점가,경기도,,,
4968248d45876f005585,full_annotation_v1,A,q_양식_05,파스타,음식점 중 '양식'을 판매·제공하는 매장,train,양식,T2 동의어,00a88093-8a14-41ad-8b1f-d35632be9f3b,한아름빵집,제과,신평골목시장,전통시장,부산광역시,,,
75629e1388789f9af3b7,full_annotation_v1,A,q_양식_05,파스타,음식점 중 '양식'을 판매·제공하는 매장,train,양식,T2 동의어,01ae42ea-516f-48b6-b198-376d1a40e55a,돈미정,돈가스,청주북부시장,전통시장,충청북도,,,
0edae24f37eb7a2e3572,full_annotation_v1,A,q_양식_05,파스타,음식점 중 '양식'을 판매·제공하는 매장,train,양식,T2 동의어,9a02160b-692b-42df-b398-852a1c33ae7f,듀오테이블,파스타,두정로 두정상가길 골목형상점가,골목형상점가,충청남도,,,
77efd954645e0ed7f164,full_annotation_v1,A,q_양식_05,파스타,음식점 중 '양식'을 판매·제공하는 매장,train,양식,T2 동의어,d4b57f2d-1390-4436-92cb-6fe0d5386b29,덕화네 수구레국밥,,황금수정 골목형상점가,골목형상점가,부산광역시,,,
05f7d1805d057253ea8b,full_annotation_v1,A,q_양식_05,파스타,음식점 중 '양식'을 판매·제공하는 매장,train,양식,T2 동의어,303daa5f-db26-4753-91bc-d76277ae2b9e,빠레뜨한남세종아름점,파스타,아름드리 골목형상점가,골목형상점가,세종특별자치시,,,
e487edef5c70d38958d9,full_annotation_v1,A,q_양식_05,파스타,음식점 중 '양식'을 판매·제공하는 매장,train,양식,T2 동의어,bc30d214-e5cc-4326-8844-972920df2991,세종우리성모안과,안과의료,나성BRT 골목형상점가,골목형상점가,세종특별자치시,,,
cf336984119751efbb20,full_annotation_v1,A,q_양식_05,파스타,음식점 중 '양식'을 판매·제공하는 매장,train,양식,T2 동의어,6fd2abbe-e6ca-4286-8781-4f83ae23082b,파스타 흔,,송월동 택지 골목형상점가,골목형상점가,,,,
12d6aadbff64acf3c15c,full_annotation_v1,A,q_양식_05,파스타,음식점 중 '양식'을 판매·제공하는 매장,train,양식,T2 동의어,c5c30565-9668-4945-b654-e4bacbc94158,팀스쿠치나,파스타,경대북문 골목형상점가,골목형상점가,대구광역시,,,
f8c97361e676d4be9471,full_annotation_v1,A,q_양식_05,파스타,음식점 중 '양식'을 판매·제공하는 매장,train,양식,T2 동의어,7f423116-d472-4657-b803-a0930f1f7589,라나베르데,파스타,신수동토정로 골목형상점가,골목형상점가,서울특별시,,,
384ae46bf0758686efae,full_annotation_v1,A,q_양식_05,파스타,음식점 중 '양식'을 판매·제공하는 매장,train,양식,T2 동의어,cb982e4f-9bee-442b-8b90-24d8705ff5cf,착한파스타 창현점,파스타,화도창현상점가,골목형상점가,경기도,,,
d052e77714901977eb9f,full_annotation_v1,A,q_양식_05,파스타,음식점 중 '양식'을 판매·제공하는 매장,train,양식,T2 동의어,15ae4cab-4389-45ad-94df-49772ff299b5,르깜므,파스타,운천호수공원상인회 골목형상점가,골목형상점가,광주광역시,,,
4998ddb4f67955cd0bcd,full_annotation_v1,A,q_양식_05,파스타,음식점 중 '양식'을 판매·제공하는 매장,train,양식,T2 동의어,c0a89d8b-8455-4a52-8e35-3e4118e3b873,파스타 코타,파스타,나성동 소방청 골목형상점가,골목형상점가,세종특별자치시,,,
5331d8a626915ae68d74,full_annotation_v1,A,q_양식_05,파스타,음식점 중 '양식'을 판매·제공하는 매장,train,양식,T2 동의어,0372d0ce-e9ee-4bb2-94c9-9ec16804cb1f,카페유,"커피, 케이크, 브런치",풍2동 골목형상점가,골목형상점가,경기도,,,
5e159f60c640a2c536ee,full_annotation_v1,A,q_양식_05,파스타,음식점 중 '양식'을 판매·제공하는 매장,train,양식,T2 동의어,09a6b439-1b00-4475-9f90-1c14ecca8742,삼촌이모과일,과일,거제 고현시장,전통시장,경상남도,,,
7e6148847128d7949383,full_annotation_v1,A,q_양식_05,파스타,음식점 중 '양식'을 판매·제공하는 매장,train,양식,T2 동의어,97938e9a-cc39-4035-befb-e322d3dce15f,파스타나야,파스타,혁신도시5구역골목형상점가,골목형상점가,강원특별자치도,,,
04985ab157c72a99dcd4,full_annotation_v1,A,q_양식_05,파스타,음식점 중 '양식'을 판매·제공하는 매장,train,양식,T2 동의어,1e9834c0-0be0-40b1-ad2f-581ca077dd4e,파스타픽,파스타,안산다농마트전통시장,전통시장,경기도,,,
29d277793115115ecdf4,full_annotation_v1,A,q_양식_05,파스타,음식점 중 '양식'을 판매·제공하는 매장,train,양식,T2 동의어,4c743021-debe-43f9-a308-67cc3831f5ad,동그라미 파스타,파스타,돌곶이시장,전통시장,서울특별시,,,
235da8184f48852588f3,full_annotation_v1,A,q_양식_05,파스타,음식점 중 '양식'을 판매·제공하는 매장,train,양식,T2 동의어,02fa5d6f-5100-4cd5-8a9f-184877f99878,덕수파스타 원주 일산점,,중앙로골목형상점가,골목형상점가,강원특별자치도,,,
98c651fd99cdc550dd1e,full_annotation_v1,A,q_양식_05,파스타,음식점 중 '양식'을 판매·제공하는 매장,train,양식,T2 동의어,dc72f89a-4b16-4411-8b4f-07ff91e8d366,힛유어텅,양식 파스타 등,새롬BRT 골목형상점가,골목형상점가,세종특별자치시,,,
9ca997ae3ce562c058eb,full_annotation_v1,A,q_양식_05,파스타,음식점 중 '양식'을 판매·제공하는 매장,train,양식,T2 동의어,c0520f01-951e-479a-80ec-10454ae5ca15,샵538,파스타,초록거리 골목형상점가,골목형상점가,경기도,,,
a8c330e04dd460dc1807,full_annotation_v1,A,q_양식_05,파스타,음식점 중 '양식'을 판매·제공하는 매장,train,양식,T2 동의어,94039e5e-0bc8-44f7-bd71-fde92895c930,이태리네모면,파스타,행운담길골목형상점가,골목형상점가,서울특별시,,,
a399f882bad3a28e6ad0,full_annotation_v1,A,q_양식_05,파스타,음식점 중 '양식'을 판매·제공하는 매장,train,양식,T2 동의어,062b7cb0-525c-4b41-9dd3-961539a6da81,카츠앤맘,"일식, 돈가스",전남대 상대 골목형상점가,골목형상점가,광주광역시,,,
0fccf1cbe0b58ec88376,full_annotation_v1,A,q_양식_05,파스타,음식점 중 '양식'을 판매·제공하는 매장,train,양식,T2 동의어,831e80f9-6925-4509-8f23-fc0f2373ab03,이태리식당,파스타,고촌역 골목형상점가,골목형상점가,경기도,,,
3f3e6e5c6dcb6a8304b2,full_annotation_v1,A,q_양식_05,파스타,음식점 중 '양식'을 판매·제공하는 매장,train,양식,T2 동의어,69a5c94c-1f5f-4a6c-bf70-fb199b75f2f1,웅이네오돌뼈 인천검단점,오돌뼈 닭발,원당 중앙로 골목형상점가,골목형상점가,인천광역시,,,
2d8a9dc6691a85931f0b,full_annotation_v1,A,q_양식_05,파스타,음식점 중 '양식'을 판매·제공하는 매장,train,양식,T2 동의어,0061123f-a676-4556-9633-5fbc4ecaf6ef,치즈케익카스테라카페,제과,북가좌동 골목형상점가,골목형상점가,서울특별시,,,
9d075709c5a786c9d61c,full_annotation_v1,A,q_양식_05,파스타,음식점 중 '양식'을 판매·제공하는 매장,train,양식,T2 동의어,853d52f3-52ec-463e-a013-e1321f9d3ba5,라온분식,파스타 떡볶이,평택통복시장,전통시장,경기도,,,
c1d3370579bc2683a803,full_annotation_v1,A,q_양식_05,파스타,음식점 중 '양식'을 판매·제공하는 매장,train,양식,T2 동의어,d0fba2fc-6fb2-4879-933e-29548e5c1718,숲,파스타,화도창현상점가,골목형상점가,경기도,,,
90a8708858446abea4e0,full_annotation_v1,A,q_양식_05,파스타,음식점 중 '양식'을 판매·제공하는 매장,train,양식,T2 동의어,012a896d-ccbb-4333-9e6f-81aa9b7e5f3f,레코드피자,양식,녹두 골목형상점가,골목형상점가,서울특별시,,,
8828876d214abfe6a8ee,full_annotation_v1,A,q_양식_05,파스타,음식점 중 '양식'을 판매·제공하는 매장,train,양식,T2 동의어,ea423c98-85b4-4052-9765-7173a16e79be,바이닐바이브,파스타,황남상가시장,전통시장,경상북도,,,
3f270bcd081b52ad3daa,full_annotation_v1,A,q_양식_05,파스타,음식점 중 '양식'을 판매·제공하는 매장,train,양식,T2 동의어,8b93d0e7-72fc-4dbc-b246-f13f6d915563,후라이팬,파스타,노은역 골목형상점가,골목형상점가,대전광역시,,,
f1a3dc86fa0fc25035a8,full_annotation_v1,A,q_양식_05,파스타,음식점 중 '양식'을 판매·제공하는 매장,train,양식,T2 동의어,efc1c956-6207-46cd-b188-d8db9a81a9ee,이태리앤이태리,파스타,금촌문화로시장,전통시장,경기도,,,
f585147b36ab8e038969,full_annotation_v1,A,q_양식_05,파스타,음식점 중 '양식'을 판매·제공하는 매장,train,양식,T2 동의어,3de88301-58fd-4f11-9e47-01e2fec2e69c,회관식육식당,식육식당,영주공설시장,전통시장,경상북도,,,
9c2e513fc58be6d0d4db,full_annotation_v1,A,q_양식_05,파스타,음식점 중 '양식'을 판매·제공하는 매장,train,양식,T2 동의어,0f10060e-20fc-4c00-a8dd-5827ce984528,러브런치(LuvLunch),브런치 카페,거제 상동 골목형상점가,골목형상점가,경상남도,,,
3f6d4be13776be2e98eb,full_annotation_v1,A,q_양식_05,파스타,음식점 중 '양식'을 판매·제공하는 매장,train,양식,T2 동의어,001bc028-a43e-44d4-9682-db280a4998cc,파리바게뜨전주근영점,제과점,근영누리 골목형상점가,골목형상점가,전북특별자치도,,,
1c31d8edcaa5c0948de1,full_annotation_v1,A,q_양식_05,파스타,음식점 중 '양식'을 판매·제공하는 매장,train,양식,T2 동의어,7979b19f-9e77-4076-87be-f3fad727735f,더핀토스,피자 및 파스타,한들물빛도시 골목형 상점가,골목형상점가,충청남도,,,
caf92e60679418a7ef71,full_annotation_v1,A,q_양식_05,파스타,음식점 중 '양식'을 판매·제공하는 매장,train,양식,T2 동의어,e03b5ee7-3d4a-4b16-aedc-f212dce43f0d,우아한파스타,파스타 샐러드 피자,카림애비뉴애 골목형상점가,골목형상점가,세종특별자치시,,,
0c71bd7d36ab9dbf4151,full_annotation_v1,A,q_양식_05,파스타,음식점 중 '양식'을 판매·제공하는 매장,train,양식,T2 동의어,7d7a7a9e-42f0-4d9d-9935-3ceda5578003,대경약국,,황금수정 골목형상점가,골목형상점가,부산광역시,,,
7b4bfdb19365a5547def,full_annotation_v1,A,q_양식_05,파스타,음식점 중 '양식'을 판매·제공하는 매장,train,양식,T2 동의어,b1e22b86-b4b4-439f-aa82-dc3961dc4be1,비스트로일산,파스타,중앙로골목형상점가,골목형상점가,강원특별자치도,,,
c70df8635fa2a7cedea2,full_annotation_v1,A,q_양식_05,파스타,음식점 중 '양식'을 판매·제공하는 매장,train,양식,T2 동의어,878f2da2-de8a-4496-888b-8dfeeba8ba4f,한음개신,휴대폰및악세사리,바람골골목형상점가,골목형상점가,충청북도,,,
c3e46ec6da91a807b066,full_annotation_v1,A,q_양식_06,돈가스 먹을 데,음식점 중 '양식'을 판매·제공하는 매장,train,양식,T4 구어·문장,3c9b78e3-3a87-4311-9677-ca9e4a65c6f3,온돈,돈가스,에버랜드마을 골목형 상점가,골목형상점가,경기도,,,
841e65677411bd5fadf9,full_annotation_v1,A,q_양식_06,돈가스 먹을 데,음식점 중 '양식'을 판매·제공하는 매장,train,양식,T4 구어·문장,b8acadf0-a265-4914-a161-a19792a480d9,최고당 돈가스,돈가스,천천중심상가 골목형상점가,골목형상점가,경기도,,,
bebac0a14236b4df60d8,full_annotation_v1,A,q_양식_06,돈가스 먹을 데,음식점 중 '양식'을 판매·제공하는 매장,train,양식,T4 구어·문장,8bcd88ab-8fbb-421d-8317-828d466de81b,송송푸드,돈가스,우산동무진대로 골목형상점가,골목형상점가,광주광역시,,,
c3e3cb17154362a28073,full_annotation_v1,A,q_양식_06,돈가스 먹을 데,음식점 중 '양식'을 판매·제공하는 매장,train,양식,T4 구어·문장,f180bdc2-3235-45e6-837e-32bc45e7f3d0,펀비어킹,치킨,성수역골목형상점가,골목형상점가,서울특별시,,,
19991cbdcb191b175343,full_annotation_v1,A,q_양식_06,돈가스 먹을 데,음식점 중 '양식'을 판매·제공하는 매장,train,양식,T4 구어·문장,cda83d1f-5c4f-419a-818a-5cc9057354da,산들,의류,신창상가,전통시장,부산광역시,,,
0a6b6319e90750df2f9d,full_annotation_v1,A,q_양식_06,돈가스 먹을 데,음식점 중 '양식'을 판매·제공하는 매장,train,양식,T4 구어·문장,144a0550-0797-4278-98df-2a82152951dd,더랜치,스테이크 수제가스 스파게티 덮밥 커피,송내역 3번출구 골목형상점가,골목형상점가,경기도,,,
5763d9bf1c0510919637,full_annotation_v1,A,q_양식_06,돈가스 먹을 데,음식점 중 '양식'을 판매·제공하는 매장,train,양식,T4 구어·문장,02d49b6b-4c61-4aef-a15f-338ca1a59f59,레레하우스,파스타 피자 스테이크,첨단지구 골목형상점가,골목형상점가,광주광역시,,,
de45654f32bfb8e65f17,full_annotation_v1,A,q_양식_06,돈가스 먹을 데,음식점 중 '양식'을 판매·제공하는 매장,train,양식,T4 구어·문장,9007bd96-1c5a-480c-a06c-bbd84b0cc7ae,쎄시봉레스토랑,돈가스,홍성명동상가,자율상권구역,충청남도,,,
d3fd1f01f23d3779a624,full_annotation_v1,A,q_양식_06,돈가스 먹을 데,음식점 중 '양식'을 판매·제공하는 매장,train,양식,T4 구어·문장,6b30479f-2f4f-45c8-845e-7e479a86be82,전양상회,젓갈,남포동건어물도매시장,전통시장,부산광역시,,,
b616e07f35d505699e97,full_annotation_v1,A,q_양식_06,돈가스 먹을 데,음식점 중 '양식'을 판매·제공하는 매장,train,양식,T4 구어·문장,7dcf77d4-c168-4999-8bc4-c6c4f8301ddc,킴스생돈가스,돈가스,둔전골목형상점가,골목형상점가,경기도,,,
be499377897724da577f,full_annotation_v1,A,q_양식_06,돈가스 먹을 데,음식점 중 '양식'을 판매·제공하는 매장,train,양식,T4 구어·문장,9e60a2b0-8b13-4b5e-98e9-2f50a3f81dd9,남동풍,커피,지석사거리 골목형상점가,골목형상점가,광주광역시,,,
3843df28a5c89aa1dedd,full_annotation_v1,A,q_양식_06,돈가스 먹을 데,음식점 중 '양식'을 판매·제공하는 매장,train,양식,T4 구어·문장,cbd92d3f-e153-4834-afbf-00be06bf13f4,태경,돈가스,광명전통시장,전통시장,경기도,,,
6d8acbb0fd291877932e,full_annotation_v1,A,q_양식_06,돈가스 먹을 데,음식점 중 '양식'을 판매·제공하는 매장,train,양식,T4 구어·문장,2a1e1553-096e-4a10-8b98-c78f5326c6a7,에스제이커머스,가전제품,세운상가 가동,자율상권구역,서울특별시,,,
4906b1b4d6fa3b84e654,full_annotation_v1,A,q_양식_06,돈가스 먹을 데,음식점 중 '양식'을 판매·제공하는 매장,train,양식,T4 구어·문장,00fce4dc-3cbf-40a2-adb5-ba642f20b9e2,제이스쿠진,서양식,갈매리본거리 골목형상점가,골목형상점가,경기도,,,
827ed02718dd053c2698,full_annotation_v1,A,q_양식_06,돈가스 먹을 데,음식점 중 '양식'을 판매·제공하는 매장,train,양식,T4 구어·문장,0ff02a3e-cbb8-4548-9034-e8e1567c2a1f,경아정다함돈가스대전점,돈가스,태평시장,전통시장,대전광역시,,,
0badfe83fa61427657cd,full_annotation_v1,A,q_양식_06,돈가스 먹을 데,음식점 중 '양식'을 판매·제공하는 매장,train,양식,T4 구어·문장,b0e51d95-4fa0-40c1-a735-accf174fb065,하돈 돈가스,돈가스,송죽솔대 골목형상점가,골목형상점가,경기도,,,
5d78f3b48601e6987eb4,full_annotation_v1,A,q_양식_06,돈가스 먹을 데,음식점 중 '양식'을 판매·제공하는 매장,train,양식,T4 구어·문장,04120e1e-e969-4e43-9b25-4a0baacfae9f,소아브,"카페, 디저트, 브런치",유성도안 골목형상점가,골목형상점가,대전광역시,,,
fafd17b7a67d5fdb6369,full_annotation_v1,A,q_양식_06,돈가스 먹을 데,음식점 중 '양식'을 판매·제공하는 매장,train,양식,T4 구어·문장,a6cf0325-3923-4cef-adca-3bbce82234d4,리린네일,네일미용업,철길공원 골목형상점가,골목형상점가,전북특별자치도,,,
6637dae04a51f13fdbed,full_annotation_v1,A,q_양식_06,돈가스 먹을 데,음식점 중 '양식'을 판매·제공하는 매장,train,양식,T4 구어·문장,8e025656-ac62-4205-9989-60df33fd5c6f,마네키 동명본점,돈가스,동명동 카페거리 골목형상점가,골목형상점가,광주광역시,,,
3561c0d0749a5a4516da,full_annotation_v1,A,q_양식_06,돈가스 먹을 데,음식점 중 '양식'을 판매·제공하는 매장,train,양식,T4 구어·문장,56951967-2183-41d5-8661-8e863e2c338b,명동왕돈가스,돈가스,남양시장골목형상점가,골목형상점가,경기도,,,
68eae7139a0210ac5f8e,full_annotation_v1,A,q_양식_06,돈가스 먹을 데,음식점 중 '양식'을 판매·제공하는 매장,train,양식,T4 구어·문장,0f10060e-20fc-4c00-a8dd-5827ce984528,러브런치(LuvLunch),브런치 카페,거제 상동 골목형상점가,골목형상점가,경상남도,,,
52d372e4cfd43cb7f3c9,full_annotation_v1,A,q_양식_06,돈가스 먹을 데,음식점 중 '양식'을 판매·제공하는 매장,train,양식,T4 구어·문장,33de56ab-0cd0-4176-ac7d-3ef77ca2f3ef,하늘선물,의류 잡화,말바우우산 골목형상점가,골목형상점가,광주광역시,,,
11910394da5659dfc217,full_annotation_v1,A,q_양식_06,돈가스 먹을 데,음식점 중 '양식'을 판매·제공하는 매장,train,양식,T4 구어·문장,6ee4a0aa-0cd6-4960-b731-706e3d614d6c,목동돈가스,돈가스,목사랑시장,전통시장,서울특별시,,,
f15adb8d5585129a4d83,full_annotation_v1,A,q_양식_06,돈가스 먹을 데,음식점 중 '양식'을 판매·제공하는 매장,train,양식,T4 구어·문장,80200b2c-9063-48e9-8824-8c506e092981,예돈,돈가스,금산프라자 골목형상점가,골목형상점가,경기도,,,
321addf9ea9b2ac34068,full_annotation_v1,A,q_양식_06,돈가스 먹을 데,음식점 중 '양식'을 판매·제공하는 매장,train,양식,T4 구어·문장,001bc028-a43e-44d4-9682-db280a4998cc,파리바게뜨전주근영점,제과점,근영누리 골목형상점가,골목형상점가,전북특별자치도,,,
66daa8ae25dc86cacdb0,full_annotation_v1,A,q_양식_06,돈가스 먹을 데,음식점 중 '양식'을 판매·제공하는 매장,train,양식,T4 구어·문장,02fa5d6f-5100-4cd5-8a9f-184877f99878,덕수파스타 원주 일산점,,중앙로골목형상점가,골목형상점가,강원특별자치도,,,
fa273f4fbc77a93f18a5,full_annotation_v1,A,q_양식_06,돈가스 먹을 데,음식점 중 '양식'을 판매·제공하는 매장,train,양식,T4 구어·문장,f14df4d3-9858-4a8b-8597-20fd477d8e32,갤러리 데 루치아,가구,용인어정가구단지상점가,자율상권구역,경기도,,,
bc79442e4384a719ac95,full_annotation_v1,A,q_양식_06,돈가스 먹을 데,음식점 중 '양식'을 판매·제공하는 매장,train,양식,T4 구어·문장,aba76fc2-984e-4030-ba01-e2e7d78264c7,데 아로즈 대전둔산본점,,갈리단길 골목형상점가,골목형상점가,대전광역시,,,
7147caac8bac44f1b378,full_annotation_v1,A,q_양식_06,돈가스 먹을 데,음식점 중 '양식'을 판매·제공하는 매장,train,양식,T4 구어·문장,92e9e350-7242-49ff-abda-917512e1e8e0,오렌지 돈가스 하우스,돈가스,여주한글시장(여주중앙로상점가),전통시장,경기도,,,
d53f40ea04156e3186d8,full_annotation_v1,A,q_양식_06,돈가스 먹을 데,음식점 중 '양식'을 판매·제공하는 매장,train,양식,T4 구어·문장,583ece90-f0a0-4aad-b2c1-cae87a3f8d67,동경,돈가스,마포구 도화·용강 상권활성화구역,상권활성화구역,서울특별시,,,
6f30b594344420264cb5,full_annotation_v1,A,q_양식_06,돈가스 먹을 데,음식점 중 '양식'을 판매·제공하는 매장,train,양식,T4 구어·문장,a09d8863-d4b6-43b7-b8d7-157569217b42,최고당돈가스향남2지구점,돈가스,화성향남2지구상점가,자율상권구역,경기도,,,
710fe983c8144b16625e,full_annotation_v1,A,q_양식_06,돈가스 먹을 데,음식점 중 '양식'을 판매·제공하는 매장,train,양식,T4 구어·문장,878eb631-cd6c-45f5-9c48-41a65d2aa923,청싸롱,돈가스,우체국보험광주회관주변상인회 골목형상점가,골목형상점가,광주광역시,,,
bc4b8f5f550c45da57e3,full_annotation_v1,A,q_양식_06,돈가스 먹을 데,음식점 중 '양식'을 판매·제공하는 매장,train,양식,T4 구어·문장,9dd887d9-c1a7-4855-af42-e593a918c44c,청년상회,돈가스,계산시장,전통시장,인천광역시,,,
57b34a933db411a5fdf3,full_annotation_v1,A,q_양식_06,돈가스 먹을 데,음식점 중 '양식'을 판매·제공하는 매장,train,양식,T4 구어·문장,0061123f-a676-4556-9633-5fbc4ecaf6ef,치즈케익카스테라카페,제과,북가좌동 골목형상점가,골목형상점가,서울특별시,,,
aa7015905656fb65f0ac,full_annotation_v1,A,q_양식_06,돈가스 먹을 데,음식점 중 '양식'을 판매·제공하는 매장,train,양식,T4 구어·문장,7371262b-0647-41e0-8484-7a101c42abae,일백돈가스,돈가스,봉일천전통시장,전통시장,경기도,,,
336b545e2dd0a4d16b14,full_annotation_v1,A,q_양식_06,돈가스 먹을 데,음식점 중 '양식'을 판매·제공하는 매장,train,양식,T4 구어·문장,00a88093-8a14-41ad-8b1f-d35632be9f3b,한아름빵집,제과,신평골목시장,전통시장,부산광역시,,,
0d406e2fdeec7362425b,full_annotation_v1,A,q_양식_06,돈가스 먹을 데,음식점 중 '양식'을 판매·제공하는 매장,train,양식,T4 구어·문장,6064dfdf-4658-4122-b84e-d52b8717fddf,유미카츠,돈가스,일번지프라자 골목형상점가,골목형상점가,경기도,,,
940cffb12698e73fa0af,full_annotation_v1,A,q_양식_06,돈가스 먹을 데,음식점 중 '양식'을 판매·제공하는 매장,train,양식,T4 구어·문장,efbd2674-4d44-4fb2-ba66-1f58b74a7f65,최고당돈가스김포사우점,돈가스,김포 풍년마을 골목형상점가,골목형상점가,경기도,,,
d96625c65c5802148a51,full_annotation_v1,A,q_양식_06,돈가스 먹을 데,음식점 중 '양식'을 판매·제공하는 매장,train,양식,T4 구어·문장,039d7f3d-7fb9-47ea-944e-8ba3d2dcfbe7,삼익가스,가스,마산어시장,전통시장,경상남도,,,
25e895f82b521b955ee5,full_annotation_v1,A,q_양식_06,돈가스 먹을 데,음식점 중 '양식'을 판매·제공하는 매장,train,양식,T4 구어·문장,0bc8ebe3-32d5-45ff-9214-8cb4d62c5780,카츠현 다사점,돈가스,(유)다사소상공인연합,골목형상점가,대구광역시,,,
3017a81bb1d0ca5d999c,full_annotation_v1,A,q_양식_06,돈가스 먹을 데,음식점 중 '양식'을 판매·제공하는 매장,train,양식,T4 구어·문장,cb7a24e3-c764-4c63-9848-6e1d18b45b13,쿠미,돈가스,칠성로상점가,자율상권구역,제주특별자치도,,,
3e5f4fc25ecfe19a4529,full_annotation_v1,A,q_양식_06,돈가스 먹을 데,음식점 중 '양식'을 판매·제공하는 매장,train,양식,T4 구어·문장,00362b85-cb9a-4318-9059-12f768d76197,파리바게뜨전주인후점,제과점,소나무 골목형상점가,골목형상점가,전북특별자치도,,,
03ebefd050da70963d3b,full_annotation_v1,A,q_양식_06,돈가스 먹을 데,음식점 중 '양식'을 판매·제공하는 매장,train,양식,T4 구어·문장,0c4a74db-4ddc-4eb2-8344-07bd2bbdf3e0,파슷타애요,파스타 샐러드 스테이크 필라프,상무쌍촌역상인회 골목형상점가,골목형상점가,광주광역시,,,
e5c8336e4a72cc964561,full_annotation_v1,A,q_양식_06,돈가스 먹을 데,음식점 중 '양식'을 판매·제공하는 매장,train,양식,T4 구어·문장,6ac0ae35-6179-4fdc-80e3-cf4e7ee05f69,목동수제돈까스,돈가스,원미부흥시장,전통시장,경기도,,,
b5406b0acd8ecc1c12ee,full_annotation_v1,A,q_양식_06,돈가스 먹을 데,음식점 중 '양식'을 판매·제공하는 매장,train,양식,T4 구어·문장,5767f495-4bb3-4684-964b-990dcf5d37f6,홍미부엌,돈가스,해남읍 원도심 상권활성화구역,상권활성화구역,전라남도,,,
8bdc18a62920424c83df,full_annotation_v1,A,q_양식_06,돈가스 먹을 데,음식점 중 '양식'을 판매·제공하는 매장,train,양식,T4 구어·문장,6e276a9a-f703-4495-89f1-c601057ab522,미미수제왕돈가스,돈가스,덕산전통시장,전통시장,충청북도,,,
31d67c7090cbfaa147d5,full_annotation_v1,A,q_양식_06,돈가스 먹을 데,음식점 중 '양식'을 판매·제공하는 매장,train,양식,T4 구어·문장,a4192311-0369-4487-9216-d1200beca4cb,돈까방,돈가스,임방울거리1구역 골목형상점가,골목형상점가,광주광역시,,,
32b01d4a0a40b420201f,full_annotation_v1,A,q_양식_06,돈가스 먹을 데,음식점 중 '양식'을 판매·제공하는 매장,train,양식,T4 구어·문장,0c7dce91-0eaf-46fe-9c72-5c07d0b3945e,네모에이드,"브런치, 공방",댕리단길 골목형상점가,골목형상점가,경기도,,,
1276ff3f46ed2f7454dd,full_annotation_v1,A,q_양식_06,돈가스 먹을 데,음식점 중 '양식'을 판매·제공하는 매장,train,양식,T4 구어·문장,0a5af1f3-8437-4347-a579-f33d73fe5463,로스빌리지,커피 및 디저트 브런치,의정부시 구도심 상권활성화구역,상권활성화구역,경기도,,,
9c936d71dd8d0a8eac03,full_annotation_v1,A,q_양식_06,돈가스 먹을 데,음식점 중 '양식'을 판매·제공하는 매장,train,양식,T4 구어·문장,e3f7e5ce-03d8-4a55-820e-2e62246a8835,타루가츠,돈가스,오치서산초 골목형상점가,골목형상점가,광주광역시,,,
c22b1976d9f5f6c2ed0b,full_annotation_v1,A,q_양식_06,돈가스 먹을 데,음식점 중 '양식'을 판매·제공하는 매장,train,양식,T4 구어·문장,782fc83e-667e-4111-8357-9b8254de65bf,라파엘안경원,안경 콘택트렌즈 선글라스,운남동우체국 골목형상점가,골목형상점가,광주광역시,,,
d5363ae6a1aaf2f2b871,full_annotation_v1,A,q_양식_06,돈가스 먹을 데,음식점 중 '양식'을 판매·제공하는 매장,train,양식,T4 구어·문장,14ea6e2a-52a9-4459-abfe-95ac19e68b10,아영이네,수입상품,의정부제일시장,전통시장,경기도,,,
ad1fbdd96a9739245190,full_annotation_v1,A,q_양식_06,돈가스 먹을 데,음식점 중 '양식'을 판매·제공하는 매장,train,양식,T4 구어·문장,0cdf9057-5a50-437b-919e-4a51992e7757,부여돈까스,돈가스,부여도심 상권활성화구역,상권활성화구역,충청남도,,,
07f1d8260b44cbd4ecb4,full_annotation_v1,A,q_양식_06,돈가스 먹을 데,음식점 중 '양식'을 판매·제공하는 매장,train,양식,T4 구어·문장,282b0e8b-051c-49f9-a707-b982df803589,까라벨라 데 오르,스파게티,동명동 카페거리 골목형상점가,골목형상점가,광주광역시,,,
acb733f23b5aa373ac3f,full_annotation_v1,A,q_양식_06,돈가스 먹을 데,음식점 중 '양식'을 판매·제공하는 매장,train,양식,T4 구어·문장,af81a97f-b6c9-44f1-a25b-812693a27ec2,카츠밀,돈가스,고촌 먹거리타운 골목형상점가,골목형상점가,경기도,,,
b9ea46cbcad916959418,full_annotation_v1,A,q_양식_06,돈가스 먹을 데,음식점 중 '양식'을 판매·제공하는 매장,train,양식,T4 구어·문장,8559d2ca-3cc5-446c-ac2d-898f784d867a,군산휴대폰성지,통신 방송장비 및 부품,철길공원 골목형상점가,골목형상점가,전북특별자치도,,,
a31170a99e2b66628782,full_annotation_v1,A,q_양식_06,돈가스 먹을 데,음식점 중 '양식'을 판매·제공하는 매장,train,양식,T4 구어·문장,065b7b13-3b93-45e7-b5c0-3f58a16a5304,카츠림,돈가스,청계면 목대후문 골목형상점가,골목형상점가,전라남도,,,
44a08146b94baa3a9f43,full_annotation_v1,A,q_양식_06,돈가스 먹을 데,음식점 중 '양식'을 판매·제공하는 매장,train,양식,T4 구어·문장,fefb9027-f3e7-4ad5-9a85-9dd4331a418e,텐소마,돈가스,영주로상권,자율상권구역,경상북도,,,
87d2a4b19400d9f6079c,full_annotation_v1,A,q_양식_06,돈가스 먹을 데,음식점 중 '양식'을 판매·제공하는 매장,train,양식,T4 구어·문장,03f37d02-1eb9-4f82-ab05-be726fa24a36,우주파스타,,수정로 상권활성화구역,상권활성화구역,경기도,,,
ddc01241ec03fe920453,full_annotation_v1,A,q_양식_06,돈가스 먹을 데,음식점 중 '양식'을 판매·제공하는 매장,train,양식,T4 구어·문장,e2617647-a576-4fed-8ab1-fbc52d872dc6,빠삐용,돈가스,법원 앞 사과마을 골목형상점가,골목형상점가,광주광역시,,,
74e7e2bed566f4db87c3,full_annotation_v1,A,q_양식_06,돈가스 먹을 데,음식점 중 '양식'을 판매·제공하는 매장,train,양식,T4 구어·문장,eaf66d20-6650-4d99-bc3f-02ead806c915,육거리상회,청과물,진주 청과시장,전통시장,경상남도,,,
eb3b207b46568470aa9c,full_annotation_v1,A,q_양식_06,돈가스 먹을 데,음식점 중 '양식'을 판매·제공하는 매장,train,양식,T4 구어·문장,0e58b6a8-b04a-4d2b-a1e5-df3139446df8,맘짱,돈가스,개항누리길 상점가,자율상권구역,인천광역시,,,
ad2949fc2673fee4ffc3,full_annotation_v1,A,q_양식_06,돈가스 먹을 데,음식점 중 '양식'을 판매·제공하는 매장,train,양식,T4 구어·문장,062b7cb0-525c-4b41-9dd3-961539a6da81,카츠앤맘,"일식, 돈가스",전남대 상대 골목형상점가,골목형상점가,광주광역시,,,
3de9be7087c13d2b7f2b,full_annotation_v1,A,q_양식_06,돈가스 먹을 데,음식점 중 '양식'을 판매·제공하는 매장,train,양식,T4 구어·문장,1db3e9b6-a921-48b9-ae29-5562be966e5a,돈샐,돈가스,상대동 골목형상점가,골목형상점가,대전광역시,,,
f03373e671dd50b7b7ce,full_annotation_v1,A,q_양식_06,돈가스 먹을 데,음식점 중 '양식'을 판매·제공하는 매장,train,양식,T4 구어·문장,b2950296-e136-41a9-a5a4-8af373128253,술통,돈가스,오패산로골목형상점가,골목형상점가,서울특별시,,,
30c0338213e8840b55ed,full_annotation_v1,A,q_양식_06,돈가스 먹을 데,음식점 중 '양식'을 판매·제공하는 매장,train,양식,T4 구어·문장,002d0d06-15b2-463e-b789-b0232bcc6681,뚜레주르버들마을점,제과,버들마을상인회 골목형상점가,골목형상점가,광주광역시,,,
c565d50a6beb2e63d8aa,full_annotation_v1,A,q_양식_06,돈가스 먹을 데,음식점 중 '양식'을 판매·제공하는 매장,train,양식,T4 구어·문장,00e80339-1353-4885-81d7-0746a437abb2,포식 용인한숲시티점,쌀국수 돈까스 함박스테이크,남사한숲 골목형상점가,골목형상점가,경기도,,,
f8e94107f4450874073d,full_annotation_v1,A,q_양식_06,돈가스 먹을 데,음식점 중 '양식'을 판매·제공하는 매장,train,양식,T4 구어·문장,4785f48f-d16a-4e16-b435-03f0623c35e5,통큰돈가스,돈가스,빛가람 로데오 골목형상점가,골목형상점가,전라남도,,,
83d6a4c7e597f6c17138,full_annotation_v1,A,q_양식_06,돈가스 먹을 데,음식점 중 '양식'을 판매·제공하는 매장,train,양식,T4 구어·문장,b85d5c7d-4f90-4bbd-9df2-a3312cdd815f,역전돈가스,돈가스,광주송정역세권 상권활성화구역,상권활성화구역,광주광역시,,,
7dfe7acec9011231c04c,full_annotation_v1,A,q_양식_06,돈가스 먹을 데,음식점 중 '양식'을 판매·제공하는 매장,train,양식,T4 구어·문장,00a22095-ea5b-4ad7-802b-4b59961b9c33,한양 고잔점,한식 양식,고잔뜰 상점가,자율상권구역,경기도,,,
8f0f335fe1981d252f75,full_annotation_v1,A,q_양식_06,돈가스 먹을 데,음식점 중 '양식'을 판매·제공하는 매장,train,양식,T4 구어·문장,599c9135-fbfd-470e-a736-6e03c8cc4d5f,최고당돈가스,돈가스,부평문화인의거리골목형상점가,골목형상점가,인천광역시,,,
0026fd7925ae638b8d81,full_annotation_v1,A,q_양식_06,돈가스 먹을 데,음식점 중 '양식'을 판매·제공하는 매장,train,양식,T4 구어·문장,00e9de4b-3c8d-44a2-bfc2-ddc91fe5a03b,대디파스타,파스타돈가스,벽산황계로 골목형상점가,골목형상점가,광주광역시,,,
a12c7f2ac0650f3e4a4f,full_annotation_v1,A,q_양식_06,돈가스 먹을 데,음식점 중 '양식'을 판매·제공하는 매장,train,양식,T4 구어·문장,01099186-2ca7-4ca1-b535-39cf1ff0c4d8,섬bar,서양식,뚝도시장,전통시장,서울특별시,,,
ae268bc69e28a2976796,full_annotation_v1,A,q_양식_06,돈가스 먹을 데,음식점 중 '양식'을 판매·제공하는 매장,train,양식,T4 구어·문장,15793536-4d66-4463-beda-8fd89d9aeceb,킹돈가스,돈가스,신림별빛거리골목형상점가,골목형상점가,서울특별시,,,
5a6cc805a8bc9f808a10,full_annotation_v1,A,q_양식_06,돈가스 먹을 데,음식점 중 '양식'을 판매·제공하는 매장,train,양식,T4 구어·문장,01ae42ea-516f-48b6-b198-376d1a40e55a,돈미정,돈가스,청주북부시장,전통시장,충청북도,,,
305f1c7ccba6a42335a2,full_annotation_v1,A,q_양식_06,돈가스 먹을 데,음식점 중 '양식'을 판매·제공하는 매장,train,양식,T4 구어·문장,6e971f5f-924c-4d76-a185-51ad65a7d8bd,다올수제돈가스,돈가스,대명시장,전통시장,대구광역시,,,
9191f6887fd6351571a2,full_annotation_v1,A,q_양식_06,돈가스 먹을 데,음식점 중 '양식'을 판매·제공하는 매장,train,양식,T4 구어·문장,f53f6543-a9d7-40cb-b57e-2de27d4e0aec,경아 정다함 돈가스,돈가스,복대가경시장,전통시장,충청북도,,,
a27f4d60c6553b4c6afe,full_annotation_v1,A,q_양식_06,돈가스 먹을 데,음식점 중 '양식'을 판매·제공하는 매장,train,양식,T4 구어·문장,e697dd65-59be-407f-ad5c-3fbba608d4d1,뚱이네돈가스,돈가스,월곡시장,전통시장,광주광역시,,,
5a8baf7d4a5263a3f966,full_annotation_v1,A,q_양식_06,돈가스 먹을 데,음식점 중 '양식'을 판매·제공하는 매장,train,양식,T4 구어·문장,b35f68d0-acfe-4d03-9f4e-6982507ebd0a,이백장돈가스,돈가스,첨단이웃사랑 골목형상점가,골목형상점가,광주광역시,,,
ff86e9bc005d418a2422,full_annotation_v1,A,q_양식_06,돈가스 먹을 데,음식점 중 '양식'을 판매·제공하는 매장,train,양식,T4 구어·문장,bc3cd4e8-475b-44f7-ba37-6a6505e45245,목동돈가스,돈가스,토지금고시장,전통시장,인천광역시,,,
61da2e8110aebd1fa283,full_annotation_v1,A,q_양식_06,돈가스 먹을 데,음식점 중 '양식'을 판매·제공하는 매장,train,양식,T4 구어·문장,39387e93-710f-4d16-b9f7-d4c0a96c2b0f,수업이끝난오후,돈가스,공주대학로 골목형 상점가,골목형상점가,충청남도,,,
5f5f423dcc3b7bef7305,full_annotation_v1,A,q_양식_06,돈가스 먹을 데,음식점 중 '양식'을 판매·제공하는 매장,train,양식,T4 구어·문장,a8399d7c-361c-404c-89fd-1d7437a9f6fc,정동전대점,돈가스,전남대후문골목형상점가,골목형상점가,광주광역시,,,
e054c8c5eb7fb8619203,full_annotation_v1,A,q_양식_06,돈가스 먹을 데,음식점 중 '양식'을 판매·제공하는 매장,train,양식,T4 구어·문장,d4cc5a2d-ca7d-4cb5-a3cf-a48c2b4cc2c1,오성열쇠,"열쇠, 도장",문정동로데오상점가,자율상권구역,서울특별시,,,
174e550b1c14351e4bd7,full_annotation_v1,A,q_양식_06,돈가스 먹을 데,음식점 중 '양식'을 판매·제공하는 매장,train,양식,T4 구어·문장,67ec1139-8647-43da-bf67-a2c1c3e08345,고수돈가스,돈가스,부천상동시장,전통시장,경기도,,,
fee82ad90d70fe532c8a,full_annotation_v1,A,q_양식_06,돈가스 먹을 데,음식점 중 '양식'을 판매·제공하는 매장,train,양식,T4 구어·문장,d754f83d-c696-4751-be30-82ae40e1246e,오월돈가스,돈가스,한보라 골목형상점가,골목형상점가,경기도,,,
18ae73a45096db47959e,full_annotation_v1,A,q_양식_06,돈가스 먹을 데,음식점 중 '양식'을 판매·제공하는 매장,train,양식,T4 구어·문장,95d6580e-3c02-4f4d-bc01-15acc9ea1482,코바코,돈가스,이중섭거리 명동로상가,골목형상점가,제주특별자치도,,,
87b8b84f91c67d51b94c,full_annotation_v1,A,q_양식_06,돈가스 먹을 데,음식점 중 '양식'을 판매·제공하는 매장,train,양식,T4 구어·문장,a8127519-c95f-4c0a-a0cf-217857a9dc27,팔달식품,식품잡화,팔달신시장,전통시장,대구광역시,,,
cc9d8d68caa62d46b67b,full_annotation_v1,A,q_양식_06,돈가스 먹을 데,음식점 중 '양식'을 판매·제공하는 매장,train,양식,T4 구어·문장,41e07423-cfaf-46e6-8a16-d264d2740d5b,봉선카츠,돈가스,용대로119번길 골목형상점가,골목형상점가,광주광역시,,,
dbf3b582d32a1e42c93d,full_annotation_v1,A,q_양식_06,돈가스 먹을 데,음식점 중 '양식'을 판매·제공하는 매장,train,양식,T4 구어·문장,cc1543e8-dd83-44db-b27f-6e54ccc8bf46,(주)한국파크골프문화연구소,골프용품,문정동로데오상점가,자율상권구역,서울특별시,,,
a860069ba564cf52000a,full_annotation_v1,A,q_양식_06,돈가스 먹을 데,음식점 중 '양식'을 판매·제공하는 매장,train,양식,T4 구어·문장,89a761c6-b571-40d9-873c-743fb2e68490,하레,돈가스,어은누리 골목형상점가,골목형상점가,대전광역시,,,
4ca3a8f67f4641b92a6f,full_annotation_v1,A,q_양식_06,돈가스 먹을 데,음식점 중 '양식'을 판매·제공하는 매장,train,양식,T4 구어·문장,2185de7c-1a9c-433a-a60d-1c3a0514aa57,구미구미,돈가스,동명동 카페거리 골목형상점가,골목형상점가,광주광역시,,,
ab34f8736c1aeb8b3649,full_annotation_v1,A,q_양식_06,돈가스 먹을 데,음식점 중 '양식'을 판매·제공하는 매장,train,양식,T4 구어·문장,012a896d-ccbb-4333-9e6f-81aa9b7e5f3f,레코드피자,양식,녹두 골목형상점가,골목형상점가,서울특별시,,,
82964eca353c23719a5e,full_annotation_v1,A,q_양식_06,돈가스 먹을 데,음식점 중 '양식'을 판매·제공하는 매장,train,양식,T4 구어·문장,a6ce39d2-ba60-498b-bee0-eeebfc07a619,선릉돈가스,돈가스,염매시장(구 덕산시장),전통시장,대구광역시,,,
a43c8edc9b261b2315cf,full_annotation_v1,A,q_양식_06,돈가스 먹을 데,음식점 중 '양식'을 판매·제공하는 매장,train,양식,T4 구어·문장,4aa60785-0702-4dd7-b6b5-79832e4a14e8,정다함돈가스,돈가스,태평시장,전통시장,대전광역시,,,
304468ad4554a9960282,full_annotation_v1,A,q_양식_06,돈가스 먹을 데,음식점 중 '양식'을 판매·제공하는 매장,train,양식,T4 구어·문장,00648f38-2954-48a3-b373-37745a65aaba,도쿄파스타 클럽,양식,잠원하길골목형상점가,골목형상점가,서울특별시,,,
f313b154882209a196c1,full_annotation_v1,A,q_양식_06,돈가스 먹을 데,음식점 중 '양식'을 판매·제공하는 매장,train,양식,T4 구어·문장,f42bc04e-4220-4ad0-a994-19252abab3f8,보름돈가스,돈가스,커낼워크상점가,골목형상점가,인천광역시,,,
408a323291f939bdd364,full_annotation_v1,A,q_양식_06,돈가스 먹을 데,음식점 중 '양식'을 판매·제공하는 매장,train,양식,T4 구어·문장,3b9b4b3c-1166-42ba-9887-c60c8f65d5e6,성심카츠,돈가스,광복마을길 골목형상점가,골목형상점가,광주광역시,,,
0fe96f72b4bbb6de55c8,full_annotation_v1,A,q_양식_06,돈가스 먹을 데,음식점 중 '양식'을 판매·제공하는 매장,train,양식,T4 구어·문장,ca075a26-b68f-4970-b954-b8a2eb437f80,임비뇨기과의원,피부과 비뇨기과,말바우우산 골목형상점가,골목형상점가,광주광역시,,,
b70ae160d6991d1232c7,full_annotation_v1,A,q_양식_06,돈가스 먹을 데,음식점 중 '양식'을 판매·제공하는 매장,train,양식,T4 구어·문장,35c98b46-f632-4763-b92d-23f9f216522c,세종엔돈가스 아름본점,돈가스,아름동상점가,자율상권구역,세종특별자치시,,,
a6032c15b030bb980fa5,full_annotation_v1,A,q_양식_06,돈가스 먹을 데,음식점 중 '양식'을 판매·제공하는 매장,train,양식,T4 구어·문장,5054fd1a-203a-49d1-b7fe-55ce721fe7db,최고당 돈가스,,승달 골목형상점가,골목형상점가,,,,
5cf9439c893e08538060,full_annotation_v1,A,q_양식_06,돈가스 먹을 데,음식점 중 '양식'을 판매·제공하는 매장,train,양식,T4 구어·문장,b1fbb3dd-28c7-40ee-a35f-e9a3eefbec70,가츠몽 돈가스,돈가스,서현센트럴상점,골목형상점가,경기도,,,
824a3abec59442cb3226,full_annotation_v1,A,q_양식_06,돈가스 먹을 데,음식점 중 '양식'을 판매·제공하는 매장,train,양식,T4 구어·문장,ae147dd1-95e9-41e4-95fe-4fd4bd501320,두돈또돈,돈가스,목대온기 골목형상점가,골목형상점가,대전광역시,,,
9a27e28e20ec8fff872c,full_annotation_v1,A,q_양식_06,돈가스 먹을 데,음식점 중 '양식'을 판매·제공하는 매장,train,양식,T4 구어·문장,9842b827-b4c9-4637-a076-3c2f1293aadb,돈카춘,돈가스,송탄관광특구 골목형상점가,골목형상점가,경기도,,,
acee5516099ceb9c834c,full_annotation_v1,A,q_양식_06,돈가스 먹을 데,음식점 중 '양식'을 판매·제공하는 매장,train,양식,T4 구어·문장,cd3e37c2-e7cc-43cd-bd86-31609eb99624,엄마네돈가스,돈가스,원주자유시장,전통시장,강원특별자치도,,,
6764fc2a72d847e09686,full_annotation_v1,A,q_양식_06,돈가스 먹을 데,음식점 중 '양식'을 판매·제공하는 매장,train,양식,T4 구어·문장,cb98bb6a-a348-4819-a22d-0297691fce25,금메달돈가스,돈가스,원종고강제일시장(부천제일시장),전통시장,경기도,,,
6f7f836c410f1020116c,full_annotation_v1,A,q_양식_06,돈가스 먹을 데,음식점 중 '양식'을 판매·제공하는 매장,train,양식,T4 구어·문장,eeafb369-a121-4d2e-8f0c-510bb0005f01,다다카츠,돈가스,"가락마을 1,2단지 골목형상점가(가락마을 1,2단지 상인회)",골목형상점가,세종특별자치시,,,
9a58804e6763e4b044b1,full_annotation_v1,A,q_양식_06,돈가스 먹을 데,음식점 중 '양식'을 판매·제공하는 매장,train,양식,T4 구어·문장,0cfbe028-7ee7-4af5-853e-edc058647d22,덕성상회,외의,마산 부림시장,전통시장,경상남도,,,
c28f58f1425244e6f437,full_annotation_v1,A,q_양식_06,돈가스 먹을 데,음식점 중 '양식'을 판매·제공하는 매장,train,양식,T4 구어·문장,3aa5c534-6a5d-4735-b953-3779ba138b1a,민들레,돈가스,백운진다리 골목형상점가,골목형상점가,광주광역시,,,
d5dcc384b5b0d32bd499,full_annotation_v1,A,q_양식_06,돈가스 먹을 데,음식점 중 '양식'을 판매·제공하는 매장,train,양식,T4 구어·문장,0372d0ce-e9ee-4bb2-94c9-9ec16804cb1f,카페유,"커피, 케이크, 브런치",풍2동 골목형상점가,골목형상점가,경기도,,,
53ec66c5b4ca87345896,full_annotation_v1,A,q_양식_06,돈가스 먹을 데,음식점 중 '양식'을 판매·제공하는 매장,train,양식,T4 구어·문장,040b391d-a92f-4db4-90cd-eb2c0720eb78,eating,파스타 덮밥 피자,여주 터미널상점가,자율상권구역,경기도,,,
21fa7b57448e548abf11,full_annotation_v1,A,q_양식_06,돈가스 먹을 데,음식점 중 '양식'을 판매·제공하는 매장,train,양식,T4 구어·문장,0ef964c8-07f3-4859-99f1-6cdae01a8fc4,더문,스테이크,운천호수공원상인회 골목형상점가,골목형상점가,광주광역시,,,
45c6a4ae0a0f02bd3206,full_annotation_v1,A,q_양식_07,브런치 먹을 곳,음식점 중 '양식'을 판매·제공하는 매장,train,양식,T4 구어·문장,f5663367-6f16-4f25-bd19-85b98433752f,더한옥,"커피, 브런치",북촌계동길골목형상점가,골목형상점가,서울특별시,,,
47f4a578d8ac654e738f,full_annotation_v1,A,q_양식_07,브런치 먹을 곳,음식점 중 '양식'을 판매·제공하는 매장,train,양식,T4 구어·문장,a06ae3eb-b397-4a55-b5b5-79caa4a70760,루시구시,커피 브런치,포항 대이상가 골목형상점가,골목형상점가,경상북도,,,
b30a4e81f6250b1f988a,full_annotation_v1,A,q_양식_07,브런치 먹을 곳,음식점 중 '양식'을 판매·제공하는 매장,train,양식,T4 구어·문장,2cae148e-215f-41c5-a9d9-9ae9c2cde881,카페그로스,커피 디저트 브런치,하남3지구 골목형상점가,골목형상점가,광주광역시,,,
f4aa63da221e13b7cb22,full_annotation_v1,A,q_양식_07,브런치 먹을 곳,음식점 중 '양식'을 판매·제공하는 매장,train,양식,T4 구어·문장,0f10060e-20fc-4c00-a8dd-5827ce984528,러브런치(LuvLunch),브런치 카페,거제 상동 골목형상점가,골목형상점가,경상남도,,,
e04fd9eeb3c23be0fae8,full_annotation_v1,A,q_양식_07,브런치 먹을 곳,음식점 중 '양식'을 판매·제공하는 매장,train,양식,T4 구어·문장,f24a2e69-3c70-4d33-9ffc-86936b38aafd,하남축산,고기,하남 골목형상점가,골목형상점가,광주광역시,,,
423ea6dcbc1912b70343,full_annotation_v1,A,q_양식_07,브런치 먹을 곳,음식점 중 '양식'을 판매·제공하는 매장,train,양식,T4 구어·문장,96e2704f-14e3-4b46-989d-6263e37730d7,필그림음악학원,피아노,신창수문 골목형상점가,골목형상점가,광주광역시,,,
438a29394ec74bd8501b,full_annotation_v1,A,q_양식_07,브런치 먹을 곳,음식점 중 '양식'을 판매·제공하는 매장,train,양식,T4 구어·문장,ae320bf6-47d2-4d14-b891-fd4fb137cf44,브런치펍1,음식점,정릉시장,전통시장,서울특별시,,,
2b8a47dbbb676248de04,full_annotation_v1,A,q_양식_07,브런치 먹을 곳,음식점 중 '양식'을 판매·제공하는 매장,train,양식,T4 구어·문장,37040d88-99c7-47d5-a21e-b45c679977aa,더수풀,브런치,"지웰시티몰 1,2단지 골목형상점가",골목형상점가,충청남도,,,
13168845b8b9ec9be2a3,full_annotation_v1,A,q_양식_07,브런치 먹을 곳,음식점 중 '양식'을 판매·제공하는 매장,train,양식,T4 구어·문장,2743811c-5e71-4d2b-aa75-1b0147d44f2d,사우 꽃이 피는 곳,꽃,김포 풍년마을 골목형상점가,골목형상점가,경기도,,,
160ba91d0e51d0244e8c,full_annotation_v1,A,q_양식_07,브런치 먹을 곳,음식점 중 '양식'을 판매·제공하는 매장,train,양식,T4 구어·문장,9c5cceaf-2b25-4655-a79f-ff04834860be,제이틴,커피 브런치,BOCA 보카상점가,골목형상점가,경기도,,,
71cf4c1554a7cb9e8df1,full_annotation_v1,A,q_양식_07,브런치 먹을 곳,음식점 중 '양식'을 판매·제공하는 매장,train,양식,T4 구어·문장,065b7b13-3b93-45e7-b5c0-3f58a16a5304,카츠림,돈가스,청계면 목대후문 골목형상점가,골목형상점가,전라남도,,,
f8b4476a2ebec738030f,full_annotation_v1,A,q_양식_07,브런치 먹을 곳,음식점 중 '양식'을 판매·제공하는 매장,train,양식,T4 구어·문장,45150bb2-31fc-4c7d-9b66-31fe7a9caf0b,지지베이커리&브런치,빵,거제 고현자율상권,,경상남도,,,
ca56e78769f176474af3,full_annotation_v1,A,q_양식_07,브런치 먹을 곳,음식점 중 '양식'을 판매·제공하는 매장,train,양식,T4 구어·문장,012a896d-ccbb-4333-9e6f-81aa9b7e5f3f,레코드피자,양식,녹두 골목형상점가,골목형상점가,서울특별시,,,
3eda55e88ba57aeac813,full_annotation_v1,A,q_양식_07,브런치 먹을 곳,음식점 중 '양식'을 판매·제공하는 매장,train,양식,T4 구어·문장,c111ac9d-3f3a-405c-a8db-4d127ccda9e2,행복이 있는 곳,잡화,제주로얄쇼핑센터,자율상권구역,제주특별자치도,,,
6d503072affdbd6eceb3,full_annotation_v1,A,q_양식_07,브런치 먹을 곳,음식점 중 '양식'을 판매·제공하는 매장,train,양식,T4 구어·문장,bd57bea4-16a2-43c2-a939-bea4955de08e,서연이네곱창전골,한식,학소로 골목형상점가,골목형상점가,광주광역시,,,
15a39e013e324dafd294,full_annotation_v1,A,q_양식_07,브런치 먹을 곳,음식점 중 '양식'을 판매·제공하는 매장,train,양식,T4 구어·문장,9ac9122d-1d67-4b88-b0f8-f9443a0ee301,나이테,브런치,동구청앞 골목형상점가,골목형상점가,광주광역시,,,
735721a945ea609e36fe,full_annotation_v1,A,q_양식_07,브런치 먹을 곳,음식점 중 '양식'을 판매·제공하는 매장,train,양식,T4 구어·문장,4121bf3f-51df-48ab-992e-01221dcde687,22번가,커피 브런치,신내구길 골목형상점가,골목형상점가,서울특별시,,,
2a095c21ffd28232f682,full_annotation_v1,A,q_양식_07,브런치 먹을 곳,음식점 중 '양식'을 판매·제공하는 매장,train,양식,T4 구어·문장,00fce4dc-3cbf-40a2-adb5-ba642f20b9e2,제이스쿠진,서양식,갈매리본거리 골목형상점가,골목형상점가,경기도,,,
f046318e68a764a3b1f4,full_annotation_v1,A,q_양식_07,브런치 먹을 곳,음식점 중 '양식'을 판매·제공하는 매장,train,양식,T4 구어·문장,04120e1e-e969-4e43-9b25-4a0baacfae9f,소아브,"카페, 디저트, 브런치",유성도안 골목형상점가,골목형상점가,대전광역시,,,
30f7351d879a1fcf60b6,full_annotation_v1,A,q_양식_07,브런치 먹을 곳,음식점 중 '양식'을 판매·제공하는 매장,train,양식,T4 구어·문장,6f9f6084-9175-47aa-b111-6969b14dbd3a,오프온오프,디저트 브런치 커피 등,동진맨션 골목형상점가,골목형상점가,광주광역시,,,
d1d9a0fe959aa685b0e8,full_annotation_v1,A,q_양식_07,브런치 먹을 곳,음식점 중 '양식'을 판매·제공하는 매장,train,양식,T4 구어·문장,85786e4b-2780-4989-b468-bf831ea2ba8e,언니의브런치,,동백중심상가 골목형상점가,골목형상점가,경기도,,,
7ed048e7d09d8647f705,full_annotation_v1,A,q_양식_07,브런치 먹을 곳,음식점 중 '양식'을 판매·제공하는 매장,train,양식,T4 구어·문장,0c7dce91-0eaf-46fe-9c72-5c07d0b3945e,네모에이드,"브런치, 공방",댕리단길 골목형상점가,골목형상점가,경기도,,,
60b24087815e18f287f7,full_annotation_v1,A,q_양식_07,브런치 먹을 곳,음식점 중 '양식'을 판매·제공하는 매장,train,양식,T4 구어·문장,0372d0ce-e9ee-4bb2-94c9-9ec16804cb1f,카페유,"커피, 케이크, 브런치",풍2동 골목형상점가,골목형상점가,경기도,,,
52217e5f9b4859676977,full_annotation_v1,A,q_양식_07,브런치 먹을 곳,음식점 중 '양식'을 판매·제공하는 매장,train,양식,T4 구어·문장,4f99994e-3a13-4787-a4fc-d62ced749c4d,원에이,도소매(외의),평화시장,전통시장,서울특별시,,,
aeb4cbcb9b5fddc53032,full_annotation_v1,A,q_양식_07,브런치 먹을 곳,음식점 중 '양식'을 판매·제공하는 매장,train,양식,T4 구어·문장,cfe24c50-7b2d-4dab-a8ce-82ea7174e814,모카디벨로,커피 브런치,봉주 골목형상점가,골목형상점가,광주광역시,,,
0d5c995f523140026d5c,full_annotation_v1,A,q_양식_07,브런치 먹을 곳,음식점 중 '양식'을 판매·제공하는 매장,train,양식,T4 구어·문장,671a1ea8-60f4-49b6-89a9-2465c4d0e6e4,모아이커피로스터스,커피 브런치,마산 수남상가,자율상권구역,경상남도,,,
f87b734779fa945c0044,full_annotation_v1,A,q_양식_07,브런치 먹을 곳,음식점 중 '양식'을 판매·제공하는 매장,train,양식,T4 구어·문장,5478723b-3ffa-4cd7-a1da-da8d01383bf7,레구르,브런치 커피,용대로119번길 골목형상점가,골목형상점가,광주광역시,,,
05fada9b84a5aa9b75c3,full_annotation_v1,A,q_양식_07,브런치 먹을 곳,음식점 중 '양식'을 판매·제공하는 매장,train,양식,T4 구어·문장,2e8ade8a-8b7d-478f-a738-07c17e9cb2f2,아필코본점,브런치,첨단동행 골목형상점가,골목형상점가,광주광역시,,,
a094471e8b7155dba0d9,full_annotation_v1,A,q_양식_07,브런치 먹을 곳,음식점 중 '양식'을 판매·제공하는 매장,train,양식,T4 구어·문장,0061123f-a676-4556-9633-5fbc4ecaf6ef,치즈케익카스테라카페,제과,북가좌동 골목형상점가,골목형상점가,서울특별시,,,
775ac903bf09455a9eae,full_annotation_v1,A,q_양식_07,브런치 먹을 곳,음식점 중 '양식'을 판매·제공하는 매장,train,양식,T4 구어·문장,e669a829-a5ae-4514-8748-a02c43438b19,스노우피크,의류 신발 스포츠용품,원주중앙시장활성화구역,상권활성화구역,강원특별자치도,,,
371343517570daa4cbf7,full_annotation_v1,A,q_양식_07,브런치 먹을 곳,음식점 중 '양식'을 판매·제공하는 매장,train,양식,T4 구어·문장,03f37d02-1eb9-4f82-ab05-be726fa24a36,우주파스타,,수정로 상권활성화구역,상권활성화구역,경기도,,,
9156b792d581b6500d91,full_annotation_v1,A,q_양식_07,브런치 먹을 곳,음식점 중 '양식'을 판매·제공하는 매장,train,양식,T4 구어·문장,4591330e-8732-4237-b725-16c07f2cd90f,지에스(GS)25 삼천이안점,,삼천용리로 골목형상점가,골목형상점가,전북특별자치도,,,
fe81dfce5da1bac51a0c,full_annotation_v1,A,q_양식_07,브런치 먹을 곳,음식점 중 '양식'을 판매·제공하는 매장,train,양식,T4 구어·문장,76a3551b-dae4-4326-92cc-662015aedbfb,쉴 곳,한식,칠성로상점가,자율상권구역,제주특별자치도,,,
2ca78184e9afcceda94d,full_annotation_v1,A,q_양식_07,브런치 먹을 곳,음식점 중 '양식'을 판매·제공하는 매장,train,양식,T4 구어·문장,b91465ad-c160-4d78-9f8d-5b81e66eab11,오늘을 담다,브런치,북정로 중심상가,전통시장,경상북도,,,
e14e9cafa3a0ad75c5e6,full_annotation_v1,A,q_양식_07,브런치 먹을 곳,음식점 중 '양식'을 판매·제공하는 매장,train,양식,T4 구어·문장,040b391d-a92f-4db4-90cd-eb2c0720eb78,eating,파스타 덮밥 피자,여주 터미널상점가,자율상권구역,경기도,,,
b7397b2bd083bcf5e730,full_annotation_v1,A,q_양식_07,브런치 먹을 곳,음식점 중 '양식'을 판매·제공하는 매장,train,양식,T4 구어·문장,1a21655f-fe8c-4699-b5a2-1ea6c514273c,아나브린,브런치,신창상가,전통시장,부산광역시,,,
3c6a39d3f52ac85d555f,full_annotation_v1,A,q_양식_07,브런치 먹을 곳,음식점 중 '양식'을 판매·제공하는 매장,train,양식,T4 구어·문장,a664d713-f430-496e-a5d5-326ca7141865,이츠헤어샵,미용실,화정로상인회 골목형상점가,골목형상점가,광주광역시,,,
644187e6d88b52396820,full_annotation_v1,A,q_양식_07,브런치 먹을 곳,음식점 중 '양식'을 판매·제공하는 매장,train,양식,T4 구어·문장,7a41caa4-4a6b-4b07-9827-78e46052b87a,올모,음료및제빵및 브런치,유촌마을상인회 골목형상점가,골목형상점가,광주광역시,,,
0717b1348e5c11a158fc,full_annotation_v1,A,q_양식_07,브런치 먹을 곳,음식점 중 '양식'을 판매·제공하는 매장,train,양식,T4 구어·문장,27e9e5ec-8271-4f70-be73-e1117b214cf8,썬셋하우스,브런치,두마면 대실골목형상점가,골목형상점가,충청남도,,,
082b79f9c38a7a4cc6db,full_annotation_v1,A,q_양식_07,브런치 먹을 곳,음식점 중 '양식'을 판매·제공하는 매장,train,양식,T4 구어·문장,bcebf1d5-d1ef-4ddd-bd3c-9ce9184c67b3,카페맑음,"샌드위치, 브런치",나성동 국세청 골목형상점가,골목형상점가,세종특별자치시,,,
a085db38e440c65842ae,full_annotation_v1,A,q_양식_07,브런치 먹을 곳,음식점 중 '양식'을 판매·제공하는 매장,train,양식,T4 구어·문장,a4883288-703f-4309-9df1-66a3e25e72af,CU대전리슈빌점,편의점,지족반석 골목형상점가,골목형상점가,대전광역시,,,
7b7f23db71b86ab347c4,full_annotation_v1,A,q_양식_07,브런치 먹을 곳,음식점 중 '양식'을 판매·제공하는 매장,train,양식,T4 구어·문장,001bc028-a43e-44d4-9682-db280a4998cc,파리바게뜨전주근영점,제과점,근영누리 골목형상점가,골목형상점가,전북특별자치도,,,
8858586cb24234c25fb9,full_annotation_v1,A,q_양식_07,브런치 먹을 곳,음식점 중 '양식'을 판매·제공하는 매장,train,양식,T4 구어·문장,ccede5b5-d292-4715-a7c0-7a235178f30d,모비네일(MOBI NAIL),네일,하남 골목형상점가,골목형상점가,광주광역시,,,
a4994f87b5e7182650aa,full_annotation_v1,A,q_양식_07,브런치 먹을 곳,음식점 중 '양식'을 판매·제공하는 매장,train,양식,T4 구어·문장,0bc8ebe3-32d5-45ff-9214-8cb4d62c5780,카츠현 다사점,돈가스,(유)다사소상공인연합,골목형상점가,대구광역시,,,
8eb3685922f5ce6873fc,full_annotation_v1,A,q_양식_07,브런치 먹을 곳,음식점 중 '양식'을 판매·제공하는 매장,train,양식,T4 구어·문장,00a88093-8a14-41ad-8b1f-d35632be9f3b,한아름빵집,제과,신평골목시장,전통시장,부산광역시,,,
afbb3add75f3b417eb30,full_annotation_v1,A,q_양식_07,브런치 먹을 곳,음식점 중 '양식'을 판매·제공하는 매장,train,양식,T4 구어·문장,00362b85-cb9a-4318-9059-12f768d76197,파리바게뜨전주인후점,제과점,소나무 골목형상점가,골목형상점가,전북특별자치도,,,
bf2fb454f9241756b51b,full_annotation_v1,A,q_양식_07,브런치 먹을 곳,음식점 중 '양식'을 판매·제공하는 매장,train,양식,T4 구어·문장,e38b693e-d142-4893-9119-944a55b45962,피키페어,브런치,둔산3동상점가,자율상권구역,대전광역시,,,
ede2b89a649fb24d7bdc,full_annotation_v1,A,q_양식_07,브런치 먹을 곳,음식점 중 '양식'을 판매·제공하는 매장,train,양식,T4 구어·문장,06e12902-81c7-4ee7-a367-305a8820bd80,예당주얼리,시계 귀금속,진주 논개시장,전통시장,경상남도,,,
8390aa490ca963313b00,full_annotation_v1,A,q_양식_07,브런치 먹을 곳,음식점 중 '양식'을 판매·제공하는 매장,train,양식,T4 구어·문장,b8c01cc1-a111-411d-9ae4-2cdcbaaf54e9,주헤히스,"커피, 브런치",지족반석 골목형상점가,골목형상점가,대전광역시,,,
196fcc366cf1f5248720,full_annotation_v1,A,q_양식_07,브런치 먹을 곳,음식점 중 '양식'을 판매·제공하는 매장,train,양식,T4 구어·문장,b1e57701-22fc-4dbb-a284-8edb0c168cd0,그라운드,브런치,원신흥 골목형상점가,골목형상점가,대전광역시,,,
fa68d83a2fb4af143d30,full_annotation_v1,A,q_양식_07,브런치 먹을 곳,음식점 중 '양식'을 판매·제공하는 매장,train,양식,T4 구어·문장,00a22095-ea5b-4ad7-802b-4b59961b9c33,한양 고잔점,한식 양식,고잔뜰 상점가,자율상권구역,경기도,,,
438c8b0ab85b9cf7e727,full_annotation_v1,A,q_양식_07,브런치 먹을 곳,음식점 중 '양식'을 판매·제공하는 매장,train,양식,T4 구어·문장,24456103-f6b8-46af-8655-82e61d7265d8,커피가 머무르는 곳,커피,반드레길골목형상점가,골목형상점가,서울특별시,,,
9bf5f2600cac82d322a3,full_annotation_v1,A,q_양식_07,브런치 먹을 곳,음식점 중 '양식'을 판매·제공하는 매장,train,양식,T4 구어·문장,6762b358-d641-449f-9b0e-4191e64b4297,브런치빈 다산점,브런치,다산역 로데오 상점가,자율상권구역,경기도,,,
e46dc71419257aaa185a,full_annotation_v1,A,q_양식_07,브런치 먹을 곳,음식점 중 '양식'을 판매·제공하는 매장,train,양식,T4 구어·문장,b7c80f11-f075-4985-9cd1-01f648ce75c1,아퀴진,브런치,나성BRT 골목형상점가,골목형상점가,세종특별자치시,,,
bcbe99af10b611b0ca56,full_annotation_v1,A,q_양식_07,브런치 먹을 곳,음식점 중 '양식'을 판매·제공하는 매장,train,양식,T4 구어·문장,76de33aa-0e10-4ba6-8822-97cd27edae3e,요키 코-히-,브런치,남성역먹거리골목형상점가,골목형상점가,서울특별시,,,
9d8608ee44cd40d3b29a,full_annotation_v1,A,q_양식_07,브런치 먹을 곳,음식점 중 '양식'을 판매·제공하는 매장,train,양식,T4 구어·문장,fe33b7c3-c62d-4f3b-9285-990d6253395b,카페04293,브런치,북촌계동길골목형상점가,골목형상점가,서울특별시,,,
fa4b9d903fa9a4b80dfa,full_annotation_v1,A,q_양식_07,브런치 먹을 곳,음식점 중 '양식'을 판매·제공하는 매장,train,양식,T4 구어·문장,01ae42ea-516f-48b6-b198-376d1a40e55a,돈미정,돈가스,청주북부시장,전통시장,충청북도,,,
f7f81c11b50b55795850,full_annotation_v1,A,q_양식_07,브런치 먹을 곳,음식점 중 '양식'을 판매·제공하는 매장,train,양식,T4 구어·문장,00648f38-2954-48a3-b373-37745a65aaba,도쿄파스타 클럽,양식,잠원하길골목형상점가,골목형상점가,서울특별시,,,
1cea2dc2c0453af9b1f7,full_annotation_v1,A,q_양식_07,브런치 먹을 곳,음식점 중 '양식'을 판매·제공하는 매장,train,양식,T4 구어·문장,401e8305-aaea-412d-a0d6-ec3f3987f51b,테리토리,브런치,송도 아트포레 판매시설 골목형상점가,골목형상점가,인천광역시,,,
7c12aadae69e78d360f8,full_annotation_v1,A,q_양식_07,브런치 먹을 곳,음식점 중 '양식'을 판매·제공하는 매장,train,양식,T4 구어·문장,30a2d44a-1928-4768-84e2-570d4845a048,참숯골,쭈꾸미,신내구길 골목형상점가,골목형상점가,서울특별시,,,
bc17cad4b166486f05e7,full_annotation_v1,A,q_양식_07,브런치 먹을 곳,음식점 중 '양식'을 판매·제공하는 매장,train,양식,T4 구어·문장,02d49b6b-4c61-4aef-a15f-338ca1a59f59,레레하우스,파스타 피자 스테이크,첨단지구 골목형상점가,골목형상점가,광주광역시,,,
5207e5ba21cc865dea03,full_annotation_v1,A,q_양식_07,브런치 먹을 곳,음식점 중 '양식'을 판매·제공하는 매장,train,양식,T4 구어·문장,eef06b25-566c-4ac5-8ff7-cbfa6c0d6e31,비케케선셋,브런치,청주시 소나무길 일원 자율상권구역,상권활성화구역,충청북도,,,
89b5e84705eb14863170,full_annotation_v1,A,q_양식_07,브런치 먹을 곳,음식점 중 '양식'을 판매·제공하는 매장,train,양식,T4 구어·문장,0c4a74db-4ddc-4eb2-8344-07bd2bbdf3e0,파슷타애요,파스타 샐러드 스테이크 필라프,상무쌍촌역상인회 골목형상점가,골목형상점가,광주광역시,,,
3114d0f6e64fe2349c13,full_annotation_v1,A,q_양식_07,브런치 먹을 곳,음식점 중 '양식'을 판매·제공하는 매장,train,양식,T4 구어·문장,82c3676d-d739-41f2-bba7-69c5b611facd,바르,브런치,청림마을골목형상점가,골목형상점가,서울특별시,,,
53c1ad2688e7b3a1a458,full_annotation_v1,A,q_양식_07,브런치 먹을 곳,음식점 중 '양식'을 판매·제공하는 매장,train,양식,T4 구어·문장,194e8604-8dec-4690-bebd-ac7b0b8effb8,룩스라이스,요리 공방,큰방림길 골목형상점가,골목형상점가,광주광역시,,,
bac694002483e083922a,full_annotation_v1,A,q_양식_07,브런치 먹을 곳,음식점 중 '양식'을 판매·제공하는 매장,train,양식,T4 구어·문장,206b0f0b-be06-4478-a073-cf8d5c762e91,소유,"커피, 브런치",백운브릿지 골목형상점가,골목형상점가,광주광역시,,,
4eccf194aca116a1dbe6,full_annotation_v1,A,q_양식_07,브런치 먹을 곳,음식점 중 '양식'을 판매·제공하는 매장,train,양식,T4 구어·문장,b6acd0f8-496c-42ae-894c-38ce51a5f606,청춘노가리,주류음식,신창부영 골목형상점가,골목형상점가,광주광역시,,,
5dcf2cbfd594e4955bc7,full_annotation_v1,A,q_양식_07,브런치 먹을 곳,음식점 중 '양식'을 판매·제공하는 매장,train,양식,T4 구어·문장,875997e0-297c-4d80-abe0-20b5e9472256,씨유전주본점,,삼천용리로 골목형상점가,골목형상점가,전북특별자치도,,,
917478b01948e30d4219,full_annotation_v1,A,q_양식_07,브런치 먹을 곳,음식점 중 '양식'을 판매·제공하는 매장,train,양식,T4 구어·문장,bc73abcd-4757-4c3e-9351-10578c66df41,미드픽(midpick),브런치,운천테라스길상인회 골목형상점가,골목형상점가,광주광역시,,,
dd5451e9ae1e6931957a,full_annotation_v1,A,q_양식_07,브런치 먹을 곳,음식점 중 '양식'을 판매·제공하는 매장,train,양식,T4 구어·문장,9d8063b3-cc4a-4bd3-9bdb-2c6ce116025a,씨푸드 브런치 아멕스,커피,한들물빛도시 골목형 상점가,골목형상점가,충청남도,,,
576c00e7aa49ceaf85a8,full_annotation_v1,A,q_양식_07,브런치 먹을 곳,음식점 중 '양식'을 판매·제공하는 매장,train,양식,T4 구어·문장,039d7f3d-7fb9-47ea-944e-8ba3d2dcfbe7,삼익가스,가스,마산어시장,전통시장,경상남도,,,
467619314691b92699b5,full_annotation_v1,A,q_양식_07,브런치 먹을 곳,음식점 중 '양식'을 판매·제공하는 매장,train,양식,T4 구어·문장,062b7cb0-525c-4b41-9dd3-961539a6da81,카츠앤맘,"일식, 돈가스",전남대 상대 골목형상점가,골목형상점가,광주광역시,,,
e66818d23fa2933b0514,full_annotation_v1,A,q_양식_07,브런치 먹을 곳,음식점 중 '양식'을 판매·제공하는 매장,train,양식,T4 구어·문장,6bdc4f6b-0954-4aba-ae98-eb02e35a8aa0,브런치앤디너 테라비 부산대점,브런치 카페,부리단길 골목형상점가,골목형상점가,부산광역시,,,
08ffdf9340c0980ea91a,full_annotation_v1,A,q_양식_07,브런치 먹을 곳,음식점 중 '양식'을 판매·제공하는 매장,train,양식,T4 구어·문장,88e7d450-ddbc-4999-8f71-a674cb00641a,유금당,귀금속,여주한글시장(여주중앙로상점가),전통시장,경기도,,,
e00c3a29b17a5d0acd21,full_annotation_v1,A,q_양식_07,브런치 먹을 곳,음식점 중 '양식'을 판매·제공하는 매장,train,양식,T4 구어·문장,0a5af1f3-8437-4347-a579-f33d73fe5463,로스빌리지,커피 및 디저트 브런치,의정부시 구도심 상권활성화구역,상권활성화구역,경기도,,,
062858e64704c95d7912,full_annotation_v1,A,q_양식_07,브런치 먹을 곳,음식점 중 '양식'을 판매·제공하는 매장,train,양식,T4 구어·문장,f2d5975f-4226-44d7-9576-69f0db557fc8,베네페페,"브런치, 파스타",귀인동먹거리촌 골목형상점가,골목형상점가,경기도,,,
45d43fa002427f11dd67,full_annotation_v1,A,q_양식_07,브런치 먹을 곳,음식점 중 '양식'을 판매·제공하는 매장,train,양식,T4 구어·문장,6f6e3f0a-c568-4877-aad8-4c78af0050c3,브런치바이트,커피 브런치,경주중심상가,전통시장,경상북도,,,
1631e1d43d516265bbb0,full_annotation_v1,A,q_양식_07,브런치 먹을 곳,음식점 중 '양식'을 판매·제공하는 매장,train,양식,T4 구어·문장,ecb08816-aeb6-4b02-bef2-db05ad9bc972,브리사디마르,브런치,송도 아트포레 판매시설 골목형상점가,골목형상점가,인천광역시,,,
fbcf47f012edbacfe86f,full_annotation_v1,A,q_양식_07,브런치 먹을 곳,음식점 중 '양식'을 판매·제공하는 매장,train,양식,T4 구어·문장,00e9de4b-3c8d-44a2-bfc2-ddc91fe5a03b,대디파스타,파스타돈가스,벽산황계로 골목형상점가,골목형상점가,광주광역시,,,
7a4e4dfba824cd824435,full_annotation_v1,A,q_양식_07,브런치 먹을 곳,음식점 중 '양식'을 판매·제공하는 매장,train,양식,T4 구어·문장,7b60b738-98a3-44fa-a581-d8b2b992f39f,욜크12,브런치,원신흥 골목형상점가,골목형상점가,대전광역시,,,
ff674f57b1742cfcb266,full_annotation_v1,A,q_양식_07,브런치 먹을 곳,음식점 중 '양식'을 판매·제공하는 매장,train,양식,T4 구어·문장,12326a6f-72f4-424b-8a36-ce75552f76e8,마렌토,브런치,민락수변공원 골목형상점가,골목형상점가,부산광역시,,,
9584b3977ca0b76151c4,full_annotation_v1,A,q_양식_07,브런치 먹을 곳,음식점 중 '양식'을 판매·제공하는 매장,train,양식,T4 구어·문장,1012dee4-0261-436f-92b0-95666fef0db1,대전닭집,식육판매(닭),중리시장,전통시장,대전광역시,,,
d52c8b4b4ae87aef6b2f,full_annotation_v1,A,q_양식_07,브런치 먹을 곳,음식점 중 '양식'을 판매·제공하는 매장,train,양식,T4 구어·문장,01099186-2ca7-4ca1-b535-39cf1ff0c4d8,섬bar,서양식,뚝도시장,전통시장,서울특별시,,,
53eb2479b57397588a1b,full_annotation_v1,A,q_양식_07,브런치 먹을 곳,음식점 중 '양식'을 판매·제공하는 매장,train,양식,T4 구어·문장,144a0550-0797-4278-98df-2a82152951dd,더랜치,스테이크 수제가스 스파게티 덮밥 커피,송내역 3번출구 골목형상점가,골목형상점가,경기도,,,
9a4a051eeb57fd8ef0b3,full_annotation_v1,A,q_양식_07,브런치 먹을 곳,음식점 중 '양식'을 판매·제공하는 매장,train,양식,T4 구어·문장,d087f8c8-6b56-4071-9957-cd64c0b70694,요켈,샐러드 샌드위치 브런치,방림1어린이공원 골목형상점가,골목형상점가,광주광역시,,,
b08f376cddab9570825f,full_annotation_v1,A,q_양식_07,브런치 먹을 곳,음식점 중 '양식'을 판매·제공하는 매장,train,양식,T4 구어·문장,02fa5d6f-5100-4cd5-8a9f-184877f99878,덕수파스타 원주 일산점,,중앙로골목형상점가,골목형상점가,강원특별자치도,,,
0beff1b808af4a1d3cd5,full_annotation_v1,A,q_양식_07,브런치 먹을 곳,음식점 중 '양식'을 판매·제공하는 매장,train,양식,T4 구어·문장,002d0d06-15b2-463e-b789-b0232bcc6681,뚜레주르버들마을점,제과,버들마을상인회 골목형상점가,골목형상점가,광주광역시,,,
38325c7545f563a36b93,full_annotation_v1,A,q_양식_07,브런치 먹을 곳,음식점 중 '양식'을 판매·제공하는 매장,train,양식,T4 구어·문장,61171c95-18c8-4ee3-95dd-a1ca61994327,아르보 브런치,파스타,한들물빛도시 골목형 상점가,골목형상점가,충청남도,,,
9bba607db4a50b0540bc,full_annotation_v1,A,q_양식_07,브런치 먹을 곳,음식점 중 '양식'을 판매·제공하는 매장,train,양식,T4 구어·문장,0ef964c8-07f3-4859-99f1-6cdae01a8fc4,더문,스테이크,운천호수공원상인회 골목형상점가,골목형상점가,광주광역시,,,
7bca9df38d770553cfb9,full_annotation_v1,A,q_양식_07,브런치 먹을 곳,음식점 중 '양식'을 판매·제공하는 매장,train,양식,T4 구어·문장,b4485ee2-7232-46f0-b30c-610baeb58eca,해피포키,커피 디저트 브런치,반곡동 골목형상점가,골목형상점가,세종특별자치시,,,
2e9b9949f355fbb33796,full_annotation_v1,A,q_양식_07,브런치 먹을 곳,음식점 중 '양식'을 판매·제공하는 매장,train,양식,T4 구어·문장,1068f928-709b-46cc-bef9-eb04e959e875,케뚜,브런치,연희동골목형상점가,골목형상점가,서울특별시,,,
164bee3d416bcddd3eb4,full_annotation_v1,A,q_양식_07,브런치 먹을 곳,음식점 중 '양식'을 판매·제공하는 매장,train,양식,T4 구어·문장,1a96b913-32fd-4f06-ac5b-e14d136f3148,우디룸,브런치,어은누리 골목형상점가,골목형상점가,대전광역시,,,
ae39ac4fde3f47120f39,full_annotation_v1,A,q_양식_07,브런치 먹을 곳,음식점 중 '양식'을 판매·제공하는 매장,train,양식,T4 구어·문장,00e80339-1353-4885-81d7-0746a437abb2,포식 용인한숲시티점,쌀국수 돈까스 함박스테이크,남사한숲 골목형상점가,골목형상점가,경기도,,,
051cde5897a1db2c87fe,full_annotation_v1,A,q_양식_08,양식추천,음식점 중 '양식'을 판매·제공하는 매장,train,양식,T6 기계변형,b74bd953-8e5c-4ce3-9c4e-bbec07a5de31,빈체로,양식,과천중앙동상점가,자율상권구역,경기도,,,
bd517e36ddd1540f89bb,full_annotation_v1,A,q_양식_08,양식추천,음식점 중 '양식'을 판매·제공하는 매장,train,양식,T6 기계변형,ee161858-a231-4412-bd34-0783a3077292,웰던,양식,대야 골목형상점가,골목형상점가,전북특별자치도,,,
f5a49f293ba1e40adad6,full_annotation_v1,A,q_양식_08,양식추천,음식점 중 '양식'을 판매·제공하는 매장,train,양식,T6 기계변형,336de27a-53ac-4033-b088-477bfc7f06d4,장미포목상회,포목,상주중앙시장,전통시장,경상북도,,,
b209ce9ad963778920c9,full_annotation_v1,A,q_양식_08,양식추천,음식점 중 '양식'을 판매·제공하는 매장,train,양식,T6 기계변형,7e9f3edd-1024-4000-aee4-ba1f902bb696,카밀드,양식,경의숲길서강 골목형상점가,골목형상점가,서울특별시,,,
b7e7d3b1861dda9da0a0,full_annotation_v1,A,q_양식_08,양식추천,음식점 중 '양식'을 판매·제공하는 매장,train,양식,T6 기계변형,448f3cbe-afb6-4149-9c5a-a2747f8bbb11,술통,양식,풍암호수앞상인회 골목형상점가,골목형상점가,광주광역시,,,
84c183fc4f3df8523074,full_annotation_v1,A,q_양식_08,양식추천,음식점 중 '양식'을 판매·제공하는 매장,train,양식,T6 기계변형,04120e1e-e969-4e43-9b25-4a0baacfae9f,소아브,"카페, 디저트, 브런치",유성도안 골목형상점가,골목형상점가,대전광역시,,,
9dc25f36cfac9ebae9aa,full_annotation_v1,A,q_양식_08,양식추천,음식점 중 '양식'을 판매·제공하는 매장,train,양식,T6 기계변형,d612de20-9875-4317-89e5-e7616489932a,밀플랜비,양식,숭실마루길골목형상점가,골목형상점가,서울특별시,,,
cf13267474a051c3d399,full_annotation_v1,A,q_양식_08,양식추천,음식점 중 '양식'을 판매·제공하는 매장,train,양식,T6 기계변형,0a5af1f3-8437-4347-a579-f33d73fe5463,로스빌리지,커피 및 디저트 브런치,의정부시 구도심 상권활성화구역,상권활성화구역,경기도,,,
9be105d681f3e37938e9,full_annotation_v1,A,q_양식_08,양식추천,음식점 중 '양식'을 판매·제공하는 매장,train,양식,T6 기계변형,e1819eca-756a-4dc2-a693-4edc12d12b91,디핀,양식,서울중앙시장,전통시장,서울특별시,,,
03fe61c82058c85d3d77,full_annotation_v1,A,q_양식_08,양식추천,음식점 중 '양식'을 판매·제공하는 매장,train,양식,T6 기계변형,0bc8ebe3-32d5-45ff-9214-8cb4d62c5780,카츠현 다사점,돈가스,(유)다사소상공인연합,골목형상점가,대구광역시,,,
37fe8a7e4593f8582649,full_annotation_v1,A,q_양식_08,양식추천,음식점 중 '양식'을 판매·제공하는 매장,train,양식,T6 기계변형,a73b3752-caf6-4eef-a134-52b61ed228c2,보리마루,꽈배기 과자,대룡시장골목형상점가,골목형상점가,인천광역시,,,
7d19391a1f4b0629d50b,full_annotation_v1,A,q_양식_08,양식추천,음식점 중 '양식'을 판매·제공하는 매장,train,양식,T6 기계변형,cd60fdff-6644-4d2f-8777-c75681c1faab,서울할인마트,슈퍼마켓,목도시장,전통시장,충청북도,,,
e2aea350b83d64d957ca,full_annotation_v1,A,q_양식_08,양식추천,음식점 중 '양식'을 판매·제공하는 매장,train,양식,T6 기계변형,0c7dce91-0eaf-46fe-9c72-5c07d0b3945e,네모에이드,"브런치, 공방",댕리단길 골목형상점가,골목형상점가,경기도,,,
388539f23854d23ebeec,full_annotation_v1,A,q_양식_08,양식추천,음식점 중 '양식'을 판매·제공하는 매장,train,양식,T6 기계변형,00e9de4b-3c8d-44a2-bfc2-ddc91fe5a03b,대디파스타,파스타돈가스,벽산황계로 골목형상점가,골목형상점가,광주광역시,,,
b6df9391eca77065db17,full_annotation_v1,A,q_양식_08,양식추천,음식점 중 '양식'을 판매·제공하는 매장,train,양식,T6 기계변형,6a658c59-2393-4fc7-93dc-f61fc2f88301,양식당,양식,전주풍남문상점가,자율상권구역,전북특별자치도,,,
a2e5f5cdc6620ec10244,full_annotation_v1,A,q_양식_08,양식추천,음식점 중 '양식'을 판매·제공하는 매장,train,양식,T6 기계변형,001bc028-a43e-44d4-9682-db280a4998cc,파리바게뜨전주근영점,제과점,근영누리 골목형상점가,골목형상점가,전북특별자치도,,,
622b70f35554a0ec19a2,full_annotation_v1,A,q_양식_08,양식추천,음식점 중 '양식'을 판매·제공하는 매장,train,양식,T6 기계변형,4d5ec357-6605-4a75-88c2-1b982b9e533a,어질현,양식,전남여고후문 골목형상점가,골목형상점가,광주광역시,,,
d20e48449f5ceb7920a5,full_annotation_v1,A,q_양식_08,양식추천,음식점 중 '양식'을 판매·제공하는 매장,train,양식,T6 기계변형,eb8d641d-8ac2-4cf4-845c-c2b223250d3f,진맥,양식,건리단길 골목형상점가,골목형상점가,서울특별시,,,
b742681b11e393e1a18f,full_annotation_v1,A,q_양식_08,양식추천,음식점 중 '양식'을 판매·제공하는 매장,train,양식,T6 기계변형,00e80339-1353-4885-81d7-0746a437abb2,포식 용인한숲시티점,쌀국수 돈까스 함박스테이크,남사한숲 골목형상점가,골목형상점가,경기도,,,
5d5f0a7cfd61a685215d,full_annotation_v1,A,q_양식_08,양식추천,음식점 중 '양식'을 판매·제공하는 매장,train,양식,T6 기계변형,01ae42ea-516f-48b6-b198-376d1a40e55a,돈미정,돈가스,청주북부시장,전통시장,충청북도,,,
6b30a7af2687a6cc9bf7,full_annotation_v1,A,q_양식_08,양식추천,음식점 중 '양식'을 판매·제공하는 매장,train,양식,T6 기계변형,012a896d-ccbb-4333-9e6f-81aa9b7e5f3f,레코드피자,양식,녹두 골목형상점가,골목형상점가,서울특별시,,,
39cc9469f56940a4381a,full_annotation_v1,A,q_양식_08,양식추천,음식점 중 '양식'을 판매·제공하는 매장,train,양식,T6 기계변형,0061123f-a676-4556-9633-5fbc4ecaf6ef,치즈케익카스테라카페,제과,북가좌동 골목형상점가,골목형상점가,서울특별시,,,
3720e8fe9cc3612e1c02,full_annotation_v1,A,q_양식_08,양식추천,음식점 중 '양식'을 판매·제공하는 매장,train,양식,T6 기계변형,1715988f-23e1-4d8e-a2d3-4dee0cb78954,칼질,양식,문화의거리 상점가,자율상권구역,울산광역시,,,
025d7f4bbefdc709b615,full_annotation_v1,A,q_양식_08,양식추천,음식점 중 '양식'을 판매·제공하는 매장,train,양식,T6 기계변형,1bad4788-d0b8-4cc0-90b3-bf405550f2c6,아쥬떼,양식,산본로데오거리(구 산본중심상가),자율상권구역,경기도,,,
c772f9370b5ba3dac8f4,full_annotation_v1,A,q_양식_08,양식추천,음식점 중 '양식'을 판매·제공하는 매장,train,양식,T6 기계변형,01099186-2ca7-4ca1-b535-39cf1ff0c4d8,섬bar,서양식,뚝도시장,전통시장,서울특별시,,,
0619fad376d38cf326d0,full_annotation_v1,A,q_양식_08,양식추천,음식점 중 '양식'을 판매·제공하는 매장,train,양식,T6 기계변형,239f4a3d-6642-4552-aa16-0a54122327bf,매버릭,양식,공릉철길골목형상점가,골목형상점가,서울특별시,,,
333b05ced5665e584787,full_annotation_v1,A,q_양식_08,양식추천,음식점 중 '양식'을 판매·제공하는 매장,train,양식,T6 기계변형,f53a6349-8287-4bba-936f-3aa55145b25c,플렌터,양식,광안리SUP샤카,골목형상점가,부산광역시,,,
6660f9c8fe050d1fd3bc,full_annotation_v1,A,q_양식_08,양식추천,음식점 중 '양식'을 판매·제공하는 매장,train,양식,T6 기계변형,00a22095-ea5b-4ad7-802b-4b59961b9c33,한양 고잔점,한식 양식,고잔뜰 상점가,자율상권구역,경기도,,,
b6a3d242e4c1231d3430,full_annotation_v1,A,q_양식_08,양식추천,음식점 중 '양식'을 판매·제공하는 매장,train,양식,T6 기계변형,02fa5d6f-5100-4cd5-8a9f-184877f99878,덕수파스타 원주 일산점,,중앙로골목형상점가,골목형상점가,강원특별자치도,,,
7729acba84471c8515c8,full_annotation_v1,A,q_양식_08,양식추천,음식점 중 '양식'을 판매·제공하는 매장,train,양식,T6 기계변형,0f10060e-20fc-4c00-a8dd-5827ce984528,러브런치(LuvLunch),브런치 카페,거제 상동 골목형상점가,골목형상점가,경상남도,,,
96555974a12d2bd8fa03,full_annotation_v1,A,q_양식_08,양식추천,음식점 중 '양식'을 판매·제공하는 매장,train,양식,T6 기계변형,03f37d02-1eb9-4f82-ab05-be726fa24a36,우주파스타,,수정로 상권활성화구역,상권활성화구역,경기도,,,
f32b89f3c653300f5d3c,full_annotation_v1,A,q_양식_08,양식추천,음식점 중 '양식'을 판매·제공하는 매장,train,양식,T6 기계변형,c2a3dc29-b075-46e1-b555-18adbe6e4f82,호갱,양식,왕십리도선동상점가,자율상권구역,서울특별시,,,
424e63b7243742b9cee9,full_annotation_v1,A,q_양식_08,양식추천,음식점 중 '양식'을 판매·제공하는 매장,train,양식,T6 기계변형,aca42f07-75bc-4dd0-9928-8a8f9b0b76b8,강봄,양식,서석초 인근 골목형상점가,골목형상점가,광주광역시,,,
bba67ad7db6f8712c05b,full_annotation_v1,A,q_양식_08,양식추천,음식점 중 '양식'을 판매·제공하는 매장,train,양식,T6 기계변형,15ed641b-c9bf-4b11-89b4-d6d81573a1cc,양정화네앞산온천골,국밥,앞산맛둘레길 골목형상점가,골목형상점가,대구광역시,,,
5725475c23012882d2a4,full_annotation_v1,A,q_양식_08,양식추천,음식점 중 '양식'을 판매·제공하는 매장,train,양식,T6 기계변형,50f8f654-9194-418d-9b84-44be5472b7c1,올올,양식,전주동문상점가,자율상권구역,전북특별자치도,,,
a5fd93793c5a1d7f6439,full_annotation_v1,A,q_양식_08,양식추천,음식점 중 '양식'을 판매·제공하는 매장,train,양식,T6 기계변형,469b7203-1216-4cae-8660-f9e72284ba22,노윤,양식,북촌계동길골목형상점가,골목형상점가,서울특별시,,,
ed4d0c55bafa1eee8eda,full_annotation_v1,A,q_양식_08,양식추천,음식점 중 '양식'을 판매·제공하는 매장,train,양식,T6 기계변형,a3112771-e830-4718-ac09-bb6a3cd25feb,양식구옥,양식,연남동골목형상점가,골목형상점가,서울특별시,,,
d0f8e4d99311c401faec,full_annotation_v1,A,q_양식_08,양식추천,음식점 중 '양식'을 판매·제공하는 매장,train,양식,T6 기계변형,51eea977-067d-4c98-8991-6e430f91cdd2,아리랑,김치 젓갈,대룡시장골목형상점가,골목형상점가,인천광역시,,,
2afab576b7064e1b8fc3,full_annotation_v1,A,q_양식_08,양식추천,음식점 중 '양식'을 판매·제공하는 매장,train,양식,T6 기계변형,21217b65-8bae-4ebf-beb4-b5d808b21c5b,달정원,양식,예술의거리 골목형상점가,골목형상점가,광주광역시,,,
894541c8bd9d47176f22,full_annotation_v1,A,q_양식_08,양식추천,음식점 중 '양식'을 판매·제공하는 매장,train,양식,T6 기계변형,a5f8df50-056d-43a3-99a0-30f1a6c68753,우리사랑건강원,엑기스,구평리시장,기타,대구광역시,,,
2cbf3ac76a499ff044cc,full_annotation_v1,A,q_양식_08,양식추천,음식점 중 '양식'을 판매·제공하는 매장,train,양식,T6 기계변형,0372d0ce-e9ee-4bb2-94c9-9ec16804cb1f,카페유,"커피, 케이크, 브런치",풍2동 골목형상점가,골목형상점가,경기도,,,
353af72f5180b01bf85d,full_annotation_v1,A,q_양식_08,양식추천,음식점 중 '양식'을 판매·제공하는 매장,train,양식,T6 기계변형,1c9ffd03-8c86-4da6-b4b5-0125631f324a,치이즈,양식,소담마실길 골목형상점가,골목형상점가,세종특별자치시,,,
2c3f9776a01b2df63ccd,full_annotation_v1,A,q_양식_08,양식추천,음식점 중 '양식'을 판매·제공하는 매장,train,양식,T6 기계변형,43995ce9-7332-4f7a-bb94-fe1b7ffe5837,쿠켄,양식,원도심 상권활성화구역,상권활성화구역,대전광역시,,,
a1859ffa099b9f7e4cfd,full_annotation_v1,A,q_양식_08,양식추천,음식점 중 '양식'을 판매·제공하는 매장,train,양식,T6 기계변형,00648f38-2954-48a3-b373-37745a65aaba,도쿄파스타 클럽,양식,잠원하길골목형상점가,골목형상점가,서울특별시,,,
2204e7c983deedd18519,full_annotation_v1,A,q_양식_08,양식추천,음식점 중 '양식'을 판매·제공하는 매장,train,양식,T6 기계변형,103d8e78-0add-4b36-9000-7ae3cfa2fd1c,서록장,한식,소나무 골목형상점가,골목형상점가,전북특별자치도,,,
23214083ee43607bfce7,full_annotation_v1,A,q_양식_08,양식추천,음식점 중 '양식'을 판매·제공하는 매장,train,양식,T6 기계변형,22952dea-1394-47da-9732-320c8f25b589,폼탄,양식,광교매탄 골목형상점가,골목형상점가,경기도,,,
82e17277c77af52ac6f6,full_annotation_v1,A,q_양식_08,양식추천,음식점 중 '양식'을 판매·제공하는 매장,train,양식,T6 기계변형,2a86469c-91e9-438b-a05b-5b8fdefbb8e5,오운,양식,앞산맛둘레길 골목형상점가,골목형상점가,대구광역시,,,
f9d4ef1bb52acb2ad0c7,full_annotation_v1,A,q_양식_08,양식추천,음식점 중 '양식'을 판매·제공하는 매장,train,양식,T6 기계변형,7c426142-7f21-450a-a96f-05dbceec2293,쥬벤쿠바,양식,샤로수길골목형상점가,골목형상점가,서울특별시,,,
f11f737d7810c0d169af,full_annotation_v1,A,q_양식_08,양식추천,음식점 중 '양식'을 판매·제공하는 매장,train,양식,T6 기계변형,b6753c74-9f2c-4828-9f31-568f8111528f,뷸정넌퍼수터,양식,하남 골목형상점가,골목형상점가,광주광역시,,,
264cc66a2f43750bda74,full_annotation_v1,A,q_양식_08,양식추천,음식점 중 '양식'을 판매·제공하는 매장,train,양식,T6 기계변형,8de4f413-4319-4e2f-bb99-e475498c7256,반포온가족의원,의원,반드레길골목형상점가,골목형상점가,서울특별시,,,
641522933ba9404818d0,full_annotation_v1,A,q_양식_08,양식추천,음식점 중 '양식'을 판매·제공하는 매장,train,양식,T6 기계변형,062b7cb0-525c-4b41-9dd3-961539a6da81,카츠앤맘,"일식, 돈가스",전남대 상대 골목형상점가,골목형상점가,광주광역시,,,
55cac1e9a0c8de569701,full_annotation_v1,A,q_양식_08,양식추천,음식점 중 '양식'을 판매·제공하는 매장,train,양식,T6 기계변형,b0286330-bad5-4f90-8e33-8434c071f6ea,마피아,양식,상무오월로상인회 골목형상점가,골목형상점가,광주광역시,,,
64f3ecd9060481854099,full_annotation_v1,A,q_양식_08,양식추천,음식점 중 '양식'을 판매·제공하는 매장,train,양식,T6 기계변형,00fce4dc-3cbf-40a2-adb5-ba642f20b9e2,제이스쿠진,서양식,갈매리본거리 골목형상점가,골목형상점가,경기도,,,
a55bbe904f26e84f0592,full_annotation_v1,A,q_양식_08,양식추천,음식점 중 '양식'을 판매·제공하는 매장,train,양식,T6 기계변형,c0f9fc48-2937-411f-9e7b-a4dc0fabd474,나흐영,양식,전남여고후문 골목형상점가,골목형상점가,광주광역시,,,
a5ebbbd1b8b0efaea8cb,full_annotation_v1,A,q_양식_08,양식추천,음식점 중 '양식'을 판매·제공하는 매장,train,양식,T6 기계변형,144a0550-0797-4278-98df-2a82152951dd,더랜치,스테이크 수제가스 스파게티 덮밥 커피,송내역 3번출구 골목형상점가,골목형상점가,경기도,,,
4125c1269d7903776664,full_annotation_v1,A,q_양식_08,양식추천,음식점 중 '양식'을 판매·제공하는 매장,train,양식,T6 기계변형,0ef964c8-07f3-4859-99f1-6cdae01a8fc4,더문,스테이크,운천호수공원상인회 골목형상점가,골목형상점가,광주광역시,,,
2b7444116d79d710a9ef,full_annotation_v1,A,q_양식_08,양식추천,음식점 중 '양식'을 판매·제공하는 매장,train,양식,T6 기계변형,f9ecddcc-ac43-4775-a518-90ea55d2b726,커피마마 민락로데오점,휴게음식점,민락2지구골목형상점가,골목형상점가,경기도,,,
cba85d6010ed7ca23e92,full_annotation_v1,A,q_양식_08,양식추천,음식점 중 '양식'을 판매·제공하는 매장,train,양식,T6 기계변형,26fb1f59-2290-4260-95f4-ea27c31276e9,구우,양식,신부유람단골목형상점가,골목형상점가,충청남도,,,
c3555b4742a71ce6b339,full_annotation_v1,A,q_양식_08,양식추천,음식점 중 '양식'을 판매·제공하는 매장,train,양식,T6 기계변형,0c4a74db-4ddc-4eb2-8344-07bd2bbdf3e0,파슷타애요,파스타 샐러드 스테이크 필라프,상무쌍촌역상인회 골목형상점가,골목형상점가,광주광역시,,,
c581ce90cbd923cdf407,full_annotation_v1,A,q_양식_08,양식추천,음식점 중 '양식'을 판매·제공하는 매장,train,양식,T6 기계변형,83fb228b-5fc5-4b74-a430-d08aee12b124,첸뜨로,양식,포항 대이상가 골목형상점가,골목형상점가,경상북도,,,
721caa6b630052c48a46,full_annotation_v1,A,q_양식_08,양식추천,음식점 중 '양식'을 판매·제공하는 매장,train,양식,T6 기계변형,516cd919-1927-4307-9308-954d03638d7d,디망쉬,양식,관저동 먹자골목 골목형상점가,골목형상점가,대전광역시,,,
3697df55f6bb18d7897f,full_annotation_v1,A,q_양식_08,양식추천,음식점 중 '양식'을 판매·제공하는 매장,train,양식,T6 기계변형,9c61ca53-c7f1-4766-92af-95aa9bd81df1,첼로숙녀복,숙녀복,수원역전지하도상가,일반지하상점가,경기도,,,
4a7c6be6113754735a1a,full_annotation_v1,A,q_양식_08,양식추천,음식점 중 '양식'을 판매·제공하는 매장,train,양식,T6 기계변형,5294af49-0061-4c54-a805-dcadd5db9436,보더,양식업,청주시 소나무길 일원 자율상권구역,상권활성화구역,충청북도,,,
e8a7429e08c50818a4fe,full_annotation_v1,A,q_양식_08,양식추천,음식점 중 '양식'을 판매·제공하는 매장,train,양식,T6 기계변형,72ce51d0-426b-42c9-b14f-5cbe565f2083,석양식당,양식,봉리단길골목형상점가,골목형상점가,서울특별시,,,
24422c597e6de1cf8ac6,full_annotation_v1,A,q_양식_08,양식추천,음식점 중 '양식'을 판매·제공하는 매장,train,양식,T6 기계변형,43c6eca5-6527-4579-99b7-0a1fadf267a5,버딩,양식,신림별빛거리골목형상점가,골목형상점가,서울특별시,,,
334427fd5f0e1fd0aff7,full_annotation_v1,A,q_양식_08,양식추천,음식점 중 '양식'을 판매·제공하는 매장,train,양식,T6 기계변형,040b391d-a92f-4db4-90cd-eb2c0720eb78,eating,파스타 덮밥 피자,여주 터미널상점가,자율상권구역,경기도,,,
f16266ad4950ab63393d,full_annotation_v1,A,q_양식_08,양식추천,음식점 중 '양식'을 판매·제공하는 매장,train,양식,T6 기계변형,065b7b13-3b93-45e7-b5c0-3f58a16a5304,카츠림,돈가스,청계면 목대후문 골목형상점가,골목형상점가,전라남도,,,
f0d61aaaf4f116a85746,full_annotation_v1,A,q_양식_08,양식추천,음식점 중 '양식'을 판매·제공하는 매장,train,양식,T6 기계변형,b9984345-01d3-43c0-b007-e8e60430f057,롤앤폭,양식,도봉산옛길골목형상점가,골목형상점가,서울특별시,,,
a46e1ed93edc5f9493ba,full_annotation_v1,A,q_양식_08,양식추천,음식점 중 '양식'을 판매·제공하는 매장,train,양식,T6 기계변형,02d49b6b-4c61-4aef-a15f-338ca1a59f59,레레하우스,파스타 피자 스테이크,첨단지구 골목형상점가,골목형상점가,광주광역시,,,
7ed6c68fb3922f188935,full_annotation_v1,A,q_양식_08,양식추천,음식점 중 '양식'을 판매·제공하는 매장,train,양식,T6 기계변형,9fbb5e5b-14d6-41e9-b0bb-99b132911bb8,용빠주방,양식,장대 골목형상점가,골목형상점가,대전광역시,,,
3eda66f79634fb27662e,full_annotation_v1,A,q_양식_08,양식추천,음식점 중 '양식'을 판매·제공하는 매장,train,양식,T6 기계변형,0b5d133e-48ee-47c8-ae1a-b65dabb9a843,발레플러스 발레학원,발레학원,반드레길골목형상점가,골목형상점가,서울특별시,,,
d54ec5fbf5372a13da86,full_annotation_v1,A,q_양식_08,양식추천,음식점 중 '양식'을 판매·제공하는 매장,train,양식,T6 기계변형,5d391609-ba9b-4610-bb82-b0f159425cb2,오퍼스,양식,산본로데오거리(구 산본중심상가),자율상권구역,경기도,,,
000cacdb9d47b6a457ab,full_annotation_v1,A,q_양식_08,양식추천,음식점 중 '양식'을 판매·제공하는 매장,train,양식,T6 기계변형,8424e60e-c369-4c6d-9599-ecb41a144580,우스타,양식,제천중앙시장,전통시장,충청북도,,,
73ec4e0255e52b3fde60,full_annotation_v1,A,q_양식_08,양식추천,음식점 중 '양식'을 판매·제공하는 매장,train,양식,T6 기계변형,6735ef4a-7acc-4b78-a1a7-abd443de227c,오늘,두발미용,대주먹자골목 골목형상점가,골목형상점가,광주광역시,,,
24495a7d29ea306e1e51,full_annotation_v1,A,q_양식_08,양식추천,음식점 중 '양식'을 판매·제공하는 매장,train,양식,T6 기계변형,002d0d06-15b2-463e-b789-b0232bcc6681,뚜레주르버들마을점,제과,버들마을상인회 골목형상점가,골목형상점가,광주광역시,,,
05e26bc4de32677ff028,full_annotation_v1,A,q_양식_08,양식추천,음식점 중 '양식'을 판매·제공하는 매장,train,양식,T6 기계변형,00362b85-cb9a-4318-9059-12f768d76197,파리바게뜨전주인후점,제과점,소나무 골목형상점가,골목형상점가,전북특별자치도,,,
fd691da5f896cdbd7d53,full_annotation_v1,A,q_양식_08,양식추천,음식점 중 '양식'을 판매·제공하는 매장,train,양식,T6 기계변형,2834b4a4-bfc4-4ec3-b124-67860da58710,돼지특별시,한식,소나무 골목형상점가,골목형상점가,전북특별자치도,,,
38e6dd861b650c0cb988,full_annotation_v1,A,q_양식_08,양식추천,음식점 중 '양식'을 판매·제공하는 매장,train,양식,T6 기계변형,60dc6ffb-1a7d-4e84-85bd-9fb52d8fe432,목포수산,수산물,마포농수산물시장,전통시장,서울특별시,,,
b8e25eef3989bc7510b9,full_annotation_v1,A,q_양식_08,양식추천,음식점 중 '양식'을 판매·제공하는 매장,train,양식,T6 기계변형,673d74df-8c36-47f5-a515-67bafa2c145f,구구족 광주북구점,"족발, 보쌈",매봉 골목형상점가,골목형상점가,광주광역시,,,
72ea9dad59cb9538c250,full_annotation_v1,A,q_양식_08,양식추천,음식점 중 '양식'을 판매·제공하는 매장,train,양식,T6 기계변형,29a2563b-bd24-46ea-b400-a52034ae885f,끝,양식,대흥동 특화거리 상점가,자율상권구역,대전광역시,,,
5f9bbf3ba86ceab1e998,full_annotation_v1,A,q_양식_08,양식추천,음식점 중 '양식'을 판매·제공하는 매장,train,양식,T6 기계변형,00a88093-8a14-41ad-8b1f-d35632be9f3b,한아름빵집,제과,신평골목시장,전통시장,부산광역시,,,
e001545360fa3d3a3277,full_annotation_v1,A,q_양식_08,양식추천,음식점 중 '양식'을 판매·제공하는 매장,train,양식,T6 기계변형,da84fd38-1b39-4060-a84f-da09a287c8d7,큐사랑,염색,오목내길골목형상점가,골목형상점가,서울특별시,,,
51a16c9b034be772b659,full_annotation_v1,A,q_양식_08,양식추천,음식점 중 '양식'을 판매·제공하는 매장,train,양식,T6 기계변형,16bb30b8-675b-4cc0-ba92-c2e124a0d1f1,투움바,양식,영선신시장,전통시장,대구광역시,,,
d1dcdb40c38ad71381bb,full_annotation_v1,A,q_양식_08,양식추천,음식점 중 '양식'을 판매·제공하는 매장,train,양식,T6 기계변형,039d7f3d-7fb9-47ea-944e-8ba3d2dcfbe7,삼익가스,가스,마산어시장,전통시장,경상남도,,,
80978aa94dcfaf010a7e,full_annotation_v1,A,q_양식_08,양식추천,음식점 중 '양식'을 판매·제공하는 매장,train,양식,T6 기계변형,6e8664b2-a942-48b1-9da5-6c92f6963b94,카페애테,양식,수원남문로데오시장,전통시장,경기도,,,
50328560ef24288ae1f3,full_annotation_v1,A,q_양식_09,양싣,음식점 중 '양식'을 판매·제공하는 매장,train,양식,T6 기계변형,a789082f-7e13-4f56-a80f-310ef73cc49a,양말나라,,영동교골목시장(영동교시장),전통시장,서울특별시,,,
751c79a4cc47200c9726,full_annotation_v1,A,q_양식_09,양싣,음식점 중 '양식'을 판매·제공하는 매장,train,양식,T6 기계변형,3d6875cc-93a9-40ea-9972-94f2cf3b68af,양말이랑,양말,평화시장,전통시장,서울특별시,,,
2919159b2741fcb17ba2,full_annotation_v1,A,q_양식_09,양싣,음식점 중 '양식'을 판매·제공하는 매장,train,양식,T6 기계변형,21be10db-aae3-49d3-88d9-c54de43b063d,양귀비,,평화시장,전통시장,서울특별시,,,
9295d09b93f1b8d18ba2,full_annotation_v1,A,q_양식_09,양싣,음식점 중 '양식'을 판매·제공하는 매장,train,양식,T6 기계변형,0f10060e-20fc-4c00-a8dd-5827ce984528,러브런치(LuvLunch),브런치 카페,거제 상동 골목형상점가,골목형상점가,경상남도,,,
2dff9baa03bd14807e87,full_annotation_v1,A,q_양식_09,양싣,음식점 중 '양식'을 판매·제공하는 매장,train,양식,T6 기계변형,6a658c59-2393-4fc7-93dc-f61fc2f88301,양식당,양식,전주풍남문상점가,자율상권구역,전북특별자치도,,,
49ed5047af4ed964a1b4,full_annotation_v1,A,q_양식_09,양싣,음식점 중 '양식'을 판매·제공하는 매장,train,양식,T6 기계변형,6d46f922-ab98-4140-9a2e-32f2f29f96f0,양옥,한식,온택트 괴정스마트 상권활성화구역,상권활성화구역,부산광역시,,,
2ebb99b61524574584e7,full_annotation_v1,A,q_양식_09,양싣,음식점 중 '양식'을 판매·제공하는 매장,train,양식,T6 기계변형,5abd2cc6-ab5d-4787-84fa-12ddb2fe95d5,예가,한싣,화정한울타리상인회 골목형상점가,골목형상점가,광주광역시,,,
b34866af3fe68d53b594,full_annotation_v1,A,q_양식_09,양싣,음식점 중 '양식'을 판매·제공하는 매장,train,양식,T6 기계변형,001bc028-a43e-44d4-9682-db280a4998cc,파리바게뜨전주근영점,제과점,근영누리 골목형상점가,골목형상점가,전북특별자치도,,,
6f9b4dad0a9f3c1b14fe,full_annotation_v1,A,q_양식_09,양싣,음식점 중 '양식'을 판매·제공하는 매장,train,양식,T6 기계변형,040b391d-a92f-4db4-90cd-eb2c0720eb78,eating,파스타 덮밥 피자,여주 터미널상점가,자율상권구역,경기도,,,
5ba0fd45822f2efa5205,full_annotation_v1,A,q_양식_09,양싣,음식점 중 '양식'을 판매·제공하는 매장,train,양식,T6 기계변형,00362b85-cb9a-4318-9059-12f768d76197,파리바게뜨전주인후점,제과점,소나무 골목형상점가,골목형상점가,전북특별자치도,,,
2bf5cb60806690632c36,full_annotation_v1,A,q_양식_09,양싣,음식점 중 '양식'을 판매·제공하는 매장,train,양식,T6 기계변형,844ba9fb-2efd-442e-a702-712b7b04c0e1,토스트카페마리 충북진천점,토스트,상산나들이골목형상점가,골목형상점가,충청북도,,,
3f27d887ff01e06e45af,full_annotation_v1,A,q_양식_09,양싣,음식점 중 '양식'을 판매·제공하는 매장,train,양식,T6 기계변형,03f37d02-1eb9-4f82-ab05-be726fa24a36,우주파스타,,수정로 상권활성화구역,상권활성화구역,경기도,,,
0e91745476086f05adfb,full_annotation_v1,A,q_양식_09,양싣,음식점 중 '양식'을 판매·제공하는 매장,train,양식,T6 기계변형,7e9f3edd-1024-4000-aee4-ba1f902bb696,카밀드,양식,경의숲길서강 골목형상점가,골목형상점가,서울특별시,,,
54e270198ad0eb4e23b7,full_annotation_v1,A,q_양식_09,양싣,음식점 중 '양식'을 판매·제공하는 매장,train,양식,T6 기계변형,012a896d-ccbb-4333-9e6f-81aa9b7e5f3f,레코드피자,양식,녹두 골목형상점가,골목형상점가,서울특별시,,,
f47ff520f41fd4655b61,full_annotation_v1,A,q_양식_09,양싣,음식점 중 '양식'을 판매·제공하는 매장,train,양식,T6 기계변형,81965240-ba46-46f5-bf20-16adaf5f92c7,양말박사,침구 잡화 양발,동산상가,전통시장,대구광역시,,,
742b79af5894684c4df9,full_annotation_v1,A,q_양식_09,양싣,음식점 중 '양식'을 판매·제공하는 매장,train,양식,T6 기계변형,039d7f3d-7fb9-47ea-944e-8ba3d2dcfbe7,삼익가스,가스,마산어시장,전통시장,경상남도,,,
35e9da91d3e962ce8bce,full_annotation_v1,A,q_양식_09,양싣,음식점 중 '양식'을 판매·제공하는 매장,train,양식,T6 기계변형,065b7b13-3b93-45e7-b5c0-3f58a16a5304,카츠림,돈가스,청계면 목대후문 골목형상점가,골목형상점가,전라남도,,,
4a053440deec640abf8e,full_annotation_v1,A,q_양식_09,양싣,음식점 중 '양식'을 판매·제공하는 매장,train,양식,T6 기계변형,9b205f11-b0df-4772-82b7-ba642d138d6f,역전 할머니 맥주 천상점,음싣,천상천 골목형상점가,골목형상점가,울산광역시,,,
b112333dbe90411b4b1d,full_annotation_v1,A,q_양식_09,양싣,음식점 중 '양식'을 판매·제공하는 매장,train,양식,T6 기계변형,448f3cbe-afb6-4149-9c5a-a2747f8bbb11,술통,양식,풍암호수앞상인회 골목형상점가,골목형상점가,광주광역시,,,
ec44e33829f74279d23e,full_annotation_v1,A,q_양식_09,양싣,음식점 중 '양식'을 판매·제공하는 매장,train,양식,T6 기계변형,0061123f-a676-4556-9633-5fbc4ecaf6ef,치즈케익카스테라카페,제과,북가좌동 골목형상점가,골목형상점가,서울특별시,,,
865a590cd5633f7e383b,full_annotation_v1,A,q_양식_09,양싣,음식점 중 '양식'을 판매·제공하는 매장,train,양식,T6 기계변형,b10ae69e-4543-471a-8a12-a901640e67e3,양양팔뚝김치,,양양전통시장,전통시장,강원특별자치도,,,
c220a71fcc983c1e3659,full_annotation_v1,A,q_양식_09,양싣,음식점 중 '양식'을 판매·제공하는 매장,train,양식,T6 기계변형,0372d0ce-e9ee-4bb2-94c9-9ec16804cb1f,카페유,"커피, 케이크, 브런치",풍2동 골목형상점가,골목형상점가,경기도,,,
3a2576fe5195d08c43fa,full_annotation_v1,A,q_양식_09,양싣,음식점 중 '양식'을 판매·제공하는 매장,train,양식,T6 기계변형,5acd1f3c-7b27-45f1-9681-6f9aaae76677,양말나라,양말,서문시장아진상가,전통시장,대구광역시,,,
6989888d366bcde53ac0,full_annotation_v1,A,q_양식_09,양싣,음식점 중 '양식'을 판매·제공하는 매장,train,양식,T6 기계변형,516cd919-1927-4307-9308-954d03638d7d,디망쉬,양식,관저동 먹자골목 골목형상점가,골목형상점가,대전광역시,,,
08537796412eb629983b,full_annotation_v1,A,q_양식_09,양싣,음식점 중 '양식'을 판매·제공하는 매장,train,양식,T6 기계변형,b9984345-01d3-43c0-b007-e8e60430f057,롤앤폭,양식,도봉산옛길골목형상점가,골목형상점가,서울특별시,,,
d4c5b6d3372bb5ec8cd9,full_annotation_v1,A,q_양식_09,양싣,음식점 중 '양식'을 판매·제공하는 매장,train,양식,T6 기계변형,73ab3f82-6d4c-476e-8221-ecfe5d6b48c6,양말백화점,양말,말바우시장,전통시장,광주광역시,,,
5839024399ce52604794,full_annotation_v1,A,q_양식_09,양싣,음식점 중 '양식'을 판매·제공하는 매장,train,양식,T6 기계변형,3f83f7f0-4883-4ded-9f98-18d99748e5fa,양말백화점,양말,정읍연지상점가,자율상권구역,전북특별자치도,,,
679bd4e8dbed5c6dd3c0,full_annotation_v1,A,q_양식_09,양싣,음식점 중 '양식'을 판매·제공하는 매장,train,양식,T6 기계변형,a3112771-e830-4718-ac09-bb6a3cd25feb,양식구옥,양식,연남동골목형상점가,골목형상점가,서울특별시,,,
7367f42d86b90fe8d002,full_annotation_v1,A,q_양식_09,양싣,음식점 중 '양식'을 판매·제공하는 매장,train,양식,T6 기계변형,32a7d659-5d72-44d0-8347-94af63419e96,옛날통닭,음식점,월드상가골목형상점가,골목형상점가,인천광역시,,,
f907507bfad0d965c9ad,full_annotation_v1,A,q_양식_09,양싣,음식점 중 '양식'을 판매·제공하는 매장,train,양식,T6 기계변형,ae228ab6-4a20-4cbc-989d-7a002005f648,양말양말,양말,롯데 리치빌골목형상점가,골목형상점가,대전광역시,,,
afbf9272082affff0454,full_annotation_v1,A,q_양식_09,양싣,음식점 중 '양식'을 판매·제공하는 매장,train,양식,T6 기계변형,b5cdf480-dbac-4b25-9cb1-19aa1812e88b,양산달약국,악국,양산상생하는하서로 골목형상점가,골목형상점가,광주광역시,,,
52a6bc0163ebac152601,full_annotation_v1,A,q_양식_09,양싣,음식점 중 '양식'을 판매·제공하는 매장,train,양식,T6 기계변형,e907d7ed-b8cd-4728-b8d6-e656e58a568f,배미쟁이,음식,학익시장,전통시장,인천광역시,,,
26b39d20fa25bfabd51f,full_annotation_v1,A,q_양식_09,양싣,음식점 중 '양식'을 판매·제공하는 매장,train,양식,T6 기계변형,6740c8fd-aed4-4d7c-81f6-e721ae45b17f,뜰안채,한식,구즉 골목형상점가,골목형상점가,대전광역시,,,
0518e3256e1a930043ea,full_annotation_v1,A,q_양식_09,양싣,음식점 중 '양식'을 판매·제공하는 매장,train,양식,T6 기계변형,1bad4788-d0b8-4cc0-90b3-bf405550f2c6,아쥬떼,양식,산본로데오거리(구 산본중심상가),자율상권구역,경기도,,,
fda971b4fbe00462b5f5,full_annotation_v1,A,q_양식_09,양싣,음식점 중 '양식'을 판매·제공하는 매장,train,양식,T6 기계변형,00a88093-8a14-41ad-8b1f-d35632be9f3b,한아름빵집,제과,신평골목시장,전통시장,부산광역시,,,
844a7cdcf6643e78f01b,full_annotation_v1,A,q_양식_09,양싣,음식점 중 '양식'을 판매·제공하는 매장,train,양식,T6 기계변형,18efe20c-f3e6-48c1-ab78-2215605c3704,양왕,한식,풍암호수앞상인회 골목형상점가,골목형상점가,광주광역시,,,
07eec231960852429a62,full_annotation_v1,A,q_양식_09,양싣,음식점 중 '양식'을 판매·제공하는 매장,train,양식,T6 기계변형,f4f8b6b3-c74d-4d05-9ebb-edf0c3564046,토니,의류,서문시장2지구 종합상가,전통시장,대구광역시,,,
be5ba6c95d8d2feb252a,full_annotation_v1,A,q_양식_09,양싣,음식점 중 '양식'을 판매·제공하는 매장,train,양식,T6 기계변형,26fcf63b-90e7-4f18-aab1-436d3896658b,시네마,한싣,서원동상점가,자율상권구역,서울특별시,,,
fb111482c46be11c47c1,full_annotation_v1,A,q_양식_09,양싣,음식점 중 '양식'을 판매·제공하는 매장,train,양식,T6 기계변형,00648f38-2954-48a3-b373-37745a65aaba,도쿄파스타 클럽,양식,잠원하길골목형상점가,골목형상점가,서울특별시,,,
e4c1c99442a4d33eadb0,full_annotation_v1,A,q_양식_09,양싣,음식점 중 '양식'을 판매·제공하는 매장,train,양식,T6 기계변형,094be15d-5840-4cd8-8081-df44c537e203,양말공방,양말,의정부역지하상가,일반지하상점가,경기도,,,
9e2f1cfaed32e2d92ed9,full_annotation_v1,A,q_양식_09,양싣,음식점 중 '양식'을 판매·제공하는 매장,train,양식,T6 기계변형,0c4a74db-4ddc-4eb2-8344-07bd2bbdf3e0,파슷타애요,파스타 샐러드 스테이크 필라프,상무쌍촌역상인회 골목형상점가,골목형상점가,광주광역시,,,
7a5fc2da45df486d1396,full_annotation_v1,A,q_양식_09,양싣,음식점 중 '양식'을 판매·제공하는 매장,train,양식,T6 기계변형,c0f9fc48-2937-411f-9e7b-a4dc0fabd474,나흐영,양식,전남여고후문 골목형상점가,골목형상점가,광주광역시,,,
63a735a9a041a9938892,full_annotation_v1,A,q_양식_09,양싣,음식점 중 '양식'을 판매·제공하는 매장,train,양식,T6 기계변형,331cc499-6398-4de9-a843-1a7ce5876640,지성패션,의류,괴산시장,전통시장,충청북도,,,
7cc2c7af5380c0289d5d,full_annotation_v1,A,q_양식_09,양싣,음식점 중 '양식'을 판매·제공하는 매장,train,양식,T6 기계변형,00cdf002-7ff0-4d96-badd-b3ccf497f330,양매력,양고기,창동역 상점가,자율상권구역,서울특별시,,,
394e6b547ca823d8c264,full_annotation_v1,A,q_양식_09,양싣,음식점 중 '양식'을 판매·제공하는 매장,train,양식,T6 기계변형,062b7cb0-525c-4b41-9dd3-961539a6da81,카츠앤맘,"일식, 돈가스",전남대 상대 골목형상점가,골목형상점가,광주광역시,,,
85e8ae6560b218b173fe,full_annotation_v1,A,q_양식_09,양싣,음식점 중 '양식'을 판매·제공하는 매장,train,양식,T6 기계변형,f53a6349-8287-4bba-936f-3aa55145b25c,플렌터,양식,광안리SUP샤카,골목형상점가,부산광역시,,,
44975d38de475d615b5d,full_annotation_v1,A,q_양식_09,양싣,음식점 중 '양식'을 판매·제공하는 매장,train,양식,T6 기계변형,ddd95d5e-095a-44f8-96d6-fc76ff92c8cd,그때그집,한싣,양산상생하는하서로 골목형상점가,골목형상점가,광주광역시,,,
4c9fe2a3adadd88e6368,full_annotation_v1,A,q_양식_09,양싣,음식점 중 '양식'을 판매·제공하는 매장,train,양식,T6 기계변형,7103f7e3-a8a9-466d-b155-d3350dfd023d,양림,,펭귄마을 골목형상점가,골목형상점가,,,,
b2fbd8d66d7e6d2b1db1,full_annotation_v1,A,q_양식_09,양싣,음식점 중 '양식'을 판매·제공하는 매장,train,양식,T6 기계변형,107c334b-0d9f-46b1-98a5-f3020878fa5c,토리아에즈 양재점,일본식 닭꼬치 주류,말죽거리골목형상점가,골목형상점가,서울특별시,,,
58e0c602642513ea5428,full_annotation_v1,A,q_양식_09,양싣,음식점 중 '양식'을 판매·제공하는 매장,train,양식,T6 기계변형,00a22095-ea5b-4ad7-802b-4b59961b9c33,한양 고잔점,한식 양식,고잔뜰 상점가,자율상권구역,경기도,,,
2f5e79b0f5b4e572168a,full_annotation_v1,A,q_양식_09,양싣,음식점 중 '양식'을 판매·제공하는 매장,train,양식,T6 기계변형,aca42f07-75bc-4dd0-9928-8a8f9b0b76b8,강봄,양식,서석초 인근 골목형상점가,골목형상점가,광주광역시,,,
be04450add5e07cb1f08,full_annotation_v1,A,q_양식_09,양싣,음식점 중 '양식'을 판매·제공하는 매장,train,양식,T6 기계변형,66949b22-611d-4650-b074-e5d9cf6c5b24,메이지,분싣,진주 로데오거리상점가,자율상권구역,경상남도,,,
6aff2c09afdcb2832ee2,full_annotation_v1,A,q_양식_09,양싣,음식점 중 '양식'을 판매·제공하는 매장,train,양식,T6 기계변형,b6753c74-9f2c-4828-9f31-568f8111528f,뷸정넌퍼수터,양식,하남 골목형상점가,골목형상점가,광주광역시,,,
3c4c8436d079768123bf,full_annotation_v1,A,q_양식_09,양싣,음식점 중 '양식'을 판매·제공하는 매장,train,양식,T6 기계변형,04120e1e-e969-4e43-9b25-4a0baacfae9f,소아브,"카페, 디저트, 브런치",유성도안 골목형상점가,골목형상점가,대전광역시,,,
505929ca8425e3572947,full_annotation_v1,A,q_양식_09,양싣,음식점 중 '양식'을 판매·제공하는 매장,train,양식,T6 기계변형,b63fae0b-a290-4e80-be20-d7b91e83c378,양월약국,양약,강남개포시장(구 개포2동중심상점가),자율상권구역,서울특별시,,,
6d551610adfb68b850e7,full_annotation_v1,A,q_양식_09,양싣,음식점 중 '양식'을 판매·제공하는 매장,train,양식,T6 기계변형,01ae42ea-516f-48b6-b198-376d1a40e55a,돈미정,돈가스,청주북부시장,전통시장,충청북도,,,
99d672cff506fb718ef1,full_annotation_v1,A,q_양식_09,양싣,음식점 중 '양식'을 판매·제공하는 매장,train,양식,T6 기계변형,ff8cf1c6-b209-4860-a69d-55bb2177f99a,훌랄라참숯치킨첨단쌍암점,한식,첨단지구 골목형상점가,골목형상점가,광주광역시,,,
03275043e9097ba2fd30,full_annotation_v1,A,q_양식_09,양싣,음식점 중 '양식'을 판매·제공하는 매장,train,양식,T6 기계변형,2a86469c-91e9-438b-a05b-5b8fdefbb8e5,오운,양식,앞산맛둘레길 골목형상점가,골목형상점가,대구광역시,,,
d33102fec64eddd17126,full_annotation_v1,A,q_양식_09,양싣,음식점 중 '양식'을 판매·제공하는 매장,train,양식,T6 기계변형,00e9de4b-3c8d-44a2-bfc2-ddc91fe5a03b,대디파스타,파스타돈가스,벽산황계로 골목형상점가,골목형상점가,광주광역시,,,
af4c3c17ab8863ea9e68,full_annotation_v1,A,q_양식_09,양싣,음식점 중 '양식'을 판매·제공하는 매장,train,양식,T6 기계변형,02d49b6b-4c61-4aef-a15f-338ca1a59f59,레레하우스,파스타 피자 스테이크,첨단지구 골목형상점가,골목형상점가,광주광역시,,,
5b3ad6ea980c896180d8,full_annotation_v1,A,q_양식_09,양싣,음식점 중 '양식'을 판매·제공하는 매장,train,양식,T6 기계변형,51ee1efc-15e2-466d-9986-aded84d47e59,양곡찜,한식,창원 양곡시장,전통시장,경상남도,,,
88f79558d1b8b8496efa,full_annotation_v1,A,q_양식_09,양싣,음식점 중 '양식'을 판매·제공하는 매장,train,양식,T6 기계변형,02fa5d6f-5100-4cd5-8a9f-184877f99878,덕수파스타 원주 일산점,,중앙로골목형상점가,골목형상점가,강원특별자치도,,,
7219f2171c13a8b20204,full_annotation_v1,A,q_양식_09,양싣,음식점 중 '양식'을 판매·제공하는 매장,train,양식,T6 기계변형,8d380121-fbab-4285-8468-16d3ff3cb2cf,에이스유통(간판명:피치),"잡화, 액서서리","이화여대 3,5,7 상점가",자율상권구역,서울특별시,,,
514c670f3c65875fbdc8,full_annotation_v1,A,q_양식_09,양싣,음식점 중 '양식'을 판매·제공하는 매장,train,양식,T6 기계변형,83f298e7-8837-43c9-944d-63dbffaaed8e,양떼목장,한식,양산동 골목형상점가,골목형상점가,광주광역시,,,
731c9bfb0f3495a292d1,full_annotation_v1,A,q_양식_09,양싣,음식점 중 '양식'을 판매·제공하는 매장,train,양식,T6 기계변형,01099186-2ca7-4ca1-b535-39cf1ff0c4d8,섬bar,서양식,뚝도시장,전통시장,서울특별시,,,
263380611d7adc32e7f9,full_annotation_v1,A,q_양식_09,양싣,음식점 중 '양식'을 판매·제공하는 매장,train,양식,T6 기계변형,00fce4dc-3cbf-40a2-adb5-ba642f20b9e2,제이스쿠진,서양식,갈매리본거리 골목형상점가,골목형상점가,경기도,,,
bb995732149b7c7e8830,full_annotation_v1,A,q_양식_09,양싣,음식점 중 '양식'을 판매·제공하는 매장,train,양식,T6 기계변형,0c7dce91-0eaf-46fe-9c72-5c07d0b3945e,네모에이드,"브런치, 공방",댕리단길 골목형상점가,골목형상점가,경기도,,,
5ec751df1d7d958eafdb,full_annotation_v1,A,q_양식_09,양싣,음식점 중 '양식'을 판매·제공하는 매장,train,양식,T6 기계변형,197eba3c-54a4-4c7d-86db-133b7a2ab53d,콩&낙지,한식,중리시장,전통시장,대전광역시,,,
52427c56514be329e430,full_annotation_v1,A,q_양식_09,양싣,음식점 중 '양식'을 판매·제공하는 매장,train,양식,T6 기계변형,144a0550-0797-4278-98df-2a82152951dd,더랜치,스테이크 수제가스 스파게티 덮밥 커피,송내역 3번출구 골목형상점가,골목형상점가,경기도,,,
0ca0a41b9c08d88ba188,full_annotation_v1,A,q_양식_09,양싣,음식점 중 '양식'을 판매·제공하는 매장,train,양식,T6 기계변형,b1737adf-9685-429c-88f6-ac347d650492,고향두내장,한식,상산나들이골목형상점가,골목형상점가,충청북도,,,
3e397b42a0dc2868bd74,full_annotation_v1,A,q_양식_09,양싣,음식점 중 '양식'을 판매·제공하는 매장,train,양식,T6 기계변형,0ef964c8-07f3-4859-99f1-6cdae01a8fc4,더문,스테이크,운천호수공원상인회 골목형상점가,골목형상점가,광주광역시,,,
2413b0b2f6573bff76d1,full_annotation_v1,A,q_양식_09,양싣,음식점 중 '양식'을 판매·제공하는 매장,train,양식,T6 기계변형,0f8b09da-e574-4b8c-a818-d7e67b8225b2,양평족발,한식,양평물맑은시장,전통시장,경기도,,,
d260475a16e048a011cb,full_annotation_v1,A,q_양식_09,양싣,음식점 중 '양식'을 판매·제공하는 매장,train,양식,T6 기계변형,0ca3d48d-a072-4d88-bab6-69a918586de5,양말크루,양말,중앙로 지하상가 상점가,일반지하상점가,대전광역시,,,
29cdbdba882116fc43ee,full_annotation_v1,A,q_양식_09,양싣,음식점 중 '양식'을 판매·제공하는 매장,train,양식,T6 기계변형,0a5af1f3-8437-4347-a579-f33d73fe5463,로스빌리지,커피 및 디저트 브런치,의정부시 구도심 상권활성화구역,상권활성화구역,경기도,,,
dfce6aa4768fadcec208,full_annotation_v1,A,q_양식_09,양싣,음식점 중 '양식'을 판매·제공하는 매장,train,양식,T6 기계변형,959567ba-cda4-473e-a36f-4e9e6a09ff67,피자마루 첨단점,피자,첨단중앙로 골목형상점가,골목형상점가,광주광역시,,,
8a9bcd02ec53a3e91884,full_annotation_v1,A,q_양식_09,양싣,음식점 중 '양식'을 판매·제공하는 매장,train,양식,T6 기계변형,8a3a8dd9-bf3c-4224-a919-faa8cc462aec,미니스카페(Mini'scafe),커피 및 쥬스,잠실역지하쇼핑센터,일반지하상점가,서울특별시,,,
6d6dc13965e6f2b625e1,full_annotation_v1,A,q_양식_09,양싣,음식점 중 '양식'을 판매·제공하는 매장,train,양식,T6 기계변형,0bc8ebe3-32d5-45ff-9214-8cb4d62c5780,카츠현 다사점,돈가스,(유)다사소상공인연합,골목형상점가,대구광역시,,,
09231ce938d80ced00c4,full_annotation_v1,A,q_양식_09,양싣,음식점 중 '양식'을 판매·제공하는 매장,train,양식,T6 기계변형,00e80339-1353-4885-81d7-0746a437abb2,포식 용인한숲시티점,쌀국수 돈까스 함박스테이크,남사한숲 골목형상점가,골목형상점가,경기도,,,
9e161b0cb61b2830b501,full_annotation_v1,A,q_양식_09,양싣,음식점 중 '양식'을 판매·제공하는 매장,train,양식,T6 기계변형,45844595-e5b6-4171-a356-5076536a2cc3,삼보수산,생선,칠성본시장,전통시장,대구광역시,,,
25af8869cca987c2f5bd,full_annotation_v1,A,q_양식_09,양싣,음식점 중 '양식'을 판매·제공하는 매장,train,양식,T6 기계변형,1f89fa61-d18f-45fa-a8e2-d69ad57a6dcc,양돼산맥,한식,배방월천 골목형상점가,골목형상점가,충청남도,,,
11e58868a57e961de574,full_annotation_v1,A,q_양식_09,양싣,음식점 중 '양식'을 판매·제공하는 매장,train,양식,T6 기계변형,e75eac21-7173-4a21-864d-ffa0ed0b4ffb,비비컷,동물미용업,귀인동먹거리촌 골목형상점가,골목형상점가,경기도,,,
f57f0777fe0e316ca153,full_annotation_v1,A,q_양식_09,양싣,음식점 중 '양식'을 판매·제공하는 매장,train,양식,T6 기계변형,87efad3e-1b04-4383-a2a4-2fc47a7227fd,양떼마을,한식,맹동혁신골목형상점가,골목형상점가,충청북도,,,
eb73f753dfcd5329a223,full_annotation_v1,A,q_양식_09,양싣,음식점 중 '양식'을 판매·제공하는 매장,train,양식,T6 기계변형,002d0d06-15b2-463e-b789-b0232bcc6681,뚜레주르버들마을점,제과,버들마을상인회 골목형상점가,골목형상점가,광주광역시,,,
d122d6b6a4a70e94c358,full_annotation_v1,A,q_양식_09,양싣,음식점 중 '양식'을 판매·제공하는 매장,train,양식,T6 기계변형,13ebe130-af0d-4011-adb0-0eaec3a61b1b,마리샾,의류,서산번화2로,자율상권구역,충청남도,,,
a90de346952a406c4a57,full_annotation_v1,A,q_양식_09,양싣,음식점 중 '양식'을 판매·제공하는 매장,train,양식,T6 기계변형,5ba2fd5b-052b-4295-adfd-91a54bff813d,양쌤,중식,의왕역 골목형상점가,골목형상점가,경기도,,,
05cd2cda70ebdd84f4b8,full_annotation_v1,A,q_열쇠_01,도장 파는 곳,생활서비스 중 '열쇠'를 판매·제공하는 매장,test,열쇠,T5 서비스,cf8882dc-f952-40c5-9e02-be3d5ebaccef,교하스피드,열쇠.도장,교하중심상가 골목형상점가,골목형상점가,경기도,,,
c1cf6734dd5d1bfded61,full_annotation_v1,A,q_열쇠_01,도장 파는 곳,생활서비스 중 '열쇠'를 판매·제공하는 매장,test,열쇠,T5 서비스,d7621e7c-1845-4bd3-822c-1349a13e5d19,성호사,도장,백년소상공인,기타,대전광역시,,,
87664cbd128ac9a60431,full_annotation_v1,A,q_열쇠_01,도장 파는 곳,생활서비스 중 '열쇠'를 판매·제공하는 매장,test,열쇠,T5 서비스,a7dea375-93ac-4a00-8711-ff1804294277,대충남상회,채소류,대구청과시장,전통시장,대구광역시,,,
8908e6e962f7c2f65e08,full_annotation_v1,A,q_열쇠_01,도장 파는 곳,생활서비스 중 '열쇠'를 판매·제공하는 매장,test,열쇠,T5 서비스,532e52cf-8ffa-4b36-a1ed-0dff9faab1a6,국도열쇠,도장,농성누리상인회 골목형상점가,골목형상점가,광주광역시,,,
591848a4b3f011209d84,full_annotation_v1,A,q_열쇠_01,도장 파는 곳,생활서비스 중 '열쇠'를 판매·제공하는 매장,test,열쇠,T5 서비스,e5ce92a1-3e36-486e-b573-778783ee22a6,"천호컴퓨터열쇠,도장","도장, 열쇠",달서시장,전통시장,대구광역시,,,
80ca77bde835d8fa71ff,full_annotation_v1,A,q_열쇠_01,도장 파는 곳,생활서비스 중 '열쇠'를 판매·제공하는 매장,test,열쇠,T5 서비스,2743811c-5e71-4d2b-aa75-1b0147d44f2d,사우 꽃이 피는 곳,꽃,김포 풍년마을 골목형상점가,골목형상점가,경기도,,,
91b5d89ba9d4c8264c4a,full_annotation_v1,A,q_열쇠_01,도장 파는 곳,생활서비스 중 '열쇠'를 판매·제공하는 매장,test,열쇠,T5 서비스,0264d000-4eb1-4469-bf71-fa1cb1da9bee,우리철물,철물,상원시장,전통시장,대구광역시,,,
1eb5dbedfaa86bb96710,full_annotation_v1,A,q_열쇠_01,도장 파는 곳,생활서비스 중 '열쇠'를 판매·제공하는 매장,test,열쇠,T5 서비스,4699531d-a8b2-45d0-b3d2-b5928a84fae0,금곡열쇠,"열쇠, 도장",주막거리상점가,자율상권구역,경기도,,,
d4487cfc4aba674605fd,full_annotation_v1,A,q_열쇠_01,도장 파는 곳,생활서비스 중 '열쇠'를 판매·제공하는 매장,test,열쇠,T5 서비스,f69aded2-e40f-4755-b7ea-5dafce845d6d,한빛소잉,의류직물제품,한빛프라자 골목형상점가,골목형상점가,대전광역시,,,
561e1917e3041851af7a,full_annotation_v1,A,q_열쇠_01,도장 파는 곳,생활서비스 중 '열쇠'를 판매·제공하는 매장,test,열쇠,T5 서비스,07739519-7bd4-4ee9-ba4d-ee8b54e1594b,동성열쇠,"열쇠, 도장",진주 동성상가,전통시장,경상남도,,,
a261be8764942a8c3ea4,full_annotation_v1,A,q_열쇠_01,도장 파는 곳,생활서비스 중 '열쇠'를 판매·제공하는 매장,test,열쇠,T5 서비스,33d7c040-5ad7-42b2-abe0-7ac738086785,한섬F,도장 고무인 인주관련물품,안골광장 골목형상점가,골목형상점가,전북특별자치도,,,
ad2697af073c281c17a3,full_annotation_v1,A,q_열쇠_01,도장 파는 곳,생활서비스 중 '열쇠'를 판매·제공하는 매장,test,열쇠,T5 서비스,26f01658-bcec-4f26-9b5e-77690b47af7e,전진열쇠,"열쇠, 도장",일산중앙상점가 골목형상점가,골목형상점가,경기도,,,
d0e67872fcbe4012f14a,full_annotation_v1,A,q_열쇠_01,도장 파는 곳,생활서비스 중 '열쇠'를 판매·제공하는 매장,test,열쇠,T5 서비스,f0406e1f-36f1-4f7e-b4e2-8c4fe8a18e11,식후경,농산물,양평물맑은시장,전통시장,경기도,,,
11908257c0115482dc26,full_annotation_v1,A,q_열쇠_01,도장 파는 곳,생활서비스 중 '열쇠'를 판매·제공하는 매장,test,열쇠,T5 서비스,3d6d6b1b-76cd-4375-93e4-484f3031637c,새현당,귀금속 도장 등,밀양 내일전통시장,전통시장,경상남도,,,
95fdf501f9a0c9d7b80e,full_annotation_v1,A,q_열쇠_01,도장 파는 곳,생활서비스 중 '열쇠'를 판매·제공하는 매장,test,열쇠,T5 서비스,a3aba1fb-6346-4f70-88be-1374876f0768,극동열쇠,"열쇠, 도장",시청광장 지하쇼핑센터,일반지하상점가,서울특별시,,,
b1db3509c48ce27f53a2,full_annotation_v1,A,q_열쇠_01,도장 파는 곳,생활서비스 중 '열쇠'를 판매·제공하는 매장,test,열쇠,T5 서비스,5eeb5037-daf7-4e84-918c-5e1eb2e859e2,1001안경,안경 도장,무안읍중심상가상점가,기타,전라남도,,,
c7fbc2eb8e403b2ba702,full_annotation_v1,A,q_열쇠_01,도장 파는 곳,생활서비스 중 '열쇠'를 판매·제공하는 매장,test,열쇠,T5 서비스,5723d922-e55c-46bc-a5b9-846ba2afdf5d,커피파는 집,,거제 성포 골목형상점가,골목형상점가,경상남도,,,
8c5087d33605e9b4b28b,full_annotation_v1,A,q_열쇠_01,도장 파는 곳,생활서비스 중 '열쇠'를 판매·제공하는 매장,test,열쇠,T5 서비스,03b11cc8-b23f-4c62-9fdc-e3fb35350194,경북철물상회,철물,상주남성시장,전통시장,경상북도,,,
5ad49fcf424165ceef8f,full_annotation_v1,A,q_열쇠_01,도장 파는 곳,생활서비스 중 '열쇠'를 판매·제공하는 매장,test,열쇠,T5 서비스,17180f13-d378-4262-b4ff-2bc900864aae,안전열쇠,"열쇠, 도장",강진중앙로상가,자율상권구역,전라남도,,,
02e11351a74021c13b5c,full_annotation_v1,A,q_열쇠_01,도장 파는 곳,생활서비스 중 '열쇠'를 판매·제공하는 매장,test,열쇠,T5 서비스,d0d662b4-ab18-45a8-b575-b7c2d8c21020,코오롱열쇠,열쇠 도장,꽃밭정이 골목형상점가,골목형상점가,전북특별자치도,,,
1577afaf7c88941ab3fa,full_annotation_v1,A,q_열쇠_01,도장 파는 곳,생활서비스 중 '열쇠'를 판매·제공하는 매장,test,열쇠,T5 서비스,c630f7a1-c53d-407c-969a-5e1798328f2c,도장스탬프,도장 구두,반송큰시장,전통시장,부산광역시,,,
6e78410bb188143b2ce1,full_annotation_v1,A,q_열쇠_01,도장 파는 곳,생활서비스 중 '열쇠'를 판매·제공하는 매장,test,열쇠,T5 서비스,12256fb1-4eed-437f-8847-41350c9f4850,북구열쇠,"도어락, 번호키, 열쇠, 도장",유니온 골목형상점가,골목형상점가,울산광역시,,,
a765b36e6e9f4b96f3b7,full_annotation_v1,A,q_열쇠_01,도장 파는 곳,생활서비스 중 '열쇠'를 판매·제공하는 매장,test,열쇠,T5 서비스,5e62516a-b2de-49ae-8cd1-b2c70829933c,짱구열쇠 도장,"열쇠, 도장",세류2동 골목형상점가,골목형상점가,경기도,,,
916c285879a4c580f8ea,full_annotation_v1,A,q_열쇠_01,도장 파는 곳,생활서비스 중 '열쇠'를 판매·제공하는 매장,test,열쇠,T5 서비스,d7a16a00-b76a-4551-ae17-38f33a9e1f81,두암석사태권도,태권도 도장,아름다운삼정로 골목형상점가,골목형상점가,광주광역시,,,
486ce98868210b9d36bb,full_annotation_v1,A,q_열쇠_01,도장 파는 곳,생활서비스 중 '열쇠'를 판매·제공하는 매장,test,열쇠,T5 서비스,bd68385c-7d1a-43b9-a89a-5f8d8b7760a4,천보당,인장(도장),미금현대벤처빌시장,전통시장,경기도,,,
1ee535b3faf6d81335e4,full_annotation_v1,A,q_열쇠_01,도장 파는 곳,생활서비스 중 '열쇠'를 판매·제공하는 매장,test,열쇠,T5 서비스,cfed7b11-ffc5-4ac6-9988-8fe37206faa7,대지부동산,도장,경창시장,전통시장,서울특별시,,,
381527e6c7c0be09b5e2,full_annotation_v1,A,q_열쇠_01,도장 파는 곳,생활서비스 중 '열쇠'를 판매·제공하는 매장,test,열쇠,T5 서비스,082bd5d0-3e77-4ac5-ac99-ca10324caa9f,방범열쇠,"열쇠, 도장, 도어락",부산대자율상권구역,,부산광역시,,,
032fef7cdde061c2c973,full_annotation_v1,A,q_열쇠_01,도장 파는 곳,생활서비스 중 '열쇠'를 판매·제공하는 매장,test,열쇠,T5 서비스,56eda0f8-a066-4cad-8af4-08275cc495da,제일열쇠,"열쇠, 도장",번성 상점가,골목형상점가,경기도,,,
c6eac560908ec2883f28,full_annotation_v1,A,q_열쇠_01,도장 파는 곳,생활서비스 중 '열쇠'를 판매·제공하는 매장,test,열쇠,T5 서비스,68ea71c2-1ac7-4c54-8204-5ea1804cf344,유신태권도,태권도,신용연제 골목형상점가,골목형상점가,광주광역시,,,
fb1d6c2edbf07b11b2f0,full_annotation_v1,A,q_열쇠_01,도장 파는 곳,생활서비스 중 '열쇠'를 판매·제공하는 매장,test,열쇠,T5 서비스,aeb9cf54-351d-49a6-add9-48712031036a,철이네,한식,강화풍물시장,전통시장,인천광역시,,,
3b867892c70931ee0e4b,full_annotation_v1,A,q_열쇠_01,도장 파는 곳,생활서비스 중 '열쇠'를 판매·제공하는 매장,test,열쇠,T5 서비스,56830883-eda9-4e2d-96d1-1951c4bdc73d,스피드열쇠,열쇠 도장,안골광장 골목형상점가,골목형상점가,전북특별자치도,,,
6d4da949417537521829,full_annotation_v1,A,q_열쇠_01,도장 파는 곳,생활서비스 중 '열쇠'를 판매·제공하는 매장,test,열쇠,T5 서비스,d0e0a142-a243-497b-92d1-501193c4ddc6,하늘채열쇠,열쇠 도장,전주중산공원 골목형상점가,골목형상점가,전북특별자치도,,,
0e558a9ef74fae7de327,full_annotation_v1,A,q_열쇠_01,도장 파는 곳,생활서비스 중 '열쇠'를 판매·제공하는 매장,test,열쇠,T5 서비스,77989ee0-b828-46e0-ac2a-e8ec433138c5,미도사,"열쇠, 도장",오창전통시장,전통시장,충청북도,,,
b7bd44ec3a0def85243d,full_annotation_v1,A,q_열쇠_01,도장 파는 곳,생활서비스 중 '열쇠'를 판매·제공하는 매장,test,열쇠,T5 서비스,74f8ed4d-ea16-4435-866a-9088d86c7b1e,럭키열쇠,"열쇠, 도장",영주중앙시장,전통시장,경상북도,,,
f96e83bce11754ce0f64,full_annotation_v1,A,q_열쇠_01,도장 파는 곳,생활서비스 중 '열쇠'를 판매·제공하는 매장,test,열쇠,T5 서비스,bd2095dd-802b-4395-8003-3ccab23a2e7c,진미통닭테이크아웃,통닭,팔달문시장,전통시장,경기도,,,
0ef5abf875c3f4983bf3,full_annotation_v1,A,q_열쇠_01,도장 파는 곳,생활서비스 중 '열쇠'를 판매·제공하는 매장,test,열쇠,T5 서비스,bef42a5b-745f-4e24-acd6-181ababd5ed0,시계대학병원,"시계, 도장",중앙상가시장,전통시장,대전광역시,,,
3beb789f962fcdcfc213,full_annotation_v1,A,q_열쇠_01,도장 파는 곳,생활서비스 중 '열쇠'를 판매·제공하는 매장,test,열쇠,T5 서비스,00bfa2e9-dca4-4800-b2ca-9d160826e04b,현대철물,철물,청운시장골목형상점가,골목형상점가,경기도,,,
f130dd12959e7c2ad824,full_annotation_v1,A,q_열쇠_01,도장 파는 곳,생활서비스 중 '열쇠'를 판매·제공하는 매장,test,열쇠,T5 서비스,fbff3b99-1069-4e04-b2ed-bc56e606ddc1,대영사,도장,창원 상남시장,전통시장,경상남도,,,
1e4068b74af5c4105f3b,full_annotation_v1,A,q_열쇠_01,도장 파는 곳,생활서비스 중 '열쇠'를 판매·제공하는 매장,test,열쇠,T5 서비스,92bb4caa-8f75-40d0-8798-49b9a9801eb0,대진산업,"도장, 도색",백년소상공인,기타,대구광역시,,,
367c40a5cee19a48d2bd,full_annotation_v1,A,q_열쇠_01,도장 파는 곳,생활서비스 중 '열쇠'를 판매·제공하는 매장,test,열쇠,T5 서비스,e4915c1b-142b-4351-857d-6ff7d730320e,박종팔복싱체육관,도장,LC타워거리 골목형상점가,골목형상점가,광주광역시,,,
aa857a26ec27f7765550,full_annotation_v1,A,q_열쇠_01,도장 파는 곳,생활서비스 중 '열쇠'를 판매·제공하는 매장,test,열쇠,T5 서비스,5f2bf3de-90f9-4b9a-899b-f4ba6c0bbe51,이문당도장방,도장,안동중앙문화의거리상점가,자율상권구역,경상북도,,,
eee66cd60e82dcbf786f,full_annotation_v1,A,q_열쇠_01,도장 파는 곳,생활서비스 중 '열쇠'를 판매·제공하는 매장,test,열쇠,T5 서비스,c111ac9d-3f3a-405c-a8db-4d127ccda9e2,행복이 있는 곳,잡화,제주로얄쇼핑센터,자율상권구역,제주특별자치도,,,
3442c4d8b386e0950d3f,full_annotation_v1,A,q_열쇠_01,도장 파는 곳,생활서비스 중 '열쇠'를 판매·제공하는 매장,test,열쇠,T5 서비스,2b3dd18a-19d5-40e9-8e56-af8c0f6248a1,대륙열쇠,"열쇠, 도장",서산동문 골목형상점가,골목형상점가,충청남도,,,
573120f78d96a1fb059a,full_annotation_v1,A,q_열쇠_01,도장 파는 곳,생활서비스 중 '열쇠'를 판매·제공하는 매장,test,열쇠,T5 서비스,696b4710-98d6-4bed-8868-5c9995efcfef,광영도장&출력,도장,달아실 골목형상점가,골목형상점가,광주광역시,,,
514532cc7eb93c3bf336,full_annotation_v1,A,q_열쇠_01,도장 파는 곳,생활서비스 중 '열쇠'를 판매·제공하는 매장,test,열쇠,T5 서비스,03ed7e29-3b6d-43fb-b9f7-dda372779d19,주식회사 신진와이케이,"철물, 건재",죽산골목형상점가,골목형상점가,경기도,,,
9fe4c3dc89eba9ad9a78,full_annotation_v1,A,q_열쇠_01,도장 파는 곳,생활서비스 중 '열쇠'를 판매·제공하는 매장,test,열쇠,T5 서비스,b533569c-f1b0-4ee6-86c9-6544293d42e4,행운식당,한식,경산공설시장,전통시장,경상북도,,,
06ffe1fdff6d0d948a1d,full_annotation_v1,A,q_열쇠_01,도장 파는 곳,생활서비스 중 '열쇠'를 판매·제공하는 매장,test,열쇠,T5 서비스,93ef045e-a6d9-4e03-bafa-427debea2585,충금수선,옷수선,충금지하도상가,일반지하상점가,광주광역시,,,
982df994cef2eee431ba,full_annotation_v1,A,q_열쇠_01,도장 파는 곳,생활서비스 중 '열쇠'를 판매·제공하는 매장,test,열쇠,T5 서비스,c161453d-f2c8-4b97-a2c3-a54e0cbdb7e8,생활용품 싸게 파는 집,잡화,안성중앙시장,전통시장,경기도,,,
af735fe9bf0f78ef8b9c,full_annotation_v1,A,q_열쇠_01,도장 파는 곳,생활서비스 중 '열쇠'를 판매·제공하는 매장,test,열쇠,T5 서비스,92e74526-a5bf-4d93-b02d-3e3c9dbe65c5,문향당,도장,홍천중앙시장(홍천신시장),전통시장,강원특별자치도,,,
3108fe6a010157b1f806,full_annotation_v1,A,q_열쇠_01,도장 파는 곳,생활서비스 중 '열쇠'를 판매·제공하는 매장,test,열쇠,T5 서비스,64a7e922-ada8-45e7-9ff3-4be572f77ea9,한겨례,시계 도장 명함,풍향골(제1지역:동신) 골목형상점가,골목형상점가,광주광역시,,,
98997e8f0fc430dede02,full_annotation_v1,A,q_열쇠_01,도장 파는 곳,생활서비스 중 '열쇠'를 판매·제공하는 매장,test,열쇠,T5 서비스,01c3ec28-1ceb-48f0-88e2-030e84b4d3f4,해영함석,철물,고도리 장터거리 상점가,골목형상점가,전라남도,,,
d34ebbe1a90b869a265b,full_annotation_v1,A,q_열쇠_01,도장 파는 곳,생활서비스 중 '열쇠'를 판매·제공하는 매장,test,열쇠,T5 서비스,d4cc5a2d-ca7d-4cb5-a3cf-a48c2b4cc2c1,오성열쇠,"열쇠, 도장",문정동로데오상점가,자율상권구역,서울특별시,,,
9f3baca2223e6bdccc7a,full_annotation_v1,A,q_열쇠_01,도장 파는 곳,생활서비스 중 '열쇠'를 판매·제공하는 매장,test,열쇠,T5 서비스,48412e3c-815d-4b85-bcb1-420a8c0d6a38,상신당,도장,조운동골목형상점가,골목형상점가,강원특별자치도,,,
bdc3ef63ee42ad1fe425,full_annotation_v1,A,q_열쇠_01,도장 파는 곳,생활서비스 중 '열쇠'를 판매·제공하는 매장,test,열쇠,T5 서비스,323f2f8d-baad-4167-9a2f-bacda565a33c,만복래,"복권, 도장",부평종합시장,전통시장,인천광역시,,,
c08dde882c9f57d57b44,full_annotation_v1,A,q_열쇠_01,도장 파는 곳,생활서비스 중 '열쇠'를 판매·제공하는 매장,test,열쇠,T5 서비스,b96ebcc1-64b4-48bc-93fd-3d8fcf2bdfdc,우성당,시계 도장,신안미래로 골목형상점가,골목형상점가,광주광역시,,,
d099c2ba28dcb19a8a77,full_annotation_v1,A,q_열쇠_01,도장 파는 곳,생활서비스 중 '열쇠'를 판매·제공하는 매장,test,열쇠,T5 서비스,11ade1ec-30f2-4dfa-811c-6a54fc31921c,삼일사,"도장, 열쇠",상대원시장,전통시장,경기도,,,
47589d23f682c3a5bdc2,full_annotation_v1,A,q_열쇠_01,도장 파는 곳,생활서비스 중 '열쇠'를 판매·제공하는 매장,test,열쇠,T5 서비스,d1884148-8a9a-48bd-8833-43a4b11c36f5,금광사,"도장, 열쇠",원주미로예술중앙시장(원주중앙시장),전통시장,강원특별자치도,,,
7fb92fe72ac8858795b4,full_annotation_v1,A,q_열쇠_01,도장 파는 곳,생활서비스 중 '열쇠'를 판매·제공하는 매장,test,열쇠,T5 서비스,a8e8101d-241d-418c-b1d8-7e351ecc545c,경인당,도장 열쇠,수정시장,전통시장,부산광역시,,,
6da656de10f3fd9674b9,full_annotation_v1,A,q_열쇠_01,도장 파는 곳,생활서비스 중 '열쇠'를 판매·제공하는 매장,test,열쇠,T5 서비스,35c3e80c-0017-439d-b679-e1c01de600be,삼성공간열쇠,열쇠 도장,구성언남 골목형상점가,골목형상점가,경기도,,,
670916de29e36bdac8b1,full_annotation_v1,A,q_열쇠_01,도장 파는 곳,생활서비스 중 '열쇠'를 판매·제공하는 매장,test,열쇠,T5 서비스,6d1f0c5f-4595-47be-98ae-31b7abdcef24,예성국기사,"명찰, 도장",성서중심시장(성서시장문화의거리 통합),전통시장,충청북도,,,
dcf13dc396e71b33eb86,full_annotation_v1,A,q_열쇠_01,도장 파는 곳,생활서비스 중 '열쇠'를 판매·제공하는 매장,test,열쇠,T5 서비스,fb8a8310-f521-4958-be84-4d4b8a183a57,한국열쇠,열쇠 도장,중마중앙로골목형상점가,골목형상점가,전라남도,,,
4817306cfa72d8934321,full_annotation_v1,A,q_열쇠_01,도장 파는 곳,생활서비스 중 '열쇠'를 판매·제공하는 매장,test,열쇠,T5 서비스,5d8d1e64-0663-4dad-a230-34d0da9427ee,안전금속,"열쇠, 도장",성동용답상가시장,전통시장,서울특별시,,,
639b7a9307530c94b070,full_annotation_v1,A,q_열쇠_01,도장 파는 곳,생활서비스 중 '열쇠'를 판매·제공하는 매장,test,열쇠,T5 서비스,67e8b6f9-9b4d-4b53-8e56-4b80ca354734,버들열쇠,도장,유촌동상인회 골목형상점가,골목형상점가,광주광역시,,,
35f65a55393312acc425,full_annotation_v1,A,q_열쇠_01,도장 파는 곳,생활서비스 중 '열쇠'를 판매·제공하는 매장,test,열쇠,T5 서비스,aaea7ffa-2219-4aa6-9e94-7b78407e9cef,타운열쇠,열쇠 도장,밤실로주변 골목형상점가,골목형상점가,광주광역시,,,
d707cf14ba573828da36,full_annotation_v1,A,q_열쇠_01,도장 파는 곳,생활서비스 중 '열쇠'를 판매·제공하는 매장,test,열쇠,T5 서비스,7c0ef81e-f5e8-4a5c-95b3-7fece4db07a5,해인사사진관. 도장,"사진관, 도장",김천 삼색이수상권,상권활성화구역,경상북도,,,
db877b2e65f8a37f6f5a,full_annotation_v1,A,q_열쇠_01,도장 파는 곳,생활서비스 중 '열쇠'를 판매·제공하는 매장,test,열쇠,T5 서비스,aad1d705-fe75-4ad1-88aa-620b1007300f,정일사진과.도장,사진 도장,삼각지맛길 골목형상점가,골목형상점가,대구광역시,,,
8ca32f05cb54e087b3ec,full_annotation_v1,A,q_열쇠_01,도장 파는 곳,생활서비스 중 '열쇠'를 판매·제공하는 매장,test,열쇠,T5 서비스,9d65959a-9e8b-42aa-a376-0ddfc53cff05,서구인업사,도장,서구청먹자골목상인회 골목형상점가,골목형상점가,광주광역시,,,
686edddc6bfc7f1d164b,full_annotation_v1,A,q_열쇠_01,도장 파는 곳,생활서비스 중 '열쇠'를 판매·제공하는 매장,test,열쇠,T5 서비스,d6e5da86-2f05-4d05-ad92-cb6ee7010b2f,원주24시열쇠도장,열쇠 도장,으뜸골목형상점가,골목형상점가,강원특별자치도,,,
cb80634f97d42918a2ff,full_annotation_v1,A,q_열쇠_01,도장 파는 곳,생활서비스 중 '열쇠'를 판매·제공하는 매장,test,열쇠,T5 서비스,24456103-f6b8-46af-8655-82e61d7265d8,커피가 머무르는 곳,커피,반드레길골목형상점가,골목형상점가,서울특별시,,,
ee173a52ab9c3ae5b874,full_annotation_v1,A,q_열쇠_01,도장 파는 곳,생활서비스 중 '열쇠'를 판매·제공하는 매장,test,열쇠,T5 서비스,76a3551b-dae4-4326-92cc-662015aedbfb,쉴 곳,한식,칠성로상점가,자율상권구역,제주특별자치도,,,
5a61f8c2f5e4869babe2,full_annotation_v1,A,q_열쇠_01,도장 파는 곳,생활서비스 중 '열쇠'를 판매·제공하는 매장,test,열쇠,T5 서비스,8072c07a-8cc4-488e-9d01-738d075ed3c6,플러스보안 토탈시스템,도장,금암동 골목형상점가,골목형상점가,충청남도,,,
eb7d2d2c3165ffae106b,full_annotation_v1,A,q_열쇠_02,열쇠 복사,생활서비스 중 '열쇠'를 판매·제공하는 매장,test,열쇠,T5 서비스,fb0107fe-6ffc-47e7-8dca-646649f86ad3,깜장글씨색깔글씨,복사,제기동 고대앞마을 골목형상점가,골목형상점가,서울특별시,,,
097ce97864152b167f19,full_annotation_v1,A,q_열쇠_02,열쇠 복사,생활서비스 중 '열쇠'를 판매·제공하는 매장,test,열쇠,T5 서비스,0d513874-6a2f-4230-9997-4f9f4fdeaf22,형제열쇠,열쇠,양산 북부시장,전통시장,경상남도,,,
efb6e7e0ba6278a611e8,full_annotation_v1,A,q_열쇠_02,열쇠 복사,생활서비스 중 '열쇠'를 판매·제공하는 매장,test,열쇠,T5 서비스,fb6124e3-361f-4e28-bce7-f469bd0f93fc,복사센터,복사,운천역상인회 골목형상점가,골목형상점가,광주광역시,,,
d99dde597ecd70d45a53,full_annotation_v1,A,q_열쇠_02,열쇠 복사,생활서비스 중 '열쇠'를 판매·제공하는 매장,test,열쇠,T5 서비스,2234d7e8-bd33-4805-9830-69272af2ea13,현문화사,복사,광주대 골목형상점가,골목형상점가,광주광역시,,,
334d1ea6b5a81a448c0b,full_annotation_v1,A,q_열쇠_02,열쇠 복사,생활서비스 중 '열쇠'를 판매·제공하는 매장,test,열쇠,T5 서비스,5e035ee4-aa69-4501-979d-37bece540db2,성문사,복사,안녕마을골목형상점가,골목형상점가,대전광역시,,,
b5e7d75679512858fcd3,full_annotation_v1,A,q_열쇠_02,열쇠 복사,생활서비스 중 '열쇠'를 판매·제공하는 매장,test,열쇠,T5 서비스,ad75888e-93ec-4ed5-8798-bf20d29cf88c,대덕사,"인쇄, 복사",어은누리 골목형상점가,골목형상점가,대전광역시,,,
8dca67da20f1f6fbd045,full_annotation_v1,A,q_열쇠_02,열쇠 복사,생활서비스 중 '열쇠'를 판매·제공하는 매장,test,열쇠,T5 서비스,2aeb11df-7f4c-43c1-bd63-1a1e4d6d3f2e,대교열쇠,열쇠,양동산업용품시장,전통시장,광주광역시,,,
44d08c65d7fbace691df,full_annotation_v1,A,q_열쇠_02,열쇠 복사,생활서비스 중 '열쇠'를 판매·제공하는 매장,test,열쇠,T5 서비스,b28dc62a-5322-46b3-82f4-f6af9ce03180,양정열쇠,열쇠,양정 골목형상점가,골목형상점가,울산광역시,,,
380d4de56d0b0b207f39,full_annotation_v1,A,q_열쇠_02,열쇠 복사,생활서비스 중 '열쇠'를 판매·제공하는 매장,test,열쇠,T5 서비스,ff8a8bbd-f1c2-47a3-98e2-bd19ac28b580,페이브헤어,서비스업(미용업),안양중앙인정시장,전통시장,경기도,,,
4ccf14a7099c7944b4ab,full_annotation_v1,A,q_열쇠_02,열쇠 복사,생활서비스 중 '열쇠'를 판매·제공하는 매장,test,열쇠,T5 서비스,11ade1ec-30f2-4dfa-811c-6a54fc31921c,삼일사,"도장, 열쇠",상대원시장,전통시장,경기도,,,
2ef71e69b30d35bf2048,full_annotation_v1,A,q_열쇠_02,열쇠 복사,생활서비스 중 '열쇠'를 판매·제공하는 매장,test,열쇠,T5 서비스,e32087b0-3fd7-454b-8580-0f9ccae97bf6,선영다방,다방,부평문화인의거리골목형상점가,골목형상점가,인천광역시,,,
9077becc98298812b106,full_annotation_v1,A,q_열쇠_02,열쇠 복사,생활서비스 중 '열쇠'를 판매·제공하는 매장,test,열쇠,T5 서비스,369df67e-cd15-4f7d-8154-ee0ba9805b63,주공열쇠,열쇠,진잠 골목형상점가,골목형상점가,대전광역시,,,
0cc34e583591266135ed,full_annotation_v1,A,q_열쇠_02,열쇠 복사,생활서비스 중 '열쇠'를 판매·제공하는 매장,test,열쇠,T5 서비스,12256fb1-4eed-437f-8847-41350c9f4850,북구열쇠,"도어락, 번호키, 열쇠, 도장",유니온 골목형상점가,골목형상점가,울산광역시,,,
2841dabf73dbafe61a3b,full_annotation_v1,A,q_열쇠_02,열쇠 복사,생활서비스 중 '열쇠'를 판매·제공하는 매장,test,열쇠,T5 서비스,ee57b60b-c31e-4371-ad99-f0e2b2520264,경기열쇠,열쇠,효자촌 골목형상점가,골목형상점가,경기도,,,
d5b54ddca126f8a5b57d,full_annotation_v1,A,q_열쇠_02,열쇠 복사,생활서비스 중 '열쇠'를 판매·제공하는 매장,test,열쇠,T5 서비스,5f0db541-36d7-4cdc-9cb3-88f426fbc47f,대학복사,복사,전북대대학로상점가,자율상권구역,전북특별자치도,,,
38248eba56af02496dde,full_annotation_v1,A,q_열쇠_02,열쇠 복사,생활서비스 중 '열쇠'를 판매·제공하는 매장,test,열쇠,T5 서비스,082bd5d0-3e77-4ac5-ac99-ca10324caa9f,방범열쇠,"열쇠, 도장, 도어락",부산대자율상권구역,,부산광역시,,,
ab039c1af999b8534aea,full_annotation_v1,A,q_열쇠_02,열쇠 복사,생활서비스 중 '열쇠'를 판매·제공하는 매장,test,열쇠,T5 서비스,6ce9b2dc-ea87-4d8e-92fe-103a6c24f4e5,세명복사,"복사, 인쇄",오월첫동네 골목형상점가,골목형상점가,광주광역시,,,
f0dda29f83e8497bd122,full_annotation_v1,A,q_열쇠_02,열쇠 복사,생활서비스 중 '열쇠'를 판매·제공하는 매장,test,열쇠,T5 서비스,b1e03122-6a2a-4214-b1d0-3e6e9f582168,"형제전기, 열쇠",전기재료 열쇠,사가정시장,전통시장,서울특별시,,,
4554802d3141425bc0ce,full_annotation_v1,A,q_열쇠_02,열쇠 복사,생활서비스 중 '열쇠'를 판매·제공하는 매장,test,열쇠,T5 서비스,c05105b3-3cfd-46e4-b799-f31815ba2650,영화열쇠,열쇠,장안문거북시장,전통시장,경기도,,,
9ccc442a990b5cf7a505,full_annotation_v1,A,q_열쇠_02,열쇠 복사,생활서비스 중 '열쇠'를 판매·제공하는 매장,test,열쇠,T5 서비스,70804ab0-e73a-4c22-bd1a-e75f5b47675b,금호열쇠전기,열쇠,동원전통종합시장,전통시장,서울특별시,,,
7eb8246d7ed98dd99f8b,full_annotation_v1,A,q_열쇠_02,열쇠 복사,생활서비스 중 '열쇠'를 판매·제공하는 매장,test,열쇠,T5 서비스,00bfa2e9-dca4-4800-b2ca-9d160826e04b,현대철물,철물,청운시장골목형상점가,골목형상점가,경기도,,,
eb0b2fb3d036512fd36c,full_annotation_v1,A,q_열쇠_02,열쇠 복사,생활서비스 중 '열쇠'를 판매·제공하는 매장,test,열쇠,T5 서비스,1fbce390-04d0-4f07-93d2-818ece57e4eb,해방열쇠,열쇠,신흥시장,전통시장,서울특별시,,,
ae371325469675712c09,full_annotation_v1,A,q_열쇠_02,열쇠 복사,생활서비스 중 '열쇠'를 판매·제공하는 매장,test,열쇠,T5 서비스,8ca72ddd-5cff-405e-a3a5-45b42d99292d,연카피,복사,신용동 골목형상점가,골목형상점가,광주광역시,,,
7d288fd2fcbcf21fc037,full_annotation_v1,A,q_열쇠_02,열쇠 복사,생활서비스 중 '열쇠'를 판매·제공하는 매장,test,열쇠,T5 서비스,c9592901-8071-450b-982c-a4a1d6eff63c,미래,복사,광주대 골목형상점가,골목형상점가,광주광역시,,,
467ec8392dd11d90a8cb,full_annotation_v1,A,q_열쇠_02,열쇠 복사,생활서비스 중 '열쇠'를 판매·제공하는 매장,test,열쇠,T5 서비스,dc26f010-e20d-46de-8b07-75fba0a1cb89,열쇠나라,열쇠,대가야 자율상권구역,,경상북도,,,
426124e76d2ab7919b5f,full_annotation_v1,A,q_열쇠_02,열쇠 복사,생활서비스 중 '열쇠'를 판매·제공하는 매장,test,열쇠,T5 서비스,5a9d590c-d933-49a3-a66c-641f070f4aad,"다모아 열쇠, 철물","철물, 열쇠",다모아상가 골목형상점가,골목형상점가,대전광역시,,,
f6ffe8da2a32e103287e,full_annotation_v1,A,q_열쇠_02,열쇠 복사,생활서비스 중 '열쇠'를 판매·제공하는 매장,test,열쇠,T5 서비스,e66a22a5-fb18-4a1b-a815-7c3c87be086f,e카피,복사,고은상인회 골목형상점가,골목형상점가,광주광역시,,,
198fa82d979055c8fbe2,full_annotation_v1,A,q_열쇠_02,열쇠 복사,생활서비스 중 '열쇠'를 판매·제공하는 매장,test,열쇠,T5 서비스,c425ea40-5c73-4cfd-8143-b7cf677e36fd,카피카피룸룸,복사,예술의거리 골목형상점가,골목형상점가,광주광역시,,,
cdd5e0b025de3ae6d7c3,full_annotation_v1,A,q_열쇠_02,열쇠 복사,생활서비스 중 '열쇠'를 판매·제공하는 매장,test,열쇠,T5 서비스,78d9e45d-26b1-4b4e-b399-03ba6438aced,동아열쇠장식,열쇠,답십리 건축자재시장,전통시장,서울특별시,,,
d8413794889e2714d0e9,full_annotation_v1,A,q_열쇠_02,열쇠 복사,생활서비스 중 '열쇠'를 판매·제공하는 매장,test,열쇠,T5 서비스,08692a80-54df-438f-80ef-9ed0762e3c50,하양열쇠,열쇠,하양꿈바우시장,전통시장,경상북도,,,
f42ca0ef8881dc1b73c1,full_annotation_v1,A,q_열쇠_02,열쇠 복사,생활서비스 중 '열쇠'를 판매·제공하는 매장,test,열쇠,T5 서비스,9127ca8c-32c0-4822-9984-ca5615f670ca,금촌열쇠,열쇠,금촌명동로시장,전통시장,경기도,,,
da7d9a05c2ee0706c0a0,full_annotation_v1,A,q_열쇠_02,열쇠 복사,생활서비스 중 '열쇠'를 판매·제공하는 매장,test,열쇠,T5 서비스,9ef0eb86-a858-4207-a27a-78ec8433e0f0,카피프린스,복사,단국대 앞 골목형상점가,골목형상점가,경기도,,,
b3901a3e4e6635e832a8,full_annotation_v1,A,q_열쇠_02,열쇠 복사,생활서비스 중 '열쇠'를 판매·제공하는 매장,test,열쇠,T5 서비스,96723b87-70cf-4ccb-8abb-39b893cb8aba,나주열쇠,열쇠,나주금빛상점가,자율상권구역,전라남도,,,
adb864e51e323b0879a1,full_annotation_v1,A,q_열쇠_02,열쇠 복사,생활서비스 중 '열쇠'를 판매·제공하는 매장,test,열쇠,T5 서비스,4378adba-d294-45b7-94fc-5512a3135fab,유니온,열쇠,오치2동 골목형상점가,골목형상점가,광주광역시,,,
c45c9465421617a2065d,full_annotation_v1,A,q_열쇠_02,열쇠 복사,생활서비스 중 '열쇠'를 판매·제공하는 매장,test,열쇠,T5 서비스,b1919598-b84a-4f5d-891d-0280d6fa9639,바로복사,"복사, 인쇄",선운 골목형상점가,골목형상점가,광주광역시,,,
a0f822619735336993ee,full_annotation_v1,A,q_열쇠_02,열쇠 복사,생활서비스 중 '열쇠'를 판매·제공하는 매장,test,열쇠,T5 서비스,3130b97a-1867-4399-b109-9c2e869bf22b,이뿐이,숙녀봅,북수원시장( 구 파장시장),전통시장,경기도,,,
1b3b8e0b90fb55fa8e26,full_annotation_v1,A,q_열쇠_02,열쇠 복사,생활서비스 중 '열쇠'를 판매·제공하는 매장,test,열쇠,T5 서비스,845595ca-bd2c-4351-a291-71ac82e44603,신화열쇠,열쇠,밤고개자연시장(내덕자연시장),전통시장,충청북도,,,
ff30bcb5fff1c63d3142,full_annotation_v1,A,q_열쇠_02,열쇠 복사,생활서비스 중 '열쇠'를 판매·제공하는 매장,test,열쇠,T5 서비스,4f62a05d-4f97-43dd-b23d-2eea45c039d8,맘모스인쇄,"인쇄, 복사",맘모스상가 골목형상점가,골목형상점가,부산광역시,,,
845fd15519a9ec6043de,full_annotation_v1,A,q_열쇠_02,열쇠 복사,생활서비스 중 '열쇠'를 판매·제공하는 매장,test,열쇠,T5 서비스,17180f13-d378-4262-b4ff-2bc900864aae,안전열쇠,"열쇠, 도장",강진중앙로상가,자율상권구역,전라남도,,,
2e7b532328dd4e07937d,full_annotation_v1,A,q_열쇠_02,열쇠 복사,생활서비스 중 '열쇠'를 판매·제공하는 매장,test,열쇠,T5 서비스,67c5de6d-8695-4285-9e49-dd00b86855c4,공단벧엘열쇠,열쇠,평광청구상가 골목형상점가,골목형상점가,대구광역시,,,
591c2d5b865f911c5c50,full_annotation_v1,A,q_열쇠_02,열쇠 복사,생활서비스 중 '열쇠'를 판매·제공하는 매장,test,열쇠,T5 서비스,30c2455a-a864-45ad-9572-f4a27d2e76da,장인열쇠,열쇠,효실천거리 골목형상점가,골목형상점가,인천광역시,,,
61de5009cc4402746d04,full_annotation_v1,A,q_열쇠_02,열쇠 복사,생활서비스 중 '열쇠'를 판매·제공하는 매장,test,열쇠,T5 서비스,a192e8f9-06cc-4d75-8374-59f782f5f49e,영복사,복사,상지대길골목형상점가,골목형상점가,강원특별자치도,,,
b212396f977d1429c3e3,full_annotation_v1,A,q_열쇠_02,열쇠 복사,생활서비스 중 '열쇠'를 판매·제공하는 매장,test,열쇠,T5 서비스,46ce8451-295a-4385-a158-9fc74f3d0434,그린복사,복사,오월첫동네 골목형상점가,골목형상점가,광주광역시,,,
8d9e2fe7f905c8eeb550,full_annotation_v1,A,q_열쇠_02,열쇠 복사,생활서비스 중 '열쇠'를 판매·제공하는 매장,test,열쇠,T5 서비스,62f421e5-b29c-48b8-8acc-089d01648541,갑부열쇠,열쇠,창원 상남시장,전통시장,경상남도,,,
a76d402a28509836f1f5,full_annotation_v1,A,q_열쇠_02,열쇠 복사,생활서비스 중 '열쇠'를 판매·제공하는 매장,test,열쇠,T5 서비스,9cc6f7fe-1c38-402c-92d8-95abb7e09091,종합열쇠보수,열쇠,광탄전통시장,전통시장,경기도,,,
8f4d8b2535401d8321b3,full_annotation_v1,A,q_열쇠_02,열쇠 복사,생활서비스 중 '열쇠'를 판매·제공하는 매장,test,열쇠,T5 서비스,59601b3b-b3cb-48f6-a8fb-c42d84112bd9,황금,열쇠,진주 새서부시장,전통시장,경상남도,,,
f0f14ab289e338ec0c88,full_annotation_v1,A,q_열쇠_02,열쇠 복사,생활서비스 중 '열쇠'를 판매·제공하는 매장,test,열쇠,T5 서비스,791d9615-f1ac-48d6-bce6-998c80d54ef4,나눔복사,복사,계림 재미로 골목형상점가,골목형상점가,광주광역시,,,
80b04bedc8cebe5027d2,full_annotation_v1,A,q_열쇠_02,열쇠 복사,생활서비스 중 '열쇠'를 판매·제공하는 매장,test,열쇠,T5 서비스,03b11cc8-b23f-4c62-9fdc-e3fb35350194,경북철물상회,철물,상주남성시장,전통시장,경상북도,,,
93851dc5c78a57ce3663,full_annotation_v1,A,q_열쇠_02,열쇠 복사,생활서비스 중 '열쇠'를 판매·제공하는 매장,test,열쇠,T5 서비스,18f403c7-d225-4c12-b9b3-5a8d5eaa225a,중앙열쇠,열쇠,동울산종합시장,전통시장,울산광역시,,,
70bbe7986221b04306b7,full_annotation_v1,A,q_열쇠_02,열쇠 복사,생활서비스 중 '열쇠'를 판매·제공하는 매장,test,열쇠,T5 서비스,a200724c-fb20-415f-8f14-d3b146df4cfc,밝은인쇄복사,복사,신안미래로 골목형상점가,골목형상점가,광주광역시,,,
c1d55eade0a74b8598be,full_annotation_v1,A,q_열쇠_02,열쇠 복사,생활서비스 중 '열쇠'를 판매·제공하는 매장,test,열쇠,T5 서비스,18d7b437-7ad8-4740-bc3e-a1c83defc776,고한열쇠,열쇠,고한구공탄시장(고한시장),전통시장,강원특별자치도,,,
4e8fcaba93b6966a016b,full_annotation_v1,A,q_열쇠_02,열쇠 복사,생활서비스 중 '열쇠'를 판매·제공하는 매장,test,열쇠,T5 서비스,ea83aa3e-7235-4667-93a7-3c1e8d7960bf,카피플러스,복사,늘해랑상인회 골목형상점가,골목형상점가,광주광역시,,,
950db1e2ed8f1f73a990,full_annotation_v1,A,q_열쇠_02,열쇠 복사,생활서비스 중 '열쇠'를 판매·제공하는 매장,test,열쇠,T5 서비스,03ed7e29-3b6d-43fb-b9f7-dda372779d19,주식회사 신진와이케이,"철물, 건재",죽산골목형상점가,골목형상점가,경기도,,,
a81813a5914d77e40295,full_annotation_v1,A,q_열쇠_02,열쇠 복사,생활서비스 중 '열쇠'를 판매·제공하는 매장,test,열쇠,T5 서비스,4a5a8345-2134-4073-996a-df3bef9dfb46,우리열쇠도장,열쇠,한라종합시장,전통시장,경상북도,,,
1dda9ae3a6827da0ee5a,full_annotation_v1,A,q_열쇠_02,열쇠 복사,생활서비스 중 '열쇠'를 판매·제공하는 매장,test,열쇠,T5 서비스,75dd646c-ab60-499c-b7ca-5a030a913825,관평열쇠,열쇠,송강동 골목형상점가,골목형상점가,대전광역시,,,
68286080bcbc77288016,full_annotation_v1,A,q_열쇠_02,열쇠 복사,생활서비스 중 '열쇠'를 판매·제공하는 매장,test,열쇠,T5 서비스,0c9d4b15-a4ce-454a-99d0-ed2e7c4a01ab,킹열쇠,열쇠 철물,염주먹자골목A구역상인회 골목형상점가,골목형상점가,광주광역시,,,
3c230deb0920f3587ac3,full_annotation_v1,A,q_열쇠_02,열쇠 복사,생활서비스 중 '열쇠'를 판매·제공하는 매장,test,열쇠,T5 서비스,64a5ebe7-b78c-4232-9c16-1f40d7d1199d,영광열쇠,열쇠,영주공설시장,전통시장,경상북도,,,
0ee6e1b1b27503d82ba3,full_annotation_v1,A,q_열쇠_02,열쇠 복사,생활서비스 중 '열쇠'를 판매·제공하는 매장,test,열쇠,T5 서비스,9b952c2a-7ee8-4e4f-b25c-cdd34e4f7774,서울마님죽,한식,김해 외동전통시장,전통시장,경상남도,,,
f2324044e4296a4e30b0,full_annotation_v1,A,q_열쇠_02,열쇠 복사,생활서비스 중 '열쇠'를 판매·제공하는 매장,test,열쇠,T5 서비스,78fb57b5-285f-4be5-bf6a-cd3c3a0b614a,국제열쇠,열쇠,안동광석거리 골목형상점가,골목형상점가,경상북도,,,
bf106d61b3bdb639ca46,full_annotation_v1,A,q_열쇠_02,열쇠 복사,생활서비스 중 '열쇠'를 판매·제공하는 매장,test,열쇠,T5 서비스,6338306b-d32f-4d09-9cbe-f8fa2dfe7935,베낌터,복사 인쇄,전북대대학로상점가,자율상권구역,전북특별자치도,,,
bc3696152b0b5db87bea,full_annotation_v1,A,q_열쇠_02,열쇠 복사,생활서비스 중 '열쇠'를 판매·제공하는 매장,test,열쇠,T5 서비스,eda32261-ee65-4d5b-ade9-c766c4dc9ea3,사랑열쇠,열쇠,신아타운,전통시장,서울특별시,,,
d13867ff647fdc834c59,full_annotation_v1,A,q_열쇠_02,열쇠 복사,생활서비스 중 '열쇠'를 판매·제공하는 매장,test,열쇠,T5 서비스,d4d24813-0296-40c5-8208-5f7eaa142064,카피존,복사,목원대 골목형상점가,골목형상점가,대전광역시,,,
38da2d8ffd78a14ad4e0,full_annotation_v1,A,q_열쇠_02,열쇠 복사,생활서비스 중 '열쇠'를 판매·제공하는 매장,test,열쇠,T5 서비스,eda0bd66-ba03-4551-b57b-9c9746b54454,인화열쇠,열쇠,익산구시장,전통시장,전북특별자치도,,,
db29ee5a833ee9c0a757,full_annotation_v1,A,q_열쇠_02,열쇠 복사,생활서비스 중 '열쇠'를 판매·제공하는 매장,test,열쇠,T5 서비스,b8efc073-ce51-4e15-a04f-f5a62c5ef7aa,썬복사,복사,전남대후문골목형상점가,골목형상점가,광주광역시,,,
e88099e2c53fac2d008d,full_annotation_v1,A,q_열쇠_02,열쇠 복사,생활서비스 중 '열쇠'를 판매·제공하는 매장,test,열쇠,T5 서비스,5e7bd498-31c0-4ced-804c-4fa3f2968542,강남키센타,열쇠,공주산성시장,전통시장,충청남도,,,
dc56ec60d941ced99ba2,full_annotation_v1,A,q_열쇠_02,열쇠 복사,생활서비스 중 '열쇠'를 판매·제공하는 매장,test,열쇠,T5 서비스,5dc84742-198d-48db-98bf-beb056d45648,국제열쇠,열쇠,건축자재특화의거리,자율상권구역,광주광역시,,,
2daa16e0b8bdda43e342,full_annotation_v1,A,q_열쇠_02,열쇠 복사,생활서비스 중 '열쇠'를 판매·제공하는 매장,test,열쇠,T5 서비스,f2a08c21-8e42-456a-8604-62d3c627a8dc,창대과일,과일,우일시장,기타,부산광역시,,,
bd82adb9834052243510,full_annotation_v1,A,q_열쇠_02,열쇠 복사,생활서비스 중 '열쇠'를 판매·제공하는 매장,test,열쇠,T5 서비스,774dda74-9ceb-45be-910e-cef02995c3d5,애드파워,"인쇄, 복사",어은누리 골목형상점가,골목형상점가,대전광역시,,,
b6c8cae25699081937d4,full_annotation_v1,A,q_열쇠_02,열쇠 복사,생활서비스 중 '열쇠'를 판매·제공하는 매장,test,열쇠,T5 서비스,66aae4d4-c1d7-4f3c-a3e3-69743255bac7,현대열쇠,열쇠,답십리 건축자재시장,전통시장,서울특별시,,,
58113ce749eb2be59f02,full_annotation_v1,A,q_열쇠_02,열쇠 복사,생활서비스 중 '열쇠'를 판매·제공하는 매장,test,열쇠,T5 서비스,0264d000-4eb1-4469-bf71-fa1cb1da9bee,우리철물,철물,상원시장,전통시장,대구광역시,,,
7c74d716f7d1faa6706b,full_annotation_v1,A,q_열쇠_02,열쇠 복사,생활서비스 중 '열쇠'를 판매·제공하는 매장,test,열쇠,T5 서비스,c4e9ff91-5bf3-4f25-8909-073e627aec13,바로열쇠,열쇠,내상로 골목형상점가,골목형상점가,광주광역시,,,
b135cd0d2bc660c74e3d,full_annotation_v1,A,q_열쇠_02,열쇠 복사,생활서비스 중 '열쇠'를 판매·제공하는 매장,test,열쇠,T5 서비스,562f7ec1-823a-4bc1-a79c-b6a888b6248f,현대열쇠,열쇠,금촌문화로시장,전통시장,경기도,,,
59eba4d468b10a5fc89e,full_annotation_v1,A,q_열쇠_02,열쇠 복사,생활서비스 중 '열쇠'를 판매·제공하는 매장,test,열쇠,T5 서비스,07739519-7bd4-4ee9-ba4d-ee8b54e1594b,동성열쇠,"열쇠, 도장",진주 동성상가,전통시장,경상남도,,,
4d43b4f915c38c049987,full_annotation_v1,A,q_열쇠_02,열쇠 복사,생활서비스 중 '열쇠'를 판매·제공하는 매장,test,열쇠,T5 서비스,6cddebc1-b1a1-4ce0-8819-89e38f31bf50,사직열쇠,열쇠,사직시장,전통시장,부산광역시,,,
b2111596733ea5a75345,full_annotation_v1,A,q_열쇠_02,열쇠 복사,생활서비스 중 '열쇠'를 판매·제공하는 매장,test,열쇠,T5 서비스,7cd898ad-482b-43eb-86d3-83f1011e5941,둘둘열쇠,열쇠,마산 신마산시장,전통시장,경상남도,,,
58fcb66736b79764ffa7,full_annotation_v1,A,q_열쇠_02,열쇠 복사,생활서비스 중 '열쇠'를 판매·제공하는 매장,test,열쇠,T5 서비스,f6d8d595-4877-4341-a51f-aa630b83e8d5,대한열쇠,열쇠,공릉구길골목형상점가,골목형상점가,서울특별시,,,
fe048bc1cba434f68f4e,full_annotation_v1,A,q_열쇠_02,열쇠 복사,생활서비스 중 '열쇠'를 판매·제공하는 매장,test,열쇠,T5 서비스,29999f1c-9272-4956-862a-55d7889fad4a,홍천열쇠,열쇠,홍천중앙시장(홍천신시장),전통시장,강원특별자치도,,,
c7195ce23616f683e713,full_annotation_v1,A,q_열쇠_02,열쇠 복사,생활서비스 중 '열쇠'를 판매·제공하는 매장,test,열쇠,T5 서비스,ab1aec93-e32e-46f7-90da-c085108c1d9e,신형열쇠,열쇠,상대원1동 해피마을 골목형상점가,골목형상점가,경기도,,,
b109c9ac86d2f1e81b3d,full_annotation_v1,A,q_열쇠_02,열쇠 복사,생활서비스 중 '열쇠'를 판매·제공하는 매장,test,열쇠,T5 서비스,6f922009-5f30-411a-8e87-9e81292397fa,미광사,복사,동구청앞 골목형상점가,골목형상점가,광주광역시,,,
e6c88e30576555205781,full_annotation_v1,A,q_열쇠_02,열쇠 복사,생활서비스 중 '열쇠'를 판매·제공하는 매장,test,열쇠,T5 서비스,9e299a26-8725-4756-b4fb-6c0247ea1e3b,음성출력소,복사 인쇄,음성시장,전통시장,충청북도,,,
a8323db01f0d32382394,full_annotation_v1,A,q_열쇠_02,열쇠 복사,생활서비스 중 '열쇠'를 판매·제공하는 매장,test,열쇠,T5 서비스,53e84aac-19b3-4438-88b4-b2d464303606,우이,샌드위치,인수로골목형상점가,골목형상점가,서울특별시,,,
aaef4a5e91eac057d051,full_annotation_v1,A,q_열쇠_02,열쇠 복사,생활서비스 중 '열쇠'를 판매·제공하는 매장,test,열쇠,T5 서비스,b6f461e2-1459-4e2b-9ceb-2da52cfcc1f6,보람사,열쇠,쌍학로상인회 골목형상점가,골목형상점가,광주광역시,,,
918aa3724ca807eea0ad,full_annotation_v1,A,q_열쇠_02,열쇠 복사,생활서비스 중 '열쇠'를 판매·제공하는 매장,test,열쇠,T5 서비스,775ab2dd-a7d3-46eb-9785-5a280ffcfaa4,가나열쇠,열쇠,직산읍삼은1번가골목형상점가,골목형상점가,충청남도,,,
0499f9ececd862b4edd3,full_annotation_v1,A,q_열쇠_02,열쇠 복사,생활서비스 중 '열쇠'를 판매·제공하는 매장,test,열쇠,T5 서비스,8670955a-a609-4792-ad66-26ca3584f506,짱구열쇠,열쇠,여주한글시장(여주중앙로상점가),전통시장,경기도,,,
3c90cc2f4d60a73c6314,full_annotation_v1,A,q_열쇠_02,열쇠 복사,생활서비스 중 '열쇠'를 판매·제공하는 매장,test,열쇠,T5 서비스,449e0f56-6929-4414-b923-40eb3291525e,삼양열쇠,열쇠,양평1동어울림골목형상점가,골목형상점가,서울특별시,,,
e8172cfec2b249db5a96,full_annotation_v1,A,q_열쇠_02,열쇠 복사,생활서비스 중 '열쇠'를 판매·제공하는 매장,test,열쇠,T5 서비스,a866907f-2a8f-475f-a007-057c1c53d603,동산열쇠,열쇠,여의동 골목형상점가,골목형상점가,전북특별자치도,,,
ffdc5398681d7caebd43,full_annotation_v1,A,q_열쇠_02,열쇠 복사,생활서비스 중 '열쇠'를 판매·제공하는 매장,test,열쇠,T5 서비스,a7c0a4f6-8a27-48f6-a3f4-db4ace55731e,찜,의류,전주중앙상가시장,전통시장,전북특별자치도,,,
9bbb382840e06b9ccc3c,full_annotation_v1,A,q_열쇠_02,열쇠 복사,생활서비스 중 '열쇠'를 판매·제공하는 매장,test,열쇠,T5 서비스,f5a693dc-3f30-4cd7-962c-844ab3913a4a,서광사,문구 복사,법원 앞 사과마을 골목형상점가,골목형상점가,광주광역시,,,
4dd85e30c16c3f45a0f3,full_annotation_v1,A,q_열쇠_02,열쇠 복사,생활서비스 중 '열쇠'를 판매·제공하는 매장,test,열쇠,T5 서비스,52710be9-75e1-4ee3-8a74-a1bffae59c77,부부건축종합수리,열쇠,영천시장,전통시장,서울특별시,,,
defc0d35beefd5c2dbd9,full_annotation_v1,A,q_열쇠_02,열쇠 복사,생활서비스 중 '열쇠'를 판매·제공하는 매장,test,열쇠,T5 서비스,06806010-a06d-4c83-a69c-bf1347ad6901,대흥열쇠,열쇠,화성남양시장,전통시장,경기도,,,
8ef3b7a96f1acc4d7cd1,full_annotation_v1,A,q_열쇠_02,열쇠 복사,생활서비스 중 '열쇠'를 판매·제공하는 매장,test,열쇠,T5 서비스,e54293ac-5e07-4a56-8524-c44edb55200b,키박사,열쇠,오창전통시장,전통시장,충청북도,,,
ef1cfc1cb6492e64860f,full_annotation_v1,A,q_열쇠_02,열쇠 복사,생활서비스 중 '열쇠'를 판매·제공하는 매장,test,열쇠,T5 서비스,00056471-c3db-46bd-895a-909ff1e7b36c,부자열쇠,열쇠,정릉서경대길골목형상점가(정릉골),골목형상점가,서울특별시,,,
14a0dc817c6e0ef44503,full_annotation_v1,A,q_열쇠_02,열쇠 복사,생활서비스 중 '열쇠'를 판매·제공하는 매장,test,열쇠,T5 서비스,8aec65cd-094c-4301-be35-4dff64fd7b82,일곡열쇠철물,열쇠,"일곡동(제4지역:쌍용,호반,청솔2,호반일신,청솔1)",골목형상점가,광주광역시,,,
98ff5cfbe9e0c1da5b7e,full_annotation_v1,A,q_열쇠_02,열쇠 복사,생활서비스 중 '열쇠'를 판매·제공하는 매장,test,열쇠,T5 서비스,9dbb4d80-5cf7-42c0-bb16-b5efa5ad9cd7,동양혼수,이불,주문진종합시장,전통시장,강원특별자치도,,,
3e0d759c5e29c7a41954,full_annotation_v1,A,q_열쇠_02,열쇠 복사,생활서비스 중 '열쇠'를 판매·제공하는 매장,test,열쇠,T5 서비스,cfd3dd87-881c-4e39-96b4-3b148275bdf7,록기출력,복사,오월첫동네 골목형상점가,골목형상점가,광주광역시,,,
fcd52a0ebf89398a1521,full_annotation_v1,A,q_열쇠_02,열쇠 복사,생활서비스 중 '열쇠'를 판매·제공하는 매장,test,열쇠,T5 서비스,64764201-929d-4462-b8f1-9030552ac35f,하나열쇠,열쇠,용호골목시장,전통시장,부산광역시,,,
3b7c0919c581ac44b40c,full_annotation_v1,A,q_열쇠_02,열쇠 복사,생활서비스 중 '열쇠'를 판매·제공하는 매장,test,열쇠,T5 서비스,01c3ec28-1ceb-48f0-88e2-030e84b4d3f4,해영함석,철물,고도리 장터거리 상점가,골목형상점가,전라남도,,,
399a8747decaaf5fee69,full_annotation_v1,A,q_열쇠_02,열쇠 복사,생활서비스 중 '열쇠'를 판매·제공하는 매장,test,열쇠,T5 서비스,18f0848a-cdc7-4f9f-a9c1-c756e6be1383,신가열쇠,열쇠,신가아름마을,골목형상점가,광주광역시,,,
e021699a45f8de7be03c,full_annotation_v1,A,q_운동_01,운동,문화·여가 중 '운동'을 판매·제공하는 매장,val,운동,T1 정확표기,01a5e178-ba34-4e15-ac4d-07a398900593,가자점핑다이어트클럽,"점핑, 요가",문흥2동 골목형상점가,골목형상점가,광주광역시,,,
cf26ca46cced54c85e39,full_annotation_v1,A,q_운동_01,운동,문화·여가 중 '운동'을 판매·제공하는 매장,val,운동,T1 정확표기,0041f699-c619-48b9-b3a9-814af9905c66,GB트레이닝센터,운동,일곡동(제5지역:제1근린공원 건너편),골목형상점가,광주광역시,,,
74e20ab9459a4271a4af,full_annotation_v1,A,q_운동_01,운동,문화·여가 중 '운동'을 판매·제공하는 매장,val,운동,T1 정확표기,ba53aad3-51c8-4a85-8b5f-53b0994e0201,푸라닭 부산국제신도시점,치킨 전문점,명지국제 골목형상점가,골목형상점가,부산광역시,,,
49073eb3bec404318368,full_annotation_v1,A,q_운동_01,운동,문화·여가 중 '운동'을 판매·제공하는 매장,val,운동,T1 정확표기,84a53631-234a-4dd4-8fe4-03dac1f13ca7,지투운동재활센터,운동,금당산길상인회 골목형상점가,골목형상점가,광주광역시,,,
09dddf23e4ac9daf8f03,full_annotation_v1,A,q_운동_01,운동,문화·여가 중 '운동'을 판매·제공하는 매장,val,운동,T1 정확표기,19f1b8be-585f-4389-99ba-c0733b45043e,55식당,,관평동 골목형상점가,골목형상점가,대전광역시,,,
eab120a0a22eb949a3dd,full_annotation_v1,A,q_운동_01,운동,문화·여가 중 '운동'을 판매·제공하는 매장,val,운동,T1 정확표기,d8e0ce0e-b534-48ff-b416-f1039e7f99ea,134리듬복싱,운동,미라클,골목형상점가,광주광역시,,,
b58a166f3ec5f7567fde,full_annotation_v1,A,q_운동_01,운동,문화·여가 중 '운동'을 판매·제공하는 매장,val,운동,T1 정확표기,b9ded532-33c2-4fd4-b4ab-38ac9462fbdd,써니다이어트댄스,운동,창원 봉곡시장,전통시장,경상남도,,,
b8fc779c0e4850909fb3,full_annotation_v1,A,q_운동_01,운동,문화·여가 중 '운동'을 판매·제공하는 매장,val,운동,T1 정확표기,91f4137c-b572-41de-8e8b-16beb7db3832,하나당구클럽,운동,휴먼시아 3단지 골목형상점가,골목형상점가,울산광역시,,,
a7ca85a2e021c486c2bf,full_annotation_v1,A,q_운동_01,운동,문화·여가 중 '운동'을 판매·제공하는 매장,val,운동,T1 정확표기,07466d2d-51a2-4c17-8dcf-1af1bfb6f868,금강랜드로바 원주점,운동화가죽신발등산용품,원주중앙로문화의거리,자율상권구역,강원특별자치도,,,
ed5d7f2f76d763d21acf,full_annotation_v1,A,q_운동_01,운동,문화·여가 중 '운동'을 판매·제공하는 매장,val,운동,T1 정확표기,e20d3a17-04e8-433a-bd00-128fead1ab96,우수한 운동 습관 PT,,열매 골목형상점가,골목형상점가,대전광역시,,,
b04efe85caa1d5c868ae,full_annotation_v1,A,q_운동_01,운동,문화·여가 중 '운동'을 판매·제공하는 매장,val,운동,T1 정확표기,2cb321d2-24e7-41f7-8e2f-7643eb70ce42,파워존 대전,운동,궁동 골목형상점가,골목형상점가,대전광역시,,,
dc52e2321e4420a17e70,full_annotation_v1,A,q_운동_01,운동,문화·여가 중 '운동'을 판매·제공하는 매장,val,운동,T1 정확표기,00172c94-61f0-4197-afeb-d7e8187c79b5,옷이예쁘다,의류,메트로센터(반월당지하쇼핑),일반지하상점가,대구광역시,,,
edd959f462e57a946928,full_annotation_v1,A,q_운동_01,운동,문화·여가 중 '운동'을 판매·제공하는 매장,val,운동,T1 정확표기,1a863adc-89c7-41db-9e88-1a54e35fea83,뚜레쥬르세종보람점,,보람동 골목형상점가,골목형상점가,세종특별자치시,,,
a3232e3b915bef78a17d,full_annotation_v1,A,q_운동_01,운동,문화·여가 중 '운동'을 판매·제공하는 매장,val,운동,T1 정확표기,07d89ce7-de40-4795-a10b-414cc1e269ef,매곡 천부경 명상센터,"명상수련, 요가",매곡동 골목형상점가,골목형상점가,광주광역시,,,
d6a807d08afc904393a6,full_annotation_v1,A,q_운동_01,운동,문화·여가 중 '운동'을 판매·제공하는 매장,val,운동,T1 정확표기,2dd20657-fa4b-4e0b-955c-5ca2a2703697,브로스체육관,운동,대남대로181번길 골목형상점가,골목형상점가,광주광역시,,,
ece5d370c34065097b22,full_annotation_v1,A,q_운동_01,운동,문화·여가 중 '운동'을 판매·제공하는 매장,val,운동,T1 정확표기,df2c9837-be1a-48ac-b9fe-8bcf4e995d40,"요가,하다",운동,신가동 골목형상점가,골목형상점가,광주광역시,,,
b43129e920603f2e8ce1,full_annotation_v1,A,q_운동_01,운동,문화·여가 중 '운동'을 판매·제공하는 매장,val,운동,T1 정확표기,695a4781-bea7-4967-aa60-9508c1d6f994,강호체육관,운동,운암 서영 골목형상점가,골목형상점가,광주광역시,,,
f6b401319f877d5aebaf,full_annotation_v1,A,q_운동_01,운동,문화·여가 중 '운동'을 판매·제공하는 매장,val,운동,T1 정확표기,ac6cd3f3-972f-4b2d-9186-c55e4f213297,더블유핏,운동,동천동먹자골목1번가상인회 골목형상점가,골목형상점가,광주광역시,,,
dff0b24539f808ad4cc1,full_annotation_v1,A,q_운동_01,운동,문화·여가 중 '운동'을 판매·제공하는 매장,val,운동,T1 정확표기,1244627c-27ee-4876-85ca-7650d8241ef1,하늬바람태권도장,운동,스타타워1 골목형상점가,골목형상점가,인천광역시,,,
4510c9e1190266a10406,full_annotation_v1,A,q_운동_01,운동,문화·여가 중 '운동'을 판매·제공하는 매장,val,운동,T1 정확표기,8fbde7fb-0783-447a-86bc-cc7317c3b055,호우양꼬치,양고기,신중동시계탑별빛거리 골목형상점가,골목형상점가,경기도,,,
bc5daa9ed1761f278bcb,full_annotation_v1,A,q_운동_01,운동,문화·여가 중 '운동'을 판매·제공하는 매장,val,운동,T1 정확표기,fc1ea76c-953a-4fa5-9872-abde76787f57,필라테스아미,운동 서비스,누리 골목형상점가,골목형상점가,경기도,,,
59285de4c61e5d8484f2,full_annotation_v1,A,q_운동_01,운동,문화·여가 중 '운동'을 판매·제공하는 매장,val,운동,T1 정확표기,408b864c-09d7-43db-917c-32078ba2fb3f,오성체육관,운동,용산교 골목형상점가,골목형상점가,광주광역시,,,
7815e420914da548b60f,full_annotation_v1,A,q_운동_01,운동,문화·여가 중 '운동'을 판매·제공하는 매장,val,운동,T1 정확표기,de054395-19bb-41b6-bb68-71a3af0f243f,장모족발,족발,개항희망문화상권 상권활성화구역,상권활성화구역,인천광역시,,,
1153c71ef5d35c006383,full_annotation_v1,A,q_운동_01,운동,문화·여가 중 '운동'을 판매·제공하는 매장,val,운동,T1 정확표기,06f75bcb-8c04-46f9-9315-b56a3f1d7a63,스윙&플라멩고,운동복,대현프리몰 대구점,일반지하상점가,대구광역시,,,
8f6439c8c48004e18391,full_annotation_v1,A,q_운동_01,운동,문화·여가 중 '운동'을 판매·제공하는 매장,val,운동,T1 정확표기,ea7f6728-6fb8-43a7-9ec3-b4105f9f9235,이루다태권도,운동,용산지구 골목형상점가,골목형상점가,광주광역시,,,
c0e8b5a9c4eaf81c8d6e,full_annotation_v1,A,q_운동_01,운동,문화·여가 중 '운동'을 판매·제공하는 매장,val,운동,T1 정확표기,0066174b-64aa-428a-b8d6-f9bae4107429,크로스핏 엘리트짐,기능성운동,노은역 골목형상점가,골목형상점가,대전광역시,,,
9daa6a880fb7d5046227,full_annotation_v1,A,q_운동_01,운동,문화·여가 중 '운동'을 판매·제공하는 매장,val,운동,T1 정확표기,c6896ac2-f98d-48dd-9bc2-a86cf5cb9e91,오늘은핏점핑다이어트,운동,해오름 골목형상점가,골목형상점가,경기도,,,
2fcb13b5198f8a65027e,full_annotation_v1,A,q_운동_01,운동,문화·여가 중 '운동'을 판매·제공하는 매장,val,운동,T1 정확표기,b764fea2-6d47-4814-a61f-2450c6e7e032,위플복싱짐,운동,신탄진시장,전통시장,대전광역시,,,
53e4a314ee04ae9518b4,full_annotation_v1,A,q_운동_01,운동,문화·여가 중 '운동'을 판매·제공하는 매장,val,운동,T1 정확표기,5480f36d-a071-4e58-aaf5-51b435466f49,드미필라테스,운동,의왕가구거리 골목형상점가,골목형상점가,경기도,,,
ae031ffc4d9bddefd54b,full_annotation_v1,A,q_운동_01,운동,문화·여가 중 '운동'을 판매·제공하는 매장,val,운동,T1 정확표기,7dba30be-e46a-4b2e-9a30-7f69dc90caa4,데일리핏PT필라테스,운동,용봉지구 골목형상점가,골목형상점가,광주광역시,,,
41b1eeeb38e1cb8cc695,full_annotation_v1,A,q_운동_01,운동,문화·여가 중 '운동'을 판매·제공하는 매장,val,운동,T1 정확표기,033d99e2-0579-45d7-9d48-d999b90dd98a,M필라테스&요가,"필라테스, 요가",조종시장,전통시장,경기도,,,
cc45fccb622aafcb647b,full_annotation_v1,A,q_운동_01,운동,문화·여가 중 '운동'을 판매·제공하는 매장,val,운동,T1 정확표기,ec9f595f-5c9d-4778-8d57-775c7952f774,산해정,한식,모래내시장골목형상점가,골목형상점가,서울특별시,,,
1f28b16aa8f46dee044a,full_annotation_v1,A,q_운동_01,운동,문화·여가 중 '운동'을 판매·제공하는 매장,val,운동,T1 정확표기,003adf4b-eb63-4fd3-92d3-e139c6f1c22d,새롬필라테스,필라테스,새롬동 골목형상점가,골목형상점가,세종특별자치시,,,
def8a5b3168cf90d067a,full_annotation_v1,A,q_운동_01,운동,문화·여가 중 '운동'을 판매·제공하는 매장,val,운동,T1 정확표기,edd8d689-a230-4c61-8b4f-fc3f4b229b1d,홍대삭,분식,신중동시계탑별빛거리 골목형상점가,골목형상점가,경기도,,,
4ccea0daaf9a132f07ed,full_annotation_v1,A,q_운동_01,운동,문화·여가 중 '운동'을 판매·제공하는 매장,val,운동,T1 정확표기,00158f51-4d3a-4ac0-9e38-b37552f5e097,지지배,의류,나주금빛상점가,자율상권구역,전라남도,,,
c9ea0d7dcb22e9cb3c7a,full_annotation_v1,A,q_운동_01,운동,문화·여가 중 '운동'을 판매·제공하는 매장,val,운동,T1 정확표기,08de408a-f260-4467-b375-768cbd50e14d,본소마메드짐 재활운동&PT,운동,용강동상점가,자율상권구역,서울특별시,,,
ee27e8e3b152221f058c,full_annotation_v1,A,q_운동_01,운동,문화·여가 중 '운동'을 판매·제공하는 매장,val,운동,T1 정확표기,fa51deb5-18e3-446d-8e09-f6290378fe47,마이필라테스,운동,양산길 골목형상점가,골목형상점가,광주광역시,,,
6c951b0bb1532cad8377,full_annotation_v1,A,q_운동_01,운동,문화·여가 중 '운동'을 판매·제공하는 매장,val,운동,T1 정확표기,c79625e5-af18-4100-93eb-dab95a49b521,난다점핑클럽,운동,금화로상인회 골목형상점가,골목형상점가,광주광역시,,,
e38b7fd372c0ca25fdc1,full_annotation_v1,A,q_운동_01,운동,문화·여가 중 '운동'을 판매·제공하는 매장,val,운동,T1 정확표기,710fe33c-c2dd-4c82-bbcc-13b5ba28ce40,콤마필라테스,운동 서비스,원,골목형상점가,광주광역시,,,
9caa89f56e54058e5d47,full_annotation_v1,A,q_운동_01,운동,문화·여가 중 '운동'을 판매·제공하는 매장,val,운동,T1 정확표기,00a3eb8f-b86a-4b8c-933c-ffaee551fdba,신시아 필라테스,필라테스 센터,겸재한신길 골목형상점가,골목형상점가,서울특별시,,,
14cca96aa4aa318c9477,full_annotation_v1,A,q_운동_01,운동,문화·여가 중 '운동'을 판매·제공하는 매장,val,운동,T1 정확표기,d511fbb4-09e7-440a-8d57-7f79c475bea9,전일복싱상무관,운동,상무중앙상인회 골목형상점가,골목형상점가,광주광역시,,,
fe8a8978941bca57779d,full_annotation_v1,A,q_운동_01,운동,문화·여가 중 '운동'을 판매·제공하는 매장,val,운동,T1 정확표기,1d28282a-c12b-4037-9c47-06c4d73a948b,우리집닭강정신봉점,치킨,신봉동 온누리 골목형상점가,골목형상점가,경기도,,,
f32dfe3173dc1ed32809,full_annotation_v1,A,q_운동_01,운동,문화·여가 중 '운동'을 판매·제공하는 매장,val,운동,T1 정확표기,19812e12-af69-4af0-9d57-459751f2b29a,당찬해동검도,운동,어은누리 골목형상점가,골목형상점가,대전광역시,,,
cbcefce1d44807f4f3f6,full_annotation_v1,A,q_운동_01,운동,문화·여가 중 '운동'을 판매·제공하는 매장,val,운동,T1 정확표기,d7dbae22-5d61-4ab7-81ca-b39b9d163604,잔 필라테스,운동,쌍리단길상점가,자율상권구역,서울특별시,,,
0edd58fc93d3a811ce52,full_annotation_v1,A,q_운동_01,운동,문화·여가 중 '운동'을 판매·제공하는 매장,val,운동,T1 정확표기,09815d92-d0f0-4c87-b4fa-1194f86c53c0,유성프로스펙스,"스포츠의류, 용품",장대동패션상가 골목형상점가,골목형상점가,대전광역시,,,
4e5fcd7e564c0cf9e366,full_annotation_v1,A,q_운동_01,운동,문화·여가 중 '운동'을 판매·제공하는 매장,val,운동,T1 정확표기,61a90062-be05-4c34-b3b7-c227b4587843,고유스튜디오,운동,빛가람 호수로 골목형상점가,골목형상점가,전라남도,,,
c4f4223469719febe81d,full_annotation_v1,A,q_운동_01,운동,문화·여가 중 '운동'을 판매·제공하는 매장,val,운동,T1 정확표기,8f78091c-9bca-41c9-ac8b-f753d178594d,고향떡집,떡,여주세종시장상점가,자율상권구역,경기도,,,
dc7bec4102e789a987aa,full_annotation_v1,A,q_운동_01,운동,문화·여가 중 '운동'을 판매·제공하는 매장,val,운동,T1 정확표기,11372a5d-ebee-4fd2-b0a0-ebd202b4ed2a,히어로멀티짐킥복싱창원점,운동,창원 가음정시장,전통시장,경상남도,,,
1fe62de69d4d3bbd9874,full_annotation_v1,A,q_운동_01,운동,문화·여가 중 '운동'을 판매·제공하는 매장,val,운동,T1 정확표기,0214eb76-f204-4d4f-9645-f0444d2c5f33,베이글짐,헬스장,도담동 골목형상점가,골목형상점가,세종특별자치시,,,
20a15b7c34e10a54e3f5,full_annotation_v1,A,q_운동_01,운동,문화·여가 중 '운동'을 판매·제공하는 매장,val,운동,T1 정확표기,008fbd3f-35b4-431f-8ba5-fc8bcfe4bf83,제이에스피트니스,헬스,동림1 골목형상점가,골목형상점가,광주광역시,,,
8240495cf6176ebbdb62,full_annotation_v1,A,q_운동_01,운동,문화·여가 중 '운동'을 판매·제공하는 매장,val,운동,T1 정확표기,c8425b70-29b0-434e-b6f5-2213019547df,아란체육관,운동,본촌진아 골목형상점가,골목형상점가,광주광역시,,,
b36a200169b47747f487,full_annotation_v1,A,q_운동_01,운동,문화·여가 중 '운동'을 판매·제공하는 매장,val,운동,T1 정확표기,a230feea-113a-45ee-88e3-da09c7a80989,내몸에깃든바른자세운동본점,운동,탕정역 지웰시티몰 3단지 골목형상점가,골목형상점가,충청남도,,,
aa98482284ca7f852c9c,full_annotation_v1,A,q_운동_01,운동,문화·여가 중 '운동'을 판매·제공하는 매장,val,운동,T1 정확표기,06a9d0d7-98d4-46de-ba60-78844e443b35,올나잇 피트니스 주식회사,피트니스,부평테마의거리 골목형 상점가,골목형상점가,인천광역시,,,
a079a3286b29e1a1c90d,full_annotation_v1,A,q_운동_01,운동,문화·여가 중 '운동'을 판매·제공하는 매장,val,운동,T1 정확표기,ba68f7ac-5171-4f12-b8bb-a1d64150be18,점핑하이,운동,전남대후문골목형상점가,골목형상점가,광주광역시,,,
d3e851bcd7cda1bae06d,full_annotation_v1,A,q_운동_01,운동,문화·여가 중 '운동'을 판매·제공하는 매장,val,운동,T1 정확표기,00a27d0e-2216-4ff5-94fe-7acd76db3da3,짐자반 헬스 PT 하남시청역점,"헬스장 회원권, 개인레슨",덕풍전통시장,전통시장,경기도,,,
fd484211a18deb502987,full_annotation_v1,A,q_운동_01,운동,문화·여가 중 '운동'을 판매·제공하는 매장,val,운동,T1 정확표기,342852e2-f0f7-4783-899a-45b91ce831f4,이희인트레이닝,운동,월곡1동 골목형상점가,골목형상점가,광주광역시,,,
9496266ef6a02f37563d,full_annotation_v1,A,q_운동_01,운동,문화·여가 중 '운동'을 판매·제공하는 매장,val,운동,T1 정확표기,48ec2024-ee31-4ae0-bb8f-2126c5bfaa61,하다피트니스,피트니스,과천새서울프라자시장,전통시장,경기도,,,
1b660a100a99839cd655,full_annotation_v1,A,q_운동_01,운동,문화·여가 중 '운동'을 판매·제공하는 매장,val,운동,T1 정확표기,000a92b3-0b5e-429e-af00-f86e3570e24b,클로버,의류,관문상가시장,전통시장,대구광역시,,,
049490231616542eeb59,full_annotation_v1,A,q_운동_01,운동,문화·여가 중 '운동'을 판매·제공하는 매장,val,운동,T1 정확표기,267e13b1-d348-426e-a7d7-4cefbccfdfef,점핑하이효천2지구점,운동,효천2지구 골목형상점가,골목형상점가,광주광역시,,,
9198ea6886c5674fc037,full_annotation_v1,A,q_운동_01,운동,문화·여가 중 '운동'을 판매·제공하는 매장,val,운동,T1 정확표기,b0f831be-8ec7-4169-85c5-0ad6c28f11a5,뉴욕필라테스,운동,월산4동 골목형상점가,골목형상점가,광주광역시,,,
8e95fedc563c86ae9521,full_annotation_v1,A,q_운동_01,운동,문화·여가 중 '운동'을 판매·제공하는 매장,val,운동,T1 정확표기,79218c00-3770-4de0-9e58-07ef2d8cd38e,준초이짐 봉선점,운동,봉선2중앙로 골목형상점가,골목형상점가,광주광역시,,,
07f1d8c2dd535d50a64f,full_annotation_v1,A,q_운동_01,운동,문화·여가 중 '운동'을 판매·제공하는 매장,val,운동,T1 정확표기,fd60de7e-7487-4fff-a95f-5c1a0a4c4933,필라테스워밍,운동,으뜸 효동 골목형상점가,골목형상점가,광주광역시,,,
6fe25e7133ec36d00ff6,full_annotation_v1,A,q_운동_01,운동,문화·여가 중 '운동'을 판매·제공하는 매장,val,운동,T1 정확표기,347c0408-78c0-463e-bece-620e79a20c29,모두랑,떡볶이,맹동혁신골목형상점가,골목형상점가,충청북도,,,
a5b88d05844752172d80,full_annotation_v1,A,q_운동_01,운동,문화·여가 중 '운동'을 판매·제공하는 매장,val,운동,T1 정확표기,00124602-ef4e-472c-91ee-de53b28d7530,화이트,의류,울산번개시장,전통시장,울산광역시,,,
344adf6b4e849e56bfe2,full_annotation_v1,A,q_운동_01,운동,문화·여가 중 '운동'을 판매·제공하는 매장,val,운동,T1 정확표기,5149b3c5-9cc8-45d2-95ba-c9afcd71e1d1,올바른핏,운동,더센트럴 골목형상점가,골목형상점가,세종특별자치시,,,
10d0e56f546f2f412334,full_annotation_v1,A,q_운동_01,운동,문화·여가 중 '운동'을 판매·제공하는 매장,val,운동,T1 정확표기,4f693572-3afb-4e9c-8998-e6a7b2d089a7,에이제이근력재활운동 산본점,운동,산본로데오거리(구 산본중심상가),자율상권구역,경기도,,,
e9bfaaa90df06ffb8ef5,full_annotation_v1,A,q_운동_01,운동,문화·여가 중 '운동'을 판매·제공하는 매장,val,운동,T1 정확표기,9e88916f-972b-437b-a355-4e3c236357a1,굿핏,운동 건강기능식품,지족반석 골목형상점가,골목형상점가,대전광역시,,,
eeb0fb18076d178cdf35,full_annotation_v1,A,q_운동_01,운동,문화·여가 중 '운동'을 판매·제공하는 매장,val,운동,T1 정확표기,ac02bc06-b877-4e7a-9748-c725a80e6ead,리바디필라테스,운동,첨단강변로 골목형상점가,골목형상점가,광주광역시,,,
f90b55e9f9ba617787c2,full_annotation_v1,A,q_운동_01,운동,문화·여가 중 '운동'을 판매·제공하는 매장,val,운동,T1 정확표기,0080a859-c5d8-4b43-b14c-d5eb844118a0,헬스맨헬스걸,헬스장,비래동골목형상점가,골목형상점가,대전광역시,,,
f98bc7c85b9ed01e6cff,full_annotation_v1,A,q_운동_01,운동,문화·여가 중 '운동'을 판매·제공하는 매장,val,운동,T1 정확표기,d0618406-e4d3-4ad7-8b48-42dd46fa6184,오스타짐,운동,능동상가,자율상권구역,경기도,,,
24e4338a7b2c76cd8b6e,full_annotation_v1,A,q_운동_01,운동,문화·여가 중 '운동'을 판매·제공하는 매장,val,운동,T1 정확표기,040428ab-1a04-452f-8b35-c7c3c993cad8,누아요가,요가,현대센트럴스퀘어,골목형상점가,경기도,,,
7544fe0e0f7764dbaa0c,full_annotation_v1,A,q_운동_01,운동,문화·여가 중 '운동'을 판매·제공하는 매장,val,운동,T1 정확표기,e06b3112-de67-44cd-9a7f-1c3b24121ad6,크로스핏STB봉선,운동,봉선로2 골목형상점가,골목형상점가,광주광역시,,,
8523703e9a6adadd5320,full_annotation_v1,A,q_운동_01,운동,문화·여가 중 '운동'을 판매·제공하는 매장,val,운동,T1 정확표기,edc9b085-2bbe-44a6-b495-03fd87f34879,스마일필라테스,운동,효천로 골목형상점가,골목형상점가,광주광역시,,,
fc425212a922dc5f9101,full_annotation_v1,A,q_운동_01,운동,문화·여가 중 '운동'을 판매·제공하는 매장,val,운동,T1 정확표기,ae655ff8-f771-45ca-8480-7da82a1622af,플로우요가&발레핏,운동,봉선로2 골목형상점가,골목형상점가,광주광역시,,,
d0b34b8d60427585aec3,full_annotation_v1,A,q_운동_01,운동,문화·여가 중 '운동'을 판매·제공하는 매장,val,운동,T1 정확표기,36f4d9e2-889a-4168-b518-51e2ddf773df,킴스휘트니스클리닉,피트니스,아름동상점가,자율상권구역,세종특별자치시,,,
3b3f7f7532c828e9149d,full_annotation_v1,A,q_운동_01,운동,문화·여가 중 '운동'을 판매·제공하는 매장,val,운동,T1 정확표기,3a6cd7cb-4c6c-4485-97b1-f0dc305d3b94,경동건어물,건어물,신정상가시장,전통시장,울산광역시,,,
747f3a3dd1f30a42fc82,full_annotation_v1,A,q_운동_01,운동,문화·여가 중 '운동'을 판매·제공하는 매장,val,운동,T1 정확표기,21bfd845-8c16-4b67-809f-81a3833826c0,케이폴앤댄스,피트니스,남양역골로상점가,골목형상점가,경기도,,,
16fd681b39f395ad8a69,full_annotation_v1,A,q_운동_01,운동,문화·여가 중 '운동'을 판매·제공하는 매장,val,운동,T1 정확표기,ef3fc919-c67d-42a9-a46f-df0d9bb1a620,남부태권도,운동,난곡골목형상점가,골목형상점가,서울특별시,,,
3d2db554c82b4209d891,full_annotation_v1,A,q_운동_01,운동,문화·여가 중 '운동'을 판매·제공하는 매장,val,운동,T1 정확표기,35f62c74-3304-4a6c-a21f-28b253239019,하이무브 피트니스,피트니스 센터,산본로데오거리(구 산본중심상가),자율상권구역,경기도,,,
d00a9e91c250d03ba384,full_annotation_v1,A,q_운동_01,운동,문화·여가 중 '운동'을 판매·제공하는 매장,val,운동,T1 정확표기,ebcace5b-3a89-48fd-a05c-d45ca23df73a,점핑스타다이어트핏클럽,운동,더불어용두 골목형상점가,골목형상점가,광주광역시,,,
a6c3fd0e85080c5042d4,full_annotation_v1,A,q_운동_01,운동,문화·여가 중 '운동'을 판매·제공하는 매장,val,운동,T1 정확표기,61c7fdca-9bc4-4888-91f1-df10c7a1f14b,바이에스필라테스,운동,어은누리 골목형상점가,골목형상점가,대전광역시,,,
d39e87393648cac1a999,full_annotation_v1,A,q_운동_01,운동,문화·여가 중 '운동'을 판매·제공하는 매장,val,운동,T1 정확표기,5102e679-e0f4-40c1-9e4c-4b290e9c9c55,매취랑단국대점,한식,단국대 앞 골목형상점가,골목형상점가,경기도,,,
2637082ea6eb35a58003,full_annotation_v1,A,q_운동_01,운동,문화·여가 중 '운동'을 판매·제공하는 매장,val,운동,T1 정확표기,00f8d2a4-8e38-485b-a09e-280a1aa0c326,라인엑스피티스튜디오,"헬스, PT",수지성복플러스 골목형상점가,골목형상점가,경기도,,,
5ee03d194db651dafafc,full_annotation_v1,A,q_운동_01,운동,문화·여가 중 '운동'을 판매·제공하는 매장,val,운동,T1 정확표기,0151b1ea-e648-438b-83b0-efcf6f387e9b,크로스핏 터,운동 서비스,열매 골목형상점가,골목형상점가,대전광역시,,,
2ecf439bdd27822e027d,full_annotation_v1,A,q_운동_01,운동,문화·여가 중 '운동'을 판매·제공하는 매장,val,운동,T1 정확표기,8e253506-3fab-4343-8df6-2b3e9cd020f0,장수상계탕,삼계탕,개항희망문화상권 상권활성화구역,상권활성화구역,인천광역시,,,
f316c0090b4a254c1d2a,full_annotation_v1,A,q_운동_01,운동,문화·여가 중 '운동'을 판매·제공하는 매장,val,운동,T1 정확표기,9519e92f-34ab-4677-b991-dc26c849d67d,나우 필라테스,운동,병점중심상가,자율상권구역,경기도,,,
9040af9923294c3cd203,full_annotation_v1,A,q_운동_01,운동,문화·여가 중 '운동'을 판매·제공하는 매장,val,운동,T1 정확표기,a49b2212-4418-45f7-9d0b-a0dfb325dd60,폴링인점핑,운동,노량진만나로골목형상점가,골목형상점가,서울특별시,,,
770c17c1875f79a3bf71,full_annotation_v1,A,q_운동_01,운동,문화·여가 중 '운동'을 판매·제공하는 매장,val,운동,T1 정확표기,30d893c7-1110-4850-bec8-b09ad8dba62c,학무검도관,운동,루원음식문화거리,골목형상점가,인천광역시,,,
e1353f8c7626bb733f90,full_annotation_v1,A,q_운동_01,운동,문화·여가 중 '운동'을 판매·제공하는 매장,val,운동,T1 정확표기,df42118f-a213-40f6-9fac-6176d810ec74,케이디피트니스,운동,첨단이웃사랑 골목형상점가,골목형상점가,광주광역시,,,
25eb33e54e0049445c02,full_annotation_v1,A,q_운동_01,운동,문화·여가 중 '운동'을 판매·제공하는 매장,val,운동,T1 정확표기,6cf83595-97f8-416f-af1e-6c8131d8db01,버너스,운동,신봉하나로 골목형상점가,골목형상점가,경기도,,,
4e33152111acf438e087,full_annotation_v1,A,q_운동_01,운동,문화·여가 중 '운동'을 판매·제공하는 매장,val,운동,T1 정확표기,48c541cc-9af3-45a8-ac99-91bf37c1de37,나무휘트니스,운동,양산길 골목형상점가,골목형상점가,광주광역시,,,
a750484c5b95c0acbff6,full_annotation_v1,A,q_운동_01,운동,문화·여가 중 '운동'을 판매·제공하는 매장,val,운동,T1 정확표기,7ecce756-7ad7-40ae-9b5d-ad415b468806,피닉스짐 운암관,운동 서비스,운암동 현대아파트 골목형상점가,골목형상점가,광주광역시,,,
978c74fde240d6775fb3,full_annotation_v1,A,q_운동_01,운동,문화·여가 중 '운동'을 판매·제공하는 매장,val,운동,T1 정확표기,0754192f-3363-4969-9fb9-f832f7756c6e,모두가행복한치과의원,치과의원,맹동혁신골목형상점가,골목형상점가,충청북도,,,
de56231c8aa7469beffa,full_annotation_v1,A,q_운동_01,운동,문화·여가 중 '운동'을 판매·제공하는 매장,val,운동,T1 정확표기,17b33cea-f2a9-40b8-b31e-38c307a054ef,위글 필라테스,운동,야탑 골목형상점가,골목형상점가,경기도,,,
796ef6b984c382dfabb4,full_annotation_v1,A,q_운동_01,운동,문화·여가 중 '운동'을 판매·제공하는 매장,val,운동,T1 정확표기,08bf522e-2d12-4ba2-95aa-344e372f90d7,수지패션,운동용품,원조낙지골목상점가,자율상권구역,전라남도,,,
649ed34caccfddbea081,full_annotation_v1,A,q_운동_01,운동,문화·여가 중 '운동'을 판매·제공하는 매장,val,운동,T1 정확표기,84fd1a71-a539-4d50-aa08-a420005c509d,리음 필라테스,운동,행복로골목형상점가,골목형상점가,경기도,,,
9296d9914d878999e3e8,full_annotation_v1,A,q_운동_01,운동,문화·여가 중 '운동'을 판매·제공하는 매장,val,운동,T1 정확표기,28a66bf2-5b05-4c54-bd55-cc1004530355,김정희필라테스,운동,장자호수공원 골목형상점가,골목형상점가,경기도,,,
59d55d5fffc2421be35c,full_annotation_v1,A,q_운동_01,운동,문화·여가 중 '운동'을 판매·제공하는 매장,val,운동,T1 정확표기,0a7de62f-b294-412c-b700-0642397eca30,다이나핏 김포장기점,"스포츠 의류, 용품",김포장기패션아울렛,골목형상점가,경기도,,,
5d0e01e81f9e84fa4126,full_annotation_v1,A,q_운동_01,운동,문화·여가 중 '운동'을 판매·제공하는 매장,val,운동,T1 정확표기,c20f55ea-9b40-4e1a-884c-ac102a0379d3,필라테스랩 파스트,운동,과천새서울프라자시장,전통시장,경기도,,,
dcad1a346b23d8e64b5f,full_annotation_v1,A,q_운동_01,운동,문화·여가 중 '운동'을 판매·제공하는 매장,val,운동,T1 정확표기,00c4a045-8aa5-4995-8313-806b7fcab6ff,남스짐천왕점 헬스PT,,천왕마을 골목형상점가,골목형상점가,서울특별시,,,
701be00449cb1547dc95,full_annotation_v1,A,q_운동_01,운동,문화·여가 중 '운동'을 판매·제공하는 매장,val,운동,T1 정확표기,cfc05de2-f51d-4294-a550-94e81d0a0529,제주사랑운동센터메디짐,운동,노형1 골목형상점가,골목형상점가,제주특별자치도,,,
e51bd9d74ef6e0576bcd,full_annotation_v1,A,q_운동_01,운동,문화·여가 중 '운동'을 판매·제공하는 매장,val,운동,T1 정확표기,018b2dd0-5613-482c-b714-e30dcfa584fd,씨엘 필라테스 안산고잔점,필라테스,도리섬상점가,자율상권구역,경기도,,,
1e0f39414dd5853a4e5e,full_annotation_v1,A,q_운동_01,운동,문화·여가 중 '운동'을 판매·제공하는 매장,val,운동,T1 정확표기,020180c1-e676-4f99-84db-9b56504222f2,아름드리 필라테스&PT,필라테스요가바레필라테스,아름드리 골목형상점가,골목형상점가,세종특별자치시,,,
85ed2708da09811a389e,full_annotation_v1,A,q_운동_01,운동,문화·여가 중 '운동'을 판매·제공하는 매장,val,운동,T1 정확표기,00054f1d-4cae-4345-9975-1423bc49e4dc,착한아이들,의류,중앙전통시장,전통시장,울산광역시,,,
25f7d2361129bdda98c2,full_annotation_v1,A,q_운동_01,운동,문화·여가 중 '운동'을 판매·제공하는 매장,val,운동,T1 정확표기,b0b99c18-3df8-45b4-afb1-a1661ab04f86,위빙복싱클럽,운동 교육,정릉서경대길골목형상점가(정릉골),골목형상점가,서울특별시,,,
f585fd867009c524e2f5,full_annotation_v1,A,q_운동_01,운동,문화·여가 중 '운동'을 판매·제공하는 매장,val,운동,T1 정확표기,1ec1cfca-5ce9-45d6-8c27-0e85669969c0,선민패션,의류수선,신수동토정로 골목형상점가,골목형상점가,서울특별시,,,
bf0868d89bcf0ddde8c7,full_annotation_v1,A,q_운동_01,운동,문화·여가 중 '운동'을 판매·제공하는 매장,val,운동,T1 정확표기,8b9acda1-11e6-4b59-9e69-6ddd265414f7,리니아필라테스,운동,어썸시티,골목형상점가,광주광역시,,,
9e525e82660a5c95dd0e,full_annotation_v1,A,q_운동_01,운동,문화·여가 중 '운동'을 판매·제공하는 매장,val,운동,T1 정확표기,b80cb310-b3a1-4388-b3e6-7a07565759ff,이불랜드,수예 이불,서남신시장,전통시장,대구광역시,,,
df1d0bff1b04c561a3b7,full_annotation_v1,A,q_운동_01,운동,문화·여가 중 '운동'을 판매·제공하는 매장,val,운동,T1 정확표기,f0de6273-4750-40a2-8185-5365be2c2250,모어요가,운동,금호1동상가번영회 골목형상점가,골목형상점가,광주광역시,,,
d2e02499a11621eff9ef,full_annotation_v1,A,q_운동_02,헬스장,문화·여가 중 '운동'을 판매·제공하는 매장,val,운동,T1 정확표기,0066174b-64aa-428a-b8d6-f9bae4107429,크로스핏 엘리트짐,기능성운동,노은역 골목형상점가,골목형상점가,대전광역시,,,
298e2a1e3d49f045aae9,full_annotation_v1,A,q_운동_02,헬스장,문화·여가 중 '운동'을 판매·제공하는 매장,val,운동,T1 정확표기,b0fa6140-a098-4d5c-bb00-a6e18dcc8081,설핏,헬스장,조원복길골목형상점가,골목형상점가,서울특별시,,,
1d1272918ecf04634b12,full_annotation_v1,A,q_운동_02,헬스장,문화·여가 중 '운동'을 판매·제공하는 매장,val,운동,T1 정확표기,e6598e81-3b47-4549-ae8b-cc72760c1af4,NC짐,헬스장,효천2지구 골목형상점가,골목형상점가,광주광역시,,,
f64f5a6ea7e10c66bbae,full_annotation_v1,A,q_운동_02,헬스장,문화·여가 중 '운동'을 판매·제공하는 매장,val,운동,T1 정확표기,1ba7f986-6c90-4064-947e-be6d0328a9ff,바른휘트니스,헬스장,송촌동상점가,자율상권구역,대전광역시,,,
cad7d53a09e1a9fd413b,full_annotation_v1,A,q_운동_02,헬스장,문화·여가 중 '운동'을 판매·제공하는 매장,val,운동,T1 정확표기,6d73f137-53fe-45f9-8ddd-eb1d99f6a3f1,현스짐,헬스장,매봉 골목형상점가,골목형상점가,광주광역시,,,
096ace0a3ef4fb448ec2,full_annotation_v1,A,q_운동_02,헬스장,문화·여가 중 '운동'을 판매·제공하는 매장,val,운동,T1 정확표기,645a2093-229e-4f4c-b533-d6a1d16156ab,대지유통,"도소매(축산물, 식육 및 부산물)",마장축산물시장,전통시장,서울특별시,,,
6eda1d71890c42d8ed11,full_annotation_v1,A,q_운동_02,헬스장,문화·여가 중 '운동'을 판매·제공하는 매장,val,운동,T1 정확표기,ada66beb-0a38-4c3b-9243-a7fa8d5dd2fb,윤가네 솥밥집,한식,메트로프라자,일반지하상점가,대구광역시,,,
c1600a726775e1ee133f,full_annotation_v1,A,q_운동_02,헬스장,문화·여가 중 '운동'을 판매·제공하는 매장,val,운동,T1 정확표기,00158f51-4d3a-4ac0-9e38-b37552f5e097,지지배,의류,나주금빛상점가,자율상권구역,전라남도,,,
d7a24e0289b7e54813c7,full_annotation_v1,A,q_운동_02,헬스장,문화·여가 중 '운동'을 판매·제공하는 매장,val,운동,T1 정확표기,074ab624-d672-4af0-aefa-1e755549e6df,헬스클럽굿라이프,헬스장,엄사 골목형상점가,골목형상점가,충청남도,,,
60f4eee852c5143609f0,full_annotation_v1,A,q_운동_02,헬스장,문화·여가 중 '운동'을 판매·제공하는 매장,val,운동,T1 정확표기,003adf4b-eb63-4fd3-92d3-e139c6f1c22d,새롬필라테스,필라테스,새롬동 골목형상점가,골목형상점가,세종특별자치시,,,
785d31d546757ba5eee1,full_annotation_v1,A,q_운동_02,헬스장,문화·여가 중 '운동'을 판매·제공하는 매장,val,운동,T1 정확표기,08bf522e-2d12-4ba2-95aa-344e372f90d7,수지패션,운동용품,원조낙지골목상점가,자율상권구역,전라남도,,,
7767ea2baa9a730bb956,full_annotation_v1,A,q_운동_02,헬스장,문화·여가 중 '운동'을 판매·제공하는 매장,val,운동,T1 정확표기,073b6728-4270-4ed1-a901-a680d4cf10d0,GYM212,헬스장,신대지구상가,자율상권구역,전라남도,,,
e3e8f1ab9a85c46471b1,full_annotation_v1,A,q_운동_02,헬스장,문화·여가 중 '운동'을 판매·제공하는 매장,val,운동,T1 정확표기,0214eb76-f204-4d4f-9645-f0444d2c5f33,베이글짐,헬스장,도담동 골목형상점가,골목형상점가,세종특별자치시,,,
161f716029daf4e96e70,full_annotation_v1,A,q_운동_02,헬스장,문화·여가 중 '운동'을 판매·제공하는 매장,val,운동,T1 정확표기,d472d3a3-37fc-45ec-96bf-2749138b839c,킹콩피트니스,헬스장,동울산종합시장,전통시장,울산광역시,,,
042faf1fd602e74a71e3,full_annotation_v1,A,q_운동_02,헬스장,문화·여가 중 '운동'을 판매·제공하는 매장,val,운동,T1 정확표기,0a7de62f-b294-412c-b700-0642397eca30,다이나핏 김포장기점,"스포츠 의류, 용품",김포장기패션아울렛,골목형상점가,경기도,,,
6a1fab2d12b8f6bc993a,full_annotation_v1,A,q_운동_02,헬스장,문화·여가 중 '운동'을 판매·제공하는 매장,val,운동,T1 정확표기,64c6105b-6bda-4f90-b68a-155ddf4a4bbd,쓰리짐,헬스장,뚝섬역상점가(서울숲상원길상점가),자율상권구역,서울특별시,,,
5b8091c6ba4f39e25c99,full_annotation_v1,A,q_운동_02,헬스장,문화·여가 중 '운동'을 판매·제공하는 매장,val,운동,T1 정확표기,00124602-ef4e-472c-91ee-de53b28d7530,화이트,의류,울산번개시장,전통시장,울산광역시,,,
1274b3c939e4b6e0a936,full_annotation_v1,A,q_운동_02,헬스장,문화·여가 중 '운동'을 판매·제공하는 매장,val,운동,T1 정확표기,892ca5ad-3667-4565-b7a7-dee0ab779660,제일떡방아간,가래떡외,영등포양평시장,기타,서울특별시,,,
88e5063dd7319924e332,full_annotation_v1,A,q_운동_02,헬스장,문화·여가 중 '운동'을 판매·제공하는 매장,val,운동,T1 정확표기,0151b1ea-e648-438b-83b0-efcf6f387e9b,크로스핏 터,운동 서비스,열매 골목형상점가,골목형상점가,대전광역시,,,
00257e6ecf5867f1cd42,full_annotation_v1,A,q_운동_02,헬스장,문화·여가 중 '운동'을 판매·제공하는 매장,val,운동,T1 정확표기,5287d2f8-f8ba-4ef2-bf01-b7b40dc7079b,바운스짐,헬스장,신효천 골목형상점가,골목형상점가,광주광역시,,,
bdd94d2c40fa7ad3f7bb,full_annotation_v1,A,q_운동_02,헬스장,문화·여가 중 '운동'을 판매·제공하는 매장,val,운동,T1 정확표기,00a27d0e-2216-4ff5-94fe-7acd76db3da3,짐자반 헬스 PT 하남시청역점,"헬스장 회원권, 개인레슨",덕풍전통시장,전통시장,경기도,,,
b786c391417da9c96d12,full_annotation_v1,A,q_운동_02,헬스장,문화·여가 중 '운동'을 판매·제공하는 매장,val,운동,T1 정확표기,96039bc5-0e17-40f4-b777-d360ee4aa50b,태양농산,생선,청주사창시장,전통시장,충청북도,,,
1e7108decb1c35b32380,full_annotation_v1,A,q_운동_02,헬스장,문화·여가 중 '운동'을 판매·제공하는 매장,val,운동,T1 정확표기,0041f699-c619-48b9-b3a9-814af9905c66,GB트레이닝센터,운동,일곡동(제5지역:제1근린공원 건너편),골목형상점가,광주광역시,,,
eeacd9392ae3318fbc5a,full_annotation_v1,A,q_운동_02,헬스장,문화·여가 중 '운동'을 판매·제공하는 매장,val,운동,T1 정확표기,52000187-df11-4f6d-8a55-8cd7a874c918,명성기름,가공식품,속초중앙전통시장,전통시장,강원특별자치도,,,
9934cca94a11026a2e88,full_annotation_v1,A,q_운동_02,헬스장,문화·여가 중 '운동'을 판매·제공하는 매장,val,운동,T1 정확표기,51bf2f66-f5e9-47d3-9578-3ebf8ecabb5f,투투GYM,헬스장,화산로31번길 골목형상점가,골목형상점가,광주광역시,,,
5c9a6b604d0bfbfcfc83,full_annotation_v1,A,q_운동_02,헬스장,문화·여가 중 '운동'을 판매·제공하는 매장,val,운동,T1 정확표기,25b493da-208f-47d2-a648-0b1eae68ddbb,(주)장돌헬스,헬스장,대연219 골목형상점가,골목형상점가,부산광역시,,,
b1be30cf699787a9f2e6,full_annotation_v1,A,q_운동_02,헬스장,문화·여가 중 '운동'을 판매·제공하는 매장,val,운동,T1 정확표기,02afd03f-1610-49f8-8e3d-e8dc8df6c0bc,노벨짐후평점,헬스장,인공폭포상가,자율상권구역,강원특별자치도,,,
b9c5f417391329b358d6,full_annotation_v1,A,q_운동_02,헬스장,문화·여가 중 '운동'을 판매·제공하는 매장,val,운동,T1 정확표기,1d6a614a-f027-4b4b-9d78-830a9a3436e6,내몸에반하다,헬스장,풍암순환로상인회 골목형상점가,골목형상점가,광주광역시,,,
a64eba80c93cb20de5a3,full_annotation_v1,A,q_운동_02,헬스장,문화·여가 중 '운동'을 판매·제공하는 매장,val,운동,T1 정확표기,a151d33f-690f-43ab-b351-64fc0d0823db,스타짐,헬스장,화곡중앙시장,전통시장,서울특별시,,,
639e48c2b936b59b7da3,full_annotation_v1,A,q_운동_02,헬스장,문화·여가 중 '운동'을 판매·제공하는 매장,val,운동,T1 정확표기,212fedd4-b260-437e-a514-f03a1684e65e,원핏휘트니스,헬스장,신창부영 골목형상점가,골목형상점가,광주광역시,,,
efe73631e05abcef8666,full_annotation_v1,A,q_운동_02,헬스장,문화·여가 중 '운동'을 판매·제공하는 매장,val,운동,T1 정확표기,b4f979c5-4f1e-4697-8977-6238d65f450a,비타민휘트니스센터,헬스장,선부광장로상점가,자율상권구역,경기도,,,
392d5a066acb349720de,full_annotation_v1,A,q_운동_02,헬스장,문화·여가 중 '운동'을 판매·제공하는 매장,val,운동,T1 정확표기,07466d2d-51a2-4c17-8dcf-1af1bfb6f868,금강랜드로바 원주점,운동화가죽신발등산용품,원주중앙로문화의거리,자율상권구역,강원특별자치도,,,
a3d47320f4beacf0a0f9,full_annotation_v1,A,q_운동_02,헬스장,문화·여가 중 '운동'을 판매·제공하는 매장,val,운동,T1 정확표기,8cac8c43-49c7-4d91-b51f-f9a730630a46,함마짐,헬스장,두정동상점가,자율상권구역,충청남도,,,
6575394e29645aa934fe,full_annotation_v1,A,q_운동_02,헬스장,문화·여가 중 '운동'을 판매·제공하는 매장,val,운동,T1 정확표기,0da606f9-b2a7-4c78-bbe7-f17d6bb4c55d,장흥,한식,상무백운상인회 골목형상점가,골목형상점가,광주광역시,,,
b30cc2bca2042501efef,full_annotation_v1,A,q_운동_02,헬스장,문화·여가 중 '운동'을 판매·제공하는 매장,val,운동,T1 정확표기,10fdb2a6-75ae-42a1-b5dc-6fac1bb8b49a,길라잡이체육관,헬스장,가재마을 골목형상점가,골목형상점가,세종특별자치시,,,
b4690f0039554f77e846,full_annotation_v1,A,q_운동_02,헬스장,문화·여가 중 '운동'을 판매·제공하는 매장,val,운동,T1 정확표기,9ebd7ffe-692e-451d-8e11-f588fe436083,탑휘트니스,헬스장,상암마을상인회 골목형상점가,골목형상점가,광주광역시,,,
d0f37076d74c896a7e32,full_annotation_v1,A,q_운동_02,헬스장,문화·여가 중 '운동'을 판매·제공하는 매장,val,운동,T1 정확표기,36f4d9e2-889a-4168-b518-51e2ddf773df,킴스휘트니스클리닉,피트니스,아름동상점가,자율상권구역,세종특별자치시,,,
a763cfb76b8bc1482c2e,full_annotation_v1,A,q_운동_02,헬스장,문화·여가 중 '운동'을 판매·제공하는 매장,val,운동,T1 정확표기,6b1f3c82-f733-40c4-b0d8-e9fb6f5dedb6,메고지고떡장고 울산송정동점,"떡, 디저트류",송정청춘 골목형상점가,골목형상점가,울산광역시,,,
588cac4f06a91f739955,full_annotation_v1,A,q_운동_02,헬스장,문화·여가 중 '운동'을 판매·제공하는 매장,val,운동,T1 정확표기,28e7d699-65b0-457b-a4ec-5bb0c9a7eecb,피지컬짐,헬스장,혁신도시5구역골목형상점가,골목형상점가,강원특별자치도,,,
d14a05d07fbdb06788f2,full_annotation_v1,A,q_운동_02,헬스장,문화·여가 중 '운동'을 판매·제공하는 매장,val,운동,T1 정확표기,e2c730c7-32ae-4969-9315-97072a65a509,더퀴니,의류소매,속초중앙전통시장,전통시장,강원특별자치도,,,
2083a6c8271f3bf26968,full_annotation_v1,A,q_운동_02,헬스장,문화·여가 중 '운동'을 판매·제공하는 매장,val,운동,T1 정확표기,35f62c74-3304-4a6c-a21f-28b253239019,하이무브 피트니스,피트니스 센터,산본로데오거리(구 산본중심상가),자율상권구역,경기도,,,
c5af22f44ed9e7ea3630,full_annotation_v1,A,q_운동_02,헬스장,문화·여가 중 '운동'을 판매·제공하는 매장,val,운동,T1 정확표기,eb59f390-37b0-4bfc-9917-aa2a909ba775,비비드짐,헬스장,호매실역중심상가 골목형상점가,골목형상점가,경기도,,,
2c50cc994ec35013b473,full_annotation_v1,A,q_운동_02,헬스장,문화·여가 중 '운동'을 판매·제공하는 매장,val,운동,T1 정확표기,5b15e88f-ac9f-4206-a411-263a2543f5db,베가짐,헬스장,전주중산공원 골목형상점가,골목형상점가,전북특별자치도,,,
ddfbd6054d8b4a5a4a07,full_annotation_v1,A,q_운동_02,헬스장,문화·여가 중 '운동'을 판매·제공하는 매장,val,운동,T1 정확표기,93705db9-8401-4488-a4d7-1e98f0ef0b57,망태짐,헬스장,안산패션타운전통시장,전통시장,경기도,,,
b1b617f63226927f752a,full_annotation_v1,A,q_운동_02,헬스장,문화·여가 중 '운동'을 판매·제공하는 매장,val,운동,T1 정확표기,03c2ebde-8fba-4952-abd9-b9f2a567c819,짐스퀘어,헬스장,신창동일번국도가구의거리 골목형상점가,골목형상점가,광주광역시,,,
d20fdc8237869a70de1e,full_annotation_v1,A,q_운동_02,헬스장,문화·여가 중 '운동'을 판매·제공하는 매장,val,운동,T1 정확표기,07d89ce7-de40-4795-a10b-414cc1e269ef,매곡 천부경 명상센터,"명상수련, 요가",매곡동 골목형상점가,골목형상점가,광주광역시,,,
41fb5fb2d9ebd443efa5,full_annotation_v1,A,q_운동_02,헬스장,문화·여가 중 '운동'을 판매·제공하는 매장,val,운동,T1 정확표기,06f75bcb-8c04-46f9-9315-b56a3f1d7a63,스윙&플라멩고,운동복,대현프리몰 대구점,일반지하상점가,대구광역시,,,
a0d3e9fcd8915134baae,full_annotation_v1,A,q_운동_02,헬스장,문화·여가 중 '운동'을 판매·제공하는 매장,val,운동,T1 정확표기,040428ab-1a04-452f-8b35-c7c3c993cad8,누아요가,요가,현대센트럴스퀘어,골목형상점가,경기도,,,
b446dfe42fd2dd9a68ef,full_annotation_v1,A,q_운동_02,헬스장,문화·여가 중 '운동'을 판매·제공하는 매장,val,운동,T1 정확표기,af0be4e3-7515-4b1d-b830-d7d9a8213af3,정왕헬스,헬스장,정왕시장,전통시장,경기도,,,
2542a7487f9bb5b85da9,full_annotation_v1,A,q_운동_02,헬스장,문화·여가 중 '운동'을 판매·제공하는 매장,val,운동,T1 정확표기,5363b9b0-bdef-4975-9fcf-06d122655da9,영스짐,헬스장,소사벌 골목형상점가,골목형상점가,경기도,,,
4cad08a936cfc1c450ee,full_annotation_v1,A,q_운동_02,헬스장,문화·여가 중 '운동'을 판매·제공하는 매장,val,운동,T1 정확표기,93dec04d-6fdb-4162-9e82-0d5763caafc4,베네핏,헬스장,용해동 포미타운 골목형상점가,골목형상점가,전라남도,,,
ca0f0dc4f4e21f997845,full_annotation_v1,A,q_운동_02,헬스장,문화·여가 중 '운동'을 판매·제공하는 매장,val,운동,T1 정확표기,b85ad62f-dabc-40c2-a50f-971fbc65525f,킹스짐,헬스장,상무중앙로46구역상인회 골목형상점가,골목형상점가,광주광역시,,,
d5a1e7d5d5830eedfade,full_annotation_v1,A,q_운동_02,헬스장,문화·여가 중 '운동'을 판매·제공하는 매장,val,운동,T1 정확표기,7c56683c-0cd0-45ce-8f74-0dbdc5b3003f,글램핏,헬스장,효천로 골목형상점가,골목형상점가,광주광역시,,,
f940cb259d0d620e26a5,full_annotation_v1,A,q_운동_02,헬스장,문화·여가 중 '운동'을 판매·제공하는 매장,val,운동,T1 정확표기,008fbd3f-35b4-431f-8ba5-fc8bcfe4bf83,제이에스피트니스,헬스,동림1 골목형상점가,골목형상점가,광주광역시,,,
81df5ea2942d3192661b,full_annotation_v1,A,q_운동_02,헬스장,문화·여가 중 '운동'을 판매·제공하는 매장,val,운동,T1 정확표기,21bfd845-8c16-4b67-809f-81a3833826c0,케이폴앤댄스,피트니스,남양역골로상점가,골목형상점가,경기도,,,
62303bd595dde0294580,full_annotation_v1,A,q_운동_02,헬스장,문화·여가 중 '운동'을 판매·제공하는 매장,val,운동,T1 정확표기,0d022b68-2b56-4c6d-83e4-75bbb0250b7c,마베스포,헬스장,효천2지구 골목형상점가,골목형상점가,광주광역시,,,
a4611eac1ab0134aad01,full_annotation_v1,A,q_운동_02,헬스장,문화·여가 중 '운동'을 판매·제공하는 매장,val,운동,T1 정확표기,e1ac4db5-4603-4b41-8625-a80a6a4c9151,다짐휘트니스,헬스장,금화상인회 골목형상점가,골목형상점가,광주광역시,,,
7e5891804f59b0331410,full_annotation_v1,A,q_운동_02,헬스장,문화·여가 중 '운동'을 판매·제공하는 매장,val,운동,T1 정확표기,eb3a0bf2-1e92-42bd-a3f1-1b405eae1240,광주실내크리닝 에바크리닝 유리복원 DP카케어,"실내크리닝, 카케어",상무중앙공원상인회 골목형상점가,골목형상점가,광주광역시,,,
1372f064c80cb0d61d46,full_annotation_v1,A,q_운동_02,헬스장,문화·여가 중 '운동'을 판매·제공하는 매장,val,운동,T1 정확표기,cf124091-833c-4e80-b342-a6c29fe44082,바디앤짐,헬스장,성대전통시장,전통시장,서울특별시,,,
1ea9e48002e62d5d9698,full_annotation_v1,A,q_운동_02,헬스장,문화·여가 중 '운동'을 판매·제공하는 매장,val,운동,T1 정확표기,57645c5a-23b7-4d44-8f29-86f9ba797c98,마이그짐,헬스장,둔전골목형상점가,골목형상점가,경기도,,,
db2b4006b6d17defa66a,full_annotation_v1,A,q_운동_02,헬스장,문화·여가 중 '운동'을 판매·제공하는 매장,val,운동,T1 정확표기,8abc8c69-f4e1-407c-8966-a06bb0cfcf36,머슬메모리,헬스장,반드레길골목형상점가,골목형상점가,서울특별시,,,
9f4f524454ddacf00f3b,full_annotation_v1,A,q_운동_02,헬스장,문화·여가 중 '운동'을 판매·제공하는 매장,val,운동,T1 정확표기,95247b15-da36-4850-8a04-a195a3d9b73c,디데이핏,헬스장,운수대통 골목형상점가,골목형상점가,광주광역시,,,
66256355abd86945fea9,full_annotation_v1,A,q_운동_02,헬스장,문화·여가 중 '운동'을 판매·제공하는 매장,val,운동,T1 정확표기,00054f1d-4cae-4345-9975-1423bc49e4dc,착한아이들,의류,중앙전통시장,전통시장,울산광역시,,,
940e05a5d7700bfa70f5,full_annotation_v1,A,q_운동_02,헬스장,문화·여가 중 '운동'을 판매·제공하는 매장,val,운동,T1 정확표기,09815d92-d0f0-4c87-b4fa-1194f86c53c0,유성프로스펙스,"스포츠의류, 용품",장대동패션상가 골목형상점가,골목형상점가,대전광역시,,,
cbd349354ebf21b5f011,full_annotation_v1,A,q_운동_02,헬스장,문화·여가 중 '운동'을 판매·제공하는 매장,val,운동,T1 정확표기,2809c6da-d632-4997-a7ac-e413db039e23,이게짐,헬스장,반곡동 골목형상점가,골목형상점가,세종특별자치시,,,
07db059a8cfb87eb5a01,full_annotation_v1,A,q_운동_02,헬스장,문화·여가 중 '운동'을 판매·제공하는 매장,val,운동,T1 정확표기,33145702-7139-4ae1-9b39-4a88c7f9ebed,대광골드,귀금속,"온양온천시장(온양재래시장, 전통시장)",전통시장,충청남도,,,
26bf0f13cbb17778d76f,full_annotation_v1,A,q_운동_02,헬스장,문화·여가 중 '운동'을 판매·제공하는 매장,val,운동,T1 정확표기,c69a4ab0-bd25-4463-a3b9-131f29d94287,헬스스타짐 구서점,헬스장,구서오시게시장,전통시장,부산광역시,,,
e833abbd214d801a60b3,full_annotation_v1,A,q_운동_02,헬스장,문화·여가 중 '운동'을 판매·제공하는 매장,val,운동,T1 정확표기,db53e9d1-551a-49c7-9652-6174e6ef0ac5,뉴스타휘트니스,헬스장,중앙로 백운1동 골목형상점가,골목형상점가,광주광역시,,,
8b9aab6b9055b32a7f28,full_annotation_v1,A,q_운동_02,헬스장,문화·여가 중 '운동'을 판매·제공하는 매장,val,운동,T1 정확표기,48ec2024-ee31-4ae0-bb8f-2126c5bfaa61,하다피트니스,피트니스,과천새서울프라자시장,전통시장,경기도,,,
d4731fdaa5d49af6f7f7,full_annotation_v1,A,q_운동_02,헬스장,문화·여가 중 '운동'을 판매·제공하는 매장,val,운동,T1 정확표기,a1570a46-6991-4ffd-9812-bcbac43742da,어뉴피트니스,헬스장,효행구봉담상점가,골목형상점가,경기도,,,
a1c4f89cd75ab08e1914,full_annotation_v1,A,q_운동_02,헬스장,문화·여가 중 '운동'을 판매·제공하는 매장,val,운동,T1 정확표기,01a5e178-ba34-4e15-ac4d-07a398900593,가자점핑다이어트클럽,"점핑, 요가",문흥2동 골목형상점가,골목형상점가,광주광역시,,,
6d2fac57104df96c642f,full_annotation_v1,A,q_운동_02,헬스장,문화·여가 중 '운동'을 판매·제공하는 매장,val,운동,T1 정확표기,820c4f5c-ff0f-43a3-919c-547058041634,진플라워,생화,부산자유시장,전통시장,부산광역시,,,
1699df2151f8469ce080,full_annotation_v1,A,q_운동_02,헬스장,문화·여가 중 '운동'을 판매·제공하는 매장,val,운동,T1 정확표기,033d99e2-0579-45d7-9d48-d999b90dd98a,M필라테스&요가,"필라테스, 요가",조종시장,전통시장,경기도,,,
2a4306a889853e304625,full_annotation_v1,A,q_운동_02,헬스장,문화·여가 중 '운동'을 판매·제공하는 매장,val,운동,T1 정확표기,a6a4c671-77de-4540-a173-08c2d2e34022,올타임휘트니스,헬스장,연제초 앞 골목형상점가,골목형상점가,광주광역시,,,
455bf973b63846c9342c,full_annotation_v1,A,q_운동_02,헬스장,문화·여가 중 '운동'을 판매·제공하는 매장,val,운동,T1 정확표기,018b2dd0-5613-482c-b714-e30dcfa584fd,씨엘 필라테스 안산고잔점,필라테스,도리섬상점가,자율상권구역,경기도,,,
59d76f341f25144b87d8,full_annotation_v1,A,q_운동_02,헬스장,문화·여가 중 '운동'을 판매·제공하는 매장,val,운동,T1 정확표기,34da46aa-90ff-4f7a-9534-98fef9476914,시원상회,채소,서면종합시장,전통시장,부산광역시,,,
3ca703ef378c1db914c5,full_annotation_v1,A,q_운동_02,헬스장,문화·여가 중 '운동'을 판매·제공하는 매장,val,운동,T1 정확표기,06a9d0d7-98d4-46de-ba60-78844e443b35,올나잇 피트니스 주식회사,피트니스,부평테마의거리 골목형 상점가,골목형상점가,인천광역시,,,
08ec198aaee0960928c2,full_annotation_v1,A,q_운동_02,헬스장,문화·여가 중 '운동'을 판매·제공하는 매장,val,운동,T1 정확표기,00c4a045-8aa5-4995-8313-806b7fcab6ff,남스짐천왕점 헬스PT,,천왕마을 골목형상점가,골목형상점가,서울특별시,,,
28b10fe00b4fe1b7d37c,full_annotation_v1,A,q_운동_02,헬스장,문화·여가 중 '운동'을 판매·제공하는 매장,val,운동,T1 정확표기,172961ca-0c85-4246-a5bc-a63d7cadc829,브릭스짐,헬스장,나주혁신도시 골목형상점가,골목형상점가,전라남도,,,
f4037bbad6ca6b2126fd,full_annotation_v1,A,q_운동_02,헬스장,문화·여가 중 '운동'을 판매·제공하는 매장,val,운동,T1 정확표기,ab046750-9e02-4b1b-be26-0d45aecd174f,빔스짐,헬스장,구영로 골목형상점가,골목형상점가,울산광역시,,,
339de631e7e5805f10fa,full_annotation_v1,A,q_운동_02,헬스장,문화·여가 중 '운동'을 판매·제공하는 매장,val,운동,T1 정확표기,0080a859-c5d8-4b43-b14c-d5eb844118a0,헬스맨헬스걸,헬스장,비래동골목형상점가,골목형상점가,대전광역시,,,
cba6a8bac937cd764b55,full_annotation_v1,A,q_운동_02,헬스장,문화·여가 중 '운동'을 판매·제공하는 매장,val,운동,T1 정확표기,9dac3be2-407e-4e63-9798-3ef1c972d0e0,더문짐,헬스장,문정동로데오상점가,자율상권구역,서울특별시,,,
22c848388e4f9811eb52,full_annotation_v1,A,q_운동_02,헬스장,문화·여가 중 '운동'을 판매·제공하는 매장,val,운동,T1 정확표기,00f8d2a4-8e38-485b-a09e-280a1aa0c326,라인엑스피티스튜디오,"헬스, PT",수지성복플러스 골목형상점가,골목형상점가,경기도,,,
161dd81853617a36c434,full_annotation_v1,A,q_운동_02,헬스장,문화·여가 중 '운동'을 판매·제공하는 매장,val,운동,T1 정확표기,08de408a-f260-4467-b375-768cbd50e14d,본소마메드짐 재활운동&PT,운동,용강동상점가,자율상권구역,서울특별시,,,
80f27cb4ced9866a9c5b,full_annotation_v1,A,q_운동_02,헬스장,문화·여가 중 '운동'을 판매·제공하는 매장,val,운동,T1 정확표기,2f27606a-3445-43db-bb94-bffc58d4c939,더프로짐,헬스장,둔산2동 골목형상점가,골목형상점가,대전광역시,,,
0d101d9d90d0cfb9cd70,full_annotation_v1,A,q_운동_02,헬스장,문화·여가 중 '운동'을 판매·제공하는 매장,val,운동,T1 정확표기,98ba58a4-61a5-4768-a36e-e1cbd2f82d45,랙피트니스,헬스장,진해 군항상권활성화구역,상권활성화구역,경상남도,,,
efc4c5e6f58affbabe9f,full_annotation_v1,A,q_운동_02,헬스장,문화·여가 중 '운동'을 판매·제공하는 매장,val,운동,T1 정확표기,ce900d2d-3d70-4a0c-90a1-f0a40d9e83b2,바다이야기,기타,동래시장,전통시장,부산광역시,,,
119f18eaff50e563afa3,full_annotation_v1,A,q_운동_02,헬스장,문화·여가 중 '운동'을 판매·제공하는 매장,val,운동,T1 정확표기,74f3d2f5-3680-454f-8995-c7bea35b6c4b,멕시카나 치킨 다사점,치킨,매곡 골목형상점가,골목형상점가,대구광역시,,,
dc0c8985761385fa4933,full_annotation_v1,A,q_운동_02,헬스장,문화·여가 중 '운동'을 판매·제공하는 매장,val,운동,T1 정확표기,1b4dce18-d5c1-4c8c-b9d2-fca5df0d9bbc,만들짐,헬스장,예술광장로상점가,자율상권구역,경기도,,,
88e2ccf2f99f3d2b2ebd,full_annotation_v1,A,q_운동_02,헬스장,문화·여가 중 '운동'을 판매·제공하는 매장,val,운동,T1 정확표기,000a92b3-0b5e-429e-af00-f86e3570e24b,클로버,의류,관문상가시장,전통시장,대구광역시,,,
8091fb0645c367265d37,full_annotation_v1,A,q_운동_02,헬스장,문화·여가 중 '운동'을 판매·제공하는 매장,val,운동,T1 정확표기,901450a0-4210-4d21-a0fa-a156f4b5fa07,청솔로9 동대구역점,커피,동터 골목형상점가,골목형상점가,대구광역시,,,
bea4f657abd4baef67cb,full_annotation_v1,A,q_운동_02,헬스장,문화·여가 중 '운동'을 판매·제공하는 매장,val,운동,T1 정확표기,ed2510fd-25e6-4664-9693-c4387003c8f4,재일짐,헬스장,구성언남 골목형상점가,골목형상점가,경기도,,,
50fb9622b592d3646980,full_annotation_v1,A,q_운동_02,헬스장,문화·여가 중 '운동'을 판매·제공하는 매장,val,운동,T1 정확표기,aabc4973-28a9-48a1-822b-091bc24e0704,그린,"도소매(인테리어소품,잡화)",고투몰(강남터미널지하도상점가),일반지하상점가,서울특별시,,,
3dc62797b21ae2b80084,full_annotation_v1,A,q_운동_02,헬스장,문화·여가 중 '운동'을 판매·제공하는 매장,val,운동,T1 정확표기,020180c1-e676-4f99-84db-9b56504222f2,아름드리 필라테스&PT,필라테스요가바레필라테스,아름드리 골목형상점가,골목형상점가,세종특별자치시,,,
50b5d110a7c1a4f8ea7d,full_annotation_v1,A,q_운동_02,헬스장,문화·여가 중 '운동'을 판매·제공하는 매장,val,운동,T1 정확표기,00172c94-61f0-4197-afeb-d7e8187c79b5,옷이예쁘다,의류,메트로센터(반월당지하쇼핑),일반지하상점가,대구광역시,,,
2b7950d7c58a9e6bff66,full_annotation_v1,A,q_운동_02,헬스장,문화·여가 중 '운동'을 판매·제공하는 매장,val,운동,T1 정확표기,7a304117-b41c-4dba-b89b-2c92e30494b5,준초이짐,헬스장,병무청인근 골목형상점가,골목형상점가,광주광역시,,,
4d1b4a8d36e5fcf60b05,full_annotation_v1,A,q_운동_02,헬스장,문화·여가 중 '운동'을 판매·제공하는 매장,val,운동,T1 정확표기,5de85a90-09e9-48cb-a893-e5f822667d43,숄더짐,헬스장,사리골상점가,자율상권구역,경기도,,,
256964d58885eaae4f97,full_annotation_v1,A,q_운동_02,헬스장,문화·여가 중 '운동'을 판매·제공하는 매장,val,운동,T1 정확표기,00a3eb8f-b86a-4b8c-933c-ffaee551fdba,신시아 필라테스,필라테스 센터,겸재한신길 골목형상점가,골목형상점가,서울특별시,,,
e8f51c72b1fb8c16cf9c,full_annotation_v1,A,q_운동_02,헬스장,문화·여가 중 '운동'을 판매·제공하는 매장,val,운동,T1 정확표기,9e877376-32a7-477e-bb7c-caf62a2d9d77,어썸바디휘트니스,헬스장,예술광장로상점가,자율상권구역,경기도,,,
af27ccd1e8a6a532140a,full_annotation_v1,A,q_운동_02,헬스장,문화·여가 중 '운동'을 판매·제공하는 매장,val,운동,T1 정확표기,377a1822-9e1b-4458-a1aa-11a43e3e035a,핏앤핏PT,헬스장,소담마실길 골목형상점가,골목형상점가,세종특별자치시,,,
34f56cbe9287a94a40df,full_annotation_v1,A,q_운동_03,요가,문화·여가 중 '운동'을 판매·제공하는 매장,val,운동,T2 동의어,6dbf7a40-9fa5-4da8-b4b3-2c237e73fb6d,만다린요가랩,요가,빛가람 상리단길 골목형상점가,골목형상점가,전라남도,,,
765aac7e5a4c1bb3ed4a,full_annotation_v1,A,q_운동_03,요가,문화·여가 중 '운동'을 판매·제공하는 매장,val,운동,T2 동의어,62246bce-5e8e-42ff-b069-1a3ec58367fd,크라운핏,,군산대 대학로 골목형상점가,골목형상점가,전북특별자치도,,,
a2b30e862860498f9b22,full_annotation_v1,A,q_운동_03,요가,문화·여가 중 '운동'을 판매·제공하는 매장,val,운동,T2 동의어,5bc7ccbc-522c-463f-ac14-653f44cc876f,원하다 필라테스 요가,필라테스 요가,신안교 골목형상점가,골목형상점가,광주광역시,,,
f1f75c66608114535660,full_annotation_v1,A,q_운동_03,요가,문화·여가 중 '운동'을 판매·제공하는 매장,val,운동,T2 동의어,1fc93a71-776b-4b87-b94d-18528f2e13fd,보너스요가,요가,산본로데오거리(구 산본중심상가),자율상권구역,경기도,,,
5b6c6bb9dd6daed2e956,full_annotation_v1,A,q_운동_03,요가,문화·여가 중 '운동'을 판매·제공하는 매장,val,운동,T2 동의어,10a553aa-5d04-4175-a28d-715478b82090,요가피안,요가,상암동상점가,자율상권구역,서울특별시,,,
6273603d0aeb8f257b47,full_annotation_v1,A,q_운동_03,요가,문화·여가 중 '운동'을 판매·제공하는 매장,val,운동,T2 동의어,dc4623db-5120-404c-a915-dff7fc643780,아이비요가,요가,(예천)새움로 골목형상점가,골목형상점가,경상북도,,,
4927292c5e1ed14ff263,full_annotation_v1,A,q_운동_03,요가,문화·여가 중 '운동'을 판매·제공하는 매장,val,운동,T2 동의어,0e515135-ded1-47b3-a823-55812b070480,나나요가,요가,계림2동발전 골목형상점가,골목형상점가,광주광역시,,,
dbe5926a3a0c07ab9bb4,full_annotation_v1,A,q_운동_03,요가,문화·여가 중 '운동'을 판매·제공하는 매장,val,운동,T2 동의어,48d1b9b3-7fc7-4a6e-88e8-eb339af18909,이니스프리 제주점,,제주중앙지하상가,일반지하상점가,제주특별자치도,,,
7d0364e28c9ee5597904,full_annotation_v1,A,q_운동_03,요가,문화·여가 중 '운동'을 판매·제공하는 매장,val,운동,T2 동의어,51ac3c27-decc-432a-bcad-e56f5f47096d,플레이트랩&요가,요가,나성BRT 골목형상점가,골목형상점가,세종특별자치시,,,
4af52b557717c480417b,full_annotation_v1,A,q_운동_03,요가,문화·여가 중 '운동'을 판매·제공하는 매장,val,운동,T2 동의어,07466d2d-51a2-4c17-8dcf-1af1bfb6f868,금강랜드로바 원주점,운동화가죽신발등산용품,원주중앙로문화의거리,자율상권구역,강원특별자치도,,,
c8be06b8d1360ead8483,full_annotation_v1,A,q_운동_03,요가,문화·여가 중 '운동'을 판매·제공하는 매장,val,운동,T2 동의어,ab70e716-5732-42f4-9cd8-0c0672093c66,함지박(주),과자,청양전통시장(구 청양상설시장),전통시장,충청남도,,,
a97eb43bf957249a08f2,full_annotation_v1,A,q_운동_03,요가,문화·여가 중 '운동'을 판매·제공하는 매장,val,운동,T2 동의어,010b7a6c-330f-4102-b3bd-670c2a603b65,강원청과,,올레별빛거리 상점가,골목형상점가,제주특별자치도,,,
9a4a37278e41d0aa3aab,full_annotation_v1,A,q_운동_03,요가,문화·여가 중 '운동'을 판매·제공하는 매장,val,운동,T2 동의어,00124602-ef4e-472c-91ee-de53b28d7530,화이트,의류,울산번개시장,전통시장,울산광역시,,,
a178ec14d2f6b19deeb1,full_annotation_v1,A,q_운동_03,요가,문화·여가 중 '운동'을 판매·제공하는 매장,val,운동,T2 동의어,ca4acbcf-96b7-4afa-847f-c9d1126ef8a9,워너핏뷰티요가,요가,화랑대골목형상점가,골목형상점가,서울특별시,,,
826a4017dc8716f3cc81,full_annotation_v1,A,q_운동_03,요가,문화·여가 중 '운동'을 판매·제공하는 매장,val,운동,T2 동의어,e2590e51-88a7-4859-8100-caf67b03f8ed,시나브로요가,요가,동화동골목형상가,골목형상점가,서울특별시,,,
c0a75371d31e5f546f93,full_annotation_v1,A,q_운동_03,요가,문화·여가 중 '운동'을 판매·제공하는 매장,val,운동,T2 동의어,7c819f2c-8132-45f5-bc6d-f1dce37e9985,요가라이프,요가,아름동상점가,자율상권구역,세종특별자치시,,,
47666c9463e77d0953b6,full_annotation_v1,A,q_운동_03,요가,문화·여가 중 '운동'을 판매·제공하는 매장,val,운동,T2 동의어,3df5cfe7-17e5-4b1e-b13b-c9ba41a1dc57,메디요가,요가,순천원도심상점가,자율상권구역,전라남도,,,
f2ce673d48fb99d05898,full_annotation_v1,A,q_운동_03,요가,문화·여가 중 '운동'을 판매·제공하는 매장,val,운동,T2 동의어,facab45d-2684-4355-9464-e945b6a875f6,태양당한약,한약재,정읍연지상점가,자율상권구역,전북특별자치도,,,
973d466cb4c50d720394,full_annotation_v1,A,q_운동_03,요가,문화·여가 중 '운동'을 판매·제공하는 매장,val,운동,T2 동의어,c8661923-f10c-43af-ab2d-dcfa26286982,딥티르 요가,요가,더테라스골목형상점가,골목형상점가,인천광역시,,,
e1f97c6ad9bd4c0c35ba,full_annotation_v1,A,q_운동_03,요가,문화·여가 중 '운동'을 판매·제공하는 매장,val,운동,T2 동의어,3940bec0-faed-4da7-930f-fd90b4de0874,내가 진짜 떡볶이다(양주점),분식,양주신산시장마을상점가,골목형상점가,경기도,,,
31ae1c6b3629f2fd4591,full_annotation_v1,A,q_운동_03,요가,문화·여가 중 '운동'을 판매·제공하는 매장,val,운동,T2 동의어,9eeafc81-4dde-4577-8288-aeb35a1118da,요가로 풀다,요가,지족반석 골목형상점가,골목형상점가,대전광역시,,,
499b9f6e1f3f596864a6,full_annotation_v1,A,q_운동_03,요가,문화·여가 중 '운동'을 판매·제공하는 매장,val,운동,T2 동의어,00c4a045-8aa5-4995-8313-806b7fcab6ff,남스짐천왕점 헬스PT,,천왕마을 골목형상점가,골목형상점가,서울특별시,,,
0ec7f040c69499ded468,full_annotation_v1,A,q_운동_03,요가,문화·여가 중 '운동'을 판매·제공하는 매장,val,운동,T2 동의어,348adf5d-6e30-4f81-b312-c7ec5bc8f337,이지요가,요가,동백중심상가 골목형상점가,골목형상점가,경기도,,,
63339d7f83352930e39b,full_annotation_v1,A,q_운동_03,요가,문화·여가 중 '운동'을 판매·제공하는 매장,val,운동,T2 동의어,811f580c-ad74-4a55-89cf-18ac26075ff5,문정요가,요가,산본로데오거리(구 산본중심상가),자율상권구역,경기도,,,
b15b61cd6087b2ee3f00,full_annotation_v1,A,q_운동_03,요가,문화·여가 중 '운동'을 판매·제공하는 매장,val,운동,T2 동의어,901ba2df-6fcc-4e17-84e9-cb5afd501947,소움요가,요가,봉선로2 골목형상점가,골목형상점가,광주광역시,,,
ecd6d53f6f22b486695e,full_annotation_v1,A,q_운동_03,요가,문화·여가 중 '운동'을 판매·제공하는 매장,val,운동,T2 동의어,008fbd3f-35b4-431f-8ba5-fc8bcfe4bf83,제이에스피트니스,헬스,동림1 골목형상점가,골목형상점가,광주광역시,,,
4ad7054ce97b086955b7,full_annotation_v1,A,q_운동_03,요가,문화·여가 중 '운동'을 판매·제공하는 매장,val,운동,T2 동의어,12acf949-53a9-4369-aa58-be4c409d25f1,연주요가,요가,남현동예술인마을골목형상점가,골목형상점가,서울특별시,,,
aa5f9a7daf339b9a2b3c,full_annotation_v1,A,q_운동_03,요가,문화·여가 중 '운동'을 판매·제공하는 매장,val,운동,T2 동의어,61e281f2-8917-45c1-83c0-c004fb15d07a,유유히요가,요가,구성언남 골목형상점가,골목형상점가,경기도,,,
e41898f43ffc7a6b75ed,full_annotation_v1,A,q_운동_03,요가,문화·여가 중 '운동'을 판매·제공하는 매장,val,운동,T2 동의어,08de408a-f260-4467-b375-768cbd50e14d,본소마메드짐 재활운동&PT,운동,용강동상점가,자율상권구역,서울특별시,,,
261e14b7d0c6aa59bbf3,full_annotation_v1,A,q_운동_03,요가,문화·여가 중 '운동'을 판매·제공하는 매장,val,운동,T2 동의어,68ac3cb2-b758-4c2e-aec3-cba55f1af703,큐티헤어,,군산대 대학로 골목형상점가,골목형상점가,전북특별자치도,,,
09b9dfe71d2ae648d437,full_annotation_v1,A,q_운동_03,요가,문화·여가 중 '운동'을 판매·제공하는 매장,val,운동,T2 동의어,00054f1d-4cae-4345-9975-1423bc49e4dc,착한아이들,의류,중앙전통시장,전통시장,울산광역시,,,
5c3913cf53d7c37e1a8d,full_annotation_v1,A,q_운동_03,요가,문화·여가 중 '운동'을 판매·제공하는 매장,val,운동,T2 동의어,baa5c595-f0ac-4813-9f38-da424638a3da,요가타임,요가,둔산3동상점가,자율상권구역,대전광역시,,,
618a11386033d347e3c0,full_annotation_v1,A,q_운동_03,요가,문화·여가 중 '운동'을 판매·제공하는 매장,val,운동,T2 동의어,9977ef21-eb2c-4217-8b7b-0e2b7261417a,빠딴잘리요가,요가,여주한글시장(여주중앙로상점가),전통시장,경기도,,,
ae74337c84670bcb6e9b,full_annotation_v1,A,q_운동_03,요가,문화·여가 중 '운동'을 판매·제공하는 매장,val,운동,T2 동의어,d3f99895-f851-40b2-a74d-0f4c3bf2c0e2,혜윰스튜디오,요가,꿈의숲장곡골목형상점가,골목형상점가,서울특별시,,,
f702da29cc7412dd6687,full_annotation_v1,A,q_운동_03,요가,문화·여가 중 '운동'을 판매·제공하는 매장,val,운동,T2 동의어,9c0aa76d-5778-4ded-83bc-46f411fd2858,라샤르필라테스&요가 중흥점,"필라테스, 요가",서방골 골목형상점가,골목형상점가,광주광역시,,,
3f0fae10238ff138ed94,full_annotation_v1,A,q_운동_03,요가,문화·여가 중 '운동'을 판매·제공하는 매장,val,운동,T2 동의어,a2909d92-774e-45fb-9519-e69f12be7a9a,요피플 요가 필라테스,요가 필라테스,일곡동 골목형상점가,골목형상점가,광주광역시,,,
ea1b7dd601f5f695cf9a,full_annotation_v1,A,q_운동_03,요가,문화·여가 중 '운동'을 판매·제공하는 매장,val,운동,T2 동의어,033d99e2-0579-45d7-9d48-d999b90dd98a,M필라테스&요가,"필라테스, 요가",조종시장,전통시장,경기도,,,
f6a957fbf181515365cb,full_annotation_v1,A,q_운동_03,요가,문화·여가 중 '운동'을 판매·제공하는 매장,val,운동,T2 동의어,0a7de62f-b294-412c-b700-0642397eca30,다이나핏 김포장기점,"스포츠 의류, 용품",김포장기패션아울렛,골목형상점가,경기도,,,
3162b965234d257fa3c7,full_annotation_v1,A,q_운동_03,요가,문화·여가 중 '운동'을 판매·제공하는 매장,val,운동,T2 동의어,01a5e178-ba34-4e15-ac4d-07a398900593,가자점핑다이어트클럽,"점핑, 요가",문흥2동 골목형상점가,골목형상점가,광주광역시,,,
69a5985a050d656bb564,full_annotation_v1,A,q_운동_03,요가,문화·여가 중 '운동'을 판매·제공하는 매장,val,운동,T2 동의어,a8fb200d-31bc-4d0e-bc13-1dd1dd9e890f,맑고밝은명상요가금호점,요가,마재상인회 골목형상점가,골목형상점가,광주광역시,,,
8e580277f261cf67523f,full_annotation_v1,A,q_운동_03,요가,문화·여가 중 '운동'을 판매·제공하는 매장,val,운동,T2 동의어,34ecc016-a973-4bc0-bfac-686ce54b2a13,빛요가,요가,쌍학로상인회 골목형상점가,골목형상점가,광주광역시,,,
434b86d95d409374686a,full_annotation_v1,A,q_운동_03,요가,문화·여가 중 '운동'을 판매·제공하는 매장,val,운동,T2 동의어,36f4d9e2-889a-4168-b518-51e2ddf773df,킴스휘트니스클리닉,피트니스,아름동상점가,자율상권구역,세종특별자치시,,,
794a78f4ad13efaca187,full_annotation_v1,A,q_운동_03,요가,문화·여가 중 '운동'을 판매·제공하는 매장,val,운동,T2 동의어,afd27381-e18e-4b87-b2da-61ffc5992153,인샬라 요가,,정부청사 골목형상점가,골목형상점가,,,,
85de5b8051bce733fa3b,full_annotation_v1,A,q_운동_03,요가,문화·여가 중 '운동'을 판매·제공하는 매장,val,운동,T2 동의어,4b0da49a-7e00-4e80-8b52-7fc340b6a202,아카샤요가,요가,"빛가람 스타타워, 메가티움1차, 메가티움2차 골목형상점가",골목형상점가,전라남도,,,
a587c13293fab1c57287,full_annotation_v1,A,q_운동_03,요가,문화·여가 중 '운동'을 판매·제공하는 매장,val,운동,T2 동의어,ccaaa993-a233-4b44-80e2-8a914fee68a0,요가다움,요가,과천중앙동상점가,자율상권구역,경기도,,,
7ee8cd61c10c18aa3979,full_annotation_v1,A,q_운동_03,요가,문화·여가 중 '운동'을 판매·제공하는 매장,val,운동,T2 동의어,df015364-597c-44c7-8021-b5b992e7cc69,요가그린움,요가,용두마을길 골목형상점가,골목형상점가,광주광역시,,,
c5482c93c2e731a83edc,full_annotation_v1,A,q_운동_03,요가,문화·여가 중 '운동'을 판매·제공하는 매장,val,운동,T2 동의어,9b7ccf71-39c8-4797-b60e-779f391a8c8c,퍼스트안경,,검단신도시 아라 맛집 골목형상점가,골목형상점가,인천광역시,,,
2573f72350b45f3d6f1d,full_annotation_v1,A,q_운동_03,요가,문화·여가 중 '운동'을 판매·제공하는 매장,val,운동,T2 동의어,3744861c-be9b-431c-bf86-cef8c3918276,아타요가,요가,월곡대반 골목형상점가,골목형상점가,광주광역시,,,
4567e4373b0a91617411,full_annotation_v1,A,q_운동_03,요가,문화·여가 중 '운동'을 판매·제공하는 매장,val,운동,T2 동의어,e8554a2b-8574-4e43-a22b-bc07b1b1e6dc,로움 요가&필라테스,"요가, 필라테스",회기역골목형상점가,골목형상점가,서울특별시,,,
e02f48a7063802ac80f8,full_annotation_v1,A,q_운동_03,요가,문화·여가 중 '운동'을 판매·제공하는 매장,val,운동,T2 동의어,ec00c1c0-b454-4fd2-916e-7e70f46cfabc,오아시스 요가,,골든타임 골목형상점가,골목형상점가,경기도,,,
f37df7b96bfb88362b65,full_annotation_v1,A,q_운동_03,요가,문화·여가 중 '운동'을 판매·제공하는 매장,val,운동,T2 동의어,88301634-9847-4bea-b5ab-beb766e40ddf,복샘요가,요가,신수동토정로 골목형상점가,골목형상점가,서울특별시,,,
1e80ab2687bc89ecab07,full_annotation_v1,A,q_운동_03,요가,문화·여가 중 '운동'을 판매·제공하는 매장,val,운동,T2 동의어,5fdf8550-88ea-49ec-93d8-6a285f82862f,마스터 디테일링,스팀세차,왕버들 골목형상점가,골목형상점가,광주광역시,,,
efa59e6fbe7adfd0b490,full_annotation_v1,A,q_운동_03,요가,문화·여가 중 '운동'을 판매·제공하는 매장,val,운동,T2 동의어,344dba38-e4f7-4fc1-910c-71173b35dfd6,전인건강센터,요가,버들마을상인회 골목형상점가,골목형상점가,광주광역시,,,
a4bda4fab2b6b3089275,full_annotation_v1,A,q_운동_03,요가,문화·여가 중 '운동'을 판매·제공하는 매장,val,운동,T2 동의어,00f8d2a4-8e38-485b-a09e-280a1aa0c326,라인엑스피티스튜디오,"헬스, PT",수지성복플러스 골목형상점가,골목형상점가,경기도,,,
7b908789111bd2bbab36,full_annotation_v1,A,q_운동_03,요가,문화·여가 중 '운동'을 판매·제공하는 매장,val,운동,T2 동의어,09815d92-d0f0-4c87-b4fa-1194f86c53c0,유성프로스펙스,"스포츠의류, 용품",장대동패션상가 골목형상점가,골목형상점가,대전광역시,,,
82cbbabd829c3812cecc,full_annotation_v1,A,q_운동_03,요가,문화·여가 중 '운동'을 판매·제공하는 매장,val,운동,T2 동의어,98847ca5-ae83-4941-8e33-f89f1a7835d6,동래상회,기타,부전시장,전통시장,부산광역시,,,
b77b805fd37be43b3f26,full_annotation_v1,A,q_운동_03,요가,문화·여가 중 '운동'을 판매·제공하는 매장,val,운동,T2 동의어,36b3fc64-fb1c-4e62-b28a-e8637f50445c,삼인요가원,요가,동천동먹자골목2번가상인회 골목형상점가,골목형상점가,광주광역시,,,
11ad71a5460a3747682b,full_annotation_v1,A,q_운동_03,요가,문화·여가 중 '운동'을 판매·제공하는 매장,val,운동,T2 동의어,50b3d49a-5e59-44a9-8217-29abd4c45f12,다원요가,요가,신창중 골목형상점가,골목형상점가,광주광역시,,,
8d27e3ed0ad83bc79631,full_annotation_v1,A,q_운동_03,요가,문화·여가 중 '운동'을 판매·제공하는 매장,val,운동,T2 동의어,0c2cf87d-cdc5-4308-8097-6797e9ce475a,성원약초,약초,금산약초시장,전통시장,충청남도,,,
99d24549dcc054f04494,full_annotation_v1,A,q_운동_03,요가,문화·여가 중 '운동'을 판매·제공하는 매장,val,운동,T2 동의어,ecf73efd-fbc1-48b2-ae3a-9b60dd16e4bf,드림피플엔터,운동경기용품소매,사직동 서동로 골목형상점가,골목형상점가,광주광역시,,,
5c72748ee05357b139fe,full_annotation_v1,A,q_운동_03,요가,문화·여가 중 '운동'을 판매·제공하는 매장,val,운동,T2 동의어,a09f63ad-34af-4133-a9cc-de87704572b6,수빈요가,요가,치동천 수변상가,자율상권구역,경기도,,,
e4e981c30981a68ea4b4,full_annotation_v1,A,q_운동_03,요가,문화·여가 중 '운동'을 판매·제공하는 매장,val,운동,T2 동의어,bd3b3b30-f4ad-42db-9834-112415b2b07b,클래식인 요가 2호점,요가,산본사거리 골목형상점가,골목형상점가,경기도,,,
2f8ff5bafed0c7bbaad0,full_annotation_v1,A,q_운동_03,요가,문화·여가 중 '운동'을 판매·제공하는 매장,val,운동,T2 동의어,0151b1ea-e648-438b-83b0-efcf6f387e9b,크로스핏 터,운동 서비스,열매 골목형상점가,골목형상점가,대전광역시,,,
6804fdeb7262f8b94964,full_annotation_v1,A,q_운동_03,요가,문화·여가 중 '운동'을 판매·제공하는 매장,val,운동,T2 동의어,d4dcc15e-e354-4894-93ee-5351373028d4,S요가,요가,주월1동회재로 골목형상점가,골목형상점가,광주광역시,,,
4a1fadf84c7433a3bc75,full_annotation_v1,A,q_운동_03,요가,문화·여가 중 '운동'을 판매·제공하는 매장,val,운동,T2 동의어,040428ab-1a04-452f-8b35-c7c3c993cad8,누아요가,요가,현대센트럴스퀘어,골목형상점가,경기도,,,
abda6269ec7c24679ca1,full_annotation_v1,A,q_운동_03,요가,문화·여가 중 '운동'을 판매·제공하는 매장,val,운동,T2 동의어,020180c1-e676-4f99-84db-9b56504222f2,아름드리 필라테스&PT,필라테스요가바레필라테스,아름드리 골목형상점가,골목형상점가,세종특별자치시,,,
f9f7ed1addd50a70e405,full_annotation_v1,A,q_운동_03,요가,문화·여가 중 '운동'을 판매·제공하는 매장,val,운동,T2 동의어,223c49e0-c098-4d8e-9812-b9adf1691b9f,"온, 요가",요가,중흥청춘로 골목형상점가,골목형상점가,광주광역시,,,
9565993bff5af50e2bd7,full_annotation_v1,A,q_운동_03,요가,문화·여가 중 '운동'을 판매·제공하는 매장,val,운동,T2 동의어,e667db9d-443c-4413-afac-452968d148cb,명성(明成)한우,"도소매(축산물,식육)",관악신사시장,전통시장,서울특별시,,,
3d1f67494cfa8fb807e7,full_annotation_v1,A,q_운동_03,요가,문화·여가 중 '운동'을 판매·제공하는 매장,val,운동,T2 동의어,07d89ce7-de40-4795-a10b-414cc1e269ef,매곡 천부경 명상센터,"명상수련, 요가",매곡동 골목형상점가,골목형상점가,광주광역시,,,
865ff46309166c028f39,full_annotation_v1,A,q_운동_03,요가,문화·여가 중 '운동'을 판매·제공하는 매장,val,운동,T2 동의어,6685e9df-5946-4503-a49e-a4fad130548b,요가얌,요가,범한프라자시장,전통시장,경기도,,,
dd52b38d9bd4c843597f,full_annotation_v1,A,q_운동_03,요가,문화·여가 중 '운동'을 판매·제공하는 매장,val,운동,T2 동의어,8ffde489-32bc-4dab-a429-577056e1422b,서당골요가,요가,사직동 서동로 골목형상점가,골목형상점가,광주광역시,,,
a559fda9d5c3e34fd4f5,full_annotation_v1,A,q_운동_03,요가,문화·여가 중 '운동'을 판매·제공하는 매장,val,운동,T2 동의어,f555f0c2-497a-4b53-bc45-52e897fd2170,가람요가,요가,상무중앙상인회 골목형상점가,골목형상점가,광주광역시,,,
a94becf7e21aba43b386,full_annotation_v1,A,q_운동_03,요가,문화·여가 중 '운동'을 판매·제공하는 매장,val,운동,T2 동의어,789456f6-eb26-477c-94ff-5873c71376b0,리반요가,요가,산본로데오거리(구 산본중심상가),자율상권구역,경기도,,,
9c1376c076be0edf8f85,full_annotation_v1,A,q_운동_03,요가,문화·여가 중 '운동'을 판매·제공하는 매장,val,운동,T2 동의어,003adf4b-eb63-4fd3-92d3-e139c6f1c22d,새롬필라테스,필라테스,새롬동 골목형상점가,골목형상점가,세종특별자치시,,,
9218461dc5e7563df1a7,full_annotation_v1,A,q_운동_03,요가,문화·여가 중 '운동'을 판매·제공하는 매장,val,운동,T2 동의어,74c3f52e-bc17-461d-82b1-6f2a65de5d62,오미 필라테스.요가,"필라테스, 요가",마산 창동통합상가,자율상권구역,경상남도,,,
a4638cfc3ab7aafe111f,full_annotation_v1,A,q_운동_03,요가,문화·여가 중 '운동'을 판매·제공하는 매장,val,운동,T2 동의어,7928621c-2b07-461f-8e82-e9acaf69a532,설화요가,요가,소사벌 골목형상점가,골목형상점가,경기도,,,
7f4ec946f063b6d15b23,full_annotation_v1,A,q_운동_03,요가,문화·여가 중 '운동'을 판매·제공하는 매장,val,운동,T2 동의어,0066174b-64aa-428a-b8d6-f9bae4107429,크로스핏 엘리트짐,기능성운동,노은역 골목형상점가,골목형상점가,대전광역시,,,
aa367502e184987a079a,full_annotation_v1,A,q_운동_03,요가,문화·여가 중 '운동'을 판매·제공하는 매장,val,운동,T2 동의어,4fd76538-7249-4fea-8719-96ced95c61e2,리발란스요가필라,요가,엄사 골목형상점가,골목형상점가,충청남도,,,
38ec148d2518a08ba1ac,full_annotation_v1,A,q_운동_03,요가,문화·여가 중 '운동'을 판매·제공하는 매장,val,운동,T2 동의어,6f251594-c82d-4239-b1a7-564efc2111cd,K바디필라테스&요가,필라테스 요가 체육서비스업,동천동먹자골목1번가상인회 골목형상점가,골목형상점가,광주광역시,,,
261000b15501ba0dc4c6,full_annotation_v1,A,q_운동_03,요가,문화·여가 중 '운동'을 판매·제공하는 매장,val,운동,T2 동의어,d5a4ca57-5efd-4897-9081-80017cc5c2ce,계절요가,요가,동명동 카페거리 골목형상점가,골목형상점가,광주광역시,,,
c14b52867ee8eafe51d9,full_annotation_v1,A,q_운동_03,요가,문화·여가 중 '운동'을 판매·제공하는 매장,val,운동,T2 동의어,5930827c-1da0-4a84-bc05-ac9688d7a7c4,서서히요가,요가,양원숲길 골목형상점가,골목형상점가,서울특별시,,,
de7f37a74b7c2d3cff21,full_annotation_v1,A,q_운동_03,요가,문화·여가 중 '운동'을 판매·제공하는 매장,val,운동,T2 동의어,47d5af0d-b643-4afb-b62b-b0ed619e4445,다시 요가 스튜디오,요가 수업,남양역골로상점가,골목형상점가,경기도,,,
34c3f9d5ad358feb07d4,full_annotation_v1,A,q_운동_03,요가,문화·여가 중 '운동'을 판매·제공하는 매장,val,운동,T2 동의어,bc2216a4-d5de-4acf-8d7f-4d99a98c5f0e,비채요가,요가,용봉우치로 골목형상점가,골목형상점가,광주광역시,,,
536ea6ebdb220cb4b93b,full_annotation_v1,A,q_운동_03,요가,문화·여가 중 '운동'을 판매·제공하는 매장,val,운동,T2 동의어,00158f51-4d3a-4ac0-9e38-b37552f5e097,지지배,의류,나주금빛상점가,자율상권구역,전라남도,,,
596bf1302f5c952a47e9,full_annotation_v1,A,q_운동_03,요가,문화·여가 중 '운동'을 판매·제공하는 매장,val,운동,T2 동의어,eab01ed9-b512-4ef8-9e78-c731e540a46e,울루루요가,요가,다산역 로데오 상점가,자율상권구역,경기도,,,
59da6d5f8de12323b1fa,full_annotation_v1,A,q_운동_03,요가,문화·여가 중 '운동'을 판매·제공하는 매장,val,운동,T2 동의어,f6794ecf-7d01-476e-800f-49ce023633f4,슬로요가하우스,요가,강남개포시장(구 개포2동중심상점가),자율상권구역,서울특별시,,,
4df45fa6554ec2c66964,full_annotation_v1,A,q_운동_03,요가,문화·여가 중 '운동'을 판매·제공하는 매장,val,운동,T2 동의어,ead90263-195b-427e-bf2e-845aa021ec24,한울요가,요가,공주산성 활성화구역,전통시장,충청남도,,,
7c2933ace02a656fa116,full_annotation_v1,A,q_운동_03,요가,문화·여가 중 '운동'을 판매·제공하는 매장,val,운동,T2 동의어,00172c94-61f0-4197-afeb-d7e8187c79b5,옷이예쁘다,의류,메트로센터(반월당지하쇼핑),일반지하상점가,대구광역시,,,
ed2992915f99e79b7b20,full_annotation_v1,A,q_운동_03,요가,문화·여가 중 '운동'을 판매·제공하는 매장,val,운동,T2 동의어,34a41c8e-d1a4-4c27-9097-f8c4c3def9b2,서미교폴아트&요가,요가,명덕마을 골목형상점가,골목형상점가,울산광역시,,,
1ba0b36703eb32450255,full_annotation_v1,A,q_운동_03,요가,문화·여가 중 '운동'을 판매·제공하는 매장,val,운동,T2 동의어,0080a859-c5d8-4b43-b14c-d5eb844118a0,헬스맨헬스걸,헬스장,비래동골목형상점가,골목형상점가,대전광역시,,,
409a861237e089e93049,full_annotation_v1,A,q_운동_03,요가,문화·여가 중 '운동'을 판매·제공하는 매장,val,운동,T2 동의어,37eea327-86d5-4256-b050-9ef8805b43b0,요가숨,요가,엄사 골목형상점가,골목형상점가,충청남도,,,
4051a8d32ae5f68c0c28,full_annotation_v1,A,q_운동_03,요가,문화·여가 중 '운동'을 판매·제공하는 매장,val,운동,T2 동의어,701acfd5-9632-4f03-aead-869a232f6ea7,황금상회,주단,상주중앙시장,전통시장,경상북도,,,
b4d8064ef3d550b46093,full_annotation_v1,A,q_운동_03,요가,문화·여가 중 '운동'을 판매·제공하는 매장,val,운동,T2 동의어,faec4fdc-04f5-4326-8269-cc111cf1ff19,슈람요가,요가,화삼골상인회 골목형상점가,골목형상점가,광주광역시,,,
9c8264b868363e937c60,full_annotation_v1,A,q_운동_03,요가,문화·여가 중 '운동'을 판매·제공하는 매장,val,운동,T2 동의어,000a92b3-0b5e-429e-af00-f86e3570e24b,클로버,의류,관문상가시장,전통시장,대구광역시,,,
8bf7ea16b268fd72d35a,full_annotation_v1,A,q_운동_03,요가,문화·여가 중 '운동'을 판매·제공하는 매장,val,운동,T2 동의어,91742be4-65a2-426a-82fa-1d3506ff6f68,소하요가스튜디오,요가,용대로53번길 골목형상점가,골목형상점가,광주광역시,,,
085b42e53c0261bfbf5c,full_annotation_v1,A,q_운동_03,요가,문화·여가 중 '운동'을 판매·제공하는 매장,val,운동,T2 동의어,7c99a584-91b9-48f6-9dc4-dad34478e32c,케렌시아,요가,"호성2길, 3길 골목형상점가",골목형상점가,전북특별자치도,,,
3951ea266e2ac7091166,full_annotation_v1,A,q_운동_03,요가,문화·여가 중 '운동'을 판매·제공하는 매장,val,운동,T2 동의어,35f62c74-3304-4a6c-a21f-28b253239019,하이무브 피트니스,피트니스 센터,산본로데오거리(구 산본중심상가),자율상권구역,경기도,,,
54dd6644c5e392bcee5a,full_annotation_v1,A,q_운동_03,요가,문화·여가 중 '운동'을 판매·제공하는 매장,val,운동,T2 동의어,018b2dd0-5613-482c-b714-e30dcfa584fd,씨엘 필라테스 안산고잔점,필라테스,도리섬상점가,자율상권구역,경기도,,,
0e4f594132b153e5ec53,full_annotation_v1,A,q_운동_03,요가,문화·여가 중 '운동'을 판매·제공하는 매장,val,운동,T2 동의어,fa31e25a-635a-411b-93eb-f81453c38d96,광주메르시플라잉요가,요가,염주골상인회 골목형상점가,골목형상점가,광주광역시,,,
c6d9a39b2175ad399f30,full_annotation_v1,A,q_운동_03,요가,문화·여가 중 '운동'을 판매·제공하는 매장,val,운동,T2 동의어,2d089086-4365-4366-8ca7-bedc07ebfbeb,나다움요가,요가,마재상인회 골목형상점가,골목형상점가,광주광역시,,,
bc41cf97dd5220fc1a2b,full_annotation_v1,A,q_운동_03,요가,문화·여가 중 '운동'을 판매·제공하는 매장,val,운동,T2 동의어,7d087316-20db-42c2-9e43-609a5dc4d66f,바디앤요가,요가,성대전통시장,전통시장,서울특별시,,,
84752357b96cf1dcf334,full_annotation_v1,A,q_운동_03,요가,문화·여가 중 '운동'을 판매·제공하는 매장,val,운동,T2 동의어,90ae744a-8e85-4e8f-b0d6-41389668c570,소담요가,요가,어울림양산로 골목형상점가,골목형상점가,광주광역시,,,
306d40ac34df03aff281,full_annotation_v1,A,q_운동_03,요가,문화·여가 중 '운동'을 판매·제공하는 매장,val,운동,T2 동의어,06a9d0d7-98d4-46de-ba60-78844e443b35,올나잇 피트니스 주식회사,피트니스,부평테마의거리 골목형 상점가,골목형상점가,인천광역시,,,
95fa8b925eabadcdc6d3,full_annotation_v1,A,q_운동_03,요가,문화·여가 중 '운동'을 판매·제공하는 매장,val,운동,T2 동의어,3eda68cd-5dda-4606-b877-f58fa587c240,"요가,해",요가,장대동패션상가 골목형상점가,골목형상점가,대전광역시,,,
ce156301001a727f03ec,full_annotation_v1,A,q_운동_03,요가,문화·여가 중 '운동'을 판매·제공하는 매장,val,운동,T2 동의어,20ced1b5-83bb-4ed4-a3a7-310675792f1d,은요가,요가,염주상인회 골목형상점가,골목형상점가,광주광역시,,,
45da88ee0f3d431734aa,full_annotation_v1,A,q_운동_03,요가,문화·여가 중 '운동'을 판매·제공하는 매장,val,운동,T2 동의어,21bfd845-8c16-4b67-809f-81a3833826c0,케이폴앤댄스,피트니스,남양역골로상점가,골목형상점가,경기도,,,
b219c69bcc1527ab6701,full_annotation_v1,A,q_운동_03,요가,문화·여가 중 '운동'을 판매·제공하는 매장,val,운동,T2 동의어,08bf522e-2d12-4ba2-95aa-344e372f90d7,수지패션,운동용품,원조낙지골목상점가,자율상권구역,전라남도,,,
badc5c46ba6c2b961487,full_annotation_v1,A,q_운동_03,요가,문화·여가 중 '운동'을 판매·제공하는 매장,val,운동,T2 동의어,df8d0c85-144e-4c42-836d-4107418ac78b,뉴욕바디스쿨,요가,거제 장평종합시장,전통시장,경상남도,,,
db5643d5acb09ed17531,full_annotation_v1,A,q_운동_03,요가,문화·여가 중 '운동'을 판매·제공하는 매장,val,운동,T2 동의어,48ec2024-ee31-4ae0-bb8f-2126c5bfaa61,하다피트니스,피트니스,과천새서울프라자시장,전통시장,경기도,,,
b61e91378ee4e61399c2,full_annotation_v1,A,q_운동_03,요가,문화·여가 중 '운동'을 판매·제공하는 매장,val,운동,T2 동의어,00a3eb8f-b86a-4b8c-933c-ffaee551fdba,신시아 필라테스,필라테스 센터,겸재한신길 골목형상점가,골목형상점가,서울특별시,,,
0c1d86a3a2b3ae35a3d4,full_annotation_v1,A,q_운동_03,요가,문화·여가 중 '운동'을 판매·제공하는 매장,val,운동,T2 동의어,13b49723-0f56-47a8-9977-0b8375415785,디어요가,요가,하남대로,골목형상점가,광주광역시,,,
8d7f6ff6e2a26dc7b0fa,full_annotation_v1,A,q_운동_03,요가,문화·여가 중 '운동'을 판매·제공하는 매장,val,운동,T2 동의어,0041f699-c619-48b9-b3a9-814af9905c66,GB트레이닝센터,운동,일곡동(제5지역:제1근린공원 건너편),골목형상점가,광주광역시,,,
1d46dfe44ccf39a3de51,full_annotation_v1,A,q_운동_03,요가,문화·여가 중 '운동'을 판매·제공하는 매장,val,운동,T2 동의어,00a27d0e-2216-4ff5-94fe-7acd76db3da3,짐자반 헬스 PT 하남시청역점,"헬스장 회원권, 개인레슨",덕풍전통시장,전통시장,경기도,,,
a1aa567eb291dc03416a,full_annotation_v1,A,q_운동_03,요가,문화·여가 중 '운동'을 판매·제공하는 매장,val,운동,T2 동의어,3b1b198c-615c-4624-82f9-797db48803a5,요가온,요가,혁신도시5구역골목형상점가,골목형상점가,강원특별자치도,,,
3ae76782959dbfbc98c9,full_annotation_v1,A,q_운동_03,요가,문화·여가 중 '운동'을 판매·제공하는 매장,val,운동,T2 동의어,efa0d5bb-3cb5-4d27-87bd-7f1518bb0ecf,드야나요가명상,요가,장자호수공원 골목형상점가,골목형상점가,경기도,,,
425f6f0316eb06b5b497,full_annotation_v1,A,q_운동_03,요가,문화·여가 중 '운동'을 판매·제공하는 매장,val,운동,T2 동의어,9f507269-718e-4242-b275-6ca2fc6c6e35,요가흐름,요가,과천슈르탑 골목형상점가,골목형상점가,경기도,,,
801834a3256079804790,full_annotation_v1,A,q_운동_03,요가,문화·여가 중 '운동'을 판매·제공하는 매장,val,운동,T2 동의어,9f7535aa-17ff-4bfc-a336-2dc17e56c0c7,프라즈나요가,요가,보람동 골목형상점가,골목형상점가,세종특별자치시,,,
7b49abbfaa371db33d49,full_annotation_v1,A,q_운동_03,요가,문화·여가 중 '운동'을 판매·제공하는 매장,val,운동,T2 동의어,0214eb76-f204-4d4f-9645-f0444d2c5f33,베이글짐,헬스장,도담동 골목형상점가,골목형상점가,세종특별자치시,,,
a1f7ff31e94a495035cb,full_annotation_v1,A,q_운동_03,요가,문화·여가 중 '운동'을 판매·제공하는 매장,val,운동,T2 동의어,06f75bcb-8c04-46f9-9315-b56a3f1d7a63,스윙&플라멩고,운동복,대현프리몰 대구점,일반지하상점가,대구광역시,,,
a143e15c8169b58508b3,full_annotation_v1,A,q_운동_03,요가,문화·여가 중 '운동'을 판매·제공하는 매장,val,운동,T2 동의어,a8e9314c-c95c-415c-bb70-e73f637d1970,엑스포,의류,포항죽도농산물시장,전통시장,경상북도,,,
57e3050c85152dcac5fb,full_annotation_v1,A,q_운동_03,요가,문화·여가 중 '운동'을 판매·제공하는 매장,val,운동,T2 동의어,113d424f-faa3-4865-bfdc-beaf29b03b08,진주네,,용현시장,전통시장,인천광역시,,,
d3eece182cf393f2e75f,full_annotation_v1,A,q_운동_03,요가,문화·여가 중 '운동'을 판매·제공하는 매장,val,운동,T2 동의어,32d400c9-bc3f-4d9e-8148-87bf61240065,한빛요가,요가,치평동중흥상가상인회 골목형상점가,골목형상점가,광주광역시,,,
524064dbdd9bc5713961,full_annotation_v1,A,q_운동_04,운동용품점,문화·여가 중 '운동'을 판매·제공하는 매장,val,운동,T2 동의어,d00936ca-a02c-434b-a9f8-9c3f6f52d08c,가조운동구점,운동용품점,거창 가조상점가거리,골목형상점가,경상남도,,,
bcc44d8154ed87548d26,full_annotation_v1,A,q_운동_04,운동용품점,문화·여가 중 '운동'을 판매·제공하는 매장,val,운동,T2 동의어,e3dc5845-44c3-4396-98e8-01164cf2aa70,제이에스스포츠,운동용품 시설사용중개,전주중산공원 골목형상점가,골목형상점가,전북특별자치도,,,
f099dd1cae17a2fb8563,full_annotation_v1,A,q_운동_04,운동용품점,문화·여가 중 '운동'을 판매·제공하는 매장,val,운동,T2 동의어,9d49b0d0-ba57-4db8-a480-644e2ae0ec84,하마스포츠,운동용품,구미 금리단길 골목형상점가,골목형상점가,경상북도,,,
3f10512c403945b423ad,full_annotation_v1,A,q_운동_04,운동용품점,문화·여가 중 '운동'을 판매·제공하는 매장,val,운동,T2 동의어,48ec2024-ee31-4ae0-bb8f-2126c5bfaa61,하다피트니스,피트니스,과천새서울프라자시장,전통시장,경기도,,,
78570081d93fef7e8717,full_annotation_v1,A,q_운동_04,운동용품점,문화·여가 중 '운동'을 판매·제공하는 매장,val,운동,T2 동의어,35f62c74-3304-4a6c-a21f-28b253239019,하이무브 피트니스,피트니스 센터,산본로데오거리(구 산본중심상가),자율상권구역,경기도,,,
0b776119f441f04fc7eb,full_annotation_v1,A,q_운동_04,운동용품점,문화·여가 중 '운동'을 판매·제공하는 매장,val,운동,T2 동의어,745151de-fbf7-40bb-8172-4e8bc00534ee,여성크로커다일,의류 운동용품,서부시장상점가(서부시장 통합),전통시장,전북특별자치도,,,
9556650257a9edd747d9,full_annotation_v1,A,q_운동_04,운동용품점,문화·여가 중 '운동'을 판매·제공하는 매장,val,운동,T2 동의어,084ab288-28e4-497b-b66a-337970bf37b5,마뗑킴하고하우스제주점,의류 잡화 운동용품,제주시 원도심 상권활성화,,제주특별자치도,,,
2b10436595aa6863d7c6,full_annotation_v1,A,q_운동_04,운동용품점,문화·여가 중 '운동'을 판매·제공하는 매장,val,운동,T2 동의어,0066174b-64aa-428a-b8d6-f9bae4107429,크로스핏 엘리트짐,기능성운동,노은역 골목형상점가,골목형상점가,대전광역시,,,
2d8f87cf154c7da3a608,full_annotation_v1,A,q_운동_04,운동용품점,문화·여가 중 '운동'을 판매·제공하는 매장,val,운동,T2 동의어,000a92b3-0b5e-429e-af00-f86e3570e24b,클로버,의류,관문상가시장,전통시장,대구광역시,,,
652749b551c6ab2be490,full_annotation_v1,A,q_운동_04,운동용품점,문화·여가 중 '운동'을 판매·제공하는 매장,val,운동,T2 동의어,8afdfe70-7df4-4162-91a6-c4f60d9813f5,아델요가 스튜디오,운동용품,평촌1번가 상점가,자율상권구역,경기도,,,
c3b2756e6958b2cbef6e,full_annotation_v1,A,q_운동_04,운동용품점,문화·여가 중 '운동'을 판매·제공하는 매장,val,운동,T2 동의어,36f4d9e2-889a-4168-b518-51e2ddf773df,킴스휘트니스클리닉,피트니스,아름동상점가,자율상권구역,세종특별자치시,,,
b0caa2c2e1a3e1933588,full_annotation_v1,A,q_운동_04,운동용품점,문화·여가 중 '운동'을 판매·제공하는 매장,val,운동,T2 동의어,00a3eb8f-b86a-4b8c-933c-ffaee551fdba,신시아 필라테스,필라테스 센터,겸재한신길 골목형상점가,골목형상점가,서울특별시,,,
c3dfebeb800d4eb43df8,full_annotation_v1,A,q_운동_04,운동용품점,문화·여가 중 '운동'을 판매·제공하는 매장,val,운동,T2 동의어,ae43861e-a71e-4db8-af42-f0561e690be6,윔블던테니스샵,운동용품,현대 골목형상점가,골목형상점가,전라남도,,,
2c43c1b69e0ca808bb4e,full_annotation_v1,A,q_운동_04,운동용품점,문화·여가 중 '운동'을 판매·제공하는 매장,val,운동,T2 동의어,e150c89c-8d87-47d9-a462-2fdcf7ad0b7a,봉스포츠,운동용품,둔산3동상점가,자율상권구역,대전광역시,,,
48461e7058890d19a575,full_annotation_v1,A,q_운동_04,운동용품점,문화·여가 중 '운동'을 판매·제공하는 매장,val,운동,T2 동의어,0080a859-c5d8-4b43-b14c-d5eb844118a0,헬스맨헬스걸,헬스장,비래동골목형상점가,골목형상점가,대전광역시,,,
5a62258242b0b7f35834,full_annotation_v1,A,q_운동_04,운동용품점,문화·여가 중 '운동'을 판매·제공하는 매장,val,운동,T2 동의어,54ec1ef3-2e36-4764-84e5-6f64c4e63410,유니콘체육사,운동용품,개포동 구마을 골목형상점가,골목형상점가,서울특별시,,,
5a40927033529badd024,full_annotation_v1,A,q_운동_04,운동용품점,문화·여가 중 '운동'을 판매·제공하는 매장,val,운동,T2 동의어,9deb8d1c-66b9-47de-97fb-bc8acdd2bdd8,각시초장,초장집,울산농수산물도매시장 수산소매동,골목형상점가,울산광역시,,,
9575031eec50d2642647,full_annotation_v1,A,q_운동_04,운동용품점,문화·여가 중 '운동'을 판매·제공하는 매장,val,운동,T2 동의어,d4b6588b-690e-4f53-a259-7f9efd5e9154,뉴발란스 용봉점,운동용품,패션의거리,자율상권구역,광주광역시,,,
e6e4aa190231bf8681be,full_annotation_v1,A,q_운동_04,운동용품점,문화·여가 중 '운동'을 판매·제공하는 매장,val,운동,T2 동의어,2eafbffc-26cc-4bbd-b529-00d4feb9f16b,오늘의 김밥,김밥,노대물빛근린공원 골목형상점가,골목형상점가,광주광역시,,,
8a039d5d8013188df9f8,full_annotation_v1,A,q_운동_04,운동용품점,문화·여가 중 '운동'을 판매·제공하는 매장,val,운동,T2 동의어,73d87830-66ff-4a90-a73d-64f8ccb4bc8f,청송건강원,,삼호동상가 골목형상점가,골목형상점가,울산광역시,,,
e90a63e46443d454ab5e,full_annotation_v1,A,q_운동_04,운동용품점,문화·여가 중 '운동'을 판매·제공하는 매장,val,운동,T2 동의어,033d99e2-0579-45d7-9d48-d999b90dd98a,M필라테스&요가,"필라테스, 요가",조종시장,전통시장,경기도,,,
5608ee29338ba6524abb,full_annotation_v1,A,q_운동_04,운동용품점,문화·여가 중 '운동'을 판매·제공하는 매장,val,운동,T2 동의어,9dbfa292-9ffb-4fd5-b7c7-b1cad151dbf4,도담에듀,운동용품,공주산성 활성화구역,전통시장,충청남도,,,
95488b449ad11f5ee4a5,full_annotation_v1,A,q_운동_04,운동용품점,문화·여가 중 '운동'을 판매·제공하는 매장,val,운동,T2 동의어,018b2dd0-5613-482c-b714-e30dcfa584fd,씨엘 필라테스 안산고잔점,필라테스,도리섬상점가,자율상권구역,경기도,,,
8131e8dd841cf58a5eef,full_annotation_v1,A,q_운동_04,운동용품점,문화·여가 중 '운동'을 판매·제공하는 매장,val,운동,T2 동의어,e1e78495-0252-4295-8c85-b84f8d11b452,엑시옴광주공식대리점,운동용품,용봉신안다리 골목형상점가,골목형상점가,광주광역시,,,
ed3a821cb9d56c49baa0,full_annotation_v1,A,q_운동_04,운동용품점,문화·여가 중 '운동'을 판매·제공하는 매장,val,운동,T2 동의어,443e2490-bb5d-4d28-aab2-7e0bebf4b7d7,케이베스트스포츠,운동용품,포르모큐브 골목형상점가,골목형상점가,전라남도,,,
73189fbc38362e1b3b51,full_annotation_v1,A,q_운동_04,운동용품점,문화·여가 중 '운동'을 판매·제공하는 매장,val,운동,T2 동의어,0151b1ea-e648-438b-83b0-efcf6f387e9b,크로스핏 터,운동 서비스,열매 골목형상점가,골목형상점가,대전광역시,,,
86c962d90492c7c7f3c2,full_annotation_v1,A,q_운동_04,운동용품점,문화·여가 중 '운동'을 판매·제공하는 매장,val,운동,T2 동의어,09815d92-d0f0-4c87-b4fa-1194f86c53c0,유성프로스펙스,"스포츠의류, 용품",장대동패션상가 골목형상점가,골목형상점가,대전광역시,,,
b774f247a5fe180c39cf,full_annotation_v1,A,q_운동_04,운동용품점,문화·여가 중 '운동'을 판매·제공하는 매장,val,운동,T2 동의어,9174b88f-20ae-4123-8011-9892937d31cd,조일슈즈,신발 운동용품,전주원도심 골목형상점가,골목형상점가,전북특별자치도,,,
1d7aa969e02ee820e202,full_annotation_v1,A,q_운동_04,운동용품점,문화·여가 중 '운동'을 판매·제공하는 매장,val,운동,T2 동의어,0214eb76-f204-4d4f-9645-f0444d2c5f33,베이글짐,헬스장,도담동 골목형상점가,골목형상점가,세종특별자치시,,,
759ffe94de8883d4e104,full_annotation_v1,A,q_운동_04,운동용품점,문화·여가 중 '운동'을 판매·제공하는 매장,val,운동,T2 동의어,08bf522e-2d12-4ba2-95aa-344e372f90d7,수지패션,운동용품,원조낙지골목상점가,자율상권구역,전라남도,,,
e47fe025977c2dea6f66,full_annotation_v1,A,q_운동_04,운동용품점,문화·여가 중 '운동'을 판매·제공하는 매장,val,운동,T2 동의어,6a63cbd1-ff69-48f6-98ba-d3efe6714e8d,양지스포츠,의류 운동용품,을지로지하보도쇼핑센터,일반지하상점가,서울특별시,,,
d2a9f4f9ce6fcc606266,full_annotation_v1,A,q_운동_04,운동용품점,문화·여가 중 '운동'을 판매·제공하는 매장,val,운동,T2 동의어,00f8d2a4-8e38-485b-a09e-280a1aa0c326,라인엑스피티스튜디오,"헬스, PT",수지성복플러스 골목형상점가,골목형상점가,경기도,,,
ea02356d05f2a8f69a1e,full_annotation_v1,A,q_운동_04,운동용품점,문화·여가 중 '운동'을 판매·제공하는 매장,val,운동,T2 동의어,08de408a-f260-4467-b375-768cbd50e14d,본소마메드짐 재활운동&PT,운동,용강동상점가,자율상권구역,서울특별시,,,
9486c7b041e4ecd34be0,full_annotation_v1,A,q_운동_04,운동용품점,문화·여가 중 '운동'을 판매·제공하는 매장,val,운동,T2 동의어,020180c1-e676-4f99-84db-9b56504222f2,아름드리 필라테스&PT,필라테스요가바레필라테스,아름드리 골목형상점가,골목형상점가,세종특별자치시,,,
d9f21b192e9fcf81c5f9,full_annotation_v1,A,q_운동_04,운동용품점,문화·여가 중 '운동'을 판매·제공하는 매장,val,운동,T2 동의어,98bdd35b-d6bb-4873-956f-fe718089a4d1,우승사,운동용품,팔달문시장,기타,경기도,,,
ecddd4cb8f61e64c931b,full_annotation_v1,A,q_운동_04,운동용품점,문화·여가 중 '운동'을 판매·제공하는 매장,val,운동,T2 동의어,01a5e178-ba34-4e15-ac4d-07a398900593,가자점핑다이어트클럽,"점핑, 요가",문흥2동 골목형상점가,골목형상점가,광주광역시,,,
b36891a9cc0afeaab8ef,full_annotation_v1,A,q_운동_04,운동용품점,문화·여가 중 '운동'을 판매·제공하는 매장,val,운동,T2 동의어,00054f1d-4cae-4345-9975-1423bc49e4dc,착한아이들,의류,중앙전통시장,전통시장,울산광역시,,,
112112e497e82135ee73,full_annotation_v1,A,q_운동_04,운동용품점,문화·여가 중 '운동'을 판매·제공하는 매장,val,운동,T2 동의어,00158f51-4d3a-4ac0-9e38-b37552f5e097,지지배,의류,나주금빛상점가,자율상권구역,전라남도,,,
44f14bef83bc257c0db1,full_annotation_v1,A,q_운동_04,운동용품점,문화·여가 중 '운동'을 판매·제공하는 매장,val,운동,T2 동의어,b27ad5a2-9e3b-432b-8994-ef771182d0fc,광주파크골프스쿨,운동용품,앰코로 골목형상점가,골목형상점가,광주광역시,,,
0f6f21a39f0ced4dc194,full_annotation_v1,A,q_운동_04,운동용품점,문화·여가 중 '운동'을 판매·제공하는 매장,val,운동,T2 동의어,07466d2d-51a2-4c17-8dcf-1af1bfb6f868,금강랜드로바 원주점,운동화가죽신발등산용품,원주중앙로문화의거리,자율상권구역,강원특별자치도,,,
ed189879d52d077e5e8b,full_annotation_v1,A,q_운동_04,운동용품점,문화·여가 중 '운동'을 판매·제공하는 매장,val,운동,T2 동의어,281d1c1a-b7b2-4d55-9e3d-2e63cfba6430,스타일래쉬,속눈썹연장,산본로데오거리(구 산본중심상가),자율상권구역,경기도,,,
ef01e34280f2760cbb2d,full_annotation_v1,A,q_운동_04,운동용품점,문화·여가 중 '운동'을 판매·제공하는 매장,val,운동,T2 동의어,d566abd0-ce29-4298-83fa-4476c436f4f7,중앙레포츠,운동용품,고성동벚꽃 골목형상점가,골목형상점가,대구광역시,,,
f65cbd37062d1342410f,full_annotation_v1,A,q_운동_04,운동용품점,문화·여가 중 '운동'을 판매·제공하는 매장,val,운동,T2 동의어,608ea235-9563-4fda-b86d-3171143cefab,중앙체육사,운동용품,여수진남상가,자율상권구역,전라남도,,,
f4a6a94d2f668f11e663,full_annotation_v1,A,q_운동_04,운동용품점,문화·여가 중 '운동'을 판매·제공하는 매장,val,운동,T2 동의어,73a311d6-86eb-49f0-a547-b7b70f49fe29,커버낫제주점,"의류, 잡화, 운동용품",칠성로상점가,자율상권구역,제주특별자치도,,,
f7b3c501d6bb49e091ae,full_annotation_v1,A,q_운동_04,운동용품점,문화·여가 중 '운동'을 판매·제공하는 매장,val,운동,T2 동의어,0a7de62f-b294-412c-b700-0642397eca30,다이나핏 김포장기점,"스포츠 의류, 용품",김포장기패션아울렛,골목형상점가,경기도,,,
cbd94bb303692aace7f4,full_annotation_v1,A,q_운동_04,운동용품점,문화·여가 중 '운동'을 판매·제공하는 매장,val,운동,T2 동의어,040428ab-1a04-452f-8b35-c7c3c993cad8,누아요가,요가,현대센트럴스퀘어,골목형상점가,경기도,,,
5620a88fde982d91b576,full_annotation_v1,A,q_운동_04,운동용품점,문화·여가 중 '운동'을 판매·제공하는 매장,val,운동,T2 동의어,e2f77ad5-6530-4156-83fc-8f6dfff5c38c,현대철물,철물,세은 골목형상점가,골목형상점가,광주광역시,,,
78039f91747f43737aa6,full_annotation_v1,A,q_운동_04,운동용품점,문화·여가 중 '운동'을 판매·제공하는 매장,val,운동,T2 동의어,83f1ae22-60c0-402d-82c4-f273498479f9,헤어아뜨리에 미용실,미용업,연지시장,전통시장,부산광역시,,,
f050f2c579bd27936b5e,full_annotation_v1,A,q_운동_04,운동용품점,문화·여가 중 '운동'을 판매·제공하는 매장,val,운동,T2 동의어,00172c94-61f0-4197-afeb-d7e8187c79b5,옷이예쁘다,의류,메트로센터(반월당지하쇼핑),일반지하상점가,대구광역시,,,
4d4a19a70b0b6693d6d0,full_annotation_v1,A,q_운동_04,운동용품점,문화·여가 중 '운동'을 판매·제공하는 매장,val,운동,T2 동의어,008fbd3f-35b4-431f-8ba5-fc8bcfe4bf83,제이에스피트니스,헬스,동림1 골목형상점가,골목형상점가,광주광역시,,,
cc30811c55b52230d415,full_annotation_v1,A,q_운동_04,운동용품점,문화·여가 중 '운동'을 판매·제공하는 매장,val,운동,T2 동의어,1b4c8cb9-bcdb-45cb-ba0d-a415501b61ff,케이제이㈜,운동용품등,성안길상점가,자율상권구역,충청북도,,,
a3e58d0d309f2686a994,full_annotation_v1,A,q_운동_04,운동용품점,문화·여가 중 '운동'을 판매·제공하는 매장,val,운동,T2 동의어,06a9d0d7-98d4-46de-ba60-78844e443b35,올나잇 피트니스 주식회사,피트니스,부평테마의거리 골목형 상점가,골목형상점가,인천광역시,,,
b79522a20aff9479da69,full_annotation_v1,A,q_운동_04,운동용품점,문화·여가 중 '운동'을 판매·제공하는 매장,val,운동,T2 동의어,15fb9e6a-3b8d-453b-8007-63bba8453c54,에반커피,,삼호동상가 골목형상점가,골목형상점가,울산광역시,,,
2f704841cc72d2ae6bce,full_annotation_v1,A,q_운동_04,운동용품점,문화·여가 중 '운동'을 판매·제공하는 매장,val,운동,T2 동의어,eb8f5dfe-d4ce-4745-b223-3a8ed2d6f8e6,스시바다 진월,초밥,보이저진월 골목형상점가,골목형상점가,광주광역시,,,
1c00a8046f0f6ae149c7,full_annotation_v1,A,q_운동_04,운동용품점,문화·여가 중 '운동'을 판매·제공하는 매장,val,운동,T2 동의어,779536dd-e3ad-4f54-8666-113c2665fe26,삼영사,운동용품,하양꿈바우시장,전통시장,경상북도,,,
cc7fa2ac33b0aa077b0a,full_annotation_v1,A,q_운동_04,운동용품점,문화·여가 중 '운동'을 판매·제공하는 매장,val,운동,T2 동의어,7ebfc01d-2c3c-4d63-b017-d01721fb4af7,가넷 필라테스,운동용품,금산프라자 골목형상점가,골목형상점가,경기도,,,
162907479b38ff680ac0,full_annotation_v1,A,q_운동_04,운동용품점,문화·여가 중 '운동'을 판매·제공하는 매장,val,운동,T2 동의어,00c4a045-8aa5-4995-8313-806b7fcab6ff,남스짐천왕점 헬스PT,,천왕마을 골목형상점가,골목형상점가,서울특별시,,,
5c233bff8782b65caeca,full_annotation_v1,A,q_운동_04,운동용품점,문화·여가 중 '운동'을 판매·제공하는 매장,val,운동,T2 동의어,7a6e35db-4293-47bd-a381-1914b5d8e552,"삼일체육사, 비트로농성점",운동용품,서구청먹자골목상인회 골목형상점가,골목형상점가,광주광역시,,,
cd7f3c0505c080a46914,full_annotation_v1,A,q_운동_04,운동용품점,문화·여가 중 '운동'을 판매·제공하는 매장,val,운동,T2 동의어,a147473e-8a96-4f24-8220-1895eb6e6b77,무학 참숯 소갈비살,한식,두산동밤마실거리 골목형상점가,골목형상점가,대구광역시,,,
7aa6ef94e6c7edb8dedb,full_annotation_v1,A,q_운동_04,운동용품점,문화·여가 중 '운동'을 판매·제공하는 매장,val,운동,T2 동의어,1f27c5f0-6c30-40aa-9345-2476a5d31298,약초흑염소,흑염소,신효천 골목형상점가,골목형상점가,광주광역시,,,
96a9f42630246d2c6fd4,full_annotation_v1,A,q_운동_04,운동용품점,문화·여가 중 '운동'을 판매·제공하는 매장,val,운동,T2 동의어,96d7e4fd-3193-47db-8c4d-8b82934020d0,전주요넥스,운동용품,숲정이 골목형상점가,골목형상점가,전북특별자치도,,,
dfd8d24cea61c807139b,full_annotation_v1,A,q_운동_04,운동용품점,문화·여가 중 '운동'을 판매·제공하는 매장,val,운동,T2 동의어,7b9fa333-282c-4ed3-97e0-b903014cb92d,혜경상회,농산물,가락몰골목형상점가,골목형상점가,서울특별시,,,
1250fb7bc50a087ef6af,full_annotation_v1,A,q_운동_04,운동용품점,문화·여가 중 '운동'을 판매·제공하는 매장,val,운동,T2 동의어,003adf4b-eb63-4fd3-92d3-e139c6f1c22d,새롬필라테스,필라테스,새롬동 골목형상점가,골목형상점가,세종특별자치시,,,
7e028b6e5fd6e40a20ee,full_annotation_v1,A,q_운동_04,운동용품점,문화·여가 중 '운동'을 판매·제공하는 매장,val,운동,T2 동의어,98688b8a-da04-4e54-8417-b52f69dae124,마무트 안산점,운동용품,안산패션타운전통시장,전통시장,경기도,,,
89d89283c0685e05c015,full_annotation_v1,A,q_운동_04,운동용품점,문화·여가 중 '운동'을 판매·제공하는 매장,val,운동,T2 동의어,dca63815-e451-4c31-b363-a1603189d1ea,삼일체육사,운동용품,강진중앙로상가,자율상권구역,전라남도,,,
35aa4a791ec1767604ff,full_annotation_v1,A,q_운동_04,운동용품점,문화·여가 중 '운동'을 판매·제공하는 매장,val,운동,T2 동의어,e8e8e51d-2165-4d9d-a6c6-977277aba92e,명품떡방앗간,떡,구미 진평음식문화특화거리 골목형상점가,골목형상점가,경상북도,,,
9bdaadcab685fca0b7d2,full_annotation_v1,A,q_운동_04,운동용품점,문화·여가 중 '운동'을 판매·제공하는 매장,val,운동,T2 동의어,12bc211d-f83f-4441-b474-c14bf5a6e1ac,원스트링,운동용품,우산중흥에쓰클래스 골목형상점가,골목형상점가,광주광역시,,,
26101944dab3bb2a8930,full_annotation_v1,A,q_운동_04,운동용품점,문화·여가 중 '운동'을 판매·제공하는 매장,val,운동,T2 동의어,21bfd845-8c16-4b67-809f-81a3833826c0,케이폴앤댄스,피트니스,남양역골로상점가,골목형상점가,경기도,,,
eb1b4840de27dde5adca,full_annotation_v1,A,q_운동_04,운동용품점,문화·여가 중 '운동'을 판매·제공하는 매장,val,운동,T2 동의어,d05bd7fd-78c3-4d72-a323-70343d5b75e3,삼진상회,곡물,아랫장,전통시장,전라남도,,,
610955af8f5f8b50d046,full_annotation_v1,A,q_운동_04,운동용품점,문화·여가 중 '운동'을 판매·제공하는 매장,val,운동,T2 동의어,00a27d0e-2216-4ff5-94fe-7acd76db3da3,짐자반 헬스 PT 하남시청역점,"헬스장 회원권, 개인레슨",덕풍전통시장,전통시장,경기도,,,
35ff3af7b45380e26ba7,full_annotation_v1,A,q_운동_04,운동용품점,문화·여가 중 '운동'을 판매·제공하는 매장,val,운동,T2 동의어,0ceaf276-fe31-4cdc-a6fd-a64d15055b65,톨비스트 제주점,"의류, 운동용품",칠성로상점가,자율상권구역,제주특별자치도,,,
1d20223a96478e4e614c,full_annotation_v1,A,q_운동_04,운동용품점,문화·여가 중 '운동'을 판매·제공하는 매장,val,운동,T2 동의어,7177d875-0d4a-4712-8797-ce717241dc79,광주하나스포츠,운동용품,임동 골목형상점가,골목형상점가,광주광역시,,,
ee1161e8e15329e8f9a0,full_annotation_v1,A,q_운동_04,운동용품점,문화·여가 중 '운동'을 판매·제공하는 매장,val,운동,T2 동의어,87d174db-7c3c-4e65-b60b-cfceb071afe0,공작폐백용품점,건어물,천안중앙시장,전통시장,충청남도,,,
ec52fff32c9c6570f594,full_annotation_v1,A,q_운동_04,운동용품점,문화·여가 중 '운동'을 판매·제공하는 매장,val,운동,T2 동의어,07d89ce7-de40-4795-a10b-414cc1e269ef,매곡 천부경 명상센터,"명상수련, 요가",매곡동 골목형상점가,골목형상점가,광주광역시,,,
a7267db4723697398566,full_annotation_v1,A,q_운동_04,운동용품점,문화·여가 중 '운동'을 판매·제공하는 매장,val,운동,T2 동의어,b97df34a-7d8d-4975-ac93-ae10bb731ca5,휠라스포츠,운동용품,고성동벚꽃 골목형상점가,골목형상점가,대구광역시,,,
80e8203b32060bf80921,full_annotation_v1,A,q_운동_04,운동용품점,문화·여가 중 '운동'을 판매·제공하는 매장,val,운동,T2 동의어,06f75bcb-8c04-46f9-9315-b56a3f1d7a63,스윙&플라멩고,운동복,대현프리몰 대구점,일반지하상점가,대구광역시,,,
aa64bd9b169e0354fc3a,full_annotation_v1,A,q_운동_04,운동용품점,문화·여가 중 '운동'을 판매·제공하는 매장,val,운동,T2 동의어,fce9fa7d-24ff-4087-8eb4-460e7940a83c,서울체육사,운동용품,진도 남문로 상권활성화구역,상권활성화구역,전라남도,,,
5ade4215afd3914f20b2,full_annotation_v1,A,q_운동_04,운동용품점,문화·여가 중 '운동'을 판매·제공하는 매장,val,운동,T2 동의어,5d9bcfe8-1e87-4ad3-9cfe-23c331aa24d9,더존필라테스,필라테스 운동용품,중동사랑시장,전통시장,경기도,,,
b03128c81a8fc8fe5866,full_annotation_v1,A,q_운동_04,운동용품점,문화·여가 중 '운동'을 판매·제공하는 매장,val,운동,T2 동의어,2a8a0023-c894-4803-a17e-5122cec96204,호남스포츠,운동용품및등산용품 헬스기구 의류 신발,전주원도심 골목형상점가,골목형상점가,전북특별자치도,,,
d0036141795651342b59,full_annotation_v1,A,q_운동_04,운동용품점,문화·여가 중 '운동'을 판매·제공하는 매장,val,운동,T2 동의어,0041f699-c619-48b9-b3a9-814af9905c66,GB트레이닝센터,운동,일곡동(제5지역:제1근린공원 건너편),골목형상점가,광주광역시,,,
a27c2609aaca2717955d,full_annotation_v1,A,q_운동_04,운동용품점,문화·여가 중 '운동'을 판매·제공하는 매장,val,운동,T2 동의어,cb22fdf2-8a20-480a-855b-bef845e2e02a,대한체육사,운동용품 등,중앙로2 골목형상점가,골목형상점가,충청남도,,,
71676ed847c20ac6d8ae,full_annotation_v1,A,q_운동_04,운동용품점,문화·여가 중 '운동'을 판매·제공하는 매장,val,운동,T2 동의어,00124602-ef4e-472c-91ee-de53b28d7530,화이트,의류,울산번개시장,전통시장,울산광역시,,,
3d4b52f0232bb7e28b02,full_annotation_v1,A,q_운동_04,운동용품점,문화·여가 중 '운동'을 판매·제공하는 매장,val,운동,T2 동의어,1a59f67f-241e-497d-8126-17e0cb51e7ff,신선빨강떡볶이,음식점업,호계종합시장,전통시장,경기도,,,
817f6e865bd452d770f6,full_annotation_v1,A,q_운동_04,운동용품점,문화·여가 중 '운동'을 판매·제공하는 매장,val,운동,T2 동의어,65d174ae-3e9c-411f-b637-6fb2a49172a7,현정수산,어패류,서천특화시장,전통시장,충청남도,,,
ab1ee31a30b8224bf8f6,full_annotation_v1,A,q_운동_04,운동용품점,문화·여가 중 '운동'을 판매·제공하는 매장,val,운동,T2 동의어,8c523c87-eec0-4ba1-91c0-c88473488ab4,르까프사당,운동용품,동작구 LINK 상권활성화구역,상권활성화구역,서울특별시,,,
71b6138ed1afc169acc3,full_annotation_v1,A,q_운동_04,운동용품점,문화·여가 중 '운동'을 판매·제공하는 매장,val,운동,T2 동의어,6dc95ff3-198b-405b-88b2-3ac707f72f41,장안스포츠,운동용품,공주산성 활성화구역,상권활성화구역,충청남도,,,
806c35891f32a43d3828,full_annotation_v1,A,q_운동_04,운동용품점,문화·여가 중 '운동'을 판매·제공하는 매장,val,운동,T2 동의어,fe5e41f1-3af0-4968-8a38-af6a9515a6d9,이화양품,숙녀복,안양중앙인정시장,전통시장,경기도,,,
b16196666eafac29d619,full_annotation_v1,A,q_운동_04,운동용품점,문화·여가 중 '운동'을 판매·제공하는 매장,val,운동,T2 동의어,a5bffe95-5e3d-4517-b383-e2e82ad3274e,마실파크골프노원점,운동용품,상계중앙시장,전통시장,서울특별시,,,
05a8e1c773377946e67d,full_annotation_v1,A,q_운동_05,피트니스센터,문화·여가 중 '운동'을 판매·제공하는 매장,val,운동,T2 동의어,f1d7a9b4-e15b-49c5-ab11-ca40f1618fe7,990짐(구구공짐),피트니스 서비스,권율 골목형상점가,골목형상점가,경기도,,,
89eea0ca0e505eeec3c1,full_annotation_v1,A,q_운동_05,피트니스센터,문화·여가 중 '운동'을 판매·제공하는 매장,val,운동,T2 동의어,b1aeb407-3d1f-4060-8c31-975c72f46a19,해물촌,한식,임방울거리1구역 골목형상점가,골목형상점가,광주광역시,,,
747b0a1abbe75f42f7c9,full_annotation_v1,A,q_운동_05,피트니스센터,문화·여가 중 '운동'을 판매·제공하는 매장,val,운동,T2 동의어,a5b9f893-a9a6-4c28-8628-f41b8ecbcd8d,반누리반품닷컴 대구점,반품제품 소매업,서대구가구거리 상점가,자율상권구역,대구광역시,,,
51218933281b7c9d3788,full_annotation_v1,A,q_운동_05,피트니스센터,문화·여가 중 '운동'을 판매·제공하는 매장,val,운동,T2 동의어,ba5e4309-8bb2-4953-af75-20844fe84f40,피트니스메카,헬스,봉선로2 골목형상점가,골목형상점가,광주광역시,,,
e96330949ec2f264658f,full_annotation_v1,A,q_운동_05,피트니스센터,문화·여가 중 '운동'을 판매·제공하는 매장,val,운동,T2 동의어,ff30492b-148a-4999-b790-f3fc1228051f,MAXFIT,피트니스,희담길,골목형상점가,광주광역시,,,
2d74c83f5c661a3f63d2,full_annotation_v1,A,q_운동_05,피트니스센터,문화·여가 중 '운동'을 판매·제공하는 매장,val,운동,T2 동의어,86f50a37-6a87-43ab-af77-5d2e551b9f8b,ABC 피트니스,헬스,나릿재마크원 골목형상점가,골목형상점가,세종특별자치시,,,
3109df961b2ecd591123,full_annotation_v1,A,q_운동_05,피트니스센터,문화·여가 중 '운동'을 판매·제공하는 매장,val,운동,T2 동의어,fd62c1dc-f97f-4e68-9eab-d924628476e6,지에스25(GS25) 뉴둔산타운점,편의점,둔산2동 골목형상점가,골목형상점가,대전광역시,,,
b98d97f8ffb7815ced6f,full_annotation_v1,A,q_운동_05,피트니스센터,문화·여가 중 '운동'을 판매·제공하는 매장,val,운동,T2 동의어,1a1c207b-825c-4b54-b28d-43a4e651b83e,레이디핏 여성전용 피트니스,헬스 피트니스 퍼블릭 회원권,행복로골목형상점가,골목형상점가,경기도,,,
ff82c2b0d5f3f8730dcb,full_annotation_v1,A,q_운동_05,피트니스센터,문화·여가 중 '운동'을 판매·제공하는 매장,val,운동,T2 동의어,c259edd4-7a9b-4d3f-8c13-8538f5d2cdb8,몸이좋아짐,피트니스센터,신창 골목형상점가,골목형상점가,광주광역시,,,
b5ada746fec74e0c77d2,full_annotation_v1,A,q_운동_05,피트니스센터,문화·여가 중 '운동'을 판매·제공하는 매장,val,운동,T2 동의어,cccfc569-0f3b-46f8-b34d-672c897e3d9f,옛날과자마켓,과자,문창시장,전통시장,대전광역시,,,
525aeb151dfa972a4941,full_annotation_v1,A,q_운동_05,피트니스센터,문화·여가 중 '운동'을 판매·제공하는 매장,val,운동,T2 동의어,b80ef161-dc26-4821-9801-a8a20c0423b8,피트니스055 명서점,헬스,창원 명곡종합상가,전통시장,경상남도,,,
bbd59ebed318a9041a5a,full_annotation_v1,A,q_운동_05,피트니스센터,문화·여가 중 '운동'을 판매·제공하는 매장,val,운동,T2 동의어,f6f16065-5228-4b91-b991-f6953ca37f9f,준9407,의류,부평깡통시장(구 부산부평시장),전통시장,부산광역시,,,
c06b8760bbe10b5eaded,full_annotation_v1,A,q_운동_05,피트니스센터,문화·여가 중 '운동'을 판매·제공하는 매장,val,운동,T2 동의어,f2434cf3-e625-4250-b3bf-2fc6439b689d,소영수산,수산물,부산공동어시장상점가,자율상권구역,부산광역시,,,
8ec92e916bb834958a57,full_annotation_v1,A,q_운동_05,피트니스센터,문화·여가 중 '운동'을 판매·제공하는 매장,val,운동,T2 동의어,cef2bb2a-029e-43db-bbcc-8c5d444a6faa,피트니스99,,거제 장평종합시장,전통시장,경상남도,,,
2e4b0fc606512ce9d206,full_annotation_v1,A,q_운동_05,피트니스센터,문화·여가 중 '운동'을 판매·제공하는 매장,val,운동,T2 동의어,09815d92-d0f0-4c87-b4fa-1194f86c53c0,유성프로스펙스,"스포츠의류, 용품",장대동패션상가 골목형상점가,골목형상점가,대전광역시,,,
39e22b106b70ba46d8f8,full_annotation_v1,A,q_운동_05,피트니스센터,문화·여가 중 '운동'을 판매·제공하는 매장,val,운동,T2 동의어,c23afe16-7587-4348-9cb3-a00a1561e2f1,이즈커튼&블라인드,커튼블라인드소품,서대신동골목시장,전통시장,부산광역시,,,
0e5562282c6d528c1c2b,full_annotation_v1,A,q_운동_05,피트니스센터,문화·여가 중 '운동'을 판매·제공하는 매장,val,운동,T2 동의어,00054f1d-4cae-4345-9975-1423bc49e4dc,착한아이들,의류,중앙전통시장,전통시장,울산광역시,,,
4c61f1d518db32b6d072,full_annotation_v1,A,q_운동_05,피트니스센터,문화·여가 중 '운동'을 판매·제공하는 매장,val,운동,T2 동의어,00c4a045-8aa5-4995-8313-806b7fcab6ff,남스짐천왕점 헬스PT,,천왕마을 골목형상점가,골목형상점가,서울특별시,,,
b098d629d55967dad144,full_annotation_v1,A,q_운동_05,피트니스센터,문화·여가 중 '운동'을 판매·제공하는 매장,val,운동,T2 동의어,5bcf8ba5-504a-482a-b5b2-9b32fc390db3,더핏 피트니스,헬스,노대물빛근린공원 골목형상점가,골목형상점가,광주광역시,,,
5dfbe85cc80a712c21fa,full_annotation_v1,A,q_운동_05,피트니스센터,문화·여가 중 '운동'을 판매·제공하는 매장,val,운동,T2 동의어,a34e252a-e381-487c-aa5d-1e4a13a28bbc,픽베이크,베이커리,동성로 상권활성화구역,상권활성화구역,대구광역시,,,
e495752485f12928c9c7,full_annotation_v1,A,q_운동_05,피트니스센터,문화·여가 중 '운동'을 판매·제공하는 매장,val,운동,T2 동의어,c0aa12ed-c2e5-4471-9949-2529e5d45d89,피트니스레드문,헬스 피티 필라테스,산본로데오거리(구 산본중심상가),자율상권구역,경기도,,,
739c98b8fe6056562344,full_annotation_v1,A,q_운동_05,피트니스센터,문화·여가 중 '운동'을 판매·제공하는 매장,val,운동,T2 동의어,10ff23a0-1158-4fbd-90f7-0d3fd3e59ba5,한가네 숯불닭갈비,한식,대명여울빛거리시장,전통시장,서울특별시,,,
e534c78ec86041bb72a7,full_annotation_v1,A,q_운동_05,피트니스센터,문화·여가 중 '운동'을 판매·제공하는 매장,val,운동,T2 동의어,fa172711-c358-4eff-b06f-13bd59fcd52e,기린 피트니스,,울산대바보사거리 골목형상점가,골목형상점가,울산광역시,,,
d3deac59b7b70cb20d6e,full_annotation_v1,A,q_운동_05,피트니스센터,문화·여가 중 '운동'을 판매·제공하는 매장,val,운동,T2 동의어,00a27d0e-2216-4ff5-94fe-7acd76db3da3,짐자반 헬스 PT 하남시청역점,"헬스장 회원권, 개인레슨",덕풍전통시장,전통시장,경기도,,,
83620b436902a3933bab,full_annotation_v1,A,q_운동_05,피트니스센터,문화·여가 중 '운동'을 판매·제공하는 매장,val,운동,T2 동의어,00124602-ef4e-472c-91ee-de53b28d7530,화이트,의류,울산번개시장,전통시장,울산광역시,,,
fd0f470d073c0c37baf4,full_annotation_v1,A,q_운동_05,피트니스센터,문화·여가 중 '운동'을 판매·제공하는 매장,val,운동,T2 동의어,06a9d0d7-98d4-46de-ba60-78844e443b35,올나잇 피트니스 주식회사,피트니스,부평테마의거리 골목형 상점가,골목형상점가,인천광역시,,,
c1fbf6930fff3381ce7a,full_annotation_v1,A,q_운동_05,피트니스센터,문화·여가 중 '운동'을 판매·제공하는 매장,val,운동,T2 동의어,008fbd3f-35b4-431f-8ba5-fc8bcfe4bf83,제이에스피트니스,헬스,동림1 골목형상점가,골목형상점가,광주광역시,,,
c0ccdec42ea6a4b12310,full_annotation_v1,A,q_운동_05,피트니스센터,문화·여가 중 '운동'을 판매·제공하는 매장,val,운동,T2 동의어,21bfd845-8c16-4b67-809f-81a3833826c0,케이폴앤댄스,피트니스,남양역골로상점가,골목형상점가,경기도,,,
96b253f6e61a1386a3e4,full_annotation_v1,A,q_운동_05,피트니스센터,문화·여가 중 '운동'을 판매·제공하는 매장,val,운동,T2 동의어,9b7ff15b-e59c-422d-b8bb-19ecdc8aa531,제이지스포츠재활운동센터,피트니스,못골골목시장,전통시장,부산광역시,,,
5aa93b4ef25b746c0e04,full_annotation_v1,A,q_운동_05,피트니스센터,문화·여가 중 '운동'을 판매·제공하는 매장,val,운동,T2 동의어,d4a2156d-fdab-43c2-b320-c9a23587e697,점핑머신 울산점,피트니스,동울산만세대 골목형상점가,골목형상점가,울산광역시,,,
dea10399f637f65a6d73,full_annotation_v1,A,q_운동_05,피트니스센터,문화·여가 중 '운동'을 판매·제공하는 매장,val,운동,T2 동의어,020180c1-e676-4f99-84db-9b56504222f2,아름드리 필라테스&PT,필라테스요가바레필라테스,아름드리 골목형상점가,골목형상점가,세종특별자치시,,,
acbcf2746fd7116b7a40,full_annotation_v1,A,q_운동_05,피트니스센터,문화·여가 중 '운동'을 판매·제공하는 매장,val,운동,T2 동의어,36f4d9e2-889a-4168-b518-51e2ddf773df,킴스휘트니스클리닉,피트니스,아름동상점가,자율상권구역,세종특별자치시,,,
50f0e0818a1671581fc5,full_annotation_v1,A,q_운동_05,피트니스센터,문화·여가 중 '운동'을 판매·제공하는 매장,val,운동,T2 동의어,0214eb76-f204-4d4f-9645-f0444d2c5f33,베이글짐,헬스장,도담동 골목형상점가,골목형상점가,세종특별자치시,,,
60a3a8cb97ebfcd51be1,full_annotation_v1,A,q_운동_05,피트니스센터,문화·여가 중 '운동'을 판매·제공하는 매장,val,운동,T2 동의어,0041f699-c619-48b9-b3a9-814af9905c66,GB트레이닝센터,운동,일곡동(제5지역:제1근린공원 건너편),골목형상점가,광주광역시,,,
44d484e85925ee65a20a,full_annotation_v1,A,q_운동_05,피트니스센터,문화·여가 중 '운동'을 판매·제공하는 매장,val,운동,T2 동의어,06f75bcb-8c04-46f9-9315-b56a3f1d7a63,스윙&플라멩고,운동복,대현프리몰 대구점,일반지하상점가,대구광역시,,,
c1405fe7900a2b77094b,full_annotation_v1,A,q_운동_05,피트니스센터,문화·여가 중 '운동'을 판매·제공하는 매장,val,운동,T2 동의어,36a81c7d-d958-4f7b-a60c-ff30e57a32ae,이화수 전통육개장 오류점,육개장,오류동 특화거리 상점가,자율상권구역,대전광역시,,,
324b435fe3613c15fb1e,full_annotation_v1,A,q_운동_05,피트니스센터,문화·여가 중 '운동'을 판매·제공하는 매장,val,운동,T2 동의어,00f8d2a4-8e38-485b-a09e-280a1aa0c326,라인엑스피티스튜디오,"헬스, PT",수지성복플러스 골목형상점가,골목형상점가,경기도,,,
a843f6b633c83885f7e1,full_annotation_v1,A,q_운동_05,피트니스센터,문화·여가 중 '운동'을 판매·제공하는 매장,val,운동,T2 동의어,f20ee14b-00fe-42cc-9a55-44db8b799d54,피트니스055 경남대점,헬스상품,마산 월영대시장,전통시장,경상남도,,,
366bce8604b84bf421c3,full_annotation_v1,A,q_운동_05,피트니스센터,문화·여가 중 '운동'을 판매·제공하는 매장,val,운동,T2 동의어,e40de4d2-0f17-4bad-a973-db0dab2ba6c5,피트니스메카[풍암점],헬스장,풍암동부상인회 골목형상점가,골목형상점가,광주광역시,,,
2c2bee30efbb89f0d1aa,full_annotation_v1,A,q_운동_05,피트니스센터,문화·여가 중 '운동'을 판매·제공하는 매장,val,운동,T2 동의어,d17602f3-dacb-4ce0-97e4-a553b74367e3,MAXFIT,피트니스,희담길,골목형상점가,광주광역시,,,
ed5cfc759d5c96ee819d,full_annotation_v1,A,q_운동_05,피트니스센터,문화·여가 중 '운동'을 판매·제공하는 매장,val,운동,T2 동의어,d7987e23-b7e8-4ced-a117-28546ccf0f67,피트니스N 2호점,체력단력장업,법원 앞 사과마을 골목형상점가,골목형상점가,광주광역시,,,
13426c7c632b401d8c7a,full_annotation_v1,A,q_운동_05,피트니스센터,문화·여가 중 '운동'을 판매·제공하는 매장,val,운동,T2 동의어,19cbf6ac-0da1-47dd-9000-8c83b9768dfa,디올핏 피트니스,필라테스,우산상인회 골목형상점가,골목형상점가,광주광역시,,,
f1c3f9437cd500e0f16f,full_annotation_v1,A,q_운동_05,피트니스센터,문화·여가 중 '운동'을 판매·제공하는 매장,val,운동,T2 동의어,35f62c74-3304-4a6c-a21f-28b253239019,하이무브 피트니스,피트니스 센터,산본로데오거리(구 산본중심상가),자율상권구역,경기도,,,
e333c88983f01d99c680,full_annotation_v1,A,q_운동_05,피트니스센터,문화·여가 중 '운동'을 판매·제공하는 매장,val,운동,T2 동의어,f5e649ab-03de-4bfb-a5aa-a7b470454ab9,피트니스 스타,헬스클럽,화정한울타리상인회 골목형상점가,골목형상점가,광주광역시,,,
54b8d68f22b7ed84f0f2,full_annotation_v1,A,q_운동_05,피트니스센터,문화·여가 중 '운동'을 판매·제공하는 매장,val,운동,T2 동의어,07d89ce7-de40-4795-a10b-414cc1e269ef,매곡 천부경 명상센터,"명상수련, 요가",매곡동 골목형상점가,골목형상점가,광주광역시,,,
1f5dc15d13be5538c845,full_annotation_v1,A,q_운동_05,피트니스센터,문화·여가 중 '운동'을 판매·제공하는 매장,val,운동,T2 동의어,5f69bfb2-e7cf-4b04-b8b1-227cbcd2adad,장윤주 복싱 피트니스,복싱도장,안양아크로상가골목형상점가,골목형상점가,경기도,,,
019891edaeb70138d25a,full_annotation_v1,A,q_운동_05,피트니스센터,문화·여가 중 '운동'을 판매·제공하는 매장,val,운동,T2 동의어,08bf522e-2d12-4ba2-95aa-344e372f90d7,수지패션,운동용품,원조낙지골목상점가,자율상권구역,전라남도,,,
4aeddc82b300a1073a8a,full_annotation_v1,A,q_운동_05,피트니스센터,문화·여가 중 '운동'을 판매·제공하는 매장,val,운동,T2 동의어,00158f51-4d3a-4ac0-9e38-b37552f5e097,지지배,의류,나주금빛상점가,자율상권구역,전라남도,,,
0ce078368e0bebf54374,full_annotation_v1,A,q_운동_05,피트니스센터,문화·여가 중 '운동'을 판매·제공하는 매장,val,운동,T2 동의어,54994c5b-8f1c-4a54-a4b7-dd3bc930a7d5,엠티오 피트니스 청당점,,청당4번가 골목형상점가,골목형상점가,충청남도,,,
44eae648956eabcd0b01,full_annotation_v1,A,q_운동_05,피트니스센터,문화·여가 중 '운동'을 판매·제공하는 매장,val,운동,T2 동의어,7915bda5-bd67-474c-a69f-e0a1701429e4,커브스동백클럽,피트니스,동백 이음길 골목형상점가,골목형상점가,경기도,,,
0dbc6f23629072eef207,full_annotation_v1,A,q_운동_05,피트니스센터,문화·여가 중 '운동'을 판매·제공하는 매장,val,운동,T2 동의어,14ce00a0-8171-41bb-b6c0-9f8671f7d213,피트니스 아레나,,운암북문대로 골목형상점가,골목형상점가,,,,
9e889e1c40a84a7d4141,full_annotation_v1,A,q_운동_05,피트니스센터,문화·여가 중 '운동'을 판매·제공하는 매장,val,운동,T2 동의어,edcd962b-8c0c-4fcc-8aa5-65d00a4502ef,바디붐,피트니스센터,의정부시 구도심 상권활성화구역,상권활성화구역,경기도,,,
f11b1eff2e1bf6c297b5,full_annotation_v1,A,q_운동_05,피트니스센터,문화·여가 중 '운동'을 판매·제공하는 매장,val,운동,T2 동의어,19c837f0-c4ed-4814-9a26-83e38b252270,목구멍(대전서구점),돼지고기,둔산2동 골목형상점가,골목형상점가,대전광역시,,,
f0deb902a1e6e6f105dd,full_annotation_v1,A,q_운동_05,피트니스센터,문화·여가 중 '운동'을 판매·제공하는 매장,val,운동,T2 동의어,07466d2d-51a2-4c17-8dcf-1af1bfb6f868,금강랜드로바 원주점,운동화가죽신발등산용품,원주중앙로문화의거리,자율상권구역,강원특별자치도,,,
5600e46d5096ebb3a93e,full_annotation_v1,A,q_운동_05,피트니스센터,문화·여가 중 '운동'을 판매·제공하는 매장,val,운동,T2 동의어,6d7e6d5c-5684-4d8d-b251-f68a8ed49015,팰리스 피트니스,피트니스,궁전 골목형상점가,골목형상점가,부산광역시,,,
8d55161c4fc42b1ffce1,full_annotation_v1,A,q_운동_05,피트니스센터,문화·여가 중 '운동'을 판매·제공하는 매장,val,운동,T2 동의어,30380264-31ad-4863-ad1b-e8459f78f274,포레스힐 피트니스,체력단련,운암동 행복한 길 골목형상점가,골목형상점가,광주광역시,,,
a5fd803da8b83f040d9b,full_annotation_v1,A,q_운동_05,피트니스센터,문화·여가 중 '운동'을 판매·제공하는 매장,val,운동,T2 동의어,2565c1a2-bef2-4867-8f04-20053b2b57e5,하나비즈니스센터,"회의실, 사무실등 기타",나성동 골목형상점가,골목형상점가,세종특별자치시,,,
ffc440e2b21bf5b43d44,full_annotation_v1,A,q_운동_05,피트니스센터,문화·여가 중 '운동'을 판매·제공하는 매장,val,운동,T2 동의어,d7ecb526-ed4e-454b-93b1-3232b17c8698,피트니스스타 동광주점,헬스,초록쉼터길 골목형상점가,골목형상점가,광주광역시,,,
c2987a13d6775b665994,full_annotation_v1,A,q_운동_05,피트니스센터,문화·여가 중 '운동'을 판매·제공하는 매장,val,운동,T2 동의어,033d99e2-0579-45d7-9d48-d999b90dd98a,M필라테스&요가,"필라테스, 요가",조종시장,전통시장,경기도,,,
643698e8a19f2cbad13f,full_annotation_v1,A,q_운동_05,피트니스센터,문화·여가 중 '운동'을 판매·제공하는 매장,val,운동,T2 동의어,48ec2024-ee31-4ae0-bb8f-2126c5bfaa61,하다피트니스,피트니스,과천새서울프라자시장,전통시장,경기도,,,
a4797ece338ae27fd430,full_annotation_v1,A,q_운동_05,피트니스센터,문화·여가 중 '운동'을 판매·제공하는 매장,val,운동,T2 동의어,fc1dd3a1-d485-41c0-b22f-42fdfd8fb4e6,피트니스H갈매점,,갈매애비뉴 골목형상점가,골목형상점가,경기도,,,
fb5a1552ebc3e57c7d8e,full_annotation_v1,A,q_운동_05,피트니스센터,문화·여가 중 '운동'을 판매·제공하는 매장,val,운동,T2 동의어,33d3143f-bd6a-4622-b1b8-277db6c45363,육회독존,한식,대명여울빛거리시장,전통시장,서울특별시,,,
dd3922182801e66325e6,full_annotation_v1,A,q_운동_05,피트니스센터,문화·여가 중 '운동'을 판매·제공하는 매장,val,운동,T2 동의어,0a7de62f-b294-412c-b700-0642397eca30,다이나핏 김포장기점,"스포츠 의류, 용품",김포장기패션아울렛,골목형상점가,경기도,,,
199c741ba5acf521b2f3,full_annotation_v1,A,q_운동_05,피트니스센터,문화·여가 중 '운동'을 판매·제공하는 매장,val,운동,T2 동의어,39e7204b-52c0-4558-abf3-bcc069b78da8,꽃단지,여성의류,황성상점가,자율상권구역,경상북도,,,
1e3eee539b283a00e7a6,full_annotation_v1,A,q_운동_05,피트니스센터,문화·여가 중 '운동'을 판매·제공하는 매장,val,운동,T2 동의어,018b2dd0-5613-482c-b714-e30dcfa584fd,씨엘 필라테스 안산고잔점,필라테스,도리섬상점가,자율상권구역,경기도,,,
fef244a1c6168531e2d2,full_annotation_v1,A,q_운동_05,피트니스센터,문화·여가 중 '운동'을 판매·제공하는 매장,val,운동,T2 동의어,0151b1ea-e648-438b-83b0-efcf6f387e9b,크로스핏 터,운동 서비스,열매 골목형상점가,골목형상점가,대전광역시,,,
4dce855f8b3969c9a0f6,full_annotation_v1,A,q_운동_05,피트니스센터,문화·여가 중 '운동'을 판매·제공하는 매장,val,운동,T2 동의어,ef5b0db5-1e81-4e22-aa70-c17241892888,멋짐 피트니스,피트니스,유촌동상인회 골목형상점가,골목형상점가,광주광역시,,,
06602349180eaa099695,full_annotation_v1,A,q_운동_05,피트니스센터,문화·여가 중 '운동'을 판매·제공하는 매장,val,운동,T2 동의어,4c0cadbe-0fe6-4f77-9bd6-36dc170a865e,피트니느새봄,헬스,희담길,골목형상점가,광주광역시,,,
ca3afb8aecee72103667,full_annotation_v1,A,q_운동_05,피트니스센터,문화·여가 중 '운동'을 판매·제공하는 매장,val,운동,T2 동의어,000a92b3-0b5e-429e-af00-f86e3570e24b,클로버,의류,관문상가시장,전통시장,대구광역시,,,
623a9d522dabd45a5b87,full_annotation_v1,A,q_운동_05,피트니스센터,문화·여가 중 '운동'을 판매·제공하는 매장,val,운동,T2 동의어,3e005de2-e09b-4a1c-b6df-7d3f0777e94b,히든피트니스,헬스장피트니스,태릉골목형상점가,골목형상점가,서울특별시,,,
7c33fcbfbf9a88305295,full_annotation_v1,A,q_운동_05,피트니스센터,문화·여가 중 '운동'을 판매·제공하는 매장,val,운동,T2 동의어,08de408a-f260-4467-b375-768cbd50e14d,본소마메드짐 재활운동&PT,운동,용강동상점가,자율상권구역,서울특별시,,,
63087842e18e96cee93d,full_annotation_v1,A,q_운동_05,피트니스센터,문화·여가 중 '운동'을 판매·제공하는 매장,val,운동,T2 동의어,00172c94-61f0-4197-afeb-d7e8187c79b5,옷이예쁘다,의류,메트로센터(반월당지하쇼핑),일반지하상점가,대구광역시,,,
a19192cef8d0cf3d75e1,full_annotation_v1,A,q_운동_05,피트니스센터,문화·여가 중 '운동'을 판매·제공하는 매장,val,운동,T2 동의어,0080a859-c5d8-4b43-b14c-d5eb844118a0,헬스맨헬스걸,헬스장,비래동골목형상점가,골목형상점가,대전광역시,,,
d1e1681919e3bfdf33f7,full_annotation_v1,A,q_운동_05,피트니스센터,문화·여가 중 '운동'을 판매·제공하는 매장,val,운동,T2 동의어,0066174b-64aa-428a-b8d6-f9bae4107429,크로스핏 엘리트짐,기능성운동,노은역 골목형상점가,골목형상점가,대전광역시,,,
3c3ab11f772bc8298178,full_annotation_v1,A,q_운동_05,피트니스센터,문화·여가 중 '운동'을 판매·제공하는 매장,val,운동,T2 동의어,003adf4b-eb63-4fd3-92d3-e139c6f1c22d,새롬필라테스,필라테스,새롬동 골목형상점가,골목형상점가,세종특별자치시,,,
a100d76d490abcc02baa,full_annotation_v1,A,q_운동_05,피트니스센터,문화·여가 중 '운동'을 판매·제공하는 매장,val,운동,T2 동의어,2404c8bf-9dd3-4aa5-9201-a3509574b84e,아산쌀유통,쌀,구월도매전통시장,전통시장,인천광역시,,,
bc676125ae057a7a754b,full_annotation_v1,A,q_운동_05,피트니스센터,문화·여가 중 '운동'을 판매·제공하는 매장,val,운동,T2 동의어,00a3eb8f-b86a-4b8c-933c-ffaee551fdba,신시아 필라테스,필라테스 센터,겸재한신길 골목형상점가,골목형상점가,서울특별시,,,
baa8eb370e55f18dd5fd,full_annotation_v1,A,q_운동_05,피트니스센터,문화·여가 중 '운동'을 판매·제공하는 매장,val,운동,T2 동의어,6f280537-5e98-449b-a74f-b942d1876591,광산통닭,치킨,임방울거리1구역 골목형상점가,골목형상점가,광주광역시,,,
df3fcd89e2b7b6f9eff3,full_annotation_v1,A,q_운동_05,피트니스센터,문화·여가 중 '운동'을 판매·제공하는 매장,val,운동,T2 동의어,b4f979c5-4f1e-4697-8977-6238d65f450a,비타민휘트니스센터,헬스장,선부광장로상점가,자율상권구역,경기도,,,
e4f5b004f336f9226d9d,full_annotation_v1,A,q_운동_05,피트니스센터,문화·여가 중 '운동'을 판매·제공하는 매장,val,운동,T2 동의어,01a5e178-ba34-4e15-ac4d-07a398900593,가자점핑다이어트클럽,"점핑, 요가",문흥2동 골목형상점가,골목형상점가,광주광역시,,,
62c7a1646aba720b82cd,full_annotation_v1,A,q_운동_05,피트니스센터,문화·여가 중 '운동'을 판매·제공하는 매장,val,운동,T2 동의어,c5083e5b-5aab-4c0f-a1de-2c0e0223257a,코어핏 피트니스,체력단련,운암 다정 골목형상점가,골목형상점가,광주광역시,,,
0ca68ea0e6ae3dc639b9,full_annotation_v1,A,q_운동_05,피트니스센터,문화·여가 중 '운동'을 판매·제공하는 매장,val,운동,T2 동의어,048fabc3-75b2-4f4a-a101-a1ab8a521715,쌍둥이식당,한식,포항죽도시장,전통시장,경상북도,,,
1e9f2e532b606e3c5793,full_annotation_v1,A,q_운동_05,피트니스센터,문화·여가 중 '운동'을 판매·제공하는 매장,val,운동,T2 동의어,107200da-93f6-4d87-8a8c-f8f6048c4c23,점핑 런,점핑 피트니스,동천동먹자골목1번가상인회 골목형상점가,골목형상점가,광주광역시,,,
8b952a70cf386bbdb5ab,full_annotation_v1,A,q_운동_05,피트니스센터,문화·여가 중 '운동'을 판매·제공하는 매장,val,운동,T2 동의어,040428ab-1a04-452f-8b35-c7c3c993cad8,누아요가,요가,현대센트럴스퀘어,골목형상점가,경기도,,,
a539bb919f77def61e8a,full_annotation_v1,A,q_운동_06,필라테스,문화·여가 중 '운동'을 판매·제공하는 매장,val,운동,T2 동의어,c8363501-295d-4d15-bbd4-66eff16a1c19,필라테스 리브인,필라테스,혁신도시5구역골목형상점가,골목형상점가,강원특별자치도,,,
b432b20623a93485178c,full_annotation_v1,A,q_운동_06,필라테스,문화·여가 중 '운동'을 판매·제공하는 매장,val,운동,T2 동의어,9e08ef05-23a9-4c14-9f2f-6429cf7ed9f8,숨필라테스,필라테스,신대3길 상생 골목형상점가,골목형상점가,전라남도,,,
002281096c86924a9277,full_annotation_v1,A,q_운동_06,필라테스,문화·여가 중 '운동'을 판매·제공하는 매장,val,운동,T2 동의어,c785efe0-192d-4bd6-a727-24a6d5249bab,셀필라테스,필라테스,본촌 사랑마을 골목형상점가,골목형상점가,광주광역시,,,
2597f659372bfd58bd14,full_annotation_v1,A,q_운동_06,필라테스,문화·여가 중 '운동'을 판매·제공하는 매장,val,운동,T2 동의어,00158f51-4d3a-4ac0-9e38-b37552f5e097,지지배,의류,나주금빛상점가,자율상권구역,전라남도,,,
c08759f8ecf6d4ffe75a,full_annotation_v1,A,q_운동_06,필라테스,문화·여가 중 '운동'을 판매·제공하는 매장,val,운동,T2 동의어,c0a6c002-aca6-40e5-a14e-30930f3951b4,메이드바디 필라테스,필라테스,평촌역 상점가,자율상권구역,경기도,,,
e41e4775cee51d39c964,full_annotation_v1,A,q_운동_06,필라테스,문화·여가 중 '운동'을 판매·제공하는 매장,val,운동,T2 동의어,e4c3cc0a-b875-49f8-9923-82d36847de36,온리원 필라테스,필라테스,용대로53번길 골목형상점가,골목형상점가,광주광역시,,,
e8d62a99e9cf031277a0,full_annotation_v1,A,q_운동_06,필라테스,문화·여가 중 '운동'을 판매·제공하는 매장,val,운동,T2 동의어,d91e4061-342e-4765-97fa-c806dfa5c5b4,필라테스쌍떼,필라테스,한빛3·6·7단지 골목형상점가,골목형상점가,경기도,,,
848633fb9083399c1a54,full_annotation_v1,A,q_운동_06,필라테스,문화·여가 중 '운동'을 판매·제공하는 매장,val,운동,T2 동의어,c90ecde4-27d0-48d7-b47a-5ff90e9a56ad,에틱 필라테스,필라테스,포레나 골목형상점가,골목형상점가,전북특별자치도,,,
4c3c8a636547476d2413,full_annotation_v1,A,q_운동_06,필라테스,문화·여가 중 '운동'을 판매·제공하는 매장,val,운동,T2 동의어,908f226f-f6c8-4755-b332-d1778d3c137c,동원케미,신발,동원전통시장상점가,자율상권구역,서울특별시,,,
7c65667a221f25ece2ca,full_annotation_v1,A,q_운동_06,필라테스,문화·여가 중 '운동'을 판매·제공하는 매장,val,운동,T2 동의어,b7a0e5f3-1625-49d0-82c5-11aa7d920b00,테슬라 필라테스,필라테스,소사벌 에듀타운 상인회 골목형상점가,골목형상점가,경기도,,,
c29b3b74c51c99a7eb2b,full_annotation_v1,A,q_운동_06,필라테스,문화·여가 중 '운동'을 판매·제공하는 매장,val,운동,T2 동의어,a45a7b07-fd46-4f05-93d6-48c76c06daea,필라테스 심안,필라테스,464번길 골목형상점가,골목형상점가,부산광역시,,,
9c1c3d933148052e520a,full_annotation_v1,A,q_운동_06,필라테스,문화·여가 중 '운동'을 판매·제공하는 매장,val,운동,T2 동의어,591fadd5-aa2e-463d-9096-a9146e8a422e,여성크로커다일 광주금호점,"여성의류, 스포츠용품",금호1동상가번영회 골목형상점가,골목형상점가,광주광역시,,,
012940c69907a901cbbf,full_annotation_v1,A,q_운동_06,필라테스,문화·여가 중 '운동'을 판매·제공하는 매장,val,운동,T2 동의어,5bce30a8-8c10-4d6b-8749-90ea09f4d244,필라테스 영,필라테스,성복 온누리 골목형상점가,골목형상점가,경기도,,,
cb8ff0f80efa7b315b2a,full_annotation_v1,A,q_운동_06,필라테스,문화·여가 중 '운동'을 판매·제공하는 매장,val,운동,T2 동의어,52e09a76-f91a-459a-833c-940d4f751910,커렉티브 필라테스,필라테스,다정중앙 골목형상점가,골목형상점가,세종특별자치시,,,
4ba92927f9d1b8540814,full_annotation_v1,A,q_운동_06,필라테스,문화·여가 중 '운동'을 판매·제공하는 매장,val,운동,T2 동의어,b283d941-dac1-420d-b935-5d0c12d5ec3f,라온 필라테스,필라테스,어울림양산로 골목형상점가,골목형상점가,광주광역시,,,
c40ce834daf28f55e93d,full_annotation_v1,A,q_운동_06,필라테스,문화·여가 중 '운동'을 판매·제공하는 매장,val,운동,T2 동의어,97ed3b62-6399-4643-97b6-bc5167f286fc,계절 필라테스,필라테스,운림중인근 골목형상점가,골목형상점가,광주광역시,,,
21bd1897612efa98f74e,full_annotation_v1,A,q_운동_06,필라테스,문화·여가 중 '운동'을 판매·제공하는 매장,val,운동,T2 동의어,8d83d49a-2d75-41ee-88e7-3615e81cab1c,계절 필라테스,필라테스,조대 정문 골목형상점가,골목형상점가,광주광역시,,,
3026cec4f101d074e8e2,full_annotation_v1,A,q_운동_06,필라테스,문화·여가 중 '운동'을 판매·제공하는 매장,val,운동,T2 동의어,0066174b-64aa-428a-b8d6-f9bae4107429,크로스핏 엘리트짐,기능성운동,노은역 골목형상점가,골목형상점가,대전광역시,,,
a78f718c5a1963045d45,full_annotation_v1,A,q_운동_06,필라테스,문화·여가 중 '운동'을 판매·제공하는 매장,val,운동,T2 동의어,e01f9805-0ff8-4f75-abe1-d113c9267ef6,아인 필라테스,필라테스,흥덕 다채움 골목형 상점가,골목형상점가,경기도,,,
b2872377cdfdbee9b97f,full_annotation_v1,A,q_운동_06,필라테스,문화·여가 중 '운동'을 판매·제공하는 매장,val,운동,T2 동의어,e9c12de1-29ac-4cdc-9904-887f87ee9abd,디어 필라테스,필라테스,송정역카페거리골목형상점가,골목형상점가,서울특별시,,,
c697cc5dd932ca100e28,full_annotation_v1,A,q_운동_06,필라테스,문화·여가 중 '운동'을 판매·제공하는 매장,val,운동,T2 동의어,040428ab-1a04-452f-8b35-c7c3c993cad8,누아요가,요가,현대센트럴스퀘어,골목형상점가,경기도,,,
00abb16da67123e10679,full_annotation_v1,A,q_운동_06,필라테스,문화·여가 중 '운동'을 판매·제공하는 매장,val,운동,T2 동의어,06a9d0d7-98d4-46de-ba60-78844e443b35,올나잇 피트니스 주식회사,피트니스,부평테마의거리 골목형 상점가,골목형상점가,인천광역시,,,
9f2e04e6feafb38fd101,full_annotation_v1,A,q_운동_06,필라테스,문화·여가 중 '운동'을 판매·제공하는 매장,val,운동,T2 동의어,d85984ed-2906-4ac1-805d-408b91486327,몸ㅁㅗㅁ필라테스,필라테스,용봉지구 골목형상점가,골목형상점가,광주광역시,,,
4afab78a98224abf9a3d,full_annotation_v1,A,q_운동_06,필라테스,문화·여가 중 '운동'을 판매·제공하는 매장,val,운동,T2 동의어,6b10664f-cdc9-43d8-9eb1-5319a9d3dbcc,진 필라테스,필라테스,직산읍삼은1번가골목형상점가,골목형상점가,충청남도,,,
c8b874ed25a74af22a36,full_annotation_v1,A,q_운동_06,필라테스,문화·여가 중 '운동'을 판매·제공하는 매장,val,운동,T2 동의어,287e7290-6513-4593-9250-6d37bc0dd973,라움 필라테스,필라테스,맹동혁신골목형상점가,골목형상점가,충청북도,,,
50814bc5225ce220acd5,full_annotation_v1,A,q_운동_06,필라테스,문화·여가 중 '운동'을 판매·제공하는 매장,val,운동,T2 동의어,efb93aa9-b036-4783-892d-ae82b3e78340,유고우 필라테스,필라테스,동편마을중심상가 골목형상점가,골목형상점가,경기도,,,
c93fb49a64d78eaa1893,full_annotation_v1,A,q_운동_06,필라테스,문화·여가 중 '운동'을 판매·제공하는 매장,val,운동,T2 동의어,c15d3666-dbb3-4488-88b3-d9d6f9170b9c,수지 필라테스,필라테스,이수미로골목형상점가,골목형상점가,서울특별시,,,
0f550d34926a599df01e,full_annotation_v1,A,q_운동_06,필라테스,문화·여가 중 '운동'을 판매·제공하는 매장,val,운동,T2 동의어,378285af-28e8-49b9-ad1c-f31082039158,림앤유 필라테스,필라테스,북광장상가,자율상권구역,경기도,,,
3bd2fd48a65ac875bf39,full_annotation_v1,A,q_운동_06,필라테스,문화·여가 중 '운동'을 판매·제공하는 매장,val,운동,T2 동의어,4df841fb-9958-4fe2-b7a8-f0102aaf0b67,쥬베니스 필라테스,필라테스,포일중앙 골목형상점가,골목형상점가,경기도,,,
d4a5eff3eb28c5a3136d,full_annotation_v1,A,q_운동_06,필라테스,문화·여가 중 '운동'을 판매·제공하는 매장,val,운동,T2 동의어,be89fed7-f820-43ce-84c2-83c5255e394e,필라테스결,필라테스,첨단시리단길,골목형상점가,광주광역시,,,
78c92048413eabe04d39,full_annotation_v1,A,q_운동_06,필라테스,문화·여가 중 '운동'을 판매·제공하는 매장,val,운동,T2 동의어,b069d11e-adb4-4909-b4a6-29cb57641678,mv필라테스,필라테스,구갈상점가,자율상권구역,경기도,,,
8b985a73ab1dc2068416,full_annotation_v1,A,q_운동_06,필라테스,문화·여가 중 '운동'을 판매·제공하는 매장,val,운동,T2 동의어,00172c94-61f0-4197-afeb-d7e8187c79b5,옷이예쁘다,의류,메트로센터(반월당지하쇼핑),일반지하상점가,대구광역시,,,
c0d1980668c5ff858b69,full_annotation_v1,A,q_운동_06,필라테스,문화·여가 중 '운동'을 판매·제공하는 매장,val,운동,T2 동의어,97fe2147-bab6-4aeb-a94b-ad711316993f,필라테스 오브,필라테스,산본로데오거리(구 산본중심상가),자율상권구역,경기도,,,
b7ecdddb066cda50c35d,full_annotation_v1,A,q_운동_06,필라테스,문화·여가 중 '운동'을 판매·제공하는 매장,val,운동,T2 동의어,f94cc460-9aeb-462f-8a65-123730502e1c,참좋은약국,의약품,그린종합시장,전통시장,경상북도,,,
f8d8d0d81ec9ed6a38dc,full_annotation_v1,A,q_운동_06,필라테스,문화·여가 중 '운동'을 판매·제공하는 매장,val,운동,T2 동의어,73dc808d-ba56-429c-9506-37eff719b8f2,랑필라테스,필라테스,고덕골목형상점가,골목형상점가,서울특별시,,,
a00e5171165cd79aa02b,full_annotation_v1,A,q_운동_06,필라테스,문화·여가 중 '운동'을 판매·제공하는 매장,val,운동,T2 동의어,1207c96b-ab65-4544-9f21-ea314d05430e,오윅필라테스,필라테스,갑천호수 골목형상점가,골목형상점가,대전광역시,,,
2ce6609a176d9cc7a022,full_annotation_v1,A,q_운동_06,필라테스,문화·여가 중 '운동'을 판매·제공하는 매장,val,운동,T2 동의어,10b22d4f-9f8b-48b8-a193-982c617ccf23,하온 필라테스,필라테스,연제초 앞 골목형상점가,골목형상점가,광주광역시,,,
82fe1f23cd2f95f97fe8,full_annotation_v1,A,q_운동_06,필라테스,문화·여가 중 '운동'을 판매·제공하는 매장,val,운동,T2 동의어,b4025b78-abda-4dca-8069-d21c394d08dd,VIP타운,의류,서면지하도상가 부전몰,일반지하상점가,부산광역시,,,
4863d20438680c654676,full_annotation_v1,A,q_운동_06,필라테스,문화·여가 중 '운동'을 판매·제공하는 매장,val,운동,T2 동의어,198139f6-021e-4f81-882c-fc5c62cfd96b,선필라테스,필라테스,오치 설죽로 골목형상점가,골목형상점가,광주광역시,,,
bb5f7453380d6e1498ee,full_annotation_v1,A,q_운동_06,필라테스,문화·여가 중 '운동'을 판매·제공하는 매장,val,운동,T2 동의어,8d443697-11be-498b-862d-25ed4e202503,필라테스 해이브,필라테스,계림그랜드센트럴 골목형상점가,골목형상점가,광주광역시,,,
485e5c84f84b78df3e3a,full_annotation_v1,A,q_운동_06,필라테스,문화·여가 중 '운동'을 판매·제공하는 매장,val,운동,T2 동의어,7f1f485a-06f2-47e9-8cfc-87f027b66f68,선이고운 필라테스,필라테스,고운마음 골목형상점가,골목형상점가,세종특별자치시,,,
a9eae3b9625c5fd6dcf1,full_annotation_v1,A,q_운동_06,필라테스,문화·여가 중 '운동'을 판매·제공하는 매장,val,운동,T2 동의어,08ace626-6bee-4ee7-8a76-e6634893eb2a,한울 필라테스,필라테스,항동 골목형상점가,골목형상점가,서울특별시,,,
ac6709c7f1759a173fcb,full_annotation_v1,A,q_운동_06,필라테스,문화·여가 중 '운동'을 판매·제공하는 매장,val,운동,T2 동의어,21bfd845-8c16-4b67-809f-81a3833826c0,케이폴앤댄스,피트니스,남양역골로상점가,골목형상점가,경기도,,,
268fecc7e9521f765590,full_annotation_v1,A,q_운동_06,필라테스,문화·여가 중 '운동'을 판매·제공하는 매장,val,운동,T2 동의어,0f5171ea-f322-4351-8dbf-c342bb1942f5,베로니카 필라테스,필라테스,소사벌 에듀타운 상인회 골목형상점가,골목형상점가,경기도,,,
9911a195ae890f1efd16,full_annotation_v1,A,q_운동_06,필라테스,문화·여가 중 '운동'을 판매·제공하는 매장,val,운동,T2 동의어,0efd6a56-7f48-43c6-a58f-52dc78131edd,라라 필라테스,필라테스,신봉동 온누리 골목형상점가,골목형상점가,경기도,,,
a88f502d90f700e4c07c,full_annotation_v1,A,q_운동_06,필라테스,문화·여가 중 '운동'을 판매·제공하는 매장,val,운동,T2 동의어,0214eb76-f204-4d4f-9645-f0444d2c5f33,베이글짐,헬스장,도담동 골목형상점가,골목형상점가,세종특별자치시,,,
1be91d8c20ad6fc33340,full_annotation_v1,A,q_운동_06,필라테스,문화·여가 중 '운동'을 판매·제공하는 매장,val,운동,T2 동의어,087d5a4c-e66a-44cd-92bf-f0c9dd1c07e3,삿뽀로돈까스,돈까스,송강동 골목형상점가,골목형상점가,대전광역시,,,
0e6d5080676cb1da84d8,full_annotation_v1,A,q_운동_06,필라테스,문화·여가 중 '운동'을 판매·제공하는 매장,val,운동,T2 동의어,2c601513-b62f-4f0d-87b5-81eb89f2dc40,필라테스 쌍떼,필라테스,가람삼융타워 골목형상점가,골목형상점가,경기도,,,
f224f7e0d1a6ed25cb08,full_annotation_v1,A,q_운동_06,필라테스,문화·여가 중 '운동'을 판매·제공하는 매장,val,운동,T2 동의어,cd64cee8-2800-4ea5-b9fb-a915db7f40d4,필라테스 연,필라테스,주월1동서문대로 골목형상점가,골목형상점가,광주광역시,,,
79fc18581b36d8058f76,full_annotation_v1,A,q_운동_06,필라테스,문화·여가 중 '운동'을 판매·제공하는 매장,val,운동,T2 동의어,06f75bcb-8c04-46f9-9315-b56a3f1d7a63,스윙&플라멩고,운동복,대현프리몰 대구점,일반지하상점가,대구광역시,,,
7620c66066103bb2ef39,full_annotation_v1,A,q_운동_06,필라테스,문화·여가 중 '운동'을 판매·제공하는 매장,val,운동,T2 동의어,cb1da744-3630-4521-a66a-859edb9799b9,필라테스 베르,필라테스,첨단청사초롱길 골목형상점가,골목형상점가,광주광역시,,,
df84281727f21aa5a95b,full_annotation_v1,A,q_운동_06,필라테스,문화·여가 중 '운동'을 판매·제공하는 매장,val,운동,T2 동의어,b313baa7-ad14-4636-a7d5-6c879b9cbcd4,릴스 필라테스,필라테스,첨단지구 골목형상점가,골목형상점가,광주광역시,,,
237ea8db4cd5175985c2,full_annotation_v1,A,q_운동_06,필라테스,문화·여가 중 '운동'을 판매·제공하는 매장,val,운동,T2 동의어,cd216ecd-6c89-42a5-a31f-ea80b23d78c2,테라스,커피,운암 서영 골목형상점가,골목형상점가,광주광역시,,,
17e8f6e771193c86c406,full_annotation_v1,A,q_운동_06,필라테스,문화·여가 중 '운동'을 판매·제공하는 매장,val,운동,T2 동의어,a6febb3d-669d-4089-862b-31e796a71d42,바디윤 필라테스,필라테스,해오름 골목형상점가,골목형상점가,경기도,,,
2ed8afe3698cf7915151,full_annotation_v1,A,q_운동_06,필라테스,문화·여가 중 '운동'을 판매·제공하는 매장,val,운동,T2 동의어,bde5c6aa-7ecd-4ebb-8b71-c6ee1a67a925,스타일스토리(Style Story),헤어미용,장안마실골목형상점가,골목형상점가,서울특별시,,,
4385b79d467558f0f9d2,full_annotation_v1,A,q_운동_06,필라테스,문화·여가 중 '운동'을 판매·제공하는 매장,val,운동,T2 동의어,07466d2d-51a2-4c17-8dcf-1af1bfb6f868,금강랜드로바 원주점,운동화가죽신발등산용품,원주중앙로문화의거리,자율상권구역,강원특별자치도,,,
25243d5c6965760ff2e7,full_annotation_v1,A,q_운동_06,필라테스,문화·여가 중 '운동'을 판매·제공하는 매장,val,운동,T2 동의어,faac575e-da66-4f55-85cb-0da4c8dd6f53,"안녕,필라테스",필라테스,동신종합시장,전통시장,경기도,,,
6100b99af5ad1a8b82e4,full_annotation_v1,A,q_운동_06,필라테스,문화·여가 중 '운동'을 판매·제공하는 매장,val,운동,T2 동의어,003adf4b-eb63-4fd3-92d3-e139c6f1c22d,새롬필라테스,필라테스,새롬동 골목형상점가,골목형상점가,세종특별자치시,,,
fd55750cc7c3ca41951e,full_annotation_v1,A,q_운동_06,필라테스,문화·여가 중 '운동'을 판매·제공하는 매장,val,운동,T2 동의어,915c62c6-afe5-4439-b43f-cf2fd67060fb,선필라테스,필라테스,학운동 365 골목형상점가,골목형상점가,광주광역시,,,
cf9f5369e5c68a934787,full_annotation_v1,A,q_운동_06,필라테스,문화·여가 중 '운동'을 판매·제공하는 매장,val,운동,T2 동의어,00124602-ef4e-472c-91ee-de53b28d7530,화이트,의류,울산번개시장,전통시장,울산광역시,,,
6720b5c4b38364a74e6e,full_annotation_v1,A,q_운동_06,필라테스,문화·여가 중 '운동'을 판매·제공하는 매장,val,운동,T2 동의어,f047a022-1d3e-485b-814f-eecb9c2dc1e3,필라테슈,필라테스,혁신도시2구역골목형상점가,골목형상점가,강원특별자치도,,,
bfdc95d5d04ef806c779,full_annotation_v1,A,q_운동_06,필라테스,문화·여가 중 '운동'을 판매·제공하는 매장,val,운동,T2 동의어,07d89ce7-de40-4795-a10b-414cc1e269ef,매곡 천부경 명상센터,"명상수련, 요가",매곡동 골목형상점가,골목형상점가,광주광역시,,,
7a88d6544e0617bd1314,full_annotation_v1,A,q_운동_06,필라테스,문화·여가 중 '운동'을 판매·제공하는 매장,val,운동,T2 동의어,846d34d8-5da9-47f5-852d-2a8f499789c0,피지오 필라테스,필라테스,시청앞 골목형상점가,골목형상점가,충청남도,,,
d84e69a1a08916187da9,full_annotation_v1,A,q_운동_06,필라테스,문화·여가 중 '운동'을 판매·제공하는 매장,val,운동,T2 동의어,833b9460-4a3a-43a2-a0fb-7a40a13fe11d,올바른 필라테스,필라테스,울산 스퀘어 골목형상점가,골목형상점가,울산광역시,,,
e5b91490188afb448412,full_annotation_v1,A,q_운동_06,필라테스,문화·여가 중 '운동'을 판매·제공하는 매장,val,운동,T2 동의어,8c18c40a-2afb-4a84-a2f3-8be6ac4402a2,끌릿필라테스,필라테스,익산그린상점가,자율상권구역,전북특별자치도,,,
dab7327c229ee6c2b266,full_annotation_v1,A,q_운동_06,필라테스,문화·여가 중 '운동'을 판매·제공하는 매장,val,운동,T2 동의어,3660e21b-4618-4b91-b01a-ac07f6fe60f0,솜필라테스,필라테스,앞산비스타동원상가 골목형상점가,골목형상점가,대구광역시,,,
c4cb722d45b78fcf2a33,full_annotation_v1,A,q_운동_06,필라테스,문화·여가 중 '운동'을 판매·제공하는 매장,val,운동,T2 동의어,2530c244-7c86-4724-9a02-27e65d9ce7e8,루미누 필라테스,필라테스,구갈상점가,자율상권구역,경기도,,,
d8a805fb52bde3f2e845,full_annotation_v1,A,q_운동_06,필라테스,문화·여가 중 '운동'을 판매·제공하는 매장,val,운동,T2 동의어,aae37837-3910-4ee9-8a99-e9cf1501b637,케어핏 필라테스,필라테스,갈매광장 골목형상점가,골목형상점가,경기도,,,
cf806db34fc61d6c723a,full_annotation_v1,A,q_운동_06,필라테스,문화·여가 중 '운동'을 판매·제공하는 매장,val,운동,T2 동의어,43fa8600-d1d8-44a8-9412-554f5f044fd6,포츠필라테스,필라테스,효자휴먼시아 골목형상점가,골목형상점가,전북특별자치도,,,
d04a5c77c8a2e5d9fcef,full_annotation_v1,A,q_운동_06,필라테스,문화·여가 중 '운동'을 판매·제공하는 매장,val,운동,T2 동의어,008fbd3f-35b4-431f-8ba5-fc8bcfe4bf83,제이에스피트니스,헬스,동림1 골목형상점가,골목형상점가,광주광역시,,,
c62902d9d70798d97091,full_annotation_v1,A,q_운동_06,필라테스,문화·여가 중 '운동'을 판매·제공하는 매장,val,운동,T2 동의어,0d8def43-cd8d-45ec-8c23-0760c9c6d2c6,디：캔필라테스,필라테스,울산 스퀘어 골목형상점가,골목형상점가,울산광역시,,,
b6423059419a2c5b8c69,full_annotation_v1,A,q_운동_06,필라테스,문화·여가 중 '운동'을 판매·제공하는 매장,val,운동,T2 동의어,2d0764d2-3ab4-4407-909d-78724bfa21a5,대박통신제이와이,휴대폰,세류2동 골목형상점가,골목형상점가,경기도,,,
a25af3e5a170deb86870,full_annotation_v1,A,q_운동_06,필라테스,문화·여가 중 '운동'을 판매·제공하는 매장,val,운동,T2 동의어,d1601996-8656-4fca-893d-cf834c0cd839,필라테스 란,필라테스,과천스마트케이 골목형상점가,골목형상점가,경기도,,,
c29336c46e4c62e4b01a,full_annotation_v1,A,q_운동_06,필라테스,문화·여가 중 '운동'을 판매·제공하는 매장,val,운동,T2 동의어,698882b5-999b-44e7-909f-ff22b5a39026,필라테스 위주,필라테스,신창진흥 골목형상점가,골목형상점가,광주광역시,,,
786c03f9ffd3bfd6a194,full_annotation_v1,A,q_운동_06,필라테스,문화·여가 중 '운동'을 판매·제공하는 매장,val,운동,T2 동의어,7ca2ae17-d6b7-4a30-8fc3-21cbd4654344,동산Ⅱ,잡화,동산상가,전통시장,대구광역시,,,
e31a8f5bbd8101713b9c,full_annotation_v1,A,q_운동_06,필라테스,문화·여가 중 '운동'을 판매·제공하는 매장,val,운동,T2 동의어,bfe9e3f3-3aaf-48e2-aca0-eac6fb2887c7,옌필라테스,필라테스,용강동상점가,자율상권구역,서울특별시,,,
4edf1c14d42b1d1484b7,full_annotation_v1,A,q_운동_06,필라테스,문화·여가 중 '운동'을 판매·제공하는 매장,val,운동,T2 동의어,0080a859-c5d8-4b43-b14c-d5eb844118a0,헬스맨헬스걸,헬스장,비래동골목형상점가,골목형상점가,대전광역시,,,
0c40347c76ac39414404,full_annotation_v1,A,q_운동_06,필라테스,문화·여가 중 '운동'을 판매·제공하는 매장,val,운동,T2 동의어,09815d92-d0f0-4c87-b4fa-1194f86c53c0,유성프로스펙스,"스포츠의류, 용품",장대동패션상가 골목형상점가,골목형상점가,대전광역시,,,
d975a4ded9c0776e4bb0,full_annotation_v1,A,q_운동_06,필라테스,문화·여가 중 '운동'을 판매·제공하는 매장,val,운동,T2 동의어,ef53c4e7-40be-4512-b56b-d1d914d722e6,차오르다 필라테스,필라테스,겸재한신길 골목형상점가,골목형상점가,서울특별시,,,
11ea38d1ef97574f5afb,full_annotation_v1,A,q_운동_06,필라테스,문화·여가 중 '운동'을 판매·제공하는 매장,val,운동,T2 동의어,6f6268b0-1336-4f9c-936e-2f60e03ceade,엠앤에스헤어,헤어미용,장안마실골목형상점가,골목형상점가,서울특별시,,,
ea9ea1e3d3fc2ac46242,full_annotation_v1,A,q_운동_06,필라테스,문화·여가 중 '운동'을 판매·제공하는 매장,val,운동,T2 동의어,893e3572-b2a4-4da3-b8ea-b7cb8ad00e66,픽시 필라테스,필라테스,상봉먹자골목형상점가,골목형상점가,서울특별시,,,
66d318ce41658f2484f5,full_annotation_v1,A,q_운동_06,필라테스,문화·여가 중 '운동'을 판매·제공하는 매장,val,운동,T2 동의어,bf0803e1-2c07-46b6-abf1-6fdc93c3b3ec,솜필라테스,필라테스,연희로 골목형상점가,골목형상점가,인천광역시,,,
43dab91a26da1b1a0cbf,full_annotation_v1,A,q_운동_06,필라테스,문화·여가 중 '운동'을 판매·제공하는 매장,val,운동,T2 동의어,035f3dde-a74d-493d-b783-76fc60e3e766,필라테스 모셔널,필라테스,장자호수공원 골목형상점가,골목형상점가,경기도,,,
1451b7470a628c044cd9,full_annotation_v1,A,q_운동_06,필라테스,문화·여가 중 '운동'을 판매·제공하는 매장,val,운동,T2 동의어,f94ce81b-7276-440c-a3ff-39e8022ab821,키네틱 필라테스,필라테스,신봉동 온누리 골목형상점가,골목형상점가,경기도,,,
7e2b2a95f0c3bf179a5f,full_annotation_v1,A,q_운동_06,필라테스,문화·여가 중 '운동'을 판매·제공하는 매장,val,운동,T2 동의어,00054f1d-4cae-4345-9975-1423bc49e4dc,착한아이들,의류,중앙전통시장,전통시장,울산광역시,,,
c5913d218ec65a70848d,full_annotation_v1,A,q_운동_06,필라테스,문화·여가 중 '운동'을 판매·제공하는 매장,val,운동,T2 동의어,00f8d2a4-8e38-485b-a09e-280a1aa0c326,라인엑스피티스튜디오,"헬스, PT",수지성복플러스 골목형상점가,골목형상점가,경기도,,,
41ea44a28bdb5a9966c0,full_annotation_v1,A,q_운동_06,필라테스,문화·여가 중 '운동'을 판매·제공하는 매장,val,운동,T2 동의어,08de408a-f260-4467-b375-768cbd50e14d,본소마메드짐 재활운동&PT,운동,용강동상점가,자율상권구역,서울특별시,,,
24d01d96ea5037fcabc9,full_annotation_v1,A,q_운동_06,필라테스,문화·여가 중 '운동'을 판매·제공하는 매장,val,운동,T2 동의어,0151b1ea-e648-438b-83b0-efcf6f387e9b,크로스핏 터,운동 서비스,열매 골목형상점가,골목형상점가,대전광역시,,,
a6367ccbc6dfe8fa381c,full_annotation_v1,A,q_운동_06,필라테스,문화·여가 중 '운동'을 판매·제공하는 매장,val,운동,T2 동의어,58fef9ac-5a2f-4f89-8a46-be60d1f0138a,수필라테스,필라테스,평촌1번가 상점가,자율상권구역,경기도,,,
ee65ecbf0f6e01c5c212,full_annotation_v1,A,q_운동_06,필라테스,문화·여가 중 '운동'을 판매·제공하는 매장,val,운동,T2 동의어,88507cf0-83c2-419a-82c6-62ad69102c1f,라이또pc운암점,음식물,운암 서영 골목형상점가,골목형상점가,광주광역시,,,
d5d86f9deeb2d45cfbf0,full_annotation_v1,A,q_운동_06,필라테스,문화·여가 중 '운동'을 판매·제공하는 매장,val,운동,T2 동의어,2a66259d-97b3-4551-b068-d1b97aa9419e,와 필라테스,필라테스,동천동먹자골목2번가상인회 골목형상점가,골목형상점가,광주광역시,,,
26f796ddfd06b2d5481f,full_annotation_v1,A,q_운동_06,필라테스,문화·여가 중 '운동'을 판매·제공하는 매장,val,운동,T2 동의어,b76e7f96-98be-4597-b8d4-25caf09792d3,필라테스 정,필라테스,금호상인회 골목형상점가,골목형상점가,광주광역시,,,
8269421f5f859ac57533,full_annotation_v1,A,q_운동_06,필라테스,문화·여가 중 '운동'을 판매·제공하는 매장,val,운동,T2 동의어,f5ad35a7-2f2d-4f88-a701-853364b23f97,맥필라테스,필라테스,강남개포시장(구 개포2동중심상점가),자율상권구역,서울특별시,,,
82748ce4974aa580c4dc,full_annotation_v1,A,q_운동_06,필라테스,문화·여가 중 '운동'을 판매·제공하는 매장,val,운동,T2 동의어,7c6d9244-9493-495a-9cc5-fe86ad5ad5f2,J필라테스,필라테스,수지성복플러스 골목형상점가,골목형상점가,경기도,,,
b5e7447a30d382d169ef,full_annotation_v1,A,q_운동_06,필라테스,문화·여가 중 '운동'을 판매·제공하는 매장,val,운동,T2 동의어,17d05a16-d895-45a3-b962-88e572837026,충주숲 필라테스,필라테스,연수상가,전통시장,충청북도,,,
6735a747040bfbbb7294,full_annotation_v1,A,q_운동_06,필라테스,문화·여가 중 '운동'을 판매·제공하는 매장,val,운동,T2 동의어,48ec2024-ee31-4ae0-bb8f-2126c5bfaa61,하다피트니스,피트니스,과천새서울프라자시장,전통시장,경기도,,,
b126fa9a9b717a143570,full_annotation_v1,A,q_운동_06,필라테스,문화·여가 중 '운동'을 판매·제공하는 매장,val,운동,T2 동의어,fa305de6-ce8a-47be-9d65-584eeb14b254,태백숯불갈비,숯불갈비,공릉동도깨비시장,전통시장,서울특별시,,,
bf9aed1be917afc66117,full_annotation_v1,A,q_운동_06,필라테스,문화·여가 중 '운동'을 판매·제공하는 매장,val,운동,T2 동의어,bbef3c59-0486-4408-9e3c-c784f59233ea,필라테스 이음,필라테스,도담동 골목형상점가,골목형상점가,세종특별자치시,,,
a324c4819f883cb73311,full_annotation_v1,A,q_운동_06,필라테스,문화·여가 중 '운동'을 판매·제공하는 매장,val,운동,T2 동의어,018b2dd0-5613-482c-b714-e30dcfa584fd,씨엘 필라테스 안산고잔점,필라테스,도리섬상점가,자율상권구역,경기도,,,
612a4931ea9f1fe462d4,full_annotation_v1,A,q_운동_06,필라테스,문화·여가 중 '운동'을 판매·제공하는 매장,val,운동,T2 동의어,ea125358-8458-48c9-bc6c-b6b79f920a0c,그리다 필라테스,필라테스,미라클,골목형상점가,광주광역시,,,
593fd5379253113684f2,full_annotation_v1,A,q_운동_06,필라테스,문화·여가 중 '운동'을 판매·제공하는 매장,val,운동,T2 동의어,db3b24b6-0401-4240-b71e-bae9c3401c00,소휘 필라테스,필라테스,더센트럴 골목형상점가,골목형상점가,세종특별자치시,,,
cec6feeabf7293226c85,full_annotation_v1,A,q_운동_06,필라테스,문화·여가 중 '운동'을 판매·제공하는 매장,val,운동,T2 동의어,0bffc5e3-f6ea-44a4-8f66-d7701f7d2c76,르뮤필라테스,필라테스,상인화성파크 골목형상점가,골목형상점가,대구광역시,,,
29aab33383a7bd0e8499,full_annotation_v1,A,q_운동_06,필라테스,문화·여가 중 '운동'을 판매·제공하는 매장,val,운동,T2 동의어,0041f699-c619-48b9-b3a9-814af9905c66,GB트레이닝센터,운동,일곡동(제5지역:제1근린공원 건너편),골목형상점가,광주광역시,,,
2f3b282bcea54109cec2,full_annotation_v1,A,q_운동_06,필라테스,문화·여가 중 '운동'을 판매·제공하는 매장,val,운동,T2 동의어,7188198b-90c9-4fe5-9a0d-76decbf22d3d,필라테스 스튜디온,필라테스,현대센트럴스퀘어,골목형상점가,경기도,,,
3b49f764520507a74c9c,full_annotation_v1,A,q_운동_06,필라테스,문화·여가 중 '운동'을 판매·제공하는 매장,val,운동,T2 동의어,00c4a045-8aa5-4995-8313-806b7fcab6ff,남스짐천왕점 헬스PT,,천왕마을 골목형상점가,골목형상점가,서울특별시,,,
7f902b59c49c88ee3644,full_annotation_v1,A,q_운동_06,필라테스,문화·여가 중 '운동'을 판매·제공하는 매장,val,운동,T2 동의어,3f3df33f-01c2-49ea-b858-c1afa097f979,장수약국,"의약품, 의료기기",옥과설산골목형상점가,골목형상점가,전라남도,,,
9a7d4b7575234dcbb3a5,full_annotation_v1,A,q_운동_06,필라테스,문화·여가 중 '운동'을 판매·제공하는 매장,val,운동,T2 동의어,7feac1f0-a717-411c-8e3f-faa6cdfac584,헤이지 필라테스,필라테스,유니온 골목형상점가,골목형상점가,울산광역시,,,
645bebc95826fc2dffe2,full_annotation_v1,A,q_운동_06,필라테스,문화·여가 중 '운동'을 판매·제공하는 매장,val,운동,T2 동의어,5ad820d0-2bdf-4893-9118-f5d66959ea2b,밸런스랩 필라테스,필라테스,누리 골목형상점가,골목형상점가,경기도,,,
c02b279cf9547da868c2,full_annotation_v1,A,q_운동_06,필라테스,문화·여가 중 '운동'을 판매·제공하는 매장,val,운동,T2 동의어,495a064a-75b7-4e84-9c6e-256c0e570800,리바디 필라테스,필라테스,지족반석 골목형상점가,골목형상점가,대전광역시,,,
c7dc49bb10f233ef1124,full_annotation_v1,A,q_운동_06,필라테스,문화·여가 중 '운동'을 판매·제공하는 매장,val,운동,T2 동의어,6c02976a-b616-4d2d-91c5-77c2046f2ced,세창당약국,의약품,충무동골목시장,전통시장,부산광역시,,,
f6903f10cf0403a7d271,full_annotation_v1,A,q_운동_06,필라테스,문화·여가 중 '운동'을 판매·제공하는 매장,val,운동,T2 동의어,08bf522e-2d12-4ba2-95aa-344e372f90d7,수지패션,운동용품,원조낙지골목상점가,자율상권구역,전라남도,,,
ce03c02df18bb1dd0dc0,full_annotation_v1,A,q_운동_06,필라테스,문화·여가 중 '운동'을 판매·제공하는 매장,val,운동,T2 동의어,418dc089-c55b-4898-ab3f-832620e70114,진향건강원,과일주스,옥과설산골목형상점가,골목형상점가,전라남도,,,
28ee2824fb15ba727f83,full_annotation_v1,A,q_운동_06,필라테스,문화·여가 중 '운동'을 판매·제공하는 매장,val,운동,T2 동의어,4e0165fd-a4a1-450e-9ed5-6c6b5dc67752,봄필라테스,필라테스,금화상인회 골목형상점가,골목형상점가,광주광역시,,,
9ed9b7def8f381132809,full_annotation_v1,A,q_운동_06,필라테스,문화·여가 중 '운동'을 판매·제공하는 매장,val,운동,T2 동의어,80bbe43e-f3a5-406d-9832-191e2d02d98c,에스더 필라테스,필라테스,신봉동 온누리 골목형상점가,골목형상점가,경기도,,,
e7f874bf518d604a9498,full_annotation_v1,A,q_운동_06,필라테스,문화·여가 중 '운동'을 판매·제공하는 매장,val,운동,T2 동의어,df4e45b4-dd81-44a7-a20c-6ba77a808b17,"나의, 필라테스",필라테스,수완이지더원 골목형상점가,골목형상점가,광주광역시,,,
e05357c9bca368aa4f52,full_annotation_v1,A,q_운동_06,필라테스,문화·여가 중 '운동'을 판매·제공하는 매장,val,운동,T2 동의어,000a92b3-0b5e-429e-af00-f86e3570e24b,클로버,의류,관문상가시장,전통시장,대구광역시,,,
31bc8f0e255ad57c2726,full_annotation_v1,A,q_운동_06,필라테스,문화·여가 중 '운동'을 판매·제공하는 매장,val,운동,T2 동의어,36f4d9e2-889a-4168-b518-51e2ddf773df,킴스휘트니스클리닉,피트니스,아름동상점가,자율상권구역,세종특별자치시,,,
af104d521302abf96374,full_annotation_v1,A,q_운동_06,필라테스,문화·여가 중 '운동'을 판매·제공하는 매장,val,운동,T2 동의어,b8f08b0f-140e-41dc-a19f-a8f786dc9c4a,힘 필라테스,필라테스,시티프라자골목형상점가,골목형상점가,전라남도,,,
5d425d0159ece65f27f6,full_annotation_v1,A,q_운동_06,필라테스,문화·여가 중 '운동'을 판매·제공하는 매장,val,운동,T2 동의어,8e5f54c0-91ee-417b-8c4a-469e9e4ded97,바른몸 필라테스,필라테스,더불어용두 골목형상점가,골목형상점가,광주광역시,,,
80edf81dd75bf2a4feb1,full_annotation_v1,A,q_운동_06,필라테스,문화·여가 중 '운동'을 판매·제공하는 매장,val,운동,T2 동의어,b4537d93-75d8-4741-a281-6706777350de,한송희 필라테스,필라테스,혁신도시5구역골목형상점가,골목형상점가,강원특별자치도,,,
bfede27e5ddfbe403add,full_annotation_v1,A,q_운동_06,필라테스,문화·여가 중 '운동'을 판매·제공하는 매장,val,운동,T2 동의어,01a5e178-ba34-4e15-ac4d-07a398900593,가자점핑다이어트클럽,"점핑, 요가",문흥2동 골목형상점가,골목형상점가,광주광역시,,,
60ed904316489bb6ec04,full_annotation_v1,A,q_운동_06,필라테스,문화·여가 중 '운동'을 판매·제공하는 매장,val,운동,T2 동의어,3cf203b4-8616-4157-a2f4-7322f2680653,이젠 필라테스,필라테스,산본로데오거리(구 산본중심상가),자율상권구역,경기도,,,
9c7e3336ea02f7355b3b,full_annotation_v1,A,q_운동_06,필라테스,문화·여가 중 '운동'을 판매·제공하는 매장,val,운동,T2 동의어,0e7911d7-144d-4cbe-b781-46091c2c1e1f,요기서헤어,두발,송강동 골목형상점가,골목형상점가,대전광역시,,,
25f2386e9c42d33eab68,full_annotation_v1,A,q_운동_06,필라테스,문화·여가 중 '운동'을 판매·제공하는 매장,val,운동,T2 동의어,00a27d0e-2216-4ff5-94fe-7acd76db3da3,짐자반 헬스 PT 하남시청역점,"헬스장 회원권, 개인레슨",덕풍전통시장,전통시장,경기도,,,
4b9e2636b024881c11a6,full_annotation_v1,A,q_운동_06,필라테스,문화·여가 중 '운동'을 판매·제공하는 매장,val,운동,T2 동의어,00a3eb8f-b86a-4b8c-933c-ffaee551fdba,신시아 필라테스,필라테스 센터,겸재한신길 골목형상점가,골목형상점가,서울특별시,,,
742ee6510d0208f05cf6,full_annotation_v1,A,q_운동_06,필라테스,문화·여가 중 '운동'을 판매·제공하는 매장,val,운동,T2 동의어,033d99e2-0579-45d7-9d48-d999b90dd98a,M필라테스&요가,"필라테스, 요가",조종시장,전통시장,경기도,,,
54f18fbb75507bbdc10e,full_annotation_v1,A,q_운동_06,필라테스,문화·여가 중 '운동'을 판매·제공하는 매장,val,운동,T2 동의어,2d668dc5-1066-4b7c-9d2f-f78d3bb8e33f,리샵 필라테스,필라테스,응암공원 골목형상점가,골목형상점가,광주광역시,,,
72dd8afb8d0fa25a58b3,full_annotation_v1,A,q_운동_06,필라테스,문화·여가 중 '운동'을 판매·제공하는 매장,val,운동,T2 동의어,7f683761-2606-4cf5-9f53-d476500411dd,베럴라인 필라테스,필라테스,운수대통 골목형상점가,골목형상점가,광주광역시,,,
995ba6df6984d0c3e19f,full_annotation_v1,A,q_운동_06,필라테스,문화·여가 중 '운동'을 판매·제공하는 매장,val,운동,T2 동의어,1806ad7b-5a01-4bcd-94a2-c7ba21f2dc76,사운드 필라테스,필라테스,주엽역 골목형상점가,골목형상점가,경기도,,,
7deb3ab5f96185fbcccd,full_annotation_v1,A,q_운동_06,필라테스,문화·여가 중 '운동'을 판매·제공하는 매장,val,운동,T2 동의어,d1730543-6578-43c9-a0d0-86563792972c,필라테스쏠,필라테스,의왕예술의거리골목형상점가,골목형상점가,경기도,,,
c2549c67788a8c7e1b2f,full_annotation_v1,A,q_운동_06,필라테스,문화·여가 중 '운동'을 판매·제공하는 매장,val,운동,T2 동의어,020180c1-e676-4f99-84db-9b56504222f2,아름드리 필라테스&PT,필라테스요가바레필라테스,아름드리 골목형상점가,골목형상점가,세종특별자치시,,,
80cfd5372448b837b753,full_annotation_v1,A,q_운동_06,필라테스,문화·여가 중 '운동'을 판매·제공하는 매장,val,운동,T2 동의어,b39c9bd6-1d12-4c46-873c-2a75e6c31c99,"필라테스, 하나",필라테스,화산로 골목형상점가,골목형상점가,광주광역시,,,
a8413a527de6663b32f3,full_annotation_v1,A,q_운동_06,필라테스,문화·여가 중 '운동'을 판매·제공하는 매장,val,운동,T2 동의어,0a7de62f-b294-412c-b700-0642397eca30,다이나핏 김포장기점,"스포츠 의류, 용품",김포장기패션아울렛,골목형상점가,경기도,,,
a322339ef9fcdf3f6873,full_annotation_v1,A,q_운동_06,필라테스,문화·여가 중 '운동'을 판매·제공하는 매장,val,운동,T2 동의어,fddfd936-a5d0-41e6-89cd-c56329f6c1b0,피어라 필라테스,필라테스,강서다온골목형상점가,골목형상점가,충청북도,,,
e7ea2381862a828b3336,full_annotation_v1,A,q_운동_06,필라테스,문화·여가 중 '운동'을 판매·제공하는 매장,val,운동,T2 동의어,750545b0-a47f-4bd6-a599-8578ceb1219c,에스디 필라테스,필라테스,퇴계원먹자골목상점가,골목형상점가,경기도,,,
cb9527aec097c9fb7a66,full_annotation_v1,A,q_운동_06,필라테스,문화·여가 중 '운동'을 판매·제공하는 매장,val,운동,T2 동의어,35f62c74-3304-4a6c-a21f-28b253239019,하이무브 피트니스,피트니스 센터,산본로데오거리(구 산본중심상가),자율상권구역,경기도,,,
ca7832337b8efa75b180,full_annotation_v1,A,q_운동_07,헬스,문화·여가 중 '운동'을 판매·제공하는 매장,val,운동,T2 동의어,15050ae1-9747-41f1-a75b-4a7a14e7122e,제주돼지빵,빵,칠성로상점가,자율상권구역,제주특별자치도,,,
7ea53c01a1c002fb7f49,full_annotation_v1,A,q_운동_07,헬스,문화·여가 중 '운동'을 판매·제공하는 매장,val,운동,T2 동의어,f600a73f-4a84-4d53-945a-1e14d55eb2ca,시드니짐,헬스,남성사계시장,전통시장,서울특별시,,,
a9d0b940bde107beaa93,full_annotation_v1,A,q_운동_07,헬스,문화·여가 중 '운동'을 판매·제공하는 매장,val,운동,T2 동의어,36f4d9e2-889a-4168-b518-51e2ddf773df,킴스휘트니스클리닉,피트니스,아름동상점가,자율상권구역,세종특별자치시,,,
2bdb2c48e499a1942d37,full_annotation_v1,A,q_운동_07,헬스,문화·여가 중 '운동'을 판매·제공하는 매장,val,운동,T2 동의어,459c38ef-7289-4ad1-9a06-66fd6540d50d,더피트니스신창점,헬스,신창 골목형상점가,골목형상점가,광주광역시,,,
d0c9e5660c800179a752,full_annotation_v1,A,q_운동_07,헬스,문화·여가 중 '운동'을 판매·제공하는 매장,val,운동,T2 동의어,0f292618-8520-40e4-bd95-4b97391c20fa,오렌지휘트니스,헬스,부평문화인의거리골목형상점가,골목형상점가,인천광역시,,,
d605e97f3c0794c67e00,full_annotation_v1,A,q_운동_07,헬스,문화·여가 중 '운동'을 판매·제공하는 매장,val,운동,T2 동의어,c2598e03-84dc-4443-bf04-29898588a062,하이브짐,헬스,원당 중앙로 골목형상점가,골목형상점가,인천광역시,,,
6d048f389e33b406e77e,full_annotation_v1,A,q_운동_07,헬스,문화·여가 중 '운동'을 판매·제공하는 매장,val,운동,T2 동의어,1cadd5b0-0a50-45bf-957c-5670f8b21401,라인어클락PT,헬스,산본로데오거리(구 산본중심상가),자율상권구역,경기도,,,
384e7d705746dbf34eca,full_annotation_v1,A,q_운동_07,헬스,문화·여가 중 '운동'을 판매·제공하는 매장,val,운동,T2 동의어,d79e1940-6260-498e-99fc-0b0ef1866daa,최달봉GYM,헬스,매봉 골목형상점가,골목형상점가,광주광역시,,,
46bf0f8dab5b87fc2ce4,full_annotation_v1,A,q_운동_07,헬스,문화·여가 중 '운동'을 판매·제공하는 매장,val,운동,T2 동의어,45606c04-6f03-4f97-9b74-d28e060f8cb9,위드유,헬스,두정로 두정상가길 골목형상점가,골목형상점가,충청남도,,,
c7c03fb67f9020fa80f9,full_annotation_v1,A,q_운동_07,헬스,문화·여가 중 '운동'을 판매·제공하는 매장,val,운동,T2 동의어,3fab7f70-e9e5-42e4-ab4f-5a46bd148837,시민식육식당,한식,영천공설시장,전통시장,경상북도,,,
7ecfa19422577aca163c,full_annotation_v1,A,q_운동_07,헬스,문화·여가 중 '운동'을 판매·제공하는 매장,val,운동,T2 동의어,0080a859-c5d8-4b43-b14c-d5eb844118a0,헬스맨헬스걸,헬스장,비래동골목형상점가,골목형상점가,대전광역시,,,
80550dbd2aa096a98723,full_annotation_v1,A,q_운동_07,헬스,문화·여가 중 '운동'을 판매·제공하는 매장,val,운동,T2 동의어,fa90ddeb-1cbf-4cda-9bf9-dd25e77d005b,더조짐,헬스,송촌시장,전통시장,대전광역시,,,
55f7b066144074233b4f,full_annotation_v1,A,q_운동_07,헬스,문화·여가 중 '운동'을 판매·제공하는 매장,val,운동,T2 동의어,1300d2a7-caf0-456f-99ce-2dfb57a6e007,핫플짐,헬스,노은역 골목형상점가,골목형상점가,대전광역시,,,
353926230d6613de7390,full_annotation_v1,A,q_운동_07,헬스,문화·여가 중 '운동'을 판매·제공하는 매장,val,운동,T2 동의어,80989184-1d44-4f8e-81f2-c801f7ac111e,바디웍,헬스,다산지금상점가,골목형상점가,경기도,,,
4375af55697b00e6f82c,full_annotation_v1,A,q_운동_07,헬스,문화·여가 중 '운동'을 판매·제공하는 매장,val,운동,T2 동의어,24827ea2-3830-4648-b850-54cc09559161,벌커스짐,헬스,반월신영통상가,자율상권구역,경기도,,,
6c19d7900bd93de04e39,full_annotation_v1,A,q_운동_07,헬스,문화·여가 중 '운동'을 판매·제공하는 매장,val,운동,T2 동의어,0151b1ea-e648-438b-83b0-efcf6f387e9b,크로스핏 터,운동 서비스,열매 골목형상점가,골목형상점가,대전광역시,,,
cc6191ce5afdc44f6440,full_annotation_v1,A,q_운동_07,헬스,문화·여가 중 '운동'을 판매·제공하는 매장,val,운동,T2 동의어,7fbb06f8-99f3-47c5-b43c-bdd672ea31b5,스타헬스,헬스,"운남4,5단지 골목형상점가",골목형상점가,광주광역시,,,
99391de1f3eeb306f6dc,full_annotation_v1,A,q_운동_07,헬스,문화·여가 중 '운동'을 판매·제공하는 매장,val,운동,T2 동의어,cbf62dd7-bc04-4735-be8e-6b763da4b8e2,썸머핏,헬스,유촌동상인회 골목형상점가,골목형상점가,광주광역시,,,
082576e311fa17af9120,full_annotation_v1,A,q_운동_07,헬스,문화·여가 중 '운동'을 판매·제공하는 매장,val,운동,T2 동의어,85c2ebad-390f-4071-84bc-777c33175065,핼스에반하다,헬스,양지중앙 골목형상점가,골목형상점가,경기도,,,
ea3b47dcc5d11bf0b9d1,full_annotation_v1,A,q_운동_07,헬스,문화·여가 중 '운동'을 판매·제공하는 매장,val,운동,T2 동의어,6d7f439f-2071-48e2-984d-a273d08510cc,하남 도래창 구이,한식,덕풍전통시장,전통시장,경기도,,,
8dee1f36d163826fa9d0,full_annotation_v1,A,q_운동_07,헬스,문화·여가 중 '운동'을 판매·제공하는 매장,val,운동,T2 동의어,018b2dd0-5613-482c-b714-e30dcfa584fd,씨엘 필라테스 안산고잔점,필라테스,도리섬상점가,자율상권구역,경기도,,,
ebd52d03debc0954a9dd,full_annotation_v1,A,q_운동_07,헬스,문화·여가 중 '운동'을 판매·제공하는 매장,val,운동,T2 동의어,bd9b4fe7-40c9-483a-91ed-ef10730e288d,호수피트니스,헬스,풍암호수앞상인회 골목형상점가,골목형상점가,광주광역시,,,
b86fb2e2d92c0c7fba2b,full_annotation_v1,A,q_운동_07,헬스,문화·여가 중 '운동'을 판매·제공하는 매장,val,운동,T2 동의어,25d00068-c3e9-4e8d-be42-8afd170d7a6d,투빅짐,헬스,커낼워크상점가,골목형상점가,인천광역시,,,
7ae1a070efebfe4daa1e,full_annotation_v1,A,q_운동_07,헬스,문화·여가 중 '운동'을 판매·제공하는 매장,val,운동,T2 동의어,cd0f481d-9369-4b02-8a9a-6cf66b07b9a7,원알엠,헬스,금암동 골목형상점가,골목형상점가,충청남도,,,
bc25f954deb03feadd8f,full_annotation_v1,A,q_운동_07,헬스,문화·여가 중 '운동'을 판매·제공하는 매장,val,운동,T2 동의어,06a9d0d7-98d4-46de-ba60-78844e443b35,올나잇 피트니스 주식회사,피트니스,부평테마의거리 골목형 상점가,골목형상점가,인천광역시,,,
46059a015c6f930ca9db,full_annotation_v1,A,q_운동_07,헬스,문화·여가 중 '운동'을 판매·제공하는 매장,val,운동,T2 동의어,45f658fc-9d72-4667-aef8-6777f4055265,고빈티지스타일,소매업(여성의류),미금현대벤처빌시장,전통시장,경기도,,,
b6a9108503e6eed627c5,full_annotation_v1,A,q_운동_07,헬스,문화·여가 중 '운동'을 판매·제공하는 매장,val,운동,T2 동의어,fcaaffb2-32bb-4e9e-84a5-faf51d51e8e0,만호헬스,헬스,죽산시장,전통시장,경기도,,,
bc528b32951986b35834,full_annotation_v1,A,q_운동_07,헬스,문화·여가 중 '운동'을 판매·제공하는 매장,val,운동,T2 동의어,1391f81b-41c7-4b03-957f-b0e279fda46c,비타민휘트니스,헬스,천천중심상가 골목형상점가,골목형상점가,경기도,,,
5e8e874b3c16f7bd9d2d,full_annotation_v1,A,q_운동_07,헬스,문화·여가 중 '운동'을 판매·제공하는 매장,val,운동,T2 동의어,c5dd664b-3ba0-4c8e-8c68-6f0dee53eb46,티엠짐,헬스,진천혁신골목형상점가,골목형상점가,충청북도,,,
c428974dc32373b98b26,full_annotation_v1,A,q_운동_07,헬스,문화·여가 중 '운동'을 판매·제공하는 매장,val,운동,T2 동의어,0a7de62f-b294-412c-b700-0642397eca30,다이나핏 김포장기점,"스포츠 의류, 용품",김포장기패션아울렛,골목형상점가,경기도,,,
7b4a5a773bca3a56869c,full_annotation_v1,A,q_운동_07,헬스,문화·여가 중 '운동'을 판매·제공하는 매장,val,운동,T2 동의어,82ef23fe-994b-40c6-a018-27562ad2238b,순수헬스,헬스,금호운천로상인회 골목형상점가,골목형상점가,광주광역시,,,
9505cc0e8f3f64d01ca3,full_annotation_v1,A,q_운동_07,헬스,문화·여가 중 '운동'을 판매·제공하는 매장,val,운동,T2 동의어,033d99e2-0579-45d7-9d48-d999b90dd98a,M필라테스&요가,"필라테스, 요가",조종시장,전통시장,경기도,,,
0786eb0ffbca3eb33132,full_annotation_v1,A,q_운동_07,헬스,문화·여가 중 '운동'을 판매·제공하는 매장,val,운동,T2 동의어,00a3eb8f-b86a-4b8c-933c-ffaee551fdba,신시아 필라테스,필라테스 센터,겸재한신길 골목형상점가,골목형상점가,서울특별시,,,
e009eecf46e5cef67e4a,full_annotation_v1,A,q_운동_07,헬스,문화·여가 중 '운동'을 판매·제공하는 매장,val,운동,T2 동의어,008fbd3f-35b4-431f-8ba5-fc8bcfe4bf83,제이에스피트니스,헬스,동림1 골목형상점가,골목형상점가,광주광역시,,,
8bd7cbcd48b41da6a975,full_annotation_v1,A,q_운동_07,헬스,문화·여가 중 '운동'을 판매·제공하는 매장,val,운동,T2 동의어,e40b8fa8-0d4b-42ea-9f8a-e98101a69a33,네이처컬렉션 제주표선,화장품,표선사거리상점가(골목형상점가),골목형상점가,제주특별자치도,,,
328d64d0a1d12aee29a9,full_annotation_v1,A,q_운동_07,헬스,문화·여가 중 '운동'을 판매·제공하는 매장,val,운동,T2 동의어,6a26d38e-9c37-409f-8b8a-8f079d6f93ab,찡찡꼬마김밥,분식,나주혁신도시 골목형상점가,골목형상점가,전라남도,,,
484638ac33a7558f2516,full_annotation_v1,A,q_운동_07,헬스,문화·여가 중 '운동'을 판매·제공하는 매장,val,운동,T2 동의어,260638da-7a2b-40de-a30b-986292de3212,오늘헬스,헬스,금호상인회 골목형상점가,골목형상점가,광주광역시,,,
defb0c0b06c5bf68d4d2,full_annotation_v1,A,q_운동_07,헬스,문화·여가 중 '운동'을 판매·제공하는 매장,val,운동,T2 동의어,24701bd4-f2c1-47e7-a4a5-fb43528e9153,핏해짐,헬스,평촌1번가 상점가,자율상권구역,경기도,,,
4b7d35de2fc97869a802,full_annotation_v1,A,q_운동_07,헬스,문화·여가 중 '운동'을 판매·제공하는 매장,val,운동,T2 동의어,def0504e-d392-4140-ad2a-ad553320e12b,퍼스트짐,헬스,"빛가람 스타타워, 메가티움1차, 메가티움2차 골목형상점가",골목형상점가,전라남도,,,
b0fd74d78de874faa5df,full_annotation_v1,A,q_운동_07,헬스,문화·여가 중 '운동'을 판매·제공하는 매장,val,운동,T2 동의어,737843ba-b682-46bd-98fb-faddc92e6e04,더인핏 PT&헬스,헬스,고려쇼핑센터,전통시장,부산광역시,,,
a7ecf0993027d29f6771,full_annotation_v1,A,q_운동_07,헬스,문화·여가 중 '운동'을 판매·제공하는 매장,val,운동,T2 동의어,6245bf61-ba8b-4b60-91d9-610ca5c6e864,화정헬스,헬스,화정로상가상인회 골목형상점가,골목형상점가,광주광역시,,,
a89da386c741daefe7ea,full_annotation_v1,A,q_운동_07,헬스,문화·여가 중 '운동'을 판매·제공하는 매장,val,운동,T2 동의어,b2506e39-9441-4364-a5d4-82b916bf5c8d,클럽훈짐 헬스 PT,헬스,월드상가골목형상점가,골목형상점가,인천광역시,,,
c49bd50539077b37d7cb,full_annotation_v1,A,q_운동_07,헬스,문화·여가 중 '운동'을 판매·제공하는 매장,val,운동,T2 동의어,00a27d0e-2216-4ff5-94fe-7acd76db3da3,짐자반 헬스 PT 하남시청역점,"헬스장 회원권, 개인레슨",덕풍전통시장,전통시장,경기도,,,
f56055cda6c5bb30ef11,full_annotation_v1,A,q_운동_07,헬스,문화·여가 중 '운동'을 판매·제공하는 매장,val,운동,T2 동의어,f4c2d17d-f51b-4c8f-a963-37de315abac7,더벨류짐,헬스,연남동골목형상점가,골목형상점가,서울특별시,,,
093376dc9705e646ef36,full_annotation_v1,A,q_운동_07,헬스,문화·여가 중 '운동'을 판매·제공하는 매장,val,운동,T2 동의어,000a92b3-0b5e-429e-af00-f86e3570e24b,클로버,의류,관문상가시장,전통시장,대구광역시,,,
54847dc6d7a7d8bcad0c,full_annotation_v1,A,q_운동_07,헬스,문화·여가 중 '운동'을 판매·제공하는 매장,val,운동,T2 동의어,167afa6b-ba96-4720-a6a6-ae1a8dad4813,조거앤스웨트,헬스,혁신도시5구역골목형상점가,골목형상점가,강원특별자치도,,,
c44aa663e5450f394a4f,full_annotation_v1,A,q_운동_07,헬스,문화·여가 중 '운동'을 판매·제공하는 매장,val,운동,T2 동의어,3b91fb89-d8c8-4514-be5d-6ee71c48bb85,프롬짐,헬스,주월1동봉선로 골목형상점가,골목형상점가,광주광역시,,,
fff49344311a7d845ec3,full_annotation_v1,A,q_운동_07,헬스,문화·여가 중 '운동'을 판매·제공하는 매장,val,운동,T2 동의어,07d89ce7-de40-4795-a10b-414cc1e269ef,매곡 천부경 명상센터,"명상수련, 요가",매곡동 골목형상점가,골목형상점가,광주광역시,,,
29f371f702cbcbec7ae6,full_annotation_v1,A,q_운동_07,헬스,문화·여가 중 '운동'을 판매·제공하는 매장,val,운동,T2 동의어,00124602-ef4e-472c-91ee-de53b28d7530,화이트,의류,울산번개시장,전통시장,울산광역시,,,
7bbc6f2cc44d580220ac,full_annotation_v1,A,q_운동_07,헬스,문화·여가 중 '운동'을 판매·제공하는 매장,val,운동,T2 동의어,65f50450-f9a8-4273-a683-06925ea2031b,빅스포휘트니스진월점,헬스,주월리 골목형상점가,골목형상점가,광주광역시,,,
ddcc9e300c90cc2cd450,full_annotation_v1,A,q_운동_07,헬스,문화·여가 중 '운동'을 판매·제공하는 매장,val,운동,T2 동의어,328a1610-4d4f-4102-a5d8-6711b4741ecc,핏게이,헬스,신가동 골목형상점가,골목형상점가,광주광역시,,,
338c2b41a10817f510fb,full_annotation_v1,A,q_운동_07,헬스,문화·여가 중 '운동'을 판매·제공하는 매장,val,운동,T2 동의어,57647d55-6028-4fdc-b878-a26275c30e3e,셋이노베이션,헬스,혁신도시6구역골목형상점가,골목형상점가,강원특별자치도,,,
6b6ee7fa4d5d59d076ed,full_annotation_v1,A,q_운동_07,헬스,문화·여가 중 '운동'을 판매·제공하는 매장,val,운동,T2 동의어,00158f51-4d3a-4ac0-9e38-b37552f5e097,지지배,의류,나주금빛상점가,자율상권구역,전라남도,,,
f561ed03964dc88e47b0,full_annotation_v1,A,q_운동_07,헬스,문화·여가 중 '운동'을 판매·제공하는 매장,val,운동,T2 동의어,47b4b111-427d-4a42-a276-f100a5f721da,라라휘트니스,헬스,어은누리 골목형상점가,골목형상점가,대전광역시,,,
0771fe787611e52acf59,full_annotation_v1,A,q_운동_07,헬스,문화·여가 중 '운동'을 판매·제공하는 매장,val,운동,T2 동의어,59f2746c-31a2-4dc2-8ae8-71f8f0f4f57f,빵빵해짐,헬스,이튼타워리버3차골목형상점가,골목형상점가,서울특별시,,,
b56e34092b0fa34d3cc8,full_annotation_v1,A,q_운동_07,헬스,문화·여가 중 '운동'을 판매·제공하는 매장,val,운동,T2 동의어,192afb56-cf6e-41c8-8d49-1e07024b0c49,에스짐24시피트니스PT,헬스,운암 예술 골목형상점가,골목형상점가,광주광역시,,,
ecf795bf2a0d23e5d47b,full_annotation_v1,A,q_운동_07,헬스,문화·여가 중 '운동'을 판매·제공하는 매장,val,운동,T2 동의어,e7329eb5-1f4f-4585-a4e8-1c9658a22d21,아름드리,소매(의류),장터길 골목형상점가,골목형상점가,경기도,,,
514ecd3712185f54d849,full_annotation_v1,A,q_운동_07,헬스,문화·여가 중 '운동'을 판매·제공하는 매장,val,운동,T2 동의어,06de0404-2630-4900-b09c-405825ed5212,평생헬스,헬스,화순중앙로골목형상점가,골목형상점가,전라남도,,,
0c3f6925b5fdf9185b43,full_annotation_v1,A,q_운동_07,헬스,문화·여가 중 '운동'을 판매·제공하는 매장,val,운동,T2 동의어,003adf4b-eb63-4fd3-92d3-e139c6f1c22d,새롬필라테스,필라테스,새롬동 골목형상점가,골목형상점가,세종특별자치시,,,
e565d31818190194022c,full_annotation_v1,A,q_운동_07,헬스,문화·여가 중 '운동'을 판매·제공하는 매장,val,운동,T2 동의어,c389cba0-9f50-40f4-a54f-88e16c38d206,일그램휘트니스,헬스,운암이 골목형상점가,골목형상점가,광주광역시,,,
d2fdd4e8c1771b01db42,full_annotation_v1,A,q_운동_07,헬스,문화·여가 중 '운동'을 판매·제공하는 매장,val,운동,T2 동의어,439c73ac-5c35-40aa-ac90-ece71c1f144a,다짐,헬스,아름드리 골목형상점가,골목형상점가,세종특별자치시,,,
90b4021f09082c0048f2,full_annotation_v1,A,q_운동_07,헬스,문화·여가 중 '운동'을 판매·제공하는 매장,val,운동,T2 동의어,0041f699-c619-48b9-b3a9-814af9905c66,GB트레이닝센터,운동,일곡동(제5지역:제1근린공원 건너편),골목형상점가,광주광역시,,,
1c6903c14077fc93e755,full_annotation_v1,A,q_운동_07,헬스,문화·여가 중 '운동'을 판매·제공하는 매장,val,운동,T2 동의어,48ec2024-ee31-4ae0-bb8f-2126c5bfaa61,하다피트니스,피트니스,과천새서울프라자시장,전통시장,경기도,,,
217f31a0f891bb958ea8,full_annotation_v1,A,q_운동_07,헬스,문화·여가 중 '운동'을 판매·제공하는 매장,val,운동,T2 동의어,3422a2b4-491d-4cb8-ba21-a8f5eb058d17,유성휘트니스,헬스,짚봉산상인회 골목형상점가,골목형상점가,광주광역시,,,
9cfc9c8ba3415475062e,full_annotation_v1,A,q_운동_07,헬스,문화·여가 중 '운동'을 판매·제공하는 매장,val,운동,T2 동의어,09815d92-d0f0-4c87-b4fa-1194f86c53c0,유성프로스펙스,"스포츠의류, 용품",장대동패션상가 골목형상점가,골목형상점가,대전광역시,,,
13b7e33f65d9246d6df6,full_annotation_v1,A,q_운동_07,헬스,문화·여가 중 '운동'을 판매·제공하는 매장,val,운동,T2 동의어,00c4a045-8aa5-4995-8313-806b7fcab6ff,남스짐천왕점 헬스PT,,천왕마을 골목형상점가,골목형상점가,서울특별시,,,
c6574559b5edf4e1d5b8,full_annotation_v1,A,q_운동_07,헬스,문화·여가 중 '운동'을 판매·제공하는 매장,val,운동,T2 동의어,2330c63a-acb9-4bcc-8e6f-aca4c17bfe45,대흥상회,과자,부전상가시장,전통시장,부산광역시,,,
35f5416fb4b440ea5dc4,full_annotation_v1,A,q_운동_07,헬스,문화·여가 중 '운동'을 판매·제공하는 매장,val,운동,T2 동의어,41f362f9-a7e4-4811-b790-961feb5d4250,YB휘트니스,헬스,쌍촌로상인회 골목형상점가,골목형상점가,광주광역시,,,
b037b62d49e3f0d17afc,full_annotation_v1,A,q_운동_07,헬스,문화·여가 중 '운동'을 판매·제공하는 매장,val,운동,T2 동의어,00172c94-61f0-4197-afeb-d7e8187c79b5,옷이예쁘다,의류,메트로센터(반월당지하쇼핑),일반지하상점가,대구광역시,,,
05d8fdc99f1e88a73248,full_annotation_v1,A,q_운동_07,헬스,문화·여가 중 '운동'을 판매·제공하는 매장,val,운동,T2 동의어,b9570c71-d4c9-4cdb-b2ce-adb0ae618f84,대림상회,가공식품,경동시장,전통시장,서울특별시,,,
101588a70f7572a811dd,full_annotation_v1,A,q_운동_07,헬스,문화·여가 중 '운동'을 판매·제공하는 매장,val,운동,T2 동의어,ee94c325-c2ad-4dc1-ab31-c0a63bdfde66,조짐 헬스 PT,헬스,용산지구 골목형상점가,골목형상점가,광주광역시,,,
c132fae43e6843fb3e1a,full_annotation_v1,A,q_운동_07,헬스,문화·여가 중 '운동'을 판매·제공하는 매장,val,운동,T2 동의어,f25181de-4757-4b1d-8aba-acb7f3d507a0,wavegym 헬스&PT,헬스,송촌동상점가,자율상권구역,대전광역시,,,
005830e7e658e85a5881,full_annotation_v1,A,q_운동_07,헬스,문화·여가 중 '운동'을 판매·제공하는 매장,val,운동,T2 동의어,06f75bcb-8c04-46f9-9315-b56a3f1d7a63,스윙&플라멩고,운동복,대현프리몰 대구점,일반지하상점가,대구광역시,,,
a05c1474edf551337f6d,full_annotation_v1,A,q_운동_07,헬스,문화·여가 중 '운동'을 판매·제공하는 매장,val,운동,T2 동의어,335b4651-8acc-4bf8-9150-558a8d29f83b,알앤버휘트니스,헬스,금화상인회 골목형상점가,골목형상점가,광주광역시,,,
36a1f5344abb7a03a346,full_annotation_v1,A,q_운동_07,헬스,문화·여가 중 '운동'을 판매·제공하는 매장,val,운동,T2 동의어,f76a9766-f636-45e2-b0c6-d8116d6ff4c4,커브스영통클럽,헬스,영통센타프라자 골목형상점가,골목형상점가,경기도,,,
69482b148e98426a0559,full_annotation_v1,A,q_운동_07,헬스,문화·여가 중 '운동'을 판매·제공하는 매장,val,운동,T2 동의어,14ffe4b2-bd20-4f16-b1dc-dd39c7d48648,바디플러스 헬스,헬스,진잠 골목형상점가,골목형상점가,대전광역시,,,
aff24e9cfb56e5e195c2,full_annotation_v1,A,q_운동_07,헬스,문화·여가 중 '운동'을 판매·제공하는 매장,val,운동,T2 동의어,9d70bd76-d8fe-48f4-998e-27fac048a5e4,스페샬나잇트,일식,나주혁신도시 골목형상점가,골목형상점가,전라남도,,,
a532a3abf3e7450afe3e,full_annotation_v1,A,q_운동_07,헬스,문화·여가 중 '운동'을 판매·제공하는 매장,val,운동,T2 동의어,05ed9eb1-e2d0-4f1f-aab3-2d0afe58c05d,이안과 옵티컬,안경 및 렌즈,안양1번가 상점가,자율상권구역,경기도,,,
8c8f335617415223307a,full_annotation_v1,A,q_운동_07,헬스,문화·여가 중 '운동'을 판매·제공하는 매장,val,운동,T2 동의어,fa1d0da0-a48f-4137-a01f-7168d3dd5804,pt매니아,헬스,오전모락골목형상점가,골목형상점가,경기도,,,
659bcff4e61e03d6cb9e,full_annotation_v1,A,q_운동_07,헬스,문화·여가 중 '운동'을 판매·제공하는 매장,val,운동,T2 동의어,e96d211e-024b-4ae1-b65b-7f1228d8eb46,테크노헬스,헬스,대추골골목형상점가,골목형상점가,서울특별시,,,
ad807d26cf17a754e515,full_annotation_v1,A,q_운동_07,헬스,문화·여가 중 '운동'을 판매·제공하는 매장,val,운동,T2 동의어,e71d07b8-d50d-4191-95de-b0867e86098c,그리드짐,헬스,효행구봉담상점가,골목형상점가,경기도,,,
36410d973e3f611c126b,full_annotation_v1,A,q_운동_07,헬스,문화·여가 중 '운동'을 판매·제공하는 매장,val,운동,T2 동의어,bc522304-684b-4362-ab04-08be5b99adb6,미앤강,헬스,오월첫동네 골목형상점가,골목형상점가,광주광역시,,,
fdb7db48d0622acbdf82,full_annotation_v1,A,q_운동_07,헬스,문화·여가 중 '운동'을 판매·제공하는 매장,val,운동,T2 동의어,4917f56d-037d-4469-a10a-1ac98b2e1cd9,다경반찬,,연동골목시장,자율상권구역,부산광역시,,,
1c63ebc23351bf281e2c,full_annotation_v1,A,q_운동_07,헬스,문화·여가 중 '운동'을 판매·제공하는 매장,val,운동,T2 동의어,dbdbb7e1-cdff-42fe-bd89-af4d8c22be0b,문재엄 헬스,헬스,어은누리 골목형상점가,골목형상점가,대전광역시,,,
4cb0cc785c65b7231e4b,full_annotation_v1,A,q_운동_07,헬스,문화·여가 중 '운동'을 판매·제공하는 매장,val,운동,T2 동의어,f2f4ad43-92e5-43ee-83f3-184db9825843,리턴투핏,헬스,성덕중사거리,골목형상점가,광주광역시,,,
f46ab83d45391ce915ff,full_annotation_v1,A,q_운동_07,헬스,문화·여가 중 '운동'을 판매·제공하는 매장,val,운동,T2 동의어,3502d063-b856-42dd-a378-c8adfe3685ad,피지컬짐,헬스,말바우지키미 골목형상점가,골목형상점가,광주광역시,,,
e6a9f92f90329594ff50,full_annotation_v1,A,q_운동_07,헬스,문화·여가 중 '운동'을 판매·제공하는 매장,val,운동,T2 동의어,8b575c45-3054-4978-96a5-06428f1ba1a9,베델짐,헬스,한솔센터 골목형상점가,골목형상점가,세종특별자치시,,,
226629d42f765b87aea0,full_annotation_v1,A,q_운동_07,헬스,문화·여가 중 '운동'을 판매·제공하는 매장,val,운동,T2 동의어,bbdef104-7074-4ef5-86ae-507abe1b09b0,대경사,이불,주안시민지하도상점가,일반지하상점가,인천광역시,,,
68f0fb12002cc8d711ed,full_annotation_v1,A,q_운동_07,헬스,문화·여가 중 '운동'을 판매·제공하는 매장,val,운동,T2 동의어,d74c83e3-5da2-4b1b-8707-21e8bcfd0dce,최육관,헬스,첨단강변로 골목형상점가,골목형상점가,광주광역시,,,
9afadc0dc1ccac782a6e,full_annotation_v1,A,q_운동_07,헬스,문화·여가 중 '운동'을 판매·제공하는 매장,val,운동,T2 동의어,ccb94eae-2e5a-4dc6-8831-926edacab9ca,패러다임짐,헬스,서재소상공인연합회,골목형상점가,대구광역시,,,
f619e530fd8d4beff327,full_annotation_v1,A,q_운동_07,헬스,문화·여가 중 '운동'을 판매·제공하는 매장,val,운동,T2 동의어,00054f1d-4cae-4345-9975-1423bc49e4dc,착한아이들,의류,중앙전통시장,전통시장,울산광역시,,,
7335fd67cc34c2291103,full_annotation_v1,A,q_운동_07,헬스,문화·여가 중 '운동'을 판매·제공하는 매장,val,운동,T2 동의어,2ab950bb-d70f-4617-a1a2-df5a0c791689,애플 피트니스 헬스&PT,헬스,평창동 골목형상점가,골목형상점가,서울특별시,,,
87d4f6692e76061bb413,full_annotation_v1,A,q_운동_07,헬스,문화·여가 중 '운동'을 판매·제공하는 매장,val,운동,T2 동의어,94f7033d-6e06-4a35-b741-935db46cc48d,힘피트니스,헬스,시티프라자골목형상점가,골목형상점가,전라남도,,,
c935462bdfa08f335d5c,full_annotation_v1,A,q_운동_07,헬스,문화·여가 중 '운동'을 판매·제공하는 매장,val,운동,T2 동의어,ec92bc22-a318-407c-9536-e2cae0c09828,플랜에이피트니스,헬스,궁동 골목형상점가,골목형상점가,대전광역시,,,
d1c959c55771d822eb7c,full_annotation_v1,A,q_운동_07,헬스,문화·여가 중 '운동'을 판매·제공하는 매장,val,운동,T2 동의어,4c0cadbe-0fe6-4f77-9bd6-36dc170a865e,피트니느새봄,헬스,희담길,골목형상점가,광주광역시,,,
26f391c8e1ac15897f2a,full_annotation_v1,A,q_운동_07,헬스,문화·여가 중 '운동'을 판매·제공하는 매장,val,운동,T2 동의어,a44e9c62-a695-459a-956d-e53b34067e35,대성식육점,식육,금사제일상가시장,전통시장,부산광역시,,,
9fd2ebbe0507a02d665a,full_annotation_v1,A,q_운동_07,헬스,문화·여가 중 '운동'을 판매·제공하는 매장,val,운동,T2 동의어,0214eb76-f204-4d4f-9645-f0444d2c5f33,베이글짐,헬스장,도담동 골목형상점가,골목형상점가,세종특별자치시,,,
bb6952ae60600bc723f7,full_annotation_v1,A,q_운동_07,헬스,문화·여가 중 '운동'을 판매·제공하는 매장,val,운동,T2 동의어,35f62c74-3304-4a6c-a21f-28b253239019,하이무브 피트니스,피트니스 센터,산본로데오거리(구 산본중심상가),자율상권구역,경기도,,,
b4d829e2c18951ec8f24,full_annotation_v1,A,q_운동_07,헬스,문화·여가 중 '운동'을 판매·제공하는 매장,val,운동,T2 동의어,7fb25bd7-b290-4528-a034-4e63d12f78a6,원더풀,미용,성대시장골목형상점가,골목형상점가,서울특별시,,,
ad957fa6800928f3085b,full_annotation_v1,A,q_운동_07,헬스,문화·여가 중 '운동'을 판매·제공하는 매장,val,운동,T2 동의어,020180c1-e676-4f99-84db-9b56504222f2,아름드리 필라테스&PT,필라테스요가바레필라테스,아름드리 골목형상점가,골목형상점가,세종특별자치시,,,
58dd84b647c4ef354a4f,full_annotation_v1,A,q_운동_07,헬스,문화·여가 중 '운동'을 판매·제공하는 매장,val,운동,T2 동의어,5a793e75-a08d-44e9-ba4a-47b0208c748b,파프리카짐,헬스,목양마을 골목형상점가,골목형상점가,대전광역시,,,
94d13dbc39e7c9715e3e,full_annotation_v1,A,q_운동_07,헬스,문화·여가 중 '운동'을 판매·제공하는 매장,val,운동,T2 동의어,08bf522e-2d12-4ba2-95aa-344e372f90d7,수지패션,운동용품,원조낙지골목상점가,자율상권구역,전라남도,,,
32e92830641178bbd91b,full_annotation_v1,A,q_운동_07,헬스,문화·여가 중 '운동'을 판매·제공하는 매장,val,운동,T2 동의어,a5647bf7-e937-49e2-99ce-026cee3ca1ed,15짐,헬스,연신내골목형상점가,골목형상점가,서울특별시,,,
1f3c627b94220d458fa9,full_annotation_v1,A,q_운동_07,헬스,문화·여가 중 '운동'을 판매·제공하는 매장,val,운동,T2 동의어,00f8d2a4-8e38-485b-a09e-280a1aa0c326,라인엑스피티스튜디오,"헬스, PT",수지성복플러스 골목형상점가,골목형상점가,경기도,,,
26a2909038b17f330479,full_annotation_v1,A,q_운동_07,헬스,문화·여가 중 '운동'을 판매·제공하는 매장,val,운동,T2 동의어,3641b17f-210f-4394-8bd3-907c94599d1d,삼광상회,의류,안양중앙인정시장,전통시장,경기도,,,
ef770cecc9cd96bfef7a,full_annotation_v1,A,q_운동_07,헬스,문화·여가 중 '운동'을 판매·제공하는 매장,val,운동,T2 동의어,a706ca3c-4041-4651-8009-65bc120c4283,팀엑스짐,헬스,내곡동골목형상점가,골목형상점가,강원특별자치도,,,
76ba4b93d64a4b1493c6,full_annotation_v1,A,q_운동_07,헬스,문화·여가 중 '운동'을 판매·제공하는 매장,val,운동,T2 동의어,040428ab-1a04-452f-8b35-c7c3c993cad8,누아요가,요가,현대센트럴스퀘어,골목형상점가,경기도,,,
48bd847ba498c7a97f84,full_annotation_v1,A,q_운동_07,헬스,문화·여가 중 '운동'을 판매·제공하는 매장,val,운동,T2 동의어,21bfd845-8c16-4b67-809f-81a3833826c0,케이폴앤댄스,피트니스,남양역골로상점가,골목형상점가,경기도,,,
22d0b948a0e2b45b0e42,full_annotation_v1,A,q_운동_07,헬스,문화·여가 중 '운동'을 판매·제공하는 매장,val,운동,T2 동의어,0066174b-64aa-428a-b8d6-f9bae4107429,크로스핏 엘리트짐,기능성운동,노은역 골목형상점가,골목형상점가,대전광역시,,,
5c626f41068d4fe6952c,full_annotation_v1,A,q_운동_07,헬스,문화·여가 중 '운동'을 판매·제공하는 매장,val,운동,T2 동의어,ba5e4309-8bb2-4953-af75-20844fe84f40,피트니스메카,헬스,봉선로2 골목형상점가,골목형상점가,광주광역시,,,
47674819cbce9ef92be8,full_annotation_v1,A,q_운동_07,헬스,문화·여가 중 '운동'을 판매·제공하는 매장,val,운동,T2 동의어,52bf8fa1-b035-4175-a853-e487655ff9c8,세진헬스,헬스,지범골목먹거리타운 골목형상점가,골목형상점가,대구광역시,,,
fb729aee005b0924ed61,full_annotation_v1,A,q_운동_07,헬스,문화·여가 중 '운동'을 판매·제공하는 매장,val,운동,T2 동의어,8c6ddbb3-a8f3-4f4f-8056-d98d6584d700,플렉스짐,헬스,아름동상점가,자율상권구역,세종특별자치시,,,
86d7ca7ca7c138b3450b,full_annotation_v1,A,q_운동_07,헬스,문화·여가 중 '운동'을 판매·제공하는 매장,val,운동,T2 동의어,07466d2d-51a2-4c17-8dcf-1af1bfb6f868,금강랜드로바 원주점,운동화가죽신발등산용품,원주중앙로문화의거리,자율상권구역,강원특별자치도,,,
aa6970fb419c52919594,full_annotation_v1,A,q_운동_07,헬스,문화·여가 중 '운동'을 판매·제공하는 매장,val,운동,T2 동의어,01a5e178-ba34-4e15-ac4d-07a398900593,가자점핑다이어트클럽,"점핑, 요가",문흥2동 골목형상점가,골목형상점가,광주광역시,,,
ca68aa45fa9bec4a76b5,full_annotation_v1,A,q_운동_07,헬스,문화·여가 중 '운동'을 판매·제공하는 매장,val,운동,T2 동의어,9e998694-e7a4-43c3-baef-9279d201f328,열정헬스,헬스,신용동 대성빌딩 골목형상점가,골목형상점가,광주광역시,,,
72f8a5ff50f0c0d3c067,full_annotation_v1,A,q_운동_07,헬스,문화·여가 중 '운동'을 판매·제공하는 매장,val,운동,T2 동의어,3bd86563-9168-49dd-8c2c-1ec9beb0e955,원케이피트니스,헬스,지족반석 골목형상점가,골목형상점가,대전광역시,,,
93fa95a99168201e967b,full_annotation_v1,A,q_운동_07,헬스,문화·여가 중 '운동'을 판매·제공하는 매장,val,운동,T2 동의어,d9a483b3-ba11-41af-8485-3cf9f17c5770,다짐,헬스,수완나들목 골목형상점가,골목형상점가,광주광역시,,,
73952b0f5e75ab94c23c,full_annotation_v1,A,q_운동_07,헬스,문화·여가 중 '운동'을 판매·제공하는 매장,val,운동,T2 동의어,616bc833-69ab-4db4-bedf-c51f7012e954,바라던핏,헬스,사가정면목로골목형상점가,골목형상점가,서울특별시,,,
2d9174d07955e688c34b,full_annotation_v1,A,q_운동_07,헬스,문화·여가 중 '운동'을 판매·제공하는 매장,val,운동,T2 동의어,bd61551f-5e3b-4172-bd17-7e0402bea15f,머슬365,헬스,목3동골목형상점가,골목형상점가,서울특별시,,,
f2505793a33cdf9379f2,full_annotation_v1,A,q_운동_07,헬스,문화·여가 중 '운동'을 판매·제공하는 매장,val,운동,T2 동의어,4fb963a2-ec5c-4e0d-a011-0dbc40952e5c,루포짐,헬스,운남골목 골목형상점가,골목형상점가,광주광역시,,,
6ec728cc6dde8f828e54,full_annotation_v1,A,q_운동_07,헬스,문화·여가 중 '운동'을 판매·제공하는 매장,val,운동,T2 동의어,0c2ca2df-090b-44da-8b16-7ba7c13e5c0e,에스휘트니스,헬스,금암동 골목형상점가,골목형상점가,충청남도,,,
7e327273c354cdea10ad,full_annotation_v1,A,q_운동_07,헬스,문화·여가 중 '운동'을 판매·제공하는 매장,val,운동,T2 동의어,98242403-f777-4d97-ad78-58ed1fe079e0,워너비짐,헬스,월곡달빛오거리골목형상점가,골목형상점가,서울특별시,,,
eeb55d6108a0dcd87ebd,full_annotation_v1,A,q_운동_07,헬스,문화·여가 중 '운동'을 판매·제공하는 매장,val,운동,T2 동의어,b3d9e3f9-924e-40d5-afc1-355224046aa4,바디펙토리,헬스,지족동 골목형상점가,골목형상점가,대전광역시,,,
b49a80bf59b7ee02f5ef,full_annotation_v1,A,q_운동_07,헬스,문화·여가 중 '운동'을 판매·제공하는 매장,val,운동,T2 동의어,2b0e2c1c-0f50-47c0-b7d1-9bf23de3ae22,아이엠피트니스,헬스,신가동 골목형상점가,골목형상점가,광주광역시,,,
fefc35fe33749f26ba24,full_annotation_v1,A,q_운동_07,헬스,문화·여가 중 '운동'을 판매·제공하는 매장,val,운동,T2 동의어,5e99ffe9-d666-4eb4-a37b-69f0f9389ba8,짐버튼,헬스,빛가람 하나로 골목형상점가,골목형상점가,전라남도,,,
d79eac8a325e93e3af7d,full_annotation_v1,A,q_운동_07,헬스,문화·여가 중 '운동'을 판매·제공하는 매장,val,운동,T2 동의어,6b75b9ac-a22f-472e-a3ed-0b3f5a92de7e,새로이핏,헬스,철길공원 골목형상점가,골목형상점가,전북특별자치도,,,
7df4ede0ecc8973571f4,full_annotation_v1,A,q_운동_07,헬스,문화·여가 중 '운동'을 판매·제공하는 매장,val,운동,T2 동의어,08de408a-f260-4467-b375-768cbd50e14d,본소마메드짐 재활운동&PT,운동,용강동상점가,자율상권구역,서울특별시,,,
b41a4e459523b3e660ec,full_annotation_v1,A,q_운동_07,헬스,문화·여가 중 '운동'을 판매·제공하는 매장,val,운동,T2 동의어,f2f063ae-7072-4cb5-9b2b-3bf2574518ed,고운짐,헬스,"가락마을 1,2단지 골목형상점가(가락마을 1,2단지 상인회)",골목형상점가,세종특별자치시,,,
26a95b50037ae061caf4,full_annotation_v1,A,q_운동_08,스포츠용품,문화·여가 중 '운동'을 판매·제공하는 매장,val,운동,T3 개념확장,008fbd3f-35b4-431f-8ba5-fc8bcfe4bf83,제이에스피트니스,헬스,동림1 골목형상점가,골목형상점가,광주광역시,,,
8b94bbd637b2f8f5add3,full_annotation_v1,A,q_운동_08,스포츠용품,문화·여가 중 '운동'을 판매·제공하는 매장,val,운동,T3 개념확장,01a5e178-ba34-4e15-ac4d-07a398900593,가자점핑다이어트클럽,"점핑, 요가",문흥2동 골목형상점가,골목형상점가,광주광역시,,,
7d7a5fb44a6d5fa35e56,full_annotation_v1,A,q_운동_08,스포츠용품,문화·여가 중 '운동'을 판매·제공하는 매장,val,운동,T3 개념확장,0214eb76-f204-4d4f-9645-f0444d2c5f33,베이글짐,헬스장,도담동 골목형상점가,골목형상점가,세종특별자치시,,,
6b610798f1066683436a,full_annotation_v1,A,q_운동_08,스포츠용품,문화·여가 중 '운동'을 판매·제공하는 매장,val,운동,T3 개념확장,08de408a-f260-4467-b375-768cbd50e14d,본소마메드짐 재활운동&PT,운동,용강동상점가,자율상권구역,서울특별시,,,
efab79b2cdddbb3504fb,full_annotation_v1,A,q_운동_08,스포츠용품,문화·여가 중 '운동'을 판매·제공하는 매장,val,운동,T3 개념확장,96f7dd76-3128-4d53-a233-217807d180a3,스매싱 스포츠,스포츠용품,부여도심 상권활성화구역,상권활성화구역,충청남도,,,
50be7598f555ed1de555,full_annotation_v1,A,q_운동_08,스포츠용품,문화·여가 중 '운동'을 판매·제공하는 매장,val,운동,T3 개념확장,f90b7469-7130-48e7-8e8d-3f5ac8e48f9d,위니스포츠,스포츠용품,미사강변 골목형상점가,골목형상점가,경기도,,,
d53f6505458172237ab9,full_annotation_v1,A,q_운동_08,스포츠용품,문화·여가 중 '운동'을 판매·제공하는 매장,val,운동,T3 개념확장,e20cf199-3fbf-43b9-aa40-e944977e7d8a,고촌스포츠,스포츠용품,고촌 먹거리타운 골목형상점가,골목형상점가,경기도,,,
e43400699f87e97ca070,full_annotation_v1,A,q_운동_08,스포츠용품,문화·여가 중 '운동'을 판매·제공하는 매장,val,운동,T3 개념확장,e902254d-254a-4c7d-86c6-1c6be9aafeb9,슈마커,스포츠용품,안성명동거리 골목형상점가,골목형상점가,경기도,,,
8cc1488254f9ee229a01,full_annotation_v1,A,q_운동_08,스포츠용품,문화·여가 중 '운동'을 판매·제공하는 매장,val,운동,T3 개념확장,07d89ce7-de40-4795-a10b-414cc1e269ef,매곡 천부경 명상센터,"명상수련, 요가",매곡동 골목형상점가,골목형상점가,광주광역시,,,
80df7541f7a53f05aa72,full_annotation_v1,A,q_운동_08,스포츠용품,문화·여가 중 '운동'을 판매·제공하는 매장,val,운동,T3 개념확장,003adf4b-eb63-4fd3-92d3-e139c6f1c22d,새롬필라테스,필라테스,새롬동 골목형상점가,골목형상점가,세종특별자치시,,,
7f2b5d2ec43f5f00bab6,full_annotation_v1,A,q_운동_08,스포츠용품,문화·여가 중 '운동'을 판매·제공하는 매장,val,운동,T3 개념확장,1bc3ebfc-85c0-47f1-b916-5127f98e217d,다림,스포츠용품,중앙전통시장,전통시장,울산광역시,,,
06d1351218a93fd04535,full_annotation_v1,A,q_운동_08,스포츠용품,문화·여가 중 '운동'을 판매·제공하는 매장,val,운동,T3 개념확장,020180c1-e676-4f99-84db-9b56504222f2,아름드리 필라테스&PT,필라테스요가바레필라테스,아름드리 골목형상점가,골목형상점가,세종특별자치시,,,
de9db289c96f47cb3d7d,full_annotation_v1,A,q_운동_08,스포츠용품,문화·여가 중 '운동'을 판매·제공하는 매장,val,운동,T3 개념확장,c026c63f-e85c-4aa2-a317-ed75378b8530,모바일앤크로스스티치,통신기기악세사리,어울림양산로 골목형상점가,골목형상점가,광주광역시,,,
35f09f3cd96548ceb0f8,full_annotation_v1,A,q_운동_08,스포츠용품,문화·여가 중 '운동'을 판매·제공하는 매장,val,운동,T3 개념확장,341b72bf-b717-46e6-adb0-bc7c3524562f,야수베이스볼,스포츠용품,고성동벚꽃 골목형상점가,골목형상점가,대구광역시,,,
a59698685823c7b9b8b3,full_annotation_v1,A,q_운동_08,스포츠용품,문화·여가 중 '운동'을 판매·제공하는 매장,val,운동,T3 개념확장,0080a859-c5d8-4b43-b14c-d5eb844118a0,헬스맨헬스걸,헬스장,비래동골목형상점가,골목형상점가,대전광역시,,,
6b2791a8c9f0bd1eebbd,full_annotation_v1,A,q_운동_08,스포츠용품,문화·여가 중 '운동'을 판매·제공하는 매장,val,운동,T3 개념확장,fe7fb090-d40e-4abe-a8a0-dca3e47a55fb,스노우피크성서점,스포츠용품,성서아울렛타운,자율상권구역,대구광역시,,,
0726f1de0aa41383f01b,full_annotation_v1,A,q_운동_08,스포츠용품,문화·여가 중 '운동'을 판매·제공하는 매장,val,운동,T3 개념확장,b16f9a66-8c3b-404c-8b32-cfab7f6cca01,싸커코리아,스포츠용품,덕이동메인타운상점가(구 덕이동로데오메인타운),자율상권구역,경기도,,,
c843c54911145edb458e,full_annotation_v1,A,q_운동_08,스포츠용품,문화·여가 중 '운동'을 판매·제공하는 매장,val,운동,T3 개념확장,fc420048-16a3-4583-ba34-9c5538d8fe2c,뉴월드스포츠,스포츠용품,창원코아상가,전통시장,경상남도,,,
28c87cc5e6b245a3e811,full_annotation_v1,A,q_운동_08,스포츠용품,문화·여가 중 '운동'을 판매·제공하는 매장,val,운동,T3 개념확장,0fa3bcf9-c596-4454-9c45-9e43cd94d222,팬텀영주점,스포츠용품,영주문화시장,전통시장,경상북도,,,
ad84abebd7124a5a3b1e,full_annotation_v1,A,q_운동_08,스포츠용품,문화·여가 중 '운동'을 판매·제공하는 매장,val,운동,T3 개념확장,07466d2d-51a2-4c17-8dcf-1af1bfb6f868,금강랜드로바 원주점,운동화가죽신발등산용품,원주중앙로문화의거리,자율상권구역,강원특별자치도,,,
9737226bf87493c2dea0,full_annotation_v1,A,q_운동_08,스포츠용품,문화·여가 중 '운동'을 판매·제공하는 매장,val,운동,T3 개념확장,caed6861-89a3-494b-a21c-28f26343e588,아레나수영복포항점,스포츠용품,포항중앙상가,전통시장,경상북도,,,
6948fb94f313e6a801be,full_annotation_v1,A,q_운동_08,스포츠용품,문화·여가 중 '운동'을 판매·제공하는 매장,val,운동,T3 개념확장,74033b45-9956-45b5-bbd8-c0dd99c79b03,배드민턴창고,스포츠용품,공주산성 활성화구역,상권활성화구역,충청남도,,,
31a0c7d84831b45ac24f,full_annotation_v1,A,q_운동_08,스포츠용품,문화·여가 중 '운동'을 판매·제공하는 매장,val,운동,T3 개념확장,32de9e02-1743-4e88-93fd-f9bde80bb605,K2보령점,스포츠용품,보령한내시장,전통시장,충청남도,,,
fb8179497fb5488ffa15,full_annotation_v1,A,q_운동_08,스포츠용품,문화·여가 중 '운동'을 판매·제공하는 매장,val,운동,T3 개념확장,d6844674-8008-49e2-b662-9f1b0a57466c,거부축산,소매(식육),화서시장,전통시장,경기도,,,
28c1207abca2b37af7ab,full_annotation_v1,A,q_운동_08,스포츠용품,문화·여가 중 '운동'을 판매·제공하는 매장,val,운동,T3 개념확장,36f4d9e2-889a-4168-b518-51e2ddf773df,킴스휘트니스클리닉,피트니스,아름동상점가,자율상권구역,세종특별자치시,,,
b4f725cbbfd303c8e457,full_annotation_v1,A,q_운동_08,스포츠용품,문화·여가 중 '운동'을 판매·제공하는 매장,val,운동,T3 개념확장,08bf522e-2d12-4ba2-95aa-344e372f90d7,수지패션,운동용품,원조낙지골목상점가,자율상권구역,전라남도,,,
e247674dce80ca5086d0,full_annotation_v1,A,q_운동_08,스포츠용품,문화·여가 중 '운동'을 판매·제공하는 매장,val,운동,T3 개념확장,7f136bc9-740f-4b52-9e09-cd1e98cf1291,수스포츠송파,스포츠용품,문정동로데오상점가,자율상권구역,서울특별시,,,
f963c4c2e713eac31206,full_annotation_v1,A,q_운동_08,스포츠용품,문화·여가 중 '운동'을 판매·제공하는 매장,val,운동,T3 개념확장,3fea74bd-96bb-4392-801d-4f3e6681d41e,보드랍개,동물미용,인터메디타워 골목형상점가,골목형상점가,울산광역시,,,
9a8e5ab411e45840e7cb,full_annotation_v1,A,q_운동_08,스포츠용품,문화·여가 중 '운동'을 판매·제공하는 매장,val,운동,T3 개념확장,00f8d2a4-8e38-485b-a09e-280a1aa0c326,라인엑스피티스튜디오,"헬스, PT",수지성복플러스 골목형상점가,골목형상점가,경기도,,,
28e30e7bee878d7624e3,full_annotation_v1,A,q_운동_08,스포츠용품,문화·여가 중 '운동'을 판매·제공하는 매장,val,운동,T3 개념확장,3806f008-aacc-43f1-9e05-92f4afe780d7,스포츠공간,스포츠용품 및 의류,화산로 골목형상점가,골목형상점가,광주광역시,,,
36f1cfb853c5b3a925c6,full_annotation_v1,A,q_운동_08,스포츠용품,문화·여가 중 '운동'을 판매·제공하는 매장,val,운동,T3 개념확장,c82c3b3e-450a-488f-9a45-fe490b9e5e55,영신이불,침구,동문시장㈜,전통시장,제주특별자치도,,,
57dd03c54d4fe4ffc404,full_annotation_v1,A,q_운동_08,스포츠용품,문화·여가 중 '운동'을 판매·제공하는 매장,val,운동,T3 개념확장,2678f2a2-fea0-484e-acff-26ad487b702f,이새,스포츠용품,서귀포중심상가번영회,자율상권구역,제주특별자치도,,,
31711434624fd8d4659f,full_annotation_v1,A,q_운동_08,스포츠용품,문화·여가 중 '운동'을 판매·제공하는 매장,val,운동,T3 개념확장,1494949e-fe28-441e-8c85-4a9e99f1812f,알즈너예찬대리점,스포츠용품,사가정시장,전통시장,서울특별시,,,
6056b0064e55f1132563,full_annotation_v1,A,q_운동_08,스포츠용품,문화·여가 중 '운동'을 판매·제공하는 매장,val,운동,T3 개념확장,df2035ea-6df0-4004-b749-110c77fe54bc,카마스터서비스,자동차 전문 수리,화정꽃마을상인회 골목형상점가,골목형상점가,광주광역시,,,
b5f4977f6474d987f0fd,full_annotation_v1,A,q_운동_08,스포츠용품,문화·여가 중 '운동'을 판매·제공하는 매장,val,운동,T3 개념확장,290f3779-aed3-448e-9def-cc58fcc92dd9,올리비아로렌,의류 스포츠용품,거제 고현자율상권,,경상남도,,,
f4b33a86a014088fca61,full_annotation_v1,A,q_운동_08,스포츠용품,문화·여가 중 '운동'을 판매·제공하는 매장,val,운동,T3 개념확장,288783b1-ded9-44bb-9647-73502cf88fd1,151번중도매인,청과물,구월도매전통시장,전통시장,인천광역시,,,
3575b5a4121381eb498d,full_annotation_v1,A,q_운동_08,스포츠용품,문화·여가 중 '운동'을 판매·제공하는 매장,val,운동,T3 개념확장,0583e3fb-a646-4b10-8d76-e332ecbb9af8,제트카경정비,자동차수리,전평제상인회 골목형상점가,골목형상점가,광주광역시,,,
da2e1083c4dc89b50dab,full_annotation_v1,A,q_운동_08,스포츠용품,문화·여가 중 '운동'을 판매·제공하는 매장,val,운동,T3 개념확장,78be963b-9e3f-4a03-be7e-881e39fae4a1,씨순천중앙점,스포츠용품,순천원도심상점가,자율상권구역,전라남도,,,
9f421249bcb8234b1054,full_annotation_v1,A,q_운동_08,스포츠용품,문화·여가 중 '운동'을 판매·제공하는 매장,val,운동,T3 개념확장,10b29239-36a5-4e76-a5c5-20b9dc19e2b8,팬텀익산중앙점,스포츠용품,익산중앙상점가,골목형상점가,전북특별자치도,,,
dc05af7a65184ee7f750,full_annotation_v1,A,q_운동_08,스포츠용품,문화·여가 중 '운동'을 판매·제공하는 매장,val,운동,T3 개념확장,9f96d5f5-02f7-48cf-972d-78202b8d8174,아랑스포츠,스포츠용품,양주옥정호수공원상점가,골목형상점가,경기도,,,
68e778553eadd4307b9e,full_annotation_v1,A,q_운동_08,스포츠용품,문화·여가 중 '운동'을 판매·제공하는 매장,val,운동,T3 개념확장,00172c94-61f0-4197-afeb-d7e8187c79b5,옷이예쁘다,의류,메트로센터(반월당지하쇼핑),일반지하상점가,대구광역시,,,
fed284a43dd2fd8d574d,full_annotation_v1,A,q_운동_08,스포츠용품,문화·여가 중 '운동'을 판매·제공하는 매장,val,운동,T3 개념확장,2ab7e9c2-690c-4778-a26c-b83c2a60a802,봄내스포츠,스포츠용품,문정동로데오상점가,자율상권구역,서울특별시,,,
b9a95c6d35ec623249e8,full_annotation_v1,A,q_운동_08,스포츠용품,문화·여가 중 '운동'을 판매·제공하는 매장,val,운동,T3 개념확장,8e4c0d11-f57d-4db4-b2ed-19b4699bcfa9,박상용한의원,한의원,노은역 골목형상점가,골목형상점가,대전광역시,,,
3416280d0091b6896443,full_annotation_v1,A,q_운동_08,스포츠용품,문화·여가 중 '운동'을 판매·제공하는 매장,val,운동,T3 개념확장,227ed8dd-cbae-4fc4-8693-c68b0f762c12,㈜두리콜렉션,스포츠용품,문정동로데오상점가,자율상권구역,서울특별시,,,
9b1127723800e0fea827,full_annotation_v1,A,q_운동_08,스포츠용품,문화·여가 중 '운동'을 판매·제공하는 매장,val,운동,T3 개념확장,2e29b8f7-12d9-4caa-8692-db3344c8eb66,MLB,스포츠용품,칠성로상점가,자율상권구역,제주특별자치도,,,
6e7775a596e4d5f1e384,full_annotation_v1,A,q_운동_08,스포츠용품,문화·여가 중 '운동'을 판매·제공하는 매장,val,운동,T3 개념확장,09815d92-d0f0-4c87-b4fa-1194f86c53c0,유성프로스펙스,"스포츠의류, 용품",장대동패션상가 골목형상점가,골목형상점가,대전광역시,,,
7e12c314166a0debe258,full_annotation_v1,A,q_운동_08,스포츠용품,문화·여가 중 '운동'을 판매·제공하는 매장,val,운동,T3 개념확장,ad9ee4cf-72ec-4ba6-94c0-362ad84eab29,인디안상설영주점,스포츠용품,영주문화시장,전통시장,경상북도,,,
dbf3022123890773522e,full_annotation_v1,A,q_운동_08,스포츠용품,문화·여가 중 '운동'을 판매·제공하는 매장,val,운동,T3 개념확장,ed4e141a-d78c-42ca-8c18-6dd84db12733,체이스컬트,스포츠용품,동가재미 골목형상점가,골목형상점가,전북특별자치도,,,
33ddc383a6cd402e01b2,full_annotation_v1,A,q_운동_08,스포츠용품,문화·여가 중 '운동'을 판매·제공하는 매장,val,운동,T3 개념확장,583b6dfd-7b97-4507-bb57-3b7cd014fb30,미즈노춘천점,스포츠용품,브라운가골목형상점가,골목형상점가,강원특별자치도,,,
2c00d37fe9f706a09d31,full_annotation_v1,A,q_운동_08,스포츠용품,문화·여가 중 '운동'을 판매·제공하는 매장,val,운동,T3 개념확장,66077442-12b8-4e20-92f8-f381985d496e,진영누비,이불,진흥종합시장,전통시장,인천광역시,,,
4cd1f3c74440e52a5e1d,full_annotation_v1,A,q_운동_08,스포츠용품,문화·여가 중 '운동'을 판매·제공하는 매장,val,운동,T3 개념확장,e4647950-f7c0-4695-9398-9694bb2221d4,튜브락안동점,스포츠용품,남서상점가,자율상권구역,경상북도,,,
73cc13a680f92be72a00,full_annotation_v1,A,q_운동_08,스포츠용품,문화·여가 중 '운동'을 판매·제공하는 매장,val,운동,T3 개념확장,287e34c1-a259-4074-8a0d-5025b85bc747,체이스컬트,"의류, 스포츠용품",안중시장,전통시장,경기도,,,
fa7940b390bd03cfae40,full_annotation_v1,A,q_운동_08,스포츠용품,문화·여가 중 '운동'을 판매·제공하는 매장,val,운동,T3 개념확장,f3655dc8-8225-4602-a54f-024df7f256bf,합성상회,생선,마산어시장,전통시장,경상남도,,,
4a6e040851fb8262b25b,full_annotation_v1,A,q_운동_08,스포츠용품,문화·여가 중 '운동'을 판매·제공하는 매장,val,운동,T3 개념확장,0066174b-64aa-428a-b8d6-f9bae4107429,크로스핏 엘리트짐,기능성운동,노은역 골목형상점가,골목형상점가,대전광역시,,,
1fdcdce5ff395ca43f07,full_annotation_v1,A,q_운동_08,스포츠용품,문화·여가 중 '운동'을 판매·제공하는 매장,val,운동,T3 개념확장,c7ed9aa7-729c-4ee1-b127-0244c3eca684,여성크로커다일,스포츠용품,하당꽃길2가 골목형상점가,골목형상점가,전라남도,,,
0335c0d4af72686a3895,full_annotation_v1,A,q_운동_08,스포츠용품,문화·여가 중 '운동'을 판매·제공하는 매장,val,운동,T3 개념확장,8ddc5438-55a1-42c2-96d9-1b9361ff9d2e,주식회사남도스포츠,스포츠용품,남대문시장,전통시장,서울특별시,,,
83eb044fcb3f6670ccd8,full_annotation_v1,A,q_운동_08,스포츠용품,문화·여가 중 '운동'을 판매·제공하는 매장,val,운동,T3 개념확장,06a9d0d7-98d4-46de-ba60-78844e443b35,올나잇 피트니스 주식회사,피트니스,부평테마의거리 골목형 상점가,골목형상점가,인천광역시,,,
f098a06e1bc278b23414,full_annotation_v1,A,q_운동_08,스포츠용품,문화·여가 중 '운동'을 판매·제공하는 매장,val,운동,T3 개념확장,256b8a02-b632-4670-83e2-dc6ba87f77e7,미센스,스포츠용품,영주문화시장,전통시장,경상북도,,,
636197e1ba563f8f06a1,full_annotation_v1,A,q_운동_08,스포츠용품,문화·여가 중 '운동'을 판매·제공하는 매장,val,운동,T3 개념확장,00a27d0e-2216-4ff5-94fe-7acd76db3da3,짐자반 헬스 PT 하남시청역점,"헬스장 회원권, 개인레슨",덕풍전통시장,전통시장,경기도,,,
4591eafaf95e919793c9,full_annotation_v1,A,q_운동_08,스포츠용품,문화·여가 중 '운동'을 판매·제공하는 매장,val,운동,T3 개념확장,018b2dd0-5613-482c-b714-e30dcfa584fd,씨엘 필라테스 안산고잔점,필라테스,도리섬상점가,자율상권구역,경기도,,,
55580d9555043d4de585,full_annotation_v1,A,q_운동_08,스포츠용품,문화·여가 중 '운동'을 판매·제공하는 매장,val,운동,T3 개념확장,1bca5f59-b9d0-41bb-9d53-b92f8da27bab,미즈노군산수송점,스포츠용품,군산수송 골목형상점가,골목형상점가,전북특별자치도,,,
9a13309729d55817527f,full_annotation_v1,A,q_운동_08,스포츠용품,문화·여가 중 '운동'을 판매·제공하는 매장,val,운동,T3 개념확장,1700431e-bf21-4088-bbbf-9342cbc870a6,주식회사 스포허브,스포츠용품,평택국제중앙시장,전통시장,경기도,,,
c6376c016bff92666106,full_annotation_v1,A,q_운동_08,스포츠용품,문화·여가 중 '운동'을 판매·제공하는 매장,val,운동,T3 개념확장,069aa7bd-b869-4faa-87c0-aa3d3acbf730,나우커피 광주선암점1,식품자동판매기영업 식품 잡화,선운 골목형상점가,골목형상점가,광주광역시,,,
dd72fa050f907cc352bf,full_annotation_v1,A,q_운동_08,스포츠용품,문화·여가 중 '운동'을 판매·제공하는 매장,val,운동,T3 개념확장,6d388a66-b0fd-41ee-ac0c-38c6e60a7105,영무sp,스포츠용품,백운브릿지 골목형상점가,골목형상점가,광주광역시,,,
1a76d5b4de7842716a04,full_annotation_v1,A,q_운동_08,스포츠용품,문화·여가 중 '운동'을 판매·제공하는 매장,val,운동,T3 개념확장,9aff13a3-30b7-462d-92fb-810f584bc39e,우리약국,양약,전곡중앙상가 골목형상점가,골목형상점가,경기도,,,
8ff7afbb4f255c614e57,full_annotation_v1,A,q_운동_08,스포츠용품,문화·여가 중 '운동'을 판매·제공하는 매장,val,운동,T3 개념확장,0041f699-c619-48b9-b3a9-814af9905c66,GB트레이닝센터,운동,일곡동(제5지역:제1근린공원 건너편),골목형상점가,광주광역시,,,
0b87d344b7d35b794226,full_annotation_v1,A,q_운동_08,스포츠용품,문화·여가 중 '운동'을 판매·제공하는 매장,val,운동,T3 개념확장,d30e5f92-beff-43f7-a38b-b6527c35252e,스포닥,스포츠용품,태평동 골목형상점가,골목형상점가,대전광역시,,,
948718e4c413741349d0,full_annotation_v1,A,q_운동_08,스포츠용품,문화·여가 중 '운동'을 판매·제공하는 매장,val,운동,T3 개념확장,26b3149a-6366-4ba0-908c-76966e255e89,대광스포츠,스포츠용품,고성동벚꽃 골목형상점가,골목형상점가,대구광역시,,,
e0b80c484994bd425bff,full_annotation_v1,A,q_운동_08,스포츠용품,문화·여가 중 '운동'을 판매·제공하는 매장,val,운동,T3 개념확장,00054f1d-4cae-4345-9975-1423bc49e4dc,착한아이들,의류,중앙전통시장,전통시장,울산광역시,,,
2b8d2c3c7ea2f51938e2,full_annotation_v1,A,q_운동_08,스포츠용품,문화·여가 중 '운동'을 판매·제공하는 매장,val,운동,T3 개념확장,89ad441a-696c-41a4-9258-90b225475bd9,뉴발란스포항점,스포츠용품,포항중앙상가,전통시장,경상북도,,,
0e602eb1b843b33ea21d,full_annotation_v1,A,q_운동_08,스포츠용품,문화·여가 중 '운동'을 판매·제공하는 매장,val,운동,T3 개념확장,6d442be6-4371-48ac-9623-ce3a42fe7435,웨스트우드수원남문점,스포츠용품,팔달문시장,전통시장,경기도,,,
976508fecc37b6919b09,full_annotation_v1,A,q_운동_08,스포츠용품,문화·여가 중 '운동'을 판매·제공하는 매장,val,운동,T3 개념확장,35f62c74-3304-4a6c-a21f-28b253239019,하이무브 피트니스,피트니스 센터,산본로데오거리(구 산본중심상가),자율상권구역,경기도,,,
08f5d600d5b1446ed1f0,full_annotation_v1,A,q_운동_08,스포츠용품,문화·여가 중 '운동'을 판매·제공하는 매장,val,운동,T3 개념확장,00124602-ef4e-472c-91ee-de53b28d7530,화이트,의류,울산번개시장,전통시장,울산광역시,,,
386d9a029cb89d80b469,full_annotation_v1,A,q_운동_08,스포츠용품,문화·여가 중 '운동'을 판매·제공하는 매장,val,운동,T3 개념확장,a162908d-8fb3-481d-b15d-c694d513a064,리젤,"의류, 스포츠용품",원주미로예술중앙시장(원주중앙시장),전통시장,강원특별자치도,,,
9fca2542852df7d2aec1,full_annotation_v1,A,q_운동_08,스포츠용품,문화·여가 중 '운동'을 판매·제공하는 매장,val,운동,T3 개념확장,289c6fff-01cd-4e9f-9d3b-7fd81a046604,대한체육사,스포츠용품,백년소상공인,,전북특별자치도,,,
318c3c3984a064b759e5,full_annotation_v1,A,q_운동_08,스포츠용품,문화·여가 중 '운동'을 판매·제공하는 매장,val,운동,T3 개념확장,80c980bc-f307-437b-be01-f07dcc9a6dd4,올리비아로렌 전곡점,의류,전곡중앙상가 골목형상점가,골목형상점가,경기도,,,
f1e6f94391660196110f,full_annotation_v1,A,q_운동_08,스포츠용품,문화·여가 중 '운동'을 판매·제공하는 매장,val,운동,T3 개념확장,261f2662-39aa-4a07-a70a-98bcec75c475,루키즘,스포츠용품,해남읍 원도심 상권활성화구역,상권활성화구역,전라남도,,,
d456130b25d19a56ff17,full_annotation_v1,A,q_운동_08,스포츠용품,문화·여가 중 '운동'을 판매·제공하는 매장,val,운동,T3 개념확장,0a7de62f-b294-412c-b700-0642397eca30,다이나핏 김포장기점,"스포츠 의류, 용품",김포장기패션아울렛,골목형상점가,경기도,,,
ed54d37a32cd4ec1d7cd,full_annotation_v1,A,q_운동_08,스포츠용품,문화·여가 중 '운동'을 판매·제공하는 매장,val,운동,T3 개념확장,209b4c6e-624a-4634-bd76-3568ee5ed6d4,버들PK스포츠,스포츠용품,산정상인회 골목형상점가,골목형상점가,광주광역시,,,
01df4135e97c2f94c3a7,full_annotation_v1,A,q_운동_08,스포츠용품,문화·여가 중 '운동'을 판매·제공하는 매장,val,운동,T3 개념확장,10d57e21-79d2-4841-a6db-13c1c6341fa9,한빛스포츠,스포츠용품,한빛프라자 골목형상점가,골목형상점가,대전광역시,,,
10c80495233368d30339,full_annotation_v1,A,q_운동_08,스포츠용품,문화·여가 중 '운동'을 판매·제공하는 매장,val,운동,T3 개념확장,00c4a045-8aa5-4995-8313-806b7fcab6ff,남스짐천왕점 헬스PT,,천왕마을 골목형상점가,골목형상점가,서울특별시,,,
0951fe167fa846cca6e9,full_annotation_v1,A,q_운동_08,스포츠용품,문화·여가 중 '운동'을 판매·제공하는 매장,val,운동,T3 개념확장,00962f54-90e0-479e-84a4-3f6e6f6515ec,비쥬여성산부인과의원,의료,운수대통 골목형상점가,골목형상점가,광주광역시,,,
168ce5bb5306836faac9,full_annotation_v1,A,q_운동_08,스포츠용품,문화·여가 중 '운동'을 판매·제공하는 매장,val,운동,T3 개념확장,000a92b3-0b5e-429e-af00-f86e3570e24b,클로버,의류,관문상가시장,전통시장,대구광역시,,,
ef4840a29435401c84c7,full_annotation_v1,A,q_운동_08,스포츠용품,문화·여가 중 '운동'을 판매·제공하는 매장,val,운동,T3 개념확장,bfc26a00-ab47-41aa-acb1-9796b557d4d6,성화스포츠,스포츠용품,수성시장,전통시장,대구광역시,,,
fc0f8128303d8e82d0c4,full_annotation_v1,A,q_운동_08,스포츠용품,문화·여가 중 '운동'을 판매·제공하는 매장,val,운동,T3 개념확장,a73e7286-2ab2-4e4b-8805-471698860e3f,박쌤스포츠,스포츠용품,부티크타운 골목형 상점가,골목형상점가,충청남도,,,
3ac7ada92f8acf37195c,full_annotation_v1,A,q_운동_08,스포츠용품,문화·여가 중 '운동'을 판매·제공하는 매장,val,운동,T3 개념확장,52436a29-ffb2-4679-bf3e-298c65f22348,주식회사무지개수영복,스포츠용품,숭례문수입상가,전통시장,서울특별시,,,
ca0ad39dcc7a2bd23850,full_annotation_v1,A,q_운동_08,스포츠용품,문화·여가 중 '운동'을 판매·제공하는 매장,val,운동,T3 개념확장,e04fde99-18ba-451c-bb8f-60183afddb1c,인제스포츠,스포츠용품,인제시장,전통시장,강원특별자치도,,,
2fc57d6429aa6f2b2278,full_annotation_v1,A,q_운동_08,스포츠용품,문화·여가 중 '운동'을 판매·제공하는 매장,val,운동,T3 개념확장,21bfd845-8c16-4b67-809f-81a3833826c0,케이폴앤댄스,피트니스,남양역골로상점가,골목형상점가,경기도,,,
b7f95d3215c2c532f086,full_annotation_v1,A,q_운동_08,스포츠용품,문화·여가 중 '운동'을 판매·제공하는 매장,val,운동,T3 개념확장,c7b9c29f-90b9-488c-a8f5-70919f6b4d29,경주중앙스포츠,스포츠용품,경주중심상가,전통시장,경상북도,,,
2c4c158ca07b30c7a20b,full_annotation_v1,A,q_운동_08,스포츠용품,문화·여가 중 '운동'을 판매·제공하는 매장,val,운동,T3 개념확장,48ec2024-ee31-4ae0-bb8f-2126c5bfaa61,하다피트니스,피트니스,과천새서울프라자시장,전통시장,경기도,,,
234564f6d81dcb9a22ba,full_annotation_v1,A,q_운동_08,스포츠용품,문화·여가 중 '운동'을 판매·제공하는 매장,val,운동,T3 개념확장,f6ebf1bf-8242-4b79-a212-1ad8ee850f94,빅 스 포츠,스포츠용품,중앙1로 천변교 골목형상점가,골목형상점가,전라남도,,,
622c800504b5942368aa,full_annotation_v1,A,q_운동_08,스포츠용품,문화·여가 중 '운동'을 판매·제공하는 매장,val,운동,T3 개념확장,16a3c42a-6692-4da4-b55c-1e0b01507d1d,국영스포츠,스포츠용품,문우초 골목형상점가,골목형상점가,광주광역시,,,
7a82aac49dd8eadacff7,full_annotation_v1,A,q_운동_08,스포츠용품,문화·여가 중 '운동'을 판매·제공하는 매장,val,운동,T3 개념확장,033d99e2-0579-45d7-9d48-d999b90dd98a,M필라테스&요가,"필라테스, 요가",조종시장,전통시장,경기도,,,
4a537994a32b3130bea4,full_annotation_v1,A,q_운동_08,스포츠용품,문화·여가 중 '운동'을 판매·제공하는 매장,val,운동,T3 개념확장,72e8f102-47d3-4de8-9a41-d7878f4b0345,진심스포츠,스포츠용품,수완하나로 골목형상점가,골목형상점가,광주광역시,,,
3dfc6cd81edd1beb3c13,full_annotation_v1,A,q_운동_08,스포츠용품,문화·여가 중 '운동'을 판매·제공하는 매장,val,운동,T3 개념확장,f34d0f53-15fe-4f05-a621-282eb25512a4,행복스포츠,스포츠용품,금암동 골목형상점가,골목형상점가,충청남도,,,
ddc65022f6ec295f4797,full_annotation_v1,A,q_운동_08,스포츠용품,문화·여가 중 '운동'을 판매·제공하는 매장,val,운동,T3 개념확장,e429b756-0c52-4fb0-92fa-2a118cadfd0b,거울공주,의류,강진읍시장,전통시장,,,,
88e8ac7846a8fb7d45fc,full_annotation_v1,A,q_운동_08,스포츠용품,문화·여가 중 '운동'을 판매·제공하는 매장,val,운동,T3 개념확장,9a7d2df6-565d-4c3c-8069-3f5307e79b2e,핸드워크,스포츠용품,전남대후문골목형상점가,골목형상점가,광주광역시,,,
e62cfb63c7281da4304b,full_annotation_v1,A,q_운동_08,스포츠용품,문화·여가 중 '운동'을 판매·제공하는 매장,val,운동,T3 개념확장,b7757e31-801b-45b6-b26c-59cd212cd6d8,성진스포츠,스포츠용품,진주 중앙시장,전통시장,경상남도,,,
e613453d88fd5a2fc415,full_annotation_v1,A,q_운동_08,스포츠용품,문화·여가 중 '운동'을 판매·제공하는 매장,val,운동,T3 개념확장,6a13f31b-8790-4150-ad53-dac4302021d8,조캠프,스포츠용품,문정동로데오상점가,자율상권구역,서울특별시,,,
77da55b7b5b5c1b7312e,full_annotation_v1,A,q_운동_08,스포츠용품,문화·여가 중 '운동'을 판매·제공하는 매장,val,운동,T3 개념확장,00158f51-4d3a-4ac0-9e38-b37552f5e097,지지배,의류,나주금빛상점가,자율상권구역,전라남도,,,
d271f7eb721576117cae,full_annotation_v1,A,q_운동_08,스포츠용품,문화·여가 중 '운동'을 판매·제공하는 매장,val,운동,T3 개념확장,040428ab-1a04-452f-8b35-c7c3c993cad8,누아요가,요가,현대센트럴스퀘어,골목형상점가,경기도,,,
f429e761b9fd0eeedff4,full_annotation_v1,A,q_운동_08,스포츠용품,문화·여가 중 '운동'을 판매·제공하는 매장,val,운동,T3 개념확장,06f75bcb-8c04-46f9-9315-b56a3f1d7a63,스윙&플라멩고,운동복,대현프리몰 대구점,일반지하상점가,대구광역시,,,
c551f790e74251a60ead,full_annotation_v1,A,q_운동_08,스포츠용품,문화·여가 중 '운동'을 판매·제공하는 매장,val,운동,T3 개념확장,41536a05-18a1-40ae-8069-6dee30346ab5,비앤제이골프,스포츠용품,중계 씨앤미 상가,자율상권구역,서울특별시,,,
1654b32f40ec95323a4a,full_annotation_v1,A,q_운동_08,스포츠용품,문화·여가 중 '운동'을 판매·제공하는 매장,val,운동,T3 개념확장,30fae9d4-a745-41f1-baa7-2525e597ae89,뉴발란스경산점,스포츠용품,경산중앙로상점가,자율상권구역,경상북도,,,
9108d7e3aabbbf45ae7d,full_annotation_v1,A,q_운동_08,스포츠용품,문화·여가 중 '운동'을 판매·제공하는 매장,val,운동,T3 개념확장,bfa079c8-2a3b-4361-ae44-5f37e7036af5,㈜스포츠미디어,스포츠용품,포항중앙상가,전통시장,경상북도,,,
f473953dcc8c6cb0a4f0,full_annotation_v1,A,q_운동_08,스포츠용품,문화·여가 중 '운동'을 판매·제공하는 매장,val,운동,T3 개념확장,a2c59254-cb95-4b4f-870a-abf4ae06da41,수스,스포츠용품 및 의류,서귀포중심상가번영회,자율상권구역,제주특별자치도,,,
8e18ca08eef8953201ea,full_annotation_v1,A,q_운동_08,스포츠용품,문화·여가 중 '운동'을 판매·제공하는 매장,val,운동,T3 개념확장,953190cf-ffb6-48c6-9727-5e4fb354a341,지센,"의류, 스포츠용품",영주문화시장,전통시장,경상북도,,,
fb1326692cd8b90f8cc1,full_annotation_v1,A,q_운동_08,스포츠용품,문화·여가 중 '운동'을 판매·제공하는 매장,val,운동,T3 개념확장,b7be3959-3499-412b-acf6-76e3470e5b96,숲속나무,의류 스포츠용품,원주자유시장,전통시장,강원특별자치도,,,
92d52502fc8764cdb7ad,full_annotation_v1,A,q_운동_08,스포츠용품,문화·여가 중 '운동'을 판매·제공하는 매장,val,운동,T3 개념확장,daaac7cb-92e0-4829-ad9d-bbb54cbc0ec3,제이파크골프아카데미,스포츠용품,하남피크닉몰,골목형상점가,광주광역시,,,
0b96123292f69c7aa69d,full_annotation_v1,A,q_운동_08,스포츠용품,문화·여가 중 '운동'을 판매·제공하는 매장,val,운동,T3 개념확장,83ae0453-8c0b-40b5-acfc-af03522f7b1e,뉴월드스포츠,스포츠용품,한듬레포츠,골목형상점가,광주광역시,,,
23cb34c89a10afe81d05,full_annotation_v1,A,q_운동_08,스포츠용품,문화·여가 중 '운동'을 판매·제공하는 매장,val,운동,T3 개념확장,1f249f1f-3d3a-40c1-a457-ceaad8dd7ebf,미래스포츠,스포츠용품,마재상인회 골목형상점가,골목형상점가,광주광역시,,,
bed54640548e1087b669,full_annotation_v1,A,q_운동_08,스포츠용품,문화·여가 중 '운동'을 판매·제공하는 매장,val,운동,T3 개념확장,64254836-01f7-4c65-a872-580b350ee3d4,톰보이,외의 스포츠용품,전주원도심 골목형상점가,골목형상점가,전북특별자치도,,,
392c061e3c201190ab93,full_annotation_v1,A,q_운동_08,스포츠용품,문화·여가 중 '운동'을 판매·제공하는 매장,val,운동,T3 개념확장,32b8c87e-f0b1-4f2c-bb9e-706de9acf524,민턴점빵,스포츠용품,첨단이웃사랑 골목형상점가,골목형상점가,광주광역시,,,
27a4c30ff398288a7504,full_annotation_v1,A,q_운동_08,스포츠용품,문화·여가 중 '운동'을 판매·제공하는 매장,val,운동,T3 개념확장,0151b1ea-e648-438b-83b0-efcf6f387e9b,크로스핏 터,운동 서비스,열매 골목형상점가,골목형상점가,대전광역시,,,
b82a691c03fafb032a72,full_annotation_v1,A,q_운동_08,스포츠용품,문화·여가 중 '운동'을 판매·제공하는 매장,val,운동,T3 개념확장,4225d011-941c-40f6-a84f-dddcb91e5802,마코스포츠,스포츠용품,영주문화시장,전통시장,경상북도,,,
501866a62e2d8f15d948,full_annotation_v1,A,q_운동_08,스포츠용품,문화·여가 중 '운동'을 판매·제공하는 매장,val,운동,T3 개념확장,a05a1bf0-e94d-4e35-845c-d3b98cd0761c,YG스포츠,스포츠용품,한글거리 상점가상인회,자율상권구역,세종특별자치시,,,
15b3206421523fe67e89,full_annotation_v1,A,q_운동_08,스포츠용품,문화·여가 중 '운동'을 판매·제공하는 매장,val,운동,T3 개념확장,8f9ecddc-4802-4ebd-b932-497ab4fbbdaf,와일로,스포츠용품,여수진남상가,자율상권구역,전라남도,,,
02ccd29f8b954c1b9a22,full_annotation_v1,A,q_운동_08,스포츠용품,문화·여가 중 '운동'을 판매·제공하는 매장,val,운동,T3 개념확장,a49fb2a2-97f5-4dc2-813d-8112c3624611,코오롱스포츠성서점,스포츠용품,성서아울렛타운,자율상권구역,대구광역시,,,
9cd19872f4cc044413be,full_annotation_v1,A,q_운동_08,스포츠용품,문화·여가 중 '운동'을 판매·제공하는 매장,val,운동,T3 개념확장,9758246b-5652-40fd-be9b-44949f59fdba,디즈니,스포츠용품,서면지하도상가 부전몰,일반지하상점가,부산광역시,,,
3a198eaa78cc75e7b6d4,full_annotation_v1,A,q_운동_08,스포츠용품,문화·여가 중 '운동'을 판매·제공하는 매장,val,운동,T3 개념확장,61ce22ac-643d-4a62-a280-c687fbc69921,더청담,서비스,선운 골목형상점가,골목형상점가,광주광역시,,,
3051672c5ec11583a27c,full_annotation_v1,A,q_운동_08,스포츠용품,문화·여가 중 '운동'을 판매·제공하는 매장,val,운동,T3 개념확장,77f50ed1-52bd-496c-8291-0026f5a2899e,행복스포츠,스포츠용품,나성동 골목형상점가,골목형상점가,세종특별자치시,,,
4bc8c03954b96b7f8265,full_annotation_v1,A,q_운동_08,스포츠용품,문화·여가 중 '운동'을 판매·제공하는 매장,val,운동,T3 개념확장,00a3eb8f-b86a-4b8c-933c-ffaee551fdba,신시아 필라테스,필라테스 센터,겸재한신길 골목형상점가,골목형상점가,서울특별시,,,
9617e3ef90b90732eeed,full_annotation_v1,A,q_운동_08,스포츠용품,문화·여가 중 '운동'을 판매·제공하는 매장,val,운동,T3 개념확장,e49c7777-163d-4a91-a454-f7c521856fcf,우리스포츠,스포츠용품,첨단리채 골목형상점가,골목형상점가,광주광역시,,,
4179b68a9355408bad05,full_annotation_v1,A,q_운동_08,스포츠용품,문화·여가 중 '운동'을 판매·제공하는 매장,val,운동,T3 개념확장,37984688-0725-4319-bf0f-6d593f58974c,동신체육사,스포츠용품,동대문문구완구거리,자율상권구역,서울특별시,,,
08cd8075356a62f306fe,full_annotation_v1,A,q_운동_08,스포츠용품,문화·여가 중 '운동'을 판매·제공하는 매장,val,운동,T3 개념확장,a2c20d86-a920-4913-a78b-ce8ecf3d17c5,중앙체육사,스포츠용품,봉화내성시장,전통시장,경상북도,,,
26f0e7f4d03f9ecb1a55,full_annotation_v1,A,q_운동_08,스포츠용품,문화·여가 중 '운동'을 판매·제공하는 매장,val,운동,T3 개념확장,be5b00c0-4fd2-45be-8330-ad3d11e65c25,㈜스포츠컬쳐미디어,스포츠용품,포항중앙상가,전통시장,경상북도,,,
f6f1391a851b9699f0d4,full_annotation_v1,A,q_운동_08,스포츠용품,문화·여가 중 '운동'을 판매·제공하는 매장,val,운동,T3 개념확장,628ebd6b-a10d-4409-ae30-48f7c8378e62,선경스포츠,스포츠용품,양산 덕계종합상설시장,전통시장,경상남도,,,
56ea9fb2ae04a2ac031b,full_annotation_v1,A,q_운동_08,스포츠용품,문화·여가 중 '운동'을 판매·제공하는 매장,val,운동,T3 개념확장,46beb296-4a59-419b-a500-100a245aca42,세종탁구백화점,스포츠용품,한솔동 6~7단지상점가,자율상권구역,세종특별자치시,,,
7513dbf682ffc34e90da,full_annotation_v1,A,q_운동_08,스포츠용품,문화·여가 중 '운동'을 판매·제공하는 매장,val,운동,T3 개념확장,527d4434-5db0-4be7-a370-79dacec1eddf,조이너스,의류 스포츠용품,경산중앙로상점가,자율상권구역,경상북도,,,
9cdc0b1383fe84b9ab8d,full_annotation_v1,A,q_운동_09,운동용품 살 데,문화·여가 중 '운동'을 판매·제공하는 매장,val,운동,T4 구어·문장,00a27d0e-2216-4ff5-94fe-7acd76db3da3,짐자반 헬스 PT 하남시청역점,"헬스장 회원권, 개인레슨",덕풍전통시장,전통시장,경기도,,,
ac0d85109e9e04090e10,full_annotation_v1,A,q_운동_09,운동용품 살 데,문화·여가 중 '운동'을 판매·제공하는 매장,val,운동,T4 구어·문장,8afdfe70-7df4-4162-91a6-c4f60d9813f5,아델요가 스튜디오,운동용품,평촌1번가 상점가,자율상권구역,경기도,,,
ca70b2579182dfad32c6,full_annotation_v1,A,q_운동_09,운동용품 살 데,문화·여가 중 '운동'을 판매·제공하는 매장,val,운동,T4 구어·문장,084ab288-28e4-497b-b66a-337970bf37b5,마뗑킴하고하우스제주점,의류 잡화 운동용품,제주시 원도심 상권활성화,,제주특별자치도,,,
a912d29489f4658c8325,full_annotation_v1,A,q_운동_09,운동용품 살 데,문화·여가 중 '운동'을 판매·제공하는 매장,val,운동,T4 구어·문장,745151de-fbf7-40bb-8172-4e8bc00534ee,여성크로커다일,의류 운동용품,서부시장상점가(서부시장 통합),전통시장,전북특별자치도,,,
5a2637ec1a9e301b0dcf,full_annotation_v1,A,q_운동_09,운동용품 살 데,문화·여가 중 '운동'을 판매·제공하는 매장,val,운동,T4 구어·문장,0066174b-64aa-428a-b8d6-f9bae4107429,크로스핏 엘리트짐,기능성운동,노은역 골목형상점가,골목형상점가,대전광역시,,,
9d2e22b1bd413ccbc6a5,full_annotation_v1,A,q_운동_09,운동용품 살 데,문화·여가 중 '운동'을 판매·제공하는 매장,val,운동,T4 구어·문장,020180c1-e676-4f99-84db-9b56504222f2,아름드리 필라테스&PT,필라테스요가바레필라테스,아름드리 골목형상점가,골목형상점가,세종특별자치시,,,
33500da7552eefe9c321,full_annotation_v1,A,q_운동_09,운동용품 살 데,문화·여가 중 '운동'을 판매·제공하는 매장,val,운동,T4 구어·문장,040428ab-1a04-452f-8b35-c7c3c993cad8,누아요가,요가,현대센트럴스퀘어,골목형상점가,경기도,,,
56ebdfa6086183905e22,full_annotation_v1,A,q_운동_09,운동용품 살 데,문화·여가 중 '운동'을 판매·제공하는 매장,val,운동,T4 구어·문장,f1f2f710-48a6-4d95-96f6-d1584065b42b,브라마파크골프,운동용품 골프공파크골프용품,효덕마을 골목형상점가,골목형상점가,광주광역시,,,
166a7f90e56cdaeccb92,full_annotation_v1,A,q_운동_09,운동용품 살 데,문화·여가 중 '운동'을 판매·제공하는 매장,val,운동,T4 구어·문장,5511b0ed-55b9-4e8f-9df8-4898979e9fe0,청년피자,피자,사직시장,전통시장,부산광역시,,,
0302a9f07301f70c40fc,full_annotation_v1,A,q_운동_09,운동용품 살 데,문화·여가 중 '운동'을 판매·제공하는 매장,val,운동,T4 구어·문장,5d9bcfe8-1e87-4ad3-9cfe-23c331aa24d9,더존필라테스,필라테스 운동용품,중동사랑시장,전통시장,경기도,,,
b3e3b7aec8beb56da40d,full_annotation_v1,A,q_운동_09,운동용품 살 데,문화·여가 중 '운동'을 판매·제공하는 매장,val,운동,T4 구어·문장,00f8d2a4-8e38-485b-a09e-280a1aa0c326,라인엑스피티스튜디오,"헬스, PT",수지성복플러스 골목형상점가,골목형상점가,경기도,,,
2a48433a4309af6bb0a8,full_annotation_v1,A,q_운동_09,운동용품 살 데,문화·여가 중 '운동'을 판매·제공하는 매장,val,운동,T4 구어·문장,1e7ac8dd-db79-43bf-9d65-ec10f5cba996,S마켓원주,"등산장비, 운동용품",원주중앙로문화의거리,자율상권구역,강원특별자치도,,,
216d61bf8a46218c1877,full_annotation_v1,A,q_운동_09,운동용품 살 데,문화·여가 중 '운동'을 판매·제공하는 매장,val,운동,T4 구어·문장,7a6e35db-4293-47bd-a381-1914b5d8e552,"삼일체육사, 비트로농성점",운동용품,서구청먹자골목상인회 골목형상점가,골목형상점가,광주광역시,,,
d55cc83de3c0526d5a18,full_annotation_v1,A,q_운동_09,운동용품 살 데,문화·여가 중 '운동'을 판매·제공하는 매장,val,운동,T4 구어·문장,08bf522e-2d12-4ba2-95aa-344e372f90d7,수지패션,운동용품,원조낙지골목상점가,자율상권구역,전라남도,,,
a0b90b57c78e52d7f8b1,full_annotation_v1,A,q_운동_09,운동용품 살 데,문화·여가 중 '운동'을 판매·제공하는 매장,val,운동,T4 구어·문장,000a92b3-0b5e-429e-af00-f86e3570e24b,클로버,의류,관문상가시장,전통시장,대구광역시,,,
33c81d8cce300eb0fdfb,full_annotation_v1,A,q_운동_09,운동용품 살 데,문화·여가 중 '운동'을 판매·제공하는 매장,val,운동,T4 구어·문장,c005d155-7ac1-458f-8ce0-d79194bdd04c,정가네김밥,분식,금암중심상가 골목형상점가,골목형상점가,경기도,,,
be0b232bf2bb3386750c,full_annotation_v1,A,q_운동_09,운동용품 살 데,문화·여가 중 '운동'을 판매·제공하는 매장,val,운동,T4 구어·문장,d566abd0-ce29-4298-83fa-4476c436f4f7,중앙레포츠,운동용품,고성동벚꽃 골목형상점가,골목형상점가,대구광역시,,,
eac09ed7a98db5c0c7ec,full_annotation_v1,A,q_운동_09,운동용품 살 데,문화·여가 중 '운동'을 판매·제공하는 매장,val,운동,T4 구어·문장,09815d92-d0f0-4c87-b4fa-1194f86c53c0,유성프로스펙스,"스포츠의류, 용품",장대동패션상가 골목형상점가,골목형상점가,대전광역시,,,
ca6abb1855c89cec38c9,full_annotation_v1,A,q_운동_09,운동용품 살 데,문화·여가 중 '운동'을 판매·제공하는 매장,val,운동,T4 구어·문장,35f62c74-3304-4a6c-a21f-28b253239019,하이무브 피트니스,피트니스 센터,산본로데오거리(구 산본중심상가),자율상권구역,경기도,,,
763284e031bc00275dfb,full_annotation_v1,A,q_운동_09,운동용품 살 데,문화·여가 중 '운동'을 판매·제공하는 매장,val,운동,T4 구어·문장,07d89ce7-de40-4795-a10b-414cc1e269ef,매곡 천부경 명상센터,"명상수련, 요가",매곡동 골목형상점가,골목형상점가,광주광역시,,,
50706f1af25540e1ac41,full_annotation_v1,A,q_운동_09,운동용품 살 데,문화·여가 중 '운동'을 판매·제공하는 매장,val,운동,T4 구어·문장,0041f699-c619-48b9-b3a9-814af9905c66,GB트레이닝센터,운동,일곡동(제5지역:제1근린공원 건너편),골목형상점가,광주광역시,,,
e6a496eefa5c7a2d370b,full_annotation_v1,A,q_운동_09,운동용품 살 데,문화·여가 중 '운동'을 판매·제공하는 매장,val,운동,T4 구어·문장,29bc4011-15e0-48be-87ce-73576231fab8,효진상회,한복지,서문시장 제1지구1층(직물시장),전통시장,대구광역시,,,
3785e1b6d0ddfc392831,full_annotation_v1,A,q_운동_09,운동용품 살 데,문화·여가 중 '운동'을 판매·제공하는 매장,val,운동,T4 구어·문장,e3dc5845-44c3-4396-98e8-01164cf2aa70,제이에스스포츠,운동용품 시설사용중개,전주중산공원 골목형상점가,골목형상점가,전북특별자치도,,,
7fe7592caf22cf1584dd,full_annotation_v1,A,q_운동_09,운동용품 살 데,문화·여가 중 '운동'을 판매·제공하는 매장,val,운동,T4 구어·문장,0151b1ea-e648-438b-83b0-efcf6f387e9b,크로스핏 터,운동 서비스,열매 골목형상점가,골목형상점가,대전광역시,,,
38174f04cdb7c1614cf3,full_annotation_v1,A,q_운동_09,운동용품 살 데,문화·여가 중 '운동'을 판매·제공하는 매장,val,운동,T4 구어·문장,96d7e4fd-3193-47db-8c4d-8b82934020d0,전주요넥스,운동용품,숲정이 골목형상점가,골목형상점가,전북특별자치도,,,
1313dc85ab66cc2243b7,full_annotation_v1,A,q_운동_09,운동용품 살 데,문화·여가 중 '운동'을 판매·제공하는 매장,val,운동,T4 구어·문장,aba76fc2-984e-4030-ba01-e2e7d78264c7,데 아로즈 대전둔산본점,,갈리단길 골목형상점가,골목형상점가,대전광역시,,,
e36784fb0c4b94596ea4,full_annotation_v1,A,q_운동_09,운동용품 살 데,문화·여가 중 '운동'을 판매·제공하는 매장,val,운동,T4 구어·문장,08de408a-f260-4467-b375-768cbd50e14d,본소마메드짐 재활운동&PT,운동,용강동상점가,자율상권구역,서울특별시,,,
17821b20f1077251743a,full_annotation_v1,A,q_운동_09,운동용품 살 데,문화·여가 중 '운동'을 판매·제공하는 매장,val,운동,T4 구어·문장,a1283b81-ade9-47ab-8235-28bfa73cdec6,오씨채소,채소,남항시장,전통시장,부산광역시,,,
a008e8ebf7a217e50558,full_annotation_v1,A,q_운동_09,운동용품 살 데,문화·여가 중 '운동'을 판매·제공하는 매장,val,운동,T4 구어·문장,d00936ca-a02c-434b-a9f8-9c3f6f52d08c,가조운동구점,운동용품점,거창 가조상점가거리,골목형상점가,경상남도,,,
9a82ce3c439ecb6bf0b6,full_annotation_v1,A,q_운동_09,운동용품 살 데,문화·여가 중 '운동'을 판매·제공하는 매장,val,운동,T4 구어·문장,0080a859-c5d8-4b43-b14c-d5eb844118a0,헬스맨헬스걸,헬스장,비래동골목형상점가,골목형상점가,대전광역시,,,
7e198483bcdaba517f76,full_annotation_v1,A,q_운동_09,운동용품 살 데,문화·여가 중 '운동'을 판매·제공하는 매장,val,운동,T4 구어·문장,915d9e53-c3a5-4747-af96-9e6889235229,공무원젓갈,젓갈 식품,곰소 골목형상점가,골목형상점가,전북특별자치도,,,
370194cc2cee81db60d7,full_annotation_v1,A,q_운동_09,운동용품 살 데,문화·여가 중 '운동'을 판매·제공하는 매장,val,운동,T4 구어·문장,6f184e84-da72-407b-987e-31d77f70e833,계주사상 천안불당점,,시청앞사거리 골목형상점가,골목형상점가,충청남도,,,
4618348e60ce1d4930e5,full_annotation_v1,A,q_운동_09,운동용품 살 데,문화·여가 중 '운동'을 판매·제공하는 매장,val,운동,T4 구어·문장,0b8cbd2d-253c-49bc-bfd5-19078d1b3668,킴볼코리아,,보성녹차 골목형상점가,골목형상점가,,,,
3e5fab14aa2a495f42bc,full_annotation_v1,A,q_운동_09,운동용품 살 데,문화·여가 중 '운동'을 판매·제공하는 매장,val,운동,T4 구어·문장,00124602-ef4e-472c-91ee-de53b28d7530,화이트,의류,울산번개시장,전통시장,울산광역시,,,
33c114264e73d9c15efe,full_annotation_v1,A,q_운동_09,운동용품 살 데,문화·여가 중 '운동'을 판매·제공하는 매장,val,운동,T4 구어·문장,fce9fa7d-24ff-4087-8eb4-460e7940a83c,서울체육사,운동용품,진도 남문로 상권활성화구역,상권활성화구역,전라남도,,,
1e09bde30f8a76280a43,full_annotation_v1,A,q_운동_09,운동용품 살 데,문화·여가 중 '운동'을 판매·제공하는 매장,val,운동,T4 구어·문장,00c4a045-8aa5-4995-8313-806b7fcab6ff,남스짐천왕점 헬스PT,,천왕마을 골목형상점가,골목형상점가,서울특별시,,,
83429cd0389c447347b1,full_annotation_v1,A,q_운동_09,운동용품 살 데,문화·여가 중 '운동'을 판매·제공하는 매장,val,운동,T4 구어·문장,00172c94-61f0-4197-afeb-d7e8187c79b5,옷이예쁘다,의류,메트로센터(반월당지하쇼핑),일반지하상점가,대구광역시,,,
cd59fe005f8c1aef2065,full_annotation_v1,A,q_운동_09,운동용품 살 데,문화·여가 중 '운동'을 판매·제공하는 매장,val,운동,T4 구어·문장,9d49b0d0-ba57-4db8-a480-644e2ae0ec84,하마스포츠,운동용품,구미 금리단길 골목형상점가,골목형상점가,경상북도,,,
c07ec75e186aed46f657,full_annotation_v1,A,q_운동_09,운동용품 살 데,문화·여가 중 '운동'을 판매·제공하는 매장,val,운동,T4 구어·문장,55b42546-2e0c-470d-868a-aedbc74b0806,웨스트우드무주점,"등반장비, 운동용품",무주반딧불상권활성화구역,상권활성화구역,전북특별자치도,,,
60751a502056b3454bab,full_annotation_v1,A,q_운동_09,운동용품 살 데,문화·여가 중 '운동'을 판매·제공하는 매장,val,운동,T4 구어·문장,06a9d0d7-98d4-46de-ba60-78844e443b35,올나잇 피트니스 주식회사,피트니스,부평테마의거리 골목형 상점가,골목형상점가,인천광역시,,,
d29273f6912bc1d61aac,full_annotation_v1,A,q_운동_09,운동용품 살 데,문화·여가 중 '운동'을 판매·제공하는 매장,val,운동,T4 구어·문장,443e2490-bb5d-4d28-aab2-7e0bebf4b7d7,케이베스트스포츠,운동용품,포르모큐브 골목형상점가,골목형상점가,전라남도,,,
6f1a206e42440c0b987b,full_annotation_v1,A,q_운동_09,운동용품 살 데,문화·여가 중 '운동'을 판매·제공하는 매장,val,운동,T4 구어·문장,cad5413d-455a-4fca-b830-c4a126fa485a,희야수산,해산물,기장시장,전통시장,부산광역시,,,
12e115be5f7c32f78c48,full_annotation_v1,A,q_운동_09,운동용품 살 데,문화·여가 중 '운동'을 판매·제공하는 매장,val,운동,T4 구어·문장,a62ab895-f7c8-4c0f-9066-d1027ffd8126,대원정,,보성녹차 골목형상점가,골목형상점가,,,,
c421fab8ede70f9d4d39,full_annotation_v1,A,q_운동_09,운동용품 살 데,문화·여가 중 '운동'을 판매·제공하는 매장,val,운동,T4 구어·문장,7177d875-0d4a-4712-8797-ce717241dc79,광주하나스포츠,운동용품,임동 골목형상점가,골목형상점가,광주광역시,,,
e67bacdf29fea2374b84,full_annotation_v1,A,q_운동_09,운동용품 살 데,문화·여가 중 '운동'을 판매·제공하는 매장,val,운동,T4 구어·문장,98688b8a-da04-4e54-8417-b52f69dae124,마무트 안산점,운동용품,안산패션타운전통시장,전통시장,경기도,,,
027e3029158f85d27209,full_annotation_v1,A,q_운동_09,운동용품 살 데,문화·여가 중 '운동'을 판매·제공하는 매장,val,운동,T4 구어·문장,ae43861e-a71e-4db8-af42-f0561e690be6,윔블던테니스샵,운동용품,현대 골목형상점가,골목형상점가,전라남도,,,
8b1b8451fb7b80afd399,full_annotation_v1,A,q_운동_09,운동용품 살 데,문화·여가 중 '운동'을 판매·제공하는 매장,val,운동,T4 구어·문장,d4b6588b-690e-4f53-a259-7f9efd5e9154,뉴발란스 용봉점,운동용품,패션의거리,자율상권구역,광주광역시,,,
1b91d7e4f4fb1cd2ca7e,full_annotation_v1,A,q_운동_09,운동용품 살 데,문화·여가 중 '운동'을 판매·제공하는 매장,val,운동,T4 구어·문장,73a311d6-86eb-49f0-a547-b7b70f49fe29,커버낫제주점,"의류, 잡화, 운동용품",칠성로상점가,자율상권구역,제주특별자치도,,,
3741418f07a8e6fd0912,full_annotation_v1,A,q_운동_09,운동용품 살 데,문화·여가 중 '운동'을 판매·제공하는 매장,val,운동,T4 구어·문장,6a63cbd1-ff69-48f6-98ba-d3efe6714e8d,양지스포츠,의류 운동용품,을지로지하보도쇼핑센터,일반지하상점가,서울특별시,,,
dfc053994683186a1a61,full_annotation_v1,A,q_운동_09,운동용품 살 데,문화·여가 중 '운동'을 판매·제공하는 매장,val,운동,T4 구어·문장,033d99e2-0579-45d7-9d48-d999b90dd98a,M필라테스&요가,"필라테스, 요가",조종시장,전통시장,경기도,,,
d71ff0a0952ada85147f,full_annotation_v1,A,q_운동_09,운동용품 살 데,문화·여가 중 '운동'을 판매·제공하는 매장,val,운동,T4 구어·문장,0a7de62f-b294-412c-b700-0642397eca30,다이나핏 김포장기점,"스포츠 의류, 용품",김포장기패션아울렛,골목형상점가,경기도,,,
b2aba74057aa66969be9,full_annotation_v1,A,q_운동_09,운동용품 살 데,문화·여가 중 '운동'을 판매·제공하는 매장,val,운동,T4 구어·문장,dca63815-e451-4c31-b363-a1603189d1ea,삼일체육사,운동용품,강진중앙로상가,자율상권구역,전라남도,,,
43f69cdbcdec02bf5894,full_annotation_v1,A,q_운동_09,운동용품 살 데,문화·여가 중 '운동'을 판매·제공하는 매장,val,운동,T4 구어·문장,06f75bcb-8c04-46f9-9315-b56a3f1d7a63,스윙&플라멩고,운동복,대현프리몰 대구점,일반지하상점가,대구광역시,,,
be043c7f2b76daea8d0b,full_annotation_v1,A,q_운동_09,운동용품 살 데,문화·여가 중 '운동'을 판매·제공하는 매장,val,운동,T4 구어·문장,98bdd35b-d6bb-4873-956f-fe718089a4d1,우승사,운동용품,팔달문시장,기타,경기도,,,
11c7c76a3a59538735ca,full_annotation_v1,A,q_운동_09,운동용품 살 데,문화·여가 중 '운동'을 판매·제공하는 매장,val,운동,T4 구어·문장,e150c89c-8d87-47d9-a462-2fdcf7ad0b7a,봉스포츠,운동용품,둔산3동상점가,자율상권구역,대전광역시,,,
4c162729b7d7219cc369,full_annotation_v1,A,q_운동_09,운동용품 살 데,문화·여가 중 '운동'을 판매·제공하는 매장,val,운동,T4 구어·문장,8e557fde-7ccb-4bcc-925a-5741eca63447,스윗스윔(SweetSwim),운동용품,공항동먹자골목골목형상점가,골목형상점가,서울특별시,,,
7ac69e953727d277cc14,full_annotation_v1,A,q_운동_09,운동용품 살 데,문화·여가 중 '운동'을 판매·제공하는 매장,val,운동,T4 구어·문장,00a3eb8f-b86a-4b8c-933c-ffaee551fdba,신시아 필라테스,필라테스 센터,겸재한신길 골목형상점가,골목형상점가,서울특별시,,,
1a1fae14ea46d43fd6b5,full_annotation_v1,A,q_운동_09,운동용품 살 데,문화·여가 중 '운동'을 판매·제공하는 매장,val,운동,T4 구어·문장,b27ad5a2-9e3b-432b-8994-ef771182d0fc,광주파크골프스쿨,운동용품,앰코로 골목형상점가,골목형상점가,광주광역시,,,
1b90fd125298185bb822,full_annotation_v1,A,q_운동_09,운동용품 살 데,문화·여가 중 '운동'을 판매·제공하는 매장,val,운동,T4 구어·문장,e1e78495-0252-4295-8c85-b84f8d11b452,엑시옴광주공식대리점,운동용품,용봉신안다리 골목형상점가,골목형상점가,광주광역시,,,
dd09039279091d9a3662,full_annotation_v1,A,q_운동_09,운동용품 살 데,문화·여가 중 '운동'을 판매·제공하는 매장,val,운동,T4 구어·문장,f31ce122-8982-4a85-ac48-d0e9717b97e4,금화상사,원단 체육복 운동용품,전주풍남문상점가,자율상권구역,전북특별자치도,,,
d2f248e66eb676a89cc8,full_annotation_v1,A,q_운동_09,운동용품 살 데,문화·여가 중 '운동'을 판매·제공하는 매장,val,운동,T4 구어·문장,9dbfa292-9ffb-4fd5-b7c7-b1cad151dbf4,도담에듀,운동용품,공주산성 활성화구역,전통시장,충청남도,,,
88623ac8007a7dac217d,full_annotation_v1,A,q_운동_09,운동용품 살 데,문화·여가 중 '운동'을 판매·제공하는 매장,val,운동,T4 구어·문장,0ceaf276-fe31-4cdc-a6fd-a64d15055b65,톨비스트 제주점,"의류, 운동용품",칠성로상점가,자율상권구역,제주특별자치도,,,
a47813a24ea6aa0d6c47,full_annotation_v1,A,q_운동_09,운동용품 살 데,문화·여가 중 '운동'을 판매·제공하는 매장,val,운동,T4 구어·문장,c044bfc9-f654-408b-95a7-93d9f8816059,신중앙식당,한식,전주웨딩거리상점가,자율상권구역,전북특별자치도,,,
7956c7391d1050ee24df,full_annotation_v1,A,q_운동_09,운동용품 살 데,문화·여가 중 '운동'을 판매·제공하는 매장,val,운동,T4 구어·문장,003adf4b-eb63-4fd3-92d3-e139c6f1c22d,새롬필라테스,필라테스,새롬동 골목형상점가,골목형상점가,세종특별자치시,,,
c23abdd8405d7c029041,full_annotation_v1,A,q_운동_09,운동용품 살 데,문화·여가 중 '운동'을 판매·제공하는 매장,val,운동,T4 구어·문장,b7a1ce2b-8b93-41e9-ad93-699ccbb156d2,볼카노스포츠,"도매(의류,운동용품)",신평화패션타운,전통시장,서울특별시,,,
f2e9a7754a080f7493a5,full_annotation_v1,A,q_운동_09,운동용품 살 데,문화·여가 중 '운동'을 판매·제공하는 매장,val,운동,T4 구어·문장,282b0e8b-051c-49f9-a707-b982df803589,까라벨라 데 오르,스파게티,동명동 카페거리 골목형상점가,골목형상점가,광주광역시,,,
175a672afd56b6b26103,full_annotation_v1,A,q_운동_09,운동용품 살 데,문화·여가 중 '운동'을 판매·제공하는 매장,val,운동,T4 구어·문장,fc8dea0e-e5c3-4180-84f9-89205788b2bb,용경농산,,대구능금시장,전통시장,대구광역시,,,
7f37ef5764c8f8191703,full_annotation_v1,A,q_운동_09,운동용품 살 데,문화·여가 중 '운동'을 판매·제공하는 매장,val,운동,T4 구어·문장,45825f66-b908-4e2f-960e-17fda00051e2,정은수산회타운,일식음식점업,곰소 골목형상점가,골목형상점가,전북특별자치도,,,
9170aa397d44b6c92da6,full_annotation_v1,A,q_운동_09,운동용품 살 데,문화·여가 중 '운동'을 판매·제공하는 매장,val,운동,T4 구어·문장,8c523c87-eec0-4ba1-91c0-c88473488ab4,르까프사당,운동용품,동작구 LINK 상권활성화구역,상권활성화구역,서울특별시,,,
f092dff588da3ed29748,full_annotation_v1,A,q_운동_09,운동용품 살 데,문화·여가 중 '운동'을 판매·제공하는 매장,val,운동,T4 구어·문장,7ebfc01d-2c3c-4d63-b017-d01721fb4af7,가넷 필라테스,운동용품,금산프라자 골목형상점가,골목형상점가,경기도,,,
c1188c7e1179f262ad7e,full_annotation_v1,A,q_운동_09,운동용품 살 데,문화·여가 중 '운동'을 판매·제공하는 매장,val,운동,T4 구어·문장,9174b88f-20ae-4123-8011-9892937d31cd,조일슈즈,신발 운동용품,전주원도심 골목형상점가,골목형상점가,전북특별자치도,,,
333434f1b68de558ca7b,full_annotation_v1,A,q_운동_09,운동용품 살 데,문화·여가 중 '운동'을 판매·제공하는 매장,val,운동,T4 구어·문장,12bc211d-f83f-4441-b474-c14bf5a6e1ac,원스트링,운동용품,우산중흥에쓰클래스 골목형상점가,골목형상점가,광주광역시,,,
015caa82a8a2da769eb8,full_annotation_v1,A,q_운동_09,운동용품 살 데,문화·여가 중 '운동'을 판매·제공하는 매장,val,운동,T4 구어·문장,36f4d9e2-889a-4168-b518-51e2ddf773df,킴스휘트니스클리닉,피트니스,아름동상점가,자율상권구역,세종특별자치시,,,
4a7fcdcd34b73b5a0bd3,full_annotation_v1,A,q_운동_09,운동용품 살 데,문화·여가 중 '운동'을 판매·제공하는 매장,val,운동,T4 구어·문장,54ec1ef3-2e36-4764-84e5-6f64c4e63410,유니콘체육사,운동용품,개포동 구마을 골목형상점가,골목형상점가,서울특별시,,,
542eee31116c36157db1,full_annotation_v1,A,q_운동_09,운동용품 살 데,문화·여가 중 '운동'을 판매·제공하는 매장,val,운동,T4 구어·문장,608ea235-9563-4fda-b86d-3171143cefab,중앙체육사,운동용품,여수진남상가,자율상권구역,전라남도,,,
3293d23121de30c8375f,full_annotation_v1,A,q_운동_09,운동용품 살 데,문화·여가 중 '운동'을 판매·제공하는 매장,val,운동,T4 구어·문장,00054f1d-4cae-4345-9975-1423bc49e4dc,착한아이들,의류,중앙전통시장,전통시장,울산광역시,,,
21778c1424350a31558f,full_annotation_v1,A,q_운동_09,운동용품 살 데,문화·여가 중 '운동'을 판매·제공하는 매장,val,운동,T4 구어·문장,6dc95ff3-198b-405b-88b2-3ac707f72f41,장안스포츠,운동용품,공주산성 활성화구역,상권활성화구역,충청남도,,,
9dc2df3dc80e2fac124f,full_annotation_v1,A,q_운동_09,운동용품 살 데,문화·여가 중 '운동'을 판매·제공하는 매장,val,운동,T4 구어·문장,b97df34a-7d8d-4975-ac93-ae10bb731ca5,휠라스포츠,운동용품,고성동벚꽃 골목형상점가,골목형상점가,대구광역시,,,
4550f898d5a2dc52313b,full_annotation_v1,A,q_운동_09,운동용품 살 데,문화·여가 중 '운동'을 판매·제공하는 매장,val,운동,T4 구어·문장,008fbd3f-35b4-431f-8ba5-fc8bcfe4bf83,제이에스피트니스,헬스,동림1 골목형상점가,골목형상점가,광주광역시,,,
c5d2e793bedba43f1a31,full_annotation_v1,A,q_운동_09,운동용품 살 데,문화·여가 중 '운동'을 판매·제공하는 매장,val,운동,T4 구어·문장,102bb4da-05f3-4426-afd4-43f4d4a98f32,7번가피자 봉선점,피자,봉선2중앙로 골목형상점가,골목형상점가,광주광역시,,,
713b7a026aa5f5cd2c0d,full_annotation_v1,A,q_운동_09,운동용품 살 데,문화·여가 중 '운동'을 판매·제공하는 매장,val,운동,T4 구어·문장,779536dd-e3ad-4f54-8666-113c2665fe26,삼영사,운동용품,하양꿈바우시장,전통시장,경상북도,,,
72e3fa23d145c95b53c7,full_annotation_v1,A,q_운동_09,운동용품 살 데,문화·여가 중 '운동'을 판매·제공하는 매장,val,운동,T4 구어·문장,cb22fdf2-8a20-480a-855b-bef845e2e02a,대한체육사,운동용품 등,중앙로2 골목형상점가,골목형상점가,충청남도,,,
3270d117d7100d615b4a,full_annotation_v1,A,q_운동_09,운동용품 살 데,문화·여가 중 '운동'을 판매·제공하는 매장,val,운동,T4 구어·문장,07466d2d-51a2-4c17-8dcf-1af1bfb6f868,금강랜드로바 원주점,운동화가죽신발등산용품,원주중앙로문화의거리,자율상권구역,강원특별자치도,,,
edc5c4b113076bb56387,full_annotation_v1,A,q_운동_09,운동용품 살 데,문화·여가 중 '운동'을 판매·제공하는 매장,val,운동,T4 구어·문장,53bd284c-a876-481e-ba11-896c323c3b96,아레나,의류,서면지하도상가 부전몰,일반지하상점가,부산광역시,,,
2dc1bf2c960a365d7a67,full_annotation_v1,A,q_운동_09,운동용품 살 데,문화·여가 중 '운동'을 판매·제공하는 매장,val,운동,T4 구어·문장,3a6bcc1d-c72f-40f9-a7b6-21c853992b34,앤드리아,의류 잡화 14k쥬얼리,조종시장,전통시장,경기도,,,
92c84ba2644a4450ed42,full_annotation_v1,A,q_운동_09,운동용품 살 데,문화·여가 중 '운동'을 판매·제공하는 매장,val,운동,T4 구어·문장,0214eb76-f204-4d4f-9645-f0444d2c5f33,베이글짐,헬스장,도담동 골목형상점가,골목형상점가,세종특별자치시,,,
799764c03c6b77d8e062,full_annotation_v1,A,q_운동_09,운동용품 살 데,문화·여가 중 '운동'을 판매·제공하는 매장,val,운동,T4 구어·문장,21bfd845-8c16-4b67-809f-81a3833826c0,케이폴앤댄스,피트니스,남양역골로상점가,골목형상점가,경기도,,,
573721c68b12d7f42763,full_annotation_v1,A,q_운동_09,운동용품 살 데,문화·여가 중 '운동'을 판매·제공하는 매장,val,운동,T4 구어·문장,f14df4d3-9858-4a8b-8597-20fd477d8e32,갤러리 데 루치아,가구,용인어정가구단지상점가,자율상권구역,경기도,,,
dd8aa5a1ae873f068c60,full_annotation_v1,A,q_운동_09,운동용품 살 데,문화·여가 중 '운동'을 판매·제공하는 매장,val,운동,T4 구어·문장,018b2dd0-5613-482c-b714-e30dcfa584fd,씨엘 필라테스 안산고잔점,필라테스,도리섬상점가,자율상권구역,경기도,,,
f731d9524e17b895a336,full_annotation_v1,A,q_운동_09,운동용품 살 데,문화·여가 중 '운동'을 판매·제공하는 매장,val,운동,T4 구어·문장,b8f05f51-5b6b-4843-bec8-8b9618ceca56,푸마나주점,"운동용품, 스포츠레저용품",나주금빛상점가,자율상권구역,전라남도,,,
9d2ee56fe52e87999219,full_annotation_v1,A,q_운동_09,운동용품 살 데,문화·여가 중 '운동'을 판매·제공하는 매장,val,운동,T4 구어·문장,d4741c71-607c-4548-b229-eed54df8f900,어울림,"운동용품, 중고의류",창동역 상점가,자율상권구역,서울특별시,,,
20ef164ac862d5839b12,full_annotation_v1,A,q_운동_09,운동용품 살 데,문화·여가 중 '운동'을 판매·제공하는 매장,val,운동,T4 구어·문장,a5bffe95-5e3d-4517-b383-e2e82ad3274e,마실파크골프노원점,운동용품,상계중앙시장,전통시장,서울특별시,,,
b6c94a7423347dec8ff9,full_annotation_v1,A,q_운동_09,운동용품 살 데,문화·여가 중 '운동'을 판매·제공하는 매장,val,운동,T4 구어·문장,48ec2024-ee31-4ae0-bb8f-2126c5bfaa61,하다피트니스,피트니스,과천새서울프라자시장,전통시장,경기도,,,
f15f76392bd77e534cb4,full_annotation_v1,A,q_운동_09,운동용품 살 데,문화·여가 중 '운동'을 판매·제공하는 매장,val,운동,T4 구어·문장,00158f51-4d3a-4ac0-9e38-b37552f5e097,지지배,의류,나주금빛상점가,자율상권구역,전라남도,,,
48c90846b1b4c172af6d,full_annotation_v1,A,q_운동_09,운동용품 살 데,문화·여가 중 '운동'을 판매·제공하는 매장,val,운동,T4 구어·문장,01a5e178-ba34-4e15-ac4d-07a398900593,가자점핑다이어트클럽,"점핑, 요가",문흥2동 골목형상점가,골목형상점가,광주광역시,,,
a40948df2503151484f8,full_annotation_v1,A,q_운동_09,운동용품 살 데,문화·여가 중 '운동'을 판매·제공하는 매장,val,운동,T4 구어·문장,527a2033-34c5-4fca-9b39-b0e4acbbd446,아이자란다 심리발달센터,,한들물빛도시 골목형 상점가,골목형상점가,충청남도,,,
b39dbd0bf66be82390f4,full_annotation_v1,A,q_운동_10,운동용품 파는 곳,문화·여가 중 '운동'을 판매·제공하는 매장,val,운동,T4 구어·문장,018b2dd0-5613-482c-b714-e30dcfa584fd,씨엘 필라테스 안산고잔점,필라테스,도리섬상점가,자율상권구역,경기도,,,
72f7628800e3f95842bc,full_annotation_v1,A,q_운동_10,운동용품 파는 곳,문화·여가 중 '운동'을 판매·제공하는 매장,val,운동,T4 구어·문장,9174b88f-20ae-4123-8011-9892937d31cd,조일슈즈,신발 운동용품,전주원도심 골목형상점가,골목형상점가,전북특별자치도,,,
52a4f56b552176365c62,full_annotation_v1,A,q_운동_10,운동용품 파는 곳,문화·여가 중 '운동'을 판매·제공하는 매장,val,운동,T4 구어·문장,0151b1ea-e648-438b-83b0-efcf6f387e9b,크로스핏 터,운동 서비스,열매 골목형상점가,골목형상점가,대전광역시,,,
03aa4a1557be2a7dcc1b,full_annotation_v1,A,q_운동_10,운동용품 파는 곳,문화·여가 중 '운동'을 판매·제공하는 매장,val,운동,T4 구어·문장,48ec2024-ee31-4ae0-bb8f-2126c5bfaa61,하다피트니스,피트니스,과천새서울프라자시장,전통시장,경기도,,,
b48d9886db4fceec709c,full_annotation_v1,A,q_운동_10,운동용품 파는 곳,문화·여가 중 '운동'을 판매·제공하는 매장,val,운동,T4 구어·문장,0a7de62f-b294-412c-b700-0642397eca30,다이나핏 김포장기점,"스포츠 의류, 용품",김포장기패션아울렛,골목형상점가,경기도,,,
bea239dd126bdedc380d,full_annotation_v1,A,q_운동_10,운동용품 파는 곳,문화·여가 중 '운동'을 판매·제공하는 매장,val,운동,T4 구어·문장,24456103-f6b8-46af-8655-82e61d7265d8,커피가 머무르는 곳,커피,반드레길골목형상점가,골목형상점가,서울특별시,,,
3d4a56b25938f1ab5ebb,full_annotation_v1,A,q_운동_10,운동용품 파는 곳,문화·여가 중 '운동'을 판매·제공하는 매장,val,운동,T4 구어·문장,c161453d-f2c8-4b97-a2c3-a54e0cbdb7e8,생활용품 싸게 파는 집,잡화,안성중앙시장,전통시장,경기도,,,
014f05efa89cb0196e5a,full_annotation_v1,A,q_운동_10,운동용품 파는 곳,문화·여가 중 '운동'을 판매·제공하는 매장,val,운동,T4 구어·문장,497792ee-7458-419e-b5a4-8a16eae6857a,플레이코디,"내의류, 속옷",관고전통시장,전통시장,경기도,,,
ae635b058e66c95d669b,full_annotation_v1,A,q_운동_10,운동용품 파는 곳,문화·여가 중 '운동'을 판매·제공하는 매장,val,운동,T4 구어·문장,07466d2d-51a2-4c17-8dcf-1af1bfb6f868,금강랜드로바 원주점,운동화가죽신발등산용품,원주중앙로문화의거리,자율상권구역,강원특별자치도,,,
7cf3ae8e09c0d74d90e5,full_annotation_v1,A,q_운동_10,운동용품 파는 곳,문화·여가 중 '운동'을 판매·제공하는 매장,val,운동,T4 구어·문장,12bc211d-f83f-4441-b474-c14bf5a6e1ac,원스트링,운동용품,우산중흥에쓰클래스 골목형상점가,골목형상점가,광주광역시,,,
3ae46292e8f2316339f3,full_annotation_v1,A,q_운동_10,운동용품 파는 곳,문화·여가 중 '운동'을 판매·제공하는 매장,val,운동,T4 구어·문장,2743811c-5e71-4d2b-aa75-1b0147d44f2d,사우 꽃이 피는 곳,꽃,김포 풍년마을 골목형상점가,골목형상점가,경기도,,,
81d2c1ebb1fb30fdf61e,full_annotation_v1,A,q_운동_10,운동용품 파는 곳,문화·여가 중 '운동'을 판매·제공하는 매장,val,운동,T4 구어·문장,00054f1d-4cae-4345-9975-1423bc49e4dc,착한아이들,의류,중앙전통시장,전통시장,울산광역시,,,
9efabc894f047168d4b8,full_annotation_v1,A,q_운동_10,운동용품 파는 곳,문화·여가 중 '운동'을 판매·제공하는 매장,val,운동,T4 구어·문장,8afdfe70-7df4-4162-91a6-c4f60d9813f5,아델요가 스튜디오,운동용품,평촌1번가 상점가,자율상권구역,경기도,,,
799ffabdf4a234cbc956,full_annotation_v1,A,q_운동_10,운동용품 파는 곳,문화·여가 중 '운동'을 판매·제공하는 매장,val,운동,T4 구어·문장,b8f05f51-5b6b-4843-bec8-8b9618ceca56,푸마나주점,"운동용품, 스포츠레저용품",나주금빛상점가,자율상권구역,전라남도,,,
58228a89022312b64523,full_annotation_v1,A,q_운동_10,운동용품 파는 곳,문화·여가 중 '운동'을 판매·제공하는 매장,val,운동,T4 구어·문장,dca63815-e451-4c31-b363-a1603189d1ea,삼일체육사,운동용품,강진중앙로상가,자율상권구역,전라남도,,,
a864aaac026cfd5ac6c1,full_annotation_v1,A,q_운동_10,운동용품 파는 곳,문화·여가 중 '운동'을 판매·제공하는 매장,val,운동,T4 구어·문장,003adf4b-eb63-4fd3-92d3-e139c6f1c22d,새롬필라테스,필라테스,새롬동 골목형상점가,골목형상점가,세종특별자치시,,,
88673757c0ea23984ed6,full_annotation_v1,A,q_운동_10,운동용품 파는 곳,문화·여가 중 '운동'을 판매·제공하는 매장,val,운동,T4 구어·문장,303bf16b-f0b1-413f-9987-db00ce31e5ff,과일총각,과일,주월1동독립로 골목형상점가,골목형상점가,광주광역시,,,
da71dd6279b784460acd,full_annotation_v1,A,q_운동_10,운동용품 파는 곳,문화·여가 중 '운동'을 판매·제공하는 매장,val,운동,T4 구어·문장,00124602-ef4e-472c-91ee-de53b28d7530,화이트,의류,울산번개시장,전통시장,울산광역시,,,
87682c81b627c090cbcd,full_annotation_v1,A,q_운동_10,운동용품 파는 곳,문화·여가 중 '운동'을 판매·제공하는 매장,val,운동,T4 구어·문장,020180c1-e676-4f99-84db-9b56504222f2,아름드리 필라테스&PT,필라테스요가바레필라테스,아름드리 골목형상점가,골목형상점가,세종특별자치시,,,
c78ac28693d217766a45,full_annotation_v1,A,q_운동_10,운동용품 파는 곳,문화·여가 중 '운동'을 판매·제공하는 매장,val,운동,T4 구어·문장,00158f51-4d3a-4ac0-9e38-b37552f5e097,지지배,의류,나주금빛상점가,자율상권구역,전라남도,,,
1f907c2cff5836de085d,full_annotation_v1,A,q_운동_10,운동용품 파는 곳,문화·여가 중 '운동'을 판매·제공하는 매장,val,운동,T4 구어·문장,08de408a-f260-4467-b375-768cbd50e14d,본소마메드짐 재활운동&PT,운동,용강동상점가,자율상권구역,서울특별시,,,
6eb06b9925fe76fcadc9,full_annotation_v1,A,q_운동_10,운동용품 파는 곳,문화·여가 중 '운동'을 판매·제공하는 매장,val,운동,T4 구어·문장,b97df34a-7d8d-4975-ac93-ae10bb731ca5,휠라스포츠,운동용품,고성동벚꽃 골목형상점가,골목형상점가,대구광역시,,,
9bae51e33c7e458f823d,full_annotation_v1,A,q_운동_10,운동용품 파는 곳,문화·여가 중 '운동'을 판매·제공하는 매장,val,운동,T4 구어·문장,98688b8a-da04-4e54-8417-b52f69dae124,마무트 안산점,운동용품,안산패션타운전통시장,전통시장,경기도,,,
86a82171c1549e0e3d7e,full_annotation_v1,A,q_운동_10,운동용품 파는 곳,문화·여가 중 '운동'을 판매·제공하는 매장,val,운동,T4 구어·문장,96d7e4fd-3193-47db-8c4d-8b82934020d0,전주요넥스,운동용품,숲정이 골목형상점가,골목형상점가,전북특별자치도,,,
4f98920c40ca2f958474,full_annotation_v1,A,q_운동_10,운동용품 파는 곳,문화·여가 중 '운동'을 판매·제공하는 매장,val,운동,T4 구어·문장,07d89ce7-de40-4795-a10b-414cc1e269ef,매곡 천부경 명상센터,"명상수련, 요가",매곡동 골목형상점가,골목형상점가,광주광역시,,,
61a8b5c4e9bc633afdd3,full_annotation_v1,A,q_운동_10,운동용품 파는 곳,문화·여가 중 '운동'을 판매·제공하는 매장,val,운동,T4 구어·문장,73a311d6-86eb-49f0-a547-b7b70f49fe29,커버낫제주점,"의류, 잡화, 운동용품",칠성로상점가,자율상권구역,제주특별자치도,,,
1df3e78a3cc79a7d7356,full_annotation_v1,A,q_운동_10,운동용품 파는 곳,문화·여가 중 '운동'을 판매·제공하는 매장,val,운동,T4 구어·문장,e150c89c-8d87-47d9-a462-2fdcf7ad0b7a,봉스포츠,운동용품,둔산3동상점가,자율상권구역,대전광역시,,,
9ed160e87d3986f72b9a,full_annotation_v1,A,q_운동_10,운동용품 파는 곳,문화·여가 중 '운동'을 판매·제공하는 매장,val,운동,T4 구어·문장,443e2490-bb5d-4d28-aab2-7e0bebf4b7d7,케이베스트스포츠,운동용품,포르모큐브 골목형상점가,골목형상점가,전라남도,,,
3b85a8db353938519880,full_annotation_v1,A,q_운동_10,운동용품 파는 곳,문화·여가 중 '운동'을 판매·제공하는 매장,val,운동,T4 구어·문장,c111ac9d-3f3a-405c-a8db-4d127ccda9e2,행복이 있는 곳,잡화,제주로얄쇼핑센터,자율상권구역,제주특별자치도,,,
707a25c48f352a2762e2,full_annotation_v1,A,q_운동_10,운동용품 파는 곳,문화·여가 중 '운동'을 판매·제공하는 매장,val,운동,T4 구어·문장,9d49b0d0-ba57-4db8-a480-644e2ae0ec84,하마스포츠,운동용품,구미 금리단길 골목형상점가,골목형상점가,경상북도,,,
96a543c361f31aa09ccd,full_annotation_v1,A,q_운동_10,운동용품 파는 곳,문화·여가 중 '운동'을 판매·제공하는 매장,val,운동,T4 구어·문장,8c523c87-eec0-4ba1-91c0-c88473488ab4,르까프사당,운동용품,동작구 LINK 상권활성화구역,상권활성화구역,서울특별시,,,
9b58b4ef7fb7fa39707c,full_annotation_v1,A,q_운동_10,운동용품 파는 곳,문화·여가 중 '운동'을 판매·제공하는 매장,val,운동,T4 구어·문장,00a27d0e-2216-4ff5-94fe-7acd76db3da3,짐자반 헬스 PT 하남시청역점,"헬스장 회원권, 개인레슨",덕풍전통시장,전통시장,경기도,,,
6a66c7285632e2081e0f,full_annotation_v1,A,q_운동_10,운동용품 파는 곳,문화·여가 중 '운동'을 판매·제공하는 매장,val,운동,T4 구어·문장,0ceaf276-fe31-4cdc-a6fd-a64d15055b65,톨비스트 제주점,"의류, 운동용품",칠성로상점가,자율상권구역,제주특별자치도,,,
066ab4810c6d3f68293d,full_annotation_v1,A,q_운동_10,운동용품 파는 곳,문화·여가 중 '운동'을 판매·제공하는 매장,val,운동,T4 구어·문장,1e7ac8dd-db79-43bf-9d65-ec10f5cba996,S마켓원주,"등산장비, 운동용품",원주중앙로문화의거리,자율상권구역,강원특별자치도,,,
604d564937fb13468f08,full_annotation_v1,A,q_운동_10,운동용품 파는 곳,문화·여가 중 '운동'을 판매·제공하는 매장,val,운동,T4 구어·문장,01a5e178-ba34-4e15-ac4d-07a398900593,가자점핑다이어트클럽,"점핑, 요가",문흥2동 골목형상점가,골목형상점가,광주광역시,,,
73b7a0d61c52e6f04ce8,full_annotation_v1,A,q_운동_10,운동용품 파는 곳,문화·여가 중 '운동'을 판매·제공하는 매장,val,운동,T4 구어·문장,0066174b-64aa-428a-b8d6-f9bae4107429,크로스핏 엘리트짐,기능성운동,노은역 골목형상점가,골목형상점가,대전광역시,,,
445af5282a11daad8624,full_annotation_v1,A,q_운동_10,운동용품 파는 곳,문화·여가 중 '운동'을 판매·제공하는 매장,val,운동,T4 구어·문장,008fbd3f-35b4-431f-8ba5-fc8bcfe4bf83,제이에스피트니스,헬스,동림1 골목형상점가,골목형상점가,광주광역시,,,
8dd04474a77ebf215ce5,full_annotation_v1,A,q_운동_10,운동용품 파는 곳,문화·여가 중 '운동'을 판매·제공하는 매장,val,운동,T4 구어·문장,cb22fdf2-8a20-480a-855b-bef845e2e02a,대한체육사,운동용품 등,중앙로2 골목형상점가,골목형상점가,충청남도,,,
0353f36074450f494fdc,full_annotation_v1,A,q_운동_10,운동용품 파는 곳,문화·여가 중 '운동'을 판매·제공하는 매장,val,운동,T4 구어·문장,a1130e9b-9fa7-4f9c-83e2-2909cd33f2f0,화성춘,중식,내토전통시장,전통시장,충청북도,,,
03e2aca8cf7eb781b03d,full_annotation_v1,A,q_운동_10,운동용품 파는 곳,문화·여가 중 '운동'을 판매·제공하는 매장,val,운동,T4 구어·문장,00a3eb8f-b86a-4b8c-933c-ffaee551fdba,신시아 필라테스,필라테스 센터,겸재한신길 골목형상점가,골목형상점가,서울특별시,,,
fba1253f283c0a6dbfa2,full_annotation_v1,A,q_운동_10,운동용품 파는 곳,문화·여가 중 '운동'을 판매·제공하는 매장,val,운동,T4 구어·문장,8e557fde-7ccb-4bcc-925a-5741eca63447,스윗스윔(SweetSwim),운동용품,공항동먹자골목골목형상점가,골목형상점가,서울특별시,,,
67ebe12e10e358d69e85,full_annotation_v1,A,q_운동_10,운동용품 파는 곳,문화·여가 중 '운동'을 판매·제공하는 매장,val,운동,T4 구어·문장,000a92b3-0b5e-429e-af00-f86e3570e24b,클로버,의류,관문상가시장,전통시장,대구광역시,,,
606b7ce06f12570ea1e9,full_annotation_v1,A,q_운동_10,운동용품 파는 곳,문화·여가 중 '운동'을 판매·제공하는 매장,val,운동,T4 구어·문장,d566abd0-ce29-4298-83fa-4476c436f4f7,중앙레포츠,운동용품,고성동벚꽃 골목형상점가,골목형상점가,대구광역시,,,
d95c5c14a4cfea661760,full_annotation_v1,A,q_운동_10,운동용품 파는 곳,문화·여가 중 '운동'을 판매·제공하는 매장,val,운동,T4 구어·문장,779536dd-e3ad-4f54-8666-113c2665fe26,삼영사,운동용품,하양꿈바우시장,전통시장,경상북도,,,
7c5be442155a53986086,full_annotation_v1,A,q_운동_10,운동용품 파는 곳,문화·여가 중 '운동'을 판매·제공하는 매장,val,운동,T4 구어·문장,06f75bcb-8c04-46f9-9315-b56a3f1d7a63,스윙&플라멩고,운동복,대현프리몰 대구점,일반지하상점가,대구광역시,,,
4bdd5631f07d31678d81,full_annotation_v1,A,q_운동_10,운동용품 파는 곳,문화·여가 중 '운동'을 판매·제공하는 매장,val,운동,T4 구어·문장,eca66d8c-2e98-4746-8b08-52f24c32dcb8,금정떡방앗간,떡방앗간,신금정시장 골목형 상점가,골목형상점가,부산광역시,,,
a5c15173ac6158ee7280,full_annotation_v1,A,q_운동_10,운동용품 파는 곳,문화·여가 중 '운동'을 판매·제공하는 매장,val,운동,T4 구어·문장,040428ab-1a04-452f-8b35-c7c3c993cad8,누아요가,요가,현대센트럴스퀘어,골목형상점가,경기도,,,
6a635e2678d4124a93b0,full_annotation_v1,A,q_운동_10,운동용품 파는 곳,문화·여가 중 '운동'을 판매·제공하는 매장,val,운동,T4 구어·문장,d4b6588b-690e-4f53-a259-7f9efd5e9154,뉴발란스 용봉점,운동용품,패션의거리,자율상권구역,광주광역시,,,
a68ff5ef30a2a7d6277e,full_annotation_v1,A,q_운동_10,운동용품 파는 곳,문화·여가 중 '운동'을 판매·제공하는 매장,val,운동,T4 구어·문장,7a6e35db-4293-47bd-a381-1914b5d8e552,"삼일체육사, 비트로농성점",운동용품,서구청먹자골목상인회 골목형상점가,골목형상점가,광주광역시,,,
245a6267dda8894daeb5,full_annotation_v1,A,q_운동_10,운동용품 파는 곳,문화·여가 중 '운동'을 판매·제공하는 매장,val,운동,T4 구어·문장,00172c94-61f0-4197-afeb-d7e8187c79b5,옷이예쁘다,의류,메트로센터(반월당지하쇼핑),일반지하상점가,대구광역시,,,
077b2f2f2b11632c523e,full_annotation_v1,A,q_운동_10,운동용품 파는 곳,문화·여가 중 '운동'을 판매·제공하는 매장,val,운동,T4 구어·문장,b27ad5a2-9e3b-432b-8994-ef771182d0fc,광주파크골프스쿨,운동용품,앰코로 골목형상점가,골목형상점가,광주광역시,,,
c3f2903d1d67da7a39d6,full_annotation_v1,A,q_운동_10,운동용품 파는 곳,문화·여가 중 '운동'을 판매·제공하는 매장,val,운동,T4 구어·문장,f1f2f710-48a6-4d95-96f6-d1584065b42b,브라마파크골프,운동용품 골프공파크골프용품,효덕마을 골목형상점가,골목형상점가,광주광역시,,,
1dd1de47202d8244a801,full_annotation_v1,A,q_운동_10,운동용품 파는 곳,문화·여가 중 '운동'을 판매·제공하는 매장,val,운동,T4 구어·문장,0080a859-c5d8-4b43-b14c-d5eb844118a0,헬스맨헬스걸,헬스장,비래동골목형상점가,골목형상점가,대전광역시,,,
de220576da026321c678,full_annotation_v1,A,q_운동_10,운동용품 파는 곳,문화·여가 중 '운동'을 판매·제공하는 매장,val,운동,T4 구어·문장,5d9bcfe8-1e87-4ad3-9cfe-23c331aa24d9,더존필라테스,필라테스 운동용품,중동사랑시장,전통시장,경기도,,,
b467482f37410aa7e9b0,full_annotation_v1,A,q_운동_10,운동용품 파는 곳,문화·여가 중 '운동'을 판매·제공하는 매장,val,운동,T4 구어·문장,45bcdb5f-4515-4c36-92f3-eed77db275b3,옥수수,언더웨어,서문시장2지구 종합상가,전통시장,대구광역시,,,
cbfaacb6fcb8c8902e9f,full_annotation_v1,A,q_운동_10,운동용품 파는 곳,문화·여가 중 '운동'을 판매·제공하는 매장,val,운동,T4 구어·문장,36f4d9e2-889a-4168-b518-51e2ddf773df,킴스휘트니스클리닉,피트니스,아름동상점가,자율상권구역,세종특별자치시,,,
23ab73999ef2d6f311b7,full_annotation_v1,A,q_운동_10,운동용품 파는 곳,문화·여가 중 '운동'을 판매·제공하는 매장,val,운동,T4 구어·문장,0eb96ca6-62a7-4171-a51f-8b25b266fabb,포도 통영죽림점,잡화,통영 죽림상점가,자율상권구역,경상남도,,,
e023f5ece66f7d237c03,full_annotation_v1,A,q_운동_10,운동용품 파는 곳,문화·여가 중 '운동'을 판매·제공하는 매장,val,운동,T4 구어·문장,917b16a5-cb0d-4d68-a7cb-aefccf1b3f99,크라운호프 하남2지구점,탕튀김,하남 골목형상점가,골목형상점가,광주광역시,,,
af4a45c06019db5d2385,full_annotation_v1,A,q_운동_10,운동용품 파는 곳,문화·여가 중 '운동'을 판매·제공하는 매장,val,운동,T4 구어·문장,08bf522e-2d12-4ba2-95aa-344e372f90d7,수지패션,운동용품,원조낙지골목상점가,자율상권구역,전라남도,,,
5252e6bc7b436213fd3b,full_annotation_v1,A,q_운동_10,운동용품 파는 곳,문화·여가 중 '운동'을 판매·제공하는 매장,val,운동,T4 구어·문장,76a3551b-dae4-4326-92cc-662015aedbfb,쉴 곳,한식,칠성로상점가,자율상권구역,제주특별자치도,,,
94deb88fceb07ba8147d,full_annotation_v1,A,q_운동_10,운동용품 파는 곳,문화·여가 중 '운동'을 판매·제공하는 매장,val,운동,T4 구어·문장,d924db6c-ee2f-4841-89bb-5d617286c3b6,혜진종묘,씨앗,경주중앙시장,전통시장,경상북도,,,
795c6881eba5000ccaed,full_annotation_v1,A,q_운동_10,운동용품 파는 곳,문화·여가 중 '운동'을 판매·제공하는 매장,val,운동,T4 구어·문장,98bdd35b-d6bb-4873-956f-fe718089a4d1,우승사,운동용품,팔달문시장,기타,경기도,,,
07a894b50a74c16751e6,full_annotation_v1,A,q_운동_10,운동용품 파는 곳,문화·여가 중 '운동'을 판매·제공하는 매장,val,운동,T4 구어·문장,7177d875-0d4a-4712-8797-ce717241dc79,광주하나스포츠,운동용품,임동 골목형상점가,골목형상점가,광주광역시,,,
4d83131ffc7206f4dbb2,full_annotation_v1,A,q_운동_10,운동용품 파는 곳,문화·여가 중 '운동'을 판매·제공하는 매장,val,운동,T4 구어·문장,21bfd845-8c16-4b67-809f-81a3833826c0,케이폴앤댄스,피트니스,남양역골로상점가,골목형상점가,경기도,,,
d360415e03a9db7ee550,full_annotation_v1,A,q_운동_10,운동용품 파는 곳,문화·여가 중 '운동'을 판매·제공하는 매장,val,운동,T4 구어·문장,e3dc5845-44c3-4396-98e8-01164cf2aa70,제이에스스포츠,운동용품 시설사용중개,전주중산공원 골목형상점가,골목형상점가,전북특별자치도,,,
52c7d1d734455abc4ba4,full_annotation_v1,A,q_운동_10,운동용품 파는 곳,문화·여가 중 '운동'을 판매·제공하는 매장,val,운동,T4 구어·문장,472a2953-6574-49b0-85af-7b96a87169d5,돈까스삼촌의 치킨마켓,"돈까스, 치킨",송현시장,전통시장,인천광역시,,,
b5df5ebaecbd946fae85,full_annotation_v1,A,q_운동_10,운동용품 파는 곳,문화·여가 중 '운동'을 판매·제공하는 매장,val,운동,T4 구어·문장,3de3cd3d-1c66-4bd2-bd5f-27cddbf84106,신영토불이야채,농산물,신영시장,전통시장,서울특별시,,,
a2df199d0c5c8f833177,full_annotation_v1,A,q_운동_10,운동용품 파는 곳,문화·여가 중 '운동'을 판매·제공하는 매장,val,운동,T4 구어·문장,0214eb76-f204-4d4f-9645-f0444d2c5f33,베이글짐,헬스장,도담동 골목형상점가,골목형상점가,세종특별자치시,,,
bb1d4f7ba3f9d9e277db,full_annotation_v1,A,q_운동_10,운동용품 파는 곳,문화·여가 중 '운동'을 판매·제공하는 매장,val,운동,T4 구어·문장,6a63cbd1-ff69-48f6-98ba-d3efe6714e8d,양지스포츠,의류 운동용품,을지로지하보도쇼핑센터,일반지하상점가,서울특별시,,,
92f6e2a169d7ca4c3ba3,full_annotation_v1,A,q_운동_10,운동용품 파는 곳,문화·여가 중 '운동'을 판매·제공하는 매장,val,운동,T4 구어·문장,e1e78495-0252-4295-8c85-b84f8d11b452,엑시옴광주공식대리점,운동용품,용봉신안다리 골목형상점가,골목형상점가,광주광역시,,,
04bda5cef324c81693ef,full_annotation_v1,A,q_운동_10,운동용품 파는 곳,문화·여가 중 '운동'을 판매·제공하는 매장,val,운동,T4 구어·문장,ae43861e-a71e-4db8-af42-f0561e690be6,윔블던테니스샵,운동용품,현대 골목형상점가,골목형상점가,전라남도,,,
06ac494b5b9994643591,full_annotation_v1,A,q_운동_10,운동용품 파는 곳,문화·여가 중 '운동'을 판매·제공하는 매장,val,운동,T4 구어·문장,00f8d2a4-8e38-485b-a09e-280a1aa0c326,라인엑스피티스튜디오,"헬스, PT",수지성복플러스 골목형상점가,골목형상점가,경기도,,,
89ae5e4beb570da03b68,full_annotation_v1,A,q_운동_10,운동용품 파는 곳,문화·여가 중 '운동'을 판매·제공하는 매장,val,운동,T4 구어·문장,0041f699-c619-48b9-b3a9-814af9905c66,GB트레이닝센터,운동,일곡동(제5지역:제1근린공원 건너편),골목형상점가,광주광역시,,,
d39a8f89022987485071,full_annotation_v1,A,q_운동_10,운동용품 파는 곳,문화·여가 중 '운동'을 판매·제공하는 매장,val,운동,T4 구어·문장,d00936ca-a02c-434b-a9f8-9c3f6f52d08c,가조운동구점,운동용품점,거창 가조상점가거리,골목형상점가,경상남도,,,
20b3e71e3b57664c7cab,full_annotation_v1,A,q_운동_10,운동용품 파는 곳,문화·여가 중 '운동'을 판매·제공하는 매장,val,운동,T4 구어·문장,35f62c74-3304-4a6c-a21f-28b253239019,하이무브 피트니스,피트니스 센터,산본로데오거리(구 산본중심상가),자율상권구역,경기도,,,
e36444e78dfbb109402f,full_annotation_v1,A,q_운동_10,운동용품 파는 곳,문화·여가 중 '운동'을 판매·제공하는 매장,val,운동,T4 구어·문장,608ea235-9563-4fda-b86d-3171143cefab,중앙체육사,운동용품,여수진남상가,자율상권구역,전라남도,,,
5bd0729eaa2ad65d520c,full_annotation_v1,A,q_운동_10,운동용품 파는 곳,문화·여가 중 '운동'을 판매·제공하는 매장,val,운동,T4 구어·문장,3e50185f-7fa3-4859-8463-d39ab5ab4346,㈜민강축산유통,도소매(식육및부산물),마장축산물시장,전통시장,서울특별시,,,
6d7cae4a526c73287147,full_annotation_v1,A,q_운동_10,운동용품 파는 곳,문화·여가 중 '운동'을 판매·제공하는 매장,val,운동,T4 구어·문장,084ab288-28e4-497b-b66a-337970bf37b5,마뗑킴하고하우스제주점,의류 잡화 운동용품,제주시 원도심 상권활성화,,제주특별자치도,,,
b054d7ff7a5ff0f92e85,full_annotation_v1,A,q_운동_10,운동용품 파는 곳,문화·여가 중 '운동'을 판매·제공하는 매장,val,운동,T4 구어·문장,fce9fa7d-24ff-4087-8eb4-460e7940a83c,서울체육사,운동용품,진도 남문로 상권활성화구역,상권활성화구역,전라남도,,,
23123fac2481ff0f3791,full_annotation_v1,A,q_운동_10,운동용품 파는 곳,문화·여가 중 '운동'을 판매·제공하는 매장,val,운동,T4 구어·문장,7ebfc01d-2c3c-4d63-b017-d01721fb4af7,가넷 필라테스,운동용품,금산프라자 골목형상점가,골목형상점가,경기도,,,
0f0b1ee6741bd804237f,full_annotation_v1,A,q_운동_10,운동용품 파는 곳,문화·여가 중 '운동'을 판매·제공하는 매장,val,운동,T4 구어·문장,74d2cba0-b5b7-4393-8dda-dd6c925ebaa1,궁중떡메,떡방앗간,신금정시장 골목형 상점가,골목형상점가,부산광역시,,,
5a562a19e7d1506d7f0d,full_annotation_v1,A,q_운동_10,운동용품 파는 곳,문화·여가 중 '운동'을 판매·제공하는 매장,val,운동,T4 구어·문장,09815d92-d0f0-4c87-b4fa-1194f86c53c0,유성프로스펙스,"스포츠의류, 용품",장대동패션상가 골목형상점가,골목형상점가,대전광역시,,,
0841cb7016cdbfb630ef,full_annotation_v1,A,q_운동_10,운동용품 파는 곳,문화·여가 중 '운동'을 판매·제공하는 매장,val,운동,T4 구어·문장,cc87b703-9bd7-40a8-919b-b82b04ac6e09,하종남카클리닉,카센타타이어부품,중흥햇빛촌 골목형상점가,골목형상점가,광주광역시,,,
8006209211765604acc7,full_annotation_v1,A,q_운동_10,운동용품 파는 곳,문화·여가 중 '운동'을 판매·제공하는 매장,val,운동,T4 구어·문장,55b42546-2e0c-470d-868a-aedbc74b0806,웨스트우드무주점,"등반장비, 운동용품",무주반딧불상권활성화구역,상권활성화구역,전북특별자치도,,,
3444e7e3cc216b3d7a95,full_annotation_v1,A,q_운동_10,운동용품 파는 곳,문화·여가 중 '운동'을 판매·제공하는 매장,val,운동,T4 구어·문장,4feedb4b-d42c-4eca-8a9e-1f24c58a5469,미스터피자,피자,중흥햇빛촌 골목형상점가,골목형상점가,광주광역시,,,
8cfedb3cbeb83329e62b,full_annotation_v1,A,q_운동_10,운동용품 파는 곳,문화·여가 중 '운동'을 판매·제공하는 매장,val,운동,T4 구어·문장,f31ce122-8982-4a85-ac48-d0e9717b97e4,금화상사,원단 체육복 운동용품,전주풍남문상점가,자율상권구역,전북특별자치도,,,
099539f8fd09032b207f,full_annotation_v1,A,q_운동_10,운동용품 파는 곳,문화·여가 중 '운동'을 판매·제공하는 매장,val,운동,T4 구어·문장,6dc95ff3-198b-405b-88b2-3ac707f72f41,장안스포츠,운동용품,공주산성 활성화구역,상권활성화구역,충청남도,,,
5451ce91870dc08fdbbe,full_annotation_v1,A,q_운동_10,운동용품 파는 곳,문화·여가 중 '운동'을 판매·제공하는 매장,val,운동,T4 구어·문장,ee80f312-649e-4e86-a003-0ec82697a4eb,이쁜여우,의류,원주남부시장,전통시장,강원특별자치도,,,
45133f6e4798e5fc7410,full_annotation_v1,A,q_운동_10,운동용품 파는 곳,문화·여가 중 '운동'을 판매·제공하는 매장,val,운동,T4 구어·문장,54ec1ef3-2e36-4764-84e5-6f64c4e63410,유니콘체육사,운동용품,개포동 구마을 골목형상점가,골목형상점가,서울특별시,,,
bd919a2c92c1e3c5f327,full_annotation_v1,A,q_운동_10,운동용품 파는 곳,문화·여가 중 '운동'을 판매·제공하는 매장,val,운동,T4 구어·문장,a5bffe95-5e3d-4517-b383-e2e82ad3274e,마실파크골프노원점,운동용품,상계중앙시장,전통시장,서울특별시,,,
71466b29d023b0041393,full_annotation_v1,A,q_운동_10,운동용품 파는 곳,문화·여가 중 '운동'을 판매·제공하는 매장,val,운동,T4 구어·문장,9dbfa292-9ffb-4fd5-b7c7-b1cad151dbf4,도담에듀,운동용품,공주산성 활성화구역,전통시장,충청남도,,,
abb213c0a76ee84bd91a,full_annotation_v1,A,q_운동_10,운동용품 파는 곳,문화·여가 중 '운동'을 판매·제공하는 매장,val,운동,T4 구어·문장,06a9d0d7-98d4-46de-ba60-78844e443b35,올나잇 피트니스 주식회사,피트니스,부평테마의거리 골목형 상점가,골목형상점가,인천광역시,,,
c81b83a66e61e67b6efe,full_annotation_v1,A,q_운동_10,운동용품 파는 곳,문화·여가 중 '운동'을 판매·제공하는 매장,val,운동,T4 구어·문장,745151de-fbf7-40bb-8172-4e8bc00534ee,여성크로커다일,의류 운동용품,서부시장상점가(서부시장 통합),전통시장,전북특별자치도,,,
4267219c68231574ce43,full_annotation_v1,A,q_운동_10,운동용품 파는 곳,문화·여가 중 '운동'을 판매·제공하는 매장,val,운동,T4 구어·문장,033d99e2-0579-45d7-9d48-d999b90dd98a,M필라테스&요가,"필라테스, 요가",조종시장,전통시장,경기도,,,
2c683426ce8bb709d4c3,full_annotation_v1,A,q_운동_10,운동용품 파는 곳,문화·여가 중 '운동'을 판매·제공하는 매장,val,운동,T4 구어·문장,804a2f48-1e79-44e8-a642-de603966ed38,정미현중국전통식품,음식점(과자),남구로시장,전통시장,서울특별시,,,
621776ce0f9463f1f98d,full_annotation_v1,A,q_운동_10,운동용품 파는 곳,문화·여가 중 '운동'을 판매·제공하는 매장,val,운동,T4 구어·문장,00c4a045-8aa5-4995-8313-806b7fcab6ff,남스짐천왕점 헬스PT,,천왕마을 골목형상점가,골목형상점가,서울특별시,,,
879e3e2bbb66ba013fac,full_annotation_v1,A,q_운동_10,운동용품 파는 곳,문화·여가 중 '운동'을 판매·제공하는 매장,val,운동,T4 구어·문장,d4741c71-607c-4548-b229-eed54df8f900,어울림,"운동용품, 중고의류",창동역 상점가,자율상권구역,서울특별시,,,
fa8898fd24b586b0f021,full_annotation_v1,A,q_운동_11,웨이트 운동하는 곳,문화·여가 중 '운동'을 판매·제공하는 매장,val,운동,T4 구어·문장,13a15c0b-7143-4162-b2f1-7ae9f203b5d7,네일하는 소리,네일,오구구오골목형상점가,골목형상점가,경기도,,,
8fe1248398f9439fa62b,full_annotation_v1,A,q_운동_11,웨이트 운동하는 곳,문화·여가 중 '운동'을 판매·제공하는 매장,val,운동,T4 구어·문장,349e8e97-6fc2-4621-80ca-cbc4b94d3cbb,웨이루쿼쿠이홍대점,잡화,홍대소상공인 상점가,자율상권구역,서울특별시,,,
2ad6dc52fb2cbb66fe83,full_annotation_v1,A,q_운동_11,웨이트 운동하는 곳,문화·여가 중 '운동'을 판매·제공하는 매장,val,운동,T4 구어·문장,040428ab-1a04-452f-8b35-c7c3c993cad8,누아요가,요가,현대센트럴스퀘어,골목형상점가,경기도,,,
82398b04ad27328f93a9,full_annotation_v1,A,q_운동_11,웨이트 운동하는 곳,문화·여가 중 '운동'을 판매·제공하는 매장,val,운동,T4 구어·문장,01a5e178-ba34-4e15-ac4d-07a398900593,가자점핑다이어트클럽,"점핑, 요가",문흥2동 골목형상점가,골목형상점가,광주광역시,,,
f1bbc4aa14d234e053a0,full_annotation_v1,A,q_운동_11,웨이트 운동하는 곳,문화·여가 중 '운동'을 판매·제공하는 매장,val,운동,T4 구어·문장,24456103-f6b8-46af-8655-82e61d7265d8,커피가 머무르는 곳,커피,반드레길골목형상점가,골목형상점가,서울특별시,,,
7354e4a04b1a8be85259,full_annotation_v1,A,q_운동_11,웨이트 운동하는 곳,문화·여가 중 '운동'을 판매·제공하는 매장,val,운동,T4 구어·문장,020180c1-e676-4f99-84db-9b56504222f2,아름드리 필라테스&PT,필라테스요가바레필라테스,아름드리 골목형상점가,골목형상점가,세종특별자치시,,,
18d3904c3ed8344c851a,full_annotation_v1,A,q_운동_11,웨이트 운동하는 곳,문화·여가 중 '운동'을 판매·제공하는 매장,val,운동,T4 구어·문장,0066174b-64aa-428a-b8d6-f9bae4107429,크로스핏 엘리트짐,기능성운동,노은역 골목형상점가,골목형상점가,대전광역시,,,
3fb63f2c4539a05ed794,full_annotation_v1,A,q_운동_11,웨이트 운동하는 곳,문화·여가 중 '운동'을 판매·제공하는 매장,val,운동,T4 구어·문장,06f75bcb-8c04-46f9-9315-b56a3f1d7a63,스윙&플라멩고,운동복,대현프리몰 대구점,일반지하상점가,대구광역시,,,
faa873cfe720ad4db028,full_annotation_v1,A,q_운동_11,웨이트 운동하는 곳,문화·여가 중 '운동'을 판매·제공하는 매장,val,운동,T4 구어·문장,154a1f80-f7e4-4efe-9213-a311e2b2308c,웨이브맨즈샵,이용,솔올중앞골목형상점가,골목형상점가,강원특별자치도,,,
7c4a763a0b4ba75630bf,full_annotation_v1,A,q_운동_11,웨이트 운동하는 곳,문화·여가 중 '운동'을 판매·제공하는 매장,val,운동,T4 구어·문장,86d33132-ef3f-49c3-a57e-344c3b22efcb,웨이브헤어,미용,창원 성원그랜드쇼핑상가,전통시장,경상남도,,,
9388e183648dac515a4d,full_annotation_v1,A,q_운동_11,웨이트 운동하는 곳,문화·여가 중 '운동'을 판매·제공하는 매장,val,운동,T4 구어·문장,bffab68c-d149-467a-82d6-a62ae3db58ad,더화이트,의류,행복상점가,자율상권구역,경상북도,,,
a621cd53222989d68c8f,full_annotation_v1,A,q_운동_11,웨이트 운동하는 곳,문화·여가 중 '운동'을 판매·제공하는 매장,val,운동,T4 구어·문장,be9f8c61-892c-48ed-a49d-b63bd032c025,소곳,의류,고투몰(강남터미널지하도상점가),일반지하상점가,서울특별시,,,
b44e1d4c18da726269b6,full_annotation_v1,A,q_운동_11,웨이트 운동하는 곳,문화·여가 중 '운동'을 판매·제공하는 매장,val,운동,T4 구어·문장,00158f51-4d3a-4ac0-9e38-b37552f5e097,지지배,의류,나주금빛상점가,자율상권구역,전라남도,,,
53badd44ed9f590c0cad,full_annotation_v1,A,q_운동_11,웨이트 운동하는 곳,문화·여가 중 '운동'을 판매·제공하는 매장,val,운동,T4 구어·문장,00124602-ef4e-472c-91ee-de53b28d7530,화이트,의류,울산번개시장,전통시장,울산광역시,,,
98d3002248b67edaf260,full_annotation_v1,A,q_운동_11,웨이트 운동하는 곳,문화·여가 중 '운동'을 판매·제공하는 매장,val,운동,T4 구어·문장,d8e6fbac-fedf-421d-900e-a560e5d14d30,스폿라이트,,동성로상점가,자율상권구역,대구광역시,,,
3b0d8b60d4d628bdaaae,full_annotation_v1,A,q_운동_11,웨이트 운동하는 곳,문화·여가 중 '운동'을 판매·제공하는 매장,val,운동,T4 구어·문장,81b4b249-d75e-4751-80dc-6d385f11424a,웨이비네일,네일,백운브릿지 골목형상점가,골목형상점가,광주광역시,,,
f18b0701ffd10909c425,full_annotation_v1,A,q_운동_11,웨이트 운동하는 곳,문화·여가 중 '운동'을 판매·제공하는 매장,val,운동,T4 구어·문장,00172c94-61f0-4197-afeb-d7e8187c79b5,옷이예쁘다,의류,메트로센터(반월당지하쇼핑),일반지하상점가,대구광역시,,,
b19dd1d193a7f84cc97b,full_annotation_v1,A,q_운동_11,웨이트 운동하는 곳,문화·여가 중 '운동'을 판매·제공하는 매장,val,운동,T4 구어·문장,033d99e2-0579-45d7-9d48-d999b90dd98a,M필라테스&요가,"필라테스, 요가",조종시장,전통시장,경기도,,,
f9886f0cd9b8a83dea80,full_annotation_v1,A,q_운동_11,웨이트 운동하는 곳,문화·여가 중 '운동'을 판매·제공하는 매장,val,운동,T4 구어·문장,174022be-849b-457e-a8b2-63a7e3485909,스폿라이트,사진,엄사 골목형상점가,골목형상점가,충청남도,,,
a847b87080ab485570e3,full_annotation_v1,A,q_운동_11,웨이트 운동하는 곳,문화·여가 중 '운동'을 판매·제공하는 매장,val,운동,T4 구어·문장,e0f4bfeb-424a-4ac4-9134-8c443fd053c8,화이트,,엑스포코아 골목형상점가,골목형상점가,대전광역시,,,
26774211ed5de27da414,full_annotation_v1,A,q_운동_11,웨이트 운동하는 곳,문화·여가 중 '운동'을 판매·제공하는 매장,val,운동,T4 구어·문장,07d89ce7-de40-4795-a10b-414cc1e269ef,매곡 천부경 명상센터,"명상수련, 요가",매곡동 골목형상점가,골목형상점가,광주광역시,,,
81399d55d1c77f2b5188,full_annotation_v1,A,q_운동_11,웨이트 운동하는 곳,문화·여가 중 '운동'을 판매·제공하는 매장,val,운동,T4 구어·문장,53de7214-cdf0-4e52-8884-96a2b324ae69,블링걸,장식귀걸이목걸이반지머리핀,신안프라자전통시장,전통시장,경기도,,,
4f592d54010283519a8c,full_annotation_v1,A,q_운동_11,웨이트 운동하는 곳,문화·여가 중 '운동'을 판매·제공하는 매장,val,운동,T4 구어·문장,9fc35c6f-2f9a-4b20-abeb-000ab840d793,웨이비헤어,미용실,전남대후문골목형상점가,골목형상점가,광주광역시,,,
1af490f1539f60b93b18,full_annotation_v1,A,q_운동_11,웨이트 운동하는 곳,문화·여가 중 '운동'을 판매·제공하는 매장,val,운동,T4 구어·문장,d5db2e0b-bc25-433b-ad78-7379eb0068c3,장수하늘소,소고기 돼지고기,첨단강변로 골목형상점가,골목형상점가,광주광역시,,,
141b864defe88dd354f9,full_annotation_v1,A,q_운동_11,웨이트 운동하는 곳,문화·여가 중 '운동'을 판매·제공하는 매장,val,운동,T4 구어·문장,a49b2212-4418-45f7-9d0b-a0dfb325dd60,폴링인점핑,운동,노량진만나로골목형상점가,골목형상점가,서울특별시,,,
d0bc6bcb8c5f753b5d75,full_annotation_v1,A,q_운동_11,웨이트 운동하는 곳,문화·여가 중 '운동'을 판매·제공하는 매장,val,운동,T4 구어·문장,8e05f003-db86-4fde-b68b-4ce82b0ab943,썬,의류,안산다농마트전통시장,전통시장,경기도,,,
61c81988df9e3cb7e02b,full_annotation_v1,A,q_운동_11,웨이트 운동하는 곳,문화·여가 중 '운동'을 판매·제공하는 매장,val,운동,T4 구어·문장,842f6cf1-6411-4f4b-be23-746d79e31656,섬곳,한식,플레이사계 지오단길 골목형상점가,골목형상점가,제주특별자치도,,,
997daf407912aaf72202,full_annotation_v1,A,q_운동_11,웨이트 운동하는 곳,문화·여가 중 '운동'을 판매·제공하는 매장,val,운동,T4 구어·문장,36f4d9e2-889a-4168-b518-51e2ddf773df,킴스휘트니스클리닉,피트니스,아름동상점가,자율상권구역,세종특별자치시,,,
30a45f29097691ee64fb,full_annotation_v1,A,q_운동_11,웨이트 운동하는 곳,문화·여가 중 '운동'을 판매·제공하는 매장,val,운동,T4 구어·문장,000a92b3-0b5e-429e-af00-f86e3570e24b,클로버,의류,관문상가시장,전통시장,대구광역시,,,
b373d9bc1713473953b5,full_annotation_v1,A,q_운동_11,웨이트 운동하는 곳,문화·여가 중 '운동'을 판매·제공하는 매장,val,운동,T4 구어·문장,2fdc3d41-ea79-475a-934d-71476ac834c6,초록마을 광주계림센트럴점,음식료품 포함된 기타 종합 소매업,계림그랜드센트럴 골목형상점가,골목형상점가,광주광역시,,,
957b9ba7e06c7ded03c1,full_annotation_v1,A,q_운동_11,웨이트 운동하는 곳,문화·여가 중 '운동'을 판매·제공하는 매장,val,운동,T4 구어·문장,09815d92-d0f0-4c87-b4fa-1194f86c53c0,유성프로스펙스,"스포츠의류, 용품",장대동패션상가 골목형상점가,골목형상점가,대전광역시,,,
b8f7193293bd72b165fd,full_annotation_v1,A,q_운동_11,웨이트 운동하는 곳,문화·여가 중 '운동'을 판매·제공하는 매장,val,운동,T4 구어·문장,9c036967-8637-45f9-8074-c9534fa3260b,웨이비헤어,서비스업,충장로45가 상점가,자율상권구역,광주광역시,,,
e140db123c75d1b37a59,full_annotation_v1,A,q_운동_11,웨이트 운동하는 곳,문화·여가 중 '운동'을 판매·제공하는 매장,val,운동,T4 구어·문장,ff32e1c8-94f4-4d25-bc57-d2a9a6ea9c17,대청마루,한식,양동건어물시장,전통시장,광주광역시,,,
9f6d8f56052e3f97805e,full_annotation_v1,A,q_운동_11,웨이트 운동하는 곳,문화·여가 중 '운동'을 판매·제공하는 매장,val,운동,T4 구어·문장,0a7de62f-b294-412c-b700-0642397eca30,다이나핏 김포장기점,"스포츠 의류, 용품",김포장기패션아울렛,골목형상점가,경기도,,,
6f4d1a7f4e921b43f659,full_annotation_v1,A,q_운동_11,웨이트 운동하는 곳,문화·여가 중 '운동'을 판매·제공하는 매장,val,운동,T4 구어·문장,d8d78a6f-ba86-4032-9d06-8f6dbd3a3dda,미술하는 아이들,공방,조종시장,전통시장,경기도,,,
b290dc5ac83e737403bd,full_annotation_v1,A,q_운동_11,웨이트 운동하는 곳,문화·여가 중 '운동'을 판매·제공하는 매장,val,운동,T4 구어·문장,00a27d0e-2216-4ff5-94fe-7acd76db3da3,짐자반 헬스 PT 하남시청역점,"헬스장 회원권, 개인레슨",덕풍전통시장,전통시장,경기도,,,
a93c76676be4c50cf276,full_annotation_v1,A,q_운동_11,웨이트 운동하는 곳,문화·여가 중 '운동'을 판매·제공하는 매장,val,운동,T4 구어·문장,76a3551b-dae4-4326-92cc-662015aedbfb,쉴 곳,한식,칠성로상점가,자율상권구역,제주특별자치도,,,
bb799df19c09f8abed12,full_annotation_v1,A,q_운동_11,웨이트 운동하는 곳,문화·여가 중 '운동'을 판매·제공하는 매장,val,운동,T4 구어·문장,018b2dd0-5613-482c-b714-e30dcfa584fd,씨엘 필라테스 안산고잔점,필라테스,도리섬상점가,자율상권구역,경기도,,,
5170c2103c2df3aab1d6,full_annotation_v1,A,q_운동_11,웨이트 운동하는 곳,문화·여가 중 '운동'을 판매·제공하는 매장,val,운동,T4 구어·문장,44f0ae81-bd1f-489f-a26b-f17eae7ea79d,미용하는 강아지,,관저상가 골목형상점가,골목형상점가,대전광역시,,,
27e86b76e9cbbae2c84f,full_annotation_v1,A,q_운동_11,웨이트 운동하는 곳,문화·여가 중 '운동'을 판매·제공하는 매장,val,운동,T4 구어·문장,07869d7b-4842-4e08-bfee-9f3c6a6330ff,화이트,,안양일번가 지하쇼핑몰,일반지하상점가,경기도,,,
4b07b0d3b8f6d4a05c72,full_annotation_v1,A,q_운동_11,웨이트 운동하는 곳,문화·여가 중 '운동'을 판매·제공하는 매장,val,운동,T4 구어·문장,89942b67-9644-483c-b271-d9c5fd43a422,웨이비,뷰티,상무원마륵상인회 골목형상점가,골목형상점가,광주광역시,,,
797bc2b930b0a35903ba,full_annotation_v1,A,q_운동_11,웨이트 운동하는 곳,문화·여가 중 '운동'을 판매·제공하는 매장,val,운동,T4 구어·문장,03a9a083-e087-4541-9cdb-5af229cc78e0,웨이메이커 연기뮤지컬학원,교육,나성중앙 골목형상점가,골목형상점가,세종특별자치시,,,
be9ea412c4d7bc6f51fb,full_annotation_v1,A,q_운동_11,웨이트 운동하는 곳,문화·여가 중 '운동'을 판매·제공하는 매장,val,운동,T4 구어·문장,b4f7ac86-fbbc-4134-af33-190e1b7fbe7c,힐스테이트,의류 운동화,힐스상인회 골목형상점가,골목형상점가,광주광역시,,,
bbc8eaed13dd8657adb0,full_annotation_v1,A,q_운동_11,웨이트 운동하는 곳,문화·여가 중 '운동'을 판매·제공하는 매장,val,운동,T4 구어·문장,ce49cc80-38f6-4161-b1d0-50a885263aa1,퍼플헤어,"컷, 펌",어은누리 골목형상점가,골목형상점가,대전광역시,,,
957e28ecfac759b6b9cf,full_annotation_v1,A,q_운동_11,웨이트 운동하는 곳,문화·여가 중 '운동'을 판매·제공하는 매장,val,운동,T4 구어·문장,2743811c-5e71-4d2b-aa75-1b0147d44f2d,사우 꽃이 피는 곳,꽃,김포 풍년마을 골목형상점가,골목형상점가,경기도,,,
a9d9b14e02c35fab78ef,full_annotation_v1,A,q_운동_11,웨이트 운동하는 곳,문화·여가 중 '운동'을 판매·제공하는 매장,val,운동,T4 구어·문장,ed73e61f-d4aa-4b8e-9e23-d2274a66eee5,머리하는 날,미용,송도용보 골목형상점가,골목형상점가,광주광역시,,,
800d3083c72c16e37965,full_annotation_v1,A,q_운동_11,웨이트 운동하는 곳,문화·여가 중 '운동'을 판매·제공하는 매장,val,운동,T4 구어·문장,636a902d-0fd9-4293-ad2d-d40640741dde,웨이주짓수,,연신내골목형상점가,골목형상점가,서울특별시,,,
c707d98f35825987403b,full_annotation_v1,A,q_운동_11,웨이트 운동하는 곳,문화·여가 중 '운동'을 판매·제공하는 매장,val,운동,T4 구어·문장,eb2a5d46-a6b8-43ef-82b4-8963fa78c9ae,속초상회,생선,포항죽도시장,전통시장,경상북도,,,
04e6ec3f0c275336aebf,full_annotation_v1,A,q_운동_11,웨이트 운동하는 곳,문화·여가 중 '운동'을 판매·제공하는 매장,val,운동,T4 구어·문장,35f62c74-3304-4a6c-a21f-28b253239019,하이무브 피트니스,피트니스 센터,산본로데오거리(구 산본중심상가),자율상권구역,경기도,,,
cb92971eabc8979b5583,full_annotation_v1,A,q_운동_11,웨이트 운동하는 곳,문화·여가 중 '운동'을 판매·제공하는 매장,val,운동,T4 구어·문장,526d5226-5a90-4377-8ee7-cf95821bdcde,라탄하는 시간,공예품,담양중앙 골목형상점가,골목형상점가,전라남도,,,
45366c5bf10bf3bf9361,full_annotation_v1,A,q_운동_11,웨이트 운동하는 곳,문화·여가 중 '운동'을 판매·제공하는 매장,val,운동,T4 구어·문장,6cf83595-97f8-416f-af1e-6c8131d8db01,버너스,운동,신봉하나로 골목형상점가,골목형상점가,경기도,,,
3e25a19857c24e18b3d3,full_annotation_v1,A,q_운동_11,웨이트 운동하는 곳,문화·여가 중 '운동'을 판매·제공하는 매장,val,운동,T4 구어·문장,687ab823-d4c3-4259-ad6b-d6d1f6cc6fb1,정셰프의 진심 파스타,양식,순헌황귀비길 골목형상점가,골목형상점가,서울특별시,,,
ae41efc99434a2e91780,full_annotation_v1,A,q_운동_11,웨이트 운동하는 곳,문화·여가 중 '운동'을 판매·제공하는 매장,val,운동,T4 구어·문장,6b9f3adc-8af6-49b2-93de-5b1b1361f479,플로라,꽃,서구청먹자골목상인회 골목형상점가,골목형상점가,광주광역시,,,
631faa789cde18784766,full_annotation_v1,A,q_운동_11,웨이트 운동하는 곳,문화·여가 중 '운동'을 판매·제공하는 매장,val,운동,T4 구어·문장,b207e9c2-e64f-460e-a6ba-3d5942953efd,마포만두사강점,만두,사강시장,전통시장,경기도,,,
298b686b330050875fb6,full_annotation_v1,A,q_운동_11,웨이트 운동하는 곳,문화·여가 중 '운동'을 판매·제공하는 매장,val,운동,T4 구어·문장,23d829b0-b996-49f6-b4e5-74cdeadfcd9f,웨이프(WAYP),카페,영등포구청역 3번출구 골목형상점가,골목형상점가,서울특별시,,,
51ad2586ce34349eca67,full_annotation_v1,A,q_운동_11,웨이트 운동하는 곳,문화·여가 중 '운동'을 판매·제공하는 매장,val,운동,T4 구어·문장,08de408a-f260-4467-b375-768cbd50e14d,본소마메드짐 재활운동&PT,운동,용강동상점가,자율상권구역,서울특별시,,,
ca8d3d7866ac0aa6ba7a,full_annotation_v1,A,q_운동_11,웨이트 운동하는 곳,문화·여가 중 '운동'을 판매·제공하는 매장,val,운동,T4 구어·문장,008fbd3f-35b4-431f-8ba5-fc8bcfe4bf83,제이에스피트니스,헬스,동림1 골목형상점가,골목형상점가,광주광역시,,,
2481166ee0c1fbacf47c,full_annotation_v1,A,q_운동_11,웨이트 운동하는 곳,문화·여가 중 '운동'을 판매·제공하는 매장,val,운동,T4 구어·문장,21bfd845-8c16-4b67-809f-81a3833826c0,케이폴앤댄스,피트니스,남양역골로상점가,골목형상점가,경기도,,,
748b53a5c5a3158b43fc,full_annotation_v1,A,q_운동_11,웨이트 운동하는 곳,문화·여가 중 '운동'을 판매·제공하는 매장,val,운동,T4 구어·문장,38a2d21d-5e3b-4e3b-b8e2-a0e960eb412a,웨이브미용실,미용,용정 골목형상점가,골목형상점가,대전광역시,,,
6d3b5cf9bce8d522dcb3,full_annotation_v1,A,q_운동_11,웨이트 운동하는 곳,문화·여가 중 '운동'을 판매·제공하는 매장,val,운동,T4 구어·문장,00c4a045-8aa5-4995-8313-806b7fcab6ff,남스짐천왕점 헬스PT,,천왕마을 골목형상점가,골목형상점가,서울특별시,,,
d7182e3e70ffef140937,full_annotation_v1,A,q_운동_11,웨이트 운동하는 곳,문화·여가 중 '운동'을 판매·제공하는 매장,val,운동,T4 구어·문장,0c653404-a68d-40b7-9ec9-471294950fad,운동하는날,피티,낙낙별길골목형상점가,골목형상점가,서울특별시,,,
d72356f3f919448cba33,full_annotation_v1,A,q_운동_11,웨이트 운동하는 곳,문화·여가 중 '운동'을 판매·제공하는 매장,val,운동,T4 구어·문장,00f8d2a4-8e38-485b-a09e-280a1aa0c326,라인엑스피티스튜디오,"헬스, PT",수지성복플러스 골목형상점가,골목형상점가,경기도,,,
5284525af11804a27f0d,full_annotation_v1,A,q_운동_11,웨이트 운동하는 곳,문화·여가 중 '운동'을 판매·제공하는 매장,val,운동,T4 구어·문장,0080a859-c5d8-4b43-b14c-d5eb844118a0,헬스맨헬스걸,헬스장,비래동골목형상점가,골목형상점가,대전광역시,,,
81ca63ee667c6600ed98,full_annotation_v1,A,q_운동_11,웨이트 운동하는 곳,문화·여가 중 '운동'을 판매·제공하는 매장,val,운동,T4 구어·문장,003adf4b-eb63-4fd3-92d3-e139c6f1c22d,새롬필라테스,필라테스,새롬동 골목형상점가,골목형상점가,세종특별자치시,,,
44a86aa64fde6b2d4f36,full_annotation_v1,A,q_운동_11,웨이트 운동하는 곳,문화·여가 중 '운동'을 판매·제공하는 매장,val,운동,T4 구어·문장,d4bc1bc0-a4e5-4bfe-a03c-604321bf9c67,케이트,의류,㈜르네시떼,전통시장,부산광역시,,,
dce36bdabc1ff8f6cf30,full_annotation_v1,A,q_운동_11,웨이트 운동하는 곳,문화·여가 중 '운동'을 판매·제공하는 매장,val,운동,T4 구어·문장,3dafc751-3be5-482a-b99b-370d5bd28d3d,영케이트,잡화,익산중앙시장,전통시장,전북특별자치도,,,
59cab3fdf2bf96ac8bf9,full_annotation_v1,A,q_운동_11,웨이트 운동하는 곳,문화·여가 중 '운동'을 판매·제공하는 매장,val,운동,T4 구어·문장,c111ac9d-3f3a-405c-a8db-4d127ccda9e2,행복이 있는 곳,잡화,제주로얄쇼핑센터,자율상권구역,제주특별자치도,,,
288c2768d635f1278ebc,full_annotation_v1,A,q_운동_11,웨이트 운동하는 곳,문화·여가 중 '운동'을 판매·제공하는 매장,val,운동,T4 구어·문장,dd8fbe19-2667-4b7a-9964-37056b5ddb09,메가엠지씨커피 목포대점,커피,청계면 목대후문 골목형상점가,골목형상점가,전라남도,,,
978c6736ef8d20620b08,full_annotation_v1,A,q_운동_11,웨이트 운동하는 곳,문화·여가 중 '운동'을 판매·제공하는 매장,val,운동,T4 구어·문장,08bf522e-2d12-4ba2-95aa-344e372f90d7,수지패션,운동용품,원조낙지골목상점가,자율상권구역,전라남도,,,
cf9aeb58f1963df42cd2,full_annotation_v1,A,q_운동_11,웨이트 운동하는 곳,문화·여가 중 '운동'을 판매·제공하는 매장,val,운동,T4 구어·문장,d4a34d00-0bda-40b8-a6ea-8edc75127852,아티스,신발,오목교중앙시장,전통시장,서울특별시,,,
79012382b823e003595f,full_annotation_v1,A,q_운동_11,웨이트 운동하는 곳,문화·여가 중 '운동'을 판매·제공하는 매장,val,운동,T4 구어·문장,48ec2024-ee31-4ae0-bb8f-2126c5bfaa61,하다피트니스,피트니스,과천새서울프라자시장,전통시장,경기도,,,
f1431dad2c0401533b72,full_annotation_v1,A,q_운동_11,웨이트 운동하는 곳,문화·여가 중 '운동'을 판매·제공하는 매장,val,운동,T4 구어·문장,03ccb4c2-62ef-44c1-8a3e-0822ee1f1d4a,화이트,,파워존 골목형상점가,골목형상점가,대전광역시,,,
614f942fda0fa4380373,full_annotation_v1,A,q_운동_11,웨이트 운동하는 곳,문화·여가 중 '운동'을 판매·제공하는 매장,val,운동,T4 구어·문장,0041f699-c619-48b9-b3a9-814af9905c66,GB트레이닝센터,운동,일곡동(제5지역:제1근린공원 건너편),골목형상점가,광주광역시,,,
dd3c0f9b15fafde7c0d5,full_annotation_v1,A,q_운동_11,웨이트 운동하는 곳,문화·여가 중 '운동'을 판매·제공하는 매장,val,운동,T4 구어·문장,07466d2d-51a2-4c17-8dcf-1af1bfb6f868,금강랜드로바 원주점,운동화가죽신발등산용품,원주중앙로문화의거리,자율상권구역,강원특별자치도,,,
9560a334e8883219d906,full_annotation_v1,A,q_운동_11,웨이트 운동하는 곳,문화·여가 중 '운동'을 판매·제공하는 매장,val,운동,T4 구어·문장,06a9d0d7-98d4-46de-ba60-78844e443b35,올나잇 피트니스 주식회사,피트니스,부평테마의거리 골목형 상점가,골목형상점가,인천광역시,,,
443eb8b9607f2ef5efc4,full_annotation_v1,A,q_운동_11,웨이트 운동하는 곳,문화·여가 중 '운동'을 판매·제공하는 매장,val,운동,T4 구어·문장,3142fed4-8d4b-47d2-8f97-4dc4ab6fa0b1,남영동양문 광주첨단점,소고기,첨단강변로 골목형상점가,골목형상점가,광주광역시,,,
6ae63520feb4dcb196ad,full_annotation_v1,A,q_운동_11,웨이트 운동하는 곳,문화·여가 중 '운동'을 판매·제공하는 매장,val,운동,T4 구어·문장,00d5e821-820b-4f99-be01-4999464195f4,웨이즈커피,,청주대중앙로골목형상점가,골목형상점가,충청북도,,,
c64be8624e2980532888,full_annotation_v1,A,q_운동_11,웨이트 운동하는 곳,문화·여가 중 '운동'을 판매·제공하는 매장,val,운동,T4 구어·문장,00a3eb8f-b86a-4b8c-933c-ffaee551fdba,신시아 필라테스,필라테스 센터,겸재한신길 골목형상점가,골목형상점가,서울특별시,,,
f97068a3223dcb11417d,full_annotation_v1,A,q_운동_11,웨이트 운동하는 곳,문화·여가 중 '운동'을 판매·제공하는 매장,val,운동,T4 구어·문장,59be5267-6d48-4676-8afd-05c97cb766e2,금터민물매운탕,한식점업,반딧불이연무시장,전통시장,경기도,,,
16b80a8b2b06d4da40a8,full_annotation_v1,A,q_운동_11,웨이트 운동하는 곳,문화·여가 중 '운동'을 판매·제공하는 매장,val,운동,T4 구어·문장,a516eff9-b8ba-4701-b4cd-d444d110ed88,보각보각,한식수육전골 등,공릉철길골목형상점가,골목형상점가,서울특별시,,,
97cc29211fc0a2593d96,full_annotation_v1,A,q_운동_11,웨이트 운동하는 곳,문화·여가 중 '운동'을 판매·제공하는 매장,val,운동,T4 구어·문장,efa7fbfc-fd26-4d32-87a0-36897c96be71,대성,농산물,구로시장,전통시장,서울특별시,,,
8acf6aa07272a7f18a93,full_annotation_v1,A,q_운동_11,웨이트 운동하는 곳,문화·여가 중 '운동'을 판매·제공하는 매장,val,운동,T4 구어·문장,00054f1d-4cae-4345-9975-1423bc49e4dc,착한아이들,의류,중앙전통시장,전통시장,울산광역시,,,
a9fb705b891be2baa15f,full_annotation_v1,A,q_운동_11,웨이트 운동하는 곳,문화·여가 중 '운동'을 판매·제공하는 매장,val,운동,T4 구어·문장,0214eb76-f204-4d4f-9645-f0444d2c5f33,베이글짐,헬스장,도담동 골목형상점가,골목형상점가,세종특별자치시,,,
417c06c3a0c6fea41614,full_annotation_v1,A,q_운동_11,웨이트 운동하는 곳,문화·여가 중 '운동'을 판매·제공하는 매장,val,운동,T4 구어·문장,81daa6e5-04d4-46ec-9a09-2461470e9ea7,요가하는 나무,요가원,까치산시장,전통시장,서울특별시,,,
2f67d1b313198c14732f,full_annotation_v1,A,q_운동_11,웨이트 운동하는 곳,문화·여가 중 '운동'을 판매·제공하는 매장,val,운동,T4 구어·문장,9834588e-7f5d-4762-b7cd-cf6235e64c72,웨이팅,의류,서문시장2지구 종합상가,전통시장,대구광역시,,,
9b3ce316ab939050c9af,full_annotation_v1,A,q_운동_11,웨이트 운동하는 곳,문화·여가 중 '운동'을 판매·제공하는 매장,val,운동,T4 구어·문장,1c48ef6c-d475-4858-8aab-0ee9b8033fdb,면도하는 총각,,순천원도심상점가,자율상권구역,,,,
b9bc02667c955824a476,full_annotation_v1,A,q_운동_11,웨이트 운동하는 곳,문화·여가 중 '운동'을 판매·제공하는 매장,val,운동,T4 구어·문장,0151b1ea-e648-438b-83b0-efcf6f387e9b,크로스핏 터,운동 서비스,열매 골목형상점가,골목형상점가,대전광역시,,,
765ad29d20f7f4b1cfa3,full_annotation_v1,A,q_운동_11,웨이트 운동하는 곳,문화·여가 중 '운동'을 판매·제공하는 매장,val,운동,T4 구어·문장,06261986-3eba-4244-b63f-397460d82f4a,이곳,미용,나주혁신도시 골목형상점가,골목형상점가,전라남도,,,
030f0a702926b32bd5db,full_annotation_v1,A,q_운동_11,웨이트 운동하는 곳,문화·여가 중 '운동'을 판매·제공하는 매장,val,운동,T4 구어·문장,ecaa389d-be82-4903-a754-35399b13ea9b,운동다짐,운동강습,주월장산 골목형상점가,골목형상점가,광주광역시,,,
5745b6c3ea2a5ca6d326,full_annotation_v1,A,q_운동_12,헬스할 데,문화·여가 중 '운동'을 판매·제공하는 매장,val,운동,T4 구어·문장,167afa6b-ba96-4720-a6a6-ae1a8dad4813,조거앤스웨트,헬스,혁신도시5구역골목형상점가,골목형상점가,강원특별자치도,,,
f949c442b53780790f14,full_annotation_v1,A,q_운동_12,헬스할 데,문화·여가 중 '운동'을 판매·제공하는 매장,val,운동,T4 구어·문장,00172c94-61f0-4197-afeb-d7e8187c79b5,옷이예쁘다,의류,메트로센터(반월당지하쇼핑),일반지하상점가,대구광역시,,,
2e3b4e51682c23cd77ea,full_annotation_v1,A,q_운동_12,헬스할 데,문화·여가 중 '운동'을 판매·제공하는 매장,val,운동,T4 구어·문장,00f8d2a4-8e38-485b-a09e-280a1aa0c326,라인엑스피티스튜디오,"헬스, PT",수지성복플러스 골목형상점가,골목형상점가,경기도,,,
a33fccd1f1013bae0689,full_annotation_v1,A,q_운동_12,헬스할 데,문화·여가 중 '운동'을 판매·제공하는 매장,val,운동,T4 구어·문장,39a90e3f-0c30-4558-b978-650e14a3e453,누보by나금채,한식,방림로 골목형상점가,골목형상점가,광주광역시,,,
a8999906df6f3ce5c25e,full_annotation_v1,A,q_운동_12,헬스할 데,문화·여가 중 '운동'을 판매·제공하는 매장,val,운동,T4 구어·문장,07d89ce7-de40-4795-a10b-414cc1e269ef,매곡 천부경 명상센터,"명상수련, 요가",매곡동 골목형상점가,골목형상점가,광주광역시,,,
9b544452da6ec0e106bd,full_annotation_v1,A,q_운동_12,헬스할 데,문화·여가 중 '운동'을 판매·제공하는 매장,val,운동,T4 구어·문장,5cecbf4f-610f-4031-904b-921bc427804e,전사랑 중앙점,전,중앙신시장,전통시장,경상북도,,,
ea9e9164dfd09043259c,full_annotation_v1,A,q_운동_12,헬스할 데,문화·여가 중 '운동'을 판매·제공하는 매장,val,운동,T4 구어·문장,28195eb8-8a11-4cb5-9813-b898183d3a3a,우리할매떡볶이,분식,삼천동제일 골목형상점가,골목형상점가,전북특별자치도,,,
2fbb5867c776a6fd6ee2,full_annotation_v1,A,q_운동_12,헬스할 데,문화·여가 중 '운동'을 판매·제공하는 매장,val,운동,T4 구어·문장,4a40fead-51e8-407a-859b-3bdc45eb41d6,평화주담,해산물육류,익산 다e로움 상권활성화구역,상권활성화구역,전북특별자치도,,,
453d270412076ad0da05,full_annotation_v1,A,q_운동_12,헬스할 데,문화·여가 중 '운동'을 판매·제공하는 매장,val,운동,T4 구어·문장,c5dd664b-3ba0-4c8e-8c68-6f0dee53eb46,티엠짐,헬스,진천혁신골목형상점가,골목형상점가,충청북도,,,
12ebd068fbc3fd319c30,full_annotation_v1,A,q_운동_12,헬스할 데,문화·여가 중 '운동'을 판매·제공하는 매장,val,운동,T4 구어·문장,01a5e178-ba34-4e15-ac4d-07a398900593,가자점핑다이어트클럽,"점핑, 요가",문흥2동 골목형상점가,골목형상점가,광주광역시,,,
28858b7952d8fd42fc55,full_annotation_v1,A,q_운동_12,헬스할 데,문화·여가 중 '운동'을 판매·제공하는 매장,val,운동,T4 구어·문장,000a92b3-0b5e-429e-af00-f86e3570e24b,클로버,의류,관문상가시장,전통시장,대구광역시,,,
fd6cd2871006071d6b45,full_annotation_v1,A,q_운동_12,헬스할 데,문화·여가 중 '운동'을 판매·제공하는 매장,val,운동,T4 구어·문장,08bf522e-2d12-4ba2-95aa-344e372f90d7,수지패션,운동용품,원조낙지골목상점가,자율상권구역,전라남도,,,
1aa46a06d5a2d6010f2d,full_annotation_v1,A,q_운동_12,헬스할 데,문화·여가 중 '운동'을 판매·제공하는 매장,val,운동,T4 구어·문장,17815f30-9ddb-4cd4-bdee-1545ba6efc70,길동우동,우동,동백역 골목형상점가,골목형상점가,경기도,,,
f4045703fc4f06eda942,full_annotation_v1,A,q_운동_12,헬스할 데,문화·여가 중 '운동'을 판매·제공하는 매장,val,운동,T4 구어·문장,0041f699-c619-48b9-b3a9-814af9905c66,GB트레이닝센터,운동,일곡동(제5지역:제1근린공원 건너편),골목형상점가,광주광역시,,,
76403de9332fc9586b66,full_annotation_v1,A,q_운동_12,헬스할 데,문화·여가 중 '운동'을 판매·제공하는 매장,val,운동,T4 구어·문장,06a9d0d7-98d4-46de-ba60-78844e443b35,올나잇 피트니스 주식회사,피트니스,부평테마의거리 골목형 상점가,골목형상점가,인천광역시,,,
3dab72213289ad301876,full_annotation_v1,A,q_운동_12,헬스할 데,문화·여가 중 '운동'을 판매·제공하는 매장,val,운동,T4 구어·문장,7fbb06f8-99f3-47c5-b43c-bdd672ea31b5,스타헬스,헬스,"운남4,5단지 골목형상점가",골목형상점가,광주광역시,,,
58cb8f8af3670a025830,full_annotation_v1,A,q_운동_12,헬스할 데,문화·여가 중 '운동'을 판매·제공하는 매장,val,운동,T4 구어·문장,328a1610-4d4f-4102-a5d8-6711b4741ecc,핏게이,헬스,신가동 골목형상점가,골목형상점가,광주광역시,,,
9107b7a3bcb50d1613f3,full_annotation_v1,A,q_운동_12,헬스할 데,문화·여가 중 '운동'을 판매·제공하는 매장,val,운동,T4 구어·문장,f2f4ad43-92e5-43ee-83f3-184db9825843,리턴투핏,헬스,성덕중사거리,골목형상점가,광주광역시,,,
3dcf01ab38bf828517d8,full_annotation_v1,A,q_운동_12,헬스할 데,문화·여가 중 '운동'을 판매·제공하는 매장,val,운동,T4 구어·문장,b3d9e3f9-924e-40d5-afc1-355224046aa4,바디펙토리,헬스,지족동 골목형상점가,골목형상점가,대전광역시,,,
70e4d6f3a0820b5f08a1,full_annotation_v1,A,q_운동_12,헬스할 데,문화·여가 중 '운동'을 판매·제공하는 매장,val,운동,T4 구어·문장,0214eb76-f204-4d4f-9645-f0444d2c5f33,베이글짐,헬스장,도담동 골목형상점가,골목형상점가,세종특별자치시,,,
5503fd9e8ece656180d3,full_annotation_v1,A,q_운동_12,헬스할 데,문화·여가 중 '운동'을 판매·제공하는 매장,val,운동,T4 구어·문장,db39873b-c57c-4bc2-8084-423562ef9877,이탈리아수입의류,의류,청주사창시장,전통시장,충청북도,,,
50d53489b937c7f551b1,full_annotation_v1,A,q_운동_12,헬스할 데,문화·여가 중 '운동'을 판매·제공하는 매장,val,운동,T4 구어·문장,dbdbb7e1-cdff-42fe-bd89-af4d8c22be0b,문재엄 헬스,헬스,어은누리 골목형상점가,골목형상점가,대전광역시,,,
6b3357e82ca3a85f6d76,full_annotation_v1,A,q_운동_12,헬스할 데,문화·여가 중 '운동'을 판매·제공하는 매장,val,운동,T4 구어·문장,06f75bcb-8c04-46f9-9315-b56a3f1d7a63,스윙&플라멩고,운동복,대현프리몰 대구점,일반지하상점가,대구광역시,,,
949165a6ec61561cd035,full_annotation_v1,A,q_운동_12,헬스할 데,문화·여가 중 '운동'을 판매·제공하는 매장,val,운동,T4 구어·문장,14ffe4b2-bd20-4f16-b1dc-dd39c7d48648,바디플러스 헬스,헬스,진잠 골목형상점가,골목형상점가,대전광역시,,,
12aaf745c84dc96bcd4f,full_annotation_v1,A,q_운동_12,헬스할 데,문화·여가 중 '운동'을 판매·제공하는 매장,val,운동,T4 구어·문장,09815d92-d0f0-4c87-b4fa-1194f86c53c0,유성프로스펙스,"스포츠의류, 용품",장대동패션상가 골목형상점가,골목형상점가,대전광역시,,,
ed7cbe711858b01ab35d,full_annotation_v1,A,q_운동_12,헬스할 데,문화·여가 중 '운동'을 판매·제공하는 매장,val,운동,T4 구어·문장,abd4f9f4-0e2f-4789-9ad8-97ffa516668b,우치,도자기,사기막골도자기시장(구 사기막골도예촌재래시장),전통시장,경기도,,,
706f16d8cc984913aff8,full_annotation_v1,A,q_운동_12,헬스할 데,문화·여가 중 '운동'을 판매·제공하는 매장,val,운동,T4 구어·문장,00c4a045-8aa5-4995-8313-806b7fcab6ff,남스짐천왕점 헬스PT,,천왕마을 골목형상점가,골목형상점가,서울특별시,,,
a0b2ce5a83929ebdd733,full_annotation_v1,A,q_운동_12,헬스할 데,문화·여가 중 '운동'을 판매·제공하는 매장,val,운동,T4 구어·문장,8b575c45-3054-4978-96a5-06428f1ba1a9,베델짐,헬스,한솔센터 골목형상점가,골목형상점가,세종특별자치시,,,
f66a98157beec294b671,full_annotation_v1,A,q_운동_12,헬스할 데,문화·여가 중 '운동'을 판매·제공하는 매장,val,운동,T4 구어·문장,0080a859-c5d8-4b43-b14c-d5eb844118a0,헬스맨헬스걸,헬스장,비래동골목형상점가,골목형상점가,대전광역시,,,
7b0cdc1ca3c41f8a40ca,full_annotation_v1,A,q_운동_12,헬스할 데,문화·여가 중 '운동'을 판매·제공하는 매장,val,운동,T4 구어·문장,260638da-7a2b-40de-a30b-986292de3212,오늘헬스,헬스,금호상인회 골목형상점가,골목형상점가,광주광역시,,,
75590f48df42226da858,full_annotation_v1,A,q_운동_12,헬스할 데,문화·여가 중 '운동'을 판매·제공하는 매장,val,운동,T4 구어·문장,b2506e39-9441-4364-a5d4-82b916bf5c8d,클럽훈짐 헬스 PT,헬스,월드상가골목형상점가,골목형상점가,인천광역시,,,
d466bcaa1f5695b79b44,full_annotation_v1,A,q_운동_12,헬스할 데,문화·여가 중 '운동'을 판매·제공하는 매장,val,운동,T4 구어·문장,6245bf61-ba8b-4b60-91d9-610ca5c6e864,화정헬스,헬스,화정로상가상인회 골목형상점가,골목형상점가,광주광역시,,,
786b211f100322b3be05,full_annotation_v1,A,q_운동_12,헬스할 데,문화·여가 중 '운동'을 판매·제공하는 매장,val,운동,T4 구어·문장,16487cb2-f608-4373-948a-cfdc355d5dfd,카이로 헬스교실,헬스,선유로운골목형상점가,골목형상점가,서울특별시,,,
d9de519b21876e51cf51,full_annotation_v1,A,q_운동_12,헬스할 데,문화·여가 중 '운동'을 판매·제공하는 매장,val,운동,T4 구어·문장,3db099fb-46e2-4bb4-9eb1-e2a78ded4639,토원공방,도자기,예스파크 상점가,자율상권구역,경기도,,,
f108b92e34d26d2126dd,full_annotation_v1,A,q_운동_12,헬스할 데,문화·여가 중 '운동'을 판매·제공하는 매장,val,운동,T4 구어·문장,52bf8fa1-b035-4175-a853-e487655ff9c8,세진헬스,헬스,지범골목먹거리타운 골목형상점가,골목형상점가,대구광역시,,,
5b042bf570e6c5bbc3e8,full_annotation_v1,A,q_운동_12,헬스할 데,문화·여가 중 '운동'을 판매·제공하는 매장,val,운동,T4 구어·문장,82ef23fe-994b-40c6-a018-27562ad2238b,순수헬스,헬스,금호운천로상인회 골목형상점가,골목형상점가,광주광역시,,,
e2ba4d31cf67ed3b41b4,full_annotation_v1,A,q_운동_12,헬스할 데,문화·여가 중 '운동'을 판매·제공하는 매장,val,운동,T4 구어·문장,29c7abdd-c533-48c1-980d-f760f9c8dbf4,하동상회,,충무동 새벽시장,전통시장,부산광역시,,,
a32d1957b070a52d654d,full_annotation_v1,A,q_운동_12,헬스할 데,문화·여가 중 '운동'을 판매·제공하는 매장,val,운동,T4 구어·문장,08de408a-f260-4467-b375-768cbd50e14d,본소마메드짐 재활운동&PT,운동,용강동상점가,자율상권구역,서울특별시,,,
1758c5f15ca26f7f98dc,full_annotation_v1,A,q_운동_12,헬스할 데,문화·여가 중 '운동'을 판매·제공하는 매장,val,운동,T4 구어·문장,c69a4ab0-bd25-4463-a3b9-131f29d94287,헬스스타짐 구서점,헬스장,구서오시게시장,전통시장,부산광역시,,,
57158842df7ac23a3246,full_annotation_v1,A,q_운동_12,헬스할 데,문화·여가 중 '운동'을 판매·제공하는 매장,val,운동,T4 구어·문장,70b9c8f1-ad06-4c16-8fa7-b73757c30c96,아나덴 슈가링왁싱 용인동백역점,피부미용(왁싱),동백역 골목형상점가,골목형상점가,경기도,,,
ab64b5b1536ca48ce9af,full_annotation_v1,A,q_운동_12,헬스할 데,문화·여가 중 '운동'을 판매·제공하는 매장,val,운동,T4 구어·문장,00054f1d-4cae-4345-9975-1423bc49e4dc,착한아이들,의류,중앙전통시장,전통시장,울산광역시,,,
340a3ff7c65da4145d1b,full_annotation_v1,A,q_운동_12,헬스할 데,문화·여가 중 '운동'을 판매·제공하는 매장,val,운동,T4 구어·문장,35f62c74-3304-4a6c-a21f-28b253239019,하이무브 피트니스,피트니스 센터,산본로데오거리(구 산본중심상가),자율상권구역,경기도,,,
26570c24fc1c47b0998a,full_annotation_v1,A,q_운동_12,헬스할 데,문화·여가 중 '운동'을 판매·제공하는 매장,val,운동,T4 구어·문장,a5647bf7-e937-49e2-99ce-026cee3ca1ed,15짐,헬스,연신내골목형상점가,골목형상점가,서울특별시,,,
2e79b2d760a9f02d4c54,full_annotation_v1,A,q_운동_12,헬스할 데,문화·여가 중 '운동'을 판매·제공하는 매장,val,운동,T4 구어·문장,f4c2d17d-f51b-4c8f-a963-37de315abac7,더벨류짐,헬스,연남동골목형상점가,골목형상점가,서울특별시,,,
e8432c27f7add4f184df,full_annotation_v1,A,q_운동_12,헬스할 데,문화·여가 중 '운동'을 판매·제공하는 매장,val,운동,T4 구어·문장,59f2746c-31a2-4dc2-8ae8-71f8f0f4f57f,빵빵해짐,헬스,이튼타워리버3차골목형상점가,골목형상점가,서울특별시,,,
576d6b801110cad83df3,full_annotation_v1,A,q_운동_12,헬스할 데,문화·여가 중 '운동'을 판매·제공하는 매장,val,운동,T4 구어·문장,1300d2a7-caf0-456f-99ce-2dfb57a6e007,핫플짐,헬스,노은역 골목형상점가,골목형상점가,대전광역시,,,
a5bc5e7e0739629b4b50,full_annotation_v1,A,q_운동_12,헬스할 데,문화·여가 중 '운동'을 판매·제공하는 매장,val,운동,T4 구어·문장,10b9bc2e-b4e6-42f3-9a5e-cf8e6a7d4f3b,복이네,음식,창원코아상가,전통시장,경상남도,,,
84d5cb58abd6ce4e8a39,full_annotation_v1,A,q_운동_12,헬스할 데,문화·여가 중 '운동'을 판매·제공하는 매장,val,운동,T4 구어·문장,00a3eb8f-b86a-4b8c-933c-ffaee551fdba,신시아 필라테스,필라테스 센터,겸재한신길 골목형상점가,골목형상점가,서울특별시,,,
458d43d48e9086627381,full_annotation_v1,A,q_운동_12,헬스할 데,문화·여가 중 '운동'을 판매·제공하는 매장,val,운동,T4 구어·문장,25d00068-c3e9-4e8d-be42-8afd170d7a6d,투빅짐,헬스,커낼워크상점가,골목형상점가,인천광역시,,,
9869036d0beb84d3c698,full_annotation_v1,A,q_운동_12,헬스할 데,문화·여가 중 '운동'을 판매·제공하는 매장,val,운동,T4 구어·문장,003adf4b-eb63-4fd3-92d3-e139c6f1c22d,새롬필라테스,필라테스,새롬동 골목형상점가,골목형상점가,세종특별자치시,,,
a673297c70233cb49db1,full_annotation_v1,A,q_운동_12,헬스할 데,문화·여가 중 '운동'을 판매·제공하는 매장,val,운동,T4 구어·문장,f2f063ae-7072-4cb5-9b2b-3bf2574518ed,고운짐,헬스,"가락마을 1,2단지 골목형상점가(가락마을 1,2단지 상인회)",골목형상점가,세종특별자치시,,,
e0e72392f9cbe5c754d1,full_annotation_v1,A,q_운동_12,헬스할 데,문화·여가 중 '운동'을 판매·제공하는 매장,val,운동,T4 구어·문장,00124602-ef4e-472c-91ee-de53b28d7530,화이트,의류,울산번개시장,전통시장,울산광역시,,,
da449d2c9fddcbf62487,full_annotation_v1,A,q_운동_12,헬스할 데,문화·여가 중 '운동'을 판매·제공하는 매장,val,운동,T4 구어·문장,0066174b-64aa-428a-b8d6-f9bae4107429,크로스핏 엘리트짐,기능성운동,노은역 골목형상점가,골목형상점가,대전광역시,,,
f7ad59d1e60f5be3c464,full_annotation_v1,A,q_운동_12,헬스할 데,문화·여가 중 '운동'을 판매·제공하는 매장,val,운동,T4 구어·문장,bc522304-684b-4362-ab04-08be5b99adb6,미앤강,헬스,오월첫동네 골목형상점가,골목형상점가,광주광역시,,,
408a08ecd236a789a5db,full_annotation_v1,A,q_운동_12,헬스할 데,문화·여가 중 '운동'을 판매·제공하는 매장,val,운동,T4 구어·문장,00a27d0e-2216-4ff5-94fe-7acd76db3da3,짐자반 헬스 PT 하남시청역점,"헬스장 회원권, 개인레슨",덕풍전통시장,전통시장,경기도,,,
46bef67910e16991d43e,full_annotation_v1,A,q_운동_12,헬스할 데,문화·여가 중 '운동'을 판매·제공하는 매장,val,운동,T4 구어·문장,d68b086c-70b8-4b8e-83ec-d36446c4d972,헬스와보충제,헬스용품,부평역지하상가,일반지하상점가,인천광역시,,,
150935c05c30d7b52c60,full_annotation_v1,A,q_운동_12,헬스할 데,문화·여가 중 '운동'을 판매·제공하는 매장,val,운동,T4 구어·문장,4fb963a2-ec5c-4e0d-a011-0dbc40952e5c,루포짐,헬스,운남골목 골목형상점가,골목형상점가,광주광역시,,,
69fab50dace3faafb6d8,full_annotation_v1,A,q_운동_12,헬스할 데,문화·여가 중 '운동'을 판매·제공하는 매장,val,운동,T4 구어·문장,2f7484dc-68da-481a-b7bf-fd027e058cf6,헬스킹 PT 헬스,헬스시설,매탄중심상가 골목형상점가,골목형상점가,경기도,,,
3a645dbc71b3c1b89e67,full_annotation_v1,A,q_운동_12,헬스할 데,문화·여가 중 '운동'을 판매·제공하는 매장,val,운동,T4 구어·문장,2686543d-a4f9-4901-bec0-d754ab2ae441,족발야시장 전남 강진점,족발,강진읍 상권활성화구역,상권활성화구역,전라남도,,,
cac7c6ed277537d92698,full_annotation_v1,A,q_운동_12,헬스할 데,문화·여가 중 '운동'을 판매·제공하는 매장,val,운동,T4 구어·문장,9e998694-e7a4-43c3-baef-9279d201f328,열정헬스,헬스,신용동 대성빌딩 골목형상점가,골목형상점가,광주광역시,,,
accf3745085c17a5fcf9,full_annotation_v1,A,q_운동_12,헬스할 데,문화·여가 중 '운동'을 판매·제공하는 매장,val,운동,T4 구어·문장,80989184-1d44-4f8e-81f2-c801f7ac111e,바디웍,헬스,다산지금상점가,골목형상점가,경기도,,,
4a48c8fb4e282ca72a7f,full_annotation_v1,A,q_운동_12,헬스할 데,문화·여가 중 '운동'을 판매·제공하는 매장,val,운동,T4 구어·문장,040428ab-1a04-452f-8b35-c7c3c993cad8,누아요가,요가,현대센트럴스퀘어,골목형상점가,경기도,,,
a672239b1d62c5483eaf,full_annotation_v1,A,q_운동_12,헬스할 데,문화·여가 중 '운동'을 판매·제공하는 매장,val,운동,T4 구어·문장,470b9023-8fe2-4d54-9d33-d13edee8defb,우리분식,식료품,문산자유시장,전통시장,경기도,,,
59c7f24864ff3031b1ec,full_annotation_v1,A,q_운동_12,헬스할 데,문화·여가 중 '운동'을 판매·제공하는 매장,val,운동,T4 구어·문장,282b0e8b-051c-49f9-a707-b982df803589,까라벨라 데 오르,스파게티,동명동 카페거리 골목형상점가,골목형상점가,광주광역시,,,
ba57c833441603f8aa1b,full_annotation_v1,A,q_운동_12,헬스할 데,문화·여가 중 '운동'을 판매·제공하는 매장,val,운동,T4 구어·문장,5e99ffe9-d666-4eb4-a37b-69f0f9389ba8,짐버튼,헬스,빛가람 하나로 골목형상점가,골목형상점가,전라남도,,,
1c6a42243fc6a5a24ae3,full_annotation_v1,A,q_운동_12,헬스할 데,문화·여가 중 '운동'을 판매·제공하는 매장,val,운동,T4 구어·문장,020180c1-e676-4f99-84db-9b56504222f2,아름드리 필라테스&PT,필라테스요가바레필라테스,아름드리 골목형상점가,골목형상점가,세종특별자치시,,,
034cca10b32154363f5c,full_annotation_v1,A,q_운동_12,헬스할 데,문화·여가 중 '운동'을 판매·제공하는 매장,val,운동,T4 구어·문장,21bfd845-8c16-4b67-809f-81a3833826c0,케이폴앤댄스,피트니스,남양역골로상점가,골목형상점가,경기도,,,
b87bb3facec726d16b3f,full_annotation_v1,A,q_운동_12,헬스할 데,문화·여가 중 '운동'을 판매·제공하는 매장,val,운동,T4 구어·문장,ccb94eae-2e5a-4dc6-8831-926edacab9ca,패러다임짐,헬스,서재소상공인연합회,골목형상점가,대구광역시,,,
9a84f0612d6dc09f2b2d,full_annotation_v1,A,q_운동_12,헬스할 데,문화·여가 중 '운동'을 판매·제공하는 매장,val,운동,T4 구어·문장,7584e51a-2f90-496a-a0db-414ae36ff08e,여목,미술품,국제지하도상가,일반지하상점가,부산광역시,,,
115b7aa6fc5fa91c337b,full_annotation_v1,A,q_운동_12,헬스할 데,문화·여가 중 '운동'을 판매·제공하는 매장,val,운동,T4 구어·문장,fcaaffb2-32bb-4e9e-84a5-faf51d51e8e0,만호헬스,헬스,죽산시장,전통시장,경기도,,,
bdf22fc5966f40f2c127,full_annotation_v1,A,q_운동_12,헬스할 데,문화·여가 중 '운동'을 판매·제공하는 매장,val,운동,T4 구어·문장,00158f51-4d3a-4ac0-9e38-b37552f5e097,지지배,의류,나주금빛상점가,자율상권구역,전라남도,,,
dac314abeda8db4cb702,full_annotation_v1,A,q_운동_12,헬스할 데,문화·여가 중 '운동'을 판매·제공하는 매장,val,운동,T4 구어·문장,5a793e75-a08d-44e9-ba4a-47b0208c748b,파프리카짐,헬스,목양마을 골목형상점가,골목형상점가,대전광역시,,,
a14de11d27c58769f304,full_annotation_v1,A,q_운동_12,헬스할 데,문화·여가 중 '운동'을 판매·제공하는 매장,val,운동,T4 구어·문장,36f4d9e2-889a-4168-b518-51e2ddf773df,킴스휘트니스클리닉,피트니스,아름동상점가,자율상권구역,세종특별자치시,,,
b9a2a1db774ee8cbf14f,full_annotation_v1,A,q_운동_12,헬스할 데,문화·여가 중 '운동'을 판매·제공하는 매장,val,운동,T4 구어·문장,018b2dd0-5613-482c-b714-e30dcfa584fd,씨엘 필라테스 안산고잔점,필라테스,도리섬상점가,자율상권구역,경기도,,,
ae01e83a93e845ec58f1,full_annotation_v1,A,q_운동_12,헬스할 데,문화·여가 중 '운동'을 판매·제공하는 매장,val,운동,T4 구어·문장,cd0f481d-9369-4b02-8a9a-6cf66b07b9a7,원알엠,헬스,금암동 골목형상점가,골목형상점가,충청남도,,,
b2596fde90c6f7fbebc6,full_annotation_v1,A,q_운동_12,헬스할 데,문화·여가 중 '운동'을 판매·제공하는 매장,val,운동,T4 구어·문장,f14df4d3-9858-4a8b-8597-20fd477d8e32,갤러리 데 루치아,가구,용인어정가구단지상점가,자율상권구역,경기도,,,
969cbd303ccfc9445e33,full_annotation_v1,A,q_운동_12,헬스할 데,문화·여가 중 '운동'을 판매·제공하는 매장,val,운동,T4 구어·문장,48ec2024-ee31-4ae0-bb8f-2126c5bfaa61,하다피트니스,피트니스,과천새서울프라자시장,전통시장,경기도,,,
33ba7980ac2626943dad,full_annotation_v1,A,q_운동_12,헬스할 데,문화·여가 중 '운동'을 판매·제공하는 매장,val,운동,T4 구어·문장,9fefa435-af1b-44f0-aba4-33964b16a97f,앰비션짐,헬스권 권,남사한숲 골목형상점가,골목형상점가,경기도,,,
6a965c8a4fa51283f54e,full_annotation_v1,A,q_운동_12,헬스할 데,문화·여가 중 '운동'을 판매·제공하는 매장,val,운동,T4 구어·문장,aba76fc2-984e-4030-ba01-e2e7d78264c7,데 아로즈 대전둔산본점,,갈리단길 골목형상점가,골목형상점가,대전광역시,,,
488a1aaa516ff74e160a,full_annotation_v1,A,q_운동_12,헬스할 데,문화·여가 중 '운동'을 판매·제공하는 매장,val,운동,T4 구어·문장,07466d2d-51a2-4c17-8dcf-1af1bfb6f868,금강랜드로바 원주점,운동화가죽신발등산용품,원주중앙로문화의거리,자율상권구역,강원특별자치도,,,
c94afedb0929a667af74,full_annotation_v1,A,q_운동_12,헬스할 데,문화·여가 중 '운동'을 판매·제공하는 매장,val,운동,T4 구어·문장,3ce9ab54-4adf-4bf1-aaf7-f444bdce3a39,피자엉클,피자,송정벚꽃골목형상점가,골목형상점가,서울특별시,,,
9c155bc3ca6e64759b7e,full_annotation_v1,A,q_운동_12,헬스할 데,문화·여가 중 '운동'을 판매·제공하는 매장,val,운동,T4 구어·문장,ee94c325-c2ad-4dc1-ab31-c0a63bdfde66,조짐 헬스 PT,헬스,용산지구 골목형상점가,골목형상점가,광주광역시,,,
e60f6c8eaffc6988a06f,full_annotation_v1,A,q_운동_12,헬스할 데,문화·여가 중 '운동'을 판매·제공하는 매장,val,운동,T4 구어·문장,0a7de62f-b294-412c-b700-0642397eca30,다이나핏 김포장기점,"스포츠 의류, 용품",김포장기패션아울렛,골목형상점가,경기도,,,
a42ac276d37e9c637f1e,full_annotation_v1,A,q_운동_12,헬스할 데,문화·여가 중 '운동'을 판매·제공하는 매장,val,운동,T4 구어·문장,008fbd3f-35b4-431f-8ba5-fc8bcfe4bf83,제이에스피트니스,헬스,동림1 골목형상점가,골목형상점가,광주광역시,,,
c8419bf8bed59c3c352c,full_annotation_v1,A,q_운동_12,헬스할 데,문화·여가 중 '운동'을 판매·제공하는 매장,val,운동,T4 구어·문장,d74c83e3-5da2-4b1b-8707-21e8bcfd0dce,최육관,헬스,첨단강변로 골목형상점가,골목형상점가,광주광역시,,,
1335f50df2568a3550f7,full_annotation_v1,A,q_운동_12,헬스할 데,문화·여가 중 '운동'을 판매·제공하는 매장,val,운동,T4 구어·문장,033d99e2-0579-45d7-9d48-d999b90dd98a,M필라테스&요가,"필라테스, 요가",조종시장,전통시장,경기도,,,
62847d9afb34067947b8,full_annotation_v1,A,q_운동_12,헬스할 데,문화·여가 중 '운동'을 판매·제공하는 매장,val,운동,T4 구어·문장,37f4da31-01d0-4a5e-beb6-00bbe79abc0d,히데,의류,춘천지하상가,일반지하상점가,강원특별자치도,,,
2b71c43f575dfb251af8,full_annotation_v1,A,q_운동_12,헬스할 데,문화·여가 중 '운동'을 판매·제공하는 매장,val,운동,T4 구어·문장,3b91fb89-d8c8-4514-be5d-6ee71c48bb85,프롬짐,헬스,주월1동봉선로 골목형상점가,골목형상점가,광주광역시,,,
cabc74aa138ddf1b6536,full_annotation_v1,A,q_운동_12,헬스할 데,문화·여가 중 '운동'을 판매·제공하는 매장,val,운동,T4 구어·문장,f02fc54b-9175-4735-94f7-c4bf9e683a6c,뜨담 손뜨개공방,공예품,방림로 골목형상점가,골목형상점가,광주광역시,,,
f819fe304412534c09cc,full_annotation_v1,A,q_운동_12,헬스할 데,문화·여가 중 '운동'을 판매·제공하는 매장,val,운동,T4 구어·문장,0151b1ea-e648-438b-83b0-efcf6f387e9b,크로스핏 터,운동 서비스,열매 골목형상점가,골목형상점가,대전광역시,,,
b7b74e1ca66bf3e70f88,full_annotation_v1,A,q_운동_12,헬스할 데,문화·여가 중 '운동'을 판매·제공하는 매장,val,운동,T4 구어·문장,24701bd4-f2c1-47e7-a4a5-fb43528e9153,핏해짐,헬스,평촌1번가 상점가,자율상권구역,경기도,,,
3ddce5f05103d24a9962,full_annotation_v1,A,q_운동_13,운돈,문화·여가 중 '운동'을 판매·제공하는 매장,val,운동,T6 기계변형,39bb1980-bf04-421b-a37f-5fb0a76638d5,뚝시돈,한식,뚝도시장,전통시장,서울특별시,,,
3175658c38c2268b39fb,full_annotation_v1,A,q_운동_13,운돈,문화·여가 중 '운동'을 판매·제공하는 매장,val,운동,T6 기계변형,8b2482c5-ce6b-4d6e-b399-0116f6e25241,복뿔돈,고기,신용동 육교 앞 골목형상점가,골목형상점가,광주광역시,,,
547538976ccd6c86a9f6,full_annotation_v1,A,q_운동_13,운돈,문화·여가 중 '운동'을 판매·제공하는 매장,val,운동,T6 기계변형,ee85e90a-a5de-4c47-b9c5-b7c93e0eb5f1,금호돈,한식,금화로상인회 골목형상점가,골목형상점가,광주광역시,,,
5c0e142dc693236fb1d3,full_annotation_v1,A,q_운동_13,운돈,문화·여가 중 '운동'을 판매·제공하는 매장,val,운동,T6 기계변형,a9e9e40f-65cf-4e1d-bbff-c3b2ee8ffff9,죽돈,한식,반드레길골목형상점가,골목형상점가,서울특별시,,,
ecf086f4649921a2684b,full_annotation_v1,A,q_운동_13,운돈,문화·여가 중 '운동'을 판매·제공하는 매장,val,운동,T6 기계변형,d3cda852-2d78-4438-a922-02c0c0e20f95,라미뷰티,,매곡신천 골목형상점가,골목형상점가,울산광역시,,,
21d6c29cee6e9afc9e51,full_annotation_v1,A,q_운동_13,운돈,문화·여가 중 '운동'을 판매·제공하는 매장,val,운동,T6 기계변형,db00d19c-ae11-4e4b-a655-f9005741e6a1,깡깡돈,음식,응암골골목형상점가,골목형상점가,서울특별시,,,
81165f679a3db8ca9cae,full_annotation_v1,A,q_운동_13,운돈,문화·여가 중 '운동'을 판매·제공하는 매장,val,운동,T6 기계변형,06a9d0d7-98d4-46de-ba60-78844e443b35,올나잇 피트니스 주식회사,피트니스,부평테마의거리 골목형 상점가,골목형상점가,인천광역시,,,
3d4f68712072a92773ce,full_annotation_v1,A,q_운동_13,운돈,문화·여가 중 '운동'을 판매·제공하는 매장,val,운동,T6 기계변형,509da1fa-8074-4dbb-a79f-4816d5c390c2,미지상회,신발,남광주시장,전통시장,,,,
7a50281a4f73e564b568,full_annotation_v1,A,q_운동_13,운돈,문화·여가 중 '운동'을 판매·제공하는 매장,val,운동,T6 기계변형,81b86215-8078-4a41-b091-50ac697d4682,명돈,,라베니체 골목형상점가,골목형상점가,경기도,,,
2f057b3d2b75a1170039,full_annotation_v1,A,q_운동_13,운돈,문화·여가 중 '운동'을 판매·제공하는 매장,val,운동,T6 기계변형,0080a859-c5d8-4b43-b14c-d5eb844118a0,헬스맨헬스걸,헬스장,비래동골목형상점가,골목형상점가,대전광역시,,,
83bcb10914fba100c1af,full_annotation_v1,A,q_운동_13,운돈,문화·여가 중 '운동'을 판매·제공하는 매장,val,운동,T6 기계변형,b7b97b1e-1cfd-4ad7-801c-3a9197466546,수문돈,,수문통 골목형상점가,골목형상점가,인천광역시,,,
0ab3d151f5d9eb6fc070,full_annotation_v1,A,q_운동_13,운돈,문화·여가 중 '운동'을 판매·제공하는 매장,val,운동,T6 기계변형,b5587ae0-49b6-45d3-9e75-652b1497a903,에덴식당,한식,고분다리시장,전통시장,서울특별시,,,
963fbd41f546a4964ff7,full_annotation_v1,A,q_운동_13,운돈,문화·여가 중 '운동'을 판매·제공하는 매장,val,운동,T6 기계변형,fd9e7445-99da-412b-83aa-975b14cf82ba,제황돈,,봉리단길 맛거리,골목형상점가,대구광역시,,,
3e6c21a18c39fe2d663b,full_annotation_v1,A,q_운동_13,운돈,문화·여가 중 '운동'을 판매·제공하는 매장,val,운동,T6 기계변형,70fb9688-80ad-4884-ac37-20e318ab9e2d,웰돈,고기,귀인동먹거리촌 골목형상점가,골목형상점가,경기도,,,
24d6100762c4a98a803e,full_annotation_v1,A,q_운동_13,운돈,문화·여가 중 '운동'을 판매·제공하는 매장,val,운동,T6 기계변형,00f8d2a4-8e38-485b-a09e-280a1aa0c326,라인엑스피티스튜디오,"헬스, PT",수지성복플러스 골목형상점가,골목형상점가,경기도,,,
d70dc5838bc43ac83255,full_annotation_v1,A,q_운동_13,운돈,문화·여가 중 '운동'을 판매·제공하는 매장,val,운동,T6 기계변형,1d8dc790-27e8-46c3-90f3-2935e96581e6,가마돈,한식,효자동4동 후곡길 골목형상점가,골목형상점가,전북특별자치도,,,
1472db13f6b8ec825c7e,full_annotation_v1,A,q_운동_13,운돈,문화·여가 중 '운동'을 판매·제공하는 매장,val,운동,T6 기계변형,043352b6-8b22-4c64-bd25-04efaeab0251,오구돈,,현대시장,전통시장,대구광역시,,,
401e7c8f946f7467cf76,full_annotation_v1,A,q_운동_13,운돈,문화·여가 중 '운동'을 판매·제공하는 매장,val,운동,T6 기계변형,c5d0e7be-2ce5-4d76-bbd4-43db4fac9262,운탄,,집현동 골목형상점가,골목형상점가,세종특별자치시,,,
7a2bf0411a2c5ca5c885,full_annotation_v1,A,q_운동_13,운돈,문화·여가 중 '운동'을 판매·제공하는 매장,val,운동,T6 기계변형,85703a84-bf39-444d-a57a-7c522ccaf112,황재돈,한식,외도4 골목형상점가,골목형상점가,제주특별자치도,,,
e172d3cc55b2a5c3f077,full_annotation_v1,A,q_운동_13,운돈,문화·여가 중 '운동'을 판매·제공하는 매장,val,운동,T6 기계변형,07466d2d-51a2-4c17-8dcf-1af1bfb6f868,금강랜드로바 원주점,운동화가죽신발등산용품,원주중앙로문화의거리,자율상권구역,강원특별자치도,,,
881c080c3886ab435555,full_annotation_v1,A,q_운동_13,운돈,문화·여가 중 '운동'을 판매·제공하는 매장,val,운동,T6 기계변형,01a5e178-ba34-4e15-ac4d-07a398900593,가자점핑다이어트클럽,"점핑, 요가",문흥2동 골목형상점가,골목형상점가,광주광역시,,,
5aa62d9917334c1965b8,full_annotation_v1,A,q_운동_13,운돈,문화·여가 중 '운동'을 판매·제공하는 매장,val,운동,T6 기계변형,06f75bcb-8c04-46f9-9315-b56a3f1d7a63,스윙&플라멩고,운동복,대현프리몰 대구점,일반지하상점가,대구광역시,,,
8664725e2e8801a9f3d2,full_annotation_v1,A,q_운동_13,운돈,문화·여가 중 '운동'을 판매·제공하는 매장,val,운동,T6 기계변형,64df8284-2b46-4dab-b676-550d9faffee5,석돈,한식,두산동밤마실거리 골목형상점가,골목형상점가,대구광역시,,,
16da1be29d602e5d6a2d,full_annotation_v1,A,q_운동_13,운돈,문화·여가 중 '운동'을 판매·제공하는 매장,val,운동,T6 기계변형,b66fef9d-0850-458a-b1fb-67f89885bf11,꽃돈,한식,수완나들목 골목형상점가,골목형상점가,광주광역시,,,
fc1b00961aebff5555ca,full_annotation_v1,A,q_운동_13,운돈,문화·여가 중 '운동'을 판매·제공하는 매장,val,운동,T6 기계변형,418d49c5-a0e9-42ed-835b-050154151913,소판돈,,해오름 골목형상점가,골목형상점가,경기도,,,
ca42743bfec413ef4e7a,full_annotation_v1,A,q_운동_13,운돈,문화·여가 중 '운동'을 판매·제공하는 매장,val,운동,T6 기계변형,00172c94-61f0-4197-afeb-d7e8187c79b5,옷이예쁘다,의류,메트로센터(반월당지하쇼핑),일반지하상점가,대구광역시,,,
e98e83b33cd43a5fff77,full_annotation_v1,A,q_운동_13,운돈,문화·여가 중 '운동'을 판매·제공하는 매장,val,운동,T6 기계변형,0041f699-c619-48b9-b3a9-814af9905c66,GB트레이닝센터,운동,일곡동(제5지역:제1근린공원 건너편),골목형상점가,광주광역시,,,
bdd59a293e1c9d10c3a7,full_annotation_v1,A,q_운동_13,운돈,문화·여가 중 '운동'을 판매·제공하는 매장,val,운동,T6 기계변형,b91a0802-fe1a-48f5-9620-d0fb9cac42b7,아빠돈,,회기랑길골목형상점가,골목형상점가,서울특별시,,,
012534b29f5c20aa428c,full_annotation_v1,A,q_운동_13,운돈,문화·여가 중 '운동'을 판매·제공하는 매장,val,운동,T6 기계변형,2b65e725-a5c8-4358-a76e-7471ab798d30,청송상회,의류,정읍샘고을시장,전통시장,전북특별자치도,,,
3c565eb8ccc3d126d224,full_annotation_v1,A,q_운동_13,운돈,문화·여가 중 '운동'을 판매·제공하는 매장,val,운동,T6 기계변형,36f4d9e2-889a-4168-b518-51e2ddf773df,킴스휘트니스클리닉,피트니스,아름동상점가,자율상권구역,세종특별자치시,,,
909c47225f7ce889d860,full_annotation_v1,A,q_운동_13,운돈,문화·여가 중 '운동'을 판매·제공하는 매장,val,운동,T6 기계변형,0a7de62f-b294-412c-b700-0642397eca30,다이나핏 김포장기점,"스포츠 의류, 용품",김포장기패션아울렛,골목형상점가,경기도,,,
75eb0e9ef2dfc24837de,full_annotation_v1,A,q_운동_13,운돈,문화·여가 중 '운동'을 판매·제공하는 매장,val,운동,T6 기계변형,00c4a045-8aa5-4995-8313-806b7fcab6ff,남스짐천왕점 헬스PT,,천왕마을 골목형상점가,골목형상점가,서울특별시,,,
f6c621bfc0d2cd8011e9,full_annotation_v1,A,q_운동_13,운돈,문화·여가 중 '운동'을 판매·제공하는 매장,val,운동,T6 기계변형,0066174b-64aa-428a-b8d6-f9bae4107429,크로스핏 엘리트짐,기능성운동,노은역 골목형상점가,골목형상점가,대전광역시,,,
0a2dac143390536234a5,full_annotation_v1,A,q_운동_13,운돈,문화·여가 중 '운동'을 판매·제공하는 매장,val,운동,T6 기계변형,6fe35e72-807a-4d46-9160-8ba53ffc048b,연탄돈,,신중동문화거리상점가,자율상권구역,경기도,,,
91dd843b30ebcdd8e07f,full_annotation_v1,A,q_운동_13,운돈,문화·여가 중 '운동'을 판매·제공하는 매장,val,운동,T6 기계변형,0151b1ea-e648-438b-83b0-efcf6f387e9b,크로스핏 터,운동 서비스,열매 골목형상점가,골목형상점가,대전광역시,,,
4b0cb9eab9ec6ce5bcce,full_annotation_v1,A,q_운동_13,운돈,문화·여가 중 '운동'을 판매·제공하는 매장,val,운동,T6 기계변형,9fa38e3e-2d73-4e6f-88c3-8ce061208fff,뒷돈,한식,구즉 골목형상점가,골목형상점가,대전광역시,,,
0628b88d35b1d30e6161,full_annotation_v1,A,q_운동_13,운돈,문화·여가 중 '운동'을 판매·제공하는 매장,val,운동,T6 기계변형,451b80c7-a9d5-4d14-97a0-b006e586c91b,늘돈,,송월동 택지 골목형상점가,골목형상점가,,,,
fd4b5c46a6871755b912,full_annotation_v1,A,q_운동_13,운돈,문화·여가 중 '운동'을 판매·제공하는 매장,val,운동,T6 기계변형,003adf4b-eb63-4fd3-92d3-e139c6f1c22d,새롬필라테스,필라테스,새롬동 골목형상점가,골목형상점가,세종특별자치시,,,
883c284c726404688ca1,full_annotation_v1,A,q_운동_13,운돈,문화·여가 중 '운동'을 판매·제공하는 매장,val,운동,T6 기계변형,35f62c74-3304-4a6c-a21f-28b253239019,하이무브 피트니스,피트니스 센터,산본로데오거리(구 산본중심상가),자율상권구역,경기도,,,
2795b9e383cc5815d2b8,full_annotation_v1,A,q_운동_13,운돈,문화·여가 중 '운동'을 판매·제공하는 매장,val,운동,T6 기계변형,5fa525a7-7b77-4837-a462-b9dd4a4e093b,조아수산,수산물,영일대북부시장(구 북부시장),전통시장,경상북도,,,
e8b993ac8f164787b698,full_annotation_v1,A,q_운동_13,운돈,문화·여가 중 '운동'을 판매·제공하는 매장,val,운동,T6 기계변형,35eb747e-4655-4d57-9057-bf92a002b86b,희돈,한식,말바우지키미 골목형상점가,골목형상점가,광주광역시,,,
a8d484f0a9853bee3035,full_annotation_v1,A,q_운동_13,운돈,문화·여가 중 '운동'을 판매·제공하는 매장,val,운동,T6 기계변형,7d2d6fa3-bfae-4656-bfc2-12ac1c2acd0f,봄벨르,미용,온수골 골목형상점가,골목형상점가,서울특별시,,,
d0d99b4e98d2dd09d105,full_annotation_v1,A,q_운동_13,운돈,문화·여가 중 '운동'을 판매·제공하는 매장,val,운동,T6 기계변형,3b1b0cfc-249d-4e1e-a119-5ceb23e45999,돌체(DOLCE),카페,시범길 골목형상점가,골목형상점가,경기도,,,
ebeb83e6dfc909977094,full_annotation_v1,A,q_운동_13,운돈,문화·여가 중 '운동'을 판매·제공하는 매장,val,운동,T6 기계변형,83562567-9117-42fe-a5c0-7dc93346abe9,참돈,한식,전남대후문골목형상점가,골목형상점가,광주광역시,,,
23db0a665dbc05f53803,full_annotation_v1,A,q_운동_13,운돈,문화·여가 중 '운동'을 판매·제공하는 매장,val,운동,T6 기계변형,b3651c96-3146-4a16-88ca-5c95eb26f325,돈n돈,한식,두산동밤마실거리 골목형상점가,골목형상점가,대구광역시,,,
64472f006ae9e6f54115,full_annotation_v1,A,q_운동_13,운돈,문화·여가 중 '운동'을 판매·제공하는 매장,val,운동,T6 기계변형,d3aec7a1-3530-4f5b-b878-d2229af6457e,일품돈,한식,사당1동 먹자골목 상점가,자율상권구역,서울특별시,,,
6edc22d90f7a16382c3d,full_annotation_v1,A,q_운동_13,운돈,문화·여가 중 '운동'을 판매·제공하는 매장,val,운동,T6 기계변형,00a3eb8f-b86a-4b8c-933c-ffaee551fdba,신시아 필라테스,필라테스 센터,겸재한신길 골목형상점가,골목형상점가,서울특별시,,,
e5e0846cca0cbf550b0e,full_annotation_v1,A,q_운동_13,운돈,문화·여가 중 '운동'을 판매·제공하는 매장,val,운동,T6 기계변형,00158f51-4d3a-4ac0-9e38-b37552f5e097,지지배,의류,나주금빛상점가,자율상권구역,전라남도,,,
0aef2e7d76eb73395af6,full_annotation_v1,A,q_운동_13,운돈,문화·여가 중 '운동'을 판매·제공하는 매장,val,운동,T6 기계변형,48ec2024-ee31-4ae0-bb8f-2126c5bfaa61,하다피트니스,피트니스,과천새서울프라자시장,전통시장,경기도,,,
dd9b717c62b618d83c47,full_annotation_v1,A,q_운동_13,운돈,문화·여가 중 '운동'을 판매·제공하는 매장,val,운동,T6 기계변형,020180c1-e676-4f99-84db-9b56504222f2,아름드리 필라테스&PT,필라테스요가바레필라테스,아름드리 골목형상점가,골목형상점가,세종특별자치시,,,
92be3c28cd125220f6c7,full_annotation_v1,A,q_운동_13,운돈,문화·여가 중 '운동'을 판매·제공하는 매장,val,운동,T6 기계변형,018b2dd0-5613-482c-b714-e30dcfa584fd,씨엘 필라테스 안산고잔점,필라테스,도리섬상점가,자율상권구역,경기도,,,
0760b55a0861fa7dec55,full_annotation_v1,A,q_운동_13,운돈,문화·여가 중 '운동'을 판매·제공하는 매장,val,운동,T6 기계변형,0214eb76-f204-4d4f-9645-f0444d2c5f33,베이글짐,헬스장,도담동 골목형상점가,골목형상점가,세종특별자치시,,,
b660948a31b89e886ff8,full_annotation_v1,A,q_운동_13,운돈,문화·여가 중 '운동'을 판매·제공하는 매장,val,운동,T6 기계변형,272d884f-d267-483f-aced-e0be2c8329c4,칼돈,,발섬 골목형상점가,골목형상점가,,,,
a7ec3f27870674569441,full_annotation_v1,A,q_운동_13,운돈,문화·여가 중 '운동'을 판매·제공하는 매장,val,운동,T6 기계변형,520aadba-9a97-498f-9ab9-2c507f176c5a,해돈,한식,단양팔경 골목형상점가,골목형상점가,충청북도,,,
b680caed4a86bb248863,full_annotation_v1,A,q_운동_13,운돈,문화·여가 중 '운동'을 판매·제공하는 매장,val,운동,T6 기계변형,87b80160-9ae3-4873-a7e6-741cc3ff468f,맛돈,,풍암호수앞상인회 골목형상점가,골목형상점가,,,,
5b82c9d89d58be1a9680,full_annotation_v1,A,q_운동_13,운돈,문화·여가 중 '운동'을 판매·제공하는 매장,val,운동,T6 기계변형,ff49a016-1748-4c1e-a003-0f2d9e2fa423,파돈,한식,덕풍전통시장,전통시장,경기도,,,
ae7953bbee0c4f1f96a1,full_annotation_v1,A,q_운동_13,운돈,문화·여가 중 '운동'을 판매·제공하는 매장,val,운동,T6 기계변형,7341f9fb-bb31-4677-b92a-6cb259d42750,윤돈,일식,뚝섬역상점가(서울숲상원길상점가),자율상권구역,서울특별시,,,
ba9d1d027c5283129471,full_annotation_v1,A,q_운동_13,운돈,문화·여가 중 '운동'을 판매·제공하는 매장,val,운동,T6 기계변형,3e880803-c30a-4ed3-a0bc-36cfba2551fc,웅진건강원,가공식품,공주산성시장,전통시장,충청남도,,,
c7f6760e4ad943153f87,full_annotation_v1,A,q_운동_13,운돈,문화·여가 중 '운동'을 판매·제공하는 매장,val,운동,T6 기계변형,68ae9999-dc42-469f-b7fd-f9e23eafd3f2,숯돈,한식,양산동 골목형상점가,골목형상점가,광주광역시,,,
6016f4ba24225c114e58,full_annotation_v1,A,q_운동_13,운돈,문화·여가 중 '운동'을 판매·제공하는 매장,val,운동,T6 기계변형,e3a690d3-744b-4d58-aa98-8eb0bbaaccc2,동홍돈,한식,동홍8번가 골목형상점가,골목형상점가,제주특별자치도,,,
f404270d11ad343a3fec,full_annotation_v1,A,q_운동_13,운돈,문화·여가 중 '운동'을 판매·제공하는 매장,val,운동,T6 기계변형,08b1f940-607a-421e-ab5f-c27d5e9a75a5,투다리직산점,일반음식점,직산읍삼은1번가골목형상점가,골목형상점가,충청남도,,,
d3523a0f85ac4b79f554,full_annotation_v1,A,q_운동_13,운돈,문화·여가 중 '운동'을 판매·제공하는 매장,val,운동,T6 기계변형,07d89ce7-de40-4795-a10b-414cc1e269ef,매곡 천부경 명상센터,"명상수련, 요가",매곡동 골목형상점가,골목형상점가,광주광역시,,,
76767c63ec46c483a3e5,full_annotation_v1,A,q_운동_13,운돈,문화·여가 중 '운동'을 판매·제공하는 매장,val,운동,T6 기계변형,bb59be78-09a9-4c26-b8b7-e68d8d6a41e5,이담돈,,봉리단길 맛거리,골목형상점가,대구광역시,,,
7c1d28b8eb66c7264d70,full_annotation_v1,A,q_운동_13,운돈,문화·여가 중 '운동'을 판매·제공하는 매장,val,운동,T6 기계변형,eeb5bba1-1828-48d9-a382-7254587534e5,맨즈헤어남성컷트,,매곡신천 골목형상점가,골목형상점가,울산광역시,,,
b7fb1ce86e2dfc851ea3,full_annotation_v1,A,q_운동_13,운돈,문화·여가 중 '운동'을 판매·제공하는 매장,val,운동,T6 기계변형,09815d92-d0f0-4c87-b4fa-1194f86c53c0,유성프로스펙스,"스포츠의류, 용품",장대동패션상가 골목형상점가,골목형상점가,대전광역시,,,
c6ef448789a5a961fee6,full_annotation_v1,A,q_운동_13,운돈,문화·여가 중 '운동'을 판매·제공하는 매장,val,운동,T6 기계변형,008fbd3f-35b4-431f-8ba5-fc8bcfe4bf83,제이에스피트니스,헬스,동림1 골목형상점가,골목형상점가,광주광역시,,,
8c9240c39d64247f703a,full_annotation_v1,A,q_운동_13,운돈,문화·여가 중 '운동'을 판매·제공하는 매장,val,운동,T6 기계변형,e06d6eba-0fad-41c7-8a03-25285bdf9131,족돈,음식점,방학동도깨비시장,전통시장,서울특별시,,,
cc9658d6aff854aa7a07,full_annotation_v1,A,q_운동_13,운돈,문화·여가 중 '운동'을 판매·제공하는 매장,val,운동,T6 기계변형,e0e734e7-131b-4c2e-9e42-5f8f235a6193,우리고추방앗간,"고추, 참기름, 담배",대명시장,전통시장,대구광역시,,,
4d344045d6704c90ba81,full_annotation_v1,A,q_운동_13,운돈,문화·여가 중 '운동'을 판매·제공하는 매장,val,운동,T6 기계변형,be86c313-a130-4505-ad26-345c01591f4c,남천돈,한식,남천바다내음 골목형상점가,골목형상점가,부산광역시,,,
092b0954ca10f0e40081,full_annotation_v1,A,q_운동_13,운돈,문화·여가 중 '운동'을 판매·제공하는 매장,val,운동,T6 기계변형,fe5d221a-543b-4357-81cc-82d4ef58808c,인생짬뽕,짜장면짬뽕탕수육,화곡본동시장,전통시장,서울특별시,,,
a91b0b292f69bba5fc5f,full_annotation_v1,A,q_운동_13,운돈,문화·여가 중 '운동'을 판매·제공하는 매장,val,운동,T6 기계변형,00a27d0e-2216-4ff5-94fe-7acd76db3da3,짐자반 헬스 PT 하남시청역점,"헬스장 회원권, 개인레슨",덕풍전통시장,전통시장,경기도,,,
feb2ae875b8a55edac2a,full_annotation_v1,A,q_운동_13,운돈,문화·여가 중 '운동'을 판매·제공하는 매장,val,운동,T6 기계변형,b2359bfb-a889-44c7-9817-c9ed75494eb8,세자책돈,한식,마산 오동동상인연합상가,자율상권구역,경상남도,,,
85708ae52c48a8bd7b24,full_annotation_v1,A,q_운동_13,운돈,문화·여가 중 '운동'을 판매·제공하는 매장,val,운동,T6 기계변형,000a92b3-0b5e-429e-af00-f86e3570e24b,클로버,의류,관문상가시장,전통시장,대구광역시,,,
16fc79aeabada8426f91,full_annotation_v1,A,q_운동_13,운돈,문화·여가 중 '운동'을 판매·제공하는 매장,val,운동,T6 기계변형,61d664f7-b1a0-4d83-a296-1d22202f0509,돈,한식,오류골먹자골목 골목형상점가,골목형상점가,서울특별시,,,
edb49a8e83ab31ba80b8,full_annotation_v1,A,q_운동_13,운돈,문화·여가 중 '운동'을 판매·제공하는 매장,val,운동,T6 기계변형,1cd9f111-ca9e-4396-911d-38370b02c077,마로니에국밥,한식,순천대1번상가,자율상권구역,전라남도,,,
92cc2d77f45ef0d63173,full_annotation_v1,A,q_운동_13,운돈,문화·여가 중 '운동'을 판매·제공하는 매장,val,운동,T6 기계변형,00054f1d-4cae-4345-9975-1423bc49e4dc,착한아이들,의류,중앙전통시장,전통시장,울산광역시,,,
62897db0bc72640d9d39,full_annotation_v1,A,q_운동_13,운돈,문화·여가 중 '운동'을 판매·제공하는 매장,val,운동,T6 기계변형,00124602-ef4e-472c-91ee-de53b28d7530,화이트,의류,울산번개시장,전통시장,울산광역시,,,
3976f775e2e9c81ae4ee,full_annotation_v1,A,q_운동_13,운돈,문화·여가 중 '운동'을 판매·제공하는 매장,val,운동,T6 기계변형,56669276-7bbc-47fd-b9fc-e0b21a5701c9,뀨돈,,구례5일시장,전통시장,,,,
289dc2105d183392ab19,full_annotation_v1,A,q_운동_13,운돈,문화·여가 중 '운동'을 판매·제공하는 매장,val,운동,T6 기계변형,040428ab-1a04-452f-8b35-c7c3c993cad8,누아요가,요가,현대센트럴스퀘어,골목형상점가,경기도,,,
0f6ab051250499e5e30f,full_annotation_v1,A,q_운동_13,운돈,문화·여가 중 '운동'을 판매·제공하는 매장,val,운동,T6 기계변형,a46345d5-4310-4a8a-8397-95be6195519e,선봉모바일9호점&전자담배,통신기기,온수골 골목형상점가,골목형상점가,서울특별시,,,
983c3a12eb77e41f837c,full_annotation_v1,A,q_운동_13,운돈,문화·여가 중 '운동'을 판매·제공하는 매장,val,운동,T6 기계변형,8d0f4323-2560-4d71-b220-75a339721aba,남영사,의류,서문시장 제5지구,전통시장,대구광역시,,,
2315c9f5ad946a848cff,full_annotation_v1,A,q_운동_13,운돈,문화·여가 중 '운동'을 판매·제공하는 매장,val,운동,T6 기계변형,08de408a-f260-4467-b375-768cbd50e14d,본소마메드짐 재활운동&PT,운동,용강동상점가,자율상권구역,서울특별시,,,
0542026142b4edde7af1,full_annotation_v1,A,q_운동_13,운돈,문화·여가 중 '운동'을 판매·제공하는 매장,val,운동,T6 기계변형,37565c99-967f-47ab-88b6-ee401ae4e219,동창상회,건어물,남포동건어물도매시장,전통시장,부산광역시,,,
59939757d1a40ac7dcdb,full_annotation_v1,A,q_운동_13,운돈,문화·여가 중 '운동'을 판매·제공하는 매장,val,운동,T6 기계변형,8d433e2d-b9b3-4d99-9c16-6378a331d4a7,점봉돈,한식,점봉동상점가,자율상권구역,경기도,,,
83e8b2393e830e2ef749,full_annotation_v1,A,q_운동_13,운돈,문화·여가 중 '운동'을 판매·제공하는 매장,val,운동,T6 기계변형,2fc6e982-375a-45f4-ac3d-0ad6078fafa1,찐돈,한식,민락2지구골목형상점가,골목형상점가,경기도,,,
fc2a99208da411c995c2,full_annotation_v1,A,q_운동_13,운돈,문화·여가 중 '운동'을 판매·제공하는 매장,val,운동,T6 기계변형,21bfd845-8c16-4b67-809f-81a3833826c0,케이폴앤댄스,피트니스,남양역골로상점가,골목형상점가,경기도,,,
1f25b2dedd21d190f30a,full_annotation_v1,A,q_운동_13,운돈,문화·여가 중 '운동'을 판매·제공하는 매장,val,운동,T6 기계변형,08bf522e-2d12-4ba2-95aa-344e372f90d7,수지패션,운동용품,원조낙지골목상점가,자율상권구역,전라남도,,,
b6aa27ed3a4afa2de8a8,full_annotation_v1,A,q_운동_13,운돈,문화·여가 중 '운동'을 판매·제공하는 매장,val,운동,T6 기계변형,92aab854-9e8e-43b8-b92c-e10ccc24ab15,면돈,한식,진해중앙시장,전통시장,경상남도,,,
279ab6c1d3f8a40432a6,full_annotation_v1,A,q_운동_13,운돈,문화·여가 중 '운동'을 판매·제공하는 매장,val,운동,T6 기계변형,033d99e2-0579-45d7-9d48-d999b90dd98a,M필라테스&요가,"필라테스, 요가",조종시장,전통시장,경기도,,,
49070e36054b2625d326,full_annotation_v1,A,q_운동_14,운동추천,문화·여가 중 '운동'을 판매·제공하는 매장,val,운동,T6 기계변형,84fd1a71-a539-4d50-aa08-a420005c509d,리음 필라테스,운동,행복로골목형상점가,골목형상점가,경기도,,,
221747042685ee96a317,full_annotation_v1,A,q_운동_14,운동추천,문화·여가 중 '운동'을 판매·제공하는 매장,val,운동,T6 기계변형,17b33cea-f2a9-40b8-b31e-38c307a054ef,위글 필라테스,운동,야탑 골목형상점가,골목형상점가,경기도,,,
1bdda86e84b4d3dc4850,full_annotation_v1,A,q_운동_14,운동추천,문화·여가 중 '운동'을 판매·제공하는 매장,val,운동,T6 기계변형,06a9d0d7-98d4-46de-ba60-78844e443b35,올나잇 피트니스 주식회사,피트니스,부평테마의거리 골목형 상점가,골목형상점가,인천광역시,,,
94f31d09db6dc9fc1b70,full_annotation_v1,A,q_운동_14,운동추천,문화·여가 중 '운동'을 판매·제공하는 매장,val,운동,T6 기계변형,408b864c-09d7-43db-917c-32078ba2fb3f,오성체육관,운동,용산교 골목형상점가,골목형상점가,광주광역시,,,
5ece4b1bfd5476a4ff3e,full_annotation_v1,A,q_운동_14,운동추천,문화·여가 중 '운동'을 판매·제공하는 매장,val,운동,T6 기계변형,00f8d2a4-8e38-485b-a09e-280a1aa0c326,라인엑스피티스튜디오,"헬스, PT",수지성복플러스 골목형상점가,골목형상점가,경기도,,,
f155f8c264f000ee510f,full_annotation_v1,A,q_운동_14,운동추천,문화·여가 중 '운동'을 판매·제공하는 매장,val,운동,T6 기계변형,00172c94-61f0-4197-afeb-d7e8187c79b5,옷이예쁘다,의류,메트로센터(반월당지하쇼핑),일반지하상점가,대구광역시,,,
9ae1f8a3bef3f3eb4580,full_annotation_v1,A,q_운동_14,운동추천,문화·여가 중 '운동'을 판매·제공하는 매장,val,운동,T6 기계변형,b74258f9-11a1-4e0a-ac7f-994d15eea852,제우스당구장,당구장,가양역사거리골목형상점가,골목형상점가,서울특별시,,,
9acc62608700a3020678,full_annotation_v1,A,q_운동_14,운동추천,문화·여가 중 '운동'을 판매·제공하는 매장,val,운동,T6 기계변형,35f62c74-3304-4a6c-a21f-28b253239019,하이무브 피트니스,피트니스 센터,산본로데오거리(구 산본중심상가),자율상권구역,경기도,,,
d84ad2536a27ed538e41,full_annotation_v1,A,q_운동_14,운동추천,문화·여가 중 '운동'을 판매·제공하는 매장,val,운동,T6 기계변형,7ad6a030-9a35-408e-8aef-a8e77ad08ea7,운동화 그라제 세탁,운동화 세탁,신가동 골목형상점가,골목형상점가,광주광역시,,,
5a8dd8dd7a734fcd435b,full_annotation_v1,A,q_운동_14,운동추천,문화·여가 중 '운동'을 판매·제공하는 매장,val,운동,T6 기계변형,8d09192f-da3a-48d0-bb79-22e72d71a149,대구재료사,귀금속,대구패션주얼리특구,자율상권구역,대구광역시,,,
c9db9fd33e709be11c06,full_annotation_v1,A,q_운동_14,운동추천,문화·여가 중 '운동'을 판매·제공하는 매장,val,운동,T6 기계변형,06f75bcb-8c04-46f9-9315-b56a3f1d7a63,스윙&플라멩고,운동복,대현프리몰 대구점,일반지하상점가,대구광역시,,,
85704b2069d3e667024c,full_annotation_v1,A,q_운동_14,운동추천,문화·여가 중 '운동'을 판매·제공하는 매장,val,운동,T6 기계변형,7f8eca8d-cf1d-42f7-bcfc-f67bcdd3d263,봉남수산,수산물,평택통복시장,전통시장,경기도,,,
f713af7c43fa86cf2d7b,full_annotation_v1,A,q_운동_14,운동추천,문화·여가 중 '운동'을 판매·제공하는 매장,val,운동,T6 기계변형,6cf83595-97f8-416f-af1e-6c8131d8db01,버너스,운동,신봉하나로 골목형상점가,골목형상점가,경기도,,,
b192bca52883788467c2,full_annotation_v1,A,q_운동_14,운동추천,문화·여가 중 '운동'을 판매·제공하는 매장,val,운동,T6 기계변형,b764fea2-6d47-4814-a61f-2450c6e7e032,위플복싱짐,운동,신탄진시장,전통시장,대전광역시,,,
ad8b75389f8a0c545822,full_annotation_v1,A,q_운동_14,운동추천,문화·여가 중 '운동'을 판매·제공하는 매장,val,운동,T6 기계변형,f0de6273-4750-40a2-8185-5365be2c2250,모어요가,운동,금호1동상가번영회 골목형상점가,골목형상점가,광주광역시,,,
02a0e786af5feb64e322,full_annotation_v1,A,q_운동_14,운동추천,문화·여가 중 '운동'을 판매·제공하는 매장,val,운동,T6 기계변형,020180c1-e676-4f99-84db-9b56504222f2,아름드리 필라테스&PT,필라테스요가바레필라테스,아름드리 골목형상점가,골목형상점가,세종특별자치시,,,
3da75f82f3d131da41cc,full_annotation_v1,A,q_운동_14,운동추천,문화·여가 중 '운동'을 판매·제공하는 매장,val,운동,T6 기계변형,236ec2d1-59cb-41ed-b062-a37d908e5a82,코리가든,화초 및 식물,광안리SUP샤카,골목형상점가,부산광역시,,,
b92c04a4d9f5749b5dd6,full_annotation_v1,A,q_운동_14,운동추천,문화·여가 중 '운동'을 판매·제공하는 매장,val,운동,T6 기계변형,53915de0-af75-4966-9447-932610d8c72a,투썸플레이스 강서등촌한빛점,카페,가양역사거리골목형상점가,골목형상점가,서울특별시,,,
217e4633c5de4566a0d4,full_annotation_v1,A,q_운동_14,운동추천,문화·여가 중 '운동'을 판매·제공하는 매장,val,운동,T6 기계변형,0066174b-64aa-428a-b8d6-f9bae4107429,크로스핏 엘리트짐,기능성운동,노은역 골목형상점가,골목형상점가,대전광역시,,,
56833884fdc894f64d19,full_annotation_v1,A,q_운동_14,운동추천,문화·여가 중 '운동'을 판매·제공하는 매장,val,운동,T6 기계변형,0a7de62f-b294-412c-b700-0642397eca30,다이나핏 김포장기점,"스포츠 의류, 용품",김포장기패션아울렛,골목형상점가,경기도,,,
d61d5c017ba5ff7ba848,full_annotation_v1,A,q_운동_14,운동추천,문화·여가 중 '운동'을 판매·제공하는 매장,val,운동,T6 기계변형,edc9b085-2bbe-44a6-b495-03fd87f34879,스마일필라테스,운동,효천로 골목형상점가,골목형상점가,광주광역시,,,
8b952ea9d59bad6cf6a4,full_annotation_v1,A,q_운동_14,운동추천,문화·여가 중 '운동'을 판매·제공하는 매장,val,운동,T6 기계변형,0080a859-c5d8-4b43-b14c-d5eb844118a0,헬스맨헬스걸,헬스장,비래동골목형상점가,골목형상점가,대전광역시,,,
ebe838d053b9cc76224f,full_annotation_v1,A,q_운동_14,운동추천,문화·여가 중 '운동'을 판매·제공하는 매장,val,운동,T6 기계변형,00124602-ef4e-472c-91ee-de53b28d7530,화이트,의류,울산번개시장,전통시장,울산광역시,,,
e7913579eb63e665ddb1,full_annotation_v1,A,q_운동_14,운동추천,문화·여가 중 '운동'을 판매·제공하는 매장,val,운동,T6 기계변형,dbc51991-7d10-434a-80ab-1a3ffc3e2b8d,무브3o1,운동수업,옥정한길프라자상점가,골목형상점가,경기도,,,
c60f5338b0db37a43742,full_annotation_v1,A,q_운동_14,운동추천,문화·여가 중 '운동'을 판매·제공하는 매장,val,운동,T6 기계변형,040428ab-1a04-452f-8b35-c7c3c993cad8,누아요가,요가,현대센트럴스퀘어,골목형상점가,경기도,,,
1541f448c3b32f965bb4,full_annotation_v1,A,q_운동_14,운동추천,문화·여가 중 '운동'을 판매·제공하는 매장,val,운동,T6 기계변형,df2c9837-be1a-48ac-b9fe-8bcf4e995d40,"요가,하다",운동,신가동 골목형상점가,골목형상점가,광주광역시,,,
0227b9a94b5645ce48c5,full_annotation_v1,A,q_운동_14,운동추천,문화·여가 중 '운동'을 판매·제공하는 매장,val,운동,T6 기계변형,08bf522e-2d12-4ba2-95aa-344e372f90d7,수지패션,운동용품,원조낙지골목상점가,자율상권구역,전라남도,,,
a0187036b825ea343c69,full_annotation_v1,A,q_운동_14,운동추천,문화·여가 중 '운동'을 판매·제공하는 매장,val,운동,T6 기계변형,28a66bf2-5b05-4c54-bd55-cc1004530355,김정희필라테스,운동,장자호수공원 골목형상점가,골목형상점가,경기도,,,
cf0c0e3ef75856af23b8,full_annotation_v1,A,q_운동_14,운동추천,문화·여가 중 '운동'을 판매·제공하는 매장,val,운동,T6 기계변형,5149b3c5-9cc8-45d2-95ba-c9afcd71e1d1,올바른핏,운동,더센트럴 골목형상점가,골목형상점가,세종특별자치시,,,
3c27af9e9f2469b48bbe,full_annotation_v1,A,q_운동_14,운동추천,문화·여가 중 '운동'을 판매·제공하는 매장,val,운동,T6 기계변형,008fbd3f-35b4-431f-8ba5-fc8bcfe4bf83,제이에스피트니스,헬스,동림1 골목형상점가,골목형상점가,광주광역시,,,
dd7b45a7a0ec820d95d7,full_annotation_v1,A,q_운동_14,운동추천,문화·여가 중 '운동'을 판매·제공하는 매장,val,운동,T6 기계변형,df44e9d5-b31a-41a9-bc6a-e0c570f3a971,유광상사,건어물,중부건어물 골목형상점가,골목형상점가,대전광역시,,,
d077042230966efaa412,full_annotation_v1,A,q_운동_14,운동추천,문화·여가 중 '운동'을 판매·제공하는 매장,val,운동,T6 기계변형,ea7f6728-6fb8-43a7-9ec3-b4105f9f9235,이루다태권도,운동,용산지구 골목형상점가,골목형상점가,광주광역시,,,
9e2735682cb47a165690,full_annotation_v1,A,q_운동_14,운동추천,문화·여가 중 '운동'을 판매·제공하는 매장,val,운동,T6 기계변형,000a92b3-0b5e-429e-af00-f86e3570e24b,클로버,의류,관문상가시장,전통시장,대구광역시,,,
d20e21bd7ef92216e0b7,full_annotation_v1,A,q_운동_14,운동추천,문화·여가 중 '운동'을 판매·제공하는 매장,val,운동,T6 기계변형,6b74a996-79c8-48fa-aed5-3719e3e54d96,운동화2500,운동화 세탁,양산동 골목형상점가,골목형상점가,광주광역시,,,
f9c93125ed0c2a9ee038,full_annotation_v1,A,q_운동_14,운동추천,문화·여가 중 '운동'을 판매·제공하는 매장,val,운동,T6 기계변형,385fa53f-32c7-4dc4-8d6f-9c696331e0c4,뉴온리짐,운동가입,태능엔터피아,전통시장,서울특별시,,,
c7eea2cfe89918e68333,full_annotation_v1,A,q_운동_14,운동추천,문화·여가 중 '운동'을 판매·제공하는 매장,val,운동,T6 기계변형,bfa30d0f-05a8-4939-b01b-1ee120837936,운동화목욕한날,운동화세탁,용운시장,전통시장,대전광역시,,,
99c3f056b283b59bfd66,full_annotation_v1,A,q_운동_14,운동추천,문화·여가 중 '운동'을 판매·제공하는 매장,val,운동,T6 기계변형,d0618406-e4d3-4ad7-8b48-42dd46fa6184,오스타짐,운동,능동상가,자율상권구역,경기도,,,
054ac3d1c18296de4a77,full_annotation_v1,A,q_운동_14,운동추천,문화·여가 중 '운동'을 판매·제공하는 매장,val,운동,T6 기계변형,fd60de7e-7487-4fff-a95f-5c1a0a4c4933,필라테스워밍,운동,으뜸 효동 골목형상점가,골목형상점가,광주광역시,,,
a4962526e11d904b6ae1,full_annotation_v1,A,q_운동_14,운동추천,문화·여가 중 '운동'을 판매·제공하는 매장,val,운동,T6 기계변형,8c8a95d2-0bb5-437e-8aac-f2361635c054,BLC 밸러스 운동센터,운동지도,신가동 골목형상점가,골목형상점가,광주광역시,,,
cb403f72cf013aebfaa5,full_annotation_v1,A,q_운동_14,운동추천,문화·여가 중 '운동'을 판매·제공하는 매장,val,운동,T6 기계변형,018b2dd0-5613-482c-b714-e30dcfa584fd,씨엘 필라테스 안산고잔점,필라테스,도리섬상점가,자율상권구역,경기도,,,
de61c2e274322a002c42,full_annotation_v1,A,q_운동_14,운동추천,문화·여가 중 '운동'을 판매·제공하는 매장,val,운동,T6 기계변형,5e8ff657-8e8b-4fad-a2ff-72355cd9f65f,맛남식품,농산물,두암시장,전통시장,광주광역시,,,
a5345bb4cdf28dc9182b,full_annotation_v1,A,q_운동_14,운동추천,문화·여가 중 '운동'을 판매·제공하는 매장,val,운동,T6 기계변형,36f4d9e2-889a-4168-b518-51e2ddf773df,킴스휘트니스클리닉,피트니스,아름동상점가,자율상권구역,세종특별자치시,,,
d89e77bbf039f9092691,full_annotation_v1,A,q_운동_14,운동추천,문화·여가 중 '운동'을 판매·제공하는 매장,val,운동,T6 기계변형,b6b338ce-2a96-44d5-8f1d-a07ffd0b6f03,리햅운동치료연구소,운동상담지도및연구,별양동상점가,자율상권구역,경기도,,,
a6022f47395eea9bdfd1,full_annotation_v1,A,q_운동_14,운동추천,문화·여가 중 '운동'을 판매·제공하는 매장,val,운동,T6 기계변형,0214eb76-f204-4d4f-9645-f0444d2c5f33,베이글짐,헬스장,도담동 골목형상점가,골목형상점가,세종특별자치시,,,
605815c9c78d53cf2f9b,full_annotation_v1,A,q_운동_14,운동추천,문화·여가 중 '운동'을 판매·제공하는 매장,val,운동,T6 기계변형,b9bb7b7e-74d7-4728-8258-77bfd9402dd9,명동침장,이불,부평종합시장,전통시장,인천광역시,,,
fc47c8bf99210d70b5ff,full_annotation_v1,A,q_운동_14,운동추천,문화·여가 중 '운동'을 판매·제공하는 매장,val,운동,T6 기계변형,30d893c7-1110-4850-bec8-b09ad8dba62c,학무검도관,운동,루원음식문화거리,골목형상점가,인천광역시,,,
897ea69b4e44abbc8c48,full_annotation_v1,A,q_운동_14,운동추천,문화·여가 중 '운동'을 판매·제공하는 매장,val,운동,T6 기계변형,48ec2024-ee31-4ae0-bb8f-2126c5bfaa61,하다피트니스,피트니스,과천새서울프라자시장,전통시장,경기도,,,
a801eda04d78d2cb4b83,full_annotation_v1,A,q_운동_14,운동추천,문화·여가 중 '운동'을 판매·제공하는 매장,val,운동,T6 기계변형,961acb4c-97d0-4882-911f-2582b5126f5d,운동화빠는날,세탁,조암시장,전통시장,경기도,,,
1b132f2b561528e827af,full_annotation_v1,A,q_운동_14,운동추천,문화·여가 중 '운동'을 판매·제공하는 매장,val,운동,T6 기계변형,48c541cc-9af3-45a8-ac99-91bf37c1de37,나무휘트니스,운동,양산길 골목형상점가,골목형상점가,광주광역시,,,
c5ec4124d22e647755d3,full_annotation_v1,A,q_운동_14,운동추천,문화·여가 중 '운동'을 판매·제공하는 매장,val,운동,T6 기계변형,ecaa389d-be82-4903-a754-35399b13ea9b,운동다짐,운동강습,주월장산 골목형상점가,골목형상점가,광주광역시,,,
a5607157db3f2eb6e3a5,full_annotation_v1,A,q_운동_14,운동추천,문화·여가 중 '운동'을 판매·제공하는 매장,val,운동,T6 기계변형,ac6cd3f3-972f-4b2d-9186-c55e4f213297,더블유핏,운동,동천동먹자골목1번가상인회 골목형상점가,골목형상점가,광주광역시,,,
2458051dfbf51c77be2b,full_annotation_v1,A,q_운동_14,운동추천,문화·여가 중 '운동'을 판매·제공하는 매장,val,운동,T6 기계변형,00054f1d-4cae-4345-9975-1423bc49e4dc,착한아이들,의류,중앙전통시장,전통시장,울산광역시,,,
072e77919a3c7311a63e,full_annotation_v1,A,q_운동_14,운동추천,문화·여가 중 '운동'을 판매·제공하는 매장,val,운동,T6 기계변형,e20d3a17-04e8-433a-bd00-128fead1ab96,우수한 운동 습관 PT,,열매 골목형상점가,골목형상점가,대전광역시,,,
d52ec66b32a90f5c1172,full_annotation_v1,A,q_운동_14,운동추천,문화·여가 중 '운동'을 판매·제공하는 매장,val,운동,T6 기계변형,f5315563-b55b-46e3-aab3-845ee2223ff1,운동화손세탁,운동화세탁,상대원1동 해피마을 골목형상점가,골목형상점가,경기도,,,
225d04ac54bffcf9a38b,full_annotation_v1,A,q_운동_14,운동추천,문화·여가 중 '운동'을 판매·제공하는 매장,val,운동,T6 기계변형,00158f51-4d3a-4ac0-9e38-b37552f5e097,지지배,의류,나주금빛상점가,자율상권구역,전라남도,,,
40614ee76d79f4dfd021,full_annotation_v1,A,q_운동_14,운동추천,문화·여가 중 '운동'을 판매·제공하는 매장,val,운동,T6 기계변형,cfc05de2-f51d-4294-a550-94e81d0a0529,제주사랑운동센터메디짐,운동,노형1 골목형상점가,골목형상점가,제주특별자치도,,,
ea42394ecd44960d8954,full_annotation_v1,A,q_운동_14,운동추천,문화·여가 중 '운동'을 판매·제공하는 매장,val,운동,T6 기계변형,f04157a3-e9f6-46a8-84da-ef59172d82a0,컴포즈커피 광안점,커피,광안리SUP샤카,골목형상점가,부산광역시,,,
972fdea1f7cc77f3786f,full_annotation_v1,A,q_운동_14,운동추천,문화·여가 중 '운동'을 판매·제공하는 매장,val,운동,T6 기계변형,851a4f65-37e5-4e33-a0a2-3fbceafd5503,산본경희한의원,의료서비스,산본로데오거리(구 산본중심상가),자율상권구역,경기도,,,
166d575213a450d03f3c,full_annotation_v1,A,q_운동_14,운동추천,문화·여가 중 '운동'을 판매·제공하는 매장,val,운동,T6 기계변형,abe34899-dbe6-4db2-8ece-c9082a9d8dae,데이지 운동센터,운동 서비스,운수대통 골목형상점가,골목형상점가,광주광역시,,,
4d6a553bf7fcf087e7fd,full_annotation_v1,A,q_운동_14,운동추천,문화·여가 중 '운동'을 판매·제공하는 매장,val,운동,T6 기계변형,81155419-03f7-4f67-b5e7-18a00285c5eb,철원금거래소,귀금속,동송전통시장,전통시장,강원특별자치도,,,
f36c97a0f00c35d1a623,full_annotation_v1,A,q_운동_14,운동추천,문화·여가 중 '운동'을 판매·제공하는 매장,val,운동,T6 기계변형,bed93294-daab-4758-8022-a4a4b57a41ed,커먼프라자,의류,황지자유시장,전통시장,강원특별자치도,,,
f5680288d4bfdec3bcc6,full_annotation_v1,A,q_운동_14,운동추천,문화·여가 중 '운동'을 판매·제공하는 매장,val,운동,T6 기계변형,09815d92-d0f0-4c87-b4fa-1194f86c53c0,유성프로스펙스,"스포츠의류, 용품",장대동패션상가 골목형상점가,골목형상점가,대전광역시,,,
28fbb31288e3bd95fab5,full_annotation_v1,A,q_운동_14,운동추천,문화·여가 중 '운동'을 판매·제공하는 매장,val,운동,T6 기계변형,21bfd845-8c16-4b67-809f-81a3833826c0,케이폴앤댄스,피트니스,남양역골로상점가,골목형상점가,경기도,,,
7e2c79551fbd107ceab6,full_annotation_v1,A,q_운동_14,운동추천,문화·여가 중 '운동'을 판매·제공하는 매장,val,운동,T6 기계변형,00c4a045-8aa5-4995-8313-806b7fcab6ff,남스짐천왕점 헬스PT,,천왕마을 골목형상점가,골목형상점가,서울특별시,,,
ed718f1336ad6e265621,full_annotation_v1,A,q_운동_14,운동추천,문화·여가 중 '운동'을 판매·제공하는 매장,val,운동,T6 기계변형,0151b1ea-e648-438b-83b0-efcf6f387e9b,크로스핏 터,운동 서비스,열매 골목형상점가,골목형상점가,대전광역시,,,
3b524770a1949cff283f,full_annotation_v1,A,q_운동_14,운동추천,문화·여가 중 '운동'을 판매·제공하는 매장,val,운동,T6 기계변형,033d99e2-0579-45d7-9d48-d999b90dd98a,M필라테스&요가,"필라테스, 요가",조종시장,전통시장,경기도,,,
3fe318feba375c62561e,full_annotation_v1,A,q_운동_14,운동추천,문화·여가 중 '운동'을 판매·제공하는 매장,val,운동,T6 기계변형,00a27d0e-2216-4ff5-94fe-7acd76db3da3,짐자반 헬스 PT 하남시청역점,"헬스장 회원권, 개인레슨",덕풍전통시장,전통시장,경기도,,,
39fd644fde6d3c6456e4,full_annotation_v1,A,q_운동_14,운동추천,문화·여가 중 '운동'을 판매·제공하는 매장,val,운동,T6 기계변형,61a90062-be05-4c34-b3b7-c227b4587843,고유스튜디오,운동,빛가람 호수로 골목형상점가,골목형상점가,전라남도,,,
6638287383d5f9da1398,full_annotation_v1,A,q_운동_14,운동추천,문화·여가 중 '운동'을 판매·제공하는 매장,val,운동,T6 기계변형,695a4781-bea7-4967-aa60-9508c1d6f994,강호체육관,운동,운암 서영 골목형상점가,골목형상점가,광주광역시,,,
c637b141eca4041bb315,full_annotation_v1,A,q_운동_14,운동추천,문화·여가 중 '운동'을 판매·제공하는 매장,val,운동,T6 기계변형,07d89ce7-de40-4795-a10b-414cc1e269ef,매곡 천부경 명상센터,"명상수련, 요가",매곡동 골목형상점가,골목형상점가,광주광역시,,,
7ac5b37790de046e5873,full_annotation_v1,A,q_운동_14,운동추천,문화·여가 중 '운동'을 판매·제공하는 매장,val,운동,T6 기계변형,003adf4b-eb63-4fd3-92d3-e139c6f1c22d,새롬필라테스,필라테스,새롬동 골목형상점가,골목형상점가,세종특별자치시,,,
1824b50408881d9a2db2,full_annotation_v1,A,q_운동_14,운동추천,문화·여가 중 '운동'을 판매·제공하는 매장,val,운동,T6 기계변형,c8425b70-29b0-434e-b6f5-2213019547df,아란체육관,운동,본촌진아 골목형상점가,골목형상점가,광주광역시,,,
909ae04d209318efa618,full_annotation_v1,A,q_운동_14,운동추천,문화·여가 중 '운동'을 판매·제공하는 매장,val,운동,T6 기계변형,7de4b7e1-d646-4455-a41f-cb42c132cfdf,청정웰빙,한식,마산 수남상가,전통시장,경상남도,,,
0a4c2b810d4308426ccf,full_annotation_v1,A,q_운동_14,운동추천,문화·여가 중 '운동'을 판매·제공하는 매장,val,운동,T6 기계변형,80c4738a-934b-4b41-9de9-a82a5967a614,천외천,한식,상봉먹자골목형상점가,골목형상점가,서울특별시,,,
b00ac0b64baf18252c13,full_annotation_v1,A,q_운동_14,운동추천,문화·여가 중 '운동'을 판매·제공하는 매장,val,운동,T6 기계변형,01a5e178-ba34-4e15-ac4d-07a398900593,가자점핑다이어트클럽,"점핑, 요가",문흥2동 골목형상점가,골목형상점가,광주광역시,,,
8802f6ec15e63e94f7aa,full_annotation_v1,A,q_운동_14,운동추천,문화·여가 중 '운동'을 판매·제공하는 매장,val,운동,T6 기계변형,26372bea-cfb3-4cf8-a735-a137cc7bf94f,이모네,,영월서부공설시장,전통시장,강원특별자치도,,,
b42ac4f8d574193584e5,full_annotation_v1,A,q_운동_14,운동추천,문화·여가 중 '운동'을 판매·제공하는 매장,val,운동,T6 기계변형,b8076d60-5eee-4b06-8183-8820f49aaa33,동명카츠 해남점,돈가스,해남읍 원도심 상권활성화구역,상권활성화구역,전라남도,,,
82159c959527a9897783,full_annotation_v1,A,q_운동_14,운동추천,문화·여가 중 '운동'을 판매·제공하는 매장,val,운동,T6 기계변형,0041f699-c619-48b9-b3a9-814af9905c66,GB트레이닝센터,운동,일곡동(제5지역:제1근린공원 건너편),골목형상점가,광주광역시,,,
ead411e2bf14c6d00899,full_annotation_v1,A,q_운동_14,운동추천,문화·여가 중 '운동'을 판매·제공하는 매장,val,운동,T6 기계변형,bd924176-579d-4afc-868a-3da60224b8fe,홀리스틱바디워크,운동레슨,약수시장골목형상점가,골목형상점가,서울특별시,,,
2343eb058927b5106346,full_annotation_v1,A,q_운동_14,운동추천,문화·여가 중 '운동'을 판매·제공하는 매장,val,운동,T6 기계변형,2cb321d2-24e7-41f7-8e2f-7643eb70ce42,파워존 대전,운동,궁동 골목형상점가,골목형상점가,대전광역시,,,
dbfc4af6b185cfa9ab34,full_annotation_v1,A,q_운동_14,운동추천,문화·여가 중 '운동'을 판매·제공하는 매장,val,운동,T6 기계변형,d7dbae22-5d61-4ab7-81ca-b39b9d163604,잔 필라테스,운동,쌍리단길상점가,자율상권구역,서울특별시,,,
d049fe363302f15876b1,full_annotation_v1,A,q_운동_14,운동추천,문화·여가 중 '운동'을 판매·제공하는 매장,val,운동,T6 기계변형,246c859f-de6a-46c6-8ba7-dd9a2d5a34c7,운동화 2500,운동화,봉선1로37번길 골목형상점가,골목형상점가,광주광역시,,,
e20350e604db592c7731,full_annotation_v1,A,q_운동_14,운동추천,문화·여가 중 '운동'을 판매·제공하는 매장,val,운동,T6 기계변형,07466d2d-51a2-4c17-8dcf-1af1bfb6f868,금강랜드로바 원주점,운동화가죽신발등산용품,원주중앙로문화의거리,자율상권구역,강원특별자치도,,,
b98b6a6bc6f63edb6402,full_annotation_v1,A,q_운동_14,운동추천,문화·여가 중 '운동'을 판매·제공하는 매장,val,운동,T6 기계변형,a49b2212-4418-45f7-9d0b-a0dfb325dd60,폴링인점핑,운동,노량진만나로골목형상점가,골목형상점가,서울특별시,,,
96ae89a316d073719600,full_annotation_v1,A,q_운동_14,운동추천,문화·여가 중 '운동'을 판매·제공하는 매장,val,운동,T6 기계변형,b0f831be-8ec7-4169-85c5-0ad6c28f11a5,뉴욕필라테스,운동,월산4동 골목형상점가,골목형상점가,광주광역시,,,
6c3a19937ed85dd19613,full_annotation_v1,A,q_운동_14,운동추천,문화·여가 중 '운동'을 판매·제공하는 매장,val,운동,T6 기계변형,181cb40f-c154-461b-ba63-cb02fd0ab9df,의성마늘상회,소매(마늘),장위전통시장,전통시장,서울특별시,,,
3dd1063549e5585f3210,full_annotation_v1,A,q_운동_14,운동추천,문화·여가 중 '운동'을 판매·제공하는 매장,val,운동,T6 기계변형,5f412983-9139-4acd-8060-4d1cfd41fac1,운동화손세탁이불,세탁,둔전골목형상점가,골목형상점가,경기도,,,
fa8f05c9e1b1208675ad,full_annotation_v1,A,q_운동_14,운동추천,문화·여가 중 '운동'을 판매·제공하는 매장,val,운동,T6 기계변형,00a3eb8f-b86a-4b8c-933c-ffaee551fdba,신시아 필라테스,필라테스 센터,겸재한신길 골목형상점가,골목형상점가,서울특별시,,,
c1580f72a79ee1aba60b,full_annotation_v1,A,q_운동_14,운동추천,문화·여가 중 '운동'을 판매·제공하는 매장,val,운동,T6 기계변형,08de408a-f260-4467-b375-768cbd50e14d,본소마메드짐 재활운동&PT,운동,용강동상점가,자율상권구역,서울특별시,,,
eb4e48dc85d8e1e9d663,full_annotation_v1,A,q_원단_01,원단,패션·잡화 중 '원단'을 판매·제공하는 매장,val,원단,T1 정확표기,1f1d2597-84ee-412e-96a3-244e28eed088,대경직물,원단,광장시장,전통시장,서울특별시,,,
da7b0d22c0b4308aa147,full_annotation_v1,A,q_원단_01,원단,패션·잡화 중 '원단'을 판매·제공하는 매장,val,원단,T1 정확표기,92a64eb6-ff63-4cc4-a129-6ff06a094dca,경남,원단,부산진시장,전통시장,부산광역시,,,
69e778f9a88efa59be30,full_annotation_v1,A,q_원단_01,원단,패션·잡화 중 '원단'을 판매·제공하는 매장,val,원단,T1 정확표기,bd9ecdf4-0551-4dba-8df0-3b94d2962ddf,유연데코,원단,수원영동시장,전통시장,경기도,,,
540f21bb2c4b78e9e1ea,full_annotation_v1,A,q_원단_01,원단,패션·잡화 중 '원단'을 판매·제공하는 매장,val,원단,T1 정확표기,505b882d-588d-4e02-83a7-a58fa384c920,승희김밥,"분식, 김밥",안양중앙인정시장,전통시장,경기도,,,
6fcbd43a7bfbde503078,full_annotation_v1,A,q_원단_01,원단,패션·잡화 중 '원단'을 판매·제공하는 매장,val,원단,T1 정확표기,b91f14c0-b651-453f-a366-0e47829f6aa1,경진상회,원단,서문시장2지구 종합상가,전통시장,대구광역시,,,
814b7314004adb8614a6,full_annotation_v1,A,q_원단_01,원단,패션·잡화 중 '원단'을 판매·제공하는 매장,val,원단,T1 정확표기,23335dd4-5ebe-4c53-9de2-e4ad75c223d3,동우상회,원단,서문시장2지구 종합상가,전통시장,대구광역시,,,
6b3958d2c301bfd30032,full_annotation_v1,A,q_원단_01,원단,패션·잡화 중 '원단'을 판매·제공하는 매장,val,원단,T1 정확표기,28aab6db-a567-47d5-8f3d-6c2e6c035340,리나,원단,양동복개상가,전통시장,광주광역시,,,
89576b616bd4b6aec090,full_annotation_v1,A,q_원단_01,원단,패션·잡화 중 '원단'을 판매·제공하는 매장,val,원단,T1 정확표기,eab19b80-11be-4aff-80a4-721557351867,뚱보네수산,생선,평택통복시장,전통시장,경기도,,,
2703839f085a3d79711d,full_annotation_v1,A,q_원단_01,원단,패션·잡화 중 '원단'을 판매·제공하는 매장,val,원단,T1 정확표기,c06e4194-a73f-459c-a8fc-0619bdecd097,김씨천,원단,서문시장2지구 종합상가,전통시장,대구광역시,,,
71954e3f77e939909dab,full_annotation_v1,A,q_원단_01,원단,패션·잡화 중 '원단'을 판매·제공하는 매장,val,원단,T1 정확표기,a4b98615-11ea-4876-a907-6abee5a8f5f7,이화섬유,원단,서문시장2지구 종합상가,전통시장,대구광역시,,,
39c9ca4e9fe50e51e61f,full_annotation_v1,A,q_원단_01,원단,패션·잡화 중 '원단'을 판매·제공하는 매장,val,원단,T1 정확표기,018300e6-a57d-446f-8108-43a2bb89eeeb,수복섬유,원단,서문시장2지구 종합상가,전통시장,대구광역시,,,
a4311853b39d09275867,full_annotation_v1,A,q_원단_01,원단,패션·잡화 중 '원단'을 판매·제공하는 매장,val,원단,T1 정확표기,03963ba8-48e3-4adb-8d97-9fb2b874b0df,신빔,도소매(화섬직물),광장시장,전통시장,서울특별시,,,
ccdd485fefd1000e86d2,full_annotation_v1,A,q_원단_01,원단,패션·잡화 중 '원단'을 판매·제공하는 매장,val,원단,T1 정확표기,290f73cf-e027-4799-b800-6f6e2c74ed09,다울,"소매업(의류,잡화)",금촌문화로시장,전통시장,경기도,,,
8ccb0204f3d9cbaf93e8,full_annotation_v1,A,q_원단_01,원단,패션·잡화 중 '원단'을 판매·제공하는 매장,val,원단,T1 정확표기,3a293a05-52e0-474f-bceb-c32afd77b0d6,사임당,원단,양동복개상가,전통시장,광주광역시,,,
42a91617721e78d166b3,full_annotation_v1,A,q_원단_01,원단,패션·잡화 중 '원단'을 판매·제공하는 매장,val,원단,T1 정확표기,01b9277e-13ac-40fe-992d-ec5c1eb69be0,오션직물,원단,종로신진시장,전통시장,서울특별시,,,
4ec95d0dec027eaba887,full_annotation_v1,A,q_원단_01,원단,패션·잡화 중 '원단'을 판매·제공하는 매장,val,원단,T1 정확표기,bc9c75c3-d4de-4839-b9ba-ed816e806733,킹덤노래연습장,노래방,동먹골상가 골목형상점가,골목형상점가,대구광역시,,,
3b982fbd324b1c4e64e5,full_annotation_v1,A,q_원단_01,원단,패션·잡화 중 '원단'을 판매·제공하는 매장,val,원단,T1 정확표기,061414ea-9ec5-47e1-a943-e73f827799fb,현대수예사,옷감직물,중앙신시장,전통시장,경상북도,,,
1293d090a2122a9d899d,full_annotation_v1,A,q_원단_01,원단,패션·잡화 중 '원단'을 판매·제공하는 매장,val,원단,T1 정확표기,f6245669-a32c-4ac4-a156-e81c241aff50,안양사,원단,서문시장2지구 종합상가,전통시장,대구광역시,,,
1e68156500a2b28781c0,full_annotation_v1,A,q_원단_01,원단,패션·잡화 중 '원단'을 판매·제공하는 매장,val,원단,T1 정확표기,572e4e1a-cf5e-4635-a407-6a455cb380c0,한일주단,원단,진주 중앙시장,전통시장,경상남도,,,
83d45e1f045b6cffc337,full_annotation_v1,A,q_원단_01,원단,패션·잡화 중 '원단'을 판매·제공하는 매장,val,원단,T1 정확표기,b0e7ba7b-2a95-452f-a745-af4ab9c9e298,더함,원단,서문시장2지구 종합상가,전통시장,대구광역시,,,
0b19c47f11ee1026569d,full_annotation_v1,A,q_원단_01,원단,패션·잡화 중 '원단'을 판매·제공하는 매장,val,원단,T1 정확표기,87b7fabc-5519-4000-bc7a-cba4a407099a,명신,원단,부산남문시장,전통시장,부산광역시,,,
eb30271d871150492a06,full_annotation_v1,A,q_원단_01,원단,패션·잡화 중 '원단'을 판매·제공하는 매장,val,원단,T1 정확표기,71ea0eb6-6212-4691-9da7-ab404d72615a,조세핀,원단,송강동 골목형상점가,골목형상점가,대전광역시,,,
2f780b7b97e3b48404d5,full_annotation_v1,A,q_원단_01,원단,패션·잡화 중 '원단'을 판매·제공하는 매장,val,원단,T1 정확표기,c3fbaab4-ddec-4a2f-9259-e1dcea7480ca,정직물,원단,동대문종합시장,전통시장,서울특별시,,,
461620b024db5e6c3447,full_annotation_v1,A,q_원단_01,원단,패션·잡화 중 '원단'을 판매·제공하는 매장,val,원단,T1 정확표기,51068173-2835-48a7-97d2-a4246cb5f177,동아직물,원단,대전중앙활성화구역,상권활성화구역,대전광역시,,,
4e6337b38c68c1910121,full_annotation_v1,A,q_원단_01,원단,패션·잡화 중 '원단'을 판매·제공하는 매장,val,원단,T1 정확표기,34b6edf3-6a56-4b58-9f78-ee4b96d8287c,경남상회,원단,부산남문시장,전통시장,부산광역시,,,
f24a136a93858db1e16d,full_annotation_v1,A,q_원단_01,원단,패션·잡화 중 '원단'을 판매·제공하는 매장,val,원단,T1 정확표기,24871cba-d1e4-4e92-a7af-102650cc50dc,성진라사,원단,동대문종합시장,전통시장,서울특별시,,,
f83ca3fb5db68fe9a5a5,full_annotation_v1,A,q_원단_01,원단,패션·잡화 중 '원단'을 판매·제공하는 매장,val,원단,T1 정확표기,ed1d8e56-1395-45e3-9ffe-490a85dca1fa,금호원단,원단,양동복개상가,전통시장,,,,
26ca37012b0d1c631b49,full_annotation_v1,A,q_원단_01,원단,패션·잡화 중 '원단'을 판매·제공하는 매장,val,원단,T1 정확표기,130ab919-ea41-42cd-ba7f-1394b82b4423,진양상회,원단,부산국제시장,전통시장,부산광역시,,,
88fbf491a13a95057b00,full_annotation_v1,A,q_원단_01,원단,패션·잡화 중 '원단'을 판매·제공하는 매장,val,원단,T1 정확표기,1c4836da-3156-49ae-a2ad-73c8dba2e3b6,청춘포차,한식,동먹골상가 골목형상점가,골목형상점가,대구광역시,,,
b86320d4ace9f5451a37,full_annotation_v1,A,q_원단_01,원단,패션·잡화 중 '원단'을 판매·제공하는 매장,val,원단,T1 정확표기,1f69faee-ab0e-4f33-9c0a-028fe79def63,원단방,원단,삼척중앙시장,전통시장,강원특별자치도,,,
3d17d8dcfc153e3aefed,full_annotation_v1,A,q_원단_01,원단,패션·잡화 중 '원단'을 판매·제공하는 매장,val,원단,T1 정확표기,4c179e81-7768-48d1-8341-eca97a23345c,대로짜치,원단,중앙종합시장,전통시장,대전광역시,,,
e0c8bd5613991a5fcb06,full_annotation_v1,A,q_원단_01,원단,패션·잡화 중 '원단'을 판매·제공하는 매장,val,원단,T1 정확표기,e87bdee5-89b1-47aa-85a3-d7d967fb78aa,항도횟집,생선회,서동전통골목시장,전통시장,부산광역시,,,
ffe8b292312708d6f08b,full_annotation_v1,A,q_원단_01,원단,패션·잡화 중 '원단'을 판매·제공하는 매장,val,원단,T1 정확표기,8bc26c77-978b-4889-9d80-a7211d1af412,코렌,원단,동대문종합시장,전통시장,서울특별시,,,
2b8511e9cbe2341711be,full_annotation_v1,A,q_원단_01,원단,패션·잡화 중 '원단'을 판매·제공하는 매장,val,원단,T1 정확표기,00158f51-4d3a-4ac0-9e38-b37552f5e097,지지배,의류,나주금빛상점가,자율상권구역,전라남도,,,
04e868a5cd4d24e3d54c,full_annotation_v1,A,q_원단_01,원단,패션·잡화 중 '원단'을 판매·제공하는 매장,val,원단,T1 정확표기,06e83923-0afa-41f6-b1bd-48286e9206d6,호걸텍스,원단,서문시장2지구 종합상가,전통시장,대구광역시,,,
3276d3de4eca4b12cf2a,full_annotation_v1,A,q_원단_01,원단,패션·잡화 중 '원단'을 판매·제공하는 매장,val,원단,T1 정확표기,9b9e1f53-17c9-4283-9481-9742b4d5f52f,금영Tex,원단,동대문종합시장,전통시장,서울특별시,,,
08a7c5f5a0bd79b240e5,full_annotation_v1,A,q_원단_01,원단,패션·잡화 중 '원단'을 판매·제공하는 매장,val,원단,T1 정확표기,3354839f-a42d-4248-bef3-27e4ab16ca34,미광상회,원단,서문시장2지구 종합상가,전통시장,대구광역시,,,
6747efb6e3ee4b519b25,full_annotation_v1,A,q_원단_01,원단,패션·잡화 중 '원단'을 판매·제공하는 매장,val,원단,T1 정확표기,f022b538-a91b-4f44-b599-7e45fc5b2c65,베리베리,악세서리,소공 지하쇼핑센터,일반지하상점가,서울특별시,,,
b8262b68bed09f55ca42,full_annotation_v1,A,q_원단_01,원단,패션·잡화 중 '원단'을 판매·제공하는 매장,val,원단,T1 정확표기,75be5a6a-22e3-45cf-9292-1e1e1fc2c5f4,코지하우스,원단,서문시장2지구 종합상가,전통시장,대구광역시,,,
746dcce71d9ae183d7c1,full_annotation_v1,A,q_원단_01,원단,패션·잡화 중 '원단'을 판매·제공하는 매장,val,원단,T1 정확표기,bd21afd3-6776-4f90-87e1-4c90b3253411,예원텍스,원단,서문시장2지구 종합상가,전통시장,대구광역시,,,
1bd8f574087799a3182b,full_annotation_v1,A,q_원단_01,원단,패션·잡화 중 '원단'을 판매·제공하는 매장,val,원단,T1 정확표기,9b3e3bd5-1fc0-4046-ba75-1f4f81611f2d,라라,원단,부산진시장,전통시장,부산광역시,,,
48299a3468592caf4ad7,full_annotation_v1,A,q_원단_01,원단,패션·잡화 중 '원단'을 판매·제공하는 매장,val,원단,T1 정확표기,a077727b-6ca3-4790-ae51-f686501227a1,신성사,원단,서문시장2지구 종합상가,전통시장,대구광역시,,,
af3c40792ec3cc0a3a5a,full_annotation_v1,A,q_원단_01,원단,패션·잡화 중 '원단'을 판매·제공하는 매장,val,원단,T1 정확표기,e20e25f2-64e3-4c9c-8c69-115b5f4e1905,풀커피,카페,송림골 골목형상점가,골목형상점가,인천광역시,,,
39443dcbb31a75e6e181,full_annotation_v1,A,q_원단_01,원단,패션·잡화 중 '원단'을 판매·제공하는 매장,val,원단,T1 정확표기,c0139e17-067b-4002-8893-5eb0688fca92,오성사,원단,중앙도매시장,전통시장,대전광역시,,,
447c56ff34a0aae54a0f,full_annotation_v1,A,q_원단_01,원단,패션·잡화 중 '원단'을 판매·제공하는 매장,val,원단,T1 정확표기,00164d94-68f6-45aa-ab32-77c84e80b9eb,B동 3214 동연직물,원단,동대문종합시장,전통시장,서울특별시,,,
6c52a57338aaa842c7e2,full_annotation_v1,A,q_원단_01,원단,패션·잡화 중 '원단'을 판매·제공하는 매장,val,원단,T1 정확표기,2bbdecbd-ebbc-49ac-97ab-86d5bc9ea6ec,청십자치과의원,치과의원,효자천변1길 골목형상점가,골목형상점가,전북특별자치도,,,
168bd02897b6f01a7c41,full_annotation_v1,A,q_원단_01,원단,패션·잡화 중 '원단'을 판매·제공하는 매장,val,원단,T1 정확표기,6df467c1-e338-4b9d-8d18-85f8cb859223,협신상회,원단,광장시장,전통시장,서울특별시,,,
b4a9c3bda875d09e4502,full_annotation_v1,A,q_원단_01,원단,패션·잡화 중 '원단'을 판매·제공하는 매장,val,원단,T1 정확표기,96a4491e-629e-471d-848a-48249513c043,대흥직물,원단,서문시장 제1지구1층(직물시장),전통시장,대구광역시,,,
36dcac9fb1692193cc8d,full_annotation_v1,A,q_원단_01,원단,패션·잡화 중 '원단'을 판매·제공하는 매장,val,원단,T1 정확표기,c0301d13-6e94-4749-b885-24af3a908df0,오성성유,원단,서문시장2지구 종합상가,전통시장,대구광역시,,,
1cd59d0f6c341df8c300,full_annotation_v1,A,q_원단_01,원단,패션·잡화 중 '원단'을 판매·제공하는 매장,val,원단,T1 정확표기,7c52cf80-65a3-49b8-b92c-3e4e4485607d,충남상회,의류,광명전통시장,전통시장,경기도,,,
cc90f7fd5b4bdd3cb97f,full_annotation_v1,A,q_원단_01,원단,패션·잡화 중 '원단'을 판매·제공하는 매장,val,원단,T1 정확표기,fa8b4d5f-2322-4b19-a013-1a4d29e6b30d,영진안감,원단,중앙종합시장,전통시장,대전광역시,,,
87f5153854ba22732b23,full_annotation_v1,A,q_원단_01,원단,패션·잡화 중 '원단'을 판매·제공하는 매장,val,원단,T1 정확표기,9042d981-00cb-4460-b8dd-2431b4684395,하라,원단,서문시장2지구 종합상가,전통시장,대구광역시,,,
352217fd3a30102955e8,full_annotation_v1,A,q_원단_01,원단,패션·잡화 중 '원단'을 판매·제공하는 매장,val,원단,T1 정확표기,00124602-ef4e-472c-91ee-de53b28d7530,화이트,의류,울산번개시장,전통시장,울산광역시,,,
6de385bd7abd90a499a1,full_annotation_v1,A,q_원단_01,원단,패션·잡화 중 '원단'을 판매·제공하는 매장,val,원단,T1 정확표기,ce123b81-d031-4f52-9e48-d423d8f44c1f,연안상회,원단,서문시장2지구 종합상가,전통시장,대구광역시,,,
9a8bcd44fc451ada6e76,full_annotation_v1,A,q_원단_01,원단,패션·잡화 중 '원단'을 판매·제공하는 매장,val,원단,T1 정확표기,005a8567-ac99-4067-a754-596a2050cd4a,동남커텐,"커텐류, 원단",중앙도매시장,전통시장,대전광역시,,,
3d2cd5cb790a9f33531a,full_annotation_v1,A,q_원단_01,원단,패션·잡화 중 '원단'을 판매·제공하는 매장,val,원단,T1 정확표기,0078978d-a0a7-4859-8505-986ab0cfdbf8,연지곤지주단,섬유및직물,㈜여수중앙시장,전통시장,전라남도,,,
e50b55433969f865153c,full_annotation_v1,A,q_원단_01,원단,패션·잡화 중 '원단'을 판매·제공하는 매장,val,원단,T1 정확표기,811129b2-78ef-4658-a5ba-2040ff57acb4,미인도,원단,서문시장 제1지구2층(포목시장),전통시장,대구광역시,,,
53d349167b266b9d07d5,full_annotation_v1,A,q_원단_01,원단,패션·잡화 중 '원단'을 판매·제공하는 매장,val,원단,T1 정확표기,9698d0e0-9690-460b-9195-77149a1ccd07,청사초롱,원단,중앙종합시장,전통시장,대전광역시,,,
3f47089f47470ccef396,full_annotation_v1,A,q_원단_01,원단,패션·잡화 중 '원단'을 판매·제공하는 매장,val,원단,T1 정확표기,96882cd3-f88d-4367-bce5-f9b7742d9938,해광,원단,부산진시장,전통시장,부산광역시,,,
fb4a70b4ca4bfc5ee695,full_annotation_v1,A,q_원단_01,원단,패션·잡화 중 '원단'을 판매·제공하는 매장,val,원단,T1 정확표기,7c9e93ea-959d-4d57-ae95-97fad821f5c0,화목상회,원단,부산진시장,전통시장,부산광역시,,,
a0942d180a482f1d9b99,full_annotation_v1,A,q_원단_01,원단,패션·잡화 중 '원단'을 판매·제공하는 매장,val,원단,T1 정확표기,16757e0d-cb4c-4a61-bb40-4f0bd09c5721,한아름직물,원단,대전중앙활성화구역,상권활성화구역,대전광역시,,,
52b212ead71b804af975,full_annotation_v1,A,q_원단_01,원단,패션·잡화 중 '원단'을 판매·제공하는 매장,val,원단,T1 정확표기,aa870cfd-8eef-44e8-9bcf-7670575ee1c2,형제상회,원단,서문시장2지구 종합상가,전통시장,대구광역시,,,
eadcf520b1fbc5679888,full_annotation_v1,A,q_원단_01,원단,패션·잡화 중 '원단'을 판매·제공하는 매장,val,원단,T1 정확표기,d3ab6dab-a367-4f72-93d8-2f18310e6934,제일지물포,기타지류,보령중앙시장,전통시장,충청남도,,,
a9a394562ab0575f235d,full_annotation_v1,A,q_원단_01,원단,패션·잡화 중 '원단'을 판매·제공하는 매장,val,원단,T1 정확표기,102b86cf-ccfa-4d21-a03c-61f9045650d5,제일직물,원단,광장전통시장,자율상권구역,서울특별시,,,
9628edd82c3f6b6293b0,full_annotation_v1,A,q_원단_01,원단,패션·잡화 중 '원단'을 판매·제공하는 매장,val,원단,T1 정확표기,cf0cc286-0446-4caa-8d74-ddfb379ffc5a,베틀스,원단,서문시장2지구 종합상가,전통시장,대구광역시,,,
64ec77695275f72c6320,full_annotation_v1,A,q_원단_01,원단,패션·잡화 중 '원단'을 판매·제공하는 매장,val,원단,T1 정확표기,267d0b6b-42f0-4673-b1ce-b70d41c00dd8,성주상회,원단,서문시장 제1지구1층(직물시장),전통시장,대구광역시,,,
ff294d9aabc6f565cd15,full_annotation_v1,A,q_원단_01,원단,패션·잡화 중 '원단'을 판매·제공하는 매장,val,원단,T1 정확표기,a7d6e9b5-90d8-4775-9858-618433f1ec98,똘이네,원단,광장시장,전통시장,서울특별시,,,
cf123d4eb0596e560300,full_annotation_v1,A,q_원단_01,원단,패션·잡화 중 '원단'을 판매·제공하는 매장,val,원단,T1 정확표기,00172c94-61f0-4197-afeb-d7e8187c79b5,옷이예쁘다,의류,메트로센터(반월당지하쇼핑),일반지하상점가,대구광역시,,,
3a3b1724733102a7d9ed,full_annotation_v1,A,q_원단_01,원단,패션·잡화 중 '원단'을 판매·제공하는 매장,val,원단,T1 정확표기,da2fc3f0-d258-438d-8411-c93c6e535c4a,영은텍스,원단,서문시장2지구 종합상가,전통시장,대구광역시,,,
e6052c033569a3b92f17,full_annotation_v1,A,q_원단_01,원단,패션·잡화 중 '원단'을 판매·제공하는 매장,val,원단,T1 정확표기,00054f1d-4cae-4345-9975-1423bc49e4dc,착한아이들,의류,중앙전통시장,전통시장,울산광역시,,,
ed8435ccd3f206394c09,full_annotation_v1,A,q_원단_01,원단,패션·잡화 중 '원단'을 판매·제공하는 매장,val,원단,T1 정확표기,b1608798-4a8f-4720-bd53-9af9b4c32e40,다온패브릭,원단,서문시장2지구 종합상가,전통시장,대구광역시,,,
0d172d5afdc90f4f4d91,full_annotation_v1,A,q_원단_01,원단,패션·잡화 중 '원단'을 판매·제공하는 매장,val,원단,T1 정확표기,2252c252-2e38-4a91-ab6e-08224a2704d6,풍남서점(문방사우),"문구, 서적, 교구, 식잡",효자천변1길 골목형상점가,골목형상점가,전북특별자치도,,,
5f1876f6c7844d8512bd,full_annotation_v1,A,q_원단_01,원단,패션·잡화 중 '원단'을 판매·제공하는 매장,val,원단,T1 정확표기,c90bd80e-0f33-4c9e-a862-ba96d91c9c75,루디아원단,원단,서문시장2지구 종합상가,전통시장,대구광역시,,,
500a4462d86cdbc7ca43,full_annotation_v1,A,q_원단_01,원단,패션·잡화 중 '원단'을 판매·제공하는 매장,val,원단,T1 정확표기,4f959827-0a0c-4f09-8035-8f481225a980,화신,원단,부산진시장,전통시장,부산광역시,,,
f213bf926c3fd620176c,full_annotation_v1,A,q_원단_01,원단,패션·잡화 중 '원단'을 판매·제공하는 매장,val,원단,T1 정확표기,068b6320-6452-4ccb-a691-1dc30dc9ecc1,서울직물,원단,중촌동 맞춤거리 상점가,자율상권구역,대전광역시,,,
d5f140898f56e1a1218d,full_annotation_v1,A,q_원단_01,원단,패션·잡화 중 '원단'을 판매·제공하는 매장,val,원단,T1 정확표기,4f813637-e62c-46b1-8bbb-c4be7816c1a4,한빛장식,원단,부산진시장,전통시장,부산광역시,,,
9b7254eee5e999a076b5,full_annotation_v1,A,q_원단_01,원단,패션·잡화 중 '원단'을 판매·제공하는 매장,val,원단,T1 정확표기,12c51fde-623c-48ce-9af6-f2b0c4b9a75e,영동상회,원단,서문시장 제1지구1층(직물시장),전통시장,대구광역시,,,
529bbe74d7f085ad0635,full_annotation_v1,A,q_원단_01,원단,패션·잡화 중 '원단'을 판매·제공하는 매장,val,원단,T1 정확표기,12425d6f-94c2-4dfa-a9fc-0e84ffa51773,삼성택스,원단,서문시장2지구 종합상가,전통시장,대구광역시,,,
da8d9b274c73d0394c90,full_annotation_v1,A,q_원단_01,원단,패션·잡화 중 '원단'을 판매·제공하는 매장,val,원단,T1 정확표기,005caa40-5ecf-48cc-8c50-6b4f07d4cd43,우일상회,직물,신중앙시장,전통시장,대전광역시,,,
210641c25d585976d221,full_annotation_v1,A,q_원단_01,원단,패션·잡화 중 '원단'을 판매·제공하는 매장,val,원단,T1 정확표기,3ef6e876-a323-4663-aeeb-577c4e2181b6,강동상회,원단,서문시장2지구 종합상가,전통시장,대구광역시,,,
1d90ad03740bef48bac6,full_annotation_v1,A,q_원단_01,원단,패션·잡화 중 '원단'을 판매·제공하는 매장,val,원단,T1 정확표기,4705570b-7848-44e7-98ff-2ff02f0aa207,동신,원단,부산남문시장,전통시장,부산광역시,,,
5210ce928147f040b311,full_annotation_v1,A,q_원단_01,원단,패션·잡화 중 '원단'을 판매·제공하는 매장,val,원단,T1 정확표기,f5982714-37a5-466a-b479-de7536113f5b,천구경,원단,서문시장2지구 종합상가,전통시장,대구광역시,,,
abc2d7d1dda458c1731d,full_annotation_v1,A,q_원단_01,원단,패션·잡화 중 '원단'을 판매·제공하는 매장,val,원단,T1 정확표기,c381fbb5-83ab-4ad1-854d-6b696a4781f0,세계직물,원단,동대문종합시장,전통시장,서울특별시,,,
1932495914b41bfc5723,full_annotation_v1,A,q_원단_01,원단,패션·잡화 중 '원단'을 판매·제공하는 매장,val,원단,T1 정확표기,de78ed5d-bc02-4593-a49a-b33f97a2b755,원단스토리,원단,안양중앙인정시장,전통시장,경기도,,,
9eca0c5e0b44f5ecbce7,full_annotation_v1,A,q_원단_01,원단,패션·잡화 중 '원단'을 판매·제공하는 매장,val,원단,T1 정확표기,3119b995-b07f-4d9f-afbe-0ce0e88dee8c,금성상회,원단,서문시장2지구 종합상가,전통시장,대구광역시,,,
578ff28141eb437258ff,full_annotation_v1,A,q_원단_01,원단,패션·잡화 중 '원단'을 판매·제공하는 매장,val,원단,T1 정확표기,b549f9d6-d031-4479-ae7d-e4499b2f5932,본텍스,원단,동대문종합시장,전통시장,서울특별시,,,
00a5e303f972ac1effef,full_annotation_v1,A,q_원단_01,원단,패션·잡화 중 '원단'을 판매·제공하는 매장,val,원단,T1 정확표기,7cee89ba-08c4-4fb2-b749-ab9a2c16e30c,참착한 총각네 축산,축산,송림골 골목형상점가,골목형상점가,인천광역시,,,
759ed231f8f9bc6fba95,full_annotation_v1,A,q_원단_01,원단,패션·잡화 중 '원단'을 판매·제공하는 매장,val,원단,T1 정확표기,ef7f9770-f899-4fa1-b527-51ee13eadd03,더실크,원단,서문시장 제1지구1층(직물시장),전통시장,대구광역시,,,
8be97e63a5665c12e023,full_annotation_v1,A,q_원단_01,원단,패션·잡화 중 '원단'을 판매·제공하는 매장,val,원단,T1 정확표기,ab4b4c54-4a1f-4c3f-8457-c916249717cd,명중원단,원단,중앙도매시장,전통시장,대전광역시,,,
c5ab3bc85712914bacb1,full_annotation_v1,A,q_원단_01,원단,패션·잡화 중 '원단'을 판매·제공하는 매장,val,원단,T1 정확표기,4ff087b9-989f-4db4-b8cb-e9c7597ba8be,토마토,원단,서문시장2지구 종합상가,전통시장,대구광역시,,,
219c58625d63ded6f036,full_annotation_v1,A,q_원단_01,원단,패션·잡화 중 '원단'을 판매·제공하는 매장,val,원단,T1 정확표기,ea369a64-ad4e-4b09-aadd-dae60ca21212,정원,원단,동대문종합시장,전통시장,서울특별시,,,
9c65480acfc78c2a7725,full_annotation_v1,A,q_원단_01,원단,패션·잡화 중 '원단'을 판매·제공하는 매장,val,원단,T1 정확표기,6d02e83e-5e4f-44be-9b69-8409644ddebc,다사랑,원단,동대문종합시장,전통시장,서울특별시,,,
560c970a78eede318fdd,full_annotation_v1,A,q_원단_01,원단,패션·잡화 중 '원단'을 판매·제공하는 매장,val,원단,T1 정확표기,5d1f027a-2d56-43ac-9849-0bcc74430a9e,신명,원단,동대문종합시장,전통시장,서울특별시,,,
4a719e300ffc4fb640ad,full_annotation_v1,A,q_원단_01,원단,패션·잡화 중 '원단'을 판매·제공하는 매장,val,원단,T1 정확표기,005f6593-4efc-412f-a8c3-ba0d222e9239,대동상사,면직물,광장시장,전통시장,서울특별시,,,
449623c5e940439389d2,full_annotation_v1,A,q_원단_01,원단,패션·잡화 중 '원단'을 판매·제공하는 매장,val,원단,T1 정확표기,bd9f2d76-9a4b-4022-ae87-d2ea2d6480d8,예림,원단,광장시장,전통시장,서울특별시,,,
2fb455202578c3ed07ef,full_annotation_v1,A,q_원단_01,원단,패션·잡화 중 '원단'을 판매·제공하는 매장,val,원단,T1 정확표기,33646d67-4cca-43ae-84ad-041f58353a98,보원,원단,부산진시장,전통시장,부산광역시,,,
277e025b9c55f564e1d1,full_annotation_v1,A,q_원단_01,원단,패션·잡화 중 '원단'을 판매·제공하는 매장,val,원단,T1 정확표기,17e5255f-6933-4ae5-8862-632b8b2d51a8,홍성직물,원단,서문시장2지구 종합상가,전통시장,대구광역시,,,
dab2b0c150f40d3054aa,full_annotation_v1,A,q_원단_01,원단,패션·잡화 중 '원단'을 판매·제공하는 매장,val,원단,T1 정확표기,791f06e2-fed4-4f81-9294-2651f0e853cf,우리,원단,동대문종합시장,전통시장,서울특별시,,,
284305c63cf149194d98,full_annotation_v1,A,q_원단_01,원단,패션·잡화 중 '원단'을 판매·제공하는 매장,val,원단,T1 정확표기,91e700c1-19d3-4380-bc59-c80b4f85dc32,에이스,원단,동대문종합시장,전통시장,서울특별시,,,
efd24b45f42272c2e8b7,full_annotation_v1,A,q_원단_01,원단,패션·잡화 중 '원단'을 판매·제공하는 매장,val,원단,T1 정확표기,fba3ab1f-d40d-4f51-8c6c-36d7b3860d93,옥이네,원단,광장시장,전통시장,서울특별시,,,
72037d7d703ca3c24e76,full_annotation_v1,A,q_원단_01,원단,패션·잡화 중 '원단'을 판매·제공하는 매장,val,원단,T1 정확표기,92762222-940c-427b-9f9d-607950ed96bc,천우TEX,원단,서문시장 제1지구1층(직물시장),전통시장,대구광역시,,,
c9a7f877fe9b6dd72550,full_annotation_v1,A,q_원단_01,원단,패션·잡화 중 '원단'을 판매·제공하는 매장,val,원단,T1 정확표기,64c501d5-2ee4-43d5-a792-7b7bc9ab7a15,양호주단,원단,대전정원시장,전통시장,대전광역시,,,
ab5950470c4fc6df2f98,full_annotation_v1,A,q_원단_01,원단,패션·잡화 중 '원단'을 판매·제공하는 매장,val,원단,T1 정확표기,bde25d13-f840-47af-9e71-ec23b7e5c33d,대성정육점,정육,남대문시장,전통시장,서울특별시,,,
861adfa067655206c6e1,full_annotation_v1,A,q_원단_01,원단,패션·잡화 중 '원단'을 판매·제공하는 매장,val,원단,T1 정확표기,02800f15-d433-4e6a-8485-5204a316dfcf,서울원단,원단,서문시장2지구 종합상가,전통시장,대구광역시,,,
54be1b5eb7d2c9495f42,full_annotation_v1,A,q_원단_01,원단,패션·잡화 중 '원단'을 판매·제공하는 매장,val,원단,T1 정확표기,07267c07-b1cd-4cb9-82df-248d2de8a5ae,에스제이텍스,원단,서문시장2지구 종합상가,전통시장,대구광역시,,,
c221abe5eb060801da93,full_annotation_v1,A,q_원단_01,원단,패션·잡화 중 '원단'을 판매·제공하는 매장,val,원단,T1 정확표기,84696937-018b-490d-b9ca-37ecc6a81d44,대광상회,원단,서문시장 제1지구1층(직물시장),전통시장,대구광역시,,,
90ee28eae683dec1695e,full_annotation_v1,A,q_원단_01,원단,패션·잡화 중 '원단'을 판매·제공하는 매장,val,원단,T1 정확표기,85de7f28-14fa-4ad5-95f0-32302f3d027b,경동상회,원단,서문시장2지구 종합상가,전통시장,대구광역시,,,
f4014498de19785933ef,full_annotation_v1,A,q_원단_01,원단,패션·잡화 중 '원단'을 판매·제공하는 매장,val,원단,T1 정확표기,24929d3c-f71f-40ed-852b-14a46ef14a31,대령상사,원단,동대문종합시장,전통시장,서울특별시,,,
df03d74f8bfe58cb41b9,full_annotation_v1,A,q_원단_01,원단,패션·잡화 중 '원단'을 판매·제공하는 매장,val,원단,T1 정확표기,5879e1d3-16e7-4e5d-9382-c3ead6e8fbb8,지웅상회,주방용품,영산포풍물시장,전통시장,전라남도,,,
d1cf016b5792a951c86d,full_annotation_v1,A,q_원단_01,원단,패션·잡화 중 '원단'을 판매·제공하는 매장,val,원단,T1 정확표기,1a6d23da-da54-4672-bb74-7d41f03d82c4,한성상사,건어물,통영중앙전통시장,전통시장,경상남도,,,
13ae3562618f2f01a64b,full_annotation_v1,A,q_원단_01,원단,패션·잡화 중 '원단'을 판매·제공하는 매장,val,원단,T1 정확표기,a8fbc92b-3abb-46f5-82bd-57b59801eb67,삼신상회,원단,부산진시장,전통시장,부산광역시,,,
df8f3b4577a34d5246c3,full_annotation_v1,A,q_원단_01,원단,패션·잡화 중 '원단'을 판매·제공하는 매장,val,원단,T1 정확표기,cca226db-f612-4e7e-bacf-998a985cf24f,원단싸,원단,서문시장2지구 종합상가,전통시장,대구광역시,,,
7bdb9d87eb89c3206c10,full_annotation_v1,A,q_원단_01,원단,패션·잡화 중 '원단'을 판매·제공하는 매장,val,원단,T1 정확표기,29ed5fe9-4061-4198-ab0b-54edef2c738a,대왕상회,원단,중앙종합시장,전통시장,대전광역시,,,
5f1ccd20d7098961c1e8,full_annotation_v1,A,q_원단_01,원단,패션·잡화 중 '원단'을 판매·제공하는 매장,val,원단,T1 정확표기,ceaa9244-8834-4cf2-ad6a-bd1b6c3a5bf2,매일수선,원단,광양매일시장(광양상설시장),전통시장,전라남도,,,
8c123fb3771a7cbddd53,full_annotation_v1,A,q_원단_01,원단,패션·잡화 중 '원단'을 판매·제공하는 매장,val,원단,T1 정확표기,40698a51-5925-430f-b658-a2cd7ff02c43,루디아,원단,신중앙시장,전통시장,대전광역시,,,
562c028f3b1fdf64be0d,full_annotation_v1,A,q_원단_01,원단,패션·잡화 중 '원단'을 판매·제공하는 매장,val,원단,T1 정확표기,34e52766-9f71-46b8-bc26-54d8fc0b4e3f,통일,원단,서문시장 제1지구1층(직물시장),전통시장,대구광역시,,,
377608bdeaa8c3230392,full_annotation_v1,A,q_원단_01,원단,패션·잡화 중 '원단'을 판매·제공하는 매장,val,원단,T1 정확표기,bbfd40aa-e0f3-4cb0-a13b-c5e9c3a732ad,신진상회,원단,서문시장2지구 종합상가,전통시장,대구광역시,,,
be7527a3622b1b477d84,full_annotation_v1,A,q_원단_01,원단,패션·잡화 중 '원단'을 판매·제공하는 매장,val,원단,T1 정확표기,763c1bfd-c797-4da5-aa69-e44030016999,세연,원단,동대문종합시장,전통시장,서울특별시,,,
71a1b34d32f690d2a7a7,full_annotation_v1,A,q_원단_01,원단,패션·잡화 중 '원단'을 판매·제공하는 매장,val,원단,T1 정확표기,f547c286-73a1-40d9-99c3-9a222b89d910,삼영상회,원단,서문시장2지구 종합상가,전통시장,대구광역시,,,
9e27a24d2d1a095313cd,full_annotation_v1,A,q_원단_01,원단,패션·잡화 중 '원단'을 판매·제공하는 매장,val,원단,T1 정확표기,fbdecde4-2ffb-4635-b7c3-4cd4812bbfbb,만아상회,원단,부산진시장,전통시장,부산광역시,,,
4bed8eb0cd1a535d55ea,full_annotation_v1,A,q_원단_01,원단,패션·잡화 중 '원단'을 판매·제공하는 매장,val,원단,T1 정확표기,8aeb82f6-7145-4f66-beb1-7a3ee5a9c8b2,세종견직,원단,서문시장 제1지구1층(직물시장),전통시장,대구광역시,,,
ffeed8d2674ab7f18de5,full_annotation_v1,A,q_원단_01,원단,패션·잡화 중 '원단'을 판매·제공하는 매장,val,원단,T1 정확표기,06e44161-5085-4ae1-8350-93673cfa7541,일광상회,원단,서문시장2지구 종합상가,전통시장,대구광역시,,,
6b3afeb5583cff6a261c,full_annotation_v1,A,q_원단_01,원단,패션·잡화 중 '원단'을 판매·제공하는 매장,val,원단,T1 정확표기,000a92b3-0b5e-429e-af00-f86e3570e24b,클로버,의류,관문상가시장,전통시장,대구광역시,,,
b8f045254ee040d60db6,full_annotation_v1,A,q_원단_01,원단,패션·잡화 중 '원단'을 판매·제공하는 매장,val,원단,T1 정확표기,cc82393e-f83f-4fdc-840b-b0352b547637,남광상회,원단,서문시장 제1지구1층(직물시장),전통시장,대구광역시,,,
fff139fdc783070ad0d1,full_annotation_v1,A,q_원단_01,원단,패션·잡화 중 '원단'을 판매·제공하는 매장,val,원단,T1 정확표기,d88de629-9f22-4dad-9c9d-de397c181541,대풍상회,원단,부산남문시장,전통시장,부산광역시,,,
d67f54604720b3ff7de0,full_annotation_v1,A,q_원단_01,원단,패션·잡화 중 '원단'을 판매·제공하는 매장,val,원단,T1 정확표기,4d1a3ca0-9ba0-418e-8e9b-67658ecafa3a,인천원단,원단,중앙시장,전통시장,인천광역시,,,
fe2824f48bb9146382b8,full_annotation_v1,A,q_원단_01,원단,패션·잡화 중 '원단'을 판매·제공하는 매장,val,원단,T1 정확표기,c3fe3ca1-b976-42d6-80c1-67d245b1a1ee,진텍스,원단,부산진시장,전통시장,부산광역시,,,
b4a14478b49fea59756c,full_annotation_v1,A,q_원단_01,원단,패션·잡화 중 '원단'을 판매·제공하는 매장,val,원단,T1 정확표기,5dad5f60-fc61-4a36-9014-103d9a0c1b94,원텍스,원단,부산진시장,전통시장,부산광역시,,,
721431d1e51bc4c78bc3,full_annotation_v1,A,q_원단_01,원단,패션·잡화 중 '원단'을 판매·제공하는 매장,val,원단,T1 정확표기,ba24ee53-3e43-4579-a22a-59444363dfbb,한결직물,원단,광장시장,전통시장,서울특별시,,,
8b7631246103b01a3364,full_annotation_v1,A,q_원단_01,원단,패션·잡화 중 '원단'을 판매·제공하는 매장,val,원단,T1 정확표기,ec7e2edc-729f-4d05-8893-4f328f2581e0,헬로천,원단,서문시장2지구 종합상가,전통시장,대구광역시,,,
b30abb481e91e83cc136,full_annotation_v1,A,q_원단_02,직물,패션·잡화 중 '원단'을 판매·제공하는 매장,val,원단,T2 동의어,90308fb8-e188-440a-b8a4-793297305533,광명사,직물,광장시장,전통시장,서울특별시,,,
fb4cec4b1b9bd1585640,full_annotation_v1,A,q_원단_02,직물,패션·잡화 중 '원단'을 판매·제공하는 매장,val,원단,T2 동의어,514ad69c-326e-48dd-9781-5fe940917532,삼성직물,직물,부산진시장,전통시장,부산광역시,,,
6730fe0e524d3a4d7498,full_annotation_v1,A,q_원단_02,직물,패션·잡화 중 '원단'을 판매·제공하는 매장,val,원단,T2 동의어,c6762fbc-1bb3-4698-b38f-f18536eccd14,선경(제일)직물,직물,평택통복시장,전통시장,경기도,,,
d11377631e581d100b43,full_annotation_v1,A,q_원단_02,직물,패션·잡화 중 '원단'을 판매·제공하는 매장,val,원단,T2 동의어,92652ea5-cbfb-4348-a7e8-865c14808f49,서문직물,직물,서문시장2지구 종합상가,전통시장,대구광역시,,,
bd1a7ffb88edaaef4a1f,full_annotation_v1,A,q_원단_02,직물,패션·잡화 중 '원단'을 판매·제공하는 매장,val,원단,T2 동의어,03963ba8-48e3-4adb-8d97-9fb2b874b0df,신빔,도소매(화섬직물),광장시장,전통시장,서울특별시,,,
ef962deeb59d30470a8d,full_annotation_v1,A,q_원단_02,직물,패션·잡화 중 '원단'을 판매·제공하는 매장,val,원단,T2 동의어,877bca3a-72e1-43b6-ad2a-2b3e4ce09faf,별천지노래연습장,노래방,구즉 골목형상점가,골목형상점가,대전광역시,,,
ac93b017c306f768ac29,full_annotation_v1,A,q_원단_02,직물,패션·잡화 중 '원단'을 판매·제공하는 매장,val,원단,T2 동의어,534ce3f3-1ca3-4d45-8141-05c71e9f6ab0,여주상회,직물,대림시장,전통시장,서울특별시,,,
889eca3b0fea23a13170,full_annotation_v1,A,q_원단_02,직물,패션·잡화 중 '원단'을 판매·제공하는 매장,val,원단,T2 동의어,8e33aaa8-9438-4384-bb07-1dfefe5e437a,동백상회,직물,천안역전시장(구 천안역공설시장),전통시장,충청남도,,,
0b445e9f724e83c01ff6,full_annotation_v1,A,q_원단_02,직물,패션·잡화 중 '원단'을 판매·제공하는 매장,val,원단,T2 동의어,01b9277e-13ac-40fe-992d-ec5c1eb69be0,오션직물,원단,종로신진시장,전통시장,서울특별시,,,
0ad5ba4b649891b30c6c,full_annotation_v1,A,q_원단_02,직물,패션·잡화 중 '원단'을 판매·제공하는 매장,val,원단,T2 동의어,4c07f209-f5be-4a50-9279-408a220aa0cc,이천상회,직물,광장전통시장,자율상권구역,서울특별시,,,
1ca41999863fa95a150a,full_annotation_v1,A,q_원단_02,직물,패션·잡화 중 '원단'을 판매·제공하는 매장,val,원단,T2 동의어,380e9ee2-39db-4676-b83c-a2f25b21a6f1,비엠비노래연습장,노래연습장,구즉 골목형상점가,골목형상점가,대전광역시,,,
00dabd100802fca854cd,full_annotation_v1,A,q_원단_02,직물,패션·잡화 중 '원단'을 판매·제공하는 매장,val,원단,T2 동의어,4b776890-3034-42e6-85ac-db7dd93f72e6,공식당,한식,종암북바위길골목형상점가,골목형상점가,서울특별시,,,
1484b2917f42e1bde945,full_annotation_v1,A,q_원단_02,직물,패션·잡화 중 '원단'을 판매·제공하는 매장,val,원단,T2 동의어,7e23f5d5-3a3d-4483-b818-6b47116f3fa2,대경지물,직물,덕풍전통시장,전통시장,경기도,,,
6dcfd106ba47a124a2be,full_annotation_v1,A,q_원단_02,직물,패션·잡화 중 '원단'을 판매·제공하는 매장,val,원단,T2 동의어,6fe683f2-8a13-4a6d-aed7-6fb20ddd6981,조흥상사,직물,서문시장2지구 종합상가,전통시장,대구광역시,,,
ccd36df69cab0381fab5,full_annotation_v1,A,q_원단_02,직물,패션·잡화 중 '원단'을 판매·제공하는 매장,val,원단,T2 동의어,3dbfdf2e-fcdc-4fb5-943d-ee6102b805e1,창신직물,직물,서문시장2지구 종합상가,전통시장,대구광역시,,,
f1af428a769a51871d36,full_annotation_v1,A,q_원단_02,직물,패션·잡화 중 '원단'을 판매·제공하는 매장,val,원단,T2 동의어,8e618dc9-e868-4db9-af59-a4edfbc2804e,동방사,직물,부산진시장,전통시장,부산광역시,,,
1de72d556e377eb663e1,full_annotation_v1,A,q_원단_02,직물,패션·잡화 중 '원단'을 판매·제공하는 매장,val,원단,T2 동의어,5890d62f-ff9e-4710-a154-e1a900a62f8c,경주직물,직물,부산진시장,전통시장,부산광역시,,,
1691ed9653713127676e,full_annotation_v1,A,q_원단_02,직물,패션·잡화 중 '원단'을 판매·제공하는 매장,val,원단,T2 동의어,35d56122-1be2-4146-80eb-04c5affcb1e4,대광상회,직물,서문시장2지구 종합상가,전통시장,대구광역시,,,
0c31573fdf8cff985c4a,full_annotation_v1,A,q_원단_02,직물,패션·잡화 중 '원단'을 판매·제공하는 매장,val,원단,T2 동의어,00158f51-4d3a-4ac0-9e38-b37552f5e097,지지배,의류,나주금빛상점가,자율상권구역,전라남도,,,
70360e62a3dc6b5579ff,full_annotation_v1,A,q_원단_02,직물,패션·잡화 중 '원단'을 판매·제공하는 매장,val,원단,T2 동의어,2caf0eba-1f4e-464f-aa7f-1ee0fc29177f,금탑화원,생화,안동중앙문화의거리상점가,자율상권구역,경상북도,,,
112b56a17dde3eb69427,full_annotation_v1,A,q_원단_02,직물,패션·잡화 중 '원단'을 판매·제공하는 매장,val,원단,T2 동의어,0862a071-4b56-4fbf-a8b0-cfea3adf6549,아띠,직물,서문시장2지구 종합상가,전통시장,대구광역시,,,
c83d50bf891ae09ea293,full_annotation_v1,A,q_원단_02,직물,패션·잡화 중 '원단'을 판매·제공하는 매장,val,원단,T2 동의어,b0a666df-3e1f-4c60-96ff-8177e7e0f67e,동백상회,직물,부산진시장,전통시장,부산광역시,,,
804665e6019988d409b0,full_annotation_v1,A,q_원단_02,직물,패션·잡화 중 '원단'을 판매·제공하는 매장,val,원단,T2 동의어,0bd000d1-0aaa-48be-ad3f-530419838b0c,진주상회,직물,부산진시장,전통시장,부산광역시,,,
87648008d72889e57c83,full_annotation_v1,A,q_원단_02,직물,패션·잡화 중 '원단'을 판매·제공하는 매장,val,원단,T2 동의어,72288265-a29e-4ea5-ae8e-f7c57d836163,동우상사,직물,부산진시장,전통시장,부산광역시,,,
851af7d6ae7789719ce4,full_annotation_v1,A,q_원단_02,직물,패션·잡화 중 '원단'을 판매·제공하는 매장,val,원단,T2 동의어,fb2dc1a0-6103-4c87-b2e0-23b63a024620,국일직물,직물,부산진시장,전통시장,부산광역시,,,
fef87ba5a926a48b3e1d,full_annotation_v1,A,q_원단_02,직물,패션·잡화 중 '원단'을 판매·제공하는 매장,val,원단,T2 동의어,31563c83-f77d-46ec-90bf-63ad7b0bdcdb,성림텍스타일,직물,서문시장2지구 종합상가,전통시장,대구광역시,,,
641742b7f7121b8268b6,full_annotation_v1,A,q_원단_02,직물,패션·잡화 중 '원단'을 판매·제공하는 매장,val,원단,T2 동의어,6dffe9a6-8d4c-4859-b39b-b3fa9e04db6f,영진사,직물,신중앙시장,전통시장,대전광역시,,,
87c437130716e6241416,full_annotation_v1,A,q_원단_02,직물,패션·잡화 중 '원단'을 판매·제공하는 매장,val,원단,T2 동의어,0078978d-a0a7-4859-8505-986ab0cfdbf8,연지곤지주단,섬유및직물,㈜여수중앙시장,전통시장,전라남도,,,
f421688ed2251bf67662,full_annotation_v1,A,q_원단_02,직물,패션·잡화 중 '원단'을 판매·제공하는 매장,val,원단,T2 동의어,5e3bbf34-7069-432c-88d3-5d68c2c67ad9,모아안감,직물,충장로45가 상점가,자율상권구역,광주광역시,,,
c22e958127a60a66fb44,full_annotation_v1,A,q_원단_02,직물,패션·잡화 중 '원단'을 판매·제공하는 매장,val,원단,T2 동의어,f60c7b37-7b5f-42a1-a411-05af153fd998,윤성상회,직물,서문시장2지구 종합상가,전통시장,대구광역시,,,
66c1b3be16becd4be31b,full_annotation_v1,A,q_원단_02,직물,패션·잡화 중 '원단'을 판매·제공하는 매장,val,원단,T2 동의어,80dd7de9-0afb-40e6-bdd5-71ce5c22e648,색동상회,직물,서문시장 제1지구1층(직물시장),전통시장,대구광역시,,,
f89091fc69ba3bded18a,full_annotation_v1,A,q_원단_02,직물,패션·잡화 중 '원단'을 판매·제공하는 매장,val,원단,T2 동의어,637503e2-1e53-4d33-8ccf-7ebb7ce8fb2e,삼환직물,"화섬지, 직물",서문시장2지구 종합상가,전통시장,대구광역시,,,
e710998e215a594dfbda,full_annotation_v1,A,q_원단_02,직물,패션·잡화 중 '원단'을 판매·제공하는 매장,val,원단,T2 동의어,ea749fa8-3c90-418c-9f2c-03886b19b3b3,창성아이러브패브릭,직물,서문시장2지구 종합상가,전통시장,대구광역시,,,
e540fcf583f73f5f6a1d,full_annotation_v1,A,q_원단_02,직물,패션·잡화 중 '원단'을 판매·제공하는 매장,val,원단,T2 동의어,4c2d4aa8-08e2-4a89-a639-0f6c69552d3c,세광옥텍스,직물,서문시장2지구 종합상가,전통시장,대구광역시,,,
24aa497b922e965acbf6,full_annotation_v1,A,q_원단_02,직물,패션·잡화 중 '원단'을 판매·제공하는 매장,val,원단,T2 동의어,28565349-00d2-407c-8f93-db89fcd0135e,예지상사,직물,광장시장,전통시장,서울특별시,,,
b42803e70d9f5299be62,full_annotation_v1,A,q_원단_02,직물,패션·잡화 중 '원단'을 판매·제공하는 매장,val,원단,T2 동의어,8d8c5479-7897-4684-a807-24aa62a440da,맥시칸 치킨,통닭,두류젊코상권,상권활성화구역,대구광역시,,,
d1c9efe36f70d8d4bd33,full_annotation_v1,A,q_원단_02,직물,패션·잡화 중 '원단'을 판매·제공하는 매장,val,원단,T2 동의어,00124602-ef4e-472c-91ee-de53b28d7530,화이트,의류,울산번개시장,전통시장,울산광역시,,,
b144a612586a6503a8f3,full_annotation_v1,A,q_원단_02,직물,패션·잡화 중 '원단'을 판매·제공하는 매장,val,원단,T2 동의어,a62bf61d-4a58-48ac-8048-192d87c82dea,민영상사,직물,서문시장 제1지구1층(직물시장),전통시장,대구광역시,,,
725e32e43c8430224eb9,full_annotation_v1,A,q_원단_02,직물,패션·잡화 중 '원단'을 판매·제공하는 매장,val,원단,T2 동의어,e10fac9c-9730-4c43-9d3e-13806bc618e7,고령,직물,부산진시장,전통시장,부산광역시,,,
04e73df040f9a975ca25,full_annotation_v1,A,q_원단_02,직물,패션·잡화 중 '원단'을 판매·제공하는 매장,val,원단,T2 동의어,3dd1413b-2f2b-4e9f-8e10-71e41a34557d,성동라사,직물,부산진시장,전통시장,부산광역시,,,
6181a064ba5c2d6f1ba3,full_annotation_v1,A,q_원단_02,직물,패션·잡화 중 '원단'을 판매·제공하는 매장,val,원단,T2 동의어,7d39cc0b-37b8-4b47-9d0e-872e5afa3be1,다온,직물,서문시장 제1지구1층(직물시장),전통시장,대구광역시,,,
dda19d04a2ffe22b0571,full_annotation_v1,A,q_원단_02,직물,패션·잡화 중 '원단'을 판매·제공하는 매장,val,원단,T2 동의어,34229a44-aa8a-4844-b791-6b610f3a25d7,양재원직물,직물,충장로45가 상점가,자율상권구역,광주광역시,,,
245a33a293fcc0171802,full_annotation_v1,A,q_원단_02,직물,패션·잡화 중 '원단'을 판매·제공하는 매장,val,원단,T2 동의어,00054f1d-4cae-4345-9975-1423bc49e4dc,착한아이들,의류,중앙전통시장,전통시장,울산광역시,,,
a4d8ed269bf88465dc36,full_annotation_v1,A,q_원단_02,직물,패션·잡화 중 '원단'을 판매·제공하는 매장,val,원단,T2 동의어,b16a074b-1f54-4cc3-b9d1-e0a6f6ab6348,정원누비,직물,중앙시장,전통시장,인천광역시,,,
e5dcca8ba9123f22e6ab,full_annotation_v1,A,q_원단_02,직물,패션·잡화 중 '원단'을 판매·제공하는 매장,val,원단,T2 동의어,7ce0754e-4923-46d8-af33-c395c3f8f20c,제일직물,직물,중앙로상점가,자율상권구역,제주특별자치도,,,
c0169afbf1ae34b5c06f,full_annotation_v1,A,q_원단_02,직물,패션·잡화 중 '원단'을 판매·제공하는 매장,val,원단,T2 동의어,a4aa9c38-9df9-4b53-8b5f-0189bd879c48,멕시카나치킨(한화A점),치킨,전방의거리 골목형상점가,골목형상점가,인천광역시,,,
9810f624e72db7ea56fd,full_annotation_v1,A,q_원단_02,직물,패션·잡화 중 '원단'을 판매·제공하는 매장,val,원단,T2 동의어,324c137e-a119-4a68-9f27-a8afa3124474,중앙주단,직물,제천중앙시장,전통시장,충청북도,,,
1d4ffe6e97a93e2b51a4,full_annotation_v1,A,q_원단_02,직물,패션·잡화 중 '원단'을 판매·제공하는 매장,val,원단,T2 동의어,8f0905ab-432a-4248-9252-a350826339f3,대호상사,직물,서문시장2지구 종합상가,전통시장,대구광역시,,,
5a73488596167b8e8e20,full_annotation_v1,A,q_원단_02,직물,패션·잡화 중 '원단'을 판매·제공하는 매장,val,원단,T2 동의어,005a8567-ac99-4067-a754-596a2050cd4a,동남커텐,"커텐류, 원단",중앙도매시장,전통시장,대전광역시,,,
1ef6862538d90a2c8097,full_annotation_v1,A,q_원단_02,직물,패션·잡화 중 '원단'을 판매·제공하는 매장,val,원단,T2 동의어,e0e6aede-50cf-4fd2-8eb9-be218b66d743,호수상회,직물,서문시장2지구 종합상가,전통시장,대구광역시,,,
2a17a9df63179bd4ac7a,full_annotation_v1,A,q_원단_02,직물,패션·잡화 중 '원단'을 판매·제공하는 매장,val,원단,T2 동의어,31398ce0-fae3-46c0-bcd7-310b9ccc9c98,춘천미정닭갈비양평본점,식품,양평물맑은시장,전통시장,경기도,,,
a3b7b5b3677da387a3d1,full_annotation_v1,A,q_원단_02,직물,패션·잡화 중 '원단'을 판매·제공하는 매장,val,원단,T2 동의어,061414ea-9ec5-47e1-a943-e73f827799fb,현대수예사,옷감직물,중앙신시장,전통시장,경상북도,,,
e610d6433142da403583,full_annotation_v1,A,q_원단_02,직물,패션·잡화 중 '원단'을 판매·제공하는 매장,val,원단,T2 동의어,1807d4fa-6c36-41f1-b5ab-18f0d71e36ec,혜인떡집,떡방앗간,산격종합시장,전통시장,대구광역시,,,
0f7474e1f623ede745d8,full_annotation_v1,A,q_원단_02,직물,패션·잡화 중 '원단'을 판매·제공하는 매장,val,원단,T2 동의어,70749c54-6616-4fda-bbc8-62e8b92a840a,김포상회,도소매(곡류),은마종합상점가,자율상권구역,서울특별시,,,
47217e71c7d9dbce6ad2,full_annotation_v1,A,q_원단_02,직물,패션·잡화 중 '원단'을 판매·제공하는 매장,val,원단,T2 동의어,e70cae92-1038-404b-896e-ce2d323e75f3,경화상회,직물,영주골목시장,전통시장,경상북도,,,
1e3698dabbd46c9a2505,full_annotation_v1,A,q_원단_02,직물,패션·잡화 중 '원단'을 판매·제공하는 매장,val,원단,T2 동의어,91e6b2cd-35fc-4e0d-8403-cd03071e8478,조흥상회,직물,서문시장2지구 종합상가,전통시장,대구광역시,,,
7613ae6f2fe825de76fa,full_annotation_v1,A,q_원단_02,직물,패션·잡화 중 '원단'을 판매·제공하는 매장,val,원단,T2 동의어,8daef01e-c6ea-418f-a342-adc4a796c66a,한강원단,직물,천안중앙시장,전통시장,충청남도,,,
d951979f23299fd6fb05,full_annotation_v1,A,q_원단_02,직물,패션·잡화 중 '원단'을 판매·제공하는 매장,val,원단,T2 동의어,849904b4-4f55-4df3-8b36-37a32e5200e3,강창주단,직물,서문시장 제1지구1층(직물시장),전통시장,대구광역시,,,
ed534c065acbe309affd,full_annotation_v1,A,q_원단_02,직물,패션·잡화 중 '원단'을 판매·제공하는 매장,val,원단,T2 동의어,eb3022a8-bb21-4c7f-9fba-75cd199be47b,부국상회,직물,부산진시장,전통시장,부산광역시,,,
6641809120a200d146e0,full_annotation_v1,A,q_원단_02,직물,패션·잡화 중 '원단'을 판매·제공하는 매장,val,원단,T2 동의어,005caa40-5ecf-48cc-8c50-6b4f07d4cd43,우일상회,직물,신중앙시장,전통시장,대전광역시,,,
e59e872ebd5deaedee37,full_annotation_v1,A,q_원단_02,직물,패션·잡화 중 '원단'을 판매·제공하는 매장,val,원단,T2 동의어,000a92b3-0b5e-429e-af00-f86e3570e24b,클로버,의류,관문상가시장,전통시장,대구광역시,,,
2c5017bc99ee98d93ab0,full_annotation_v1,A,q_원단_02,직물,패션·잡화 중 '원단'을 판매·제공하는 매장,val,원단,T2 동의어,ec23ee7a-8126-405f-8c4d-8e1191cb128a,동민사,직물,서문시장2지구 종합상가,전통시장,대구광역시,,,
e3b1a7ab307e5d9a789a,full_annotation_v1,A,q_원단_02,직물,패션·잡화 중 '원단'을 판매·제공하는 매장,val,원단,T2 동의어,00164d94-68f6-45aa-ab32-77c84e80b9eb,B동 3214 동연직물,원단,동대문종합시장,전통시장,서울특별시,,,
f6933a43ff2ef5e6d932,full_annotation_v1,A,q_원단_02,직물,패션·잡화 중 '원단'을 판매·제공하는 매장,val,원단,T2 동의어,11ace2ef-5917-4097-b309-a526e78d5df1,마장동김씨 분당야탑점,한식,야탑 골목형상점가,골목형상점가,경기도,,,
18c37042abe58b3e2cdd,full_annotation_v1,A,q_원단_02,직물,패션·잡화 중 '원단'을 판매·제공하는 매장,val,원단,T2 동의어,38f16e66-cf12-43b7-a2f3-eb7d3c39e78b,서울주단,직물,천안중앙시장,전통시장,충청남도,,,
c532ed9c5959c6468a8a,full_annotation_v1,A,q_원단_02,직물,패션·잡화 중 '원단'을 판매·제공하는 매장,val,원단,T2 동의어,7b157d4e-c8b2-4285-9ba7-e80ff18c245f,제주상회,한식,을지명보골목형상점가,골목형상점가,서울특별시,,,
009e0b32a7ef0979ddb3,full_annotation_v1,A,q_원단_02,직물,패션·잡화 중 '원단'을 판매·제공하는 매장,val,원단,T2 동의어,e7f423fc-74a0-4997-9a89-195532f01adf,이화레스,직물,서문시장2지구 종합상가,전통시장,대구광역시,,,
6068861a314d72556d62,full_annotation_v1,A,q_원단_02,직물,패션·잡화 중 '원단'을 판매·제공하는 매장,val,원단,T2 동의어,cdad2e9a-c5c9-439d-bcf0-ccefa59e4a5c,안일상회,직물,서문시장2지구 종합상가,전통시장,대구광역시,,,
d28d44c188029c5b50ff,full_annotation_v1,A,q_원단_02,직물,패션·잡화 중 '원단'을 판매·제공하는 매장,val,원단,T2 동의어,8f5ffa7a-232b-4db7-bad6-1ba3233d8ff8,아란사,직물,서문시장2지구 종합상가,전통시장,대구광역시,,,
10055a41ccb17b357b00,full_annotation_v1,A,q_원단_02,직물,패션·잡화 중 '원단'을 판매·제공하는 매장,val,원단,T2 동의어,018300e6-a57d-446f-8108-43a2bb89eeeb,수복섬유,원단,서문시장2지구 종합상가,전통시장,대구광역시,,,
fb11690d721611bcbc4b,full_annotation_v1,A,q_원단_02,직물,패션·잡화 중 '원단'을 판매·제공하는 매장,val,원단,T2 동의어,00172c94-61f0-4197-afeb-d7e8187c79b5,옷이예쁘다,의류,메트로센터(반월당지하쇼핑),일반지하상점가,대구광역시,,,
50fe2d3cef35c34d9846,full_annotation_v1,A,q_원단_02,직물,패션·잡화 중 '원단'을 판매·제공하는 매장,val,원단,T2 동의어,43fef3c9-2575-48f1-9591-aad61db7dc8e,삼안유통,곡물,혁신도시 대림동 골목형상점가,골목형상점가,대구광역시,,,
630aed616debd2dae314,full_annotation_v1,A,q_원단_02,직물,패션·잡화 중 '원단'을 판매·제공하는 매장,val,원단,T2 동의어,74a27516-b6f7-451b-9d68-8bea7de8a8d7,동방상사,직물,광장전통시장,자율상권구역,서울특별시,,,
fd7a8af7697bccabacdd,full_annotation_v1,A,q_원단_02,직물,패션·잡화 중 '원단'을 판매·제공하는 매장,val,원단,T2 동의어,80f7f0fc-af1e-452a-a6cd-a2b4e54071b7,보경상회,직물,부산진시장,전통시장,부산광역시,,,
75a7a2cc27f44446a90e,full_annotation_v1,A,q_원단_02,직물,패션·잡화 중 '원단'을 판매·제공하는 매장,val,원단,T2 동의어,1befae35-39ab-4208-9459-da1fdb3d890e,속초종합어시장 죽전점,회,BOCA 보카상점가,골목형상점가,경기도,,,
42041ced88665d157552,full_annotation_v1,A,q_원단_02,직물,패션·잡화 중 '원단'을 판매·제공하는 매장,val,원단,T2 동의어,005f6593-4efc-412f-a8c3-ba0d222e9239,대동상사,면직물,광장시장,전통시장,서울특별시,,,
fef5d25b4eb13c47af19,full_annotation_v1,A,q_원단_02,직물,패션·잡화 중 '원단'을 판매·제공하는 매장,val,원단,T2 동의어,89202300-8ce0-4092-8022-77ea90b82423,족발천국,족발,박달시장,전통시장,경기도,,,
70a2fea587fd9bd8b6a1,full_annotation_v1,A,q_원단_02,직물,패션·잡화 중 '원단'을 판매·제공하는 매장,val,원단,T2 동의어,2c6fed47-53b3-446d-97b7-3238cc02c2e2,궁전노래연습장,노래연습장,평화시장 닭똥집명물거리 골목형상점가,골목형상점가,대구광역시,,,
8a23c5cda0ca3446405a,full_annotation_v1,A,q_원단_02,직물,패션·잡화 중 '원단'을 판매·제공하는 매장,val,원단,T2 동의어,0383f485-5a1d-4c7b-a5bb-e81f284530a3,위드민(with min),의류,부평역지하상가,일반지하상점가,인천광역시,,,
c300c8b9558f48b29303,full_annotation_v1,A,q_원단_02,직물,패션·잡화 중 '원단'을 판매·제공하는 매장,val,원단,T2 동의어,b61c882f-1b91-48e1-8878-e5084b83f0ca,대광사,직물,동산상가,전통시장,대구광역시,,,
0f26e94ac233064710ad,full_annotation_v1,A,q_원단_02,직물,패션·잡화 중 '원단'을 판매·제공하는 매장,val,원단,T2 동의어,fd810e42-a309-44fb-8dcb-fc133fe656c0,동영섬유,직물,서문시장2지구 종합상가,전통시장,대구광역시,,,
0110b4deebc8e7611d7d,full_annotation_v1,A,q_원단_02,직물,패션·잡화 중 '원단'을 판매·제공하는 매장,val,원단,T2 동의어,02800f15-d433-4e6a-8485-5204a316dfcf,서울원단,원단,서문시장2지구 종합상가,전통시장,대구광역시,,,
8ac20083c03b9a2e42b6,full_annotation_v1,A,q_원단_03,주단,패션·잡화 중 '원단'을 판매·제공하는 매장,val,원단,T3 개념확장,e60ac404-b221-46cf-b241-ab5d4165dc1d,동남상회,주단,정읍샘고을시장,전통시장,전북특별자치도,,,
d7da9e668a971e774719,full_annotation_v1,A,q_원단_03,주단,패션·잡화 중 '원단'을 판매·제공하는 매장,val,원단,T3 개념확장,9cf2c7de-fe54-4d2c-ba64-c30f6720b719,오색비단,주단,큰장로네거리 골목형상점가,골목형상점가,대구광역시,,,
44ecd276febd8f0de3d5,full_annotation_v1,A,q_원단_03,주단,패션·잡화 중 '원단'을 판매·제공하는 매장,val,원단,T3 개념확장,00158f51-4d3a-4ac0-9e38-b37552f5e097,지지배,의류,나주금빛상점가,자율상권구역,전라남도,,,
1378d70d419df9aa1495,full_annotation_v1,A,q_원단_03,주단,패션·잡화 중 '원단'을 판매·제공하는 매장,val,원단,T3 개념확장,a48d46fb-864e-44d8-8510-0972ef002545,유림구단,주단,포항죽도시장,전통시장,경상북도,,,
455725ba755bc3585517,full_annotation_v1,A,q_원단_03,주단,패션·잡화 중 '원단'을 판매·제공하는 매장,val,원단,T3 개념확장,41d5f8f5-d2b9-4e6c-a712-00095133cd1f,대흥쌀상회,쌀,양평물맑은시장,전통시장,경기도,,,
db1924cf2a79b89dcf80,full_annotation_v1,A,q_원단_03,주단,패션·잡화 중 '원단'을 판매·제공하는 매장,val,원단,T3 개념확장,ce7b279c-d03b-40d0-83dc-c1b31d9593e8,영주주단,주단,부산진시장,전통시장,부산광역시,,,
8403898ff4d377841ab2,full_annotation_v1,A,q_원단_03,주단,패션·잡화 중 '원단'을 판매·제공하는 매장,val,원단,T3 개념확장,739b3792-c252-42f2-958e-2925dc58ae2f,혼수방,주단,서문시장 제1지구1층(직물시장),전통시장,대구광역시,,,
49735e3e647f46c163c1,full_annotation_v1,A,q_원단_03,주단,패션·잡화 중 '원단'을 판매·제공하는 매장,val,원단,T3 개념확장,4321fe77-52ec-4db7-acff-afb6c8aa5a80,란의상실,주단,중앙종합시장,전통시장,대전광역시,,,
707cd65616ae56ea9a53,full_annotation_v1,A,q_원단_03,주단,패션·잡화 중 '원단'을 판매·제공하는 매장,val,원단,T3 개념확장,5a791c75-d20b-4082-8343-5cda91c910a0,이모네,한식,광천동상인회 골목형상점가,골목형상점가,광주광역시,,,
0d25d634f43f741c73c5,full_annotation_v1,A,q_원단_03,주단,패션·잡화 중 '원단'을 판매·제공하는 매장,val,원단,T3 개념확장,6c86dc72-5a6e-4692-8aa4-488695ff8a26,부귀주단,주단,중앙종합시장,전통시장,대전광역시,,,
ee9efd644dd4800cc85a,full_annotation_v1,A,q_원단_03,주단,패션·잡화 중 '원단'을 판매·제공하는 매장,val,원단,T3 개념확장,6908a380-a3bb-4a83-be33-9478c4a548df,충북주단,주단,부산진시장,전통시장,부산광역시,,,
e567da1afad3fdf604a1,full_annotation_v1,A,q_원단_03,주단,패션·잡화 중 '원단'을 판매·제공하는 매장,val,원단,T3 개념확장,0078978d-a0a7-4859-8505-986ab0cfdbf8,연지곤지주단,섬유및직물,㈜여수중앙시장,전통시장,전라남도,,,
03565602b68dfba8645f,full_annotation_v1,A,q_원단_03,주단,패션·잡화 중 '원단'을 판매·제공하는 매장,val,원단,T3 개념확장,e0ba6554-a3c6-4b35-9ada-d3e537bef227,연흥주단,주단,충주자유시장,전통시장,충청북도,,,
7b2a80308c03a2a3e023,full_annotation_v1,A,q_원단_03,주단,패션·잡화 중 '원단'을 판매·제공하는 매장,val,원단,T3 개념확장,366fb769-24e1-46d0-a336-72017d4125d7,중앙세탁소,옷,염주B상인회 골목형상점가,골목형상점가,광주광역시,,,
3d845706f1f4ff96b662,full_annotation_v1,A,q_원단_03,주단,패션·잡화 중 '원단'을 판매·제공하는 매장,val,원단,T3 개념확장,ea604b7b-a1c0-48ee-9887-4f33a3dd3d4c,은지주단,주단,대신지하상가,일반지하상점가,대구광역시,,,
6312938f608b91ccc923,full_annotation_v1,A,q_원단_03,주단,패션·잡화 중 '원단'을 판매·제공하는 매장,val,원단,T3 개념확장,22e16d5e-7167-47e0-8331-28ded4d1cdcd,대억주단,주단,서문시장 제1지구1층(직물시장),전통시장,대구광역시,,,
3c836bd68372b5f9d8d5,full_annotation_v1,A,q_원단_03,주단,패션·잡화 중 '원단'을 판매·제공하는 매장,val,원단,T3 개념확장,7bb0b132-1489-4b5a-b03c-36e65366a5f1,노빌레아티스타미술교습소,미술학원,새샘하루 골목형상점가,골목형상점가,세종특별자치시,,,
1a028c8c76491fbe11de,full_annotation_v1,A,q_원단_03,주단,패션·잡화 중 '원단'을 판매·제공하는 매장,val,원단,T3 개념확장,84f9b9a1-0022-4126-99dd-d0becd492016,고운실크,주단,진주 중앙시장,전통시장,경상남도,,,
e93fe67fab30ac06bd93,full_annotation_v1,A,q_원단_03,주단,패션·잡화 중 '원단'을 판매·제공하는 매장,val,원단,T3 개념확장,34e130d9-44e9-471b-b53a-bb3aff103295,경도주단,주단,부산진시장,전통시장,부산광역시,,,
d0a5a2844b2d2b618b49,full_annotation_v1,A,q_원단_03,주단,패션·잡화 중 '원단'을 판매·제공하는 매장,val,원단,T3 개념확장,061414ea-9ec5-47e1-a943-e73f827799fb,현대수예사,옷감직물,중앙신시장,전통시장,경상북도,,,
95b6faefb553751720c5,full_annotation_v1,A,q_원단_03,주단,패션·잡화 중 '원단'을 판매·제공하는 매장,val,원단,T3 개념확장,26098613-e6f3-4567-b2e0-fc56c23e9d52,금하주단,주단,경주중앙시장,전통시장,경상북도,,,
4d877380055663f5a687,full_annotation_v1,A,q_원단_03,주단,패션·잡화 중 '원단'을 판매·제공하는 매장,val,원단,T3 개념확장,f1fdd092-f006-4d27-b998-6548abb6ec01,채일농산물1,채소,명일전통시장,전통시장,서울특별시,,,
1839ac135d21320c290b,full_annotation_v1,A,q_원단_03,주단,패션·잡화 중 '원단'을 판매·제공하는 매장,val,원단,T3 개념확장,f40d24f9-51bf-4060-8e71-34878af3b867,추자도수산,냉동수산물,금화로상인회 골목형상점가,골목형상점가,광주광역시,,,
346f439e85cae8cd81c4,full_annotation_v1,A,q_원단_03,주단,패션·잡화 중 '원단'을 판매·제공하는 매장,val,원단,T3 개념확장,00054f1d-4cae-4345-9975-1423bc49e4dc,착한아이들,의류,중앙전통시장,전통시장,울산광역시,,,
69d16aa835f2a21e62ad,full_annotation_v1,A,q_원단_03,주단,패션·잡화 중 '원단'을 판매·제공하는 매장,val,원단,T3 개념확장,84020107-1b3a-438a-9b3f-c4cd9a861783,함양상회,주단,부산진시장,전통시장,부산광역시,,,
31df37fc927c9efa970c,full_annotation_v1,A,q_원단_03,주단,패션·잡화 중 '원단'을 판매·제공하는 매장,val,원단,T3 개념확장,005caa40-5ecf-48cc-8c50-6b4f07d4cd43,우일상회,직물,신중앙시장,전통시장,대전광역시,,,
28e475d560054590ed47,full_annotation_v1,A,q_원단_03,주단,패션·잡화 중 '원단'을 판매·제공하는 매장,val,원단,T3 개념확장,00164d94-68f6-45aa-ab32-77c84e80b9eb,B동 3214 동연직물,원단,동대문종합시장,전통시장,서울특별시,,,
609a8f09fd6e34df9d25,full_annotation_v1,A,q_원단_03,주단,패션·잡화 중 '원단'을 판매·제공하는 매장,val,원단,T3 개념확장,76f386b3-1ec6-42f6-98c1-65d09506402f,원앙주단,주단,밀양 아리랑시장,전통시장,경상남도,,,
50add6b383b365e53578,full_annotation_v1,A,q_원단_03,주단,패션·잡화 중 '원단'을 판매·제공하는 매장,val,원단,T3 개념확장,d6e05aab-1b6c-4880-8476-f0fefd75ace4,비단이야기,주단,목포신중앙시장,전통시장,전라남도,,,
06d048908aab89179f23,full_annotation_v1,A,q_원단_03,주단,패션·잡화 중 '원단'을 판매·제공하는 매장,val,원단,T3 개념확장,00124602-ef4e-472c-91ee-de53b28d7530,화이트,의류,울산번개시장,전통시장,울산광역시,,,
40c1e1761d537500bc0a,full_annotation_v1,A,q_원단_03,주단,패션·잡화 중 '원단'을 판매·제공하는 매장,val,원단,T3 개념확장,4d12cb05-d3a0-4d1d-9b6b-d3868105bcf4,돈이 상회,야채,남성사계시장,전통시장,서울특별시,,,
592fa4aed9166d44b7ae,full_annotation_v1,A,q_원단_03,주단,패션·잡화 중 '원단'을 판매·제공하는 매장,val,원단,T3 개념확장,b2b30c14-9867-4a14-ba4f-974e65c03f45,유광주단,주단,충주자유시장,전통시장,충청북도,,,
b34d2c5b67b1404ab880,full_annotation_v1,A,q_원단_03,주단,패션·잡화 중 '원단'을 판매·제공하는 매장,val,원단,T3 개념확장,5981f91e-2ec1-4b38-9e94-1292285c0ab5,진성주단,주단,용상공설시장,전통시장,경상북도,,,
785218699c2309f8e333,full_annotation_v1,A,q_원단_03,주단,패션·잡화 중 '원단'을 판매·제공하는 매장,val,원단,T3 개념확장,74697a47-dc1c-440e-94c0-f3b8e85c8a4d,신팔봉침구,주단,서산동부전통시장,전통시장,충청남도,,,
2b53d2c2dfff2a04144e,full_annotation_v1,A,q_원단_03,주단,패션·잡화 중 '원단'을 판매·제공하는 매장,val,원단,T3 개념확장,00172c94-61f0-4197-afeb-d7e8187c79b5,옷이예쁘다,의류,메트로센터(반월당지하쇼핑),일반지하상점가,대구광역시,,,
bcce225041e67f0e70eb,full_annotation_v1,A,q_원단_03,주단,패션·잡화 중 '원단'을 판매·제공하는 매장,val,원단,T3 개념확장,eb13de49-8f69-45a4-bf8a-6af7c75f4f17,철새주단,,충주자유시장,전통시장,충청북도,,,
513bcbdf05e6257a2c96,full_annotation_v1,A,q_원단_03,주단,패션·잡화 중 '원단'을 판매·제공하는 매장,val,원단,T3 개념확장,090009b2-f2f9-4e5e-8953-ebc5d5406991,동양주단,주단,성남프라자,전통시장,울산광역시,,,
b6dd1934f2cee6405979,full_annotation_v1,A,q_원단_03,주단,패션·잡화 중 '원단'을 판매·제공하는 매장,val,원단,T3 개념확장,eddb755d-bb29-408b-ab0d-6a6b460dafcf,호남주단,주단,남원공설시장,전통시장,전북특별자치도,,,
31891843479395197326,full_annotation_v1,A,q_원단_03,주단,패션·잡화 중 '원단'을 판매·제공하는 매장,val,원단,T3 개념확장,26dd5720-e677-477f-b20b-d83199cc2f09,중도양품,주단,중앙종합시장,전통시장,대전광역시,,,
ce273fcad7f20eb9e1f7,full_annotation_v1,A,q_원단_03,주단,패션·잡화 중 '원단'을 판매·제공하는 매장,val,원단,T3 개념확장,701acfd5-9632-4f03-aead-869a232f6ea7,황금상회,주단,상주중앙시장,전통시장,경상북도,,,
d94705671fb70918cdde,full_annotation_v1,A,q_원단_03,주단,패션·잡화 중 '원단'을 판매·제공하는 매장,val,원단,T3 개념확장,dbac04dc-9bb8-4e10-be05-7b43153a1e4a,정우상회,주단,정읍샘고을시장,전통시장,전북특별자치도,,,
dfc6b86d17088ad70bb9,full_annotation_v1,A,q_원단_03,주단,패션·잡화 중 '원단'을 판매·제공하는 매장,val,원단,T3 개념확장,005a8567-ac99-4067-a754-596a2050cd4a,동남커텐,"커텐류, 원단",중앙도매시장,전통시장,대전광역시,,,
e820bfd7f08d01e68c13,full_annotation_v1,A,q_원단_03,주단,패션·잡화 중 '원단'을 판매·제공하는 매장,val,원단,T3 개념확장,3208ec68-20d0-44ee-85ea-5e1f80bd0076,엘리야주단,"이불, 주단",전주풍남문상점가,자율상권구역,전북특별자치도,,,
13943f14db1e34daa695,full_annotation_v1,A,q_원단_03,주단,패션·잡화 중 '원단'을 판매·제공하는 매장,val,원단,T3 개념확장,02d353c7-bd6c-4669-a0de-958e6769df6f,정한복,주단,울산시장,전통시장,울산광역시,,,
a6f18abcf2d0f27094af,full_annotation_v1,A,q_원단_03,주단,패션·잡화 중 '원단'을 판매·제공하는 매장,val,원단,T3 개념확장,f55341a7-563c-476a-9c8b-7552bdedb905,평강주단,주단,전주풍남문상점가,자율상권구역,전북특별자치도,,,
62f128883643e5fff3b9,full_annotation_v1,A,q_원단_03,주단,패션·잡화 중 '원단'을 판매·제공하는 매장,val,원단,T3 개념확장,d1d8a065-7af2-4aff-a54e-e50d9dbb42ff,더스톤컴퍼니주식회사,베이글,신당오길골목형상점가,골목형상점가,서울특별시,,,
3cf17cf1a7fbb9730162,full_annotation_v1,A,q_원단_03,주단,패션·잡화 중 '원단'을 판매·제공하는 매장,val,원단,T3 개념확장,018300e6-a57d-446f-8108-43a2bb89eeeb,수복섬유,원단,서문시장2지구 종합상가,전통시장,대구광역시,,,
f3cb0e4c0f6f17058425,full_annotation_v1,A,q_원단_03,주단,패션·잡화 중 '원단'을 판매·제공하는 매장,val,원단,T3 개념확장,717e75c2-4d6a-4df1-8325-f15b2442447a,대정치과의원,치과,화정한울타리상인회 골목형상점가,골목형상점가,광주광역시,,,
0d5ff7640733a7db46ae,full_annotation_v1,A,q_원단_03,주단,패션·잡화 중 '원단'을 판매·제공하는 매장,val,원단,T3 개념확장,d3152927-c9a9-45d2-b5e3-53b0c1376e22,신우상회,주단,서문시장 제1지구1층(직물시장),전통시장,대구광역시,,,
978573e166a633f3c2a9,full_annotation_v1,A,q_원단_03,주단,패션·잡화 중 '원단'을 판매·제공하는 매장,val,원단,T3 개념확장,c7192323-2661-4649-8588-3b385832e469,범일한복,주단,부산남문시장,전통시장,부산광역시,,,
6d6616ec709be7299351,full_annotation_v1,A,q_원단_03,주단,패션·잡화 중 '원단'을 판매·제공하는 매장,val,원단,T3 개념확장,000a92b3-0b5e-429e-af00-f86e3570e24b,클로버,의류,관문상가시장,전통시장,대구광역시,,,
4d5eaebbcb10b271c128,full_annotation_v1,A,q_원단_03,주단,패션·잡화 중 '원단'을 판매·제공하는 매장,val,원단,T3 개념확장,05d98fb9-39ff-4e4b-b3ce-4a477dcde744,신화주단,주단,충주자유시장,전통시장,충청북도,,,
d7b3511c4ec44bb3c5c5,full_annotation_v1,A,q_원단_03,주단,패션·잡화 중 '원단'을 판매·제공하는 매장,val,원단,T3 개념확장,d59280ec-2f49-432e-8093-c84fb3bbda4a,진스토리,청바지,중앙로 동문 상점가 골목형상점가,골목형상점가,경상북도,,,
138c6bbad1879e1f192a,full_annotation_v1,A,q_원단_03,주단,패션·잡화 중 '원단'을 판매·제공하는 매장,val,원단,T3 개념확장,6512228b-a184-4236-a40b-e8f83ab773ba,쪽빛나라,주단,부산진시장,전통시장,부산광역시,,,
82d6d36a6120926e270c,full_annotation_v1,A,q_원단_03,주단,패션·잡화 중 '원단'을 판매·제공하는 매장,val,원단,T3 개념확장,09ddfa9b-5368-4d5c-b6ca-a15ac6d2e546,중앙상회,주단,서산동부전통시장,전통시장,충청남도,,,
d6593574c64df9bdb348,full_annotation_v1,A,q_원단_03,주단,패션·잡화 중 '원단'을 판매·제공하는 매장,val,원단,T3 개념확장,13af2622-cb74-460a-9831-f987a1e06468,덕화주단,주단,영주소백쇼핑몰,전통시장,경상북도,,,
aadd2dc229eb93052e50,full_annotation_v1,A,q_원단_03,주단,패션·잡화 중 '원단'을 판매·제공하는 매장,val,원단,T3 개념확장,29f1d99c-bbd3-4385-8446-d7e3572f2be0,신애자한복,주단,백년소상공인,기타,전북특별자치도,,,
bd1badb5d14adf2644cb,full_annotation_v1,A,q_원단_03,주단,패션·잡화 중 '원단'을 판매·제공하는 매장,val,원단,T3 개념확장,8a3e7520-2c58-4841-ac41-1f94c8e75921,회신상회,주단,남원공설시장,전통시장,전북특별자치도,,,
338aa6c5f6105b877c83,full_annotation_v1,A,q_원단_03,주단,패션·잡화 중 '원단'을 판매·제공하는 매장,val,원단,T3 개념확장,03963ba8-48e3-4adb-8d97-9fb2b874b0df,신빔,도소매(화섬직물),광장시장,전통시장,서울특별시,,,
88935667f3b02e0ff5c9,full_annotation_v1,A,q_원단_03,주단,패션·잡화 중 '원단'을 판매·제공하는 매장,val,원단,T3 개념확장,1e0af0fd-daff-4ebc-afae-b65a63df10fa,영화주단,주단,제천중앙시장,전통시장,충청북도,,,
a38e3617c70a78bc9fe4,full_annotation_v1,A,q_원단_03,주단,패션·잡화 중 '원단'을 판매·제공하는 매장,val,원단,T3 개념확장,138fd822-6ccd-40e9-a1b7-a662b468c44b,미성주단,주단,성남프라자,전통시장,울산광역시,,,
49b718d8904484ac3902,full_annotation_v1,A,q_원단_03,주단,패션·잡화 중 '원단'을 판매·제공하는 매장,val,원단,T3 개념확장,005f6593-4efc-412f-a8c3-ba0d222e9239,대동상사,면직물,광장시장,전통시장,서울특별시,,,
4a35ed51620e2c08aced,full_annotation_v1,A,q_원단_03,주단,패션·잡화 중 '원단'을 판매·제공하는 매장,val,원단,T3 개념확장,2972924e-3634-43bd-8bf5-77ac5ff330b7,송호주단,주단,중앙종합시장,전통시장,대전광역시,,,
68b754b052ad86aea8e2,full_annotation_v1,A,q_원단_03,주단,패션·잡화 중 '원단'을 판매·제공하는 매장,val,원단,T3 개념확장,ee71d411-4226-460b-b0c9-257dd2a1e000,곰솔,주단,진주 중앙시장,전통시장,경상남도,,,
6ae56079c9c6091ffec8,full_annotation_v1,A,q_원단_03,주단,패션·잡화 중 '원단'을 판매·제공하는 매장,val,원단,T3 개념확장,d39dbe16-c87d-44fc-9c64-9a83e7a9e8ff,수수꽃다리,주단,부산진시장,전통시장,부산광역시,,,
170210be17ca59394f7c,full_annotation_v1,A,q_원단_03,주단,패션·잡화 중 '원단'을 판매·제공하는 매장,val,원단,T3 개념확장,03f5434e-e1c2-4cfa-a827-8104706267b9,고전주단,주단,대신지하상가,일반지하상점가,대구광역시,,,
d5e7394679c3db741803,full_annotation_v1,A,q_원단_03,주단,패션·잡화 중 '원단'을 판매·제공하는 매장,val,원단,T3 개념확장,25726126-1c1b-4da7-bc7c-0982e98597d7,대명주단,주단,광장시장,전통시장,서울특별시,,,
d5515619c61f41a95f1d,full_annotation_v1,A,q_원단_03,주단,패션·잡화 중 '원단'을 판매·제공하는 매장,val,원단,T3 개념확장,192ed828-c580-4f72-aad8-085a2411f524,누에아,의류,새샘하루 골목형상점가,골목형상점가,세종특별자치시,,,
8e736212aeba551a4530,full_annotation_v1,A,q_원단_03,주단,패션·잡화 중 '원단'을 판매·제공하는 매장,val,원단,T3 개념확장,02800f15-d433-4e6a-8485-5204a316dfcf,서울원단,원단,서문시장2지구 종합상가,전통시장,대구광역시,,,
cd7db95bd536aa87e391,full_annotation_v1,A,q_원단_03,주단,패션·잡화 중 '원단'을 판매·제공하는 매장,val,원단,T3 개념확장,a3cc15a6-eef0-4fea-99bd-ec65e1b85f51,선경주단,주단,포항죽도시장,전통시장,경상북도,,,
42f2d38337b3483d4c9d,full_annotation_v1,A,q_원단_03,주단,패션·잡화 중 '원단'을 판매·제공하는 매장,val,원단,T3 개념확장,d988550a-c3bd-41f1-9ccd-5248e0223668,원산주단,주단,광장시장,전통시장,서울특별시,,,
4687245b1b185f8ea110,full_annotation_v1,A,q_원단_03,주단,패션·잡화 중 '원단'을 판매·제공하는 매장,val,원단,T3 개념확장,093d8b07-a928-48fc-b147-be5e5902b97b,경동식품,야채,안양남부시장,전통시장,경기도,,,
9f0e7de6275fc1ee8e59,full_annotation_v1,A,q_원단_03,주단,패션·잡화 중 '원단'을 판매·제공하는 매장,val,원단,T3 개념확장,e8f87e98-d46d-468c-a428-637ef1d3e2a2,광일상회,외의,대전도매시장,전통시장,대전광역시,,,
99adc413e64c0df2eff4,full_annotation_v1,A,q_원단_03,주단,패션·잡화 중 '원단'을 판매·제공하는 매장,val,원단,T3 개념확장,79fc9b97-1c5e-48a4-97ea-db75c1c87c6c,공주상회,주단,부산진시장,전통시장,부산광역시,,,
a3b3b426e82f5583e40e,full_annotation_v1,A,q_원단_03,주단,패션·잡화 중 '원단'을 판매·제공하는 매장,val,원단,T3 개념확장,70c36743-22f3-4bbc-a5fc-6415fc2f6804,아리랑주단,주단,평택통복시장,전통시장,경기도,,,
a8630c3b153c908a768e,full_annotation_v1,A,q_원단_03,주단,패션·잡화 중 '원단'을 판매·제공하는 매장,val,원단,T3 개념확장,5338415f-1dda-455f-99d4-b5e8f10f3637,덕수주단,주단,진주 중앙시장,전통시장,경상남도,,,
043eeb5366e1a852421e,full_annotation_v1,A,q_원단_03,주단,패션·잡화 중 '원단'을 판매·제공하는 매장,val,원단,T3 개념확장,810e1dcf-26b5-4f49-9f78-41262dc7c283,CU만촌동신교회앞점,편의점,만촌시장,전통시장,대구광역시,,,
ec49fade384a23c29b9d,full_annotation_v1,A,q_원단_03,주단,패션·잡화 중 '원단'을 판매·제공하는 매장,val,원단,T3 개념확장,7a04c69f-ecbc-4dc7-b117-f76acb8ec7e4,혜림주단,주단,부산남문시장,전통시장,부산광역시,,,
ef96b2f7d0a4dc921ed7,full_annotation_v1,A,q_원단_03,주단,패션·잡화 중 '원단'을 판매·제공하는 매장,val,원단,T3 개념확장,01b9277e-13ac-40fe-992d-ec5c1eb69be0,오션직물,원단,종로신진시장,전통시장,서울특별시,,,
b0fe001bb50e5c0c85bc,full_annotation_v1,A,q_원단_03,주단,패션·잡화 중 '원단'을 판매·제공하는 매장,val,원단,T3 개념확장,503f661e-d01e-4963-81c7-34957c0350ac,도담,반찬,두류신시장,전통시장,대구광역시,,,
0c96a785c199556e703b,full_annotation_v1,A,q_원단_03,주단,패션·잡화 중 '원단'을 판매·제공하는 매장,val,원단,T3 개념확장,d059d217-aa94-43cc-af53-3e9db285f6b4,가정맛김,김,광천문화시장,전통시장,충청남도,,,
289b8c6e57e773ce159b,full_annotation_v1,A,q_원단_04,원단추천,패션·잡화 중 '원단'을 판매·제공하는 매장,val,원단,T6 기계변형,6725e078-9dcd-4ff0-9e52-eb179c10dc58,연희네반찬,반찬,첨단중앙로 골목형상점가,골목형상점가,광주광역시,,,
86ac31a636c4488310cc,full_annotation_v1,A,q_원단_04,원단추천,패션·잡화 중 '원단'을 판매·제공하는 매장,val,원단,T6 기계변형,21155c11-15f6-4123-8173-5a18d9f72e52,목사고을튀김,분식,나주목사고을시장,전통시장,,,,
f6770acfae4fa0b7587a,full_annotation_v1,A,q_원단_04,원단추천,패션·잡화 중 '원단'을 판매·제공하는 매장,val,원단,T6 기계변형,01b9277e-13ac-40fe-992d-ec5c1eb69be0,오션직물,원단,종로신진시장,전통시장,서울특별시,,,
97b8a3c1d10c22b997a6,full_annotation_v1,A,q_원단_04,원단추천,패션·잡화 중 '원단'을 판매·제공하는 매장,val,원단,T6 기계변형,5d1f027a-2d56-43ac-9849-0bcc74430a9e,신명,원단,동대문종합시장,전통시장,서울특별시,,,
f5300f147b119af74ebd,full_annotation_v1,A,q_원단_04,원단추천,패션·잡화 중 '원단'을 판매·제공하는 매장,val,원단,T6 기계변형,c381fbb5-83ab-4ad1-854d-6b696a4781f0,세계직물,원단,동대문종합시장,전통시장,서울특별시,,,
72780d50cce06db9e74d,full_annotation_v1,A,q_원단_04,원단추천,패션·잡화 중 '원단'을 판매·제공하는 매장,val,원단,T6 기계변형,ab410d3b-6576-4c0f-8eba-d6dfd03ec6dc,중앙상사,원단부속단추,의정부제일시장,전통시장,경기도,,,
5471a0ffa2a0799fe4d2,full_annotation_v1,A,q_원단_04,원단추천,패션·잡화 중 '원단'을 판매·제공하는 매장,val,원단,T6 기계변형,7cc4144f-7818-425c-8898-b4d09fee112a,완호수산,"활어, 킹크랩",인천종합어시장,전통시장,인천광역시,,,
d26aa296842d56998d85,full_annotation_v1,A,q_원단_04,원단추천,패션·잡화 중 '원단'을 판매·제공하는 매장,val,원단,T6 기계변형,f74eb53b-cc7d-47a7-8ddd-afcb60adb4a0,까누,까눌레(디저트) & 커피,쌍리단길상점가,자율상권구역,서울특별시,,,
d60af2638c476c1b91bc,full_annotation_v1,A,q_원단_04,원단추천,패션·잡화 중 '원단'을 판매·제공하는 매장,val,원단,T6 기계변형,34e52766-9f71-46b8-bc26-54d8fc0b4e3f,통일,원단,서문시장 제1지구1층(직물시장),전통시장,대구광역시,,,
fdca75d542aaf91cf865,full_annotation_v1,A,q_원단_04,원단추천,패션·잡화 중 '원단'을 판매·제공하는 매장,val,원단,T6 기계변형,4c179e81-7768-48d1-8341-eca97a23345c,대로짜치,원단,중앙종합시장,전통시장,대전광역시,,,
708c41f495d6ff98fa9d,full_annotation_v1,A,q_원단_04,원단추천,패션·잡화 중 '원단'을 판매·제공하는 매장,val,원단,T6 기계변형,24929d3c-f71f-40ed-852b-14a46ef14a31,대령상사,원단,동대문종합시장,전통시장,서울특별시,,,
03747c93af7044590859,full_annotation_v1,A,q_원단_04,원단추천,패션·잡화 중 '원단'을 판매·제공하는 매장,val,원단,T6 기계변형,c3fe3ca1-b976-42d6-80c1-67d245b1a1ee,진텍스,원단,부산진시장,전통시장,부산광역시,,,
f8e6557abf03053c9243,full_annotation_v1,A,q_원단_04,원단추천,패션·잡화 중 '원단'을 판매·제공하는 매장,val,원단,T6 기계변형,4f813637-e62c-46b1-8bbb-c4be7816c1a4,한빛장식,원단,부산진시장,전통시장,부산광역시,,,
fc0425cca9b9321dac12,full_annotation_v1,A,q_원단_04,원단추천,패션·잡화 중 '원단'을 판매·제공하는 매장,val,원단,T6 기계변형,068b6320-6452-4ccb-a691-1dc30dc9ecc1,서울직물,원단,중촌동 맞춤거리 상점가,자율상권구역,대전광역시,,,
f8d02ad38cdcf509413d,full_annotation_v1,A,q_원단_04,원단추천,패션·잡화 중 '원단'을 판매·제공하는 매장,val,원단,T6 기계변형,96a4491e-629e-471d-848a-48249513c043,대흥직물,원단,서문시장 제1지구1층(직물시장),전통시장,대구광역시,,,
4587ff5f96c35e0ba9e1,full_annotation_v1,A,q_원단_04,원단추천,패션·잡화 중 '원단'을 판매·제공하는 매장,val,원단,T6 기계변형,99fdb245-b9eb-420c-984a-725f5efe74dd,대광상회,식자재,부산새벽시장,전통시장,부산광역시,,,
707e21b27cace9817dd5,full_annotation_v1,A,q_원단_04,원단추천,패션·잡화 중 '원단'을 판매·제공하는 매장,val,원단,T6 기계변형,abd4ecfd-471c-43ce-8d30-ae11e53ea22d,언이상회,정장,밀양 아리랑시장,전통시장,경상남도,,,
cc2942a8f1352a2cd767,full_annotation_v1,A,q_원단_04,원단추천,패션·잡화 중 '원단'을 판매·제공하는 매장,val,원단,T6 기계변형,ed1d8e56-1395-45e3-9ffe-490a85dca1fa,금호원단,원단,양동복개상가,전통시장,,,,
aff53dc1fbcf2e5447e0,full_annotation_v1,A,q_원단_04,원단추천,패션·잡화 중 '원단'을 판매·제공하는 매장,val,원단,T6 기계변형,1f1d2597-84ee-412e-96a3-244e28eed088,대경직물,원단,광장시장,전통시장,서울특별시,,,
4a8a5646b344ecc66eb6,full_annotation_v1,A,q_원단_04,원단추천,패션·잡화 중 '원단'을 판매·제공하는 매장,val,원단,T6 기계변형,12425d6f-94c2-4dfa-a9fc-0e84ffa51773,삼성택스,원단,서문시장2지구 종합상가,전통시장,대구광역시,,,
392c8f3099d4209252de,full_annotation_v1,A,q_원단_04,원단추천,패션·잡화 중 '원단'을 판매·제공하는 매장,val,원단,T6 기계변형,cf0cc286-0446-4caa-8d74-ddfb379ffc5a,베틀스,원단,서문시장2지구 종합상가,전통시장,대구광역시,,,
f9369650384a4f3edb33,full_annotation_v1,A,q_원단_04,원단추천,패션·잡화 중 '원단'을 판매·제공하는 매장,val,원단,T6 기계변형,00124602-ef4e-472c-91ee-de53b28d7530,화이트,의류,울산번개시장,전통시장,울산광역시,,,
29c837b0bda790f879f6,full_annotation_v1,A,q_원단_04,원단추천,패션·잡화 중 '원단'을 판매·제공하는 매장,val,원단,T6 기계변형,96882cd3-f88d-4367-bce5-f9b7742d9938,해광,원단,부산진시장,전통시장,부산광역시,,,
3cead974f62dd4dbbd05,full_annotation_v1,A,q_원단_04,원단추천,패션·잡화 중 '원단'을 판매·제공하는 매장,val,원단,T6 기계변형,8bc26c77-978b-4889-9d80-a7211d1af412,코렌,원단,동대문종합시장,전통시장,서울특별시,,,
4720b9f083e82525a197,full_annotation_v1,A,q_원단_04,원단추천,패션·잡화 중 '원단'을 판매·제공하는 매장,val,원단,T6 기계변형,f5982714-37a5-466a-b479-de7536113f5b,천구경,원단,서문시장2지구 종합상가,전통시장,대구광역시,,,
834ffc256c3f1190b240,full_annotation_v1,A,q_원단_04,원단추천,패션·잡화 중 '원단'을 판매·제공하는 매장,val,원단,T6 기계변형,ba24ee53-3e43-4579-a22a-59444363dfbb,한결직물,원단,광장시장,전통시장,서울특별시,,,
17ed750818b964cad915,full_annotation_v1,A,q_원단_04,원단추천,패션·잡화 중 '원단'을 판매·제공하는 매장,val,원단,T6 기계변형,ef7f9770-f899-4fa1-b527-51ee13eadd03,더실크,원단,서문시장 제1지구1층(직물시장),전통시장,대구광역시,,,
b93bba2bb89139d0761f,full_annotation_v1,A,q_원단_04,원단추천,패션·잡화 중 '원단'을 판매·제공하는 매장,val,원단,T6 기계변형,005caa40-5ecf-48cc-8c50-6b4f07d4cd43,우일상회,직물,신중앙시장,전통시장,대전광역시,,,
96c807e8de8102c98b2c,full_annotation_v1,A,q_원단_04,원단추천,패션·잡화 중 '원단'을 판매·제공하는 매장,val,원단,T6 기계변형,763c1bfd-c797-4da5-aa69-e44030016999,세연,원단,동대문종합시장,전통시장,서울특별시,,,
5407ce4fba29f6bfe02c,full_annotation_v1,A,q_원단_04,원단추천,패션·잡화 중 '원단'을 판매·제공하는 매장,val,원단,T6 기계변형,791f06e2-fed4-4f81-9294-2651f0e853cf,우리,원단,동대문종합시장,전통시장,서울특별시,,,
fc4d898acc013d3c476a,full_annotation_v1,A,q_원단_04,원단추천,패션·잡화 중 '원단'을 판매·제공하는 매장,val,원단,T6 기계변형,cb48f3ba-3abf-415b-b275-185005899ff6,라쿤 컴퍼니,타코,다산역 로데오 상점가,자율상권구역,경기도,,,
ae2a1b00c3cebf937aa8,full_annotation_v1,A,q_원단_04,원단추천,패션·잡화 중 '원단'을 판매·제공하는 매장,val,원단,T6 기계변형,061414ea-9ec5-47e1-a943-e73f827799fb,현대수예사,옷감직물,중앙신시장,전통시장,경상북도,,,
62205f514f8fe110e01f,full_annotation_v1,A,q_원단_04,원단추천,패션·잡화 중 '원단'을 판매·제공하는 매장,val,원단,T6 기계변형,02800f15-d433-4e6a-8485-5204a316dfcf,서울원단,원단,서문시장2지구 종합상가,전통시장,대구광역시,,,
0889526b24d171db8bc9,full_annotation_v1,A,q_원단_04,원단추천,패션·잡화 중 '원단'을 판매·제공하는 매장,val,원단,T6 기계변형,2e7b9daf-19c4-4165-8950-7b7a4a8246da,다산메트로약국,"의약품, 건강식품, 의료기기, 동물약품",다산역 로데오 상점가,자율상권구역,경기도,,,
4b8c7fb1e9054edb1129,full_annotation_v1,A,q_원단_04,원단추천,패션·잡화 중 '원단'을 판매·제공하는 매장,val,원단,T6 기계변형,ae502d57-e633-45ea-901c-df045cace0a0,청도상회,야채 잡화,감천시장,전통시장,부산광역시,,,
9cf7cb202504cdb3cb77,full_annotation_v1,A,q_원단_04,원단추천,패션·잡화 중 '원단'을 판매·제공하는 매장,val,원단,T6 기계변형,bd9f2d76-9a4b-4022-ae87-d2ea2d6480d8,예림,원단,광장시장,전통시장,서울특별시,,,
17b73b9daf2ea46d2a37,full_annotation_v1,A,q_원단_04,원단추천,패션·잡화 중 '원단'을 판매·제공하는 매장,val,원단,T6 기계변형,603ab58f-65c5-47c8-89a5-b59da0b2a4da,남원추어탕 안동찜닭,한식,풍산시장,전통시장,경상북도,,,
e4f6086fa64d979730fb,full_annotation_v1,A,q_원단_04,원단추천,패션·잡화 중 '원단'을 판매·제공하는 매장,val,원단,T6 기계변형,03963ba8-48e3-4adb-8d97-9fb2b874b0df,신빔,도소매(화섬직물),광장시장,전통시장,서울특별시,,,
dd5cb9ec2c4d9dec6cfa,full_annotation_v1,A,q_원단_04,원단추천,패션·잡화 중 '원단'을 판매·제공하는 매장,val,원단,T6 기계변형,1f69faee-ab0e-4f33-9c0a-028fe79def63,원단방,원단,삼척중앙시장,전통시장,강원특별자치도,,,
2d20368336e88f82ecb1,full_annotation_v1,A,q_원단_04,원단추천,패션·잡화 중 '원단'을 판매·제공하는 매장,val,원단,T6 기계변형,3ccbb926-96f8-422e-afff-c0084f236186,린나이남원대리점,,남원시 원도심 상권활성화 구역,상권활성화구역,전북특별자치도,,,
1336816ec2ef07b585a2,full_annotation_v1,A,q_원단_04,원단추천,패션·잡화 중 '원단'을 판매·제공하는 매장,val,원단,T6 기계변형,000a92b3-0b5e-429e-af00-f86e3570e24b,클로버,의류,관문상가시장,전통시장,대구광역시,,,
ee7446a6ca33d1882ea4,full_annotation_v1,A,q_원단_04,원단추천,패션·잡화 중 '원단'을 판매·제공하는 매장,val,원단,T6 기계변형,6117315c-13f4-4de1-ba31-07628a2be6c7,헤어스무하루,미용서비스,홀릭스,골목형상점가,광주광역시,,,
3894bd8ca607682b3e03,full_annotation_v1,A,q_원단_04,원단추천,패션·잡화 중 '원단'을 판매·제공하는 매장,val,원단,T6 기계변형,cca226db-f612-4e7e-bacf-998a985cf24f,원단싸,원단,서문시장2지구 종합상가,전통시장,대구광역시,,,
7a7b9fe8e6f5be0085cb,full_annotation_v1,A,q_원단_04,원단추천,패션·잡화 중 '원단'을 판매·제공하는 매장,val,원단,T6 기계변형,00164d94-68f6-45aa-ab32-77c84e80b9eb,B동 3214 동연직물,원단,동대문종합시장,전통시장,서울특별시,,,
35ca419ccb26e1ab9458,full_annotation_v1,A,q_원단_04,원단추천,패션·잡화 중 '원단'을 판매·제공하는 매장,val,원단,T6 기계변형,005f6593-4efc-412f-a8c3-ba0d222e9239,대동상사,면직물,광장시장,전통시장,서울특별시,,,
d2617690beb2dfdeedf3,full_annotation_v1,A,q_원단_04,원단추천,패션·잡화 중 '원단'을 판매·제공하는 매장,val,원단,T6 기계변형,00054f1d-4cae-4345-9975-1423bc49e4dc,착한아이들,의류,중앙전통시장,전통시장,울산광역시,,,
3a7f07f66cca183e7115,full_annotation_v1,A,q_원단_04,원단추천,패션·잡화 중 '원단'을 판매·제공하는 매장,val,원단,T6 기계변형,4f959827-0a0c-4f09-8035-8f481225a980,화신,원단,부산진시장,전통시장,부산광역시,,,
ab5369e76f048c328aeb,full_annotation_v1,A,q_원단_04,원단추천,패션·잡화 중 '원단'을 판매·제공하는 매장,val,원단,T6 기계변형,018300e6-a57d-446f-8108-43a2bb89eeeb,수복섬유,원단,서문시장2지구 종합상가,전통시장,대구광역시,,,
9d28e2732df127698428,full_annotation_v1,A,q_원단_04,원단추천,패션·잡화 중 '원단'을 판매·제공하는 매장,val,원단,T6 기계변형,08c62c0d-f2bd-42aa-8e48-b1080c93ba62,날개천,원단도소매,서문시장2지구 종합상가,전통시장,대구광역시,,,
c2e28448509ae2e16353,full_annotation_v1,A,q_원단_04,원단추천,패션·잡화 중 '원단'을 판매·제공하는 매장,val,원단,T6 기계변형,b549f9d6-d031-4479-ae7d-e4499b2f5932,본텍스,원단,동대문종합시장,전통시장,서울특별시,,,
e38ff82e41128f77b430,full_annotation_v1,A,q_원단_04,원단추천,패션·잡화 중 '원단'을 판매·제공하는 매장,val,원단,T6 기계변형,06e83923-0afa-41f6-b1bd-48286e9206d6,호걸텍스,원단,서문시장2지구 종합상가,전통시장,대구광역시,,,
5fbb81390b36b95d80ae,full_annotation_v1,A,q_원단_04,원단추천,패션·잡화 중 '원단'을 판매·제공하는 매장,val,원단,T6 기계변형,005a8567-ac99-4067-a754-596a2050cd4a,동남커텐,"커텐류, 원단",중앙도매시장,전통시장,대전광역시,,,
15ca34fb4a6959ed5791,full_annotation_v1,A,q_원단_04,원단추천,패션·잡화 중 '원단'을 판매·제공하는 매장,val,원단,T6 기계변형,33646d67-4cca-43ae-84ad-041f58353a98,보원,원단,부산진시장,전통시장,부산광역시,,,
d3aa021adad7b268d19d,full_annotation_v1,A,q_원단_04,원단추천,패션·잡화 중 '원단'을 판매·제공하는 매장,val,원단,T6 기계변형,cbbc50b2-e11c-4c88-94ca-7cfb50b70ca6,깔롱,의류,창원 지귀시장,전통시장,경상남도,,,
18baf8c8dc9c4c168a36,full_annotation_v1,A,q_원단_04,원단추천,패션·잡화 중 '원단'을 판매·제공하는 매장,val,원단,T6 기계변형,8998d62f-8875-47c9-80f5-c4637b190754,바이천,원단,서문시장2지구 종합상가,전통시장,대구광역시,,,
cdc7b872024b0880a556,full_annotation_v1,A,q_원단_04,원단추천,패션·잡화 중 '원단'을 판매·제공하는 매장,val,원단,T6 기계변형,8aeb82f6-7145-4f66-beb1-7a3ee5a9c8b2,세종견직,원단,서문시장 제1지구1층(직물시장),전통시장,대구광역시,,,
8dd6e884ef256b32c40b,full_annotation_v1,A,q_원단_04,원단추천,패션·잡화 중 '원단'을 판매·제공하는 매장,val,원단,T6 기계변형,0078978d-a0a7-4859-8505-986ab0cfdbf8,연지곤지주단,섬유및직물,㈜여수중앙시장,전통시장,전라남도,,,
c986306d97ca417b39b6,full_annotation_v1,A,q_원단_04,원단추천,패션·잡화 중 '원단'을 판매·제공하는 매장,val,원단,T6 기계변형,00158f51-4d3a-4ac0-9e38-b37552f5e097,지지배,의류,나주금빛상점가,자율상권구역,전라남도,,,
21362529d6903ee658fd,full_annotation_v1,A,q_원단_04,원단추천,패션·잡화 중 '원단'을 판매·제공하는 매장,val,원단,T6 기계변형,e056fe73-adb9-4621-a0ef-55881346fa81,유리네 상회,농수산물젓갈미역,정이있는 구포시장,전통시장,부산광역시,,,
81c419f67a2e4b14b7f5,full_annotation_v1,A,q_원단_04,원단추천,패션·잡화 중 '원단'을 판매·제공하는 매장,val,원단,T6 기계변형,ab4b4c54-4a1f-4c3f-8457-c916249717cd,명중원단,원단,중앙도매시장,전통시장,대전광역시,,,
b38b2a6f86a1cd1204d8,full_annotation_v1,A,q_원단_04,원단추천,패션·잡화 중 '원단'을 판매·제공하는 매장,val,원단,T6 기계변형,c06e4194-a73f-459c-a8fc-0619bdecd097,김씨천,원단,서문시장2지구 종합상가,전통시장,대구광역시,,,
a87f35633cf7cc17c3f4,full_annotation_v1,A,q_원단_04,원단추천,패션·잡화 중 '원단'을 판매·제공하는 매장,val,원단,T6 기계변형,00172c94-61f0-4197-afeb-d7e8187c79b5,옷이예쁘다,의류,메트로센터(반월당지하쇼핑),일반지하상점가,대구광역시,,,
18cd8ea4cf907321acbc,full_annotation_v1,A,q_원단_04,원단추천,패션·잡화 중 '원단'을 판매·제공하는 매장,val,원단,T6 기계변형,ec7e2edc-729f-4d05-8893-4f328f2581e0,헬로천,원단,서문시장2지구 종합상가,전통시장,대구광역시,,,
c662bc7b7fac61cc2ec4,full_annotation_v1,A,q_원단_04,원단추천,패션·잡화 중 '원단'을 판매·제공하는 매장,val,원단,T6 기계변형,de78ed5d-bc02-4593-a49a-b33f97a2b755,원단스토리,원단,안양중앙인정시장,전통시장,경기도,,,
9c983363e0b1d3de2485,full_annotation_v1,A,q_원단_04,원단추천,패션·잡화 중 '원단'을 판매·제공하는 매장,val,원단,T6 기계변형,fbdecde4-2ffb-4635-b7c3-4cd4812bbfbb,만아상회,원단,부산진시장,전통시장,부산광역시,,,
b4ceb35b0f399027127a,full_annotation_v1,A,q_원단_04,원단추천,패션·잡화 중 '원단'을 판매·제공하는 매장,val,원단,T6 기계변형,5dad5f60-fc61-4a36-9014-103d9a0c1b94,원텍스,원단,부산진시장,전통시장,부산광역시,,,
e13ecde3f124b03366fd,full_annotation_v1,A,q_원단_04,원단추천,패션·잡화 중 '원단'을 판매·제공하는 매장,val,원단,T6 기계변형,d79a8f46-ea2a-48e6-be53-250fba4eff82,호랭이선식,선식차곡물,서동향토시장,전통시장,부산광역시,,,
313134dda6266f01d7b5,full_annotation_v1,A,q_원단_04,원단추천,패션·잡화 중 '원단'을 판매·제공하는 매장,val,원단,T6 기계변형,51068173-2835-48a7-97d2-a4246cb5f177,동아직물,원단,대전중앙활성화구역,상권활성화구역,대전광역시,,,
e1ea1f2b53087aa0eab5,full_annotation_v1,A,q_원단_04,원단추천,패션·잡화 중 '원단'을 판매·제공하는 매장,val,원단,T6 기계변형,1239fe39-00c7-4e47-ae2b-6398bfc87a70,그린조이 남원점,,남원시 원도심 상권활성화 구역,상권활성화구역,전북특별자치도,,,
caea0f36e65502dd13aa,full_annotation_v1,A,q_원단_04,원단추천,패션·잡화 중 '원단'을 판매·제공하는 매장,val,원단,T6 기계변형,87b7fabc-5519-4000-bc7a-cba4a407099a,명신,원단,부산남문시장,전통시장,부산광역시,,,
85f53cbf5e7f991aee1d,full_annotation_v1,A,q_원단_05,원담,패션·잡화 중 '원단'을 판매·제공하는 매장,val,원단,T6 기계변형,1069b432-6201-4ea4-96d1-76b28083bfbf,유미타코,,평촌1번가 상점가,자율상권구역,경기도,,,
b804a1dc29447d24492a,full_annotation_v1,A,q_원단_05,원담,패션·잡화 중 '원단'을 판매·제공하는 매장,val,원단,T6 기계변형,5dad5f60-fc61-4a36-9014-103d9a0c1b94,원텍스,원단,부산진시장,전통시장,부산광역시,,,
2b149ab9647b398eaaec,full_annotation_v1,A,q_원단_05,원담,패션·잡화 중 '원단'을 판매·제공하는 매장,val,원단,T6 기계변형,00158f51-4d3a-4ac0-9e38-b37552f5e097,지지배,의류,나주금빛상점가,자율상권구역,전라남도,,,
ec3dcb080d1930a5f7ef,full_annotation_v1,A,q_원단_05,원담,패션·잡화 중 '원단'을 판매·제공하는 매장,val,원단,T6 기계변형,6c86acbb-69ab-410e-b9fb-de7b65326fe0,더담,한식,왕지상가,자율상권구역,전라남도,,,
745a8834cfcd53cdf812,full_annotation_v1,A,q_원단_05,원담,패션·잡화 중 '원단'을 판매·제공하는 매장,val,원단,T6 기계변형,9cc6158b-8909-41be-9c34-2ef1e1146a55,초담,한식,마산어시장,전통시장,경상남도,,,
575f029e854031ba23fa,full_annotation_v1,A,q_원단_05,원담,패션·잡화 중 '원단'을 판매·제공하는 매장,val,원단,T6 기계변형,005caa40-5ecf-48cc-8c50-6b4f07d4cd43,우일상회,직물,신중앙시장,전통시장,대전광역시,,,
8a6470547272d758fc86,full_annotation_v1,A,q_원단_05,원담,패션·잡화 중 '원단'을 판매·제공하는 매장,val,원단,T6 기계변형,06e79600-4ee0-4fc6-8970-e0e25c51fef8,원써드,의류,거제 고현자율상권,,경상남도,,,
782a17d520b757cc09da,full_annotation_v1,A,q_원단_05,원담,패션·잡화 중 '원단'을 판매·제공하는 매장,val,원단,T6 기계변형,062ca749-1194-42fe-89f4-140abba9659a,새벽담,떡,부안마실 상권활성화구역,상권활성화구역,전북특별자치도,,,
46eeaf4f6845f9483db5,full_annotation_v1,A,q_원단_05,원담,패션·잡화 중 '원단'을 판매·제공하는 매장,val,원단,T6 기계변형,132207b5-59c5-4c6f-a223-cb8293f8a3d2,원촌,한식,증평군 중앙로 골목형상점가,골목형상점가,충청북도,,,
bb118ff5dd4859021159,full_annotation_v1,A,q_원단_05,원담,패션·잡화 중 '원단'을 판매·제공하는 매장,val,원단,T6 기계변형,28ea13fe-0a14-493d-be24-fb953933ae4b,농부와 어부,농산물,태평시장,전통시장,대전광역시,,,
7332d7d9fe41a661b844,full_annotation_v1,A,q_원단_05,원담,패션·잡화 중 '원단'을 판매·제공하는 매장,val,원단,T6 기계변형,9c80a645-93c7-4d07-8b3e-9d0489c55fa6,수데코,커튼인테리어,수원영동시장,전통시장,경기도,,,
95af1f416de8de237fbd,full_annotation_v1,A,q_원단_05,원담,패션·잡화 중 '원단'을 판매·제공하는 매장,val,원단,T6 기계변형,06a91f75-0506-4248-a466-da89afeb62f2,호가담,,한마음,골목형상점가,,,,
2a5a53aa4ca042b6b697,full_annotation_v1,A,q_원단_05,원담,패션·잡화 중 '원단'을 판매·제공하는 매장,val,원단,T6 기계변형,1b6f7eb8-6763-4dd6-9f36-a0477a50e100,미필담,한식,합정하늘길골목형상점가,골목형상점가,서울특별시,,,
548b1c5e1486854f09c5,full_annotation_v1,A,q_원단_05,원담,패션·잡화 중 '원단'을 판매·제공하는 매장,val,원단,T6 기계변형,875c9682-e98f-4fa7-8f6e-08ad1328f9b4,해풍 농수산물,건어물및농수산,합천왕후시장,전통시장,경상남도,,,
1532ae5a397b68dc41a1,full_annotation_v1,A,q_원단_05,원담,패션·잡화 중 '원단'을 판매·제공하는 매장,val,원단,T6 기계변형,3d486b00-13f5-443a-a919-af1470d27b50,별담,,비단길현대시장,전통시장,서울특별시,,,
bf76d383a03649a47524,full_annotation_v1,A,q_원단_05,원담,패션·잡화 중 '원단'을 판매·제공하는 매장,val,원단,T6 기계변형,00164d94-68f6-45aa-ab32-77c84e80b9eb,B동 3214 동연직물,원단,동대문종합시장,전통시장,서울특별시,,,
20d582c7420c6a0298fc,full_annotation_v1,A,q_원단_05,원담,패션·잡화 중 '원단'을 판매·제공하는 매장,val,원단,T6 기계변형,9bda6df6-7d2f-4637-b8d0-b853d30f2569,목담,한식,목2동시장,전통시장,서울특별시,,,
7e8bf47e696c65de4e71,full_annotation_v1,A,q_원단_05,원담,패션·잡화 중 '원단'을 판매·제공하는 매장,val,원단,T6 기계변형,c3dd7319-73f4-4aa4-8a6e-e54ccbba4705,미미샾,속눈썹,의정부역지하상가,일반지하상점가,경기도,,,
7f230fc82c016ad792c5,full_annotation_v1,A,q_원단_05,원담,패션·잡화 중 '원단'을 판매·제공하는 매장,val,원단,T6 기계변형,36aa6be6-d9f0-4dcf-84db-b05b9c300348,족마담,,오룡번영 골목형상점가,골목형상점가,,,,
ba74939fca01430d58d2,full_annotation_v1,A,q_원단_05,원담,패션·잡화 중 '원단'을 판매·제공하는 매장,val,원단,T6 기계변형,398b8e34-93bc-4bad-a088-6ceffa18aee8,윤&담,카페,거창 가조상점가거리,골목형상점가,경상남도,,,
038b70bb1ad90e391160,full_annotation_v1,A,q_원단_05,원담,패션·잡화 중 '원단'을 판매·제공하는 매장,val,원단,T6 기계변형,772103a2-b1e0-4f14-a4e1-a16213e33c36,원희,의류,㈜르네시떼,전통시장,부산광역시,,,
2ba31e7edc0cfca4623f,full_annotation_v1,A,q_원단_05,원담,패션·잡화 중 '원단'을 판매·제공하는 매장,val,원단,T6 기계변형,5f903bdc-87de-4d35-9b09-d0a17bee2634,송정온누리약국,의약품,송정동 상점가,자율상권구역,경기도,,,
4d11ddb2853ccfd4b088,full_annotation_v1,A,q_원단_05,원담,패션·잡화 중 '원단'을 판매·제공하는 매장,val,원단,T6 기계변형,02800f15-d433-4e6a-8485-5204a316dfcf,서울원단,원단,서문시장2지구 종합상가,전통시장,대구광역시,,,
2d989ea9f3acbd6b5058,full_annotation_v1,A,q_원단_05,원담,패션·잡화 중 '원단'을 판매·제공하는 매장,val,원단,T6 기계변형,dcbca762-4cb6-43fa-8813-01599b823d3c,원담,한식,송산동 골목상점가,골목형상점가,제주특별자치도,,,
28192bd0074a06e6befb,full_annotation_v1,A,q_원단_05,원담,패션·잡화 중 '원단'을 판매·제공하는 매장,val,원단,T6 기계변형,0807b161-8294-405e-811b-2586f6df3891,눈미담,,세은 골목형상점가,골목형상점가,,,,
af491bab61bbbefa3dcb,full_annotation_v1,A,q_원단_05,원담,패션·잡화 중 '원단'을 판매·제공하는 매장,val,원단,T6 기계변형,061414ea-9ec5-47e1-a943-e73f827799fb,현대수예사,옷감직물,중앙신시장,전통시장,경상북도,,,
aa2171ed72d328080f16,full_annotation_v1,A,q_원단_05,원담,패션·잡화 중 '원단'을 판매·제공하는 매장,val,원단,T6 기계변형,03963ba8-48e3-4adb-8d97-9fb2b874b0df,신빔,도소매(화섬직물),광장시장,전통시장,서울특별시,,,
e97b936000fb75059960,full_annotation_v1,A,q_원단_05,원담,패션·잡화 중 '원단'을 판매·제공하는 매장,val,원단,T6 기계변형,00172c94-61f0-4197-afeb-d7e8187c79b5,옷이예쁘다,의류,메트로센터(반월당지하쇼핑),일반지하상점가,대구광역시,,,
b41d3a9ab1eb1fd8e7fd,full_annotation_v1,A,q_원단_05,원담,패션·잡화 중 '원단'을 판매·제공하는 매장,val,원단,T6 기계변형,df7573d1-bb05-4244-a438-76d9a56221f4,늘빚담,,내포 홍학로 근린상점가 골목형상점가,골목형상점가,충청남도,,,
7587a980c80fd799a66c,full_annotation_v1,A,q_원단_05,원담,패션·잡화 중 '원단'을 판매·제공하는 매장,val,원단,T6 기계변형,81ce9891-577e-426d-955a-888b32c12cd2,연한담,한식,제기동 고대앞마을 골목형상점가,골목형상점가,서울특별시,,,
3f9b4b4fde0cf20547e8,full_annotation_v1,A,q_원단_05,원담,패션·잡화 중 '원단'을 판매·제공하는 매장,val,원단,T6 기계변형,4356eb87-d9c0-4f31-b12c-12a1feaac797,선행담,음료,신창진흥 골목형상점가,골목형상점가,광주광역시,,,
3d75365b32a0460b92e6,full_annotation_v1,A,q_원단_05,원담,패션·잡화 중 '원단'을 판매·제공하는 매장,val,원단,T6 기계변형,af88aa86-77ff-48f9-966c-8238531ba513,미아리우동집,면(국수),화양제일골목시장(화양제일시장),전통시장,서울특별시,,,
9129e4015337d798294e,full_annotation_v1,A,q_원단_05,원담,패션·잡화 중 '원단'을 판매·제공하는 매장,val,원단,T6 기계변형,3793ff92-beae-4d20-9753-62face3aa864,사단법인산촌생태마을전국협의회,농산물유통판매,유구시장,전통시장,충청남도,,,
dd771f80e0a8e2fad1c9,full_annotation_v1,A,q_원단_05,원담,패션·잡화 중 '원단'을 판매·제공하는 매장,val,원단,T6 기계변형,8e807cef-787e-444d-809f-93bead219baa,직담,반찬,남성역 골목시장,전통시장,서울특별시,,,
3a84d84486955524389d,full_annotation_v1,A,q_원단_05,원담,패션·잡화 중 '원단'을 판매·제공하는 매장,val,원단,T6 기계변형,000a92b3-0b5e-429e-af00-f86e3570e24b,클로버,의류,관문상가시장,전통시장,대구광역시,,,
bb37668fd4c4a3b8b1a3,full_annotation_v1,A,q_원단_05,원담,패션·잡화 중 '원단'을 판매·제공하는 매장,val,원단,T6 기계변형,7c297d3d-e25f-4610-b337-edd87fb0b852,원향,,남원시 원도심 상권활성화 구역,상권활성화구역,전북특별자치도,,,
ca95afec562b64cc48bb,full_annotation_v1,A,q_원단_05,원담,패션·잡화 중 '원단'을 판매·제공하는 매장,val,원단,T6 기계변형,26137ad4-b134-4bbd-8b92-5a5a60dd8ce3,담,,화성향남2지구상점가,자율상권구역,경기도,,,
68136c322d397c10bb1e,full_annotation_v1,A,q_원단_05,원담,패션·잡화 중 '원단'을 판매·제공하는 매장,val,원단,T6 기계변형,dcdec009-0d5f-459b-b750-bbee5a87b226,원나,의류,목포신중앙시장,전통시장,전라남도,,,
58bd864ac0ab7c22bdff,full_annotation_v1,A,q_원단_05,원담,패션·잡화 중 '원단'을 판매·제공하는 매장,val,원단,T6 기계변형,00054f1d-4cae-4345-9975-1423bc49e4dc,착한아이들,의류,중앙전통시장,전통시장,울산광역시,,,
8e087517ec9528d26db6,full_annotation_v1,A,q_원단_05,원담,패션·잡화 중 '원단'을 판매·제공하는 매장,val,원단,T6 기계변형,f4e593ae-949f-4e7b-9669-0b05906d31f3,불빛담,,교동연합,골목형상점가,대구광역시,,,
7626cdfca23f433d390a,full_annotation_v1,A,q_원단_05,원담,패션·잡화 중 '원단'을 판매·제공하는 매장,val,원단,T6 기계변형,634fe058-a5c9-43fe-823c-244db07c615b,행복담,한식,예술의거리 골목형상점가,골목형상점가,광주광역시,,,
1d22e990a1fe5b89371f,full_annotation_v1,A,q_원단_05,원담,패션·잡화 중 '원단'을 판매·제공하는 매장,val,원단,T6 기계변형,521e48dd-735f-4982-9379-e1cc0ace50ee,원준식당,한식,장위전통시장,전통시장,서울특별시,,,
5288c9b6389c08a4c4e7,full_annotation_v1,A,q_원단_05,원담,패션·잡화 중 '원단'을 판매·제공하는 매장,val,원단,T6 기계변형,280ced5c-ce6a-462f-8679-62a93ed7adf3,낙원떡집,떡,스타프라자전통시장,전통시장,경기도,,,
89fa384c32a27281b389,full_annotation_v1,A,q_원단_05,원담,패션·잡화 중 '원단'을 판매·제공하는 매장,val,원단,T6 기계변형,88637459-a80c-42f0-9877-3e2232daeb5f,월담,식육,비아중앙로 골목형상점가,골목형상점가,,,,
5d6a9eabc0086dc1533b,full_annotation_v1,A,q_원단_05,원담,패션·잡화 중 '원단'을 판매·제공하는 매장,val,원단,T6 기계변형,4572c430-db2a-496f-a8ed-bd6509deb098,민지상회,채소,경주성동공설시장,전통시장,경상북도,,,
9d2eaa6f35e8a49f34d6,full_annotation_v1,A,q_원단_05,원담,패션·잡화 중 '원단'을 판매·제공하는 매장,val,원단,T6 기계변형,7e508551-aba7-46aa-8ca2-4e71fd0f47e7,소담,,미락단지 골목형상점가,골목형상점가,,,,
23ec3b6057b879b9ffb3,full_annotation_v1,A,q_원단_05,원담,패션·잡화 중 '원단'을 판매·제공하는 매장,val,원단,T6 기계변형,02957cbf-a8c3-4d32-943b-20e00a723224,일품훈제 마라오리,,소사종합시장,전통시장,경기도,,,
f45a8c6979b6f61425b4,full_annotation_v1,A,q_원단_05,원담,패션·잡화 중 '원단'을 판매·제공하는 매장,val,원단,T6 기계변형,e674027e-d0e5-41ae-b245-e1cd7444bcaa,율담,,삼사 골목형상점가,골목형상점가,전북특별자치도,,,
9c311c230e47f44639fd,full_annotation_v1,A,q_원단_05,원담,패션·잡화 중 '원단'을 판매·제공하는 매장,val,원단,T6 기계변형,6061352d-0758-4594-99b9-7efec09c3dee,Canon,카메라수리,은행동상점가(구 으능정이상점가),자율상권구역,대전광역시,,,
95df3076541e88d21176,full_annotation_v1,A,q_원단_05,원담,패션·잡화 중 '원단'을 판매·제공하는 매장,val,원단,T6 기계변형,29a6a6db-5b6d-4aca-91b1-6683dff616a4,나래이동통신(본점),도소매(통신기기),남양주장현전통시장,전통시장,경기도,,,
806bc47879ed10ef12d3,full_annotation_v1,A,q_원단_05,원담,패션·잡화 중 '원단'을 판매·제공하는 매장,val,원단,T6 기계변형,c14fdd75-469a-45d1-ab30-4133f1d1f23d,덮담,한식,나릿재 골목형상점가,골목형상점가,세종특별자치시,,,
e671f2f2b3241720bc44,full_annotation_v1,A,q_원단_05,원담,패션·잡화 중 '원단'을 판매·제공하는 매장,val,원단,T6 기계변형,be0e4e65-b08c-4028-866f-af64901fb311,봉선종합전자,가전제품수리,봉선1로 골목형상점가,골목형상점가,광주광역시,,,
62e0fb736d8382466824,full_annotation_v1,A,q_원단_05,원담,패션·잡화 중 '원단'을 판매·제공하는 매장,val,원단,T6 기계변형,9e82fd96-5658-4633-a55c-1b9318ac3bea,크린토피아 광주금호위파크마록공원점,세탁물,금호운천로상인회 골목형상점가,골목형상점가,광주광역시,,,
cae0cc83c669bf5d080b,full_annotation_v1,A,q_원단_05,원담,패션·잡화 중 '원단'을 판매·제공하는 매장,val,원단,T6 기계변형,0078978d-a0a7-4859-8505-986ab0cfdbf8,연지곤지주단,섬유및직물,㈜여수중앙시장,전통시장,전라남도,,,
10cad8e355e763403c85,full_annotation_v1,A,q_원단_05,원담,패션·잡화 중 '원단'을 판매·제공하는 매장,val,원단,T6 기계변형,005a8567-ac99-4067-a754-596a2050cd4a,동남커텐,"커텐류, 원단",중앙도매시장,전통시장,대전광역시,,,
497fdbd5afaecca6b5e7,full_annotation_v1,A,q_원단_05,원담,패션·잡화 중 '원단'을 판매·제공하는 매장,val,원단,T6 기계변형,09890d00-24d0-41e5-9f3d-a3be0b9d11c5,홍담,한식,횡성전통시장,전통시장,강원특별자치도,,,
9a856264f505f00317c5,full_annotation_v1,A,q_원단_05,원담,패션·잡화 중 '원단'을 판매·제공하는 매장,val,원단,T6 기계변형,01b9277e-13ac-40fe-992d-ec5c1eb69be0,오션직물,원단,종로신진시장,전통시장,서울특별시,,,
f0f5e1861fd3fbdc4031,full_annotation_v1,A,q_원단_05,원담,패션·잡화 중 '원단'을 판매·제공하는 매장,val,원단,T6 기계변형,005f6593-4efc-412f-a8c3-ba0d222e9239,대동상사,면직물,광장시장,전통시장,서울특별시,,,
9501611ee375238aab2d,full_annotation_v1,A,q_원단_05,원담,패션·잡화 중 '원단'을 판매·제공하는 매장,val,원단,T6 기계변형,018300e6-a57d-446f-8108-43a2bb89eeeb,수복섬유,원단,서문시장2지구 종합상가,전통시장,대구광역시,,,
e495992a5fd7b6f9a587,full_annotation_v1,A,q_원단_05,원담,패션·잡화 중 '원단'을 판매·제공하는 매장,val,원단,T6 기계변형,fb090d12-0117-43f7-a08a-695362d782d1,유담,,행리단길 골목형상점가,골목형상점가,경기도,,,
eb8acd90ce296b06d01f,full_annotation_v1,A,q_원단_05,원담,패션·잡화 중 '원단'을 판매·제공하는 매장,val,원단,T6 기계변형,e2928b97-168c-4bcd-925c-deeb35510489,사랑:담,과일,지족북로 골목형상점가,골목형상점가,대전광역시,,,
008137b340aba21d25ad,full_annotation_v1,A,q_원단_05,원담,패션·잡화 중 '원단'을 판매·제공하는 매장,val,원단,T6 기계변형,28f4eae6-4a54-4a28-9852-d02395276d8a,러브담,,안양1번가 상점가,자율상권구역,경기도,,,
18253a00f0719982eb5d,full_annotation_v1,A,q_원단_05,원담,패션·잡화 중 '원단'을 판매·제공하는 매장,val,원단,T6 기계변형,9600c56e-5822-4cc3-b702-d40df9b7537b,현담,,기지제 골목형상점가,골목형상점가,전북특별자치도,,,
615e37cd2b2a11a59f6d,full_annotation_v1,A,q_원단_05,원담,패션·잡화 중 '원단'을 판매·제공하는 매장,val,원단,T6 기계변형,72cbab87-ae0c-4d8b-8d5c-e2c084c3ebe6,육서담,육류,샤로수길골목형상점가,골목형상점가,서울특별시,,,
2f6681b39286702f6351,full_annotation_v1,A,q_원단_05,원담,패션·잡화 중 '원단'을 판매·제공하는 매장,val,원단,T6 기계변형,2b919013-8779-4946-b734-666ba7daded6,원/픽,의류,안양일번가 지하쇼핑몰,일반지하상점가,경기도,,,
908c558249fd1ba016fd,full_annotation_v1,A,q_원단_05,원담,패션·잡화 중 '원단'을 판매·제공하는 매장,val,원단,T6 기계변형,b34c246a-397c-4a65-a796-41bf65f35f8a,헤담,미용실,카림애비뉴애 골목형상점가,골목형상점가,세종특별자치시,,,
0366f3e6340e8109cd47,full_annotation_v1,A,q_원단_05,원담,패션·잡화 중 '원단'을 판매·제공하는 매장,val,원단,T6 기계변형,683cb650-2452-48ba-a177-c1d25cd00ac3,잎담,음료,다산역 로데오 상점가,자율상권구역,경기도,,,
f36bef1bae3999e79228,full_annotation_v1,A,q_원단_05,원담,패션·잡화 중 '원단'을 판매·제공하는 매장,val,원단,T6 기계변형,00124602-ef4e-472c-91ee-de53b28d7530,화이트,의류,울산번개시장,전통시장,울산광역시,,,
ac1d5c8b63f691557738,full_annotation_v1,A,q_원단_05,원담,패션·잡화 중 '원단'을 판매·제공하는 매장,val,원단,T6 기계변형,d262210e-10f2-4355-9872-2ef00c3bd027,돌담,한식,빛가람 로데오 골목형상점가,골목형상점가,전라남도,,,
edc8f8d8df21aae05014,full_annotation_v1,A,q_원단_05,원담,패션·잡화 중 '원단'을 판매·제공하는 매장,val,원단,T6 기계변형,957ef3bc-b484-48d4-94c6-f5e17c50a6a4,달콤과일 염주점,과일야채 밀키드,염주상인회 골목형상점가,골목형상점가,광주광역시,,,
5626021266886416d33c,full_annotation_v1,A,q_원단_05,원담,패션·잡화 중 '원단'을 판매·제공하는 매장,val,원단,T6 기계변형,db403616-8312-47a7-84f4-8eef1e9d9ea2,향담,,원신흥 골목형상점가,골목형상점가,대전광역시,,,
0e20a7924d6c16b0d5b9,full_annotation_v1,A,q_유아용품_01,애기 이유식 재료,생활·마트 중 '유아용품'을 판매·제공하는 매장,train,유아용품,T4 구어·문장,73de0923-ae38-4a5d-80d6-abe6d7669be5,㈜고려용접재료,용접재료,공구의거리,자율상권구역,광주광역시,,,
9ce97e7c97ac92cbfe16,full_annotation_v1,A,q_유아용품_01,애기 이유식 재료,생활·마트 중 '유아용품'을 판매·제공하는 매장,train,유아용품,T4 구어·문장,98f49f2b-bfa0-4af8-8b4a-1808df2ac05f,이유식건강식농산물,참기름,단대마트시장,전통시장,경기도,,,
e83a68c83d95cd09ed11,full_annotation_v1,A,q_유아용품_01,애기 이유식 재료,생활·마트 중 '유아용품'을 판매·제공하는 매장,train,유아용품,T4 구어·문장,a6078cfd-87e3-47ee-bd37-2e58b607a483,동아이유식,미숫가루전통강정,염매시장(구 덕산시장),전통시장,대구광역시,,,
bbbd50a5cb62ba25c954,full_annotation_v1,A,q_유아용품_01,애기 이유식 재료,생활·마트 중 '유아용품'을 판매·제공하는 매장,train,유아용품,T4 구어·문장,95f0514c-d29e-480f-8a9d-8147b90d7e1f,광주전기,전기자재 재료,양동산업용품시장,전통시장,광주광역시,,,
c6d6a22b55be77952665,full_annotation_v1,A,q_유아용품_01,애기 이유식 재료,생활·마트 중 '유아용품'을 판매·제공하는 매장,train,유아용품,T4 구어·문장,c98117a8-0faa-4c7f-b9de-43745aabb18d,가나식품,기름,익산장(구 북부장),전통시장,전북특별자치도,,,
36a6c56e3507e3afd832,full_annotation_v1,A,q_유아용품_01,애기 이유식 재료,생활·마트 중 '유아용품'을 판매·제공하는 매장,train,유아용품,T4 구어·문장,16bdc482-8505-4fae-9dc6-02e7def36f40,무체,미용실,방이시장,전통시장,서울특별시,,,
681de05ba176615afaa8,full_annotation_v1,A,q_유아용품_01,애기 이유식 재료,생활·마트 중 '유아용품'을 판매·제공하는 매장,train,유아용품,T4 구어·문장,0a7a08c1-7d8a-46b5-9769-8fcba2cb9d82,맘마찬세종점,이유식 영유아용 반찬,아름동상점가,자율상권구역,세종특별자치시,,,
9dd0d1f62fc9873db7b2,full_annotation_v1,A,q_유아용품_01,애기 이유식 재료,생활·마트 중 '유아용품'을 판매·제공하는 매장,train,유아용품,T4 구어·문장,dede414b-96f0-407a-821b-828fea52e6d4,수제이유식베베파파 울산점,,중앙 상권활성화구역,상권활성화구역,울산광역시,,,
4b0f979cf64a792b7855,full_annotation_v1,A,q_유아용품_01,애기 이유식 재료,생활·마트 중 '유아용품'을 판매·제공하는 매장,train,유아용품,T4 구어·문장,eb80cdec-f33b-4cd4-a2b0-aeff52b7dbeb,이유엘,속눈썹,오케이 양산동 골목형상점가,골목형상점가,광주광역시,,,
84a7273a3965e9e41c0e,full_annotation_v1,A,q_유아용품_01,애기 이유식 재료,생활·마트 중 '유아용품'을 판매·제공하는 매장,train,유아용품,T4 구어·문장,ba35065a-d12d-4f4e-97fe-cbcdce433014,타마캔들,방향제 재료 및 공예관련 재료,방산종합시장,전통시장,서울특별시,,,
5d164b2b58cccae86f5c,full_annotation_v1,A,q_유아용품_01,애기 이유식 재료,생활·마트 중 '유아용품'을 판매·제공하는 매장,train,유아용품,T4 구어·문장,1ac0bf30-b7e7-4808-b283-d35fe2490024,이유엔헤어,,부평문화인의거리골목형상점가,골목형상점가,인천광역시,,,
b35e95170a8453585724,full_annotation_v1,A,q_유아용품_01,애기 이유식 재료,생활·마트 중 '유아용품'을 판매·제공하는 매장,train,유아용품,T4 구어·문장,7c8ad891-8904-4db9-98fd-89ce48465773,강남인삼,"이유식, 분말식품",신 강남시장,전통시장,인천광역시,,,
e80f1fd9ab67e644e6ef,full_annotation_v1,A,q_유아용품_01,애기 이유식 재료,생활·마트 중 '유아용품'을 판매·제공하는 매장,train,유아용품,T4 구어·문장,7c0684cf-fdab-4542-8b11-b74aa866982e,아이리스캔들,디퓨저 향수 캔들 재료,방산종합시장,전통시장,서울특별시,,,
cb117bca9bc9968776ec,full_annotation_v1,A,q_유아용품_01,애기 이유식 재료,생활·마트 중 '유아용품'을 판매·제공하는 매장,train,유아용품,T4 구어·문장,00c109b8-c6c6-4c23-ad0d-3db86d2043ee,무진건어물,건어,울진시장(울진바지게시장),전통시장,경상북도,,,
71acbe2a2d2916ca7a38,full_annotation_v1,A,q_유아용품_01,애기 이유식 재료,생활·마트 중 '유아용품'을 판매·제공하는 매장,train,유아용품,T4 구어·문장,6a5eb104-a0de-43ac-8e46-8e8e479550fc,부평식육,식육,구포축산물도매시장,전통시장,부산광역시,,,
c0605ba574e57fbd23ce,full_annotation_v1,A,q_유아용품_01,애기 이유식 재료,생활·마트 중 '유아용품'을 판매·제공하는 매장,train,유아용품,T4 구어·문장,6e57a42a-e9cf-4e61-acfc-5fe41bf5ad5c,애기수산,소매업(생선),망원동월드컵시장,전통시장,서울특별시,,,
a88a232e58c9a81b6438,full_annotation_v1,A,q_유아용품_01,애기 이유식 재료,생활·마트 중 '유아용품'을 판매·제공하는 매장,train,유아용품,T4 구어·문장,a8de5b3f-eb02-4c8a-866b-6797fd8e11f8,이유를 묻지마세요,의류,동송전통시장,전통시장,강원특별자치도,,,
2b0bd016169a5b39363c,full_annotation_v1,A,q_유아용품_01,애기 이유식 재료,생활·마트 중 '유아용품'을 판매·제공하는 매장,train,유아용품,T4 구어·문장,8d2e4a25-304c-4c06-b857-e1fe1a427a5a,애플트리 공방,"재료 판매(인형, 모자 등)",은구비서로사회적협동조합 골목형상점가,골목형상점가,대전광역시,,,
cb610cc8d8c63f63d89b,full_annotation_v1,A,q_유아용품_01,애기 이유식 재료,생활·마트 중 '유아용품'을 판매·제공하는 매장,train,유아용품,T4 구어·문장,b6f2a50d-f9b9-42b0-bc1c-9b214f5bd6ac,주식회사 지니온,이유식 도시락 반찬,신창동가구의거리일번국도상점가,자율상권구역,광주광역시,,,
c431c8cf0c51b562d18c,full_annotation_v1,A,q_유아용품_01,애기 이유식 재료,생활·마트 중 '유아용품'을 판매·제공하는 매장,train,유아용품,T4 구어·문장,cc9d4f32-66ef-4473-8e5b-e7fe7e328917,정다화스킨케어,피부미용업,"호성2길, 3길 골목형상점가",골목형상점가,전북특별자치도,,,
f868ba35b98e5a28af01,full_annotation_v1,A,q_유아용품_01,애기 이유식 재료,생활·마트 중 '유아용품'을 판매·제공하는 매장,train,유아용품,T4 구어·문장,e6413f90-c17f-4343-babf-434aaf1bf641,베이킹데이,제과제빵 재료,임동 골목형상점가,골목형상점가,광주광역시,,,
2ee92a57ceba10d63e65,full_annotation_v1,A,q_유아용품_01,애기 이유식 재료,생활·마트 중 '유아용품'을 판매·제공하는 매장,train,유아용품,T4 구어·문장,718d1442-1d40-40e5-afb2-c22246f47e94,이유진웨딩,가구,성정가구거리상점가,자율상권구역,충청남도,,,
fb6622f93028f1c69852,full_annotation_v1,A,q_유아용품_01,애기 이유식 재료,생활·마트 중 '유아용품'을 판매·제공하는 매장,train,유아용품,T4 구어·문장,440cd5d3-343b-4b69-8c43-d74994558164,애기아빠,,서문시장2지구 종합상가,전통시장,대구광역시,,,
a82ce6700a54dfe4d28d,full_annotation_v1,A,q_유아용품_01,애기 이유식 재료,생활·마트 중 '유아용품'을 판매·제공하는 매장,train,유아용품,T4 구어·문장,6f3edd44-e9d5-492e-9771-f3e1ef12c64d,맘마찬,이유식,진천혁신골목형상점가,골목형상점가,충청북도,,,
05541e367c97e8005bf0,full_annotation_v1,A,q_유아용품_01,애기 이유식 재료,생활·마트 중 '유아용품'을 판매·제공하는 매장,train,유아용품,T4 구어·문장,0b5c17ef-296e-482e-972d-5193fb2c9c18,대보유통,호두과자 재료,칠성전자주방시장,전통시장,대구광역시,,,
7ea7218e646b898ca3e2,full_annotation_v1,A,q_유아용품_01,애기 이유식 재료,생활·마트 중 '유아용품'을 판매·제공하는 매장,train,유아용품,T4 구어·문장,1111c75b-aed9-4c53-9135-b8f81701869f,이유헤어,,석적로강변 골목형상점가,골목형상점가,경상북도,,,
0ff984a874a286c07232,full_annotation_v1,A,q_유아용품_01,애기 이유식 재료,생활·마트 중 '유아용품'을 판매·제공하는 매장,train,유아용품,T4 구어·문장,74de0fad-2ae1-409b-842f-314219a482ba,애기똥풀,의류,중앙신시장,전통시장,경상북도,,,
49a6b7c4cd1f1b7f1094,full_annotation_v1,A,q_유아용품_01,애기 이유식 재료,생활·마트 중 '유아용품'을 판매·제공하는 매장,train,유아용품,T4 구어·문장,ffe91b4a-56be-4be1-9357-00e9347217a1,"유성복집 세종점1,2",복어,나성동 소방청 골목형상점가,골목형상점가,세종특별자치시,,,
685c6d2cfc17623de553,full_annotation_v1,A,q_유아용품_01,애기 이유식 재료,생활·마트 중 '유아용품'을 판매·제공하는 매장,train,유아용품,T4 구어·문장,1522bd94-c4c6-475f-8ee4-50fea40ef9d4,이유네일,네일,메트로센터(반월당지하쇼핑),일반지하상점가,대구광역시,,,
51af38b80c37448e3202,full_annotation_v1,A,q_유아용품_01,애기 이유식 재료,생활·마트 중 '유아용품'을 판매·제공하는 매장,train,유아용품,T4 구어·문장,76a17754-7989-4dcd-9df3-7757948bb93a,크라운가발,"가발, 미용 재료",종로신백제 골목형상점가,골목형상점가,서울특별시,,,
1be2d9eeb33817a36a74,full_annotation_v1,A,q_유아용품_01,애기 이유식 재료,생활·마트 중 '유아용품'을 판매·제공하는 매장,train,유아용품,T4 구어·문장,33deeb9a-462e-4a0d-89c8-e934b6ff868a,비즈마트,"비즈공예 재료, 잡화공예 재료, 잡화",부산진시장,전통시장,부산광역시,,,
3d7f3efc685bdf327e56,full_annotation_v1,A,q_유아용품_01,애기 이유식 재료,생활·마트 중 '유아용품'을 판매·제공하는 매장,train,유아용품,T4 구어·문장,01061807-98a8-4237-856d-c9ccf65ba06f,이유,여성의류,상무오월로상인회 골목형상점가,골목형상점가,광주광역시,,,
b4f8378478cb6a47dab7,full_annotation_v1,A,q_유아용품_01,애기 이유식 재료,생활·마트 중 '유아용품'을 판매·제공하는 매장,train,유아용품,T4 구어·문장,b4290ad4-d93f-4dc0-84a1-fef1120154d0,엄마사랑,"건강식품, 이유식",수암상가시장,전통시장,울산광역시,,,
0c3b472efde427de758c,full_annotation_v1,A,q_유아용품_01,애기 이유식 재료,생활·마트 중 '유아용품'을 판매·제공하는 매장,train,유아용품,T4 구어·문장,8c425f5c-f45a-4e42-926b-749dd61408db,대구 이유집,잡화,대구패션주얼리특구,자율상권구역,대구광역시,,,
f4caee602d2c00943029,full_annotation_v1,A,q_유아용품_01,애기 이유식 재료,생활·마트 중 '유아용품'을 판매·제공하는 매장,train,유아용품,T4 구어·문장,3957ab6d-26c7-4b2c-a7ef-9d6ea9e660ed,애기엄마수산,생선,서부시장(서부재래시장),전통시장,충청남도,,,
ff3f2e0a74b89fc0b32b,full_annotation_v1,A,q_유아용품_01,애기 이유식 재료,생활·마트 중 '유아용품'을 판매·제공하는 매장,train,유아용품,T4 구어·문장,373afd3a-79d0-4e8f-b56a-ef98b8130dff,크래프트랩 크눔,수공예 제품 및 재료,해남매일시장,전통시장,전라남도,,,
a71fb1c08de9beca0a1b,full_annotation_v1,A,q_유아용품_01,애기 이유식 재료,생활·마트 중 '유아용품'을 판매·제공하는 매장,train,유아용품,T4 구어·문장,ed2d6c9f-62fa-468b-ae9c-200d5a3750c4,거상자원,재생용 재료,심곡복개천 상점가,자율상권구역,경기도,,,
118f3c9fd63d21208628,full_annotation_v1,A,q_유아용품_01,애기 이유식 재료,생활·마트 중 '유아용품'을 판매·제공하는 매장,train,유아용품,T4 구어·문장,ddebf52f-88f3-4b13-b93e-99b3f8ff70f6,주식회사 티우드,"다구, 티매트 및 문화공방 재료 원데이클래스 kit, 티, 티푸드",경동시장,전통시장,서울특별시,,,
e4a1082d56d654322309,full_annotation_v1,A,q_유아용품_01,애기 이유식 재료,생활·마트 중 '유아용품'을 판매·제공하는 매장,train,유아용품,T4 구어·문장,01d82e63-f87c-46bc-a7ba-63bffeafd15a,젤리블리스,카페,동편마을중심상가 골목형상점가,골목형상점가,경기도,,,
b0a415eca9c058a6cd8f,full_annotation_v1,A,q_유아용품_01,애기 이유식 재료,생활·마트 중 '유아용품'을 판매·제공하는 매장,train,유아용품,T4 구어·문장,b3c87b9d-558e-4696-a4fb-91f70bcc5833,정호당필방,문방사우 한국화 및 불화 재료,제2경주중심상가시장(경주봉황중심상가시장),전통시장,경상북도,,,
f335b1a8d9b988107169,full_annotation_v1,A,q_유아용품_01,애기 이유식 재료,생활·마트 중 '유아용품'을 판매·제공하는 매장,train,유아용품,T4 구어·문장,1146c415-56a2-4fe2-8e7a-0af1d9fa5747,알콩달콩얌얌이유식,반찬,도리섬상점가,자율상권구역,경기도,,,
83de6f8e9fb37bc851b4,full_annotation_v1,A,q_유아용품_01,애기 이유식 재료,생활·마트 중 '유아용품'을 판매·제공하는 매장,train,유아용품,T4 구어·문장,cab94e36-9319-4367-ae1f-bc5202a2fbe8,염매이유식,이유식,염매시장(구 덕산시장),전통시장,대구광역시,,,
c2b66eeb516d23f11199,full_annotation_v1,A,q_유아용품_01,애기 이유식 재료,생활·마트 중 '유아용품'을 판매·제공하는 매장,train,유아용품,T4 구어·문장,ec31d8d1-8e19-4f75-9c7d-11e71f94281d,이유네일,네일,계림그랜드센트럴 골목형상점가,골목형상점가,광주광역시,,,
1a111c36fa2ad105beb9,full_annotation_v1,A,q_유아용품_01,애기 이유식 재료,생활·마트 중 '유아용품'을 판매·제공하는 매장,train,유아용품,T4 구어·문장,284d03db-ef11-48d6-b93c-d4d305f04a7d,아기수라간,이유식아기반찬,효천로 골목형상점가,골목형상점가,광주광역시,,,
07f1a42db8f4c7764abc,full_annotation_v1,A,q_유아용품_01,애기 이유식 재료,생활·마트 중 '유아용품'을 판매·제공하는 매장,train,유아용품,T4 구어·문장,a657d05f-6401-48d0-a15a-7a0f7298f135,천사(1004),소매업,홍대소상공인 상점가,자율상권구역,서울특별시,,,
9aa919cc661b3e077efa,full_annotation_v1,A,q_유아용품_01,애기 이유식 재료,생활·마트 중 '유아용품'을 판매·제공하는 매장,train,유아용품,T4 구어·문장,3f72e55b-8ccc-4f65-9c85-c0b30b601b04,애기아빠,아동신발,서문시장2지구 종합상가,전통시장,대구광역시,,,
1f688b1bfcb180d458cb,full_annotation_v1,A,q_유아용품_01,애기 이유식 재료,생활·마트 중 '유아용품'을 판매·제공하는 매장,train,유아용품,T4 구어·문장,46f151c1-8fa0-45f8-bda4-ecd82c74ccfa,맘앤맘마광주광산점,이유식,선운 골목형상점가,골목형상점가,광주광역시,,,
879244f7eae5c39f9b5b,full_annotation_v1,A,q_유아용품_01,애기 이유식 재료,생활·마트 중 '유아용품'을 판매·제공하는 매장,train,유아용품,T4 구어·문장,62aa2ca9-10ce-4ec3-a51b-5097284c2e7b,애기김밥,한식,남해 명품화전길 골목형상점가,골목형상점가,경상남도,,,
a1778e29ee18b8e4ec5c,full_annotation_v1,A,q_유아용품_01,애기 이유식 재료,생활·마트 중 '유아용품'을 판매·제공하는 매장,train,유아용품,T4 구어·문장,8599db6d-0af9-4bb4-ba5a-f29ff5ac210d,동건이유식,미숫가루,흥해시장,전통시장,경상북도,,,
cd4ab4fa0f49d42e1455,full_annotation_v1,A,q_유아용품_01,애기 이유식 재료,생활·마트 중 '유아용품'을 판매·제공하는 매장,train,유아용품,T4 구어·문장,2d898385-44cf-41d3-93e9-03647d9557f8,이유당,제과점,신가동 골목형상점가,골목형상점가,광주광역시,,,
2150986d91bbaf8e5679,full_annotation_v1,A,q_의료_01,의료,건강·의료 중 '의료'를 판매·제공하는 매장,test,의료,T1 정확표기,050da1c5-fa0f-4274-a22b-ed802454930e,에이본치과,의료,성당레미안이편한상가 골목형상점가,골목형상점가,대구광역시,,,
162031b3a3a9a609d9b5,full_annotation_v1,A,q_의료_01,의료,건강·의료 중 '의료'를 판매·제공하는 매장,test,의료,T1 정확표기,7de77211-458e-406c-8e66-d256308ec568,서울나인앤의원,의료,시청앞사거리 골목형상점가,골목형상점가,충청남도,,,
4be7b998361081d65e2f,full_annotation_v1,A,q_의료_01,의료,건강·의료 중 '의료'를 판매·제공하는 매장,test,의료,T1 정확표기,0056dcd4-0ac0-4535-9ee5-c8fd19d8ff14,중화한의원,한의원,보령한내시장,전통시장,충청남도,,,
b3b10fea0805fed52f6a,full_annotation_v1,A,q_의료_01,의료,건강·의료 중 '의료'를 판매·제공하는 매장,test,의료,T1 정확표기,f2f40065-3197-4c7b-af62-433ac62cb54f,수 한의원,의료,산본로데오거리(구 산본중심상가),자율상권구역,경기도,,,
bc74e1a678100fdc6ce2,full_annotation_v1,A,q_의료_01,의료,건강·의료 중 '의료'를 판매·제공하는 매장,test,의료,T1 정확표기,f47d19a1-8d81-4ef6-8bfa-e5b2d7fd0dbe,이내과의원,의료,염주먹자골목A구역상인회 골목형상점가,골목형상점가,광주광역시,,,
a2ed17b2e621589766cb,full_annotation_v1,A,q_의료_01,의료,건강·의료 중 '의료'를 판매·제공하는 매장,test,의료,T1 정확표기,c62a01e5-dee3-480d-8b7a-be4456e340c9,열린치과,의료,무안읍중심상가상점가,기타,전라남도,,,
5b9836c04c4c6c4085ac,full_annotation_v1,A,q_의료_01,의료,건강·의료 중 '의료'를 판매·제공하는 매장,test,의료,T1 정확표기,98474c61-e74f-4217-a8af-d186cf86f156,햇님한의원,의료,소담마실길 골목형상점가,골목형상점가,세종특별자치시,,,
9294cfc9712c2586eb34,full_annotation_v1,A,q_의료_01,의료,건강·의료 중 '의료'를 판매·제공하는 매장,test,의료,T1 정확표기,19237972-37b9-4311-9157-2d1ddb6f3bb6,으뜸한의원,의료,산본로데오거리(구 산본중심상가),자율상권구역,경기도,,,
4bc5165dfd66eb53505c,full_annotation_v1,A,q_의료_01,의료,건강·의료 중 '의료'를 판매·제공하는 매장,test,의료,T1 정확표기,00192f22-a492-4ba5-a62d-65bf0d0ec7b9,큰물한의원,한의원,전주서곡 골목형상점가,골목형상점가,전북특별자치도,,,
b11ff71f1b40b44d7ca4,full_annotation_v1,A,q_의료_01,의료,건강·의료 중 '의료'를 판매·제공하는 매장,test,의료,T1 정확표기,592232af-e512-4e89-8f2b-96d77860a565,미라벨의원,의료,약수시장골목형상점가,골목형상점가,서울특별시,,,
5be39922f34fdb01dd0c,full_annotation_v1,A,q_의료_01,의료,건강·의료 중 '의료'를 판매·제공하는 매장,test,의료,T1 정확표기,665209a9-8205-4da7-bffb-ac2baade91fe,미래꿈나무쥬니어치과,의료,병점중심상가,자율상권구역,경기도,,,
830a52cbb6e2b8267ce5,full_annotation_v1,A,q_의료_01,의료,건강·의료 중 '의료'를 판매·제공하는 매장,test,의료,T1 정확표기,9d5c3258-e098-4bc2-b62c-3b968e35bc7b,세움치과의원,의료,아름동상점가,자율상권구역,세종특별자치시,,,
621f78d950b1f1edbc24,full_annotation_v1,A,q_의료_01,의료,건강·의료 중 '의료'를 판매·제공하는 매장,test,의료,T1 정확표기,9ebb7804-3688-406e-9b64-e0e73176067c,신동아29호,수산물,신동아수산물종합시장,전통시장,부산광역시,,,
29a21cf45906e4149a0b,full_annotation_v1,A,q_의료_01,의료,건강·의료 중 '의료'를 판매·제공하는 매장,test,의료,T1 정확표기,5b240c95-7f81-4238-a8ec-f412de773f2c,마당발,,언양알프스시장,전통시장,울산광역시,,,
ddeef1f00369b2e7f3b4,full_annotation_v1,A,q_의료_01,의료,건강·의료 중 '의료'를 판매·제공하는 매장,test,의료,T1 정확표기,dcab96f8-6722-4eff-9a7c-3b9de21f873e,은혜당한약국,의료,서울약령시장,전통시장,서울특별시,,,
8bac3766038f6da156dd,full_annotation_v1,A,q_의료_01,의료,건강·의료 중 '의료'를 판매·제공하는 매장,test,의료,T1 정확표기,013526b7-d35c-404e-93d1-3a112d8de0c6,아이생각소아청소년과의원,진료비,신용동 골목형상점가,골목형상점가,광주광역시,,,
d4ab34ec7f76bce2ac27,full_annotation_v1,A,q_의료_01,의료,건강·의료 중 '의료'를 판매·제공하는 매장,test,의료,T1 정확표기,7d6018f6-ef12-44b4-be38-c7448cecbdaa,유병전내과,의료,북부서 맞은편 골목형상점가,골목형상점가,광주광역시,,,
a2baf8eeb58634b4776e,full_annotation_v1,A,q_의료_01,의료,건강·의료 중 '의료'를 판매·제공하는 매장,test,의료,T1 정확표기,b62292c4-17be-4cf3-aa9d-66b4c6292fea,서울성이비인후과의원,의료,장자호수공원 골목형상점가,골목형상점가,경기도,,,
c9d5bec689e4c0b38f31,full_annotation_v1,A,q_의료_01,의료,건강·의료 중 '의료'를 판매·제공하는 매장,test,의료,T1 정확표기,bfa5e030-a685-40b3-97e8-a1b7164b3b4e,신성치과,의료,성당레미안이편한상가 골목형상점가,골목형상점가,대구광역시,,,
42308ccae016c4ab759d,full_annotation_v1,A,q_의료_01,의료,건강·의료 중 '의료'를 판매·제공하는 매장,test,의료,T1 정확표기,00427918-a4b0-485e-ab42-62ebce752f92,유디해운대치과의원,의료,영풍리젠시 골목형상점가,골목형상점가,부산광역시,,,
1756eb03c40c3cad09c5,full_annotation_v1,A,q_의료_01,의료,건강·의료 중 '의료'를 판매·제공하는 매장,test,의료,T1 정확표기,42dcd886-28df-41b1-a184-075ca57c02e1,옥윤영한의원,의료,목화 골목형상점가,골목형상점가,광주광역시,,,
a97b4a09dcaea69e371a,full_annotation_v1,A,q_의료_01,의료,건강·의료 중 '의료'를 판매·제공하는 매장,test,의료,T1 정확표기,1cc40c83-e03f-4abd-ba7a-72982e1d5fe7,우리가족치과,의료,바람골골목형상점가,골목형상점가,충청북도,,,
e42b93b158b6e6db28f3,full_annotation_v1,A,q_의료_01,의료,건강·의료 중 '의료'를 판매·제공하는 매장,test,의료,T1 정확표기,9286f415-404e-402a-b89a-b485be8acdd8,산돌한의원,의료,가재마을 골목형상점가,골목형상점가,세종특별자치시,,,
2a13b23f27f4fecc7d9f,full_annotation_v1,A,q_의료_01,의료,건강·의료 중 '의료'를 판매·제공하는 매장,test,의료,T1 정확표기,41a830c9-a316-4aa0-90dc-dc143c7b731b,사랑애치과,의료,금호상인회 골목형상점가,골목형상점가,광주광역시,,,
581d2b207414e8459a8f,full_annotation_v1,A,q_의료_01,의료,건강·의료 중 '의료'를 판매·제공하는 매장,test,의료,T1 정확표기,6eb37051-3812-4645-860a-6a15830731e8,다니엘의원,의료,효천로 골목형상점가,골목형상점가,광주광역시,,,
15f4fd04612d98f25c06,full_annotation_v1,A,q_의료_01,의료,건강·의료 중 '의료'를 판매·제공하는 매장,test,의료,T1 정확표기,00962f54-90e0-479e-84a4-3f6e6f6515ec,비쥬여성산부인과의원,의료,운수대통 골목형상점가,골목형상점가,광주광역시,,,
8bdd9cb1237e3aca53b4,full_annotation_v1,A,q_의료_01,의료,건강·의료 중 '의료'를 판매·제공하는 매장,test,의료,T1 정확표기,35a4df68-ddbb-4a80-8f96-87b2520a5ee9,인성목재,목재,동림2 골목형상점가,골목형상점가,광주광역시,,,
690df76f4da3f7291697,full_annotation_v1,A,q_의료_01,의료,건강·의료 중 '의료'를 판매·제공하는 매장,test,의료,T1 정확표기,005f6f1a-ae3e-47a8-9298-8c7cae082531,삼선의원,일반의원,광복마을3-4길 골목형상점가,골목형상점가,광주광역시,,,
a7802ae7286a87a3f9b5,full_annotation_v1,A,q_의료_01,의료,건강·의료 중 '의료'를 판매·제공하는 매장,test,의료,T1 정확표기,2a532c9e-9fe8-4206-a206-4b817415ae2e,부여명가정신건강의학과의원,의료,부여새시장,전통시장,충청남도,,,
61e7a68cb34a33fa9348,full_annotation_v1,A,q_의료_01,의료,건강·의료 중 '의료'를 판매·제공하는 매장,test,의료,T1 정확표기,1b535089-13e5-462b-a589-595e9d293c69,굿모닝한의원,의료,쇠내울골목형상점가,골목형상점가,충청북도,,,
52f37073992fc38b1141,full_annotation_v1,A,q_의료_01,의료,건강·의료 중 '의료'를 판매·제공하는 매장,test,의료,T1 정확표기,812440f3-e206-42ea-ab57-60844a6d8182,미즈피아병원,의료,치평상무역상인회 골목형상점가,골목형상점가,광주광역시,,,
678a68fbaf2b6b73821f,full_annotation_v1,A,q_의료_01,의료,건강·의료 중 '의료'를 판매·제공하는 매장,test,의료,T1 정확표기,00fdab59-58f8-4c63-8765-30cb59a78156,도안프라임치과의원,치과진료,목원대 골목형상점가,골목형상점가,대전광역시,,,
abb30869aea5e4ec5dc1,full_annotation_v1,A,q_의료_01,의료,건강·의료 중 '의료'를 판매·제공하는 매장,test,의료,T1 정확표기,9d888d7e-0a7a-4699-9bef-614bea0c428a,365굿모닝한의원,의료,평촌1번가 상점가,자율상권구역,경기도,,,
c855b64925c736e0a765,full_annotation_v1,A,q_의료_01,의료,건강·의료 중 '의료'를 판매·제공하는 매장,test,의료,T1 정확표기,7c8d4725-7749-463c-9c67-e29daacc8b7a,선이고운치과의원,의료,신세계앞상인회 골목형상점가,골목형상점가,광주광역시,,,
f4a5afdb06490c9c55af,full_annotation_v1,A,q_의료_01,의료,건강·의료 중 '의료'를 판매·제공하는 매장,test,의료,T1 정확표기,0006edf8-62da-4c5d-8bed-80e32a855936,e-바른치과의원,병원,금화로상인회 골목형상점가,골목형상점가,광주광역시,,,
1fabfa0475d674630204,full_annotation_v1,A,q_의료_01,의료,건강·의료 중 '의료'를 판매·제공하는 매장,test,의료,T1 정확표기,ee17834f-0b70-426a-bb3d-e88fc9aadc7f,이내과의원,의료,남평읍1로 골목형상점가,골목형상점가,전라남도,,,
298cb23acd3423417646,full_annotation_v1,A,q_의료_01,의료,건강·의료 중 '의료'를 판매·제공하는 매장,test,의료,T1 정확표기,20761589-60e1-471e-90ee-578f8041a1b1,꼬마이치과,의료,문흥2동 골목형상점가,골목형상점가,광주광역시,,,
d30e51442c29b1d4b85b,full_annotation_v1,A,q_의료_01,의료,건강·의료 중 '의료'를 판매·제공하는 매장,test,의료,T1 정확표기,6f79e1f8-be76-464f-b83d-4f72763a1038,박언우이비인후과,의료,둔산3동상점가,자율상권구역,대전광역시,,,
caacd99f1dea0d7191d3,full_annotation_v1,A,q_의료_01,의료,건강·의료 중 '의료'를 판매·제공하는 매장,test,의료,T1 정확표기,072ed95f-4c7c-4962-bdca-87c8558de161,한신내과,내과,여의동 골목형상점가,골목형상점가,전북특별자치도,,,
1b794ca79dff0c6e8afd,full_annotation_v1,A,q_의료_01,의료,건강·의료 중 '의료'를 판매·제공하는 매장,test,의료,T1 정확표기,3be87fd3-952d-4145-baf1-f41f6cb7f747,서울굿닥터의원,의료,새롬동 골목형상점가,골목형상점가,세종특별자치시,,,
0b8c716032de1bfb17b9,full_annotation_v1,A,q_의료_01,의료,건강·의료 중 '의료'를 판매·제공하는 매장,test,의료,T1 정확표기,8ab2ceb8-29fd-44a4-8218-fb8fff5ba79f,미모의원,의료,두암1동 골목형상점가,골목형상점가,광주광역시,,,
62c08d56edfc473a6c67,full_annotation_v1,A,q_의료_01,의료,건강·의료 중 '의료'를 판매·제공하는 매장,test,의료,T1 정확표기,3e14d52a-bdf3-4d96-89b2-05dc29b580d3,가치과,의료,방이시장,전통시장,서울특별시,,,
97a2e0e72e34c6614248,full_annotation_v1,A,q_의료_01,의료,건강·의료 중 '의료'를 판매·제공하는 매장,test,의료,T1 정확표기,19a7c098-86d6-4ecf-a79b-af07cc2e3dbe,연합치과,의료,월곡2동 골목형상점가,골목형상점가,광주광역시,,,
6fa07fea7b8370e3dbf1,full_annotation_v1,A,q_의료_01,의료,건강·의료 중 '의료'를 판매·제공하는 매장,test,의료,T1 정확표기,0083c935-4cf1-4856-831b-5e623fcb71ac,봄봄이비인후과의원,의료서비스,고운동상점가,자율상권구역,세종특별자치시,,,
bb9457d031066825ddbd,full_annotation_v1,A,q_의료_01,의료,건강·의료 중 '의료'를 판매·제공하는 매장,test,의료,T1 정확표기,08144d0b-f70f-4e6a-b20d-9dc93b3cc304,JM의원,의료,희담길,골목형상점가,광주광역시,,,
19cc32d53aaf73f0cd61,full_annotation_v1,A,q_의료_01,의료,건강·의료 중 '의료'를 판매·제공하는 매장,test,의료,T1 정확표기,dac3d29c-c2f3-4181-a6d5-9b5fd7c4e51d,양산튼튼마취통증의학과의원,의료,양산 남부시장상가,전통시장,경상남도,,,
0d1e4a8e193f2cc4b21a,full_annotation_v1,A,q_의료_01,의료,건강·의료 중 '의료'를 판매·제공하는 매장,test,의료,T1 정확표기,73bf9868-7521-45b1-bbb2-4bcc375ec889,서울치과의원,의료,강화버스터미널시장,전통시장,인천광역시,,,
721edd3b72c0efe6f997,full_annotation_v1,A,q_의료_01,의료,건강·의료 중 '의료'를 판매·제공하는 매장,test,의료,T1 정확표기,6d356efb-b00c-49b0-a031-3608f77e611b,양지한의원,의료,백년시장(구 강북종합전통시장),전통시장,서울특별시,,,
cf28a184b432fb71bd83,full_annotation_v1,A,q_의료_01,의료,건강·의료 중 '의료'를 판매·제공하는 매장,test,의료,T1 정확표기,a8b787a6-7306-4081-99ff-44e1a86a1b9c,해맑은한의원,의료,연제오방 상권활성화구역,상권활성화구역,부산광역시,,,
2ed07d304d98167347e3,full_annotation_v1,A,q_의료_01,의료,건강·의료 중 '의료'를 판매·제공하는 매장,test,의료,T1 정확표기,01b5432d-9420-483d-8da1-210127e3bb61,다사랑패밀리의원,내과 이비인후과 소아과,다사역 골목형상점가,골목형상점가,대구광역시,,,
7472c2579874f581efbe,full_annotation_v1,A,q_의료_01,의료,건강·의료 중 '의료'를 판매·제공하는 매장,test,의료,T1 정확표기,5c265e5e-e1a4-4169-8608-026b16e392df,진플란트치과의원,의료,청당2번가 골목형상점가,골목형상점가,충청남도,,,
59f960d9a58783a1c2de,full_annotation_v1,A,q_의료_01,의료,건강·의료 중 '의료'를 판매·제공하는 매장,test,의료,T1 정확표기,6d9228ae-fc22-4e16-91b9-dbd73ca7b2f1,소망의원,의료,퇴계로 골목형상점가,골목형상점가,서울특별시,,,
614f2e390d6eb1952e84,full_annotation_v1,A,q_의료_01,의료,건강·의료 중 '의료'를 판매·제공하는 매장,test,의료,T1 정확표기,84618648-c1cc-467e-a9a0-6d57d535e636,성모안과의원,의료,상무중앙상인회 골목형상점가,골목형상점가,광주광역시,,,
9c1ce0ba30700811b347,full_annotation_v1,A,q_의료_01,의료,건강·의료 중 '의료'를 판매·제공하는 매장,test,의료,T1 정확표기,4f4805e7-3038-4244-8009-5bdb2969e131,전진상회,의류,서문시장2지구 종합상가,전통시장,대구광역시,,,
2707a9578ed5665c2009,full_annotation_v1,A,q_의료_01,의료,건강·의료 중 '의료'를 판매·제공하는 매장,test,의료,T1 정확표기,00538958-226f-4338-8542-1fd9df6996d4,새현대치과,의료,매곡 가인 골목형상점가,골목형상점가,광주광역시,,,
1126523321e90a432f5f,full_annotation_v1,A,q_의료_01,의료,건강·의료 중 '의료'를 판매·제공하는 매장,test,의료,T1 정확표기,793cbc03-d7b4-4460-975b-aaa1f894611e,동림조명,조명,동림2 골목형상점가,골목형상점가,광주광역시,,,
fad27dcbe41b8583a83f,full_annotation_v1,A,q_의료_01,의료,건강·의료 중 '의료'를 판매·제공하는 매장,test,의료,T1 정확표기,0737b52c-4332-48bd-8903-f9f91da2d603,옴므,남성복,서원동상점가,자율상권구역,서울특별시,,,
e2851f97397106e75eda,full_annotation_v1,A,q_의료_01,의료,건강·의료 중 '의료'를 판매·제공하는 매장,test,의료,T1 정확표기,bb0338e9-2a35-473e-8d0a-ed919c5b6900,가라사대의원한의원,의료,반석동 골목형상점가,골목형상점가,대전광역시,,,
63acc064804e7c46029c,full_annotation_v1,A,q_의료_01,의료,건강·의료 중 '의료'를 판매·제공하는 매장,test,의료,T1 정확표기,d167ff95-7b86-4ef1-b43e-ce712eda0713,e클린치과의원,의료,광복마을푸른길 골목형상점가,골목형상점가,광주광역시,,,
b40ae30f117e0ae2e466,full_annotation_v1,A,q_의료_01,의료,건강·의료 중 '의료'를 판매·제공하는 매장,test,의료,T1 정확표기,1911ab86-b1c4-450e-af18-cafef5d6aab5,청담BS한의원,의료,사리골상점가,자율상권구역,경기도,,,
9cb05b69629fd0b93b61,full_annotation_v1,A,q_의료_01,의료,건강·의료 중 '의료'를 판매·제공하는 매장,test,의료,T1 정확표기,b9fc61e1-e2e5-4ab6-9370-9be54a9d8784,하이탑마취통증의학과,의료,태화시장,전통시장,울산광역시,,,
c8cdfb68e01b30750450,full_annotation_v1,A,q_의료_01,의료,건강·의료 중 '의료'를 판매·제공하는 매장,test,의료,T1 정확표기,6c714f5c-264b-408a-aedf-c02bf03172fc,나용필모피부과,의료,신세계앞상인회 골목형상점가,골목형상점가,광주광역시,,,
8405e656780afce6f2a5,full_annotation_v1,A,q_의료_01,의료,건강·의료 중 '의료'를 판매·제공하는 매장,test,의료,T1 정확표기,11a19d39-12d3-4297-95ae-4c02770a0117,아름치과의원,의료,아름동상점가,자율상권구역,세종특별자치시,,,
169026838a200332006e,full_annotation_v1,A,q_의료_01,의료,건강·의료 중 '의료'를 판매·제공하는 매장,test,의료,T1 정확표기,296177a8-d153-4b53-b6f3-69e2cd0e9689,쓰담한의원,의료,금호상인회 골목형상점가,골목형상점가,광주광역시,,,
523ef14c3c65d3feffc8,full_annotation_v1,A,q_의료_01,의료,건강·의료 중 '의료'를 판매·제공하는 매장,test,의료,T1 정확표기,00d494f5-7e0f-4ced-927a-3360ced94954,핑크유외과,병원,어진동 골목형상점가,골목형상점가,세종특별자치시,,,
bf1da461e5f54beabeb6,full_annotation_v1,A,q_의료_01,의료,건강·의료 중 '의료'를 판매·제공하는 매장,test,의료,T1 정확표기,00523307-cc4c-4b0c-8b2f-176ca7450d24,오름한의원,한의원,아차산등산로골목형상점가,골목형상점가,서울특별시,,,
a511bcf12525cf21e9ba,full_annotation_v1,A,q_의료_01,의료,건강·의료 중 '의료'를 판매·제공하는 매장,test,의료,T1 정확표기,95e0c899-0a81-4cd1-a2e5-0afa81036935,드릴짐 주짓수,체력단련,가원 골목형상점가,골목형상점가,울산광역시,,,
7015c507d4851e5e6b5a,full_annotation_v1,A,q_의료_01,의료,건강·의료 중 '의료'를 판매·제공하는 매장,test,의료,T1 정확표기,3fa0eeb8-930c-4be7-8f32-8e19099bc3fa,윤치과의원,의료,조치원중심가로상점가,자율상권구역,세종특별자치시,,,
30b256beb7a3136e8d72,full_annotation_v1,A,q_의료_01,의료,건강·의료 중 '의료'를 판매·제공하는 매장,test,의료,T1 정확표기,da757f0a-c03f-4f2c-83d4-a036cd65ee80,경희유안한의원,의료,강남개포시장(구 개포2동중심상점가),자율상권구역,서울특별시,,,
38c688287c5917ccfd8d,full_annotation_v1,A,q_의료_01,의료,건강·의료 중 '의료'를 판매·제공하는 매장,test,의료,T1 정확표기,6e8be89c-0e18-4c27-ac85-2b750688f26c,라메종의원,의료,해밀동 골목형상점가,골목형상점가,세종특별자치시,,,
9a13a3b3c223e8913cef,full_annotation_v1,A,q_의료_01,의료,건강·의료 중 '의료'를 판매·제공하는 매장,test,의료,T1 정확표기,fd0e9d14-e5ac-41f5-8ea9-da6aafa0404d,울산제일의원,의료,야음상가시장,전통시장,울산광역시,,,
5b57e26df5eaaed49bc7,full_annotation_v1,A,q_의료_01,의료,건강·의료 중 '의료'를 판매·제공하는 매장,test,의료,T1 정확표기,5ae58813-45d9-4e0c-9d9f-e098478037ae,한마음한의원,의료,방이시장,전통시장,서울특별시,,,
7de238c247afe72a4b7a,full_annotation_v1,A,q_의료_01,의료,건강·의료 중 '의료'를 판매·제공하는 매장,test,의료,T1 정확표기,01e01dc9-a690-442d-a992-0716da4fc86a,소나무한의원,한의진료서비스,수완하나로 골목형상점가,골목형상점가,광주광역시,,,
515ae1b9704c893ced20,full_annotation_v1,A,q_의료_01,의료,건강·의료 중 '의료'를 판매·제공하는 매장,test,의료,T1 정확표기,01225d66-8811-407d-9bce-43e4dbb97e1c,조일한의원,한의원 진료 서비스,칠성상가시장,전통시장,대구광역시,,,
fa98d6f25b33a3a29689,full_annotation_v1,A,q_의료_01,의료,건강·의료 중 '의료'를 판매·제공하는 매장,test,의료,T1 정확표기,23462faf-c422-45f0-ac41-ee3af634b875,권오성의원,의료,주월1동회재로 골목형상점가,골목형상점가,광주광역시,,,
cb2c62ea81622658b147,full_annotation_v1,A,q_의료_01,의료,건강·의료 중 '의료'를 판매·제공하는 매장,test,의료,T1 정확표기,276f126c-a0a1-418b-9f22-8c46d17c0cbb,열린이비인후과,의료,다정중앙 골목형상점가,골목형상점가,세종특별자치시,,,
91e0a6ea033def5bb6d8,full_annotation_v1,A,q_의료_01,의료,건강·의료 중 '의료'를 판매·제공하는 매장,test,의료,T1 정확표기,2845fd30-b2f0-463f-8195-d9a7d6fc05c7,명인한의원,의료,야탑 골목형상점가,골목형상점가,경기도,,,
c3eb861c70af5c374653,full_annotation_v1,A,q_의료_01,의료,건강·의료 중 '의료'를 판매·제공하는 매장,test,의료,T1 정확표기,f6f7cdb8-0337-4342-b489-84fa3bb5e55f,김성진내과의,의료,산본사거리 골목형상점가,골목형상점가,경기도,,,
69aa27f2a059e3d3ed27,full_annotation_v1,A,q_의료_01,의료,건강·의료 중 '의료'를 판매·제공하는 매장,test,의료,T1 정확표기,f1cd21e5-4bde-44c3-86e5-9b1395569e06,복음내과의원,의료,삼익사거리 골목형상점가,골목형상점가,광주광역시,,,
835a0359a436a1f0f1fc,full_annotation_v1,A,q_의료_01,의료,건강·의료 중 '의료'를 판매·제공하는 매장,test,의료,T1 정확표기,c2188b47-a496-43e9-8f71-2e0276579ab9,미래성모이비인후과,의료,은행시장,전통시장,경기도,,,
3fad584eaa21b1ca6259,full_annotation_v1,A,q_의료_01,의료,건강·의료 중 '의료'를 판매·제공하는 매장,test,의료,T1 정확표기,a5805fe4-a1cf-45c0-a2ff-af314beabc21,e은혜치과의원,의료,임방울대로 골목형상점가,골목형상점가,광주광역시,,,
182b33ff0eb56475c1bb,full_annotation_v1,A,q_의료_01,의료,건강·의료 중 '의료'를 판매·제공하는 매장,test,의료,T1 정확표기,ac281c5b-311e-41f3-9a6f-30b82e90f12e,함빛병원,의료,북항사랑 골목형상점가,골목형상점가,전라남도,,,
2cb424ac09525d3bf8da,full_annotation_v1,A,q_의료_01,의료,건강·의료 중 '의료'를 판매·제공하는 매장,test,의료,T1 정확표기,6b6c4579-36af-4980-a456-543ca0aa158c,과일나라,과일,박달시장,전통시장,경기도,,,
f436909a42f62335fe87,full_annotation_v1,A,q_의료_01,의료,건강·의료 중 '의료'를 판매·제공하는 매장,test,의료,T1 정확표기,0002538c-b8d9-4911-81c7-966789036b09,빛고을 치과의원,의원,세은 골목형상점가,골목형상점가,광주광역시,,,
7e0972605605ce7c6d1d,full_annotation_v1,A,q_의료_01,의료,건강·의료 중 '의료'를 판매·제공하는 매장,test,의료,T1 정확표기,70f84d28-77cf-4e3c-9ecd-ff70a2c47187,양치과의원,의료,산본사거리 골목형상점가,골목형상점가,경기도,,,
086f4496dd493132f254,full_annotation_v1,A,q_의료_01,의료,건강·의료 중 '의료'를 판매·제공하는 매장,test,의료,T1 정확표기,067cdb1a-af4f-412e-b249-18ba9cde846b,반석내과영상의학과의원,내과 영상의학과,반석동 골목형상점가,골목형상점가,대전광역시,,,
d8722f38e4ebdce46f5e,full_annotation_v1,A,q_의료_01,의료,건강·의료 중 '의료'를 판매·제공하는 매장,test,의료,T1 정확표기,64c40c8d-6344-4dcc-9506-45373e19d966,황준화내과,의료,상무중앙상인회 골목형상점가,골목형상점가,광주광역시,,,
db0b622b7bd860390b60,full_annotation_v1,A,q_의료_01,의료,건강·의료 중 '의료'를 판매·제공하는 매장,test,의료,T1 정확표기,27dd2e88-89a6-49af-ba3e-a9f5e3e7e845,모아한의원,의료,답십리동부시장,전통시장,서울특별시,,,
8cd7912eb98cc1ad1e7d,full_annotation_v1,A,q_의료_01,의료,건강·의료 중 '의료'를 판매·제공하는 매장,test,의료,T1 정확표기,a9fc3572-f330-49f2-9a05-8fc08f556b06,금동한의원,의료,엄사 골목형상점가,골목형상점가,충청남도,,,
63e534bd0958b4abeada,full_annotation_v1,A,q_의료_01,의료,건강·의료 중 '의료'를 판매·제공하는 매장,test,의료,T1 정확표기,f1ac9baf-6e7d-456f-af07-d0664d0189d0,우리약속치과,의료,예술광장로상점가,자율상권구역,경기도,,,
a23bca7f6230ff217fea,full_annotation_v1,A,q_의료_01,의료,건강·의료 중 '의료'를 판매·제공하는 매장,test,의료,T1 정확표기,0040b4e6-7b74-4175-b54d-add4fe693d49,메디팜보명당약국,"의약품, 의료욕구, 복지욕구, 의료기기",점촌역전상점가,자율상권구역,경상북도,,,
4950386aa50f639938b8,full_annotation_v1,A,q_의료_01,의료,건강·의료 중 '의료'를 판매·제공하는 매장,test,의료,T1 정확표기,36675764-a0f1-4844-a3f1-f6bfb0c35523,조아진병원,의료,옛 경양방죽 골목형상점가,골목형상점가,광주광역시,,,
c623f27cdbda7ef6713e,full_annotation_v1,A,q_의료_01,의료,건강·의료 중 '의료'를 판매·제공하는 매장,test,의료,T1 정확표기,903d4954-e585-44e3-97a2-1975412325b1,중앙닭집,닭고기,논산화지중앙시장,전통시장,충청남도,,,
f9a92411aa23f0d570e4,full_annotation_v1,A,q_의료_01,의료,건강·의료 중 '의료'를 판매·제공하는 매장,test,의료,T1 정확표기,4c0f6bd3-93b9-4a67-bee8-465e8fec02b6,윤한의원,의료,남성사계시장,전통시장,서울특별시,,,
db7029f13943d0a29315,full_annotation_v1,A,q_의료_01,의료,건강·의료 중 '의료'를 판매·제공하는 매장,test,의료,T1 정확표기,f63ea296-3a3f-4b29-bf78-681f49a0b164,올바른한의원,의료,정읍중앙로상점가,자율상권구역,전북특별자치도,,,
b2e6ae5bdb118d7ca6f5,full_annotation_v1,A,q_의료_01,의료,건강·의료 중 '의료'를 판매·제공하는 매장,test,의료,T1 정확표기,fd0e9d14-3902-4bca-a18f-9e7347a071d7,우리들내과의원,의료,신세계앞상인회 골목형상점가,골목형상점가,광주광역시,,,
37c13cd9781f46a90edb,full_annotation_v1,A,q_의료_01,의료,건강·의료 중 '의료'를 판매·제공하는 매장,test,의료,T1 정확표기,c21328ec-bba0-4f9f-a874-28e43dfa1b04,연세세브란스치과의원,의료,종로신백제 골목형상점가,골목형상점가,서울특별시,,,
be946b054dece771589e,full_annotation_v1,A,q_의료_01,의료,건강·의료 중 '의료'를 판매·제공하는 매장,test,의료,T1 정확표기,d0f84441-0318-4e46-9516-c9baa0ae4d75,서울연합의원,의료,태릉골목형상점가,골목형상점가,서울특별시,,,
b5fca59fe93039e86b81,full_annotation_v1,A,q_의료_01,의료,건강·의료 중 '의료'를 판매·제공하는 매장,test,의료,T1 정확표기,654b14b7-4d18-44a0-ad90-17d6d2bfa110,벨버티의원,의료,주월양우내안애상가 골목형상점가,골목형상점가,광주광역시,,,
f81cb3804b271f6e447a,full_annotation_v1,A,q_의료_01,의료,건강·의료 중 '의료'를 판매·제공하는 매장,test,의료,T1 정확표기,6ce95fa3-bc8b-4aa6-a52e-02ea08bc4e42,진주채움한의원,의료,진주 자유시장,전통시장,경상남도,,,
7d55f1994a350f3c4e8a,full_annotation_v1,A,q_의료_01,의료,건강·의료 중 '의료'를 판매·제공하는 매장,test,의료,T1 정확표기,507cbfc7-72aa-4eec-8824-9378f50ef258,꽃길의원,의료,종로5가역일번출구상점가,자율상권구역,서울특별시,,,
052f02243e81720cb3c7,full_annotation_v1,A,q_의료_01,의료,건강·의료 중 '의료'를 판매·제공하는 매장,test,의료,T1 정확표기,06316b6a-5123-435b-ba3b-10f141a883ac,병방한의원,의료,계양산전통시장,전통시장,인천광역시,,,
05ca7a067f53f932ea76,full_annotation_v1,A,q_의료_01,의료,건강·의료 중 '의료'를 판매·제공하는 매장,test,의료,T1 정확표기,508bc4e8-b665-49e6-a767-9d263ae0f456,나무,의류,성남중앙지하시장,일반지하상점가,경기도,,,
80adcf25ab5aa82cdf79,full_annotation_v1,A,q_의료_01,의료,건강·의료 중 '의료'를 판매·제공하는 매장,test,의료,T1 정확표기,012ea1f6-bb18-4f60-811e-1858d1f8fb85,서울삼성내과,병원,장자호수공원 골목형상점가,골목형상점가,경기도,,,
09ab1d2f66581d2ec5e7,full_annotation_v1,A,q_의료_01,의료,건강·의료 중 '의료'를 판매·제공하는 매장,test,의료,T1 정확표기,48168d49-f20f-45dd-8249-9d6feb533e93,한밭의원,의료,문창동 보물찾(Chat)길 골목형상점가,골목형상점가,대전광역시,,,
ea97af7932eb6fdd5626,full_annotation_v1,A,q_의료_01,의료,건강·의료 중 '의료'를 판매·제공하는 매장,test,의료,T1 정확표기,6823ee93-e73d-4183-9cad-070004499898,두눈애안경,안경,가원 골목형상점가,골목형상점가,울산광역시,,,
5c945fea3e9a4a4a429a,full_annotation_v1,A,q_의료_01,의료,건강·의료 중 '의료'를 판매·제공하는 매장,test,의료,T1 정확표기,1ba3abba-2335-4763-bd7b-d774cbaa200b,한마음한의원,의료,둔포전통시장,전통시장,충청남도,,,
2a6eaf5325be38767216,full_annotation_v1,A,q_의료_01,의료,건강·의료 중 '의료'를 판매·제공하는 매장,test,의료,T1 정확표기,0286c595-5d7f-49db-876a-6959d52a7d39,서울더원플러스치과,치과진료,남성역 골목시장,전통시장,서울특별시,,,
0db739363ba6f115c58e,full_annotation_v1,A,q_의료_01,의료,건강·의료 중 '의료'를 판매·제공하는 매장,test,의료,T1 정확표기,29adddb7-e26d-472d-98d3-9b735c315072,우리이비인후과의원,의료,아름동상점가,자율상권구역,세종특별자치시,,,
14e280be82eb6578b98e,full_annotation_v1,A,q_의료_01,의료,건강·의료 중 '의료'를 판매·제공하는 매장,test,의료,T1 정확표기,610d7733-bac7-4c8e-a831-21ffe35a4eaf,드림아이안과,의료,사당4골목형상점가,골목형상점가,서울특별시,,,
eae545fb5ca80074a6ac,full_annotation_v1,A,q_의료_01,의료,건강·의료 중 '의료'를 판매·제공하는 매장,test,의료,T1 정확표기,119ddede-7870-4f51-a5a3-2526f77953da,강치과의원,의료,동구청앞 골목형상점가,골목형상점가,광주광역시,,,
2d19e435d0081bf54216,full_annotation_v1,A,q_의료_01,의료,건강·의료 중 '의료'를 판매·제공하는 매장,test,의료,T1 정확표기,e90024f0-21d4-447d-b68d-8e842b1a5a79,다나의원,의료,전방의거리 골목형상점가,골목형상점가,인천광역시,,,
e2818d33a2880315548f,full_annotation_v1,A,q_의료_01,의료,건강·의료 중 '의료'를 판매·제공하는 매장,test,의료,T1 정확표기,5f44c2cd-d166-4313-8ac6-b943c63e7632,연세탑치과,의료,세종전통시장,전통시장,세종특별자치시,,,
e5e7a0d3a1fe267249c1,full_annotation_v1,A,q_의료_01,의료,건강·의료 중 '의료'를 판매·제공하는 매장,test,의료,T1 정확표기,2ab4471b-8524-4be9-94a6-b2b1b7530d5d,동작고려의원,의료,노량진만나로골목형상점가,골목형상점가,서울특별시,,,
034ec9f6db20a273abd1,full_annotation_v1,A,q_의료_01,의료,건강·의료 중 '의료'를 판매·제공하는 매장,test,의료,T1 정확표기,22eb6913-b232-4d11-8de5-5ec70080712a,파인애플,여성복,인천중앙로지하상가,일반지하상점가,인천광역시,,,
86c95ea7082b7fb4e65b,full_annotation_v1,A,q_의료_01,의료,건강·의료 중 '의료'를 판매·제공하는 매장,test,의료,T1 정확표기,7fa5839b-5ede-4c57-8986-cca35e413783,미몽피부과,의료,장자호수공원 골목형상점가,골목형상점가,경기도,,,
89b83b13c09090395549,full_annotation_v1,A,q_의료_01,의료,건강·의료 중 '의료'를 판매·제공하는 매장,test,의료,T1 정확표기,5eff133f-d51a-4b7b-8e0b-5d9f7b55a85f,밝은의원,의료,화정소담상인회 골목형상점가,골목형상점가,광주광역시,,,
1638dbcc9b8a9eafc272,full_annotation_v1,A,q_의료_01,의료,건강·의료 중 '의료'를 판매·제공하는 매장,test,의료,T1 정확표기,6c90a347-2227-4515-81e9-b5eef0f197c6,향동두리이비인후과의원,의료,향동중앙 골목형상점가,골목형상점가,경기도,,,
98739cad97b9836f8b9c,full_annotation_v1,A,q_의료_01,의료,건강·의료 중 '의료'를 판매·제공하는 매장,test,의료,T1 정확표기,0f7bad50-6164-482b-bc2b-21e066afbd0e,경희토정한의원,의료,은마종합상점가,자율상권구역,서울특별시,,,
509c46c9eef63dcc1448,full_annotation_v1,A,q_의료_01,의료,건강·의료 중 '의료'를 판매·제공하는 매장,test,의료,T1 정확표기,036ef24a-2d53-4dd1-9bbd-6d0c2a81dd24,바른동물병원,수의 동물병원,송도랜드마크시티 센트럴더샵 골목형상점가,골목형상점가,인천광역시,,,
8f86054ef8a7f6740cb5,full_annotation_v1,A,q_의료_01,의료,건강·의료 중 '의료'를 판매·제공하는 매장,test,의료,T1 정확표기,a4c39ced-1811-4abf-8d99-068f8477cf19,세븐일레븐 광주신창삼능점,편의점물건,신가동 골목형상점가,골목형상점가,광주광역시,,,
6628baa3c4cd019f264d,full_annotation_v1,A,q_의료_01,의료,건강·의료 중 '의료'를 판매·제공하는 매장,test,의료,T1 정확표기,5328d188-ee62-4d26-808b-d2e9964eddf3,한겨레한의원,의료,노은역 골목형상점가,골목형상점가,대전광역시,,,
a88217f36f1dc15856db,full_annotation_v1,A,q_의료_01,의료,건강·의료 중 '의료'를 판매·제공하는 매장,test,의료,T1 정확표기,966b009e-fea4-42b2-a908-32df9fc9f18c,도원한의원,의료,능동상가,자율상권구역,경기도,,,
0a2929aeae866c28bca9,full_annotation_v1,A,q_의료_01,의료,건강·의료 중 '의료'를 판매·제공하는 매장,test,의료,T1 정확표기,0de3b65e-bfc2-4d65-b686-297aca7561f4,소망의원,의료,신가동 골목형상점가,골목형상점가,광주광역시,,,
124a1236477e8546df54,full_annotation_v1,A,q_의료_01,의료,건강·의료 중 '의료'를 판매·제공하는 매장,test,의료,T1 정확표기,5c2ed220-f826-4490-96da-d03b96891cf5,종로연세의원,의료,동대문종합시장 신관(동대문쇼핑타운),전통시장,서울특별시,,,
547598293912c043792b,full_annotation_v1,A,q_의료_01,의료,건강·의료 중 '의료'를 판매·제공하는 매장,test,의료,T1 정확표기,eb9bba00-ee11-4745-8057-7659336ca813,마에스트로치과,의료,한들물빛도시 골목형 상점가,골목형상점가,충청남도,,,
8722ce0fc00721cdc7b6,full_annotation_v1,A,q_의료_01,의료,건강·의료 중 '의료'를 판매·제공하는 매장,test,의료,T1 정확표기,9eb36b86-6629-481c-9263-affc6b3430f4,여송한의원,의료,열매 골목형상점가,골목형상점가,대전광역시,,,
2166f709b80601b01b93,full_annotation_v1,A,q_의료_01,의료,건강·의료 중 '의료'를 판매·제공하는 매장,test,의료,T1 정확표기,c74762d5-0f96-41dd-a10c-8694a835c427,하늘별빛어린이치과의원,의료,스타타워2 골목형상점가,골목형상점가,인천광역시,,,
6f52ef86f03a9d028c61,full_annotation_v1,A,q_의료_01,의료,건강·의료 중 '의료'를 판매·제공하는 매장,test,의료,T1 정확표기,056051e6-c0e1-4402-b967-242217ff89ba,임명수 내과,내과,일곡동 골목형상점가,골목형상점가,광주광역시,,,
5cc1b18b86958a0b5085,full_annotation_v1,A,q_의료_01,의료,건강·의료 중 '의료'를 판매·제공하는 매장,test,의료,T1 정확표기,cc52bc50-8268-412f-b13f-b20ba4d37b37,장쏙쏙내과의원,의료,풍암중앙상인회 골목형상점가,골목형상점가,광주광역시,,,
786104414026cdffdda1,full_annotation_v1,A,q_의료_01,의료,건강·의료 중 '의료'를 판매·제공하는 매장,test,의료,T1 정확표기,5eed1e65-f28d-4d8b-b94f-d5b118f1bb78,대촌서암의원,의료,지석사거리 골목형상점가,골목형상점가,광주광역시,,,
aeccde0acebf8f46d3e3,full_annotation_v1,A,q_의료_01,의료,건강·의료 중 '의료'를 판매·제공하는 매장,test,의료,T1 정확표기,7fbf2e60-e7a1-468a-9c4e-e203cec9a7ce,이인창치과,의료,마산 오동동상인연합상가,자율상권구역,경상남도,,,
9412a10abf933b9ef1cc,full_annotation_v1,A,q_의료_01,의료,건강·의료 중 '의료'를 판매·제공하는 매장,test,의료,T1 정확표기,1e3169f8-065f-4b25-a6ea-d9a314f8c3e8,박가정의학과의원,의료,소촌중앙 골목형상점가,골목형상점가,광주광역시,,,
235f6d28a59bde092b09,full_annotation_v1,A,q_의료_01,의료,건강·의료 중 '의료'를 판매·제공하는 매장,test,의료,T1 정확표기,3b4961ff-7b2a-4bc0-a05f-bb83b24c5ab7,신흥상회,"그릇, 식품, 담배",연서시장,전통시장,서울특별시,,,
c1db3957a331edb45edb,full_annotation_v1,A,q_의료_01,의료,건강·의료 중 '의료'를 판매·제공하는 매장,test,의료,T1 정확표기,f71deb0e-fa23-4a85-83ef-d1c9c1e448ab,지젤,의료,나운금빛 골목형상점가,골목형상점가,전북특별자치도,,,
d4160c0ff364c417e21e,full_annotation_v1,A,q_의료_01,의료,건강·의료 중 '의료'를 판매·제공하는 매장,test,의료,T1 정확표기,3fee64f1-d7d8-4ed5-a5fe-a5b66942fe63,수노아,헤어미용,신가동 골목형상점가,골목형상점가,광주광역시,,,
b95b35675a841bfb8101,full_annotation_v1,A,q_의료_01,의료,건강·의료 중 '의료'를 판매·제공하는 매장,test,의료,T1 정확표기,99f6af0e-dc2d-4a2c-9ab9-22fc37f628d0,기덕상회,패류 소매업,인천종합어시장,전통시장,인천광역시,,,
576a127c0e433d60b2e7,full_annotation_v1,A,q_의료_01,의료,건강·의료 중 '의료'를 판매·제공하는 매장,test,의료,T1 정확표기,ec71cd96-45ef-456f-9c9e-e9b03f39307b,서울삼성치과,의료,호계종합시장,전통시장,경기도,,,
f48226e9a6788904fa85,full_annotation_v1,A,q_의료_01,의료,건강·의료 중 '의료'를 판매·제공하는 매장,test,의료,T1 정확표기,88180da8-6b81-410e-9c5a-8a5a921d5f39,학문외과,의료,남문로 어울림 골목 골목형상점가,골목형상점가,광주광역시,,,
1821988f6a94753b27b7,full_annotation_v1,A,q_의료_01,의료,건강·의료 중 '의료'를 판매·제공하는 매장,test,의료,T1 정확표기,6db41088-b006-400d-88d9-7c9a4dbbc41b,발안한의원,의료,발안만세시장(구 발안시장),전통시장,경기도,,,
0c8f9a09f8210d8f58b9,full_annotation_v1,A,q_의료_01,의료,건강·의료 중 '의료'를 판매·제공하는 매장,test,의료,T1 정확표기,49e42fc0-ed08-44bc-a1ac-5b12ed2c86ef,스마트치과의원,의료,삼익사거리 골목형상점가,골목형상점가,광주광역시,,,
58f5f617cffd2f826856,full_annotation_v1,A,q_의료_01,의료,건강·의료 중 '의료'를 판매·제공하는 매장,test,의료,T1 정확표기,c5929613-cfda-4324-8bd3-d52d6ec6473c,문경당한의원,의료,서울약령시장,전통시장,서울특별시,,,
057478ffe956eeb6707c,full_annotation_v1,A,q_의료_01,의료,건강·의료 중 '의료'를 판매·제공하는 매장,test,의료,T1 정확표기,030d2cd2-d4d8-4ee8-bd1e-b3a1e71138d1,상문동물병원,동물병원,거제 상동 골목형상점가,골목형상점가,경상남도,,,
593a3a230660f025354d,full_annotation_v1,A,q_의료_01,의료,건강·의료 중 '의료'를 판매·제공하는 매장,test,의료,T1 정확표기,f8147be7-4b3c-4ad8-b029-6b56dd1b45ff,올리브한의원,의료,서원동상점가,자율상권구역,서울특별시,,,
6ccd641341f9f1db2d17,full_annotation_v1,A,q_의료_01,의료,건강·의료 중 '의료'를 판매·제공하는 매장,test,의료,T1 정확표기,d47e6a99-4ca3-4c15-b198-0ea7d0a2f70d,현미경치과,의료,개포동 구마을 골목형상점가,골목형상점가,서울특별시,,,
bb1de22638faa91d17af,full_annotation_v1,A,q_의료_01,의료,건강·의료 중 '의료'를 판매·제공하는 매장,test,의료,T1 정확표기,cea8bd10-4c77-4f6d-b2c0-a0df2efcfa37,백두한의원,의료,광복마을푸른길 골목형상점가,골목형상점가,광주광역시,,,
80da465a439eb0f27074,full_annotation_v1,A,q_의료_01,의료,건강·의료 중 '의료'를 판매·제공하는 매장,test,의료,T1 정확표기,a47d9a12-2bc7-4d23-b305-9b74ccf2b910,광주복십자의원,의료,동광주 골목형상점가,골목형상점가,광주광역시,,,
563d4182f9e265dd06cf,full_annotation_v1,A,q_의료_01,의료,건강·의료 중 '의료'를 판매·제공하는 매장,test,의료,T1 정확표기,054d77ec-b17b-4ed9-9322-6f9060ce3d53,현소아청소년과의원,소아과 내과,일곡동 골목형상점가,골목형상점가,광주광역시,,,
91967246eeb807b0c31a,full_annotation_v1,A,q_의료_01,의료,건강·의료 중 '의료'를 판매·제공하는 매장,test,의료,T1 정확표기,c7f79e34-8b9c-4e01-8b1f-af28742497b4,창원의원,의료,창원 소답시장,전통시장,경상남도,,,
227c64420ec7099fcbc5,full_annotation_v1,A,q_의료_02,내과,건강·의료 중 '의료'를 판매·제공하는 매장,test,의료,T2 동의어,445f1a6e-5e9e-4a17-94af-fad16de41992,행복한내과의원,내과,안말초로 골목형상점가,골목형상점가,경기도,,,
b07ea9943532df847d78,full_annotation_v1,A,q_의료_02,내과,건강·의료 중 '의료'를 판매·제공하는 매장,test,의료,T2 동의어,7bf672ec-df0b-469b-bdb7-521e0ac6bd49,중앙성모의원,내과,신월7동골목형상점가,골목형상점가,서울특별시,,,
03d97b1b7fda1b82a0d4,full_annotation_v1,A,q_의료_02,내과,건강·의료 중 '의료'를 판매·제공하는 매장,test,의료,T2 동의어,012ea1f6-bb18-4f60-811e-1858d1f8fb85,서울삼성내과,병원,장자호수공원 골목형상점가,골목형상점가,경기도,,,
bf3af68d7f076534838b,full_annotation_v1,A,q_의료_02,내과,건강·의료 중 '의료'를 판매·제공하는 매장,test,의료,T2 동의어,00fdab59-58f8-4c63-8765-30cb59a78156,도안프라임치과의원,치과진료,목원대 골목형상점가,골목형상점가,대전광역시,,,
1eef8a373c5d0a6c14b0,full_annotation_v1,A,q_의료_02,내과,건강·의료 중 '의료'를 판매·제공하는 매장,test,의료,T2 동의어,f381d225-0bf8-4f29-91af-c6cb3efb8920,가인연합내과신경과의원,내과,장대동패션상가 골목형상점가,골목형상점가,대전광역시,,,
9e23a585039abaec85a9,full_annotation_v1,A,q_의료_02,내과,건강·의료 중 '의료'를 판매·제공하는 매장,test,의료,T2 동의어,a03f2b00-9904-48e0-8ff7-47a197d7188a,킴스디,귀금속,골드테마거리,전통시장,부산광역시,,,
e07fc5744916c664f158,full_annotation_v1,A,q_의료_02,내과,건강·의료 중 '의료'를 판매·제공하는 매장,test,의료,T2 동의어,76cf0d5c-f47c-4fc5-9984-fa2335d13407,수내과,내과,한빛프라자 골목형상점가,골목형상점가,대전광역시,,,
a9ab1dd92605188c3735,full_annotation_v1,A,q_의료_02,내과,건강·의료 중 '의료'를 판매·제공하는 매장,test,의료,T2 동의어,e2ec6594-3c03-44dc-a1fa-6618eac797ca,중앙가정의학과의원,내과,유촌동상인회 골목형상점가,골목형상점가,광주광역시,,,
80a387be6e2464385693,full_annotation_v1,A,q_의료_02,내과,건강·의료 중 '의료'를 판매·제공하는 매장,test,의료,T2 동의어,6542fd3f-0cfe-4f9e-bd45-da5d31c1b864,박내과의원,내과,성수역골목형상점가,골목형상점가,서울특별시,,,
65f0cc69682456dd6f29,full_annotation_v1,A,q_의료_02,내과,건강·의료 중 '의료'를 판매·제공하는 매장,test,의료,T2 동의어,00523307-cc4c-4b0c-8b2f-176ca7450d24,오름한의원,한의원,아차산등산로골목형상점가,골목형상점가,서울특별시,,,
7ea85b82c200e5d376b7,full_annotation_v1,A,q_의료_02,내과,건강·의료 중 '의료'를 판매·제공하는 매장,test,의료,T2 동의어,894b9092-80e2-4040-ad8d-fa8d37862767,채내과,내과,뉴월드프라자골목형상점가,골목형상점가,경기도,,,
4bac2a60bda9b97ab065,full_annotation_v1,A,q_의료_02,내과,건강·의료 중 '의료'를 판매·제공하는 매장,test,의료,T2 동의어,01b5432d-9420-483d-8da1-210127e3bb61,다사랑패밀리의원,내과 이비인후과 소아과,다사역 골목형상점가,골목형상점가,대구광역시,,,
94f7e68210957d9fcb73,full_annotation_v1,A,q_의료_02,내과,건강·의료 중 '의료'를 판매·제공하는 매장,test,의료,T2 동의어,29868e4e-0525-41ce-8e68-643533312fb2,속튼튼내과의원,내과,공주산성시장,전통시장,충청남도,,,
4a3f4fb35f5a55e8ef1e,full_annotation_v1,A,q_의료_02,내과,건강·의료 중 '의료'를 판매·제공하는 매장,test,의료,T2 동의어,677178b3-52c2-441c-ab19-4bbef6e07381,천안엔도내과,내과,쌍용동 충무로1구역 골목형상점가,골목형상점가,충청남도,,,
32ae4d68c7ebf6aedd25,full_annotation_v1,A,q_의료_02,내과,건강·의료 중 '의료'를 판매·제공하는 매장,test,의료,T2 동의어,69134540-bb51-40a7-8fda-da66ecb30aca,김성배내과,내과,화정로상인회 골목형상점가,골목형상점가,광주광역시,,,
70dcba98b689950f3e05,full_annotation_v1,A,q_의료_02,내과,건강·의료 중 '의료'를 판매·제공하는 매장,test,의료,T2 동의어,00d494f5-7e0f-4ced-927a-3360ced94954,핑크유외과,병원,어진동 골목형상점가,골목형상점가,세종특별자치시,,,
80452be641e45acf736f,full_annotation_v1,A,q_의료_02,내과,건강·의료 중 '의료'를 판매·제공하는 매장,test,의료,T2 동의어,0083c935-4cf1-4856-831b-5e623fcb71ac,봄봄이비인후과의원,의료서비스,고운동상점가,자율상권구역,세종특별자치시,,,
39add05456ab9f99f852,full_annotation_v1,A,q_의료_02,내과,건강·의료 중 '의료'를 판매·제공하는 매장,test,의료,T2 동의어,de369728-0e16-4bbd-af19-d5cb47b80d48,바른내과의원,내과,신가아름마을,골목형상점가,광주광역시,,,
294e9b21cc3aeadad841,full_annotation_v1,A,q_의료_02,내과,건강·의료 중 '의료'를 판매·제공하는 매장,test,의료,T2 동의어,d6bc16e1-2a39-4b93-ac61-547e6c289afd,김람훈 내과의원,내과,구성언남 골목형상점가,골목형상점가,경기도,,,
7a07b66c456f678f8862,full_annotation_v1,A,q_의료_02,내과,건강·의료 중 '의료'를 판매·제공하는 매장,test,의료,T2 동의어,ea71eaf0-a4bb-4d8d-b1a2-b4ed4c05919d,복음내과의원,내과,동구청앞 골목형상점가,골목형상점가,광주광역시,,,
e2a52558b2f9289ae19f,full_annotation_v1,A,q_의료_02,내과,건강·의료 중 '의료'를 판매·제공하는 매장,test,의료,T2 동의어,31995753-eb05-46d1-9be3-7bb05752a195,춘성할인마트(춘천),슈퍼마켓,인공폭포상가,자율상권구역,강원특별자치도,,,
d18e0d993b5020100e26,full_annotation_v1,A,q_의료_02,내과,건강·의료 중 '의료'를 판매·제공하는 매장,test,의료,T2 동의어,caa28fe7-ec3d-4d69-84fb-54b9431c4109,현대인테리어,인테리어,석수본동 골목형상점가,골목형상점가,경기도,,,
065a45b7970d6a74dfbc,full_annotation_v1,A,q_의료_02,내과,건강·의료 중 '의료'를 판매·제공하는 매장,test,의료,T2 동의어,01225d66-8811-407d-9bce-43e4dbb97e1c,조일한의원,한의원 진료 서비스,칠성상가시장,전통시장,대구광역시,,,
5447a83326877cfe94a3,full_annotation_v1,A,q_의료_02,내과,건강·의료 중 '의료'를 판매·제공하는 매장,test,의료,T2 동의어,00538958-226f-4338-8542-1fd9df6996d4,새현대치과,의료,매곡 가인 골목형상점가,골목형상점가,광주광역시,,,
dad779a17d0e081a745b,full_annotation_v1,A,q_의료_02,내과,건강·의료 중 '의료'를 판매·제공하는 매장,test,의료,T2 동의어,00962f54-90e0-479e-84a4-3f6e6f6515ec,비쥬여성산부인과의원,의료,운수대통 골목형상점가,골목형상점가,광주광역시,,,
fb77fac880f49526b41a,full_annotation_v1,A,q_의료_02,내과,건강·의료 중 '의료'를 판매·제공하는 매장,test,의료,T2 동의어,00427918-a4b0-485e-ab42-62ebce752f92,유디해운대치과의원,의료,영풍리젠시 골목형상점가,골목형상점가,부산광역시,,,
a6327821d15704c02bea,full_annotation_v1,A,q_의료_02,내과,건강·의료 중 '의료'를 판매·제공하는 매장,test,의료,T2 동의어,0002538c-b8d9-4911-81c7-966789036b09,빛고을 치과의원,의원,세은 골목형상점가,골목형상점가,광주광역시,,,
cc791a799d376b218046,full_annotation_v1,A,q_의료_02,내과,건강·의료 중 '의료'를 판매·제공하는 매장,test,의료,T2 동의어,959dc8b1-4c82-4365-9b71-ded552269ad9,고려제일내과,내과,남양주장현전통시장,전통시장,경기도,,,
ecd06aa54b465107f69c,full_annotation_v1,A,q_의료_02,내과,건강·의료 중 '의료'를 판매·제공하는 매장,test,의료,T2 동의어,0286c595-5d7f-49db-876a-6959d52a7d39,서울더원플러스치과,치과진료,남성역 골목시장,전통시장,서울특별시,,,
517cb4ff30bd84e5c88e,full_annotation_v1,A,q_의료_02,내과,건강·의료 중 '의료'를 판매·제공하는 매장,test,의료,T2 동의어,f013fe0b-4023-4bc4-bac5-d761271a9637,꿉소,고기,장흥중앙로 골목형상점가,골목형상점가,전라남도,,,
76b58359ef1aac05e752,full_annotation_v1,A,q_의료_02,내과,건강·의료 중 '의료'를 판매·제공하는 매장,test,의료,T2 동의어,615b7aff-a81e-44e7-8c36-e603aba56fee,하늘메디컬의원,내과,조양타워골목형상점가,골목형상점가,인천광역시,,,
b467214989d9d813b449,full_annotation_v1,A,q_의료_02,내과,건강·의료 중 '의료'를 판매·제공하는 매장,test,의료,T2 동의어,0040b4e6-7b74-4175-b54d-add4fe693d49,메디팜보명당약국,"의약품, 의료욕구, 복지욕구, 의료기기",점촌역전상점가,자율상권구역,경상북도,,,
21dc7b91305ae6296da4,full_annotation_v1,A,q_의료_02,내과,건강·의료 중 '의료'를 판매·제공하는 매장,test,의료,T2 동의어,ab36f917-e1c4-426e-ad21-589bbde20721,국내과,내과,운암북문대로 골목형상점가,골목형상점가,광주광역시,,,
3db6bcb526c082899a79,full_annotation_v1,A,q_의료_02,내과,건강·의료 중 '의료'를 판매·제공하는 매장,test,의료,T2 동의어,92bafc41-9d4d-48bc-ab90-ad708deb8795,연세윤내과,내과,산본로데오거리(구 산본중심상가),자율상권구역,경기도,,,
8962add04a026d95ccb7,full_annotation_v1,A,q_의료_02,내과,건강·의료 중 '의료'를 판매·제공하는 매장,test,의료,T2 동의어,00192f22-a492-4ba5-a62d-65bf0d0ec7b9,큰물한의원,한의원,전주서곡 골목형상점가,골목형상점가,전북특별자치도,,,
eb943f6c6cfdb365eb72,full_annotation_v1,A,q_의료_02,내과,건강·의료 중 '의료'를 판매·제공하는 매장,test,의료,T2 동의어,6d93636e-d136-4d83-94ac-725c41d89956,풍암민내과,내과,풍암벚꽃길상인회 골목형상점가,골목형상점가,광주광역시,,,
9ffa0d109c6238222beb,full_annotation_v1,A,q_의료_02,내과,건강·의료 중 '의료'를 판매·제공하는 매장,test,의료,T2 동의어,a10248da-0860-40ea-8c20-4068de9fd7af,송수근내과의원,내과,당감골목시장,전통시장,부산광역시,,,
9676407e9477dbbd2dc7,full_annotation_v1,A,q_의료_02,내과,건강·의료 중 '의료'를 판매·제공하는 매장,test,의료,T2 동의어,1c5cc8db-3faf-4cdc-a3bf-8903a59f7689,우리들내과,내과,선부광장로상점가,자율상권구역,경기도,,,
42541ff45cc37ef2f278,full_annotation_v1,A,q_의료_02,내과,건강·의료 중 '의료'를 판매·제공하는 매장,test,의료,T2 동의어,9def1adf-3487-4531-9019-90a8e8c766a9,우리들내과의원,내과,엑스포코아 골목형상점가,골목형상점가,대전광역시,,,
ad413dc6d4e0f4605263,full_annotation_v1,A,q_의료_02,내과,건강·의료 중 '의료'를 판매·제공하는 매장,test,의료,T2 동의어,514c3136-bf65-4a2e-a059-9647807c719f,남연호내과,내과,산본로데오거리(구 산본중심상가),자율상권구역,경기도,,,
171e45eb0d54277b47f8,full_annotation_v1,A,q_의료_02,내과,건강·의료 중 '의료'를 판매·제공하는 매장,test,의료,T2 동의어,2e9c48c4-b04b-4ec1-bc86-1c48cb13df63,시소,,쌍촌명지상인회 골목형상점가,골목형상점가,광주광역시,,,
f1c65fb18f371cd33cf2,full_annotation_v1,A,q_의료_02,내과,건강·의료 중 '의료'를 판매·제공하는 매장,test,의료,T2 동의어,9d9a61fe-aca4-4fe3-bcf1-759a1abbe82c,고려드림내과의원,내과,모란시장 쉼터길 골목형상점가,골목형상점가,경기도,,,
219808aa58d13afeae2c,full_annotation_v1,A,q_의료_02,내과,건강·의료 중 '의료'를 판매·제공하는 매장,test,의료,T2 동의어,030d2cd2-d4d8-4ee8-bd1e-b3a1e71138d1,상문동물병원,동물병원,거제 상동 골목형상점가,골목형상점가,경상남도,,,
e1e2b3db9db6ddaebda0,full_annotation_v1,A,q_의료_02,내과,건강·의료 중 '의료'를 판매·제공하는 매장,test,의료,T2 동의어,d0c82c14-f2a8-4328-9ccd-c600bf5b2883,노박의원,내과,별빛뉴타운골목형상점가,골목형상점가,서울특별시,,,
9f80fd8fe8c44b23b9f4,full_annotation_v1,A,q_의료_02,내과,건강·의료 중 '의료'를 판매·제공하는 매장,test,의료,T2 동의어,69e76baa-a929-4293-ab46-8a8dfbe9ef32,하제한의원,내과,쌍학로상인회 골목형상점가,골목형상점가,광주광역시,,,
8abe3a0a7cbf60b98a0a,full_annotation_v1,A,q_의료_02,내과,건강·의료 중 '의료'를 판매·제공하는 매장,test,의료,T2 동의어,49650d14-b981-43ba-9ecf-e4162aadc246,조규웅내과의원,내과,벽산황계로 골목형상점가,골목형상점가,광주광역시,,,
b6d8a0cc57c40aa02de0,full_annotation_v1,A,q_의료_02,내과,건강·의료 중 '의료'를 판매·제공하는 매장,test,의료,T2 동의어,69b31f45-434e-40c7-9509-64a63076bce0,사계절내과의원,내과,남성사계시장,전통시장,서울특별시,,,
5c1280e3fcd9b35dbdf0,full_annotation_v1,A,q_의료_02,내과,건강·의료 중 '의료'를 판매·제공하는 매장,test,의료,T2 동의어,9fbf7490-654b-4c8b-a005-3db225778bd1,금왕고내과,내과,금왕중심골목형상점가,골목형상점가,충청북도,,,
b02f003bf03f05a7fe7b,full_annotation_v1,A,q_의료_02,내과,건강·의료 중 '의료'를 판매·제공하는 매장,test,의료,T2 동의어,1dbe9bcb-e4c8-4a1a-9c94-ce00cd33c3a7,박승욱내과,내과,두암1동 골목형상점가,골목형상점가,광주광역시,,,
251f5ef8cc51aaf29182,full_annotation_v1,A,q_의료_02,내과,건강·의료 중 '의료'를 판매·제공하는 매장,test,의료,T2 동의어,36c0376a-f365-4377-adfe-bc9beb3dc389,최인태내과,내과,신월7동골목형상점가,골목형상점가,서울특별시,,,
e0b7c91be75e0df7eb29,full_annotation_v1,A,q_의료_02,내과,건강·의료 중 '의료'를 판매·제공하는 매장,test,의료,T2 동의어,577fbe29-db9a-4531-a1d0-537973d85c0e,한솔,핸드폰 악세사리,의정부역지하상가,일반지하상점가,경기도,,,
6180229893b19317bd9f,full_annotation_v1,A,q_의료_02,내과,건강·의료 중 '의료'를 판매·제공하는 매장,test,의료,T2 동의어,8a02ef97-79cf-460a-a221-c2e41317b8bb,건강한내과,내과,황계 골목형상점가,골목형상점가,광주광역시,,,
ce711945739952a08ccd,full_annotation_v1,A,q_의료_02,내과,건강·의료 중 '의료'를 판매·제공하는 매장,test,의료,T2 동의어,46416026-c661-4adb-9404-0c6204adaed9,홍경표내과,내과,행복 북문대로2 골목형상점가,골목형상점가,광주광역시,,,
2e2626a1c5c52f60e671,full_annotation_v1,A,q_의료_02,내과,건강·의료 중 '의료'를 판매·제공하는 매장,test,의료,T2 동의어,0006edf8-62da-4c5d-8bed-80e32a855936,e-바른치과의원,병원,금화로상인회 골목형상점가,골목형상점가,광주광역시,,,
8df6e92d19e274e5c4b3,full_annotation_v1,A,q_의료_02,내과,건강·의료 중 '의료'를 판매·제공하는 매장,test,의료,T2 동의어,056051e6-c0e1-4402-b967-242217ff89ba,임명수 내과,내과,일곡동 골목형상점가,골목형상점가,광주광역시,,,
1130932ffdceedcb2944,full_annotation_v1,A,q_의료_02,내과,건강·의료 중 '의료'를 판매·제공하는 매장,test,의료,T2 동의어,447d73c2-a8ee-4fc9-bdbf-4e72715fb8d5,문내과의원,내과,경열로상인회 골목형상점가,골목형상점가,광주광역시,,,
e455736dbe542e46d19e,full_annotation_v1,A,q_의료_02,내과,건강·의료 중 '의료'를 판매·제공하는 매장,test,의료,T2 동의어,30029b77-b442-4a30-adbd-db75267ce4cb,신성하내과의원,내과,유촌동상인회 골목형상점가,골목형상점가,광주광역시,,,
64f629b5df40253a2cc2,full_annotation_v1,A,q_의료_02,내과,건강·의료 중 '의료'를 판매·제공하는 매장,test,의료,T2 동의어,66584664-2534-4041-a51c-068464303f2f,민사랑내과의원,내과,아진상가,골목형상점가,울산광역시,,,
538ca3e384d01bc76504,full_annotation_v1,A,q_의료_02,내과,건강·의료 중 '의료'를 판매·제공하는 매장,test,의료,T2 동의어,ccebe9a8-7c36-4f74-b913-9c995a0dd888,황호근내과의원,내과,전주서곡 골목형상점가,골목형상점가,전북특별자치도,,,
9fb2e3f3871006ffa2f9,full_annotation_v1,A,q_의료_02,내과,건강·의료 중 '의료'를 판매·제공하는 매장,test,의료,T2 동의어,66233a7c-af48-4754-b0f5-2eba3e5ab8f8,마음속내과 산본점,내과,산본로데오거리(구 산본중심상가),자율상권구역,경기도,,,
2587e50aadcdc7c18e8f,full_annotation_v1,A,q_의료_02,내과,건강·의료 중 '의료'를 판매·제공하는 매장,test,의료,T2 동의어,8242d38d-fcd0-4fd9-9ed6-60cb9f9e39de,명내과방사선과의원,내과,금화상인회 골목형상점가,골목형상점가,광주광역시,,,
fe158e1d214a8208d45a,full_annotation_v1,A,q_의료_02,내과,건강·의료 중 '의료'를 판매·제공하는 매장,test,의료,T2 동의어,072ed95f-4c7c-4962-bdca-87c8558de161,한신내과,내과,여의동 골목형상점가,골목형상점가,전북특별자치도,,,
accf6bdb1240a70b89e1,full_annotation_v1,A,q_의료_02,내과,건강·의료 중 '의료'를 판매·제공하는 매장,test,의료,T2 동의어,9f4d260b-70b8-486f-af35-6426cc62422d,명내과,내과,이충 중심상가,골목형상점가,경기도,,,
cc9506e5738ae955a4c2,full_annotation_v1,A,q_의료_02,내과,건강·의료 중 '의료'를 판매·제공하는 매장,test,의료,T2 동의어,054d77ec-b17b-4ed9-9322-6f9060ce3d53,현소아청소년과의원,소아과 내과,일곡동 골목형상점가,골목형상점가,광주광역시,,,
91b7d406924c04bb7fe4,full_annotation_v1,A,q_의료_02,내과,건강·의료 중 '의료'를 판매·제공하는 매장,test,의료,T2 동의어,45307ef2-d9fd-4f25-a31a-f37d563c9ef5,이수영내과의원,내과,우아건지 골목형상점가,골목형상점가,전북특별자치도,,,
c686ae2543abeacd78de,full_annotation_v1,A,q_의료_02,내과,건강·의료 중 '의료'를 판매·제공하는 매장,test,의료,T2 동의어,8dff36af-eb6b-4cb5-a718-f6bd6eb76e19,부안내과,내과,부안석정 골목형상점가,골목형상점가,전북특별자치도,,,
aa210b0365bd8b704783,full_annotation_v1,A,q_의료_02,내과,건강·의료 중 '의료'를 판매·제공하는 매장,test,의료,T2 동의어,f5c48edd-007a-4c6b-ad84-af8b2edbc475,신민호내과의원,내과,더불어용두 골목형상점가,골목형상점가,광주광역시,,,
b9ce8d03cfd28bec0915,full_annotation_v1,A,q_의료_02,내과,건강·의료 중 '의료'를 판매·제공하는 매장,test,의료,T2 동의어,20318375-be16-42f2-b633-219bf0ce7810,애니콜통신,휴대폰,해남읍 원도심 상권활성화구역,상권활성화구역,전라남도,,,
94a40d1fc23dbb70e9e9,full_annotation_v1,A,q_의료_02,내과,건강·의료 중 '의료'를 판매·제공하는 매장,test,의료,T2 동의어,067cdb1a-af4f-412e-b249-18ba9cde846b,반석내과영상의학과의원,내과 영상의학과,반석동 골목형상점가,골목형상점가,대전광역시,,,
a6f26f9e362cc67fa9f4,full_annotation_v1,A,q_의료_02,내과,건강·의료 중 '의료'를 판매·제공하는 매장,test,의료,T2 동의어,0056dcd4-0ac0-4535-9ee5-c8fd19d8ff14,중화한의원,한의원,보령한내시장,전통시장,충청남도,,,
712626be5063c7d0bec0,full_annotation_v1,A,q_의료_02,내과,건강·의료 중 '의료'를 판매·제공하는 매장,test,의료,T2 동의어,17662d20-7aa8-4735-afc0-c71c4e279034,가슴뛰는내과의원,내과,마륵동상인회 골목형상점가,골목형상점가,광주광역시,,,
2daff3badaa2f2ab2cca,full_annotation_v1,A,q_의료_02,내과,건강·의료 중 '의료'를 판매·제공하는 매장,test,의료,T2 동의어,3523493e-5a68-4c15-8fec-3a3279615e86,정내과의원,내과,월드상가골목형상점가,골목형상점가,인천광역시,,,
97965a2cdfc44a718434,full_annotation_v1,A,q_의료_02,내과,건강·의료 중 '의료'를 판매·제공하는 매장,test,의료,T2 동의어,f40653e1-ffc2-4724-a91b-6602de9c73ef,최동석내과의원,내과,사자탑 골목형상점가,골목형상점가,전북특별자치도,,,
4d2c587465d2b8359df9,full_annotation_v1,A,q_의료_02,내과,건강·의료 중 '의료'를 판매·제공하는 매장,test,의료,T2 동의어,ab94c56e-eeef-42a3-a1b1-d14ef5a38c5c,현대우리들의원,내과,장대동패션상가 골목형상점가,골목형상점가,대전광역시,,,
1a40def9a33dc2384e9c,full_annotation_v1,A,q_의료_02,내과,건강·의료 중 '의료'를 판매·제공하는 매장,test,의료,T2 동의어,e945829c-10cd-4538-9b7e-74a6a46d656d,금호호반방앗간,떡 농산물,화개1로78번길상인회 골목형상점가,골목형상점가,광주광역시,,,
c958a056acccfa6dfe2f,full_annotation_v1,A,q_의료_02,내과,건강·의료 중 '의료'를 판매·제공하는 매장,test,의료,T2 동의어,6d0f039f-f4e7-4c84-bdfe-5de0afde1c2e,비에이치씨(bhc)치킨염주점,치킨,염주먹자골목A구역상인회 골목형상점가,골목형상점가,광주광역시,,,
56770f06e95d32c10cdc,full_annotation_v1,A,q_의료_02,내과,건강·의료 중 '의료'를 판매·제공하는 매장,test,의료,T2 동의어,98bc4ca3-8a84-490e-836d-5df520b28105,센트럴인내과의원,내과,호매실역중심상가 골목형상점가,골목형상점가,경기도,,,
7336deb78e51401845ae,full_annotation_v1,A,q_의료_02,내과,건강·의료 중 '의료'를 판매·제공하는 매장,test,의료,T2 동의어,628e2e1f-3508-442c-b173-2d3181c3cc98,이내과의원,내과,내상로 골목형상점가,골목형상점가,광주광역시,,,
414026f4d7f64d5e6344,full_annotation_v1,A,q_의료_02,내과,건강·의료 중 '의료'를 판매·제공하는 매장,test,의료,T2 동의어,a10eca8e-5b92-4cb8-8f70-d69266a85161,다옴까까,"과자, 빵류 제조, 소매",삼각동 골목형상점가,골목형상점가,광주광역시,,,
d37f4b075d7a415b6b69,full_annotation_v1,A,q_의료_02,내과,건강·의료 중 '의료'를 판매·제공하는 매장,test,의료,T2 동의어,1d04726a-bf70-494c-96fa-4488aea7ea35,테크노내과의원,내과,테크노밸리 골목형상점가,골목형상점가,대전광역시,,,
c0e8bffa90e88981eb0a,full_annotation_v1,A,q_의료_02,내과,건강·의료 중 '의료'를 판매·제공하는 매장,test,의료,T2 동의어,036ef24a-2d53-4dd1-9bbd-6d0c2a81dd24,바른동물병원,수의 동물병원,송도랜드마크시티 센트럴더샵 골목형상점가,골목형상점가,인천광역시,,,
12be0f21a21eabf2cc0f,full_annotation_v1,A,q_의료_02,내과,건강·의료 중 '의료'를 판매·제공하는 매장,test,의료,T2 동의어,41ede058-1814-426c-b5ea-ee999ab553d4,곽내과의원,내과,두암2동 도로변 골목형상점가,골목형상점가,광주광역시,,,
bb412818728851daa62f,full_annotation_v1,A,q_의료_02,내과,건강·의료 중 '의료'를 판매·제공하는 매장,test,의료,T2 동의어,97c00f87-4d4c-437f-b28c-a26d321078a5,김한식내과의원,내과,동서로 골목형상점가,골목형상점가,전북특별자치도,,,
9d92cfd5719ecd9af807,full_annotation_v1,A,q_의료_02,내과,건강·의료 중 '의료'를 판매·제공하는 매장,test,의료,T2 동의어,7746879b-10d5-43c6-a174-4418b16e43bb,메디안내과,내과,노은역 골목형상점가,골목형상점가,대전광역시,,,
e8e2641c517ccbdfa267,full_annotation_v1,A,q_의료_02,내과,건강·의료 중 '의료'를 판매·제공하는 매장,test,의료,T2 동의어,013526b7-d35c-404e-93d1-3a112d8de0c6,아이생각소아청소년과의원,진료비,신용동 골목형상점가,골목형상점가,광주광역시,,,
d8ea3b08b09f3466a77d,full_annotation_v1,A,q_의료_02,내과,건강·의료 중 '의료'를 판매·제공하는 매장,test,의료,T2 동의어,de219353-d2fc-45fd-92f5-3179c957aa22,삼성탑내과,내과,양산상생하는하서로 골목형상점가,골목형상점가,광주광역시,,,
dc561b99cc8ebcc61b2f,full_annotation_v1,A,q_의료_02,내과,건강·의료 중 '의료'를 판매·제공하는 매장,test,의료,T2 동의어,79e96e00-f2c2-4507-be75-fa3697abec3b,김영남내과 의원,내과,염주먹자골목A구역상인회 골목형상점가,골목형상점가,광주광역시,,,
3d035a0f0771d3cf25dd,full_annotation_v1,A,q_의료_02,내과,건강·의료 중 '의료'를 판매·제공하는 매장,test,의료,T2 동의어,747365c0-c19a-41d0-8ca7-fd1a7f07f0d5,선내과의원,내과,화정역상인회 골목형상점가,골목형상점가,광주광역시,,,
e1cf24af3c7826123e8e,full_annotation_v1,A,q_의료_02,내과,건강·의료 중 '의료'를 판매·제공하는 매장,test,의료,T2 동의어,cbcad3b1-f31b-4f88-9f91-3076647072b7,김종수내과,내과,해남읍 원도심 상권활성화구역,상권활성화구역,전라남도,,,
b5f768ab9ebd424b5d8f,full_annotation_v1,A,q_의료_02,내과,건강·의료 중 '의료'를 판매·제공하는 매장,test,의료,T2 동의어,0787908e-316f-44d9-b30c-855da63e5620,아이엠,의류,흥국상가,자율상권구역,전라남도,,,
4256e1ee5459d10a0e73,full_annotation_v1,A,q_의료_02,내과,건강·의료 중 '의료'를 판매·제공하는 매장,test,의료,T2 동의어,3fbdee52-7726-44a9-a9aa-b1501ef0e0b1,양승진내과,내과,독립로 백운1동 골목형상점가,골목형상점가,광주광역시,,,
5ca1a46ec3f136a67ca8,full_annotation_v1,A,q_의료_02,내과,건강·의료 중 '의료'를 판매·제공하는 매장,test,의료,T2 동의어,9b6c65a7-cc33-4df7-a4e6-6c418586daa7,참의원,내과,금곡 홍유릉상점가,자율상권구역,경기도,,,
25997bd90b258bce53ef,full_annotation_v1,A,q_의료_02,내과,건강·의료 중 '의료'를 판매·제공하는 매장,test,의료,T2 동의어,e0560e3e-1a03-44ec-9b5a-97d1031c5348,다이클로 더샵염주센트럴파크점,식품 상품,염주포스코상인회 골목형상점가,골목형상점가,광주광역시,,,
8ee44d4e949053db8019,full_annotation_v1,A,q_의료_02,내과,건강·의료 중 '의료'를 판매·제공하는 매장,test,의료,T2 동의어,a907ef8c-d154-414f-80e0-c6a03ec55c60,이홍규내과,내과,운암북문대로 골목형상점가,골목형상점가,광주광역시,,,
21616fb551cd2d2797b1,full_annotation_v1,A,q_의료_02,내과,건강·의료 중 '의료'를 판매·제공하는 매장,test,의료,T2 동의어,432bd4e6-f52b-4870-939c-fb416d4075e9,청기와집,한식,루원이음길 골목형상점가,골목형상점가,인천광역시,,,
f017a04797a5bf493d04,full_annotation_v1,A,q_의료_02,내과,건강·의료 중 '의료'를 판매·제공하는 매장,test,의료,T2 동의어,2a286a76-77db-48ca-bb6f-7797bd91de52,늘편한내과의원,내과,신창부영 골목형상점가,골목형상점가,광주광역시,,,
c7dc2ce0e8725dca67e9,full_annotation_v1,A,q_의료_02,내과,건강·의료 중 '의료'를 판매·제공하는 매장,test,의료,T2 동의어,11dc95fb-f15f-40cb-a8d7-45a2366ec62f,조병석내과,내과,성환1번가 골목형상점가,골목형상점가,충청남도,,,
151ea4c89d1a1693bac0,full_annotation_v1,A,q_의료_02,내과,건강·의료 중 '의료'를 판매·제공하는 매장,test,의료,T2 동의어,01e01dc9-a690-442d-a992-0716da4fc86a,소나무한의원,한의진료서비스,수완하나로 골목형상점가,골목형상점가,광주광역시,,,
6490aa617ba3cb31f5b3,full_annotation_v1,A,q_의료_02,내과,건강·의료 중 '의료'를 판매·제공하는 매장,test,의료,T2 동의어,25ccbd44-d753-4334-88c3-8b3a0debe006,써니,통신기기,의정부역지하상가,일반지하상점가,경기도,,,
3330b6f069d0eb5e0b35,full_annotation_v1,A,q_의료_02,내과,건강·의료 중 '의료'를 판매·제공하는 매장,test,의료,T2 동의어,5891c532-bd60-4bfc-9a1b-fad270897d50,네일드엘,네일샵,다정한 골목형상점가,골목형상점가,세종특별자치시,,,
d13a55442a14ebbeba12,full_annotation_v1,A,q_의료_02,내과,건강·의료 중 '의료'를 판매·제공하는 매장,test,의료,T2 동의어,f7d8a1cb-c685-4f05-afe1-f3c8c53c9fdf,연세내과의원,내과,남성사계시장,전통시장,서울특별시,,,
d39af5c5b374fb628dbe,full_annotation_v1,A,q_의료_02,내과,건강·의료 중 '의료'를 판매·제공하는 매장,test,의료,T2 동의어,80f6b6cc-ae50-425a-b5d7-5288cdf72f80,상쾌한내과의원,내과,동천동먹자골목1번가상인회 골목형상점가,골목형상점가,광주광역시,,,
85c47c984d3334e05178,full_annotation_v1,A,q_의료_02,내과,건강·의료 중 '의료'를 판매·제공하는 매장,test,의료,T2 동의어,113891cd-f928-482c-a59d-7750c9acbc0a,365진약국,약국,효행구봉담상점가,골목형상점가,경기도,,,
78608655c4b3aab68ba1,full_annotation_v1,A,q_의료_02,내과,건강·의료 중 '의료'를 판매·제공하는 매장,test,의료,T2 동의어,005f6f1a-ae3e-47a8-9298-8c7cae082531,삼선의원,일반의원,광복마을3-4길 골목형상점가,골목형상점가,광주광역시,,,
76a506575f064a1899f7,full_annotation_v1,A,q_의료_02,내과,건강·의료 중 '의료'를 판매·제공하는 매장,test,의료,T2 동의어,57c39e9f-1a28-4ccd-b020-cc45c3ffa496,동행내과의원,내과,임동 골목형상점가,골목형상점가,광주광역시,,,
e2a0bb5d3c421d4f5ca8,full_annotation_v1,A,q_의료_02,내과,건강·의료 중 '의료'를 판매·제공하는 매장,test,의료,T2 동의어,a1cd68a8-0d7c-41ca-973b-80010b5d3b30,365내과,내과,뉴월드프라자골목형상점가,골목형상점가,경기도,,,
fc12dacd3a1ed53c1caf,full_annotation_v1,A,q_의료_03,병원,건강·의료 중 '의료'를 판매·제공하는 매장,test,의료,T2 동의어,337a0275-b6f1-491f-9be2-3fa8bbbe11b7,김현경의원,병원,명보연암 골목형상점가,골목형상점가,울산광역시,,,
17be76a9f374d96a737e,full_annotation_v1,A,q_의료_03,병원,건강·의료 중 '의료'를 판매·제공하는 매장,test,의료,T2 동의어,3bab7744-d097-4989-ad07-48ed588026d1,새운암병원,병원,행복 북문대로2 골목형상점가,골목형상점가,광주광역시,,,
aa1073127268b98d7ebc,full_annotation_v1,A,q_의료_03,병원,건강·의료 중 '의료'를 판매·제공하는 매장,test,의료,T2 동의어,e8f6ee22-d880-426c-88b2-ce04d245c901,박액박,병원,치평상무역상인회 골목형상점가,골목형상점가,광주광역시,,,
d1365b4dc299190114a6,full_annotation_v1,A,q_의료_03,병원,건강·의료 중 '의료'를 판매·제공하는 매장,test,의료,T2 동의어,5b080c57-874a-4aab-8c11-cde32d71993d,부산유펜치과의원,병원,학장반도보라상가,전통시장,부산광역시,,,
79cf8fb4be52da336e26,full_annotation_v1,A,q_의료_03,병원,건강·의료 중 '의료'를 판매·제공하는 매장,test,의료,T2 동의어,0056dcd4-0ac0-4535-9ee5-c8fd19d8ff14,중화한의원,한의원,보령한내시장,전통시장,충청남도,,,
6e7228ea4c7a4164765b,full_annotation_v1,A,q_의료_03,병원,건강·의료 중 '의료'를 판매·제공하는 매장,test,의료,T2 동의어,00523307-cc4c-4b0c-8b2f-176ca7450d24,오름한의원,한의원,아차산등산로골목형상점가,골목형상점가,서울특별시,,,
3d38093e1cc1fa4e6831,full_annotation_v1,A,q_의료_03,병원,건강·의료 중 '의료'를 판매·제공하는 매장,test,의료,T2 동의어,0006edf8-62da-4c5d-8bed-80e32a855936,e-바른치과의원,병원,금화로상인회 골목형상점가,골목형상점가,광주광역시,,,
4f69d144cb3e32d9fb76,full_annotation_v1,A,q_의료_03,병원,건강·의료 중 '의료'를 판매·제공하는 매장,test,의료,T2 동의어,c0a90638-e07a-4992-9f4b-21d707214966,첨단유진한방병원,병원,첨단지구 골목형상점가,골목형상점가,광주광역시,,,
cfaa319cda5739ca397c,full_annotation_v1,A,q_의료_03,병원,건강·의료 중 '의료'를 판매·제공하는 매장,test,의료,T2 동의어,01e01dc9-a690-442d-a992-0716da4fc86a,소나무한의원,한의진료서비스,수완하나로 골목형상점가,골목형상점가,광주광역시,,,
1c3bf472064cf54cfe74,full_annotation_v1,A,q_의료_03,병원,건강·의료 중 '의료'를 판매·제공하는 매장,test,의료,T2 동의어,6214ff11-3c60-42e8-908c-bec14b3380e1,자운가정의원,병원,자운대 골목형상점가,골목형상점가,대전광역시,,,
42cd30036ab3ccb900aa,full_annotation_v1,A,q_의료_03,병원,건강·의료 중 '의료'를 판매·제공하는 매장,test,의료,T2 동의어,00538958-226f-4338-8542-1fd9df6996d4,새현대치과,의료,매곡 가인 골목형상점가,골목형상점가,광주광역시,,,
3c5e305af81d6feec00b,full_annotation_v1,A,q_의료_03,병원,건강·의료 중 '의료'를 판매·제공하는 매장,test,의료,T2 동의어,ef899942-8deb-4a81-a717-f85c46120940,피크닉종합주방,주방용품,칠성전자주방시장,전통시장,대구광역시,,,
039eba2b2a84497d1d47,full_annotation_v1,A,q_의료_03,병원,건강·의료 중 '의료'를 판매·제공하는 매장,test,의료,T2 동의어,bff49d4b-b708-45c0-aeef-64dcde8e3c83,더하얀의원,병원,운리공원상인회 골목형상점가,골목형상점가,광주광역시,,,
1567447c939e6d9a2152,full_annotation_v1,A,q_의료_03,병원,건강·의료 중 '의료'를 판매·제공하는 매장,test,의료,T2 동의어,b41dd590-d130-4958-a87e-3d1cbc527e69,서라벌떡집,떡,왜관시장,전통시장,경상북도,,,
4fcbd4f214cb0815216c,full_annotation_v1,A,q_의료_03,병원,건강·의료 중 '의료'를 판매·제공하는 매장,test,의료,T2 동의어,012ea1f6-bb18-4f60-811e-1858d1f8fb85,서울삼성내과,병원,장자호수공원 골목형상점가,골목형상점가,경기도,,,
648c7c34d0bc1140a9fa,full_annotation_v1,A,q_의료_03,병원,건강·의료 중 '의료'를 판매·제공하는 매장,test,의료,T2 동의어,8ef5c782-d75e-452b-97c2-daec432f10ee,광주동림병원,병원,동천동먹자골목2번가상인회 골목형상점가,골목형상점가,광주광역시,,,
229cc72c2a2a4e4dd915,full_annotation_v1,A,q_의료_03,병원,건강·의료 중 '의료'를 판매·제공하는 매장,test,의료,T2 동의어,36486f62-6d85-44eb-99be-7ac485b5b8b5,예사랑피부과,병원,금화상인회 골목형상점가,골목형상점가,광주광역시,,,
d89ec89890d20a5c10af,full_annotation_v1,A,q_의료_03,병원,건강·의료 중 '의료'를 판매·제공하는 매장,test,의료,T2 동의어,eb011fe4-e7f4-474e-ba5a-09da19428ed3,튼튼약국,약,운천상무시장 골목형상점가,골목형상점가,광주광역시,,,
1f201a59568ae96dd05e,full_annotation_v1,A,q_의료_03,병원,건강·의료 중 '의료'를 판매·제공하는 매장,test,의료,T2 동의어,005f6f1a-ae3e-47a8-9298-8c7cae082531,삼선의원,일반의원,광복마을3-4길 골목형상점가,골목형상점가,광주광역시,,,
254118e2fe64c098412e,full_annotation_v1,A,q_의료_03,병원,건강·의료 중 '의료'를 판매·제공하는 매장,test,의료,T2 동의어,ae6dc73c-1ec2-4f26-bee0-f88d25e1d944,안내과,병원,공주산성시장,전통시장,충청남도,,,
63724baeca59eaab217b,full_annotation_v1,A,q_의료_03,병원,건강·의료 중 '의료'를 판매·제공하는 매장,test,의료,T2 동의어,90f7c479-6d13-441a-bf12-cfe6ce07c62c,센텀재활의학과의원,병원,필그린쇼핑센타,골목형상점가,울산광역시,,,
e42849a832a18b2cc3e0,full_annotation_v1,A,q_의료_03,병원,건강·의료 중 '의료'를 판매·제공하는 매장,test,의료,T2 동의어,077c1623-1f46-4ff8-8157-733c383a1ce1,김진용이비인후과,병원,어은누리 골목형상점가,골목형상점가,대전광역시,,,
9e6d6a3c4e261798e2ca,full_annotation_v1,A,q_의료_03,병원,건강·의료 중 '의료'를 판매·제공하는 매장,test,의료,T2 동의어,7fc46992-d1a5-4b75-b211-3748379d6df1,슈박노래연습장,,명장중앙 골목형상점가,골목형상점가,부산광역시,,,
cb23980ff7375f912224,full_annotation_v1,A,q_의료_03,병원,건강·의료 중 '의료'를 판매·제공하는 매장,test,의료,T2 동의어,42e75d8c-4555-4ac9-ae2d-f5e350041410,정든요양병원,병원,한울상인회 골목형상점가,골목형상점가,광주광역시,,,
2dfa8b9123e548df39d3,full_annotation_v1,A,q_의료_03,병원,건강·의료 중 '의료'를 판매·제공하는 매장,test,의료,T2 동의어,4d727774-009a-49e7-bd0f-5bab7712ddf3,벌툰 파리지앵 울산대점,,울산대바보사거리 골목형상점가,골목형상점가,울산광역시,,,
deed750ed40c214dde0e,full_annotation_v1,A,q_의료_03,병원,건강·의료 중 '의료'를 판매·제공하는 매장,test,의료,T2 동의어,036ef24a-2d53-4dd1-9bbd-6d0c2a81dd24,바른동물병원,수의 동물병원,송도랜드마크시티 센트럴더샵 골목형상점가,골목형상점가,인천광역시,,,
233917b24a29a5a3dd69,full_annotation_v1,A,q_의료_03,병원,건강·의료 중 '의료'를 판매·제공하는 매장,test,의료,T2 동의어,d1c0101a-fdb1-4270-9d03-8c40293546c0,정무강치과의원,병원,우산상인회 골목형상점가,골목형상점가,광주광역시,,,
06116a593c4efaf3b8c6,full_annotation_v1,A,q_의료_03,병원,건강·의료 중 '의료'를 판매·제공하는 매장,test,의료,T2 동의어,f7ea47c4-5498-4acf-a22c-8ae30362aa92,태화장터칼국수,칼국수,태화시장,전통시장,울산광역시,,,
0846eddb93a875d0c629,full_annotation_v1,A,q_의료_03,병원,건강·의료 중 '의료'를 판매·제공하는 매장,test,의료,T2 동의어,4be69a43-5c97-4c07-a4f2-53f6283682c4,웰신경과의원,병원,테크노밸리 골목형상점가,골목형상점가,대전광역시,,,
4e188303a7339dec6fce,full_annotation_v1,A,q_의료_03,병원,건강·의료 중 '의료'를 판매·제공하는 매장,test,의료,T2 동의어,0083c935-4cf1-4856-831b-5e623fcb71ac,봄봄이비인후과의원,의료서비스,고운동상점가,자율상권구역,세종특별자치시,,,
4e482a5120a8ee68f029,full_annotation_v1,A,q_의료_03,병원,건강·의료 중 '의료'를 판매·제공하는 매장,test,의료,T2 동의어,054d77ec-b17b-4ed9-9322-6f9060ce3d53,현소아청소년과의원,소아과 내과,일곡동 골목형상점가,골목형상점가,광주광역시,,,
730ed5fbdbc5750fb108,full_annotation_v1,A,q_의료_03,병원,건강·의료 중 '의료'를 판매·제공하는 매장,test,의료,T2 동의어,3ba7cd38-76fc-49df-b451-255f41a00497,첨단베스트내과의원,병원,첨단연신로 골목형상점가,골목형상점가,광주광역시,,,
9a147e8c4ac11907fd4d,full_annotation_v1,A,q_의료_03,병원,건강·의료 중 '의료'를 판매·제공하는 매장,test,의료,T2 동의어,148aa37b-59fc-4230-9c34-c4be5e4e1f7f,사랑샘병원,일반병원,오방로 골목형상점가,골목형상점가,광주광역시,,,
d15c2c89499aaaf6ddd0,full_annotation_v1,A,q_의료_03,병원,건강·의료 중 '의료'를 판매·제공하는 매장,test,의료,T2 동의어,37c5c69f-f4f9-4c14-9df2-b9bcecf47bc1,애플유의원,병원,범어식주가무명인골목 골목형상점가,골목형상점가,대구광역시,,,
64ffd95f04daec35a959,full_annotation_v1,A,q_의료_03,병원,건강·의료 중 '의료'를 판매·제공하는 매장,test,의료,T2 동의어,3db691c5-1804-413d-9178-f9f6b1074a18,한빛이비인후과,병원,필그린쇼핑센타,골목형상점가,울산광역시,,,
7d00b9a637d542da7f81,full_annotation_v1,A,q_의료_03,병원,건강·의료 중 '의료'를 판매·제공하는 매장,test,의료,T2 동의어,0ce28557-45c5-484f-bfc6-2dce8b1b11b3,화인메트로병원,병원,두정동상점가,자율상권구역,충청남도,,,
d697c8b0a857378ff27b,full_annotation_v1,A,q_의료_03,병원,건강·의료 중 '의료'를 판매·제공하는 매장,test,의료,T2 동의어,056051e6-c0e1-4402-b967-242217ff89ba,임명수 내과,내과,일곡동 골목형상점가,골목형상점가,광주광역시,,,
04871a3c53426998c61c,full_annotation_v1,A,q_의료_03,병원,건강·의료 중 '의료'를 판매·제공하는 매장,test,의료,T2 동의어,01b5432d-9420-483d-8da1-210127e3bb61,다사랑패밀리의원,내과 이비인후과 소아과,다사역 골목형상점가,골목형상점가,대구광역시,,,
ad724b7570ccb0aab49c,full_annotation_v1,A,q_의료_03,병원,건강·의료 중 '의료'를 판매·제공하는 매장,test,의료,T2 동의어,3e8b8b15-f247-4a44-8589-4806c8923c76,무지개병원,병원,경열로상인회 골목형상점가,골목형상점가,광주광역시,,,
65fab5063e29049c9fb6,full_annotation_v1,A,q_의료_03,병원,건강·의료 중 '의료'를 판매·제공하는 매장,test,의료,T2 동의어,067cdb1a-af4f-412e-b249-18ba9cde846b,반석내과영상의학과의원,내과 영상의학과,반석동 골목형상점가,골목형상점가,대전광역시,,,
fe8275704144433970f1,full_annotation_v1,A,q_의료_03,병원,건강·의료 중 '의료'를 판매·제공하는 매장,test,의료,T2 동의어,63b15595-d670-4e37-9560-246f7370445b,밥도둑반찬,반찬,둔촌역전통시장,전통시장,서울특별시,,,
ce80dce6483dd1541fe0,full_annotation_v1,A,q_의료_03,병원,건강·의료 중 '의료'를 판매·제공하는 매장,test,의료,T2 동의어,00962f54-90e0-479e-84a4-3f6e6f6515ec,비쥬여성산부인과의원,의료,운수대통 골목형상점가,골목형상점가,광주광역시,,,
6074f2dbc81806865af5,full_annotation_v1,A,q_의료_03,병원,건강·의료 중 '의료'를 판매·제공하는 매장,test,의료,T2 동의어,294606c2-a398-4fdd-899d-452ac8e72f47,아미힐요양병원,병원,노대물빛근린공원 골목형상점가,골목형상점가,광주광역시,,,
c82324b825693421c0fe,full_annotation_v1,A,q_의료_03,병원,건강·의료 중 '의료'를 판매·제공하는 매장,test,의료,T2 동의어,66f27496-107f-4136-bc80-311480ae2793,기쁨소아청소년과,병원,운남더존 골목형상점가,골목형상점가,광주광역시,,,
dc33be88d410432977d6,full_annotation_v1,A,q_의료_03,병원,건강·의료 중 '의료'를 판매·제공하는 매장,test,의료,T2 동의어,00fdab59-58f8-4c63-8765-30cb59a78156,도안프라임치과의원,치과진료,목원대 골목형상점가,골목형상점가,대전광역시,,,
efa316429986d87aacdd,full_annotation_v1,A,q_의료_03,병원,건강·의료 중 '의료'를 판매·제공하는 매장,test,의료,T2 동의어,855f5203-e3fb-4f50-ab6b-f77b9f835c7a,울산연합소아청소년과의원,병원,테라스파크상가 골목형상점가,골목형상점가,울산광역시,,,
24f110d794f4605c1753,full_annotation_v1,A,q_의료_03,병원,건강·의료 중 '의료'를 판매·제공하는 매장,test,의료,T2 동의어,00d494f5-7e0f-4ced-927a-3360ced94954,핑크유외과,병원,어진동 골목형상점가,골목형상점가,세종특별자치시,,,
2edd11c29c7cc5ee1cfa,full_annotation_v1,A,q_의료_03,병원,건강·의료 중 '의료'를 판매·제공하는 매장,test,의료,T2 동의어,4055baae-4a72-4641-ba0e-17ad5cf6f3d2,고희관 내과의원,병원,도군머리 골목형상점가,골목형상점가,광주광역시,,,
648d7d21a090b4c265e8,full_annotation_v1,A,q_의료_03,병원,건강·의료 중 '의료'를 판매·제공하는 매장,test,의료,T2 동의어,1fca2031-ca4d-4867-a30b-43fb1c52466f,21세기박약국,양약,김제중앙시장,전통시장,전북특별자치도,,,
b2314e0e372692c7cdf0,full_annotation_v1,A,q_의료_03,병원,건강·의료 중 '의료'를 판매·제공하는 매장,test,의료,T2 동의어,a0c51265-a04b-4be6-94c2-d6158e7fb8e8,첨단가족연합의원,병원,첨단2지구 골목형상점가,골목형상점가,광주광역시,,,
c78a8aaf965cfb1e9995,full_annotation_v1,A,q_의료_03,병원,건강·의료 중 '의료'를 판매·제공하는 매장,test,의료,T2 동의어,ff101589-0a3b-42cd-b804-c7394d33efd5,우리들외과의원,병원,송강동 골목형상점가,골목형상점가,대전광역시,,,
8ea65921dab266712e1b,full_annotation_v1,A,q_의료_03,병원,건강·의료 중 '의료'를 판매·제공하는 매장,test,의료,T2 동의어,ace5e976-69a2-48fc-9bd1-3f24e18bbc3e,금호바른정형외과,병원,신금호역골목형상점가,골목형상점가,서울특별시,,,
1367b14019b02f88b545,full_annotation_v1,A,q_의료_03,병원,건강·의료 중 '의료'를 판매·제공하는 매장,test,의료,T2 동의어,030d2cd2-d4d8-4ee8-bd1e-b3a1e71138d1,상문동물병원,동물병원,거제 상동 골목형상점가,골목형상점가,경상남도,,,
30f33f98841d486e5f75,full_annotation_v1,A,q_의료_03,병원,건강·의료 중 '의료'를 판매·제공하는 매장,test,의료,T2 동의어,16ebee86-dbaf-4865-960c-55519bbf06cb,창평 성심의원,병원,슬로시티창평 골목형상점가,골목형상점가,,,,
a63919dcde3dbe61f63c,full_annotation_v1,A,q_의료_03,병원,건강·의료 중 '의료'를 판매·제공하는 매장,test,의료,T2 동의어,e7bf2a6f-b6ac-494a-ba78-f843b4cea070,제이한방병원,병원,신용동2 골목형상점가,골목형상점가,광주광역시,,,
c87d75a13da857c449ac,full_annotation_v1,A,q_의료_03,병원,건강·의료 중 '의료'를 판매·제공하는 매장,test,의료,T2 동의어,6d0c954a-1194-47bc-b27f-600ba6c91db5,헤이키커피상무점,커피,치평상무역상인회 골목형상점가,골목형상점가,광주광역시,,,
53df57f4088a3babdb79,full_annotation_v1,A,q_의료_03,병원,건강·의료 중 '의료'를 판매·제공하는 매장,test,의료,T2 동의어,d6f49bcb-37de-4058-be5c-263649bf7b59,시민정육점,식육점,포항죽도시장,전통시장,경상북도,,,
cbef9aa27440cf12e6b4,full_annotation_v1,A,q_의료_03,병원,건강·의료 중 '의료'를 판매·제공하는 매장,test,의료,T2 동의어,8c17ad85-6243-4bb2-86e8-9c29f62ed3e0,노씨수산,농산물,팔달신시장,전통시장,대구광역시,,,
5e685107e017b1eb5b62,full_annotation_v1,A,q_의료_03,병원,건강·의료 중 '의료'를 판매·제공하는 매장,test,의료,T2 동의어,7fdbeb51-7541-4255-883c-ce3640819294,(주)금강축산유통,도소매업(축산물),마장축산물시장,전통시장,서울특별시,,,
b11479bb49f669e4d1ea,full_annotation_v1,A,q_의료_03,병원,건강·의료 중 '의료'를 판매·제공하는 매장,test,의료,T2 동의어,2c99f95a-a9d6-43a5-8f46-73405931f25a,벤조인요양병원,병원,슬기로운 지족역 골목형상점가,골목형상점가,대전광역시,,,
41320fa8607937857a3e,full_annotation_v1,A,q_의료_03,병원,건강·의료 중 '의료'를 판매·제공하는 매장,test,의료,T2 동의어,92d79994-daea-4856-b2eb-2d6c1d0780d8,서울이비인후과의원,병원,상무시청상인회 골목형상점가,골목형상점가,광주광역시,,,
f3617a89b8a0d03c049a,full_annotation_v1,A,q_의료_03,병원,건강·의료 중 '의료'를 판매·제공하는 매장,test,의료,T2 동의어,9c3b94e6-b199-4004-a673-9b2c19d1bc05,고치과의원,병원,이동 골목형상점가,골목형상점가,경기도,,,
2deb7ae709037906ea0f,full_annotation_v1,A,q_의료_03,병원,건강·의료 중 '의료'를 판매·제공하는 매장,test,의료,T2 동의어,a66ee4ee-24ec-4ccc-a3d4-c9c66790dc06,서울튼튼연합의원,병원,충주무학시장,전통시장,충청북도,,,
e95dc6070123d9326bee,full_annotation_v1,A,q_의료_03,병원,건강·의료 중 '의료'를 판매·제공하는 매장,test,의료,T2 동의어,20a03492-606e-49e9-a344-69381afb0022,강남피부과의원,병원,테라스파크상가 골목형상점가,골목형상점가,울산광역시,,,
878a782065741eec32df,full_annotation_v1,A,q_의료_03,병원,건강·의료 중 '의료'를 판매·제공하는 매장,test,의료,T2 동의어,d4e12c15-1052-464b-b12b-7fbd3febe40e,산본성심정형외과,병원,산본로데오거리(구 산본중심상가),자율상권구역,경기도,,,
589687aadef7dea6a99f,full_annotation_v1,A,q_의료_03,병원,건강·의료 중 '의료'를 판매·제공하는 매장,test,의료,T2 동의어,a9a37387-b3d3-426e-979e-f6f37d280ed9,호호재활의학과의원,병원,문흥동 골목형상점가,골목형상점가,광주광역시,,,
3031ea0824493855b197,full_annotation_v1,A,q_의료_03,병원,건강·의료 중 '의료'를 판매·제공하는 매장,test,의료,T2 동의어,bbd74f58-078b-4ade-8e65-f7b707a8e9df,방어진아산탑마취통증의학과,병원,테라스파크상가 골목형상점가,골목형상점가,울산광역시,,,
d4312701a5308e7b3432,full_annotation_v1,A,q_의료_03,병원,건강·의료 중 '의료'를 판매·제공하는 매장,test,의료,T2 동의어,bc28e035-9e5a-46f2-8b43-6b9d8edc2c44,참좋은동물병원,동물 병원,오케이 양산동 골목형상점가,골목형상점가,광주광역시,,,
8df91b186d739f943726,full_annotation_v1,A,q_의료_03,병원,건강·의료 중 '의료'를 판매·제공하는 매장,test,의료,T2 동의어,557ad3cf-8ffd-4fcf-894c-f24e6d7492b4,전주문병원,병원,효자2동 골목형상점가,골목형상점가,전북특별자치도,,,
9bc41234d9cb68d914c2,full_annotation_v1,A,q_의료_03,병원,건강·의료 중 '의료'를 판매·제공하는 매장,test,의료,T2 동의어,760f404b-a947-460e-9731-c0fc72af2f63,플루엣,카페베이커리,문정동로데오상점가,자율상권구역,서울특별시,,,
a9234eeda98a3e955a8b,full_annotation_v1,A,q_의료_03,병원,건강·의료 중 '의료'를 판매·제공하는 매장,test,의료,T2 동의어,0040b4e6-7b74-4175-b54d-add4fe693d49,메디팜보명당약국,"의약품, 의료욕구, 복지욕구, 의료기기",점촌역전상점가,자율상권구역,경상북도,,,
673408c60d38e8640dc7,full_annotation_v1,A,q_의료_03,병원,건강·의료 중 '의료'를 판매·제공하는 매장,test,의료,T2 동의어,0be47ff0-239b-464d-a1ec-75dc211909ac,다모토리혼,한식,성수역골목형상점가,골목형상점가,서울특별시,,,
f22bcff97cbeae19a0b7,full_annotation_v1,A,q_의료_03,병원,건강·의료 중 '의료'를 판매·제공하는 매장,test,의료,T2 동의어,072ed95f-4c7c-4962-bdca-87c8558de161,한신내과,내과,여의동 골목형상점가,골목형상점가,전북특별자치도,,,
90ff7559a2ddd0dcdbc8,full_annotation_v1,A,q_의료_03,병원,건강·의료 중 '의료'를 판매·제공하는 매장,test,의료,T2 동의어,0286c595-5d7f-49db-876a-6959d52a7d39,서울더원플러스치과,치과진료,남성역 골목시장,전통시장,서울특별시,,,
369e55d7b34a8b2b7893,full_annotation_v1,A,q_의료_03,병원,건강·의료 중 '의료'를 판매·제공하는 매장,test,의료,T2 동의어,e6e4fc09-e63c-4c67-baa8-de32bf3c47ed,더나은의원,병원,정선아리랑시장상권활성화구역,상권활성화구역,강원특별자치도,,,
86f5cdf7f16d7b4917e7,full_annotation_v1,A,q_의료_03,병원,건강·의료 중 '의료'를 판매·제공하는 매장,test,의료,T2 동의어,013526b7-d35c-404e-93d1-3a112d8de0c6,아이생각소아청소년과의원,진료비,신용동 골목형상점가,골목형상점가,광주광역시,,,
14f7688603a6ab6d5b84,full_annotation_v1,A,q_의료_03,병원,건강·의료 중 '의료'를 판매·제공하는 매장,test,의료,T2 동의어,b65eeb55-829a-4c65-8b5b-d7d1709bfc5f,주동물병원,병원,금암동 골목형상점가,골목형상점가,충청남도,,,
770d860e3806c832ba75,full_annotation_v1,A,q_의료_03,병원,건강·의료 중 '의료'를 판매·제공하는 매장,test,의료,T2 동의어,01225d66-8811-407d-9bce-43e4dbb97e1c,조일한의원,한의원 진료 서비스,칠성상가시장,전통시장,대구광역시,,,
8c194332b84a7e207896,full_annotation_v1,A,q_의료_03,병원,건강·의료 중 '의료'를 판매·제공하는 매장,test,의료,T2 동의어,4d37a0c7-c390-4a21-81ad-9732be41521d,캘리포니아치과의원,병원,흑석동 골목형상점가,골목형상점가,광주광역시,,,
fbc896e778ca79997ef9,full_annotation_v1,A,q_의료_03,병원,건강·의료 중 '의료'를 판매·제공하는 매장,test,의료,T2 동의어,c1d91437-d09f-477b-a9cb-df187ab3684b,코끼리이비인후과,병원,맑은샘 골목형상점가,골목형상점가,울산광역시,,,
d1b1d450224300684d76,full_annotation_v1,A,q_의료_03,병원,건강·의료 중 '의료'를 판매·제공하는 매장,test,의료,T2 동의어,617602cf-1c58-4875-be42-7d594e1dd330,아름다운여성의원,병원,계수마을상인회 골목형상점가,골목형상점가,광주광역시,,,
a0e17260d9e9c1984e60,full_annotation_v1,A,q_의료_03,병원,건강·의료 중 '의료'를 판매·제공하는 매장,test,의료,T2 동의어,d4c147cf-82f1-4392-be6d-8e1cc57c1a72,오엠콘텐츠,,울산대바보사거리 골목형상점가,골목형상점가,울산광역시,,,
2d0dc49b2d53b3f1f230,full_annotation_v1,A,q_의료_03,병원,건강·의료 중 '의료'를 판매·제공하는 매장,test,의료,T2 동의어,614a687c-cfe1-4a1a-a74a-7702860714b2,명장 해물촌,,명장중앙 골목형상점가,골목형상점가,부산광역시,,,
6e3b155d93671dd97655,full_annotation_v1,A,q_의료_03,병원,건강·의료 중 '의료'를 판매·제공하는 매장,test,의료,T2 동의어,0002538c-b8d9-4911-81c7-966789036b09,빛고을 치과의원,의원,세은 골목형상점가,골목형상점가,광주광역시,,,
9e3261288cfbb87a7c95,full_annotation_v1,A,q_의료_03,병원,건강·의료 중 '의료'를 판매·제공하는 매장,test,의료,T2 동의어,1be46f25-fd51-4846-a9fb-64646265890e,잇츠미의원,병원,금암동 골목형상점가,골목형상점가,충청남도,,,
226e6046aca4f6add18d,full_annotation_v1,A,q_의료_03,병원,건강·의료 중 '의료'를 판매·제공하는 매장,test,의료,T2 동의어,00192f22-a492-4ba5-a62d-65bf0d0ec7b9,큰물한의원,한의원,전주서곡 골목형상점가,골목형상점가,전북특별자치도,,,
3417680a52fb006ca860,full_annotation_v1,A,q_의료_03,병원,건강·의료 중 '의료'를 판매·제공하는 매장,test,의료,T2 동의어,0d73327c-1cae-486b-a757-6d1d4d2ed3b1,성내과의원,병원,어은누리 골목형상점가,골목형상점가,대전광역시,,,
720f43b54ec2c549504b,full_annotation_v1,A,q_의료_03,병원,건강·의료 중 '의료'를 판매·제공하는 매장,test,의료,T2 동의어,d2a7b317-5dfb-4949-a84e-14cd408a06ee,리더스비뇨의학과,병원,주월1동봉선로 골목형상점가,골목형상점가,광주광역시,,,
92a640b174a7bc81b51b,full_annotation_v1,A,q_의료_03,병원,건강·의료 중 '의료'를 판매·제공하는 매장,test,의료,T2 동의어,aa35ba94-81ad-4cc8-983f-24918c0b9102,현대산부인과,병원,정읍연지상점가,자율상권구역,전북특별자치도,,,
64d4777276758051114c,full_annotation_v1,A,q_의료_03,병원,건강·의료 중 '의료'를 판매·제공하는 매장,test,의료,T2 동의어,00427918-a4b0-485e-ab42-62ebce752f92,유디해운대치과의원,의료,영풍리젠시 골목형상점가,골목형상점가,부산광역시,,,
199aacd7572dda29723f,full_annotation_v1,A,q_의료_03,병원,건강·의료 중 '의료'를 판매·제공하는 매장,test,의료,T2 동의어,b9a66a6f-b92c-439b-b4cc-748602bebfd2,세종위드정형외과,병원,나성BRT 골목형상점가,골목형상점가,세종특별자치시,,,
f383bced5d70c632405c,full_annotation_v1,A,q_의료_04,의원,건강·의료 중 '의료'를 판매·제공하는 매장,test,의료,T2 동의어,3469389a-6631-4447-8703-083343ad7b0e,내덕자연한의원,의원,밤고개자연시장(내덕자연시장),전통시장,충청북도,,,
1538c081222940721661,full_annotation_v1,A,q_의료_04,의원,건강·의료 중 '의료'를 판매·제공하는 매장,test,의료,T2 동의어,036ef24a-2d53-4dd1-9bbd-6d0c2a81dd24,바른동물병원,수의 동물병원,송도랜드마크시티 센트럴더샵 골목형상점가,골목형상점가,인천광역시,,,
8dbbba19881f96a7c5b7,full_annotation_v1,A,q_의료_04,의원,건강·의료 중 '의료'를 판매·제공하는 매장,test,의료,T2 동의어,3861bdf7-0bea-4a90-a3b7-853ca3f99e1d,하이재활의학과의원,의원,매봉 골목형상점가,골목형상점가,광주광역시,,,
bcf9cad74cffc5e94114,full_annotation_v1,A,q_의료_04,의원,건강·의료 중 '의료'를 판매·제공하는 매장,test,의료,T2 동의어,b139fbaa-4a08-4219-827e-74cce6434b15,박상학소아청소년과의원,의원,과천슈르탑 골목형상점가,골목형상점가,경기도,,,
946ea5d0112e6daf3992,full_annotation_v1,A,q_의료_04,의원,건강·의료 중 '의료'를 판매·제공하는 매장,test,의료,T2 동의어,7b7d4f74-0fd0-45ec-887b-1c7cd71ff130,수완반석치과,의원,흑석동 골목형상점가,골목형상점가,광주광역시,,,
57215f401b188df09dd7,full_annotation_v1,A,q_의료_04,의원,건강·의료 중 '의료'를 판매·제공하는 매장,test,의료,T2 동의어,0056dcd4-0ac0-4535-9ee5-c8fd19d8ff14,중화한의원,한의원,보령한내시장,전통시장,충청남도,,,
49e27a276aca0a7e68ac,full_annotation_v1,A,q_의료_04,의원,건강·의료 중 '의료'를 판매·제공하는 매장,test,의료,T2 동의어,00427918-a4b0-485e-ab42-62ebce752f92,유디해운대치과의원,의료,영풍리젠시 골목형상점가,골목형상점가,부산광역시,,,
891b615615ba1b0db6a7,full_annotation_v1,A,q_의료_04,의원,건강·의료 중 '의료'를 판매·제공하는 매장,test,의료,T2 동의어,0ada8a58-98f4-4e52-8e98-4c617d6f0d5f,성문의원,의원,석계역 골목형상점가,골목형상점가,서울특별시,,,
41081359b2f4210a27b1,full_annotation_v1,A,q_의료_04,의원,건강·의료 중 '의료'를 판매·제공하는 매장,test,의료,T2 동의어,bb3fdf18-f10c-4055-ac41-31bab980938a,조선제일국밥,한식,강진읍 상권활성화구역,상권활성화구역,전라남도,,,
ea930fa6bf9d85d0b559,full_annotation_v1,A,q_의료_04,의원,건강·의료 중 '의료'를 판매·제공하는 매장,test,의료,T2 동의어,917ac614-bd48-4bd5-b049-6c3f723cfd2e,여민의원,의원,광장전통시장,자율상권구역,서울특별시,,,
c6b047dc74efdeffa178,full_annotation_v1,A,q_의료_04,의원,건강·의료 중 '의료'를 판매·제공하는 매장,test,의료,T2 동의어,2a6402c2-c1ce-4c6d-9a32-4273a6123baa,라파연세마취통증의학과의원,의원,상동역 골목형상점가,골목형상점가,경기도,,,
ef69c7f21ed58c75e5a6,full_annotation_v1,A,q_의료_04,의원,건강·의료 중 '의료'를 판매·제공하는 매장,test,의료,T2 동의어,0006edf8-62da-4c5d-8bed-80e32a855936,e-바른치과의원,병원,금화로상인회 골목형상점가,골목형상점가,광주광역시,,,
6ae18e337a4556852d6d,full_annotation_v1,A,q_의료_04,의원,건강·의료 중 '의료'를 판매·제공하는 매장,test,의료,T2 동의어,d220da44-6c58-4cec-b459-6a656ccd194f,중화요리일미향,음식점(중식),금남시장,전통시장,서울특별시,,,
52301cf4d7aab5ac5ec3,full_annotation_v1,A,q_의료_04,의원,건강·의료 중 '의료'를 판매·제공하는 매장,test,의료,T2 동의어,0286c595-5d7f-49db-876a-6959d52a7d39,서울더원플러스치과,치과진료,남성역 골목시장,전통시장,서울특별시,,,
8b3a620b7e33e0c8ee2d,full_annotation_v1,A,q_의료_04,의원,건강·의료 중 '의료'를 판매·제공하는 매장,test,의료,T2 동의어,9dbfdc65-8497-4f39-8e0d-6259a22aacbf,양의원,의원,성수역골목형상점가,골목형상점가,서울특별시,,,
a69d87c09697705bba25,full_annotation_v1,A,q_의료_04,의원,건강·의료 중 '의료'를 판매·제공하는 매장,test,의료,T2 동의어,ce0e269d-0424-4a2d-9653-92524520bd0c,최내과의원,의원,두텁바위 골목형상점가,골목형상점가,서울특별시,,,
c16b47b6a8533c8484ea,full_annotation_v1,A,q_의료_04,의원,건강·의료 중 '의료'를 판매·제공하는 매장,test,의료,T2 동의어,59ca3d52-a038-4480-a83b-87c365bf54e7,미룸,의류,성서중심시장(성서시장문화의거리 통합),전통시장,충청북도,,,
031051308df4dd7fc197,full_annotation_v1,A,q_의료_04,의원,건강·의료 중 '의료'를 판매·제공하는 매장,test,의료,T2 동의어,0083c935-4cf1-4856-831b-5e623fcb71ac,봄봄이비인후과의원,의료서비스,고운동상점가,자율상권구역,세종특별자치시,,,
6011693bbd64cb60470c,full_annotation_v1,A,q_의료_04,의원,건강·의료 중 '의료'를 판매·제공하는 매장,test,의료,T2 동의어,109ee31e-168d-4339-bb49-3e37dd5b0ea4,우리가정의원,의원,맛조이상인회 골목형상점가,골목형상점가,광주광역시,,,
d9f47d63baad98086e24,full_annotation_v1,A,q_의료_04,의원,건강·의료 중 '의료'를 판매·제공하는 매장,test,의료,T2 동의어,bdee7ce4-26f5-4052-a297-455fe119f5c6,바른유외과의원,의원,상무중앙로46구역상인회 골목형상점가,골목형상점가,광주광역시,,,
dedff2f74d0b93f3b8fc,full_annotation_v1,A,q_의료_04,의원,건강·의료 중 '의료'를 판매·제공하는 매장,test,의료,T2 동의어,437707a5-6c35-41a2-93b6-4e085360c73e,열린의원,의원,문흥2동 골목형상점가,골목형상점가,광주광역시,,,
6abcd777abf63f2b3cc8,full_annotation_v1,A,q_의료_04,의원,건강·의료 중 '의료'를 판매·제공하는 매장,test,의료,T2 동의어,01b5432d-9420-483d-8da1-210127e3bb61,다사랑패밀리의원,내과 이비인후과 소아과,다사역 골목형상점가,골목형상점가,대구광역시,,,
3efd67422ad6f7304c3e,full_annotation_v1,A,q_의료_04,의원,건강·의료 중 '의료'를 판매·제공하는 매장,test,의료,T2 동의어,072ed95f-4c7c-4962-bdca-87c8558de161,한신내과,내과,여의동 골목형상점가,골목형상점가,전북특별자치도,,,
1c7da5b28c2f3bba0b58,full_annotation_v1,A,q_의료_04,의원,건강·의료 중 '의료'를 판매·제공하는 매장,test,의료,T2 동의어,66cc4f51-e840-4d21-b580-b8b51f090e4e,소문난떡집,,삼천용리로 골목형상점가,골목형상점가,전북특별자치도,,,
883043d83235e8f58e19,full_annotation_v1,A,q_의료_04,의원,건강·의료 중 '의료'를 판매·제공하는 매장,test,의료,T2 동의어,47b213df-1ce6-4ebd-aa01-4cd2a8795a7b,서울가정의학과의원,의원,망리단길골목형상점가,골목형상점가,서울특별시,,,
5525a613c1e0e92f88e5,full_annotation_v1,A,q_의료_04,의원,건강·의료 중 '의료'를 판매·제공하는 매장,test,의료,T2 동의어,067cdb1a-af4f-412e-b249-18ba9cde846b,반석내과영상의학과의원,내과 영상의학과,반석동 골목형상점가,골목형상점가,대전광역시,,,
5054984d167cd45f08cb,full_annotation_v1,A,q_의료_04,의원,건강·의료 중 '의료'를 판매·제공하는 매장,test,의료,T2 동의어,1ab69533-6713-460b-866b-0cf9e99ccf6e,다정의원,의원,매곡일로 골목형상점가,골목형상점가,울산광역시,,,
e06e011b6168a4633ab8,full_annotation_v1,A,q_의료_04,의원,건강·의료 중 '의료'를 판매·제공하는 매장,test,의료,T2 동의어,357d273a-a770-4af9-998f-cde77a41a336,연세내과의원,의원,광주송정역세권 상권활성화구역,상권활성화구역,광주광역시,,,
fcadf8ce1a2419e0c758,full_annotation_v1,A,q_의료_04,의원,건강·의료 중 '의료'를 판매·제공하는 매장,test,의료,T2 동의어,78e83599-165c-41b2-908a-d35de4de4268,닥터준의원,의원,선부광장로상점가,자율상권구역,경기도,,,
34f79ef2c7ee76cd1094,full_annotation_v1,A,q_의료_04,의원,건강·의료 중 '의료'를 판매·제공하는 매장,test,의료,T2 동의어,013526b7-d35c-404e-93d1-3a112d8de0c6,아이생각소아청소년과의원,진료비,신용동 골목형상점가,골목형상점가,광주광역시,,,
c73c186bcc89805544ae,full_annotation_v1,A,q_의료_04,의원,건강·의료 중 '의료'를 판매·제공하는 매장,test,의료,T2 동의어,66ad67df-d42d-4e82-a29b-bb5a8d5f7a37,종구네통닭,음식,청량리종합시장,전통시장,서울특별시,,,
9365ec06f301723275f3,full_annotation_v1,A,q_의료_04,의원,건강·의료 중 '의료'를 판매·제공하는 매장,test,의료,T2 동의어,aaf6d364-a4e9-487c-ae1a-8a07ea09ed7c,조은택내과의원,의원,매봉 골목형상점가,골목형상점가,광주광역시,,,
31f0192e6c0455aa145c,full_annotation_v1,A,q_의료_04,의원,건강·의료 중 '의료'를 판매·제공하는 매장,test,의료,T2 동의어,03449d46-5ccf-4bf4-951e-0cd1be877331,한사랑메디칼 의원,의원,한솔센터 골목형상점가,골목형상점가,세종특별자치시,,,
9623ed6e817bc98b945d,full_annotation_v1,A,q_의료_04,의원,건강·의료 중 '의료'를 판매·제공하는 매장,test,의료,T2 동의어,be1b6bb3-2072-42c0-8bca-a54d8d3ee7d6,복비뇨기과,의원,뉴월드프라자골목형상점가,골목형상점가,경기도,,,
c333a63acb891389842c,full_annotation_v1,A,q_의료_04,의원,건강·의료 중 '의료'를 판매·제공하는 매장,test,의료,T2 동의어,0002538c-b8d9-4911-81c7-966789036b09,빛고을 치과의원,의원,세은 골목형상점가,골목형상점가,광주광역시,,,
22fe08a50e0b51d3b0a7,full_annotation_v1,A,q_의료_04,의원,건강·의료 중 '의료'를 판매·제공하는 매장,test,의료,T2 동의어,01225d66-8811-407d-9bce-43e4dbb97e1c,조일한의원,한의원 진료 서비스,칠성상가시장,전통시장,대구광역시,,,
d40b3e2988b4ea1cd351,full_annotation_v1,A,q_의료_04,의원,건강·의료 중 '의료'를 판매·제공하는 매장,test,의료,T2 동의어,c3d0ec8c-0e3c-401f-a44d-03868d958d53,박상호 의원,의원,무지개종합상가,자율상권구역,서울특별시,,,
8fc0c8dd4b46f881bd92,full_annotation_v1,A,q_의료_04,의원,건강·의료 중 '의료'를 판매·제공하는 매장,test,의료,T2 동의어,32b17b63-b103-4606-bad7-d591e107e142,김진영내과,의원,신봉동 온누리 골목형상점가,골목형상점가,경기도,,,
cf440c7af110d92db421,full_annotation_v1,A,q_의료_04,의원,건강·의료 중 '의료'를 판매·제공하는 매장,test,의료,T2 동의어,c45676d3-c6e3-40ff-b59d-5b1ce8916b2f,괴정바른본의원,의원,괴정가장로 골목형상점가,골목형상점가,대전광역시,,,
07ee6ee58ae7cfd78944,full_annotation_v1,A,q_의료_04,의원,건강·의료 중 '의료'를 판매·제공하는 매장,test,의료,T2 동의어,eb0878ba-f7d3-4a72-93ed-2dd0613002ed,고은미래의원,의원,LC타워거리 골목형상점가,골목형상점가,광주광역시,,,
24125e1c31aca46f4890,full_annotation_v1,A,q_의료_04,의원,건강·의료 중 '의료'를 판매·제공하는 매장,test,의료,T2 동의어,054d77ec-b17b-4ed9-9322-6f9060ce3d53,현소아청소년과의원,소아과 내과,일곡동 골목형상점가,골목형상점가,광주광역시,,,
778044e281f1a7b1250a,full_annotation_v1,A,q_의료_04,의원,건강·의료 중 '의료'를 판매·제공하는 매장,test,의료,T2 동의어,c12ff420-e0da-4ac0-99bd-0ed05424ac30,화목한 정신건강의학과 의원,의원,매봉 골목형상점가,골목형상점가,광주광역시,,,
e66766fc0e32773f0fc9,full_annotation_v1,A,q_의료_04,의원,건강·의료 중 '의료'를 판매·제공하는 매장,test,의료,T2 동의어,6d1de0a6-728c-46c9-b1c2-c4db6f4c4719,E&T(이엔티),"케이스, 전자담배",빛가람 상리단길 골목형상점가,골목형상점가,전라남도,,,
2dd13b236428302ab9d2,full_annotation_v1,A,q_의료_04,의원,건강·의료 중 '의료'를 판매·제공하는 매장,test,의료,T2 동의어,4577cb6b-90a4-4c08-86ab-a77ca30a80da,온정의원,의원,거제 읍내시장,전통시장,경상남도,,,
db8e014a67a570698d78,full_annotation_v1,A,q_의료_04,의원,건강·의료 중 '의료'를 판매·제공하는 매장,test,의료,T2 동의어,c73eaab0-a2d7-4212-a308-e01d05899bde,이성구이비인후과,의원,유성봉명 골목형상점가,골목형상점가,대전광역시,,,
191b49d642d84d9a2f44,full_annotation_v1,A,q_의료_04,의원,건강·의료 중 '의료'를 판매·제공하는 매장,test,의료,T2 동의어,bf0a555e-ee84-420c-8540-319268e21555,프라임의원,의원,오월첫동네 골목형상점가,골목형상점가,광주광역시,,,
2d09f787af9f9c567427,full_annotation_v1,A,q_의료_04,의원,건강·의료 중 '의료'를 판매·제공하는 매장,test,의료,T2 동의어,a91f3b67-839c-47ac-81d5-971497417bdf,속옷나라,속옷,금촌전통시장,전통시장,경기도,,,
f353713481fec4bd210b,full_annotation_v1,A,q_의료_04,의원,건강·의료 중 '의료'를 판매·제공하는 매장,test,의료,T2 동의어,347a17e7-8711-429f-84e0-6a341889df18,박가정의원,의원,상계중앙시장,전통시장,서울특별시,,,
eb569af8e932df22bd50,full_annotation_v1,A,q_의료_04,의원,건강·의료 중 '의료'를 판매·제공하는 매장,test,의료,T2 동의어,bfcfcb59-106d-4575-9ace-9af99cef1186,아라의원,의원,대왕암사거리 골목형상점가,골목형상점가,울산광역시,,,
b3657bf1326d16e00852,full_annotation_v1,A,q_의료_04,의원,건강·의료 중 '의료'를 판매·제공하는 매장,test,의료,T2 동의어,dc7bd06d-8888-4dfa-b78b-f50a41b41ad0,위하는내과의원,의원,반곡동행복 골목형상점가,골목형상점가,세종특별자치시,,,
217e4170445b2d0a05d8,full_annotation_v1,A,q_의료_04,의원,건강·의료 중 '의료'를 판매·제공하는 매장,test,의료,T2 동의어,0040b4e6-7b74-4175-b54d-add4fe693d49,메디팜보명당약국,"의약품, 의료욕구, 복지욕구, 의료기기",점촌역전상점가,자율상권구역,경상북도,,,
2dbbeb2d84e3d7550586,full_annotation_v1,A,q_의료_04,의원,건강·의료 중 '의료'를 판매·제공하는 매장,test,의료,T2 동의어,94150098-9d12-4dd4-a040-8dbf82452d2a,롯데리아울산전하점,햄버거,동울산종합시장,전통시장,울산광역시,,,
863b5f781de2695aed03,full_annotation_v1,A,q_의료_04,의원,건강·의료 중 '의료'를 판매·제공하는 매장,test,의료,T2 동의어,005f6f1a-ae3e-47a8-9298-8c7cae082531,삼선의원,일반의원,광복마을3-4길 골목형상점가,골목형상점가,광주광역시,,,
632e59ae7fb335715cd2,full_annotation_v1,A,q_의료_04,의원,건강·의료 중 '의료'를 판매·제공하는 매장,test,의료,T2 동의어,85293d8d-340c-4a07-b531-af09c6d801cb,김석헌내과,의원,산본로데오거리(구 산본중심상가),자율상권구역,경기도,,,
4f3e2000b95379163dfe,full_annotation_v1,A,q_의료_04,의원,건강·의료 중 '의료'를 판매·제공하는 매장,test,의료,T2 동의어,baed9442-6662-40ee-85f2-0f7f14981c3e,튼튼소아청소년과의원,의원,뉴월드프라자골목형상점가,골목형상점가,경기도,,,
bc2c678726f226b8d1c2,full_annotation_v1,A,q_의료_04,의원,건강·의료 중 '의료'를 판매·제공하는 매장,test,의료,T2 동의어,e4ca042d-bb8b-4389-8e97-1b6dd99185ca,수연합의원,의원,매곡동 골목형상점가,골목형상점가,광주광역시,,,
bc04c17e687697a76c8a,full_annotation_v1,A,q_의료_04,의원,건강·의료 중 '의료'를 판매·제공하는 매장,test,의료,T2 동의어,030d2cd2-d4d8-4ee8-bd1e-b3a1e71138d1,상문동물병원,동물병원,거제 상동 골목형상점가,골목형상점가,경상남도,,,
2400c7b10535898899f1,full_annotation_v1,A,q_의료_04,의원,건강·의료 중 '의료'를 판매·제공하는 매장,test,의료,T2 동의어,aba9a2f4-7170-4137-9c8c-8cffbcbdea98,장튼튼내과의원,의원,스타타워1 골목형상점가,골목형상점가,인천광역시,,,
e9ec7d03a1e1b56033f5,full_annotation_v1,A,q_의료_04,의원,건강·의료 중 '의료'를 판매·제공하는 매장,test,의료,T2 동의어,eb13475f-6cbc-43ca-8de0-016592284d93,이 정형외과 의원,의원,화삼골상인회 골목형상점가,골목형상점가,광주광역시,,,
67824096e7e07d662874,full_annotation_v1,A,q_의료_04,의원,건강·의료 중 '의료'를 판매·제공하는 매장,test,의료,T2 동의어,70971409-4a4f-44b6-b0fa-741006fd2918,마태비뇨의학과의원,의원,호계종합시장,전통시장,경기도,,,
7ae5517bd765c64106de,full_annotation_v1,A,q_의료_04,의원,건강·의료 중 '의료'를 판매·제공하는 매장,test,의료,T2 동의어,31a831cc-c90b-45e4-a844-1e36dd4f7909,동진의원,의원,국수거리 골목형상점가,골목형상점가,전라남도,,,
1a975fac838908dd3c9c,full_annotation_v1,A,q_의료_04,의원,건강·의료 중 '의료'를 판매·제공하는 매장,test,의료,T2 동의어,ee43a342-c8b3-46cf-931d-10fd29b21889,코아이비인후과의원,의원,금화상인회 골목형상점가,골목형상점가,광주광역시,,,
3e58c38a1d2fd8e98ebc,full_annotation_v1,A,q_의료_04,의원,건강·의료 중 '의료'를 판매·제공하는 매장,test,의료,T2 동의어,00192f22-a492-4ba5-a62d-65bf0d0ec7b9,큰물한의원,한의원,전주서곡 골목형상점가,골목형상점가,전북특별자치도,,,
213e3b4b68d9afb79a63,full_annotation_v1,A,q_의료_04,의원,건강·의료 중 '의료'를 판매·제공하는 매장,test,의료,T2 동의어,23bb6bc7-6904-498c-8273-f4f536842517,동인의원,의원,수문통 골목형상점가,골목형상점가,인천광역시,,,
4a2150a52a3ac2d128c5,full_annotation_v1,A,q_의료_04,의원,건강·의료 중 '의료'를 판매·제공하는 매장,test,의료,T2 동의어,a00f4ed8-fe95-4847-a37e-8ea6533a0154,연세손내과의원,의원,구성언남 골목형상점가,골목형상점가,경기도,,,
815051cd99d48dba61e7,full_annotation_v1,A,q_의료_04,의원,건강·의료 중 '의료'를 판매·제공하는 매장,test,의료,T2 동의어,85b8345f-4d2d-4a9b-9d0f-467ec94b5d5b,안양진정형외과,의원,호계종합시장,전통시장,경기도,,,
792517fc4e3756d1a7d4,full_annotation_v1,A,q_의료_04,의원,건강·의료 중 '의료'를 판매·제공하는 매장,test,의료,T2 동의어,056051e6-c0e1-4402-b967-242217ff89ba,임명수 내과,내과,일곡동 골목형상점가,골목형상점가,광주광역시,,,
c8b28b0c3ed17f4b7bea,full_annotation_v1,A,q_의료_04,의원,건강·의료 중 '의료'를 판매·제공하는 매장,test,의료,T2 동의어,b3be9280-b38e-4f36-9f46-9aee589de12a,박금석치과의원,의원,주월1동서문대로 골목형상점가,골목형상점가,광주광역시,,,
4697aea0c4146b031986,full_annotation_v1,A,q_의료_04,의원,건강·의료 중 '의료'를 판매·제공하는 매장,test,의료,T2 동의어,d698c524-a484-40e0-8556-12f91630a4ae,닥터민의원,의원,삼각초 골목형상점가,골목형상점가,광주광역시,,,
d5ae127e70957fe083de,full_annotation_v1,A,q_의료_04,의원,건강·의료 중 '의료'를 판매·제공하는 매장,test,의료,T2 동의어,fc046005-ccf7-4c87-8e58-a751e69023fa,성심의원,의원,임방울거리1구역 골목형상점가,골목형상점가,광주광역시,,,
39299fb093af8e239034,full_annotation_v1,A,q_의료_04,의원,건강·의료 중 '의료'를 판매·제공하는 매장,test,의료,T2 동의어,012ea1f6-bb18-4f60-811e-1858d1f8fb85,서울삼성내과,병원,장자호수공원 골목형상점가,골목형상점가,경기도,,,
cbb85d55ba001af429ae,full_annotation_v1,A,q_의료_04,의원,건강·의료 중 '의료'를 판매·제공하는 매장,test,의료,T2 동의어,59b5f1d0-e91f-42d2-9792-caaeb67617fc,소생의원,의원,목동깨비시장(구 목3동시장),전통시장,서울특별시,,,
64a9d4f31ace8c309391,full_annotation_v1,A,q_의료_04,의원,건강·의료 중 '의료'를 판매·제공하는 매장,test,의료,T2 동의어,c07b9208-a761-44d4-9fa3-11c8131a780e,마디척의원,의원,매봉 골목형상점가,골목형상점가,광주광역시,,,
0b2445d452644346409c,full_annotation_v1,A,q_의료_04,의원,건강·의료 중 '의료'를 판매·제공하는 매장,test,의료,T2 동의어,fc340904-a56f-4a71-afab-874ec563e706,동문외과의원,의원,동광주 골목형상점가,골목형상점가,광주광역시,,,
dde5e840e20b0f9ba789,full_annotation_v1,A,q_의료_04,의원,건강·의료 중 '의료'를 판매·제공하는 매장,test,의료,T2 동의어,ee41d431-7d4b-46ac-b771-bd1e57d8600b,이안숙의원,의원,남천상가 골목형상점가,골목형상점가,경기도,,,
b19e2f69c3e4fe9a6b7f,full_annotation_v1,A,q_의료_04,의원,건강·의료 중 '의료'를 판매·제공하는 매장,test,의료,T2 동의어,997bc5a5-5c33-4e07-8ff8-ce5c086ce20b,위형중내과의원,의원,고도리 장터거리 상점가,골목형상점가,전라남도,,,
e28b1426ed1a528bc54b,full_annotation_v1,A,q_의료_04,의원,건강·의료 중 '의료'를 판매·제공하는 매장,test,의료,T2 동의어,28b81dd4-e838-48a2-81f5-d64e2d766b8b,펜타곤학원,학원,인후동1가 골목형상점가,골목형상점가,전북특별자치도,,,
3869658c97cd67b35af5,full_annotation_v1,A,q_의료_04,의원,건강·의료 중 '의료'를 판매·제공하는 매장,test,의료,T2 동의어,8d60b0b8-aa75-4bb8-b9bd-66daea85e76b,서울이비인후과의원,의원,안양가구상점가,자율상권구역,경기도,,,
0570d599ef3a74b297b1,full_annotation_v1,A,q_의료_04,의원,건강·의료 중 '의료'를 판매·제공하는 매장,test,의료,T2 동의어,92005e3d-3e6e-4a94-934b-cfcd14466fd6,서울아산연합의원,의원,이충 중심상가,골목형상점가,경기도,,,
f58a970924360ac1ee19,full_annotation_v1,A,q_의료_04,의원,건강·의료 중 '의료'를 판매·제공하는 매장,test,의료,T2 동의어,df6fa867-4b5a-45be-b264-5c0ab7ece03f,수채화,"소매업(신발,잡화)",신안코아,전통시장,경기도,,,
47843b95bcb59c1b6f54,full_annotation_v1,A,q_의료_04,의원,건강·의료 중 '의료'를 판매·제공하는 매장,test,의료,T2 동의어,a8fda285-96d1-451c-866e-24388cf24919,세종제이피부과의원,의원,아름동상점가,자율상권구역,세종특별자치시,,,
c579779ff8ec810b156e,full_annotation_v1,A,q_의료_04,의원,건강·의료 중 '의료'를 판매·제공하는 매장,test,의료,T2 동의어,472c221e-805c-4c14-b060-ab85871b4b4b,후라이드 참 잘하는집 아중인후점,치킨,인후동1가 골목형상점가,골목형상점가,전북특별자치도,,,
4778eaf759cda78f2131,full_annotation_v1,A,q_의료_04,의원,건강·의료 중 '의료'를 판매·제공하는 매장,test,의료,T2 동의어,bfd770ee-b041-4a6c-9e48-ea172fe78bdb,코뿔소 마취통증의학과 의원,의원,장성읍 골목형상점가,골목형상점가,전라남도,,,
1a83b349811d4334dc48,full_annotation_v1,A,q_의료_04,의원,건강·의료 중 '의료'를 판매·제공하는 매장,test,의료,T2 동의어,cc52c8c8-9bd5-479b-9aaa-0fdea847ad25,연세더아름의원,의원,아름동상점가,자율상권구역,세종특별자치시,,,
e3eba5b47f14005ad985,full_annotation_v1,A,q_의료_04,의원,건강·의료 중 '의료'를 판매·제공하는 매장,test,의료,T2 동의어,c954c565-cbbd-48ec-a760-35b74919c35e,닥터척척의원,의원,단대마트시장,전통시장,경기도,,,
2af8e7c197e2cb859aee,full_annotation_v1,A,q_의료_04,의원,건강·의료 중 '의료'를 판매·제공하는 매장,test,의료,T2 동의어,ea396293-250e-4fe2-949d-5276c6292c75,양동희내과의원,의원,월산4동 골목형상점가,골목형상점가,광주광역시,,,
2a93aa4a929d6478a839,full_annotation_v1,A,q_의료_04,의원,건강·의료 중 '의료'를 판매·제공하는 매장,test,의료,T2 동의어,7dc5b9c7-dce7-49e7-afaa-1a9b7d45da3a,강남바른추의원,의원,도리섬상점가,자율상권구역,경기도,,,
6a2a617c2c7ed7fe4832,full_annotation_v1,A,q_의료_04,의원,건강·의료 중 '의료'를 판매·제공하는 매장,test,의료,T2 동의어,b7eb53d2-20bc-49e7-aa90-6d00206fc121,열린사랑의원,의원,시청앞 골목형상점가,골목형상점가,충청남도,,,
b666a0b7999e9425fcc3,full_annotation_v1,A,q_의료_04,의원,건강·의료 중 '의료'를 판매·제공하는 매장,test,의료,T2 동의어,62dfaac2-6a61-4270-8d24-ca0fe8b56887,부곡내과의원,의원,의왕도깨비시장,전통시장,경기도,,,
05acb4a8a5d68e40a5cd,full_annotation_v1,A,q_의료_04,의원,건강·의료 중 '의료'를 판매·제공하는 매장,test,의료,T2 동의어,6ba2189a-cde8-4e21-976d-5942f8f4446c,이완실루엣 색동,의류,역전지하상가,일반지하상점가,대전광역시,,,
7af2ad2a1cf94fd161eb,full_annotation_v1,A,q_의료_04,의원,건강·의료 중 '의료'를 판매·제공하는 매장,test,의료,T2 동의어,f91b1b67-4d69-4e5f-9706-38470fe82781,BMF 의원,의원,세은 골목형상점가,골목형상점가,광주광역시,,,
df072ab477a087e439e2,full_annotation_v1,A,q_의료_04,의원,건강·의료 중 '의료'를 판매·제공하는 매장,test,의료,T2 동의어,00fdab59-58f8-4c63-8765-30cb59a78156,도안프라임치과의원,치과진료,목원대 골목형상점가,골목형상점가,대전광역시,,,
cca1a467aa4bb3f4ffc4,full_annotation_v1,A,q_의료_04,의원,건강·의료 중 '의료'를 판매·제공하는 매장,test,의료,T2 동의어,f287406a-579c-4b1b-bb80-bfaad3e5b5c3,라인치과교정과치과의원,의원,현대센트럴스퀘어,골목형상점가,경기도,,,
cf33e4158a34d0c62824,full_annotation_v1,A,q_의료_04,의원,건강·의료 중 '의료'를 판매·제공하는 매장,test,의료,T2 동의어,d2721ec4-124d-4f2c-beda-ac939474f7c4,토마토키드,정장,㈜르네시떼,전통시장,부산광역시,,,
0e860a8e9fa92ae2d274,full_annotation_v1,A,q_의료_04,의원,건강·의료 중 '의료'를 판매·제공하는 매장,test,의료,T2 동의어,01e01dc9-a690-442d-a992-0716da4fc86a,소나무한의원,한의진료서비스,수완하나로 골목형상점가,골목형상점가,광주광역시,,,
00e344d2dfa34e2dc0fa,full_annotation_v1,A,q_의료_04,의원,건강·의료 중 '의료'를 판매·제공하는 매장,test,의료,T2 동의어,3845d455-bb0d-4cf9-8c1c-ad40db7fde54,하트봄내과의원,의원,도리섬상점가,자율상권구역,경기도,,,
604cbcc24bbf492c255b,full_annotation_v1,A,q_의료_04,의원,건강·의료 중 '의료'를 판매·제공하는 매장,test,의료,T2 동의어,e186011d-1483-4f21-83c9-856ed8a4ce6a,365드림의원,의원,선부광장로상점가,자율상권구역,경기도,,,
6618346fe6f2071746bf,full_annotation_v1,A,q_의료_04,의원,건강·의료 중 '의료'를 판매·제공하는 매장,test,의료,T2 동의어,00d494f5-7e0f-4ced-927a-3360ced94954,핑크유외과,병원,어진동 골목형상점가,골목형상점가,세종특별자치시,,,
023111e1abd38a0f68a5,full_annotation_v1,A,q_의료_04,의원,건강·의료 중 '의료'를 판매·제공하는 매장,test,의료,T2 동의어,f8dc120d-ab52-493a-9be0-85cf88f48f4f,성모바른,의원,강남개포시장(구 개포2동중심상점가),자율상권구역,서울특별시,,,
e2cbfa45e3e0d8fbcaf8,full_annotation_v1,A,q_의료_04,의원,건강·의료 중 '의료'를 판매·제공하는 매장,test,의료,T2 동의어,00962f54-90e0-479e-84a4-3f6e6f6515ec,비쥬여성산부인과의원,의료,운수대통 골목형상점가,골목형상점가,광주광역시,,,
0b7926ec0eb618fc6b8a,full_annotation_v1,A,q_의료_04,의원,건강·의료 중 '의료'를 판매·제공하는 매장,test,의료,T2 동의어,00523307-cc4c-4b0c-8b2f-176ca7450d24,오름한의원,한의원,아차산등산로골목형상점가,골목형상점가,서울특별시,,,
2c6f76ea09ba1a01cec8,full_annotation_v1,A,q_의료_04,의원,건강·의료 중 '의료'를 판매·제공하는 매장,test,의료,T2 동의어,00538958-226f-4338-8542-1fd9df6996d4,새현대치과,의료,매곡 가인 골목형상점가,골목형상점가,광주광역시,,,
8b5e01e4b37d66c2464f,full_annotation_v1,A,q_의료_04,의원,건강·의료 중 '의료'를 판매·제공하는 매장,test,의료,T2 동의어,5511467a-f9dc-44b8-90f9-e0854b055deb,박인범제통의원,의원,군분로꽁양상인회 골목형상점가,골목형상점가,광주광역시,,,
0d2852358e9a85a3352f,full_annotation_v1,A,q_의료_04,의원,건강·의료 중 '의료'를 판매·제공하는 매장,test,의료,T2 동의어,988a556d-c74f-435f-b06f-aad0f228abe1,이연의원,의원,신봉하나로 골목형상점가,골목형상점가,경기도,,,
a8ffeee61f023557102e,full_annotation_v1,A,q_의료_04,의원,건강·의료 중 '의료'를 판매·제공하는 매장,test,의료,T2 동의어,1e689aab-d79f-45de-9669-b39175e48044,고서한국의원,의원,고서 골목형상점가,골목형상점가,전라남도,,,
7c69678eb713ecab3a5e,full_annotation_v1,A,q_의료_04,의원,건강·의료 중 '의료'를 판매·제공하는 매장,test,의료,T2 동의어,ae2433f2-2267-4c7e-a96d-5cd5570b3f85,몸과 맘편한 의원,의원,방학단길골목형상점가,골목형상점가,서울특별시,,,
f104d6d1d22f9c0a06a8,full_annotation_v1,A,q_의료_04,의원,건강·의료 중 '의료'를 판매·제공하는 매장,test,의료,T2 동의어,e155def2-36f5-40f0-9102-1a12d3e8b9be,아멜리아,의류,㈜르네시떼,전통시장,부산광역시,,,
aa7188d96ca01030b3e7,full_annotation_v1,A,q_의료_04,의원,건강·의료 중 '의료'를 판매·제공하는 매장,test,의료,T2 동의어,989fa8cf-48c8-4040-bf45-4e6cb2557cdb,몬트심리상담발달센터,,노은역 골목형상점가,골목형상점가,대전광역시,,,
49ce4109d113f579abc2,full_annotation_v1,A,q_의료_04,의원,건강·의료 중 '의료'를 판매·제공하는 매장,test,의료,T2 동의어,bb5ef279-f5f6-4fbf-97f8-f99cde595bc3,파프리카짐PT가장점,,괴정가장로 골목형상점가,골목형상점가,대전광역시,,,
3102cc178023a427cd77,full_annotation_v1,A,q_의료_04,의원,건강·의료 중 '의료'를 판매·제공하는 매장,test,의료,T2 동의어,4166d6bf-b40c-427b-8bab-7cc649473c95,델타피부과의원,의원,현대센트럴스퀘어,골목형상점가,경기도,,,
515686ea4008bd7a1726,full_annotation_v1,A,q_의료_04,의원,건강·의료 중 '의료'를 판매·제공하는 매장,test,의료,T2 동의어,0eac39e2-e452-4a4f-b548-4b48859d7fa3,더신사의원,의원,신사세로수길골목형상점가,골목형상점가,서울특별시,,,
1d2cd10efa5710a6c8c9,full_annotation_v1,A,q_의료_04,의원,건강·의료 중 '의료'를 판매·제공하는 매장,test,의료,T2 동의어,fe24dc21-12f2-426f-bc48-b44eca80de75,다나의원,의원,남구 용대로 골목형상점가,골목형상점가,광주광역시,,,
cbe0354a163b1531a3f6,full_annotation_v1,A,q_의료_04,의원,건강·의료 중 '의료'를 판매·제공하는 매장,test,의료,T2 동의어,9906641a-0856-4cac-a306-0216ac793a82,연세의원,의원,"임계사통팔달시장(임계시장, 송계5일장)",전통시장,강원특별자치도,,,
9e2d2ef18d95f90807f8,full_annotation_v1,A,q_의료_04,의원,건강·의료 중 '의료'를 판매·제공하는 매장,test,의료,T2 동의어,bc2989cd-6049-4406-8ba5-aed4ed41590c,서울엠비내과,의원,이튼타워리버3차골목형상점가,골목형상점가,서울특별시,,,
06617b0af16a238720d0,full_annotation_v1,A,q_의료_04,의원,건강·의료 중 '의료'를 판매·제공하는 매장,test,의료,T2 동의어,ed58640e-09ef-452a-98d9-2519a20ed7e6,박현내과의원,의원,지범골목먹거리타운 골목형상점가,골목형상점가,대구광역시,,,
d3e2425963c97d8dd8f7,full_annotation_v1,A,q_의료_05,진료,건강·의료 중 '의료'를 판매·제공하는 매장,test,의료,T2 동의어,21429b19-7264-4746-840b-2340da0f634d,마릴린제이의원,진료,노형1 골목형상점가,골목형상점가,제주특별자치도,,,
1bf416c79564359cf6ab,full_annotation_v1,A,q_의료_05,진료,건강·의료 중 '의료'를 판매·제공하는 매장,test,의료,T2 동의어,f10935c7-c0d0-4ec8-ae85-2d1de3806c54,시장 원조 튀김,,대인시장,전통시장,,,,
7d012da9863c807143a8,full_annotation_v1,A,q_의료_05,진료,건강·의료 중 '의료'를 판매·제공하는 매장,test,의료,T2 동의어,cb47f08d-730b-414e-ab11-3ce34dc84fdd,참사랑한의원,한의 진료,자운대 골목형상점가,골목형상점가,대전광역시,,,
b3f6717527c14c72b315,full_annotation_v1,A,q_의료_05,진료,건강·의료 중 '의료'를 판매·제공하는 매장,test,의료,T2 동의어,013526b7-d35c-404e-93d1-3a112d8de0c6,아이생각소아청소년과의원,진료비,신용동 골목형상점가,골목형상점가,광주광역시,,,
37bbadbeabf90a703b57,full_annotation_v1,A,q_의료_05,진료,건강·의료 중 '의료'를 판매·제공하는 매장,test,의료,T2 동의어,320e4041-dac5-44b8-862c-78584a234ceb,본치과의원,치과 진료,장대동패션상가 골목형상점가,골목형상점가,대전광역시,,,
2d940b152cdfffbd9985,full_annotation_v1,A,q_의료_05,진료,건강·의료 중 '의료'를 판매·제공하는 매장,test,의료,T2 동의어,067cdb1a-af4f-412e-b249-18ba9cde846b,반석내과영상의학과의원,내과 영상의학과,반석동 골목형상점가,골목형상점가,대전광역시,,,
d3f41badb6c05228c90e,full_annotation_v1,A,q_의료_05,진료,건강·의료 중 '의료'를 판매·제공하는 매장,test,의료,T2 동의어,01b5432d-9420-483d-8da1-210127e3bb61,다사랑패밀리의원,내과 이비인후과 소아과,다사역 골목형상점가,골목형상점가,대구광역시,,,
98b944030e11bff50369,full_annotation_v1,A,q_의료_05,진료,건강·의료 중 '의료'를 판매·제공하는 매장,test,의료,T2 동의어,0002538c-b8d9-4911-81c7-966789036b09,빛고을 치과의원,의원,세은 골목형상점가,골목형상점가,광주광역시,,,
64c75ab29f2ed232c4ba,full_annotation_v1,A,q_의료_05,진료,건강·의료 중 '의료'를 판매·제공하는 매장,test,의료,T2 동의어,b23c09a8-cc35-4be7-aea3-fb46f696591e,독수리정형외과의원,진료,무등산골드클래스2차 골목형상점가,골목형상점가,광주광역시,,,
277ab633d0f92d88098f,full_annotation_v1,A,q_의료_05,진료,건강·의료 중 '의료'를 판매·제공하는 매장,test,의료,T2 동의어,036ef24a-2d53-4dd1-9bbd-6d0c2a81dd24,바른동물병원,수의 동물병원,송도랜드마크시티 센트럴더샵 골목형상점가,골목형상점가,인천광역시,,,
0c52b374d677105511f3,full_annotation_v1,A,q_의료_05,진료,건강·의료 중 '의료'를 판매·제공하는 매장,test,의료,T2 동의어,909c6981-0f0f-4c00-bb46-ddcaef073a37,서울탑재활의학과,진료,산본로데오거리(구 산본중심상가),자율상권구역,경기도,,,
7400871693c4cd1ae150,full_annotation_v1,A,q_의료_05,진료,건강·의료 중 '의료'를 판매·제공하는 매장,test,의료,T2 동의어,7cfe5466-d7e8-4ceb-89b7-40aec087825d,규림한방병원,양한방협진 진료,상무중앙상인회 골목형상점가,골목형상점가,광주광역시,,,
d8b8145ffb69aceac1a9,full_annotation_v1,A,q_의료_05,진료,건강·의료 중 '의료'를 판매·제공하는 매장,test,의료,T2 동의어,89c340e5-9796-4591-902a-92900fc1eb47,동림정수한의원,한의 진료,동림1 골목형상점가,골목형상점가,광주광역시,,,
4f3a3da3bc811d898e9e,full_annotation_v1,A,q_의료_05,진료,건강·의료 중 '의료'를 판매·제공하는 매장,test,의료,T2 동의어,2daa91f7-3795-476f-a96f-3574a4bf300f,남면한의원,진료 밎 약처방,양주신산시장마을상점가,골목형상점가,경기도,,,
01a7ecaa141a1188b2e3,full_annotation_v1,A,q_의료_05,진료,건강·의료 중 '의료'를 판매·제공하는 매장,test,의료,T2 동의어,00d494f5-7e0f-4ced-927a-3360ced94954,핑크유외과,병원,어진동 골목형상점가,골목형상점가,세종특별자치시,,,
c36a28da68996da238de,full_annotation_v1,A,q_의료_05,진료,건강·의료 중 '의료'를 판매·제공하는 매장,test,의료,T2 동의어,e4142407-903a-4897-802e-8c81eaee32c1,코숨샘물한의원,한의원 진료,한미쇼핑사거리 골목형상점가,골목형상점가,광주광역시,,,
ac2d6fc8f825fe10c593,full_annotation_v1,A,q_의료_05,진료,건강·의료 중 '의료'를 판매·제공하는 매장,test,의료,T2 동의어,00523307-cc4c-4b0c-8b2f-176ca7450d24,오름한의원,한의원,아차산등산로골목형상점가,골목형상점가,서울특별시,,,
0df507f9c0a7f0fb6c74,full_annotation_v1,A,q_의료_05,진료,건강·의료 중 '의료'를 판매·제공하는 매장,test,의료,T2 동의어,00427918-a4b0-485e-ab42-62ebce752f92,유디해운대치과의원,의료,영풍리젠시 골목형상점가,골목형상점가,부산광역시,,,
3caad491af31a03f2b84,full_annotation_v1,A,q_의료_05,진료,건강·의료 중 '의료'를 판매·제공하는 매장,test,의료,T2 동의어,012ea1f6-bb18-4f60-811e-1858d1f8fb85,서울삼성내과,병원,장자호수공원 골목형상점가,골목형상점가,경기도,,,
da7d12eae129f50d4ffe,full_annotation_v1,A,q_의료_05,진료,건강·의료 중 '의료'를 판매·제공하는 매장,test,의료,T2 동의어,50a5f05c-148f-4163-882e-fd8463713c5f,김범한의원,진료,성대전통시장,전통시장,서울특별시,,,
130b854e75b65da8d620,full_annotation_v1,A,q_의료_05,진료,건강·의료 중 '의료'를 판매·제공하는 매장,test,의료,T2 동의어,09f2a5d8-9f9d-4105-84b0-722bab7f5ecd,동행동물병원,동물병원 진료,오치 설죽로 골목형상점가,골목형상점가,광주광역시,,,
dbc2a5ceded912838147,full_annotation_v1,A,q_의료_05,진료,건강·의료 중 '의료'를 판매·제공하는 매장,test,의료,T2 동의어,1cae7fbd-6996-42c2-a870-ca7a355407e8,그곳에 가면 통나무 닭갈비,음식점업(한식),산본로데오거리(구 산본중심상가),자율상권구역,경기도,,,
9b5b08d6f01990053231,full_annotation_v1,A,q_의료_05,진료,건강·의료 중 '의료'를 판매·제공하는 매장,test,의료,T2 동의어,06275db0-3bc6-4cb2-b2d0-9c2172db74f9,장편한김용성내과,진료,산본로데오거리(구 산본중심상가),자율상권구역,경기도,,,
e91f29c789c9123015a0,full_annotation_v1,A,q_의료_05,진료,건강·의료 중 '의료'를 판매·제공하는 매장,test,의료,T2 동의어,84148ee7-0438-4b03-b0a0-345be788c3c7,계림부부내과의원,진료,계림2동발전 골목형상점가,골목형상점가,광주광역시,,,
322fcd0a352899dddc0a,full_annotation_v1,A,q_의료_05,진료,건강·의료 중 '의료'를 판매·제공하는 매장,test,의료,T2 동의어,00538958-226f-4338-8542-1fd9df6996d4,새현대치과,의료,매곡 가인 골목형상점가,골목형상점가,광주광역시,,,
c7e90b4911391b78ef43,full_annotation_v1,A,q_의료_05,진료,건강·의료 중 '의료'를 판매·제공하는 매장,test,의료,T2 동의어,75c5e7f5-c5e5-49ea-b976-a85f3f4e3f80,곤족 광주본점,족발 보쌈,정 있는 서암대로 골목형상점가,골목형상점가,광주광역시,,,
524df66fd04075b9e7af,full_annotation_v1,A,q_의료_05,진료,건강·의료 중 '의료'를 판매·제공하는 매장,test,의료,T2 동의어,773ace20-339c-4dde-bbce-05f635ca185f,방주동물병원,용품 진료,오치 설죽로 골목형상점가,골목형상점가,광주광역시,,,
abefbb3a2c12648375a6,full_annotation_v1,A,q_의료_05,진료,건강·의료 중 '의료'를 판매·제공하는 매장,test,의료,T2 동의어,0006edf8-62da-4c5d-8bed-80e32a855936,e-바른치과의원,병원,금화로상인회 골목형상점가,골목형상점가,광주광역시,,,
99c18dc196c1c73b8eb5,full_annotation_v1,A,q_의료_05,진료,건강·의료 중 '의료'를 판매·제공하는 매장,test,의료,T2 동의어,739ad755-9c4a-4950-944f-693aeca7c214,올리브동물병원,동물 진료,고척프라자,전통시장,서울특별시,,,
94ff0dc0b254169c363f,full_annotation_v1,A,q_의료_05,진료,건강·의료 중 '의료'를 판매·제공하는 매장,test,의료,T2 동의어,99267a74-84b1-4ea3-8a7d-c26605ac56ce,지에스25 송정스타점,편의점,송정 다누리 골목형상점가,골목형상점가,광주광역시,,,
78b806eeda8c4219eb06,full_annotation_v1,A,q_의료_05,진료,건강·의료 중 '의료'를 판매·제공하는 매장,test,의료,T2 동의어,24c5cc99-7c21-4eda-9595-bbd8f4de5172,전승범치과의원,치과 진료 서비스,법원 앞 사과마을 골목형상점가,골목형상점가,광주광역시,,,
95e086fa4c86b5befc29,full_annotation_v1,A,q_의료_05,진료,건강·의료 중 '의료'를 판매·제공하는 매장,test,의료,T2 동의어,c3558e60-0617-4e8d-b8c8-850093a2fb03,종로365의원,진료,종로5가역일번출구상점가,자율상권구역,서울특별시,,,
084396bb9318eecfc5fd,full_annotation_v1,A,q_의료_05,진료,건강·의료 중 '의료'를 판매·제공하는 매장,test,의료,T2 동의어,ff399551-3465-4e95-933a-d2542e9e3bd5,로안한의원,진료,반곡동행복 골목형상점가,골목형상점가,세종특별자치시,,,
3fc500eecee8bdc6aceb,full_annotation_v1,A,q_의료_05,진료,건강·의료 중 '의료'를 판매·제공하는 매장,test,의료,T2 동의어,8f4b01c9-4610-47f4-8455-259e1cecc43f,우리가정의원,진료 의료,공항골목시장골목형상점가,골목형상점가,서울특별시,,,
f54f4ddd0d0cfec67b05,full_annotation_v1,A,q_의료_05,진료,건강·의료 중 '의료'를 판매·제공하는 매장,test,의료,T2 동의어,0040b4e6-7b74-4175-b54d-add4fe693d49,메디팜보명당약국,"의약품, 의료욕구, 복지욕구, 의료기기",점촌역전상점가,자율상권구역,경상북도,,,
b3f1ce86d7f06d674a98,full_annotation_v1,A,q_의료_05,진료,건강·의료 중 '의료'를 판매·제공하는 매장,test,의료,T2 동의어,8761db88-037e-4e84-9b35-7674e9dc13eb,웰키즈소아청소년과의원,진료,아름동상점가,자율상권구역,세종특별자치시,,,
c442ab3f56c7f8c0df60,full_annotation_v1,A,q_의료_05,진료,건강·의료 중 '의료'를 판매·제공하는 매장,test,의료,T2 동의어,164180ee-f9e4-4f89-b688-78ad6feaad80,유소아청소년과의원,의료 진료,가재마을 골목형상점가,골목형상점가,세종특별자치시,,,
3fcf5a3123ec08922612,full_annotation_v1,A,q_의료_05,진료,건강·의료 중 '의료'를 판매·제공하는 매장,test,의료,T2 동의어,0682734b-5e2e-4e79-9bcc-9fee6192ebcc,나무뜰,소매업(인테리어소품),신안프라자전통시장,전통시장,경기도,,,
1881d5175b64f35d7147,full_annotation_v1,A,q_의료_05,진료,건강·의료 중 '의료'를 판매·제공하는 매장,test,의료,T2 동의어,7bb72411-9f36-4541-ace9-c71a90c243cf,유진한의원,한의 진료 및 치료,온택트 괴정스마트 상권활성화구역,상권활성화구역,부산광역시,,,
c8fc2dafd9d166b1107c,full_annotation_v1,A,q_의료_05,진료,건강·의료 중 '의료'를 판매·제공하는 매장,test,의료,T2 동의어,a67889f9-8f50-456b-90fa-9226c4e70ee2,서울강남내과의원,진료,소사벌 골목형상점가,골목형상점가,경기도,,,
0c1d6feaa8fe8e2f1221,full_annotation_v1,A,q_의료_05,진료,건강·의료 중 '의료'를 판매·제공하는 매장,test,의료,T2 동의어,af758da1-5460-4ef4-a90b-28c1dc2cea4b,곰돌이소아청소년과의원,진료,종촌동골목형상점가,골목형상점가,세종특별자치시,,,
820a715fec746eb1baf9,full_annotation_v1,A,q_의료_05,진료,건강·의료 중 '의료'를 판매·제공하는 매장,test,의료,T2 동의어,cef0282b-777a-4200-a8d7-e2f725aed6ea,늘봄피부과의원,진료,운암휴튼2차 골목형상점가,골목형상점가,광주광역시,,,
df709cd1179202c5e039,full_annotation_v1,A,q_의료_05,진료,건강·의료 중 '의료'를 판매·제공하는 매장,test,의료,T2 동의어,376215d9-9f90-472f-8716-c544a32367e2,문석재한의원,진료,봉선로1 골목형상점가,골목형상점가,광주광역시,,,
40f2505e5da64181d41a,full_annotation_v1,A,q_의료_05,진료,건강·의료 중 '의료'를 판매·제공하는 매장,test,의료,T2 동의어,01e01dc9-a690-442d-a992-0716da4fc86a,소나무한의원,한의진료서비스,수완하나로 골목형상점가,골목형상점가,광주광역시,,,
25a6736cc3060926d1cf,full_annotation_v1,A,q_의료_05,진료,건강·의료 중 '의료'를 판매·제공하는 매장,test,의료,T2 동의어,5ccaee76-eeca-44ed-8117-e8cef7af6bac,임산부인과의원,진료,내상로 골목형상점가,골목형상점가,광주광역시,,,
392db748519937f38d60,full_annotation_v1,A,q_의료_05,진료,건강·의료 중 '의료'를 판매·제공하는 매장,test,의료,T2 동의어,04a734bb-1790-4ecd-9398-2fd3359294d0,제일의원,진료,두암시장주변 골목형상점가,골목형상점가,광주광역시,,,
1680205b6036479044d1,full_annotation_v1,A,q_의료_05,진료,건강·의료 중 '의료'를 판매·제공하는 매장,test,의료,T2 동의어,1b568074-c399-4017-b605-85cdecb26686,피자마루,피자,봉선중길 골목형상점가,골목형상점가,광주광역시,,,
0fd05970c5f3b35cc4b5,full_annotation_v1,A,q_의료_05,진료,건강·의료 중 '의료'를 판매·제공하는 매장,test,의료,T2 동의어,fb44d005-bcdd-4c5b-ba8d-33b0f2d6e08f,삼대 최한의원,진료,내상로 골목형상점가,골목형상점가,광주광역시,,,
0cb46e9504f55fb48fb8,full_annotation_v1,A,q_의료_05,진료,건강·의료 중 '의료'를 판매·제공하는 매장,test,의료,T2 동의어,01225d66-8811-407d-9bce-43e4dbb97e1c,조일한의원,한의원 진료 서비스,칠성상가시장,전통시장,대구광역시,,,
277e7535535bf5c23c64,full_annotation_v1,A,q_의료_05,진료,건강·의료 중 '의료'를 판매·제공하는 매장,test,의료,T2 동의어,e8482e21-058c-422d-9117-3e8530a1a9bb,동서의원,진료,내상로 골목형상점가,골목형상점가,광주광역시,,,
5d691f623e425c4af1f9,full_annotation_v1,A,q_의료_05,진료,건강·의료 중 '의료'를 판매·제공하는 매장,test,의료,T2 동의어,9af9aac5-f87e-4a50-9a93-54df3046634d,러브미여성의원,진료,서문대로704번길 골목형상점가,골목형상점가,광주광역시,,,
0ca0a00149358b0d3000,full_annotation_v1,A,q_의료_05,진료,건강·의료 중 '의료'를 판매·제공하는 매장,test,의료,T2 동의어,005f6f1a-ae3e-47a8-9298-8c7cae082531,삼선의원,일반의원,광복마을3-4길 골목형상점가,골목형상점가,광주광역시,,,
796bfb8f47c5aab1ef78,full_annotation_v1,A,q_의료_05,진료,건강·의료 중 '의료'를 판매·제공하는 매장,test,의료,T2 동의어,936d2748-2052-4481-813a-b00d9dd17efb,스마트내과,진료,테크노밸리 골목형상점가,골목형상점가,대전광역시,,,
fd9da1792db4a188e30d,full_annotation_v1,A,q_의료_05,진료,건강·의료 중 '의료'를 판매·제공하는 매장,test,의료,T2 동의어,d2473ee9-3935-4694-a3e2-d91269e73030,화인마취통증의학과의원,의원 진료,나성중앙 골목형상점가,골목형상점가,세종특별자치시,,,
1aa908c8ff872db3be3c,full_annotation_v1,A,q_의료_05,진료,건강·의료 중 '의료'를 판매·제공하는 매장,test,의료,T2 동의어,abf75150-4569-4b08-b382-34391dc2d856,카툰인던,커피,운암북문대로 골목형상점가,골목형상점가,광주광역시,,,
89bc2df76c7f05c0bb29,full_annotation_v1,A,q_의료_05,진료,건강·의료 중 '의료'를 판매·제공하는 매장,test,의료,T2 동의어,ba331af3-3eea-43b3-a5b9-49fcaaf23d51,평택안립한의원,한의원 외래 진료,배다리저수지 골목형상점가,골목형상점가,경기도,,,
da326b587615a4743a61,full_annotation_v1,A,q_의료_05,진료,건강·의료 중 '의료'를 판매·제공하는 매장,test,의료,T2 동의어,dfebee8d-779e-433d-9016-195c45be2988,불라불라,한식,원종고강제일시장(부천제일시장),전통시장,경기도,,,
dda82edcbad60279ea28,full_annotation_v1,A,q_의료_05,진료,건강·의료 중 '의료'를 판매·제공하는 매장,test,의료,T2 동의어,60ad01b8-f3ee-417c-ace6-d46bfd2167f3,최세미산부인과의원,진료,상무역4번출구상인회 골목형상점가,골목형상점가,광주광역시,,,
14f631257041a9449518,full_annotation_v1,A,q_의료_05,진료,건강·의료 중 '의료'를 판매·제공하는 매장,test,의료,T2 동의어,b56d8a3e-8466-4e42-b106-4bd726f77f06,부흥떡방앗간,떡,청과물시장,전통시장,경기도,,,
7268d9558d04bdc47e03,full_annotation_v1,A,q_의료_05,진료,건강·의료 중 '의료'를 판매·제공하는 매장,test,의료,T2 동의어,712c3b0a-0f76-42be-a470-817bd252cc0b,세상모든치킨,음식,용인중앙시장,전통시장,경기도,,,
37cc93d6aae15fa4142f,full_annotation_v1,A,q_의료_05,진료,건강·의료 중 '의료'를 판매·제공하는 매장,test,의료,T2 동의어,38d0d86d-0264-49b4-ac22-8f5f82152159,조이케이크디저트,케이크 디저트 과일청,첨단이웃사랑 골목형상점가,골목형상점가,광주광역시,,,
19e65a1923994920f83d,full_annotation_v1,A,q_의료_05,진료,건강·의료 중 '의료'를 판매·제공하는 매장,test,의료,T2 동의어,4f040709-b237-47dc-99ee-136f75343be1,매니아헤어,미용,발안만세시장(구 발안시장),전통시장,경기도,,,
014db7a344473bf5090f,full_annotation_v1,A,q_의료_05,진료,건강·의료 중 '의료'를 판매·제공하는 매장,test,의료,T2 동의어,a65a4249-03c2-4206-b91f-4804c2091ad2,다산마리동물병원,동물 진료,다산역 로데오 상점가,자율상권구역,경기도,,,
e4cab529707d2d699e04,full_annotation_v1,A,q_의료_05,진료,건강·의료 중 '의료'를 판매·제공하는 매장,test,의료,T2 동의어,be44c3d5-4db6-44bf-b682-a18d8a536996,이앤와이치과의원,치과 진료,어은누리 골목형상점가,골목형상점가,대전광역시,,,
77f88a34ca3c66967dc8,full_annotation_v1,A,q_의료_05,진료,건강·의료 중 '의료'를 판매·제공하는 매장,test,의료,T2 동의어,030d2cd2-d4d8-4ee8-bd1e-b3a1e71138d1,상문동물병원,동물병원,거제 상동 골목형상점가,골목형상점가,경상남도,,,
f3a3434720d9679cb4a5,full_annotation_v1,A,q_의료_05,진료,건강·의료 중 '의료'를 판매·제공하는 매장,test,의료,T2 동의어,51943bc8-380a-4289-95d9-fb452ad34cc0,비우고채우는치과의원,진료,신가아름마을,골목형상점가,광주광역시,,,
148acbb28be155c0e884,full_annotation_v1,A,q_의료_05,진료,건강·의료 중 '의료'를 판매·제공하는 매장,test,의료,T2 동의어,c3ab2310-c23f-401d-a511-a1f881e40316,장바른내과의원,진료,지족반석 골목형상점가,골목형상점가,대전광역시,,,
dcc30cc038a4e2870f02,full_annotation_v1,A,q_의료_05,진료,건강·의료 중 '의료'를 판매·제공하는 매장,test,의료,T2 동의어,04f73ae1-5ba3-4b7a-9168-f300168979df,연세해맑은치과,치과교정과 진료,둔산2동 골목형상점가,골목형상점가,대전광역시,,,
aebb85cffd662218e2a6,full_annotation_v1,A,q_의료_05,진료,건강·의료 중 '의료'를 판매·제공하는 매장,test,의료,T2 동의어,00962f54-90e0-479e-84a4-3f6e6f6515ec,비쥬여성산부인과의원,의료,운수대통 골목형상점가,골목형상점가,광주광역시,,,
53202c8d8fecd185bd34,full_annotation_v1,A,q_의료_05,진료,건강·의료 중 '의료'를 판매·제공하는 매장,test,의료,T2 동의어,00192f22-a492-4ba5-a62d-65bf0d0ec7b9,큰물한의원,한의원,전주서곡 골목형상점가,골목형상점가,전북특별자치도,,,
fc44127beb6002f3e7c5,full_annotation_v1,A,q_의료_05,진료,건강·의료 중 '의료'를 판매·제공하는 매장,test,의료,T2 동의어,072ed95f-4c7c-4962-bdca-87c8558de161,한신내과,내과,여의동 골목형상점가,골목형상점가,전북특별자치도,,,
0b247fdfda4bcffd18a3,full_annotation_v1,A,q_의료_05,진료,건강·의료 중 '의료'를 판매·제공하는 매장,test,의료,T2 동의어,2616a8ba-ceae-4602-b2a7-4d1b0c9893ba,디딤정신건강의학과의원,진료,평촌1번가 상점가,자율상권구역,경기도,,,
d7c72abe5fc91042be99,full_annotation_v1,A,q_의료_05,진료,건강·의료 중 '의료'를 판매·제공하는 매장,test,의료,T2 동의어,9e22108a-fa71-4aca-a84b-98a162d39271,봄뜰리에미술 신창교육원,교육,신창 골목형상점가,골목형상점가,광주광역시,,,
57b9c005cac192d6b085,full_annotation_v1,A,q_의료_05,진료,건강·의료 중 '의료'를 판매·제공하는 매장,test,의료,T2 동의어,bb96597b-882e-42f2-99f5-b076ee38a09f,세종장사랑내과의원,진료,아름드리 골목형상점가,골목형상점가,세종특별자치시,,,
161b9f32e43c8d6732c3,full_annotation_v1,A,q_의료_05,진료,건강·의료 중 '의료'를 판매·제공하는 매장,test,의료,T2 동의어,b38124ed-5075-47c0-b370-77e56ec71f58,실로암안과,진료,내상로 골목형상점가,골목형상점가,광주광역시,,,
53aba8c55b6f20e43227,full_annotation_v1,A,q_의료_05,진료,건강·의료 중 '의료'를 판매·제공하는 매장,test,의료,T2 동의어,0286c595-5d7f-49db-876a-6959d52a7d39,서울더원플러스치과,치과진료,남성역 골목시장,전통시장,서울특별시,,,
761744b467696a6995d4,full_annotation_v1,A,q_의료_05,진료,건강·의료 중 '의료'를 판매·제공하는 매장,test,의료,T2 동의어,e4db698c-1275-4cd4-a695-2325839cd1c7,인치과,치과 진료,화정로상가상인회 골목형상점가,골목형상점가,광주광역시,,,
62bb7f4d1b9c9cc963e6,full_annotation_v1,A,q_의료_05,진료,건강·의료 중 '의료'를 판매·제공하는 매장,test,의료,T2 동의어,1956dc07-117e-45d3-b607-149e9ff510b5,미소담치과,치과 진료,엄사 골목형상점가,골목형상점가,충청남도,,,
990b305eac9248981636,full_annotation_v1,A,q_의료_05,진료,건강·의료 중 '의료'를 판매·제공하는 매장,test,의료,T2 동의어,0083c935-4cf1-4856-831b-5e623fcb71ac,봄봄이비인후과의원,의료서비스,고운동상점가,자율상권구역,세종특별자치시,,,
7479523d9157ba37b020,full_annotation_v1,A,q_의료_05,진료,건강·의료 중 '의료'를 판매·제공하는 매장,test,의료,T2 동의어,00fdab59-58f8-4c63-8765-30cb59a78156,도안프라임치과의원,치과진료,목원대 골목형상점가,골목형상점가,대전광역시,,,
c9a29192371b05ed9c5c,full_annotation_v1,A,q_의료_05,진료,건강·의료 중 '의료'를 판매·제공하는 매장,test,의료,T2 동의어,c1186117-a6e4-4318-b27e-34fbaf38491f,쭈꾸미아저씨,한식점업,번성 상점가,골목형상점가,경기도,,,
b24528c4b01ddf79e481,full_annotation_v1,A,q_의료_05,진료,건강·의료 중 '의료'를 판매·제공하는 매장,test,의료,T2 동의어,1c8a8990-c1c5-4b90-99a1-09919d081f9a,건강미현대웰빙의원,진료,광산 송2송2 골목형상점가,골목형상점가,광주광역시,,,
d0fd484a5bf2191c0d49,full_annotation_v1,A,q_의료_05,진료,건강·의료 중 '의료'를 판매·제공하는 매장,test,의료,T2 동의어,e45589c1-095b-414f-95d8-240b3f9f3029,메이동물병원,진료,남외번영 골목형상점가,골목형상점가,울산광역시,,,
16c0b9610b4794cba2d8,full_annotation_v1,A,q_의료_05,진료,건강·의료 중 '의료'를 판매·제공하는 매장,test,의료,T2 동의어,8974a96a-708d-41ac-b448-64a2d7808789,자수와 뜨개쟁이,,금남지하도상가 1공구,일반지하상점가,,,,
d5109ef0bad12790096c,full_annotation_v1,A,q_의료_05,진료,건강·의료 중 '의료'를 판매·제공하는 매장,test,의료,T2 동의어,b8ed4560-5eb0-4d1b-bf08-33b5ea5d9604,광덕힐한의원,한의 진료,힐스상인회 골목형상점가,골목형상점가,광주광역시,,,
56219b60ea2f185bb297,full_annotation_v1,A,q_의료_05,진료,건강·의료 중 '의료'를 판매·제공하는 매장,test,의료,T2 동의어,0056dcd4-0ac0-4535-9ee5-c8fd19d8ff14,중화한의원,한의원,보령한내시장,전통시장,충청남도,,,
9e0b14bf00a0192f2051,full_annotation_v1,A,q_의료_05,진료,건강·의료 중 '의료'를 판매·제공하는 매장,test,의료,T2 동의어,c504d99a-b2e3-4cbf-8a95-51d432a3b3e2,맑은내과외과의원,진료,종촌동골목형상점가,골목형상점가,세종특별자치시,,,
c833858a267036e388b6,full_annotation_v1,A,q_의료_05,진료,건강·의료 중 '의료'를 판매·제공하는 매장,test,의료,T2 동의어,054d77ec-b17b-4ed9-9322-6f9060ce3d53,현소아청소년과의원,소아과 내과,일곡동 골목형상점가,골목형상점가,광주광역시,,,
8d5941bda5c826154d6c,full_annotation_v1,A,q_의료_05,진료,건강·의료 중 '의료'를 판매·제공하는 매장,test,의료,T2 동의어,faeebcf7-5ac2-41a1-adb0-8e86181c28fe,위석부부한의원,환자 진료,내상로 골목형상점가,골목형상점가,광주광역시,,,
20b9376915afbbecebd9,full_annotation_v1,A,q_의료_05,진료,건강·의료 중 '의료'를 판매·제공하는 매장,test,의료,T2 동의어,e2370ae7-c6bd-4c80-b26c-7d605debfbdf,우리마취통증의학과의원,진료,양산길 골목형상점가,골목형상점가,광주광역시,,,
1a57daee192a4c8f2ecd,full_annotation_v1,A,q_의료_05,진료,건강·의료 중 '의료'를 판매·제공하는 매장,test,의료,T2 동의어,056051e6-c0e1-4402-b967-242217ff89ba,임명수 내과,내과,일곡동 골목형상점가,골목형상점가,광주광역시,,,
f4fd180077db6acfaff4,full_annotation_v1,A,q_의료_05,진료,건강·의료 중 '의료'를 판매·제공하는 매장,test,의료,T2 동의어,5b8fd163-fe2f-4708-b221-f91dd681f86d,샤인동물병원,"진료, 용품",금화상인회 골목형상점가,골목형상점가,광주광역시,,,
8a4c20c13a414351ae83,full_annotation_v1,A,q_의료_05,진료,건강·의료 중 '의료'를 판매·제공하는 매장,test,의료,T2 동의어,58456c08-b34b-46af-a26a-df414fbaa6b4,다빈치한의원,한의원 진료,청과물시장,전통시장,경기도,,,
a04b96150d7ea2803785,full_annotation_v1,A,q_의료_05,진료,건강·의료 중 '의료'를 판매·제공하는 매장,test,의료,T2 동의어,da432c74-f27b-45ed-84e7-2e373af04a90,건 한의원,한의과 진료,BOCA 보카상점가,골목형상점가,경기도,,,
152b7c592373f8f70180,full_annotation_v1,A,q_의료_05,진료,건강·의료 중 '의료'를 판매·제공하는 매장,test,의료,T2 동의어,52f2baa2-7078-464d-a2af-290c85817702,에스듈의원,보건업 진료,성안길상점가,자율상권구역,충청북도,,,
8c35e60f0a00e5bd38a1,full_annotation_v1,A,q_의료_05,진료,건강·의료 중 '의료'를 판매·제공하는 매장,test,의료,T2 동의어,10ec5398-f28a-4373-9665-e1bd794cec13,동물병원숲,진료 용품,양산길 골목형상점가,골목형상점가,광주광역시,,,
9446e1f50554c63f6461,full_annotation_v1,A,q_의료_05,진료,건강·의료 중 '의료'를 판매·제공하는 매장,test,의료,T2 동의어,9a9babec-dfff-4166-9285-d30b131cc9e5,왕자약국,의약품,대남숨길 골목형상점가,골목형상점가,광주광역시,,,
9532969c2741d8a9369a,full_annotation_v1,A,q_의료_06,병원 갈 데,건강·의료 중 '의료'를 판매·제공하는 매장,test,의료,T4 구어·문장,ae6dc73c-1ec2-4f26-bee0-f88d25e1d944,안내과,병원,공주산성시장,전통시장,충청남도,,,
60e9ea8254c533911e47,full_annotation_v1,A,q_의료_06,병원 갈 데,건강·의료 중 '의료'를 판매·제공하는 매장,test,의료,T4 구어·문장,00538958-226f-4338-8542-1fd9df6996d4,새현대치과,의료,매곡 가인 골목형상점가,골목형상점가,광주광역시,,,
44b479b7c5b7263dff46,full_annotation_v1,A,q_의료_06,병원 갈 데,건강·의료 중 '의료'를 판매·제공하는 매장,test,의료,T4 구어·문장,1be46f25-fd51-4846-a9fb-64646265890e,잇츠미의원,병원,금암동 골목형상점가,골목형상점가,충청남도,,,
a19d548cfd6cf50cf46f,full_annotation_v1,A,q_의료_06,병원 갈 데,건강·의료 중 '의료'를 판매·제공하는 매장,test,의료,T4 구어·문장,d1c0101a-fdb1-4270-9d03-8c40293546c0,정무강치과의원,병원,우산상인회 골목형상점가,골목형상점가,광주광역시,,,
5edb14dab5926f483b6b,full_annotation_v1,A,q_의료_06,병원 갈 데,건강·의료 중 '의료'를 판매·제공하는 매장,test,의료,T4 구어·문장,0006edf8-62da-4c5d-8bed-80e32a855936,e-바른치과의원,병원,금화로상인회 골목형상점가,골목형상점가,광주광역시,,,
f96f97e454257a5affcf,full_annotation_v1,A,q_의료_06,병원 갈 데,건강·의료 중 '의료'를 판매·제공하는 매장,test,의료,T4 구어·문장,bd273054-4903-4278-b2de-e8f5d66842a4,노마딕커피,케이크커피,전남대후문골목형상점가,골목형상점가,광주광역시,,,
622369b98b1020a3b15f,full_annotation_v1,A,q_의료_06,병원 갈 데,건강·의료 중 '의료'를 판매·제공하는 매장,test,의료,T4 구어·문장,e7bf2a6f-b6ac-494a-ba78-f843b4cea070,제이한방병원,병원,신용동2 골목형상점가,골목형상점가,광주광역시,,,
e8e3fb0792a8f5d298fe,full_annotation_v1,A,q_의료_06,병원 갈 데,건강·의료 중 '의료'를 판매·제공하는 매장,test,의료,T4 구어·문장,7fe0fed2-4554-4db7-b480-dc4f43f30371,소어댄스아카데미,댄스춤,전남대후문골목형상점가,골목형상점가,광주광역시,,,
33d33703a5bc5d2bc308,full_annotation_v1,A,q_의료_06,병원 갈 데,건강·의료 중 '의료'를 판매·제공하는 매장,test,의료,T4 구어·문장,c0a90638-e07a-4992-9f4b-21d707214966,첨단유진한방병원,병원,첨단지구 골목형상점가,골목형상점가,광주광역시,,,
13e54bd85f69bef03036,full_annotation_v1,A,q_의료_06,병원 갈 데,건강·의료 중 '의료'를 판매·제공하는 매장,test,의료,T4 구어·문장,66f27496-107f-4136-bc80-311480ae2793,기쁨소아청소년과,병원,운남더존 골목형상점가,골목형상점가,광주광역시,,,
56a45ad70b395087a7d1,full_annotation_v1,A,q_의료_06,병원 갈 데,건강·의료 중 '의료'를 판매·제공하는 매장,test,의료,T4 구어·문장,90f7c479-6d13-441a-bf12-cfe6ce07c62c,센텀재활의학과의원,병원,필그린쇼핑센타,골목형상점가,울산광역시,,,
ff0f8ed72630c1244b65,full_annotation_v1,A,q_의료_06,병원 갈 데,건강·의료 중 '의료'를 판매·제공하는 매장,test,의료,T4 구어·문장,f30ac3af-0cec-4898-a84a-b40c6ee00e6b,흥농농약사,종자비료,왜관시장,전통시장,경상북도,,,
88102816157434d4638e,full_annotation_v1,A,q_의료_06,병원 갈 데,건강·의료 중 '의료'를 판매·제공하는 매장,test,의료,T4 구어·문장,012ea1f6-bb18-4f60-811e-1858d1f8fb85,서울삼성내과,병원,장자호수공원 골목형상점가,골목형상점가,경기도,,,
80de058a0dfc99ed4aec,full_annotation_v1,A,q_의료_06,병원 갈 데,건강·의료 중 '의료'를 판매·제공하는 매장,test,의료,T4 구어·문장,aba76fc2-984e-4030-ba01-e2e7d78264c7,데 아로즈 대전둔산본점,,갈리단길 골목형상점가,골목형상점가,대전광역시,,,
216c964ded02e86391c6,full_annotation_v1,A,q_의료_06,병원 갈 데,건강·의료 중 '의료'를 판매·제공하는 매장,test,의료,T4 구어·문장,4be69a43-5c97-4c07-a4f2-53f6283682c4,웰신경과의원,병원,테크노밸리 골목형상점가,골목형상점가,대전광역시,,,
96688f9c8a65e2f03d80,full_annotation_v1,A,q_의료_06,병원 갈 데,건강·의료 중 '의료'를 판매·제공하는 매장,test,의료,T4 구어·문장,00fdab59-58f8-4c63-8765-30cb59a78156,도안프라임치과의원,치과진료,목원대 골목형상점가,골목형상점가,대전광역시,,,
f0211ac23e7167fcddf2,full_annotation_v1,A,q_의료_06,병원 갈 데,건강·의료 중 '의료'를 판매·제공하는 매장,test,의료,T4 구어·문장,ace5e976-69a2-48fc-9bd1-3f24e18bbc3e,금호바른정형외과,병원,신금호역골목형상점가,골목형상점가,서울특별시,,,
f306608885846ab3a025,full_annotation_v1,A,q_의료_06,병원 갈 데,건강·의료 중 '의료'를 판매·제공하는 매장,test,의료,T4 구어·문장,0040b4e6-7b74-4175-b54d-add4fe693d49,메디팜보명당약국,"의약품, 의료욕구, 복지욕구, 의료기기",점촌역전상점가,자율상권구역,경상북도,,,
340cfd029d11996d9086,full_annotation_v1,A,q_의료_06,병원 갈 데,건강·의료 중 '의료'를 판매·제공하는 매장,test,의료,T4 구어·문장,3db691c5-1804-413d-9178-f9f6b1074a18,한빛이비인후과,병원,필그린쇼핑센타,골목형상점가,울산광역시,,,
a130c73306667dd2c09a,full_annotation_v1,A,q_의료_06,병원 갈 데,건강·의료 중 '의료'를 판매·제공하는 매장,test,의료,T4 구어·문장,01225d66-8811-407d-9bce-43e4dbb97e1c,조일한의원,한의원 진료 서비스,칠성상가시장,전통시장,대구광역시,,,
28b52de362776c925ce4,full_annotation_v1,A,q_의료_06,병원 갈 데,건강·의료 중 '의료'를 판매·제공하는 매장,test,의료,T4 구어·문장,067cdb1a-af4f-412e-b249-18ba9cde846b,반석내과영상의학과의원,내과 영상의학과,반석동 골목형상점가,골목형상점가,대전광역시,,,
35467df26df8c8a4e780,full_annotation_v1,A,q_의료_06,병원 갈 데,건강·의료 중 '의료'를 판매·제공하는 매장,test,의료,T4 구어·문장,0286c595-5d7f-49db-876a-6959d52a7d39,서울더원플러스치과,치과진료,남성역 골목시장,전통시장,서울특별시,,,
cee110d5065946c38149,full_annotation_v1,A,q_의료_06,병원 갈 데,건강·의료 중 '의료'를 판매·제공하는 매장,test,의료,T4 구어·문장,2c99f95a-a9d6-43a5-8f46-73405931f25a,벤조인요양병원,병원,슬기로운 지족역 골목형상점가,골목형상점가,대전광역시,,,
a32ab9c5deb3cbc866e1,full_annotation_v1,A,q_의료_06,병원 갈 데,건강·의료 중 '의료'를 판매·제공하는 매장,test,의료,T4 구어·문장,013526b7-d35c-404e-93d1-3a112d8de0c6,아이생각소아청소년과의원,진료비,신용동 골목형상점가,골목형상점가,광주광역시,,,
e53d953c7bed0ce462a3,full_annotation_v1,A,q_의료_06,병원 갈 데,건강·의료 중 '의료'를 판매·제공하는 매장,test,의료,T4 구어·문장,4d37a0c7-c390-4a21-81ad-9732be41521d,캘리포니아치과의원,병원,흑석동 골목형상점가,골목형상점가,광주광역시,,,
011660569edbaa61a739,full_annotation_v1,A,q_의료_06,병원 갈 데,건강·의료 중 '의료'를 판매·제공하는 매장,test,의료,T4 구어·문장,4055baae-4a72-4641-ba0e-17ad5cf6f3d2,고희관 내과의원,병원,도군머리 골목형상점가,골목형상점가,광주광역시,,,
0c0cfa4878182542088b,full_annotation_v1,A,q_의료_06,병원 갈 데,건강·의료 중 '의료'를 판매·제공하는 매장,test,의료,T4 구어·문장,0083c935-4cf1-4856-831b-5e623fcb71ac,봄봄이비인후과의원,의료서비스,고운동상점가,자율상권구역,세종특별자치시,,,
a2d34e001bc77f01825e,full_annotation_v1,A,q_의료_06,병원 갈 데,건강·의료 중 '의료'를 판매·제공하는 매장,test,의료,T4 구어·문장,056051e6-c0e1-4402-b967-242217ff89ba,임명수 내과,내과,일곡동 골목형상점가,골목형상점가,광주광역시,,,
eba946c44727f112b42b,full_annotation_v1,A,q_의료_06,병원 갈 데,건강·의료 중 '의료'를 판매·제공하는 매장,test,의료,T4 구어·문장,00962f54-90e0-479e-84a4-3f6e6f6515ec,비쥬여성산부인과의원,의료,운수대통 골목형상점가,골목형상점가,광주광역시,,,
a459e94e424a8e75a018,full_annotation_v1,A,q_의료_06,병원 갈 데,건강·의료 중 '의료'를 판매·제공하는 매장,test,의료,T4 구어·문장,0056dcd4-0ac0-4535-9ee5-c8fd19d8ff14,중화한의원,한의원,보령한내시장,전통시장,충청남도,,,
71c6f59fe5de9dd599da,full_annotation_v1,A,q_의료_06,병원 갈 데,건강·의료 중 '의료'를 판매·제공하는 매장,test,의료,T4 구어·문장,b9c95527-a734-4976-8ed5-a1c6de85636e,옥천BYC,의복수선,옥천종합상가,전통시장,충청북도,,,
ebd4bff13870e3175370,full_annotation_v1,A,q_의료_06,병원 갈 데,건강·의료 중 '의료'를 판매·제공하는 매장,test,의료,T4 구어·문장,aa35ba94-81ad-4cc8-983f-24918c0b9102,현대산부인과,병원,정읍연지상점가,자율상권구역,전북특별자치도,,,
8088b54151cac239521d,full_annotation_v1,A,q_의료_06,병원 갈 데,건강·의료 중 '의료'를 판매·제공하는 매장,test,의료,T4 구어·문장,617602cf-1c58-4875-be42-7d594e1dd330,아름다운여성의원,병원,계수마을상인회 골목형상점가,골목형상점가,광주광역시,,,
054d8004b626cc8d6495,full_annotation_v1,A,q_의료_06,병원 갈 데,건강·의료 중 '의료'를 판매·제공하는 매장,test,의료,T4 구어·문장,b46a53ad-967d-4f29-9440-9f9d02955a74,시골마을식육식당,한식,봉선먹자골목 골목형상점가,골목형상점가,광주광역시,,,
9bab573fa9c3626956a6,full_annotation_v1,A,q_의료_06,병원 갈 데,건강·의료 중 '의료'를 판매·제공하는 매장,test,의료,T4 구어·문장,0002538c-b8d9-4911-81c7-966789036b09,빛고을 치과의원,의원,세은 골목형상점가,골목형상점가,광주광역시,,,
61476b7c6a09b14d5283,full_annotation_v1,A,q_의료_06,병원 갈 데,건강·의료 중 '의료'를 판매·제공하는 매장,test,의료,T4 구어·문장,36486f62-6d85-44eb-99be-7ac485b5b8b5,예사랑피부과,병원,금화상인회 골목형상점가,골목형상점가,광주광역시,,,
de506dd407ecaf9224e0,full_annotation_v1,A,q_의료_06,병원 갈 데,건강·의료 중 '의료'를 판매·제공하는 매장,test,의료,T4 구어·문장,054d77ec-b17b-4ed9-9322-6f9060ce3d53,현소아청소년과의원,소아과 내과,일곡동 골목형상점가,골목형상점가,광주광역시,,,
91d0b6b0b899966259f0,full_annotation_v1,A,q_의료_06,병원 갈 데,건강·의료 중 '의료'를 판매·제공하는 매장,test,의료,T4 구어·문장,71f006c8-d791-424a-aeab-48dc4f23709b,세종스카이내과의원,병원,해밀동 골목형상점가,골목형상점가,세종특별자치시,,,
a96f0d1044da5964352f,full_annotation_v1,A,q_의료_06,병원 갈 데,건강·의료 중 '의료'를 판매·제공하는 매장,test,의료,T4 구어·문장,c1d91437-d09f-477b-a9cb-df187ab3684b,코끼리이비인후과,병원,맑은샘 골목형상점가,골목형상점가,울산광역시,,,
e1a3172242628f44aeac,full_annotation_v1,A,q_의료_06,병원 갈 데,건강·의료 중 '의료'를 판매·제공하는 매장,test,의료,T4 구어·문장,b65eeb55-829a-4c65-8b5b-d7d1709bfc5f,주동물병원,병원,금암동 골목형상점가,골목형상점가,충청남도,,,
26ead1aaa3c7bb929db1,full_annotation_v1,A,q_의료_06,병원 갈 데,건강·의료 중 '의료'를 판매·제공하는 매장,test,의료,T4 구어·문장,557ad3cf-8ffd-4fcf-894c-f24e6d7492b4,전주문병원,병원,효자2동 골목형상점가,골목형상점가,전북특별자치도,,,
95dce7a296e9b99eef2f,full_annotation_v1,A,q_의료_06,병원 갈 데,건강·의료 중 '의료'를 판매·제공하는 매장,test,의료,T4 구어·문장,92d79994-daea-4856-b2eb-2d6c1d0780d8,서울이비인후과의원,병원,상무시청상인회 골목형상점가,골목형상점가,광주광역시,,,
c39d51629861154eed45,full_annotation_v1,A,q_의료_06,병원 갈 데,건강·의료 중 '의료'를 판매·제공하는 매장,test,의료,T4 구어·문장,ff101589-0a3b-42cd-b804-c7394d33efd5,우리들외과의원,병원,송강동 골목형상점가,골목형상점가,대전광역시,,,
cab6172f32c0d5c6aacc,full_annotation_v1,A,q_의료_06,병원 갈 데,건강·의료 중 '의료'를 판매·제공하는 매장,test,의료,T4 구어·문장,d2a7b317-5dfb-4949-a84e-14cd408a06ee,리더스비뇨의학과,병원,주월1동봉선로 골목형상점가,골목형상점가,광주광역시,,,
81953735ae0fe05285aa,full_annotation_v1,A,q_의료_06,병원 갈 데,건강·의료 중 '의료'를 판매·제공하는 매장,test,의료,T4 구어·문장,282b0e8b-051c-49f9-a707-b982df803589,까라벨라 데 오르,스파게티,동명동 카페거리 골목형상점가,골목형상점가,광주광역시,,,
5982b2a47e0af1b34d0a,full_annotation_v1,A,q_의료_06,병원 갈 데,건강·의료 중 '의료'를 판매·제공하는 매장,test,의료,T4 구어·문장,072ed95f-4c7c-4962-bdca-87c8558de161,한신내과,내과,여의동 골목형상점가,골목형상점가,전북특별자치도,,,
6dd8cc76a13949aa0f5c,full_annotation_v1,A,q_의료_06,병원 갈 데,건강·의료 중 '의료'를 판매·제공하는 매장,test,의료,T4 구어·문장,00427918-a4b0-485e-ab42-62ebce752f92,유디해운대치과의원,의료,영풍리젠시 골목형상점가,골목형상점가,부산광역시,,,
5af9e2a0532cb454ff12,full_annotation_v1,A,q_의료_06,병원 갈 데,건강·의료 중 '의료'를 판매·제공하는 매장,test,의료,T4 구어·문장,855f5203-e3fb-4f50-ab6b-f77b9f835c7a,울산연합소아청소년과의원,병원,테라스파크상가 골목형상점가,골목형상점가,울산광역시,,,
ad071f1acd18d65e6350,full_annotation_v1,A,q_의료_06,병원 갈 데,건강·의료 중 '의료'를 판매·제공하는 매장,test,의료,T4 구어·문장,bbd74f58-078b-4ade-8e65-f7b707a8e9df,방어진아산탑마취통증의학과,병원,테라스파크상가 골목형상점가,골목형상점가,울산광역시,,,
194a059399e59049103c,full_annotation_v1,A,q_의료_06,병원 갈 데,건강·의료 중 '의료'를 판매·제공하는 매장,test,의료,T4 구어·문장,a9a37387-b3d3-426e-979e-f6f37d280ed9,호호재활의학과의원,병원,문흥동 골목형상점가,골목형상점가,광주광역시,,,
08871f8bb6992ac52b30,full_annotation_v1,A,q_의료_06,병원 갈 데,건강·의료 중 '의료'를 판매·제공하는 매장,test,의료,T4 구어·문장,0ce28557-45c5-484f-bfc6-2dce8b1b11b3,화인메트로병원,병원,두정동상점가,자율상권구역,충청남도,,,
1bd97dd3dfbc1c60fec3,full_annotation_v1,A,q_의료_06,병원 갈 데,건강·의료 중 '의료'를 판매·제공하는 매장,test,의료,T4 구어·문장,3eeb3309-3fcf-4319-bcb3-fe150f3a6c7b,털보네집,한식,문흥2동 골목형상점가,골목형상점가,광주광역시,,,
380c1cfab088d0ea0c72,full_annotation_v1,A,q_의료_06,병원 갈 데,건강·의료 중 '의료'를 판매·제공하는 매장,test,의료,T4 구어·문장,294606c2-a398-4fdd-899d-452ac8e72f47,아미힐요양병원,병원,노대물빛근린공원 골목형상점가,골목형상점가,광주광역시,,,
6fa89bb7952cf9d798f0,full_annotation_v1,A,q_의료_06,병원 갈 데,건강·의료 중 '의료'를 판매·제공하는 매장,test,의료,T4 구어·문장,01b5432d-9420-483d-8da1-210127e3bb61,다사랑패밀리의원,내과 이비인후과 소아과,다사역 골목형상점가,골목형상점가,대구광역시,,,
a190feb542468c46a2d8,full_annotation_v1,A,q_의료_06,병원 갈 데,건강·의료 중 '의료'를 판매·제공하는 매장,test,의료,T4 구어·문장,a0c51265-a04b-4be6-94c2-d6158e7fb8e8,첨단가족연합의원,병원,첨단2지구 골목형상점가,골목형상점가,광주광역시,,,
d09765cc3ddaad4569d3,full_annotation_v1,A,q_의료_06,병원 갈 데,건강·의료 중 '의료'를 판매·제공하는 매장,test,의료,T4 구어·문장,b049f94f-23fa-458b-8b8b-095d0cb6ed54,우츠,일식,맹동혁신골목형상점가,골목형상점가,충청북도,,,
2a7ef2c76a5aeb8adfa2,full_annotation_v1,A,q_의료_06,병원 갈 데,건강·의료 중 '의료'를 판매·제공하는 매장,test,의료,T4 구어·문장,337a0275-b6f1-491f-9be2-3fa8bbbe11b7,김현경의원,병원,명보연암 골목형상점가,골목형상점가,울산광역시,,,
01bc133e177333ecd8da,full_annotation_v1,A,q_의료_06,병원 갈 데,건강·의료 중 '의료'를 판매·제공하는 매장,test,의료,T4 구어·문장,fd55bc97-318a-418a-a9ac-a539586d0a73,이차집,한식,원마루시장,전통시장,충청북도,,,
12d05a5b7db0b231c389,full_annotation_v1,A,q_의료_06,병원 갈 데,건강·의료 중 '의료'를 판매·제공하는 매장,test,의료,T4 구어·문장,01e01dc9-a690-442d-a992-0716da4fc86a,소나무한의원,한의진료서비스,수완하나로 골목형상점가,골목형상점가,광주광역시,,,
f18837267cd266a9efda,full_annotation_v1,A,q_의료_06,병원 갈 데,건강·의료 중 '의료'를 판매·제공하는 매장,test,의료,T4 구어·문장,8fd31544-660b-4af0-9e49-cfbfa69cac3c,신발365할인매장,신발,서천시장거리 골목형상점가,골목형상점가,충청남도,,,
58716a05d60640f9764a,full_annotation_v1,A,q_의료_06,병원 갈 데,건강·의료 중 '의료'를 판매·제공하는 매장,test,의료,T4 구어·문장,d4e12c15-1052-464b-b12b-7fbd3febe40e,산본성심정형외과,병원,산본로데오거리(구 산본중심상가),자율상권구역,경기도,,,
43c6472496dc2771800f,full_annotation_v1,A,q_의료_06,병원 갈 데,건강·의료 중 '의료'를 판매·제공하는 매장,test,의료,T4 구어·문장,d44492a7-a793-43d1-aec2-0e646314ac8e,감탄떡볶이 신 갈 점,,새천년 골목형상점가,골목형상점가,경기도,,,
ec491371ace5643b0523,full_annotation_v1,A,q_의료_06,병원 갈 데,건강·의료 중 '의료'를 판매·제공하는 매장,test,의료,T4 구어·문장,36f2abc8-b08e-4a46-a998-938fcdf30ed3,경주상회,내의,성남프라자,전통시장,울산광역시,,,
09f7e236be3f141cdbed,full_annotation_v1,A,q_의료_06,병원 갈 데,건강·의료 중 '의료'를 판매·제공하는 매장,test,의료,T4 구어·문장,bc28e035-9e5a-46f2-8b43-6b9d8edc2c44,참좋은동물병원,동물 병원,오케이 양산동 골목형상점가,골목형상점가,광주광역시,,,
abb6bc298daac3e4557d,full_annotation_v1,A,q_의료_06,병원 갈 데,건강·의료 중 '의료'를 판매·제공하는 매장,test,의료,T4 구어·문장,00523307-cc4c-4b0c-8b2f-176ca7450d24,오름한의원,한의원,아차산등산로골목형상점가,골목형상점가,서울특별시,,,
8ca44204aca83b52c90a,full_annotation_v1,A,q_의료_06,병원 갈 데,건강·의료 중 '의료'를 판매·제공하는 매장,test,의료,T4 구어·문장,00d494f5-7e0f-4ced-927a-3360ced94954,핑크유외과,병원,어진동 골목형상점가,골목형상점가,세종특별자치시,,,
9a8d813d2263457afd3b,full_annotation_v1,A,q_의료_06,병원 갈 데,건강·의료 중 '의료'를 판매·제공하는 매장,test,의료,T4 구어·문장,42e75d8c-4555-4ac9-ae2d-f5e350041410,정든요양병원,병원,한울상인회 골목형상점가,골목형상점가,광주광역시,,,
b65bc26fbb0b88a7e6ad,full_annotation_v1,A,q_의료_06,병원 갈 데,건강·의료 중 '의료'를 판매·제공하는 매장,test,의료,T4 구어·문장,3bab7744-d097-4989-ad07-48ed588026d1,새운암병원,병원,행복 북문대로2 골목형상점가,골목형상점가,광주광역시,,,
095abd596b17b9f23c81,full_annotation_v1,A,q_의료_06,병원 갈 데,건강·의료 중 '의료'를 판매·제공하는 매장,test,의료,T4 구어·문장,bff49d4b-b708-45c0-aeef-64dcde8e3c83,더하얀의원,병원,운리공원상인회 골목형상점가,골목형상점가,광주광역시,,,
07e3283acae5864ad910,full_annotation_v1,A,q_의료_06,병원 갈 데,건강·의료 중 '의료'를 판매·제공하는 매장,test,의료,T4 구어·문장,077c1623-1f46-4ff8-8157-733c383a1ce1,김진용이비인후과,병원,어은누리 골목형상점가,골목형상점가,대전광역시,,,
e51bfd0cda99ae5ab9c4,full_annotation_v1,A,q_의료_06,병원 갈 데,건강·의료 중 '의료'를 판매·제공하는 매장,test,의료,T4 구어·문장,a66ee4ee-24ec-4ccc-a3d4-c9c66790dc06,서울튼튼연합의원,병원,충주무학시장,전통시장,충청북도,,,
3727964b4775a5fdaad3,full_annotation_v1,A,q_의료_06,병원 갈 데,건강·의료 중 '의료'를 판매·제공하는 매장,test,의료,T4 구어·문장,3ba7cd38-76fc-49df-b451-255f41a00497,첨단베스트내과의원,병원,첨단연신로 골목형상점가,골목형상점가,광주광역시,,,
4482a818c466d760aa4f,full_annotation_v1,A,q_의료_06,병원 갈 데,건강·의료 중 '의료'를 판매·제공하는 매장,test,의료,T4 구어·문장,005f6f1a-ae3e-47a8-9298-8c7cae082531,삼선의원,일반의원,광복마을3-4길 골목형상점가,골목형상점가,광주광역시,,,
05bc94c5f422d135217a,full_annotation_v1,A,q_의료_06,병원 갈 데,건강·의료 중 '의료'를 판매·제공하는 매장,test,의료,T4 구어·문장,3e8b8b15-f247-4a44-8589-4806c8923c76,무지개병원,병원,경열로상인회 골목형상점가,골목형상점가,광주광역시,,,
c93be45bc460175c6e40,full_annotation_v1,A,q_의료_06,병원 갈 데,건강·의료 중 '의료'를 판매·제공하는 매장,test,의료,T4 구어·문장,16ebee86-dbaf-4865-960c-55519bbf06cb,창평 성심의원,병원,슬로시티창평 골목형상점가,골목형상점가,,,,
974d2f1672f8955200c9,full_annotation_v1,A,q_의료_06,병원 갈 데,건강·의료 중 '의료'를 판매·제공하는 매장,test,의료,T4 구어·문장,e6e4fc09-e63c-4c67-baa8-de32bf3c47ed,더나은의원,병원,정선아리랑시장상권활성화구역,상권활성화구역,강원특별자치도,,,
1420497fcb1875d79695,full_annotation_v1,A,q_의료_06,병원 갈 데,건강·의료 중 '의료'를 판매·제공하는 매장,test,의료,T4 구어·문장,8ef5c782-d75e-452b-97c2-daec432f10ee,광주동림병원,병원,동천동먹자골목2번가상인회 골목형상점가,골목형상점가,광주광역시,,,
98d7531efbf7aacf4a5f,full_annotation_v1,A,q_의료_06,병원 갈 데,건강·의료 중 '의료'를 판매·제공하는 매장,test,의료,T4 구어·문장,00192f22-a492-4ba5-a62d-65bf0d0ec7b9,큰물한의원,한의원,전주서곡 골목형상점가,골목형상점가,전북특별자치도,,,
b8b597831a1d4f432c07,full_annotation_v1,A,q_의료_06,병원 갈 데,건강·의료 중 '의료'를 판매·제공하는 매장,test,의료,T4 구어·문장,0d73327c-1cae-486b-a757-6d1d4d2ed3b1,성내과의원,병원,어은누리 골목형상점가,골목형상점가,대전광역시,,,
c5b905e6d70de50d4c22,full_annotation_v1,A,q_의료_06,병원 갈 데,건강·의료 중 '의료'를 판매·제공하는 매장,test,의료,T4 구어·문장,6214ff11-3c60-42e8-908c-bec14b3380e1,자운가정의원,병원,자운대 골목형상점가,골목형상점가,대전광역시,,,
2b7cc3e8fb89f786f789,full_annotation_v1,A,q_의료_06,병원 갈 데,건강·의료 중 '의료'를 판매·제공하는 매장,test,의료,T4 구어·문장,b9a66a6f-b92c-439b-b4cc-748602bebfd2,세종위드정형외과,병원,나성BRT 골목형상점가,골목형상점가,세종특별자치시,,,
e78883ed3ab0b990977f,full_annotation_v1,A,q_의료_06,병원 갈 데,건강·의료 중 '의료'를 판매·제공하는 매장,test,의료,T4 구어·문장,5b080c57-874a-4aab-8c11-cde32d71993d,부산유펜치과의원,병원,학장반도보라상가,전통시장,부산광역시,,,
eee4233ffe394f6c47fe,full_annotation_v1,A,q_의료_06,병원 갈 데,건강·의료 중 '의료'를 판매·제공하는 매장,test,의료,T4 구어·문장,036ef24a-2d53-4dd1-9bbd-6d0c2a81dd24,바른동물병원,수의 동물병원,송도랜드마크시티 센트럴더샵 골목형상점가,골목형상점가,인천광역시,,,
4fee7c659a2ecb5680d7,full_annotation_v1,A,q_의료_06,병원 갈 데,건강·의료 중 '의료'를 판매·제공하는 매장,test,의료,T4 구어·문장,e8f6ee22-d880-426c-88b2-ce04d245c901,박액박,병원,치평상무역상인회 골목형상점가,골목형상점가,광주광역시,,,
d6f70597d9862db0bafe,full_annotation_v1,A,q_의료_06,병원 갈 데,건강·의료 중 '의료'를 판매·제공하는 매장,test,의료,T4 구어·문장,79fc9b97-1c5e-48a4-97ea-db75c1c87c6c,공주상회,주단,부산진시장,전통시장,부산광역시,,,
c7bc4ed7e3b8e655698a,full_annotation_v1,A,q_의료_06,병원 갈 데,건강·의료 중 '의료'를 판매·제공하는 매장,test,의료,T4 구어·문장,030d2cd2-d4d8-4ee8-bd1e-b3a1e71138d1,상문동물병원,동물병원,거제 상동 골목형상점가,골목형상점가,경상남도,,,
533efb8bdf94c885ae21,full_annotation_v1,A,q_의료_06,병원 갈 데,건강·의료 중 '의료'를 판매·제공하는 매장,test,의료,T4 구어·문장,b640e4ed-a6af-4e6f-b6c3-67acc1b7dc56,착한만두가,만두,서천시장거리 골목형상점가,골목형상점가,충청남도,,,
da4a4fba77433c6650c3,full_annotation_v1,A,q_의료_06,병원 갈 데,건강·의료 중 '의료'를 판매·제공하는 매장,test,의료,T4 구어·문장,37c5c69f-f4f9-4c14-9df2-b9bcecf47bc1,애플유의원,병원,범어식주가무명인골목 골목형상점가,골목형상점가,대구광역시,,,
b7e98d9ef6619ed20948,full_annotation_v1,A,q_의료_06,병원 갈 데,건강·의료 중 '의료'를 판매·제공하는 매장,test,의료,T4 구어·문장,f14df4d3-9858-4a8b-8597-20fd477d8e32,갤러리 데 루치아,가구,용인어정가구단지상점가,자율상권구역,경기도,,,
03c3b417916278ab5cba,full_annotation_v1,A,q_의료_06,병원 갈 데,건강·의료 중 '의료'를 판매·제공하는 매장,test,의료,T4 구어·문장,20a03492-606e-49e9-a344-69381afb0022,강남피부과의원,병원,테라스파크상가 골목형상점가,골목형상점가,울산광역시,,,
2e4a544bc77fd6ad293a,full_annotation_v1,A,q_의료_06,병원 갈 데,건강·의료 중 '의료'를 판매·제공하는 매장,test,의료,T4 구어·문장,c597521d-1273-43c9-b412-1c6036be4933,머리 담다,헤어,매탄중심상가 골목형상점가,골목형상점가,경기도,,,
18e8ba459e389b8f57b1,full_annotation_v1,A,q_의료_06,병원 갈 데,건강·의료 중 '의료'를 판매·제공하는 매장,test,의료,T4 구어·문장,f73c9617-65be-4d2c-8dca-26bf316c40b3,세기미트,계란 및 음료품 공동구매 및 대행,배곧상가,골목형상점가,경기도,,,
ff8dc7fceae94bd1de4c,full_annotation_v1,A,q_의료_06,병원 갈 데,건강·의료 중 '의료'를 판매·제공하는 매장,test,의료,T4 구어·문장,9c3b94e6-b199-4004-a673-9b2c19d1bc05,고치과의원,병원,이동 골목형상점가,골목형상점가,경기도,,,
2a3d899de088a07d7206,full_annotation_v1,A,q_의료_06,병원 갈 데,건강·의료 중 '의료'를 판매·제공하는 매장,test,의료,T4 구어·문장,d1aebb32-f426-4f14-afd4-92b3f2eaa746,구름계란덮밥 안양점,"계란덮밥, 돈까스, 냉모밀",댕리단길 골목형상점가,골목형상점가,경기도,,,
96c7e16eb0b11c96d14f,full_annotation_v1,A,q_의료_06,병원 갈 데,건강·의료 중 '의료'를 판매·제공하는 매장,test,의료,T4 구어·문장,8f0aaa34-7a30-475b-9b36-bbd5dec25a66,비비실용음악학원,교육,상동역 골목형상점가,골목형상점가,경기도,,,
ace742995447499534a3,full_annotation_v1,A,q_의료_06,병원 갈 데,건강·의료 중 '의료'를 판매·제공하는 매장,test,의료,T4 구어·문장,148aa37b-59fc-4230-9c34-c4be5e4e1f7f,사랑샘병원,일반병원,오방로 골목형상점가,골목형상점가,광주광역시,,,
b76aeb8633e40f575eac,full_annotation_v1,A,q_의료_07,진료받는 곳,건강·의료 중 '의료'를 판매·제공하는 매장,test,의료,T4 구어·문장,e38393d4-80f2-42f3-bbe5-0ade16742880,퍼스트어린이치과의원,소아치과 진료충치 예방 교정등 및 진료비,배다리저수지 골목형상점가,골목형상점가,경기도,,,
1cbf0c282ebcd5bc124e,full_annotation_v1,A,q_의료_07,진료받는 곳,건강·의료 중 '의료'를 판매·제공하는 매장,test,의료,T4 구어·문장,2743811c-5e71-4d2b-aa75-1b0147d44f2d,사우 꽃이 피는 곳,꽃,김포 풍년마을 골목형상점가,골목형상점가,경기도,,,
545940d293860e0d3e1e,full_annotation_v1,A,q_의료_07,진료받는 곳,건강·의료 중 '의료'를 판매·제공하는 매장,test,의료,T4 구어·문장,24456103-f6b8-46af-8655-82e61d7265d8,커피가 머무르는 곳,커피,반드레길골목형상점가,골목형상점가,서울특별시,,,
a6035d30a80228e8ac4b,full_annotation_v1,A,q_의료_07,진료받는 곳,건강·의료 중 '의료'를 판매·제공하는 매장,test,의료,T4 구어·문장,b8ed4560-5eb0-4d1b-bf08-33b5ea5d9604,광덕힐한의원,한의 진료,힐스상인회 골목형상점가,골목형상점가,광주광역시,,,
d460c87e26953c0e4bf3,full_annotation_v1,A,q_의료_07,진료받는 곳,건강·의료 중 '의료'를 판매·제공하는 매장,test,의료,T4 구어·문장,752ad6e3-3bd8-40a1-ad9c-418fe73d60b0,괄호,카페,경의숲길서강 골목형상점가,골목형상점가,서울특별시,,,
6c52e3a6eac795490654,full_annotation_v1,A,q_의료_07,진료받는 곳,건강·의료 중 '의료'를 판매·제공하는 매장,test,의료,T4 구어·문장,addb50ce-96b7-43c3-83e3-d9c047fc45a7,벨란,의류,아트프라자,자율상권구역,서울특별시,,,
7aac61d9cab73d77dc24,full_annotation_v1,A,q_의료_07,진료받는 곳,건강·의료 중 '의료'를 판매·제공하는 매장,test,의료,T4 구어·문장,76a3551b-dae4-4326-92cc-662015aedbfb,쉴 곳,한식,칠성로상점가,자율상권구역,제주특별자치도,,,
a79588777b79e7bf2f19,full_annotation_v1,A,q_의료_07,진료받는 곳,건강·의료 중 '의료'를 판매·제공하는 매장,test,의료,T4 구어·문장,fc509398-104f-44e2-9460-eaae0cdfb57f,이(E).Jin hair,미용,빛가람 중흥 골목형상점가,골목형상점가,전라남도,,,
f4367e1ec140de80d9b9,full_annotation_v1,A,q_의료_07,진료받는 곳,건강·의료 중 '의료'를 판매·제공하는 매장,test,의료,T4 구어·문장,637b60f6-90cb-4f3d-a72a-5001187d99fc,(주)네버다이피닉스(황곱대흥점),한식,경의숲길서강 골목형상점가,골목형상점가,서울특별시,,,
d053f183fd23e63ad02b,full_annotation_v1,A,q_의료_07,진료받는 곳,건강·의료 중 '의료'를 판매·제공하는 매장,test,의료,T4 구어·문장,1dcfc762-00be-4dd6-aa76-ed29287d5a3b,안스뷰티(An's Beauty),피부관리,도담동 골목형상점가,골목형상점가,세종특별자치시,,,
f28afd63a318b6adc351,full_annotation_v1,A,q_의료_07,진료받는 곳,건강·의료 중 '의료'를 판매·제공하는 매장,test,의료,T4 구어·문장,0286c595-5d7f-49db-876a-6959d52a7d39,서울더원플러스치과,치과진료,남성역 골목시장,전통시장,서울특별시,,,
efc75804d3c646b6d8ca,full_annotation_v1,A,q_의료_07,진료받는 곳,건강·의료 중 '의료'를 판매·제공하는 매장,test,의료,T4 구어·문장,00427918-a4b0-485e-ab42-62ebce752f92,유디해운대치과의원,의료,영풍리젠시 골목형상점가,골목형상점가,부산광역시,,,
653844983727b6cf3cf8,full_annotation_v1,A,q_의료_07,진료받는 곳,건강·의료 중 '의료'를 판매·제공하는 매장,test,의료,T4 구어·문장,0002538c-b8d9-4911-81c7-966789036b09,빛고을 치과의원,의원,세은 골목형상점가,골목형상점가,광주광역시,,,
07bb9a00e49189d8f9c9,full_annotation_v1,A,q_의료_07,진료받는 곳,건강·의료 중 '의료'를 판매·제공하는 매장,test,의료,T4 구어·문장,cef0282b-777a-4200-a8d7-e2f725aed6ea,늘봄피부과의원,진료,운암휴튼2차 골목형상점가,골목형상점가,광주광역시,,,
774cd4d159789069605c,full_annotation_v1,A,q_의료_07,진료받는 곳,건강·의료 중 '의료'를 판매·제공하는 매장,test,의료,T4 구어·문장,24c5cc99-7c21-4eda-9595-bbd8f4de5172,전승범치과의원,치과 진료 서비스,법원 앞 사과마을 골목형상점가,골목형상점가,광주광역시,,,
ca13a96ef0fd6a647efc,full_annotation_v1,A,q_의료_07,진료받는 곳,건강·의료 중 '의료'를 판매·제공하는 매장,test,의료,T4 구어·문장,f6dceadf-5d64-4253-a95c-9f539a880459,삼성탑비뇨의학과의원,의료서비스,기장시장 일원 자율상권구역,상권활성화구역,부산광역시,,,
414f1899e76e98bed210,full_annotation_v1,A,q_의료_07,진료받는 곳,건강·의료 중 '의료'를 판매·제공하는 매장,test,의료,T4 구어·문장,25b99e32-4c8f-4da8-8294-7370e949c33c,또박이축산,,경창시장,전통시장,서울특별시,,,
fedce3a8cdaa2406eba1,full_annotation_v1,A,q_의료_07,진료받는 곳,건강·의료 중 '의료'를 판매·제공하는 매장,test,의료,T4 구어·문장,21429b19-7264-4746-840b-2340da0f634d,마릴린제이의원,진료,노형1 골목형상점가,골목형상점가,제주특별자치도,,,
140371a676426b6a798d,full_annotation_v1,A,q_의료_07,진료받는 곳,건강·의료 중 '의료'를 판매·제공하는 매장,test,의료,T4 구어·문장,00538958-226f-4338-8542-1fd9df6996d4,새현대치과,의료,매곡 가인 골목형상점가,골목형상점가,광주광역시,,,
feb489feafef65fbea0c,full_annotation_v1,A,q_의료_07,진료받는 곳,건강·의료 중 '의료'를 판매·제공하는 매장,test,의료,T4 구어·문장,3044507a-4125-4b07-b57b-d94b3d8a343e,카프렌드,자동차전문수리,월산로상인회 골목형상점가,골목형상점가,광주광역시,,,
6fcb60be30ee38458e86,full_annotation_v1,A,q_의료_07,진료받는 곳,건강·의료 중 '의료'를 판매·제공하는 매장,test,의료,T4 구어·문장,0040b4e6-7b74-4175-b54d-add4fe693d49,메디팜보명당약국,"의약품, 의료욕구, 복지욕구, 의료기기",점촌역전상점가,자율상권구역,경상북도,,,
6517c9ecb6ba03bf5262,full_annotation_v1,A,q_의료_07,진료받는 곳,건강·의료 중 '의료'를 판매·제공하는 매장,test,의료,T4 구어·문장,642982fd-17cb-4b4d-9b71-cea6c5e17a0f,전열 유한회사(백토사식당),,정릉시장,전통시장,서울특별시,,,
85f013d63100b5852dff,full_annotation_v1,A,q_의료_07,진료받는 곳,건강·의료 중 '의료'를 판매·제공하는 매장,test,의료,T4 구어·문장,ff399551-3465-4e95-933a-d2542e9e3bd5,로안한의원,진료,반곡동행복 골목형상점가,골목형상점가,세종특별자치시,,,
3a8b6794d6b773986bba,full_annotation_v1,A,q_의료_07,진료받는 곳,건강·의료 중 '의료'를 판매·제공하는 매장,test,의료,T4 구어·문장,00192f22-a492-4ba5-a62d-65bf0d0ec7b9,큰물한의원,한의원,전주서곡 골목형상점가,골목형상점가,전북특별자치도,,,
bc2b9b2cc5a6ec5ce962,full_annotation_v1,A,q_의료_07,진료받는 곳,건강·의료 중 '의료'를 판매·제공하는 매장,test,의료,T4 구어·문장,1c8a8990-c1c5-4b90-99a1-09919d081f9a,건강미현대웰빙의원,진료,광산 송2송2 골목형상점가,골목형상점가,광주광역시,,,
ff46e41049afcfe13539,full_annotation_v1,A,q_의료_07,진료받는 곳,건강·의료 중 '의료'를 판매·제공하는 매장,test,의료,T4 구어·문장,054d77ec-b17b-4ed9-9322-6f9060ce3d53,현소아청소년과의원,소아과 내과,일곡동 골목형상점가,골목형상점가,광주광역시,,,
54f84932b2b2f335168f,full_annotation_v1,A,q_의료_07,진료받는 곳,건강·의료 중 '의료'를 판매·제공하는 매장,test,의료,T4 구어·문장,9af9aac5-f87e-4a50-9a93-54df3046634d,러브미여성의원,진료,서문대로704번길 골목형상점가,골목형상점가,광주광역시,,,
14198310bff45fdc716f,full_annotation_v1,A,q_의료_07,진료받는 곳,건강·의료 중 '의료'를 판매·제공하는 매장,test,의료,T4 구어·문장,0006edf8-62da-4c5d-8bed-80e32a855936,e-바른치과의원,병원,금화로상인회 골목형상점가,골목형상점가,광주광역시,,,
d39843d46d6cd1229845,full_annotation_v1,A,q_의료_07,진료받는 곳,건강·의료 중 '의료'를 판매·제공하는 매장,test,의료,T4 구어·문장,c0cc81b4-89ec-4a70-b6f7-089de1fd92a8,소소한곳,,양산 물금백호마을 골목형상점가,골목형상점가,경상남도,,,
2f80350f81a2f7a03c5c,full_annotation_v1,A,q_의료_07,진료받는 곳,건강·의료 중 '의료'를 판매·제공하는 매장,test,의료,T4 구어·문장,01b5432d-9420-483d-8da1-210127e3bb61,다사랑패밀리의원,내과 이비인후과 소아과,다사역 골목형상점가,골목형상점가,대구광역시,,,
3dac36278f6855abf572,full_annotation_v1,A,q_의료_07,진료받는 곳,건강·의료 중 '의료'를 판매·제공하는 매장,test,의료,T4 구어·문장,c111ac9d-3f3a-405c-a8db-4d127ccda9e2,행복이 있는 곳,잡화,제주로얄쇼핑센터,자율상권구역,제주특별자치도,,,
2f791a770e2802d03dd8,full_annotation_v1,A,q_의료_07,진료받는 곳,건강·의료 중 '의료'를 판매·제공하는 매장,test,의료,T4 구어·문장,1eaf6dc3-f0f0-4350-8341-9f6f4334b965,다소곳,옷,전주모래내시장,전통시장,전북특별자치도,,,
eb1021d840f6d687ced2,full_annotation_v1,A,q_의료_07,진료받는 곳,건강·의료 중 '의료'를 판매·제공하는 매장,test,의료,T4 구어·문장,00d494f5-7e0f-4ced-927a-3360ced94954,핑크유외과,병원,어진동 골목형상점가,골목형상점가,세종특별자치시,,,
6ca992883a96c94bac4f,full_annotation_v1,A,q_의료_07,진료받는 곳,건강·의료 중 '의료'를 판매·제공하는 매장,test,의료,T4 구어·문장,00fdab59-58f8-4c63-8765-30cb59a78156,도안프라임치과의원,치과진료,목원대 골목형상점가,골목형상점가,대전광역시,,,
8eef0814acdf1c75acf6,full_annotation_v1,A,q_의료_07,진료받는 곳,건강·의료 중 '의료'를 판매·제공하는 매장,test,의료,T4 구어·문장,04a734bb-1790-4ecd-9398-2fd3359294d0,제일의원,진료,두암시장주변 골목형상점가,골목형상점가,광주광역시,,,
b004681a3190b1dd3d46,full_annotation_v1,A,q_의료_07,진료받는 곳,건강·의료 중 '의료'를 판매·제공하는 매장,test,의료,T4 구어·문장,3933d7d6-0a39-41a6-b667-e952058cb390,보산당,기타소매업,황지자유시장,전통시장,강원특별자치도,,,
28ae6f48935e49504c91,full_annotation_v1,A,q_의료_07,진료받는 곳,건강·의료 중 '의료'를 판매·제공하는 매장,test,의료,T4 구어·문장,00523307-cc4c-4b0c-8b2f-176ca7450d24,오름한의원,한의원,아차산등산로골목형상점가,골목형상점가,서울특별시,,,
ec33ad239d6a3e8b78e3,full_annotation_v1,A,q_의료_07,진료받는 곳,건강·의료 중 '의료'를 판매·제공하는 매장,test,의료,T4 구어·문장,376215d9-9f90-472f-8716-c544a32367e2,문석재한의원,진료,봉선로1 골목형상점가,골목형상점가,광주광역시,,,
319b8e9333087ffc8d5a,full_annotation_v1,A,q_의료_07,진료받는 곳,건강·의료 중 '의료'를 판매·제공하는 매장,test,의료,T4 구어·문장,af841040-0055-4f95-bbe1-b98bb9cf9b59,밀곳,제과,부평깡통시장(구 부산부평시장),전통시장,부산광역시,,,
7053d541230e7c6d520d,full_annotation_v1,A,q_의료_07,진료받는 곳,건강·의료 중 '의료'를 판매·제공하는 매장,test,의료,T4 구어·문장,52f2baa2-7078-464d-a2af-290c85817702,에스듈의원,보건업 진료,성안길상점가,자율상권구역,충청북도,,,
152687e5d2b4867daee6,full_annotation_v1,A,q_의료_07,진료받는 곳,건강·의료 중 '의료'를 판매·제공하는 매장,test,의료,T4 구어·문장,10ec5398-f28a-4373-9665-e1bd794cec13,동물병원숲,진료 용품,양산길 골목형상점가,골목형상점가,광주광역시,,,
2708fb69176e07ee366d,full_annotation_v1,A,q_의료_07,진료받는 곳,건강·의료 중 '의료'를 판매·제공하는 매장,test,의료,T4 구어·문장,e4db698c-1275-4cd4-a695-2325839cd1c7,인치과,치과 진료,화정로상가상인회 골목형상점가,골목형상점가,광주광역시,,,
57fdd780e063f66c8230,full_annotation_v1,A,q_의료_07,진료받는 곳,건강·의료 중 '의료'를 판매·제공하는 매장,test,의료,T4 구어·문장,936d2748-2052-4481-813a-b00d9dd17efb,스마트내과,진료,테크노밸리 골목형상점가,골목형상점가,대전광역시,,,
03bdb46ae9035c5cf4ef,full_annotation_v1,A,q_의료_07,진료받는 곳,건강·의료 중 '의료'를 판매·제공하는 매장,test,의료,T4 구어·문장,06261986-3eba-4244-b63f-397460d82f4a,이곳,미용,나주혁신도시 골목형상점가,골목형상점가,전라남도,,,
d6d0d751f4fc1d8955e6,full_annotation_v1,A,q_의료_07,진료받는 곳,건강·의료 중 '의료'를 판매·제공하는 매장,test,의료,T4 구어·문장,ba331af3-3eea-43b3-a5b9-49fcaaf23d51,평택안립한의원,한의원 외래 진료,배다리저수지 골목형상점가,골목형상점가,경기도,,,
ddd58a5de8ac67ea1384,full_annotation_v1,A,q_의료_07,진료받는 곳,건강·의료 중 '의료'를 판매·제공하는 매장,test,의료,T4 구어·문장,030d2cd2-d4d8-4ee8-bd1e-b3a1e71138d1,상문동물병원,동물병원,거제 상동 골목형상점가,골목형상점가,경상남도,,,
9cc0c11ba990225d1dec,full_annotation_v1,A,q_의료_07,진료받는 곳,건강·의료 중 '의료'를 판매·제공하는 매장,test,의료,T4 구어·문장,056051e6-c0e1-4402-b967-242217ff89ba,임명수 내과,내과,일곡동 골목형상점가,골목형상점가,광주광역시,,,
5e987bcdc79a76c2ff4c,full_annotation_v1,A,q_의료_07,진료받는 곳,건강·의료 중 '의료'를 판매·제공하는 매장,test,의료,T4 구어·문장,c385fd68-e1e3-49e5-a7c5-3c3e7548430a,동주네 야채,김치,정서진중앙시장(구 서구중앙시장),전통시장,인천광역시,,,
45d738b8f7271df25092,full_annotation_v1,A,q_의료_07,진료받는 곳,건강·의료 중 '의료'를 판매·제공하는 매장,test,의료,T4 구어·문장,84148ee7-0438-4b03-b0a0-345be788c3c7,계림부부내과의원,진료,계림2동발전 골목형상점가,골목형상점가,광주광역시,,,
712456bf1928304083b0,full_annotation_v1,A,q_의료_07,진료받는 곳,건강·의료 중 '의료'를 판매·제공하는 매장,test,의료,T4 구어·문장,bb96597b-882e-42f2-99f5-b076ee38a09f,세종장사랑내과의원,진료,아름드리 골목형상점가,골목형상점가,세종특별자치시,,,
53bc2b6a1900adb9d291,full_annotation_v1,A,q_의료_07,진료받는 곳,건강·의료 중 '의료'를 판매·제공하는 매장,test,의료,T4 구어·문장,f8050c9c-b964-4613-85a1-b6e00af7b8b2,라온약국,의약품,도담동 골목형상점가,골목형상점가,세종특별자치시,,,
92aba961b94c14a702b5,full_annotation_v1,A,q_의료_07,진료받는 곳,건강·의료 중 '의료'를 판매·제공하는 매장,test,의료,T4 구어·문장,067cdb1a-af4f-412e-b249-18ba9cde846b,반석내과영상의학과의원,내과 영상의학과,반석동 골목형상점가,골목형상점가,대전광역시,,,
f02e38bf568e22912bb6,full_annotation_v1,A,q_의료_07,진료받는 곳,건강·의료 중 '의료'를 판매·제공하는 매장,test,의료,T4 구어·문장,e4142407-903a-4897-802e-8c81eaee32c1,코숨샘물한의원,한의원 진료,한미쇼핑사거리 골목형상점가,골목형상점가,광주광역시,,,
58aa1d82ee8c5fcc1d7a,full_annotation_v1,A,q_의료_07,진료받는 곳,건강·의료 중 '의료'를 판매·제공하는 매장,test,의료,T4 구어·문장,012ea1f6-bb18-4f60-811e-1858d1f8fb85,서울삼성내과,병원,장자호수공원 골목형상점가,골목형상점가,경기도,,,
16a503bc52e2211e7d8b,full_annotation_v1,A,q_의료_07,진료받는 곳,건강·의료 중 '의료'를 판매·제공하는 매장,test,의료,T4 구어·문장,06275db0-3bc6-4cb2-b2d0-9c2172db74f9,장편한김용성내과,진료,산본로데오거리(구 산본중심상가),자율상권구역,경기도,,,
6c438f0089e22e5d7ae4,full_annotation_v1,A,q_의료_07,진료받는 곳,건강·의료 중 '의료'를 판매·제공하는 매장,test,의료,T4 구어·문장,320e4041-dac5-44b8-862c-78584a234ceb,본치과의원,치과 진료,장대동패션상가 골목형상점가,골목형상점가,대전광역시,,,
1b2b25abd8e7c96982e5,full_annotation_v1,A,q_의료_07,진료받는 곳,건강·의료 중 '의료'를 판매·제공하는 매장,test,의료,T4 구어·문장,c504d99a-b2e3-4cbf-8a95-51d432a3b3e2,맑은내과외과의원,진료,종촌동골목형상점가,골목형상점가,세종특별자치시,,,
547d4208ef2d2ce0d9ba,full_annotation_v1,A,q_의료_07,진료받는 곳,건강·의료 중 '의료'를 판매·제공하는 매장,test,의료,T4 구어·문장,842f6cf1-6411-4f4b-be23-746d79e31656,섬곳,한식,플레이사계 지오단길 골목형상점가,골목형상점가,제주특별자치도,,,
3c2e8a92b019be06d934,full_annotation_v1,A,q_의료_07,진료받는 곳,건강·의료 중 '의료'를 판매·제공하는 매장,test,의료,T4 구어·문장,be9f8c61-892c-48ed-a49d-b63bd032c025,소곳,의류,고투몰(강남터미널지하도상점가),일반지하상점가,서울특별시,,,
2d336dea90eab4ab663e,full_annotation_v1,A,q_의료_07,진료받는 곳,건강·의료 중 '의료'를 판매·제공하는 매장,test,의료,T4 구어·문장,0083c935-4cf1-4856-831b-5e623fcb71ac,봄봄이비인후과의원,의료서비스,고운동상점가,자율상권구역,세종특별자치시,,,
dc05015af4a0a2133064,full_annotation_v1,A,q_의료_07,진료받는 곳,건강·의료 중 '의료'를 판매·제공하는 매장,test,의료,T4 구어·문장,e45589c1-095b-414f-95d8-240b3f9f3029,메이동물병원,진료,남외번영 골목형상점가,골목형상점가,울산광역시,,,
4a1f86702565b1ed33e1,full_annotation_v1,A,q_의료_07,진료받는 곳,건강·의료 중 '의료'를 판매·제공하는 매장,test,의료,T4 구어·문장,01e01dc9-a690-442d-a992-0716da4fc86a,소나무한의원,한의진료서비스,수완하나로 골목형상점가,골목형상점가,광주광역시,,,
1362205dd5be2c541833,full_annotation_v1,A,q_의료_07,진료받는 곳,건강·의료 중 '의료'를 판매·제공하는 매장,test,의료,T4 구어·문장,e8482e21-058c-422d-9117-3e8530a1a9bb,동서의원,진료,내상로 골목형상점가,골목형상점가,광주광역시,,,
8f564ec74d7cd6c69bb2,full_annotation_v1,A,q_의료_07,진료받는 곳,건강·의료 중 '의료'를 판매·제공하는 매장,test,의료,T4 구어·문장,a67889f9-8f50-456b-90fa-9226c4e70ee2,서울강남내과의원,진료,소사벌 골목형상점가,골목형상점가,경기도,,,
4181ac79de4d82015011,full_annotation_v1,A,q_의료_07,진료받는 곳,건강·의료 중 '의료'를 판매·제공하는 매장,test,의료,T4 구어·문장,00962f54-90e0-479e-84a4-3f6e6f6515ec,비쥬여성산부인과의원,의료,운수대통 골목형상점가,골목형상점가,광주광역시,,,
16f332d60c50012c3d5f,full_annotation_v1,A,q_의료_07,진료받는 곳,건강·의료 중 '의료'를 판매·제공하는 매장,test,의료,T4 구어·문장,50a5f05c-148f-4163-882e-fd8463713c5f,김범한의원,진료,성대전통시장,전통시장,서울특별시,,,
c32c8ba5f9cc6f576934,full_annotation_v1,A,q_의료_07,진료받는 곳,건강·의료 중 '의료'를 판매·제공하는 매장,test,의료,T4 구어·문장,67476bd4-fa3d-4f45-bc35-0ab878cb55f1,뽕잎사랑,샤브샤브,서원동상점가,자율상권구역,서울특별시,,,
711d30742112752d9b3b,full_annotation_v1,A,q_의료_07,진료받는 곳,건강·의료 중 '의료'를 판매·제공하는 매장,test,의료,T4 구어·문장,c738f48b-8691-4e2b-8783-978ec2fe4526,현 필라테스,체력단련,나주 예가람,골목형상점가,전라남도,,,
e79489effd7b5b20da58,full_annotation_v1,A,q_의료_07,진료받는 곳,건강·의료 중 '의료'를 판매·제공하는 매장,test,의료,T4 구어·문장,005f6f1a-ae3e-47a8-9298-8c7cae082531,삼선의원,일반의원,광복마을3-4길 골목형상점가,골목형상점가,광주광역시,,,
769c843ffb658f14c05d,full_annotation_v1,A,q_의료_07,진료받는 곳,건강·의료 중 '의료'를 판매·제공하는 매장,test,의료,T4 구어·문장,fb44d005-bcdd-4c5b-ba8d-33b0f2d6e08f,삼대 최한의원,진료,내상로 골목형상점가,골목형상점가,광주광역시,,,
26ccb26033a65ac26d7d,full_annotation_v1,A,q_의료_07,진료받는 곳,건강·의료 중 '의료'를 판매·제공하는 매장,test,의료,T4 구어·문장,8da9477a-e176-4ee8-9d71-86114d3b0e1f,광주종합자동차유리,도소매,월산로상인회 골목형상점가,골목형상점가,광주광역시,,,
279818da3f766e63fddb,full_annotation_v1,A,q_의료_07,진료받는 곳,건강·의료 중 '의료'를 판매·제공하는 매장,test,의료,T4 구어·문장,20e990e4-aaf3-4784-9ba0-caad51d06b23,곳간,한식,수완장덕 골목형상점가,골목형상점가,광주광역시,,,
94ca957ff19211ea7066,full_annotation_v1,A,q_의료_07,진료받는 곳,건강·의료 중 '의료'를 판매·제공하는 매장,test,의료,T4 구어·문장,955670e3-68c2-4c60-b3e5-58a4ba473b7d,신한방병원,진료비(외래/입원),사직중앙로 골목형상점가,골목형상점가,광주광역시,,,
018e4d9761e89454d91f,full_annotation_v1,A,q_의료_07,진료받는 곳,건강·의료 중 '의료'를 판매·제공하는 매장,test,의료,T4 구어·문장,1956dc07-117e-45d3-b607-149e9ff510b5,미소담치과,치과 진료,엄사 골목형상점가,골목형상점가,충청남도,,,
a83954875beed1ce29f9,full_annotation_v1,A,q_의료_07,진료받는 곳,건강·의료 중 '의료'를 판매·제공하는 매장,test,의료,T4 구어·문장,013526b7-d35c-404e-93d1-3a112d8de0c6,아이생각소아청소년과의원,진료비,신용동 골목형상점가,골목형상점가,광주광역시,,,
6085f529ccd74454a302,full_annotation_v1,A,q_의료_07,진료받는 곳,건강·의료 중 '의료'를 판매·제공하는 매장,test,의료,T4 구어·문장,19b6e5db-5866-4752-afed-7fa0dc010f81,곳간,한식,태화십리대밭먹거리단지 상점가,자율상권구역,울산광역시,,,
a1fb83d9277d1b43d243,full_annotation_v1,A,q_의료_07,진료받는 곳,건강·의료 중 '의료'를 판매·제공하는 매장,test,의료,T4 구어·문장,072ed95f-4c7c-4962-bdca-87c8558de161,한신내과,내과,여의동 골목형상점가,골목형상점가,전북특별자치도,,,
786d30686bd810bcc981,full_annotation_v1,A,q_의료_07,진료받는 곳,건강·의료 중 '의료'를 판매·제공하는 매장,test,의료,T4 구어·문장,01225d66-8811-407d-9bce-43e4dbb97e1c,조일한의원,한의원 진료 서비스,칠성상가시장,전통시장,대구광역시,,,
cd20c812eb6ea22f3b25,full_annotation_v1,A,q_의료_07,진료받는 곳,건강·의료 중 '의료'를 판매·제공하는 매장,test,의료,T4 구어·문장,04bfcbff-9f80-4798-87a3-f49559939904,토마토김밥,한식,까치산시장,전통시장,서울특별시,,,
b9bdebacdd637e24c325,full_annotation_v1,A,q_의료_07,진료받는 곳,건강·의료 중 '의료'를 판매·제공하는 매장,test,의료,T4 구어·문장,0056dcd4-0ac0-4535-9ee5-c8fd19d8ff14,중화한의원,한의원,보령한내시장,전통시장,충청남도,,,
fc6c4fc0dfa9e8aab18d,full_annotation_v1,A,q_의료_07,진료받는 곳,건강·의료 중 '의료'를 판매·제공하는 매장,test,의료,T4 구어·문장,036ef24a-2d53-4dd1-9bbd-6d0c2a81dd24,바른동물병원,수의 동물병원,송도랜드마크시티 센트럴더샵 골목형상점가,골목형상점가,인천광역시,,,
444f4cdccf4636735b88,full_annotation_v1,A,q_의료_08,의료추천,건강·의료 중 '의료'를 판매·제공하는 매장,test,의료,T6 기계변형,5e617800-a89a-475c-a9f3-6970643fd19e,써니청바지,의류,공항골목시장골목형상점가,골목형상점가,서울특별시,,,
be4f7739a6ec6e403512,full_annotation_v1,A,q_의료_08,의료추천,건강·의료 중 '의료'를 판매·제공하는 매장,test,의료,T6 기계변형,507cbfc7-72aa-4eec-8824-9378f50ef258,꽃길의원,의료,종로5가역일번출구상점가,자율상권구역,서울특별시,,,
68264c72ee44de8d0355,full_annotation_v1,A,q_의료_08,의료추천,건강·의료 중 '의료'를 판매·제공하는 매장,test,의료,T6 기계변형,5f05c485-d270-4cd5-a149-51ee7519ad93,고향약국,양약 의료기기 의료소모품,남대문로골목형상점가,골목형상점가,서울특별시,,,
22666349b00631efe315,full_annotation_v1,A,q_의료_08,의료추천,건강·의료 중 '의료'를 판매·제공하는 매장,test,의료,T6 기계변형,f8007eb4-e8d7-4c42-8ca0-cd8554fdec7a,한샘미디어,컴퓨터,대구종합유통단지전자관사업협동조합,전통시장,대구광역시,,,
22896923d2d107bbbaa7,full_annotation_v1,A,q_의료_08,의료추천,건강·의료 중 '의료'를 판매·제공하는 매장,test,의료,T6 기계변형,056051e6-c0e1-4402-b967-242217ff89ba,임명수 내과,내과,일곡동 골목형상점가,골목형상점가,광주광역시,,,
cde345e1a2fb9d990bf9,full_annotation_v1,A,q_의료_08,의료추천,건강·의료 중 '의료'를 판매·제공하는 매장,test,의료,T6 기계변형,1215ca17-d423-4555-aca8-35023684029a,대불약국,의료기기,삼호읍 중앙 골목형상점가,골목형상점가,전라남도,,,
93ea299baae295250706,full_annotation_v1,A,q_의료_08,의료추천,건강·의료 중 '의료'를 판매·제공하는 매장,test,의료,T6 기계변형,22a94491-853d-4840-b253-418bc12c7e10,산천,,홍도 골목형상점가,골목형상점가,대전광역시,,,
cde4e029d4648bcdbce5,full_annotation_v1,A,q_의료_08,의료추천,건강·의료 중 '의료'를 판매·제공하는 매장,test,의료,T6 기계변형,7e10bac5-247b-4250-b59e-0b3842918ace,돼지애꿈,한식,운남7단지먹자거리 골목형상점가,골목형상점가,광주광역시,,,
f4a7d867c8d879e1dcca,full_annotation_v1,A,q_의료_08,의료추천,건강·의료 중 '의료'를 판매·제공하는 매장,test,의료,T6 기계변형,00962f54-90e0-479e-84a4-3f6e6f6515ec,비쥬여성산부인과의원,의료,운수대통 골목형상점가,골목형상점가,광주광역시,,,
8bbc8b6766d1b693edcf,full_annotation_v1,A,q_의료_08,의료추천,건강·의료 중 '의료'를 판매·제공하는 매장,test,의료,T6 기계변형,d0b0fb46-1ae1-40f9-8951-13f7869b2937,비겐의료기,의료기기,논산화지중앙시장,전통시장,충청남도,,,
46fd44b4956ce9a07b75,full_annotation_v1,A,q_의료_08,의료추천,건강·의료 중 '의료'를 판매·제공하는 매장,test,의료,T6 기계변형,5eed1e65-f28d-4d8b-b94f-d5b118f1bb78,대촌서암의원,의료,지석사거리 골목형상점가,골목형상점가,광주광역시,,,
eed52660de7d4a311701,full_annotation_v1,A,q_의료_08,의료추천,건강·의료 중 '의료'를 판매·제공하는 매장,test,의료,T6 기계변형,d781faab-3c27-4709-bbd6-21448ff3f31c,용방아간,방앗간,공항골목시장골목형상점가,골목형상점가,서울특별시,,,
044b709b589416c08778,full_annotation_v1,A,q_의료_08,의료추천,건강·의료 중 '의료'를 판매·제공하는 매장,test,의료,T6 기계변형,2bdfe3f4-cb8b-4008-928e-385091ef793d,자매국밥,,길동복조리시장,전통시장,서울특별시,,,
d0729d353e5dc59f64dc,full_annotation_v1,A,q_의료_08,의료추천,건강·의료 중 '의료'를 판매·제공하는 매장,test,의료,T6 기계변형,d47e6a99-4ca3-4c15-b198-0ea7d0a2f70d,현미경치과,의료,개포동 구마을 골목형상점가,골목형상점가,서울특별시,,,
0ff110d3594fab0a4437,full_annotation_v1,A,q_의료_08,의료추천,건강·의료 중 '의료'를 판매·제공하는 매장,test,의료,T6 기계변형,6a18ebad-1068-4610-90ad-0829d5255024,허가네수산,수산물,부산공동어시장상점가,자율상권구역,부산광역시,,,
73f4afeb5b72cc04db98,full_annotation_v1,A,q_의료_08,의료추천,건강·의료 중 '의료'를 판매·제공하는 매장,test,의료,T6 기계변형,36675764-a0f1-4844-a3f1-f6bfb0c35523,조아진병원,의료,옛 경양방죽 골목형상점가,골목형상점가,광주광역시,,,
bd72b70f6801c4b2e003,full_annotation_v1,A,q_의료_08,의료추천,건강·의료 중 '의료'를 판매·제공하는 매장,test,의료,T6 기계변형,9eb36b86-6629-481c-9263-affc6b3430f4,여송한의원,의료,열매 골목형상점가,골목형상점가,대전광역시,,,
a1da737ab0249d1732c4,full_annotation_v1,A,q_의료_08,의료추천,건강·의료 중 '의료'를 판매·제공하는 매장,test,의료,T6 기계변형,01225d66-8811-407d-9bce-43e4dbb97e1c,조일한의원,한의원 진료 서비스,칠성상가시장,전통시장,대구광역시,,,
66058eb46c529d5e9fb5,full_annotation_v1,A,q_의료_08,의료추천,건강·의료 중 '의료'를 판매·제공하는 매장,test,의료,T6 기계변형,ac281c5b-311e-41f3-9a6f-30b82e90f12e,함빛병원,의료,북항사랑 골목형상점가,골목형상점가,전라남도,,,
96ba0aac9604a1e569f9,full_annotation_v1,A,q_의료_08,의료추천,건강·의료 중 '의료'를 판매·제공하는 매장,test,의료,T6 기계변형,00d494f5-7e0f-4ced-927a-3360ced94954,핑크유외과,병원,어진동 골목형상점가,골목형상점가,세종특별자치시,,,
6d1ffbecf8557ac6548c,full_annotation_v1,A,q_의료_08,의료추천,건강·의료 중 '의료'를 판매·제공하는 매장,test,의료,T6 기계변형,488c87d3-7e0e-4cf9-adfa-bd793d32fe6e,가든온천,,정남진활력의거리 골목형상점가,골목형상점가,,,,
29434906bbf379a0e55f,full_annotation_v1,A,q_의료_08,의료추천,건강·의료 중 '의료'를 판매·제공하는 매장,test,의료,T6 기계변형,fe1b36c2-39ba-4361-8cda-66c82daa209a,다원 의료기,의료기,밤실로주변 골목형상점가,골목형상점가,광주광역시,,,
6320c772d27c9a142a3d,full_annotation_v1,A,q_의료_08,의료추천,건강·의료 중 '의료'를 판매·제공하는 매장,test,의료,T6 기계변형,08144d0b-f70f-4e6a-b20d-9dc93b3cc304,JM의원,의료,희담길,골목형상점가,광주광역시,,,
79bae27af2e324588b06,full_annotation_v1,A,q_의료_08,의료추천,건강·의료 중 '의료'를 판매·제공하는 매장,test,의료,T6 기계변형,7de77211-458e-406c-8e66-d256308ec568,서울나인앤의원,의료,시청앞사거리 골목형상점가,골목형상점가,충청남도,,,
8d5d90921b6eba21b74e,full_annotation_v1,A,q_의료_08,의료추천,건강·의료 중 '의료'를 판매·제공하는 매장,test,의료,T6 기계변형,0286c595-5d7f-49db-876a-6959d52a7d39,서울더원플러스치과,치과진료,남성역 골목시장,전통시장,서울특별시,,,
dae7d15c7034468a6ddd,full_annotation_v1,A,q_의료_08,의료추천,건강·의료 중 '의료'를 판매·제공하는 매장,test,의료,T6 기계변형,592232af-e512-4e89-8f2b-96d77860a565,미라벨의원,의료,약수시장골목형상점가,골목형상점가,서울특별시,,,
1b9e4076cb51379b5f7d,full_annotation_v1,A,q_의료_08,의료추천,건강·의료 중 '의료'를 판매·제공하는 매장,test,의료,T6 기계변형,e96a83bc-946a-43bc-9e0d-d1185bf52d51,옥천,수산물,부천상동시장,전통시장,경기도,,,
212b05d46074fcb9da55,full_annotation_v1,A,q_의료_08,의료추천,건강·의료 중 '의료'를 판매·제공하는 매장,test,의료,T6 기계변형,030d2cd2-d4d8-4ee8-bd1e-b3a1e71138d1,상문동물병원,동물병원,거제 상동 골목형상점가,골목형상점가,경상남도,,,
5c108c0d424d3f73a821,full_annotation_v1,A,q_의료_08,의료추천,건강·의료 중 '의료'를 판매·제공하는 매장,test,의료,T6 기계변형,774e06f0-bb68-40ab-ad31-3357953d33b1,꿀약국,의약품 및 의료용품 및 의료기기,상도약수골목형상점가,골목형상점가,서울특별시,,,
7ad443d304453c0530a2,full_annotation_v1,A,q_의료_08,의료추천,건강·의료 중 '의료'를 판매·제공하는 매장,test,의료,T6 기계변형,9e196d19-08ed-46b9-8a9a-b88aa0b039fb,대진상회,양말,신남네거리상점가,자율상권구역,대구광역시,,,
649096a82ef799ffb627,full_annotation_v1,A,q_의료_08,의료추천,건강·의료 중 '의료'를 판매·제공하는 매장,test,의료,T6 기계변형,838fcbc5-bdd9-4ed8-8d06-b39655a4373b,샤브온당 중랑동부시장점,한식,중랑동부시장,전통시장,서울특별시,,,
ebbe2b18ce9f188dff0b,full_annotation_v1,A,q_의료_08,의료추천,건강·의료 중 '의료'를 판매·제공하는 매장,test,의료,T6 기계변형,48168d49-f20f-45dd-8249-9d6feb533e93,한밭의원,의료,문창동 보물찾(Chat)길 골목형상점가,골목형상점가,대전광역시,,,
d547826178cc23a50a47,full_annotation_v1,A,q_의료_08,의료추천,건강·의료 중 '의료'를 판매·제공하는 매장,test,의료,T6 기계변형,0040b4e6-7b74-4175-b54d-add4fe693d49,메디팜보명당약국,"의약품, 의료욕구, 복지욕구, 의료기기",점촌역전상점가,자율상권구역,경상북도,,,
8c731e9ba9a2023a2347,full_annotation_v1,A,q_의료_08,의료추천,건강·의료 중 '의료'를 판매·제공하는 매장,test,의료,T6 기계변형,98474c61-e74f-4217-a8af-d186cf86f156,햇님한의원,의료,소담마실길 골목형상점가,골목형상점가,세종특별자치시,,,
935fb09e21a8c07f79e9,full_annotation_v1,A,q_의료_08,의료추천,건강·의료 중 '의료'를 판매·제공하는 매장,test,의료,T6 기계변형,3be87fd3-952d-4145-baf1-f41f6cb7f747,서울굿닥터의원,의료,새롬동 골목형상점가,골목형상점가,세종특별자치시,,,
d713ed5098d3fea70735,full_annotation_v1,A,q_의료_08,의료추천,건강·의료 중 '의료'를 판매·제공하는 매장,test,의료,T6 기계변형,c7f79e34-8b9c-4e01-8b1f-af28742497b4,창원의원,의료,창원 소답시장,전통시장,경상남도,,,
9787bbc947d3ab19ad89,full_annotation_v1,A,q_의료_08,의료추천,건강·의료 중 '의료'를 판매·제공하는 매장,test,의료,T6 기계변형,81fda61c-9dff-4856-b91d-1bf2f68fd8da,광천,채소,난곡골목형상점가,골목형상점가,서울특별시,,,
e43d27dd9c3bfde4ee8e,full_annotation_v1,A,q_의료_08,의료추천,건강·의료 중 '의료'를 판매·제공하는 매장,test,의료,T6 기계변형,ce7bf5ac-8b31-4655-8dee-78760ec9adac,오레시피 나주혁신도시점,기타김치양념젓갈가열양념육즉석섭취식품즉석조리식품반찬,나주혁신도시 골목형상점가,골목형상점가,전라남도,,,
4259d187cbfba1ef0840,full_annotation_v1,A,q_의료_08,의료추천,건강·의료 중 '의료'를 판매·제공하는 매장,test,의료,T6 기계변형,0056dcd4-0ac0-4535-9ee5-c8fd19d8ff14,중화한의원,한의원,보령한내시장,전통시장,충청남도,,,
5b3bd940d97b21c5619f,full_annotation_v1,A,q_의료_08,의료추천,건강·의료 중 '의료'를 판매·제공하는 매장,test,의료,T6 기계변형,7fbf2e60-e7a1-468a-9c4e-e203cec9a7ce,이인창치과,의료,마산 오동동상인연합상가,자율상권구역,경상남도,,,
6a75696395d4e286a8ea,full_annotation_v1,A,q_의료_08,의료추천,건강·의료 중 '의료'를 판매·제공하는 매장,test,의료,T6 기계변형,49c2871e-a1bd-4173-b03d-857041cb98e3,탑클래스안경체인 나주혁신,안경,나주혁신도시 골목형상점가,골목형상점가,전라남도,,,
ee258b621a857c0e77ab,full_annotation_v1,A,q_의료_08,의료추천,건강·의료 중 '의료'를 판매·제공하는 매장,test,의료,T6 기계변형,00fdab59-58f8-4c63-8765-30cb59a78156,도안프라임치과의원,치과진료,목원대 골목형상점가,골목형상점가,대전광역시,,,
58877746fd64f03838c5,full_annotation_v1,A,q_의료_08,의료추천,건강·의료 중 '의료'를 판매·제공하는 매장,test,의료,T6 기계변형,054d77ec-b17b-4ed9-9322-6f9060ce3d53,현소아청소년과의원,소아과 내과,일곡동 골목형상점가,골목형상점가,광주광역시,,,
ba6ccc3459bd6483861f,full_annotation_v1,A,q_의료_08,의료추천,건강·의료 중 '의료'를 판매·제공하는 매장,test,의료,T6 기계변형,5eff133f-d51a-4b7b-8e0b-5d9f7b55a85f,밝은의원,의료,화정소담상인회 골목형상점가,골목형상점가,광주광역시,,,
732039ded264145de431,full_annotation_v1,A,q_의료_08,의료추천,건강·의료 중 '의료'를 판매·제공하는 매장,test,의료,T6 기계변형,067cdb1a-af4f-412e-b249-18ba9cde846b,반석내과영상의학과의원,내과 영상의학과,반석동 골목형상점가,골목형상점가,대전광역시,,,
e0565efed62bbb1b5c6a,full_annotation_v1,A,q_의료_08,의료추천,건강·의료 중 '의료'를 판매·제공하는 매장,test,의료,T6 기계변형,1b242b38-b5dd-466d-b357-9f4d3adbbc67,광천 미서울 치과의원,의료서비스,광천동상인회 골목형상점가,골목형상점가,광주광역시,,,
b107d5b5f668b03896de,full_annotation_v1,A,q_의료_08,의료추천,건강·의료 중 '의료'를 판매·제공하는 매장,test,의료,T6 기계변형,41a830c9-a316-4aa0-90dc-dc143c7b731b,사랑애치과,의료,금호상인회 골목형상점가,골목형상점가,광주광역시,,,
3b11bf1302e81a744f0d,full_annotation_v1,A,q_의료_08,의료추천,건강·의료 중 '의료'를 판매·제공하는 매장,test,의료,T6 기계변형,9909933f-4cfc-4094-8057-1bcb49cd5277,영월떡백화점,떡,영월서부공설시장,전통시장,강원특별자치도,,,
707dbf0c57197b4275f0,full_annotation_v1,A,q_의료_08,의료추천,건강·의료 중 '의료'를 판매·제공하는 매장,test,의료,T6 기계변형,80c4738a-934b-4b41-9de9-a82a5967a614,천외천,한식,상봉먹자골목형상점가,골목형상점가,서울특별시,,,
4de1e1e74c2db08721f4,full_annotation_v1,A,q_의료_08,의료추천,건강·의료 중 '의료'를 판매·제공하는 매장,test,의료,T6 기계변형,0002538c-b8d9-4911-81c7-966789036b09,빛고을 치과의원,의원,세은 골목형상점가,골목형상점가,광주광역시,,,
b2b068dd8d81fc4fe50c,full_annotation_v1,A,q_의료_08,의료추천,건강·의료 중 '의료'를 판매·제공하는 매장,test,의료,T6 기계변형,618afc31-b1c0-4ca7-be90-1970de5979e4,타로와 별자리,점성학 서비스업,김해 동상전통시장,전통시장,경상남도,,,
ba8fb6e3864b490d5ab6,full_annotation_v1,A,q_의료_08,의료추천,건강·의료 중 '의료'를 판매·제공하는 매장,test,의료,T6 기계변형,01b5432d-9420-483d-8da1-210127e3bb61,다사랑패밀리의원,내과 이비인후과 소아과,다사역 골목형상점가,골목형상점가,대구광역시,,,
fbcec810a6b6b87fb3ec,full_annotation_v1,A,q_의료_08,의료추천,건강·의료 중 '의료'를 판매·제공하는 매장,test,의료,T6 기계변형,c72ad5e5-3bac-47b9-8014-f1b9367630e1,안녕제천,,제천중앙시장,전통시장,충청북도,,,
64d3fba1d6802027b7ec,full_annotation_v1,A,q_의료_08,의료추천,건강·의료 중 '의료'를 판매·제공하는 매장,test,의료,T6 기계변형,0006edf8-62da-4c5d-8bed-80e32a855936,e-바른치과의원,병원,금화로상인회 골목형상점가,골목형상점가,광주광역시,,,
047819d49ffdf9c5f843,full_annotation_v1,A,q_의료_08,의료추천,건강·의료 중 '의료'를 판매·제공하는 매장,test,의료,T6 기계변형,0083c935-4cf1-4856-831b-5e623fcb71ac,봄봄이비인후과의원,의료서비스,고운동상점가,자율상권구역,세종특별자치시,,,
3c65f7f8fb35c83688bd,full_annotation_v1,A,q_의료_08,의료추천,건강·의료 중 '의료'를 판매·제공하는 매장,test,의료,T6 기계변형,2e3faa8e-05b0-4987-b071-04992a4c38c2,카페내일,즉석식품,밀양 내일전통시장,전통시장,경상남도,,,
8d4db40e046c0e66aad8,full_annotation_v1,A,q_의료_08,의료추천,건강·의료 중 '의료'를 판매·제공하는 매장,test,의료,T6 기계변형,036ef24a-2d53-4dd1-9bbd-6d0c2a81dd24,바른동물병원,수의 동물병원,송도랜드마크시티 센트럴더샵 골목형상점가,골목형상점가,인천광역시,,,
507d214c048bb4048440,full_annotation_v1,A,q_의료_08,의료추천,건강·의료 중 '의료'를 판매·제공하는 매장,test,의료,T6 기계변형,012ea1f6-bb18-4f60-811e-1858d1f8fb85,서울삼성내과,병원,장자호수공원 골목형상점가,골목형상점가,경기도,,,
347a0943538be6293f6d,full_annotation_v1,A,q_의료_08,의료추천,건강·의료 중 '의료'를 판매·제공하는 매장,test,의료,T6 기계변형,005f6f1a-ae3e-47a8-9298-8c7cae082531,삼선의원,일반의원,광복마을3-4길 골목형상점가,골목형상점가,광주광역시,,,
972d9034c3f31f7b2e22,full_annotation_v1,A,q_의료_08,의료추천,건강·의료 중 '의료'를 판매·제공하는 매장,test,의료,T6 기계변형,00427918-a4b0-485e-ab42-62ebce752f92,유디해운대치과의원,의료,영풍리젠시 골목형상점가,골목형상점가,부산광역시,,,
dab4cbecc5f01106533d,full_annotation_v1,A,q_의료_08,의료추천,건강·의료 중 '의료'를 판매·제공하는 매장,test,의료,T6 기계변형,01e01dc9-a690-442d-a992-0716da4fc86a,소나무한의원,한의진료서비스,수완하나로 골목형상점가,골목형상점가,광주광역시,,,
908a98a9c68d7d59942d,full_annotation_v1,A,q_의료_08,의료추천,건강·의료 중 '의료'를 판매·제공하는 매장,test,의료,T6 기계변형,fbe44828-24ef-44fc-a0ea-b15c957d0f02,3H스마트지압침대금천,의료기기,비단길현대시장,전통시장,서울특별시,,,
e53362c90603f31b71af,full_annotation_v1,A,q_의료_08,의료추천,건강·의료 중 '의료'를 판매·제공하는 매장,test,의료,T6 기계변형,a63f0a39-cc86-4e1e-8aef-a0a0a6623891,알천,한식,달아실 골목형상점가,골목형상점가,광주광역시,,,
ff5fadd456d9a6203f96,full_annotation_v1,A,q_의료_08,의료추천,건강·의료 중 '의료'를 판매·제공하는 매장,test,의료,T6 기계변형,44e0686a-9876-4f6a-a63b-6f9983eb6af6,스시천,일식,공항대로골목형상점가,골목형상점가,서울특별시,,,
66fc187a9b023f26dc34,full_annotation_v1,A,q_의료_08,의료추천,건강·의료 중 '의료'를 판매·제공하는 매장,test,의료,T6 기계변형,072ed95f-4c7c-4962-bdca-87c8558de161,한신내과,내과,여의동 골목형상점가,골목형상점가,전북특별자치도,,,
dfd39a46fc6c1cff1be6,full_annotation_v1,A,q_의료_08,의료추천,건강·의료 중 '의료'를 판매·제공하는 매장,test,의료,T6 기계변형,00192f22-a492-4ba5-a62d-65bf0d0ec7b9,큰물한의원,한의원,전주서곡 골목형상점가,골목형상점가,전북특별자치도,,,
be06ff8880c4c8f6767b,full_annotation_v1,A,q_의료_08,의료추천,건강·의료 중 '의료'를 판매·제공하는 매장,test,의료,T6 기계변형,cc52bc50-8268-412f-b13f-b20ba4d37b37,장쏙쏙내과의원,의료,풍암중앙상인회 골목형상점가,골목형상점가,광주광역시,,,
9ad0f4eada2bb0ed3808,full_annotation_v1,A,q_의료_08,의료추천,건강·의료 중 '의료'를 판매·제공하는 매장,test,의료,T6 기계변형,64c40c8d-6344-4dcc-9506-45373e19d966,황준화내과,의료,상무중앙상인회 골목형상점가,골목형상점가,광주광역시,,,
55a3d2f0f29b9d6f61f0,full_annotation_v1,A,q_의료_08,의료추천,건강·의료 중 '의료'를 판매·제공하는 매장,test,의료,T6 기계변형,1911ab86-b1c4-450e-af18-cafef5d6aab5,청담BS한의원,의료,사리골상점가,자율상권구역,경기도,,,
2374c3a0615719812c96,full_annotation_v1,A,q_의료_08,의료추천,건강·의료 중 '의료'를 판매·제공하는 매장,test,의료,T6 기계변형,6acb4a79-20ab-4ccd-adb4-07a1ac1c31bb,머거쥬,"한식, 잡화",전주한옥마을 골목형상점가,골목형상점가,전북특별자치도,,,
3595929f3fce6f107722,full_annotation_v1,A,q_의료_08,의료추천,건강·의료 중 '의료'를 판매·제공하는 매장,test,의료,T6 기계변형,654b14b7-4d18-44a0-ad90-17d6d2bfa110,벨버티의원,의료,주월양우내안애상가 골목형상점가,골목형상점가,광주광역시,,,
291dc4ef8bd189dd1db6,full_annotation_v1,A,q_의료_08,의료추천,건강·의료 중 '의료'를 판매·제공하는 매장,test,의료,T6 기계변형,6985e359-bb88-47d4-98a7-8977541ecd03,영천,육류,태백시장,전통시장,대구광역시,,,
9e91dd93263c8faeb8bd,full_annotation_v1,A,q_의료_08,의료추천,건강·의료 중 '의료'를 판매·제공하는 매장,test,의료,T6 기계변형,2ab4471b-8524-4be9-94a6-b2b1b7530d5d,동작고려의원,의료,노량진만나로골목형상점가,골목형상점가,서울특별시,,,
d078b83d7703cacbcfcf,full_annotation_v1,A,q_의료_08,의료추천,건강·의료 중 '의료'를 판매·제공하는 매장,test,의료,T6 기계변형,00538958-226f-4338-8542-1fd9df6996d4,새현대치과,의료,매곡 가인 골목형상점가,골목형상점가,광주광역시,,,
254f57b30aea536d39b8,full_annotation_v1,A,q_의료_08,의료추천,건강·의료 중 '의료'를 판매·제공하는 매장,test,의료,T6 기계변형,8ab2ceb8-29fd-44a4-8218-fb8fff5ba79f,미모의원,의료,두암1동 골목형상점가,골목형상점가,광주광역시,,,
23f4448e4face228a9a2,full_annotation_v1,A,q_의료_08,의료추천,건강·의료 중 '의료'를 판매·제공하는 매장,test,의료,T6 기계변형,7fa5839b-5ede-4c57-8986-cca35e413783,미몽피부과,의료,장자호수공원 골목형상점가,골목형상점가,경기도,,,
fa2ad52f477c0443ee98,full_annotation_v1,A,q_의료_08,의료추천,건강·의료 중 '의료'를 판매·제공하는 매장,test,의료,T6 기계변형,7d6018f6-ef12-44b4-be38-c7448cecbdaa,유병전내과,의료,북부서 맞은편 골목형상점가,골목형상점가,광주광역시,,,
62d4fe22ecadb4a2e4b7,full_annotation_v1,A,q_의료_08,의료추천,건강·의료 중 '의료'를 판매·제공하는 매장,test,의료,T6 기계변형,44344bed-da9e-4399-abac-d5c85336afbc,나비공방,액세서리,부산진시장,전통시장,부산광역시,,,
e577f04a36d37a3f0e39,full_annotation_v1,A,q_의료_08,의료추천,건강·의료 중 '의료'를 판매·제공하는 매장,test,의료,T6 기계변형,00523307-cc4c-4b0c-8b2f-176ca7450d24,오름한의원,한의원,아차산등산로골목형상점가,골목형상점가,서울특별시,,,
66805c430aa798859563,full_annotation_v1,A,q_의료_08,의료추천,건강·의료 중 '의료'를 판매·제공하는 매장,test,의료,T6 기계변형,0f6d2ea1-432c-4cdc-8041-26f850bfc4f0,내집앞Vi마트,식잡 담배 전동기대여,전주한옥마을 골목형상점가,골목형상점가,전북특별자치도,,,
1da2bad3a50714a37991,full_annotation_v1,A,q_의료_08,의료추천,건강·의료 중 '의료'를 판매·제공하는 매장,test,의료,T6 기계변형,013526b7-d35c-404e-93d1-3a112d8de0c6,아이생각소아청소년과의원,진료비,신용동 골목형상점가,골목형상점가,광주광역시,,,
03eeea9ee47a43f9cca9,full_annotation_v1,A,q_의료_09,의요,건강·의료 중 '의료'를 판매·제공하는 매장,test,의료,T6 기계변형,d6f43b84-a7a3-40d4-9892-92112005d59a,니꼬치요,,서부시장,전통시장,대구광역시,,,
3c02f00789f2f71ec120,full_annotation_v1,A,q_의료_09,의요,건강·의료 중 '의료'를 판매·제공하는 매장,test,의료,T6 기계변형,00d494f5-7e0f-4ced-927a-3360ced94954,핑크유외과,병원,어진동 골목형상점가,골목형상점가,세종특별자치시,,,
8433de21e47f82ebaea0,full_annotation_v1,A,q_의료_09,의요,건강·의료 중 '의료'를 판매·제공하는 매장,test,의료,T6 기계변형,0002538c-b8d9-4911-81c7-966789036b09,빛고을 치과의원,의원,세은 골목형상점가,골목형상점가,광주광역시,,,
3272cc9f7ddad559d427,full_annotation_v1,A,q_의료_09,의요,건강·의료 중 '의료'를 판매·제공하는 매장,test,의료,T6 기계변형,48a79ffb-67ae-4aea-a6ca-af80678548f1,여기담기,도자기,예스파크 상점가,자율상권구역,경기도,,,
bb1c25e7d13c3b4d3c8c,full_annotation_v1,A,q_의료_09,의요,건강·의료 중 '의료'를 판매·제공하는 매장,test,의료,T6 기계변형,3ee02249-8301-4aec-91d5-c2ea0901b59a,태관도요,도자기,사기막골도자기시장(구 사기막골도예촌재래시장),전통시장,경기도,,,
1c7104bd8e0f1187a676,full_annotation_v1,A,q_의료_09,의요,건강·의료 중 '의료'를 판매·제공하는 매장,test,의료,T6 기계변형,e65d43e8-b1d1-4061-9a08-e3a5472853c7,샴푸의요정,미용실,예술의거리 골목형상점가,골목형상점가,광주광역시,,,
c08d58c2dda79e866fb1,full_annotation_v1,A,q_의료_09,의요,건강·의료 중 '의료'를 판매·제공하는 매장,test,의료,T6 기계변형,82623565-ca0a-435b-a4b8-6c7cb299eae9,장충동왕족발보쌈,"족발, 보쌈, 냉면",청학동골목형상점가,골목형상점가,인천광역시,,,
d48c4832c80347c5ce8e,full_annotation_v1,A,q_의료_09,의요,건강·의료 중 '의료'를 판매·제공하는 매장,test,의료,T6 기계변형,252ec54a-8f74-4132-90ec-1bd038837f4b,위요,미용,한들물빛도시 골목형 상점가,골목형상점가,충청남도,,,
6c3be9dc8b62fe36f8be,full_annotation_v1,A,q_의료_09,의요,건강·의료 중 '의료'를 판매·제공하는 매장,test,의료,T6 기계변형,9be460c2-1921-46cb-9eba-30445bc53d42,대용농원,농산물 및 묘목,서귀포향토오일시장,전통시장,제주특별자치도,,,
4ca73168248ed16336bf,full_annotation_v1,A,q_의료_09,의요,건강·의료 중 '의료'를 판매·제공하는 매장,test,의료,T6 기계변형,fdc16ee2-d1dd-4493-8588-6c88032aa144,에이스 당구클럽,당구장,신도봉시장,전통시장,서울특별시,,,
593a8f40148cc7af7e32,full_annotation_v1,A,q_의료_09,의요,건강·의료 중 '의료'를 판매·제공하는 매장,test,의료,T6 기계변형,8f667a30-9c70-4c49-9810-ab730ed677d1,사랑회요,일식,동홍8번가 골목형상점가,골목형상점가,제주특별자치도,,,
e674cb2374e1b4c9badf,full_annotation_v1,A,q_의료_09,의요,건강·의료 중 '의료'를 판매·제공하는 매장,test,의료,T6 기계변형,82b09f1e-d24e-4f56-b846-b353a452adcf,본가맛죽,죽전문점,메트로센터(반월당지하쇼핑),일반지하상점가,대구광역시,,,
e070331581a41a44b335,full_annotation_v1,A,q_의료_09,의요,건강·의료 중 '의료'를 판매·제공하는 매장,test,의료,T6 기계변형,0083c935-4cf1-4856-831b-5e623fcb71ac,봄봄이비인후과의원,의료서비스,고운동상점가,자율상권구역,세종특별자치시,,,
f6f9885a5a327fe33416,full_annotation_v1,A,q_의료_09,의요,건강·의료 중 '의료'를 판매·제공하는 매장,test,의료,T6 기계변형,015581d9-c8ed-4019-8394-b40334aa8607,파슷타애요,양식 음식,죽전동 상생 골목형상점가,골목형상점가,경기도,,,
fbe2f50129c445a64562,full_annotation_v1,A,q_의료_09,의요,건강·의료 중 '의료'를 판매·제공하는 매장,test,의료,T6 기계변형,787b74cb-cf9d-43a3-99c3-17072c7a6068,꾸다요,,금호1동상가번영회 골목형상점가,골목형상점가,,,,
8096652260172b2d358f,full_annotation_v1,A,q_의료_09,의요,건강·의료 중 '의료'를 판매·제공하는 매장,test,의료,T6 기계변형,c6fc3438-eb3a-47ba-a00e-b64cd3b3782a,유창건강원,건강즙,독산동 우시장,자율상권구역,서울특별시,,,
135fb6b802c8fdef93cc,full_annotation_v1,A,q_의료_09,의요,건강·의료 중 '의료'를 판매·제공하는 매장,test,의료,T6 기계변형,29eacef8-4b11-4cd7-9815-192b98380680,올라운드휘트니스 신세계점,헬스장,광주캠코앞상인회 골목형상점가,골목형상점가,광주광역시,,,
b218c4c5d3d9edd81ff7,full_annotation_v1,A,q_의료_09,의요,건강·의료 중 '의료'를 판매·제공하는 매장,test,의료,T6 기계변형,655238ff-d958-4333-a12f-cfe20f11a21a,램프의요정,미용,"일곡동(제4지역:쌍용,호반,청솔2,호반일신,청솔1)",골목형상점가,광주광역시,,,
7cff0fec602b8526769e,full_annotation_v1,A,q_의료_09,의요,건강·의료 중 '의료'를 판매·제공하는 매장,test,의료,T6 기계변형,696aea41-b340-4d87-844a-f28104f808b1,도요,의류,북촌계동길골목형상점가,골목형상점가,서울특별시,,,
5d3ef63e5b7cf5ea892b,full_annotation_v1,A,q_의료_09,의요,건강·의료 중 '의료'를 판매·제공하는 매장,test,의료,T6 기계변형,1cbf2859-5d2a-454f-924e-a61545c6221a,또와요,의류,양동복개상가,전통시장,광주광역시,,,
8658be91b1d032360608,full_annotation_v1,A,q_의료_09,의요,건강·의료 중 '의료'를 판매·제공하는 매장,test,의료,T6 기계변형,00962f54-90e0-479e-84a4-3f6e6f6515ec,비쥬여성산부인과의원,의료,운수대통 골목형상점가,골목형상점가,광주광역시,,,
9530f6497599034bf25f,full_annotation_v1,A,q_의료_09,의요,건강·의료 중 '의료'를 판매·제공하는 매장,test,의료,T6 기계변형,9a2e6992-2d52-41ea-aced-4cec19db5247,탐나요,의류,군산 원도심 골목형상점가,골목형상점가,전북특별자치도,,,
3b2ab03dd89834660c46,full_annotation_v1,A,q_의료_09,의요,건강·의료 중 '의료'를 판매·제공하는 매장,test,의료,T6 기계변형,6a9feb7e-ea67-47cf-9cee-6c3280fed4a3,고산요,,예스파크 상점가,자율상권구역,경기도,,,
8675f2e64e030b867e2f,full_annotation_v1,A,q_의료_09,의요,건강·의료 중 '의료'를 판매·제공하는 매장,test,의료,T6 기계변형,01b5432d-9420-483d-8da1-210127e3bb61,다사랑패밀리의원,내과 이비인후과 소아과,다사역 골목형상점가,골목형상점가,대구광역시,,,
f4caeb8528b645bbf63e,full_annotation_v1,A,q_의료_09,의요,건강·의료 중 '의료'를 판매·제공하는 매장,test,의료,T6 기계변형,067cdb1a-af4f-412e-b249-18ba9cde846b,반석내과영상의학과의원,내과 영상의학과,반석동 골목형상점가,골목형상점가,대전광역시,,,
9f62f77f2961e474f2d1,full_annotation_v1,A,q_의료_09,의요,건강·의료 중 '의료'를 판매·제공하는 매장,test,의료,T6 기계변형,997ceaae-c15f-44de-adfa-0334bcd0cff7,마음고요,요가,선유로운골목형상점가,골목형상점가,서울특별시,,,
ce2306f11eb407c67714,full_annotation_v1,A,q_의료_09,의요,건강·의료 중 '의료'를 판매·제공하는 매장,test,의료,T6 기계변형,00523307-cc4c-4b0c-8b2f-176ca7450d24,오름한의원,한의원,아차산등산로골목형상점가,골목형상점가,서울특별시,,,
727318d6e9f526f7712e,full_annotation_v1,A,q_의료_09,의요,건강·의료 중 '의료'를 판매·제공하는 매장,test,의료,T6 기계변형,31ea3556-c10d-495c-bbb0-9840dfbbc0b2,세종복지용구,의요기기,도담동 골목형상점가,골목형상점가,세종특별자치시,,,
09916fd4a634edc6c72d,full_annotation_v1,A,q_의료_09,의요,건강·의료 중 '의료'를 판매·제공하는 매장,test,의료,T6 기계변형,00538958-226f-4338-8542-1fd9df6996d4,새현대치과,의료,매곡 가인 골목형상점가,골목형상점가,광주광역시,,,
44c5f2376f88ec5ae99a,full_annotation_v1,A,q_의료_09,의요,건강·의료 중 '의료'를 판매·제공하는 매장,test,의료,T6 기계변형,4aea8761-32be-46fa-9705-a07e1182adae,헤어 salon 0320,미용,부산대자율상권구역,기타,부산광역시,,,
a0ed0087ccd2596ba234,full_annotation_v1,A,q_의료_09,의요,건강·의료 중 '의료'를 판매·제공하는 매장,test,의료,T6 기계변형,00192f22-a492-4ba5-a62d-65bf0d0ec7b9,큰물한의원,한의원,전주서곡 골목형상점가,골목형상점가,전북특별자치도,,,
b04da782608d85527ae7,full_annotation_v1,A,q_의료_09,의요,건강·의료 중 '의료'를 판매·제공하는 매장,test,의료,T6 기계변형,00427918-a4b0-485e-ab42-62ebce752f92,유디해운대치과의원,의료,영풍리젠시 골목형상점가,골목형상점가,부산광역시,,,
2736428a6ba6d4728038,full_annotation_v1,A,q_의료_09,의요,건강·의료 중 '의료'를 판매·제공하는 매장,test,의료,T6 기계변형,32743d95-ea47-472a-8868-042721eba953,아히요,의류,제일평화시장,전통시장,서울특별시,,,
c7638b4b66604067e2de,full_annotation_v1,A,q_의료_09,의요,건강·의료 중 '의료'를 판매·제공하는 매장,test,의료,T6 기계변형,030d2cd2-d4d8-4ee8-bd1e-b3a1e71138d1,상문동물병원,동물병원,거제 상동 골목형상점가,골목형상점가,경상남도,,,
502c0cc0fd1cfaae3084,full_annotation_v1,A,q_의료_09,의요,건강·의료 중 '의료'를 판매·제공하는 매장,test,의료,T6 기계변형,7329ce4f-0142-4309-943b-1ae5c13df4b6,돼지만팔아요,축산물,제일시장,전통시장,인천광역시,,,
1bd386991d4a69bc53b5,full_annotation_v1,A,q_의료_09,의요,건강·의료 중 '의료'를 판매·제공하는 매장,test,의료,T6 기계변형,0040b4e6-7b74-4175-b54d-add4fe693d49,메디팜보명당약국,"의약품, 의료욕구, 복지욕구, 의료기기",점촌역전상점가,자율상권구역,경상북도,,,
052d55f638d845e205b9,full_annotation_v1,A,q_의료_09,의요,건강·의료 중 '의료'를 판매·제공하는 매장,test,의료,T6 기계변형,fb013cd3-b96a-4e31-9b31-2540f7342e09,마요,의류,마륵동상인회 골목형상점가,골목형상점가,광주광역시,,,
27a6b4cd1787730c2ea8,full_annotation_v1,A,q_의료_09,의요,건강·의료 중 '의료'를 판매·제공하는 매장,test,의료,T6 기계변형,c74048a2-ac90-4661-80af-f618fc6ea0ac,동광요,도자기,사기막골도자기시장(구 사기막골도예촌재래시장),전통시장,경기도,,,
32f594c283b3a9403754,full_annotation_v1,A,q_의료_09,의요,건강·의료 중 '의료'를 판매·제공하는 매장,test,의료,T6 기계변형,036ef24a-2d53-4dd1-9bbd-6d0c2a81dd24,바른동물병원,수의 동물병원,송도랜드마크시티 센트럴더샵 골목형상점가,골목형상점가,인천광역시,,,
420eb435c6075c541719,full_annotation_v1,A,q_의료_09,의요,건강·의료 중 '의료'를 판매·제공하는 매장,test,의료,T6 기계변형,0523ac8a-ccc1-4de0-8cbe-3505b597174b,새우새요,새우,도남시장,전통시장,제주특별자치도,,,
d1d139cafcb125a20f92,full_annotation_v1,A,q_의료_09,의요,건강·의료 중 '의료'를 판매·제공하는 매장,test,의료,T6 기계변형,23e644ba-da00-4834-a23b-f96cff549ab5,굽네치킨,치킨,효천2지구 골목형상점가,골목형상점가,광주광역시,,,
834b15c9e7fe98f3a0de,full_annotation_v1,A,q_의료_09,의요,건강·의료 중 '의료'를 판매·제공하는 매장,test,의료,T6 기계변형,776515b0-d0fd-4628-977f-3cdf472aa6d3,시장떡집,떡류,음성시장,전통시장,충청북도,,,
cad3e6b4c747520b71ce,full_annotation_v1,A,q_의료_09,의요,건강·의료 중 '의료'를 판매·제공하는 매장,test,의료,T6 기계변형,86cd4f32-2ed6-4d99-ac18-d0a1c5c7fe32,개인의취향,의류,창원 성원그랜드쇼핑상가,전통시장,경상남도,,,
59d11afd4d0c119d8932,full_annotation_v1,A,q_의료_09,의요,건강·의료 중 '의료'를 판매·제공하는 매장,test,의료,T6 기계변형,00fdab59-58f8-4c63-8765-30cb59a78156,도안프라임치과의원,치과진료,목원대 골목형상점가,골목형상점가,대전광역시,,,
1378cfd87ec1b25f470e,full_annotation_v1,A,q_의료_09,의요,건강·의료 중 '의료'를 판매·제공하는 매장,test,의료,T6 기계변형,a8de5b3f-eb02-4c8a-866b-6797fd8e11f8,이유를 묻지마세요,의류,동송전통시장,전통시장,강원특별자치도,,,
054cac1190522c55a456,full_annotation_v1,A,q_의료_09,의요,건강·의료 중 '의료'를 판매·제공하는 매장,test,의료,T6 기계변형,f31b378a-86a6-4daa-91a1-a0660a5fa1ca,로원요,도자기,예스파크 상점가,자율상권구역,경기도,,,
63e5ed243b1f1275c058,full_annotation_v1,A,q_의료_09,의요,건강·의료 중 '의료'를 판매·제공하는 매장,test,의료,T6 기계변형,e2d0818f-7599-4139-a4fd-56dda83f57dd,반찬없음밥못먹어요,반찬,부사시장,전통시장,대전광역시,,,
7214448dd7844a0b17fb,full_annotation_v1,A,q_의료_09,의요,건강·의료 중 '의료'를 판매·제공하는 매장,test,의료,T6 기계변형,01e01dc9-a690-442d-a992-0716da4fc86a,소나무한의원,한의진료서비스,수완하나로 골목형상점가,골목형상점가,광주광역시,,,
5003dd131daa4a07b6d4,full_annotation_v1,A,q_의료_09,의요,건강·의료 중 '의료'를 판매·제공하는 매장,test,의료,T6 기계변형,005f6f1a-ae3e-47a8-9298-8c7cae082531,삼선의원,일반의원,광복마을3-4길 골목형상점가,골목형상점가,광주광역시,,,
f5e38d07d6a5fce6e374,full_annotation_v1,A,q_의료_09,의요,건강·의료 중 '의료'를 판매·제공하는 매장,test,의료,T6 기계변형,013526b7-d35c-404e-93d1-3a112d8de0c6,아이생각소아청소년과의원,진료비,신용동 골목형상점가,골목형상점가,광주광역시,,,
878ec5d714e35986ebdd,full_annotation_v1,A,q_의료_09,의요,건강·의료 중 '의료'를 판매·제공하는 매장,test,의료,T6 기계변형,77da1942-045d-433b-b18d-fef854c8eff1,소요,공예,엄사 골목형상점가,골목형상점가,충청남도,,,
3bddb51f1aa95ee075bd,full_annotation_v1,A,q_의료_09,의요,건강·의료 중 '의료'를 판매·제공하는 매장,test,의료,T6 기계변형,839c778d-81cc-4f4a-815f-1f19a491d20c,얼마예요 수산,어패류활어,군산수산물종합센터,전통시장,전북특별자치도,,,
7c87f07f7579c5aa9322,full_annotation_v1,A,q_의료_09,의요,건강·의료 중 '의료'를 판매·제공하는 매장,test,의료,T6 기계변형,0056dcd4-0ac0-4535-9ee5-c8fd19d8ff14,중화한의원,한의원,보령한내시장,전통시장,충청남도,,,
07d46c4210af654f3e26,full_annotation_v1,A,q_의료_09,의요,건강·의료 중 '의료'를 판매·제공하는 매장,test,의료,T6 기계변형,828d32da-51ed-4977-a02c-e63d4a6d4dda,봉강요,도자기,백년소상공인,기타,전북특별자치도,,,
4260404a202d22ab4d96,full_annotation_v1,A,q_의료_09,의요,건강·의료 중 '의료'를 판매·제공하는 매장,test,의료,T6 기계변형,01685422-fc8d-4a6e-b5c2-369795abfa6c,또맛나요,분식,더불어용두 골목형상점가,골목형상점가,광주광역시,,,
f5f30d6dda01887e47e0,full_annotation_v1,A,q_의료_09,의요,건강·의료 중 '의료'를 판매·제공하는 매장,test,의료,T6 기계변형,b1cbba1e-053b-4504-802a-7cbab4ce3022,네일봐요,피부미용,문흥1동 골목형상점가,골목형상점가,광주광역시,,,
22607110e83a4ea73b06,full_annotation_v1,A,q_의료_09,의요,건강·의료 중 '의료'를 판매·제공하는 매장,test,의료,T6 기계변형,5890d62f-ff9e-4710-a154-e1a900a62f8c,경주직물,직물,부산진시장,전통시장,부산광역시,,,
d49f568b008759574769,full_annotation_v1,A,q_의료_09,의요,건강·의료 중 '의료'를 판매·제공하는 매장,test,의료,T6 기계변형,e4fe73f0-a561-4496-a6d7-6fa5b2ec15da,필라테스 숲,평생교육시설운영,부산대자율상권구역,기타,부산광역시,,,
1a2c6d8f1a8cce6b67cd,full_annotation_v1,A,q_의료_09,의요,건강·의료 중 '의료'를 판매·제공하는 매장,test,의료,T6 기계변형,2bc3c3b5-9d10-4bd8-9ecf-b6f7a9eeb84d,땡기요,한식,송내영화의거리 골목형상점가,골목형상점가,경기도,,,
d6fedc2ab3163b6ea9b0,full_annotation_v1,A,q_의료_09,의요,건강·의료 중 '의료'를 판매·제공하는 매장,test,의료,T6 기계변형,0286c595-5d7f-49db-876a-6959d52a7d39,서울더원플러스치과,치과진료,남성역 골목시장,전통시장,서울특별시,,,
f96f037dcd9ab830ee62,full_annotation_v1,A,q_의료_09,의요,건강·의료 중 '의료'를 판매·제공하는 매장,test,의료,T6 기계변형,0006edf8-62da-4c5d-8bed-80e32a855936,e-바른치과의원,병원,금화로상인회 골목형상점가,골목형상점가,광주광역시,,,
be411bb5d9e8a8f02b4a,full_annotation_v1,A,q_의료_09,의요,건강·의료 중 '의료'를 판매·제공하는 매장,test,의료,T6 기계변형,ea78f1de-a7c1-4edf-9683-b63a9d62f035,다인요,,사기막골도자기시장(구 사기막골도예촌재래시장),전통시장,경기도,,,
1ddbe6c7d2a23d150778,full_annotation_v1,A,q_의료_09,의요,건강·의료 중 '의료'를 판매·제공하는 매장,test,의료,T6 기계변형,5009e119-56b3-48b6-9bce-9e522bd35353,꽃길만 걸어요,커피,강진마량 횟집거리 상점가,골목형상점가,전라남도,,,
c1ef102f3051f2127c8f,full_annotation_v1,A,q_의료_09,의요,건강·의료 중 '의료'를 판매·제공하는 매장,test,의료,T6 기계변형,072ed95f-4c7c-4962-bdca-87c8558de161,한신내과,내과,여의동 골목형상점가,골목형상점가,전북특별자치도,,,
e62b864dd4da46b48932,full_annotation_v1,A,q_의료_09,의요,건강·의료 중 '의료'를 판매·제공하는 매장,test,의료,T6 기계변형,5f507a6b-19e7-4417-9d43-4f2983e572f8,스시타이요,일식,삼정코아 골목형상점가,골목형상점가,부산광역시,,,
d2c5caaea9df8ff409bc,full_annotation_v1,A,q_의료_09,의요,건강·의료 중 '의료'를 판매·제공하는 매장,test,의료,T6 기계변형,f2f3c469-d06e-48a6-b568-0191ac6663a4,별미밥상,한식,전주우성타운 골목형상점가,골목형상점가,전북특별자치도,,,
40b62d95ab1917d1362f,full_annotation_v1,A,q_의료_09,의요,건강·의료 중 '의료'를 판매·제공하는 매장,test,의료,T6 기계변형,01225d66-8811-407d-9bce-43e4dbb97e1c,조일한의원,한의원 진료 서비스,칠성상가시장,전통시장,대구광역시,,,
6c298b3cfc6964897944,full_annotation_v1,A,q_의료_09,의요,건강·의료 중 '의료'를 판매·제공하는 매장,test,의료,T6 기계변형,3edf3502-6946-4812-9c22-6549c9416308,맛나요 식당,,논산화지중앙시장,전통시장,충청남도,,,
9645bd607fd2bb15096d,full_annotation_v1,A,q_의료_09,의요,건강·의료 중 '의료'를 판매·제공하는 매장,test,의료,T6 기계변형,056051e6-c0e1-4402-b967-242217ff89ba,임명수 내과,내과,일곡동 골목형상점가,골목형상점가,광주광역시,,,
dd5353f17a65e3691bcc,full_annotation_v1,A,q_의료_09,의요,건강·의료 중 '의료'를 판매·제공하는 매장,test,의료,T6 기계변형,060aae68-f578-4c60-9b94-38f3e3b9c9b6,회는 여기요,,경창시장,전통시장,서울특별시,,,
54425f47bc7821306507,full_annotation_v1,A,q_의료_09,의요,건강·의료 중 '의료'를 판매·제공하는 매장,test,의료,T6 기계변형,82dbdd0b-9e78-4db0-a532-bfbb82f72423,풍요,한식,통진시장,전통시장,경기도,,,
a2036c936543f957dec2,full_annotation_v1,A,q_의료_09,의요,건강·의료 중 '의료'를 판매·제공하는 매장,test,의료,T6 기계변형,81e51282-8b39-4a71-9f11-208a6e2b558b,서요,음식,인동로데오상가,골목형상점가,경상북도,,,
ec6906a51032a8c96a34,full_annotation_v1,A,q_의료_09,의요,건강·의료 중 '의료'를 판매·제공하는 매장,test,의료,T6 기계변형,47caaa7f-bdd7-4695-8dd1-f465f4cd57bb,카페지요,카페,광천동상인회 골목형상점가,골목형상점가,광주광역시,,,
635c5c47a7f3c3264c43,full_annotation_v1,A,q_의료_09,의요,건강·의료 중 '의료'를 판매·제공하는 매장,test,의료,T6 기계변형,d9b4e06a-52ef-4a0b-9e0d-759661e238bb,귀단요 성탄송운,도자기,백년소상공인,기타,경상북도,,,
709ee600c368a5e3700c,full_annotation_v1,A,q_의료_09,의요,건강·의료 중 '의료'를 판매·제공하는 매장,test,의료,T6 기계변형,3302ddeb-8963-4724-800d-adf459e10ab3,요기김밥있어요,,잠실 장미종합상가 골목형상점가,골목형상점가,서울특별시,,,
7fa75371683867d3751e,full_annotation_v1,A,q_의료_09,의요,건강·의료 중 '의료'를 판매·제공하는 매장,test,의료,T6 기계변형,012ea1f6-bb18-4f60-811e-1858d1f8fb85,서울삼성내과,병원,장자호수공원 골목형상점가,골목형상점가,경기도,,,
8cae79fbfce940ecf0ad,full_annotation_v1,A,q_의료_09,의요,건강·의료 중 '의료'를 판매·제공하는 매장,test,의료,T6 기계변형,8c6fa82f-0d35-4dd8-a9a2-5c4afaecbc15,엘린의요가,요가 수업 지도,보정중심 골목형상점가,골목형상점가,경기도,,,
8727c1085d3a7447e78c,full_annotation_v1,A,q_의료_09,의요,건강·의료 중 '의료'를 판매·제공하는 매장,test,의료,T6 기계변형,549fc167-03fa-4092-850e-24da4c53081a,카페요,커피,금메달 양산택지로 골목형상점가,골목형상점가,광주광역시,,,
f9031ead58b43d6153bf,full_annotation_v1,A,q_의료_09,의요,건강·의료 중 '의료'를 판매·제공하는 매장,test,의료,T6 기계변형,53c697aa-bde8-4277-b3f7-f47affd4c672,비비드모짜르트,음식점업,통인시장,전통시장,서울특별시,,,
6c9366a3cb7ba3757820,full_annotation_v1,A,q_의료_09,의요,건강·의료 중 '의료'를 판매·제공하는 매장,test,의료,T6 기계변형,3ebd4c52-a7a2-4c90-92ed-459d4bbd8041,최가을헤어드레서,미용,효천2지구 골목형상점가,골목형상점가,광주광역시,,,
0949400a7b7c248f0828,full_annotation_v1,A,q_의료_09,의요,건강·의료 중 '의료'를 판매·제공하는 매장,test,의료,T6 기계변형,054d77ec-b17b-4ed9-9322-6f9060ce3d53,현소아청소년과의원,소아과 내과,일곡동 골목형상점가,골목형상점가,광주광역시,,,
b1e0a315f40b0ae0334e,full_annotation_v1,A,q_의류_01,의류,패션·잡화 중 '의류'를 판매·제공하는 매장,train,의류,T1 정확표기,1e9402f4-4eb9-4294-a7e2-1a54e4c72da1,로닌,의류,은행동상점가(구 으능정이상점가),자율상권구역,대전광역시,,,
8cf0909fcc9cb136c2f4,full_annotation_v1,A,q_의류_01,의류,패션·잡화 중 '의류'를 판매·제공하는 매장,train,의류,T1 정확표기,4c6668f2-b448-46fc-b823-d760ddae8d77,의류,의류,(유)다사소상공인연합,골목형상점가,대구광역시,,,
adf0cbf8d9194da5f46f,full_annotation_v1,A,q_의류_01,의류,패션·잡화 중 '의류'를 판매·제공하는 매장,train,의류,T1 정확표기,5a7b1ce8-a9d0-413e-b9de-ba946df89b9b,올리브,의류,교동시장1길 상점가,자율상권구역,대구광역시,,,
97c75bd9e40230f1c958,full_annotation_v1,A,q_의류_01,의류,패션·잡화 중 '의류'를 판매·제공하는 매장,train,의류,T1 정확표기,04aacab6-be8f-4470-b58d-33d49bec0a4f,한스,도소매(기성복),통일상가,전통시장,서울특별시,,,
28e257580f75632e1373,full_annotation_v1,A,q_의류_01,의류,패션·잡화 중 '의류'를 판매·제공하는 매장,train,의류,T1 정확표기,d6c303f6-6fc3-4875-9038-d1cab4e1c4c6,미셈,의류,서문시장2지구 종합상가,전통시장,대구광역시,,,
9ea62e043d32bb3b2ba0,full_annotation_v1,A,q_의류_01,의류,패션·잡화 중 '의류'를 판매·제공하는 매장,train,의류,T1 정확표기,c20fbbde-1985-4bf0-9919-1965ceb45dd9,입꼬시퍼(의류),소매(의류),신영시장,전통시장,서울특별시,,,
acbd248aa86ad0c6d680,full_annotation_v1,A,q_의류_01,의류,패션·잡화 중 '의류'를 판매·제공하는 매장,train,의류,T1 정확표기,3fbc9a3d-3684-49ab-bf09-52a5477cdc5f,만원샵,의류,익산매일시장,전통시장,전북특별자치도,,,
ea5e62afe56eced8c0a4,full_annotation_v1,A,q_의류_01,의류,패션·잡화 중 '의류'를 판매·제공하는 매장,train,의류,T1 정확표기,05e6b9e7-3971-4a4f-b541-26089f913728,민지의상실,수선,제천중앙시장,전통시장,충청북도,,,
9a30baac202927e1a59a,full_annotation_v1,A,q_의류_01,의류,패션·잡화 중 '의류'를 판매·제공하는 매장,train,의류,T1 정확표기,eafae386-a581-4af7-a993-431107e58a19,이삔옷,의류,광복마을5길 골목형상점가,골목형상점가,광주광역시,,,
61e0e1f78df47ecbaac4,full_annotation_v1,A,q_의류_01,의류,패션·잡화 중 '의류'를 판매·제공하는 매장,train,의류,T1 정확표기,8add3c4b-a719-4d2b-bdf1-e28cf4b4e219,중앙신발낚시용품,신발낚시용품,세종대평시장,전통시장,세종특별자치시,,,
4b145df76c3d349c78db,full_annotation_v1,A,q_의류_01,의류,패션·잡화 중 '의류'를 판매·제공하는 매장,train,의류,T1 정확표기,12e9b4c6-59aa-41b2-b4e1-267c2d66140a,M 의류,의류,큰방림길 골목형상점가,골목형상점가,광주광역시,,,
88c1314ef112e0392d74,full_annotation_v1,A,q_의류_01,의류,패션·잡화 중 '의류'를 판매·제공하는 매장,train,의류,T1 정확표기,8260ed0d-2feb-4fd6-87df-fa2eb971a85e,올리브,의류,과천새서울프라자시장,전통시장,경기도,,,
4fac58e9450fa2c236a3,full_annotation_v1,A,q_의류_01,의류,패션·잡화 중 '의류'를 판매·제공하는 매장,train,의류,T1 정확표기,011975e6-5c12-42c3-9d7d-81f8eba753c7,러브아트,홈패션,공주산성시장,전통시장,충청남도,,,
652c8517e681a840d798,full_annotation_v1,A,q_의류_01,의류,패션·잡화 중 '의류'를 판매·제공하는 매장,train,의류,T1 정확표기,864aff10-d4a5-406e-88c6-471ceb2a6767,올리브,의류,부산자유시장,전통시장,부산광역시,,,
7bba21daf4b0f4e98415,full_annotation_v1,A,q_의류_01,의류,패션·잡화 중 '의류'를 판매·제공하는 매장,train,의류,T1 정확표기,7cd5a2a9-6ed4-48a0-b8cc-1d1450972711,올리브,의류,창원 대동그린코아상가,전통시장,경상남도,,,
7930cb1f6967f96f88de,full_annotation_v1,A,q_의류_01,의류,패션·잡화 중 '의류'를 판매·제공하는 매장,train,의류,T1 정확표기,9ccad040-ee26-41e6-8443-3c0c29f3797b,올리브,의류,인현지하도상가,일반지하상점가,인천광역시,,,
89242f4c1c61d9ecf659,full_annotation_v1,A,q_의류_01,의류,패션·잡화 중 '의류'를 판매·제공하는 매장,train,의류,T1 정확표기,05291547-c22d-430e-95c2-e31bda19a90a,슈퍼타이 본점,세탁,월드시티상가 골목형상점가,골목형상점가,울산광역시,,,
638cdc37663a9cd98cf8,full_annotation_v1,A,q_의류_01,의류,패션·잡화 중 '의류'를 판매·제공하는 매장,train,의류,T1 정확표기,a0404d3b-1187-4e5c-bac4-a91b64338f95,그믐,의류,여수진남상가,자율상권구역,전라남도,,,
f2e6100c5174adbbce24,full_annotation_v1,A,q_의류_01,의류,패션·잡화 중 '의류'를 판매·제공하는 매장,train,의류,T1 정확표기,c7526199-2bdf-43e8-b788-01a2f08b37d8,챞,의류,청계6가 지하쇼핑센터,일반지하상점가,서울특별시,,,
b70c9d8aeb8d023eb9c7,full_annotation_v1,A,q_의류_01,의류,패션·잡화 중 '의류'를 판매·제공하는 매장,train,의류,T1 정확표기,0304511e-62e7-4e31-8d19-61a115ffaa76,깔롱쟁이,의복,봉선1로 골목형상점가,골목형상점가,광주광역시,,,
9692cb82e1f1aeaeb363,full_annotation_v1,A,q_의류_01,의류,패션·잡화 중 '의류'를 판매·제공하는 매장,train,의류,T1 정확표기,4db9e9f7-ce82-4439-bc36-7391e62a1c75,올리브#,의류,제주시민속오일시장,전통시장,제주특별자치도,,,
03da32dc2f1c8412397e,full_annotation_v1,A,q_의류_01,의류,패션·잡화 중 '의류'를 판매·제공하는 매장,train,의류,T1 정확표기,f098ba24-7898-421c-90a0-41782d9d7b79,올리브,의류,은마종합상점가,자율상권구역,서울특별시,,,
7fab1fea0ec996377ee4,full_annotation_v1,A,q_의류_01,의류,패션·잡화 중 '의류'를 판매·제공하는 매장,train,의류,T1 정확표기,ca59cf07-b74f-4fdf-81fe-06a1ededefc9,오렌즈 안양점,안경 및 콘텍트렌즈,안양1번가 상점가,자율상권구역,경기도,,,
e6b644146ad5ad619d41,full_annotation_v1,A,q_의류_01,의류,패션·잡화 중 '의류'를 판매·제공하는 매장,train,의류,T1 정확표기,2d9a91df-c256-4726-9e01-9e491c7b297a,블루,옷가게,전주중앙상가시장,전통시장,전북특별자치도,,,
c7c2d7752918aed00d5d,full_annotation_v1,A,q_의류_01,의류,패션·잡화 중 '의류'를 판매·제공하는 매장,train,의류,T1 정확표기,7b297637-e4fa-4bc7-aa82-d65ac9b228ee,쭘마,의류,전주중앙상가시장,전통시장,전북특별자치도,,,
b02fd9130b182e964393,full_annotation_v1,A,q_의류_01,의류,패션·잡화 중 '의류'를 판매·제공하는 매장,train,의류,T1 정확표기,033fc658-a256-42a6-8ebf-24763bc43ba1,신광컴퓨터세탁소,세탁소,대야 골목형상점가,골목형상점가,전북특별자치도,,,
cdb806770043a0ecb7a7,full_annotation_v1,A,q_의류_01,의류,패션·잡화 중 '의류'를 판매·제공하는 매장,train,의류,T1 정확표기,4dc6dcc0-08bf-48ce-a016-c75c4e64780a,일공사104,의류,동산상가,전통시장,대구광역시,,,
69020df3c738a67ae218,full_annotation_v1,A,q_의류_01,의류,패션·잡화 중 '의류'를 판매·제공하는 매장,train,의류,T1 정확표기,bc59f180-160c-42fa-bed5-11e12133ef83,랠리,의류,풍2동 골목형상점가,골목형상점가,경기도,,,
0b3466dc79999ce6d329,full_annotation_v1,A,q_의류_01,의류,패션·잡화 중 '의류'를 판매·제공하는 매장,train,의류,T1 정확표기,d4ea4339-0242-4be4-b3db-aaaf61c55463,스쟈타,의류,아트프라자,자율상권구역,서울특별시,,,
3366b34963c557d610a2,full_annotation_v1,A,q_의류_01,의류,패션·잡화 중 '의류'를 판매·제공하는 매장,train,의류,T1 정확표기,b650f420-1470-4857-8085-1b276a41383d,복만수산,수산물,봉리단길골목형상점가,골목형상점가,서울특별시,,,
d2339dec96cce64e5a4a,full_annotation_v1,A,q_의류_01,의류,패션·잡화 중 '의류'를 판매·제공하는 매장,train,의류,T1 정확표기,416a7b5e-109e-41af-a53a-1a52a832d666,경신상회,옷자재부품,서문시장아진상가,전통시장,대구광역시,,,
70106f3436b8e60d91f5,full_annotation_v1,A,q_의류_01,의류,패션·잡화 중 '의류'를 판매·제공하는 매장,train,의류,T1 정확표기,03a58cd8-1705-4bf2-8be7-3a160d1c25df,중앙수선,의복수선,중앙도매시장,전통시장,대전광역시,,,
61f3ba734c265548d905,full_annotation_v1,A,q_의류_01,의류,패션·잡화 중 '의류'를 판매·제공하는 매장,train,의류,T1 정확표기,4ee0118b-3219-485b-8538-6e958774ade5,놈앤놈스,의류,천안신부문화거리상점가,자율상권구역,충청남도,,,
08e929a0d9a346fe7373,full_annotation_v1,A,q_의류_01,의류,패션·잡화 중 '의류'를 판매·제공하는 매장,train,의류,T1 정확표기,026c5d57-26e4-48c1-a181-862bcda8df43,블럭팡 아산탕정점,장난감,한들물빛도시 골목형 상점가,골목형상점가,충청남도,,,
9145258ca80e2bdb9b2c,full_annotation_v1,A,q_의류_01,의류,패션·잡화 중 '의류'를 판매·제공하는 매장,train,의류,T1 정확표기,bb59470d-477d-4f66-b99f-b879f2c9b4b1,속옷나라,의류,밤고개자연시장(내덕자연시장),전통시장,충청북도,,,
85b4dde47a6a15509551,full_annotation_v1,A,q_의류_01,의류,패션·잡화 중 '의류'를 판매·제공하는 매장,train,의류,T1 정확표기,7089e7dd-32ce-42a0-8a4b-86eb2232951b,풍경,의류,군산공설시장,전통시장,전북특별자치도,,,
ca05b02acc85f8d55ded,full_annotation_v1,A,q_의류_01,의류,패션·잡화 중 '의류'를 판매·제공하는 매장,train,의류,T1 정확표기,09b55ffd-48d2-4cf4-a1d9-1d13cc7a7de7,오리온,기성복,남대문시장,전통시장,서울특별시,,,
b2bf60cd828ae6eabf53,full_annotation_v1,A,q_의류_01,의류,패션·잡화 중 '의류'를 판매·제공하는 매장,train,의류,T1 정확표기,962ce0b0-4904-4446-8b48-fb550039c667,은좌의류,의류,모래내시장,전통시장,서울특별시,,,
7868393f23c985d34305,full_annotation_v1,A,q_의류_01,의류,패션·잡화 중 '의류'를 판매·제공하는 매장,train,의류,T1 정확표기,19302821-2b5d-4d61-860c-0328418dc8e2,또와,기성복,아트프라자,자율상권구역,서울특별시,,,
60831c42ff44fcb3f824,full_annotation_v1,A,q_의류_01,의류,패션·잡화 중 '의류'를 판매·제공하는 매장,train,의류,T1 정확표기,3375892e-2c82-4a70-a2b8-7ebd6e79eb08,라녹스,의류,서면지하도상가 부전몰,일반지하상점가,부산광역시,,,
ea3c34e3c3f9602ce7fb,full_annotation_v1,A,q_의류_01,의류,패션·잡화 중 '의류'를 판매·제공하는 매장,train,의류,T1 정확표기,3f54d9b7-8760-4a18-bafc-89b2a8870889,고을수제비,한식,시티프라자골목형상점가,골목형상점가,전라남도,,,
0400022cc7f2a421fcdf,full_annotation_v1,A,q_의류_01,의류,패션·잡화 중 '의류'를 판매·제공하는 매장,train,의류,T1 정확표기,7245b17b-2159-4386-9839-d30931049d57,올리브,의류,마산 부림지하상가시장,일반지하상점가,경상남도,,,
3ab018983bb9476ca2cb,full_annotation_v1,A,q_의류_01,의류,패션·잡화 중 '의류'를 판매·제공하는 매장,train,의류,T1 정확표기,378a9fde-71b6-4c98-bc6c-e51749e88942,뽀숑,의류,테크노상가,전통시장,서울특별시,,,
9bf69a6d8cf879ebeec2,full_annotation_v1,A,q_의류_01,의류,패션·잡화 중 '의류'를 판매·제공하는 매장,train,의류,T1 정확표기,f55b7c11-c9e3-433a-b571-14e8994c85f7,레이디,의류,평화시장,전통시장,서울특별시,,,
e6f8f4e7635e7d246d27,full_annotation_v1,A,q_의류_01,의류,패션·잡화 중 '의류'를 판매·제공하는 매장,train,의류,T1 정확표기,ad77ba1b-a8d0-4dc5-b106-b63cd89ae7b1,프레피,"의류, 전자상거래(의류)",부산진시장,전통시장,부산광역시,,,
059b7d122d9347573996,full_annotation_v1,A,q_의류_01,의류,패션·잡화 중 '의류'를 판매·제공하는 매장,train,의류,T1 정확표기,023923b8-1217-420d-94da-1dbed6318c95,두올수선,옷수선,부평대아지하상점가,일반지하상점가,인천광역시,,,
78638bb879b992038a87,full_annotation_v1,A,q_의류_01,의류,패션·잡화 중 '의류'를 판매·제공하는 매장,train,의류,T1 정확표기,00172c94-61f0-4197-afeb-d7e8187c79b5,옷이예쁘다,의류,메트로센터(반월당지하쇼핑),일반지하상점가,대구광역시,,,
cb5a0f1f5e09bf1e0f14,full_annotation_v1,A,q_의류_01,의류,패션·잡화 중 '의류'를 판매·제공하는 매장,train,의류,T1 정확표기,7abe9bfa-9293-4295-b2b1-309393c65058,올킬,의류,부산대자율상권구역,,부산광역시,,,
59a18ef53fea1711df5c,full_annotation_v1,A,q_의류_01,의류,패션·잡화 중 '의류'를 판매·제공하는 매장,train,의류,T1 정확표기,fda55201-e58b-4e49-865f-a3d8af9a7b2e,코코,의류,마북 골목형상점가,골목형상점가,경기도,,,
1371a4be2aa5b0df62fb,full_annotation_v1,A,q_의류_01,의류,패션·잡화 중 '의류'를 판매·제공하는 매장,train,의류,T1 정확표기,03052be2-67e1-48ff-a71f-63500facd038,윤순영패션,,용대로119번길 골목형상점가,골목형상점가,,,,
dfdbd5877dbfaba91705,full_annotation_v1,A,q_의류_01,의류,패션·잡화 중 '의류'를 판매·제공하는 매장,train,의류,T1 정확표기,f831281d-3653-4438-a98a-193a665a2f62,보구,의류,신창상가,전통시장,부산광역시,,,
be93f80e8cdf3eb1c8e0,full_annotation_v1,A,q_의류_01,의류,패션·잡화 중 '의류'를 판매·제공하는 매장,train,의류,T1 정확표기,4c6ee3cd-a1b5-48ef-afcb-1d8a341cf5ed,올리브,의류,고투몰(강남터미널지하도상점가),일반지하상점가,서울특별시,,,
2cc1e438ae0200fab569,full_annotation_v1,A,q_의류_01,의류,패션·잡화 중 '의류'를 판매·제공하는 매장,train,의류,T1 정확표기,00128db8-b700-42b3-be50-1760b6c08487,자이세탁,의류세탁,신봉하나로 골목형상점가,골목형상점가,경기도,,,
1ce2e2125088fcdc4f55,full_annotation_v1,A,q_의류_01,의류,패션·잡화 중 '의류'를 판매·제공하는 매장,train,의류,T1 정확표기,0743783e-8456-40b3-8ece-e592d976b7af,데님647,청바지,백년소상공인,기타,서울특별시,,,
cd572f86b051e5b23509,full_annotation_v1,A,q_의류_01,의류,패션·잡화 중 '의류'를 판매·제공하는 매장,train,의류,T1 정확표기,42e09c7b-3ff5-4135-932a-7ed5efcb8b19,올리브,의류,석바위지하도상점가,일반지하상점가,인천광역시,,,
8723fce95275b03da38c,full_annotation_v1,A,q_의류_01,의류,패션·잡화 중 '의류'를 판매·제공하는 매장,train,의류,T1 정확표기,18d014d4-5a51-42bb-b2ba-6beabc2404db,BABI (바비),"의류 청바지, 티셔츠, 원피스, 자켓 및 악세사리",의정부로데오상점가,자율상권구역,경기도,,,
585c49790f0257a8ea25,full_annotation_v1,A,q_의류_01,의류,패션·잡화 중 '의류'를 판매·제공하는 매장,train,의류,T1 정확표기,da8251c7-0bd9-41c3-bc27-eea5efa9c596,삼억사,의류,현풍백년도깨비시장,전통시장,대구광역시,,,
a3145ee596d4d737184c,full_annotation_v1,A,q_의류_01,의류,패션·잡화 중 '의류'를 판매·제공하는 매장,train,의류,T1 정확표기,17433915-bba3-4667-99f9-8e40a93df879,굳맨,의류,군산공설시장,전통시장,전북특별자치도,,,
576ad24a119e7f513278,full_annotation_v1,A,q_의류_01,의류,패션·잡화 중 '의류'를 판매·제공하는 매장,train,의류,T1 정확표기,58034cb1-741c-4db2-84c2-c27bc49fe702,아미사,의류,동문재래시장,전통시장,제주특별자치도,,,
807ce908a11551d5467b,full_annotation_v1,A,q_의류_01,의류,패션·잡화 중 '의류'를 판매·제공하는 매장,train,의류,T1 정확표기,03938df9-3e91-4681-9dac-e5687a891dd2,가방가게,패션잡화,순천원도심상점가,자율상권구역,전라남도,,,
f5d24112b8d258effeee,full_annotation_v1,A,q_의류_01,의류,패션·잡화 중 '의류'를 판매·제공하는 매장,train,의류,T1 정확표기,b3d16986-fbc9-4102-af6c-399c4e68dab5,귄,의류,장동로터리 골목형상점가,골목형상점가,광주광역시,,,
7ad838fb06638d34daba,full_annotation_v1,A,q_의류_01,의류,패션·잡화 중 '의류'를 판매·제공하는 매장,train,의류,T1 정확표기,a599e8a5-03d6-4447-96bc-1686e3067f2e,올리브,의류,오류버들시장골목형상점가,골목형상점가,서울특별시,,,
00b8f2e0ef553ccc88e9,full_annotation_v1,A,q_의류_01,의류,패션·잡화 중 '의류'를 판매·제공하는 매장,train,의류,T1 정확표기,014602ec-34d6-41db-98d1-f7941ce5c2da,밝은 세탁,수선,노대물빛근린공원 골목형상점가,골목형상점가,광주광역시,,,
a5bbc44f6c294d98e889,full_annotation_v1,A,q_의류_01,의류,패션·잡화 중 '의류'를 판매·제공하는 매장,train,의류,T1 정확표기,61eb3e4c-7709-49c1-a45e-b98571e530c7,"이동숙신발,의류",의류,장위전통시장,전통시장,서울특별시,,,
09ff631f26d7948db88a,full_annotation_v1,A,q_의류_01,의류,패션·잡화 중 '의류'를 판매·제공하는 매장,train,의류,T1 정확표기,91246180-8fd2-4c81-ae22-5b1bc0b7ffa0,올리브,의류,전주중앙상가시장,전통시장,전북특별자치도,,,
837fd9873a6b8eaddaa8,full_annotation_v1,A,q_의류_01,의류,패션·잡화 중 '의류'를 판매·제공하는 매장,train,의류,T1 정확표기,e556f29d-f9ed-4a89-abd4-d693289d1580,비둘기,의류,진해중앙시장,전통시장,경상남도,,,
643b4fc408d87f164619,full_annotation_v1,A,q_의류_01,의류,패션·잡화 중 '의류'를 판매·제공하는 매장,train,의류,T1 정확표기,6c19a580-7e96-44b1-a07c-1de694b94ae1,코코,의류,의정부역지하상가,일반지하상점가,경기도,,,
547363b406347283ec0d,full_annotation_v1,A,q_의류_01,의류,패션·잡화 중 '의류'를 판매·제공하는 매장,train,의류,T1 정확표기,0a754265-2851-4711-a530-dffc7f762a85,쉬즈미스,의류,정읍새암로상점가,자율상권구역,전북특별자치도,,,
96786e748aa352d04718,full_annotation_v1,A,q_의류_01,의류,패션·잡화 중 '의류'를 판매·제공하는 매장,train,의류,T1 정확표기,6d3ecbfe-9595-449e-ae69-3a50273ea64c,주,의류,동산상가,전통시장,대구광역시,,,
c3a521d5b60755b83159,full_annotation_v1,A,q_의류_01,의류,패션·잡화 중 '의류'를 판매·제공하는 매장,train,의류,T1 정확표기,b95d630a-ab0f-44f2-b9f3-8bb8fd624f87,뉴죤,의류,시장로타리지하상가,일반지하상점가,인천광역시,,,
04b5cd65888c7ec3f22a,full_annotation_v1,A,q_의류_01,의류,패션·잡화 중 '의류'를 판매·제공하는 매장,train,의류,T1 정확표기,15c4908d-376d-4d8e-b599-05bbfc8a64da,화성 의류,의류,증평장뜰재래시장,전통시장,충청북도,,,
c32606aac8a041e83cf0,full_annotation_v1,A,q_의류_01,의류,패션·잡화 중 '의류'를 판매·제공하는 매장,train,의류,T1 정확표기,a610febf-34de-4621-9cde-8a06d8b78043,코코,의류,남대문시장,전통시장,서울특별시,,,
66edd42205e55666bf7b,full_annotation_v1,A,q_의류_01,의류,패션·잡화 중 '의류'를 판매·제공하는 매장,train,의류,T1 정확표기,d7fa1a99-a4c0-4508-bf42-0697a555832d,올리브,의류,수영팔도시장(구 수영팔도상가시장),전통시장,부산광역시,,,
e62d41e9f15025dc925d,full_annotation_v1,A,q_의류_01,의류,패션·잡화 중 '의류'를 판매·제공하는 매장,train,의류,T1 정확표기,3284a32d-cfa8-422a-8f8c-e18828db694b,20세기의류,의류,서천특화시장,전통시장,충청남도,,,
8fe2f279485568efcd02,full_annotation_v1,A,q_의류_01,의류,패션·잡화 중 '의류'를 판매·제공하는 매장,train,의류,T1 정확표기,18798c1e-a4e9-44b0-8d40-9b1a69b91ee7,고벨화,의류,마산 부림지하상가시장,전통시장,경상남도,,,
434e04988ece80b43466,full_annotation_v1,A,q_의류_01,의류,패션·잡화 중 '의류'를 판매·제공하는 매장,train,의류,T1 정확표기,3c0b89d2-02ed-4ca2-8e83-44267344cb3d,코코,의류,양산 덕계종합상설시장,전통시장,경상남도,,,
59d6f295f7ee7548f86d,full_annotation_v1,A,q_의류_01,의류,패션·잡화 중 '의류'를 판매·제공하는 매장,train,의류,T1 정확표기,9ec074fb-8b0c-4cb9-ae42-cf3fa0c064a6,지앤미,의류,광장시장,전통시장,서울특별시,,,
c5187ec867260b5eaf83,full_annotation_v1,A,q_의류_01,의류,패션·잡화 중 '의류'를 판매·제공하는 매장,train,의류,T1 정확표기,02db4104-b701-453b-a7ef-cf0c3014ffde,광명디자인,수선,서문시장아진상가,전통시장,대구광역시,,,
c7b2fc34ec34f13954f2,full_annotation_v1,A,q_의류_01,의류,패션·잡화 중 '의류'를 판매·제공하는 매장,train,의류,T1 정확표기,76abb76b-d19f-41ac-ad4d-26d32bffad62,수지,옷가게(의류),양산 나래메트로시티 골목형상점가,골목형상점가,경상남도,,,
25fea1b142a9e4819508,full_annotation_v1,A,q_의류_01,의류,패션·잡화 중 '의류'를 판매·제공하는 매장,train,의류,T1 정확표기,00fc2b18-ffa0-45b1-b03a-af61257944a9,충일구두수선,구두수선,충주무학시장,전통시장,충청북도,,,
cfb0bf81c6692ba47e95,full_annotation_v1,A,q_의류_01,의류,패션·잡화 중 '의류'를 판매·제공하는 매장,train,의류,T1 정확표기,385a596a-5731-46c2-b67a-9087b0598712,팬텀,의류,평화로상가,자율상권구역,경상북도,,,
4743ececcf3affecde18,full_annotation_v1,A,q_의류_01,의류,패션·잡화 중 '의류'를 판매·제공하는 매장,train,의류,T1 정확표기,bb2f37e0-f825-49d9-a9e5-31b336c6215f,포인트,의류,인현지하도상가,일반지하상점가,인천광역시,,,
f6386f09568be48e94ec,full_annotation_v1,A,q_의류_01,의류,패션·잡화 중 '의류'를 판매·제공하는 매장,train,의류,T1 정확표기,3d5adabe-6995-4c46-9e21-b1a47503cd95,한가족한식뷔페,한식,새희망본촌 골목형상점가,골목형상점가,광주광역시,,,
744bd892e3efa4320bee,full_annotation_v1,A,q_의류_01,의류,패션·잡화 중 '의류'를 판매·제공하는 매장,train,의류,T1 정확표기,28f4865a-0bc3-42a4-a826-ed20cedacb17,엠엘비영주대리점,의류,영주문화시장,전통시장,경상북도,,,
a9c60740165ab5516d33,full_annotation_v1,A,q_의류_01,의류,패션·잡화 중 '의류'를 판매·제공하는 매장,train,의류,T1 정확표기,512a7463-c2d0-429f-8df6-d5efe55c7bf5,경주 옷가게 털보형제들,,경주중심상가,전통시장,경상북도,,,
4fad412239c37c760d77,full_annotation_v1,A,q_의류_01,의류,패션·잡화 중 '의류'를 판매·제공하는 매장,train,의류,T1 정확표기,fdd29e97-5204-4fb6-999d-c35cba5b74ca,꼬꼬유통,야채,경주성동공설시장,전통시장,경상북도,,,
6705bee3c512097c260d,full_annotation_v1,A,q_의류_01,의류,패션·잡화 중 '의류'를 판매·제공하는 매장,train,의류,T1 정확표기,7971d18e-83d6-4a98-aa3b-95a523083e34,뵈뵈,의류,부산평화시장,전통시장,부산광역시,,,
b960fed63f752af28072,full_annotation_v1,A,q_의류_01,의류,패션·잡화 중 '의류'를 판매·제공하는 매장,train,의류,T1 정확표기,68dd02e6-0caa-4b23-9ba9-e8afc1d6e08b,올리브,의류,미금현대벤처빌시장,전통시장,경기도,,,
290647a9c1c2060b22fd,full_annotation_v1,A,q_의류_01,의류,패션·잡화 중 '의류'를 판매·제공하는 매장,train,의류,T1 정확표기,43765f78-3ff1-4aed-a108-ffdb92db4f29,센존의류,의류,부평 문화의거리,전통시장,인천광역시,,,
aa0656eb8de2e22c7562,full_annotation_v1,A,q_의류_01,의류,패션·잡화 중 '의류'를 판매·제공하는 매장,train,의류,T1 정확표기,d7ef6e4b-fad5-4d0a-a9fa-760386c3d76f,PAT대전점,의류,중앙상가시장,전통시장,대전광역시,,,
20f1f5227166bf4854c9,full_annotation_v1,A,q_의류_01,의류,패션·잡화 중 '의류'를 판매·제공하는 매장,train,의류,T1 정확표기,16d79f63-eb49-4944-b2be-a5eebd0b5f77,시냇물,의류,삼익패션타운,전통시장,서울특별시,,,
543d930f7289c21fffeb,full_annotation_v1,A,q_의류_01,의류,패션·잡화 중 '의류'를 판매·제공하는 매장,train,의류,T1 정확표기,0010d634-70b8-4627-8dea-822a9bb56922,라엘,여성의류,동산상가,전통시장,대구광역시,,,
da2e8a4c348fb92d9bdf,full_annotation_v1,A,q_의류_01,의류,패션·잡화 중 '의류'를 판매·제공하는 매장,train,의류,T1 정확표기,007c84b4-7b91-431f-9cf2-61f2ac4a13b4,빛나크리닝,세탁업,삼각동 골목형상점가,골목형상점가,광주광역시,,,
758f3b7c260a6427b098,full_annotation_v1,A,q_의류_01,의류,패션·잡화 중 '의류'를 판매·제공하는 매장,train,의류,T1 정확표기,402b4ac1-59cf-4ce9-b862-6c404d88771d,올리브,의류,중앙종합시장,전통시장,대전광역시,,,
423892d119ae0bb1c953,full_annotation_v1,A,q_의류_01,의류,패션·잡화 중 '의류'를 판매·제공하는 매장,train,의류,T1 정확표기,54399760-5993-4d4b-b83e-ca88fd8c0db7,청양농장,한식 (구이),전북대대학로상점가,자율상권구역,전북특별자치도,,,
ed61c519fa57bfa00714,full_annotation_v1,A,q_의류_01,의류,패션·잡화 중 '의류'를 판매·제공하는 매장,train,의류,T1 정확표기,00158f51-4d3a-4ac0-9e38-b37552f5e097,지지배,의류,나주금빛상점가,자율상권구역,전라남도,,,
58e2a9c05629a7d53fe7,full_annotation_v1,A,q_의류_01,의류,패션·잡화 중 '의류'를 판매·제공하는 매장,train,의류,T1 정확표기,ec23db4b-b99b-48e2-93c1-8bec0f40976c,Gs25 수기파크점,도소매업,수기동천변 골목형상점가,골목형상점가,광주광역시,,,
ad786e626a0c95bf5397,full_annotation_v1,A,q_의류_01,의류,패션·잡화 중 '의류'를 판매·제공하는 매장,train,의류,T1 정확표기,53776ad6-4a97-4445-b7f6-e236725c5048,대박옷가게,옷가게,안동광석거리 골목형상점가,골목형상점가,경상북도,,,
176f8ced3dee388f2a77,full_annotation_v1,A,q_의류_01,의류,패션·잡화 중 '의류'를 판매·제공하는 매장,train,의류,T1 정확표기,c7d62d1c-31e3-4118-b834-ce583a02b3f7,오웬,의류,남대문시장,전통시장,서울특별시,,,
83683b29eb895c284dc7,full_annotation_v1,A,q_의류_01,의류,패션·잡화 중 '의류'를 판매·제공하는 매장,train,의류,T1 정확표기,98cdf3e5-5ad6-4d6b-be49-ae26238af44f,구미 옷가게 슬릭앤코(SLEEK AND CO),,문화로 자율상권구역,,경상북도,,,
ee3044dfd1fc803754a3,full_annotation_v1,A,q_의류_01,의류,패션·잡화 중 '의류'를 판매·제공하는 매장,train,의류,T1 정확표기,8e7d46b1-f8b0-4197-8f2e-9add92bf0437,올리브,의류,여주한글시장(여주중앙로상점가),전통시장,경기도,,,
56427a0f65a37aa78181,full_annotation_v1,A,q_의류_01,의류,패션·잡화 중 '의류'를 판매·제공하는 매장,train,의류,T1 정확표기,157fb81f-e67a-483b-8415-b756543d4cf6,유아상사,장난감,㈜르네시떼,전통시장,부산광역시,,,
6adceebed7ee092f9fd8,full_annotation_v1,A,q_의류_01,의류,패션·잡화 중 '의류'를 판매·제공하는 매장,train,의류,T1 정확표기,1120c33f-b9c0-4e34-94e0-cc7df1f36400,마즈리,의류,익산매일시장,전통시장,전북특별자치도,,,
97eef83d7e4e31e32e52,full_annotation_v1,A,q_의류_01,의류,패션·잡화 중 '의류'를 판매·제공하는 매장,train,의류,T1 정확표기,33ee91a0-4431-4234-b027-3c7e6acc25f6,비에치씨치킨(방림양림점),치킨,방림1어린이공원 골목형상점가,골목형상점가,광주광역시,,,
5c161fd79665551e00c9,full_annotation_v1,A,q_의류_01,의류,패션·잡화 중 '의류'를 판매·제공하는 매장,train,의류,T1 정확표기,ab01d68f-85e9-499d-8074-d66ac0d6ef19,스타패션,의류,평택통복시장,전통시장,경기도,,,
9dfc79b606632349adea,full_annotation_v1,A,q_의류_01,의류,패션·잡화 중 '의류'를 판매·제공하는 매장,train,의류,T1 정확표기,faf66db6-3f2e-4b66-929b-8535664ac34e,이쯔샵,의류,서면지하도상가 부전몰,일반지하상점가,부산광역시,,,
33e7eec00bc57361eab9,full_annotation_v1,A,q_의류_01,의류,패션·잡화 중 '의류'를 판매·제공하는 매장,train,의류,T1 정확표기,6fe7a7d3-1eda-462b-91bf-0195de34dedc,남경,중식,매탄중심상가 골목형상점가,골목형상점가,경기도,,,
3e74a4e54be5e5bc558c,full_annotation_v1,A,q_의류_01,의류,패션·잡화 중 '의류'를 판매·제공하는 매장,train,의류,T1 정확표기,a96e3527-2025-4442-9e38-faa62c525d48,도로시,의류,목포원도심상점가,자율상권구역,전라남도,,,
f00829052606a7109b15,full_annotation_v1,A,q_의류_01,의류,패션·잡화 중 '의류'를 판매·제공하는 매장,train,의류,T1 정확표기,af648692-e7c5-44f7-bacc-a2204f0b9534,코코방,의류,남대문시장,전통시장,서울특별시,,,
59246944dc6b736d18b1,full_annotation_v1,A,q_의류_01,의류,패션·잡화 중 '의류'를 판매·제공하는 매장,train,의류,T1 정확표기,10a136cc-7feb-480e-ab09-14e576c90903,올리브,의류,서문시장2지구 종합상가,전통시장,대구광역시,,,
6bad016e4c2e523a1fff,full_annotation_v1,A,q_의류_01,의류,패션·잡화 중 '의류'를 판매·제공하는 매장,train,의류,T1 정확표기,54fd77ae-f87c-428d-9cc5-b53e4ac45fd1,리치구제,의류 구제 의류,신창상가,전통시장,부산광역시,,,
75776c906e1270821d2f,full_annotation_v1,A,q_의류_01,의류,패션·잡화 중 '의류'를 판매·제공하는 매장,train,의류,T1 정확표기,5192b458-b647-45bd-ab11-ccf096cdc868,은성할인매장,의류,용현시장,전통시장,인천광역시,,,
256749753be1091721b8,full_annotation_v1,A,q_의류_01,의류,패션·잡화 중 '의류'를 판매·제공하는 매장,train,의류,T1 정확표기,686d9980-cfcd-48d4-97db-056202fae7de,신화양품,의류,자유도매시장,전통시장,대전광역시,,,
09094987187f89928a2c,full_annotation_v1,A,q_의류_01,의류,패션·잡화 중 '의류'를 판매·제공하는 매장,train,의류,T1 정확표기,64148373-07a0-4642-99b2-84d2bfb3185c,코코,의류,효자시장,전통시장,경상북도,,,
1f5ac9c0dc283b0c0cba,full_annotation_v1,A,q_의류_01,의류,패션·잡화 중 '의류'를 판매·제공하는 매장,train,의류,T1 정확표기,f95e4eb5-fb96-4d25-9be6-6399ecc01d13,폼,의류,부산평화시장,전통시장,부산광역시,,,
88b2cb72e298781b1331,full_annotation_v1,A,q_의류_01,의류,패션·잡화 중 '의류'를 판매·제공하는 매장,train,의류,T1 정확표기,07db0235-e6d4-45bf-8a47-ab8b01f06574,럭키블럭,장난감,연제초 앞 골목형상점가,골목형상점가,광주광역시,,,
b5ff86a07c2b177cc02d,full_annotation_v1,A,q_의류_01,의류,패션·잡화 중 '의류'를 판매·제공하는 매장,train,의류,T1 정확표기,000a92b3-0b5e-429e-af00-f86e3570e24b,클로버,의류,관문상가시장,전통시장,대구광역시,,,
59413843cd9d93452837,full_annotation_v1,A,q_의류_01,의류,패션·잡화 중 '의류'를 판매·제공하는 매장,train,의류,T1 정확표기,00c60bef-93f3-4d19-a8e8-aeae0ef0fe43,이삭의상실,"패션디자인마춤양장, 스포츠이류및용품",군산 원도심 골목형상점가,골목형상점가,전북특별자치도,,,
dc5a1be7d5f4363f4c70,full_annotation_v1,A,q_의류_01,의류,패션·잡화 중 '의류'를 판매·제공하는 매장,train,의류,T1 정확표기,ea1e88ef-79ed-4565-bfd0-00415b4c7027,이뿌다,의류,고투몰(강남터미널지하도상점가),일반지하상점가,서울특별시,,,
777884146ecf003f13c7,full_annotation_v1,A,q_의류_01,의류,패션·잡화 중 '의류'를 판매·제공하는 매장,train,의류,T1 정확표기,00fd4bd1-180e-4d03-895c-331fb333c6e4,전주송천점폴햄,섬유 의복 신발 및 가죽제품,송천행복로 골목형상점가,골목형상점가,전북특별자치도,,,
03f644054bed2eb437f2,full_annotation_v1,A,q_의류_01,의류,패션·잡화 중 '의류'를 판매·제공하는 매장,train,의류,T1 정확표기,a82f96f8-46ac-4c42-8da8-8ad641026ce3,숄트,의류,부산자유시장,전통시장,부산광역시,,,
ccdecaa18b6f9471d7c6,full_annotation_v1,A,q_의류_01,의류,패션·잡화 중 '의류'를 판매·제공하는 매장,train,의류,T1 정확표기,0213d775-a9ba-4c68-8b2b-ee3ed98c4d46,썬라이즈,기터의복,진주 중앙상점가,자율상권구역,경상남도,,,
a257891da623177d3daa,full_annotation_v1,A,q_의류_01,의류,패션·잡화 중 '의류'를 판매·제공하는 매장,train,의류,T1 정확표기,d4ad357a-36d2-4ee2-89e5-12a4cc912988,새삥,의류,동산상가,전통시장,대구광역시,,,
9f001831a1ce2e9def52,full_annotation_v1,A,q_의류_01,의류,패션·잡화 중 '의류'를 판매·제공하는 매장,train,의류,T1 정확표기,1f454d19-15a8-4be5-ac76-69ee9e97c933,올리브,의류,신아타운,전통시장,서울특별시,,,
f560cc4c3e5aa00a0aab,full_annotation_v1,A,q_의류_01,의류,패션·잡화 중 '의류'를 판매·제공하는 매장,train,의류,T1 정확표기,764bb857-e26f-4e36-bf80-c72194dd07ac,웁스,의류,테크노상가,전통시장,서울특별시,,,
ae61f2fea2c320919d7c,full_annotation_v1,A,q_의류_01,의류,패션·잡화 중 '의류'를 판매·제공하는 매장,train,의류,T1 정확표기,1943c599-6590-4dc5-8d6c-39bf7bf95dc1,쪼리,"청바지, 악세사리",경주중심상가,전통시장,경상북도,,,
aa52dfa7688c1c191912,full_annotation_v1,A,q_의류_01,의류,패션·잡화 중 '의류'를 판매·제공하는 매장,train,의류,T1 정확표기,078f51c7-dbe7-46b5-9089-2e2824e6553c,장흥수산,낙지 홍어 바지락,대인시장,전통시장,광주광역시,,,
cba892032c38fac4759b,full_annotation_v1,A,q_의류_01,의류,패션·잡화 중 '의류'를 판매·제공하는 매장,train,의류,T1 정확표기,019c9868-92c6-4e25-b2ea-903f322c9acf,맡겨봐신발세탁,세탁,임동 골목형상점가,골목형상점가,광주광역시,,,
820c1ec85ad84fb80d01,full_annotation_v1,A,q_의류_01,의류,패션·잡화 중 '의류'를 판매·제공하는 매장,train,의류,T1 정확표기,6f59a978-9943-4b2e-800e-15c123042537,올리브,의류,성남중앙지하시장,일반지하상점가,경기도,,,
8914fb7548ce1547eb29,full_annotation_v1,A,q_의류_01,의류,패션·잡화 중 '의류'를 판매·제공하는 매장,train,의류,T1 정확표기,193444be-71ac-4b80-bf18-949d2c643bda,옷마트,의류,봉리단길골목형상점가,골목형상점가,서울특별시,,,
1712ada87bdf9160227d,full_annotation_v1,A,q_의류_01,의류,패션·잡화 중 '의류'를 판매·제공하는 매장,train,의류,T1 정확표기,f0a88e69-9339-471d-a608-607f8721493a,지밥,의류,아름다운별장거리골목형상점가,골목형상점가,서울특별시,,,
fe427265c41e879335de,full_annotation_v1,A,q_의류_01,의류,패션·잡화 중 '의류'를 판매·제공하는 매장,train,의류,T1 정확표기,ceb99614-312a-4c51-b547-6de1e9903066,코발트,의류,남대문시장,전통시장,서울특별시,,,
6dc818aca7ebdde7cb23,full_annotation_v1,A,q_의류_01,의류,패션·잡화 중 '의류'를 판매·제공하는 매장,train,의류,T1 정확표기,26461dad-2639-4c12-a10b-0f2418d4e639,코코,의류,서문시장(명품프라자상가),전통시장,대구광역시,,,
3d34cafc6244be847feb,full_annotation_v1,A,q_의류_01,의류,패션·잡화 중 '의류'를 판매·제공하는 매장,train,의류,T1 정확표기,00054f1d-4cae-4345-9975-1423bc49e4dc,착한아이들,의류,중앙전통시장,전통시장,울산광역시,,,
038568a2e882083ccfff,full_annotation_v1,A,q_의류_01,의류,패션·잡화 중 '의류'를 판매·제공하는 매장,train,의류,T1 정확표기,7176736e-3936-4f70-87d6-97de74d006f5,아로마,의류,동산상가,전통시장,대구광역시,,,
4b61e0d8f02a04c85ec4,full_annotation_v1,A,q_의류_01,의류,패션·잡화 중 '의류'를 판매·제공하는 매장,train,의류,T1 정확표기,16ac2a7b-62fb-4d79-9d4b-a863084ac320,애플패션,의류,신정상가시장,전통시장,울산광역시,,,
f14d5055802933b91d2b,full_annotation_v1,A,q_의류_01,의류,패션·잡화 중 '의류'를 판매·제공하는 매장,train,의류,T1 정확표기,03cf59c3-0bce-43ff-9df1-14e946a2bd29,금산트라이,"모자, 가방, 패션잡화",금산중앙로상점가,자율상권구역,충청남도,,,
601133de8f8b09ffb2f4,full_annotation_v1,A,q_의류_01,의류,패션·잡화 중 '의류'를 판매·제공하는 매장,train,의류,T1 정확표기,e6db244b-e7bc-4fa1-92c3-c7d779d3da2d,케찹,의류,동산상가,전통시장,대구광역시,,,
72da8a48a8d38d090406,full_annotation_v1,A,q_의류_01,의류,패션·잡화 중 '의류'를 판매·제공하는 매장,train,의류,T1 정확표기,0ab4febb-1ab2-42cf-aae3-53c528083921,에스텔라,의류(기성복),평화로상가,자율상권구역,경상북도,,,
a1afa3bbcd74f08ab825,full_annotation_v1,A,q_의류_01,의류,패션·잡화 중 '의류'를 판매·제공하는 매장,train,의류,T1 정확표기,013a01ba-2abc-42d5-9f1b-e0708f0a806b,경남,의류(기타 의복 소매),부산진시장,전통시장,부산광역시,,,
1cff0a8212c6fbf8975d,full_annotation_v1,A,q_의류_01,의류,패션·잡화 중 '의류'를 판매·제공하는 매장,train,의류,T1 정확표기,1aa0abc5-671f-4d31-86ac-8dcae2330f20,홍익궁중전통육계장,육계장,나주혁신도시 골목형상점가,골목형상점가,전라남도,,,
cded29e61aafe38084da,full_annotation_v1,A,q_의류_01,의류,패션·잡화 중 '의류'를 판매·제공하는 매장,train,의류,T1 정확표기,9c22580e-d4ec-4bdd-8212-471d3bd8f064,경북양품,의류,연서시장,전통시장,서울특별시,,,
e500210e391a00c61725,full_annotation_v1,A,q_의류_01,의류,패션·잡화 중 '의류'를 판매·제공하는 매장,train,의류,T1 정확표기,6235443e-305b-4130-a6c8-5f6863e6e147,올리브,의류,구리전통시장,전통시장,경기도,,,
82c00467962c229b8a6c,full_annotation_v1,A,q_의류_01,의류,패션·잡화 중 '의류'를 판매·제공하는 매장,train,의류,T1 정확표기,03159423-3cb1-401e-af77-89751a639bb8,주홍,바지,아트프라자,자율상권구역,서울특별시,,,
8b5708f37b8c2be3372d,full_annotation_v1,A,q_의류_01,의류,패션·잡화 중 '의류'를 판매·제공하는 매장,train,의류,T1 정확표기,9ea12fb7-571c-4b17-a76e-c3e14d0c666c,올리브,의류,서문시장2지구 종합상가,전통시장,대구광역시,,,
d9965e7bcdffeaffad72,full_annotation_v1,A,q_의류_01,의류,패션·잡화 중 '의류'를 판매·제공하는 매장,train,의류,T1 정확표기,767c41a1-b972-4cfb-95d0-53b3daa9f2b4,올리브,의류,서초쇼핑골목형상점가,골목형상점가,서울특별시,,,
b06e9f3b4abfbc956eb3,full_annotation_v1,A,q_의류_01,의류,패션·잡화 중 '의류'를 판매·제공하는 매장,train,의류,T1 정확표기,89bdb1aa-6c0a-4726-9f19-afc72614643e,윤블리,"의류, 전자상거래(의류)",부산평화시장,전통시장,부산광역시,,,
b13fb739475e4470148f,full_annotation_v1,A,q_의류_01,의류,패션·잡화 중 '의류'를 판매·제공하는 매장,train,의류,T1 정확표기,02edb9ce-a58f-4d06-a0f7-8f3af74e85d0,로보키즈,장난감대여,용봉지구 골목형상점가,골목형상점가,광주광역시,,,
3d204f63122d940056c2,full_annotation_v1,A,q_의류_01,의류,패션·잡화 중 '의류'를 판매·제공하는 매장,train,의류,T1 정확표기,66f30ca4-97b9-4ea3-97c7-cb8dcf88c2f1,다원(패션)의류,의류,결초보은시장(구 보은종합시장),전통시장,충청북도,,,
97e4934c9702e68928df,full_annotation_v1,A,q_의류_01,의류,패션·잡화 중 '의류'를 판매·제공하는 매장,train,의류,T1 정확표기,7af16959-41ca-47dc-a5d7-7ff8f7f0f901,올리브,의류,버드내코아 골목형상점가,골목형상점가,대전광역시,,,
0bfc11134b6febe58318,full_annotation_v1,A,q_의류_01,의류,패션·잡화 중 '의류'를 판매·제공하는 매장,train,의류,T1 정확표기,2fd40237-f8a1-4289-a454-5443bc42dad0,슈트,의류,전주중앙상가시장,전통시장,전북특별자치도,,,
5c02cfaeed8942bb010f,full_annotation_v1,A,q_의류_01,의류,패션·잡화 중 '의류'를 판매·제공하는 매장,train,의류,T1 정확표기,1fe5d342-1bc6-4026-b2c7-414156a92b18,경충사,의류,동산상가,전통시장,대구광역시,,,
7ff92f3dbf8472df7b78,full_annotation_v1,A,q_의류_01,의류,패션·잡화 중 '의류'를 판매·제공하는 매장,train,의류,T1 정확표기,7b2da9ca-d35a-46b4-b910-a7578640691f,올리브,의류,진주 중앙시장,전통시장,경상남도,,,
244fc2c892016ba5f7fa,full_annotation_v1,A,q_의류_01,의류,패션·잡화 중 '의류'를 판매·제공하는 매장,train,의류,T1 정확표기,84964e59-6441-40ea-a6f0-807174989109,진저리,의류,성남중앙지하시장,일반지하상점가,경기도,,,
4ab356c6f3cc04ca2ea5,full_annotation_v1,A,q_의류_01,의류,패션·잡화 중 '의류'를 판매·제공하는 매장,train,의류,T1 정확표기,00e9be42-1358-4d8a-91f4-119aaed2a77b,백경사,"작업복, 기성복, 안전화 등",부산진시장,전통시장,부산광역시,,,
112c18e9a6538c491521,full_annotation_v1,A,q_의류_01,의류,패션·잡화 중 '의류'를 판매·제공하는 매장,train,의류,T1 정확표기,96cc76df-10c0-46f7-bc78-90ce623ea4c4,파코라반베이비,의류,제2경주중심상가시장(경주봉황중심상가시장),전통시장,경상북도,,,
d1ccba1b89ae5f4c1816,full_annotation_v1,A,q_의류_01,의류,패션·잡화 중 '의류'를 판매·제공하는 매장,train,의류,T1 정확표기,197dfeb0-7d91-415e-ae8d-4090cc9ae6f6,도티,의류,㈜르네시떼,전통시장,부산광역시,,,
f333661b30ce439da610,full_annotation_v1,A,q_의류_01,의류,패션·잡화 중 '의류'를 판매·제공하는 매장,train,의류,T1 정확표기,57659014-bda8-4127-9cf4-6b5b0702fe73,명동구제의류,의류,청주육거리종합시장,전통시장,충청북도,,,
6a9c7ae6f56586e5d5ab,full_annotation_v1,A,q_의류_01,의류,패션·잡화 중 '의류'를 판매·제공하는 매장,train,의류,T1 정확표기,1d753ae1-718e-412e-8ab0-b8f046eeb7af,전라도,육전,나주혁신도시 골목형상점가,골목형상점가,전라남도,,,
582b637a894d37ab2686,full_annotation_v1,A,q_의류_01,의류,패션·잡화 중 '의류'를 판매·제공하는 매장,train,의류,T1 정확표기,fabe0c31-b92d-42d7-8ebc-cddd58014aad,올리브,의류,흥국상가,자율상권구역,전라남도,,,
0ae78e92d818cc2a8f78,full_annotation_v1,A,q_의류_01,의류,패션·잡화 중 '의류'를 판매·제공하는 매장,train,의류,T1 정확표기,0cd4e040-9521-44ca-809c-d51f100e9356,토이빌리지,유아완구.장난감,석교동 이웃마루 골목형상점가,골목형상점가,대전광역시,,,
57fcb0d5cff4cc0025ff,full_annotation_v1,A,q_의류_01,의류,패션·잡화 중 '의류'를 판매·제공하는 매장,train,의류,T1 정확표기,014b6a30-fb19-4f0f-8ab0-5139e2368173,월드옷수선,의류수선,수원역전시장,전통시장,경기도,,,
957cb1e6db87d565404a,full_annotation_v1,A,q_의류_01,의류,패션·잡화 중 '의류'를 판매·제공하는 매장,train,의류,T1 정확표기,ce2c7c47-7b5d-4cf9-97bb-36d058f60517,첨단콜핑,의류,첨단지구 골목형상점가,골목형상점가,광주광역시,,,
ff5ff8ec875c66421f4d,full_annotation_v1,A,q_의류_01,의류,패션·잡화 중 '의류'를 판매·제공하는 매장,train,의류,T1 정확표기,00124602-ef4e-472c-91ee-de53b28d7530,화이트,의류,울산번개시장,전통시장,울산광역시,,,
fb9cba021ba1e804137b,full_annotation_v1,A,q_의류_01,의류,패션·잡화 중 '의류'를 판매·제공하는 매장,train,의류,T1 정확표기,05ceaf94-c8e1-4ec6-9148-be979dc3614f,달인옷수선,수선,양산 덕계종합상설시장,전통시장,경상남도,,,
a1cc362e9edd212a565f,full_annotation_v1,A,q_의류_01,의류,패션·잡화 중 '의류'를 판매·제공하는 매장,train,의류,T1 정확표기,f14a1a17-5bbd-421a-a34b-72cfe30913e9,코코,의류,나운종합상가 골목형상점가,골목형상점가,전북특별자치도,,,
3e12d9f2e8ec1199f8ff,full_annotation_v1,A,q_의류_01,의류,패션·잡화 중 '의류'를 판매·제공하는 매장,train,의류,T1 정확표기,00c164d0-76c7-4e7a-9676-ecfdbb052077,크린토피아신창점,세탁,신창수문 골목형상점가,골목형상점가,광주광역시,,,
74ce19134b1e78407f6e,full_annotation_v1,A,q_의류_01,의류,패션·잡화 중 '의류'를 판매·제공하는 매장,train,의류,T1 정확표기,75cbdb7d-0280-49a6-9253-b71d12c3236b,본초허브,건강기능보조식품,서울약령시장,전통시장,서울특별시,,,
9d1aedb26597dd1840c9,full_annotation_v1,A,q_의류_01,의류,패션·잡화 중 '의류'를 판매·제공하는 매장,train,의류,T1 정확표기,02851047-7760-4cdb-b811-74f6dff245bd,에덴의상실,수선,돈암시장,전통시장,서울특별시,,,
5abc1f40a652c6c1f26c,full_annotation_v1,A,q_의류_01,의류,패션·잡화 중 '의류'를 판매·제공하는 매장,train,의류,T1 정확표기,f16921ee-7067-4f37-905e-0e8e16e8576f,비웜,의류,전북대대학로상점가,자율상권구역,전북특별자치도,,,
007055a4b446fd61a69c,full_annotation_v1,A,q_의류_01,의류,패션·잡화 중 '의류'를 판매·제공하는 매장,train,의류,T1 정확표기,98e62e8e-c479-468c-a858-bcc81fc1b07d,뷸라,의류,중계 씨앤미 상가,자율상권구역,서울특별시,,,
b3aa95fd9d0a408660ff,full_annotation_v1,A,q_의류_01,의류,패션·잡화 중 '의류'를 판매·제공하는 매장,train,의류,T1 정확표기,4192e469-aabf-4a64-b651-414d62f5e824,한일사,의류,부산평화시장,전통시장,부산광역시,,,
1f26c811a2dd09b47918,full_annotation_v1,A,q_의류_01,의류,패션·잡화 중 '의류'를 판매·제공하는 매장,train,의류,T1 정확표기,6c67d463-d9d5-497c-b444-78d2518fa531,우메기 돌솥국밥,한식,유안초등북길 골목형상점가,골목형상점가,광주광역시,,,
4b39ff27dc61089241cc,full_annotation_v1,A,q_의류_01,의류,패션·잡화 중 '의류'를 판매·제공하는 매장,train,의류,T1 정확표기,bdbc29dd-c5bf-41d0-90ba-65872a80f5b3,에셍,의류,아트프라자,자율상권구역,서울특별시,,,
cce1b9eb11d1f33132f3,full_annotation_v1,A,q_의류_01,의류,패션·잡화 중 '의류'를 판매·제공하는 매장,train,의류,T1 정확표기,000a5a26-66b9-432f-bb77-247655765f2b,백조섬유,여성의류,서문시장 제5지구,전통시장,대구광역시,,,
4675e0304c16ce90ed4c,full_annotation_v1,A,q_의류_01,의류,패션·잡화 중 '의류'를 판매·제공하는 매장,train,의류,T1 정확표기,cf6bb94b-447b-4b4e-b202-1296221c0bf5,뉴삼부유통,슈퍼마켓,왜관시장,전통시장,경상북도,,,
246a6bd5edfee46d0028,full_annotation_v1,A,q_의류_01,의류,패션·잡화 중 '의류'를 판매·제공하는 매장,train,의류,T1 정확표기,e739ac90-8eb3-4685-9ad0-0775ccef3d2f,비젼,의류,아트프라자,자율상권구역,서울특별시,,,
544c5a5f29a9d2746fe8,full_annotation_v1,A,q_의류_01,의류,패션·잡화 중 '의류'를 판매·제공하는 매장,train,의류,T1 정확표기,8d080844-a780-472b-a561-fb5e927cc241,올리브,의류,남대문시장,전통시장,서울특별시,,,
022b4149a3c2d73e8e51,full_annotation_v1,A,q_의류_01,의류,패션·잡화 중 '의류'를 판매·제공하는 매장,train,의류,T1 정확표기,9e34a3ca-b0fc-4337-b2e7-1f6f6e9af18d,수지,의류,중앙로 지하상가 상점가,일반지하상점가,대전광역시,,,
ea3411cd839914f9d205,full_annotation_v1,A,q_의류_01,의류,패션·잡화 중 '의류'를 판매·제공하는 매장,train,의류,T1 정확표기,00083664-fb4e-4e3b-bb0a-d9a0a1e8f87f,롯데세탁소,,와룡로 골목형상점가,골목형상점가,전북특별자치도,,,
32cd4db1ab08235f35e6,full_annotation_v1,A,q_의류_01,의류,패션·잡화 중 '의류'를 판매·제공하는 매장,train,의류,T1 정확표기,3bd7f20a-64bb-4bc9-b0b7-dbeb3534ebaa,올리브,의류,동산상가,전통시장,대구광역시,,,
38435faccf62f5bd5b4e,full_annotation_v1,A,q_의류_02,의류 매장,패션·잡화 중 '의류'를 판매·제공하는 매장,train,의류,T1 정확표기,af648692-e7c5-44f7-bacc-a2204f0b9534,코코방,의류,남대문시장,전통시장,서울특별시,,,
3d22546a249592daf30f,full_annotation_v1,A,q_의류_02,의류 매장,패션·잡화 중 '의류'를 판매·제공하는 매장,train,의류,T1 정확표기,6d3ecbfe-9595-449e-ae69-3a50273ea64c,주,의류,동산상가,전통시장,대구광역시,,,
387477e9a4b0033f1437,full_annotation_v1,A,q_의류_02,의류 매장,패션·잡화 중 '의류'를 판매·제공하는 매장,train,의류,T1 정확표기,c0933a71-92d8-46da-85f0-017c515458ec,다원유통(비와이씨 매장),속옷,대성상가 골목형상점가,골목형상점가,부산광역시,,,
2767b6423c25de3ba3a4,full_annotation_v1,A,q_의류_02,의류 매장,패션·잡화 중 '의류'를 판매·제공하는 매장,train,의류,T1 정확표기,0010d634-70b8-4627-8dea-822a9bb56922,라엘,여성의류,동산상가,전통시장,대구광역시,,,
bdfc2cc82a430c9fe263,full_annotation_v1,A,q_의류_02,의류 매장,패션·잡화 중 '의류'를 판매·제공하는 매장,train,의류,T1 정확표기,00158f51-4d3a-4ac0-9e38-b37552f5e097,지지배,의류,나주금빛상점가,자율상권구역,전라남도,,,
0468764abc392c48be78,full_annotation_v1,A,q_의류_02,의류 매장,패션·잡화 중 '의류'를 판매·제공하는 매장,train,의류,T1 정확표기,03052be2-67e1-48ff-a71f-63500facd038,윤순영패션,,용대로119번길 골목형상점가,골목형상점가,,,,
0e24cacf7a828bf5a999,full_annotation_v1,A,q_의류_02,의류 매장,패션·잡화 중 '의류'를 판매·제공하는 매장,train,의류,T1 정확표기,3bd7f20a-64bb-4bc9-b0b7-dbeb3534ebaa,올리브,의류,동산상가,전통시장,대구광역시,,,
d95cc5b55cac58fe97c1,full_annotation_v1,A,q_의류_02,의류 매장,패션·잡화 중 '의류'를 판매·제공하는 매장,train,의류,T1 정확표기,ad77ba1b-a8d0-4dc5-b106-b63cd89ae7b1,프레피,"의류, 전자상거래(의류)",부산진시장,전통시장,부산광역시,,,
ee974bcf3f2bf2bf3958,full_annotation_v1,A,q_의류_02,의류 매장,패션·잡화 중 '의류'를 판매·제공하는 매장,train,의류,T1 정확표기,157fb81f-e67a-483b-8415-b756543d4cf6,유아상사,장난감,㈜르네시떼,전통시장,부산광역시,,,
a52dd625093b7bd7a3f7,full_annotation_v1,A,q_의류_02,의류 매장,패션·잡화 중 '의류'를 판매·제공하는 매장,train,의류,T1 정확표기,1f454d19-15a8-4be5-ac76-69ee9e97c933,올리브,의류,신아타운,전통시장,서울특별시,,,
034d8e2bf6025491d971,full_annotation_v1,A,q_의류_02,의류 매장,패션·잡화 중 '의류'를 판매·제공하는 매장,train,의류,T1 정확표기,686d9980-cfcd-48d4-97db-056202fae7de,신화양품,의류,자유도매시장,전통시장,대전광역시,,,
d266fa0a589b14a46c49,full_annotation_v1,A,q_의류_02,의류 매장,패션·잡화 중 '의류'를 판매·제공하는 매장,train,의류,T1 정확표기,03cf59c3-0bce-43ff-9df1-14e946a2bd29,금산트라이,"모자, 가방, 패션잡화",금산중앙로상점가,자율상권구역,충청남도,,,
ec26450ae4d92f3a69c8,full_annotation_v1,A,q_의류_02,의류 매장,패션·잡화 중 '의류'를 판매·제공하는 매장,train,의류,T1 정확표기,9ea12fb7-571c-4b17-a76e-c3e14d0c666c,올리브,의류,서문시장2지구 종합상가,전통시장,대구광역시,,,
0a55a2cf502c91e42bb5,full_annotation_v1,A,q_의류_02,의류 매장,패션·잡화 중 '의류'를 판매·제공하는 매장,train,의류,T1 정확표기,00124602-ef4e-472c-91ee-de53b28d7530,화이트,의류,울산번개시장,전통시장,울산광역시,,,
ab03e1fac3182b50680c,full_annotation_v1,A,q_의류_02,의류 매장,패션·잡화 중 '의류'를 판매·제공하는 매장,train,의류,T1 정확표기,b3d16986-fbc9-4102-af6c-399c4e68dab5,귄,의류,장동로터리 골목형상점가,골목형상점가,광주광역시,,,
5ffa5b3aebf2097fa508,full_annotation_v1,A,q_의류_02,의류 매장,패션·잡화 중 '의류'를 판매·제공하는 매장,train,의류,T1 정확표기,767c41a1-b972-4cfb-95d0-53b3daa9f2b4,올리브,의류,서초쇼핑골목형상점가,골목형상점가,서울특별시,,,
5491c5ba7ffbabe6ac1b,full_annotation_v1,A,q_의류_02,의류 매장,패션·잡화 중 '의류'를 판매·제공하는 매장,train,의류,T1 정확표기,b95d630a-ab0f-44f2-b9f3-8bb8fd624f87,뉴죤,의류,시장로타리지하상가,일반지하상점가,인천광역시,,,
2de5d02ecfc25e2a3c9a,full_annotation_v1,A,q_의류_02,의류 매장,패션·잡화 중 '의류'를 판매·제공하는 매장,train,의류,T1 정확표기,b89fcf8c-4c63-455e-8cf8-8b715dccdd64,육전국밥 의왕포일점,"국밥, 막국수.육전, 곰탕, 전골",포일중앙 골목형상점가,골목형상점가,경기도,,,
d03264e05a391240dffa,full_annotation_v1,A,q_의류_02,의류 매장,패션·잡화 중 '의류'를 판매·제공하는 매장,train,의류,T1 정확표기,402b4ac1-59cf-4ce9-b862-6c404d88771d,올리브,의류,중앙종합시장,전통시장,대전광역시,,,
9d7a370e9aa2896ffe3b,full_annotation_v1,A,q_의류_02,의류 매장,패션·잡화 중 '의류'를 판매·제공하는 매장,train,의류,T1 정확표기,033fc658-a256-42a6-8ebf-24763bc43ba1,신광컴퓨터세탁소,세탁소,대야 골목형상점가,골목형상점가,전북특별자치도,,,
5ed7272601195c76921c,full_annotation_v1,A,q_의류_02,의류 매장,패션·잡화 중 '의류'를 판매·제공하는 매장,train,의류,T1 정확표기,d6c303f6-6fc3-4875-9038-d1cab4e1c4c6,미셈,의류,서문시장2지구 종합상가,전통시장,대구광역시,,,
6b7ff883e49fc1f1975c,full_annotation_v1,A,q_의류_02,의류 매장,패션·잡화 중 '의류'를 판매·제공하는 매장,train,의류,T1 정확표기,4c6668f2-b448-46fc-b823-d760ddae8d77,의류,의류,(유)다사소상공인연합,골목형상점가,대구광역시,,,
5dc25c31a4c2830548d0,full_annotation_v1,A,q_의류_02,의류 매장,패션·잡화 중 '의류'를 판매·제공하는 매장,train,의류,T1 정확표기,4c6ee3cd-a1b5-48ef-afcb-1d8a341cf5ed,올리브,의류,고투몰(강남터미널지하도상점가),일반지하상점가,서울특별시,,,
efb0368c74bcfa11ffae,full_annotation_v1,A,q_의류_02,의류 매장,패션·잡화 중 '의류'를 판매·제공하는 매장,train,의류,T1 정확표기,1120c33f-b9c0-4e34-94e0-cc7df1f36400,마즈리,의류,익산매일시장,전통시장,전북특별자치도,,,
2a905dcb8957c5eabe2f,full_annotation_v1,A,q_의류_02,의류 매장,패션·잡화 중 '의류'를 판매·제공하는 매장,train,의류,T1 정확표기,512a7463-c2d0-429f-8df6-d5efe55c7bf5,경주 옷가게 털보형제들,,경주중심상가,전통시장,경상북도,,,
9115000bd1a64e90536c,full_annotation_v1,A,q_의류_02,의류 매장,패션·잡화 중 '의류'를 판매·제공하는 매장,train,의류,T1 정확표기,54fd77ae-f87c-428d-9cc5-b53e4ac45fd1,리치구제,의류 구제 의류,신창상가,전통시장,부산광역시,,,
b22bde26727502c020ae,full_annotation_v1,A,q_의류_02,의류 매장,패션·잡화 중 '의류'를 판매·제공하는 매장,train,의류,T1 정확표기,30aee950-c9bb-4fb3-80e7-f031f0f89140,탁주,한식,용봉지구 골목형상점가,골목형상점가,광주광역시,,,
a11537f6ac8a0fa5c4e4,full_annotation_v1,A,q_의류_02,의류 매장,패션·잡화 중 '의류'를 판매·제공하는 매장,train,의류,T1 정확표기,7b2da9ca-d35a-46b4-b910-a7578640691f,올리브,의류,진주 중앙시장,전통시장,경상남도,,,
d255e1fa20cbf7c96f81,full_annotation_v1,A,q_의류_02,의류 매장,패션·잡화 중 '의류'를 판매·제공하는 매장,train,의류,T1 정확표기,76abb76b-d19f-41ac-ad4d-26d32bffad62,수지,옷가게(의류),양산 나래메트로시티 골목형상점가,골목형상점가,경상남도,,,
0d2679485cb383b31d13,full_annotation_v1,A,q_의류_02,의류 매장,패션·잡화 중 '의류'를 판매·제공하는 매장,train,의류,T1 정확표기,9c22580e-d4ec-4bdd-8212-471d3bd8f064,경북양품,의류,연서시장,전통시장,서울특별시,,,
4a73ea0924d4094a7cdc,full_annotation_v1,A,q_의류_02,의류 매장,패션·잡화 중 '의류'를 판매·제공하는 매장,train,의류,T1 정확표기,712fb53b-803b-4d1b-bd13-ec379e94234f,코코,의류,동산상가,전통시장,대구광역시,,,
c225822ffae80054daff,full_annotation_v1,A,q_의류_02,의류 매장,패션·잡화 중 '의류'를 판매·제공하는 매장,train,의류,T1 정확표기,15c4908d-376d-4d8e-b599-05bbfc8a64da,화성 의류,의류,증평장뜰재래시장,전통시장,충청북도,,,
08f0ab68d0914d2130f8,full_annotation_v1,A,q_의류_02,의류 매장,패션·잡화 중 '의류'를 판매·제공하는 매장,train,의류,T1 정확표기,385a596a-5731-46c2-b67a-9087b0598712,팬텀,의류,평화로상가,자율상권구역,경상북도,,,
41cfe9fc61c26b0df321,full_annotation_v1,A,q_의류_02,의류 매장,패션·잡화 중 '의류'를 판매·제공하는 매장,train,의류,T1 정확표기,011975e6-5c12-42c3-9d7d-81f8eba753c7,러브아트,홈패션,공주산성시장,전통시장,충청남도,,,
fe37e3f99517c2c8a188,full_annotation_v1,A,q_의류_02,의류 매장,패션·잡화 중 '의류'를 판매·제공하는 매장,train,의류,T1 정확표기,019c9868-92c6-4e25-b2ea-903f322c9acf,맡겨봐신발세탁,세탁,임동 골목형상점가,골목형상점가,광주광역시,,,
5b3304643a2441f4fd50,full_annotation_v1,A,q_의류_02,의류 매장,패션·잡화 중 '의류'를 판매·제공하는 매장,train,의류,T1 정확표기,16d79f63-eb49-4944-b2be-a5eebd0b5f77,시냇물,의류,삼익패션타운,전통시장,서울특별시,,,
fbfabe97d4ce695a1fe5,full_annotation_v1,A,q_의류_02,의류 매장,패션·잡화 중 '의류'를 판매·제공하는 매장,train,의류,T1 정확표기,f95e4eb5-fb96-4d25-9be6-6399ecc01d13,폼,의류,부산평화시장,전통시장,부산광역시,,,
9726319f11613fae0c32,full_annotation_v1,A,q_의류_02,의류 매장,패션·잡화 중 '의류'를 판매·제공하는 매장,train,의류,T1 정확표기,02db4104-b701-453b-a7ef-cf0c3014ffde,광명디자인,수선,서문시장아진상가,전통시장,대구광역시,,,
ca2fba8a844a55fd6a93,full_annotation_v1,A,q_의류_02,의류 매장,패션·잡화 중 '의류'를 판매·제공하는 매장,train,의류,T1 정확표기,00083664-fb4e-4e3b-bb0a-d9a0a1e8f87f,롯데세탁소,,와룡로 골목형상점가,골목형상점가,전북특별자치도,,,
e56e7b755da1d899b469,full_annotation_v1,A,q_의류_02,의류 매장,패션·잡화 중 '의류'를 판매·제공하는 매장,train,의류,T1 정확표기,53776ad6-4a97-4445-b7f6-e236725c5048,대박옷가게,옷가게,안동광석거리 골목형상점가,골목형상점가,경상북도,,,
436b4018a4780c983154,full_annotation_v1,A,q_의류_02,의류 매장,패션·잡화 중 '의류'를 판매·제공하는 매장,train,의류,T1 정확표기,c20fbbde-1985-4bf0-9919-1965ceb45dd9,입꼬시퍼(의류),소매(의류),신영시장,전통시장,서울특별시,,,
f8b217db932bd342c8be,full_annotation_v1,A,q_의류_02,의류 매장,패션·잡화 중 '의류'를 판매·제공하는 매장,train,의류,T1 정확표기,378a9fde-71b6-4c98-bc6c-e51749e88942,뽀숑,의류,테크노상가,전통시장,서울특별시,,,
91f05b6836e7a9ca0cb5,full_annotation_v1,A,q_의류_02,의류 매장,패션·잡화 중 '의류'를 판매·제공하는 매장,train,의류,T1 정확표기,7b297637-e4fa-4bc7-aa82-d65ac9b228ee,쭘마,의류,전주중앙상가시장,전통시장,전북특별자치도,,,
43a53a57d7b94fcee9d7,full_annotation_v1,A,q_의류_02,의류 매장,패션·잡화 중 '의류'를 판매·제공하는 매장,train,의류,T1 정확표기,00172c94-61f0-4197-afeb-d7e8187c79b5,옷이예쁘다,의류,메트로센터(반월당지하쇼핑),일반지하상점가,대구광역시,,,
b469391748b62c3ab8a4,full_annotation_v1,A,q_의류_02,의류 매장,패션·잡화 중 '의류'를 판매·제공하는 매장,train,의류,T1 정확표기,2b8cc05f-f73d-4e4a-8f99-98854e5c0942,대성악세사리,악세서리,칠성시장,전통시장,대구광역시,,,
cb83ccaaeddc6d3662a1,full_annotation_v1,A,q_의류_02,의류 매장,패션·잡화 중 '의류'를 판매·제공하는 매장,train,의류,T1 정확표기,d7fa1a99-a4c0-4508-bf42-0697a555832d,올리브,의류,수영팔도시장(구 수영팔도상가시장),전통시장,부산광역시,,,
ebb9ac62193c3b101e48,full_annotation_v1,A,q_의류_02,의류 매장,패션·잡화 중 '의류'를 판매·제공하는 매장,train,의류,T1 정확표기,8816ea47-1194-4cd4-bfb9-47f7870f2487,매치,의류,주안시민지하도상점가,일반지하상점가,인천광역시,,,
3e74b7a005aefd861998,full_annotation_v1,A,q_의류_02,의류 매장,패션·잡화 중 '의류'를 판매·제공하는 매장,train,의류,T1 정확표기,03159423-3cb1-401e-af77-89751a639bb8,주홍,바지,아트프라자,자율상권구역,서울특별시,,,
f75353b2d2f51f9dd614,full_annotation_v1,A,q_의류_02,의류 매장,패션·잡화 중 '의류'를 판매·제공하는 매장,train,의류,T1 정확표기,9ec074fb-8b0c-4cb9-ae42-cf3fa0c064a6,지앤미,의류,광장시장,전통시장,서울특별시,,,
630893139b6670e31b65,full_annotation_v1,A,q_의류_02,의류 매장,패션·잡화 중 '의류'를 판매·제공하는 매장,train,의류,T1 정확표기,02851047-7760-4cdb-b811-74f6dff245bd,에덴의상실,수선,돈암시장,전통시장,서울특별시,,,
34aad18802fdb738a15e,full_annotation_v1,A,q_의류_02,의류 매장,패션·잡화 중 '의류'를 판매·제공하는 매장,train,의류,T1 정확표기,7176736e-3936-4f70-87d6-97de74d006f5,아로마,의류,동산상가,전통시장,대구광역시,,,
2c0c6abcb9c1729ff432,full_annotation_v1,A,q_의류_02,의류 매장,패션·잡화 중 '의류'를 판매·제공하는 매장,train,의류,T1 정확표기,007c84b4-7b91-431f-9cf2-61f2ac4a13b4,빛나크리닝,세탁업,삼각동 골목형상점가,골목형상점가,광주광역시,,,
97445e160cc36a2ab98b,full_annotation_v1,A,q_의류_02,의류 매장,패션·잡화 중 '의류'를 판매·제공하는 매장,train,의류,T1 정확표기,8e7d46b1-f8b0-4197-8f2e-9add92bf0437,올리브,의류,여주한글시장(여주중앙로상점가),전통시장,경기도,,,
238d8ba2b0490e62e590,full_annotation_v1,A,q_의류_02,의류 매장,패션·잡화 중 '의류'를 판매·제공하는 매장,train,의류,T1 정확표기,0dedc7f5-811a-4fb7-9c84-61a655d03b0d,크로바앞치마,앞치마,청주육거리종합시장,전통시장,충청북도,,,
d78b8b313773c7d2eee6,full_annotation_v1,A,q_의류_02,의류 매장,패션·잡화 중 '의류'를 판매·제공하는 매장,train,의류,T1 정확표기,000a92b3-0b5e-429e-af00-f86e3570e24b,클로버,의류,관문상가시장,전통시장,대구광역시,,,
2a5f375327a186e08a89,full_annotation_v1,A,q_의류_02,의류 매장,패션·잡화 중 '의류'를 판매·제공하는 매장,train,의류,T1 정확표기,00128db8-b700-42b3-be50-1760b6c08487,자이세탁,의류세탁,신봉하나로 골목형상점가,골목형상점가,경기도,,,
d822ec61dfd0d4fa2277,full_annotation_v1,A,q_의류_02,의류 매장,패션·잡화 중 '의류'를 판매·제공하는 매장,train,의류,T1 정확표기,e6db244b-e7bc-4fa1-92c3-c7d779d3da2d,케찹,의류,동산상가,전통시장,대구광역시,,,
1982bbdd67a630ccc8f8,full_annotation_v1,A,q_의류_02,의류 매장,패션·잡화 중 '의류'를 판매·제공하는 매장,train,의류,T1 정확표기,7cd5a2a9-6ed4-48a0-b8cc-1d1450972711,올리브,의류,창원 대동그린코아상가,전통시장,경상남도,,,
349382053462a4abe4d9,full_annotation_v1,A,q_의류_02,의류 매장,패션·잡화 중 '의류'를 판매·제공하는 매장,train,의류,T1 정확표기,9ccad040-ee26-41e6-8443-3c0c29f3797b,올리브,의류,인현지하도상가,일반지하상점가,인천광역시,,,
f719d0084f6da63e8c54,full_annotation_v1,A,q_의류_02,의류 매장,패션·잡화 중 '의류'를 판매·제공하는 매장,train,의류,T1 정확표기,4dc6dcc0-08bf-48ce-a016-c75c4e64780a,일공사104,의류,동산상가,전통시장,대구광역시,,,
97acf4702770407a053e,full_annotation_v1,A,q_의류_02,의류 매장,패션·잡화 중 '의류'를 판매·제공하는 매장,train,의류,T1 정확표기,e556f29d-f9ed-4a89-abd4-d693289d1580,비둘기,의류,진해중앙시장,전통시장,경상남도,,,
777cde4b3993aa572da3,full_annotation_v1,A,q_의류_02,의류 매장,패션·잡화 중 '의류'를 판매·제공하는 매장,train,의류,T1 정확표기,bb2f37e0-f825-49d9-a9e5-31b336c6215f,포인트,의류,인현지하도상가,일반지하상점가,인천광역시,,,
4a5cb0f0993dfe5a3d9c,full_annotation_v1,A,q_의류_02,의류 매장,패션·잡화 중 '의류'를 판매·제공하는 매장,train,의류,T1 정확표기,b4e80830-1eb7-4284-a970-f81e5a420972,어울림,의류,중앙로 지하상가 상점가,일반지하상점가,대전광역시,,,
59b89566b25db3f764bc,full_annotation_v1,A,q_의류_02,의류 매장,패션·잡화 중 '의류'를 판매·제공하는 매장,train,의류,T1 정확표기,52e35eb4-4ef3-4643-9f26-417b9401dc25,한일쇼핑매장,의류,강릉성남시장,전통시장,강원특별자치도,,,
53d9b0c2c0eeef70a8bf,full_annotation_v1,A,q_의류_02,의류 매장,패션·잡화 중 '의류'를 판매·제공하는 매장,train,의류,T1 정확표기,5677fa2c-053f-420e-936e-455a816b32cf,쏠레이오,의류,중앙로 지하상가 상점가,일반지하상점가,대전광역시,,,
2f6a07e3e17d422f7523,full_annotation_v1,A,q_의류_02,의류 매장,패션·잡화 중 '의류'를 판매·제공하는 매장,train,의류,T1 정확표기,c7526199-2bdf-43e8-b788-01a2f08b37d8,챞,의류,청계6가 지하쇼핑센터,일반지하상점가,서울특별시,,,
62bb14b07a02b0ac4045,full_annotation_v1,A,q_의류_02,의류 매장,패션·잡화 중 '의류'를 판매·제공하는 매장,train,의류,T1 정확표기,3375892e-2c82-4a70-a2b8-7ebd6e79eb08,라녹스,의류,서면지하도상가 부전몰,일반지하상점가,부산광역시,,,
e5a10ac6c6e466f1084f,full_annotation_v1,A,q_의류_02,의류 매장,패션·잡화 중 '의류'를 판매·제공하는 매장,train,의류,T1 정확표기,962ce0b0-4904-4446-8b48-fb550039c667,은좌의류,의류,모래내시장,전통시장,서울특별시,,,
d3e5dd968b97f4a7d51d,full_annotation_v1,A,q_의류_02,의류 매장,패션·잡화 중 '의류'를 판매·제공하는 매장,train,의류,T1 정확표기,c7d62d1c-31e3-4118-b834-ce583a02b3f7,오웬,의류,남대문시장,전통시장,서울특별시,,,
e7e91054368a59abb8e5,full_annotation_v1,A,q_의류_02,의류 매장,패션·잡화 중 '의류'를 판매·제공하는 매장,train,의류,T1 정확표기,00054f1d-4cae-4345-9975-1423bc49e4dc,착한아이들,의류,중앙전통시장,전통시장,울산광역시,,,
c77187d802ce847303d8,full_annotation_v1,A,q_의류_02,의류 매장,패션·잡화 중 '의류'를 판매·제공하는 매장,train,의류,T1 정확표기,12e9b4c6-59aa-41b2-b4e1-267c2d66140a,M 의류,의류,큰방림길 골목형상점가,골목형상점가,광주광역시,,,
14c51acc2eeee6561f56,full_annotation_v1,A,q_의류_02,의류 매장,패션·잡화 중 '의류'를 판매·제공하는 매장,train,의류,T1 정확표기,864aff10-d4a5-406e-88c6-471ceb2a6767,올리브,의류,부산자유시장,전통시장,부산광역시,,,
178156738d69d6e05737,full_annotation_v1,A,q_의류_02,의류 매장,패션·잡화 중 '의류'를 판매·제공하는 매장,train,의류,T1 정확표기,89bdb1aa-6c0a-4726-9f19-afc72614643e,윤블리,"의류, 전자상거래(의류)",부산평화시장,전통시장,부산광역시,,,
a83d3e85008580c4a54e,full_annotation_v1,A,q_의류_02,의류 매장,패션·잡화 중 '의류'를 판매·제공하는 매장,train,의류,T1 정확표기,04aacab6-be8f-4470-b58d-33d49bec0a4f,한스,도소매(기성복),통일상가,전통시장,서울특별시,,,
0f4791481ed256e84a9e,full_annotation_v1,A,q_의류_02,의류 매장,패션·잡화 중 '의류'를 판매·제공하는 매장,train,의류,T1 정확표기,02edb9ce-a58f-4d06-a0f7-8f3af74e85d0,로보키즈,장난감대여,용봉지구 골목형상점가,골목형상점가,광주광역시,,,
bb196809ded3cf5d854d,full_annotation_v1,A,q_의류_02,의류 매장,패션·잡화 중 '의류'를 판매·제공하는 매장,train,의류,T1 정확표기,22de649a-33fa-438f-84d5-c82615a2c6d2,코코,의류,김해 외동전통시장,전통시장,경상남도,,,
e853b4247eb310cf21e2,full_annotation_v1,A,q_의류_02,의류 매장,패션·잡화 중 '의류'를 판매·제공하는 매장,train,의류,T1 정확표기,5482c534-a5f5-474d-94f7-c21ff1c4431c,금산수삼센터17호,,금산수삼센터,전통시장,충청남도,,,
980893bc1cdaa7cc1ac8,full_annotation_v1,A,q_의류_02,의류 매장,패션·잡화 중 '의류'를 판매·제공하는 매장,train,의류,T1 정확표기,6654e40d-2302-4c15-b500-7ee55032956a,비비,의류,동평화시장(동평화패션타운),전통시장,서울특별시,,,
fb9e14389e770f77818d,full_annotation_v1,A,q_의류_02,의류 매장,패션·잡화 중 '의류'를 판매·제공하는 매장,train,의류,T1 정확표기,453c7257-40ca-4674-9958-4a04b5f91301,세븐일레븐 숭덕2점,편의점 매장,첨단이웃사랑 골목형상점가,골목형상점가,광주광역시,,,
9a0539b52eb29bcd58ab,full_annotation_v1,A,q_의류_02,의류 매장,패션·잡화 중 '의류'를 판매·제공하는 매장,train,의류,T1 정확표기,9e34a3ca-b0fc-4337-b2e7-1f6f6e9af18d,수지,의류,중앙로 지하상가 상점가,일반지하상점가,대전광역시,,,
9163c8e731250dde610f,full_annotation_v1,A,q_의류_02,의류 매장,패션·잡화 중 '의류'를 판매·제공하는 매장,train,의류,T1 정확표기,29b3a1cf-3b21-4b5a-831c-ff6a04b325f8,삼삼(33)고로케,고로케,속초중앙전통시장,전통시장,강원특별자치도,,,
8c606ab1e13173770a14,full_annotation_v1,A,q_의류_02,의류 매장,패션·잡화 중 '의류'를 판매·제공하는 매장,train,의류,T1 정확표기,42a5ebc2-802e-40b1-9bd6-2cb0e5bed631,코코,의류,㈜르네시떼,전통시장,부산광역시,,,
6939118c0775bde3a0e0,full_annotation_v1,A,q_의류_02,의류 매장,패션·잡화 중 '의류'를 판매·제공하는 매장,train,의류,T1 정확표기,014b6a30-fb19-4f0f-8ab0-5139e2368173,월드옷수선,의류수선,수원역전시장,전통시장,경기도,,,
69e2e308db5e1aa52231,full_annotation_v1,A,q_의류_02,의류 매장,패션·잡화 중 '의류'를 판매·제공하는 매장,train,의류,T1 정확표기,000a5a26-66b9-432f-bb77-247655765f2b,백조섬유,여성의류,서문시장 제5지구,전통시장,대구광역시,,,
a2941ff846c5c4278868,full_annotation_v1,A,q_의류_02,의류 매장,패션·잡화 중 '의류'를 판매·제공하는 매장,train,의류,T1 정확표기,66f30ca4-97b9-4ea3-97c7-cb8dcf88c2f1,다원(패션)의류,의류,결초보은시장(구 보은종합시장),전통시장,충청북도,,,
969da807b638a32d75b3,full_annotation_v1,A,q_의류_02,의류 매장,패션·잡화 중 '의류'를 판매·제공하는 매장,train,의류,T1 정확표기,f46cdda8-6489-40b0-84b3-13255fa501a7,안양청바지적매장,의류,안양중앙인정시장,전통시장,경기도,,,
f7f26eb293330f14313d,full_annotation_v1,A,q_의류_02,의류 매장,패션·잡화 중 '의류'를 판매·제공하는 매장,train,의류,T1 정확표기,4597d7ca-b02a-45da-8866-cd439935fe49,꽁이,의류,신창상가,전통시장,부산광역시,,,
11aa45613de4b8bdf943,full_annotation_v1,A,q_의류_02,의류 매장,패션·잡화 중 '의류'를 판매·제공하는 매장,train,의류,T1 정확표기,ce2c7c47-7b5d-4cf9-97bb-36d058f60517,첨단콜핑,의류,첨단지구 골목형상점가,골목형상점가,광주광역시,,,
ff374d146bf8d3092c6c,full_annotation_v1,A,q_의류_02,의류 매장,패션·잡화 중 '의류'를 판매·제공하는 매장,train,의류,T1 정확표기,16ac2a7b-62fb-4d79-9d4b-a863084ac320,애플패션,의류,신정상가시장,전통시장,울산광역시,,,
498aa0e17549383404f1,full_annotation_v1,A,q_의류_02,의류 매장,패션·잡화 중 '의류'를 판매·제공하는 매장,train,의류,T1 정확표기,013a01ba-2abc-42d5-9f1b-e0708f0a806b,경남,의류(기타 의복 소매),부산진시장,전통시장,부산광역시,,,
d56c0a93bc5997cf88ab,full_annotation_v1,A,q_의류_02,의류 매장,패션·잡화 중 '의류'를 판매·제공하는 매장,train,의류,T1 정확표기,0213d775-a9ba-4c68-8b2b-ee3ed98c4d46,썬라이즈,기터의복,진주 중앙상점가,자율상권구역,경상남도,,,
f1c42d168139ac6c97b1,full_annotation_v1,A,q_의류_02,의류 매장,패션·잡화 중 '의류'를 판매·제공하는 매장,train,의류,T1 정확표기,84964e59-6441-40ea-a6f0-807174989109,진저리,의류,성남중앙지하시장,일반지하상점가,경기도,,,
28e5d49e6d575a90c6e5,full_annotation_v1,A,q_의류_02,의류 매장,패션·잡화 중 '의류'를 판매·제공하는 매장,train,의류,T1 정확표기,d9337bbd-d811-4449-81ed-c54fd431f26b,란체티할인매장,의류,죽전로데오상점가,전통시장,경기도,,,
d7162c3eaba4215a2bf6,full_annotation_v1,A,q_의류_02,의류 매장,패션·잡화 중 '의류'를 판매·제공하는 매장,train,의류,T1 정확표기,a599e8a5-03d6-4447-96bc-1686e3067f2e,올리브,의류,오류버들시장골목형상점가,골목형상점가,서울특별시,,,
351494cb1a352d90e476,full_annotation_v1,A,q_의류_02,의류 매장,패션·잡화 중 '의류'를 판매·제공하는 매장,train,의류,T1 정확표기,05ceaf94-c8e1-4ec6-9148-be979dc3614f,달인옷수선,수선,양산 덕계종합상설시장,전통시장,경상남도,,,
ba37234f9c0879c1a13b,full_annotation_v1,A,q_의류_02,의류 매장,패션·잡화 중 '의류'를 판매·제공하는 매장,train,의류,T1 정확표기,1e9402f4-4eb9-4294-a7e2-1a54e4c72da1,로닌,의류,은행동상점가(구 으능정이상점가),자율상권구역,대전광역시,,,
f1c147200f526a90dc2f,full_annotation_v1,A,q_의류_02,의류 매장,패션·잡화 중 '의류'를 판매·제공하는 매장,train,의류,T1 정확표기,0a754265-2851-4711-a530-dffc7f762a85,쉬즈미스,의류,정읍새암로상점가,자율상권구역,전북특별자치도,,,
2c7af0ea69b5299aac9c,full_annotation_v1,A,q_의류_02,의류 매장,패션·잡화 중 '의류'를 판매·제공하는 매장,train,의류,T1 정확표기,28f4865a-0bc3-42a4-a826-ed20cedacb17,엠엘비영주대리점,의류,영주문화시장,전통시장,경상북도,,,
c806712ba82616c96349,full_annotation_v1,A,q_의류_02,의류 매장,패션·잡화 중 '의류'를 판매·제공하는 매장,train,의류,T1 정확표기,07db0235-e6d4-45bf-8a47-ab8b01f06574,럭키블럭,장난감,연제초 앞 골목형상점가,골목형상점가,광주광역시,,,
8d3df57feb37c8e51b02,full_annotation_v1,A,q_의류_02,의류 매장,패션·잡화 중 '의류'를 판매·제공하는 매장,train,의류,T1 정확표기,7af16959-41ca-47dc-a5d7-7ff8f7f0f901,올리브,의류,버드내코아 골목형상점가,골목형상점가,대전광역시,,,
555b9daad8feac8ed935,full_annotation_v1,A,q_의류_02,의류 매장,패션·잡화 중 '의류'를 판매·제공하는 매장,train,의류,T1 정확표기,4db9e9f7-ce82-4439-bc36-7391e62a1c75,올리브#,의류,제주시민속오일시장,전통시장,제주특별자치도,,,
2cafedea25e51e94bd04,full_annotation_v1,A,q_의류_02,의류 매장,패션·잡화 중 '의류'를 판매·제공하는 매장,train,의류,T1 정확표기,0cd4e040-9521-44ca-809c-d51f100e9356,토이빌리지,유아완구.장난감,석교동 이웃마루 골목형상점가,골목형상점가,대전광역시,,,
4c2bdfb9c382e0895843,full_annotation_v1,A,q_의류_02,의류 매장,패션·잡화 중 '의류'를 판매·제공하는 매장,train,의류,T1 정확표기,026c5d57-26e4-48c1-a181-862bcda8df43,블럭팡 아산탕정점,장난감,한들물빛도시 골목형 상점가,골목형상점가,충청남도,,,
894f55bfa8cb492dd311,full_annotation_v1,A,q_의류_02,의류 매장,패션·잡화 중 '의류'를 판매·제공하는 매장,train,의류,T1 정확표기,078f51c7-dbe7-46b5-9089-2e2824e6553c,장흥수산,낙지 홍어 바지락,대인시장,전통시장,광주광역시,,,
c2db91c283b9e73e70bf,full_annotation_v1,A,q_의류_02,의류 매장,패션·잡화 중 '의류'를 판매·제공하는 매장,train,의류,T1 정확표기,193444be-71ac-4b80-bf18-949d2c643bda,옷마트,의류,봉리단길골목형상점가,골목형상점가,서울특별시,,,
00b2b3bb981c0e0acde0,full_annotation_v1,A,q_의류_02,의류 매장,패션·잡화 중 '의류'를 판매·제공하는 매장,train,의류,T1 정확표기,da8251c7-0bd9-41c3-bc27-eea5efa9c596,삼억사,의류,현풍백년도깨비시장,전통시장,대구광역시,,,
caa01472b8a0a5d0b3c9,full_annotation_v1,A,q_의류_02,의류 매장,패션·잡화 중 '의류'를 판매·제공하는 매장,train,의류,T1 정확표기,014602ec-34d6-41db-98d1-f7941ce5c2da,밝은 세탁,수선,노대물빛근린공원 골목형상점가,골목형상점가,광주광역시,,,
0ea286f124e63840f22d,full_annotation_v1,A,q_의류_02,의류 매장,패션·잡화 중 '의류'를 판매·제공하는 매장,train,의류,T1 정확표기,a82f96f8-46ac-4c42-8da8-8ad641026ce3,숄트,의류,부산자유시장,전통시장,부산광역시,,,
22c67b93d1a522dc546d,full_annotation_v1,A,q_의류_02,의류 매장,패션·잡화 중 '의류'를 판매·제공하는 매장,train,의류,T1 정확표기,0ab4febb-1ab2-42cf-aae3-53c528083921,에스텔라,의류(기성복),평화로상가,자율상권구역,경상북도,,,
325a407f8a4ba1b6f809,full_annotation_v1,A,q_의류_02,의류 매장,패션·잡화 중 '의류'를 판매·제공하는 매장,train,의류,T1 정확표기,10a136cc-7feb-480e-ab09-14e576c90903,올리브,의류,서문시장2지구 종합상가,전통시장,대구광역시,,,
dcc88cfe7091943ec5bf,full_annotation_v1,A,q_의류_02,의류 매장,패션·잡화 중 '의류'를 판매·제공하는 매장,train,의류,T1 정확표기,18798c1e-a4e9-44b0-8d40-9b1a69b91ee7,고벨화,의류,마산 부림지하상가시장,전통시장,경상남도,,,
70ae61d0cf63ee1f7ab8,full_annotation_v1,A,q_의류_02,의류 매장,패션·잡화 중 '의류'를 판매·제공하는 매장,train,의류,T1 정확표기,00fd4bd1-180e-4d03-895c-331fb333c6e4,전주송천점폴햄,섬유 의복 신발 및 가죽제품,송천행복로 골목형상점가,골목형상점가,전북특별자치도,,,
4d4227d6a1f0951498b8,full_annotation_v1,A,q_의류_02,의류 매장,패션·잡화 중 '의류'를 판매·제공하는 매장,train,의류,T1 정확표기,69e68669-aa09-4e98-bff1-e5cb3e75ef14,폰케이스 매장,폰케이스,메트로센터(반월당지하쇼핑),일반지하상점가,대구광역시,,,
d0e97b238bc565d99ea6,full_annotation_v1,A,q_의류_02,의류 매장,패션·잡화 중 '의류'를 판매·제공하는 매장,train,의류,T1 정확표기,e4027dbf-f149-4daa-ac98-c65f99232e09,파리바게뜨운남점,제과,운남동우체국 골목형상점가,골목형상점가,광주광역시,,,
f9c9c832702cc01dbe83,full_annotation_v1,A,q_의류_02,의류 매장,패션·잡화 중 '의류'를 판매·제공하는 매장,train,의류,T1 정확표기,bc59f180-160c-42fa-bed5-11e12133ef83,랠리,의류,풍2동 골목형상점가,골목형상점가,경기도,,,
3506e3f047151efc3c6f,full_annotation_v1,A,q_의류_02,의류 매장,패션·잡화 중 '의류'를 판매·제공하는 매장,train,의류,T1 정확표기,42e09c7b-3ff5-4135-932a-7ed5efcb8b19,올리브,의류,석바위지하도상점가,일반지하상점가,인천광역시,,,
6809b7aebe84f20149a3,full_annotation_v1,A,q_의류_02,의류 매장,패션·잡화 중 '의류'를 판매·제공하는 매장,train,의류,T1 정확표기,1943c599-6590-4dc5-8d6c-39bf7bf95dc1,쪼리,"청바지, 악세사리",경주중심상가,전통시장,경상북도,,,
83f7115f3aa3796b89a0,full_annotation_v1,A,q_의류_02,의류 매장,패션·잡화 중 '의류'를 판매·제공하는 매장,train,의류,T1 정확표기,a0404d3b-1187-4e5c-bac4-a91b64338f95,그믐,의류,여수진남상가,자율상권구역,전라남도,,,
f4d339fc2dafedcfe6c6,full_annotation_v1,A,q_의류_02,의류 매장,패션·잡화 중 '의류'를 판매·제공하는 매장,train,의류,T1 정확표기,d841232e-050a-435c-a528-1eb2b1a6a5b0,여주반찬,"소매업(반찬, 전자상거래업)",망원동월드컵시장,전통시장,서울특별시,,,
5c8fee297738477a4f04,full_annotation_v1,A,q_의류_02,의류 매장,패션·잡화 중 '의류'를 판매·제공하는 매장,train,의류,T1 정확표기,81955b7f-0c66-45da-8016-6db3d50cbd49,대박떡집,떡,왜관시장,전통시장,경상북도,,,
8182782ef41d25080e31,full_annotation_v1,A,q_의류_02,의류 매장,패션·잡화 중 '의류'를 판매·제공하는 매장,train,의류,T1 정확표기,bb59470d-477d-4f66-b99f-b879f2c9b4b1,속옷나라,의류,밤고개자연시장(내덕자연시장),전통시장,충청북도,,,
2e71e080c368d169c57c,full_annotation_v1,A,q_의류_02,의류 매장,패션·잡화 중 '의류'를 판매·제공하는 매장,train,의류,T1 정확표기,3284a32d-cfa8-422a-8f8c-e18828db694b,20세기의류,의류,서천특화시장,전통시장,충청남도,,,
15c3b7e475e1cedfe4f9,full_annotation_v1,A,q_의류_02,의류 매장,패션·잡화 중 '의류'를 판매·제공하는 매장,train,의류,T1 정확표기,f098ba24-7898-421c-90a0-41782d9d7b79,올리브,의류,은마종합상점가,자율상권구역,서울특별시,,,
2de1cb2ffd856b3bae3f,full_annotation_v1,A,q_의류_02,의류 매장,패션·잡화 중 '의류'를 판매·제공하는 매장,train,의류,T1 정확표기,6235443e-305b-4130-a6c8-5f6863e6e147,올리브,의류,구리전통시장,전통시장,경기도,,,
aeab4dc4752f35fc9c0f,full_annotation_v1,A,q_의류_02,의류 매장,패션·잡화 중 '의류'를 판매·제공하는 매장,train,의류,T1 정확표기,57659014-bda8-4127-9cf4-6b5b0702fe73,명동구제의류,의류,청주육거리종합시장,전통시장,충청북도,,,
42a6108d0efef3e7a394,full_annotation_v1,A,q_의류_02,의류 매장,패션·잡화 중 '의류'를 판매·제공하는 매장,train,의류,T1 정확표기,05291547-c22d-430e-95c2-e31bda19a90a,슈퍼타이 본점,세탁,월드시티상가 골목형상점가,골목형상점가,울산광역시,,,
f0e1ba0730e8e9daa83d,full_annotation_v1,A,q_의류_02,의류 매장,패션·잡화 중 '의류'를 판매·제공하는 매장,train,의류,T1 정확표기,8d080844-a780-472b-a561-fb5e927cc241,올리브,의류,남대문시장,전통시장,서울특별시,,,
957bdeff011e44ae9883,full_annotation_v1,A,q_의류_02,의류 매장,패션·잡화 중 '의류'를 판매·제공하는 매장,train,의류,T1 정확표기,8260ed0d-2feb-4fd6-87df-fa2eb971a85e,올리브,의류,과천새서울프라자시장,전통시장,경기도,,,
a0b0100b1e5bef41ae58,full_annotation_v1,A,q_의류_02,의류 매장,패션·잡화 중 '의류'를 판매·제공하는 매장,train,의류,T1 정확표기,9c8c5614-0dec-436b-b226-40862b0dc92b,땅스부대찌개,,수영팔도시장(구 수영팔도상가시장),전통시장,부산광역시,,,
817e8503e3b3ca294c29,full_annotation_v1,A,q_의류_02,의류 매장,패션·잡화 중 '의류'를 판매·제공하는 매장,train,의류,T1 정확표기,91246180-8fd2-4c81-ae22-5b1bc0b7ffa0,올리브,의류,전주중앙상가시장,전통시장,전북특별자치도,,,
8a8f8f4972e1923f3638,full_annotation_v1,A,q_의류_02,의류 매장,패션·잡화 중 '의류'를 판매·제공하는 매장,train,의류,T1 정확표기,d701014f-161e-4a10-817c-dfacd7639cc3,강진속옷매장,의류,강진읍 상권활성화구역,상권활성화구역,전라남도,,,
2b6daa7c51f432dfbcab,full_annotation_v1,A,q_의류_02,의류 매장,패션·잡화 중 '의류'를 판매·제공하는 매장,train,의류,T1 정확표기,e739ac90-8eb3-4685-9ad0-0775ccef3d2f,비젼,의류,아트프라자,자율상권구역,서울특별시,,,
14744d888a845c558e0a,full_annotation_v1,A,q_의류_02,의류 매장,패션·잡화 중 '의류'를 판매·제공하는 매장,train,의류,T1 정확표기,3fbc9a3d-3684-49ab-bf09-52a5477cdc5f,만원샵,의류,익산매일시장,전통시장,전북특별자치도,,,
a23f7e6927bbeaf74e9e,full_annotation_v1,A,q_의류_02,의류 매장,패션·잡화 중 '의류'를 판매·제공하는 매장,train,의류,T1 정확표기,1a0986e1-b222-4e00-adc6-07f62062e46b,궁중떡집,떡,야사문화골목형상점가,골목형상점가,경상북도,,,
e9b29d3139472670c2a8,full_annotation_v1,A,q_의류_02,의류 매장,패션·잡화 중 '의류'를 판매·제공하는 매장,train,의류,T1 정확표기,61eb3e4c-7709-49c1-a45e-b98571e530c7,"이동숙신발,의류",의류,장위전통시장,전통시장,서울특별시,,,
dacaf28c4f0d96412ced,full_annotation_v1,A,q_의류_02,의류 매장,패션·잡화 중 '의류'를 판매·제공하는 매장,train,의류,T1 정확표기,f16921ee-7067-4f37-905e-0e8e16e8576f,비웜,의류,전북대대학로상점가,자율상권구역,전북특별자치도,,,
0d174dbbd23721f95665,full_annotation_v1,A,q_의류_02,의류 매장,패션·잡화 중 '의류'를 판매·제공하는 매장,train,의류,T1 정확표기,a96e3527-2025-4442-9e38-faa62c525d48,도로시,의류,목포원도심상점가,자율상권구역,전라남도,,,
15cda6ac614b29146a70,full_annotation_v1,A,q_의류_02,의류 매장,패션·잡화 중 '의류'를 판매·제공하는 매장,train,의류,T1 정확표기,dc3823f7-3afa-43f6-a2c5-439f208e48e9,코코,의류,서문시장2지구 종합상가,전통시장,대구광역시,,,
f962c27b958918c4b58f,full_annotation_v1,A,q_의류_02,의류 매장,패션·잡화 중 '의류'를 판매·제공하는 매장,train,의류,T1 정확표기,00fc2b18-ffa0-45b1-b03a-af61257944a9,충일구두수선,구두수선,충주무학시장,전통시장,충청북도,,,
5435a425192c787b38bc,full_annotation_v1,A,q_의류_02,의류 매장,패션·잡화 중 '의류'를 판매·제공하는 매장,train,의류,T1 정확표기,18d014d4-5a51-42bb-b2ba-6beabc2404db,BABI (바비),"의류 청바지, 티셔츠, 원피스, 자켓 및 악세사리",의정부로데오상점가,자율상권구역,경기도,,,
644cb095ad49db84854d,full_annotation_v1,A,q_의류_02,의류 매장,패션·잡화 중 '의류'를 판매·제공하는 매장,train,의류,T1 정확표기,68dd02e6-0caa-4b23-9ba9-e8afc1d6e08b,올리브,의류,미금현대벤처빌시장,전통시장,경기도,,,
d5535683523dd4cf2dd9,full_annotation_v1,A,q_의류_02,의류 매장,패션·잡화 중 '의류'를 판매·제공하는 매장,train,의류,T1 정확표기,912fd70f-b2e9-405f-9301-ba463f2b50a8,우진이네의류매장,"아동, 청소년복",충주무학시장,전통시장,충청북도,,,
6d24c5e3573dfe3501e1,full_annotation_v1,A,q_의류_02,의류 매장,패션·잡화 중 '의류'를 판매·제공하는 매장,train,의류,T1 정확표기,44b02f31-adca-4980-8007-e9e5e3dd6b72,더품(조은침장),침구수예,새길시장,전통시장,대구광역시,,,
bca69a989260c47122a2,full_annotation_v1,A,q_의류_02,의류 매장,패션·잡화 중 '의류'를 판매·제공하는 매장,train,의류,T1 정확표기,09b55ffd-48d2-4cf4-a1d9-1d13cc7a7de7,오리온,기성복,남대문시장,전통시장,서울특별시,,,
0e9edcb21f9936d939aa,full_annotation_v1,A,q_의류_02,의류 매장,패션·잡화 중 '의류'를 판매·제공하는 매장,train,의류,T1 정확표기,98cdf3e5-5ad6-4d6b-be49-ae26238af44f,구미 옷가게 슬릭앤코(SLEEK AND CO),,문화로 자율상권구역,,경상북도,,,
958bcec5ac66c6c2e3ab,full_annotation_v1,A,q_의류_02,의류 매장,패션·잡화 중 '의류'를 판매·제공하는 매장,train,의류,T1 정확표기,2d9a91df-c256-4726-9e01-9e491c7b297a,블루,옷가게,전주중앙상가시장,전통시장,전북특별자치도,,,
35392ae4fac9ec5e31f3,full_annotation_v1,A,q_의류_02,의류 매장,패션·잡화 중 '의류'를 판매·제공하는 매장,train,의류,T1 정확표기,7089e7dd-32ce-42a0-8a4b-86eb2232951b,풍경,의류,군산공설시장,전통시장,전북특별자치도,,,
acc0ac5c7fc7877c51b2,full_annotation_v1,A,q_의류_02,의류 매장,패션·잡화 중 '의류'를 판매·제공하는 매장,train,의류,T1 정확표기,f831281d-3653-4438-a98a-193a665a2f62,보구,의류,신창상가,전통시장,부산광역시,,,
b79267d1e09e87a8f513,full_annotation_v1,A,q_의류_02,의류 매장,패션·잡화 중 '의류'를 판매·제공하는 매장,train,의류,T1 정확표기,00e9be42-1358-4d8a-91f4-119aaed2a77b,백경사,"작업복, 기성복, 안전화 등",부산진시장,전통시장,부산광역시,,,
50ce4900342714d3742b,full_annotation_v1,A,q_의류_02,의류 매장,패션·잡화 중 '의류'를 판매·제공하는 매장,train,의류,T1 정확표기,43765f78-3ff1-4aed-a108-ffdb92db4f29,센존의류,의류,부평 문화의거리,전통시장,인천광역시,,,
2b89e2c478769c9471dc,full_annotation_v1,A,q_의류_02,의류 매장,패션·잡화 중 '의류'를 판매·제공하는 매장,train,의류,T1 정확표기,bdbc29dd-c5bf-41d0-90ba-65872a80f5b3,에셍,의류,아트프라자,자율상권구역,서울특별시,,,
ab918d0b242792d4af69,full_annotation_v1,A,q_의류_02,의류 매장,패션·잡화 중 '의류'를 판매·제공하는 매장,train,의류,T1 정확표기,6f59a978-9943-4b2e-800e-15c123042537,올리브,의류,성남중앙지하시장,일반지하상점가,경기도,,,
d89a187273950b505261,full_annotation_v1,A,q_의류_02,의류 매장,패션·잡화 중 '의류'를 판매·제공하는 매장,train,의류,T1 정확표기,25650d2a-62ce-4d8f-a49e-59872d81202e,의류매장,의류,흑석사거리 골목형상점가,골목형상점가,광주광역시,,,
a567223d8d1995d9d4d9,full_annotation_v1,A,q_의류_02,의류 매장,패션·잡화 중 '의류'를 판매·제공하는 매장,train,의류,T1 정확표기,5a7b1ce8-a9d0-413e-b9de-ba946df89b9b,올리브,의류,교동시장1길 상점가,자율상권구역,대구광역시,,,
9d26ee78e12812f94878,full_annotation_v1,A,q_의류_02,의류 매장,패션·잡화 중 '의류'를 판매·제공하는 매장,train,의류,T1 정확표기,023923b8-1217-420d-94da-1dbed6318c95,두올수선,옷수선,부평대아지하상점가,일반지하상점가,인천광역시,,,
65edde2f064668f3fc7f,full_annotation_v1,A,q_의류_02,의류 매장,패션·잡화 중 '의류'를 판매·제공하는 매장,train,의류,T1 정확표기,525b6f55-0cd3-40d4-a9e6-baca3076bc18,GS25두암에이스,먹거리 및 생황용품,두암2동 골목형상점가,골목형상점가,광주광역시,,,
92d5fdef041f472b9399,full_annotation_v1,A,q_의류_02,의류 매장,패션·잡화 중 '의류'를 판매·제공하는 매장,train,의류,T1 정확표기,7abe9bfa-9293-4295-b2b1-309393c65058,올킬,의류,부산대자율상권구역,,부산광역시,,,
6c701b652c00e426e18c,full_annotation_v1,A,q_의류_02,의류 매장,패션·잡화 중 '의류'를 판매·제공하는 매장,train,의류,T1 정확표기,05e6b9e7-3971-4a4f-b541-26089f913728,민지의상실,수선,제천중앙시장,전통시장,충청북도,,,
eba0e9024330adf9f35f,full_annotation_v1,A,q_의류_02,의류 매장,패션·잡화 중 '의류'를 판매·제공하는 매장,train,의류,T1 정확표기,d4ad357a-36d2-4ee2-89e5-12a4cc912988,새삥,의류,동산상가,전통시장,대구광역시,,,
56fa0cc4ad54091549fa,full_annotation_v1,A,q_의류_02,의류 매장,패션·잡화 중 '의류'를 판매·제공하는 매장,train,의류,T1 정확표기,98e62e8e-c479-468c-a858-bcc81fc1b07d,뷸라,의류,중계 씨앤미 상가,자율상권구역,서울특별시,,,
9aea81fb04fb3e57622f,full_annotation_v1,A,q_의류_02,의류 매장,패션·잡화 중 '의류'를 판매·제공하는 매장,train,의류,T1 정확표기,0304511e-62e7-4e31-8d19-61a115ffaa76,깔롱쟁이,의복,봉선1로 골목형상점가,골목형상점가,광주광역시,,,
599b1cc7a8a5dadc1497,full_annotation_v1,A,q_의류_02,의류 매장,패션·잡화 중 '의류'를 판매·제공하는 매장,train,의류,T1 정확표기,92434a9f-69fb-4af6-95f4-cb445974679a,꼬장,의류,전주중앙상가시장,전통시장,전북특별자치도,,,
1b6403c6ce8f89aa096d,full_annotation_v1,A,q_의류_02,의류 매장,패션·잡화 중 '의류'를 판매·제공하는 매장,train,의류,T1 정확표기,19302821-2b5d-4d61-860c-0328418dc8e2,또와,기성복,아트프라자,자율상권구역,서울특별시,,,
ec9997b5d9895592e8fb,full_annotation_v1,A,q_의류_02,의류 매장,패션·잡화 중 '의류'를 판매·제공하는 매장,train,의류,T1 정확표기,4ee0118b-3219-485b-8538-6e958774ade5,놈앤놈스,의류,천안신부문화거리상점가,자율상권구역,충청남도,,,
e720debade1b05bba0a9,full_annotation_v1,A,q_의류_02,의류 매장,패션·잡화 중 '의류'를 판매·제공하는 매장,train,의류,T1 정확표기,03a58cd8-1705-4bf2-8be7-3a160d1c25df,중앙수선,의복수선,중앙도매시장,전통시장,대전광역시,,,
8ef9029d150a1d2d9fd4,full_annotation_v1,A,q_의류_02,의류 매장,패션·잡화 중 '의류'를 판매·제공하는 매장,train,의류,T1 정확표기,1fe5d342-1bc6-4026-b2c7-414156a92b18,경충사,의류,동산상가,전통시장,대구광역시,,,
42fb8b3edfc16197f113,full_annotation_v1,A,q_의류_02,의류 매장,패션·잡화 중 '의류'를 판매·제공하는 매장,train,의류,T1 정확표기,0743783e-8456-40b3-8ece-e592d976b7af,데님647,청바지,백년소상공인,기타,서울특별시,,,
1425561d574fc486fd7a,full_annotation_v1,A,q_의류_02,의류 매장,패션·잡화 중 '의류'를 판매·제공하는 매장,train,의류,T1 정확표기,513191ec-cb79-4474-856e-aa79fb2cb465,로즈다이아몬드,의류,중앙로 지하상가 상점가,일반지하상점가,대전광역시,,,
5e3e4f06f0d3a14f83d4,full_annotation_v1,A,q_의류_02,의류 매장,패션·잡화 중 '의류'를 판매·제공하는 매장,train,의류,T1 정확표기,f55b7c11-c9e3-433a-b571-14e8994c85f7,레이디,의류,평화시장,전통시장,서울특별시,,,
ab7cba0b26c8964c5be4,full_annotation_v1,A,q_의류_02,의류 매장,패션·잡화 중 '의류'를 판매·제공하는 매장,train,의류,T1 정확표기,00c60bef-93f3-4d19-a8e8-aeae0ef0fe43,이삭의상실,"패션디자인마춤양장, 스포츠이류및용품",군산 원도심 골목형상점가,골목형상점가,전북특별자치도,,,
eee582f2a487285e31f1,full_annotation_v1,A,q_의류_02,의류 매장,패션·잡화 중 '의류'를 판매·제공하는 매장,train,의류,T1 정확표기,d7ef6e4b-fad5-4d0a-a9fa-760386c3d76f,PAT대전점,의류,중앙상가시장,전통시장,대전광역시,,,
b310470b6aab76a132c7,full_annotation_v1,A,q_의류_02,의류 매장,패션·잡화 중 '의류'를 판매·제공하는 매장,train,의류,T1 정확표기,fabe0c31-b92d-42d7-8ebc-cddd58014aad,올리브,의류,흥국상가,자율상권구역,전라남도,,,
9ceaf949d4f661bf62c3,full_annotation_v1,A,q_의류_02,의류 매장,패션·잡화 중 '의류'를 판매·제공하는 매장,train,의류,T1 정확표기,7971d18e-83d6-4a98-aa3b-95a523083e34,뵈뵈,의류,부산평화시장,전통시장,부산광역시,,,
46e1fe2fb739c972135f,full_annotation_v1,A,q_의류_02,의류 매장,패션·잡화 중 '의류'를 판매·제공하는 매장,train,의류,T1 정확표기,7245b17b-2159-4386-9839-d30931049d57,올리브,의류,마산 부림지하상가시장,일반지하상점가,경상남도,,,
6a21f2c562bac94f50a7,full_annotation_v1,A,q_의류_02,의류 매장,패션·잡화 중 '의류'를 판매·제공하는 매장,train,의류,T1 정확표기,00c164d0-76c7-4e7a-9676-ecfdbb052077,크린토피아신창점,세탁,신창수문 골목형상점가,골목형상점가,광주광역시,,,
020f9c7ed120de9d62b8,full_annotation_v1,A,q_의류_02,의류 매장,패션·잡화 중 '의류'를 판매·제공하는 매장,train,의류,T1 정확표기,764bb857-e26f-4e36-bf80-c72194dd07ac,웁스,의류,테크노상가,전통시장,서울특별시,,,
43296b04f83d2f447bfb,full_annotation_v1,A,q_의류_02,의류 매장,패션·잡화 중 '의류'를 판매·제공하는 매장,train,의류,T1 정확표기,03938df9-3e91-4681-9dac-e5687a891dd2,가방가게,패션잡화,순천원도심상점가,자율상권구역,전라남도,,,
f57b9f62593fbc52eb5a,full_annotation_v1,A,q_의류_03,바지,패션·잡화 중 '의류'를 판매·제공하는 매장,train,의류,T2 동의어,014602ec-34d6-41db-98d1-f7941ce5c2da,밝은 세탁,수선,노대물빛근린공원 골목형상점가,골목형상점가,광주광역시,,,
319350c6256d26e42214,full_annotation_v1,A,q_의류_03,바지,패션·잡화 중 '의류'를 판매·제공하는 매장,train,의류,T2 동의어,00c60bef-93f3-4d19-a8e8-aeae0ef0fe43,이삭의상실,"패션디자인마춤양장, 스포츠이류및용품",군산 원도심 골목형상점가,골목형상점가,전북특별자치도,,,
78e9c506ed4361dca44b,full_annotation_v1,A,q_의류_03,바지,패션·잡화 중 '의류'를 판매·제공하는 매장,train,의류,T2 동의어,5e617800-a89a-475c-a9f3-6970643fd19e,써니청바지,의류,공항골목시장골목형상점가,골목형상점가,서울특별시,,,
55cfaf2592a73fb5453a,full_annotation_v1,A,q_의류_03,바지,패션·잡화 중 '의류'를 판매·제공하는 매장,train,의류,T2 동의어,00fd4bd1-180e-4d03-895c-331fb333c6e4,전주송천점폴햄,섬유 의복 신발 및 가죽제품,송천행복로 골목형상점가,골목형상점가,전북특별자치도,,,
2d1dc8c1252cf62b43e1,full_annotation_v1,A,q_의류_03,바지,패션·잡화 중 '의류'를 판매·제공하는 매장,train,의류,T2 동의어,019c9868-92c6-4e25-b2ea-903f322c9acf,맡겨봐신발세탁,세탁,임동 골목형상점가,골목형상점가,광주광역시,,,
6bd36cd70cbfce0a229a,full_annotation_v1,A,q_의류_03,바지,패션·잡화 중 '의류'를 판매·제공하는 매장,train,의류,T2 동의어,d9fbb8e4-0fdb-4967-a8be-b1f8439fe85a,순수커피,,사동로 골목형상점가,골목형상점가,,,,
6d440dc71f13206b9464,full_annotation_v1,A,q_의류_03,바지,패션·잡화 중 '의류'를 판매·제공하는 매장,train,의류,T2 동의어,03938df9-3e91-4681-9dac-e5687a891dd2,가방가게,패션잡화,순천원도심상점가,자율상권구역,전라남도,,,
898251ef2c694713793a,full_annotation_v1,A,q_의류_03,바지,패션·잡화 중 '의류'를 판매·제공하는 매장,train,의류,T2 동의어,aca3a7c0-9586-4cde-8653-9a9398764b77,오줌싼바지,,마산 (주)대현프리몰 지하도상점가,일반지하상점가,경상남도,,,
70e018a5799de60c460c,full_annotation_v1,A,q_의류_03,바지,패션·잡화 중 '의류'를 판매·제공하는 매장,train,의류,T2 동의어,43bd5c09-5b78-4634-a19b-7942c13014c9,꽃샘바지,의류,전주모래내시장,전통시장,전북특별자치도,,,
d657597550eb2c09f40d,full_annotation_v1,A,q_의류_03,바지,패션·잡화 중 '의류'를 판매·제공하는 매장,train,의류,T2 동의어,000a5a26-66b9-432f-bb77-247655765f2b,백조섬유,여성의류,서문시장 제5지구,전통시장,대구광역시,,,
cc3cf4aad07245b5c84c,full_annotation_v1,A,q_의류_03,바지,패션·잡화 중 '의류'를 판매·제공하는 매장,train,의류,T2 동의어,2313bb0f-435c-439d-bade-ecdcf64afa2a,젬마(YS_jemma),"니트, 바지",제일평화시장,전통시장,서울특별시,,,
f9d563fd6fbff26c68ba,full_annotation_v1,A,q_의류_03,바지,패션·잡화 중 '의류'를 판매·제공하는 매장,train,의류,T2 동의어,c567980e-8861-474c-894c-5763b28d8482,인물스튜디오,앨범사진(제작),군산나운상가 골목형상점가,골목형상점가,전북특별자치도,,,
a25c065ee8d98a3a6d90,full_annotation_v1,A,q_의류_03,바지,패션·잡화 중 '의류'를 판매·제공하는 매장,train,의류,T2 동의어,f403a7c1-60e0-400e-869f-342644eb3cde,명진란제리,"메리야스, 란제리",㈜르네시떼,전통시장,부산광역시,,,
8e456d58759845b513aa,full_annotation_v1,A,q_의류_03,바지,패션·잡화 중 '의류'를 판매·제공하는 매장,train,의류,T2 동의어,0304511e-62e7-4e31-8d19-61a115ffaa76,깔롱쟁이,의복,봉선1로 골목형상점가,골목형상점가,광주광역시,,,
313a1e3869e8636fe911,full_annotation_v1,A,q_의류_03,바지,패션·잡화 중 '의류'를 판매·제공하는 매장,train,의류,T2 동의어,00172c94-61f0-4197-afeb-d7e8187c79b5,옷이예쁘다,의류,메트로센터(반월당지하쇼핑),일반지하상점가,대구광역시,,,
f40e478be444831b8a4e,full_annotation_v1,A,q_의류_03,바지,패션·잡화 중 '의류'를 판매·제공하는 매장,train,의류,T2 동의어,00083664-fb4e-4e3b-bb0a-d9a0a1e8f87f,롯데세탁소,,와룡로 골목형상점가,골목형상점가,전북특별자치도,,,
0d7737975b801f2a50b5,full_annotation_v1,A,q_의류_03,바지,패션·잡화 중 '의류'를 판매·제공하는 매장,train,의류,T2 동의어,97c8b36e-ba1b-4d9e-bf67-4acbc1dbab7b,빵이야,제빵재료식품잡화,용인중앙시장,전통시장,경기도,,,
3229af27a1515de85731,full_annotation_v1,A,q_의류_03,바지,패션·잡화 중 '의류'를 판매·제공하는 매장,train,의류,T2 동의어,02851047-7760-4cdb-b811-74f6dff245bd,에덴의상실,수선,돈암시장,전통시장,서울특별시,,,
b27287c5735a6a9e45f6,full_annotation_v1,A,q_의류_03,바지,패션·잡화 중 '의류'를 판매·제공하는 매장,train,의류,T2 동의어,00158f51-4d3a-4ac0-9e38-b37552f5e097,지지배,의류,나주금빛상점가,자율상권구역,전라남도,,,
77e59f7f04fac8c3fe16,full_annotation_v1,A,q_의류_03,바지,패션·잡화 중 '의류'를 판매·제공하는 매장,train,의류,T2 동의어,71711e58-17e4-4af9-8a19-8b47ac7f13c4,바지나라세상,의류,성서중심시장(성서시장문화의거리 통합),전통시장,충청북도,,,
bf917610d5bcd4dcb33d,full_annotation_v1,A,q_의류_03,바지,패션·잡화 중 '의류'를 판매·제공하는 매장,train,의류,T2 동의어,0743783e-8456-40b3-8ece-e592d976b7af,데님647,청바지,백년소상공인,기타,서울특별시,,,
09963d834dc829188210,full_annotation_v1,A,q_의류_03,바지,패션·잡화 중 '의류'를 판매·제공하는 매장,train,의류,T2 동의어,c6844015-7888-449c-a4b8-4aed194d65dc,핫바지,,신곡시장 골목형상점가,골목형상점가,서울특별시,,,
d5b2dd099b8fbd7aeff3,full_annotation_v1,A,q_의류_03,바지,패션·잡화 중 '의류'를 판매·제공하는 매장,train,의류,T2 동의어,078f51c7-dbe7-46b5-9089-2e2824e6553c,장흥수산,낙지 홍어 바지락,대인시장,전통시장,광주광역시,,,
ccbb3be0665403d34b61,full_annotation_v1,A,q_의류_03,바지,패션·잡화 중 '의류'를 판매·제공하는 매장,train,의류,T2 동의어,9f4626f0-9d1a-411e-a605-c016410beb04,청바지코너,의류(바지),양동복개상가,전통시장,,,,
9b157c4032b683c3e652,full_annotation_v1,A,q_의류_03,바지,패션·잡화 중 '의류'를 판매·제공하는 매장,train,의류,T2 동의어,05291547-c22d-430e-95c2-e31bda19a90a,슈퍼타이 본점,세탁,월드시티상가 골목형상점가,골목형상점가,울산광역시,,,
655d3e1c3f56f4e7c8b3,full_annotation_v1,A,q_의류_03,바지,패션·잡화 중 '의류'를 판매·제공하는 매장,train,의류,T2 동의어,09b55ffd-48d2-4cf4-a1d9-1d13cc7a7de7,오리온,기성복,남대문시장,전통시장,서울특별시,,,
a9e36642d337ec8d6946,full_annotation_v1,A,q_의류_03,바지,패션·잡화 중 '의류'를 판매·제공하는 매장,train,의류,T2 동의어,08064b7b-a94c-4146-9155-4a3e2d22c228,퇴계로바지,의류,남대문시장,전통시장,서울특별시,,,
a55ce6f1586c70d438da,full_annotation_v1,A,q_의류_03,바지,패션·잡화 중 '의류'를 판매·제공하는 매장,train,의류,T2 동의어,013a01ba-2abc-42d5-9f1b-e0708f0a806b,경남,의류(기타 의복 소매),부산진시장,전통시장,부산광역시,,,
4c17449394edcb32822e,full_annotation_v1,A,q_의류_03,바지,패션·잡화 중 '의류'를 판매·제공하는 매장,train,의류,T2 동의어,a9671c49-d01e-494b-b707-ba51425bf0c0,올포유 경북왜관점,"남녀 겉옷, 셔츠 및 블라우스, 바지, 가방 및 신발, 모자, 벨트",비카인드 자율상권구역,,경상북도,,,
19e1fe67150a5ae40cb8,full_annotation_v1,A,q_의류_03,바지,패션·잡화 중 '의류'를 판매·제공하는 매장,train,의류,T2 동의어,03a58cd8-1705-4bf2-8be7-3a160d1c25df,중앙수선,의복수선,중앙도매시장,전통시장,대전광역시,,,
260b9c2c68beed67f33a,full_annotation_v1,A,q_의류_03,바지,패션·잡화 중 '의류'를 판매·제공하는 매장,train,의류,T2 동의어,04aacab6-be8f-4470-b58d-33d49bec0a4f,한스,도소매(기성복),통일상가,전통시장,서울특별시,,,
ddd250f573c173841cb8,full_annotation_v1,A,q_의류_03,바지,패션·잡화 중 '의류'를 판매·제공하는 매장,train,의류,T2 동의어,8ea64b46-2d62-4f13-820d-922cb150f6cb,마블스퀘어 세종 보람점,식빵,보람동 골목형상점가,골목형상점가,세종특별자치시,,,
ffd2931b0c4cd6476254,full_annotation_v1,A,q_의류_03,바지,패션·잡화 중 '의류'를 판매·제공하는 매장,train,의류,T2 동의어,014b6a30-fb19-4f0f-8ab0-5139e2368173,월드옷수선,의류수선,수원역전시장,전통시장,경기도,,,
237bfec620e856a37640,full_annotation_v1,A,q_의류_03,바지,패션·잡화 중 '의류'를 판매·제공하는 매장,train,의류,T2 동의어,00c34fd2-0e94-4f14-96aa-eeed13f42595,쏘엔,의류,주안시민지하도상점가,일반지하상점가,인천광역시,,,
c9957fec002eb1a69404,full_annotation_v1,A,q_의류_03,바지,패션·잡화 중 '의류'를 판매·제공하는 매장,train,의류,T2 동의어,2f048886-5361-457e-a098-8bda54164078,바지명가,의류,동산상가,전통시장,대구광역시,,,
d57ee0651c910e1e2953,full_annotation_v1,A,q_의류_03,바지,패션·잡화 중 '의류'를 판매·제공하는 매장,train,의류,T2 동의어,2e862fd7-2044-4d82-9d6c-40ec25d3093f,바지양행,외의,충주자유시장,전통시장,충청북도,,,
b8a247c97c1813f41ff3,full_annotation_v1,A,q_의류_03,바지,패션·잡화 중 '의류'를 판매·제공하는 매장,train,의류,T2 동의어,05e6b9e7-3971-4a4f-b541-26089f913728,민지의상실,수선,제천중앙시장,전통시장,충청북도,,,
4b44cc1ce801ec599ea0,full_annotation_v1,A,q_의류_03,바지,패션·잡화 중 '의류'를 판매·제공하는 매장,train,의류,T2 동의어,1943c599-6590-4dc5-8d6c-39bf7bf95dc1,쪼리,"청바지, 악세사리",경주중심상가,전통시장,경상북도,,,
75f5584a139205ac409c,full_annotation_v1,A,q_의류_03,바지,패션·잡화 중 '의류'를 판매·제공하는 매장,train,의류,T2 동의어,92c9fa55-f8c3-4148-8daa-5e92712afd36,"카페,매월",카페,서구유통단지상인회 골목형상점가,골목형상점가,광주광역시,,,
2e3110212e3376eca4fe,full_annotation_v1,A,q_의류_03,바지,패션·잡화 중 '의류'를 판매·제공하는 매장,train,의류,T2 동의어,5cc5ce9a-d155-451c-879b-0ffd5bd2b1ea,광주알파,문구용품,서구유통단지상인회 골목형상점가,골목형상점가,광주광역시,,,
a8be840a9a8147f389f7,full_annotation_v1,A,q_의류_03,바지,패션·잡화 중 '의류'를 판매·제공하는 매장,train,의류,T2 동의어,026c5d57-26e4-48c1-a181-862bcda8df43,블럭팡 아산탕정점,장난감,한들물빛도시 골목형 상점가,골목형상점가,충청남도,,,
a943a07da164103aa202,full_annotation_v1,A,q_의류_03,바지,패션·잡화 중 '의류'를 판매·제공하는 매장,train,의류,T2 동의어,00fc2b18-ffa0-45b1-b03a-af61257944a9,충일구두수선,구두수선,충주무학시장,전통시장,충청북도,,,
2ed00fb32df085499688,full_annotation_v1,A,q_의류_03,바지,패션·잡화 중 '의류'를 판매·제공하는 매장,train,의류,T2 동의어,20b8e0df-eb48-4a58-ade1-b63a36e8426f,초석촌영양탕,한식(음식),의왕도깨비시장,전통시장,경기도,,,
3ab3a499c905908e43b8,full_annotation_v1,A,q_의류_03,바지,패션·잡화 중 '의류'를 판매·제공하는 매장,train,의류,T2 동의어,19302821-2b5d-4d61-860c-0328418dc8e2,또와,기성복,아트프라자,자율상권구역,서울특별시,,,
46e989aea4d628693f52,full_annotation_v1,A,q_의류_03,바지,패션·잡화 중 '의류'를 판매·제공하는 매장,train,의류,T2 동의어,9c8df1e0-64e3-46f7-969c-495ef6f47158,소담칼국수&밀면,,사동로 골목형상점가,골목형상점가,,,,
07b828324d1d1ddaf648,full_annotation_v1,A,q_의류_03,바지,패션·잡화 중 '의류'를 판매·제공하는 매장,train,의류,T2 동의어,157fb81f-e67a-483b-8415-b756543d4cf6,유아상사,장난감,㈜르네시떼,전통시장,부산광역시,,,
5c376453ccffd2402722,full_annotation_v1,A,q_의류_03,바지,패션·잡화 중 '의류'를 판매·제공하는 매장,train,의류,T2 동의어,2d9a91df-c256-4726-9e01-9e491c7b297a,블루,옷가게,전주중앙상가시장,전통시장,전북특별자치도,,,
26b24ec78e91621a78cd,full_annotation_v1,A,q_의류_03,바지,패션·잡화 중 '의류'를 판매·제공하는 매장,train,의류,T2 동의어,acc4dfae-e85f-45fd-9321-88213d2d5301,바지나라,외의,부산평화시장,전통시장,부산광역시,,,
38c01efd0fd6adf1d51b,full_annotation_v1,A,q_의류_03,바지,패션·잡화 중 '의류'를 판매·제공하는 매장,train,의류,T2 동의어,2ff75c74-19b7-4e25-bd84-8adaacc1aa9d,바지쟁이,의류,나주금빛상점가,자율상권구역,전라남도,,,
8f65073fb99bc3671ddd,full_annotation_v1,A,q_의류_03,바지,패션·잡화 중 '의류'를 판매·제공하는 매장,train,의류,T2 동의어,8ae95d3a-c603-4eb5-b40c-61fba68a500e,엘르 이천점,남성 셔츠 바지 넥타이 등 남성 신사의류 및 악세사리,이천중앙로상가,자율상권구역,경기도,,,
e0bd60898d542f6bdd5d,full_annotation_v1,A,q_의류_03,바지,패션·잡화 중 '의류'를 판매·제공하는 매장,train,의류,T2 동의어,00054f1d-4cae-4345-9975-1423bc49e4dc,착한아이들,의류,중앙전통시장,전통시장,울산광역시,,,
c80f8eb99e9804cf9d93,full_annotation_v1,A,q_의류_03,바지,패션·잡화 중 '의류'를 판매·제공하는 매장,train,의류,T2 동의어,512a7463-c2d0-429f-8df6-d5efe55c7bf5,경주 옷가게 털보형제들,,경주중심상가,전통시장,경상북도,,,
e3f758cd34f462b5bfab,full_annotation_v1,A,q_의류_03,바지,패션·잡화 중 '의류'를 판매·제공하는 매장,train,의류,T2 동의어,0ab4febb-1ab2-42cf-aae3-53c528083921,에스텔라,의류(기성복),평화로상가,자율상권구역,경상북도,,,
def0d86a4aa9cc7a9103,full_annotation_v1,A,q_의류_03,바지,패션·잡화 중 '의류'를 판매·제공하는 매장,train,의류,T2 동의어,00e9be42-1358-4d8a-91f4-119aaed2a77b,백경사,"작업복, 기성복, 안전화 등",부산진시장,전통시장,부산광역시,,,
184c222dcf3e34ec2bd9,full_annotation_v1,A,q_의류_03,바지,패션·잡화 중 '의류'를 판매·제공하는 매장,train,의류,T2 동의어,be65f31e-3715-483c-a9a6-ada560e4eb37,21세기,의류 바지,신창상가,전통시장,부산광역시,,,
4a66e4f976cc87313644,full_annotation_v1,A,q_의류_03,바지,패션·잡화 중 '의류'를 판매·제공하는 매장,train,의류,T2 동의어,02edb9ce-a58f-4d06-a0f7-8f3af74e85d0,로보키즈,장난감대여,용봉지구 골목형상점가,골목형상점가,광주광역시,,,
80d67f64a186b932a3a4,full_annotation_v1,A,q_의류_03,바지,패션·잡화 중 '의류'를 판매·제공하는 매장,train,의류,T2 동의어,02db4104-b701-453b-a7ef-cf0c3014ffde,광명디자인,수선,서문시장아진상가,전통시장,대구광역시,,,
161a39236c0118714c59,full_annotation_v1,A,q_의류_03,바지,패션·잡화 중 '의류'를 판매·제공하는 매장,train,의류,T2 동의어,c0c7d53b-559b-427c-8f6c-724e5e9706a6,동해아구찜,아구찜,반송큰시장,전통시장,부산광역시,,,
2bb2f00dbfbe3044041b,full_annotation_v1,A,q_의류_03,바지,패션·잡화 중 '의류'를 판매·제공하는 매장,train,의류,T2 동의어,53776ad6-4a97-4445-b7f6-e236725c5048,대박옷가게,옷가게,안동광석거리 골목형상점가,골목형상점가,경상북도,,,
1bc817f5b669780be0fb,full_annotation_v1,A,q_의류_03,바지,패션·잡화 중 '의류'를 판매·제공하는 매장,train,의류,T2 동의어,f59a2437-a062-4384-ba9a-ece3ce474fb4,바지타운,바지,행복상점가,자율상권구역,경상북도,,,
9c81989d5168ea8b2184,full_annotation_v1,A,q_의류_03,바지,패션·잡화 중 '의류'를 판매·제공하는 매장,train,의류,T2 동의어,3bcfc597-254a-4a7d-98a6-f94a84ad9cf9,제일농약사,"소매업(농약)소매(농자재,종자,종묘,비료)",일죽시장,전통시장,경기도,,,
ddfd1cc05c2931b8f43b,full_annotation_v1,A,q_의류_03,바지,패션·잡화 중 '의류'를 판매·제공하는 매장,train,의류,T2 동의어,abc05c45-b4fb-4bf7-87f4-6ff5909fbc5b,태광사,바지,평화시장,전통시장,서울특별시,,,
105c202b928966587b70,full_annotation_v1,A,q_의류_03,바지,패션·잡화 중 '의류'를 판매·제공하는 매장,train,의류,T2 동의어,0c4b63e3-15f4-4110-861a-0a2755ab10a6,올포유(군산나운점),의류 및 스포츠용품,군산나운상가 골목형상점가,골목형상점가,전북특별자치도,,,
5a3c8cf566a849b1f820,full_annotation_v1,A,q_의류_03,바지,패션·잡화 중 '의류'를 판매·제공하는 매장,train,의류,T2 동의어,8b597be4-43c1-4835-b914-7d2840a314ff,궁,의류 바지,신창상가,전통시장,부산광역시,,,
5e68f6f042d7383e5395,full_annotation_v1,A,q_의류_03,바지,패션·잡화 중 '의류'를 판매·제공하는 매장,train,의류,T2 동의어,03052be2-67e1-48ff-a71f-63500facd038,윤순영패션,,용대로119번길 골목형상점가,골목형상점가,,,,
f11bc07c051ec14e1688,full_annotation_v1,A,q_의류_03,바지,패션·잡화 중 '의류'를 판매·제공하는 매장,train,의류,T2 동의어,9ad47198-ee2e-423f-b622-d03eecfeb35b,고기는사랑이죠,축산물,쌍문시장(쌍문역골목시장),전통시장,서울특별시,,,
3d944e1463d519827aee,full_annotation_v1,A,q_의류_03,바지,패션·잡화 중 '의류'를 판매·제공하는 매장,train,의류,T2 동의어,05ceaf94-c8e1-4ec6-9148-be979dc3614f,달인옷수선,수선,양산 덕계종합상설시장,전통시장,경상남도,,,
3846d68fd68d297b85b7,full_annotation_v1,A,q_의류_03,바지,패션·잡화 중 '의류'를 판매·제공하는 매장,train,의류,T2 동의어,8a06ed6f-04f7-4f90-bf34-4c1c3648559f,레드청바지,청바지,대현프리몰 대구점,일반지하상점가,대구광역시,,,
b0848bb8dae7219632d3,full_annotation_v1,A,q_의류_03,바지,패션·잡화 중 '의류'를 판매·제공하는 매장,train,의류,T2 동의어,98cdf3e5-5ad6-4d6b-be49-ae26238af44f,구미 옷가게 슬릭앤코(SLEEK AND CO),,문화로 자율상권구역,,경상북도,,,
b65f1d8002285ea6f0b3,full_annotation_v1,A,q_의류_03,바지,패션·잡화 중 '의류'를 판매·제공하는 매장,train,의류,T2 동의어,03cf59c3-0bce-43ff-9df1-14e946a2bd29,금산트라이,"모자, 가방, 패션잡화",금산중앙로상점가,자율상권구역,충청남도,,,
2ee5b014b82869f630e6,full_annotation_v1,A,q_의류_03,바지,패션·잡화 중 '의류'를 판매·제공하는 매장,train,의류,T2 동의어,007c84b4-7b91-431f-9cf2-61f2ac4a13b4,빛나크리닝,세탁업,삼각동 골목형상점가,골목형상점가,광주광역시,,,
5f407c710c784b0ad86d,full_annotation_v1,A,q_의류_03,바지,패션·잡화 중 '의류'를 판매·제공하는 매장,train,의류,T2 동의어,011975e6-5c12-42c3-9d7d-81f8eba753c7,러브아트,홈패션,공주산성시장,전통시장,충청남도,,,
7789ee91b4e728fa632e,full_annotation_v1,A,q_의류_03,바지,패션·잡화 중 '의류'를 판매·제공하는 매장,train,의류,T2 동의어,80bc0e99-56c7-460e-96e1-6f0b6e515974,신영청바지,의류,평택통복시장,전통시장,경기도,,,
73ebf3624ec7033678cb,full_annotation_v1,A,q_의류_03,바지,패션·잡화 중 '의류'를 판매·제공하는 매장,train,의류,T2 동의어,00128db8-b700-42b3-be50-1760b6c08487,자이세탁,의류세탁,신봉하나로 골목형상점가,골목형상점가,경기도,,,
2aad58b4f8e578b2fbb9,full_annotation_v1,A,q_의류_03,바지,패션·잡화 중 '의류'를 판매·제공하는 매장,train,의류,T2 동의어,d71f2a07-8894-4f1f-ab7e-5d3bef5feb97,간지청바지,의류,구리전통시장,전통시장,경기도,,,
46f0726fc28e08adbaaa,full_annotation_v1,A,q_의류_03,바지,패션·잡화 중 '의류'를 판매·제공하는 매장,train,의류,T2 동의어,4f949eba-b350-4d58-8222-ec011ce450eb,영바지,의류,역전지하상가,일반지하상점가,대전광역시,,,
bdf40ed3b7afa673bf2d,full_annotation_v1,A,q_의류_03,바지,패션·잡화 중 '의류'를 판매·제공하는 매장,train,의류,T2 동의어,1eaad4a8-e27e-4239-8b80-ed54b56729ce,KMG 크라브마가 글로벌,그룹레슨 개인레슨 티셔츠 바지 보호대,왕십리무학봉상점가,자율상권구역,서울특별시,,,
aa9642b57c406f70e2d3,full_annotation_v1,A,q_의류_03,바지,패션·잡화 중 '의류'를 판매·제공하는 매장,train,의류,T2 동의어,0010d634-70b8-4627-8dea-822a9bb56922,라엘,여성의류,동산상가,전통시장,대구광역시,,,
98dcaa95c9661a31156a,full_annotation_v1,A,q_의류_03,바지,패션·잡화 중 '의류'를 판매·제공하는 매장,train,의류,T2 동의어,7fdc13ae-235e-4f25-8379-ceef899a50e3,핫바지,의류,남부골목시장,전통시장,서울특별시,,,
5ea695b8a3a5a7578534,full_annotation_v1,A,q_의류_03,바지,패션·잡화 중 '의류'를 판매·제공하는 매장,train,의류,T2 동의어,0213d775-a9ba-4c68-8b2b-ee3ed98c4d46,썬라이즈,기터의복,진주 중앙상점가,자율상권구역,경상남도,,,
2595e1ececab2a45a8ac,full_annotation_v1,A,q_의류_03,바지,패션·잡화 중 '의류'를 판매·제공하는 매장,train,의류,T2 동의어,76abb76b-d19f-41ac-ad4d-26d32bffad62,수지,옷가게(의류),양산 나래메트로시티 골목형상점가,골목형상점가,경상남도,,,
f2be806a51e7d7598387,full_annotation_v1,A,q_의류_03,바지,패션·잡화 중 '의류'를 판매·제공하는 매장,train,의류,T2 동의어,7d32f729-d8cd-4db2-81f6-78f432c46c87,하와이(Hawaii),티셔츠 바지 점퍼,서면지하도상가 서면몰(대현프리몰),일반지하상점가,부산광역시,,,
7d8db5e80f10fee9ebab,full_annotation_v1,A,q_의류_03,바지,패션·잡화 중 '의류'를 판매·제공하는 매장,train,의류,T2 동의어,ea5f6cfb-c362-45ae-883a-bb53d182d0aa,에스더,바지,아트프라자,자율상권구역,서울특별시,,,
daf8a8e72487fbf0816d,full_annotation_v1,A,q_의류_03,바지,패션·잡화 중 '의류'를 판매·제공하는 매장,train,의류,T2 동의어,6b796f41-6f3b-4539-a8a5-6c5dad7b0721,꽉낀청바지,의류,오산오색시장(구 오산중앙시장),전통시장,경기도,,,
98898187d559e6c7e063,full_annotation_v1,A,q_의류_03,바지,패션·잡화 중 '의류'를 판매·제공하는 매장,train,의류,T2 동의어,0cd4e040-9521-44ca-809c-d51f100e9356,토이빌리지,유아완구.장난감,석교동 이웃마루 골목형상점가,골목형상점가,대전광역시,,,
73ac1bccec508aed3ccb,full_annotation_v1,A,q_의류_03,바지,패션·잡화 중 '의류'를 판매·제공하는 매장,train,의류,T2 동의어,3b9ec935-50b8-4c83-be6c-c87b42e78a37,빽바지,한식,치평동중흥상가상인회 골목형상점가,골목형상점가,광주광역시,,,
bff0e8c8d8d9a7753716,full_annotation_v1,A,q_의류_03,바지,패션·잡화 중 '의류'를 판매·제공하는 매장,train,의류,T2 동의어,d6958a4c-9524-43a1-8735-b856064085fc,빨강바지,의류,동인천지하상가(동인천지하아케이드),일반지하상점가,인천광역시,,,
42f5a99481e37416a0a7,full_annotation_v1,A,q_의류_03,바지,패션·잡화 중 '의류'를 판매·제공하는 매장,train,의류,T2 동의어,d7d11316-5ace-4e5b-907e-a4f1b38680b2,핫바지,의류,신영시장,전통시장,서울특별시,,,
0b455670f5d86debf954,full_annotation_v1,A,q_의류_03,바지,패션·잡화 중 '의류'를 판매·제공하는 매장,train,의류,T2 동의어,6d1273e4-fc0a-485c-9384-fdf70a1955f7,강능청바지,의류,제천중앙시장,전통시장,충청북도,,,
362b458b669cef48e96d,full_annotation_v1,A,q_의류_03,바지,패션·잡화 중 '의류'를 판매·제공하는 매장,train,의류,T2 동의어,031b00ba-77ed-489e-95ae-1683aaf5c324,대박홍두깨손칼국수,분식,한민시장,전통시장,대전광역시,,,
f7fffb656567658baa50,full_annotation_v1,A,q_의류_03,바지,패션·잡화 중 '의류'를 판매·제공하는 매장,train,의류,T2 동의어,37906c48-a5c5-48d1-ab53-8f0c5b8490b5,바지입는날,의류,중앙전통시장,전통시장,울산광역시,,,
5ae273f8e292e9d25fe6,full_annotation_v1,A,q_의류_03,바지,패션·잡화 중 '의류'를 판매·제공하는 매장,train,의류,T2 동의어,023821e8-c092-426a-aaf3-3f1d79d747a9,진짜바지,의류,태백중앙로상점가,자율상권구역,강원특별자치도,,,
a663d7a96db14b7032d9,full_annotation_v1,A,q_의류_03,바지,패션·잡화 중 '의류'를 판매·제공하는 매장,train,의류,T2 동의어,e2fddf30-febd-4772-a5ea-dab8c4b08cc3,핫바지,의류,목사랑시장,전통시장,서울특별시,,,
b0a30c102945aee89567,full_annotation_v1,A,q_의류_03,바지,패션·잡화 중 '의류'를 판매·제공하는 매장,train,의류,T2 동의어,bb40c7ff-8a3a-498c-9f2b-8bc61ed2874f,바지나라,의류,부산자유시장,전통시장,부산광역시,,,
22cd7619b307601a4bcf,full_annotation_v1,A,q_의류_03,바지,패션·잡화 중 '의류'를 판매·제공하는 매장,train,의류,T2 동의어,033fc658-a256-42a6-8ebf-24763bc43ba1,신광컴퓨터세탁소,세탁소,대야 골목형상점가,골목형상점가,전북특별자치도,,,
08b436d91c070ef8af0b,full_annotation_v1,A,q_의류_03,바지,패션·잡화 중 '의류'를 판매·제공하는 매장,train,의류,T2 동의어,00124602-ef4e-472c-91ee-de53b28d7530,화이트,의류,울산번개시장,전통시장,울산광역시,,,
a900d718e141d20ec27a,full_annotation_v1,A,q_의류_03,바지,패션·잡화 중 '의류'를 판매·제공하는 매장,train,의류,T2 동의어,18d014d4-5a51-42bb-b2ba-6beabc2404db,BABI (바비),"의류 청바지, 티셔츠, 원피스, 자켓 및 악세사리",의정부로데오상점가,자율상권구역,경기도,,,
5ad7515137add51b8936,full_annotation_v1,A,q_의류_03,바지,패션·잡화 중 '의류'를 판매·제공하는 매장,train,의류,T2 동의어,023923b8-1217-420d-94da-1dbed6318c95,두올수선,옷수선,부평대아지하상점가,일반지하상점가,인천광역시,,,
4601fe5534f164c496a2,full_annotation_v1,A,q_의류_03,바지,패션·잡화 중 '의류'를 판매·제공하는 매장,train,의류,T2 동의어,8e2f5b79-ffce-472d-ae5b-524cc9647a65,목화사,여성바지,평화시장,전통시장,서울특별시,,,
1a3539a1c838b9c0fba4,full_annotation_v1,A,q_의류_03,바지,패션·잡화 중 '의류'를 판매·제공하는 매장,train,의류,T2 동의어,20be8953-117c-4485-860d-53a7b6197895,정말맛있는족발,바지,자양전통시장,전통시장,서울특별시,,,
67eb93cc6b3c1e54c8b4,full_annotation_v1,A,q_의류_03,바지,패션·잡화 중 '의류'를 판매·제공하는 매장,train,의류,T2 동의어,00c164d0-76c7-4e7a-9676-ecfdbb052077,크린토피아신창점,세탁,신창수문 골목형상점가,골목형상점가,광주광역시,,,
3a0ada3015d3e7c49d70,full_annotation_v1,A,q_의류_03,바지,패션·잡화 중 '의류'를 판매·제공하는 매장,train,의류,T2 동의어,1fb1e602-75bb-4293-b9f2-a99d1293c93d,황금,"겉옷, 셔츠, 블라우스, 바지",평화시장,전통시장,서울특별시,,,
379a64b5fc7ad9513a8f,full_annotation_v1,A,q_의류_03,바지,패션·잡화 중 '의류'를 판매·제공하는 매장,train,의류,T2 동의어,07db0235-e6d4-45bf-8a47-ab8b01f06574,럭키블럭,장난감,연제초 앞 골목형상점가,골목형상점가,광주광역시,,,
2b644daaa2cb2be517f6,full_annotation_v1,A,q_의류_03,바지,패션·잡화 중 '의류'를 판매·제공하는 매장,train,의류,T2 동의어,cd4c9025-379c-470f-9d16-f5dd42cc8eba,바지방,의류,원주자유시장,전통시장,강원특별자치도,,,
15928c8a1a6ebca4a6e9,full_annotation_v1,A,q_의류_03,바지,패션·잡화 중 '의류'를 판매·제공하는 매장,train,의류,T2 동의어,e34ae6df-e323-4ee9-a405-a7d3fdb53a9c,본죽 세종아름점,죽,아름동상점가,자율상권구역,세종특별자치시,,,
6ebe9f15d8975cb1318b,full_annotation_v1,A,q_의류_03,바지,패션·잡화 중 '의류'를 판매·제공하는 매장,train,의류,T2 동의어,03159423-3cb1-401e-af77-89751a639bb8,주홍,바지,아트프라자,자율상권구역,서울특별시,,,
b55b7bc4e5d004fba136,full_annotation_v1,A,q_의류_03,바지,패션·잡화 중 '의류'를 판매·제공하는 매장,train,의류,T2 동의어,7f52588e-0d87-4535-ae87-f8df6d0129a0,원에이스,바지,평화시장,전통시장,서울특별시,,,
e9dd65ca3b67e2b8334d,full_annotation_v1,A,q_의류_03,바지,패션·잡화 중 '의류'를 판매·제공하는 매장,train,의류,T2 동의어,40795a3d-a379-45eb-bb2f-43a40ca43fb4,홰바지,회,거제시장,전통시장,부산광역시,,,
381b5b61d65d22e03bfa,full_annotation_v1,A,q_의류_03,바지,패션·잡화 중 '의류'를 판매·제공하는 매장,train,의류,T2 동의어,d3f87049-bc02-4930-9802-852da9b548ce,불티바지,의류,순천 원도심 상권,상권활성화구역,,,,
6b20eb0846fdd78d7da9,full_annotation_v1,A,q_의류_03,바지,패션·잡화 중 '의류'를 판매·제공하는 매장,train,의류,T2 동의어,000a92b3-0b5e-429e-af00-f86e3570e24b,클로버,의류,관문상가시장,전통시장,대구광역시,,,
067ae0ae282c9348d252,full_annotation_v1,A,q_의류_03,바지,패션·잡화 중 '의류'를 판매·제공하는 매장,train,의류,T2 동의어,df04dfde-1a70-444e-949b-f04ed2d41f99,미리내,바지,삼익패션타운,전통시장,서울특별시,,,
5262d3ef019d6c6fbb3b,full_annotation_v1,A,q_의류_04,옷 파는 데,패션·잡화 중 '의류'를 판매·제공하는 매장,train,의류,T2 동의어,c4a55028-6ed6-494d-88be-1e9c4aa1fa52,올리브,옷,동림1 골목형상점가,골목형상점가,광주광역시,,,
90041f290e6cfbfae01e,full_annotation_v1,A,q_의류_04,옷 파는 데,패션·잡화 중 '의류'를 판매·제공하는 매장,train,의류,T2 동의어,03938df9-3e91-4681-9dac-e5687a891dd2,가방가게,패션잡화,순천원도심상점가,자율상권구역,전라남도,,,
f9a183fd18197f5cea45,full_annotation_v1,A,q_의류_04,옷 파는 데,패션·잡화 중 '의류'를 판매·제공하는 매장,train,의류,T2 동의어,68331905-ce0e-4544-a338-03c530ceef03,수블리,옷,양주신산시장마을상점가,골목형상점가,경기도,,,
1dc13b1f5c03b5d47f59,full_annotation_v1,A,q_의류_04,옷 파는 데,패션·잡화 중 '의류'를 판매·제공하는 매장,train,의류,T2 동의어,32c42c1b-45d5-4679-97ee-9eafe613b030,가음정라보라,옷,창원 가음정시장,전통시장,경상남도,,,
b7ce1d17a9d3f0276e6f,full_annotation_v1,A,q_의류_04,옷 파는 데,패션·잡화 중 '의류'를 판매·제공하는 매장,train,의류,T2 동의어,03052be2-67e1-48ff-a71f-63500facd038,윤순영패션,,용대로119번길 골목형상점가,골목형상점가,,,,
469f7109a947c85ea937,full_annotation_v1,A,q_의류_04,옷 파는 데,패션·잡화 중 '의류'를 판매·제공하는 매장,train,의류,T2 동의어,157fb81f-e67a-483b-8415-b756543d4cf6,유아상사,장난감,㈜르네시떼,전통시장,부산광역시,,,
383915c94019803cd247,full_annotation_v1,A,q_의류_04,옷 파는 데,패션·잡화 중 '의류'를 판매·제공하는 매장,train,의류,T2 동의어,3048f878-8d02-4705-bc59-73bd2ebe9339,타미나,옷,동산상가,전통시장,대구광역시,,,
6823bc8d4169605f0a43,full_annotation_v1,A,q_의류_04,옷 파는 데,패션·잡화 중 '의류'를 판매·제공하는 매장,train,의류,T2 동의어,02db4104-b701-453b-a7ef-cf0c3014ffde,광명디자인,수선,서문시장아진상가,전통시장,대구광역시,,,
d50e19f00c36737a65ce,full_annotation_v1,A,q_의류_04,옷 파는 데,패션·잡화 중 '의류'를 판매·제공하는 매장,train,의류,T2 동의어,00fd4bd1-180e-4d03-895c-331fb333c6e4,전주송천점폴햄,섬유 의복 신발 및 가죽제품,송천행복로 골목형상점가,골목형상점가,전북특별자치도,,,
b72288d76a02bd75559b,full_annotation_v1,A,q_의류_04,옷 파는 데,패션·잡화 중 '의류'를 판매·제공하는 매장,train,의류,T2 동의어,033fc658-a256-42a6-8ebf-24763bc43ba1,신광컴퓨터세탁소,세탁소,대야 골목형상점가,골목형상점가,전북특별자치도,,,
57c211d63f64feac2fbe,full_annotation_v1,A,q_의류_04,옷 파는 데,패션·잡화 중 '의류'를 판매·제공하는 매장,train,의류,T2 동의어,d0fa492c-3a34-4e56-bdb1-81c8d222e175,다민유통,옷,하당꽃길1가 골목형상점가,골목형상점가,전라남도,,,
cff16bb980aa2172dac1,full_annotation_v1,A,q_의류_04,옷 파는 데,패션·잡화 중 '의류'를 판매·제공하는 매장,train,의류,T2 동의어,00172c94-61f0-4197-afeb-d7e8187c79b5,옷이예쁘다,의류,메트로센터(반월당지하쇼핑),일반지하상점가,대구광역시,,,
4a19c760e822016f830b,full_annotation_v1,A,q_의류_04,옷 파는 데,패션·잡화 중 '의류'를 판매·제공하는 매장,train,의류,T2 동의어,3ab84e66-6f02-4210-ba90-7c029126a74c,생선명가 거북명태,명태 오징어 갑오징어,송촌동상점가,자율상권구역,대전광역시,,,
922400511113defa17c6,full_annotation_v1,A,q_의류_04,옷 파는 데,패션·잡화 중 '의류'를 판매·제공하는 매장,train,의류,T2 동의어,396e0bad-c963-445c-9105-d48a52029e3c,로즈마리,옷,원주자유시장,전통시장,강원특별자치도,,,
7fcf9afc9afcdd4aa12d,full_annotation_v1,A,q_의류_04,옷 파는 데,패션·잡화 중 '의류'를 판매·제공하는 매장,train,의류,T2 동의어,2d9a91df-c256-4726-9e01-9e491c7b297a,블루,옷가게,전주중앙상가시장,전통시장,전북특별자치도,,,
a3600c342423b5689e6d,full_annotation_v1,A,q_의류_04,옷 파는 데,패션·잡화 중 '의류'를 판매·제공하는 매장,train,의류,T2 동의어,2959fcf4-7f22-4161-b67a-68dbd988e97b,스타일,옷,진잠 골목형상점가,골목형상점가,대전광역시,,,
bbb7ee538c3ef3f8bc2f,full_annotation_v1,A,q_의류_04,옷 파는 데,패션·잡화 중 '의류'를 판매·제공하는 매장,train,의류,T2 동의어,101f067b-9256-4c87-aa09-8190370d38ae,서울상회,옷,교동시장1길 상점가,자율상권구역,대구광역시,,,
f7860753622441d805d5,full_annotation_v1,A,q_의류_04,옷 파는 데,패션·잡화 중 '의류'를 판매·제공하는 매장,train,의류,T2 동의어,03159423-3cb1-401e-af77-89751a639bb8,주홍,바지,아트프라자,자율상권구역,서울특별시,,,
894f780b53f38894e748,full_annotation_v1,A,q_의류_04,옷 파는 데,패션·잡화 중 '의류'를 판매·제공하는 매장,train,의류,T2 동의어,03bb289d-619e-4167-a4d6-867b6239e669,롱다리,옷,창원 가음시장대상가,전통시장,경상남도,,,
3d97e82617b7b717acca,full_annotation_v1,A,q_의류_04,옷 파는 데,패션·잡화 중 '의류'를 판매·제공하는 매장,train,의류,T2 동의어,3d5956d4-0ca8-4f79-be24-a0e2c9286c9e,더곱따,옷,장성읍 골목형상점가,골목형상점가,전라남도,,,
334cccae50c061b2f100,full_annotation_v1,A,q_의류_04,옷 파는 데,패션·잡화 중 '의류'를 판매·제공하는 매장,train,의류,T2 동의어,2b0d6a08-b76b-4c29-a692-80a15ab9f12e,그랏츠,옷,부평깡통시장(구 부산부평시장),전통시장,부산광역시,,,
02b210c0779e041a4a0e,full_annotation_v1,A,q_의류_04,옷 파는 데,패션·잡화 중 '의류'를 판매·제공하는 매장,train,의류,T2 동의어,93fea03e-1ad9-4c80-a91e-727ff7528cdd,월미푸드,"김치, 반찬, 전",공주산성시장,전통시장,충청남도,,,
a046eb41afbfdb9fea57,full_annotation_v1,A,q_의류_04,옷 파는 데,패션·잡화 중 '의류'를 판매·제공하는 매장,train,의류,T2 동의어,691c22bf-ad0e-4096-8951-507b2da4f844,황실패션,옷,전주중앙상가시장,전통시장,전북특별자치도,,,
f57a57b6f191cc9c68f2,full_annotation_v1,A,q_의류_04,옷 파는 데,패션·잡화 중 '의류'를 판매·제공하는 매장,train,의류,T2 동의어,000a5a26-66b9-432f-bb77-247655765f2b,백조섬유,여성의류,서문시장 제5지구,전통시장,대구광역시,,,
f8dd9c3281acf9c2fe3d,full_annotation_v1,A,q_의류_04,옷 파는 데,패션·잡화 중 '의류'를 판매·제공하는 매장,train,의류,T2 동의어,e2c9e88c-d3b0-4c08-95eb-2e49f56f5120,벨라,옷,장성읍 골목형상점가,골목형상점가,전라남도,,,
e0b075c29c94371eb970,full_annotation_v1,A,q_의류_04,옷 파는 데,패션·잡화 중 '의류'를 판매·제공하는 매장,train,의류,T2 동의어,00124602-ef4e-472c-91ee-de53b28d7530,화이트,의류,울산번개시장,전통시장,울산광역시,,,
434507159e3fcec2be62,full_annotation_v1,A,q_의류_04,옷 파는 데,패션·잡화 중 '의류'를 판매·제공하는 매장,train,의류,T2 동의어,08bf9cce-9cb9-4a61-b84f-88c0eacd90a8,커먼패션,옷,창원 가음정시장,전통시장,경상남도,,,
7345d66d6ed9c56ad818,full_annotation_v1,A,q_의류_04,옷 파는 데,패션·잡화 중 '의류'를 판매·제공하는 매장,train,의류,T2 동의어,3f98149e-0427-4eec-8825-b864801c61c5,석관다복,옷,돌곶이시장,전통시장,서울특별시,,,
f517cfee0fb52965ccd4,full_annotation_v1,A,q_의류_04,옷 파는 데,패션·잡화 중 '의류'를 판매·제공하는 매장,train,의류,T2 동의어,9e5a4c9e-1230-40fd-8813-0b5798a46648,수,옷,황지자유시장,전통시장,강원특별자치도,,,
c8f245acf80365e31dab,full_annotation_v1,A,q_의류_04,옷 파는 데,패션·잡화 중 '의류'를 판매·제공하는 매장,train,의류,T2 동의어,77ea2c60-2f05-46cd-8449-7e5a16f40416,옷&소품,옷,신매시장,전통시장,대구광역시,,,
c9dab04e8aaae149fd58,full_annotation_v1,A,q_의류_04,옷 파는 데,패션·잡화 중 '의류'를 판매·제공하는 매장,train,의류,T2 동의어,73f471e1-ad28-4255-8286-2c1fa7bbb29e,여성크로커다일,옷,익산중앙상점가,골목형상점가,전북특별자치도,,,
6a6f66a24c0646a85d13,full_annotation_v1,A,q_의류_04,옷 파는 데,패션·잡화 중 '의류'를 판매·제공하는 매장,train,의류,T2 동의어,98cdf3e5-5ad6-4d6b-be49-ae26238af44f,구미 옷가게 슬릭앤코(SLEEK AND CO),,문화로 자율상권구역,,경상북도,,,
978e1fe7e255697d4590,full_annotation_v1,A,q_의류_04,옷 파는 데,패션·잡화 중 '의류'를 판매·제공하는 매장,train,의류,T2 동의어,853bc8df-7829-4e64-8ff9-a603ff869e5c,터치샵,옷,동산상가,전통시장,대구광역시,,,
5afba129b85163f6d380,full_annotation_v1,A,q_의류_04,옷 파는 데,패션·잡화 중 '의류'를 판매·제공하는 매장,train,의류,T2 동의어,ec4d6f68-d1c4-4e1e-8727-8e6e93467e55,성희샵,옷,안동광석거리 골목형상점가,골목형상점가,경상북도,,,
84a641cb213529f00c27,full_annotation_v1,A,q_의류_04,옷 파는 데,패션·잡화 중 '의류'를 판매·제공하는 매장,train,의류,T2 동의어,00158f51-4d3a-4ac0-9e38-b37552f5e097,지지배,의류,나주금빛상점가,자율상권구역,전라남도,,,
2c945f271e69816cc178,full_annotation_v1,A,q_의류_04,옷 파는 데,패션·잡화 중 '의류'를 판매·제공하는 매장,train,의류,T2 동의어,7b072214-dae6-41c7-a5fe-8f8c64d98339,체리,옷,신정상가시장,전통시장,울산광역시,,,
f6903369bd115f541e92,full_annotation_v1,A,q_의류_04,옷 파는 데,패션·잡화 중 '의류'를 판매·제공하는 매장,train,의류,T2 동의어,cc0ee073-4b09-43e0-8c2b-90ac0d1018ba,월봉의류,옷,대왕암 월봉시장,전통시장,울산광역시,,,
128ee8b06a97c042482b,full_annotation_v1,A,q_의류_04,옷 파는 데,패션·잡화 중 '의류'를 판매·제공하는 매장,train,의류,T2 동의어,0d962cb0-9e7a-4c65-a83e-50ca752476c4,다이나핏,옷,공주산성 활성화구역,전통시장,충청남도,,,
09a066dce3a951e19517,full_annotation_v1,A,q_의류_04,옷 파는 데,패션·잡화 중 '의류'를 판매·제공하는 매장,train,의류,T2 동의어,6bf7d4d1-0596-40dd-8ff8-2c635c15f6ab,초이스#,옷,당진원시가지상가,자율상권구역,충청남도,,,
6f5d7b9eb02e0914a3be,full_annotation_v1,A,q_의류_04,옷 파는 데,패션·잡화 중 '의류'를 판매·제공하는 매장,train,의류,T2 동의어,05e6b9e7-3971-4a4f-b541-26089f913728,민지의상실,수선,제천중앙시장,전통시장,충청북도,,,
cdc0d8d7d228d32a9ea2,full_annotation_v1,A,q_의류_04,옷 파는 데,패션·잡화 중 '의류'를 판매·제공하는 매장,train,의류,T2 동의어,00c60bef-93f3-4d19-a8e8-aeae0ef0fe43,이삭의상실,"패션디자인마춤양장, 스포츠이류및용품",군산 원도심 골목형상점가,골목형상점가,전북특별자치도,,,
022782fb54e536d33082,full_annotation_v1,A,q_의류_04,옷 파는 데,패션·잡화 중 '의류'를 판매·제공하는 매장,train,의류,T2 동의어,1a202b59-3ed5-4922-ad1f-9c505e3054af,옛촌 왕돌삼겹살,음식,수정로 상권활성화구역,상권활성화구역,경기도,,,
a1539a361d86604a89aa,full_annotation_v1,A,q_의류_04,옷 파는 데,패션·잡화 중 '의류'를 판매·제공하는 매장,train,의류,T2 동의어,282b0e8b-051c-49f9-a707-b982df803589,까라벨라 데 오르,스파게티,동명동 카페거리 골목형상점가,골목형상점가,광주광역시,,,
1caa72a9272e7898bcb7,full_annotation_v1,A,q_의류_04,옷 파는 데,패션·잡화 중 '의류'를 판매·제공하는 매장,train,의류,T2 동의어,007c84b4-7b91-431f-9cf2-61f2ac4a13b4,빛나크리닝,세탁업,삼각동 골목형상점가,골목형상점가,광주광역시,,,
e327ac58600470d501f3,full_annotation_v1,A,q_의류_04,옷 파는 데,패션·잡화 중 '의류'를 판매·제공하는 매장,train,의류,T2 동의어,2c2fe59d-d3c8-47f6-ac99-d1b7b44875ee,애플,옷,동산상가,전통시장,대구광역시,,,
ba870e240e76e9c95a8e,full_annotation_v1,A,q_의류_04,옷 파는 데,패션·잡화 중 '의류'를 판매·제공하는 매장,train,의류,T2 동의어,76abb76b-d19f-41ac-ad4d-26d32bffad62,수지,옷가게(의류),양산 나래메트로시티 골목형상점가,골목형상점가,경상남도,,,
5c43162c1a634da2d963,full_annotation_v1,A,q_의류_04,옷 파는 데,패션·잡화 중 '의류'를 판매·제공하는 매장,train,의류,T2 동의어,0304511e-62e7-4e31-8d19-61a115ffaa76,깔롱쟁이,의복,봉선1로 골목형상점가,골목형상점가,광주광역시,,,
48cb4d366064882787a7,full_annotation_v1,A,q_의류_04,옷 파는 데,패션·잡화 중 '의류'를 판매·제공하는 매장,train,의류,T2 동의어,556a2562-e691-4a73-8450-83ed15099f11,다올,옷,신포지하상가,일반지하상점가,인천광역시,,,
75972e7a4bdbfa1a7d28,full_annotation_v1,A,q_의류_04,옷 파는 데,패션·잡화 중 '의류'를 판매·제공하는 매장,train,의류,T2 동의어,22fd43d0-98d2-48f5-8ffb-be36b4d7d0fb,부대통령뚝배기 노은시지브이점,한식,노은역 골목형상점가,골목형상점가,대전광역시,,,
7e5d52cc4b151c789230,full_annotation_v1,A,q_의류_04,옷 파는 데,패션·잡화 중 '의류'를 판매·제공하는 매장,train,의류,T2 동의어,222b1cff-a8fa-4d7b-bd7a-e6bc028182f9,초이스,옷,부평깡통시장(구 부산부평시장),전통시장,부산광역시,,,
d4ead56255ebabc402bc,full_annotation_v1,A,q_의류_04,옷 파는 데,패션·잡화 중 '의류'를 판매·제공하는 매장,train,의류,T2 동의어,db625984-0ca1-43a2-b59a-9f23cba1312d,해오름,반찬,동울산만세대 골목형상점가,골목형상점가,울산광역시,,,
cb8339da8dc5cc718a0a,full_annotation_v1,A,q_의류_04,옷 파는 데,패션·잡화 중 '의류'를 판매·제공하는 매장,train,의류,T2 동의어,00083664-fb4e-4e3b-bb0a-d9a0a1e8f87f,롯데세탁소,,와룡로 골목형상점가,골목형상점가,전북특별자치도,,,
c1e82b03fd41cd5a8b61,full_annotation_v1,A,q_의류_04,옷 파는 데,패션·잡화 중 '의류'를 판매·제공하는 매장,train,의류,T2 동의어,5f59c153-0ca4-4ba4-9f1c-e59663f9e5e2,꽃파는 카페 가배화,꽃가게,맛조이상인회 골목형상점가,골목형상점가,광주광역시,,,
571546ca8d457d93053c,full_annotation_v1,A,q_의류_04,옷 파는 데,패션·잡화 중 '의류'를 판매·제공하는 매장,train,의류,T2 동의어,cfad3883-5ed0-4847-b638-5e20d56e8947,초크,옷,㈜르네시떼,전통시장,부산광역시,,,
ac49993472a8c2c543a8,full_annotation_v1,A,q_의류_04,옷 파는 데,패션·잡화 중 '의류'를 판매·제공하는 매장,train,의류,T2 동의어,5da6a365-af57-46b4-948d-e14cfc64ed2a,목마쉼터,한식,천지동 아랑조을거리,골목형상점가,제주특별자치도,,,
728d830647218a31dcf5,full_annotation_v1,A,q_의류_04,옷 파는 데,패션·잡화 중 '의류'를 판매·제공하는 매장,train,의류,T2 동의어,f14df4d3-9858-4a8b-8597-20fd477d8e32,갤러리 데 루치아,가구,용인어정가구단지상점가,자율상권구역,경기도,,,
8ce31b71c7319b8fbf8d,full_annotation_v1,A,q_의류_04,옷 파는 데,패션·잡화 중 '의류'를 판매·제공하는 매장,train,의류,T2 동의어,b59b9921-a1c3-4d2a-8014-6e5ee9e60d38,행복2,옷,새동인천지하상가,일반지하상점가,인천광역시,,,
cf64cd736927db5bdf41,full_annotation_v1,A,q_의류_04,옷 파는 데,패션·잡화 중 '의류'를 판매·제공하는 매장,train,의류,T2 동의어,04aacab6-be8f-4470-b58d-33d49bec0a4f,한스,도소매(기성복),통일상가,전통시장,서울특별시,,,
7e6c8bf500ad38bbed76,full_annotation_v1,A,q_의류_04,옷 파는 데,패션·잡화 중 '의류'를 판매·제공하는 매장,train,의류,T2 동의어,7f7d439f-ac79-4cb0-ba0f-7a6bae41b914,파비안느,옷,대신지하상가,일반지하상점가,대구광역시,,,
64d5279e43f6c75b3cdf,full_annotation_v1,A,q_의류_04,옷 파는 데,패션·잡화 중 '의류'를 판매·제공하는 매장,train,의류,T2 동의어,19302821-2b5d-4d61-860c-0328418dc8e2,또와,기성복,아트프라자,자율상권구역,서울특별시,,,
05620759f12aa9d250d7,full_annotation_v1,A,q_의류_04,옷 파는 데,패션·잡화 중 '의류'를 판매·제공하는 매장,train,의류,T2 동의어,0ab4febb-1ab2-42cf-aae3-53c528083921,에스텔라,의류(기성복),평화로상가,자율상권구역,경상북도,,,
966834484bb5f596ae5c,full_annotation_v1,A,q_의류_04,옷 파는 데,패션·잡화 중 '의류'를 판매·제공하는 매장,train,의류,T2 동의어,413c17c7-cc44-4734-8980-f13b631b9629,옷수선,옷,대왕암사거리 골목형상점가,골목형상점가,울산광역시,,,
546635b7250fd5b1156e,full_annotation_v1,A,q_의류_04,옷 파는 데,패션·잡화 중 '의류'를 판매·제공하는 매장,train,의류,T2 동의어,fa978677-4897-4713-89d7-515b744f6e77,영광수산,횟집,센트럴프라자,골목형상점가,울산광역시,,,
2ae9e7f9cfe07a7cbd48,full_annotation_v1,A,q_의류_04,옷 파는 데,패션·잡화 중 '의류'를 판매·제공하는 매장,train,의류,T2 동의어,da257990-447d-4171-8f38-ef527039ecc8,유행따라,옷,중앙신시장,전통시장,경상북도,,,
12592df9ce9d0075c181,full_annotation_v1,A,q_의류_04,옷 파는 데,패션·잡화 중 '의류'를 판매·제공하는 매장,train,의류,T2 동의어,09b55ffd-48d2-4cf4-a1d9-1d13cc7a7de7,오리온,기성복,남대문시장,전통시장,서울특별시,,,
2f66423d2f1d67ccb616,full_annotation_v1,A,q_의류_04,옷 파는 데,패션·잡화 중 '의류'를 판매·제공하는 매장,train,의류,T2 동의어,013a01ba-2abc-42d5-9f1b-e0708f0a806b,경남,의류(기타 의복 소매),부산진시장,전통시장,부산광역시,,,
ed07078304ae8fae7809,full_annotation_v1,A,q_의류_04,옷 파는 데,패션·잡화 중 '의류'를 판매·제공하는 매장,train,의류,T2 동의어,10a861e2-8717-40d5-8bab-79fd68d83a8e,라온,옷,풍암SK.광명상가상인회 골목형상점가,골목형상점가,광주광역시,,,
c797e911e14adc1e5514,full_annotation_v1,A,q_의류_04,옷 파는 데,패션·잡화 중 '의류'를 판매·제공하는 매장,train,의류,T2 동의어,9abffc7e-051d-4f6b-9e79-11136376f574,크림,옷,동산상가,전통시장,대구광역시,,,
908aaf383b717857063b,full_annotation_v1,A,q_의류_04,옷 파는 데,패션·잡화 중 '의류'를 판매·제공하는 매장,train,의류,T2 동의어,c161453d-f2c8-4b97-a2c3-a54e0cbdb7e8,생활용품 싸게 파는 집,잡화,안성중앙시장,전통시장,경기도,,,
9645f9c8549e75ab1c9e,full_annotation_v1,A,q_의류_04,옷 파는 데,패션·잡화 중 '의류'를 판매·제공하는 매장,train,의류,T2 동의어,0329ae89-cc96-41bc-b7b1-4c5255b46dda,네파,옷,덕이동패션1번지,전통시장,경기도,,,
4e6d3b7ce71f614f03d6,full_annotation_v1,A,q_의류_04,옷 파는 데,패션·잡화 중 '의류'를 판매·제공하는 매장,train,의류,T2 동의어,078f51c7-dbe7-46b5-9089-2e2824e6553c,장흥수산,낙지 홍어 바지락,대인시장,전통시장,광주광역시,,,
3794bbc75cb18d85b0c5,full_annotation_v1,A,q_의류_04,옷 파는 데,패션·잡화 중 '의류'를 판매·제공하는 매장,train,의류,T2 동의어,26220224-2c69-49c4-998f-cf019e71f136,토야,옷,중앙전통시장,전통시장,울산광역시,,,
49a6df6f13bb6abfacbd,full_annotation_v1,A,q_의류_04,옷 파는 데,패션·잡화 중 '의류'를 판매·제공하는 매장,train,의류,T2 동의어,0010d634-70b8-4627-8dea-822a9bb56922,라엘,여성의류,동산상가,전통시장,대구광역시,,,
db1437e9e3a3ffe18a19,full_annotation_v1,A,q_의류_04,옷 파는 데,패션·잡화 중 '의류'를 판매·제공하는 매장,train,의류,T2 동의어,159a2f7b-b9a8-4aaf-9cbd-2624c1910498,김경희패션,옷,전주중앙상가시장,전통시장,전북특별자치도,,,
7e40f52b09fe2eba84d9,full_annotation_v1,A,q_의류_04,옷 파는 데,패션·잡화 중 '의류'를 판매·제공하는 매장,train,의류,T2 동의어,63e4c97e-2b2d-4f3a-9f59-325531fd7d40,마리,옷,동해남부재래시장,전통시장,강원특별자치도,,,
43dd3c019f9641e6b81d,full_annotation_v1,A,q_의류_04,옷 파는 데,패션·잡화 중 '의류'를 판매·제공하는 매장,train,의류,T2 동의어,00054f1d-4cae-4345-9975-1423bc49e4dc,착한아이들,의류,중앙전통시장,전통시장,울산광역시,,,
1fe2eae00caa574877d3,full_annotation_v1,A,q_의류_04,옷 파는 데,패션·잡화 중 '의류'를 판매·제공하는 매장,train,의류,T2 동의어,3af9369c-1627-4640-9e24-2a80170f1ef6,파크랜드,옷,서천읍 군사리 골목형상점가,골목형상점가,충청남도,,,
cef804dd65f4f9be43b4,full_annotation_v1,A,q_의류_04,옷 파는 데,패션·잡화 중 '의류'를 판매·제공하는 매장,train,의류,T2 동의어,f711dec3-c9f5-4234-b52b-dfedaae185f0,블루,옷,전농로터리시장,전통시장,서울특별시,,,
895da001694966544362,full_annotation_v1,A,q_의류_04,옷 파는 데,패션·잡화 중 '의류'를 판매·제공하는 매장,train,의류,T2 동의어,00128db8-b700-42b3-be50-1760b6c08487,자이세탁,의류세탁,신봉하나로 골목형상점가,골목형상점가,경기도,,,
a59042fa584528109936,full_annotation_v1,A,q_의류_04,옷 파는 데,패션·잡화 중 '의류'를 판매·제공하는 매장,train,의류,T2 동의어,3e726f77-a8bd-4416-aad7-a1cd0a2f5a6b,오땡큐,옷,두류1번가,일반지하상점가,대구광역시,,,
7495be3bce817a56500a,full_annotation_v1,A,q_의류_04,옷 파는 데,패션·잡화 중 '의류'를 판매·제공하는 매장,train,의류,T2 동의어,0743783e-8456-40b3-8ece-e592d976b7af,데님647,청바지,백년소상공인,기타,서울특별시,,,
78a61c5662428be87b04,full_annotation_v1,A,q_의류_04,옷 파는 데,패션·잡화 중 '의류'를 판매·제공하는 매장,train,의류,T2 동의어,70e92b81-7465-4c3b-a4ab-18555f4c9eda,레베카,옷,사가정시장,전통시장,서울특별시,,,
05744ab2daaaaca4cca2,full_annotation_v1,A,q_의류_04,옷 파는 데,패션·잡화 중 '의류'를 판매·제공하는 매장,train,의류,T2 동의어,916dd581-9795-44a6-a044-e206709803a4,센띠미엔또,옷,문화의거리 상점가,자율상권구역,울산광역시,,,
99ac8554f2b6536323c5,full_annotation_v1,A,q_의류_04,옷 파는 데,패션·잡화 중 '의류'를 판매·제공하는 매장,train,의류,T2 동의어,aba76fc2-984e-4030-ba01-e2e7d78264c7,데 아로즈 대전둔산본점,,갈리단길 골목형상점가,골목형상점가,대전광역시,,,
348c9c2e353528d068bd,full_annotation_v1,A,q_의류_04,옷 파는 데,패션·잡화 중 '의류'를 판매·제공하는 매장,train,의류,T2 동의어,8c470ffc-8f1a-4794-b837-dd59bb2e86ee,바이혀니,옷,조암시장,전통시장,경기도,,,
e6d543951ab95830ecdd,full_annotation_v1,A,q_의류_04,옷 파는 데,패션·잡화 중 '의류'를 판매·제공하는 매장,train,의류,T2 동의어,8f7ebf43-5bd2-40dc-a158-8df673973be4,유림상회,잡화,센트럴프라자,골목형상점가,울산광역시,,,
ac530cb084c82ae61437,full_annotation_v1,A,q_의류_04,옷 파는 데,패션·잡화 중 '의류'를 판매·제공하는 매장,train,의류,T2 동의어,026c5d57-26e4-48c1-a181-862bcda8df43,블럭팡 아산탕정점,장난감,한들물빛도시 골목형 상점가,골목형상점가,충청남도,,,
eca2155e288831a0c593,full_annotation_v1,A,q_의류_04,옷 파는 데,패션·잡화 중 '의류'를 판매·제공하는 매장,train,의류,T2 동의어,fceff6ad-e44f-40a3-8af2-e9642aa08ef6,행복구제,옷,성환1번가 골목형상점가,골목형상점가,충청남도,,,
b3b29e300b198f462508,full_annotation_v1,A,q_의류_04,옷 파는 데,패션·잡화 중 '의류'를 판매·제공하는 매장,train,의류,T2 동의어,ac7b2f5d-646b-44e2-a850-a869cbb8fcc0,요조숙녀,옷,우치서하로 골목형상점가,골목형상점가,광주광역시,,,
5484405f4cc950bc3781,full_annotation_v1,A,q_의류_04,옷 파는 데,패션·잡화 중 '의류'를 판매·제공하는 매장,train,의류,T2 동의어,03a58cd8-1705-4bf2-8be7-3a160d1c25df,중앙수선,의복수선,중앙도매시장,전통시장,대전광역시,,,
7c16830dc9198b1c0ab8,full_annotation_v1,A,q_의류_04,옷 파는 데,패션·잡화 중 '의류'를 판매·제공하는 매장,train,의류,T2 동의어,afdd18fe-178a-4464-bb55-84bf8a01b443,모던,옷,원종고강제일시장(부천제일시장),전통시장,경기도,,,
f03b7a63631f91eb8e66,full_annotation_v1,A,q_의류_04,옷 파는 데,패션·잡화 중 '의류'를 판매·제공하는 매장,train,의류,T2 동의어,1943c599-6590-4dc5-8d6c-39bf7bf95dc1,쪼리,"청바지, 악세사리",경주중심상가,전통시장,경상북도,,,
7779df60eb08a2a8f3cf,full_annotation_v1,A,q_의류_04,옷 파는 데,패션·잡화 중 '의류'를 판매·제공하는 매장,train,의류,T2 동의어,cd939281-db77-4c98-a59d-268216ba9e39,살롱패션,옷,동인천지하상가(동인천지하아케이드),일반지하상점가,인천광역시,,,
316e5cecc7aa5f6ef1f3,full_annotation_v1,A,q_의류_04,옷 파는 데,패션·잡화 중 '의류'를 판매·제공하는 매장,train,의류,T2 동의어,05291547-c22d-430e-95c2-e31bda19a90a,슈퍼타이 본점,세탁,월드시티상가 골목형상점가,골목형상점가,울산광역시,,,
7a763c977070a3a49208,full_annotation_v1,A,q_의류_04,옷 파는 데,패션·잡화 중 '의류'를 판매·제공하는 매장,train,의류,T2 동의어,927b32d1-27ca-4664-b0a3-102c233b5137,카라,옷,연일전통시장,전통시장,경상북도,,,
c4361a110b7b439e9481,full_annotation_v1,A,q_의류_04,옷 파는 데,패션·잡화 중 '의류'를 판매·제공하는 매장,train,의류,T2 동의어,53776ad6-4a97-4445-b7f6-e236725c5048,대박옷가게,옷가게,안동광석거리 골목형상점가,골목형상점가,경상북도,,,
7dad41c3aadcb5a4b5de,full_annotation_v1,A,q_의류_04,옷 파는 데,패션·잡화 중 '의류'를 판매·제공하는 매장,train,의류,T2 동의어,420fd618-4255-4a98-bdf0-6fa2c4289d8a,마리,옷,홍대소상공인 상점가,자율상권구역,서울특별시,,,
bc3c3f203257a1ab5ae9,full_annotation_v1,A,q_의류_04,옷 파는 데,패션·잡화 중 '의류'를 판매·제공하는 매장,train,의류,T2 동의어,0608ac04-89b3-46cb-b047-262351b5bdb5,유한회사 하나둘청과,과일,가락몰골목형상점가,골목형상점가,서울특별시,,,
37b08efcb9b248af7b31,full_annotation_v1,A,q_의류_04,옷 파는 데,패션·잡화 중 '의류'를 판매·제공하는 매장,train,의류,T2 동의어,55c60bd2-f600-4b3d-9afc-37732ef659d5,최가정,한식,동울산만세대 골목형상점가,골목형상점가,울산광역시,,,
70c118f6bd77acc6ff2d,full_annotation_v1,A,q_의류_04,옷 파는 데,패션·잡화 중 '의류'를 판매·제공하는 매장,train,의류,T2 동의어,f51827ce-8d11-4ac7-b452-3b865b6bc90a,제이디엑스,옷,송하동 골목형상점가,골목형상점가,광주광역시,,,
eaa2712193c6c0754841,full_annotation_v1,A,q_의류_04,옷 파는 데,패션·잡화 중 '의류'를 판매·제공하는 매장,train,의류,T2 동의어,d9a6b700-9bb0-4940-aed0-1f6eefbde6d1,오버롤즈,옷,동명동 카페거리 골목형상점가,골목형상점가,광주광역시,,,
26270a6dca8866d15ab7,full_annotation_v1,A,q_의류_04,옷 파는 데,패션·잡화 중 '의류'를 판매·제공하는 매장,train,의류,T2 동의어,58f1076e-5a94-4c1b-bdcd-a3886a2b0f15,명동의류,옷,영월종합상가,전통시장,강원특별자치도,,,
8ba8f1e1d01b16bd3c8e,full_annotation_v1,A,q_의류_04,옷 파는 데,패션·잡화 중 '의류'를 판매·제공하는 매장,train,의류,T2 동의어,5f7a9931-6680-4fcb-882a-78cddd3ad0f3,실브,옷,부평깡통시장(구 부산부평시장),전통시장,부산광역시,,,
9c917ad49e990f1bb1ac,full_annotation_v1,A,q_의류_04,옷 파는 데,패션·잡화 중 '의류'를 판매·제공하는 매장,train,의류,T2 동의어,c2fb9d36-b157-4d37-94eb-852345a0ae39,베스띠벨리,옷,운천호수공원상인회 골목형상점가,골목형상점가,광주광역시,,,
85bad7ada7431d92013d,full_annotation_v1,A,q_의류_04,옷 파는 데,패션·잡화 중 '의류'를 판매·제공하는 매장,train,의류,T2 동의어,0352930b-2c8b-4c93-b1a5-4a873580604b,코코패션,옷,간데메공원골목형상점가,골목형상점가,서울특별시,,,
7b9d56e4563268bf0a5d,full_annotation_v1,A,q_의류_04,옷 파는 데,패션·잡화 중 '의류'를 판매·제공하는 매장,train,의류,T2 동의어,bd165bc3-a60b-481b-8760-5bce00a3cf4f,흥국옷수선,옷,흥국상가,자율상권구역,전라남도,,,
6bdeead2e4f6ba9b3775,full_annotation_v1,A,q_의류_04,옷 파는 데,패션·잡화 중 '의류'를 판매·제공하는 매장,train,의류,T2 동의어,26d023e0-6144-4340-bc75-75617eb9f548,풍기인견,옷,원주자유시장,전통시장,강원특별자치도,,,
377c3d2a097161941247,full_annotation_v1,A,q_의류_04,옷 파는 데,패션·잡화 중 '의류'를 판매·제공하는 매장,train,의류,T2 동의어,10cf99d8-a820-4c81-8c3b-3d12c6c6feb8,K2,옷,덕이동패션1번지,전통시장,경기도,,,
256e32fd78a645fd5089,full_annotation_v1,A,q_의류_04,옷 파는 데,패션·잡화 중 '의류'를 판매·제공하는 매장,train,의류,T2 동의어,a7fd5769-219a-4c05-9b5f-a9474ac43d46,소풍,옷,루원이음길 골목형상점가,골목형상점가,인천광역시,,,
dfa535bb76b8fd18b680,full_annotation_v1,A,q_의류_04,옷 파는 데,패션·잡화 중 '의류'를 판매·제공하는 매장,train,의류,T2 동의어,641e76d3-ea66-458a-97ba-1882b4ab78b4,썬플라워데일리룩,옷,담양시장,전통시장,전라남도,,,
d3a8f566585ce9dadc0c,full_annotation_v1,A,q_의류_04,옷 파는 데,패션·잡화 중 '의류'를 판매·제공하는 매장,train,의류,T2 동의어,023923b8-1217-420d-94da-1dbed6318c95,두올수선,옷수선,부평대아지하상점가,일반지하상점가,인천광역시,,,
3e1fee113605612ac05d,full_annotation_v1,A,q_의류_04,옷 파는 데,패션·잡화 중 '의류'를 판매·제공하는 매장,train,의류,T2 동의어,000a92b3-0b5e-429e-af00-f86e3570e24b,클로버,의류,관문상가시장,전통시장,대구광역시,,,
f9f3a4415b0b0a3f59fc,full_annotation_v1,A,q_의류_04,옷 파는 데,패션·잡화 중 '의류'를 판매·제공하는 매장,train,의류,T2 동의어,441ab8f2-f52d-44c8-b8f7-8d2a5b1e4806,토탈패션,옷,제민천 골목형상점가,골목형상점가,충청남도,,,
cef31804051626891864,full_annotation_v1,A,q_의류_04,옷 파는 데,패션·잡화 중 '의류'를 판매·제공하는 매장,train,의류,T2 동의어,d1ae6bf9-4e46-470d-b872-710693467a3d,꼼빠니아,옷,덕이동패션1번지,전통시장,경기도,,,
f53a4b8fae4819ad9323,full_annotation_v1,A,q_의류_04,옷 파는 데,패션·잡화 중 '의류'를 판매·제공하는 매장,train,의류,T2 동의어,4a10655a-ca92-413a-8ade-7ea466ab0505,화미,옷,팔달시민상가시장,전통시장,경기도,,,
e1069c547284b0f564e1,full_annotation_v1,A,q_의류_04,옷 파는 데,패션·잡화 중 '의류'를 판매·제공하는 매장,train,의류,T2 동의어,c174f39f-2d1b-46ad-a89f-e7ccc4e13dff,멋나래,옷,전주중앙상가시장,전통시장,전북특별자치도,,,
9611816843c928e35c6a,full_annotation_v1,A,q_의류_04,옷 파는 데,패션·잡화 중 '의류'를 판매·제공하는 매장,train,의류,T2 동의어,1534f3e1-583e-4f5e-adfc-f0b8a6d88e9b,조이풀,꽃 식물,화정금화로상인회 골목형상점가,골목형상점가,광주광역시,,,
6d5b15c76ebed9dc210c,full_annotation_v1,A,q_의류_04,옷 파는 데,패션·잡화 중 '의류'를 판매·제공하는 매장,train,의류,T2 동의어,0cd4e040-9521-44ca-809c-d51f100e9356,토이빌리지,유아완구.장난감,석교동 이웃마루 골목형상점가,골목형상점가,대전광역시,,,
69f9322efb9dc81f1c97,full_annotation_v1,A,q_의류_04,옷 파는 데,패션·잡화 중 '의류'를 판매·제공하는 매장,train,의류,T2 동의어,1f9e5989-5ce6-436d-b0f1-17257b3e74e6,겐조투,옷,금산프라자 골목형상점가,골목형상점가,경기도,,,
dcd1bd4bac5793f3275d,full_annotation_v1,A,q_의류_04,옷 파는 데,패션·잡화 중 '의류'를 판매·제공하는 매장,train,의류,T2 동의어,8901d1e7-4c63-45eb-9e5d-745b02a7671a,우와한,소고기,노은역 골목형상점가,골목형상점가,대전광역시,,,
5d700f262c7311554c1f,full_annotation_v1,A,q_의류_04,옷 파는 데,패션·잡화 중 '의류'를 판매·제공하는 매장,train,의류,T2 동의어,07db0235-e6d4-45bf-8a47-ab8b01f06574,럭키블럭,장난감,연제초 앞 골목형상점가,골목형상점가,광주광역시,,,
7f187eb7e61b51d27ac1,full_annotation_v1,A,q_의류_04,옷 파는 데,패션·잡화 중 '의류'를 판매·제공하는 매장,train,의류,T2 동의어,597c9513-9923-40d4-8505-9ad4f2c6b606,레지아,옷,부산진시장,전통시장,부산광역시,,,
f5efef5aae637b261774,full_annotation_v1,A,q_의류_04,옷 파는 데,패션·잡화 중 '의류'를 판매·제공하는 매장,train,의류,T2 동의어,512a7463-c2d0-429f-8df6-d5efe55c7bf5,경주 옷가게 털보형제들,,경주중심상가,전통시장,경상북도,,,
8ff13b64d125e6d00848,full_annotation_v1,A,q_의류_04,옷 파는 데,패션·잡화 중 '의류'를 판매·제공하는 매장,train,의류,T2 동의어,ad25c8a8-fcf3-4169-870d-06b96f93de16,이동우콜렉션,옷,평화로상가,자율상권구역,경상북도,,,
fb20bba11d04f0a5f2b2,full_annotation_v1,A,q_의류_04,옷 파는 데,패션·잡화 중 '의류'를 판매·제공하는 매장,train,의류,T2 동의어,5723d922-e55c-46bc-a5b9-846ba2afdf5d,커피파는 집,,거제 성포 골목형상점가,골목형상점가,경상남도,,,
66f31c1ec0599e10c956,full_annotation_v1,A,q_의류_04,옷 파는 데,패션·잡화 중 '의류'를 판매·제공하는 매장,train,의류,T2 동의어,a0f9f4ef-7074-489d-b751-f9f69f85338e,썬,옷,서문시장2지구 종합상가,전통시장,대구광역시,,,
c517176b918555770cdb,full_annotation_v1,A,q_의류_04,옷 파는 데,패션·잡화 중 '의류'를 판매·제공하는 매장,train,의류,T2 동의어,019c9868-92c6-4e25-b2ea-903f322c9acf,맡겨봐신발세탁,세탁,임동 골목형상점가,골목형상점가,광주광역시,,,
b2957f162f5384b154d4,full_annotation_v1,A,q_의류_04,옷 파는 데,패션·잡화 중 '의류'를 판매·제공하는 매장,train,의류,T2 동의어,6ef9edd7-938c-4678-8ae7-8f80abc0e8c4,니끼다,옷,서문시장2지구 종합상가,전통시장,대구광역시,,,
39b0ecba81d8c451efae,full_annotation_v1,A,q_의류_04,옷 파는 데,패션·잡화 중 '의류'를 판매·제공하는 매장,train,의류,T2 동의어,bd4249af-091f-4447-8274-4f262e8c19fd,카페 사이애,커피,금암동 골목형상점가,골목형상점가,충청남도,,,
17741d623066390e6ba0,full_annotation_v1,A,q_의류_04,옷 파는 데,패션·잡화 중 '의류'를 판매·제공하는 매장,train,의류,T2 동의어,a82b0806-ede7-4f56-82bf-73c681b34283,S패션,옷,창동골목시장,전통시장,서울특별시,,,
6482f6c4daf2bd8490fe,full_annotation_v1,A,q_의류_04,옷 파는 데,패션·잡화 중 '의류'를 판매·제공하는 매장,train,의류,T2 동의어,2a1a27b5-6e8b-44a1-8971-a48abe0305fb,핑,옷,덕이동메인타운상점가(구 덕이동로데오메인타운),자율상권구역,경기도,,,
0f4d922b1d88f830220d,full_annotation_v1,A,q_의류_04,옷 파는 데,패션·잡화 중 '의류'를 판매·제공하는 매장,train,의류,T2 동의어,18d014d4-5a51-42bb-b2ba-6beabc2404db,BABI (바비),"의류 청바지, 티셔츠, 원피스, 자켓 및 악세사리",의정부로데오상점가,자율상권구역,경기도,,,
8dcb95a44da7e81673cd,full_annotation_v1,A,q_의류_04,옷 파는 데,패션·잡화 중 '의류'를 판매·제공하는 매장,train,의류,T2 동의어,c29ef265-6689-424b-b99e-8a18a4d6a7e2,패션랜드,옷,송정5일시장,전통시장,광주광역시,,,
a19565c569f6042372d4,full_annotation_v1,A,q_의류_04,옷 파는 데,패션·잡화 중 '의류'를 판매·제공하는 매장,train,의류,T2 동의어,02851047-7760-4cdb-b811-74f6dff245bd,에덴의상실,수선,돈암시장,전통시장,서울특별시,,,
f1769b03dfbfc0239a00,full_annotation_v1,A,q_의류_04,옷 파는 데,패션·잡화 중 '의류'를 판매·제공하는 매장,train,의류,T2 동의어,014b6a30-fb19-4f0f-8ab0-5139e2368173,월드옷수선,의류수선,수원역전시장,전통시장,경기도,,,
43ff42c3261424a069be,full_annotation_v1,A,q_의류_04,옷 파는 데,패션·잡화 중 '의류'를 판매·제공하는 매장,train,의류,T2 동의어,8356300f-b26b-478f-a101-fac36ac38e16,최의상,옷,포항죽도농산물시장,전통시장,경상북도,,,
fc994577e4b6682ef16a,full_annotation_v1,A,q_의류_04,옷 파는 데,패션·잡화 중 '의류'를 판매·제공하는 매장,train,의류,T2 동의어,a69be704-f0e1-48d2-8b51-4f95fbf285a9,뽀솜이,옷,가재마을 골목형상점가,골목형상점가,세종특별자치시,,,
74d6eabaffac672d5e56,full_annotation_v1,A,q_의류_04,옷 파는 데,패션·잡화 중 '의류'를 판매·제공하는 매장,train,의류,T2 동의어,aa62ddd1-79d1-4a90-84e0-36120de14b2d,노빵,옷,창원 가음정시장,전통시장,경상남도,,,
502ca09136c59327988a,full_annotation_v1,A,q_의류_04,옷 파는 데,패션·잡화 중 '의류'를 판매·제공하는 매장,train,의류,T2 동의어,02edb9ce-a58f-4d06-a0f7-8f3af74e85d0,로보키즈,장난감대여,용봉지구 골목형상점가,골목형상점가,광주광역시,,,
bd42e6acd9ad161364ec,full_annotation_v1,A,q_의류_04,옷 파는 데,패션·잡화 중 '의류'를 판매·제공하는 매장,train,의류,T2 동의어,4ee66f6f-09f7-4cc8-9449-a76374535d35,5번가,옷,서문시장2지구 종합상가,전통시장,대구광역시,,,
0e9d27e82a0b3c51ab27,full_annotation_v1,A,q_의류_04,옷 파는 데,패션·잡화 중 '의류'를 판매·제공하는 매장,train,의류,T2 동의어,2dff2444-5de3-46aa-8cbe-2a5928b185dc,신세대,옷,평택통복시장,전통시장,경기도,,,
21b4fd183af4dda5a324,full_annotation_v1,A,q_의류_04,옷 파는 데,패션·잡화 중 '의류'를 판매·제공하는 매장,train,의류,T2 동의어,0a618541-1ad6-4688-bc49-dda573271f1d,샬롬구제,옷,화서시장,전통시장,경기도,,,
b6f27831030a3f7b5b2c,full_annotation_v1,A,q_의류_04,옷 파는 데,패션·잡화 중 '의류'를 판매·제공하는 매장,train,의류,T2 동의어,4c9ec80c-f903-4157-88ac-92f16af307fa,체이스컬트,옷,우산상인회 골목형상점가,골목형상점가,광주광역시,,,
1325a259cfd062d7b305,full_annotation_v1,A,q_의류_04,옷 파는 데,패션·잡화 중 '의류'를 판매·제공하는 매장,train,의류,T2 동의어,4045c03a-4a08-4d10-aed1-e3c32dcf6fec,스타양품,의류,숭인시장,전통시장,서울특별시,,,
c5e6b5bfed4ef380e435,full_annotation_v1,A,q_의류_04,옷 파는 데,패션·잡화 중 '의류'를 판매·제공하는 매장,train,의류,T2 동의어,ad2284ff-8791-453b-b8a9-67654ff94220,폰파는 신사,휴대폰,남해 명품화전길 골목형상점가,골목형상점가,경상남도,,,
a3f695beb50b849bb40a,full_annotation_v1,A,q_의류_04,옷 파는 데,패션·잡화 중 '의류'를 판매·제공하는 매장,train,의류,T2 동의어,473a67f5-a22f-444e-8502-247e6b9588b3,이아네 작업실,스티커 토퍼,금산금빛시장(금산시장),전통시장,충청남도,,,
5bc5c048bb9d42dc1bb6,full_annotation_v1,A,q_의류_04,옷 파는 데,패션·잡화 중 '의류'를 판매·제공하는 매장,train,의류,T2 동의어,6702c44f-743f-4a82-a486-762c643027a2,야채파는 총각,농산물,구리전통시장,전통시장,경기도,,,
39fec5415f2562af8091,full_annotation_v1,A,q_의류_04,옷 파는 데,패션·잡화 중 '의류'를 판매·제공하는 매장,train,의류,T2 동의어,0213d775-a9ba-4c68-8b2b-ee3ed98c4d46,썬라이즈,기터의복,진주 중앙상점가,자율상권구역,경상남도,,,
be1969f3265e9612dc0f,full_annotation_v1,A,q_의류_04,옷 파는 데,패션·잡화 중 '의류'를 판매·제공하는 매장,train,의류,T2 동의어,f4015506-d56c-4894-8a72-39fb86efec9c,리나홈패션,옷,오치1동(제2지역:북부소방서 사거리) 골목형상점가,골목형상점가,광주광역시,,,
c48469f85e662f540116,full_annotation_v1,A,q_의류_04,옷 파는 데,패션·잡화 중 '의류'를 판매·제공하는 매장,train,의류,T2 동의어,164666ec-be0a-4c47-b673-9ab7000e37c9,에스,옷,중앙로 지하상가 상점가,일반지하상점가,대전광역시,,,
e4d16f7d9aa31c2ec46a,full_annotation_v1,A,q_의류_04,옷 파는 데,패션·잡화 중 '의류'를 판매·제공하는 매장,train,의류,T2 동의어,b7b3a948-d86d-45e1-afb8-c2791b7bd118,샵오구이,옷,상무연하상인회 골목형상점가,골목형상점가,광주광역시,,,
cc25db667a4a7d8e6d77,full_annotation_v1,A,q_의류_04,옷 파는 데,패션·잡화 중 '의류'를 판매·제공하는 매장,train,의류,T2 동의어,05ceaf94-c8e1-4ec6-9148-be979dc3614f,달인옷수선,수선,양산 덕계종합상설시장,전통시장,경상남도,,,
923bdc2e853dab078ec4,full_annotation_v1,A,q_의류_04,옷 파는 데,패션·잡화 중 '의류'를 판매·제공하는 매장,train,의류,T2 동의어,6a6fb2c8-59e4-4f4f-a1de-245b8ee7b6b6,파스텔,옷,노룬산골목시장,전통시장,서울특별시,,,
7cd770dcdedfe9c3f93b,full_annotation_v1,A,q_의류_04,옷 파는 데,패션·잡화 중 '의류'를 판매·제공하는 매장,train,의류,T2 동의어,00c164d0-76c7-4e7a-9676-ecfdbb052077,크린토피아신창점,세탁,신창수문 골목형상점가,골목형상점가,광주광역시,,,
8df0a57014291fc9ebfd,full_annotation_v1,A,q_의류_04,옷 파는 데,패션·잡화 중 '의류'를 판매·제공하는 매장,train,의류,T2 동의어,00e9be42-1358-4d8a-91f4-119aaed2a77b,백경사,"작업복, 기성복, 안전화 등",부산진시장,전통시장,부산광역시,,,
80cf14575b629821b115,full_annotation_v1,A,q_의류_04,옷 파는 데,패션·잡화 중 '의류'를 판매·제공하는 매장,train,의류,T2 동의어,39cdcf99-b246-4c92-a1ce-430456055aae,마니,옷,문화의거리 상점가,자율상권구역,울산광역시,,,
de622c8c84426b6cd88a,full_annotation_v1,A,q_의류_04,옷 파는 데,패션·잡화 중 '의류'를 판매·제공하는 매장,train,의류,T2 동의어,014602ec-34d6-41db-98d1-f7941ce5c2da,밝은 세탁,수선,노대물빛근린공원 골목형상점가,골목형상점가,광주광역시,,,
407de35cdfc60f6cc9af,full_annotation_v1,A,q_의류_04,옷 파는 데,패션·잡화 중 '의류'를 판매·제공하는 매장,train,의류,T2 동의어,011975e6-5c12-42c3-9d7d-81f8eba753c7,러브아트,홈패션,공주산성시장,전통시장,충청남도,,,
f1fbab1ba133a632879f,full_annotation_v1,A,q_의류_04,옷 파는 데,패션·잡화 중 '의류'를 판매·제공하는 매장,train,의류,T2 동의어,0be4957d-6b1f-4146-82fd-f1c84ac6ca84,임마누엘,옷,진부전통시장,전통시장,강원특별자치도,,,
ab298e24793328672444,full_annotation_v1,A,q_의류_04,옷 파는 데,패션·잡화 중 '의류'를 판매·제공하는 매장,train,의류,T2 동의어,d8bcea05-84ee-4c48-a547-041916842238,블랙야크,옷,송하동 골목형상점가,골목형상점가,광주광역시,,,
7fdb63ed3dd6293a40c4,full_annotation_v1,A,q_의류_04,옷 파는 데,패션·잡화 중 '의류'를 판매·제공하는 매장,train,의류,T2 동의어,af04a00a-09fd-4908-8617-36206698fdd5,각시손두부,두부 콩국수,화정한울타리상인회 골목형상점가,골목형상점가,광주광역시,,,
a6166959893e27039bd6,full_annotation_v1,A,q_의류_04,옷 파는 데,패션·잡화 중 '의류'를 판매·제공하는 매장,train,의류,T2 동의어,00fc2b18-ffa0-45b1-b03a-af61257944a9,충일구두수선,구두수선,충주무학시장,전통시장,충청북도,,,
019f9b9906f95f954ca8,full_annotation_v1,A,q_의류_04,옷 파는 데,패션·잡화 중 '의류'를 판매·제공하는 매장,train,의류,T2 동의어,03cf59c3-0bce-43ff-9df1-14e946a2bd29,금산트라이,"모자, 가방, 패션잡화",금산중앙로상점가,자율상권구역,충청남도,,,
0a35edc6704f32c8c8aa,full_annotation_v1,A,q_의류_05,옷가게,패션·잡화 중 '의류'를 판매·제공하는 매장,train,의류,T2 동의어,6311bb64-2e1c-4f85-8b5a-566793c27776,스타일옷가게,보세옷,두암시장주변 골목형상점가,골목형상점가,광주광역시,,,
99a9c63757d16a1bb8ad,full_annotation_v1,A,q_의류_05,옷가게,패션·잡화 중 '의류'를 판매·제공하는 매장,train,의류,T2 동의어,000a92b3-0b5e-429e-af00-f86e3570e24b,클로버,의류,관문상가시장,전통시장,대구광역시,,,
e1598050021881402a9e,full_annotation_v1,A,q_의류_05,옷가게,패션·잡화 중 '의류'를 판매·제공하는 매장,train,의류,T2 동의어,af45c3e8-baa1-4e24-9772-f1a3d3693cbf,소라네 옷가게,,성정시장(구 성정5단지시장),전통시장,충청남도,,,
e5bd30bbb005d1162c39,full_annotation_v1,A,q_의류_05,옷가게,패션·잡화 중 '의류'를 판매·제공하는 매장,train,의류,T2 동의어,1773c3b2-f14d-4c28-8379-22a211cd30e9,예쁜옷가게,의류,하양꿈바우시장,전통시장,경상북도,,,
4a982bd6d5679323d7ad,full_annotation_v1,A,q_의류_05,옷가게,패션·잡화 중 '의류'를 판매·제공하는 매장,train,의류,T2 동의어,05291547-c22d-430e-95c2-e31bda19a90a,슈퍼타이 본점,세탁,월드시티상가 골목형상점가,골목형상점가,울산광역시,,,
a19e9c7bd88a7e136474,full_annotation_v1,A,q_의류_05,옷가게,패션·잡화 중 '의류'를 판매·제공하는 매장,train,의류,T2 동의어,88821457-9dc8-4c74-94ab-b60890406397,충북상회,건어물,청주사창시장,전통시장,충청북도,,,
fc22a659cf865b70f146,full_annotation_v1,A,q_의류_05,옷가게,패션·잡화 중 '의류'를 판매·제공하는 매장,train,의류,T2 동의어,07db0235-e6d4-45bf-8a47-ab8b01f06574,럭키블럭,장난감,연제초 앞 골목형상점가,골목형상점가,광주광역시,,,
eec13c7e3de6570ecede,full_annotation_v1,A,q_의류_05,옷가게,패션·잡화 중 '의류'를 판매·제공하는 매장,train,의류,T2 동의어,5bf36ca9-fa1f-49a3-95aa-3680d08f3e99,(SNS)무인분식 전남대점,식음료 소매업,전남대 상대 골목형상점가,골목형상점가,광주광역시,,,
255f53744c84ab82d296,full_annotation_v1,A,q_의류_05,옷가게,패션·잡화 중 '의류'를 판매·제공하는 매장,train,의류,T2 동의어,0ab4febb-1ab2-42cf-aae3-53c528083921,에스텔라,의류(기성복),평화로상가,자율상권구역,경상북도,,,
01f4eba1e0435e674164,full_annotation_v1,A,q_의류_05,옷가게,패션·잡화 중 '의류'를 판매·제공하는 매장,train,의류,T2 동의어,8d0ed308-4a7c-4060-90dc-8298f91b7cfb,좋은옷가게,의류,여주세종시장상점가,자율상권구역,경기도,,,
55ac7b78a95f2eec72c3,full_annotation_v1,A,q_의류_05,옷가게,패션·잡화 중 '의류'를 판매·제공하는 매장,train,의류,T2 동의어,2d9a91df-c256-4726-9e01-9e491c7b297a,블루,옷가게,전주중앙상가시장,전통시장,전북특별자치도,,,
22644f86a99350385e68,full_annotation_v1,A,q_의류_05,옷가게,패션·잡화 중 '의류'를 판매·제공하는 매장,train,의류,T2 동의어,aedec0f0-3f0e-46ea-9f0f-273c7396fed8,소르네일,네일서비스,남천 상점가,자율상권구역,경기도,,,
ee4e1425405959627ce8,full_annotation_v1,A,q_의류_05,옷가게,패션·잡화 중 '의류'를 판매·제공하는 매장,train,의류,T2 동의어,02edb9ce-a58f-4d06-a0f7-8f3af74e85d0,로보키즈,장난감대여,용봉지구 골목형상점가,골목형상점가,광주광역시,,,
f72340364aa2540498bc,full_annotation_v1,A,q_의류_05,옷가게,패션·잡화 중 '의류'를 판매·제공하는 매장,train,의류,T2 동의어,53776ad6-4a97-4445-b7f6-e236725c5048,대박옷가게,옷가게,안동광석거리 골목형상점가,골목형상점가,경상북도,,,
fcc36dacc1649af5b45d,full_annotation_v1,A,q_의류_05,옷가게,패션·잡화 중 '의류'를 판매·제공하는 매장,train,의류,T2 동의어,0213d775-a9ba-4c68-8b2b-ee3ed98c4d46,썬라이즈,기터의복,진주 중앙상점가,자율상권구역,경상남도,,,
b42e9ba56d8ad36d72b9,full_annotation_v1,A,q_의류_05,옷가게,패션·잡화 중 '의류'를 판매·제공하는 매장,train,의류,T2 동의어,03159423-3cb1-401e-af77-89751a639bb8,주홍,바지,아트프라자,자율상권구역,서울특별시,,,
a44642a418478e9bf625,full_annotation_v1,A,q_의류_05,옷가게,패션·잡화 중 '의류'를 판매·제공하는 매장,train,의류,T2 동의어,949f565a-d5c3-4bed-809d-a5a8759c2d47,샤랄라옷가게,의류,봉동생강골시장,전통시장,전북특별자치도,,,
bf188e64acaf5cf86b80,full_annotation_v1,A,q_의류_05,옷가게,패션·잡화 중 '의류'를 판매·제공하는 매장,train,의류,T2 동의어,033fc658-a256-42a6-8ebf-24763bc43ba1,신광컴퓨터세탁소,세탁소,대야 골목형상점가,골목형상점가,전북특별자치도,,,
5d8c59dc7c19d723dd3a,full_annotation_v1,A,q_의류_05,옷가게,패션·잡화 중 '의류'를 판매·제공하는 매장,train,의류,T2 동의어,05e6b9e7-3971-4a4f-b541-26089f913728,민지의상실,수선,제천중앙시장,전통시장,충청북도,,,
be6b3706a7fe1237f47c,full_annotation_v1,A,q_의류_05,옷가게,패션·잡화 중 '의류'를 판매·제공하는 매장,train,의류,T2 동의어,60211cd4-80da-4e09-9412-f1293b737438,18st 옷가게,"의류, 잡화",내토전통시장,전통시장,충청북도,,,
eb8faa94d7e9fd9d0b08,full_annotation_v1,A,q_의류_05,옷가게,패션·잡화 중 '의류'를 판매·제공하는 매장,train,의류,T2 동의어,deeff814-fa77-48e9-8675-8d691694e7ec,부자반찬,반찬,청주육거리종합시장,전통시장,충청북도,,,
201808fde35876850e57,full_annotation_v1,A,q_의류_05,옷가게,패션·잡화 중 '의류'를 판매·제공하는 매장,train,의류,T2 동의어,f53dd40b-6392-438f-b283-f48a789e49eb,제이에프옷가게,의류,구로시장,전통시장,서울특별시,,,
30de2521a3621e7c59f6,full_annotation_v1,A,q_의류_05,옷가게,패션·잡화 중 '의류'를 판매·제공하는 매장,train,의류,T2 동의어,026c5d57-26e4-48c1-a181-862bcda8df43,블럭팡 아산탕정점,장난감,한들물빛도시 골목형 상점가,골목형상점가,충청남도,,,
a347c2095fce220779d1,full_annotation_v1,A,q_의류_05,옷가게,패션·잡화 중 '의류'를 판매·제공하는 매장,train,의류,T2 동의어,f9b145d1-b334-4311-afc4-45c154e02058,구제옷가게,의류,별빛뉴타운골목형상점가,골목형상점가,서울특별시,,,
6ffc555ab923898c8a1e,full_annotation_v1,A,q_의류_05,옷가게,패션·잡화 중 '의류'를 판매·제공하는 매장,train,의류,T2 동의어,1f7059df-bbbd-4b89-aea5-7adb17369b05,꼬모 옷가게,남성여성복아동복 및 악세서리 판매,계림두산위브 골목형상점가,골목형상점가,광주광역시,,,
279559df533b55804b6c,full_annotation_v1,A,q_의류_05,옷가게,패션·잡화 중 '의류'를 판매·제공하는 매장,train,의류,T2 동의어,014b6a30-fb19-4f0f-8ab0-5139e2368173,월드옷수선,의류수선,수원역전시장,전통시장,경기도,,,
6430f875a1920ad3aa74,full_annotation_v1,A,q_의류_05,옷가게,패션·잡화 중 '의류'를 판매·제공하는 매장,train,의류,T2 동의어,990a8054-9e18-48ca-8214-4a7b25f40923,대구 옷가게 털보형제들,의류,동성로상점가,자율상권구역,대구광역시,,,
0f7bda9c4697816174d2,full_annotation_v1,A,q_의류_05,옷가게,패션·잡화 중 '의류'를 판매·제공하는 매장,train,의류,T2 동의어,76abb76b-d19f-41ac-ad4d-26d32bffad62,수지,옷가게(의류),양산 나래메트로시티 골목형상점가,골목형상점가,경상남도,,,
6e5de08b886dddc79ef7,full_annotation_v1,A,q_의류_05,옷가게,패션·잡화 중 '의류'를 판매·제공하는 매장,train,의류,T2 동의어,9b7e05d5-0608-4a4a-afa2-a13c0e2b161e,함양옷가게,"옷, 모자",감천문화시장,전통시장,부산광역시,,,
f4ea5ec7d5f29036fbb8,full_annotation_v1,A,q_의류_05,옷가게,패션·잡화 중 '의류'를 판매·제공하는 매장,train,의류,T2 동의어,0304511e-62e7-4e31-8d19-61a115ffaa76,깔롱쟁이,의복,봉선1로 골목형상점가,골목형상점가,광주광역시,,,
31c9698183908d666c85,full_annotation_v1,A,q_의류_05,옷가게,패션·잡화 중 '의류'를 판매·제공하는 매장,train,의류,T2 동의어,03052be2-67e1-48ff-a71f-63500facd038,윤순영패션,,용대로119번길 골목형상점가,골목형상점가,,,,
aa076c6f46f395d8d2fd,full_annotation_v1,A,q_의류_05,옷가게,패션·잡화 중 '의류'를 판매·제공하는 매장,train,의류,T2 동의어,ec9667e4-b454-448f-8a46-853104428318,우블리 뷰티,피부관리 메이크업,사거리온누리 골목형상점가,골목형상점가,충청남도,,,
469092cd02f2819cc8d4,full_annotation_v1,A,q_의류_05,옷가게,패션·잡화 중 '의류'를 판매·제공하는 매장,train,의류,T2 동의어,1fea85b6-088b-42f0-9dbf-43204ab6caa1,챔피온옷가게,의류,성안길상점가,자율상권구역,충청북도,,,
80d99e06c5a60d467fbc,full_annotation_v1,A,q_의류_05,옷가게,패션·잡화 중 '의류'를 판매·제공하는 매장,train,의류,T2 동의어,00083664-fb4e-4e3b-bb0a-d9a0a1e8f87f,롯데세탁소,,와룡로 골목형상점가,골목형상점가,전북특별자치도,,,
18031df4bd30c4e8737c,full_annotation_v1,A,q_의류_05,옷가게,패션·잡화 중 '의류'를 판매·제공하는 매장,train,의류,T2 동의어,02db4104-b701-453b-a7ef-cf0c3014ffde,광명디자인,수선,서문시장아진상가,전통시장,대구광역시,,,
81c0ab4b5a68bb887b57,full_annotation_v1,A,q_의류_05,옷가게,패션·잡화 중 '의류'를 판매·제공하는 매장,train,의류,T2 동의어,0743783e-8456-40b3-8ece-e592d976b7af,데님647,청바지,백년소상공인,기타,서울특별시,,,
502766261fba7d89e46c,full_annotation_v1,A,q_의류_05,옷가게,패션·잡화 중 '의류'를 판매·제공하는 매장,train,의류,T2 동의어,6352da85-e8da-441a-9555-226ac158fb82,파인애플프로젝트,샐러드 및 포케,전남대 상대 골목형상점가,골목형상점가,광주광역시,,,
97ae3dd72673e5e1f31d,full_annotation_v1,A,q_의류_05,옷가게,패션·잡화 중 '의류'를 판매·제공하는 매장,train,의류,T2 동의어,94c4bf2a-85e8-4856-a125-6d8d04a63c13,모아옷가게,의류,밀양 아리랑시장,전통시장,경상남도,,,
17135af4bb82db5e7e9e,full_annotation_v1,A,q_의류_05,옷가게,패션·잡화 중 '의류'를 판매·제공하는 매장,train,의류,T2 동의어,cbdacbbb-e767-408f-86e8-973b65345f96,브런치스프링,카페디저트,혁신도시6구역골목형상점가,골목형상점가,강원특별자치도,,,
6138b2faea5713e4aa86,full_annotation_v1,A,q_의류_05,옷가게,패션·잡화 중 '의류'를 판매·제공하는 매장,train,의류,T2 동의어,19302821-2b5d-4d61-860c-0328418dc8e2,또와,기성복,아트프라자,자율상권구역,서울특별시,,,
6cb7890e3d50c461bcd4,full_annotation_v1,A,q_의류_05,옷가게,패션·잡화 중 '의류'를 판매·제공하는 매장,train,의류,T2 동의어,cd00ad11-b2f1-4394-b1a9-d42a3246aef9,속옷가게,속옷,메트로센터(반월당지하쇼핑),일반지하상점가,대구광역시,,,
3ee82578adfaa986fda6,full_annotation_v1,A,q_의류_05,옷가게,패션·잡화 중 '의류'를 판매·제공하는 매장,train,의류,T2 동의어,007c84b4-7b91-431f-9cf2-61f2ac4a13b4,빛나크리닝,세탁업,삼각동 골목형상점가,골목형상점가,광주광역시,,,
6483ec0182546c387d4e,full_annotation_v1,A,q_의류_05,옷가게,패션·잡화 중 '의류'를 판매·제공하는 매장,train,의류,T2 동의어,e287bd42-b193-4df5-b187-360ee1df39f4,사임당한복,한복,사거리온누리 골목형상점가,골목형상점가,충청남도,,,
f0d0f93b98a9f5927a61,full_annotation_v1,A,q_의류_05,옷가게,패션·잡화 중 '의류'를 판매·제공하는 매장,train,의류,T2 동의어,02851047-7760-4cdb-b811-74f6dff245bd,에덴의상실,수선,돈암시장,전통시장,서울특별시,,,
320707894b1e998509ae,full_annotation_v1,A,q_의류_05,옷가게,패션·잡화 중 '의류'를 판매·제공하는 매장,train,의류,T2 동의어,37c59e60-33ac-4f50-bc56-b537857bc30d,향촌흑염소 목포용해점,한식,용해동 포미타운 골목형상점가,골목형상점가,전라남도,,,
7956c7fb27652dccbcd4,full_annotation_v1,A,q_의류_05,옷가게,패션·잡화 중 '의류'를 판매·제공하는 매장,train,의류,T2 동의어,157fb81f-e67a-483b-8415-b756543d4cf6,유아상사,장난감,㈜르네시떼,전통시장,부산광역시,,,
46ba3c915c994f83033b,full_annotation_v1,A,q_의류_05,옷가게,패션·잡화 중 '의류'를 판매·제공하는 매장,train,의류,T2 동의어,29e20841-ac31-4769-a4db-a8afb6422a3d,로즈(옷가게),의류,전주중앙상가시장,전통시장,전북특별자치도,,,
ff1687c45adef7f8e814,full_annotation_v1,A,q_의류_05,옷가게,패션·잡화 중 '의류'를 판매·제공하는 매장,train,의류,T2 동의어,00158f51-4d3a-4ac0-9e38-b37552f5e097,지지배,의류,나주금빛상점가,자율상권구역,전라남도,,,
22224759b93f99885b51,full_annotation_v1,A,q_의류_05,옷가게,패션·잡화 중 '의류'를 판매·제공하는 매장,train,의류,T2 동의어,6b106732-c2a3-4448-90dd-c16e1e701f11,청다미,수제청,삼례시장,전통시장,전북특별자치도,,,
cca576e15d160a2e8dda,full_annotation_v1,A,q_의류_05,옷가게,패션·잡화 중 '의류'를 판매·제공하는 매장,train,의류,T2 동의어,02a5cd6d-f1e4-4186-a5e2-20860181df6e,멋쟁이옷가게,의류,옥천종합상가,전통시장,충청북도,,,
1853ccb056f699b56e67,full_annotation_v1,A,q_의류_05,옷가게,패션·잡화 중 '의류'를 판매·제공하는 매장,train,의류,T2 동의어,1b778342-64a8-4aac-a417-c30954ba6030,노다지옷가게,의류,수정전통시장,전통시장,부산광역시,,,
ccd12e358cef410c58c8,full_annotation_v1,A,q_의류_05,옷가게,패션·잡화 중 '의류'를 판매·제공하는 매장,train,의류,T2 동의어,1b9dbda0-81e6-486a-88ba-f4f47b83568d,브래드원 옷가게,의류,중랑동부시장,전통시장,서울특별시,,,
d2763762a19189e73c77,full_annotation_v1,A,q_의류_05,옷가게,패션·잡화 중 '의류'를 판매·제공하는 매장,train,의류,T2 동의어,011975e6-5c12-42c3-9d7d-81f8eba753c7,러브아트,홈패션,공주산성시장,전통시장,충청남도,,,
8590fd8f4a4ebdb727cc,full_annotation_v1,A,q_의류_05,옷가게,패션·잡화 중 '의류'를 판매·제공하는 매장,train,의류,T2 동의어,00172c94-61f0-4197-afeb-d7e8187c79b5,옷이예쁘다,의류,메트로센터(반월당지하쇼핑),일반지하상점가,대구광역시,,,
0ebf2457196271e7e176,full_annotation_v1,A,q_의류_05,옷가게,패션·잡화 중 '의류'를 판매·제공하는 매장,train,의류,T2 동의어,00fd4bd1-180e-4d03-895c-331fb333c6e4,전주송천점폴햄,섬유 의복 신발 및 가죽제품,송천행복로 골목형상점가,골목형상점가,전북특별자치도,,,
ecb6857853dcc12ca278,full_annotation_v1,A,q_의류_05,옷가게,패션·잡화 중 '의류'를 판매·제공하는 매장,train,의류,T2 동의어,807e2ae2-49a7-4b25-8f9b-7a42245457bb,환희옷가게,의류,오목교중앙시장,전통시장,서울특별시,,,
e5a94e7722b29154a604,full_annotation_v1,A,q_의류_05,옷가게,패션·잡화 중 '의류'를 판매·제공하는 매장,train,의류,T2 동의어,ea8d26c6-86c4-4683-a101-8e2e01f1af4c,옷가게,의류,상주왕산상점가,자율상권구역,경상북도,,,
108d86b1c05b8c86754b,full_annotation_v1,A,q_의류_05,옷가게,패션·잡화 중 '의류'를 판매·제공하는 매장,train,의류,T2 동의어,078f51c7-dbe7-46b5-9089-2e2824e6553c,장흥수산,낙지 홍어 바지락,대인시장,전통시장,광주광역시,,,
e961c00571ee1e8843e8,full_annotation_v1,A,q_의류_05,옷가게,패션·잡화 중 '의류'를 판매·제공하는 매장,train,의류,T2 동의어,cdb6db44-2dfb-48fb-8112-a5b10541b0d6,주연이옷가게,의류,부산진시장,전통시장,부산광역시,,,
308ede88109b3d5e0d04,full_annotation_v1,A,q_의류_05,옷가게,패션·잡화 중 '의류'를 판매·제공하는 매장,train,의류,T2 동의어,6a388653-18c0-46be-83c3-7051cbf3a7fb,복영이네 옷가게,옷 의류,전곡첫머리거리 골목형상점가,골목형상점가,경기도,,,
e35e99822ba4258edf04,full_annotation_v1,A,q_의류_05,옷가게,패션·잡화 중 '의류'를 판매·제공하는 매장,train,의류,T2 동의어,03938df9-3e91-4681-9dac-e5687a891dd2,가방가게,패션잡화,순천원도심상점가,자율상권구역,전라남도,,,
e19b96c9c17f8b6f41ef,full_annotation_v1,A,q_의류_05,옷가게,패션·잡화 중 '의류'를 판매·제공하는 매장,train,의류,T2 동의어,a829f085-b07b-40a0-9622-f79a65fb4220,라돌이마라탕,,동백 이음길 골목형상점가,골목형상점가,경기도,,,
a034631a46591723c210,full_annotation_v1,A,q_의류_05,옷가게,패션·잡화 중 '의류'를 판매·제공하는 매장,train,의류,T2 동의어,18d014d4-5a51-42bb-b2ba-6beabc2404db,BABI (바비),"의류 청바지, 티셔츠, 원피스, 자켓 및 악세사리",의정부로데오상점가,자율상권구역,경기도,,,
f9dec000fd3445859693,full_annotation_v1,A,q_의류_05,옷가게,패션·잡화 중 '의류'를 판매·제공하는 매장,train,의류,T2 동의어,1943c599-6590-4dc5-8d6c-39bf7bf95dc1,쪼리,"청바지, 악세사리",경주중심상가,전통시장,경상북도,,,
aea600b8897651638906,full_annotation_v1,A,q_의류_05,옷가게,패션·잡화 중 '의류'를 판매·제공하는 매장,train,의류,T2 동의어,00128db8-b700-42b3-be50-1760b6c08487,자이세탁,의류세탁,신봉하나로 골목형상점가,골목형상점가,경기도,,,
02263d0213d3f8480226,full_annotation_v1,A,q_의류_05,옷가게,패션·잡화 중 '의류'를 판매·제공하는 매장,train,의류,T2 동의어,16a18cfc-d396-49ba-ba8f-c5355159e161,옷가게,소매(의류),금호행복시장(금호시장),전통시장,경기도,,,
a36b85adc5e10edeb589,full_annotation_v1,A,q_의류_05,옷가게,패션·잡화 중 '의류'를 판매·제공하는 매장,train,의류,T2 동의어,b2f83e14-253d-4c84-9599-4a69af5f7dd8,에스더옷가게,여성복,가좌시장,전통시장,인천광역시,,,
48f6b667b5cd9535de3e,full_annotation_v1,A,q_의류_05,옷가게,패션·잡화 중 '의류'를 판매·제공하는 매장,train,의류,T2 동의어,0cd4e040-9521-44ca-809c-d51f100e9356,토이빌리지,유아완구.장난감,석교동 이웃마루 골목형상점가,골목형상점가,대전광역시,,,
e58400716525a0059426,full_annotation_v1,A,q_의류_05,옷가게,패션·잡화 중 '의류'를 판매·제공하는 매장,train,의류,T2 동의어,c115d208-d0ab-4b72-8587-94915033e911,순자네 옷가게,,장성읍 골목형상점가,골목형상점가,전라남도,,,
31f1013489e0cc3db258,full_annotation_v1,A,q_의류_05,옷가게,패션·잡화 중 '의류'를 판매·제공하는 매장,train,의류,T2 동의어,00c60bef-93f3-4d19-a8e8-aeae0ef0fe43,이삭의상실,"패션디자인마춤양장, 스포츠이류및용품",군산 원도심 골목형상점가,골목형상점가,전북특별자치도,,,
af4b6dfd7563383b77fe,full_annotation_v1,A,q_의류_05,옷가게,패션·잡화 중 '의류'를 판매·제공하는 매장,train,의류,T2 동의어,6bcb6f87-0565-4425-9ca7-306adeede94f,도담옷가게,의류,카림애비뉴애 골목형상점가,골목형상점가,세종특별자치시,,,
fe76fe1a35366a38be96,full_annotation_v1,A,q_의류_05,옷가게,패션·잡화 중 '의류'를 판매·제공하는 매장,train,의류,T2 동의어,3c09c135-a67f-41da-890b-deff91221e3c,빽다방목포포미점,커피,용해동 포미타운 골목형상점가,골목형상점가,전라남도,,,
64602fd8e6a2eaf5b6b3,full_annotation_v1,A,q_의류_05,옷가게,패션·잡화 중 '의류'를 판매·제공하는 매장,train,의류,T2 동의어,019c9868-92c6-4e25-b2ea-903f322c9acf,맡겨봐신발세탁,세탁,임동 골목형상점가,골목형상점가,광주광역시,,,
fc23c4700c048b2f23a4,full_annotation_v1,A,q_의류_05,옷가게,패션·잡화 중 '의류'를 판매·제공하는 매장,train,의류,T2 동의어,cbb3857e-6282-4995-9f33-f9c68d5e96e1,초이스옷가게,의류,진해중앙시장,전통시장,경상남도,,,
f649ca53f98c7dac999f,full_annotation_v1,A,q_의류_05,옷가게,패션·잡화 중 '의류'를 판매·제공하는 매장,train,의류,T2 동의어,b0d12be1-8fe8-471e-8108-9c3850098564,꽃옷가게,,낭주골 골목형상점가,골목형상점가,전북특별자치도,,,
8f94caa3a327ec89b65b,full_annotation_v1,A,q_의류_05,옷가게,패션·잡화 중 '의류'를 판매·제공하는 매장,train,의류,T2 동의어,000a5a26-66b9-432f-bb77-247655765f2b,백조섬유,여성의류,서문시장 제5지구,전통시장,대구광역시,,,
2d4fbae509dc06e64b7a,full_annotation_v1,A,q_의류_05,옷가게,패션·잡화 중 '의류'를 판매·제공하는 매장,train,의류,T2 동의어,98cdf3e5-5ad6-4d6b-be49-ae26238af44f,구미 옷가게 슬릭앤코(SLEEK AND CO),,문화로 자율상권구역,,경상북도,,,
72d32a8aab90494342e9,full_annotation_v1,A,q_의류_05,옷가게,패션·잡화 중 '의류'를 판매·제공하는 매장,train,의류,T2 동의어,03cf59c3-0bce-43ff-9df1-14e946a2bd29,금산트라이,"모자, 가방, 패션잡화",금산중앙로상점가,자율상권구역,충청남도,,,
060e1ea7fc9ebbcae547,full_annotation_v1,A,q_의류_05,옷가게,패션·잡화 중 '의류'를 판매·제공하는 매장,train,의류,T2 동의어,addfbb58-1833-4ff7-9d78-1ec6189c5bd3,구미 옷가게 털보형제들,의류,문화로 자율상권구역,,경상북도,,,
d150d446282deceeb177,full_annotation_v1,A,q_의류_05,옷가게,패션·잡화 중 '의류'를 판매·제공하는 매장,train,의류,T2 동의어,00124602-ef4e-472c-91ee-de53b28d7530,화이트,의류,울산번개시장,전통시장,울산광역시,,,
826f7338f852c405b0f3,full_annotation_v1,A,q_의류_05,옷가게,패션·잡화 중 '의류'를 판매·제공하는 매장,train,의류,T2 동의어,253e10cf-4a33-4db2-8e33-9f947afa0c56,속옷가게,의류,영동전통시장,전통시장,충청북도,,,
8b665ab0605f72d1683b,full_annotation_v1,A,q_의류_05,옷가게,패션·잡화 중 '의류'를 판매·제공하는 매장,train,의류,T2 동의어,af985938-e322-41a0-aea4-0c7989021b05,하윤옷가게,아동복,초량전통시장,전통시장,부산광역시,,,
72bc37df2f0f2cdbb17d,full_annotation_v1,A,q_의류_05,옷가게,패션·잡화 중 '의류'를 판매·제공하는 매장,train,의류,T2 동의어,00054f1d-4cae-4345-9975-1423bc49e4dc,착한아이들,의류,중앙전통시장,전통시장,울산광역시,,,
e27ac19b989b0c477039,full_annotation_v1,A,q_의류_05,옷가게,패션·잡화 중 '의류'를 판매·제공하는 매장,train,의류,T2 동의어,014602ec-34d6-41db-98d1-f7941ce5c2da,밝은 세탁,수선,노대물빛근린공원 골목형상점가,골목형상점가,광주광역시,,,
8a9509e63bd598d36556,full_annotation_v1,A,q_의류_05,옷가게,패션·잡화 중 '의류'를 판매·제공하는 매장,train,의류,T2 동의어,04aacab6-be8f-4470-b58d-33d49bec0a4f,한스,도소매(기성복),통일상가,전통시장,서울특별시,,,
e312c06a45cabe12530c,full_annotation_v1,A,q_의류_05,옷가게,패션·잡화 중 '의류'를 판매·제공하는 매장,train,의류,T2 동의어,05ceaf94-c8e1-4ec6-9148-be979dc3614f,달인옷수선,수선,양산 덕계종합상설시장,전통시장,경상남도,,,
779d7cda38f53a18fd50,full_annotation_v1,A,q_의류_05,옷가게,패션·잡화 중 '의류'를 판매·제공하는 매장,train,의류,T2 동의어,00fc2b18-ffa0-45b1-b03a-af61257944a9,충일구두수선,구두수선,충주무학시장,전통시장,충청북도,,,
644d6ff428feae7ce2d1,full_annotation_v1,A,q_의류_05,옷가게,패션·잡화 중 '의류'를 판매·제공하는 매장,train,의류,T2 동의어,c863d30a-e32a-4f76-8489-f038312d0efb,유니네 옷가게,,낭주골 골목형상점가,골목형상점가,전북특별자치도,,,
635d65d004681e59a16c,full_annotation_v1,A,q_의류_05,옷가게,패션·잡화 중 '의류'를 판매·제공하는 매장,train,의류,T2 동의어,00e9be42-1358-4d8a-91f4-119aaed2a77b,백경사,"작업복, 기성복, 안전화 등",부산진시장,전통시장,부산광역시,,,
eff79eb371f1c33bc1f1,full_annotation_v1,A,q_의류_05,옷가게,패션·잡화 중 '의류'를 판매·제공하는 매장,train,의류,T2 동의어,08a8a8a0-4502-4bda-ac84-4978b0bb8c2b,으뜸플러스 의정부민락점,안경선글라스,민락2지구골목형상점가,골목형상점가,경기도,,,
c3792c5b2d3be2749270,full_annotation_v1,A,q_의류_05,옷가게,패션·잡화 중 '의류'를 판매·제공하는 매장,train,의류,T2 동의어,023923b8-1217-420d-94da-1dbed6318c95,두올수선,옷수선,부평대아지하상점가,일반지하상점가,인천광역시,,,
0cd52c1d7759379e668a,full_annotation_v1,A,q_의류_05,옷가게,패션·잡화 중 '의류'를 판매·제공하는 매장,train,의류,T2 동의어,512a7463-c2d0-429f-8df6-d5efe55c7bf5,경주 옷가게 털보형제들,,경주중심상가,전통시장,경상북도,,,
de5a8c2ea1e3ebb67579,full_annotation_v1,A,q_의류_05,옷가게,패션·잡화 중 '의류'를 판매·제공하는 매장,train,의류,T2 동의어,167afa6b-ba96-4720-a6a6-ae1a8dad4813,조거앤스웨트,헬스,혁신도시5구역골목형상점가,골목형상점가,강원특별자치도,,,
aa1afe40583ecbb776a0,full_annotation_v1,A,q_의류_05,옷가게,패션·잡화 중 '의류'를 판매·제공하는 매장,train,의류,T2 동의어,00c164d0-76c7-4e7a-9676-ecfdbb052077,크린토피아신창점,세탁,신창수문 골목형상점가,골목형상점가,광주광역시,,,
3e70af70623d77196d21,full_annotation_v1,A,q_의류_05,옷가게,패션·잡화 중 '의류'를 판매·제공하는 매장,train,의류,T2 동의어,0a55f6ec-5999-4d98-a05b-63924b46e55a,더스타일,네일아트,풍향골 골목형상점가,골목형상점가,광주광역시,,,
7a679781d82b4abb3ddb,full_annotation_v1,A,q_의류_05,옷가게,패션·잡화 중 '의류'를 판매·제공하는 매장,train,의류,T2 동의어,c188ba8c-dcf0-4e41-a9b4-631fb87d2650,센스옷가게,의류,주문진종합시장,전통시장,강원특별자치도,,,
26516b37e997c1bbcb53,full_annotation_v1,A,q_의류_05,옷가게,패션·잡화 중 '의류'를 판매·제공하는 매장,train,의류,T2 동의어,0010d634-70b8-4627-8dea-822a9bb56922,라엘,여성의류,동산상가,전통시장,대구광역시,,,
e70cd6ab218bff97b051,full_annotation_v1,A,q_의류_05,옷가게,패션·잡화 중 '의류'를 판매·제공하는 매장,train,의류,T2 동의어,38e6f15a-3420-40d6-94f1-d4b3d74a7748,채인네옷가게,의류,전주모래내시장,전통시장,전북특별자치도,,,
7dd52cf23c8cd538420f,full_annotation_v1,A,q_의류_05,옷가게,패션·잡화 중 '의류'를 판매·제공하는 매장,train,의류,T2 동의어,09b55ffd-48d2-4cf4-a1d9-1d13cc7a7de7,오리온,기성복,남대문시장,전통시장,서울특별시,,,
e4da657b2a2c5665e72f,full_annotation_v1,A,q_의류_05,옷가게,패션·잡화 중 '의류'를 판매·제공하는 매장,train,의류,T2 동의어,ed5665df-7b10-488d-a207-4479964b85c1,호성옷가게,의류,오산오색시장(구 오산중앙시장),전통시장,경기도,,,
bb7bd57f8c37e5cc6e70,full_annotation_v1,A,q_의류_05,옷가게,패션·잡화 중 '의류'를 판매·제공하는 매장,train,의류,T2 동의어,ca3a52af-6f42-400a-a7e0-13469f38ba56,비아옷가게,의류,부산평화시장,전통시장,부산광역시,,,
a268c65c11dc64d698ba,full_annotation_v1,A,q_의류_05,옷가게,패션·잡화 중 '의류'를 판매·제공하는 매장,train,의류,T2 동의어,013a01ba-2abc-42d5-9f1b-e0708f0a806b,경남,의류(기타 의복 소매),부산진시장,전통시장,부산광역시,,,
dcb538ac2a3209e19372,full_annotation_v1,A,q_의류_05,옷가게,패션·잡화 중 '의류'를 판매·제공하는 매장,train,의류,T2 동의어,0ca04736-d583-426f-96d0-cf4505a2e2d6,화성옥,"그릇, 도자기",행리단길 골목형상점가,골목형상점가,경기도,,,
aadeffe7f7987ffda4da,full_annotation_v1,A,q_의류_05,옷가게,패션·잡화 중 '의류'를 판매·제공하는 매장,train,의류,T2 동의어,03a58cd8-1705-4bf2-8be7-3a160d1c25df,중앙수선,의복수선,중앙도매시장,전통시장,대전광역시,,,
b7cd6d84be1c3fd68ac0,full_annotation_v1,A,q_의류_05,옷가게,패션·잡화 중 '의류'를 판매·제공하는 매장,train,의류,T2 동의어,6d79bfe0-e33c-41e6-8c87-5a889cb1404b,스잔(옷가게),의류 잡화,고운마음 골목형상점가,골목형상점가,세종특별자치시,,,
2ba1d562f8b318de4c17,full_annotation_v1,A,q_의류_06,의복,패션·잡화 중 '의류'를 판매·제공하는 매장,train,의류,T2 동의어,023923b8-1217-420d-94da-1dbed6318c95,두올수선,옷수선,부평대아지하상점가,일반지하상점가,인천광역시,,,
144418a0446e54f24752,full_annotation_v1,A,q_의류_06,의복,패션·잡화 중 '의류'를 판매·제공하는 매장,train,의류,T2 동의어,9fdf6c0a-5816-4053-a139-efd6e55c0d18,더 그린,의복,부평대아지하상점가,일반지하상점가,인천광역시,,,
7fae9004af746ab1e168,full_annotation_v1,A,q_의류_06,의복,패션·잡화 중 '의류'를 판매·제공하는 매장,train,의류,T2 동의어,0cd4e040-9521-44ca-809c-d51f100e9356,토이빌리지,유아완구.장난감,석교동 이웃마루 골목형상점가,골목형상점가,대전광역시,,,
3c31fa7a4879107452b7,full_annotation_v1,A,q_의류_06,의복,패션·잡화 중 '의류'를 판매·제공하는 매장,train,의류,T2 동의어,ed13092d-4704-40ba-934f-d661504e28e5,애플민트 수(手)공예,"수공예, 교육",사직동 서동로 골목형상점가,골목형상점가,광주광역시,,,
4d7398af249f354398f2,full_annotation_v1,A,q_의류_06,의복,패션·잡화 중 '의류'를 판매·제공하는 매장,train,의류,T2 동의어,c76908a6-acf4-41c7-ad65-ab67c88372b5,다소곳,의복 및 잡화,가재마을 골목형상점가,골목형상점가,세종특별자치시,,,
e990af9c14ba2ab740b8,full_annotation_v1,A,q_의류_06,의복,패션·잡화 중 '의류'를 판매·제공하는 매장,train,의류,T2 동의어,41c57901-8293-4ad1-aa4e-f86e50dec0e3,하바드,의복,성남중앙지하시장,일반지하상점가,경기도,,,
3eb09444a9714f87d94a,full_annotation_v1,A,q_의류_06,의복,패션·잡화 중 '의류'를 판매·제공하는 매장,train,의류,T2 동의어,4a1fc35f-8cc1-4b41-8dfa-af7c4912eb13,순수의꿈,의복 액세서리,흥국상가,자율상권구역,전라남도,,,
d4ba68df04a78625513b,full_annotation_v1,A,q_의류_06,의복,패션·잡화 중 '의류'를 판매·제공하는 매장,train,의류,T2 동의어,dc9d6165-382e-4a66-b564-f4a7d6d164e8,코자,의복 악세사리,중앙로 지하상가 상점가,일반지하상점가,대전광역시,,,
4ec3dc32189c530dba77,full_annotation_v1,A,q_의류_06,의복,패션·잡화 중 '의류'를 판매·제공하는 매장,train,의류,T2 동의어,bdc934cf-5c44-419b-b184-4a9ff356baff,만희,의복,강화중앙시장(A·B동),전통시장,인천광역시,,,
748ead935e8fd6d9a46a,full_annotation_v1,A,q_의류_06,의복,패션·잡화 중 '의류'를 판매·제공하는 매장,train,의류,T2 동의어,372eb9aa-f7c2-4a8c-b9a5-3fc42d147b46,임하영,"의류, 기타 의복",산본로데오거리(구 산본중심상가),자율상권구역,경기도,,,
7fca2d3ff4b289479a67,full_annotation_v1,A,q_의류_06,의복,패션·잡화 중 '의류'를 판매·제공하는 매장,train,의류,T2 동의어,0213d775-a9ba-4c68-8b2b-ee3ed98c4d46,썬라이즈,기터의복,진주 중앙상점가,자율상권구역,경상남도,,,
256cbd244ff5b4394d0b,full_annotation_v1,A,q_의류_06,의복,패션·잡화 중 '의류'를 판매·제공하는 매장,train,의류,T2 동의어,1f214ad2-adb4-425c-9b8e-4aeb0558feb1,브랜드,의복,동산상가,전통시장,대구광역시,,,
3010a74e8e3e3786df96,full_annotation_v1,A,q_의류_06,의복,패션·잡화 중 '의류'를 판매·제공하는 매장,train,의류,T2 동의어,43f58173-d015-45c2-8c87-a6635efb3366,명품J,의류,가평잣고을시장,전통시장,경기도,,,
d3e22f165ab6196861b7,full_annotation_v1,A,q_의류_06,의복,패션·잡화 중 '의류'를 판매·제공하는 매장,train,의류,T2 동의어,3f1bfbca-6b24-4e0f-8517-d717cce11a93,모니즈,의복,중앙로 지하상가 상점가,일반지하상점가,대전광역시,,,
c5ca011f7ce54a4a6912,full_annotation_v1,A,q_의류_06,의복,패션·잡화 중 '의류'를 판매·제공하는 매장,train,의류,T2 동의어,36b9bd26-685d-4ab3-9a42-140423667cb5,헤븐,의복,성남중앙지하시장,일반지하상점가,경기도,,,
c2bb0bfe8ddf25e13c64,full_annotation_v1,A,q_의류_06,의복,패션·잡화 중 '의류'를 판매·제공하는 매장,train,의류,T2 동의어,000a5a26-66b9-432f-bb77-247655765f2b,백조섬유,여성의류,서문시장 제5지구,전통시장,대구광역시,,,
f218f601ff4406265391,full_annotation_v1,A,q_의류_06,의복,패션·잡화 중 '의류'를 판매·제공하는 매장,train,의류,T2 동의어,d5fe7679-b8b7-48ab-bd3e-15abce72b260,빈이네,의복,선산봉황시장(구 선산종합시장),전통시장,경상북도,,,
784fdcc474523d9cf717,full_annotation_v1,A,q_의류_06,의복,패션·잡화 중 '의류'를 판매·제공하는 매장,train,의류,T2 동의어,98cdf3e5-5ad6-4d6b-be49-ae26238af44f,구미 옷가게 슬릭앤코(SLEEK AND CO),,문화로 자율상권구역,,경상북도,,,
42ad0275780a5beabe7f,full_annotation_v1,A,q_의류_06,의복,패션·잡화 중 '의류'를 판매·제공하는 매장,train,의류,T2 동의어,9e58f97e-4a71-4a86-a469-55a6e0867bcc,일품보양,염소탕,임방울대로 골목형상점가,골목형상점가,광주광역시,,,
8c639eb4fb57a838ab9b,full_annotation_v1,A,q_의류_06,의복,패션·잡화 중 '의류'를 판매·제공하는 매장,train,의류,T2 동의어,05e6b9e7-3971-4a4f-b541-26089f913728,민지의상실,수선,제천중앙시장,전통시장,충청북도,,,
330b75070262bb4e46a4,full_annotation_v1,A,q_의류_06,의복,패션·잡화 중 '의류'를 판매·제공하는 매장,train,의류,T2 동의어,b694e762-d445-43d6-8371-35813feb2159,미가면옥,음식점업,종촌동골목형상점가,골목형상점가,세종특별자치시,,,
6c7e06e11c46c27d3110,full_annotation_v1,A,q_의류_06,의복,패션·잡화 중 '의류'를 판매·제공하는 매장,train,의류,T2 동의어,03cf59c3-0bce-43ff-9df1-14e946a2bd29,금산트라이,"모자, 가방, 패션잡화",금산중앙로상점가,자율상권구역,충청남도,,,
2ad80d2e79b81d2c59c9,full_annotation_v1,A,q_의류_06,의복,패션·잡화 중 '의류'를 판매·제공하는 매장,train,의류,T2 동의어,89e767d4-bedf-4451-a722-ee48ba9bc95c,노바,의복,관문상가시장,전통시장,대구광역시,,,
a5d88252b8241bb2c53a,full_annotation_v1,A,q_의류_06,의복,패션·잡화 중 '의류'를 판매·제공하는 매장,train,의류,T2 동의어,157fb81f-e67a-483b-8415-b756543d4cf6,유아상사,장난감,㈜르네시떼,전통시장,부산광역시,,,
20070473ab65ba7d70c1,full_annotation_v1,A,q_의류_06,의복,패션·잡화 중 '의류'를 판매·제공하는 매장,train,의류,T2 동의어,07db0235-e6d4-45bf-8a47-ab8b01f06574,럭키블럭,장난감,연제초 앞 골목형상점가,골목형상점가,광주광역시,,,
b78d7dc344323c26a0f5,full_annotation_v1,A,q_의류_06,의복,패션·잡화 중 '의류'를 판매·제공하는 매장,train,의류,T2 동의어,219eb791-289d-4866-8890-5a374afa0cf2,레노마골프세정점,의복,상무로자율상권,상권활성화구역,광주광역시,,,
c5d1abf8d3af09df8173,full_annotation_v1,A,q_의류_06,의복,패션·잡화 중 '의류'를 판매·제공하는 매장,train,의류,T2 동의어,4d085953-a67d-46d8-9f36-3058134caeb4,데이래쉬,속눈썹미용,첨단이웃사랑 골목형상점가,골목형상점가,광주광역시,,,
3236f444c619e0b60604,full_annotation_v1,A,q_의류_06,의복,패션·잡화 중 '의류'를 판매·제공하는 매장,train,의류,T2 동의어,2461444c-1afa-41d1-acea-75c8bdc2bdce,여울,의복 액세서리 의복 등,연남동골목형상점가,골목형상점가,서울특별시,,,
29bd8503c5c82a532ee7,full_annotation_v1,A,q_의류_06,의복,패션·잡화 중 '의류'를 판매·제공하는 매장,train,의류,T2 동의어,88ba6de3-9b70-4eb5-b072-8bfdf81b4630,패션프라자,의복,서산시장길 골목형상점가,골목형상점가,충청남도,,,
e2e9433fef55ee363ceb,full_annotation_v1,A,q_의류_06,의복,패션·잡화 중 '의류'를 판매·제공하는 매장,train,의류,T2 동의어,68b30748-e0b4-487d-9094-4587e60efbe7,하나할랄마트,기타 음식료품 위주,경산중앙로상점가,자율상권구역,경상북도,,,
cc017cb3602e9c71873b,full_annotation_v1,A,q_의류_06,의복,패션·잡화 중 '의류'를 판매·제공하는 매장,train,의류,T2 동의어,b9009b12-7d50-46b7-b704-b91142573a13,새벽김밥,,선운별 골목형상점가,골목형상점가,,,,
e9aa88d639103364602c,full_annotation_v1,A,q_의류_06,의복,패션·잡화 중 '의류'를 판매·제공하는 매장,train,의류,T2 동의어,29786ea6-268d-46f3-bd5f-af9cce804ee2,유한회사대세,의복,상무로자율상권,상권활성화구역,광주광역시,,,
247a1ccff0a61d834344,full_annotation_v1,A,q_의류_06,의복,패션·잡화 중 '의류'를 판매·제공하는 매장,train,의류,T2 동의어,200d8b1c-e00a-4515-8b46-3c8a4ca1797a,막스 까르띠지오,의복,광주역앞교통광장 골목형상점가,골목형상점가,광주광역시,,,
161d0b3c124e75024f9a,full_annotation_v1,A,q_의류_06,의복,패션·잡화 중 '의류'를 판매·제공하는 매장,train,의류,T2 동의어,05291547-c22d-430e-95c2-e31bda19a90a,슈퍼타이 본점,세탁,월드시티상가 골목형상점가,골목형상점가,울산광역시,,,
3cc9b43f23e37929dd41,full_annotation_v1,A,q_의류_06,의복,패션·잡화 중 '의류'를 판매·제공하는 매장,train,의류,T2 동의어,0304511e-62e7-4e31-8d19-61a115ffaa76,깔롱쟁이,의복,봉선1로 골목형상점가,골목형상점가,광주광역시,,,
cbd8920e5e6c83c8a751,full_annotation_v1,A,q_의류_06,의복,패션·잡화 중 '의류'를 판매·제공하는 매장,train,의류,T2 동의어,512a7463-c2d0-429f-8df6-d5efe55c7bf5,경주 옷가게 털보형제들,,경주중심상가,전통시장,경상북도,,,
84cda4777bc9ef9c214e,full_annotation_v1,A,q_의류_06,의복,패션·잡화 중 '의류'를 판매·제공하는 매장,train,의류,T2 동의어,53776ad6-4a97-4445-b7f6-e236725c5048,대박옷가게,옷가게,안동광석거리 골목형상점가,골목형상점가,경상북도,,,
dd0e18e9c7699d022f60,full_annotation_v1,A,q_의류_06,의복,패션·잡화 중 '의류'를 판매·제공하는 매장,train,의류,T2 동의어,05ceaf94-c8e1-4ec6-9148-be979dc3614f,달인옷수선,수선,양산 덕계종합상설시장,전통시장,경상남도,,,
a74b7ef0ca10a37d3f66,full_annotation_v1,A,q_의류_06,의복,패션·잡화 중 '의류'를 판매·제공하는 매장,train,의류,T2 동의어,0ab4febb-1ab2-42cf-aae3-53c528083921,에스텔라,의류(기성복),평화로상가,자율상권구역,경상북도,,,
3985f316c9bf1b5d8bf8,full_annotation_v1,A,q_의류_06,의복,패션·잡화 중 '의류'를 판매·제공하는 매장,train,의류,T2 동의어,03a58cd8-1705-4bf2-8be7-3a160d1c25df,중앙수선,의복수선,중앙도매시장,전통시장,대전광역시,,,
b9d96627a3df1653c10b,full_annotation_v1,A,q_의류_06,의복,패션·잡화 중 '의류'를 판매·제공하는 매장,train,의류,T2 동의어,40bed6a4-ad72-4ba2-91c2-f7e65094f9b1,새울(saeul),사진 서비스,용운시장,전통시장,대전광역시,,,
c79f04ea4b2c12bcbc2c,full_annotation_v1,A,q_의류_06,의복,패션·잡화 중 '의류'를 판매·제공하는 매장,train,의류,T2 동의어,011975e6-5c12-42c3-9d7d-81f8eba753c7,러브아트,홈패션,공주산성시장,전통시장,충청남도,,,
e7b0ee8c5bacd01c5d25,full_annotation_v1,A,q_의류_06,의복,패션·잡화 중 '의류'를 판매·제공하는 매장,train,의류,T2 동의어,04aacab6-be8f-4470-b58d-33d49bec0a4f,한스,도소매(기성복),통일상가,전통시장,서울특별시,,,
ff7da928b8402b7a4a51,full_annotation_v1,A,q_의류_06,의복,패션·잡화 중 '의류'를 판매·제공하는 매장,train,의류,T2 동의어,c4eea6a1-fd42-47d7-85f6-6c596d8d47e1,진일옷방,의복 소매업,월배시장,전통시장,대구광역시,,,
328a1cc47481ad9cff8b,full_annotation_v1,A,q_의류_06,의복,패션·잡화 중 '의류'를 판매·제공하는 매장,train,의류,T2 동의어,014b6a30-fb19-4f0f-8ab0-5139e2368173,월드옷수선,의류수선,수원역전시장,전통시장,경기도,,,
048cf61d0bebac630811,full_annotation_v1,A,q_의류_06,의복,패션·잡화 중 '의류'를 판매·제공하는 매장,train,의류,T2 동의어,1fe3eed3-bd64-4eed-b0b6-7e62395a1f9e,광천동꼭지,의복,광천동상인회 골목형상점가,골목형상점가,광주광역시,,,
2b69a9d9d4312b7178de,full_annotation_v1,A,q_의류_06,의복,패션·잡화 중 '의류'를 판매·제공하는 매장,train,의류,T2 동의어,078f51c7-dbe7-46b5-9089-2e2824e6553c,장흥수산,낙지 홍어 바지락,대인시장,전통시장,광주광역시,,,
4dc94a2e4f485457761e,full_annotation_v1,A,q_의류_06,의복,패션·잡화 중 '의류'를 판매·제공하는 매장,train,의류,T2 동의어,03052be2-67e1-48ff-a71f-63500facd038,윤순영패션,,용대로119번길 골목형상점가,골목형상점가,,,,
c5988f62461100401ec9,full_annotation_v1,A,q_의류_06,의복,패션·잡화 중 '의류'를 판매·제공하는 매장,train,의류,T2 동의어,76e431ee-1f0b-429d-96b7-420d05d40699,153갤러리,의복,두암사거리 골목형상점가,골목형상점가,광주광역시,,,
61abaa8fcfff89d43cb7,full_annotation_v1,A,q_의류_06,의복,패션·잡화 중 '의류'를 판매·제공하는 매장,train,의류,T2 동의어,014602ec-34d6-41db-98d1-f7941ce5c2da,밝은 세탁,수선,노대물빛근린공원 골목형상점가,골목형상점가,광주광역시,,,
8247b158140b49870fee,full_annotation_v1,A,q_의류_06,의복,패션·잡화 중 '의류'를 판매·제공하는 매장,train,의류,T2 동의어,c210dd4b-dba6-4410-b039-d3c4a0e29b86,대양,"의복, 잡화",동산상가,전통시장,대구광역시,,,
21ae648d214634649a26,full_annotation_v1,A,q_의류_06,의복,패션·잡화 중 '의류'를 판매·제공하는 매장,train,의류,T2 동의어,fdae874d-8c4b-4a10-b027-cdd0bfb0d2a6,덕성상회,의복,고성시장,전통시장,경상남도,,,
5fdbd6ecbbacc7682081,full_annotation_v1,A,q_의류_06,의복,패션·잡화 중 '의류'를 판매·제공하는 매장,train,의류,T2 동의어,1943c599-6590-4dc5-8d6c-39bf7bf95dc1,쪼리,"청바지, 악세사리",경주중심상가,전통시장,경상북도,,,
977d2de6f9a97a53c680,full_annotation_v1,A,q_의류_06,의복,패션·잡화 중 '의류'를 판매·제공하는 매장,train,의류,T2 동의어,00083664-fb4e-4e3b-bb0a-d9a0a1e8f87f,롯데세탁소,,와룡로 골목형상점가,골목형상점가,전북특별자치도,,,
b4c49240ba67ac2b7cad,full_annotation_v1,A,q_의류_06,의복,패션·잡화 중 '의류'를 판매·제공하는 매장,train,의류,T2 동의어,03938df9-3e91-4681-9dac-e5687a891dd2,가방가게,패션잡화,순천원도심상점가,자율상권구역,전라남도,,,
0253f6113c99f64a6811,full_annotation_v1,A,q_의류_06,의복,패션·잡화 중 '의류'를 판매·제공하는 매장,train,의류,T2 동의어,9540c9de-508f-4be2-ac0c-e15d621cf24e,예원,의복,홍도동 상점가,자율상권구역,대전광역시,,,
4cc03fc498236d39c183,full_annotation_v1,A,q_의류_06,의복,패션·잡화 중 '의류'를 판매·제공하는 매장,train,의류,T2 동의어,000a92b3-0b5e-429e-af00-f86e3570e24b,클로버,의류,관문상가시장,전통시장,대구광역시,,,
df660bc58b617dfa66aa,full_annotation_v1,A,q_의류_06,의복,패션·잡화 중 '의류'를 판매·제공하는 매장,train,의류,T2 동의어,08f58836-6f38-4955-b9ef-68c139043fc1,구제천국,의복,창녕 남지시장,전통시장,경상남도,,,
b4b55dfab6457512e849,full_annotation_v1,A,q_의류_06,의복,패션·잡화 중 '의류'를 판매·제공하는 매장,train,의류,T2 동의어,17a0ae98-e70b-4f7b-8db2-8bfc8bc18b97,햇살가득 치과교정과 치과의원,치과진료,더불어용두 골목형상점가,골목형상점가,광주광역시,,,
02b9885a99093851dad8,full_annotation_v1,A,q_의류_06,의복,패션·잡화 중 '의류'를 판매·제공하는 매장,train,의류,T2 동의어,87f6d6ef-48fd-4202-a7e3-6a9bb603c044,이브자리여주375,이불,여주375아울렛상점가,자율상권구역,경기도,,,
2cbec07fb1b225299677,full_annotation_v1,A,q_의류_06,의복,패션·잡화 중 '의류'를 판매·제공하는 매장,train,의류,T2 동의어,74468cc9-68a0-44c6-8c8b-c24e0312398c,웨스트우드,의복,금호1동상가번영회 골목형상점가,골목형상점가,광주광역시,,,
7acb61c9ea42bffbd275,full_annotation_v1,A,q_의류_06,의복,패션·잡화 중 '의류'를 판매·제공하는 매장,train,의류,T2 동의어,4c4800c7-a559-49d0-95b9-676da59f1d48,유한회사 유정씨푸드,한식,가락몰골목형상점가,골목형상점가,서울특별시,,,
931b355cd21177d03e2a,full_annotation_v1,A,q_의류_06,의복,패션·잡화 중 '의류'를 판매·제공하는 매장,train,의류,T2 동의어,7bb7269b-9c3c-48fa-b946-2c3d6e496af1,구제옷이야,의복,월산로상인회 골목형상점가,골목형상점가,광주광역시,,,
4465c7d83d3686d5286b,full_annotation_v1,A,q_의류_06,의복,패션·잡화 중 '의류'를 판매·제공하는 매장,train,의류,T2 동의어,03159423-3cb1-401e-af77-89751a639bb8,주홍,바지,아트프라자,자율상권구역,서울특별시,,,
cf3b27d1f6071c847a3f,full_annotation_v1,A,q_의류_06,의복,패션·잡화 중 '의류'를 판매·제공하는 매장,train,의류,T2 동의어,00fc2b18-ffa0-45b1-b03a-af61257944a9,충일구두수선,구두수선,충주무학시장,전통시장,충청북도,,,
10684db67f6ee4ffb6f1,full_annotation_v1,A,q_의류_06,의복,패션·잡화 중 '의류'를 판매·제공하는 매장,train,의류,T2 동의어,026c5d57-26e4-48c1-a181-862bcda8df43,블럭팡 아산탕정점,장난감,한들물빛도시 골목형 상점가,골목형상점가,충청남도,,,
bb9f05a54cf8a1ae93b9,full_annotation_v1,A,q_의류_06,의복,패션·잡화 중 '의류'를 판매·제공하는 매장,train,의류,T2 동의어,e0d33661-1f9e-4041-bcd7-972131324271,오브네일,네일,남문로 어울림 골목 골목형상점가,골목형상점가,광주광역시,,,
28be48f73d7658e8329d,full_annotation_v1,A,q_의류_06,의복,패션·잡화 중 '의류'를 판매·제공하는 매장,train,의류,T2 동의어,0010d634-70b8-4627-8dea-822a9bb56922,라엘,여성의류,동산상가,전통시장,대구광역시,,,
0edf19540d25dd16555a,full_annotation_v1,A,q_의류_06,의복,패션·잡화 중 '의류'를 판매·제공하는 매장,train,의류,T2 동의어,ae1f0ff4-1476-4c3e-8442-c651cca1f066,포미나패션,의복 소매업,동성타워프라자,전통시장,서울특별시,,,
b5e2a2384d0e96f064a5,full_annotation_v1,A,q_의류_06,의복,패션·잡화 중 '의류'를 판매·제공하는 매장,train,의류,T2 동의어,02db4104-b701-453b-a7ef-cf0c3014ffde,광명디자인,수선,서문시장아진상가,전통시장,대구광역시,,,
e67c4fef555104173033,full_annotation_v1,A,q_의류_06,의복,패션·잡화 중 '의류'를 판매·제공하는 매장,train,의류,T2 동의어,f8c87c1d-b100-4fdf-a08a-38749deeccbe,홍신실집,의복 수선 실,홍천중앙시장(홍천신시장),전통시장,강원특별자치도,,,
5a7421d60720c53f048d,full_annotation_v1,A,q_의류_06,의복,패션·잡화 중 '의류'를 판매·제공하는 매장,train,의류,T2 동의어,875875e4-3f49-4dd0-9f63-1e266b2d2eb4,파크랜드 상무점,의복,상무로자율상권,상권활성화구역,광주광역시,,,
c66bb6897724757fea26,full_annotation_v1,A,q_의류_06,의복,패션·잡화 중 '의류'를 판매·제공하는 매장,train,의류,T2 동의어,02edb9ce-a58f-4d06-a0f7-8f3af74e85d0,로보키즈,장난감대여,용봉지구 골목형상점가,골목형상점가,광주광역시,,,
28c024011e3f29f739cc,full_annotation_v1,A,q_의류_06,의복,패션·잡화 중 '의류'를 판매·제공하는 매장,train,의류,T2 동의어,0743783e-8456-40b3-8ece-e592d976b7af,데님647,청바지,백년소상공인,기타,서울특별시,,,
2756a1145cab4b1fae88,full_annotation_v1,A,q_의류_06,의복,패션·잡화 중 '의류'를 판매·제공하는 매장,train,의류,T2 동의어,00c60bef-93f3-4d19-a8e8-aeae0ef0fe43,이삭의상실,"패션디자인마춤양장, 스포츠이류및용품",군산 원도심 골목형상점가,골목형상점가,전북특별자치도,,,
be35b49288cb41780563,full_annotation_v1,A,q_의류_06,의복,패션·잡화 중 '의류'를 판매·제공하는 매장,train,의류,T2 동의어,ef279295-1c51-4032-8829-9b9e5ae0a6dc,지에스25 신용힐스후문점,편의점,임방울대로 골목형상점가,골목형상점가,광주광역시,,,
1fd2417ea7762ba12210,full_annotation_v1,A,q_의류_06,의복,패션·잡화 중 '의류'를 판매·제공하는 매장,train,의류,T2 동의어,6b9a0ac5-f070-4461-bf81-d433bd9ca38f,홀리&레니,의복,성남중앙지하시장,일반지하상점가,경기도,,,
7aad15b99d43af5feb73,full_annotation_v1,A,q_의류_06,의복,패션·잡화 중 '의류'를 판매·제공하는 매장,train,의류,T2 동의어,00158f51-4d3a-4ac0-9e38-b37552f5e097,지지배,의류,나주금빛상점가,자율상권구역,전라남도,,,
b2050939c5a2ad98ff71,full_annotation_v1,A,q_의류_06,의복,패션·잡화 중 '의류'를 판매·제공하는 매장,train,의류,T2 동의어,386464e3-f399-4580-93c0-36025f80146e,잭테일러,의복,성남중앙지하시장,일반지하상점가,경기도,,,
b58e96284e62c65182af,full_annotation_v1,A,q_의류_06,의복,패션·잡화 중 '의류'를 판매·제공하는 매장,train,의류,T2 동의어,00c164d0-76c7-4e7a-9676-ecfdbb052077,크린토피아신창점,세탁,신창수문 골목형상점가,골목형상점가,광주광역시,,,
4db74c48a5978478f530,full_annotation_v1,A,q_의류_06,의복,패션·잡화 중 '의류'를 판매·제공하는 매장,train,의류,T2 동의어,5d973b0b-599e-4ecb-a18e-56760aceb29e,링스골프,의복,상무로자율상권,상권활성화구역,광주광역시,,,
c37fd1e56a455554ef79,full_annotation_v1,A,q_의류_06,의복,패션·잡화 중 '의류'를 판매·제공하는 매장,train,의류,T2 동의어,00e9be42-1358-4d8a-91f4-119aaed2a77b,백경사,"작업복, 기성복, 안전화 등",부산진시장,전통시장,부산광역시,,,
be1daeb2eb234845c15a,full_annotation_v1,A,q_의류_06,의복,패션·잡화 중 '의류'를 판매·제공하는 매장,train,의류,T2 동의어,e2283832-e79f-4ee8-ab96-82b1a851b7ae,두번째옷장,의복 장신구,양산 나래메트로시티 골목형상점가,골목형상점가,경상남도,,,
387e157ae75b53a6a406,full_annotation_v1,A,q_의류_06,의복,패션·잡화 중 '의류'를 판매·제공하는 매장,train,의류,T2 동의어,033fc658-a256-42a6-8ebf-24763bc43ba1,신광컴퓨터세탁소,세탁소,대야 골목형상점가,골목형상점가,전북특별자치도,,,
c6a225462c489a19ea11,full_annotation_v1,A,q_의류_06,의복,패션·잡화 중 '의류'를 판매·제공하는 매장,train,의류,T2 동의어,98532383-644e-4482-891c-eacef23dfadf,종착역 첨단점,음식,첨단동행 골목형상점가,골목형상점가,광주광역시,,,
41cb89f8bde0f6a05d2e,full_annotation_v1,A,q_의류_06,의복,패션·잡화 중 '의류'를 판매·제공하는 매장,train,의류,T2 동의어,18d014d4-5a51-42bb-b2ba-6beabc2404db,BABI (바비),"의류 청바지, 티셔츠, 원피스, 자켓 및 악세사리",의정부로데오상점가,자율상권구역,경기도,,,
dc65fa3c98544f49aec4,full_annotation_v1,A,q_의류_06,의복,패션·잡화 중 '의류'를 판매·제공하는 매장,train,의류,T2 동의어,ba55b795-dfb6-4f7d-99f9-8aa29b3e8603,브리에,기타 의복 소매업,삼익패션타운,전통시장,서울특별시,,,
f37f8212574bb11e37dc,full_annotation_v1,A,q_의류_06,의복,패션·잡화 중 '의류'를 판매·제공하는 매장,train,의류,T2 동의어,02851047-7760-4cdb-b811-74f6dff245bd,에덴의상실,수선,돈암시장,전통시장,서울특별시,,,
486086928355ceb5df61,full_annotation_v1,A,q_의류_06,의복,패션·잡화 중 '의류'를 판매·제공하는 매장,train,의류,T2 동의어,f3078b33-4e59-42df-bb3e-2556b2dbfdb1,금메달옷수선,의복,충주자유시장,전통시장,충청북도,,,
0afe1abaf293de446ab7,full_annotation_v1,A,q_의류_06,의복,패션·잡화 중 '의류'를 판매·제공하는 매장,train,의류,T2 동의어,007c84b4-7b91-431f-9cf2-61f2ac4a13b4,빛나크리닝,세탁업,삼각동 골목형상점가,골목형상점가,광주광역시,,,
4e504aa6d8da82ca10e2,full_annotation_v1,A,q_의류_06,의복,패션·잡화 중 '의류'를 판매·제공하는 매장,train,의류,T2 동의어,00128db8-b700-42b3-be50-1760b6c08487,자이세탁,의류세탁,신봉하나로 골목형상점가,골목형상점가,경기도,,,
28df44d37d018b4e0e62,full_annotation_v1,A,q_의류_06,의복,패션·잡화 중 '의류'를 판매·제공하는 매장,train,의류,T2 동의어,7ff6b60c-1adc-4079-8158-ac9708e240ed,은성약국,,내상로 골목형상점가,골목형상점가,,,,
98f944f8e5280076919d,full_annotation_v1,A,q_의류_06,의복,패션·잡화 중 '의류'를 판매·제공하는 매장,train,의류,T2 동의어,6c832956-fae4-42bb-9487-ea6fe0af2029,현지옷가계,의복,유천시장,전통시장,대전광역시,,,
8005791c0e04fe62b80b,full_annotation_v1,A,q_의류_06,의복,패션·잡화 중 '의류'를 판매·제공하는 매장,train,의류,T2 동의어,073860e4-273d-4646-962a-af2bec311f2b,준어패럴,의복,우이골목시장골목형상점가,골목형상점가,서울특별시,,,
bbbc39578633b911683d,full_annotation_v1,A,q_의류_06,의복,패션·잡화 중 '의류'를 판매·제공하는 매장,train,의류,T2 동의어,e1b67c67-3ca0-4a07-91cd-be5af1815471,아이더 봉담점,의복,봉담 트레보아울렛 상점가,골목형상점가,경기도,,,
014d7b9d5f6d9e5a8fa5,full_annotation_v1,A,q_의류_06,의복,패션·잡화 중 '의류'를 판매·제공하는 매장,train,의류,T2 동의어,8e690949-8f2f-459f-874e-d70bfb12c221,스파이더,의복,상무로자율상권,,광주광역시,,,
41ebf521d1485e0f29df,full_annotation_v1,A,q_의류_06,의복,패션·잡화 중 '의류'를 판매·제공하는 매장,train,의류,T2 동의어,19302821-2b5d-4d61-860c-0328418dc8e2,또와,기성복,아트프라자,자율상권구역,서울특별시,,,
ec1e916e793e38f8b271,full_annotation_v1,A,q_의류_06,의복,패션·잡화 중 '의류'를 판매·제공하는 매장,train,의류,T2 동의어,09b55ffd-48d2-4cf4-a1d9-1d13cc7a7de7,오리온,기성복,남대문시장,전통시장,서울특별시,,,
6acf71a981fec9b69bf1,full_annotation_v1,A,q_의류_06,의복,패션·잡화 중 '의류'를 판매·제공하는 매장,train,의류,T2 동의어,00054f1d-4cae-4345-9975-1423bc49e4dc,착한아이들,의류,중앙전통시장,전통시장,울산광역시,,,
03daa1b57581e0146d6c,full_annotation_v1,A,q_의류_06,의복,패션·잡화 중 '의류'를 판매·제공하는 매장,train,의류,T2 동의어,00124602-ef4e-472c-91ee-de53b28d7530,화이트,의류,울산번개시장,전통시장,울산광역시,,,
1afac2a3670b09841c9e,full_annotation_v1,A,q_의류_06,의복,패션·잡화 중 '의류'를 판매·제공하는 매장,train,의류,T2 동의어,019c9868-92c6-4e25-b2ea-903f322c9acf,맡겨봐신발세탁,세탁,임동 골목형상점가,골목형상점가,광주광역시,,,
441f61066877d8b0db23,full_annotation_v1,A,q_의류_06,의복,패션·잡화 중 '의류'를 판매·제공하는 매장,train,의류,T2 동의어,1d115f84-8b0a-48d3-9c3f-01d976e7b054,기림갤러리,커튼 제작,중앙상가시장,전통시장,대전광역시,,,
d9d3db26eb665de0285a,full_annotation_v1,A,q_의류_06,의복,패션·잡화 중 '의류'를 판매·제공하는 매장,train,의류,T2 동의어,24064e0d-3e94-455e-a931-1cd5d1975f35,막스까르띠지오,의복,상무로자율상권,상권활성화구역,광주광역시,,,
77c0036ac83233f6a94a,full_annotation_v1,A,q_의류_06,의복,패션·잡화 중 '의류'를 판매·제공하는 매장,train,의류,T2 동의어,2d9a91df-c256-4726-9e01-9e491c7b297a,블루,옷가게,전주중앙상가시장,전통시장,전북특별자치도,,,
3568812a328d0240f24b,full_annotation_v1,A,q_의류_06,의복,패션·잡화 중 '의류'를 판매·제공하는 매장,train,의류,T2 동의어,d41d300a-f970-40df-9266-0e54614c6b9f,첼로,의복,성남중앙지하시장,일반지하상점가,경기도,,,
383e138f5ff88bdcac11,full_annotation_v1,A,q_의류_06,의복,패션·잡화 중 '의류'를 판매·제공하는 매장,train,의류,T2 동의어,4d69724c-adf4-4981-ad9b-c5e64cd90601,희자매,의복,남대문시장,전통시장,서울특별시,,,
54adb9c78d631deda353,full_annotation_v1,A,q_의류_06,의복,패션·잡화 중 '의류'를 판매·제공하는 매장,train,의류,T2 동의어,fc48419b-1294-46b4-ba91-11027ce454d5,백조,의복,광장시장,전통시장,서울특별시,,,
5e467cc398824977ba60,full_annotation_v1,A,q_의류_06,의복,패션·잡화 중 '의류'를 판매·제공하는 매장,train,의류,T2 동의어,84e1d463-a080-4aac-8e9e-d520d99ac78c,DAWA,의복,국수거리 골목형상점가,골목형상점가,전라남도,,,
546c975e5260a8147714,full_annotation_v1,A,q_의류_06,의복,패션·잡화 중 '의류'를 판매·제공하는 매장,train,의류,T2 동의어,18a7a938-fd65-4b9c-a806-584194d50e3d,103무슈,의복,호남동불로동천변 골목형상점가,골목형상점가,광주광역시,,,
8a2abb14477980ecac99,full_annotation_v1,A,q_의류_06,의복,패션·잡화 중 '의류'를 판매·제공하는 매장,train,의류,T2 동의어,bd21cbdb-0004-44c0-9857-194682b6a434,토탈,"의복, 수선",금남시장,전통시장,서울특별시,,,
502c35b1ffbd906a30dc,full_annotation_v1,A,q_의류_06,의복,패션·잡화 중 '의류'를 판매·제공하는 매장,train,의류,T2 동의어,931a11c9-b1bd-4512-abe5-23693c23ace6,노라노패션학원,의복,백년소상공인,기타,서울특별시,,,
340f230c4e90b5eff921,full_annotation_v1,A,q_의류_06,의복,패션·잡화 중 '의류'를 판매·제공하는 매장,train,의류,T2 동의어,00172c94-61f0-4197-afeb-d7e8187c79b5,옷이예쁘다,의류,메트로센터(반월당지하쇼핑),일반지하상점가,대구광역시,,,
45f0898835b4fb22d640,full_annotation_v1,A,q_의류_06,의복,패션·잡화 중 '의류'를 판매·제공하는 매장,train,의류,T2 동의어,013a01ba-2abc-42d5-9f1b-e0708f0a806b,경남,의류(기타 의복 소매),부산진시장,전통시장,부산광역시,,,
69556fc171c817962864,full_annotation_v1,A,q_의류_06,의복,패션·잡화 중 '의류'를 판매·제공하는 매장,train,의류,T2 동의어,00fd4bd1-180e-4d03-895c-331fb333c6e4,전주송천점폴햄,섬유 의복 신발 및 가죽제품,송천행복로 골목형상점가,골목형상점가,전북특별자치도,,,
e70f01bbd78e3fd57ce4,full_annotation_v1,A,q_의류_06,의복,패션·잡화 중 '의류'를 판매·제공하는 매장,train,의류,T2 동의어,76abb76b-d19f-41ac-ad4d-26d32bffad62,수지,옷가게(의류),양산 나래메트로시티 골목형상점가,골목형상점가,경상남도,,,
0ab648b3e68e618beebd,full_annotation_v1,A,q_의류_06,의복,패션·잡화 중 '의류'를 판매·제공하는 매장,train,의류,T2 동의어,5d1cb2e6-8328-4c18-9fa7-7ee4c99edbbc,예쁜옷집,의복,양동복개상가,전통시장,광주광역시,,,
3ea493ef585d5ddfd3f0,full_annotation_v1,A,q_의류_06,의복,패션·잡화 중 '의류'를 판매·제공하는 매장,train,의류,T2 동의어,abecd1f8-3974-47c7-a5a8-3de3df8d8737,철이사,의복,광장시장,전통시장,서울특별시,,,
321aac62a55e2e448fa0,full_annotation_v1,A,q_의류_06,의복,패션·잡화 중 '의류'를 판매·제공하는 매장,train,의류,T2 동의어,964d90a6-9b77-476b-994e-d0cac0c1923d,금비,기타 의복 소매업,부산진시장,전통시장,부산광역시,,,
5ff3be1f9a0d1a6e2ed3,full_annotation_v1,A,q_의류_07,패션,패션·잡화 중 '의류'를 판매·제공하는 매장,train,의류,T2 동의어,04aacab6-be8f-4470-b58d-33d49bec0a4f,한스,도소매(기성복),통일상가,전통시장,서울특별시,,,
a2ee1be102868542f3c2,full_annotation_v1,A,q_의류_07,패션,패션·잡화 중 '의류'를 판매·제공하는 매장,train,의류,T2 동의어,006d1d86-d89b-4925-9557-746a8b3df78e,패션타운,의류,수유중앙골목시장골목형상점가,골목형상점가,서울특별시,,,
313cd7eca0cf02c3cc74,full_annotation_v1,A,q_의류_07,패션,패션·잡화 중 '의류'를 판매·제공하는 매장,train,의류,T2 동의어,c29ef265-6689-424b-b99e-8a18a4d6a7e2,패션랜드,옷,송정5일시장,전통시장,광주광역시,,,
01a79f273678225c5972,full_annotation_v1,A,q_의류_07,패션,패션·잡화 중 '의류'를 판매·제공하는 매장,train,의류,T2 동의어,e86c54b1-944f-4df3-8bd2-282f8723089f,진주사랑상점,패션 소품 가방 액세서리 등,산본로데오거리(구 산본중심상가),자율상권구역,경기도,,,
89c2c4656a909d7c40b5,full_annotation_v1,A,q_의류_07,패션,패션·잡화 중 '의류'를 판매·제공하는 매장,train,의류,T2 동의어,03cf59c3-0bce-43ff-9df1-14e946a2bd29,금산트라이,"모자, 가방, 패션잡화",금산중앙로상점가,자율상권구역,충청남도,,,
db006b26e098089f1e24,full_annotation_v1,A,q_의류_07,패션,패션·잡화 중 '의류'를 판매·제공하는 매장,train,의류,T2 동의어,7d4799cd-2ba1-4e3d-ba22-ed54e203b49a,그랑프리 패션,옷 수선,대인시장,전통시장,,,,
7879a67506a2caf8f3ec,full_annotation_v1,A,q_의류_07,패션,패션·잡화 중 '의류'를 판매·제공하는 매장,train,의류,T2 동의어,376a6de5-2462-416e-901f-2571a7817017,에스더 패션,의류,남성역먹거리골목형상점가,골목형상점가,서울특별시,,,
7192ad8997075ca213ff,full_annotation_v1,A,q_의류_07,패션,패션·잡화 중 '의류'를 판매·제공하는 매장,train,의류,T2 동의어,be9d24c9-5a62-4c1f-83af-64d123b2e55c,J패션,,화북종합시장,전통시장,제주특별자치도,,,
5d0d7af9c0ea5741e7ab,full_annotation_v1,A,q_의류_07,패션,패션·잡화 중 '의류'를 판매·제공하는 매장,train,의류,T2 동의어,07db0235-e6d4-45bf-8a47-ab8b01f06574,럭키블럭,장난감,연제초 앞 골목형상점가,골목형상점가,광주광역시,,,
4c4c45bd1c3650adf0a7,full_annotation_v1,A,q_의류_07,패션,패션·잡화 중 '의류'를 판매·제공하는 매장,train,의류,T2 동의어,5cec522d-02c6-46e3-b259-b5f5360314bf,패션짱,의류,충주자유시장,전통시장,충청북도,,,
fa55c152e7e8ce6cf1d1,full_annotation_v1,A,q_의류_07,패션,패션·잡화 중 '의류'를 판매·제공하는 매장,train,의류,T2 동의어,5aa57908-6a5b-45fe-b1db-0855aae7f0a6,선패션,의류,현대유통쇼핑센터,전통시장,경상북도,,,
586221be928132b73d49,full_annotation_v1,A,q_의류_07,패션,패션·잡화 중 '의류'를 판매·제공하는 매장,train,의류,T2 동의어,697c2f30-99dc-424f-8f99-d6ba6a8a6b48,쌍암골,한식,첨단지구 골목형상점가,골목형상점가,광주광역시,,,
8e0786482c75bd4d19d3,full_annotation_v1,A,q_의류_07,패션,패션·잡화 중 '의류'를 판매·제공하는 매장,train,의류,T2 동의어,c0bd80da-4854-408d-a895-2986f4c1a8bb,진돼지국밥,음식,진보전통시장,전통시장,경상북도,,,
7a3b8812493aa8e0b7c9,full_annotation_v1,A,q_의류_07,패션,패션·잡화 중 '의류'를 판매·제공하는 매장,train,의류,T2 동의어,00083664-fb4e-4e3b-bb0a-d9a0a1e8f87f,롯데세탁소,,와룡로 골목형상점가,골목형상점가,전북특별자치도,,,
d5c1a68c671e255d4583,full_annotation_v1,A,q_의류_07,패션,패션·잡화 중 '의류'를 판매·제공하는 매장,train,의류,T2 동의어,c842255a-707a-4eab-bae5-3fbff7e5ce92,자매수산,수산물,순천역전시장,전통시장,,,,
1866f4f04027d602d8f5,full_annotation_v1,A,q_의류_07,패션,패션·잡화 중 '의류'를 판매·제공하는 매장,train,의류,T2 동의어,03938df9-3e91-4681-9dac-e5687a891dd2,가방가게,패션잡화,순천원도심상점가,자율상권구역,전라남도,,,
c33c4fce1c3db15d18e3,full_annotation_v1,A,q_의류_07,패션,패션·잡화 중 '의류'를 판매·제공하는 매장,train,의류,T2 동의어,2d9a91df-c256-4726-9e01-9e491c7b297a,블루,옷가게,전주중앙상가시장,전통시장,전북특별자치도,,,
18fa46d1e94b95d3d81d,full_annotation_v1,A,q_의류_07,패션,패션·잡화 중 '의류'를 판매·제공하는 매장,train,의류,T2 동의어,043d4b84-b814-49f4-a3ac-cc203227e005,시엠,,제주중앙지하상가,일반지하상점가,제주특별자치도,,,
d8b170f3cc89afd6a64c,full_annotation_v1,A,q_의류_07,패션,패션·잡화 중 '의류'를 판매·제공하는 매장,train,의류,T2 동의어,18d014d4-5a51-42bb-b2ba-6beabc2404db,BABI (바비),"의류 청바지, 티셔츠, 원피스, 자켓 및 악세사리",의정부로데오상점가,자율상권구역,경기도,,,
3223716c133d9dd46a0a,full_annotation_v1,A,q_의류_07,패션,패션·잡화 중 '의류'를 판매·제공하는 매장,train,의류,T2 동의어,09b55ffd-48d2-4cf4-a1d9-1d13cc7a7de7,오리온,기성복,남대문시장,전통시장,서울특별시,,,
564512ee17470130dba5,full_annotation_v1,A,q_의류_07,패션,패션·잡화 중 '의류'를 판매·제공하는 매장,train,의류,T2 동의어,0304511e-62e7-4e31-8d19-61a115ffaa76,깔롱쟁이,의복,봉선1로 골목형상점가,골목형상점가,광주광역시,,,
80855d4bd3870420a7f9,full_annotation_v1,A,q_의류_07,패션,패션·잡화 중 '의류'를 판매·제공하는 매장,train,의류,T2 동의어,f4da9833-5f56-490d-b039-72910e82ad63,조은지 패션.,의류,남대문시장,전통시장,서울특별시,,,
f54d305484491dc0482f,full_annotation_v1,A,q_의류_07,패션,패션·잡화 중 '의류'를 판매·제공하는 매장,train,의류,T2 동의어,c93a5a5c-f7dd-44af-8b0f-094082186670,제이오(J.O)패션,의류,안산다농마트전통시장,전통시장,경기도,,,
9a079ffc2c572f7b41d6,full_annotation_v1,A,q_의류_07,패션,패션·잡화 중 '의류'를 판매·제공하는 매장,train,의류,T2 동의어,aafca572-20ab-4acd-b29c-c21418a52bf9,루체 패션,의류,충장로45가 상점가,자율상권구역,광주광역시,,,
e8c156d433c0064feae2,full_annotation_v1,A,q_의류_07,패션,패션·잡화 중 '의류'를 판매·제공하는 매장,train,의류,T2 동의어,19302821-2b5d-4d61-860c-0328418dc8e2,또와,기성복,아트프라자,자율상권구역,서울특별시,,,
1dab199c3e734b5977f3,full_annotation_v1,A,q_의류_07,패션,패션·잡화 중 '의류'를 판매·제공하는 매장,train,의류,T2 동의어,83841de2-3940-439d-9c42-0cd759fe9ad5,멋쟁이 패션,의류,구리전통시장,전통시장,경기도,,,
fcf669c1e4807557781b,full_annotation_v1,A,q_의류_07,패션,패션·잡화 중 '의류'를 판매·제공하는 매장,train,의류,T2 동의어,eddf8fa0-bd34-4b4c-9b6a-3a0777197818,패션카페,,석바위지하도상점가,일반지하상점가,인천광역시,,,
c8643180dedfad1ee19a,full_annotation_v1,A,q_의류_07,패션,패션·잡화 중 '의류'를 판매·제공하는 매장,train,의류,T2 동의어,3517f0d2-9b66-49e7-9439-07b48924cbdf,지니스 (정읍터미널사거리점),"패션, 잡화, 안경",정읍연지상점가,자율상권구역,전북특별자치도,,,
10080750f92704135a25,full_annotation_v1,A,q_의류_07,패션,패션·잡화 중 '의류'를 판매·제공하는 매장,train,의류,T2 동의어,8f875126-be15-4773-b8f5-14966e9fed5f,씨유 송현먹자길점,편의점,수문통 골목형상점가,골목형상점가,인천광역시,,,
616b93de95d3b6c5b0aa,full_annotation_v1,A,q_의류_07,패션,패션·잡화 중 '의류'를 판매·제공하는 매장,train,의류,T2 동의어,ffb20e69-1742-499d-8bd7-b8e105547e6a,패션방,,대동시장,전통시장,대구광역시,,,
f04f1a818f0a8f28227f,full_annotation_v1,A,q_의류_07,패션,패션·잡화 중 '의류'를 판매·제공하는 매장,train,의류,T2 동의어,05291547-c22d-430e-95c2-e31bda19a90a,슈퍼타이 본점,세탁,월드시티상가 골목형상점가,골목형상점가,울산광역시,,,
54ac84539d96794e9d05,full_annotation_v1,A,q_의류_07,패션,패션·잡화 중 '의류'를 판매·제공하는 매장,train,의류,T2 동의어,473ac571-bf35-43bd-8114-ffc9acfa5d7e,오르세이,의류 패션 잡화,"금남로4,5가 골목형상점가",골목형상점가,광주광역시,,,
6f656f5377f9526f071c,full_annotation_v1,A,q_의류_07,패션,패션·잡화 중 '의류'를 판매·제공하는 매장,train,의류,T2 동의어,529ddbf1-c372-4d42-b006-59f1b8b872ca,프로포즈엔젤,패션 액세서리,중앙로 지하상가 상점가,일반지하상점가,대전광역시,,,
1c52e8f98826e4e2e67e,full_annotation_v1,A,q_의류_07,패션,패션·잡화 중 '의류'를 판매·제공하는 매장,train,의류,T2 동의어,67cf3430-d62b-42fc-be23-2b61b7765a28,지니컴퍼니(파워풀엑스),의류 패션 잡화,구리전통시장,전통시장,경기도,,,
cb1e1807801e6fda8d51,full_annotation_v1,A,q_의류_07,패션,패션·잡화 중 '의류'를 판매·제공하는 매장,train,의류,T2 동의어,203fc14e-6fdc-480d-9c5c-48e437bd5beb,윤순영 패션 안동점,여성의류,안동시 대안로 골목형상점가,골목형상점가,경상북도,,,
c82b1994f6d1fe35f140,full_annotation_v1,A,q_의류_07,패션,패션·잡화 중 '의류'를 판매·제공하는 매장,train,의류,T2 동의어,00fd4bd1-180e-4d03-895c-331fb333c6e4,전주송천점폴햄,섬유 의복 신발 및 가죽제품,송천행복로 골목형상점가,골목형상점가,전북특별자치도,,,
0e7eb9b4ea8fb28a539f,full_annotation_v1,A,q_의류_07,패션,패션·잡화 중 '의류'를 판매·제공하는 매장,train,의류,T2 동의어,77df46ba-0fd9-499f-b78d-3fdd323909fa,사단법인 강구안타운,,통영 중앙동 강구안 상권활성화 구역,상권활성화구역,경상남도,,,
88bcfaf781420a739ff6,full_annotation_v1,A,q_의류_07,패션,패션·잡화 중 '의류'를 판매·제공하는 매장,train,의류,T2 동의어,011975e6-5c12-42c3-9d7d-81f8eba753c7,러브아트,홈패션,공주산성시장,전통시장,충청남도,,,
dc649bb0770a9a7d2dcb,full_annotation_v1,A,q_의류_07,패션,패션·잡화 중 '의류'를 판매·제공하는 매장,train,의류,T2 동의어,00c164d0-76c7-4e7a-9676-ecfdbb052077,크린토피아신창점,세탁,신창수문 골목형상점가,골목형상점가,광주광역시,,,
29b9a0ea379c3f5e628f,full_annotation_v1,A,q_의류_07,패션,패션·잡화 중 '의류'를 판매·제공하는 매장,train,의류,T2 동의어,53776ad6-4a97-4445-b7f6-e236725c5048,대박옷가게,옷가게,안동광석거리 골목형상점가,골목형상점가,경상북도,,,
e26239719dcbde0efe0b,full_annotation_v1,A,q_의류_07,패션,패션·잡화 중 '의류'를 판매·제공하는 매장,train,의류,T2 동의어,822bc18c-5f26-428d-9198-0a58cb877977,씨유전주하가빌리지점,편의점,하가지구 골목형상점가,골목형상점가,전북특별자치도,,,
c95c513f531720e16d76,full_annotation_v1,A,q_의류_07,패션,패션·잡화 중 '의류'를 판매·제공하는 매장,train,의류,T2 동의어,00128db8-b700-42b3-be50-1760b6c08487,자이세탁,의류세탁,신봉하나로 골목형상점가,골목형상점가,경기도,,,
227a15235e8bbb8acc44,full_annotation_v1,A,q_의류_07,패션,패션·잡화 중 '의류'를 판매·제공하는 매장,train,의류,T2 동의어,cea1d9aa-22bd-4091-9b2f-0f7651f9e227,루패션,의류,조원시장,전통시장,경기도,,,
c81c0a3d806e657d716b,full_annotation_v1,A,q_의류_07,패션,패션·잡화 중 '의류'를 판매·제공하는 매장,train,의류,T2 동의어,2993bbe6-ecf1-4a90-a004-70c387f455e0,마켓베이커리,패션,천안중앙시장,전통시장,충청남도,,,
f288670d4e2de684078c,full_annotation_v1,A,q_의류_07,패션,패션·잡화 중 '의류'를 판매·제공하는 매장,train,의류,T2 동의어,03052be2-67e1-48ff-a71f-63500facd038,윤순영패션,,용대로119번길 골목형상점가,골목형상점가,,,,
683cadf763a9218f1cf5,full_annotation_v1,A,q_의류_07,패션,패션·잡화 중 '의류'를 판매·제공하는 매장,train,의류,T2 동의어,c35b8bd7-c50a-45b8-9bc1-4797f00933a0,해피 ZONE,패션 시계 및 생활 잡화,부평대아지하상점가,일반지하상점가,인천광역시,,,
7482c9020e15e8cc24c2,full_annotation_v1,A,q_의류_07,패션,패션·잡화 중 '의류'를 판매·제공하는 매장,train,의류,T2 동의어,3d3c74b6-9d34-4db3-8d3c-11b4c1d5d0e1,교촌치킨 청주대점,,청주대중앙로골목형상점가,골목형상점가,충청북도,,,
e82047b34f447dee9ec9,full_annotation_v1,A,q_의류_07,패션,패션·잡화 중 '의류'를 판매·제공하는 매장,train,의류,T2 동의어,96132130-696f-4eb6-85b8-a5069fae9261,리섭패션,의류,답십리시장,전통시장,서울특별시,,,
a6865f03696a06a07a88,full_annotation_v1,A,q_의류_07,패션,패션·잡화 중 '의류'를 판매·제공하는 매장,train,의류,T2 동의어,ad17346e-8908-4619-af3e-b39daddabb81,향교길68,갤러리 전자상거래 패션 섬유류 및 기타 전문 디자인업 체험교육 전통자�,전주한옥마을 골목형상점가,골목형상점가,전북특별자치도,,,
52edb75695677c7df8a4,full_annotation_v1,A,q_의류_07,패션,패션·잡화 중 '의류'를 판매·제공하는 매장,train,의류,T2 동의어,165f0645-7d47-462b-8d61-1576b4398a6b,이윤자 패션,의류,안산다농마트전통시장,전통시장,경기도,,,
8f6a72857da21de0b2fd,full_annotation_v1,A,q_의류_07,패션,패션·잡화 중 '의류'를 판매·제공하는 매장,train,의류,T2 동의어,0010d634-70b8-4627-8dea-822a9bb56922,라엘,여성의류,동산상가,전통시장,대구광역시,,,
6c397ca9b66166805b44,full_annotation_v1,A,q_의류_07,패션,패션·잡화 중 '의류'를 판매·제공하는 매장,train,의류,T2 동의어,bb05a076-5aee-4c93-be9c-382e1c73999d,패션조이,의류,고투몰(강남터미널지하도상점가),일반지하상점가,서울특별시,,,
6807faf8618230a98553,full_annotation_v1,A,q_의류_07,패션,패션·잡화 중 '의류'를 판매·제공하는 매장,train,의류,T2 동의어,ca5cc20a-3825-496a-82a8-def41b2ef0a7,다온 패션,여성의류,운암 서암대로1 골목형상점가,골목형상점가,광주광역시,,,
48464b94e6d16ebdc8a4,full_annotation_v1,A,q_의류_07,패션,패션·잡화 중 '의류'를 판매·제공하는 매장,train,의류,T2 동의어,03159423-3cb1-401e-af77-89751a639bb8,주홍,바지,아트프라자,자율상권구역,서울특별시,,,
a09d009abe2cd64fb6e4,full_annotation_v1,A,q_의류_07,패션,패션·잡화 중 '의류'를 판매·제공하는 매장,train,의류,T2 동의어,0e9ae8fa-1687-4cff-b8fd-bcabac492153,송다교패션,의류,부산평화시장,전통시장,부산광역시,,,
e82681ba583bea836294,full_annotation_v1,A,q_의류_07,패션,패션·잡화 중 '의류'를 판매·제공하는 매장,train,의류,T2 동의어,6f8af3e3-6413-4c3f-bfde-7e776d8893fc,씨파크73호금오활어,활어,다대씨-파크시장,전통시장,부산광역시,,,
321f6dcfaaca42f5d861,full_annotation_v1,A,q_의류_07,패션,패션·잡화 중 '의류'를 판매·제공하는 매장,train,의류,T2 동의어,30e7f06b-31f4-40cc-8ea0-885ca514ed8e,미진패션,의류 패션소품,마산 오동동 창동 어시장 상권활성화구역,상권활성화구역,경상남도,,,
7df7156eab7c8ecf3de8,full_annotation_v1,A,q_의류_07,패션,패션·잡화 중 '의류'를 판매·제공하는 매장,train,의류,T2 동의어,0743783e-8456-40b3-8ece-e592d976b7af,데님647,청바지,백년소상공인,기타,서울특별시,,,
af70a37bc6e57f7c2115,full_annotation_v1,A,q_의류_07,패션,패션·잡화 중 '의류'를 판매·제공하는 매장,train,의류,T2 동의어,ac7c0d7f-67a3-4c58-8e5c-57d30387e6f2,챠밍(패션),의류 소매,진해중앙시장,전통시장,경상남도,,,
80ecb08f25036a5dc618,full_annotation_v1,A,q_의류_07,패션,패션·잡화 중 '의류'를 판매·제공하는 매장,train,의류,T2 동의어,05ceaf94-c8e1-4ec6-9148-be979dc3614f,달인옷수선,수선,양산 덕계종합상설시장,전통시장,경상남도,,,
1556e33813c74804e6c6,full_annotation_v1,A,q_의류_07,패션,패션·잡화 중 '의류'를 판매·제공하는 매장,train,의류,T2 동의어,05e6b9e7-3971-4a4f-b541-26089f913728,민지의상실,수선,제천중앙시장,전통시장,충청북도,,,
c2bd5b6cf2f7baa62ee4,full_annotation_v1,A,q_의류_07,패션,패션·잡화 중 '의류'를 판매·제공하는 매장,train,의류,T2 동의어,980c50e0-3ffa-40d7-b7d7-5bd3c1095890,패티패션,속옷,담양중앙 골목형상점가,골목형상점가,전라남도,,,
9d2f1595672dce646e54,full_annotation_v1,A,q_의류_07,패션,패션·잡화 중 '의류'를 판매·제공하는 매장,train,의류,T2 동의어,ac81f8b2-a305-405b-a244-b4adec47a92a,패션포모,의류,잠실역지하쇼핑센터,일반지하상점가,서울특별시,,,
169c1734ef42ed1a9b88,full_annotation_v1,A,q_의류_07,패션,패션·잡화 중 '의류'를 판매·제공하는 매장,train,의류,T2 동의어,157fb81f-e67a-483b-8415-b756543d4cf6,유아상사,장난감,㈜르네시떼,전통시장,부산광역시,,,
2a1e994157b79e6627cc,full_annotation_v1,A,q_의류_07,패션,패션·잡화 중 '의류'를 판매·제공하는 매장,train,의류,T2 동의어,80ff91ef-6ef9-43d1-937e-70b9fa89dece,편하다 예쁘다 패션,신발.의류,관음시장,전통시장,대구광역시,,,
060b96b06a41eaba8a11,full_annotation_v1,A,q_의류_07,패션,패션·잡화 중 '의류'를 판매·제공하는 매장,train,의류,T2 동의어,c8562968-3a4f-49cd-b272-b6c8adff6440,타임 Story,패션 시계 기타 소매업,부평대아지하상점가,일반지하상점가,인천광역시,,,
7c71f8a45bf20045bef2,full_annotation_v1,A,q_의류_07,패션,패션·잡화 중 '의류'를 판매·제공하는 매장,train,의류,T2 동의어,026c5d57-26e4-48c1-a181-862bcda8df43,블럭팡 아산탕정점,장난감,한들물빛도시 골목형 상점가,골목형상점가,충청남도,,,
2a81acc976032c29dd8b,full_annotation_v1,A,q_의류_07,패션,패션·잡화 중 '의류'를 판매·제공하는 매장,train,의류,T2 동의어,00c60bef-93f3-4d19-a8e8-aeae0ef0fe43,이삭의상실,"패션디자인마춤양장, 스포츠이류및용품",군산 원도심 골목형상점가,골목형상점가,전북특별자치도,,,
a52bee569704dd50154d,full_annotation_v1,A,q_의류_07,패션,패션·잡화 중 '의류'를 판매·제공하는 매장,train,의류,T2 동의어,00054f1d-4cae-4345-9975-1423bc49e4dc,착한아이들,의류,중앙전통시장,전통시장,울산광역시,,,
87c4c62d7ccf64ae34f9,full_annotation_v1,A,q_의류_07,패션,패션·잡화 중 '의류'를 판매·제공하는 매장,train,의류,T2 동의어,6a36cc94-bfa0-42ce-8124-22c65b5c65bd,허브 (herb),"도소매(패션,잡화)",산본로데오거리(구 산본중심상가),자율상권구역,경기도,,,
fece9da7ac0f0eeacddf,full_annotation_v1,A,q_의류_07,패션,패션·잡화 중 '의류'를 판매·제공하는 매장,train,의류,T2 동의어,36215c32-9383-4805-9ce5-e7f4a0b0a689,삼일회센타,,청주대중앙로골목형상점가,골목형상점가,충청북도,,,
adfc1e04ca85f500e14d,full_annotation_v1,A,q_의류_07,패션,패션·잡화 중 '의류'를 판매·제공하는 매장,train,의류,T2 동의어,7f304796-1fc3-473e-9a86-3241caea503d,송천약국,의약품,송천중앙로 골목형상점가,골목형상점가,전북특별자치도,,,
23ec84e6f4e65df2af48,full_annotation_v1,A,q_의류_07,패션,패션·잡화 중 '의류'를 판매·제공하는 매장,train,의류,T2 동의어,51fb2755-0b96-429a-88ee-1383d8c907e9,윤패션,의류,서문시장 제5지구,전통시장,대구광역시,,,
09a662689d255e55a2b2,full_annotation_v1,A,q_의류_07,패션,패션·잡화 중 '의류'를 판매·제공하는 매장,train,의류,T2 동의어,20408a10-7db0-4ff0-b0de-782ed0ab9f84,카페스루,카페,하가지구 골목형상점가,골목형상점가,전북특별자치도,,,
1f482bb279f060a2fef5,full_annotation_v1,A,q_의류_07,패션,패션·잡화 중 '의류'를 판매·제공하는 매장,train,의류,T2 동의어,00fc2b18-ffa0-45b1-b03a-af61257944a9,충일구두수선,구두수선,충주무학시장,전통시장,충청북도,,,
bd0ea6d280595a3666d8,full_annotation_v1,A,q_의류_07,패션,패션·잡화 중 '의류'를 판매·제공하는 매장,train,의류,T2 동의어,c93b3979-0072-47e4-a2ca-eef8162a1836,민패션,의류,평화시장,전통시장,서울특별시,,,
da35f2c9ae053d0c445f,full_annotation_v1,A,q_의류_07,패션,패션·잡화 중 '의류'를 판매·제공하는 매장,train,의류,T2 동의어,033fc658-a256-42a6-8ebf-24763bc43ba1,신광컴퓨터세탁소,세탁소,대야 골목형상점가,골목형상점가,전북특별자치도,,,
ac155dc538eaaab85ccf,full_annotation_v1,A,q_의류_07,패션,패션·잡화 중 '의류'를 판매·제공하는 매장,train,의류,T2 동의어,8286e5b8-6e9a-4030-9d83-eedef8faffc6,패션타운,의류,창원 상남시장,전통시장,경상남도,,,
2c27c79b804f89450105,full_annotation_v1,A,q_의류_07,패션,패션·잡화 중 '의류'를 판매·제공하는 매장,train,의류,T2 동의어,5a830662-d4ec-4c9d-aa22-a336ecd1c259,윤순영 패션 남원점,,남원시 원도심 상권활성화 구역,상권활성화구역,전북특별자치도,,,
bf75beb63734fd171ff5,full_annotation_v1,A,q_의류_07,패션,패션·잡화 중 '의류'를 판매·제공하는 매장,train,의류,T2 동의어,71371341-5389-4526-ac87-4c48b6b97886,영맨,패션,원주남부시장,전통시장,강원특별자치도,,,
2caf34a2169ce185ccb9,full_annotation_v1,A,q_의류_07,패션,패션·잡화 중 '의류'를 판매·제공하는 매장,train,의류,T2 동의어,8b77d039-19f8-44d2-b704-1b2ac4092830,라엘,의류 패션 잡화,나주금빛상점가,자율상권구역,전라남도,,,
12b00c96831a608939df,full_annotation_v1,A,q_의류_07,패션,패션·잡화 중 '의류'를 판매·제공하는 매장,train,의류,T2 동의어,078f51c7-dbe7-46b5-9089-2e2824e6553c,장흥수산,낙지 홍어 바지락,대인시장,전통시장,광주광역시,,,
c2d43167feaca7d75ecd,full_annotation_v1,A,q_의류_07,패션,패션·잡화 중 '의류'를 판매·제공하는 매장,train,의류,T2 동의어,c639cd00-8ea2-45d2-9091-f804b246d224,구덕패션,의류,춘천중앙시장,전통시장,강원특별자치도,,,
6d8ccde0816e23def2e9,full_annotation_v1,A,q_의류_07,패션,패션·잡화 중 '의류'를 판매·제공하는 매장,train,의류,T2 동의어,eeed991a-f382-4beb-8b85-65f3a9d7a525,영패션,패션,천안중앙시장,전통시장,충청남도,,,
e203b7482efe82307f69,full_annotation_v1,A,q_의류_07,패션,패션·잡화 중 '의류'를 판매·제공하는 매장,train,의류,T2 동의어,fc5d6f04-ab0d-4928-adcf-d9c45171ee8d,몰랑앤모어,"공예, 패션, 소품",예술의거리 골목형상점가,골목형상점가,광주광역시,,,
2fcb86dc8321ae4294b4,full_annotation_v1,A,q_의류_07,패션,패션·잡화 중 '의류'를 판매·제공하는 매장,train,의류,T2 동의어,1943c599-6590-4dc5-8d6c-39bf7bf95dc1,쪼리,"청바지, 악세사리",경주중심상가,전통시장,경상북도,,,
d979b817609d72f5f2a3,full_annotation_v1,A,q_의류_07,패션,패션·잡화 중 '의류'를 판매·제공하는 매장,train,의류,T2 동의어,00124602-ef4e-472c-91ee-de53b28d7530,화이트,의류,울산번개시장,전통시장,울산광역시,,,
a5731b284b1d9aed4857,full_annotation_v1,A,q_의류_07,패션,패션·잡화 중 '의류'를 판매·제공하는 매장,train,의류,T2 동의어,000a5a26-66b9-432f-bb77-247655765f2b,백조섬유,여성의류,서문시장 제5지구,전통시장,대구광역시,,,
6db09182e2478611e686,full_annotation_v1,A,q_의류_07,패션,패션·잡화 중 '의류'를 판매·제공하는 매장,train,의류,T2 동의어,756b28d6-8987-4e08-afa7-e919ec3de705,나율패션,의류,정읍샘고을시장,전통시장,전북특별자치도,,,
cb00232f402ffb50e0c0,full_annotation_v1,A,q_의류_07,패션,패션·잡화 중 '의류'를 판매·제공하는 매장,train,의류,T2 동의어,023923b8-1217-420d-94da-1dbed6318c95,두올수선,옷수선,부평대아지하상점가,일반지하상점가,인천광역시,,,
2e109b295ecde5e51c05,full_annotation_v1,A,q_의류_07,패션,패션·잡화 중 '의류'를 판매·제공하는 매장,train,의류,T2 동의어,fc1c61a7-c523-432d-88d4-e75e8b6a4ab0,진향식당,한식,진보전통시장,전통시장,경상북도,,,
fd0b84edd70098c8a240,full_annotation_v1,A,q_의류_07,패션,패션·잡화 중 '의류'를 판매·제공하는 매장,train,의류,T2 동의어,f597ec20-2119-404e-a456-61f07f1aede5,꿀벌,카페,청주육거리종합시장,전통시장,충청북도,,,
98699713446b84431955,full_annotation_v1,A,q_의류_07,패션,패션·잡화 중 '의류'를 판매·제공하는 매장,train,의류,T2 동의어,02851047-7760-4cdb-b811-74f6dff245bd,에덴의상실,수선,돈암시장,전통시장,서울특별시,,,
117849dc5057ad366b44,full_annotation_v1,A,q_의류_07,패션,패션·잡화 중 '의류'를 판매·제공하는 매장,train,의류,T2 동의어,588e75c4-02da-4a46-9023-72c83727785e,백송이패션,패션,현대시장,전통시장,인천광역시,,,
fa19ad8ea51ebcc3d332,full_annotation_v1,A,q_의류_07,패션,패션·잡화 중 '의류'를 판매·제공하는 매장,train,의류,T2 동의어,d57f3398-b7de-4d55-82e0-f48d922aea33,멋쟁이 패션,의류,용봉지구 골목형상점가,골목형상점가,광주광역시,,,
a13c13691efb4253ff7e,full_annotation_v1,A,q_의류_07,패션,패션·잡화 중 '의류'를 판매·제공하는 매장,train,의류,T2 동의어,9239740e-d5e7-4672-a368-e0bf9fd8d6f8,연필과지우개,문구,송천중앙로 골목형상점가,골목형상점가,전북특별자치도,,,
8877b772bfe62223e37d,full_annotation_v1,A,q_의류_07,패션,패션·잡화 중 '의류'를 판매·제공하는 매장,train,의류,T2 동의어,000a92b3-0b5e-429e-af00-f86e3570e24b,클로버,의류,관문상가시장,전통시장,대구광역시,,,
55794d30f67b74dda55e,full_annotation_v1,A,q_의류_07,패션,패션·잡화 중 '의류'를 판매·제공하는 매장,train,의류,T2 동의어,ca60bf15-b7d9-4256-99b8-f623bb16cb40,토탈프린트,명함 현수막 실사 스티커 카탈로그 복사 인쇄,백년소상공인,기타,광주광역시,,,
7b34f880adf9edc29827,full_annotation_v1,A,q_의류_07,패션,패션·잡화 중 '의류'를 판매·제공하는 매장,train,의류,T2 동의어,019c9868-92c6-4e25-b2ea-903f322c9acf,맡겨봐신발세탁,세탁,임동 골목형상점가,골목형상점가,광주광역시,,,
0b5a85e5a53db5451bac,full_annotation_v1,A,q_의류_07,패션,패션·잡화 중 '의류'를 판매·제공하는 매장,train,의류,T2 동의어,0cd4e040-9521-44ca-809c-d51f100e9356,토이빌리지,유아완구.장난감,석교동 이웃마루 골목형상점가,골목형상점가,대전광역시,,,
6e22bc133c9cb5b34fa3,full_annotation_v1,A,q_의류_07,패션,패션·잡화 중 '의류'를 판매·제공하는 매장,train,의류,T2 동의어,76abb76b-d19f-41ac-ad4d-26d32bffad62,수지,옷가게(의류),양산 나래메트로시티 골목형상점가,골목형상점가,경상남도,,,
5f8451209214749ab391,full_annotation_v1,A,q_의류_07,패션,패션·잡화 중 '의류'를 판매·제공하는 매장,train,의류,T2 동의어,00158f51-4d3a-4ac0-9e38-b37552f5e097,지지배,의류,나주금빛상점가,자율상권구역,전라남도,,,
8615a3adc9f7b6cfd6fb,full_annotation_v1,A,q_의류_07,패션,패션·잡화 중 '의류'를 판매·제공하는 매장,train,의류,T2 동의어,66f30ca4-97b9-4ea3-97c7-cb8dcf88c2f1,다원(패션)의류,의류,결초보은시장(구 보은종합시장),전통시장,충청북도,,,
52924454f644b3545a14,full_annotation_v1,A,q_의류_07,패션,패션·잡화 중 '의류'를 판매·제공하는 매장,train,의류,T2 동의어,0ab4febb-1ab2-42cf-aae3-53c528083921,에스텔라,의류(기성복),평화로상가,자율상권구역,경상북도,,,
83f7f6f2cead0fb19b09,full_annotation_v1,A,q_의류_07,패션,패션·잡화 중 '의류'를 판매·제공하는 매장,train,의류,T2 동의어,02edb9ce-a58f-4d06-a0f7-8f3af74e85d0,로보키즈,장난감대여,용봉지구 골목형상점가,골목형상점가,광주광역시,,,
0bcf2ac30c2d55e56fa6,full_annotation_v1,A,q_의류_07,패션,패션·잡화 중 '의류'를 판매·제공하는 매장,train,의류,T2 동의어,014b6a30-fb19-4f0f-8ab0-5139e2368173,월드옷수선,의류수선,수원역전시장,전통시장,경기도,,,
480f0ee442277824b337,full_annotation_v1,A,q_의류_07,패션,패션·잡화 중 '의류'를 판매·제공하는 매장,train,의류,T2 동의어,149ee3b7-eef5-4c9f-abe0-2ce9a2abcbc8,패션팀,의류,제일평화시장,전통시장,서울특별시,,,
767c0e1dd098bd2eb17c,full_annotation_v1,A,q_의류_07,패션,패션·잡화 중 '의류'를 판매·제공하는 매장,train,의류,T2 동의어,3c553b06-480c-4f10-9a9a-97bf969453b5,노비크,의류 패션 잡화 악세사리,의정부역지하상가,일반지하상점가,경기도,,,
52267d2f4dc8a723e6c5,full_annotation_v1,A,q_의류_07,패션,패션·잡화 중 '의류'를 판매·제공하는 매장,train,의류,T2 동의어,014602ec-34d6-41db-98d1-f7941ce5c2da,밝은 세탁,수선,노대물빛근린공원 골목형상점가,골목형상점가,광주광역시,,,
ba7ed3769cf6bc98a3b8,full_annotation_v1,A,q_의류_07,패션,패션·잡화 중 '의류'를 판매·제공하는 매장,train,의류,T2 동의어,00e9be42-1358-4d8a-91f4-119aaed2a77b,백경사,"작업복, 기성복, 안전화 등",부산진시장,전통시장,부산광역시,,,
a2a5f387e9aeadb49b9b,full_annotation_v1,A,q_의류_07,패션,패션·잡화 중 '의류'를 판매·제공하는 매장,train,의류,T2 동의어,013a01ba-2abc-42d5-9f1b-e0708f0a806b,경남,의류(기타 의복 소매),부산진시장,전통시장,부산광역시,,,
d748cfc876b8595dcb7e,full_annotation_v1,A,q_의류_07,패션,패션·잡화 중 '의류'를 판매·제공하는 매장,train,의류,T2 동의어,00172c94-61f0-4197-afeb-d7e8187c79b5,옷이예쁘다,의류,메트로센터(반월당지하쇼핑),일반지하상점가,대구광역시,,,
11146c70bb21ab29cece,full_annotation_v1,A,q_의류_07,패션,패션·잡화 중 '의류'를 판매·제공하는 매장,train,의류,T2 동의어,02db4104-b701-453b-a7ef-cf0c3014ffde,광명디자인,수선,서문시장아진상가,전통시장,대구광역시,,,
487d7e672e2681462148,full_annotation_v1,A,q_의류_07,패션,패션·잡화 중 '의류'를 판매·제공하는 매장,train,의류,T2 동의어,98cdf3e5-5ad6-4d6b-be49-ae26238af44f,구미 옷가게 슬릭앤코(SLEEK AND CO),,문화로 자율상권구역,,경상북도,,,
b7f2288c4b2ddff40799,full_annotation_v1,A,q_의류_07,패션,패션·잡화 중 '의류'를 판매·제공하는 매장,train,의류,T2 동의어,03a58cd8-1705-4bf2-8be7-3a160d1c25df,중앙수선,의복수선,중앙도매시장,전통시장,대전광역시,,,
609dbd0cc574f9b6a9cb,full_annotation_v1,A,q_의류_07,패션,패션·잡화 중 '의류'를 판매·제공하는 매장,train,의류,T2 동의어,0c482304-96cc-4384-b058-408ecb35a90f,찌뽕,패션 잡화,창원 명서시장,전통시장,경상남도,,,
2dc07c04eec10a663df7,full_annotation_v1,A,q_의류_07,패션,패션·잡화 중 '의류'를 판매·제공하는 매장,train,의류,T2 동의어,da0e8a91-9517-4a6c-9ee8-eb7c82cf5c64,패션라인,의류,문산자유시장,전통시장,경기도,,,
2255df38da4e0e32ec9d,full_annotation_v1,A,q_의류_07,패션,패션·잡화 중 '의류'를 판매·제공하는 매장,train,의류,T2 동의어,007c84b4-7b91-431f-9cf2-61f2ac4a13b4,빛나크리닝,세탁업,삼각동 골목형상점가,골목형상점가,광주광역시,,,
7434d75fe258dd3e6bc0,full_annotation_v1,A,q_의류_07,패션,패션·잡화 중 '의류'를 판매·제공하는 매장,train,의류,T2 동의어,9119efbc-0cfe-4e09-b706-b91a1b559793,패션왕,의류,충금지하도상가,일반지하상점가,광주광역시,,,
54dd79952f3316cf2185,full_annotation_v1,A,q_의류_07,패션,패션·잡화 중 '의류'를 판매·제공하는 매장,train,의류,T2 동의어,4edeae04-eed4-4ddb-9589-8bbf1d34fb35,패션로드,의류,전주중앙상가시장,전통시장,전북특별자치도,,,
659b881610e8e397e2d5,full_annotation_v1,A,q_의류_07,패션,패션·잡화 중 '의류'를 판매·제공하는 매장,train,의류,T2 동의어,512a7463-c2d0-429f-8df6-d5efe55c7bf5,경주 옷가게 털보형제들,,경주중심상가,전통시장,경상북도,,,
5301981c4ac3ac09d91e,full_annotation_v1,A,q_의류_07,패션,패션·잡화 중 '의류'를 판매·제공하는 매장,train,의류,T2 동의어,0213d775-a9ba-4c68-8b2b-ee3ed98c4d46,썬라이즈,기터의복,진주 중앙상점가,자율상권구역,경상남도,,,
c0598be7a1d9e9de2901,full_annotation_v1,A,q_의류_08,의류 도매,패션·잡화 중 '의류'를 판매·제공하는 매장,train,의류,T3 개념확장,56771c8d-5f8e-4f44-ba61-e4452b24ef5b,오뚜기,도매(의류),동평화시장(동평화패션타운),전통시장,서울특별시,,,
80bd8f9aac87d95f6601,full_annotation_v1,A,q_의류_08,의류 도매,패션·잡화 중 '의류'를 판매·제공하는 매장,train,의류,T3 개념확장,e6331b02-dfc7-4d63-8d57-8d0a449e082e,땅스부대찌개 광주일곡점,부대찌개,"일곡동(제4지역:쌍용,호반,청솔2,호반일신,청솔1)",골목형상점가,광주광역시,,,
1a9719d061bf15797006,full_annotation_v1,A,q_의류_08,의류 도매,패션·잡화 중 '의류'를 판매·제공하는 매장,train,의류,T3 개념확장,19302821-2b5d-4d61-860c-0328418dc8e2,또와,기성복,아트프라자,자율상권구역,서울특별시,,,
da9cb81fd43413cad8a9,full_annotation_v1,A,q_의류_08,의류 도매,패션·잡화 중 '의류'를 판매·제공하는 매장,train,의류,T3 개념확장,4f9a6a9f-8b63-4f61-8f54-83c9a4c819df,센스,도매(의류),신평화패션타운,전통시장,서울특별시,,,
fcce0aa7975d2d5081b7,full_annotation_v1,A,q_의류_08,의류 도매,패션·잡화 중 '의류'를 판매·제공하는 매장,train,의류,T3 개념확장,05e6b9e7-3971-4a4f-b541-26089f913728,민지의상실,수선,제천중앙시장,전통시장,충청북도,,,
d0d8d83bed8db50ce98f,full_annotation_v1,A,q_의류_08,의류 도매,패션·잡화 중 '의류'를 판매·제공하는 매장,train,의류,T3 개념확장,2d5f3edf-8246-47ab-908c-a4297de2da37,갈릴리 수산물 도매,수산물,죽도어시장,전통시장,경상북도,,,
d3c1fc16d09546f15dea,full_annotation_v1,A,q_의류_08,의류 도매,패션·잡화 중 '의류'를 판매·제공하는 매장,train,의류,T3 개념확장,4dc12ffc-5d10-4e83-9162-8c567762e1a9,비이커J,도매(의류),제일평화시장,전통시장,서울특별시,,,
8a42b9ef32d0564438a9,full_annotation_v1,A,q_의류_08,의류 도매,패션·잡화 중 '의류'를 판매·제공하는 매장,train,의류,T3 개념확장,e6db244b-e7bc-4fa1-92c3-c7d779d3da2d,케찹,의류,동산상가,전통시장,대구광역시,,,
e38cd019a787a47bfd54,full_annotation_v1,A,q_의류_08,의류 도매,패션·잡화 중 '의류'를 판매·제공하는 매장,train,의류,T3 개념확장,390dd068-2ab7-4f5d-9fa7-f77eb135499f,홍명서적,서적 도매,중앙상가시장,전통시장,대전광역시,,,
5d50b7f1ec08b6e15629,full_annotation_v1,A,q_의류_08,의류 도매,패션·잡화 중 '의류'를 판매·제공하는 매장,train,의류,T3 개념확장,00172c94-61f0-4197-afeb-d7e8187c79b5,옷이예쁘다,의류,메트로센터(반월당지하쇼핑),일반지하상점가,대구광역시,,,
f890429a2443ae047ed9,full_annotation_v1,A,q_의류_08,의류 도매,패션·잡화 중 '의류'를 판매·제공하는 매장,train,의류,T3 개념확장,e92c7321-20c8-49fe-8715-9a948916b44f,센뷰티,화장품 도매 및 소매업,하남 골목형상점가,골목형상점가,광주광역시,,,
3d596f0e26ad1b9d488e,full_annotation_v1,A,q_의류_08,의류 도매,패션·잡화 중 '의류'를 판매·제공하는 매장,train,의류,T3 개념확장,3a0cd35c-da75-4872-92f2-412aabdd385c,보세의류,도매(의류),신평화패션타운,전통시장,서울특별시,,,
175ba7d04543e64be14e,full_annotation_v1,A,q_의류_08,의류 도매,패션·잡화 중 '의류'를 판매·제공하는 매장,train,의류,T3 개념확장,1aa33d96-d1a0-4565-aafa-72a13934c29e,초이스,도매(의류),동평화시장(동평화패션타운),전통시장,서울특별시,,,
59ebd87450e4c4c79fa6,full_annotation_v1,A,q_의류_08,의류 도매,패션·잡화 중 '의류'를 판매·제공하는 매장,train,의류,T3 개념확장,000a5a26-66b9-432f-bb77-247655765f2b,백조섬유,여성의류,서문시장 제5지구,전통시장,대구광역시,,,
40d9493c1a4875809842,full_annotation_v1,A,q_의류_08,의류 도매,패션·잡화 중 '의류'를 판매·제공하는 매장,train,의류,T3 개념확장,58d584c9-74f8-4ca9-8561-5bcb812b537d,아도,도매(의류),신평화패션타운,전통시장,서울특별시,,,
10f1c063c4e1bf8bee2a,full_annotation_v1,A,q_의류_08,의류 도매,패션·잡화 중 '의류'를 판매·제공하는 매장,train,의류,T3 개념확장,992ab9c4-3630-42c6-9510-2f00a9d39965,컴포즈커피첨단2지구점,커피,신용 호반 골목형상점가,골목형상점가,광주광역시,,,
a66b1286964e48f3e16b,full_annotation_v1,A,q_의류_08,의류 도매,패션·잡화 중 '의류'를 판매·제공하는 매장,train,의류,T3 개념확장,bd96f99f-4d94-455b-b99f-2c81a673ff50,메가엠지씨커피 광주첨단산월점,커피,첨단중앙로 골목형상점가,골목형상점가,광주광역시,,,
7057bd00f5e625b9d1e2,full_annotation_v1,A,q_의류_08,의류 도매,패션·잡화 중 '의류'를 판매·제공하는 매장,train,의류,T3 개념확장,79f0bf22-ced4-491d-b992-af0b63694d69,헬로우,도매(의류),테크노상가,전통시장,서울특별시,,,
a62408c13a13c6dab942,full_annotation_v1,A,q_의류_08,의류 도매,패션·잡화 중 '의류'를 판매·제공하는 매장,train,의류,T3 개념확장,fc68ac1f-8f26-43de-a7c5-36f40be5bb1a,뽐,도매(의류),테크노상가,전통시장,서울특별시,,,
ba6b3b840ed4e23a0074,full_annotation_v1,A,q_의류_08,의류 도매,패션·잡화 중 '의류'를 판매·제공하는 매장,train,의류,T3 개념확장,014b6a30-fb19-4f0f-8ab0-5139e2368173,월드옷수선,의류수선,수원역전시장,전통시장,경기도,,,
922e78196be124d344fe,full_annotation_v1,A,q_의류_08,의류 도매,패션·잡화 중 '의류'를 판매·제공하는 매장,train,의류,T3 개념확장,a0404d3b-1187-4e5c-bac4-a91b64338f95,그믐,의류,여수진남상가,자율상권구역,전라남도,,,
0532381a6cfff6ea585a,full_annotation_v1,A,q_의류_08,의류 도매,패션·잡화 중 '의류'를 판매·제공하는 매장,train,의류,T3 개념확장,bf527bdf-c271-4c00-9806-072022d0fbe8,샤론,도매(의류),신평화패션타운,전통시장,서울특별시,,,
72dcda4c822886d83c06,full_annotation_v1,A,q_의류_08,의류 도매,패션·잡화 중 '의류'를 판매·제공하는 매장,train,의류,T3 개념확장,f3aafaea-44af-437f-9c61-d78ea5f28587,금강사무용가구,도매 및 소매업(가구) 도매 및 소매,안양가구상점가,자율상권구역,경기도,,,
a49d4eae65d5799f1ebf,full_annotation_v1,A,q_의류_08,의류 도매,패션·잡화 중 '의류'를 판매·제공하는 매장,train,의류,T3 개념확장,22ec5d0f-d4a4-41d3-a49b-df011fd2267f,보물섬,도매(의류),신평화패션타운,전통시장,서울특별시,,,
4a9092c38dfba3553e95,full_annotation_v1,A,q_의류_08,의류 도매,패션·잡화 중 '의류'를 판매·제공하는 매장,train,의류,T3 개념확장,4c6668f2-b448-46fc-b823-d760ddae8d77,의류,의류,(유)다사소상공인연합,골목형상점가,대구광역시,,,
f598caaf250830976dc2,full_annotation_v1,A,q_의류_08,의류 도매,패션·잡화 중 '의류'를 판매·제공하는 매장,train,의류,T3 개념확장,00fc2b18-ffa0-45b1-b03a-af61257944a9,충일구두수선,구두수선,충주무학시장,전통시장,충청북도,,,
a8efacc74e506c2c71d0,full_annotation_v1,A,q_의류_08,의류 도매,패션·잡화 중 '의류'를 판매·제공하는 매장,train,의류,T3 개념확장,ee393396-1058-4de7-85cd-47c2f8fc64d5,발리,도매(의류),신평화패션타운,전통시장,서울특별시,,,
dc0ba5443202259efbd9,full_annotation_v1,A,q_의류_08,의류 도매,패션·잡화 중 '의류'를 판매·제공하는 매장,train,의류,T3 개념확장,014602ec-34d6-41db-98d1-f7941ce5c2da,밝은 세탁,수선,노대물빛근린공원 골목형상점가,골목형상점가,광주광역시,,,
114348b62e455f059d74,full_annotation_v1,A,q_의류_08,의류 도매,패션·잡화 중 '의류'를 판매·제공하는 매장,train,의류,T3 개념확장,3e657f12-3605-45a0-b9e5-f4e101b5b545,리치,도매(의류),동평화시장(동평화패션타운),전통시장,서울특별시,,,
e1e17e7bd89490f50c89,full_annotation_v1,A,q_의류_08,의류 도매,패션·잡화 중 '의류'를 판매·제공하는 매장,train,의류,T3 개념확장,16d79f63-eb49-4944-b2be-a5eebd0b5f77,시냇물,의류,삼익패션타운,전통시장,서울특별시,,,
7c487782553ac55f4b90,full_annotation_v1,A,q_의류_08,의류 도매,패션·잡화 중 '의류'를 판매·제공하는 매장,train,의류,T3 개념확장,53776ad6-4a97-4445-b7f6-e236725c5048,대박옷가게,옷가게,안동광석거리 골목형상점가,골목형상점가,경상북도,,,
10c054937d73facf844c,full_annotation_v1,A,q_의류_08,의류 도매,패션·잡화 중 '의류'를 판매·제공하는 매장,train,의류,T3 개념확장,26c7b14f-3d30-409c-889c-bdc5b168fc06,크린하우스 문흥1호점,세탁소,문흥2동 골목형상점가,골목형상점가,광주광역시,,,
2dd072f8d541022c0b96,full_annotation_v1,A,q_의류_08,의류 도매,패션·잡화 중 '의류'를 판매·제공하는 매장,train,의류,T3 개념확장,d24264b0-4f69-4aab-9eee-54a0a84d017f,오파라,도매(의류),동평화시장(동평화패션타운),전통시장,서울특별시,,,
b55f0b4fe7b0631e643e,full_annotation_v1,A,q_의류_08,의류 도매,패션·잡화 중 '의류'를 판매·제공하는 매장,train,의류,T3 개념확장,89641fef-a0bd-4ede-b44c-80360670a9db,우주사,도매(의류),동평화시장(동평화패션타운),전통시장,서울특별시,,,
acbf48fcf720f4523211,full_annotation_v1,A,q_의류_08,의류 도매,패션·잡화 중 '의류'를 판매·제공하는 매장,train,의류,T3 개념확장,cd8b545f-e6ca-4400-929f-158fb1504811,테마,도매(의류),신평화패션타운,전통시장,서울특별시,,,
0b0836281fb054c8f608,full_annotation_v1,A,q_의류_08,의류 도매,패션·잡화 중 '의류'를 판매·제공하는 매장,train,의류,T3 개념확장,ad7db933-1af7-47c4-be48-8c89702c60b2,써니,도매(의류),신평화패션타운,전통시장,서울특별시,,,
b324f116797e3aa75778,full_annotation_v1,A,q_의류_08,의류 도매,패션·잡화 중 '의류'를 판매·제공하는 매장,train,의류,T3 개념확장,03159423-3cb1-401e-af77-89751a639bb8,주홍,바지,아트프라자,자율상권구역,서울특별시,,,
fe3ee0cc076fdbd8d960,full_annotation_v1,A,q_의류_08,의류 도매,패션·잡화 중 '의류'를 판매·제공하는 매장,train,의류,T3 개념확장,d023bca4-a574-4b10-b10d-d0fd4e9ed0b4,9번수산,수산물 도매,포항죽도시장,전통시장,경상북도,,,
f317bacecf7f68426c86,full_annotation_v1,A,q_의류_08,의류 도매,패션·잡화 중 '의류'를 판매·제공하는 매장,train,의류,T3 개념확장,11bda4ad-a6d2-496b-be49-b88ce5454d8c,도매하는집,의류,동산상가,전통시장,대구광역시,,,
e1d05d28607abf587fb7,full_annotation_v1,A,q_의류_08,의류 도매,패션·잡화 중 '의류'를 판매·제공하는 매장,train,의류,T3 개념확장,86a0bf9a-1988-4e9e-bce9-59abaa29990a,몽땅,도매(의류),삼익패션타운,전통시장,서울특별시,,,
6c4eb758d7aea0b317c3,full_annotation_v1,A,q_의류_08,의류 도매,패션·잡화 중 '의류'를 판매·제공하는 매장,train,의류,T3 개념확장,9fea7298-ab22-43a9-9f69-09a83e19af6b,오땡큐,헤어펌 컷 염색등,개포동 구마을 골목형상점가,골목형상점가,서울특별시,,,
6997f5f59ee8fc4d4ed8,full_annotation_v1,A,q_의류_08,의류 도매,패션·잡화 중 '의류'를 판매·제공하는 매장,train,의류,T3 개념확장,17282072-3fc3-4b96-a524-286dd6bc3703,경화,도매(의류),신평화패션타운,전통시장,서울특별시,,,
73b55ffb2cf1b53e7608,full_annotation_v1,A,q_의류_08,의류 도매,패션·잡화 중 '의류'를 판매·제공하는 매장,train,의류,T3 개념확장,197dfeb0-7d91-415e-ae8d-4090cc9ae6f6,도티,의류,㈜르네시떼,전통시장,부산광역시,,,
f7bd309e78b2616261d0,full_annotation_v1,A,q_의류_08,의류 도매,패션·잡화 중 '의류'를 판매·제공하는 매장,train,의류,T3 개념확장,cbe2a24a-d1fe-4652-aa38-6112c6f9dd2b,남양,도매(의류),신평화패션타운,전통시장,서울특별시,,,
a1e2cb4fa09a91408442,full_annotation_v1,A,q_의류_08,의류 도매,패션·잡화 중 '의류'를 판매·제공하는 매장,train,의류,T3 개념확장,03cf59c3-0bce-43ff-9df1-14e946a2bd29,금산트라이,"모자, 가방, 패션잡화",금산중앙로상점가,자율상권구역,충청남도,,,
3a3c1d35e329af0318aa,full_annotation_v1,A,q_의류_08,의류 도매,패션·잡화 중 '의류'를 판매·제공하는 매장,train,의류,T3 개념확장,98e62e8e-c479-468c-a858-bcc81fc1b07d,뷸라,의류,중계 씨앤미 상가,자율상권구역,서울특별시,,,
5669af0d88028dd36337,full_annotation_v1,A,q_의류_08,의류 도매,패션·잡화 중 '의류'를 판매·제공하는 매장,train,의류,T3 개념확장,dfdb0cf3-d8db-4c83-b26e-2fac05d09d70,돈우리축산,육류 도매,김천 삼색이수상권,상권활성화구역,경상북도,,,
63b2dfae50c2fe73c822,full_annotation_v1,A,q_의류_08,의류 도매,패션·잡화 중 '의류'를 판매·제공하는 매장,train,의류,T3 개념확장,888e7514-c9e1-4edc-bbb3-360f89d38664,천지창조,도매(의류),광희패션몰,전통시장,서울특별시,,,
719e4b92e846b8805b7e,full_annotation_v1,A,q_의류_08,의류 도매,패션·잡화 중 '의류'를 판매·제공하는 매장,train,의류,T3 개념확장,60d84acc-2c55-45e8-9cee-5fff1e14bc63,삼우사,도매(의류),통일상가,전통시장,서울특별시,,,
05a84f60a488db872702,full_annotation_v1,A,q_의류_08,의류 도매,패션·잡화 중 '의류'를 판매·제공하는 매장,train,의류,T3 개념확장,00c60bef-93f3-4d19-a8e8-aeae0ef0fe43,이삭의상실,"패션디자인마춤양장, 스포츠이류및용품",군산 원도심 골목형상점가,골목형상점가,전북특별자치도,,,
b4e2cb848c76464c79ab,full_annotation_v1,A,q_의류_08,의류 도매,패션·잡화 중 '의류'를 판매·제공하는 매장,train,의류,T3 개념확장,a0f90efe-bc5b-46f1-bb74-a5edf9e57978,나이스,도매(의류),신평화패션타운,전통시장,서울특별시,,,
175299fd1e6458f85258,full_annotation_v1,A,q_의류_08,의류 도매,패션·잡화 중 '의류'를 판매·제공하는 매장,train,의류,T3 개념확장,ab9a3cde-6a2d-4b27-aa42-2414cfd77592,대신식품,채소,예천중앙시장,전통시장,경상북도,,,
7498348cb3f1cdb46fd5,full_annotation_v1,A,q_의류_08,의류 도매,패션·잡화 중 '의류'를 판매·제공하는 매장,train,의류,T3 개념확장,c7526199-2bdf-43e8-b788-01a2f08b37d8,챞,의류,청계6가 지하쇼핑센터,일반지하상점가,서울특별시,,,
7ad85dc5aabb6fcea22a,full_annotation_v1,A,q_의류_08,의류 도매,패션·잡화 중 '의류'를 판매·제공하는 매장,train,의류,T3 개념확장,00124602-ef4e-472c-91ee-de53b28d7530,화이트,의류,울산번개시장,전통시장,울산광역시,,,
8ea5e4fa8de730ceaadb,full_annotation_v1,A,q_의류_08,의류 도매,패션·잡화 중 '의류'를 판매·제공하는 매장,train,의류,T3 개념확장,157fb81f-e67a-483b-8415-b756543d4cf6,유아상사,장난감,㈜르네시떼,전통시장,부산광역시,,,
3347a234609353d2db0a,full_annotation_v1,A,q_의류_08,의류 도매,패션·잡화 중 '의류'를 판매·제공하는 매장,train,의류,T3 개념확장,04aacab6-be8f-4470-b58d-33d49bec0a4f,한스,도소매(기성복),통일상가,전통시장,서울특별시,,,
cfe3aa45c0dfcd9025da,full_annotation_v1,A,q_의류_08,의류 도매,패션·잡화 중 '의류'를 판매·제공하는 매장,train,의류,T3 개념확장,09b55ffd-48d2-4cf4-a1d9-1d13cc7a7de7,오리온,기성복,남대문시장,전통시장,서울특별시,,,
cb72441b4ad7adabfdd7,full_annotation_v1,A,q_의류_08,의류 도매,패션·잡화 중 '의류'를 판매·제공하는 매장,train,의류,T3 개념확장,d41f01dc-c9df-4eb9-871e-8ccb08178a87,이색지대,도매(의류),신평화패션타운,전통시장,서울특별시,,,
6f0a99a671eeac1346ab,full_annotation_v1,A,q_의류_08,의류 도매,패션·잡화 중 '의류'를 판매·제공하는 매장,train,의류,T3 개념확장,00054f1d-4cae-4345-9975-1423bc49e4dc,착한아이들,의류,중앙전통시장,전통시장,울산광역시,,,
a9266598ce252557f6d3,full_annotation_v1,A,q_의류_08,의류 도매,패션·잡화 중 '의류'를 판매·제공하는 매장,train,의류,T3 개념확장,38ba45aa-f57d-4952-95fb-3ff5d0b8ab23,따봉,도매(의류),테크노상가,전통시장,서울특별시,,,
ba99fcdbd9056fc47022,full_annotation_v1,A,q_의류_08,의류 도매,패션·잡화 중 '의류'를 판매·제공하는 매장,train,의류,T3 개념확장,011975e6-5c12-42c3-9d7d-81f8eba753c7,러브아트,홈패션,공주산성시장,전통시장,충청남도,,,
22a1da1d317954977cfc,full_annotation_v1,A,q_의류_08,의류 도매,패션·잡화 중 '의류'를 판매·제공하는 매장,train,의류,T3 개념확장,7971d18e-83d6-4a98-aa3b-95a523083e34,뵈뵈,의류,부산평화시장,전통시장,부산광역시,,,
89308152451a5ab6464b,full_annotation_v1,A,q_의류_08,의류 도매,패션·잡화 중 '의류'를 판매·제공하는 매장,train,의류,T3 개념확장,d4ad357a-36d2-4ee2-89e5-12a4cc912988,새삥,의류,동산상가,전통시장,대구광역시,,,
0d6e22449f34b74f827e,full_annotation_v1,A,q_의류_08,의류 도매,패션·잡화 중 '의류'를 판매·제공하는 매장,train,의류,T3 개념확장,22786ec9-b716-428e-a25b-ffbc8a8bd451,명가,도매(의류),신평화패션타운,전통시장,서울특별시,,,
04292b360cf9af342432,full_annotation_v1,A,q_의류_08,의류 도매,패션·잡화 중 '의류'를 판매·제공하는 매장,train,의류,T3 개념확장,07a0f345-fe02-4ee4-9422-6c2923ab4db0,월드,도매(의류),신평화패션타운,전통시장,서울특별시,,,
33499a85a51231b10644,full_annotation_v1,A,q_의류_08,의류 도매,패션·잡화 중 '의류'를 판매·제공하는 매장,train,의류,T3 개념확장,17521959-02fa-4c0f-ad21-9181a12d096e,대어수산,선어 도매,거제 고현시장,전통시장,경상남도,,,
b6689323d644dd495932,full_annotation_v1,A,q_의류_08,의류 도매,패션·잡화 중 '의류'를 판매·제공하는 매장,train,의류,T3 개념확장,d6c303f6-6fc3-4875-9038-d1cab4e1c4c6,미셈,의류,서문시장2지구 종합상가,전통시장,대구광역시,,,
d743d32f109bbb7e5d07,full_annotation_v1,A,q_의류_08,의류 도매,패션·잡화 중 '의류'를 판매·제공하는 매장,train,의류,T3 개념확장,86c37c92-668a-4678-9e49-07181af1f78f,로뎀,도매(의류),신평화패션타운,전통시장,서울특별시,,,
323e09b41001fb5d4bba,full_annotation_v1,A,q_의류_08,의류 도매,패션·잡화 중 '의류'를 판매·제공하는 매장,train,의류,T3 개념확장,98cdf3e5-5ad6-4d6b-be49-ae26238af44f,구미 옷가게 슬릭앤코(SLEEK AND CO),,문화로 자율상권구역,,경상북도,,,
8e2d15f831c2ecdb7e8e,full_annotation_v1,A,q_의류_08,의류 도매,패션·잡화 중 '의류'를 판매·제공하는 매장,train,의류,T3 개념확장,ce86608e-61c2-4187-a78b-1f29284366cd,파파야,도매(의류),신평화패션타운,전통시장,서울특별시,,,
03354adb6ac97f2a4579,full_annotation_v1,A,q_의류_08,의류 도매,패션·잡화 중 '의류'를 판매·제공하는 매장,train,의류,T3 개념확장,1e9402f4-4eb9-4294-a7e2-1a54e4c72da1,로닌,의류,은행동상점가(구 으능정이상점가),자율상권구역,대전광역시,,,
9d3bcf2cd2e40e2e2c44,full_annotation_v1,A,q_의류_08,의류 도매,패션·잡화 중 '의류'를 판매·제공하는 매장,train,의류,T3 개념확장,078f51c7-dbe7-46b5-9089-2e2824e6553c,장흥수산,낙지 홍어 바지락,대인시장,전통시장,광주광역시,,,
d805a84d5311e5d81728,full_annotation_v1,A,q_의류_08,의류 도매,패션·잡화 중 '의류'를 판매·제공하는 매장,train,의류,T3 개념확장,c11b5ad5-f581-4b4d-8ada-f209c4141c7b,세라,도매(의류),동평화시장(동평화패션타운),전통시장,서울특별시,,,
99b5598b3c3a18af3ca0,full_annotation_v1,A,q_의류_08,의류 도매,패션·잡화 중 '의류'를 판매·제공하는 매장,train,의류,T3 개념확장,fc31390e-55d6-48fc-b1be-ff7fcf878809,도매쇼룸,의류,고투몰(강남터미널지하도상점가),일반지하상점가,서울특별시,,,
bfa96097b00ecb2bbd58,full_annotation_v1,A,q_의류_08,의류 도매,패션·잡화 중 '의류'를 판매·제공하는 매장,train,의류,T3 개념확장,2d9a91df-c256-4726-9e01-9e491c7b297a,블루,옷가게,전주중앙상가시장,전통시장,전북특별자치도,,,
d7403f7a8af851aefe99,full_annotation_v1,A,q_의류_08,의류 도매,패션·잡화 중 '의류'를 판매·제공하는 매장,train,의류,T3 개념확장,b6450e64-8827-43b7-824e-81f7def55af6,아산축산,식육 도매 및 소매업,온화 골목형 상점가,골목형상점가,충청남도,,,
28566ce8540b3f57a6d6,full_annotation_v1,A,q_의류_08,의류 도매,패션·잡화 중 '의류'를 판매·제공하는 매장,train,의류,T3 개념확장,05291547-c22d-430e-95c2-e31bda19a90a,슈퍼타이 본점,세탁,월드시티상가 골목형상점가,골목형상점가,울산광역시,,,
cc9e4701df55f28c3c34,full_annotation_v1,A,q_의류_08,의류 도매,패션·잡화 중 '의류'를 판매·제공하는 매장,train,의류,T3 개념확장,601fa601-dcfa-4c97-a3b0-63f1bb39670d,라붐,도매(의류),테크노상가,전통시장,서울특별시,,,
24ca118561ed8f7616d3,full_annotation_v1,A,q_의류_08,의류 도매,패션·잡화 중 '의류'를 판매·제공하는 매장,train,의류,T3 개념확장,00158f51-4d3a-4ac0-9e38-b37552f5e097,지지배,의류,나주금빛상점가,자율상권구역,전라남도,,,
da1c2efd12c1ed8ac2eb,full_annotation_v1,A,q_의류_08,의류 도매,패션·잡화 중 '의류'를 판매·제공하는 매장,train,의류,T3 개념확장,18d014d4-5a51-42bb-b2ba-6beabc2404db,BABI (바비),"의류 청바지, 티셔츠, 원피스, 자켓 및 악세사리",의정부로데오상점가,자율상권구역,경기도,,,
9d654e09802f6e4bf3d0,full_annotation_v1,A,q_의류_08,의류 도매,패션·잡화 중 '의류'를 판매·제공하는 매장,train,의류,T3 개념확장,0ddf01e2-1f36-4257-8e34-92c18878288d,폭스톤,도매(의류),동평화시장(동평화패션타운),전통시장,서울특별시,,,
dd9343c5595698b9523c,full_annotation_v1,A,q_의류_08,의류 도매,패션·잡화 중 '의류'를 판매·제공하는 매장,train,의류,T3 개념확장,52211e90-6ac1-41d0-bb34-a20a13d665c9,보람상회,채소,정이있는 구포시장,전통시장,부산광역시,,,
c7687a0af2401b65482e,full_annotation_v1,A,q_의류_08,의류 도매,패션·잡화 중 '의류'를 판매·제공하는 매장,train,의류,T3 개념확장,35a41b4a-848c-4860-a87c-29c73840c396,스마트,도매(의류),신평화패션타운,전통시장,서울특별시,,,
2b87fd4d7307b0d821ac,full_annotation_v1,A,q_의류_08,의류 도매,패션·잡화 중 '의류'를 판매·제공하는 매장,train,의류,T3 개념확장,481217c2-888e-454e-9b95-8a40f7555c31,남부떡집,떡 농산물,울진시장(울진바지게시장),전통시장,경상북도,,,
912d213acd52e7906835,full_annotation_v1,A,q_의류_08,의류 도매,패션·잡화 중 '의류'를 판매·제공하는 매장,train,의류,T3 개념확장,f16921ee-7067-4f37-905e-0e8e16e8576f,비웜,의류,전북대대학로상점가,자율상권구역,전북특별자치도,,,
e2b5967142e3a5ca2c8f,full_annotation_v1,A,q_의류_08,의류 도매,패션·잡화 중 '의류'를 판매·제공하는 매장,train,의류,T3 개념확장,3b023d4b-355f-41dd-8895-2851ee6e6509,예일치과의원,치과의원,"일곡동(제4지역:쌍용,호반,청솔2,호반일신,청솔1)",골목형상점가,광주광역시,,,
8ef7c2d442d4623b8253,full_annotation_v1,A,q_의류_08,의류 도매,패션·잡화 중 '의류'를 판매·제공하는 매장,train,의류,T3 개념확장,45a0cc4d-9336-48fa-854b-a919fc552b09,고령상회,채소,해평시장,전통시장,경상북도,,,
9904d73676bb5614f16e,full_annotation_v1,A,q_의류_08,의류 도매,패션·잡화 중 '의류'를 판매·제공하는 매장,train,의류,T3 개념확장,00e9be42-1358-4d8a-91f4-119aaed2a77b,백경사,"작업복, 기성복, 안전화 등",부산진시장,전통시장,부산광역시,,,
5a7e31dfa387c256ca47,full_annotation_v1,A,q_의류_08,의류 도매,패션·잡화 중 '의류'를 판매·제공하는 매장,train,의류,T3 개념확장,6f294edd-9498-4849-b512-89e1730b1bb2,아리아스,도매(의류),평화시장,전통시장,서울특별시,,,
771867d170671ab2d253,full_annotation_v1,A,q_의류_08,의류 도매,패션·잡화 중 '의류'를 판매·제공하는 매장,train,의류,T3 개념확장,c19d4db2-a399-4e7c-be59-aba4a642edea,에스현,도매(의류),신평화패션타운,전통시장,서울특별시,,,
6f1c9c77e496ed144136,full_annotation_v1,A,q_의류_08,의류 도매,패션·잡화 중 '의류'를 판매·제공하는 매장,train,의류,T3 개념확장,335b1729-4d42-42fa-868e-5fedfda7a50b,가람,도매(의류),신평화패션타운,전통시장,서울특별시,,,
fa2fb945b8c4dabfab61,full_annotation_v1,A,q_의류_08,의류 도매,패션·잡화 중 '의류'를 판매·제공하는 매장,train,의류,T3 개념확장,b9280d93-49d6-4661-8852-bbf62fd9f50c,블루,도매(의류),신평화패션타운,전통시장,서울특별시,,,
6af88586127f13b5d582,full_annotation_v1,A,q_의류_08,의류 도매,패션·잡화 중 '의류'를 판매·제공하는 매장,train,의류,T3 개념확장,7c148715-6271-480f-88fa-92fd332e7510,명품코너,도매(의류),동평화시장(동평화패션타운),전통시장,서울특별시,,,
979ea76285164c7d5ffb,full_annotation_v1,A,q_의류_08,의류 도매,패션·잡화 중 '의류'를 판매·제공하는 매장,train,의류,T3 개념확장,03052be2-67e1-48ff-a71f-63500facd038,윤순영패션,,용대로119번길 골목형상점가,골목형상점가,,,,
015236b81303c23156fa,full_annotation_v1,A,q_의류_08,의류 도매,패션·잡화 중 '의류'를 판매·제공하는 매장,train,의류,T3 개념확장,02db4104-b701-453b-a7ef-cf0c3014ffde,광명디자인,수선,서문시장아진상가,전통시장,대구광역시,,,
3dc4d7a2dc5dadec56d1,full_annotation_v1,A,q_의류_08,의류 도매,패션·잡화 중 '의류'를 판매·제공하는 매장,train,의류,T3 개념확장,013a01ba-2abc-42d5-9f1b-e0708f0a806b,경남,의류(기타 의복 소매),부산진시장,전통시장,부산광역시,,,
efb203b22ea241c3ba6b,full_annotation_v1,A,q_의류_08,의류 도매,패션·잡화 중 '의류'를 판매·제공하는 매장,train,의류,T3 개념확장,33846305-6afa-49bd-9bd7-81810cbc32d9,매직소임,유아용 의류 도매 제작,부산남문시장,전통시장,부산광역시,,,
3e875273b6e3f06774f4,full_annotation_v1,A,q_의류_08,의류 도매,패션·잡화 중 '의류'를 판매·제공하는 매장,train,의류,T3 개념확장,1943c599-6590-4dc5-8d6c-39bf7bf95dc1,쪼리,"청바지, 악세사리",경주중심상가,전통시장,경상북도,,,
a062f0157d971692450b,full_annotation_v1,A,q_의류_08,의류 도매,패션·잡화 중 '의류'를 판매·제공하는 매장,train,의류,T3 개념확장,12e9b4c6-59aa-41b2-b4e1-267c2d66140a,M 의류,의류,큰방림길 골목형상점가,골목형상점가,광주광역시,,,
4577ddf2497d73b0f43e,full_annotation_v1,A,q_의류_08,의류 도매,패션·잡화 중 '의류'를 판매·제공하는 매장,train,의류,T3 개념확장,512a7463-c2d0-429f-8df6-d5efe55c7bf5,경주 옷가게 털보형제들,,경주중심상가,전통시장,경상북도,,,
b3cca3c675f4ea85eda7,full_annotation_v1,A,q_의류_08,의류 도매,패션·잡화 중 '의류'를 판매·제공하는 매장,train,의류,T3 개념확장,8809729d-aae1-4b79-94a8-02a3e3a67f38,빵굽는마을,제과점,문흥2동 골목형상점가,골목형상점가,광주광역시,,,
1a0dceac420ca3517e07,full_annotation_v1,A,q_의류_08,의류 도매,패션·잡화 중 '의류'를 판매·제공하는 매장,train,의류,T3 개념확장,5c2c985e-4fbd-439b-a60b-5f0a7606f89a,닛시,도매(의류),동평화시장(동평화패션타운),전통시장,서울특별시,,,
54c75dacf7c7e35f8077,full_annotation_v1,A,q_의류_08,의류 도매,패션·잡화 중 '의류'를 판매·제공하는 매장,train,의류,T3 개념확장,6ab0e5a1-a9ee-4194-a5c0-29532017ece3,뉴소피아,도매(의류),신평화패션타운,전통시장,서울특별시,,,
c4a46d58429cafc2e882,full_annotation_v1,A,q_의류_08,의류 도매,패션·잡화 중 '의류'를 판매·제공하는 매장,train,의류,T3 개념확장,3c833e9c-28ed-4b63-a22d-2112a6656a07,쥬니어,아동의류,부리단길 골목형상점가,골목형상점가,부산광역시,,,
b26dc5eb2efef9dde427,full_annotation_v1,A,q_의류_08,의류 도매,패션·잡화 중 '의류'를 판매·제공하는 매장,train,의류,T3 개념확장,962ce0b0-4904-4446-8b48-fb550039c667,은좌의류,의류,모래내시장,전통시장,서울특별시,,,
9f16bb81a62c24adf2d5,full_annotation_v1,A,q_의류_08,의류 도매,패션·잡화 중 '의류'를 판매·제공하는 매장,train,의류,T3 개념확장,f75634df-8f34-49f6-b4ad-fd918f32c7ff,징검다리,도매(의류),동평화시장(동평화패션타운),전통시장,서울특별시,,,
d4cc15c057c2f1477bb3,full_annotation_v1,A,q_의류_08,의류 도매,패션·잡화 중 '의류'를 판매·제공하는 매장,train,의류,T3 개념확장,bdbc29dd-c5bf-41d0-90ba-65872a80f5b3,에셍,의류,아트프라자,자율상권구역,서울특별시,,,
e54de87297765282cae7,full_annotation_v1,A,q_의류_08,의류 도매,패션·잡화 중 '의류'를 판매·제공하는 매장,train,의류,T3 개념확장,764bb857-e26f-4e36-bf80-c72194dd07ac,웁스,의류,테크노상가,전통시장,서울특별시,,,
d6e190df0913d875f79a,full_annotation_v1,A,q_의류_08,의류 도매,패션·잡화 중 '의류'를 판매·제공하는 매장,train,의류,T3 개념확장,e7fc3d27-ace1-4f79-9973-0835074f580b,태현수산,수산물 도매,평택통복시장,전통시장,경기도,,,
03906b10cb9bd40754ad,full_annotation_v1,A,q_의류_08,의류 도매,패션·잡화 중 '의류'를 판매·제공하는 매장,train,의류,T3 개념확장,0010d634-70b8-4627-8dea-822a9bb56922,라엘,여성의류,동산상가,전통시장,대구광역시,,,
a1e6fe5278a5849345b1,full_annotation_v1,A,q_의류_08,의류 도매,패션·잡화 중 '의류'를 판매·제공하는 매장,train,의류,T3 개념확장,1ca3a839-a976-4299-afcf-4c673c5b06ba,루카,도매(의류),신평화패션타운,전통시장,서울특별시,,,
fb0a60c2ee14736358e2,full_annotation_v1,A,q_의류_08,의류 도매,패션·잡화 중 '의류'를 판매·제공하는 매장,train,의류,T3 개념확장,019c9868-92c6-4e25-b2ea-903f322c9acf,맡겨봐신발세탁,세탁,임동 골목형상점가,골목형상점가,광주광역시,,,
1eae7c9f53c1425cc519,full_annotation_v1,A,q_의류_08,의류 도매,패션·잡화 중 '의류'를 판매·제공하는 매장,train,의류,T3 개념확장,3b18eed4-95ce-4265-a275-bf260b6903c4,성원,도매(의류),신평화패션타운,전통시장,서울특별시,,,
ebdfad786c51cc62ef06,full_annotation_v1,A,q_의류_08,의류 도매,패션·잡화 중 '의류'를 판매·제공하는 매장,train,의류,T3 개념확장,c7d62d1c-31e3-4118-b834-ce583a02b3f7,오웬,의류,남대문시장,전통시장,서울특별시,,,
d8b52716f093d0546ef6,full_annotation_v1,A,q_의류_08,의류 도매,패션·잡화 중 '의류'를 판매·제공하는 매장,train,의류,T3 개념확장,f2d7fb03-bb1d-4609-8af3-869ad6b7429e,왕새우수산,수산물 도매,사강시장,전통시장,경기도,,,
dd19a50be9e92971a626,full_annotation_v1,A,q_의류_08,의류 도매,패션·잡화 중 '의류'를 판매·제공하는 매장,train,의류,T3 개념확장,02851047-7760-4cdb-b811-74f6dff245bd,에덴의상실,수선,돈암시장,전통시장,서울특별시,,,
0f8164118c81e5590ae9,full_annotation_v1,A,q_의류_08,의류 도매,패션·잡화 중 '의류'를 판매·제공하는 매장,train,의류,T3 개념확장,cb8e97de-fa5f-427e-81a4-67a2f15edd45,댄디,도매(의류),신평화패션타운,전통시장,서울특별시,,,
9b23a06a38cf32902a39,full_annotation_v1,A,q_의류_08,의류 도매,패션·잡화 중 '의류'를 판매·제공하는 매장,train,의류,T3 개념확장,033fc658-a256-42a6-8ebf-24763bc43ba1,신광컴퓨터세탁소,세탁소,대야 골목형상점가,골목형상점가,전북특별자치도,,,
510bffe4ba78db2f5278,full_annotation_v1,A,q_의류_08,의류 도매,패션·잡화 중 '의류'를 판매·제공하는 매장,train,의류,T3 개념확장,00fd4bd1-180e-4d03-895c-331fb333c6e4,전주송천점폴햄,섬유 의복 신발 및 가죽제품,송천행복로 골목형상점가,골목형상점가,전북특별자치도,,,
5404624b84932f58fcbd,full_annotation_v1,A,q_의류_08,의류 도매,패션·잡화 중 '의류'를 판매·제공하는 매장,train,의류,T3 개념확장,cc64fbc5-3e72-4e9a-be91-c0a02a005357,날개패션,도매(의류),광희패션몰,전통시장,서울특별시,,,
48ce62fb04ac51804fce,full_annotation_v1,A,q_의류_08,의류 도매,패션·잡화 중 '의류'를 판매·제공하는 매장,train,의류,T3 개념확장,4ee0118b-3219-485b-8538-6e958774ade5,놈앤놈스,의류,천안신부문화거리상점가,자율상권구역,충청남도,,,
54d5580b33e238081373,full_annotation_v1,A,q_의류_08,의류 도매,패션·잡화 중 '의류'를 판매·제공하는 매장,train,의류,T3 개념확장,ad04d749-acd1-4d1d-ab0e-1e2aab098ab1,아리아,도매(의류),신평화패션타운,전통시장,서울특별시,,,
044e55be2b7dc05a8795,full_annotation_v1,A,q_의류_08,의류 도매,패션·잡화 중 '의류'를 판매·제공하는 매장,train,의류,T3 개념확장,0743783e-8456-40b3-8ece-e592d976b7af,데님647,청바지,백년소상공인,기타,서울특별시,,,
71272ab3c2a725100dc7,full_annotation_v1,A,q_의류_08,의류 도매,패션·잡화 중 '의류'를 판매·제공하는 매장,train,의류,T3 개념확장,820344a4-2390-476a-8138-d5a98ecfe2d3,조아,도매(의류),평화시장,전통시장,서울특별시,,,
59ae27b0926d02481418,full_annotation_v1,A,q_의류_08,의류 도매,패션·잡화 중 '의류'를 판매·제공하는 매장,train,의류,T3 개념확장,0213d775-a9ba-4c68-8b2b-ee3ed98c4d46,썬라이즈,기터의복,진주 중앙상점가,자율상권구역,경상남도,,,
45b2acc9eb1e89df5465,full_annotation_v1,A,q_의류_08,의류 도매,패션·잡화 중 '의류'를 판매·제공하는 매장,train,의류,T3 개념확장,446a3e30-85ec-4696-8c52-382433995fab,에이블,도매(의류),신평화패션타운,전통시장,서울특별시,,,
79aefff8862124e8860b,full_annotation_v1,A,q_의류_08,의류 도매,패션·잡화 중 '의류'를 판매·제공하는 매장,train,의류,T3 개념확장,07484573-ae2a-4cbd-8509-39b144c330ef,나무,도매(의류),신평화패션타운,전통시장,서울특별시,,,
6243825b3920cec6b0ab,full_annotation_v1,A,q_의류_08,의류 도매,패션·잡화 중 '의류'를 판매·제공하는 매장,train,의류,T3 개념확장,c0a520fd-898c-4c01-9606-a2e46dfd3d86,오즈,도매(의류),신평화패션타운,전통시장,서울특별시,,,
37f6301a62e20faa82af,full_annotation_v1,A,q_의류_08,의류 도매,패션·잡화 중 '의류'를 판매·제공하는 매장,train,의류,T3 개념확장,29b0e230-61c0-4068-99d3-030368de7b6c,미가엘,도매(의류),동평화시장(동평화패션타운),전통시장,서울특별시,,,
24e6ca40628dc988cebc,full_annotation_v1,A,q_의류_08,의류 도매,패션·잡화 중 '의류'를 판매·제공하는 매장,train,의류,T3 개념확장,a82f96f8-46ac-4c42-8da8-8ad641026ce3,숄트,의류,부산자유시장,전통시장,부산광역시,,,
1207a41e136ea2882aa8,full_annotation_v1,A,q_의류_08,의류 도매,패션·잡화 중 '의류'를 판매·제공하는 매장,train,의류,T3 개념확장,0ab4febb-1ab2-42cf-aae3-53c528083921,에스텔라,의류(기성복),평화로상가,자율상권구역,경상북도,,,
987166af84a9fab6d3e1,full_annotation_v1,A,q_의류_08,의류 도매,패션·잡화 중 '의류'를 판매·제공하는 매장,train,의류,T3 개념확장,07db0235-e6d4-45bf-8a47-ab8b01f06574,럭키블럭,장난감,연제초 앞 골목형상점가,골목형상점가,광주광역시,,,
2230981197ffc5e0ed10,full_annotation_v1,A,q_의류_08,의류 도매,패션·잡화 중 '의류'를 판매·제공하는 매장,train,의류,T3 개념확장,0cd4e040-9521-44ca-809c-d51f100e9356,토이빌리지,유아완구.장난감,석교동 이웃마루 골목형상점가,골목형상점가,대전광역시,,,
f98225fe13861fa3f70c,full_annotation_v1,A,q_의류_08,의류 도매,패션·잡화 중 '의류'를 판매·제공하는 매장,train,의류,T3 개념확장,01bc269c-e4c0-4b44-90fd-47a6d4d382fd,나르샤,도매(의류),신평화패션타운,전통시장,서울특별시,,,
7d028ccb706ef0eedb17,full_annotation_v1,A,q_의류_08,의류 도매,패션·잡화 중 '의류'를 판매·제공하는 매장,train,의류,T3 개념확장,0304511e-62e7-4e31-8d19-61a115ffaa76,깔롱쟁이,의복,봉선1로 골목형상점가,골목형상점가,광주광역시,,,
10ef131573e6a6fee2f8,full_annotation_v1,A,q_의류_08,의류 도매,패션·잡화 중 '의류'를 판매·제공하는 매장,train,의류,T3 개념확장,c3fe3ca1-b976-42d6-80c1-67d245b1a1ee,진텍스,원단,부산진시장,전통시장,부산광역시,,,
5d53d7f871bc37f4d49f,full_annotation_v1,A,q_의류_08,의류 도매,패션·잡화 중 '의류'를 판매·제공하는 매장,train,의류,T3 개념확장,023923b8-1217-420d-94da-1dbed6318c95,두올수선,옷수선,부평대아지하상점가,일반지하상점가,인천광역시,,,
5e53ddac2475ad3310b8,full_annotation_v1,A,q_의류_08,의류 도매,패션·잡화 중 '의류'를 판매·제공하는 매장,train,의류,T3 개념확장,03a58cd8-1705-4bf2-8be7-3a160d1c25df,중앙수선,의복수선,중앙도매시장,전통시장,대전광역시,,,
1bcc121aaf3190f86fc1,full_annotation_v1,A,q_의류_08,의류 도매,패션·잡화 중 '의류'를 판매·제공하는 매장,train,의류,T3 개념확장,000a92b3-0b5e-429e-af00-f86e3570e24b,클로버,의류,관문상가시장,전통시장,대구광역시,,,
adb057cbdc2cc416db1a,full_annotation_v1,A,q_의류_08,의류 도매,패션·잡화 중 '의류'를 판매·제공하는 매장,train,의류,T3 개념확장,b3d16986-fbc9-4102-af6c-399c4e68dab5,귄,의류,장동로터리 골목형상점가,골목형상점가,광주광역시,,,
ada9c0b2e99e3b54eacc,full_annotation_v1,A,q_의류_08,의류 도매,패션·잡화 중 '의류'를 판매·제공하는 매장,train,의류,T3 개념확장,1caa4d1f-250e-40e2-b6b4-2e780c262958,늑간,일반음식점,부리단길 골목형상점가,골목형상점가,부산광역시,,,
e81eb24a45499cace948,full_annotation_v1,A,q_의류_08,의류 도매,패션·잡화 중 '의류'를 판매·제공하는 매장,train,의류,T3 개념확장,007c84b4-7b91-431f-9cf2-61f2ac4a13b4,빛나크리닝,세탁업,삼각동 골목형상점가,골목형상점가,광주광역시,,,
0f22105bf422ce5b76e1,full_annotation_v1,A,q_의류_08,의류 도매,패션·잡화 중 '의류'를 판매·제공하는 매장,train,의류,T3 개념확장,03938df9-3e91-4681-9dac-e5687a891dd2,가방가게,패션잡화,순천원도심상점가,자율상권구역,전라남도,,,
6d611e3ba2185865c281,full_annotation_v1,A,q_의류_08,의류 도매,패션·잡화 중 '의류'를 판매·제공하는 매장,train,의류,T3 개념확장,e0fc8acb-50da-4242-ac65-858d1da76572,레이디,도매(의류),신평화패션타운,전통시장,서울특별시,,,
d903952a342feafebf5c,full_annotation_v1,A,q_의류_08,의류 도매,패션·잡화 중 '의류'를 판매·제공하는 매장,train,의류,T3 개념확장,b6ef3ca5-5dd1-4139-bfef-b2f6f51e3160,우정,도매(의류),신평화패션타운,전통시장,서울특별시,,,
fb0f846f9a2bd8d568db,full_annotation_v1,A,q_의류_08,의류 도매,패션·잡화 중 '의류'를 판매·제공하는 매장,train,의류,T3 개념확장,2d77245c-60f2-4038-adef-b0529f75ab07,가랑패션,도매(의류),평화시장,전통시장,서울특별시,,,
1074807240c228c13feb,full_annotation_v1,A,q_의류_08,의류 도매,패션·잡화 중 '의류'를 판매·제공하는 매장,train,의류,T3 개념확장,00128db8-b700-42b3-be50-1760b6c08487,자이세탁,의류세탁,신봉하나로 골목형상점가,골목형상점가,경기도,,,
b536ee8ff3c86074246b,full_annotation_v1,A,q_의류_08,의류 도매,패션·잡화 중 '의류'를 판매·제공하는 매장,train,의류,T3 개념확장,3d1a22f0-c3b4-4165-b341-d3d1487b12f4,영레이디,도매(의류),신평화패션타운,전통시장,서울특별시,,,
5ca7baad6c72443dd3d0,full_annotation_v1,A,q_의류_08,의류 도매,패션·잡화 중 '의류'를 판매·제공하는 매장,train,의류,T3 개념확장,bc59f180-160c-42fa-bed5-11e12133ef83,랠리,의류,풍2동 골목형상점가,골목형상점가,경기도,,,
35d33fb9ef0773868dba,full_annotation_v1,A,q_의류_08,의류 도매,패션·잡화 중 '의류'를 판매·제공하는 매장,train,의류,T3 개념확장,e693131d-5075-46cd-8857-0f1f34b330dd,우아미가구(대경가구),가구,왜관시장,전통시장,경상북도,,,
3220eb428f7c5fd41e98,full_annotation_v1,A,q_의류_08,의류 도매,패션·잡화 중 '의류'를 판매·제공하는 매장,train,의류,T3 개념확장,25d6ee40-a6e6-432a-b7e7-f7671746750d,기남상회,"과일, 도매",백년시장(구 강북종합전통시장),전통시장,서울특별시,,,
c313bdd94d4a0efce3ca,full_annotation_v1,A,q_의류_08,의류 도매,패션·잡화 중 '의류'를 판매·제공하는 매장,train,의류,T3 개념확장,a0983d30-fb5f-4cc4-837a-ce9376e14d2b,아론,도매(의류),통일상가,전통시장,서울특별시,,,
2c2735257712da40a408,full_annotation_v1,A,q_의류_08,의류 도매,패션·잡화 중 '의류'를 판매·제공하는 매장,train,의류,T3 개념확장,05ceaf94-c8e1-4ec6-9148-be979dc3614f,달인옷수선,수선,양산 덕계종합상설시장,전통시장,경상남도,,,
5c0040c76cfdc0d95acb,full_annotation_v1,A,q_의류_08,의류 도매,패션·잡화 중 '의류'를 판매·제공하는 매장,train,의류,T3 개념확장,2845d8eb-4b90-45b8-a4b2-d0571ca37047,베드로,도매(의류),신평화패션타운,전통시장,서울특별시,,,
83321b5c00c456ceda38,full_annotation_v1,A,q_의류_08,의류 도매,패션·잡화 중 '의류'를 판매·제공하는 매장,train,의류,T3 개념확장,00083664-fb4e-4e3b-bb0a-d9a0a1e8f87f,롯데세탁소,,와룡로 골목형상점가,골목형상점가,전북특별자치도,,,
9c7f4addea712a025ce1,full_annotation_v1,A,q_의류_08,의류 도매,패션·잡화 중 '의류'를 판매·제공하는 매장,train,의류,T3 개념확장,a98fde48-54c7-4688-a128-f87c5a074947,영복사,도매(의류),신평화패션타운,전통시장,서울특별시,,,
70fcbb7d0ebb0c6f6196,full_annotation_v1,A,q_의류_08,의류 도매,패션·잡화 중 '의류'를 판매·제공하는 매장,train,의류,T3 개념확장,ecce1965-e59a-40cc-872e-9775caf0f415,대동상회,도매 담배,진해중앙시장,전통시장,경상남도,,,
cec1c5bb63098058821d,full_annotation_v1,A,q_의류_08,의류 도매,패션·잡화 중 '의류'를 판매·제공하는 매장,train,의류,T3 개념확장,dc1aa4be-a0fe-425a-a6b7-15170fc842ff,국보상회,도매,부산남문시장,전통시장,부산광역시,,,
cf2539bda6bda2d8cb69,full_annotation_v1,A,q_의류_08,의류 도매,패션·잡화 중 '의류'를 판매·제공하는 매장,train,의류,T3 개념확장,7abe9bfa-9293-4295-b2b1-309393c65058,올킬,의류,부산대자율상권구역,,부산광역시,,,
75dcd97198b49aae7e74,full_annotation_v1,A,q_의류_08,의류 도매,패션·잡화 중 '의류'를 판매·제공하는 매장,train,의류,T3 개념확장,6d39760f-c29a-4c34-a378-21ae5aa6064d,한나네,도매(의류),통일상가,전통시장,서울특별시,,,
84a71645bffdb130c4dc,full_annotation_v1,A,q_의류_08,의류 도매,패션·잡화 중 '의류'를 판매·제공하는 매장,train,의류,T3 개념확장,43765f78-3ff1-4aed-a108-ffdb92db4f29,센존의류,의류,부평 문화의거리,전통시장,인천광역시,,,
1c2a428ca6d39559c155,full_annotation_v1,A,q_의류_08,의류 도매,패션·잡화 중 '의류'를 판매·제공하는 매장,train,의류,T3 개념확장,fc8b94ec-c28a-4ea3-85e7-0ea1889243c9,날개패션,도매(의류),평화시장,전통시장,서울특별시,,,
21b1a4e7fc68368bb086,full_annotation_v1,A,q_의류_08,의류 도매,패션·잡화 중 '의류'를 판매·제공하는 매장,train,의류,T3 개념확장,00c164d0-76c7-4e7a-9676-ecfdbb052077,크린토피아신창점,세탁,신창수문 골목형상점가,골목형상점가,광주광역시,,,
ade51a8de6e9a7def56d,full_annotation_v1,A,q_의류_08,의류 도매,패션·잡화 중 '의류'를 판매·제공하는 매장,train,의류,T3 개념확장,76abb76b-d19f-41ac-ad4d-26d32bffad62,수지,옷가게(의류),양산 나래메트로시티 골목형상점가,골목형상점가,경상남도,,,
d193b0f46d8ad7b1f760,full_annotation_v1,A,q_의류_08,의류 도매,패션·잡화 중 '의류'를 판매·제공하는 매장,train,의류,T3 개념확장,026c5d57-26e4-48c1-a181-862bcda8df43,블럭팡 아산탕정점,장난감,한들물빛도시 골목형 상점가,골목형상점가,충청남도,,,
c4c3c9c2c09d68c55261,full_annotation_v1,A,q_의류_08,의류 도매,패션·잡화 중 '의류'를 판매·제공하는 매장,train,의류,T3 개념확장,ff38d2e4-6c9d-428b-a1f8-0fb1ce21dccf,잔디불,"돈까스, 오징어덮밥",오!도봉거리상점가,자율상권구역,서울특별시,,,
f4a51f676e0f64d74577,full_annotation_v1,A,q_의류_08,의류 도매,패션·잡화 중 '의류'를 판매·제공하는 매장,train,의류,T3 개념확장,02edb9ce-a58f-4d06-a0f7-8f3af74e85d0,로보키즈,장난감대여,용봉지구 골목형상점가,골목형상점가,광주광역시,,,
9d42168998fccb7a7a90,full_annotation_v1,A,q_의류_08,의류 도매,패션·잡화 중 '의류'를 판매·제공하는 매장,train,의류,T3 개념확장,39554b95-1fea-47f8-9884-be96fe8de840,도린,의류,중앙로 지하상가 상점가,일반지하상점가,대전광역시,,,
fdc2fca325ccd82687d9,full_annotation_v1,A,q_의류_09,청바지,패션·잡화 중 '의류'를 판매·제공하는 매장,train,의류,T3 개념확장,2d9a91df-c256-4726-9e01-9e491c7b297a,블루,옷가게,전주중앙상가시장,전통시장,전북특별자치도,,,
d76d1498e061be84d20e,full_annotation_v1,A,q_의류_09,청바지,패션·잡화 중 '의류'를 판매·제공하는 매장,train,의류,T3 개념확장,157fb81f-e67a-483b-8415-b756543d4cf6,유아상사,장난감,㈜르네시떼,전통시장,부산광역시,,,
ab77cc7b5c81f3f71b6f,full_annotation_v1,A,q_의류_09,청바지,패션·잡화 중 '의류'를 판매·제공하는 매장,train,의류,T3 개념확장,014b6a30-fb19-4f0f-8ab0-5139e2368173,월드옷수선,의류수선,수원역전시장,전통시장,경기도,,,
59afcb6169b48eaaca39,full_annotation_v1,A,q_의류_09,청바지,패션·잡화 중 '의류'를 판매·제공하는 매장,train,의류,T3 개념확장,03a58cd8-1705-4bf2-8be7-3a160d1c25df,중앙수선,의복수선,중앙도매시장,전통시장,대전광역시,,,
6562e6c6970e2f04da9c,full_annotation_v1,A,q_의류_09,청바지,패션·잡화 중 '의류'를 판매·제공하는 매장,train,의류,T3 개념확장,00e9be42-1358-4d8a-91f4-119aaed2a77b,백경사,"작업복, 기성복, 안전화 등",부산진시장,전통시장,부산광역시,,,
d4906767359c596951fd,full_annotation_v1,A,q_의류_09,청바지,패션·잡화 중 '의류'를 판매·제공하는 매장,train,의류,T3 개념확장,00fd4bd1-180e-4d03-895c-331fb333c6e4,전주송천점폴햄,섬유 의복 신발 및 가죽제품,송천행복로 골목형상점가,골목형상점가,전북특별자치도,,,
091747975f55af74a81c,full_annotation_v1,A,q_의류_09,청바지,패션·잡화 중 '의류'를 판매·제공하는 매장,train,의류,T3 개념확장,306e5965-444b-4977-a06e-d2eb360a2881,씨큐(불티나),청바지,중앙로 지하상가 상점가,일반지하상점가,대전광역시,,,
73889b52e106919a55ec,full_annotation_v1,A,q_의류_09,청바지,패션·잡화 중 '의류'를 판매·제공하는 매장,train,의류,T3 개념확장,00083664-fb4e-4e3b-bb0a-d9a0a1e8f87f,롯데세탁소,,와룡로 골목형상점가,골목형상점가,전북특별자치도,,,
927ed8d7304cc4ddaa06,full_annotation_v1,A,q_의류_09,청바지,패션·잡화 중 '의류'를 판매·제공하는 매장,train,의류,T3 개념확장,d59280ec-2f49-432e-8093-c84fb3bbda4a,진스토리,청바지,중앙로 동문 상점가 골목형상점가,골목형상점가,경상북도,,,
d79c9184bf840b50e158,full_annotation_v1,A,q_의류_09,청바지,패션·잡화 중 '의류'를 판매·제공하는 매장,train,의류,T3 개념확장,7ca37e86-492a-4260-8171-cf2c086fb00a,청바지 창고,의류,의정부역지하상가,일반지하상점가,경기도,,,
3a873a5fac4e29c421b6,full_annotation_v1,A,q_의류_09,청바지,패션·잡화 중 '의류'를 판매·제공하는 매장,train,의류,T3 개념확장,00124602-ef4e-472c-91ee-de53b28d7530,화이트,의류,울산번개시장,전통시장,울산광역시,,,
5978e849558ff096bf39,full_annotation_v1,A,q_의류_09,청바지,패션·잡화 중 '의류'를 판매·제공하는 매장,train,의류,T3 개념확장,ca791752-bf7f-4a3e-8b52-fbc46cee0f9b,세일공방,액세서리,전주중앙상가시장,전통시장,전북특별자치도,,,
28ccfa9fe641ec05f444,full_annotation_v1,A,q_의류_09,청바지,패션·잡화 중 '의류'를 판매·제공하는 매장,train,의류,T3 개념확장,00128db8-b700-42b3-be50-1760b6c08487,자이세탁,의류세탁,신봉하나로 골목형상점가,골목형상점가,경기도,,,
58d42cd2f0222b15c482,full_annotation_v1,A,q_의류_09,청바지,패션·잡화 중 '의류'를 판매·제공하는 매장,train,의류,T3 개념확장,8ed5c7d7-8d66-4acf-892f-96b4b228dad4,커피좋아,음식점(커피),남구로시장,전통시장,서울특별시,,,
c83ca46b5a215e16467a,full_annotation_v1,A,q_의류_09,청바지,패션·잡화 중 '의류'를 판매·제공하는 매장,train,의류,T3 개념확장,0010d634-70b8-4627-8dea-822a9bb56922,라엘,여성의류,동산상가,전통시장,대구광역시,,,
f3d4763613fef64ecded,full_annotation_v1,A,q_의류_09,청바지,패션·잡화 중 '의류'를 판매·제공하는 매장,train,의류,T3 개념확장,d71f2a07-8894-4f1f-ab7e-5d3bef5feb97,간지청바지,의류,구리전통시장,전통시장,경기도,,,
f27426496cf690bbe1fb,full_annotation_v1,A,q_의류_09,청바지,패션·잡화 중 '의류'를 판매·제공하는 매장,train,의류,T3 개념확장,6648659d-f302-463e-843a-29c02c52e41c,청바지아울렛 쪼리,의류,금촌문화로시장,전통시장,경기도,,,
735ffea0118bf05c4032,full_annotation_v1,A,q_의류_09,청바지,패션·잡화 중 '의류'를 판매·제공하는 매장,train,의류,T3 개념확장,cf5177de-0f13-45a9-927a-06eb23592403,수도사,청바지,부산진시장,전통시장,부산광역시,,,
6b4b8381b30d3f89a218,full_annotation_v1,A,q_의류_09,청바지,패션·잡화 중 '의류'를 판매·제공하는 매장,train,의류,T3 개념확장,000a92b3-0b5e-429e-af00-f86e3570e24b,클로버,의류,관문상가시장,전통시장,대구광역시,,,
fd76c8c90a7eb30958ad,full_annotation_v1,A,q_의류_09,청바지,패션·잡화 중 '의류'를 판매·제공하는 매장,train,의류,T3 개념확장,3b9ec935-50b8-4c83-be6c-c87b42e78a37,빽바지,한식,치평동중흥상가상인회 골목형상점가,골목형상점가,광주광역시,,,
5beb676a6c78d22a9502,full_annotation_v1,A,q_의류_09,청바지,패션·잡화 중 '의류'를 판매·제공하는 매장,train,의류,T3 개념확장,cc2a1608-e7d8-4192-9ce6-875a1a36f8b3,잉걸스,청바지,춘천중앙시장,전통시장,강원특별자치도,,,
dcf325b66bcc6e3d99a5,full_annotation_v1,A,q_의류_09,청바지,패션·잡화 중 '의류'를 판매·제공하는 매장,train,의류,T3 개념확장,f0e66e1d-b193-4d0c-b90e-bd9c880208da,소통애 의정부직영점,육류,의정부시 구도심 상권활성화구역,상권활성화구역,경기도,,,
6b215ca178a70da109ec,full_annotation_v1,A,q_의류_09,청바지,패션·잡화 중 '의류'를 판매·제공하는 매장,train,의류,T3 개념확장,7e00ef6c-508d-4d12-8cf9-8ac061582c33,마레,여성복,영주문화시장,전통시장,경상북도,,,
42e4994f82913a3c3cc0,full_annotation_v1,A,q_의류_09,청바지,패션·잡화 중 '의류'를 판매·제공하는 매장,train,의류,T3 개념확장,033fc658-a256-42a6-8ebf-24763bc43ba1,신광컴퓨터세탁소,세탁소,대야 골목형상점가,골목형상점가,전북특별자치도,,,
67e098f23dc336518169,full_annotation_v1,A,q_의류_09,청바지,패션·잡화 중 '의류'를 판매·제공하는 매장,train,의류,T3 개념확장,7ce358a2-bea7-4af3-af49-393e1b6b084e,상어청바지,의류,춘천지하상가,일반지하상점가,강원특별자치도,,,
4143c27cdb110b7a640e,full_annotation_v1,A,q_의류_09,청바지,패션·잡화 중 '의류'를 판매·제공하는 매장,train,의류,T3 개념확장,05ceaf94-c8e1-4ec6-9148-be979dc3614f,달인옷수선,수선,양산 덕계종합상설시장,전통시장,경상남도,,,
0950873c5edd5a042d59,full_annotation_v1,A,q_의류_09,청바지,패션·잡화 중 '의류'를 판매·제공하는 매장,train,의류,T3 개념확장,512a7463-c2d0-429f-8df6-d5efe55c7bf5,경주 옷가게 털보형제들,,경주중심상가,전통시장,경상북도,,,
37a7a0b0e3dbccb6a6ce,full_annotation_v1,A,q_의류_09,청바지,패션·잡화 중 '의류'를 판매·제공하는 매장,train,의류,T3 개념확장,1cb52ef8-7125-461e-9961-c1ae1888652a,나운해물마당,한식,군산동백로 나운상가 골목형상점가,골목형상점가,전북특별자치도,,,
19a0ec07786290e69316,full_annotation_v1,A,q_의류_09,청바지,패션·잡화 중 '의류'를 판매·제공하는 매장,train,의류,T3 개념확장,f46cdda8-6489-40b0-84b3-13255fa501a7,안양청바지적매장,의류,안양중앙인정시장,전통시장,경기도,,,
d41ef6a8b812ff665c1d,full_annotation_v1,A,q_의류_09,청바지,패션·잡화 중 '의류'를 판매·제공하는 매장,train,의류,T3 개념확장,f572f171-e1a9-4818-bd21-4c7601eea9ed,청바지,치킨,직산읍삼은1번가골목형상점가,골목형상점가,충청남도,,,
d791f16db249f2bf0d8c,full_annotation_v1,A,q_의류_09,청바지,패션·잡화 중 '의류'를 판매·제공하는 매장,train,의류,T3 개념확장,9f4626f0-9d1a-411e-a605-c016410beb04,청바지코너,의류(바지),양동복개상가,전통시장,,,,
b85387a37a2ecb9deb51,full_annotation_v1,A,q_의류_09,청바지,패션·잡화 중 '의류'를 판매·제공하는 매장,train,의류,T3 개념확장,019c9868-92c6-4e25-b2ea-903f322c9acf,맡겨봐신발세탁,세탁,임동 골목형상점가,골목형상점가,광주광역시,,,
6c74315d65645f54c0fa,full_annotation_v1,A,q_의류_09,청바지,패션·잡화 중 '의류'를 판매·제공하는 매장,train,의류,T3 개념확장,7c9c1f7c-983a-4320-991c-8ebd7dc719dd,두연사,청바지,남대문시장,전통시장,서울특별시,,,
e3749954b95382961654,full_annotation_v1,A,q_의류_09,청바지,패션·잡화 중 '의류'를 판매·제공하는 매장,train,의류,T3 개념확장,80bc0e99-56c7-460e-96e1-6f0b6e515974,신영청바지,의류,평택통복시장,전통시장,경기도,,,
4da8425b05798549bedb,full_annotation_v1,A,q_의류_09,청바지,패션·잡화 중 '의류'를 판매·제공하는 매장,train,의류,T3 개념확장,f7f3bf07-b91c-4b16-9c02-88106df259c0,로즈마리,의류,의정부역지하상가,일반지하상점가,경기도,,,
cd4276031211d759db69,full_annotation_v1,A,q_의류_09,청바지,패션·잡화 중 '의류'를 판매·제공하는 매장,train,의류,T3 개념확장,0304511e-62e7-4e31-8d19-61a115ffaa76,깔롱쟁이,의복,봉선1로 골목형상점가,골목형상점가,광주광역시,,,
302a43c466e00305d50b,full_annotation_v1,A,q_의류_09,청바지,패션·잡화 중 '의류'를 판매·제공하는 매장,train,의류,T3 개념확장,05291547-c22d-430e-95c2-e31bda19a90a,슈퍼타이 본점,세탁,월드시티상가 골목형상점가,골목형상점가,울산광역시,,,
8a84c292c31c578b80ec,full_annotation_v1,A,q_의류_09,청바지,패션·잡화 중 '의류'를 판매·제공하는 매장,train,의류,T3 개념확장,df4204b9-0c91-42ce-b9bb-57ea2f702c31,별천지,한식,상무원마륵상인회 골목형상점가,골목형상점가,광주광역시,,,
6bac552510acc9427544,full_annotation_v1,A,q_의류_09,청바지,패션·잡화 중 '의류'를 판매·제공하는 매장,train,의류,T3 개념확장,67e56541-2248-491f-ac39-6c6b10e18756,금산수삼센터20호,수삼,금산수삼센터,전통시장,충청남도,,,
5087e4e4df902a0ac341,full_annotation_v1,A,q_의류_09,청바지,패션·잡화 중 '의류'를 판매·제공하는 매장,train,의류,T3 개념확장,5e617800-a89a-475c-a9f3-6970643fd19e,써니청바지,의류,공항골목시장골목형상점가,골목형상점가,서울특별시,,,
ac527bb75b794fd2588d,full_annotation_v1,A,q_의류_09,청바지,패션·잡화 중 '의류'를 판매·제공하는 매장,train,의류,T3 개념확장,4f949eba-b350-4d58-8222-ec011ce450eb,영바지,의류,역전지하상가,일반지하상점가,대전광역시,,,
c204122b06931b798a5f,full_annotation_v1,A,q_의류_09,청바지,패션·잡화 중 '의류'를 판매·제공하는 매장,train,의류,T3 개념확장,013a01ba-2abc-42d5-9f1b-e0708f0a806b,경남,의류(기타 의복 소매),부산진시장,전통시장,부산광역시,,,
b28c38495af71e06f6ab,full_annotation_v1,A,q_의류_09,청바지,패션·잡화 중 '의류'를 판매·제공하는 매장,train,의류,T3 개념확장,00054f1d-4cae-4345-9975-1423bc49e4dc,착한아이들,의류,중앙전통시장,전통시장,울산광역시,,,
377eabbac13800c039be,full_annotation_v1,A,q_의류_09,청바지,패션·잡화 중 '의류'를 판매·제공하는 매장,train,의류,T3 개념확장,026c5d57-26e4-48c1-a181-862bcda8df43,블럭팡 아산탕정점,장난감,한들물빛도시 골목형 상점가,골목형상점가,충청남도,,,
937d9f594a1bf9647101,full_annotation_v1,A,q_의류_09,청바지,패션·잡화 중 '의류'를 판매·제공하는 매장,train,의류,T3 개념확장,4c787a99-4b1c-4386-82c7-811f19ea1345,뱅뱅,청바지,설악로데오거리상점가,자율상권구역,강원특별자치도,,,
4d6e39d10b35cf796ddb,full_annotation_v1,A,q_의류_09,청바지,패션·잡화 중 '의류'를 판매·제공하는 매장,train,의류,T3 개념확장,6be835ff-5d5e-45a1-a67f-f3c644eaa218,커피815,커피숍,모래내골목형상점가,골목형상점가,전북특별자치도,,,
909a61b82f36551f7e25,full_annotation_v1,A,q_의류_09,청바지,패션·잡화 중 '의류'를 판매·제공하는 매장,train,의류,T3 개념확장,00fc2b18-ffa0-45b1-b03a-af61257944a9,충일구두수선,구두수선,충주무학시장,전통시장,충청북도,,,
69cf7d7441cf2f16a699,full_annotation_v1,A,q_의류_09,청바지,패션·잡화 중 '의류'를 판매·제공하는 매장,train,의류,T3 개념확장,00c164d0-76c7-4e7a-9676-ecfdbb052077,크린토피아신창점,세탁,신창수문 골목형상점가,골목형상점가,광주광역시,,,
df651b5216244d4aaedc,full_annotation_v1,A,q_의류_09,청바지,패션·잡화 중 '의류'를 판매·제공하는 매장,train,의류,T3 개념확장,011975e6-5c12-42c3-9d7d-81f8eba753c7,러브아트,홈패션,공주산성시장,전통시장,충청남도,,,
a514f741ea811d5e2d46,full_annotation_v1,A,q_의류_09,청바지,패션·잡화 중 '의류'를 판매·제공하는 매장,train,의류,T3 개념확장,03938df9-3e91-4681-9dac-e5687a891dd2,가방가게,패션잡화,순천원도심상점가,자율상권구역,전라남도,,,
a2265cd5ed678e178fb3,full_annotation_v1,A,q_의류_09,청바지,패션·잡화 중 '의류'를 판매·제공하는 매장,train,의류,T3 개념확장,014602ec-34d6-41db-98d1-f7941ce5c2da,밝은 세탁,수선,노대물빛근린공원 골목형상점가,골목형상점가,광주광역시,,,
1b517590525a80d6ba9f,full_annotation_v1,A,q_의류_09,청바지,패션·잡화 중 '의류'를 판매·제공하는 매장,train,의류,T3 개념확장,8d85bb4c-3997-4775-b991-18cb64217133,가방청바지리폼전문점,수선,강릉중앙시장,전통시장,강원특별자치도,,,
3203d79ffe21c0d3e284,full_annotation_v1,A,q_의류_09,청바지,패션·잡화 중 '의류'를 판매·제공하는 매장,train,의류,T3 개념확장,21084d1e-9376-4f5d-87e4-c1639ca55add,리바이스,청바지,칠성로상점가,자율상권구역,제주특별자치도,,,
dc3cb623541d0d7a3ff8,full_annotation_v1,A,q_의류_09,청바지,패션·잡화 중 '의류'를 판매·제공하는 매장,train,의류,T3 개념확장,03cf59c3-0bce-43ff-9df1-14e946a2bd29,금산트라이,"모자, 가방, 패션잡화",금산중앙로상점가,자율상권구역,충청남도,,,
6fd24dcf75793f8cafda,full_annotation_v1,A,q_의류_09,청바지,패션·잡화 중 '의류'를 판매·제공하는 매장,train,의류,T3 개념확장,1e8fadfa-1675-41cc-9bf7-348b3013fe75,형제청바지,의류,동원전통시장상점가,자율상권구역,서울특별시,,,
24b8901d6fef82846805,full_annotation_v1,A,q_의류_09,청바지,패션·잡화 중 '의류'를 판매·제공하는 매장,train,의류,T3 개념확장,43bd5c09-5b78-4634-a19b-7942c13014c9,꽃샘바지,의류,전주모래내시장,전통시장,전북특별자치도,,,
8081d30362fb778e61ea,full_annotation_v1,A,q_의류_09,청바지,패션·잡화 중 '의류'를 판매·제공하는 매장,train,의류,T3 개념확장,4cc01f1d-138f-4bdb-8c2b-35a104a3b917,은화수식당,경양식,안성명동거리 골목형상점가,골목형상점가,경기도,,,
4af75458cd61c0835065,full_annotation_v1,A,q_의류_09,청바지,패션·잡화 중 '의류'를 판매·제공하는 매장,train,의류,T3 개념확장,023821e8-c092-426a-aaf3-3f1d79d747a9,진짜바지,의류,태백중앙로상점가,자율상권구역,강원특별자치도,,,
fd8adb495607c1a00643,full_annotation_v1,A,q_의류_09,청바지,패션·잡화 중 '의류'를 판매·제공하는 매장,train,의류,T3 개념확장,d6958a4c-9524-43a1-8735-b856064085fc,빨강바지,의류,동인천지하상가(동인천지하아케이드),일반지하상점가,인천광역시,,,
0767daa0e033e7455031,full_annotation_v1,A,q_의류_09,청바지,패션·잡화 중 '의류'를 판매·제공하는 매장,train,의류,T3 개념확장,8aafde6c-1179-4f85-94e8-9e6716cfef41,작은공간,의류,부천한신시장,전통시장,경기도,,,
0008fc2840dc35b8b02c,full_annotation_v1,A,q_의류_09,청바지,패션·잡화 중 '의류'를 판매·제공하는 매장,train,의류,T3 개념확장,c22a9a77-e542-4c76-b655-b821d92701df,청바지세상,여성의류,구리전통시장,전통시장,경기도,,,
3d6297447aefa21b814e,full_annotation_v1,A,q_의류_09,청바지,패션·잡화 중 '의류'를 판매·제공하는 매장,train,의류,T3 개념확장,02edb9ce-a58f-4d06-a0f7-8f3af74e85d0,로보키즈,장난감대여,용봉지구 골목형상점가,골목형상점가,광주광역시,,,
e8f80d79be9ed969e06b,full_annotation_v1,A,q_의류_09,청바지,패션·잡화 중 '의류'를 판매·제공하는 매장,train,의류,T3 개념확장,19302821-2b5d-4d61-860c-0328418dc8e2,또와,기성복,아트프라자,자율상권구역,서울특별시,,,
3c7071d270127e0ae04f,full_annotation_v1,A,q_의류_09,청바지,패션·잡화 중 '의류'를 판매·제공하는 매장,train,의류,T3 개념확장,8a06ed6f-04f7-4f90-bf34-4c1c3648559f,레드청바지,청바지,대현프리몰 대구점,일반지하상점가,대구광역시,,,
714765067731ab1fe98c,full_annotation_v1,A,q_의류_09,청바지,패션·잡화 중 '의류'를 판매·제공하는 매장,train,의류,T3 개념확장,6b796f41-6f3b-4539-a8a5-6c5dad7b0721,꽉낀청바지,의류,오산오색시장(구 오산중앙시장),전통시장,경기도,,,
bf8e49dc1e1254294087,full_annotation_v1,A,q_의류_09,청바지,패션·잡화 중 '의류'를 판매·제공하는 매장,train,의류,T3 개념확장,1eb07bc2-1b6f-4d43-aba1-1a7e96409c98,퍼블릭107,의류,순천중앙시장,전통시장,전라남도,,,
6c785864354c45f23add,full_annotation_v1,A,q_의류_09,청바지,패션·잡화 중 '의류'를 판매·제공하는 매장,train,의류,T3 개념확장,42da2568-ad3c-4d72-870d-665b5fd51fe5,청바지전문점,여성의류,용인중앙시장,전통시장,경기도,,,
211c2d0e8105b221b505,full_annotation_v1,A,q_의류_09,청바지,패션·잡화 중 '의류'를 판매·제공하는 매장,train,의류,T3 개념확장,18d014d4-5a51-42bb-b2ba-6beabc2404db,BABI (바비),"의류 청바지, 티셔츠, 원피스, 자켓 및 악세사리",의정부로데오상점가,자율상권구역,경기도,,,
b94e04c5ddd039eb9392,full_annotation_v1,A,q_의류_09,청바지,패션·잡화 중 '의류'를 판매·제공하는 매장,train,의류,T3 개념확장,62bda783-929a-4b02-b30b-1f00f96aebea,세운청바지코너,의류,상주중앙시장,전통시장,경상북도,,,
bc3872a2758b001749fe,full_annotation_v1,A,q_의류_09,청바지,패션·잡화 중 '의류'를 판매·제공하는 매장,train,의류,T3 개념확장,f4f4e29a-a973-4e3e-aecb-400a158a9fbf,청바지전문점,청바지,쌍용먹자패션거리 골목형상점가,골목형상점가,충청남도,,,
4e59ff8e897105635d91,full_annotation_v1,A,q_의류_09,청바지,패션·잡화 중 '의류'를 판매·제공하는 매장,train,의류,T3 개념확장,76abb76b-d19f-41ac-ad4d-26d32bffad62,수지,옷가게(의류),양산 나래메트로시티 골목형상점가,골목형상점가,경상남도,,,
afd824418cedea920a28,full_annotation_v1,A,q_의류_09,청바지,패션·잡화 중 '의류'를 판매·제공하는 매장,train,의류,T3 개념확장,40795a3d-a379-45eb-bb2f-43a40ca43fb4,홰바지,회,거제시장,전통시장,부산광역시,,,
147012207cd266d0f6fd,full_annotation_v1,A,q_의류_09,청바지,패션·잡화 중 '의류'를 판매·제공하는 매장,train,의류,T3 개념확장,007c84b4-7b91-431f-9cf2-61f2ac4a13b4,빛나크리닝,세탁업,삼각동 골목형상점가,골목형상점가,광주광역시,,,
e1dd87a091c2dd3038c3,full_annotation_v1,A,q_의류_09,청바지,패션·잡화 중 '의류'를 판매·제공하는 매장,train,의류,T3 개념확장,0cd4e040-9521-44ca-809c-d51f100e9356,토이빌리지,유아완구.장난감,석교동 이웃마루 골목형상점가,골목형상점가,대전광역시,,,
f23384b9b9716547e618,full_annotation_v1,A,q_의류_09,청바지,패션·잡화 중 '의류'를 판매·제공하는 매장,train,의류,T3 개념확장,469a2618-2e3e-45dc-9df0-421118ef6374,청바지상회(빅토리청바지),외의,보령중앙시장,전통시장,충청남도,,,
df9450ab244722090b93,full_annotation_v1,A,q_의류_09,청바지,패션·잡화 중 '의류'를 판매·제공하는 매장,train,의류,T3 개념확장,00158f51-4d3a-4ac0-9e38-b37552f5e097,지지배,의류,나주금빛상점가,자율상권구역,전라남도,,,
3bd85dbde5e002f4925a,full_annotation_v1,A,q_의류_09,청바지,패션·잡화 중 '의류'를 판매·제공하는 매장,train,의류,T3 개념확장,1aa4a3d6-e915-4e20-9123-d4319c81ceb6,덕진상회,농산물,가락몰골목형상점가,골목형상점가,서울특별시,,,
6c2ddc3daf34ddf701f1,full_annotation_v1,A,q_의류_09,청바지,패션·잡화 중 '의류'를 판매·제공하는 매장,train,의류,T3 개념확장,98cdf3e5-5ad6-4d6b-be49-ae26238af44f,구미 옷가게 슬릭앤코(SLEEK AND CO),,문화로 자율상권구역,,경상북도,,,
b66eeaae614f6bbb48a4,full_annotation_v1,A,q_의류_09,청바지,패션·잡화 중 '의류'를 판매·제공하는 매장,train,의류,T3 개념확장,023923b8-1217-420d-94da-1dbed6318c95,두올수선,옷수선,부평대아지하상점가,일반지하상점가,인천광역시,,,
5f291977a59551ad7949,full_annotation_v1,A,q_의류_09,청바지,패션·잡화 중 '의류'를 판매·제공하는 매장,train,의류,T3 개념확장,53776ad6-4a97-4445-b7f6-e236725c5048,대박옷가게,옷가게,안동광석거리 골목형상점가,골목형상점가,경상북도,,,
0ffcd4dbc3bf146df9bc,full_annotation_v1,A,q_의류_09,청바지,패션·잡화 중 '의류'를 판매·제공하는 매장,train,의류,T3 개념확장,9aced0a9-f943-48f5-8a74-91b521ec3a5b,딕스골프,의류,영주문화시장,전통시장,경상북도,,,
2bb7f18526343759f7f4,full_annotation_v1,A,q_의류_09,청바지,패션·잡화 중 '의류'를 판매·제공하는 매장,train,의류,T3 개념확장,0213d775-a9ba-4c68-8b2b-ee3ed98c4d46,썬라이즈,기터의복,진주 중앙상점가,자율상권구역,경상남도,,,
3a2f59c5a624fafcc420,full_annotation_v1,A,q_의류_09,청바지,패션·잡화 중 '의류'를 판매·제공하는 매장,train,의류,T3 개념확장,75c14b8e-9fec-4f1c-8442-87ddd4c9e1af,소영 청바지전문,의류,장림골목시장,전통시장,부산광역시,,,
ad138fcbd76914d22ad7,full_annotation_v1,A,q_의류_09,청바지,패션·잡화 중 '의류'를 판매·제공하는 매장,train,의류,T3 개념확장,00c60bef-93f3-4d19-a8e8-aeae0ef0fe43,이삭의상실,"패션디자인마춤양장, 스포츠이류및용품",군산 원도심 골목형상점가,골목형상점가,전북특별자치도,,,
e5f88826c7e21359fdd5,full_annotation_v1,A,q_의류_09,청바지,패션·잡화 중 '의류'를 판매·제공하는 매장,train,의류,T3 개념확장,05e6b9e7-3971-4a4f-b541-26089f913728,민지의상실,수선,제천중앙시장,전통시장,충청북도,,,
14eff6a01490a1790864,full_annotation_v1,A,q_의류_09,청바지,패션·잡화 중 '의류'를 판매·제공하는 매장,train,의류,T3 개념확장,02db4104-b701-453b-a7ef-cf0c3014ffde,광명디자인,수선,서문시장아진상가,전통시장,대구광역시,,,
a1e5cc3f0ab4281a568f,full_annotation_v1,A,q_의류_09,청바지,패션·잡화 중 '의류'를 판매·제공하는 매장,train,의류,T3 개념확장,b791f457-3db5-4dfb-b5f7-c9685d3c0994,토탈청바지매장,의류,덕풍전통시장,전통시장,경기도,,,
795ccae57bd2dd05c603,full_annotation_v1,A,q_의류_09,청바지,패션·잡화 중 '의류'를 판매·제공하는 매장,train,의류,T3 개념확장,09b55ffd-48d2-4cf4-a1d9-1d13cc7a7de7,오리온,기성복,남대문시장,전통시장,서울특별시,,,
14381214f0cea6c431c9,full_annotation_v1,A,q_의류_09,청바지,패션·잡화 중 '의류'를 판매·제공하는 매장,train,의류,T3 개념확장,abbff5af-4024-4561-8cde-182a10d81f5f,제원,청바지,고투몰(강남터미널지하도상점가),일반지하상점가,서울특별시,,,
3843a455e800b666e927,full_annotation_v1,A,q_의류_09,청바지,패션·잡화 중 '의류'를 판매·제공하는 매장,train,의류,T3 개념확장,07db0235-e6d4-45bf-8a47-ab8b01f06574,럭키블럭,장난감,연제초 앞 골목형상점가,골목형상점가,광주광역시,,,
96d65a12811cfcc686dc,full_annotation_v1,A,q_의류_09,청바지,패션·잡화 중 '의류'를 판매·제공하는 매장,train,의류,T3 개념확장,03052be2-67e1-48ff-a71f-63500facd038,윤순영패션,,용대로119번길 골목형상점가,골목형상점가,,,,
08f83ce0546ac445bcf8,full_annotation_v1,A,q_의류_09,청바지,패션·잡화 중 '의류'를 판매·제공하는 매장,train,의류,T3 개념확장,02851047-7760-4cdb-b811-74f6dff245bd,에덴의상실,수선,돈암시장,전통시장,서울특별시,,,
d1eb281bbfa49d9a4914,full_annotation_v1,A,q_의류_09,청바지,패션·잡화 중 '의류'를 판매·제공하는 매장,train,의류,T3 개념확장,0ab4febb-1ab2-42cf-aae3-53c528083921,에스텔라,의류(기성복),평화로상가,자율상권구역,경상북도,,,
1b1a1aa53c108ca757b3,full_annotation_v1,A,q_의류_09,청바지,패션·잡화 중 '의류'를 판매·제공하는 매장,train,의류,T3 개념확장,e08bb8bd-f9d9-4181-8fc5-89359beb4f75,주옷사랑,속옷청바지 잠옷 기타 의류,백운시장,전통시장,서울특별시,,,
267a1afcc140902509a0,full_annotation_v1,A,q_의류_09,청바지,패션·잡화 중 '의류'를 판매·제공하는 매장,train,의류,T3 개념확장,9aaa427b-735b-4a26-8f4c-eebf93213049,평화청바지,의류 등,전주신중앙시장(구 중앙버드나무시장),전통시장,전북특별자치도,,,
38dcf504d6b4d44776fd,full_annotation_v1,A,q_의류_09,청바지,패션·잡화 중 '의류'를 판매·제공하는 매장,train,의류,T3 개념확장,04aacab6-be8f-4470-b58d-33d49bec0a4f,한스,도소매(기성복),통일상가,전통시장,서울특별시,,,
397584330ee9525fe036,full_annotation_v1,A,q_의류_09,청바지,패션·잡화 중 '의류'를 판매·제공하는 매장,train,의류,T3 개념확장,03159423-3cb1-401e-af77-89751a639bb8,주홍,바지,아트프라자,자율상권구역,서울특별시,,,
de21a12c63997c1c6f51,full_annotation_v1,A,q_의류_09,청바지,패션·잡화 중 '의류'를 판매·제공하는 매장,train,의류,T3 개념확장,1943c599-6590-4dc5-8d6c-39bf7bf95dc1,쪼리,"청바지, 악세사리",경주중심상가,전통시장,경상북도,,,
ef03df75c3f3153960bf,full_annotation_v1,A,q_의류_09,청바지,패션·잡화 중 '의류'를 판매·제공하는 매장,train,의류,T3 개념확장,6d1273e4-fc0a-485c-9384-fdf70a1955f7,강능청바지,의류,제천중앙시장,전통시장,충청북도,,,
c14f6dd695891aef14e5,full_annotation_v1,A,q_의류_09,청바지,패션·잡화 중 '의류'를 판매·제공하는 매장,train,의류,T3 개념확장,000a5a26-66b9-432f-bb77-247655765f2b,백조섬유,여성의류,서문시장 제5지구,전통시장,대구광역시,,,
577bac01c07cc8b41479,full_annotation_v1,A,q_의류_09,청바지,패션·잡화 중 '의류'를 판매·제공하는 매장,train,의류,T3 개념확장,5342ac0d-ee14-4480-ac45-3581665fe882,게스 익산점,청바지의류가방,익산 다e로움 상권활성화구역,상권활성화구역,전북특별자치도,,,
38108e2ff9eab66863e7,full_annotation_v1,A,q_의류_09,청바지,패션·잡화 중 '의류'를 판매·제공하는 매장,train,의류,T3 개념확장,63287e13-0c41-4d9f-841c-ccaec406901a,부덕이네 국밥,한식,군산동백로 나운상가 골목형상점가,골목형상점가,전북특별자치도,,,
82147503aca3a17e4955,full_annotation_v1,A,q_의류_09,청바지,패션·잡화 중 '의류'를 판매·제공하는 매장,train,의류,T3 개념확장,078f51c7-dbe7-46b5-9089-2e2824e6553c,장흥수산,낙지 홍어 바지락,대인시장,전통시장,광주광역시,,,
b9e3d0b0b482bad5f2b5,full_annotation_v1,A,q_의류_09,청바지,패션·잡화 중 '의류'를 판매·제공하는 매장,train,의류,T3 개념확장,e1ad1112-07c7-41c8-9a65-2fe7b52a2523,우아살롱 헤어&두피,두발미용,나성동 골목형상점가,골목형상점가,세종특별자치시,,,
5d1360e7f2fb93e02ec1,full_annotation_v1,A,q_의류_09,청바지,패션·잡화 중 '의류'를 판매·제공하는 매장,train,의류,T3 개념확장,0743783e-8456-40b3-8ece-e592d976b7af,데님647,청바지,백년소상공인,기타,서울특별시,,,
218a974cfcc384dbd47f,full_annotation_v1,A,q_의류_09,청바지,패션·잡화 중 '의류'를 판매·제공하는 매장,train,의류,T3 개념확장,00172c94-61f0-4197-afeb-d7e8187c79b5,옷이예쁘다,의류,메트로센터(반월당지하쇼핑),일반지하상점가,대구광역시,,,
e304044bd4f9db870743,full_annotation_v1,A,q_의류_10,아이 옷 파는 곳,패션·잡화 중 '의류'를 판매·제공하는 매장,train,의류,T4 구어·문장,09b55ffd-48d2-4cf4-a1d9-1d13cc7a7de7,오리온,기성복,남대문시장,전통시장,서울특별시,,,
f98383aba450e7adcbdd,full_annotation_v1,A,q_의류_10,아이 옷 파는 곳,패션·잡화 중 '의류'를 판매·제공하는 매장,train,의류,T4 구어·문장,00124602-ef4e-472c-91ee-de53b28d7530,화이트,의류,울산번개시장,전통시장,울산광역시,,,
df1176b7a96e3b9f89a3,full_annotation_v1,A,q_의류_10,아이 옷 파는 곳,패션·잡화 중 '의류'를 판매·제공하는 매장,train,의류,T4 구어·문장,a82b0806-ede7-4f56-82bf-73c681b34283,S패션,옷,창동골목시장,전통시장,서울특별시,,,
5995066c7c501aee6d0d,full_annotation_v1,A,q_의류_10,아이 옷 파는 곳,패션·잡화 중 '의류'를 판매·제공하는 매장,train,의류,T4 구어·문장,b7b3a948-d86d-45e1-afb8-c2791b7bd118,샵오구이,옷,상무연하상인회 골목형상점가,골목형상점가,광주광역시,,,
d31bd42e491f3e8edbc6,full_annotation_v1,A,q_의류_10,아이 옷 파는 곳,패션·잡화 중 '의류'를 판매·제공하는 매장,train,의류,T4 구어·문장,00128db8-b700-42b3-be50-1760b6c08487,자이세탁,의류세탁,신봉하나로 골목형상점가,골목형상점가,경기도,,,
5947cf15df25ff83cc41,full_annotation_v1,A,q_의류_10,아이 옷 파는 곳,패션·잡화 중 '의류'를 판매·제공하는 매장,train,의류,T4 구어·문장,396e0bad-c963-445c-9105-d48a52029e3c,로즈마리,옷,원주자유시장,전통시장,강원특별자치도,,,
c27f8d584afd2779083c,full_annotation_v1,A,q_의류_10,아이 옷 파는 곳,패션·잡화 중 '의류'를 판매·제공하는 매장,train,의류,T4 구어·문장,000a5a26-66b9-432f-bb77-247655765f2b,백조섬유,여성의류,서문시장 제5지구,전통시장,대구광역시,,,
efb9e4125f4164737ccb,full_annotation_v1,A,q_의류_10,아이 옷 파는 곳,패션·잡화 중 '의류'를 판매·제공하는 매장,train,의류,T4 구어·문장,03a58cd8-1705-4bf2-8be7-3a160d1c25df,중앙수선,의복수선,중앙도매시장,전통시장,대전광역시,,,
7771f2abe23aadef861b,full_annotation_v1,A,q_의류_10,아이 옷 파는 곳,패션·잡화 중 '의류'를 판매·제공하는 매장,train,의류,T4 구어·문장,c2fb9d36-b157-4d37-94eb-852345a0ae39,베스띠벨리,옷,운천호수공원상인회 골목형상점가,골목형상점가,광주광역시,,,
dd503df1022dc3e86bdd,full_annotation_v1,A,q_의류_10,아이 옷 파는 곳,패션·잡화 중 '의류'를 판매·제공하는 매장,train,의류,T4 구어·문장,03159423-3cb1-401e-af77-89751a639bb8,주홍,바지,아트프라자,자율상권구역,서울특별시,,,
baa9be1b3304aea8c6b0,full_annotation_v1,A,q_의류_10,아이 옷 파는 곳,패션·잡화 중 '의류'를 판매·제공하는 매장,train,의류,T4 구어·문장,63e4c97e-2b2d-4f3a-9f59-325531fd7d40,마리,옷,동해남부재래시장,전통시장,강원특별자치도,,,
d749983ce0ee8a525341,full_annotation_v1,A,q_의류_10,아이 옷 파는 곳,패션·잡화 중 '의류'를 판매·제공하는 매장,train,의류,T4 구어·문장,14daa23a-a837-4b01-971e-a5ed23961d00,우민수산,,남부민냉동수산물센터,자율상권구역,부산광역시,,,
1c3715e236e4c3aa375f,full_annotation_v1,A,q_의류_10,아이 옷 파는 곳,패션·잡화 중 '의류'를 판매·제공하는 매장,train,의류,T4 구어·문장,1cb45600-6cbf-48d3-b899-d7b7182c2b71,민지옷장,의류,중앙로 지하상가 상점가,일반지하상점가,대전광역시,,,
258cb2ba511873de6fe8,full_annotation_v1,A,q_의류_10,아이 옷 파는 곳,패션·잡화 중 '의류'를 판매·제공하는 매장,train,의류,T4 구어·문장,0304511e-62e7-4e31-8d19-61a115ffaa76,깔롱쟁이,의복,봉선1로 골목형상점가,골목형상점가,광주광역시,,,
42e6f9b8d1998a1cf6ab,full_annotation_v1,A,q_의류_10,아이 옷 파는 곳,패션·잡화 중 '의류'를 판매·제공하는 매장,train,의류,T4 구어·문장,1aaae2d7-d449-4aef-87af-abd9e9547770,에벤에셀,옷,은행나무시장(구시흥중앙시장),전통시장,서울특별시,,,
246b77caa35c7065dba9,full_annotation_v1,A,q_의류_10,아이 옷 파는 곳,패션·잡화 중 '의류'를 판매·제공하는 매장,train,의류,T4 구어·문장,383f8dc3-42ba-4533-aa9b-a4c9b6a861a0,아이 봄 안경콘택트,,장성읍 골목형상점가,골목형상점가,전라남도,,,
09e13d8fdc7a4c2c6ea6,full_annotation_v1,A,q_의류_10,아이 옷 파는 곳,패션·잡화 중 '의류'를 판매·제공하는 매장,train,의류,T4 구어·문장,00054f1d-4cae-4345-9975-1423bc49e4dc,착한아이들,의류,중앙전통시장,전통시장,울산광역시,,,
a468ce498feaf78a7a51,full_annotation_v1,A,q_의류_10,아이 옷 파는 곳,패션·잡화 중 '의류'를 판매·제공하는 매장,train,의류,T4 구어·문장,019c9868-92c6-4e25-b2ea-903f322c9acf,맡겨봐신발세탁,세탁,임동 골목형상점가,골목형상점가,광주광역시,,,
cf90e8a420c95d47c44f,full_annotation_v1,A,q_의류_10,아이 옷 파는 곳,패션·잡화 중 '의류'를 판매·제공하는 매장,train,의류,T4 구어·문장,157fb81f-e67a-483b-8415-b756543d4cf6,유아상사,장난감,㈜르네시떼,전통시장,부산광역시,,,
ea9f7f2827735465c463,full_annotation_v1,A,q_의류_10,아이 옷 파는 곳,패션·잡화 중 '의류'를 판매·제공하는 매장,train,의류,T4 구어·문장,05e6b9e7-3971-4a4f-b541-26089f913728,민지의상실,수선,제천중앙시장,전통시장,충청북도,,,
e506f0e70289e5fd1410,full_annotation_v1,A,q_의류_10,아이 옷 파는 곳,패션·잡화 중 '의류'를 판매·제공하는 매장,train,의류,T4 구어·문장,c3897094-d371-426e-aa8f-b16b9d6f9941,꽁이강쥐,옷,화봉시장(화봉종합시장),전통시장,울산광역시,,,
a38e01716c12c73189fa,full_annotation_v1,A,q_의류_10,아이 옷 파는 곳,패션·잡화 중 '의류'를 판매·제공하는 매장,train,의류,T4 구어·문장,b8db8c8c-b47f-4d70-902a-a4b18d8dbb2e,아이-뷰 안경,안경점,464번길 골목형상점가,골목형상점가,부산광역시,,,
bd54f74c8dcf4fbfc63e,full_annotation_v1,A,q_의류_10,아이 옷 파는 곳,패션·잡화 중 '의류'를 판매·제공하는 매장,train,의류,T4 구어·문장,7973d4b3-a8f7-40c8-a7d6-76a1f25519af,아이아이,의류,남대문시장,전통시장,서울특별시,,,
ecf00f6342a3bf0df703,full_annotation_v1,A,q_의류_10,아이 옷 파는 곳,패션·잡화 중 '의류'를 판매·제공하는 매장,train,의류,T4 구어·문장,7b072214-dae6-41c7-a5fe-8f8c64d98339,체리,옷,신정상가시장,전통시장,울산광역시,,,
f551a27f272b99586d84,full_annotation_v1,A,q_의류_10,아이 옷 파는 곳,패션·잡화 중 '의류'를 판매·제공하는 매장,train,의류,T4 구어·문장,10cf99d8-a820-4c81-8c3b-3d12c6c6feb8,K2,옷,덕이동패션1번지,전통시장,경기도,,,
b9002527d9183f05a9b7,full_annotation_v1,A,q_의류_10,아이 옷 파는 곳,패션·잡화 중 '의류'를 판매·제공하는 매장,train,의류,T4 구어·문장,07db0235-e6d4-45bf-8a47-ab8b01f06574,럭키블럭,장난감,연제초 앞 골목형상점가,골목형상점가,광주광역시,,,
6b6ffe59c5ca699d5071,full_annotation_v1,A,q_의류_10,아이 옷 파는 곳,패션·잡화 중 '의류'를 판매·제공하는 매장,train,의류,T4 구어·문장,0ab4febb-1ab2-42cf-aae3-53c528083921,에스텔라,의류(기성복),평화로상가,자율상권구역,경상북도,,,
11ce7b9b4e300b37bf0e,full_annotation_v1,A,q_의류_10,아이 옷 파는 곳,패션·잡화 중 '의류'를 판매·제공하는 매장,train,의류,T4 구어·문장,54cd6b0c-c599-4c6a-92e3-c21325676362,주방의 아이,주방용품,안양관양시장,전통시장,경기도,,,
0f554bbe86ce96b0efe2,full_annotation_v1,A,q_의류_10,아이 옷 파는 곳,패션·잡화 중 '의류'를 판매·제공하는 매장,train,의류,T4 구어·문장,00172c94-61f0-4197-afeb-d7e8187c79b5,옷이예쁘다,의류,메트로센터(반월당지하쇼핑),일반지하상점가,대구광역시,,,
f4cfea7a960ad14f402a,full_annotation_v1,A,q_의류_10,아이 옷 파는 곳,패션·잡화 중 '의류'를 판매·제공하는 매장,train,의류,T4 구어·문장,0329ae89-cc96-41bc-b7b1-4c5255b46dda,네파,옷,덕이동패션1번지,전통시장,경기도,,,
6f09adb7f4bc5982c067,full_annotation_v1,A,q_의류_10,아이 옷 파는 곳,패션·잡화 중 '의류'를 판매·제공하는 매장,train,의류,T4 구어·문장,0213d775-a9ba-4c68-8b2b-ee3ed98c4d46,썬라이즈,기터의복,진주 중앙상점가,자율상권구역,경상남도,,,
c144d5d91dfca8703fd9,full_annotation_v1,A,q_의류_10,아이 옷 파는 곳,패션·잡화 중 '의류'를 판매·제공하는 매장,train,의류,T4 구어·문장,0f822c7a-7ae1-4224-90af-bc8c5014c8be,이영희침구,침구,섬유제품관,전통시장,대구광역시,,,
202afd551b6b62746c43,full_annotation_v1,A,q_의류_10,아이 옷 파는 곳,패션·잡화 중 '의류'를 판매·제공하는 매장,train,의류,T4 구어·문장,5f7a9931-6680-4fcb-882a-78cddd3ad0f3,실브,옷,부평깡통시장(구 부산부평시장),전통시장,부산광역시,,,
c374100d026532b745b0,full_annotation_v1,A,q_의류_10,아이 옷 파는 곳,패션·잡화 중 '의류'를 판매·제공하는 매장,train,의류,T4 구어·문장,af8b55f9-c514-45ff-bfae-b794c2b0b89a,좋은:아이,미용,성황당길골목형상점가,골목형상점가,서울특별시,,,
238b36c78c83b51ef19b,full_annotation_v1,A,q_의류_10,아이 옷 파는 곳,패션·잡화 중 '의류'를 판매·제공하는 매장,train,의류,T4 구어·문장,2b932ca9-68a9-43ac-b4e8-91e5a92e1344,야시주름전문점,옷,창원 성원그랜드쇼핑상가,전통시장,경상남도,,,
fc53154338db41c44cec,full_annotation_v1,A,q_의류_10,아이 옷 파는 곳,패션·잡화 중 '의류'를 판매·제공하는 매장,train,의류,T4 구어·문장,095aba53-ccaa-48b1-924d-c15d6edd8bf3,지오지아덕이점,옷,덕이동패션1번지,전통시장,경기도,,,
0a1be947d2ea3409be85,full_annotation_v1,A,q_의류_10,아이 옷 파는 곳,패션·잡화 중 '의류'를 판매·제공하는 매장,train,의류,T4 구어·문장,10a861e2-8717-40d5-8bab-79fd68d83a8e,라온,옷,풍암SK.광명상가상인회 골목형상점가,골목형상점가,광주광역시,,,
0c2f63c9924d0705706a,full_annotation_v1,A,q_의류_10,아이 옷 파는 곳,패션·잡화 중 '의류'를 판매·제공하는 매장,train,의류,T4 구어·문장,e31d4049-65dc-4b56-9dc9-ff073b0dd0d9,제니언니,옷,서문시장2지구 종합상가,전통시장,대구광역시,,,
2be7b595671411f02426,full_annotation_v1,A,q_의류_10,아이 옷 파는 곳,패션·잡화 중 '의류'를 판매·제공하는 매장,train,의류,T4 구어·문장,a69be704-f0e1-48d2-8b51-4f95fbf285a9,뽀솜이,옷,가재마을 골목형상점가,골목형상점가,세종특별자치시,,,
263f0de45ca1f6a1ba50,full_annotation_v1,A,q_의류_10,아이 옷 파는 곳,패션·잡화 중 '의류'를 판매·제공하는 매장,train,의류,T4 구어·문장,cb1862d4-f9d9-4ac8-a3d8-0632e11e8865,골목아이,,호매실역중심상가 골목형상점가,골목형상점가,경기도,,,
aa18e4e5e3161d16f437,full_annotation_v1,A,q_의류_10,아이 옷 파는 곳,패션·잡화 중 '의류'를 판매·제공하는 매장,train,의류,T4 구어·문장,0846944b-937c-4cde-b26e-9b3156c12276,날개,옷,동해남부재래시장,전통시장,강원특별자치도,,,
ab8294b70bc0ebc3d24f,full_annotation_v1,A,q_의류_10,아이 옷 파는 곳,패션·잡화 중 '의류'를 판매·제공하는 매장,train,의류,T4 구어·문장,a38b846e-2154-4e65-91ef-e79ea6687571,뜨락,의류,마산 부림지하상가시장,일반지하상점가,경상남도,,,
11abbffb4c2e53931e28,full_annotation_v1,A,q_의류_10,아이 옷 파는 곳,패션·잡화 중 '의류'를 판매·제공하는 매장,train,의류,T4 구어·문장,033fc658-a256-42a6-8ebf-24763bc43ba1,신광컴퓨터세탁소,세탁소,대야 골목형상점가,골목형상점가,전북특별자치도,,,
b36ca65f537f1ef59251,full_annotation_v1,A,q_의류_10,아이 옷 파는 곳,패션·잡화 중 '의류'를 판매·제공하는 매장,train,의류,T4 구어·문장,00083664-fb4e-4e3b-bb0a-d9a0a1e8f87f,롯데세탁소,,와룡로 골목형상점가,골목형상점가,전북특별자치도,,,
17c81d8bbf34c8e6c351,full_annotation_v1,A,q_의류_10,아이 옷 파는 곳,패션·잡화 중 '의류'를 판매·제공하는 매장,train,의류,T4 구어·문장,0d962cb0-9e7a-4c65-a83e-50ca752476c4,다이나핏,옷,공주산성 활성화구역,전통시장,충청남도,,,
30a4832c66a8f3905fe4,full_annotation_v1,A,q_의류_10,아이 옷 파는 곳,패션·잡화 중 '의류'를 판매·제공하는 매장,train,의류,T4 구어·문장,6ef9edd7-938c-4678-8ae7-8f80abc0e8c4,니끼다,옷,서문시장2지구 종합상가,전통시장,대구광역시,,,
da4828b0501447c2943d,full_annotation_v1,A,q_의류_10,아이 옷 파는 곳,패션·잡화 중 '의류'를 판매·제공하는 매장,train,의류,T4 구어·문장,2c2fe59d-d3c8-47f6-ac99-d1b7b44875ee,애플,옷,동산상가,전통시장,대구광역시,,,
d2b72e103a7dc7ca06f4,full_annotation_v1,A,q_의류_10,아이 옷 파는 곳,패션·잡화 중 '의류'를 판매·제공하는 매장,train,의류,T4 구어·문장,916dd581-9795-44a6-a044-e206709803a4,센띠미엔또,옷,문화의거리 상점가,자율상권구역,울산광역시,,,
c7f362d8bbe34ad15633,full_annotation_v1,A,q_의류_10,아이 옷 파는 곳,패션·잡화 중 '의류'를 판매·제공하는 매장,train,의류,T4 구어·문장,5f59c153-0ca4-4ba4-9f1c-e59663f9e5e2,꽃파는 카페 가배화,꽃가게,맛조이상인회 골목형상점가,골목형상점가,광주광역시,,,
0538afeae9b48a4963c8,full_annotation_v1,A,q_의류_10,아이 옷 파는 곳,패션·잡화 중 '의류'를 판매·제공하는 매장,train,의류,T4 구어·문장,bd165bc3-a60b-481b-8760-5bce00a3cf4f,흥국옷수선,옷,흥국상가,자율상권구역,전라남도,,,
53ea290e85fe5ad9fc2e,full_annotation_v1,A,q_의류_10,아이 옷 파는 곳,패션·잡화 중 '의류'를 판매·제공하는 매장,train,의류,T4 구어·문장,32c42c1b-45d5-4679-97ee-9eafe613b030,가음정라보라,옷,창원 가음정시장,전통시장,경상남도,,,
fe579588307380ae3292,full_annotation_v1,A,q_의류_10,아이 옷 파는 곳,패션·잡화 중 '의류'를 판매·제공하는 매장,train,의류,T4 구어·문장,76abb76b-d19f-41ac-ad4d-26d32bffad62,수지,옷가게(의류),양산 나래메트로시티 골목형상점가,골목형상점가,경상남도,,,
1d5f64fe490e40835461,full_annotation_v1,A,q_의류_10,아이 옷 파는 곳,패션·잡화 중 '의류'를 판매·제공하는 매장,train,의류,T4 구어·문장,2a1a27b5-6e8b-44a1-8971-a48abe0305fb,핑,옷,덕이동메인타운상점가(구 덕이동로데오메인타운),자율상권구역,경기도,,,
9166f9434b55e794200c,full_annotation_v1,A,q_의류_10,아이 옷 파는 곳,패션·잡화 중 '의류'를 판매·제공하는 매장,train,의류,T4 구어·문장,446cabfa-55f7-49b8-ba99-23f8c0b5dc25,과일야채,농산물,정릉시장,전통시장,서울특별시,,,
3f718f28634697a24c36,full_annotation_v1,A,q_의류_10,아이 옷 파는 곳,패션·잡화 중 '의류'를 판매·제공하는 매장,train,의류,T4 구어·문장,927b32d1-27ca-4664-b0a3-102c233b5137,카라,옷,연일전통시장,전통시장,경상북도,,,
bfbc500f7f75b3b63a81,full_annotation_v1,A,q_의류_10,아이 옷 파는 곳,패션·잡화 중 '의류'를 판매·제공하는 매장,train,의류,T4 구어·문장,b59b9921-a1c3-4d2a-8014-6e5ee9e60d38,행복2,옷,새동인천지하상가,일반지하상점가,인천광역시,,,
8327e991b51133cd400a,full_annotation_v1,A,q_의류_10,아이 옷 파는 곳,패션·잡화 중 '의류'를 판매·제공하는 매장,train,의류,T4 구어·문장,420fd618-4255-4a98-bdf0-6fa2c4289d8a,마리,옷,홍대소상공인 상점가,자율상권구역,서울특별시,,,
4aae8f986000aa097963,full_annotation_v1,A,q_의류_10,아이 옷 파는 곳,패션·잡화 중 '의류'를 판매·제공하는 매장,train,의류,T4 구어·문장,28803a3e-c28c-4eca-82ea-3b2dcfa6d3b3,대도양품,옷,자유도매시장,전통시장,대전광역시,,,
150642024efa6b2007eb,full_annotation_v1,A,q_의류_10,아이 옷 파는 곳,패션·잡화 중 '의류'를 판매·제공하는 매장,train,의류,T4 구어·문장,c4a55028-6ed6-494d-88be-1e9c4aa1fa52,올리브,옷,동림1 골목형상점가,골목형상점가,광주광역시,,,
698569578b66635d5f35,full_annotation_v1,A,q_의류_10,아이 옷 파는 곳,패션·잡화 중 '의류'를 판매·제공하는 매장,train,의류,T4 구어·문장,afdd18fe-178a-4464-bb55-84bf8a01b443,모던,옷,원종고강제일시장(부천제일시장),전통시장,경기도,,,
30810fea4f19c83641c6,full_annotation_v1,A,q_의류_10,아이 옷 파는 곳,패션·잡화 중 '의류'를 판매·제공하는 매장,train,의류,T4 구어·문장,03938df9-3e91-4681-9dac-e5687a891dd2,가방가게,패션잡화,순천원도심상점가,자율상권구역,전라남도,,,
391d35f3eb11c9a9206a,full_annotation_v1,A,q_의류_10,아이 옷 파는 곳,패션·잡화 중 '의류'를 판매·제공하는 매장,train,의류,T4 구어·문장,cfad3883-5ed0-4847-b638-5e20d56e8947,초크,옷,㈜르네시떼,전통시장,부산광역시,,,
26f1ea228c68aa3e5559,full_annotation_v1,A,q_의류_10,아이 옷 파는 곳,패션·잡화 중 '의류'를 판매·제공하는 매장,train,의류,T4 구어·문장,05cabc7b-3281-4448-97ab-352e2a4c2a7e,우진상회,메리야스,서문시장 제5지구,전통시장,대구광역시,,,
3709b5022cce9d672583,full_annotation_v1,A,q_의류_10,아이 옷 파는 곳,패션·잡화 중 '의류'를 판매·제공하는 매장,train,의류,T4 구어·문장,d4f6af99-d63c-41b4-80e3-b448c5515697,꿈아이,,삼익패션타운,전통시장,서울특별시,,,
cfe06045a8717f8cf482,full_annotation_v1,A,q_의류_10,아이 옷 파는 곳,패션·잡화 중 '의류'를 판매·제공하는 매장,train,의류,T4 구어·문장,832da01b-a7e4-4938-acd2-8ba76cd32d4b,아라미,옷,오치2동 골목형상점가,골목형상점가,광주광역시,,,
a7e473526f4e978200dd,full_annotation_v1,A,q_의류_10,아이 옷 파는 곳,패션·잡화 중 '의류'를 판매·제공하는 매장,train,의류,T4 구어·문장,00fc2b18-ffa0-45b1-b03a-af61257944a9,충일구두수선,구두수선,충주무학시장,전통시장,충청북도,,,
a80d930ea38a319544ce,full_annotation_v1,A,q_의류_10,아이 옷 파는 곳,패션·잡화 중 '의류'를 판매·제공하는 매장,train,의류,T4 구어·문장,19302821-2b5d-4d61-860c-0328418dc8e2,또와,기성복,아트프라자,자율상권구역,서울특별시,,,
6bad92e59e0083a69371,full_annotation_v1,A,q_의류_10,아이 옷 파는 곳,패션·잡화 중 '의류'를 판매·제공하는 매장,train,의류,T4 구어·문장,76a3551b-dae4-4326-92cc-662015aedbfb,쉴 곳,한식,칠성로상점가,자율상권구역,제주특별자치도,,,
c05735cdbfc0633406f2,full_annotation_v1,A,q_의류_10,아이 옷 파는 곳,패션·잡화 중 '의류'를 판매·제공하는 매장,train,의류,T4 구어·문장,00fd4bd1-180e-4d03-895c-331fb333c6e4,전주송천점폴햄,섬유 의복 신발 및 가죽제품,송천행복로 골목형상점가,골목형상점가,전북특별자치도,,,
aeb22e6e20173b0ee8e1,full_annotation_v1,A,q_의류_10,아이 옷 파는 곳,패션·잡화 중 '의류'를 판매·제공하는 매장,train,의류,T4 구어·문장,0cd4e040-9521-44ca-809c-d51f100e9356,토이빌리지,유아완구.장난감,석교동 이웃마루 골목형상점가,골목형상점가,대전광역시,,,
f084f0c87434683eeec2,full_annotation_v1,A,q_의류_10,아이 옷 파는 곳,패션·잡화 중 '의류'를 판매·제공하는 매장,train,의류,T4 구어·문장,000a92b3-0b5e-429e-af00-f86e3570e24b,클로버,의류,관문상가시장,전통시장,대구광역시,,,
90c04f44719498181815,full_annotation_v1,A,q_의류_10,아이 옷 파는 곳,패션·잡화 중 '의류'를 판매·제공하는 매장,train,의류,T4 구어·문장,f4015506-d56c-4894-8a72-39fb86efec9c,리나홈패션,옷,오치1동(제2지역:북부소방서 사거리) 골목형상점가,골목형상점가,광주광역시,,,
3417ea55cb1b14e5396c,full_annotation_v1,A,q_의류_10,아이 옷 파는 곳,패션·잡화 중 '의류'를 판매·제공하는 매장,train,의류,T4 구어·문장,2743811c-5e71-4d2b-aa75-1b0147d44f2d,사우 꽃이 피는 곳,꽃,김포 풍년마을 골목형상점가,골목형상점가,경기도,,,
5576856baf5b582ce3b7,full_annotation_v1,A,q_의류_10,아이 옷 파는 곳,패션·잡화 중 '의류'를 판매·제공하는 매장,train,의류,T4 구어·문장,101f067b-9256-4c87-aa09-8190370d38ae,서울상회,옷,교동시장1길 상점가,자율상권구역,대구광역시,,,
d7e6dc4ed066229331b1,full_annotation_v1,A,q_의류_10,아이 옷 파는 곳,패션·잡화 중 '의류'를 판매·제공하는 매장,train,의류,T4 구어·문장,0010d634-70b8-4627-8dea-822a9bb56922,라엘,여성의류,동산상가,전통시장,대구광역시,,,
675595b7f6feb662852e,full_annotation_v1,A,q_의류_10,아이 옷 파는 곳,패션·잡화 중 '의류'를 판매·제공하는 매장,train,의류,T4 구어·문장,222b1cff-a8fa-4d7b-bd7a-e6bc028182f9,초이스,옷,부평깡통시장(구 부산부평시장),전통시장,부산광역시,,,
eebc2ec8388e6a4125d7,full_annotation_v1,A,q_의류_10,아이 옷 파는 곳,패션·잡화 중 '의류'를 판매·제공하는 매장,train,의류,T4 구어·문장,0743783e-8456-40b3-8ece-e592d976b7af,데님647,청바지,백년소상공인,기타,서울특별시,,,
97b8176ed2070b231828,full_annotation_v1,A,q_의류_10,아이 옷 파는 곳,패션·잡화 중 '의류'를 판매·제공하는 매장,train,의류,T4 구어·문장,3af9369c-1627-4640-9e24-2a80170f1ef6,파크랜드,옷,서천읍 군사리 골목형상점가,골목형상점가,충청남도,,,
f816f58897935521f821,full_annotation_v1,A,q_의류_10,아이 옷 파는 곳,패션·잡화 중 '의류'를 판매·제공하는 매장,train,의류,T4 구어·문장,011975e6-5c12-42c3-9d7d-81f8eba753c7,러브아트,홈패션,공주산성시장,전통시장,충청남도,,,
d5d46547d89aaa39f92e,full_annotation_v1,A,q_의류_10,아이 옷 파는 곳,패션·잡화 중 '의류'를 판매·제공하는 매장,train,의류,T4 구어·문장,00158f51-4d3a-4ac0-9e38-b37552f5e097,지지배,의류,나주금빛상점가,자율상권구역,전라남도,,,
6e29b67061a538512bc9,full_annotation_v1,A,q_의류_10,아이 옷 파는 곳,패션·잡화 중 '의류'를 판매·제공하는 매장,train,의류,T4 구어·문장,c4ac84b6-3fcd-4951-a194-4f77dc696991,픽미픽미아이스 송정골드테라스점,아이스크림 음료 과자,다같이 울산송정 골목형상점가,골목형상점가,울산광역시,,,
60f425fcca1ce47d4cbf,full_annotation_v1,A,q_의류_10,아이 옷 파는 곳,패션·잡화 중 '의류'를 판매·제공하는 매장,train,의류,T4 구어·문장,007c84b4-7b91-431f-9cf2-61f2ac4a13b4,빛나크리닝,세탁업,삼각동 골목형상점가,골목형상점가,광주광역시,,,
ce19a35b8f9e68f34873,full_annotation_v1,A,q_의류_10,아이 옷 파는 곳,패션·잡화 중 '의류'를 판매·제공하는 매장,train,의류,T4 구어·문장,026c5d57-26e4-48c1-a181-862bcda8df43,블럭팡 아산탕정점,장난감,한들물빛도시 골목형 상점가,골목형상점가,충청남도,,,
cd26b86036da304ae875,full_annotation_v1,A,q_의류_10,아이 옷 파는 곳,패션·잡화 중 '의류'를 판매·제공하는 매장,train,의류,T4 구어·문장,ffd7248d-a2ca-42d9-837e-04d04a4d300d,인천상회,옷,남원용남시장,전통시장,전북특별자치도,,,
37971209849d8b1a5d00,full_annotation_v1,A,q_의류_10,아이 옷 파는 곳,패션·잡화 중 '의류'를 판매·제공하는 매장,train,의류,T4 구어·문장,2959fcf4-7f22-4161-b67a-68dbd988e97b,스타일,옷,진잠 골목형상점가,골목형상점가,대전광역시,,,
0eca5d3ea4f03f4da166,full_annotation_v1,A,q_의류_10,아이 옷 파는 곳,패션·잡화 중 '의류'를 판매·제공하는 매장,train,의류,T4 구어·문장,9e5a4c9e-1230-40fd-8813-0b5798a46648,수,옷,황지자유시장,전통시장,강원특별자치도,,,
1bc8fcb011377e52b8e2,full_annotation_v1,A,q_의류_10,아이 옷 파는 곳,패션·잡화 중 '의류'를 판매·제공하는 매장,train,의류,T4 구어·문장,03052be2-67e1-48ff-a71f-63500facd038,윤순영패션,,용대로119번길 골목형상점가,골목형상점가,,,,
6a440a4597e21e49c4a1,full_annotation_v1,A,q_의류_10,아이 옷 파는 곳,패션·잡화 중 '의류'를 판매·제공하는 매장,train,의류,T4 구어·문장,69ec3562-fe8f-48e3-8556-f38f0723d8bb,아이,의류잡화,정이있는 구포시장,전통시장,부산광역시,,,
65e8647cd8d2d20adb19,full_annotation_v1,A,q_의류_10,아이 옷 파는 곳,패션·잡화 중 '의류'를 판매·제공하는 매장,train,의류,T4 구어·문장,a7fd5769-219a-4c05-9b5f-a9474ac43d46,소풍,옷,루원이음길 골목형상점가,골목형상점가,인천광역시,,,
70fba5fd7d4db2d087cf,full_annotation_v1,A,q_의류_10,아이 옷 파는 곳,패션·잡화 중 '의류'를 판매·제공하는 매장,train,의류,T4 구어·문장,8c470ffc-8f1a-4794-b837-dd59bb2e86ee,바이혀니,옷,조암시장,전통시장,경기도,,,
efb29c66762232723a7b,full_annotation_v1,A,q_의류_10,아이 옷 파는 곳,패션·잡화 중 '의류'를 판매·제공하는 매장,train,의류,T4 구어·문장,d8bcea05-84ee-4c48-a547-041916842238,블랙야크,옷,송하동 골목형상점가,골목형상점가,광주광역시,,,
8979fba422383cf87a5e,full_annotation_v1,A,q_의류_10,아이 옷 파는 곳,패션·잡화 중 '의류'를 판매·제공하는 매장,train,의류,T4 구어·문장,2d9a91df-c256-4726-9e01-9e491c7b297a,블루,옷가게,전주중앙상가시장,전통시장,전북특별자치도,,,
d1a0693e0c03b8c0a2c7,full_annotation_v1,A,q_의류_10,아이 옷 파는 곳,패션·잡화 중 '의류'를 판매·제공하는 매장,train,의류,T4 구어·문장,c8d1f4b4-034e-4e38-a2ac-242d29d2de0f,아이 브로우 유,,관저상가 골목형상점가,골목형상점가,대전광역시,,,
f3aa3f1af0432d60c48b,full_annotation_v1,A,q_의류_10,아이 옷 파는 곳,패션·잡화 중 '의류'를 판매·제공하는 매장,train,의류,T4 구어·문장,73f471e1-ad28-4255-8286-2c1fa7bbb29e,여성크로커다일,옷,익산중앙상점가,골목형상점가,전북특별자치도,,,
bb4dfd35e22d5d1ff8f1,full_annotation_v1,A,q_의류_10,아이 옷 파는 곳,패션·잡화 중 '의류'를 판매·제공하는 매장,train,의류,T4 구어·문장,9abffc7e-051d-4f6b-9e79-11136376f574,크림,옷,동산상가,전통시장,대구광역시,,,
bf2fa0f69eeea1225ae3,full_annotation_v1,A,q_의류_10,아이 옷 파는 곳,패션·잡화 중 '의류'를 판매·제공하는 매장,train,의류,T4 구어·문장,18d014d4-5a51-42bb-b2ba-6beabc2404db,BABI (바비),"의류 청바지, 티셔츠, 원피스, 자켓 및 악세사리",의정부로데오상점가,자율상권구역,경기도,,,
3b13d2fa7dc8f1287c93,full_annotation_v1,A,q_의류_10,아이 옷 파는 곳,패션·잡화 중 '의류'를 판매·제공하는 매장,train,의류,T4 구어·문장,1943c599-6590-4dc5-8d6c-39bf7bf95dc1,쪼리,"청바지, 악세사리",경주중심상가,전통시장,경상북도,,,
e7cad9666a46019375de,full_annotation_v1,A,q_의류_10,아이 옷 파는 곳,패션·잡화 중 '의류'를 판매·제공하는 매장,train,의류,T4 구어·문장,914cd9d9-30b1-4722-b47f-d7f82e69c067,아이 신선해,정육 수산 청과 야채,중흥 골목형상점가,골목형상점가,부산광역시,,,
31b04e0d163a4a5c62ca,full_annotation_v1,A,q_의류_10,아이 옷 파는 곳,패션·잡화 중 '의류'를 판매·제공하는 매장,train,의류,T4 구어·문장,014602ec-34d6-41db-98d1-f7941ce5c2da,밝은 세탁,수선,노대물빛근린공원 골목형상점가,골목형상점가,광주광역시,,,
e75252e623444566cfe7,full_annotation_v1,A,q_의류_10,아이 옷 파는 곳,패션·잡화 중 '의류'를 판매·제공하는 매장,train,의류,T4 구어·문장,7ce0c62f-697e-42cc-94e1-dfde876c4b79,아이(eye4),미용,진부전통시장,전통시장,강원특별자치도,,,
4579b33f91f26372b50c,full_annotation_v1,A,q_의류_10,아이 옷 파는 곳,패션·잡화 중 '의류'를 판매·제공하는 매장,train,의류,T4 구어·문장,00c60bef-93f3-4d19-a8e8-aeae0ef0fe43,이삭의상실,"패션디자인마춤양장, 스포츠이류및용품",군산 원도심 골목형상점가,골목형상점가,전북특별자치도,,,
52c434eaa696caa25608,full_annotation_v1,A,q_의류_10,아이 옷 파는 곳,패션·잡화 중 '의류'를 판매·제공하는 매장,train,의류,T4 구어·문장,aa53e7d5-1ecb-4a64-a2a1-697def97ba14,이시카와 아이,,행리단길 골목형상점가,골목형상점가,경기도,,,
85db3049980e2cd21df8,full_annotation_v1,A,q_의류_10,아이 옷 파는 곳,패션·잡화 중 '의류'를 판매·제공하는 매장,train,의류,T4 구어·문장,6bf7d4d1-0596-40dd-8ff8-2c635c15f6ab,초이스#,옷,당진원시가지상가,자율상권구역,충청남도,,,
c6a8883d01bca2647596,full_annotation_v1,A,q_의류_10,아이 옷 파는 곳,패션·잡화 중 '의류'를 판매·제공하는 매장,train,의류,T4 구어·문장,939e2d54-588c-42ba-9ca9-f38d11ab9e3f,튀는 아이,공예 숙녀복,봉선1로 골목형상점가,골목형상점가,광주광역시,,,
1cf3a25b29a5531f277c,full_annotation_v1,A,q_의류_10,아이 옷 파는 곳,패션·잡화 중 '의류'를 판매·제공하는 매장,train,의류,T4 구어·문장,3d5956d4-0ca8-4f79-be24-a0e2c9286c9e,더곱따,옷,장성읍 골목형상점가,골목형상점가,전라남도,,,
3be4ce0d6b387eb8ef42,full_annotation_v1,A,q_의류_10,아이 옷 파는 곳,패션·잡화 중 '의류'를 판매·제공하는 매장,train,의류,T4 구어·문장,f8429997-e424-47ae-b431-fa736294f922,중앙아식스대리점,옷,중앙전통시장,전통시장,울산광역시,,,
9d4985d73db7982a86f9,full_annotation_v1,A,q_의류_10,아이 옷 파는 곳,패션·잡화 중 '의류'를 판매·제공하는 매장,train,의류,T4 구어·문장,00e9be42-1358-4d8a-91f4-119aaed2a77b,백경사,"작업복, 기성복, 안전화 등",부산진시장,전통시장,부산광역시,,,
ca96f89f72580423df42,full_annotation_v1,A,q_의류_10,아이 옷 파는 곳,패션·잡화 중 '의류'를 판매·제공하는 매장,train,의류,T4 구어·문장,be9f8c61-892c-48ed-a49d-b63bd032c025,소곳,의류,고투몰(강남터미널지하도상점가),일반지하상점가,서울특별시,,,
1c1dc57297c8dff6f6ef,full_annotation_v1,A,q_의류_10,아이 옷 파는 곳,패션·잡화 중 '의류'를 판매·제공하는 매장,train,의류,T4 구어·문장,02851047-7760-4cdb-b811-74f6dff245bd,에덴의상실,수선,돈암시장,전통시장,서울특별시,,,
02b0f275c2fc4617ce20,full_annotation_v1,A,q_의류_10,아이 옷 파는 곳,패션·잡화 중 '의류'를 판매·제공하는 매장,train,의류,T4 구어·문장,68331905-ce0e-4544-a338-03c530ceef03,수블리,옷,양주신산시장마을상점가,골목형상점가,경기도,,,
de4efa047ea9bd1c112e,full_annotation_v1,A,q_의류_10,아이 옷 파는 곳,패션·잡화 중 '의류'를 판매·제공하는 매장,train,의류,T4 구어·문장,ced7438f-97f3-4a67-b74e-63e525f4f26b,포쉬발레무용학원,발레,다같이 울산송정 골목형상점가,골목형상점가,울산광역시,,,
a524f6ffcbfd1cf00c71,full_annotation_v1,A,q_의류_10,아이 옷 파는 곳,패션·잡화 중 '의류'를 판매·제공하는 매장,train,의류,T4 구어·문장,05ceaf94-c8e1-4ec6-9148-be979dc3614f,달인옷수선,수선,양산 덕계종합상설시장,전통시장,경상남도,,,
84a1b69dca4d9d0c8567,full_annotation_v1,A,q_의류_10,아이 옷 파는 곳,패션·잡화 중 '의류'를 판매·제공하는 매장,train,의류,T4 구어·문장,03cf59c3-0bce-43ff-9df1-14e946a2bd29,금산트라이,"모자, 가방, 패션잡화",금산중앙로상점가,자율상권구역,충청남도,,,
2c48e039473dcc9da248,full_annotation_v1,A,q_의류_10,아이 옷 파는 곳,패션·잡화 중 '의류'를 판매·제공하는 매장,train,의류,T4 구어·문장,d1ae6bf9-4e46-470d-b872-710693467a3d,꼼빠니아,옷,덕이동패션1번지,전통시장,경기도,,,
9131fcc89040d12bb682,full_annotation_v1,A,q_의류_10,아이 옷 파는 곳,패션·잡화 중 '의류'를 판매·제공하는 매장,train,의류,T4 구어·문장,04aacab6-be8f-4470-b58d-33d49bec0a4f,한스,도소매(기성복),통일상가,전통시장,서울특별시,,,
cf1e6ca0709c7d730e2a,full_annotation_v1,A,q_의류_10,아이 옷 파는 곳,패션·잡화 중 '의류'를 판매·제공하는 매장,train,의류,T4 구어·문장,2b0d6a08-b76b-4c29-a692-80a15ab9f12e,그랏츠,옷,부평깡통시장(구 부산부평시장),전통시장,부산광역시,,,
7c2c94bd42362d1960a6,full_annotation_v1,A,q_의류_10,아이 옷 파는 곳,패션·잡화 중 '의류'를 판매·제공하는 매장,train,의류,T4 구어·문장,39fd1650-1c45-4a9f-b58d-552f33082d64,미센스,여성복,경주중심상가,전통시장,경상북도,,,
1681073e5ab5bb873dba,full_annotation_v1,A,q_의류_10,아이 옷 파는 곳,패션·잡화 중 '의류'를 판매·제공하는 매장,train,의류,T4 구어·문장,ac7b2f5d-646b-44e2-a850-a869cbb8fcc0,요조숙녀,옷,우치서하로 골목형상점가,골목형상점가,광주광역시,,,
eea6e9eca6ff57f6342f,full_annotation_v1,A,q_의류_10,아이 옷 파는 곳,패션·잡화 중 '의류'를 판매·제공하는 매장,train,의류,T4 구어·문장,6702c44f-743f-4a82-a486-762c643027a2,야채파는 총각,농산물,구리전통시장,전통시장,경기도,,,
393cb122a6894dab2e7d,full_annotation_v1,A,q_의류_10,아이 옷 파는 곳,패션·잡화 중 '의류'를 판매·제공하는 매장,train,의류,T4 구어·문장,512a7463-c2d0-429f-8df6-d5efe55c7bf5,경주 옷가게 털보형제들,,경주중심상가,전통시장,경상북도,,,
9608f02ceb35993b4cbc,full_annotation_v1,A,q_의류_10,아이 옷 파는 곳,패션·잡화 중 '의류'를 판매·제공하는 매장,train,의류,T4 구어·문장,26220224-2c69-49c4-998f-cf019e71f136,토야,옷,중앙전통시장,전통시장,울산광역시,,,
0d5f810010fd6862fdfe,full_annotation_v1,A,q_의류_10,아이 옷 파는 곳,패션·잡화 중 '의류'를 판매·제공하는 매장,train,의류,T4 구어·문장,413c17c7-cc44-4734-8980-f13b631b9629,옷수선,옷,대왕암사거리 골목형상점가,골목형상점가,울산광역시,,,
88cda6060e9df269f8b2,full_annotation_v1,A,q_의류_10,아이 옷 파는 곳,패션·잡화 중 '의류'를 판매·제공하는 매장,train,의류,T4 구어·문장,4c9ec80c-f903-4157-88ac-92f16af307fa,체이스컬트,옷,우산상인회 골목형상점가,골목형상점가,광주광역시,,,
62ad9d8c50148a55d875,full_annotation_v1,A,q_의류_10,아이 옷 파는 곳,패션·잡화 중 '의류'를 판매·제공하는 매장,train,의류,T4 구어·문장,36cb28a5-714a-43c8-8007-ec66761388f4,송현수산,수산,원조낙지골목상점가,자율상권구역,전라남도,,,
e783cd90995fd84bbac6,full_annotation_v1,A,q_의류_10,아이 옷 파는 곳,패션·잡화 중 '의류'를 판매·제공하는 매장,train,의류,T4 구어·문장,5723d922-e55c-46bc-a5b9-846ba2afdf5d,커피파는 집,,거제 성포 골목형상점가,골목형상점가,경상남도,,,
ff4aa37728e49908e4a2,full_annotation_v1,A,q_의류_10,아이 옷 파는 곳,패션·잡화 중 '의류'를 판매·제공하는 매장,train,의류,T4 구어·문장,05291547-c22d-430e-95c2-e31bda19a90a,슈퍼타이 본점,세탁,월드시티상가 골목형상점가,골목형상점가,울산광역시,,,
df95435863caf18a665b,full_annotation_v1,A,q_의류_10,아이 옷 파는 곳,패션·잡화 중 '의류'를 판매·제공하는 매장,train,의류,T4 구어·문장,c111ac9d-3f3a-405c-a8db-4d127ccda9e2,행복이 있는 곳,잡화,제주로얄쇼핑센터,자율상권구역,제주특별자치도,,,
b1a4b6e1799b905a49e0,full_annotation_v1,A,q_의류_10,아이 옷 파는 곳,패션·잡화 중 '의류'를 판매·제공하는 매장,train,의류,T4 구어·문장,70e92b81-7465-4c3b-a4ab-18555f4c9eda,레베카,옷,사가정시장,전통시장,서울특별시,,,
2d72ea364300a99a16ec,full_annotation_v1,A,q_의류_10,아이 옷 파는 곳,패션·잡화 중 '의류'를 판매·제공하는 매장,train,의류,T4 구어·문장,d52eb5ce-05bd-4cbb-89a1-fdf8f9ddff29,옛날국수집,국수,부천자유시장,전통시장,경기도,,,
a66bcbe870696c9b24ac,full_annotation_v1,A,q_의류_10,아이 옷 파는 곳,패션·잡화 중 '의류'를 판매·제공하는 매장,train,의류,T4 구어·문장,c161453d-f2c8-4b97-a2c3-a54e0cbdb7e8,생활용품 싸게 파는 집,잡화,안성중앙시장,전통시장,경기도,,,
27ee230c18f331a36e7c,full_annotation_v1,A,q_의류_10,아이 옷 파는 곳,패션·잡화 중 '의류'를 판매·제공하는 매장,train,의류,T4 구어·문장,5a4dffb0-8baa-4791-90dc-5af4217978e4,byc전문점,옷,황지자유시장,전통시장,강원특별자치도,,,
d587fbd54147b1ede321,full_annotation_v1,A,q_의류_10,아이 옷 파는 곳,패션·잡화 중 '의류'를 판매·제공하는 매장,train,의류,T4 구어·문장,77ea2c60-2f05-46cd-8449-7e5a16f40416,옷&소품,옷,신매시장,전통시장,대구광역시,,,
e387d9a06a512115342c,full_annotation_v1,A,q_의류_10,아이 옷 파는 곳,패션·잡화 중 '의류'를 판매·제공하는 매장,train,의류,T4 구어·문장,02db4104-b701-453b-a7ef-cf0c3014ffde,광명디자인,수선,서문시장아진상가,전통시장,대구광역시,,,
e911982a9d92bfd95e74,full_annotation_v1,A,q_의류_10,아이 옷 파는 곳,패션·잡화 중 '의류'를 판매·제공하는 매장,train,의류,T4 구어·문장,72cbb319-c36a-4def-b956-0568cbc6ba0d,울트라카츠,돈까스,성서계대로데오거리 골목형상점가,골목형상점가,대구광역시,,,
bf953c1ba8741bad2390,full_annotation_v1,A,q_의류_10,아이 옷 파는 곳,패션·잡화 중 '의류'를 판매·제공하는 매장,train,의류,T4 구어·문장,53776ad6-4a97-4445-b7f6-e236725c5048,대박옷가게,옷가게,안동광석거리 골목형상점가,골목형상점가,경상북도,,,
6f9427699f9691aabca2,full_annotation_v1,A,q_의류_10,아이 옷 파는 곳,패션·잡화 중 '의류'를 판매·제공하는 매장,train,의류,T4 구어·문장,58f1076e-5a94-4c1b-bdcd-a3886a2b0f15,명동의류,옷,영월종합상가,전통시장,강원특별자치도,,,
c70e78c11090a9c240e8,full_annotation_v1,A,q_의류_10,아이 옷 파는 곳,패션·잡화 중 '의류'를 판매·제공하는 매장,train,의류,T4 구어·문장,023923b8-1217-420d-94da-1dbed6318c95,두올수선,옷수선,부평대아지하상점가,일반지하상점가,인천광역시,,,
301db81b11dfb5f8ea17,full_annotation_v1,A,q_의류_10,아이 옷 파는 곳,패션·잡화 중 '의류'를 판매·제공하는 매장,train,의류,T4 구어·문장,418b5888-d1b2-412f-9ee7-3833e60d7c79,부띠끄,옷,진부전통시장,전통시장,강원특별자치도,,,
c5d0543e36f5f700e02d,full_annotation_v1,A,q_의류_10,아이 옷 파는 곳,패션·잡화 중 '의류'를 판매·제공하는 매장,train,의류,T4 구어·문장,e2fc2301-685f-463c-97ef-1bf2deaa9a1b,척척밥상 the meat 파주운정점,,가람로 골목형상점가,골목형상점가,경기도,,,
b9c4a9fdd29ac0595805,full_annotation_v1,A,q_의류_10,아이 옷 파는 곳,패션·잡화 중 '의류'를 판매·제공하는 매장,train,의류,T4 구어·문장,0c946cdf-2489-42e6-b60a-972cfdbed2d0,탕화쿵푸마라탕 독산점,중식,독산동 맛나는거리 상점가,자율상권구역,서울특별시,,,
4c1b0e2c0b9bf24d3c22,full_annotation_v1,A,q_의류_10,아이 옷 파는 곳,패션·잡화 중 '의류'를 판매·제공하는 매장,train,의류,T4 구어·문장,cc0ee073-4b09-43e0-8c2b-90ac0d1018ba,월봉의류,옷,대왕암 월봉시장,전통시장,울산광역시,,,
8880307861f2c3b8c82a,full_annotation_v1,A,q_의류_10,아이 옷 파는 곳,패션·잡화 중 '의류'를 판매·제공하는 매장,train,의류,T4 구어·문장,4ee66f6f-09f7-4cc8-9449-a76374535d35,5번가,옷,서문시장2지구 종합상가,전통시장,대구광역시,,,
b9b2092268b21d24a53a,full_annotation_v1,A,q_의류_10,아이 옷 파는 곳,패션·잡화 중 '의류'를 판매·제공하는 매장,train,의류,T4 구어·문장,24456103-f6b8-46af-8655-82e61d7265d8,커피가 머무르는 곳,커피,반드레길골목형상점가,골목형상점가,서울특별시,,,
161c7ca7e5c19c1c6ecf,full_annotation_v1,A,q_의류_10,아이 옷 파는 곳,패션·잡화 중 '의류'를 판매·제공하는 매장,train,의류,T4 구어·문장,014b6a30-fb19-4f0f-8ab0-5139e2368173,월드옷수선,의류수선,수원역전시장,전통시장,경기도,,,
642eb15ef172c49eaf9b,full_annotation_v1,A,q_의류_10,아이 옷 파는 곳,패션·잡화 중 '의류'를 판매·제공하는 매장,train,의류,T4 구어·문장,bb1273c7-053b-460a-bf50-a629b807a8f1,족보천하,,한울카페거리 골목형상점가,골목형상점가,경기도,,,
c8c1fb23bb61d83f2621,full_annotation_v1,A,q_의류_10,아이 옷 파는 곳,패션·잡화 중 '의류'를 판매·제공하는 매장,train,의류,T4 구어·문장,e87e71bd-aa94-48db-8d42-50e099bad0eb,스타동네책방,책,스타프라자전통시장,전통시장,경기도,,,
0ceeaa6da49785f30194,full_annotation_v1,A,q_의류_10,아이 옷 파는 곳,패션·잡화 중 '의류'를 판매·제공하는 매장,train,의류,T4 구어·문장,98cdf3e5-5ad6-4d6b-be49-ae26238af44f,구미 옷가게 슬릭앤코(SLEEK AND CO),,문화로 자율상권구역,,경상북도,,,
8093d19153b07bfe9e2f,full_annotation_v1,A,q_의류_10,아이 옷 파는 곳,패션·잡화 중 '의류'를 판매·제공하는 매장,train,의류,T4 구어·문장,bdd87a79-ec57-43d4-9edc-494f707a248a,네파광주용봉점,옷,패션의거리,자율상권구역,광주광역시,,,
672626f17555b2becc2f,full_annotation_v1,A,q_의류_10,아이 옷 파는 곳,패션·잡화 중 '의류'를 판매·제공하는 매장,train,의류,T4 구어·문장,aa62ddd1-79d1-4a90-84e0-36120de14b2d,노빵,옷,창원 가음정시장,전통시장,경상남도,,,
fdcab08b768f4c13b059,full_annotation_v1,A,q_의류_10,아이 옷 파는 곳,패션·잡화 중 '의류'를 판매·제공하는 매장,train,의류,T4 구어·문장,078f51c7-dbe7-46b5-9089-2e2824e6553c,장흥수산,낙지 홍어 바지락,대인시장,전통시장,광주광역시,,,
2c1887880b80b40449e9,full_annotation_v1,A,q_의류_10,아이 옷 파는 곳,패션·잡화 중 '의류'를 판매·제공하는 매장,train,의류,T4 구어·문장,013a01ba-2abc-42d5-9f1b-e0708f0a806b,경남,의류(기타 의복 소매),부산진시장,전통시장,부산광역시,,,
1280574eb357cb27c49c,full_annotation_v1,A,q_의류_10,아이 옷 파는 곳,패션·잡화 중 '의류'를 판매·제공하는 매장,train,의류,T4 구어·문장,00c164d0-76c7-4e7a-9676-ecfdbb052077,크린토피아신창점,세탁,신창수문 골목형상점가,골목형상점가,광주광역시,,,
3392eda35be193ab7b44,full_annotation_v1,A,q_의류_10,아이 옷 파는 곳,패션·잡화 중 '의류'를 판매·제공하는 매장,train,의류,T4 구어·문장,02edb9ce-a58f-4d06-a0f7-8f3af74e85d0,로보키즈,장난감대여,용봉지구 골목형상점가,골목형상점가,광주광역시,,,
96c1c06d58150031675b,full_annotation_v1,A,q_의류_10,아이 옷 파는 곳,패션·잡화 중 '의류'를 판매·제공하는 매장,train,의류,T4 구어·문장,4e7d80df-61f4-4143-b77f-0578ed736f25,아이 캔 대곡 태권도,태권도,강산상가대박 골목형상점가,골목형상점가,대구광역시,,,
f4d294fcbb267e44e1e9,full_annotation_v1,A,q_의류_10,아이 옷 파는 곳,패션·잡화 중 '의류'를 판매·제공하는 매장,train,의류,T4 구어·문장,1eaf6dc3-f0f0-4350-8341-9f6f4334b965,다소곳,옷,전주모래내시장,전통시장,전북특별자치도,,,
f649b68878ab3ffb9bcf,full_annotation_v1,A,q_의류_11,양복 맞추는 곳,패션·잡화 중 '의류'를 판매·제공하는 매장,train,의류,T4 구어·문장,7afcfcf1-31ff-4fec-8523-b64951135337,선구양복점,양복,서문시장2지구 종합상가,전통시장,대구광역시,,,
ae1c64e6ef847dabbcb5,full_annotation_v1,A,q_의류_11,양복 맞추는 곳,패션·잡화 중 '의류'를 판매·제공하는 매장,train,의류,T4 구어·문장,b98e5c9b-2c5e-450b-a0b7-8511e258049f,코코양복점,양복,제2경주중심상가시장(경주봉황중심상가시장),전통시장,경상북도,,,
2773323cd594b5c9a585,full_annotation_v1,A,q_의류_11,양복 맞추는 곳,패션·잡화 중 '의류'를 판매·제공하는 매장,train,의류,T4 구어·문장,0010d634-70b8-4627-8dea-822a9bb56922,라엘,여성의류,동산상가,전통시장,대구광역시,,,
8a5446af39de497a8af6,full_annotation_v1,A,q_의류_11,양복 맞추는 곳,패션·잡화 중 '의류'를 판매·제공하는 매장,train,의류,T4 구어·문장,014b6a30-fb19-4f0f-8ab0-5139e2368173,월드옷수선,의류수선,수원역전시장,전통시장,경기도,,,
4bd01f0483f3ab95c631,full_annotation_v1,A,q_의류_11,양복 맞추는 곳,패션·잡화 중 '의류'를 판매·제공하는 매장,train,의류,T4 구어·문장,02851047-7760-4cdb-b811-74f6dff245bd,에덴의상실,수선,돈암시장,전통시장,서울특별시,,,
a33dbb71e8527761bff4,full_annotation_v1,A,q_의류_11,양복 맞추는 곳,패션·잡화 중 '의류'를 판매·제공하는 매장,train,의류,T4 구어·문장,00c60bef-93f3-4d19-a8e8-aeae0ef0fe43,이삭의상실,"패션디자인마춤양장, 스포츠이류및용품",군산 원도심 골목형상점가,골목형상점가,전북특별자치도,,,
53d5bd6c30fc435e9427,full_annotation_v1,A,q_의류_11,양복 맞추는 곳,패션·잡화 중 '의류'를 판매·제공하는 매장,train,의류,T4 구어·문장,00172c94-61f0-4197-afeb-d7e8187c79b5,옷이예쁘다,의류,메트로센터(반월당지하쇼핑),일반지하상점가,대구광역시,,,
5154bc303d8648a482f8,full_annotation_v1,A,q_의류_11,양복 맞추는 곳,패션·잡화 중 '의류'를 판매·제공하는 매장,train,의류,T4 구어·문장,02edb9ce-a58f-4d06-a0f7-8f3af74e85d0,로보키즈,장난감대여,용봉지구 골목형상점가,골목형상점가,광주광역시,,,
104054ea59ba65a597dc,full_annotation_v1,A,q_의류_11,양복 맞추는 곳,패션·잡화 중 '의류'를 판매·제공하는 매장,train,의류,T4 구어·문장,000a5a26-66b9-432f-bb77-247655765f2b,백조섬유,여성의류,서문시장 제5지구,전통시장,대구광역시,,,
e4aca3848ba4f34b173d,full_annotation_v1,A,q_의류_11,양복 맞추는 곳,패션·잡화 중 '의류'를 판매·제공하는 매장,train,의류,T4 구어·문장,f209db02-094c-4a0b-a397-5734963ebab3,풍미맛집,한식,풍암신암상인회 골목형상점가,골목형상점가,광주광역시,,,
b176e55fe3f9b64d8d50,full_annotation_v1,A,q_의류_11,양복 맞추는 곳,패션·잡화 중 '의류'를 판매·제공하는 매장,train,의류,T4 구어·문장,bf2723a8-a0be-4dd0-a7b4-9941041b4529,소주취향,한식,고운마음 골목형상점가,골목형상점가,세종특별자치시,,,
a20a47fe97ed0465db5a,full_annotation_v1,A,q_의류_11,양복 맞추는 곳,패션·잡화 중 '의류'를 판매·제공하는 매장,train,의류,T4 구어·문장,aec59067-0c1d-4ef6-b08d-8c525e40cb8f,가온 비스포크,양복,동명동 카페거리 골목형상점가,골목형상점가,광주광역시,,,
1f119414a8461e69d0ce,full_annotation_v1,A,q_의류_11,양복 맞추는 곳,패션·잡화 중 '의류'를 판매·제공하는 매장,train,의류,T4 구어·문장,c5f8c4fa-425c-4a07-961f-552f38b34529,엠제이옴므(MJ.Homme),양복,새마을시장,전통시장,서울특별시,,,
539aa269d4ae65d18417,full_annotation_v1,A,q_의류_11,양복 맞추는 곳,패션·잡화 중 '의류'를 판매·제공하는 매장,train,의류,T4 구어·문장,912b3743-cf95-4743-894d-ca474866b42a,안성직물,양복,서문시장2지구 종합상가,전통시장,대구광역시,,,
fb0bc8605a75a6171732,full_annotation_v1,A,q_의류_11,양복 맞추는 곳,패션·잡화 중 '의류'를 판매·제공하는 매장,train,의류,T4 구어·문장,c90cadb7-bafb-4368-af31-9e822a5fee9d,화니양복점,양복,임동오거리 골목형상점가,골목형상점가,광주광역시,,,
6e4e42ab98279e73cd05,full_annotation_v1,A,q_의류_11,양복 맞추는 곳,패션·잡화 중 '의류'를 판매·제공하는 매장,train,의류,T4 구어·문장,0ab4febb-1ab2-42cf-aae3-53c528083921,에스텔라,의류(기성복),평화로상가,자율상권구역,경상북도,,,
262378c19fb35c39378d,full_annotation_v1,A,q_의류_11,양복 맞추는 곳,패션·잡화 중 '의류'를 판매·제공하는 매장,train,의류,T4 구어·문장,812fa828-2edd-46ea-94fd-ab900d849e8f,브론디의상실,양복,충장로45가 상점가,자율상권구역,광주광역시,,,
76f3278c7132c00f825c,full_annotation_v1,A,q_의류_11,양복 맞추는 곳,패션·잡화 중 '의류'를 판매·제공하는 매장,train,의류,T4 구어·문장,0cbad54f-c3cd-465d-a22d-9fbbfbb81f69,동양직물,양복 종교복,광장시장,전통시장,서울특별시,,,
bb366fa59c12e23083d1,full_annotation_v1,A,q_의류_11,양복 맞추는 곳,패션·잡화 중 '의류'를 판매·제공하는 매장,train,의류,T4 구어·문장,05ceaf94-c8e1-4ec6-9148-be979dc3614f,달인옷수선,수선,양산 덕계종합상설시장,전통시장,경상남도,,,
9b9edb6951ef90649e2e,full_annotation_v1,A,q_의류_11,양복 맞추는 곳,패션·잡화 중 '의류'를 판매·제공하는 매장,train,의류,T4 구어·문장,00fc2b18-ffa0-45b1-b03a-af61257944a9,충일구두수선,구두수선,충주무학시장,전통시장,충청북도,,,
739ba1ec30da7a53d8bb,full_annotation_v1,A,q_의류_11,양복 맞추는 곳,패션·잡화 중 '의류'를 판매·제공하는 매장,train,의류,T4 구어·문장,f35593d2-6e5f-4593-9d54-05c03f27536f,크레이지다이노,"잡화, 의류",중앙로 지하상가 상점가,일반지하상점가,대전광역시,,,
5c644e077f185b609e44,full_annotation_v1,A,q_의류_11,양복 맞추는 곳,패션·잡화 중 '의류'를 판매·제공하는 매장,train,의류,T4 구어·문장,2d9a91df-c256-4726-9e01-9e491c7b297a,블루,옷가게,전주중앙상가시장,전통시장,전북특별자치도,,,
1cde3e67c3e4f1c8f7cf,full_annotation_v1,A,q_의류_11,양복 맞추는 곳,패션·잡화 중 '의류'를 판매·제공하는 매장,train,의류,T4 구어·문장,6fea6a04-f190-4eb9-abe8-4e07196b15bd,제이진옴므대구점,양복,대봉동웨딩거리상점가,자율상권구역,대구광역시,,,
98e9266264945059949e,full_annotation_v1,A,q_의류_11,양복 맞추는 곳,패션·잡화 중 '의류'를 판매·제공하는 매장,train,의류,T4 구어·문장,743981d9-863b-4ebd-8af0-f3146887ba2b,우신양복점,양복(양복점),대구능금시장,전통시장,대구광역시,,,
d0c59683f36eee620a36,full_annotation_v1,A,q_의류_11,양복 맞추는 곳,패션·잡화 중 '의류'를 판매·제공하는 매장,train,의류,T4 구어·문장,023923b8-1217-420d-94da-1dbed6318c95,두올수선,옷수선,부평대아지하상점가,일반지하상점가,인천광역시,,,
2a26812b9468a43c31b8,full_annotation_v1,A,q_의류_11,양복 맞추는 곳,패션·잡화 중 '의류'를 판매·제공하는 매장,train,의류,T4 구어·문장,0213d775-a9ba-4c68-8b2b-ee3ed98c4d46,썬라이즈,기터의복,진주 중앙상점가,자율상권구역,경상남도,,,
b721991cf165c7681657,full_annotation_v1,A,q_의류_11,양복 맞추는 곳,패션·잡화 중 '의류'를 판매·제공하는 매장,train,의류,T4 구어·문장,00fd4bd1-180e-4d03-895c-331fb333c6e4,전주송천점폴햄,섬유 의복 신발 및 가죽제품,송천행복로 골목형상점가,골목형상점가,전북특별자치도,,,
41a49be17c84b9093146,full_annotation_v1,A,q_의류_11,양복 맞추는 곳,패션·잡화 중 '의류'를 판매·제공하는 매장,train,의류,T4 구어·문장,ce750fdd-0f5e-4402-95f6-79f025fcc0fd,MTA민족태권도,태권도교육,문흥2동 골목형상점가,골목형상점가,광주광역시,,,
732e13d0b340a8ec1732,full_annotation_v1,A,q_의류_11,양복 맞추는 곳,패션·잡화 중 '의류'를 판매·제공하는 매장,train,의류,T4 구어·문장,078f51c7-dbe7-46b5-9089-2e2824e6553c,장흥수산,낙지 홍어 바지락,대인시장,전통시장,광주광역시,,,
44a0a34b94e72b5e5dfd,full_annotation_v1,A,q_의류_11,양복 맞추는 곳,패션·잡화 중 '의류'를 판매·제공하는 매장,train,의류,T4 구어·문장,7d3284f3-172a-4e8c-aac7-98266eae0dcf,화산춘,"한식점, 발효식초, 탁주, 식육, 통",송천동2가 골목형상점가,골목형상점가,전북특별자치도,,,
6f4adc8560792373a21d,full_annotation_v1,A,q_의류_11,양복 맞추는 곳,패션·잡화 중 '의류'를 판매·제공하는 매장,train,의류,T4 구어·문장,0743783e-8456-40b3-8ece-e592d976b7af,데님647,청바지,백년소상공인,기타,서울특별시,,,
b0c7c4a14fb9535214bc,full_annotation_v1,A,q_의류_11,양복 맞추는 곳,패션·잡화 중 '의류'를 판매·제공하는 매장,train,의류,T4 구어·문장,1943c599-6590-4dc5-8d6c-39bf7bf95dc1,쪼리,"청바지, 악세사리",경주중심상가,전통시장,경상북도,,,
3640d43d221b1c4c0c13,full_annotation_v1,A,q_의류_11,양복 맞추는 곳,패션·잡화 중 '의류'를 판매·제공하는 매장,train,의류,T4 구어·문장,d54ae0c0-0d1e-4ca2-9f13-54e598693f66,타겟트양복점,남성복 양복,계림중앙필문로 골목형상점가,골목형상점가,광주광역시,,,
db3d4a63bcc9c25bd32e,full_annotation_v1,A,q_의류_11,양복 맞추는 곳,패션·잡화 중 '의류'를 판매·제공하는 매장,train,의류,T4 구어·문장,000a92b3-0b5e-429e-af00-f86e3570e24b,클로버,의류,관문상가시장,전통시장,대구광역시,,,
82e9dbce9dd161842b21,full_annotation_v1,A,q_의류_11,양복 맞추는 곳,패션·잡화 중 '의류'를 판매·제공하는 매장,train,의류,T4 구어·문장,00124602-ef4e-472c-91ee-de53b28d7530,화이트,의류,울산번개시장,전통시장,울산광역시,,,
891a124e061c1a946432,full_annotation_v1,A,q_의류_11,양복 맞추는 곳,패션·잡화 중 '의류'를 판매·제공하는 매장,train,의류,T4 구어·문장,5c5c7121-edec-4d6d-9739-ed31573a26c3,춤추는 돼지고기,식육,일곡동 골목형상점가,골목형상점가,광주광역시,,,
b2ced158080db885aa3f,full_annotation_v1,A,q_의류_11,양복 맞추는 곳,패션·잡화 중 '의류'를 판매·제공하는 매장,train,의류,T4 구어·문장,00054f1d-4cae-4345-9975-1423bc49e4dc,착한아이들,의류,중앙전통시장,전통시장,울산광역시,,,
25943806d8dbcfe29c19,full_annotation_v1,A,q_의류_11,양복 맞추는 곳,패션·잡화 중 '의류'를 판매·제공하는 매장,train,의류,T4 구어·문장,205c79ae-9af0-4bd8-b186-3e100e8f4a4c,신흥양복점,"의복, 양복",강화중앙시장(A·B동),전통시장,인천광역시,,,
7452e5519d9345566f00,full_annotation_v1,A,q_의류_11,양복 맞추는 곳,패션·잡화 중 '의류'를 판매·제공하는 매장,train,의류,T4 구어·문장,7e31fff6-47e1-4fd9-b3ab-f55d63ea42e7,성진양복,의류,부산진시장,전통시장,부산광역시,,,
0b4ecc9d922f7eefc04f,full_annotation_v1,A,q_의류_11,양복 맞추는 곳,패션·잡화 중 '의류'를 판매·제공하는 매장,train,의류,T4 구어·문장,98cdf3e5-5ad6-4d6b-be49-ae26238af44f,구미 옷가게 슬릭앤코(SLEEK AND CO),,문화로 자율상권구역,,경상북도,,,
ac222a09f477ff1a47d0,full_annotation_v1,A,q_의류_11,양복 맞추는 곳,패션·잡화 중 '의류'를 판매·제공하는 매장,train,의류,T4 구어·문장,03052be2-67e1-48ff-a71f-63500facd038,윤순영패션,,용대로119번길 골목형상점가,골목형상점가,,,,
e6332c20f6326d0128c6,full_annotation_v1,A,q_의류_11,양복 맞추는 곳,패션·잡화 중 '의류'를 판매·제공하는 매장,train,의류,T4 구어·문장,0cd4e040-9521-44ca-809c-d51f100e9356,토이빌리지,유아완구.장난감,석교동 이웃마루 골목형상점가,골목형상점가,대전광역시,,,
f5efb4558d27f7ea8778,full_annotation_v1,A,q_의류_11,양복 맞추는 곳,패션·잡화 중 '의류'를 판매·제공하는 매장,train,의류,T4 구어·문장,095c0f7a-8c64-43c3-90b8-7a16c39a4461,최양복점,양복,충장로123가 상점가,자율상권구역,광주광역시,,,
a7f01ec76671334caddc,full_annotation_v1,A,q_의류_11,양복 맞추는 곳,패션·잡화 중 '의류'를 판매·제공하는 매장,train,의류,T4 구어·문장,03938df9-3e91-4681-9dac-e5687a891dd2,가방가게,패션잡화,순천원도심상점가,자율상권구역,전라남도,,,
f8fd99bc991c0c4ebe3c,full_annotation_v1,A,q_의류_11,양복 맞추는 곳,패션·잡화 중 '의류'를 판매·제공하는 매장,train,의류,T4 구어·문장,04aacab6-be8f-4470-b58d-33d49bec0a4f,한스,도소매(기성복),통일상가,전통시장,서울특별시,,,
634d1f936fb84c3cb4b6,full_annotation_v1,A,q_의류_11,양복 맞추는 곳,패션·잡화 중 '의류'를 판매·제공하는 매장,train,의류,T4 구어·문장,07009462-6c64-4dd9-8fd9-a885fe4b203c,예쁘니까또,의류,중앙로 지하상가 상점가,일반지하상점가,대전광역시,,,
64a1b5c81208a8203432,full_annotation_v1,A,q_의류_11,양복 맞추는 곳,패션·잡화 중 '의류'를 판매·제공하는 매장,train,의류,T4 구어·문장,5b81e857-1874-4044-b405-99e35b1750b5,아벨로 청담점,양복,청담동골목형상점가,골목형상점가,서울특별시,,,
6081f5d013c44764c498,full_annotation_v1,A,q_의류_11,양복 맞추는 곳,패션·잡화 중 '의류'를 판매·제공하는 매장,train,의류,T4 구어·문장,014602ec-34d6-41db-98d1-f7941ce5c2da,밝은 세탁,수선,노대물빛근린공원 골목형상점가,골목형상점가,광주광역시,,,
0a479ae1d104ac0612d7,full_annotation_v1,A,q_의류_11,양복 맞추는 곳,패션·잡화 중 '의류'를 판매·제공하는 매장,train,의류,T4 구어·문장,c111ac9d-3f3a-405c-a8db-4d127ccda9e2,행복이 있는 곳,잡화,제주로얄쇼핑센터,자율상권구역,제주특별자치도,,,
b3bbfdec853f386908d5,full_annotation_v1,A,q_의류_11,양복 맞추는 곳,패션·잡화 중 '의류'를 판매·제공하는 매장,train,의류,T4 구어·문장,ebeae48e-9250-4942-8a47-65f54b71abfb,속초갤럭시,양복,중앙1번가골목형상점가,골목형상점가,강원특별자치도,,,
9c492665d184765be374,full_annotation_v1,A,q_의류_11,양복 맞추는 곳,패션·잡화 중 '의류'를 판매·제공하는 매장,train,의류,T4 구어·문장,00083664-fb4e-4e3b-bb0a-d9a0a1e8f87f,롯데세탁소,,와룡로 골목형상점가,골목형상점가,전북특별자치도,,,
4404ec60c6086d959316,full_annotation_v1,A,q_의류_11,양복 맞추는 곳,패션·잡화 중 '의류'를 판매·제공하는 매장,train,의류,T4 구어·문장,8891c3f7-e2ec-4a63-b6dd-7a1952e02bc2,지큐양복점(GQTAILOR),양복,왕십리무학봉상점가,자율상권구역,서울특별시,,,
1fab5bc1488b35b71908,full_annotation_v1,A,q_의류_11,양복 맞추는 곳,패션·잡화 중 '의류'를 판매·제공하는 매장,train,의류,T4 구어·문장,00c164d0-76c7-4e7a-9676-ecfdbb052077,크린토피아신창점,세탁,신창수문 골목형상점가,골목형상점가,광주광역시,,,
a57180a42e24a3cb7507,full_annotation_v1,A,q_의류_11,양복 맞추는 곳,패션·잡화 중 '의류'를 판매·제공하는 매장,train,의류,T4 구어·문장,f9617724-fc7b-4a54-a38d-c1f26792818c,합천식품,식육(부산물),김해 주촌축산물시장,전통시장,경상남도,,,
a910aeb023fa1c681543,full_annotation_v1,A,q_의류_11,양복 맞추는 곳,패션·잡화 중 '의류'를 판매·제공하는 매장,train,의류,T4 구어·문장,134e5e9e-82ef-4647-8ef0-d0b563c77249,마곡커피 2호점,커피 전문점,공산성골목형상점가,골목형상점가,충청남도,,,
65e0376813a650762569,full_annotation_v1,A,q_의류_11,양복 맞추는 곳,패션·잡화 중 '의류'를 판매·제공하는 매장,train,의류,T4 구어·문장,898b5063-2497-405f-a6a1-8caf29f6f71d,황제양복점,양복,중앙상가시장,전통시장,대전광역시,,,
158fb96da7a749435aa0,full_annotation_v1,A,q_의류_11,양복 맞추는 곳,패션·잡화 중 '의류'를 판매·제공하는 매장,train,의류,T4 구어·문장,e248bce3-57e3-42a2-897b-cbb4fcd1aac1,솔밭주단,양복,제천중앙시장,전통시장,충청북도,,,
6b60b06970eec51f867b,full_annotation_v1,A,q_의류_11,양복 맞추는 곳,패션·잡화 중 '의류'를 판매·제공하는 매장,train,의류,T4 구어·문장,a533908c-7170-402c-b76e-7eab13d92db7,김경욱비스포크풀산테,양복,고은상인회 골목형상점가,골목형상점가,광주광역시,,,
c33ea8728072ba921014,full_annotation_v1,A,q_의류_11,양복 맞추는 곳,패션·잡화 중 '의류'를 판매·제공하는 매장,train,의류,T4 구어·문장,dd7169f8-1fac-45d2-8062-be59fee6052b,황금양복점,양복,충장로45가 상점가,자율상권구역,광주광역시,,,
ab846becaf5cb074d781,full_annotation_v1,A,q_의류_11,양복 맞추는 곳,패션·잡화 중 '의류'를 판매·제공하는 매장,train,의류,T4 구어·문장,7abcb418-d4c5-4a76-bd4f-d221e01217f1,GQ양복점,양복,백년소상공인,기타,충청북도,,,
3ba2fb27f42c6942d42c,full_annotation_v1,A,q_의류_11,양복 맞추는 곳,패션·잡화 중 '의류'를 판매·제공하는 매장,train,의류,T4 구어·문장,360a4353-c057-44b4-a486-f17f0a75d805,김형윤양복점,남자양복,익산중앙상점가,골목형상점가,전북특별자치도,,,
f86ee0120624936a6d08,full_annotation_v1,A,q_의류_11,양복 맞추는 곳,패션·잡화 중 '의류'를 판매·제공하는 매장,train,의류,T4 구어·문장,76a3551b-dae4-4326-92cc-662015aedbfb,쉴 곳,한식,칠성로상점가,자율상권구역,제주특별자치도,,,
ffe52344876d3a3782b8,full_annotation_v1,A,q_의류_11,양복 맞추는 곳,패션·잡화 중 '의류'를 판매·제공하는 매장,train,의류,T4 구어·문장,76abb76b-d19f-41ac-ad4d-26d32bffad62,수지,옷가게(의류),양산 나래메트로시티 골목형상점가,골목형상점가,경상남도,,,
4310f241d239a9986e5c,full_annotation_v1,A,q_의류_11,양복 맞추는 곳,패션·잡화 중 '의류'를 판매·제공하는 매장,train,의류,T4 구어·문장,866e9a15-d27d-4d87-80c3-74b2d88d242c,숙이네청과,야채 과일,군분로 골목형상점가,골목형상점가,광주광역시,,,
c212df992254cc3294b8,full_annotation_v1,A,q_의류_11,양복 맞추는 곳,패션·잡화 중 '의류'를 판매·제공하는 매장,train,의류,T4 구어·문장,026c5d57-26e4-48c1-a181-862bcda8df43,블럭팡 아산탕정점,장난감,한들물빛도시 골목형 상점가,골목형상점가,충청남도,,,
0f31362a0fceba578e2b,full_annotation_v1,A,q_의류_11,양복 맞추는 곳,패션·잡화 중 '의류'를 판매·제공하는 매장,train,의류,T4 구어·문장,03159423-3cb1-401e-af77-89751a639bb8,주홍,바지,아트프라자,자율상권구역,서울특별시,,,
a5bfe75cc8a98dc36464,full_annotation_v1,A,q_의류_11,양복 맞추는 곳,패션·잡화 중 '의류'를 판매·제공하는 매장,train,의류,T4 구어·문장,9c2579d3-1275-493b-80d1-17ac11dee58c,셋터,,"산북,소룡 골목형상점가",골목형상점가,전북특별자치도,,,
95d08eaf274add6312b2,full_annotation_v1,A,q_의류_11,양복 맞추는 곳,패션·잡화 중 '의류'를 판매·제공하는 매장,train,의류,T4 구어·문장,03cf59c3-0bce-43ff-9df1-14e946a2bd29,금산트라이,"모자, 가방, 패션잡화",금산중앙로상점가,자율상권구역,충청남도,,,
124e4e7117a9b64ab808,full_annotation_v1,A,q_의류_11,양복 맞추는 곳,패션·잡화 중 '의류'를 판매·제공하는 매장,train,의류,T4 구어·문장,02db4104-b701-453b-a7ef-cf0c3014ffde,광명디자인,수선,서문시장아진상가,전통시장,대구광역시,,,
6df7b4f54f46a422f859,full_annotation_v1,A,q_의류_11,양복 맞추는 곳,패션·잡화 중 '의류'를 판매·제공하는 매장,train,의류,T4 구어·문장,007c84b4-7b91-431f-9cf2-61f2ac4a13b4,빛나크리닝,세탁업,삼각동 골목형상점가,골목형상점가,광주광역시,,,
8480a9e1e4e12860cdef,full_annotation_v1,A,q_의류_11,양복 맞추는 곳,패션·잡화 중 '의류'를 판매·제공하는 매장,train,의류,T4 구어·문장,07db0235-e6d4-45bf-8a47-ab8b01f06574,럭키블럭,장난감,연제초 앞 골목형상점가,골목형상점가,광주광역시,,,
e4d7147cc7870064b852,full_annotation_v1,A,q_의류_11,양복 맞추는 곳,패션·잡화 중 '의류'를 판매·제공하는 매장,train,의류,T4 구어·문장,8c15d065-0796-4195-8135-57ee4197622b,미스터피자 계룡점,피자,엄사 골목형상점가,골목형상점가,충청남도,,,
bf2a7a9308b9f4030491,full_annotation_v1,A,q_의류_11,양복 맞추는 곳,패션·잡화 중 '의류'를 판매·제공하는 매장,train,의류,T4 구어·문장,157fb81f-e67a-483b-8415-b756543d4cf6,유아상사,장난감,㈜르네시떼,전통시장,부산광역시,,,
ee183b6140237aad548b,full_annotation_v1,A,q_의류_11,양복 맞추는 곳,패션·잡화 중 '의류'를 판매·제공하는 매장,train,의류,T4 구어·문장,e6bfbeee-d8dc-465b-8b5c-3a4b5e89fa91,카프리양복점,맞춤 양복,마산 창동통합상가,자율상권구역,경상남도,,,
0ca5af624eb22ccc6c8e,full_annotation_v1,A,q_의류_11,양복 맞추는 곳,패션·잡화 중 '의류'를 판매·제공하는 매장,train,의류,T4 구어·문장,be9f8c61-892c-48ed-a49d-b63bd032c025,소곳,의류,고투몰(강남터미널지하도상점가),일반지하상점가,서울특별시,,,
4d735859ff4c37796f9a,full_annotation_v1,A,q_의류_11,양복 맞추는 곳,패션·잡화 중 '의류'를 판매·제공하는 매장,train,의류,T4 구어·문장,53776ad6-4a97-4445-b7f6-e236725c5048,대박옷가게,옷가게,안동광석거리 골목형상점가,골목형상점가,경상북도,,,
d79cfd0f7f53180a1cee,full_annotation_v1,A,q_의류_11,양복 맞추는 곳,패션·잡화 중 '의류'를 판매·제공하는 매장,train,의류,T4 구어·문장,4285a827-bc78-4370-8bad-c0bcc091b873,세종고운검도관,검도,고운마음 골목형상점가,골목형상점가,세종특별자치시,,,
f088f0933e5517113d5f,full_annotation_v1,A,q_의류_11,양복 맞추는 곳,패션·잡화 중 '의류'를 판매·제공하는 매장,train,의류,T4 구어·문장,ffd3fe54-c93a-431c-98d3-0a1bf2bd737f,레푸히오,"양복, 셔츠, 코트",백석역 골목형상점가,골목형상점가,경기도,,,
c58ba7e5f4b5b13d23d5,full_annotation_v1,A,q_의류_11,양복 맞추는 곳,패션·잡화 중 '의류'를 판매·제공하는 매장,train,의류,T4 구어·문장,09b55ffd-48d2-4cf4-a1d9-1d13cc7a7de7,오리온,기성복,남대문시장,전통시장,서울특별시,,,
7b3f4f8e9b1618c0f759,full_annotation_v1,A,q_의류_11,양복 맞추는 곳,패션·잡화 중 '의류'를 판매·제공하는 매장,train,의류,T4 구어·문장,08e6ebcc-c954-4df8-abe8-12d7a9fe40de,매향밤막국수,한식,공산성골목형상점가,골목형상점가,충청남도,,,
16fedcec9a2fe50e137d,full_annotation_v1,A,q_의류_11,양복 맞추는 곳,패션·잡화 중 '의류'를 판매·제공하는 매장,train,의류,T4 구어·문장,af169276-2527-4062-82da-cd9b7457df1f,덕신양복점,양복,광주인쇄거리 골목형상점가,골목형상점가,광주광역시,,,
cc7cea35dda8b7ebc989,full_annotation_v1,A,q_의류_11,양복 맞추는 곳,패션·잡화 중 '의류'를 판매·제공하는 매장,train,의류,T4 구어·문장,00e9be42-1358-4d8a-91f4-119aaed2a77b,백경사,"작업복, 기성복, 안전화 등",부산진시장,전통시장,부산광역시,,,
2a8085edc5b2288c526f,full_annotation_v1,A,q_의류_11,양복 맞추는 곳,패션·잡화 중 '의류'를 판매·제공하는 매장,train,의류,T4 구어·문장,013a01ba-2abc-42d5-9f1b-e0708f0a806b,경남,의류(기타 의복 소매),부산진시장,전통시장,부산광역시,,,
52cac2eb95f319fb97f9,full_annotation_v1,A,q_의류_11,양복 맞추는 곳,패션·잡화 중 '의류'를 판매·제공하는 매장,train,의류,T4 구어·문장,a8860abb-8546-4171-8352-0ea49d2581b2,하이스터디풍암스터디카페,공간대여,풍암신암상인회 골목형상점가,골목형상점가,광주광역시,,,
44638e462c815d3fbaff,full_annotation_v1,A,q_의류_11,양복 맞추는 곳,패션·잡화 중 '의류'를 판매·제공하는 매장,train,의류,T4 구어·문장,19add74d-2544-4f15-9efb-ae38a73aecc6,수트플레이스본점,양복 제조,펭귄마을 골목형상점가,골목형상점가,광주광역시,,,
d85c59742d026bd08ddf,full_annotation_v1,A,q_의류_11,양복 맞추는 곳,패션·잡화 중 '의류'를 판매·제공하는 매장,train,의류,T4 구어·문장,4490a59d-98b6-47cb-824c-44c98bca547e,전병원양복점,양복,수기동천변 골목형상점가,골목형상점가,,,,
55becfc64e3f5bc7c027,full_annotation_v1,A,q_의류_11,양복 맞추는 곳,패션·잡화 중 '의류'를 판매·제공하는 매장,train,의류,T4 구어·문장,40210685-5a59-4dd4-9807-4d20c048b08d,벅쉬양복점,양복,익산중앙상점가,골목형상점가,전북특별자치도,,,
0ffd6a1fde5dcaa7e75d,full_annotation_v1,A,q_의류_11,양복 맞추는 곳,패션·잡화 중 '의류'를 판매·제공하는 매장,train,의류,T4 구어·문장,019c9868-92c6-4e25-b2ea-903f322c9acf,맡겨봐신발세탁,세탁,임동 골목형상점가,골목형상점가,광주광역시,,,
f83a9ef3bd108ef2b8bf,full_annotation_v1,A,q_의류_11,양복 맞추는 곳,패션·잡화 중 '의류'를 판매·제공하는 매장,train,의류,T4 구어·문장,0304511e-62e7-4e31-8d19-61a115ffaa76,깔롱쟁이,의복,봉선1로 골목형상점가,골목형상점가,광주광역시,,,
50b34f7a4640078401ff,full_annotation_v1,A,q_의류_11,양복 맞추는 곳,패션·잡화 중 '의류'를 판매·제공하는 매장,train,의류,T4 구어·문장,18d014d4-5a51-42bb-b2ba-6beabc2404db,BABI (바비),"의류 청바지, 티셔츠, 원피스, 자켓 및 악세사리",의정부로데오상점가,자율상권구역,경기도,,,
72e1ac8a6457801123f2,full_annotation_v1,A,q_의류_11,양복 맞추는 곳,패션·잡화 중 '의류'를 판매·제공하는 매장,train,의류,T4 구어·문장,23525456-4795-46bb-bc7a-f12183d0a834,라비엘라 광주본점,양복,사직중앙로 골목형상점가,골목형상점가,광주광역시,,,
0bb0bf8ae1e8f43d757d,full_annotation_v1,A,q_의류_11,양복 맞추는 곳,패션·잡화 중 '의류'를 판매·제공하는 매장,train,의류,T4 구어·문장,f9d690db-2966-496e-b39d-8bada2d0a537,최병원테일러,양복,백년소상공인,기타,울산광역시,,,
37448e5971ac873169ce,full_annotation_v1,A,q_의류_11,양복 맞추는 곳,패션·잡화 중 '의류'를 판매·제공하는 매장,train,의류,T4 구어·문장,512a7463-c2d0-429f-8df6-d5efe55c7bf5,경주 옷가게 털보형제들,,경주중심상가,전통시장,경상북도,,,
8dca752d28ff0ee49b34,full_annotation_v1,A,q_의류_11,양복 맞추는 곳,패션·잡화 중 '의류'를 판매·제공하는 매장,train,의류,T4 구어·문장,24456103-f6b8-46af-8655-82e61d7265d8,커피가 머무르는 곳,커피,반드레길골목형상점가,골목형상점가,서울특별시,,,
9603dc483b3e41809fb5,full_annotation_v1,A,q_의류_11,양복 맞추는 곳,패션·잡화 중 '의류'를 판매·제공하는 매장,train,의류,T4 구어·문장,2743811c-5e71-4d2b-aa75-1b0147d44f2d,사우 꽃이 피는 곳,꽃,김포 풍년마을 골목형상점가,골목형상점가,경기도,,,
c479501976e18fde9052,full_annotation_v1,A,q_의류_11,양복 맞추는 곳,패션·잡화 중 '의류'를 판매·제공하는 매장,train,의류,T4 구어·문장,033fc658-a256-42a6-8ebf-24763bc43ba1,신광컴퓨터세탁소,세탁소,대야 골목형상점가,골목형상점가,전북특별자치도,,,
c50245e067ff405a570c,full_annotation_v1,A,q_의류_11,양복 맞추는 곳,패션·잡화 중 '의류'를 판매·제공하는 매장,train,의류,T4 구어·문장,011975e6-5c12-42c3-9d7d-81f8eba753c7,러브아트,홈패션,공주산성시장,전통시장,충청남도,,,
cec7a6d8b2cfaf675e0d,full_annotation_v1,A,q_의류_11,양복 맞추는 곳,패션·잡화 중 '의류'를 판매·제공하는 매장,train,의류,T4 구어·문장,48ca5b9e-9007-4be8-a3e8-4f8638f55b98,전담몬스터,,"산북,소룡 골목형상점가",골목형상점가,전북특별자치도,,,
158537f95b5de256190d,full_annotation_v1,A,q_의류_11,양복 맞추는 곳,패션·잡화 중 '의류'를 판매·제공하는 매장,train,의류,T4 구어·문장,00128db8-b700-42b3-be50-1760b6c08487,자이세탁,의류세탁,신봉하나로 골목형상점가,골목형상점가,경기도,,,
8b466177ca784cb84ad2,full_annotation_v1,A,q_의류_11,양복 맞추는 곳,패션·잡화 중 '의류'를 판매·제공하는 매장,train,의류,T4 구어·문장,5842a07d-d008-409e-8a0f-ecfd67339322,노벨양복점,양복,영주로상권,자율상권구역,경상북도,,,
a67a9722ac7b1f41cbb8,full_annotation_v1,A,q_의류_11,양복 맞추는 곳,패션·잡화 중 '의류'를 판매·제공하는 매장,train,의류,T4 구어·문장,03a58cd8-1705-4bf2-8be7-3a160d1c25df,중앙수선,의복수선,중앙도매시장,전통시장,대전광역시,,,
c4ca1091af2bb761bd18,full_annotation_v1,A,q_의류_11,양복 맞추는 곳,패션·잡화 중 '의류'를 판매·제공하는 매장,train,의류,T4 구어·문장,05e6b9e7-3971-4a4f-b541-26089f913728,민지의상실,수선,제천중앙시장,전통시장,충청북도,,,
a11967c544674e573527,full_annotation_v1,A,q_의류_11,양복 맞추는 곳,패션·잡화 중 '의류'를 판매·제공하는 매장,train,의류,T4 구어·문장,3d3c0935-25e4-424c-92bb-081ad940d99b,충장직물,양복 셔츠,충장로45가 상점가,자율상권구역,광주광역시,,,
ca5f062563348134ff7a,full_annotation_v1,A,q_의류_11,양복 맞추는 곳,패션·잡화 중 '의류'를 판매·제공하는 매장,train,의류,T4 구어·문장,3741000e-2d80-427f-a716-dbda70833e89,예술라사,양복,스타프라자전통시장,전통시장,경기도,,,
7b5e051e6d5bf71d2f71,full_annotation_v1,A,q_의류_11,양복 맞추는 곳,패션·잡화 중 '의류'를 판매·제공하는 매장,train,의류,T4 구어·문장,00158f51-4d3a-4ac0-9e38-b37552f5e097,지지배,의류,나주금빛상점가,자율상권구역,전라남도,,,
bada12ddc3ca9387536b,full_annotation_v1,A,q_의류_11,양복 맞추는 곳,패션·잡화 중 '의류'를 판매·제공하는 매장,train,의류,T4 구어·문장,d20afc64-1d76-4176-bc80-872d9c801ce4,파크랜드 광주월곡점,양복,월곡1동 골목형상점가,골목형상점가,광주광역시,,,
4c11369aa81555973449,full_annotation_v1,A,q_의류_11,양복 맞추는 곳,패션·잡화 중 '의류'를 판매·제공하는 매장,train,의류,T4 구어·문장,05291547-c22d-430e-95c2-e31bda19a90a,슈퍼타이 본점,세탁,월드시티상가 골목형상점가,골목형상점가,울산광역시,,,
143ecfd1ee1a6470fc9f,full_annotation_v1,A,q_의류_11,양복 맞추는 곳,패션·잡화 중 '의류'를 판매·제공하는 매장,train,의류,T4 구어·문장,49ef3cf2-c7aa-4686-adcc-010ac98a8880,해성양복점,양복,신정중앙 골목형상점가,골목형상점가,울산광역시,,,
37b159b72d156bdc3af6,full_annotation_v1,A,q_의류_11,양복 맞추는 곳,패션·잡화 중 '의류'를 판매·제공하는 매장,train,의류,T4 구어·문장,19302821-2b5d-4d61-860c-0328418dc8e2,또와,기성복,아트프라자,자율상권구역,서울특별시,,,
d0f2c896e9741a596938,full_annotation_v1,A,q_의류_11,양복 맞추는 곳,패션·잡화 중 '의류'를 판매·제공하는 매장,train,의류,T4 구어·문장,325d26ec-5178-49ef-8e85-49ca5c60b39b,으뜸50안경,"도소매(안경,콘택트렌즈)",평촌1번가 상점가,자율상권구역,경기도,,,
b2cf92f03356760519dc,full_annotation_v1,A,q_의류_12,옷 사는 데,패션·잡화 중 '의류'를 판매·제공하는 매장,train,의류,T4 구어·문장,c97511c5-9ced-439c-8256-fff0f92ab55e,달자네옷,옷,진보전통시장,전통시장,경상북도,,,
d66ee640e8c3a37d4c08,full_annotation_v1,A,q_의류_12,옷 사는 데,패션·잡화 중 '의류'를 판매·제공하는 매장,train,의류,T4 구어·문장,03a58cd8-1705-4bf2-8be7-3a160d1c25df,중앙수선,의복수선,중앙도매시장,전통시장,대전광역시,,,
da57ae08d68ad2406f01,full_annotation_v1,A,q_의류_12,옷 사는 데,패션·잡화 중 '의류'를 판매·제공하는 매장,train,의류,T4 구어·문장,fceff6ad-e44f-40a3-8af2-e9642aa08ef6,행복구제,옷,성환1번가 골목형상점가,골목형상점가,충청남도,,,
94597977dc7dbafa2dc2,full_annotation_v1,A,q_의류_12,옷 사는 데,패션·잡화 중 '의류'를 판매·제공하는 매장,train,의류,T4 구어·문장,9abffc7e-051d-4f6b-9e79-11136376f574,크림,옷,동산상가,전통시장,대구광역시,,,
c1497b1723d956097da9,full_annotation_v1,A,q_의류_12,옷 사는 데,패션·잡화 중 '의류'를 판매·제공하는 매장,train,의류,T4 구어·문장,0d962cb0-9e7a-4c65-a83e-50ca752476c4,다이나핏,옷,공주산성 활성화구역,전통시장,충청남도,,,
1a8480dd6141da9a2009,full_annotation_v1,A,q_의류_12,옷 사는 데,패션·잡화 중 '의류'를 판매·제공하는 매장,train,의류,T4 구어·문장,023923b8-1217-420d-94da-1dbed6318c95,두올수선,옷수선,부평대아지하상점가,일반지하상점가,인천광역시,,,
a003eb3bf45595fd2609,full_annotation_v1,A,q_의류_12,옷 사는 데,패션·잡화 중 '의류'를 판매·제공하는 매장,train,의류,T4 구어·문장,cc0ee073-4b09-43e0-8c2b-90ac0d1018ba,월봉의류,옷,대왕암 월봉시장,전통시장,울산광역시,,,
67fae060abb8a94b16e5,full_annotation_v1,A,q_의류_12,옷 사는 데,패션·잡화 중 '의류'를 판매·제공하는 매장,train,의류,T4 구어·문장,1f9e5989-5ce6-436d-b0f1-17257b3e74e6,겐조투,옷,금산프라자 골목형상점가,골목형상점가,경기도,,,
b7b3d909aee156c97e4f,full_annotation_v1,A,q_의류_12,옷 사는 데,패션·잡화 중 '의류'를 판매·제공하는 매장,train,의류,T4 구어·문장,65b55cc3-77ce-4373-adef-d80eb76fd49d,양동짜장나라,중식,양동시장,전통시장,광주광역시,,,
84c98642873ca3fb8914,full_annotation_v1,A,q_의류_12,옷 사는 데,패션·잡화 중 '의류'를 판매·제공하는 매장,train,의류,T4 구어·문장,026c5d57-26e4-48c1-a181-862bcda8df43,블럭팡 아산탕정점,장난감,한들물빛도시 골목형 상점가,골목형상점가,충청남도,,,
aa29961ded3c8dd6dd6f,full_annotation_v1,A,q_의류_12,옷 사는 데,패션·잡화 중 '의류'를 판매·제공하는 매장,train,의류,T4 구어·문장,00e9be42-1358-4d8a-91f4-119aaed2a77b,백경사,"작업복, 기성복, 안전화 등",부산진시장,전통시장,부산광역시,,,
b69e25c53f8789cc53ec,full_annotation_v1,A,q_의류_12,옷 사는 데,패션·잡화 중 '의류'를 판매·제공하는 매장,train,의류,T4 구어·문장,033fc658-a256-42a6-8ebf-24763bc43ba1,신광컴퓨터세탁소,세탁소,대야 골목형상점가,골목형상점가,전북특별자치도,,,
9fc84e15a9ed3a82da40,full_annotation_v1,A,q_의류_12,옷 사는 데,패션·잡화 중 '의류'를 판매·제공하는 매장,train,의류,T4 구어·문장,078f51c7-dbe7-46b5-9089-2e2824e6553c,장흥수산,낙지 홍어 바지락,대인시장,전통시장,광주광역시,,,
467577dee542561f3a05,full_annotation_v1,A,q_의류_12,옷 사는 데,패션·잡화 중 '의류'를 판매·제공하는 매장,train,의류,T4 구어·문장,07db0235-e6d4-45bf-8a47-ab8b01f06574,럭키블럭,장난감,연제초 앞 골목형상점가,골목형상점가,광주광역시,,,
ed21acafe6d89ed60359,full_annotation_v1,A,q_의류_12,옷 사는 데,패션·잡화 중 '의류'를 판매·제공하는 매장,train,의류,T4 구어·문장,2c2fe59d-d3c8-47f6-ac99-d1b7b44875ee,애플,옷,동산상가,전통시장,대구광역시,,,
9e7e92bc31f2061a7fee,full_annotation_v1,A,q_의류_12,옷 사는 데,패션·잡화 중 '의류'를 판매·제공하는 매장,train,의류,T4 구어·문장,03938df9-3e91-4681-9dac-e5687a891dd2,가방가게,패션잡화,순천원도심상점가,자율상권구역,전라남도,,,
3f7fe27a0b212092566d,full_annotation_v1,A,q_의류_12,옷 사는 데,패션·잡화 중 '의류'를 판매·제공하는 매장,train,의류,T4 구어·문장,f51827ce-8d11-4ac7-b452-3b865b6bc90a,제이디엑스,옷,송하동 골목형상점가,골목형상점가,광주광역시,,,
cfa12acb3ea2ca179268,full_annotation_v1,A,q_의류_12,옷 사는 데,패션·잡화 중 '의류'를 판매·제공하는 매장,train,의류,T4 구어·문장,00158f51-4d3a-4ac0-9e38-b37552f5e097,지지배,의류,나주금빛상점가,자율상권구역,전라남도,,,
55fa7684c96f82da7e02,full_annotation_v1,A,q_의류_12,옷 사는 데,패션·잡화 중 '의류'를 판매·제공하는 매장,train,의류,T4 구어·문장,0352930b-2c8b-4c93-b1a5-4a873580604b,코코패션,옷,간데메공원골목형상점가,골목형상점가,서울특별시,,,
2bcb30ca5e4cddc99902,full_annotation_v1,A,q_의류_12,옷 사는 데,패션·잡화 중 '의류'를 판매·제공하는 매장,train,의류,T4 구어·문장,396e0bad-c963-445c-9105-d48a52029e3c,로즈마리,옷,원주자유시장,전통시장,강원특별자치도,,,
343fa14a0b7d400c498c,full_annotation_v1,A,q_의류_12,옷 사는 데,패션·잡화 중 '의류'를 판매·제공하는 매장,train,의류,T4 구어·문장,53776ad6-4a97-4445-b7f6-e236725c5048,대박옷가게,옷가게,안동광석거리 골목형상점가,골목형상점가,경상북도,,,
15bcb2dfe306c6ae8e3c,full_annotation_v1,A,q_의류_12,옷 사는 데,패션·잡화 중 '의류'를 판매·제공하는 매장,train,의류,T4 구어·문장,010935b9-fa62-49a8-9f7c-d2dd6937c278,예진 닭한마리,한식,강서구청먹자골목골목형상점가,골목형상점가,서울특별시,,,
272ddb13286d39624c9b,full_annotation_v1,A,q_의류_12,옷 사는 데,패션·잡화 중 '의류'를 판매·제공하는 매장,train,의류,T4 구어·문장,a69be704-f0e1-48d2-8b51-4f95fbf285a9,뽀솜이,옷,가재마을 골목형상점가,골목형상점가,세종특별자치시,,,
48fe20959c0fee5437fb,full_annotation_v1,A,q_의류_12,옷 사는 데,패션·잡화 중 '의류'를 판매·제공하는 매장,train,의류,T4 구어·문장,02851047-7760-4cdb-b811-74f6dff245bd,에덴의상실,수선,돈암시장,전통시장,서울특별시,,,
15de685cee4c448b791c,full_annotation_v1,A,q_의류_12,옷 사는 데,패션·잡화 중 '의류'를 판매·제공하는 매장,train,의류,T4 구어·문장,3048f878-8d02-4705-bc59-73bd2ebe9339,타미나,옷,동산상가,전통시장,대구광역시,,,
dea88d861f94a1d80f45,full_annotation_v1,A,q_의류_12,옷 사는 데,패션·잡화 중 '의류'를 판매·제공하는 매장,train,의류,T4 구어·문장,cd939281-db77-4c98-a59d-268216ba9e39,살롱패션,옷,동인천지하상가(동인천지하아케이드),일반지하상점가,인천광역시,,,
56a2c2a149686b21f765,full_annotation_v1,A,q_의류_12,옷 사는 데,패션·잡화 중 '의류'를 판매·제공하는 매장,train,의류,T4 구어·문장,420fd618-4255-4a98-bdf0-6fa2c4289d8a,마리,옷,홍대소상공인 상점가,자율상권구역,서울특별시,,,
b5558fa98d7ef4bec682,full_annotation_v1,A,q_의류_12,옷 사는 데,패션·잡화 중 '의류'를 판매·제공하는 매장,train,의류,T4 구어·문장,3e726f77-a8bd-4416-aad7-a1cd0a2f5a6b,오땡큐,옷,두류1번가,일반지하상점가,대구광역시,,,
1fb5a6064ff91c987901,full_annotation_v1,A,q_의류_12,옷 사는 데,패션·잡화 중 '의류'를 판매·제공하는 매장,train,의류,T4 구어·문장,0213d775-a9ba-4c68-8b2b-ee3ed98c4d46,썬라이즈,기터의복,진주 중앙상점가,자율상권구역,경상남도,,,
9a671f65d54af3cd8fbf,full_annotation_v1,A,q_의류_12,옷 사는 데,패션·잡화 중 '의류'를 판매·제공하는 매장,train,의류,T4 구어·문장,014b6a30-fb19-4f0f-8ab0-5139e2368173,월드옷수선,의류수선,수원역전시장,전통시장,경기도,,,
1f783f3ea3bc83e6156a,full_annotation_v1,A,q_의류_12,옷 사는 데,패션·잡화 중 '의류'를 판매·제공하는 매장,train,의류,T4 구어·문장,0cd4e040-9521-44ca-809c-d51f100e9356,토이빌리지,유아완구.장난감,석교동 이웃마루 골목형상점가,골목형상점가,대전광역시,,,
389e25269e0723e2e414,full_annotation_v1,A,q_의류_12,옷 사는 데,패션·잡화 중 '의류'를 판매·제공하는 매장,train,의류,T4 구어·문장,9068b297-03aa-4390-bc0e-75cd917a24bb,돌체,옷,엄사 골목형상점가,골목형상점가,충청남도,,,
28a6919b628fa17cf26b,full_annotation_v1,A,q_의류_12,옷 사는 데,패션·잡화 중 '의류'를 판매·제공하는 매장,train,의류,T4 구어·문장,3af9369c-1627-4640-9e24-2a80170f1ef6,파크랜드,옷,서천읍 군사리 골목형상점가,골목형상점가,충청남도,,,
f5c4d2c2969339fa418a,full_annotation_v1,A,q_의류_12,옷 사는 데,패션·잡화 중 '의류'를 판매·제공하는 매장,train,의류,T4 구어·문장,3d5956d4-0ca8-4f79-be24-a0e2c9286c9e,더곱따,옷,장성읍 골목형상점가,골목형상점가,전라남도,,,
4c465adbc2a214baeaa8,full_annotation_v1,A,q_의류_12,옷 사는 데,패션·잡화 중 '의류'를 판매·제공하는 매장,train,의류,T4 구어·문장,58f1076e-5a94-4c1b-bdcd-a3886a2b0f15,명동의류,옷,영월종합상가,전통시장,강원특별자치도,,,
3648864cb5c319136d62,full_annotation_v1,A,q_의류_12,옷 사는 데,패션·잡화 중 '의류'를 판매·제공하는 매장,train,의류,T4 구어·문장,fac95a96-1d0c-4b21-8857-87f759ce0906,죠니김헤어,미용,한솔동 6~7단지상점가,자율상권구역,세종특별자치시,,,
af466816484329916e87,full_annotation_v1,A,q_의류_12,옷 사는 데,패션·잡화 중 '의류'를 판매·제공하는 매장,train,의류,T4 구어·문장,927b32d1-27ca-4664-b0a3-102c233b5137,카라,옷,연일전통시장,전통시장,경상북도,,,
2ef4a9048beb477eac15,full_annotation_v1,A,q_의류_12,옷 사는 데,패션·잡화 중 '의류'를 판매·제공하는 매장,train,의류,T4 구어·문장,77ea2c60-2f05-46cd-8449-7e5a16f40416,옷&소품,옷,신매시장,전통시장,대구광역시,,,
55532edce66712569d5b,full_annotation_v1,A,q_의류_12,옷 사는 데,패션·잡화 중 '의류'를 판매·제공하는 매장,train,의류,T4 구어·문장,00c60bef-93f3-4d19-a8e8-aeae0ef0fe43,이삭의상실,"패션디자인마춤양장, 스포츠이류및용품",군산 원도심 골목형상점가,골목형상점가,전북특별자치도,,,
c2fdeffe41519bfe90a6,full_annotation_v1,A,q_의류_12,옷 사는 데,패션·잡화 중 '의류'를 판매·제공하는 매장,train,의류,T4 구어·문장,a0f9f4ef-7074-489d-b751-f9f69f85338e,썬,옷,서문시장2지구 종합상가,전통시장,대구광역시,,,
4d0f569d43f17fe5a3ab,full_annotation_v1,A,q_의류_12,옷 사는 데,패션·잡화 중 '의류'를 판매·제공하는 매장,train,의류,T4 구어·문장,95afc672-1721-4259-8df9-de544cc489dd,씨유 수유중앙점,편의점,수유역골목형상점가,골목형상점가,서울특별시,,,
44199bac088618762b00,full_annotation_v1,A,q_의류_12,옷 사는 데,패션·잡화 중 '의류'를 판매·제공하는 매장,train,의류,T4 구어·문장,282b0e8b-051c-49f9-a707-b982df803589,까라벨라 데 오르,스파게티,동명동 카페거리 골목형상점가,골목형상점가,광주광역시,,,
3637324c0a59cd530a27,full_annotation_v1,A,q_의류_12,옷 사는 데,패션·잡화 중 '의류'를 판매·제공하는 매장,train,의류,T4 구어·문장,f14df4d3-9858-4a8b-8597-20fd477d8e32,갤러리 데 루치아,가구,용인어정가구단지상점가,자율상권구역,경기도,,,
3fe519a54d2481c9166b,full_annotation_v1,A,q_의류_12,옷 사는 데,패션·잡화 중 '의류'를 판매·제공하는 매장,train,의류,T4 구어·문장,00fc2b18-ffa0-45b1-b03a-af61257944a9,충일구두수선,구두수선,충주무학시장,전통시장,충청북도,,,
98073ecd98429c58eccd,full_annotation_v1,A,q_의류_12,옷 사는 데,패션·잡화 중 '의류'를 판매·제공하는 매장,train,의류,T4 구어·문장,83962f28-32c4-4c5f-a96a-f1d1145281b2,시장닭집,생닭,남목전통시장,전통시장,울산광역시,,,
826e2741b73a0ab0af4f,full_annotation_v1,A,q_의류_12,옷 사는 데,패션·잡화 중 '의류'를 판매·제공하는 매장,train,의류,T4 구어·문장,d1ae6bf9-4e46-470d-b872-710693467a3d,꼼빠니아,옷,덕이동패션1번지,전통시장,경기도,,,
c28fdee74eee88c9920d,full_annotation_v1,A,q_의류_12,옷 사는 데,패션·잡화 중 '의류'를 판매·제공하는 매장,train,의류,T4 구어·문장,0be4957d-6b1f-4146-82fd-f1c84ac6ca84,임마누엘,옷,진부전통시장,전통시장,강원특별자치도,,,
5cd521a599d2f83db3eb,full_annotation_v1,A,q_의류_12,옷 사는 데,패션·잡화 중 '의류'를 판매·제공하는 매장,train,의류,T4 구어·문장,4bb54bc1-ca5d-4d6c-a6af-7c27b8dcb70c,공주네백반,한식,곰소 골목형상점가,골목형상점가,전북특별자치도,,,
08a92d450d37d02f39af,full_annotation_v1,A,q_의류_12,옷 사는 데,패션·잡화 중 '의류'를 판매·제공하는 매장,train,의류,T4 구어·문장,8c2586fc-8fb0-423d-aaf1-3dc3f51d9562,상하이반점,,경암동 서래장터 골목형상점가,골목형상점가,전북특별자치도,,,
54501896391387835161,full_annotation_v1,A,q_의류_12,옷 사는 데,패션·잡화 중 '의류'를 판매·제공하는 매장,train,의류,T4 구어·문장,4ee66f6f-09f7-4cc8-9449-a76374535d35,5번가,옷,서문시장2지구 종합상가,전통시장,대구광역시,,,
2c2712416f1e758a832f,full_annotation_v1,A,q_의류_12,옷 사는 데,패션·잡화 중 '의류'를 판매·제공하는 매장,train,의류,T4 구어·문장,09b55ffd-48d2-4cf4-a1d9-1d13cc7a7de7,오리온,기성복,남대문시장,전통시장,서울특별시,,,
aa6ce5340c221ac15061,full_annotation_v1,A,q_의류_12,옷 사는 데,패션·잡화 중 '의류'를 판매·제공하는 매장,train,의류,T4 구어·문장,f4015506-d56c-4894-8a72-39fb86efec9c,리나홈패션,옷,오치1동(제2지역:북부소방서 사거리) 골목형상점가,골목형상점가,광주광역시,,,
f75a658c649d979277ec,full_annotation_v1,A,q_의류_12,옷 사는 데,패션·잡화 중 '의류'를 판매·제공하는 매장,train,의류,T4 구어·문장,597c9513-9923-40d4-8505-9ad4f2c6b606,레지아,옷,부산진시장,전통시장,부산광역시,,,
6078bb4667fe4c3f52c7,full_annotation_v1,A,q_의류_12,옷 사는 데,패션·잡화 중 '의류'를 판매·제공하는 매장,train,의류,T4 구어·문장,cb6507b7-20c0-4e2d-ab51-0f65dccff250,새한피아노,,경암동 서래장터 골목형상점가,골목형상점가,전북특별자치도,,,
fd37291d957dd61effec,full_annotation_v1,A,q_의류_12,옷 사는 데,패션·잡화 중 '의류'를 판매·제공하는 매장,train,의류,T4 구어·문장,5f7a9931-6680-4fcb-882a-78cddd3ad0f3,실브,옷,부평깡통시장(구 부산부평시장),전통시장,부산광역시,,,
bcc2691761fc333f34a1,full_annotation_v1,A,q_의류_12,옷 사는 데,패션·잡화 중 '의류'를 판매·제공하는 매장,train,의류,T4 구어·문장,000a5a26-66b9-432f-bb77-247655765f2b,백조섬유,여성의류,서문시장 제5지구,전통시장,대구광역시,,,
c5cc9e57a093c0c1bea0,full_annotation_v1,A,q_의류_12,옷 사는 데,패션·잡화 중 '의류'를 판매·제공하는 매장,train,의류,T4 구어·문장,2b0d6a08-b76b-4c29-a692-80a15ab9f12e,그랏츠,옷,부평깡통시장(구 부산부평시장),전통시장,부산광역시,,,
216a647916fe210fb6a8,full_annotation_v1,A,q_의류_12,옷 사는 데,패션·잡화 중 '의류'를 판매·제공하는 매장,train,의류,T4 구어·문장,70e92b81-7465-4c3b-a4ab-18555f4c9eda,레베카,옷,사가정시장,전통시장,서울특별시,,,
6379d97bf729ac155aed,full_annotation_v1,A,q_의류_12,옷 사는 데,패션·잡화 중 '의류'를 판매·제공하는 매장,train,의류,T4 구어·문장,32c42c1b-45d5-4679-97ee-9eafe613b030,가음정라보라,옷,창원 가음정시장,전통시장,경상남도,,,
701b72618a932a834330,full_annotation_v1,A,q_의류_12,옷 사는 데,패션·잡화 중 '의류'를 판매·제공하는 매장,train,의류,T4 구어·문장,101f067b-9256-4c87-aa09-8190370d38ae,서울상회,옷,교동시장1길 상점가,자율상권구역,대구광역시,,,
0cd61f6c23722cd707ab,full_annotation_v1,A,q_의류_12,옷 사는 데,패션·잡화 중 '의류'를 판매·제공하는 매장,train,의류,T4 구어·문장,05e6b9e7-3971-4a4f-b541-26089f913728,민지의상실,수선,제천중앙시장,전통시장,충청북도,,,
f20eda637eb0f077fd44,full_annotation_v1,A,q_의류_12,옷 사는 데,패션·잡화 중 '의류'를 판매·제공하는 매장,train,의류,T4 구어·문장,f711dec3-c9f5-4234-b52b-dfedaae185f0,블루,옷,전농로터리시장,전통시장,서울특별시,,,
0359199293b4aa176ee6,full_annotation_v1,A,q_의류_12,옷 사는 데,패션·잡화 중 '의류'를 판매·제공하는 매장,train,의류,T4 구어·문장,3f98149e-0427-4eec-8825-b864801c61c5,석관다복,옷,돌곶이시장,전통시장,서울특별시,,,
3ebcb09e16a4537c8a15,full_annotation_v1,A,q_의류_12,옷 사는 데,패션·잡화 중 '의류'를 판매·제공하는 매장,train,의류,T4 구어·문장,39cdcf99-b246-4c92-a1ce-430456055aae,마니,옷,문화의거리 상점가,자율상권구역,울산광역시,,,
f8b7e7cdefde6a98d403,full_annotation_v1,A,q_의류_12,옷 사는 데,패션·잡화 중 '의류'를 판매·제공하는 매장,train,의류,T4 구어·문장,10cf99d8-a820-4c81-8c3b-3d12c6c6feb8,K2,옷,덕이동패션1번지,전통시장,경기도,,,
39b64259ea70288db7ac,full_annotation_v1,A,q_의류_12,옷 사는 데,패션·잡화 중 '의류'를 판매·제공하는 매장,train,의류,T4 구어·문장,a82b0806-ede7-4f56-82bf-73c681b34283,S패션,옷,창동골목시장,전통시장,서울특별시,,,
1642b77363a90dd429b2,full_annotation_v1,A,q_의류_12,옷 사는 데,패션·잡화 중 '의류'를 판매·제공하는 매장,train,의류,T4 구어·문장,26d023e0-6144-4340-bc75-75617eb9f548,풍기인견,옷,원주자유시장,전통시장,강원특별자치도,,,
916b5b6e90fa3d170f8c,full_annotation_v1,A,q_의류_12,옷 사는 데,패션·잡화 중 '의류'를 판매·제공하는 매장,train,의류,T4 구어·문장,c29ef265-6689-424b-b99e-8a18a4d6a7e2,패션랜드,옷,송정5일시장,전통시장,광주광역시,,,
ca2af746c2c485c6006d,full_annotation_v1,A,q_의류_12,옷 사는 데,패션·잡화 중 '의류'를 판매·제공하는 매장,train,의류,T4 구어·문장,05291547-c22d-430e-95c2-e31bda19a90a,슈퍼타이 본점,세탁,월드시티상가 골목형상점가,골목형상점가,울산광역시,,,
f4cace34c4a303507db0,full_annotation_v1,A,q_의류_12,옷 사는 데,패션·잡화 중 '의류'를 판매·제공하는 매장,train,의류,T4 구어·문장,c174f39f-2d1b-46ad-a89f-e7ccc4e13dff,멋나래,옷,전주중앙상가시장,전통시장,전북특별자치도,,,
eb292831faf058a2b09f,full_annotation_v1,A,q_의류_12,옷 사는 데,패션·잡화 중 '의류'를 판매·제공하는 매장,train,의류,T4 구어·문장,413c17c7-cc44-4734-8980-f13b631b9629,옷수선,옷,대왕암사거리 골목형상점가,골목형상점가,울산광역시,,,
d6bf4d23c10955a236d2,full_annotation_v1,A,q_의류_12,옷 사는 데,패션·잡화 중 '의류'를 판매·제공하는 매장,train,의류,T4 구어·문장,000a92b3-0b5e-429e-af00-f86e3570e24b,클로버,의류,관문상가시장,전통시장,대구광역시,,,
7d9af5f0caacf0cb8423,full_annotation_v1,A,q_의류_12,옷 사는 데,패션·잡화 중 '의류'를 판매·제공하는 매장,train,의류,T4 구어·문장,d8bcea05-84ee-4c48-a547-041916842238,블랙야크,옷,송하동 골목형상점가,골목형상점가,광주광역시,,,
aff516f4888067a5f57f,full_annotation_v1,A,q_의류_12,옷 사는 데,패션·잡화 중 '의류'를 판매·제공하는 매장,train,의류,T4 구어·문장,556a2562-e691-4a73-8450-83ed15099f11,다올,옷,신포지하상가,일반지하상점가,인천광역시,,,
a35bde5dc30ad47ca658,full_annotation_v1,A,q_의류_12,옷 사는 데,패션·잡화 중 '의류'를 판매·제공하는 매장,train,의류,T4 구어·문장,d9a6b700-9bb0-4940-aed0-1f6eefbde6d1,오버롤즈,옷,동명동 카페거리 골목형상점가,골목형상점가,광주광역시,,,
5edbc0e20bca1e75d0e6,full_annotation_v1,A,q_의류_12,옷 사는 데,패션·잡화 중 '의류'를 판매·제공하는 매장,train,의류,T4 구어·문장,b7b3a948-d86d-45e1-afb8-c2791b7bd118,샵오구이,옷,상무연하상인회 골목형상점가,골목형상점가,광주광역시,,,
12b8013460886f81166e,full_annotation_v1,A,q_의류_12,옷 사는 데,패션·잡화 중 '의류'를 판매·제공하는 매장,train,의류,T4 구어·문장,a7fd5769-219a-4c05-9b5f-a9474ac43d46,소풍,옷,루원이음길 골목형상점가,골목형상점가,인천광역시,,,
8e8ec851476dc12e8c61,full_annotation_v1,A,q_의류_12,옷 사는 데,패션·잡화 중 '의류'를 판매·제공하는 매장,train,의류,T4 구어·문장,1943c599-6590-4dc5-8d6c-39bf7bf95dc1,쪼리,"청바지, 악세사리",경주중심상가,전통시장,경상북도,,,
c168338553216f209e4f,full_annotation_v1,A,q_의류_12,옷 사는 데,패션·잡화 중 '의류'를 판매·제공하는 매장,train,의류,T4 구어·문장,cfad3883-5ed0-4847-b638-5e20d56e8947,초크,옷,㈜르네시떼,전통시장,부산광역시,,,
c7c6436806ca1313d7a6,full_annotation_v1,A,q_의류_12,옷 사는 데,패션·잡화 중 '의류'를 판매·제공하는 매장,train,의류,T4 구어·문장,00172c94-61f0-4197-afeb-d7e8187c79b5,옷이예쁘다,의류,메트로센터(반월당지하쇼핑),일반지하상점가,대구광역시,,,
127c47b971322c149632,full_annotation_v1,A,q_의류_12,옷 사는 데,패션·잡화 중 '의류'를 판매·제공하는 매장,train,의류,T4 구어·문장,00054f1d-4cae-4345-9975-1423bc49e4dc,착한아이들,의류,중앙전통시장,전통시장,울산광역시,,,
1b651777aa1292a56ed0,full_annotation_v1,A,q_의류_12,옷 사는 데,패션·잡화 중 '의류'를 판매·제공하는 매장,train,의류,T4 구어·문장,007c84b4-7b91-431f-9cf2-61f2ac4a13b4,빛나크리닝,세탁업,삼각동 골목형상점가,골목형상점가,광주광역시,,,
49ffd78fa23a6558a0b7,full_annotation_v1,A,q_의류_12,옷 사는 데,패션·잡화 중 '의류'를 판매·제공하는 매장,train,의류,T4 구어·문장,552cf2ab-99dd-45dd-8caf-5531530ac900,아리랑꽃게랑,일식,곰소 골목형상점가,골목형상점가,전북특별자치도,,,
3ee678ca4230de0380b7,full_annotation_v1,A,q_의류_12,옷 사는 데,패션·잡화 중 '의류'를 판매·제공하는 매장,train,의류,T4 구어·문장,916dd581-9795-44a6-a044-e206709803a4,센띠미엔또,옷,문화의거리 상점가,자율상권구역,울산광역시,,,
7644435c4a0fdadff219,full_annotation_v1,A,q_의류_12,옷 사는 데,패션·잡화 중 '의류'를 판매·제공하는 매장,train,의류,T4 구어·문장,7f976443-0413-4eb8-9c00-951320c4f104,노원골 제주 흑돼지,돼지고기,수락산디자인거리 골목형상점가,골목형상점가,서울특별시,,,
8bea204c58241cc4e422,full_annotation_v1,A,q_의류_12,옷 사는 데,패션·잡화 중 '의류'를 판매·제공하는 매장,train,의류,T4 구어·문장,013a01ba-2abc-42d5-9f1b-e0708f0a806b,경남,의류(기타 의복 소매),부산진시장,전통시장,부산광역시,,,
13668e727d5fe9c14f33,full_annotation_v1,A,q_의류_12,옷 사는 데,패션·잡화 중 '의류'를 판매·제공하는 매장,train,의류,T4 구어·문장,da257990-447d-4171-8f38-ef527039ecc8,유행따라,옷,중앙신시장,전통시장,경상북도,,,
189c0cbf1b2f445534f2,full_annotation_v1,A,q_의류_12,옷 사는 데,패션·잡화 중 '의류'를 판매·제공하는 매장,train,의류,T4 구어·문장,2959fcf4-7f22-4161-b67a-68dbd988e97b,스타일,옷,진잠 골목형상점가,골목형상점가,대전광역시,,,
25bb9ef693dc15507c70,full_annotation_v1,A,q_의류_12,옷 사는 데,패션·잡화 중 '의류'를 판매·제공하는 매장,train,의류,T4 구어·문장,8c470ffc-8f1a-4794-b837-dd59bb2e86ee,바이혀니,옷,조암시장,전통시장,경기도,,,
076a0019d0a6ff9e9601,full_annotation_v1,A,q_의류_12,옷 사는 데,패션·잡화 중 '의류'를 판매·제공하는 매장,train,의류,T4 구어·문장,0743783e-8456-40b3-8ece-e592d976b7af,데님647,청바지,백년소상공인,기타,서울특별시,,,
e95ab7747119be911d71,full_annotation_v1,A,q_의류_12,옷 사는 데,패션·잡화 중 '의류'를 판매·제공하는 매장,train,의류,T4 구어·문장,e2c9e88c-d3b0-4c08-95eb-2e49f56f5120,벨라,옷,장성읍 골목형상점가,골목형상점가,전라남도,,,
5c59ef35f01d4f2c0e7b,full_annotation_v1,A,q_의류_12,옷 사는 데,패션·잡화 중 '의류'를 판매·제공하는 매장,train,의류,T4 구어·문장,03159423-3cb1-401e-af77-89751a639bb8,주홍,바지,아트프라자,자율상권구역,서울특별시,,,
bddb62c244342689cc60,full_annotation_v1,A,q_의류_12,옷 사는 데,패션·잡화 중 '의류'를 판매·제공하는 매장,train,의류,T4 구어·문장,4a10655a-ca92-413a-8ade-7ea466ab0505,화미,옷,팔달시민상가시장,전통시장,경기도,,,
630053f48ab6a8d30b89,full_annotation_v1,A,q_의류_12,옷 사는 데,패션·잡화 중 '의류'를 판매·제공하는 매장,train,의류,T4 구어·문장,418b5888-d1b2-412f-9ee7-3833e60d7c79,부띠끄,옷,진부전통시장,전통시장,강원특별자치도,,,
1c05741d04eeb7f3883e,full_annotation_v1,A,q_의류_12,옷 사는 데,패션·잡화 중 '의류'를 판매·제공하는 매장,train,의류,T4 구어·문장,b59b9921-a1c3-4d2a-8014-6e5ee9e60d38,행복2,옷,새동인천지하상가,일반지하상점가,인천광역시,,,
1de589b21bf76518c0c1,full_annotation_v1,A,q_의류_12,옷 사는 데,패션·잡화 중 '의류'를 판매·제공하는 매장,train,의류,T4 구어·문장,7b072214-dae6-41c7-a5fe-8f8c64d98339,체리,옷,신정상가시장,전통시장,울산광역시,,,
5025b3314a8bf87a35dc,full_annotation_v1,A,q_의류_12,옷 사는 데,패션·잡화 중 '의류'를 판매·제공하는 매장,train,의류,T4 구어·문장,19302821-2b5d-4d61-860c-0328418dc8e2,또와,기성복,아트프라자,자율상권구역,서울특별시,,,
d615292a692df5852073,full_annotation_v1,A,q_의류_12,옷 사는 데,패션·잡화 중 '의류'를 판매·제공하는 매장,train,의류,T4 구어·문장,63e4c97e-2b2d-4f3a-9f59-325531fd7d40,마리,옷,동해남부재래시장,전통시장,강원특별자치도,,,
eab84e3de7e73bffd21b,full_annotation_v1,A,q_의류_12,옷 사는 데,패션·잡화 중 '의류'를 판매·제공하는 매장,train,의류,T4 구어·문장,29bc3d2b-f593-4f77-aee2-80ac916b073a,짱수제돈까스,돈까스,서동시장(창인시장),전통시장,전북특별자치도,,,
f3936f8d6a541bec1eee,full_annotation_v1,A,q_의류_12,옷 사는 데,패션·잡화 중 '의류'를 판매·제공하는 매장,train,의류,T4 구어·문장,691c22bf-ad0e-4096-8951-507b2da4f844,황실패션,옷,전주중앙상가시장,전통시장,전북특별자치도,,,
e4f5e9aea59a4718f45d,full_annotation_v1,A,q_의류_12,옷 사는 데,패션·잡화 중 '의류'를 판매·제공하는 매장,train,의류,T4 구어·문장,6a6fb2c8-59e4-4f4f-a1de-245b8ee7b6b6,파스텔,옷,노룬산골목시장,전통시장,서울특별시,,,
8db1f2ac9629dd5b8103,full_annotation_v1,A,q_의류_12,옷 사는 데,패션·잡화 중 '의류'를 판매·제공하는 매장,train,의류,T4 구어·문장,73f471e1-ad28-4255-8286-2c1fa7bbb29e,여성크로커다일,옷,익산중앙상점가,골목형상점가,전북특별자치도,,,
039e45ded3316bc3d513,full_annotation_v1,A,q_의류_12,옷 사는 데,패션·잡화 중 '의류'를 판매·제공하는 매장,train,의류,T4 구어·문장,98cdf3e5-5ad6-4d6b-be49-ae26238af44f,구미 옷가게 슬릭앤코(SLEEK AND CO),,문화로 자율상권구역,,경상북도,,,
da0f07754fffbef446e0,full_annotation_v1,A,q_의류_12,옷 사는 데,패션·잡화 중 '의류'를 판매·제공하는 매장,train,의류,T4 구어·문장,014602ec-34d6-41db-98d1-f7941ce5c2da,밝은 세탁,수선,노대물빛근린공원 골목형상점가,골목형상점가,광주광역시,,,
416cb3f470d3b1edcf83,full_annotation_v1,A,q_의류_12,옷 사는 데,패션·잡화 중 '의류'를 판매·제공하는 매장,train,의류,T4 구어·문장,159a2f7b-b9a8-4aaf-9cbd-2624c1910498,김경희패션,옷,전주중앙상가시장,전통시장,전북특별자치도,,,
e9a2569b39e5e5161eb8,full_annotation_v1,A,q_의류_12,옷 사는 데,패션·잡화 중 '의류'를 판매·제공하는 매장,train,의류,T4 구어·문장,2a1a27b5-6e8b-44a1-8971-a48abe0305fb,핑,옷,덕이동메인타운상점가(구 덕이동로데오메인타운),자율상권구역,경기도,,,
2e9b8972950f37153d33,full_annotation_v1,A,q_의류_12,옷 사는 데,패션·잡화 중 '의류'를 판매·제공하는 매장,train,의류,T4 구어·문장,4c9ec80c-f903-4157-88ac-92f16af307fa,체이스컬트,옷,우산상인회 골목형상점가,골목형상점가,광주광역시,,,
f5d2a85dbe546b60285a,full_annotation_v1,A,q_의류_12,옷 사는 데,패션·잡화 중 '의류'를 판매·제공하는 매장,train,의류,T4 구어·문장,03052be2-67e1-48ff-a71f-63500facd038,윤순영패션,,용대로119번길 골목형상점가,골목형상점가,,,,
d82ee154d75e892fbd18,full_annotation_v1,A,q_의류_12,옷 사는 데,패션·잡화 중 '의류'를 판매·제공하는 매장,train,의류,T4 구어·문장,00fd4bd1-180e-4d03-895c-331fb333c6e4,전주송천점폴햄,섬유 의복 신발 및 가죽제품,송천행복로 골목형상점가,골목형상점가,전북특별자치도,,,
1c659c598eaa1081c7df,full_annotation_v1,A,q_의류_12,옷 사는 데,패션·잡화 중 '의류'를 판매·제공하는 매장,train,의류,T4 구어·문장,0010d634-70b8-4627-8dea-822a9bb56922,라엘,여성의류,동산상가,전통시장,대구광역시,,,
deb39a3bd7516b30180f,full_annotation_v1,A,q_의류_12,옷 사는 데,패션·잡화 중 '의류'를 판매·제공하는 매장,train,의류,T4 구어·문장,03cf59c3-0bce-43ff-9df1-14e946a2bd29,금산트라이,"모자, 가방, 패션잡화",금산중앙로상점가,자율상권구역,충청남도,,,
73a592b11bc939b56f53,full_annotation_v1,A,q_의류_12,옷 사는 데,패션·잡화 중 '의류'를 판매·제공하는 매장,train,의류,T4 구어·문장,853bc8df-7829-4e64-8ff9-a603ff869e5c,터치샵,옷,동산상가,전통시장,대구광역시,,,
2242edecbd11e8128863,full_annotation_v1,A,q_의류_12,옷 사는 데,패션·잡화 중 '의류'를 판매·제공하는 매장,train,의류,T4 구어·문장,6bf7d4d1-0596-40dd-8ff8-2c635c15f6ab,초이스#,옷,당진원시가지상가,자율상권구역,충청남도,,,
1cdf8b73bce07b9f3ff8,full_annotation_v1,A,q_의류_12,옷 사는 데,패션·잡화 중 '의류'를 판매·제공하는 매장,train,의류,T4 구어·문장,68331905-ce0e-4544-a338-03c530ceef03,수블리,옷,양주신산시장마을상점가,골목형상점가,경기도,,,
53730658ff657d1f28be,full_annotation_v1,A,q_의류_12,옷 사는 데,패션·잡화 중 '의류'를 판매·제공하는 매장,train,의류,T4 구어·문장,00124602-ef4e-472c-91ee-de53b28d7530,화이트,의류,울산번개시장,전통시장,울산광역시,,,
1ae1eac2da465a4c0ad0,full_annotation_v1,A,q_의류_12,옷 사는 데,패션·잡화 중 '의류'를 판매·제공하는 매장,train,의류,T4 구어·문장,011975e6-5c12-42c3-9d7d-81f8eba753c7,러브아트,홈패션,공주산성시장,전통시장,충청남도,,,
406f894a321fd1ecbcfb,full_annotation_v1,A,q_의류_12,옷 사는 데,패션·잡화 중 '의류'를 판매·제공하는 매장,train,의류,T4 구어·문장,03bb289d-619e-4167-a4d6-867b6239e669,롱다리,옷,창원 가음시장대상가,전통시장,경상남도,,,
129bacded6cb62251241,full_annotation_v1,A,q_의류_12,옷 사는 데,패션·잡화 중 '의류'를 판매·제공하는 매장,train,의류,T4 구어·문장,7d7ec072-fc37-45c2-ba6c-62dca3868c10,이새,옷,순천연향패션상가,자율상권구역,전라남도,,,
dc198d8ad65893f068e5,full_annotation_v1,A,q_의류_12,옷 사는 데,패션·잡화 중 '의류'를 판매·제공하는 매장,train,의류,T4 구어·문장,02db4104-b701-453b-a7ef-cf0c3014ffde,광명디자인,수선,서문시장아진상가,전통시장,대구광역시,,,
e9621bccd6ad122adc96,full_annotation_v1,A,q_의류_12,옷 사는 데,패션·잡화 중 '의류'를 판매·제공하는 매장,train,의류,T4 구어·문장,1eaf6dc3-f0f0-4350-8341-9f6f4334b965,다소곳,옷,전주모래내시장,전통시장,전북특별자치도,,,
74995450be8160ae9511,full_annotation_v1,A,q_의류_12,옷 사는 데,패션·잡화 중 '의류'를 판매·제공하는 매장,train,의류,T4 구어·문장,0329ae89-cc96-41bc-b7b1-4c5255b46dda,네파,옷,덕이동패션1번지,전통시장,경기도,,,
f6081ff32917eba88dcd,full_annotation_v1,A,q_의류_12,옷 사는 데,패션·잡화 중 '의류'를 판매·제공하는 매장,train,의류,T4 구어·문장,e857d124-1a25-4b05-86d2-5ef26092cf62,판타스틱짐 수유점,헬스,수유역골목형상점가,골목형상점가,서울특별시,,,
8011e0951b4878dc34e8,full_annotation_v1,A,q_의류_12,옷 사는 데,패션·잡화 중 '의류'를 판매·제공하는 매장,train,의류,T4 구어·문장,76abb76b-d19f-41ac-ad4d-26d32bffad62,수지,옷가게(의류),양산 나래메트로시티 골목형상점가,골목형상점가,경상남도,,,
4f45efdace47e5a484be,full_annotation_v1,A,q_의류_12,옷 사는 데,패션·잡화 중 '의류'를 판매·제공하는 매장,train,의류,T4 구어·문장,2dff2444-5de3-46aa-8cbe-2a5928b185dc,신세대,옷,평택통복시장,전통시장,경기도,,,
2c7ac1b50cca85cee4a0,full_annotation_v1,A,q_의류_12,옷 사는 데,패션·잡화 중 '의류'를 판매·제공하는 매장,train,의류,T4 구어·문장,ec4d6f68-d1c4-4e1e-8727-8e6e93467e55,성희샵,옷,안동광석거리 골목형상점가,골목형상점가,경상북도,,,
54c546d8c6d916bbbaff,full_annotation_v1,A,q_의류_12,옷 사는 데,패션·잡화 중 '의류'를 판매·제공하는 매장,train,의류,T4 구어·문장,00083664-fb4e-4e3b-bb0a-d9a0a1e8f87f,롯데세탁소,,와룡로 골목형상점가,골목형상점가,전북특별자치도,,,
7d7dd45d7e83bf6d1cc0,full_annotation_v1,A,q_의류_12,옷 사는 데,패션·잡화 중 '의류'를 판매·제공하는 매장,train,의류,T4 구어·문장,6ef9edd7-938c-4678-8ae7-8f80abc0e8c4,니끼다,옷,서문시장2지구 종합상가,전통시장,대구광역시,,,
df5d6255026236bc68ef,full_annotation_v1,A,q_의류_12,옷 사는 데,패션·잡화 중 '의류'를 판매·제공하는 매장,train,의류,T4 구어·문장,641e76d3-ea66-458a-97ba-1882b4ab78b4,썬플라워데일리룩,옷,담양시장,전통시장,전라남도,,,
56ab745ed7270d43fefb,full_annotation_v1,A,q_의류_12,옷 사는 데,패션·잡화 중 '의류'를 판매·제공하는 매장,train,의류,T4 구어·문장,157fb81f-e67a-483b-8415-b756543d4cf6,유아상사,장난감,㈜르네시떼,전통시장,부산광역시,,,
61baa3efd2e6e30b6158,full_annotation_v1,A,q_의류_12,옷 사는 데,패션·잡화 중 '의류'를 판매·제공하는 매장,train,의류,T4 구어·문장,d0fa492c-3a34-4e56-bdb1-81c8d222e175,다민유통,옷,하당꽃길1가 골목형상점가,골목형상점가,전라남도,,,
a23763bcb4ca6b59137a,full_annotation_v1,A,q_의류_12,옷 사는 데,패션·잡화 중 '의류'를 판매·제공하는 매장,train,의류,T4 구어·문장,bd165bc3-a60b-481b-8760-5bce00a3cf4f,흥국옷수선,옷,흥국상가,자율상권구역,전라남도,,,
79602980f76d07b18d51,full_annotation_v1,A,q_의류_12,옷 사는 데,패션·잡화 중 '의류'를 판매·제공하는 매장,train,의류,T4 구어·문장,00c164d0-76c7-4e7a-9676-ecfdbb052077,크린토피아신창점,세탁,신창수문 골목형상점가,골목형상점가,광주광역시,,,
1bc3cbd190303f81f883,full_annotation_v1,A,q_의류_12,옷 사는 데,패션·잡화 중 '의류'를 판매·제공하는 매장,train,의류,T4 구어·문장,26220224-2c69-49c4-998f-cf019e71f136,토야,옷,중앙전통시장,전통시장,울산광역시,,,
3b00c8ce03f038a361a6,full_annotation_v1,A,q_의류_12,옷 사는 데,패션·잡화 중 '의류'를 판매·제공하는 매장,train,의류,T4 구어·문장,ac7b2f5d-646b-44e2-a850-a869cbb8fcc0,요조숙녀,옷,우치서하로 골목형상점가,골목형상점가,광주광역시,,,
0b0d5e0a91921c10f9a6,full_annotation_v1,A,q_의류_12,옷 사는 데,패션·잡화 중 '의류'를 판매·제공하는 매장,train,의류,T4 구어·문장,04aacab6-be8f-4470-b58d-33d49bec0a4f,한스,도소매(기성복),통일상가,전통시장,서울특별시,,,
0abf07779478c8af79ab,full_annotation_v1,A,q_의류_12,옷 사는 데,패션·잡화 중 '의류'를 판매·제공하는 매장,train,의류,T4 구어·문장,00128db8-b700-42b3-be50-1760b6c08487,자이세탁,의류세탁,신봉하나로 골목형상점가,골목형상점가,경기도,,,
ade44ed81a7f7b24b7b4,full_annotation_v1,A,q_의류_12,옷 사는 데,패션·잡화 중 '의류'를 판매·제공하는 매장,train,의류,T4 구어·문장,0a618541-1ad6-4688-bc49-dda573271f1d,샬롬구제,옷,화서시장,전통시장,경기도,,,
2be735d43e62ddf518fd,full_annotation_v1,A,q_의류_12,옷 사는 데,패션·잡화 중 '의류'를 판매·제공하는 매장,train,의류,T4 구어·문장,05ceaf94-c8e1-4ec6-9148-be979dc3614f,달인옷수선,수선,양산 덕계종합상설시장,전통시장,경상남도,,,
f90f7d4d13fe9970e769,full_annotation_v1,A,q_의류_12,옷 사는 데,패션·잡화 중 '의류'를 판매·제공하는 매장,train,의류,T4 구어·문장,c4a55028-6ed6-494d-88be-1e9c4aa1fa52,올리브,옷,동림1 골목형상점가,골목형상점가,광주광역시,,,
48a27cdc26ca2db74a2e,full_annotation_v1,A,q_의류_12,옷 사는 데,패션·잡화 중 '의류'를 판매·제공하는 매장,train,의류,T4 구어·문장,ca7d1b15-82ea-4d90-835f-eab541b742f2,스몰피쉬,회,관저동 먹자골목 골목형상점가,골목형상점가,대전광역시,,,
d523e5a6aa8273d16a7f,full_annotation_v1,A,q_의류_12,옷 사는 데,패션·잡화 중 '의류'를 판매·제공하는 매장,train,의류,T4 구어·문장,7e48d996-d6c3-4863-bfac-dddf4450d17b,선일상사,의류부자재,광장전통시장,자율상권구역,서울특별시,,,
97725ea5905a3e7947fb,full_annotation_v1,A,q_의류_12,옷 사는 데,패션·잡화 중 '의류'를 판매·제공하는 매장,train,의류,T4 구어·문장,c2fb9d36-b157-4d37-94eb-852345a0ae39,베스띠벨리,옷,운천호수공원상인회 골목형상점가,골목형상점가,광주광역시,,,
ccc3c795cdf4457fd26a,full_annotation_v1,A,q_의류_12,옷 사는 데,패션·잡화 중 '의류'를 판매·제공하는 매장,train,의류,T4 구어·문장,019c9868-92c6-4e25-b2ea-903f322c9acf,맡겨봐신발세탁,세탁,임동 골목형상점가,골목형상점가,광주광역시,,,
930eec26902fe1f4d75f,full_annotation_v1,A,q_의류_12,옷 사는 데,패션·잡화 중 '의류'를 판매·제공하는 매장,train,의류,T4 구어·문장,222b1cff-a8fa-4d7b-bd7a-e6bc028182f9,초이스,옷,부평깡통시장(구 부산부평시장),전통시장,부산광역시,,,
b1a6ae64ca37f676694a,full_annotation_v1,A,q_의류_12,옷 사는 데,패션·잡화 중 '의류'를 판매·제공하는 매장,train,의류,T4 구어·문장,164666ec-be0a-4c47-b673-9ab7000e37c9,에스,옷,중앙로 지하상가 상점가,일반지하상점가,대전광역시,,,
4dcbcf3b95919b3ea3e3,full_annotation_v1,A,q_의류_12,옷 사는 데,패션·잡화 중 '의류'를 판매·제공하는 매장,train,의류,T4 구어·문장,afdd18fe-178a-4464-bb55-84bf8a01b443,모던,옷,원종고강제일시장(부천제일시장),전통시장,경기도,,,
a8d5dbb121330b02620c,full_annotation_v1,A,q_의류_12,옷 사는 데,패션·잡화 중 '의류'를 판매·제공하는 매장,train,의류,T4 구어·문장,a1100c40-c5c1-4a19-a59b-4a1a0de5e774,아씨,소매업(의류),돌고래시장(돌고래종합상가),전통시장,경기도,,,
db7eaab8f8003d1c83bc,full_annotation_v1,A,q_의류_12,옷 사는 데,패션·잡화 중 '의류'를 판매·제공하는 매장,train,의류,T4 구어·문장,aba76fc2-984e-4030-ba01-e2e7d78264c7,데 아로즈 대전둔산본점,,갈리단길 골목형상점가,골목형상점가,대전광역시,,,
b2013b5c769ec33d156f,full_annotation_v1,A,q_의류_12,옷 사는 데,패션·잡화 중 '의류'를 판매·제공하는 매장,train,의류,T4 구어·문장,2d9a91df-c256-4726-9e01-9e491c7b297a,블루,옷가게,전주중앙상가시장,전통시장,전북특별자치도,,,
9ffe8f9c207923089c60,full_annotation_v1,A,q_의류_12,옷 사는 데,패션·잡화 중 '의류'를 판매·제공하는 매장,train,의류,T4 구어·문장,9e5a4c9e-1230-40fd-8813-0b5798a46648,수,옷,황지자유시장,전통시장,강원특별자치도,,,
ba716254d99a59e483a2,full_annotation_v1,A,q_의류_12,옷 사는 데,패션·잡화 중 '의류'를 판매·제공하는 매장,train,의류,T4 구어·문장,ad25c8a8-fcf3-4169-870d-06b96f93de16,이동우콜렉션,옷,평화로상가,자율상권구역,경상북도,,,
18d51237d9731d3a58ea,full_annotation_v1,A,q_의류_12,옷 사는 데,패션·잡화 중 '의류'를 판매·제공하는 매장,train,의류,T4 구어·문장,10a861e2-8717-40d5-8bab-79fd68d83a8e,라온,옷,풍암SK.광명상가상인회 골목형상점가,골목형상점가,광주광역시,,,
355e06c3795cf6b5223f,full_annotation_v1,A,q_의류_12,옷 사는 데,패션·잡화 중 '의류'를 판매·제공하는 매장,train,의류,T4 구어·문장,74495023-b04e-4ea8-9201-11d8ab7d8ed8,나들목 노래방,노래방,수락산디자인거리 골목형상점가,골목형상점가,서울특별시,,,
e02e4b2e3736ad7aade9,full_annotation_v1,A,q_의류_12,옷 사는 데,패션·잡화 중 '의류'를 판매·제공하는 매장,train,의류,T4 구어·문장,0ab4febb-1ab2-42cf-aae3-53c528083921,에스텔라,의류(기성복),평화로상가,자율상권구역,경상북도,,,
119459c6fc37eb8c5498,full_annotation_v1,A,q_의류_12,옷 사는 데,패션·잡화 중 '의류'를 판매·제공하는 매장,train,의류,T4 구어·문장,08bf9cce-9cb9-4a61-b84f-88c0eacd90a8,커먼패션,옷,창원 가음정시장,전통시장,경상남도,,,
5c943e36b1d7ea343167,full_annotation_v1,A,q_의류_12,옷 사는 데,패션·잡화 중 '의류'를 판매·제공하는 매장,train,의류,T4 구어·문장,512a7463-c2d0-429f-8df6-d5efe55c7bf5,경주 옷가게 털보형제들,,경주중심상가,전통시장,경상북도,,,
ac5733499818fb0c5013,full_annotation_v1,A,q_의류_12,옷 사는 데,패션·잡화 중 '의류'를 판매·제공하는 매장,train,의류,T4 구어·문장,8356300f-b26b-478f-a101-fac36ac38e16,최의상,옷,포항죽도농산물시장,전통시장,경상북도,,,
88545b03d846d5d8b0df,full_annotation_v1,A,q_의류_12,옷 사는 데,패션·잡화 중 '의류'를 판매·제공하는 매장,train,의류,T4 구어·문장,02edb9ce-a58f-4d06-a0f7-8f3af74e85d0,로보키즈,장난감대여,용봉지구 골목형상점가,골목형상점가,광주광역시,,,
d4c91d496b3478b6a4dc,full_annotation_v1,A,q_의류_12,옷 사는 데,패션·잡화 중 '의류'를 판매·제공하는 매장,train,의류,T4 구어·문장,0304511e-62e7-4e31-8d19-61a115ffaa76,깔롱쟁이,의복,봉선1로 골목형상점가,골목형상점가,광주광역시,,,
c5bb35c8dd56cd4bb1bb,full_annotation_v1,A,q_의류_12,옷 사는 데,패션·잡화 중 '의류'를 판매·제공하는 매장,train,의류,T4 구어·문장,18d014d4-5a51-42bb-b2ba-6beabc2404db,BABI (바비),"의류 청바지, 티셔츠, 원피스, 자켓 및 악세사리",의정부로데오상점가,자율상권구역,경기도,,,
c292ef19482cc43404ba,full_annotation_v1,A,q_의류_12,옷 사는 데,패션·잡화 중 '의류'를 판매·제공하는 매장,train,의류,T4 구어·문장,aa62ddd1-79d1-4a90-84e0-36120de14b2d,노빵,옷,창원 가음정시장,전통시장,경상남도,,,
c787ab1672212b4f7807,full_annotation_v1,A,q_의류_12,옷 사는 데,패션·잡화 중 '의류'를 판매·제공하는 매장,train,의류,T4 구어·문장,441ab8f2-f52d-44c8-b8f7-8d2a5b1e4806,토탈패션,옷,제민천 골목형상점가,골목형상점가,충청남도,,,
35321f5bdbc6480d51f6,full_annotation_v1,A,q_의류_13,옷 파는 곳,패션·잡화 중 '의류'를 판매·제공하는 매장,train,의류,T4 구어·문장,03052be2-67e1-48ff-a71f-63500facd038,윤순영패션,,용대로119번길 골목형상점가,골목형상점가,,,,
e05da5c0da00b4af3afd,full_annotation_v1,A,q_의류_13,옷 파는 곳,패션·잡화 중 '의류'를 판매·제공하는 매장,train,의류,T4 구어·문장,6ef9edd7-938c-4678-8ae7-8f80abc0e8c4,니끼다,옷,서문시장2지구 종합상가,전통시장,대구광역시,,,
c0856f16bfc1443fdbea,full_annotation_v1,A,q_의류_13,옷 파는 곳,패션·잡화 중 '의류'를 판매·제공하는 매장,train,의류,T4 구어·문장,014b6a30-fb19-4f0f-8ab0-5139e2368173,월드옷수선,의류수선,수원역전시장,전통시장,경기도,,,
ce3703dbe701cca4f96e,full_annotation_v1,A,q_의류_13,옷 파는 곳,패션·잡화 중 '의류'를 판매·제공하는 매장,train,의류,T4 구어·문장,be9f8c61-892c-48ed-a49d-b63bd032c025,소곳,의류,고투몰(강남터미널지하도상점가),일반지하상점가,서울특별시,,,
913f5fb3f3457a9c2abb,full_annotation_v1,A,q_의류_13,옷 파는 곳,패션·잡화 중 '의류'를 판매·제공하는 매장,train,의류,T4 구어·문장,011975e6-5c12-42c3-9d7d-81f8eba753c7,러브아트,홈패션,공주산성시장,전통시장,충청남도,,,
088da28c279c14b263b6,full_annotation_v1,A,q_의류_13,옷 파는 곳,패션·잡화 중 '의류'를 판매·제공하는 매장,train,의류,T4 구어·문장,07490210-f1e0-4a6e-8b2c-c549564745da,바이네르용봉점,옷,패션의거리,자율상권구역,광주광역시,,,
f269ebbb3b7146ffb71a,full_annotation_v1,A,q_의류_13,옷 파는 곳,패션·잡화 중 '의류'를 판매·제공하는 매장,train,의류,T4 구어·문장,3af9369c-1627-4640-9e24-2a80170f1ef6,파크랜드,옷,서천읍 군사리 골목형상점가,골목형상점가,충청남도,,,
414cd8c675ce48eb2b45,full_annotation_v1,A,q_의류_13,옷 파는 곳,패션·잡화 중 '의류'를 판매·제공하는 매장,train,의류,T4 구어·문장,10cf99d8-a820-4c81-8c3b-3d12c6c6feb8,K2,옷,덕이동패션1번지,전통시장,경기도,,,
418bdda0b6787c094e10,full_annotation_v1,A,q_의류_13,옷 파는 곳,패션·잡화 중 '의류'를 판매·제공하는 매장,train,의류,T4 구어·문장,00054f1d-4cae-4345-9975-1423bc49e4dc,착한아이들,의류,중앙전통시장,전통시장,울산광역시,,,
b911a1b7a8588e87c625,full_annotation_v1,A,q_의류_13,옷 파는 곳,패션·잡화 중 '의류'를 판매·제공하는 매장,train,의류,T4 구어·문장,00172c94-61f0-4197-afeb-d7e8187c79b5,옷이예쁘다,의류,메트로센터(반월당지하쇼핑),일반지하상점가,대구광역시,,,
84272e3149958753e45a,full_annotation_v1,A,q_의류_13,옷 파는 곳,패션·잡화 중 '의류'를 판매·제공하는 매장,train,의류,T4 구어·문장,078f51c7-dbe7-46b5-9089-2e2824e6553c,장흥수산,낙지 홍어 바지락,대인시장,전통시장,광주광역시,,,
8a03828a09d2980ec707,full_annotation_v1,A,q_의류_13,옷 파는 곳,패션·잡화 중 '의류'를 판매·제공하는 매장,train,의류,T4 구어·문장,222b1cff-a8fa-4d7b-bd7a-e6bc028182f9,초이스,옷,부평깡통시장(구 부산부평시장),전통시장,부산광역시,,,
b3d4988d5b8e8af505b9,full_annotation_v1,A,q_의류_13,옷 파는 곳,패션·잡화 중 '의류'를 판매·제공하는 매장,train,의류,T4 구어·문장,413c17c7-cc44-4734-8980-f13b631b9629,옷수선,옷,대왕암사거리 골목형상점가,골목형상점가,울산광역시,,,
ac87b6cf2c3bf8f84f00,full_annotation_v1,A,q_의류_13,옷 파는 곳,패션·잡화 중 '의류'를 판매·제공하는 매장,train,의류,T4 구어·문장,0329ae89-cc96-41bc-b7b1-4c5255b46dda,네파,옷,덕이동패션1번지,전통시장,경기도,,,
e744178b2a449356069d,full_annotation_v1,A,q_의류_13,옷 파는 곳,패션·잡화 중 '의류'를 판매·제공하는 매장,train,의류,T4 구어·문장,0010d634-70b8-4627-8dea-822a9bb56922,라엘,여성의류,동산상가,전통시장,대구광역시,,,
22a17c3664ec02193d80,full_annotation_v1,A,q_의류_13,옷 파는 곳,패션·잡화 중 '의류'를 판매·제공하는 매장,train,의류,T4 구어·문장,19302821-2b5d-4d61-860c-0328418dc8e2,또와,기성복,아트프라자,자율상권구역,서울특별시,,,
30c7bd524823b53a9f93,full_annotation_v1,A,q_의류_13,옷 파는 곳,패션·잡화 중 '의류'를 판매·제공하는 매장,train,의류,T4 구어·문장,c29ef265-6689-424b-b99e-8a18a4d6a7e2,패션랜드,옷,송정5일시장,전통시장,광주광역시,,,
6391fdf0f02c529817ce,full_annotation_v1,A,q_의류_13,옷 파는 곳,패션·잡화 중 '의류'를 판매·제공하는 매장,train,의류,T4 구어·문장,0743783e-8456-40b3-8ece-e592d976b7af,데님647,청바지,백년소상공인,기타,서울특별시,,,
087aa7b225cdf6c768ed,full_annotation_v1,A,q_의류_13,옷 파는 곳,패션·잡화 중 '의류'를 판매·제공하는 매장,train,의류,T4 구어·문장,396e0bad-c963-445c-9105-d48a52029e3c,로즈마리,옷,원주자유시장,전통시장,강원특별자치도,,,
4e7b8d075bf6ddaaec59,full_annotation_v1,A,q_의류_13,옷 파는 곳,패션·잡화 중 '의류'를 판매·제공하는 매장,train,의류,T4 구어·문장,013a01ba-2abc-42d5-9f1b-e0708f0a806b,경남,의류(기타 의복 소매),부산진시장,전통시장,부산광역시,,,
9685707e06d2ecf245d3,full_annotation_v1,A,q_의류_13,옷 파는 곳,패션·잡화 중 '의류'를 판매·제공하는 매장,train,의류,T4 구어·문장,d0fa492c-3a34-4e56-bdb1-81c8d222e175,다민유통,옷,하당꽃길1가 골목형상점가,골목형상점가,전라남도,,,
327fa0f9d60854fe5c1f,full_annotation_v1,A,q_의류_13,옷 파는 곳,패션·잡화 중 '의류'를 판매·제공하는 매장,train,의류,T4 구어·문장,420fd618-4255-4a98-bdf0-6fa2c4289d8a,마리,옷,홍대소상공인 상점가,자율상권구역,서울특별시,,,
1101f3b883e081ee6dba,full_annotation_v1,A,q_의류_13,옷 파는 곳,패션·잡화 중 '의류'를 판매·제공하는 매장,train,의류,T4 구어·문장,159a2f7b-b9a8-4aaf-9cbd-2624c1910498,김경희패션,옷,전주중앙상가시장,전통시장,전북특별자치도,,,
32b3d926d9035ea8574d,full_annotation_v1,A,q_의류_13,옷 파는 곳,패션·잡화 중 '의류'를 판매·제공하는 매장,train,의류,T4 구어·문장,ffd7248d-a2ca-42d9-837e-04d04a4d300d,인천상회,옷,남원용남시장,전통시장,전북특별자치도,,,
db8e3aef2da66bbe0359,full_annotation_v1,A,q_의류_13,옷 파는 곳,패션·잡화 중 '의류'를 판매·제공하는 매장,train,의류,T4 구어·문장,76a3551b-dae4-4326-92cc-662015aedbfb,쉴 곳,한식,칠성로상점가,자율상권구역,제주특별자치도,,,
fbd5ffadef51dc235f2d,full_annotation_v1,A,q_의류_13,옷 파는 곳,패션·잡화 중 '의류'를 판매·제공하는 매장,train,의류,T4 구어·문장,d9a6b700-9bb0-4940-aed0-1f6eefbde6d1,오버롤즈,옷,동명동 카페거리 골목형상점가,골목형상점가,광주광역시,,,
26dd7de9f972a7c6e64c,full_annotation_v1,A,q_의류_13,옷 파는 곳,패션·잡화 중 '의류'를 판매·제공하는 매장,train,의류,T4 구어·문장,cfad3883-5ed0-4847-b638-5e20d56e8947,초크,옷,㈜르네시떼,전통시장,부산광역시,,,
b0685b22e30522fa13c3,full_annotation_v1,A,q_의류_13,옷 파는 곳,패션·잡화 중 '의류'를 판매·제공하는 매장,train,의류,T4 구어·문장,00e9be42-1358-4d8a-91f4-119aaed2a77b,백경사,"작업복, 기성복, 안전화 등",부산진시장,전통시장,부산광역시,,,
794162c7b45575f4499d,full_annotation_v1,A,q_의류_13,옷 파는 곳,패션·잡화 중 '의류'를 판매·제공하는 매장,train,의류,T4 구어·문장,0be4957d-6b1f-4146-82fd-f1c84ac6ca84,임마누엘,옷,진부전통시장,전통시장,강원특별자치도,,,
e2aa507e6e2ccdce9af7,full_annotation_v1,A,q_의류_13,옷 파는 곳,패션·잡화 중 '의류'를 판매·제공하는 매장,train,의류,T4 구어·문장,f51827ce-8d11-4ac7-b452-3b865b6bc90a,제이디엑스,옷,송하동 골목형상점가,골목형상점가,광주광역시,,,
f1f1bb1548beed763baa,full_annotation_v1,A,q_의류_13,옷 파는 곳,패션·잡화 중 '의류'를 판매·제공하는 매장,train,의류,T4 구어·문장,0e124e4e-869b-4df1-989e-5f541d670bb7,오가네 숯불 갈비,돼지갈비 삼겹,염주먹자골목B구역상인회 골목형상점가,골목형상점가,광주광역시,,,
01ff04e7c4f78f7798ad,full_annotation_v1,A,q_의류_13,옷 파는 곳,패션·잡화 중 '의류'를 판매·제공하는 매장,train,의류,T4 구어·문장,00124602-ef4e-472c-91ee-de53b28d7530,화이트,의류,울산번개시장,전통시장,울산광역시,,,
e81b161490c148f8c5e3,full_annotation_v1,A,q_의류_13,옷 파는 곳,패션·잡화 중 '의류'를 판매·제공하는 매장,train,의류,T4 구어·문장,e31d4049-65dc-4b56-9dc9-ff073b0dd0d9,제니언니,옷,서문시장2지구 종합상가,전통시장,대구광역시,,,
3be80553c623e166c93e,full_annotation_v1,A,q_의류_13,옷 파는 곳,패션·잡화 중 '의류'를 판매·제공하는 매장,train,의류,T4 구어·문장,76abb76b-d19f-41ac-ad4d-26d32bffad62,수지,옷가게(의류),양산 나래메트로시티 골목형상점가,골목형상점가,경상남도,,,
b8eecc8c90db5f5ba5af,full_annotation_v1,A,q_의류_13,옷 파는 곳,패션·잡화 중 '의류'를 판매·제공하는 매장,train,의류,T4 구어·문장,aa62ddd1-79d1-4a90-84e0-36120de14b2d,노빵,옷,창원 가음정시장,전통시장,경상남도,,,
17baa0f5c80bbbdd17ba,full_annotation_v1,A,q_의류_13,옷 파는 곳,패션·잡화 중 '의류'를 판매·제공하는 매장,train,의류,T4 구어·문장,03938df9-3e91-4681-9dac-e5687a891dd2,가방가게,패션잡화,순천원도심상점가,자율상권구역,전라남도,,,
2ad2b4c61b78e92260fa,full_annotation_v1,A,q_의류_13,옷 파는 곳,패션·잡화 중 '의류'를 판매·제공하는 매장,train,의류,T4 구어·문장,916dd581-9795-44a6-a044-e206709803a4,센띠미엔또,옷,문화의거리 상점가,자율상권구역,울산광역시,,,
9c774e0379466687dba9,full_annotation_v1,A,q_의류_13,옷 파는 곳,패션·잡화 중 '의류'를 판매·제공하는 매장,train,의류,T4 구어·문장,03cf59c3-0bce-43ff-9df1-14e946a2bd29,금산트라이,"모자, 가방, 패션잡화",금산중앙로상점가,자율상권구역,충청남도,,,
28e1deea00c7ebcfb959,full_annotation_v1,A,q_의류_13,옷 파는 곳,패션·잡화 중 '의류'를 판매·제공하는 매장,train,의류,T4 구어·문장,02edb9ce-a58f-4d06-a0f7-8f3af74e85d0,로보키즈,장난감대여,용봉지구 골목형상점가,골목형상점가,광주광역시,,,
f0e7f8d947dd08b17c4c,full_annotation_v1,A,q_의류_13,옷 파는 곳,패션·잡화 중 '의류'를 판매·제공하는 매장,train,의류,T4 구어·문장,c2fb9d36-b157-4d37-94eb-852345a0ae39,베스띠벨리,옷,운천호수공원상인회 골목형상점가,골목형상점가,광주광역시,,,
2b6cab9376bdd82c8107,full_annotation_v1,A,q_의류_13,옷 파는 곳,패션·잡화 중 '의류'를 판매·제공하는 매장,train,의류,T4 구어·문장,014602ec-34d6-41db-98d1-f7941ce5c2da,밝은 세탁,수선,노대물빛근린공원 골목형상점가,골목형상점가,광주광역시,,,
cf881c0a8478d6ed1208,full_annotation_v1,A,q_의류_13,옷 파는 곳,패션·잡화 중 '의류'를 판매·제공하는 매장,train,의류,T4 구어·문장,5f59c153-0ca4-4ba4-9f1c-e59663f9e5e2,꽃파는 카페 가배화,꽃가게,맛조이상인회 골목형상점가,골목형상점가,광주광역시,,,
60e8a77c79aa584c7b54,full_annotation_v1,A,q_의류_13,옷 파는 곳,패션·잡화 중 '의류'를 판매·제공하는 매장,train,의류,T4 구어·문장,1943c599-6590-4dc5-8d6c-39bf7bf95dc1,쪼리,"청바지, 악세사리",경주중심상가,전통시장,경상북도,,,
e13f01a1813f587891b0,full_annotation_v1,A,q_의류_13,옷 파는 곳,패션·잡화 중 '의류'를 판매·제공하는 매장,train,의류,T4 구어·문장,05ceaf94-c8e1-4ec6-9148-be979dc3614f,달인옷수선,수선,양산 덕계종합상설시장,전통시장,경상남도,,,
5a6f8041eecfc97b3006,full_annotation_v1,A,q_의류_13,옷 파는 곳,패션·잡화 중 '의류'를 판매·제공하는 매장,train,의류,T4 구어·문장,cc0ee073-4b09-43e0-8c2b-90ac0d1018ba,월봉의류,옷,대왕암 월봉시장,전통시장,울산광역시,,,
42fd0c8a5cc1f1526f1f,full_annotation_v1,A,q_의류_13,옷 파는 곳,패션·잡화 중 '의류'를 판매·제공하는 매장,train,의류,T4 구어·문장,0213d775-a9ba-4c68-8b2b-ee3ed98c4d46,썬라이즈,기터의복,진주 중앙상점가,자율상권구역,경상남도,,,
b93fa2f3e60eceb9b883,full_annotation_v1,A,q_의류_13,옷 파는 곳,패션·잡화 중 '의류'를 판매·제공하는 매장,train,의류,T4 구어·문장,2743811c-5e71-4d2b-aa75-1b0147d44f2d,사우 꽃이 피는 곳,꽃,김포 풍년마을 골목형상점가,골목형상점가,경기도,,,
2b9f3939e545497bc4bb,full_annotation_v1,A,q_의류_13,옷 파는 곳,패션·잡화 중 '의류'를 판매·제공하는 매장,train,의류,T4 구어·문장,8356300f-b26b-478f-a101-fac36ac38e16,최의상,옷,포항죽도농산물시장,전통시장,경상북도,,,
899ed536bc3f6252e9fb,full_annotation_v1,A,q_의류_13,옷 파는 곳,패션·잡화 중 '의류'를 판매·제공하는 매장,train,의류,T4 구어·문장,600a5c43-294c-4791-bc07-854be83091ff,기린의옷장,옷,지중해마을 골목형상점가,골목형상점가,충청남도,,,
7b5f7d31d3c8bd01272f,full_annotation_v1,A,q_의류_13,옷 파는 곳,패션·잡화 중 '의류'를 판매·제공하는 매장,train,의류,T4 구어·문장,4ee66f6f-09f7-4cc8-9449-a76374535d35,5번가,옷,서문시장2지구 종합상가,전통시장,대구광역시,,,
8c88d20ec9bc110194b2,full_annotation_v1,A,q_의류_13,옷 파는 곳,패션·잡화 중 '의류'를 판매·제공하는 매장,train,의류,T4 구어·문장,5bce5022-2ddf-4817-a960-a83603f52ef8,약령다원,찻집,대구약령시장,전통시장,대구광역시,,,
5d143cf06ff6ca2dae9a,full_annotation_v1,A,q_의류_13,옷 파는 곳,패션·잡화 중 '의류'를 판매·제공하는 매장,train,의류,T4 구어·문장,09b55ffd-48d2-4cf4-a1d9-1d13cc7a7de7,오리온,기성복,남대문시장,전통시장,서울특별시,,,
44740f08444ab2e448a5,full_annotation_v1,A,q_의류_13,옷 파는 곳,패션·잡화 중 '의류'를 판매·제공하는 매장,train,의류,T4 구어·문장,c4a55028-6ed6-494d-88be-1e9c4aa1fa52,올리브,옷,동림1 골목형상점가,골목형상점가,광주광역시,,,
481144dbcae6b581329b,full_annotation_v1,A,q_의류_13,옷 파는 곳,패션·잡화 중 '의류'를 판매·제공하는 매장,train,의류,T4 구어·문장,a0f9f4ef-7074-489d-b751-f9f69f85338e,썬,옷,서문시장2지구 종합상가,전통시장,대구광역시,,,
973daa9528acf6569111,full_annotation_v1,A,q_의류_13,옷 파는 곳,패션·잡화 중 '의류'를 판매·제공하는 매장,train,의류,T4 구어·문장,157fb81f-e67a-483b-8415-b756543d4cf6,유아상사,장난감,㈜르네시떼,전통시장,부산광역시,,,
66db7e2565416f99ab9e,full_annotation_v1,A,q_의류_13,옷 파는 곳,패션·잡화 중 '의류'를 판매·제공하는 매장,train,의류,T4 구어·문장,d5fe811e-e50d-40ce-95d3-9bbc62ca3131,황금남원추어탕,추어탕,운암 행복 나눔 골목형상점가,골목형상점가,광주광역시,,,
69ba0bf7817706801180,full_annotation_v1,A,q_의류_13,옷 파는 곳,패션·잡화 중 '의류'를 판매·제공하는 매장,train,의류,T4 구어·문장,05e6b9e7-3971-4a4f-b541-26089f913728,민지의상실,수선,제천중앙시장,전통시장,충청북도,,,
2347995e0d7535208b20,full_annotation_v1,A,q_의류_13,옷 파는 곳,패션·잡화 중 '의류'를 판매·제공하는 매장,train,의류,T4 구어·문장,6a6fb2c8-59e4-4f4f-a1de-245b8ee7b6b6,파스텔,옷,노룬산골목시장,전통시장,서울특별시,,,
b51f709d7084771a8014,full_annotation_v1,A,q_의류_13,옷 파는 곳,패션·잡화 중 '의류'를 판매·제공하는 매장,train,의류,T4 구어·문장,5f7a9931-6680-4fcb-882a-78cddd3ad0f3,실브,옷,부평깡통시장(구 부산부평시장),전통시장,부산광역시,,,
1b8748c1b39139eb0369,full_annotation_v1,A,q_의류_13,옷 파는 곳,패션·잡화 중 '의류'를 판매·제공하는 매장,train,의류,T4 구어·문장,40c0f92c-7205-4b43-bfe7-0e71da9bd593,씨유 구로경인점,편의점,개봉입구골목상가 골목형상점가,골목형상점가,서울특별시,,,
5ed8d6227ade9f0a025b,full_annotation_v1,A,q_의류_13,옷 파는 곳,패션·잡화 중 '의류'를 판매·제공하는 매장,train,의류,T4 구어·문장,b7b3a948-d86d-45e1-afb8-c2791b7bd118,샵오구이,옷,상무연하상인회 골목형상점가,골목형상점가,광주광역시,,,
162c01f8051eac530e9c,full_annotation_v1,A,q_의류_13,옷 파는 곳,패션·잡화 중 '의류'를 판매·제공하는 매장,train,의류,T4 구어·문장,a69be704-f0e1-48d2-8b51-4f95fbf285a9,뽀솜이,옷,가재마을 골목형상점가,골목형상점가,세종특별자치시,,,
0106d8b29e7cf0f0d221,full_annotation_v1,A,q_의류_13,옷 파는 곳,패션·잡화 중 '의류'를 판매·제공하는 매장,train,의류,T4 구어·문장,bdd87a79-ec57-43d4-9edc-494f707a248a,네파광주용봉점,옷,패션의거리,자율상권구역,광주광역시,,,
9019aa4be3962a51537f,full_annotation_v1,A,q_의류_13,옷 파는 곳,패션·잡화 중 '의류'를 판매·제공하는 매장,train,의류,T4 구어·문장,d1ae6bf9-4e46-470d-b872-710693467a3d,꼼빠니아,옷,덕이동패션1번지,전통시장,경기도,,,
8dc0db17cb608b3c8dd9,full_annotation_v1,A,q_의류_13,옷 파는 곳,패션·잡화 중 '의류'를 판매·제공하는 매장,train,의류,T4 구어·문장,45b4c374-f8fb-4f0b-a6d5-27627bd5fb8c,고기공장,육류,동림1 골목형상점가,골목형상점가,광주광역시,,,
5bebba206b8ece289343,full_annotation_v1,A,q_의류_13,옷 파는 곳,패션·잡화 중 '의류'를 판매·제공하는 매장,train,의류,T4 구어·문장,9abffc7e-051d-4f6b-9e79-11136376f574,크림,옷,동산상가,전통시장,대구광역시,,,
84c16a0e03ccb867e3c4,full_annotation_v1,A,q_의류_13,옷 파는 곳,패션·잡화 중 '의류'를 판매·제공하는 매장,train,의류,T4 구어·문장,63e4c97e-2b2d-4f3a-9f59-325531fd7d40,마리,옷,동해남부재래시장,전통시장,강원특별자치도,,,
7e2c4f17b4517079ce75,full_annotation_v1,A,q_의류_13,옷 파는 곳,패션·잡화 중 '의류'를 판매·제공하는 매장,train,의류,T4 구어·문장,98cdf3e5-5ad6-4d6b-be49-ae26238af44f,구미 옷가게 슬릭앤코(SLEEK AND CO),,문화로 자율상권구역,,경상북도,,,
7a1955265f6fd2632b73,full_annotation_v1,A,q_의류_13,옷 파는 곳,패션·잡화 중 '의류'를 판매·제공하는 매장,train,의류,T4 구어·문장,164666ec-be0a-4c47-b673-9ab7000e37c9,에스,옷,중앙로 지하상가 상점가,일반지하상점가,대전광역시,,,
4b78003450e1e0604616,full_annotation_v1,A,q_의류_13,옷 파는 곳,패션·잡화 중 '의류'를 판매·제공하는 매장,train,의류,T4 구어·문장,f711dec3-c9f5-4234-b52b-dfedaae185f0,블루,옷,전농로터리시장,전통시장,서울특별시,,,
4754f73c9c5eeb925bf3,full_annotation_v1,A,q_의류_13,옷 파는 곳,패션·잡화 중 '의류'를 판매·제공하는 매장,train,의류,T4 구어·문장,00c164d0-76c7-4e7a-9676-ecfdbb052077,크린토피아신창점,세탁,신창수문 골목형상점가,골목형상점가,광주광역시,,,
49a4ef972483ccf79ce7,full_annotation_v1,A,q_의류_13,옷 파는 곳,패션·잡화 중 '의류'를 판매·제공하는 매장,train,의류,T4 구어·문장,73f471e1-ad28-4255-8286-2c1fa7bbb29e,여성크로커다일,옷,익산중앙상점가,골목형상점가,전북특별자치도,,,
60b112c7d54afcd7d59d,full_annotation_v1,A,q_의류_13,옷 파는 곳,패션·잡화 중 '의류'를 판매·제공하는 매장,train,의류,T4 구어·문장,101f067b-9256-4c87-aa09-8190370d38ae,서울상회,옷,교동시장1길 상점가,자율상권구역,대구광역시,,,
401430926da374fcffae,full_annotation_v1,A,q_의류_13,옷 파는 곳,패션·잡화 중 '의류'를 판매·제공하는 매장,train,의류,T4 구어·문장,1a8028e5-9951-4b99-9fb4-09cf9f5c1958,토브,옷,서문시장2지구 종합상가,전통시장,대구광역시,,,
a6278aea0fdff1236743,full_annotation_v1,A,q_의류_13,옷 파는 곳,패션·잡화 중 '의류'를 판매·제공하는 매장,train,의류,T4 구어·문장,00fd4bd1-180e-4d03-895c-331fb333c6e4,전주송천점폴햄,섬유 의복 신발 및 가죽제품,송천행복로 골목형상점가,골목형상점가,전북특별자치도,,,
8b8404ad2bc5aa93409a,full_annotation_v1,A,q_의류_13,옷 파는 곳,패션·잡화 중 '의류'를 판매·제공하는 매장,train,의류,T4 구어·문장,02db4104-b701-453b-a7ef-cf0c3014ffde,광명디자인,수선,서문시장아진상가,전통시장,대구광역시,,,
930498cca934a63df26f,full_annotation_v1,A,q_의류_13,옷 파는 곳,패션·잡화 중 '의류'를 판매·제공하는 매장,train,의류,T4 구어·문장,000a92b3-0b5e-429e-af00-f86e3570e24b,클로버,의류,관문상가시장,전통시장,대구광역시,,,
e45913dda0473a24b37e,full_annotation_v1,A,q_의류_13,옷 파는 곳,패션·잡화 중 '의류'를 판매·제공하는 매장,train,의류,T4 구어·문장,6702c44f-743f-4a82-a486-762c643027a2,야채파는 총각,농산물,구리전통시장,전통시장,경기도,,,
4571b8d9decfb599e365,full_annotation_v1,A,q_의류_13,옷 파는 곳,패션·잡화 중 '의류'를 판매·제공하는 매장,train,의류,T4 구어·문장,023923b8-1217-420d-94da-1dbed6318c95,두올수선,옷수선,부평대아지하상점가,일반지하상점가,인천광역시,,,
3fb467e6da18fcd6c1a3,full_annotation_v1,A,q_의류_13,옷 파는 곳,패션·잡화 중 '의류'를 판매·제공하는 매장,train,의류,T4 구어·문장,07db0235-e6d4-45bf-8a47-ab8b01f06574,럭키블럭,장난감,연제초 앞 골목형상점가,골목형상점가,광주광역시,,,
77f5f1f33181f77b267f,full_annotation_v1,A,q_의류_13,옷 파는 곳,패션·잡화 중 '의류'를 판매·제공하는 매장,train,의류,T4 구어·문장,2dff2444-5de3-46aa-8cbe-2a5928b185dc,신세대,옷,평택통복시장,전통시장,경기도,,,
c52b5fa24f050253745e,full_annotation_v1,A,q_의류_13,옷 파는 곳,패션·잡화 중 '의류'를 판매·제공하는 매장,train,의류,T4 구어·문장,26220224-2c69-49c4-998f-cf019e71f136,토야,옷,중앙전통시장,전통시장,울산광역시,,,
92afc33e40d93b6dc2e4,full_annotation_v1,A,q_의류_13,옷 파는 곳,패션·잡화 중 '의류'를 판매·제공하는 매장,train,의류,T4 구어·문장,24456103-f6b8-46af-8655-82e61d7265d8,커피가 머무르는 곳,커피,반드레길골목형상점가,골목형상점가,서울특별시,,,
3ea5c79fb8c5afe5b7a7,full_annotation_v1,A,q_의류_13,옷 파는 곳,패션·잡화 중 '의류'를 판매·제공하는 매장,train,의류,T4 구어·문장,c5559a37-ce34-4654-ba30-ade4d2a2807d,버터베이크(BUTTERBAKE),제과,동성로상점가,자율상권구역,대구광역시,,,
70af072cfdf3fc012425,full_annotation_v1,A,q_의류_13,옷 파는 곳,패션·잡화 중 '의류'를 판매·제공하는 매장,train,의류,T4 구어·문장,3d5956d4-0ca8-4f79-be24-a0e2c9286c9e,더곱따,옷,장성읍 골목형상점가,골목형상점가,전라남도,,,
4903a1f352d444af7092,full_annotation_v1,A,q_의류_13,옷 파는 곳,패션·잡화 중 '의류'를 판매·제공하는 매장,train,의류,T4 구어·문장,c161453d-f2c8-4b97-a2c3-a54e0cbdb7e8,생활용품 싸게 파는 집,잡화,안성중앙시장,전통시장,경기도,,,
076d351479b1c67405a6,full_annotation_v1,A,q_의류_13,옷 파는 곳,패션·잡화 중 '의류'를 판매·제공하는 매장,train,의류,T4 구어·문장,cd939281-db77-4c98-a59d-268216ba9e39,살롱패션,옷,동인천지하상가(동인천지하아케이드),일반지하상점가,인천광역시,,,
95d3e1bea222c14300a2,full_annotation_v1,A,q_의류_13,옷 파는 곳,패션·잡화 중 '의류'를 판매·제공하는 매장,train,의류,T4 구어·문장,2a1a27b5-6e8b-44a1-8971-a48abe0305fb,핑,옷,덕이동메인타운상점가(구 덕이동로데오메인타운),자율상권구역,경기도,,,
b2e3436c077ce4e09a36,full_annotation_v1,A,q_의류_13,옷 파는 곳,패션·잡화 중 '의류'를 판매·제공하는 매장,train,의류,T4 구어·문장,00083664-fb4e-4e3b-bb0a-d9a0a1e8f87f,롯데세탁소,,와룡로 골목형상점가,골목형상점가,전북특별자치도,,,
0f32755d4c86bbda7261,full_annotation_v1,A,q_의류_13,옷 파는 곳,패션·잡화 중 '의류'를 판매·제공하는 매장,train,의류,T4 구어·문장,2959fcf4-7f22-4161-b67a-68dbd988e97b,스타일,옷,진잠 골목형상점가,골목형상점가,대전광역시,,,
b236518bdf373c18ba51,full_annotation_v1,A,q_의류_13,옷 파는 곳,패션·잡화 중 '의류'를 판매·제공하는 매장,train,의류,T4 구어·문장,fae52e34-b4e2-4252-8ade-6cfd1a407bac,바나바브레드,제과제빵,대주먹자골목 골목형상점가,골목형상점가,광주광역시,,,
74940a795e95d86608c9,full_annotation_v1,A,q_의류_13,옷 파는 곳,패션·잡화 중 '의류'를 판매·제공하는 매장,train,의류,T4 구어·문장,70e92b81-7465-4c3b-a4ab-18555f4c9eda,레베카,옷,사가정시장,전통시장,서울특별시,,,
421923be18b7d25db27e,full_annotation_v1,A,q_의류_13,옷 파는 곳,패션·잡화 중 '의류'를 판매·제공하는 매장,train,의류,T4 구어·문장,02851047-7760-4cdb-b811-74f6dff245bd,에덴의상실,수선,돈암시장,전통시장,서울특별시,,,
b7f91e8f8a092591e5d2,full_annotation_v1,A,q_의류_13,옷 파는 곳,패션·잡화 중 '의류'를 판매·제공하는 매장,train,의류,T4 구어·문장,53776ad6-4a97-4445-b7f6-e236725c5048,대박옷가게,옷가게,안동광석거리 골목형상점가,골목형상점가,경상북도,,,
69aa9dafe9d7332d55a1,full_annotation_v1,A,q_의류_13,옷 파는 곳,패션·잡화 중 '의류'를 판매·제공하는 매장,train,의류,T4 구어·문장,019c9868-92c6-4e25-b2ea-903f322c9acf,맡겨봐신발세탁,세탁,임동 골목형상점가,골목형상점가,광주광역시,,,
c1ce82e5eac2fda02408,full_annotation_v1,A,q_의류_13,옷 파는 곳,패션·잡화 중 '의류'를 판매·제공하는 매장,train,의류,T4 구어·문장,2c2fe59d-d3c8-47f6-ac99-d1b7b44875ee,애플,옷,동산상가,전통시장,대구광역시,,,
134f4bd2655969c2cdd9,full_annotation_v1,A,q_의류_13,옷 파는 곳,패션·잡화 중 '의류'를 판매·제공하는 매장,train,의류,T4 구어·문장,0352930b-2c8b-4c93-b1a5-4a873580604b,코코패션,옷,간데메공원골목형상점가,골목형상점가,서울특별시,,,
735f8db971453237fbcd,full_annotation_v1,A,q_의류_13,옷 파는 곳,패션·잡화 중 '의류'를 판매·제공하는 매장,train,의류,T4 구어·문장,68331905-ce0e-4544-a338-03c530ceef03,수블리,옷,양주신산시장마을상점가,골목형상점가,경기도,,,
9f31f7c51ff222618e7f,full_annotation_v1,A,q_의류_13,옷 파는 곳,패션·잡화 중 '의류'를 판매·제공하는 매장,train,의류,T4 구어·문장,841b2900-d736-4356-b077-ea6731baf9d1,모네,옷,포항 대이상가 골목형상점가,골목형상점가,경상북도,,,
c107885cf7fca8360e84,full_annotation_v1,A,q_의류_13,옷 파는 곳,패션·잡화 중 '의류'를 판매·제공하는 매장,train,의류,T4 구어·문장,00fc2b18-ffa0-45b1-b03a-af61257944a9,충일구두수선,구두수선,충주무학시장,전통시장,충청북도,,,
324d2149f08b041526f5,full_annotation_v1,A,q_의류_13,옷 파는 곳,패션·잡화 중 '의류'를 판매·제공하는 매장,train,의류,T4 구어·문장,0d962cb0-9e7a-4c65-a83e-50ca752476c4,다이나핏,옷,공주산성 활성화구역,전통시장,충청남도,,,
b4495b3163129641d4b1,full_annotation_v1,A,q_의류_13,옷 파는 곳,패션·잡화 중 '의류'를 판매·제공하는 매장,train,의류,T4 구어·문장,5a2d1283-04cf-4c9c-9d0e-1b8276bd872d,위트앤드,커피,조대 정문 골목형상점가,골목형상점가,광주광역시,,,
33b39bf3a172a2fa0064,full_annotation_v1,A,q_의류_13,옷 파는 곳,패션·잡화 중 '의류'를 판매·제공하는 매장,train,의류,T4 구어·문장,7d7ec072-fc37-45c2-ba6c-62dca3868c10,이새,옷,순천연향패션상가,자율상권구역,전라남도,,,
f08296e4b11e89af8109,full_annotation_v1,A,q_의류_13,옷 파는 곳,패션·잡화 중 '의류'를 판매·제공하는 매장,train,의류,T4 구어·문장,026c5d57-26e4-48c1-a181-862bcda8df43,블럭팡 아산탕정점,장난감,한들물빛도시 골목형 상점가,골목형상점가,충청남도,,,
4d52a2e6bef9c572ef59,full_annotation_v1,A,q_의류_13,옷 파는 곳,패션·잡화 중 '의류'를 판매·제공하는 매장,train,의류,T4 구어·문장,007c84b4-7b91-431f-9cf2-61f2ac4a13b4,빛나크리닝,세탁업,삼각동 골목형상점가,골목형상점가,광주광역시,,,
6ae535e7bb1b62dce0e1,full_annotation_v1,A,q_의류_13,옷 파는 곳,패션·잡화 중 '의류'를 판매·제공하는 매장,train,의류,T4 구어·문장,4a10655a-ca92-413a-8ade-7ea466ab0505,화미,옷,팔달시민상가시장,전통시장,경기도,,,
61828b5b3bc5429a19d9,full_annotation_v1,A,q_의류_13,옷 파는 곳,패션·잡화 중 '의류'를 판매·제공하는 매장,train,의류,T4 구어·문장,18d014d4-5a51-42bb-b2ba-6beabc2404db,BABI (바비),"의류 청바지, 티셔츠, 원피스, 자켓 및 악세사리",의정부로데오상점가,자율상권구역,경기도,,,
845dd711b71f0e1a6c3a,full_annotation_v1,A,q_의류_13,옷 파는 곳,패션·잡화 중 '의류'를 판매·제공하는 매장,train,의류,T4 구어·문장,03a58cd8-1705-4bf2-8be7-3a160d1c25df,중앙수선,의복수선,중앙도매시장,전통시장,대전광역시,,,
714c02b4695131512750,full_annotation_v1,A,q_의류_13,옷 파는 곳,패션·잡화 중 '의류'를 판매·제공하는 매장,train,의류,T4 구어·문장,000a5a26-66b9-432f-bb77-247655765f2b,백조섬유,여성의류,서문시장 제5지구,전통시장,대구광역시,,,
82eb4c46cf9216c1d362,full_annotation_v1,A,q_의류_13,옷 파는 곳,패션·잡화 중 '의류'를 판매·제공하는 매장,train,의류,T4 구어·문장,03159423-3cb1-401e-af77-89751a639bb8,주홍,바지,아트프라자,자율상권구역,서울특별시,,,
07fc453e51cf8f02e37d,full_annotation_v1,A,q_의류_13,옷 파는 곳,패션·잡화 중 '의류'를 판매·제공하는 매장,train,의류,T4 구어·문장,f23b417a-8123-4389-b354-40e6f7f96924,팬텀골프,옷,송하동 골목형상점가,골목형상점가,광주광역시,,,
2d3641cdeb7f8e00e0a2,full_annotation_v1,A,q_의류_13,옷 파는 곳,패션·잡화 중 '의류'를 판매·제공하는 매장,train,의류,T4 구어·문장,04aacab6-be8f-4470-b58d-33d49bec0a4f,한스,도소매(기성복),통일상가,전통시장,서울특별시,,,
e3fef658bcbf0af863d7,full_annotation_v1,A,q_의류_13,옷 파는 곳,패션·잡화 중 '의류'를 판매·제공하는 매장,train,의류,T4 구어·문장,1d4161ad-2480-444a-9628-cafef55d776a,연제장어,민물장어,연제동 골목형상점가,골목형상점가,광주광역시,,,
dcd170c4ed5277a28ed1,full_annotation_v1,A,q_의류_13,옷 파는 곳,패션·잡화 중 '의류'를 판매·제공하는 매장,train,의류,T4 구어·문장,9c014e23-14c1-4797-8e5d-2d949b1cb8ee,Eider,옷,송하동 골목형상점가,골목형상점가,광주광역시,,,
b187624746764993d9d8,full_annotation_v1,A,q_의류_13,옷 파는 곳,패션·잡화 중 '의류'를 판매·제공하는 매장,train,의류,T4 구어·문장,927b32d1-27ca-4664-b0a3-102c233b5137,카라,옷,연일전통시장,전통시장,경상북도,,,
d2d7f8d39a33ca881873,full_annotation_v1,A,q_의류_13,옷 파는 곳,패션·잡화 중 '의류'를 판매·제공하는 매장,train,의류,T4 구어·문장,00158f51-4d3a-4ac0-9e38-b37552f5e097,지지배,의류,나주금빛상점가,자율상권구역,전라남도,,,
4f587e1310b3ad7bf680,full_annotation_v1,A,q_의류_13,옷 파는 곳,패션·잡화 중 '의류'를 판매·제공하는 매장,train,의류,T4 구어·문장,1e15c353-2995-4c36-8cc8-16be6ae5534d,호양호림,커피,백서로 골목형상점가,골목형상점가,광주광역시,,,
a8f1ccd053fd9939456e,full_annotation_v1,A,q_의류_13,옷 파는 곳,패션·잡화 중 '의류'를 판매·제공하는 매장,train,의류,T4 구어·문장,04c7f4e2-7207-41fb-aebb-6d021d42e613,픽뎀업,"모자, 가방, 키링, 패치",연남동골목형상점가,골목형상점가,서울특별시,,,
7144727637012f1abc5e,full_annotation_v1,A,q_의류_13,옷 파는 곳,패션·잡화 중 '의류'를 판매·제공하는 매장,train,의류,T4 구어·문장,d0f45ab3-488e-4c66-a494-1cbbfa424067,삼봉식당,,삼봉지구 골목형상점가,골목형상점가,전북특별자치도,,,
e1363f7422a82b9bd605,full_annotation_v1,A,q_의류_13,옷 파는 곳,패션·잡화 중 '의류'를 판매·제공하는 매장,train,의류,T4 구어·문장,2b0d6a08-b76b-4c29-a692-80a15ab9f12e,그랏츠,옷,부평깡통시장(구 부산부평시장),전통시장,부산광역시,,,
57abbb54698b9b43a0b7,full_annotation_v1,A,q_의류_13,옷 파는 곳,패션·잡화 중 '의류'를 판매·제공하는 매장,train,의류,T4 구어·문장,6bf7d4d1-0596-40dd-8ff8-2c635c15f6ab,초이스#,옷,당진원시가지상가,자율상권구역,충청남도,,,
75c637f48cd81334381a,full_annotation_v1,A,q_의류_13,옷 파는 곳,패션·잡화 중 '의류'를 판매·제공하는 매장,train,의류,T4 구어·문장,0304511e-62e7-4e31-8d19-61a115ffaa76,깔롱쟁이,의복,봉선1로 골목형상점가,골목형상점가,광주광역시,,,
a6920b75518d10fd601a,full_annotation_v1,A,q_의류_13,옷 파는 곳,패션·잡화 중 '의류'를 판매·제공하는 매장,train,의류,T4 구어·문장,d3e28ea4-37c1-40ac-b9aa-a406167ea5dc,곱슬머리,두발,지산휴먼시아인근 골목형상점가,골목형상점가,광주광역시,,,
906d8c8e761c25b67e6c,full_annotation_v1,A,q_의류_13,옷 파는 곳,패션·잡화 중 '의류'를 판매·제공하는 매장,train,의류,T4 구어·문장,9e5a4c9e-1230-40fd-8813-0b5798a46648,수,옷,황지자유시장,전통시장,강원특별자치도,,,
1bac2ebf0ac25d64621f,full_annotation_v1,A,q_의류_13,옷 파는 곳,패션·잡화 중 '의류'를 판매·제공하는 매장,train,의류,T4 구어·문장,3e726f77-a8bd-4416-aad7-a1cd0a2f5a6b,오땡큐,옷,두류1번가,일반지하상점가,대구광역시,,,
13def4c9a94f97e3d0d3,full_annotation_v1,A,q_의류_13,옷 파는 곳,패션·잡화 중 '의류'를 판매·제공하는 매장,train,의류,T4 구어·문장,a7fd5769-219a-4c05-9b5f-a9474ac43d46,소풍,옷,루원이음길 골목형상점가,골목형상점가,인천광역시,,,
fa96e9eb377fc7309615,full_annotation_v1,A,q_의류_13,옷 파는 곳,패션·잡화 중 '의류'를 판매·제공하는 매장,train,의류,T4 구어·문장,033fc658-a256-42a6-8ebf-24763bc43ba1,신광컴퓨터세탁소,세탁소,대야 골목형상점가,골목형상점가,전북특별자치도,,,
2781ea02fcd88adf712b,full_annotation_v1,A,q_의류_13,옷 파는 곳,패션·잡화 중 '의류'를 판매·제공하는 매장,train,의류,T4 구어·문장,641e76d3-ea66-458a-97ba-1882b4ab78b4,썬플라워데일리룩,옷,담양시장,전통시장,전라남도,,,
50cbab17f54bd51ac496,full_annotation_v1,A,q_의류_13,옷 파는 곳,패션·잡화 중 '의류'를 판매·제공하는 매장,train,의류,T4 구어·문장,ac7b2f5d-646b-44e2-a850-a869cbb8fcc0,요조숙녀,옷,우치서하로 골목형상점가,골목형상점가,광주광역시,,,
0009459681cced16c399,full_annotation_v1,A,q_의류_13,옷 파는 곳,패션·잡화 중 '의류'를 판매·제공하는 매장,train,의류,T4 구어·문장,c111ac9d-3f3a-405c-a8db-4d127ccda9e2,행복이 있는 곳,잡화,제주로얄쇼핑센터,자율상권구역,제주특별자치도,,,
41aead990fe37096dc2b,full_annotation_v1,A,q_의류_13,옷 파는 곳,패션·잡화 중 '의류'를 판매·제공하는 매장,train,의류,T4 구어·문장,8964630e-7aef-442a-aaf0-efdc493a6cc1,라엘헤어,헤어 미용,무등산골드클래스2차 골목형상점가,골목형상점가,광주광역시,,,
c590e2258143a3cef10c,full_annotation_v1,A,q_의류_13,옷 파는 곳,패션·잡화 중 '의류'를 판매·제공하는 매장,train,의류,T4 구어·문장,00128db8-b700-42b3-be50-1760b6c08487,자이세탁,의류세탁,신봉하나로 골목형상점가,골목형상점가,경기도,,,
a5893ba34e7bcdea5ab7,full_annotation_v1,A,q_의류_13,옷 파는 곳,패션·잡화 중 '의류'를 판매·제공하는 매장,train,의류,T4 구어·문장,2d9a91df-c256-4726-9e01-9e491c7b297a,블루,옷가게,전주중앙상가시장,전통시장,전북특별자치도,,,
d63b82c3ada5abe98ecf,full_annotation_v1,A,q_의류_13,옷 파는 곳,패션·잡화 중 '의류'를 판매·제공하는 매장,train,의류,T4 구어·문장,10a861e2-8717-40d5-8bab-79fd68d83a8e,라온,옷,풍암SK.광명상가상인회 골목형상점가,골목형상점가,광주광역시,,,
c52c969e6be80c2046e1,full_annotation_v1,A,q_의류_13,옷 파는 곳,패션·잡화 중 '의류'를 판매·제공하는 매장,train,의류,T4 구어·문장,0cd4e040-9521-44ca-809c-d51f100e9356,토이빌리지,유아완구.장난감,석교동 이웃마루 골목형상점가,골목형상점가,대전광역시,,,
b1e4585a867cc2ef278f,full_annotation_v1,A,q_의류_13,옷 파는 곳,패션·잡화 중 '의류'를 판매·제공하는 매장,train,의류,T4 구어·문장,5723d922-e55c-46bc-a5b9-846ba2afdf5d,커피파는 집,,거제 성포 골목형상점가,골목형상점가,경상남도,,,
8a3e22c5c114edab5b06,full_annotation_v1,A,q_의류_13,옷 파는 곳,패션·잡화 중 '의류'를 판매·제공하는 매장,train,의류,T4 구어·문장,1eaf6dc3-f0f0-4350-8341-9f6f4334b965,다소곳,옷,전주모래내시장,전통시장,전북특별자치도,,,
91270d50c914281876e2,full_annotation_v1,A,q_의류_13,옷 파는 곳,패션·잡화 중 '의류'를 판매·제공하는 매장,train,의류,T4 구어·문장,bd165bc3-a60b-481b-8760-5bce00a3cf4f,흥국옷수선,옷,흥국상가,자율상권구역,전라남도,,,
d7e7a0e1d3fc85945c00,full_annotation_v1,A,q_의류_13,옷 파는 곳,패션·잡화 중 '의류'를 판매·제공하는 매장,train,의류,T4 구어·문장,f4015506-d56c-4894-8a72-39fb86efec9c,리나홈패션,옷,오치1동(제2지역:북부소방서 사거리) 골목형상점가,골목형상점가,광주광역시,,,
6629e63d4bb5b1b4cc0e,full_annotation_v1,A,q_의류_13,옷 파는 곳,패션·잡화 중 '의류'를 판매·제공하는 매장,train,의류,T4 구어·문장,77ea2c60-2f05-46cd-8449-7e5a16f40416,옷&소품,옷,신매시장,전통시장,대구광역시,,,
55a4ec91ee4f21fea830,full_annotation_v1,A,q_의류_13,옷 파는 곳,패션·잡화 중 '의류'를 판매·제공하는 매장,train,의류,T4 구어·문장,00c60bef-93f3-4d19-a8e8-aeae0ef0fe43,이삭의상실,"패션디자인마춤양장, 스포츠이류및용품",군산 원도심 골목형상점가,골목형상점가,전북특별자치도,,,
79484f4a6712a4066f4b,full_annotation_v1,A,q_의류_13,옷 파는 곳,패션·잡화 중 '의류'를 판매·제공하는 매장,train,의류,T4 구어·문장,a82b0806-ede7-4f56-82bf-73c681b34283,S패션,옷,창동골목시장,전통시장,서울특별시,,,
a770ffc99b72753e9dc8,full_annotation_v1,A,q_의류_13,옷 파는 곳,패션·잡화 중 '의류'를 판매·제공하는 매장,train,의류,T4 구어·문장,ad25c8a8-fcf3-4169-870d-06b96f93de16,이동우콜렉션,옷,평화로상가,자율상권구역,경상북도,,,
3571c616916eb217c93a,full_annotation_v1,A,q_의류_13,옷 파는 곳,패션·잡화 중 '의류'를 판매·제공하는 매장,train,의류,T4 구어·문장,58f1076e-5a94-4c1b-bdcd-a3886a2b0f15,명동의류,옷,영월종합상가,전통시장,강원특별자치도,,,
7c3bbe1796e0ae99ab00,full_annotation_v1,A,q_의류_13,옷 파는 곳,패션·잡화 중 '의류'를 판매·제공하는 매장,train,의류,T4 구어·문장,512a7463-c2d0-429f-8df6-d5efe55c7bf5,경주 옷가게 털보형제들,,경주중심상가,전통시장,경상북도,,,
92bb864cb3aac01b6e24,full_annotation_v1,A,q_의류_13,옷 파는 곳,패션·잡화 중 '의류'를 판매·제공하는 매장,train,의류,T4 구어·문장,ec4d6f68-d1c4-4e1e-8727-8e6e93467e55,성희샵,옷,안동광석거리 골목형상점가,골목형상점가,경상북도,,,
84ae21c328e3816bfa9b,full_annotation_v1,A,q_의류_13,옷 파는 곳,패션·잡화 중 '의류'를 판매·제공하는 매장,train,의류,T4 구어·문장,a301520d-59a2-4dfb-aa63-71f8212f58a9,하나로양품,옷,동원전통종합시장,전통시장,서울특별시,,,
255226952886485c7b2f,full_annotation_v1,A,q_의류_13,옷 파는 곳,패션·잡화 중 '의류'를 판매·제공하는 매장,train,의류,T4 구어·문장,4c9ec80c-f903-4157-88ac-92f16af307fa,체이스컬트,옷,우산상인회 골목형상점가,골목형상점가,광주광역시,,,
9b780f826a790de514c0,full_annotation_v1,A,q_의류_13,옷 파는 곳,패션·잡화 중 '의류'를 판매·제공하는 매장,train,의류,T4 구어·문장,ad2284ff-8791-453b-b8a9-67654ff94220,폰파는 신사,휴대폰,남해 명품화전길 골목형상점가,골목형상점가,경상남도,,,
68a1ac8611ff2859e584,full_annotation_v1,A,q_의류_13,옷 파는 곳,패션·잡화 중 '의류'를 판매·제공하는 매장,train,의류,T4 구어·문장,8c470ffc-8f1a-4794-b837-dd59bb2e86ee,바이혀니,옷,조암시장,전통시장,경기도,,,
754b5d06f542f269505d,full_annotation_v1,A,q_의류_13,옷 파는 곳,패션·잡화 중 '의류'를 판매·제공하는 매장,train,의류,T4 구어·문장,a229b1f0-b80c-4bef-9261-46f96fcf15b3,삼봉스크린골프,,삼봉지구 골목형상점가,골목형상점가,전북특별자치도,,,
80939a241954aba06998,full_annotation_v1,A,q_의류_13,옷 파는 곳,패션·잡화 중 '의류'를 판매·제공하는 매장,train,의류,T4 구어·문장,d8bcea05-84ee-4c48-a547-041916842238,블랙야크,옷,송하동 골목형상점가,골목형상점가,광주광역시,,,
c8dbb3a93e59f1d8b6ff,full_annotation_v1,A,q_의류_13,옷 파는 곳,패션·잡화 중 '의류'를 판매·제공하는 매장,train,의류,T4 구어·문장,2a662f6b-a508-427b-ae8b-8cd42395cc8b,광명의료기,의료기기,병무청인근 골목형상점가,골목형상점가,광주광역시,,,
818324227446a6a988ea,full_annotation_v1,A,q_의류_13,옷 파는 곳,패션·잡화 중 '의류'를 판매·제공하는 매장,train,의류,T4 구어·문장,b59b9921-a1c3-4d2a-8014-6e5ee9e60d38,행복2,옷,새동인천지하상가,일반지하상점가,인천광역시,,,
b60f0505216accd31921,full_annotation_v1,A,q_의류_13,옷 파는 곳,패션·잡화 중 '의류'를 판매·제공하는 매장,train,의류,T4 구어·문장,26d023e0-6144-4340-bc75-75617eb9f548,풍기인견,옷,원주자유시장,전통시장,강원특별자치도,,,
088e35c0e7529964eab0,full_annotation_v1,A,q_의류_13,옷 파는 곳,패션·잡화 중 '의류'를 판매·제공하는 매장,train,의류,T4 구어·문장,556a2562-e691-4a73-8450-83ed15099f11,다올,옷,신포지하상가,일반지하상점가,인천광역시,,,
505d393551441ef71abf,full_annotation_v1,A,q_의류_13,옷 파는 곳,패션·잡화 중 '의류'를 판매·제공하는 매장,train,의류,T4 구어·문장,197a4575-5448-47fd-9a3a-a9a5cca7ec4b,그레이후드,옷,지중해마을 골목형상점가,골목형상점가,충청남도,,,
f2a945997a0f3bfb69d6,full_annotation_v1,A,q_의류_13,옷 파는 곳,패션·잡화 중 '의류'를 판매·제공하는 매장,train,의류,T4 구어·문장,c174f39f-2d1b-46ad-a89f-e7ccc4e13dff,멋나래,옷,전주중앙상가시장,전통시장,전북특별자치도,,,
ca061587545fc437c138,full_annotation_v1,A,q_의류_13,옷 파는 곳,패션·잡화 중 '의류'를 판매·제공하는 매장,train,의류,T4 구어·문장,05291547-c22d-430e-95c2-e31bda19a90a,슈퍼타이 본점,세탁,월드시티상가 골목형상점가,골목형상점가,울산광역시,,,
3b59e8c39c3c0c49fcd5,full_annotation_v1,A,q_의류_13,옷 파는 곳,패션·잡화 중 '의류'를 판매·제공하는 매장,train,의류,T4 구어·문장,0ab4febb-1ab2-42cf-aae3-53c528083921,에스텔라,의류(기성복),평화로상가,자율상권구역,경상북도,,,
735d716e07db7d7aaec7,full_annotation_v1,A,q_의류_14,의류추천,패션·잡화 중 '의류'를 판매·제공하는 매장,train,의류,T6 기계변형,3375892e-2c82-4a70-a2b8-7ebd6e79eb08,라녹스,의류,서면지하도상가 부전몰,일반지하상점가,부산광역시,,,
1c4a78397d18659a10c3,full_annotation_v1,A,q_의류_14,의류추천,패션·잡화 중 '의류'를 판매·제공하는 매장,train,의류,T6 기계변형,0ab4febb-1ab2-42cf-aae3-53c528083921,에스텔라,의류(기성복),평화로상가,자율상권구역,경상북도,,,
5df17cca2d69dcd42be5,full_annotation_v1,A,q_의류_14,의류추천,패션·잡화 중 '의류'를 판매·제공하는 매장,train,의류,T6 기계변형,02851047-7760-4cdb-b811-74f6dff245bd,에덴의상실,수선,돈암시장,전통시장,서울특별시,,,
36ef64cfe06492e3f570,full_annotation_v1,A,q_의류_14,의류추천,패션·잡화 중 '의류'를 판매·제공하는 매장,train,의류,T6 기계변형,82280989-efaf-4556-b672-d13da23b8ed3,두두집,,정이있는 구포시장,전통시장,부산광역시,,,
236119b1c4511966bd53,full_annotation_v1,A,q_의류_14,의류추천,패션·잡화 중 '의류'를 판매·제공하는 매장,train,의류,T6 기계변형,f831281d-3653-4438-a98a-193a665a2f62,보구,의류,신창상가,전통시장,부산광역시,,,
fc0310b696ab8f0ec660,full_annotation_v1,A,q_의류_14,의류추천,패션·잡화 중 '의류'를 판매·제공하는 매장,train,의류,T6 기계변형,273e0fa4-693e-47e4-a8a0-10f977c8b7af,의류학과,의류,제주중앙지하상가,일반지하상점가,제주특별자치도,,,
62d355fd0fc5aba5559e,full_annotation_v1,A,q_의류_14,의류추천,패션·잡화 중 '의류'를 판매·제공하는 매장,train,의류,T6 기계변형,c97354ff-42a4-4c2e-8045-16aa9944f534,월성상회,건어물,포항죽도시장,전통시장,경상북도,,,
4a84cbd55c857a0a1f19,full_annotation_v1,A,q_의류_14,의류추천,패션·잡화 중 '의류'를 판매·제공하는 매장,train,의류,T6 기계변형,d1e45dee-24b8-4529-b197-c1253ddf7f08,꾸미오헤어,미용,신월7동골목형상점가,골목형상점가,서울특별시,,,
8125f6070f7e763c5732,full_annotation_v1,A,q_의류_14,의류추천,패션·잡화 중 '의류'를 판매·제공하는 매장,train,의류,T6 기계변형,00158f51-4d3a-4ac0-9e38-b37552f5e097,지지배,의류,나주금빛상점가,자율상권구역,전라남도,,,
5d1a18dae0980bec39f0,full_annotation_v1,A,q_의류_14,의류추천,패션·잡화 중 '의류'를 판매·제공하는 매장,train,의류,T6 기계변형,7971d18e-83d6-4a98-aa3b-95a523083e34,뵈뵈,의류,부산평화시장,전통시장,부산광역시,,,
843d2a3ef5f0aea01a6c,full_annotation_v1,A,q_의류_14,의류추천,패션·잡화 중 '의류'를 판매·제공하는 매장,train,의류,T6 기계변형,1f7eb674-26be-4219-8d3d-fe4cb9598df9,빽다방 공주중동점,커피전문점,공주산성시장,전통시장,충청남도,,,
ce447ce972f9d7313f76,full_annotation_v1,A,q_의류_14,의류추천,패션·잡화 중 '의류'를 판매·제공하는 매장,train,의류,T6 기계변형,a82f96f8-46ac-4c42-8da8-8ad641026ce3,숄트,의류,부산자유시장,전통시장,부산광역시,,,
8dbfa94f87f65c5fedb2,full_annotation_v1,A,q_의류_14,의류추천,패션·잡화 중 '의류'를 판매·제공하는 매장,train,의류,T6 기계변형,023923b8-1217-420d-94da-1dbed6318c95,두올수선,옷수선,부평대아지하상점가,일반지하상점가,인천광역시,,,
1cd4f56409afdcdbb9bb,full_annotation_v1,A,q_의류_14,의류추천,패션·잡화 중 '의류'를 판매·제공하는 매장,train,의류,T6 기계변형,c72ad5e5-3bac-47b9-8014-f1b9367630e1,안녕제천,,제천중앙시장,전통시장,충청북도,,,
4c3ff01a2bdad509cdee,full_annotation_v1,A,q_의류_14,의류추천,패션·잡화 중 '의류'를 판매·제공하는 매장,train,의류,T6 기계변형,00c60bef-93f3-4d19-a8e8-aeae0ef0fe43,이삭의상실,"패션디자인마춤양장, 스포츠이류및용품",군산 원도심 골목형상점가,골목형상점가,전북특별자치도,,,
64e35cfcd4032699e519,full_annotation_v1,A,q_의류_14,의류추천,패션·잡화 중 '의류'를 판매·제공하는 매장,train,의류,T6 기계변형,00e9be42-1358-4d8a-91f4-119aaed2a77b,백경사,"작업복, 기성복, 안전화 등",부산진시장,전통시장,부산광역시,,,
4d79ad4dd2ea752c6d0a,full_annotation_v1,A,q_의류_14,의류추천,패션·잡화 중 '의류'를 판매·제공하는 매장,train,의류,T6 기계변형,03052be2-67e1-48ff-a71f-63500facd038,윤순영패션,,용대로119번길 골목형상점가,골목형상점가,,,,
b6614dc48b5fa43cac61,full_annotation_v1,A,q_의류_14,의류추천,패션·잡화 중 '의류'를 판매·제공하는 매장,train,의류,T6 기계변형,f16921ee-7067-4f37-905e-0e8e16e8576f,비웜,의류,전북대대학로상점가,자율상권구역,전북특별자치도,,,
c1f3c2fde1a9926f51fa,full_annotation_v1,A,q_의류_14,의류추천,패션·잡화 중 '의류'를 판매·제공하는 매장,train,의류,T6 기계변형,19302821-2b5d-4d61-860c-0328418dc8e2,또와,기성복,아트프라자,자율상권구역,서울특별시,,,
5c94076709824a77c4fc,full_annotation_v1,A,q_의류_14,의류추천,패션·잡화 중 '의류'를 판매·제공하는 매장,train,의류,T6 기계변형,16d79f63-eb49-4944-b2be-a5eebd0b5f77,시냇물,의류,삼익패션타운,전통시장,서울특별시,,,
7dde26ce5efe72854236,full_annotation_v1,A,q_의류_14,의류추천,패션·잡화 중 '의류'를 판매·제공하는 매장,train,의류,T6 기계변형,98cdf3e5-5ad6-4d6b-be49-ae26238af44f,구미 옷가게 슬릭앤코(SLEEK AND CO),,문화로 자율상권구역,,경상북도,,,
e29e8f4cba63f8703015,full_annotation_v1,A,q_의류_14,의류추천,패션·잡화 중 '의류'를 판매·제공하는 매장,train,의류,T6 기계변형,05e6b9e7-3971-4a4f-b541-26089f913728,민지의상실,수선,제천중앙시장,전통시장,충청북도,,,
4d6748aa2a857eaac04a,full_annotation_v1,A,q_의류_14,의류추천,패션·잡화 중 '의류'를 판매·제공하는 매장,train,의류,T6 기계변형,76abb76b-d19f-41ac-ad4d-26d32bffad62,수지,옷가게(의류),양산 나래메트로시티 골목형상점가,골목형상점가,경상남도,,,
884b5138e7405e5cb3e2,full_annotation_v1,A,q_의류_14,의류추천,패션·잡화 중 '의류'를 판매·제공하는 매장,train,의류,T6 기계변형,c7526199-2bdf-43e8-b788-01a2f08b37d8,챞,의류,청계6가 지하쇼핑센터,일반지하상점가,서울특별시,,,
9ec40874345a4e51eca9,full_annotation_v1,A,q_의류_14,의류추천,패션·잡화 중 '의류'를 판매·제공하는 매장,train,의류,T6 기계변형,80c4738a-934b-4b41-9de9-a82a5967a614,천외천,한식,상봉먹자골목형상점가,골목형상점가,서울특별시,,,
ce79143d6963f978df10,full_annotation_v1,A,q_의류_14,의류추천,패션·잡화 중 '의류'를 판매·제공하는 매장,train,의류,T6 기계변형,4c6668f2-b448-46fc-b823-d760ddae8d77,의류,의류,(유)다사소상공인연합,골목형상점가,대구광역시,,,
9ce27e684488cae7342f,full_annotation_v1,A,q_의류_14,의류추천,패션·잡화 중 '의류'를 판매·제공하는 매장,train,의류,T6 기계변형,00fd4bd1-180e-4d03-895c-331fb333c6e4,전주송천점폴햄,섬유 의복 신발 및 가죽제품,송천행복로 골목형상점가,골목형상점가,전북특별자치도,,,
c4e868900c423343c306,full_annotation_v1,A,q_의류_14,의류추천,패션·잡화 중 '의류'를 판매·제공하는 매장,train,의류,T6 기계변형,1943c599-6590-4dc5-8d6c-39bf7bf95dc1,쪼리,"청바지, 악세사리",경주중심상가,전통시장,경상북도,,,
da9fe2e672c49f15a415,full_annotation_v1,A,q_의류_14,의류추천,패션·잡화 중 '의류'를 판매·제공하는 매장,train,의류,T6 기계변형,2fd40237-f8a1-4289-a454-5443bc42dad0,슈트,의류,전주중앙상가시장,전통시장,전북특별자치도,,,
a815fca2b2e308aee898,full_annotation_v1,A,q_의류_14,의류추천,패션·잡화 중 '의류'를 판매·제공하는 매장,train,의류,T6 기계변형,02edb9ce-a58f-4d06-a0f7-8f3af74e85d0,로보키즈,장난감대여,용봉지구 골목형상점가,골목형상점가,광주광역시,,,
3342fc7499e493e20ae9,full_annotation_v1,A,q_의류_14,의류추천,패션·잡화 중 '의류'를 판매·제공하는 매장,train,의류,T6 기계변형,bdbc29dd-c5bf-41d0-90ba-65872a80f5b3,에셍,의류,아트프라자,자율상권구역,서울특별시,,,
ea512ebe42c3f76b3504,full_annotation_v1,A,q_의류_14,의류추천,패션·잡화 중 '의류'를 판매·제공하는 매장,train,의류,T6 기계변형,422c6026-b82b-4805-85e2-12a0b1c4b76b,고운미인,,부산평화시장,전통시장,부산광역시,,,
b2588206b6b36e4c9dca,full_annotation_v1,A,q_의류_14,의류추천,패션·잡화 중 '의류'를 판매·제공하는 매장,train,의류,T6 기계변형,b5aa0dba-21e5-4d54-baa6-fe8a1edf5603,김첨지,삼겹살,성동용답상가시장,전통시장,서울특별시,,,
b93a8df523dbe943efce,full_annotation_v1,A,q_의류_14,의류추천,패션·잡화 중 '의류'를 판매·제공하는 매장,train,의류,T6 기계변형,f3d3e5e3-716d-44a1-ad3e-0cda424c4b41,구포 소. 돼지 도매,소 돼지,정이있는 구포시장,전통시장,부산광역시,,,
1f4b35855b9975ab97a9,full_annotation_v1,A,q_의류_14,의류추천,패션·잡화 중 '의류'를 판매·제공하는 매장,train,의류,T6 기계변형,d6c303f6-6fc3-4875-9038-d1cab4e1c4c6,미셈,의류,서문시장2지구 종합상가,전통시장,대구광역시,,,
1b1a72b8c51a62229516,full_annotation_v1,A,q_의류_14,의류추천,패션·잡화 중 '의류'를 판매·제공하는 매장,train,의류,T6 기계변형,43645cab-2b5c-4642-a046-36590cf8cef6,네파전남여천,의류,흥국상가,자율상권구역,전라남도,,,
cadbf4c8424883a08b9e,full_annotation_v1,A,q_의류_14,의류추천,패션·잡화 중 '의류'를 판매·제공하는 매장,train,의류,T6 기계변형,1e9402f4-4eb9-4294-a7e2-1a54e4c72da1,로닌,의류,은행동상점가(구 으능정이상점가),자율상권구역,대전광역시,,,
771c781cb3f5a0283625,full_annotation_v1,A,q_의류_14,의류추천,패션·잡화 중 '의류'를 판매·제공하는 매장,train,의류,T6 기계변형,00c164d0-76c7-4e7a-9676-ecfdbb052077,크린토피아신창점,세탁,신창수문 골목형상점가,골목형상점가,광주광역시,,,
82bb2c847c9ac90e7d0f,full_annotation_v1,A,q_의류_14,의류추천,패션·잡화 중 '의류'를 판매·제공하는 매장,train,의류,T6 기계변형,49ea8cf9-67ea-4f92-bcb9-2389b5a44b97,진로할인마트,슈퍼마켓 수산물 농산물,관악신사시장,전통시장,서울특별시,,,
c1354292a128cb63ec41,full_annotation_v1,A,q_의류_14,의류추천,패션·잡화 중 '의류'를 판매·제공하는 매장,train,의류,T6 기계변형,4ee0118b-3219-485b-8538-6e958774ade5,놈앤놈스,의류,천안신부문화거리상점가,자율상권구역,충청남도,,,
19ab096536bbc763e9c1,full_annotation_v1,A,q_의류_14,의류추천,패션·잡화 중 '의류'를 판매·제공하는 매장,train,의류,T6 기계변형,332e07de-2165-45b2-863d-83552db206b4,여천 파츠,의류,현대 골목형상점가,골목형상점가,전라남도,,,
b4cbe9ec864580c91592,full_annotation_v1,A,q_의류_14,의류추천,패션·잡화 중 '의류'를 판매·제공하는 매장,train,의류,T6 기계변형,2d9a91df-c256-4726-9e01-9e491c7b297a,블루,옷가게,전주중앙상가시장,전통시장,전북특별자치도,,,
57d0c60bef0f39a57323,full_annotation_v1,A,q_의류_14,의류추천,패션·잡화 중 '의류'를 판매·제공하는 매장,train,의류,T6 기계변형,00128db8-b700-42b3-be50-1760b6c08487,자이세탁,의류세탁,신봉하나로 골목형상점가,골목형상점가,경기도,,,
694ecd89aa0bc4ef224a,full_annotation_v1,A,q_의류_14,의류추천,패션·잡화 중 '의류'를 판매·제공하는 매장,train,의류,T6 기계변형,007c84b4-7b91-431f-9cf2-61f2ac4a13b4,빛나크리닝,세탁업,삼각동 골목형상점가,골목형상점가,광주광역시,,,
8a2d3b3eb6b8bb5390d4,full_annotation_v1,A,q_의류_14,의류추천,패션·잡화 중 '의류'를 판매·제공하는 매장,train,의류,T6 기계변형,0213d775-a9ba-4c68-8b2b-ee3ed98c4d46,썬라이즈,기터의복,진주 중앙상점가,자율상권구역,경상남도,,,
9fb9648fc1644775ad63,full_annotation_v1,A,q_의류_14,의류추천,패션·잡화 중 '의류'를 판매·제공하는 매장,train,의류,T6 기계변형,49501c2b-c038-4b68-bd1b-2ce07b278c6e,이가자헤어비스 구리갈매점,미용업,갈매광장 골목형상점가,골목형상점가,경기도,,,
98744a683e7b509718e0,full_annotation_v1,A,q_의류_14,의류추천,패션·잡화 중 '의류'를 판매·제공하는 매장,train,의류,T6 기계변형,000a92b3-0b5e-429e-af00-f86e3570e24b,클로버,의류,관문상가시장,전통시장,대구광역시,,,
8af6d124e46e15453d94,full_annotation_v1,A,q_의류_14,의류추천,패션·잡화 중 '의류'를 판매·제공하는 매장,train,의류,T6 기계변형,03159423-3cb1-401e-af77-89751a639bb8,주홍,바지,아트프라자,자율상권구역,서울특별시,,,
7b607fda267a1556fe91,full_annotation_v1,A,q_의류_14,의류추천,패션·잡화 중 '의류'를 판매·제공하는 매장,train,의류,T6 기계변형,18d014d4-5a51-42bb-b2ba-6beabc2404db,BABI (바비),"의류 청바지, 티셔츠, 원피스, 자켓 및 악세사리",의정부로데오상점가,자율상권구역,경기도,,,
bfc81bdc97f820a0b9ed,full_annotation_v1,A,q_의류_14,의류추천,패션·잡화 중 '의류'를 판매·제공하는 매장,train,의류,T6 기계변형,1fe5d342-1bc6-4026-b2c7-414156a92b18,경충사,의류,동산상가,전통시장,대구광역시,,,
3a1af5889e6ae9d60a6c,full_annotation_v1,A,q_의류_14,의류추천,패션·잡화 중 '의류'를 판매·제공하는 매장,train,의류,T6 기계변형,a665f757-c8b3-48f1-84cc-3ed31b398a3f,태평철물,철물,중앙메가프라자,전통시장,대전광역시,,,
eac89fb6a2a0f09d68bb,full_annotation_v1,A,q_의류_14,의류추천,패션·잡화 중 '의류'를 판매·제공하는 매장,train,의류,T6 기계변형,00172c94-61f0-4197-afeb-d7e8187c79b5,옷이예쁘다,의류,메트로센터(반월당지하쇼핑),일반지하상점가,대구광역시,,,
9f1e2a56817d65772fd8,full_annotation_v1,A,q_의류_14,의류추천,패션·잡화 중 '의류'를 판매·제공하는 매장,train,의류,T6 기계변형,44e0686a-9876-4f6a-a63b-6f9983eb6af6,스시천,일식,공항대로골목형상점가,골목형상점가,서울특별시,,,
5bca5ec85a5d57444778,full_annotation_v1,A,q_의류_14,의류추천,패션·잡화 중 '의류'를 판매·제공하는 매장,train,의류,T6 기계변형,a0404d3b-1187-4e5c-bac4-a91b64338f95,그믐,의류,여수진남상가,자율상권구역,전라남도,,,
0f9c45df3293b5a8112d,full_annotation_v1,A,q_의류_14,의류추천,패션·잡화 중 '의류'를 판매·제공하는 매장,train,의류,T6 기계변형,18798c1e-a4e9-44b0-8d40-9b1a69b91ee7,고벨화,의류,마산 부림지하상가시장,전통시장,경상남도,,,
68b42fb9d25e4c2e530f,full_annotation_v1,A,q_의류_14,의류추천,패션·잡화 중 '의류'를 판매·제공하는 매장,train,의류,T6 기계변형,da8251c7-0bd9-41c3-bc27-eea5efa9c596,삼억사,의류,현풍백년도깨비시장,전통시장,대구광역시,,,
250647882a91ba46a32a,full_annotation_v1,A,q_의류_14,의류추천,패션·잡화 중 '의류'를 판매·제공하는 매장,train,의류,T6 기계변형,1120c33f-b9c0-4e34-94e0-cc7df1f36400,마즈리,의류,익산매일시장,전통시장,전북특별자치도,,,
365da5ca7d1535f707d3,full_annotation_v1,A,q_의류_14,의류추천,패션·잡화 중 '의류'를 판매·제공하는 매장,train,의류,T6 기계변형,b3d16986-fbc9-4102-af6c-399c4e68dab5,귄,의류,장동로터리 골목형상점가,골목형상점가,광주광역시,,,
c479ed65f72c4e0b6191,full_annotation_v1,A,q_의류_14,의류추천,패션·잡화 중 '의류'를 판매·제공하는 매장,train,의류,T6 기계변형,019c9868-92c6-4e25-b2ea-903f322c9acf,맡겨봐신발세탁,세탁,임동 골목형상점가,골목형상점가,광주광역시,,,
8111f40ec35e005d19f8,full_annotation_v1,A,q_의류_14,의류추천,패션·잡화 중 '의류'를 판매·제공하는 매장,train,의류,T6 기계변형,00083664-fb4e-4e3b-bb0a-d9a0a1e8f87f,롯데세탁소,,와룡로 골목형상점가,골목형상점가,전북특별자치도,,,
674925820f3ca616f40c,full_annotation_v1,A,q_의류_14,의류추천,패션·잡화 중 '의류'를 판매·제공하는 매장,train,의류,T6 기계변형,22a94491-853d-4840-b253-418bc12c7e10,산천,,홍도 골목형상점가,골목형상점가,대전광역시,,,
e0696ffc1d83f0986e30,full_annotation_v1,A,q_의류_14,의류추천,패션·잡화 중 '의류'를 판매·제공하는 매장,train,의류,T6 기계변형,0f4d1a71-a228-4176-8092-49933f43c019,주식회사 은혜,육류및 도매업,김해 주촌축산물시장,전통시장,경상남도,,,
44e98ee5571770f8f66b,full_annotation_v1,A,q_의류_14,의류추천,패션·잡화 중 '의류'를 판매·제공하는 매장,train,의류,T6 기계변형,00fc2b18-ffa0-45b1-b03a-af61257944a9,충일구두수선,구두수선,충주무학시장,전통시장,충청북도,,,
de0a105e751557bd4485,full_annotation_v1,A,q_의류_14,의류추천,패션·잡화 중 '의류'를 판매·제공하는 매장,train,의류,T6 기계변형,000a5a26-66b9-432f-bb77-247655765f2b,백조섬유,여성의류,서문시장 제5지구,전통시장,대구광역시,,,
8c3d4e23acac180f1530,full_annotation_v1,A,q_의류_14,의류추천,패션·잡화 중 '의류'를 판매·제공하는 매장,train,의류,T6 기계변형,157fb81f-e67a-483b-8415-b756543d4cf6,유아상사,장난감,㈜르네시떼,전통시장,부산광역시,,,
eef1c5f9a33ba11447a9,full_annotation_v1,A,q_의류_14,의류추천,패션·잡화 중 '의류'를 판매·제공하는 매장,train,의류,T6 기계변형,05291547-c22d-430e-95c2-e31bda19a90a,슈퍼타이 본점,세탁,월드시티상가 골목형상점가,골목형상점가,울산광역시,,,
0d8024b311e87e3622cf,full_annotation_v1,A,q_의류_14,의류추천,패션·잡화 중 '의류'를 판매·제공하는 매장,train,의류,T6 기계변형,b2c43545-4279-4dda-bd79-2a75953c779e,올포유,스포츠 의류 및 용품,홍성명동상가,자율상권구역,충청남도,,,
bfacbcf2dc1f32cc9c36,full_annotation_v1,A,q_의류_14,의류추천,패션·잡화 중 '의류'를 판매·제공하는 매장,train,의류,T6 기계변형,84964e59-6441-40ea-a6f0-807174989109,진저리,의류,성남중앙지하시장,일반지하상점가,경기도,,,
8fa14f7f60af1073fe71,full_annotation_v1,A,q_의류_14,의류추천,패션·잡화 중 '의류'를 판매·제공하는 매장,train,의류,T6 기계변형,7b297637-e4fa-4bc7-aa82-d65ac9b228ee,쭘마,의류,전주중앙상가시장,전통시장,전북특별자치도,,,
9d356350ff762eb8bd39,full_annotation_v1,A,q_의류_14,의류추천,패션·잡화 중 '의류'를 판매·제공하는 매장,train,의류,T6 기계변형,5242fb3b-0509-4de5-95b9-e64e6fcac4ee,정은아헤어샵,염색파마,무꽃등 골목형상점가,골목형상점가,광주광역시,,,
056019341c3344f755f8,full_annotation_v1,A,q_의류_14,의류추천,패션·잡화 중 '의류'를 판매·제공하는 매장,train,의류,T6 기계변형,98e62e8e-c479-468c-a858-bcc81fc1b07d,뷸라,의류,중계 씨앤미 상가,자율상권구역,서울특별시,,,
858daa96728a9176f83e,full_annotation_v1,A,q_의류_14,의류추천,패션·잡화 중 '의류'를 판매·제공하는 매장,train,의류,T6 기계변형,e6db244b-e7bc-4fa1-92c3-c7d779d3da2d,케찹,의류,동산상가,전통시장,대구광역시,,,
1fca3605f535e908ba9f,full_annotation_v1,A,q_의류_14,의류추천,패션·잡화 중 '의류'를 판매·제공하는 매장,train,의류,T6 기계변형,014602ec-34d6-41db-98d1-f7941ce5c2da,밝은 세탁,수선,노대물빛근린공원 골목형상점가,골목형상점가,광주광역시,,,
2253879a26327aa1b059,full_annotation_v1,A,q_의류_14,의류추천,패션·잡화 중 '의류'를 판매·제공하는 매장,train,의류,T6 기계변형,02db4104-b701-453b-a7ef-cf0c3014ffde,광명디자인,수선,서문시장아진상가,전통시장,대구광역시,,,
c6a58b8f8f00db6ebe35,full_annotation_v1,A,q_의류_14,의류추천,패션·잡화 중 '의류'를 판매·제공하는 매장,train,의류,T6 기계변형,d4ad357a-36d2-4ee2-89e5-12a4cc912988,새삥,의류,동산상가,전통시장,대구광역시,,,
015e7b0a7eff74fea2f6,full_annotation_v1,A,q_의류_14,의류추천,패션·잡화 중 '의류'를 판매·제공하는 매장,train,의류,T6 기계변형,011975e6-5c12-42c3-9d7d-81f8eba753c7,러브아트,홈패션,공주산성시장,전통시장,충청남도,,,
7d5d8d50ef6b191000f6,full_annotation_v1,A,q_의류_14,의류추천,패션·잡화 중 '의류'를 판매·제공하는 매장,train,의류,T6 기계변형,7abe9bfa-9293-4295-b2b1-309393c65058,올킬,의류,부산대자율상권구역,,부산광역시,,,
7dc21d54b93db10c7ce5,full_annotation_v1,A,q_의류_14,의류추천,패션·잡화 중 '의류'를 판매·제공하는 매장,train,의류,T6 기계변형,12e9b4c6-59aa-41b2-b4e1-267c2d66140a,M 의류,의류,큰방림길 골목형상점가,골목형상점가,광주광역시,,,
e17231593dfc645c7373,full_annotation_v1,A,q_의류_14,의류추천,패션·잡화 중 '의류'를 판매·제공하는 매장,train,의류,T6 기계변형,014b6a30-fb19-4f0f-8ab0-5139e2368173,월드옷수선,의류수선,수원역전시장,전통시장,경기도,,,
4c9da65c92274cb86191,full_annotation_v1,A,q_의류_14,의류추천,패션·잡화 중 '의류'를 판매·제공하는 매장,train,의류,T6 기계변형,0304511e-62e7-4e31-8d19-61a115ffaa76,깔롱쟁이,의복,봉선1로 골목형상점가,골목형상점가,광주광역시,,,
79e7e7f06fe2dcf67a86,full_annotation_v1,A,q_의류_14,의류추천,패션·잡화 중 '의류'를 판매·제공하는 매장,train,의류,T6 기계변형,04aacab6-be8f-4470-b58d-33d49bec0a4f,한스,도소매(기성복),통일상가,전통시장,서울특별시,,,
6925bcfaab378ad4e0b5,full_annotation_v1,A,q_의류_14,의류추천,패션·잡화 중 '의류'를 판매·제공하는 매장,train,의류,T6 기계변형,00054f1d-4cae-4345-9975-1423bc49e4dc,착한아이들,의류,중앙전통시장,전통시장,울산광역시,,,
e0ba1e7c7a13433a8afe,full_annotation_v1,A,q_의류_14,의류추천,패션·잡화 중 '의류'를 판매·제공하는 매장,train,의류,T6 기계변형,00124602-ef4e-472c-91ee-de53b28d7530,화이트,의류,울산번개시장,전통시장,울산광역시,,,
c62f0a1897c1668681fc,full_annotation_v1,A,q_의류_14,의류추천,패션·잡화 중 '의류'를 판매·제공하는 매장,train,의류,T6 기계변형,764bb857-e26f-4e36-bf80-c72194dd07ac,웁스,의류,테크노상가,전통시장,서울특별시,,,
196895629145c9f6f363,full_annotation_v1,A,q_의류_14,의류추천,패션·잡화 중 '의류'를 판매·제공하는 매장,train,의류,T6 기계변형,03938df9-3e91-4681-9dac-e5687a891dd2,가방가게,패션잡화,순천원도심상점가,자율상권구역,전라남도,,,
a517c781108bd1dc527a,full_annotation_v1,A,q_의류_14,의류추천,패션·잡화 중 '의류'를 판매·제공하는 매장,train,의류,T6 기계변형,c7d62d1c-31e3-4118-b834-ce583a02b3f7,오웬,의류,남대문시장,전통시장,서울특별시,,,
e75820c8b54cb21b90e4,full_annotation_v1,A,q_의류_14,의류추천,패션·잡화 중 '의류'를 판매·제공하는 매장,train,의류,T6 기계변형,e556f29d-f9ed-4a89-abd4-d693289d1580,비둘기,의류,진해중앙시장,전통시장,경상남도,,,
8053c0c49017d9a0cc67,full_annotation_v1,A,q_의류_14,의류추천,패션·잡화 중 '의류'를 판매·제공하는 매장,train,의류,T6 기계변형,03a58cd8-1705-4bf2-8be7-3a160d1c25df,중앙수선,의복수선,중앙도매시장,전통시장,대전광역시,,,
21cdedef5d7df0e15b8f,full_annotation_v1,A,q_의류_14,의류추천,패션·잡화 중 '의류'를 판매·제공하는 매장,train,의류,T6 기계변형,53776ad6-4a97-4445-b7f6-e236725c5048,대박옷가게,옷가게,안동광석거리 골목형상점가,골목형상점가,경상북도,,,
777e7738880ebc61ba96,full_annotation_v1,A,q_의류_14,의류추천,패션·잡화 중 '의류'를 판매·제공하는 매장,train,의류,T6 기계변형,3f817f48-b0ad-4e49-b5e7-00bf745b2e7e,농심원,육류,신월7동골목형상점가,골목형상점가,서울특별시,,,
8c356847590d9188c881,full_annotation_v1,A,q_의류_14,의류추천,패션·잡화 중 '의류'를 판매·제공하는 매장,train,의류,T6 기계변형,b95d630a-ab0f-44f2-b9f3-8bb8fd624f87,뉴죤,의류,시장로타리지하상가,일반지하상점가,인천광역시,,,
6f4860c5bb51afeab1e8,full_annotation_v1,A,q_의류_14,의류추천,패션·잡화 중 '의류'를 판매·제공하는 매장,train,의류,T6 기계변형,013a01ba-2abc-42d5-9f1b-e0708f0a806b,경남,의류(기타 의복 소매),부산진시장,전통시장,부산광역시,,,
36244257849ece1dde19,full_annotation_v1,A,q_의류_14,의류추천,패션·잡화 중 '의류'를 판매·제공하는 매장,train,의류,T6 기계변형,0743783e-8456-40b3-8ece-e592d976b7af,데님647,청바지,백년소상공인,기타,서울특별시,,,
959f612efbfde80f4d63,full_annotation_v1,A,q_의류_14,의류추천,패션·잡화 중 '의류'를 판매·제공하는 매장,train,의류,T6 기계변형,bc59f180-160c-42fa-bed5-11e12133ef83,랠리,의류,풍2동 골목형상점가,골목형상점가,경기도,,,
dac693252e79509e6a2f,full_annotation_v1,A,q_의류_14,의류추천,패션·잡화 중 '의류'를 판매·제공하는 매장,train,의류,T6 기계변형,033fc658-a256-42a6-8ebf-24763bc43ba1,신광컴퓨터세탁소,세탁소,대야 골목형상점가,골목형상점가,전북특별자치도,,,
a349bb431d0cb2da542a,full_annotation_v1,A,q_의류_14,의류추천,패션·잡화 중 '의류'를 판매·제공하는 매장,train,의류,T6 기계변형,dba9c524-ceb1-4bfe-8fb2-f1e8f4c8bf51,금강포차,분식,홍천시장(홍천구시장),전통시장,강원특별자치도,,,
f58448fadee39828bef2,full_annotation_v1,A,q_의류_14,의류추천,패션·잡화 중 '의류'를 판매·제공하는 매장,train,의류,T6 기계변형,962ce0b0-4904-4446-8b48-fb550039c667,은좌의류,의류,모래내시장,전통시장,서울특별시,,,
4900551d44d9f0e8c88a,full_annotation_v1,A,q_의류_14,의류추천,패션·잡화 중 '의류'를 판매·제공하는 매장,train,의류,T6 기계변형,45a28c51-bfba-4323-b428-84c7aa8f4c8c,우리 집 김치찜,김치찜,갈매아이&유거리 골목형상점가,골목형상점가,경기도,,,
8033d52f8d0dd4792254,full_annotation_v1,A,q_의류_14,의류추천,패션·잡화 중 '의류'를 판매·제공하는 매장,train,의류,T6 기계변형,512a7463-c2d0-429f-8df6-d5efe55c7bf5,경주 옷가게 털보형제들,,경주중심상가,전통시장,경상북도,,,
711108a3527b24094667,full_annotation_v1,A,q_의류_14,의류추천,패션·잡화 중 '의류'를 판매·제공하는 매장,train,의류,T6 기계변형,0010d634-70b8-4627-8dea-822a9bb56922,라엘,여성의류,동산상가,전통시장,대구광역시,,,
79fc68563e8e221e6f02,full_annotation_v1,A,q_의류_14,의류추천,패션·잡화 중 '의류'를 판매·제공하는 매장,train,의류,T6 기계변형,026c5d57-26e4-48c1-a181-862bcda8df43,블럭팡 아산탕정점,장난감,한들물빛도시 골목형 상점가,골목형상점가,충청남도,,,
526ded498778d9c1f183,full_annotation_v1,A,q_의류_14,의류추천,패션·잡화 중 '의류'를 판매·제공하는 매장,train,의류,T6 기계변형,f0a88e69-9339-471d-a608-607f8721493a,지밥,의류,아름다운별장거리골목형상점가,골목형상점가,서울특별시,,,
c8f2d58f394c32e501cb,full_annotation_v1,A,q_의류_14,의류추천,패션·잡화 중 '의류'를 판매·제공하는 매장,train,의류,T6 기계변형,078f51c7-dbe7-46b5-9089-2e2824e6553c,장흥수산,낙지 홍어 바지락,대인시장,전통시장,광주광역시,,,
ce2595770385ad01a477,full_annotation_v1,A,q_의류_14,의류추천,패션·잡화 중 '의류'를 판매·제공하는 매장,train,의류,T6 기계변형,0cd4e040-9521-44ca-809c-d51f100e9356,토이빌리지,유아완구.장난감,석교동 이웃마루 골목형상점가,골목형상점가,대전광역시,,,
62db6fef86bdd79fcad3,full_annotation_v1,A,q_의류_14,의류추천,패션·잡화 중 '의류'를 판매·제공하는 매장,train,의류,T6 기계변형,03cf59c3-0bce-43ff-9df1-14e946a2bd29,금산트라이,"모자, 가방, 패션잡화",금산중앙로상점가,자율상권구역,충청남도,,,
7e94b59781df16db8e95,full_annotation_v1,A,q_의류_14,의류추천,패션·잡화 중 '의류'를 판매·제공하는 매장,train,의류,T6 기계변형,09b55ffd-48d2-4cf4-a1d9-1d13cc7a7de7,오리온,기성복,남대문시장,전통시장,서울특별시,,,
3ef2645d71e948109042,full_annotation_v1,A,q_의류_14,의류추천,패션·잡화 중 '의류'를 판매·제공하는 매장,train,의류,T6 기계변형,05ceaf94-c8e1-4ec6-9148-be979dc3614f,달인옷수선,수선,양산 덕계종합상설시장,전통시장,경상남도,,,
8e26f8501ae6cfa7fe9a,full_annotation_v1,A,q_의류_14,의류추천,패션·잡화 중 '의류'를 판매·제공하는 매장,train,의류,T6 기계변형,07db0235-e6d4-45bf-8a47-ab8b01f06574,럭키블럭,장난감,연제초 앞 골목형상점가,골목형상점가,광주광역시,,,
a234a90c66894db80f1d,full_annotation_v1,A,q_의류_15,의유,패션·잡화 중 '의류'를 판매·제공하는 매장,train,의류,T6 기계변형,0c647d64-c349-4d86-a879-f0bc1187a8d1,은유,,운수대통 골목형상점가,골목형상점가,,,,
21b184831036f03dac61,full_annotation_v1,A,q_의류_15,의유,패션·잡화 중 '의류'를 판매·제공하는 매장,train,의류,T6 기계변형,07db0235-e6d4-45bf-8a47-ab8b01f06574,럭키블럭,장난감,연제초 앞 골목형상점가,골목형상점가,광주광역시,,,
d78b0465186988639e42,full_annotation_v1,A,q_의류_15,의유,패션·잡화 중 '의류'를 판매·제공하는 매장,train,의류,T6 기계변형,22a058fa-73fe-4ed5-bbac-87629765fb55,벨류유,의류,이태원시장,전통시장,서울특별시,,,
70bd531781692481c931,full_annotation_v1,A,q_의류_15,의유,패션·잡화 중 '의류'를 판매·제공하는 매장,train,의류,T6 기계변형,00c60bef-93f3-4d19-a8e8-aeae0ef0fe43,이삭의상실,"패션디자인마춤양장, 스포츠이류및용품",군산 원도심 골목형상점가,골목형상점가,전북특별자치도,,,
de3b9b621a3cd0d2d9de,full_annotation_v1,A,q_의류_15,의유,패션·잡화 중 '의류'를 판매·제공하는 매장,train,의류,T6 기계변형,844844aa-70dc-4b8c-b106-a49e6114684d,만유,의류,서문시장2지구 종합상가,전통시장,대구광역시,,,
dabdd2a016f821a1fcef,full_annotation_v1,A,q_의류_15,의유,패션·잡화 중 '의류'를 판매·제공하는 매장,train,의류,T6 기계변형,05e6b9e7-3971-4a4f-b541-26089f913728,민지의상실,수선,제천중앙시장,전통시장,충청북도,,,
f5b18195fcc8738a7f8b,full_annotation_v1,A,q_의류_15,의유,패션·잡화 중 '의류'를 판매·제공하는 매장,train,의류,T6 기계변형,014602ec-34d6-41db-98d1-f7941ce5c2da,밝은 세탁,수선,노대물빛근린공원 골목형상점가,골목형상점가,광주광역시,,,
add4b24eb36f8469de5f,full_annotation_v1,A,q_의류_15,의유,패션·잡화 중 '의류'를 판매·제공하는 매장,train,의류,T6 기계변형,9ef230fb-f736-43ce-8460-1eadc306545c,리틀앤유,의류,남대문시장,전통시장,서울특별시,,,
f709d613535553388634,full_annotation_v1,A,q_의류_15,의유,패션·잡화 중 '의류'를 판매·제공하는 매장,train,의류,T6 기계변형,33925873-f263-44aa-a51b-5998857f3c14,쭈꾸미의유혹,기타음식,마산 산호동야구장상점가,자율상권구역,경상남도,,,
f9a87bdab38945cbc974,full_annotation_v1,A,q_의류_15,의유,패션·잡화 중 '의류'를 판매·제공하는 매장,train,의류,T6 기계변형,09b55ffd-48d2-4cf4-a1d9-1d13cc7a7de7,오리온,기성복,남대문시장,전통시장,서울특별시,,,
9a86870d79d1d92b8631,full_annotation_v1,A,q_의류_15,의유,패션·잡화 중 '의류'를 판매·제공하는 매장,train,의류,T6 기계변형,0cd4e040-9521-44ca-809c-d51f100e9356,토이빌리지,유아완구.장난감,석교동 이웃마루 골목형상점가,골목형상점가,대전광역시,,,
2d461bd7b7c1d6efa9db,full_annotation_v1,A,q_의류_15,의유,패션·잡화 중 '의류'를 판매·제공하는 매장,train,의류,T6 기계변형,2005d840-c9b9-4e9a-96b0-48e3f0122a0a,양갈비 양꼬치 양선생,한식,동오마을골목형상점가,골목형상점가,경기도,,,
287c0b2671c75311d7aa,full_annotation_v1,A,q_의류_15,의유,패션·잡화 중 '의류'를 판매·제공하는 매장,train,의류,T6 기계변형,ddf0f744-ec6b-4a77-824e-95ada0037433,엠유,의류,매봉 골목형상점가,골목형상점가,광주광역시,,,
68e464e8493dc469c6bd,full_annotation_v1,A,q_의류_15,의유,패션·잡화 중 '의류'를 판매·제공하는 매장,train,의류,T6 기계변형,18d014d4-5a51-42bb-b2ba-6beabc2404db,BABI (바비),"의류 청바지, 티셔츠, 원피스, 자켓 및 악세사리",의정부로데오상점가,자율상권구역,경기도,,,
f9e3478213ba3dba7733,full_annotation_v1,A,q_의류_15,의유,패션·잡화 중 '의류'를 판매·제공하는 매장,train,의류,T6 기계변형,1943c599-6590-4dc5-8d6c-39bf7bf95dc1,쪼리,"청바지, 악세사리",경주중심상가,전통시장,경상북도,,,
a7a82cc39bd0c23a9776,full_annotation_v1,A,q_의류_15,의유,패션·잡화 중 '의류'를 판매·제공하는 매장,train,의류,T6 기계변형,39c376bc-5003-480a-8b0d-345d739255ae,올프유,의류,이천중앙로상가,자율상권구역,경기도,,,
2e2fe207ebd2eb87f62d,full_annotation_v1,A,q_의류_15,의유,패션·잡화 중 '의류'를 판매·제공하는 매장,train,의류,T6 기계변형,7a736fc8-7e84-4cd5-a4d7-f9a5a0238d1f,커피허유,분식,해미읍성전통시장,전통시장,충청남도,,,
905451fdc74e4f00b376,full_annotation_v1,A,q_의류_15,의유,패션·잡화 중 '의류'를 판매·제공하는 매장,train,의류,T6 기계변형,2be44ed2-b665-402c-8379-53f07827949f,아이스크림의유래,아이스크림,새호반 골목형상점가,골목형상점가,세종특별자치시,,,
6030557daf685c2406f9,full_annotation_v1,A,q_의류_15,의유,패션·잡화 중 '의류'를 판매·제공하는 매장,train,의류,T6 기계변형,68392f68-77be-4600-a4b3-99e49e240b8f,풍성상사,"잡화, 한약재",계양산전통시장,전통시장,인천광역시,,,
40995eb79b490eb0d463,full_annotation_v1,A,q_의류_15,의유,패션·잡화 중 '의류'를 판매·제공하는 매장,train,의류,T6 기계변형,00fd4bd1-180e-4d03-895c-331fb333c6e4,전주송천점폴햄,섬유 의복 신발 및 가죽제품,송천행복로 골목형상점가,골목형상점가,전북특별자치도,,,
fd31b7801f7bb6f65d17,full_annotation_v1,A,q_의류_15,의유,패션·잡화 중 '의류'를 판매·제공하는 매장,train,의류,T6 기계변형,3517a148-f8ae-4b95-83cb-de0e37fb43f9,쏘유,,남포지하도상가,일반지하상점가,부산광역시,,,
92b4e3729914dea35c45,full_annotation_v1,A,q_의류_15,의유,패션·잡화 중 '의류'를 판매·제공하는 매장,train,의류,T6 기계변형,db120c04-9540-4475-a721-7c0595eb6d07,커피허유,커피,해미읍성전통시장,전통시장,충청남도,,,
6a63bc76f7da24f9ffda,full_annotation_v1,A,q_의류_15,의유,패션·잡화 중 '의류'를 판매·제공하는 매장,train,의류,T6 기계변형,29e7b7dd-9fcc-4760-9be3-7162ac6db9c3,오땡큐 북수원점,미용실,북수원시장( 구 파장시장),전통시장,경기도,,,
b802d6e619ef0276b62c,full_annotation_v1,A,q_의류_15,의유,패션·잡화 중 '의류'를 판매·제공하는 매장,train,의류,T6 기계변형,078f51c7-dbe7-46b5-9089-2e2824e6553c,장흥수산,낙지 홍어 바지락,대인시장,전통시장,광주광역시,,,
b301a35d552957ae1092,full_annotation_v1,A,q_의류_15,의유,패션·잡화 중 '의류'를 판매·제공하는 매장,train,의류,T6 기계변형,121e3b2d-dfcb-4695-b9fc-3f42d5dd3414,어썸유,의류,의정부역지하상가,일반지하상점가,경기도,,,
27be0648e3510c7cbc3a,full_annotation_v1,A,q_의류_15,의유,패션·잡화 중 '의류'를 판매·제공하는 매장,train,의류,T6 기계변형,21d99eca-7797-46c8-b83b-ba2f1fd373a4,공유,의류,동산상가,전통시장,대구광역시,,,
64a7f2f0f4ce6d68a5ef,full_annotation_v1,A,q_의류_15,의유,패션·잡화 중 '의류'를 판매·제공하는 매장,train,의류,T6 기계변형,03052be2-67e1-48ff-a71f-63500facd038,윤순영패션,,용대로119번길 골목형상점가,골목형상점가,,,,
c6b469800a684e6058c0,full_annotation_v1,A,q_의류_15,의유,패션·잡화 중 '의류'를 판매·제공하는 매장,train,의류,T6 기계변형,000a92b3-0b5e-429e-af00-f86e3570e24b,클로버,의류,관문상가시장,전통시장,대구광역시,,,
4bcaad2c3889a2917585,full_annotation_v1,A,q_의류_15,의유,패션·잡화 중 '의류'를 판매·제공하는 매장,train,의류,T6 기계변형,769e53f8-d310-4fad-923f-9c2d377f1837,고려보관소,기타,아리랑거리,전통시장,부산광역시,,,
4aebb3ea684356fbc1f5,full_annotation_v1,A,q_의류_15,의유,패션·잡화 중 '의류'를 판매·제공하는 매장,train,의류,T6 기계변형,00c164d0-76c7-4e7a-9676-ecfdbb052077,크린토피아신창점,세탁,신창수문 골목형상점가,골목형상점가,광주광역시,,,
d698bf22b1fc0a496a55,full_annotation_v1,A,q_의류_15,의유,패션·잡화 중 '의류'를 판매·제공하는 매장,train,의류,T6 기계변형,00128db8-b700-42b3-be50-1760b6c08487,자이세탁,의류세탁,신봉하나로 골목형상점가,골목형상점가,경기도,,,
f75838384e849eef010d,full_annotation_v1,A,q_의류_15,의유,패션·잡화 중 '의류'를 판매·제공하는 매장,train,의류,T6 기계변형,deaf3fcb-ab3b-4ff6-9df2-065c8a06fefb,대성석유,등경유,매월동상인회 골목형상점가,골목형상점가,광주광역시,,,
7932891352605d2e34e7,full_annotation_v1,A,q_의류_15,의유,패션·잡화 중 '의류'를 판매·제공하는 매장,train,의류,T6 기계변형,00054f1d-4cae-4345-9975-1423bc49e4dc,착한아이들,의류,중앙전통시장,전통시장,울산광역시,,,
d0a3301736f9114628ac,full_annotation_v1,A,q_의류_15,의유,패션·잡화 중 '의류'를 판매·제공하는 매장,train,의류,T6 기계변형,0aa15c99-721d-46e2-af06-97deed532671,삼영섬유,섬유,서문시장2지구 종합상가,전통시장,대구광역시,,,
caa58a61f4d612d8056b,full_annotation_v1,A,q_의류_15,의유,패션·잡화 중 '의류'를 판매·제공하는 매장,train,의류,T6 기계변형,bf61afd0-cc97-4e09-b0a1-96f145b3be54,유,의류,제일평화시장,전통시장,서울특별시,,,
2a5224901ad3a9144d83,full_annotation_v1,A,q_의류_15,의유,패션·잡화 중 '의류'를 판매·제공하는 매장,train,의류,T6 기계변형,3e155bed-ce69-4c30-be79-3bd324f4633a,더소유,의류,금암동 골목형상점가,골목형상점가,충청남도,,,
a9ecb7816375ee5e5742,full_annotation_v1,A,q_의류_15,의유,패션·잡화 중 '의류'를 판매·제공하는 매장,train,의류,T6 기계변형,142cc20f-484a-4fc2-b8aa-cd14b2ef0af9,이태리,구두,서면지하도상가 부전몰,일반지하상점가,부산광역시,,,
d5bf3e377450576721c5,full_annotation_v1,A,q_의류_15,의유,패션·잡화 중 '의류'를 판매·제공하는 매장,train,의류,T6 기계변형,1c81e849-ae56-4b37-85e5-b501e0bcef97,진유,의류,부산평화시장,전통시장,부산광역시,,,
ea27cb3251280c5c64b9,full_annotation_v1,A,q_의류_15,의유,패션·잡화 중 '의류'를 판매·제공하는 매장,train,의류,T6 기계변형,02edb9ce-a58f-4d06-a0f7-8f3af74e85d0,로보키즈,장난감대여,용봉지구 골목형상점가,골목형상점가,광주광역시,,,
cf67887595f32c5d4d8e,full_annotation_v1,A,q_의류_15,의유,패션·잡화 중 '의류'를 판매·제공하는 매장,train,의류,T6 기계변형,53776ad6-4a97-4445-b7f6-e236725c5048,대박옷가게,옷가게,안동광석거리 골목형상점가,골목형상점가,경상북도,,,
cae9941aa388af3a4183,full_annotation_v1,A,q_의류_15,의유,패션·잡화 중 '의류'를 판매·제공하는 매장,train,의류,T6 기계변형,00158f51-4d3a-4ac0-9e38-b37552f5e097,지지배,의류,나주금빛상점가,자율상권구역,전라남도,,,
e97412c2e97979e7d93f,full_annotation_v1,A,q_의류_15,의유,패션·잡화 중 '의류'를 판매·제공하는 매장,train,의류,T6 기계변형,04393867-56a5-4bca-a4fa-a9117fe35813,신창동가마구미족발,족발,신창부영 골목형상점가,골목형상점가,광주광역시,,,
236df7558076bb1dbe36,full_annotation_v1,A,q_의류_15,의유,패션·잡화 중 '의류'를 판매·제공하는 매장,train,의류,T6 기계변형,0ef4439e-951d-4750-b7c7-20a6efc4286e,광풍제유,,서부아침시장(영월서부시장),전통시장,강원특별자치도,,,
2342af530f84fd95531e,full_annotation_v1,A,q_의류_15,의유,패션·잡화 중 '의류'를 판매·제공하는 매장,train,의류,T6 기계변형,d40d6214-dc33-4b1b-a971-39dffe267565,남천다옴 광안리본점,한식,464번길 골목형상점가,골목형상점가,부산광역시,,,
db10de6765c0513ea0f2,full_annotation_v1,A,q_의류_15,의유,패션·잡화 중 '의류'를 판매·제공하는 매장,train,의류,T6 기계변형,00fc2b18-ffa0-45b1-b03a-af61257944a9,충일구두수선,구두수선,충주무학시장,전통시장,충청북도,,,
7bbfed7e5ae2f779992d,full_annotation_v1,A,q_의류_15,의유,패션·잡화 중 '의류'를 판매·제공하는 매장,train,의류,T6 기계변형,04aacab6-be8f-4470-b58d-33d49bec0a4f,한스,도소매(기성복),통일상가,전통시장,서울특별시,,,
884edf557e8b25719c49,full_annotation_v1,A,q_의류_15,의유,패션·잡화 중 '의류'를 판매·제공하는 매장,train,의류,T6 기계변형,20b40099-91ac-46f9-992d-a966c1d17a38,또또꼬마김밥 혁신점,김밥 떡볶이,나주혁신도시 골목형상점가,골목형상점가,전라남도,,,
23b0a8c84d639a6081ea,full_annotation_v1,A,q_의류_15,의유,패션·잡화 중 '의류'를 판매·제공하는 매장,train,의류,T6 기계변형,112b5a6c-8069-48cf-a5ae-5af39b99eb4d,프롬유,의류,하당꽃길1가 골목형상점가,골목형상점가,전라남도,,,
a90ab7ca985cb2541073,full_annotation_v1,A,q_의류_15,의유,패션·잡화 중 '의류'를 판매·제공하는 매장,train,의류,T6 기계변형,c32871f2-99d7-49fa-820f-a64d90baf183,예은 뜨개방,털실,제천중앙시장,전통시장,충청북도,,,
47748f881427f437e730,full_annotation_v1,A,q_의류_15,의유,패션·잡화 중 '의류'를 판매·제공하는 매장,train,의류,T6 기계변형,013a01ba-2abc-42d5-9f1b-e0708f0a806b,경남,의류(기타 의복 소매),부산진시장,전통시장,부산광역시,,,
a8a1591cebf8f96ffb87,full_annotation_v1,A,q_의류_15,의유,패션·잡화 중 '의류'를 판매·제공하는 매장,train,의류,T6 기계변형,3a4397db-a44c-4111-8e5a-a977b90eb6b9,돼유,한식,원도심 상권활성화구역,상권활성화구역,대전광역시,,,
43eeeb2bac146781f37e,full_annotation_v1,A,q_의류_15,의유,패션·잡화 중 '의류'를 판매·제공하는 매장,train,의류,T6 기계변형,0760ad46-3e12-443f-aff0-3c3423aa28cd,소유,의류,인동로데오상가,골목형상점가,경상북도,,,
1cde280b3b5327a157c2,full_annotation_v1,A,q_의류_15,의유,패션·잡화 중 '의류'를 판매·제공하는 매장,train,의류,T6 기계변형,19302821-2b5d-4d61-860c-0328418dc8e2,또와,기성복,아트프라자,자율상권구역,서울특별시,,,
3b80d1ea788163542d44,full_annotation_v1,A,q_의류_15,의유,패션·잡화 중 '의류'를 판매·제공하는 매장,train,의류,T6 기계변형,157fb81f-e67a-483b-8415-b756543d4cf6,유아상사,장난감,㈜르네시떼,전통시장,부산광역시,,,
310b956d082057e08253,full_annotation_v1,A,q_의류_15,의유,패션·잡화 중 '의류'를 판매·제공하는 매장,train,의류,T6 기계변형,00124602-ef4e-472c-91ee-de53b28d7530,화이트,의류,울산번개시장,전통시장,울산광역시,,,
38a7bc85e13998e2152f,full_annotation_v1,A,q_의류_15,의유,패션·잡화 중 '의류'를 판매·제공하는 매장,train,의류,T6 기계변형,00083664-fb4e-4e3b-bb0a-d9a0a1e8f87f,롯데세탁소,,와룡로 골목형상점가,골목형상점가,전북특별자치도,,,
57260c8bd6c507a6ac82,full_annotation_v1,A,q_의류_15,의유,패션·잡화 중 '의류'를 판매·제공하는 매장,train,의류,T6 기계변형,0be2f128-7d6a-4f7d-a5d6-ce253b9a5cbb,풀의유영,서적,전주동문상점가,자율상권구역,전북특별자치도,,,
484e9ebdb9833bfdf186,full_annotation_v1,A,q_의류_15,의유,패션·잡화 중 '의류'를 판매·제공하는 매장,train,의류,T6 기계변형,007c84b4-7b91-431f-9cf2-61f2ac4a13b4,빛나크리닝,세탁업,삼각동 골목형상점가,골목형상점가,광주광역시,,,
de290f12073a0d29ba76,full_annotation_v1,A,q_의류_15,의유,패션·잡화 중 '의류'를 판매·제공하는 매장,train,의류,T6 기계변형,76abb76b-d19f-41ac-ad4d-26d32bffad62,수지,옷가게(의류),양산 나래메트로시티 골목형상점가,골목형상점가,경상남도,,,
e2bfc8f2b27edc8b30f4,full_annotation_v1,A,q_의류_15,의유,패션·잡화 중 '의류'를 판매·제공하는 매장,train,의류,T6 기계변형,bd85bd73-23c4-42b6-a6a0-ad58688325cb,마조,의유,하당꽃길2가 골목형상점가,골목형상점가,전라남도,,,
de0a1836483d4e40da13,full_annotation_v1,A,q_의류_15,의유,패션·잡화 중 '의류'를 판매·제공하는 매장,train,의류,T6 기계변형,019c9868-92c6-4e25-b2ea-903f322c9acf,맡겨봐신발세탁,세탁,임동 골목형상점가,골목형상점가,광주광역시,,,
3742f083e39a3a6a9b9a,full_annotation_v1,A,q_의류_15,의유,패션·잡화 중 '의류'를 판매·제공하는 매장,train,의류,T6 기계변형,f2ba24ab-220d-4ac5-9c11-7bd12c1c7b73,유미네반찬,반찬,장위전통시장,전통시장,서울특별시,,,
1b1a1006a985c0560130,full_annotation_v1,A,q_의류_15,의유,패션·잡화 중 '의류'를 판매·제공하는 매장,train,의류,T6 기계변형,03a58cd8-1705-4bf2-8be7-3a160d1c25df,중앙수선,의복수선,중앙도매시장,전통시장,대전광역시,,,
1209e4b2b94e4014cf6e,full_annotation_v1,A,q_의류_15,의유,패션·잡화 중 '의류'를 판매·제공하는 매장,train,의류,T6 기계변형,212f3bdc-8abb-4977-833b-7a5864a3d0d3,본죽앤비빔밥,죽,464번길 골목형상점가,골목형상점가,부산광역시,,,
bcba388de85a34492400,full_annotation_v1,A,q_의류_15,의유,패션·잡화 중 '의류'를 판매·제공하는 매장,train,의류,T6 기계변형,62337440-4002-4459-95e9-bbc7ef090dec,어반유,미용,지웰시티자이상가 골목형상점가,골목형상점가,울산광역시,,,
3dbce363498ff78cce53,full_annotation_v1,A,q_의류_15,의유,패션·잡화 중 '의류'를 판매·제공하는 매장,train,의류,T6 기계변형,03159423-3cb1-401e-af77-89751a639bb8,주홍,바지,아트프라자,자율상권구역,서울특별시,,,
25d19fc8d672fa966531,full_annotation_v1,A,q_의류_15,의유,패션·잡화 중 '의류'를 판매·제공하는 매장,train,의류,T6 기계변형,af7f1337-f7f8-4181-b5be-df3a14d8015c,르모멍유,,솔내이음골목형상점가,골목형상점가,전북특별자치도,,,
ee94ad6ea0212f21dd32,full_annotation_v1,A,q_의류_15,의유,패션·잡화 중 '의류'를 판매·제공하는 매장,train,의류,T6 기계변형,6c3cdd8c-7169-405f-a6d1-c1cfc923c358,네일in이유,,남평 강변도시 골목형상점가,골목형상점가,,,,
f2a3535fa35646c764b4,full_annotation_v1,A,q_의류_15,의유,패션·잡화 중 '의류'를 판매·제공하는 매장,train,의류,T6 기계변형,40ab628f-b74d-41bb-bab4-d9cf4762f994,앤드유,의류,성복 온누리 골목형상점가,골목형상점가,경기도,,,
0a42908d03f7592453bc,full_annotation_v1,A,q_의류_15,의유,패션·잡화 중 '의류'를 판매·제공하는 매장,train,의류,T6 기계변형,761b439f-19ad-40d1-9a45-651c3a6dd2f1,신선한주방 나주혁신점,일반음식,나주혁신도시 골목형상점가,골목형상점가,전라남도,,,
cd1dc914986b1a7c4149,full_annotation_v1,A,q_의류_15,의유,패션·잡화 중 '의류'를 판매·제공하는 매장,train,의류,T6 기계변형,00e9be42-1358-4d8a-91f4-119aaed2a77b,백경사,"작업복, 기성복, 안전화 등",부산진시장,전통시장,부산광역시,,,
0be7c82b98e1cab4bec0,full_annotation_v1,A,q_의류_15,의유,패션·잡화 중 '의류'를 판매·제공하는 매장,train,의류,T6 기계변형,98cdf3e5-5ad6-4d6b-be49-ae26238af44f,구미 옷가게 슬릭앤코(SLEEK AND CO),,문화로 자율상권구역,,경상북도,,,
12af0c445089c60cca0f,full_annotation_v1,A,q_의류_15,의유,패션·잡화 중 '의류'를 판매·제공하는 매장,train,의류,T6 기계변형,d2220083-6be4-439d-9b1a-58b449d75e93,진흥섬유,원단섬유,서문시장2지구 종합상가,전통시장,대구광역시,,,
a308b3b1cdf3a88116a8,full_annotation_v1,A,q_의류_15,의유,패션·잡화 중 '의류'를 판매·제공하는 매장,train,의류,T6 기계변형,731ca113-4be8-4f6c-b768-7ed1555ac127,스튜디오127,사진,과천스마트케이 골목형상점가,골목형상점가,경기도,,,
d3536393d1d083b9b887,full_annotation_v1,A,q_의류_15,의유,패션·잡화 중 '의류'를 판매·제공하는 매장,train,의류,T6 기계변형,033fc658-a256-42a6-8ebf-24763bc43ba1,신광컴퓨터세탁소,세탁소,대야 골목형상점가,골목형상점가,전북특별자치도,,,
6f7759f17473a3c8b86f,full_annotation_v1,A,q_의류_15,의유,패션·잡화 중 '의류'를 판매·제공하는 매장,train,의류,T6 기계변형,0213d775-a9ba-4c68-8b2b-ee3ed98c4d46,썬라이즈,기터의복,진주 중앙상점가,자율상권구역,경상남도,,,
ec0f8314077805f0a1a4,full_annotation_v1,A,q_의류_15,의유,패션·잡화 중 '의류'를 판매·제공하는 매장,train,의류,T6 기계변형,2d9a91df-c256-4726-9e01-9e491c7b297a,블루,옷가게,전주중앙상가시장,전통시장,전북특별자치도,,,
c79ac4582b60c3b06595,full_annotation_v1,A,q_의류_15,의유,패션·잡화 중 '의류'를 판매·제공하는 매장,train,의류,T6 기계변형,7cc8498e-0075-403f-a68b-4acd6d7feef0,앗싸노래연습장,노래연습장,동오마을골목형상점가,골목형상점가,경기도,,,
4aebe505f5cd2ce7649d,full_annotation_v1,A,q_의류_15,의유,패션·잡화 중 '의류'를 판매·제공하는 매장,train,의류,T6 기계변형,7ee9b82a-5632-433f-b2e0-70f5e87a3b41,꽃과우유,의류,하안9단지골목형상점가,골목형상점가,경기도,,,
e002727bea78de55aa27,full_annotation_v1,A,q_의류_15,의유,패션·잡화 중 '의류'를 판매·제공하는 매장,train,의류,T6 기계변형,023923b8-1217-420d-94da-1dbed6318c95,두올수선,옷수선,부평대아지하상점가,일반지하상점가,인천광역시,,,
a872347999e2c7b185fa,full_annotation_v1,A,q_의류_15,의유,패션·잡화 중 '의류'를 판매·제공하는 매장,train,의류,T6 기계변형,524f01e1-ba6e-4d93-a57f-4085a738ecdf,고성석유,식유,마산 산호시장,전통시장,경상남도,,,
3eb0cdc9bc10d62dd91e,full_annotation_v1,A,q_의류_15,의유,패션·잡화 중 '의류'를 판매·제공하는 매장,train,의류,T6 기계변형,03938df9-3e91-4681-9dac-e5687a891dd2,가방가게,패션잡화,순천원도심상점가,자율상권구역,전라남도,,,
72954fa352bfcaff2fc0,full_annotation_v1,A,q_의류_15,의유,패션·잡화 중 '의류'를 판매·제공하는 매장,train,의류,T6 기계변형,0ab4febb-1ab2-42cf-aae3-53c528083921,에스텔라,의류(기성복),평화로상가,자율상권구역,경상북도,,,
e148232b1725bb56c4cd,full_annotation_v1,A,q_의류_15,의유,패션·잡화 중 '의류'를 판매·제공하는 매장,train,의류,T6 기계변형,c6abfc26-0a0b-4430-8155-608b70ae9e38,대현초장,초장,수암종합시장,전통시장,울산광역시,,,
3c4c87ac3361e9a84021,full_annotation_v1,A,q_의류_15,의유,패션·잡화 중 '의류'를 판매·제공하는 매장,train,의류,T6 기계변형,0010d634-70b8-4627-8dea-822a9bb56922,라엘,여성의류,동산상가,전통시장,대구광역시,,,
b84ca445f5e24f093e2e,full_annotation_v1,A,q_의류_15,의유,패션·잡화 중 '의류'를 판매·제공하는 매장,train,의류,T6 기계변형,026c5d57-26e4-48c1-a181-862bcda8df43,블럭팡 아산탕정점,장난감,한들물빛도시 골목형 상점가,골목형상점가,충청남도,,,
118c4bc28e24c6d55ce1,full_annotation_v1,A,q_의류_15,의유,패션·잡화 중 '의류'를 판매·제공하는 매장,train,의류,T6 기계변형,504867f5-6c2d-497f-b4e6-c20f5fd9960d,세이지,의유,흥국상가,자율상권구역,전라남도,,,
28a75679cf308545e0e6,full_annotation_v1,A,q_의류_15,의유,패션·잡화 중 '의류'를 판매·제공하는 매장,train,의류,T6 기계변형,ee7789e1-cb89-4a52-bd8b-cdb813f9d7fc,휴아유,의류,성서중심시장(성서시장문화의거리 통합),전통시장,충청북도,,,
fb315b9115f3b3af97c2,full_annotation_v1,A,q_의류_15,의유,패션·잡화 중 '의류'를 판매·제공하는 매장,train,의류,T6 기계변형,204d20e9-0883-4d05-880a-79b51ba883c5,헤어유,미용,사직동 서동로 골목형상점가,골목형상점가,광주광역시,,,
01d6aeb943d2563ad415,full_annotation_v1,A,q_의류_15,의유,패션·잡화 중 '의류'를 판매·제공하는 매장,train,의류,T6 기계변형,f981d894-9516-4396-88ad-c008b79a6e95,아가방,유아용품,"온양온천시장(온양재래시장, 전통시장)",전통시장,충청남도,,,
c6546ea192d77727d167,full_annotation_v1,A,q_의류_15,의유,패션·잡화 중 '의류'를 판매·제공하는 매장,train,의류,T6 기계변형,0743783e-8456-40b3-8ece-e592d976b7af,데님647,청바지,백년소상공인,기타,서울특별시,,,
43a31efb2b2854bd2b1f,full_annotation_v1,A,q_의류_15,의유,패션·잡화 중 '의류'를 판매·제공하는 매장,train,의류,T6 기계변형,02851047-7760-4cdb-b811-74f6dff245bd,에덴의상실,수선,돈암시장,전통시장,서울특별시,,,
d15e6cc880ee9c638727,full_annotation_v1,A,q_의류_15,의유,패션·잡화 중 '의류'를 판매·제공하는 매장,train,의류,T6 기계변형,05ceaf94-c8e1-4ec6-9148-be979dc3614f,달인옷수선,수선,양산 덕계종합상설시장,전통시장,경상남도,,,
93fdc9c0df51be3742a4,full_annotation_v1,A,q_의류_15,의유,패션·잡화 중 '의류'를 판매·제공하는 매장,train,의류,T6 기계변형,02db4104-b701-453b-a7ef-cf0c3014ffde,광명디자인,수선,서문시장아진상가,전통시장,대구광역시,,,
fb90ace1cbced9a42c3f,full_annotation_v1,A,q_의류_15,의유,패션·잡화 중 '의류'를 판매·제공하는 매장,train,의류,T6 기계변형,00172c94-61f0-4197-afeb-d7e8187c79b5,옷이예쁘다,의류,메트로센터(반월당지하쇼핑),일반지하상점가,대구광역시,,,
d4473f1c133e538cbb60,full_annotation_v1,A,q_의류_15,의유,패션·잡화 중 '의류'를 판매·제공하는 매장,train,의류,T6 기계변형,03cf59c3-0bce-43ff-9df1-14e946a2bd29,금산트라이,"모자, 가방, 패션잡화",금산중앙로상점가,자율상권구역,충청남도,,,
c98d07c7b0d4a80fecb2,full_annotation_v1,A,q_의류_15,의유,패션·잡화 중 '의류'를 판매·제공하는 매장,train,의류,T6 기계변형,512a7463-c2d0-429f-8df6-d5efe55c7bf5,경주 옷가게 털보형제들,,경주중심상가,전통시장,경상북도,,,
0492333fc50f363999da,full_annotation_v1,A,q_의류_15,의유,패션·잡화 중 '의류'를 판매·제공하는 매장,train,의류,T6 기계변형,000a5a26-66b9-432f-bb77-247655765f2b,백조섬유,여성의류,서문시장 제5지구,전통시장,대구광역시,,,
a540c5d60e1987b83f3b,full_annotation_v1,A,q_의류_15,의유,패션·잡화 중 '의류'를 판매·제공하는 매장,train,의류,T6 기계변형,011975e6-5c12-42c3-9d7d-81f8eba753c7,러브아트,홈패션,공주산성시장,전통시장,충청남도,,,
c7f2f62d99958e695880,full_annotation_v1,A,q_의류_15,의유,패션·잡화 중 '의류'를 판매·제공하는 매장,train,의류,T6 기계변형,014b6a30-fb19-4f0f-8ab0-5139e2368173,월드옷수선,의류수선,수원역전시장,전통시장,경기도,,,
75800f9a005319e0157e,full_annotation_v1,A,q_의류_15,의유,패션·잡화 중 '의류'를 판매·제공하는 매장,train,의류,T6 기계변형,326b552b-cf83-4a01-8057-4bc87b4c57a5,난리유,의류,중앙로 지하상가 상점가,일반지하상점가,대전광역시,,,
af1593376d2eb1af599c,full_annotation_v1,A,q_의류_15,의유,패션·잡화 중 '의류'를 판매·제공하는 매장,train,의류,T6 기계변형,0304511e-62e7-4e31-8d19-61a115ffaa76,깔롱쟁이,의복,봉선1로 골목형상점가,골목형상점가,광주광역시,,,
82b0198029e5696a1878,full_annotation_v1,A,q_의류_15,의유,패션·잡화 중 '의류'를 판매·제공하는 매장,train,의류,T6 기계변형,05291547-c22d-430e-95c2-e31bda19a90a,슈퍼타이 본점,세탁,월드시티상가 골목형상점가,골목형상점가,울산광역시,,,
45c3360c99f35a7ff17e,full_annotation_v1,A,q_의류_15,의유,패션·잡화 중 '의류'를 판매·제공하는 매장,train,의류,T6 기계변형,1bd9280b-5271-48b7-b439-30f044415605,세연섬유,섬유,서문시장2지구 종합상가,전통시장,대구광역시,,,
c6853e9ec5d7881e6502,full_annotation_v1,A,q_의류_15,의유,패션·잡화 중 '의류'를 판매·제공하는 매장,train,의류,T6 기계변형,c1308e4d-7132-4b5c-82e7-b8d75a08ad19,미앤유,의류,금호상인회 골목형상점가,골목형상점가,광주광역시,,,
436047653d9229f090cf,full_annotation_v1,A,q_의류_15,의유,패션·잡화 중 '의류'를 판매·제공하는 매장,train,의류,T6 기계변형,f4571aee-7016-4485-bf54-85ee3e5316db,금호적유,,내상로 골목형상점가,골목형상점가,,,,
edd11c998fd0ae399408,full_annotation_v1,A,q_의류_15,의유,패션·잡화 중 '의류'를 판매·제공하는 매장,train,의류,T6 기계변형,6eda9cd1-2c63-407b-bb3e-b71cebbfec6f,공유,의류,부산평화시장,전통시장,부산광역시,,,
55ac8fa1f84e2968baa3,full_annotation_v1,A,q_의류_15,의유,패션·잡화 중 '의류'를 판매·제공하는 매장,train,의류,T6 기계변형,0124f20e-c46e-4f18-9dc0-8e7da025a257,태백섬유,섬유,서문시장2지구 종합상가,전통시장,대구광역시,,,
b8ff0142509524451abd,full_annotation_v1,A,q_의약품_01,약국,건강·의료 중 '의약품'을 판매·제공하는 매장,train,의약품,T1 정확표기,eea62bb5-c9e5-4ab6-9a84-2e3987e37cb5,행복한약국,약국,더불어용두 골목형상점가,골목형상점가,광주광역시,,,
2af4e3219336f7db19ca,full_annotation_v1,A,q_의약품_01,약국,건강·의료 중 '의약품'을 판매·제공하는 매장,train,의약품,T1 정확표기,f98a3102-b495-48a7-acae-afd3888c9439,태양약국,약국,우산 동문로 골목형상점가,골목형상점가,광주광역시,,,
d88a8c9989d494c07dc0,full_annotation_v1,A,q_의약품_01,약국,건강·의료 중 '의약품'을 판매·제공하는 매장,train,의약품,T1 정확표기,e27cd950-4679-42e9-832d-d17a23bb40e2,드림약국,약국,장대동패션상가 골목형상점가,골목형상점가,대전광역시,,,
c9977bde66761823a513,full_annotation_v1,A,q_의약품_01,약국,건강·의료 중 '의약품'을 판매·제공하는 매장,train,의약품,T1 정확표기,1430b5cf-950f-435b-a2b1-4faf5e1e49fb,민약국,약국,홍천중앙시장(홍천신시장),전통시장,강원특별자치도,,,
3937b1cd5b56ad7c68c4,full_annotation_v1,A,q_의약품_01,약국,건강·의료 중 '의약품'을 판매·제공하는 매장,train,의약품,T1 정확표기,31672f01-4469-40cd-9a5c-5712d54915bf,안양왕약국,약국,안양중앙인정시장,전통시장,경기도,,,
24e47f4e4c2611306e14,full_annotation_v1,A,q_의약품_01,약국,건강·의료 중 '의약품'을 판매·제공하는 매장,train,의약품,T1 정확표기,39448cbc-2a6a-4ecd-bf7c-61de75b5b4f2,남이약국,약국,정읍우암로상점가,자율상권구역,전북특별자치도,,,
b32282e62e9352d295de,full_annotation_v1,A,q_의약품_01,약국,건강·의료 중 '의약품'을 판매·제공하는 매장,train,의약품,T1 정확표기,8fbda964-dfca-4b2f-8b85-fd2f98e5dafa,고은약국,약국,거제 고현시장,전통시장,경상남도,,,
1d81619f3d4792d4d94b,full_annotation_v1,A,q_의약품_01,약국,건강·의료 중 '의약품'을 판매·제공하는 매장,train,의약품,T1 정확표기,aef25526-4d76-4526-ac0f-ea2ecb61ef0d,드림약국,약국,거제 고현자율상권,,경상남도,,,
e2cfe41eb4442c10c78b,full_annotation_v1,A,q_의약품_01,약국,건강·의료 중 '의약품'을 판매·제공하는 매장,train,의약품,T1 정확표기,82866a9a-a135-46fa-b0c2-dbc2786c5d9b,새하나약국,약국,경열로상인회 골목형상점가,골목형상점가,광주광역시,,,
192dc8b2b433a7eef52d,full_annotation_v1,A,q_의약품_01,약국,건강·의료 중 '의약품'을 판매·제공하는 매장,train,의약품,T1 정확표기,fc2b397b-f413-4f57-9f7c-eab57ae1f6ea,조은약국,약국,무주반딧불상권활성화구역,상권활성화구역,전북특별자치도,,,
88c82c4772d1fbdde4dd,full_annotation_v1,A,q_의약품_01,약국,건강·의료 중 '의약품'을 판매·제공하는 매장,train,의약품,T1 정확표기,9b7e89e3-b45d-4a4b-9c09-404d5e3288c0,주영네 수산,활어,영일대북부시장(구 북부시장),전통시장,경상북도,,,
77125c018a47e248b185,full_annotation_v1,A,q_의약품_01,약국,건강·의료 중 '의약품'을 판매·제공하는 매장,train,의약품,T1 정확표기,66ddc8e2-08e4-4d97-b0d6-8ae51fc406d4,진 약국,,황금수정 골목형상점가,골목형상점가,부산광역시,,,
75277a1e3ed27f623e09,full_annotation_v1,A,q_의약품_01,약국,건강·의료 중 '의약품'을 판매·제공하는 매장,train,의약품,T1 정확표기,d1baa10b-ecf1-4f80-8c6b-951a9c7b04f1,새난곡 약국,약국,난우길골목형상점가,골목형상점가,서울특별시,,,
2ba3cc149977d862f21d,full_annotation_v1,A,q_의약품_01,약국,건강·의료 중 '의약품'을 판매·제공하는 매장,train,의약품,T1 정확표기,006929a4-6712-43ca-80d7-f540710009b5,삼송프라자약국,의약품 외 건강기능식품,신원권율3 골목형상점가,골목형상점가,경기도,,,
549bb4cd93615bd6fb72,full_annotation_v1,A,q_의약품_01,약국,건강·의료 중 '의약품'을 판매·제공하는 매장,train,의약품,T1 정확표기,be9282fd-dd36-45e1-9cf7-4dc4b6b81216,행복한약국,약국,장안마실골목형상점가,골목형상점가,서울특별시,,,
47fd48a5dd7867ab53a6,full_annotation_v1,A,q_의약품_01,약국,건강·의료 중 '의약품'을 판매·제공하는 매장,train,의약품,T1 정확표기,0d8df5c8-2df0-45e4-b665-eb1624b4f953,이끌 회기점,미용업 서비스업,회기시장,전통시장,서울특별시,,,
14107ac49923a149c8f5,full_annotation_v1,A,q_의약품_01,약국,건강·의료 중 '의약품'을 판매·제공하는 매장,train,의약품,T1 정확표기,5996ed1f-8680-45f8-9b49-37a8cd6c226c,심봉사눈뜬오뎅,,정이있는 구포시장,전통시장,부산광역시,,,
0ff445bdfd5b553d6ddb,full_annotation_v1,A,q_의약품_01,약국,건강·의료 중 '의약품'을 판매·제공하는 매장,train,의약품,T1 정확표기,59713a8a-4e60-45da-93b6-e5e55dafb971,벨뷰약국,약국,선부광장로상점가,자율상권구역,경기도,,,
a1878052341ded931d00,full_annotation_v1,A,q_의약품_01,약국,건강·의료 중 '의약품'을 판매·제공하는 매장,train,의약품,T1 정확표기,da1c7828-1764-4b53-b6b6-f719eb019c2d,에코수약국,약국,세병호 골목형상점가,골목형상점가,전북특별자치도,,,
49e8093bf610356fa6db,full_annotation_v1,A,q_의약품_01,약국,건강·의료 중 '의약품'을 판매·제공하는 매장,train,의약품,T1 정확표기,3db11c33-0f8c-4eaa-a4ff-d93ba1818b81,아나파약국,약국,송탄시장(송북시장),전통시장,경기도,,,
cccf3007d65500ba5b55,full_annotation_v1,A,q_의약품_01,약국,건강·의료 중 '의약품'을 판매·제공하는 매장,train,의약품,T1 정확표기,3db44ae9-7de5-4a4b-9ec2-0333a0264a8f,솔약국,약국,산본로데오거리(구 산본중심상가),자율상권구역,경기도,,,
a27b6b55d59d43f28a09,full_annotation_v1,A,q_의약품_01,약국,건강·의료 중 '의약품'을 판매·제공하는 매장,train,의약품,T1 정확표기,f272600b-b60a-4347-a4f5-ad9c14e3889f,쌍둥이과일집,과일 채소,마산 진동공설시장,전통시장,경상남도,,,
5810b639e8307fb78ef7,full_annotation_v1,A,q_의약품_01,약국,건강·의료 중 '의약품'을 판매·제공하는 매장,train,의약품,T1 정확표기,4d801219-e975-4c69-a2df-24c7eae219fa,후생약국,약국,횡성전통시장,전통시장,강원특별자치도,,,
d9f28197ba1047cede20,full_annotation_v1,A,q_의약품_01,약국,건강·의료 중 '의약품'을 판매·제공하는 매장,train,의약품,T1 정확표기,53449633-7842-47e3-a744-f50547575117,다온약국,약국,혁신도시5구역골목형상점가,골목형상점가,강원특별자치도,,,
1fb93d652e1869566f94,full_annotation_v1,A,q_의약품_01,약국,건강·의료 중 '의약품'을 판매·제공하는 매장,train,의약품,T1 정확표기,ab3cdf2c-cde7-498b-8654-f151688af0da,연세팜약국,약국,영동전통시장,전통시장,서울특별시,,,
2d19e3e3f208f64348f8,full_annotation_v1,A,q_의약품_01,약국,건강·의료 중 '의약품'을 판매·제공하는 매장,train,의약품,T1 정확표기,7c633c49-de87-4e18-ae9d-bf810713ed04,튼튼약국,약국,유성도안 골목형상점가,골목형상점가,대전광역시,,,
baee905342baaebbd0e3,full_annotation_v1,A,q_의약품_01,약국,건강·의료 중 '의약품'을 판매·제공하는 매장,train,의약품,T1 정확표기,00bd78a7-2a89-48d4-b7ec-efe5116ce2a4,반월당경북약국,약국,메트로센터(반월당지하쇼핑),일반지하상점가,대구광역시,,,
f764418aec23998c0152,full_annotation_v1,A,q_의약품_01,약국,건강·의료 중 '의약품'을 판매·제공하는 매장,train,의약품,T1 정확표기,9824f1df-16fe-49e9-9f82-545c1d0110ca,우리약국,약국,대주먹자골목 골목형상점가,골목형상점가,광주광역시,,,
1bebefc40a0c517ac17e,full_annotation_v1,A,q_의약품_01,약국,건강·의료 중 '의약품'을 판매·제공하는 매장,train,의약품,T1 정확표기,28d7ab35-e85b-4043-95fc-45ee3dea9476,종로약국,약국,송림골 골목형상점가,골목형상점가,인천광역시,,,
7c93051eadf52c18f57c,full_annotation_v1,A,q_의약품_01,약국,건강·의료 중 '의약품'을 판매·제공하는 매장,train,의약품,T1 정확표기,b63190b2-58ba-47e7-a0a6-3d9dc6fe3d93,미소약국,약국,괴정가장로 골목형상점가,골목형상점가,대전광역시,,,
16c9240f29eaf178978e,full_annotation_v1,A,q_의약품_01,약국,건강·의료 중 '의약품'을 판매·제공하는 매장,train,의약품,T1 정확표기,03f37d02-1eb9-4f82-ab05-be726fa24a36,우주파스타,,수정로 상권활성화구역,상권활성화구역,경기도,,,
52309cf70dff387f7764,full_annotation_v1,A,q_의약품_01,약국,건강·의료 중 '의약품'을 판매·제공하는 매장,train,의약품,T1 정확표기,2ddcc1fb-a8ae-4fda-8ff8-fdabcb41edc6,광주고운세상피부과의원,처방전조제,아시아음식문화거리 골목형상점가,골목형상점가,광주광역시,,,
7ac859fb258e796a6169,full_annotation_v1,A,q_의약품_01,약국,건강·의료 중 '의약품'을 판매·제공하는 매장,train,의약품,T1 정확표기,2e81afae-c323-410c-9594-308d491038d9,박진희 약국,약국,지족반석 골목형상점가,골목형상점가,대전광역시,,,
0621fc7c816940373edf,full_annotation_v1,A,q_의약품_01,약국,건강·의료 중 '의약품'을 판매·제공하는 매장,train,의약품,T1 정확표기,0490f4d5-e6c2-47cf-a907-044c445946c0,한아름 약국,약국,나성동 소방청 골목형상점가,골목형상점가,세종특별자치시,,,
e15850f6cb07934feb68,full_annotation_v1,A,q_의약품_01,약국,건강·의료 중 '의약품'을 판매·제공하는 매장,train,의약품,T1 정확표기,dd45da4b-8ee2-494c-b04a-3eca5c5df708,청운약국,약국,작전시장,전통시장,인천광역시,,,
010140f1110c15e13d4d,full_annotation_v1,A,q_의약품_01,약국,건강·의료 중 '의약품'을 판매·제공하는 매장,train,의약품,T1 정확표기,4a0aa3ba-cfee-4fe8-a9c4-5ccbc1002663,남부제일약국,약국,남부시장,전통시장,경상북도,,,
a464a3342b0604bc0d89,full_annotation_v1,A,q_의약품_01,약국,건강·의료 중 '의약품'을 판매·제공하는 매장,train,의약품,T1 정확표기,02fa5d6f-5100-4cd5-8a9f-184877f99878,덕수파스타 원주 일산점,,중앙로골목형상점가,골목형상점가,강원특별자치도,,,
b5932f5a37094b438aef,full_annotation_v1,A,q_의약품_01,약국,건강·의료 중 '의약품'을 판매·제공하는 매장,train,의약품,T1 정확표기,679f1934-16a1-48cf-ae40-c4ee4e1b9411,세솔약국,약국,신원권율2 골목형상점가,골목형상점가,경기도,,,
089a8ec02231544b305b,full_annotation_v1,A,q_의약품_01,약국,건강·의료 중 '의약품'을 판매·제공하는 매장,train,의약품,T1 정확표기,86ec94df-eb9a-4c33-84f4-e8d15aa49fe6,유한당약국,약국,정읍우암로상점가,자율상권구역,전북특별자치도,,,
de725fe6ee9e67828262,full_annotation_v1,A,q_의약품_01,약국,건강·의료 중 '의약품'을 판매·제공하는 매장,train,의약품,T1 정확표기,8d15dd06-d3b1-413d-922c-bdfc5cce45ac,신분당약국,약국,강남역지하도상점가,일반지하상점가,서울특별시,,,
1832efdc9a582005f9c7,full_annotation_v1,A,q_의약품_01,약국,건강·의료 중 '의약품'을 판매·제공하는 매장,train,의약품,T1 정확표기,000db6d6-585c-4aba-94e7-fc6a23a694fb,시민약국,의약품,문경중앙시장,전통시장,경상북도,,,
8056292c7fa2003609cf,full_annotation_v1,A,q_의약품_01,약국,건강·의료 중 '의약품'을 판매·제공하는 매장,train,의약품,T1 정확표기,f653bc6f-24b5-4efe-83bf-48af104b85bd,솔약국,약국,남평읍1로 골목형상점가,골목형상점가,전라남도,,,
008f97bf7ee977a12e76,full_annotation_v1,A,q_의약품_01,약국,건강·의료 중 '의약품'을 판매·제공하는 매장,train,의약품,T1 정확표기,ea83ecec-90c6-4397-846d-483408a4a3ef,한성약국,약국,영주소백쇼핑몰,전통시장,경상북도,,,
40d5c55b494a2e2e4823,full_annotation_v1,A,q_의약품_01,약국,건강·의료 중 '의약품'을 판매·제공하는 매장,train,의약품,T1 정확표기,64c3fb46-db34-4aae-bb26-f0d7ca5631dc,대학 솔 약국,약국,제기동 고대앞마을 골목형상점가,골목형상점가,서울특별시,,,
0effe0111510769a875c,full_annotation_v1,A,q_의약품_01,약국,건강·의료 중 '의약품'을 판매·제공하는 매장,train,의약품,T1 정확표기,0056dcd4-0ac0-4535-9ee5-c8fd19d8ff14,중화한의원,한의원,보령한내시장,전통시장,충청남도,,,
b43047a656f7fb3d9f9f,full_annotation_v1,A,q_의약품_01,약국,건강·의료 중 '의약품'을 판매·제공하는 매장,train,의약품,T1 정확표기,09e3c72c-0469-4c15-a060-8114a78d89ce,송&김 약국,약국,길주로 골목형상점가,골목형상점가,경기도,,,
50276b9f87887bba1c27,full_annotation_v1,A,q_의약품_01,약국,건강·의료 중 '의약품'을 판매·제공하는 매장,train,의약품,T1 정확표기,bbb813dc-bde0-498f-ac35-923086be8c9a,중앙약국,약국,신장대리 자율상권구역,,강원특별자치도,,,
df6023e7fd7bc4b66815,full_annotation_v1,A,q_의약품_01,약국,건강·의료 중 '의약품'을 판매·제공하는 매장,train,의약품,T1 정확표기,2ef591e5-23a2-4841-9ca5-c415763f3434,건강약국,약국,구성언남 골목형상점가,골목형상점가,경기도,,,
fa3a19e926cad25a6eae,full_annotation_v1,A,q_의약품_01,약국,건강·의료 중 '의약품'을 판매·제공하는 매장,train,의약품,T1 정확표기,5218445b-3bfa-41a4-8e67-a3b31003530d,우성메디칼약국,약국,우성상가,전통시장,서울특별시,,,
098cde872327829cbc5d,full_annotation_v1,A,q_의약품_01,약국,건강·의료 중 '의약품'을 판매·제공하는 매장,train,의약품,T1 정확표기,399e9d6e-be86-4eff-9945-1e9a3e0c932d,부활약국,약국,영천시장,전통시장,서울특별시,,,
9bef9a4c90ad3f50973d,full_annotation_v1,A,q_의약품_01,약국,건강·의료 중 '의약품'을 판매·제공하는 매장,train,의약품,T1 정확표기,8e39103a-3468-4379-9796-6038d0195cf1,드림약국,약국,길주로 골목형상점가,골목형상점가,경기도,,,
5bdf44e35c069154bf6f,full_annotation_v1,A,q_의약품_01,약국,건강·의료 중 '의약품'을 판매·제공하는 매장,train,의약품,T1 정확표기,d87b2e4a-b9df-4c04-bc30-faa3e781907c,덕천참약국,약국,정이있는 구포시장,전통시장,부산광역시,,,
a76227dc921e13a4f01d,full_annotation_v1,A,q_의약품_01,약국,건강·의료 중 '의약품'을 판매·제공하는 매장,train,의약품,T1 정확표기,5ce8ad09-0c6f-43b6-82b1-879acfcfac89,감마약국,약국,신안미래로 골목형상점가,골목형상점가,광주광역시,,,
0f92f11030b49bda3990,full_annotation_v1,A,q_의약품_01,약국,건강·의료 중 '의약품'을 판매·제공하는 매장,train,의약품,T1 정확표기,3363390d-a16f-453c-a029-6fdb6c35a517,화원약국,약국,장미원골목시장,전통시장,서울특별시,,,
ab42b65e3d7825e8c013,full_annotation_v1,A,q_의약품_01,약국,건강·의료 중 '의약품'을 판매·제공하는 매장,train,의약품,T1 정확표기,61801c18-bdcf-432a-826f-8546ab938e4d,미소약국,약국,내수전통시장,전통시장,충청북도,,,
ff7ac3f388efd18e5686,full_annotation_v1,A,q_의약품_01,약국,건강·의료 중 '의약품'을 판매·제공하는 매장,train,의약품,T1 정확표기,77912545-7bde-4392-9a09-2585e73f188a,정 수산,수산물(생선),경안전통시장,전통시장,경기도,,,
9c246a876fcbaaa1d896,full_annotation_v1,A,q_의약품_01,약국,건강·의료 중 '의약품'을 판매·제공하는 매장,train,의약품,T1 정확표기,0e234d09-3ef4-4174-a796-02637582c20a,시청정약국,약국,길주로 골목형상점가,골목형상점가,경기도,,,
00f97533f76ab56f22e2,full_annotation_v1,A,q_의약품_01,약국,건강·의료 중 '의약품'을 판매·제공하는 매장,train,의약품,T1 정확표기,7dc723f6-4ba4-4415-881c-6ad7fbd85575,세일약국,약국,수유재래시장,전통시장,서울특별시,,,
4205bf30a3f2d83af32c,full_annotation_v1,A,q_의약품_01,약국,건강·의료 중 '의약품'을 판매·제공하는 매장,train,의약품,T1 정확표기,0acee185-d982-4fb8-a197-c8ffd8b2888e,태평양약국,의약품 조제,안골사거리 골목형상점가,골목형상점가,전북특별자치도,,,
959cf8a333b5f776f350,full_annotation_v1,A,q_의약품_01,약국,건강·의료 중 '의약품'을 판매·제공하는 매장,train,의약품,T1 정확표기,f2dbd2f8-23ae-4161-a5c4-03fae8a5fa9a,솔잎약국,약국,안말초로 골목형상점가,골목형상점가,경기도,,,
c76f42fc83e6dce1e24a,full_annotation_v1,A,q_의약품_01,약국,건강·의료 중 '의약품'을 판매·제공하는 매장,train,의약품,T1 정확표기,040b391d-a92f-4db4-90cd-eb2c0720eb78,eating,파스타 덮밥 피자,여주 터미널상점가,자율상권구역,경기도,,,
38c214d1869385e6f323,full_annotation_v1,A,q_의약품_01,약국,건강·의료 중 '의약품'을 판매·제공하는 매장,train,의약품,T1 정확표기,640dd19b-6674-485a-98c3-595df88c96c5,새보은약국,약국,법원단지길골목형상점가,골목형상점가,서울특별시,,,
246b726edb4b0da85d7e,full_annotation_v1,A,q_의약품_01,약국,건강·의료 중 '의약품'을 판매·제공하는 매장,train,의약품,T1 정확표기,0002538c-b8d9-4911-81c7-966789036b09,빛고을 치과의원,의원,세은 골목형상점가,골목형상점가,광주광역시,,,
75f1560141f948b5192e,full_annotation_v1,A,q_의약품_01,약국,건강·의료 중 '의약품'을 판매·제공하는 매장,train,의약품,T1 정확표기,00b6e321-5954-437c-b1d9-94fded29f67e,웰빙마트,식품,서남신시장,전통시장,대구광역시,,,
0260438a854bb73fcfc6,full_annotation_v1,A,q_의약품_01,약국,건강·의료 중 '의약품'을 판매·제공하는 매장,train,의약품,T1 정확표기,0d6924d4-fee7-4109-afea-a224322c86e8,관문약국,약국,관문상가시장,전통시장,대구광역시,,,
d39176d94416433e20d6,full_annotation_v1,A,q_의약품_01,약국,건강·의료 중 '의약품'을 판매·제공하는 매장,train,의약품,T1 정확표기,21fd5be0-c4c6-4046-9418-7980138dac08,민당약국,소매(양약(조제)),상대원시장,전통시장,경기도,,,
fafef0770f2abf7d66ca,full_annotation_v1,A,q_의약품_01,약국,건강·의료 중 '의약품'을 판매·제공하는 매장,train,의약품,T1 정확표기,0e3d8d9a-4f32-47f6-9793-3acda988aa07,바우약국,양약소매 한약 처방약조제,광명새마을시장,전통시장,경기도,,,
176cf41d36a985a5910e,full_annotation_v1,A,q_의약품_01,약국,건강·의료 중 '의약품'을 판매·제공하는 매장,train,의약품,T1 정확표기,ed72d25a-cccf-4b6d-908c-4d65fda5daf9,다정약국,약국,경열로상인회 골목형상점가,골목형상점가,광주광역시,,,
e39d54d8584c5a9e3174,full_annotation_v1,A,q_의약품_01,약국,건강·의료 중 '의약품'을 판매·제공하는 매장,train,의약품,T1 정확표기,a4024c16-9931-474f-b210-caa7a9623b96,선강약국,약국,마산 합성대로상가,전통시장,경상남도,,,
149e36aea1a6b820a03a,full_annotation_v1,A,q_의약품_01,약국,건강·의료 중 '의약품'을 판매·제공하는 매장,train,의약품,T1 정확표기,a707784e-30e1-4701-9c36-8bbd04397e9f,성신약국,약국,봉리단길골목형상점가,골목형상점가,서울특별시,,,
2dc54668630b217d0430,full_annotation_v1,A,q_의약품_01,약국,건강·의료 중 '의약품'을 판매·제공하는 매장,train,의약품,T1 정확표기,02d49b6b-4c61-4aef-a15f-338ca1a59f59,레레하우스,파스타 피자 스테이크,첨단지구 골목형상점가,골목형상점가,광주광역시,,,
6bbb2577fc5e18740d8b,full_annotation_v1,A,q_의약품_01,약국,건강·의료 중 '의약품'을 판매·제공하는 매장,train,의약품,T1 정확표기,f680a750-e429-4694-8126-d17c2eb71083,조은약국,약국,발산마을상인회 골목형상점가,골목형상점가,광주광역시,,,
f334a67711e5a38b33b0,full_annotation_v1,A,q_의약품_01,약국,건강·의료 중 '의약품'을 판매·제공하는 매장,train,의약품,T1 정확표기,d2eedfb6-5e0b-45f9-acf9-ba604026ed67,우정주방마트,주방용품,조암시장,전통시장,경기도,,,
65ce3b7647af2a4c1a8f,full_annotation_v1,A,q_의약품_01,약국,건강·의료 중 '의약품'을 판매·제공하는 매장,train,의약품,T1 정확표기,d44e4945-fd90-4302-8016-5eafa51af1cb,뉴욕약국,약국,더불어용두 골목형상점가,골목형상점가,광주광역시,,,
ce52fe0bf638bdaca271,full_annotation_v1,A,q_의약품_01,약국,건강·의료 중 '의약품'을 판매·제공하는 매장,train,의약품,T1 정확표기,8e97a180-474b-47ea-b08e-bbd924c20b51,평화약국,약국,동원전통시장상점가,자율상권구역,서울특별시,,,
c98ef0f662301fc93902,full_annotation_v1,A,q_의약품_01,약국,건강·의료 중 '의약품'을 판매·제공하는 매장,train,의약품,T1 정확표기,80ac85bc-fae2-4b8a-8a44-07d54dd68149,하나약국,약국,정읍우암로상점가,자율상권구역,전북특별자치도,,,
287525758786b351fb60,full_annotation_v1,A,q_의약품_01,약국,건강·의료 중 '의약품'을 판매·제공하는 매장,train,의약품,T1 정확표기,459f03eb-1b03-4f01-8298-98f393d16869,솔약국,약국,오룡주공 골목형상점가,골목형상점가,전라남도,,,
564141cf87347d1fb7a8,full_annotation_v1,A,q_의약품_01,약국,건강·의료 중 '의약품'을 판매·제공하는 매장,train,의약품,T1 정확표기,008b065b-181b-4891-95dc-7a77a7c143d1,혜화온누리약국,약국,유성도안 골목형상점가,골목형상점가,대전광역시,,,
e363e4582862de5243a6,full_annotation_v1,A,q_의약품_01,약국,건강·의료 중 '의약품'을 판매·제공하는 매장,train,의약품,T1 정확표기,8a8df0b9-9b72-442f-9a43-62e71c4b4a96,청자다방,,장성읍 골목형상점가,골목형상점가,전라남도,,,
3dacddf4922ef2f0ac30,full_annotation_v1,A,q_의약품_01,약국,건강·의료 중 '의약품'을 판매·제공하는 매장,train,의약품,T1 정확표기,2cd625b8-972e-46b0-ba99-8edbd556c236,미소약국,약국,유촌동상인회 골목형상점가,골목형상점가,광주광역시,,,
52ce4a62b893ccc7e87b,full_annotation_v1,A,q_의약품_01,약국,건강·의료 중 '의약품'을 판매·제공하는 매장,train,의약품,T1 정확표기,bf1e8b7a-12b6-4d38-97f1-e0d424a8ba2a,곤드레딱주기,한식,정선아리랑시장,전통시장,강원특별자치도,,,
779367b3d53e3017d485,full_annotation_v1,A,q_의약품_01,약국,건강·의료 중 '의약품'을 판매·제공하는 매장,train,의약품,T1 정확표기,40ee3e5c-7784-4cb4-9e08-a32ad5149bad,식껍정선점,한식,정선아리랑시장,전통시장,강원특별자치도,,,
aebe2d691e1a689b49f4,full_annotation_v1,A,q_의약품_01,약국,건강·의료 중 '의약품'을 판매·제공하는 매장,train,의약품,T1 정확표기,dacb0ea5-ba9f-4c78-9ff8-8e8748b7f6d7,수한약국,약국,달아실 골목형상점가,골목형상점가,광주광역시,,,
55b288b647c0a12e2681,full_annotation_v1,A,q_의약품_01,약국,건강·의료 중 '의약품'을 판매·제공하는 매장,train,의약품,T1 정확표기,02a22184-6068-4776-bd65-01bcbb333b7e,현대제탕,건강원,염매시장(구 덕산시장),전통시장,대구광역시,,,
9bbe4bac7f4966cc622b,full_annotation_v1,A,q_의약품_01,약국,건강·의료 중 '의약품'을 판매·제공하는 매장,train,의약품,T1 정확표기,f375d208-e64e-4a68-a3da-429674c378f6,오얏봉약국,약국,평촌역 상점가,자율상권구역,경기도,,,
6449caee7a0ff2b38e67,full_annotation_v1,A,q_의약품_01,약국,건강·의료 중 '의약품'을 판매·제공하는 매장,train,의약품,T1 정확표기,28812845-cd30-41a8-8827-94f3fe839dd9,우리약국,약국,고서 골목형상점가,골목형상점가,전라남도,,,
33a56ccfdef40b320ac1,full_annotation_v1,A,q_의약품_01,약국,건강·의료 중 '의약품'을 판매·제공하는 매장,train,의약품,T1 정확표기,1d86e14c-ca26-4e1f-9319-79b0c15d4a56,다솜약국,양약조제,선부광장로상점가,자율상권구역,경기도,,,
5af6fe3c39f27b22888c,full_annotation_v1,A,q_의약품_01,약국,건강·의료 중 '의약품'을 판매·제공하는 매장,train,의약품,T1 정확표기,00768c91-a678-4fbc-a372-a2ee0260218f,수택온누리약국,,구리시 구도심 상권활성화구역,상권활성화구역,경기도,,,
b10f5607451818b678b5,full_annotation_v1,A,q_의약품_01,약국,건강·의료 중 '의약품'을 판매·제공하는 매장,train,의약품,T1 정확표기,008f6b90-4bab-45de-be49-429a25b6ab04,생명사랑약국,의약품,상대동로 골목형상점가,골목형상점가,대전광역시,,,
15ed3d93b9a3aa2379b6,full_annotation_v1,A,q_의약품_01,약국,건강·의료 중 '의약품'을 판매·제공하는 매장,train,의약품,T1 정확표기,026fe79d-d0ac-4574-9819-ae84777d5964,하동미곡상회,미곡,하동공설시장,전통시장,경상남도,,,
15da82cbebe9fc445cc9,full_annotation_v1,A,q_의약품_01,약국,건강·의료 중 '의약품'을 판매·제공하는 매장,train,의약품,T1 정확표기,ce1b8cb3-eabc-4a13-9bd4-0fc2c60d345e,황금창고,곡물,서남신시장,전통시장,대구광역시,,,
e801c9721f477bb3c8a5,full_annotation_v1,A,q_의약품_01,약국,건강·의료 중 '의약품'을 판매·제공하는 매장,train,의약품,T1 정확표기,719686b0-b532-4c4e-9d42-2a564a72d3ab,우리집약국,약국,동울산종합시장,전통시장,울산광역시,,,
7e104cee5b636fbeeac7,full_annotation_v1,A,q_의약품_01,약국,건강·의료 중 '의약품'을 판매·제공하는 매장,train,의약품,T1 정확표기,ea381add-ea07-4f95-9b9e-f9176d79e1cc,건강약국,약국,중리시장,전통시장,대전광역시,,,
70f401e337e45ca6b946,full_annotation_v1,A,q_의약품_01,약국,건강·의료 중 '의약품'을 판매·제공하는 매장,train,의약품,T1 정확표기,b3f08d6c-3d58-435d-bb15-fe04679b7fc8,수완 아이러브 약국,약국,수완머그로 골목형상점가,골목형상점가,광주광역시,,,
1f235575610635289d4b,full_annotation_v1,A,q_의약품_01,약국,건강·의료 중 '의약품'을 판매·제공하는 매장,train,의약품,T1 정확표기,70095cf4-dc6c-4faf-b74a-2eb258e4bba9,우리사랑 약국,,온누리상인회 골목형상점가,골목형상점가,광주광역시,,,
35cd06b438586885893c,full_annotation_v1,A,q_의약품_01,약국,건강·의료 중 '의약품'을 판매·제공하는 매장,train,의약품,T1 정확표기,00140fab-ec56-4d81-8a03-d3d4aa8d5a49,계령약국,의약품,성대시장골목형상점가,골목형상점가,서울특별시,,,
ae607ffa8edfbf0aedd1,full_annotation_v1,A,q_의약품_01,약국,건강·의료 중 '의약품'을 판매·제공하는 매장,train,의약품,T1 정확표기,b7f5a827-89e9-4fbb-bbd7-9d86058c3656,중앙약국,약국,보령한내시장,전통시장,충청남도,,,
c565713bbbfa37375593,full_annotation_v1,A,q_의약품_01,약국,건강·의료 중 '의약품'을 판매·제공하는 매장,train,의약품,T1 정확표기,577aec48-6bc9-40e6-b927-c2a66659c759,동광물산,농산물,말바우시장,전통시장,광주광역시,,,
0211f8babbba3cbe83a4,full_annotation_v1,A,q_의약품_01,약국,건강·의료 중 '의약품'을 판매·제공하는 매장,train,의약품,T1 정확표기,615400b3-8a3e-4f26-8943-0b727b885352,양동종로약국,약국,경열로상인회 골목형상점가,골목형상점가,광주광역시,,,
322149f2b63bacc0a2c2,full_annotation_v1,A,q_의약품_01,약국,건강·의료 중 '의약품'을 판매·제공하는 매장,train,의약품,T1 정확표기,84c114e3-f8e0-4971-8503-ce83acfea251,당근약국,약국,외도초 골목형상점가,골목형상점가,제주특별자치도,,,
6e47a773b723a18b51fe,full_annotation_v1,A,q_의약품_01,약국,건강·의료 중 '의약품'을 판매·제공하는 매장,train,의약품,T1 정확표기,32f04a39-e08b-49d6-be61-7d5a29a2b57c,연세모벨르의원 종로본점,탈모약처방,종로5가역일번출구상점가,자율상권구역,서울특별시,,,
841fabede9e6ea197052,full_annotation_v1,A,q_의약품_01,약국,건강·의료 중 '의약품'을 판매·제공하는 매장,train,의약품,T1 정확표기,00e9de4b-3c8d-44a2-bfc2-ddc91fe5a03b,대디파스타,파스타돈가스,벽산황계로 골목형상점가,골목형상점가,광주광역시,,,
f0fd4375b30ccdef5093,full_annotation_v1,A,q_의약품_01,약국,건강·의료 중 '의약품'을 판매·제공하는 매장,train,의약품,T1 정확표기,e27933d0-8645-4e95-b039-50a08db373a4,뚝도 약국,,뚝섬로윗길 골목형상점가,골목형상점가,서울특별시,,,
af0be2874c6941d0143f,full_annotation_v1,A,q_의약품_01,약국,건강·의료 중 '의약품'을 판매·제공하는 매장,train,의약품,T1 정확표기,0649a70e-7677-40ef-8fbd-f8eba9b6fe48,명지약국,약국,고도리 장터거리 상점가,골목형상점가,전라남도,,,
0b6e5d41f09ca23f7704,full_annotation_v1,A,q_의약품_01,약국,건강·의료 중 '의약품'을 판매·제공하는 매장,train,의약품,T1 정확표기,33418550-5cc9-4f6a-a63a-138afc4e4069,남양약국,약국,남양역골로상점가,골목형상점가,경기도,,,
7161254e00b530e75f74,full_annotation_v1,A,q_의약품_01,약국,건강·의료 중 '의약품'을 판매·제공하는 매장,train,의약품,T1 정확표기,6ca4b41e-1168-4fb3-a6c3-ac52b8285ef8,성약국,약국,장승배기먹거리골목형상점가,골목형상점가,서울특별시,,,
048d9f51bc8f74b50f57,full_annotation_v1,A,q_의약품_01,약국,건강·의료 중 '의약품'을 판매·제공하는 매장,train,의약품,T1 정확표기,cc4cb0b4-efc0-43a7-aaf8-c3be06baccbf,푸른약국,약국,중앙신시장,전통시장,경상북도,,,
337dff3744c9d52b94d1,full_annotation_v1,A,q_의약품_01,약국,건강·의료 중 '의약품'을 판매·제공하는 매장,train,의약품,T1 정확표기,85cdbf1a-60ed-454d-9e17-7a862bfe7e80,한마음약국,약국,주막거리상점가,자율상권구역,경기도,,,
5371e36965ba2c8810f4,full_annotation_v1,A,q_의약품_01,약국,건강·의료 중 '의약품'을 판매·제공하는 매장,train,의약품,T1 정확표기,01d775c4-b8be-45e9-811c-c3f884b2d1b9,사계절 흑염소,건강원,오치1동 골목형상점가,골목형상점가,광주광역시,,,
eb677327bb474d90fb8c,full_annotation_v1,A,q_의약품_01,약국,건강·의료 중 '의약품'을 판매·제공하는 매장,train,의약품,T1 정확표기,02c6fc99-f1cb-4e77-a062-7f8db6f39bbc,대성건강원,건강원,대명시장,전통시장,대구광역시,,,
bce8d69926a08417267d,full_annotation_v1,A,q_의약품_01,약국,건강·의료 중 '의약품'을 판매·제공하는 매장,train,의약품,T1 정확표기,6f2858bf-1132-4950-a1d3-59e51b1b4332,하나로 약국,약국,산본로데오거리(구 산본중심상가),자율상권구역,경기도,,,
613b764d593992ce01d7,full_annotation_v1,A,q_의약품_01,약국,건강·의료 중 '의약품'을 판매·제공하는 매장,train,의약품,T1 정확표기,519cc487-432c-4c49-9c97-4076291c6ac3,대한약국,약국,논산화지중앙시장,전통시장,충청남도,,,
3ed0b7c83caaf51410b3,full_annotation_v1,A,q_의약품_01,약국,건강·의료 중 '의약품'을 판매·제공하는 매장,train,의약품,T1 정확표기,ea8c38cd-26dd-48d1-a41a-d415ccf9be57,퀸즈,여성의류,진해중앙시장,전통시장,경상남도,,,
5995cec86445a969dedc,full_annotation_v1,A,q_의약품_01,약국,건강·의료 중 '의약품'을 판매·제공하는 매장,train,의약품,T1 정확표기,b40fe4dd-5aa7-40e9-9af5-9322bbe77a70,21세기 메디칼 약국,약국,신금호역골목형상점가,골목형상점가,서울특별시,,,
4c8b377b39780949184c,full_annotation_v1,A,q_의약품_01,약국,건강·의료 중 '의약품'을 판매·제공하는 매장,train,의약품,T1 정확표기,c7836120-730c-42d0-9aae-7dba5ac3e07a,채약국,약국,구매탄시장,전통시장,경기도,,,
8861ea220f41450a1d09,full_annotation_v1,A,q_의약품_01,약국,건강·의료 중 '의약품'을 판매·제공하는 매장,train,의약품,T1 정확표기,12aa4963-540a-405f-885a-2779dbcc2baf,천혜의 손,운동처방,짚봉산상인회 골목형상점가,골목형상점가,광주광역시,,,
d3b4e2cac01772436872,full_annotation_v1,A,q_의약품_01,약국,건강·의료 중 '의약품'을 판매·제공하는 매장,train,의약품,T1 정확표기,00681cee-2849-497b-b7d1-548576542ed2,풍암한의원,한의원,풍암벚꽃길상인회 골목형상점가,골목형상점가,광주광역시,,,
d0ffbe8c3f447d94e242,full_annotation_v1,A,q_의약품_01,약국,건강·의료 중 '의약품'을 판매·제공하는 매장,train,의약품,T1 정확표기,c4935183-6ecd-4aa6-9bd9-cce5f732d78a,신세계 약국,,금오골목형상점가,골목형상점가,경기도,,,
55adc41977d7a4b3dbfd,full_annotation_v1,A,q_의약품_01,약국,건강·의료 중 '의약품'을 판매·제공하는 매장,train,의약품,T1 정확표기,d266adad-465b-45df-a3f8-fcaafccecc30,조은약국,약국,진천중앙시장,전통시장,충청북도,,,
27b6d55aa65a3d6f67ce,full_annotation_v1,A,q_의약품_01,약국,건강·의료 중 '의약품'을 판매·제공하는 매장,train,의약품,T1 정확표기,ee503976-cd8b-4c05-a17e-de4aeade4f57,승리약국,약국,효자시장,전통시장,경상북도,,,
a56f02bc9296032e6aac,full_annotation_v1,A,q_의약품_01,약국,건강·의료 중 '의약품'을 판매·제공하는 매장,train,의약품,T1 정확표기,20150fba-cfe5-4184-9853-43eb9b8c4371,중외약국,약국,영동전통시장,전통시장,서울특별시,,,
cb954398cc2469560f9f,full_annotation_v1,A,q_의약품_01,약국,건강·의료 중 '의약품'을 판매·제공하는 매장,train,의약품,T1 정확표기,2daa91f7-3795-476f-a96f-3574a4bf300f,남면한의원,진료 밎 약처방,양주신산시장마을상점가,골목형상점가,경기도,,,
f331102e0e31914de3a0,full_annotation_v1,A,q_의약품_01,약국,건강·의료 중 '의약품'을 판매·제공하는 매장,train,의약품,T1 정확표기,009eb486-5dea-48f4-9f45-85c0ac03972a,수만건강식품,,봉동생강골시장,전통시장,전북특별자치도,,,
ff76b6a7eed4fb834fd9,full_annotation_v1,A,q_의약품_01,약국,건강·의료 중 '의약품'을 판매·제공하는 매장,train,의약품,T1 정확표기,002c02f2-4428-4a84-a248-7b23ae109459,정관장 반석점,홍삼건강식품,지족반석 골목형상점가,골목형상점가,대전광역시,,,
41af489b42d7f91ea7c3,full_annotation_v1,A,q_의약품_01,약국,건강·의료 중 '의약품'을 판매·제공하는 매장,train,의약품,T1 정확표기,00523307-cc4c-4b0c-8b2f-176ca7450d24,오름한의원,한의원,아차산등산로골목형상점가,골목형상점가,서울특별시,,,
723c04678559d84bf0ea,full_annotation_v1,A,q_의약품_01,약국,건강·의료 중 '의약품'을 판매·제공하는 매장,train,의약품,T1 정확표기,db411ec0-980f-4307-8050-e74288aa76b5,손가네,음식점,창원 반송시장,전통시장,경상남도,,,
52921fad12dca6eb0bf4,full_annotation_v1,A,q_의약품_01,약국,건강·의료 중 '의약품'을 판매·제공하는 매장,train,의약품,T1 정확표기,87b1f164-9bdd-4f28-b366-355e6506918a,탑매일약국,약국,광주송정역세권 상권활성화구역,상권활성화구역,광주광역시,,,
a122c0e9cd8af14903ec,full_annotation_v1,A,q_의약품_01,약국,건강·의료 중 '의약품'을 판매·제공하는 매장,train,의약품,T1 정확표기,c118f88e-16bb-4957-8de1-2bdf99b10471,연일 약국,,둔산3동근린상가 골목형상점가,골목형상점가,대전광역시,,,
ac6eb5550827194568c3,full_annotation_v1,A,q_의약품_01,약국,건강·의료 중 '의약품'을 판매·제공하는 매장,train,의약품,T1 정확표기,10108579-8860-4dcb-b203-e5e20c7c83a9,대풍약국,약국,(지정취소)다산마을상가거리골목형상점가,골목형상점가,서울특별시,,,
e4c66b9b769fa5d29ff7,full_annotation_v1,A,q_의약품_01,약국,건강·의료 중 '의약품'을 판매·제공하는 매장,train,의약품,T1 정확표기,00b64830-f897-4643-a5fa-6d8950c2ef89,낭만상회,식품,문산자유시장,전통시장,경기도,,,
cf7d10a1dfbdab031b7e,full_annotation_v1,A,q_의약품_01,약국,건강·의료 중 '의약품'을 판매·제공하는 매장,train,의약품,T1 정확표기,b07f13fd-e5ee-40b4-b491-b2369f56bf4a,세종시티약국,약국,보람동 골목형상점가,골목형상점가,세종특별자치시,,,
64084b6fe4b3a7f8602e,full_annotation_v1,A,q_의약품_01,약국,건강·의료 중 '의약품'을 판매·제공하는 매장,train,의약품,T1 정확표기,44fbddda-ab79-4407-a4b9-dad2eb0c89cd,담양약국,약국,담양중앙3번가 골목형상점가,골목형상점가,전라남도,,,
1018f614521001ec24c9,full_annotation_v1,A,q_의약품_01,약국,건강·의료 중 '의약품'을 판매·제공하는 매장,train,의약품,T1 정확표기,4a150d6e-12c0-4f82-ab11-cfb1175b7760,건강약국,약국,김천평화시장,전통시장,경상북도,,,
76d9e49734a91af98059,full_annotation_v1,A,q_의약품_01,약국,건강·의료 중 '의약품'을 판매·제공하는 매장,train,의약품,T1 정확표기,00e92856-b294-4032-8540-d60e9817f2d8,럭키약국,"의약품, 건강기능식품, 식품",충무로골목형상점가,골목형상점가,서울특별시,,,
8007d5a11b238049e18f,full_annotation_v1,A,q_의약품_01,약국,건강·의료 중 '의약품'을 판매·제공하는 매장,train,의약품,T1 정확표기,957bcc6d-f925-4ed2-9c29-557e1a784baa,종로약국,약국,둔산3동상점가,자율상권구역,대전광역시,,,
0f7439434cf57ff81999,full_annotation_v1,A,q_의약품_01,약국,건강·의료 중 '의약품'을 판매·제공하는 매장,train,의약품,T1 정확표기,3279f4f4-587b-4b1d-b552-b098bf410d8b,이모네,한식,남대문시장,전통시장,서울특별시,,,
9c5fcccff3516686d703,full_annotation_v1,A,q_의약품_01,약국,건강·의료 중 '의약품'을 판매·제공하는 매장,train,의약품,T1 정확표기,2d60f410-9882-48c6-8320-5391defc8883,시민약국,약국,당진원시가지상가,자율상권구역,충청남도,,,
a558770effd5b883abdb,full_annotation_v1,A,q_의약품_01,약국,건강·의료 중 '의약품'을 판매·제공하는 매장,train,의약품,T1 정확표기,1c792b5e-bcc6-4846-884f-67cb31917bb8,오성약국,약국,서산동문 골목형상점가,골목형상점가,충청남도,,,
3aa6ee43feb488304d38,full_annotation_v1,A,q_의약품_01,약국,건강·의료 중 '의약품'을 판매·제공하는 매장,train,의약품,T1 정확표기,149b0ab6-4462-4f61-9111-3ce516ab1464,하나로약국,"소매(의약품,조제)소매업(의료기기판매)",은행시장,전통시장,경기도,,,
1876428b2dff292abe97,full_annotation_v1,A,q_의약품_01,약국,건강·의료 중 '의약품'을 판매·제공하는 매장,train,의약품,T1 정확표기,0112a558-2787-41dc-ae68-695e60c4930c,해동그랜드약국,약국,전곡시장,전통시장,서울특별시,,,
51e06097b7968b86b2f8,full_annotation_v1,A,q_의약품_01,약국,건강·의료 중 '의약품'을 판매·제공하는 매장,train,의약품,T1 정확표기,9d03415b-c2de-4e01-a4ef-d54a8d6703c4,충만치킨 장성점,,장성읍 골목형상점가,골목형상점가,전라남도,,,
fd14fe27ede95e84586b,full_annotation_v1,A,q_의약품_01,약국,건강·의료 중 '의약품'을 판매·제공하는 매장,train,의약품,T1 정확표기,0ce8080e-ac4f-4d2e-b9a4-3b2c769e5fa9,시민약국,약국,원주중앙로문화의거리,자율상권구역,강원특별자치도,,,
c46e976c12aa560b4e77,full_annotation_v1,A,q_의약품_01,약국,건강·의료 중 '의약품'을 판매·제공하는 매장,train,의약품,T1 정확표기,46f1a3e3-207f-4345-bcac-fd27ad5968ed,시민약국,약국,거제 읍내시장,전통시장,경상남도,,,
df571636a1b74f2543ed,full_annotation_v1,A,q_의약품_01,약국,건강·의료 중 '의약품'을 판매·제공하는 매장,train,의약품,T1 정확표기,59a37f08-897d-4436-911e-99c9c4489ff3,문타워약국,약국,천안신부문화거리상점가,자율상권구역,충청남도,,,
2b5686704bf4cc55ea6d,full_annotation_v1,A,q_의약품_01,약국,건강·의료 중 '의약품'을 판매·제공하는 매장,train,의약품,T1 정확표기,e8ee5990-6d17-4c01-9f97-d9df30451010,경인 약국,,용마루길 골목형상점가,골목형상점가,서울특별시,,,
8f2b10dc81d98be96934,full_annotation_v1,A,q_의약품_01,약국,건강·의료 중 '의약품'을 판매·제공하는 매장,train,의약품,T1 정확표기,56dfd832-487a-42b0-b2a8-90b47d2f1daf,튼튼약국,약국,(포항)법원로 골목형상점가,골목형상점가,경상북도,,,
e0ffef10a0db007a6c87,full_annotation_v1,A,q_의약품_01,약국,건강·의료 중 '의약품'을 판매·제공하는 매장,train,의약품,T1 정확표기,6c16ec91-174b-4bb4-927b-15545b0e4505,평동약국,약국,평동 골목형상점가,골목형상점가,광주광역시,,,
05205429f9da5f2479d0,full_annotation_v1,A,q_의약품_01,약국,건강·의료 중 '의약품'을 판매·제공하는 매장,train,의약품,T1 정확표기,95332ee7-99d1-484c-b310-15680b22104f,하나약국,약국,서천시장거리 골목형상점가,골목형상점가,충청남도,,,
8a67a1368095e7ffaca2,full_annotation_v1,A,q_의약품_01,약국,건강·의료 중 '의약품'을 판매·제공하는 매장,train,의약품,T1 정확표기,00192f22-a492-4ba5-a62d-65bf0d0ec7b9,큰물한의원,한의원,전주서곡 골목형상점가,골목형상점가,전북특별자치도,,,
aa81ccd482cfc13ab9da,full_annotation_v1,A,q_의약품_01,약국,건강·의료 중 '의약품'을 판매·제공하는 매장,train,의약품,T1 정확표기,3984de4f-490c-472d-8235-2f954f4484b3,행복한약국,약국,학동 남문로 골목형상점가,골목형상점가,광주광역시,,,
ddf83f0abdbfde70ba0e,full_annotation_v1,A,q_의약품_01,약국,건강·의료 중 '의약품'을 판매·제공하는 매장,train,의약품,T1 정확표기,25528554-50f3-4e82-b0aa-518d7c5a8774,신감초당약국,약국,봉선먹자골목 골목형상점가,골목형상점가,광주광역시,,,
b2ab5104d61059d654c5,full_annotation_v1,A,q_의약품_01,약국,건강·의료 중 '의약품'을 판매·제공하는 매장,train,의약품,T1 정확표기,9c79d17a-e97f-46fa-ae02-5f7ef9c39b8f,명성약국,약국,전주모래내시장,전통시장,전북특별자치도,,,
6a8710230cb3c10aebaa,full_annotation_v1,A,q_의약품_01,약국,건강·의료 중 '의약품'을 판매·제공하는 매장,train,의약품,T1 정확표기,014b63c0-c9e4-4e3b-beae-777251f28ad3,믿음건강원,음식업(건강원),안성중앙시장,전통시장,경기도,,,
130ce2ec85da9ed511f3,full_annotation_v1,A,q_의약품_01,약국,건강·의료 중 '의약품'을 판매·제공하는 매장,train,의약품,T1 정확표기,05c262c4-7f1e-47cf-8292-d675166c7876,태일건강원,,세종전통시장,전통시장,세종특별자치시,,,
1a8d8d5199b390f7d1ae,full_annotation_v1,A,q_의약품_01,약국,건강·의료 중 '의약품'을 판매·제공하는 매장,train,의약품,T1 정확표기,008a831c-1fd3-4b7c-96c1-0e92332ccbf3,명성약국,의약품,공주산성시장,전통시장,충청남도,,,
fb1a42483cec79e267dd,full_annotation_v1,A,q_의약품_01,약국,건강·의료 중 '의약품'을 판매·제공하는 매장,train,의약품,T1 정확표기,0040b4e6-7b74-4175-b54d-add4fe693d49,메디팜보명당약국,"의약품, 의료욕구, 복지욕구, 의료기기",점촌역전상점가,자율상권구역,경상북도,,,
b2eddf49a9b567b5c989,full_annotation_v1,A,q_의약품_01,약국,건강·의료 중 '의약품'을 판매·제공하는 매장,train,의약품,T1 정확표기,019ac829-9ffd-42aa-bfd1-9da1dfba52e2,바디엔 약국,,남악1번가 골목형상점가,골목형상점가,,,,
71786f1a7312d742fb96,full_annotation_v1,A,q_의약품_02,의약품,건강·의료 중 '의약품'을 판매·제공하는 매장,train,의약품,T1 정확표기,fcd761a4-9ae3-4003-9e20-7d7529a079be,우리약국,의약품,기린전통시장,전통시장,강원특별자치도,,,
364c49f27ce2d5995c60,full_annotation_v1,A,q_의약품_02,의약품,건강·의료 중 '의약품'을 판매·제공하는 매장,train,의약품,T1 정확표기,7a8d5c49-b932-45a3-8041-09508e7dfe7d,호호온누리약국,의약품,과천중앙동상점가,자율상권구역,경기도,,,
64debcfb5a6261af1a65,full_annotation_v1,A,q_의약품_02,의약품,건강·의료 중 '의약품'을 판매·제공하는 매장,train,의약품,T1 정확표기,0acee185-d982-4fb8-a197-c8ffd8b2888e,태평양약국,의약품 조제,안골사거리 골목형상점가,골목형상점가,전북특별자치도,,,
4c97b7034cbf186792da,full_annotation_v1,A,q_의약품_02,의약품,건강·의료 중 '의약품'을 판매·제공하는 매장,train,의약품,T1 정확표기,a8c4d68d-9c33-4438-88f5-b8595633227b,파란약국,의약품,둔촌스포츠거리 골목형상점가,골목형상점가,서울특별시,,,
d487fc59816413a5c296,full_annotation_v1,A,q_의약품_02,의약품,건강·의료 중 '의약품'을 판매·제공하는 매장,train,의약품,T1 정확표기,36df1501-b06c-4141-8e76-b98d2f7a2797,우리약국,의약품,도담동 골목형상점가,골목형상점가,세종특별자치시,,,
1c0283dd46d5e67ac603,full_annotation_v1,A,q_의약품_02,의약품,건강·의료 중 '의약품'을 판매·제공하는 매장,train,의약품,T1 정확표기,00bd78a7-2a89-48d4-b7ec-efe5116ce2a4,반월당경북약국,약국,메트로센터(반월당지하쇼핑),일반지하상점가,대구광역시,,,
611856e58af57e9757d3,full_annotation_v1,A,q_의약품_02,의약품,건강·의료 중 '의약품'을 판매·제공하는 매장,train,의약품,T1 정확표기,4fc218f2-06ef-476a-816b-a9d5dd380fb2,하나약국,의약품,상주왕산상점가,자율상권구역,경상북도,,,
ea38b190757814e5382d,full_annotation_v1,A,q_의약품_02,의약품,건강·의료 중 '의약품'을 판매·제공하는 매장,train,의약품,T1 정확표기,d67c3743-7191-4153-95df-9985cfb379f2,반월당대구약국,의약품,메트로센터(반월당지하쇼핑),일반지하상점가,대구광역시,,,
f60cbbc80254153bd045,full_annotation_v1,A,q_의약품_02,의약품,건강·의료 중 '의약품'을 판매·제공하는 매장,train,의약품,T1 정확표기,ef600ac0-e5eb-4add-9627-ade8273b0e71,서울약국,의약품,정읍연지상점가,자율상권구역,전북특별자치도,,,
f2cf353cc7d0f474cfa6,full_annotation_v1,A,q_의약품_02,의약품,건강·의료 중 '의약품'을 판매·제공하는 매장,train,의약품,T1 정확표기,9bc9761e-76d2-4761-afa2-50d4ccf37f0e,우리약국,의약품,이튼타워리버3차골목형상점가,골목형상점가,서울특별시,,,
d248e55d3f36615fb036,full_annotation_v1,A,q_의약품_02,의약품,건강·의료 중 '의약품'을 판매·제공하는 매장,train,의약품,T1 정확표기,95d64bc6-0abf-4449-9001-0a77406d08ea,당하백화점약국,의약품,청마로 골목형상점가,골목형상점가,인천광역시,,,
97c375a66a2f0b242132,full_annotation_v1,A,q_의약품_02,의약품,건강·의료 중 '의약품'을 판매·제공하는 매장,train,의약품,T1 정확표기,1e0bd56c-0363-4ab9-81b6-500cfe770d77,나약국,의약품,더불어용두 골목형상점가,골목형상점가,광주광역시,,,
65c4f04469ceeb1675d3,full_annotation_v1,A,q_의약품_02,의약품,건강·의료 중 '의약품'을 판매·제공하는 매장,train,의약품,T1 정확표기,d4aa6851-39b4-4c9c-9afb-af70f4127532,한스31,귀금속,명동 지하쇼핑센터,일반지하상점가,서울특별시,,,
36765370694452d1f08b,full_annotation_v1,A,q_의약품_02,의약품,건강·의료 중 '의약품'을 판매·제공하는 매장,train,의약품,T1 정확표기,56e5b9a3-6ea3-4213-8563-007861bc8d4b,일곡온누리약국,의약품,일곡동 골목형상점가,골목형상점가,광주광역시,,,
71a23c0bc8568386f59a,full_annotation_v1,A,q_의약품_02,의약품,건강·의료 중 '의약품'을 판매·제공하는 매장,train,의약품,T1 정확표기,0112a558-2787-41dc-ae68-695e60c4930c,해동그랜드약국,약국,전곡시장,전통시장,서울특별시,,,
7a2cbb16a80dd32955c3,full_annotation_v1,A,q_의약품_02,의약품,건강·의료 중 '의약품'을 판매·제공하는 매장,train,의약품,T1 정확표기,006929a4-6712-43ca-80d7-f540710009b5,삼송프라자약국,의약품 외 건강기능식품,신원권율3 골목형상점가,골목형상점가,경기도,,,
64e257527c34e6435f76,full_annotation_v1,A,q_의약품_02,의약품,건강·의료 중 '의약품'을 판매·제공하는 매장,train,의약품,T1 정확표기,011a9eae-9b25-4a46-844c-df71215f73d7,해맑은약국,의약품,사리골상점가,자율상권구역,경기도,,,
d3e00512456ca2af14e3,full_annotation_v1,A,q_의약품_02,의약품,건강·의료 중 '의약품'을 판매·제공하는 매장,train,의약품,T1 정확표기,02b29861-009b-49ff-9c7a-16fbfd9800a3,건강약국,의약품,남이동길골목형상점가,골목형상점가,서울특별시,,,
e03535e800d97ddea261,full_annotation_v1,A,q_의약품_02,의약품,건강·의료 중 '의약품'을 판매·제공하는 매장,train,의약품,T1 정확표기,c1d62750-4082-4e20-a58a-0ca99a82952e,천안백제약국,의약품,불당1번가골목형상점가,골목형상점가,충청남도,,,
e80a2ae7c6cb8982d3fa,full_annotation_v1,A,q_의약품_02,의약품,건강·의료 중 '의약품'을 판매·제공하는 매장,train,의약품,T1 정확표기,86734239-3b08-4026-982b-49949c449098,서울약국,의약품,한일시장 골목형상점가,골목형상점가,전라남도,,,
5c98ed8a794319ddb8ff,full_annotation_v1,A,q_의약품_02,의약품,건강·의료 중 '의약품'을 판매·제공하는 매장,train,의약품,T1 정확표기,00768c91-a678-4fbc-a372-a2ee0260218f,수택온누리약국,,구리시 구도심 상권활성화구역,상권활성화구역,경기도,,,
86f8a2a3131f910a1a41,full_annotation_v1,A,q_의약품_02,의약품,건강·의료 중 '의약품'을 판매·제공하는 매장,train,의약품,T1 정확표기,05c262c4-7f1e-47cf-8292-d675166c7876,태일건강원,,세종전통시장,전통시장,세종특별자치시,,,
460c3c149edcd9d24eb7,full_annotation_v1,A,q_의약품_02,의약품,건강·의료 중 '의약품'을 판매·제공하는 매장,train,의약품,T1 정확표기,7ec8edf2-bd3d-4164-b59c-c3964e31ad78,오렌지 카운티,양식,성남백현카페문화거리,골목형상점가,경기도,,,
a96e2bb76ff88b7af335,full_annotation_v1,A,q_의약품_02,의약품,건강·의료 중 '의약품'을 판매·제공하는 매장,train,의약품,T1 정확표기,c77caa11-453f-4e32-92f0-71ae50c77560,태평양약국,의약품,정림동 골목형상점가,골목형상점가,대전광역시,,,
45dcf779ea5eb583558c,full_annotation_v1,A,q_의약품_02,의약품,건강·의료 중 '의약품'을 판매·제공하는 매장,train,의약품,T1 정확표기,f91e2159-eff2-4228-ac99-e3e04df6326a,건강약국,의약품,우산상인회 골목형상점가,골목형상점가,광주광역시,,,
fd7d983b5cffade0aae3,full_annotation_v1,A,q_의약품_02,의약품,건강·의료 중 '의약품'을 판매·제공하는 매장,train,의약품,T1 정확표기,c2d285d3-228d-4555-94cf-b8dbdab8315e,로얄약국,의약품,풍덕천 골목형상점가,골목형상점가,경기도,,,
3ed468fd6358cb452252,full_annotation_v1,A,q_의약품_02,의약품,건강·의료 중 '의약품'을 판매·제공하는 매장,train,의약품,T1 정확표기,95de5dfa-3591-4b19-b8a8-fa2fefe1d9b2,본가마순대국,순대국,잠원하길골목형상점가,골목형상점가,서울특별시,,,
08c9eaa775a49022fff6,full_annotation_v1,A,q_의약품_02,의약품,건강·의료 중 '의약품'을 판매·제공하는 매장,train,의약품,T1 정확표기,ec38dfd1-8561-43bd-be99-9276cc4d24a7,우리약국,의약품,북수원시장( 구 파장시장),전통시장,경기도,,,
298da787e67385e67314,full_annotation_v1,A,q_의약품_02,의약품,건강·의료 중 '의약품'을 판매·제공하는 매장,train,의약품,T1 정확표기,9a488eb6-d8b1-42a7-80ed-cb8bb8a43163,새서을약국,의약품,신길성애 골목형상점가,골목형상점가,서울특별시,,,
68134dd1dcdef4c6907c,full_annotation_v1,A,q_의약품_02,의약품,건강·의료 중 '의약품'을 판매·제공하는 매장,train,의약품,T1 정확표기,cacbb5d0-b785-4893-9f47-2b7f63c9448c,예쁜약국,의약품,새샘하루 골목형상점가,골목형상점가,세종특별자치시,,,
460367ea706a077a4f18,full_annotation_v1,A,q_의약품_02,의약품,건강·의료 중 '의약품'을 판매·제공하는 매장,train,의약품,T1 정확표기,03f37d02-1eb9-4f82-ab05-be726fa24a36,우주파스타,,수정로 상권활성화구역,상권활성화구역,경기도,,,
7a09738b0c1442a055b8,full_annotation_v1,A,q_의약품_02,의약품,건강·의료 중 '의약품'을 판매·제공하는 매장,train,의약품,T1 정확표기,002c02f2-4428-4a84-a248-7b23ae109459,정관장 반석점,홍삼건강식품,지족반석 골목형상점가,골목형상점가,대전광역시,,,
59db1fd3839c338c9589,full_annotation_v1,A,q_의약품_02,의약품,건강·의료 중 '의약품'을 판매·제공하는 매장,train,의약품,T1 정확표기,23aae5d2-d813-439f-94f3-33dbd01f75cb,솔약국,의약품,상원시장,전통시장,대구광역시,,,
7f8eb6c7db7842cc1a18,full_annotation_v1,A,q_의약품_02,의약품,건강·의료 중 '의약품'을 판매·제공하는 매장,train,의약품,T1 정확표기,1ca600dd-7fb0-4eb9-8a3a-81c74e29a395,순환약국,의약품,녹두S밸리골목형상점가,골목형상점가,서울특별시,,,
733a7797c217144badee,full_annotation_v1,A,q_의약품_02,의약품,건강·의료 중 '의약품'을 판매·제공하는 매장,train,의약품,T1 정확표기,00681cee-2849-497b-b7d1-548576542ed2,풍암한의원,한의원,풍암벚꽃길상인회 골목형상점가,골목형상점가,광주광역시,,,
8e763bf430d140156f6a,full_annotation_v1,A,q_의약품_02,의약품,건강·의료 중 '의약품'을 판매·제공하는 매장,train,의약품,T1 정확표기,00e9de4b-3c8d-44a2-bfc2-ddc91fe5a03b,대디파스타,파스타돈가스,벽산황계로 골목형상점가,골목형상점가,광주광역시,,,
c1695c73d31a4a70891e,full_annotation_v1,A,q_의약품_02,의약품,건강·의료 중 '의약품'을 판매·제공하는 매장,train,의약품,T1 정확표기,191e4405-8743-4e87-9401-b6128174bfbd,강약국,의약품,영도봉래시장,전통시장,부산광역시,,,
71ce132e30f884baeb67,full_annotation_v1,A,q_의약품_02,의약품,건강·의료 중 '의약품'을 판매·제공하는 매장,train,의약품,T1 정확표기,00140fab-ec56-4d81-8a03-d3d4aa8d5a49,계령약국,의약품,성대시장골목형상점가,골목형상점가,서울특별시,,,
4d6aebf739e4261cb64b,full_annotation_v1,A,q_의약품_02,의약품,건강·의료 중 '의약품'을 판매·제공하는 매장,train,의약품,T1 정확표기,21fd5be0-c4c6-4046-9418-7980138dac08,민당약국,소매(양약(조제)),상대원시장,전통시장,경기도,,,
9522f3d667708063e392,full_annotation_v1,A,q_의약품_02,의약품,건강·의료 중 '의약품'을 판매·제공하는 매장,train,의약품,T1 정확표기,3c7e5f23-471e-4ed8-b92d-8733615ef84c,우리약국,의약품,김천평화시장,전통시장,경상북도,,,
8e6cf3ea8c5298fe996b,full_annotation_v1,A,q_의약품_02,의약품,건강·의료 중 '의약품'을 판매·제공하는 매장,train,의약품,T1 정확표기,034281ae-47fa-4317-b7de-ad8eda5fd58f,큰길약국,의약품,석적로강변 골목형상점가,골목형상점가,경상북도,,,
00d0c1185adf201309e1,full_annotation_v1,A,q_의약품_02,의약품,건강·의료 중 '의약품'을 판매·제공하는 매장,train,의약품,T1 정확표기,dcdf2deb-5a74-49b8-9bc1-2ab59f833087,서울약국,의약품,사강시장,전통시장,경기도,,,
698de91a85bd576bdb31,full_annotation_v1,A,q_의약품_02,의약품,건강·의료 중 '의약품'을 판매·제공하는 매장,train,의약품,T1 정확표기,b5b4221d-cc4e-419d-8ff0-530ea0472346,서울약국,의약품,산본로데오거리(구 산본중심상가),자율상권구역,경기도,,,
ea50f0cd864d83967f0b,full_annotation_v1,A,q_의약품_02,의약품,건강·의료 중 '의약품'을 판매·제공하는 매장,train,의약품,T1 정확표기,45093fe4-5956-4800-9211-ea8e9f790fe1,아빠약국,의약품,효천로 골목형상점가,골목형상점가,광주광역시,,,
626d6b9fd9bcbd445a4e,full_annotation_v1,A,q_의약품_02,의약품,건강·의료 중 '의약품'을 판매·제공하는 매장,train,의약품,T1 정확표기,b8d3def2-0077-4897-8371-4ddc5154bc69,무지개온누리약국,의약품,쌍문시장(쌍문역골목시장),전통시장,서울특별시,,,
c8c3a2b28d1cac26e77c,full_annotation_v1,A,q_의약품_02,의약품,건강·의료 중 '의약품'을 판매·제공하는 매장,train,의약품,T1 정확표기,6d6cfdb6-0220-4205-9970-030451288fbb,영천선약국,의약품,영천시장,전통시장,서울특별시,,,
05fd865f9db610f51928,full_annotation_v1,A,q_의약품_02,의약품,건강·의료 중 '의약품'을 판매·제공하는 매장,train,의약품,T1 정확표기,aed2cad8-375c-4284-a92b-391a64bf66e7,미래팜영통약국,의약품,뉴월드프라자골목형상점가,골목형상점가,경기도,,,
1a8817b28c310f170be1,full_annotation_v1,A,q_의약품_02,의약품,건강·의료 중 '의약품'을 판매·제공하는 매장,train,의약품,T1 정확표기,1a29e137-a22d-4355-8f2a-63722f85db07,드림약국,의약품,금암동 골목형상점가,골목형상점가,충청남도,,,
54bbb93d77ed8cfdcb7f,full_annotation_v1,A,q_의약품_02,의약품,건강·의료 중 '의약품'을 판매·제공하는 매장,train,의약품,T1 정확표기,008f6b90-4bab-45de-be49-429a25b6ab04,생명사랑약국,의약품,상대동로 골목형상점가,골목형상점가,대전광역시,,,
fb3a227695aa76ec5307,full_annotation_v1,A,q_의약품_02,의약품,건강·의료 중 '의약품'을 판매·제공하는 매장,train,의약품,T1 정확표기,acbe2ab7-6e47-4c7d-b17c-d9cb2cd30565,서울약국,의약품,대동시장,전통시장,대구광역시,,,
3fe4dad918df530aa840,full_annotation_v1,A,q_의약품_02,의약품,건강·의료 중 '의약품'을 판매·제공하는 매장,train,의약품,T1 정확표기,ab70fa43-4979-4481-b3fb-28b513cbe57e,모래내녹십자약국,의약품,전주모래내시장,전통시장,전북특별자치도,,,
75297099deef7cf91cf8,full_annotation_v1,A,q_의약품_02,의약품,건강·의료 중 '의약품'을 판매·제공하는 매장,train,의약품,T1 정확표기,040b391d-a92f-4db4-90cd-eb2c0720eb78,eating,파스타 덮밥 피자,여주 터미널상점가,자율상권구역,경기도,,,
6a48fa03a053383f2310,full_annotation_v1,A,q_의약품_02,의약품,건강·의료 중 '의약품'을 판매·제공하는 매장,train,의약품,T1 정확표기,642d6a2c-0023-45ec-abf5-df99fecd38f7,상원약국,의약품,의정부역지하상가,일반지하상점가,경기도,,,
42568dbc6285f4a2fb38,full_annotation_v1,A,q_의약품_02,의약품,건강·의료 중 '의약품'을 판매·제공하는 매장,train,의약품,T1 정확표기,81f5156c-b98e-494c-96f1-262b2ff23d88,대후약국,의약품,행복상점가,자율상권구역,경상북도,,,
e7587763d91b18ac9fb3,full_annotation_v1,A,q_의약품_02,의약품,건강·의료 중 '의약품'을 판매·제공하는 매장,train,의약품,T1 정확표기,02c6fc99-f1cb-4e77-a062-7f8db6f39bbc,대성건강원,건강원,대명시장,전통시장,대구광역시,,,
057af84a902738a1399a,full_annotation_v1,A,q_의약품_02,의약품,건강·의료 중 '의약품'을 판매·제공하는 매장,train,의약품,T1 정확표기,ed881347-fbec-4bcf-b139-d58eaedbcbdd,스마일온누리약국,의약품,나성중앙 골목형상점가,골목형상점가,세종특별자치시,,,
9e35f970df61bd247058,full_annotation_v1,A,q_의약품_02,의약품,건강·의료 중 '의약품'을 판매·제공하는 매장,train,의약품,T1 정확표기,50ab5665-a073-481e-85f4-f499fc0cc2a1,학장상회,과일,엄궁농산물도매시장식품·청과 소매동 골목형상점가,골목형상점가,부산광역시,,,
334d9c610bbded0b6221,full_annotation_v1,A,q_의약품_02,의약품,건강·의료 중 '의약품'을 판매·제공하는 매장,train,의약품,T1 정확표기,19b67c02-0b61-41fe-8754-dff52c56ba88,바른길약국,의약품,임동 골목형상점가,골목형상점가,광주광역시,,,
b71f08fe7295955efc1f,full_annotation_v1,A,q_의약품_02,의약품,건강·의료 중 '의약품'을 판매·제공하는 매장,train,의약품,T1 정확표기,9b18bf72-f7b4-461a-9642-5baf941c9614,신사귀족약국,의약품,잠원하길골목형상점가,골목형상점가,서울특별시,,,
fe27e4c91988c731bc80,full_annotation_v1,A,q_의약품_02,의약품,건강·의료 중 '의약품'을 판매·제공하는 매장,train,의약품,T1 정확표기,f6da0f74-1477-4919-8598-f8827e9900a3,하나정문약국,의약품,강서다온골목형상점가,골목형상점가,충청북도,,,
9d66c05982d7505f09a6,full_annotation_v1,A,q_의약품_02,의약품,건강·의료 중 '의약품'을 판매·제공하는 매장,train,의약품,T1 정확표기,4223ad21-0303-44ee-94d1-ff0ec414b5e5,뉴욕약국,의약품,전대병원오거리 골목형상점가,골목형상점가,광주광역시,,,
7ce9870e36dc6b3aaa4a,full_annotation_v1,A,q_의약품_02,의약품,건강·의료 중 '의약품'을 판매·제공하는 매장,train,의약품,T1 정확표기,be348732-5566-441c-813d-520c48a4999f,태평양약국,의약품,용산동 골목형상점가,골목형상점가,대전광역시,,,
1a358284117bad14b894,full_annotation_v1,A,q_의약품_02,의약품,건강·의료 중 '의약품'을 판매·제공하는 매장,train,의약품,T1 정확표기,c98487fa-5f9a-4718-ac8a-a2de40521dea,드림약국,의약품,의정부시 구도심 상권활성화구역,상권활성화구역,경기도,,,
fc218300e812e41d13fd,full_annotation_v1,A,q_의약품_02,의약품,건강·의료 중 '의약품'을 판매·제공하는 매장,train,의약품,T1 정확표기,18ac9e2d-4b4f-49dc-b5bc-92a6177121e9,새우리약국,의약품,상무중앙상인회 골목형상점가,골목형상점가,광주광역시,,,
3383c13d15a71a5debb5,full_annotation_v1,A,q_의약품_02,의약품,건강·의료 중 '의약품'을 판매·제공하는 매장,train,의약품,T1 정확표기,273ae888-167c-49c3-a41e-256514860e9e,안동소문갈비,한식,안동음식의거리 골목형상점가,골목형상점가,경상북도,,,
eaa93d3f2257894b5880,full_annotation_v1,A,q_의약품_02,의약품,건강·의료 중 '의약품'을 판매·제공하는 매장,train,의약품,T1 정확표기,32f04a39-e08b-49d6-be61-7d5a29a2b57c,연세모벨르의원 종로본점,탈모약처방,종로5가역일번출구상점가,자율상권구역,서울특별시,,,
7f36e1c4e7726d012d69,full_annotation_v1,A,q_의약품_02,의약품,건강·의료 중 '의약품'을 판매·제공하는 매장,train,의약품,T1 정확표기,95bd5330-2b46-4134-bc7a-9c9b64b5b9f3,동대구경북약국,의약품,동대구신시장,전통시장,대구광역시,,,
33d895327d38b2190d3a,full_annotation_v1,A,q_의약품_02,의약품,건강·의료 중 '의약품'을 판매·제공하는 매장,train,의약품,T1 정확표기,dcddab02-1287-4f6f-bfcb-d911362aa805,뿌리마당,,부곡시장,전통시장,부산광역시,,,
225b3edb058be77bc91a,full_annotation_v1,A,q_의약품_02,의약품,건강·의료 중 '의약품'을 판매·제공하는 매장,train,의약품,T1 정확표기,fc109fe4-4cc4-47ae-b52b-118b96482c1b,심약국,의약품,석곡 골목형상점가,골목형상점가,전라남도,,,
ad365da044b4bfb6dcc7,full_annotation_v1,A,q_의약품_02,의약품,건강·의료 중 '의약품'을 판매·제공하는 매장,train,의약품,T1 정확표기,4b91d46e-c671-4414-a0c3-8fcabb768d84,부활약국,의약품,구미역중앙 골목형상점가,골목형상점가,경상북도,,,
4cbfdd9333543454fb12,full_annotation_v1,A,q_의약품_02,의약품,건강·의료 중 '의약품'을 판매·제공하는 매장,train,의약품,T1 정확표기,e2fb31a1-c017-49a7-afaa-e2eb0cf3ede1,한성약국,의약품,양곡시장,전통시장,경기도,,,
64a16f546b9571b05aab,full_annotation_v1,A,q_의약품_02,의약품,건강·의료 중 '의약품'을 판매·제공하는 매장,train,의약품,T1 정확표기,6c861454-db6f-4ec5-9a18-f5390c535c6c,나무약국,의약품,호계종합시장,전통시장,경기도,,,
dc80d19ff0d44d42b94e,full_annotation_v1,A,q_의약품_02,의약품,건강·의료 중 '의약품'을 판매·제공하는 매장,train,의약품,T1 정확표기,00192f22-a492-4ba5-a62d-65bf0d0ec7b9,큰물한의원,한의원,전주서곡 골목형상점가,골목형상점가,전북특별자치도,,,
215f2a27fea0cf63c326,full_annotation_v1,A,q_의약품_02,의약품,건강·의료 중 '의약품'을 판매·제공하는 매장,train,의약품,T1 정확표기,1f6cff9b-8485-4fed-a6ec-425fb6df45fb,센터약국,의약품,녹색거리상점가,자율상권구역,경기도,,,
d8998889ab5cb5c9791c,full_annotation_v1,A,q_의약품_02,의약품,건강·의료 중 '의약품'을 판매·제공하는 매장,train,의약품,T1 정확표기,e1c2d794-62c7-4266-ad31-61528a221a45,예쁜약국,의약품,신봉동 온누리 골목형상점가,골목형상점가,경기도,,,
426ab5a7bf4ac0d598bb,full_annotation_v1,A,q_의약품_02,의약품,건강·의료 중 '의약품'을 판매·제공하는 매장,train,의약품,T1 정확표기,485dd665-c4fc-409d-8478-a627168ab3e1,중앙약국,의약품,광명새마을시장,전통시장,경기도,,,
4a1425f08089c92cacd0,full_annotation_v1,A,q_의약품_02,의약품,건강·의료 중 '의약품'을 판매·제공하는 매장,train,의약품,T1 정확표기,000db6d6-585c-4aba-94e7-fc6a23a694fb,시민약국,의약품,문경중앙시장,전통시장,경상북도,,,
7fca58760338d8b66b4c,full_annotation_v1,A,q_의약품_02,의약품,건강·의료 중 '의약품'을 판매·제공하는 매장,train,의약품,T1 정확표기,0870dac3-2926-4727-9705-ecde403cb499,우리약국,의약품,역곡남부 한빛 골목형상점가,골목형상점가,경기도,,,
2527ac7fd5b403aabfbd,full_annotation_v1,A,q_의약품_02,의약품,건강·의료 중 '의약품'을 판매·제공하는 매장,train,의약품,T1 정확표기,9a34848d-1458-47f7-a2a4-f751ffc16967,우리약국,의약품,전대병원오거리 골목형상점가,골목형상점가,광주광역시,,,
39c4cd1ecadff118135c,full_annotation_v1,A,q_의약품_02,의약품,건강·의료 중 '의약품'을 판매·제공하는 매장,train,의약품,T1 정확표기,149b0ab6-4462-4f61-9111-3ce516ab1464,하나로약국,"소매(의약품,조제)소매업(의료기기판매)",은행시장,전통시장,경기도,,,
72f426c9d6610ce09496,full_annotation_v1,A,q_의약품_02,의약품,건강·의료 중 '의약품'을 판매·제공하는 매장,train,의약품,T1 정확표기,400031d6-e30d-40ed-8c9e-8d2663a165fd,구피샵(성내점),소매(화장품 및 잡화),성내전통시장,전통시장,서울특별시,,,
8cac3a834c4dbd9ccff2,full_annotation_v1,A,q_의약품_02,의약품,건강·의료 중 '의약품'을 판매·제공하는 매장,train,의약품,T1 정확표기,319ebe1e-6604-42f1-8f61-1ea0d98780b3,대우약국,의약품,논산화지중앙시장,전통시장,충청남도,,,
357aa9d9497c00cebecd,full_annotation_v1,A,q_의약품_02,의약품,건강·의료 중 '의약품'을 판매·제공하는 매장,train,의약품,T1 정확표기,d39e2178-5ee6-4a81-aab7-ef539f11a576,종로가톨릭의원,의약품,광장전통시장,자율상권구역,서울특별시,,,
587bca87731d8c606422,full_annotation_v1,A,q_의약품_02,의약품,건강·의료 중 '의약품'을 판매·제공하는 매장,train,의약품,T1 정확표기,813497cc-bf0f-4172-b02d-7c4677220603,동묘약국,의약품,동묘시장,자율상권구역,서울특별시,,,
2a1029bb0b83fc12ecee,full_annotation_v1,A,q_의약품_02,의약품,건강·의료 중 '의약품'을 판매·제공하는 매장,train,의약품,T1 정확표기,64add4c3-6cb7-4342-bec9-6912a6f94f40,우리약국,의약품,칠성종합 상권활성화구역,상권활성화구역,대구광역시,,,
b84637f97b9f9ef06155,full_annotation_v1,A,q_의약품_02,의약품,건강·의료 중 '의약품'을 판매·제공하는 매장,train,의약품,T1 정확표기,019ac829-9ffd-42aa-bfd1-9da1dfba52e2,바디엔 약국,,남악1번가 골목형상점가,골목형상점가,,,,
44b845b1eb61890bd0e2,full_annotation_v1,A,q_의약품_02,의약품,건강·의료 중 '의약품'을 판매·제공하는 매장,train,의약품,T1 정확표기,955cf4e2-eee5-4127-af9b-6ec28fb67d5e,메디슨약국,의약품,신평리시장,전통시장,대구광역시,,,
cee3af6f92df816db48c,full_annotation_v1,A,q_의약품_02,의약품,건강·의료 중 '의약품'을 판매·제공하는 매장,train,의약품,T1 정확표기,0056dcd4-0ac0-4535-9ee5-c8fd19d8ff14,중화한의원,한의원,보령한내시장,전통시장,충청남도,,,
72a9a4c2f75fc1d3793e,full_annotation_v1,A,q_의약품_02,의약품,건강·의료 중 '의약품'을 판매·제공하는 매장,train,의약품,T1 정확표기,6fe6c8f3-d96b-4c88-b9d0-a48419ce7684,하나약국,의약품,남양주장현전통시장,전통시장,경기도,,,
5eaca3238538866550c0,full_annotation_v1,A,q_의약품_02,의약품,건강·의료 중 '의약품'을 판매·제공하는 매장,train,의약품,T1 정확표기,b0f32f2b-b58a-4c54-ac57-5ee81fe4d26a,하나둘약국,의약품,"온양온천시장(온양재래시장, 전통시장)",전통시장,충청남도,,,
020ec929f2fe6242a8e3,full_annotation_v1,A,q_의약품_02,의약품,건강·의료 중 '의약품'을 판매·제공하는 매장,train,의약품,T1 정확표기,ceb9c72e-4db3-4dcd-9c61-2debfd2ec15d,장안면옥,냉면,안성중앙시장,전통시장,경기도,,,
ed7a6fcb4558d9f7a2e2,full_annotation_v1,A,q_의약품_02,의약품,건강·의료 중 '의약품'을 판매·제공하는 매장,train,의약품,T1 정확표기,19b10f19-86a0-4d5d-81e5-addbb0e8d166,사랑약국,의약품,금남시장,전통시장,서울특별시,,,
0403d3c0e93c2bc1b4d6,full_annotation_v1,A,q_의약품_02,의약품,건강·의료 중 '의약품'을 판매·제공하는 매장,train,의약품,T1 정확표기,01d775c4-b8be-45e9-811c-c3f884b2d1b9,사계절 흑염소,건강원,오치1동 골목형상점가,골목형상점가,광주광역시,,,
98576fec005fa438b52d,full_annotation_v1,A,q_의약품_02,의약품,건강·의료 중 '의약품'을 판매·제공하는 매장,train,의약품,T1 정확표기,e878b1e0-c782-4a8c-b66e-0362d1cd7b5a,호수약국,의약품,양주옥정호수공원상점가,골목형상점가,경기도,,,
36f06ce41363857ae08f,full_annotation_v1,A,q_의약품_02,의약품,건강·의료 중 '의약품'을 판매·제공하는 매장,train,의약품,T1 정확표기,02fa5d6f-5100-4cd5-8a9f-184877f99878,덕수파스타 원주 일산점,,중앙로골목형상점가,골목형상점가,강원특별자치도,,,
bc8cf0c044d9d6d1d7bc,full_annotation_v1,A,q_의약품_02,의약품,건강·의료 중 '의약품'을 판매·제공하는 매장,train,의약품,T1 정확표기,02d49b6b-4c61-4aef-a15f-338ca1a59f59,레레하우스,파스타 피자 스테이크,첨단지구 골목형상점가,골목형상점가,광주광역시,,,
79e5325ed747db405df8,full_annotation_v1,A,q_의약품_02,의약품,건강·의료 중 '의약품'을 판매·제공하는 매장,train,의약품,T1 정확표기,e73ee6f8-08bc-42e7-a0f3-34156c3a09d2,태평양약국,의약품,오창전통시장,전통시장,충청북도,,,
29fb63247013d7ee70fb,full_annotation_v1,A,q_의약품_02,의약품,건강·의료 중 '의약품'을 판매·제공하는 매장,train,의약품,T1 정확표기,8e73bb3b-3b86-4f17-88bc-0eeb5f031aa6,태평양약국,의약품,병점중심상가,자율상권구역,경기도,,,
fbe43ca3866dafbfe0da,full_annotation_v1,A,q_의약품_02,의약품,건강·의료 중 '의약품'을 판매·제공하는 매장,train,의약품,T1 정확표기,014b63c0-c9e4-4e3b-beae-777251f28ad3,믿음건강원,음식업(건강원),안성중앙시장,전통시장,경기도,,,
0c08f0a860ea4f5b369b,full_annotation_v1,A,q_의약품_02,의약품,건강·의료 중 '의약품'을 판매·제공하는 매장,train,의약품,T1 정확표기,9865c5a3-247e-41d6-b379-5a2792e1431d,수퍼약국,의약품,의정부시장,전통시장,경기도,,,
1abd56e8e06fccbff244,full_annotation_v1,A,q_의약품_02,의약품,건강·의료 중 '의약품'을 판매·제공하는 매장,train,의약품,T1 정확표기,91885f27-633c-4654-aa61-bfc2afa71b9b,건강약국,의약품,홍성명동상가,자율상권구역,충청남도,,,
7fe82b188252aca967c9,full_annotation_v1,A,q_의약품_02,의약품,건강·의료 중 '의약품'을 판매·제공하는 매장,train,의약품,T1 정확표기,376a3e0d-cf60-4053-a97f-669ab3feb1e6,태린약국,의약품,거제 고현자율상권,,경상남도,,,
b214ee9a07a7fc290d74,full_annotation_v1,A,q_의약품_02,의약품,건강·의료 중 '의약품'을 판매·제공하는 매장,train,의약품,T1 정확표기,d840eed9-bfbb-4b6d-9829-a24524e65279,햇님약국,의약품,맹동혁신골목형상점가,골목형상점가,충청북도,,,
57e2abbe9b5110b231b4,full_annotation_v1,A,q_의약품_02,의약품,건강·의료 중 '의약품'을 판매·제공하는 매장,train,의약품,T1 정확표기,a2cbc01a-6d12-454d-a210-96e4e43068a8,건강약국,의약품,금왕중심골목형상점가,골목형상점가,충청북도,,,
646cdfa4305e2429ebf4,full_annotation_v1,A,q_의약품_02,의약품,건강·의료 중 '의약품'을 판매·제공하는 매장,train,의약품,T1 정확표기,2143778b-1903-4d2a-8fb7-49c4066548b8,오성약국,의약품,오창전통시장,전통시장,충청북도,,,
bb5ee7f798fedcf57ea1,full_annotation_v1,A,q_의약품_02,의약품,건강·의료 중 '의약품'을 판매·제공하는 매장,train,의약품,T1 정확표기,813ccabe-b581-46ab-9e03-5532febeb3ba,한울명천약국,의약품,비래동골목형상점가,골목형상점가,대전광역시,,,
609a77fc6ee65e828c40,full_annotation_v1,A,q_의약품_02,의약품,건강·의료 중 '의약품'을 판매·제공하는 매장,train,의약품,T1 정확표기,6aef7a99-89a0-4ee4-b65f-bc5177b1b2c0,중앙약국,의약품,성서중심시장(성서시장문화의거리 통합),전통시장,충청북도,,,
d4d39248126539084224,full_annotation_v1,A,q_의약품_02,의약품,건강·의료 중 '의약품'을 판매·제공하는 매장,train,의약품,T1 정확표기,91a3942d-5281-43f8-a819-e02729f603ad,드림약국,의약품,제천시 원도심 상권활성화구역,상권활성화구역,충청북도,,,
4cd06810e269eb1582c1,full_annotation_v1,A,q_의약품_02,의약품,건강·의료 중 '의약품'을 판매·제공하는 매장,train,의약품,T1 정확표기,673381c6-a08d-455d-b901-2f97402d0578,쪽갈비언니,등갈비,성황당길골목형상점가,골목형상점가,서울특별시,,,
e338f019024fa067430e,full_annotation_v1,A,q_의약품_02,의약품,건강·의료 중 '의약품'을 판매·제공하는 매장,train,의약품,T1 정확표기,b86e5ba8-cdaf-4959-b398-79dc237c5bc7,로스팅 포인트 오렌지 본점,커피,시청앞사거리 골목형상점가,골목형상점가,충청남도,,,
f3d1df671cf3f9696096,full_annotation_v1,A,q_의약품_02,의약품,건강·의료 중 '의약품'을 판매·제공하는 매장,train,의약품,T1 정확표기,d3ff068d-9a71-4033-801f-a04c5dfb0cd1,신사달약국,의약품,신사세로수길골목형상점가,골목형상점가,서울특별시,,,
2a37b85c03a6aad4c30a,full_annotation_v1,A,q_의약품_02,의약품,건강·의료 중 '의약품'을 판매·제공하는 매장,train,의약품,T1 정확표기,2daa91f7-3795-476f-a96f-3574a4bf300f,남면한의원,진료 밎 약처방,양주신산시장마을상점가,골목형상점가,경기도,,,
c98ea5d31cd5319f44e4,full_annotation_v1,A,q_의약품_02,의약품,건강·의료 중 '의약품'을 판매·제공하는 매장,train,의약품,T1 정확표기,c57996a0-0468-4ba2-b88c-8f5df7a8009c,중앙약국,의약품,불당1번가골목형상점가,골목형상점가,충청남도,,,
480150bc0adbf26fcf93,full_annotation_v1,A,q_의약품_02,의약품,건강·의료 중 '의약품'을 판매·제공하는 매장,train,의약품,T1 정확표기,da41aad3-1ce9-4cc4-ab70-dc51d8b91513,세븐약국,의약품,상동역 골목형상점가,골목형상점가,경기도,,,
d7373926bf61c9c7fe58,full_annotation_v1,A,q_의약품_02,의약품,건강·의료 중 '의약품'을 판매·제공하는 매장,train,의약품,T1 정확표기,00b64830-f897-4643-a5fa-6d8950c2ef89,낭만상회,식품,문산자유시장,전통시장,경기도,,,
7ab0980c0d16c3aa4e44,full_annotation_v1,A,q_의약품_02,의약품,건강·의료 중 '의약품'을 판매·제공하는 매장,train,의약품,T1 정확표기,68c9380a-4eef-42f7-8148-1fbe2baf30b5,한영약국,의약품,평택통복시장,전통시장,경기도,,,
f85d3368941a8e34bd53,full_annotation_v1,A,q_의약품_02,의약품,건강·의료 중 '의약품'을 판매·제공하는 매장,train,의약품,T1 정확표기,1f68f220-8902-4abf-8a26-61555953a00c,창원삼성약국,의약품,창원 성원그랜드쇼핑상가,전통시장,경상남도,,,
06c69f6f921eef73c452,full_annotation_v1,A,q_의약품_02,의약품,건강·의료 중 '의약품'을 판매·제공하는 매장,train,의약품,T1 정확표기,1a9d2c96-f470-4fbe-a752-da9a80a3c0ba,소망인삼,인삼,부전인삼시장,전통시장,부산광역시,,,
2d86f00a2d44e55a95b7,full_annotation_v1,A,q_의약품_02,의약품,건강·의료 중 '의약품'을 판매·제공하는 매장,train,의약품,T1 정확표기,99715700-dfb5-4599-b022-28243a4fdb7a,서울약국,의약품,주천골목형상점가,골목형상점가,강원특별자치도,,,
66ad1a96e794a9fdad3d,full_annotation_v1,A,q_의약품_02,의약품,건강·의료 중 '의약품'을 판매·제공하는 매장,train,의약품,T1 정확표기,e4f33cb5-1dc5-4a89-b115-99e4b44886af,2층엔약국,의약품,다산역 로데오 상점가,자율상권구역,경기도,,,
bf7ea39c808543fae0aa,full_annotation_v1,A,q_의약품_02,의약품,건강·의료 중 '의약품'을 판매·제공하는 매장,train,의약품,T1 정확표기,8f811ce4-4149-40d5-8783-0f0b98514107,건강약국,의약품,청운시장골목형상점가,골목형상점가,경기도,,,
3c15b6afcb2df77ccd8e,full_annotation_v1,A,q_의약품_02,의약품,건강·의료 중 '의약품'을 판매·제공하는 매장,train,의약품,T1 정확표기,98aa1217-e223-4c48-8bec-e4ff2e6b8ba9,신발백화점,신발,공주산성시장,전통시장,충청남도,,,
44efc67f001a30a3a603,full_annotation_v1,A,q_의약품_02,의약품,건강·의료 중 '의약품'을 판매·제공하는 매장,train,의약품,T1 정확표기,dc1c5a42-9b79-4dbf-9c1a-77d60623c386,건강약국,의약품,부산평화시장,전통시장,부산광역시,,,
6c3f5054647e050b537a,full_annotation_v1,A,q_의약품_02,의약품,건강·의료 중 '의약품'을 판매·제공하는 매장,train,의약품,T1 정확표기,0002538c-b8d9-4911-81c7-966789036b09,빛고을 치과의원,의원,세은 골목형상점가,골목형상점가,광주광역시,,,
bf443cc22ce2fa933129,full_annotation_v1,A,q_의약품_02,의약품,건강·의료 중 '의약품'을 판매·제공하는 매장,train,의약품,T1 정확표기,27957b60-1045-4687-901b-a3cdf13902a1,메디팜보령약국,의약품,관음시장,전통시장,대구광역시,,,
e83a0967397d2460c22c,full_annotation_v1,A,q_의약품_02,의약품,건강·의료 중 '의약품'을 판매·제공하는 매장,train,의약품,T1 정확표기,737c42d4-56fa-4184-91b4-5391830e84ab,소망약국,의약품,우수영 골목형상점가,골목형상점가,전라남도,,,
b921c5e6df6b4adf9416,full_annotation_v1,A,q_의약품_02,의약품,건강·의료 중 '의약품'을 판매·제공하는 매장,train,의약품,T1 정확표기,71b53ba2-3da9-403a-9ea2-baa675ea9da4,서울약국,의약품,영암읍 라인업 자율상권구역,,전라남도,,,
69e62b14e1988c6d07e1,full_annotation_v1,A,q_의약품_02,의약품,건강·의료 중 '의약품'을 판매·제공하는 매장,train,의약품,T1 정확표기,97fa9477-2a88-45a8-aefd-20aa278289a9,최약국,의약품,선부광장로상점가,자율상권구역,경기도,,,
a708cd876fceae0a968f,full_annotation_v1,A,q_의약품_02,의약품,건강·의료 중 '의약품'을 판매·제공하는 매장,train,의약품,T1 정확표기,2ddcc1fb-a8ae-4fda-8ff8-fdabcb41edc6,광주고운세상피부과의원,처방전조제,아시아음식문화거리 골목형상점가,골목형상점가,광주광역시,,,
1ab2d0f273980a7e9eb0,full_annotation_v1,A,q_의약품_02,의약품,건강·의료 중 '의약품'을 판매·제공하는 매장,train,의약품,T1 정확표기,ce3e49bc-6fd0-4196-a8b1-aebbe21691c0,육당약국,의약품,난우길골목형상점가,골목형상점가,서울특별시,,,
290221f1dd28a451541a,full_annotation_v1,A,q_의약품_02,의약품,건강·의료 중 '의약품'을 판매·제공하는 매장,train,의약품,T1 정확표기,035f9cc5-1357-4bbd-b76c-646b5da39aaa,홍약국,의약품,사가정면목로골목형상점가,골목형상점가,서울특별시,,,
b28c4935e7b5415336eb,full_annotation_v1,A,q_의약품_02,의약품,건강·의료 중 '의약품'을 판매·제공하는 매장,train,의약품,T1 정확표기,00b6e321-5954-437c-b1d9-94fded29f67e,웰빙마트,식품,서남신시장,전통시장,대구광역시,,,
e2ecda9cfe228e162c5b,full_annotation_v1,A,q_의약품_02,의약품,건강·의료 중 '의약품'을 판매·제공하는 매장,train,의약품,T1 정확표기,d40f5004-7397-490d-87c9-5f9d1518f58f,첨단약국,의약품,첨단호두라 골목형상점가,골목형상점가,광주광역시,,,
c49607456ce0b1c3e416,full_annotation_v1,A,q_의약품_02,의약품,건강·의료 중 '의약품'을 판매·제공하는 매장,train,의약품,T1 정확표기,aea04447-1d2d-4bbe-927a-5a3448f9326e,차와약국,의약품,세종 반딧불 골목형상점가,골목형상점가,세종특별자치시,,,
6028eb071ed6298b2c90,full_annotation_v1,A,q_의약품_02,의약품,건강·의료 중 '의약품'을 판매·제공하는 매장,train,의약품,T1 정확표기,2c72b585-bd54-4864-b05f-b84f0916a2f9,로뎀약국,의약품,과천슈르탑 골목형상점가,골목형상점가,경기도,,,
1f15b69c5c576a864a57,full_annotation_v1,A,q_의약품_02,의약품,건강·의료 중 '의약품'을 판매·제공하는 매장,train,의약품,T1 정확표기,00e92856-b294-4032-8540-d60e9817f2d8,럭키약국,"의약품, 건강기능식품, 식품",충무로골목형상점가,골목형상점가,서울특별시,,,
990165f89d913e449c43,full_annotation_v1,A,q_의약품_02,의약품,건강·의료 중 '의약품'을 판매·제공하는 매장,train,의약품,T1 정확표기,0040b4e6-7b74-4175-b54d-add4fe693d49,메디팜보명당약국,"의약품, 의료욕구, 복지욕구, 의료기기",점촌역전상점가,자율상권구역,경상북도,,,
24b294160a73c643d20d,full_annotation_v1,A,q_의약품_02,의약품,건강·의료 중 '의약품'을 판매·제공하는 매장,train,의약품,T1 정확표기,aab5f25e-d534-4bf3-a5c2-99ee816f738d,태평양약국,의약품,남성역먹거리골목형상점가,골목형상점가,서울특별시,,,
c779fa9d079fcf811354,full_annotation_v1,A,q_의약품_02,의약품,건강·의료 중 '의약품'을 판매·제공하는 매장,train,의약품,T1 정확표기,e773fe06-21e5-4340-89cd-f33e6b18361b,건강한약국,의약품,한글거리 상점가상인회,자율상권구역,세종특별자치시,,,
9347b1a20981c81f5676,full_annotation_v1,A,q_의약품_02,의약품,건강·의료 중 '의약품'을 판매·제공하는 매장,train,의약품,T1 정확표기,a455722f-3a86-4d24-b586-6429abd7144d,하나약국,의약품,달서로행복 골목형상점가,골목형상점가,대구광역시,,,
00ec8efa9e9cea9b87bd,full_annotation_v1,A,q_의약품_02,의약품,건강·의료 중 '의약품'을 판매·제공하는 매장,train,의약품,T1 정확표기,ddd2adae-63b7-47d6-a260-da8d86928ce0,진약국,의약품,산본로데오거리(구 산본중심상가),자율상권구역,경기도,,,
9a740effa27b1bc426ba,full_annotation_v1,A,q_의약품_02,의약품,건강·의료 중 '의약품'을 판매·제공하는 매장,train,의약품,T1 정확표기,020b5248-6222-4ebf-8d61-b4b85b6a0678,시티약국,의약품,치평동중흥상가상인회 골목형상점가,골목형상점가,광주광역시,,,
4e49b9dd051b62deeab1,full_annotation_v1,A,q_의약품_02,의약품,건강·의료 중 '의약품'을 판매·제공하는 매장,train,의약품,T1 정확표기,80379e8b-5749-4a18-bda8-585dce0d8dc9,이치류 신불당점,한식,시청앞사거리 골목형상점가,골목형상점가,충청남도,,,
f7ed167a912f98f5950b,full_annotation_v1,A,q_의약품_02,의약품,건강·의료 중 '의약품'을 판매·제공하는 매장,train,의약품,T1 정확표기,0a38e3f4-39d4-4c86-9860-15c521a05fb2,당진약국,의약품,당진원시가지상가,자율상권구역,충청남도,,,
e9b95e171ab34d0f1f67,full_annotation_v1,A,q_의약품_02,의약품,건강·의료 중 '의약품'을 판매·제공하는 매장,train,의약품,T1 정확표기,f7a31a58-59bf-4f79-9f49-5c9ac6355035,텃밭약국,의약품,금호상인회 골목형상점가,골목형상점가,광주광역시,,,
9d06b3265831a58ec35b,full_annotation_v1,A,q_의약품_02,의약품,건강·의료 중 '의약품'을 판매·제공하는 매장,train,의약품,T1 정확표기,7abebfb2-3a8b-43b1-b7fa-9732ac1717d7,태평양약국,의약품,임방울거리1구역 골목형상점가,골목형상점가,광주광역시,,,
f081acf1c6b4c37bbb60,full_annotation_v1,A,q_의약품_02,의약품,건강·의료 중 '의약품'을 판매·제공하는 매장,train,의약품,T1 정확표기,d5ef0bea-5a26-494b-b2a1-6aa24d2fd405,GM약국,의약품,구영로 골목형상점가,골목형상점가,울산광역시,,,
ae58bac971b71f2449b6,full_annotation_v1,A,q_의약품_02,의약품,건강·의료 중 '의약품'을 판매·제공하는 매장,train,의약품,T1 정확표기,12aa4963-540a-405f-885a-2779dbcc2baf,천혜의 손,운동처방,짚봉산상인회 골목형상점가,골목형상점가,광주광역시,,,
be6695489df9d138006f,full_annotation_v1,A,q_의약품_02,의약품,건강·의료 중 '의약품'을 판매·제공하는 매장,train,의약품,T1 정확표기,2cd89e3f-d8f5-48fa-95ac-f44931d26b81,성약국,의약품,월곡2동 골목형상점가,골목형상점가,광주광역시,,,
2bc5b19b9819055f49e5,full_annotation_v1,A,q_의약품_02,의약품,건강·의료 중 '의약품'을 판매·제공하는 매장,train,의약품,T1 정확표기,fecad840-5ece-47f0-8242-b3bfe3313c04,현대떡방앗간,떡,양구중앙시장,전통시장,강원특별자치도,,,
7f20870f398c6f5d44b4,full_annotation_v1,A,q_의약품_02,의약품,건강·의료 중 '의약품'을 판매·제공하는 매장,train,의약품,T1 정확표기,7d3022b9-9366-45ee-ba62-48fba223d31f,우리약국,의약품,오류버들시장골목형상점가,골목형상점가,서울특별시,,,
71f1398a6f51fbff8925,full_annotation_v1,A,q_의약품_02,의약품,건강·의료 중 '의약품'을 판매·제공하는 매장,train,의약품,T1 정확표기,14dfbba6-0047-4623-8b4e-9f95d81f4023,최약국,의약품,내상로 골목형상점가,골목형상점가,광주광역시,,,
1c1827e5af599a7e8e9e,full_annotation_v1,A,q_의약품_02,의약품,건강·의료 중 '의약품'을 판매·제공하는 매장,train,의약품,T1 정확표기,7154bd51-c080-4386-89b9-4e5ddc50b549,365강남역약국,의약품,강남역지하도상점가,일반지하상점가,서울특별시,,,
fda5e648c04dd296edf9,full_annotation_v1,A,q_의약품_02,의약품,건강·의료 중 '의약품'을 판매·제공하는 매장,train,의약품,T1 정확표기,d2bcdce8-87e5-4692-87d5-54dfbc199535,지누약국,의약품,신부유람단골목형상점가,골목형상점가,충청남도,,,
75b11a59bed5bbdd077b,full_annotation_v1,A,q_의약품_02,의약품,건강·의료 중 '의약품'을 판매·제공하는 매장,train,의약품,T1 정확표기,af247af2-be6d-4c1e-84de-c36f5be3c136,다모실내포장마차,음식점,사가정시장,전통시장,서울특별시,,,
a5edc862bc56ca86fad9,full_annotation_v1,A,q_의약품_02,의약품,건강·의료 중 '의약품'을 판매·제공하는 매장,train,의약품,T1 정확표기,008a831c-1fd3-4b7c-96c1-0e92332ccbf3,명성약국,의약품,공주산성시장,전통시장,충청남도,,,
31cc00bb3833ed76212c,full_annotation_v1,A,q_의약품_02,의약품,건강·의료 중 '의약품'을 판매·제공하는 매장,train,의약품,T1 정확표기,1d86e14c-ca26-4e1f-9319-79b0c15d4a56,다솜약국,양약조제,선부광장로상점가,자율상권구역,경기도,,,
69945daf3df973b75855,full_annotation_v1,A,q_의약품_02,의약품,건강·의료 중 '의약품'을 판매·제공하는 매장,train,의약품,T1 정확표기,bbeb9890-f634-4eb8-8938-bbfc9a9db1b6,365대왕고래약국,의약품,수암회수산시장,골목형상점가,울산광역시,,,
dbc21cde22ac8225e379,full_annotation_v1,A,q_의약품_02,의약품,건강·의료 중 '의약품'을 판매·제공하는 매장,train,의약품,T1 정확표기,79667c3c-ff07-4ca4-96c0-6ab1b588c9aa,일품갈비,한식,안동음식의거리 골목형상점가,골목형상점가,경상북도,,,
310d409d42b587bee34f,full_annotation_v1,A,q_의약품_02,의약품,건강·의료 중 '의약품'을 판매·제공하는 매장,train,의약품,T1 정확표기,0e3d8d9a-4f32-47f6-9793-3acda988aa07,바우약국,양약소매 한약 처방약조제,광명새마을시장,전통시장,경기도,,,
24baa20d19e95839ef37,full_annotation_v1,A,q_의약품_02,의약품,건강·의료 중 '의약품'을 판매·제공하는 매장,train,의약품,T1 정확표기,7f285e7c-e19d-43bd-a23d-3d260ef6a19d,보룡약국,의약품,목동깨비시장(구 목3동시장),전통시장,서울특별시,,,
e7a390fbfa6384b8d4af,full_annotation_v1,A,q_의약품_02,의약품,건강·의료 중 '의약품'을 판매·제공하는 매장,train,의약품,T1 정확표기,02a22184-6068-4776-bd65-01bcbb333b7e,현대제탕,건강원,염매시장(구 덕산시장),전통시장,대구광역시,,,
4513d78f36cd5fd32f5b,full_annotation_v1,A,q_의약품_02,의약품,건강·의료 중 '의약품'을 판매·제공하는 매장,train,의약품,T1 정확표기,cfe18871-5a02-49c4-8b65-39e1fbf72654,건강약국,의약품,각화주공 골목형상점가,골목형상점가,광주광역시,,,
5e3652cdb54d5dd77803,full_annotation_v1,A,q_의약품_02,의약품,건강·의료 중 '의약품'을 판매·제공하는 매장,train,의약품,T1 정확표기,e3b1fe63-bc9a-48c1-ae85-8393091afa0b,다능약국,의약품,안산다농마트전통시장,전통시장,경기도,,,
23544b2ea1c52779a4f1,full_annotation_v1,A,q_의약품_02,의약품,건강·의료 중 '의약품'을 판매·제공하는 매장,train,의약품,T1 정확표기,752acd0d-f12e-4b25-bd29-12a0ec9f07bf,개성한약국,의약품,군산공설시장,전통시장,전북특별자치도,,,
8c2c5d50b1460e34e6b9,full_annotation_v1,A,q_의약품_02,의약품,건강·의료 중 '의약품'을 판매·제공하는 매장,train,의약품,T1 정확표기,009eb486-5dea-48f4-9f45-85c0ac03972a,수만건강식품,,봉동생강골시장,전통시장,전북특별자치도,,,
19dab8e8b0c954e06e0c,full_annotation_v1,A,q_의약품_02,의약품,건강·의료 중 '의약품'을 판매·제공하는 매장,train,의약품,T1 정확표기,f9b7c57e-ec38-4957-9632-d8fb219c7368,새론약국,의약품,혁신도시 대림동 골목형상점가,골목형상점가,대구광역시,,,
b07fad495ea60f5549c8,full_annotation_v1,A,q_의약품_02,의약품,건강·의료 중 '의약품'을 판매·제공하는 매장,train,의약품,T1 정확표기,00523307-cc4c-4b0c-8b2f-176ca7450d24,오름한의원,한의원,아차산등산로골목형상점가,골목형상점가,서울특별시,,,
470ac02703013471fc82,full_annotation_v1,A,q_의약품_02,의약품,건강·의료 중 '의약품'을 판매·제공하는 매장,train,의약품,T1 정확표기,b3f805f2-2898-41e9-99ef-8a73ff7b3050,로뎀약국,의약품,전대병원오거리 골목형상점가,골목형상점가,광주광역시,,,
586be968919d5bd79521,full_annotation_v1,A,q_의약품_02,의약품,건강·의료 중 '의약품'을 판매·제공하는 매장,train,의약품,T1 정확표기,008b065b-181b-4891-95dc-7a77a7c143d1,혜화온누리약국,약국,유성도안 골목형상점가,골목형상점가,대전광역시,,,
5fc70f6e66570a70e087,full_annotation_v1,A,q_의약품_02,의약품,건강·의료 중 '의약품'을 판매·제공하는 매장,train,의약품,T1 정확표기,4f0c6c82-7d30-4056-8ee1-c7f827b2f6ed,예약국,의약품,안동시 대안로 골목형상점가,골목형상점가,경상북도,,,
35048437d95c009e0054,full_annotation_v1,A,q_의약품_02,의약품,건강·의료 중 '의약품'을 판매·제공하는 매장,train,의약품,T1 정확표기,91652931-4bbb-41f6-ad3f-5eb7f7cddb58,중앙약국,의약품,배방공수 골목형상점가,골목형상점가,충청남도,,,
886facf26bec4ed5a45d,full_annotation_v1,A,q_의약품_02,의약품,건강·의료 중 '의약품'을 판매·제공하는 매장,train,의약품,T1 정확표기,a8ba0ace-323f-4f63-8a52-506b299aebca,중앙약국,의약품,설악로데오거리상점가,자율상권구역,강원특별자치도,,,
4b5d7e33fe43ac0ec721,full_annotation_v1,A,q_의약품_03,약 사는 곳,건강·의료 중 '의약품'을 판매·제공하는 매장,train,의약품,T2 동의어,0112a558-2787-41dc-ae68-695e60c4930c,해동그랜드약국,약국,전곡시장,전통시장,서울특별시,,,
6bfceeb0a28b0ad0a7ab,full_annotation_v1,A,q_의약품_03,약 사는 곳,건강·의료 중 '의약품'을 판매·제공하는 매장,train,의약품,T2 동의어,80c6a3cd-304f-4077-aa3a-344cb34a973a,세교이화 음악학원,,배방세교 골목형상점가,골목형상점가,충청남도,,,
e79685116453a92a82e0,full_annotation_v1,A,q_의약품_03,약 사는 곳,건강·의료 중 '의약품'을 판매·제공하는 매장,train,의약품,T2 동의어,c5b8810f-9187-4ef8-93a3-b1eccca1852b,하나로약국,약,점촌전통시장,전통시장,경상북도,,,
4ddae02a530d50c3108a,full_annotation_v1,A,q_의약품_03,약 사는 곳,건강·의료 중 '의약품'을 판매·제공하는 매장,train,의약품,T2 동의어,8bb213a2-4ac2-4af1-bf6f-338e9d5258d0,천일약국,약,상주풍물시장,전통시장,경상북도,,,
147215c2c01f9ef535a9,full_annotation_v1,A,q_의약품_03,약 사는 곳,건강·의료 중 '의약품'을 판매·제공하는 매장,train,의약품,T2 동의어,ef217227-6e1d-4314-87a1-5c58262f89fd,삼장약국,약,청주육거리종합시장,전통시장,충청북도,,,
6b051ac139f5fb61ba61,full_annotation_v1,A,q_의약품_03,약 사는 곳,건강·의료 중 '의약품'을 판매·제공하는 매장,train,의약품,T2 동의어,02a22184-6068-4776-bd65-01bcbb333b7e,현대제탕,건강원,염매시장(구 덕산시장),전통시장,대구광역시,,,
ffa364ce01f3ab573f77,full_annotation_v1,A,q_의약품_03,약 사는 곳,건강·의료 중 '의약품'을 판매·제공하는 매장,train,의약품,T2 동의어,0acee185-d982-4fb8-a197-c8ffd8b2888e,태평양약국,의약품 조제,안골사거리 골목형상점가,골목형상점가,전북특별자치도,,,
258dc060e334e8fa3404,full_annotation_v1,A,q_의약품_03,약 사는 곳,건강·의료 중 '의약품'을 판매·제공하는 매장,train,의약품,T2 동의어,0bd636bb-634a-43ea-85cd-4e765d4edc29,강진수산,홍어,대인시장,전통시장,,,,
3b30b52f4f083d93845e,full_annotation_v1,A,q_의약품_03,약 사는 곳,건강·의료 중 '의약품'을 판매·제공하는 매장,train,의약품,T2 동의어,3ae89388-6d09-43f4-9eb0-dd7d429ada6f,엄마손식당,한식음식,진부전통시장,전통시장,강원특별자치도,,,
f9a8cb1b4e41eca6bb2c,full_annotation_v1,A,q_의약품_03,약 사는 곳,건강·의료 중 '의약품'을 판매·제공하는 매장,train,의약품,T2 동의어,2743811c-5e71-4d2b-aa75-1b0147d44f2d,사우 꽃이 피는 곳,꽃,김포 풍년마을 골목형상점가,골목형상점가,경기도,,,
9971afd07226426c8264,full_annotation_v1,A,q_의약품_03,약 사는 곳,건강·의료 중 '의약품'을 판매·제공하는 매장,train,의약품,T2 동의어,958e7efc-3f1d-4dc0-8e62-8a478095454c,신현대약국,약,구미새마을중앙시장,전통시장,경상북도,,,
03216c0312e0c84ab006,full_annotation_v1,A,q_의약품_03,약 사는 곳,건강·의료 중 '의약품'을 판매·제공하는 매장,train,의약품,T2 동의어,2afeb6c8-a450-4692-b64f-67cc27236394,서울약국,약,춘천중앙시장,전통시장,강원특별자치도,,,
f7fef8a8c4ba6eade76d,full_annotation_v1,A,q_의약품_03,약 사는 곳,건강·의료 중 '의약품'을 판매·제공하는 매장,train,의약품,T2 동의어,149b0ab6-4462-4f61-9111-3ce516ab1464,하나로약국,"소매(의약품,조제)소매업(의료기기판매)",은행시장,전통시장,경기도,,,
e0f9dee6e03618006ca8,full_annotation_v1,A,q_의약품_03,약 사는 곳,건강·의료 중 '의약품'을 판매·제공하는 매장,train,의약품,T2 동의어,8025bd52-26a6-4cbf-a521-41b4f2a6216a,드로잉룸2.5,,왕도심 골목형상점가,골목형상점가,충청남도,,,
eccc041bcf272695d162,full_annotation_v1,A,q_의약품_03,약 사는 곳,건강·의료 중 '의약품'을 판매·제공하는 매장,train,의약품,T2 동의어,116fc784-e462-4d4e-9ec0-b6e5f40eb35f,장수약국,약,예천중앙시장,전통시장,경상북도,,,
e8117f8dda045025fc76,full_annotation_v1,A,q_의약품_03,약 사는 곳,건강·의료 중 '의약품'을 판매·제공하는 매장,train,의약품,T2 동의어,0a46d625-4133-4f9d-b63d-6289d0e2fdea,하나로약국,약,송죽만석 골목형상점가,골목형상점가,경기도,,,
5d564c95cd6aa3aa02c5,full_annotation_v1,A,q_의약품_03,약 사는 곳,건강·의료 중 '의약품'을 판매·제공하는 매장,train,의약품,T2 동의어,000db6d6-585c-4aba-94e7-fc6a23a694fb,시민약국,의약품,문경중앙시장,전통시장,경상북도,,,
f1d20aa7050fefc674ab,full_annotation_v1,A,q_의약품_03,약 사는 곳,건강·의료 중 '의약품'을 판매·제공하는 매장,train,의약품,T2 동의어,76a3551b-dae4-4326-92cc-662015aedbfb,쉴 곳,한식,칠성로상점가,자율상권구역,제주특별자치도,,,
c071c020cb68063c8d99,full_annotation_v1,A,q_의약품_03,약 사는 곳,건강·의료 중 '의약품'을 판매·제공하는 매장,train,의약품,T2 동의어,006929a4-6712-43ca-80d7-f540710009b5,삼송프라자약국,의약품 외 건강기능식품,신원권율3 골목형상점가,골목형상점가,경기도,,,
69103f3d93df7dedd6cd,full_annotation_v1,A,q_의약품_03,약 사는 곳,건강·의료 중 '의약품'을 판매·제공하는 매장,train,의약품,T2 동의어,0e3d8d9a-4f32-47f6-9793-3acda988aa07,바우약국,양약소매 한약 처방약조제,광명새마을시장,전통시장,경기도,,,
3eb30599e6d32f6c120b,full_annotation_v1,A,q_의약품_03,약 사는 곳,건강·의료 중 '의약품'을 판매·제공하는 매장,train,의약품,T2 동의어,05c262c4-7f1e-47cf-8292-d675166c7876,태일건강원,,세종전통시장,전통시장,세종특별자치시,,,
31ceb70a5cf2d0829f84,full_annotation_v1,A,q_의약품_03,약 사는 곳,건강·의료 중 '의약품'을 판매·제공하는 매장,train,의약품,T2 동의어,f0c06289-033c-423e-82c7-2f3d77f4a0c8,행복한약국,약,자양15번가골목형상점가,골목형상점가,서울특별시,,,
5507b396a882999746df,full_annotation_v1,A,q_의약품_03,약 사는 곳,건강·의료 중 '의약품'을 판매·제공하는 매장,train,의약품,T2 동의어,5f7363a5-1f04-454b-bcec-8e67d10bce24,드림광고,현수막외옥외광고,우산로 골목형상점가,골목형상점가,광주광역시,,,
1259349da8b4cd8f7fdc,full_annotation_v1,A,q_의약품_03,약 사는 곳,건강·의료 중 '의약품'을 판매·제공하는 매장,train,의약품,T2 동의어,06261986-3eba-4244-b63f-397460d82f4a,이곳,미용,나주혁신도시 골목형상점가,골목형상점가,전라남도,,,
6b2aedfe7d01ab4e443d,full_annotation_v1,A,q_의약품_03,약 사는 곳,건강·의료 중 '의약품'을 판매·제공하는 매장,train,의약품,T2 동의어,3ef81730-afe9-4666-ab8a-998873c86fcf,즐거운약국,약,치평상무역상인회 골목형상점가,골목형상점가,광주광역시,,,
f031cc0e022c7c92ab04,full_annotation_v1,A,q_의약품_03,약 사는 곳,건강·의료 중 '의약품'을 판매·제공하는 매장,train,의약품,T2 동의어,94b2bcce-4a65-4dc0-b375-dc2c6694a73e,반도약국,약,진주 중앙상점가,자율상권구역,경상남도,,,
073c3e24468912611cda,full_annotation_v1,A,q_의약품_03,약 사는 곳,건강·의료 중 '의약품'을 판매·제공하는 매장,train,의약품,T2 동의어,03f37d02-1eb9-4f82-ab05-be726fa24a36,우주파스타,,수정로 상권활성화구역,상권활성화구역,경기도,,,
8adda8eaaf645e6ec50a,full_annotation_v1,A,q_의약품_03,약 사는 곳,건강·의료 중 '의약품'을 판매·제공하는 매장,train,의약품,T2 동의어,008a831c-1fd3-4b7c-96c1-0e92332ccbf3,명성약국,의약품,공주산성시장,전통시장,충청남도,,,
cf5ca934e5427ace2a64,full_annotation_v1,A,q_의약품_03,약 사는 곳,건강·의료 중 '의약품'을 판매·제공하는 매장,train,의약품,T2 동의어,60551d18-2e2f-4a4e-aad6-d781f7989d99,명지약국,약,무등로해피 골목형상점가,골목형상점가,광주광역시,,,
782e5547c8254eb1dc33,full_annotation_v1,A,q_의약품_03,약 사는 곳,건강·의료 중 '의약품'을 판매·제공하는 매장,train,의약품,T2 동의어,b4788060-d1e4-4c88-b6ac-a90ae7ed248c,보건대안경,안경,주월1동서문대로 골목형상점가,골목형상점가,광주광역시,,,
c4a12177b9b21cb86eab,full_annotation_v1,A,q_의약품_03,약 사는 곳,건강·의료 중 '의약품'을 판매·제공하는 매장,train,의약품,T2 동의어,2f14c3a2-3adc-46df-b80d-0ff53fe344b9,새봄약국,약,가오동 골목형상점가,골목형상점가,대전광역시,,,
1b0046a6579439cab776,full_annotation_v1,A,q_의약품_03,약 사는 곳,건강·의료 중 '의약품'을 판매·제공하는 매장,train,의약품,T2 동의어,ff393fc9-79c6-4ce2-ae7f-a911f3ef8aba,김약국,약,언양읍성 남문 골목형상점가,골목형상점가,울산광역시,,,
495d69797e74900c8645,full_annotation_v1,A,q_의약품_03,약 사는 곳,건강·의료 중 '의약품'을 판매·제공하는 매장,train,의약품,T2 동의어,72ccc8ac-49dd-44bf-ba44-94696b4361e9,21세기약국,약,성서용산시장,전통시장,대구광역시,,,
9aef1b09955221ab9a54,full_annotation_v1,A,q_의약품_03,약 사는 곳,건강·의료 중 '의약품'을 판매·제공하는 매장,train,의약품,T2 동의어,ea77da95-88fa-4ef4-88a0-4ac1cc8f5ddd,정성을다하는약국,약,상도도깨비골목형상점가,골목형상점가,서울특별시,,,
4a629131523f5cd8ae11,full_annotation_v1,A,q_의약품_03,약 사는 곳,건강·의료 중 '의약품'을 판매·제공하는 매장,train,의약품,T2 동의어,9eff9e45-eb60-46a5-8885-8c494fb3be87,상아약국,약,옥과설산골목형상점가,골목형상점가,전라남도,,,
1c45590c950612a28255,full_annotation_v1,A,q_의약품_03,약 사는 곳,건강·의료 중 '의약품'을 판매·제공하는 매장,train,의약품,T2 동의어,e5a3f9ef-5b2e-4183-bb30-844faf771adb,인제 약국,약,화원역 비슬상점가,골목형상점가,대구광역시,,,
8c71caf7381a9917318e,full_annotation_v1,A,q_의약품_03,약 사는 곳,건강·의료 중 '의약품'을 판매·제공하는 매장,train,의약품,T2 동의어,229143e0-cbfa-4763-aefe-a69516a67ccf,화원약국,약,화원역 비슬상점가,자율상권구역,대구광역시,,,
bf9add286f182fd5a55a,full_annotation_v1,A,q_의약품_03,약 사는 곳,건강·의료 중 '의약품'을 판매·제공하는 매장,train,의약품,T2 동의어,14fea713-9c07-42b1-8112-84c5cd951d04,BS,의류잡화,남천해변시장,전통시장,부산광역시,,,
bb9f2e4e05a90c1bd9bc,full_annotation_v1,A,q_의약품_03,약 사는 곳,건강·의료 중 '의약품'을 판매·제공하는 매장,train,의약품,T2 동의어,464d0c48-b23e-4eb0-afb1-77a7c255ef5d,이재화 동충하초 안강지사,동충하초,안강공설시장,전통시장,경상북도,,,
88fa0edbd2813a464920,full_annotation_v1,A,q_의약품_03,약 사는 곳,건강·의료 중 '의약품'을 판매·제공하는 매장,train,의약품,T2 동의어,0056dcd4-0ac0-4535-9ee5-c8fd19d8ff14,중화한의원,한의원,보령한내시장,전통시장,충청남도,,,
957fdb93abd541b0aa50,full_annotation_v1,A,q_의약품_03,약 사는 곳,건강·의료 중 '의약품'을 판매·제공하는 매장,train,의약품,T2 동의어,2daa91f7-3795-476f-a96f-3574a4bf300f,남면한의원,진료 밎 약처방,양주신산시장마을상점가,골목형상점가,경기도,,,
bdf3101d040628a9fe65,full_annotation_v1,A,q_의약품_03,약 사는 곳,건강·의료 중 '의약품'을 판매·제공하는 매장,train,의약품,T2 동의어,f495f606-120f-4dc4-a2c6-164b57a7e083,한영약국,약,아미시장,전통시장,부산광역시,,,
8b925969da62eb222fbc,full_annotation_v1,A,q_의약품_03,약 사는 곳,건강·의료 중 '의약품'을 판매·제공하는 매장,train,의약품,T2 동의어,f6e26069-81f2-40b8-babf-f934d2f5dd38,세웅약국,약,태평시장,전통시장,대전광역시,,,
7a1c482b3dbe647247d1,full_annotation_v1,A,q_의약품_03,약 사는 곳,건강·의료 중 '의약품'을 판매·제공하는 매장,train,의약품,T2 동의어,edc7201b-3afa-4e07-9634-2ed6c853a257,푸른약국,약,두암2동면앙로 골목형상점가,골목형상점가,광주광역시,,,
0ff2522fe8f581c42fa4,full_annotation_v1,A,q_의약품_03,약 사는 곳,건강·의료 중 '의약품'을 판매·제공하는 매장,train,의약품,T2 동의어,afe1ebb6-67d5-41f4-83a1-9f2c245a0a79,우 주 약 국,양약,두암타운 골목형상점가,골목형상점가,광주광역시,,,
279c4898f987597ebf06,full_annotation_v1,A,q_의약품_03,약 사는 곳,건강·의료 중 '의약품'을 판매·제공하는 매장,train,의약품,T2 동의어,24667eab-862c-40ce-91c0-62316c56c65c,효약국,약,공주산성시장,전통시장,충청남도,,,
68e491675874dd4acfa7,full_annotation_v1,A,q_의약품_03,약 사는 곳,건강·의료 중 '의약품'을 판매·제공하는 매장,train,의약품,T2 동의어,e497756a-26c3-404a-85e9-5d8385b30f01,하늘꿈약국,약,항동 골목형상점가,골목형상점가,서울특별시,,,
a1eab118613a8a9711ea,full_annotation_v1,A,q_의약품_03,약 사는 곳,건강·의료 중 '의약품'을 판매·제공하는 매장,train,의약품,T2 동의어,ab56bbf7-0fb2-4ea2-b35e-586290ec6a8d,두꺼비농산,농산물,경동광성상가,전통시장,서울특별시,,,
b8ae483695c525263b84,full_annotation_v1,A,q_의약품_03,약 사는 곳,건강·의료 중 '의약품'을 판매·제공하는 매장,train,의약품,T2 동의어,00523307-cc4c-4b0c-8b2f-176ca7450d24,오름한의원,한의원,아차산등산로골목형상점가,골목형상점가,서울특별시,,,
1cdecc212c25389bb525,full_annotation_v1,A,q_의약품_03,약 사는 곳,건강·의료 중 '의약품'을 판매·제공하는 매장,train,의약품,T2 동의어,364b99d1-6cdf-4d54-b4c4-9ce4cfe6a1fa,군포한마음약국,약,군포역전전통시장,전통시장,경기도,,,
855cb2b48e5a1a0093d2,full_annotation_v1,A,q_의약품_03,약 사는 곳,건강·의료 중 '의약품'을 판매·제공하는 매장,train,의약품,T2 동의어,e69613b8-5993-475d-acf1-1f153959a39f,광주보성자동차유리,차유리,우산로 골목형상점가,골목형상점가,광주광역시,,,
78810f202bb3030a5125,full_annotation_v1,A,q_의약품_03,약 사는 곳,건강·의료 중 '의약품'을 판매·제공하는 매장,train,의약품,T2 동의어,ba0c47d4-e2c5-4416-907a-8b817f9c284c,현대옷,의류,비단길현대시장,전통시장,서울특별시,,,
d52d9629210142d9084a,full_annotation_v1,A,q_의약품_03,약 사는 곳,건강·의료 중 '의약품'을 판매·제공하는 매장,train,의약품,T2 동의어,af841040-0055-4f95-bbe1-b98bb9cf9b59,밀곳,제과,부평깡통시장(구 부산부평시장),전통시장,부산광역시,,,
8f3c63e1001f84fa7dbe,full_annotation_v1,A,q_의약품_03,약 사는 곳,건강·의료 중 '의약품'을 판매·제공하는 매장,train,의약품,T2 동의어,cb5aab6f-8a96-4869-bf97-b1ff47ca5f8c,새무궁화약국,약,양산 남부시장상가,전통시장,경상남도,,,
15c0f0d0ab0b6fe6e252,full_annotation_v1,A,q_의약품_03,약 사는 곳,건강·의료 중 '의약품'을 판매·제공하는 매장,train,의약품,T2 동의어,00681cee-2849-497b-b7d1-548576542ed2,풍암한의원,한의원,풍암벚꽃길상인회 골목형상점가,골목형상점가,광주광역시,,,
4266c6a74be53d3889eb,full_annotation_v1,A,q_의약품_03,약 사는 곳,건강·의료 중 '의약품'을 판매·제공하는 매장,train,의약품,T2 동의어,059295b5-0d3e-485e-b032-1ce49b173b89,유성약국,약,괴정골목시장,전통시장,부산광역시,,,
8527a34a17f3afcdb70d,full_annotation_v1,A,q_의약품_03,약 사는 곳,건강·의료 중 '의약품'을 판매·제공하는 매장,train,의약품,T2 동의어,056fd190-e4ee-454e-bb0b-c5f0aed1a866,영주약국,약,영주문화시장,전통시장,경상북도,,,
48199cd570af3e6a7baa,full_annotation_v1,A,q_의약품_03,약 사는 곳,건강·의료 중 '의약품'을 판매·제공하는 매장,train,의약품,T2 동의어,b32563c2-199a-4b49-ab0f-a09287a94871,행복한약국,약,마산 오동동 창동 어시장 상권활성화구역,상권활성화구역,경상남도,,,
7b34879c9730b960808d,full_annotation_v1,A,q_의약품_03,약 사는 곳,건강·의료 중 '의약품'을 판매·제공하는 매장,train,의약품,T2 동의어,85f3109a-0a26-43e2-a576-fc772659f7c1,백세약국,약,남양주장현전통시장,전통시장,경기도,,,
edc36f5c6a53fa20fac5,full_annotation_v1,A,q_의약품_03,약 사는 곳,건강·의료 중 '의약품'을 판매·제공하는 매장,train,의약품,T2 동의어,06da2752-93d7-4b20-aaf9-7b0e5e0e834e,시장약국,약,평택통복시장,전통시장,경기도,,,
96b8a9f0954f5d69c5f4,full_annotation_v1,A,q_의약품_03,약 사는 곳,건강·의료 중 '의약품'을 판매·제공하는 매장,train,의약품,T2 동의어,32f04a39-e08b-49d6-be61-7d5a29a2b57c,연세모벨르의원 종로본점,탈모약처방,종로5가역일번출구상점가,자율상권구역,서울특별시,,,
3ee3623a987c89ca5a65,full_annotation_v1,A,q_의약품_03,약 사는 곳,건강·의료 중 '의약품'을 판매·제공하는 매장,train,의약품,T2 동의어,c111ac9d-3f3a-405c-a8db-4d127ccda9e2,행복이 있는 곳,잡화,제주로얄쇼핑센터,자율상권구역,제주특별자치도,,,
f7ce0577e4fd08cd05be,full_annotation_v1,A,q_의약품_03,약 사는 곳,건강·의료 중 '의약품'을 판매·제공하는 매장,train,의약품,T2 동의어,009eb486-5dea-48f4-9f45-85c0ac03972a,수만건강식품,,봉동생강골시장,전통시장,전북특별자치도,,,
7266213b73e76721e825,full_annotation_v1,A,q_의약품_03,약 사는 곳,건강·의료 중 '의약품'을 판매·제공하는 매장,train,의약품,T2 동의어,4de1fef6-c21b-4942-a92a-e5d1906225fe,은혜약국,약,창원 봉곡시장,전통시장,경상남도,,,
81f6b84202517aec3402,full_annotation_v1,A,q_의약품_03,약 사는 곳,건강·의료 중 '의약품'을 판매·제공하는 매장,train,의약품,T2 동의어,e8b3810d-cd03-4978-b8dc-dd5243b0a5ac,신병영약국,약,남외번영 골목형상점가,골목형상점가,울산광역시,,,
e995ecaa2948d682fd78,full_annotation_v1,A,q_의약품_03,약 사는 곳,건강·의료 중 '의약품'을 판매·제공하는 매장,train,의약품,T2 동의어,01d775c4-b8be-45e9-811c-c3f884b2d1b9,사계절 흑염소,건강원,오치1동 골목형상점가,골목형상점가,광주광역시,,,
5670b54620dad25ae617,full_annotation_v1,A,q_의약품_03,약 사는 곳,건강·의료 중 '의약품'을 판매·제공하는 매장,train,의약품,T2 동의어,b42afb57-6801-47a6-8838-9165af6c767d,자유시장약국,약,진주 자유시장,전통시장,경상남도,,,
b92e5ee4aabf4b832604,full_annotation_v1,A,q_의약품_03,약 사는 곳,건강·의료 중 '의약품'을 판매·제공하는 매장,train,의약품,T2 동의어,68b302ed-2b36-478d-969a-f45a077fbaea,원주시장약국,약,원주중앙로문화의거리,자율상권구역,강원특별자치도,,,
cd47d519b047058f98ee,full_annotation_v1,A,q_의약품_03,약 사는 곳,건강·의료 중 '의약품'을 판매·제공하는 매장,train,의약품,T2 동의어,008b065b-181b-4891-95dc-7a77a7c143d1,혜화온누리약국,약국,유성도안 골목형상점가,골목형상점가,대전광역시,,,
c667736568386516f4ed,full_annotation_v1,A,q_의약품_03,약 사는 곳,건강·의료 중 '의약품'을 판매·제공하는 매장,train,의약품,T2 동의어,a77b643b-6b18-4c2d-bf70-a5eb0d94052d,다산약국,약,남양주장현전통시장,전통시장,경기도,,,
e7ede4427f541d22fbc8,full_annotation_v1,A,q_의약품_03,약 사는 곳,건강·의료 중 '의약품'을 판매·제공하는 매장,train,의약품,T2 동의어,02c6fc99-f1cb-4e77-a062-7f8db6f39bbc,대성건강원,건강원,대명시장,전통시장,대구광역시,,,
0fc22d948319aa688190,full_annotation_v1,A,q_의약품_03,약 사는 곳,건강·의료 중 '의약품'을 판매·제공하는 매장,train,의약품,T2 동의어,00b6e321-5954-437c-b1d9-94fded29f67e,웰빙마트,식품,서남신시장,전통시장,대구광역시,,,
82ea5a9cc83c13c8b4f5,full_annotation_v1,A,q_의약품_03,약 사는 곳,건강·의료 중 '의약품'을 판매·제공하는 매장,train,의약품,T2 동의어,008f6b90-4bab-45de-be49-429a25b6ab04,생명사랑약국,의약품,상대동로 골목형상점가,골목형상점가,대전광역시,,,
87f37ac7fdae15d9c6af,full_annotation_v1,A,q_의약품_03,약 사는 곳,건강·의료 중 '의약품'을 판매·제공하는 매장,train,의약품,T2 동의어,0040b4e6-7b74-4175-b54d-add4fe693d49,메디팜보명당약국,"의약품, 의료욕구, 복지욕구, 의료기기",점촌역전상점가,자율상권구역,경상북도,,,
ac21e1502bb5c703b550,full_annotation_v1,A,q_의약품_03,약 사는 곳,건강·의료 중 '의약품'을 판매·제공하는 매장,train,의약품,T2 동의어,ed45b3da-fff0-451f-8100-65b76cadb903,삼성약국,약,창원 가음정시장,전통시장,경상남도,,,
2eaa0010fdc4fd4fbd48,full_annotation_v1,A,q_의약품_03,약 사는 곳,건강·의료 중 '의약품'을 판매·제공하는 매장,train,의약품,T2 동의어,00192f22-a492-4ba5-a62d-65bf0d0ec7b9,큰물한의원,한의원,전주서곡 골목형상점가,골목형상점가,전북특별자치도,,,
3f2a60379e6f0b24cda6,full_annotation_v1,A,q_의약품_03,약 사는 곳,건강·의료 중 '의약품'을 판매·제공하는 매장,train,의약품,T2 동의어,95260bfe-8803-4305-9217-b7848b52e8e1,보선약국,약,마산어시장,전통시장,경상남도,,,
cd5676ee423645fe6837,full_annotation_v1,A,q_의약품_03,약 사는 곳,건강·의료 중 '의약품'을 판매·제공하는 매장,train,의약품,T2 동의어,e350e872-7a7f-4ed7-8fb2-22824e634b1f,봉선친한 약국,약,봉선시장,전통시장,광주광역시,,,
69055bd15c74eeb0920b,full_annotation_v1,A,q_의약품_03,약 사는 곳,건강·의료 중 '의약품'을 판매·제공하는 매장,train,의약품,T2 동의어,00e92856-b294-4032-8540-d60e9817f2d8,럭키약국,"의약품, 건강기능식품, 식품",충무로골목형상점가,골목형상점가,서울특별시,,,
d67737070dcabc38c0bd,full_annotation_v1,A,q_의약품_03,약 사는 곳,건강·의료 중 '의약품'을 판매·제공하는 매장,train,의약품,T2 동의어,a022567b-3ae0-4503-99ac-ba41d2d58f85,우리약국,약,칠성시장,전통시장,대구광역시,,,
d9a0f5b2db0ab445f293,full_annotation_v1,A,q_의약품_03,약 사는 곳,건강·의료 중 '의약품'을 판매·제공하는 매장,train,의약품,T2 동의어,00140fab-ec56-4d81-8a03-d3d4aa8d5a49,계령약국,의약품,성대시장골목형상점가,골목형상점가,서울특별시,,,
a193f082a3661015a463,full_annotation_v1,A,q_의약품_03,약 사는 곳,건강·의료 중 '의약품'을 판매·제공하는 매장,train,의약품,T2 동의어,f3ee6870-c07a-48c0-84d4-a24098c74c04,사거리약국,약,연일전통시장,전통시장,경상북도,,,
0662b8220930d5e38b6f,full_annotation_v1,A,q_의약품_03,약 사는 곳,건강·의료 중 '의약품'을 판매·제공하는 매장,train,의약품,T2 동의어,56dc9104-83b1-42bf-81e7-a6f9bd4e0552,지성약국,약,후평일단지시장,전통시장,강원특별자치도,,,
e28d205ca795561b1d77,full_annotation_v1,A,q_의약품_03,약 사는 곳,건강·의료 중 '의약품'을 판매·제공하는 매장,train,의약품,T2 동의어,1f1c795c-87b6-4ebf-831f-bf079bf5beaf,화평약국,약,치평상무역상인회 골목형상점가,골목형상점가,광주광역시,,,
81156ca8adef3348686e,full_annotation_v1,A,q_의약품_03,약 사는 곳,건강·의료 중 '의약품'을 판매·제공하는 매장,train,의약품,T2 동의어,842f6cf1-6411-4f4b-be23-746d79e31656,섬곳,한식,플레이사계 지오단길 골목형상점가,골목형상점가,제주특별자치도,,,
429862f82959731a337b,full_annotation_v1,A,q_의약품_03,약 사는 곳,건강·의료 중 '의약품'을 판매·제공하는 매장,train,의약품,T2 동의어,6a110f69-bfac-401e-bba9-c0788d530655,희구약국,약,남대문시장,전통시장,서울특별시,,,
863df5d4a070cc8ba644,full_annotation_v1,A,q_의약품_03,약 사는 곳,건강·의료 중 '의약품'을 판매·제공하는 매장,train,의약품,T2 동의어,00bd78a7-2a89-48d4-b7ec-efe5116ce2a4,반월당경북약국,약국,메트로센터(반월당지하쇼핑),일반지하상점가,대구광역시,,,
dd5bf090c291bc90eb99,full_annotation_v1,A,q_의약품_03,약 사는 곳,건강·의료 중 '의약품'을 판매·제공하는 매장,train,의약품,T2 동의어,00b64830-f897-4643-a5fa-6d8950c2ef89,낭만상회,식품,문산자유시장,전통시장,경기도,,,
61bd78a41af52b583405,full_annotation_v1,A,q_의약품_03,약 사는 곳,건강·의료 중 '의약품'을 판매·제공하는 매장,train,의약품,T2 동의어,41955b56-6312-4dd2-8f90-c5dc171a5bcd,만선호프,일반음식점,BOCA 보카상점가,골목형상점가,경기도,,,
ed0e6880bbfd0554cae8,full_annotation_v1,A,q_의약품_03,약 사는 곳,건강·의료 중 '의약품'을 판매·제공하는 매장,train,의약품,T2 동의어,b3985c8a-8c8f-4d12-8501-4eee3fcbe97a,수약국,약,도곡시장,자율상권구역,서울특별시,,,
114c2129b730da7fb5f0,full_annotation_v1,A,q_의약품_03,약 사는 곳,건강·의료 중 '의약품'을 판매·제공하는 매장,train,의약품,T2 동의어,dbaa02af-a653-42f1-b2b0-1a3f014573e4,한독약국,약,마산어시장,전통시장,경상남도,,,
253904dad9cb313443d0,full_annotation_v1,A,q_의약품_03,약 사는 곳,건강·의료 중 '의약품'을 판매·제공하는 매장,train,의약품,T2 동의어,f8f88404-e507-4828-8f8c-e3d7fd4b2a92,태화약국,약,태화시장,전통시장,울산광역시,,,
103f756de80c19755a8a,full_annotation_v1,A,q_의약품_03,약 사는 곳,건강·의료 중 '의약품'을 판매·제공하는 매장,train,의약품,T2 동의어,f74c93bb-9559-439b-a998-b129c5381fe1,다정한약국,약,김해 외동전통시장,전통시장,경상남도,,,
edb83ac18763d52b1235,full_annotation_v1,A,q_의약품_03,약 사는 곳,건강·의료 중 '의약품'을 판매·제공하는 매장,train,의약품,T2 동의어,0e182349-1f46-42fc-9db8-aee5fdb07f45,원엘리어헤어,미용실,주월1동서문대로 골목형상점가,골목형상점가,광주광역시,,,
a67eb1743508e1b504dc,full_annotation_v1,A,q_의약품_03,약 사는 곳,건강·의료 중 '의약품'을 판매·제공하는 매장,train,의약품,T2 동의어,397afc8c-f4f1-4bed-bb40-156a737947d1,장약국,약,포항죽도농산물시장,전통시장,경상북도,,,
157bee3b815f39b79dfd,full_annotation_v1,A,q_의약품_03,약 사는 곳,건강·의료 중 '의약품'을 판매·제공하는 매장,train,의약품,T2 동의어,5122a6e2-8211-4c92-8fa3-3408fcea4be9,사거리약국,약,"온양온천시장(온양재래시장, 전통시장)",전통시장,충청남도,,,
0bc0977d50dc21e49966,full_annotation_v1,A,q_의약품_03,약 사는 곳,건강·의료 중 '의약품'을 판매·제공하는 매장,train,의약품,T2 동의어,019ac829-9ffd-42aa-bfd1-9da1dfba52e2,바디엔 약국,,남악1번가 골목형상점가,골목형상점가,,,,
91e48c93a2750c0dd432,full_annotation_v1,A,q_의약품_03,약 사는 곳,건강·의료 중 '의약품'을 판매·제공하는 매장,train,의약품,T2 동의어,040b391d-a92f-4db4-90cd-eb2c0720eb78,eating,파스타 덮밥 피자,여주 터미널상점가,자율상권구역,경기도,,,
6c291b8a03e12542dc02,full_annotation_v1,A,q_의약품_03,약 사는 곳,건강·의료 중 '의약품'을 판매·제공하는 매장,train,의약품,T2 동의어,472ec2d2-b9e4-4776-a1e5-7b6773de3ae7,파란온누리약국,약,BOCA 보카상점가,골목형상점가,경기도,,,
50e4af2bf1f204c88560,full_annotation_v1,A,q_의약품_03,약 사는 곳,건강·의료 중 '의약품'을 판매·제공하는 매장,train,의약품,T2 동의어,c576dc69-1cef-4d33-8c25-6724d6a4e384,중앙약국,약,당진원시가지상가,자율상권구역,충청남도,,,
4ff33eb4a7baa54e385b,full_annotation_v1,A,q_의약품_03,약 사는 곳,건강·의료 중 '의약품'을 판매·제공하는 매장,train,의약품,T2 동의어,eb011fe4-e7f4-474e-ba5a-09da19428ed3,튼튼약국,약,운천상무시장 골목형상점가,골목형상점가,광주광역시,,,
f15662e83648eae4dfb7,full_annotation_v1,A,q_의약품_03,약 사는 곳,건강·의료 중 '의약품'을 판매·제공하는 매장,train,의약품,T2 동의어,02d49b6b-4c61-4aef-a15f-338ca1a59f59,레레하우스,파스타 피자 스테이크,첨단지구 골목형상점가,골목형상점가,광주광역시,,,
a16dada137fd651ab41f,full_annotation_v1,A,q_의약품_03,약 사는 곳,건강·의료 중 '의약품'을 판매·제공하는 매장,train,의약품,T2 동의어,49d4edb2-6438-44c2-bffe-7743b41304a3,상동본약국,약,부천상동시장,전통시장,경기도,,,
a2bc19044a489ddd3979,full_annotation_v1,A,q_의약품_03,약 사는 곳,건강·의료 중 '의약품'을 판매·제공하는 매장,train,의약품,T2 동의어,2ddcc1fb-a8ae-4fda-8ff8-fdabcb41edc6,광주고운세상피부과의원,처방전조제,아시아음식문화거리 골목형상점가,골목형상점가,광주광역시,,,
e986d62d2263c18acdfc,full_annotation_v1,A,q_의약품_03,약 사는 곳,건강·의료 중 '의약품'을 판매·제공하는 매장,train,의약품,T2 동의어,0002538c-b8d9-4911-81c7-966789036b09,빛고을 치과의원,의원,세은 골목형상점가,골목형상점가,광주광역시,,,
d275e18eb591188738c5,full_annotation_v1,A,q_의약품_03,약 사는 곳,건강·의료 중 '의약품'을 판매·제공하는 매장,train,의약품,T2 동의어,19c43376-7f6a-493d-a37c-806877ef9e4c,중앙다먁국,약,광탄전통시장,전통시장,경기도,,,
f39e55b3a99f4538d498,full_annotation_v1,A,q_의약품_03,약 사는 곳,건강·의료 중 '의약품'을 판매·제공하는 매장,train,의약품,T2 동의어,9daf637b-95bc-4162-8087-aff4a8e54ba4,건강온누리약국,약,창원 성원그랜드쇼핑상가,전통시장,경상남도,,,
37dcd92d1e9b479459d3,full_annotation_v1,A,q_의약품_03,약 사는 곳,건강·의료 중 '의약품'을 판매·제공하는 매장,train,의약품,T2 동의어,014b63c0-c9e4-4e3b-beae-777251f28ad3,믿음건강원,음식업(건강원),안성중앙시장,전통시장,경기도,,,
dc667f6bfd17814621d7,full_annotation_v1,A,q_의약품_03,약 사는 곳,건강·의료 중 '의약품'을 판매·제공하는 매장,train,의약품,T2 동의어,00e9de4b-3c8d-44a2-bfc2-ddc91fe5a03b,대디파스타,파스타돈가스,벽산황계로 골목형상점가,골목형상점가,광주광역시,,,
85c5c5236b776a2ff8fd,full_annotation_v1,A,q_의약품_03,약 사는 곳,건강·의료 중 '의약품'을 판매·제공하는 매장,train,의약품,T2 동의어,67927fc0-f685-4d7e-ab58-dc237e487bdb,가정약국,약,장성읍 골목형상점가,골목형상점가,전라남도,,,
7e091bef12fd7f80c818,full_annotation_v1,A,q_의약품_03,약 사는 곳,건강·의료 중 '의약품'을 판매·제공하는 매장,train,의약품,T2 동의어,eecfba5f-ff1e-4076-b945-9c5ee819a62d,석곡가마솥추어탕,추어탕,석곡동 골목형상점가,골목형상점가,광주광역시,,,
258420386b1a6fe4a2c9,full_annotation_v1,A,q_의약품_03,약 사는 곳,건강·의료 중 '의약품'을 판매·제공하는 매장,train,의약품,T2 동의어,e3df78a6-fbf3-461f-be41-0b389333956c,대원약국,약,우정전통시장,전통시장,울산광역시,,,
6afcb4b5c741acf60406,full_annotation_v1,A,q_의약품_03,약 사는 곳,건강·의료 중 '의약품'을 판매·제공하는 매장,train,의약품,T2 동의어,f8900928-9422-4761-861e-d5acc68788cf,중화루,중식,오치 우산중 골목형상점가,골목형상점가,광주광역시,,,
46c76b52f333d47a01b5,full_annotation_v1,A,q_의약품_03,약 사는 곳,건강·의료 중 '의약품'을 판매·제공하는 매장,train,의약품,T2 동의어,b9577c68-0b44-4a65-8663-6c311d884c56,중앙약국,약,함창시장,전통시장,경상북도,,,
bc18155bd037b8a60e26,full_annotation_v1,A,q_의약품_03,약 사는 곳,건강·의료 중 '의약품'을 판매·제공하는 매장,train,의약품,T2 동의어,f128c671-c5de-447b-b65b-c358e697fe8a,소망약국,약,삼익 골목형상점가,골목형상점가,서울특별시,,,
e0073809c94dce693489,full_annotation_v1,A,q_의약품_03,약 사는 곳,건강·의료 중 '의약품'을 판매·제공하는 매장,train,의약품,T2 동의어,eb43609c-e410-46ab-b136-7e47e0e032d2,현약국,약,원도심 상권활성화구역,상권활성화구역,대전광역시,,,
f640c793530e5dd72f66,full_annotation_v1,A,q_의약품_03,약 사는 곳,건강·의료 중 '의약품'을 판매·제공하는 매장,train,의약품,T2 동의어,69ec2005-e332-4a7d-997b-c8ee0762d909,명성당약국,약,창원 명서시장,전통시장,경상남도,,,
49c29e70b3ea714adb29,full_annotation_v1,A,q_의약품_03,약 사는 곳,건강·의료 중 '의약품'을 판매·제공하는 매장,train,의약품,T2 동의어,c51d6c1d-a83c-4daa-9acc-956eb89e0611,시민약국,약,"온양온천시장(온양재래시장, 전통시장)",전통시장,충청남도,,,
2188a8242de0ec585141,full_annotation_v1,A,q_의약품_03,약 사는 곳,건강·의료 중 '의약품'을 판매·제공하는 매장,train,의약품,T2 동의어,34b61d32-ba8d-4ef1-a0be-c449f4d829c9,충효약국,약,울진시장(울진바지게시장),전통시장,경상북도,,,
81920e0d0e6724a5f790,full_annotation_v1,A,q_의약품_03,약 사는 곳,건강·의료 중 '의약품'을 판매·제공하는 매장,train,의약품,T2 동의어,12aa4963-540a-405f-885a-2779dbcc2baf,천혜의 손,운동처방,짚봉산상인회 골목형상점가,골목형상점가,광주광역시,,,
4b7df86ca97af3e4359e,full_annotation_v1,A,q_의약품_03,약 사는 곳,건강·의료 중 '의약품'을 판매·제공하는 매장,train,의약품,T2 동의어,00768c91-a678-4fbc-a372-a2ee0260218f,수택온누리약국,,구리시 구도심 상권활성화구역,상권활성화구역,경기도,,,
e17151d73bda9c4ca192,full_annotation_v1,A,q_의약품_03,약 사는 곳,건강·의료 중 '의약품'을 판매·제공하는 매장,train,의약품,T2 동의어,bcb66a5e-5838-4234-8209-75a7bc33a73b,상아약국,약,구미파크시장,전통시장,경상북도,,,
12157ad4eb2272b78a52,full_annotation_v1,A,q_의약품_03,약 사는 곳,건강·의료 중 '의약품'을 판매·제공하는 매장,train,의약품,T2 동의어,a4d76261-4918-4254-a9fa-320bebce5e24,열린약국,약,오송1산단오스코로골목형상점가,골목형상점가,충청북도,,,
9fea3d228d8bc9e19d2a,full_annotation_v1,A,q_의약품_03,약 사는 곳,건강·의료 중 '의약품'을 판매·제공하는 매장,train,의약품,T2 동의어,53f408c2-5a97-4fbc-a2a6-645fde53638e,큰경북약국,약,경산중앙로상점가,자율상권구역,경상북도,,,
c83e284ea50415d54c83,full_annotation_v1,A,q_의약품_03,약 사는 곳,건강·의료 중 '의약품'을 판매·제공하는 매장,train,의약품,T2 동의어,8fc53d4b-2748-46cb-bd31-5c94f81809b5,성민약국,약,덕산전통시장,전통시장,충청북도,,,
846fea02184ae7caf5a1,full_annotation_v1,A,q_의약품_03,약 사는 곳,건강·의료 중 '의약품'을 판매·제공하는 매장,train,의약품,T2 동의어,e8f5777a-054d-44c3-9c74-01cabe8fa937,허약국,약,창원 봉곡시장,전통시장,경상남도,,,
28349ea514403499e430,full_annotation_v1,A,q_의약품_03,약 사는 곳,건강·의료 중 '의약품'을 판매·제공하는 매장,train,의약품,T2 동의어,19696ed9-7515-4691-9eb6-4c7eef90cca6,유명온누리약국,약,경주성동공설시장,전통시장,경상북도,,,
87a6c4c3573dcafeea72,full_annotation_v1,A,q_의약품_03,약 사는 곳,건강·의료 중 '의약품'을 판매·제공하는 매장,train,의약품,T2 동의어,f8606881-4bc8-4c37-b05e-62f41b641ff7,동아약국,약,연산골목시장상점가,자율상권구역,부산광역시,,,
7ffde49924f1e44a7467,full_annotation_v1,A,q_의약품_03,약 사는 곳,건강·의료 중 '의약품'을 판매·제공하는 매장,train,의약품,T2 동의어,63b203af-f2a0-42b5-b5d4-a82d75305c03,서석약국,약,서석초 인근 골목형상점가,골목형상점가,광주광역시,,,
924c28189e2527226cf7,full_annotation_v1,A,q_의약품_03,약 사는 곳,건강·의료 중 '의약품'을 판매·제공하는 매장,train,의약품,T2 동의어,e9d97c74-eecc-4578-81a3-d139c7db8750,참사랑약국,약,운암 다정 골목형상점가,골목형상점가,광주광역시,,,
4688f1fb5becee5f0195,full_annotation_v1,A,q_의약품_03,약 사는 곳,건강·의료 중 '의약품'을 판매·제공하는 매장,train,의약품,T2 동의어,2ce3a071-6f18-49bd-8005-9602e0b39fcc,즐거운약국,약,미라클,골목형상점가,광주광역시,,,
d90442edadaf0617fc47,full_annotation_v1,A,q_의약품_03,약 사는 곳,건강·의료 중 '의약품'을 판매·제공하는 매장,train,의약품,T2 동의어,80749931-eddc-4cab-804c-407480c96882,서동산약국,약,서남신시장,전통시장,대구광역시,,,
0453aa020ba417458689,full_annotation_v1,A,q_의약품_03,약 사는 곳,건강·의료 중 '의약품'을 판매·제공하는 매장,train,의약품,T2 동의어,d90f02df-2474-430a-87c2-bcac13b807a9,서울약국,약,해평시장,전통시장,경상북도,,,
654cd4374cac0d75e394,full_annotation_v1,A,q_의약품_03,약 사는 곳,건강·의료 중 '의약품'을 판매·제공하는 매장,train,의약품,T2 동의어,eb8d7f21-5987-43cf-a8f7-3ac909df46ab,제일약국,약,자양15번가골목형상점가,골목형상점가,서울특별시,,,
cf684cd2cf3babc7076b,full_annotation_v1,A,q_의약품_03,약 사는 곳,건강·의료 중 '의약품'을 판매·제공하는 매장,train,의약품,T2 동의어,83adc225-4787-4ef9-970d-b90e53bb78b2,아빠약국,약,청주북부시장,전통시장,충청북도,,,
9dc5ab28623c8795ad6d,full_annotation_v1,A,q_의약품_03,약 사는 곳,건강·의료 중 '의약품'을 판매·제공하는 매장,train,의약품,T2 동의어,24456103-f6b8-46af-8655-82e61d7265d8,커피가 머무르는 곳,커피,반드레길골목형상점가,골목형상점가,서울특별시,,,
44080457682124f6b50c,full_annotation_v1,A,q_의약품_03,약 사는 곳,건강·의료 중 '의약품'을 판매·제공하는 매장,train,의약품,T2 동의어,adc3404e-f45b-43c4-84d1-972ce41a0949,튼튼약국,약,양산상생하는하서로 골목형상점가,골목형상점가,광주광역시,,,
ceafcb92c2d36ea0ed6d,full_annotation_v1,A,q_의약품_03,약 사는 곳,건강·의료 중 '의약품'을 판매·제공하는 매장,train,의약품,T2 동의어,002c02f2-4428-4a84-a248-7b23ae109459,정관장 반석점,홍삼건강식품,지족반석 골목형상점가,골목형상점가,대전광역시,,,
ebeb6377c94918e43850,full_annotation_v1,A,q_의약품_03,약 사는 곳,건강·의료 중 '의약품'을 판매·제공하는 매장,train,의약품,T2 동의어,02fa5d6f-5100-4cd5-8a9f-184877f99878,덕수파스타 원주 일산점,,중앙로골목형상점가,골목형상점가,강원특별자치도,,,
c3ff613b35e587234186,full_annotation_v1,A,q_의약품_03,약 사는 곳,건강·의료 중 '의약품'을 판매·제공하는 매장,train,의약품,T2 동의어,58d7f1ff-5dc2-4a47-8f74-bacb3d515884,튼튼약국,약,효천로 골목형상점가,골목형상점가,광주광역시,,,
353b62e2ffa9cbd6d483,full_annotation_v1,A,q_의약품_03,약 사는 곳,건강·의료 중 '의약품'을 판매·제공하는 매장,train,의약품,T2 동의어,b9345d1f-69e3-48bc-b82e-a796af4f6956,청기와약국,약,문경전통시장,전통시장,경상북도,,,
4b91223279ef5524d1e7,full_annotation_v1,A,q_의약품_03,약 사는 곳,건강·의료 중 '의약품'을 판매·제공하는 매장,train,의약품,T2 동의어,1d86e14c-ca26-4e1f-9319-79b0c15d4a56,다솜약국,양약조제,선부광장로상점가,자율상권구역,경기도,,,
6d13fba2dea338ff7e2d,full_annotation_v1,A,q_의약품_03,약 사는 곳,건강·의료 중 '의약품'을 판매·제공하는 매장,train,의약품,T2 동의어,2852850e-b089-45c8-9960-f646d25873a1,금강약국,약,역전시장 상점가,자율상권구역,대전광역시,,,
57e1c551f3dd97336540,full_annotation_v1,A,q_의약품_03,약 사는 곳,건강·의료 중 '의약품'을 판매·제공하는 매장,train,의약품,T2 동의어,6f0278ac-929e-41c7-868b-95328ee1230f,한빛약국,약,매산시장,전통시장,경기도,,,
8d2e9051bfde663ae8e3,full_annotation_v1,A,q_의약품_03,약 사는 곳,건강·의료 중 '의약품'을 판매·제공하는 매장,train,의약품,T2 동의어,9e984b5d-16a9-4d9e-a44d-21730c888530,샘약국,약,백운 대성시장 골목형상점가,골목형상점가,광주광역시,,,
193072173993db24072e,full_annotation_v1,A,q_의약품_03,약 사는 곳,건강·의료 중 '의약품'을 판매·제공하는 매장,train,의약품,T2 동의어,f13f34fd-f4e5-4ce0-b5c6-6f5ed847d631,조은약국,약,문화의거리 상점가,자율상권구역,울산광역시,,,
b9b7ead9f51d7d660f95,full_annotation_v1,A,q_의약품_03,약 사는 곳,건강·의료 중 '의약품'을 판매·제공하는 매장,train,의약품,T2 동의어,2a633b20-85c3-4a0f-b7a6-0a7dfca384c9,덕일약국,약,태평시장,전통시장,대전광역시,,,
84376aba4ba3acfcf0e4,full_annotation_v1,A,q_의약품_03,약 사는 곳,건강·의료 중 '의약품'을 판매·제공하는 매장,train,의약품,T2 동의어,d434f6c6-8159-4795-9498-5cc0b2854fa4,매일약국,약,울산번개시장,전통시장,울산광역시,,,
2e1ccd5d4a4105145b12,full_annotation_v1,A,q_의약품_03,약 사는 곳,건강·의료 중 '의약품'을 판매·제공하는 매장,train,의약품,T2 동의어,269e7bb7-4484-4f82-9988-c213c94852df,유명약국,약,구미종합제일시장,전통시장,경상북도,,,
d74faf80d5107897f141,full_annotation_v1,A,q_의약품_03,약 사는 곳,건강·의료 중 '의약품'을 판매·제공하는 매장,train,의약품,T2 동의어,be9f8c61-892c-48ed-a49d-b63bd032c025,소곳,의류,고투몰(강남터미널지하도상점가),일반지하상점가,서울특별시,,,
a410665acd9bea7e9e7c,full_annotation_v1,A,q_의약품_03,약 사는 곳,건강·의료 중 '의약품'을 판매·제공하는 매장,train,의약품,T2 동의어,72cbe7cf-705a-4c9c-a5fc-1b539d883bab,조은약국,약,용해동 포미타운 골목형상점가,골목형상점가,전라남도,,,
16c40bef430bf93725ac,full_annotation_v1,A,q_의약품_03,약 사는 곳,건강·의료 중 '의약품'을 판매·제공하는 매장,train,의약품,T2 동의어,e35fdec6-b060-4fcc-b7d6-90e6b56b86aa,네오수입과자,수입과자,쌍리단길상점가,자율상권구역,서울특별시,,,
1e845aa836499e3ee281,full_annotation_v1,A,q_의약품_03,약 사는 곳,건강·의료 중 '의약품'을 판매·제공하는 매장,train,의약품,T2 동의어,21fd5be0-c4c6-4046-9418-7980138dac08,민당약국,소매(양약(조제)),상대원시장,전통시장,경기도,,,
91dbbc89d3896b9a68de,full_annotation_v1,A,q_의약품_03,약 사는 곳,건강·의료 중 '의약품'을 판매·제공하는 매장,train,의약품,T2 동의어,5b2acd9b-f13d-4940-a1fd-4a41a0846c2f,나약국,약,장안문거북시장,전통시장,경기도,,,
a16acee089a776fa973f,full_annotation_v1,A,q_의약품_03,약 사는 곳,건강·의료 중 '의약품'을 판매·제공하는 매장,train,의약품,T2 동의어,161616dd-5fd0-4893-9089-8fd85ac9341b,오약국,약,면허시험장네거리 골목형상점가,골목형상점가,대구광역시,,,
1cad08ef680469d896bf,full_annotation_v1,A,q_의약품_04,의약품 판매점,건강·의료 중 '의약품'을 판매·제공하는 매장,train,의약품,T2 동의어,97fa9477-2a88-45a8-aefd-20aa278289a9,최약국,의약품,선부광장로상점가,자율상권구역,경기도,,,
172d2f81fec7e6731241,full_annotation_v1,A,q_의약품_04,의약품 판매점,건강·의료 중 '의약품'을 판매·제공하는 매장,train,의약품,T2 동의어,ce3e49bc-6fd0-4196-a8b1-aebbe21691c0,육당약국,의약품,난우길골목형상점가,골목형상점가,서울특별시,,,
9c9cc212e13b141d721b,full_annotation_v1,A,q_의약품_04,의약품 판매점,건강·의료 중 '의약품'을 판매·제공하는 매장,train,의약품,T2 동의어,eb84df87-f76a-4ae1-886c-52019e481be2,우리농산물,야채 과일 건어물 견과류,부평깡시장,전통시장,인천광역시,,,
63efd0c750b4d7f57249,full_annotation_v1,A,q_의약품_04,의약품 판매점,건강·의료 중 '의약품'을 판매·제공하는 매장,train,의약품,T2 동의어,21fd5be0-c4c6-4046-9418-7980138dac08,민당약국,소매(양약(조제)),상대원시장,전통시장,경기도,,,
8de0bb54341afde1d2ee,full_annotation_v1,A,q_의약품_04,의약품 판매점,건강·의료 중 '의약품'을 판매·제공하는 매장,train,의약품,T2 동의어,0870dac3-2926-4727-9705-ecde403cb499,우리약국,의약품,역곡남부 한빛 골목형상점가,골목형상점가,경기도,,,
f4309cd4789a0d804a16,full_annotation_v1,A,q_의약품_04,의약품 판매점,건강·의료 중 '의약품'을 판매·제공하는 매장,train,의약품,T2 동의어,813497cc-bf0f-4172-b02d-7c4677220603,동묘약국,의약품,동묘시장,자율상권구역,서울특별시,,,
3c3ec0d1170f7d73e6ba,full_annotation_v1,A,q_의약품_04,의약품 판매점,건강·의료 중 '의약품'을 판매·제공하는 매장,train,의약품,T2 동의어,7abebfb2-3a8b-43b1-b7fa-9732ac1717d7,태평양약국,의약품,임방울거리1구역 골목형상점가,골목형상점가,광주광역시,,,
b22d52321654ac7bc1c8,full_annotation_v1,A,q_의약품_04,의약품 판매점,건강·의료 중 '의약품'을 판매·제공하는 매장,train,의약품,T2 동의어,9bc9761e-76d2-4761-afa2-50d4ccf37f0e,우리약국,의약품,이튼타워리버3차골목형상점가,골목형상점가,서울특별시,,,
6fe6003065daeff0e023,full_annotation_v1,A,q_의약품_04,의약품 판매점,건강·의료 중 '의약품'을 판매·제공하는 매장,train,의약품,T2 동의어,da41aad3-1ce9-4cc4-ab70-dc51d8b91513,세븐약국,의약품,상동역 골목형상점가,골목형상점가,경기도,,,
4e87d70569b1cd2b9d5b,full_annotation_v1,A,q_의약품_04,의약품 판매점,건강·의료 중 '의약품'을 판매·제공하는 매장,train,의약품,T2 동의어,737c42d4-56fa-4184-91b4-5391830e84ab,소망약국,의약품,우수영 골목형상점가,골목형상점가,전라남도,,,
57718ce739f1a21ad9af,full_annotation_v1,A,q_의약품_04,의약품 판매점,건강·의료 중 '의약품'을 판매·제공하는 매장,train,의약품,T2 동의어,6aef7a99-89a0-4ee4-b65f-bc5177b1b2c0,중앙약국,의약품,성서중심시장(성서시장문화의거리 통합),전통시장,충청북도,,,
8a32956068aff4f13942,full_annotation_v1,A,q_의약품_04,의약품 판매점,건강·의료 중 '의약품'을 판매·제공하는 매장,train,의약품,T2 동의어,68c9380a-4eef-42f7-8148-1fbe2baf30b5,한영약국,의약품,평택통복시장,전통시장,경기도,,,
06725a776fef05009faa,full_annotation_v1,A,q_의약품_04,의약품 판매점,건강·의료 중 '의약품'을 판매·제공하는 매장,train,의약품,T2 동의어,8e73bb3b-3b86-4f17-88bc-0eeb5f031aa6,태평양약국,의약품,병점중심상가,자율상권구역,경기도,,,
94eb63c984c994ac81eb,full_annotation_v1,A,q_의약품_04,의약품 판매점,건강·의료 중 '의약품'을 판매·제공하는 매장,train,의약품,T2 동의어,00192f22-a492-4ba5-a62d-65bf0d0ec7b9,큰물한의원,한의원,전주서곡 골목형상점가,골목형상점가,전북특별자치도,,,
5922344f2a2ed136726f,full_annotation_v1,A,q_의약품_04,의약품 판매점,건강·의료 중 '의약품'을 판매·제공하는 매장,train,의약품,T2 동의어,f3667c0f-72fe-4406-9f9b-1136d76250e4,솔브 황금점,남녀 속옷 판매점,충장로123가 상점가,자율상권구역,광주광역시,,,
4c95def39d1a08869aee,full_annotation_v1,A,q_의약품_04,의약품 판매점,건강·의료 중 '의약품'을 판매·제공하는 매장,train,의약품,T2 동의어,0acee185-d982-4fb8-a197-c8ffd8b2888e,태평양약국,의약품 조제,안골사거리 골목형상점가,골목형상점가,전북특별자치도,,,
cadf830cce1214b41d33,full_annotation_v1,A,q_의약품_04,의약품 판매점,건강·의료 중 '의약품'을 판매·제공하는 매장,train,의약품,T2 동의어,4f0c6c82-7d30-4056-8ee1-c7f827b2f6ed,예약국,의약품,안동시 대안로 골목형상점가,골목형상점가,경상북도,,,
072bd116d3ce97c461eb,full_annotation_v1,A,q_의약품_04,의약품 판매점,건강·의료 중 '의약품'을 판매·제공하는 매장,train,의약품,T2 동의어,01d775c4-b8be-45e9-811c-c3f884b2d1b9,사계절 흑염소,건강원,오치1동 골목형상점가,골목형상점가,광주광역시,,,
a08aea8d5c472318d69e,full_annotation_v1,A,q_의약품_04,의약품 판매점,건강·의료 중 '의약품'을 판매·제공하는 매장,train,의약품,T2 동의어,00e9de4b-3c8d-44a2-bfc2-ddc91fe5a03b,대디파스타,파스타돈가스,벽산황계로 골목형상점가,골목형상점가,광주광역시,,,
115494cde9058ccdd7dc,full_annotation_v1,A,q_의약품_04,의약품 판매점,건강·의료 중 '의약품'을 판매·제공하는 매장,train,의약품,T2 동의어,00bd78a7-2a89-48d4-b7ec-efe5116ce2a4,반월당경북약국,약국,메트로센터(반월당지하쇼핑),일반지하상점가,대구광역시,,,
6434ace8d79c46b53a6e,full_annotation_v1,A,q_의약품_04,의약품 판매점,건강·의료 중 '의약품'을 판매·제공하는 매장,train,의약품,T2 동의어,02c6fc99-f1cb-4e77-a062-7f8db6f39bbc,대성건강원,건강원,대명시장,전통시장,대구광역시,,,
86cfee86eaf93b73fced,full_annotation_v1,A,q_의약품_04,의약품 판매점,건강·의료 중 '의약품'을 판매·제공하는 매장,train,의약품,T2 동의어,91a3942d-5281-43f8-a819-e02729f603ad,드림약국,의약품,제천시 원도심 상권활성화구역,상권활성화구역,충청북도,,,
beb57c352ae83115f431,full_annotation_v1,A,q_의약품_04,의약품 판매점,건강·의료 중 '의약품'을 판매·제공하는 매장,train,의약품,T2 동의어,32f04a39-e08b-49d6-be61-7d5a29a2b57c,연세모벨르의원 종로본점,탈모약처방,종로5가역일번출구상점가,자율상권구역,서울특별시,,,
1aa86fcbc5a472a24beb,full_annotation_v1,A,q_의약품_04,의약품 판매점,건강·의료 중 '의약품'을 판매·제공하는 매장,train,의약품,T2 동의어,1d86e14c-ca26-4e1f-9319-79b0c15d4a56,다솜약국,양약조제,선부광장로상점가,자율상권구역,경기도,,,
d9133842817d818654cc,full_annotation_v1,A,q_의약품_04,의약품 판매점,건강·의료 중 '의약품'을 판매·제공하는 매장,train,의약품,T2 동의어,c2d285d3-228d-4555-94cf-b8dbdab8315e,로얄약국,의약품,풍덕천 골목형상점가,골목형상점가,경기도,,,
28c3d7f66084ab17fa37,full_annotation_v1,A,q_의약품_04,의약품 판매점,건강·의료 중 '의약품'을 판매·제공하는 매장,train,의약품,T2 동의어,9ce9cdc4-6cfa-49c8-aea3-0ceb310a8018,하나유통,식육판매업,세종전통시장,전통시장,세종특별자치시,,,
84c4c92f3361539c8d07,full_annotation_v1,A,q_의약품_04,의약품 판매점,건강·의료 중 '의약품'을 판매·제공하는 매장,train,의약품,T2 동의어,19b10f19-86a0-4d5d-81e5-addbb0e8d166,사랑약국,의약품,금남시장,전통시장,서울특별시,,,
0d27560e67841ba7b423,full_annotation_v1,A,q_의약품_04,의약품 판매점,건강·의료 중 '의약품'을 판매·제공하는 매장,train,의약품,T2 동의어,a8ba0ace-323f-4f63-8a52-506b299aebca,중앙약국,의약품,설악로데오거리상점가,자율상권구역,강원특별자치도,,,
6090d2c13adea72e6578,full_annotation_v1,A,q_의약품_04,의약품 판매점,건강·의료 중 '의약품'을 판매·제공하는 매장,train,의약품,T2 동의어,a2cbc01a-6d12-454d-a210-96e4e43068a8,건강약국,의약품,금왕중심골목형상점가,골목형상점가,충청북도,,,
79faf161d02c90dcfde5,full_annotation_v1,A,q_의약품_04,의약품 판매점,건강·의료 중 '의약품'을 판매·제공하는 매장,train,의약품,T2 동의어,00140fab-ec56-4d81-8a03-d3d4aa8d5a49,계령약국,의약품,성대시장골목형상점가,골목형상점가,서울특별시,,,
80d7d4a50f347deba775,full_annotation_v1,A,q_의약품_04,의약품 판매점,건강·의료 중 '의약품'을 판매·제공하는 매장,train,의약품,T2 동의어,23aae5d2-d813-439f-94f3-33dbd01f75cb,솔약국,의약품,상원시장,전통시장,대구광역시,,,
1d252e7069408dc4d21a,full_annotation_v1,A,q_의약품_04,의약품 판매점,건강·의료 중 '의약품'을 판매·제공하는 매장,train,의약품,T2 동의어,2cd89e3f-d8f5-48fa-95ac-f44931d26b81,성약국,의약품,월곡2동 골목형상점가,골목형상점가,광주광역시,,,
fad580e095529854a809,full_annotation_v1,A,q_의약품_04,의약품 판매점,건강·의료 중 '의약품'을 판매·제공하는 매장,train,의약품,T2 동의어,91652931-4bbb-41f6-ad3f-5eb7f7cddb58,중앙약국,의약품,배방공수 골목형상점가,골목형상점가,충청남도,,,
7a30c12d356354f7cb30,full_annotation_v1,A,q_의약품_04,의약품 판매점,건강·의료 중 '의약품'을 판매·제공하는 매장,train,의약품,T2 동의어,c9fd5157-0e3f-4f68-94b5-6b70a74668f8,용답원약국,의약품,성동용답상가시장,전통시장,서울특별시,,,
e5395ba1051140368f0c,full_annotation_v1,A,q_의약품_04,의약품 판매점,건강·의료 중 '의약품'을 판매·제공하는 매장,train,의약품,T2 동의어,91885f27-633c-4654-aa61-bfc2afa71b9b,건강약국,의약품,홍성명동상가,자율상권구역,충청남도,,,
2c3cf16df43901663a70,full_annotation_v1,A,q_의약품_04,의약품 판매점,건강·의료 중 '의약품'을 판매·제공하는 매장,train,의약품,T2 동의어,514d9889-d696-48d0-93f3-37acd4ab655d,미니픽,네일속눈썹,김해 외동전통시장,전통시장,경상남도,,,
ee056d9f88cc92dd0df8,full_annotation_v1,A,q_의약품_04,의약품 판매점,건강·의료 중 '의약품'을 판매·제공하는 매장,train,의약품,T2 동의어,03f37d02-1eb9-4f82-ab05-be726fa24a36,우주파스타,,수정로 상권활성화구역,상권활성화구역,경기도,,,
4c791c3ece626d684c78,full_annotation_v1,A,q_의약품_04,의약품 판매점,건강·의료 중 '의약품'을 판매·제공하는 매장,train,의약품,T2 동의어,d67c3743-7191-4153-95df-9985cfb379f2,반월당대구약국,의약품,메트로센터(반월당지하쇼핑),일반지하상점가,대구광역시,,,
59f9afe002b78bc50e37,full_annotation_v1,A,q_의약품_04,의약품 판매점,건강·의료 중 '의약품'을 판매·제공하는 매장,train,의약품,T2 동의어,dd3f3ca4-102a-462d-b97d-95cab88f5168,올레시장 특산품 판매점 2호점,"특산품, 농수산물",서귀포매일올레시장,전통시장,제주특별자치도,,,
69ff9bbbaa5c9fdb720a,full_annotation_v1,A,q_의약품_04,의약품 판매점,건강·의료 중 '의약품'을 판매·제공하는 매장,train,의약품,T2 동의어,014b63c0-c9e4-4e3b-beae-777251f28ad3,믿음건강원,음식업(건강원),안성중앙시장,전통시장,경기도,,,
999ed221dc8490fdf277,full_annotation_v1,A,q_의약품_04,의약품 판매점,건강·의료 중 '의약품'을 판매·제공하는 매장,train,의약품,T2 동의어,e3b1fe63-bc9a-48c1-ae85-8393091afa0b,다능약국,의약품,안산다농마트전통시장,전통시장,경기도,,,
c3d752eb8e324aeb4386,full_annotation_v1,A,q_의약품_04,의약품 판매점,건강·의료 중 '의약품'을 판매·제공하는 매장,train,의약품,T2 동의어,36df1501-b06c-4141-8e76-b98d2f7a2797,우리약국,의약품,도담동 골목형상점가,골목형상점가,세종특별자치시,,,
b66200bdd31bec62570e,full_annotation_v1,A,q_의약품_04,의약품 판매점,건강·의료 중 '의약품'을 판매·제공하는 매장,train,의약품,T2 동의어,02fa5d6f-5100-4cd5-8a9f-184877f99878,덕수파스타 원주 일산점,,중앙로골목형상점가,골목형상점가,강원특별자치도,,,
b6c0d878eb17dc6a1190,full_annotation_v1,A,q_의약품_04,의약품 판매점,건강·의료 중 '의약품'을 판매·제공하는 매장,train,의약품,T2 동의어,b5b4221d-cc4e-419d-8ff0-530ea0472346,서울약국,의약품,산본로데오거리(구 산본중심상가),자율상권구역,경기도,,,
284d2eaabbf7253691aa,full_annotation_v1,A,q_의약품_04,의약품 판매점,건강·의료 중 '의약품'을 판매·제공하는 매장,train,의약품,T2 동의어,d2bcdce8-87e5-4692-87d5-54dfbc199535,지누약국,의약품,신부유람단골목형상점가,골목형상점가,충청남도,,,
76de82d9940e9a18c52f,full_annotation_v1,A,q_의약품_04,의약품 판매점,건강·의료 중 '의약품'을 판매·제공하는 매장,train,의약품,T2 동의어,00b64830-f897-4643-a5fa-6d8950c2ef89,낭만상회,식품,문산자유시장,전통시장,경기도,,,
c2d79599e949415b0e0e,full_annotation_v1,A,q_의약품_04,의약품 판매점,건강·의료 중 '의약품'을 판매·제공하는 매장,train,의약품,T2 동의어,9a34848d-1458-47f7-a2a4-f751ffc16967,우리약국,의약품,전대병원오거리 골목형상점가,골목형상점가,광주광역시,,,
f2beb0738f7ef4d3c8dc,full_annotation_v1,A,q_의약품_04,의약품 판매점,건강·의료 중 '의약품'을 판매·제공하는 매장,train,의약품,T2 동의어,be348732-5566-441c-813d-520c48a4999f,태평양약국,의약품,용산동 골목형상점가,골목형상점가,대전광역시,,,
32b78f224aef7ac2564f,full_annotation_v1,A,q_의약품_04,의약품 판매점,건강·의료 중 '의약품'을 판매·제공하는 매장,train,의약품,T2 동의어,9b18bf72-f7b4-461a-9642-5baf941c9614,신사귀족약국,의약품,잠원하길골목형상점가,골목형상점가,서울특별시,,,
56ce5235b4a9dfcc2f1d,full_annotation_v1,A,q_의약품_04,의약품 판매점,건강·의료 중 '의약품'을 판매·제공하는 매장,train,의약품,T2 동의어,4de3ea5c-4c78-4cc4-9f41-33c2d54f228e,그루밍가든,애견미용서비스,송도 아트포레 판매시설 골목형상점가,골목형상점가,인천광역시,,,
bc502fca31df712567e1,full_annotation_v1,A,q_의약품_04,의약품 판매점,건강·의료 중 '의약품'을 판매·제공하는 매장,train,의약품,T2 동의어,2ddcc1fb-a8ae-4fda-8ff8-fdabcb41edc6,광주고운세상피부과의원,처방전조제,아시아음식문화거리 골목형상점가,골목형상점가,광주광역시,,,
a71a55e443491705b7d3,full_annotation_v1,A,q_의약품_04,의약품 판매점,건강·의료 중 '의약품'을 판매·제공하는 매장,train,의약품,T2 동의어,fe72bcc6-7983-4914-abbd-9cde4de2ebf5,타워온누리약국,의약품,보정중심 골목형상점가,골목형상점가,경기도,,,
690a97bbcbfa409093ae,full_annotation_v1,A,q_의약품_04,의약품 판매점,건강·의료 중 '의약품'을 판매·제공하는 매장,train,의약품,T2 동의어,4f0e27f9-c8a7-417d-9792-04df0553b934,없음,음료,산업용재관,전통시장,대구광역시,,,
d93826082c9dbf8c77b7,full_annotation_v1,A,q_의약품_04,의약품 판매점,건강·의료 중 '의약품'을 판매·제공하는 매장,train,의약품,T2 동의어,6c861454-db6f-4ec5-9a18-f5390c535c6c,나무약국,의약품,호계종합시장,전통시장,경기도,,,
2f76e677ee3a3be16dcc,full_annotation_v1,A,q_의약품_04,의약품 판매점,건강·의료 중 '의약품'을 판매·제공하는 매장,train,의약품,T2 동의어,19d0351d-00a1-45fc-8b37-a4767215e615,더화인약국,의약품,병점중심상가,자율상권구역,경기도,,,
d9dbb9a87ae9147d3906,full_annotation_v1,A,q_의약품_04,의약품 판매점,건강·의료 중 '의약품'을 판매·제공하는 매장,train,의약품,T2 동의어,00523307-cc4c-4b0c-8b2f-176ca7450d24,오름한의원,한의원,아차산등산로골목형상점가,골목형상점가,서울특별시,,,
2703a2578b7cd05e7620,full_annotation_v1,A,q_의약품_04,의약품 판매점,건강·의료 중 '의약품'을 판매·제공하는 매장,train,의약품,T2 동의어,d3ff068d-9a71-4033-801f-a04c5dfb0cd1,신사달약국,의약품,신사세로수길골목형상점가,골목형상점가,서울특별시,,,
f6ec1a9a0446ca05c86b,full_annotation_v1,A,q_의약품_04,의약품 판매점,건강·의료 중 '의약품'을 판매·제공하는 매장,train,의약품,T2 동의어,d1b36a92-70ed-4cb6-960c-8e1a211d2513,DC판매점,잡화,봉덕신시장,전통시장,대구광역시,,,
735b72e35e2d4b1e90cb,full_annotation_v1,A,q_의약품_04,의약품 판매점,건강·의료 중 '의약품'을 판매·제공하는 매장,train,의약품,T2 동의어,45093fe4-5956-4800-9211-ea8e9f790fe1,아빠약국,의약품,효천로 골목형상점가,골목형상점가,광주광역시,,,
daec052a550c67d79240,full_annotation_v1,A,q_의약품_04,의약품 판매점,건강·의료 중 '의약품'을 판매·제공하는 매장,train,의약품,T2 동의어,149b0ab6-4462-4f61-9111-3ce516ab1464,하나로약국,"소매(의약품,조제)소매업(의료기기판매)",은행시장,전통시장,경기도,,,
c7dbe7382e0a8d1de0fc,full_annotation_v1,A,q_의약품_04,의약품 판매점,건강·의료 중 '의약품'을 판매·제공하는 매장,train,의약품,T2 동의어,f91e2159-eff2-4228-ac99-e3e04df6326a,건강약국,의약품,우산상인회 골목형상점가,골목형상점가,광주광역시,,,
eea7b18f50fb4751e187,full_annotation_v1,A,q_의약품_04,의약품 판매점,건강·의료 중 '의약품'을 판매·제공하는 매장,train,의약품,T2 동의어,0e3d8d9a-4f32-47f6-9793-3acda988aa07,바우약국,양약소매 한약 처방약조제,광명새마을시장,전통시장,경기도,,,
bfe9f7c44935ab766f07,full_annotation_v1,A,q_의약품_04,의약품 판매점,건강·의료 중 '의약품'을 판매·제공하는 매장,train,의약품,T2 동의어,5d7290e7-519f-482e-9902-3088ec51f6cd,동대구회집,회,포항죽도농산물시장,전통시장,경상북도,,,
98aa874b1bb67a403aa4,full_annotation_v1,A,q_의약품_04,의약품 판매점,건강·의료 중 '의약품'을 판매·제공하는 매장,train,의약품,T2 동의어,64add4c3-6cb7-4342-bec9-6912a6f94f40,우리약국,의약품,칠성종합 상권활성화구역,상권활성화구역,대구광역시,,,
f2a31133640036c5fca8,full_annotation_v1,A,q_의약품_04,의약품 판매점,건강·의료 중 '의약품'을 판매·제공하는 매장,train,의약품,T2 동의어,14dfbba6-0047-4623-8b4e-9f95d81f4023,최약국,의약품,내상로 골목형상점가,골목형상점가,광주광역시,,,
61c0d16a22276082b3fa,full_annotation_v1,A,q_의약품_04,의약품 판매점,건강·의료 중 '의약품'을 판매·제공하는 매장,train,의약품,T2 동의어,00e92856-b294-4032-8540-d60e9817f2d8,럭키약국,"의약품, 건강기능식품, 식품",충무로골목형상점가,골목형상점가,서울특별시,,,
7a1451c1259906d55d41,full_annotation_v1,A,q_의약품_04,의약품 판매점,건강·의료 중 '의약품'을 판매·제공하는 매장,train,의약품,T2 동의어,99715700-dfb5-4599-b022-28243a4fdb7a,서울약국,의약품,주천골목형상점가,골목형상점가,강원특별자치도,,,
efedb580d767e39292f0,full_annotation_v1,A,q_의약품_04,의약품 판매점,건강·의료 중 '의약품'을 판매·제공하는 매장,train,의약품,T2 동의어,e73ee6f8-08bc-42e7-a0f3-34156c3a09d2,태평양약국,의약품,오창전통시장,전통시장,충청북도,,,
4ced13a3563eabad5306,full_annotation_v1,A,q_의약품_04,의약품 판매점,건강·의료 중 '의약품'을 판매·제공하는 매장,train,의약품,T2 동의어,034281ae-47fa-4317-b7de-ad8eda5fd58f,큰길약국,의약품,석적로강변 골목형상점가,골목형상점가,경상북도,,,
9a1cc3f3e72d60ac612d,full_annotation_v1,A,q_의약품_04,의약품 판매점,건강·의료 중 '의약품'을 판매·제공하는 매장,train,의약품,T2 동의어,1ca600dd-7fb0-4eb9-8a3a-81c74e29a395,순환약국,의약품,녹두S밸리골목형상점가,골목형상점가,서울특별시,,,
e7c34371b3635500d795,full_annotation_v1,A,q_의약품_04,의약품 판매점,건강·의료 중 '의약품'을 판매·제공하는 매장,train,의약품,T2 동의어,3c7e5f23-471e-4ed8-b92d-8733615ef84c,우리약국,의약품,김천평화시장,전통시장,경상북도,,,
d817adcd22b92039bb7d,full_annotation_v1,A,q_의약품_04,의약품 판매점,건강·의료 중 '의약품'을 판매·제공하는 매장,train,의약품,T2 동의어,2c72b585-bd54-4864-b05f-b84f0916a2f9,로뎀약국,의약품,과천슈르탑 골목형상점가,골목형상점가,경기도,,,
5c119050f9ac543f1ef2,full_annotation_v1,A,q_의약품_04,의약품 판매점,건강·의료 중 '의약품'을 판매·제공하는 매장,train,의약품,T2 동의어,dc1c5a42-9b79-4dbf-9c1a-77d60623c386,건강약국,의약품,부산평화시장,전통시장,부산광역시,,,
f98455ae324bc106cabd,full_annotation_v1,A,q_의약품_04,의약품 판매점,건강·의료 중 '의약품'을 판매·제공하는 매장,train,의약품,T2 동의어,05c262c4-7f1e-47cf-8292-d675166c7876,태일건강원,,세종전통시장,전통시장,세종특별자치시,,,
e745d5f981261f25872a,full_annotation_v1,A,q_의약품_04,의약품 판매점,건강·의료 중 '의약품'을 판매·제공하는 매장,train,의약품,T2 동의어,0a38e3f4-39d4-4c86-9860-15c521a05fb2,당진약국,의약품,당진원시가지상가,자율상권구역,충청남도,,,
3af58183606f408adf76,full_annotation_v1,A,q_의약품_04,의약품 판매점,건강·의료 중 '의약품'을 판매·제공하는 매장,train,의약품,T2 동의어,00681cee-2849-497b-b7d1-548576542ed2,풍암한의원,한의원,풍암벚꽃길상인회 골목형상점가,골목형상점가,광주광역시,,,
ad5bf4426c6448cb71d7,full_annotation_v1,A,q_의약품_04,의약품 판매점,건강·의료 중 '의약품'을 판매·제공하는 매장,train,의약품,T2 동의어,191e4405-8743-4e87-9401-b6128174bfbd,강약국,의약품,영도봉래시장,전통시장,부산광역시,,,
5d9356f6f528807bd2c6,full_annotation_v1,A,q_의약품_04,의약품 판매점,건강·의료 중 '의약품'을 판매·제공하는 매장,train,의약품,T2 동의어,02b29861-009b-49ff-9c7a-16fbfd9800a3,건강약국,의약품,남이동길골목형상점가,골목형상점가,서울특별시,,,
5afc4bd361ad984347e3,full_annotation_v1,A,q_의약품_04,의약품 판매점,건강·의료 중 '의약품'을 판매·제공하는 매장,train,의약품,T2 동의어,002c02f2-4428-4a84-a248-7b23ae109459,정관장 반석점,홍삼건강식품,지족반석 골목형상점가,골목형상점가,대전광역시,,,
42dcce53b2389df7d336,full_annotation_v1,A,q_의약품_04,의약품 판매점,건강·의료 중 '의약품'을 판매·제공하는 매장,train,의약품,T2 동의어,29a2aad2-d17f-4c12-a988-a0b25c3764fc,시온 축산물 판매점,식품 잡화,봉주 골목형상점가,골목형상점가,광주광역시,,,
f6ad68edca34083a7c2f,full_annotation_v1,A,q_의약품_04,의약품 판매점,건강·의료 중 '의약품'을 판매·제공하는 매장,train,의약품,T2 동의어,86734239-3b08-4026-982b-49949c449098,서울약국,의약품,한일시장 골목형상점가,골목형상점가,전라남도,,,
5f3a1185f7d30ef8ef29,full_annotation_v1,A,q_의약품_04,의약품 판매점,건강·의료 중 '의약품'을 판매·제공하는 매장,train,의약품,T2 동의어,e2fb31a1-c017-49a7-afaa-e2eb0cf3ede1,한성약국,의약품,양곡시장,전통시장,경기도,,,
d5a97baeaa056786533b,full_annotation_v1,A,q_의약품_04,의약품 판매점,건강·의료 중 '의약품'을 판매·제공하는 매장,train,의약품,T2 동의어,035f9cc5-1357-4bbd-b76c-646b5da39aaa,홍약국,의약품,사가정면목로골목형상점가,골목형상점가,서울특별시,,,
1c3178b57787cfb3b33c,full_annotation_v1,A,q_의약품_04,의약품 판매점,건강·의료 중 '의약품'을 판매·제공하는 매장,train,의약품,T2 동의어,02d49b6b-4c61-4aef-a15f-338ca1a59f59,레레하우스,파스타 피자 스테이크,첨단지구 골목형상점가,골목형상점가,광주광역시,,,
7197e34d16a218b1ce96,full_annotation_v1,A,q_의약품_04,의약품 판매점,건강·의료 중 '의약품'을 판매·제공하는 매장,train,의약품,T2 동의어,c77caa11-453f-4e32-92f0-71ae50c77560,태평양약국,의약품,정림동 골목형상점가,골목형상점가,대전광역시,,,
466921868404f4f7a68a,full_annotation_v1,A,q_의약품_04,의약품 판매점,건강·의료 중 '의약품'을 판매·제공하는 매장,train,의약품,T2 동의어,020b5248-6222-4ebf-8d61-b4b85b6a0678,시티약국,의약품,치평동중흥상가상인회 골목형상점가,골목형상점가,광주광역시,,,
136b5fd37d22191e8208,full_annotation_v1,A,q_의약품_04,의약품 판매점,건강·의료 중 '의약품'을 판매·제공하는 매장,train,의약품,T2 동의어,b3f805f2-2898-41e9-99ef-8a73ff7b3050,로뎀약국,의약품,전대병원오거리 골목형상점가,골목형상점가,광주광역시,,,
f403e94101441ddde661,full_annotation_v1,A,q_의약품_04,의약품 판매점,건강·의료 중 '의약품'을 판매·제공하는 매장,train,의약품,T2 동의어,c87fb9c3-72e8-44ee-909f-b22940702662,빽다방 당진터미널점,,당진시신도심상점가,자율상권구역,충청남도,,,
b0c1dec48036984962fe,full_annotation_v1,A,q_의약품_04,의약품 판매점,건강·의료 중 '의약품'을 판매·제공하는 매장,train,의약품,T2 동의어,a8c4d68d-9c33-4438-88f5-b8595633227b,파란약국,의약품,둔촌스포츠거리 골목형상점가,골목형상점가,서울특별시,,,
5da074f5c01bb8af02e4,full_annotation_v1,A,q_의약품_04,의약품 판매점,건강·의료 중 '의약품'을 판매·제공하는 매장,train,의약품,T2 동의어,8f811ce4-4149-40d5-8783-0f0b98514107,건강약국,의약품,청운시장골목형상점가,골목형상점가,경기도,,,
a2fb68370b025932d0c8,full_annotation_v1,A,q_의약품_04,의약품 판매점,건강·의료 중 '의약품'을 판매·제공하는 매장,train,의약품,T2 동의어,ec38dfd1-8561-43bd-be99-9276cc4d24a7,우리약국,의약품,북수원시장( 구 파장시장),전통시장,경기도,,,
e2d7b516636402395bf3,full_annotation_v1,A,q_의약품_04,의약품 판매점,건강·의료 중 '의약품'을 판매·제공하는 매장,train,의약품,T2 동의어,84acdb5a-07b5-4dbd-8ce7-05c5dd7462ad,헬로플라워,생화,송도 타임스페이스 골목형상점가,골목형상점가,인천광역시,,,
13f661dfd643610c3940,full_annotation_v1,A,q_의약품_04,의약품 판매점,건강·의료 중 '의약품'을 판매·제공하는 매장,train,의약품,T2 동의어,3e14d52a-bdf3-4d96-89b2-05dc29b580d3,가치과,의료,방이시장,전통시장,서울특별시,,,
8b883c3825895a5755c9,full_annotation_v1,A,q_의약품_04,의약품 판매점,건강·의료 중 '의약품'을 판매·제공하는 매장,train,의약품,T2 동의어,4b91d46e-c671-4414-a0c3-8fcabb768d84,부활약국,의약품,구미역중앙 골목형상점가,골목형상점가,경상북도,,,
5ea82c286f573e178ca2,full_annotation_v1,A,q_의약품_04,의약품 판매점,건강·의료 중 '의약품'을 판매·제공하는 매장,train,의약품,T2 동의어,0002538c-b8d9-4911-81c7-966789036b09,빛고을 치과의원,의원,세은 골목형상점가,골목형상점가,광주광역시,,,
c38fe1da3ae9d49329a2,full_annotation_v1,A,q_의약품_04,의약품 판매점,건강·의료 중 '의약품'을 판매·제공하는 매장,train,의약품,T2 동의어,7f285e7c-e19d-43bd-a23d-3d260ef6a19d,보룡약국,의약품,목동깨비시장(구 목3동시장),전통시장,서울특별시,,,
7503be5a917a822c9d9d,full_annotation_v1,A,q_의약품_04,의약품 판매점,건강·의료 중 '의약품'을 판매·제공하는 매장,train,의약품,T2 동의어,485dd665-c4fc-409d-8478-a627168ab3e1,중앙약국,의약품,광명새마을시장,전통시장,경기도,,,
9920ad35bac534ce4990,full_annotation_v1,A,q_의약품_04,의약품 판매점,건강·의료 중 '의약품'을 판매·제공하는 매장,train,의약품,T2 동의어,019ac829-9ffd-42aa-bfd1-9da1dfba52e2,바디엔 약국,,남악1번가 골목형상점가,골목형상점가,,,,
5c841032dd439cb3c29d,full_annotation_v1,A,q_의약품_04,의약품 판매점,건강·의료 중 '의약품'을 판매·제공하는 매장,train,의약품,T2 동의어,040b391d-a92f-4db4-90cd-eb2c0720eb78,eating,파스타 덮밥 피자,여주 터미널상점가,자율상권구역,경기도,,,
551258565d6cf4b61a09,full_annotation_v1,A,q_의약품_04,의약품 판매점,건강·의료 중 '의약품'을 판매·제공하는 매장,train,의약품,T2 동의어,0040b4e6-7b74-4175-b54d-add4fe693d49,메디팜보명당약국,"의약품, 의료욕구, 복지욕구, 의료기기",점촌역전상점가,자율상권구역,경상북도,,,
921a18210b6e50d3557e,full_annotation_v1,A,q_의약품_04,의약품 판매점,건강·의료 중 '의약품'을 판매·제공하는 매장,train,의약품,T2 동의어,7d3022b9-9366-45ee-ba62-48fba223d31f,우리약국,의약품,오류버들시장골목형상점가,골목형상점가,서울특별시,,,
b73c906c813a4ed54a14,full_annotation_v1,A,q_의약품_04,의약품 판매점,건강·의료 중 '의약품'을 판매·제공하는 매장,train,의약품,T2 동의어,1f6cff9b-8485-4fed-a6ec-425fb6df45fb,센터약국,의약품,녹색거리상점가,자율상권구역,경기도,,,
0bee90cc1558865f8785,full_annotation_v1,A,q_의약품_04,의약품 판매점,건강·의료 중 '의약품'을 판매·제공하는 매장,train,의약품,T2 동의어,642d6a2c-0023-45ec-abf5-df99fecd38f7,상원약국,의약품,의정부역지하상가,일반지하상점가,경기도,,,
d4326fe99311a0fd866a,full_annotation_v1,A,q_의약품_04,의약품 판매점,건강·의료 중 '의약품'을 판매·제공하는 매장,train,의약품,T2 동의어,c57996a0-0468-4ba2-b88c-8f5df7a8009c,중앙약국,의약품,불당1번가골목형상점가,골목형상점가,충청남도,,,
e3a6c7982cf539bc3bfb,full_annotation_v1,A,q_의약품_04,의약품 판매점,건강·의료 중 '의약품'을 판매·제공하는 매장,train,의약품,T2 동의어,a657d05f-6401-48d0-a15a-7a0f7298f135,천사(1004),소매업,홍대소상공인 상점가,자율상권구역,서울특별시,,,
e27d23f6ca52eeece2f3,full_annotation_v1,A,q_의약품_04,의약품 판매점,건강·의료 중 '의약품'을 판매·제공하는 매장,train,의약품,T2 동의어,d840eed9-bfbb-4b6d-9829-a24524e65279,햇님약국,의약품,맹동혁신골목형상점가,골목형상점가,충청북도,,,
83aa54258023754e5018,full_annotation_v1,A,q_의약품_04,의약품 판매점,건강·의료 중 '의약품'을 판매·제공하는 매장,train,의약품,T2 동의어,008b065b-181b-4891-95dc-7a77a7c143d1,혜화온누리약국,약국,유성도안 골목형상점가,골목형상점가,대전광역시,,,
a72ad53586a5f5acfd66,full_annotation_v1,A,q_의약품_04,의약품 판매점,건강·의료 중 '의약품'을 판매·제공하는 매장,train,의약품,T2 동의어,6cd789bc-bf33-44fc-9e96-742a27e010fe,이화약국,의약품,창원 성원그랜드쇼핑상가,전통시장,경상남도,,,
732338784e5c2f4f0974,full_annotation_v1,A,q_의약품_04,의약품 판매점,건강·의료 중 '의약품'을 판매·제공하는 매장,train,의약품,T2 동의어,acbe2ab7-6e47-4c7d-b17c-d9cb2cd30565,서울약국,의약품,대동시장,전통시장,대구광역시,,,
bfca5f2c533e017d9c1e,full_annotation_v1,A,q_의약품_04,의약품 판매점,건강·의료 중 '의약품'을 판매·제공하는 매장,train,의약품,T2 동의어,cacbb5d0-b785-4893-9f47-2b7f63c9448c,예쁜약국,의약품,새샘하루 골목형상점가,골목형상점가,세종특별자치시,,,
958b94d56b79791aa6df,full_annotation_v1,A,q_의약품_04,의약품 판매점,건강·의료 중 '의약품'을 판매·제공하는 매장,train,의약품,T2 동의어,18ac9e2d-4b4f-49dc-b5bc-92a6177121e9,새우리약국,의약품,상무중앙상인회 골목형상점가,골목형상점가,광주광역시,,,
87b53aeb216bdc83e362,full_annotation_v1,A,q_의약품_04,의약품 판매점,건강·의료 중 '의약품'을 판매·제공하는 매장,train,의약품,T2 동의어,b0f32f2b-b58a-4c54-ac57-5ee81fe4d26a,하나둘약국,의약품,"온양온천시장(온양재래시장, 전통시장)",전통시장,충청남도,,,
ecfac4d1ded46ca54ac0,full_annotation_v1,A,q_의약품_04,의약품 판매점,건강·의료 중 '의약품'을 판매·제공하는 매장,train,의약품,T2 동의어,d40f5004-7397-490d-87c9-5f9d1518f58f,첨단약국,의약품,첨단호두라 골목형상점가,골목형상점가,광주광역시,,,
baa55fb08b11bb25b7f0,full_annotation_v1,A,q_의약품_04,의약품 판매점,건강·의료 중 '의약품'을 판매·제공하는 매장,train,의약품,T2 동의어,e4f33cb5-1dc5-4a89-b115-99e4b44886af,2층엔약국,의약품,다산역 로데오 상점가,자율상권구역,경기도,,,
d8e2944639fcdcfb8bcd,full_annotation_v1,A,q_의약품_04,의약품 판매점,건강·의료 중 '의약품'을 판매·제공하는 매장,train,의약품,T2 동의어,009eb486-5dea-48f4-9f45-85c0ac03972a,수만건강식품,,봉동생강골시장,전통시장,전북특별자치도,,,
a6dc1620091a09805969,full_annotation_v1,A,q_의약품_04,의약품 판매점,건강·의료 중 '의약품'을 판매·제공하는 매장,train,의약품,T2 동의어,1f68f220-8902-4abf-8a26-61555953a00c,창원삼성약국,의약품,창원 성원그랜드쇼핑상가,전통시장,경상남도,,,
db5b907e40e8ebae47a4,full_annotation_v1,A,q_의약품_04,의약품 판매점,건강·의료 중 '의약품'을 판매·제공하는 매장,train,의약품,T2 동의어,fcd761a4-9ae3-4003-9e20-7d7529a079be,우리약국,의약품,기린전통시장,전통시장,강원특별자치도,,,
f66831bab228865a1841,full_annotation_v1,A,q_의약품_04,의약품 판매점,건강·의료 중 '의약품'을 판매·제공하는 매장,train,의약품,T2 동의어,d39e2178-5ee6-4a81-aab7-ef539f11a576,종로가톨릭의원,의약품,광장전통시장,자율상권구역,서울특별시,,,
b14cf6a5a68d46c8c2ca,full_annotation_v1,A,q_의약품_04,의약품 판매점,건강·의료 중 '의약품'을 판매·제공하는 매장,train,의약품,T2 동의어,f9b7c57e-ec38-4957-9632-d8fb219c7368,새론약국,의약품,혁신도시 대림동 골목형상점가,골목형상점가,대구광역시,,,
744367a06cccfe81448e,full_annotation_v1,A,q_의약품_04,의약품 판매점,건강·의료 중 '의약품'을 판매·제공하는 매장,train,의약품,T2 동의어,81f5156c-b98e-494c-96f1-262b2ff23d88,대후약국,의약품,행복상점가,자율상권구역,경상북도,,,
5fd70703ac89a86d3c35,full_annotation_v1,A,q_의약품_04,의약품 판매점,건강·의료 중 '의약품'을 판매·제공하는 매장,train,의약품,T2 동의어,e878b1e0-c782-4a8c-b66e-0362d1cd7b5a,호수약국,의약품,양주옥정호수공원상점가,골목형상점가,경기도,,,
dd92e9c211a51606975e,full_annotation_v1,A,q_의약품_04,의약품 판매점,건강·의료 중 '의약품'을 판매·제공하는 매장,train,의약품,T2 동의어,cfe18871-5a02-49c4-8b65-39e1fbf72654,건강약국,의약품,각화주공 골목형상점가,골목형상점가,광주광역시,,,
717309e346e8b304c1ce,full_annotation_v1,A,q_의약품_04,의약품 판매점,건강·의료 중 '의약품'을 판매·제공하는 매장,train,의약품,T2 동의어,aed2cad8-375c-4284-a92b-391a64bf66e7,미래팜영통약국,의약품,뉴월드프라자골목형상점가,골목형상점가,경기도,,,
9d44aa0305bc6c70d6e5,full_annotation_v1,A,q_의약품_04,의약품 판매점,건강·의료 중 '의약품'을 판매·제공하는 매장,train,의약품,T2 동의어,e1c2d794-62c7-4266-ad31-61528a221a45,예쁜약국,의약품,신봉동 온누리 골목형상점가,골목형상점가,경기도,,,
9f00a62263fa761bf380,full_annotation_v1,A,q_의약품_04,의약품 판매점,건강·의료 중 '의약품'을 판매·제공하는 매장,train,의약품,T2 동의어,56e5b9a3-6ea3-4213-8563-007861bc8d4b,일곡온누리약국,의약품,일곡동 골목형상점가,골목형상점가,광주광역시,,,
a091c051599e1891dc4a,full_annotation_v1,A,q_의약품_04,의약품 판매점,건강·의료 중 '의약품'을 판매·제공하는 매장,train,의약품,T2 동의어,008f6b90-4bab-45de-be49-429a25b6ab04,생명사랑약국,의약품,상대동로 골목형상점가,골목형상점가,대전광역시,,,
38b0aa6fe31da31ce7af,full_annotation_v1,A,q_의약품_04,의약품 판매점,건강·의료 중 '의약품'을 판매·제공하는 매장,train,의약품,T2 동의어,9865c5a3-247e-41d6-b379-5a2792e1431d,수퍼약국,의약품,의정부시장,전통시장,경기도,,,
81ad81adb7ba8f9627fe,full_annotation_v1,A,q_의약품_04,의약품 판매점,건강·의료 중 '의약품'을 판매·제공하는 매장,train,의약품,T2 동의어,f7a31a58-59bf-4f79-9f49-5c9ac6355035,텃밭약국,의약품,금호상인회 골목형상점가,골목형상점가,광주광역시,,,
e2f47be6590947e25e5c,full_annotation_v1,A,q_의약품_04,의약품 판매점,건강·의료 중 '의약품'을 판매·제공하는 매장,train,의약품,T2 동의어,826a06ac-3981-4962-b22c-942c7848d3e4,고흥수산,수산물,순천역전시장상가,자율상권구역,전라남도,,,
22be9cda7b3d820b2e71,full_annotation_v1,A,q_의약품_04,의약품 판매점,건강·의료 중 '의약품'을 판매·제공하는 매장,train,의약품,T2 동의어,38cec023-32ca-41be-9c90-2a94ef51c509,잉글리시에그 천안불당 판매점,유아도서,시청앞 골목형상점가,골목형상점가,충청남도,,,
12dab396e1780164add7,full_annotation_v1,A,q_의약품_04,의약품 판매점,건강·의료 중 '의약품'을 판매·제공하는 매장,train,의약품,T2 동의어,b8d3def2-0077-4897-8371-4ddc5154bc69,무지개온누리약국,의약품,쌍문시장(쌍문역골목시장),전통시장,서울특별시,,,
85c7b4e7c1487b260798,full_annotation_v1,A,q_의약품_04,의약품 판매점,건강·의료 중 '의약품'을 판매·제공하는 매장,train,의약품,T2 동의어,dcdf2deb-5a74-49b8-9bc1-2ab59f833087,서울약국,의약품,사강시장,전통시장,경기도,,,
c73b6f05488cc0e360c1,full_annotation_v1,A,q_의약품_04,의약품 판매점,건강·의료 중 '의약품'을 판매·제공하는 매장,train,의약품,T2 동의어,000db6d6-585c-4aba-94e7-fc6a23a694fb,시민약국,의약품,문경중앙시장,전통시장,경상북도,,,
488134f743ddeb4f90b0,full_annotation_v1,A,q_의약품_04,의약품 판매점,건강·의료 중 '의약품'을 판매·제공하는 매장,train,의약품,T2 동의어,d392529f-9945-48a3-b413-ef6fcb0d4385,유한약국,의약품,부전마켓타운 시장활성화구역,상권활성화구역,부산광역시,,,
dc68d54325541c810159,full_annotation_v1,A,q_의약품_04,의약품 판매점,건강·의료 중 '의약품'을 판매·제공하는 매장,train,의약품,T2 동의어,02a22184-6068-4776-bd65-01bcbb333b7e,현대제탕,건강원,염매시장(구 덕산시장),전통시장,대구광역시,,,
2e470ee93e3f1b5a070a,full_annotation_v1,A,q_의약품_04,의약품 판매점,건강·의료 중 '의약품'을 판매·제공하는 매장,train,의약품,T2 동의어,752acd0d-f12e-4b25-bd29-12a0ec9f07bf,개성한약국,의약품,군산공설시장,전통시장,전북특별자치도,,,
391fcceeb4d6040160ac,full_annotation_v1,A,q_의약품_04,의약품 판매점,건강·의료 중 '의약품'을 판매·제공하는 매장,train,의약품,T2 동의어,00768c91-a678-4fbc-a372-a2ee0260218f,수택온누리약국,,구리시 구도심 상권활성화구역,상권활성화구역,경기도,,,
534b8173a55568a07063,full_annotation_v1,A,q_의약품_04,의약품 판매점,건강·의료 중 '의약품'을 판매·제공하는 매장,train,의약품,T2 동의어,006929a4-6712-43ca-80d7-f540710009b5,삼송프라자약국,의약품 외 건강기능식품,신원권율3 골목형상점가,골목형상점가,경기도,,,
961362f21145ed57693f,full_annotation_v1,A,q_의약품_04,의약품 판매점,건강·의료 중 '의약품'을 판매·제공하는 매장,train,의약품,T2 동의어,ef600ac0-e5eb-4add-9627-ade8273b0e71,서울약국,의약품,정읍연지상점가,자율상권구역,전북특별자치도,,,
ca2215d0bb5f399fb923,full_annotation_v1,A,q_의약품_04,의약품 판매점,건강·의료 중 '의약품'을 판매·제공하는 매장,train,의약품,T2 동의어,00b6e321-5954-437c-b1d9-94fded29f67e,웰빙마트,식품,서남신시장,전통시장,대구광역시,,,
671e9f26d86d735a7382,full_annotation_v1,A,q_의약품_04,의약품 판매점,건강·의료 중 '의약품'을 판매·제공하는 매장,train,의약품,T2 동의어,76283f74-600b-4477-88c9-66dd919d5042,히엔 닭고기 판매점,육류 및 부산물,삼례상점가,자율상권구역,전북특별자치도,,,
e38f25a171368ad5795e,full_annotation_v1,A,q_의약품_04,의약품 판매점,건강·의료 중 '의약품'을 판매·제공하는 매장,train,의약품,T2 동의어,955cf4e2-eee5-4127-af9b-6ec28fb67d5e,메디슨약국,의약품,신평리시장,전통시장,대구광역시,,,
0cb7ee497c7200355a2f,full_annotation_v1,A,q_의약품_04,의약품 판매점,건강·의료 중 '의약품'을 판매·제공하는 매장,train,의약품,T2 동의어,71b53ba2-3da9-403a-9ea2-baa675ea9da4,서울약국,의약품,영암읍 라인업 자율상권구역,,전라남도,,,
581b45b9c79357ae3786,full_annotation_v1,A,q_의약품_04,의약품 판매점,건강·의료 중 '의약품'을 판매·제공하는 매장,train,의약품,T2 동의어,0056dcd4-0ac0-4535-9ee5-c8fd19d8ff14,중화한의원,한의원,보령한내시장,전통시장,충청남도,,,
150c8143abb428c70bc3,full_annotation_v1,A,q_의약품_04,의약품 판매점,건강·의료 중 '의약품'을 판매·제공하는 매장,train,의약품,T2 동의어,74e1a449-34ad-4100-9cf5-51183b78bd0c,대운올챙이,음식,홍천중앙시장(홍천신시장),전통시장,강원특별자치도,,,
1d7259a853a360dba56b,full_annotation_v1,A,q_의약품_04,의약품 판매점,건강·의료 중 '의약품'을 판매·제공하는 매장,train,의약품,T2 동의어,9ed7b3f5-94b7-4d37-98f2-5e8e0a778226,튼튼약국,의약품,다산역 로데오 상점가,자율상권구역,경기도,,,
b3734a733359887c0910,full_annotation_v1,A,q_의약품_04,의약품 판매점,건강·의료 중 '의약품'을 판매·제공하는 매장,train,의약품,T2 동의어,e773fe06-21e5-4340-89cd-f33e6b18361b,건강한약국,의약품,한글거리 상점가상인회,자율상권구역,세종특별자치시,,,
00fa8a347095335961ad,full_annotation_v1,A,q_의약품_04,의약품 판매점,건강·의료 중 '의약품'을 판매·제공하는 매장,train,의약품,T2 동의어,aafb0ee4-7b07-4d83-babb-dd2926d48d03,지중해 양꼬치,,지중해마을 골목형상점가,골목형상점가,충청남도,,,
d45fcb6fc68a26f76cc3,full_annotation_v1,A,q_의약품_04,의약품 판매점,건강·의료 중 '의약품'을 판매·제공하는 매장,train,의약품,T2 동의어,0112a558-2787-41dc-ae68-695e60c4930c,해동그랜드약국,약국,전곡시장,전통시장,서울특별시,,,
46df95e5e07835425d4b,full_annotation_v1,A,q_의약품_04,의약품 판매점,건강·의료 중 '의약품'을 판매·제공하는 매장,train,의약품,T2 동의어,319ebe1e-6604-42f1-8f61-1ea0d98780b3,대우약국,의약품,논산화지중앙시장,전통시장,충청남도,,,
25acc70386e9a317c3fe,full_annotation_v1,A,q_의약품_04,의약품 판매점,건강·의료 중 '의약품'을 판매·제공하는 매장,train,의약품,T2 동의어,151edb34-6467-4de8-96ad-06e89a89dda6,노벨복장,남성복,서문시장아진상가,전통시장,대구광역시,,,
a443ca0c40a9457cd706,full_annotation_v1,A,q_의약품_04,의약품 판매점,건강·의료 중 '의약품'을 판매·제공하는 매장,train,의약품,T2 동의어,2daa91f7-3795-476f-a96f-3574a4bf300f,남면한의원,진료 밎 약처방,양주신산시장마을상점가,골목형상점가,경기도,,,
b277ddd2638dd479c660,full_annotation_v1,A,q_의약품_04,의약품 판매점,건강·의료 중 '의약품'을 판매·제공하는 매장,train,의약품,T2 동의어,2143778b-1903-4d2a-8fb7-49c4066548b8,오성약국,의약품,오창전통시장,전통시장,충청북도,,,
68124bd387090ca0c9af,full_annotation_v1,A,q_의약품_04,의약품 판매점,건강·의료 중 '의약품'을 판매·제공하는 매장,train,의약품,T2 동의어,4223ad21-0303-44ee-94d1-ff0ec414b5e5,뉴욕약국,의약품,전대병원오거리 골목형상점가,골목형상점가,광주광역시,,,
1705a73627d1508861f7,full_annotation_v1,A,q_의약품_04,의약품 판매점,건강·의료 중 '의약품'을 판매·제공하는 매장,train,의약품,T2 동의어,d5ef0bea-5a26-494b-b2a1-6aa24d2fd405,GM약국,의약품,구영로 골목형상점가,골목형상점가,울산광역시,,,
15e63b53535122392a15,full_annotation_v1,A,q_의약품_04,의약품 판매점,건강·의료 중 '의약품'을 판매·제공하는 매장,train,의약품,T2 동의어,19b67c02-0b61-41fe-8754-dff52c56ba88,바른길약국,의약품,임동 골목형상점가,골목형상점가,광주광역시,,,
1b0a6f83d0f439e22c70,full_annotation_v1,A,q_의약품_04,의약품 판매점,건강·의료 중 '의약품'을 판매·제공하는 매장,train,의약품,T2 동의어,aab5f25e-d534-4bf3-a5c2-99ee816f738d,태평양약국,의약품,남성역먹거리골목형상점가,골목형상점가,서울특별시,,,
03b500d853a18b9d1aa4,full_annotation_v1,A,q_의약품_04,의약품 판매점,건강·의료 중 '의약품'을 판매·제공하는 매장,train,의약품,T2 동의어,7a8d5c49-b932-45a3-8041-09508e7dfe7d,호호온누리약국,의약품,과천중앙동상점가,자율상권구역,경기도,,,
2e738b7c837f19c8c2e1,full_annotation_v1,A,q_의약품_04,의약품 판매점,건강·의료 중 '의약품'을 판매·제공하는 매장,train,의약품,T2 동의어,008a831c-1fd3-4b7c-96c1-0e92332ccbf3,명성약국,의약품,공주산성시장,전통시장,충청남도,,,
57f668b0b20b40ce8ca0,full_annotation_v1,A,q_의약품_04,의약품 판매점,건강·의료 중 '의약품'을 판매·제공하는 매장,train,의약품,T2 동의어,12aa4963-540a-405f-885a-2779dbcc2baf,천혜의 손,운동처방,짚봉산상인회 골목형상점가,골목형상점가,광주광역시,,,
acaf1f1ebb48844d6ba4,full_annotation_v1,A,q_의약품_04,의약품 판매점,건강·의료 중 '의약품'을 판매·제공하는 매장,train,의약품,T2 동의어,3220bdff-d56a-407c-9fdc-b241b3594509,농성화로계림점,삼겹살 오겹살 가브리살 목상,계림두산위브 골목형상점가,골목형상점가,광주광역시,,,
70f76145625346671512,full_annotation_v1,A,q_의약품_04,의약품 판매점,건강·의료 중 '의약품'을 판매·제공하는 매장,train,의약품,T2 동의어,ed881347-fbec-4bcf-b139-d58eaedbcbdd,스마일온누리약국,의약품,나성중앙 골목형상점가,골목형상점가,세종특별자치시,,,
acae97a5cbca77c11974,full_annotation_v1,A,q_의약품_04,의약품 판매점,건강·의료 중 '의약품'을 판매·제공하는 매장,train,의약품,T2 동의어,085e266e-9fbd-4f95-81ad-b3075f26d868,민트헤어,미용,남문로 어울림 골목 골목형상점가,골목형상점가,광주광역시,,,
ccd949335b242b3552b3,full_annotation_v1,A,q_의약품_05,조제,건강·의료 중 '의약품'을 판매·제공하는 매장,train,의약품,T2 동의어,aa627bff-b7d1-4b37-8212-b9fbffee3396,램 앤 포크,양갈비,전곡첫머리거리 골목형상점가,골목형상점가,경기도,,,
f863c49e7117f5857293,full_annotation_v1,A,q_의약품_05,조제,건강·의료 중 '의약품'을 판매·제공하는 매장,train,의약품,T2 동의어,00b64830-f897-4643-a5fa-6d8950c2ef89,낭만상회,식품,문산자유시장,전통시장,경기도,,,
2957918ff061935dc77c,full_annotation_v1,A,q_의약품_05,조제,건강·의료 중 '의약품'을 판매·제공하는 매장,train,의약품,T2 동의어,33a6bd59-9bf4-4d83-9c5c-c21e179b7ac5,개성건강마을,조제건강식품,경동시장,전통시장,서울특별시,,,
85e5884aada3709d99f3,full_annotation_v1,A,q_의약품_05,조제,건강·의료 중 '의약품'을 판매·제공하는 매장,train,의약품,T2 동의어,019ac829-9ffd-42aa-bfd1-9da1dfba52e2,바디엔 약국,,남악1번가 골목형상점가,골목형상점가,,,,
6ed7cd706746fd2425bb,full_annotation_v1,A,q_의약품_05,조제,건강·의료 중 '의약품'을 판매·제공하는 매장,train,의약품,T2 동의어,00e92856-b294-4032-8540-d60e9817f2d8,럭키약국,"의약품, 건강기능식품, 식품",충무로골목형상점가,골목형상점가,서울특별시,,,
cdf6e9c4285f5e8e5b4e,full_annotation_v1,A,q_의약품_05,조제,건강·의료 중 '의약품'을 판매·제공하는 매장,train,의약품,T2 동의어,01d775c4-b8be-45e9-811c-c3f884b2d1b9,사계절 흑염소,건강원,오치1동 골목형상점가,골목형상점가,광주광역시,,,
fab7e420e4f3a891ed70,full_annotation_v1,A,q_의약품_05,조제,건강·의료 중 '의약품'을 판매·제공하는 매장,train,의약품,T2 동의어,009eb486-5dea-48f4-9f45-85c0ac03972a,수만건강식품,,봉동생강골시장,전통시장,전북특별자치도,,,
3520fc18a9864ae9e3f2,full_annotation_v1,A,q_의약품_05,조제,건강·의료 중 '의약품'을 판매·제공하는 매장,train,의약품,T2 동의어,d18ebaca-de3e-447c-a0bc-e8c6ac78c461,조몰락,,화성향남2지구상점가,자율상권구역,경기도,,,
68d846f92af35af2f1ff,full_annotation_v1,A,q_의약품_05,조제,건강·의료 중 '의약품'을 판매·제공하는 매장,train,의약품,T2 동의어,360a2133-0e02-4b28-8237-09c2365fa162,오브제(아울렛),의류,속초종합중앙시장,전통시장,강원특별자치도,,,
e2f25e11d2f461a7e573,full_annotation_v1,A,q_의약품_05,조제,건강·의료 중 '의약품'을 판매·제공하는 매장,train,의약품,T2 동의어,5c6731ac-4e1f-4937-8149-25d24ee2a26c,다모여태권스쿨,태권도교육사업,금화로상인회 골목형상점가,골목형상점가,광주광역시,,,
43655166a8815dd50a64,full_annotation_v1,A,q_의약품_05,조제,건강·의료 중 '의약품'을 판매·제공하는 매장,train,의약품,T2 동의어,8c0782c0-da9e-4f04-8d87-a20803a01680,탑오브제,조화,부산자유시장,전통시장,부산광역시,,,
ba1c19ecbbdff7b72272,full_annotation_v1,A,q_의약품_05,조제,건강·의료 중 '의약품'을 판매·제공하는 매장,train,의약품,T2 동의어,d934c54a-2d1f-44b4-9c2c-d3dd293a8c52,밀키투어,조제 조미료,신안코아,전통시장,경기도,,,
2bfd38a8192a8a1b19fe,full_annotation_v1,A,q_의약품_05,조제,건강·의료 중 '의약품'을 판매·제공하는 매장,train,의약품,T2 동의어,18db0930-0181-4814-825d-4f3607d5041a,돈버는9제,음식점,동성타워프라자,전통시장,서울특별시,,,
1d615aefc6d4cb616453,full_annotation_v1,A,q_의약품_05,조제,건강·의료 중 '의약품'을 판매·제공하는 매장,train,의약품,T2 동의어,5c0ab573-0e3a-4f20-a41a-2f1597b3976b,에이비플러스,의류스포츠의류등,설악로데오거리상점가,자율상권구역,강원특별자치도,,,
402266431d6614f7a688,full_annotation_v1,A,q_의약품_05,조제,건강·의료 중 '의약품'을 판매·제공하는 매장,train,의약품,T2 동의어,38d05a25-3a68-4997-9316-7b0f389a3ed5,삼영당구장,당구장,전곡첫머리거리 골목형상점가,골목형상점가,경기도,,,
f01c5b73f992aa442776,full_annotation_v1,A,q_의약품_05,조제,건강·의료 중 '의약품'을 판매·제공하는 매장,train,의약품,T2 동의어,008b065b-181b-4891-95dc-7a77a7c143d1,혜화온누리약국,약국,유성도안 골목형상점가,골목형상점가,대전광역시,,,
bf7430b6296db2472141,full_annotation_v1,A,q_의약품_05,조제,건강·의료 중 '의약품'을 판매·제공하는 매장,train,의약품,T2 동의어,2bfdeea7-5fed-412c-a637-e92fdd11d90d,파티마약국,양약(조제)의료기기,영주문화시장,전통시장,경상북도,,,
0d3a3142bac645d1add9,full_annotation_v1,A,q_의약품_05,조제,건강·의료 중 '의약품'을 판매·제공하는 매장,train,의약품,T2 동의어,00140fab-ec56-4d81-8a03-d3d4aa8d5a49,계령약국,의약품,성대시장골목형상점가,골목형상점가,서울특별시,,,
ad430fb7fd0c52085560,full_annotation_v1,A,q_의약품_05,조제,건강·의료 중 '의약품'을 판매·제공하는 매장,train,의약품,T2 동의어,695b001f-13ac-4cac-9ff8-ecc81282c1c2,서울찐구제,의류,청주북부시장,전통시장,충청북도,,,
1a7c1a50a8c4288159da,full_annotation_v1,A,q_의약품_05,조제,건강·의료 중 '의약품'을 판매·제공하는 매장,train,의약품,T2 동의어,0112a558-2787-41dc-ae68-695e60c4930c,해동그랜드약국,약국,전곡시장,전통시장,서울특별시,,,
92c5feb5771922223506,full_annotation_v1,A,q_의약품_05,조제,건강·의료 중 '의약품'을 판매·제공하는 매장,train,의약품,T2 동의어,02a22184-6068-4776-bd65-01bcbb333b7e,현대제탕,건강원,염매시장(구 덕산시장),전통시장,대구광역시,,,
64dfd45d65e9ef53a307,full_annotation_v1,A,q_의약품_05,조제,건강·의료 중 '의약품'을 판매·제공하는 매장,train,의약품,T2 동의어,147b9a19-5f7f-4f8e-826e-c7d3d31562ed,동광주조제약국,의약품,동광주 골목형상점가,골목형상점가,광주광역시,,,
2f0eaa6f5d89f5953c57,full_annotation_v1,A,q_의약품_05,조제,건강·의료 중 '의약품'을 판매·제공하는 매장,train,의약품,T2 동의어,aae5fc3e-6756-44c2-b94a-6c0420f10cef,탑약국,처방조제 일반의약품 판매,쇠내울골목형상점가,골목형상점가,충청북도,,,
4bce8d8f7463ecab8451,full_annotation_v1,A,q_의약품_05,조제,건강·의료 중 '의약품'을 판매·제공하는 매장,train,의약품,T2 동의어,f3cb63ca-2cba-4371-807f-e914c24fd26e,오약국,"약조제, 판매",광명새마을시장,전통시장,경기도,,,
44f82ee910b8712af561,full_annotation_v1,A,q_의약품_05,조제,건강·의료 중 '의약품'을 판매·제공하는 매장,train,의약품,T2 동의어,008f6b90-4bab-45de-be49-429a25b6ab04,생명사랑약국,의약품,상대동로 골목형상점가,골목형상점가,대전광역시,,,
4b0bcfa0fecf9522c5c7,full_annotation_v1,A,q_의약품_05,조제,건강·의료 중 '의약품'을 판매·제공하는 매장,train,의약품,T2 동의어,8d6f7b8f-6c40-4bae-82ab-f733189a6f38,보광당,시계,억지춘향시장(구 봉화춘향시장),전통시장,경상북도,,,
eb13ecf1d25258f81c90,full_annotation_v1,A,q_의약품_05,조제,건강·의료 중 '의약품'을 판매·제공하는 매장,train,의약품,T2 동의어,0002538c-b8d9-4911-81c7-966789036b09,빛고을 치과의원,의원,세은 골목형상점가,골목형상점가,광주광역시,,,
adc705127fd291519937,full_annotation_v1,A,q_의약품_05,조제,건강·의료 중 '의약품'을 판매·제공하는 매장,train,의약품,T2 동의어,000db6d6-585c-4aba-94e7-fc6a23a694fb,시민약국,의약품,문경중앙시장,전통시장,경상북도,,,
968978f3fc811bf10700,full_annotation_v1,A,q_의약품_05,조제,건강·의료 중 '의약품'을 판매·제공하는 매장,train,의약품,T2 동의어,91ba282b-1366-42d1-8667-c6d3d4fd9cb7,이삭토스트 상주서성점,토스트,상주왕산상점가,자율상권구역,경상북도,,,
a7ab5e1d2971a86fd4e6,full_annotation_v1,A,q_의약품_05,조제,건강·의료 중 '의약품'을 판매·제공하는 매장,train,의약품,T2 동의어,1d86e14c-ca26-4e1f-9319-79b0c15d4a56,다솜약국,양약조제,선부광장로상점가,자율상권구역,경기도,,,
91c0f0af68eceb1a1375,full_annotation_v1,A,q_의약품_05,조제,건강·의료 중 '의약품'을 판매·제공하는 매장,train,의약품,T2 동의어,d285cad7-51b0-4f0a-9775-cb5fd78c04f2,늘푸른약국,양약 조제,봉선중앙로 골목형상점가,골목형상점가,광주광역시,,,
06728852ab54cf0c0fa1,full_annotation_v1,A,q_의약품_05,조제,건강·의료 중 '의약품'을 판매·제공하는 매장,train,의약품,T2 동의어,d13c607f-5cd3-44bb-b761-2a06d94f62b9,박참치,음식점,매화 하백로 골목형상점가,골목형상점가,광주광역시,,,
4e800d8f780b218d90e7,full_annotation_v1,A,q_의약품_05,조제,건강·의료 중 '의약품'을 판매·제공하는 매장,train,의약품,T2 동의어,8f98e320-d377-4426-a96a-0d43ec0e7d35,동림가구,소매(가구),남구로시장,전통시장,서울특별시,,,
8f4f50d7c0fb4e266eb5,full_annotation_v1,A,q_의약품_05,조제,건강·의료 중 '의약품'을 판매·제공하는 매장,train,의약품,T2 동의어,0e3d8d9a-4f32-47f6-9793-3acda988aa07,바우약국,양약소매 한약 처방약조제,광명새마을시장,전통시장,경기도,,,
c2c40405395764465252,full_annotation_v1,A,q_의약품_05,조제,건강·의료 중 '의약품'을 판매·제공하는 매장,train,의약품,T2 동의어,9e003102-a1e4-4b8a-92f1-89eea5a7e573,무제,한식,두류젊음의광장 상점가,자율상권구역,대구광역시,,,
e6a07b0a774e668c3da8,full_annotation_v1,A,q_의약품_05,조제,건강·의료 중 '의약품'을 판매·제공하는 매장,train,의약품,T2 동의어,8f227b40-da78-42ca-9f10-26e20a038bfa,다제,,대흥동 특화거리 상점가,자율상권구역,대전광역시,,,
ae5ccbd92b7dee70b0a3,full_annotation_v1,A,q_의약품_05,조제,건강·의료 중 '의약품'을 판매·제공하는 매장,train,의약품,T2 동의어,00523307-cc4c-4b0c-8b2f-176ca7450d24,오름한의원,한의원,아차산등산로골목형상점가,골목형상점가,서울특별시,,,
8466a6b2005b03f7ab15,full_annotation_v1,A,q_의약품_05,조제,건강·의료 중 '의약품'을 판매·제공하는 매장,train,의약품,T2 동의어,008a831c-1fd3-4b7c-96c1-0e92332ccbf3,명성약국,의약품,공주산성시장,전통시장,충청남도,,,
2cf3d19c3dab8be4913a,full_annotation_v1,A,q_의약품_05,조제,건강·의료 중 '의약품'을 판매·제공하는 매장,train,의약품,T2 동의어,040b391d-a92f-4db4-90cd-eb2c0720eb78,eating,파스타 덮밥 피자,여주 터미널상점가,자율상권구역,경기도,,,
08e8d5b44453c6c6f771,full_annotation_v1,A,q_의약품_05,조제,건강·의료 중 '의약품'을 판매·제공하는 매장,train,의약품,T2 동의어,03f37d02-1eb9-4f82-ab05-be726fa24a36,우주파스타,,수정로 상권활성화구역,상권활성화구역,경기도,,,
219ea6be425e5e6b049b,full_annotation_v1,A,q_의약품_05,조제,건강·의료 중 '의약품'을 판매·제공하는 매장,train,의약품,T2 동의어,fb14f611-6a16-4036-a180-6ad2d5638487,인삼코리아창원점,조제건강식품,창원 소답시장,전통시장,경상남도,,,
8766d829c259a91165ea,full_annotation_v1,A,q_의약품_05,조제,건강·의료 중 '의약품'을 판매·제공하는 매장,train,의약품,T2 동의어,d4d55606-0ded-4890-a475-55d122c4427a,피보약국,일반의약품판매및 전문의약품조제,수등로 골목형상점가,골목형상점가,광주광역시,,,
4732b9820d219c0f8ed4,full_annotation_v1,A,q_의약품_05,조제,건강·의료 중 '의약품'을 판매·제공하는 매장,train,의약품,T2 동의어,6941be50-cfaf-485a-a629-65bfec29621e,맛제,,산내마을 골목형상점가,골목형상점가,경기도,,,
6a802d39349ff4716925,full_annotation_v1,A,q_의약품_05,조제,건강·의료 중 '의약품'을 판매·제공하는 매장,train,의약품,T2 동의어,7c92e237-f215-4b1c-a700-d2e3c2023b1b,조밭골,한식,명덕마을 골목형상점가,골목형상점가,울산광역시,,,
9bcaf4c1e8bf263488a5,full_annotation_v1,A,q_의약품_05,조제,건강·의료 중 '의약품'을 판매·제공하는 매장,train,의약품,T2 동의어,18ba179c-04b6-4fe8-b91d-f8cbdc7cecfb,1965 원조제일돌곱창,한식,상무연하상인회 골목형상점가,골목형상점가,광주광역시,,,
016c685e8bfbdcc8b6f7,full_annotation_v1,A,q_의약품_05,조제,건강·의료 중 '의약품'을 판매·제공하는 매장,train,의약품,T2 동의어,1f67f45d-ae68-410e-9c21-163f4ee22936,이제,의류,부산평화시장,전통시장,부산광역시,,,
78a5e81911751f747821,full_annotation_v1,A,q_의약품_05,조제,건강·의료 중 '의약품'을 판매·제공하는 매장,train,의약품,T2 동의어,96c20a21-5fa2-4205-aa68-3d69f9efe66c,바제,가구,학성가구거리 상점가,자율상권구역,울산광역시,,,
be84eeef75551884b7a6,full_annotation_v1,A,q_의약품_05,조제,건강·의료 중 '의약품'을 판매·제공하는 매장,train,의약품,T2 동의어,c93ca810-11c0-4460-8669-3ea1742d952a,inA패션,옷,현대유통쇼핑센터,전통시장,경상북도,,,
b80f48287d45804b5728,full_annotation_v1,A,q_의약품_05,조제,건강·의료 중 '의약품'을 판매·제공하는 매장,train,의약품,T2 동의어,7e5c5700-e543-47d1-a865-55a7a9bc8721,바다온누리약국,양약 조제,곰소 골목형상점가,골목형상점가,전북특별자치도,,,
3a335db6742432a9e64d,full_annotation_v1,A,q_의약품_05,조제,건강·의료 중 '의약품'을 판매·제공하는 매장,train,의약품,T2 동의어,006929a4-6712-43ca-80d7-f540710009b5,삼송프라자약국,의약품 외 건강기능식품,신원권율3 골목형상점가,골목형상점가,경기도,,,
5a6cc5f1108bd1908005,full_annotation_v1,A,q_의약품_05,조제,건강·의료 중 '의약품'을 판매·제공하는 매장,train,의약품,T2 동의어,00192f22-a492-4ba5-a62d-65bf0d0ec7b9,큰물한의원,한의원,전주서곡 골목형상점가,골목형상점가,전북특별자치도,,,
573575512ca85b1473b5,full_annotation_v1,A,q_의약품_05,조제,건강·의료 중 '의약품'을 판매·제공하는 매장,train,의약품,T2 동의어,12aa4963-540a-405f-885a-2779dbcc2baf,천혜의 손,운동처방,짚봉산상인회 골목형상점가,골목형상점가,광주광역시,,,
ede1da5ba28b6f5ebaac,full_annotation_v1,A,q_의약품_05,조제,건강·의료 중 '의약품'을 판매·제공하는 매장,train,의약품,T2 동의어,2daa91f7-3795-476f-a96f-3574a4bf300f,남면한의원,진료 밎 약처방,양주신산시장마을상점가,골목형상점가,경기도,,,
b4b77fff3a8d14c53d4c,full_annotation_v1,A,q_의약품_05,조제,건강·의료 중 '의약품'을 판매·제공하는 매장,train,의약품,T2 동의어,00768c91-a678-4fbc-a372-a2ee0260218f,수택온누리약국,,구리시 구도심 상권활성화구역,상권활성화구역,경기도,,,
1420799c50b88f58284a,full_annotation_v1,A,q_의약품_05,조제,건강·의료 중 '의약품'을 판매·제공하는 매장,train,의약품,T2 동의어,0040b4e6-7b74-4175-b54d-add4fe693d49,메디팜보명당약국,"의약품, 의료욕구, 복지욕구, 의료기기",점촌역전상점가,자율상권구역,경상북도,,,
da033f766fbb49c623d5,full_annotation_v1,A,q_의약품_05,조제,건강·의료 중 '의약품'을 판매·제공하는 매장,train,의약품,T2 동의어,00bd78a7-2a89-48d4-b7ec-efe5116ce2a4,반월당경북약국,약국,메트로센터(반월당지하쇼핑),일반지하상점가,대구광역시,,,
5e8733bf1fe5e2d96b9d,full_annotation_v1,A,q_의약품_05,조제,건강·의료 중 '의약품'을 판매·제공하는 매장,train,의약품,T2 동의어,149b0ab6-4462-4f61-9111-3ce516ab1464,하나로약국,"소매(의약품,조제)소매업(의료기기판매)",은행시장,전통시장,경기도,,,
da100344c1ade697fdf6,full_annotation_v1,A,q_의약품_05,조제,건강·의료 중 '의약품'을 판매·제공하는 매장,train,의약품,T2 동의어,0b824497-f936-4bd7-bea3-8f739a2c7f74,충남신발상회,신발,간석자유시장,전통시장,인천광역시,,,
b1b176257235b7f9dec0,full_annotation_v1,A,q_의약품_05,조제,건강·의료 중 '의약품'을 판매·제공하는 매장,train,의약품,T2 동의어,b2d8a66b-39f0-45b5-9872-7e419614d624,팔계훈제,,남구로시장,전통시장,서울특별시,,,
403de1c13557576c7b1e,full_annotation_v1,A,q_의약품_05,조제,건강·의료 중 '의약품'을 판매·제공하는 매장,train,의약품,T2 동의어,fcee49e2-4497-4cb6-a588-739d28cd0f11,삼겹바다축제,한식,신용동 대성빌딩 골목형상점가,골목형상점가,광주광역시,,,
0d52948dae2df98d5a16,full_annotation_v1,A,q_의약품_05,조제,건강·의료 중 '의약품'을 판매·제공하는 매장,train,의약품,T2 동의어,002c02f2-4428-4a84-a248-7b23ae109459,정관장 반석점,홍삼건강식품,지족반석 골목형상점가,골목형상점가,대전광역시,,,
8428d3253d0243df278a,full_annotation_v1,A,q_의약품_05,조제,건강·의료 중 '의약품'을 판매·제공하는 매장,train,의약품,T2 동의어,0056dcd4-0ac0-4535-9ee5-c8fd19d8ff14,중화한의원,한의원,보령한내시장,전통시장,충청남도,,,
dcf654597bc516cc5887,full_annotation_v1,A,q_의약품_05,조제,건강·의료 중 '의약품'을 판매·제공하는 매장,train,의약품,T2 동의어,02c6fc99-f1cb-4e77-a062-7f8db6f39bbc,대성건강원,건강원,대명시장,전통시장,대구광역시,,,
2f3bd97fbb32cb9bf7aa,full_annotation_v1,A,q_의약품_05,조제,건강·의료 중 '의약품'을 판매·제공하는 매장,train,의약품,T2 동의어,75428b5c-2914-4028-9301-e6c8974d4968,가래비약국,소매(양약(조제)),양주가래비중앙로상점가,골목형상점가,경기도,,,
63fdc324380a43b99129,full_annotation_v1,A,q_의약품_05,조제,건강·의료 중 '의약품'을 판매·제공하는 매장,train,의약품,T2 동의어,2ddcc1fb-a8ae-4fda-8ff8-fdabcb41edc6,광주고운세상피부과의원,처방전조제,아시아음식문화거리 골목형상점가,골목형상점가,광주광역시,,,
3a8f35521bc0bd7ac2d9,full_annotation_v1,A,q_의약품_05,조제,건강·의료 중 '의약품'을 판매·제공하는 매장,train,의약품,T2 동의어,ccc47240-a208-46fe-b46f-0a87e38207f1,다올헤어 광주매곡점,모발 커트 펌 염색,매곡 가인 골목형상점가,골목형상점가,광주광역시,,,
57596a9ad2611c101129,full_annotation_v1,A,q_의약품_05,조제,건강·의료 중 '의약품'을 판매·제공하는 매장,train,의약품,T2 동의어,cf2eec1f-2397-4e6a-b0a5-f38afc66fed0,테제,,학사골목 골목형상점가,골목형상점가,경상북도,,,
2e8b840a6d0b72046ed7,full_annotation_v1,A,q_의약품_05,조제,건강·의료 중 '의약품'을 판매·제공하는 매장,train,의약품,T2 동의어,1d92c3a7-67db-48e4-9d16-c7c423e22d2f,히든베이커리카페,"카페, 제과",대산종합시장,전통시장,충청남도,,,
fdad782f81c218ff80d9,full_annotation_v1,A,q_의약품_05,조제,건강·의료 중 '의약품'을 판매·제공하는 매장,train,의약품,T2 동의어,d42c1fb9-5323-4416-bb53-5f8262e4029d,홍조,의류,제주중앙지하상가,일반지하상점가,제주특별자치도,,,
acbdc3b0df155ec04ba8,full_annotation_v1,A,q_의약품_05,조제,건강·의료 중 '의약품'을 판매·제공하는 매장,train,의약품,T2 동의어,b95b062b-87f7-467b-8b41-8a1f998ab860,양림종로약국,처방조제 일반약 건강기능식품,정율성로 골목형상점가,골목형상점가,광주광역시,,,
024b84602718f6aaed20,full_annotation_v1,A,q_의약품_05,조제,건강·의료 중 '의약품'을 판매·제공하는 매장,train,의약품,T2 동의어,32f04a39-e08b-49d6-be61-7d5a29a2b57c,연세모벨르의원 종로본점,탈모약처방,종로5가역일번출구상점가,자율상권구역,서울특별시,,,
74ed926a24ee572cf205,full_annotation_v1,A,q_의약품_05,조제,건강·의료 중 '의약품'을 판매·제공하는 매장,train,의약품,T2 동의어,02d49b6b-4c61-4aef-a15f-338ca1a59f59,레레하우스,파스타 피자 스테이크,첨단지구 골목형상점가,골목형상점가,광주광역시,,,
71e055e99f55fd36dbd4,full_annotation_v1,A,q_의약품_05,조제,건강·의료 중 '의약품'을 판매·제공하는 매장,train,의약품,T2 동의어,c1d937b9-d361-44b5-a690-bcc8c24b0e4f,참좋은약국,"양약, 조제",비아중앙로 골목형상점가,골목형상점가,광주광역시,,,
2c235b5fecbcb371ff08,full_annotation_v1,A,q_의약품_05,조제,건강·의료 중 '의약품'을 판매·제공하는 매장,train,의약품,T2 동의어,00681cee-2849-497b-b7d1-548576542ed2,풍암한의원,한의원,풍암벚꽃길상인회 골목형상점가,골목형상점가,광주광역시,,,
f270fceed78580ce7dfd,full_annotation_v1,A,q_의약품_05,조제,건강·의료 중 '의약품'을 판매·제공하는 매장,train,의약품,T2 동의어,9877a870-f6fe-467b-85e8-98447798922a,동네약국,처방의약품의 조제 일반의약품 판매,반석동 골목형상점가,골목형상점가,대전광역시,,,
011818716242d0422f1c,full_annotation_v1,A,q_의약품_05,조제,건강·의료 중 '의약품'을 판매·제공하는 매장,train,의약품,T2 동의어,5f5ee857-139e-4bfd-9170-18941e22dc84,전야제,한식,신가아름마을,골목형상점가,광주광역시,,,
0bd8520598031f4808dd,full_annotation_v1,A,q_의약품_05,조제,건강·의료 중 '의약품'을 판매·제공하는 매장,train,의약품,T2 동의어,00e9de4b-3c8d-44a2-bfc2-ddc91fe5a03b,대디파스타,파스타돈가스,벽산황계로 골목형상점가,골목형상점가,광주광역시,,,
582f6a3b1747735f40df,full_annotation_v1,A,q_의약품_05,조제,건강·의료 중 '의약품'을 판매·제공하는 매장,train,의약품,T2 동의어,9a69c3e4-75b4-4fd3-a914-accdc37473f6,조느망,의류,문산자유시장,전통시장,경기도,,,
475c96140cc1454aa228,full_annotation_v1,A,q_의약품_05,조제,건강·의료 중 '의약품'을 판매·제공하는 매장,train,의약품,T2 동의어,a225260f-4e1a-43c8-b0ec-5407db6b5862,칠만표방수제,방수제,우산로 골목형상점가,골목형상점가,광주광역시,,,
a6d79b80f88223f86b36,full_annotation_v1,A,q_의약품_05,조제,건강·의료 중 '의약품'을 판매·제공하는 매장,train,의약품,T2 동의어,014b63c0-c9e4-4e3b-beae-777251f28ad3,믿음건강원,음식업(건강원),안성중앙시장,전통시장,경기도,,,
05f669734100662b41be,full_annotation_v1,A,q_의약품_05,조제,건강·의료 중 '의약품'을 판매·제공하는 매장,train,의약품,T2 동의어,de9db77d-489b-4cff-8241-d7c70cb6dd1f,조옥,한식,수암종합시장,전통시장,울산광역시,,,
daa8ff800319beb2c8e2,full_annotation_v1,A,q_의약품_05,조제,건강·의료 중 '의약품'을 판매·제공하는 매장,train,의약품,T2 동의어,b69e98d7-6cd4-4b4e-ac33-50a5b60ff3d2,조쿤과일,,관저상가 골목형상점가,골목형상점가,대전광역시,,,
5fd18fc6eb1813c13934,full_annotation_v1,A,q_의약품_05,조제,건강·의료 중 '의약품'을 판매·제공하는 매장,train,의약품,T2 동의어,9ad6ac03-fedf-46b6-9a57-ea4af98a4939,배추네쌈밥,쌈밥 생고기 삼겹살 김치찜 두부김치 소고기,518먹자골목상인회 골목형상점가,골목형상점가,광주광역시,,,
613a2d67a91a0a1f3d09,full_annotation_v1,A,q_의약품_05,조제,건강·의료 중 '의약품'을 판매·제공하는 매장,train,의약품,T2 동의어,02fa5d6f-5100-4cd5-8a9f-184877f99878,덕수파스타 원주 일산점,,중앙로골목형상점가,골목형상점가,강원특별자치도,,,
62c7457e1c36129293db,full_annotation_v1,A,q_의약품_05,조제,건강·의료 중 '의약품'을 판매·제공하는 매장,train,의약품,T2 동의어,c3ed222b-1de3-44c2-b8cf-ef9826c837bd,식사동9제,의류,봉일천전통시장,전통시장,경기도,,,
8988a61569c594e2895c,full_annotation_v1,A,q_의약품_05,조제,건강·의료 중 '의약품'을 판매·제공하는 매장,train,의약품,T2 동의어,58d10319-b6cc-4368-8852-e64c942eff86,여제,,마산 창동통합상가,전통시장,경상남도,,,
3c408990dc640b42a7c8,full_annotation_v1,A,q_의약품_05,조제,건강·의료 중 '의약품'을 판매·제공하는 매장,train,의약품,T2 동의어,05c262c4-7f1e-47cf-8292-d675166c7876,태일건강원,,세종전통시장,전통시장,세종특별자치시,,,
440b1a6a6dda7ace742f,full_annotation_v1,A,q_의약품_05,조제,건강·의료 중 '의약품'을 판매·제공하는 매장,train,의약품,T2 동의어,21fd5be0-c4c6-4046-9418-7980138dac08,민당약국,소매(양약(조제)),상대원시장,전통시장,경기도,,,
18f27259b6e6a2bea12d,full_annotation_v1,A,q_의약품_05,조제,건강·의료 중 '의약품'을 판매·제공하는 매장,train,의약품,T2 동의어,c9cbf9a2-43f7-4544-a6a6-fe10eff6147e,조다쉬,의류,모라전통시장,전통시장,부산광역시,,,
6a24a516297fb1408e03,full_annotation_v1,A,q_의약품_05,조제,건강·의료 중 '의약품'을 판매·제공하는 매장,train,의약품,T2 동의어,536d0534-972d-43d7-ad34-d056629c7bb9,제주수산,생선,서귀포매일올레시장,전통시장,제주특별자치도,,,
920595e01a3a059075b4,full_annotation_v1,A,q_의약품_05,조제,건강·의료 중 '의약품'을 판매·제공하는 매장,train,의약품,T2 동의어,00b6e321-5954-437c-b1d9-94fded29f67e,웰빙마트,식품,서남신시장,전통시장,대구광역시,,,
85f8cead7442b50f51ef,full_annotation_v1,A,q_의약품_05,조제,건강·의료 중 '의약품'을 판매·제공하는 매장,train,의약품,T2 동의어,0acee185-d982-4fb8-a197-c8ffd8b2888e,태평양약국,의약품 조제,안골사거리 골목형상점가,골목형상점가,전북특별자치도,,,
8df7f0fa41919c2661e9,full_annotation_v1,A,q_의약품_05,조제,건강·의료 중 '의약품'을 판매·제공하는 매장,train,의약품,T2 동의어,d33ba9a0-d6c8-47e5-b3e2-b7c814eb291c,파시구제,의류,마산 부림시장,전통시장,경상남도,,,
08f6aa35a16a900263a1,full_annotation_v1,A,q_의약품_05,조제,건강·의료 중 '의약품'을 판매·제공하는 매장,train,의약품,T2 동의어,faf1b335-baa5-4f56-a2db-5018dcc78176,이음생활건강,다이어트보조제 멜라토닌제품 알부민제품 효소제품,의왕예술의거리골목형상점가,골목형상점가,경기도,,,
8b6d02e3515f09db7b1c,full_annotation_v1,A,q_의약품_06,처방,건강·의료 중 '의약품'을 판매·제공하는 매장,train,의약품,T2 동의어,0040b4e6-7b74-4175-b54d-add4fe693d49,메디팜보명당약국,"의약품, 의료욕구, 복지욕구, 의료기기",점촌역전상점가,자율상권구역,경상북도,,,
441c6df1bf94d92ca248,full_annotation_v1,A,q_의약품_06,처방,건강·의료 중 '의약품'을 판매·제공하는 매장,train,의약품,T2 동의어,00768c91-a678-4fbc-a372-a2ee0260218f,수택온누리약국,,구리시 구도심 상권활성화구역,상권활성화구역,경기도,,,
c0afa4cae5ea4ee334fc,full_annotation_v1,A,q_의약품_06,처방,건강·의료 중 '의약품'을 판매·제공하는 매장,train,의약품,T2 동의어,7c75a919-fb9f-464a-b032-dea9e2625f23,토방,한식,북부서 맞은편 골목형상점가,골목형상점가,광주광역시,,,
274cd850d5482980bbdf,full_annotation_v1,A,q_의약품_06,처방,건강·의료 중 '의약품'을 판매·제공하는 매장,train,의약품,T2 동의어,7987987c-472b-4280-a6d4-85726ec5fc8f,은성종합철거,철거 리모델링,혁신도시5구역골목형상점가,골목형상점가,강원특별자치도,,,
81bd0d7060596d3a34e7,full_annotation_v1,A,q_의약품_06,처방,건강·의료 중 '의약품'을 판매·제공하는 매장,train,의약품,T2 동의어,00bd78a7-2a89-48d4-b7ec-efe5116ce2a4,반월당경북약국,약국,메트로센터(반월당지하쇼핑),일반지하상점가,대구광역시,,,
41770095bdaab58782dd,full_annotation_v1,A,q_의약품_06,처방,건강·의료 중 '의약품'을 판매·제공하는 매장,train,의약품,T2 동의어,aae5fc3e-6756-44c2-b94a-6c0420f10cef,탑약국,처방조제 일반의약품 판매,쇠내울골목형상점가,골목형상점가,충청북도,,,
62949d033c9046b4fdbf,full_annotation_v1,A,q_의약품_06,처방,건강·의료 중 '의약품'을 판매·제공하는 매장,train,의약품,T2 동의어,03f37d02-1eb9-4f82-ab05-be726fa24a36,우주파스타,,수정로 상권활성화구역,상권활성화구역,경기도,,,
74d06b85bb9ed631ea70,full_annotation_v1,A,q_의약품_06,처방,건강·의료 중 '의약품'을 판매·제공하는 매장,train,의약품,T2 동의어,01d775c4-b8be-45e9-811c-c3f884b2d1b9,사계절 흑염소,건강원,오치1동 골목형상점가,골목형상점가,광주광역시,,,
6f14c8c7a5a8bb291526,full_annotation_v1,A,q_의약품_06,처방,건강·의료 중 '의약품'을 판매·제공하는 매장,train,의약품,T2 동의어,833d3cf2-3e68-4167-9fea-cc9f39d96b3d,처갓집,치킨,태봉마을 골목형상점가,골목형상점가,경기도,,,
7eb81f68425a74d3fe9c,full_annotation_v1,A,q_의약품_06,처방,건강·의료 중 '의약품'을 판매·제공하는 매장,train,의약품,T2 동의어,e4840569-5ea6-4df9-8e3c-f6c3c4f176a4,송두한한의원,한약처방과 한방시술,성정가구거리상점가,자율상권구역,충청남도,,,
30de6fe22ba997821678,full_annotation_v1,A,q_의약품_06,처방,건강·의료 중 '의약품'을 판매·제공하는 매장,train,의약품,T2 동의어,00192f22-a492-4ba5-a62d-65bf0d0ec7b9,큰물한의원,한의원,전주서곡 골목형상점가,골목형상점가,전북특별자치도,,,
f45c189c76ff057f59e1,full_annotation_v1,A,q_의약품_06,처방,건강·의료 중 '의약품'을 판매·제공하는 매장,train,의약품,T2 동의어,35f8187e-8da2-4750-982a-706dade5fbf7,처녀상회,의류,하동공설시장,전통시장,경상남도,,,
dd858ec5ec8c05538cb0,full_annotation_v1,A,q_의약품_06,처방,건강·의료 중 '의약품'을 판매·제공하는 매장,train,의약품,T2 동의어,5a84e615-bf0b-4e65-ba50-5885fd8c3672,원앙청과,과실,광명전통시장,전통시장,경기도,,,
72bb634eb0dad6c5589d,full_annotation_v1,A,q_의약품_06,처방,건강·의료 중 '의약품'을 판매·제공하는 매장,train,의약품,T2 동의어,1f23a291-2cf1-40a7-b350-823a1030671e,바오통닭,,공산면 골목형상점가,골목형상점가,,,,
794d35c00e099f3e9c80,full_annotation_v1,A,q_의약품_06,처방,건강·의료 중 '의약품'을 판매·제공하는 매장,train,의약품,T2 동의어,05c262c4-7f1e-47cf-8292-d675166c7876,태일건강원,,세종전통시장,전통시장,세종특별자치시,,,
8ace6c0aa2f63f55a70b,full_annotation_v1,A,q_의약품_06,처방,건강·의료 중 '의약품'을 판매·제공하는 매장,train,의약품,T2 동의어,ec39a769-4453-4f05-aa81-7e92a1b32526,다가치통닭명덕점,치킨,명덕마을 골목형상점가,골목형상점가,울산광역시,,,
e559651e5411f2a100cf,full_annotation_v1,A,q_의약품_06,처방,건강·의료 중 '의약품'을 판매·제공하는 매장,train,의약품,T2 동의어,5224cb69-85d5-4eaf-95c2-1aef303f50fd,액시스재활운동센터,운동처방 운동재활,효자촌 골목형상점가,골목형상점가,경기도,,,
5e2b2a1c2bf2039ebd03,full_annotation_v1,A,q_의약품_06,처방,건강·의료 중 '의약품'을 판매·제공하는 매장,train,의약품,T2 동의어,dbc980b7-20e0-41ef-b3cb-d7927e75fa2e,처음한복,한복,호남동불로동천변 골목형상점가,골목형상점가,광주광역시,,,
c9b5599c61c3764197f1,full_annotation_v1,A,q_의약품_06,처방,건강·의료 중 '의약품'을 판매·제공하는 매장,train,의약품,T2 동의어,a9d7a9a5-8ccb-4e6c-baa2-958f8cb89468,달성식당,한식,명덕마을 골목형상점가,골목형상점가,울산광역시,,,
e328f52d53bde40f3e90,full_annotation_v1,A,q_의약품_06,처방,건강·의료 중 '의약품'을 판매·제공하는 매장,train,의약품,T2 동의어,00140fab-ec56-4d81-8a03-d3d4aa8d5a49,계령약국,의약품,성대시장골목형상점가,골목형상점가,서울특별시,,,
73e6b11ba46b9e77100b,full_annotation_v1,A,q_의약품_06,처방,건강·의료 중 '의약품'을 판매·제공하는 매장,train,의약품,T2 동의어,4db971f5-b7fc-4554-b81f-c0a4b231c23c,처리네678,한식,한들물빛도시 골목형 상점가,골목형상점가,충청남도,,,
00bb2fafec288a7b665f,full_annotation_v1,A,q_의약품_06,처방,건강·의료 중 '의약품'을 판매·제공하는 매장,train,의약품,T2 동의어,460b8af6-a85a-45eb-abb0-ee1f9a64a901,디스커버리 김포점,스포츠의류,김포장기패션아울렛,골목형상점가,경기도,,,
565bd502b7d95b1beecd,full_annotation_v1,A,q_의약품_06,처방,건강·의료 중 '의약품'을 판매·제공하는 매장,train,의약품,T2 동의어,00523307-cc4c-4b0c-8b2f-176ca7450d24,오름한의원,한의원,아차산등산로골목형상점가,골목형상점가,서울특별시,,,
4d357e8dd69a66e48b70,full_annotation_v1,A,q_의약품_06,처방,건강·의료 중 '의약품'을 판매·제공하는 매장,train,의약품,T2 동의어,65ef5b0b-676f-41cb-ad2b-13189e9ae071,처갓집손두부,,승달 골목형상점가,골목형상점가,,,,
dd63ea581bd9c82a541e,full_annotation_v1,A,q_의약품_06,처방,건강·의료 중 '의약품'을 판매·제공하는 매장,train,의약품,T2 동의어,0002538c-b8d9-4911-81c7-966789036b09,빛고을 치과의원,의원,세은 골목형상점가,골목형상점가,광주광역시,,,
afb6049093e042be6d27,full_annotation_v1,A,q_의약품_06,처방,건강·의료 중 '의약품'을 판매·제공하는 매장,train,의약품,T2 동의어,9e47e68a-1385-4946-a350-0ff4ff045ce3,형제상사,,부산진시장,전통시장,부산광역시,,,
8f352241219a105d943a,full_annotation_v1,A,q_의약품_06,처방,건강·의료 중 '의약품'을 판매·제공하는 매장,train,의약품,T2 동의어,ba63bdee-0c1d-4575-a33b-f8a6bc3afc88,처음한복,한복,수완나들목 골목형상점가,골목형상점가,광주광역시,,,
e99603a38542aba1fc02,full_annotation_v1,A,q_의약품_06,처방,건강·의료 중 '의약품'을 판매·제공하는 매장,train,의약품,T2 동의어,8d95a4be-52d9-410b-b551-b1a8c9a4193f,장수횟집,한식,남해전통시장,전통시장,경상남도,,,
598bf1e08d515dd8c1b9,full_annotation_v1,A,q_의약품_06,처방,건강·의료 중 '의약품'을 판매·제공하는 매장,train,의약품,T2 동의어,c982a516-7110-4738-ad3c-dfb2513c736b,처음꽃방,꽃집,동해남부재래시장,전통시장,강원특별자치도,,,
9c62ee1174a2428ef322,full_annotation_v1,A,q_의약품_06,처방,건강·의료 중 '의약품'을 판매·제공하는 매장,train,의약품,T2 동의어,1f04b9fa-c6d7-46d2-97b3-7c96b99bbb45,한식공방,,보성시장,전통시장,제주특별자치도,,,
37ac1b20fd617eb8145f,full_annotation_v1,A,q_의약품_06,처방,건강·의료 중 '의약품'을 판매·제공하는 매장,train,의약품,T2 동의어,008a831c-1fd3-4b7c-96c1-0e92332ccbf3,명성약국,의약품,공주산성시장,전통시장,충청남도,,,
f440a7580129f49c6fe6,full_annotation_v1,A,q_의약품_06,처방,건강·의료 중 '의약품'을 판매·제공하는 매장,train,의약품,T2 동의어,18e8cc69-eb34-4b62-862e-9c0d1989ee88,넥시아,가방,창원 성원그랜드쇼핑상가,전통시장,경상남도,,,
371f5d5c2a7ecdf9c68e,full_annotation_v1,A,q_의약품_06,처방,건강·의료 중 '의약품'을 판매·제공하는 매장,train,의약품,T2 동의어,000db6d6-585c-4aba-94e7-fc6a23a694fb,시민약국,의약품,문경중앙시장,전통시장,경상북도,,,
d0ddaf693fccb11de0fa,full_annotation_v1,A,q_의약품_06,처방,건강·의료 중 '의약품'을 판매·제공하는 매장,train,의약품,T2 동의어,02d49b6b-4c61-4aef-a15f-338ca1a59f59,레레하우스,파스타 피자 스테이크,첨단지구 골목형상점가,골목형상점가,광주광역시,,,
b7bb3cd0c450cfc2decd,full_annotation_v1,A,q_의약품_06,처방,건강·의료 중 '의약품'을 판매·제공하는 매장,train,의약품,T2 동의어,29976f81-4c37-44ac-a198-42bbefc01af6,처방전,한방차 및 커피,육림고개상점가,자율상권구역,강원특별자치도,,,
e557a9a88d80d215e670,full_annotation_v1,A,q_의약품_06,처방,건강·의료 중 '의약품'을 판매·제공하는 매장,train,의약품,T2 동의어,002c02f2-4428-4a84-a248-7b23ae109459,정관장 반석점,홍삼건강식품,지족반석 골목형상점가,골목형상점가,대전광역시,,,
a9da284845b008d1192e,full_annotation_v1,A,q_의약품_06,처방,건강·의료 중 '의약품'을 판매·제공하는 매장,train,의약품,T2 동의어,5a78c2ce-adde-4e1b-a65d-1c47de7e1529,처가네,치킨,"일곡동(제4지역:쌍용,호반,청솔2,호반일신,청솔1)",골목형상점가,광주광역시,,,
70fa8b8d2b5692ba2ca4,full_annotation_v1,A,q_의약품_06,처방,건강·의료 중 '의약품'을 판매·제공하는 매장,train,의약품,T2 동의어,2ddcc1fb-a8ae-4fda-8ff8-fdabcb41edc6,광주고운세상피부과의원,처방전조제,아시아음식문화거리 골목형상점가,골목형상점가,광주광역시,,,
e13bcae2fe340e243c30,full_annotation_v1,A,q_의약품_06,처방,건강·의료 중 '의약품'을 판매·제공하는 매장,train,의약품,T2 동의어,1d86e14c-ca26-4e1f-9319-79b0c15d4a56,다솜약국,양약조제,선부광장로상점가,자율상권구역,경기도,,,
aa8d43e19c9e8f822291,full_annotation_v1,A,q_의약품_06,처방,건강·의료 중 '의약품'을 판매·제공하는 매장,train,의약품,T2 동의어,4afc85ed-d0b2-44b2-b5e8-059ae10a5e50,숯불에닭사우점,닭고기,김포 풍년마을 골목형상점가,골목형상점가,경기도,,,
3b812ed1ddd5585eb82b,full_annotation_v1,A,q_의약품_06,처방,건강·의료 중 '의약품'을 판매·제공하는 매장,train,의약품,T2 동의어,009eb486-5dea-48f4-9f45-85c0ac03972a,수만건강식품,,봉동생강골시장,전통시장,전북특별자치도,,,
ad594f069b77e1b97875,full_annotation_v1,A,q_의약품_06,처방,건강·의료 중 '의약품'을 판매·제공하는 매장,train,의약품,T2 동의어,52b26cab-d0d8-4c8e-86d4-388aadfb7d6b,오행골반,운동처방,금호행복시장(금호시장),전통시장,경기도,,,
6e47ba6ef50db636be62,full_annotation_v1,A,q_의약품_06,처방,건강·의료 중 '의약품'을 판매·제공하는 매장,train,의약품,T2 동의어,0112a558-2787-41dc-ae68-695e60c4930c,해동그랜드약국,약국,전곡시장,전통시장,서울특별시,,,
3a6a36771915bf544647,full_annotation_v1,A,q_의약품_06,처방,건강·의료 중 '의약품'을 판매·제공하는 매장,train,의약품,T2 동의어,014b63c0-c9e4-4e3b-beae-777251f28ad3,믿음건강원,음식업(건강원),안성중앙시장,전통시장,경기도,,,
02dc33f9f4c50f63fa3a,full_annotation_v1,A,q_의약품_06,처방,건강·의료 중 '의약품'을 판매·제공하는 매장,train,의약품,T2 동의어,99ce0878-29e2-4159-b085-35b63b72e7eb,숲동물병원,동물의료서비스 및 처방사료 등,남구보건소사거리 골목형상점가,골목형상점가,울산광역시,,,
af26d3a04e8a85fe65fd,full_annotation_v1,A,q_의약품_06,처방,건강·의료 중 '의약품'을 판매·제공하는 매장,train,의약품,T2 동의어,1a8f19ad-dc06-4bc5-a9c2-9e62f969b978,튀겨방,,대포항골목형상점가B,골목형상점가,강원특별자치도,,,
30791c15faed0f233e64,full_annotation_v1,A,q_의약품_06,처방,건강·의료 중 '의약품'을 판매·제공하는 매장,train,의약품,T2 동의어,de1c95a0-9acc-4828-88ea-540a9ff30a4e,처가반찬,,김해 외동전통시장,전통시장,경상남도,,,
bc6bbcd1ebb7162ebe85,full_annotation_v1,A,q_의약품_06,처방,건강·의료 중 '의약품'을 판매·제공하는 매장,train,의약품,T2 동의어,82de9e33-4855-401d-b203-c8f5683f0633,처갓집,한식,대해불빛시장(대해종합시장),전통시장,경상북도,,,
bd3398e0914f80694f2d,full_annotation_v1,A,q_의약품_06,처방,건강·의료 중 '의약품'을 판매·제공하는 매장,train,의약품,T2 동의어,9877a870-f6fe-467b-85e8-98447798922a,동네약국,처방의약품의 조제 일반의약품 판매,반석동 골목형상점가,골목형상점가,대전광역시,,,
06ef8a59804646151413,full_annotation_v1,A,q_의약품_06,처방,건강·의료 중 '의약품'을 판매·제공하는 매장,train,의약품,T2 동의어,5ca699cd-b09a-43f2-b3ed-de13e960aa42,송강동물병원,동물진료 처방사료,송강동 골목형상점가,골목형상점가,대전광역시,,,
bf45bea2d862d3c93144,full_annotation_v1,A,q_의약품_06,처방,건강·의료 중 '의약품'을 판매·제공하는 매장,train,의약품,T2 동의어,30588cb3-f9a7-49e8-9c3e-be765f773ac8,운동처방 스포츠센타,도수치료,광복마을길 골목형상점가,골목형상점가,광주광역시,,,
5b3ce39a69b1a1cdef5b,full_annotation_v1,A,q_의약품_06,처방,건강·의료 중 '의약품'을 판매·제공하는 매장,train,의약품,T2 동의어,c704f88d-4ea8-40a2-bce2-23af9ac7c7eb,팔방,한식,남이동길골목형상점가,골목형상점가,서울특별시,,,
7fedfaea462753a0e9ba,full_annotation_v1,A,q_의약품_06,처방,건강·의료 중 '의약품'을 판매·제공하는 매장,train,의약품,T2 동의어,00e92856-b294-4032-8540-d60e9817f2d8,럭키약국,"의약품, 건강기능식품, 식품",충무로골목형상점가,골목형상점가,서울특별시,,,
7a2ce6dcdd4a2b788663,full_annotation_v1,A,q_의약품_06,처방,건강·의료 중 '의약품'을 판매·제공하는 매장,train,의약품,T2 동의어,91783d48-8993-4a8b-bc8f-a2723dd6b98b,경희허준한의원,한약처방 한방치료 통증치료 침 뜸 부항 물리치료 전침 추나 경옥고 공진단,대조시장,전통시장,서울특별시,,,
0b01e0904e3114524ad2,full_annotation_v1,A,q_의약품_06,처방,건강·의료 중 '의약품'을 판매·제공하는 매장,train,의약품,T2 동의어,149b0ab6-4462-4f61-9111-3ce516ab1464,하나로약국,"소매(의약품,조제)소매업(의료기기판매)",은행시장,전통시장,경기도,,,
20aad1715e76ec177087,full_annotation_v1,A,q_의약품_06,처방,건강·의료 중 '의약품'을 판매·제공하는 매장,train,의약품,T2 동의어,008b065b-181b-4891-95dc-7a77a7c143d1,혜화온누리약국,약국,유성도안 골목형상점가,골목형상점가,대전광역시,,,
ce9da34903cd8bef823e,full_annotation_v1,A,q_의약품_06,처방,건강·의료 중 '의약품'을 판매·제공하는 매장,train,의약품,T2 동의어,b95b062b-87f7-467b-8b41-8a1f998ab860,양림종로약국,처방조제 일반약 건강기능식품,정율성로 골목형상점가,골목형상점가,광주광역시,,,
9ea4248b4fe9a55c4f48,full_annotation_v1,A,q_의약품_06,처방,건강·의료 중 '의약품'을 판매·제공하는 매장,train,의약품,T2 동의어,008f6b90-4bab-45de-be49-429a25b6ab04,생명사랑약국,의약품,상대동로 골목형상점가,골목형상점가,대전광역시,,,
19f3ea2182fe10cd44aa,full_annotation_v1,A,q_의약품_06,처방,건강·의료 중 '의약품'을 판매·제공하는 매장,train,의약품,T2 동의어,234bc728-42e1-4116-837d-7eadb46aab98,카페 꽈배기어라,,공산면 골목형상점가,골목형상점가,,,,
b3050c297ae2417e8fa0,full_annotation_v1,A,q_의약품_06,처방,건강·의료 중 '의약품'을 판매·제공하는 매장,train,의약품,T2 동의어,5e93a6ca-95dc-4686-862a-cdb9364d8073,한식집(구)숟가락젓가락,한식,경주중심상가,전통시장,경상북도,,,
b980153ac84ca8468fb9,full_annotation_v1,A,q_의약품_06,처방,건강·의료 중 '의약품'을 판매·제공하는 매장,train,의약품,T2 동의어,006929a4-6712-43ca-80d7-f540710009b5,삼송프라자약국,의약품 외 건강기능식품,신원권율3 골목형상점가,골목형상점가,경기도,,,
9175a770f645efd9db12,full_annotation_v1,A,q_의약품_06,처방,건강·의료 중 '의약품'을 판매·제공하는 매장,train,의약품,T2 동의어,353bfa1d-571e-408f-aa44-fd2920b353c0,고려상사,식품업,진주 청과시장,전통시장,경상남도,,,
fd1350e23e25cc611f3e,full_annotation_v1,A,q_의약품_06,처방,건강·의료 중 '의약품'을 판매·제공하는 매장,train,의약품,T2 동의어,17352706-df34-4921-915a-7c8231e5dd83,장끄방,한식,광복마을길 골목형상점가,골목형상점가,광주광역시,,,
f54d71a87c1d13e1f028,full_annotation_v1,A,q_의약품_06,처방,건강·의료 중 '의약품'을 판매·제공하는 매장,train,의약품,T2 동의어,700d8a11-b988-484a-857f-82f7358b8414,광주경희한의원,한의원 진료 처방,첨단동행 골목형상점가,골목형상점가,광주광역시,,,
d45b538f8f955d107b4a,full_annotation_v1,A,q_의약품_06,처방,건강·의료 중 '의약품'을 판매·제공하는 매장,train,의약품,T2 동의어,0e3d8d9a-4f32-47f6-9793-3acda988aa07,바우약국,양약소매 한약 처방약조제,광명새마을시장,전통시장,경기도,,,
812e7fb9d56a7a5044b3,full_annotation_v1,A,q_의약품_06,처방,건강·의료 중 '의약품'을 판매·제공하는 매장,train,의약품,T2 동의어,02c6fc99-f1cb-4e77-a062-7f8db6f39bbc,대성건강원,건강원,대명시장,전통시장,대구광역시,,,
0b87286c9866a5073810,full_annotation_v1,A,q_의약품_06,처방,건강·의료 중 '의약품'을 판매·제공하는 매장,train,의약품,T2 동의어,77d2e308-7d6e-472d-9448-895f432f4030,꼬생방,,장흥중앙로 골목형상점가,골목형상점가,,,,
468940a9c9cf6a2f6148,full_annotation_v1,A,q_의약품_06,처방,건강·의료 중 '의약품'을 판매·제공하는 매장,train,의약품,T2 동의어,019ac829-9ffd-42aa-bfd1-9da1dfba52e2,바디엔 약국,,남악1번가 골목형상점가,골목형상점가,,,,
551aeabf5d62a8868679,full_annotation_v1,A,q_의약품_06,처방,건강·의료 중 '의약품'을 판매·제공하는 매장,train,의약품,T2 동의어,00681cee-2849-497b-b7d1-548576542ed2,풍암한의원,한의원,풍암벚꽃길상인회 골목형상점가,골목형상점가,광주광역시,,,
2e1a12e6d91ada1b38bc,full_annotation_v1,A,q_의약품_06,처방,건강·의료 중 '의약품'을 판매·제공하는 매장,train,의약품,T2 동의어,489806e5-3245-455f-9280-c7316513d7ae,부전약국,처방약,부전상가시장,전통시장,부산광역시,,,
8b3123b39b8534fb8e08,full_annotation_v1,A,q_의약품_06,처방,건강·의료 중 '의약품'을 판매·제공하는 매장,train,의약품,T2 동의어,0056dcd4-0ac0-4535-9ee5-c8fd19d8ff14,중화한의원,한의원,보령한내시장,전통시장,충청남도,,,
23abd9019ca21dbf9c79,full_annotation_v1,A,q_의약품_06,처방,건강·의료 중 '의약품'을 판매·제공하는 매장,train,의약품,T2 동의어,32f04a39-e08b-49d6-be61-7d5a29a2b57c,연세모벨르의원 종로본점,탈모약처방,종로5가역일번출구상점가,자율상권구역,서울특별시,,,
04dbc5a75c9f278e2bda,full_annotation_v1,A,q_의약품_06,처방,건강·의료 중 '의약품'을 판매·제공하는 매장,train,의약품,T2 동의어,00b6e321-5954-437c-b1d9-94fded29f67e,웰빙마트,식품,서남신시장,전통시장,대구광역시,,,
c20239431fbfa0e4c0f9,full_annotation_v1,A,q_의약품_06,처방,건강·의료 중 '의약품'을 판매·제공하는 매장,train,의약품,T2 동의어,87b0827c-b37f-4e87-9f80-140ed44c6f80,성현약국,"처방조제, 일반의약품, 건강기능식품, 의약외품 등",방이시장,전통시장,서울특별시,,,
dc4e4d3f7aadc20fa8e5,full_annotation_v1,A,q_의약품_06,처방,건강·의료 중 '의약품'을 판매·제공하는 매장,train,의약품,T2 동의어,e6ce3980-dc5f-4f68-a54f-b940cc29d287,화균갈비,한식,원마루시장,전통시장,충청북도,,,
9fdd4c299ddfcec56b0b,full_annotation_v1,A,q_의약품_06,처방,건강·의료 중 '의약품'을 판매·제공하는 매장,train,의약품,T2 동의어,02a22184-6068-4776-bd65-01bcbb333b7e,현대제탕,건강원,염매시장(구 덕산시장),전통시장,대구광역시,,,
e484c07f7fc110369e84,full_annotation_v1,A,q_의약품_06,처방,건강·의료 중 '의약품'을 판매·제공하는 매장,train,의약품,T2 동의어,95eb6d38-0956-4972-a643-ce99d766329f,튼튼한약국,처방전약조제일반약품소매밴드파스등등,동구청앞 골목형상점가,골목형상점가,광주광역시,,,
b7ef4298228173d81215,full_annotation_v1,A,q_의약품_06,처방,건강·의료 중 '의약품'을 판매·제공하는 매장,train,의약품,T2 동의어,0acee185-d982-4fb8-a197-c8ffd8b2888e,태평양약국,의약품 조제,안골사거리 골목형상점가,골목형상점가,전북특별자치도,,,
02de6de2ad2fd54ac8c6,full_annotation_v1,A,q_의약품_06,처방,건강·의료 중 '의약품'을 판매·제공하는 매장,train,의약품,T2 동의어,977d1c39-e554-45a8-ab98-9e2423f6e37a,처제밥상,한식,더불어,골목형상점가,광주광역시,,,
6b87cd20739b3ed631fe,full_annotation_v1,A,q_의약품_06,처방,건강·의료 중 '의약품'을 판매·제공하는 매장,train,의약품,T2 동의어,99aa07b0-88a0-46a6-9142-c07661d21850,처갓집통닭,음식점,태평상가,골목형상점가,경기도,,,
66c1ea48bd3fca9756ce,full_annotation_v1,A,q_의약품_06,처방,건강·의료 중 '의약품'을 판매·제공하는 매장,train,의약품,T2 동의어,2daa91f7-3795-476f-a96f-3574a4bf300f,남면한의원,진료 밎 약처방,양주신산시장마을상점가,골목형상점가,경기도,,,
dfe7fcafbf998fad47fb,full_annotation_v1,A,q_의약품_06,처방,건강·의료 중 '의약품'을 판매·제공하는 매장,train,의약품,T2 동의어,00e9de4b-3c8d-44a2-bfc2-ddc91fe5a03b,대디파스타,파스타돈가스,벽산황계로 골목형상점가,골목형상점가,광주광역시,,,
e02f4aaadf9ae88a1603,full_annotation_v1,A,q_의약품_06,처방,건강·의료 중 '의약품'을 판매·제공하는 매장,train,의약품,T2 동의어,4a4f0e62-8867-4867-901b-b0876beb0d52,대체요법,운동처방,"일곡동(제6지역:청솔3,대림2,현대3,현대1,금호,청솔4)",골목형상점가,광주광역시,,,
1809a3890a8076cb8894,full_annotation_v1,A,q_의약품_06,처방,건강·의료 중 '의약품'을 판매·제공하는 매장,train,의약품,T2 동의어,b718569e-cd6b-4107-bc79-195c16582296,윤슬헤어,미용실,혁신도시5구역골목형상점가,골목형상점가,강원특별자치도,,,
2b051bcafe653b16a6f0,full_annotation_v1,A,q_의약품_06,처방,건강·의료 중 '의약품'을 판매·제공하는 매장,train,의약품,T2 동의어,d238e069-7283-40e8-9fd5-9950c4068c7a,처녀이불가게,이불 한복,황지자유시장,전통시장,강원특별자치도,,,
92263a812ac32a523629,full_annotation_v1,A,q_의약품_06,처방,건강·의료 중 '의약품'을 판매·제공하는 매장,train,의약품,T2 동의어,00b64830-f897-4643-a5fa-6d8950c2ef89,낭만상회,식품,문산자유시장,전통시장,경기도,,,
b2dba801d73f6eec092b,full_annotation_v1,A,q_의약품_06,처방,건강·의료 중 '의약품'을 판매·제공하는 매장,train,의약품,T2 동의어,df51b321-944c-4a15-bff8-66f426f1d47c,학동프라임약국,처방조제용 전문의약품 일반의약품 동물의약품 건강기능식품 의료기기 등,남문로 어울림 골목 골목형상점가,골목형상점가,광주광역시,,,
e1ce92d2edd70880bf07,full_annotation_v1,A,q_의약품_06,처방,건강·의료 중 '의약품'을 판매·제공하는 매장,train,의약품,T2 동의어,040b391d-a92f-4db4-90cd-eb2c0720eb78,eating,파스타 덮밥 피자,여주 터미널상점가,자율상권구역,경기도,,,
6aac337a0ce05282bdd1,full_annotation_v1,A,q_의약품_06,처방,건강·의료 중 '의약품'을 판매·제공하는 매장,train,의약품,T2 동의어,02fa5d6f-5100-4cd5-8a9f-184877f99878,덕수파스타 원주 일산점,,중앙로골목형상점가,골목형상점가,강원특별자치도,,,
da50268333fd02052a6e,full_annotation_v1,A,q_의약품_06,처방,건강·의료 중 '의약품'을 판매·제공하는 매장,train,의약품,T2 동의어,12aa4963-540a-405f-885a-2779dbcc2baf,천혜의 손,운동처방,짚봉산상인회 골목형상점가,골목형상점가,광주광역시,,,
0f57bf0508daeb03c0d3,full_annotation_v1,A,q_의약품_06,처방,건강·의료 중 '의약품'을 판매·제공하는 매장,train,의약품,T2 동의어,21fd5be0-c4c6-4046-9418-7980138dac08,민당약국,소매(양약(조제)),상대원시장,전통시장,경기도,,,
de75fb19ce5aaaac57c7,full_annotation_v1,A,q_의약품_07,파스,건강·의료 중 '의약품'을 판매·제공하는 매장,train,의약품,T2 동의어,05a6fc86-6dd3-4be4-bf5c-43e9e6e2a9b2,서치과,치과,산본로데오거리(구 산본중심상가),자율상권구역,경기도,,,
f0146403ca4cf8f8e349,full_annotation_v1,A,q_의약품_07,파스,건강·의료 중 '의약품'을 판매·제공하는 매장,train,의약품,T2 동의어,fd96aa25-16a0-418d-9c11-b0d7d3365a97,파스텔,의류,달서시장,전통시장,대구광역시,,,
32e3f1e08c61798431fb,full_annotation_v1,A,q_의약품_07,파스,건강·의료 중 '의약품'을 판매·제공하는 매장,train,의약품,T2 동의어,524348fe-424e-4bb8-b2bc-65afe837b1cf,파스텔,의류,수원영동시장,전통시장,경기도,,,
b47f88a60eb2201bed9e,full_annotation_v1,A,q_의약품_07,파스,건강·의료 중 '의약품'을 판매·제공하는 매장,train,의약품,T2 동의어,b11172ec-5173-4140-b8c4-aad8a058284a,미소김밥,김밥,신금호역골목형상점가,골목형상점가,서울특별시,,,
17ab44eb9cf8906b6575,full_annotation_v1,A,q_의약품_07,파스,건강·의료 중 '의약품'을 판매·제공하는 매장,train,의약품,T2 동의어,70fcdcd9-375d-4c07-9cb5-a1dc32f7b70d,파스또,양식,봉선중길 골목형상점가,골목형상점가,광주광역시,,,
0c3275af91e584f709e4,full_annotation_v1,A,q_의약품_07,파스,건강·의료 중 '의약품'을 판매·제공하는 매장,train,의약품,T2 동의어,014b63c0-c9e4-4e3b-beae-777251f28ad3,믿음건강원,음식업(건강원),안성중앙시장,전통시장,경기도,,,
38ea3a668e4d91522d52,full_annotation_v1,A,q_의약품_07,파스,건강·의료 중 '의약품'을 판매·제공하는 매장,train,의약품,T2 동의어,22a94491-853d-4840-b253-418bc12c7e10,산천,,홍도 골목형상점가,골목형상점가,대전광역시,,,
50cbd64fc37d82a0688a,full_annotation_v1,A,q_의약품_07,파스,건강·의료 중 '의약품'을 판매·제공하는 매장,train,의약품,T2 동의어,1e9834c0-0be0-40b1-ad2f-581ca077dd4e,파스타픽,파스타,안산다농마트전통시장,전통시장,경기도,,,
65f7a683258bf82b0e7c,full_annotation_v1,A,q_의약품_07,파스,건강·의료 중 '의약품'을 판매·제공하는 매장,train,의약품,T2 동의어,009eb486-5dea-48f4-9f45-85c0ac03972a,수만건강식품,,봉동생강골시장,전통시장,전북특별자치도,,,
dff1a8036c87ee949efc,full_annotation_v1,A,q_의약품_07,파스,건강·의료 중 '의약품'을 판매·제공하는 매장,train,의약품,T2 동의어,6fd2abbe-e6ca-4286-8781-4f83ae23082b,파스타 흔,,송월동 택지 골목형상점가,골목형상점가,,,,
936e62293a520263cd2c,full_annotation_v1,A,q_의약품_07,파스,건강·의료 중 '의약품'을 판매·제공하는 매장,train,의약품,T2 동의어,15ae4cab-4389-45ad-94df-49772ff299b5,르깜므,파스타,운천호수공원상인회 골목형상점가,골목형상점가,광주광역시,,,
ff876f04238af3fca6fa,full_annotation_v1,A,q_의약품_07,파스,건강·의료 중 '의약품'을 판매·제공하는 매장,train,의약품,T2 동의어,02a22184-6068-4776-bd65-01bcbb333b7e,현대제탕,건강원,염매시장(구 덕산시장),전통시장,대구광역시,,,
79ee6aba1a3e0cab2d9d,full_annotation_v1,A,q_의약품_07,파스,건강·의료 중 '의약품'을 판매·제공하는 매장,train,의약품,T2 동의어,0f673c29-988c-4c09-8035-98c1cd1660f7,뉴 상동청과,소매업(과일),부천상동시장,전통시장,경기도,,,
4df9b0aaf90ce5ca25f0,full_annotation_v1,A,q_의약품_07,파스,건강·의료 중 '의약품'을 판매·제공하는 매장,train,의약품,T2 동의어,36d3f4ff-bebc-4967-b2bd-33666f25c7cf,파스타잇,양식,쌍리단길상점가,자율상권구역,서울특별시,,,
28bfa2d367970a9c7c4e,full_annotation_v1,A,q_의약품_07,파스,건강·의료 중 '의약품'을 판매·제공하는 매장,train,의약품,T2 동의어,97938e9a-cc39-4035-befb-e322d3dce15f,파스타나야,파스타,혁신도시5구역골목형상점가,골목형상점가,강원특별자치도,,,
aecb697ce121a13840f8,full_annotation_v1,A,q_의약품_07,파스,건강·의료 중 '의약품'을 판매·제공하는 매장,train,의약품,T2 동의어,1cdab756-04a0-4e1e-b853-92d1164816e1,파스타칠,양식,금호상인회 골목형상점가,골목형상점가,광주광역시,,,
a86a884e5dafbb31cf3e,full_annotation_v1,A,q_의약품_07,파스,건강·의료 중 '의약품'을 판매·제공하는 매장,train,의약품,T2 동의어,b6ad6b89-e707-4628-aa8b-0a71dbc92e0a,투고샐러드 건대중문점,한식,건리단길 골목형상점가,골목형상점가,서울특별시,,,
6bd755dc1e45bed49c28,full_annotation_v1,A,q_의약품_07,파스,건강·의료 중 '의약품'을 판매·제공하는 매장,train,의약품,T2 동의어,00e9de4b-3c8d-44a2-bfc2-ddc91fe5a03b,대디파스타,파스타돈가스,벽산황계로 골목형상점가,골목형상점가,광주광역시,,,
d27b3c0ebc98f3866c46,full_annotation_v1,A,q_의약품_07,파스,건강·의료 중 '의약품'을 판매·제공하는 매장,train,의약품,T2 동의어,04a9075e-2002-4cfc-8f4c-aef3a388c067,파스텔양품점,의류,공릉동도깨비시장,전통시장,서울특별시,,,
759592d8765e59586314,full_annotation_v1,A,q_의약품_07,파스,건강·의료 중 '의약품'을 판매·제공하는 매장,train,의약품,T2 동의어,000db6d6-585c-4aba-94e7-fc6a23a694fb,시민약국,의약품,문경중앙시장,전통시장,경상북도,,,
b8da4563a414a814dfc4,full_annotation_v1,A,q_의약품_07,파스,건강·의료 중 '의약품'을 판매·제공하는 매장,train,의약품,T2 동의어,019ac829-9ffd-42aa-bfd1-9da1dfba52e2,바디엔 약국,,남악1번가 골목형상점가,골목형상점가,,,,
8f5d983681a987e955f0,full_annotation_v1,A,q_의약품_07,파스,건강·의료 중 '의약품'을 판매·제공하는 매장,train,의약품,T2 동의어,00b64830-f897-4643-a5fa-6d8950c2ef89,낭만상회,식품,문산자유시장,전통시장,경기도,,,
2efef05abd253e46835c,full_annotation_v1,A,q_의약품_07,파스,건강·의료 중 '의약품'을 판매·제공하는 매장,train,의약품,T2 동의어,bb84267d-0b42-41a0-b3e7-31b2b64cb906,파스텔,,회현 지하쇼핑센터,일반지하상점가,서울특별시,,,
0a595677861a06ec16e3,full_annotation_v1,A,q_의약품_07,파스,건강·의료 중 '의약품'을 판매·제공하는 매장,train,의약품,T2 동의어,0002538c-b8d9-4911-81c7-966789036b09,빛고을 치과의원,의원,세은 골목형상점가,골목형상점가,광주광역시,,,
7ed7d3afa2a30261068e,full_annotation_v1,A,q_의약품_07,파스,건강·의료 중 '의약품'을 판매·제공하는 매장,train,의약품,T2 동의어,02d49b6b-4c61-4aef-a15f-338ca1a59f59,레레하우스,파스타 피자 스테이크,첨단지구 골목형상점가,골목형상점가,광주광역시,,,
21f332fc466246fc9c7f,full_annotation_v1,A,q_의약품_07,파스,건강·의료 중 '의약품'을 판매·제공하는 매장,train,의약품,T2 동의어,0040b4e6-7b74-4175-b54d-add4fe693d49,메디팜보명당약국,"의약품, 의료욕구, 복지욕구, 의료기기",점촌역전상점가,자율상권구역,경상북도,,,
6b535904717543842e5f,full_annotation_v1,A,q_의약품_07,파스,건강·의료 중 '의약품'을 판매·제공하는 매장,train,의약품,T2 동의어,c76559a9-8819-4143-80e4-2f1e301ca9b5,파스텔,의류,고투몰(강남터미널지하도상점가),일반지하상점가,서울특별시,,,
1324de3da70a5054b5ec,full_annotation_v1,A,q_의약품_07,파스,건강·의료 중 '의약품'을 판매·제공하는 매장,train,의약품,T2 동의어,e10b55ca-03e9-4e0a-979d-db9196dc4dd2,파스텔,의류,난곡골목형상점가,골목형상점가,서울특별시,,,
98b8e58357a5073e935c,full_annotation_v1,A,q_의약품_07,파스,건강·의료 중 '의약품'을 판매·제공하는 매장,train,의약품,T2 동의어,9ead3e44-a115-48b5-bddf-866dde01506c,파스타101,파스타,젊음의거리 상점가,자율상권구역,울산광역시,,,
10d9a34ef418d9b0c384,full_annotation_v1,A,q_의약품_07,파스,건강·의료 중 '의약품'을 판매·제공하는 매장,train,의약품,T2 동의어,040b391d-a92f-4db4-90cd-eb2c0720eb78,eating,파스타 덮밥 피자,여주 터미널상점가,자율상권구역,경기도,,,
8482d1303004844f00e2,full_annotation_v1,A,q_의약품_07,파스,건강·의료 중 '의약품'을 판매·제공하는 매장,train,의약품,T2 동의어,bf6f74cd-b784-40b5-84c7-3b8ac74b6fc1,오늘,파스타,공항동먹자골목골목형상점가,골목형상점가,서울특별시,,,
7b79806b9688a10991b3,full_annotation_v1,A,q_의약품_07,파스,건강·의료 중 '의약품'을 판매·제공하는 매장,train,의약품,T2 동의어,2575ba41-bce5-4738-bb84-6260f58ff8ea,파스텔,의류,메트로센터(반월당지하쇼핑),일반지하상점가,대구광역시,,,
a52ba70b21760dccdad7,full_annotation_v1,A,q_의약품_07,파스,건강·의료 중 '의약품'을 판매·제공하는 매장,train,의약품,T2 동의어,7d774f71-0ed9-4f14-87e7-0ecd99de9ba7,파스칼,의류,인천중앙로지하상가,일반지하상점가,인천광역시,,,
805d9a975eaf177f25e9,full_annotation_v1,A,q_의약품_07,파스,건강·의료 중 '의약품'을 판매·제공하는 매장,train,의약품,T2 동의어,12aa4963-540a-405f-885a-2779dbcc2baf,천혜의 손,운동처방,짚봉산상인회 골목형상점가,골목형상점가,광주광역시,,,
657a028a215cb3034e1d,full_annotation_v1,A,q_의약품_07,파스,건강·의료 중 '의약품'을 판매·제공하는 매장,train,의약품,T2 동의어,c85013b5-1255-4b0e-abd7-58e8db3225f5,파스타이오,양식,더센트럴 골목형상점가,골목형상점가,세종특별자치시,,,
1e6505a2b906e8ce1e88,full_annotation_v1,A,q_의약품_07,파스,건강·의료 중 '의약품'을 판매·제공하는 매장,train,의약품,T2 동의어,0112a558-2787-41dc-ae68-695e60c4930c,해동그랜드약국,약국,전곡시장,전통시장,서울특별시,,,
95e82093761c1f939e74,full_annotation_v1,A,q_의약품_07,파스,건강·의료 중 '의약품'을 판매·제공하는 매장,train,의약품,T2 동의어,97a64dfb-0b58-498a-ac58-34b23f382711,부부파스타,파스타,효천로 골목형상점가,골목형상점가,광주광역시,,,
27ca240656ede7025692,full_annotation_v1,A,q_의약품_07,파스,건강·의료 중 '의약품'을 판매·제공하는 매장,train,의약품,T2 동의어,2ddcc1fb-a8ae-4fda-8ff8-fdabcb41edc6,광주고운세상피부과의원,처방전조제,아시아음식문화거리 골목형상점가,골목형상점가,광주광역시,,,
e5c89b001ed01d6e822e,full_annotation_v1,A,q_의약품_07,파스,건강·의료 중 '의약품'을 판매·제공하는 매장,train,의약품,T2 동의어,00b6e321-5954-437c-b1d9-94fded29f67e,웰빙마트,식품,서남신시장,전통시장,대구광역시,,,
66c5fa60c8c9e5a8ec4c,full_annotation_v1,A,q_의약품_07,파스,건강·의료 중 '의약품'을 판매·제공하는 매장,train,의약품,T2 동의어,01d775c4-b8be-45e9-811c-c3f884b2d1b9,사계절 흑염소,건강원,오치1동 골목형상점가,골목형상점가,광주광역시,,,
148d6828c8017d3f1257,full_annotation_v1,A,q_의약품_07,파스,건강·의료 중 '의약품'을 판매·제공하는 매장,train,의약품,T2 동의어,00bd78a7-2a89-48d4-b7ec-efe5116ce2a4,반월당경북약국,약국,메트로센터(반월당지하쇼핑),일반지하상점가,대구광역시,,,
94556abf6bb835982abc,full_annotation_v1,A,q_의약품_07,파스,건강·의료 중 '의약품'을 판매·제공하는 매장,train,의약품,T2 동의어,0056dcd4-0ac0-4535-9ee5-c8fd19d8ff14,중화한의원,한의원,보령한내시장,전통시장,충청남도,,,
7307cf4a044ab8a66d82,full_annotation_v1,A,q_의약품_07,파스,건강·의료 중 '의약품'을 판매·제공하는 매장,train,의약품,T2 동의어,00140fab-ec56-4d81-8a03-d3d4aa8d5a49,계령약국,의약품,성대시장골목형상점가,골목형상점가,서울특별시,,,
2e58639d141d7d4719c0,full_annotation_v1,A,q_의약품_07,파스,건강·의료 중 '의약품'을 판매·제공하는 매장,train,의약품,T2 동의어,c0a89d8b-8455-4a52-8e35-3e4118e3b873,파스타 코타,파스타,나성동 소방청 골목형상점가,골목형상점가,세종특별자치시,,,
52ca2bf8a677332f27c1,full_annotation_v1,A,q_의약품_07,파스,건강·의료 중 '의약품'을 판매·제공하는 매장,train,의약품,T2 동의어,4b12f23e-536f-46cf-9a48-12368cdd123e,파스타마마,파스타,둔전골목형상점가,골목형상점가,경기도,,,
66e237a1005d14ff50e3,full_annotation_v1,A,q_의약품_07,파스,건강·의료 중 '의약품'을 판매·제공하는 매장,train,의약품,T2 동의어,9eb4feaa-fa55-4d1c-ae1b-9a9aee2189c0,스푼앤포크타파스,음식,백운시장,전통시장,서울특별시,,,
40850a4f73ab2652fddd,full_annotation_v1,A,q_의약품_07,파스,건강·의료 중 '의약품'을 판매·제공하는 매장,train,의약품,T2 동의어,10e9a227-7287-4e35-a992-12cd05bd6af2,윤,파스타,외도2 골목형상점가,골목형상점가,제주특별자치도,,,
689c236b3c2295ad3280,full_annotation_v1,A,q_의약품_07,파스,건강·의료 중 '의약품'을 판매·제공하는 매장,train,의약품,T2 동의어,00e92856-b294-4032-8540-d60e9817f2d8,럭키약국,"의약품, 건강기능식품, 식품",충무로골목형상점가,골목형상점가,서울특별시,,,
ac95d2d830794b72f8b7,full_annotation_v1,A,q_의약품_07,파스,건강·의료 중 '의약품'을 판매·제공하는 매장,train,의약품,T2 동의어,1608433e-736b-43ea-9cc0-4691f906de0b,파스텔,의류,동해남부재래시장,전통시장,강원특별자치도,,,
9033cad321c630d97444,full_annotation_v1,A,q_의약품_07,파스,건강·의료 중 '의약품'을 판매·제공하는 매장,train,의약품,T2 동의어,00681cee-2849-497b-b7d1-548576542ed2,풍암한의원,한의원,풍암벚꽃길상인회 골목형상점가,골목형상점가,광주광역시,,,
77dac2a87a5829fd01b4,full_annotation_v1,A,q_의약품_07,파스,건강·의료 중 '의약품'을 판매·제공하는 매장,train,의약품,T2 동의어,6a6fb2c8-59e4-4f4f-a1de-245b8ee7b6b6,파스텔,옷,노룬산골목시장,전통시장,서울특별시,,,
4d71964a879dae4ab77d,full_annotation_v1,A,q_의약품_07,파스,건강·의료 중 '의약품'을 판매·제공하는 매장,train,의약품,T2 동의어,1d86e14c-ca26-4e1f-9319-79b0c15d4a56,다솜약국,양약조제,선부광장로상점가,자율상권구역,경기도,,,
2dbf961dc7c14cede49e,full_annotation_v1,A,q_의약품_07,파스,건강·의료 중 '의약품'을 판매·제공하는 매장,train,의약품,T2 동의어,008a831c-1fd3-4b7c-96c1-0e92332ccbf3,명성약국,의약품,공주산성시장,전통시장,충청남도,,,
f4e72b56d4ebe297cdb4,full_annotation_v1,A,q_의약품_07,파스,건강·의료 중 '의약품'을 판매·제공하는 매장,train,의약품,T2 동의어,e3202b82-a4c1-49bd-898e-67a8322d353f,폰오프,파스타,첨단시리단길,골목형상점가,광주광역시,,,
0fd6ab82369f22331603,full_annotation_v1,A,q_의약품_07,파스,건강·의료 중 '의약품'을 판매·제공하는 매장,train,의약품,T2 동의어,149b0ab6-4462-4f61-9111-3ce516ab1464,하나로약국,"소매(의약품,조제)소매업(의료기기판매)",은행시장,전통시장,경기도,,,
72b92bff92eb57fd79fc,full_annotation_v1,A,q_의약품_07,파스,건강·의료 중 '의약품'을 판매·제공하는 매장,train,의약품,T2 동의어,ea449616-073b-45f6-b795-8c64048ece26,프리덴,파스타,운림중인근 골목형상점가,골목형상점가,광주광역시,,,
17f32633baf953af7512,full_annotation_v1,A,q_의약품_07,파스,건강·의료 중 '의약품'을 판매·제공하는 매장,train,의약품,T2 동의어,d0fba2fc-6fb2-4879-933e-29548e5c1718,숲,파스타,화도창현상점가,골목형상점가,경기도,,,
7ad0ddf3ac573fbd5a60,full_annotation_v1,A,q_의약품_07,파스,건강·의료 중 '의약품'을 판매·제공하는 매장,train,의약품,T2 동의어,adb6cda1-53a7-43ad-9000-e3534ed17dca,은호식당,음식점,남대문시장,전통시장,서울특별시,,,
09514c10b6f29fbfe8dd,full_annotation_v1,A,q_의약품_07,파스,건강·의료 중 '의약품'을 판매·제공하는 매장,train,의약품,T2 동의어,b4a44a3e-f91d-4263-ae31-70fd024fa748,혜림쿡,파스타,지산목련시장(구 지산종합시장),전통시장,대구광역시,,,
e6aba946c742b2e2b71a,full_annotation_v1,A,q_의약품_07,파스,건강·의료 중 '의약품'을 판매·제공하는 매장,train,의약품,T2 동의어,de152930-7042-47fa-9ec5-4847d400d4b1,우리공예사,소매업(밥상),정읍샘고을시장,전통시장,전북특별자치도,,,
4197df61498726024e24,full_annotation_v1,A,q_의약품_07,파스,건강·의료 중 '의약품'을 판매·제공하는 매장,train,의약품,T2 동의어,7979b19f-9e77-4076-87be-f3fad727735f,더핀토스,피자 및 파스타,한들물빛도시 골목형 상점가,골목형상점가,충청남도,,,
ffc055c700f209f606e8,full_annotation_v1,A,q_의약품_07,파스,건강·의료 중 '의약품'을 판매·제공하는 매장,train,의약품,T2 동의어,7d3d4429-f448-4ab1-9869-f9b570c13f7a,뉴윈디시티,파스타,범어식주가무명인골목 골목형상점가,골목형상점가,대구광역시,,,
6ed8b1af958d2718964c,full_annotation_v1,A,q_의약품_07,파스,건강·의료 중 '의약품'을 판매·제공하는 매장,train,의약품,T2 동의어,0e3d8d9a-4f32-47f6-9793-3acda988aa07,바우약국,양약소매 한약 처방약조제,광명새마을시장,전통시장,경기도,,,
1b62ff04ed27e9fb2835,full_annotation_v1,A,q_의약품_07,파스,건강·의료 중 '의약품'을 판매·제공하는 매장,train,의약품,T2 동의어,00523307-cc4c-4b0c-8b2f-176ca7450d24,오름한의원,한의원,아차산등산로골목형상점가,골목형상점가,서울특별시,,,
68586140dea49b993a56,full_annotation_v1,A,q_의약품_07,파스,건강·의료 중 '의약품'을 판매·제공하는 매장,train,의약품,T2 동의어,008f6b90-4bab-45de-be49-429a25b6ab04,생명사랑약국,의약품,상대동로 골목형상점가,골목형상점가,대전광역시,,,
74a27357026df570d1c5,full_annotation_v1,A,q_의약품_07,파스,건강·의료 중 '의약품'을 판매·제공하는 매장,train,의약품,T2 동의어,65776905-ebb6-41bf-b7ca-63c4a6dbc52f,파스텔,,큰고개 골목형상점가,골목형상점가,대구광역시,,,
497da29c631f3b0b3bbf,full_annotation_v1,A,q_의약품_07,파스,건강·의료 중 '의약품'을 판매·제공하는 매장,train,의약품,T2 동의어,00192f22-a492-4ba5-a62d-65bf0d0ec7b9,큰물한의원,한의원,전주서곡 골목형상점가,골목형상점가,전북특별자치도,,,
6f369838053eb2514adf,full_annotation_v1,A,q_의약품_07,파스,건강·의료 중 '의약품'을 판매·제공하는 매장,train,의약품,T2 동의어,21fd5be0-c4c6-4046-9418-7980138dac08,민당약국,소매(양약(조제)),상대원시장,전통시장,경기도,,,
2fdcbf363d6801522a7f,full_annotation_v1,A,q_의약품_07,파스,건강·의료 중 '의약품'을 판매·제공하는 매장,train,의약품,T2 동의어,02c6fc99-f1cb-4e77-a062-7f8db6f39bbc,대성건강원,건강원,대명시장,전통시장,대구광역시,,,
53d0bc4fcb8f3f7e7dd2,full_annotation_v1,A,q_의약품_07,파스,건강·의료 중 '의약품'을 판매·제공하는 매장,train,의약품,T2 동의어,7b258d7e-fa01-4c92-aa98-2f1270551b6a,민가네떡방,방앗간,남이동길골목형상점가,골목형상점가,서울특별시,,,
d4b037020f450e08be9d,full_annotation_v1,A,q_의약품_07,파스,건강·의료 중 '의약품'을 판매·제공하는 매장,train,의약품,T2 동의어,2daa91f7-3795-476f-a96f-3574a4bf300f,남면한의원,진료 밎 약처방,양주신산시장마을상점가,골목형상점가,경기도,,,
fe7a17bfd07adbb0a2d1,full_annotation_v1,A,q_의약품_07,파스,건강·의료 중 '의약품'을 판매·제공하는 매장,train,의약품,T2 동의어,da2bacc2-a926-40fc-8732-da521dcd99cd,수정이불,이불등침구류,산본전통시장(구 군포산본시장),전통시장,경기도,,,
950716cc90eb6d5251b0,full_annotation_v1,A,q_의약품_07,파스,건강·의료 중 '의약품'을 판매·제공하는 매장,train,의약품,T2 동의어,006929a4-6712-43ca-80d7-f540710009b5,삼송프라자약국,의약품 외 건강기능식품,신원권율3 골목형상점가,골목형상점가,경기도,,,
22a195f2204a7d2876e7,full_annotation_v1,A,q_의약품_07,파스,건강·의료 중 '의약품'을 판매·제공하는 매장,train,의약품,T2 동의어,a2a064f3-3a2f-4e13-9135-feebc876e193,배스킨라빈스 울산천상점,아이스크림,천상중앙길 골목형상점가,골목형상점가,울산광역시,,,
8268cccb2b39f2dd44bd,full_annotation_v1,A,q_의약품_07,파스,건강·의료 중 '의약품'을 판매·제공하는 매장,train,의약품,T2 동의어,ef48b9a0-38f8-4e54-9537-bb40b9054c37,엄마손칼국수,음식점,동래시장,전통시장,부산광역시,,,
8dc66c5fcdce09ad8522,full_annotation_v1,A,q_의약품_07,파스,건강·의료 중 '의약품'을 판매·제공하는 매장,train,의약품,T2 동의어,316f3095-27ee-4e85-acca-8a728d0f4099,북부방앗간큰떡집,떡,청주북부시장,전통시장,충청북도,,,
c514073a788e6f705086,full_annotation_v1,A,q_의약품_07,파스,건강·의료 중 '의약품'을 판매·제공하는 매장,train,의약품,T2 동의어,03f37d02-1eb9-4f82-ab05-be726fa24a36,우주파스타,,수정로 상권활성화구역,상권활성화구역,경기도,,,
78e4159504f75e7cf746,full_annotation_v1,A,q_의약품_07,파스,건강·의료 중 '의약품'을 판매·제공하는 매장,train,의약품,T2 동의어,02fa5d6f-5100-4cd5-8a9f-184877f99878,덕수파스타 원주 일산점,,중앙로골목형상점가,골목형상점가,강원특별자치도,,,
4bfe8044a638bc61c10c,full_annotation_v1,A,q_의약품_07,파스,건강·의료 중 '의약품'을 판매·제공하는 매장,train,의약품,T2 동의어,e21222b7-9d80-444d-8522-dee3f1f2046b,미래과일,과일,김해 외동전통시장,전통시장,경상남도,,,
c02c91fb4cc72ab92247,full_annotation_v1,A,q_의약품_07,파스,건강·의료 중 '의약품'을 판매·제공하는 매장,train,의약품,T2 동의어,8fc400f5-49ef-4957-bc2c-ef9ab49c0855,영마트,도매및소매업(마트),양곡오라니장터시장(양곡장터시장),전통시장,경기도,,,
ac7cdd2e6ad2d88aabf5,full_annotation_v1,A,q_의약품_07,파스,건강·의료 중 '의약품'을 판매·제공하는 매장,train,의약품,T2 동의어,5063893a-e1e7-4335-b12d-e969de5ed0ce,중앙분식,분식,양평물맑은시장,전통시장,경기도,,,
523cb05ecd214241fc10,full_annotation_v1,A,q_의약품_07,파스,건강·의료 중 '의약품'을 판매·제공하는 매장,train,의약품,T2 동의어,008b065b-181b-4891-95dc-7a77a7c143d1,혜화온누리약국,약국,유성도안 골목형상점가,골목형상점가,대전광역시,,,
91b407fb85fa5110722f,full_annotation_v1,A,q_의약품_07,파스,건강·의료 중 '의약품'을 판매·제공하는 매장,train,의약품,T2 동의어,05c262c4-7f1e-47cf-8292-d675166c7876,태일건강원,,세종전통시장,전통시장,세종특별자치시,,,
ab92a8404401eaa67130,full_annotation_v1,A,q_의약품_07,파스,건강·의료 중 '의약품'을 판매·제공하는 매장,train,의약품,T2 동의어,0acee185-d982-4fb8-a197-c8ffd8b2888e,태평양약국,의약품 조제,안골사거리 골목형상점가,골목형상점가,전북특별자치도,,,
56702431557ba8432f66,full_annotation_v1,A,q_의약품_07,파스,건강·의료 중 '의약품'을 판매·제공하는 매장,train,의약품,T2 동의어,58035387-bae1-4cf3-9b3a-378e2c32cab1,파스텔클레이,,남대문로 지하도상가,일반지하상점가,서울특별시,,,
8be38a924e7619084bc4,full_annotation_v1,A,q_의약품_07,파스,건강·의료 중 '의약품'을 판매·제공하는 매장,train,의약품,T2 동의어,04205298-e1be-49f3-bf7b-a7229a9c30af,하카타 파스타,,경대북문 골목형상점가,골목형상점가,대구광역시,,,
b3a2da4de1155637fb1c,full_annotation_v1,A,q_의약품_07,파스,건강·의료 중 '의약품'을 판매·제공하는 매장,train,의약품,T2 동의어,293c2a89-705f-44d7-8537-d3706b1c545f,솔페지오 파스타,파스타,송림골 골목형상점가,골목형상점가,인천광역시,,,
cb48f5ecb616964cff1d,full_annotation_v1,A,q_의약품_07,파스,건강·의료 중 '의약품'을 판매·제공하는 매장,train,의약품,T2 동의어,a66742a6-a7a9-4b40-b5a3-042c0561085d,임스헤어,,홍도 골목형상점가,골목형상점가,대전광역시,,,
ff776c65c9409ce4d0ef,full_annotation_v1,A,q_의약품_07,파스,건강·의료 중 '의약품'을 판매·제공하는 매장,train,의약품,T2 동의어,32f04a39-e08b-49d6-be61-7d5a29a2b57c,연세모벨르의원 종로본점,탈모약처방,종로5가역일번출구상점가,자율상권구역,서울특별시,,,
39e249d84df8fe2ca579,full_annotation_v1,A,q_의약품_07,파스,건강·의료 중 '의약품'을 판매·제공하는 매장,train,의약품,T2 동의어,b6db7146-3b4d-47a9-866e-bde7befbda0b,파스텔,의류,금촌전통시장,전통시장,경기도,,,
8ca581859906e2e406a3,full_annotation_v1,A,q_의약품_07,파스,건강·의료 중 '의약품'을 판매·제공하는 매장,train,의약품,T2 동의어,00768c91-a678-4fbc-a372-a2ee0260218f,수택온누리약국,,구리시 구도심 상권활성화구역,상권활성화구역,경기도,,,
30bee1119b6f61358bb5,full_annotation_v1,A,q_의약품_07,파스,건강·의료 중 '의약품'을 판매·제공하는 매장,train,의약품,T2 동의어,a5783cfe-93aa-43cb-92a0-2c9784965a19,피콜로 파스타,파스타 전문,고운동상점가,자율상권구역,세종특별자치시,,,
81a19cb28c136b974c2d,full_annotation_v1,A,q_의약품_07,파스,건강·의료 중 '의약품'을 판매·제공하는 매장,train,의약품,T2 동의어,25ef807e-54ed-4796-a51a-e0d51aad445f,파스텔,의류,창원 도계부부시장,전통시장,경상남도,,,
9414306a1fc1bb2424d1,full_annotation_v1,A,q_의약품_07,파스,건강·의료 중 '의약품'을 판매·제공하는 매장,train,의약품,T2 동의어,002c02f2-4428-4a84-a248-7b23ae109459,정관장 반석점,홍삼건강식품,지족반석 골목형상점가,골목형상점가,대전광역시,,,
b0ab95ceeb6d00b708ea,full_annotation_v1,A,q_의약품_07,파스,건강·의료 중 '의약품'을 판매·제공하는 매장,train,의약품,T2 동의어,3dd88b21-df7f-4542-97bd-ab05950bd490,크레파스,의류,동산상가,전통시장,대구광역시,,,
2e6962aa9cddb6dc0232,full_annotation_v1,A,q_의약품_08,약 파는 데,건강·의료 중 '의약품'을 판매·제공하는 매장,train,의약품,T4 구어·문장,49d4edb2-6438-44c2-bffe-7743b41304a3,상동본약국,약,부천상동시장,전통시장,경기도,,,
fa6b02f052a646da3524,full_annotation_v1,A,q_의약품_08,약 파는 데,건강·의료 중 '의약품'을 판매·제공하는 매장,train,의약품,T4 구어·문장,5f59c153-0ca4-4ba4-9f1c-e59663f9e5e2,꽃파는 카페 가배화,꽃가게,맛조이상인회 골목형상점가,골목형상점가,광주광역시,,,
657a49b381b505cd3ee3,full_annotation_v1,A,q_의약품_08,약 파는 데,건강·의료 중 '의약품'을 판매·제공하는 매장,train,의약품,T4 구어·문장,f0c06289-033c-423e-82c7-2f3d77f4a0c8,행복한약국,약,자양15번가골목형상점가,골목형상점가,서울특별시,,,
fd1b53700d6f3cf064e6,full_annotation_v1,A,q_의약품_08,약 파는 데,건강·의료 중 '의약품'을 판매·제공하는 매장,train,의약품,T4 구어·문장,01d775c4-b8be-45e9-811c-c3f884b2d1b9,사계절 흑염소,건강원,오치1동 골목형상점가,골목형상점가,광주광역시,,,
b51a41017d763a0956d2,full_annotation_v1,A,q_의약품_08,약 파는 데,건강·의료 중 '의약품'을 판매·제공하는 매장,train,의약품,T4 구어·문장,37f4da31-01d0-4a5e-beb6-00bbe79abc0d,히데,의류,춘천지하상가,일반지하상점가,강원특별자치도,,,
b4358190f01509aaebdb,full_annotation_v1,A,q_의약품_08,약 파는 데,건강·의료 중 '의약품'을 판매·제공하는 매장,train,의약품,T4 구어·문장,02a22184-6068-4776-bd65-01bcbb333b7e,현대제탕,건강원,염매시장(구 덕산시장),전통시장,대구광역시,,,
05c64e41d3caa34cfcaa,full_annotation_v1,A,q_의약품_08,약 파는 데,건강·의료 중 '의약품'을 판매·제공하는 매장,train,의약품,T4 구어·문장,e5a3f9ef-5b2e-4183-bb30-844faf771adb,인제 약국,약,화원역 비슬상점가,골목형상점가,대구광역시,,,
580a61060ad6e60cc958,full_annotation_v1,A,q_의약품_08,약 파는 데,건강·의료 중 '의약품'을 판매·제공하는 매장,train,의약품,T4 구어·문장,229143e0-cbfa-4763-aefe-a69516a67ccf,화원약국,약,화원역 비슬상점가,자율상권구역,대구광역시,,,
fd5dfcc7e2d9bcfba5f7,full_annotation_v1,A,q_의약품_08,약 파는 데,건강·의료 중 '의약품'을 판매·제공하는 매장,train,의약품,T4 구어·문장,ea77da95-88fa-4ef4-88a0-4ac1cc8f5ddd,정성을다하는약국,약,상도도깨비골목형상점가,골목형상점가,서울특별시,,,
2c990049c601cff42231,full_annotation_v1,A,q_의약품_08,약 파는 데,건강·의료 중 '의약품'을 판매·제공하는 매장,train,의약품,T4 구어·문장,0002538c-b8d9-4911-81c7-966789036b09,빛고을 치과의원,의원,세은 골목형상점가,골목형상점가,광주광역시,,,
94584914917981b003b8,full_annotation_v1,A,q_의약품_08,약 파는 데,건강·의료 중 '의약품'을 판매·제공하는 매장,train,의약품,T4 구어·문장,116fc784-e462-4d4e-9ec0-b6e5f40eb35f,장수약국,약,예천중앙시장,전통시장,경상북도,,,
4eeef8ae1d0111896a4b,full_annotation_v1,A,q_의약품_08,약 파는 데,건강·의료 중 '의약품'을 판매·제공하는 매장,train,의약품,T4 구어·문장,e6f377f3-53e7-4b37-bfaf-b9d4cc043d14,보건약국,약,부천강남시장,전통시장,경기도,,,
15cbbec965775a8d37b6,full_annotation_v1,A,q_의약품_08,약 파는 데,건강·의료 중 '의약품'을 판매·제공하는 매장,train,의약품,T4 구어·문장,8fc53d4b-2748-46cb-bd31-5c94f81809b5,성민약국,약,덕산전통시장,전통시장,충청북도,,,
c13a81df6d83ba138db1,full_annotation_v1,A,q_의약품_08,약 파는 데,건강·의료 중 '의약품'을 판매·제공하는 매장,train,의약품,T4 구어·문장,26d825f2-2bcd-4e47-8756-3390d6e52697,고기파는 박군,식육점,창원 명서시장,전통시장,경상남도,,,
04c2c43b9d8b0af9ccf1,full_annotation_v1,A,q_의약품_08,약 파는 데,건강·의료 중 '의약품'을 판매·제공하는 매장,train,의약품,T4 구어·문장,05c262c4-7f1e-47cf-8292-d675166c7876,태일건강원,,세종전통시장,전통시장,세종특별자치시,,,
efea8b8fff75060fc93d,full_annotation_v1,A,q_의약품_08,약 파는 데,건강·의료 중 '의약품'을 판매·제공하는 매장,train,의약품,T4 구어·문장,02d49b6b-4c61-4aef-a15f-338ca1a59f59,레레하우스,파스타 피자 스테이크,첨단지구 골목형상점가,골목형상점가,광주광역시,,,
0852d04fab82baf8f372,full_annotation_v1,A,q_의약품_08,약 파는 데,건강·의료 중 '의약품'을 판매·제공하는 매장,train,의약품,T4 구어·문장,002c02f2-4428-4a84-a248-7b23ae109459,정관장 반석점,홍삼건강식품,지족반석 골목형상점가,골목형상점가,대전광역시,,,
8b67a7f5ec0f501a884a,full_annotation_v1,A,q_의약품_08,약 파는 데,건강·의료 중 '의약품'을 판매·제공하는 매장,train,의약품,T4 구어·문장,f6e26069-81f2-40b8-babf-f934d2f5dd38,세웅약국,약,태평시장,전통시장,대전광역시,,,
bbe31686c290adab027b,full_annotation_v1,A,q_의약품_08,약 파는 데,건강·의료 중 '의약품'을 판매·제공하는 매장,train,의약품,T4 구어·문장,69ec2005-e332-4a7d-997b-c8ee0762d909,명성당약국,약,창원 명서시장,전통시장,경상남도,,,
d4abd118c50c611c5c64,full_annotation_v1,A,q_의약품_08,약 파는 데,건강·의료 중 '의약품'을 판매·제공하는 매장,train,의약품,T4 구어·문장,1f1c795c-87b6-4ebf-831f-bf079bf5beaf,화평약국,약,치평상무역상인회 골목형상점가,골목형상점가,광주광역시,,,
06cb803e5a5b5a8396dd,full_annotation_v1,A,q_의약품_08,약 파는 데,건강·의료 중 '의약품'을 판매·제공하는 매장,train,의약품,T4 구어·문장,008a831c-1fd3-4b7c-96c1-0e92332ccbf3,명성약국,의약품,공주산성시장,전통시장,충청남도,,,
ae4409a861740ceb8a34,full_annotation_v1,A,q_의약품_08,약 파는 데,건강·의료 중 '의약품'을 판매·제공하는 매장,train,의약품,T4 구어·문장,34b61d32-ba8d-4ef1-a0be-c449f4d829c9,충효약국,약,울진시장(울진바지게시장),전통시장,경상북도,,,
a4d9109c5b7422ac5ce8,full_annotation_v1,A,q_의약품_08,약 파는 데,건강·의료 중 '의약품'을 판매·제공하는 매장,train,의약품,T4 구어·문장,0e3d8d9a-4f32-47f6-9793-3acda988aa07,바우약국,양약소매 한약 처방약조제,광명새마을시장,전통시장,경기도,,,
204f3c361172cce46c4c,full_annotation_v1,A,q_의약품_08,약 파는 데,건강·의료 중 '의약품'을 판매·제공하는 매장,train,의약품,T4 구어·문장,d90f02df-2474-430a-87c2-bcac13b807a9,서울약국,약,해평시장,전통시장,경상북도,,,
1011c4d20ac8a302f710,full_annotation_v1,A,q_의약품_08,약 파는 데,건강·의료 중 '의약품'을 판매·제공하는 매장,train,의약품,T4 구어·문장,f3ee6870-c07a-48c0-84d4-a24098c74c04,사거리약국,약,연일전통시장,전통시장,경상북도,,,
80b3488f0c87347d3c12,full_annotation_v1,A,q_의약품_08,약 파는 데,건강·의료 중 '의약품'을 판매·제공하는 매장,train,의약품,T4 구어·문장,72cbe7cf-705a-4c9c-a5fc-1b539d883bab,조은약국,약,용해동 포미타운 골목형상점가,골목형상점가,전라남도,,,
6d4cfc25219351734e5f,full_annotation_v1,A,q_의약품_08,약 파는 데,건강·의료 중 '의약품'을 판매·제공하는 매장,train,의약품,T4 구어·문장,d6382675-c443-493f-b845-70586c7517ab,바디플러스 필라테스,필라테스 교육,약수시장골목형상점가,골목형상점가,서울특별시,,,
7a71d656c07c424e943e,full_annotation_v1,A,q_의약품_08,약 파는 데,건강·의료 중 '의약품'을 판매·제공하는 매장,train,의약품,T4 구어·문장,b9803c26-3329-43fe-986a-0a1303eab2c4,백미부대찌개,한식,우림맛솜씨길골목형상점가,골목형상점가,서울특별시,,,
52d4f8f6d31c5c9d5bcc,full_annotation_v1,A,q_의약품_08,약 파는 데,건강·의료 중 '의약품'을 판매·제공하는 매장,train,의약품,T4 구어·문장,b9577c68-0b44-4a65-8663-6c311d884c56,중앙약국,약,함창시장,전통시장,경상북도,,,
6551a047b32781f65718,full_annotation_v1,A,q_의약품_08,약 파는 데,건강·의료 중 '의약품'을 판매·제공하는 매장,train,의약품,T4 구어·문장,30a98b56-787a-4995-9d9a-2b7cd55655b9,해물요리전문점 양미,한식,우림맛솜씨길골목형상점가,골목형상점가,서울특별시,,,
d47407ce5aa025f54209,full_annotation_v1,A,q_의약품_08,약 파는 데,건강·의료 중 '의약품'을 판매·제공하는 매장,train,의약품,T4 구어·문장,a022567b-3ae0-4503-99ac-ba41d2d58f85,우리약국,약,칠성시장,전통시장,대구광역시,,,
dbcbbfff96beb8bfb4c0,full_annotation_v1,A,q_의약품_08,약 파는 데,건강·의료 중 '의약품'을 판매·제공하는 매장,train,의약품,T4 구어·문장,00e92856-b294-4032-8540-d60e9817f2d8,럭키약국,"의약품, 건강기능식품, 식품",충무로골목형상점가,골목형상점가,서울특별시,,,
d8de1b93ef926e8f4a7a,full_annotation_v1,A,q_의약품_08,약 파는 데,건강·의료 중 '의약품'을 판매·제공하는 매장,train,의약품,T4 구어·문장,63b203af-f2a0-42b5-b5d4-a82d75305c03,서석약국,약,서석초 인근 골목형상점가,골목형상점가,광주광역시,,,
05e9f23b27f73e009f89,full_annotation_v1,A,q_의약품_08,약 파는 데,건강·의료 중 '의약품'을 판매·제공하는 매장,train,의약품,T4 구어·문장,6a110f69-bfac-401e-bba9-c0788d530655,희구약국,약,남대문시장,전통시장,서울특별시,,,
255811e4fe46b686e193,full_annotation_v1,A,q_의약품_08,약 파는 데,건강·의료 중 '의약품'을 판매·제공하는 매장,train,의약품,T4 구어·문장,958e7efc-3f1d-4dc0-8e62-8a478095454c,신현대약국,약,구미새마을중앙시장,전통시장,경상북도,,,
ab9b8cbcd46759cedf7e,full_annotation_v1,A,q_의약품_08,약 파는 데,건강·의료 중 '의약품'을 판매·제공하는 매장,train,의약품,T4 구어·문장,68b302ed-2b36-478d-969a-f45a077fbaea,원주시장약국,약,원주중앙로문화의거리,자율상권구역,강원특별자치도,,,
49caa340049416c2ed0b,full_annotation_v1,A,q_의약품_08,약 파는 데,건강·의료 중 '의약품'을 판매·제공하는 매장,train,의약품,T4 구어·문장,94b2bcce-4a65-4dc0-b375-dc2c6694a73e,반도약국,약,진주 중앙상점가,자율상권구역,경상남도,,,
dccea11a12c94ae9ec8c,full_annotation_v1,A,q_의약품_08,약 파는 데,건강·의료 중 '의약품'을 판매·제공하는 매장,train,의약품,T4 구어·문장,cb5aab6f-8a96-4869-bf97-b1ff47ca5f8c,새무궁화약국,약,양산 남부시장상가,전통시장,경상남도,,,
13caebfc034b7e41c752,full_annotation_v1,A,q_의약품_08,약 파는 데,건강·의료 중 '의약품'을 판매·제공하는 매장,train,의약품,T4 구어·문장,00b64830-f897-4643-a5fa-6d8950c2ef89,낭만상회,식품,문산자유시장,전통시장,경기도,,,
c562b53cdb2faaa94716,full_annotation_v1,A,q_의약품_08,약 파는 데,건강·의료 중 '의약품'을 판매·제공하는 매장,train,의약품,T4 구어·문장,b42afb57-6801-47a6-8838-9165af6c767d,자유시장약국,약,진주 자유시장,전통시장,경상남도,,,
f66699aca51908694787,full_annotation_v1,A,q_의약품_08,약 파는 데,건강·의료 중 '의약품'을 판매·제공하는 매장,train,의약품,T4 구어·문장,439a29aa-0d4e-42a4-a255-a0f6243927eb,이안경원테크노벨리점,안경,테크노밸리 골목형상점가,골목형상점가,대전광역시,,,
60c1055b7756cc2a3a98,full_annotation_v1,A,q_의약품_08,약 파는 데,건강·의료 중 '의약품'을 판매·제공하는 매장,train,의약품,T4 구어·문장,95260bfe-8803-4305-9217-b7848b52e8e1,보선약국,약,마산어시장,전통시장,경상남도,,,
3cd7bf0ffe1db614abe4,full_annotation_v1,A,q_의약품_08,약 파는 데,건강·의료 중 '의약품'을 판매·제공하는 매장,train,의약품,T4 구어·문장,5723d922-e55c-46bc-a5b9-846ba2afdf5d,커피파는 집,,거제 성포 골목형상점가,골목형상점가,경상남도,,,
36cbdab840871cd0ddb2,full_annotation_v1,A,q_의약품_08,약 파는 데,건강·의료 중 '의약품'을 판매·제공하는 매장,train,의약품,T4 구어·문장,00bd78a7-2a89-48d4-b7ec-efe5116ce2a4,반월당경북약국,약국,메트로센터(반월당지하쇼핑),일반지하상점가,대구광역시,,,
349e6b219976cb633113,full_annotation_v1,A,q_의약품_08,약 파는 데,건강·의료 중 '의약품'을 판매·제공하는 매장,train,의약품,T4 구어·문장,4de1fef6-c21b-4942-a92a-e5d1906225fe,은혜약국,약,창원 봉곡시장,전통시장,경상남도,,,
f77df1ca5110bbb60696,full_annotation_v1,A,q_의약품_08,약 파는 데,건강·의료 중 '의약품'을 판매·제공하는 매장,train,의약품,T4 구어·문장,3ef81730-afe9-4666-ab8a-998873c86fcf,즐거운약국,약,치평상무역상인회 골목형상점가,골목형상점가,광주광역시,,,
af1f72fe4b9807aae770,full_annotation_v1,A,q_의약품_08,약 파는 데,건강·의료 중 '의약품'을 판매·제공하는 매장,train,의약품,T4 구어·문장,83adc225-4787-4ef9-970d-b90e53bb78b2,아빠약국,약,청주북부시장,전통시장,충청북도,,,
ea61e907cb9ab6f01dd7,full_annotation_v1,A,q_의약품_08,약 파는 데,건강·의료 중 '의약품'을 판매·제공하는 매장,train,의약품,T4 구어·문장,006929a4-6712-43ca-80d7-f540710009b5,삼송프라자약국,의약품 외 건강기능식품,신원권율3 골목형상점가,골목형상점가,경기도,,,
3f836609c184be97a34b,full_annotation_v1,A,q_의약품_08,약 파는 데,건강·의료 중 '의약품'을 판매·제공하는 매장,train,의약품,T4 구어·문장,149b0ab6-4462-4f61-9111-3ce516ab1464,하나로약국,"소매(의약품,조제)소매업(의료기기판매)",은행시장,전통시장,경기도,,,
e59e5df0e3eb96cfa7ec,full_annotation_v1,A,q_의약품_08,약 파는 데,건강·의료 중 '의약품'을 판매·제공하는 매장,train,의약품,T4 구어·문장,1d86e14c-ca26-4e1f-9319-79b0c15d4a56,다솜약국,양약조제,선부광장로상점가,자율상권구역,경기도,,,
6ea420e7e485c83892bd,full_annotation_v1,A,q_의약품_08,약 파는 데,건강·의료 중 '의약품'을 판매·제공하는 매장,train,의약품,T4 구어·문장,00e9de4b-3c8d-44a2-bfc2-ddc91fe5a03b,대디파스타,파스타돈가스,벽산황계로 골목형상점가,골목형상점가,광주광역시,,,
8d85e4e45f5191b3d357,full_annotation_v1,A,q_의약품_08,약 파는 데,건강·의료 중 '의약품'을 판매·제공하는 매장,train,의약품,T4 구어·문장,c51d6c1d-a83c-4daa-9acc-956eb89e0611,시민약국,약,"온양온천시장(온양재래시장, 전통시장)",전통시장,충청남도,,,
c1b996f4dab937948dc5,full_annotation_v1,A,q_의약품_08,약 파는 데,건강·의료 중 '의약품'을 판매·제공하는 매장,train,의약품,T4 구어·문장,929d857f-3a8c-4e54-beb8-7c697f744ade,고기파는 형제들,,신영시장,전통시장,서울특별시,,,
51ddf460c9db8cbc4606,full_annotation_v1,A,q_의약품_08,약 파는 데,건강·의료 중 '의약품'을 판매·제공하는 매장,train,의약품,T4 구어·문장,adc3404e-f45b-43c4-84d1-972ce41a0949,튼튼약국,약,양산상생하는하서로 골목형상점가,골목형상점가,광주광역시,,,
c46235bf9c57d141c84b,full_annotation_v1,A,q_의약품_08,약 파는 데,건강·의료 중 '의약품'을 판매·제공하는 매장,train,의약품,T4 구어·문장,6702c44f-743f-4a82-a486-762c643027a2,야채파는 총각,농산물,구리전통시장,전통시장,경기도,,,
a25976c49af3d3eefae5,full_annotation_v1,A,q_의약품_08,약 파는 데,건강·의료 중 '의약품'을 판매·제공하는 매장,train,의약품,T4 구어·문장,282b0e8b-051c-49f9-a707-b982df803589,까라벨라 데 오르,스파게티,동명동 카페거리 골목형상점가,골목형상점가,광주광역시,,,
d3debd13fccd1eeff029,full_annotation_v1,A,q_의약품_08,약 파는 데,건강·의료 중 '의약품'을 판매·제공하는 매장,train,의약품,T4 구어·문장,b5071454-5c47-48bb-a269-4ff416442992,화인골드,귀금속,테크노밸리 골목형상점가,골목형상점가,대전광역시,,,
903c71ee721daef8a5b8,full_annotation_v1,A,q_의약품_08,약 파는 데,건강·의료 중 '의약품'을 판매·제공하는 매장,train,의약품,T4 구어·문장,eb011fe4-e7f4-474e-ba5a-09da19428ed3,튼튼약국,약,운천상무시장 골목형상점가,골목형상점가,광주광역시,,,
ffa28fa005acdb90f803,full_annotation_v1,A,q_의약품_08,약 파는 데,건강·의료 중 '의약품'을 판매·제공하는 매장,train,의약품,T4 구어·문장,00b6e321-5954-437c-b1d9-94fded29f67e,웰빙마트,식품,서남신시장,전통시장,대구광역시,,,
b43be58ef42f8538fdab,full_annotation_v1,A,q_의약품_08,약 파는 데,건강·의료 중 '의약품'을 판매·제공하는 매장,train,의약품,T4 구어·문장,0056dcd4-0ac0-4535-9ee5-c8fd19d8ff14,중화한의원,한의원,보령한내시장,전통시장,충청남도,,,
5a68eae4955f233a1788,full_annotation_v1,A,q_의약품_08,약 파는 데,건강·의료 중 '의약품'을 판매·제공하는 매장,train,의약품,T4 구어·문장,24667eab-862c-40ce-91c0-62316c56c65c,효약국,약,공주산성시장,전통시장,충청남도,,,
98623be48958d0cb209d,full_annotation_v1,A,q_의약품_08,약 파는 데,건강·의료 중 '의약품'을 판매·제공하는 매장,train,의약품,T4 구어·문장,225e76fc-ea82-4f63-b3b4-f610fbd295ec,유한약국,약,진주 중앙상점가,자율상권구역,경상남도,,,
a7767256e9b26761ec32,full_annotation_v1,A,q_의약품_08,약 파는 데,건강·의료 중 '의약품'을 판매·제공하는 매장,train,의약품,T4 구어·문장,7c9a41c5-c9b9-4d8e-a5bb-48d30ccd897a,피자나라치킨공주(용해점),피자,용해동 포미타운 골목형상점가,골목형상점가,전라남도,,,
29fb1a2af8fd60787fd2,full_annotation_v1,A,q_의약품_08,약 파는 데,건강·의료 중 '의약품'을 판매·제공하는 매장,train,의약품,T4 구어·문장,9e984b5d-16a9-4d9e-a44d-21730c888530,샘약국,약,백운 대성시장 골목형상점가,골목형상점가,광주광역시,,,
c29ceda1db5b26ec5131,full_annotation_v1,A,q_의약품_08,약 파는 데,건강·의료 중 '의약품'을 판매·제공하는 매장,train,의약품,T4 구어·문장,21fd5be0-c4c6-4046-9418-7980138dac08,민당약국,소매(양약(조제)),상대원시장,전통시장,경기도,,,
851195b16d80611f20ad,full_annotation_v1,A,q_의약품_08,약 파는 데,건강·의료 중 '의약품'을 판매·제공하는 매장,train,의약품,T4 구어·문장,00192f22-a492-4ba5-a62d-65bf0d0ec7b9,큰물한의원,한의원,전주서곡 골목형상점가,골목형상점가,전북특별자치도,,,
d8b4c63efa41f90b3877,full_annotation_v1,A,q_의약품_08,약 파는 데,건강·의료 중 '의약품'을 판매·제공하는 매장,train,의약품,T4 구어·문장,5beb6187-2766-4dd5-bcca-3b08cb8c087f,고기파는 총각들,,용마루길 골목형상점가,골목형상점가,서울특별시,,,
9377e2697133b9440316,full_annotation_v1,A,q_의약품_08,약 파는 데,건강·의료 중 '의약품'을 판매·제공하는 매장,train,의약품,T4 구어·문장,b9345d1f-69e3-48bc-b82e-a796af4f6956,청기와약국,약,문경전통시장,전통시장,경상북도,,,
68fa53ff3485d62c7e69,full_annotation_v1,A,q_의약품_08,약 파는 데,건강·의료 중 '의약품'을 판매·제공하는 매장,train,의약품,T4 구어·문장,2daa91f7-3795-476f-a96f-3574a4bf300f,남면한의원,진료 밎 약처방,양주신산시장마을상점가,골목형상점가,경기도,,,
b54cbd5b410cef655320,full_annotation_v1,A,q_의약품_08,약 파는 데,건강·의료 중 '의약품'을 판매·제공하는 매장,train,의약품,T4 구어·문장,a4d76261-4918-4254-a9fa-320bebce5e24,열린약국,약,오송1산단오스코로골목형상점가,골목형상점가,충청북도,,,
cbea5d3e2de7f77244a3,full_annotation_v1,A,q_의약품_08,약 파는 데,건강·의료 중 '의약품'을 판매·제공하는 매장,train,의약품,T4 구어·문장,f8f88404-e507-4828-8f8c-e3d7fd4b2a92,태화약국,약,태화시장,전통시장,울산광역시,,,
30390fe7d492241564d0,full_annotation_v1,A,q_의약품_08,약 파는 데,건강·의료 중 '의약품'을 판매·제공하는 매장,train,의약품,T4 구어·문장,58d7f1ff-5dc2-4a47-8f74-bacb3d515884,튼튼약국,약,효천로 골목형상점가,골목형상점가,광주광역시,,,
ec79dab7acf4fd0de349,full_annotation_v1,A,q_의약품_08,약 파는 데,건강·의료 중 '의약품'을 판매·제공하는 매장,train,의약품,T4 구어·문장,aba76fc2-984e-4030-ba01-e2e7d78264c7,데 아로즈 대전둔산본점,,갈리단길 골목형상점가,골목형상점가,대전광역시,,,
22fcd3264348394caf09,full_annotation_v1,A,q_의약품_08,약 파는 데,건강·의료 중 '의약품'을 판매·제공하는 매장,train,의약품,T4 구어·문장,f128c671-c5de-447b-b65b-c358e697fe8a,소망약국,약,삼익 골목형상점가,골목형상점가,서울특별시,,,
7662d3e7f6804232d71b,full_annotation_v1,A,q_의약품_08,약 파는 데,건강·의료 중 '의약품'을 판매·제공하는 매장,train,의약품,T4 구어·문장,e350e872-7a7f-4ed7-8fb2-22824e634b1f,봉선친한 약국,약,봉선시장,전통시장,광주광역시,,,
9c90df10984c611b8c8c,full_annotation_v1,A,q_의약품_08,약 파는 데,건강·의료 중 '의약품'을 판매·제공하는 매장,train,의약품,T4 구어·문장,2ddcc1fb-a8ae-4fda-8ff8-fdabcb41edc6,광주고운세상피부과의원,처방전조제,아시아음식문화거리 골목형상점가,골목형상점가,광주광역시,,,
49efbdf909a6eefc5cc5,full_annotation_v1,A,q_의약품_08,약 파는 데,건강·의료 중 '의약품'을 판매·제공하는 매장,train,의약품,T4 구어·문장,80749931-eddc-4cab-804c-407480c96882,서동산약국,약,서남신시장,전통시장,대구광역시,,,
bede70bde1ebd406ab08,full_annotation_v1,A,q_의약품_08,약 파는 데,건강·의료 중 '의약품'을 판매·제공하는 매장,train,의약품,T4 구어·문장,eb8d7f21-5987-43cf-a8f7-3ac909df46ab,제일약국,약,자양15번가골목형상점가,골목형상점가,서울특별시,,,
91bb6873feb039a9c3e3,full_annotation_v1,A,q_의약품_08,약 파는 데,건강·의료 중 '의약품'을 판매·제공하는 매장,train,의약품,T4 구어·문장,016bfe9b-f1e9-4da4-9a7a-04782d2b06f4,통영굴집생선구이,생선류,고잔뜰 상점가,자율상권구역,경기도,,,
8f870ff7a038caa177f6,full_annotation_v1,A,q_의약품_08,약 파는 데,건강·의료 중 '의약품'을 판매·제공하는 매장,train,의약품,T4 구어·문장,12aa4963-540a-405f-885a-2779dbcc2baf,천혜의 손,운동처방,짚봉산상인회 골목형상점가,골목형상점가,광주광역시,,,
e88193ece69195abdeee,full_annotation_v1,A,q_의약품_08,약 파는 데,건강·의료 중 '의약품'을 판매·제공하는 매장,train,의약품,T4 구어·문장,f14df4d3-9858-4a8b-8597-20fd477d8e32,갤러리 데 루치아,가구,용인어정가구단지상점가,자율상권구역,경기도,,,
a8cd4e585ed71b735b34,full_annotation_v1,A,q_의약품_08,약 파는 데,건강·의료 중 '의약품'을 판매·제공하는 매장,train,의약품,T4 구어·문장,2852850e-b089-45c8-9960-f646d25873a1,금강약국,약,역전시장 상점가,자율상권구역,대전광역시,,,
48cd34260bca82c1b33f,full_annotation_v1,A,q_의약품_08,약 파는 데,건강·의료 중 '의약품'을 판매·제공하는 매장,train,의약품,T4 구어·문장,ff393fc9-79c6-4ce2-ae7f-a911f3ef8aba,김약국,약,언양읍성 남문 골목형상점가,골목형상점가,울산광역시,,,
43f07689ab1dca9d50ac,full_annotation_v1,A,q_의약품_08,약 파는 데,건강·의료 중 '의약품'을 판매·제공하는 매장,train,의약품,T4 구어·문장,9eff9e45-eb60-46a5-8885-8c494fb3be87,상아약국,약,옥과설산골목형상점가,골목형상점가,전라남도,,,
740184eea47de104fdf9,full_annotation_v1,A,q_의약품_08,약 파는 데,건강·의료 중 '의약품'을 판매·제공하는 매장,train,의약품,T4 구어·문장,008f6b90-4bab-45de-be49-429a25b6ab04,생명사랑약국,의약품,상대동로 골목형상점가,골목형상점가,대전광역시,,,
bbf58ba61a36e5d954f0,full_annotation_v1,A,q_의약품_08,약 파는 데,건강·의료 중 '의약품'을 판매·제공하는 매장,train,의약품,T4 구어·문장,ed45b3da-fff0-451f-8100-65b76cadb903,삼성약국,약,창원 가음정시장,전통시장,경상남도,,,
d8a18cf3c37a8f7fb339,full_annotation_v1,A,q_의약품_08,약 파는 데,건강·의료 중 '의약품'을 판매·제공하는 매장,train,의약품,T4 구어·문장,a77b643b-6b18-4c2d-bf70-a5eb0d94052d,다산약국,약,남양주장현전통시장,전통시장,경기도,,,
0cb26a659564a0bb2148,full_annotation_v1,A,q_의약품_08,약 파는 데,건강·의료 중 '의약품'을 판매·제공하는 매장,train,의약품,T4 구어·문장,c161453d-f2c8-4b97-a2c3-a54e0cbdb7e8,생활용품 싸게 파는 집,잡화,안성중앙시장,전통시장,경기도,,,
1964d124e336ed226e13,full_annotation_v1,A,q_의약품_08,약 파는 데,건강·의료 중 '의약품'을 판매·제공하는 매장,train,의약품,T4 구어·문장,00768c91-a678-4fbc-a372-a2ee0260218f,수택온누리약국,,구리시 구도심 상권활성화구역,상권활성화구역,경기도,,,
9ddb261f00179999c690,full_annotation_v1,A,q_의약품_08,약 파는 데,건강·의료 중 '의약품'을 판매·제공하는 매장,train,의약품,T4 구어·문장,e9074d4b-35b6-4468-8325-28a96fd81d2f,아논뷰티,화장 분장 미용업 피부,금곡 골목형상점가,골목형상점가,경기도,,,
72b395343e5c694c0114,full_annotation_v1,A,q_의약품_08,약 파는 데,건강·의료 중 '의약품'을 판매·제공하는 매장,train,의약품,T4 구어·문장,10c75c3f-7f86-4d6c-8c24-a2dcfc49930f,교석서점,서적,전곡로데오거리 골목형상점가,골목형상점가,경기도,,,
fd500bbc0110130f5519,full_annotation_v1,A,q_의약품_08,약 파는 데,건강·의료 중 '의약품'을 판매·제공하는 매장,train,의약품,T4 구어·문장,06da2752-93d7-4b20-aaf9-7b0e5e0e834e,시장약국,약,평택통복시장,전통시장,경기도,,,
34d111c8dd73d94ea9df,full_annotation_v1,A,q_의약품_08,약 파는 데,건강·의료 중 '의약품'을 판매·제공하는 매장,train,의약품,T4 구어·문장,c5b8810f-9187-4ef8-93a3-b1eccca1852b,하나로약국,약,점촌전통시장,전통시장,경상북도,,,
3c67f7b8e491162772ad,full_annotation_v1,A,q_의약품_08,약 파는 데,건강·의료 중 '의약품'을 판매·제공하는 매장,train,의약품,T4 구어·문장,85f3109a-0a26-43e2-a576-fc772659f7c1,백세약국,약,남양주장현전통시장,전통시장,경기도,,,
93b9ec0189d9ddeb3cf8,full_annotation_v1,A,q_의약품_08,약 파는 데,건강·의료 중 '의약품'을 판매·제공하는 매장,train,의약품,T4 구어·문장,2f14c3a2-3adc-46df-b80d-0ff53fe344b9,새봄약국,약,가오동 골목형상점가,골목형상점가,대전광역시,,,
ae3ccd821bc9649e3963,full_annotation_v1,A,q_의약품_08,약 파는 데,건강·의료 중 '의약품'을 판매·제공하는 매장,train,의약품,T4 구어·문장,e497756a-26c3-404a-85e9-5d8385b30f01,하늘꿈약국,약,항동 골목형상점가,골목형상점가,서울특별시,,,
5f047590bb730bf31d4a,full_annotation_v1,A,q_의약품_08,약 파는 데,건강·의료 중 '의약품'을 판매·제공하는 매장,train,의약품,T4 구어·문장,67927fc0-f685-4d7e-ab58-dc237e487bdb,가정약국,약,장성읍 골목형상점가,골목형상점가,전라남도,,,
6f8f0e922e5e2025cba4,full_annotation_v1,A,q_의약품_08,약 파는 데,건강·의료 중 '의약품'을 판매·제공하는 매장,train,의약품,T4 구어·문장,0112a558-2787-41dc-ae68-695e60c4930c,해동그랜드약국,약국,전곡시장,전통시장,서울특별시,,,
0ad98477355769102a93,full_annotation_v1,A,q_의약품_08,약 파는 데,건강·의료 중 '의약품'을 판매·제공하는 매장,train,의약품,T4 구어·문장,edc7201b-3afa-4e07-9634-2ed6c853a257,푸른약국,약,두암2동면앙로 골목형상점가,골목형상점가,광주광역시,,,
cea9b3351dad14ea3048,full_annotation_v1,A,q_의약품_08,약 파는 데,건강·의료 중 '의약품'을 판매·제공하는 매장,train,의약품,T4 구어·문장,f495f606-120f-4dc4-a2c6-164b57a7e083,한영약국,약,아미시장,전통시장,부산광역시,,,
6f793b3c7e58f21fc267,full_annotation_v1,A,q_의약품_08,약 파는 데,건강·의료 중 '의약품'을 판매·제공하는 매장,train,의약품,T4 구어·문장,014b63c0-c9e4-4e3b-beae-777251f28ad3,믿음건강원,음식업(건강원),안성중앙시장,전통시장,경기도,,,
176de1402ade45cbd8b2,full_annotation_v1,A,q_의약품_08,약 파는 데,건강·의료 중 '의약품'을 판매·제공하는 매장,train,의약품,T4 구어·문장,0040b4e6-7b74-4175-b54d-add4fe693d49,메디팜보명당약국,"의약품, 의료욕구, 복지욕구, 의료기기",점촌역전상점가,자율상권구역,경상북도,,,
a141a5ab84f299e3619b,full_annotation_v1,A,q_의약품_08,약 파는 데,건강·의료 중 '의약품'을 판매·제공하는 매장,train,의약품,T4 구어·문장,364b99d1-6cdf-4d54-b4c4-9ce4cfe6a1fa,군포한마음약국,약,군포역전전통시장,전통시장,경기도,,,
917a9ef52e9a6b43482e,full_annotation_v1,A,q_의약품_08,약 파는 데,건강·의료 중 '의약품'을 판매·제공하는 매장,train,의약품,T4 구어·문장,000db6d6-585c-4aba-94e7-fc6a23a694fb,시민약국,의약품,문경중앙시장,전통시장,경상북도,,,
43425a107adebfdc4353,full_annotation_v1,A,q_의약품_08,약 파는 데,건강·의료 중 '의약품'을 판매·제공하는 매장,train,의약품,T4 구어·문장,1fbc6c06-1a96-44c5-8f3e-3c225655a2b9,국파는데,가공식품,서남신시장,전통시장,대구광역시,,,
fe1cea6f4de8d457a839,full_annotation_v1,A,q_의약품_08,약 파는 데,건강·의료 중 '의약품'을 판매·제공하는 매장,train,의약품,T4 구어·문장,56dc9104-83b1-42bf-81e7-a6f9bd4e0552,지성약국,약,후평일단지시장,전통시장,강원특별자치도,,,
1c9628e9a1c885da0feb,full_annotation_v1,A,q_의약품_08,약 파는 데,건강·의료 중 '의약품'을 판매·제공하는 매장,train,의약품,T4 구어·문장,2afeb6c8-a450-4692-b64f-67cc27236394,서울약국,약,춘천중앙시장,전통시장,강원특별자치도,,,
ffa9412aff5ecb6b4ff2,full_annotation_v1,A,q_의약품_08,약 파는 데,건강·의료 중 '의약품'을 판매·제공하는 매장,train,의약품,T4 구어·문장,6f0278ac-929e-41c7-868b-95328ee1230f,한빛약국,약,매산시장,전통시장,경기도,,,
20ef48f135a3cde5ccca,full_annotation_v1,A,q_의약품_08,약 파는 데,건강·의료 중 '의약품'을 판매·제공하는 매장,train,의약품,T4 구어·문장,cb15e2d0-9357-4e06-9f00-880705012933,땅파서 폰파는 집(사직점),,사직거인 골목형상점가,골목형상점가,부산광역시,,,
ef3b915adb72a80253ee,full_annotation_v1,A,q_의약품_08,약 파는 데,건강·의료 중 '의약품'을 판매·제공하는 매장,train,의약품,T4 구어·문장,4d2c12fe-6322-4077-8888-a66c52291c6a,초원의상실 의류수선,의류수선,공주산성시장,전통시장,충청남도,,,
939070204dde98cc85ad,full_annotation_v1,A,q_의약품_08,약 파는 데,건강·의료 중 '의약품'을 판매·제공하는 매장,train,의약품,T4 구어·문장,22fcef05-42de-4f83-ae4e-e48c05e189c8,도깨비양꼬치,양고기,산본로데오거리(구 산본중심상가),자율상권구역,경기도,,,
ed0c96e54fce1857398f,full_annotation_v1,A,q_의약품_08,약 파는 데,건강·의료 중 '의약품'을 판매·제공하는 매장,train,의약품,T4 구어·문장,00523307-cc4c-4b0c-8b2f-176ca7450d24,오름한의원,한의원,아차산등산로골목형상점가,골목형상점가,서울특별시,,,
6e83870bc68714768eaf,full_annotation_v1,A,q_의약품_08,약 파는 데,건강·의료 중 '의약품'을 판매·제공하는 매장,train,의약품,T4 구어·문장,d434f6c6-8159-4795-9498-5cc0b2854fa4,매일약국,약,울산번개시장,전통시장,울산광역시,,,
0d96d41430ef0924da5d,full_annotation_v1,A,q_의약품_08,약 파는 데,건강·의료 중 '의약품'을 판매·제공하는 매장,train,의약품,T4 구어·문장,397afc8c-f4f1-4bed-bb40-156a737947d1,장약국,약,포항죽도농산물시장,전통시장,경상북도,,,
d399f660c24eba8c03f4,full_annotation_v1,A,q_의약품_08,약 파는 데,건강·의료 중 '의약품'을 판매·제공하는 매장,train,의약품,T4 구어·문장,f8606881-4bc8-4c37-b05e-62f41b641ff7,동아약국,약,연산골목시장상점가,자율상권구역,부산광역시,,,
21c880e20c20a0bae0ad,full_annotation_v1,A,q_의약품_08,약 파는 데,건강·의료 중 '의약품'을 판매·제공하는 매장,train,의약품,T4 구어·문장,0a46d625-4133-4f9d-b63d-6289d0e2fdea,하나로약국,약,송죽만석 골목형상점가,골목형상점가,경기도,,,
46952a6c4259f5cd92f6,full_annotation_v1,A,q_의약품_08,약 파는 데,건강·의료 중 '의약품'을 판매·제공하는 매장,train,의약품,T4 구어·문장,2a633b20-85c3-4a0f-b7a6-0a7dfca384c9,덕일약국,약,태평시장,전통시장,대전광역시,,,
d76ea246fa21c8fa54be,full_annotation_v1,A,q_의약품_08,약 파는 데,건강·의료 중 '의약품'을 판매·제공하는 매장,train,의약품,T4 구어·문장,03f37d02-1eb9-4f82-ab05-be726fa24a36,우주파스타,,수정로 상권활성화구역,상권활성화구역,경기도,,,
106730353d1f6c002453,full_annotation_v1,A,q_의약품_08,약 파는 데,건강·의료 중 '의약품'을 판매·제공하는 매장,train,의약품,T4 구어·문장,00140fab-ec56-4d81-8a03-d3d4aa8d5a49,계령약국,의약품,성대시장골목형상점가,골목형상점가,서울특별시,,,
32bc3785bbf3966a982a,full_annotation_v1,A,q_의약품_08,약 파는 데,건강·의료 중 '의약품'을 판매·제공하는 매장,train,의약품,T4 구어·문장,746e1515-6c37-4a82-bc6b-5147cb53176f,코코피어싱클럽,액세서리,동진시장,전통시장,서울특별시,,,
f3dfd8500d26feab81ff,full_annotation_v1,A,q_의약품_08,약 파는 데,건강·의료 중 '의약품'을 판매·제공하는 매장,train,의약품,T4 구어·문장,b32563c2-199a-4b49-ab0f-a09287a94871,행복한약국,약,마산 오동동 창동 어시장 상권활성화구역,상권활성화구역,경상남도,,,
1adc63487d3fb1942ac9,full_annotation_v1,A,q_의약품_08,약 파는 데,건강·의료 중 '의약품'을 판매·제공하는 매장,train,의약품,T4 구어·문장,19c43376-7f6a-493d-a37c-806877ef9e4c,중앙다먁국,약,광탄전통시장,전통시장,경기도,,,
cb7985473fb9bb0d3a1e,full_annotation_v1,A,q_의약품_08,약 파는 데,건강·의료 중 '의약품'을 판매·제공하는 매장,train,의약품,T4 구어·문장,269e7bb7-4484-4f82-9988-c213c94852df,유명약국,약,구미종합제일시장,전통시장,경상북도,,,
04e266bdc6d546106987,full_annotation_v1,A,q_의약품_08,약 파는 데,건강·의료 중 '의약품'을 판매·제공하는 매장,train,의약품,T4 구어·문장,32f04a39-e08b-49d6-be61-7d5a29a2b57c,연세모벨르의원 종로본점,탈모약처방,종로5가역일번출구상점가,자율상권구역,서울특별시,,,
214f1322ed12c85bd6ef,full_annotation_v1,A,q_의약품_08,약 파는 데,건강·의료 중 '의약품'을 판매·제공하는 매장,train,의약품,T4 구어·문장,b3985c8a-8c8f-4d12-8501-4eee3fcbe97a,수약국,약,도곡시장,자율상권구역,서울특별시,,,
39921c6d6462e6b91882,full_annotation_v1,A,q_의약품_08,약 파는 데,건강·의료 중 '의약품'을 판매·제공하는 매장,train,의약품,T4 구어·문장,02fa5d6f-5100-4cd5-8a9f-184877f99878,덕수파스타 원주 일산점,,중앙로골목형상점가,골목형상점가,강원특별자치도,,,
090eb0fdbdc1edd30a06,full_annotation_v1,A,q_의약품_08,약 파는 데,건강·의료 중 '의약품'을 판매·제공하는 매장,train,의약품,T4 구어·문장,ef217227-6e1d-4314-87a1-5c58262f89fd,삼장약국,약,청주육거리종합시장,전통시장,충청북도,,,
0a422a3891618d1aee63,full_annotation_v1,A,q_의약품_08,약 파는 데,건강·의료 중 '의약품'을 판매·제공하는 매장,train,의약품,T4 구어·문장,472ec2d2-b9e4-4776-a1e5-7b6773de3ae7,파란온누리약국,약,BOCA 보카상점가,골목형상점가,경기도,,,
49507914f20461b34a7f,full_annotation_v1,A,q_의약품_08,약 파는 데,건강·의료 중 '의약품'을 판매·제공하는 매장,train,의약품,T4 구어·문장,5122a6e2-8211-4c92-8fa3-3408fcea4be9,사거리약국,약,"온양온천시장(온양재래시장, 전통시장)",전통시장,충청남도,,,
14cc19504a0d0c510a59,full_annotation_v1,A,q_의약품_08,약 파는 데,건강·의료 중 '의약품'을 판매·제공하는 매장,train,의약품,T4 구어·문장,e8f5777a-054d-44c3-9c74-01cabe8fa937,허약국,약,창원 봉곡시장,전통시장,경상남도,,,
0e695dad51b65971c6d5,full_annotation_v1,A,q_의약품_08,약 파는 데,건강·의료 중 '의약품'을 판매·제공하는 매장,train,의약품,T4 구어·문장,f13f34fd-f4e5-4ce0-b5c6-6f5ed847d631,조은약국,약,문화의거리 상점가,자율상권구역,울산광역시,,,
0e63b8a6ea8c8ba252b1,full_annotation_v1,A,q_의약품_08,약 파는 데,건강·의료 중 '의약품'을 판매·제공하는 매장,train,의약품,T4 구어·문장,a1e61116-d840-4136-8a67-05323a1ba0ee,글라스스토리,안경 안경렌즈 콘택트렌즈,초지항아리 골목형상점가,골목형상점가,경기도,,,
8d7ff0c83aa2a78ce585,full_annotation_v1,A,q_의약품_08,약 파는 데,건강·의료 중 '의약품'을 판매·제공하는 매장,train,의약품,T4 구어·문장,e9d97c74-eecc-4578-81a3-d139c7db8750,참사랑약국,약,운암 다정 골목형상점가,골목형상점가,광주광역시,,,
d1c68ba5c19bd02f0cbe,full_annotation_v1,A,q_의약품_08,약 파는 데,건강·의료 중 '의약품'을 판매·제공하는 매장,train,의약품,T4 구어·문장,040b391d-a92f-4db4-90cd-eb2c0720eb78,eating,파스타 덮밥 피자,여주 터미널상점가,자율상권구역,경기도,,,
ac7b0efe99e518d775c8,full_annotation_v1,A,q_의약품_08,약 파는 데,건강·의료 중 '의약품'을 판매·제공하는 매장,train,의약품,T4 구어·문장,02c6fc99-f1cb-4e77-a062-7f8db6f39bbc,대성건강원,건강원,대명시장,전통시장,대구광역시,,,
fcf66559cddf21f2919e,full_annotation_v1,A,q_의약품_08,약 파는 데,건강·의료 중 '의약품'을 판매·제공하는 매장,train,의약품,T4 구어·문장,e3df78a6-fbf3-461f-be41-0b389333956c,대원약국,약,우정전통시장,전통시장,울산광역시,,,
c483dd2dbc55e4f2715b,full_annotation_v1,A,q_의약품_08,약 파는 데,건강·의료 중 '의약품'을 판매·제공하는 매장,train,의약품,T4 구어·문장,dbaa02af-a653-42f1-b2b0-1a3f014573e4,한독약국,약,마산어시장,전통시장,경상남도,,,
31c4a3ac59426aea97d4,full_annotation_v1,A,q_의약품_08,약 파는 데,건강·의료 중 '의약품'을 판매·제공하는 매장,train,의약품,T4 구어·문장,8bb213a2-4ac2-4af1-bf6f-338e9d5258d0,천일약국,약,상주풍물시장,전통시장,경상북도,,,
f918952353bb383c56c6,full_annotation_v1,A,q_의약품_08,약 파는 데,건강·의료 중 '의약품'을 판매·제공하는 매장,train,의약품,T4 구어·문장,938b92f8-b2f3-4151-81af-3884e120024e,고기파는 청년들,정육,용호시장,전통시장,부산광역시,,,
d69f208a45c22a9e997c,full_annotation_v1,A,q_의약품_08,약 파는 데,건강·의료 중 '의약품'을 판매·제공하는 매장,train,의약품,T4 구어·문장,c576dc69-1cef-4d33-8c25-6724d6a4e384,중앙약국,약,당진원시가지상가,자율상권구역,충청남도,,,
6ab60f0006d3cdbbc5fe,full_annotation_v1,A,q_의약품_08,약 파는 데,건강·의료 중 '의약품'을 판매·제공하는 매장,train,의약품,T4 구어·문장,00681cee-2849-497b-b7d1-548576542ed2,풍암한의원,한의원,풍암벚꽃길상인회 골목형상점가,골목형상점가,광주광역시,,,
05e47055fbf96d26791e,full_annotation_v1,A,q_의약품_08,약 파는 데,건강·의료 중 '의약품'을 판매·제공하는 매장,train,의약품,T4 구어·문장,7334961a-9f23-4dad-a8af-f06853ae2a05,일산약국,의약품의료기기의료용품,중앙로골목형상점가,골목형상점가,강원특별자치도,,,
a0c96085dbe46fc0b173,full_annotation_v1,A,q_의약품_08,약 파는 데,건강·의료 중 '의약품'을 판매·제공하는 매장,train,의약품,T4 구어·문장,f74c93bb-9559-439b-a998-b129c5381fe1,다정한약국,약,김해 외동전통시장,전통시장,경상남도,,,
3168b77d7b866c268dbc,full_annotation_v1,A,q_의약품_08,약 파는 데,건강·의료 중 '의약품'을 판매·제공하는 매장,train,의약품,T4 구어·문장,8f69b854-2bb1-4c60-9270-208d55b08d3f,예쁜데,,골든타임 골목형상점가,골목형상점가,경기도,,,
c13add04dcda9daa7dae,full_annotation_v1,A,q_의약품_08,약 파는 데,건강·의료 중 '의약품'을 판매·제공하는 매장,train,의약품,T4 구어·문장,19696ed9-7515-4691-9eb6-4c7eef90cca6,유명온누리약국,약,경주성동공설시장,전통시장,경상북도,,,
71f7eb536948d010329b,full_annotation_v1,A,q_의약품_08,약 파는 데,건강·의료 중 '의약품'을 판매·제공하는 매장,train,의약품,T4 구어·문장,9daf637b-95bc-4162-8087-aff4a8e54ba4,건강온누리약국,약,창원 성원그랜드쇼핑상가,전통시장,경상남도,,,
fa4d03183750f164bc90,full_annotation_v1,A,q_의약품_08,약 파는 데,건강·의료 중 '의약품'을 판매·제공하는 매장,train,의약품,T4 구어·문장,008b065b-181b-4891-95dc-7a77a7c143d1,혜화온누리약국,약국,유성도안 골목형상점가,골목형상점가,대전광역시,,,
e7f8dc28b0386b7d3763,full_annotation_v1,A,q_의약품_08,약 파는 데,건강·의료 중 '의약품'을 판매·제공하는 매장,train,의약품,T4 구어·문장,eb43609c-e410-46ab-b136-7e47e0e032d2,현약국,약,원도심 상권활성화구역,상권활성화구역,대전광역시,,,
55c2b96cac222c35e143,full_annotation_v1,A,q_의약품_08,약 파는 데,건강·의료 중 '의약품'을 판매·제공하는 매장,train,의약품,T4 구어·문장,5b2acd9b-f13d-4940-a1fd-4a41a0846c2f,나약국,약,장안문거북시장,전통시장,경기도,,,
0f888c2f5801e0a0af1d,full_annotation_v1,A,q_의약품_08,약 파는 데,건강·의료 중 '의약품'을 판매·제공하는 매장,train,의약품,T4 구어·문장,bcb66a5e-5838-4234-8209-75a7bc33a73b,상아약국,약,구미파크시장,전통시장,경상북도,,,
31c58f4b5f082bc7573c,full_annotation_v1,A,q_의약품_08,약 파는 데,건강·의료 중 '의약품'을 판매·제공하는 매장,train,의약품,T4 구어·문장,2ce3a071-6f18-49bd-8005-9602e0b39fcc,즐거운약국,약,미라클,골목형상점가,광주광역시,,,
4ca0b91155e2b1706642,full_annotation_v1,A,q_의약품_08,약 파는 데,건강·의료 중 '의약품'을 판매·제공하는 매장,train,의약품,T4 구어·문장,f7d8a1cb-c685-4f05-afe1-f3c8c53c9fdf,연세내과의원,내과,남성사계시장,전통시장,서울특별시,,,
3008be9cae32e571f835,full_annotation_v1,A,q_의약품_08,약 파는 데,건강·의료 중 '의약품'을 판매·제공하는 매장,train,의약품,T4 구어·문장,161616dd-5fd0-4893-9089-8fd85ac9341b,오약국,약,면허시험장네거리 골목형상점가,골목형상점가,대구광역시,,,
08d55a73d13e5c845055,full_annotation_v1,A,q_의약품_08,약 파는 데,건강·의료 중 '의약품'을 판매·제공하는 매장,train,의약품,T4 구어·문장,009eb486-5dea-48f4-9f45-85c0ac03972a,수만건강식품,,봉동생강골시장,전통시장,전북특별자치도,,,
1e9c56efa773247ab758,full_annotation_v1,A,q_의약품_08,약 파는 데,건강·의료 중 '의약품'을 판매·제공하는 매장,train,의약품,T4 구어·문장,019ac829-9ffd-42aa-bfd1-9da1dfba52e2,바디엔 약국,,남악1번가 골목형상점가,골목형상점가,,,,
b92e690fc472c37d8978,full_annotation_v1,A,q_의약품_08,약 파는 데,건강·의료 중 '의약품'을 판매·제공하는 매장,train,의약품,T4 구어·문장,0acee185-d982-4fb8-a197-c8ffd8b2888e,태평양약국,의약품 조제,안골사거리 골목형상점가,골목형상점가,전북특별자치도,,,
45810a5dd4b0fa9b4f64,full_annotation_v1,A,q_의약품_08,약 파는 데,건강·의료 중 '의약품'을 판매·제공하는 매장,train,의약품,T4 구어·문장,ad2284ff-8791-453b-b8a9-67654ff94220,폰파는 신사,휴대폰,남해 명품화전길 골목형상점가,골목형상점가,경상남도,,,
7c22baecce0873199ba1,full_annotation_v1,A,q_의약품_08,약 파는 데,건강·의료 중 '의약품'을 판매·제공하는 매장,train,의약품,T4 구어·문장,67c7111a-4df2-4553-b3ba-58f2791e287c,포미샤브,일식,용해동 포미타운 골목형상점가,골목형상점가,전라남도,,,
2c1e4fa250ba7163d7cf,full_annotation_v1,A,q_의약품_08,약 파는 데,건강·의료 중 '의약품'을 판매·제공하는 매장,train,의약품,T4 구어·문장,72ccc8ac-49dd-44bf-ba44-94696b4361e9,21세기약국,약,성서용산시장,전통시장,대구광역시,,,
c086846b261acde79419,full_annotation_v1,A,q_의약품_09,의약푼,건강·의료 중 '의약품'을 판매·제공하는 매장,train,의약품,T6 기계변형,6122b24d-bffc-4e16-82d0-1acc6991afc4,다올떡,떡,반여2동상가시장,전통시장,부산광역시,,,
66a3e6cfe576164f5017,full_annotation_v1,A,q_의약품_09,의약푼,건강·의료 중 '의약품'을 판매·제공하는 매장,train,의약품,T6 기계변형,b0f32f2b-b58a-4c54-ac57-5ee81fe4d26a,하나둘약국,의약품,"온양온천시장(온양재래시장, 전통시장)",전통시장,충청남도,,,
526cd88c9b092a239d80,full_annotation_v1,A,q_의약품_09,의약푼,건강·의료 중 '의약품'을 판매·제공하는 매장,train,의약품,T6 기계변형,d39e2178-5ee6-4a81-aab7-ef539f11a576,종로가톨릭의원,의약품,광장전통시장,자율상권구역,서울특별시,,,
9bebe43977c19136d95f,full_annotation_v1,A,q_의약품_09,의약푼,건강·의료 중 '의약품'을 판매·제공하는 매장,train,의약품,T6 기계변형,6f4ec764-0c78-480f-ac14-61548f288e18,짱짱약국,의약품 및 의약외품,신안동서암대로 골목형상점가,골목형상점가,광주광역시,,,
bdec2808e113ccae9af9,full_annotation_v1,A,q_의약품_09,의약푼,건강·의료 중 '의약품'을 판매·제공하는 매장,train,의약품,T6 기계변형,0acee185-d982-4fb8-a197-c8ffd8b2888e,태평양약국,의약품 조제,안골사거리 골목형상점가,골목형상점가,전북특별자치도,,,
625a0e261bdbe3d138a3,full_annotation_v1,A,q_의약품_09,의약푼,건강·의료 중 '의약품'을 판매·제공하는 매장,train,의약품,T6 기계변형,7a16133c-0375-45be-b489-a5776b814378,명신네,활어 선어 어패류,서천특화시장,전통시장,충청남도,,,
9721ece4c14de40df7ab,full_annotation_v1,A,q_의약품_09,의약푼,건강·의료 중 '의약품'을 판매·제공하는 매장,train,의약품,T6 기계변형,89f390f4-a77d-413e-a58c-8f2ff5922347,프로헤어스칼렛,미용업 헤어,순천연향패션상가,자율상권구역,전라남도,,,
65e92268305c71452dcb,full_annotation_v1,A,q_의약품_09,의약푼,건강·의료 중 '의약품'을 판매·제공하는 매장,train,의약품,T6 기계변형,03f37d02-1eb9-4f82-ab05-be726fa24a36,우주파스타,,수정로 상권활성화구역,상권활성화구역,경기도,,,
70d016e0383e6014e296,full_annotation_v1,A,q_의약품_09,의약푼,건강·의료 중 '의약품'을 판매·제공하는 매장,train,의약품,T6 기계변형,02fa5d6f-5100-4cd5-8a9f-184877f99878,덕수파스타 원주 일산점,,중앙로골목형상점가,골목형상점가,강원특별자치도,,,
b549a957877f44c657a9,full_annotation_v1,A,q_의약품_09,의약푼,건강·의료 중 '의약품'을 판매·제공하는 매장,train,의약품,T6 기계변형,e613e16e-f1ed-49e8-99c7-bbe12e4caf53,지니약국,의약품 및 의약외품,길주로 골목형상점가,골목형상점가,경기도,,,
01be290ae8b17aae131a,full_annotation_v1,A,q_의약품_09,의약푼,건강·의료 중 '의약품'을 판매·제공하는 매장,train,의약품,T6 기계변형,97fa9477-2a88-45a8-aefd-20aa278289a9,최약국,의약품,선부광장로상점가,자율상권구역,경기도,,,
f88b512ad73655918091,full_annotation_v1,A,q_의약품_09,의약푼,건강·의료 중 '의약품'을 판매·제공하는 매장,train,의약품,T6 기계변형,00e9de4b-3c8d-44a2-bfc2-ddc91fe5a03b,대디파스타,파스타돈가스,벽산황계로 골목형상점가,골목형상점가,광주광역시,,,
6bfabb8bf8b3ef586e57,full_annotation_v1,A,q_의약품_09,의약푼,건강·의료 중 '의약품'을 판매·제공하는 매장,train,의약품,T6 기계변형,1f6cff9b-8485-4fed-a6ec-425fb6df45fb,센터약국,의약품,녹색거리상점가,자율상권구역,경기도,,,
c6a0b26104d55c52c213,full_annotation_v1,A,q_의약품_09,의약푼,건강·의료 중 '의약품'을 판매·제공하는 매장,train,의약품,T6 기계변형,0112a558-2787-41dc-ae68-695e60c4930c,해동그랜드약국,약국,전곡시장,전통시장,서울특별시,,,
5e60a2449a4e99ea09e1,full_annotation_v1,A,q_의약품_09,의약푼,건강·의료 중 '의약품'을 판매·제공하는 매장,train,의약품,T6 기계변형,9865c5a3-247e-41d6-b379-5a2792e1431d,수퍼약국,의약품,의정부시장,전통시장,경기도,,,
13a782b036dbf83ecfe2,full_annotation_v1,A,q_의약품_09,의약푼,건강·의료 중 '의약품'을 판매·제공하는 매장,train,의약품,T6 기계변형,2daa91f7-3795-476f-a96f-3574a4bf300f,남면한의원,진료 밎 약처방,양주신산시장마을상점가,골목형상점가,경기도,,,
c5f9dfe10a25b0e13a56,full_annotation_v1,A,q_의약품_09,의약푼,건강·의료 중 '의약품'을 판매·제공하는 매장,train,의약품,T6 기계변형,c37d13f8-6045-4586-bfea-743fce4c8dc5,바니스푼,,골든타임 골목형상점가,골목형상점가,경기도,,,
801cd13354c1b5a711c1,full_annotation_v1,A,q_의약품_09,의약푼,건강·의료 중 '의약품'을 판매·제공하는 매장,train,의약품,T6 기계변형,b5841a20-b8a9-42a9-923d-3c12e6219ebf,이본한복 상무점,,상무연하상인회 골목형상점가,골목형상점가,,,,
19f8d6d3bd8e21d60a7e,full_annotation_v1,A,q_의약품_09,의약푼,건강·의료 중 '의약품'을 판매·제공하는 매장,train,의약품,T6 기계변형,1ca600dd-7fb0-4eb9-8a3a-81c74e29a395,순환약국,의약품,녹두S밸리골목형상점가,골목형상점가,서울특별시,,,
aa3eafa91840aaca8dc7,full_annotation_v1,A,q_의약품_09,의약푼,건강·의료 중 '의약품'을 판매·제공하는 매장,train,의약품,T6 기계변형,00b64830-f897-4643-a5fa-6d8950c2ef89,낭만상회,식품,문산자유시장,전통시장,경기도,,,
d42a421ad14cc5a7e6f6,full_annotation_v1,A,q_의약품_09,의약푼,건강·의료 중 '의약품'을 판매·제공하는 매장,train,의약품,T6 기계변형,d40f5004-7397-490d-87c9-5f9d1518f58f,첨단약국,의약품,첨단호두라 골목형상점가,골목형상점가,광주광역시,,,
e648b41f033af8f94e38,full_annotation_v1,A,q_의약품_09,의약푼,건강·의료 중 '의약품'을 판매·제공하는 매장,train,의약품,T6 기계변형,0e3d8d9a-4f32-47f6-9793-3acda988aa07,바우약국,양약소매 한약 처방약조제,광명새마을시장,전통시장,경기도,,,
a79ad5f3728ecd844521,full_annotation_v1,A,q_의약품_09,의약푼,건강·의료 중 '의약품'을 판매·제공하는 매장,train,의약품,T6 기계변형,12aa4963-540a-405f-885a-2779dbcc2baf,천혜의 손,운동처방,짚봉산상인회 골목형상점가,골목형상점가,광주광역시,,,
547778a06516178aba34,full_annotation_v1,A,q_의약품_09,의약푼,건강·의료 중 '의약품'을 판매·제공하는 매장,train,의약품,T6 기계변형,0002538c-b8d9-4911-81c7-966789036b09,빛고을 치과의원,의원,세은 골목형상점가,골목형상점가,광주광역시,,,
0d5acc6ae28a2ee4459f,full_annotation_v1,A,q_의약품_09,의약푼,건강·의료 중 '의약품'을 판매·제공하는 매장,train,의약품,T6 기계변형,3e4f2ff4-db12-41b5-8a32-0cd0c209657c,어스푼,광고,충주관아골상가,전통시장,충청북도,,,
481ebf8e1ab9861608ca,full_annotation_v1,A,q_의약품_09,의약푼,건강·의료 중 '의약품'을 판매·제공하는 매장,train,의약품,T6 기계변형,00bd78a7-2a89-48d4-b7ec-efe5116ce2a4,반월당경북약국,약국,메트로센터(반월당지하쇼핑),일반지하상점가,대구광역시,,,
a592e02e52c30b11994b,full_annotation_v1,A,q_의약품_09,의약푼,건강·의료 중 '의약품'을 판매·제공하는 매장,train,의약품,T6 기계변형,008f6b90-4bab-45de-be49-429a25b6ab04,생명사랑약국,의약품,상대동로 골목형상점가,골목형상점가,대전광역시,,,
2dae5230361446f5ed51,full_annotation_v1,A,q_의약품_09,의약푼,건강·의료 중 '의약품'을 판매·제공하는 매장,train,의약품,T6 기계변형,00681cee-2849-497b-b7d1-548576542ed2,풍암한의원,한의원,풍암벚꽃길상인회 골목형상점가,골목형상점가,광주광역시,,,
6cc4efd20efd19475a1b,full_annotation_v1,A,q_의약품_09,의약푼,건강·의료 중 '의약품'을 판매·제공하는 매장,train,의약품,T6 기계변형,da41aad3-1ce9-4cc4-ab70-dc51d8b91513,세븐약국,의약품,상동역 골목형상점가,골목형상점가,경기도,,,
fa9d606a60af2ec73eb7,full_annotation_v1,A,q_의약품_09,의약푼,건강·의료 중 '의약품'을 판매·제공하는 매장,train,의약품,T6 기계변형,fb40c700-4c50-45cd-a1a8-731fa1b4a4d2,더좋은치과,치과의원,효자시장,전통시장,경상북도,,,
ff437606f37a9433b4a5,full_annotation_v1,A,q_의약품_09,의약푼,건강·의료 중 '의약품'을 판매·제공하는 매장,train,의약품,T6 기계변형,43f43998-37bd-4297-97d1-2c46bebc53f8,달콤두스푼,의류,뒷개로청춘골목상점가,골목형상점가,전라남도,,,
f45c8eda2c1c555a83bc,full_annotation_v1,A,q_의약품_09,의약푼,건강·의료 중 '의약품'을 판매·제공하는 매장,train,의약품,T6 기계변형,cacbb5d0-b785-4893-9f47-2b7f63c9448c,예쁜약국,의약품,새샘하루 골목형상점가,골목형상점가,세종특별자치시,,,
0b1eb846fa90813d3542,full_annotation_v1,A,q_의약품_09,의약푼,건강·의료 중 '의약품'을 판매·제공하는 매장,train,의약품,T6 기계변형,009eb486-5dea-48f4-9f45-85c0ac03972a,수만건강식품,,봉동생강골시장,전통시장,전북특별자치도,,,
047885141c7cdf1f372e,full_annotation_v1,A,q_의약품_09,의약푼,건강·의료 중 '의약품'을 판매·제공하는 매장,train,의약품,T6 기계변형,05c262c4-7f1e-47cf-8292-d675166c7876,태일건강원,,세종전통시장,전통시장,세종특별자치시,,,
2d17370e28b8f5ffad1f,full_annotation_v1,A,q_의약품_09,의약푼,건강·의료 중 '의약품'을 판매·제공하는 매장,train,의약품,T6 기계변형,cd28fc54-a8bc-47e2-9a2c-7d35f643a6f7,복사나라,복사업,첨단이웃사랑 골목형상점가,골목형상점가,광주광역시,,,
737177e116818d8f81ce,full_annotation_v1,A,q_의약품_09,의약푼,건강·의료 중 '의약품'을 판매·제공하는 매장,train,의약품,T6 기계변형,e1c2d794-62c7-4266-ad31-61528a221a45,예쁜약국,의약품,신봉동 온누리 골목형상점가,골목형상점가,경기도,,,
b08cac5495c06eac9728,full_annotation_v1,A,q_의약품_09,의약푼,건강·의료 중 '의약품'을 판매·제공하는 매장,train,의약품,T6 기계변형,3f97c246-3912-48d2-aa64-4a8d667bd10c,스푼,옷,부산평화시장,전통시장,부산광역시,,,
aaea8419389c2695aee0,full_annotation_v1,A,q_의약품_09,의약푼,건강·의료 중 '의약품'을 판매·제공하는 매장,train,의약품,T6 기계변형,c2d285d3-228d-4555-94cf-b8dbdab8315e,로얄약국,의약품,풍덕천 골목형상점가,골목형상점가,경기도,,,
6040f855087386d3e639,full_annotation_v1,A,q_의약품_09,의약푼,건강·의료 중 '의약품'을 판매·제공하는 매장,train,의약품,T6 기계변형,fcdd4d09-b735-4856-99bd-a85010ba7cab,스푼,분식,홍산로 골목형상점가,골목형상점가,전북특별자치도,,,
34ebfa538589c00076ad,full_annotation_v1,A,q_의약품_09,의약푼,건강·의료 중 '의약품'을 판매·제공하는 매장,train,의약품,T6 기계변형,008a831c-1fd3-4b7c-96c1-0e92332ccbf3,명성약국,의약품,공주산성시장,전통시장,충청남도,,,
96f49d65996239ba78da,full_annotation_v1,A,q_의약품_09,의약푼,건강·의료 중 '의약품'을 판매·제공하는 매장,train,의약품,T6 기계변형,19a568bd-9c64-4360-8caa-3190986fd7f4,대풍약국,의약품 및 의약외품,서남생활 골목형상점가,골목형상점가,대구광역시,,,
e17442a82a40428e9bc2,full_annotation_v1,A,q_의약품_09,의약푼,건강·의료 중 '의약품'을 판매·제공하는 매장,train,의약품,T6 기계변형,1d6035b9-fe8d-43df-bbcc-d6e7eebe39b7,행복의창,커텐,의정부제일시장,전통시장,경기도,,,
a8522d46fc253cfd5c27,full_annotation_v1,A,q_의약품_09,의약푼,건강·의료 중 '의약품'을 판매·제공하는 매장,train,의약품,T6 기계변형,b3f805f2-2898-41e9-99ef-8a73ff7b3050,로뎀약국,의약품,전대병원오거리 골목형상점가,골목형상점가,광주광역시,,,
e6065c771c626e094923,full_annotation_v1,A,q_의약품_09,의약푼,건강·의료 중 '의약품'을 판매·제공하는 매장,train,의약품,T6 기계변형,aed2cad8-375c-4284-a92b-391a64bf66e7,미래팜영통약국,의약품,뉴월드프라자골목형상점가,골목형상점가,경기도,,,
3d79a0d2ec2abebce1b6,full_annotation_v1,A,q_의약품_09,의약푼,건강·의료 중 '의약품'을 판매·제공하는 매장,train,의약품,T6 기계변형,4f0c6c82-7d30-4056-8ee1-c7f827b2f6ed,예약국,의약품,안동시 대안로 골목형상점가,골목형상점가,경상북도,,,
4bda7477694f9834d1bf,full_annotation_v1,A,q_의약품_09,의약푼,건강·의료 중 '의약품'을 판매·제공하는 매장,train,의약품,T6 기계변형,00523307-cc4c-4b0c-8b2f-176ca7450d24,오름한의원,한의원,아차산등산로골목형상점가,골목형상점가,서울특별시,,,
e2cc8d15de44e573e234,full_annotation_v1,A,q_의약품_09,의약푼,건강·의료 중 '의약품'을 판매·제공하는 매장,train,의약품,T6 기계변형,02c6fc99-f1cb-4e77-a062-7f8db6f39bbc,대성건강원,건강원,대명시장,전통시장,대구광역시,,,
34afffbe2b51abd4369b,full_annotation_v1,A,q_의약품_09,의약푼,건강·의료 중 '의약품'을 판매·제공하는 매장,train,의약품,T6 기계변형,008b065b-181b-4891-95dc-7a77a7c143d1,혜화온누리약국,약국,유성도안 골목형상점가,골목형상점가,대전광역시,,,
3caa5fa5565cd8ce2a4c,full_annotation_v1,A,q_의약품_09,의약푼,건강·의료 중 '의약품'을 판매·제공하는 매장,train,의약품,T6 기계변형,45093fe4-5956-4800-9211-ea8e9f790fe1,아빠약국,의약품,효천로 골목형상점가,골목형상점가,광주광역시,,,
c28e3ab878dab6483702,full_annotation_v1,A,q_의약품_09,의약푼,건강·의료 중 '의약품'을 판매·제공하는 매장,train,의약품,T6 기계변형,813497cc-bf0f-4172-b02d-7c4677220603,동묘약국,의약품,동묘시장,자율상권구역,서울특별시,,,
4c29eb92dfdde18ecc35,full_annotation_v1,A,q_의약품_09,의약푼,건강·의료 중 '의약품'을 판매·제공하는 매장,train,의약품,T6 기계변형,f9b7c57e-ec38-4957-9632-d8fb219c7368,새론약국,의약품,혁신도시 대림동 골목형상점가,골목형상점가,대구광역시,,,
5a5f7d7117bf5ac7f156,full_annotation_v1,A,q_의약품_09,의약푼,건강·의료 중 '의약품'을 판매·제공하는 매장,train,의약품,T6 기계변형,4223ad21-0303-44ee-94d1-ff0ec414b5e5,뉴욕약국,의약품,전대병원오거리 골목형상점가,골목형상점가,광주광역시,,,
63627e9d3c54511b8a2d,full_annotation_v1,A,q_의약품_09,의약푼,건강·의료 중 '의약품'을 판매·제공하는 매장,train,의약품,T6 기계변형,00b6e321-5954-437c-b1d9-94fded29f67e,웰빙마트,식품,서남신시장,전통시장,대구광역시,,,
220bffb0eb77c7ef0c58,full_annotation_v1,A,q_의약품_09,의약푼,건강·의료 중 '의약품'을 판매·제공하는 매장,train,의약품,T6 기계변형,2c72b585-bd54-4864-b05f-b84f0916a2f9,로뎀약국,의약품,과천슈르탑 골목형상점가,골목형상점가,경기도,,,
c39bf5b1faf0c72cba66,full_annotation_v1,A,q_의약품_09,의약푼,건강·의료 중 '의약품'을 판매·제공하는 매장,train,의약품,T6 기계변형,9877c584-7ea5-40e5-9984-146f414dc0da,청년약국,의약품 의약외품,원광온누리상점가,자율상권구역,전북특별자치도,,,
b9cbc56a66534a19d31b,full_annotation_v1,A,q_의약품_09,의약푼,건강·의료 중 '의약품'을 판매·제공하는 매장,train,의약품,T6 기계변형,019ac829-9ffd-42aa-bfd1-9da1dfba52e2,바디엔 약국,,남악1번가 골목형상점가,골목형상점가,,,,
d23b2de65c3bb7c917fd,full_annotation_v1,A,q_의약품_09,의약푼,건강·의료 중 '의약품'을 판매·제공하는 매장,train,의약품,T6 기계변형,2ddcc1fb-a8ae-4fda-8ff8-fdabcb41edc6,광주고운세상피부과의원,처방전조제,아시아음식문화거리 골목형상점가,골목형상점가,광주광역시,,,
8d15657550f572d410f3,full_annotation_v1,A,q_의약품_09,의약푼,건강·의료 중 '의약품'을 판매·제공하는 매장,train,의약품,T6 기계변형,7945a6a5-0994-4d4b-8024-fea70be2ad70,비범 한약국,의약품 및 의약용품 소매업,유성온천거리 골목형상점가,골목형상점가,대전광역시,,,
3980516ec550cd74199f,full_annotation_v1,A,q_의약품_09,의약푼,건강·의료 중 '의약품'을 판매·제공하는 매장,train,의약품,T6 기계변형,014b63c0-c9e4-4e3b-beae-777251f28ad3,믿음건강원,음식업(건강원),안성중앙시장,전통시장,경기도,,,
275bc5b0c31613743ec4,full_annotation_v1,A,q_의약품_09,의약푼,건강·의료 중 '의약품'을 판매·제공하는 매장,train,의약품,T6 기계변형,002c02f2-4428-4a84-a248-7b23ae109459,정관장 반석점,홍삼건강식품,지족반석 골목형상점가,골목형상점가,대전광역시,,,
b7acd37237f00c3f740f,full_annotation_v1,A,q_의약품_09,의약푼,건강·의료 중 '의약품'을 판매·제공하는 매장,train,의약품,T6 기계변형,74b3d3c7-9be9-4331-97ae-0f1e8b795e2f,엠하우스 컴퍼니,일반가구,서대구가구거리 상점가,자율상권구역,대구광역시,,,
378ad460beb15c24f1d0,full_annotation_v1,A,q_의약품_09,의약푼,건강·의료 중 '의약품'을 판매·제공하는 매장,train,의약품,T6 기계변형,020b5248-6222-4ebf-8d61-b4b85b6a0678,시티약국,의약품,치평동중흥상가상인회 골목형상점가,골목형상점가,광주광역시,,,
88d65b10f04c705e9e5b,full_annotation_v1,A,q_의약품_09,의약푼,건강·의료 중 '의약품'을 판매·제공하는 매장,train,의약품,T6 기계변형,40506b1d-43e5-49be-88ae-09d36cf3371a,스푼,,산내마을 골목형상점가,골목형상점가,경기도,,,
c9f19dc954c83964a191,full_annotation_v1,A,q_의약품_09,의약푼,건강·의료 중 '의약품'을 판매·제공하는 매장,train,의약품,T6 기계변형,00140fab-ec56-4d81-8a03-d3d4aa8d5a49,계령약국,의약품,성대시장골목형상점가,골목형상점가,서울특별시,,,
07c5f119cef08f9caf7d,full_annotation_v1,A,q_의약품_09,의약푼,건강·의료 중 '의약품'을 판매·제공하는 매장,train,의약품,T6 기계변형,d3ff068d-9a71-4033-801f-a04c5dfb0cd1,신사달약국,의약품,신사세로수길골목형상점가,골목형상점가,서울특별시,,,
d690ea0065fd43f8b22b,full_annotation_v1,A,q_의약품_09,의약푼,건강·의료 중 '의약품'을 판매·제공하는 매장,train,의약품,T6 기계변형,21fd5be0-c4c6-4046-9418-7980138dac08,민당약국,소매(양약(조제)),상대원시장,전통시장,경기도,,,
7ef72831f42adbcc212f,full_annotation_v1,A,q_의약품_09,의약푼,건강·의료 중 '의약품'을 판매·제공하는 매장,train,의약품,T6 기계변형,0056dcd4-0ac0-4535-9ee5-c8fd19d8ff14,중화한의원,한의원,보령한내시장,전통시장,충청남도,,,
c743433deb717b76e44b,full_annotation_v1,A,q_의약품_09,의약푼,건강·의료 중 '의약품'을 판매·제공하는 매장,train,의약품,T6 기계변형,000db6d6-585c-4aba-94e7-fc6a23a694fb,시민약국,의약품,문경중앙시장,전통시장,경상북도,,,
0d4b7b2bd1e0d77ef9ad,full_annotation_v1,A,q_의약품_09,의약푼,건강·의료 중 '의약품'을 판매·제공하는 매장,train,의약품,T6 기계변형,e3b1fe63-bc9a-48c1-ae85-8393091afa0b,다능약국,의약품,안산다농마트전통시장,전통시장,경기도,,,
b46bf674d979ad031c2c,full_annotation_v1,A,q_의약품_09,의약푼,건강·의료 중 '의약품'을 판매·제공하는 매장,train,의약품,T6 기계변형,01d775c4-b8be-45e9-811c-c3f884b2d1b9,사계절 흑염소,건강원,오치1동 골목형상점가,골목형상점가,광주광역시,,,
254ed08998d8627b34c5,full_annotation_v1,A,q_의약품_09,의약푼,건강·의료 중 '의약품'을 판매·제공하는 매장,train,의약품,T6 기계변형,fbf2ba97-c460-4b1a-a156-c5ce20a03f24,골드스푼,,천안역지하상가,일반지하상점가,충청남도,,,
1087546e8cc19ec28417,full_annotation_v1,A,q_의약품_09,의약푼,건강·의료 중 '의약품'을 판매·제공하는 매장,train,의약품,T6 기계변형,81f5156c-b98e-494c-96f1-262b2ff23d88,대후약국,의약품,행복상점가,자율상권구역,경상북도,,,
07f9ff0bb7f580b5d095,full_annotation_v1,A,q_의약품_09,의약푼,건강·의료 중 '의약품'을 판매·제공하는 매장,train,의약품,T6 기계변형,02a22184-6068-4776-bd65-01bcbb333b7e,현대제탕,건강원,염매시장(구 덕산시장),전통시장,대구광역시,,,
4263ef92d0cb361d05f0,full_annotation_v1,A,q_의약품_09,의약푼,건강·의료 중 '의약품'을 판매·제공하는 매장,train,의약품,T6 기계변형,02d49b6b-4c61-4aef-a15f-338ca1a59f59,레레하우스,파스타 피자 스테이크,첨단지구 골목형상점가,골목형상점가,광주광역시,,,
27506723d26320688b45,full_annotation_v1,A,q_의약품_09,의약푼,건강·의료 중 '의약품'을 판매·제공하는 매장,train,의약품,T6 기계변형,00192f22-a492-4ba5-a62d-65bf0d0ec7b9,큰물한의원,한의원,전주서곡 골목형상점가,골목형상점가,전북특별자치도,,,
74cb4df0400f0fbb41a4,full_annotation_v1,A,q_의약품_09,의약푼,건강·의료 중 '의약품'을 판매·제공하는 매장,train,의약품,T6 기계변형,594fe0f6-524d-49b2-8cf7-5fa702301816,동영식육점,식육,신정상가시장,전통시장,울산광역시,,,
0164df00cf31a08e27f0,full_annotation_v1,A,q_의약품_09,의약푼,건강·의료 중 '의약품'을 판매·제공하는 매장,train,의약품,T6 기계변형,149b0ab6-4462-4f61-9111-3ce516ab1464,하나로약국,"소매(의약품,조제)소매업(의료기기판매)",은행시장,전통시장,경기도,,,
3e3803557f2a25cfb5f4,full_annotation_v1,A,q_의약품_09,의약푼,건강·의료 중 '의약품'을 판매·제공하는 매장,train,의약품,T6 기계변형,1d86e14c-ca26-4e1f-9319-79b0c15d4a56,다솜약국,양약조제,선부광장로상점가,자율상권구역,경기도,,,
a8a76abfa8f5118bac20,full_annotation_v1,A,q_의약품_09,의약푼,건강·의료 중 '의약품'을 판매·제공하는 매장,train,의약품,T6 기계변형,62911821-356f-407b-bdc3-fff8dc780492,미성축산,식육,첨단이웃사랑 골목형상점가,골목형상점가,광주광역시,,,
a7dc5329df3fef572803,full_annotation_v1,A,q_의약품_09,의약푼,건강·의료 중 '의약품'을 판매·제공하는 매장,train,의약품,T6 기계변형,035f9cc5-1357-4bbd-b76c-646b5da39aaa,홍약국,의약품,사가정면목로골목형상점가,골목형상점가,서울특별시,,,
fb6f6462a215fa40142e,full_annotation_v1,A,q_의약품_09,의약푼,건강·의료 중 '의약품'을 판매·제공하는 매장,train,의약품,T6 기계변형,948f4bd8-e76f-43f8-8d72-64e740a2b525,엄약국,의약풍,종로5가대로골목형상점가,골목형상점가,서울특별시,,,
de39f9445daa36ab4b26,full_annotation_v1,A,q_의약품_09,의약푼,건강·의료 중 '의약품'을 판매·제공하는 매장,train,의약품,T6 기계변형,94e115fb-75b5-4a5d-ac29-c410d111d573,드림마트,슈퍼마켓,복현종합시장,전통시장,대구광역시,,,
67abd3a3bd2e272f25d1,full_annotation_v1,A,q_의약품_09,의약푼,건강·의료 중 '의약품'을 판매·제공하는 매장,train,의약품,T6 기계변형,d2bcdce8-87e5-4692-87d5-54dfbc199535,지누약국,의약품,신부유람단골목형상점가,골목형상점가,충청남도,,,
2c394778c19beaed1e82,full_annotation_v1,A,q_의약품_09,의약푼,건강·의료 중 '의약품'을 판매·제공하는 매장,train,의약품,T6 기계변형,0d7c641b-3c93-4d1e-9c6a-d6c83e3ceb0b,삼화방아간,식품,청주육거리종합시장,전통시장,충청북도,,,
13c7599caecb0e59e298,full_annotation_v1,A,q_의약품_09,의약푼,건강·의료 중 '의약품'을 판매·제공하는 매장,train,의약품,T6 기계변형,b00c6a71-e6a7-4940-b2d4-70f25053306a,담가불라,반찬,청량리종합시장,전통시장,서울특별시,,,
7bb6878f2db8dcf17e2c,full_annotation_v1,A,q_의약품_09,의약푼,건강·의료 중 '의약품'을 판매·제공하는 매장,train,의약품,T6 기계변형,0040b4e6-7b74-4175-b54d-add4fe693d49,메디팜보명당약국,"의약품, 의료욕구, 복지욕구, 의료기기",점촌역전상점가,자율상권구역,경상북도,,,
7716a5b3add018eaff29,full_annotation_v1,A,q_의약품_09,의약푼,건강·의료 중 '의약품'을 판매·제공하는 매장,train,의약품,T6 기계변형,32f04a39-e08b-49d6-be61-7d5a29a2b57c,연세모벨르의원 종로본점,탈모약처방,종로5가역일번출구상점가,자율상권구역,서울특별시,,,
e06c304f6ebc7d126520,full_annotation_v1,A,q_의약품_09,의약푼,건강·의료 중 '의약품'을 판매·제공하는 매장,train,의약품,T6 기계변형,30decf81-6794-41f3-86d9-64dc8b7f5bdd,아이드림발달교육학원,,상무연하상인회 골목형상점가,골목형상점가,,,,
b9eed58f87253f3a24e4,full_annotation_v1,A,q_의약품_09,의약푼,건강·의료 중 '의약품'을 판매·제공하는 매장,train,의약품,T6 기계변형,006929a4-6712-43ca-80d7-f540710009b5,삼송프라자약국,의약품 외 건강기능식품,신원권율3 골목형상점가,골목형상점가,경기도,,,
e09cb8288f896e1ef87a,full_annotation_v1,A,q_의약품_09,의약푼,건강·의료 중 '의약품'을 판매·제공하는 매장,train,의약품,T6 기계변형,00e92856-b294-4032-8540-d60e9817f2d8,럭키약국,"의약품, 건강기능식품, 식품",충무로골목형상점가,골목형상점가,서울특별시,,,
6cd4325565c90d88959a,full_annotation_v1,A,q_의약품_09,의약푼,건강·의료 중 '의약품'을 판매·제공하는 매장,train,의약품,T6 기계변형,14dfbba6-0047-4623-8b4e-9f95d81f4023,최약국,의약품,내상로 골목형상점가,골목형상점가,광주광역시,,,
ffeceddfa7dd1b739a6b,full_annotation_v1,A,q_의약품_09,의약푼,건강·의료 중 '의약품'을 판매·제공하는 매장,train,의약품,T6 기계변형,fd13e0fc-3bdf-4079-8bba-7f0601c1fe00,와이드앵글 나주점,"골프의류, 신발, 용품",나주금빛상점가,자율상권구역,전라남도,,,
cefa0c6bb78de03d6e37,full_annotation_v1,A,q_의약품_09,의약푼,건강·의료 중 '의약품'을 판매·제공하는 매장,train,의약품,T6 기계변형,040b391d-a92f-4db4-90cd-eb2c0720eb78,eating,파스타 덮밥 피자,여주 터미널상점가,자율상권구역,경기도,,,
ff1d576b78ca6fcca968,full_annotation_v1,A,q_의약품_09,의약푼,건강·의료 중 '의약품'을 판매·제공하는 매장,train,의약품,T6 기계변형,d5ef0bea-5a26-494b-b2a1-6aa24d2fd405,GM약국,의약품,구영로 골목형상점가,골목형상점가,울산광역시,,,
a0658e4136e06e93e05d,full_annotation_v1,A,q_의약품_09,의약푼,건강·의료 중 '의약품'을 판매·제공하는 매장,train,의약품,T6 기계변형,18dd5715-f963-495d-b161-d7d28772a2ab,현대보석,"금, 은, 보석시계",전통중앙도매상가,전통시장,대전광역시,,,
d2ebf11eb18ea7817f90,full_annotation_v1,A,q_의약품_09,의약푼,건강·의료 중 '의약품'을 판매·제공하는 매장,train,의약품,T6 기계변형,00768c91-a678-4fbc-a372-a2ee0260218f,수택온누리약국,,구리시 구도심 상권활성화구역,상권활성화구역,경기도,,,
d5e26c987442358a192b,full_annotation_v1,A,q_의약품_10,의약품추천,건강·의료 중 '의약품'을 판매·제공하는 매장,train,의약품,T6 기계변형,9865c5a3-247e-41d6-b379-5a2792e1431d,수퍼약국,의약품,의정부시장,전통시장,경기도,,,
8ca8ffea212f419518a0,full_annotation_v1,A,q_의약품_10,의약품추천,건강·의료 중 '의약품'을 판매·제공하는 매장,train,의약품,T6 기계변형,14dfbba6-0047-4623-8b4e-9f95d81f4023,최약국,의약품,내상로 골목형상점가,골목형상점가,광주광역시,,,
689180d72bb368675828,full_annotation_v1,A,q_의약품_10,의약품추천,건강·의료 중 '의약품'을 판매·제공하는 매장,train,의약품,T6 기계변형,d0856250-bb6c-4b1e-a66c-0bb351e98dea,어반포티,의류,건국다복 골목형상점가,골목형상점가,광주광역시,,,
fa9d0f9d7500ab944b5b,full_annotation_v1,A,q_의약품_10,의약품추천,건강·의료 중 '의약품'을 판매·제공하는 매장,train,의약품,T6 기계변형,aed2cad8-375c-4284-a92b-391a64bf66e7,미래팜영통약국,의약품,뉴월드프라자골목형상점가,골목형상점가,경기도,,,
e90648efceeb66ef2e14,full_annotation_v1,A,q_의약품_10,의약품추천,건강·의료 중 '의약품'을 판매·제공하는 매장,train,의약품,T6 기계변형,008f6b90-4bab-45de-be49-429a25b6ab04,생명사랑약국,의약품,상대동로 골목형상점가,골목형상점가,대전광역시,,,
3b1e03544bedd4bffb1f,full_annotation_v1,A,q_의약품_10,의약품추천,건강·의료 중 '의약품'을 판매·제공하는 매장,train,의약품,T6 기계변형,d3ff068d-9a71-4033-801f-a04c5dfb0cd1,신사달약국,의약품,신사세로수길골목형상점가,골목형상점가,서울특별시,,,
aa905ea715abd65c9ef0,full_annotation_v1,A,q_의약품_10,의약품추천,건강·의료 중 '의약품'을 판매·제공하는 매장,train,의약품,T6 기계변형,0002538c-b8d9-4911-81c7-966789036b09,빛고을 치과의원,의원,세은 골목형상점가,골목형상점가,광주광역시,,,
61f8780222dced71478e,full_annotation_v1,A,q_의약품_10,의약품추천,건강·의료 중 '의약품'을 판매·제공하는 매장,train,의약품,T6 기계변형,4223ad21-0303-44ee-94d1-ff0ec414b5e5,뉴욕약국,의약품,전대병원오거리 골목형상점가,골목형상점가,광주광역시,,,
13843fa6a68edda611e9,full_annotation_v1,A,q_의약품_10,의약품추천,건강·의료 중 '의약품'을 판매·제공하는 매장,train,의약품,T6 기계변형,2c72b585-bd54-4864-b05f-b84f0916a2f9,로뎀약국,의약품,과천슈르탑 골목형상점가,골목형상점가,경기도,,,
3685ab174224b44c1235,full_annotation_v1,A,q_의약품_10,의약품추천,건강·의료 중 '의약품'을 판매·제공하는 매장,train,의약품,T6 기계변형,21fd5be0-c4c6-4046-9418-7980138dac08,민당약국,소매(양약(조제)),상대원시장,전통시장,경기도,,,
e37fda20038eb3155d6a,full_annotation_v1,A,q_의약품_10,의약품추천,건강·의료 중 '의약품'을 판매·제공하는 매장,train,의약품,T6 기계변형,05c262c4-7f1e-47cf-8292-d675166c7876,태일건강원,,세종전통시장,전통시장,세종특별자치시,,,
84c4f9c292ad75cdab18,full_annotation_v1,A,q_의약품_10,의약품추천,건강·의료 중 '의약품'을 판매·제공하는 매장,train,의약품,T6 기계변형,03f37d02-1eb9-4f82-ab05-be726fa24a36,우주파스타,,수정로 상권활성화구역,상권활성화구역,경기도,,,
005569d1187b812b3962,full_annotation_v1,A,q_의약품_10,의약품추천,건강·의료 중 '의약품'을 판매·제공하는 매장,train,의약품,T6 기계변형,da41aad3-1ce9-4cc4-ab70-dc51d8b91513,세븐약국,의약품,상동역 골목형상점가,골목형상점가,경기도,,,
837f614d8ae8ddd4688d,full_annotation_v1,A,q_의약품_10,의약품추천,건강·의료 중 '의약품'을 판매·제공하는 매장,train,의약품,T6 기계변형,0040b4e6-7b74-4175-b54d-add4fe693d49,메디팜보명당약국,"의약품, 의료욕구, 복지욕구, 의료기기",점촌역전상점가,자율상권구역,경상북도,,,
f22b45d0bf0e65458515,full_annotation_v1,A,q_의약품_10,의약품추천,건강·의료 중 '의약품'을 판매·제공하는 매장,train,의약품,T6 기계변형,0056dcd4-0ac0-4535-9ee5-c8fd19d8ff14,중화한의원,한의원,보령한내시장,전통시장,충청남도,,,
68d734cf21437b340823,full_annotation_v1,A,q_의약품_10,의약품추천,건강·의료 중 '의약품'을 판매·제공하는 매장,train,의약품,T6 기계변형,d5ef0bea-5a26-494b-b2a1-6aa24d2fd405,GM약국,의약품,구영로 골목형상점가,골목형상점가,울산광역시,,,
1ef4910a0e72fd78ec5e,full_annotation_v1,A,q_의약품_10,의약품추천,건강·의료 중 '의약품'을 판매·제공하는 매장,train,의약품,T6 기계변형,000db6d6-585c-4aba-94e7-fc6a23a694fb,시민약국,의약품,문경중앙시장,전통시장,경상북도,,,
f9b02abbcdfea684e99f,full_annotation_v1,A,q_의약품_10,의약품추천,건강·의료 중 '의약품'을 판매·제공하는 매장,train,의약품,T6 기계변형,ce3e49bc-6fd0-4196-a8b1-aebbe21691c0,육당약국,의약품,난우길골목형상점가,골목형상점가,서울특별시,,,
cf123f6d4e86ca3b0dc1,full_annotation_v1,A,q_의약품_10,의약품추천,건강·의료 중 '의약품'을 판매·제공하는 매장,train,의약품,T6 기계변형,2cd89e3f-d8f5-48fa-95ac-f44931d26b81,성약국,의약품,월곡2동 골목형상점가,골목형상점가,광주광역시,,,
e07fbaa58cf4246017d6,full_annotation_v1,A,q_의약품_10,의약품추천,건강·의료 중 '의약품'을 판매·제공하는 매장,train,의약품,T6 기계변형,97fa9477-2a88-45a8-aefd-20aa278289a9,최약국,의약품,선부광장로상점가,자율상권구역,경기도,,,
e4e33bb119d4738543b0,full_annotation_v1,A,q_의약품_10,의약품추천,건강·의료 중 '의약품'을 판매·제공하는 매장,train,의약품,T6 기계변형,d2bcdce8-87e5-4692-87d5-54dfbc199535,지누약국,의약품,신부유람단골목형상점가,골목형상점가,충청남도,,,
57a525ffa262ae6280ca,full_annotation_v1,A,q_의약품_10,의약품추천,건강·의료 중 '의약품'을 판매·제공하는 매장,train,의약품,T6 기계변형,e2fcfa8c-e319-4d40-8eed-bba6a20f42c0,싸다유정상초밥,초밥,자양전통시장,전통시장,서울특별시,,,
1805c8a403aa6062fc1c,full_annotation_v1,A,q_의약품_10,의약품추천,건강·의료 중 '의약품'을 판매·제공하는 매장,train,의약품,T6 기계변형,cce68179-a00b-41f1-9248-9869bf069f16,관산상회,,장흥중앙로 골목형상점가,골목형상점가,,,,
576c299c35e13d816d4d,full_annotation_v1,A,q_의약품_10,의약품추천,건강·의료 중 '의약품'을 판매·제공하는 매장,train,의약품,T6 기계변형,040b391d-a92f-4db4-90cd-eb2c0720eb78,eating,파스타 덮밥 피자,여주 터미널상점가,자율상권구역,경기도,,,
ed06f50c0b508083abbf,full_annotation_v1,A,q_의약품_10,의약품추천,건강·의료 중 '의약품'을 판매·제공하는 매장,train,의약품,T6 기계변형,a416f44f-e279-44c2-bce5-6119e35058b1,헤어클럽고고,미용실,성환1번가 골목형상점가,골목형상점가,충청남도,,,
87a3405d84778c76919c,full_annotation_v1,A,q_의약품_10,의약품추천,건강·의료 중 '의약품'을 판매·제공하는 매장,train,의약품,T6 기계변형,b3f805f2-2898-41e9-99ef-8a73ff7b3050,로뎀약국,의약품,전대병원오거리 골목형상점가,골목형상점가,광주광역시,,,
ca9f40339a458ca6578e,full_annotation_v1,A,q_의약품_10,의약품추천,건강·의료 중 '의약품'을 판매·제공하는 매장,train,의약품,T6 기계변형,2daa91f7-3795-476f-a96f-3574a4bf300f,남면한의원,진료 밎 약처방,양주신산시장마을상점가,골목형상점가,경기도,,,
484a925055bb36579ee4,full_annotation_v1,A,q_의약품_10,의약품추천,건강·의료 중 '의약품'을 판매·제공하는 매장,train,의약품,T6 기계변형,002c02f2-4428-4a84-a248-7b23ae109459,정관장 반석점,홍삼건강식품,지족반석 골목형상점가,골목형상점가,대전광역시,,,
69102db781b83085f0c4,full_annotation_v1,A,q_의약품_10,의약품추천,건강·의료 중 '의약품'을 판매·제공하는 매장,train,의약품,T6 기계변형,349cfde9-25b9-45ac-86db-ad8a6798155a,다원헤어샵,미용실,두암2동 도로변 골목형상점가,골목형상점가,광주광역시,,,
3875f9eed064465dcd6c,full_annotation_v1,A,q_의약품_10,의약품추천,건강·의료 중 '의약품'을 판매·제공하는 매장,train,의약품,T6 기계변형,e94e103e-35d2-4d92-af7a-0d46bf27c5b3,알파문구(분당불정점),문구사무용품,효자촌 골목형상점가,골목형상점가,경기도,,,
15d09892571d3c2c2b17,full_annotation_v1,A,q_의약품_10,의약품추천,건강·의료 중 '의약품'을 판매·제공하는 매장,train,의약품,T6 기계변형,009eb486-5dea-48f4-9f45-85c0ac03972a,수만건강식품,,봉동생강골시장,전통시장,전북특별자치도,,,
ce8d34b34b5a24df5b36,full_annotation_v1,A,q_의약품_10,의약품추천,건강·의료 중 '의약품'을 판매·제공하는 매장,train,의약품,T6 기계변형,45093fe4-5956-4800-9211-ea8e9f790fe1,아빠약국,의약품,효천로 골목형상점가,골목형상점가,광주광역시,,,
e0e2b553728faa90fd2f,full_annotation_v1,A,q_의약품_10,의약품추천,건강·의료 중 '의약품'을 판매·제공하는 매장,train,의약품,T6 기계변형,ddd2adae-63b7-47d6-a260-da8d86928ce0,진약국,의약품,산본로데오거리(구 산본중심상가),자율상권구역,경기도,,,
d42f3daa3b6ba0841311,full_annotation_v1,A,q_의약품_10,의약품추천,건강·의료 중 '의약품'을 판매·제공하는 매장,train,의약품,T6 기계변형,1ca600dd-7fb0-4eb9-8a3a-81c74e29a395,순환약국,의약품,녹두S밸리골목형상점가,골목형상점가,서울특별시,,,
a61df0df054303ea4952,full_annotation_v1,A,q_의약품_10,의약품추천,건강·의료 중 '의약품'을 판매·제공하는 매장,train,의약품,T6 기계변형,006929a4-6712-43ca-80d7-f540710009b5,삼송프라자약국,의약품 외 건강기능식품,신원권율3 골목형상점가,골목형상점가,경기도,,,
b5ce3ae9a95f74884299,full_annotation_v1,A,q_의약품_10,의약품추천,건강·의료 중 '의약품'을 판매·제공하는 매장,train,의약품,T6 기계변형,d840eed9-bfbb-4b6d-9829-a24524e65279,햇님약국,의약품,맹동혁신골목형상점가,골목형상점가,충청북도,,,
4b3a56beb229a41c8a1b,full_annotation_v1,A,q_의약품_10,의약품추천,건강·의료 중 '의약품'을 판매·제공하는 매장,train,의약품,T6 기계변형,0112a558-2787-41dc-ae68-695e60c4930c,해동그랜드약국,약국,전곡시장,전통시장,서울특별시,,,
95dd9bbfb3b65ddacfdb,full_annotation_v1,A,q_의약품_10,의약품추천,건강·의료 중 '의약품'을 판매·제공하는 매장,train,의약품,T6 기계변형,01d775c4-b8be-45e9-811c-c3f884b2d1b9,사계절 흑염소,건강원,오치1동 골목형상점가,골목형상점가,광주광역시,,,
52ba2da24235275decef,full_annotation_v1,A,q_의약품_10,의약품추천,건강·의료 중 '의약품'을 판매·제공하는 매장,train,의약품,T6 기계변형,4f0c6c82-7d30-4056-8ee1-c7f827b2f6ed,예약국,의약품,안동시 대안로 골목형상점가,골목형상점가,경상북도,,,
906a68275bbdc947bfcf,full_annotation_v1,A,q_의약품_10,의약품추천,건강·의료 중 '의약품'을 판매·제공하는 매장,train,의약품,T6 기계변형,02fa5d6f-5100-4cd5-8a9f-184877f99878,덕수파스타 원주 일산점,,중앙로골목형상점가,골목형상점가,강원특별자치도,,,
0d4abbcfc3627d831cc0,full_annotation_v1,A,q_의약품_10,의약품추천,건강·의료 중 '의약품'을 판매·제공하는 매장,train,의약품,T6 기계변형,00e92856-b294-4032-8540-d60e9817f2d8,럭키약국,"의약품, 건강기능식품, 식품",충무로골목형상점가,골목형상점가,서울특별시,,,
d50afdb004977437312a,full_annotation_v1,A,q_의약품_10,의약품추천,건강·의료 중 '의약품'을 판매·제공하는 매장,train,의약품,T6 기계변형,00192f22-a492-4ba5-a62d-65bf0d0ec7b9,큰물한의원,한의원,전주서곡 골목형상점가,골목형상점가,전북특별자치도,,,
2db1160ddf17a138de45,full_annotation_v1,A,q_의약품_10,의약품추천,건강·의료 중 '의약품'을 판매·제공하는 매장,train,의약품,T6 기계변형,149b0ab6-4462-4f61-9111-3ce516ab1464,하나로약국,"소매(의약품,조제)소매업(의료기기판매)",은행시장,전통시장,경기도,,,
1ac8d90438e652248c1d,full_annotation_v1,A,q_의약품_10,의약품추천,건강·의료 중 '의약품'을 판매·제공하는 매장,train,의약품,T6 기계변형,019ac829-9ffd-42aa-bfd1-9da1dfba52e2,바디엔 약국,,남악1번가 골목형상점가,골목형상점가,,,,
fce806414528802a26a8,full_annotation_v1,A,q_의약품_10,의약품추천,건강·의료 중 '의약품'을 판매·제공하는 매장,train,의약품,T6 기계변형,00681cee-2849-497b-b7d1-548576542ed2,풍암한의원,한의원,풍암벚꽃길상인회 골목형상점가,골목형상점가,광주광역시,,,
4f91d4b2d3900784bbad,full_annotation_v1,A,q_의약품_10,의약품추천,건강·의료 중 '의약품'을 판매·제공하는 매장,train,의약품,T6 기계변형,53738777-25ea-424a-978b-9d661e19d016,서문악세사리,잡화,서문시장아진상가,전통시장,대구광역시,,,
97db946e487d67a2a758,full_annotation_v1,A,q_의약품_10,의약품추천,건강·의료 중 '의약품'을 판매·제공하는 매장,train,의약품,T6 기계변형,0e3d8d9a-4f32-47f6-9793-3acda988aa07,바우약국,양약소매 한약 처방약조제,광명새마을시장,전통시장,경기도,,,
0c660d1ee6ff9537fd66,full_annotation_v1,A,q_의약품_10,의약품추천,건강·의료 중 '의약품'을 판매·제공하는 매장,train,의약품,T6 기계변형,02d49b6b-4c61-4aef-a15f-338ca1a59f59,레레하우스,파스타 피자 스테이크,첨단지구 골목형상점가,골목형상점가,광주광역시,,,
b77605df15c4c6958520,full_annotation_v1,A,q_의약품_10,의약품추천,건강·의료 중 '의약품'을 판매·제공하는 매장,train,의약품,T6 기계변형,e3b1fe63-bc9a-48c1-ae85-8393091afa0b,다능약국,의약품,안산다농마트전통시장,전통시장,경기도,,,
e49a712daac80069b31a,full_annotation_v1,A,q_의약품_10,의약품추천,건강·의료 중 '의약품'을 판매·제공하는 매장,train,의약품,T6 기계변형,376a3e0d-cf60-4053-a97f-669ab3feb1e6,태린약국,의약품,거제 고현자율상권,,경상남도,,,
b987edd0ad0c49fe29df,full_annotation_v1,A,q_의약품_10,의약품추천,건강·의료 중 '의약품'을 판매·제공하는 매장,train,의약품,T6 기계변형,1f959c2c-2365-46fd-a3a2-49af4098ef58,발레앤필 발레스튜디오 학원,무용,다정중앙 골목형상점가,골목형상점가,세종특별자치시,,,
74e42e73daeb03b7fbe3,full_annotation_v1,A,q_의약품_10,의약품추천,건강·의료 중 '의약품'을 판매·제공하는 매장,train,의약품,T6 기계변형,00bd78a7-2a89-48d4-b7ec-efe5116ce2a4,반월당경북약국,약국,메트로센터(반월당지하쇼핑),일반지하상점가,대구광역시,,,
4b733a764bef4dd05421,full_annotation_v1,A,q_의약품_10,의약품추천,건강·의료 중 '의약품'을 판매·제공하는 매장,train,의약품,T6 기계변형,c2d285d3-228d-4555-94cf-b8dbdab8315e,로얄약국,의약품,풍덕천 골목형상점가,골목형상점가,경기도,,,
a31867fdf02f5e3ffbd6,full_annotation_v1,A,q_의약품_10,의약품추천,건강·의료 중 '의약품'을 판매·제공하는 매장,train,의약품,T6 기계변형,813497cc-bf0f-4172-b02d-7c4677220603,동묘약국,의약품,동묘시장,자율상권구역,서울특별시,,,
946aa061ce2464a14bd4,full_annotation_v1,A,q_의약품_10,의약품추천,건강·의료 중 '의약품'을 판매·제공하는 매장,train,의약품,T6 기계변형,cacbb5d0-b785-4893-9f47-2b7f63c9448c,예쁜약국,의약품,새샘하루 골목형상점가,골목형상점가,세종특별자치시,,,
0617630f150c9e899cb9,full_annotation_v1,A,q_의약품_10,의약품추천,건강·의료 중 '의약품'을 판매·제공하는 매장,train,의약품,T6 기계변형,392966a3-c973-4995-a787-4e4df8f398a8,엠팍실용음악학원,교육서비스,계림 재미로 골목형상점가,골목형상점가,광주광역시,,,
2544e0b28e8ca46b1436,full_annotation_v1,A,q_의약품_10,의약품추천,건강·의료 중 '의약품'을 판매·제공하는 매장,train,의약품,T6 기계변형,95397a01-e092-46ee-ae16-8e92527bd82a,7번건어물,건어물,통영 충무데파트,자율상권구역,경상남도,,,
d750c1cab40678ccb877,full_annotation_v1,A,q_의약품_10,의약품추천,건강·의료 중 '의약품'을 판매·제공하는 매장,train,의약품,T6 기계변형,32f04a39-e08b-49d6-be61-7d5a29a2b57c,연세모벨르의원 종로본점,탈모약처방,종로5가역일번출구상점가,자율상권구역,서울특별시,,,
c7940a1358ad82e06cb8,full_annotation_v1,A,q_의약품_10,의약품추천,건강·의료 중 '의약품'을 판매·제공하는 매장,train,의약품,T6 기계변형,607b3229-8bdf-4954-b60e-ada1f9f64037,성일약국,의약,성환1번가 골목형상점가,골목형상점가,충청남도,,,
2ba4f3aabe6e2da975f2,full_annotation_v1,A,q_의약품_10,의약품추천,건강·의료 중 '의약품'을 판매·제공하는 매장,train,의약품,T6 기계변형,f7a31a58-59bf-4f79-9f49-5c9ac6355035,텃밭약국,의약품,금호상인회 골목형상점가,골목형상점가,광주광역시,,,
58c7307e2b2ce3cdf39d,full_annotation_v1,A,q_의약품_10,의약품추천,건강·의료 중 '의약품'을 판매·제공하는 매장,train,의약품,T6 기계변형,955cf4e2-eee5-4127-af9b-6ec28fb67d5e,메디슨약국,의약품,신평리시장,전통시장,대구광역시,,,
8274aeb7e5e81c89e350,full_annotation_v1,A,q_의약품_10,의약품추천,건강·의료 중 '의약품'을 판매·제공하는 매장,train,의약품,T6 기계변형,1f6cff9b-8485-4fed-a6ec-425fb6df45fb,센터약국,의약품,녹색거리상점가,자율상권구역,경기도,,,
ae1d7024b1a0743a4f78,full_annotation_v1,A,q_의약품_10,의약품추천,건강·의료 중 '의약품'을 판매·제공하는 매장,train,의약품,T6 기계변형,035f9cc5-1357-4bbd-b76c-646b5da39aaa,홍약국,의약품,사가정면목로골목형상점가,골목형상점가,서울특별시,,,
bd225a06a7f247526a54,full_annotation_v1,A,q_의약품_10,의약품추천,건강·의료 중 '의약품'을 판매·제공하는 매장,train,의약품,T6 기계변형,f9b7c57e-ec38-4957-9632-d8fb219c7368,새론약국,의약품,혁신도시 대림동 골목형상점가,골목형상점가,대구광역시,,,
b0da5b5cf3e1ae53857a,full_annotation_v1,A,q_의약품_10,의약품추천,건강·의료 중 '의약품'을 판매·제공하는 매장,train,의약품,T6 기계변형,02a22184-6068-4776-bd65-01bcbb333b7e,현대제탕,건강원,염매시장(구 덕산시장),전통시장,대구광역시,,,
20b15d35e5759c3cd787,full_annotation_v1,A,q_의약품_10,의약품추천,건강·의료 중 '의약품'을 판매·제공하는 매장,train,의약품,T6 기계변형,00b64830-f897-4643-a5fa-6d8950c2ef89,낭만상회,식품,문산자유시장,전통시장,경기도,,,
1e7004bbe4ae21334c2b,full_annotation_v1,A,q_의약품_10,의약품추천,건강·의료 중 '의약품'을 판매·제공하는 매장,train,의약품,T6 기계변형,7fa596a0-1526-48d1-8306-a265a322b59b,금수산방,고기,온새미로상인회 골목형상점가,골목형상점가,광주광역시,,,
9fae32f99a31c78219fd,full_annotation_v1,A,q_의약품_10,의약품추천,건강·의료 중 '의약품'을 판매·제공하는 매장,train,의약품,T6 기계변형,e1c2d794-62c7-4266-ad31-61528a221a45,예쁜약국,의약품,신봉동 온누리 골목형상점가,골목형상점가,경기도,,,
e2652da015ed946106a0,full_annotation_v1,A,q_의약품_10,의약품추천,건강·의료 중 '의약품'을 판매·제공하는 매장,train,의약품,T6 기계변형,0acee185-d982-4fb8-a197-c8ffd8b2888e,태평양약국,의약품 조제,안골사거리 골목형상점가,골목형상점가,전북특별자치도,,,
d986e39c63d423be1d7c,full_annotation_v1,A,q_의약품_10,의약품추천,건강·의료 중 '의약품'을 판매·제공하는 매장,train,의약품,T6 기계변형,02c6fc99-f1cb-4e77-a062-7f8db6f39bbc,대성건강원,건강원,대명시장,전통시장,대구광역시,,,
ef42e2e085439a9c9011,full_annotation_v1,A,q_의약품_10,의약품추천,건강·의료 중 '의약품'을 판매·제공하는 매장,train,의약품,T6 기계변형,008a831c-1fd3-4b7c-96c1-0e92332ccbf3,명성약국,의약품,공주산성시장,전통시장,충청남도,,,
300238e363120b41596e,full_annotation_v1,A,q_의약품_10,의약품추천,건강·의료 중 '의약품'을 판매·제공하는 매장,train,의약품,T6 기계변형,00768c91-a678-4fbc-a372-a2ee0260218f,수택온누리약국,,구리시 구도심 상권활성화구역,상권활성화구역,경기도,,,
3acf3d9e7561c69952ed,full_annotation_v1,A,q_의약품_10,의약품추천,건강·의료 중 '의약품'을 판매·제공하는 매장,train,의약품,T6 기계변형,014b63c0-c9e4-4e3b-beae-777251f28ad3,믿음건강원,음식업(건강원),안성중앙시장,전통시장,경기도,,,
b4bc943f9baadb8960d8,full_annotation_v1,A,q_의약품_10,의약품추천,건강·의료 중 '의약품'을 판매·제공하는 매장,train,의약품,T6 기계변형,e4f33cb5-1dc5-4a89-b115-99e4b44886af,2층엔약국,의약품,다산역 로데오 상점가,자율상권구역,경기도,,,
ea901303578032f64fb9,full_annotation_v1,A,q_의약품_10,의약품추천,건강·의료 중 '의약품'을 판매·제공하는 매장,train,의약품,T6 기계변형,00b6e321-5954-437c-b1d9-94fded29f67e,웰빙마트,식품,서남신시장,전통시장,대구광역시,,,
f6f14fe1a7809285f9b7,full_annotation_v1,A,q_의약품_10,의약품추천,건강·의료 중 '의약품'을 판매·제공하는 매장,train,의약품,T6 기계변형,d39e2178-5ee6-4a81-aab7-ef539f11a576,종로가톨릭의원,의약품,광장전통시장,자율상권구역,서울특별시,,,
29089176fa7bbb64c7ee,full_annotation_v1,A,q_의약품_10,의약품추천,건강·의료 중 '의약품'을 판매·제공하는 매장,train,의약품,T6 기계변형,b0f32f2b-b58a-4c54-ac57-5ee81fe4d26a,하나둘약국,의약품,"온양온천시장(온양재래시장, 전통시장)",전통시장,충청남도,,,
038b53a93d04d5676184,full_annotation_v1,A,q_의약품_10,의약품추천,건강·의료 중 '의약품'을 판매·제공하는 매장,train,의약품,T6 기계변형,d40f5004-7397-490d-87c9-5f9d1518f58f,첨단약국,의약품,첨단호두라 골목형상점가,골목형상점가,광주광역시,,,
73cc443344c826cd3207,full_annotation_v1,A,q_의약품_10,의약품추천,건강·의료 중 '의약품'을 판매·제공하는 매장,train,의약품,T6 기계변형,ef39c694-d6cc-4551-822a-7e1fb19c777b,연세정치과,치과위원,안양관양시장,전통시장,경기도,,,
929ad8c8dbe811d508ab,full_annotation_v1,A,q_의약품_10,의약품추천,건강·의료 중 '의약품'을 판매·제공하는 매장,train,의약품,T6 기계변형,1d86e14c-ca26-4e1f-9319-79b0c15d4a56,다솜약국,양약조제,선부광장로상점가,자율상권구역,경기도,,,
27c5fb04e19a507ce4e6,full_annotation_v1,A,q_의약품_10,의약품추천,건강·의료 중 '의약품'을 판매·제공하는 매장,train,의약품,T6 기계변형,00e9de4b-3c8d-44a2-bfc2-ddc91fe5a03b,대디파스타,파스타돈가스,벽산황계로 골목형상점가,골목형상점가,광주광역시,,,
d21d90d0dbfe8b718b73,full_annotation_v1,A,q_의약품_10,의약품추천,건강·의료 중 '의약품'을 판매·제공하는 매장,train,의약품,T6 기계변형,d385943d-44f3-42ba-b254-5dc89a5c9c06,뷰티풀런,기타 스포츠시설 운영업,다정중앙 골목형상점가,골목형상점가,세종특별자치시,,,
977f008ab6e2c8e05046,full_annotation_v1,A,q_의약품_10,의약품추천,건강·의료 중 '의약품'을 판매·제공하는 매장,train,의약품,T6 기계변형,008b065b-181b-4891-95dc-7a77a7c143d1,혜화온누리약국,약국,유성도안 골목형상점가,골목형상점가,대전광역시,,,
8ab682b464b62f12099b,full_annotation_v1,A,q_의약품_10,의약품추천,건강·의료 중 '의약품'을 판매·제공하는 매장,train,의약품,T6 기계변형,12aa4963-540a-405f-885a-2779dbcc2baf,천혜의 손,운동처방,짚봉산상인회 골목형상점가,골목형상점가,광주광역시,,,
b2dcfc93f03c62333e6f,full_annotation_v1,A,q_의약품_10,의약품추천,건강·의료 중 '의약품'을 판매·제공하는 매장,train,의약품,T6 기계변형,9b18bf72-f7b4-461a-9642-5baf941c9614,신사귀족약국,의약품,잠원하길골목형상점가,골목형상점가,서울특별시,,,
28894921466a451e70ee,full_annotation_v1,A,q_의약품_10,의약품추천,건강·의료 중 '의약품'을 판매·제공하는 매장,train,의약품,T6 기계변형,020b5248-6222-4ebf-8d61-b4b85b6a0678,시티약국,의약품,치평동중흥상가상인회 골목형상점가,골목형상점가,광주광역시,,,
0f6103928163d9204f60,full_annotation_v1,A,q_의약품_10,의약품추천,건강·의료 중 '의약품'을 판매·제공하는 매장,train,의약품,T6 기계변형,00523307-cc4c-4b0c-8b2f-176ca7450d24,오름한의원,한의원,아차산등산로골목형상점가,골목형상점가,서울특별시,,,
09674f08eb9316b6a8ef,full_annotation_v1,A,q_의약품_10,의약품추천,건강·의료 중 '의약품'을 판매·제공하는 매장,train,의약품,T6 기계변형,374c8607-2cbd-4a82-9bc9-1597ff5a03df,뉴플러스마트,,장흥중앙로 골목형상점가,골목형상점가,,,,
f9c4bb407869ebb5c2f6,full_annotation_v1,A,q_의약품_10,의약품추천,건강·의료 중 '의약품'을 판매·제공하는 매장,train,의약품,T6 기계변형,d0cb45ab-871e-4a84-a7b7-3ee26f058cad,(주)닥터힐럭스뷰티뱅크 장산3호점,피부미용,삼정코아 골목형상점가,골목형상점가,부산광역시,,,
25c7a0285832463667bf,full_annotation_v1,A,q_의약품_10,의약품추천,건강·의료 중 '의약품'을 판매·제공하는 매장,train,의약품,T6 기계변형,4b91d46e-c671-4414-a0c3-8fcabb768d84,부활약국,의약품,구미역중앙 골목형상점가,골목형상점가,경상북도,,,
be4261fd72e5a000a7fc,full_annotation_v1,A,q_의약품_10,의약품추천,건강·의료 중 '의약품'을 판매·제공하는 매장,train,의약품,T6 기계변형,1e0bd56c-0363-4ab9-81b6-500cfe770d77,나약국,의약품,더불어용두 골목형상점가,골목형상점가,광주광역시,,,
ec1599806d0b89c3a887,full_annotation_v1,A,q_의약품_10,의약품추천,건강·의료 중 '의약품'을 판매·제공하는 매장,train,의약품,T6 기계변형,2ddcc1fb-a8ae-4fda-8ff8-fdabcb41edc6,광주고운세상피부과의원,처방전조제,아시아음식문화거리 골목형상점가,골목형상점가,광주광역시,,,
715b78ff4c31201660a3,full_annotation_v1,A,q_의약품_10,의약품추천,건강·의료 중 '의약품'을 판매·제공하는 매장,train,의약품,T6 기계변형,81f5156c-b98e-494c-96f1-262b2ff23d88,대후약국,의약품,행복상점가,자율상권구역,경상북도,,,
4256958952f3adbd47ea,full_annotation_v1,A,q_의약품_10,의약품추천,건강·의료 중 '의약품'을 판매·제공하는 매장,train,의약품,T6 기계변형,00140fab-ec56-4d81-8a03-d3d4aa8d5a49,계령약국,의약품,성대시장골목형상점가,골목형상점가,서울특별시,,,
75e1a4dad64c364b2eb8,full_annotation_v1,A,q_의약품_10,의약품추천,건강·의료 중 '의약품'을 판매·제공하는 매장,train,의약품,T6 기계변형,aea04447-1d2d-4bbe-927a-5a3448f9326e,차와약국,의약품,세종 반딧불 골목형상점가,골목형상점가,세종특별자치시,,,
d9ff136c5ef7d0c1e4e7,full_annotation_v1,A,q_의약품_10,의약품추천,건강·의료 중 '의약품'을 판매·제공하는 매장,train,의약품,T6 기계변형,191e4405-8743-4e87-9401-b6128174bfbd,강약국,의약품,영도봉래시장,전통시장,부산광역시,,,
9930e8d11143f4034247,full_annotation_v1,A,q_인쇄_01,명함 인쇄,생활서비스 중 '인쇄'를 판매·제공하는 매장,test,인쇄,T5 서비스,eed5efe3-dc43-488d-81ad-f487957c5f0c,애드프로,인쇄,을지로지하보도쇼핑센터,일반지하상점가,서울특별시,,,
7f21284543641b281fec,full_annotation_v1,A,q_인쇄_01,명함 인쇄,생활서비스 중 '인쇄'를 판매·제공하는 매장,test,인쇄,T5 서비스,bb76b9f1-adf3-4b03-9826-7885ca1a9b3c,문화인쇄사,인쇄,문화의거리 상점가,자율상권구역,울산광역시,,,
21c68a3a62d260ede1e6,full_annotation_v1,A,q_인쇄_01,명함 인쇄,생활서비스 중 '인쇄'를 판매·제공하는 매장,test,인쇄,T5 서비스,cb35c553-0e02-431a-87b9-951b8e1c4251,코코호도대치점,호두과자,은마종합상점가,자율상권구역,서울특별시,,,
1d234999e78e06a164f7,full_annotation_v1,A,q_인쇄_01,명함 인쇄,생활서비스 중 '인쇄'를 판매·제공하는 매장,test,인쇄,T5 서비스,dfd96552-c029-4af6-9a92-1fb36ba4c6a1,한전복사.인쇄,"인쇄, 복사",청주북부시장,전통시장,충청북도,,,
4161fe56d9ce8bf27d56,full_annotation_v1,A,q_인쇄_01,명함 인쇄,생활서비스 중 '인쇄'를 판매·제공하는 매장,test,인쇄,T5 서비스,828ae380-d5f2-472a-99ea-4a98d190bca9,산돌기획시스템,간판광고 명함 인쇄 현수막,봉평전통시장,전통시장,강원특별자치도,,,
d97ced4c732c55357f83,full_annotation_v1,A,q_인쇄_01,명함 인쇄,생활서비스 중 '인쇄'를 판매·제공하는 매장,test,인쇄,T5 서비스,ef87578d-e4ef-44ab-8ee6-3ae6b2386be1,나무의 꿈,인쇄,중앙로 지하상가 상점가,일반지하상점가,대전광역시,,,
97c2ab0004cf48cb6913,full_annotation_v1,A,q_인쇄_01,명함 인쇄,생활서비스 중 '인쇄'를 판매·제공하는 매장,test,인쇄,T5 서비스,1c6fb412-0de2-40d8-9d18-8465b8ea080c,넷티스,인쇄,산본로데오거리(구 산본중심상가),자율상권구역,경기도,,,
126b86b4d0425ec5e39b,full_annotation_v1,A,q_인쇄_01,명함 인쇄,생활서비스 중 '인쇄'를 판매·제공하는 매장,test,인쇄,T5 서비스,31cd0d8d-8570-4e3b-8197-f9eb48082853,Y2K(명함여행),인쇄,을지로지하보도쇼핑센터,일반지하상점가,서울특별시,,,
e6e94e5c074b7905f932,full_annotation_v1,A,q_인쇄_01,명함 인쇄,생활서비스 중 '인쇄'를 판매·제공하는 매장,test,인쇄,T5 서비스,25b02c86-5900-402b-9915-b1d7a85aad05,명인인쇄광고,인쇄,백년소상공인,기타,광주광역시,,,
6cd3f07e0f4bbe3f155a,full_annotation_v1,A,q_인쇄_01,명함 인쇄,생활서비스 중 '인쇄'를 판매·제공하는 매장,test,인쇄,T5 서비스,8f27ebc0-ce8c-4a98-b8d6-fc3b9f4f084c,서강종합상사,인쇄,엄사 골목형상점가,골목형상점가,충청남도,,,
340d6861677f7f379ba1,full_annotation_v1,A,q_인쇄_01,명함 인쇄,생활서비스 중 '인쇄'를 판매·제공하는 매장,test,인쇄,T5 서비스,88b08b69-cfec-4fa5-8954-1b90698cd622,수덕인쇄사,인쇄,백년소상공인,기타,충청북도,,,
40a97b70ef72b21447a4,full_annotation_v1,A,q_인쇄_01,명함 인쇄,생활서비스 중 '인쇄'를 판매·제공하는 매장,test,인쇄,T5 서비스,9076617f-acd1-474b-80cd-65ad18df63d1,아담인쇄,인쇄,광주인쇄거리 골목형상점가,골목형상점가,광주광역시,,,
caf0ba7cd6382a44c053,full_annotation_v1,A,q_인쇄_01,명함 인쇄,생활서비스 중 '인쇄'를 판매·제공하는 매장,test,인쇄,T5 서비스,83eb2dad-48be-4531-a8ba-826ed7b20cfb,정기획,인쇄,어은누리 골목형상점가,골목형상점가,대전광역시,,,
0bc512344fdacca0553a,full_annotation_v1,A,q_인쇄_01,명함 인쇄,생활서비스 중 '인쇄'를 판매·제공하는 매장,test,인쇄,T5 서비스,b7dc71c2-cdbb-44d2-ba56-9e9ee7c613ee,광명레이블,인쇄,방산종합시장,전통시장,서울특별시,,,
f716712b40ec90debf9d,full_annotation_v1,A,q_인쇄_01,명함 인쇄,생활서비스 중 '인쇄'를 판매·제공하는 매장,test,인쇄,T5 서비스,31833941-fb40-455b-8f5e-7428a41b2e2c,중고폰매입판매 소녀폰 포항점,중고휴대폰 외,포항중앙상가,전통시장,경상북도,,,
26120fabb6359f394aeb,full_annotation_v1,A,q_인쇄_01,명함 인쇄,생활서비스 중 '인쇄'를 판매·제공하는 매장,test,인쇄,T5 서비스,8daf2087-a8ee-48b3-9403-c6662a6a90e0,충청종합인쇄,옵셋 인쇄,백년소상공인,기타,대전광역시,,,
a2c2c6a7de90c5627cca,full_annotation_v1,A,q_인쇄_01,명함 인쇄,생활서비스 중 '인쇄'를 판매·제공하는 매장,test,인쇄,T5 서비스,0e042e31-8c9f-4146-b447-c4237340af71,삼성인쇄사,인쇄,청주육거리종합시장,전통시장,충청북도,,,
30fd89c1e5b5cfe64381,full_annotation_v1,A,q_인쇄_01,명함 인쇄,생활서비스 중 '인쇄'를 판매·제공하는 매장,test,인쇄,T5 서비스,bb700e92-c9ae-408d-ae15-6d93a6ae76c9,정문당,"명함, 인장",청주중앙시장,전통시장,충청북도,,,
89347da6049796c18b91,full_annotation_v1,A,q_인쇄_01,명함 인쇄,생활서비스 중 '인쇄'를 판매·제공하는 매장,test,인쇄,T5 서비스,22edce0e-dc93-487b-ac99-ef1f68822bd6,그린애드,인쇄,구리역골목형상점가,골목형상점가,경기도,,,
1dc2b5aa9de1313ce202,full_annotation_v1,A,q_인쇄_01,명함 인쇄,생활서비스 중 '인쇄'를 판매·제공하는 매장,test,인쇄,T5 서비스,d054e61c-2723-4600-96a1-7533eff31c81,가보광고산업,명함 전단지,화정한울타리상인회 골목형상점가,골목형상점가,광주광역시,,,
4606539b932b38c43873,full_annotation_v1,A,q_인쇄_01,명함 인쇄,생활서비스 중 '인쇄'를 판매·제공하는 매장,test,인쇄,T5 서비스,31887329-47fc-4137-b70e-b896670ebcc4,부원인쇄사,인쇄,아리랑거리,전통시장,부산광역시,,,
132decc15dd224ce7f47,full_annotation_v1,A,q_인쇄_01,명함 인쇄,생활서비스 중 '인쇄'를 판매·제공하는 매장,test,인쇄,T5 서비스,036bd4c0-772b-4e73-9bad-f87f54783c77,상록수 서점문구,"서적, 문구",양주신산시장마을상점가,골목형상점가,경기도,,,
ab1b9044c094b1223e8f,full_annotation_v1,A,q_인쇄_01,명함 인쇄,생활서비스 중 '인쇄'를 판매·제공하는 매장,test,인쇄,T5 서비스,6338306b-d32f-4d09-9cbe-f8fa2dfe7935,베낌터,복사 인쇄,전북대대학로상점가,자율상권구역,전북특별자치도,,,
b7723b2b320b456156ed,full_annotation_v1,A,q_인쇄_01,명함 인쇄,생활서비스 중 '인쇄'를 판매·제공하는 매장,test,인쇄,T5 서비스,7d61554c-1ba6-4f15-ab99-76a59dd76a16,나우그래픽스,인쇄,신사세로수길골목형상점가,골목형상점가,서울특별시,,,
de3998b57f87ac37f5d1,full_annotation_v1,A,q_인쇄_01,명함 인쇄,생활서비스 중 '인쇄'를 판매·제공하는 매장,test,인쇄,T5 서비스,0116d1e6-1e97-4150-b153-e21e3c62cef4,샘솟네완구,문구,양평물맑은시장,전통시장,경기도,,,
7675b789936a7d1b3b7f,full_annotation_v1,A,q_인쇄_01,명함 인쇄,생활서비스 중 '인쇄'를 판매·제공하는 매장,test,인쇄,T5 서비스,d679ef9a-96e8-47c5-83c0-6bbadd119d83,반석인쇄,인쇄,울산산업공구월드,전통시장,울산광역시,,,
ee5d1fbd52c9e45de7a5,full_annotation_v1,A,q_인쇄_01,명함 인쇄,생활서비스 중 '인쇄'를 판매·제공하는 매장,test,인쇄,T5 서비스,c53491af-600a-4142-8f85-a7509621f936,창원인쇄마트,인쇄,창원 상남시장,전통시장,경상남도,,,
a21df195e10afb6f51d3,full_annotation_v1,A,q_인쇄_01,명함 인쇄,생활서비스 중 '인쇄'를 판매·제공하는 매장,test,인쇄,T5 서비스,da640001-1d58-453b-b7a8-d958c6f08b32,신사카피공사,인쇄,강남시장,전통시장,서울특별시,,,
c20b2b20f8cc1e676936,full_annotation_v1,A,q_인쇄_01,명함 인쇄,생활서비스 중 '인쇄'를 판매·제공하는 매장,test,인쇄,T5 서비스,4d64b087-300f-4cf3-a6dc-a45c2a7f8eaf,떡도령,떡,강릉성남시장,전통시장,강원특별자치도,,,
32a5a0dd2c987596c21b,full_annotation_v1,A,q_인쇄_01,명함 인쇄,생활서비스 중 '인쇄'를 판매·제공하는 매장,test,인쇄,T5 서비스,778fc2b9-0e1f-43ea-bde3-59c694e49f45,성신당,"인쇄, 명함, 복사, 도장",남천동로108번길 골목형상점가,골목형상점가,부산광역시,,,
6595a16e4355b325cd50,full_annotation_v1,A,q_인쇄_01,명함 인쇄,생활서비스 중 '인쇄'를 판매·제공하는 매장,test,인쇄,T5 서비스,8164e421-b33a-43ac-a188-3c1ee5b3fe37,한샘문구,인쇄,서광주세무서앞상인회 골목형상점가,골목형상점가,광주광역시,,,
cbf5534fc8dcb0939b52,full_annotation_v1,A,q_인쇄_01,명함 인쇄,생활서비스 중 '인쇄'를 판매·제공하는 매장,test,인쇄,T5 서비스,4da1d8e7-02e2-43fb-b5b4-13f464ceeaf1,신라기획,인쇄,제기동 고대앞마을 골목형상점가,골목형상점가,서울특별시,,,
4d8d1b82fcdd6e60ccc5,full_annotation_v1,A,q_인쇄_01,명함 인쇄,생활서비스 중 '인쇄'를 판매·제공하는 매장,test,인쇄,T5 서비스,87c913d6-35ec-4560-9391-2924c32dfe3f,디자인에벤에셀,인쇄,을지로지하보도쇼핑센터,일반지하상점가,서울특별시,,,
25df9b785625e69fe794,full_annotation_v1,A,q_인쇄_01,명함 인쇄,생활서비스 중 '인쇄'를 판매·제공하는 매장,test,인쇄,T5 서비스,31bdabcb-d596-4598-b295-91ed9a2dd0fb,길인당 인쇄 광고,"도장, 인쇄",백년소상공인,기타,경상북도,,,
0ec0cdc485bd2bf57227,full_annotation_v1,A,q_인쇄_01,명함 인쇄,생활서비스 중 '인쇄'를 판매·제공하는 매장,test,인쇄,T5 서비스,76e6d916-e240-43be-b362-12c06e0f17fb,프린토피아,"명함, 인쇄",인천산업유통센터,전통시장,인천광역시,,,
7bbdbe979a961b1ab2cb,full_annotation_v1,A,q_인쇄_01,명함 인쇄,생활서비스 중 '인쇄'를 판매·제공하는 매장,test,인쇄,T5 서비스,f56de0b6-26ad-4c09-89d6-0b2048860bf2,서진인쇄기획,인쇄,인제시장,전통시장,강원특별자치도,,,
e2fc8c02b1060ff69364,full_annotation_v1,A,q_인쇄_01,명함 인쇄,생활서비스 중 '인쇄'를 판매·제공하는 매장,test,인쇄,T5 서비스,7dda7d1c-3027-4661-9755-3e17e6898af0,화원시장고추방앗간,참기름,화원시장,전통시장,대구광역시,,,
2ce4bd56c0b603a72dad,full_annotation_v1,A,q_인쇄_01,명함 인쇄,생활서비스 중 '인쇄'를 판매·제공하는 매장,test,인쇄,T5 서비스,5ea8e4c0-aa1f-49a2-9114-956213e7ba9a,정화기획,인쇄,해운대 화목쇼핑타운 골목형 상점가,골목형상점가,부산광역시,,,
431c23bd36788cd9bb8d,full_annotation_v1,A,q_인쇄_01,명함 인쇄,생활서비스 중 '인쇄'를 판매·제공하는 매장,test,인쇄,T5 서비스,fb8f61c9-26fa-4ec9-9c71-2e5240b5641b,투에스시스템,인쇄,백년소상공인,기타,충청북도,,,
ecf61361a64bdb8ffdb0,full_annotation_v1,A,q_인쇄_01,명함 인쇄,생활서비스 중 '인쇄'를 판매·제공하는 매장,test,인쇄,T5 서비스,022101db-07cf-4546-b3cf-183a54f16b56,삼양마크사,"문구, 잡화",충장로45가 상점가,자율상권구역,광주광역시,,,
294e951b39f25fa1b493,full_annotation_v1,A,q_인쇄_01,명함 인쇄,생활서비스 중 '인쇄'를 판매·제공하는 매장,test,인쇄,T5 서비스,ca60bf15-b7d9-4256-99b8-f623bb16cb40,토탈프린트,명함 현수막 실사 스티커 카탈로그 복사 인쇄,백년소상공인,기타,광주광역시,,,
6dba2a73727ab1c22d45,full_annotation_v1,A,q_인쇄_01,명함 인쇄,생활서비스 중 '인쇄'를 판매·제공하는 매장,test,인쇄,T5 서비스,765cde39-2f0e-4bf7-970d-b76d7bddc432,보경기획인쇄,인쇄 복사 문구,경산중앙로상점가,자율상권구역,경상북도,,,
ba0051e32187b085c0c4,full_annotation_v1,A,q_인쇄_01,명함 인쇄,생활서비스 중 '인쇄'를 판매·제공하는 매장,test,인쇄,T5 서비스,02746f39-1f15-43cd-95a2-01cb569809aa,한울타리,인쇄,제기동 고대앞마을 골목형상점가,골목형상점가,서울특별시,,,
b92cc77bafe81df7425b,full_annotation_v1,A,q_인쇄_01,명함 인쇄,생활서비스 중 '인쇄'를 판매·제공하는 매장,test,인쇄,T5 서비스,ddc515a7-79de-4e84-9193-06e31e62cb89,디자인팩토리,인쇄,서림행복가득한골목형상점가,골목형상점가,서울특별시,,,
d658410502f5c56034ac,full_annotation_v1,A,q_인쇄_01,명함 인쇄,생활서비스 중 '인쇄'를 판매·제공하는 매장,test,인쇄,T5 서비스,e2cb45e2-dd82-4729-a1ee-e8ab0326604c,명함랜드,인쇄,을지로지하보도쇼핑센터,일반지하상점가,서울특별시,,,
1b2faee1ae22ee316519,full_annotation_v1,A,q_인쇄_01,명함 인쇄,생활서비스 중 '인쇄'를 판매·제공하는 매장,test,인쇄,T5 서비스,260909d4-fe7f-40eb-8ffe-cb3cde098c89,디앤텍,인쇄,을지로지하보도쇼핑센터,일반지하상점가,서울특별시,,,
744b3ef2de863ef78a37,full_annotation_v1,A,q_인쇄_01,명함 인쇄,생활서비스 중 '인쇄'를 판매·제공하는 매장,test,인쇄,T5 서비스,d0fea35b-e2eb-4572-b18f-1fef9b0316f8,동신인쇄소,"인쇄, 명함",북동 골목형상점가,골목형상점가,광주광역시,,,
71766fd9aef48897cc71,full_annotation_v1,A,q_인쇄_01,명함 인쇄,생활서비스 중 '인쇄'를 판매·제공하는 매장,test,인쇄,T5 서비스,6ce8c363-0c12-40b2-ab66-7ae18ed068f0,광주인쇄출판,명함,화삼골상인회 골목형상점가,골목형상점가,광주광역시,,,
4a2f5bcfb8d835364904,full_annotation_v1,A,q_인쇄_01,명함 인쇄,생활서비스 중 '인쇄'를 판매·제공하는 매장,test,인쇄,T5 서비스,40ae2f83-500e-48ca-aec6-f246e4c97ac9,옛날시골통닭,통닭,구미형곡중앙시장,전통시장,경상북도,,,
b0c46f735486b7b084f8,full_annotation_v1,A,q_인쇄_01,명함 인쇄,생활서비스 중 '인쇄'를 판매·제공하는 매장,test,인쇄,T5 서비스,ca066f84-926c-4c9b-8025-4d4b083c9639,이불나라,이불,방신전통시장,전통시장,서울특별시,,,
58ac55a7772876e6d062,full_annotation_v1,A,q_인쇄_01,명함 인쇄,생활서비스 중 '인쇄'를 판매·제공하는 매장,test,인쇄,T5 서비스,f7dcf8bc-5e56-46ee-843e-cd154fbb5b9a,제일인쇄소,인쇄,점촌역전상점가,자율상권구역,경상북도,,,
b5120b0eb91f179709cc,full_annotation_v1,A,q_인쇄_01,명함 인쇄,생활서비스 중 '인쇄'를 판매·제공하는 매장,test,인쇄,T5 서비스,aa64c468-aef4-40af-91a0-4c4e1b7c2d56,성문인쇄사,명함,성수역골목형상점가,골목형상점가,서울특별시,,,
6e0c51513ff4d03f8c85,full_annotation_v1,A,q_인쇄_01,명함 인쇄,생활서비스 중 '인쇄'를 판매·제공하는 매장,test,인쇄,T5 서비스,63484f96-2f4b-4890-b4bc-c2c65387a513,성문인쇄사,인쇄,여수진남상가,자율상권구역,전라남도,,,
8edc7ec117aca9545a0a,full_annotation_v1,A,q_인쇄_01,명함 인쇄,생활서비스 중 '인쇄'를 판매·제공하는 매장,test,인쇄,T5 서비스,e0d47756-1b56-4bae-9d2c-5102d1ad40e9,메가엠지씨커피상계중앙시장점,커피,상계중앙시장,전통시장,서울특별시,,,
d371b62ad3b94bc75107,full_annotation_v1,A,q_인쇄_01,명함 인쇄,생활서비스 중 '인쇄'를 판매·제공하는 매장,test,인쇄,T5 서비스,f3cc04b0-d3f9-4387-987f-487a7b666e55,제승문화사,인쇄,광주인쇄거리 골목형상점가,골목형상점가,광주광역시,,,
01747c7eb7042f77c9fe,full_annotation_v1,A,q_인쇄_01,명함 인쇄,생활서비스 중 '인쇄'를 판매·제공하는 매장,test,인쇄,T5 서비스,64a7e922-ada8-45e7-9ff3-4be572f77ea9,한겨례,시계 도장 명함,풍향골(제1지역:동신) 골목형상점가,골목형상점가,광주광역시,,,
8f4d6f06bb57202c8df5,full_annotation_v1,A,q_인쇄_01,명함 인쇄,생활서비스 중 '인쇄'를 판매·제공하는 매장,test,인쇄,T5 서비스,2baf93f8-5956-422a-b47a-7c65aa7a05f7,지음,인쇄,백서로 골목형상점가,골목형상점가,광주광역시,,,
9db1ac1a95b57fd0ca44,full_annotation_v1,A,q_인쇄_01,명함 인쇄,생활서비스 중 '인쇄'를 판매·제공하는 매장,test,인쇄,T5 서비스,b783b807-f207-4e08-ab7e-7558b9f0792a,클라비스,숙녀복 스포츠의류,신장대리 자율상권구역,,강원특별자치도,,,
fd5b8ec4f319f7b25622,full_annotation_v1,A,q_인쇄_01,명함 인쇄,생활서비스 중 '인쇄'를 판매·제공하는 매장,test,인쇄,T5 서비스,4c09e446-4e33-4355-b0e1-a3749cdaffad,직지프린팅,인쇄,백년소상공인,기타,충청북도,,,
c1b4f6f07a67fb5ee620,full_annotation_v1,A,q_인쇄_01,명함 인쇄,생활서비스 중 '인쇄'를 판매·제공하는 매장,test,인쇄,T5 서비스,c93e8a10-f952-4d3f-90c1-b5d22f770a1f,맥스타,인쇄,백년소상공인,기타,광주광역시,,,
74a60aaa9a9936f5a062,full_annotation_v1,A,q_인쇄_01,명함 인쇄,생활서비스 중 '인쇄'를 판매·제공하는 매장,test,인쇄,T5 서비스,0082c797-13a0-4f77-a6cc-f608ac85460a,펜공주,문구,상계주공15단지상가,기타,서울특별시,,,
25b7b1eb3209ea24f391,full_annotation_v1,A,q_인쇄_01,명함 인쇄,생활서비스 중 '인쇄'를 판매·제공하는 매장,test,인쇄,T5 서비스,27a77d91-9f78-4bc4-b85c-93d6e826d4af,샘디자인,인쇄,중마동 패션가 골목형상점가,골목형상점가,전라남도,,,
6410f80055bfb2eb5a71,full_annotation_v1,A,q_인쇄_01,명함 인쇄,생활서비스 중 '인쇄'를 판매·제공하는 매장,test,인쇄,T5 서비스,a36621af-fdfb-41eb-8f3d-76a920215f73,에스피애드,명함 스티커 봉투인쇄,효자촌 골목형상점가,골목형상점가,경기도,,,
a6ad7ae9aafc392292d9,full_annotation_v1,A,q_인쇄_01,명함 인쇄,생활서비스 중 '인쇄'를 판매·제공하는 매장,test,인쇄,T5 서비스,aefc66c4-1a62-4b40-ba8c-94861987d9db,평화인쇄,인쇄,가락골 골목형상점가,골목형상점가,서울특별시,,,
f635db9c3bfc499fa097,full_annotation_v1,A,q_인쇄_01,명함 인쇄,생활서비스 중 '인쇄'를 판매·제공하는 매장,test,인쇄,T5 서비스,7f37d4b2-7499-44a6-8bb1-3616d44dedd5,무지개인쇄,인쇄,백년소상공인,기타,충청북도,,,
9f2ce329df9f188eb0e2,full_annotation_v1,A,q_인쇄_01,명함 인쇄,생활서비스 중 '인쇄'를 판매·제공하는 매장,test,인쇄,T5 서비스,b15753e5-f0a9-4e9c-915f-b666c4bacde4,공간스케치,인쇄,을지로지하보도쇼핑센터,일반지하상점가,서울특별시,,,
cad4f56d18eb5cdb71b1,full_annotation_v1,A,q_인쇄_01,명함 인쇄,생활서비스 중 '인쇄'를 판매·제공하는 매장,test,인쇄,T5 서비스,36197b65-ac8b-496c-b196-a763fdf5368d,고려인쇄사,인쇄,147골목형상점가,골목형상점가,충청남도,,,
8a694d5f17c197f1784c,full_annotation_v1,A,q_인쇄_01,명함 인쇄,생활서비스 중 '인쇄'를 판매·제공하는 매장,test,인쇄,T5 서비스,535c9829-48da-417e-8461-1f853864af0c,영진비닐천막농자재,인쇄,영천공설시장,전통시장,경상북도,,,
ae0f5a77aefe3ac513d1,full_annotation_v1,A,q_인쇄_01,명함 인쇄,생활서비스 중 '인쇄'를 판매·제공하는 매장,test,인쇄,T5 서비스,aafe6176-4dcb-4404-8a79-cf3bda6a9c65,인기획,인쇄,설악눈메골시장,전통시장,경기도,,,
de8c80ab6834f2e06124,full_annotation_v1,A,q_인쇄_01,명함 인쇄,생활서비스 중 '인쇄'를 판매·제공하는 매장,test,인쇄,T5 서비스,cd4834cd-0bcb-4978-9395-7ed9a963b58a,백아트,인쇄,새치마을 골목형상점가,골목형상점가,울산광역시,,,
6a6ad06e024ffe90842f,full_annotation_v1,A,q_인쇄_01,명함 인쇄,생활서비스 중 '인쇄'를 판매·제공하는 매장,test,인쇄,T5 서비스,3e19a12e-8d42-49f7-98e2-70644410323c,넥스트 인쇄 현수막,인쇄 명함 현수막 배너 판촉물,상동역 함께하길 골목형상점가,골목형상점가,경기도,,,
4a3a8a66408fc71cdc72,full_annotation_v1,A,q_인쇄_01,명함 인쇄,생활서비스 중 '인쇄'를 판매·제공하는 매장,test,인쇄,T5 서비스,aeb9aacb-d898-446b-a71e-14f88e908d65,엘림복사,인쇄,목원대 골목형상점가,골목형상점가,대전광역시,,,
102bb3084a000988f1c5,full_annotation_v1,A,q_인쇄_01,명함 인쇄,생활서비스 중 '인쇄'를 판매·제공하는 매장,test,인쇄,T5 서비스,2d2ab892-d97b-46c4-bf45-93e9ed954c9d,진성인쇄,"인쇄, 명함, 스티커",발안만세시장(구 발안시장),전통시장,경기도,,,
d363fa31af19f6d721e7,full_annotation_v1,A,q_인쇄_01,명함 인쇄,생활서비스 중 '인쇄'를 판매·제공하는 매장,test,인쇄,T5 서비스,2b15a6a3-56e1-409a-b046-1e8c469dc121,이안멀티콤,인쇄,백년소상공인,기타,광주광역시,,,
7c62c4f3037feb4244bb,full_annotation_v1,A,q_인쇄_01,명함 인쇄,생활서비스 중 '인쇄'를 판매·제공하는 매장,test,인쇄,T5 서비스,79871ef4-49e2-45c3-b545-08a51601447a,좋은기획,명함 도장 인쇄 현수막 판촉물,평촌역 상점가,자율상권구역,경기도,,,
30c6ed42c6037d0182f1,full_annotation_v1,A,q_인쇄_01,명함 인쇄,생활서비스 중 '인쇄'를 판매·제공하는 매장,test,인쇄,T5 서비스,0e2f0d74-41a0-4568-9938-ed783df550ab,광주상사,인쇄,광주인쇄거리 골목형상점가,골목형상점가,광주광역시,,,
7549819dafd9e4e6bdd5,full_annotation_v1,A,q_인쇄_01,명함 인쇄,생활서비스 중 '인쇄'를 판매·제공하는 매장,test,인쇄,T5 서비스,e8891188-2e9d-4dc3-a842-b71f02042403,제일기획,인쇄,광주인쇄거리 골목형상점가,골목형상점가,광주광역시,,,
416186a9c156040c4c38,full_annotation_v1,A,q_인쇄_01,명함 인쇄,생활서비스 중 '인쇄'를 판매·제공하는 매장,test,인쇄,T5 서비스,6f33ca2e-57b1-42f0-8819-51d305611560,흑곰사,인쇄,상무중앙공원상인회 골목형상점가,골목형상점가,광주광역시,,,
2aaaef42692ece08a151,full_annotation_v1,A,q_인쇄_01,명함 인쇄,생활서비스 중 '인쇄'를 판매·제공하는 매장,test,인쇄,T5 서비스,27403bcd-6a38-455c-a104-1923b5352b51,유앤유,"현수막, 명함, 인쇄",주안역지하도상점가,일반지하상점가,인천광역시,,,
136db79cc101d8dc88c0,full_annotation_v1,A,q_인쇄_01,명함 인쇄,생활서비스 중 '인쇄'를 판매·제공하는 매장,test,인쇄,T5 서비스,00f27b43-2d95-45b2-8e80-16eb91994002,비앤비기프트,"문구, 판촉물",김포중앙시장,전통시장,경기도,,,
825dc8a554731eba00b1,full_annotation_v1,A,q_인쇄_01,명함 인쇄,생활서비스 중 '인쇄'를 판매·제공하는 매장,test,인쇄,T5 서비스,914e4645-5c3c-40f8-800b-d1de4b9a120e,본기획,인쇄,을지로지하보도쇼핑센터,일반지하상점가,서울특별시,,,
ecee24186f8809100c32,full_annotation_v1,A,q_일식_01,일식,음식점 중 '일식'을 판매·제공하는 매장,test,일식,T1 정확표기,b18e0615-6c75-4602-8983-8cdca85fccb8,스시모이,일식,회룡역골목형상점가,골목형상점가,경기도,,,
c5c343bb0850e58c62a7,full_annotation_v1,A,q_일식_01,일식,음식점 중 '일식'을 판매·제공하는 매장,test,일식,T1 정확표기,eac641e5-1fd2-4aa3-9236-9fcfaee21836,해양수산,일식,남부종합시장,전통시장,인천광역시,,,
d253f87ebd4375a9d68b,full_annotation_v1,A,q_일식_01,일식,음식점 중 '일식'을 판매·제공하는 매장,test,일식,T1 정확표기,0004ebd2-4e64-4552-95e5-a3b62efea718,적정온도 숙성회&초밥,회초밥,장안마실골목형상점가,골목형상점가,서울특별시,,,
98163173040f945d57a2,full_annotation_v1,A,q_일식_01,일식,음식점 중 '일식'을 판매·제공하는 매장,test,일식,T1 정확표기,fab05b55-8325-4bf7-8137-5abca8634f92,시장횟집,일식,복대가경시장,전통시장,충청북도,,,
73b9b34a64fe320d4015,full_annotation_v1,A,q_일식_01,일식,음식점 중 '일식'을 판매·제공하는 매장,test,일식,T1 정확표기,44a477c7-b156-4a42-92fa-8f4597c50dcc,유야,일식,안동시옥동 골목형상점가,골목형상점가,경상북도,,,
e29ff9c21f6e66cc37a8,full_annotation_v1,A,q_일식_01,일식,음식점 중 '일식'을 판매·제공하는 매장,test,일식,T1 정확표기,00dfe7e1-6daa-4586-9146-ec927a443d02,오늘애초밥,,포항죽도농산물시장,전통시장,경상북도,,,
a59ec28af0083d9a7790,full_annotation_v1,A,q_일식_01,일식,음식점 중 '일식'을 판매·제공하는 매장,test,일식,T1 정확표기,cad314bc-33a9-424a-83f2-89ee68d2ea13,뎅뎅뎅,일식,궁동 골목형상점가,골목형상점가,대전광역시,,,
4db3bfa9f004fe3d175d,full_annotation_v1,A,q_일식_01,일식,음식점 중 '일식'을 판매·제공하는 매장,test,일식,T1 정확표기,e44788a8-2de8-43e3-b059-7e78cd4edf73,우에,일식,방천시장,전통시장,대구광역시,,,
ea7f7008b5226a0ca46e,full_annotation_v1,A,q_일식_01,일식,음식점 중 '일식'을 판매·제공하는 매장,test,일식,T1 정확표기,c16094eb-686f-4ffa-99a1-bbe4f7452631,슌우,일식,망리단길골목형상점가,골목형상점가,서울특별시,,,
6a86f0ce4fd0ab3649ac,full_annotation_v1,A,q_일식_01,일식,음식점 중 '일식'을 판매·제공하는 매장,test,일식,T1 정확표기,d14c472e-d380-45d6-973f-b9d92a87b095,요연,일식,인제시장,전통시장,강원특별자치도,,,
bd80ae32decd5f188230,full_annotation_v1,A,q_일식_01,일식,음식점 중 '일식'을 판매·제공하는 매장,test,일식,T1 정확표기,74aec6ce-e931-4e16-a2e2-c5fc39e01711,하기당,일식,연신내골목형상점가,골목형상점가,서울특별시,,,
c6fb141b89470be29808,full_annotation_v1,A,q_일식_01,일식,음식점 중 '일식'을 판매·제공하는 매장,test,일식,T1 정확표기,edc044be-3ce7-4209-9b3e-b13303fdea25,혼마찌,일식,영동전통시장,전통시장,서울특별시,,,
d745c43568a28c3db9ab,full_annotation_v1,A,q_일식_01,일식,음식점 중 '일식'을 판매·제공하는 매장,test,일식,T1 정확표기,116365e9-fb6a-4301-87b9-583c49b1f8ed,동해수산,일식,삼각지맛길 골목형상점가,골목형상점가,대구광역시,,,
51f2a8be88dd97af0908,full_annotation_v1,A,q_일식_01,일식,음식점 중 '일식'을 판매·제공하는 매장,test,일식,T1 정확표기,3c16bc62-ecce-4ea0-8f7c-f807433d83df,만개,일식,어은누리 골목형상점가,골목형상점가,대전광역시,,,
a9ff5f1906d21f491941,full_annotation_v1,A,q_일식_01,일식,음식점 중 '일식'을 판매·제공하는 매장,test,일식,T1 정확표기,a7eab5f8-9d9d-419e-98a8-02db3ebd2efa,환심,일식,건리단길 골목형상점가,골목형상점가,서울특별시,,,
db8cfdfb938f1dc2cd03,full_annotation_v1,A,q_일식_01,일식,음식점 중 '일식'을 판매·제공하는 매장,test,일식,T1 정확표기,d995747b-0850-42d6-9cb6-7786b15afd27,신바다횟집,일식,중앙신시장,전통시장,경상북도,,,
cb49535f0901407a73d9,full_annotation_v1,A,q_일식_01,일식,음식점 중 '일식'을 판매·제공하는 매장,test,일식,T1 정확표기,1d1a4025-2055-49d1-86c7-b98f557b73a0,푸른바다횟집,일식,뚝도시장,전통시장,서울특별시,,,
2afd7e14d19665179bd2,full_annotation_v1,A,q_일식_01,일식,음식점 중 '일식'을 판매·제공하는 매장,test,일식,T1 정확표기,0efb328d-2b4c-4610-a865-8a045e56b9a2,해태초밥,일식,광주역앞교통광장 골목형상점가,골목형상점가,광주광역시,,,
f41a2104cf342a754d70,full_annotation_v1,A,q_일식_01,일식,음식점 중 '일식'을 판매·제공하는 매장,test,일식,T1 정확표기,98873c9a-4b69-44a7-86f0-d3af783467ac,철길부산집,일식,영통역아이파크 골목형상점가,골목형상점가,경기도,,,
d8192e645b6588670113,full_annotation_v1,A,q_일식_01,일식,음식점 중 '일식'을 판매·제공하는 매장,test,일식,T1 정확표기,26581415-14c1-4556-8e5a-9c379e7384d1,초이스시,일식,경주중앙시장,전통시장,경상북도,,,
5f2456d6f03650050cb0,full_annotation_v1,A,q_일식_01,일식,음식점 중 '일식'을 판매·제공하는 매장,test,일식,T1 정확표기,086382f9-b4ac-49cb-8667-9923bc2c363f,진짜우리집,한식,어진동 골목형상점가,골목형상점가,세종특별자치시,,,
231d7d2531f39e8edaf3,full_annotation_v1,A,q_일식_01,일식,음식점 중 '일식'을 판매·제공하는 매장,test,일식,T1 정확표기,01f14598-4405-408e-9fac-71db17ed6f05,동경스시,,풍무동1 골목형상점가,골목형상점가,경기도,,,
f980d51ef7d20c7ed5ac,full_annotation_v1,A,q_일식_01,일식,음식점 중 '일식'을 판매·제공하는 매장,test,일식,T1 정확표기,ba8489d5-45d9-4f15-92f0-d8a784318549,키햐아,일식,까치울역카페거리 골목형상점가,골목형상점가,경기도,,,
d5ec0c76a36646e0f3b7,full_annotation_v1,A,q_일식_01,일식,음식점 중 '일식'을 판매·제공하는 매장,test,일식,T1 정확표기,722cc065-4b23-4f40-a732-bd28cec1cd8d,갑자한의원,"첩약, 보약",효자2동 골목형상점가,골목형상점가,전북특별자치도,,,
cd5df128887b1e7567a0,full_annotation_v1,A,q_일식_01,일식,음식점 중 '일식'을 판매·제공하는 매장,test,일식,T1 정확표기,01afaafa-2a46-4977-8015-55762957ee7a,다래초밥,초밥,동문동 골목형상점가,골목형상점가,충청남도,,,
7872112443fc095c2c2f,full_annotation_v1,A,q_일식_01,일식,음식점 중 '일식'을 판매·제공하는 매장,test,일식,T1 정확표기,62a656e3-1225-4668-b333-9e3c5e84c5d2,데덴찌,일식,상무시청상인회 골목형상점가,골목형상점가,광주광역시,,,
7c4d2d6f1b1b6c5de4b9,full_annotation_v1,A,q_일식_01,일식,음식점 중 '일식'을 판매·제공하는 매장,test,일식,T1 정확표기,ccbbb02f-0b93-4d3b-9ef4-86ebd5f39bd2,러블리마마,반찬류,어진동 골목형상점가,골목형상점가,세종특별자치시,,,
d2f8c2c52a3756818b41,full_annotation_v1,A,q_일식_01,일식,음식점 중 '일식'을 판매·제공하는 매장,test,일식,T1 정확표기,fb18dc71-1d3f-4c4d-8445-8ebe2aea2b65,동명동오보에루,일식,동명동 카페거리 골목형상점가,골목형상점가,광주광역시,,,
e44e047f12d5bef7dd64,full_annotation_v1,A,q_일식_01,일식,음식점 중 '일식'을 판매·제공하는 매장,test,일식,T1 정확표기,7dfa12bb-ca88-4a02-8fa7-c275836e15d1,황금어장,일식,노량진수산시장골목형상점가,골목형상점가,서울특별시,,,
ec4b825837d306cffa23,full_annotation_v1,A,q_일식_01,일식,음식점 중 '일식'을 판매·제공하는 매장,test,일식,T1 정확표기,00ba389b-e522-4da5-ac26-2ffaf33359ec,스시노유키,초밥,산본로데오거리(구 산본중심상가),자율상권구역,경기도,,,
3eb5cb7ac1792c4ab621,full_annotation_v1,A,q_일식_01,일식,음식점 중 '일식'을 판매·제공하는 매장,test,일식,T1 정확표기,395e5db2-316c-480d-a127-7c9f2f4847b4,덥,일식,서구청먹자골목상인회 골목형상점가,골목형상점가,광주광역시,,,
1551aa713c0a22e9d166,full_annotation_v1,A,q_일식_01,일식,음식점 중 '일식'을 판매·제공하는 매장,test,일식,T1 정확표기,0225925b-3945-46cd-b995-b946a617ccfc,초밥일번지,일식,안동음식의거리 골목형상점가,골목형상점가,경상북도,,,
bcdbb2193658d0df79bd,full_annotation_v1,A,q_일식_01,일식,음식점 중 '일식'을 판매·제공하는 매장,test,일식,T1 정확표기,005eb589-94b0-4a7e-b4e4-ef8cf64b0762,스시쿄다이,일식,동홍8번가 골목형상점가,골목형상점가,제주특별자치도,,,
49ce1420ebf3db27fca2,full_annotation_v1,A,q_일식_01,일식,음식점 중 '일식'을 판매·제공하는 매장,test,일식,T1 정확표기,1b8e262c-ebb0-4af4-a4b8-accd737a8f8c,스시경,일식,목3동골목형상점가,골목형상점가,서울특별시,,,
9737514646a69811ca2a,full_annotation_v1,A,q_일식_01,일식,음식점 중 '일식'을 판매·제공하는 매장,test,일식,T1 정확표기,47fe4013-db36-4d8b-a2d7-b244a53613e5,아토,일식,궁동 골목형상점가,골목형상점가,대전광역시,,,
649ecaada5f64df5e277,full_annotation_v1,A,q_일식_01,일식,음식점 중 '일식'을 판매·제공하는 매장,test,일식,T1 정확표기,52c57bbb-b5d7-4687-a2e4-0316aead4d8b,회심,일식,범어식주가무명인골목 골목형상점가,골목형상점가,대구광역시,,,
78d66144565001666d12,full_annotation_v1,A,q_일식_01,일식,음식점 중 '일식'을 판매·제공하는 매장,test,일식,T1 정확표기,831c538d-342a-42c7-a754-bc714aee87ff,아라,일식,신부유람단골목형상점가,골목형상점가,충청남도,,,
c0b6bbf1ae8cc9835524,full_annotation_v1,A,q_일식_01,일식,음식점 중 '일식'을 판매·제공하는 매장,test,일식,T1 정확표기,e7578687-6b5a-457b-b0cf-0e9fbbad16b2,백식,일식,동명동 카페거리 골목형상점가,골목형상점가,광주광역시,,,
4d27f31ebced8edaa836,full_annotation_v1,A,q_일식_01,일식,음식점 중 '일식'을 판매·제공하는 매장,test,일식,T1 정확표기,1d8cea8e-3ad1-4b18-8093-0926cdd6d4ef,돈카춘,일식,순헌황귀비길 골목형상점가,골목형상점가,서울특별시,,,
25b45e86ed9b36bef5f2,full_annotation_v1,A,q_일식_01,일식,음식점 중 '일식'을 판매·제공하는 매장,test,일식,T1 정확표기,fd4fd277-1b68-4ea9-a9e0-edbe02bbb9da,남도횟집,일식,대구교동시장,전통시장,대구광역시,,,
2f2a195dc32252d59904,full_annotation_v1,A,q_일식_01,일식,음식점 중 '일식'을 판매·제공하는 매장,test,일식,T1 정확표기,eddf42e9-8fca-4b99-8abe-08aa403dc05f,난영회센타,일식,목포청호시장,전통시장,,,,
25f49974ceab50110653,full_annotation_v1,A,q_일식_01,일식,음식점 중 '일식'을 판매·제공하는 매장,test,일식,T1 정확표기,9c69fec2-743b-4a74-9477-e16ae2b7d583,가매일식,일식,백년소상공인,기타,광주광역시,,,
81d05dae95193f055ded,full_annotation_v1,A,q_일식_01,일식,음식점 중 '일식'을 판매·제공하는 매장,test,일식,T1 정확표기,3b2aa9ee-6601-44e0-b452-7354bf5b0eb1,오아시스,일식,서부시장,전통시장,대구광역시,,,
f37fadb6615532625b5c,full_annotation_v1,A,q_일식_01,일식,음식점 중 '일식'을 판매·제공하는 매장,test,일식,T1 정확표기,3582dd09-a23d-4fcf-b974-62ad3c810524,자유상사,의류,부산자유시장,전통시장,부산광역시,,,
4fecc8bdb4a97340f0d9,full_annotation_v1,A,q_일식_01,일식,음식점 중 '일식'을 판매·제공하는 매장,test,일식,T1 정확표기,22769c92-ec53-45ff-823a-92945031971a,마파도,일식,오창전통시장,전통시장,충청북도,,,
55113721b621fecbb10d,full_annotation_v1,A,q_일식_01,일식,음식점 중 '일식'을 판매·제공하는 매장,test,일식,T1 정확표기,1f7f77b6-e387-47b9-8a7a-b9e6bb481079,이도정어부,일식,함덕4구상점가,골목형상점가,제주특별자치도,,,
caa42cb443deb38e7709,full_annotation_v1,A,q_일식_01,일식,음식점 중 '일식'을 판매·제공하는 매장,test,일식,T1 정확표기,40fe49ad-3e6f-485f-840a-27a3754f25d2,세꼬시,일식,별내로데오상점가,골목형상점가,경기도,,,
298d17579ec18ed7123e,full_annotation_v1,A,q_일식_01,일식,음식점 중 '일식'을 판매·제공하는 매장,test,일식,T1 정확표기,e34e6d7f-6e3b-4e14-bebc-e552f10ceb24,다한,일식,범어식주가무명인골목 골목형상점가,골목형상점가,대구광역시,,,
59be796c9a997a514f18,full_annotation_v1,A,q_일식_01,일식,음식점 중 '일식'을 판매·제공하는 매장,test,일식,T1 정확표기,b8f597be-9306-40fb-a8a9-239b68b5716b,쇼진,일식,위드수암 골목형상점가,골목형상점가,울산광역시,,,
b2255b087c38e08d80ca,full_annotation_v1,A,q_일식_01,일식,음식점 중 '일식'을 판매·제공하는 매장,test,일식,T1 정확표기,ca2fb5da-1453-4a95-b499-e031dd5f83b0,황금회포차,일식,용봉지구 골목형상점가,골목형상점가,광주광역시,,,
16122a460f2b56f2b037,full_annotation_v1,A,q_일식_01,일식,음식점 중 '일식'을 판매·제공하는 매장,test,일식,T1 정확표기,e068f344-e797-4f8f-837b-069e986ace61,스시현,일식,테라스파크상가 골목형상점가,골목형상점가,울산광역시,,,
1b05989d7d0d094c036c,full_annotation_v1,A,q_일식_01,일식,음식점 중 '일식'을 판매·제공하는 매장,test,일식,T1 정확표기,9b9b0369-81c3-471f-92c4-44b537bda3a8,스시현,일식,성북천골목형상점가,골목형상점가,서울특별시,,,
a81ad895b6a5d77d9c4a,full_annotation_v1,A,q_일식_01,일식,음식점 중 '일식'을 판매·제공하는 매장,test,일식,T1 정확표기,0fd97983-fcef-4d8a-a4d9-f1795fd4affd,바다정원,일식,부곡맛고을상가,자율상권구역,경상북도,,,
8efe229bd6998df9dcfe,full_annotation_v1,A,q_일식_01,일식,음식점 중 '일식'을 판매·제공하는 매장,test,일식,T1 정확표기,a944b4c1-bc24-4a92-8865-64d940f0ac24,엘닷,일식,성수역골목형상점가,골목형상점가,서울특별시,,,
9d66af2869ed1b877156,full_annotation_v1,A,q_일식_01,일식,음식점 중 '일식'을 판매·제공하는 매장,test,일식,T1 정확표기,3a0b6888-54f7-4305-9ae7-fb93c08875c0,석스시,일식,산본로데오거리(구 산본중심상가),자율상권구역,경기도,,,
653890a641be7b8a33ae,full_annotation_v1,A,q_일식_01,일식,음식점 중 '일식'을 판매·제공하는 매장,test,일식,T1 정확표기,03e60ecc-402f-49e8-b1ac-cbd4f330144d,온정돈까스 천안불당점,돈까스,시청앞 골목형상점가,골목형상점가,충청남도,,,
7748cd686a6f0bb35282,full_annotation_v1,A,q_일식_01,일식,음식점 중 '일식'을 판매·제공하는 매장,test,일식,T1 정확표기,f6266986-adc0-4f25-8b12-3b7e9dd07322,사토리,일식,송도 타임스페이스 골목형상점가,골목형상점가,인천광역시,,,
6dd398dba71278b5deb9,full_annotation_v1,A,q_일식_01,일식,음식점 중 '일식'을 판매·제공하는 매장,test,일식,T1 정확표기,458d4d5f-d77a-4a2d-bbd2-77d4834b6adc,류사카,일식,새롬동 골목형상점가,골목형상점가,세종특별자치시,,,
abfc4c2397676d8ff852,full_annotation_v1,A,q_일식_01,일식,음식점 중 '일식'을 판매·제공하는 매장,test,일식,T1 정확표기,0474ee0c-1f03-47fa-af45-bb5411abb04a,무루,일식,봉명동우산거리 골목형상점가,골목형상점가,대전광역시,,,
e174f270ffb9f1b0d306,full_annotation_v1,A,q_일식_01,일식,음식점 중 '일식'을 판매·제공하는 매장,test,일식,T1 정확표기,2c215e30-3980-49ef-aa9a-a74be0146120,한사라참치,일식,돈암시장,전통시장,서울특별시,,,
74a0d7ad48693275f6cc,full_annotation_v1,A,q_일식_01,일식,음식점 중 '일식'을 판매·제공하는 매장,test,일식,T1 정확표기,f213730e-50f0-4531-ac73-3f88a21fce6a,유미카츠,일식,목2동시장,전통시장,서울특별시,,,
359d9c3fad8ac0f92a0c,full_annotation_v1,A,q_일식_01,일식,음식점 중 '일식'을 판매·제공하는 매장,test,일식,T1 정확표기,9d32ece0-4a5d-4702-b3fa-03cca1526a09,장충왕족발,족발보쌈,소촌중앙 골목형상점가,골목형상점가,광주광역시,,,
51aaa60a0673d97d69c5,full_annotation_v1,A,q_일식_01,일식,음식점 중 '일식'을 판매·제공하는 매장,test,일식,T1 정확표기,18fab069-1b18-4cd9-8e79-7efb22292d08,바른한우,정육,고척근린시장,전통시장,서울특별시,,,
41a2ddda30c4d118136d,full_annotation_v1,A,q_일식_01,일식,음식점 중 '일식'을 판매·제공하는 매장,test,일식,T1 정확표기,36558052-511d-4a78-93c3-5c5d6ce4b9de,스무,일식,칠성로상점가,자율상권구역,제주특별자치도,,,
7f7aab40931469e7a1e7,full_annotation_v1,A,q_일식_01,일식,음식점 중 '일식'을 판매·제공하는 매장,test,일식,T1 정확표기,013d58c8-33f8-4dbe-95de-801d22ea9505,민영활어공장 부천자유시장점,"회, 초밥",부천자유시장,전통시장,경기도,,,
5ae9c92f34ebd761a7da,full_annotation_v1,A,q_일식_01,일식,음식점 중 '일식'을 판매·제공하는 매장,test,일식,T1 정확표기,7e1f5ccf-5f04-4a65-95f0-2cfe1a061e7f,차려입다,의류전자상거래업,성서중심시장(성서시장문화의거리 통합),전통시장,충청북도,,,
98ef42512b38e65bdc50,full_annotation_v1,A,q_일식_01,일식,음식점 중 '일식'을 판매·제공하는 매장,test,일식,T1 정확표기,3b79dee1-d72b-48de-8c8e-74abab0b8b6e,또만나요회,일식,경서골목형상점가,골목형상점가,인천광역시,,,
a01b8a66fe84f167da92,full_annotation_v1,A,q_일식_01,일식,음식점 중 '일식'을 판매·제공하는 매장,test,일식,T1 정확표기,2add2f40-55da-431a-86bb-16aa0a296f21,돈까스짱동원시장점,일식,동원전통종합시장,전통시장,서울특별시,,,
79a9f8a81b9c9404f090,full_annotation_v1,A,q_일식_01,일식,음식점 중 '일식'을 판매·제공하는 매장,test,일식,T1 정확표기,87924c7b-9e30-4bcc-9055-817c74e16846,나비샵,의류,방촌시장,전통시장,대구광역시,,,
19feb6fa81a672f360e3,full_annotation_v1,A,q_일식_01,일식,음식점 중 '일식'을 판매·제공하는 매장,test,일식,T1 정확표기,01cecd17-bce9-4355-af06-2ca2cee82862,돈까스에빠지다 범어점,돈까스,범어식주가무명인골목 골목형상점가,골목형상점가,대구광역시,,,
0129819c756a5563d8ea,full_annotation_v1,A,q_일식_01,일식,음식점 중 '일식'을 판매·제공하는 매장,test,일식,T1 정확표기,e0487adb-2991-40f1-954a-5c6e34daa586,더모먼트 스튜디오,사진,학동 남문로 골목형상점가,골목형상점가,광주광역시,,,
e24bdec9c34d06137435,full_annotation_v1,A,q_일식_01,일식,음식점 중 '일식'을 판매·제공하는 매장,test,일식,T1 정확표기,2c2c9888-4b8c-4614-a62b-a6d2c0af706f,하루,일식,가락골 골목형상점가,골목형상점가,서울특별시,,,
95c1fa64c16dfd043b08,full_annotation_v1,A,q_일식_01,일식,음식점 중 '일식'을 판매·제공하는 매장,test,일식,T1 정확표기,1279715c-8e04-4077-94fa-631ba0dd3325,정점,일식,누웨마루거리상점가,자율상권구역,제주특별자치도,,,
d63f97f4268b46b593a2,full_annotation_v1,A,q_일식_01,일식,음식점 중 '일식'을 판매·제공하는 매장,test,일식,T1 정확표기,00f1a1de-5180-4857-ac9d-3d104fc8a1e0,진스시,,신구로현대어반벨리 골목형상점가,골목형상점가,서울특별시,,,
4c71e0774695c6f924ce,full_annotation_v1,A,q_일식_01,일식,음식점 중 '일식'을 판매·제공하는 매장,test,일식,T1 정확표기,0547b6e2-3d1e-4a4a-97c6-9b1c1344bf88,김희철 스시,,솔매사랑길 골목형상점가,골목형상점가,서울특별시,,,
997bc8bff42a79e8d0ca,full_annotation_v1,A,q_일식_01,일식,음식점 중 '일식'을 판매·제공하는 매장,test,일식,T1 정확표기,e1459d12-eadf-44f3-95d4-231fefac3e28,우리동네1등초밥마트,일식,정자시장,전통시장,경기도,,,
d01b59efe9cd2ce15c2c,full_annotation_v1,A,q_일식_01,일식,음식점 중 '일식'을 판매·제공하는 매장,test,일식,T1 정확표기,cb71d59c-a84a-4fe5-8f58-1f04c8ab90f1,이수사횟집,일식,장한평역먹자골목형상점가,골목형상점가,서울특별시,,,
a89dcab0165ef5925b26,full_annotation_v1,A,q_일식_01,일식,음식점 중 '일식'을 판매·제공하는 매장,test,일식,T1 정확표기,bd5eb956-e3b9-4776-946e-7f75b0f58c9f,완도수산,일식,반석동 골목형상점가,골목형상점가,대전광역시,,,
660566de41151c29911e,full_annotation_v1,A,q_일식_01,일식,음식점 중 '일식'을 판매·제공하는 매장,test,일식,T1 정확표기,339c62e2-0edb-49b1-a192-d6fa20557b98,스시존,일식,한양대앞상점가,자율상권구역,서울특별시,,,
73617478fbd0763f1006,full_annotation_v1,A,q_일식_01,일식,음식점 중 '일식'을 판매·제공하는 매장,test,일식,T1 정확표기,00e80339-1353-4885-81d7-0746a437abb2,포식 용인한숲시티점,쌀국수 돈까스 함박스테이크,남사한숲 골목형상점가,골목형상점가,경기도,,,
f089853f1adbe4693340,full_annotation_v1,A,q_일식_01,일식,음식점 중 '일식'을 판매·제공하는 매장,test,일식,T1 정확표기,ea84f42a-3254-485f-80a5-b90c849cacfd,만동,일식,법리단길 골목형상점가,골목형상점가,전북특별자치도,,,
bfc79781e5285857b4dc,full_annotation_v1,A,q_일식_01,일식,음식점 중 '일식'을 판매·제공하는 매장,test,일식,T1 정확표기,9a738909-cf68-48cf-9699-37513a7b3008,귀빈,일식,나성동 골목형상점가,골목형상점가,세종특별자치시,,,
709bfae70f0d0053277d,full_annotation_v1,A,q_일식_01,일식,음식점 중 '일식'을 판매·제공하는 매장,test,일식,T1 정확표기,b4c38c53-047b-41df-8291-81e7dc1f8547,느린하루,일식,강서다온골목형상점가,골목형상점가,충청북도,,,
d18d01e761f0d3282ff6,full_annotation_v1,A,q_일식_01,일식,음식점 중 '일식'을 판매·제공하는 매장,test,일식,T1 정확표기,a59e2aea-63c0-4aea-b80c-13c2293b0eb4,청담일식,일식,수완나들목 골목형상점가,골목형상점가,광주광역시,,,
0f145e7c74bf89424082,full_annotation_v1,A,q_일식_01,일식,음식점 중 '일식'을 판매·제공하는 매장,test,일식,T1 정확표기,8fde781a-537a-40ac-9a4e-1216a9a32dad,유끼,일식,신월7동골목형상점가,골목형상점가,서울특별시,,,
31bfd5646cd3fd2e2b79,full_annotation_v1,A,q_일식_01,일식,음식점 중 '일식'을 판매·제공하는 매장,test,일식,T1 정확표기,ce01946f-4259-4b7a-901d-44d1844083f7,정식,일식,쌍리단길상점가,자율상권구역,서울특별시,,,
37fb896d0518387d9e70,full_annotation_v1,A,q_일식_01,일식,음식점 중 '일식'을 판매·제공하는 매장,test,일식,T1 정확표기,5e12301d-d726-4943-80f7-f5bfef8df864,마루,일식,가오동 골목형상점가,골목형상점가,대전광역시,,,
f47d7af9b4932c462625,full_annotation_v1,A,q_일식_01,일식,음식점 중 '일식'을 판매·제공하는 매장,test,일식,T1 정확표기,c1f85108-72b2-4121-8559-536b105cfa5c,호복,일식,상동역 골목형상점가,골목형상점가,경기도,,,
abfff0a1e5110fe4ad80,full_annotation_v1,A,q_일식_01,일식,음식점 중 '일식'을 판매·제공하는 매장,test,일식,T1 정확표기,7234e0fe-2051-492b-a754-10f380afb9a3,노렌인,일식,과천스마트케이 골목형상점가,골목형상점가,경기도,,,
a2dd4be93640734c82b2,full_annotation_v1,A,q_일식_01,일식,음식점 중 '일식'을 판매·제공하는 매장,test,일식,T1 정확표기,cae0442d-379f-4b7f-b967-c36aa9c7d255,해송,일식,양평1동어울림골목형상점가,골목형상점가,서울특별시,,,
26bca3beaf47dcb725ac,full_annotation_v1,A,q_일식_01,일식,음식점 중 '일식'을 판매·제공하는 매장,test,일식,T1 정확표기,3b70fe42-8d9b-4a3d-8409-d4e80736541a,구미,일식,구미 금리단길 골목형상점가,골목형상점가,경상북도,,,
acef53c3d4df260997f7,full_annotation_v1,A,q_일식_01,일식,음식점 중 '일식'을 판매·제공하는 매장,test,일식,T1 정확표기,00eefa39-8925-4ff1-8fb6-e3aa2c2b7937,아비꼬 용인보정점,일식 음식점,BOCA 보카상점가,골목형상점가,경기도,,,
a4b16891453cb2d2b80e,full_annotation_v1,A,q_일식_01,일식,음식점 중 '일식'을 판매·제공하는 매장,test,일식,T1 정확표기,956df78a-034e-42f8-b908-232e9a288868,신성전자,전구,남문로 어울림 골목 골목형상점가,골목형상점가,광주광역시,,,
fc6acf35c24f7824e15d,full_annotation_v1,A,q_일식_01,일식,음식점 중 '일식'을 판매·제공하는 매장,test,일식,T1 정확표기,b80413bd-b0f7-47b1-86dd-4dedc19c2db5,미가,일식,종암북바위길골목형상점가,골목형상점가,서울특별시,,,
b9ad5d0346b51706266c,full_annotation_v1,A,q_일식_01,일식,음식점 중 '일식'을 판매·제공하는 매장,test,일식,T1 정확표기,f1d8ec8d-2dcf-4a4e-ac4e-2504c2aa54d6,멘초비,일식,동래시장,전통시장,부산광역시,,,
3d0da59ef0d018c76b79,full_annotation_v1,A,q_일식_01,일식,음식점 중 '일식'을 판매·제공하는 매장,test,일식,T1 정확표기,e5b96451-ad36-462c-9ad6-2fdfaa6d548d,신발나라,신발,자양15번가골목형상점가,골목형상점가,서울특별시,,,
0b9efc7c39bf0cf4fcb5,full_annotation_v1,A,q_일식_01,일식,음식점 중 '일식'을 판매·제공하는 매장,test,일식,T1 정확표기,4fd9a187-cbe4-40ac-877d-1a1339c3c3d6,라쿠엔,일식,매드블럭 골목형상점가,골목형상점가,대전광역시,,,
ab868d3328f133b77142,full_annotation_v1,A,q_일식_01,일식,음식점 중 '일식'을 판매·제공하는 매장,test,일식,T1 정확표기,db329f9e-982e-448a-ba94-5c6260e1158e,돌고래,일식,엄사 골목형상점가,골목형상점가,충청남도,,,
d06c30750f7a3f64811a,full_annotation_v1,A,q_일식_01,일식,음식점 중 '일식'을 판매·제공하는 매장,test,일식,T1 정확표기,88a61490-9bfe-438b-9b97-c1d6b34ec427,오센,일식,이수미로골목형상점가,골목형상점가,서울특별시,,,
4c5492a3afaa25444830,full_annotation_v1,A,q_일식_01,일식,음식점 중 '일식'을 판매·제공하는 매장,test,일식,T1 정확표기,ac1742a4-0997-4194-a3f0-7bc5d3b50ab8,사계초밥,일식,방학단길골목형상점가,골목형상점가,서울특별시,,,
809e5609739f4b7f43b5,full_annotation_v1,A,q_일식_01,일식,음식점 중 '일식'을 판매·제공하는 매장,test,일식,T1 정확표기,8d18c9e1-f5cc-4445-a2f0-2406b5521f66,욧삐떼,일식,양정 골목형상점가,골목형상점가,울산광역시,,,
43fbaaad0a2762227cd6,full_annotation_v1,A,q_일식_01,일식,음식점 중 '일식'을 판매·제공하는 매장,test,일식,T1 정확표기,04c1454c-94f9-4a74-a347-11bfad75cb82,스시대관령,일식스시,내곡동골목형상점가,골목형상점가,강원특별자치도,,,
1e9a3b779d2df74d71b9,full_annotation_v1,A,q_일식_01,일식,음식점 중 '일식'을 판매·제공하는 매장,test,일식,T1 정확표기,026b148f-ce2a-4e35-8dbb-0aaca2c31325,은화수식당,돈까스 카레 우동 기타등등,군산디오션시티 골목형상점가,골목형상점가,전북특별자치도,,,
73031d4d0e1525dc5ba9,full_annotation_v1,A,q_일식_01,일식,음식점 중 '일식'을 판매·제공하는 매장,test,일식,T1 정확표기,b484abf1-a177-47b9-8cb0-168b636f7199,회가맛있는집,일식,양주신산시장마을상점가,골목형상점가,경기도,,,
2350a64995723786339b,full_annotation_v1,A,q_일식_01,일식,음식점 중 '일식'을 판매·제공하는 매장,test,일식,T1 정확표기,b049f94f-23fa-458b-8b8b-095d0cb6ed54,우츠,일식,맹동혁신골목형상점가,골목형상점가,충청북도,,,
401f0d8e2f17b3ed3b57,full_annotation_v1,A,q_일식_01,일식,음식점 중 '일식'을 판매·제공하는 매장,test,일식,T1 정확표기,2858fa11-6901-4d7b-8835-f16356e07594,감천식당,한식,선비골전통시장,전통시장,경상북도,,,
d15f3c6d6dfd183506de,full_annotation_v1,A,q_일식_01,일식,음식점 중 '일식'을 판매·제공하는 매장,test,일식,T1 정확표기,025255cd-6e4e-4d26-b2b7-bd18e2858548,정성카츠 화정점,일식,화정로상가상인회 골목형상점가,골목형상점가,광주광역시,,,
5b8f57fa24a80b3335a3,full_annotation_v1,A,q_일식_01,일식,음식점 중 '일식'을 판매·제공하는 매장,test,일식,T1 정확표기,937a5bef-36f8-47ad-817a-c568333879d3,남해횟집,일식,도마큰시장,전통시장,대전광역시,,,
6a9e3e686634ccb9e6e8,full_annotation_v1,A,q_일식_01,일식,음식점 중 '일식'을 판매·제공하는 매장,test,일식,T1 정확표기,01f2d713-86d5-414a-b9b9-1fdde102f589,미스타교자(상봉점),일식,상봉먹자골목형상점가,골목형상점가,서울특별시,,,
4b22c0ee00cea9e41c23,full_annotation_v1,A,q_일식_01,일식,음식점 중 '일식'을 판매·제공하는 매장,test,일식,T1 정확표기,cdf46942-0c21-4bb7-b4ba-3ca71d4393b6,히나기쿠,일식,건리단길 골목형상점가,골목형상점가,서울특별시,,,
d1abe55af1b15c495007,full_annotation_v1,A,q_일식_01,일식,음식점 중 '일식'을 판매·제공하는 매장,test,일식,T1 정확표기,a594c659-978b-4713-acc3-058076c2600c,태양수산,일식,남현동예술인마을골목형상점가,골목형상점가,서울특별시,,,
a507eefeb431f0a101ea,full_annotation_v1,A,q_일식_01,일식,음식점 중 '일식'을 판매·제공하는 매장,test,일식,T1 정확표기,52ee2721-a538-4b70-92f1-e75a2af95158,지에스25수송중앙점,편의점상품,수송누리 골목형상점가,골목형상점가,전북특별자치도,,,
47f10b76b378c8d36dcc,full_annotation_v1,A,q_일식_01,일식,음식점 중 '일식'을 판매·제공하는 매장,test,일식,T1 정확표기,a04b4925-11d6-4d03-ae1d-341b4f383171,잇텐,일식,어은누리 골목형상점가,골목형상점가,대전광역시,,,
d5abfe04cb3441e575fc,full_annotation_v1,A,q_일식_01,일식,음식점 중 '일식'을 판매·제공하는 매장,test,일식,T1 정확표기,dddf07f0-7dd7-470f-a66d-ba92a2620b16,모츠모,일식,도담동 골목형상점가,골목형상점가,세종특별자치시,,,
6fddfc31f43ea0976b94,full_annotation_v1,A,q_일식_01,일식,음식점 중 '일식'을 판매·제공하는 매장,test,일식,T1 정확표기,c1a9745c-156e-47ff-b4d8-af7d6bbf25e4,해왁,일식,사가정51길 골목형상점가,골목형상점가,서울특별시,,,
62ec71ddb39efcbe3297,full_annotation_v1,A,q_일식_01,일식,음식점 중 '일식'을 판매·제공하는 매장,test,일식,T1 정확표기,8550c043-55f8-4413-980f-25be84da8f68,치유,일식,대흥동 특화거리 상점가,자율상권구역,대전광역시,,,
545cf96bc260c6b15312,full_annotation_v1,A,q_일식_01,일식,음식점 중 '일식'을 판매·제공하는 매장,test,일식,T1 정확표기,02e18ef3-4b66-4159-96bf-759bfb98320f,카츠옹,돈까스,자양번영로골목형상점가,골목형상점가,서울특별시,,,
501f5ddc8567949e09ee,full_annotation_v1,A,q_일식_01,일식,음식점 중 '일식'을 판매·제공하는 매장,test,일식,T1 정확표기,530a9c60-4659-44b1-ba3e-afc0ce47c4c3,텐,일식,송탄관광특구 골목형상점가,골목형상점가,경기도,,,
8e29a86447a5818c2c86,full_annotation_v1,A,q_일식_01,일식,음식점 중 '일식'을 판매·제공하는 매장,test,일식,T1 정확표기,077d4f81-e5a8-4c8f-8936-3a8ec57ffb1e,샷타,일식,황남상가시장,전통시장,경상북도,,,
b7c352228e547cf50e31,full_annotation_v1,A,q_일식_01,일식,음식점 중 '일식'을 판매·제공하는 매장,test,일식,T1 정확표기,34ea6360-2c40-4eae-8c33-e993359b4d9c,참치생각,일식,문정동로데오상점가,자율상권구역,서울특별시,,,
10d32d255148cdf0fd6f,full_annotation_v1,A,q_일식_01,일식,음식점 중 '일식'을 판매·제공하는 매장,test,일식,T1 정확표기,ee898d7f-317c-4f05-bee5-c7833f3dc580,돈스케,일식,달서시장,전통시장,대구광역시,,,
e6187800f1e47ed710be,full_annotation_v1,A,q_일식_01,일식,음식점 중 '일식'을 판매·제공하는 매장,test,일식,T1 정확표기,54072f8c-701e-46e5-b8b2-dea221f9ee85,펌&컷hair,헤어미용,소촌중앙 골목형상점가,골목형상점가,광주광역시,,,
a749755a5684e211fab7,full_annotation_v1,A,q_일식_01,일식,음식점 중 '일식'을 판매·제공하는 매장,test,일식,T1 정확표기,d53cb9ab-6c1c-4ef7-be4f-51ef054475e8,소미당,일식,녹두S밸리골목형상점가,골목형상점가,서울특별시,,,
7615bbea602d1d9d83d5,full_annotation_v1,A,q_일식_01,일식,음식점 중 '일식'을 판매·제공하는 매장,test,일식,T1 정확표기,24e43956-2055-4b34-b3a1-d09a59c04b32,스시현,일식,강남개포시장(구 개포2동중심상점가),자율상권구역,서울특별시,,,
77d3f00a329ce070cad6,full_annotation_v1,A,q_일식_01,일식,음식점 중 '일식'을 판매·제공하는 매장,test,일식,T1 정확표기,cf58f6e4-c4ed-42a8-ac9d-adf32b006abb,용호식당,일식,태릉골목형상점가,골목형상점가,서울특별시,,,
1c51adb4ebd94d0a07d2,full_annotation_v1,A,q_일식_01,일식,음식점 중 '일식'을 판매·제공하는 매장,test,일식,T1 정확표기,5ff5e851-9695-4924-8ed9-a9eed1ebe098,수,일식,효자시장,전통시장,경상북도,,,
e9f26226c1f6e7b6738a,full_annotation_v1,A,q_일식_01,일식,음식점 중 '일식'을 판매·제공하는 매장,test,일식,T1 정확표기,01710a82-bb0d-4cbc-8491-708f78ce99fe,스시니쿠 후평점,,인공폭포상가,자율상권구역,강원특별자치도,,,
0c1f9c8cb7682ae70291,full_annotation_v1,A,q_일식_01,일식,음식점 중 '일식'을 판매·제공하는 매장,test,일식,T1 정확표기,7341f9fb-bb31-4677-b92a-6cb259d42750,윤돈,일식,뚝섬역상점가(서울숲상원길상점가),자율상권구역,서울특별시,,,
b3aa825ef37799a69740,full_annotation_v1,A,q_일식_01,일식,음식점 중 '일식'을 판매·제공하는 매장,test,일식,T1 정확표기,82708649-a020-42d3-9c22-d86aff63c03e,굴마을낙지촌용답점,한식,성동용답상가시장,전통시장,서울특별시,,,
a1587f435bc51d8443d9,full_annotation_v1,A,q_일식_01,일식,음식점 중 '일식'을 판매·제공하는 매장,test,일식,T1 정확표기,41c99d01-6edc-47a5-b483-1bfa42be3f25,바른초밥,일식,흑석동 골목형상점가,골목형상점가,광주광역시,,,
303b01ee5c5e79a0702f,full_annotation_v1,A,q_일식_01,일식,음식점 중 '일식'을 판매·제공하는 매장,test,일식,T1 정확표기,00fcc68d-3086-4b45-b998-f3763e8dbf7d,꼬치마요 산본역점(9호점),일식,산본로데오거리(구 산본중심상가),자율상권구역,경기도,,,
99293ad1f39304788651,full_annotation_v1,A,q_일식_01,일식,음식점 중 '일식'을 판매·제공하는 매장,test,일식,T1 정확표기,05ff08c8-398a-4ab0-a0a7-362379bb5abf,미소야,일식,나주혁신도시 상가번영회,자율상권구역,전라남도,,,
c61da2ef3ef105631095,full_annotation_v1,A,q_일식_01,일식,음식점 중 '일식'을 판매·제공하는 매장,test,일식,T1 정확표기,afa448a3-277d-4e5c-95a2-970848ff1320,춘천,일식,후평3동 행복마을 골목형상점가,골목형상점가,강원특별자치도,,,
f72e78274fbd91a74713,full_annotation_v1,A,q_일식_01,일식,음식점 중 '일식'을 판매·제공하는 매장,test,일식,T1 정확표기,13526ebb-8acb-4d76-b817-3722833844b5,대구푸드,"한식(피자,치킨)",구암시장,전통시장,대구광역시,,,
3fd5bf78784f4dd2291e,full_annotation_v1,A,q_일식_01,일식,음식점 중 '일식'을 판매·제공하는 매장,test,일식,T1 정확표기,20426a06-35e3-4192-9736-92b133c5d1b8,위무,일식,사리골상점가,자율상권구역,경기도,,,
e8a9737fc60a3ca6a258,full_annotation_v1,A,q_일식_01,일식,음식점 중 '일식'을 판매·제공하는 매장,test,일식,T1 정확표기,b08deef3-ed26-44a7-91e9-81e72e78f27a,카츠,일식,팔등로기부거리,골목형상점가,울산광역시,,,
f9d61a2ac12ebb40972d,full_annotation_v1,A,q_일식_01,일식,음식점 중 '일식'을 판매·제공하는 매장,test,일식,T1 정확표기,16437b29-303c-4174-93fb-4f1f0fd53a68,안다미로,일식,민락2지구골목형상점가,골목형상점가,경기도,,,
bd6467d146d15cdf8333,full_annotation_v1,A,q_일식_01,일식,음식점 중 '일식'을 판매·제공하는 매장,test,일식,T1 정확표기,8fee5871-019c-4a66-a4ac-c8d03238eaa3,바쇼,일식,동명동 카페거리 골목형상점가,골목형상점가,광주광역시,,,
118f8eee73431b7cf19a,full_annotation_v1,A,q_일식_01,일식,음식점 중 '일식'을 판매·제공하는 매장,test,일식,T1 정확표기,a93e1b32-f24e-4595-b39b-114dd7a89819,백소정,일식,단국대 앞 골목형상점가,골목형상점가,경기도,,,
5dc2355ce2e97606ae6e,full_annotation_v1,A,q_일식_01,일식,음식점 중 '일식'을 판매·제공하는 매장,test,일식,T1 정확표기,756cebb3-4b70-4b09-beba-1224477ec087,다인,일식,이충 중심상가,골목형상점가,경기도,,,
8b7f6c7cfc160052b1a1,full_annotation_v1,A,q_일식_01,일식,음식점 중 '일식'을 판매·제공하는 매장,test,일식,T1 정확표기,aa9dba5c-dd21-4911-a98a-73bce6efd461,스시이안앤광주하남점,일식,한마음,골목형상점가,광주광역시,,,
1101d4211de01c55c85b,full_annotation_v1,A,q_일식_01,일식,음식점 중 '일식'을 판매·제공하는 매장,test,일식,T1 정확표기,7a13fa39-ec2a-4a7c-aa23-fc198d2263f5,황금어장,일식,답십리시장,전통시장,서울특별시,,,
549522f035dd65050af0,full_annotation_v1,A,q_일식_01,일식,음식점 중 '일식'을 판매·제공하는 매장,test,일식,T1 정확표기,4587242d-412f-4b95-90ac-d1a33d07edb2,귄식당,일식,방배역먹자골목 골목형상점가,골목형상점가,서울특별시,,,
e1922b280de029b36557,full_annotation_v1,A,q_일식_01,일식,음식점 중 '일식'을 판매·제공하는 매장,test,일식,T1 정확표기,d6abef51-ae1d-43bc-8661-c2f7bfe865c2,찐수산,일식,행운담길골목형상점가,골목형상점가,서울특별시,,,
e72ca1726d1e9b28b84c,full_annotation_v1,A,q_일식_01,일식,음식점 중 '일식'을 판매·제공하는 매장,test,일식,T1 정확표기,1099991c-2447-4de4-a887-850d21eacd38,마끼,일식,연서시장,전통시장,서울특별시,,,
0e9bee8341e67db78f72,full_annotation_v1,A,q_일식_01,일식,음식점 중 '일식'을 판매·제공하는 매장,test,일식,T1 정확표기,edd13318-7272-46e6-8c51-e7bb3c577762,하루,일식,종암북바위길골목형상점가,골목형상점가,서울특별시,,,
607598dc1022fe6fdae9,full_annotation_v1,A,q_일식_01,일식,음식점 중 '일식'을 판매·제공하는 매장,test,일식,T1 정확표기,978cac1a-61ae-40c8-b905-b4189cf2e2a0,고흥수산,일식,가락몰골목형상점가,골목형상점가,서울특별시,,,
02467637a5675a21bad7,full_annotation_v1,A,q_일식_01,일식,음식점 중 '일식'을 판매·제공하는 매장,test,일식,T1 정확표기,bff1715e-a400-4ba4-9df0-c236d2ba9abe,카즈호,일식,마치광장골목형상점가,골목형상점가,대전광역시,,,
452754b01003b6d1c5c3,full_annotation_v1,A,q_일식_01,일식,음식점 중 '일식'을 판매·제공하는 매장,test,일식,T1 정확표기,0dd05bf6-1bf0-41b4-bb9d-3a896a9d85c4,소소,일식,양산동 골목형상점가,골목형상점가,광주광역시,,,
e94ce79e9f16d58d08e2,full_annotation_v1,A,q_일식_01,일식,음식점 중 '일식'을 판매·제공하는 매장,test,일식,T1 정확표기,eb448502-b4ef-481a-9c2f-f4c3a6480926,금강수산,일식,신대방1동온누리길골목형상점가,골목형상점가,서울특별시,,,
0ea1ddd3c387a3c15016,full_annotation_v1,A,q_일식_02,돈까스,음식점 중 '일식'을 판매·제공하는 매장,test,일식,T2 동의어,3d112162-8f60-45cd-bb37-f681739430a2,상남수제돈까스,돈까스,창원 상남시장,전통시장,경상남도,,,
25897a2191b56e05f305,full_annotation_v1,A,q_일식_02,돈까스,음식점 중 '일식'을 판매·제공하는 매장,test,일식,T2 동의어,5366d880-05b2-43fc-9d5e-c7efb52f3135,태산축산,,화삼골상인회 골목형상점가,골목형상점가,,,,
83243453d357ffc59096,full_annotation_v1,A,q_일식_02,돈까스,음식점 중 '일식'을 판매·제공하는 매장,test,일식,T2 동의어,ca91e2c1-6d72-453f-8f01-5ceba3b0115a,안경돈까스,돈까스,공주산성시장,전통시장,충청남도,,,
308d1b0060ff7c1c48d7,full_annotation_v1,A,q_일식_02,돈까스,음식점 중 '일식'을 판매·제공하는 매장,test,일식,T2 동의어,919b147a-bc44-43df-8bb7-c718189415bf,장돈까스,돈까스,낙낙별길골목형상점가,골목형상점가,서울특별시,,,
386066aedfcef9c4287b,full_annotation_v1,A,q_일식_02,돈까스,음식점 중 '일식'을 판매·제공하는 매장,test,일식,T2 동의어,e08ec5de-c3fe-48a8-8f89-365c50b9d784,서석들보리밥,보리밥,본촌 하서로 골목형상점가,골목형상점가,광주광역시,,,
56b28fecbe16abe5c24c,full_annotation_v1,A,q_일식_02,돈까스,음식점 중 '일식'을 판매·제공하는 매장,test,일식,T2 동의어,36112c9e-63ff-4580-902a-6ea070370eba,사오정,돈까스,원주자유시장,전통시장,강원특별자치도,,,
8a34a3591604b80f0aaf,full_annotation_v1,A,q_일식_02,돈까스,음식점 중 '일식'을 판매·제공하는 매장,test,일식,T2 동의어,09974357-baf6-431b-8acb-aff12cbc5102,혜자돈가츠,돈까스,명촌효성해링턴상가 골목형상점가,골목형상점가,울산광역시,,,
f15a0f4046bf15d8e0ea,full_annotation_v1,A,q_일식_02,돈까스,음식점 중 '일식'을 판매·제공하는 매장,test,일식,T2 동의어,96283e89-9b46-4095-95f9-8938abebea72,긴자료코삼송점,돈까스,권율 골목형상점가,골목형상점가,경기도,,,
7b5725b6e2c6fa1752f5,full_annotation_v1,A,q_일식_02,돈까스,음식점 중 '일식'을 판매·제공하는 매장,test,일식,T2 동의어,56eb3b37-8346-4cd2-b93e-e7724f6151e0,호야,돈까스,양지중앙 골목형상점가,골목형상점가,경기도,,,
9e5f3c4197abb35f5686,full_annotation_v1,A,q_일식_02,돈까스,음식점 중 '일식'을 판매·제공하는 매장,test,일식,T2 동의어,70e1f7d2-5cde-4fed-84b2-07ee7677f267,흑수돈,돈까스,산본전통시장(구 군포산본시장),전통시장,경기도,,,
7ccec2d57e981d9e87f1,full_annotation_v1,A,q_일식_02,돈까스,음식점 중 '일식'을 판매·제공하는 매장,test,일식,T2 동의어,feb74da7-483a-4654-b85f-35828f4a068e,용돈까스,돈까스,현풍백년도깨비시장,전통시장,대구광역시,,,
02a6412d94de64aa1a34,full_annotation_v1,A,q_일식_02,돈까스,음식점 중 '일식'을 판매·제공하는 매장,test,일식,T2 동의어,01afaafa-2a46-4977-8015-55762957ee7a,다래초밥,초밥,동문동 골목형상점가,골목형상점가,충청남도,,,
e69a0cff18890c979148,full_annotation_v1,A,q_일식_02,돈까스,음식점 중 '일식'을 판매·제공하는 매장,test,일식,T2 동의어,ee751214-4261-4387-a5bf-955bdba58240,광장 돈까스,돈까스,백운광장 골목형상점가,골목형상점가,광주광역시,,,
6d85a1f880927f8cdd1a,full_annotation_v1,A,q_일식_02,돈까스,음식점 중 '일식'을 판매·제공하는 매장,test,일식,T2 동의어,d3334523-ac03-4fe8-b0a7-544e9ed41748,피앙세,,부산진시장,전통시장,부산광역시,,,
7ea60b6af8515757bda3,full_annotation_v1,A,q_일식_02,돈까스,음식점 중 '일식'을 판매·제공하는 매장,test,일식,T2 동의어,b7923d1a-ef31-456e-8036-53d89efe23ca,혜성상회,신발,부산평화시장,전통시장,부산광역시,,,
53f9a1ecc7d231d7394a,full_annotation_v1,A,q_일식_02,돈까스,음식점 중 '일식'을 판매·제공하는 매장,test,일식,T2 동의어,217afd8e-35e9-4db8-a90d-1edd566aa5a5,윤돈,돈까스,익산중앙시장,전통시장,전북특별자치도,,,
7c884ebee950c85008e9,full_annotation_v1,A,q_일식_02,돈까스,음식점 중 '일식'을 판매·제공하는 매장,test,일식,T2 동의어,6259fb5c-391e-44a5-8676-76e28bafa5a4,카츠당,돈까스,원주중앙로문화의거리,자율상권구역,강원특별자치도,,,
f172248d8914ea3aeb2f,full_annotation_v1,A,q_일식_02,돈까스,음식점 중 '일식'을 판매·제공하는 매장,test,일식,T2 동의어,445c157c-fa33-492e-9dad-43b744e3476e,대박돈까스,돈까스,말바우시장,전통시장,광주광역시,,,
de8548f0984ee0995134,full_annotation_v1,A,q_일식_02,돈까스,음식점 중 '일식'을 판매·제공하는 매장,test,일식,T2 동의어,ea6ad509-ab64-4b43-bf40-7023103d3b3e,경우 돈까스,,수영팔도시장(구 수영팔도상가시장),전통시장,부산광역시,,,
8a9931b4378b91aa6925,full_annotation_v1,A,q_일식_02,돈까스,음식점 중 '일식'을 판매·제공하는 매장,test,일식,T2 동의어,fdbce485-4092-4cb0-8674-c6c5bfe561e6,정성카츠,돈까스,자마장시장골목형상점가,골목형상점가,서울특별시,,,
130343e2802c9f725a1f,full_annotation_v1,A,q_일식_02,돈까스,음식점 중 '일식'을 판매·제공하는 매장,test,일식,T2 동의어,0225925b-3945-46cd-b995-b946a617ccfc,초밥일번지,일식,안동음식의거리 골목형상점가,골목형상점가,경상북도,,,
322df00393f49eca68a8,full_annotation_v1,A,q_일식_02,돈까스,음식점 중 '일식'을 판매·제공하는 매장,test,일식,T2 동의어,f745c172-a7bf-47e6-b7bb-2d89a74717cc,이층집,돈까스,성서계대로데오거리 골목형상점가,골목형상점가,대구광역시,,,
f23fc5896f043490ff98,full_annotation_v1,A,q_일식_02,돈까스,음식점 중 '일식'을 판매·제공하는 매장,test,일식,T2 동의어,b5e343ec-300e-4841-81d4-2544ea14394f,삼익패션안경,안경,삼익패션타운,전통시장,서울특별시,,,
1d19ee5dc031ff4c5a35,full_annotation_v1,A,q_일식_02,돈까스,음식점 중 '일식'을 판매·제공하는 매장,test,일식,T2 동의어,0004ebd2-4e64-4552-95e5-a3b62efea718,적정온도 숙성회&초밥,회초밥,장안마실골목형상점가,골목형상점가,서울특별시,,,
18c6f9c0a2d08b347580,full_annotation_v1,A,q_일식_02,돈까스,음식점 중 '일식'을 판매·제공하는 매장,test,일식,T2 동의어,b870c444-6c6c-4a5a-8435-a559c06e9e3b,갑부수제돈까스,돈까스,전주신중앙시장(구 중앙버드나무시장),전통시장,전북특별자치도,,,
c71a6f7e4862a167839f,full_annotation_v1,A,q_일식_02,돈까스,음식점 중 '일식'을 판매·제공하는 매장,test,일식,T2 동의어,3085f20b-1592-44b1-96e5-b4619181ea66,영배의식탁,돈까스,천상천 골목형상점가,골목형상점가,울산광역시,,,
e9e95ef54b30bd928a4b,full_annotation_v1,A,q_일식_02,돈까스,음식점 중 '일식'을 판매·제공하는 매장,test,일식,T2 동의어,e0c378b7-bd35-4642-8ea1-266be6a86e1b,메로메로 돈까스 전문점,돈까스,효자시장,전통시장,경상북도,,,
ae6ec8f5f313cf9a9c6e,full_annotation_v1,A,q_일식_02,돈까스,음식점 중 '일식'을 판매·제공하는 매장,test,일식,T2 동의어,3e1325dd-976f-4554-8cff-a9ea1e8b7e5c,돈까스짱,돈까스,보정중심 골목형상점가,골목형상점가,경기도,,,
9376735844a6c0d606af,full_annotation_v1,A,q_일식_02,돈까스,음식점 중 '일식'을 판매·제공하는 매장,test,일식,T2 동의어,026b148f-ce2a-4e35-8dbb-0aaca2c31325,은화수식당,돈까스 카레 우동 기타등등,군산디오션시티 골목형상점가,골목형상점가,전북특별자치도,,,
6e5d350b5a821580e8ad,full_annotation_v1,A,q_일식_02,돈까스,음식점 중 '일식'을 판매·제공하는 매장,test,일식,T2 동의어,77d51f1c-c8d4-4bd4-9883-f8c24a361c33,돈까스천국,돈까스,서남신시장,전통시장,대구광역시,,,
90e3a468657fe4f1d2cb,full_annotation_v1,A,q_일식_02,돈까스,음식점 중 '일식'을 판매·제공하는 매장,test,일식,T2 동의어,b4cc79a5-05ff-45d8-87c3-ed1500e571c5,이찌로돈가스,돈까스,수성하이츠쇼핑몰,전통시장,대구광역시,,,
f95cd36da575d0f041ab,full_annotation_v1,A,q_일식_02,돈까스,음식점 중 '일식'을 판매·제공하는 매장,test,일식,T2 동의어,47988843-7f3b-46f8-b68f-aefc6bc1ecdb,돈까스만드는남자,돈까스,광복마을푸른길 골목형상점가,골목형상점가,광주광역시,,,
a97b228d1c28f3325f6f,full_annotation_v1,A,q_일식_02,돈까스,음식점 중 '일식'을 판매·제공하는 매장,test,일식,T2 동의어,afb78af4-6b4d-4b1f-b4da-edbaa12fe45d,만복돈까스,돈까스,원주자유시장,전통시장,강원특별자치도,,,
7c9ef405aa506032d334,full_annotation_v1,A,q_일식_02,돈까스,음식점 중 '일식'을 판매·제공하는 매장,test,일식,T2 동의어,5b1df002-d759-4e0e-8276-16c04313bba3,백수정수제돈까스,돈까스,망미중앙시장,전통시장,부산광역시,,,
0ef39f3ffeba782a4c2f,full_annotation_v1,A,q_일식_02,돈까스,음식점 중 '일식'을 판매·제공하는 매장,test,일식,T2 동의어,0da7cb58-1ceb-4bc7-89dc-8705f16edb4e,아무리찾아도찾기힘든집,돈까스,원주자유시장,전통시장,강원특별자치도,,,
0c1250701b468193fba3,full_annotation_v1,A,q_일식_02,돈까스,음식점 중 '일식'을 판매·제공하는 매장,test,일식,T2 동의어,00dfe7e1-6daa-4586-9146-ec927a443d02,오늘애초밥,,포항죽도농산물시장,전통시장,경상북도,,,
648172e5702576258365,full_annotation_v1,A,q_일식_02,돈까스,음식점 중 '일식'을 판매·제공하는 매장,test,일식,T2 동의어,01cecd17-bce9-4355-af06-2ca2cee82862,돈까스에빠지다 범어점,돈까스,범어식주가무명인골목 골목형상점가,골목형상점가,대구광역시,,,
a8a54a4ba44c599c451e,full_annotation_v1,A,q_일식_02,돈까스,음식점 중 '일식'을 판매·제공하는 매장,test,일식,T2 동의어,4e155107-4826-458a-88b1-52cfc57abf0a,오단지콩나물전문국밥,음식,성정시장(구 성정5단지시장),전통시장,충청남도,,,
cb3ab0175cafe8fd9790,full_annotation_v1,A,q_일식_02,돈까스,음식점 중 '일식'을 판매·제공하는 매장,test,일식,T2 동의어,a1d6f0d6-fec9-48fd-b025-da8c7fd5fd80,배터지는생돈까스,돈까스,효실천거리 골목형상점가,골목형상점가,인천광역시,,,
0497d9c5773175baa06c,full_annotation_v1,A,q_일식_02,돈까스,음식점 중 '일식'을 판매·제공하는 매장,test,일식,T2 동의어,4f3cb4d3-443a-4301-bb2b-8055ed939955,필링,돈까스,매곡 가인 골목형상점가,골목형상점가,광주광역시,,,
ac1e37352fa4a257700c,full_annotation_v1,A,q_일식_02,돈까스,음식점 중 '일식'을 판매·제공하는 매장,test,일식,T2 동의어,ffcd31fa-5142-43b4-b015-90b8bc3bc765,김자순수제돈까스,돈까스,새마을시장,전통시장,서울특별시,,,
61416144c115e9a64ffa,full_annotation_v1,A,q_일식_02,돈까스,음식점 중 '일식'을 판매·제공하는 매장,test,일식,T2 동의어,82f8a7ca-c34d-4276-8404-c4a962a99308,제이카츠,돈까스,신용동 대성빌딩 골목형상점가,골목형상점가,광주광역시,,,
f2023820ad24fce6f41c,full_annotation_v1,A,q_일식_02,돈까스,음식점 중 '일식'을 판매·제공하는 매장,test,일식,T2 동의어,b8f2f65b-5e8b-4216-b032-03cd94397e70,소담돈까스,돈까스,전곡중앙상가 골목형상점가,골목형상점가,경기도,,,
74b753ca9a1f5eb46353,full_annotation_v1,A,q_일식_02,돈까스,음식점 중 '일식'을 판매·제공하는 매장,test,일식,T2 동의어,022aa88a-4fef-445a-baba-83a8de201d44,돈까스,한식,우림맛솜씨길골목형상점가,골목형상점가,서울특별시,,,
62a8f24d1e5defd695be,full_annotation_v1,A,q_일식_02,돈까스,음식점 중 '일식'을 판매·제공하는 매장,test,일식,T2 동의어,f9c41058-775a-4c63-9d10-0a791c7449c5,혜화동돈까스극장,돈까스,화정소담상인회 골목형상점가,골목형상점가,광주광역시,,,
13c8a394cb659fa07134,full_annotation_v1,A,q_일식_02,돈까스,음식점 중 '일식'을 판매·제공하는 매장,test,일식,T2 동의어,176c903a-2523-48fe-86d5-25285c35b8e9,경희경양식,돈까스,회기랑길골목형상점가,골목형상점가,서울특별시,,,
233ed78269d3966e11b0,full_annotation_v1,A,q_일식_02,돈까스,음식점 중 '일식'을 판매·제공하는 매장,test,일식,T2 동의어,059d92ad-3eb4-46e8-99b2-aca520968491,돈까스 브라더스,"돈까스, 파스타",금호행복시장(금호시장),전통시장,경기도,,,
a459edd94fb07420dff1,full_annotation_v1,A,q_일식_02,돈까스,음식점 중 '일식'을 판매·제공하는 매장,test,일식,T2 동의어,087d5a4c-e66a-44cd-92bf-f0c9dd1c07e3,삿뽀로돈까스,돈까스,송강동 골목형상점가,골목형상점가,대전광역시,,,
3065e0e36e66302da58c,full_annotation_v1,A,q_일식_02,돈까스,음식점 중 '일식'을 판매·제공하는 매장,test,일식,T2 동의어,ddd6777f-b7a4-4854-a940-2560d89bd4a5,행복한식탁,돈까스,노암길골목형상점가,골목형상점가,강원특별자치도,,,
cd81015225c7cb244fb8,full_annotation_v1,A,q_일식_02,돈까스,음식점 중 '일식'을 판매·제공하는 매장,test,일식,T2 동의어,105caee8-054c-4590-b852-4e2826a0c3a4,돈까스,음식(돈까스),구로시장,전통시장,서울특별시,,,
970288829df973950e7d,full_annotation_v1,A,q_일식_02,돈까스,음식점 중 '일식'을 판매·제공하는 매장,test,일식,T2 동의어,798dd181-79ee-44e5-b5cc-3789a4c8f6db,동명카츠,돈까스,"일곡동(제4지역:쌍용,호반,청솔2,호반일신,청솔1)",골목형상점가,광주광역시,,,
d0d06bceb5205445d941,full_annotation_v1,A,q_일식_02,돈까스,음식점 중 '일식'을 판매·제공하는 매장,test,일식,T2 동의어,005eb589-94b0-4a7e-b4e4-ef8cf64b0762,스시쿄다이,일식,동홍8번가 골목형상점가,골목형상점가,제주특별자치도,,,
0dc48e843d16007935dc,full_annotation_v1,A,q_일식_02,돈까스,음식점 중 '일식'을 판매·제공하는 매장,test,일식,T2 동의어,55df2868-59ed-4245-a236-8f3d3c7399de,행돈,돈까스,서문공설시장,전통시장,제주특별자치도,,,
40ad4ba6876b9534dcee,full_annotation_v1,A,q_일식_02,돈까스,음식점 중 '일식'을 판매·제공하는 매장,test,일식,T2 동의어,01f14598-4405-408e-9fac-71db17ed6f05,동경스시,,풍무동1 골목형상점가,골목형상점가,경기도,,,
cadd2508bf19cde89a82,full_annotation_v1,A,q_일식_02,돈까스,음식점 중 '일식'을 판매·제공하는 매장,test,일식,T2 동의어,ef9d297b-3674-4a64-9ba6-a98efeb46899,필링돈까스,돈까스,정부청사 골목형상점가,골목형상점가,광주광역시,,,
6b82070ce637f1a900be,full_annotation_v1,A,q_일식_02,돈까스,음식점 중 '일식'을 판매·제공하는 매장,test,일식,T2 동의어,5992ddcf-0ecb-4e71-9297-03ac4164ffa4,퍼펙트짐 천리점,체력단련헬스트레이닝,이동 골목형상점가,골목형상점가,경기도,,,
5c8afc55680b01680f65,full_annotation_v1,A,q_일식_02,돈까스,음식점 중 '일식'을 판매·제공하는 매장,test,일식,T2 동의어,3862937b-b0d3-48a2-a32a-947772fcea3e,브라운돈까스,돈까스,소담마실길 골목형상점가,골목형상점가,세종특별자치시,,,
ea56199ba6df89346232,full_annotation_v1,A,q_일식_02,돈까스,음식점 중 '일식'을 판매·제공하는 매장,test,일식,T2 동의어,23138dc4-fb7a-4233-987d-979a4f054844,더바삭돈까스,돈까스,지족반석 골목형상점가,골목형상점가,대전광역시,,,
0965e3d43dd4b27d4fe3,full_annotation_v1,A,q_일식_02,돈까스,음식점 중 '일식'을 판매·제공하는 매장,test,일식,T2 동의어,68778bd6-216f-4b4d-b71f-f55e99367d2b,청호돈까스,돈까스,호계공설시장,전통시장,울산광역시,,,
a1442afcaaeb5b67c42a,full_annotation_v1,A,q_일식_02,돈까스,음식점 중 '일식'을 판매·제공하는 매장,test,일식,T2 동의어,08a128f8-431a-4e10-a145-55f172c3dd25,충장옥 구시청본점,국밥,아시아음식문화거리 골목형상점가,골목형상점가,광주광역시,,,
89144e7969beccbd47b3,full_annotation_v1,A,q_일식_02,돈까스,음식점 중 '일식'을 판매·제공하는 매장,test,일식,T2 동의어,01f2d713-86d5-414a-b9b9-1fdde102f589,미스타교자(상봉점),일식,상봉먹자골목형상점가,골목형상점가,서울특별시,,,
29075ecacaf24d995cd9,full_annotation_v1,A,q_일식_02,돈까스,음식점 중 '일식'을 판매·제공하는 매장,test,일식,T2 동의어,12410d6f-fc90-41c8-b0fe-427e73473c32,푸짐돈까스,돈까스,금당산길상인회 골목형상점가,골목형상점가,광주광역시,,,
4e97e49a74f4f4587457,full_annotation_v1,A,q_일식_02,돈까스,음식점 중 '일식'을 판매·제공하는 매장,test,일식,T2 동의어,b1373e67-723f-4079-8b03-830e64443e37,원픽 돈까스,돈까스,하복대시장(구 하복대종합시장),전통시장,충청북도,,,
235135c585d80591781b,full_annotation_v1,A,q_일식_02,돈까스,음식점 중 '일식'을 판매·제공하는 매장,test,일식,T2 동의어,b79ef038-b3ef-437d-a1d7-3af25593064d,왕돈까스,돈까스,보라매다올길골목형상점가,골목형상점가,서울특별시,,,
859c967e479a6a3dd88c,full_annotation_v1,A,q_일식_02,돈까스,음식점 중 '일식'을 판매·제공하는 매장,test,일식,T2 동의어,f30ba04c-2f89-4988-a9ad-1e279fc3496e,앤티베이크,,화정금화로상인회 골목형상점가,골목형상점가,,,,
8ca0960eef4bf1d562b5,full_annotation_v1,A,q_일식_02,돈까스,음식점 중 '일식'을 판매·제공하는 매장,test,일식,T2 동의어,00f1a1de-5180-4857-ac9d-3d104fc8a1e0,진스시,,신구로현대어반벨리 골목형상점가,골목형상점가,서울특별시,,,
84a2ac1996a59f99697c,full_annotation_v1,A,q_일식_02,돈까스,음식점 중 '일식'을 판매·제공하는 매장,test,일식,T2 동의어,3a7ec82c-a648-44e1-865c-aedab180585c,차차돈까스,돈까스,태화십리대밭먹거리단지 상점가,자율상권구역,울산광역시,,,
8cd00e9efd55028a8d0b,full_annotation_v1,A,q_일식_02,돈까스,음식점 중 '일식'을 판매·제공하는 매장,test,일식,T2 동의어,fd124d67-c83c-4982-94da-9d9532506106,오늘도돈까스,돈까스,화서1동 소상공인 골목형상점가,골목형상점가,경기도,,,
7b0df9a5a6a3567d9b02,full_annotation_v1,A,q_일식_02,돈까스,음식점 중 '일식'을 판매·제공하는 매장,test,일식,T2 동의어,0547b6e2-3d1e-4a4a-97c6-9b1c1344bf88,김희철 스시,,솔매사랑길 골목형상점가,골목형상점가,서울특별시,,,
6745bdb403111f359895,full_annotation_v1,A,q_일식_02,돈까스,음식점 중 '일식'을 판매·제공하는 매장,test,일식,T2 동의어,468bcac3-6c75-4575-83c8-30cb9b2f78c5,슬돈,돈까스,고성동벚꽃 골목형상점가,골목형상점가,대구광역시,,,
184fb9fdc5190182794f,full_annotation_v1,A,q_일식_02,돈까스,음식점 중 '일식'을 판매·제공하는 매장,test,일식,T2 동의어,33062b8a-eaf5-4600-b5da-256d02309853,돈페,양식 돈까스,수완장덕 골목형상점가,골목형상점가,광주광역시,,,
1673d84d3998feadb276,full_annotation_v1,A,q_일식_02,돈까스,음식점 중 '일식'을 판매·제공하는 매장,test,일식,T2 동의어,315bbfe2-1c10-4ae5-81fe-94e3b89e1d57,용까쓰,돈까스,도화동상점가,자율상권구역,서울특별시,,,
8df14bf889d610169bad,full_annotation_v1,A,q_일식_02,돈까스,음식점 중 '일식'을 판매·제공하는 매장,test,일식,T2 동의어,200161de-f137-442e-a7a1-82a1c55ed976,고래고로케,,용호시장,전통시장,부산광역시,,,
f6da931175d21dd57557,full_annotation_v1,A,q_일식_02,돈까스,음식점 중 '일식'을 판매·제공하는 매장,test,일식,T2 동의어,01710a82-bb0d-4cbc-8491-708f78ce99fe,스시니쿠 후평점,,인공폭포상가,자율상권구역,강원특별자치도,,,
3e45a4fcc83692f13088,full_annotation_v1,A,q_일식_02,돈까스,음식점 중 '일식'을 판매·제공하는 매장,test,일식,T2 동의어,42db434b-9bc1-4c68-b760-8548a32a3da2,징터돈까스,돈까스,사당4골목형상점가,골목형상점가,서울특별시,,,
a32c6dd30c78d12c63f1,full_annotation_v1,A,q_일식_02,돈까스,음식점 중 '일식'을 판매·제공하는 매장,test,일식,T2 동의어,6786ef16-22eb-46f7-93ac-b50c9de62f50,망치 돈까스,,남악천변 골목형상점가,골목형상점가,,,,
668e3eeda5ccf4fbb87d,full_annotation_v1,A,q_일식_02,돈까스,음식점 중 '일식'을 판매·제공하는 매장,test,일식,T2 동의어,62c26e13-925d-4bd2-9563-3c0362069e44,약돌돈까스,돈까스,가은아자개시장,전통시장,경상북도,,,
d27c37f7c746e50ccc9a,full_annotation_v1,A,q_일식_02,돈까스,음식점 중 '일식'을 판매·제공하는 매장,test,일식,T2 동의어,00e80339-1353-4885-81d7-0746a437abb2,포식 용인한숲시티점,쌀국수 돈까스 함박스테이크,남사한숲 골목형상점가,골목형상점가,경기도,,,
42ab506fc3b83518a110,full_annotation_v1,A,q_일식_02,돈까스,음식점 중 '일식'을 판매·제공하는 매장,test,일식,T2 동의어,1be2f742-0996-4607-9f03-886299f087d8,생생돈까스,돈까스,신용동 육교 앞 골목형상점가,골목형상점가,광주광역시,,,
53259d1ba720a22769b4,full_annotation_v1,A,q_일식_02,돈까스,음식점 중 '일식'을 판매·제공하는 매장,test,일식,T2 동의어,7d33877a-6ad4-4031-bcd2-1a3f2e1060ac,굴뚝,돈까스,원주자유시장,전통시장,강원특별자치도,,,
37356ef58e3820c86049,full_annotation_v1,A,q_일식_02,돈까스,음식점 중 '일식'을 판매·제공하는 매장,test,일식,T2 동의어,2bc6f27e-987d-474f-8591-51ee9b6627e9,목동돈가스,돈까스,가좌시장,전통시장,인천광역시,,,
eeee105b86aa3bc16f3a,full_annotation_v1,A,q_일식_02,돈까스,음식점 중 '일식'을 판매·제공하는 매장,test,일식,T2 동의어,04c1454c-94f9-4a74-a347-11bfad75cb82,스시대관령,일식스시,내곡동골목형상점가,골목형상점가,강원특별자치도,,,
9b4fd5f1ebfee8f4d5ee,full_annotation_v1,A,q_일식_02,돈까스,음식점 중 '일식'을 판매·제공하는 매장,test,일식,T2 동의어,02e18ef3-4b66-4159-96bf-759bfb98320f,카츠옹,돈까스,자양번영로골목형상점가,골목형상점가,서울특별시,,,
84fa2f49099e074d113c,full_annotation_v1,A,q_일식_02,돈까스,음식점 중 '일식'을 판매·제공하는 매장,test,일식,T2 동의어,2818030f-5603-4e54-970b-5bc7909edf58,서부돈까스,돈까스,명덕마을 골목형상점가,골목형상점가,울산광역시,,,
44a70e3a31252105178b,full_annotation_v1,A,q_일식_02,돈까스,음식점 중 '일식'을 판매·제공하는 매장,test,일식,T2 동의어,5cb12b9d-3ae9-4ed4-85b5-2900ceaa9ffe,만춘,돈까스,과천스마트케이 골목형상점가,골목형상점가,경기도,,,
d779cbd2233f0dadbe62,full_annotation_v1,A,q_일식_02,돈까스,음식점 중 '일식'을 판매·제공하는 매장,test,일식,T2 동의어,12dd3d64-4462-41d0-a14b-c6e44c008fd5,국민수제돈까스,돈까스,무등시장,전통시장,광주광역시,,,
01aa47b7f463a05771a9,full_annotation_v1,A,q_일식_02,돈까스,음식점 중 '일식'을 판매·제공하는 매장,test,일식,T2 동의어,aea42991-af62-4af7-a808-878eb75c7c12,수제왕돈까스,돈까스,조방자성로 골목형 상점가,골목형상점가,부산광역시,,,
4a792ecc23365a7db7ac,full_annotation_v1,A,q_일식_02,돈까스,음식점 중 '일식'을 판매·제공하는 매장,test,일식,T2 동의어,00fcc68d-3086-4b45-b998-f3763e8dbf7d,꼬치마요 산본역점(9호점),일식,산본로데오거리(구 산본중심상가),자율상권구역,경기도,,,
7a1cd27cace7a942f6f0,full_annotation_v1,A,q_일식_02,돈까스,음식점 중 '일식'을 판매·제공하는 매장,test,일식,T2 동의어,e97d56e2-8cd4-4297-a056-87b58809d763,59쌀피자경서점,피자,경서골목형상점가,골목형상점가,인천광역시,,,
2c3407cd13fe8dfb262c,full_annotation_v1,A,q_일식_02,돈까스,음식점 중 '일식'을 판매·제공하는 매장,test,일식,T2 동의어,025255cd-6e4e-4d26-b2b7-bd18e2858548,정성카츠 화정점,일식,화정로상가상인회 골목형상점가,골목형상점가,광주광역시,,,
7e29b98e4c6b85a606d6,full_annotation_v1,A,q_일식_02,돈까스,음식점 중 '일식'을 판매·제공하는 매장,test,일식,T2 동의어,9623b677-615f-45ab-b7ec-0aeb820b9528,셰프의 돈까스,돈까스,초록거리 골목형상점가,골목형상점가,경기도,,,
401fd92ea101d25d9aba,full_annotation_v1,A,q_일식_02,돈까스,음식점 중 '일식'을 판매·제공하는 매장,test,일식,T2 동의어,424d0da5-903d-4d90-abaf-785aed7c1f46,타로,돈까스,상동역 골목형상점가,골목형상점가,경기도,,,
63853a2f7db274af4636,full_annotation_v1,A,q_일식_02,돈까스,음식점 중 '일식'을 판매·제공하는 매장,test,일식,T2 동의어,f25b8b3f-ec27-4af9-ad26-31acc2284ea4,타이어EDGE,타이어,본촌용두 골목형상점가,골목형상점가,광주광역시,,,
d0fe79f058396994d68d,full_annotation_v1,A,q_일식_02,돈까스,음식점 중 '일식'을 판매·제공하는 매장,test,일식,T2 동의어,2ffb9d2e-51f1-412e-9ec0-a11ac9eb30bd,국수나무,돈까스,신창 골목형상점가,골목형상점가,광주광역시,,,
fdf0c071826c6f920f3e,full_annotation_v1,A,q_일식_02,돈까스,음식점 중 '일식'을 판매·제공하는 매장,test,일식,T2 동의어,2c3369b2-0039-424d-ae93-8752e851eca9,원픽돈까스,돈까스,송강동 골목형상점가,골목형상점가,대전광역시,,,
305b05565f7bfe7ebadf,full_annotation_v1,A,q_일식_02,돈까스,음식점 중 '일식'을 판매·제공하는 매장,test,일식,T2 동의어,48f4c907-26df-4d7f-8e61-80fe9bde5bbf,파주운정돈까스라이팅,돈까스,운정역 중심상가 골목형상점가,골목형상점가,경기도,,,
805715dbeb2d8ee99a44,full_annotation_v1,A,q_일식_02,돈까스,음식점 중 '일식'을 판매·제공하는 매장,test,일식,T2 동의어,0f953050-b771-42b9-affd-c516a7d775f2,지디프린트,책자 및 리플렛등 인쇄,광주인쇄거리 골목형상점가,골목형상점가,광주광역시,,,
b2141b8e1e9382a2c295,full_annotation_v1,A,q_일식_02,돈까스,음식점 중 '일식'을 판매·제공하는 매장,test,일식,T2 동의어,ee7bdc6d-5603-4af7-aadf-ff0299985902,세꼬마 돈까스,"돈까스, 우동, 아이스크림",영덕시장,전통시장,경상북도,,,
35d9d7ac1de4bfb683c5,full_annotation_v1,A,q_일식_02,돈까스,음식점 중 '일식'을 판매·제공하는 매장,test,일식,T2 동의어,98a0ce23-cadb-4816-bd2f-4fe15e2ea46f,피터팬 돈까스 &스파게티,돈까스,뚝도시장,전통시장,서울특별시,,,
2c878df1a810acb057a6,full_annotation_v1,A,q_일식_02,돈까스,음식점 중 '일식'을 판매·제공하는 매장,test,일식,T2 동의어,00ba389b-e522-4da5-ac26-2ffaf33359ec,스시노유키,초밥,산본로데오거리(구 산본중심상가),자율상권구역,경기도,,,
873f6ca719a709684d97,full_annotation_v1,A,q_일식_02,돈까스,음식점 중 '일식'을 판매·제공하는 매장,test,일식,T2 동의어,f2013bc4-89ef-4bb0-8f98-3455a6393571,석진봉까스,돈까스,신흥로데오거리상점가,골목형상점가,경기도,,,
d975bf9b773a94f5f345,full_annotation_v1,A,q_일식_02,돈까스,음식점 중 '일식'을 판매·제공하는 매장,test,일식,T2 동의어,384fd4a8-fc97-40b7-a258-65b99c1f8a66,하루미수제돈까스,돈까스,부천한신시장,전통시장,경기도,,,
23a631bd44da6ecb777a,full_annotation_v1,A,q_일식_02,돈까스,음식점 중 '일식'을 판매·제공하는 매장,test,일식,T2 동의어,8982a8d2-fffb-4de8-8d8b-9c223611bd0f,돈까스마을,돈까스,원주자유시장,전통시장,강원특별자치도,,,
bd4b4f1c2113aeaac700,full_annotation_v1,A,q_일식_02,돈까스,음식점 중 '일식'을 판매·제공하는 매장,test,일식,T2 동의어,1c775185-07ed-484c-bd5d-c28e11e298a9,강동과일야채,소매(야채),명일전통시장,전통시장,서울특별시,,,
f63b4c9ba176b14947db,full_annotation_v1,A,q_일식_02,돈까스,음식점 중 '일식'을 판매·제공하는 매장,test,일식,T2 동의어,9bd99d8a-103c-44bb-9fb8-998df4e14e77,돈까스뷔페,돈까스,일곡동 골목형상점가,골목형상점가,광주광역시,,,
559dde503c9ee99bcc8c,full_annotation_v1,A,q_일식_02,돈까스,음식점 중 '일식'을 판매·제공하는 매장,test,일식,T2 동의어,e8817ece-8deb-4e19-9ff7-b0c2f1274f2b,오로라양식,돈까스,호남동불로동천변 골목형상점가,골목형상점가,광주광역시,,,
a3c0e17f4bd9650fa1c6,full_annotation_v1,A,q_일식_02,돈까스,음식점 중 '일식'을 판매·제공하는 매장,test,일식,T2 동의어,00eefa39-8925-4ff1-8fb6-e3aa2c2b7937,아비꼬 용인보정점,일식 음식점,BOCA 보카상점가,골목형상점가,경기도,,,
6cd90427c65320a5ae83,full_annotation_v1,A,q_일식_02,돈까스,음식점 중 '일식'을 판매·제공하는 매장,test,일식,T2 동의어,788a2b5e-abc1-4253-b68a-5d5d0cb9996c,돈짱돈까스짱,돈까스,정자시장,전통시장,경기도,,,
099f7981c85662416783,full_annotation_v1,A,q_일식_02,돈까스,음식점 중 '일식'을 판매·제공하는 매장,test,일식,T2 동의어,cee8e03d-b584-492f-84eb-252dbc7b25c8,크린토피아 지엔느점,세탁,서현센트럴상점,골목형상점가,경기도,,,
340dffb4b476f5edc2a3,full_annotation_v1,A,q_일식_02,돈까스,음식점 중 '일식'을 판매·제공하는 매장,test,일식,T2 동의어,15043e8b-d1e1-4e80-8902-fc7f21f28f0c,돈까스담다,돈까스,BOCA 보카상점가,골목형상점가,경기도,,,
af2e2c8a086c4aaaea69,full_annotation_v1,A,q_일식_02,돈까스,음식점 중 '일식'을 판매·제공하는 매장,test,일식,T2 동의어,818f30b1-bc79-45b5-8a1b-07e75d22b5f8,주천돈까스,돈까스,주천골목형상점가,골목형상점가,강원특별자치도,,,
2020f9a93fb7ce02d9eb,full_annotation_v1,A,q_일식_02,돈까스,음식점 중 '일식'을 판매·제공하는 매장,test,일식,T2 동의어,36dec3a1-77a8-4c83-bbb7-7280cce562c2,참새방앗간,한식,안양중앙인정시장,전통시장,경기도,,,
f5084f29ec742d81b434,full_annotation_v1,A,q_일식_02,돈까스,음식점 중 '일식'을 판매·제공하는 매장,test,일식,T2 동의어,c2299385-c010-4569-8c43-ea57d4bb45b2,해오름돈까스,돈까스,장대 골목형상점가,골목형상점가,대전광역시,,,
6f9140eefb4f85427c71,full_annotation_v1,A,q_일식_02,돈까스,음식점 중 '일식'을 판매·제공하는 매장,test,일식,T2 동의어,03e60ecc-402f-49e8-b1ac-cbd4f330144d,온정돈까스 천안불당점,돈까스,시청앞 골목형상점가,골목형상점가,충청남도,,,
4e31f683f21c5b662865,full_annotation_v1,A,q_일식_02,돈까스,음식점 중 '일식'을 판매·제공하는 매장,test,일식,T2 동의어,d5988815-8ae0-471a-aa31-b2c1cf481eeb,신돈키호테,돈까스,배방상점가,자율상권구역,충청남도,,,
27b16026bd055b95f4d4,full_annotation_v1,A,q_일식_02,돈까스,음식점 중 '일식'을 판매·제공하는 매장,test,일식,T2 동의어,3bcf3ada-ff10-4cce-b0db-8ea2684f8c14,오로라양식,돈까스,시청역상가번영회 골목형상점가,골목형상점가,광주광역시,,,
eda1f62f79453ce87cca,full_annotation_v1,A,q_일식_02,돈까스,음식점 중 '일식'을 판매·제공하는 매장,test,일식,T2 동의어,a20d8d28-6b7d-4316-9a44-fac065f5911b,스타동,돈까스,회기랑길골목형상점가,골목형상점가,서울특별시,,,
896d97db0262a1453e4f,full_annotation_v1,A,q_일식_02,돈까스,음식점 중 '일식'을 판매·제공하는 매장,test,일식,T2 동의어,d47bfdbb-35dc-4a50-a293-6ff3d8ee93e2,일단지 시장 돈까스,돈까스,후평일단지시장,전통시장,강원특별자치도,,,
d2b1b195a53f5799f69a,full_annotation_v1,A,q_일식_02,돈까스,음식점 중 '일식'을 판매·제공하는 매장,test,일식,T2 동의어,c4800548-2d62-4545-b588-c50b3497e9b0,바로돈까스,돈까스,의정부시장,전통시장,경기도,,,
f29953c9753afba959e2,full_annotation_v1,A,q_일식_02,돈까스,음식점 중 '일식'을 판매·제공하는 매장,test,일식,T2 동의어,1c59b3d2-5e4e-4b04-862e-ece897e00ed3,망치,돈까스,원신흥 골목형상점가,골목형상점가,대전광역시,,,
d0341865e0c46efaf8d4,full_annotation_v1,A,q_일식_02,돈까스,음식점 중 '일식'을 판매·제공하는 매장,test,일식,T2 동의어,e8e403b9-140d-43e9-8d57-54b72aa169dc,에바돈가츠,돈까스,전하이편한세상2단지 골목형상점가,골목형상점가,울산광역시,,,
d4b2551de7f02f80f67d,full_annotation_v1,A,q_일식_02,돈까스,음식점 중 '일식'을 판매·제공하는 매장,test,일식,T2 동의어,adc68879-94ce-46fe-be5a-a88bb9144440,미미당,돈까스,충장로123가 상점가,자율상권구역,광주광역시,,,
4c52be1bc33533c9e15b,full_annotation_v1,A,q_일식_02,돈까스,음식점 중 '일식'을 판매·제공하는 매장,test,일식,T2 동의어,3ccb643d-ce5d-493b-9172-1750a0882dcf,배터지는생돈까스,돈까스,서영대 먹자 골목형상점가,골목형상점가,광주광역시,,,
e238e2fd3eefc32a0c0e,full_annotation_v1,A,q_일식_02,돈까스,음식점 중 '일식'을 판매·제공하는 매장,test,일식,T2 동의어,b300c1eb-0962-4154-b6ec-001f25b2d44a,배터지는생동까스,돈까스,영선신시장,전통시장,대구광역시,,,
e185b70d420f23043826,full_annotation_v1,A,q_일식_02,돈까스,음식점 중 '일식'을 판매·제공하는 매장,test,일식,T2 동의어,2aa275de-9340-4e3e-aa03-da6018e17de6,돈까스날다,돈까스,공주산성 활성화구역,전통시장,충청남도,,,
43f4d17484ad1669feb0,full_annotation_v1,A,q_일식_02,돈까스,음식점 중 '일식'을 판매·제공하는 매장,test,일식,T2 동의어,68f1948a-c4f7-469a-90ff-1cf9752b9c95,감동까스,돈까스,작전시장,전통시장,인천광역시,,,
abdf95f08efcbe911f3c,full_annotation_v1,A,q_일식_02,돈까스,음식점 중 '일식'을 판매·제공하는 매장,test,일식,T2 동의어,58f902b8-1d2a-46dc-b74b-ac2805d129f2,맹호수제돈까스세종나성점,돈까스,더센트럴 골목형상점가,골목형상점가,세종특별자치시,,,
0d92aa6a908563dd3ad8,full_annotation_v1,A,q_일식_02,돈까스,음식점 중 '일식'을 판매·제공하는 매장,test,일식,T2 동의어,013d58c8-33f8-4dbe-95de-801d22ea9505,민영활어공장 부천자유시장점,"회, 초밥",부천자유시장,전통시장,경기도,,,
d532c540041e37809515,full_annotation_v1,A,q_일식_02,돈까스,음식점 중 '일식'을 판매·제공하는 매장,test,일식,T2 동의어,76333b8d-3987-4d39-adde-f69dc0647936,목동돈까스,돈까스,개봉중앙시장,전통시장,서울특별시,,,
efd4d3032f2630d1bc3d,full_annotation_v1,A,q_일식_02,돈까스,음식점 중 '일식'을 판매·제공하는 매장,test,일식,T2 동의어,978f31d8-0482-4233-9d2d-83dc8fc7abec,돈까스짱,돈까스,풍암우미상인회 골목형상점가,골목형상점가,광주광역시,,,
a46aba16f825fdd8d955,full_annotation_v1,A,q_일식_02,돈까스,음식점 중 '일식'을 판매·제공하는 매장,test,일식,T2 동의어,8b06f1bd-5cc0-4a7d-9af3-11e5e794bd57,미소돈까스,돈까스,용호시장,전통시장,부산광역시,,,
07fe6779242912d2b897,full_annotation_v1,A,q_일식_02,돈까스,음식점 중 '일식'을 판매·제공하는 매장,test,일식,T2 동의어,c7e23c64-16e4-440a-9286-a88253b601ea,네모돼지돈까스,돈까스,문화의거리 상점가,자율상권구역,울산광역시,,,
daf2fbba3d115a2f0872,full_annotation_v1,A,q_일식_03,스시,음식점 중 '일식'을 판매·제공하는 매장,test,일식,T2 동의어,2647c2d4-9227-4c03-9395-bb2c0dbe772e,그러므로,의류,동산상가,전통시장,대구광역시,,,
f1897fff8598d6907a2a,full_annotation_v1,A,q_일식_03,스시,음식점 중 '일식'을 판매·제공하는 매장,test,일식,T2 동의어,1126cb6f-3ba3-447a-880b-43e40799d815,홍스시,스시,운암이 골목형상점가,골목형상점가,광주광역시,,,
da1a850d1dfc5aea8dd1,full_annotation_v1,A,q_일식_03,스시,음식점 중 '일식'을 판매·제공하는 매장,test,일식,T2 동의어,11045d21-53c0-4ae6-b1f7-9f9c9a8b5577,스시대가,스시,해들마을 골목형상점가,골목형상점가,세종특별자치시,,,
633184183d7e1b8a92f9,full_annotation_v1,A,q_일식_03,스시,음식점 중 '일식'을 판매·제공하는 매장,test,일식,T2 동의어,491ac0d5-d60c-4ed7-af06-84017e5cfca6,히메스시,한식,봉선로19번길 골목형상점가,골목형상점가,광주광역시,,,
521e2e9877fe21e72800,full_annotation_v1,A,q_일식_03,스시,음식점 중 '일식'을 판매·제공하는 매장,test,일식,T2 동의어,34414e75-33c7-4a9f-a6fc-39017374803c,이가스시,,오류버들시장골목형상점가,골목형상점가,서울특별시,,,
c36a21d3ae7b4caba02b,full_annotation_v1,A,q_일식_03,스시,음식점 중 '일식'을 판매·제공하는 매장,test,일식,T2 동의어,026b148f-ce2a-4e35-8dbb-0aaca2c31325,은화수식당,돈까스 카레 우동 기타등등,군산디오션시티 골목형상점가,골목형상점가,전북특별자치도,,,
a2f2dbbc323854da18cd,full_annotation_v1,A,q_일식_03,스시,음식점 중 '일식'을 판매·제공하는 매장,test,일식,T2 동의어,00e80339-1353-4885-81d7-0746a437abb2,포식 용인한숲시티점,쌀국수 돈까스 함박스테이크,남사한숲 골목형상점가,골목형상점가,경기도,,,
08bdb51e11038f45765e,full_annotation_v1,A,q_일식_03,스시,음식점 중 '일식'을 판매·제공하는 매장,test,일식,T2 동의어,502abb5a-b2c7-429f-8e99-10a7b47e304e,스시하나,스시,루원음식문화거리,골목형상점가,인천광역시,,,
4022ff7b554e14ffba67,full_annotation_v1,A,q_일식_03,스시,음식점 중 '일식'을 판매·제공하는 매장,test,일식,T2 동의어,2d7a508b-8571-4075-8b09-4358a76d1ee2,우마이스시,음식(스시),산본로데오거리(구 산본중심상가),자율상권구역,경기도,,,
bea0849d58b51a1d162f,full_annotation_v1,A,q_일식_03,스시,음식점 중 '일식'을 판매·제공하는 매장,test,일식,T2 동의어,c8758801-7b48-4c6e-83df-0c74ea4ef7fe,아라스시,스시,천안중앙시장,전통시장,충청남도,,,
1d8129ed71cbef9b56e1,full_annotation_v1,A,q_일식_03,스시,음식점 중 '일식'을 판매·제공하는 매장,test,일식,T2 동의어,5fba9d55-38ba-45b8-901d-d7873f5e9bd6,더(the)스시,일식,양원숲길 골목형상점가,골목형상점가,서울특별시,,,
2f2218ed0560305c77ef,full_annotation_v1,A,q_일식_03,스시,음식점 중 '일식'을 판매·제공하는 매장,test,일식,T2 동의어,a7940619-5ac9-40f7-ad14-6d9d42f17e9c,교꾸스시,음식점,용강동상점가,자율상권구역,서울특별시,,,
c6786b4224efc703093f,full_annotation_v1,A,q_일식_03,스시,음식점 중 '일식'을 판매·제공하는 매장,test,일식,T2 동의어,378911bf-e38a-43c2-8f33-30acf26271e7,프라임다이어트댄스,댄스,창원 가음정시장,전통시장,경상남도,,,
f12cc0f45bea8e5dde25,full_annotation_v1,A,q_일식_03,스시,음식점 중 '일식'을 판매·제공하는 매장,test,일식,T2 동의어,01cecd17-bce9-4355-af06-2ca2cee82862,돈까스에빠지다 범어점,돈까스,범어식주가무명인골목 골목형상점가,골목형상점가,대구광역시,,,
ec1a382aba472472e525,full_annotation_v1,A,q_일식_03,스시,음식점 중 '일식'을 판매·제공하는 매장,test,일식,T2 동의어,ccff5fa3-2aa8-4c5f-a45f-d2cbadf83029,뽕뜨락피자청주내수점&스시마당,피자 스시,내수전통시장,전통시장,충청북도,,,
0d435831b88824bed100,full_annotation_v1,A,q_일식_03,스시,음식점 중 '일식'을 판매·제공하는 매장,test,일식,T2 동의어,79ab04b0-e3dc-48ee-8015-6b0c898a1cbc,연빈스시,일식,황계 골목형상점가,골목형상점가,광주광역시,,,
47fee03f1710026030ef,full_annotation_v1,A,q_일식_03,스시,음식점 중 '일식'을 판매·제공하는 매장,test,일식,T2 동의어,00ba389b-e522-4da5-ac26-2ffaf33359ec,스시노유키,초밥,산본로데오거리(구 산본중심상가),자율상권구역,경기도,,,
1340eb135ec9577c428b,full_annotation_v1,A,q_일식_03,스시,음식점 중 '일식'을 판매·제공하는 매장,test,일식,T2 동의어,d9106b85-5759-446d-a475-5b643d3462f4,"스시, 윤슬",,반도 골목형상점가,골목형상점가,충청남도,,,
9290fe9892d48b4e04a5,full_annotation_v1,A,q_일식_03,스시,음식점 중 '일식'을 판매·제공하는 매장,test,일식,T2 동의어,c4e41ecb-64ca-44f1-8734-b9ed7b2987f5,스시생,일식 스시,유천택지올림픽길골목형상점가,골목형상점가,강원특별자치도,,,
438079052fb8d610aecc,full_annotation_v1,A,q_일식_03,스시,음식점 중 '일식'을 판매·제공하는 매장,test,일식,T2 동의어,e472012d-7383-49de-aa19-f486c78596d8,스시니쿠,"스시, 사시미, 한우물회",춘천명동상점가,자율상권구역,강원특별자치도,,,
9663c09ba4253c4aed83,full_annotation_v1,A,q_일식_03,스시,음식점 중 '일식'을 판매·제공하는 매장,test,일식,T2 동의어,8017af78-870f-451e-a92a-7dae0583037b,스엔스시,스시,청학동골목형상점가,골목형상점가,인천광역시,,,
32a19c9b8c79655c8db2,full_annotation_v1,A,q_일식_03,스시,음식점 중 '일식'을 판매·제공하는 매장,test,일식,T2 동의어,01f14598-4405-408e-9fac-71db17ed6f05,동경스시,,풍무동1 골목형상점가,골목형상점가,경기도,,,
c8a4ac586909fbff12fa,full_annotation_v1,A,q_일식_03,스시,음식점 중 '일식'을 판매·제공하는 매장,test,일식,T2 동의어,7c889235-bb78-43e3-9ddf-4f59f35e1339,태스시,일식,봉리단길골목형상점가,골목형상점가,서울특별시,,,
5f963dd83ee9ec3c56e5,full_annotation_v1,A,q_일식_03,스시,음식점 중 '일식'을 판매·제공하는 매장,test,일식,T2 동의어,ddc2d338-4f9d-4c4b-a6a5-d57ef706019e,호랑축산,정육,우리시장,자율상권구역,서울특별시,,,
8d531ece2f974ee7e3a4,full_annotation_v1,A,q_일식_03,스시,음식점 중 '일식'을 판매·제공하는 매장,test,일식,T2 동의어,82268ea0-7f77-4714-8467-2a1bcb050c85,스시앤회산,스시 회,암사종합시장,전통시장,서울특별시,,,
b46a5ad298ec4519dbe0,full_annotation_v1,A,q_일식_03,스시,음식점 중 '일식'을 판매·제공하는 매장,test,일식,T2 동의어,08a29dde-472b-4edb-84c0-bfa735c08b63,아오키리(AOKIRI),"스시, 사시미",BOCA 보카상점가,골목형상점가,경기도,,,
f6e5a96aa29eaa445a56,full_annotation_v1,A,q_일식_03,스시,음식점 중 '일식'을 판매·제공하는 매장,test,일식,T2 동의어,3e7ca476-1eda-4313-8a87-61f08e5b8a41,복만활어& 스시,,안양중앙시장,전통시장,경기도,,,
eb0847bf7024d864ba2e,full_annotation_v1,A,q_일식_03,스시,음식점 중 '일식'을 판매·제공하는 매장,test,일식,T2 동의어,a39fdf4e-2169-4244-98d5-bdda978a30fa,스시 오우시,일본 음식,남사한숲 골목형상점가,골목형상점가,경기도,,,
7e4ff8451e27368ea9c9,full_annotation_v1,A,q_일식_03,스시,음식점 중 '일식'을 판매·제공하는 매장,test,일식,T2 동의어,02e18ef3-4b66-4159-96bf-759bfb98320f,카츠옹,돈까스,자양번영로골목형상점가,골목형상점가,서울특별시,,,
f6bf36b85000fab32f6a,full_annotation_v1,A,q_일식_03,스시,음식점 중 '일식'을 판매·제공하는 매장,test,일식,T2 동의어,b612d909-cd50-4c2c-82d6-b95d5a413e8c,스시율,,개항희망문화상권 상권활성화구역,상권활성화구역,인천광역시,,,
8b9f6478f3571d67a6b0,full_annotation_v1,A,q_일식_03,스시,음식점 중 '일식'을 판매·제공하는 매장,test,일식,T2 동의어,559876b3-691a-4a99-80ee-42260c46662a,마왕,스시,문화의거리 상점가,자율상권구역,울산광역시,,,
abaf2f16641f01953beb,full_annotation_v1,A,q_일식_03,스시,음식점 중 '일식'을 판매·제공하는 매장,test,일식,T2 동의어,47234aa5-3b7c-4192-a5ce-6b50ec70271e,한마음식당,음식점업,아랫장,전통시장,전라남도,,,
1783daee6ae1d89d0246,full_annotation_v1,A,q_일식_03,스시,음식점 중 '일식'을 판매·제공하는 매장,test,일식,T2 동의어,26c842f5-f1be-4f82-b94d-57a3d975a627,스바루,"일식, 스시, 우동",수영팔도시장(구 수영팔도상가시장),전통시장,부산광역시,,,
f0903b3b768c5c0a8da3,full_annotation_v1,A,q_일식_03,스시,음식점 중 '일식'을 판매·제공하는 매장,test,일식,T2 동의어,00dfe7e1-6daa-4586-9146-ec927a443d02,오늘애초밥,,포항죽도농산물시장,전통시장,경상북도,,,
7a0df5a7ee8c3354ef98,full_annotation_v1,A,q_일식_03,스시,음식점 중 '일식'을 판매·제공하는 매장,test,일식,T2 동의어,c22eb54e-5209-44f8-a99f-63483434e1c6,스시고,스시,성남먹자골목,골목형상점가,울산광역시,,,
f5ca4885a1e509defe57,full_annotation_v1,A,q_일식_03,스시,음식점 중 '일식'을 판매·제공하는 매장,test,일식,T2 동의어,89837f90-bc1f-4fa5-be97-fed8ffbb13e1,스시1290,"스시, 초밥",아주대 대학로 골목형상점가,골목형상점가,경기도,,,
ea16fdec9c85533fd50e,full_annotation_v1,A,q_일식_03,스시,음식점 중 '일식'을 판매·제공하는 매장,test,일식,T2 동의어,013d58c8-33f8-4dbe-95de-801d22ea9505,민영활어공장 부천자유시장점,"회, 초밥",부천자유시장,전통시장,경기도,,,
758750c0bb56876a9fb7,full_annotation_v1,A,q_일식_03,스시,음식점 중 '일식'을 판매·제공하는 매장,test,일식,T2 동의어,138a933a-5aad-4e33-baae-e4e82b4b908b,희망맛김치분식,분식,운암시장,전통시장,광주광역시,,,
f2934d2d2f8011110438,full_annotation_v1,A,q_일식_03,스시,음식점 중 '일식'을 판매·제공하는 매장,test,일식,T2 동의어,c84a495f-9865-45ad-addf-e8361181d7df,훈이수산,수산물,진주 논개시장,전통시장,경상남도,,,
fcfcb800d0447eeaa76b,full_annotation_v1,A,q_일식_03,스시,음식점 중 '일식'을 판매·제공하는 매장,test,일식,T2 동의어,196ae8ec-45dc-4d5f-90a6-855a4d3ce5e5,어진 스시,,한뜰누리 골목형상점가,골목형상점가,세종특별자치시,,,
52b740c94ad6216b230f,full_annotation_v1,A,q_일식_03,스시,음식점 중 '일식'을 판매·제공하는 매장,test,일식,T2 동의어,7b831ae6-5e54-4bc0-b2d3-532f56bfba69,명스시,,여의동2가 골목형상점가,골목형상점가,전북특별자치도,,,
fcceb2f864386fbc0e5e,full_annotation_v1,A,q_일식_03,스시,음식점 중 '일식'을 판매·제공하는 매장,test,일식,T2 동의어,b7afd971-c277-4b86-bfad-c2d2c6dc4541,스시봉,,동북로산격 골목형상점가,골목형상점가,대구광역시,,,
a2f8944c62765402bfbc,full_annotation_v1,A,q_일식_03,스시,음식점 중 '일식'을 판매·제공하는 매장,test,일식,T2 동의어,03e60ecc-402f-49e8-b1ac-cbd4f330144d,온정돈까스 천안불당점,돈까스,시청앞 골목형상점가,골목형상점가,충청남도,,,
948d89a3cb27d9f94a21,full_annotation_v1,A,q_일식_03,스시,음식점 중 '일식'을 판매·제공하는 매장,test,일식,T2 동의어,ceef74ac-aa7c-4640-9055-8b9e6a4f2e87,호주에서 온 스시 목포포미점,,용해동 포미타운 골목형상점가,골목형상점가,전라남도,,,
8e149c5766a205a576be,full_annotation_v1,A,q_일식_03,스시,음식점 중 '일식'을 판매·제공하는 매장,test,일식,T2 동의어,2bcc8007-eaee-4e66-81d9-8af4ff6f0ca5,본스시,스시 사시미,다산역 로데오 상점가,자율상권구역,경기도,,,
50b6e1645dcb96208970,full_annotation_v1,A,q_일식_03,스시,음식점 중 '일식'을 판매·제공하는 매장,test,일식,T2 동의어,691c22bf-ad0e-4096-8951-507b2da4f844,황실패션,옷,전주중앙상가시장,전통시장,전북특별자치도,,,
25bdf8675c1555ddd063,full_annotation_v1,A,q_일식_03,스시,음식점 중 '일식'을 판매·제공하는 매장,test,일식,T2 동의어,e0933696-6882-4242-87ce-7997862c09f5,호주에서온스시,스시,임방울대로 골목형상점가,골목형상점가,광주광역시,,,
a17c9acf4578ff6de2d8,full_annotation_v1,A,q_일식_03,스시,음식점 중 '일식'을 판매·제공하는 매장,test,일식,T2 동의어,01710a82-bb0d-4cbc-8491-708f78ce99fe,스시니쿠 후평점,,인공폭포상가,자율상권구역,강원특별자치도,,,
b1becb3cd7c9dbb967a0,full_annotation_v1,A,q_일식_03,스시,음식점 중 '일식'을 판매·제공하는 매장,test,일식,T2 동의어,f42a006f-b3e8-4b97-9d3d-295e1eccab27,청정회장어,음식점,통영 북신전통시장,전통시장,경상남도,,,
d075d2d8f4caadf940d9,full_annotation_v1,A,q_일식_03,스시,음식점 중 '일식'을 판매·제공하는 매장,test,일식,T2 동의어,5c1e1095-0f72-4b1e-a34d-a6ddbdb9d67d,포토이즘박스 마산산호점,,마산 산호동야구장상점가,자율상권구역,경상남도,,,
3b8c485078535b26fedd,full_annotation_v1,A,q_일식_03,스시,음식점 중 '일식'을 판매·제공하는 매장,test,일식,T2 동의어,0e63d07d-2513-4367-a797-3830842549fc,새마을상회,,거제 고현종합시장,전통시장,경상남도,,,
1fd88d734f304e27deb5,full_annotation_v1,A,q_일식_03,스시,음식점 중 '일식'을 판매·제공하는 매장,test,일식,T2 동의어,005eb589-94b0-4a7e-b4e4-ef8cf64b0762,스시쿄다이,일식,동홍8번가 골목형상점가,골목형상점가,제주특별자치도,,,
d5f8443531c3780582ef,full_annotation_v1,A,q_일식_03,스시,음식점 중 '일식'을 판매·제공하는 매장,test,일식,T2 동의어,baa18185-bb22-4391-893a-f328e384698a,미술관앞스시,스시,문화의거리 상점가,자율상권구역,울산광역시,,,
9676c5680b15433da165,full_annotation_v1,A,q_일식_03,스시,음식점 중 '일식'을 판매·제공하는 매장,test,일식,T2 동의어,4e7dc450-4b12-49df-87ba-a9e1ed4304f3,모아팻션,의류,남대문시장,전통시장,서울특별시,,,
e37f276cd773a65ef9d4,full_annotation_v1,A,q_일식_03,스시,음식점 중 '일식'을 판매·제공하는 매장,test,일식,T2 동의어,99b0d248-864e-477d-8c24-ea855626dce4,오데뜨(구에벤에셀),의류,영등포로타리지하도상점가,일반지하상점가,서울특별시,,,
b7e444de1f513555f4ec,full_annotation_v1,A,q_일식_03,스시,음식점 중 '일식'을 판매·제공하는 매장,test,일식,T2 동의어,025255cd-6e4e-4d26-b2b7-bd18e2858548,정성카츠 화정점,일식,화정로상가상인회 골목형상점가,골목형상점가,광주광역시,,,
b8d532d0a73c10f5f0c2,full_annotation_v1,A,q_일식_03,스시,음식점 중 '일식'을 판매·제공하는 매장,test,일식,T2 동의어,00fcc68d-3086-4b45-b998-f3763e8dbf7d,꼬치마요 산본역점(9호점),일식,산본로데오거리(구 산본중심상가),자율상권구역,경기도,,,
2c562240e98c32e7d3f0,full_annotation_v1,A,q_일식_03,스시,음식점 중 '일식'을 판매·제공하는 매장,test,일식,T2 동의어,a25b522a-58a4-41e3-96db-5666e39f4486,풍년야채,야채,수정로 상권활성화구역,상권활성화구역,경기도,,,
7a9a7982214dd7dbff8a,full_annotation_v1,A,q_일식_03,스시,음식점 중 '일식'을 판매·제공하는 매장,test,일식,T2 동의어,7dc3d327-df36-4d46-b686-6820161829ea,연스시,스시,강남개포시장(구 개포2동중심상점가),자율상권구역,서울특별시,,,
a64909c841c5166f522f,full_annotation_v1,A,q_일식_03,스시,음식점 중 '일식'을 판매·제공하는 매장,test,일식,T2 동의어,f82aa3a0-feb4-4ec6-8196-a69186d63cbd,스시 쇼우,초밥,도룡상인회 골목형상점가,골목형상점가,대전광역시,,,
87c095858d0d168f1dca,full_annotation_v1,A,q_일식_03,스시,음식점 중 '일식'을 판매·제공하는 매장,test,일식,T2 동의어,13742825-300e-4890-b1b2-06606ca266b8,스시 요헤이,일식,홍리단길 먹자 골목형상점가,골목형상점가,전북특별자치도,,,
df9d8af990592fdf0cef,full_annotation_v1,A,q_일식_03,스시,음식점 중 '일식'을 판매·제공하는 매장,test,일식,T2 동의어,275a4f8a-06b2-4e75-ace4-ed5b90492616,스시한끼,스시,성서계대로데오거리 골목형상점가,골목형상점가,대구광역시,,,
50ae938b10e8917ab697,full_annotation_v1,A,q_일식_03,스시,음식점 중 '일식'을 판매·제공하는 매장,test,일식,T2 동의어,8465ac54-fe72-4086-be81-6a6c6b2f6b80,혁이약초,건강식품,강화풍물시장,전통시장,인천광역시,,,
f16dd00e656f983eb4b3,full_annotation_v1,A,q_일식_03,스시,음식점 중 '일식'을 판매·제공하는 매장,test,일식,T2 동의어,00eefa39-8925-4ff1-8fb6-e3aa2c2b7937,아비꼬 용인보정점,일식 음식점,BOCA 보카상점가,골목형상점가,경기도,,,
04689f15572ee30839a1,full_annotation_v1,A,q_일식_03,스시,음식점 중 '일식'을 판매·제공하는 매장,test,일식,T2 동의어,c2d722f7-558a-418c-b65a-af7d8bb7c7d0,모노브라운(착한신발),신발,구서오시게시장,전통시장,부산광역시,,,
c275cd9891c00e9855d4,full_annotation_v1,A,q_일식_03,스시,음식점 중 '일식'을 판매·제공하는 매장,test,일식,T2 동의어,eb4d1bd6-9d20-454d-b4c6-bcc83668116f,스시초이스,스시,시청앞 골목형상점가,골목형상점가,충청남도,,,
902d1fae4c88bdca7db4,full_annotation_v1,A,q_일식_03,스시,음식점 중 '일식'을 판매·제공하는 매장,test,일식,T2 동의어,01afaafa-2a46-4977-8015-55762957ee7a,다래초밥,초밥,동문동 골목형상점가,골목형상점가,충청남도,,,
fa69e75aef34441fce5a,full_annotation_v1,A,q_일식_03,스시,음식점 중 '일식'을 판매·제공하는 매장,test,일식,T2 동의어,00f1a1de-5180-4857-ac9d-3d104fc8a1e0,진스시,,신구로현대어반벨리 골목형상점가,골목형상점가,서울특별시,,,
11f62d35e25df8843d22,full_annotation_v1,A,q_일식_03,스시,음식점 중 '일식'을 판매·제공하는 매장,test,일식,T2 동의어,01f2d713-86d5-414a-b9b9-1fdde102f589,미스타교자(상봉점),일식,상봉먹자골목형상점가,골목형상점가,서울특별시,,,
bbc77619a604492aad0b,full_annotation_v1,A,q_일식_03,스시,음식점 중 '일식'을 판매·제공하는 매장,test,일식,T2 동의어,04c1454c-94f9-4a74-a347-11bfad75cb82,스시대관령,일식스시,내곡동골목형상점가,골목형상점가,강원특별자치도,,,
3fdd634dad7e06c3a5c2,full_annotation_v1,A,q_일식_03,스시,음식점 중 '일식'을 판매·제공하는 매장,test,일식,T2 동의어,0eda1687-5964-42c8-a5a5-bc5c1ad46213,윤스시,스시,두암3동 먹자골목 골목형상점가,골목형상점가,광주광역시,,,
f88c53d9d48d26132a4d,full_annotation_v1,A,q_일식_03,스시,음식점 중 '일식'을 판매·제공하는 매장,test,일식,T2 동의어,0004ebd2-4e64-4552-95e5-a3b62efea718,적정온도 숙성회&초밥,회초밥,장안마실골목형상점가,골목형상점가,서울특별시,,,
cf01a560574159401b21,full_annotation_v1,A,q_일식_03,스시,음식점 중 '일식'을 판매·제공하는 매장,test,일식,T2 동의어,2c7ca811-7e4d-4764-a098-9e0ec4db36f6,토메이스시,스시,동명동 카페거리 골목형상점가,골목형상점가,광주광역시,,,
87248f2b87a4d1d57eda,full_annotation_v1,A,q_일식_03,스시,음식점 중 '일식'을 판매·제공하는 매장,test,일식,T2 동의어,a39754c3-822d-43a0-9d4d-a8d0f5672c83,호주에서 온 스시,,사천읍시장,전통시장,경상남도,,,
e863d471899d9796eb4e,full_annotation_v1,A,q_일식_03,스시,음식점 중 '일식'을 판매·제공하는 매장,test,일식,T2 동의어,573bf76b-3771-4beb-9b1f-2644c964c543,민 스시,일식,동오마을골목형상점가,골목형상점가,경기도,,,
9a11bc08f32beafc80d5,full_annotation_v1,A,q_일식_03,스시,음식점 중 '일식'을 판매·제공하는 매장,test,일식,T2 동의어,cc3029b2-8294-4af0-b850-526b1db008e4,(주)김태완스시방배본점,스시 사시미,방배역먹자골목 골목형상점가,골목형상점가,서울특별시,,,
bbf36555d50de1b195d0,full_annotation_v1,A,q_일식_03,스시,음식점 중 '일식'을 판매·제공하는 매장,test,일식,T2 동의어,6a9adba6-817d-4b1e-bf25-13fa307bb312,스시벤,롤 스시 사시미,괴정가장로 골목형상점가,골목형상점가,대전광역시,,,
008f87d7a25c78afef88,full_annotation_v1,A,q_일식_03,스시,음식점 중 '일식'을 판매·제공하는 매장,test,일식,T2 동의어,3a0b6888-54f7-4305-9ae7-fb93c08875c0,석스시,일식,산본로데오거리(구 산본중심상가),자율상권구역,경기도,,,
fc07c6d0a8133e5ddb6b,full_annotation_v1,A,q_일식_03,스시,음식점 중 '일식'을 판매·제공하는 매장,test,일식,T2 동의어,0547b6e2-3d1e-4a4a-97c6-9b1c1344bf88,김희철 스시,,솔매사랑길 골목형상점가,골목형상점가,서울특별시,,,
5e37de946964a79cf0e4,full_annotation_v1,A,q_일식_03,스시,음식점 중 '일식'을 판매·제공하는 매장,test,일식,T2 동의어,0225925b-3945-46cd-b995-b946a617ccfc,초밥일번지,일식,안동음식의거리 골목형상점가,골목형상점가,경상북도,,,
49eadaab082c8b984a21,full_annotation_v1,A,q_일식_03,스시,음식점 중 '일식'을 판매·제공하는 매장,test,일식,T2 동의어,11d0ff73-9769-4847-86f2-c48c4e743af7,리더패션 토탈패션,의류,역전지하상가,일반지하상점가,대전광역시,,,
7d8c973023ce7629c2ff,full_annotation_v1,A,q_일식_03,스시,음식점 중 '일식'을 판매·제공하는 매장,test,일식,T2 동의어,cc1cda0e-0a4e-41fa-9f05-5c6d798f8004,스시홍,스시,용해동 포미타운 골목형상점가,골목형상점가,전라남도,,,
fb770dc41be8732286e7,full_annotation_v1,A,q_일식_03,스시,음식점 중 '일식'을 판매·제공하는 매장,test,일식,T2 동의어,40a04ffb-ca1a-4437-bec1-90b77a0997b0,스시킹,,송탄관광특구 골목형상점가,골목형상점가,경기도,,,
f96a82e95fd2a415e5aa,full_annotation_v1,A,q_일식_04,일식집,음식점 중 '일식'을 판매·제공하는 매장,test,일식,T2 동의어,b543600b-aa14-45aa-8a93-261166a9f59c,가창방앗간,임가공제분,대구남문시장,전통시장,대구광역시,,,
00a1999672055a39aae2,full_annotation_v1,A,q_일식_04,일식집,음식점 중 '일식'을 판매·제공하는 매장,test,일식,T2 동의어,63fe5f1d-f6c6-49f8-82f9-f78f61dad67f,간식집,한식,공주산성시장,전통시장,충청남도,,,
386efad9b501a5e96d2d,full_annotation_v1,A,q_일식_04,일식집,음식점 중 '일식'을 판매·제공하는 매장,test,일식,T2 동의어,648b7250-16c7-4eec-b55d-99ccafe6efa1,서울수산,생선,반송큰시장,전통시장,부산광역시,,,
1afdab3be3990722841f,full_annotation_v1,A,q_일식_04,일식집,음식점 중 '일식'을 판매·제공하는 매장,test,일식,T2 동의어,01f2d713-86d5-414a-b9b9-1fdde102f589,미스타교자(상봉점),일식,상봉먹자골목형상점가,골목형상점가,서울특별시,,,
dea9909d9f868201bec4,full_annotation_v1,A,q_일식_04,일식집,음식점 중 '일식'을 판매·제공하는 매장,test,일식,T2 동의어,0474ee0c-1f03-47fa-af45-bb5411abb04a,무루,일식,봉명동우산거리 골목형상점가,골목형상점가,대전광역시,,,
601c8d527d235717f2d0,full_annotation_v1,A,q_일식_04,일식집,음식점 중 '일식'을 판매·제공하는 매장,test,일식,T2 동의어,01f14598-4405-408e-9fac-71db17ed6f05,동경스시,,풍무동1 골목형상점가,골목형상점가,경기도,,,
d0caa0474a5942102824,full_annotation_v1,A,q_일식_04,일식집,음식점 중 '일식'을 판매·제공하는 매장,test,일식,T2 동의어,0004ebd2-4e64-4552-95e5-a3b62efea718,적정온도 숙성회&초밥,회초밥,장안마실골목형상점가,골목형상점가,서울특별시,,,
dd48075ded9d85556fbb,full_annotation_v1,A,q_일식_04,일식집,음식점 중 '일식'을 판매·제공하는 매장,test,일식,T2 동의어,03e60ecc-402f-49e8-b1ac-cbd4f330144d,온정돈까스 천안불당점,돈까스,시청앞 골목형상점가,골목형상점가,충청남도,,,
ca37aa6da663065ef7eb,full_annotation_v1,A,q_일식_04,일식집,음식점 중 '일식'을 판매·제공하는 매장,test,일식,T2 동의어,58507418-7577-4895-b49e-3b4ab6ba501c,스시오,일식집,수원역로데오거리상점가(매산로테마거리),자율상권구역,경기도,,,
2762f96580d2e0b92119,full_annotation_v1,A,q_일식_04,일식집,음식점 중 '일식'을 판매·제공하는 매장,test,일식,T2 동의어,02e18ef3-4b66-4159-96bf-759bfb98320f,카츠옹,돈까스,자양번영로골목형상점가,골목형상점가,서울특별시,,,
75ab307c5a4fe4f2e992,full_annotation_v1,A,q_일식_04,일식집,음식점 중 '일식'을 판매·제공하는 매장,test,일식,T2 동의어,395e5db2-316c-480d-a127-7c9f2f4847b4,덥,일식,서구청먹자골목상인회 골목형상점가,골목형상점가,광주광역시,,,
421f09548b664879a53e,full_annotation_v1,A,q_일식_04,일식집,음식점 중 '일식'을 판매·제공하는 매장,test,일식,T2 동의어,00f1a1de-5180-4857-ac9d-3d104fc8a1e0,진스시,,신구로현대어반벨리 골목형상점가,골목형상점가,서울특별시,,,
854ea44c693112165c57,full_annotation_v1,A,q_일식_04,일식집,음식점 중 '일식'을 판매·제공하는 매장,test,일식,T2 동의어,9754b081-e597-44e9-aadb-2201723f5b00,샐러디 동덕여대점,샐러드,월곡달빛오거리골목형상점가,골목형상점가,서울특별시,,,
f1a8ffbe3425c498a8f5,full_annotation_v1,A,q_일식_04,일식집,음식점 중 '일식'을 판매·제공하는 매장,test,일식,T2 동의어,c1f85108-72b2-4121-8559-536b105cfa5c,호복,일식,상동역 골목형상점가,골목형상점가,경기도,,,
6a6f25048de21229b22e,full_annotation_v1,A,q_일식_04,일식집,음식점 중 '일식'을 판매·제공하는 매장,test,일식,T2 동의어,00fcc68d-3086-4b45-b998-f3763e8dbf7d,꼬치마요 산본역점(9호점),일식,산본로데오거리(구 산본중심상가),자율상권구역,경기도,,,
6b372b7d1c168925dcad,full_annotation_v1,A,q_일식_04,일식집,음식점 중 '일식'을 판매·제공하는 매장,test,일식,T2 동의어,d6ef36c3-e7b7-46cd-b2bf-d9043ba6cc8d,라멘집,일식,백석한들1번가 골목형상점가,골목형상점가,충청남도,,,
1e2ce2a0a55646ad9230,full_annotation_v1,A,q_일식_04,일식집,음식점 중 '일식'을 판매·제공하는 매장,test,일식,T2 동의어,530a9c60-4659-44b1-ba3e-afc0ce47c4c3,텐,일식,송탄관광특구 골목형상점가,골목형상점가,경기도,,,
40bddc00ea4a38a29233,full_annotation_v1,A,q_일식_04,일식집,음식점 중 '일식'을 판매·제공하는 매장,test,일식,T2 동의어,895fc404-b7dd-46b7-a484-575f68117f67,강태공횟집,일식,고성동벚꽃 골목형상점가,골목형상점가,대구광역시,,,
81cb353d899f738b10a8,full_annotation_v1,A,q_일식_04,일식집,음식점 중 '일식'을 판매·제공하는 매장,test,일식,T2 동의어,d0a3e8c9-abec-4077-bc28-35605cce5d3e,분식집,한식,방천시장,전통시장,대구광역시,,,
78a85d14b5cfaceef12a,full_annotation_v1,A,q_일식_04,일식집,음식점 중 '일식'을 판매·제공하는 매장,test,일식,T2 동의어,c16094eb-686f-4ffa-99a1-bbe4f7452631,슌우,일식,망리단길골목형상점가,골목형상점가,서울특별시,,,
791ad668a10526f35c39,full_annotation_v1,A,q_일식_04,일식집,음식점 중 '일식'을 판매·제공하는 매장,test,일식,T2 동의어,01afaafa-2a46-4977-8015-55762957ee7a,다래초밥,초밥,동문동 골목형상점가,골목형상점가,충청남도,,,
13ae5015e2dcbda5eaa0,full_annotation_v1,A,q_일식_04,일식집,음식점 중 '일식'을 판매·제공하는 매장,test,일식,T2 동의어,3c16bc62-ecce-4ea0-8f7c-f807433d83df,만개,일식,어은누리 골목형상점가,골목형상점가,대전광역시,,,
1085e7f0fb55e3ee158c,full_annotation_v1,A,q_일식_04,일식집,음식점 중 '일식'을 판매·제공하는 매장,test,일식,T2 동의어,04c1454c-94f9-4a74-a347-11bfad75cb82,스시대관령,일식스시,내곡동골목형상점가,골목형상점가,강원특별자치도,,,
33dc7016bc3ffd362663,full_annotation_v1,A,q_일식_04,일식집,음식점 중 '일식'을 판매·제공하는 매장,test,일식,T2 동의어,4587242d-412f-4b95-90ac-d1a33d07edb2,귄식당,일식,방배역먹자골목 골목형상점가,골목형상점가,서울특별시,,,
9b0adeb4d05fd3c0f88b,full_annotation_v1,A,q_일식_04,일식집,음식점 중 '일식'을 판매·제공하는 매장,test,일식,T2 동의어,44a477c7-b156-4a42-92fa-8f4597c50dcc,유야,일식,안동시옥동 골목형상점가,골목형상점가,경상북도,,,
d7e35926c500f2eef1f2,full_annotation_v1,A,q_일식_04,일식집,음식점 중 '일식'을 판매·제공하는 매장,test,일식,T2 동의어,ea84f42a-3254-485f-80a5-b90c849cacfd,만동,일식,법리단길 골목형상점가,골목형상점가,전북특별자치도,,,
92df0432b97ab9305fa9,full_annotation_v1,A,q_일식_04,일식집,음식점 중 '일식'을 판매·제공하는 매장,test,일식,T2 동의어,00dfe7e1-6daa-4586-9146-ec927a443d02,오늘애초밥,,포항죽도농산물시장,전통시장,경상북도,,,
e09f7844fa38d85d2a47,full_annotation_v1,A,q_일식_04,일식집,음식점 중 '일식'을 판매·제공하는 매장,test,일식,T2 동의어,20426a06-35e3-4192-9736-92b133c5d1b8,위무,일식,사리골상점가,자율상권구역,경기도,,,
a1da8364db4df5f0053a,full_annotation_v1,A,q_일식_04,일식집,음식점 중 '일식'을 판매·제공하는 매장,test,일식,T2 동의어,eecf2379-6c8b-4bbe-9612-ed5fe5c8d3f0,일식송수사,일식,산본로데오거리(구 산본중심상가),자율상권구역,경기도,,,
7daaf004ff3cda3a65ab,full_annotation_v1,A,q_일식_04,일식집,음식점 중 '일식'을 판매·제공하는 매장,test,일식,T2 동의어,7341f9fb-bb31-4677-b92a-6cb259d42750,윤돈,일식,뚝섬역상점가(서울숲상원길상점가),자율상권구역,서울특별시,,,
c28c537722967be53692,full_annotation_v1,A,q_일식_04,일식집,음식점 중 '일식'을 판매·제공하는 매장,test,일식,T2 동의어,005eb589-94b0-4a7e-b4e4-ef8cf64b0762,스시쿄다이,일식,동홍8번가 골목형상점가,골목형상점가,제주특별자치도,,,
12ba0b7710071e9147cc,full_annotation_v1,A,q_일식_04,일식집,음식점 중 '일식'을 판매·제공하는 매장,test,일식,T2 동의어,b049f94f-23fa-458b-8b8b-095d0cb6ed54,우츠,일식,맹동혁신골목형상점가,골목형상점가,충청북도,,,
974369f2ac09967b0191,full_annotation_v1,A,q_일식_04,일식집,음식점 중 '일식'을 판매·제공하는 매장,test,일식,T2 동의어,dddf07f0-7dd7-470f-a66d-ba92a2620b16,모츠모,일식,도담동 골목형상점가,골목형상점가,세종특별자치시,,,
f9afa869659e46b85bd6,full_annotation_v1,A,q_일식_04,일식집,음식점 중 '일식'을 판매·제공하는 매장,test,일식,T2 동의어,00ba389b-e522-4da5-ac26-2ffaf33359ec,스시노유키,초밥,산본로데오거리(구 산본중심상가),자율상권구역,경기도,,,
d037b8abbdc8924f193c,full_annotation_v1,A,q_일식_04,일식집,음식점 중 '일식'을 판매·제공하는 매장,test,일식,T2 동의어,93421838-6964-49c2-8723-8017fca415ab,맛있는 분식집,,구리전통시장,전통시장,경기도,,,
7634be2dad6634ff5896,full_annotation_v1,A,q_일식_04,일식집,음식점 중 '일식'을 판매·제공하는 매장,test,일식,T2 동의어,cad7399a-63c2-400a-8d57-bd28bfc874ae,한일수중펌프,"모터, 펌프",산업용재관,전통시장,대구광역시,,,
a99acd130402d967fdda,full_annotation_v1,A,q_일식_04,일식집,음식점 중 '일식'을 판매·제공하는 매장,test,일식,T2 동의어,284cf6de-7fa4-4a09-8d97-c853df20b73e,이태리,의류,화정한울타리상인회 골목형상점가,골목형상점가,광주광역시,,,
283f4edfc1e62d10c7a0,full_annotation_v1,A,q_일식_04,일식집,음식점 중 '일식'을 판매·제공하는 매장,test,일식,T2 동의어,1099991c-2447-4de4-a887-850d21eacd38,마끼,일식,연서시장,전통시장,서울특별시,,,
c595d6bdb65d9e01895f,full_annotation_v1,A,q_일식_04,일식집,음식점 중 '일식'을 판매·제공하는 매장,test,일식,T2 동의어,25987d30-f041-4e4b-8581-9cf64f614825,두자매,잡화,화산면 골목형상점가,골목형상점가,전라남도,,,
fce99a13f91dd33d40e0,full_annotation_v1,A,q_일식_04,일식집,음식점 중 '일식'을 판매·제공하는 매장,test,일식,T2 동의어,cf540dd2-8071-42ac-abd3-9b40691ad6a9,비사채헤어 수완점,헤어커트,수완중흥대방 골목형상점가,골목형상점가,광주광역시,,,
c20cc86f226417389f15,full_annotation_v1,A,q_일식_04,일식집,음식점 중 '일식'을 판매·제공하는 매장,test,일식,T2 동의어,a7668254-80a7-4e94-a98b-00eb57b83320,물음표분식집,분식,용현시장,전통시장,인천광역시,,,
f70cef05270fec4fefef,full_annotation_v1,A,q_일식_04,일식집,음식점 중 '일식'을 판매·제공하는 매장,test,일식,T2 동의어,cad314bc-33a9-424a-83f2-89ee68d2ea13,뎅뎅뎅,일식,궁동 골목형상점가,골목형상점가,대전광역시,,,
85b4a9d8fbd22ec6011c,full_annotation_v1,A,q_일식_04,일식집,음식점 중 '일식'을 판매·제공하는 매장,test,일식,T2 동의어,c1a9745c-156e-47ff-b4d8-af7d6bbf25e4,해왁,일식,사가정51길 골목형상점가,골목형상점가,서울특별시,,,
83c6795d4ba5dc196876,full_annotation_v1,A,q_일식_04,일식집,음식점 중 '일식'을 판매·제공하는 매장,test,일식,T2 동의어,bec31ffe-4432-48cc-9cf1-e3f6ca58c1cd,바나나맥주,치킨한식,수완하나로 골목형상점가,골목형상점가,광주광역시,,,
d318a8048d52ca26fe29,full_annotation_v1,A,q_일식_04,일식집,음식점 중 '일식'을 판매·제공하는 매장,test,일식,T2 동의어,b96a3e14-b352-4936-b6c8-c30169fec54f,동미네 분식집,분식,광탄전통시장,전통시장,경기도,,,
163a2affd59e735443e8,full_annotation_v1,A,q_일식_04,일식집,음식점 중 '일식'을 판매·제공하는 매장,test,일식,T2 동의어,32c2a844-db69-437c-b05b-14a8f088d5e6,월곡분식집,분식,월곡시장,전통시장,광주광역시,,,
793ea55c123f3274dca9,full_annotation_v1,A,q_일식_04,일식집,음식점 중 '일식'을 판매·제공하는 매장,test,일식,T2 동의어,dc9f6feb-e55a-4ac5-a2fb-5a3acbe6f983,퍼플,음식,518먹자골목상인회 골목형상점가,골목형상점가,광주광역시,,,
3e51b5b76cec3e5cc432,full_annotation_v1,A,q_일식_04,일식집,음식점 중 '일식'을 판매·제공하는 매장,test,일식,T2 동의어,b0525944-c980-4d0b-804b-de8c397c6ab5,진시황,중식집,담양중앙2번가 골목형상점가,골목형상점가,전라남도,,,
47d569e7c267c59766d9,full_annotation_v1,A,q_일식_04,일식집,음식점 중 '일식'을 판매·제공하는 매장,test,일식,T2 동의어,026b148f-ce2a-4e35-8dbb-0aaca2c31325,은화수식당,돈까스 카레 우동 기타등등,군산디오션시티 골목형상점가,골목형상점가,전북특별자치도,,,
14fa128c538b11de80be,full_annotation_v1,A,q_일식_04,일식집,음식점 중 '일식'을 판매·제공하는 매장,test,일식,T2 동의어,6cfdc494-dd3b-4c6c-967c-e659349171a7,짝태앤노가리 장한평역점,명태,장한평역먹자골목형상점가,골목형상점가,서울특별시,,,
400eeac1041be4d6df29,full_annotation_v1,A,q_일식_04,일식집,음식점 중 '일식'을 판매·제공하는 매장,test,일식,T2 동의어,8fde781a-537a-40ac-9a4e-1216a9a32dad,유끼,일식,신월7동골목형상점가,골목형상점가,서울특별시,,,
378dd702305049954d7c,full_annotation_v1,A,q_일식_04,일식집,음식점 중 '일식'을 판매·제공하는 매장,test,일식,T2 동의어,92861f94-72e8-4e47-aa69-309ea265c4b0,배스킨라빈스 신월사거리점,디저트,신월3동시장골목형상점가,골목형상점가,서울특별시,,,
a42d5b8b5d1f1f5a1228,full_annotation_v1,A,q_일식_04,일식집,음식점 중 '일식'을 판매·제공하는 매장,test,일식,T2 동의어,01cecd17-bce9-4355-af06-2ca2cee82862,돈까스에빠지다 범어점,돈까스,범어식주가무명인골목 골목형상점가,골목형상점가,대구광역시,,,
5be15f87433189735ab0,full_annotation_v1,A,q_일식_04,일식집,음식점 중 '일식'을 판매·제공하는 매장,test,일식,T2 동의어,1a21655f-fe8c-4699-b5a2-1ea6c514273c,아나브린,브런치,신창상가,전통시장,부산광역시,,,
9c603539e16a6c48282f,full_annotation_v1,A,q_일식_04,일식집,음식점 중 '일식'을 판매·제공하는 매장,test,일식,T2 동의어,88a61490-9bfe-438b-9b97-c1d6b34ec427,오센,일식,이수미로골목형상점가,골목형상점가,서울특별시,,,
8abeab700d14d19226f2,full_annotation_v1,A,q_일식_04,일식집,음식점 중 '일식'을 판매·제공하는 매장,test,일식,T2 동의어,0547b6e2-3d1e-4a4a-97c6-9b1c1344bf88,김희철 스시,,솔매사랑길 골목형상점가,골목형상점가,서울특별시,,,
3f4a9e63a2c7d2484124,full_annotation_v1,A,q_일식_04,일식집,음식점 중 '일식'을 판매·제공하는 매장,test,일식,T2 동의어,523167ef-6a20-4e13-89ce-a176aab9fba0,얄리스,소고기,광교상현역 온누리 골목형상점가,골목형상점가,경기도,,,
90307306152522c4991e,full_annotation_v1,A,q_일식_04,일식집,음식점 중 '일식'을 판매·제공하는 매장,test,일식,T2 동의어,025255cd-6e4e-4d26-b2b7-bd18e2858548,정성카츠 화정점,일식,화정로상가상인회 골목형상점가,골목형상점가,광주광역시,,,
d1ba4514cb34bf9c1a6b,full_annotation_v1,A,q_일식_04,일식집,음식점 중 '일식'을 판매·제공하는 매장,test,일식,T2 동의어,d14c472e-d380-45d6-973f-b9d92a87b095,요연,일식,인제시장,전통시장,강원특별자치도,,,
8611f2f0bb35b66d668a,full_annotation_v1,A,q_일식_04,일식집,음식점 중 '일식'을 판매·제공하는 매장,test,일식,T2 동의어,1279715c-8e04-4077-94fa-631ba0dd3325,정점,일식,누웨마루거리상점가,자율상권구역,제주특별자치도,,,
4ee654d819a2d4c9b3b6,full_annotation_v1,A,q_일식_04,일식집,음식점 중 '일식'을 판매·제공하는 매장,test,일식,T2 동의어,ee140e33-12a8-45ca-a6c9-507ee89f1e36,분식집,,남평읍1로 골목형상점가,골목형상점가,,,,
c22da4611e82e2e37ee3,full_annotation_v1,A,q_일식_04,일식집,음식점 중 '일식'을 판매·제공하는 매장,test,일식,T2 동의어,f2308484-80cf-45ec-92be-990bcc5a317f,양식집,파스타 돈까스,행복 북문대로2 골목형상점가,골목형상점가,광주광역시,,,
a6ff7aad325987c820da,full_annotation_v1,A,q_일식_04,일식집,음식점 중 '일식'을 판매·제공하는 매장,test,일식,T2 동의어,5f26d05f-f2db-4dd0-88c0-f2dc15dbed2d,설렘헤어,미용업,산본사거리 골목형상점가,골목형상점가,경기도,,,
ce8bbfb95617f1061111,full_annotation_v1,A,q_일식_04,일식집,음식점 중 '일식'을 판매·제공하는 매장,test,일식,T2 동의어,ba8489d5-45d9-4f15-92f0-d8a784318549,키햐아,일식,까치울역카페거리 골목형상점가,골목형상점가,경기도,,,
aba260ba444f67822ede,full_annotation_v1,A,q_일식_04,일식집,음식점 중 '일식'을 판매·제공하는 매장,test,일식,T2 동의어,bff1715e-a400-4ba4-9df0-c236d2ba9abe,카즈호,일식,마치광장골목형상점가,골목형상점가,대전광역시,,,
9730631369d5c60f4487,full_annotation_v1,A,q_일식_04,일식집,음식점 중 '일식'을 판매·제공하는 매장,test,일식,T2 동의어,7234e0fe-2051-492b-a754-10f380afb9a3,노렌인,일식,과천스마트케이 골목형상점가,골목형상점가,경기도,,,
a8a046eb06d7bf26bfd0,full_annotation_v1,A,q_일식_04,일식집,음식점 중 '일식'을 판매·제공하는 매장,test,일식,T2 동의어,c0e2a2f2-b70d-4133-b275-572fe23af1fe,세광무선,수리,화산면 골목형상점가,골목형상점가,전라남도,,,
7fece2a8688d02e4226a,full_annotation_v1,A,q_일식_04,일식집,음식점 중 '일식'을 판매·제공하는 매장,test,일식,T2 동의어,0225925b-3945-46cd-b995-b946a617ccfc,초밥일번지,일식,안동음식의거리 골목형상점가,골목형상점가,경상북도,,,
84c2386a22f3572e690b,full_annotation_v1,A,q_일식_04,일식집,음식점 중 '일식'을 판매·제공하는 매장,test,일식,T2 동의어,00eefa39-8925-4ff1-8fb6-e3aa2c2b7937,아비꼬 용인보정점,일식 음식점,BOCA 보카상점가,골목형상점가,경기도,,,
3d3c655a76d125a1837f,full_annotation_v1,A,q_일식_04,일식집,음식점 중 '일식'을 판매·제공하는 매장,test,일식,T2 동의어,013d58c8-33f8-4dbe-95de-801d22ea9505,민영활어공장 부천자유시장점,"회, 초밥",부천자유시장,전통시장,경기도,,,
06144b992065817e308c,full_annotation_v1,A,q_일식_04,일식집,음식점 중 '일식'을 판매·제공하는 매장,test,일식,T2 동의어,01710a82-bb0d-4cbc-8491-708f78ce99fe,스시니쿠 후평점,,인공폭포상가,자율상권구역,강원특별자치도,,,
046761135a95f3869856,full_annotation_v1,A,q_일식_04,일식집,음식점 중 '일식'을 판매·제공하는 매장,test,일식,T2 동의어,4fd9a187-cbe4-40ac-877d-1a1339c3c3d6,라쿠엔,일식,매드블럭 골목형상점가,골목형상점가,대전광역시,,,
96bad99716eb3038f873,full_annotation_v1,A,q_일식_04,일식집,음식점 중 '일식'을 판매·제공하는 매장,test,일식,T2 동의어,09e75448-df00-42a8-9c8e-6fb59c58185d,양양수입코너,수입그릇 생활용품,양양전통시장,전통시장,강원특별자치도,,,
b0fc1fbc8da23bb6a1cf,full_annotation_v1,A,q_일식_04,일식집,음식점 중 '일식'을 판매·제공하는 매장,test,일식,T2 동의어,5b13edec-9a25-42db-b3d3-f465176cf4b7,새섬초밥횟집,일식,송산동 골목상점가,골목형상점가,제주특별자치도,,,
efd99d32f1ed43ae99e3,full_annotation_v1,A,q_일식_04,일식집,음식점 중 '일식'을 판매·제공하는 매장,test,일식,T2 동의어,f1d8ec8d-2dcf-4a4e-ac4e-2504c2aa54d6,멘초비,일식,동래시장,전통시장,부산광역시,,,
5b9d4df9ac9213d69c57,full_annotation_v1,A,q_일식_04,일식집,음식점 중 '일식'을 판매·제공하는 매장,test,일식,T2 동의어,8d18c9e1-f5cc-4445-a2f0-2406b5521f66,욧삐떼,일식,양정 골목형상점가,골목형상점가,울산광역시,,,
89ec0f778fc337ac4137,full_annotation_v1,A,q_일식_04,일식집,음식점 중 '일식'을 판매·제공하는 매장,test,일식,T2 동의어,00e80339-1353-4885-81d7-0746a437abb2,포식 용인한숲시티점,쌀국수 돈까스 함박스테이크,남사한숲 골목형상점가,골목형상점가,경기도,,,
c0e33742d8893b2dc11c,full_annotation_v1,A,q_일식_05,초밥,음식점 중 '일식'을 판매·제공하는 매장,test,일식,T2 동의어,37e46f31-d0ac-43a0-ab35-d2fb52785e0d,오늘초밥,초밥,안양1번가 상점가,자율상권구역,경기도,,,
7ea89f7b44feb8079fda,full_annotation_v1,A,q_일식_05,초밥,음식점 중 '일식'을 판매·제공하는 매장,test,일식,T2 동의어,00ba389b-e522-4da5-ac26-2ffaf33359ec,스시노유키,초밥,산본로데오거리(구 산본중심상가),자율상권구역,경기도,,,
5da4f8cf37ee16f9c4f6,full_annotation_v1,A,q_일식_05,초밥,음식점 중 '일식'을 판매·제공하는 매장,test,일식,T2 동의어,5ef4451b-5376-48e7-a569-26de55b19692,린이네 생선구이,생선구이,연희로 골목형상점가,골목형상점가,인천광역시,,,
66a25b03b37b6c73249e,full_annotation_v1,A,q_일식_05,초밥,음식점 중 '일식'을 판매·제공하는 매장,test,일식,T2 동의어,2fd353c0-4643-4dd6-b54d-a9eb1de2b436,오하루초밥,초밥,중앙1로 천변교 골목형상점가,골목형상점가,전라남도,,,
a89992e36d7af7faae27,full_annotation_v1,A,q_일식_05,초밥,음식점 중 '일식'을 판매·제공하는 매장,test,일식,T2 동의어,bc8a4ea0-3627-4044-a0d6-631ba9a85ac8,미락초밥,초밥,진부전통시장,전통시장,강원특별자치도,,,
898fa80f1d47dbb9846e,full_annotation_v1,A,q_일식_05,초밥,음식점 중 '일식'을 판매·제공하는 매장,test,일식,T2 동의어,486d53c7-6c1c-4c74-9c0b-1653ad109686,시장양곡,잡곡,의성공설전통시장(의성읍정기시장),전통시장,경상북도,,,
2df98509eb1c8164d45b,full_annotation_v1,A,q_일식_05,초밥,음식점 중 '일식'을 판매·제공하는 매장,test,일식,T2 동의어,01710a82-bb0d-4cbc-8491-708f78ce99fe,스시니쿠 후평점,,인공폭포상가,자율상권구역,강원특별자치도,,,
0d2a33aafd40b81b3116,full_annotation_v1,A,q_일식_05,초밥,음식점 중 '일식'을 판매·제공하는 매장,test,일식,T2 동의어,718847cc-a1cd-4b9f-9f02-5c799e22762e,배스킨라빈스세종반곡,아이스크림,반곡동행복 골목형상점가,골목형상점가,세종특별자치시,,,
143c7842bff36a89b459,full_annotation_v1,A,q_일식_05,초밥,음식점 중 '일식'을 판매·제공하는 매장,test,일식,T2 동의어,46c6f5ea-b3ce-402b-aa28-9613cede8a12,초밥집,초밥,금호운천로상인회 골목형상점가,골목형상점가,광주광역시,,,
1aa9b377c94b6a95a087,full_annotation_v1,A,q_일식_05,초밥,음식점 중 '일식'을 판매·제공하는 매장,test,일식,T2 동의어,026b148f-ce2a-4e35-8dbb-0aaca2c31325,은화수식당,돈까스 카레 우동 기타등등,군산디오션시티 골목형상점가,골목형상점가,전북특별자치도,,,
9cf5577d16169a7182b0,full_annotation_v1,A,q_일식_05,초밥,음식점 중 '일식'을 판매·제공하는 매장,test,일식,T2 동의어,013d58c8-33f8-4dbe-95de-801d22ea9505,민영활어공장 부천자유시장점,"회, 초밥",부천자유시장,전통시장,경기도,,,
30752b980d2dcadaada2,full_annotation_v1,A,q_일식_05,초밥,음식점 중 '일식'을 판매·제공하는 매장,test,일식,T2 동의어,0e40e98a-1e68-4ac9-92c3-0c355b4ed009,벌교상회,생선,노량진수산시장골목형상점가,골목형상점가,서울특별시,,,
94f223b6d6da121a3744,full_annotation_v1,A,q_일식_05,초밥,음식점 중 '일식'을 판매·제공하는 매장,test,일식,T2 동의어,f4d5f156-be83-42b8-9753-515f501325eb,소소리,초밥,구미 금리단길 골목형상점가,골목형상점가,경상북도,,,
a83b6527197c13ade13c,full_annotation_v1,A,q_일식_05,초밥,음식점 중 '일식'을 판매·제공하는 매장,test,일식,T2 동의어,389ef8ff-d7ea-4ad2-91b8-3e0d8ba15f22,미스터초밥,초밥,상무연하상인회 골목형상점가,골목형상점가,광주광역시,,,
a9a6340dbffcb9ec2c9e,full_annotation_v1,A,q_일식_05,초밥,음식점 중 '일식'을 판매·제공하는 매장,test,일식,T2 동의어,04c1454c-94f9-4a74-a347-11bfad75cb82,스시대관령,일식스시,내곡동골목형상점가,골목형상점가,강원특별자치도,,,
ead75171f5e20e56e0eb,full_annotation_v1,A,q_일식_05,초밥,음식점 중 '일식'을 판매·제공하는 매장,test,일식,T2 동의어,b7046c1e-aba1-4055-91e6-bfe098274664,하나사쿠,초밥,봉덕맛길 골목형상점가,골목형상점가,대구광역시,,,
fdd833a720bebcbcabe9,full_annotation_v1,A,q_일식_05,초밥,음식점 중 '일식'을 판매·제공하는 매장,test,일식,T2 동의어,b984852f-ea79-4e50-9a23-2c5edcc8da91,우미관초밥,초밥,청주중앙시장,전통시장,충청북도,,,
43b94305c36d9774b005,full_annotation_v1,A,q_일식_05,초밥,음식점 중 '일식'을 판매·제공하는 매장,test,일식,T2 동의어,f85875c0-8057-41ac-bda0-46cf9b56f3a4,살롱드아르테,미용헤어,신창호반,골목형상점가,광주광역시,,,
77ec88b4340c00d9e255,full_annotation_v1,A,q_일식_05,초밥,음식점 중 '일식'을 판매·제공하는 매장,test,일식,T2 동의어,8bb84ed6-dfb5-4c67-af30-f461e0de23a3,정원,초밥,광주인쇄거리 골목형상점가,골목형상점가,광주광역시,,,
b14aede74ba0e117f0f4,full_annotation_v1,A,q_일식_05,초밥,음식점 중 '일식'을 판매·제공하는 매장,test,일식,T2 동의어,01cecd17-bce9-4355-af06-2ca2cee82862,돈까스에빠지다 범어점,돈까스,범어식주가무명인골목 골목형상점가,골목형상점가,대구광역시,,,
20496f677f70e3ab78f3,full_annotation_v1,A,q_일식_05,초밥,음식점 중 '일식'을 판매·제공하는 매장,test,일식,T2 동의어,c3b0f7ea-19a1-4ae8-a367-9b459130a708,미스터초밥,초밥,대남대로 골목형상점가,골목형상점가,광주광역시,,,
f1c16637f2694b4563e7,full_annotation_v1,A,q_일식_05,초밥,음식점 중 '일식'을 판매·제공하는 매장,test,일식,T2 동의어,17e4c68f-02b2-4546-9ac9-68d2f25e3f50,식구,초밥,두마면 대실골목형상점가,골목형상점가,충청남도,,,
d200c074807e647c76ff,full_annotation_v1,A,q_일식_05,초밥,음식점 중 '일식'을 판매·제공하는 매장,test,일식,T2 동의어,f75129dd-4170-4ecc-817b-edd30360b4b0,스시상,초밥,의왕예술의거리골목형상점가,골목형상점가,경기도,,,
8e6dbe61ddc3f1a7cd23,full_annotation_v1,A,q_일식_05,초밥,음식점 중 '일식'을 판매·제공하는 매장,test,일식,T2 동의어,9ed9aba7-5c1e-45e5-9b04-f8b4bf40e5c3,스시후,초밥,백운광장 골목형상점가,골목형상점가,광주광역시,,,
e5f3c2a40b9f66fe68c8,full_annotation_v1,A,q_일식_05,초밥,음식점 중 '일식'을 판매·제공하는 매장,test,일식,T2 동의어,0ad35063-8f75-46a4-86e9-0c205f9414e7,스시스토리,초밥,안양1번가 상점가,자율상권구역,경기도,,,
b19e23f86df7e64ca70a,full_annotation_v1,A,q_일식_05,초밥,음식점 중 '일식'을 판매·제공하는 매장,test,일식,T2 동의어,8242c5f9-b938-4886-9ade-30ec6ee11bd7,초밥한점,초밥,한대앞역상점가,자율상권구역,경기도,,,
625bb610102e421416bd,full_annotation_v1,A,q_일식_05,초밥,음식점 중 '일식'을 판매·제공하는 매장,test,일식,T2 동의어,7f4116ac-4b68-48f5-90f1-319c9b01aa5f,스시마루,초밥,백운먹자 골목형상점가,골목형상점가,광주광역시,,,
66814d2db0efcf163e92,full_annotation_v1,A,q_일식_05,초밥,음식점 중 '일식'을 판매·제공하는 매장,test,일식,T2 동의어,1eccb368-58f3-43a0-949f-96a836c99282,초밥&참치,초밥 참치,참샘상인회 골목형상점가,골목형상점가,광주광역시,,,
8abafe21e927a6e73c7d,full_annotation_v1,A,q_일식_05,초밥,음식점 중 '일식'을 판매·제공하는 매장,test,일식,T2 동의어,144d44fe-79a3-4e50-a7c6-acd241ff2025,민영활어공장,초밥,정자시장,전통시장,경기도,,,
d23ed75932b1853ea653,full_annotation_v1,A,q_일식_05,초밥,음식점 중 '일식'을 판매·제공하는 매장,test,일식,T2 동의어,3bdb9489-90c5-4b6d-a1b0-7d2323289c28,정민초밥,초밥,노은상가연합 골목형상점가,골목형상점가,대전광역시,,,
5d0dfa0f19ef0d6196f1,full_annotation_v1,A,q_일식_05,초밥,음식점 중 '일식'을 판매·제공하는 매장,test,일식,T2 동의어,4d927843-2d4f-41d3-8451-10642539a600,무모한초밥,초밥,다정중앙 골목형상점가,골목형상점가,세종특별자치시,,,
967c1338d8912dc5f341,full_annotation_v1,A,q_일식_05,초밥,음식점 중 '일식'을 판매·제공하는 매장,test,일식,T2 동의어,acca5a0b-e488-419b-bf73-3894fa1f7d81,초밥만,초밥,서림행복가득한골목형상점가,골목형상점가,서울특별시,,,
7def66ed708b4739d176,full_annotation_v1,A,q_일식_05,초밥,음식점 중 '일식'을 판매·제공하는 매장,test,일식,T2 동의어,0004ebd2-4e64-4552-95e5-a3b62efea718,적정온도 숙성회&초밥,회초밥,장안마실골목형상점가,골목형상점가,서울특별시,,,
e9f7cbafc6e74f0742c6,full_annotation_v1,A,q_일식_05,초밥,음식점 중 '일식'을 판매·제공하는 매장,test,일식,T2 동의어,bc8dfdc4-4126-4246-b733-d7005d53e348,민영활어공장,초밥,석바위시장,전통시장,인천광역시,,,
f0c777c2e976956e0da6,full_annotation_v1,A,q_일식_05,초밥,음식점 중 '일식'을 판매·제공하는 매장,test,일식,T2 동의어,211940d6-ad8c-4e7f-a462-f47089521141,시민초밥,초밥,고성동벚꽃 골목형상점가,골목형상점가,대구광역시,,,
fc8a2e646b5c6ea4c59d,full_annotation_v1,A,q_일식_05,초밥,음식점 중 '일식'을 판매·제공하는 매장,test,일식,T2 동의어,a0de89f2-c512-4d0c-9c1b-686cc28b9ff0,코튼키즈,아동복,남대문시장,전통시장,서울특별시,,,
bdd6478f6bde823f737e,full_annotation_v1,A,q_일식_05,초밥,음식점 중 '일식'을 판매·제공하는 매장,test,일식,T2 동의어,5cbf28e7-72c1-478d-8c46-d24a9e865b69,소담초밥,초밥,지웰시티자이상가 골목형상점가,골목형상점가,울산광역시,,,
9aef943501d3817c01d5,full_annotation_v1,A,q_일식_05,초밥,음식점 중 '일식'을 판매·제공하는 매장,test,일식,T2 동의어,eae3ed73-e846-4162-8dba-dec205f6ab20,마루,초밥,불당1번가골목형상점가,골목형상점가,충청남도,,,
938fb0928a56a4aa83b9,full_annotation_v1,A,q_일식_05,초밥,음식점 중 '일식'을 판매·제공하는 매장,test,일식,T2 동의어,d40eb878-b82c-4a0f-b1e0-a2693f5c9c22,동천초밥,초밥,동천동먹자골목1번가상인회 골목형상점가,골목형상점가,광주광역시,,,
db0ce1c156d5cc7af863,full_annotation_v1,A,q_일식_05,초밥,음식점 중 '일식'을 판매·제공하는 매장,test,일식,T2 동의어,6331069f-d65e-44ec-b6b3-be59c5cc0344,삼월,초밥,강동산하 골목형상점가,골목형상점가,울산광역시,,,
f1ca92e5d316eeccbead,full_annotation_v1,A,q_일식_05,초밥,음식점 중 '일식'을 판매·제공하는 매장,test,일식,T2 동의어,a48c2db3-992d-4fd2-b88b-c0aa486e2597,로봇초밥마켓,초밥,하이닉스골목형상점가,골목형상점가,경기도,,,
2d544b93cc82424ba86f,full_annotation_v1,A,q_일식_05,초밥,음식점 중 '일식'을 판매·제공하는 매장,test,일식,T2 동의어,e0e9b315-84d9-48a4-b8c8-29bd9c768cc5,미스터초밥왕,초밥,전남대후문골목형상점가,골목형상점가,광주광역시,,,
7c6bd463ca432581c340,full_annotation_v1,A,q_일식_05,초밥,음식점 중 '일식'을 판매·제공하는 매장,test,일식,T2 동의어,757f5631-0caf-495b-b2a5-037601ba816f,초밥사랑,초밥,귀인동먹거리촌 골목형상점가,골목형상점가,경기도,,,
c48470a5df2e228ddf3f,full_annotation_v1,A,q_일식_05,초밥,음식점 중 '일식'을 판매·제공하는 매장,test,일식,T2 동의어,d934c54a-2d1f-44b4-9c2c-d3dd293a8c52,밀키투어,조제 조미료,신안코아,전통시장,경기도,,,
40c61ea54aa8f360e60e,full_annotation_v1,A,q_일식_05,초밥,음식점 중 '일식'을 판매·제공하는 매장,test,일식,T2 동의어,eaa04167-a42c-42cb-859b-80c494f4f382,수루배대반점,중식,반곡동행복 골목형상점가,골목형상점가,세종특별자치시,,,
9094c1c1e5a3d5034a50,full_annotation_v1,A,q_일식_05,초밥,음식점 중 '일식'을 판매·제공하는 매장,test,일식,T2 동의어,a94e8fc1-585c-4688-a75d-d0b74e8cda88,모나드스터디카페,독서실,백운 대성시장 골목형상점가,골목형상점가,광주광역시,,,
2a02b4ff3e9b9c353b81,full_annotation_v1,A,q_일식_05,초밥,음식점 중 '일식'을 판매·제공하는 매장,test,일식,T2 동의어,79c9980a-17c6-489f-9592-cd672c8e49e4,정스시,초밥,개롱골장군거리 골목형상점가,골목형상점가,서울특별시,,,
6a1fb6c163d5a0150945,full_annotation_v1,A,q_일식_05,초밥,음식점 중 '일식'을 판매·제공하는 매장,test,일식,T2 동의어,02e18ef3-4b66-4159-96bf-759bfb98320f,카츠옹,돈까스,자양번영로골목형상점가,골목형상점가,서울특별시,,,
45ec8150507baeaa4bb8,full_annotation_v1,A,q_일식_05,초밥,음식점 중 '일식'을 판매·제공하는 매장,test,일식,T2 동의어,038f89c5-a204-4c80-9e31-9d22a3ba4c95,연스시,초밥,노은역 골목형상점가,골목형상점가,대전광역시,,,
88c70fe81e1cddc146d7,full_annotation_v1,A,q_일식_05,초밥,음식점 중 '일식'을 판매·제공하는 매장,test,일식,T2 동의어,fcbd09f4-4372-4f43-9ddb-ed303f0dfcb2,대철네또박이농장,농산물,문경전통시장,전통시장,경상북도,,,
ad6e8dc4dcf38411b884,full_annotation_v1,A,q_일식_05,초밥,음식점 중 '일식'을 판매·제공하는 매장,test,일식,T2 동의어,56f1a305-e4c2-4760-84be-0d73c9d90e7f,스시린,초밥,한보라 골목형상점가,골목형상점가,경기도,,,
2521feed1c4112266286,full_annotation_v1,A,q_일식_05,초밥,음식점 중 '일식'을 판매·제공하는 매장,test,일식,T2 동의어,e566a601-8088-4092-a14c-fb95c97babe0,스시바다,초밥,첨단2동 골목형상점가,골목형상점가,광주광역시,,,
61ba1b813981604365a0,full_annotation_v1,A,q_일식_05,초밥,음식점 중 '일식'을 판매·제공하는 매장,test,일식,T2 동의어,eb9a9177-3e1c-41cf-9984-fb4633101c42,효비초밥,초밥,빛가람 하나로 골목형상점가,골목형상점가,전라남도,,,
2f137016ca0aaea36ef9,full_annotation_v1,A,q_일식_05,초밥,음식점 중 '일식'을 판매·제공하는 매장,test,일식,T2 동의어,756bb929-fa13-46ef-b52e-1035ea25999e,초밥왕,초밥,성남먹자골목,골목형상점가,울산광역시,,,
f132d438b0f81a801ae1,full_annotation_v1,A,q_일식_05,초밥,음식점 중 '일식'을 판매·제공하는 매장,test,일식,T2 동의어,4ec3ce62-202c-480b-b7ad-de996d8ce8fd,사사초밥,초밥,안산다농마트전통시장,전통시장,경기도,,,
9e13042f6810ce20d2d3,full_annotation_v1,A,q_일식_05,초밥,음식점 중 '일식'을 판매·제공하는 매장,test,일식,T2 동의어,e2fcfa8c-e319-4d40-8eed-bba6a20f42c0,싸다유정상초밥,초밥,자양전통시장,전통시장,서울특별시,,,
f23bae4eec852187b93b,full_annotation_v1,A,q_일식_05,초밥,음식점 중 '일식'을 판매·제공하는 매장,test,일식,T2 동의어,00dfe7e1-6daa-4586-9146-ec927a443d02,오늘애초밥,,포항죽도농산물시장,전통시장,경상북도,,,
a3ac277a6e7b026297b2,full_annotation_v1,A,q_일식_05,초밥,음식점 중 '일식'을 판매·제공하는 매장,test,일식,T2 동의어,025255cd-6e4e-4d26-b2b7-bd18e2858548,정성카츠 화정점,일식,화정로상가상인회 골목형상점가,골목형상점가,광주광역시,,,
9b4dfe4b1f169862c01c,full_annotation_v1,A,q_일식_05,초밥,음식점 중 '일식'을 판매·제공하는 매장,test,일식,T2 동의어,dc2d211d-0713-482b-90b0-e7d6cab881f2,훈초밥,초밥,동천동먹자골목1번가상인회 골목형상점가,골목형상점가,광주광역시,,,
fee6a84e75762fdb7b6d,full_annotation_v1,A,q_일식_05,초밥,음식점 중 '일식'을 판매·제공하는 매장,test,일식,T2 동의어,00fcc68d-3086-4b45-b998-f3763e8dbf7d,꼬치마요 산본역점(9호점),일식,산본로데오거리(구 산본중심상가),자율상권구역,경기도,,,
3c065344293f1f9321bb,full_annotation_v1,A,q_일식_05,초밥,음식점 중 '일식'을 판매·제공하는 매장,test,일식,T2 동의어,00f1a1de-5180-4857-ac9d-3d104fc8a1e0,진스시,,신구로현대어반벨리 골목형상점가,골목형상점가,서울특별시,,,
5eb1e03200aabbd6333e,full_annotation_v1,A,q_일식_05,초밥,음식점 중 '일식'을 판매·제공하는 매장,test,일식,T2 동의어,39ede09a-0023-4cab-ac15-d2af839cb510,스시태리,초밥,모란시장 쉼터길 골목형상점가,골목형상점가,경기도,,,
b3beaf6607749c1295ff,full_annotation_v1,A,q_일식_05,초밥,음식점 중 '일식'을 판매·제공하는 매장,test,일식,T2 동의어,8db6b2f2-1eb2-4d5b-b193-05c9ef6a0043,힐링초밥,초밥,소촌중앙 골목형상점가,골목형상점가,광주광역시,,,
9a9f3e88eb3a2565ce2e,full_annotation_v1,A,q_일식_05,초밥,음식점 중 '일식'을 판매·제공하는 매장,test,일식,T2 동의어,d0e815ac-e01e-4e78-b5de-d1bbe8f0f48b,약산흑염소,흑염소탕 수육 등,백년소상공인,기타,전라남도,,,
39214def14e4664aeb50,full_annotation_v1,A,q_일식_05,초밥,음식점 중 '일식'을 판매·제공하는 매장,test,일식,T2 동의어,0946bd17-8626-4394-92ce-d09a816ffc5c,초밥진,초밥,단봉로골목형상점가,골목형상점가,인천광역시,,,
ff53813200092b730090,full_annotation_v1,A,q_일식_05,초밥,음식점 중 '일식'을 판매·제공하는 매장,test,일식,T2 동의어,9169c912-205f-4e1a-9b1d-6aa7798d7199,초밥왕,초밥,창원 성원그랜드쇼핑상가,전통시장,경상남도,,,
af454e55f5701d03c29f,full_annotation_v1,A,q_일식_05,초밥,음식점 중 '일식'을 판매·제공하는 매장,test,일식,T2 동의어,ce7f34ff-d56b-4f0a-a550-b4145ef8fda5,해빈,초밥 회,성동용답상가시장,전통시장,서울특별시,,,
19dd0e154f4f98edf97a,full_annotation_v1,A,q_일식_05,초밥,음식점 중 '일식'을 판매·제공하는 매장,test,일식,T2 동의어,4e57de17-0e82-4f2f-808d-b4f220975266,스시하루,초밥,혁신도시2구역골목형상점가,골목형상점가,강원특별자치도,,,
ad71d0cf7d790fa75501,full_annotation_v1,A,q_일식_05,초밥,음식점 중 '일식'을 판매·제공하는 매장,test,일식,T2 동의어,abeda23d-79f1-403d-a0e3-0f59f696e890,니코니코니,초밥,1913송정역시장,전통시장,,,,
f727aed41a63fb66dbed,full_annotation_v1,A,q_일식_05,초밥,음식점 중 '일식'을 판매·제공하는 매장,test,일식,T2 동의어,6c41836b-03c4-456c-8153-c00c14c98ba4,스시류,초밥,누리 골목형상점가,골목형상점가,경기도,,,
5bb1dd74f9792d6b8139,full_annotation_v1,A,q_일식_05,초밥,음식점 중 '일식'을 판매·제공하는 매장,test,일식,T2 동의어,3d03bef6-78d3-4d2a-bb6e-a60caa3b2f92,정스시,초밥,금당산길상인회 골목형상점가,골목형상점가,광주광역시,,,
23ef78bacd6227192f73,full_annotation_v1,A,q_일식_05,초밥,음식점 중 '일식'을 판매·제공하는 매장,test,일식,T2 동의어,ee63c930-e981-436e-ad32-0b212b5b8fd7,초밥한상,초밥,산격종합시장,전통시장,대구광역시,,,
dd2c24011b9e2679daab,full_annotation_v1,A,q_일식_05,초밥,음식점 중 '일식'을 판매·제공하는 매장,test,일식,T2 동의어,ad9303b0-46cb-41e2-8142-2b361ee164dc,범범초밥,초밥,빛가람 상리단길 골목형상점가,골목형상점가,전라남도,,,
395507b3f699c4db091e,full_annotation_v1,A,q_일식_05,초밥,음식점 중 '일식'을 판매·제공하는 매장,test,일식,T2 동의어,08d14b1d-4e72-461b-9271-ff2e681ca57f,정초밥,초밥,봉선로2 골목형상점가,골목형상점가,광주광역시,,,
4f2fc4dff36c8f51bfa3,full_annotation_v1,A,q_일식_05,초밥,음식점 중 '일식'을 판매·제공하는 매장,test,일식,T2 동의어,0225925b-3945-46cd-b995-b946a617ccfc,초밥일번지,일식,안동음식의거리 골목형상점가,골목형상점가,경상북도,,,
56cd8c05bccb432e5a70,full_annotation_v1,A,q_일식_05,초밥,음식점 중 '일식'을 판매·제공하는 매장,test,일식,T2 동의어,a344d1e2-edda-4877-a78c-d0b1bb5e2ebd,신초밥,초밥,상계역전종합상가,자율상권구역,서울특별시,,,
f0d6c32429ae5f9fc2ae,full_annotation_v1,A,q_일식_05,초밥,음식점 중 '일식'을 판매·제공하는 매장,test,일식,T2 동의어,b1fadb0b-1193-449e-83bf-89eef481b7ab,러블리펫,애견,백운 대성시장 골목형상점가,골목형상점가,광주광역시,,,
303fb3f7f0720f4e85e2,full_annotation_v1,A,q_일식_05,초밥,음식점 중 '일식'을 판매·제공하는 매장,test,일식,T2 동의어,01f2d713-86d5-414a-b9b9-1fdde102f589,미스타교자(상봉점),일식,상봉먹자골목형상점가,골목형상점가,서울특별시,,,
e78f71d4addfde1a8b00,full_annotation_v1,A,q_일식_05,초밥,음식점 중 '일식'을 판매·제공하는 매장,test,일식,T2 동의어,21b9f6ea-1c7a-45b2-811a-d773499020c5,정성초밥,초밥,뒷개로청춘골목상점가,골목형상점가,전라남도,,,
d110000863c194d451ab,full_annotation_v1,A,q_일식_05,초밥,음식점 중 '일식'을 판매·제공하는 매장,test,일식,T2 동의어,ccfa3d60-2c49-4162-8701-d2c0bcf702f7,무모한 초밥 민락점,초밥,민락2지구골목형상점가,골목형상점가,경기도,,,
c9d95923a153a5ed0f2c,full_annotation_v1,A,q_일식_05,초밥,음식점 중 '일식'을 판매·제공하는 매장,test,일식,T2 동의어,364bf804-c25d-46dd-8929-4672dc48f82c,인생초밥,초밥 회,운암동 행복한 길 골목형상점가,골목형상점가,광주광역시,,,
55273428293ec2bddb81,full_annotation_v1,A,q_일식_05,초밥,음식점 중 '일식'을 판매·제공하는 매장,test,일식,T2 동의어,005eb589-94b0-4a7e-b4e4-ef8cf64b0762,스시쿄다이,일식,동홍8번가 골목형상점가,골목형상점가,제주특별자치도,,,
46c350cb9665b1cfd7a0,full_annotation_v1,A,q_일식_05,초밥,음식점 중 '일식'을 판매·제공하는 매장,test,일식,T2 동의어,2b36727e-2434-4007-a9f2-b34bf2977f64,모미지,초밥,풍암신암상인회 골목형상점가,골목형상점가,광주광역시,,,
fcf1229fc1fa2d88924c,full_annotation_v1,A,q_일식_05,초밥,음식점 중 '일식'을 판매·제공하는 매장,test,일식,T2 동의어,3c221498-9e5a-4c9f-973d-5dfb891c2530,싱싱생선,초밥,의왕예술의거리골목형상점가,골목형상점가,경기도,,,
596bb1635e962a8d6962,full_annotation_v1,A,q_일식_05,초밥,음식점 중 '일식'을 판매·제공하는 매장,test,일식,T2 동의어,893f4c81-8652-45b1-9b06-42b9089f03dc,인생막회&초밥,"회, 초밥",계산동 골목형상점가,골목형상점가,대전광역시,,,
fc91c7fd1d82694dc79a,full_annotation_v1,A,q_일식_05,초밥,음식점 중 '일식'을 판매·제공하는 매장,test,일식,T2 동의어,3af945d3-4556-42b8-80d5-11048b5b9583,스시웨이브,초밥,카림애비뉴애 골목형상점가,골목형상점가,세종특별자치시,,,
64b3a8e35bfce7e1c39a,full_annotation_v1,A,q_일식_05,초밥,음식점 중 '일식'을 판매·제공하는 매장,test,일식,T2 동의어,eb5c385d-fc2f-4425-844d-e0e9c6a2a0b0,홍도초밥,초밥,화양제일골목시장(화양제일시장),전통시장,서울특별시,,,
7ab49109e7dc5629404d,full_annotation_v1,A,q_일식_05,초밥,음식점 중 '일식'을 판매·제공하는 매장,test,일식,T2 동의어,961b8bb0-0e74-43e9-ae6a-faa5f3ace3a5,행파,튀김등 분식류,신창호반,골목형상점가,광주광역시,,,
cc081914dc515cfb2606,full_annotation_v1,A,q_일식_05,초밥,음식점 중 '일식'을 판매·제공하는 매장,test,일식,T2 동의어,6857fc7a-913d-4cc5-ac13-c300d17c24af,어썸초밥,초밥,스마트허브 골목형상점가,골목형상점가,세종특별자치시,,,
1dc08950218f7c6caa3d,full_annotation_v1,A,q_일식_05,초밥,음식점 중 '일식'을 판매·제공하는 매장,test,일식,T2 동의어,36a59fe8-5986-43ce-ac34-5feffb428ac5,동원활어&초밥,초밥,신영시장,전통시장,서울특별시,,,
6becf0fea513375fdf17,full_annotation_v1,A,q_일식_05,초밥,음식점 중 '일식'을 판매·제공하는 매장,test,일식,T2 동의어,a916333c-43f2-4c40-a199-ed8031c6f506,스시도로,초밥,구리전통시장,전통시장,경기도,,,
67949554b9de1c41e771,full_annotation_v1,A,q_일식_05,초밥,음식점 중 '일식'을 판매·제공하는 매장,test,일식,T2 동의어,bd34e71d-aff0-421c-8b66-b2006a67fdc3,초밥인생,초밥,행복상점가,자율상권구역,경상북도,,,
901957304b851c810a21,full_annotation_v1,A,q_일식_05,초밥,음식점 중 '일식'을 판매·제공하는 매장,test,일식,T2 동의어,17335b9c-b505-4efc-a5c5-f06309303e89,미카도스시,초밥,전주원도심 골목형상점가,골목형상점가,전북특별자치도,,,
97d0d704590876fc632a,full_annotation_v1,A,q_일식_05,초밥,음식점 중 '일식'을 판매·제공하는 매장,test,일식,T2 동의어,c3cc9a14-87cd-406b-afa4-09016dd72855,흑심초밥,초밥,선운 골목형상점가,골목형상점가,광주광역시,,,
4d8a93e3e5a86c651d15,full_annotation_v1,A,q_일식_05,초밥,음식점 중 '일식'을 판매·제공하는 매장,test,일식,T2 동의어,6cf664b8-4791-4793-a989-34889bf78dd2,뚠뚠초밥,초밥,금촌명동로시장,전통시장,경기도,,,
bc24abc481e583f0273a,full_annotation_v1,A,q_일식_05,초밥,음식점 중 '일식'을 판매·제공하는 매장,test,일식,T2 동의어,5c8eccae-d81b-4acb-9d45-777b252d79d5,한글회초밥,초밥,부전시장,전통시장,부산광역시,,,
c6a0666242f19ad56215,full_annotation_v1,A,q_일식_05,초밥,음식점 중 '일식'을 판매·제공하는 매장,test,일식,T2 동의어,7bb9fd3c-d3c7-413f-8886-5e23e216240a,오사이초밥,초밥,커낼워크상점가,골목형상점가,인천광역시,,,
beba66a8d4167a4ba592,full_annotation_v1,A,q_일식_05,초밥,음식점 중 '일식'을 판매·제공하는 매장,test,일식,T2 동의어,e5960d04-8dfd-4034-bddf-a698283fb5c3,웰빙횟집,초밥,경주성동공설시장,전통시장,경상북도,,,
95b627dbac499e20cc46,full_annotation_v1,A,q_일식_05,초밥,음식점 중 '일식'을 판매·제공하는 매장,test,일식,T2 동의어,48cd1f64-e2d6-46bf-93ff-a1c5ace79946,그집초밥,초밥,시청앞사거리 골목형상점가,골목형상점가,충청남도,,,
7d4ea5ad0f12a7014f42,full_annotation_v1,A,q_일식_05,초밥,음식점 중 '일식'을 판매·제공하는 매장,test,일식,T2 동의어,dfb40ac2-a8ae-4d06-8a57-5844232625dc,묘묘,한식,BOCA 보카상점가,골목형상점가,경기도,,,
b93c21b4ac39a35faf74,full_annotation_v1,A,q_일식_05,초밥,음식점 중 '일식'을 판매·제공하는 매장,test,일식,T2 동의어,5ca6bc42-2277-4e36-972c-fc544f4dc23a,아미초밥,초밥,롯데프라자 골목형상점가,골목형상점가,경기도,,,
a523028c28b0c5f39de1,full_annotation_v1,A,q_일식_05,초밥,음식점 중 '일식'을 판매·제공하는 매장,test,일식,T2 동의어,c58907c0-414b-432d-a083-7eb7e8387a89,봄초밥,초밥,임방울대로 골목형상점가,골목형상점가,광주광역시,,,
3e4228ec3701edba5489,full_annotation_v1,A,q_일식_05,초밥,음식점 중 '일식'을 판매·제공하는 매장,test,일식,T2 동의어,ca6b3dc2-3c65-44da-abb2-bc5acd0ada6b,상도초밥,초밥,남광주시장,전통시장,광주광역시,,,
0b29726cb2673c59dd32,full_annotation_v1,A,q_일식_05,초밥,음식점 중 '일식'을 판매·제공하는 매장,test,일식,T2 동의어,b5dc20bd-f510-4d9d-9bc9-764b29e3ab3f,울루루,초밥,경대북문 골목형상점가,골목형상점가,대구광역시,,,
88e7c65bced783185013,full_annotation_v1,A,q_일식_05,초밥,음식점 중 '일식'을 판매·제공하는 매장,test,일식,T2 동의어,92f367b5-da56-4ae3-b92e-c53dde93dff1,가람초밥,초밥,빛가람 하나로 골목형상점가,골목형상점가,전라남도,,,
4bcf214a32015431c82e,full_annotation_v1,A,q_일식_05,초밥,음식점 중 '일식'을 판매·제공하는 매장,test,일식,T2 동의어,01f14598-4405-408e-9fac-71db17ed6f05,동경스시,,풍무동1 골목형상점가,골목형상점가,경기도,,,
b64e441982c49c5b5784,full_annotation_v1,A,q_일식_05,초밥,음식점 중 '일식'을 판매·제공하는 매장,test,일식,T2 동의어,03e60ecc-402f-49e8-b1ac-cbd4f330144d,온정돈까스 천안불당점,돈까스,시청앞 골목형상점가,골목형상점가,충청남도,,,
8f9e254ea255c4aa3eb4,full_annotation_v1,A,q_일식_05,초밥,음식점 중 '일식'을 판매·제공하는 매장,test,일식,T2 동의어,70846065-98fc-4b3d-b734-523c9b150b3a,김영섭초밥,초밥,상암동상점가,자율상권구역,서울특별시,,,
98e4fafa2fd8e7e1344b,full_annotation_v1,A,q_일식_05,초밥,음식점 중 '일식'을 판매·제공하는 매장,test,일식,T2 동의어,bf5f1f83-26ee-432b-8138-8332a8c52049,백운초밥,초밥,첨단이웃사랑 골목형상점가,골목형상점가,광주광역시,,,
4790fb4a23bfa67e7cd7,full_annotation_v1,A,q_일식_05,초밥,음식점 중 '일식'을 판매·제공하는 매장,test,일식,T2 동의어,3bb59c05-17de-4e89-adc1-034085a2632b,함초밥,초밥,포방터시장,전통시장,서울특별시,,,
a52a84dccfccb0137137,full_annotation_v1,A,q_일식_05,초밥,음식점 중 '일식'을 판매·제공하는 매장,test,일식,T2 동의어,dc1d8cce-f816-4774-8bed-14873b765869,핸드커피,초밥,현풍백년도깨비시장,전통시장,대구광역시,,,
3240a1b6dbcf9416f880,full_annotation_v1,A,q_일식_05,초밥,음식점 중 '일식'을 판매·제공하는 매장,test,일식,T2 동의어,00eefa39-8925-4ff1-8fb6-e3aa2c2b7937,아비꼬 용인보정점,일식 음식점,BOCA 보카상점가,골목형상점가,경기도,,,
8e9d506f185f0f8d5cb8,full_annotation_v1,A,q_일식_05,초밥,음식점 중 '일식'을 판매·제공하는 매장,test,일식,T2 동의어,ead38e9e-14a5-4ce9-8959-586748c26ac8,초밥24,초밥,남현동예술인마을골목형상점가,골목형상점가,서울특별시,,,
68fc6af7f96a57ae451f,full_annotation_v1,A,q_일식_05,초밥,음식점 중 '일식'을 판매·제공하는 매장,test,일식,T2 동의어,a17ad9fb-0509-4f51-8257-db78d4d9fa5e,다이와스시,초밥,경대북문 골목형상점가,골목형상점가,대구광역시,,,
9547215da38eb65eee54,full_annotation_v1,A,q_일식_05,초밥,음식점 중 '일식'을 판매·제공하는 매장,test,일식,T2 동의어,7ea1b942-5f6f-4432-9c02-d01b1a3312b6,스시산,초밥,방이시장,전통시장,서울특별시,,,
1173966b1fdbe5e33f37,full_annotation_v1,A,q_일식_05,초밥,음식점 중 '일식'을 판매·제공하는 매장,test,일식,T2 동의어,f5e2d8f4-bbca-4e36-b18b-3262ffa08f9e,상무초밥산본점,초밥,산본로데오거리(구 산본중심상가),자율상권구역,경기도,,,
f59025f86397d8430cae,full_annotation_v1,A,q_일식_05,초밥,음식점 중 '일식'을 판매·제공하는 매장,test,일식,T2 동의어,00e80339-1353-4885-81d7-0746a437abb2,포식 용인한숲시티점,쌀국수 돈까스 함박스테이크,남사한숲 골목형상점가,골목형상점가,경기도,,,
fe5d4fe3f51acbfd1c1f,full_annotation_v1,A,q_일식_05,초밥,음식점 중 '일식'을 판매·제공하는 매장,test,일식,T2 동의어,9d402004-89c5-4f9e-85e2-13056d2d9769,준초밥,초밥,세은 골목형상점가,골목형상점가,광주광역시,,,
6769b658020600537e2a,full_annotation_v1,A,q_일식_05,초밥,음식점 중 '일식'을 판매·제공하는 매장,test,일식,T2 동의어,1699cceb-1148-4066-b0f3-46467d1aeb43,왕쿤,초밥,신석로골목형상점가,골목형상점가,인천광역시,,,
07ccc1b82e5cf1e8f190,full_annotation_v1,A,q_일식_05,초밥,음식점 중 '일식'을 판매·제공하는 매장,test,일식,T2 동의어,f543ba59-960b-48c9-98eb-0550be6e1c04,성원회초밥,초밥,창원 성원3차종합상가,전통시장,경상남도,,,
e0a9d12d76f84a70c72c,full_annotation_v1,A,q_일식_05,초밥,음식점 중 '일식'을 판매·제공하는 매장,test,일식,T2 동의어,9fd6e95f-acbd-46cb-9f33-112055ef0614,해도,초밥,월드시티상가 골목형상점가,골목형상점가,울산광역시,,,
a241bc6999d8f6442685,full_annotation_v1,A,q_일식_05,초밥,음식점 중 '일식'을 판매·제공하는 매장,test,일식,T2 동의어,9f360d4a-b3e1-4946-9496-dfb4d8afae2b,소소초밥,초밥,봉일천전통시장,전통시장,경기도,,,
f6a8621e1b92f7774e72,full_annotation_v1,A,q_일식_05,초밥,음식점 중 '일식'을 판매·제공하는 매장,test,일식,T2 동의어,de0645e2-8c72-41d2-b922-a9a74325cf16,미스터초밥왕,초밥,인제시장,전통시장,강원특별자치도,,,
78493cff50f01e4d22f5,full_annotation_v1,A,q_일식_05,초밥,음식점 중 '일식'을 판매·제공하는 매장,test,일식,T2 동의어,01afaafa-2a46-4977-8015-55762957ee7a,다래초밥,초밥,동문동 골목형상점가,골목형상점가,충청남도,,,
1d855f171bb48c0d86fc,full_annotation_v1,A,q_일식_05,초밥,음식점 중 '일식'을 판매·제공하는 매장,test,일식,T2 동의어,7de775db-dc2e-4228-8edc-3d11211b2129,안동상회,식용유,해운대시장,전통시장,부산광역시,,,
541161f01cacce3749a0,full_annotation_v1,A,q_일식_05,초밥,음식점 중 '일식'을 판매·제공하는 매장,test,일식,T2 동의어,9fff4662-eac9-4c36-bd46-8e7217923d99,속초초밥여행,초밥,속초중앙전통시장,전통시장,강원특별자치도,,,
5b54db3c5673d7628019,full_annotation_v1,A,q_일식_05,초밥,음식점 중 '일식'을 판매·제공하는 매장,test,일식,T2 동의어,0547b6e2-3d1e-4a4a-97c6-9b1c1344bf88,김희철 스시,,솔매사랑길 골목형상점가,골목형상점가,서울특별시,,,
38a2cb9f46727acb8e52,full_annotation_v1,A,q_일식_05,초밥,음식점 중 '일식'을 판매·제공하는 매장,test,일식,T2 동의어,ce40c255-cc88-4ec5-9e7e-ad54a35093c0,서향해장국,해장국,함덕4구상점가,골목형상점가,제주특별자치도,,,
1ada0ab92a480efc9901,full_annotation_v1,A,q_일식_05,초밥,음식점 중 '일식'을 판매·제공하는 매장,test,일식,T2 동의어,05a4dc43-d2c8-4b65-bfb6-f2b909c67f59,롤러코스터,초밥,흑석동 골목형상점가,골목형상점가,광주광역시,,,
11fea9f4c1b9da9533cb,full_annotation_v1,A,q_일식_06,돈까스 먹을 곳,음식점 중 '일식'을 판매·제공하는 매장,test,일식,T4 구어·문장,ee751214-4261-4387-a5bf-955bdba58240,광장 돈까스,돈까스,백운광장 골목형상점가,골목형상점가,광주광역시,,,
92e3552211979b0203f6,full_annotation_v1,A,q_일식_06,돈까스 먹을 곳,음식점 중 '일식'을 판매·제공하는 매장,test,일식,T4 구어·문장,3e1325dd-976f-4554-8cff-a9ea1e8b7e5c,돈까스짱,돈까스,보정중심 골목형상점가,골목형상점가,경기도,,,
1f001f6cebcaf47c2355,full_annotation_v1,A,q_일식_06,돈까스 먹을 곳,음식점 중 '일식'을 판매·제공하는 매장,test,일식,T4 구어·문장,00fcc68d-3086-4b45-b998-f3763e8dbf7d,꼬치마요 산본역점(9호점),일식,산본로데오거리(구 산본중심상가),자율상권구역,경기도,,,
eb4cd6aa6cd6e08acab2,full_annotation_v1,A,q_일식_06,돈까스 먹을 곳,음식점 중 '일식'을 판매·제공하는 매장,test,일식,T4 구어·문장,2aa275de-9340-4e3e-aa03-da6018e17de6,돈까스날다,돈까스,공주산성 활성화구역,전통시장,충청남도,,,
497c4228c645ee9c98da,full_annotation_v1,A,q_일식_06,돈까스 먹을 곳,음식점 중 '일식'을 판매·제공하는 매장,test,일식,T4 구어·문장,58f902b8-1d2a-46dc-b74b-ac2805d129f2,맹호수제돈까스세종나성점,돈까스,더센트럴 골목형상점가,골목형상점가,세종특별자치시,,,
c277c13b8aec8d63b425,full_annotation_v1,A,q_일식_06,돈까스 먹을 곳,음식점 중 '일식'을 판매·제공하는 매장,test,일식,T4 구어·문장,70e1f7d2-5cde-4fed-84b2-07ee7677f267,흑수돈,돈까스,산본전통시장(구 군포산본시장),전통시장,경기도,,,
0ee92a103253b9e06f3f,full_annotation_v1,A,q_일식_06,돈까스 먹을 곳,음식점 중 '일식'을 판매·제공하는 매장,test,일식,T4 구어·문장,4e2a26d7-36ea-4878-a83d-d018b00e8886,구석돌소곱창,음식점업(서양음식점),전곡전통시장,전통시장,경기도,,,
03a00f386e5482f3bdce,full_annotation_v1,A,q_일식_06,돈까스 먹을 곳,음식점 중 '일식'을 판매·제공하는 매장,test,일식,T4 구어·문장,02e18ef3-4b66-4159-96bf-759bfb98320f,카츠옹,돈까스,자양번영로골목형상점가,골목형상점가,서울특별시,,,
300470ddfd773f4cc4d0,full_annotation_v1,A,q_일식_06,돈까스 먹을 곳,음식점 중 '일식'을 판매·제공하는 매장,test,일식,T4 구어·문장,a1d6f0d6-fec9-48fd-b025-da8c7fd5fd80,배터지는생돈까스,돈까스,효실천거리 골목형상점가,골목형상점가,인천광역시,,,
0243d613c5fc81250e22,full_annotation_v1,A,q_일식_06,돈까스 먹을 곳,음식점 중 '일식'을 판매·제공하는 매장,test,일식,T4 구어·문장,0da7cb58-1ceb-4bc7-89dc-8705f16edb4e,아무리찾아도찾기힘든집,돈까스,원주자유시장,전통시장,강원특별자치도,,,
e45268b060f3d2796c1a,full_annotation_v1,A,q_일식_06,돈까스 먹을 곳,음식점 중 '일식'을 판매·제공하는 매장,test,일식,T4 구어·문장,022aa88a-4fef-445a-baba-83a8de201d44,돈까스,한식,우림맛솜씨길골목형상점가,골목형상점가,서울특별시,,,
e8220720c65132d7a949,full_annotation_v1,A,q_일식_06,돈까스 먹을 곳,음식점 중 '일식'을 판매·제공하는 매장,test,일식,T4 구어·문장,2c3369b2-0039-424d-ae93-8752e851eca9,원픽돈까스,돈까스,송강동 골목형상점가,골목형상점가,대전광역시,,,
99b20db3a643c5c72458,full_annotation_v1,A,q_일식_06,돈까스 먹을 곳,음식점 중 '일식'을 판매·제공하는 매장,test,일식,T4 구어·문장,818f30b1-bc79-45b5-8a1b-07e75d22b5f8,주천돈까스,돈까스,주천골목형상점가,골목형상점가,강원특별자치도,,,
c4aa7d5493ab35204e8f,full_annotation_v1,A,q_일식_06,돈까스 먹을 곳,음식점 중 '일식'을 판매·제공하는 매장,test,일식,T4 구어·문장,3ccb643d-ce5d-493b-9172-1750a0882dcf,배터지는생돈까스,돈까스,서영대 먹자 골목형상점가,골목형상점가,광주광역시,,,
acb4db79bcf2b4089582,full_annotation_v1,A,q_일식_06,돈까스 먹을 곳,음식점 중 '일식'을 판매·제공하는 매장,test,일식,T4 구어·문장,025255cd-6e4e-4d26-b2b7-bd18e2858548,정성카츠 화정점,일식,화정로상가상인회 골목형상점가,골목형상점가,광주광역시,,,
20d1be6bcb8b136cbcae,full_annotation_v1,A,q_일식_06,돈까스 먹을 곳,음식점 중 '일식'을 판매·제공하는 매장,test,일식,T4 구어·문장,01710a82-bb0d-4cbc-8491-708f78ce99fe,스시니쿠 후평점,,인공폭포상가,자율상권구역,강원특별자치도,,,
c97d80e84768c5102e50,full_annotation_v1,A,q_일식_06,돈까스 먹을 곳,음식점 중 '일식'을 판매·제공하는 매장,test,일식,T4 구어·문장,3a7ec82c-a648-44e1-865c-aedab180585c,차차돈까스,돈까스,태화십리대밭먹거리단지 상점가,자율상권구역,울산광역시,,,
885723d0696db64bf2cd,full_annotation_v1,A,q_일식_06,돈까스 먹을 곳,음식점 중 '일식'을 판매·제공하는 매장,test,일식,T4 구어·문장,445c157c-fa33-492e-9dad-43b744e3476e,대박돈까스,돈까스,말바우시장,전통시장,광주광역시,,,
829dc33e6813fab68f45,full_annotation_v1,A,q_일식_06,돈까스 먹을 곳,음식점 중 '일식'을 판매·제공하는 매장,test,일식,T4 구어·문장,005eb589-94b0-4a7e-b4e4-ef8cf64b0762,스시쿄다이,일식,동홍8번가 골목형상점가,골목형상점가,제주특별자치도,,,
b42e2f286dacc4c5ce43,full_annotation_v1,A,q_일식_06,돈까스 먹을 곳,음식점 중 '일식'을 판매·제공하는 매장,test,일식,T4 구어·문장,fd124d67-c83c-4982-94da-9d9532506106,오늘도돈까스,돈까스,화서1동 소상공인 골목형상점가,골목형상점가,경기도,,,
651c0f2aa32317852894,full_annotation_v1,A,q_일식_06,돈까스 먹을 곳,음식점 중 '일식'을 판매·제공하는 매장,test,일식,T4 구어·문장,96283e89-9b46-4095-95f9-8938abebea72,긴자료코삼송점,돈까스,권율 골목형상점가,골목형상점가,경기도,,,
4a297194ec776ca0618b,full_annotation_v1,A,q_일식_06,돈까스 먹을 곳,음식점 중 '일식'을 판매·제공하는 매장,test,일식,T4 구어·문장,919b147a-bc44-43df-8bb7-c718189415bf,장돈까스,돈까스,낙낙별길골목형상점가,골목형상점가,서울특별시,,,
93f8196f5d71354ff2b9,full_annotation_v1,A,q_일식_06,돈까스 먹을 곳,음식점 중 '일식'을 판매·제공하는 매장,test,일식,T4 구어·문장,0225925b-3945-46cd-b995-b946a617ccfc,초밥일번지,일식,안동음식의거리 골목형상점가,골목형상점가,경상북도,,,
4b608f45ace255f6a519,full_annotation_v1,A,q_일식_06,돈까스 먹을 곳,음식점 중 '일식'을 판매·제공하는 매장,test,일식,T4 구어·문장,2bc6f27e-987d-474f-8591-51ee9b6627e9,목동돈가스,돈까스,가좌시장,전통시장,인천광역시,,,
3b0906b6dd09e4e9a375,full_annotation_v1,A,q_일식_06,돈까스 먹을 곳,음식점 중 '일식'을 판매·제공하는 매장,test,일식,T4 구어·문장,c2299385-c010-4569-8c43-ea57d4bb45b2,해오름돈까스,돈까스,장대 골목형상점가,골목형상점가,대전광역시,,,
c1bc2316144fc3e78cc1,full_annotation_v1,A,q_일식_06,돈까스 먹을 곳,음식점 중 '일식'을 판매·제공하는 매장,test,일식,T4 구어·문장,c86b4fa7-1a5f-42da-8723-7443da1ec96d,더 프리미엄 골프,스크린골프,둔산2동 골목형상점가,골목형상점가,대전광역시,,,
2cf3f1f661267e8e8100,full_annotation_v1,A,q_일식_06,돈까스 먹을 곳,음식점 중 '일식'을 판매·제공하는 매장,test,일식,T4 구어·문장,315bbfe2-1c10-4ae5-81fe-94e3b89e1d57,용까쓰,돈까스,도화동상점가,자율상권구역,서울특별시,,,
fab2b74ba3b5ab5ddde9,full_annotation_v1,A,q_일식_06,돈까스 먹을 곳,음식점 중 '일식'을 판매·제공하는 매장,test,일식,T4 구어·문장,00f1a1de-5180-4857-ac9d-3d104fc8a1e0,진스시,,신구로현대어반벨리 골목형상점가,골목형상점가,서울특별시,,,
42779885828c01c97086,full_annotation_v1,A,q_일식_06,돈까스 먹을 곳,음식점 중 '일식'을 판매·제공하는 매장,test,일식,T4 구어·문장,026b148f-ce2a-4e35-8dbb-0aaca2c31325,은화수식당,돈까스 카레 우동 기타등등,군산디오션시티 골목형상점가,골목형상점가,전북특별자치도,,,
bf7288d6e29088cae472,full_annotation_v1,A,q_일식_06,돈까스 먹을 곳,음식점 중 '일식'을 판매·제공하는 매장,test,일식,T4 구어·문장,3bcf3ada-ff10-4cce-b0db-8ea2684f8c14,오로라양식,돈까스,시청역상가번영회 골목형상점가,골목형상점가,광주광역시,,,
674d3061372485cd75b9,full_annotation_v1,A,q_일식_06,돈까스 먹을 곳,음식점 중 '일식'을 판매·제공하는 매장,test,일식,T4 구어·문장,7907ad57-e826-49ce-9dcb-907bcbacaf8c,(유)상아건해,건어물,가락몰골목형상점가,골목형상점가,서울특별시,,,
90bdc473242842158f51,full_annotation_v1,A,q_일식_06,돈까스 먹을 곳,음식점 중 '일식'을 판매·제공하는 매장,test,일식,T4 구어·문장,4f3cb4d3-443a-4301-bb2b-8055ed939955,필링,돈까스,매곡 가인 골목형상점가,골목형상점가,광주광역시,,,
7f69b55da2ce8320ba17,full_annotation_v1,A,q_일식_06,돈까스 먹을 곳,음식점 중 '일식'을 판매·제공하는 매장,test,일식,T4 구어·문장,5b1df002-d759-4e0e-8276-16c04313bba3,백수정수제돈까스,돈까스,망미중앙시장,전통시장,부산광역시,,,
50234f2ad400cff5670c,full_annotation_v1,A,q_일식_06,돈까스 먹을 곳,음식점 중 '일식'을 판매·제공하는 매장,test,일식,T4 구어·문장,12dd3d64-4462-41d0-a14b-c6e44c008fd5,국민수제돈까스,돈까스,무등시장,전통시장,광주광역시,,,
300ada65f14a0f1d2456,full_annotation_v1,A,q_일식_06,돈까스 먹을 곳,음식점 중 '일식'을 판매·제공하는 매장,test,일식,T4 구어·문장,24456103-f6b8-46af-8655-82e61d7265d8,커피가 머무르는 곳,커피,반드레길골목형상점가,골목형상점가,서울특별시,,,
cb03a83e68e1924c2fdd,full_annotation_v1,A,q_일식_06,돈까스 먹을 곳,음식점 중 '일식'을 판매·제공하는 매장,test,일식,T4 구어·문장,b870c444-6c6c-4a5a-8435-a559c06e9e3b,갑부수제돈까스,돈까스,전주신중앙시장(구 중앙버드나무시장),전통시장,전북특별자치도,,,
1858a100a1d0447aac17,full_annotation_v1,A,q_일식_06,돈까스 먹을 곳,음식점 중 '일식'을 판매·제공하는 매장,test,일식,T4 구어·문장,fdbce485-4092-4cb0-8674-c6c5bfe561e6,정성카츠,돈까스,자마장시장골목형상점가,골목형상점가,서울특별시,,,
7f4c037aeb399ee02d90,full_annotation_v1,A,q_일식_06,돈까스 먹을 곳,음식점 중 '일식'을 판매·제공하는 매장,test,일식,T4 구어·문장,ee7bdc6d-5603-4af7-aadf-ff0299985902,세꼬마 돈까스,"돈까스, 우동, 아이스크림",영덕시장,전통시장,경상북도,,,
516922bf9a51b7b2e622,full_annotation_v1,A,q_일식_06,돈까스 먹을 곳,음식점 중 '일식'을 판매·제공하는 매장,test,일식,T4 구어·문장,384fd4a8-fc97-40b7-a258-65b99c1f8a66,하루미수제돈까스,돈까스,부천한신시장,전통시장,경기도,,,
836bd41837460630ab64,full_annotation_v1,A,q_일식_06,돈까스 먹을 곳,음식점 중 '일식'을 판매·제공하는 매장,test,일식,T4 구어·문장,00ba389b-e522-4da5-ac26-2ffaf33359ec,스시노유키,초밥,산본로데오거리(구 산본중심상가),자율상권구역,경기도,,,
2a36781901a4935655da,full_annotation_v1,A,q_일식_06,돈까스 먹을 곳,음식점 중 '일식'을 판매·제공하는 매장,test,일식,T4 구어·문장,01f2d713-86d5-414a-b9b9-1fdde102f589,미스타교자(상봉점),일식,상봉먹자골목형상점가,골목형상점가,서울특별시,,,
dc51788f217edfb0135f,full_annotation_v1,A,q_일식_06,돈까스 먹을 곳,음식점 중 '일식'을 판매·제공하는 매장,test,일식,T4 구어·문장,ea6ad509-ab64-4b43-bf40-7023103d3b3e,경우 돈까스,,수영팔도시장(구 수영팔도상가시장),전통시장,부산광역시,,,
fd3249b79ca733f27f08,full_annotation_v1,A,q_일식_06,돈까스 먹을 곳,음식점 중 '일식'을 판매·제공하는 매장,test,일식,T4 구어·문장,6afbadda-f12d-491f-839d-15ddbd997b90,오시날개,의류,진주 중앙시장,전통시장,경상남도,,,
a5e44ff0d4dbdaa20cdc,full_annotation_v1,A,q_일식_06,돈까스 먹을 곳,음식점 중 '일식'을 판매·제공하는 매장,test,일식,T4 구어·문장,76a3551b-dae4-4326-92cc-662015aedbfb,쉴 곳,한식,칠성로상점가,자율상권구역,제주특별자치도,,,
0cdd9fdb4d485320e162,full_annotation_v1,A,q_일식_06,돈까스 먹을 곳,음식점 중 '일식'을 판매·제공하는 매장,test,일식,T4 구어·문장,ab8946f2-444a-41be-9d58-d84b88911160,아디다스,스포츠의류운동화,성서중심시장(성서시장문화의거리 통합),전통시장,충청북도,,,
2531fcea806049f31759,full_annotation_v1,A,q_일식_06,돈까스 먹을 곳,음식점 중 '일식'을 판매·제공하는 매장,test,일식,T4 구어·문장,98a0ce23-cadb-4816-bd2f-4fe15e2ea46f,피터팬 돈까스 &스파게티,돈까스,뚝도시장,전통시장,서울특별시,,,
ebcf41bdb726163b487d,full_annotation_v1,A,q_일식_06,돈까스 먹을 곳,음식점 중 '일식'을 판매·제공하는 매장,test,일식,T4 구어·문장,891786b8-b349-4e36-b525-4737fb1d5ce6,꽃과바늘과실타래,"모종, 뜨게실",홍천중앙시장(홍천신시장),전통시장,강원특별자치도,,,
018a01b0caa4b2c3e532,full_annotation_v1,A,q_일식_06,돈까스 먹을 곳,음식점 중 '일식'을 판매·제공하는 매장,test,일식,T4 구어·문장,23138dc4-fb7a-4233-987d-979a4f054844,더바삭돈까스,돈까스,지족반석 골목형상점가,골목형상점가,대전광역시,,,
44365733fa43c3897d2a,full_annotation_v1,A,q_일식_06,돈까스 먹을 곳,음식점 중 '일식'을 판매·제공하는 매장,test,일식,T4 구어·문장,aea42991-af62-4af7-a808-878eb75c7c12,수제왕돈까스,돈까스,조방자성로 골목형 상점가,골목형상점가,부산광역시,,,
0aba33a43f5d6b985e37,full_annotation_v1,A,q_일식_06,돈까스 먹을 곳,음식점 중 '일식'을 판매·제공하는 매장,test,일식,T4 구어·문장,978f31d8-0482-4233-9d2d-83dc8fc7abec,돈까스짱,돈까스,풍암우미상인회 골목형상점가,골목형상점가,광주광역시,,,
681d0ef98fde133a0d32,full_annotation_v1,A,q_일식_06,돈까스 먹을 곳,음식점 중 '일식'을 판매·제공하는 매장,test,일식,T4 구어·문장,8ee8aa28-90ae-4e86-ad60-84cc93ae15be,신문수치과,치과,달서로행복 골목형상점가,골목형상점가,대구광역시,,,
b1997e4083489936965a,full_annotation_v1,A,q_일식_06,돈까스 먹을 곳,음식점 중 '일식'을 판매·제공하는 매장,test,일식,T4 구어·문장,00e80339-1353-4885-81d7-0746a437abb2,포식 용인한숲시티점,쌀국수 돈까스 함박스테이크,남사한숲 골목형상점가,골목형상점가,경기도,,,
f780e658362254cb886d,full_annotation_v1,A,q_일식_06,돈까스 먹을 곳,음식점 중 '일식'을 판매·제공하는 매장,test,일식,T4 구어·문장,01afaafa-2a46-4977-8015-55762957ee7a,다래초밥,초밥,동문동 골목형상점가,골목형상점가,충청남도,,,
8661ceeb25d3c2f1e651,full_annotation_v1,A,q_일식_06,돈까스 먹을 곳,음식점 중 '일식'을 판매·제공하는 매장,test,일식,T4 구어·문장,2743811c-5e71-4d2b-aa75-1b0147d44f2d,사우 꽃이 피는 곳,꽃,김포 풍년마을 골목형상점가,골목형상점가,경기도,,,
5e2470a0a3e87a0da253,full_annotation_v1,A,q_일식_06,돈까스 먹을 곳,음식점 중 '일식'을 판매·제공하는 매장,test,일식,T4 구어·문장,e0c378b7-bd35-4642-8ea1-266be6a86e1b,메로메로 돈까스 전문점,돈까스,효자시장,전통시장,경상북도,,,
62b280c3a7976b6f8d88,full_annotation_v1,A,q_일식_06,돈까스 먹을 곳,음식점 중 '일식'을 판매·제공하는 매장,test,일식,T4 구어·문장,afb78af4-6b4d-4b1f-b4da-edbaa12fe45d,만복돈까스,돈까스,원주자유시장,전통시장,강원특별자치도,,,
d67e05d1b7cfa4183076,full_annotation_v1,A,q_일식_06,돈까스 먹을 곳,음식점 중 '일식'을 판매·제공하는 매장,test,일식,T4 구어·문장,55df2868-59ed-4245-a236-8f3d3c7399de,행돈,돈까스,서문공설시장,전통시장,제주특별자치도,,,
d206101624c3c0da6b7c,full_annotation_v1,A,q_일식_06,돈까스 먹을 곳,음식점 중 '일식'을 판매·제공하는 매장,test,일식,T4 구어·문장,b79ef038-b3ef-437d-a1d7-3af25593064d,왕돈까스,돈까스,보라매다올길골목형상점가,골목형상점가,서울특별시,,,
91744761ecd766954d5d,full_annotation_v1,A,q_일식_06,돈까스 먹을 곳,음식점 중 '일식'을 판매·제공하는 매장,test,일식,T4 구어·문장,e8e403b9-140d-43e9-8d57-54b72aa169dc,에바돈가츠,돈까스,전하이편한세상2단지 골목형상점가,골목형상점가,울산광역시,,,
0fb9edc4cb37429a77c0,full_annotation_v1,A,q_일식_06,돈까스 먹을 곳,음식점 중 '일식'을 판매·제공하는 매장,test,일식,T4 구어·문장,7c44968c-6a4f-425c-af36-7cd87ff7a360,대명옛날통닭,치킨,대명신시장,전통시장,대구광역시,,,
1faac424372dc168dd48,full_annotation_v1,A,q_일식_06,돈까스 먹을 곳,음식점 중 '일식'을 판매·제공하는 매장,test,일식,T4 구어·문장,468bcac3-6c75-4575-83c8-30cb9b2f78c5,슬돈,돈까스,고성동벚꽃 골목형상점가,골목형상점가,대구광역시,,,
d5cb657dc978d4917b94,full_annotation_v1,A,q_일식_06,돈까스 먹을 곳,음식점 중 '일식'을 판매·제공하는 매장,test,일식,T4 구어·문장,00dfe7e1-6daa-4586-9146-ec927a443d02,오늘애초밥,,포항죽도농산물시장,전통시장,경상북도,,,
13b9b43bc25dfe417099,full_annotation_v1,A,q_일식_06,돈까스 먹을 곳,음식점 중 '일식'을 판매·제공하는 매장,test,일식,T4 구어·문장,1a4868a9-2415-4448-8424-85ad2737baca,99번 삼진상회,채소,대구청과시장,전통시장,대구광역시,,,
55f6fcd7a5650e52fa6b,full_annotation_v1,A,q_일식_06,돈까스 먹을 곳,음식점 중 '일식'을 판매·제공하는 매장,test,일식,T4 구어·문장,ee3588a5-058b-413a-8894-4a3202a04f6e,협성상회,과일,대구능금시장,전통시장,대구광역시,,,
23ed383058752599f141,full_annotation_v1,A,q_일식_06,돈까스 먹을 곳,음식점 중 '일식'을 판매·제공하는 매장,test,일식,T4 구어·문장,48f4c907-26df-4d7f-8e61-80fe9bde5bbf,파주운정돈까스라이팅,돈까스,운정역 중심상가 골목형상점가,골목형상점가,경기도,,,
655a3d449d15d8f1c2df,full_annotation_v1,A,q_일식_06,돈까스 먹을 곳,음식점 중 '일식'을 판매·제공하는 매장,test,일식,T4 구어·문장,3d112162-8f60-45cd-bb37-f681739430a2,상남수제돈까스,돈까스,창원 상남시장,전통시장,경상남도,,,
40f81f294798a2a3baf9,full_annotation_v1,A,q_일식_06,돈까스 먹을 곳,음식점 중 '일식'을 판매·제공하는 매장,test,일식,T4 구어·문장,6259fb5c-391e-44a5-8676-76e28bafa5a4,카츠당,돈까스,원주중앙로문화의거리,자율상권구역,강원특별자치도,,,
eff81bdfd04f644ea62f,full_annotation_v1,A,q_일식_06,돈까스 먹을 곳,음식점 중 '일식'을 판매·제공하는 매장,test,일식,T4 구어·문장,b1373e67-723f-4079-8b03-830e64443e37,원픽 돈까스,돈까스,하복대시장(구 하복대종합시장),전통시장,충청북도,,,
dde9a04677d490b1f062,full_annotation_v1,A,q_일식_06,돈까스 먹을 곳,음식점 중 '일식'을 판매·제공하는 매장,test,일식,T4 구어·문장,adc68879-94ce-46fe-be5a-a88bb9144440,미미당,돈까스,충장로123가 상점가,자율상권구역,광주광역시,,,
a241104dbd7c64bedaf8,full_annotation_v1,A,q_일식_06,돈까스 먹을 곳,음식점 중 '일식'을 판매·제공하는 매장,test,일식,T4 구어·문장,c4800548-2d62-4545-b588-c50b3497e9b0,바로돈까스,돈까스,의정부시장,전통시장,경기도,,,
118dd20966c053370f8a,full_annotation_v1,A,q_일식_06,돈까스 먹을 곳,음식점 중 '일식'을 판매·제공하는 매장,test,일식,T4 구어·문장,0004ebd2-4e64-4552-95e5-a3b62efea718,적정온도 숙성회&초밥,회초밥,장안마실골목형상점가,골목형상점가,서울특별시,,,
36255b83fe77eb0eace2,full_annotation_v1,A,q_일식_06,돈까스 먹을 곳,음식점 중 '일식'을 판매·제공하는 매장,test,일식,T4 구어·문장,424d0da5-903d-4d90-abaf-785aed7c1f46,타로,돈까스,상동역 골목형상점가,골목형상점가,경기도,,,
2d58ffab399726611254,full_annotation_v1,A,q_일식_06,돈까스 먹을 곳,음식점 중 '일식'을 판매·제공하는 매장,test,일식,T4 구어·문장,b300c1eb-0962-4154-b6ec-001f25b2d44a,배터지는생동까스,돈까스,영선신시장,전통시장,대구광역시,,,
ac51e07f84b5874dff96,full_annotation_v1,A,q_일식_06,돈까스 먹을 곳,음식점 중 '일식'을 판매·제공하는 매장,test,일식,T4 구어·문장,f9c41058-775a-4c63-9d10-0a791c7449c5,혜화동돈까스극장,돈까스,화정소담상인회 골목형상점가,골목형상점가,광주광역시,,,
48683143ed4aaad69272,full_annotation_v1,A,q_일식_06,돈까스 먹을 곳,음식점 중 '일식'을 판매·제공하는 매장,test,일식,T4 구어·문장,2ffb9d2e-51f1-412e-9ec0-a11ac9eb30bd,국수나무,돈까스,신창 골목형상점가,골목형상점가,광주광역시,,,
8dc3bc82e78e09a5359c,full_annotation_v1,A,q_일식_06,돈까스 먹을 곳,음식점 중 '일식'을 판매·제공하는 매장,test,일식,T4 구어·문장,c811126f-4360-4da5-8370-9374dd1daa58,오빠곱창대전둔산점,한식,둔산2동 골목형상점가,골목형상점가,대전광역시,,,
cba55a0ffa070859a4ab,full_annotation_v1,A,q_일식_06,돈까스 먹을 곳,음식점 중 '일식'을 판매·제공하는 매장,test,일식,T4 구어·문장,087d5a4c-e66a-44cd-92bf-f0c9dd1c07e3,삿뽀로돈까스,돈까스,송강동 골목형상점가,골목형상점가,대전광역시,,,
c2f6d88bc34fe79ed092,full_annotation_v1,A,q_일식_06,돈까스 먹을 곳,음식점 중 '일식'을 판매·제공하는 매장,test,일식,T4 구어·문장,01f14598-4405-408e-9fac-71db17ed6f05,동경스시,,풍무동1 골목형상점가,골목형상점가,경기도,,,
a0bc5b9afb70a5713aaa,full_annotation_v1,A,q_일식_06,돈까스 먹을 곳,음식점 중 '일식'을 판매·제공하는 매장,test,일식,T4 구어·문장,ca91e2c1-6d72-453f-8f01-5ceba3b0115a,안경돈까스,돈까스,공주산성시장,전통시장,충청남도,,,
1be9c3c9739fffb912a2,full_annotation_v1,A,q_일식_06,돈까스 먹을 곳,음식점 중 '일식'을 판매·제공하는 매장,test,일식,T4 구어·문장,03e60ecc-402f-49e8-b1ac-cbd4f330144d,온정돈까스 천안불당점,돈까스,시청앞 골목형상점가,골목형상점가,충청남도,,,
ae7d5ad55b16aae6c58e,full_annotation_v1,A,q_일식_06,돈까스 먹을 곳,음식점 중 '일식'을 판매·제공하는 매장,test,일식,T4 구어·문장,77d51f1c-c8d4-4bd4-9883-f8c24a361c33,돈까스천국,돈까스,서남신시장,전통시장,대구광역시,,,
f77935c93d789d7027a1,full_annotation_v1,A,q_일식_06,돈까스 먹을 곳,음식점 중 '일식'을 판매·제공하는 매장,test,일식,T4 구어·문장,01cecd17-bce9-4355-af06-2ca2cee82862,돈까스에빠지다 범어점,돈까스,범어식주가무명인골목 골목형상점가,골목형상점가,대구광역시,,,
ad40f74c2cf7e7b12748,full_annotation_v1,A,q_일식_06,돈까스 먹을 곳,음식점 중 '일식'을 판매·제공하는 매장,test,일식,T4 구어·문장,f745c172-a7bf-47e6-b7bb-2d89a74717cc,이층집,돈까스,성서계대로데오거리 골목형상점가,골목형상점가,대구광역시,,,
f7bb9434db407ba5ec98,full_annotation_v1,A,q_일식_06,돈까스 먹을 곳,음식점 중 '일식'을 판매·제공하는 매장,test,일식,T4 구어·문장,9623b677-615f-45ab-b7ec-0aeb820b9528,셰프의 돈까스,돈까스,초록거리 골목형상점가,골목형상점가,경기도,,,
e98b4ef07b027b6a814a,full_annotation_v1,A,q_일식_06,돈까스 먹을 곳,음식점 중 '일식'을 판매·제공하는 매장,test,일식,T4 구어·문장,2818030f-5603-4e54-970b-5bc7909edf58,서부돈까스,돈까스,명덕마을 골목형상점가,골목형상점가,울산광역시,,,
34b62fc891ec6e38f1f7,full_annotation_v1,A,q_일식_06,돈까스 먹을 곳,음식점 중 '일식'을 판매·제공하는 매장,test,일식,T4 구어·문장,788a2b5e-abc1-4253-b68a-5d5d0cb9996c,돈짱돈까스짱,돈까스,정자시장,전통시장,경기도,,,
fd5d8b670345e1553311,full_annotation_v1,A,q_일식_06,돈까스 먹을 곳,음식점 중 '일식'을 판매·제공하는 매장,test,일식,T4 구어·문장,42db434b-9bc1-4c68-b760-8548a32a3da2,징터돈까스,돈까스,사당4골목형상점가,골목형상점가,서울특별시,,,
b175dc59e79aca15170f,full_annotation_v1,A,q_일식_06,돈까스 먹을 곳,음식점 중 '일식'을 판매·제공하는 매장,test,일식,T4 구어·문장,c41ce0f6-0577-4354-b93e-56a58cd96403,트라이강릉점,"내의, 의류",강릉성남시장,전통시장,강원특별자치도,,,
ee042333be9ad0552e67,full_annotation_v1,A,q_일식_06,돈까스 먹을 곳,음식점 중 '일식'을 판매·제공하는 매장,test,일식,T4 구어·문장,82f8a7ca-c34d-4276-8404-c4a962a99308,제이카츠,돈까스,신용동 대성빌딩 골목형상점가,골목형상점가,광주광역시,,,
30d8020a86aa4809d145,full_annotation_v1,A,q_일식_06,돈까스 먹을 곳,음식점 중 '일식'을 판매·제공하는 매장,test,일식,T4 구어·문장,c111ac9d-3f3a-405c-a8db-4d127ccda9e2,행복이 있는 곳,잡화,제주로얄쇼핑센터,자율상권구역,제주특별자치도,,,
0af66a2e4adecb0f8ee3,full_annotation_v1,A,q_일식_06,돈까스 먹을 곳,음식점 중 '일식'을 판매·제공하는 매장,test,일식,T4 구어·문장,00eefa39-8925-4ff1-8fb6-e3aa2c2b7937,아비꼬 용인보정점,일식 음식점,BOCA 보카상점가,골목형상점가,경기도,,,
06bf4b27dd9beda4aef4,full_annotation_v1,A,q_일식_06,돈까스 먹을 곳,음식점 중 '일식'을 판매·제공하는 매장,test,일식,T4 구어·문장,798dd181-79ee-44e5-b5cc-3789a4c8f6db,동명카츠,돈까스,"일곡동(제4지역:쌍용,호반,청솔2,호반일신,청솔1)",골목형상점가,광주광역시,,,
40712c734544765b7fdf,full_annotation_v1,A,q_일식_06,돈까스 먹을 곳,음식점 중 '일식'을 판매·제공하는 매장,test,일식,T4 구어·문장,09974357-baf6-431b-8acb-aff12cbc5102,혜자돈가츠,돈까스,명촌효성해링턴상가 골목형상점가,골목형상점가,울산광역시,,,
3ade76f191e161ba9191,full_annotation_v1,A,q_일식_06,돈까스 먹을 곳,음식점 중 '일식'을 판매·제공하는 매장,test,일식,T4 구어·문장,ffcd31fa-5142-43b4-b015-90b8bc3bc765,김자순수제돈까스,돈까스,새마을시장,전통시장,서울특별시,,,
3d2470845c4a0143d634,full_annotation_v1,A,q_일식_06,돈까스 먹을 곳,음식점 중 '일식'을 판매·제공하는 매장,test,일식,T4 구어·문장,d5988815-8ae0-471a-aa31-b2c1cf481eeb,신돈키호테,돈까스,배방상점가,자율상권구역,충청남도,,,
9e43eafbea0084452034,full_annotation_v1,A,q_일식_06,돈까스 먹을 곳,음식점 중 '일식'을 판매·제공하는 매장,test,일식,T4 구어·문장,105caee8-054c-4590-b852-4e2826a0c3a4,돈까스,음식(돈까스),구로시장,전통시장,서울특별시,,,
82c8eda34e35b5e47adf,full_annotation_v1,A,q_일식_06,돈까스 먹을 곳,음식점 중 '일식'을 판매·제공하는 매장,test,일식,T4 구어·문장,ef9d297b-3674-4a64-9ba6-a98efeb46899,필링돈까스,돈까스,정부청사 골목형상점가,골목형상점가,광주광역시,,,
1d44bb6e7d45eaf1296b,full_annotation_v1,A,q_일식_06,돈까스 먹을 곳,음식점 중 '일식'을 판매·제공하는 매장,test,일식,T4 구어·문장,feb74da7-483a-4654-b85f-35828f4a068e,용돈까스,돈까스,현풍백년도깨비시장,전통시장,대구광역시,,,
75f69617bf9abe038c4f,full_annotation_v1,A,q_일식_06,돈까스 먹을 곳,음식점 중 '일식'을 판매·제공하는 매장,test,일식,T4 구어·문장,e8817ece-8deb-4e19-9ff7-b0c2f1274f2b,오로라양식,돈까스,호남동불로동천변 골목형상점가,골목형상점가,광주광역시,,,
ecae15fd785dfcc86cc6,full_annotation_v1,A,q_일식_06,돈까스 먹을 곳,음식점 중 '일식'을 판매·제공하는 매장,test,일식,T4 구어·문장,c7e23c64-16e4-440a-9286-a88253b601ea,네모돼지돈까스,돈까스,문화의거리 상점가,자율상권구역,울산광역시,,,
5d311e21083473b802dc,full_annotation_v1,A,q_일식_06,돈까스 먹을 곳,음식점 중 '일식'을 판매·제공하는 매장,test,일식,T4 구어·문장,f59ff58e-a5a6-4c97-9f03-b9e01ddcfbd1,숙자네가게,과일 채소,달서로행복 골목형상점가,골목형상점가,대구광역시,,,
7b32ab6b5b781c2d2f68,full_annotation_v1,A,q_일식_06,돈까스 먹을 곳,음식점 중 '일식'을 판매·제공하는 매장,test,일식,T4 구어·문장,059d92ad-3eb4-46e8-99b2-aca520968491,돈까스 브라더스,"돈까스, 파스타",금호행복시장(금호시장),전통시장,경기도,,,
59e650e9b3f5cb225aed,full_annotation_v1,A,q_일식_06,돈까스 먹을 곳,음식점 중 '일식'을 판매·제공하는 매장,test,일식,T4 구어·문장,176c903a-2523-48fe-86d5-25285c35b8e9,경희경양식,돈까스,회기랑길골목형상점가,골목형상점가,서울특별시,,,
eecd2eaea6fa3e33afd8,full_annotation_v1,A,q_일식_06,돈까스 먹을 곳,음식점 중 '일식'을 판매·제공하는 매장,test,일식,T4 구어·문장,f2013bc4-89ef-4bb0-8f98-3455a6393571,석진봉까스,돈까스,신흥로데오거리상점가,골목형상점가,경기도,,,
4788d3b947cd5fd51b66,full_annotation_v1,A,q_일식_06,돈까스 먹을 곳,음식점 중 '일식'을 판매·제공하는 매장,test,일식,T4 구어·문장,33062b8a-eaf5-4600-b5da-256d02309853,돈페,양식 돈까스,수완장덕 골목형상점가,골목형상점가,광주광역시,,,
36385fde3943febd730a,full_annotation_v1,A,q_일식_06,돈까스 먹을 곳,음식점 중 '일식'을 판매·제공하는 매장,test,일식,T4 구어·문장,217afd8e-35e9-4db8-a90d-1edd566aa5a5,윤돈,돈까스,익산중앙시장,전통시장,전북특별자치도,,,
5a5ba9a0ba0dcb72a883,full_annotation_v1,A,q_일식_06,돈까스 먹을 곳,음식점 중 '일식'을 판매·제공하는 매장,test,일식,T4 구어·문장,7d33877a-6ad4-4031-bcd2-1a3f2e1060ac,굴뚝,돈까스,원주자유시장,전통시장,강원특별자치도,,,
262b4fb9ad3ed1402c6b,full_annotation_v1,A,q_일식_06,돈까스 먹을 곳,음식점 중 '일식'을 판매·제공하는 매장,test,일식,T4 구어·문장,3862937b-b0d3-48a2-a32a-947772fcea3e,브라운돈까스,돈까스,소담마실길 골목형상점가,골목형상점가,세종특별자치시,,,
9294b7fd6ba37d12d6b0,full_annotation_v1,A,q_일식_06,돈까스 먹을 곳,음식점 중 '일식'을 판매·제공하는 매장,test,일식,T4 구어·문장,0547b6e2-3d1e-4a4a-97c6-9b1c1344bf88,김희철 스시,,솔매사랑길 골목형상점가,골목형상점가,서울특별시,,,
77b17cedc514bb4bde32,full_annotation_v1,A,q_일식_06,돈까스 먹을 곳,음식점 중 '일식'을 판매·제공하는 매장,test,일식,T4 구어·문장,d47bfdbb-35dc-4a50-a293-6ff3d8ee93e2,일단지 시장 돈까스,돈까스,후평일단지시장,전통시장,강원특별자치도,,,
c881e76635f32b99537b,full_annotation_v1,A,q_일식_06,돈까스 먹을 곳,음식점 중 '일식'을 판매·제공하는 매장,test,일식,T4 구어·문장,47988843-7f3b-46f8-b68f-aefc6bc1ecdb,돈까스만드는남자,돈까스,광복마을푸른길 골목형상점가,골목형상점가,광주광역시,,,
92dd980e357ea323ff2d,full_annotation_v1,A,q_일식_06,돈까스 먹을 곳,음식점 중 '일식'을 판매·제공하는 매장,test,일식,T4 구어·문장,56eb3b37-8346-4cd2-b93e-e7724f6151e0,호야,돈까스,양지중앙 골목형상점가,골목형상점가,경기도,,,
156d9d57d09992691e60,full_annotation_v1,A,q_일식_06,돈까스 먹을 곳,음식점 중 '일식'을 판매·제공하는 매장,test,일식,T4 구어·문장,68778bd6-216f-4b4d-b71f-f55e99367d2b,청호돈까스,돈까스,호계공설시장,전통시장,울산광역시,,,
b1b925f10ce1ab374d33,full_annotation_v1,A,q_일식_06,돈까스 먹을 곳,음식점 중 '일식'을 판매·제공하는 매장,test,일식,T4 구어·문장,435dcbfe-d56f-4842-8e07-7dd270bbee16,한연순,농산물,제주시민속오일시장,전통시장,제주특별자치도,,,
05762a1a737229c38537,full_annotation_v1,A,q_일식_06,돈까스 먹을 곳,음식점 중 '일식'을 판매·제공하는 매장,test,일식,T4 구어·문장,62c26e13-925d-4bd2-9563-3c0362069e44,약돌돈까스,돈까스,가은아자개시장,전통시장,경상북도,,,
17c0fb4200e1732dc003,full_annotation_v1,A,q_일식_06,돈까스 먹을 곳,음식점 중 '일식'을 판매·제공하는 매장,test,일식,T4 구어·문장,12410d6f-fc90-41c8-b0fe-427e73473c32,푸짐돈까스,돈까스,금당산길상인회 골목형상점가,골목형상점가,광주광역시,,,
de05b0616d6221e36d4c,full_annotation_v1,A,q_일식_06,돈까스 먹을 곳,음식점 중 '일식'을 판매·제공하는 매장,test,일식,T4 구어·문장,5cb12b9d-3ae9-4ed4-85b5-2900ceaa9ffe,만춘,돈까스,과천스마트케이 골목형상점가,골목형상점가,경기도,,,
a66d6295c1061b8d30bd,full_annotation_v1,A,q_일식_06,돈까스 먹을 곳,음식점 중 '일식'을 판매·제공하는 매장,test,일식,T4 구어·문장,a20d8d28-6b7d-4316-9a44-fac065f5911b,스타동,돈까스,회기랑길골목형상점가,골목형상점가,서울특별시,,,
541fadaedc06b0f019f1,full_annotation_v1,A,q_일식_06,돈까스 먹을 곳,음식점 중 '일식'을 판매·제공하는 매장,test,일식,T4 구어·문장,ddd6777f-b7a4-4854-a940-2560d89bd4a5,행복한식탁,돈까스,노암길골목형상점가,골목형상점가,강원특별자치도,,,
63bd65e4faafe551cdd8,full_annotation_v1,A,q_일식_06,돈까스 먹을 곳,음식점 중 '일식'을 판매·제공하는 매장,test,일식,T4 구어·문장,15043e8b-d1e1-4e80-8902-fc7f21f28f0c,돈까스담다,돈까스,BOCA 보카상점가,골목형상점가,경기도,,,
584ee4f2c3912ca17cff,full_annotation_v1,A,q_일식_06,돈까스 먹을 곳,음식점 중 '일식'을 판매·제공하는 매장,test,일식,T4 구어·문장,9b89bb34-282b-4f8b-92d7-6eae1b8e5510,할아버지 돈까스,,잠실 장미종합상가 골목형상점가,골목형상점가,서울특별시,,,
fb8bc1a4daab7459584b,full_annotation_v1,A,q_일식_06,돈까스 먹을 곳,음식점 중 '일식'을 판매·제공하는 매장,test,일식,T4 구어·문장,abf57d98-7856-4957-9681-fb9e7c0a0061,화장품플러스,화장품,모래내시장,전통시장,서울특별시,,,
3dbdd6228048d08a388d,full_annotation_v1,A,q_일식_06,돈까스 먹을 곳,음식점 중 '일식'을 판매·제공하는 매장,test,일식,T4 구어·문장,8982a8d2-fffb-4de8-8d8b-9c223611bd0f,돈까스마을,돈까스,원주자유시장,전통시장,강원특별자치도,,,
3f4b3bcc7298ea3807ed,full_annotation_v1,A,q_일식_06,돈까스 먹을 곳,음식점 중 '일식'을 판매·제공하는 매장,test,일식,T4 구어·문장,013d58c8-33f8-4dbe-95de-801d22ea9505,민영활어공장 부천자유시장점,"회, 초밥",부천자유시장,전통시장,경기도,,,
4133424afb844e657513,full_annotation_v1,A,q_일식_06,돈까스 먹을 곳,음식점 중 '일식'을 판매·제공하는 매장,test,일식,T4 구어·문장,8b06f1bd-5cc0-4a7d-9af3-11e5e794bd57,미소돈까스,돈까스,용호시장,전통시장,부산광역시,,,
d9d6df1fe5852cb3ffac,full_annotation_v1,A,q_일식_06,돈까스 먹을 곳,음식점 중 '일식'을 판매·제공하는 매장,test,일식,T4 구어·문장,1c59b3d2-5e4e-4b04-862e-ece897e00ed3,망치,돈까스,원신흥 골목형상점가,골목형상점가,대전광역시,,,
121c826653eeb2a72412,full_annotation_v1,A,q_일식_06,돈까스 먹을 곳,음식점 중 '일식'을 판매·제공하는 매장,test,일식,T4 구어·문장,04c1454c-94f9-4a74-a347-11bfad75cb82,스시대관령,일식스시,내곡동골목형상점가,골목형상점가,강원특별자치도,,,
445d711b29d2a71ab0de,full_annotation_v1,A,q_일식_06,돈까스 먹을 곳,음식점 중 '일식'을 판매·제공하는 매장,test,일식,T4 구어·문장,9bd99d8a-103c-44bb-9fb8-998df4e14e77,돈까스뷔페,돈까스,일곡동 골목형상점가,골목형상점가,광주광역시,,,
4a8ee83ae460e710d686,full_annotation_v1,A,q_일식_06,돈까스 먹을 곳,음식점 중 '일식'을 판매·제공하는 매장,test,일식,T4 구어·문장,b8f2f65b-5e8b-4216-b032-03cd94397e70,소담돈까스,돈까스,전곡중앙상가 골목형상점가,골목형상점가,경기도,,,
6c4487e245f185140229,full_annotation_v1,A,q_일식_06,돈까스 먹을 곳,음식점 중 '일식'을 판매·제공하는 매장,test,일식,T4 구어·문장,1be2f742-0996-4607-9f03-886299f087d8,생생돈까스,돈까스,신용동 육교 앞 골목형상점가,골목형상점가,광주광역시,,,
f71e6a2b90115c56a588,full_annotation_v1,A,q_일식_06,돈까스 먹을 곳,음식점 중 '일식'을 판매·제공하는 매장,test,일식,T4 구어·문장,6786ef16-22eb-46f7-93ac-b50c9de62f50,망치 돈까스,,남악천변 골목형상점가,골목형상점가,,,,
d46567f79ac16606dc0c,full_annotation_v1,A,q_일식_06,돈까스 먹을 곳,음식점 중 '일식'을 판매·제공하는 매장,test,일식,T4 구어·문장,7fbbbba3-f517-4baa-926c-d5102673a5b7,한우랑한돈이,식육,중앙신시장,전통시장,경상북도,,,
b7b10837be74d1025be1,full_annotation_v1,A,q_일식_07,일식 먹을 데,음식점 중 '일식'을 판매·제공하는 매장,test,일식,T4 구어·문장,1d8cea8e-3ad1-4b18-8093-0926cdd6d4ef,돈카춘,일식,순헌황귀비길 골목형상점가,골목형상점가,서울특별시,,,
e6eec51887bbad152ff9,full_annotation_v1,A,q_일식_07,일식 먹을 데,음식점 중 '일식'을 판매·제공하는 매장,test,일식,T4 구어·문장,00ba389b-e522-4da5-ac26-2ffaf33359ec,스시노유키,초밥,산본로데오거리(구 산본중심상가),자율상권구역,경기도,,,
8adf7c9d36238e6b1783,full_annotation_v1,A,q_일식_07,일식 먹을 데,음식점 중 '일식'을 판매·제공하는 매장,test,일식,T4 구어·문장,e068f344-e797-4f8f-837b-069e986ace61,스시현,일식,테라스파크상가 골목형상점가,골목형상점가,울산광역시,,,
72530882c95bb0183d28,full_annotation_v1,A,q_일식_07,일식 먹을 데,음식점 중 '일식'을 판매·제공하는 매장,test,일식,T4 구어·문장,0765e12e-557b-4cdf-87c6-5bd597bbc798,청록참치,일식,인현시장 상점가,자율상권구역,서울특별시,,,
640d367eaaee92804352,full_annotation_v1,A,q_일식_07,일식 먹을 데,음식점 중 '일식'을 판매·제공하는 매장,test,일식,T4 구어·문장,3b2aa9ee-6601-44e0-b452-7354bf5b0eb1,오아시스,일식,서부시장,전통시장,대구광역시,,,
b2351fd2180842f91696,full_annotation_v1,A,q_일식_07,일식 먹을 데,음식점 중 '일식'을 판매·제공하는 매장,test,일식,T4 구어·문장,e16a9bea-7f27-4434-afce-df9745e5deb7,제니키친팩토리,케이터링 치킨,시계탑상가거리,골목형상점가,제주특별자치도,,,
1128a6960c02983dca58,full_annotation_v1,A,q_일식_07,일식 먹을 데,음식점 중 '일식'을 판매·제공하는 매장,test,일식,T4 구어·문장,165eb204-072e-421e-9ed0-724286f537a2,오니,일식,평화광장 먹자골목상점가,골목형상점가,전라남도,,,
8c4fd853d415ded98222,full_annotation_v1,A,q_일식_07,일식 먹을 데,음식점 중 '일식'을 판매·제공하는 매장,test,일식,T4 구어·문장,db329f9e-982e-448a-ba94-5c6260e1158e,돌고래,일식,엄사 골목형상점가,골목형상점가,충청남도,,,
c9da26a8dd90fc56dfb5,full_annotation_v1,A,q_일식_07,일식 먹을 데,음식점 중 '일식'을 판매·제공하는 매장,test,일식,T4 구어·문장,9417bfba-addf-4092-96fc-3a0483307077,미유제면소,일식,장동로터리 골목형상점가,골목형상점가,광주광역시,,,
96c0efdc482ace7f802d,full_annotation_v1,A,q_일식_07,일식 먹을 데,음식점 중 '일식'을 판매·제공하는 매장,test,일식,T4 구어·문장,ee898d7f-317c-4f05-bee5-c7833f3dc580,돈스케,일식,달서시장,전통시장,대구광역시,,,
aa304a601b26408eae8e,full_annotation_v1,A,q_일식_07,일식 먹을 데,음식점 중 '일식'을 판매·제공하는 매장,test,일식,T4 구어·문장,a59e2aea-63c0-4aea-b80c-13c2293b0eb4,청담일식,일식,수완나들목 골목형상점가,골목형상점가,광주광역시,,,
0267a253c348a7bab04c,full_annotation_v1,A,q_일식_07,일식 먹을 데,음식점 중 '일식'을 판매·제공하는 매장,test,일식,T4 구어·문장,8fde781a-537a-40ac-9a4e-1216a9a32dad,유끼,일식,신월7동골목형상점가,골목형상점가,서울특별시,,,
cec1356f2b8398ac9ac6,full_annotation_v1,A,q_일식_07,일식 먹을 데,음식점 중 '일식'을 판매·제공하는 매장,test,일식,T4 구어·문장,4fd9a187-cbe4-40ac-877d-1a1339c3c3d6,라쿠엔,일식,매드블럭 골목형상점가,골목형상점가,대전광역시,,,
520dbf537a6325423637,full_annotation_v1,A,q_일식_07,일식 먹을 데,음식점 중 '일식'을 판매·제공하는 매장,test,일식,T4 구어·문장,7500b86e-c1d2-47d7-91ed-4f91997afc05,코레와카레,일식,산격종합시장,전통시장,대구광역시,,,
3adeac395937eeab7f1c,full_annotation_v1,A,q_일식_07,일식 먹을 데,음식점 중 '일식'을 판매·제공하는 매장,test,일식,T4 구어·문장,7341f9fb-bb31-4677-b92a-6cb259d42750,윤돈,일식,뚝섬역상점가(서울숲상원길상점가),자율상권구역,서울특별시,,,
46cfa46d5d42f3b2a766,full_annotation_v1,A,q_일식_07,일식 먹을 데,음식점 중 '일식'을 판매·제공하는 매장,test,일식,T4 구어·문장,32d77dcd-687b-4dc3-aa21-b8805c150b43,진남회집,일식,노량진수산시장골목형상점가,골목형상점가,서울특별시,,,
16a5c35a9d5604e1027c,full_annotation_v1,A,q_일식_07,일식 먹을 데,음식점 중 '일식'을 판매·제공하는 매장,test,일식,T4 구어·문장,d995747b-0850-42d6-9cb6-7786b15afd27,신바다횟집,일식,중앙신시장,전통시장,경상북도,,,
beef8da97fbac2f98278,full_annotation_v1,A,q_일식_07,일식 먹을 데,음식점 중 '일식'을 판매·제공하는 매장,test,일식,T4 구어·문장,1d1a4025-2055-49d1-86c7-b98f557b73a0,푸른바다횟집,일식,뚝도시장,전통시장,서울특별시,,,
96de1b13df64ff32873f,full_annotation_v1,A,q_일식_07,일식 먹을 데,음식점 중 '일식'을 판매·제공하는 매장,test,일식,T4 구어·문장,52c57bbb-b5d7-4687-a2e4-0316aead4d8b,회심,일식,범어식주가무명인골목 골목형상점가,골목형상점가,대구광역시,,,
9347ceccb614ade3a1ed,full_annotation_v1,A,q_일식_07,일식 먹을 데,음식점 중 '일식'을 판매·제공하는 매장,test,일식,T4 구어·문장,a04b4925-11d6-4d03-ae1d-341b4f383171,잇텐,일식,어은누리 골목형상점가,골목형상점가,대전광역시,,,
e25e5f5269f7850edf2f,full_annotation_v1,A,q_일식_07,일식 먹을 데,음식점 중 '일식'을 판매·제공하는 매장,test,일식,T4 구어·문장,1b8e262c-ebb0-4af4-a4b8-accd737a8f8c,스시경,일식,목3동골목형상점가,골목형상점가,서울특별시,,,
c82404187e6d1361b178,full_annotation_v1,A,q_일식_07,일식 먹을 데,음식점 중 '일식'을 판매·제공하는 매장,test,일식,T4 구어·문장,7a13fa39-ec2a-4a7c-aa23-fc198d2263f5,황금어장,일식,답십리시장,전통시장,서울특별시,,,
c3644dce56c6ba609c07,full_annotation_v1,A,q_일식_07,일식 먹을 데,음식점 중 '일식'을 판매·제공하는 매장,test,일식,T4 구어·문장,01f2d713-86d5-414a-b9b9-1fdde102f589,미스타교자(상봉점),일식,상봉먹자골목형상점가,골목형상점가,서울특별시,,,
d188df6eb2749f7486b9,full_annotation_v1,A,q_일식_07,일식 먹을 데,음식점 중 '일식'을 판매·제공하는 매장,test,일식,T4 구어·문장,00fcc68d-3086-4b45-b998-f3763e8dbf7d,꼬치마요 산본역점(9호점),일식,산본로데오거리(구 산본중심상가),자율상권구역,경기도,,,
270394cf23102eb9bbb6,full_annotation_v1,A,q_일식_07,일식 먹을 데,음식점 중 '일식'을 판매·제공하는 매장,test,일식,T4 구어·문장,0004ebd2-4e64-4552-95e5-a3b62efea718,적정온도 숙성회&초밥,회초밥,장안마실골목형상점가,골목형상점가,서울특별시,,,
e4b3ffd7a3ad120d0ee2,full_annotation_v1,A,q_일식_07,일식 먹을 데,음식점 중 '일식'을 판매·제공하는 매장,test,일식,T4 구어·문장,47fe4013-db36-4d8b-a2d7-b244a53613e5,아토,일식,궁동 골목형상점가,골목형상점가,대전광역시,,,
11443a45f5a95730561c,full_annotation_v1,A,q_일식_07,일식 먹을 데,음식점 중 '일식'을 판매·제공하는 매장,test,일식,T4 구어·문장,005eb589-94b0-4a7e-b4e4-ef8cf64b0762,스시쿄다이,일식,동홍8번가 골목형상점가,골목형상점가,제주특별자치도,,,
3a76f2412caff0a69899,full_annotation_v1,A,q_일식_07,일식 먹을 데,음식점 중 '일식'을 판매·제공하는 매장,test,일식,T4 구어·문장,395e5db2-316c-480d-a127-7c9f2f4847b4,덥,일식,서구청먹자골목상인회 골목형상점가,골목형상점가,광주광역시,,,
67ed40b48c1cf646de41,full_annotation_v1,A,q_일식_07,일식 먹을 데,음식점 중 '일식'을 판매·제공하는 매장,test,일식,T4 구어·문장,3895c8de-d6d3-4ab0-bbe7-892105f48cae,청담동 선학쭈꾸미,한식,고성동벚꽃 골목형상점가,골목형상점가,대구광역시,,,
bce8874deeacad71c452,full_annotation_v1,A,q_일식_07,일식 먹을 데,음식점 중 '일식'을 판매·제공하는 매장,test,일식,T4 구어·문장,b08deef3-ed26-44a7-91e9-81e72e78f27a,카츠,일식,팔등로기부거리,골목형상점가,울산광역시,,,
caa505286c08bade4e7e,full_annotation_v1,A,q_일식_07,일식 먹을 데,음식점 중 '일식'을 판매·제공하는 매장,test,일식,T4 구어·문장,3f41c978-6514-4045-9f39-460282084f20,안성침구,침구,마산 부림시장,전통시장,경상남도,,,
71e1b7031362f9db9eb6,full_annotation_v1,A,q_일식_07,일식 먹을 데,음식점 중 '일식'을 판매·제공하는 매장,test,일식,T4 구어·문장,3b70fe42-8d9b-4a3d-8409-d4e80736541a,구미,일식,구미 금리단길 골목형상점가,골목형상점가,경상북도,,,
feefd84176157e3166e9,full_annotation_v1,A,q_일식_07,일식 먹을 데,음식점 중 '일식'을 판매·제공하는 매장,test,일식,T4 구어·문장,ca2fb5da-1453-4a95-b499-e031dd5f83b0,황금회포차,일식,용봉지구 골목형상점가,골목형상점가,광주광역시,,,
82e2084aff4ab110074d,full_annotation_v1,A,q_일식_07,일식 먹을 데,음식점 중 '일식'을 판매·제공하는 매장,test,일식,T4 구어·문장,01afaafa-2a46-4977-8015-55762957ee7a,다래초밥,초밥,동문동 골목형상점가,골목형상점가,충청남도,,,
6a6a218ca13411040e47,full_annotation_v1,A,q_일식_07,일식 먹을 데,음식점 중 '일식'을 판매·제공하는 매장,test,일식,T4 구어·문장,bff1715e-a400-4ba4-9df0-c236d2ba9abe,카즈호,일식,마치광장골목형상점가,골목형상점가,대전광역시,,,
01bb855fae7e6cf7fdfe,full_annotation_v1,A,q_일식_07,일식 먹을 데,음식점 중 '일식'을 판매·제공하는 매장,test,일식,T4 구어·문장,756cebb3-4b70-4b09-beba-1224477ec087,다인,일식,이충 중심상가,골목형상점가,경기도,,,
be5d4ac6465f9ba39f35,full_annotation_v1,A,q_일식_07,일식 먹을 데,음식점 중 '일식'을 판매·제공하는 매장,test,일식,T4 구어·문장,a944b4c1-bc24-4a92-8865-64d940f0ac24,엘닷,일식,성수역골목형상점가,골목형상점가,서울특별시,,,
56316911572649fc34b3,full_annotation_v1,A,q_일식_07,일식 먹을 데,음식점 중 '일식'을 판매·제공하는 매장,test,일식,T4 구어·문장,b80413bd-b0f7-47b1-86dd-4dedc19c2db5,미가,일식,종암북바위길골목형상점가,골목형상점가,서울특별시,,,
98e02b56878107dbf1f1,full_annotation_v1,A,q_일식_07,일식 먹을 데,음식점 중 '일식'을 판매·제공하는 매장,test,일식,T4 구어·문장,0547b6e2-3d1e-4a4a-97c6-9b1c1344bf88,김희철 스시,,솔매사랑길 골목형상점가,골목형상점가,서울특별시,,,
08af2835e0f204891ebd,full_annotation_v1,A,q_일식_07,일식 먹을 데,음식점 중 '일식'을 판매·제공하는 매장,test,일식,T4 구어·문장,4587242d-412f-4b95-90ac-d1a33d07edb2,귄식당,일식,방배역먹자골목 골목형상점가,골목형상점가,서울특별시,,,
0370b01dda8b8ed8f153,full_annotation_v1,A,q_일식_07,일식 먹을 데,음식점 중 '일식'을 판매·제공하는 매장,test,일식,T4 구어·문장,e1459d12-eadf-44f3-95d4-231fefac3e28,우리동네1등초밥마트,일식,정자시장,전통시장,경기도,,,
573033f4d6d2988a5dce,full_annotation_v1,A,q_일식_07,일식 먹을 데,음식점 중 '일식'을 판매·제공하는 매장,test,일식,T4 구어·문장,f213730e-50f0-4531-ac73-3f88a21fce6a,유미카츠,일식,목2동시장,전통시장,서울특별시,,,
2614783f8b7d37822b13,full_annotation_v1,A,q_일식_07,일식 먹을 데,음식점 중 '일식'을 판매·제공하는 매장,test,일식,T4 구어·문장,00eefa39-8925-4ff1-8fb6-e3aa2c2b7937,아비꼬 용인보정점,일식 음식점,BOCA 보카상점가,골목형상점가,경기도,,,
53c8c57189b1966d768d,full_annotation_v1,A,q_일식_07,일식 먹을 데,음식점 중 '일식'을 판매·제공하는 매장,test,일식,T4 구어·문장,7234e0fe-2051-492b-a754-10f380afb9a3,노렌인,일식,과천스마트케이 골목형상점가,골목형상점가,경기도,,,
3a5c60d186115390016b,full_annotation_v1,A,q_일식_07,일식 먹을 데,음식점 중 '일식'을 판매·제공하는 매장,test,일식,T4 구어·문장,c1a9745c-156e-47ff-b4d8-af7d6bbf25e4,해왁,일식,사가정51길 골목형상점가,골목형상점가,서울특별시,,,
2ac7c2439543b2b637b1,full_annotation_v1,A,q_일식_07,일식 먹을 데,음식점 중 '일식'을 판매·제공하는 매장,test,일식,T4 구어·문장,df5ffa86-50f6-4457-b022-7fa0256f5e74,팜,피자,범어식주가무명인골목 골목형상점가,골목형상점가,대구광역시,,,
3c84afac17903a9126a4,full_annotation_v1,A,q_일식_07,일식 먹을 데,음식점 중 '일식'을 판매·제공하는 매장,test,일식,T4 구어·문장,e44788a8-2de8-43e3-b059-7e78cd4edf73,우에,일식,방천시장,전통시장,대구광역시,,,
d6268a3d02fca0b3bfe3,full_annotation_v1,A,q_일식_07,일식 먹을 데,음식점 중 '일식'을 판매·제공하는 매장,test,일식,T4 구어·문장,7fde034b-96e4-455a-83e2-7b5692b96a17,먹을터,한식,화성행궁골목형상점가,골목형상점가,경기도,,,
2379c87017e6e36d5f8a,full_annotation_v1,A,q_일식_07,일식 먹을 데,음식점 중 '일식'을 판매·제공하는 매장,test,일식,T4 구어·문장,edd13318-7272-46e6-8c51-e7bb3c577762,하루,일식,종암북바위길골목형상점가,골목형상점가,서울특별시,,,
b7e127aa66bd75a949e4,full_annotation_v1,A,q_일식_07,일식 먹을 데,음식점 중 '일식'을 판매·제공하는 매장,test,일식,T4 구어·문장,aba76fc2-984e-4030-ba01-e2e7d78264c7,데 아로즈 대전둔산본점,,갈리단길 골목형상점가,골목형상점가,대전광역시,,,
ee59874cc0be3809131f,full_annotation_v1,A,q_일식_07,일식 먹을 데,음식점 중 '일식'을 판매·제공하는 매장,test,일식,T4 구어·문장,bb11c4ef-0c0a-4eb5-94a6-2ed750c8c4b0,진초밥,일식,뒷개로청춘골목상점가,골목형상점가,전라남도,,,
acb3f1e7c20f562d281a,full_annotation_v1,A,q_일식_07,일식 먹을 데,음식점 중 '일식'을 판매·제공하는 매장,test,일식,T4 구어·문장,1279715c-8e04-4077-94fa-631ba0dd3325,정점,일식,누웨마루거리상점가,자율상권구역,제주특별자치도,,,
680bc887e70c576f5081,full_annotation_v1,A,q_일식_07,일식 먹을 데,음식점 중 '일식'을 판매·제공하는 매장,test,일식,T4 구어·문장,dddf07f0-7dd7-470f-a66d-ba92a2620b16,모츠모,일식,도담동 골목형상점가,골목형상점가,세종특별자치시,,,
a9b34d5b2db6c2e2858e,full_annotation_v1,A,q_일식_07,일식 먹을 데,음식점 중 '일식'을 판매·제공하는 매장,test,일식,T4 구어·문장,5b13edec-9a25-42db-b3d3-f465176cf4b7,새섬초밥횟집,일식,송산동 골목상점가,골목형상점가,제주특별자치도,,,
cca0c74b73256282e56a,full_annotation_v1,A,q_일식_07,일식 먹을 데,음식점 중 '일식'을 판매·제공하는 매장,test,일식,T4 구어·문장,1990e6a3-754c-49b6-95a5-e0ec9ef9b69d,아타라시,일식,가락골 골목형상점가,골목형상점가,서울특별시,,,
3f465c7da0286f87e173,full_annotation_v1,A,q_일식_07,일식 먹을 데,음식점 중 '일식'을 판매·제공하는 매장,test,일식,T4 구어·문장,1099991c-2447-4de4-a887-850d21eacd38,마끼,일식,연서시장,전통시장,서울특별시,,,
6224b39425006fe1e460,full_annotation_v1,A,q_일식_07,일식 먹을 데,음식점 중 '일식'을 판매·제공하는 매장,test,일식,T4 구어·문장,6813c3d9-057f-4d43-ad10-3b555c966ab8,돈카츠인정,일식,앰코로 골목형상점가,골목형상점가,광주광역시,,,
ad9267ede79ab0a038df,full_annotation_v1,A,q_일식_07,일식 먹을 데,음식점 중 '일식'을 판매·제공하는 매장,test,일식,T4 구어·문장,98873c9a-4b69-44a7-86f0-d3af783467ac,철길부산집,일식,영통역아이파크 골목형상점가,골목형상점가,경기도,,,
3e5fcb7bb0d80a98c3f8,full_annotation_v1,A,q_일식_07,일식 먹을 데,음식점 중 '일식'을 판매·제공하는 매장,test,일식,T4 구어·문장,26581415-14c1-4556-8e5a-9c379e7384d1,초이스시,일식,경주중앙시장,전통시장,경상북도,,,
d42cd1247675b80e946b,full_annotation_v1,A,q_일식_07,일식 먹을 데,음식점 중 '일식'을 판매·제공하는 매장,test,일식,T4 구어·문장,013d58c8-33f8-4dbe-95de-801d22ea9505,민영활어공장 부천자유시장점,"회, 초밥",부천자유시장,전통시장,경기도,,,
0632ab383c7a374bf3f8,full_annotation_v1,A,q_일식_07,일식 먹을 데,음식점 중 '일식'을 판매·제공하는 매장,test,일식,T4 구어·문장,5b3811fd-4e60-4fc7-9cdb-cffaa7c778b3,태림디자인,간판 현수막시트지에어간판철거,빛가람 상리단길 골목형상점가,골목형상점가,전라남도,,,
c283b1969a3f02763b2e,full_annotation_v1,A,q_일식_07,일식 먹을 데,음식점 중 '일식'을 판매·제공하는 매장,test,일식,T4 구어·문장,a8f4738b-621c-495f-8350-a5bd54648584,스시마루,일식,순천원도심상점가,자율상권구역,전라남도,,,
82241e087093f71c24de,full_annotation_v1,A,q_일식_07,일식 먹을 데,음식점 중 '일식'을 판매·제공하는 매장,test,일식,T4 구어·문장,88a61490-9bfe-438b-9b97-c1d6b34ec427,오센,일식,이수미로골목형상점가,골목형상점가,서울특별시,,,
b3f7e8a490260d36cf24,full_annotation_v1,A,q_일식_07,일식 먹을 데,음식점 중 '일식'을 판매·제공하는 매장,test,일식,T4 구어·문장,b9cb3716-b8d1-4865-955b-c203179461f2,호계의류,의류,호계공설시장,전통시장,울산광역시,,,
9c07036ee0f89fb17d32,full_annotation_v1,A,q_일식_07,일식 먹을 데,음식점 중 '일식'을 판매·제공하는 매장,test,일식,T4 구어·문장,7dfa12bb-ca88-4a02-8fa7-c275836e15d1,황금어장,일식,노량진수산시장골목형상점가,골목형상점가,서울특별시,,,
9ef33a955fc4dfd0ee27,full_annotation_v1,A,q_일식_07,일식 먹을 데,음식점 중 '일식'을 판매·제공하는 매장,test,일식,T4 구어·문장,d0171023-985a-49a4-9a15-0e9e54f3bb88,활어마을,일식,산본로데오거리(구 산본중심상가),자율상권구역,경기도,,,
0a050aeded39dc6594b9,full_annotation_v1,A,q_일식_07,일식 먹을 데,음식점 중 '일식'을 판매·제공하는 매장,test,일식,T4 구어·문장,7b94c501-cc7f-453b-88cd-97362dbd26dc,컴포즈커피 나주혁신스퀘어가든점,커피음료,빛가람 상리단길 골목형상점가,골목형상점가,전라남도,,,
1c70ab141c7fa0d258aa,full_annotation_v1,A,q_일식_07,일식 먹을 데,음식점 중 '일식'을 판매·제공하는 매장,test,일식,T4 구어·문장,0dd05bf6-1bf0-41b4-bb9d-3a896a9d85c4,소소,일식,양산동 골목형상점가,골목형상점가,광주광역시,,,
f6721a3891f53837c63c,full_annotation_v1,A,q_일식_07,일식 먹을 데,음식점 중 '일식'을 판매·제공하는 매장,test,일식,T4 구어·문장,00e80339-1353-4885-81d7-0746a437abb2,포식 용인한숲시티점,쌀국수 돈까스 함박스테이크,남사한숲 골목형상점가,골목형상점가,경기도,,,
680aa06da5fc869b473c,full_annotation_v1,A,q_일식_07,일식 먹을 데,음식점 중 '일식'을 판매·제공하는 매장,test,일식,T4 구어·문장,d5b01ab5-f5e5-414f-b231-0e11c78029bd,교촌치킨관저1호점,,대전관저가구단지 골목형상점가,골목형상점가,대전광역시,,,
c39f037f8ad11cac041f,full_annotation_v1,A,q_일식_07,일식 먹을 데,음식점 중 '일식'을 판매·제공하는 매장,test,일식,T4 구어·문장,75704ec2-dcc0-4ae0-9438-3cb8b15e588e,무영월,일식,군분로 골목형상점가,골목형상점가,광주광역시,,,
7748cf270e96f751d852,full_annotation_v1,A,q_일식_07,일식 먹을 데,음식점 중 '일식'을 판매·제공하는 매장,test,일식,T4 구어·문장,00dfe7e1-6daa-4586-9146-ec927a443d02,오늘애초밥,,포항죽도농산물시장,전통시장,경상북도,,,
521d8a5480636c42214a,full_annotation_v1,A,q_일식_07,일식 먹을 데,음식점 중 '일식'을 판매·제공하는 매장,test,일식,T4 구어·문장,f14df4d3-9858-4a8b-8597-20fd477d8e32,갤러리 데 루치아,가구,용인어정가구단지상점가,자율상권구역,경기도,,,
49c55c003687f9ac3037,full_annotation_v1,A,q_일식_07,일식 먹을 데,음식점 중 '일식'을 판매·제공하는 매장,test,일식,T4 구어·문장,a93e1b32-f24e-4595-b39b-114dd7a89819,백소정,일식,단국대 앞 골목형상점가,골목형상점가,경기도,,,
42b246d3d5d64545184a,full_annotation_v1,A,q_일식_07,일식 먹을 데,음식점 중 '일식'을 판매·제공하는 매장,test,일식,T4 구어·문장,3a0b6888-54f7-4305-9ae7-fb93c08875c0,석스시,일식,산본로데오거리(구 산본중심상가),자율상권구역,경기도,,,
c4451f94c8a3f3769498,full_annotation_v1,A,q_일식_07,일식 먹을 데,음식점 중 '일식'을 판매·제공하는 매장,test,일식,T4 구어·문장,9a738909-cf68-48cf-9699-37513a7b3008,귀빈,일식,나성동 골목형상점가,골목형상점가,세종특별자치시,,,
0ccde76b8ea9812f4f52,full_annotation_v1,A,q_일식_07,일식 먹을 데,음식점 중 '일식'을 판매·제공하는 매장,test,일식,T4 구어·문장,f980c67b-e479-40c8-bf9a-b552c1b8f6b6,모도리초밥,일식,가람로 골목형상점가,골목형상점가,경기도,,,
72b48b0cfbff1aff39a6,full_annotation_v1,A,q_일식_07,일식 먹을 데,음식점 중 '일식'을 판매·제공하는 매장,test,일식,T4 구어·문장,9c4eb14d-50e9-4fb7-a211-6bcc7cefbf00,뽕끄랑주전부리,분식,서귀포매일올레시장,전통시장,제주특별자치도,,,
8844f832e84623dd3364,full_annotation_v1,A,q_일식_07,일식 먹을 데,음식점 중 '일식'을 판매·제공하는 매장,test,일식,T4 구어·문장,d204c2a2-2cee-462d-8718-89f7ff8ff13c,후참치,일식,개롱골장군거리 골목형상점가,골목형상점가,서울특별시,,,
05ae04225203c461d6df,full_annotation_v1,A,q_일식_07,일식 먹을 데,음식점 중 '일식'을 판매·제공하는 매장,test,일식,T4 구어·문장,c1f85108-72b2-4121-8559-536b105cfa5c,호복,일식,상동역 골목형상점가,골목형상점가,경기도,,,
191ebffbd2cee022e63b,full_annotation_v1,A,q_일식_07,일식 먹을 데,음식점 중 '일식'을 판매·제공하는 매장,test,일식,T4 구어·문장,05ff08c8-398a-4ab0-a0a7-362379bb5abf,미소야,일식,나주혁신도시 상가번영회,자율상권구역,전라남도,,,
5b7ead456daaf00b7e25,full_annotation_v1,A,q_일식_07,일식 먹을 데,음식점 중 '일식'을 판매·제공하는 매장,test,일식,T4 구어·문장,eb448502-b4ef-481a-9c2f-f4c3a6480926,금강수산,일식,신대방1동온누리길골목형상점가,골목형상점가,서울특별시,,,
41d6c1e9917fb2954c08,full_annotation_v1,A,q_일식_07,일식 먹을 데,음식점 중 '일식'을 판매·제공하는 매장,test,일식,T4 구어·문장,cb71d59c-a84a-4fe5-8f58-1f04c8ab90f1,이수사횟집,일식,장한평역먹자골목형상점가,골목형상점가,서울특별시,,,
6e5d0b67a84f83067a5d,full_annotation_v1,A,q_일식_07,일식 먹을 데,음식점 중 '일식'을 판매·제공하는 매장,test,일식,T4 구어·문장,cae0442d-379f-4b7f-b967-c36aa9c7d255,해송,일식,양평1동어울림골목형상점가,골목형상점가,서울특별시,,,
a84b58e7e2ac003a9b70,full_annotation_v1,A,q_일식_07,일식 먹을 데,음식점 중 '일식'을 판매·제공하는 매장,test,일식,T4 구어·문장,282b0e8b-051c-49f9-a707-b982df803589,까라벨라 데 오르,스파게티,동명동 카페거리 골목형상점가,골목형상점가,광주광역시,,,
8843e92db0cd5e4a98c2,full_annotation_v1,A,q_일식_07,일식 먹을 데,음식점 중 '일식'을 판매·제공하는 매장,test,일식,T4 구어·문장,530a9c60-4659-44b1-ba3e-afc0ce47c4c3,텐,일식,송탄관광특구 골목형상점가,골목형상점가,경기도,,,
a3992ec83392556da847,full_annotation_v1,A,q_일식_07,일식 먹을 데,음식점 중 '일식'을 판매·제공하는 매장,test,일식,T4 구어·문장,d0f724f5-360c-4025-b035-9bd79c3fe3a2,눈꽃,일식,반석동 골목형상점가,골목형상점가,대전광역시,,,
3953b5889234bce64966,full_annotation_v1,A,q_일식_07,일식 먹을 데,음식점 중 '일식'을 판매·제공하는 매장,test,일식,T4 구어·문장,1a527cb6-771a-4a2f-a718-ed66ebb671e3,샌드데이,휴게음식,제주중앙지하상가,일반지하상점가,제주특별자치도,,,
be38329adff629bc1e5e,full_annotation_v1,A,q_일식_07,일식 먹을 데,음식점 중 '일식'을 판매·제공하는 매장,test,일식,T4 구어·문장,40fe49ad-3e6f-485f-840a-27a3754f25d2,세꼬시,일식,별내로데오상점가,골목형상점가,경기도,,,
607950d79daf0dc90367,full_annotation_v1,A,q_일식_07,일식 먹을 데,음식점 중 '일식'을 판매·제공하는 매장,test,일식,T4 구어·문장,339c62e2-0edb-49b1-a192-d6fa20557b98,스시존,일식,한양대앞상점가,자율상권구역,서울특별시,,,
bbb942850d0504548c97,full_annotation_v1,A,q_일식_07,일식 먹을 데,음식점 중 '일식'을 판매·제공하는 매장,test,일식,T4 구어·문장,ba8489d5-45d9-4f15-92f0-d8a784318549,키햐아,일식,까치울역카페거리 골목형상점가,골목형상점가,경기도,,,
42888e528ee76ee893c0,full_annotation_v1,A,q_일식_07,일식 먹을 데,음식점 중 '일식'을 판매·제공하는 매장,test,일식,T4 구어·문장,fab05b55-8325-4bf7-8137-5abca8634f92,시장횟집,일식,복대가경시장,전통시장,충청북도,,,
283a1d06ec9d4f0a2abb,full_annotation_v1,A,q_일식_07,일식 먹을 데,음식점 중 '일식'을 판매·제공하는 매장,test,일식,T4 구어·문장,0225925b-3945-46cd-b995-b946a617ccfc,초밥일번지,일식,안동음식의거리 골목형상점가,골목형상점가,경상북도,,,
ff84a7dc03bed3adfaf1,full_annotation_v1,A,q_일식_07,일식 먹을 데,음식점 중 '일식'을 판매·제공하는 매장,test,일식,T4 구어·문장,e7578687-6b5a-457b-b0cf-0e9fbbad16b2,백식,일식,동명동 카페거리 골목형상점가,골목형상점가,광주광역시,,,
c1f503f8d91c005080fa,full_annotation_v1,A,q_일식_07,일식 먹을 데,음식점 중 '일식'을 판매·제공하는 매장,test,일식,T4 구어·문장,0474ee0c-1f03-47fa-af45-bb5411abb04a,무루,일식,봉명동우산거리 골목형상점가,골목형상점가,대전광역시,,,
7d26c9c1dab6bdf366f9,full_annotation_v1,A,q_일식_07,일식 먹을 데,음식점 중 '일식'을 판매·제공하는 매장,test,일식,T4 구어·문장,eac641e5-1fd2-4aa3-9236-9fcfaee21836,해양수산,일식,남부종합시장,전통시장,인천광역시,,,
9d8cd5db9e90608b0b1b,full_annotation_v1,A,q_일식_07,일식 먹을 데,음식점 중 '일식'을 판매·제공하는 매장,test,일식,T4 구어·문장,025255cd-6e4e-4d26-b2b7-bd18e2858548,정성카츠 화정점,일식,화정로상가상인회 골목형상점가,골목형상점가,광주광역시,,,
cfbd747c692965c16180,full_annotation_v1,A,q_일식_07,일식 먹을 데,음식점 중 '일식'을 판매·제공하는 매장,test,일식,T4 구어·문장,296de2b3-fd77-4a21-b272-51b37fb09152,바나타이거 대전 신탄진 동일점,,용정 골목형상점가,골목형상점가,대전광역시,,,
06ab4d3444446a25062e,full_annotation_v1,A,q_일식_07,일식 먹을 데,음식점 중 '일식'을 판매·제공하는 매장,test,일식,T4 구어·문장,9c69fec2-743b-4a74-9477-e16ae2b7d583,가매일식,일식,백년소상공인,기타,광주광역시,,,
d541ee2e2a805ef23e9e,full_annotation_v1,A,q_일식_07,일식 먹을 데,음식점 중 '일식'을 판매·제공하는 매장,test,일식,T4 구어·문장,04c1454c-94f9-4a74-a347-11bfad75cb82,스시대관령,일식스시,내곡동골목형상점가,골목형상점가,강원특별자치도,,,
cbd304adc8d4f1a7aa09,full_annotation_v1,A,q_일식_07,일식 먹을 데,음식점 중 '일식'을 판매·제공하는 매장,test,일식,T4 구어·문장,19ebef2a-2017-4fab-8334-bffa1c5b3d74,스시원,일식,당산이음 골목형상점가,골목형상점가,서울특별시,,,
4915e330b76771569c64,full_annotation_v1,A,q_일식_07,일식 먹을 데,음식점 중 '일식'을 판매·제공하는 매장,test,일식,T4 구어·문장,d14c472e-d380-45d6-973f-b9d92a87b095,요연,일식,인제시장,전통시장,강원특별자치도,,,
9ad5f186d1920ce7a34d,full_annotation_v1,A,q_일식_07,일식 먹을 데,음식점 중 '일식'을 판매·제공하는 매장,test,일식,T4 구어·문장,ce01946f-4259-4b7a-901d-44d1844083f7,정식,일식,쌍리단길상점가,자율상권구역,서울특별시,,,
656e8d921dd98a2f73a6,full_annotation_v1,A,q_일식_07,일식 먹을 데,음식점 중 '일식'을 판매·제공하는 매장,test,일식,T4 구어·문장,b049f94f-23fa-458b-8b8b-095d0cb6ed54,우츠,일식,맹동혁신골목형상점가,골목형상점가,충청북도,,,
b57533dd0d41eebe4142,full_annotation_v1,A,q_일식_07,일식 먹을 데,음식점 중 '일식'을 판매·제공하는 매장,test,일식,T4 구어·문장,f1d8ec8d-2dcf-4a4e-ac4e-2504c2aa54d6,멘초비,일식,동래시장,전통시장,부산광역시,,,
b5e0c5a9af6d984187ed,full_annotation_v1,A,q_일식_07,일식 먹을 데,음식점 중 '일식'을 판매·제공하는 매장,test,일식,T4 구어·문장,01710a82-bb0d-4cbc-8491-708f78ce99fe,스시니쿠 후평점,,인공폭포상가,자율상권구역,강원특별자치도,,,
7dd2d01cd092bba2ce26,full_annotation_v1,A,q_일식_07,일식 먹을 데,음식점 중 '일식'을 판매·제공하는 매장,test,일식,T4 구어·문장,62a656e3-1225-4668-b333-9e3c5e84c5d2,데덴찌,일식,상무시청상인회 골목형상점가,골목형상점가,광주광역시,,,
58526238aa43e4e89810,full_annotation_v1,A,q_일식_07,일식 먹을 데,음식점 중 '일식'을 판매·제공하는 매장,test,일식,T4 구어·문장,3835a030-0c2e-43bb-b731-960222b3b8c8,한사라,일식,송촌동상점가,자율상권구역,대전광역시,,,
568179a20d4159a30034,full_annotation_v1,A,q_일식_07,일식 먹을 데,음식점 중 '일식'을 판매·제공하는 매장,test,일식,T4 구어·문장,aa4d63da-b22c-4c2b-b13a-7c33522632e7,스시아오,일식,휴먼시아 3단지 골목형상점가,골목형상점가,울산광역시,,,
1e3cf3396eb796d73931,full_annotation_v1,A,q_일식_07,일식 먹을 데,음식점 중 '일식'을 판매·제공하는 매장,test,일식,T4 구어·문장,44a477c7-b156-4a42-92fa-8f4597c50dcc,유야,일식,안동시옥동 골목형상점가,골목형상점가,경상북도,,,
b9f56484eedd29b94c77,full_annotation_v1,A,q_일식_07,일식 먹을 데,음식점 중 '일식'을 판매·제공하는 매장,test,일식,T4 구어·문장,01f14598-4405-408e-9fac-71db17ed6f05,동경스시,,풍무동1 골목형상점가,골목형상점가,경기도,,,
51a4b113cc5d2f6c2ae4,full_annotation_v1,A,q_일식_07,일식 먹을 데,음식점 중 '일식'을 판매·제공하는 매장,test,일식,T4 구어·문장,3c16bc62-ecce-4ea0-8f7c-f807433d83df,만개,일식,어은누리 골목형상점가,골목형상점가,대전광역시,,,
c864abc85a5701c22bcc,full_annotation_v1,A,q_일식_07,일식 먹을 데,음식점 중 '일식'을 판매·제공하는 매장,test,일식,T4 구어·문장,a594c659-978b-4713-acc3-058076c2600c,태양수산,일식,남현동예술인마을골목형상점가,골목형상점가,서울특별시,,,
e9b1c5f2f968dbbd181d,full_annotation_v1,A,q_일식_07,일식 먹을 데,음식점 중 '일식'을 판매·제공하는 매장,test,일식,T4 구어·문장,978cac1a-61ae-40c8-b905-b4189cf2e2a0,고흥수산,일식,가락몰골목형상점가,골목형상점가,서울특별시,,,
58b16dbfcc611673e91e,full_annotation_v1,A,q_일식_07,일식 먹을 데,음식점 중 '일식'을 판매·제공하는 매장,test,일식,T4 구어·문장,026b148f-ce2a-4e35-8dbb-0aaca2c31325,은화수식당,돈까스 카레 우동 기타등등,군산디오션시티 골목형상점가,골목형상점가,전북특별자치도,,,
fb20e12e5e62265845d9,full_annotation_v1,A,q_일식_07,일식 먹을 데,음식점 중 '일식'을 판매·제공하는 매장,test,일식,T4 구어·문장,9b9b0369-81c3-471f-92c4-44b537bda3a8,스시현,일식,성북천골목형상점가,골목형상점가,서울특별시,,,
5d5032dbee608b9d6a65,full_annotation_v1,A,q_일식_07,일식 먹을 데,음식점 중 '일식'을 판매·제공하는 매장,test,일식,T4 구어·문장,ea84f42a-3254-485f-80a5-b90c849cacfd,만동,일식,법리단길 골목형상점가,골목형상점가,전북특별자치도,,,
ec73328622df971b63c1,full_annotation_v1,A,q_일식_07,일식 먹을 데,음식점 중 '일식'을 판매·제공하는 매장,test,일식,T4 구어·문장,8d18c9e1-f5cc-4445-a2f0-2406b5521f66,욧삐떼,일식,양정 골목형상점가,골목형상점가,울산광역시,,,
5f3c1bcffaa9fafd0ec6,full_annotation_v1,A,q_일식_07,일식 먹을 데,음식점 중 '일식'을 판매·제공하는 매장,test,일식,T4 구어·문장,97f0fb1d-24fa-4b86-82b5-a91b960e76e6,영등포역,일빈음식,포항 해도새록새로 골목형상점가,골목형상점가,경상북도,,,
b44c8668a54931606c29,full_annotation_v1,A,q_일식_07,일식 먹을 데,음식점 중 '일식'을 판매·제공하는 매장,test,일식,T4 구어·문장,116365e9-fb6a-4301-87b9-583c49b1f8ed,동해수산,일식,삼각지맛길 골목형상점가,골목형상점가,대구광역시,,,
0475faa22b934cc20d43,full_annotation_v1,A,q_일식_07,일식 먹을 데,음식점 중 '일식'을 판매·제공하는 매장,test,일식,T4 구어·문장,cf649fd7-0bb3-4741-9074-7a0685720a19,스시쿠,일식,갈매광장 골목형상점가,골목형상점가,경기도,,,
31f800efd593c933c2b7,full_annotation_v1,A,q_일식_07,일식 먹을 데,음식점 중 '일식'을 판매·제공하는 매장,test,일식,T4 구어·문장,16437b29-303c-4174-93fb-4f1f0fd53a68,안다미로,일식,민락2지구골목형상점가,골목형상점가,경기도,,,
392a4c1cb3264db2d4dc,full_annotation_v1,A,q_일식_07,일식 먹을 데,음식점 중 '일식'을 판매·제공하는 매장,test,일식,T4 구어·문장,c16094eb-686f-4ffa-99a1-bbe4f7452631,슌우,일식,망리단길골목형상점가,골목형상점가,서울특별시,,,
3e776b15830530589607,full_annotation_v1,A,q_일식_07,일식 먹을 데,음식점 중 '일식'을 판매·제공하는 매장,test,일식,T4 구어·문장,bd5eb956-e3b9-4776-946e-7f75b0f58c9f,완도수산,일식,반석동 골목형상점가,골목형상점가,대전광역시,,,
f006e6d714b69405456e,full_annotation_v1,A,q_일식_07,일식 먹을 데,음식점 중 '일식'을 판매·제공하는 매장,test,일식,T4 구어·문장,f6266986-adc0-4f25-8b12-3b7e9dd07322,사토리,일식,송도 타임스페이스 골목형상점가,골목형상점가,인천광역시,,,
456933c603e010ec3523,full_annotation_v1,A,q_일식_07,일식 먹을 데,음식점 중 '일식'을 판매·제공하는 매장,test,일식,T4 구어·문장,8fee5871-019c-4a66-a4ac-c8d03238eaa3,바쇼,일식,동명동 카페거리 골목형상점가,골목형상점가,광주광역시,,,
8691ec5c5205eee7badf,full_annotation_v1,A,q_일식_07,일식 먹을 데,음식점 중 '일식'을 판매·제공하는 매장,test,일식,T4 구어·문장,a4e48435-61ca-439e-ab8b-b8f100777d92,논데논데,일식,한들물빛도시 골목형 상점가,골목형상점가,충청남도,,,
83f72ee7812349e0c5f6,full_annotation_v1,A,q_일식_07,일식 먹을 데,음식점 중 '일식'을 판매·제공하는 매장,test,일식,T4 구어·문장,b8f597be-9306-40fb-a8a9-239b68b5716b,쇼진,일식,위드수암 골목형상점가,골목형상점가,울산광역시,,,
630d1ada96b411747625,full_annotation_v1,A,q_일식_07,일식 먹을 데,음식점 중 '일식'을 판매·제공하는 매장,test,일식,T4 구어·문장,937a5bef-36f8-47ad-817a-c568333879d3,남해횟집,일식,도마큰시장,전통시장,대전광역시,,,
e5de520c86845649bf10,full_annotation_v1,A,q_일식_07,일식 먹을 데,음식점 중 '일식'을 판매·제공하는 매장,test,일식,T4 구어·문장,5e12301d-d726-4943-80f7-f5bfef8df864,마루,일식,가오동 골목형상점가,골목형상점가,대전광역시,,,
d4d8982884d8b6898ae3,full_annotation_v1,A,q_일식_07,일식 먹을 데,음식점 중 '일식'을 판매·제공하는 매장,test,일식,T4 구어·문장,3b661ff3-50b4-4c26-81f7-0f741e3b4700,비전라이팅,"화장품, 천연세제, 족욕",신응암시장,전통시장,서울특별시,,,
de6df8325915a3605df3,full_annotation_v1,A,q_일식_07,일식 먹을 데,음식점 중 '일식'을 판매·제공하는 매장,test,일식,T4 구어·문장,afa448a3-277d-4e5c-95a2-970848ff1320,춘천,일식,후평3동 행복마을 골목형상점가,골목형상점가,강원특별자치도,,,
38afbdbbc45a7e4a643a,full_annotation_v1,A,q_일식_07,일식 먹을 데,음식점 중 '일식'을 판매·제공하는 매장,test,일식,T4 구어·문장,00f1a1de-5180-4857-ac9d-3d104fc8a1e0,진스시,,신구로현대어반벨리 골목형상점가,골목형상점가,서울특별시,,,
f9f9b273fab30941d53c,full_annotation_v1,A,q_일식_07,일식 먹을 데,음식점 중 '일식'을 판매·제공하는 매장,test,일식,T4 구어·문장,e492fb59-6203-4bb7-b11e-f56ac10615d2,유진,도소매(아동복),남대문시장,전통시장,서울특별시,,,
c0b5cdabd35b96707264,full_annotation_v1,A,q_일식_07,일식 먹을 데,음식점 중 '일식'을 판매·제공하는 매장,test,일식,T4 구어·문장,01cecd17-bce9-4355-af06-2ca2cee82862,돈까스에빠지다 범어점,돈까스,범어식주가무명인골목 골목형상점가,골목형상점가,대구광역시,,,
df3a68988e8b35df13b0,full_annotation_v1,A,q_일식_07,일식 먹을 데,음식점 중 '일식'을 판매·제공하는 매장,test,일식,T4 구어·문장,03e60ecc-402f-49e8-b1ac-cbd4f330144d,온정돈까스 천안불당점,돈까스,시청앞 골목형상점가,골목형상점가,충청남도,,,
748648231d1c70f87ac1,full_annotation_v1,A,q_일식_07,일식 먹을 데,음식점 중 '일식'을 판매·제공하는 매장,test,일식,T4 구어·문장,b05a480e-fe92-4b5f-8b4b-a901f8b6508b,밤비틀,일식,수완머그로 골목형상점가,골목형상점가,광주광역시,,,
f0dc33d5dc363cd3bfcf,full_annotation_v1,A,q_일식_07,일식 먹을 데,음식점 중 '일식'을 판매·제공하는 매장,test,일식,T4 구어·문장,24e43956-2055-4b34-b3a1-d09a59c04b32,스시현,일식,강남개포시장(구 개포2동중심상점가),자율상권구역,서울특별시,,,
3baa74d8170c9248ea67,full_annotation_v1,A,q_일식_07,일식 먹을 데,음식점 중 '일식'을 판매·제공하는 매장,test,일식,T4 구어·문장,20426a06-35e3-4192-9736-92b133c5d1b8,위무,일식,사리골상점가,자율상권구역,경기도,,,
d68e25feb25193dcda57,full_annotation_v1,A,q_일식_07,일식 먹을 데,음식점 중 '일식'을 판매·제공하는 매장,test,일식,T4 구어·문장,94d0ac06-898a-432e-a704-4216cab12833,타베,일식,수완나들목 골목형상점가,골목형상점가,광주광역시,,,
b5b2c87b881a9f2cc723,full_annotation_v1,A,q_일식_07,일식 먹을 데,음식점 중 '일식'을 판매·제공하는 매장,test,일식,T4 구어·문장,02e18ef3-4b66-4159-96bf-759bfb98320f,카츠옹,돈까스,자양번영로골목형상점가,골목형상점가,서울특별시,,,
d29fb4897092a1628e07,full_annotation_v1,A,q_일식_07,일식 먹을 데,음식점 중 '일식'을 판매·제공하는 매장,test,일식,T4 구어·문장,191a87a9-a5e7-40b9-8957-414b9ce7eba8,프로방스 노래연습장,노래연습장,병점중심상가,자율상권구역,경기도,,,
7bccf007b1f94476cfb4,full_annotation_v1,A,q_일식_07,일식 먹을 데,음식점 중 '일식'을 판매·제공하는 매장,test,일식,T4 구어·문장,2ddf4b30-4494-4cc0-8255-63b8a6e1703e,하루비,일식,반석동 골목형상점가,골목형상점가,대전광역시,,,
37a2316eb0de214fac37,full_annotation_v1,A,q_일식_07,일식 먹을 데,음식점 중 '일식'을 판매·제공하는 매장,test,일식,T4 구어·문장,cad314bc-33a9-424a-83f2-89ee68d2ea13,뎅뎅뎅,일식,궁동 골목형상점가,골목형상점가,대전광역시,,,
a6dcac3a92fdd9d7ea6c,full_annotation_v1,A,q_일식_07,일식 먹을 데,음식점 중 '일식'을 판매·제공하는 매장,test,일식,T4 구어·문장,5ff5e851-9695-4924-8ed9-a9eed1ebe098,수,일식,효자시장,전통시장,경상북도,,,
bcb04310174764c584aa,full_annotation_v1,A,q_일식_07,일식 먹을 데,음식점 중 '일식'을 판매·제공하는 매장,test,일식,T4 구어·문장,2c2c9888-4b8c-4614-a62b-a6d2c0af706f,하루,일식,가락골 골목형상점가,골목형상점가,서울특별시,,,
a3f935a7fe898a5cd14e,full_annotation_v1,A,q_일식_07,일식 먹을 데,음식점 중 '일식'을 판매·제공하는 매장,test,일식,T4 구어·문장,1dfb872b-e1ee-4808-b9e6-4d1a78e053cb,고성자연산횟집,음식점,마산어시장,전통시장,경상남도,,,
564e031c98b0a402fe59,full_annotation_v1,A,q_일식_07,일식 먹을 데,음식점 중 '일식'을 판매·제공하는 매장,test,일식,T4 구어·문장,d6abef51-ae1d-43bc-8661-c2f7bfe865c2,찐수산,일식,행운담길골목형상점가,골목형상점가,서울특별시,,,
ab36b7c3582993127680,full_annotation_v1,A,q_일식_07,일식 먹을 데,음식점 중 '일식'을 판매·제공하는 매장,test,일식,T4 구어·문장,74aec6ce-e931-4e16-a2e2-c5fc39e01711,하기당,일식,연신내골목형상점가,골목형상점가,서울특별시,,,
13568991307a6e56d871,full_annotation_v1,A,q_일식_08,일식추천,음식점 중 '일식'을 판매·제공하는 매장,test,일식,T6 기계변형,8fde781a-537a-40ac-9a4e-1216a9a32dad,유끼,일식,신월7동골목형상점가,골목형상점가,서울특별시,,,
c713309e74a9662c74ff,full_annotation_v1,A,q_일식_08,일식추천,음식점 중 '일식'을 판매·제공하는 매장,test,일식,T6 기계변형,959c2018-3d3f-4230-a5b5-f133325f8b11,빅마마,의류,안산다농마트전통시장,전통시장,경기도,,,
5ee9dc240897179153bc,full_annotation_v1,A,q_일식_08,일식추천,음식점 중 '일식'을 판매·제공하는 매장,test,일식,T6 기계변형,0225925b-3945-46cd-b995-b946a617ccfc,초밥일번지,일식,안동음식의거리 골목형상점가,골목형상점가,경상북도,,,
54b1276667a99152efd6,full_annotation_v1,A,q_일식_08,일식추천,음식점 중 '일식'을 판매·제공하는 매장,test,일식,T6 기계변형,1279715c-8e04-4077-94fa-631ba0dd3325,정점,일식,누웨마루거리상점가,자율상권구역,제주특별자치도,,,
00c99bad9ca09301f645,full_annotation_v1,A,q_일식_08,일식추천,음식점 중 '일식'을 판매·제공하는 매장,test,일식,T6 기계변형,00ba389b-e522-4da5-ac26-2ffaf33359ec,스시노유키,초밥,산본로데오거리(구 산본중심상가),자율상권구역,경기도,,,
64a37b0fbea542b4a4d0,full_annotation_v1,A,q_일식_08,일식추천,음식점 중 '일식'을 판매·제공하는 매장,test,일식,T6 기계변형,9025dabd-1907-4bfb-96e5-ebceb3749e09,묘한,네일,신아타운,전통시장,서울특별시,,,
9aaffb40ccaf4ba233e8,full_annotation_v1,A,q_일식_08,일식추천,음식점 중 '일식'을 판매·제공하는 매장,test,일식,T6 기계변형,03e60ecc-402f-49e8-b1ac-cbd4f330144d,온정돈까스 천안불당점,돈까스,시청앞 골목형상점가,골목형상점가,충청남도,,,
e0846836d737611495c1,full_annotation_v1,A,q_일식_08,일식추천,음식점 중 '일식'을 판매·제공하는 매장,test,일식,T6 기계변형,0474ee0c-1f03-47fa-af45-bb5411abb04a,무루,일식,봉명동우산거리 골목형상점가,골목형상점가,대전광역시,,,
f0dde2459826e3018188,full_annotation_v1,A,q_일식_08,일식추천,음식점 중 '일식'을 판매·제공하는 매장,test,일식,T6 기계변형,b049f94f-23fa-458b-8b8b-095d0cb6ed54,우츠,일식,맹동혁신골목형상점가,골목형상점가,충청북도,,,
f89d9d7a71234afbaba4,full_annotation_v1,A,q_일식_08,일식추천,음식점 중 '일식'을 판매·제공하는 매장,test,일식,T6 기계변형,88a61490-9bfe-438b-9b97-c1d6b34ec427,오센,일식,이수미로골목형상점가,골목형상점가,서울특별시,,,
ce8839de7532b388af45,full_annotation_v1,A,q_일식_08,일식추천,음식점 중 '일식'을 판매·제공하는 매장,test,일식,T6 기계변형,00fcc68d-3086-4b45-b998-f3763e8dbf7d,꼬치마요 산본역점(9호점),일식,산본로데오거리(구 산본중심상가),자율상권구역,경기도,,,
6c86962078cbd514348b,full_annotation_v1,A,q_일식_08,일식추천,음식점 중 '일식'을 판매·제공하는 매장,test,일식,T6 기계변형,89a03e8e-6b3c-4d22-94ef-7cc7ad67c5f4,행텐,의류,경주중심상가,전통시장,경상북도,,,
241569928bb7a0902d19,full_annotation_v1,A,q_일식_08,일식추천,음식점 중 '일식'을 판매·제공하는 매장,test,일식,T6 기계변형,d5ec6d65-cacb-447d-a34b-2a27ee5ca15f,트리플굿즈,잡화,북부중앙 골목형상점가,골목형상점가,경기도,,,
c925cea47af6e2a1c901,full_annotation_v1,A,q_일식_08,일식추천,음식점 중 '일식'을 판매·제공하는 매장,test,일식,T6 기계변형,a59e2aea-63c0-4aea-b80c-13c2293b0eb4,청담일식,일식,수완나들목 골목형상점가,골목형상점가,광주광역시,,,
33c7b357f1e7c62dd2aa,full_annotation_v1,A,q_일식_08,일식추천,음식점 중 '일식'을 판매·제공하는 매장,test,일식,T6 기계변형,0004ebd2-4e64-4552-95e5-a3b62efea718,적정온도 숙성회&초밥,회초밥,장안마실골목형상점가,골목형상점가,서울특별시,,,
5ed6a7e0e4fc518e3697,full_annotation_v1,A,q_일식_08,일식추천,음식점 중 '일식'을 판매·제공하는 매장,test,일식,T6 기계변형,01f2d713-86d5-414a-b9b9-1fdde102f589,미스타교자(상봉점),일식,상봉먹자골목형상점가,골목형상점가,서울특별시,,,
8694c771a21e73e143cb,full_annotation_v1,A,q_일식_08,일식추천,음식점 중 '일식'을 판매·제공하는 매장,test,일식,T6 기계변형,33a6e3d7-abd8-44b3-a348-5368c075d4c7,명인 박재서 안동소주 직영점,한식,안동구시장,전통시장,경상북도,,,
20ae6b3ff7ee7dfca39e,full_annotation_v1,A,q_일식_08,일식추천,음식점 중 '일식'을 판매·제공하는 매장,test,일식,T6 기계변형,f6266986-adc0-4f25-8b12-3b7e9dd07322,사토리,일식,송도 타임스페이스 골목형상점가,골목형상점가,인천광역시,,,
42eaf9c36c96f45b5bd6,full_annotation_v1,A,q_일식_08,일식추천,음식점 중 '일식'을 판매·제공하는 매장,test,일식,T6 기계변형,f1d8ec8d-2dcf-4a4e-ac4e-2504c2aa54d6,멘초비,일식,동래시장,전통시장,부산광역시,,,
6623aea6026c55674c88,full_annotation_v1,A,q_일식_08,일식추천,음식점 중 '일식'을 판매·제공하는 매장,test,일식,T6 기계변형,c16094eb-686f-4ffa-99a1-bbe4f7452631,슌우,일식,망리단길골목형상점가,골목형상점가,서울특별시,,,
2746313e5aaeb01c8fdc,full_annotation_v1,A,q_일식_08,일식추천,음식점 중 '일식'을 판매·제공하는 매장,test,일식,T6 기계변형,026b148f-ce2a-4e35-8dbb-0aaca2c31325,은화수식당,돈까스 카레 우동 기타등등,군산디오션시티 골목형상점가,골목형상점가,전북특별자치도,,,
8c0b2c056720f8d35035,full_annotation_v1,A,q_일식_08,일식추천,음식점 중 '일식'을 판매·제공하는 매장,test,일식,T6 기계변형,6b400204-d87e-41c9-b5d7-5fc073b6600a,삼흥,건어물,강화중앙시장(A·B동),전통시장,인천광역시,,,
1c9b759e7515016c5955,full_annotation_v1,A,q_일식_08,일식추천,음식점 중 '일식'을 판매·제공하는 매장,test,일식,T6 기계변형,01f14598-4405-408e-9fac-71db17ed6f05,동경스시,,풍무동1 골목형상점가,골목형상점가,경기도,,,
19a805fd64ef6215405b,full_annotation_v1,A,q_일식_08,일식추천,음식점 중 '일식'을 판매·제공하는 매장,test,일식,T6 기계변형,44a477c7-b156-4a42-92fa-8f4597c50dcc,유야,일식,안동시옥동 골목형상점가,골목형상점가,경상북도,,,
a430ce868655d39dda7d,full_annotation_v1,A,q_일식_08,일식추천,음식점 중 '일식'을 판매·제공하는 매장,test,일식,T6 기계변형,00e80339-1353-4885-81d7-0746a437abb2,포식 용인한숲시티점,쌀국수 돈까스 함박스테이크,남사한숲 골목형상점가,골목형상점가,경기도,,,
8d4b32e613884b0d8d1e,full_annotation_v1,A,q_일식_08,일식추천,음식점 중 '일식'을 판매·제공하는 매장,test,일식,T6 기계변형,395e5db2-316c-480d-a127-7c9f2f4847b4,덥,일식,서구청먹자골목상인회 골목형상점가,골목형상점가,광주광역시,,,
6348a17188591912de30,full_annotation_v1,A,q_일식_08,일식추천,음식점 중 '일식'을 판매·제공하는 매장,test,일식,T6 기계변형,afa448a3-277d-4e5c-95a2-970848ff1320,춘천,일식,후평3동 행복마을 골목형상점가,골목형상점가,강원특별자치도,,,
223d01c2ed0daa502bff,full_annotation_v1,A,q_일식_08,일식추천,음식점 중 '일식'을 판매·제공하는 매장,test,일식,T6 기계변형,530a9c60-4659-44b1-ba3e-afc0ce47c4c3,텐,일식,송탄관광특구 골목형상점가,골목형상점가,경기도,,,
636ae19e4fd23865a7c2,full_annotation_v1,A,q_일식_08,일식추천,음식점 중 '일식'을 판매·제공하는 매장,test,일식,T6 기계변형,d6abef51-ae1d-43bc-8661-c2f7bfe865c2,찐수산,일식,행운담길골목형상점가,골목형상점가,서울특별시,,,
a1342a6e1a04ada9e341,full_annotation_v1,A,q_일식_08,일식추천,음식점 중 '일식'을 판매·제공하는 매장,test,일식,T6 기계변형,44e0686a-9876-4f6a-a63b-6f9983eb6af6,스시천,일식,공항대로골목형상점가,골목형상점가,서울특별시,,,
59037a91480e16ebaaf5,full_annotation_v1,A,q_일식_08,일식추천,음식점 중 '일식'을 판매·제공하는 매장,test,일식,T6 기계변형,46f0a850-4659-4fb3-91c3-9d65dc55adec,아이더 순천중앙점,의류 및 신발용품,순천원도심상점가,자율상권구역,,,,
84c4caf043c6aab24031,full_annotation_v1,A,q_일식_08,일식추천,음식점 중 '일식'을 판매·제공하는 매장,test,일식,T6 기계변형,52c57bbb-b5d7-4687-a2e4-0316aead4d8b,회심,일식,범어식주가무명인골목 골목형상점가,골목형상점가,대구광역시,,,
1bbecf84931d4fa58407,full_annotation_v1,A,q_일식_08,일식추천,음식점 중 '일식'을 판매·제공하는 매장,test,일식,T6 기계변형,1099991c-2447-4de4-a887-850d21eacd38,마끼,일식,연서시장,전통시장,서울특별시,,,
33020e518e884bdd828c,full_annotation_v1,A,q_일식_08,일식추천,음식점 중 '일식'을 판매·제공하는 매장,test,일식,T6 기계변형,00f1a1de-5180-4857-ac9d-3d104fc8a1e0,진스시,,신구로현대어반벨리 골목형상점가,골목형상점가,서울특별시,,,
820306662a1caa2ba0de,full_annotation_v1,A,q_일식_08,일식추천,음식점 중 '일식'을 판매·제공하는 매장,test,일식,T6 기계변형,00eefa39-8925-4ff1-8fb6-e3aa2c2b7937,아비꼬 용인보정점,일식 음식점,BOCA 보카상점가,골목형상점가,경기도,,,
78ea6f666e2ec341f0a4,full_annotation_v1,A,q_일식_08,일식추천,음식점 중 '일식'을 판매·제공하는 매장,test,일식,T6 기계변형,04c1454c-94f9-4a74-a347-11bfad75cb82,스시대관령,일식스시,내곡동골목형상점가,골목형상점가,강원특별자치도,,,
ab84a7ffdc2b94965b89,full_annotation_v1,A,q_일식_08,일식추천,음식점 중 '일식'을 판매·제공하는 매장,test,일식,T6 기계변형,01cecd17-bce9-4355-af06-2ca2cee82862,돈까스에빠지다 범어점,돈까스,범어식주가무명인골목 골목형상점가,골목형상점가,대구광역시,,,
f6601b4c4e8a39262a4e,full_annotation_v1,A,q_일식_08,일식추천,음식점 중 '일식'을 판매·제공하는 매장,test,일식,T6 기계변형,7341f9fb-bb31-4677-b92a-6cb259d42750,윤돈,일식,뚝섬역상점가(서울숲상원길상점가),자율상권구역,서울특별시,,,
8f06dbde10974a8c0a1e,full_annotation_v1,A,q_일식_08,일식추천,음식점 중 '일식'을 판매·제공하는 매장,test,일식,T6 기계변형,7234e0fe-2051-492b-a754-10f380afb9a3,노렌인,일식,과천스마트케이 골목형상점가,골목형상점가,경기도,,,
4bd7c14fe62eb3943ff6,full_annotation_v1,A,q_일식_08,일식추천,음식점 중 '일식'을 판매·제공하는 매장,test,일식,T6 기계변형,90266c33-80f9-4808-9575-096c6ba2b1e5,효당꽈배기,제과 꽈배기,강화풍물시장,전통시장,인천광역시,,,
b1567a78e5b0b5c03d4a,full_annotation_v1,A,q_일식_08,일식추천,음식점 중 '일식'을 판매·제공하는 매장,test,일식,T6 기계변형,20426a06-35e3-4192-9736-92b133c5d1b8,위무,일식,사리골상점가,자율상권구역,경기도,,,
0d707a8209e131929d6f,full_annotation_v1,A,q_일식_08,일식추천,음식점 중 '일식'을 판매·제공하는 매장,test,일식,T6 기계변형,8fee5871-019c-4a66-a4ac-c8d03238eaa3,바쇼,일식,동명동 카페거리 골목형상점가,골목형상점가,광주광역시,,,
8f08af7207dc8362a228,full_annotation_v1,A,q_일식_08,일식추천,음식점 중 '일식'을 판매·제공하는 매장,test,일식,T6 기계변형,2291ad1e-e212-4fae-865c-e98f062a6d13,더디씨,아이스크림 빵 우유 음료 과자 등,중랑동부시장,전통시장,서울특별시,,,
9e13a057d1cfd3bda5d6,full_annotation_v1,A,q_일식_08,일식추천,음식점 중 '일식'을 판매·제공하는 매장,test,일식,T6 기계변형,3c16bc62-ecce-4ea0-8f7c-f807433d83df,만개,일식,어은누리 골목형상점가,골목형상점가,대전광역시,,,
06b93fb61ab7e347d142,full_annotation_v1,A,q_일식_08,일식추천,음식점 중 '일식'을 판매·제공하는 매장,test,일식,T6 기계변형,4587242d-412f-4b95-90ac-d1a33d07edb2,귄식당,일식,방배역먹자골목 골목형상점가,골목형상점가,서울특별시,,,
5c5468ae5e91503cd6ab,full_annotation_v1,A,q_일식_08,일식추천,음식점 중 '일식'을 판매·제공하는 매장,test,일식,T6 기계변형,e2bcd81d-d5a7-49de-9d81-da119e9ec6a1,더애츠스타일헤어,미용업,관저동 먹자골목 골목형상점가,골목형상점가,대전광역시,,,
08120304b0974a9b41a4,full_annotation_v1,A,q_일식_08,일식추천,음식점 중 '일식'을 판매·제공하는 매장,test,일식,T6 기계변형,005eb589-94b0-4a7e-b4e4-ef8cf64b0762,스시쿄다이,일식,동홍8번가 골목형상점가,골목형상점가,제주특별자치도,,,
5c810a057877eceaa92a,full_annotation_v1,A,q_일식_08,일식추천,음식점 중 '일식'을 판매·제공하는 매장,test,일식,T6 기계변형,ea84f42a-3254-485f-80a5-b90c849cacfd,만동,일식,법리단길 골목형상점가,골목형상점가,전북특별자치도,,,
19f711179e20c77a11b9,full_annotation_v1,A,q_일식_08,일식추천,음식점 중 '일식'을 판매·제공하는 매장,test,일식,T6 기계변형,65a33458-3f21-4a14-9eed-bb0264331795,구이전나라,전,신정평화시장,전통시장,울산광역시,,,
f68c761e019591972156,full_annotation_v1,A,q_일식_08,일식추천,음식점 중 '일식'을 판매·제공하는 매장,test,일식,T6 기계변형,0547b6e2-3d1e-4a4a-97c6-9b1c1344bf88,김희철 스시,,솔매사랑길 골목형상점가,골목형상점가,서울특별시,,,
8048a83b594a3462574d,full_annotation_v1,A,q_일식_08,일식추천,음식점 중 '일식'을 판매·제공하는 매장,test,일식,T6 기계변형,96dc4549-bdbf-4b01-bd79-44ecacc6a247,헤어맑음,미용실,행복상점가,자율상권구역,경상북도,,,
cec21f5f07cd5359683e,full_annotation_v1,A,q_일식_08,일식추천,음식점 중 '일식'을 판매·제공하는 매장,test,일식,T6 기계변형,013d58c8-33f8-4dbe-95de-801d22ea9505,민영활어공장 부천자유시장점,"회, 초밥",부천자유시장,전통시장,경기도,,,
c98a502237d3bc578de1,full_annotation_v1,A,q_일식_08,일식추천,음식점 중 '일식'을 판매·제공하는 매장,test,일식,T6 기계변형,dddf07f0-7dd7-470f-a66d-ba92a2620b16,모츠모,일식,도담동 골목형상점가,골목형상점가,세종특별자치시,,,
c9b57265fc09477d0c70,full_annotation_v1,A,q_일식_08,일식추천,음식점 중 '일식'을 판매·제공하는 매장,test,일식,T6 기계변형,eecf2379-6c8b-4bbe-9612-ed5fe5c8d3f0,일식송수사,일식,산본로데오거리(구 산본중심상가),자율상권구역,경기도,,,
ff9baaf72711b7663773,full_annotation_v1,A,q_일식_08,일식추천,음식점 중 '일식'을 판매·제공하는 매장,test,일식,T6 기계변형,8d18c9e1-f5cc-4445-a2f0-2406b5521f66,욧삐떼,일식,양정 골목형상점가,골목형상점가,울산광역시,,,
00ce7730fbec44612c1f,full_annotation_v1,A,q_일식_08,일식추천,음식점 중 '일식'을 판매·제공하는 매장,test,일식,T6 기계변형,a04b4925-11d6-4d03-ae1d-341b4f383171,잇텐,일식,어은누리 골목형상점가,골목형상점가,대전광역시,,,
f4406a9045d41f5566d8,full_annotation_v1,A,q_일식_08,일식추천,음식점 중 '일식'을 판매·제공하는 매장,test,일식,T6 기계변형,d14c472e-d380-45d6-973f-b9d92a87b095,요연,일식,인제시장,전통시장,강원특별자치도,,,
b3341ee54d1aca98ee68,full_annotation_v1,A,q_일식_08,일식추천,음식점 중 '일식'을 판매·제공하는 매장,test,일식,T6 기계변형,bfdbcb2e-575b-413a-a40e-766cb8567177,에덴농산물,농산물,만수시장,전통시장,인천광역시,,,
c0955720cc87025c82d8,full_annotation_v1,A,q_일식_08,일식추천,음식점 중 '일식'을 판매·제공하는 매장,test,일식,T6 기계변형,62a656e3-1225-4668-b333-9e3c5e84c5d2,데덴찌,일식,상무시청상인회 골목형상점가,골목형상점가,광주광역시,,,
ac0119d94bb4cd1fd254,full_annotation_v1,A,q_일식_08,일식추천,음식점 중 '일식'을 판매·제공하는 매장,test,일식,T6 기계변형,025255cd-6e4e-4d26-b2b7-bd18e2858548,정성카츠 화정점,일식,화정로상가상인회 골목형상점가,골목형상점가,광주광역시,,,
783660941c6772ec8089,full_annotation_v1,A,q_일식_08,일식추천,음식점 중 '일식'을 판매·제공하는 매장,test,일식,T6 기계변형,cad314bc-33a9-424a-83f2-89ee68d2ea13,뎅뎅뎅,일식,궁동 골목형상점가,골목형상점가,대전광역시,,,
784f17f401884d678a2d,full_annotation_v1,A,q_일식_08,일식추천,음식점 중 '일식'을 판매·제공하는 매장,test,일식,T6 기계변형,c1a9745c-156e-47ff-b4d8-af7d6bbf25e4,해왁,일식,사가정51길 골목형상점가,골목형상점가,서울특별시,,,
5bb7db2b460dd4d2375d,full_annotation_v1,A,q_일식_08,일식추천,음식점 중 '일식'을 판매·제공하는 매장,test,일식,T6 기계변형,e48bab06-bffa-4160-a512-cce55fe81df0,주식회사 동문올레수산,,동문수산시장,전통시장,제주특별자치도,,,
6c979ae632050906ec08,full_annotation_v1,A,q_일식_08,일식추천,음식점 중 '일식'을 판매·제공하는 매장,test,일식,T6 기계변형,b8f597be-9306-40fb-a8a9-239b68b5716b,쇼진,일식,위드수암 골목형상점가,골목형상점가,울산광역시,,,
09b1100e2be0ff5f9827,full_annotation_v1,A,q_일식_08,일식추천,음식점 중 '일식'을 판매·제공하는 매장,test,일식,T6 기계변형,02e18ef3-4b66-4159-96bf-759bfb98320f,카츠옹,돈까스,자양번영로골목형상점가,골목형상점가,서울특별시,,,
696e8703da1f0d9c6cab,full_annotation_v1,A,q_일식_08,일식추천,음식점 중 '일식'을 판매·제공하는 매장,test,일식,T6 기계변형,01afaafa-2a46-4977-8015-55762957ee7a,다래초밥,초밥,동문동 골목형상점가,골목형상점가,충청남도,,,
38e660df9535e1228631,full_annotation_v1,A,q_일식_08,일식추천,음식점 중 '일식'을 판매·제공하는 매장,test,일식,T6 기계변형,ba8489d5-45d9-4f15-92f0-d8a784318549,키햐아,일식,까치울역카페거리 골목형상점가,골목형상점가,경기도,,,
05b90c1271fc1ff48da9,full_annotation_v1,A,q_일식_08,일식추천,음식점 중 '일식'을 판매·제공하는 매장,test,일식,T6 기계변형,e233f1c8-d942-485e-bf2d-f4ab38b5533d,파리바게뜨 송탄서정역점,빵,북부중앙 골목형상점가,골목형상점가,경기도,,,
4e9d25706d6bbe57bb27,full_annotation_v1,A,q_일식_08,일식추천,음식점 중 '일식'을 판매·제공하는 매장,test,일식,T6 기계변형,00dfe7e1-6daa-4586-9146-ec927a443d02,오늘애초밥,,포항죽도농산물시장,전통시장,경상북도,,,
c020e190f42ea7ecc61d,full_annotation_v1,A,q_일식_08,일식추천,음식점 중 '일식'을 판매·제공하는 매장,test,일식,T6 기계변형,4fd9a187-cbe4-40ac-877d-1a1339c3c3d6,라쿠엔,일식,매드블럭 골목형상점가,골목형상점가,대전광역시,,,
bc4c33fe08d671ab9119,full_annotation_v1,A,q_일식_08,일식추천,음식점 중 '일식'을 판매·제공하는 매장,test,일식,T6 기계변형,bff1715e-a400-4ba4-9df0-c236d2ba9abe,카즈호,일식,마치광장골목형상점가,골목형상점가,대전광역시,,,
6a5a93eb1b7c7568e024,full_annotation_v1,A,q_일식_08,일식추천,음식점 중 '일식'을 판매·제공하는 매장,test,일식,T6 기계변형,33a6230b-793f-4e69-a3e0-170bc70ee803,옥천 목화원,일식,순천문화의거리 금꽃예술촌,자율상권구역,전라남도,,,
2c5421e7c335644b247c,full_annotation_v1,A,q_일식_08,일식추천,음식점 중 '일식'을 판매·제공하는 매장,test,일식,T6 기계변형,6e4a1e5f-04f9-481b-88f5-eee499815f2b,다이닝 타몽,한식,관저동 먹자골목 골목형상점가,골목형상점가,대전광역시,,,
72f99a79e2f64630b85b,full_annotation_v1,A,q_일식_08,일식추천,음식점 중 '일식'을 판매·제공하는 매장,test,일식,T6 기계변형,5ff5e851-9695-4924-8ed9-a9eed1ebe098,수,일식,효자시장,전통시장,경상북도,,,
793c593adc43d67e7139,full_annotation_v1,A,q_일식_08,일식추천,음식점 중 '일식'을 판매·제공하는 매장,test,일식,T6 기계변형,01710a82-bb0d-4cbc-8491-708f78ce99fe,스시니쿠 후평점,,인공폭포상가,자율상권구역,강원특별자치도,,,
793d66d64638c4849d44,full_annotation_v1,A,q_일식_08,일식추천,음식점 중 '일식'을 판매·제공하는 매장,test,일식,T6 기계변형,74aec6ce-e931-4e16-a2e2-c5fc39e01711,하기당,일식,연신내골목형상점가,골목형상점가,서울특별시,,,
8a10c344d2ca11d969a6,full_annotation_v1,A,q_일식_08,일식추천,음식점 중 '일식'을 판매·제공하는 매장,test,일식,T6 기계변형,c1f85108-72b2-4121-8559-536b105cfa5c,호복,일식,상동역 골목형상점가,골목형상점가,경기도,,,
21cee0ba2ad61263398d,full_annotation_v1,A,q_일식_09,일싣,음식점 중 '일식'을 판매·제공하는 매장,test,일식,T6 기계변형,cad314bc-33a9-424a-83f2-89ee68d2ea13,뎅뎅뎅,일식,궁동 골목형상점가,골목형상점가,대전광역시,,,
51b8bdf3edcbb193f53c,full_annotation_v1,A,q_일식_09,일싣,음식점 중 '일식'을 판매·제공하는 매장,test,일식,T6 기계변형,02e18ef3-4b66-4159-96bf-759bfb98320f,카츠옹,돈까스,자양번영로골목형상점가,골목형상점가,서울특별시,,,
84bdfee288767749b630,full_annotation_v1,A,q_일식_09,일싣,음식점 중 '일식'을 판매·제공하는 매장,test,일식,T6 기계변형,005eb589-94b0-4a7e-b4e4-ef8cf64b0762,스시쿄다이,일식,동홍8번가 골목형상점가,골목형상점가,제주특별자치도,,,
9fe7f36e5180c54791bd,full_annotation_v1,A,q_일식_09,일싣,음식점 중 '일식'을 판매·제공하는 매장,test,일식,T6 기계변형,ea3e40da-7090-44cb-8ac2-fdbaae2e5859,일창상회,,부전시장,전통시장,부산광역시,,,
1f75f5861f1234400d00,full_annotation_v1,A,q_일식_09,일싣,음식점 중 '일식'을 판매·제공하는 매장,test,일식,T6 기계변형,37b881e4-31e6-4577-930d-0632895aed31,일잔,한식,후평3동 행복마을 골목형상점가,골목형상점가,강원특별자치도,,,
25e013790a5893c24028,full_annotation_v1,A,q_일식_09,일싣,음식점 중 '일식'을 판매·제공하는 매장,test,일식,T6 기계변형,01710a82-bb0d-4cbc-8491-708f78ce99fe,스시니쿠 후평점,,인공폭포상가,자율상권구역,강원특별자치도,,,
b7e76d80cd4a447e744a,full_annotation_v1,A,q_일식_09,일싣,음식점 중 '일식'을 판매·제공하는 매장,test,일식,T6 기계변형,9b205f11-b0df-4772-82b7-ba642d138d6f,역전 할머니 맥주 천상점,음싣,천상천 골목형상점가,골목형상점가,울산광역시,,,
0c099588e9ed23e8f7ff,full_annotation_v1,A,q_일식_09,일싣,음식점 중 '일식'을 판매·제공하는 매장,test,일식,T6 기계변형,00fcc68d-3086-4b45-b998-f3763e8dbf7d,꼬치마요 산본역점(9호점),일식,산본로데오거리(구 산본중심상가),자율상권구역,경기도,,,
897e4d457bb335078d07,full_annotation_v1,A,q_일식_09,일싣,음식점 중 '일식'을 판매·제공하는 매장,test,일식,T6 기계변형,9b23043c-0b37-4b59-a7e4-0b67dda1f034,태양파닭,간이음식점,세종전통시장,전통시장,세종특별자치시,,,
42203ea26219e619be5a,full_annotation_v1,A,q_일식_09,일싣,음식점 중 '일식'을 판매·제공하는 매장,test,일식,T6 기계변형,00dfe7e1-6daa-4586-9146-ec927a443d02,오늘애초밥,,포항죽도농산물시장,전통시장,경상북도,,,
dd8d0bd0853d18e7de2e,full_annotation_v1,A,q_일식_09,일싣,음식점 중 '일식'을 판매·제공하는 매장,test,일식,T6 기계변형,0474ee0c-1f03-47fa-af45-bb5411abb04a,무루,일식,봉명동우산거리 골목형상점가,골목형상점가,대전광역시,,,
c741504877dec6b6a6b0,full_annotation_v1,A,q_일식_09,일싣,음식점 중 '일식'을 판매·제공하는 매장,test,일식,T6 기계변형,4587242d-412f-4b95-90ac-d1a33d07edb2,귄식당,일식,방배역먹자골목 골목형상점가,골목형상점가,서울특별시,,,
100f96918bcc28d96f67,full_annotation_v1,A,q_일식_09,일싣,음식점 중 '일식'을 판매·제공하는 매장,test,일식,T6 기계변형,6b95e7d9-4e27-4e1d-9966-2ba4fc0e6227,부촌통상,마늘,팔달신시장,전통시장,대구광역시,,,
c6f7088deaf1e59561a7,full_annotation_v1,A,q_일식_09,일싣,음식점 중 '일식'을 판매·제공하는 매장,test,일식,T6 기계변형,01f14598-4405-408e-9fac-71db17ed6f05,동경스시,,풍무동1 골목형상점가,골목형상점가,경기도,,,
a73e9e2649aa5aa2ee70,full_annotation_v1,A,q_일식_09,일싣,음식점 중 '일식'을 판매·제공하는 매장,test,일식,T6 기계변형,66058b5e-1c6d-45d0-b5b9-91a2c9621d3f,일일시호일,일식,잠원하길골목형상점가,골목형상점가,서울특별시,,,
8b32542fe7ac3ee36e2e,full_annotation_v1,A,q_일식_09,일싣,음식점 중 '일식'을 판매·제공하는 매장,test,일식,T6 기계변형,66949b22-611d-4650-b074-e5d9cf6c5b24,메이지,분싣,진주 로데오거리상점가,자율상권구역,경상남도,,,
bb0c27c0756861b900d6,full_annotation_v1,A,q_일식_09,일싣,음식점 중 '일식'을 판매·제공하는 매장,test,일식,T6 기계변형,04c1454c-94f9-4a74-a347-11bfad75cb82,스시대관령,일식스시,내곡동골목형상점가,골목형상점가,강원특별자치도,,,
1b73322c3ab5ccf9031d,full_annotation_v1,A,q_일식_09,일싣,음식점 중 '일식'을 판매·제공하는 매장,test,일식,T6 기계변형,bff1715e-a400-4ba4-9df0-c236d2ba9abe,카즈호,일식,마치광장골목형상점가,골목형상점가,대전광역시,,,
222914263a6fffbd65d9,full_annotation_v1,A,q_일식_09,일싣,음식점 중 '일식'을 판매·제공하는 매장,test,일식,T6 기계변형,c16094eb-686f-4ffa-99a1-bbe4f7452631,슌우,일식,망리단길골목형상점가,골목형상점가,서울특별시,,,
f62cebe8185def0e11c3,full_annotation_v1,A,q_일식_09,일싣,음식점 중 '일식'을 판매·제공하는 매장,test,일식,T6 기계변형,013d58c8-33f8-4dbe-95de-801d22ea9505,민영활어공장 부천자유시장점,"회, 초밥",부천자유시장,전통시장,경기도,,,
06b3949f04d76cb7e9ac,full_annotation_v1,A,q_일식_09,일싣,음식점 중 '일식'을 판매·제공하는 매장,test,일식,T6 기계변형,94e1abfc-0303-4653-b5bb-b66f7ba5f9c7,현대주유소,경유,용문 골목형상점가,골목형상점가,제주특별자치도,,,
573818103fead6ff083b,full_annotation_v1,A,q_일식_09,일싣,음식점 중 '일식'을 판매·제공하는 매장,test,일식,T6 기계변형,ea4e4dc3-5f29-4fc5-b43e-8c7a6d853cff,은정약국,의약품,두텁바위 골목형상점가,골목형상점가,서울특별시,,,
330daf6f0c8c55fbd221,full_annotation_v1,A,q_일식_09,일싣,음식점 중 '일식'을 판매·제공하는 매장,test,일식,T6 기계변형,5abd2cc6-ab5d-4787-84fa-12ddb2fe95d5,예가,한싣,화정한울타리상인회 골목형상점가,골목형상점가,광주광역시,,,
f0da59991cafeee761bd,full_annotation_v1,A,q_일식_09,일싣,음식점 중 '일식'을 판매·제공하는 매장,test,일식,T6 기계변형,2cfe44c9-9d8a-4ecd-bbde-e6da2ad1fcc7,일꾼상회,채소,팔달신시장,전통시장,대구광역시,,,
7fb407bce06b124c4ce3,full_annotation_v1,A,q_일식_09,일싣,음식점 중 '일식'을 판매·제공하는 매장,test,일식,T6 기계변형,b049f94f-23fa-458b-8b8b-095d0cb6ed54,우츠,일식,맹동혁신골목형상점가,골목형상점가,충청북도,,,
459931b13019bea37757,full_annotation_v1,A,q_일식_09,일싣,음식점 중 '일식'을 판매·제공하는 매장,test,일식,T6 기계변형,44a477c7-b156-4a42-92fa-8f4597c50dcc,유야,일식,안동시옥동 골목형상점가,골목형상점가,경상북도,,,
9f4ebd9a2bf7444840c9,full_annotation_v1,A,q_일식_09,일싣,음식점 중 '일식'을 판매·제공하는 매장,test,일식,T6 기계변형,1150e815-8b5b-4425-8419-95995def1ed6,현도공사,문구,반드레길골목형상점가,골목형상점가,서울특별시,,,
69c778583d8792a4560f,full_annotation_v1,A,q_일식_09,일싣,음식점 중 '일식'을 판매·제공하는 매장,test,일식,T6 기계변형,c6a98d0a-2cf5-4c1a-815c-771d58196285,한미탕제원,즉석가공 판매업(탕제),서울약령시장,전통시장,서울특별시,,,
1e30c83e5d2df7c92768,full_annotation_v1,A,q_일식_09,일싣,음식점 중 '일식'을 판매·제공하는 매장,test,일식,T6 기계변형,025255cd-6e4e-4d26-b2b7-bd18e2858548,정성카츠 화정점,일식,화정로상가상인회 골목형상점가,골목형상점가,광주광역시,,,
ee935c753bdad297b36a,full_annotation_v1,A,q_일식_09,일싣,음식점 중 '일식'을 판매·제공하는 매장,test,일식,T6 기계변형,395e5db2-316c-480d-a127-7c9f2f4847b4,덥,일식,서구청먹자골목상인회 골목형상점가,골목형상점가,광주광역시,,,
4adac42e7608b191ed85,full_annotation_v1,A,q_일식_09,일싣,음식점 중 '일식'을 판매·제공하는 매장,test,일식,T6 기계변형,02c5c07b-ed68-43c2-bcc4-c01766b8d457,일조,일식,송정동 상점가,자율상권구역,경기도,,,
f482d1387bc4930478a4,full_annotation_v1,A,q_일식_09,일싣,음식점 중 '일식'을 판매·제공하는 매장,test,일식,T6 기계변형,e8b7f9bb-fb0a-4321-ba69-6f8947dfe6d1,일담,일식,김대중컨벤션상인회 골목형상점가,골목형상점가,광주광역시,,,
af2ffeef8e2d009835d6,full_annotation_v1,A,q_일식_09,일싣,음식점 중 '일식'을 판매·제공하는 매장,test,일식,T6 기계변형,c6a05064-1089-4115-ad09-7113dcbaaee8,광주휴대폰성지,통신기기,치평상무역상인회 골목형상점가,골목형상점가,광주광역시,,,
6070ccf5f4308bb13ac1,full_annotation_v1,A,q_일식_09,일싣,음식점 중 '일식'을 판매·제공하는 매장,test,일식,T6 기계변형,a94d3941-24e4-47bc-baad-ab4e77fbc8f6,고향식당,음식(한식),남대문시장,전통시장,서울특별시,,,
8b3211970b23548ffd8a,full_annotation_v1,A,q_일식_09,일싣,음식점 중 '일식'을 판매·제공하는 매장,test,일식,T6 기계변형,00f1a1de-5180-4857-ac9d-3d104fc8a1e0,진스시,,신구로현대어반벨리 골목형상점가,골목형상점가,서울특별시,,,
a5c470b3ce0e3b98ea51,full_annotation_v1,A,q_일식_09,일싣,음식점 중 '일식'을 판매·제공하는 매장,test,일식,T6 기계변형,39edf0aa-c238-4443-8ea7-457f9ab8f72d,일행,,면허시험장네거리 골목형상점가,골목형상점가,대구광역시,,,
69c38691ad20307d461d,full_annotation_v1,A,q_일식_09,일싣,음식점 중 '일식'을 판매·제공하는 매장,test,일식,T6 기계변형,aca8b36d-fefc-48dc-b6ed-e20aa9c9ebed,마레브로우,미용,반드레길골목형상점가,골목형상점가,서울특별시,,,
77ba88d7f0064f1b8d13,full_annotation_v1,A,q_일식_09,일싣,음식점 중 '일식'을 판매·제공하는 매장,test,일식,T6 기계변형,03e60ecc-402f-49e8-b1ac-cbd4f330144d,온정돈까스 천안불당점,돈까스,시청앞 골목형상점가,골목형상점가,충청남도,,,
cd0d0ae5e7e149a55d14,full_annotation_v1,A,q_일식_09,일싣,음식점 중 '일식'을 판매·제공하는 매장,test,일식,T6 기계변형,3c16bc62-ecce-4ea0-8f7c-f807433d83df,만개,일식,어은누리 골목형상점가,골목형상점가,대전광역시,,,
082cde67bf7ea6223f85,full_annotation_v1,A,q_일식_09,일싣,음식점 중 '일식'을 판매·제공하는 매장,test,일식,T6 기계변형,01afaafa-2a46-4977-8015-55762957ee7a,다래초밥,초밥,동문동 골목형상점가,골목형상점가,충청남도,,,
19eb704e5782d87f5f13,full_annotation_v1,A,q_일식_09,일싣,음식점 중 '일식'을 판매·제공하는 매장,test,일식,T6 기계변형,00eefa39-8925-4ff1-8fb6-e3aa2c2b7937,아비꼬 용인보정점,일식 음식점,BOCA 보카상점가,골목형상점가,경기도,,,
f3d72d45f998e7b2b4bc,full_annotation_v1,A,q_일식_09,일싣,음식점 중 '일식'을 판매·제공하는 매장,test,일식,T6 기계변형,c1f85108-72b2-4121-8559-536b105cfa5c,호복,일식,상동역 골목형상점가,골목형상점가,경기도,,,
64a94d58e272f805f0ac,full_annotation_v1,A,q_일식_09,일싣,음식점 중 '일식'을 판매·제공하는 매장,test,일식,T6 기계변형,d5f37551-5127-4a3a-a76d-19b2c1156889,일진,,자갈치시장,전통시장,부산광역시,,,
51a418c68f182c44d665,full_annotation_v1,A,q_일식_09,일싣,음식점 중 '일식'을 판매·제공하는 매장,test,일식,T6 기계변형,587dee0c-7f91-4f89-b349-c12648c9a0f8,일승마트,,정남진활력의거리 골목형상점가,골목형상점가,,,,
6745914e371545b4acfc,full_annotation_v1,A,q_일식_09,일싣,음식점 중 '일식'을 판매·제공하는 매장,test,일식,T6 기계변형,995a3121-adeb-4d1a-8571-5d5ab4ef00d4,일몽갈비,한식,댕리단길 골목형상점가,골목형상점가,경기도,,,
92fd34cabeb6b24a33ff,full_annotation_v1,A,q_일식_09,일싣,음식점 중 '일식'을 판매·제공하는 매장,test,일식,T6 기계변형,a2811bfb-d9b3-4f0a-a120-22ea02fcebe6,일상다반,일식,공릉철길골목형상점가,골목형상점가,서울특별시,,,
04582750a716adea88ef,full_annotation_v1,A,q_일식_09,일싣,음식점 중 '일식'을 판매·제공하는 매장,test,일식,T6 기계변형,79a837d2-52e7-4ca2-87f3-a2101ac77731,수리술술,한식,용문 골목형상점가,골목형상점가,제주특별자치도,,,
c02294dad328f9ce5d97,full_annotation_v1,A,q_일식_09,일싣,음식점 중 '일식'을 판매·제공하는 매장,test,일식,T6 기계변형,026b148f-ce2a-4e35-8dbb-0aaca2c31325,은화수식당,돈까스 카레 우동 기타등등,군산디오션시티 골목형상점가,골목형상점가,전북특별자치도,,,
79a30d8fb2f7c235ac44,full_annotation_v1,A,q_일식_09,일싣,음식점 중 '일식'을 판매·제공하는 매장,test,일식,T6 기계변형,ae98561d-26ef-4c4a-87b0-412aecf01ea6,시골장터국밥숯불구이,한식,안동중앙문화의거리상점가,자율상권구역,경상북도,,,
397f13b6fc02617c8b1e,full_annotation_v1,A,q_일식_09,일싣,음식점 중 '일식'을 판매·제공하는 매장,test,일식,T6 기계변형,bf513289-e456-49b2-8ead-863fda6d709d,나리노,카페,두텁바위 골목형상점가,골목형상점가,서울특별시,,,
b184b94c49ba2cc0ffc2,full_annotation_v1,A,q_일식_09,일싣,음식점 중 '일식'을 판매·제공하는 매장,test,일식,T6 기계변형,d3aec7a1-3530-4f5b-b878-d2229af6457e,일품돈,한식,사당1동 먹자골목 상점가,자율상권구역,서울특별시,,,
eafa244147b9031e8ec7,full_annotation_v1,A,q_일식_09,일싣,음식점 중 '일식'을 판매·제공하는 매장,test,일식,T6 기계변형,ec628357-ad64-49b6-aaa8-472f83ffffed,일담,일식,충장로123가 상점가,자율상권구역,광주광역시,,,
ed662c35e9a098ed5ef4,full_annotation_v1,A,q_일식_09,일싣,음식점 중 '일식'을 판매·제공하는 매장,test,일식,T6 기계변형,8d18c9e1-f5cc-4445-a2f0-2406b5521f66,욧삐떼,일식,양정 골목형상점가,골목형상점가,울산광역시,,,
6dd5cd5c7c38d777726e,full_annotation_v1,A,q_일식_09,일싣,음식점 중 '일식'을 판매·제공하는 매장,test,일식,T6 기계변형,0004ebd2-4e64-4552-95e5-a3b62efea718,적정온도 숙성회&초밥,회초밥,장안마실골목형상점가,골목형상점가,서울특별시,,,
9e85a76d9d4769ae53d9,full_annotation_v1,A,q_일식_09,일싣,음식점 중 '일식'을 판매·제공하는 매장,test,일식,T6 기계변형,9cace4fa-210f-453b-8a00-8573a6f04009,일심당,일식,쌍문역둘리상점가,자율상권구역,서울특별시,,,
477b50a0271a9c97b16e,full_annotation_v1,A,q_일식_09,일싣,음식점 중 '일식'을 판매·제공하는 매장,test,일식,T6 기계변형,c1a9745c-156e-47ff-b4d8-af7d6bbf25e4,해왁,일식,사가정51길 골목형상점가,골목형상점가,서울특별시,,,
7b7ca576a8fb9189b0ef,full_annotation_v1,A,q_일식_09,일싣,음식점 중 '일식'을 판매·제공하는 매장,test,일식,T6 기계변형,0225925b-3945-46cd-b995-b946a617ccfc,초밥일번지,일식,안동음식의거리 골목형상점가,골목형상점가,경상북도,,,
d88f5b7fc6a0768b7384,full_annotation_v1,A,q_일식_09,일싣,음식점 중 '일식'을 판매·제공하는 매장,test,일식,T6 기계변형,00ba389b-e522-4da5-ac26-2ffaf33359ec,스시노유키,초밥,산본로데오거리(구 산본중심상가),자율상권구역,경기도,,,
a97583962c606d6686c0,full_annotation_v1,A,q_일식_09,일싣,음식점 중 '일식'을 판매·제공하는 매장,test,일식,T6 기계변형,8706fe86-33ba-43cf-a4a9-b231a8961b22,일렌,의류,테크노상가,전통시장,서울특별시,,,
456be3802281940bd15d,full_annotation_v1,A,q_일식_09,일싣,음식점 중 '일식'을 판매·제공하는 매장,test,일식,T6 기계변형,0d53a41d-df5f-43a1-b42f-d71c1ba22fa5,원주닭발편육,닭발,원주미로예술중앙시장(원주중앙시장),전통시장,강원특별자치도,,,
aa6d6d3e41c162cb6a40,full_annotation_v1,A,q_일식_09,일싣,음식점 중 '일식'을 판매·제공하는 매장,test,일식,T6 기계변형,01cecd17-bce9-4355-af06-2ca2cee82862,돈까스에빠지다 범어점,돈까스,범어식주가무명인골목 골목형상점가,골목형상점가,대구광역시,,,
9c73795bdf2410bfbfc9,full_annotation_v1,A,q_일식_09,일싣,음식점 중 '일식'을 판매·제공하는 매장,test,일식,T6 기계변형,01f2d713-86d5-414a-b9b9-1fdde102f589,미스타교자(상봉점),일식,상봉먹자골목형상점가,골목형상점가,서울특별시,,,
268abac780ff9206c672,full_annotation_v1,A,q_일식_09,일싣,음식점 중 '일식'을 판매·제공하는 매장,test,일식,T6 기계변형,00e80339-1353-4885-81d7-0746a437abb2,포식 용인한숲시티점,쌀국수 돈까스 함박스테이크,남사한숲 골목형상점가,골목형상점가,경기도,,,
fde43ec299904e7ec6e9,full_annotation_v1,A,q_일식_09,일싣,음식점 중 '일식'을 판매·제공하는 매장,test,일식,T6 기계변형,afcfbf0f-7232-4f04-8612-6aa04c209691,일류,일식,두류젊코상권,상권활성화구역,대구광역시,,,
421ba2122bc11be57917,full_annotation_v1,A,q_일식_09,일싣,음식점 중 '일식'을 판매·제공하는 매장,test,일식,T6 기계변형,3fc229fc-a587-4b46-8b5c-5830dee6449d,황놀부한방족발보쌈,족발보쌈,백운먹자 골목형상점가,골목형상점가,광주광역시,,,
152c0a84fbe4f05ae250,full_annotation_v1,A,q_일식_09,일싣,음식점 중 '일식'을 판매·제공하는 매장,test,일식,T6 기계변형,ea84f42a-3254-485f-80a5-b90c849cacfd,만동,일식,법리단길 골목형상점가,골목형상점가,전북특별자치도,,,
b17bc2c25fb6df6e2c5d,full_annotation_v1,A,q_일식_09,일싣,음식점 중 '일식'을 판매·제공하는 매장,test,일식,T6 기계변형,aa486bff-2824-4513-a4bc-7f167d48a609,사남매곶감농원,곶감,고산미소시장(고산시장),전통시장,전북특별자치도,,,
9228c48e69fb7b55373c,full_annotation_v1,A,q_일식_09,일싣,음식점 중 '일식'을 판매·제공하는 매장,test,일식,T6 기계변형,d7b02b48-75de-46f5-a47e-3937c44208fa,일출당,,석교동 돌다리이음 골목형상점가,골목형상점가,대전광역시,,,
7e472f87d52f0eb4df4d,full_annotation_v1,A,q_일식_09,일싣,음식점 중 '일식'을 판매·제공하는 매장,test,일식,T6 기계변형,9bbf9310-c01d-46b2-848e-662a7751ce7e,일상화식,일식,성수역골목형상점가,골목형상점가,서울특별시,,,
9e372bb475bc88e6ba44,full_annotation_v1,A,q_일식_09,일싣,음식점 중 '일식'을 판매·제공하는 매장,test,일식,T6 기계변형,33e5e606-8ef5-4d48-ac25-ccaae92bd43b,일렘,의류,㈜르네시떼,전통시장,부산광역시,,,
42039178b5923d8577d6,full_annotation_v1,A,q_일식_09,일싣,음식점 중 '일식'을 판매·제공하는 매장,test,일식,T6 기계변형,0547b6e2-3d1e-4a4a-97c6-9b1c1344bf88,김희철 스시,,솔매사랑길 골목형상점가,골목형상점가,서울특별시,,,
56dc3713a03bf4ce3f76,full_annotation_v1,A,q_일식_09,일싣,음식점 중 '일식'을 판매·제공하는 매장,test,일식,T6 기계변형,ddd95d5e-095a-44f8-96d6-fc76ff92c8cd,그때그집,한싣,양산상생하는하서로 골목형상점가,골목형상점가,광주광역시,,,
0397c4a52ecc44b55312,full_annotation_v1,A,q_일식_09,일싣,음식점 중 '일식'을 판매·제공하는 매장,test,일식,T6 기계변형,799a87f3-95f4-4586-9efe-a6979fdd8106,잠수기중매인55번,어패류,자갈치시장,전통시장,부산광역시,,,
9663d1aab01430b0cb62,full_annotation_v1,A,q_일식_09,일싣,음식점 중 '일식'을 판매·제공하는 매장,test,일식,T6 기계변형,26fcf63b-90e7-4f18-aab1-436d3896658b,시네마,한싣,서원동상점가,자율상권구역,서울특별시,,,
9f8e7908d03c972eec27,full_annotation_v1,A,q_일식_09,일싣,음식점 중 '일식'을 판매·제공하는 매장,test,일식,T6 기계변형,ed72d85b-17a6-4472-84ce-02d1e88b2a5c,일가,한식,가락몰골목형상점가,골목형상점가,서울특별시,,,
f0ce1ccd24256ae55b1a,full_annotation_v1,A,q_일식_09,일싣,음식점 중 '일식'을 판매·제공하는 매장,test,일식,T6 기계변형,eecf2379-6c8b-4bbe-9612-ed5fe5c8d3f0,일식송수사,일식,산본로데오거리(구 산본중심상가),자율상권구역,경기도,,,
fd85fba328839bd0090a,full_annotation_v1,A,q_일식_09,일싣,음식점 중 '일식'을 판매·제공하는 매장,test,일식,T6 기계변형,7234e0fe-2051-492b-a754-10f380afb9a3,노렌인,일식,과천스마트케이 골목형상점가,골목형상점가,경기도,,,
d5673f5264f0672614a1,full_annotation_v1,A,q_일식_10,일본 음식 먹을 곳,음식점 중 '일식'을 판매·제공하는 매장,test,일식,T4 구어·문장,00eefa39-8925-4ff1-8fb6-e3aa2c2b7937,아비꼬 용인보정점,일식 음식점,BOCA 보카상점가,골목형상점가,경기도,,,
5ea6548bc148a19173b7,full_annotation_v1,A,q_일식_10,일본 음식 먹을 곳,음식점 중 '일식'을 판매·제공하는 매장,test,일식,T4 구어·문장,c4e430f4-7b79-4ff7-b3b0-eff4643783d6,양지식당,음식,부천자유시장,전통시장,경기도,,,
5b884339a8d6ae478104,full_annotation_v1,A,q_일식_10,일본 음식 먹을 곳,음식점 중 '일식'을 판매·제공하는 매장,test,일식,T4 구어·문장,6f9794bd-e306-4058-82e7-93c2215773a9,팔도보쌈,음식,을지명보골목형상점가,골목형상점가,서울특별시,,,
0e0583f66575200294ed,full_annotation_v1,A,q_일식_10,일본 음식 먹을 곳,음식점 중 '일식'을 판매·제공하는 매장,test,일식,T4 구어·문장,6b02aafb-0ff5-422c-86cb-58ac37aa0fe1,네이비 이용원,이발,"일곡동(제6지역:청솔3,대림2,현대3,현대1,금호,청솔4)",골목형상점가,광주광역시,,,
500eaaef4e260d96ed49,full_annotation_v1,A,q_일식_10,일본 음식 먹을 곳,음식점 중 '일식'을 판매·제공하는 매장,test,일식,T4 구어·문장,80f306dd-08f8-4918-acba-f75063260c33,만경,음식,남현동예술인마을골목형상점가,골목형상점가,서울특별시,,,
8511b615881294d4a1f5,full_annotation_v1,A,q_일식_10,일본 음식 먹을 곳,음식점 중 '일식'을 판매·제공하는 매장,test,일식,T4 구어·문장,00e80339-1353-4885-81d7-0746a437abb2,포식 용인한숲시티점,쌀국수 돈까스 함박스테이크,남사한숲 골목형상점가,골목형상점가,경기도,,,
7d583e0080199339f29b,full_annotation_v1,A,q_일식_10,일본 음식 먹을 곳,음식점 중 '일식'을 판매·제공하는 매장,test,일식,T4 구어·문장,df7235ed-5926-4d1f-a8b2-d2e969fd0232,버몬지,음식,수완나들목 골목형상점가,골목형상점가,광주광역시,,,
53daae04c32f7e140b6e,full_annotation_v1,A,q_일식_10,일본 음식 먹을 곳,음식점 중 '일식'을 판매·제공하는 매장,test,일식,T4 구어·문장,e8132354-9fd3-4590-b155-ce7e5e5dc50c,마콤,음식,빛가람 로데오 골목형상점가,골목형상점가,전라남도,,,
d44dfa2980c14ef067c7,full_annotation_v1,A,q_일식_10,일본 음식 먹을 곳,음식점 중 '일식'을 판매·제공하는 매장,test,일식,T4 구어·문장,3ae2f027-7817-491f-9914-4a829591f866,옛날통닭,음식,달서시장,전통시장,대구광역시,,,
bbf95be0975c60f154e2,full_annotation_v1,A,q_일식_10,일본 음식 먹을 곳,음식점 중 '일식'을 판매·제공하는 매장,test,일식,T4 구어·문장,789a0ccc-9f01-4f98-abbb-1f29cbbbb971,주식회사,음식,풍암순환로상인회 골목형상점가,골목형상점가,광주광역시,,,
8346103b4a99227e0da7,full_annotation_v1,A,q_일식_10,일본 음식 먹을 곳,음식점 중 '일식'을 판매·제공하는 매장,test,일식,T4 구어·문장,73edeebd-c90f-4d4e-a48c-23ef79b33f7e,먹새통,음식,전남대후문골목형상점가,골목형상점가,광주광역시,,,
ace6efa88b94f61d3cc8,full_annotation_v1,A,q_일식_10,일본 음식 먹을 곳,음식점 중 '일식'을 판매·제공하는 매장,test,일식,T4 구어·문장,60089c35-33fa-4753-974b-64a3e4068946,청린,음식,반석동 골목형상점가,골목형상점가,대전광역시,,,
a073623d8e6ccad496e2,full_annotation_v1,A,q_일식_10,일본 음식 먹을 곳,음식점 중 '일식'을 판매·제공하는 매장,test,일식,T4 구어·문장,a39fdf4e-2169-4244-98d5-bdda978a30fa,스시 오우시,일본 음식,남사한숲 골목형상점가,골목형상점가,경기도,,,
073046dbcd1cf4dd34b3,full_annotation_v1,A,q_일식_10,일본 음식 먹을 곳,음식점 중 '일식'을 판매·제공하는 매장,test,일식,T4 구어·문장,ced15673-9eda-46ca-89e8-29a0a3bff5d7,우뎅,음식,온택트 괴정스마트 상권활성화구역,상권활성화구역,부산광역시,,,
3de5427a265e353e1304,full_annotation_v1,A,q_일식_10,일본 음식 먹을 곳,음식점 중 '일식'을 판매·제공하는 매장,test,일식,T4 구어·문장,5c9d5af6-3a6b-4d67-8ad1-0d7e6920772e,서울마님죽,음식,오산오색시장(구 오산중앙시장),전통시장,경기도,,,
52300af5edb639b03e20,full_annotation_v1,A,q_일식_10,일본 음식 먹을 곳,음식점 중 '일식'을 판매·제공하는 매장,test,일식,T4 구어·문장,28f8ed4a-9ede-4082-8707-9cfbed4c2fda,룽고,음식,석촌시장,전통시장,서울특별시,,,
2408c2aad609e9afaddf,full_annotation_v1,A,q_일식_10,일본 음식 먹을 곳,음식점 중 '일식'을 판매·제공하는 매장,test,일식,T4 구어·문장,62a0dcf4-9ca6-4d5d-9d2f-16875e10c3d2,라잍,음식,단국대 앞 골목형상점가,골목형상점가,경기도,,,
e4ac69e33a289c3746f7,full_annotation_v1,A,q_일식_10,일본 음식 먹을 곳,음식점 중 '일식'을 판매·제공하는 매장,test,일식,T4 구어·문장,005eb589-94b0-4a7e-b4e4-ef8cf64b0762,스시쿄다이,일식,동홍8번가 골목형상점가,골목형상점가,제주특별자치도,,,
b3da0116ce1a22af84a2,full_annotation_v1,A,q_일식_10,일본 음식 먹을 곳,음식점 중 '일식'을 판매·제공하는 매장,test,일식,T4 구어·문장,9e770f0c-728b-4540-b63e-c67fe1f4488e,고향식당,음식,진부전통시장,전통시장,강원특별자치도,,,
92621fcb953bd6ea56e1,full_annotation_v1,A,q_일식_10,일본 음식 먹을 곳,음식점 중 '일식'을 판매·제공하는 매장,test,일식,T4 구어·문장,b0c70551-5767-4b2b-b353-1687e213eef8,조롱박,음식,여수진남상가,자율상권구역,전라남도,,,
61861bf238813ca91ad5,full_annotation_v1,A,q_일식_10,일본 음식 먹을 곳,음식점 중 '일식'을 판매·제공하는 매장,test,일식,T4 구어·문장,00ba389b-e522-4da5-ac26-2ffaf33359ec,스시노유키,초밥,산본로데오거리(구 산본중심상가),자율상권구역,경기도,,,
c351e067e1d1c7f54038,full_annotation_v1,A,q_일식_10,일본 음식 먹을 곳,음식점 중 '일식'을 판매·제공하는 매장,test,일식,T4 구어·문장,60a74373-0d63-4e3e-9ebe-7e10e4c3cc03,서울마님죽,음식,개금골목시장,전통시장,부산광역시,,,
b8d382b2673fa435c320,full_annotation_v1,A,q_일식_10,일본 음식 먹을 곳,음식점 중 '일식'을 판매·제공하는 매장,test,일식,T4 구어·문장,013d58c8-33f8-4dbe-95de-801d22ea9505,민영활어공장 부천자유시장점,"회, 초밥",부천자유시장,전통시장,경기도,,,
b6c0e79f97b82d3cdf95,full_annotation_v1,A,q_일식_10,일본 음식 먹을 곳,음식점 중 '일식'을 판매·제공하는 매장,test,일식,T4 구어·문장,819a35a4-d207-4e6a-97ae-3fa50b18f853,수석분식,음식,서산동부전통시장,전통시장,충청남도,,,
25433acf8363d62972dd,full_annotation_v1,A,q_일식_10,일본 음식 먹을 곳,음식점 중 '일식'을 판매·제공하는 매장,test,일식,T4 구어·문장,1a5e8b29-ece2-4566-b147-5ad3667e16c2,둥이네푸드,음식,점촌전통시장,전통시장,경상북도,,,
074c8a63b2092bb7e336,full_annotation_v1,A,q_일식_10,일본 음식 먹을 곳,음식점 중 '일식'을 판매·제공하는 매장,test,일식,T4 구어·문장,8d270d18-3a8a-418a-8ea6-eeef4deb63f3,무두,음식,보이저진월 골목형상점가,골목형상점가,광주광역시,,,
354da5f95ebb93a80eb5,full_annotation_v1,A,q_일식_10,일본 음식 먹을 곳,음식점 중 '일식'을 판매·제공하는 매장,test,일식,T4 구어·문장,f6735830-d647-450a-be34-3f2a3e812fac,김밥천국,음식,상도도깨비골목형상점가,골목형상점가,서울특별시,,,
1258b9b4655e9d218a76,full_annotation_v1,A,q_일식_10,일본 음식 먹을 곳,음식점 중 '일식'을 판매·제공하는 매장,test,일식,T4 구어·문장,08c05fee-9db1-486f-9152-3755fe8e4ff8,투머트,음식,샤로수길골목형상점가,골목형상점가,서울특별시,,,
913bb7ced30ce235a11d,full_annotation_v1,A,q_일식_10,일본 음식 먹을 곳,음식점 중 '일식'을 판매·제공하는 매장,test,일식,T4 구어·문장,26cd90e1-eb1c-41e4-a2f4-68886a63ee2d,크린하우스,의복 및 기타 가정용 직물제품 수리업,전주우성타운 골목형상점가,골목형상점가,전북특별자치도,,,
4add97f997a5d92e9ffa,full_annotation_v1,A,q_일식_10,일본 음식 먹을 곳,음식점 중 '일식'을 판매·제공하는 매장,test,일식,T4 구어·문장,03e60ecc-402f-49e8-b1ac-cbd4f330144d,온정돈까스 천안불당점,돈까스,시청앞 골목형상점가,골목형상점가,충청남도,,,
c40e9e546489a1c63271,full_annotation_v1,A,q_일식_10,일본 음식 먹을 곳,음식점 중 '일식'을 판매·제공하는 매장,test,일식,T4 구어·문장,b2eccf55-da0e-414a-8ef2-e49ce495e3d8,마실커피숍,커피,순천문화의거리 금꽃예술촌,자율상권구역,전라남도,,,
acd696a7f0df134f2e06,full_annotation_v1,A,q_일식_10,일본 음식 먹을 곳,음식점 중 '일식'을 판매·제공하는 매장,test,일식,T4 구어·문장,d8c82c80-6638-464e-b836-1bc61b838266,휘겔리,,삼사 골목형상점가,골목형상점가,전북특별자치도,,,
336d4f8a50e468667857,full_annotation_v1,A,q_일식_10,일본 음식 먹을 곳,음식점 중 '일식'을 판매·제공하는 매장,test,일식,T4 구어·문장,66cd8fcb-7c37-42c3-8f12-5edf16c258d1,오솥길,음식,문지동 골목형상점가,골목형상점가,대전광역시,,,
6b56c272aeb772aea072,full_annotation_v1,A,q_일식_10,일본 음식 먹을 곳,음식점 중 '일식'을 판매·제공하는 매장,test,일식,T4 구어·문장,9ef96bab-5f5f-4f83-a600-e7d336653705,간절곳 튀김,음식,반송큰시장,전통시장,부산광역시,,,
e3fc2d1135db70e85e18,full_annotation_v1,A,q_일식_10,일본 음식 먹을 곳,음식점 중 '일식'을 판매·제공하는 매장,test,일식,T4 구어·문장,8bb0ca04-92c7-4ffe-855f-ced3a8b816d3,명성왕족발,음식,계양산전통시장,전통시장,인천광역시,,,
b0d3e542c76215e5b1e0,full_annotation_v1,A,q_일식_10,일본 음식 먹을 곳,음식점 중 '일식'을 판매·제공하는 매장,test,일식,T4 구어·문장,88d82779-ee7b-4b7d-af33-8e43f27ff0cf,을찌로가맥,음식,관평동 골목형상점가,골목형상점가,대전광역시,,,
58f0e2bc942195ef5824,full_annotation_v1,A,q_일식_10,일본 음식 먹을 곳,음식점 중 '일식'을 판매·제공하는 매장,test,일식,T4 구어·문장,266e3f77-7a1c-4feb-9725-8e2fb70e0979,참새초밥 구월점,일본 음식,구월도매전통시장,전통시장,인천광역시,,,
ae95e8cbd9b0498d2c8c,full_annotation_v1,A,q_일식_10,일본 음식 먹을 곳,음식점 중 '일식'을 판매·제공하는 매장,test,일식,T4 구어·문장,bf5c8822-1154-42e8-9228-b6f4f633d22b,바닿,음식,태장사거리 골목형상점가,골목형상점가,경기도,,,
2299a4327234706ff5aa,full_annotation_v1,A,q_일식_10,일본 음식 먹을 곳,음식점 중 '일식'을 판매·제공하는 매장,test,일식,T4 구어·문장,c4af0d5b-be91-428b-816e-3bbb667bcc34,루나메이크업,메이크업,양림천변좌로 골목형상점가,골목형상점가,광주광역시,,,
5b73c6bae919b551244d,full_annotation_v1,A,q_일식_10,일본 음식 먹을 곳,음식점 중 '일식'을 판매·제공하는 매장,test,일식,T4 구어·문장,383c530c-422a-4534-826c-7df0f1db8024,목림,음식,강진 서성다정길 골목형 상점가,골목형상점가,전라남도,,,
d0fe5692c08ccc45730d,full_annotation_v1,A,q_일식_10,일본 음식 먹을 곳,음식점 중 '일식'을 판매·제공하는 매장,test,일식,T4 구어·문장,ae6f28b1-b5d1-447a-bcb7-80a14c2bf385,본죽,음식,새롬동 골목형상점가,골목형상점가,세종특별자치시,,,
ac5ece842b473ffc747f,full_annotation_v1,A,q_일식_10,일본 음식 먹을 곳,음식점 중 '일식'을 판매·제공하는 매장,test,일식,T4 구어·문장,76a3551b-dae4-4326-92cc-662015aedbfb,쉴 곳,한식,칠성로상점가,자율상권구역,제주특별자치도,,,
43e2634bbc07ac723968,full_annotation_v1,A,q_일식_10,일본 음식 먹을 곳,음식점 중 '일식'을 판매·제공하는 매장,test,일식,T4 구어·문장,0225925b-3945-46cd-b995-b946a617ccfc,초밥일번지,일식,안동음식의거리 골목형상점가,골목형상점가,경상북도,,,
81edf55e06e3ae22878d,full_annotation_v1,A,q_일식_10,일본 음식 먹을 곳,음식점 중 '일식'을 판매·제공하는 매장,test,일식,T4 구어·문장,18babe42-fd78-4802-a799-517f99f5d577,투다리,음식,신가동 골목형상점가,골목형상점가,광주광역시,,,
9cc5ad7d0d8c52718d93,full_annotation_v1,A,q_일식_10,일본 음식 먹을 곳,음식점 중 '일식'을 판매·제공하는 매장,test,일식,T4 구어·문장,7fde034b-96e4-455a-83e2-7b5692b96a17,먹을터,한식,화성행궁골목형상점가,골목형상점가,경기도,,,
ac25f273e4ab7a55b003,full_annotation_v1,A,q_일식_10,일본 음식 먹을 곳,음식점 중 '일식'을 판매·제공하는 매장,test,일식,T4 구어·문장,7a425b28-d670-44fa-ab6b-08ba02d9635a,대박집,음식,포항 해도새록새로 골목형상점가,골목형상점가,경상북도,,,
311231ce15e007de3cc6,full_annotation_v1,A,q_일식_10,일본 음식 먹을 곳,음식점 중 '일식'을 판매·제공하는 매장,test,일식,T4 구어·문장,876b4c57-5230-45db-8667-3f2b7c4c9cc3,어량촌,음식,부평깡시장,전통시장,인천광역시,,,
8080b041c13d2e9a4d97,full_annotation_v1,A,q_일식_10,일본 음식 먹을 곳,음식점 중 '일식'을 판매·제공하는 매장,test,일식,T4 구어·문장,c111ac9d-3f3a-405c-a8db-4d127ccda9e2,행복이 있는 곳,잡화,제주로얄쇼핑센터,자율상권구역,제주특별자치도,,,
028cbe34e67f51e8be06,full_annotation_v1,A,q_일식_10,일본 음식 먹을 곳,음식점 중 '일식'을 판매·제공하는 매장,test,일식,T4 구어·문장,69c4763b-6186-4403-a75f-153d7e1cd38b,시장식당,음식,강화풍물시장,전통시장,인천광역시,,,
95290a1f856cc3162942,full_annotation_v1,A,q_일식_10,일본 음식 먹을 곳,음식점 중 '일식'을 판매·제공하는 매장,test,일식,T4 구어·문장,ec7fe059-ce11-4873-a391-a97194e597d6,전라찬방,,삼사 골목형상점가,골목형상점가,전북특별자치도,,,
4775645ea563f0afc715,full_annotation_v1,A,q_일식_10,일본 음식 먹을 곳,음식점 중 '일식'을 판매·제공하는 매장,test,일식,T4 구어·문장,9a763af0-cf2e-4029-9d0b-1239170f2740,아이리스,생활소품,동산상가,전통시장,대구광역시,,,
c5dba1f21dd38152f559,full_annotation_v1,A,q_일식_10,일본 음식 먹을 곳,음식점 중 '일식'을 판매·제공하는 매장,test,일식,T4 구어·문장,c1e63817-32ea-41f1-9704-0f85dc43432f,고향식당,음식,남해전통시장,전통시장,경상남도,,,
cc7503c9b884d3cfabcb,full_annotation_v1,A,q_일식_10,일본 음식 먹을 곳,음식점 중 '일식'을 판매·제공하는 매장,test,일식,T4 구어·문장,04c1454c-94f9-4a74-a347-11bfad75cb82,스시대관령,일식스시,내곡동골목형상점가,골목형상점가,강원특별자치도,,,
c5e16d77f9d97f137c76,full_annotation_v1,A,q_일식_10,일본 음식 먹을 곳,음식점 중 '일식'을 판매·제공하는 매장,test,일식,T4 구어·문장,0004ebd2-4e64-4552-95e5-a3b62efea718,적정온도 숙성회&초밥,회초밥,장안마실골목형상점가,골목형상점가,서울특별시,,,
936a8cf147b87c2f8a9b,full_annotation_v1,A,q_일식_10,일본 음식 먹을 곳,음식점 중 '일식'을 판매·제공하는 매장,test,일식,T4 구어·문장,025255cd-6e4e-4d26-b2b7-bd18e2858548,정성카츠 화정점,일식,화정로상가상인회 골목형상점가,골목형상점가,광주광역시,,,
18c3ecae83a96cb39b88,full_annotation_v1,A,q_일식_10,일본 음식 먹을 곳,음식점 중 '일식'을 판매·제공하는 매장,test,일식,T4 구어·문장,cfae243d-d83e-443a-b6bf-381cea464118,설레다밀크,음식,수원통닭거리 골목형사점가,골목형상점가,경기도,,,
6a5ce8a4b911e48f0e54,full_annotation_v1,A,q_일식_10,일본 음식 먹을 곳,음식점 중 '일식'을 판매·제공하는 매장,test,일식,T4 구어·문장,a3690443-9552-4cee-9744-e26ccb38a7eb,디딤돌,음식,부곡맛고을상가,자율상권구역,경상북도,,,
225ca4b99d0542f7cd01,full_annotation_v1,A,q_일식_10,일본 음식 먹을 곳,음식점 중 '일식'을 판매·제공하는 매장,test,일식,T4 구어·문장,423aaa02-5364-4683-840c-53391099e3f9,숙이네식당,음식,예천상설시장,전통시장,경상북도,,,
b219b5b63b6e8366070d,full_annotation_v1,A,q_일식_10,일본 음식 먹을 곳,음식점 중 '일식'을 판매·제공하는 매장,test,일식,T4 구어·문장,c4560a81-f5e3-415a-92ec-d31f81edffcb,리홍스키친,음식,마동골목형상점가,골목형상점가,전라남도,,,
eabc3caad31f40b672ed,full_annotation_v1,A,q_일식_10,일본 음식 먹을 곳,음식점 중 '일식'을 판매·제공하는 매장,test,일식,T4 구어·문장,64164056-ee4e-4a6b-9c82-67f5eb8a51a3,투다리,음식,유성구암 골목형상점가,골목형상점가,대전광역시,,,
76aa728242fd116ca6bf,full_annotation_v1,A,q_일식_10,일본 음식 먹을 곳,음식점 중 '일식'을 판매·제공하는 매장,test,일식,T4 구어·문장,01710a82-bb0d-4cbc-8491-708f78ce99fe,스시니쿠 후평점,,인공폭포상가,자율상권구역,강원특별자치도,,,
e3b927333c41e782ea8f,full_annotation_v1,A,q_일식_10,일본 음식 먹을 곳,음식점 중 '일식'을 판매·제공하는 매장,test,일식,T4 구어·문장,ef021236-f6b6-42c6-8ffd-d06d20155a6f,줄리의정원,웨딩사진,양림천변좌로 골목형상점가,골목형상점가,광주광역시,,,
41032cfeeb514c8720ca,full_annotation_v1,A,q_일식_10,일본 음식 먹을 곳,음식점 중 '일식'을 판매·제공하는 매장,test,일식,T4 구어·문장,d9428df0-d072-4424-b639-afeef0bfa5cf,투다리어등점,음식,우산매일시장,전통시장,광주광역시,,,
3bad10333252eae2192a,full_annotation_v1,A,q_일식_10,일본 음식 먹을 곳,음식점 중 '일식'을 판매·제공하는 매장,test,일식,T4 구어·문장,1901a2df-0fb3-4209-8294-265ac49ded0e,(주)동희 광양점,의류,시티프라자골목형상점가,골목형상점가,전라남도,,,
9f676e23fe189e575e81,full_annotation_v1,A,q_일식_10,일본 음식 먹을 곳,음식점 중 '일식'을 판매·제공하는 매장,test,일식,T4 구어·문장,026b148f-ce2a-4e35-8dbb-0aaca2c31325,은화수식당,돈까스 카레 우동 기타등등,군산디오션시티 골목형상점가,골목형상점가,전북특별자치도,,,
af79620928d644de3db8,full_annotation_v1,A,q_일식_10,일본 음식 먹을 곳,음식점 중 '일식'을 판매·제공하는 매장,test,일식,T4 구어·문장,d2d0ff05-3c0a-45e1-966b-a046c0c6df44,산쪼메 이수점,음식 일본 라멘 및 돈부리,동작구 LINK 상권활성화구역,상권활성화구역,서울특별시,,,
71454661339c3d5361ea,full_annotation_v1,A,q_일식_10,일본 음식 먹을 곳,음식점 중 '일식'을 판매·제공하는 매장,test,일식,T4 구어·문장,168812cd-b10a-4c00-a6a4-7a3df039ebf6,김밥천국,음식,상인화성파크 골목형상점가,골목형상점가,대구광역시,,,
efaf2fcd3de4eb303071,full_annotation_v1,A,q_일식_10,일본 음식 먹을 곳,음식점 중 '일식'을 판매·제공하는 매장,test,일식,T4 구어·문장,eaeab13b-88d4-453d-b395-f0f87a864a24,영진식당,음식,익산금마시장,전통시장,전북특별자치도,,,
d1f2fc01204c36ca12fc,full_annotation_v1,A,q_일식_10,일본 음식 먹을 곳,음식점 중 '일식'을 판매·제공하는 매장,test,일식,T4 구어·문장,c9809dbb-02b2-4626-b28b-651f16dc1de4,함지박식당,음식,고산구시장 상점가,자율상권구역,전북특별자치도,,,
eaa05b06e4738d621fc2,full_annotation_v1,A,q_일식_10,일본 음식 먹을 곳,음식점 중 '일식'을 판매·제공하는 매장,test,일식,T4 구어·문장,01afaafa-2a46-4977-8015-55762957ee7a,다래초밥,초밥,동문동 골목형상점가,골목형상점가,충청남도,,,
39e9968852c72bdb2233,full_annotation_v1,A,q_일식_10,일본 음식 먹을 곳,음식점 중 '일식'을 판매·제공하는 매장,test,일식,T4 구어·문장,1d97fc67-b199-4e6b-9ee2-a8ee6c73faaa,투다리,음식,창원 봉곡시장,전통시장,경상남도,,,
833650236be1fa83aa3f,full_annotation_v1,A,q_일식_10,일본 음식 먹을 곳,음식점 중 '일식'을 판매·제공하는 매장,test,일식,T4 구어·문장,1841afdb-1cae-46dd-b321-8b6190da448d,김밥나라,음식,금산중앙로상점가,자율상권구역,충청남도,,,
c08435bbd89bc6e4c80c,full_annotation_v1,A,q_일식_10,일본 음식 먹을 곳,음식점 중 '일식'을 판매·제공하는 매장,test,일식,T4 구어·문장,2056c69e-64b4-4b28-8ce2-800cbcec3e25,먹을꼬얌,음식,산본로데오거리(구 산본중심상가),자율상권구역,경기도,,,
c5d24d362a54d2f1f818,full_annotation_v1,A,q_일식_10,일본 음식 먹을 곳,음식점 중 '일식'을 판매·제공하는 매장,test,일식,T4 구어·문장,bb42517f-2916-42c3-bc1a-99be55867a9d,105소호 도룡점,일본 가정식,도룡상인회 골목형상점가,골목형상점가,대전광역시,,,
9492765a41c56338b171,full_annotation_v1,A,q_일식_10,일본 음식 먹을 곳,음식점 중 '일식'을 판매·제공하는 매장,test,일식,T4 구어·문장,44a6827a-e703-4590-8dfa-67d6c026848c,골프존파크 쌍촌아지트점,실내스크린골프,유촌마을상인회 골목형상점가,골목형상점가,광주광역시,,,
9c2639a754137db3a7a0,full_annotation_v1,A,q_일식_10,일본 음식 먹을 곳,음식점 중 '일식'을 판매·제공하는 매장,test,일식,T4 구어·문장,bc00b582-503d-4de6-8571-abc956f6d323,두덮,음식,성서계대로데오거리 골목형상점가,골목형상점가,대구광역시,,,
4828a5c84ac2c8ed4b60,full_annotation_v1,A,q_일식_10,일본 음식 먹을 곳,음식점 중 '일식'을 판매·제공하는 매장,test,일식,T4 구어·문장,15b36082-2592-4ea4-b805-c5c5d81af4a9,시장식당,음식,간데메공원골목형상점가,골목형상점가,서울특별시,,,
96071dfd0c4e0168ff30,full_annotation_v1,A,q_일식_10,일본 음식 먹을 곳,음식점 중 '일식'을 판매·제공하는 매장,test,일식,T4 구어·문장,f8c233f2-606f-4526-a3c3-c8fed58edd73,뉴램,음식,율곡동메타스퀘어 골목형상점가,골목형상점가,경상북도,,,
01a3fe5db5220e3a98d9,full_annotation_v1,A,q_일식_10,일본 음식 먹을 곳,음식점 중 '일식'을 판매·제공하는 매장,test,일식,T4 구어·문장,3647589b-ff0d-458c-a439-0032eb947013,정담스시,일본 음식,문화로 자율상권구역,상권활성화구역,경상북도,,,
ab1e80b876c30fa81aa9,full_annotation_v1,A,q_일식_10,일본 음식 먹을 곳,음식점 중 '일식'을 판매·제공하는 매장,test,일식,T4 구어·문장,fb08b82f-3063-4691-a672-aa4dd5e9b07b,장터국시방,분식,진주 새서부시장,전통시장,경상남도,,,
064ee1616617edc7094f,full_annotation_v1,A,q_일식_10,일본 음식 먹을 곳,음식점 중 '일식'을 판매·제공하는 매장,test,일식,T4 구어·문장,2a029f9c-cc1a-4f10-acf9-fa9cc7136a75,비틀비틀,음식,영통역아이파크 골목형상점가,골목형상점가,경기도,,,
d006d734fa1ea0130868,full_annotation_v1,A,q_일식_10,일본 음식 먹을 곳,음식점 중 '일식'을 판매·제공하는 매장,test,일식,T4 구어·문장,24456103-f6b8-46af-8655-82e61d7265d8,커피가 머무르는 곳,커피,반드레길골목형상점가,골목형상점가,서울특별시,,,
7e4db9dbe6437e517d72,full_annotation_v1,A,q_일식_10,일본 음식 먹을 곳,음식점 중 '일식'을 판매·제공하는 매장,test,일식,T4 구어·문장,00f1a1de-5180-4857-ac9d-3d104fc8a1e0,진스시,,신구로현대어반벨리 골목형상점가,골목형상점가,서울특별시,,,
6b7b0c925989055574c5,full_annotation_v1,A,q_일식_10,일본 음식 먹을 곳,음식점 중 '일식'을 판매·제공하는 매장,test,일식,T4 구어·문장,262d4295-be5e-4bc5-acc0-61674c13925f,무진장숯불화로구이,음식,게내공원길 골목형상점가,골목형상점가,서울특별시,,,
2c71433fc4ccaac6783f,full_annotation_v1,A,q_일식_10,일본 음식 먹을 곳,음식점 중 '일식'을 판매·제공하는 매장,test,일식,T4 구어·문장,dc77b652-0979-4ca3-8885-1613dbc9da99,본죽,음식,대가야 자율상권구역,,경상북도,,,
66e723f83826835244cc,full_annotation_v1,A,q_일식_10,일본 음식 먹을 곳,음식점 중 '일식'을 판매·제공하는 매장,test,일식,T4 구어·문장,ae46174b-04a3-4315-8394-24e9e5a05ed7,대박갈비,음식,안동시옥동 골목형상점가,골목형상점가,경상북도,,,
02a25076412e8544685d,full_annotation_v1,A,q_일식_10,일본 음식 먹을 곳,음식점 중 '일식'을 판매·제공하는 매장,test,일식,T4 구어·문장,41da7e6d-3cc1-4f18-9961-dc0b89fa34c3,햄스,음식,북삼로인평 골목형상점가,골목형상점가,경상북도,,,
e6dcd293983f828a27ec,full_annotation_v1,A,q_일식_10,일본 음식 먹을 곳,음식점 중 '일식'을 판매·제공하는 매장,test,일식,T4 구어·문장,1af3dbad-66cc-42d1-8274-c18c20b50912,김밥나라,음식,복개도로 상가번영회 골목형상점가,골목형상점가,광주광역시,,,
d184f9575fd6c7004d2c,full_annotation_v1,A,q_일식_10,일본 음식 먹을 곳,음식점 중 '일식'을 판매·제공하는 매장,test,일식,T4 구어·문장,0547b6e2-3d1e-4a4a-97c6-9b1c1344bf88,김희철 스시,,솔매사랑길 골목형상점가,골목형상점가,서울특별시,,,
57e26d319ac52340fcb0,full_annotation_v1,A,q_일식_10,일본 음식 먹을 곳,음식점 중 '일식'을 판매·제공하는 매장,test,일식,T4 구어·문장,9579e4a7-4562-4c0d-b8cf-5f9431c4a16e,가남정육점식당,음식,여주세종시장상점가,자율상권구역,경기도,,,
08f3c7dc2167f21832cc,full_annotation_v1,A,q_일식_10,일본 음식 먹을 곳,음식점 중 '일식'을 판매·제공하는 매장,test,일식,T4 구어·문장,01f14598-4405-408e-9fac-71db17ed6f05,동경스시,,풍무동1 골목형상점가,골목형상점가,경기도,,,
f2064cd341b6ee4729d6,full_annotation_v1,A,q_일식_10,일본 음식 먹을 곳,음식점 중 '일식'을 판매·제공하는 매장,test,일식,T4 구어·문장,db36fc67-8b5d-48a0-bc90-ee81b9aa6ca4,김밥천국,음식,달서시장,전통시장,대구광역시,,,
d0709d77c26b6c48e526,full_annotation_v1,A,q_일식_10,일본 음식 먹을 곳,음식점 중 '일식'을 판매·제공하는 매장,test,일식,T4 구어·문장,01cecd17-bce9-4355-af06-2ca2cee82862,돈까스에빠지다 범어점,돈까스,범어식주가무명인골목 골목형상점가,골목형상점가,대구광역시,,,
953338ca7171a1180a9c,full_annotation_v1,A,q_일식_10,일본 음식 먹을 곳,음식점 중 '일식'을 판매·제공하는 매장,test,일식,T4 구어·문장,dedb6e02-eafb-4f91-b0d1-32b0c41ed796,면타발,음식,동문재래시장,전통시장,제주특별자치도,,,
43bbbd0e599f8c38ef4a,full_annotation_v1,A,q_일식_10,일본 음식 먹을 곳,음식점 중 '일식'을 판매·제공하는 매장,test,일식,T4 구어·문장,d9de8adb-d04e-42ab-b76a-f711aeb89036,고기파는총각들,식육,양산동 골목형상점가,골목형상점가,광주광역시,,,
7a8eb634d35a2ea45cc3,full_annotation_v1,A,q_일식_10,일본 음식 먹을 곳,음식점 중 '일식'을 판매·제공하는 매장,test,일식,T4 구어·문장,7deccb85-8362-4938-b44c-f0ee59aa3cc8,서울마님죽,음식,청량리종합시장,전통시장,서울특별시,,,
eb644e003a85ff6b8d41,full_annotation_v1,A,q_일식_10,일본 음식 먹을 곳,음식점 중 '일식'을 판매·제공하는 매장,test,일식,T4 구어·문장,905bdb4c-1e33-4308-8d54-a6303f083fd9,신짱과 후쿠마루 과천점,일본 라멘,과천제일쇼핑시장,전통시장,경기도,,,
135d19c72095dbe7d3a5,full_annotation_v1,A,q_일식_10,일본 음식 먹을 곳,음식점 중 '일식'을 판매·제공하는 매장,test,일식,T4 구어·문장,9ee7acd7-9df5-45bd-9b3c-fc7f3e065415,김밥나라,음식,계수마을상인회 골목형상점가,골목형상점가,광주광역시,,,
b9f14215698682854074,full_annotation_v1,A,q_일식_10,일본 음식 먹을 곳,음식점 중 '일식'을 판매·제공하는 매장,test,일식,T4 구어·문장,7d3ce8fd-4717-42aa-b7b9-9b755c2413d2,시장포차,음식,송도역전시장,전통시장,인천광역시,,,
a407444c51ce4bb9fae1,full_annotation_v1,A,q_일식_10,일본 음식 먹을 곳,음식점 중 '일식'을 판매·제공하는 매장,test,일식,T4 구어·문장,032d7d58-1e23-4cfb-942b-fda07fa1f72c,갤러리 108,,나주읍성 골목형상점가,골목형상점가,,,,
15184e2b673a93eaeed7,full_annotation_v1,A,q_일식_10,일본 음식 먹을 곳,음식점 중 '일식'을 판매·제공하는 매장,test,일식,T4 구어·문장,ae1961c8-f9fa-419b-ba41-0870cc1b03cd,충무분식,음식,거제 고현종합시장,전통시장,경상남도,,,
8dfab3751b883eec234b,full_annotation_v1,A,q_일식_10,일본 음식 먹을 곳,음식점 중 '일식'을 판매·제공하는 매장,test,일식,T4 구어·문장,23e3d781-ee5b-4e78-b473-0955aab39ba1,라티,음식,충효어린이공원 골목형상점가,골목형상점가,광주광역시,,,
9aed49c1ae165b5a6814,full_annotation_v1,A,q_일식_10,일본 음식 먹을 곳,음식점 중 '일식'을 판매·제공하는 매장,test,일식,T4 구어·문장,02e18ef3-4b66-4159-96bf-759bfb98320f,카츠옹,돈까스,자양번영로골목형상점가,골목형상점가,서울특별시,,,
e8753782ec9bbdc9a309,full_annotation_v1,A,q_일식_10,일본 음식 먹을 곳,음식점 중 '일식'을 판매·제공하는 매장,test,일식,T4 구어·문장,464378d8-7332-4700-a7ad-5990bc217ff9,이삭토스트,음식,평화로상가,자율상권구역,경상북도,,,
c96eb42e7916bad32905,full_annotation_v1,A,q_일식_10,일본 음식 먹을 곳,음식점 중 '일식'을 판매·제공하는 매장,test,일식,T4 구어·문장,3dd05d5d-9189-4878-b27a-28d25c1ba841,기장식품,음식,거제시장,전통시장,부산광역시,,,
b61d752ef70115ff31b0,full_annotation_v1,A,q_일식_10,일본 음식 먹을 곳,음식점 중 '일식'을 판매·제공하는 매장,test,일식,T4 구어·문장,c5cfda56-6c22-46ad-b18e-b8bce53aa48f,홍두깨장칼국수,음식,자양전통시장,전통시장,서울특별시,,,
61039693ae6eb9d84029,full_annotation_v1,A,q_일식_10,일본 음식 먹을 곳,음식점 중 '일식'을 판매·제공하는 매장,test,일식,T4 구어·문장,66ab22ac-8a71-42b6-a0aa-c45c3f291f09,다경이네,음식,연서시장,전통시장,서울특별시,,,
65bc160fcd13d1d42367,full_annotation_v1,A,q_일식_10,일본 음식 먹을 곳,음식점 중 '일식'을 판매·제공하는 매장,test,일식,T4 구어·문장,2743811c-5e71-4d2b-aa75-1b0147d44f2d,사우 꽃이 피는 곳,꽃,김포 풍년마을 골목형상점가,골목형상점가,경기도,,,
26b6afbbbdc357e95890,full_annotation_v1,A,q_일식_10,일본 음식 먹을 곳,음식점 중 '일식'을 판매·제공하는 매장,test,일식,T4 구어·문장,6c020633-f7d1-419d-9dc2-cb4fc5dffbe7,고봉민김밥,음식,양평물맑은시장,전통시장,경기도,,,
637ac580c567dd9d9ea6,full_annotation_v1,A,q_일식_10,일본 음식 먹을 곳,음식점 중 '일식'을 판매·제공하는 매장,test,일식,T4 구어·문장,ae6eda38-ff29-49b1-9429-dd01e7e53ae2,하이벳수산,음식,맹동혁신골목형상점가,골목형상점가,충청북도,,,
67b19402d2733a94a459,full_annotation_v1,A,q_일식_10,일본 음식 먹을 곳,음식점 중 '일식'을 판매·제공하는 매장,test,일식,T4 구어·문장,ce5f76ae-0f6a-4018-b2d2-9667e28c92e3,피자스쿨,음식,맛조이상인회 골목형상점가,골목형상점가,광주광역시,,,
0b1f360ab4e0f7bf9806,full_annotation_v1,A,q_일식_10,일본 음식 먹을 곳,음식점 중 '일식'을 판매·제공하는 매장,test,일식,T4 구어·문장,044620f5-cc59-4139-ad31-6fa10a31a693,시장식당,음식,순창시장,전통시장,전북특별자치도,,,
86888e6bee6bda4bcfb2,full_annotation_v1,A,q_일식_10,일본 음식 먹을 곳,음식점 중 '일식'을 판매·제공하는 매장,test,일식,T4 구어·문장,00fcc68d-3086-4b45-b998-f3763e8dbf7d,꼬치마요 산본역점(9호점),일식,산본로데오거리(구 산본중심상가),자율상권구역,경기도,,,
e5b568eaa792ffe712f2,full_annotation_v1,A,q_일식_10,일본 음식 먹을 곳,음식점 중 '일식'을 판매·제공하는 매장,test,일식,T4 구어·문장,11f9d616-bca0-4c02-a908-51fda68c7414,갯뻘,음식,원당 중앙로 골목형상점가,골목형상점가,인천광역시,,,
db6ffae9fb324988ede2,full_annotation_v1,A,q_일식_10,일본 음식 먹을 곳,음식점 중 '일식'을 판매·제공하는 매장,test,일식,T4 구어·문장,00dfe7e1-6daa-4586-9146-ec927a443d02,오늘애초밥,,포항죽도농산물시장,전통시장,경상북도,,,
43d1c248b572c43ffe18,full_annotation_v1,A,q_일식_10,일본 음식 먹을 곳,음식점 중 '일식'을 판매·제공하는 매장,test,일식,T4 구어·문장,31257bd1-e472-4781-86bc-e139fa99e45b,엔커피,,나주읍성 골목형상점가,골목형상점가,,,,
bb9d59f8be50c1a889ff,full_annotation_v1,A,q_일식_10,일본 음식 먹을 곳,음식점 중 '일식'을 판매·제공하는 매장,test,일식,T4 구어·문장,81e51282-8b39-4a71-9f11-208a6e2b558b,서요,음식,인동로데오상가,골목형상점가,경상북도,,,
eae035c0e89d05672221,full_annotation_v1,A,q_일식_10,일본 음식 먹을 곳,음식점 중 '일식'을 판매·제공하는 매장,test,일식,T4 구어·문장,56378130-a5fb-4d82-ab47-83e7941afda3,해육반,음식,첨단시리단길,골목형상점가,광주광역시,,,
baabf6435f48a0dc5eb6,full_annotation_v1,A,q_일식_10,일본 음식 먹을 곳,음식점 중 '일식'을 판매·제공하는 매장,test,일식,T4 구어·문장,3e9889c5-2138-4884-a0bd-0038b538930e,생선구이,음식,석바위시장,전통시장,인천광역시,,,
c8214fe6b711de71052a,full_annotation_v1,A,q_일식_10,일본 음식 먹을 곳,음식점 중 '일식'을 판매·제공하는 매장,test,일식,T4 구어·문장,5a5fcfa5-818b-4d4c-8e80-026441f0e5c8,왕십리식당,음식,서귀포향토오일시장,전통시장,제주특별자치도,,,
7104ee3296ee13c99aab,full_annotation_v1,A,q_일식_10,일본 음식 먹을 곳,음식점 중 '일식'을 판매·제공하는 매장,test,일식,T4 구어·문장,2d90f21c-c733-40d4-a395-e6a8cb26bf2e,옛날통닭,음식,왕십리도선동상점가,자율상권구역,서울특별시,,,
91003dd16c4f395a6f60,full_annotation_v1,A,q_일식_10,일본 음식 먹을 곳,음식점 중 '일식'을 판매·제공하는 매장,test,일식,T4 구어·문장,3724f8a9-d57c-45b2-a0f0-138dfef6502a,땅스부대찌개,음식,관고전통시장,전통시장,경기도,,,
0e22ac18491b2b8dc900,full_annotation_v1,A,q_일식_10,일본 음식 먹을 곳,음식점 중 '일식'을 판매·제공하는 매장,test,일식,T4 구어·문장,645e7a44-039c-4a9d-86ae-85bf8ec52732,남매수예,침구,서문시장 제1지구1층(직물시장),전통시장,대구광역시,,,
f99c5614b3ac54dae217,full_annotation_v1,A,q_일식_10,일본 음식 먹을 곳,음식점 중 '일식'을 판매·제공하는 매장,test,일식,T4 구어·문장,7e8b8f01-ebbe-43ab-99d1-814ecae527f7,대준분식,음식,속초종합중앙시장,전통시장,강원특별자치도,,,
3ae39f8e2caef615d3c2,full_annotation_v1,A,q_일식_10,일본 음식 먹을 곳,음식점 중 '일식'을 판매·제공하는 매장,test,일식,T4 구어·문장,01f2d713-86d5-414a-b9b9-1fdde102f589,미스타교자(상봉점),일식,상봉먹자골목형상점가,골목형상점가,서울특별시,,,
0faa32975757bd083e2d,full_annotation_v1,A,q_일식_10,일본 음식 먹을 곳,음식점 중 '일식'을 판매·제공하는 매장,test,일식,T4 구어·문장,53690773-065a-4613-8ca5-852f9d51fbcf,일본명품,의류,구로시장,전통시장,서울특별시,,,
08906c6537f6184c63eb,full_annotation_v1,A,q_일식_10,일본 음식 먹을 곳,음식점 중 '일식'을 판매·제공하는 매장,test,일식,T4 구어·문장,1ee5812b-9ed3-4b14-8144-82d8ff45f017,엄마손반찬,음식,거제 고현종합시장,전통시장,경상남도,,,
7500e85ff53c95a02f3e,full_annotation_v1,A,q_일식_10,일본 음식 먹을 곳,음식점 중 '일식'을 판매·제공하는 매장,test,일식,T4 구어·문장,ed76f49e-1811-4f02-b04d-3942869dc92b,레썽스,음식,어울림마당 골목형상점가,골목형상점가,부산광역시,,,
01c7cb53b6d3bf3097b0,full_annotation_v1,A,q_일식_10,일본 음식 먹을 곳,음식점 중 '일식'을 판매·제공하는 매장,test,일식,T4 구어·문장,ec241a1e-7872-4b36-85b1-6bda2d936668,나츠,음식,(예천)새움로 골목형상점가,골목형상점가,경상북도,,,
33022db938a05056a83b,full_annotation_v1,A,q_일식_10,일본 음식 먹을 곳,음식점 중 '일식'을 판매·제공하는 매장,test,일식,T4 구어·문장,26f21953-7e16-4ad9-9d9d-cc26c532dc9d,먹돌이,음식,㈜르네시떼,전통시장,부산광역시,,,
05c750f8ae140c622489,full_annotation_v1,A,q_일식_10,일본 음식 먹을 곳,음식점 중 '일식'을 판매·제공하는 매장,test,일식,T4 구어·문장,a7eb393a-6a35-4dc9-99d3-306343b9c115,술놈,음식,안동시옥동 골목형상점가,골목형상점가,경상북도,,,
4af941997d014cd7a3c3,full_annotation_v1,A,q_일식_10,일본 음식 먹을 곳,음식점 중 '일식'을 판매·제공하는 매장,test,일식,T4 구어·문장,7d0940b5-2c7f-4640-aee1-71d623faf98e,미가락,음식,한림대골목형상점가,골목형상점가,강원특별자치도,,,
c99df7d059da05d79d7c,full_annotation_v1,A,q_일식_10,일본 음식 먹을 곳,음식점 중 '일식'을 판매·제공하는 매장,test,일식,T4 구어·문장,25825d38-0ef9-4f38-a23f-7e4723659dcd,김밥나라,음식,홍천중앙시장(홍천신시장),전통시장,강원특별자치도,,,
f8434dfd088a4436b2d1,full_annotation_v1,A,q_일식_10,일본 음식 먹을 곳,음식점 중 '일식'을 판매·제공하는 매장,test,일식,T4 구어·문장,e3b134bc-8276-4ed6-b360-0b6f65883763,산오징어바지락칼국수,칼국수,홍리단길 먹자 골목형상점가,골목형상점가,전북특별자치도,,,
d2b833e3b00953ca6ac2,full_annotation_v1,A,q_일식_10,일본 음식 먹을 곳,음식점 중 '일식'을 판매·제공하는 매장,test,일식,T4 구어·문장,6e48f246-fe0f-4cc1-a4c1-0434c0f7ada7,창동복희집,음식,마산 창동통합상가,전통시장,경상남도,,,
306e7defab114342e93e,full_annotation_v1,A,q_자동차_01,자동차,생활서비스 중 '자동차'를 판매·제공하는 매장,val,자동차,T1 정확표기,b9556617-1447-46be-9236-c666cdcf6926,승기카센터,자동차,오치 쌍굴 골목형상점가,골목형상점가,광주광역시,,,
c9a447a6c63c790db325,full_annotation_v1,A,q_자동차_01,자동차,생활서비스 중 '자동차'를 판매·제공하는 매장,val,자동차,T1 정확표기,26056ef5-9fa7-4053-88e9-bc8efe5639c0,고서카센터,자동차 수리,고서 골목형상점가,골목형상점가,전라남도,,,
a919b38c0631b1338e0d,full_annotation_v1,A,q_자동차_01,자동차,생활서비스 중 '자동차'를 판매·제공하는 매장,val,자동차,T1 정확표기,c3d26ceb-e8fb-4472-a890-9f32a6edf378,오토오아시스,자동차 수리,양산동 행복 골목형상점가,골목형상점가,광주광역시,,,
b70dec1bd484026f610e,full_annotation_v1,A,q_자동차_01,자동차,생활서비스 중 '자동차'를 판매·제공하는 매장,val,자동차,T1 정확표기,8433716f-ca06-4f8d-8980-4609a36f309b,미래카센타,자동차 정비,오케이 양산동 골목형상점가,골목형상점가,광주광역시,,,
a6e18ae4310726b597ca,full_annotation_v1,A,q_자동차_01,자동차,생활서비스 중 '자동차'를 판매·제공하는 매장,val,자동차,T1 정확표기,052df515-4724-4c04-a825-6448d0af9bf4,미래주유소,유류 자동차 관련 물품 세차,봉주 골목형상점가,골목형상점가,광주광역시,,,
ceae2d8456b34a26c72f,full_annotation_v1,A,q_자동차_01,자동차,생활서비스 중 '자동차'를 판매·제공하는 매장,val,자동차,T1 정확표기,1ac2376d-6574-447d-9059-33f12e1bb964,123상회,자동차,산업용재관,전통시장,대구광역시,,,
2570a5aec2b8bbc910c8,full_annotation_v1,A,q_자동차_01,자동차,생활서비스 중 '자동차'를 판매·제공하는 매장,val,자동차,T1 정확표기,2f6a80c1-d0c6-408d-9107-f9ad1996023b,라인카서비스,자동차 수리,남구 용대로 골목형상점가,골목형상점가,광주광역시,,,
daa46d620c467a09c435,full_annotation_v1,A,q_자동차_01,자동차,생활서비스 중 '자동차'를 판매·제공하는 매장,val,자동차,T1 정확표기,7e5de563-2275-4d83-bdd6-056a5d45d82e,카차카,자동차 정비,박물관거리 골목형상점가,골목형상점가,전라남도,,,
3057ef579e296e14ba00,full_annotation_v1,A,q_자동차_01,자동차,생활서비스 중 '자동차'를 판매·제공하는 매장,val,자동차,T1 정확표기,b7b90ef9-80b0-4636-bef2-2632a10779d1,청정카센타,자동차,임방울거리2구역 골목형상점가,골목형상점가,광주광역시,,,
6dadbf2da81bf428097f,full_annotation_v1,A,q_자동차_01,자동차,생활서비스 중 '자동차'를 판매·제공하는 매장,val,자동차,T1 정확표기,494c5c7e-5872-4b69-9599-b4a8d2ac49ee,양산점기아오토큐,자동차,오케이 양산동 골목형상점가,골목형상점가,광주광역시,,,
341cfdb0e2473128005e,full_annotation_v1,A,q_자동차_01,자동차,생활서비스 중 '자동차'를 판매·제공하는 매장,val,자동차,T1 정확표기,60daa990-7e60-41ae-9772-154ac522346c,우빈모터스,자동차 정비,도군머리 골목형상점가,골목형상점가,광주광역시,,,
65a03c9efffb49caa2ba,full_annotation_v1,A,q_자동차_01,자동차,생활서비스 중 '자동차'를 판매·제공하는 매장,val,자동차,T1 정확표기,862d5105-d76c-42f8-bf24-4bedd6bad67f,아우토랩,자동차 정비,연제동 골목형상점가,골목형상점가,광주광역시,,,
49db94715f35a3434f56,full_annotation_v1,A,q_자동차_01,자동차,생활서비스 중 '자동차'를 판매·제공하는 매장,val,자동차,T1 정확표기,565be16b-c184-4293-98aa-f6e8ddf13c0b,사운드미카오디오,자동차 용품,목련 골목형상점가,골목형상점가,광주광역시,,,
35e43cb2c0536c34e6dd,full_annotation_v1,A,q_자동차_01,자동차,생활서비스 중 '자동차'를 판매·제공하는 매장,val,자동차,T1 정확표기,31cb042b-4ec7-40c8-ac36-d619f48e97ee,일동자동차정비,자동차 용품,일곡동(제10지역:자연마을 전용주택단지) 골목형상점가,골목형상점가,광주광역시,,,
089e1509b2912e3935d5,full_annotation_v1,A,q_자동차_01,자동차,생활서비스 중 '자동차'를 판매·제공하는 매장,val,자동차,T1 정확표기,04ddb261-818a-481f-b130-0f5401a7aaf8,주식회사 타이어메카 화정점,자동차 타이어 및 튜브,화정역상인회 골목형상점가,골목형상점가,광주광역시,,,
e4eec6f4eddf72faf9a5,full_annotation_v1,A,q_자동차_01,자동차,생활서비스 중 '자동차'를 판매·제공하는 매장,val,자동차,T1 정확표기,5c96ce64-1958-4839-8701-25515ee4d51b,옥천카써비스,자동차 부분수리,광복마을5길 골목형상점가,골목형상점가,광주광역시,,,
c18018d6df64361a966f,full_annotation_v1,A,q_자동차_01,자동차,생활서비스 중 '자동차'를 판매·제공하는 매장,val,자동차,T1 정확표기,93a4fc18-390b-4632-99a8-b5a7f643bb90,샵엘이디,자동차 부품,용봉우치로 골목형상점가,골목형상점가,광주광역시,,,
054028430b20d564498c,full_annotation_v1,A,q_자동차_01,자동차,생활서비스 중 '자동차'를 판매·제공하는 매장,val,자동차,T1 정확표기,f26bce31-563b-457b-acdb-31d50c135bd0,현대자동차 일곡점,자동차 수리,일곡동(제5지역:제1근린공원 건너편),골목형상점가,광주광역시,,,
e20d34791ba5f57cb76a,full_annotation_v1,A,q_자동차_01,자동차,생활서비스 중 '자동차'를 판매·제공하는 매장,val,자동차,T1 정확표기,5d441198-675f-41c4-a3b9-f81c98418430,성신자동차공업사,자동차 정비,공항동먹자골목골목형상점가,골목형상점가,서울특별시,,,
8c6dda671574e7231324,full_annotation_v1,A,q_자동차_01,자동차,생활서비스 중 '자동차'를 판매·제공하는 매장,val,자동차,T1 정확표기,e22510f3-8a1a-4606-9d4f-295e627d7ef0,까치 자동차,,백운브릿지 골목형상점가,골목형상점가,광주광역시,,,
4b67c44219d74fe56555,full_annotation_v1,A,q_자동차_01,자동차,생활서비스 중 '자동차'를 판매·제공하는 매장,val,자동차,T1 정확표기,85de1aa7-fdd2-4e61-831b-8e45fa195e42,W모터스,자동차 정비,초록거리 골목형상점가,골목형상점가,경기도,,,
e0653970723cec1c31f9,full_annotation_v1,A,q_자동차_01,자동차,생활서비스 중 '자동차'를 판매·제공하는 매장,val,자동차,T1 정확표기,88af9926-5dc9-44bd-9094-dddbb2ab6376,나래오토카,자동차 수리,첨단이웃사랑 골목형상점가,골목형상점가,광주광역시,,,
11ee96f9d806210bf0e5,full_annotation_v1,A,q_자동차_01,자동차,생활서비스 중 '자동차'를 판매·제공하는 매장,val,자동차,T1 정확표기,0fe46248-c4c5-4494-8daa-7c3ff60b4225,황금나무(Goldentree),귀금속,부산역지하도상가,일반지하상점가,부산광역시,,,
169833e386711e18bdf6,full_annotation_v1,A,q_자동차_01,자동차,생활서비스 중 '자동차'를 판매·제공하는 매장,val,자동차,T1 정확표기,bed57841-3b2c-49b3-bd06-1c1f1bb2b45d,싱싱청과,과일 야채,남성사계시장,전통시장,서울특별시,,,
4f4ff524cf95617d5307,full_annotation_v1,A,q_자동차_01,자동차,생활서비스 중 '자동차'를 판매·제공하는 매장,val,자동차,T1 정확표기,014c1872-bd85-4ebb-8eb6-aca626ce5a1e,빵빵썬팅,자동차썬팅,소촌금봉 골목형상점가,골목형상점가,광주광역시,,,
3d02a7b41a51631ebc47,full_annotation_v1,A,q_자동차_01,자동차,생활서비스 중 '자동차'를 판매·제공하는 매장,val,자동차,T1 정확표기,53c63c24-e64c-4d72-86b1-2b91c026c592,칼리아 헤어샵,두발미용업,탄방새마을 골목형상점가,골목형상점가,대전광역시,,,
19b8f3c93a8a214a40a4,full_annotation_v1,A,q_자동차_01,자동차,생활서비스 중 '자동차'를 판매·제공하는 매장,val,자동차,T1 정확표기,3ef17cf7-e97b-45e9-a605-9e070a5a44ed,진솔모터스,자동차 부분수리,동천동 상인회 골목형상점가,골목형상점가,광주광역시,,,
c96cf3aade2288a083a0,full_annotation_v1,A,q_자동차_01,자동차,생활서비스 중 '자동차'를 판매·제공하는 매장,val,자동차,T1 정확표기,0405bac2-8f07-4ea9-a931-e8f992375b61,에스에스개러지,세차,선운별 골목형상점가,골목형상점가,광주광역시,,,
0f692eed4a17ffefac36,full_annotation_v1,A,q_자동차_01,자동차,생활서비스 중 '자동차'를 판매·제공하는 매장,val,자동차,T1 정확표기,8ec2c846-ab0c-47a1-83c4-7c1f137865cd,현대홍삼전문점,홍삼,합덕중앙상점가,자율상권구역,충청남도,,,
a7c1a8b9810c96952693,full_annotation_v1,A,q_자동차_01,자동차,생활서비스 중 '자동차'를 판매·제공하는 매장,val,자동차,T1 정확표기,470deef4-6e53-476e-b603-b0325a6b0929,유로모터스,자동차 수리,무등로해피 골목형상점가,골목형상점가,광주광역시,,,
0f2de460ba29b3b0d8e8,full_annotation_v1,A,q_자동차_01,자동차,생활서비스 중 '자동차'를 판매·제공하는 매장,val,자동차,T1 정확표기,07a7689e-f6ed-4411-a072-abeabefb020f,늘푸른세차장,자동차 부분정비,방젯골용대로 골목형상점가,골목형상점가,광주광역시,,,
dc60292325c08af2ad36,full_annotation_v1,A,q_자동차_01,자동차,생활서비스 중 '자동차'를 판매·제공하는 매장,val,자동차,T1 정확표기,aaa08e28-782d-4325-b216-44a9a4237c77,현대CT카센타,자동차 정비,우림맛솜씨길골목형상점가,골목형상점가,서울특별시,,,
cce4305943474dbf1e9e,full_annotation_v1,A,q_자동차_01,자동차,생활서비스 중 '자동차'를 판매·제공하는 매장,val,자동차,T1 정확표기,095c9a1b-1b70-4118-9c00-33dcfa435964,카랑카랑,자동차 용품,서광주세무서앞상인회 골목형상점가,골목형상점가,광주광역시,,,
fca3fe773803e82e0426,full_annotation_v1,A,q_자동차_01,자동차,생활서비스 중 '자동차'를 판매·제공하는 매장,val,자동차,T1 정확표기,09d7ede7-cc32-4f4d-8ccd-523c76541676,고잔자동차정비,"서비스도소매(자동차정비,자동차타이어)",도리섬상점가,자율상권구역,경기도,,,
3e146229c76d4366ead2,full_annotation_v1,A,q_자동차_01,자동차,생활서비스 중 '자동차'를 판매·제공하는 매장,val,자동차,T1 정확표기,8d9546e0-5da4-456d-8c1a-e3eb4779dec7,미래자동차공업사,자동차,유촌마을상인회 골목형상점가,골목형상점가,광주광역시,,,
119f5ac2f34c3df8174a,full_annotation_v1,A,q_자동차_01,자동차,생활서비스 중 '자동차'를 판매·제공하는 매장,val,자동차,T1 정확표기,e8b6946c-1b97-44b1-b1dc-8214e5faa3c7,신현대자동차공업사,자동차,일곡동(제11지역:용전동) 골목형상점가,골목형상점가,광주광역시,,,
fef73e764f54657589ba,full_annotation_v1,A,q_자동차_01,자동차,생활서비스 중 '자동차'를 판매·제공하는 매장,val,자동차,T1 정확표기,0c84c7a9-5923-4d43-916e-0a37b655748f,전자카클리닉,자동차,신가드림 골목형상점가,골목형상점가,광주광역시,,,
6f8458b7c976424d2349,full_annotation_v1,A,q_자동차_01,자동차,생활서비스 중 '자동차'를 판매·제공하는 매장,val,자동차,T1 정확표기,c67b8e51-c6de-4c01-928f-cac914ea8edc,현대카센타,자동차 정비,송정역카페거리골목형상점가,골목형상점가,서울특별시,,,
ea52bb9dbc5b1d849b4f,full_annotation_v1,A,q_자동차_01,자동차,생활서비스 중 '자동차'를 판매·제공하는 매장,val,자동차,T1 정확표기,1e32b594-3204-4868-98c4-ca2e5317b1f5,엠케이모터스카센터,자동차,신가동 골목형상점가,골목형상점가,광주광역시,,,
73cf87586337b3f2c3d8,full_annotation_v1,A,q_자동차_01,자동차,생활서비스 중 '자동차'를 판매·제공하는 매장,val,자동차,T1 정확표기,03e53a2d-e76b-4a17-8a69-03a865ad073e,양산카서비스,타이어소매,양산호수공원 골목형상점가,골목형상점가,광주광역시,,,
d5c13691712ead85bd3d,full_annotation_v1,A,q_자동차_01,자동차,생활서비스 중 '자동차'를 판매·제공하는 매장,val,자동차,T1 정확표기,3c9ad63d-108d-4630-9b01-68bb773d5b59,소문난국밥,한식,광주송정역세권 상권활성화구역,상권활성화구역,광주광역시,,,
45d12c1989dc5f8ccd2b,full_annotation_v1,A,q_자동차_01,자동차,생활서비스 중 '자동차'를 판매·제공하는 매장,val,자동차,T1 정확표기,b3d1f5c5-bbb0-467e-af47-a8dc016b12f1,지노카정비,타이어 자동차 용품 자동차 정비,공구의거리,자율상권구역,광주광역시,,,
cb2250ec0481fabad820,full_annotation_v1,A,q_자동차_01,자동차,생활서비스 중 '자동차'를 판매·제공하는 매장,val,자동차,T1 정확표기,eaf62962-522a-42bc-9deb-93741f4f8f3d,부성카센타,자동차 정비,문흥금호아파트 골목형상점가,골목형상점가,광주광역시,,,
248ff0eec3e1f2750c41,full_annotation_v1,A,q_자동차_01,자동차,생활서비스 중 '자동차'를 판매·제공하는 매장,val,자동차,T1 정확표기,bdcf3d97-547f-4947-8916-9360f1e7413e,푸른 자동차공업 사,자동차 정비,운암 금호 골목형상점가,골목형상점가,광주광역시,,,
b32a73173b563658ef15,full_annotation_v1,A,q_자동차_01,자동차,생활서비스 중 '자동차'를 판매·제공하는 매장,val,자동차,T1 정확표기,85a565b2-43db-4b9f-b2b2-5f2a8f41310d,다온정육점,쇠고기돼지고기닭고기 등 육류,보령한내시장,전통시장,충청남도,,,
9fb6db3112159af0477e,full_annotation_v1,A,q_자동차_01,자동차,생활서비스 중 '자동차'를 판매·제공하는 매장,val,자동차,T1 정확표기,0106f4d5-7dea-41f3-a7f4-dc5d1e5dc184,대한카클리닉,자동차용품,포항 해도새록새로 골목형상점가,골목형상점가,경상북도,,,
80e8bd16cc13271c0d31,full_annotation_v1,A,q_자동차_01,자동차,생활서비스 중 '자동차'를 판매·제공하는 매장,val,자동차,T1 정확표기,5e9a4249-52a8-4a35-9492-4e3747f252f2,금정카클리닉,자동차,신창동일번국도가구의거리 골목형상점가,골목형상점가,광주광역시,,,
0f8beaf69a1b80be1833,full_annotation_v1,A,q_자동차_01,자동차,생활서비스 중 '자동차'를 판매·제공하는 매장,val,자동차,T1 정확표기,4df761dd-1c6b-4e19-b857-d2f1f6665e2f,효자동파전,한식,효자시장,전통시장,경상북도,,,
960f1cab3a8ebd3b227e,full_annotation_v1,A,q_자동차_01,자동차,생활서비스 중 '자동차'를 판매·제공하는 매장,val,자동차,T1 정확표기,0a9b54b8-9842-4c78-a22c-3df50fab911c,둘둘종합카센타,자동차,양산호수공원 골목형상점가,골목형상점가,광주광역시,,,
1637f3ab0ff56a6b4a98,full_annotation_v1,A,q_자동차_01,자동차,생활서비스 중 '자동차'를 판매·제공하는 매장,val,자동차,T1 정확표기,d917a57f-24d3-476b-87fe-0d4bc9f1e513,화이트모터스,자동차 수리 자동차 부품,장천동상가,자율상권구역,전라남도,,,
af5ad2126e7f0b61eece,full_annotation_v1,A,q_자동차_01,자동차,생활서비스 중 '자동차'를 판매·제공하는 매장,val,자동차,T1 정확표기,b504b54c-57e5-43b7-b14a-8ce77f16960a,매월네비샵,자동차 용품,전평제상인회 골목형상점가,골목형상점가,광주광역시,,,
9cf8485b9b86eddf9cf5,full_annotation_v1,A,q_자동차_01,자동차,생활서비스 중 '자동차'를 판매·제공하는 매장,val,자동차,T1 정확표기,ee22aaf4-b274-4d24-9b29-1f3bd8b1a8c1,버들자동차서비스,자동차 수리,유촌마을상인회 골목형상점가,골목형상점가,광주광역시,,,
73cc518659194e1637e3,full_annotation_v1,A,q_자동차_01,자동차,생활서비스 중 '자동차'를 판매·제공하는 매장,val,자동차,T1 정확표기,c2ab3976-888d-43e4-b976-9f87130beeaa,펀픽,자동차 튜닝,초록거리 골목형상점가,골목형상점가,경기도,,,
30c0822096ec60fac26b,full_annotation_v1,A,q_자동차_01,자동차,생활서비스 중 '자동차'를 판매·제공하는 매장,val,자동차,T1 정확표기,2a6c3dea-bf6e-4537-9bd6-236022b03141,사계절,"소매(의류,잡화)",고투몰(강남터미널지하도상점가),일반지하상점가,서울특별시,,,
9f867d712f49cd479a5b,full_annotation_v1,A,q_자동차_01,자동차,생활서비스 중 '자동차'를 판매·제공하는 매장,val,자동차,T1 정확표기,8aead1f9-7f7f-41d8-a153-19bcfc5c3881,하동불교사,불교용품,하동공설시장,전통시장,경상남도,,,
bbd73b53d2d4e2bd291d,full_annotation_v1,A,q_자동차_01,자동차,생활서비스 중 '자동차'를 판매·제공하는 매장,val,자동차,T1 정확표기,349c6b33-15f0-471e-986e-5eeebea9df3d,중앙카서비스,자동차 수리업 자동차 관련용품 판매,화정꽃마을상인회 골목형상점가,골목형상점가,광주광역시,,,
a6936ae7873fb267b9b3,full_annotation_v1,A,q_자동차_01,자동차,생활서비스 중 '자동차'를 판매·제공하는 매장,val,자동차,T1 정확표기,f03686d8-7273-4819-b817-db82df3f4e70,카스톰,자동차 용품,건국다복 골목형상점가,골목형상점가,광주광역시,,,
295c547a9538e0e3381f,full_annotation_v1,A,q_자동차_01,자동차,생활서비스 중 '자동차'를 판매·제공하는 매장,val,자동차,T1 정확표기,e491d2e9-d244-461a-b8c8-9c623ba2e8a1,카스테이,자동차 썬팅 전자기기 등 자동차 용품,신가동 골목형상점가,골목형상점가,광주광역시,,,
cf912f0c2dc8f64c3dc6,full_annotation_v1,A,q_자동차_01,자동차,생활서비스 중 '자동차'를 판매·제공하는 매장,val,자동차,T1 정확표기,fdef11b3-3011-46a1-9ab6-4627631adcce,제일덴트,자동차 덴트복원,광주역 복개로 골목형상점가,골목형상점가,광주광역시,,,
3959a5b0ef3e13717daa,full_annotation_v1,A,q_자동차_01,자동차,생활서비스 중 '자동차'를 판매·제공하는 매장,val,자동차,T1 정확표기,e0a1aed3-b3c3-48e8-955b-45b5a34f24fb,보경모터스,자동차 부품,남산동자동차골목상점가,자율상권구역,대구광역시,,,
ec9ddc9636affeb56ba2,full_annotation_v1,A,q_자동차_01,자동차,생활서비스 중 '자동차'를 판매·제공하는 매장,val,자동차,T1 정확표기,dc13ee07-97da-4ff6-a54d-da31c447c5b8,자동차종합병원,자동차 수리업,풍암신암상인회 골목형상점가,골목형상점가,광주광역시,,,
c0687ac0d3cd3f6b12d3,full_annotation_v1,A,q_자동차_01,자동차,생활서비스 중 '자동차'를 판매·제공하는 매장,val,자동차,T1 정확표기,03661ed3-6d9c-45da-af0e-801f3a602206,최신카클리닉광택,광택내부세차,북구빛나는 골목형상점가,골목형상점가,광주광역시,,,
dca7a354459e0ad85e88,full_annotation_v1,A,q_자동차_01,자동차,생활서비스 중 '자동차'를 판매·제공하는 매장,val,자동차,T1 정확표기,dc8236fd-abc1-4384-9aeb-d59883f9a09f,삼화문구오피스 서남부점,문구사무용품,목대온기 골목형상점가,골목형상점가,대전광역시,,,
9251d93c312532dbf2ff,full_annotation_v1,A,q_자동차_01,자동차,생활서비스 중 '자동차'를 판매·제공하는 매장,val,자동차,T1 정확표기,82350d87-0558-454e-ac2b-ab0f95ed5c6b,일등자동차공업사,자동차 수리,중흥중가로 골목형상점가,골목형상점가,광주광역시,,,
7d2108fcd9af603ae66c,full_annotation_v1,A,q_자동차_01,자동차,생활서비스 중 '자동차'를 판매·제공하는 매장,val,자동차,T1 정확표기,07799824-52aa-47ff-a0da-898f8edeaca8,상무카 세차장,세차,치평동1002상인회 골목형상점가,골목형상점가,광주광역시,,,
944e843654fd1142bc90,full_annotation_v1,A,q_자동차_01,자동차,생활서비스 중 '자동차'를 판매·제공하는 매장,val,자동차,T1 정확표기,07631f84-e4b7-45f6-a4af-d96af7d9a2bc,맥카세차용품 24시본점,세차용품,창원 가음시장대상가,전통시장,경상남도,,,
db5f3ec139905213c494,full_annotation_v1,A,q_자동차_01,자동차,생활서비스 중 '자동차'를 판매·제공하는 매장,val,자동차,T1 정확표기,020368e8-f148-41e5-a918-1657220b912e,MS골드모터스,자동차정비,금메달 양산택지로 골목형상점가,골목형상점가,광주광역시,,,
17b6ed78983d2e858faa,full_annotation_v1,A,q_자동차_01,자동차,생활서비스 중 '자동차'를 판매·제공하는 매장,val,자동차,T1 정확표기,08c877fc-e9d6-4f54-bd21-5efa86703ad2,남경자동차공업사,자동차,상무중앙공원상인회 골목형상점가,골목형상점가,광주광역시,,,
f5da6db959a6d627c3ee,full_annotation_v1,A,q_자동차_01,자동차,생활서비스 중 '자동차'를 판매·제공하는 매장,val,자동차,T1 정확표기,d94cd6c8-24a9-4fce-9f0d-dbb42dc346d4,신용카클리닉,자동차 수리,임방울대로 골목형상점가,골목형상점가,광주광역시,,,
b7073700ce5e60c79e7d,full_annotation_v1,A,q_자동차_01,자동차,생활서비스 중 '자동차'를 판매·제공하는 매장,val,자동차,T1 정확표기,0a93fec0-837c-42d8-9406-5a808a3c7255,신림수산,생선,삼성동시장,기타,서울특별시,,,
f1d15229d94b12152a76,full_annotation_v1,A,q_자동차_01,자동차,생활서비스 중 '자동차'를 판매·제공하는 매장,val,자동차,T1 정확표기,f96b05ec-0502-43dd-b387-e43879908d61,명엔진종합카써비스,자동차 수리,화정꽃마을상인회 골목형상점가,골목형상점가,광주광역시,,,
6eda68d8039feee215d8,full_annotation_v1,A,q_자동차_01,자동차,생활서비스 중 '자동차'를 판매·제공하는 매장,val,자동차,T1 정확표기,f95211a7-6690-4406-b1d3-bfd976880b6e,상아모터스,자동차 정비,동림1 골목형상점가,골목형상점가,광주광역시,,,
1b09a07052f471f03843,full_annotation_v1,A,q_자동차_01,자동차,생활서비스 중 '자동차'를 판매·제공하는 매장,val,자동차,T1 정확표기,f5d32f19-b9be-4085-be29-2ff5e7619e76,우석카프라자,자동차,남산동자동차골목상점가,자율상권구역,대구광역시,,,
756ed981d770fb894ab0,full_annotation_v1,A,q_자동차_01,자동차,생활서비스 중 '자동차'를 판매·제공하는 매장,val,자동차,T1 정확표기,5e66c675-8c20-4993-97ee-2c93ea08f8c9,티스테이션,자동차 타이어,운암 예술 골목형상점가,골목형상점가,광주광역시,,,
851ad5580bcae7b63dcf,full_annotation_v1,A,q_자동차_01,자동차,생활서비스 중 '자동차'를 판매·제공하는 매장,val,자동차,T1 정확표기,c5ef19f8-d0e0-4031-b447-af1c9726787d,이정카센타,자동차 정비,두암2동 도로변 골목형상점가,골목형상점가,광주광역시,,,
cb5b6549be2f46b0aaf9,full_annotation_v1,A,q_자동차_01,자동차,생활서비스 중 '자동차'를 판매·제공하는 매장,val,자동차,T1 정확표기,411922cf-d677-42ac-a293-4c03acdb6651,도도세차장 진월점,자동차,금당로 골목형상점가,골목형상점가,광주광역시,,,
f1730895b10adb9f26e6,full_annotation_v1,A,q_자동차_01,자동차,생활서비스 중 '자동차'를 판매·제공하는 매장,val,자동차,T1 정확표기,ef6b6f31-a6e9-4e82-95d6-a3a204abcce7,홍성카서비스,자동차 세차,월산먹자골목 골목형상점가,골목형상점가,광주광역시,,,
49ca2f054d45171ac22e,full_annotation_v1,A,q_자동차_01,자동차,생활서비스 중 '자동차'를 판매·제공하는 매장,val,자동차,T1 정확표기,b7265998-cb3f-4434-bfe0-625d7f5d670d,이륙자동차공업사,자동차 수리,매곡 사랑길 골목형상점가,골목형상점가,광주광역시,,,
1b95cdc4143adcbec74a,full_annotation_v1,A,q_자동차_01,자동차,생활서비스 중 '자동차'를 판매·제공하는 매장,val,자동차,T1 정확표기,eedf5dca-0815-4316-ab21-a38e2a863107,대연닭집,도매(생닭),용인중앙시장,전통시장,경기도,,,
a6cc183361bc6826e4e5,full_annotation_v1,A,q_자동차_01,자동차,생활서비스 중 '자동차'를 판매·제공하는 매장,val,자동차,T1 정확표기,c8dce167-b6ad-474b-b339-1f1516ad98c7,용봉점 현대자동차,자동차 수리,패션의거리,자율상권구역,광주광역시,,,
22b0fdff1bd993ebb121,full_annotation_v1,A,q_자동차_01,자동차,생활서비스 중 '자동차'를 판매·제공하는 매장,val,자동차,T1 정확표기,007fca6d-f508-4b12-a082-dd7537eedc47,대민카공업사,정비,사강시장,전통시장,경기도,,,
debf5deac056ac998b02,full_annotation_v1,A,q_자동차_01,자동차,생활서비스 중 '자동차'를 판매·제공하는 매장,val,자동차,T1 정확표기,2088f318-97b4-40df-b992-221e4a9c0364,SB모터스,자동차,두암2동면앙로 골목형상점가,골목형상점가,광주광역시,,,
6b074e06fac5e427f718,full_annotation_v1,A,q_자동차_01,자동차,생활서비스 중 '자동차'를 판매·제공하는 매장,val,자동차,T1 정확표기,234eef55-c96b-4a05-97ba-c66b491f7d81,에스지모터스,자동차,본촌지야 골목형상점가,골목형상점가,광주광역시,,,
90bb34889d7b9db7e941,full_annotation_v1,A,q_자동차_01,자동차,생활서비스 중 '자동차'를 판매·제공하는 매장,val,자동차,T1 정확표기,c5e49c97-88c2-4743-8355-419911b6e288,오토마스타,자동차 정비,동오마을골목형상점가,골목형상점가,경기도,,,
ffad2d0fdb76541203de,full_annotation_v1,A,q_자동차_01,자동차,생활서비스 중 '자동차'를 판매·제공하는 매장,val,자동차,T1 정확표기,9aa6f1a1-61dd-431b-9fdf-f1fbff21780e,차사랑카센터,자동차,금암동 골목형상점가,골목형상점가,충청남도,,,
be860e60576f7a73db22,full_annotation_v1,A,q_자동차_01,자동차,생활서비스 중 '자동차'를 판매·제공하는 매장,val,자동차,T1 정확표기,5e2bdd59-4b75-4bc8-bef2-e759666035ab,미스터박오토랩,자동차 수리,금호푸른상인회 골목형상점가,골목형상점가,광주광역시,,,
178853d0d1825b97e306,full_annotation_v1,A,q_자동차_01,자동차,생활서비스 중 '자동차'를 판매·제공하는 매장,val,자동차,T1 정확표기,2183dbad-0f08-4ca9-9c6c-7ade452d72b8,대운모터스,자동차 정비,하남 골목형상점가,골목형상점가,광주광역시,,,
cbdfba624cf866d0f570,full_annotation_v1,A,q_자동차_01,자동차,생활서비스 중 '자동차'를 판매·제공하는 매장,val,자동차,T1 정확표기,316b7d3c-60b0-4e0b-ab45-e5233ea78bde,토끼꽃화원,꽃,신 강남시장,전통시장,인천광역시,,,
48a23cbdda57c22fe598,full_annotation_v1,A,q_자동차_01,자동차,생활서비스 중 '자동차'를 판매·제공하는 매장,val,자동차,T1 정확표기,00408c66-8a7e-4f20-896f-490885b394c8,애니카랜드 양산점,자동차 정비,금메달 양산택지로 골목형상점가,골목형상점가,광주광역시,,,
3268d3e0e36c5f7380cd,full_annotation_v1,A,q_자동차_01,자동차,생활서비스 중 '자동차'를 판매·제공하는 매장,val,자동차,T1 정확표기,021b75ff-e0ed-4fd4-b5e3-f41910253dd8,틴팅크루,자동차선팅,염주골상인회 골목형상점가,골목형상점가,광주광역시,,,
695da4f277d2368a67bc,full_annotation_v1,A,q_자동차_01,자동차,생활서비스 중 '자동차'를 판매·제공하는 매장,val,자동차,T1 정확표기,036ce424-36f8-4ff7-8bf5-28922acb83c9,우성카프라자,경정비,고성동벚꽃 골목형상점가,골목형상점가,대구광역시,,,
1ba1f18dc51d841daaf9,full_annotation_v1,A,q_자동차_01,자동차,생활서비스 중 '자동차'를 판매·제공하는 매장,val,자동차,T1 정확표기,0364862c-7f49-4568-ae2c-a574255a8396,달구지모터스,자동차전문정비,광주역 복개로 골목형상점가,골목형상점가,광주광역시,,,
25268d355e7aeb47f414,full_annotation_v1,A,q_자동차_01,자동차,생활서비스 중 '자동차'를 판매·제공하는 매장,val,자동차,T1 정확표기,0065917f-8506-4309-a8dd-bd4415481501,타이어 할인점 가좌점,타이어,남이동길골목형상점가,골목형상점가,서울특별시,,,
a227b87b5f506d860553,full_annotation_v1,A,q_자동차_01,자동차,생활서비스 중 '자동차'를 판매·제공하는 매장,val,자동차,T1 정확표기,10324793-d4d2-4ea7-9456-701f2f5bf7a7,코끼리카센타,자동차 수리,봉선먹자골목 골목형상점가,골목형상점가,광주광역시,,,
d8a4ca5c684d9865d0c7,full_annotation_v1,A,q_자동차_01,자동차,생활서비스 중 '자동차'를 판매·제공하는 매장,val,자동차,T1 정확표기,eaf21b5a-436b-41a3-ba68-a4e889e196fe,플러스엔지니어,자동차 제어기기류,산업용재관,전통시장,대구광역시,,,
0c742c20f2a669f72401,full_annotation_v1,A,q_자동차_01,자동차,생활서비스 중 '자동차'를 판매·제공하는 매장,val,자동차,T1 정확표기,9c5b21ef-455b-4c9f-a104-e5c26847240c,새천년카클리닉,자동차 정비,백년소상공인,기타,대전광역시,,,
1f0ace7547ed20209ffd,full_annotation_v1,A,q_자동차_01,자동차,생활서비스 중 '자동차'를 판매·제공하는 매장,val,자동차,T1 정확표기,54d49a49-cfc7-4514-aa89-d7baad9fc3f6,남양자동차공업사,자동차 수리,삼각동 골목형상점가,골목형상점가,광주광역시,,,
3ddf12e623808709c4a2,full_annotation_v1,A,q_자동차_01,자동차,생활서비스 중 '자동차'를 판매·제공하는 매장,val,자동차,T1 정확표기,7ce358a2-bea7-4af3-af49-393e1b6b084e,상어청바지,의류,춘천지하상가,일반지하상점가,강원특별자치도,,,
2ad2edf95a4e2c839c19,full_annotation_v1,A,q_자동차_01,자동차,생활서비스 중 '자동차'를 판매·제공하는 매장,val,자동차,T1 정확표기,198ed072-a74a-4027-b2b6-3f98a507da4e,마이카서비스,자동차 부분수리,추억담은광주역뒷길 골목형상점가,골목형상점가,광주광역시,,,
a865ea1de0e21744e581,full_annotation_v1,A,q_자동차_01,자동차,생활서비스 중 '자동차'를 판매·제공하는 매장,val,자동차,T1 정확표기,cb9da9ca-a7f0-4de5-8022-49aefc37261b,노량진상회,농산물,상도도깨비골목형상점가,골목형상점가,서울특별시,,,
3a4f27a3f88c9c7db5f4,full_annotation_v1,A,q_자동차_01,자동차,생활서비스 중 '자동차'를 판매·제공하는 매장,val,자동차,T1 정확표기,a46567f5-be54-49e3-a087-08d46af162d2,대창카센타,자동차 정 비,송하동 골목형상점가,골목형상점가,광주광역시,,,
6424cdbbdaaae3ebf947,full_annotation_v1,A,q_자동차_01,자동차,생활서비스 중 '자동차'를 판매·제공하는 매장,val,자동차,T1 정확표기,d45efd1c-28de-4e2e-8b1d-a485ead2275d,오토카센타,자동차 수리,연제주공 골목형상점가,골목형상점가,광주광역시,,,
65f3966d935843c1d4ad,full_annotation_v1,A,q_자동차_01,자동차,생활서비스 중 '자동차'를 판매·제공하는 매장,val,자동차,T1 정확표기,0c9f6f01-99ed-429d-9f5f-2435a675b9f9,(주)타이어박스,타이어,산수오거리 골목형상점가,골목형상점가,광주광역시,,,
885d2140e9c657e95b7e,full_annotation_v1,A,q_자동차_01,자동차,생활서비스 중 '자동차'를 판매·제공하는 매장,val,자동차,T1 정확표기,6d77ff9a-9683-4c3e-873e-9364d37c8149,꾸밈방,침구류,보령한내시장,전통시장,충청남도,,,
8a77e7fc881d4b4ff7d1,full_annotation_v1,A,q_자동차_01,자동차,생활서비스 중 '자동차'를 판매·제공하는 매장,val,자동차,T1 정확표기,1eb171d8-e1fd-43ec-b709-4339381cdc5d,호남카센타,자동차 수리,소촌중앙 골목형상점가,골목형상점가,광주광역시,,,
3c3050490afe1653ad36,full_annotation_v1,A,q_자동차_01,자동차,생활서비스 중 '자동차'를 판매·제공하는 매장,val,자동차,T1 정확표기,4c60b1be-64bd-4698-95ad-a1aa429eb260,마이카써비스쌍촌점,자동차 정비,늘해랑상인회 골목형상점가,골목형상점가,광주광역시,,,
b58bd1232259c49b3c4b,full_annotation_v1,A,q_자동차_02,세차,생활서비스 중 '자동차'를 판매·제공하는 매장,val,자동차,T2 동의어,e5b239db-6f6b-4f81-a9ca-1d15f9c97c1b,화이트베이스디테일링,세차,농성누리상인회 골목형상점가,골목형상점가,광주광역시,,,
4820f52adf5a97695eff,full_annotation_v1,A,q_자동차_02,세차,생활서비스 중 '자동차'를 판매·제공하는 매장,val,자동차,T2 동의어,e4cd6491-1f82-4fae-a451-9d80525f624f,미스터 세차,세차,화운로상인회 골목형상점가,골목형상점가,광주광역시,,,
3e9efe878b60dde60146,full_annotation_v1,A,q_자동차_02,세차,생활서비스 중 '자동차'를 판매·제공하는 매장,val,자동차,T2 동의어,8520cf96-74d5-449a-a957-f83f457b41b5,하남손세차광택샵,세차,하남3지구 골목형상점가,골목형상점가,광주광역시,,,
f0d5af6ecafaae45e1b5,full_annotation_v1,A,q_자동차_02,세차,생활서비스 중 '자동차'를 판매·제공하는 매장,val,자동차,T2 동의어,a77d5afd-0fcd-4a58-b82d-e6718d116ac3,몽이네쉼터 &무인카페,,삼각초 골목형상점가,골목형상점가,,,,
50ffcdd1b04151bcf0ed,full_annotation_v1,A,q_자동차_02,세차,생활서비스 중 '자동차'를 판매·제공하는 매장,val,자동차,T2 동의어,b3f129bf-3512-4a6f-b987-e2849740a0a8,대나무골 착한 추어탕 광주본점,,오정 어린이공원 골목형상점가,골목형상점가,,,,
36353427c1156809d713,full_annotation_v1,A,q_자동차_02,세차,생활서비스 중 '자동차'를 판매·제공하는 매장,val,자동차,T2 동의어,0feb5e3b-25bd-4030-a6c5-ab6e5840bdcc,참멸치건어물,멸치,통영중앙전통시장,전통시장,경상남도,,,
83452de563e0a4b2521e,full_annotation_v1,A,q_자동차_02,세차,생활서비스 중 '자동차'를 판매·제공하는 매장,val,자동차,T2 동의어,63cd6e12-5fbe-4971-939a-db148c0cb694,워시브라더,세차,금메달 양산택지로 골목형상점가,골목형상점가,광주광역시,,,
5ac7abd4e57c70fdb7ea,full_annotation_v1,A,q_자동차_02,세차,생활서비스 중 '자동차'를 판매·제공하는 매장,val,자동차,T2 동의어,ee2763f1-9092-4303-8498-e3d4ef43d4a1,천하세차장,세차,문화1동 골목형상점가,골목형상점가,대전광역시,,,
5eda78756f8fa93c7e7b,full_annotation_v1,A,q_자동차_02,세차,생활서비스 중 '자동차'를 판매·제공하는 매장,val,자동차,T2 동의어,28e669cf-b213-4c5b-892b-9ab04c42f110,제이스팀,세차,금암동 골목형상점가,골목형상점가,충청남도,,,
5738c5064e7b90e91e1a,full_annotation_v1,A,q_자동차_02,세차,생활서비스 중 '자동차'를 판매·제공하는 매장,val,자동차,T2 동의어,c2283666-1f9d-4ec5-9de7-30d1c30055bf,부부세차장,세차,두암시장주변 골목형상점가,골목형상점가,광주광역시,,,
8274c2554776630573cb,full_annotation_v1,A,q_자동차_02,세차,생활서비스 중 '자동차'를 판매·제공하는 매장,val,자동차,T2 동의어,0f11ef86-f439-4b0c-b036-9cd9dacf5464,아틀리에,세차,양산제로 골목형상점가,골목형상점가,광주광역시,,,
15ce7861b1127f8df467,full_annotation_v1,A,q_자동차_02,세차,생활서비스 중 '자동차'를 판매·제공하는 매장,val,자동차,T2 동의어,1b6ef75c-bba7-43ff-8f8a-c6e4aaad5754,유가네닭갈비 김천혁신점,,율곡동메타스퀘어 골목형상점가,골목형상점가,경상북도,,,
dd5f7c8271eabdc4df8d,full_annotation_v1,A,q_자동차_02,세차,생활서비스 중 '자동차'를 판매·제공하는 매장,val,자동차,T2 동의어,1ea4db33-0709-482c-b097-c2c6c4dadd0d,SAMHO,세차,삼호읍 중앙 골목형상점가,골목형상점가,전라남도,,,
7f388cc1c6f12ad3a6d4,full_annotation_v1,A,q_자동차_02,세차,생활서비스 중 '자동차'를 판매·제공하는 매장,val,자동차,T2 동의어,0106f4d5-7dea-41f3-a7f4-dc5d1e5dc184,대한카클리닉,자동차용품,포항 해도새록새로 골목형상점가,골목형상점가,경상북도,,,
15bb53ba3cd087fee8d0,full_annotation_v1,A,q_자동차_02,세차,생활서비스 중 '자동차'를 판매·제공하는 매장,val,자동차,T2 동의어,cf26b866-d39f-4f1b-ac7e-9afe8319e84d,현대식육식당,삼겹살,각화동 골목형상점가,골목형상점가,광주광역시,,,
53b6292f61f31ace96d6,full_annotation_v1,A,q_자동차_02,세차,생활서비스 중 '자동차'를 판매·제공하는 매장,val,자동차,T2 동의어,10b52759-9360-4cf0-8c9e-89a866cef70c,무안갯뻘낙지,낙지요리,각화동 골목형상점가,골목형상점가,광주광역시,,,
ad1e3196a6815c1463e9,full_annotation_v1,A,q_자동차_02,세차,생활서비스 중 '자동차'를 판매·제공하는 매장,val,자동차,T2 동의어,35e597fb-62ae-4528-ac75-c9d662d848bc,비앤지,세차,금호아파트상인회 골목형상점가,골목형상점가,광주광역시,,,
96b276cec24382a8cb16,full_annotation_v1,A,q_자동차_02,세차,생활서비스 중 '자동차'를 판매·제공하는 매장,val,자동차,T2 동의어,f61f3336-31a8-41a0-b976-324ec62a5e52,OK세차장,세차,수문통 골목형상점가,골목형상점가,인천광역시,,,
66ed0d89a974dd00b0a5,full_annotation_v1,A,q_자동차_02,세차,생활서비스 중 '자동차'를 판매·제공하는 매장,val,자동차,T2 동의어,0405bac2-8f07-4ea9-a931-e8f992375b61,에스에스개러지,세차,선운별 골목형상점가,골목형상점가,광주광역시,,,
27964cb6dbe358483829,full_annotation_v1,A,q_자동차_02,세차,생활서비스 중 '자동차'를 판매·제공하는 매장,val,자동차,T2 동의어,0c23c6fb-48b3-4193-8db7-c27b4454e63b,짠호프,음식,새시장 골목형상점가,골목형상점가,대전광역시,,,
d7e1d9b011da5e127294,full_annotation_v1,A,q_자동차_02,세차,생활서비스 중 '자동차'를 판매·제공하는 매장,val,자동차,T2 동의어,07799824-52aa-47ff-a0da-898f8edeaca8,상무카 세차장,세차,치평동1002상인회 골목형상점가,골목형상점가,광주광역시,,,
a1df622510e8e2044a4c,full_annotation_v1,A,q_자동차_02,세차,생활서비스 중 '자동차'를 판매·제공하는 매장,val,자동차,T2 동의어,71265d57-64bd-4f82-a4e9-0c3badc9f6a0,금강세차장,세차,두암2동광신맨션주변 골목형상점가,골목형상점가,광주광역시,,,
665c642e763a060714f3,full_annotation_v1,A,q_자동차_02,세차,생활서비스 중 '자동차'를 판매·제공하는 매장,val,자동차,T2 동의어,04ddb261-818a-481f-b130-0f5401a7aaf8,주식회사 타이어메카 화정점,자동차 타이어 및 튜브,화정역상인회 골목형상점가,골목형상점가,광주광역시,,,
928edcc44a582d144daa,full_annotation_v1,A,q_자동차_02,세차,생활서비스 중 '자동차'를 판매·제공하는 매장,val,자동차,T2 동의어,95708f3d-0383-4811-b577-1d2a00ba01a0,맘아이천연카케어,세차,풍암금당상인회 골목형상점가,골목형상점가,광주광역시,,,
1dd5ac1f39c8b9d7dd5b,full_annotation_v1,A,q_자동차_02,세차,생활서비스 중 '자동차'를 판매·제공하는 매장,val,자동차,T2 동의어,007fca6d-f508-4b12-a082-dd7537eedc47,대민카공업사,정비,사강시장,전통시장,경기도,,,
879973d3b7f5d3367baf,full_annotation_v1,A,q_자동차_02,세차,생활서비스 중 '자동차'를 판매·제공하는 매장,val,자동차,T2 동의어,4d903816-ccca-4b48-a042-0abb89365c37,용쓰카워시,세차,수완머그로 골목형상점가,골목형상점가,광주광역시,,,
add4aa4478fcfe1aca11,full_annotation_v1,A,q_자동차_02,세차,생활서비스 중 '자동차'를 판매·제공하는 매장,val,자동차,T2 동의어,020368e8-f148-41e5-a918-1657220b912e,MS골드모터스,자동차정비,금메달 양산택지로 골목형상점가,골목형상점가,광주광역시,,,
8a942c19b9074542819e,full_annotation_v1,A,q_자동차_02,세차,생활서비스 중 '자동차'를 판매·제공하는 매장,val,자동차,T2 동의어,b1e0bb19-a91c-47a5-b590-251ec8b8221d,마라인더컵 노은3호점,마라꼬치,노은역 골목형상점가,골목형상점가,대전광역시,,,
63d657952caae52f5d6f,full_annotation_v1,A,q_자동차_02,세차,생활서비스 중 '자동차'를 판매·제공하는 매장,val,자동차,T2 동의어,505e6b48-e863-4115-9a96-050a82c8b8bc,김실짱 게러지,세차,유촌마을상인회 골목형상점가,골목형상점가,광주광역시,,,
0658148de2d255493506,full_annotation_v1,A,q_자동차_02,세차,생활서비스 중 '자동차'를 판매·제공하는 매장,val,자동차,T2 동의어,fa160054-1989-4162-bab3-279d72107312,빅토리셀프손세차,세차,고도리 장터거리 상점가,골목형상점가,전라남도,,,
2606e9f9bbd2a595b6b9,full_annotation_v1,A,q_자동차_02,세차,생활서비스 중 '자동차'를 판매·제공하는 매장,val,자동차,T2 동의어,d771901e-2f31-4898-8cba-57706446f499,세경옛날순대국,순대국,뒤뜰골목형상점가,골목형상점가,강원특별자치도,,,
01b30ce6b734a693f75f,full_annotation_v1,A,q_자동차_02,세차,생활서비스 중 '자동차'를 판매·제공하는 매장,val,자동차,T2 동의어,4bcd982e-ae27-4e9a-a615-1271abd0b205,다원세차장,세차,삼각지맛길 골목형상점가,골목형상점가,대구광역시,,,
cc9fa70897d024392d69,full_annotation_v1,A,q_자동차_02,세차,생활서비스 중 '자동차'를 판매·제공하는 매장,val,자동차,T2 동의어,714a3ba0-6574-4e79-94f5-c3804b0a6b63,백조스팀세차장,세차,상무평화상인회 골목형상점가,골목형상점가,광주광역시,,,
f5ef90842ee09c5e623e,full_annotation_v1,A,q_자동차_02,세차,생활서비스 중 '자동차'를 판매·제공하는 매장,val,자동차,T2 동의어,ce1db3aa-0eb7-493c-b92e-b2e1cb4f4b7e,선경상회,야채,도마큰시장,전통시장,대전광역시,,,
350d050abd29b13fafbf,full_annotation_v1,A,q_자동차_02,세차,생활서비스 중 '자동차'를 판매·제공하는 매장,val,자동차,T2 동의어,07631f84-e4b7-45f6-a4af-d96af7d9a2bc,맥카세차용품 24시본점,세차용품,창원 가음시장대상가,전통시장,경상남도,,,
f0e1ce2b8ed0279d7cd6,full_annotation_v1,A,q_자동차_02,세차,생활서비스 중 '자동차'를 판매·제공하는 매장,val,자동차,T2 동의어,014c1872-bd85-4ebb-8eb6-aca626ce5a1e,빵빵썬팅,자동차썬팅,소촌금봉 골목형상점가,골목형상점가,광주광역시,,,
d6b69c7d4b3a530726f2,full_annotation_v1,A,q_자동차_02,세차,생활서비스 중 '자동차'를 판매·제공하는 매장,val,자동차,T2 동의어,3954194e-6768-4dfc-993c-20f5950a0736,디테일링광택,세차,충무자동차거리 상점가,자율상권구역,대전광역시,,,
651c7822aacaf732af4e,full_annotation_v1,A,q_자동차_02,세차,생활서비스 중 '자동차'를 판매·제공하는 매장,val,자동차,T2 동의어,c7be1d80-fbcb-4ba1-93fe-6f85974e6313,해양카서비스,세차,마산어시장,전통시장,경상남도,,,
aed551111154518d8c67,full_annotation_v1,A,q_자동차_02,세차,생활서비스 중 '자동차'를 판매·제공하는 매장,val,자동차,T2 동의어,052df515-4724-4c04-a825-6448d0af9bf4,미래주유소,유류 자동차 관련 물품 세차,봉주 골목형상점가,골목형상점가,광주광역시,,,
670e029d82639db71cfe,full_annotation_v1,A,q_자동차_02,세차,생활서비스 중 '자동차'를 판매·제공하는 매장,val,자동차,T2 동의어,ff8c14d4-4f16-42a9-a668-72ce1a35d638,아쿠아노E4IL가,세차,하남파출소,골목형상점가,광주광역시,,,
7e5b11b0b0ed52536489,full_annotation_v1,A,q_자동차_02,세차,생활서비스 중 '자동차'를 판매·제공하는 매장,val,자동차,T2 동의어,5edc1fa6-0918-45bf-821b-5390a085237e,주식회사 광무개발,세차,하남3지구 골목형상점가,골목형상점가,광주광역시,,,
2ccb596a94276b6dc120,full_annotation_v1,A,q_자동차_02,세차,생활서비스 중 '자동차'를 판매·제공하는 매장,val,자동차,T2 동의어,6c186601-b639-4033-8bcc-1daf23f79df8,초롱세차장,세차,북동 골목형상점가,골목형상점가,광주광역시,,,
3758ebac63cdbac7ac44,full_annotation_v1,A,q_자동차_02,세차,생활서비스 중 '자동차'를 판매·제공하는 매장,val,자동차,T2 동의어,a293ed2a-c759-4b71-88b9-de7fcadba5c6,청춘디테일링,세차,자동차의거리,자율상권구역,광주광역시,,,
321e0a3c4663923885bc,full_annotation_v1,A,q_자동차_02,세차,생활서비스 중 '자동차'를 판매·제공하는 매장,val,자동차,T2 동의어,70ef4ba8-7a5f-4fd9-81b5-e735cd10c38a,족발시대,족발,중동사랑시장,전통시장,경기도,,,
ae20d8b6f0f9526e9189,full_annotation_v1,A,q_자동차_02,세차,생활서비스 중 '자동차'를 판매·제공하는 매장,val,자동차,T2 동의어,8fce10dc-1f39-4859-8037-7562e42f4102,리턴라운지,세차,매곡에뜰 골목형상점가,골목형상점가,울산광역시,,,
e57dcf99f2a10f5bff9c,full_annotation_v1,A,q_자동차_02,세차,생활서비스 중 '자동차'를 판매·제공하는 매장,val,자동차,T2 동의어,e7c7a80d-b582-4dbd-9e13-84f72007edd1,힐링세차장,세차,봉천달빛길골목형상점가,골목형상점가,서울특별시,,,
e44f83d830c0cdb03366,full_annotation_v1,A,q_자동차_02,세차,생활서비스 중 '자동차'를 판매·제공하는 매장,val,자동차,T2 동의어,09d7ede7-cc32-4f4d-8ccd-523c76541676,고잔자동차정비,"서비스도소매(자동차정비,자동차타이어)",도리섬상점가,자율상권구역,경기도,,,
313ccb4959fc47d950a0,full_annotation_v1,A,q_자동차_02,세차,생활서비스 중 '자동차'를 판매·제공하는 매장,val,자동차,T2 동의어,ad28e3d9-1db3-44b5-990e-a6dfb0b1e5dd,디테일링스팀세차cnb,세차,가람로 골목형상점가,골목형상점가,경기도,,,
53dd545458202be724c2,full_annotation_v1,A,q_자동차_02,세차,생활서비스 중 '자동차'를 판매·제공하는 매장,val,자동차,T2 동의어,65a1fc7e-ef45-4f9a-bc70-124dc56d276a,하남카세차장,세차,신안동용봉초건너편 골목형상점가,골목형상점가,광주광역시,,,
536eed91844d0cffb584,full_annotation_v1,A,q_자동차_02,세차,생활서비스 중 '자동차'를 판매·제공하는 매장,val,자동차,T2 동의어,0364862c-7f49-4568-ae2c-a574255a8396,달구지모터스,자동차전문정비,광주역 복개로 골목형상점가,골목형상점가,광주광역시,,,
15df29e7ac946591279b,full_annotation_v1,A,q_자동차_02,세차,생활서비스 중 '자동차'를 판매·제공하는 매장,val,자동차,T2 동의어,9b5992ca-f4e3-49f7-8e0e-32194d9509f6,국제세차장,세차,임방울거리3구역 골목형상점가,골목형상점가,광주광역시,,,
4e04842c6853bfd03e9c,full_annotation_v1,A,q_자동차_02,세차,생활서비스 중 '자동차'를 판매·제공하는 매장,val,자동차,T2 동의어,0f12fce1-d345-48e4-99b5-5aa1c231660e,무등세차장,세차,남문로 어울림 골목 골목형상점가,골목형상점가,광주광역시,,,
0a487b39cf5fc94cf7f1,full_annotation_v1,A,q_자동차_02,세차,생활서비스 중 '자동차'를 판매·제공하는 매장,val,자동차,T2 동의어,aafb7666-f605-4730-a47b-a871c8648781,친구세차장,세차,풍암SK.광명상가상인회 골목형상점가,골목형상점가,광주광역시,,,
b99178f2c746a7ddce79,full_annotation_v1,A,q_자동차_02,세차,생활서비스 중 '자동차'를 판매·제공하는 매장,val,자동차,T2 동의어,4dd8d601-ab1c-4259-a542-3a6f973a786f,김서방손세차장,세차,양산동 행복 골목형상점가,골목형상점가,광주광역시,,,
b70d43d263c62073bee9,full_annotation_v1,A,q_자동차_02,세차,생활서비스 중 '자동차'를 판매·제공하는 매장,val,자동차,T2 동의어,221fcf30-e97f-4997-9db1-c8277af690ba,OK카케어,세차,두암지구입구 골목형상점가,골목형상점가,광주광역시,,,
c56f4d63d61743414bd0,full_annotation_v1,A,q_자동차_02,세차,생활서비스 중 '자동차'를 판매·제공하는 매장,val,자동차,T2 동의어,8f824619-a870-4c38-a62f-026afc9e9bb2,옥천카세차장,세차,옥천영춘 골목형상점가,골목형상점가,전라남도,,,
136729936ff89ddd9061,full_annotation_v1,A,q_자동차_02,세차,생활서비스 중 '자동차'를 판매·제공하는 매장,val,자동차,T2 동의어,036ce424-36f8-4ff7-8bf5-28922acb83c9,우성카프라자,경정비,고성동벚꽃 골목형상점가,골목형상점가,대구광역시,,,
0a7e6a462509bfd0e920,full_annotation_v1,A,q_자동차_02,세차,생활서비스 중 '자동차'를 판매·제공하는 매장,val,자동차,T2 동의어,4cfe7f2c-6e85-4a77-b483-3833432d6a0a,진영전자,가전제품,부산전자종합시장,전통시장,부산광역시,,,
6a1dccb579999917fa25,full_annotation_v1,A,q_자동차_02,세차,생활서비스 중 '자동차'를 판매·제공하는 매장,val,자동차,T2 동의어,021b75ff-e0ed-4fd4-b5e3-f41910253dd8,틴팅크루,자동차선팅,염주골상인회 골목형상점가,골목형상점가,광주광역시,,,
d0256516457c24c98cd7,full_annotation_v1,A,q_자동차_02,세차,생활서비스 중 '자동차'를 판매·제공하는 매장,val,자동차,T2 동의어,2daf961c-f9c3-4bde-8f19-2de5cf782ed6,거북산세차장,세차,각화금호A 주변 골목형상점가,골목형상점가,광주광역시,,,
e739ea9b7b851a8f939e,full_annotation_v1,A,q_자동차_02,세차,생활서비스 중 '자동차'를 판매·제공하는 매장,val,자동차,T2 동의어,a67f9136-c929-4299-b04e-3452396c1287,슈퍼홀릭,의류,천안신부문화거리상점가,자율상권구역,충청남도,,,
c0271266b02ba5d3e817,full_annotation_v1,A,q_자동차_02,세차,생활서비스 중 '자동차'를 판매·제공하는 매장,val,자동차,T2 동의어,03e53a2d-e76b-4a17-8a69-03a865ad073e,양산카서비스,타이어소매,양산호수공원 골목형상점가,골목형상점가,광주광역시,,,
2552c781f32774b1e796,full_annotation_v1,A,q_자동차_02,세차,생활서비스 중 '자동차'를 판매·제공하는 매장,val,자동차,T2 동의어,e890ff39-f74e-4c92-8071-12ef51a6d0c2,학동카케어,세차,학동증심사입구 골목형상점가,골목형상점가,광주광역시,,,
94b2d807abfac4ef8c8f,full_annotation_v1,A,q_자동차_02,세차,생활서비스 중 '자동차'를 판매·제공하는 매장,val,자동차,T2 동의어,e2cb25af-f3b0-4cb9-a192-2f6c77ce238f,스시하나시,초밥,율곡동메타스퀘어 골목형상점가,골목형상점가,경상북도,,,
0e4df8ae1002a4834386,full_annotation_v1,A,q_자동차_02,세차,생활서비스 중 '자동차'를 판매·제공하는 매장,val,자동차,T2 동의어,10ce646a-d612-4adc-97fb-908d07b77a6b,이정카세차장,세차,두암2동 도로변 골목형상점가,골목형상점가,광주광역시,,,
e403d6c9ea6d803affb9,full_annotation_v1,A,q_자동차_02,세차,생활서비스 중 '자동차'를 판매·제공하는 매장,val,자동차,T2 동의어,03661ed3-6d9c-45da-af0e-801f3a602206,최신카클리닉광택,광택내부세차,북구빛나는 골목형상점가,골목형상점가,광주광역시,,,
28ae2209eb25805a7c06,full_annotation_v1,A,q_자동차_02,세차,생활서비스 중 '자동차'를 판매·제공하는 매장,val,자동차,T2 동의어,ccf2dfae-5e16-42f3-bd37-95822f0e7630,신동아세차장,세차,법원 앞 사과마을 골목형상점가,골목형상점가,광주광역시,,,
f805a8737b8b80452b59,full_annotation_v1,A,q_자동차_02,세차,생활서비스 중 '자동차'를 판매·제공하는 매장,val,자동차,T2 동의어,69923a0f-bafb-4a67-86ae-012a7dcc6109,동아세차장,세차,백운브릿지 골목형상점가,골목형상점가,광주광역시,,,
ce452e7027a6a061d9a2,full_annotation_v1,A,q_자동차_02,세차,생활서비스 중 '자동차'를 판매·제공하는 매장,val,자동차,T2 동의어,97ec16dd-8163-43b5-bffc-39e730fa10e2,세차공간,세차,빛가람 상리단길 골목형상점가,골목형상점가,전라남도,,,
fd15a23d7967bca8075a,full_annotation_v1,A,q_자동차_02,세차,생활서비스 중 '자동차'를 판매·제공하는 매장,val,자동차,T2 동의어,214e8249-5825-4d62-89f2-e8c2fd8d56ac,에이스카클리닉세차장,세차,맛조이상인회 골목형상점가,골목형상점가,광주광역시,,,
0b15b0f774e02b794868,full_annotation_v1,A,q_자동차_02,세차,생활서비스 중 '자동차'를 판매·제공하는 매장,val,자동차,T2 동의어,b5bffb0f-6cf3-4ea8-b679-707d2094872b,풍암24시셀프세차장,세차,풍암SK.광명상가상인회 골목형상점가,골목형상점가,광주광역시,,,
ea6f215c77cf63cf4cef,full_annotation_v1,A,q_자동차_02,세차,생활서비스 중 '자동차'를 판매·제공하는 매장,val,자동차,T2 동의어,141c7b2c-5311-4eea-9338-acd66d49a393,2일카세장,세차,동진맨션 골목형상점가,골목형상점가,광주광역시,,,
5767357a44012de9a8d5,full_annotation_v1,A,q_자동차_02,세차,생활서비스 중 '자동차'를 판매·제공하는 매장,val,자동차,T2 동의어,776b79fe-26d5-4436-bac6-f24e036c064a,강남세차장,세차,농성동벚꽃상인회 골목형상점가,골목형상점가,광주광역시,,,
58325373067a0d85141a,full_annotation_v1,A,q_자동차_02,세차,생활서비스 중 '자동차'를 판매·제공하는 매장,val,자동차,T2 동의어,a2a940c5-e670-4bdb-aef7-e228a992f3b3,중앙도복,임대업,서울중앙시장,전통시장,서울특별시,,,
71a1f65871007592ed08,full_annotation_v1,A,q_자동차_02,세차,생활서비스 중 '자동차'를 판매·제공하는 매장,val,자동차,T2 동의어,6a74f4a8-47ba-4022-bb8f-6357370707e6,귀빈헤어센스,미용,당진원시가지상가,자율상권구역,충청남도,,,
89eabdc8bbb242d44c60,full_annotation_v1,A,q_자동차_02,세차,생활서비스 중 '자동차'를 판매·제공하는 매장,val,자동차,T2 동의어,0c9f6f01-99ed-429d-9f5f-2435a675b9f9,(주)타이어박스,타이어,산수오거리 골목형상점가,골목형상점가,광주광역시,,,
19679fa142548306a844,full_annotation_v1,A,q_자동차_02,세차,생활서비스 중 '자동차'를 판매·제공하는 매장,val,자동차,T2 동의어,26c5360a-c5b0-4900-998d-68851f025500,도도세차장DT중흥점,세차,으뜸 효동 골목형상점가,골목형상점가,광주광역시,,,
99581bf095d69c8640b1,full_annotation_v1,A,q_자동차_02,세차,생활서비스 중 '자동차'를 판매·제공하는 매장,val,자동차,T2 동의어,0065917f-8506-4309-a8dd-bd4415481501,타이어 할인점 가좌점,타이어,남이동길골목형상점가,골목형상점가,서울특별시,,,
36a04f130fb9855bb336,full_annotation_v1,A,q_자동차_02,세차,생활서비스 중 '자동차'를 판매·제공하는 매장,val,자동차,T2 동의어,7920a366-0dff-4523-a879-4f1d75b665aa,3S스팀세차,세차,세종 반딧불 골목형상점가,골목형상점가,세종특별자치시,,,
48d0f9222fed110112cc,full_annotation_v1,A,q_자동차_02,세차,생활서비스 중 '자동차'를 판매·제공하는 매장,val,자동차,T2 동의어,00408c66-8a7e-4f20-896f-490885b394c8,애니카랜드 양산점,자동차 정비,금메달 양산택지로 골목형상점가,골목형상점가,광주광역시,,,
0fbcd737741d96e21d46,full_annotation_v1,A,q_자동차_02,세차,생활서비스 중 '자동차'를 판매·제공하는 매장,val,자동차,T2 동의어,d9946d1e-8410-45af-ad86-337e89167497,플레이워시셀프세차센터,세차,하남 골목형상점가,골목형상점가,광주광역시,,,
b9e21af8ff93b9a03753,full_annotation_v1,A,q_자동차_02,세차,생활서비스 중 '자동차'를 판매·제공하는 매장,val,자동차,T2 동의어,0f81f0d0-9102-47e7-afdd-2110bb658089,프로 손 세차,세차,강진 서성도담길,골목형상점가,전라남도,,,
a5c27a458373420ddfbb,full_annotation_v1,A,q_자동차_02,세차,생활서비스 중 '자동차'를 판매·제공하는 매장,val,자동차,T2 동의어,253c04a3-c966-4dce-ad78-65ce193db14e,비아트리스,세차,한듬레포츠,골목형상점가,광주광역시,,,
d3edf0be03a275c120ee,full_annotation_v1,A,q_자동차_02,세차,생활서비스 중 '자동차'를 판매·제공하는 매장,val,자동차,T2 동의어,249bf012-ee0b-4f21-ae7a-53cdef563946,광주실내크리닝에바크리닝스팀세차,세차,신용동 골목형상점가,골목형상점가,광주광역시,,,
5c32f4df1b82470ce586,full_annotation_v1,A,q_자동차_02,세차,생활서비스 중 '자동차'를 판매·제공하는 매장,val,자동차,T2 동의어,32e5437b-df15-46ba-b238-d3484817fc6d,새차처럼,세차,빛가람 상리단길 골목형상점가,골목형상점가,전라남도,,,
b7299d2d322c0095a5ce,full_annotation_v1,A,q_자동차_02,세차,생활서비스 중 '자동차'를 판매·제공하는 매장,val,자동차,T2 동의어,3f44a5d3-762e-48e8-89ce-b246f9c4c324,동림운암손세차장,세차,동림4단지 골목형상점가,골목형상점가,광주광역시,,,
99470f2f7420a3c11259,full_annotation_v1,A,q_자동차_02,세차,생활서비스 중 '자동차'를 판매·제공하는 매장,val,자동차,T2 동의어,73b0fce7-558c-45dd-bba9-3f0da617dbb3,미정손세차장,세차,군분로꽁양상인회 골목형상점가,골목형상점가,광주광역시,,,
38c49d538fc77bde6804,full_annotation_v1,A,q_자동차_02,세차,생활서비스 중 '자동차'를 판매·제공하는 매장,val,자동차,T2 동의어,4dfc7127-3e30-4932-a73a-6e8db3633604,튜EFLEX,세차,왕버들 골목형상점가,골목형상점가,광주광역시,,,
9484f05e30e72b2e233e,full_annotation_v1,A,q_자동차_03,정비,생활서비스 중 '자동차'를 판매·제공하는 매장,val,자동차,T2 동의어,c67b8e51-c6de-4c01-928f-cac914ea8edc,현대카센타,자동차 정비,송정역카페거리골목형상점가,골목형상점가,서울특별시,,,
07c29f5efe7a5ca2918c,full_annotation_v1,A,q_자동차_03,정비,생활서비스 중 '자동차'를 판매·제공하는 매장,val,자동차,T2 동의어,7e5de563-2275-4d83-bdd6-056a5d45d82e,카차카,자동차 정비,박물관거리 골목형상점가,골목형상점가,전라남도,,,
77b2f3e0437502f08dae,full_annotation_v1,A,q_자동차_03,정비,생활서비스 중 '자동차'를 판매·제공하는 매장,val,자동차,T2 동의어,239c4e12-560b-4788-b827-ea717b9787a5,정진카종합정비,정비,동천동벚꽃길상인회 골목형상점가,골목형상점가,광주광역시,,,
c7a8aefe16bc18a07df2,full_annotation_v1,A,q_자동차_03,정비,생활서비스 중 '자동차'를 판매·제공하는 매장,val,자동차,T2 동의어,3059ca0d-69d3-4b03-b038-5d1c9bb9b134,(주)우리공업사,자동차 정비,백년소상공인,,전라남도,,,
fc382e965bfcea14876e,full_annotation_v1,A,q_자동차_03,정비,생활서비스 중 '자동차'를 판매·제공하는 매장,val,자동차,T2 동의어,958167ea-ddc1-42a5-a9dc-c54436eec934,에이프레임익스프레스,고등어샌드위치 케밥덮밥,경주중심상가,전통시장,경상북도,,,
af3f8106ec4fe5924467,full_annotation_v1,A,q_자동차_03,정비,생활서비스 중 '자동차'를 판매·제공하는 매장,val,자동차,T2 동의어,eaf62962-522a-42bc-9deb-93741f4f8f3d,부성카센타,자동차 정비,문흥금호아파트 골목형상점가,골목형상점가,광주광역시,,,
249e0963b3ab3f9105d4,full_annotation_v1,A,q_자동차_03,정비,생활서비스 중 '자동차'를 판매·제공하는 매장,val,자동차,T2 동의어,27783c63-ea17-45cc-8e89-cc27e1e6fdd6,남원추어탕,추어탕,예술의거리 골목형상점가,골목형상점가,광주광역시,,,
24a717dac109a3919812,full_annotation_v1,A,q_자동차_03,정비,생활서비스 중 '자동차'를 판매·제공하는 매장,val,자동차,T2 동의어,04ddb261-818a-481f-b130-0f5401a7aaf8,주식회사 타이어메카 화정점,자동차 타이어 및 튜브,화정역상인회 골목형상점가,골목형상점가,광주광역시,,,
774f570f3e9f019d8efc,full_annotation_v1,A,q_자동차_03,정비,생활서비스 중 '자동차'를 판매·제공하는 매장,val,자동차,T2 동의어,07799824-52aa-47ff-a0da-898f8edeaca8,상무카 세차장,세차,치평동1002상인회 골목형상점가,골목형상점가,광주광역시,,,
fc31772847b6e7a7d7ae,full_annotation_v1,A,q_자동차_03,정비,생활서비스 중 '자동차'를 판매·제공하는 매장,val,자동차,T2 동의어,f95211a7-6690-4406-b1d3-bfd976880b6e,상아모터스,자동차 정비,동림1 골목형상점가,골목형상점가,광주광역시,,,
c17d69b0c87059fa3897,full_annotation_v1,A,q_자동차_03,정비,생활서비스 중 '자동차'를 판매·제공하는 매장,val,자동차,T2 동의어,c95a0282-84aa-4efc-aec5-3a78ba149088,드리븐 오토모티브,자동차 정비,용봉IC 골목형상점가,골목형상점가,광주광역시,,,
10a377c6365f190c8b46,full_annotation_v1,A,q_자동차_03,정비,생활서비스 중 '자동차'를 판매·제공하는 매장,val,자동차,T2 동의어,e88a78a5-d45c-4814-8447-6a71f036951b,베스트약국,약품,둔촌스포츠거리 골목형상점가,골목형상점가,서울특별시,,,
6be05a20c590ced788db,full_annotation_v1,A,q_자동차_03,정비,생활서비스 중 '자동차'를 판매·제공하는 매장,val,자동차,T2 동의어,c9634bb0-5827-4d7f-884d-e9b218a8da4d,H모터스 본점,자동차 정비,유촌마을상인회 골목형상점가,골목형상점가,광주광역시,,,
6f4a4695bacbb7f08762,full_annotation_v1,A,q_자동차_03,정비,생활서비스 중 '자동차'를 판매·제공하는 매장,val,자동차,T2 동의어,553ff00b-c11d-4543-8d26-57ddbb7bbae9,블루핸즈월산남부점,정비,무진중오거리 골목형상점가,골목형상점가,광주광역시,,,
4672aaef901e210dc272,full_annotation_v1,A,q_자동차_03,정비,생활서비스 중 '자동차'를 판매·제공하는 매장,val,자동차,T2 동의어,2183dbad-0f08-4ca9-9c6c-7ade452d72b8,대운모터스,자동차 정비,하남 골목형상점가,골목형상점가,광주광역시,,,
1a530723669a92f433d9,full_annotation_v1,A,q_자동차_03,정비,생활서비스 중 '자동차'를 판매·제공하는 매장,val,자동차,T2 동의어,9c5b21ef-455b-4c9f-a104-e5c26847240c,새천년카클리닉,자동차 정비,백년소상공인,기타,대전광역시,,,
c8258ac99f2a3c7dd6d9,full_annotation_v1,A,q_자동차_03,정비,생활서비스 중 '자동차'를 판매·제공하는 매장,val,자동차,T2 동의어,3bc3310c-8667-4d65-8380-c6c17ce5326d,미화상회,종이상자,안강공설시장,전통시장,경상북도,,,
9a1a16fc6dcfe3e61da6,full_annotation_v1,A,q_자동차_03,정비,생활서비스 중 '자동차'를 판매·제공하는 매장,val,자동차,T2 동의어,402a217a-287e-4075-b00f-d28302483e3e,코리아카센타,자동차 정비,임방울거리3구역 골목형상점가,골목형상점가,광주광역시,,,
5ea00f9fa2d36c4c3d38,full_annotation_v1,A,q_자동차_03,정비,생활서비스 중 '자동차'를 판매·제공하는 매장,val,자동차,T2 동의어,57b8f061-1dd7-495a-b810-f28df500518e,시장카쎈타,정비,충주농산물종합시장(구 중앙청과시장),전통시장,충청북도,,,
0c97c7c5329880e16d61,full_annotation_v1,A,q_자동차_03,정비,생활서비스 중 '자동차'를 판매·제공하는 매장,val,자동차,T2 동의어,0d502839-dc63-4f51-99a2-d0497f0e3b28,오일카서비스,정비,각화2지구 골목형상점가,골목형상점가,광주광역시,,,
7daa04bbae18fb75fb93,full_annotation_v1,A,q_자동차_03,정비,생활서비스 중 '자동차'를 판매·제공하는 매장,val,자동차,T2 동의어,3cc0bbeb-7a04-4619-bf62-b8e69a76a1c1,현대카서비스,정비,운천상무시장 골목형상점가,골목형상점가,광주광역시,,,
84cfb2af584ddf41aa45,full_annotation_v1,A,q_자동차_03,정비,생활서비스 중 '자동차'를 판매·제공하는 매장,val,자동차,T2 동의어,803c05a3-aa08-43da-a196-404873fe888c,금강자동차공업사,자동차 정비,봉주 골목형상점가,골목형상점가,광주광역시,,,
1e216d755d218a10e4ef,full_annotation_v1,A,q_자동차_03,정비,생활서비스 중 '자동차'를 판매·제공하는 매장,val,자동차,T2 동의어,b675251c-6254-4659-8511-5cb9cc313e6f,타이어프로산수점,타이어 정비,두암지구입구 골목형상점가,골목형상점가,광주광역시,,,
4a1f096f1307c569d4e2,full_annotation_v1,A,q_자동차_03,정비,생활서비스 중 '자동차'를 판매·제공하는 매장,val,자동차,T2 동의어,953d0e18-5fb6-4211-80f8-77cd5a67ca22,공항자동차공업사,정비,상무누리로상인회 골목형상점가,골목형상점가,광주광역시,,,
38bf26e594ee0ad6bfed,full_annotation_v1,A,q_자동차_03,정비,생활서비스 중 '자동차'를 판매·제공하는 매장,val,자동차,T2 동의어,64e07dad-5ed0-4028-8413-4070b576ad67,세일카센타,자동차 부분 정비,마륵동상인회 골목형상점가,골목형상점가,광주광역시,,,
d056ae67e948b88fee46,full_annotation_v1,A,q_자동차_03,정비,생활서비스 중 '자동차'를 판매·제공하는 매장,val,자동차,T2 동의어,60daa990-7e60-41ae-9772-154ac522346c,우빈모터스,자동차 정비,도군머리 골목형상점가,골목형상점가,광주광역시,,,
ba0c03ba58e38dfb1a9c,full_annotation_v1,A,q_자동차_03,정비,생활서비스 중 '자동차'를 판매·제공하는 매장,val,자동차,T2 동의어,052df515-4724-4c04-a825-6448d0af9bf4,미래주유소,유류 자동차 관련 물품 세차,봉주 골목형상점가,골목형상점가,광주광역시,,,
ede56ad873cf3a1495ae,full_annotation_v1,A,q_자동차_03,정비,생활서비스 중 '자동차'를 판매·제공하는 매장,val,자동차,T2 동의어,d12e14f5-b1df-47d5-b6ea-d4868ff9fb7b,코클,커피음료,상무운천역상인회 골목형상점가,골목형상점가,광주광역시,,,
fa31ee360d6ad4c9bdff,full_annotation_v1,A,q_자동차_03,정비,생활서비스 중 '자동차'를 판매·제공하는 매장,val,자동차,T2 동의어,68b06b81-0e3f-4da4-9d98-e34bb2c51ca4,화정카 마스타,자동차 정비,상공회의소누리상인회 골목형상점가,골목형상점가,광주광역시,,,
c158a30a59c20ef0781d,full_annotation_v1,A,q_자동차_03,정비,생활서비스 중 '자동차'를 판매·제공하는 매장,val,자동차,T2 동의어,0364862c-7f49-4568-ae2c-a574255a8396,달구지모터스,자동차전문정비,광주역 복개로 골목형상점가,골목형상점가,광주광역시,,,
d1e6132f5f5ae844b82b,full_annotation_v1,A,q_자동차_03,정비,생활서비스 중 '자동차'를 판매·제공하는 매장,val,자동차,T2 동의어,0c9f6f01-99ed-429d-9f5f-2435a675b9f9,(주)타이어박스,타이어,산수오거리 골목형상점가,골목형상점가,광주광역시,,,
1000a2abd0f8cc8e78ec,full_annotation_v1,A,q_자동차_03,정비,생활서비스 중 '자동차'를 판매·제공하는 매장,val,자동차,T2 동의어,c37246a8-50aa-4d0a-8888-78d1b77ad2f6,하늘자동차써비스(자동차전문정비업),"타이어, 정비",남구 용대로 골목형상점가,골목형상점가,광주광역시,,,
a6794e843efc880620a6,full_annotation_v1,A,q_자동차_03,정비,생활서비스 중 '자동차'를 판매·제공하는 매장,val,자동차,T2 동의어,07631f84-e4b7-45f6-a4af-d96af7d9a2bc,맥카세차용품 24시본점,세차용품,창원 가음시장대상가,전통시장,경상남도,,,
d821a3ed567172dbb54c,full_annotation_v1,A,q_자동차_03,정비,생활서비스 중 '자동차'를 판매·제공하는 매장,val,자동차,T2 동의어,3a9319a9-939a-4c0d-8f78-926d3a5521ab,휘플링,디저트,상무운천역상인회 골목형상점가,골목형상점가,광주광역시,,,
8002d8d7c876f261a161,full_annotation_v1,A,q_자동차_03,정비,생활서비스 중 '자동차'를 판매·제공하는 매장,val,자동차,T2 동의어,09d7ede7-cc32-4f4d-8ccd-523c76541676,고잔자동차정비,"서비스도소매(자동차정비,자동차타이어)",도리섬상점가,자율상권구역,경기도,,,
9f3f1a3014c2fd5857c0,full_annotation_v1,A,q_자동차_03,정비,생활서비스 중 '자동차'를 판매·제공하는 매장,val,자동차,T2 동의어,07083c96-2166-4099-a7ec-b761a211ce3d,영남상회,잡화,부평깡통시장(구 부산부평시장),전통시장,부산광역시,,,
70a520f4f0389830f8bd,full_annotation_v1,A,q_자동차_03,정비,생활서비스 중 '자동차'를 판매·제공하는 매장,val,자동차,T2 동의어,912d3299-1222-4d89-a75b-f71b7de05ec3,사당면옥,한식,남성사계시장,전통시장,서울특별시,,,
add3b7386598e3dbe986,full_annotation_v1,A,q_자동차_03,정비,생활서비스 중 '자동차'를 판매·제공하는 매장,val,자동차,T2 동의어,4d25e85f-e95b-45a6-9fa6-a47742892463,카포스으뜸카센타,정비,신안동용봉초 골목형상점가,골목형상점가,광주광역시,,,
5f774922e1f309af291d,full_annotation_v1,A,q_자동차_03,정비,생활서비스 중 '자동차'를 판매·제공하는 매장,val,자동차,T2 동의어,d2db722e-9e69-4207-8ce0-3bcb8b6958a9,치평현대모터스,자동차 정비,상무평화상인회 골목형상점가,골목형상점가,광주광역시,,,
4444e4c4fd3e0e043db0,full_annotation_v1,A,q_자동차_03,정비,생활서비스 중 '자동차'를 판매·제공하는 매장,val,자동차,T2 동의어,5db2393c-54a9-4e60-99dc-a3f9fe8303a7,한끼만두,만두,신도봉시장,전통시장,서울특별시,,,
2de3751689b012965e7b,full_annotation_v1,A,q_자동차_03,정비,생활서비스 중 '자동차'를 판매·제공하는 매장,val,자동차,T2 동의어,036ce424-36f8-4ff7-8bf5-28922acb83c9,우성카프라자,경정비,고성동벚꽃 골목형상점가,골목형상점가,대구광역시,,,
b37f77f3379dc5f430af,full_annotation_v1,A,q_자동차_03,정비,생활서비스 중 '자동차'를 판매·제공하는 매장,val,자동차,T2 동의어,021b75ff-e0ed-4fd4-b5e3-f41910253dd8,틴팅크루,자동차선팅,염주골상인회 골목형상점가,골목형상점가,광주광역시,,,
51d737e8a5ee04c310f2,full_annotation_v1,A,q_자동차_03,정비,생활서비스 중 '자동차'를 판매·제공하는 매장,val,자동차,T2 동의어,82bb3d55-ff12-47b9-a3e9-14be24ddd571,홍한의원,한의원,노원역9번출구 골목형상점가,골목형상점가,서울특별시,,,
9cb5a2214f807c94cd1f,full_annotation_v1,A,q_자동차_03,정비,생활서비스 중 '자동차'를 판매·제공하는 매장,val,자동차,T2 동의어,00408c66-8a7e-4f20-896f-490885b394c8,애니카랜드 양산점,자동차 정비,금메달 양산택지로 골목형상점가,골목형상점가,광주광역시,,,
ec593289cbeeb299679b,full_annotation_v1,A,q_자동차_03,정비,생활서비스 중 '자동차'를 판매·제공하는 매장,val,자동차,T2 동의어,4c60b1be-64bd-4698-95ad-a1aa429eb260,마이카써비스쌍촌점,자동차 정비,늘해랑상인회 골목형상점가,골목형상점가,광주광역시,,,
428443b5d1060635c282,full_annotation_v1,A,q_자동차_03,정비,생활서비스 중 '자동차'를 판매·제공하는 매장,val,자동차,T2 동의어,65e897e9-03bd-4670-b8db-928cdb9148f3,진솔종합기계,정비 소매업,공구의거리,자율상권구역,광주광역시,,,
e8707d3393807f73998e,full_annotation_v1,A,q_자동차_03,정비,생활서비스 중 '자동차'를 판매·제공하는 매장,val,자동차,T2 동의어,03661ed3-6d9c-45da-af0e-801f3a602206,최신카클리닉광택,광택내부세차,북구빛나는 골목형상점가,골목형상점가,광주광역시,,,
86add860c1ff774f7992,full_annotation_v1,A,q_자동차_03,정비,생활서비스 중 '자동차'를 판매·제공하는 매장,val,자동차,T2 동의어,862d5105-d76c-42f8-bf24-4bedd6bad67f,아우토랩,자동차 정비,연제동 골목형상점가,골목형상점가,광주광역시,,,
4dc0346aad0c6137e51a,full_annotation_v1,A,q_자동차_03,정비,생활서비스 중 '자동차'를 판매·제공하는 매장,val,자동차,T2 동의어,020368e8-f148-41e5-a918-1657220b912e,MS골드모터스,자동차정비,금메달 양산택지로 골목형상점가,골목형상점가,광주광역시,,,
2359bb98292c9dbeb4af,full_annotation_v1,A,q_자동차_03,정비,생활서비스 중 '자동차'를 판매·제공하는 매장,val,자동차,T2 동의어,73c6920b-3f30-4a56-9d25-e1085319ecf1,어울림 자동차정비,정비,운리공원상인회 골목형상점가,골목형상점가,광주광역시,,,
809ab79c6a75b06157c8,full_annotation_v1,A,q_자동차_03,정비,생활서비스 중 '자동차'를 판매·제공하는 매장,val,자동차,T2 동의어,357c0f20-2cd3-4a37-aaef-53e09bf549bb,스피드메이트 첨단2지구,정비,신용동 골목형상점가,골목형상점가,광주광역시,,,
10b3371abcbd46024e43,full_annotation_v1,A,q_자동차_03,정비,생활서비스 중 '자동차'를 판매·제공하는 매장,val,자동차,T2 동의어,3a3ebd0a-a552-4bc1-8368-be7e7b9123a1,세차의이유,자동차세차 정비,빛가람 하나로 골목형상점가,골목형상점가,전라남도,,,
62d63af2a458537465d7,full_annotation_v1,A,q_자동차_03,정비,생활서비스 중 '자동차'를 판매·제공하는 매장,val,자동차,T2 동의어,03e53a2d-e76b-4a17-8a69-03a865ad073e,양산카서비스,타이어소매,양산호수공원 골목형상점가,골목형상점가,광주광역시,,,
127507f94f0ab8523a8f,full_annotation_v1,A,q_자동차_03,정비,생활서비스 중 '자동차'를 판매·제공하는 매장,val,자동차,T2 동의어,5d441198-675f-41c4-a3b9-f81c98418430,성신자동차공업사,자동차 정비,공항동먹자골목골목형상점가,골목형상점가,서울특별시,,,
3f2547277dfe796e2dc2,full_annotation_v1,A,q_자동차_03,정비,생활서비스 중 '자동차'를 판매·제공하는 매장,val,자동차,T2 동의어,64bf6787-bd1d-429e-8814-ce44629d24a4,광진카센타,자동차 타이어 정비 등,세은 골목형상점가,골목형상점가,광주광역시,,,
4d809a4bacb8ccc417e6,full_annotation_v1,A,q_자동차_03,정비,생활서비스 중 '자동차'를 판매·제공하는 매장,val,자동차,T2 동의어,007fca6d-f508-4b12-a082-dd7537eedc47,대민카공업사,정비,사강시장,전통시장,경기도,,,
80b47c28d3995b73c952,full_annotation_v1,A,q_자동차_03,정비,생활서비스 중 '자동차'를 판매·제공하는 매장,val,자동차,T2 동의어,8433716f-ca06-4f8d-8980-4609a36f309b,미래카센타,자동차 정비,오케이 양산동 골목형상점가,골목형상점가,광주광역시,,,
c8ccdd768f9d973c4945,full_annotation_v1,A,q_자동차_03,정비,생활서비스 중 '자동차'를 판매·제공하는 매장,val,자동차,T2 동의어,fb2bbcb5-02fe-41bd-86c5-3de2c6ed368e,청정카 경정비,자동차 정비,매곡 가인 골목형상점가,골목형상점가,광주광역시,,,
816f10b1135f4bb55992,full_annotation_v1,A,q_자동차_03,정비,생활서비스 중 '자동차'를 판매·제공하는 매장,val,자동차,T2 동의어,83cb9d42-95a4-469f-a970-73cc522fff47,성복자동차공업사,자동차 정비,성복 온누리 골목형상점가,골목형상점가,경기도,,,
8cc4c95e1bb2c2be710b,full_annotation_v1,A,q_자동차_03,정비,생활서비스 중 '자동차'를 판매·제공하는 매장,val,자동차,T2 동의어,95c938d1-6ce7-4236-8571-07912ce6eebe,오토오아시스선암점,자동차 정비,선운별 골목형상점가,골목형상점가,광주광역시,,,
3601392dd3c5616830b3,full_annotation_v1,A,q_자동차_03,정비,생활서비스 중 '자동차'를 판매·제공하는 매장,val,자동차,T2 동의어,5e1768a2-6131-4712-a88f-67df27f81bbd,차세대카서비스,자동차 정비,88글러브 골목형상점가,골목형상점가,대전광역시,,,
2859358b689b72ac12d5,full_annotation_v1,A,q_자동차_03,정비,생활서비스 중 '자동차'를 판매·제공하는 매장,val,자동차,T2 동의어,05a8f78b-e88d-4602-bf9e-9213fcef389a,시슬리,화장품,스타프라자전통시장,전통시장,경기도,,,
dc93ee5f61684430b49e,full_annotation_v1,A,q_자동차_03,정비,생활서비스 중 '자동차'를 판매·제공하는 매장,val,자동차,T2 동의어,75d9c2ee-2685-48c2-9df3-1f797c871b58,보떼 경주역점,화장품,경주성동공설시장,전통시장,경상북도,,,
22410a6eb4d5e6c0ada4,full_annotation_v1,A,q_자동차_03,정비,생활서비스 중 '자동차'를 판매·제공하는 매장,val,자동차,T2 동의어,0405bac2-8f07-4ea9-a931-e8f992375b61,에스에스개러지,세차,선운별 골목형상점가,골목형상점가,광주광역시,,,
dd93ef239ac2addc8a43,full_annotation_v1,A,q_자동차_03,정비,생활서비스 중 '자동차'를 판매·제공하는 매장,val,자동차,T2 동의어,c5e49c97-88c2-4743-8355-419911b6e288,오토마스타,자동차 정비,동오마을골목형상점가,골목형상점가,경기도,,,
1fcf3f92b867a55014b8,full_annotation_v1,A,q_자동차_03,정비,생활서비스 중 '자동차'를 판매·제공하는 매장,val,자동차,T2 동의어,85de1aa7-fdd2-4e61-831b-8e45fa195e42,W모터스,자동차 정비,초록거리 골목형상점가,골목형상점가,경기도,,,
ad890e84ef8f14813fdb,full_annotation_v1,A,q_자동차_03,정비,생활서비스 중 '자동차'를 판매·제공하는 매장,val,자동차,T2 동의어,8baf2eb1-f9f0-438e-9ee2-2753fd0a0de3,용이네식당,한식,성당시장,전통시장,대구광역시,,,
38fc80cff14801158cf2,full_annotation_v1,A,q_자동차_03,정비,생활서비스 중 '자동차'를 판매·제공하는 매장,val,자동차,T2 동의어,c5ef19f8-d0e0-4031-b447-af1c9726787d,이정카센타,자동차 정비,두암2동 도로변 골목형상점가,골목형상점가,광주광역시,,,
d090b0235b443c2ceddd,full_annotation_v1,A,q_자동차_03,정비,생활서비스 중 '자동차'를 판매·제공하는 매장,val,자동차,T2 동의어,0065917f-8506-4309-a8dd-bd4415481501,타이어 할인점 가좌점,타이어,남이동길골목형상점가,골목형상점가,서울특별시,,,
416b6290e4922982e7f6,full_annotation_v1,A,q_자동차_03,정비,생활서비스 중 '자동차'를 판매·제공하는 매장,val,자동차,T2 동의어,96f7b97f-0a0f-42ab-91eb-839caacce31a,베스트자동자정비공업사,정비,유촌마을상인회 골목형상점가,골목형상점가,광주광역시,,,
6675d9bec8e63049feb5,full_annotation_v1,A,q_자동차_03,정비,생활서비스 중 '자동차'를 판매·제공하는 매장,val,자동차,T2 동의어,1730e59b-8144-4734-9fa8-2ada21c2afce,(주)두리유통,식품 잡화,오정동상점가,자율상권구역,대전광역시,,,
5d261192fc5d2c916bd5,full_annotation_v1,A,q_자동차_03,정비,생활서비스 중 '자동차'를 판매·제공하는 매장,val,자동차,T2 동의어,3a8a3236-bedd-4190-b61a-ead5d2792dd4,성민카센터,정비,청천시장(구 청천전통시장),전통시장,충청북도,,,
7c720bfa80912cf90458,full_annotation_v1,A,q_자동차_03,정비,생활서비스 중 '자동차'를 판매·제공하는 매장,val,자동차,T2 동의어,aaa08e28-782d-4325-b216-44a9a4237c77,현대CT카센타,자동차 정비,우림맛솜씨길골목형상점가,골목형상점가,서울특별시,,,
1eb0b0b0f4ef89490d3b,full_annotation_v1,A,q_자동차_03,정비,생활서비스 중 '자동차'를 판매·제공하는 매장,val,자동차,T2 동의어,a81bf853-a285-4b43-b442-dc85c6fbf954,모터아르,정비,흑석동 골목형상점가,골목형상점가,광주광역시,,,
7ec8f5e5908cbb8795dc,full_annotation_v1,A,q_자동차_03,정비,생활서비스 중 '자동차'를 판매·제공하는 매장,val,자동차,T2 동의어,11dbfe9f-c41e-4b6d-9083-b3c2b642a36b,주문진종합어시장,기타음식,구갈상점가,자율상권구역,경기도,,,
dbdc4f3873d761b0c9ed,full_annotation_v1,A,q_자동차_03,정비,생활서비스 중 '자동차'를 판매·제공하는 매장,val,자동차,T2 동의어,12834280-0297-467d-a29f-d77820166eb4,하이카,자동차 정비 전문점,풍암금당상인회 골목형상점가,골목형상점가,광주광역시,,,
97eb514620d23f4a03df,full_annotation_v1,A,q_자동차_03,정비,생활서비스 중 '자동차'를 판매·제공하는 매장,val,자동차,T2 동의어,fbe99f07-1dd0-4a5a-bdca-a9f30067c2ba,지성 카센터,자동차 정비,포항 대이상가 골목형상점가,골목형상점가,경상북도,,,
58ac5c21ded96c98c11d,full_annotation_v1,A,q_자동차_03,정비,생활서비스 중 '자동차'를 판매·제공하는 매장,val,자동차,T2 동의어,a1da5794-33e1-493f-94db-17db3b51940f,따뜻한카센터,정비,서구유통단지상인회 골목형상점가,골목형상점가,광주광역시,,,
017c5978c4bc45ac875d,full_annotation_v1,A,q_자동차_03,정비,생활서비스 중 '자동차'를 판매·제공하는 매장,val,자동차,T2 동의어,014c1872-bd85-4ebb-8eb6-aca626ce5a1e,빵빵썬팅,자동차썬팅,소촌금봉 골목형상점가,골목형상점가,광주광역시,,,
28166dde0c138f906c9e,full_annotation_v1,A,q_자동차_03,정비,생활서비스 중 '자동차'를 판매·제공하는 매장,val,자동차,T2 동의어,b3d1f5c5-bbb0-467e-af47-a8dc016b12f1,지노카정비,타이어 자동차 용품 자동차 정비,공구의거리,자율상권구역,광주광역시,,,
60d0406485f1b51136c3,full_annotation_v1,A,q_자동차_03,정비,생활서비스 중 '자동차'를 판매·제공하는 매장,val,자동차,T2 동의어,ea6a1155-874d-4012-ad07-c475f86084ff,고려조삼계탕,한식,예술의거리 골목형상점가,골목형상점가,광주광역시,,,
f9dd961e6f86d89e903e,full_annotation_v1,A,q_자동차_03,정비,생활서비스 중 '자동차'를 판매·제공하는 매장,val,자동차,T2 동의어,0106f4d5-7dea-41f3-a7f4-dc5d1e5dc184,대한카클리닉,자동차용품,포항 해도새록새로 골목형상점가,골목형상점가,경상북도,,,
259ca4a20bbab35f9647,full_annotation_v1,A,q_자동차_03,정비,생활서비스 중 '자동차'를 판매·제공하는 매장,val,자동차,T2 동의어,b86dd5a6-d3a8-4092-8761-5c234696bf7c,승리카인테리어,자동차'정비,신안 삼대마을 골목형상점가,골목형상점가,광주광역시,,,
99ae7d65fe82555bea88,full_annotation_v1,A,q_자동차_04,타이어,생활서비스 중 '자동차'를 판매·제공하는 매장,val,자동차,T2 동의어,61f55a5e-09e9-40af-b571-22c35149192d,창원대우당약국,약소매,창원 명서시장,전통시장,경상남도,,,
35217e26562513324891,full_annotation_v1,A,q_자동차_04,타이어,생활서비스 중 '자동차'를 판매·제공하는 매장,val,자동차,T2 동의어,b961fad2-3f05-4aaa-8f66-a10346b17081,금호광복상사,타이어,소촌중앙 골목형상점가,골목형상점가,광주광역시,,,
e893de6cd83b6ce6a977,full_annotation_v1,A,q_자동차_04,타이어,생활서비스 중 '자동차'를 판매·제공하는 매장,val,자동차,T2 동의어,1ca10a26-08c1-4195-8213-47b70536b022,킹콩타이어,타이어,오치1동(제2지역:북부소방서 사거리) 골목형상점가,골목형상점가,광주광역시,,,
4f931f059655b0af31aa,full_annotation_v1,A,q_자동차_04,타이어,생활서비스 중 '자동차'를 판매·제공하는 매장,val,자동차,T2 동의어,014c1872-bd85-4ebb-8eb6-aca626ce5a1e,빵빵썬팅,자동차썬팅,소촌금봉 골목형상점가,골목형상점가,광주광역시,,,
1a23c419a7cb3e19ce3b,full_annotation_v1,A,q_자동차_04,타이어,생활서비스 중 '자동차'를 판매·제공하는 매장,val,자동차,T2 동의어,c33d6a0d-ee03-4bf7-837b-02411038de46,주식회사 메가타이어,타이어,양지마을 골목형상점가,골목형상점가,광주광역시,,,
af72f8bd9020b17f0119,full_annotation_v1,A,q_자동차_04,타이어,생활서비스 중 '자동차'를 판매·제공하는 매장,val,자동차,T2 동의어,4f8c9ba8-2a24-4f83-96ec-56cfb388a571,에스더라이프,"속옷, 의류잡화",창원 성원그랜드쇼핑상가,전통시장,경상남도,,,
146d6f65e30d09620aee,full_annotation_v1,A,q_자동차_04,타이어,생활서비스 중 '자동차'를 판매·제공하는 매장,val,자동차,T2 동의어,fe944198-86b2-47d0-b25f-00746866ff4b,타이어세븐,타이어,상무누리로상인회 골목형상점가,골목형상점가,광주광역시,,,
b06a998d45b2b85c26de,full_annotation_v1,A,q_자동차_04,타이어,생활서비스 중 '자동차'를 판매·제공하는 매장,val,자동차,T2 동의어,5cbd763e-492d-4c7d-95b3-6cd6332bcb84,청평시장방앗간,떡,청평여울시장,전통시장,경기도,,,
0a0ca1327ccd757c6cb8,full_annotation_v1,A,q_자동차_04,타이어,생활서비스 중 '자동차'를 판매·제공하는 매장,val,자동차,T2 동의어,1506fa8a-b8c6-45af-8bd2-968da5b9d66f,팜스프링스,의류,모아패션아울렛 골목형상점가,골목형상점가,경기도,,,
c3988b60a4e6d47ff063,full_annotation_v1,A,q_자동차_04,타이어,생활서비스 중 '자동차'를 판매·제공하는 매장,val,자동차,T2 동의어,0405bac2-8f07-4ea9-a931-e8f992375b61,에스에스개러지,세차,선운별 골목형상점가,골목형상점가,광주광역시,,,
7b1b83ea296050665d1a,full_annotation_v1,A,q_자동차_04,타이어,생활서비스 중 '자동차'를 판매·제공하는 매장,val,자동차,T2 동의어,9a85189f-6c9e-4ca6-911c-7421a3f79b64,땡큐타이어,자동차 타이어 판매,중흥동광주역 골목형상점가,골목형상점가,광주광역시,,,
c3d9e24bc7697704c6c0,full_annotation_v1,A,q_자동차_04,타이어,생활서비스 중 '자동차'를 판매·제공하는 매장,val,자동차,T2 동의어,ae9cfde0-3046-4e6b-90ae-129241fda42b,타이어 테크 광주본점,신품 타이어,운암 야구 골목형상점가,골목형상점가,광주광역시,,,
80333459018a50c16829,full_annotation_v1,A,q_자동차_04,타이어,생활서비스 중 '자동차'를 판매·제공하는 매장,val,자동차,T2 동의어,4b31c991-cedc-41a0-ac74-3b11c6532811,타이어프라자용봉점,타이어,용봉신안다리 골목형상점가,골목형상점가,광주광역시,,,
9a289aa72f316934f73a,full_annotation_v1,A,q_자동차_04,타이어,생활서비스 중 '자동차'를 판매·제공하는 매장,val,자동차,T2 동의어,04ddb261-818a-481f-b130-0f5401a7aaf8,주식회사 타이어메카 화정점,자동차 타이어 및 튜브,화정역상인회 골목형상점가,골목형상점가,광주광역시,,,
1c8cfac849e66f276788,full_annotation_v1,A,q_자동차_04,타이어,생활서비스 중 '자동차'를 판매·제공하는 매장,val,자동차,T2 동의어,e46f7ad5-bedf-4ac9-a88b-437ee841b5b1,종합카써비스,타이어,88글러브 골목형상점가,골목형상점가,대전광역시,,,
cb756fa4cb7fff1116c4,full_annotation_v1,A,q_자동차_04,타이어,생활서비스 중 '자동차'를 판매·제공하는 매장,val,자동차,T2 동의어,8f57d1a2-a5b2-4421-84b4-c9f78ebc3818,타이어365송청점,타이어,소촌중앙 골목형상점가,골목형상점가,광주광역시,,,
883ced6c810cb55c121d,full_annotation_v1,A,q_자동차_04,타이어,생활서비스 중 '자동차'를 판매·제공하는 매장,val,자동차,T2 동의어,0106f4d5-7dea-41f3-a7f4-dc5d1e5dc184,대한카클리닉,자동차용품,포항 해도새록새로 골목형상점가,골목형상점가,경상북도,,,
72a3927957831124468e,full_annotation_v1,A,q_자동차_04,타이어,생활서비스 중 '자동차'를 판매·제공하는 매장,val,자동차,T2 동의어,91b5b78d-fd15-44e1-b6e6-ab2d326e6c9c,동일타이어,타이어,충무자동차거리 상점가,자율상권구역,대전광역시,,,
94e58f0681a806092d57,full_annotation_v1,A,q_자동차_04,타이어,생활서비스 중 '자동차'를 판매·제공하는 매장,val,자동차,T2 동의어,34177e78-1d3f-4326-bf10-4e06ffc69ff8,타이어백화점,타이어,서문대로 골목형상점가,골목형상점가,광주광역시,,,
feee30a81c910b596ba6,full_annotation_v1,A,q_자동차_04,타이어,생활서비스 중 '자동차'를 판매·제공하는 매장,val,자동차,T2 동의어,f1978cec-01a8-40aa-8d52-a4e7d2e411f5,타이어 M,타이어 자동차 정비,오치서산초 골목형상점가,골목형상점가,광주광역시,,,
def130e014cd66cf6b57,full_annotation_v1,A,q_자동차_04,타이어,생활서비스 중 '자동차'를 판매·제공하는 매장,val,자동차,T2 동의어,0364862c-7f49-4568-ae2c-a574255a8396,달구지모터스,자동차전문정비,광주역 복개로 골목형상점가,골목형상점가,광주광역시,,,
d59a1bc45112d06789d7,full_annotation_v1,A,q_자동차_04,타이어,생활서비스 중 '자동차'를 판매·제공하는 매장,val,자동차,T2 동의어,78a69d6e-f77d-4fb2-8e7c-352e535409ae,119타이어 송정점,타이어,임방울거리3구역 골목형상점가,골목형상점가,광주광역시,,,
202fa381b85961a1fc3a,full_annotation_v1,A,q_자동차_04,타이어,생활서비스 중 '자동차'를 판매·제공하는 매장,val,자동차,T2 동의어,03e53a2d-e76b-4a17-8a69-03a865ad073e,양산카서비스,타이어소매,양산호수공원 골목형상점가,골목형상점가,광주광역시,,,
4fccdc04202ddd43165a,full_annotation_v1,A,q_자동차_04,타이어,생활서비스 중 '자동차'를 판매·제공하는 매장,val,자동차,T2 동의어,267939d8-3fe2-4995-82c9-8f14347514cb,타이어 공임나라,타이어,31사단 골목형상점가,골목형상점가,광주광역시,,,
712c14f81a8e5adaedbb,full_annotation_v1,A,q_자동차_04,타이어,생활서비스 중 '자동차'를 판매·제공하는 매장,val,자동차,T2 동의어,4c59814c-6586-44f8-a66a-ca1e6446219d,타이어프로북광주점,타이어,본촌마을길 골목형상점가,골목형상점가,광주광역시,,,
130e46a97e954cb538ab,full_annotation_v1,A,q_자동차_04,타이어,생활서비스 중 '자동차'를 판매·제공하는 매장,val,자동차,T2 동의어,4a8a68b0-3b18-44c3-912b-812f3563c54b,타이어월드 상무점,타이어,마륵동상인회 골목형상점가,골목형상점가,광주광역시,,,
c9c465d80d56d42cd199,full_annotation_v1,A,q_자동차_04,타이어,생활서비스 중 '자동차'를 판매·제공하는 매장,val,자동차,T2 동의어,07799824-52aa-47ff-a0da-898f8edeaca8,상무카 세차장,세차,치평동1002상인회 골목형상점가,골목형상점가,광주광역시,,,
4520fe98a57ef5ea5b25,full_annotation_v1,A,q_자동차_04,타이어,생활서비스 중 '자동차'를 판매·제공하는 매장,val,자동차,T2 동의어,2fbd43b1-5ea7-405b-b482-1c1f7be8fa2a,용문상인,,산들마을 골목형상점가,골목형상점가,경기도,,,
4a5bd673aa4ff2805909,full_annotation_v1,A,q_자동차_04,타이어,생활서비스 중 '자동차'를 판매·제공하는 매장,val,자동차,T2 동의어,7d084f31-5140-45b6-af31-29eb3c86986e,더그릴,스테이크,남사한숲 골목형상점가,골목형상점가,경기도,,,
ea722cfe39989e1a0bcc,full_annotation_v1,A,q_자동차_04,타이어,생활서비스 중 '자동차'를 판매·제공하는 매장,val,자동차,T2 동의어,6ccd1f62-b5d9-4932-9503-430bf2255e6b,1등타이어하남점,타이어,흑석사거리 골목형상점가,골목형상점가,광주광역시,,,
b8b9a63ed2443e93cf88,full_annotation_v1,A,q_자동차_04,타이어,생활서비스 중 '자동차'를 판매·제공하는 매장,val,자동차,T2 동의어,00408c66-8a7e-4f20-896f-490885b394c8,애니카랜드 양산점,자동차 정비,금메달 양산택지로 골목형상점가,골목형상점가,광주광역시,,,
295de95919c85e83c4da,full_annotation_v1,A,q_자동차_04,타이어,생활서비스 중 '자동차'를 판매·제공하는 매장,val,자동차,T2 동의어,7e2bb972-e8b6-455c-bdf2-5e6c765b9e03,강남톱공구,철물및안전용품,영등포(시장)기계공구상가,자율상권구역,서울특별시,,,
5dafece719d47f062069,full_annotation_v1,A,q_자동차_04,타이어,생활서비스 중 '자동차'를 판매·제공하는 매장,val,자동차,T2 동의어,65a6ef8a-da06-483a-9055-07161431ea89,미쉐린타이어,타이어,예석 골목형상점가,골목형상점가,충청남도,,,
acd769f82193b8fc81d8,full_annotation_v1,A,q_자동차_04,타이어,생활서비스 중 '자동차'를 판매·제공하는 매장,val,자동차,T2 동의어,052df515-4724-4c04-a825-6448d0af9bf4,미래주유소,유류 자동차 관련 물품 세차,봉주 골목형상점가,골목형상점가,광주광역시,,,
ccf2b4b9d0670522bcec,full_annotation_v1,A,q_자동차_04,타이어,생활서비스 중 '자동차'를 판매·제공하는 매장,val,자동차,T2 동의어,bd61bd68-0c77-434a-944e-045209c88b6c,칠성떡집,,양동닭전길시장,전통시장,,,,
851b325b67d76286bd30,full_annotation_v1,A,q_자동차_04,타이어,생활서비스 중 '자동차'를 판매·제공하는 매장,val,자동차,T2 동의어,e6347b51-c6d0-4a6d-8c10-f9d065d9731e,BDM 본점,타이어,상무대로 골목형상점가,골목형상점가,광주광역시,,,
d05b5641d2a8f6b10099,full_annotation_v1,A,q_자동차_04,타이어,생활서비스 중 '자동차'를 판매·제공하는 매장,val,자동차,T2 동의어,95c6c82c-03ca-4810-854d-b43c876fdb3e,주노,도소매(의류),아트프라자,자율상권구역,서울특별시,,,
7dd9dffddd1a9e3cedea,full_annotation_v1,A,q_자동차_04,타이어,생활서비스 중 '자동차'를 판매·제공하는 매장,val,자동차,T2 동의어,13740acf-23f5-4c96-b13d-428bc41df657,타이어알지오,타이어,동림1 골목형상점가,골목형상점가,광주광역시,,,
f745d3d9595460954bdc,full_annotation_v1,A,q_자동차_04,타이어,생활서비스 중 '자동차'를 판매·제공하는 매장,val,자동차,T2 동의어,dd9e29d5-18cd-4f08-b3bc-1771a8263f3b,한국타이어오산대리점,타이어,오산원동상점가,골목형상점가,경기도,,,
e89761805cdbfb87eb3c,full_annotation_v1,A,q_자동차_04,타이어,생활서비스 중 '자동차'를 판매·제공하는 매장,val,자동차,T2 동의어,4aa50c87-fa7c-4e9e-9c9d-eb5f366f8cc1,조합타이어,타이어,본촌 하서로 골목형상점가,골목형상점가,광주광역시,,,
c3bc2fcdfda84e564878,full_annotation_v1,A,q_자동차_04,타이어,생활서비스 중 '자동차'를 판매·제공하는 매장,val,자동차,T2 동의어,d507a545-e93f-41d2-900f-ec5b6a0fa84d,피렐리타이어광주총판,타이어,농성누리상인회 골목형상점가,골목형상점가,광주광역시,,,
7e3d06186fd22975911c,full_annotation_v1,A,q_자동차_04,타이어,생활서비스 중 '자동차'를 판매·제공하는 매장,val,자동차,T2 동의어,6a16e8c2-fcc1-4279-bdfe-1786e4ec2baa,행복자동차,타이어,효자시장,전통시장,경상북도,,,
778370f6960e49347973,full_annotation_v1,A,q_자동차_04,타이어,생활서비스 중 '자동차'를 판매·제공하는 매장,val,자동차,T2 동의어,54cc624f-e754-4d9d-bbab-54a405859a85,속초식당,한식,졸락코지 골목형상점가,골목형상점가,제주특별자치도,,,
818535a1d796088337c7,full_annotation_v1,A,q_자동차_04,타이어,생활서비스 중 '자동차'를 판매·제공하는 매장,val,자동차,T2 동의어,ad8d83d2-cb91-4612-b5df-f63f51d02033,타이어베스트,타이어,송정 다누리 골목형상점가,골목형상점가,광주광역시,,,
2848d9a94da1b2817271,full_annotation_v1,A,q_자동차_04,타이어,생활서비스 중 '자동차'를 판매·제공하는 매장,val,자동차,T2 동의어,020368e8-f148-41e5-a918-1657220b912e,MS골드모터스,자동차정비,금메달 양산택지로 골목형상점가,골목형상점가,광주광역시,,,
cf76d2702bfbce664461,full_annotation_v1,A,q_자동차_04,타이어,생활서비스 중 '자동차'를 판매·제공하는 매장,val,자동차,T2 동의어,658aa501-59ce-41d4-ba26-605140db7e3d,타이어모터스,타이어,빛가람 호수로 골목형상점가,골목형상점가,전라남도,,,
f38461d8c8e88c2a6b0c,full_annotation_v1,A,q_자동차_04,타이어,생활서비스 중 '자동차'를 판매·제공하는 매장,val,자동차,T2 동의어,f25b8b3f-ec27-4af9-ad26-31acc2284ea4,타이어EDGE,타이어,본촌용두 골목형상점가,골목형상점가,광주광역시,,,
eec4fc619972518f3327,full_annotation_v1,A,q_자동차_04,타이어,생활서비스 중 '자동차'를 판매·제공하는 매장,val,자동차,T2 동의어,7cd6ba84-f03e-451a-ae54-5470c028d281,향미네,한식음식,원주중앙로문화의거리,자율상권구역,강원특별자치도,,,
d359252125ed8c5713c8,full_annotation_v1,A,q_자동차_04,타이어,생활서비스 중 '자동차'를 판매·제공하는 매장,val,자동차,T2 동의어,f274d3e7-24b8-4ce6-9722-d0a10ca0a1cd,빵야베이커리,제과점,태릉골목형상점가,골목형상점가,서울특별시,,,
b7ed9df638f68c3d80c5,full_annotation_v1,A,q_자동차_04,타이어,생활서비스 중 '자동차'를 판매·제공하는 매장,val,자동차,T2 동의어,f982a9c6-2d54-4aaf-9e4f-aa01f63fdab5,타이어조아,타이어,석세스,골목형상점가,광주광역시,,,
e6ddd398bc6277a89e49,full_annotation_v1,A,q_자동차_04,타이어,생활서비스 중 '자동차'를 판매·제공하는 매장,val,자동차,T2 동의어,66329f2c-7d9f-4740-9734-1133ee568e00,타이어메카,타이어,31사단 골목형상점가,골목형상점가,광주광역시,,,
89565927cc0226c6bcd6,full_annotation_v1,A,q_자동차_04,타이어,생활서비스 중 '자동차'를 판매·제공하는 매장,val,자동차,T2 동의어,8804884e-9d72-43de-887e-80327b71b76b,타이어프로 선운점,타이어,선운별 골목형상점가,골목형상점가,광주광역시,,,
3e44eb22c42125615a23,full_annotation_v1,A,q_자동차_04,타이어,생활서비스 중 '자동차'를 판매·제공하는 매장,val,자동차,T2 동의어,abc9d5d6-51b3-4531-8c8d-18da9fcf1bfa,라아Ⅱ,소매업(의류),수원영동시장,전통시장,경기도,,,
6a69b9e6656edb85882a,full_annotation_v1,A,q_자동차_04,타이어,생활서비스 중 '자동차'를 판매·제공하는 매장,val,자동차,T2 동의어,9ce2a1c9-5604-414d-88a7-fc1081a94885,승우식자재마트,식품,성내전통시장,전통시장,서울특별시,,,
a8e5708af5cec9a658e4,full_annotation_v1,A,q_자동차_04,타이어,생활서비스 중 '자동차'를 판매·제공하는 매장,val,자동차,T2 동의어,0065917f-8506-4309-a8dd-bd4415481501,타이어 할인점 가좌점,타이어,남이동길골목형상점가,골목형상점가,서울특별시,,,
92a049539a8b7e72d15e,full_annotation_v1,A,q_자동차_04,타이어,생활서비스 중 '자동차'를 판매·제공하는 매장,val,자동차,T2 동의어,021b75ff-e0ed-4fd4-b5e3-f41910253dd8,틴팅크루,자동차선팅,염주골상인회 골목형상점가,골목형상점가,광주광역시,,,
07235cdad791bb345ec6,full_annotation_v1,A,q_자동차_04,타이어,생활서비스 중 '자동차'를 판매·제공하는 매장,val,자동차,T2 동의어,79a85d22-1bf7-4b75-9be9-720cb8732b31,티스테이션,타이어,임방울대로 골목형상점가,골목형상점가,광주광역시,,,
bfe297d4af89352fc9de,full_annotation_v1,A,q_자동차_04,타이어,생활서비스 중 '자동차'를 판매·제공하는 매장,val,자동차,T2 동의어,09d7ede7-cc32-4f4d-8ccd-523c76541676,고잔자동차정비,"서비스도소매(자동차정비,자동차타이어)",도리섬상점가,자율상권구역,경기도,,,
d2538c57e1b4a0d4e6a3,full_annotation_v1,A,q_자동차_04,타이어,생활서비스 중 '자동차'를 판매·제공하는 매장,val,자동차,T2 동의어,3e3bf245-223b-4785-9e3f-bd0d8d52f997,다슬모터스,타이어,아랫장장평로상점가,자율상권구역,전라남도,,,
c5f53ee6a5f6c57f3a72,full_annotation_v1,A,q_자동차_04,타이어,생활서비스 중 '자동차'를 판매·제공하는 매장,val,자동차,T2 동의어,5e66c675-8c20-4993-97ee-2c93ea08f8c9,티스테이션,자동차 타이어,운암 예술 골목형상점가,골목형상점가,광주광역시,,,
735033f3732717715139,full_annotation_v1,A,q_자동차_04,타이어,생활서비스 중 '자동차'를 판매·제공하는 매장,val,자동차,T2 동의어,036ce424-36f8-4ff7-8bf5-28922acb83c9,우성카프라자,경정비,고성동벚꽃 골목형상점가,골목형상점가,대구광역시,,,
9c92aded6c2276c87751,full_annotation_v1,A,q_자동차_04,타이어,생활서비스 중 '자동차'를 판매·제공하는 매장,val,자동차,T2 동의어,90e0ddc5-5b20-40de-9995-cd8f711c74f9,타이어이카,타이어,자동차의거리,자율상권구역,광주광역시,,,
9cba1d8c7291e1027c3f,full_annotation_v1,A,q_자동차_04,타이어,생활서비스 중 '자동차'를 판매·제공하는 매장,val,자동차,T2 동의어,be661548-b800-4c7c-aec4-55a80ed0d837,타이어마트,타이어,흑석동 골목형상점가,골목형상점가,광주광역시,,,
3cada22547ccb4bf7376,full_annotation_v1,A,q_자동차_04,타이어,생활서비스 중 '자동차'를 판매·제공하는 매장,val,자동차,T2 동의어,8e1cd659-5b80-4511-9c03-583822ae3962,타타 타이어,타이어 자동차정비,두암초주변 골목형상점가,골목형상점가,광주광역시,,,
8d84ff578b09721ad0ae,full_annotation_v1,A,q_자동차_04,타이어,생활서비스 중 '자동차'를 판매·제공하는 매장,val,자동차,T2 동의어,cda624fc-bd47-4622-bd11-c74a130f5ccc,김찬석 타이어(광주중앙점),타이어,챔피언스거리 골목형상점가,골목형상점가,광주광역시,,,
9e1cd94eff65d0997c36,full_annotation_v1,A,q_자동차_04,타이어,생활서비스 중 '자동차'를 판매·제공하는 매장,val,자동차,T2 동의어,2df8ad5d-79b3-4765-bb69-e8a6258fb8f4,타이어맨,타이어 및 기타 경정비,한듬레포츠,골목형상점가,광주광역시,,,
54a0e39dfcea9087bff6,full_annotation_v1,A,q_자동차_04,타이어,생활서비스 중 '자동차'를 판매·제공하는 매장,val,자동차,T2 동의어,03661ed3-6d9c-45da-af0e-801f3a602206,최신카클리닉광택,광택내부세차,북구빛나는 골목형상점가,골목형상점가,광주광역시,,,
1782c49e0700b09f29f1,full_annotation_v1,A,q_자동차_04,타이어,생활서비스 중 '자동차'를 판매·제공하는 매장,val,자동차,T2 동의어,c4e28cf7-66f9-46ae-80ad-f81fed49f846,타이어월드 광주점,타이어,농성동벚꽃상인회 골목형상점가,골목형상점가,광주광역시,,,
97a961ff293876233f48,full_annotation_v1,A,q_자동차_04,타이어,생활서비스 중 '자동차'를 판매·제공하는 매장,val,자동차,T2 동의어,8323c17b-1386-479e-aa19-aacf925b601b,타이어천지 선운점,타이어,선운별 골목형상점가,골목형상점가,광주광역시,,,
439fa5a60f94eddc757d,full_annotation_v1,A,q_자동차_04,타이어,생활서비스 중 '자동차'를 판매·제공하는 매장,val,자동차,T2 동의어,accdce6b-28fc-4dbc-bda4-e803863dacd9,넥센타이어테크강남총판점,타이어,반드레길골목형상점가,골목형상점가,서울특별시,,,
905117b8300c95ee88a7,full_annotation_v1,A,q_자동차_04,타이어,생활서비스 중 '자동차'를 판매·제공하는 매장,val,자동차,T2 동의어,07631f84-e4b7-45f6-a4af-d96af7d9a2bc,맥카세차용품 24시본점,세차용품,창원 가음시장대상가,전통시장,경상남도,,,
2ce17d5765d6ffd118c9,full_annotation_v1,A,q_자동차_04,타이어,생활서비스 중 '자동차'를 판매·제공하는 매장,val,자동차,T2 동의어,d63d9a01-f6b9-469a-b749-5146dc4e394d,타이어체인지신가점,타이어,수등로 골목형상점가,골목형상점가,광주광역시,,,
0e54d49a1393a5fe2c72,full_annotation_v1,A,q_자동차_04,타이어,생활서비스 중 '자동차'를 판매·제공하는 매장,val,자동차,T2 동의어,cf5e37cd-1b61-46db-815e-96bcd826ec18,기아AUTOLAND광주타이어세터,타이어,상무1동아파트상인회 골목형상점가,골목형상점가,광주광역시,,,
f8a8611b2e4b9dffc1e9,full_annotation_v1,A,q_자동차_04,타이어,생활서비스 중 '자동차'를 판매·제공하는 매장,val,자동차,T2 동의어,007fca6d-f508-4b12-a082-dd7537eedc47,대민카공업사,정비,사강시장,전통시장,경기도,,,
80cee8f9e31c1fd46032,full_annotation_v1,A,q_자동차_04,타이어,생활서비스 중 '자동차'를 판매·제공하는 매장,val,자동차,T2 동의어,8564f0bb-b2c3-4281-a4e4-f038abf1c471,동성타이어할인점,타이어,고은상인회 골목형상점가,골목형상점가,광주광역시,,,
455f42d7cd8176e2f6d1,full_annotation_v1,A,q_자동차_04,타이어,생활서비스 중 '자동차'를 판매·제공하는 매장,val,자동차,T2 동의어,eac68cca-6ab2-44cf-8280-0b2cfcd10911,TP진월점,타이어,금당로 골목형상점가,골목형상점가,광주광역시,,,
eafa2336e9bbd0de21bb,full_annotation_v1,A,q_자동차_04,타이어,생활서비스 중 '자동차'를 판매·제공하는 매장,val,자동차,T2 동의어,417e30bf-2817-4bc6-b715-b9ffd7080dfa,한국타이어광주총판,타이어,설죽로 패션의거리 골목형상점가,골목형상점가,광주광역시,,,
76b8e6a8f840a0c22760,full_annotation_v1,A,q_자동차_04,타이어,생활서비스 중 '자동차'를 판매·제공하는 매장,val,자동차,T2 동의어,80c1f99e-7458-40d7-9723-7e891dba2a1f,용낙지,한식,태화십리대밭먹거리단지 상점가,자율상권구역,울산광역시,,,
9ac7d222d4280ecc5de2,full_annotation_v1,A,q_자동차_04,타이어,생활서비스 중 '자동차'를 판매·제공하는 매장,val,자동차,T2 동의어,5961de91-23b5-4600-9426-2cf1d5fcea0b,해양카서비스,타이어,마산어시장,전통시장,경상남도,,,
fcea191365fd5159fced,full_annotation_v1,A,q_자동차_04,타이어,생활서비스 중 '자동차'를 판매·제공하는 매장,val,자동차,T2 동의어,535bda6e-b43c-4b44-b9c9-7c415bb0e53a,타이어핏,타이어,상암마을상인회 골목형상점가,골목형상점가,광주광역시,,,
ab301b8c5867f8f9c30d,full_annotation_v1,A,q_자동차_04,타이어,생활서비스 중 '자동차'를 판매·제공하는 매장,val,자동차,T2 동의어,8a18cfd7-0177-4bde-891a-b515d353883b,캑터스 뱅 에스프레소,양식,마산 창동통합상가,자율상권구역,경상남도,,,
870a224ca54ea4a505ab,full_annotation_v1,A,q_자동차_04,타이어,생활서비스 중 '자동차'를 판매·제공하는 매장,val,자동차,T2 동의어,19721c59-5f9e-4fb3-9ad4-4849e2052f16,타이어뱅크 광주점,타이어,자동차의거리,자율상권구역,광주광역시,,,
4e8bb0871bdac595568b,full_annotation_v1,A,q_자동차_04,타이어,생활서비스 중 '자동차'를 판매·제공하는 매장,val,자동차,T2 동의어,0c9f6f01-99ed-429d-9f5f-2435a675b9f9,(주)타이어박스,타이어,산수오거리 골목형상점가,골목형상점가,광주광역시,,,
49de1b194a64d8e634f7,full_annotation_v1,A,q_자동차_05,자동차추천,생활서비스 중 '자동차'를 판매·제공하는 매장,val,자동차,T6 기계변형,a4c2f145-e663-4f9f-9267-4f6b0e6b5a05,아진,공예품,역전지하상가,일반지하상점가,대전광역시,,,
4a05578f10f0d73e1faf,full_annotation_v1,A,q_자동차_05,자동차추천,생활서비스 중 '자동차'를 판매·제공하는 매장,val,자동차,T6 기계변형,1a526355-4384-4b8b-9e39-97e8f69e835e,광주센추리,"냉방기기, 에어컨",풍향골 골목형상점가,골목형상점가,광주광역시,,,
bd775878878e5c0ce59b,full_annotation_v1,A,q_자동차_05,자동차추천,생활서비스 중 '자동차'를 판매·제공하는 매장,val,자동차,T6 기계변형,e570a8a1-c1ca-47c7-b1f8-21be49061d43,쏭카,자동차용품,오치서산초 골목형상점가,골목형상점가,광주광역시,,,
dc64536519c97b8ab03a,full_annotation_v1,A,q_자동차_05,자동차추천,생활서비스 중 '자동차'를 판매·제공하는 매장,val,자동차,T6 기계변형,5f5db23e-df4c-4db6-8b8d-ed4bffe0d70c,수림전기,자동차제어부품,산업용재관,전통시장,대구광역시,,,
e233d339833d7d1238e8,full_annotation_v1,A,q_자동차_05,자동차추천,생활서비스 중 '자동차'를 판매·제공하는 매장,val,자동차,T6 기계변형,09d7ede7-cc32-4f4d-8ccd-523c76541676,고잔자동차정비,"서비스도소매(자동차정비,자동차타이어)",도리섬상점가,자율상권구역,경기도,,,
deac454edb03541c11f2,full_annotation_v1,A,q_자동차_05,자동차추천,생활서비스 중 '자동차'를 판매·제공하는 매장,val,자동차,T6 기계변형,dc13ee07-97da-4ff6-a54d-da31c447c5b8,자동차종합병원,자동차 수리업,풍암신암상인회 골목형상점가,골목형상점가,광주광역시,,,
2b3758f63a30e52ae829,full_annotation_v1,A,q_자동차_05,자동차추천,생활서비스 중 '자동차'를 판매·제공하는 매장,val,자동차,T6 기계변형,1f3bd9b3-91ac-44a8-8043-87a3462bff1b,구름한조각,커피디저트,부여중앙시장,전통시장,충청남도,,,
39dc8d1863bd5a498d7b,full_annotation_v1,A,q_자동차_05,자동차추천,생활서비스 중 '자동차'를 판매·제공하는 매장,val,자동차,T6 기계변형,d917a57f-24d3-476b-87fe-0d4bc9f1e513,화이트모터스,자동차 수리 자동차 부품,장천동상가,자율상권구역,전라남도,,,
cf6bc92f0c6da933db15,full_annotation_v1,A,q_자동차_05,자동차추천,생활서비스 중 '자동차'를 판매·제공하는 매장,val,자동차,T6 기계변형,df518b6a-4214-4d77-94fb-50fcae4dbf0a,피트인&스팀브라더,자동차용품 자동차 내외장 관리,중산골 골목형상점가,골목형상점가,전북특별자치도,,,
abe04a921ce7d5834a3c,full_annotation_v1,A,q_자동차_05,자동차추천,생활서비스 중 '자동차'를 판매·제공하는 매장,val,자동차,T6 기계변형,f6e288d1-89dd-4036-b3ea-3c846e3a4a9b,고랩,자동차랩핑,김대중컨벤션상인회 골목형상점가,골목형상점가,광주광역시,,,
8b90cd83ad3458b8ac83,full_annotation_v1,A,q_자동차_05,자동차추천,생활서비스 중 '자동차'를 판매·제공하는 매장,val,자동차,T6 기계변형,2088f318-97b4-40df-b992-221e4a9c0364,SB모터스,자동차,두암2동면앙로 골목형상점가,골목형상점가,광주광역시,,,
e61f23067a84e75f16b8,full_annotation_v1,A,q_자동차_05,자동차추천,생활서비스 중 '자동차'를 판매·제공하는 매장,val,자동차,T6 기계변형,c0a91981-b4cc-450b-a08c-d4c7f59cb546,만도자동차,자동차수리,시청음식문화의거리 골목형상점가,골목형상점가,광주광역시,,,
eb610aee6dd1cb69f778,full_annotation_v1,A,q_자동차_05,자동차추천,생활서비스 중 '자동차'를 판매·제공하는 매장,val,자동차,T6 기계변형,07799824-52aa-47ff-a0da-898f8edeaca8,상무카 세차장,세차,치평동1002상인회 골목형상점가,골목형상점가,광주광역시,,,
5d3112e1f17cd6371441,full_annotation_v1,A,q_자동차_05,자동차추천,생활서비스 중 '자동차'를 판매·제공하는 매장,val,자동차,T6 기계변형,461c907d-01c2-46dc-9fbe-da39dcfed30d,양산자동차샵,자동차용품,양산호수공원 골목형상점가,골목형상점가,광주광역시,,,
08ceefc0faec0238df0e,full_annotation_v1,A,q_자동차_05,자동차추천,생활서비스 중 '자동차'를 판매·제공하는 매장,val,자동차,T6 기계변형,cc82393e-f83f-4fdc-840b-b0352b547637,남광상회,원단,서문시장 제1지구1층(직물시장),전통시장,대구광역시,,,
3f016f8606488a854e77,full_annotation_v1,A,q_자동차_05,자동차추천,생활서비스 중 '자동차'를 판매·제공하는 매장,val,자동차,T6 기계변형,0c9f6f01-99ed-429d-9f5f-2435a675b9f9,(주)타이어박스,타이어,산수오거리 골목형상점가,골목형상점가,광주광역시,,,
a8bd19498ca30b3aa45d,full_annotation_v1,A,q_자동차_05,자동차추천,생활서비스 중 '자동차'를 판매·제공하는 매장,val,자동차,T6 기계변형,39cdeddc-41d3-4156-92ea-bc79a7d71287,목행자동차병원,자동차수리,목행시장,전통시장,충청북도,,,
d16ce51312218569c337,full_annotation_v1,A,q_자동차_05,자동차추천,생활서비스 중 '자동차'를 판매·제공하는 매장,val,자동차,T6 기계변형,5cd3118f-e354-4e05-85f3-7d638d3e771b,치과라,치과,송정벚꽃골목형상점가,골목형상점가,서울특별시,,,
bd5638907dee3aa91568,full_annotation_v1,A,q_자동차_05,자동차추천,생활서비스 중 '자동차'를 판매·제공하는 매장,val,자동차,T6 기계변형,7d9d00b7-c6ac-4a27-b576-a62e88449c1d,하나중고,자동차중고부품,중흥자재거리 골목형상점가,골목형상점가,광주광역시,,,
e8a08835b830f10b93a8,full_annotation_v1,A,q_자동차_05,자동차추천,생활서비스 중 '자동차'를 판매·제공하는 매장,val,자동차,T6 기계변형,cdefbdb7-9b20-4391-b1ff-b3fc79f7a19d,자동차꾸미는집,자동차용품,건국다복 골목형상점가,골목형상점가,광주광역시,,,
24c70719392aa0da62fb,full_annotation_v1,A,q_자동차_05,자동차추천,생활서비스 중 '자동차'를 판매·제공하는 매장,val,자동차,T6 기계변형,7e5de563-2275-4d83-bdd6-056a5d45d82e,카차카,자동차 정비,박물관거리 골목형상점가,골목형상점가,전라남도,,,
0ae41eb057acd9090cd5,full_annotation_v1,A,q_자동차_05,자동차추천,생활서비스 중 '자동차'를 판매·제공하는 매장,val,자동차,T6 기계변형,806b36ac-3dfb-4507-8695-5746f9560db6,카트자동차용품,자동차 부품,충무자동차거리 상점가,자율상권구역,대전광역시,,,
15ab455c4df8128d6807,full_annotation_v1,A,q_자동차_05,자동차추천,생활서비스 중 '자동차'를 판매·제공하는 매장,val,자동차,T6 기계변형,65eacf4e-4f60-47d9-a0b9-3277a122d586,제주통돼지,고기류,화정문화의거리 골목형상점가,골목형상점가,경기도,,,
498c015eb7923f82ccd9,full_annotation_v1,A,q_자동차_05,자동차추천,생활서비스 중 '자동차'를 판매·제공하는 매장,val,자동차,T6 기계변형,b7265998-cb3f-4434-bfe0-625d7f5d670d,이륙자동차공업사,자동차 수리,매곡 사랑길 골목형상점가,골목형상점가,광주광역시,,,
fe14a9764882cd706c31,full_annotation_v1,A,q_자동차_05,자동차추천,생활서비스 중 '자동차'를 판매·제공하는 매장,val,자동차,T6 기계변형,d91dbccf-bb27-42e0-b55a-a6bb4516012f,모산할매보리밥,보리밥,천안중앙시장,전통시장,충청남도,,,
1808e7634579c1223804,full_annotation_v1,A,q_자동차_05,자동차추천,생활서비스 중 '자동차'를 판매·제공하는 매장,val,자동차,T6 기계변형,b7b90ef9-80b0-4636-bef2-2632a10779d1,청정카센타,자동차,임방울거리2구역 골목형상점가,골목형상점가,광주광역시,,,
6e81fee7350500b342b4,full_annotation_v1,A,q_자동차_05,자동차추천,생활서비스 중 '자동차'를 판매·제공하는 매장,val,자동차,T6 기계변형,07631f84-e4b7-45f6-a4af-d96af7d9a2bc,맥카세차용품 24시본점,세차용품,창원 가음시장대상가,전통시장,경상남도,,,
1fd6edb7347cbbbd827a,full_annotation_v1,A,q_자동차_05,자동차추천,생활서비스 중 '자동차'를 판매·제공하는 매장,val,자동차,T6 기계변형,08c877fc-e9d6-4f54-bd21-5efa86703ad2,남경자동차공업사,자동차,상무중앙공원상인회 골목형상점가,골목형상점가,광주광역시,,,
c22bd7cebbe7797d076f,full_annotation_v1,A,q_자동차_05,자동차추천,생활서비스 중 '자동차'를 판매·제공하는 매장,val,자동차,T6 기계변형,0364862c-7f49-4568-ae2c-a574255a8396,달구지모터스,자동차전문정비,광주역 복개로 골목형상점가,골목형상점가,광주광역시,,,
6ed7210bb58da8221db9,full_annotation_v1,A,q_자동차_05,자동차추천,생활서비스 중 '자동차'를 판매·제공하는 매장,val,자동차,T6 기계변형,052df515-4724-4c04-a825-6448d0af9bf4,미래주유소,유류 자동차 관련 물품 세차,봉주 골목형상점가,골목형상점가,광주광역시,,,
d6807a4d8bbd05193dd7,full_annotation_v1,A,q_자동차_05,자동차추천,생활서비스 중 '자동차'를 판매·제공하는 매장,val,자동차,T6 기계변형,177a6016-759b-474f-b15b-ea22d80d4455,광주대 카,자동차급정비,효덕마을 골목형상점가,골목형상점가,광주광역시,,,
58774f04c8ba3683059a,full_annotation_v1,A,q_자동차_05,자동차추천,생활서비스 중 '자동차'를 판매·제공하는 매장,val,자동차,T6 기계변형,61f79782-2328-48ca-8109-4763913a8dfa,황미정미소,쌀,삼익2차쇼핑 골목형상점가,골목형상점가,서울특별시,,,
3a754bd1fb67c73d3b0d,full_annotation_v1,A,q_자동차_05,자동차추천,생활서비스 중 '자동차'를 판매·제공하는 매장,val,자동차,T6 기계변형,1ad0f700-b5de-43da-8160-6eac38a5fbaf,트윈랩,자동차필름,중흥자재거리 골목형상점가,골목형상점가,광주광역시,,,
5808939ad34df6432495,full_annotation_v1,A,q_자동차_05,자동차추천,생활서비스 중 '자동차'를 판매·제공하는 매장,val,자동차,T6 기계변형,0065917f-8506-4309-a8dd-bd4415481501,타이어 할인점 가좌점,타이어,남이동길골목형상점가,골목형상점가,서울특별시,,,
843fec7fff468bc3c79a,full_annotation_v1,A,q_자동차_05,자동차추천,생활서비스 중 '자동차'를 판매·제공하는 매장,val,자동차,T6 기계변형,03e53a2d-e76b-4a17-8a69-03a865ad073e,양산카서비스,타이어소매,양산호수공원 골목형상점가,골목형상점가,광주광역시,,,
c313ca3c2069c0c37325,full_annotation_v1,A,q_자동차_05,자동차추천,생활서비스 중 '자동차'를 판매·제공하는 매장,val,자동차,T6 기계변형,bdcf3d97-547f-4947-8916-9360f1e7413e,푸른 자동차공업 사,자동차 정비,운암 금호 골목형상점가,골목형상점가,광주광역시,,,
2010f131f8f58b90c667,full_annotation_v1,A,q_자동차_05,자동차추천,생활서비스 중 '자동차'를 판매·제공하는 매장,val,자동차,T6 기계변형,be5bda30-13f4-43b7-9379-a28f00d6bbb4,한끼갤러리,반찬,환호그린빌시장,전통시장,경상북도,,,
3022b29e84fad190d913,full_annotation_v1,A,q_자동차_05,자동차추천,생활서비스 중 '자동차'를 판매·제공하는 매장,val,자동차,T6 기계변형,a801c00b-3a41-4978-9483-da3e6b808da8,삼협,자동차수리,목련 골목형상점가,골목형상점가,광주광역시,,,
bc9b37e29f12fa5ffb9e,full_annotation_v1,A,q_자동차_05,자동차추천,생활서비스 중 '자동차'를 판매·제공하는 매장,val,자동차,T6 기계변형,658628da-2e34-4627-b0ed-9552707eebed,동명자동차 정비타운,자동차정비,임방울거리3구역 골목형상점가,골목형상점가,광주광역시,,,
e6bb975079fb57cf1412,full_annotation_v1,A,q_자동차_05,자동차추천,생활서비스 중 '자동차'를 판매·제공하는 매장,val,자동차,T6 기계변형,281d02a6-6b49-47a7-b4ad-f5375bccfb79,다올홈패션,홈패션,안동시 대안로 골목형상점가,골목형상점가,경상북도,,,
20c8f41daa340637b10f,full_annotation_v1,A,q_자동차_05,자동차추천,생활서비스 중 '자동차'를 판매·제공하는 매장,val,자동차,T6 기계변형,007fca6d-f508-4b12-a082-dd7537eedc47,대민카공업사,정비,사강시장,전통시장,경기도,,,
4f746a15d79c2f1574f1,full_annotation_v1,A,q_자동차_05,자동차추천,생활서비스 중 '자동차'를 판매·제공하는 매장,val,자동차,T6 기계변형,0b0b771b-6092-4e22-80ba-ae284bf94cb6,오렌지 자동차공업사,자동차정비,송정사랑 골목형상점가,골목형상점가,광주광역시,,,
bfe71ad85e704994ac6f,full_annotation_v1,A,q_자동차_05,자동차추천,생활서비스 중 '자동차'를 판매·제공하는 매장,val,자동차,T6 기계변형,3dad5a10-ad1f-4d37-8c03-0d0ebae1c20d,카페오메가 (CAFE OMEGA),커피 및 음료,삼익2차쇼핑 골목형상점가,골목형상점가,서울특별시,,,
79dbc65920513a067d68,full_annotation_v1,A,q_자동차_05,자동차추천,생활서비스 중 '자동차'를 판매·제공하는 매장,val,자동차,T6 기계변형,03661ed3-6d9c-45da-af0e-801f3a602206,최신카클리닉광택,광택내부세차,북구빛나는 골목형상점가,골목형상점가,광주광역시,,,
ef7122e7e36559b7bfe4,full_annotation_v1,A,q_자동차_05,자동차추천,생활서비스 중 '자동차'를 판매·제공하는 매장,val,자동차,T6 기계변형,04ddb261-818a-481f-b130-0f5401a7aaf8,주식회사 타이어메카 화정점,자동차 타이어 및 튜브,화정역상인회 골목형상점가,골목형상점가,광주광역시,,,
1b288c1f40e1b7222820,full_annotation_v1,A,q_자동차_05,자동차추천,생활서비스 중 '자동차'를 판매·제공하는 매장,val,자동차,T6 기계변형,e22510f3-8a1a-4606-9d4f-295e627d7ef0,까치 자동차,,백운브릿지 골목형상점가,골목형상점가,광주광역시,,,
4e6f8c2b92ef8b900d30,full_annotation_v1,A,q_자동차_05,자동차추천,생활서비스 중 '자동차'를 판매·제공하는 매장,val,자동차,T6 기계변형,e27043bc-ef83-4dff-8414-69396e6d33f8,빵을 좋아하는 사람들,빵,전주신중앙시장(구 중앙버드나무시장),전통시장,전북특별자치도,,,
0471a43106a897d48ed3,full_annotation_v1,A,q_자동차_05,자동차추천,생활서비스 중 '자동차'를 판매·제공하는 매장,val,자동차,T6 기계변형,020368e8-f148-41e5-a918-1657220b912e,MS골드모터스,자동차정비,금메달 양산택지로 골목형상점가,골목형상점가,광주광역시,,,
2177c43c8de29715fd28,full_annotation_v1,A,q_자동차_05,자동차추천,생활서비스 중 '자동차'를 판매·제공하는 매장,val,자동차,T6 기계변형,31cb042b-4ec7-40c8-ac36-d619f48e97ee,일동자동차정비,자동차 용품,일곡동(제10지역:자연마을 전용주택단지) 골목형상점가,골목형상점가,광주광역시,,,
8a32c47dedc318a77ff7,full_annotation_v1,A,q_자동차_05,자동차추천,생활서비스 중 '자동차'를 판매·제공하는 매장,val,자동차,T6 기계변형,1ac2376d-6574-447d-9059-33f12e1bb964,123상회,자동차,산업용재관,전통시장,대구광역시,,,
c4c1e01dcdd2e5c59c73,full_annotation_v1,A,q_자동차_05,자동차추천,생활서비스 중 '자동차'를 판매·제공하는 매장,val,자동차,T6 기계변형,021b75ff-e0ed-4fd4-b5e3-f41910253dd8,틴팅크루,자동차선팅,염주골상인회 골목형상점가,골목형상점가,광주광역시,,,
7da1f7dad8a55ba4f769,full_annotation_v1,A,q_자동차_05,자동차추천,생활서비스 중 '자동차'를 판매·제공하는 매장,val,자동차,T6 기계변형,9998e42d-135d-4691-8f08-eba4a454471c,광신자동차엔진정비,자동차부품,무등로 신안 골목형상점가,골목형상점가,광주광역시,,,
7048ff8c54350c136690,full_annotation_v1,A,q_자동차_05,자동차추천,생활서비스 중 '자동차'를 판매·제공하는 매장,val,자동차,T6 기계변형,014c1872-bd85-4ebb-8eb6-aca626ce5a1e,빵빵썬팅,자동차썬팅,소촌금봉 골목형상점가,골목형상점가,광주광역시,,,
8680758e6be7bab35cc1,full_annotation_v1,A,q_자동차_05,자동차추천,생활서비스 중 '자동차'를 판매·제공하는 매장,val,자동차,T6 기계변형,b9556617-1447-46be-9236-c666cdcf6926,승기카센터,자동차,오치 쌍굴 골목형상점가,골목형상점가,광주광역시,,,
586f449cf416f086d839,full_annotation_v1,A,q_자동차_05,자동차추천,생활서비스 중 '자동차'를 판매·제공하는 매장,val,자동차,T6 기계변형,0106f4d5-7dea-41f3-a7f4-dc5d1e5dc184,대한카클리닉,자동차용품,포항 해도새록새로 골목형상점가,골목형상점가,경상북도,,,
f73044c1843f79232551,full_annotation_v1,A,q_자동차_05,자동차추천,생활서비스 중 '자동차'를 판매·제공하는 매장,val,자동차,T6 기계변형,00b23515-b272-48cb-badf-d32a87f1685b,마마24시마트,"농산물, 잡화",유천시장,전통시장,대전광역시,,,
fdd0c7e2476e6b756c10,full_annotation_v1,A,q_자동차_05,자동차추천,생활서비스 중 '자동차'를 판매·제공하는 매장,val,자동차,T6 기계변형,0405bac2-8f07-4ea9-a931-e8f992375b61,에스에스개러지,세차,선운별 골목형상점가,골목형상점가,광주광역시,,,
735bd58afbdf11a9d201,full_annotation_v1,A,q_자동차_05,자동차추천,생활서비스 중 '자동차'를 판매·제공하는 매장,val,자동차,T6 기계변형,7bf482ea-b3e9-4383-8695-6a12d3d0470d,신창현 자동차서비스,자동차수리,신창중 골목형상점가,골목형상점가,광주광역시,,,
72ee624c3796046e0c04,full_annotation_v1,A,q_자동차_05,자동차추천,생활서비스 중 '자동차'를 판매·제공하는 매장,val,자동차,T6 기계변형,036ce424-36f8-4ff7-8bf5-28922acb83c9,우성카프라자,경정비,고성동벚꽃 골목형상점가,골목형상점가,대구광역시,,,
4a4cd941c0619b1d5d14,full_annotation_v1,A,q_자동차_05,자동차추천,생활서비스 중 '자동차'를 판매·제공하는 매장,val,자동차,T6 기계변형,5ec06a77-dc93-457b-95dd-022ac02ffc66,하늘시스템,시스템에어컨,배곧상가,골목형상점가,경기도,,,
fff566dfcb64d3f4c20b,full_annotation_v1,A,q_자동차_05,자동차추천,생활서비스 중 '자동차'를 판매·제공하는 매장,val,자동차,T6 기계변형,00408c66-8a7e-4f20-896f-490885b394c8,애니카랜드 양산점,자동차 정비,금메달 양산택지로 골목형상점가,골목형상점가,광주광역시,,,
82005e369a58a1134dc4,full_annotation_v1,A,q_자동차_05,자동차추천,생활서비스 중 '자동차'를 판매·제공하는 매장,val,자동차,T6 기계변형,da8d0ae1-ede4-4b02-a8e2-38389b18ed8b,자연애마트,슈퍼,부곡시장,전통시장,부산광역시,,,
c03501ec685f938b7ef0,full_annotation_v1,A,q_자동차_05,자동차추천,생활서비스 중 '자동차'를 판매·제공하는 매장,val,자동차,T6 기계변형,b3d1f5c5-bbb0-467e-af47-a8dc016b12f1,지노카정비,타이어 자동차 용품 자동차 정비,공구의거리,자율상권구역,광주광역시,,,
8fa0be154017a8b10ae6,full_annotation_v1,A,q_자동차_05,자동차추천,생활서비스 중 '자동차'를 판매·제공하는 매장,val,자동차,T6 기계변형,8d9546e0-5da4-456d-8c1a-e3eb4779dec7,미래자동차공업사,자동차,유촌마을상인회 골목형상점가,골목형상점가,광주광역시,,,
e051c516e8d9bd7401b1,full_annotation_v1,A,q_자동차_05,자동차추천,생활서비스 중 '자동차'를 판매·제공하는 매장,val,자동차,T6 기계변형,4cc1fceb-b688-4d92-9d6a-14430dbc3573,훠링,자동차용품,충무자동차거리 상점가,자율상권구역,대전광역시,,,
48b4070e787e3963668b,full_annotation_v1,A,q_자동차_05,자동차추천,생활서비스 중 '자동차'를 판매·제공하는 매장,val,자동차,T6 기계변형,6e5910a3-bfb6-4b93-8b7c-e30c5358bbde,북부 자동차정비검사장 주식회사,자동차수리,"일곡동(제8지역:롯데,벽산,동아,삼호,월드스파)",골목형상점가,광주광역시,,,
a9b7507d452e90a286f6,full_annotation_v1,A,q_자동차_05,자동차추천,생활서비스 중 '자동차'를 판매·제공하는 매장,val,자동차,T6 기계변형,648b2f97-cf89-42d5-ab89-2bef5850cf6b,엉카,자동차수리,신안교 골목형상점가,골목형상점가,광주광역시,,,
29ee1e5da5d3c6e53a6f,full_annotation_v1,A,q_자동차_05,자동차추천,생활서비스 중 '자동차'를 판매·제공하는 매장,val,자동차,T6 기계변형,c047ff21-c205-4ffe-b28f-06f7c1017476,카라인 자동차용품점,자동차실내용품,설죽로 패션의거리 골목형상점가,골목형상점가,광주광역시,,,
c9e554f0242579d42d83,full_annotation_v1,A,q_자동차_05,자동차추천,생활서비스 중 '자동차'를 판매·제공하는 매장,val,자동차,T6 기계변형,a13a5aec-085b-42fa-9614-93408f1bb7a8,오션렌터카,자동차임대,중흥행복마을 골목형상점가,골목형상점가,광주광역시,,,
6f3d27ec5f227a2c16ba,full_annotation_v1,A,q_자동차_05,자동차추천,생활서비스 중 '자동차'를 판매·제공하는 매장,val,자동차,T6 기계변형,6b825c62-9391-49d9-8ff8-56f64c93252e,카스팟,자동차튜닝,양산동 행복 골목형상점가,골목형상점가,광주광역시,,,
02fe243b7fa8eedb6d0b,full_annotation_v1,A,q_자동차_05,자동차추천,생활서비스 중 '자동차'를 판매·제공하는 매장,val,자동차,T6 기계변형,aa2acb20-af1c-4a95-a340-40082cc056ed,빨간자동차,자동차블랙박스,금당산길상인회 골목형상점가,골목형상점가,광주광역시,,,
d35909d4a9ea6a876762,full_annotation_v1,A,q_자동차_05,자동차추천,생활서비스 중 '자동차'를 판매·제공하는 매장,val,자동차,T6 기계변형,bad4e94e-60a2-42ce-b298-15944caf4bf2,만덕자동차공사,자동차수리,용봉전대상대 골목형상점가,골목형상점가,광주광역시,,,
c5e6de3968d0036e7858,full_annotation_v1,A,q_자동차_05,자동차추천,생활서비스 중 '자동차'를 판매·제공하는 매장,val,자동차,T6 기계변형,be8ab6ee-bfac-4e69-b729-feda4e7ba625,교촌치킨(첨단2호점),치킨,첨단지구 골목형상점가,골목형상점가,광주광역시,,,
d1fd7eea10a26ee55fac,full_annotation_v1,A,q_자동차_06,자동타,생활서비스 중 '자동차'를 판매·제공하는 매장,val,자동차,T6 기계변형,32597a1a-0d4f-4fdd-98be-41ef69c3c5f4,한솔카센타,자동차정비,금호푸른상인회 골목형상점가,골목형상점가,광주광역시,,,
9a77e887d9905b9f2813,full_annotation_v1,A,q_자동차_06,자동타,생활서비스 중 '자동차'를 판매·제공하는 매장,val,자동차,T6 기계변형,0364862c-7f49-4568-ae2c-a574255a8396,달구지모터스,자동차전문정비,광주역 복개로 골목형상점가,골목형상점가,광주광역시,,,
dc003fbb3e2f48425c29,full_annotation_v1,A,q_자동차_06,자동타,생활서비스 중 '자동차'를 판매·제공하는 매장,val,자동차,T6 기계변형,d036ee97-5621-4372-b1e1-75fc65b69f91,신호휠타,자동차부품,추억담은광주역뒷길 골목형상점가,골목형상점가,광주광역시,,,
099dcc4b7f7c5b55c88b,full_annotation_v1,A,q_자동차_06,자동타,생활서비스 중 '자동차'를 판매·제공하는 매장,val,자동차,T6 기계변형,c5e49c97-88c2-4743-8355-419911b6e288,오토마스타,자동차 정비,동오마을골목형상점가,골목형상점가,경기도,,,
c6837449663880311c4a,full_annotation_v1,A,q_자동차_06,자동타,생활서비스 중 '자동차'를 판매·제공하는 매장,val,자동차,T6 기계변형,d917a57f-24d3-476b-87fe-0d4bc9f1e513,화이트모터스,자동차 수리 자동차 부품,장천동상가,자율상권구역,전라남도,,,
dfc843ebc05d7c531d3b,full_annotation_v1,A,q_자동차_06,자동타,생활서비스 중 '자동차'를 판매·제공하는 매장,val,자동차,T6 기계변형,0c9f6f01-99ed-429d-9f5f-2435a675b9f9,(주)타이어박스,타이어,산수오거리 골목형상점가,골목형상점가,광주광역시,,,
23a9ac5a03594b2b68ba,full_annotation_v1,A,q_자동차_06,자동타,생활서비스 중 '자동차'를 판매·제공하는 매장,val,자동차,T6 기계변형,b7b90ef9-80b0-4636-bef2-2632a10779d1,청정카센타,자동차,임방울거리2구역 골목형상점가,골목형상점가,광주광역시,,,
df86ffb64e199dbf12e3,full_annotation_v1,A,q_자동차_06,자동타,생활서비스 중 '자동차'를 판매·제공하는 매장,val,자동차,T6 기계변형,21d9c559-3c25-4cd7-90f0-8cd5f0936b82,우정카센타,자동차증합수리,중문로 골목형상점가,골목형상점가,광주광역시,,,
34dc251ad5e8255bf0c1,full_annotation_v1,A,q_자동차_06,자동타,생활서비스 중 '자동차'를 판매·제공하는 매장,val,자동차,T6 기계변형,07631f84-e4b7-45f6-a4af-d96af7d9a2bc,맥카세차용품 24시본점,세차용품,창원 가음시장대상가,전통시장,경상남도,,,
7c3a8107d287b12d51b5,full_annotation_v1,A,q_자동차_06,자동타,생활서비스 중 '자동차'를 판매·제공하는 매장,val,자동차,T6 기계변형,4b8c1ad3-e840-4ffc-9787-7ceef8efb356,친구카센타,자동차수리,본촌 사랑마을 골목형상점가,골목형상점가,광주광역시,,,
25d4ed3c19c015c2113a,full_annotation_v1,A,q_자동차_06,자동타,생활서비스 중 '자동차'를 판매·제공하는 매장,val,자동차,T6 기계변형,1ad0f700-b5de-43da-8160-6eac38a5fbaf,트윈랩,자동차필름,중흥자재거리 골목형상점가,골목형상점가,광주광역시,,,
2f637d912838f78f7928,full_annotation_v1,A,q_자동차_06,자동타,생활서비스 중 '자동차'를 판매·제공하는 매장,val,자동차,T6 기계변형,dc13ee07-97da-4ff6-a54d-da31c447c5b8,자동차종합병원,자동차 수리업,풍암신암상인회 골목형상점가,골목형상점가,광주광역시,,,
8898e3b8765a444b2e8e,full_annotation_v1,A,q_자동차_06,자동타,생활서비스 중 '자동차'를 판매·제공하는 매장,val,자동차,T6 기계변형,1eb171d8-e1fd-43ec-b709-4339381cdc5d,호남카센타,자동차 수리,소촌중앙 골목형상점가,골목형상점가,광주광역시,,,
851f1e07508a2d0c1c3b,full_annotation_v1,A,q_자동차_06,자동타,생활서비스 중 '자동차'를 판매·제공하는 매장,val,자동차,T6 기계변형,014c1872-bd85-4ebb-8eb6-aca626ce5a1e,빵빵썬팅,자동차썬팅,소촌금봉 골목형상점가,골목형상점가,광주광역시,,,
b773258632417f192ccc,full_annotation_v1,A,q_자동차_06,자동타,생활서비스 중 '자동차'를 판매·제공하는 매장,val,자동차,T6 기계변형,8433716f-ca06-4f8d-8980-4609a36f309b,미래카센타,자동차 정비,오케이 양산동 골목형상점가,골목형상점가,광주광역시,,,
576f97a55c2a93305001,full_annotation_v1,A,q_자동차_06,자동타,생활서비스 중 '자동차'를 판매·제공하는 매장,val,자동차,T6 기계변형,fce15069-4a95-4d89-8d47-6a6d96482d48,동우카센타,자동차정비,백운진다리 골목형상점가,골목형상점가,광주광역시,,,
ad87cc611751f2713cd0,full_annotation_v1,A,q_자동차_06,자동타,생활서비스 중 '자동차'를 판매·제공하는 매장,val,자동차,T6 기계변형,03661ed3-6d9c-45da-af0e-801f3a602206,최신카클리닉광택,광택내부세차,북구빛나는 골목형상점가,골목형상점가,광주광역시,,,
c0920f462c2307b82e86,full_annotation_v1,A,q_자동차_06,자동타,생활서비스 중 '자동차'를 판매·제공하는 매장,val,자동차,T6 기계변형,86614988-e60f-4681-913c-bc4a0803b660,명동타운,의류,경안전통시장,전통시장,경기도,,,
94e12d2ef364c38f0730,full_annotation_v1,A,q_자동차_06,자동타,생활서비스 중 '자동차'를 판매·제공하는 매장,val,자동차,T6 기계변형,6f55a558-9679-4683-ac71-f26d01b9970c,양래유통,도소매(건어물),서울중부시장,전통시장,서울특별시,,,
96aed1ae5fcb48e4bc76,full_annotation_v1,A,q_자동차_06,자동타,생활서비스 중 '자동차'를 판매·제공하는 매장,val,자동차,T6 기계변형,8ebe81ff-7e53-4a34-9470-8b4fbbb5f92e,소담식당,한식,금빛탄천 골목형상점가,골목형상점가,충청남도,,,
d08e31d70fed34b05d34,full_annotation_v1,A,q_자동차_06,자동타,생활서비스 중 '자동차'를 판매·제공하는 매장,val,자동차,T6 기계변형,04ddb261-818a-481f-b130-0f5401a7aaf8,주식회사 타이어메카 화정점,자동차 타이어 및 튜브,화정역상인회 골목형상점가,골목형상점가,광주광역시,,,
e939939d13e0f9e12794,full_annotation_v1,A,q_자동차_06,자동타,생활서비스 중 '자동차'를 판매·제공하는 매장,val,자동차,T6 기계변형,1422dae7-1c44-4828-b574-146a225ee08d,삼기카센타,자동차정비,"우산주공1,2단지 골목형상점가",골목형상점가,광주광역시,,,
1cfe8de4fd6fc1abf7fe,full_annotation_v1,A,q_자동차_06,자동타,생활서비스 중 '자동차'를 판매·제공하는 매장,val,자동차,T6 기계변형,10b9430f-42c9-4a01-bf3c-fab0dfc62f00,조은카센타,자동차수리,송도용보 골목형상점가,골목형상점가,광주광역시,,,
6ed5ab54984514d9199e,full_annotation_v1,A,q_자동차_06,자동타,생활서비스 중 '자동차'를 판매·제공하는 매장,val,자동차,T6 기계변형,09d7ede7-cc32-4f4d-8ccd-523c76541676,고잔자동차정비,"서비스도소매(자동차정비,자동차타이어)",도리섬상점가,자율상권구역,경기도,,,
9d1c346c5660e0d90465,full_annotation_v1,A,q_자동차_06,자동타,생활서비스 중 '자동차'를 판매·제공하는 매장,val,자동차,T6 기계변형,0c37e37f-d39d-4854-9661-74d177158efa,은혜카센타,자동차정비,삼각동 골목형상점가,골목형상점가,광주광역시,,,
f0350d727fac8d7bd6e1,full_annotation_v1,A,q_자동차_06,자동타,생활서비스 중 '자동차'를 판매·제공하는 매장,val,자동차,T6 기계변형,208f05bc-da0a-42a6-bfa0-4006c4344b1c,부산수산,수산,신산격종합시장 골목형상점가,골목형상점가,대구광역시,,,
1544f9207b3c3f3983d8,full_annotation_v1,A,q_자동차_06,자동타,생활서비스 중 '자동차'를 판매·제공하는 매장,val,자동차,T6 기계변형,4dc6dcc0-08bf-48ce-a016-c75c4e64780a,일공사104,의류,동산상가,전통시장,대구광역시,,,
123e4341d33cafc4ac8b,full_annotation_v1,A,q_자동차_06,자동타,생활서비스 중 '자동차'를 판매·제공하는 매장,val,자동차,T6 기계변형,aaa08e28-782d-4325-b216-44a9a4237c77,현대CT카센타,자동차 정비,우림맛솜씨길골목형상점가,골목형상점가,서울특별시,,,
9b584489b151c437c09c,full_annotation_v1,A,q_자동차_06,자동타,생활서비스 중 '자동차'를 판매·제공하는 매장,val,자동차,T6 기계변형,2dac1da4-a7f3-4430-acf8-d828ec606f37,동화카센타,자동차정비,서구청먹자골목상인회 골목형상점가,골목형상점가,광주광역시,,,
88f04cf4c13f56390b03,full_annotation_v1,A,q_자동차_06,자동타,생활서비스 중 '자동차'를 판매·제공하는 매장,val,자동차,T6 기계변형,402a217a-287e-4075-b00f-d28302483e3e,코리아카센타,자동차 정비,임방울거리3구역 골목형상점가,골목형상점가,광주광역시,,,
5c6bf3a20db69b6da8b7,full_annotation_v1,A,q_자동차_06,자동타,생활서비스 중 '자동차'를 판매·제공하는 매장,val,자동차,T6 기계변형,8aaba9a0-9d51-4ad1-b0c8-9db04785d93f,재성카센타,자동차타이어 자동차정비,농성누리상인회 골목형상점가,골목형상점가,광주광역시,,,
70ae533ac7389f6aa05d,full_annotation_v1,A,q_자동차_06,자동타,생활서비스 중 '자동차'를 판매·제공하는 매장,val,자동차,T6 기계변형,51a59b66-76bd-4485-99d2-b17ab3c52049,월드와이,의류잡화,삼성시장(구 음성삼성시장),전통시장,충청북도,,,
d8f91eefa160e61d8b1d,full_annotation_v1,A,q_자동차_06,자동타,생활서비스 중 '자동차'를 판매·제공하는 매장,val,자동차,T6 기계변형,0065917f-8506-4309-a8dd-bd4415481501,타이어 할인점 가좌점,타이어,남이동길골목형상점가,골목형상점가,서울특별시,,,
b782416a7350d465ed1c,full_annotation_v1,A,q_자동차_06,자동타,생활서비스 중 '자동차'를 판매·제공하는 매장,val,자동차,T6 기계변형,025d944b-0163-4ef0-982c-8154ca1a74cd,향토찌짐,분식,달서시장,전통시장,대구광역시,,,
220c55898f0199a2ec3b,full_annotation_v1,A,q_자동차_06,자동타,생활서비스 중 '자동차'를 판매·제공하는 매장,val,자동차,T6 기계변형,177a6016-759b-474f-b15b-ea22d80d4455,광주대 카,자동차급정비,효덕마을 골목형상점가,골목형상점가,광주광역시,,,
a8f2b204ea32e61b2c8d,full_annotation_v1,A,q_자동차_06,자동타,생활서비스 중 '자동차'를 판매·제공하는 매장,val,자동차,T6 기계변형,8f375b83-f9ad-4bda-867d-b2b9bc71078c,휴베이스서천백제약국,의료기 양약,서천시장거리 골목형상점가,골목형상점가,충청남도,,,
4e65f8587c4c893c5398,full_annotation_v1,A,q_자동차_06,자동타,생활서비스 중 '자동차'를 판매·제공하는 매장,val,자동차,T6 기계변형,03e53a2d-e76b-4a17-8a69-03a865ad073e,양산카서비스,타이어소매,양산호수공원 골목형상점가,골목형상점가,광주광역시,,,
ffff34a9147e6dfc3085,full_annotation_v1,A,q_자동차_06,자동타,생활서비스 중 '자동차'를 판매·제공하는 매장,val,자동차,T6 기계변형,9da4d45f-e991-41cc-b7a2-aae90fd858e0,시영음악학원,피아노,하남 골목형상점가,골목형상점가,광주광역시,,,
ceecdc1e2d4f27a74538,full_annotation_v1,A,q_자동차_06,자동타,생활서비스 중 '자동차'를 판매·제공하는 매장,val,자동차,T6 기계변형,29c310b6-68ef-439e-9281-74ab5562cb60,GS25마장스타점,마트,마장축산물시장,전통시장,서울특별시,,,
3d344421a3ac201a43bd,full_annotation_v1,A,q_자동차_06,자동타,생활서비스 중 '자동차'를 판매·제공하는 매장,val,자동차,T6 기계변형,85621d9a-01e4-455b-a600-b7447c520b35,주식회사우성농산,"계란, 쌀",오정동상점가,자율상권구역,대전광역시,,,
5af240763f32c0d634c8,full_annotation_v1,A,q_자동차_06,자동타,생활서비스 중 '자동차'를 판매·제공하는 매장,val,자동차,T6 기계변형,cdefbdb7-9b20-4391-b1ff-b3fc79f7a19d,자동차꾸미는집,자동차용품,건국다복 골목형상점가,골목형상점가,광주광역시,,,
cba8167c701031102054,full_annotation_v1,A,q_자동차_06,자동타,생활서비스 중 '자동차'를 판매·제공하는 매장,val,자동차,T6 기계변형,0106f4d5-7dea-41f3-a7f4-dc5d1e5dc184,대한카클리닉,자동차용품,포항 해도새록새로 골목형상점가,골목형상점가,경상북도,,,
d6780bfc6a5a5477d185,full_annotation_v1,A,q_자동차_06,자동타,생활서비스 중 '자동차'를 판매·제공하는 매장,val,자동차,T6 기계변형,881238a4-2125-4a7d-b54a-4eca2d31ba1e,정상카센타,자동차정비,문흥동대천로 골목형상점가,골목형상점가,광주광역시,,,
48ec24825e1cd12eb891,full_annotation_v1,A,q_자동차_06,자동타,생활서비스 중 '자동차'를 판매·제공하는 매장,val,자동차,T6 기계변형,07799824-52aa-47ff-a0da-898f8edeaca8,상무카 세차장,세차,치평동1002상인회 골목형상점가,골목형상점가,광주광역시,,,
6e019760489967318b62,full_annotation_v1,A,q_자동차_06,자동타,생활서비스 중 '자동차'를 판매·제공하는 매장,val,자동차,T6 기계변형,ffbeb5a4-2621-4bfb-b136-2807f4ef114d,에이든헤어,두발미용,성덕중사거리,골목형상점가,광주광역시,,,
576946028e4aa961a2ae,full_annotation_v1,A,q_자동차_06,자동타,생활서비스 중 '자동차'를 판매·제공하는 매장,val,자동차,T6 기계변형,c3e1800e-df6a-4545-a12c-4ff15e388a81,명문정보통신,휴대폰,홍도동 상점가,자율상권구역,대전광역시,,,
ab1190f4e036dfb46087,full_annotation_v1,A,q_자동차_06,자동타,생활서비스 중 '자동차'를 판매·제공하는 매장,val,자동차,T6 기계변형,021b75ff-e0ed-4fd4-b5e3-f41910253dd8,틴팅크루,자동차선팅,염주골상인회 골목형상점가,골목형상점가,광주광역시,,,
00be7d57ea349b187076,full_annotation_v1,A,q_자동차_06,자동타,생활서비스 중 '자동차'를 판매·제공하는 매장,val,자동차,T6 기계변형,859cec86-6a05-405e-bf30-596495473004,미동타올,의류,㈜여수중앙시장,전통시장,전라남도,,,
baffb83607a1937a5373,full_annotation_v1,A,q_자동차_06,자동타,생활서비스 중 '자동차'를 판매·제공하는 매장,val,자동차,T6 기계변형,5c93ba4a-c93e-4c04-950d-64857fc47a46,유성식육점,식육,무안전통시장,전통시장,전라남도,,,
39bf042cbf5dcd507683,full_annotation_v1,A,q_자동차_06,자동타,생활서비스 중 '자동차'를 판매·제공하는 매장,val,자동차,T6 기계변형,10324793-d4d2-4ea7-9456-701f2f5bf7a7,코끼리카센타,자동차 수리,봉선먹자골목 골목형상점가,골목형상점가,광주광역시,,,
cfe350512ba62929816d,full_annotation_v1,A,q_자동차_06,자동타,생활서비스 중 '자동차'를 판매·제공하는 매장,val,자동차,T6 기계변형,68b06b81-0e3f-4da4-9d98-e34bb2c51ca4,화정카 마스타,자동차 정비,상공회의소누리상인회 골목형상점가,골목형상점가,광주광역시,,,
eeea99b2b075156f765d,full_annotation_v1,A,q_자동차_06,자동타,생활서비스 중 '자동차'를 판매·제공하는 매장,val,자동차,T6 기계변형,052df515-4724-4c04-a825-6448d0af9bf4,미래주유소,유류 자동차 관련 물품 세차,봉주 골목형상점가,골목형상점가,광주광역시,,,
308b79d5e2c0c20ef919,full_annotation_v1,A,q_자동차_06,자동타,생활서비스 중 '자동차'를 판매·제공하는 매장,val,자동차,T6 기계변형,bdcf3d97-547f-4947-8916-9360f1e7413e,푸른 자동차공업 사,자동차 정비,운암 금호 골목형상점가,골목형상점가,광주광역시,,,
98513389542d6416d4c8,full_annotation_v1,A,q_자동차_06,자동타,생활서비스 중 '자동차'를 판매·제공하는 매장,val,자동차,T6 기계변형,d45efd1c-28de-4e2e-8b1d-a485ead2275d,오토카센타,자동차 수리,연제주공 골목형상점가,골목형상점가,광주광역시,,,
db044308af3bcdbfe713,full_annotation_v1,A,q_자동차_06,자동타,생활서비스 중 '자동차'를 판매·제공하는 매장,val,자동차,T6 기계변형,ee55d57e-3007-4c7f-ad21-c911a89437bd,한빛이동통신,휴대폰,둔산3동상점가,자율상권구역,대전광역시,,,
ce325c9dd7456307eeb9,full_annotation_v1,A,q_자동차_06,자동타,생활서비스 중 '자동차'를 판매·제공하는 매장,val,자동차,T6 기계변형,c5ef19f8-d0e0-4031-b447-af1c9726787d,이정카센타,자동차 정비,두암2동 도로변 골목형상점가,골목형상점가,광주광역시,,,
ae68cfce75fde956898d,full_annotation_v1,A,q_자동차_06,자동타,생활서비스 중 '자동차'를 판매·제공하는 매장,val,자동차,T6 기계변형,c047ff21-c205-4ffe-b28f-06f7c1017476,카라인 자동차용품점,자동차실내용품,설죽로 패션의거리 골목형상점가,골목형상점가,광주광역시,,,
2b6013f0503dd3169d05,full_annotation_v1,A,q_자동차_06,자동타,생활서비스 중 '자동차'를 판매·제공하는 매장,val,자동차,T6 기계변형,0405bac2-8f07-4ea9-a931-e8f992375b61,에스에스개러지,세차,선운별 골목형상점가,골목형상점가,광주광역시,,,
8a28e2d1b7c5d4a3f464,full_annotation_v1,A,q_자동차_06,자동타,생활서비스 중 '자동차'를 판매·제공하는 매장,val,자동차,T6 기계변형,c402dc05-4f48-4de9-8d58-d4b318f7e602,예지언어심리연구소,아동상담 언어재활,풍동3골목형상점가,골목형상점가,경기도,,,
6358becce734aef8d17e,full_annotation_v1,A,q_자동차_06,자동타,생활서비스 중 '자동차'를 판매·제공하는 매장,val,자동차,T6 기계변형,007fca6d-f508-4b12-a082-dd7537eedc47,대민카공업사,정비,사강시장,전통시장,경기도,,,
b7eaa199b9ce99d8c8f9,full_annotation_v1,A,q_자동차_06,자동타,생활서비스 중 '자동차'를 판매·제공하는 매장,val,자동차,T6 기계변형,e22510f3-8a1a-4606-9d4f-295e627d7ef0,까치 자동차,,백운브릿지 골목형상점가,골목형상점가,광주광역시,,,
64fb5f4c1dfbfdaf3c4e,full_annotation_v1,A,q_자동차_06,자동타,생활서비스 중 '자동차'를 판매·제공하는 매장,val,자동차,T6 기계변형,f6e288d1-89dd-4036-b3ea-3c846e3a4a9b,고랩,자동차랩핑,김대중컨벤션상인회 골목형상점가,골목형상점가,광주광역시,,,
0a6d0ec127b638463143,full_annotation_v1,A,q_자동차_06,자동타,생활서비스 중 '자동차'를 판매·제공하는 매장,val,자동차,T6 기계변형,e3d2aac3-f6df-4f39-a2f9-cbf9c700a790,애끼카센타,자동차정비,봉산동 골목형상점가,골목형상점가,대전광역시,,,
a569491d9b36ad6961f9,full_annotation_v1,A,q_자동차_06,자동타,생활서비스 중 '자동차'를 판매·제공하는 매장,val,자동차,T6 기계변형,a13a5aec-085b-42fa-9614-93408f1bb7a8,오션렌터카,자동차임대,중흥행복마을 골목형상점가,골목형상점가,광주광역시,,,
fef4eaf90ca0aa03f8ab,full_annotation_v1,A,q_자동차_06,자동타,생활서비스 중 '자동차'를 판매·제공하는 매장,val,자동차,T6 기계변형,c67b8e51-c6de-4c01-928f-cac914ea8edc,현대카센타,자동차 정비,송정역카페거리골목형상점가,골목형상점가,서울특별시,,,
b36b8c112d81d27f4375,full_annotation_v1,A,q_자동차_06,자동타,생활서비스 중 '자동차'를 판매·제공하는 매장,val,자동차,T6 기계변형,020368e8-f148-41e5-a918-1657220b912e,MS골드모터스,자동차정비,금메달 양산택지로 골목형상점가,골목형상점가,광주광역시,,,
9211324115e2ba845415,full_annotation_v1,A,q_자동차_06,자동타,생활서비스 중 '자동차'를 판매·제공하는 매장,val,자동차,T6 기계변형,00408c66-8a7e-4f20-896f-490885b394c8,애니카랜드 양산점,자동차 정비,금메달 양산택지로 골목형상점가,골목형상점가,광주광역시,,,
1683ce6172ba762f1929,full_annotation_v1,A,q_자동차_06,자동타,생활서비스 중 '자동차'를 판매·제공하는 매장,val,자동차,T6 기계변형,f40e160a-b884-48bf-8a96-5fb508707ea8,동타이,마사지,지범골목먹거리타운 골목형상점가,골목형상점가,대구광역시,,,
f1bf4868567a11ca73c6,full_annotation_v1,A,q_자동차_06,자동타,생활서비스 중 '자동차'를 판매·제공하는 매장,val,자동차,T6 기계변형,a46567f5-be54-49e3-a087-08d46af162d2,대창카센타,자동차 정 비,송하동 골목형상점가,골목형상점가,광주광역시,,,
b03c194d2d99d2d2c8d6,full_annotation_v1,A,q_자동차_06,자동타,생활서비스 중 '자동차'를 판매·제공하는 매장,val,자동차,T6 기계변형,12b9a0cc-65b0-4b20-8c06-789b1873711e,아이하우스안경원,안경,풍동3골목형상점가,골목형상점가,경기도,,,
e6941d2bb22a857f6460,full_annotation_v1,A,q_자동차_06,자동타,생활서비스 중 '자동차'를 판매·제공하는 매장,val,자동차,T6 기계변형,461c907d-01c2-46dc-9fbe-da39dcfed30d,양산자동차샵,자동차용품,양산호수공원 골목형상점가,골목형상점가,광주광역시,,,
b0770f2a69d392d90609,full_annotation_v1,A,q_자동차_06,자동타,생활서비스 중 '자동차'를 판매·제공하는 매장,val,자동차,T6 기계변형,32a1fa09-b0ec-4733-b99f-22bd478edce7,포남카센타,자동차정비,포남용마거리골목형상점가,골목형상점가,강원특별자치도,,,
155269540fe980bf3850,full_annotation_v1,A,q_자동차_06,자동타,생활서비스 중 '자동차'를 판매·제공하는 매장,val,자동차,T6 기계변형,036ce424-36f8-4ff7-8bf5-28922acb83c9,우성카프라자,경정비,고성동벚꽃 골목형상점가,골목형상점가,대구광역시,,,
c67c59bc1c547038e4c4,full_annotation_v1,A,q_잡화_01,모자,패션·잡화 중 '잡화'를 판매·제공하는 매장,train,잡화,T2 동의어,24240b6f-7ea7-4ac3-b71a-db4d1e64668a,대구모자,모자,서문시장아진상가,전통시장,대구광역시,,,
9df8c069b15525e70c0e,full_annotation_v1,A,q_잡화_01,모자,패션·잡화 중 '잡화'를 판매·제공하는 매장,train,잡화,T2 동의어,35b1b54c-bffb-4802-9b03-0b624c0ed5ce,부산모자,모자,부산진시장,전통시장,부산광역시,,,
7b6b104565117c560e68,full_annotation_v1,A,q_잡화_01,모자,패션·잡화 중 '잡화'를 판매·제공하는 매장,train,잡화,T2 동의어,4f782859-d5ec-492d-af56-2be0235671dd,예쁜모자,모자,안산시시민시장,전통시장,경기도,,,
22fb38f8b5a438d06a6c,full_annotation_v1,A,q_잡화_01,모자,패션·잡화 중 '잡화'를 판매·제공하는 매장,train,잡화,T2 동의어,73a6b7ab-d486-48c3-a727-26f7b5dd1ed7,아이엠,모자,㈜르네시떼,전통시장,부산광역시,,,
d2e919ae6b9fe02472e7,full_annotation_v1,A,q_잡화_01,모자,패션·잡화 중 '잡화'를 판매·제공하는 매장,train,잡화,T2 동의어,f00e121f-8ab9-418c-b9e0-2726d0a98e93,모자나라,모자,엑스포코아 골목형상점가,골목형상점가,대전광역시,,,
9aec71ed0c74527646ed,full_annotation_v1,A,q_잡화_01,모자,패션·잡화 중 '잡화'를 판매·제공하는 매장,train,잡화,T2 동의어,180b40f7-31e1-47ec-be83-62df46efa999,삼성모자점,모자,부산국제시장,전통시장,부산광역시,,,
6bd9ee414e8ebc625517,full_annotation_v1,A,q_잡화_01,모자,패션·잡화 중 '잡화'를 판매·제공하는 매장,train,잡화,T2 동의어,b6f53102-dd93-4440-8b92-eae663683778,조상훈치과의원,치과,농성누리상인회 골목형상점가,골목형상점가,광주광역시,,,
0b8b63aed07c62a77a21,full_annotation_v1,A,q_잡화_01,모자,패션·잡화 중 '잡화'를 판매·제공하는 매장,train,잡화,T2 동의어,fd49f87e-76f2-46c9-b71f-6d8a8f3a13f8,토니캡,모자,평화시장,전통시장,서울특별시,,,
3f7052102efb43e05cae,full_annotation_v1,A,q_잡화_01,모자,패션·잡화 중 '잡화'를 판매·제공하는 매장,train,잡화,T2 동의어,b46ff0c8-16f8-4923-91f4-def0256e7ed0,모리공방,모자,속초종합중앙시장,전통시장,강원특별자치도,,,
c61e13a358a5adf0eb52,full_annotation_v1,A,q_잡화_01,모자,패션·잡화 중 '잡화'를 판매·제공하는 매장,train,잡화,T2 동의어,4ae3b01c-24ae-436c-904d-f2edad411929,야따,모자,평화시장,전통시장,서울특별시,,,
83b2bb15766fd958dbc7,full_annotation_v1,A,q_잡화_01,모자,패션·잡화 중 '잡화'를 판매·제공하는 매장,train,잡화,T2 동의어,c36c5e1c-041b-4c89-a4dd-83747318b4ee,동성모자,모자,부산평화시장,전통시장,부산광역시,,,
b996cedf42940d08d313,full_annotation_v1,A,q_잡화_01,모자,패션·잡화 중 '잡화'를 판매·제공하는 매장,train,잡화,T2 동의어,fce54391-59c6-4871-97b4-e43a1b4a4584,모자랜드,모자,평화시장,전통시장,서울특별시,,,
9e52f1f49ea21b8705fa,full_annotation_v1,A,q_잡화_01,모자,패션·잡화 중 '잡화'를 판매·제공하는 매장,train,잡화,T2 동의어,55d57e66-30a9-4dd4-a7df-87e36321a8dc,하우앤,모자,평화시장,전통시장,서울특별시,,,
3a95af7e7bb6ae84a240,full_annotation_v1,A,q_잡화_01,모자,패션·잡화 중 '잡화'를 판매·제공하는 매장,train,잡화,T2 동의어,f584671c-080f-4078-a868-e1df0b5fc90f,밀라노,모자,시청광장 지하쇼핑센터,일반지하상점가,서울특별시,,,
49e9b4c12a1a68fb7295,full_annotation_v1,A,q_잡화_01,모자,패션·잡화 중 '잡화'를 판매·제공하는 매장,train,잡화,T2 동의어,6f2d7077-0ad0-42f7-bb92-8cc45df614c9,덕성사,모자,남대문시장,전통시장,서울특별시,,,
448795309f8dfcae9dc5,full_annotation_v1,A,q_잡화_01,모자,패션·잡화 중 '잡화'를 판매·제공하는 매장,train,잡화,T2 동의어,9c03ee75-839c-4797-bc37-554a9a231cbc,하얀모자,모자,평화시장,전통시장,서울특별시,,,
8e4795992ab95baa11d5,full_annotation_v1,A,q_잡화_01,모자,패션·잡화 중 '잡화'를 판매·제공하는 매장,train,잡화,T2 동의어,a26ed06b-842a-4c36-b3c1-01e388a5bad2,장흥모자,모자,서문시장아진상가,전통시장,대구광역시,,,
71a27b89ad7a87f3d40f,full_annotation_v1,A,q_잡화_01,모자,패션·잡화 중 '잡화'를 판매·제공하는 매장,train,잡화,T2 동의어,0bf58a6d-6bc3-43fd-a224-970987c732a7,세무법인위더스 대전지점,세무서비스,노은역 골목형상점가,골목형상점가,대전광역시,,,
29e5c823f3630375ed76,full_annotation_v1,A,q_잡화_01,모자,패션·잡화 중 '잡화'를 판매·제공하는 매장,train,잡화,T2 동의어,3c62a915-d6c4-49b2-8a65-0c91d0e5991c,창원모자,모자,마산 (주)대현프리몰 지하도상점가,일반지하상점가,경상남도,,,
7ad29e1caa972fe3bf38,full_annotation_v1,A,q_잡화_01,모자,패션·잡화 중 '잡화'를 판매·제공하는 매장,train,잡화,T2 동의어,064c85b6-a7cf-424e-b2e7-2e2bab74f52c,길벗자전거,자전거,동천동벚꽃길상인회 골목형상점가,골목형상점가,광주광역시,,,
4b25b945708ef69cef8b,full_annotation_v1,A,q_잡화_01,모자,패션·잡화 중 '잡화'를 판매·제공하는 매장,train,잡화,T2 동의어,5fc63441-2599-4e47-8c5b-da145bde03f3,꼬까모자,모자,수영팔도시장(구 수영팔도상가시장),전통시장,부산광역시,,,
926a35f3a5174cbc427f,full_annotation_v1,A,q_잡화_01,모자,패션·잡화 중 '잡화'를 판매·제공하는 매장,train,잡화,T2 동의어,81db0037-fcc8-4e33-8fe9-2d6f99a9944b,신영상회,모자,안동구시장,전통시장,경상북도,,,
7984ab5e71180992e2d2,full_annotation_v1,A,q_잡화_01,모자,패션·잡화 중 '잡화'를 판매·제공하는 매장,train,잡화,T2 동의어,4adc5c9a-8a5f-453a-b103-f979c825345a,대도모자,모자,남서울상가,자율상권구역,서울특별시,,,
d41a20ad300790d928ab,full_annotation_v1,A,q_잡화_01,모자,패션·잡화 중 '잡화'를 판매·제공하는 매장,train,잡화,T2 동의어,3c0b006c-f4e2-4672-8fb8-2b6522a9e6bd,청자패션,모자,중앙종합시장,전통시장,대전광역시,,,
1a85acf54d54f99fca55,full_annotation_v1,A,q_잡화_01,모자,패션·잡화 중 '잡화'를 판매·제공하는 매장,train,잡화,T2 동의어,003747e4-8102-4296-bfdf-b7ca7c1f83fa,평화잡화,잡화,부산평화시장,전통시장,부산광역시,,,
ebd1169fed77566ac943,full_annotation_v1,A,q_잡화_01,모자,패션·잡화 중 '잡화'를 판매·제공하는 매장,train,잡화,T2 동의어,fe48bec4-aa77-4aaa-b0fb-7468c002c38c,세사리빙 봉명점,,유성대로 골목형상점가,골목형상점가,대전광역시,,,
6a22eef102ce1ed50c05,full_annotation_v1,A,q_잡화_01,모자,패션·잡화 중 '잡화'를 판매·제공하는 매장,train,잡화,T2 동의어,d8aacb12-f72f-443a-ae3f-97218a0e4b4c,신라모자,모자,서문시장아진상가,전통시장,대구광역시,,,
c58e6866b8689539b001,full_annotation_v1,A,q_잡화_01,모자,패션·잡화 중 '잡화'를 판매·제공하는 매장,train,잡화,T2 동의어,033d5e54-09a8-4b62-b2f3-fcbbea102801,은천지,이동식소품(은제품)매대,전주남부시장,전통시장,전북특별자치도,,,
872b83a70797f748ab29,full_annotation_v1,A,q_잡화_01,모자,패션·잡화 중 '잡화'를 판매·제공하는 매장,train,잡화,T2 동의어,3cef7f85-13a8-4af3-9efa-140a8133a07a,모자 나라,"모자, 잡화",말바우시장,전통시장,광주광역시,,,
0e1ca80f115feaa0e735,full_annotation_v1,A,q_잡화_01,모자,패션·잡화 중 '잡화'를 판매·제공하는 매장,train,잡화,T2 동의어,8ac37b14-8c92-459b-a95e-b6117215e411,대신모자,모자,서문시장아진상가,전통시장,대구광역시,,,
4e88093fdaed2b4a9103,full_annotation_v1,A,q_잡화_01,모자,패션·잡화 중 '잡화'를 판매·제공하는 매장,train,잡화,T2 동의어,c59655bc-f261-49d5-9385-ad7f8130d7b6,미성사,모자,원주미로예술중앙시장(원주중앙시장),전통시장,강원특별자치도,,,
963381148803d929b556,full_annotation_v1,A,q_잡화_01,모자,패션·잡화 중 '잡화'를 판매·제공하는 매장,train,잡화,T2 동의어,45e183d8-6816-4369-8137-3710dae88eaa,클래식샵,음료 맥주,원도심 상권활성화구역,상권활성화구역,대전광역시,,,
d50acd6a26d7a3928900,full_annotation_v1,A,q_잡화_01,모자,패션·잡화 중 '잡화'를 판매·제공하는 매장,train,잡화,T2 동의어,974eb70f-fe6a-49ac-8f5b-7524dd1cf941,충남사,모자,종오지하쇼핑센터,일반지하상점가,서울특별시,,,
716d49c1729b0f6260eb,full_annotation_v1,A,q_잡화_01,모자,패션·잡화 중 '잡화'를 판매·제공하는 매장,train,잡화,T2 동의어,53b4d028-087e-4186-bda4-b0b5053ec484,싸가지모자,모자,메트로센터(반월당지하쇼핑),일반지하상점가,대구광역시,,,
b178df0a747799a4a509,full_annotation_v1,A,q_잡화_01,모자,패션·잡화 중 '잡화'를 판매·제공하는 매장,train,잡화,T2 동의어,00242042-f371-486a-a1fc-b85de093edbf,슈올즈 이천점,"신발, 잡화",장터거리시장 골목형상점가,골목형상점가,경기도,,,
d899502cc08e70518805,full_annotation_v1,A,q_잡화_01,모자,패션·잡화 중 '잡화'를 판매·제공하는 매장,train,잡화,T2 동의어,5ee9ad07-b457-40c6-87ea-a0d26f8b3100,토어,모자,고투몰(강남터미널지하도상점가),일반지하상점가,서울특별시,,,
b98bfd5c61a07b9f2c35,full_annotation_v1,A,q_잡화_01,모자,패션·잡화 중 '잡화'를 판매·제공하는 매장,train,잡화,T2 동의어,61cb3d2d-67d7-4578-8803-8e77dd40cf32,스마일모자,모자,청주육거리종합시장,전통시장,충청북도,,,
389c629ec9b137c1336d,full_annotation_v1,A,q_잡화_01,모자,패션·잡화 중 '잡화'를 판매·제공하는 매장,train,잡화,T2 동의어,d8a03a23-2cb6-4a7b-83a8-d81c3f0cf73f,춘천MLB,모자,춘천명동상점가,자율상권구역,강원특별자치도,,,
761e4ba5cf26960dbed4,full_annotation_v1,A,q_잡화_01,모자,패션·잡화 중 '잡화'를 판매·제공하는 매장,train,잡화,T2 동의어,8bedf06a-11c6-40f1-8c61-d979deb9677b,모자나라,모자,부산진시장,전통시장,부산광역시,,,
e9831b277228ba84da1d,full_annotation_v1,A,q_잡화_01,모자,패션·잡화 중 '잡화'를 판매·제공하는 매장,train,잡화,T2 동의어,27ddbb62-e084-440d-ace3-1263f3707a8a,정우,모자,정릉시장,전통시장,서울특별시,,,
1fc65fcdd0bdb23784c0,full_annotation_v1,A,q_잡화_01,모자,패션·잡화 중 '잡화'를 판매·제공하는 매장,train,잡화,T2 동의어,0529a714-435f-4a79-ac14-6753b097c8f2,카이코스,가죽소품,숭례문수입상가,전통시장,서울특별시,,,
3ea0b6a061baa8eca3f6,full_annotation_v1,A,q_잡화_01,모자,패션·잡화 중 '잡화'를 판매·제공하는 매장,train,잡화,T2 동의어,03cf59c3-0bce-43ff-9df1-14e946a2bd29,금산트라이,"모자, 가방, 패션잡화",금산중앙로상점가,자율상권구역,충청남도,,,
b88cb88bc79586a2fccb,full_annotation_v1,A,q_잡화_01,모자,패션·잡화 중 '잡화'를 판매·제공하는 매장,train,잡화,T2 동의어,02dd6b8f-8097-4065-8d0f-a6c5267a1f89,오케이모자,모자,남대문시장,전통시장,서울특별시,,,
62539e840db6f848ba29,full_annotation_v1,A,q_잡화_01,모자,패션·잡화 중 '잡화'를 판매·제공하는 매장,train,잡화,T2 동의어,03425599-9eed-4d3b-8682-d3c2e620325e,초량전통시장 노점매대 54번,액세서리,초량전통시장,전통시장,부산광역시,,,
172ab206f1ce43d41e61,full_annotation_v1,A,q_잡화_01,모자,패션·잡화 중 '잡화'를 판매·제공하는 매장,train,잡화,T2 동의어,0346890c-a0a4-46a1-8572-f5a7af519b58,소소상점,잡화 침구 소품,구미 아카데미상가 골목형상점가,골목형상점가,경상북도,,,
86dd113e4073fb995825,full_annotation_v1,A,q_잡화_01,모자,패션·잡화 중 '잡화'를 판매·제공하는 매장,train,잡화,T2 동의어,0188cda6-6441-4058-82b0-0cb89e035583,친한친구,액세서리,㈜르네시떼,전통시장,부산광역시,,,
71b65083902a2637f0ae,full_annotation_v1,A,q_잡화_01,모자,패션·잡화 중 '잡화'를 판매·제공하는 매장,train,잡화,T2 동의어,380cb182-6658-4d1d-9a42-a896e072e096,정서윤 피부관리샵,화장품 피부관리샵,농성누리상인회 골목형상점가,골목형상점가,광주광역시,,,
9d44c96899797b4fc1b0,full_annotation_v1,A,q_잡화_01,모자,패션·잡화 중 '잡화'를 판매·제공하는 매장,train,잡화,T2 동의어,c546e835-5016-4ac4-bb5e-b1b62facd303,신세계모자,모자,평화시장,전통시장,서울특별시,,,
6f6db7d9e7032cda4855,full_annotation_v1,A,q_잡화_01,모자,패션·잡화 중 '잡화'를 판매·제공하는 매장,train,잡화,T2 동의어,d9750609-f5ff-4f12-bd1d-17abfa3884a6,칠원상회,모자,부산진시장,전통시장,부산광역시,,,
c232f800b529febe0b38,full_annotation_v1,A,q_잡화_01,모자,패션·잡화 중 '잡화'를 판매·제공하는 매장,train,잡화,T2 동의어,6dce9149-edd5-4fd1-b014-ae6913e4e6c6,엔트2,모자,동산상가,전통시장,대구광역시,,,
334be7acb1dc6f3c7291,full_annotation_v1,A,q_잡화_01,모자,패션·잡화 중 '잡화'를 판매·제공하는 매장,train,잡화,T2 동의어,e1c4b65b-eb6f-4a27-b733-b80e4fe6543d,아이세이버동천점,안경,동천동먹자골목1번가상인회 골목형상점가,골목형상점가,광주광역시,,,
c0239d661068cf09099a,full_annotation_v1,A,q_잡화_01,모자,패션·잡화 중 '잡화'를 판매·제공하는 매장,train,잡화,T2 동의어,01f2baea-5004-4e8d-a9a5-66c50aaf49e6,머쓱케이스,휴대폰 액세서리,동성로상점가,자율상권구역,대구광역시,,,
fdbee94e97ea6853e1f6,full_annotation_v1,A,q_잡화_01,모자,패션·잡화 중 '잡화'를 판매·제공하는 매장,train,잡화,T2 동의어,82ac3ea9-1527-4767-965b-332bb1b765c8,목원,모자,의정부제일시장,전통시장,경기도,,,
8c317abcd0f6ef0e0585,full_annotation_v1,A,q_잡화_01,모자,패션·잡화 중 '잡화'를 판매·제공하는 매장,train,잡화,T2 동의어,482570eb-b589-413f-bb71-14f5b6ec0d44,토토모자,모자,청계5가 쇼핑센터,일반지하상점가,서울특별시,,,
1f3b9d9836997b0b8b13,full_annotation_v1,A,q_잡화_01,모자,패션·잡화 중 '잡화'를 판매·제공하는 매장,train,잡화,T2 동의어,66a163bb-f980-44ad-be0d-405959497c61,청춘광고기획,"광고, 인쇄",조대장미의거리 상점가,자율상권구역,광주광역시,,,
e1bede64cce232919da3,full_annotation_v1,A,q_잡화_01,모자,패션·잡화 중 '잡화'를 판매·제공하는 매장,train,잡화,T2 동의어,d9d2202e-9dc6-46a7-bd94-b9235dff505a,티파니,모자,속초종합중앙시장,전통시장,강원특별자치도,,,
3deffa01fb6a40fc3e23,full_annotation_v1,A,q_잡화_01,모자,패션·잡화 중 '잡화'를 판매·제공하는 매장,train,잡화,T2 동의어,7c75027e-72a5-4cb2-9c76-f436593c0da4,미래모자,모자,평화시장,전통시장,서울특별시,,,
12a96afb8e21453a1559,full_annotation_v1,A,q_잡화_01,모자,패션·잡화 중 '잡화'를 판매·제공하는 매장,train,잡화,T2 동의어,014e0403-940b-49b1-a7bc-f51be56c02a5,세이프티아웃도어 주식회사,아웃도어 작업복 안전화 등 안전용품 공구 및 소품,서면1번가 자율상권구역,,부산광역시,,,
a6356412ccbc30f225de,full_annotation_v1,A,q_잡화_01,모자,패션·잡화 중 '잡화'를 판매·제공하는 매장,train,잡화,T2 동의어,fa7631d2-01a7-40f5-befd-c7cc99b361d3,로즈,모자,주안시민지하도상점가,일반지하상점가,인천광역시,,,
0c6436b2b396df50eb2d,full_annotation_v1,A,q_잡화_01,모자,패션·잡화 중 '잡화'를 판매·제공하는 매장,train,잡화,T2 동의어,003d5df8-0856-45e0-a11e-5098cf70541e,앨리스리본&공방,"공방, 잡화",봉화내성시장,전통시장,경상북도,,,
957460d438ecc64bfa09,full_annotation_v1,A,q_잡화_01,모자,패션·잡화 중 '잡화'를 판매·제공하는 매장,train,잡화,T2 동의어,492b111a-7b98-46aa-b1c4-92dd19a80a45,대일양행,모자,만물의거리시장,전통시장,부산광역시,,,
795f6e8354ff040187e9,full_annotation_v1,A,q_잡화_01,모자,패션·잡화 중 '잡화'를 판매·제공하는 매장,train,잡화,T2 동의어,b7945738-de96-4b15-8339-bc5960b5a25e,속초종합가방모자점,모자,속초종합중앙시장,전통시장,강원특별자치도,,,
2e3aeef21ac2d5fea2ce,full_annotation_v1,A,q_잡화_01,모자,패션·잡화 중 '잡화'를 판매·제공하는 매장,train,잡화,T2 동의어,d0f2b98e-2d3a-4c4e-a74d-8d5be1b6eb04,정연모자,모자,평화시장,전통시장,서울특별시,,,
401681fd5201e46aa30b,full_annotation_v1,A,q_잡화_01,모자,패션·잡화 중 '잡화'를 판매·제공하는 매장,train,잡화,T2 동의어,89247549-adff-41bb-ae3e-18ed9384f6f5,모자세상,모자,팔달문시장,전통시장,경기도,,,
38b9d509db16664aa5d1,full_annotation_v1,A,q_잡화_01,모자,패션·잡화 중 '잡화'를 판매·제공하는 매장,train,잡화,T2 동의어,ea9779d6-a8f9-48f5-87e6-931d157d086a,시선집중,모자,순천씨내몰상가(구 순천지하상가),일반지하상점가,,,,
6112b4a5a44b122fa1c3,full_annotation_v1,A,q_잡화_01,모자,패션·잡화 중 '잡화'를 판매·제공하는 매장,train,잡화,T2 동의어,93ae38cb-ce9a-4949-a81e-bc5a45411dc6,좋은아이들,모자,춘천중앙시장,전통시장,강원특별자치도,,,
14a2e8ccd78f28b1c1d4,full_annotation_v1,A,q_잡화_01,모자,패션·잡화 중 '잡화'를 판매·제공하는 매장,train,잡화,T2 동의어,44096816-52bb-464d-876c-bd4f3cdad0c3,썬햇,모자,평화시장,전통시장,서울특별시,,,
2c018794a2dbad5082b2,full_annotation_v1,A,q_잡화_01,모자,패션·잡화 중 '잡화'를 판매·제공하는 매장,train,잡화,T2 동의어,05f076bf-2a1f-4dc6-bc59-af84f12ebfe2,현대모자,우산 모자 타올 기타,창원 성원그랜드쇼핑상가,전통시장,경상남도,,,
fb05eaab4f0199d736f6,full_annotation_v1,A,q_잡화_01,모자,패션·잡화 중 '잡화'를 판매·제공하는 매장,train,잡화,T2 동의어,756357f2-6705-433f-9d9b-be977373b3dc,스칼랫,모자,속초종합중앙시장,전통시장,강원특별자치도,,,
f08f90dfbd028b5977ef,full_annotation_v1,A,q_잡화_01,모자,패션·잡화 중 '잡화'를 판매·제공하는 매장,train,잡화,T2 동의어,bfdf2bb3-10c6-4f97-b143-549e7e7d726f,조양사,모자,부산역지하도상가,일반지하상점가,부산광역시,,,
e4e5984b96f8e233f4b7,full_annotation_v1,A,q_잡화_01,모자,패션·잡화 중 '잡화'를 판매·제공하는 매장,train,잡화,T2 동의어,debbde07-1661-4a48-8fd6-072fadb6d20a,우리모자,모자,남대문시장,전통시장,서울특별시,,,
e9eed3f266cacd38c006,full_annotation_v1,A,q_잡화_01,모자,패션·잡화 중 '잡화'를 판매·제공하는 매장,train,잡화,T2 동의어,fe33185f-2298-4f0e-a9d1-3e51eaf70364,에스더,모자,평화시장,전통시장,서울특별시,,,
2081feba22f6e014b691,full_annotation_v1,A,q_잡화_01,모자,패션·잡화 중 '잡화'를 판매·제공하는 매장,train,잡화,T2 동의어,c4af7ad4-ff42-4351-a480-fd7f8b27b61c,태창모자,모자,전통중앙도매상가,전통시장,대전광역시,,,
32524b8b9a42632e1864,full_annotation_v1,A,q_잡화_01,모자,패션·잡화 중 '잡화'를 판매·제공하는 매장,train,잡화,T2 동의어,6ee9b867-b3ad-4534-9181-b8e5364a01e5,조양사,모자,영등포역지하도상점가,일반지하상점가,서울특별시,,,
1e61173adbc2ff85cc7b,full_annotation_v1,A,q_잡화_01,모자,패션·잡화 중 '잡화'를 판매·제공하는 매장,train,잡화,T2 동의어,2a004baa-36c4-409f-809d-dfcc577689d3,대왕김밥,분식,염주B상인회 골목형상점가,골목형상점가,광주광역시,,,
645b730c4068a47289c7,full_annotation_v1,A,q_잡화_01,모자,패션·잡화 중 '잡화'를 판매·제공하는 매장,train,잡화,T2 동의어,60b9e43f-c326-4aee-a812-5bffde3f5811,모자이크,모자,평화시장,전통시장,서울특별시,,,
1cd055e7ae1c8a700234,full_annotation_v1,A,q_잡화_01,모자,패션·잡화 중 '잡화'를 판매·제공하는 매장,train,잡화,T2 동의어,a5adbf92-6d9a-4cee-83ef-2b67e170f830,염주약국,양약,화삼골상인회 골목형상점가,골목형상점가,광주광역시,,,
00fdb75f5ae15aad2627,full_annotation_v1,A,q_잡화_01,모자,패션·잡화 중 '잡화'를 판매·제공하는 매장,train,잡화,T2 동의어,d330f3f2-c791-49b8-9ba6-e4a0df37b782,모자,모자,과천새서울프라자시장,전통시장,경기도,,,
73c7b5d9af424d81dd61,full_annotation_v1,A,q_잡화_01,모자,패션·잡화 중 '잡화'를 판매·제공하는 매장,train,잡화,T2 동의어,03d2f183-77cc-44c8-b4e4-f34ed3bcfa83,다나,"소매업(귀금속,액세서리,모조장신구)",코끼리시장,전통시장,경기도,,,
576f27074ba5eee2de19,full_annotation_v1,A,q_잡화_01,모자,패션·잡화 중 '잡화'를 판매·제공하는 매장,train,잡화,T2 동의어,3b8b270b-1b9c-4114-81a5-08fc3cc05ab8,캡스토리,모자,서문시장아진상가,전통시장,대구광역시,,,
f0d1e2b0587ec02fefff,full_annotation_v1,A,q_잡화_01,모자,패션·잡화 중 '잡화'를 판매·제공하는 매장,train,잡화,T2 동의어,001bacc9-5a95-4049-babd-6691512d8da0,백두사,잡화,장량성도시장,전통시장,경상북도,,,
04c433c38b8f03cfcb35,full_annotation_v1,A,q_잡화_01,모자,패션·잡화 중 '잡화'를 판매·제공하는 매장,train,잡화,T2 동의어,e774f89e-2fde-4d7c-98f4-625c61b75e9e,신흥가방&모자,"가방, 모자",양동복개상가,전통시장,광주광역시,,,
911ee1bb5ba99226dc7e,full_annotation_v1,A,q_잡화_01,모자,패션·잡화 중 '잡화'를 판매·제공하는 매장,train,잡화,T2 동의어,e743b2b9-eed2-4346-9e81-c88b48445a7b,동양모자,모자,부산남문시장,전통시장,부산광역시,,,
8583bdcec0258ad6bcb7,full_annotation_v1,A,q_잡화_01,모자,패션·잡화 중 '잡화'를 판매·제공하는 매장,train,잡화,T2 동의어,04c7f4e2-7207-41fb-aebb-6d021d42e613,픽뎀업,"모자, 가방, 키링, 패치",연남동골목형상점가,골목형상점가,서울특별시,,,
cabc59a3a2f4f6f0e55c,full_annotation_v1,A,q_잡화_01,모자,패션·잡화 중 '잡화'를 판매·제공하는 매장,train,잡화,T2 동의어,0308940f-189d-41bd-9a0c-cae20bfc8b65,실버투유,액세서리,남대문시장,전통시장,서울특별시,,,
573722ba2c8f7ac18eb4,full_annotation_v1,A,q_잡화_01,모자,패션·잡화 중 '잡화'를 판매·제공하는 매장,train,잡화,T2 동의어,b28b572a-9723-43c1-97f0-f5241aefc62c,정광사,모자,동문재래시장,전통시장,제주특별자치도,,,
adb91021c6c4ae6e9304,full_annotation_v1,A,q_잡화_01,모자,패션·잡화 중 '잡화'를 판매·제공하는 매장,train,잡화,T2 동의어,f1b1d355-147f-4c37-913d-d61daa75a9ef,진성모자,모자,신천지시장,전통시장,부산광역시,,,
8f151735eb65354616e6,full_annotation_v1,A,q_잡화_01,모자,패션·잡화 중 '잡화'를 판매·제공하는 매장,train,잡화,T2 동의어,69984e65-d44c-4b81-b135-2c4b06e92002,모란모자,모자,논산화지중앙시장,전통시장,충청남도,,,
8f5ef982360395e14379,full_annotation_v1,A,q_잡화_01,모자,패션·잡화 중 '잡화'를 판매·제공하는 매장,train,잡화,T2 동의어,19fe1ce0-c292-4216-aee2-42e848033e87,착한정육점,,전민 엑스포 먹자골목 골목형상점가,골목형상점가,대전광역시,,,
78a3812a7ee5fbae44b0,full_annotation_v1,A,q_잡화_01,모자,패션·잡화 중 '잡화'를 판매·제공하는 매장,train,잡화,T2 동의어,e7de31e3-aab0-472f-b2fa-c7fa311c007b,점방,모자,원미금강 상점가,자율상권구역,경기도,,,
f72f5773c26d0ca762c8,full_annotation_v1,A,q_잡화_01,모자,패션·잡화 중 '잡화'를 판매·제공하는 매장,train,잡화,T2 동의어,39a0325c-47fd-44ee-b9a9-04ee3ce658a4,현대모자,모자,서문시장아진상가,전통시장,대구광역시,,,
c6afdc21f3d2d9178e51,full_annotation_v1,A,q_잡화_01,모자,패션·잡화 중 '잡화'를 판매·제공하는 매장,train,잡화,T2 동의어,342b4afa-b841-49af-a889-dd46a457894f,기린모자,모자,평화시장,전통시장,서울특별시,,,
f2d3ed0f9c02f1b43dd0,full_annotation_v1,A,q_잡화_01,모자,패션·잡화 중 '잡화'를 판매·제공하는 매장,train,잡화,T2 동의어,453047e5-ec0a-4fd2-9413-feb7fa19601c,야인시대,모자,팔달문시장,전통시장,경기도,,,
fa0713f5e5961acfd6fc,full_annotation_v1,A,q_잡화_01,모자,패션·잡화 중 '잡화'를 판매·제공하는 매장,train,잡화,T2 동의어,9cb0bcff-ff4d-4fe3-b7df-b979f61869b7,명인회관,한식,동구청앞 골목형상점가,골목형상점가,광주광역시,,,
1d5666d9b90ef9514543,full_annotation_v1,A,q_잡화_01,모자,패션·잡화 중 '잡화'를 판매·제공하는 매장,train,잡화,T2 동의어,020bea26-ac6d-4c37-88bb-f7115e8f3117,안성모자,모자,안성맞춤시장,전통시장,경기도,,,
4d7607c90c494db09b4b,full_annotation_v1,A,q_잡화_01,모자,패션·잡화 중 '잡화'를 판매·제공하는 매장,train,잡화,T2 동의어,36804eaf-e70c-443e-ae8b-411e0a90aa05,푸른안과의원,의료,동구청앞 골목형상점가,골목형상점가,광주광역시,,,
c87adfc134c8938798ee,full_annotation_v1,A,q_잡화_01,모자,패션·잡화 중 '잡화'를 판매·제공하는 매장,train,잡화,T2 동의어,e4accfb1-e7ca-4205-bc53-cef929760022,세기햇츠,모자,평화시장,전통시장,서울특별시,,,
68f5ec1854b0af3f228e,full_annotation_v1,A,q_잡화_01,모자,패션·잡화 중 '잡화'를 판매·제공하는 매장,train,잡화,T2 동의어,2d840254-ae13-4730-91ce-e47aa4ac9999,대산모자,모자,신평화패션타운,전통시장,서울특별시,,,
6d742065516462277a55,full_annotation_v1,A,q_잡화_01,모자,패션·잡화 중 '잡화'를 판매·제공하는 매장,train,잡화,T2 동의어,1d83b0df-232a-4975-a4d4-d53bdc5b7d2c,모자백화점,모자 등,팔달시민상가시장,전통시장,경기도,,,
778e962b028171fb64e5,full_annotation_v1,A,q_잡화_01,모자,패션·잡화 중 '잡화'를 판매·제공하는 매장,train,잡화,T2 동의어,0a8c7692-d4b1-41cd-adda-0d3f9496109f,대흥모자,모자,서문시장아진상가,전통시장,대구광역시,,,
e53d1cfd602847774deb,full_annotation_v1,A,q_잡화_01,모자,패션·잡화 중 '잡화'를 판매·제공하는 매장,train,잡화,T2 동의어,0054b824-eb72-4efa-a1ba-40d467c899a5,수정상회,잡화,중앙전통시장,전통시장,울산광역시,,,
f8fb95ba530435a97fd3,full_annotation_v1,A,q_잡화_01,모자,패션·잡화 중 '잡화'를 판매·제공하는 매장,train,잡화,T2 동의어,38b40382-818e-4eb8-bc8b-017cc195b1b0,오성모자,모자,중앙종합시장,전통시장,대전광역시,,,
d7665abb2c71f0135ff8,full_annotation_v1,A,q_잡화_01,모자,패션·잡화 중 '잡화'를 판매·제공하는 매장,train,잡화,T2 동의어,8539a6a3-832d-466c-8eff-b2e8640801f7,읍내모자,모자,언양알프스시장,전통시장,울산광역시,,,
0625fc4bf9db81391ac5,full_annotation_v1,A,q_잡화_01,모자,패션·잡화 중 '잡화'를 판매·제공하는 매장,train,잡화,T2 동의어,fe9a9a49-e624-4e5a-b651-a13eced2cda4,중앙시장중앙모자,모자,제천중앙시장,전통시장,충청북도,,,
e8a9333d118c79e420e8,full_annotation_v1,A,q_잡화_01,모자,패션·잡화 중 '잡화'를 판매·제공하는 매장,train,잡화,T2 동의어,72d5ea05-ed0d-48a1-a386-ee71a3b6ba19,한소진아시아마트,식품잡화,천안중앙시장,전통시장,충청남도,,,
c43cf7bb7d703a2c0f17,full_annotation_v1,A,q_잡화_01,모자,패션·잡화 중 '잡화'를 판매·제공하는 매장,train,잡화,T2 동의어,18f0acf8-86a7-4c74-a18c-a7fa24764385,복래분식,분식,동래시장,전통시장,부산광역시,,,
81aa075914b9f3299a00,full_annotation_v1,A,q_잡화_01,모자,패션·잡화 중 '잡화'를 판매·제공하는 매장,train,잡화,T2 동의어,c02e6fdc-4d54-4fb0-9cd4-2692a7e467f3,닭갈비 대통령,닭갈비,보람동 골목형상점가,골목형상점가,세종특별자치시,,,
2b55a1162eb3447be36a,full_annotation_v1,A,q_잡화_01,모자,패션·잡화 중 '잡화'를 판매·제공하는 매장,train,잡화,T2 동의어,dba14fdc-c7f8-4472-8817-28a3d339b600,캡틴모자,모자,평택통복시장,전통시장,경기도,,,
64a5f161a22f1f5bba27,full_annotation_v1,A,q_잡화_01,모자,패션·잡화 중 '잡화'를 판매·제공하는 매장,train,잡화,T2 동의어,503d1978-d753-4ca4-a7b7-d3906c2f602f,장미수예점,모자,속초종합중앙시장,전통시장,강원특별자치도,,,
9e45d1fdcd0a9bdb87f5,full_annotation_v1,A,q_잡화_01,모자,패션·잡화 중 '잡화'를 판매·제공하는 매장,train,잡화,T2 동의어,00df56ff-2c2d-4759-9cbd-95241e0a8f6d,너와의순간,기타소품,속초종합중앙시장,전통시장,강원특별자치도,,,
3f1e0e4f9b3c50a176db,full_annotation_v1,A,q_잡화_01,모자,패션·잡화 중 '잡화'를 판매·제공하는 매장,train,잡화,T2 동의어,d28b64c4-1949-4a1f-879e-a50265e126b3,두아모자,모자,남대문시장,전통시장,서울특별시,,,
7942bacd06690d680906,full_annotation_v1,A,q_잡화_01,모자,패션·잡화 중 '잡화'를 판매·제공하는 매장,train,잡화,T2 동의어,fab3185f-ad1d-47a0-ad69-4ac4b43aaab5,진천모자,모자,운수대통!생거진천전통시장,전통시장,충청북도,,,
bbd1763a841f9bdf9d3d,full_annotation_v1,A,q_잡화_02,소품,패션·잡화 중 '잡화'를 판매·제공하는 매장,train,잡화,T2 동의어,b7cdd720-9983-4164-be78-85a898990437,끌림,소품,(유)문경중앙시장,전통시장,경상북도,,,
5e5a919cea74e3653851,full_annotation_v1,A,q_잡화_02,소품,패션·잡화 중 '잡화'를 판매·제공하는 매장,train,잡화,T2 동의어,03cf59c3-0bce-43ff-9df1-14e946a2bd29,금산트라이,"모자, 가방, 패션잡화",금산중앙로상점가,자율상권구역,충청남도,,,
78c2f15ef71f9c5e4063,full_annotation_v1,A,q_잡화_02,소품,패션·잡화 중 '잡화'를 판매·제공하는 매장,train,잡화,T2 동의어,7a37b15d-87bc-4c33-9a7d-5ffbb0f7a2fa,소품쟁이,소품,원주자유시장,전통시장,강원특별자치도,,,
877fc564712d6b04c977,full_annotation_v1,A,q_잡화_02,소품,패션·잡화 중 '잡화'를 판매·제공하는 매장,train,잡화,T2 동의어,5c207e6c-fe78-46f4-b7bb-ee1eea85b865,도예뜰,소품,지중해마을 골목형상점가,골목형상점가,충청남도,,,
34b265a6ea72fee7f963,full_annotation_v1,A,q_잡화_02,소품,패션·잡화 중 '잡화'를 판매·제공하는 매장,train,잡화,T2 동의어,8e6462cd-17ee-448a-a82c-dbddb3bd1104,아트숍나비,소품,군산공설시장,전통시장,전북특별자치도,,,
44e075be4910aeb1328e,full_annotation_v1,A,q_잡화_02,소품,패션·잡화 중 '잡화'를 판매·제공하는 매장,train,잡화,T2 동의어,cf245b43-3c78-4fad-a3b8-eb0222eb6502,건강튼튼의원,일반의원,우산어등마을 골목형상점가,골목형상점가,광주광역시,,,
61c8c66e65a26437bc09,full_annotation_v1,A,q_잡화_02,소품,패션·잡화 중 '잡화'를 판매·제공하는 매장,train,잡화,T2 동의어,f34ef41b-f0c2-4509-b82c-25298a8292f9,태양패션,의류 소품,부산진시장,전통시장,부산광역시,,,
6c06e6249a73804b0fe8,full_annotation_v1,A,q_잡화_02,소품,패션·잡화 중 '잡화'를 판매·제공하는 매장,train,잡화,T2 동의어,0308940f-189d-41bd-9a0c-cae20bfc8b65,실버투유,액세서리,남대문시장,전통시장,서울특별시,,,
23694029647c85bc707e,full_annotation_v1,A,q_잡화_02,소품,패션·잡화 중 '잡화'를 판매·제공하는 매장,train,잡화,T2 동의어,020bea26-ac6d-4c37-88bb-f7115e8f3117,안성모자,모자,안성맞춤시장,전통시장,경기도,,,
d20f333b0a79b8493703,full_annotation_v1,A,q_잡화_02,소품,패션·잡화 중 '잡화'를 판매·제공하는 매장,train,잡화,T2 동의어,40cff440-5983-4a2c-9ed7-536a4f32003f,모리상점,소품,흥덕 다채움 골목형 상점가,골목형상점가,경기도,,,
1f6f5a7b3298199799ef,full_annotation_v1,A,q_잡화_02,소품,패션·잡화 중 '잡화'를 판매·제공하는 매장,train,잡화,T2 동의어,db7777a5-b34a-4410-9c10-7eca5dd74271,미미,소품,중앙전통시장,전통시장,울산광역시,,,
26bc3234d702f90ff0c1,full_annotation_v1,A,q_잡화_02,소품,패션·잡화 중 '잡화'를 판매·제공하는 매장,train,잡화,T2 동의어,a8fb339d-7fe8-49f4-a916-2393fd7682d6,더벤티. 광주금호점,커피,금부로상인회 골목형상점가,골목형상점가,광주광역시,,,
62c41fa92946e8f9f1eb,full_annotation_v1,A,q_잡화_02,소품,패션·잡화 중 '잡화'를 판매·제공하는 매장,train,잡화,T2 동의어,11099dbe-556f-47a6-a4fd-06421199c673,몰랑몰랑,소품,1913송정역시장,전통시장,,,,
53f4116acbc14818e40e,full_annotation_v1,A,q_잡화_02,소품,패션·잡화 중 '잡화'를 판매·제공하는 매장,train,잡화,T2 동의어,cc803b3b-3237-4669-a5f9-2283ca8fb3a3,데이앤어스가든,소품,연남동골목형상점가,골목형상점가,서울특별시,,,
c9e1b16eb3bea2251493,full_annotation_v1,A,q_잡화_02,소품,패션·잡화 중 '잡화'를 판매·제공하는 매장,train,잡화,T2 동의어,311223df-a155-4404-be02-e20c70b77133,초요일,소품,용문 골목형상점가,골목형상점가,제주특별자치도,,,
750764b62d2b58bf03c1,full_annotation_v1,A,q_잡화_02,소품,패션·잡화 중 '잡화'를 판매·제공하는 매장,train,잡화,T2 동의어,0188cda6-6441-4058-82b0-0cb89e035583,친한친구,액세서리,㈜르네시떼,전통시장,부산광역시,,,
f8899fdbdd74256a0b27,full_annotation_v1,A,q_잡화_02,소품,패션·잡화 중 '잡화'를 판매·제공하는 매장,train,잡화,T2 동의어,9c68f7c2-4a5b-46db-a4aa-b6366c267e16,연운꽃신,소품,서문시장 제1지구1층(직물시장),전통시장,대구광역시,,,
0602c603949a61d133df,full_annotation_v1,A,q_잡화_02,소품,패션·잡화 중 '잡화'를 판매·제공하는 매장,train,잡화,T2 동의어,a9272dbd-de95-4693-a917-e4af4fec4ef3,소소잼,생활 소품,우산동상인회 골목형상점가,골목형상점가,광주광역시,,,
52e217c5b9d3bb5f3f1e,full_annotation_v1,A,q_잡화_02,소품,패션·잡화 중 '잡화'를 판매·제공하는 매장,train,잡화,T2 동의어,8080df62-07ae-4172-a472-ef641e8798bd,바라소품,소품,서문시장2지구 종합상가,전통시장,대구광역시,,,
590121e9548bc1d955e3,full_annotation_v1,A,q_잡화_02,소품,패션·잡화 중 '잡화'를 판매·제공하는 매장,train,잡화,T2 동의어,05f076bf-2a1f-4dc6-bc59-af84f12ebfe2,현대모자,우산 모자 타올 기타,창원 성원그랜드쇼핑상가,전통시장,경상남도,,,
5ff613dcb2d744a1bacd,full_annotation_v1,A,q_잡화_02,소품,패션·잡화 중 '잡화'를 판매·제공하는 매장,train,잡화,T2 동의어,551e9d16-9254-403b-8b9d-19ad1feb533c,드림클로버,소품,순천씨내몰상가(구 순천지하상가),일반지하상점가,전라남도,,,
4c97a226912e637f352b,full_annotation_v1,A,q_잡화_02,소품,패션·잡화 중 '잡화'를 판매·제공하는 매장,train,잡화,T2 동의어,270ac076-2ef5-410f-aa36-9cb057f8f43a,소품,의류,중앙로 지하상가 상점가,일반지하상점가,대전광역시,,,
1d840ed08b89ac8adcc7,full_annotation_v1,A,q_잡화_02,소품,패션·잡화 중 '잡화'를 판매·제공하는 매장,train,잡화,T2 동의어,107788d6-c4eb-438b-b22e-8ae90065e76e,문흥골,한식,문흥1동 골목형상점가,골목형상점가,광주광역시,,,
39c48bab6c51477efd7e,full_annotation_v1,A,q_잡화_02,소품,패션·잡화 중 '잡화'를 판매·제공하는 매장,train,잡화,T2 동의어,04c7f4e2-7207-41fb-aebb-6d021d42e613,픽뎀업,"모자, 가방, 키링, 패치",연남동골목형상점가,골목형상점가,서울특별시,,,
a05f6b970758cddd3d9b,full_annotation_v1,A,q_잡화_02,소품,패션·잡화 중 '잡화'를 판매·제공하는 매장,train,잡화,T2 동의어,003747e4-8102-4296-bfdf-b7ca7c1f83fa,평화잡화,잡화,부산평화시장,전통시장,부산광역시,,,
24698e29d85f1b2ed4c7,full_annotation_v1,A,q_잡화_02,소품,패션·잡화 중 '잡화'를 판매·제공하는 매장,train,잡화,T2 동의어,14a6ea79-42f8-47f5-8d5f-f4dc55e0840f,모그링,소품,새마을골목형상점가,골목형상점가,강원특별자치도,,,
88ec27c8a3f1bc84db01,full_annotation_v1,A,q_잡화_02,소품,패션·잡화 중 '잡화'를 판매·제공하는 매장,train,잡화,T2 동의어,b2d89c8e-c584-4536-a2da-5821c6edb97a,감성커피 문흥점,커피 및 음료062,문흥1동 골목형상점가,골목형상점가,광주광역시,,,
e1805a2513caeeae6bc2,full_annotation_v1,A,q_잡화_02,소품,패션·잡화 중 '잡화'를 판매·제공하는 매장,train,잡화,T2 동의어,014e0403-940b-49b1-a7bc-f51be56c02a5,세이프티아웃도어 주식회사,아웃도어 작업복 안전화 등 안전용품 공구 및 소품,서면1번가 자율상권구역,,부산광역시,,,
f79dff3279912c6ab124,full_annotation_v1,A,q_잡화_02,소품,패션·잡화 중 '잡화'를 판매·제공하는 매장,train,잡화,T2 동의어,03425599-9eed-4d3b-8682-d3c2e620325e,초량전통시장 노점매대 54번,액세서리,초량전통시장,전통시장,부산광역시,,,
1ba7966b83c748a3d20d,full_annotation_v1,A,q_잡화_02,소품,패션·잡화 중 '잡화'를 판매·제공하는 매장,train,잡화,T2 동의어,cd0ffb0a-a501-4b2e-8587-1c782ce44199,엔틱나라,소품,진해중앙시장,전통시장,경상남도,,,
a8b50034436f203bc85e,full_annotation_v1,A,q_잡화_02,소품,패션·잡화 중 '잡화'를 판매·제공하는 매장,train,잡화,T2 동의어,00df56ff-2c2d-4759-9cbd-95241e0a8f6d,너와의순간,기타소품,속초종합중앙시장,전통시장,강원특별자치도,,,
eac50bb4577218b0607f,full_annotation_v1,A,q_잡화_02,소품,패션·잡화 중 '잡화'를 판매·제공하는 매장,train,잡화,T2 동의어,3133556b-cb28-4870-800d-9db642ca1adb,조각별,소품,관평동 골목형상점가,골목형상점가,대전광역시,,,
aab0d81bf7441f62492f,full_annotation_v1,A,q_잡화_02,소품,패션·잡화 중 '잡화'를 판매·제공하는 매장,train,잡화,T2 동의어,4adc62ce-37a6-486b-a2c3-89edb43c18ce,대진상회,메리야스,서문시장 제5지구,전통시장,대구광역시,,,
59cf5e478ba0e4a9f54d,full_annotation_v1,A,q_잡화_02,소품,패션·잡화 중 '잡화'를 판매·제공하는 매장,train,잡화,T2 동의어,6617cf29-90e8-4cfe-a8a5-b29e246d772c,레인카페,소품,세종전통시장,전통시장,세종특별자치시,,,
a8dcff9398daa2da4eb1,full_annotation_v1,A,q_잡화_02,소품,패션·잡화 중 '잡화'를 판매·제공하는 매장,train,잡화,T2 동의어,da72b5fb-9866-444f-9172-7e6725085b8a,달보드레,소품,속초종합중앙시장,전통시장,강원특별자치도,,,
4163d0333106c41dbca7,full_annotation_v1,A,q_잡화_02,소품,패션·잡화 중 '잡화'를 판매·제공하는 매장,train,잡화,T2 동의어,06a87510-4277-4527-9d9d-4baa592a9520,득량수산,수산물,말바우시장,전통시장,광주광역시,,,
112b00f8f693f119791c,full_annotation_v1,A,q_잡화_02,소품,패션·잡화 중 '잡화'를 판매·제공하는 매장,train,잡화,T2 동의어,8d3c5673-f02f-498e-a10b-4b4ba769240f,이·피·티 소품샵,소품,제주중앙지하상가,일반지하상점가,제주특별자치도,,,
d6b1b7470f0ee8488460,full_annotation_v1,A,q_잡화_02,소품,패션·잡화 중 '잡화'를 판매·제공하는 매장,train,잡화,T2 동의어,61d861bc-3c52-4760-b578-b8c5e2de3fde,자몽,소품,경주중앙시장,전통시장,경상북도,,,
bbc5c42bc51c69a35109,full_annotation_v1,A,q_잡화_02,소품,패션·잡화 중 '잡화'를 판매·제공하는 매장,train,잡화,T2 동의어,764ac613-bf06-432b-921d-9680335ff1a5,포인어포인,소품,신정평화시장,전통시장,울산광역시,,,
41a594c6c0c2e087c24d,full_annotation_v1,A,q_잡화_02,소품,패션·잡화 중 '잡화'를 판매·제공하는 매장,train,잡화,T2 동의어,34404def-1baf-4fd8-b7d4-6743351c9c17,노아방,소품,남대문시장,전통시장,서울특별시,,,
457377794954964a6459,full_annotation_v1,A,q_잡화_02,소품,패션·잡화 중 '잡화'를 판매·제공하는 매장,train,잡화,T2 동의어,1a3f5244-9993-45d1-aab7-53f192f8701e,키치키치,소품,중앙로 지하상가 상점가,일반지하상점가,대전광역시,,,
420e5c6b6b3073b0ec0a,full_annotation_v1,A,q_잡화_02,소품,패션·잡화 중 '잡화'를 판매·제공하는 매장,train,잡화,T2 동의어,3486ea6c-afee-4bcd-8092-f75717946da9,서촌공방,소품,금촌전통시장,전통시장,경기도,,,
b8de938a95e5762e17db,full_annotation_v1,A,q_잡화_02,소품,패션·잡화 중 '잡화'를 판매·제공하는 매장,train,잡화,T2 동의어,7bd2b0c7-3c1b-441d-acf7-63713f77d7f6,고빈드,소품,부산자유시장,전통시장,부산광역시,,,
52b1abf11f1c4c960167,full_annotation_v1,A,q_잡화_02,소품,패션·잡화 중 '잡화'를 판매·제공하는 매장,train,잡화,T2 동의어,7bca70df-ed2b-4176-882b-b9dd81fd8f25,시크릿,"의류, 잡화",남대문시장,전통시장,서울특별시,,,
45c09bfcc540fff450d1,full_annotation_v1,A,q_잡화_02,소품,패션·잡화 중 '잡화'를 판매·제공하는 매장,train,잡화,T2 동의어,01f2baea-5004-4e8d-a9a5-66c50aaf49e6,머쓱케이스,휴대폰 액세서리,동성로상점가,자율상권구역,대구광역시,,,
251216537fe493e3ff25,full_annotation_v1,A,q_잡화_02,소품,패션·잡화 중 '잡화'를 판매·제공하는 매장,train,잡화,T2 동의어,0f690e70-2715-405f-b647-068f0732643c,미미,소품,주안시민지하도상점가,일반지하상점가,인천광역시,,,
22f41981335b4608d102,full_annotation_v1,A,q_잡화_02,소품,패션·잡화 중 '잡화'를 판매·제공하는 매장,train,잡화,T2 동의어,3e2ce503-2389-4505-8852-05b333abb509,더그레이,소품,동산상가,전통시장,대구광역시,,,
9d3fda6ba19c70e118b0,full_annotation_v1,A,q_잡화_02,소품,패션·잡화 중 '잡화'를 판매·제공하는 매장,train,잡화,T2 동의어,00242042-f371-486a-a1fc-b85de093edbf,슈올즈 이천점,"신발, 잡화",장터거리시장 골목형상점가,골목형상점가,경기도,,,
85ad40aae3712bc40ba3,full_annotation_v1,A,q_잡화_02,소품,패션·잡화 중 '잡화'를 판매·제공하는 매장,train,잡화,T2 동의어,0529a714-435f-4a79-ac14-6753b097c8f2,카이코스,가죽소품,숭례문수입상가,전통시장,서울특별시,,,
ada1efdcd995e5e2a7b1,full_annotation_v1,A,q_잡화_02,소품,패션·잡화 중 '잡화'를 판매·제공하는 매장,train,잡화,T2 동의어,4d8c350e-5217-4f11-af0d-d75421ec85a2,삼천리자전거송천점,자전거,전주송천동골목형상점가,골목형상점가,전북특별자치도,,,
7f46c0b61c54495dc619,full_annotation_v1,A,q_잡화_02,소품,패션·잡화 중 '잡화'를 판매·제공하는 매장,train,잡화,T2 동의어,5f8b65d9-1737-4f08-8ec9-291bf312b1af,성희갤러리,소품,자운대 골목형상점가,골목형상점가,대전광역시,,,
e9a5194af3cbc97de0d5,full_annotation_v1,A,q_잡화_02,소품,패션·잡화 중 '잡화'를 판매·제공하는 매장,train,잡화,T2 동의어,498b557b-dfad-4097-be2a-80b259a36b1d,토카샵,의류 소품,평화광장 원형로 상인회 골목형상점가,골목형상점가,전라남도,,,
3bcd513830725cd8f3b3,full_annotation_v1,A,q_잡화_02,소품,패션·잡화 중 '잡화'를 판매·제공하는 매장,train,잡화,T2 동의어,920a8daf-cf4a-4d33-9e24-48a0fafca5f3,몽글,소품,구미 금리단길 골목형상점가,골목형상점가,경상북도,,,
15ea0902c342feae5836,full_annotation_v1,A,q_잡화_02,소품,패션·잡화 중 '잡화'를 판매·제공하는 매장,train,잡화,T2 동의어,27fec927-9ef1-4a78-b4e6-c9f93fc5c489,데코피아,소품,창원 성원그랜드쇼핑상가,전통시장,경상남도,,,
e138464d8587c368919f,full_annotation_v1,A,q_잡화_02,소품,패션·잡화 중 '잡화'를 판매·제공하는 매장,train,잡화,T2 동의어,59d518bf-3849-468f-a884-175fff16bcef,목장정육점,식육판매,은구비서로사회적협동조합 골목형상점가,골목형상점가,대전광역시,,,
2c41e38f7e8d6719601a,full_annotation_v1,A,q_잡화_02,소품,패션·잡화 중 '잡화'를 판매·제공하는 매장,train,잡화,T2 동의어,02dd6b8f-8097-4065-8d0f-a6c5267a1f89,오케이모자,모자,남대문시장,전통시장,서울특별시,,,
185ae2a2b718a09aa5b8,full_annotation_v1,A,q_잡화_02,소품,패션·잡화 중 '잡화'를 판매·제공하는 매장,train,잡화,T2 동의어,93af0060-9f29-40cb-9305-973962bebddf,채채하우스,소품,강릉성남시장,전통시장,강원특별자치도,,,
33a446210dd92dea35c6,full_annotation_v1,A,q_잡화_02,소품,패션·잡화 중 '잡화'를 판매·제공하는 매장,train,잡화,T2 동의어,803818c2-0551-492f-b9e1-bdef0a414a86,쁘띠하우스,소품,원동중앙로골목형상점가,골목형상점가,대전광역시,,,
0b8c5d481a3b1618edc0,full_annotation_v1,A,q_잡화_02,소품,패션·잡화 중 '잡화'를 판매·제공하는 매장,train,잡화,T2 동의어,48360e32-c5cf-40ff-b333-b56eb5dfd16a,시장 자연산수산,수산물,구룡포시장,전통시장,경상북도,,,
40db13cb1ec4c9aff0fe,full_annotation_v1,A,q_잡화_02,소품,패션·잡화 중 '잡화'를 판매·제공하는 매장,train,잡화,T2 동의어,a1416d6e-b093-494c-aa1c-d65754672cf1,후후,소품,서문시장2지구 종합상가,전통시장,대구광역시,,,
015034a92a992eb283a5,full_annotation_v1,A,q_잡화_02,소품,패션·잡화 중 '잡화'를 판매·제공하는 매장,train,잡화,T2 동의어,aea8099b-3125-407e-a2d4-2876dd918789,하니와클로버,소품,해남읍 원도심 상권활성화구역,상권활성화구역,전라남도,,,
4d1279aa3496f2880e2f,full_annotation_v1,A,q_잡화_02,소품,패션·잡화 중 '잡화'를 판매·제공하는 매장,train,잡화,T2 동의어,6f00e22a-4455-4f40-9182-231a3281117a,이조왕갈비,돼지갈비,봉덕맛길 골목형상점가,골목형상점가,대구광역시,,,
3e491b9c523341547950,full_annotation_v1,A,q_잡화_02,소품,패션·잡화 중 '잡화'를 판매·제공하는 매장,train,잡화,T2 동의어,03d2f183-77cc-44c8-b4e4-f34ed3bcfa83,다나,"소매업(귀금속,액세서리,모조장신구)",코끼리시장,전통시장,경기도,,,
d5f951f37d5a62b6a67b,full_annotation_v1,A,q_잡화_02,소품,패션·잡화 중 '잡화'를 판매·제공하는 매장,train,잡화,T2 동의어,13b2624c-6177-47ec-ba3b-72e6c887ba8f,코코샤넬,소품,동산상가,전통시장,대구광역시,,,
d3df3274665397c057d5,full_annotation_v1,A,q_잡화_02,소품,패션·잡화 중 '잡화'를 판매·제공하는 매장,train,잡화,T2 동의어,ae8f0b6b-7de2-471a-b25e-333aa6e25afd,이끌레르,속눈썹,풍암호수앞상인회 골목형상점가,골목형상점가,광주광역시,,,
35a2f6822d8e41763f64,full_annotation_v1,A,q_잡화_02,소품,패션·잡화 중 '잡화'를 판매·제공하는 매장,train,잡화,T2 동의어,4038bd50-e3a6-480d-9159-67d65e5e7a2f,구트리젠,소품,동성로상점가,자율상권구역,대구광역시,,,
82d4a6077017ff0b27e8,full_annotation_v1,A,q_잡화_02,소품,패션·잡화 중 '잡화'를 판매·제공하는 매장,train,잡화,T2 동의어,f1772325-d079-4b6a-9ab0-1b7611fb95d8,작은공간,소품,울진시장(울진바지게시장),전통시장,경상북도,,,
63fb06751d920d0ba140,full_annotation_v1,A,q_잡화_02,소품,패션·잡화 중 '잡화'를 판매·제공하는 매장,train,잡화,T2 동의어,87ea50f3-a69d-4fc5-ae13-0fcaa3b8decd,리스정육프라자,식육,음성시장,전통시장,충청북도,,,
b06021e7b216539007f9,full_annotation_v1,A,q_잡화_02,소품,패션·잡화 중 '잡화'를 판매·제공하는 매장,train,잡화,T2 동의어,a4842558-57c5-4956-8190-4b01bd8f02ce,지우네,소품,제천시 원도심 상권활성화구역,상권활성화구역,충청북도,,,
f71b417c5c408624de88,full_annotation_v1,A,q_잡화_02,소품,패션·잡화 중 '잡화'를 판매·제공하는 매장,train,잡화,T2 동의어,0054b824-eb72-4efa-a1ba-40d467c899a5,수정상회,잡화,중앙전통시장,전통시장,울산광역시,,,
1ab6c9d63eecbf6e5e96,full_annotation_v1,A,q_잡화_02,소품,패션·잡화 중 '잡화'를 판매·제공하는 매장,train,잡화,T2 동의어,9ba71e45-13cb-48f0-b192-bd1ca026415b,유주리본,소품,서문시장2지구 종합상가,전통시장,대구광역시,,,
03f11fcbdd302ec8d168,full_annotation_v1,A,q_잡화_02,소품,패션·잡화 중 '잡화'를 판매·제공하는 매장,train,잡화,T2 동의어,0346890c-a0a4-46a1-8572-f5a7af519b58,소소상점,잡화 침구 소품,구미 아카데미상가 골목형상점가,골목형상점가,경상북도,,,
ddf04540da12acf66e6f,full_annotation_v1,A,q_잡화_02,소품,패션·잡화 중 '잡화'를 판매·제공하는 매장,train,잡화,T2 동의어,3610fbc2-9fbd-49fe-b9e0-4dd6efbf1bbd,선유도고양이,소품,선유로운골목형상점가,골목형상점가,서울특별시,,,
2aaa50e284ae40733c2f,full_annotation_v1,A,q_잡화_02,소품,패션·잡화 중 '잡화'를 판매·제공하는 매장,train,잡화,T2 동의어,a34bc7db-c8ad-4d59-ac61-5c982b3c3d68,삼총사,소품,동산상가,전통시장,대구광역시,,,
b6be243d02cf505683da,full_annotation_v1,A,q_잡화_02,소품,패션·잡화 중 '잡화'를 판매·제공하는 매장,train,잡화,T2 동의어,b323782b-9803-4f47-9603-ae2ac987f44a,카페발리,커피 소품,효덕마을 골목형상점가,골목형상점가,광주광역시,,,
89c7adc9dc91d41e3109,full_annotation_v1,A,q_잡화_02,소품,패션·잡화 중 '잡화'를 판매·제공하는 매장,train,잡화,T2 동의어,033d5e54-09a8-4b62-b2f3-fcbbea102801,은천지,이동식소품(은제품)매대,전주남부시장,전통시장,전북특별자치도,,,
0a39deb6c95c19870ab8,full_annotation_v1,A,q_잡화_02,소품,패션·잡화 중 '잡화'를 판매·제공하는 매장,train,잡화,T2 동의어,caa743fb-cc6b-4a20-a01b-5c2e5f9e931c,디와이에너지,소품,경주중심상가,전통시장,경상북도,,,
3307301fbcf05b4f936b,full_annotation_v1,A,q_잡화_02,소품,패션·잡화 중 '잡화'를 판매·제공하는 매장,train,잡화,T2 동의어,ed81dbff-1677-4275-8a6d-29078805077c,밎춤양복전문점미조사,양복점,전주송천동골목형상점가,골목형상점가,전북특별자치도,,,
63c5af6f218f0279745d,full_annotation_v1,A,q_잡화_02,소품,패션·잡화 중 '잡화'를 판매·제공하는 매장,train,잡화,T2 동의어,3fee2885-a799-41eb-a5a9-3494cd7ce30b,디스,"의류, 소품",통영 충무데파트,자율상권구역,경상남도,,,
4696edc67bb7ab73ec11,full_annotation_v1,A,q_잡화_02,소품,패션·잡화 중 '잡화'를 판매·제공하는 매장,train,잡화,T2 동의어,370916bf-3f57-4737-9070-67f9561eba74,마에로,소품,뒷개로청춘골목상점가,골목형상점가,전라남도,,,
2d444178ba20e6549bd3,full_annotation_v1,A,q_잡화_02,소품,패션·잡화 중 '잡화'를 판매·제공하는 매장,train,잡화,T2 동의어,001bacc9-5a95-4049-babd-6691512d8da0,백두사,잡화,장량성도시장,전통시장,경상북도,,,
c6c6b62bdcbb5990ec33,full_annotation_v1,A,q_잡화_02,소품,패션·잡화 중 '잡화'를 판매·제공하는 매장,train,잡화,T2 동의어,374023ba-d7d1-4ea3-b629-7f2550fd29f1,황해수육 안산점,한식,고잔뜰 상점가,자율상권구역,경기도,,,
25c00f8930c47f2248de,full_annotation_v1,A,q_잡화_02,소품,패션·잡화 중 '잡화'를 판매·제공하는 매장,train,잡화,T2 동의어,ee6e302b-338c-48d2-af41-9ef392b0baff,제니텐,소품,은행동상점가(구 으능정이상점가),자율상권구역,대전광역시,,,
eadcd8c2f3edcc3c6d62,full_annotation_v1,A,q_잡화_02,소품,패션·잡화 중 '잡화'를 판매·제공하는 매장,train,잡화,T2 동의어,8b2920e8-5c03-4924-9b03-3984173eae72,커텐과 소품,커텐 및 소품,개나리종합상가 골목형상점가,골목형상점가,경상북도,,,
a7d6836a0d83b1f95254,full_annotation_v1,A,q_잡화_02,소품,패션·잡화 중 '잡화'를 판매·제공하는 매장,train,잡화,T2 동의어,d8a7da0c-73ba-4f88-afcb-98076b2660f8,파파샵,문구 소품,동명동 카페거리 골목형상점가,골목형상점가,광주광역시,,,
34a4d46653e1ab8760f9,full_annotation_v1,A,q_잡화_02,소품,패션·잡화 중 '잡화'를 판매·제공하는 매장,train,잡화,T2 동의어,003d5df8-0856-45e0-a11e-5098cf70541e,앨리스리본&공방,"공방, 잡화",봉화내성시장,전통시장,경상북도,,,
5825ab1f163b8c6e4dd0,full_annotation_v1,A,q_잡화_02,소품,패션·잡화 중 '잡화'를 판매·제공하는 매장,train,잡화,T2 동의어,306794a1-17ea-4706-9925-359332eac5ea,프렌치,소품,동산상가,전통시장,대구광역시,,,
b1972b6af77ad980b3fa,full_annotation_v1,A,q_잡화_02,소품,패션·잡화 중 '잡화'를 판매·제공하는 매장,train,잡화,T2 동의어,383d97c4-2d20-4866-8e82-c13d2655dae5,조양수산,수산물,소래포구전통어시장,전통시장,인천광역시,,,
b084401fbfcb4f0628a4,full_annotation_v1,A,q_잡화_03,액세서리,패션·잡화 중 '잡화'를 판매·제공하는 매장,train,잡화,T2 동의어,7667c8a0-1111-48bb-8c1f-ecc00cfe9549,쏨씨2,액세서리,제주중앙지하상가,일반지하상점가,제주특별자치도,,,
24a4bd3f63b05acbf079,full_annotation_v1,A,q_잡화_03,액세서리,패션·잡화 중 '잡화'를 판매·제공하는 매장,train,잡화,T2 동의어,34c944bf-fae8-4ef6-9770-0c2700d4e67f,다모아,액세서리,안양중앙지하도상가,일반지하상점가,경기도,,,
d61d7fc79c312178007d,full_annotation_v1,A,q_잡화_03,액세서리,패션·잡화 중 '잡화'를 판매·제공하는 매장,train,잡화,T2 동의어,32bc3f87-a976-4478-950b-2804f400f751,금한냥,액세서리,중앙로 지하상가 상점가,일반지하상점가,대전광역시,,,
66ad1ff168192888ba4f,full_annotation_v1,A,q_잡화_03,액세서리,패션·잡화 중 '잡화'를 판매·제공하는 매장,train,잡화,T2 동의어,6041ddb0-f36b-4ae8-99be-e22fbddd776e,꾸밈,액세서리,서문시장건해산물상가,전통시장,대구광역시,,,
5f2db9ac062905ec5e68,full_annotation_v1,A,q_잡화_03,액세서리,패션·잡화 중 '잡화'를 판매·제공하는 매장,train,잡화,T2 동의어,05f076bf-2a1f-4dc6-bc59-af84f12ebfe2,현대모자,우산 모자 타올 기타,창원 성원그랜드쇼핑상가,전통시장,경상남도,,,
5e81e1ffcb4e058b7f47,full_annotation_v1,A,q_잡화_03,액세서리,패션·잡화 중 '잡화'를 판매·제공하는 매장,train,잡화,T2 동의어,a2a57544-73a6-4091-821a-89f8b3523ee4,소소,액세서리,부평깡통시장(구 부산부평시장),전통시장,부산광역시,,,
6ecc3b61db37c459a02a,full_annotation_v1,A,q_잡화_03,액세서리,패션·잡화 중 '잡화'를 판매·제공하는 매장,train,잡화,T2 동의어,b59cc57f-dfac-4cf7-8238-c59b5944696d,삼흥뿌롯지,액세서리,대전도매시장,전통시장,대전광역시,,,
23b0edf90486356d2169,full_annotation_v1,A,q_잡화_03,액세서리,패션·잡화 중 '잡화'를 판매·제공하는 매장,train,잡화,T2 동의어,29a886e1-8ae3-4fef-870e-5b8558f5ee58,팝콘,액세서리,서문시장아진상가,전통시장,대구광역시,,,
0ba65b729b9a06d23a20,full_annotation_v1,A,q_잡화_03,액세서리,패션·잡화 중 '잡화'를 판매·제공하는 매장,train,잡화,T2 동의어,89ef240e-ece5-4fea-97d8-fd79046546bb,오뚜기농산물,과일,청주육거리종합시장,전통시장,충청북도,,,
b6af7aebb4c473f2b577,full_annotation_v1,A,q_잡화_03,액세서리,패션·잡화 중 '잡화'를 판매·제공하는 매장,train,잡화,T2 동의어,16fe89cb-ffb3-4ba9-81ed-c9cfa0d34b9c,쵸이스,액세서리,서문시장(명품프라자상가),전통시장,대구광역시,,,
3d2401f6a26b94ee5216,full_annotation_v1,A,q_잡화_03,액세서리,패션·잡화 중 '잡화'를 판매·제공하는 매장,train,잡화,T2 동의어,103b58df-9070-473b-9627-3995e26657cf,화이트,액세서리,서문시장아진상가,전통시장,대구광역시,,,
da7762678d75e8d23c1e,full_annotation_v1,A,q_잡화_03,액세서리,패션·잡화 중 '잡화'를 판매·제공하는 매장,train,잡화,T2 동의어,108a9b12-544d-4ace-80b4-34f3f62489ba,씨밀레,액세서리,제주중앙지하상가,일반지하상점가,제주특별자치도,,,
7a270e020fbfd2be3d4e,full_annotation_v1,A,q_잡화_03,액세서리,패션·잡화 중 '잡화'를 판매·제공하는 매장,train,잡화,T2 동의어,56b5993f-d505-46e5-a72a-b32dd63d1810,제일상회,한복지,중앙메가프라자,전통시장,대전광역시,,,
e246baebde6a18829ad5,full_annotation_v1,A,q_잡화_03,액세서리,패션·잡화 중 '잡화'를 판매·제공하는 매장,train,잡화,T2 동의어,02dd6b8f-8097-4065-8d0f-a6c5267a1f89,오케이모자,모자,남대문시장,전통시장,서울특별시,,,
6502c6ddf8c5fb7dec77,full_annotation_v1,A,q_잡화_03,액세서리,패션·잡화 중 '잡화'를 판매·제공하는 매장,train,잡화,T2 동의어,f03ceb8c-b5c2-40eb-bbe4-c75cb0d7ed71,미소,액세서리,남대문시장,전통시장,서울특별시,,,
ba55514e65b933d24753,full_annotation_v1,A,q_잡화_03,액세서리,패션·잡화 중 '잡화'를 판매·제공하는 매장,train,잡화,T2 동의어,e181ebce-8eda-4197-bfd0-21fb4589ff40,보물섬,액세서리,㈜르네시떼,전통시장,부산광역시,,,
e9f1fbf15dfc1d66d6e7,full_annotation_v1,A,q_잡화_03,액세서리,패션·잡화 중 '잡화'를 판매·제공하는 매장,train,잡화,T2 동의어,020bea26-ac6d-4c37-88bb-f7115e8f3117,안성모자,모자,안성맞춤시장,전통시장,경기도,,,
87cd8ad8890f51708cc5,full_annotation_v1,A,q_잡화_03,액세서리,패션·잡화 중 '잡화'를 판매·제공하는 매장,train,잡화,T2 동의어,14ee58c8-29b7-4b8a-bac4-fe2d3acb4d27,bhc봉천청림점,치킨,청림로드골목형상점가,골목형상점가,서울특별시,,,
a6b79067c3860a4cfef9,full_annotation_v1,A,q_잡화_03,액세서리,패션·잡화 중 '잡화'를 판매·제공하는 매장,train,잡화,T2 동의어,488ea49e-1ce2-48be-8321-6fee1816b168,진스타,도소매(외의),평화시장,전통시장,서울특별시,,,
0245789330bb5fb41fb4,full_annotation_v1,A,q_잡화_03,액세서리,패션·잡화 중 '잡화'를 판매·제공하는 매장,train,잡화,T2 동의어,c3f31618-f9c4-466b-9d18-f4a7a36c1526,엘름,액세서리,전북대대학로상점가,자율상권구역,전북특별자치도,,,
d9f7c710a3b6d376fbc1,full_annotation_v1,A,q_잡화_03,액세서리,패션·잡화 중 '잡화'를 판매·제공하는 매장,train,잡화,T2 동의어,014e0403-940b-49b1-a7bc-f51be56c02a5,세이프티아웃도어 주식회사,아웃도어 작업복 안전화 등 안전용품 공구 및 소품,서면1번가 자율상권구역,,부산광역시,,,
f38cf9ae3fe7fbec0d6c,full_annotation_v1,A,q_잡화_03,액세서리,패션·잡화 중 '잡화'를 판매·제공하는 매장,train,잡화,T2 동의어,2249d6bb-7dcc-44c2-97e5-d548b6a99bf6,소담반찬,액세서리,송현시장,전통시장,인천광역시,,,
70462734e1ec30ffee32,full_annotation_v1,A,q_잡화_03,액세서리,패션·잡화 중 '잡화'를 판매·제공하는 매장,train,잡화,T2 동의어,35f0f215-b74f-4509-94e3-39f23bfea34d,은은하네,액세서리,주안역지하도상점가,일반지하상점가,인천광역시,,,
b7d19fc9d4f3271781b0,full_annotation_v1,A,q_잡화_03,액세서리,패션·잡화 중 '잡화'를 판매·제공하는 매장,train,잡화,T2 동의어,101cc67b-c6b4-4f32-873d-fc6d91e40e76,THE조아통신,액세서리,화정로상인회 골목형상점가,골목형상점가,광주광역시,,,
801eeff2a5cb2d6454cf,full_annotation_v1,A,q_잡화_03,액세서리,패션·잡화 중 '잡화'를 판매·제공하는 매장,train,잡화,T2 동의어,d94ba9cf-8ec3-477d-abad-483cedfdeff7,스포츠아울렛20,액세서리,원종종합시장,전통시장,경기도,,,
ebfee37a25a301463476,full_annotation_v1,A,q_잡화_03,액세서리,패션·잡화 중 '잡화'를 판매·제공하는 매장,train,잡화,T2 동의어,299bdacb-0c9e-4324-afd0-f3cbeed2ddf7,레몬트리,액세서리,순천씨내몰상가(구 순천지하상가),일반지하상점가,전라남도,,,
cd63880925b6fbdd0908,full_annotation_v1,A,q_잡화_03,액세서리,패션·잡화 중 '잡화'를 판매·제공하는 매장,train,잡화,T2 동의어,65386d18-2467-46cb-b0ef-8189a4aac482,코디,액세서리,제천중앙시장,전통시장,충청북도,,,
ec2ed1aea1cc352ff12e,full_annotation_v1,A,q_잡화_03,액세서리,패션·잡화 중 '잡화'를 판매·제공하는 매장,train,잡화,T2 동의어,033d5e54-09a8-4b62-b2f3-fcbbea102801,은천지,이동식소품(은제품)매대,전주남부시장,전통시장,전북특별자치도,,,
ec698c48530d28ef7f64,full_annotation_v1,A,q_잡화_03,액세서리,패션·잡화 중 '잡화'를 판매·제공하는 매장,train,잡화,T2 동의어,0188cda6-6441-4058-82b0-0cb89e035583,친한친구,액세서리,㈜르네시떼,전통시장,부산광역시,,,
40be5422fafd1ab9157e,full_annotation_v1,A,q_잡화_03,액세서리,패션·잡화 중 '잡화'를 판매·제공하는 매장,train,잡화,T2 동의어,0ad74f4a-292f-46b3-b2d8-0dd8499bb7d5,코디,액세서리,제천중앙시장,전통시장,충청북도,,,
56199a55c0c5e792ef6a,full_annotation_v1,A,q_잡화_03,액세서리,패션·잡화 중 '잡화'를 판매·제공하는 매장,train,잡화,T2 동의어,29b8b294-f431-49c9-a440-bd7d4f53cc03,미광사,액세서리,대전도매시장,전통시장,대전광역시,,,
9915e43d3bb74b0a6fb8,full_annotation_v1,A,q_잡화_03,액세서리,패션·잡화 중 '잡화'를 판매·제공하는 매장,train,잡화,T2 동의어,9fbaf466-b109-4d41-a60c-dad684d9e9c4,㈜은빈,액세서리,메트로센터(반월당지하쇼핑),일반지하상점가,대구광역시,,,
d86fdea1a09e34b916a2,full_annotation_v1,A,q_잡화_03,액세서리,패션·잡화 중 '잡화'를 판매·제공하는 매장,train,잡화,T2 동의어,4a1b9c45-113a-4073-92cc-0b754ad9382b,고향상회,농산물,원종고강제일시장(부천제일시장),전통시장,경기도,,,
d84e53a2c33e0ea4406b,full_annotation_v1,A,q_잡화_03,액세서리,패션·잡화 중 '잡화'를 판매·제공하는 매장,train,잡화,T2 동의어,0529a714-435f-4a79-ac14-6753b097c8f2,카이코스,가죽소품,숭례문수입상가,전통시장,서울특별시,,,
c1bd4a3bcc17d5fc34ba,full_annotation_v1,A,q_잡화_03,액세서리,패션·잡화 중 '잡화'를 판매·제공하는 매장,train,잡화,T2 동의어,b35e64c1-a22f-42db-bbff-e0ab1ac23fdb,샵원,액세서리,성남중앙지하시장,일반지하상점가,경기도,,,
ff75c30e83a62fbe2907,full_annotation_v1,A,q_잡화_03,액세서리,패션·잡화 중 '잡화'를 판매·제공하는 매장,train,잡화,T2 동의어,4653f0c0-994c-45fc-a88d-6bcca5d37604,오드리,액세서리,BOCA 보카상점가,골목형상점가,경기도,,,
48524ada74ec3de0d68e,full_annotation_v1,A,q_잡화_03,액세서리,패션·잡화 중 '잡화'를 판매·제공하는 매장,train,잡화,T2 동의어,abd8dae6-52bd-4131-a271-5ba478b48e4e,뷰티걸,액세서리,삼익패션타운,전통시장,서울특별시,,,
c9a1c1e13073dc4cb9ad,full_annotation_v1,A,q_잡화_03,액세서리,패션·잡화 중 '잡화'를 판매·제공하는 매장,train,잡화,T2 동의어,0308940f-189d-41bd-9a0c-cae20bfc8b65,실버투유,액세서리,남대문시장,전통시장,서울특별시,,,
2edc1f3f4bd9b2eed5d3,full_annotation_v1,A,q_잡화_03,액세서리,패션·잡화 중 '잡화'를 판매·제공하는 매장,train,잡화,T2 동의어,8815c37f-e03e-4233-95dd-f8aa29be7861,골든젬,액세서리,남대문시장,전통시장,서울특별시,,,
45fdefe6a0f66045934c,full_annotation_v1,A,q_잡화_03,액세서리,패션·잡화 중 '잡화'를 판매·제공하는 매장,train,잡화,T2 동의어,c9719231-247e-42f2-a317-d43f3234a2e6,궁전,액세서리,남대문시장,전통시장,서울특별시,,,
db198b421868d63f417b,full_annotation_v1,A,q_잡화_03,액세서리,패션·잡화 중 '잡화'를 판매·제공하는 매장,train,잡화,T2 동의어,1066c7d2-b0dd-4a8f-820c-56453a218c6c,렛미쥬,액세서리,다정중앙 골목형상점가,골목형상점가,세종특별자치시,,,
24a516acc11f0e286c6c,full_annotation_v1,A,q_잡화_03,액세서리,패션·잡화 중 '잡화'를 판매·제공하는 매장,train,잡화,T2 동의어,003d5df8-0856-45e0-a11e-5098cf70541e,앨리스리본&공방,"공방, 잡화",봉화내성시장,전통시장,경상북도,,,
6492c635994eefddc85a,full_annotation_v1,A,q_잡화_03,액세서리,패션·잡화 중 '잡화'를 판매·제공하는 매장,train,잡화,T2 동의어,8eb7dcae-8542-4b4a-8861-170ffc2975c4,디씨마트,액세서리,부산역지하도상가,일반지하상점가,부산광역시,,,
1bf297800a32a8befad1,full_annotation_v1,A,q_잡화_03,액세서리,패션·잡화 중 '잡화'를 판매·제공하는 매장,train,잡화,T2 동의어,01f2baea-5004-4e8d-a9a5-66c50aaf49e6,머쓱케이스,휴대폰 액세서리,동성로상점가,자율상권구역,대구광역시,,,
7a4312f481f0ed50cff9,full_annotation_v1,A,q_잡화_03,액세서리,패션·잡화 중 '잡화'를 판매·제공하는 매장,train,잡화,T2 동의어,70e2286f-b8c2-4cb6-8e97-028160380f98,골드라인,액세서리,시티프라자골목형상점가,골목형상점가,전라남도,,,
b23272cf0a051f1989fb,full_annotation_v1,A,q_잡화_03,액세서리,패션·잡화 중 '잡화'를 판매·제공하는 매장,train,잡화,T2 동의어,62b7cbe6-246d-44ba-b840-3fc6d88d67f0,은,액세서리,부평깡통시장(구 부산부평시장),전통시장,부산광역시,,,
0ea571c1f093b48f6f55,full_annotation_v1,A,q_잡화_03,액세서리,패션·잡화 중 '잡화'를 판매·제공하는 매장,train,잡화,T2 동의어,947b8547-2ede-4de3-9b3b-2619bd37e30f,블루쥬얼리,액세서리,남대문시장,전통시장,서울특별시,,,
9c09022bc33a25ac462d,full_annotation_v1,A,q_잡화_03,액세서리,패션·잡화 중 '잡화'를 판매·제공하는 매장,train,잡화,T2 동의어,1c26e7d6-8231-4eb6-a906-462ff083de63,봉금리리,액세서리,동산상가,전통시장,대구광역시,,,
8c44359eddf333c07df1,full_annotation_v1,A,q_잡화_03,액세서리,패션·잡화 중 '잡화'를 판매·제공하는 매장,train,잡화,T2 동의어,cece9844-0d40-4173-b7b9-10e5b7741104,허브,액세서리,부산진시장,전통시장,부산광역시,,,
fc15f3a6ee2ec8cb2b24,full_annotation_v1,A,q_잡화_03,액세서리,패션·잡화 중 '잡화'를 판매·제공하는 매장,train,잡화,T2 동의어,c87cd084-9c58-4363-9bdd-4d376015d045,폭스스토리,액세서리,경산중앙로상점가,자율상권구역,경상북도,,,
cd42eaf9de8e716cecdf,full_annotation_v1,A,q_잡화_03,액세서리,패션·잡화 중 '잡화'를 판매·제공하는 매장,train,잡화,T2 동의어,72405a59-bd7c-438f-ba4a-b1eb6a04b78b,레드아이강남,액세서리,강남역지하도상점가,일반지하상점가,서울특별시,,,
61a4dee500c499b548d3,full_annotation_v1,A,q_잡화_03,액세서리,패션·잡화 중 '잡화'를 판매·제공하는 매장,train,잡화,T2 동의어,8d0d418a-0ced-4e82-9585-15a53d9dd656,다모아,액세서리,동산상가,전통시장,대구광역시,,,
a9e38eff99d34fe08150,full_annotation_v1,A,q_잡화_03,액세서리,패션·잡화 중 '잡화'를 판매·제공하는 매장,train,잡화,T2 동의어,d34d8d79-e641-43c1-976d-b9757b1a0afd,로즈,액세서리,동산상가,전통시장,대구광역시,,,
13f6785a5970230ca15d,full_annotation_v1,A,q_잡화_03,액세서리,패션·잡화 중 '잡화'를 판매·제공하는 매장,train,잡화,T2 동의어,24dc51b2-7ba2-4308-ba9e-726f39124672,르호봇,의류 액세서리,고촌 먹거리타운 골목형상점가,골목형상점가,경기도,,,
ccac7bb6a8d3a7ddee70,full_annotation_v1,A,q_잡화_03,액세서리,패션·잡화 중 '잡화'를 판매·제공하는 매장,train,잡화,T2 동의어,7ea2f891-86a7-4583-9a0d-1e7e70f839a8,엣찌,액세서리,부산진시장,전통시장,부산광역시,,,
f090c9e9d007e363df35,full_annotation_v1,A,q_잡화_03,액세서리,패션·잡화 중 '잡화'를 판매·제공하는 매장,train,잡화,T2 동의어,d765b051-803b-4994-be19-01e987a11d6d,풀하우스,액세서리,제주중앙지하상가,일반지하상점가,제주특별자치도,,,
9d624159325db7f5c1d8,full_annotation_v1,A,q_잡화_03,액세서리,패션·잡화 중 '잡화'를 판매·제공하는 매장,train,잡화,T2 동의어,42a7fe61-67a8-4552-b572-fe8b73ff7d3a,창동퀸,액세서리,마산 창동통합상가,자율상권구역,경상남도,,,
5652a8a98dc1057e1751,full_annotation_v1,A,q_잡화_03,액세서리,패션·잡화 중 '잡화'를 판매·제공하는 매장,train,잡화,T2 동의어,1f9adadb-4587-4b98-af14-5c98a90384b1,와플칸 창원신촌점,커피전문점,창원 양곡시장,전통시장,경상남도,,,
4829357911ab7821fa5a,full_annotation_v1,A,q_잡화_03,액세서리,패션·잡화 중 '잡화'를 판매·제공하는 매장,train,잡화,T2 동의어,4f175ee4-ede3-4c9c-800a-f49d5a191434,타임프라자,액세서리,대현프리몰 대구점,일반지하상점가,대구광역시,,,
1cb9b19698037b2795eb,full_annotation_v1,A,q_잡화_03,액세서리,패션·잡화 중 '잡화'를 판매·제공하는 매장,train,잡화,T2 동의어,974e7fda-d740-4a0d-b1f0-db61c488570d,빅,액세서리,배방상점가,자율상권구역,충청남도,,,
df5701142eea9dca6381,full_annotation_v1,A,q_잡화_03,액세서리,패션·잡화 중 '잡화'를 판매·제공하는 매장,train,잡화,T2 동의어,dd118228-d2a2-46a6-924e-b8512717d42d,보궁,액세서리,부산진시장,전통시장,부산광역시,,,
5148589fae1043be546c,full_annotation_v1,A,q_잡화_03,액세서리,패션·잡화 중 '잡화'를 판매·제공하는 매장,train,잡화,T2 동의어,91d7a6db-7ce6-416a-a6f3-24b7602672b1,포시즌,액세서리,㈜르네시떼,전통시장,부산광역시,,,
35291537075c6d2376cd,full_annotation_v1,A,q_잡화_03,액세서리,패션·잡화 중 '잡화'를 판매·제공하는 매장,train,잡화,T2 동의어,03cf59c3-0bce-43ff-9df1-14e946a2bd29,금산트라이,"모자, 가방, 패션잡화",금산중앙로상점가,자율상권구역,충청남도,,,
b3b24deb7f69bfb28233,full_annotation_v1,A,q_잡화_03,액세서리,패션·잡화 중 '잡화'를 판매·제공하는 매장,train,잡화,T2 동의어,aff14cc9-3a19-4ced-9380-cafcce295fe1,로이드,액세서리,평화로상가,자율상권구역,경상북도,,,
1924d6f40d98cb513b02,full_annotation_v1,A,q_잡화_03,액세서리,패션·잡화 중 '잡화'를 판매·제공하는 매장,train,잡화,T2 동의어,99193c71-b50c-4b40-975b-e80f0fc4e4be,액세서리 세상,액세서리,역전지하상가,일반지하상점가,대전광역시,,,
e3d53580a0283f0c1485,full_annotation_v1,A,q_잡화_03,액세서리,패션·잡화 중 '잡화'를 판매·제공하는 매장,train,잡화,T2 동의어,66aa2b0b-77e6-4171-a6a3-ecc2b5663e30,명가 짬뽕,중식,용문천년시장,전통시장,경기도,,,
6a4963ca4cbbe3fbdcdd,full_annotation_v1,A,q_잡화_03,액세서리,패션·잡화 중 '잡화'를 판매·제공하는 매장,train,잡화,T2 동의어,bb27a1f4-bda1-43fb-9241-f715c674deec,오렌지나무,액세서리,㈜르네시떼,전통시장,부산광역시,,,
1eaddc549202c5ab9f8e,full_annotation_v1,A,q_잡화_03,액세서리,패션·잡화 중 '잡화'를 판매·제공하는 매장,train,잡화,T2 동의어,42ed0667-0b6a-438d-8b9f-f286adca4f16,폰앤펀,액세서리,제주중앙지하상가,일반지하상점가,제주특별자치도,,,
854ef88efea004f57f4c,full_annotation_v1,A,q_잡화_03,액세서리,패션·잡화 중 '잡화'를 판매·제공하는 매장,train,잡화,T2 동의어,290b8692-63c3-4140-8f1b-9f1552b472e6,위드,액세서리,부산평화시장,전통시장,부산광역시,,,
fd9a1718a9d549a1ae13,full_annotation_v1,A,q_잡화_03,액세서리,패션·잡화 중 '잡화'를 판매·제공하는 매장,train,잡화,T2 동의어,de90d3d3-0ca5-44a3-a239-acd0ce4b5e59,비즈랑,액세서리,㈜르네시떼,전통시장,부산광역시,,,
63106fd61253f95a2b30,full_annotation_v1,A,q_잡화_03,액세서리,패션·잡화 중 '잡화'를 판매·제공하는 매장,train,잡화,T2 동의어,fa355bb6-202d-4393-bd7f-10c1b1d5cf48,지인 삼계탕,한식,개롱골장군거리 골목형상점가,골목형상점가,서울특별시,,,
a1127e2591f117275222,full_annotation_v1,A,q_잡화_03,액세서리,패션·잡화 중 '잡화'를 판매·제공하는 매장,train,잡화,T2 동의어,abb6292c-2024-4a79-9930-497e36badeab,미라클통신,액세서리,하기동 골목형상점가,골목형상점가,대전광역시,,,
af6c306777d0cd8c3cdc,full_annotation_v1,A,q_잡화_03,액세서리,패션·잡화 중 '잡화'를 판매·제공하는 매장,train,잡화,T2 동의어,d058254c-a122-4d08-9247-efac9629d17d,남들 액세서리,액세서리,신포지하상가,일반지하상점가,인천광역시,,,
f13a6c8d4e8a76d08c89,full_annotation_v1,A,q_잡화_03,액세서리,패션·잡화 중 '잡화'를 판매·제공하는 매장,train,잡화,T2 동의어,e1872d62-f8aa-408e-a329-a56d5584ba03,꾸밈,액세서리,동성로상점가,자율상권구역,대구광역시,,,
9a31ddd8c5b0dcd7221b,full_annotation_v1,A,q_잡화_03,액세서리,패션·잡화 중 '잡화'를 판매·제공하는 매장,train,잡화,T2 동의어,7126d9d3-55a6-4e42-8efd-b73e65638aba,코지,액세서리,과천제일쇼핑시장,전통시장,경기도,,,
4207890b2179166bdf10,full_annotation_v1,A,q_잡화_03,액세서리,패션·잡화 중 '잡화'를 판매·제공하는 매장,train,잡화,T2 동의어,c750b053-4763-4107-9dcf-184a65ad0470,꿀템,액세서리,신부평지하상가,일반지하상점가,인천광역시,,,
a0451fff374ee851625b,full_annotation_v1,A,q_잡화_03,액세서리,패션·잡화 중 '잡화'를 판매·제공하는 매장,train,잡화,T2 동의어,a7957367-aed4-4ef0-ab49-176554024f83,공주악세사리,액세서리,팔달문시장,전통시장,경기도,,,
412a7120f6565c99a368,full_annotation_v1,A,q_잡화_03,액세서리,패션·잡화 중 '잡화'를 판매·제공하는 매장,train,잡화,T2 동의어,de851842-8fa5-415c-b752-fd85357b3ad2,디엠,액세서리,고투몰(강남터미널지하도상점가),일반지하상점가,서울특별시,,,
a722e21b9c6081ad6e85,full_annotation_v1,A,q_잡화_03,액세서리,패션·잡화 중 '잡화'를 판매·제공하는 매장,train,잡화,T2 동의어,d8766125-7e18-4774-a238-d3eec400b252,페피트,액세서리,제주중앙지하상가,일반지하상점가,제주특별자치도,,,
69a20c1572fe9e3ba92a,full_annotation_v1,A,q_잡화_03,액세서리,패션·잡화 중 '잡화'를 판매·제공하는 매장,train,잡화,T2 동의어,746e1515-6c37-4a82-bc6b-5147cb53176f,코코피어싱클럽,액세서리,동진시장,전통시장,서울특별시,,,
daee7946bc7708ce6b66,full_annotation_v1,A,q_잡화_03,액세서리,패션·잡화 중 '잡화'를 판매·제공하는 매장,train,잡화,T2 동의어,aca87779-d9d4-4380-8a0b-2d931d684496,프레리,액세서리,부평역지하상가,일반지하상점가,인천광역시,,,
e8e112e6fdebc6e11743,full_annotation_v1,A,q_잡화_03,액세서리,패션·잡화 중 '잡화'를 판매·제공하는 매장,train,잡화,T2 동의어,0cad4508-524a-4c79-9456-36e2a8d36738,에스닉,액세서리,예술의거리 골목형상점가,골목형상점가,광주광역시,,,
03802f77b186f35360d8,full_annotation_v1,A,q_잡화_03,액세서리,패션·잡화 중 '잡화'를 판매·제공하는 매장,train,잡화,T2 동의어,0de38086-6d79-4865-9743-e54df9feb380,금보랑,액세서리,월드밸리,전통시장,부산광역시,,,
5efffe74f69491463137,full_annotation_v1,A,q_잡화_03,액세서리,패션·잡화 중 '잡화'를 판매·제공하는 매장,train,잡화,T2 동의어,e680a25c-3731-4a54-99e6-974b9e431367,꽃피는봄날처럼,액세서리,금산금빛시장(금산시장),전통시장,충청남도,,,
2ba0ac24691a3f6bcd53,full_annotation_v1,A,q_잡화_03,액세서리,패션·잡화 중 '잡화'를 판매·제공하는 매장,train,잡화,T2 동의어,38978551-b254-485c-84c2-4c86a8d044bb,골드라인,액세서리,창원 반송시장,전통시장,경상남도,,,
2c1860c03c57c23380d1,full_annotation_v1,A,q_잡화_03,액세서리,패션·잡화 중 '잡화'를 판매·제공하는 매장,train,잡화,T2 동의어,feabf0e1-d1b6-4ae0-bacd-8f7edd204ab1,소브,액세서리,동산상가,전통시장,대구광역시,,,
3bc289a1ce56a7b4ef8e,full_annotation_v1,A,q_잡화_03,액세서리,패션·잡화 중 '잡화'를 판매·제공하는 매장,train,잡화,T2 동의어,45b3b80d-df89-4544-8908-737e4f3d356c,동아,액세서리,통영중앙전통시장,전통시장,경상남도,,,
c61da865a6bd45cea901,full_annotation_v1,A,q_잡화_03,액세서리,패션·잡화 중 '잡화'를 판매·제공하는 매장,train,잡화,T2 동의어,03425599-9eed-4d3b-8682-d3c2e620325e,초량전통시장 노점매대 54번,액세서리,초량전통시장,전통시장,부산광역시,,,
a5dbc7bd8013267b56f2,full_annotation_v1,A,q_잡화_03,액세서리,패션·잡화 중 '잡화'를 판매·제공하는 매장,train,잡화,T2 동의어,20b6615d-0b94-4ae0-956d-c67c2374f602,리얼핸즈,액세서리,현풍백년도깨비시장,전통시장,대구광역시,,,
2e2b739e32a21adcfb87,full_annotation_v1,A,q_잡화_03,액세서리,패션·잡화 중 '잡화'를 판매·제공하는 매장,train,잡화,T2 동의어,e4815cf9-6022-434d-a460-904bcac63c96,다온,액세서리,보세거리 상점가,자율상권구역,울산광역시,,,
153c91e8657ff9977d02,full_annotation_v1,A,q_잡화_03,액세서리,패션·잡화 중 '잡화'를 판매·제공하는 매장,train,잡화,T2 동의어,6d270f28-197a-4d20-b2f3-0bbab170f231,진실버,액세서리,부산진시장,전통시장,부산광역시,,,
56c91d0fcbf59e08e28e,full_annotation_v1,A,q_잡화_03,액세서리,패션·잡화 중 '잡화'를 판매·제공하는 매장,train,잡화,T2 동의어,bd91e28f-f0f2-46b8-88a9-53956fc12866,서주,액세서리,소공 지하쇼핑센터,일반지하상점가,서울특별시,,,
f456296801293197a6af,full_annotation_v1,A,q_잡화_03,액세서리,패션·잡화 중 '잡화'를 판매·제공하는 매장,train,잡화,T2 동의어,04c7f4e2-7207-41fb-aebb-6d021d42e613,픽뎀업,"모자, 가방, 키링, 패치",연남동골목형상점가,골목형상점가,서울특별시,,,
91da485fb2fab66f3ad4,full_annotation_v1,A,q_잡화_03,액세서리,패션·잡화 중 '잡화'를 판매·제공하는 매장,train,잡화,T2 동의어,0054b824-eb72-4efa-a1ba-40d467c899a5,수정상회,잡화,중앙전통시장,전통시장,울산광역시,,,
817e0e75f2701b24910e,full_annotation_v1,A,q_잡화_03,액세서리,패션·잡화 중 '잡화'를 판매·제공하는 매장,train,잡화,T2 동의어,8ff99e7b-a4a0-4706-b028-55da26eb8d62,댕글링,액세서리,노원역9번출구 골목형상점가,골목형상점가,서울특별시,,,
4724f08099be1a86329f,full_annotation_v1,A,q_잡화_03,액세서리,패션·잡화 중 '잡화'를 판매·제공하는 매장,train,잡화,T2 동의어,165c6289-ddcb-4d5b-9359-2a255eb6a6bb,선물의집,액세서리,송탄시장(송북시장),전통시장,경기도,,,
0f16eec4badfa5aadb05,full_annotation_v1,A,q_잡화_03,액세서리,패션·잡화 중 '잡화'를 판매·제공하는 매장,train,잡화,T2 동의어,361b9a75-3da2-4af2-a718-2f44b00b9ae2,통,액세서리,동산상가,전통시장,대구광역시,,,
33028e5c51b6afce7a51,full_annotation_v1,A,q_잡화_03,액세서리,패션·잡화 중 '잡화'를 판매·제공하는 매장,train,잡화,T2 동의어,03d2f183-77cc-44c8-b4e4-f34ed3bcfa83,다나,"소매업(귀금속,액세서리,모조장신구)",코끼리시장,전통시장,경기도,,,
4cf79c76d362efbc144a,full_annotation_v1,A,q_잡화_03,액세서리,패션·잡화 중 '잡화'를 판매·제공하는 매장,train,잡화,T2 동의어,4fe060bc-39ff-4350-a26b-650d04773ea5,후,액세서리,월드상가골목형상점가,골목형상점가,인천광역시,,,
5a20c6cf32ac9d2fb4ac,full_annotation_v1,A,q_잡화_03,액세서리,패션·잡화 중 '잡화'를 판매·제공하는 매장,train,잡화,T2 동의어,e4991cf8-cf00-40b3-a906-df5d744ee25a,황해호,수산물,소래포구전통어시장,전통시장,인천광역시,,,
ee6bea5dcac59f518b3e,full_annotation_v1,A,q_잡화_03,액세서리,패션·잡화 중 '잡화'를 판매·제공하는 매장,train,잡화,T2 동의어,adde8b2f-7580-45a8-a3c2-595daae1be36,미광상회,액세서리,중앙전통시장,전통시장,울산광역시,,,
57b1f0e9ebd0ded9b859,full_annotation_v1,A,q_잡화_03,액세서리,패션·잡화 중 '잡화'를 판매·제공하는 매장,train,잡화,T2 동의어,4b734722-4578-47ce-9541-54a5b1265914,쁘띠샵,액세서리,산본로데오거리(구 산본중심상가),자율상권구역,경기도,,,
5899c0ed78a04a5f75cc,full_annotation_v1,A,q_잡화_03,액세서리,패션·잡화 중 '잡화'를 판매·제공하는 매장,train,잡화,T2 동의어,c09f0918-b500-493b-a379-83306ea06701,부영상회,액세서리,부산남문시장,전통시장,부산광역시,,,
7f10f6f94087d524f60d,full_annotation_v1,A,q_잡화_03,액세서리,패션·잡화 중 '잡화'를 판매·제공하는 매장,train,잡화,T2 동의어,ae769136-0996-4776-a242-280d074c8321,나르시스,액세서리,역전지하상가,일반지하상점가,대전광역시,,,
ee3072268fa7e89ab16b,full_annotation_v1,A,q_잡화_03,액세서리,패션·잡화 중 '잡화'를 판매·제공하는 매장,train,잡화,T2 동의어,0346890c-a0a4-46a1-8572-f5a7af519b58,소소상점,잡화 침구 소품,구미 아카데미상가 골목형상점가,골목형상점가,경상북도,,,
afb3bc3a452423d25b38,full_annotation_v1,A,q_잡화_03,액세서리,패션·잡화 중 '잡화'를 판매·제공하는 매장,train,잡화,T2 동의어,a962e75e-e855-4640-9852-f3f4e2551e90,젬스타,액세서리,대구패션주얼리특구,자율상권구역,대구광역시,,,
51c3eda7803d0733d706,full_annotation_v1,A,q_잡화_03,액세서리,패션·잡화 중 '잡화'를 판매·제공하는 매장,train,잡화,T2 동의어,8fee28ac-453a-4023-bbf1-8a0bba68b9ef,딸기공주,액세서리,성서와룡시장,전통시장,대구광역시,,,
db1360efc121d70d8cbc,full_annotation_v1,A,q_잡화_03,액세서리,패션·잡화 중 '잡화'를 판매·제공하는 매장,train,잡화,T2 동의어,e29e01c8-1b57-4b2b-8cb1-b662acb1d6c5,만물의집,액세서리,창원 명서시장,전통시장,경상남도,,,
3b5f308078812b5b5c45,full_annotation_v1,A,q_잡화_03,액세서리,패션·잡화 중 '잡화'를 판매·제공하는 매장,train,잡화,T2 동의어,8fc54e1e-5a71-49cc-9b3a-2a30e7a82641,현우네좋고싸고우리농산물,야채,옥련시장,전통시장,인천광역시,,,
34fa2d5ef33f34f11288,full_annotation_v1,A,q_잡화_03,액세서리,패션·잡화 중 '잡화'를 판매·제공하는 매장,train,잡화,T2 동의어,2ac4c94d-eed9-4836-b35e-72909499a8ca,신성,선어,청량리수산시장,전통시장,서울특별시,,,
8c6e8199c08a6277f484,full_annotation_v1,A,q_잡화_03,액세서리,패션·잡화 중 '잡화'를 판매·제공하는 매장,train,잡화,T2 동의어,6518257e-a5cd-4dd1-80f0-d350575c1250,이쁘자나,액세서리,마산 (주)대현프리몰 지하도상점가,일반지하상점가,경상남도,,,
cbfd3cf6fd5e8f7ee7c7,full_annotation_v1,A,q_잡화_03,액세서리,패션·잡화 중 '잡화'를 판매·제공하는 매장,train,잡화,T2 동의어,203a7e62-47c5-404a-b50e-309a8e102521,김석제세한의원,침 한약,지석사거리 골목형상점가,골목형상점가,광주광역시,,,
3399a106a4ac6ef3fd51,full_annotation_v1,A,q_잡화_03,액세서리,패션·잡화 중 '잡화'를 판매·제공하는 매장,train,잡화,T2 동의어,0d0dc717-946e-4962-8ae5-2ec39a46e467,스텔라,액세서리,부산자유시장,전통시장,부산광역시,,,
b39b7bf2ca00a82b89b7,full_annotation_v1,A,q_잡화_03,액세서리,패션·잡화 중 '잡화'를 판매·제공하는 매장,train,잡화,T2 동의어,00242042-f371-486a-a1fc-b85de093edbf,슈올즈 이천점,"신발, 잡화",장터거리시장 골목형상점가,골목형상점가,경기도,,,
61e789ab849856f44f29,full_annotation_v1,A,q_잡화_03,액세서리,패션·잡화 중 '잡화'를 판매·제공하는 매장,train,잡화,T2 동의어,ad22f3d1-502c-4e71-b6ac-f2c8ae1921f5,앨리스,액세서리,영월종합상가,전통시장,강원특별자치도,,,
9c899178c6cf9eedbc5d,full_annotation_v1,A,q_잡화_03,액세서리,패션·잡화 중 '잡화'를 판매·제공하는 매장,train,잡화,T2 동의어,d4da1429-4122-46e3-8e71-20a67f96ab84,아이비프라임,액세서리,충장로123가 상점가,자율상권구역,광주광역시,,,
d63202f2ed4349d8ce27,full_annotation_v1,A,q_잡화_03,액세서리,패션·잡화 중 '잡화'를 판매·제공하는 매장,train,잡화,T2 동의어,d231dbdb-8e64-4cb0-a746-649b8dedfc04,채빈,액세서리,목원대 골목형상점가,골목형상점가,대전광역시,,,
bf40cabdfdf3212c17b0,full_annotation_v1,A,q_잡화_03,액세서리,패션·잡화 중 '잡화'를 판매·제공하는 매장,train,잡화,T2 동의어,6e4f7c42-a949-413d-81e3-f70d972e550a,올리브,액세서리,신안프라자전통시장,전통시장,경기도,,,
53babf7c32ea40ad8b25,full_annotation_v1,A,q_잡화_03,액세서리,패션·잡화 중 '잡화'를 판매·제공하는 매장,train,잡화,T2 동의어,55fd2cdd-161a-4ba5-b68e-b73668db1f29,주얼리,액세서리,성남중앙지하시장,일반지하상점가,경기도,,,
a3a8cf6e70d82abb02a1,full_annotation_v1,A,q_잡화_03,액세서리,패션·잡화 중 '잡화'를 판매·제공하는 매장,train,잡화,T2 동의어,001bacc9-5a95-4049-babd-6691512d8da0,백두사,잡화,장량성도시장,전통시장,경상북도,,,
822f8c8de829940490a7,full_annotation_v1,A,q_잡화_03,액세서리,패션·잡화 중 '잡화'를 판매·제공하는 매장,train,잡화,T2 동의어,00df56ff-2c2d-4759-9cbd-95241e0a8f6d,너와의순간,기타소품,속초종합중앙시장,전통시장,강원특별자치도,,,
50c8e09cd2d6bf669d75,full_annotation_v1,A,q_잡화_03,액세서리,패션·잡화 중 '잡화'를 판매·제공하는 매장,train,잡화,T2 동의어,f3b564d4-09f1-4ff1-abde-2f5d18630a1d,플레이감천,액세서리,감천문화마을 골목형상점가,골목형상점가,부산광역시,,,
643b856b38499526f1ef,full_annotation_v1,A,q_잡화_03,액세서리,패션·잡화 중 '잡화'를 판매·제공하는 매장,train,잡화,T2 동의어,5bf6ad11-a978-4d02-91a2-9a92ab8d99ee,모아팜,액세서리,㈜신정시장,전통시장,울산광역시,,,
9f550fe3116054c56658,full_annotation_v1,A,q_잡화_03,액세서리,패션·잡화 중 '잡화'를 판매·제공하는 매장,train,잡화,T2 동의어,bbd4d0db-02f2-442b-ad73-628342dc24cb,루비,액세서리,㈜르네시떼,전통시장,부산광역시,,,
f5517e9b9262bac58d58,full_annotation_v1,A,q_잡화_03,액세서리,패션·잡화 중 '잡화'를 판매·제공하는 매장,train,잡화,T2 동의어,5e51903f-a54d-491a-98a7-6b449733f271,포도나무,액세서리,금남지하도상가2공구,일반지하상점가,광주광역시,,,
06743f43f2ffd4ba69a3,full_annotation_v1,A,q_잡화_03,액세서리,패션·잡화 중 '잡화'를 판매·제공하는 매장,train,잡화,T2 동의어,967251a6-671c-43c8-b15e-5b8c6d4da67e,서울마님죽마산어시장점,죽,마산어시장,전통시장,경상남도,,,
232272b023da2a3fb53b,full_annotation_v1,A,q_잡화_03,액세서리,패션·잡화 중 '잡화'를 판매·제공하는 매장,train,잡화,T2 동의어,c28f3839-0f4c-476f-84c5-e280b880dec4,모두아생활용품,생활용품,구월시장,전통시장,인천광역시,,,
4d87b2965054c454fdc1,full_annotation_v1,A,q_잡화_03,액세서리,패션·잡화 중 '잡화'를 판매·제공하는 매장,train,잡화,T2 동의어,e9a7557a-797f-438d-a700-0845d75cff35,골드핑거,액세서리,흥국상가,자율상권구역,전라남도,,,
799b625ee3472bd984f9,full_annotation_v1,A,q_잡화_03,액세서리,패션·잡화 중 '잡화'를 판매·제공하는 매장,train,잡화,T2 동의어,4197bd30-dc26-4feb-8c3a-e8f1dc452500,루비앤한솔공예,액세서리,인후동1가 골목형상점가,골목형상점가,전북특별자치도,,,
468304e466f38d93f7b3,full_annotation_v1,A,q_잡화_03,액세서리,패션·잡화 중 '잡화'를 판매·제공하는 매장,train,잡화,T2 동의어,8f5757e6-6554-42d0-9471-3b8970b60156,탑캐슬호텔,숙박,호남동불로동천변 골목형상점가,골목형상점가,광주광역시,,,
eef49f2bfaa565d031fe,full_annotation_v1,A,q_잡화_03,액세서리,패션·잡화 중 '잡화'를 판매·제공하는 매장,train,잡화,T2 동의어,e2d75015-ac87-4bd0-9300-d91852fd42a8,화신상회,액세서리,대전도매시장,전통시장,대전광역시,,,
367f5bfc88494502c46b,full_annotation_v1,A,q_잡화_03,액세서리,패션·잡화 중 '잡화'를 판매·제공하는 매장,train,잡화,T2 동의어,40574397-d224-480f-ad67-1011fe629622,진티지,의류 액세서리,진주 로데오거리상점가,자율상권구역,경상남도,,,
d1550b3af0b82a4806d7,full_annotation_v1,A,q_잡화_03,액세서리,패션·잡화 중 '잡화'를 판매·제공하는 매장,train,잡화,T2 동의어,cedbf629-cdaa-4037-9efd-a322f782732d,풍안사,액세서리,부산남문시장,전통시장,부산광역시,,,
667572ae1b11a7f36ee2,full_annotation_v1,A,q_잡화_03,액세서리,패션·잡화 중 '잡화'를 판매·제공하는 매장,train,잡화,T2 동의어,f0ae187d-d93d-48d6-b1fa-0645712f74d6,로이드,액세서리,안동중앙문화의거리상점가,자율상권구역,경상북도,,,
5429e6c09c0ae68927e3,full_annotation_v1,A,q_잡화_03,액세서리,패션·잡화 중 '잡화'를 판매·제공하는 매장,train,잡화,T2 동의어,7dc9acba-e311-4d1b-8f4f-288464aef433,필프리,액세서리,대현프리몰 대구점,일반지하상점가,대구광역시,,,
e2dac6bedb33d71b5e33,full_annotation_v1,A,q_잡화_03,액세서리,패션·잡화 중 '잡화'를 판매·제공하는 매장,train,잡화,T2 동의어,3d163ebc-6beb-4d87-bd7e-783b58133a4b,토스,액세서리,남천해변시장,전통시장,부산광역시,,,
0bfee0541d8513d43b55,full_annotation_v1,A,q_잡화_03,액세서리,패션·잡화 중 '잡화'를 판매·제공하는 매장,train,잡화,T2 동의어,e64f6966-b924-495b-830c-7f70438c7d7e,씨(SI)안산한대점,의류,안산패션타운전통시장,전통시장,경기도,,,
53aaae6f553f3a478918,full_annotation_v1,A,q_잡화_03,액세서리,패션·잡화 중 '잡화'를 판매·제공하는 매장,train,잡화,T2 동의어,003747e4-8102-4296-bfdf-b7ca7c1f83fa,평화잡화,잡화,부산평화시장,전통시장,부산광역시,,,
f7d2ea835b809613ef50,full_annotation_v1,A,q_잡화_04,잡화,패션·잡화 중 '잡화'를 판매·제공하는 매장,train,잡화,T3 개념확장,8f7c7119-f12e-4656-b71b-d933cafbe3d6,만물상회,잡화,무안전통시장,전통시장,전라남도,,,
62e81e58bf093855c4b2,full_annotation_v1,A,q_잡화_04,잡화,패션·잡화 중 '잡화'를 판매·제공하는 매장,train,잡화,T3 개념확장,e8b6da7c-9086-40cf-be4a-db619b51266d,신앙촌상회,잡화,좌동재래시장,전통시장,부산광역시,,,
e474a4499949e2090b3a,full_annotation_v1,A,q_잡화_04,잡화,패션·잡화 중 '잡화'를 판매·제공하는 매장,train,잡화,T3 개념확장,f16921ee-7067-4f37-905e-0e8e16e8576f,비웜,의류,전북대대학로상점가,자율상권구역,전북특별자치도,,,
d5ac582168093fee3489,full_annotation_v1,A,q_잡화_04,잡화,패션·잡화 중 '잡화'를 판매·제공하는 매장,train,잡화,T3 개념확장,424f4f6e-5fb4-459d-b566-d9c1f29e49d4,만물상회,잡화,부전시장,전통시장,부산광역시,,,
c5a4cd4645f4c6c99e7a,full_annotation_v1,A,q_잡화_04,잡화,패션·잡화 중 '잡화'를 판매·제공하는 매장,train,잡화,T3 개념확장,ff7442d3-27c7-44db-99d8-0973cb0acfd1,제일상회,잡화,의정부제일시장,전통시장,경기도,,,
93fa15b0b4ea06a760b9,full_annotation_v1,A,q_잡화_04,잡화,패션·잡화 중 '잡화'를 판매·제공하는 매장,train,잡화,T3 개념확장,d9e9adfd-eb35-4f6f-8a64-f32994444a98,미닮,잡화,시장로타리지하상가,일반지하상점가,인천광역시,,,
25ad4752de0a297cc27b,full_annotation_v1,A,q_잡화_04,잡화,패션·잡화 중 '잡화'를 판매·제공하는 매장,train,잡화,T3 개념확장,07c22ab1-4469-4378-bfe7-5f0ae17217a7,보물세상,잡화,샘골로골목형상점가,골목형상점가,경기도,,,
017fbc2dddf24312fdef,full_annotation_v1,A,q_잡화_04,잡화,패션·잡화 중 '잡화'를 판매·제공하는 매장,train,잡화,T3 개념확장,0346890c-a0a4-46a1-8572-f5a7af519b58,소소상점,잡화 침구 소품,구미 아카데미상가 골목형상점가,골목형상점가,경상북도,,,
9196fa91246b501b6036,full_annotation_v1,A,q_잡화_04,잡화,패션·잡화 중 '잡화'를 판매·제공하는 매장,train,잡화,T3 개념확장,9db39050-2f1b-4bda-98b4-5736f601ba64,옛날잡화,잡화,신정상가시장,전통시장,울산광역시,,,
8af3956922cb9a868ac1,full_annotation_v1,A,q_잡화_04,잡화,패션·잡화 중 '잡화'를 판매·제공하는 매장,train,잡화,T3 개념확장,e2379c6c-e6f3-4eef-ac4f-8fd29de872c4,덕신수퍼,잡화,영천공설시장,전통시장,경상북도,,,
bece76fe202151615626,full_annotation_v1,A,q_잡화_04,잡화,패션·잡화 중 '잡화'를 판매·제공하는 매장,train,잡화,T3 개념확장,5479f4da-905b-433b-829d-9ef64c820bf7,떼구루,디저트,부평 문화의거리,전통시장,인천광역시,,,
0765e7a788a2393ca66b,full_annotation_v1,A,q_잡화_04,잡화,패션·잡화 중 '잡화'를 판매·제공하는 매장,train,잡화,T3 개념확장,e1f6ab5d-faa4-45df-9294-3aff08bcb417,썬마트,잡화,오수상점가,자율상권구역,전북특별자치도,,,
e445a3d71ba23da3743a,full_annotation_v1,A,q_잡화_04,잡화,패션·잡화 중 '잡화'를 판매·제공하는 매장,train,잡화,T3 개념확장,003d5df8-0856-45e0-a11e-5098cf70541e,앨리스리본&공방,"공방, 잡화",봉화내성시장,전통시장,경상북도,,,
ca9fbde3c66792c4c6b2,full_annotation_v1,A,q_잡화_04,잡화,패션·잡화 중 '잡화'를 판매·제공하는 매장,train,잡화,T3 개념확장,b2ae5540-9557-40bf-9062-720c0035932c,오로라스카프(잡화),잡화,서면지하도상가 부전몰,일반지하상점가,부산광역시,,,
8878693caa7ad96554fd,full_annotation_v1,A,q_잡화_04,잡화,패션·잡화 중 '잡화'를 판매·제공하는 매장,train,잡화,T3 개념확장,c6c791f7-3aba-4a9f-aae7-0612b7e27aae,미소아,잡화,대구교동시장,전통시장,대구광역시,,,
080765d2445f1f215a2b,full_annotation_v1,A,q_잡화_04,잡화,패션·잡화 중 '잡화'를 판매·제공하는 매장,train,잡화,T3 개념확장,f9faf29f-e7ee-4721-9b0c-89ecc44b940e,귀신반점전북대점,중식,전북대대학로상점가,자율상권구역,전북특별자치도,,,
2490baf24c2b464e7340,full_annotation_v1,A,q_잡화_04,잡화,패션·잡화 중 '잡화'를 판매·제공하는 매장,train,잡화,T3 개념확장,1cac7c5b-b7a8-4999-86b3-a9483fe24e2d,삐삐의하루,잡화,양산 덕계종합상설시장,전통시장,경상남도,,,
dbd88c8ef620e362be4b,full_annotation_v1,A,q_잡화_04,잡화,패션·잡화 중 '잡화'를 판매·제공하는 매장,train,잡화,T3 개념확장,44be2157-159e-4707-b4a7-e535a46d1893,영남상회,생활용품(가정기물),범천중앙시장,전통시장,부산광역시,,,
1cf7f5bee250d488bb2b,full_annotation_v1,A,q_잡화_04,잡화,패션·잡화 중 '잡화'를 판매·제공하는 매장,train,잡화,T3 개념확장,a801793e-a6dc-4e99-9ffb-f7a91e29af93,콩꼬물,잡화,오천시장,전통시장,경상북도,,,
4c67bf30ca3ddb2bffe3,full_annotation_v1,A,q_잡화_04,잡화,패션·잡화 중 '잡화'를 판매·제공하는 매장,train,잡화,T3 개념확장,c215d7ae-d311-4d81-887c-d83df94e138a,럭키상회,잡화,동명동 아침골목상점가,골목형상점가,전라남도,,,
038ed3638f9992e30003,full_annotation_v1,A,q_잡화_04,잡화,패션·잡화 중 '잡화'를 판매·제공하는 매장,train,잡화,T3 개념확장,0529a714-435f-4a79-ac14-6753b097c8f2,카이코스,가죽소품,숭례문수입상가,전통시장,서울특별시,,,
a11d340b305be409487a,full_annotation_v1,A,q_잡화_04,잡화,패션·잡화 중 '잡화'를 판매·제공하는 매장,train,잡화,T3 개념확장,24634a85-b167-4c56-9db2-efa143c8af4f,산타수퍼마트,잡화,가좌시장,전통시장,인천광역시,,,
35d2bb307a9bfa068904,full_annotation_v1,A,q_잡화_04,잡화,패션·잡화 중 '잡화'를 판매·제공하는 매장,train,잡화,T3 개념확장,436b1c3d-729b-4078-b608-2dddcc7c5666,신앙촌상회,잡화,남대문시장,전통시장,서울특별시,,,
b3f2ed8be0d7467a3804,full_annotation_v1,A,q_잡화_04,잡화,패션·잡화 중 '잡화'를 판매·제공하는 매장,train,잡화,T3 개념확장,a47f8c25-7c96-47a2-b90c-e9451c2a6045,수아종합유통,잡화,엑스포코아 골목형상점가,골목형상점가,대전광역시,,,
7cb23f0ed3a5adc38bb1,full_annotation_v1,A,q_잡화_04,잡화,패션·잡화 중 '잡화'를 판매·제공하는 매장,train,잡화,T3 개념확장,e767774e-52ef-4383-8ed6-1c81d468b592,팅커벨,잡화,미금현대벤처빌시장,전통시장,경기도,,,
08ff96c90217b167321c,full_annotation_v1,A,q_잡화_04,잡화,패션·잡화 중 '잡화'를 판매·제공하는 매장,train,잡화,T3 개념확장,4e515a59-75e4-4acd-91bf-f8e1cb0fe3eb,미찌,잡화,부산평화시장,전통시장,부산광역시,,,
ac60d6f4d365999fa5d6,full_annotation_v1,A,q_잡화_04,잡화,패션·잡화 중 '잡화'를 판매·제공하는 매장,train,잡화,T3 개념확장,03425599-9eed-4d3b-8682-d3c2e620325e,초량전통시장 노점매대 54번,액세서리,초량전통시장,전통시장,부산광역시,,,
17a9e356c18473ef800c,full_annotation_v1,A,q_잡화_04,잡화,패션·잡화 중 '잡화'를 판매·제공하는 매장,train,잡화,T3 개념확장,513889d2-2dd8-40c5-bf4a-137d09294dee,아미,잡화,중앙로 지하상가 상점가,일반지하상점가,대전광역시,,,
87f9a47e0a1ff9cfea18,full_annotation_v1,A,q_잡화_04,잡화,패션·잡화 중 '잡화'를 판매·제공하는 매장,train,잡화,T3 개념확장,62e81896-1c4a-4130-b337-9beae4807a63,대짱가방,잡화,전통중앙도매상가,전통시장,대전광역시,,,
92ecf639423ea5a985b2,full_annotation_v1,A,q_잡화_04,잡화,패션·잡화 중 '잡화'를 판매·제공하는 매장,train,잡화,T3 개념확장,9e138eac-9c67-49b4-8fc3-4c38911f8121,모든잡화,잡화,아랫장,전통시장,전라남도,,,
dad9230a20efe502c31d,full_annotation_v1,A,q_잡화_04,잡화,패션·잡화 중 '잡화'를 판매·제공하는 매장,train,잡화,T3 개념확장,fc63e221-deb8-4c4b-95ed-6ba8f9237a65,삼애종합유통,잡화,양동닭전길시장,전통시장,광주광역시,,,
2e169dd4f2302292eedc,full_annotation_v1,A,q_잡화_04,잡화,패션·잡화 중 '잡화'를 판매·제공하는 매장,train,잡화,T3 개념확장,02dd6b8f-8097-4065-8d0f-a6c5267a1f89,오케이모자,모자,남대문시장,전통시장,서울특별시,,,
fbd32d481728bb17bd11,full_annotation_v1,A,q_잡화_04,잡화,패션·잡화 중 '잡화'를 판매·제공하는 매장,train,잡화,T3 개념확장,fbf647c1-8dbd-46e1-9f3a-1b5d5af0f913,민준이네,잡화,의정부제일시장,전통시장,경기도,,,
91257f35bbcdc0f648f9,full_annotation_v1,A,q_잡화_04,잡화,패션·잡화 중 '잡화'를 판매·제공하는 매장,train,잡화,T3 개념확장,9bdcac0c-3db1-4de0-8e71-b1b7cbc23f79,성운수산,수산물,부전상가시장,전통시장,부산광역시,,,
7c2ad3419aed38770b31,full_annotation_v1,A,q_잡화_04,잡화,패션·잡화 중 '잡화'를 판매·제공하는 매장,train,잡화,T3 개념확장,a15b574d-d1aa-41b4-b8e8-cd97c0c0fcc4,이븜,의류 잡화,주월1동봉선로 골목형상점가,골목형상점가,광주광역시,,,
af1e7b0a8897cf8d6533,full_annotation_v1,A,q_잡화_04,잡화,패션·잡화 중 '잡화'를 판매·제공하는 매장,train,잡화,T3 개념확장,2bf882a3-afe0-4dd6-851b-d89a9b8c2339,신앙촌상회,잡화,영동전통시장,전통시장,서울특별시,,,
2b4832807352064932d2,full_annotation_v1,A,q_잡화_04,잡화,패션·잡화 중 '잡화'를 판매·제공하는 매장,train,잡화,T3 개념확장,e15180fc-6167-46a0-94ea-e84462a5852b,차미,잡화,동산상가,전통시장,대구광역시,,,
92e59ad58ed0a7bcc5e3,full_annotation_v1,A,q_잡화_04,잡화,패션·잡화 중 '잡화'를 판매·제공하는 매장,train,잡화,T3 개념확장,00242042-f371-486a-a1fc-b85de093edbf,슈올즈 이천점,"신발, 잡화",장터거리시장 골목형상점가,골목형상점가,경기도,,,
30b0da42ab0c70a19595,full_annotation_v1,A,q_잡화_04,잡화,패션·잡화 중 '잡화'를 판매·제공하는 매장,train,잡화,T3 개념확장,020bea26-ac6d-4c37-88bb-f7115e8f3117,안성모자,모자,안성맞춤시장,전통시장,경기도,,,
25816ccf870aa8f8fa6c,full_annotation_v1,A,q_잡화_04,잡화,패션·잡화 중 '잡화'를 판매·제공하는 매장,train,잡화,T3 개념확장,f9d56874-55c5-494f-aa03-6d57e6c36483,중앙상회,잡화,수유시장,전통시장,서울특별시,,,
822d5f9ef90960b4a036,full_annotation_v1,A,q_잡화_04,잡화,패션·잡화 중 '잡화'를 판매·제공하는 매장,train,잡화,T3 개념확장,003747e4-8102-4296-bfdf-b7ca7c1f83fa,평화잡화,잡화,부산평화시장,전통시장,부산광역시,,,
177f6a374863fea14520,full_annotation_v1,A,q_잡화_04,잡화,패션·잡화 중 '잡화'를 판매·제공하는 매장,train,잡화,T3 개념확장,d878979b-b38a-4129-bc81-0febc57522f3,신앙촌상회,잡화,반송큰시장,전통시장,부산광역시,,,
12df7fdd523dad2204ef,full_annotation_v1,A,q_잡화_04,잡화,패션·잡화 중 '잡화'를 판매·제공하는 매장,train,잡화,T3 개념확장,be2614a9-f73a-4a66-901e-e86e2d8f4955,신앙촌상회,잡화,양평물맑은시장,전통시장,경기도,,,
48fca9d209981859237e,full_annotation_v1,A,q_잡화_04,잡화,패션·잡화 중 '잡화'를 판매·제공하는 매장,train,잡화,T3 개념확장,557dedcd-75e9-4c27-9d7e-1487f8eb3167,신앙촌상회,잡화,꿈의숲장곡골목형상점가,골목형상점가,서울특별시,,,
58ce73bc01263bc97c3c,full_annotation_v1,A,q_잡화_04,잡화,패션·잡화 중 '잡화'를 판매·제공하는 매장,train,잡화,T3 개념확장,d51a0bbc-635f-4070-aa2f-75c17913dab1,만물상회,잡화,김해 장유전통시장,전통시장,경상남도,,,
9c2bad3b6b7f56c08f08,full_annotation_v1,A,q_잡화_04,잡화,패션·잡화 중 '잡화'를 판매·제공하는 매장,train,잡화,T3 개념확장,71debb48-9cce-43f9-ac86-1c8961d7f6be,수아의방,잡화,엑스포코아 골목형상점가,골목형상점가,대전광역시,,,
463d3f558583a630b656,full_annotation_v1,A,q_잡화_04,잡화,패션·잡화 중 '잡화'를 판매·제공하는 매장,train,잡화,T3 개념확장,05f076bf-2a1f-4dc6-bc59-af84f12ebfe2,현대모자,우산 모자 타올 기타,창원 성원그랜드쇼핑상가,전통시장,경상남도,,,
3ce884c4485a19b79691,full_annotation_v1,A,q_잡화_04,잡화,패션·잡화 중 '잡화'를 판매·제공하는 매장,train,잡화,T3 개념확장,0fd73ded-58f1-42e6-b6b0-93ce75a28896,주홍사,잡화,남대문시장,전통시장,서울특별시,,,
e24eff7f234a18b57ad5,full_annotation_v1,A,q_잡화_04,잡화,패션·잡화 중 '잡화'를 판매·제공하는 매장,train,잡화,T3 개념확장,1628bb66-b1ca-4236-9342-4dfe0ac31e74,장날(잡화),잡화,익산북부시장,전통시장,전북특별자치도,,,
a5bbec0ef01d589202d6,full_annotation_v1,A,q_잡화_04,잡화,패션·잡화 중 '잡화'를 판매·제공하는 매장,train,잡화,T3 개념확장,b590b287-9608-449a-be74-7dcb31c0a646,신앙촌상회,잡화,청주사창시장,전통시장,충청북도,,,
10ef40d94bdf9e6b1185,full_annotation_v1,A,q_잡화_04,잡화,패션·잡화 중 '잡화'를 판매·제공하는 매장,train,잡화,T3 개념확장,a1d7f7c2-ba87-4595-b4e0-963415465b5b,만물상회,잡화,남대문시장,전통시장,서울특별시,,,
e50c959beed0fd72cc0a,full_annotation_v1,A,q_잡화_04,잡화,패션·잡화 중 '잡화'를 판매·제공하는 매장,train,잡화,T3 개념확장,21be5472-16b6-4b81-a20a-40e98d124c22,만물상회,잡화,강화풍물시장,전통시장,인천광역시,,,
e0332c83865a29ec46a3,full_annotation_v1,A,q_잡화_04,잡화,패션·잡화 중 '잡화'를 판매·제공하는 매장,train,잡화,T3 개념확장,89a7ff1f-dbb3-46d9-aa16-c380bd4f12a9,초이스,신발,부천역 지하도로 상가,일반지하상점가,경기도,,,
01294a210697e311e606,full_annotation_v1,A,q_잡화_04,잡화,패션·잡화 중 '잡화'를 판매·제공하는 매장,train,잡화,T3 개념확장,d058ac31-7663-4792-80a8-41c34f6d9dde,황령슈퍼,잡화,은척시장,전통시장,경상북도,,,
17931c8849a2c8f961bb,full_annotation_v1,A,q_잡화_04,잡화,패션·잡화 중 '잡화'를 판매·제공하는 매장,train,잡화,T3 개념확장,b603735b-034e-4ed4-9569-ee6aa23cf8ca,태공슈퍼,잡화,안동음식의거리 골목형상점가,골목형상점가,경상북도,,,
369800022e18bf8bad68,full_annotation_v1,A,q_잡화_04,잡화,패션·잡화 중 '잡화'를 판매·제공하는 매장,train,잡화,T3 개념확장,e900c11c-6152-4e9f-914f-e979c723a259,미가상회,잡화,역전시장 상점가,자율상권구역,대전광역시,,,
0eff04b302479d63ccdd,full_annotation_v1,A,q_잡화_04,잡화,패션·잡화 중 '잡화'를 판매·제공하는 매장,train,잡화,T3 개념확장,95c26d7a-0f91-48d1-b9c5-6a3c14246028,신앙촌상회,잡화,정읍우암로상점가,자율상권구역,전북특별자치도,,,
e8ed7cced51ebdc83aeb,full_annotation_v1,A,q_잡화_04,잡화,패션·잡화 중 '잡화'를 판매·제공하는 매장,train,잡화,T3 개념확장,b7516c2c-bb9b-4819-97e6-e038e1582b02,엠마트 잡화,잡화,안녕마을골목형상점가,골목형상점가,대전광역시,,,
e9c1d637ac082a856ceb,full_annotation_v1,A,q_잡화_04,잡화,패션·잡화 중 '잡화'를 판매·제공하는 매장,train,잡화,T3 개념확장,99b9ff2f-a2fa-4812-bc3e-84a97f75d8b5,만물상회,잡화,번개시장,전통시장,대구광역시,,,
9eafd5e5f0b86322697a,full_annotation_v1,A,q_잡화_04,잡화,패션·잡화 중 '잡화'를 판매·제공하는 매장,train,잡화,T3 개념확장,25987d30-f041-4e4b-8581-9cf64f614825,두자매,잡화,화산면 골목형상점가,골목형상점가,전라남도,,,
c4e459e268b49e701b41,full_annotation_v1,A,q_잡화_04,잡화,패션·잡화 중 '잡화'를 판매·제공하는 매장,train,잡화,T3 개념확장,0a7dcddb-1bc6-41df-b33e-544f48d83eb6,김스,잡화,신포지하상가,일반지하상점가,인천광역시,,,
a7fe27906841a47d3120,full_annotation_v1,A,q_잡화_04,잡화,패션·잡화 중 '잡화'를 판매·제공하는 매장,train,잡화,T3 개념확장,b667d9b9-5296-45ba-bf5d-031fc175f95b,배군수산,수산물,마산가고파수산시장,전통시장,경상남도,,,
afcace50a6ce67e0cf55,full_annotation_v1,A,q_잡화_04,잡화,패션·잡화 중 '잡화'를 판매·제공하는 매장,train,잡화,T3 개념확장,d0e47a8e-efd9-4e35-b0eb-e702fc8b0a09,오썸퀸,잡화,동산상가,전통시장,대구광역시,,,
20d737d8acb373ce1dd4,full_annotation_v1,A,q_잡화_04,잡화,패션·잡화 중 '잡화'를 판매·제공하는 매장,train,잡화,T3 개념확장,cd07a1af-2b1d-4216-bbda-fda3da059828,시장밥집,,산본전통시장(구 군포산본시장),전통시장,경기도,,,
d6b67ddd31fc9c604bd3,full_annotation_v1,A,q_잡화_04,잡화,패션·잡화 중 '잡화'를 판매·제공하는 매장,train,잡화,T3 개념확장,1feac71c-a5cb-46d9-9b61-e42a38cfa57f,무주잡화,잡화,안성시장(덕유산장터),전통시장,전북특별자치도,,,
c4e6262e003d786030b0,full_annotation_v1,A,q_잡화_04,잡화,패션·잡화 중 '잡화'를 판매·제공하는 매장,train,잡화,T3 개념확장,9031bbe6-e1d6-4c53-83a3-8ced876bbd2d,마리앤마리,잡화,구영로 골목형상점가,골목형상점가,울산광역시,,,
fa7bc05feeb3168b020f,full_annotation_v1,A,q_잡화_04,잡화,패션·잡화 중 '잡화'를 판매·제공하는 매장,train,잡화,T3 개념확장,1506554a-e39f-48f3-b930-210ddcbba79a,잡화(행상),잡화,우림골목시장,전통시장,서울특별시,,,
06da1a12ea5e49cd54ef,full_annotation_v1,A,q_잡화_04,잡화,패션·잡화 중 '잡화'를 판매·제공하는 매장,train,잡화,T3 개념확장,cf6a0e39-bea4-49ca-8414-3d5227bcffb2,홍s네,잡화,마산 신마산시장,전통시장,경상남도,,,
5dc4d6a9822432485336,full_annotation_v1,A,q_잡화_04,잡화,패션·잡화 중 '잡화'를 판매·제공하는 매장,train,잡화,T3 개념확장,3f442e95-2159-452c-b0eb-f346d1b9f5cf,쥬인,잡화,제일평화시장,전통시장,서울특별시,,,
e9f34b58f5818406ea41,full_annotation_v1,A,q_잡화_04,잡화,패션·잡화 중 '잡화'를 판매·제공하는 매장,train,잡화,T3 개념확장,981e52e6-648b-46e2-863b-ce057432284f,서울상회,잡화,안양농수산물 골목형상점가,골목형상점가,경기도,,,
8c9fa12c0014f8eeba5a,full_annotation_v1,A,q_잡화_04,잡화,패션·잡화 중 '잡화'를 판매·제공하는 매장,train,잡화,T3 개념확장,bdd9fa74-2518-4cda-9193-70cca42b1dcc,말로(MALO),여성의류,익산그린상점가,자율상권구역,전북특별자치도,,,
ab0a44e053ee5109294f,full_annotation_v1,A,q_잡화_04,잡화,패션·잡화 중 '잡화'를 판매·제공하는 매장,train,잡화,T3 개념확장,6189f681-2c6e-494b-b134-50a8bb6444cc,믿음,잡화,학장반도보라상가,전통시장,부산광역시,,,
97e811d7abe1f012472e,full_annotation_v1,A,q_잡화_04,잡화,패션·잡화 중 '잡화'를 판매·제공하는 매장,train,잡화,T3 개념확장,40b06b6d-d525-4686-8b3c-30cc641483b3,모어앤모어,잡화,해운대시장,전통시장,부산광역시,,,
744908456a878a2f6781,full_annotation_v1,A,q_잡화_04,잡화,패션·잡화 중 '잡화'를 판매·제공하는 매장,train,잡화,T3 개념확장,7eaf7580-89f4-41c8-8a31-5d9b55d88c23,올리브,잡화,봉덕신시장,전통시장,대구광역시,,,
7dbc0d7cb600459bac0c,full_annotation_v1,A,q_잡화_04,잡화,패션·잡화 중 '잡화'를 판매·제공하는 매장,train,잡화,T3 개념확장,de81b780-40b5-49d9-b848-6261dffeea23,신성사,잡화,동원전통시장상점가,자율상권구역,서울특별시,,,
3c081deb3a81cf5c6b02,full_annotation_v1,A,q_잡화_04,잡화,패션·잡화 중 '잡화'를 판매·제공하는 매장,train,잡화,T3 개념확장,1ee05732-4910-4857-adeb-825d9f1a716c,라핀,잡화,고투몰(강남터미널지하도상점가),일반지하상점가,서울특별시,,,
d9af6142ae43b2aabd81,full_annotation_v1,A,q_잡화_04,잡화,패션·잡화 중 '잡화'를 판매·제공하는 매장,train,잡화,T3 개념확장,c26622f9-fb8c-42ff-9d60-b3ad1b60dcc4,토왈,잡화,달서시장,전통시장,대구광역시,,,
b8ff2891c206d0f1e39c,full_annotation_v1,A,q_잡화_04,잡화,패션·잡화 중 '잡화'를 판매·제공하는 매장,train,잡화,T3 개념확장,dbcb982d-f353-4acc-923d-bbcf7004530c,산마,잡화,창녕 남지시장,전통시장,경상남도,,,
7787192c550800fe2402,full_annotation_v1,A,q_잡화_04,잡화,패션·잡화 중 '잡화'를 판매·제공하는 매장,train,잡화,T3 개념확장,63ff0766-681d-449e-aade-2dcbeb1235b6,서울상회,잡화,억지춘향시장(구 봉화춘향시장),전통시장,경상북도,,,
c105511f192c86ac6b88,full_annotation_v1,A,q_잡화_04,잡화,패션·잡화 중 '잡화'를 판매·제공하는 매장,train,잡화,T3 개념확장,89a3ada4-0bc3-4218-b828-a1f84bdb0158,만물상회,잡화,서천특화시장,전통시장,충청남도,,,
aeca4adc080c6a49ee88,full_annotation_v1,A,q_잡화_04,잡화,패션·잡화 중 '잡화'를 판매·제공하는 매장,train,잡화,T3 개념확장,ec2dcf31-1799-43ea-b7ca-417c6c4dfc9f,신앙촌상회,잡화,간석자유시장,전통시장,인천광역시,,,
cf2488992c2b3ceee249,full_annotation_v1,A,q_잡화_04,잡화,패션·잡화 중 '잡화'를 판매·제공하는 매장,train,잡화,T3 개념확장,35abd5e4-68c9-4293-8fc8-83ee7a63b7c6,다몽,잡화,북촌계동길골목형상점가,골목형상점가,서울특별시,,,
cfef4c946fae066932aa,full_annotation_v1,A,q_잡화_04,잡화,패션·잡화 중 '잡화'를 판매·제공하는 매장,train,잡화,T3 개념확장,c7c26dff-1316-464c-be5f-456422ff1d8f,배스킨라빈스 순천연향점,아이스크림,순천연향패션상가,자율상권구역,전라남도,,,
e2f2307554862dcbb2c7,full_annotation_v1,A,q_잡화_04,잡화,패션·잡화 중 '잡화'를 판매·제공하는 매장,train,잡화,T3 개념확장,fa037807-49c0-416e-98d7-e1667a090c67,리젠시,숙박,병무청인근 골목형상점가,골목형상점가,광주광역시,,,
043784011e1c6a9ae274,full_annotation_v1,A,q_잡화_04,잡화,패션·잡화 중 '잡화'를 판매·제공하는 매장,train,잡화,T3 개념확장,65265227-aa8d-4dc6-a58c-c7e5b3d324b6,제일상회,잡화,하동공설시장,전통시장,경상남도,,,
91749010316049632e3b,full_annotation_v1,A,q_잡화_04,잡화,패션·잡화 중 '잡화'를 판매·제공하는 매장,train,잡화,T3 개념확장,1b209e98-86e0-47b1-9231-096ff948f8dc,삼미식품,잡화,하동공설시장,전통시장,경상남도,,,
59ca7218926b479310b6,full_annotation_v1,A,q_잡화_04,잡화,패션·잡화 중 '잡화'를 판매·제공하는 매장,train,잡화,T3 개념확장,63a4aec3-1f9a-4bb1-ada4-19836090005e,볼매,잡화,길음시장,전통시장,서울특별시,,,
b039607c4c7f74c5f6c9,full_annotation_v1,A,q_잡화_04,잡화,패션·잡화 중 '잡화'를 판매·제공하는 매장,train,잡화,T3 개념확장,150070ed-6241-49ac-b349-5e2cf8dabad7,형제잡화,잡화,안양농수산물 골목형상점가,골목형상점가,경기도,,,
5de87a1571d03dfeccde,full_annotation_v1,A,q_잡화_04,잡화,패션·잡화 중 '잡화'를 판매·제공하는 매장,train,잡화,T3 개념확장,2374c7ba-e3eb-4775-b3e8-1caff5b38a1d,맥켄지,잡화,남대문시장,전통시장,서울특별시,,,
75be4f7f8492de2d494b,full_annotation_v1,A,q_잡화_04,잡화,패션·잡화 중 '잡화'를 판매·제공하는 매장,train,잡화,T3 개념확장,386bc298-1de1-4fc8-a000-45779ffc3ff9,양말털실잡화,잡화,봉천제일종합시장,전통시장,서울특별시,,,
a4a42f864215206e481c,full_annotation_v1,A,q_잡화_04,잡화,패션·잡화 중 '잡화'를 판매·제공하는 매장,train,잡화,T3 개념확장,889cb108-fa66-4838-bfb8-03395c27b6a2,세븐일레븐,잡화,오송1산단오스코로골목형상점가,골목형상점가,충청북도,,,
3465421f18d8dcfd1245,full_annotation_v1,A,q_잡화_04,잡화,패션·잡화 중 '잡화'를 판매·제공하는 매장,train,잡화,T3 개념확장,001bacc9-5a95-4049-babd-6691512d8da0,백두사,잡화,장량성도시장,전통시장,경상북도,,,
a81f7f4f5494a5ff6592,full_annotation_v1,A,q_잡화_04,잡화,패션·잡화 중 '잡화'를 판매·제공하는 매장,train,잡화,T3 개념확장,86d125bc-c89a-4ffa-bc15-d1e6db060247,안흥잡화,잡화,속초중앙전통시장,전통시장,강원특별자치도,,,
56c68ebc3ff9f88bf539,full_annotation_v1,A,q_잡화_04,잡화,패션·잡화 중 '잡화'를 판매·제공하는 매장,train,잡화,T3 개념확장,d01cdaea-4dd1-4ead-9d98-01fb1a055e33,백물상,잡화,거제 읍내시장,전통시장,경상남도,,,
66c45d8c40c6ca2ae3da,full_annotation_v1,A,q_잡화_04,잡화,패션·잡화 중 '잡화'를 판매·제공하는 매장,train,잡화,T3 개념확장,31c2750b-b0da-450e-ad3a-1eeee6128c62,삼보마트,잡화,상주남성시장,전통시장,경상북도,,,
620647a30e7c880fb107,full_annotation_v1,A,q_잡화_04,잡화,패션·잡화 중 '잡화'를 판매·제공하는 매장,train,잡화,T3 개념확장,0188cda6-6441-4058-82b0-0cb89e035583,친한친구,액세서리,㈜르네시떼,전통시장,부산광역시,,,
7aeb772359913e699dea,full_annotation_v1,A,q_잡화_04,잡화,패션·잡화 중 '잡화'를 판매·제공하는 매장,train,잡화,T3 개념확장,4a229543-a221-4374-b642-3dafcd336873,세운마늘,마늘,팔달신시장,전통시장,대구광역시,,,
e651f0883dad4412ca45,full_annotation_v1,A,q_잡화_04,잡화,패션·잡화 중 '잡화'를 판매·제공하는 매장,train,잡화,T3 개념확장,aaf813e4-33de-4f19-861f-af0ee7d86731,훈&훈,잡화,남대문시장,전통시장,서울특별시,,,
5de4f182c37c0358f6fd,full_annotation_v1,A,q_잡화_04,잡화,패션·잡화 중 '잡화'를 판매·제공하는 매장,train,잡화,T3 개념확장,385ee2a6-165f-459b-ba65-3e8474786006,프리티,잡화,대인동예술담길 골목형상점가,골목형상점가,광주광역시,,,
e99d85ca6891f4690362,full_annotation_v1,A,q_잡화_04,잡화,패션·잡화 중 '잡화'를 판매·제공하는 매장,train,잡화,T3 개념확장,eb8d641d-8ac2-4cf4-845c-c2b223250d3f,진맥,양식,건리단길 골목형상점가,골목형상점가,서울특별시,,,
2268fa8d7696a7602040,full_annotation_v1,A,q_잡화_04,잡화,패션·잡화 중 '잡화'를 판매·제공하는 매장,train,잡화,T3 개념확장,6d207c5b-35d9-4bfa-885a-04f166d8b820,만물상회,잡화,서부시장(서부재래시장),전통시장,충청남도,,,
fcfc7b724770eb65e21d,full_annotation_v1,A,q_잡화_04,잡화,패션·잡화 중 '잡화'를 판매·제공하는 매장,train,잡화,T3 개념확장,f277dcdf-b379-4ed8-aee9-fb1aac95c0b2,별표상사,잡화,포항죽도시장,전통시장,경상북도,,,
540f79bc1569e420e41e,full_annotation_v1,A,q_잡화_04,잡화,패션·잡화 중 '잡화'를 판매·제공하는 매장,train,잡화,T3 개념확장,83593ae2-29cc-4b69-bddf-b5636b33e384,만물상회,잡화,웃장상가,자율상권구역,전라남도,,,
271ec14d627775787633,full_annotation_v1,A,q_잡화_04,잡화,패션·잡화 중 '잡화'를 판매·제공하는 매장,train,잡화,T3 개념확장,a29ecc27-c618-4fcb-adb8-eb5d7f9de506,청도잡화,잡화,서문시장(명품프라자상가),전통시장,대구광역시,,,
f994b8a5ac1af822fa01,full_annotation_v1,A,q_잡화_04,잡화,패션·잡화 중 '잡화'를 판매·제공하는 매장,train,잡화,T3 개념확장,6c996926-c42a-4f7d-9b5b-14889c06a62e,제일상회,잡화,역곡상상시장(구 역곡북부시장),전통시장,경기도,,,
fc37eedfebea1cbafeec,full_annotation_v1,A,q_잡화_04,잡화,패션·잡화 중 '잡화'를 판매·제공하는 매장,train,잡화,T3 개념확장,6f983719-451b-4b7b-8029-b457ad3f3d6f,오셰르,의류 잡화,남포지하도상가,일반지하상점가,부산광역시,,,
1307c4f8693ba16f6ff3,full_annotation_v1,A,q_잡화_04,잡화,패션·잡화 중 '잡화'를 판매·제공하는 매장,train,잡화,T3 개념확장,fc6259c2-3589-4ead-85a7-66e942769e4c,키덜트샾,잡화,중앙로 지하상가 상점가,일반지하상점가,대전광역시,,,
b6ac5f3d6dc9d49ebead,full_annotation_v1,A,q_잡화_04,잡화,패션·잡화 중 '잡화'를 판매·제공하는 매장,train,잡화,T3 개념확장,033d5e54-09a8-4b62-b2f3-fcbbea102801,은천지,이동식소품(은제품)매대,전주남부시장,전통시장,전북특별자치도,,,
1502a03f6571565663d1,full_annotation_v1,A,q_잡화_04,잡화,패션·잡화 중 '잡화'를 판매·제공하는 매장,train,잡화,T3 개념확장,03d2f183-77cc-44c8-b4e4-f34ed3bcfa83,다나,"소매업(귀금속,액세서리,모조장신구)",코끼리시장,전통시장,경기도,,,
93e3482b12a7baa314fb,full_annotation_v1,A,q_잡화_04,잡화,패션·잡화 중 '잡화'를 판매·제공하는 매장,train,잡화,T3 개념확장,015f03f7-53e8-4597-bb66-10872733dced,온다루이즈미,잡화,성안길상점가,자율상권구역,충청북도,,,
9c302b93050c3b986012,full_annotation_v1,A,q_잡화_04,잡화,패션·잡화 중 '잡화'를 판매·제공하는 매장,train,잡화,T3 개념확장,32e18a19-a771-4b31-a09c-fe10b4ef7fd3,송,잡화,의정부역지하상가,일반지하상점가,경기도,,,
6eecdc67b226380f5881,full_annotation_v1,A,q_잡화_04,잡화,패션·잡화 중 '잡화'를 판매·제공하는 매장,train,잡화,T3 개념확장,ed85656e-2014-4603-bb14-910a94ddca7c,콘스프,잡화,관평동 골목형상점가,골목형상점가,대전광역시,,,
72aeb54ed7b3a3230717,full_annotation_v1,A,q_잡화_04,잡화,패션·잡화 중 '잡화'를 판매·제공하는 매장,train,잡화,T3 개념확장,014e0403-940b-49b1-a7bc-f51be56c02a5,세이프티아웃도어 주식회사,아웃도어 작업복 안전화 등 안전용품 공구 및 소품,서면1번가 자율상권구역,,부산광역시,,,
959dc811b80f529ff3d2,full_annotation_v1,A,q_잡화_04,잡화,패션·잡화 중 '잡화'를 판매·제공하는 매장,train,잡화,T3 개념확장,b19badf2-e746-499b-8d68-4055bcde219f,현대잡화,잡화,성환1번가 골목형상점가,골목형상점가,충청남도,,,
8c53e1ca2f185676f2dc,full_annotation_v1,A,q_잡화_04,잡화,패션·잡화 중 '잡화'를 판매·제공하는 매장,train,잡화,T3 개념확장,84bbc627-4e37-47d4-9ef4-2e1fbada7a1c,조은느낌,잡화,울진시장(울진바지게시장),전통시장,경상북도,,,
81a2f23c89dad9f908a3,full_annotation_v1,A,q_잡화_04,잡화,패션·잡화 중 '잡화'를 판매·제공하는 매장,train,잡화,T3 개념확장,9c951ff9-5517-4a56-bfa9-43a24d11b506,씨유,잡화,아현시장,전통시장,서울특별시,,,
8cd3b5c4c745d78fb3d6,full_annotation_v1,A,q_잡화_04,잡화,패션·잡화 중 '잡화'를 판매·제공하는 매장,train,잡화,T3 개념확장,a89c70e7-6926-4c03-afff-3a4b3553974b,선미사,잡화,남대문시장,전통시장,서울특별시,,,
f1dea54e250745615963,full_annotation_v1,A,q_잡화_04,잡화,패션·잡화 중 '잡화'를 판매·제공하는 매장,train,잡화,T3 개념확장,53893b3b-4ed7-4a69-87b6-fa4e0cdcde8e,신앙촌상회,잡화,방신전통시장,전통시장,서울특별시,,,
b04ef99a62d7cae64c3b,full_annotation_v1,A,q_잡화_04,잡화,패션·잡화 중 '잡화'를 판매·제공하는 매장,train,잡화,T3 개념확장,7025b598-7dc7-4331-81bf-b5aa3576a0a2,제일상회,잡화,서문시장건해산물상가,전통시장,대구광역시,,,
08ab10084591059f95a7,full_annotation_v1,A,q_잡화_04,잡화,패션·잡화 중 '잡화'를 판매·제공하는 매장,train,잡화,T3 개념확장,fb6c2a7a-514c-4604-aecd-3c4a7fcda922,서울상회,잡화,구례상설시장,전통시장,전라남도,,,
bfb6f2b82d034eaac193,full_annotation_v1,A,q_잡화_04,잡화,패션·잡화 중 '잡화'를 판매·제공하는 매장,train,잡화,T3 개념확장,00df56ff-2c2d-4759-9cbd-95241e0a8f6d,너와의순간,기타소품,속초종합중앙시장,전통시장,강원특별자치도,,,
9f2401c5f698e2e3f41f,full_annotation_v1,A,q_잡화_04,잡화,패션·잡화 중 '잡화'를 판매·제공하는 매장,train,잡화,T3 개념확장,2121874f-8c17-47a9-887e-f16d59343781,감자바위,한식,후평3동 행복마을 골목형상점가,골목형상점가,강원특별자치도,,,
f636b11d806f7904e227,full_annotation_v1,A,q_잡화_04,잡화,패션·잡화 중 '잡화'를 판매·제공하는 매장,train,잡화,T3 개념확장,c6701b7f-6e21-4294-ab93-a110f9a8e88a,신앙촌상회,잡화,무거현대시장,골목형상점가,울산광역시,,,
51fc174e14077da0603c,full_annotation_v1,A,q_잡화_04,잡화,패션·잡화 중 '잡화'를 판매·제공하는 매장,train,잡화,T3 개념확장,81fd4ec5-17ea-4400-9a0b-9340fb3df474,두배로마트,잡화,김해 동상전통시장,전통시장,경상남도,,,
f82a8365b4bebed1a40d,full_annotation_v1,A,q_잡화_04,잡화,패션·잡화 중 '잡화'를 판매·제공하는 매장,train,잡화,T3 개념확장,b48e66ff-8e56-4f8b-9144-13d27e942ce8,반에반,잡화,고투몰(강남터미널지하도상점가),일반지하상점가,서울특별시,,,
3b824f26f5250735c43b,full_annotation_v1,A,q_잡화_04,잡화,패션·잡화 중 '잡화'를 판매·제공하는 매장,train,잡화,T3 개념확장,36138cff-dca3-4108-b4fa-61593a30c9d6,동언가방,잡화,경주중앙시장,전통시장,경상북도,,,
89d1f72473126958b01a,full_annotation_v1,A,q_잡화_04,잡화,패션·잡화 중 '잡화'를 판매·제공하는 매장,train,잡화,T3 개념확장,dd852907-81bb-448a-9370-f4f8a1f8ab37,초정,갈비탕,병무청인근 골목형상점가,골목형상점가,광주광역시,,,
9b6b1d114942020d7907,full_annotation_v1,A,q_잡화_04,잡화,패션·잡화 중 '잡화'를 판매·제공하는 매장,train,잡화,T3 개념확장,aa009f6c-bb77-4b8b-b916-63ca98496746,GS25다정한신점,,다정한 가온마을 골목형상점가,골목형상점가,세종특별자치시,,,
c0f34be5033b2b17ed55,full_annotation_v1,A,q_잡화_04,잡화,패션·잡화 중 '잡화'를 판매·제공하는 매장,train,잡화,T3 개념확장,4a94d3e0-f1e7-4824-bf70-8c9297934d93,잡화,,달서시장,전통시장,대구광역시,,,
951e832b9d6c9fec508b,full_annotation_v1,A,q_잡화_04,잡화,패션·잡화 중 '잡화'를 판매·제공하는 매장,train,잡화,T3 개념확장,1f699a26-6615-4fe2-8dad-2ff4bc27203c,화장품 잡화,,서부시장(서부재래시장),전통시장,충청남도,,,
620c3fc2d6c8eef400d7,full_annotation_v1,A,q_잡화_04,잡화,패션·잡화 중 '잡화'를 판매·제공하는 매장,train,잡화,T3 개념확장,64a889f9-c282-4bd6-9b31-a3d3cb99b3b5,중앙잡화,잡화,예천중앙시장,전통시장,경상북도,,,
89decf077a0ed234fd18,full_annotation_v1,A,q_잡화_04,잡화,패션·잡화 중 '잡화'를 판매·제공하는 매장,train,잡화,T3 개념확장,0308940f-189d-41bd-9a0c-cae20bfc8b65,실버투유,액세서리,남대문시장,전통시장,서울특별시,,,
fa432ebf2a8e51dd23e6,full_annotation_v1,A,q_잡화_04,잡화,패션·잡화 중 '잡화'를 판매·제공하는 매장,train,잡화,T3 개념확장,0428dd6d-3a91-4c25-ac4b-957ef2fe2f38,서울상회,잡화,사천읍시장,전통시장,경상남도,,,
27423b87cefa081fe8f2,full_annotation_v1,A,q_잡화_04,잡화,패션·잡화 중 '잡화'를 판매·제공하는 매장,train,잡화,T3 개념확장,9f352826-bc9c-4b4a-b0e7-757b7d47cec4,신앙촌상회,잡화,공릉구길골목형상점가,골목형상점가,서울특별시,,,
df588c66d8c66eb06b83,full_annotation_v1,A,q_잡화_04,잡화,패션·잡화 중 '잡화'를 판매·제공하는 매장,train,잡화,T3 개념확장,0aa351f3-f9dc-4a4e-99ac-bf35998ad5a2,선희잡화,잡화,광양5일시장,전통시장,전라남도,,,
345718c0e959505b7cf2,full_annotation_v1,A,q_잡화_04,잡화,패션·잡화 중 '잡화'를 판매·제공하는 매장,train,잡화,T3 개념확장,03cf59c3-0bce-43ff-9df1-14e946a2bd29,금산트라이,"모자, 가방, 패션잡화",금산중앙로상점가,자율상권구역,충청남도,,,
5e20d7e4e57c9c37b25a,full_annotation_v1,A,q_잡화_04,잡화,패션·잡화 중 '잡화'를 판매·제공하는 매장,train,잡화,T3 개념확장,01f2baea-5004-4e8d-a9a5-66c50aaf49e6,머쓱케이스,휴대폰 액세서리,동성로상점가,자율상권구역,대구광역시,,,
e6239583a2e6f6bf60ac,full_annotation_v1,A,q_잡화_04,잡화,패션·잡화 중 '잡화'를 판매·제공하는 매장,train,잡화,T3 개념확장,8593a5a4-0c8d-4187-8947-de68f2eaab6f,오만가지,잡화,충주자유시장,전통시장,충청북도,,,
4217c58fd901ed27812a,full_annotation_v1,A,q_잡화_04,잡화,패션·잡화 중 '잡화'를 판매·제공하는 매장,train,잡화,T3 개념확장,1ce4a8a0-1ac2-4edb-bbb3-8146c2495651,제일상회,잡화,통영중앙전통시장,전통시장,경상남도,,,
1f1dce3d7250ae166508,full_annotation_v1,A,q_잡화_04,잡화,패션·잡화 중 '잡화'를 판매·제공하는 매장,train,잡화,T3 개념확장,ad9bd7ec-8f6f-40a2-810a-fcf99617a414,디망쉬,잡화,순천씨내몰상가(구 순천지하상가),일반지하상점가,전라남도,,,
5479a8efeac9d55f0ad4,full_annotation_v1,A,q_잡화_04,잡화,패션·잡화 중 '잡화'를 판매·제공하는 매장,train,잡화,T3 개념확장,dbf1d46f-632d-4051-a4db-3bb7020c16ce,윤예,잡화,범한프라자시장,전통시장,경기도,,,
bcc88fa619ac4d50933a,full_annotation_v1,A,q_잡화_04,잡화,패션·잡화 중 '잡화'를 판매·제공하는 매장,train,잡화,T3 개념확장,b473674e-87db-406d-b70e-39c35033f2f5,금낭화,잡화,남대문시장,전통시장,서울특별시,,,
0e3e43bcd236947f72cf,full_annotation_v1,A,q_잡화_04,잡화,패션·잡화 중 '잡화'를 판매·제공하는 매장,train,잡화,T3 개념확장,04c7f4e2-7207-41fb-aebb-6d021d42e613,픽뎀업,"모자, 가방, 키링, 패치",연남동골목형상점가,골목형상점가,서울특별시,,,
402bc809f64b41ffe562,full_annotation_v1,A,q_잡화_04,잡화,패션·잡화 중 '잡화'를 판매·제공하는 매장,train,잡화,T3 개념확장,47f55666-f301-459a-a6fc-f7e1f949bd99,별모래,잡화,남대문시장,전통시장,서울특별시,,,
5699e7c6e8daf84ddacf,full_annotation_v1,A,q_잡화_04,잡화,패션·잡화 중 '잡화'를 판매·제공하는 매장,train,잡화,T3 개념확장,0c68e993-4726-4214-bc60-97507ab6ae83,서울상회,잡화,노량진수산시장골목형상점가,골목형상점가,서울특별시,,,
e0f801b7b8c908055c00,full_annotation_v1,A,q_잡화_04,잡화,패션·잡화 중 '잡화'를 판매·제공하는 매장,train,잡화,T3 개념확장,0054b824-eb72-4efa-a1ba-40d467c899a5,수정상회,잡화,중앙전통시장,전통시장,울산광역시,,,
d7aaa8ed5a864dd04e29,full_annotation_v1,A,q_잡화_04,잡화,패션·잡화 중 '잡화'를 판매·제공하는 매장,train,잡화,T3 개념확장,31ee9b2f-3aa8-4d8b-9418-9ecf403e1fd4,수입잡화,잡화,선부광장로상점가,자율상권구역,경기도,,,
79494083022eee323a5e,full_annotation_v1,A,q_잡화_05,잡롸,패션·잡화 중 '잡화'를 판매·제공하는 매장,train,잡화,T6 기계변형,e8a194a7-63bd-4fc2-abd1-7c0ef9fa63b2,늘푸른농원,농산물,하동 화개장터,전통시장,경상남도,,,
795827acb9cc6361c513,full_annotation_v1,A,q_잡화_05,잡롸,패션·잡화 중 '잡화'를 판매·제공하는 매장,train,잡화,T6 기계변형,dcc4f578-ec28-4636-a8ce-3c028ad6faa3,잡상인,,산본로데오거리(구 산본중심상가),자율상권구역,경기도,,,
81ee5b2bee6b3bb202d2,full_annotation_v1,A,q_잡화_05,잡롸,패션·잡화 중 '잡화'를 판매·제공하는 매장,train,잡화,T6 기계변형,003747e4-8102-4296-bfdf-b7ca7c1f83fa,평화잡화,잡화,부산평화시장,전통시장,부산광역시,,,
18f58958bc710c9840ca,full_annotation_v1,A,q_잡화_05,잡롸,패션·잡화 중 '잡화'를 판매·제공하는 매장,train,잡화,T6 기계변형,e15180fc-6167-46a0-94ea-e84462a5852b,차미,잡화,동산상가,전통시장,대구광역시,,,
69a9a21f78798c4af68b,full_annotation_v1,A,q_잡화_05,잡롸,패션·잡화 중 '잡화'를 판매·제공하는 매장,train,잡화,T6 기계변형,01f2baea-5004-4e8d-a9a5-66c50aaf49e6,머쓱케이스,휴대폰 액세서리,동성로상점가,자율상권구역,대구광역시,,,
bc721971ab93ccc873ac,full_annotation_v1,A,q_잡화_05,잡롸,패션·잡화 중 '잡화'를 판매·제공하는 매장,train,잡화,T6 기계변형,c26622f9-fb8c-42ff-9d60-b3ad1b60dcc4,토왈,잡화,달서시장,전통시장,대구광역시,,,
f3c8eb17bed2c4f2654a,full_annotation_v1,A,q_잡화_05,잡롸,패션·잡화 중 '잡화'를 판매·제공하는 매장,train,잡화,T6 기계변형,03d2f183-77cc-44c8-b4e4-f34ed3bcfa83,다나,"소매업(귀금속,액세서리,모조장신구)",코끼리시장,전통시장,경기도,,,
2262b3269f21eb89d218,full_annotation_v1,A,q_잡화_05,잡롸,패션·잡화 중 '잡화'를 판매·제공하는 매장,train,잡화,T6 기계변형,d77f6af6-decc-4511-bbaa-35475a6788d5,클래스바디 체형교정센터PT 안양범계점,스포츠,안양아크로상가골목형상점가,골목형상점가,경기도,,,
72d90ce219f583c6d465,full_annotation_v1,A,q_잡화_05,잡롸,패션·잡화 중 '잡화'를 판매·제공하는 매장,train,잡화,T6 기계변형,fbc99ff3-ff1c-4440-b802-b0d5c27cd12c,베짱이,잡화,정읍연지상점가,자율상권구역,전북특별자치도,,,
a3a1e7059740351d751b,full_annotation_v1,A,q_잡화_05,잡롸,패션·잡화 중 '잡화'를 판매·제공하는 매장,train,잡화,T6 기계변형,2374c7ba-e3eb-4775-b3e8-1caff5b38a1d,맥켄지,잡화,남대문시장,전통시장,서울특별시,,,
d1fcbf1d15c2996433fc,full_annotation_v1,A,q_잡화_05,잡롸,패션·잡화 중 '잡화'를 판매·제공하는 매장,train,잡화,T6 기계변형,a801793e-a6dc-4e99-9ffb-f7a91e29af93,콩꼬물,잡화,오천시장,전통시장,경상북도,,,
a4d24d4b1deb2cdcf6b0,full_annotation_v1,A,q_잡화_05,잡롸,패션·잡화 중 '잡화'를 판매·제공하는 매장,train,잡화,T6 기계변형,0fd73ded-58f1-42e6-b6b0-93ce75a28896,주홍사,잡화,남대문시장,전통시장,서울특별시,,,
c37657f986ede7b0a629,full_annotation_v1,A,q_잡화_05,잡롸,패션·잡화 중 '잡화'를 판매·제공하는 매장,train,잡화,T6 기계변형,0529a714-435f-4a79-ac14-6753b097c8f2,카이코스,가죽소품,숭례문수입상가,전통시장,서울특별시,,,
ee4eb72e44670a23206c,full_annotation_v1,A,q_잡화_05,잡롸,패션·잡화 중 '잡화'를 판매·제공하는 매장,train,잡화,T6 기계변형,ca2ca9f8-cfd7-4a24-9215-617dd6f3336c,잡동사니,의류,신포지하상가,일반지하상점가,인천광역시,,,
428974b7a1c910e6a20a,full_annotation_v1,A,q_잡화_05,잡롸,패션·잡화 중 '잡화'를 판매·제공하는 매장,train,잡화,T6 기계변형,b473674e-87db-406d-b70e-39c35033f2f5,금낭화,잡화,남대문시장,전통시장,서울특별시,,,
cd756a1d549e38ce95d3,full_annotation_v1,A,q_잡화_05,잡롸,패션·잡화 중 '잡화'를 판매·제공하는 매장,train,잡화,T6 기계변형,1ee05732-4910-4857-adeb-825d9f1a716c,라핀,잡화,고투몰(강남터미널지하도상점가),일반지하상점가,서울특별시,,,
93f0822a0929ba2e47e8,full_annotation_v1,A,q_잡화_05,잡롸,패션·잡화 중 '잡화'를 판매·제공하는 매장,train,잡화,T6 기계변형,d058ac31-7663-4792-80a8-41c34f6d9dde,황령슈퍼,잡화,은척시장,전통시장,경상북도,,,
e3719b583856dfef40f5,full_annotation_v1,A,q_잡화_05,잡롸,패션·잡화 중 '잡화'를 판매·제공하는 매장,train,잡화,T6 기계변형,fd01abe0-f298-4a54-9735-42dc2840031d,영쓰모자,잡화,프로방스 골목형상점가,골목형상점가,전라남도,,,
18e27bbbcedebea50078,full_annotation_v1,A,q_잡화_05,잡롸,패션·잡화 중 '잡화'를 판매·제공하는 매장,train,잡화,T6 기계변형,d0e47a8e-efd9-4e35-b0eb-e702fc8b0a09,오썸퀸,잡화,동산상가,전통시장,대구광역시,,,
35c7d845e77b1f7ad6b2,full_annotation_v1,A,q_잡화_05,잡롸,패션·잡화 중 '잡화'를 판매·제공하는 매장,train,잡화,T6 기계변형,79629d34-bb97-4392-aaa5-0afabf980fb1,잡곡천국,잡곡,자양15번가골목형상점가,골목형상점가,서울특별시,,,
c2cde2624de3ce9811d0,full_annotation_v1,A,q_잡화_05,잡롸,패션·잡화 중 '잡화'를 판매·제공하는 매장,train,잡화,T6 기계변형,5f636dbf-38c1-4c7d-868c-884232e4b497,황제소갈비살,한식,엄사 골목형상점가,골목형상점가,충청남도,,,
eaf17977692241f6643b,full_annotation_v1,A,q_잡화_05,잡롸,패션·잡화 중 '잡화'를 판매·제공하는 매장,train,잡화,T6 기계변형,00242042-f371-486a-a1fc-b85de093edbf,슈올즈 이천점,"신발, 잡화",장터거리시장 골목형상점가,골목형상점가,경기도,,,
b31cda7b41f4acc9655e,full_annotation_v1,A,q_잡화_05,잡롸,패션·잡화 중 '잡화'를 판매·제공하는 매장,train,잡화,T6 기계변형,cf6a0e39-bea4-49ca-8414-3d5227bcffb2,홍s네,잡화,마산 신마산시장,전통시장,경상남도,,,
ef9f6f7225b10729d56b,full_annotation_v1,A,q_잡화_05,잡롸,패션·잡화 중 '잡화'를 판매·제공하는 매장,train,잡화,T6 기계변형,b7f607d8-2625-4ce5-b88f-cc402732a21a,찬란한 헤어,미용실,산본로데오거리(구 산본중심상가),자율상권구역,경기도,,,
32f2a23ad7741fb5110e,full_annotation_v1,A,q_잡화_05,잡롸,패션·잡화 중 '잡화'를 판매·제공하는 매장,train,잡화,T6 기계변형,fc6259c2-3589-4ead-85a7-66e942769e4c,키덜트샾,잡화,중앙로 지하상가 상점가,일반지하상점가,대전광역시,,,
39c4ed4fd09b21035dc8,full_annotation_v1,A,q_잡화_05,잡롸,패션·잡화 중 '잡화'를 판매·제공하는 매장,train,잡화,T6 기계변형,00df56ff-2c2d-4759-9cbd-95241e0a8f6d,너와의순간,기타소품,속초종합중앙시장,전통시장,강원특별자치도,,,
58af7599df351579ae36,full_annotation_v1,A,q_잡화_05,잡롸,패션·잡화 중 '잡화'를 판매·제공하는 매장,train,잡화,T6 기계변형,fabbe3b9-99f8-44ac-b629-6b676a5b7810,잡화물류상회,잡화,광양5일시장,전통시장,전라남도,,,
f791d5659b153eec9965,full_annotation_v1,A,q_잡화_05,잡롸,패션·잡화 중 '잡화'를 판매·제공하는 매장,train,잡화,T6 기계변형,8be97c51-95d4-44bd-aa7d-9d9f4359df87,신현만두찐빵,만두,정서진중앙시장(구 서구중앙시장),전통시장,인천광역시,,,
1a28b7ca0d101a6af636,full_annotation_v1,A,q_잡화_05,잡롸,패션·잡화 중 '잡화'를 판매·제공하는 매장,train,잡화,T6 기계변형,037cdac9-98ab-47e5-a8a2-355b69cec59e,부부식육점,식육,영도봉래시장,전통시장,부산광역시,,,
384d84f59dc129f0413a,full_annotation_v1,A,q_잡화_05,잡롸,패션·잡화 중 '잡화'를 판매·제공하는 매장,train,잡화,T6 기계변형,32e18a19-a771-4b31-a09c-fe10b4ef7fd3,송,잡화,의정부역지하상가,일반지하상점가,경기도,,,
33327c264c4c58de9a44,full_annotation_v1,A,q_잡화_05,잡롸,패션·잡화 중 '잡화'를 판매·제공하는 매장,train,잡화,T6 기계변형,dbf1d46f-632d-4051-a4db-3bb7020c16ce,윤예,잡화,범한프라자시장,전통시장,경기도,,,
b76e1d7d7feaddfc3e4e,full_annotation_v1,A,q_잡화_05,잡롸,패션·잡화 중 '잡화'를 판매·제공하는 매장,train,잡화,T6 기계변형,aaf813e4-33de-4f19-861f-af0ee7d86731,훈&훈,잡화,남대문시장,전통시장,서울특별시,,,
dc98005087235c06b185,full_annotation_v1,A,q_잡화_05,잡롸,패션·잡화 중 '잡화'를 판매·제공하는 매장,train,잡화,T6 기계변형,7deccb85-8362-4938-b44c-f0ee59aa3cc8,서울마님죽,음식,청량리종합시장,전통시장,서울특별시,,,
505aad4373313ec1d6f0,full_annotation_v1,A,q_잡화_05,잡롸,패션·잡화 중 '잡화'를 판매·제공하는 매장,train,잡화,T6 기계변형,0a7dcddb-1bc6-41df-b33e-544f48d83eb6,김스,잡화,신포지하상가,일반지하상점가,인천광역시,,,
12b7f624f6f2ebfa5b2a,full_annotation_v1,A,q_잡화_05,잡롸,패션·잡화 중 '잡화'를 판매·제공하는 매장,train,잡화,T6 기계변형,033d5e54-09a8-4b62-b2f3-fcbbea102801,은천지,이동식소품(은제품)매대,전주남부시장,전통시장,전북특별자치도,,,
71c96f406adbb0f32b4c,full_annotation_v1,A,q_잡화_05,잡롸,패션·잡화 중 '잡화'를 판매·제공하는 매장,train,잡화,T6 기계변형,f277dcdf-b379-4ed8-aee9-fb1aac95c0b2,별표상사,잡화,포항죽도시장,전통시장,경상북도,,,
a46e1e288fe67cfec70b,full_annotation_v1,A,q_잡화_05,잡롸,패션·잡화 중 '잡화'를 판매·제공하는 매장,train,잡화,T6 기계변형,620eb606-254f-46f2-b80e-324e470206f9,다겸,의류,문화의거리 상점가,자율상권구역,울산광역시,,,
d05f5ea1ce90871a76d2,full_annotation_v1,A,q_잡화_05,잡롸,패션·잡화 중 '잡화'를 판매·제공하는 매장,train,잡화,T6 기계변형,36138cff-dca3-4108-b4fa-61593a30c9d6,동언가방,잡화,경주중앙시장,전통시장,경상북도,,,
3dbee1a358b6212bf1e0,full_annotation_v1,A,q_잡화_05,잡롸,패션·잡화 중 '잡화'를 판매·제공하는 매장,train,잡화,T6 기계변형,63a4aec3-1f9a-4bb1-ada4-19836090005e,볼매,잡화,길음시장,전통시장,서울특별시,,,
0129bfff9ccf394678b0,full_annotation_v1,A,q_잡화_05,잡롸,패션·잡화 중 '잡화'를 판매·제공하는 매장,train,잡화,T6 기계변형,6644e279-2a77-4fbb-9995-8f7b5106ef06,용남상회,도소매(기타건어물),신중부시장,전통시장,서울특별시,,,
5ea35de4e2ed37a7c82c,full_annotation_v1,A,q_잡화_05,잡롸,패션·잡화 중 '잡화'를 판매·제공하는 매장,train,잡화,T6 기계변형,49e966a0-c6e1-4928-9885-d61ae81b5e78,서천한산식품,젓갈,서남신시장,전통시장,대구광역시,,,
e7e9ca5560e10e4acd20,full_annotation_v1,A,q_잡화_05,잡롸,패션·잡화 중 '잡화'를 판매·제공하는 매장,train,잡화,T6 기계변형,ad9bd7ec-8f6f-40a2-810a-fcf99617a414,디망쉬,잡화,순천씨내몰상가(구 순천지하상가),일반지하상점가,전라남도,,,
52693e4ea081b63256a3,full_annotation_v1,A,q_잡화_05,잡롸,패션·잡화 중 '잡화'를 판매·제공하는 매장,train,잡화,T6 기계변형,b392c18c-b4c0-4896-bc66-00df01b0516d,스팡스,잡화,성남프라자,전통시장,울산광역시,,,
cc50e321c73a8bef59c8,full_annotation_v1,A,q_잡화_05,잡롸,패션·잡화 중 '잡화'를 판매·제공하는 매장,train,잡화,T6 기계변형,0054b824-eb72-4efa-a1ba-40d467c899a5,수정상회,잡화,중앙전통시장,전통시장,울산광역시,,,
2f90c31bcd86b52bba15,full_annotation_v1,A,q_잡화_05,잡롸,패션·잡화 중 '잡화'를 판매·제공하는 매장,train,잡화,T6 기계변형,4fa51c8b-ae4f-4a31-b736-5bd4667993ba,미즈(MIZ),여자용 겉옷 소매업 등,부산자유시장,전통시장,부산광역시,,,
db356e35137b12fd3742,full_annotation_v1,A,q_잡화_05,잡롸,패션·잡화 중 '잡화'를 판매·제공하는 매장,train,잡화,T6 기계변형,03425599-9eed-4d3b-8682-d3c2e620325e,초량전통시장 노점매대 54번,액세서리,초량전통시장,전통시장,부산광역시,,,
7bd6af55412c715373b1,full_annotation_v1,A,q_잡화_05,잡롸,패션·잡화 중 '잡화'를 판매·제공하는 매장,train,잡화,T6 기계변형,0346890c-a0a4-46a1-8572-f5a7af519b58,소소상점,잡화 침구 소품,구미 아카데미상가 골목형상점가,골목형상점가,경상북도,,,
9d2fa8eb350bad951fdd,full_annotation_v1,A,q_잡화_05,잡롸,패션·잡화 중 '잡화'를 판매·제공하는 매장,train,잡화,T6 기계변형,b48e66ff-8e56-4f8b-9144-13d27e942ce8,반에반,잡화,고투몰(강남터미널지하도상점가),일반지하상점가,서울특별시,,,
d4b4a5639cfd6035189b,full_annotation_v1,A,q_잡화_05,잡롸,패션·잡화 중 '잡화'를 판매·제공하는 매장,train,잡화,T6 기계변형,d9e9adfd-eb35-4f6f-8a64-f32994444a98,미닮,잡화,시장로타리지하상가,일반지하상점가,인천광역시,,,
a04813b035eb3b670304,full_annotation_v1,A,q_잡화_05,잡롸,패션·잡화 중 '잡화'를 판매·제공하는 매장,train,잡화,T6 기계변형,6f983719-451b-4b7b-8029-b457ad3f3d6f,오셰르,의류 잡화,남포지하도상가,일반지하상점가,부산광역시,,,
705b19b8e2c89b13a036,full_annotation_v1,A,q_잡화_05,잡롸,패션·잡화 중 '잡화'를 판매·제공하는 매장,train,잡화,T6 기계변형,003d5df8-0856-45e0-a11e-5098cf70541e,앨리스리본&공방,"공방, 잡화",봉화내성시장,전통시장,경상북도,,,
28511a2d75148272a01b,full_annotation_v1,A,q_잡화_05,잡롸,패션·잡화 중 '잡화'를 판매·제공하는 매장,train,잡화,T6 기계변형,4a94d3e0-f1e7-4824-bf70-8c9297934d93,잡화,,달서시장,전통시장,대구광역시,,,
ec0840de2c717ec42e69,full_annotation_v1,A,q_잡화_05,잡롸,패션·잡화 중 '잡화'를 판매·제공하는 매장,train,잡화,T6 기계변형,3f442e95-2159-452c-b0eb-f346d1b9f5cf,쥬인,잡화,제일평화시장,전통시장,서울특별시,,,
a8a0fe5793d87fb636db,full_annotation_v1,A,q_잡화_05,잡롸,패션·잡화 중 '잡화'를 판매·제공하는 매장,train,잡화,T6 기계변형,b603735b-034e-4ed4-9569-ee6aa23cf8ca,태공슈퍼,잡화,안동음식의거리 골목형상점가,골목형상점가,경상북도,,,
dfdff3e02ccd79e93c84,full_annotation_v1,A,q_잡화_05,잡롸,패션·잡화 중 '잡화'를 판매·제공하는 매장,train,잡화,T6 기계변형,62e81896-1c4a-4130-b337-9beae4807a63,대짱가방,잡화,전통중앙도매상가,전통시장,대전광역시,,,
05d1e699edff2bf5f235,full_annotation_v1,A,q_잡화_05,잡롸,패션·잡화 중 '잡화'를 판매·제공하는 매장,train,잡화,T6 기계변형,001bacc9-5a95-4049-babd-6691512d8da0,백두사,잡화,장량성도시장,전통시장,경상북도,,,
98e10c1ae977b48c45de,full_annotation_v1,A,q_잡화_05,잡롸,패션·잡화 중 '잡화'를 판매·제공하는 매장,train,잡화,T6 기계변형,e4c384ba-3175-429a-b0fd-c1623c6f7db2,얼뜰슈퍼,잡화,구례5일시장,전통시장,전라남도,,,
4af0e4102e4c7a7ff1a9,full_annotation_v1,A,q_잡화_05,잡롸,패션·잡화 중 '잡화'를 판매·제공하는 매장,train,잡화,T6 기계변형,fa5e4a27-97a5-49a3-b382-eb9faea2c15f,잡곡백화점,잡곡과일,비단길현대시장,전통시장,서울특별시,,,
077b388f0f238fa28f79,full_annotation_v1,A,q_잡화_05,잡롸,패션·잡화 중 '잡화'를 판매·제공하는 매장,train,잡화,T6 기계변형,4e515a59-75e4-4acd-91bf-f8e1cb0fe3eb,미찌,잡화,부산평화시장,전통시장,부산광역시,,,
89fcab0c4beb98fbe444,full_annotation_v1,A,q_잡화_05,잡롸,패션·잡화 중 '잡화'를 판매·제공하는 매장,train,잡화,T6 기계변형,0590fa97-071d-4285-b8fa-91ff139e5790,김밥나라,김밥 외 분식류 일반음식,공주산성 활성화구역,전통시장,충청남도,,,
15089544fc3665e925e9,full_annotation_v1,A,q_잡화_05,잡롸,패션·잡화 중 '잡화'를 판매·제공하는 매장,train,잡화,T6 기계변형,a15b574d-d1aa-41b4-b8e8-cd97c0c0fcc4,이븜,의류 잡화,주월1동봉선로 골목형상점가,골목형상점가,광주광역시,,,
6506a54cfd11de138318,full_annotation_v1,A,q_잡화_05,잡롸,패션·잡화 중 '잡화'를 판매·제공하는 매장,train,잡화,T6 기계변형,014e0403-940b-49b1-a7bc-f51be56c02a5,세이프티아웃도어 주식회사,아웃도어 작업복 안전화 등 안전용품 공구 및 소품,서면1번가 자율상권구역,,부산광역시,,,
9f51f3460af26fe93aa8,full_annotation_v1,A,q_잡화_05,잡롸,패션·잡화 중 '잡화'를 판매·제공하는 매장,train,잡화,T6 기계변형,0308940f-189d-41bd-9a0c-cae20bfc8b65,실버투유,액세서리,남대문시장,전통시장,서울특별시,,,
566200555a59fe17b80f,full_annotation_v1,A,q_잡화_05,잡롸,패션·잡화 중 '잡화'를 판매·제공하는 매장,train,잡화,T6 기계변형,02dd6b8f-8097-4065-8d0f-a6c5267a1f89,오케이모자,모자,남대문시장,전통시장,서울특별시,,,
79b5546e7e0ac19d6ae1,full_annotation_v1,A,q_잡화_05,잡롸,패션·잡화 중 '잡화'를 판매·제공하는 매장,train,잡화,T6 기계변형,a5985d98-9129-4820-9921-d44e6bde3001,서울마님죽,도소매(죽),고척근린시장,전통시장,서울특별시,,,
abb9fcba04bd137261e8,full_annotation_v1,A,q_잡화_05,잡롸,패션·잡화 중 '잡화'를 판매·제공하는 매장,train,잡화,T6 기계변형,020bea26-ac6d-4c37-88bb-f7115e8f3117,안성모자,모자,안성맞춤시장,전통시장,경기도,,,
02376a6eccc7e380c1df,full_annotation_v1,A,q_잡화_05,잡롸,패션·잡화 중 '잡화'를 판매·제공하는 매장,train,잡화,T6 기계변형,0188cda6-6441-4058-82b0-0cb89e035583,친한친구,액세서리,㈜르네시떼,전통시장,부산광역시,,,
5f62e23031746095c8ff,full_annotation_v1,A,q_잡화_05,잡롸,패션·잡화 중 '잡화'를 판매·제공하는 매장,train,잡화,T6 기계변형,8e993ed2-1e09-4dbb-8423-55d4a86007f5,잡화동이네,잡화,팔달문시장,전통시장,경기도,,,
351dea8374e0fc512d78,full_annotation_v1,A,q_잡화_05,잡롸,패션·잡화 중 '잡화'를 판매·제공하는 매장,train,잡화,T6 기계변형,03cf59c3-0bce-43ff-9df1-14e946a2bd29,금산트라이,"모자, 가방, 패션잡화",금산중앙로상점가,자율상권구역,충청남도,,,
ec5fcbabdf23736c92f9,full_annotation_v1,A,q_잡화_05,잡롸,패션·잡화 중 '잡화'를 판매·제공하는 매장,train,잡화,T6 기계변형,04c7f4e2-7207-41fb-aebb-6d021d42e613,픽뎀업,"모자, 가방, 키링, 패치",연남동골목형상점가,골목형상점가,서울특별시,,,
d1c2bed83aed7232b983,full_annotation_v1,A,q_잡화_05,잡롸,패션·잡화 중 '잡화'를 판매·제공하는 매장,train,잡화,T6 기계변형,05f076bf-2a1f-4dc6-bc59-af84f12ebfe2,현대모자,우산 모자 타올 기타,창원 성원그랜드쇼핑상가,전통시장,경상남도,,,
4c04d6a122b6a8eb713b,full_annotation_v1,A,q_잡화_05,잡롸,패션·잡화 중 '잡화'를 판매·제공하는 매장,train,잡화,T6 기계변형,d5d99011-526a-45a9-a5e2-46810945a6cc,모노쉬크(MONO CHIC),의류,신평화패션타운,전통시장,서울특별시,,,
21cdb7671c7acc5315ac,full_annotation_v1,A,q_잡화_05,잡롸,패션·잡화 중 '잡화'를 판매·제공하는 매장,train,잡화,T6 기계변형,ab0feac4-37ee-4cb4-b0a2-690443d750d2,대한해동검도,검도,광주고인근 골목형상점가,골목형상점가,광주광역시,,,
3123fb210e761f76028c,full_annotation_v1,A,q_잡화_05,잡롸,패션·잡화 중 '잡화'를 판매·제공하는 매장,train,잡화,T6 기계변형,3df97ade-6669-4ac4-adbf-ac38cc468fde,컴포즈커피 각화힐스점,커피,서희1차현대 골목형상점가,골목형상점가,광주광역시,,,
43349f4a59553fed7cff,full_annotation_v1,A,q_잡화_05,잡롸,패션·잡화 중 '잡화'를 판매·제공하는 매장,train,잡화,T6 기계변형,35abd5e4-68c9-4293-8fc8-83ee7a63b7c6,다몽,잡화,북촌계동길골목형상점가,골목형상점가,서울특별시,,,
291f421487f072d66a6f,full_annotation_v1,A,q_잡화_05,잡롸,패션·잡화 중 '잡화'를 판매·제공하는 매장,train,잡화,T6 기계변형,2ee87de2-b425-4bf9-ac64-697a919a0937,삐까삐까,잡화,달서시장,전통시장,대구광역시,,,
32712edf0e354b2e1a27,full_annotation_v1,A,q_잡화_06,잡화추천,패션·잡화 중 '잡화'를 판매·제공하는 매장,train,잡화,T6 기계변형,cf6a0e39-bea4-49ca-8414-3d5227bcffb2,홍s네,잡화,마산 신마산시장,전통시장,경상남도,,,
725643f6c1dc44583d41,full_annotation_v1,A,q_잡화_06,잡화추천,패션·잡화 중 '잡화'를 판매·제공하는 매장,train,잡화,T6 기계변형,35abd5e4-68c9-4293-8fc8-83ee7a63b7c6,다몽,잡화,북촌계동길골목형상점가,골목형상점가,서울특별시,,,
da4fcc443a66240f59f2,full_annotation_v1,A,q_잡화_06,잡화추천,패션·잡화 중 '잡화'를 판매·제공하는 매장,train,잡화,T6 기계변형,a471515a-29cd-4d4f-b666-2620363c1506,무안떡방앗간,떡방앗간,백운 대성시장 골목형상점가,골목형상점가,광주광역시,,,
f652473fe43dada5a2ff,full_annotation_v1,A,q_잡화_06,잡화추천,패션·잡화 중 '잡화'를 판매·제공하는 매장,train,잡화,T6 기계변형,003d5df8-0856-45e0-a11e-5098cf70541e,앨리스리본&공방,"공방, 잡화",봉화내성시장,전통시장,경상북도,,,
b9adb06c13b1e720a257,full_annotation_v1,A,q_잡화_06,잡화추천,패션·잡화 중 '잡화'를 판매·제공하는 매장,train,잡화,T6 기계변형,a15b574d-d1aa-41b4-b8e8-cd97c0c0fcc4,이븜,의류 잡화,주월1동봉선로 골목형상점가,골목형상점가,광주광역시,,,
3e04bbe9048b75d2283c,full_annotation_v1,A,q_잡화_06,잡화추천,패션·잡화 중 '잡화'를 판매·제공하는 매장,train,잡화,T6 기계변형,d0e47a8e-efd9-4e35-b0eb-e702fc8b0a09,오썸퀸,잡화,동산상가,전통시장,대구광역시,,,
fa901c7d9e4944e37488,full_annotation_v1,A,q_잡화_06,잡화추천,패션·잡화 중 '잡화'를 판매·제공하는 매장,train,잡화,T6 기계변형,9e138eac-9c67-49b4-8fc3-4c38911f8121,모든잡화,잡화,아랫장,전통시장,전라남도,,,
45e6e7dba6c532d0b93e,full_annotation_v1,A,q_잡화_06,잡화추천,패션·잡화 중 '잡화'를 판매·제공하는 매장,train,잡화,T6 기계변형,8e993ed2-1e09-4dbb-8423-55d4a86007f5,잡화동이네,잡화,팔달문시장,전통시장,경기도,,,
037ab7e769bf893b22f3,full_annotation_v1,A,q_잡화_06,잡화추천,패션·잡화 중 '잡화'를 판매·제공하는 매장,train,잡화,T6 기계변형,0a7dcddb-1bc6-41df-b33e-544f48d83eb6,김스,잡화,신포지하상가,일반지하상점가,인천광역시,,,
c04cce053d5d92dfc2f5,full_annotation_v1,A,q_잡화_06,잡화추천,패션·잡화 중 '잡화'를 판매·제공하는 매장,train,잡화,T6 기계변형,7c7f35e0-2590-4bb8-b9e2-6888691b13de,에스텔,아동복,서문시장2지구 종합상가,전통시장,대구광역시,,,
88280f2c3d8916b4e3a7,full_annotation_v1,A,q_잡화_06,잡화추천,패션·잡화 중 '잡화'를 판매·제공하는 매장,train,잡화,T6 기계변형,014e0403-940b-49b1-a7bc-f51be56c02a5,세이프티아웃도어 주식회사,아웃도어 작업복 안전화 등 안전용품 공구 및 소품,서면1번가 자율상권구역,,부산광역시,,,
302f1af265864c42f21b,full_annotation_v1,A,q_잡화_06,잡화추천,패션·잡화 중 '잡화'를 판매·제공하는 매장,train,잡화,T6 기계변형,d9e9adfd-eb35-4f6f-8a64-f32994444a98,미닮,잡화,시장로타리지하상가,일반지하상점가,인천광역시,,,
644d526d3cfccd2d1167,full_annotation_v1,A,q_잡화_06,잡화추천,패션·잡화 중 '잡화'를 판매·제공하는 매장,train,잡화,T6 기계변형,00242042-f371-486a-a1fc-b85de093edbf,슈올즈 이천점,"신발, 잡화",장터거리시장 골목형상점가,골목형상점가,경기도,,,
5c03e2ed44b6d6e4b6c5,full_annotation_v1,A,q_잡화_06,잡화추천,패션·잡화 중 '잡화'를 판매·제공하는 매장,train,잡화,T6 기계변형,033d5e54-09a8-4b62-b2f3-fcbbea102801,은천지,이동식소품(은제품)매대,전주남부시장,전통시장,전북특별자치도,,,
d94c4ed96b554e224a14,full_annotation_v1,A,q_잡화_06,잡화추천,패션·잡화 중 '잡화'를 판매·제공하는 매장,train,잡화,T6 기계변형,c26622f9-fb8c-42ff-9d60-b3ad1b60dcc4,토왈,잡화,달서시장,전통시장,대구광역시,,,
039198122e001ac67972,full_annotation_v1,A,q_잡화_06,잡화추천,패션·잡화 중 '잡화'를 판매·제공하는 매장,train,잡화,T6 기계변형,e33218a8-3b71-4e30-8524-b45b38977585,홈스피아,생활용품,해남읍 원도심 상권활성화구역,상권활성화구역,전라남도,,,
ed4bc787706650889e65,full_annotation_v1,A,q_잡화_06,잡화추천,패션·잡화 중 '잡화'를 판매·제공하는 매장,train,잡화,T6 기계변형,001bacc9-5a95-4049-babd-6691512d8da0,백두사,잡화,장량성도시장,전통시장,경상북도,,,
6ce65f77742d9cfa8766,full_annotation_v1,A,q_잡화_06,잡화추천,패션·잡화 중 '잡화'를 판매·제공하는 매장,train,잡화,T6 기계변형,2374c7ba-e3eb-4775-b3e8-1caff5b38a1d,맥켄지,잡화,남대문시장,전통시장,서울특별시,,,
9c34bbf683fbff70c33d,full_annotation_v1,A,q_잡화_06,잡화추천,패션·잡화 중 '잡화'를 판매·제공하는 매장,train,잡화,T6 기계변형,b603735b-034e-4ed4-9569-ee6aa23cf8ca,태공슈퍼,잡화,안동음식의거리 골목형상점가,골목형상점가,경상북도,,,
21cc90a2d1c24e646a41,full_annotation_v1,A,q_잡화_06,잡화추천,패션·잡화 중 '잡화'를 판매·제공하는 매장,train,잡화,T6 기계변형,6f19b5a7-f4a3-4295-b7e4-cdaa1a0e7cfe,잇츠,잡화,동성로상점가,자율상권구역,대구광역시,,,
fa789c61af7ff0bced21,full_annotation_v1,A,q_잡화_06,잡화추천,패션·잡화 중 '잡화'를 판매·제공하는 매장,train,잡화,T6 기계변형,020bea26-ac6d-4c37-88bb-f7115e8f3117,안성모자,모자,안성맞춤시장,전통시장,경기도,,,
375dd0adc71d2a4d6c9e,full_annotation_v1,A,q_잡화_06,잡화추천,패션·잡화 중 '잡화'를 판매·제공하는 매장,train,잡화,T6 기계변형,d058ac31-7663-4792-80a8-41c34f6d9dde,황령슈퍼,잡화,은척시장,전통시장,경상북도,,,
bd8f4347b751f7aa457c,full_annotation_v1,A,q_잡화_06,잡화추천,패션·잡화 중 '잡화'를 판매·제공하는 매장,train,잡화,T6 기계변형,b473674e-87db-406d-b70e-39c35033f2f5,금낭화,잡화,남대문시장,전통시장,서울특별시,,,
dcc22d159420dd9149aa,full_annotation_v1,A,q_잡화_06,잡화추천,패션·잡화 중 '잡화'를 판매·제공하는 매장,train,잡화,T6 기계변형,63a4aec3-1f9a-4bb1-ada4-19836090005e,볼매,잡화,길음시장,전통시장,서울특별시,,,
3650501d42c73398a517,full_annotation_v1,A,q_잡화_06,잡화추천,패션·잡화 중 '잡화'를 판매·제공하는 매장,train,잡화,T6 기계변형,a29ecc27-c618-4fcb-adb8-eb5d7f9de506,청도잡화,잡화,서문시장(명품프라자상가),전통시장,대구광역시,,,
f7083da14f68d0c68326,full_annotation_v1,A,q_잡화_06,잡화추천,패션·잡화 중 '잡화'를 판매·제공하는 매장,train,잡화,T6 기계변형,fc6259c2-3589-4ead-85a7-66e942769e4c,키덜트샾,잡화,중앙로 지하상가 상점가,일반지하상점가,대전광역시,,,
9221d8a8fe27cdd38802,full_annotation_v1,A,q_잡화_06,잡화추천,패션·잡화 중 '잡화'를 판매·제공하는 매장,train,잡화,T6 기계변형,5aadc5bb-e1bf-4eda-9bfc-d2995aab7191,빨간코끼리,미용업,백운광장 골목형상점가,골목형상점가,광주광역시,,,
3b8da0cec4e45bc57130,full_annotation_v1,A,q_잡화_06,잡화추천,패션·잡화 중 '잡화'를 판매·제공하는 매장,train,잡화,T6 기계변형,0fd73ded-58f1-42e6-b6b0-93ce75a28896,주홍사,잡화,남대문시장,전통시장,서울특별시,,,
f57cc9c774f83dbb08f2,full_annotation_v1,A,q_잡화_06,잡화추천,패션·잡화 중 '잡화'를 판매·제공하는 매장,train,잡화,T6 기계변형,64a889f9-c282-4bd6-9b31-a3d3cb99b3b5,중앙잡화,잡화,예천중앙시장,전통시장,경상북도,,,
c630780ae19f3532805c,full_annotation_v1,A,q_잡화_06,잡화추천,패션·잡화 중 '잡화'를 판매·제공하는 매장,train,잡화,T6 기계변형,05f076bf-2a1f-4dc6-bc59-af84f12ebfe2,현대모자,우산 모자 타올 기타,창원 성원그랜드쇼핑상가,전통시장,경상남도,,,
52f54719654afcaf6979,full_annotation_v1,A,q_잡화_06,잡화추천,패션·잡화 중 '잡화'를 판매·제공하는 매장,train,잡화,T6 기계변형,3f442e95-2159-452c-b0eb-f346d1b9f5cf,쥬인,잡화,제일평화시장,전통시장,서울특별시,,,
a2711a4ed76fad867313,full_annotation_v1,A,q_잡화_06,잡화추천,패션·잡화 중 '잡화'를 판매·제공하는 매장,train,잡화,T6 기계변형,e15180fc-6167-46a0-94ea-e84462a5852b,차미,잡화,동산상가,전통시장,대구광역시,,,
81af831fc638718fbd64,full_annotation_v1,A,q_잡화_06,잡화추천,패션·잡화 중 '잡화'를 판매·제공하는 매장,train,잡화,T6 기계변형,0054b824-eb72-4efa-a1ba-40d467c899a5,수정상회,잡화,중앙전통시장,전통시장,울산광역시,,,
eec0078ff1db278ece6d,full_annotation_v1,A,q_잡화_06,잡화추천,패션·잡화 중 '잡화'를 판매·제공하는 매장,train,잡화,T6 기계변형,b19badf2-e746-499b-8d68-4055bcde219f,현대잡화,잡화,성환1번가 골목형상점가,골목형상점가,충청남도,,,
f7d8b105c741ddee8855,full_annotation_v1,A,q_잡화_06,잡화추천,패션·잡화 중 '잡화'를 판매·제공하는 매장,train,잡화,T6 기계변형,36138cff-dca3-4108-b4fa-61593a30c9d6,동언가방,잡화,경주중앙시장,전통시장,경상북도,,,
bfdbe81b2585f7eed011,full_annotation_v1,A,q_잡화_06,잡화추천,패션·잡화 중 '잡화'를 판매·제공하는 매장,train,잡화,T6 기계변형,0188cda6-6441-4058-82b0-0cb89e035583,친한친구,액세서리,㈜르네시떼,전통시장,부산광역시,,,
bca5d29d9ceec167fa51,full_annotation_v1,A,q_잡화_06,잡화추천,패션·잡화 중 '잡화'를 판매·제공하는 매장,train,잡화,T6 기계변형,4e515a59-75e4-4acd-91bf-f8e1cb0fe3eb,미찌,잡화,부산평화시장,전통시장,부산광역시,,,
c53199fe5e660f6ec3c8,full_annotation_v1,A,q_잡화_06,잡화추천,패션·잡화 중 '잡화'를 판매·제공하는 매장,train,잡화,T6 기계변형,2c351560-1ebd-4aa7-8447-5a9b02612978,풍년,한식,흑석동 골목형상점가,골목형상점가,광주광역시,,,
4a36d50c54e75865a67d,full_annotation_v1,A,q_잡화_06,잡화추천,패션·잡화 중 '잡화'를 판매·제공하는 매장,train,잡화,T6 기계변형,9db39050-2f1b-4bda-98b4-5736f601ba64,옛날잡화,잡화,신정상가시장,전통시장,울산광역시,,,
ea6fb6cdd3bba5663c18,full_annotation_v1,A,q_잡화_06,잡화추천,패션·잡화 중 '잡화'를 판매·제공하는 매장,train,잡화,T6 기계변형,49b88e81-8c95-421b-a119-f46f92408f02,문내과의원,보건업,태평시장,전통시장,대전광역시,,,
6b748261956924013147,full_annotation_v1,A,q_잡화_06,잡화추천,패션·잡화 중 '잡화'를 판매·제공하는 매장,train,잡화,T6 기계변형,a801793e-a6dc-4e99-9ffb-f7a91e29af93,콩꼬물,잡화,오천시장,전통시장,경상북도,,,
a58954014e3d9d9d8cd1,full_annotation_v1,A,q_잡화_06,잡화추천,패션·잡화 중 '잡화'를 판매·제공하는 매장,train,잡화,T6 기계변형,003747e4-8102-4296-bfdf-b7ca7c1f83fa,평화잡화,잡화,부산평화시장,전통시장,부산광역시,,,
f240228a3dffea32c780,full_annotation_v1,A,q_잡화_06,잡화추천,패션·잡화 중 '잡화'를 판매·제공하는 매장,train,잡화,T6 기계변형,04c7f4e2-7207-41fb-aebb-6d021d42e613,픽뎀업,"모자, 가방, 키링, 패치",연남동골목형상점가,골목형상점가,서울특별시,,,
6ece3df4051aef21d8e8,full_annotation_v1,A,q_잡화_06,잡화추천,패션·잡화 중 '잡화'를 판매·제공하는 매장,train,잡화,T6 기계변형,fabbe3b9-99f8-44ac-b629-6b676a5b7810,잡화물류상회,잡화,광양5일시장,전통시장,전라남도,,,
9f9b62d86cd81b90ac3f,full_annotation_v1,A,q_잡화_06,잡화추천,패션·잡화 중 '잡화'를 판매·제공하는 매장,train,잡화,T6 기계변형,82727aad-0a63-482b-bdf7-8d6ed7e78140,소이목포중앙점,의류,목포원도심상점가,자율상권구역,전라남도,,,
76d3f992d7e9fa2af38f,full_annotation_v1,A,q_잡화_06,잡화추천,패션·잡화 중 '잡화'를 판매·제공하는 매장,train,잡화,T6 기계변형,80c4738a-934b-4b41-9de9-a82a5967a614,천외천,한식,상봉먹자골목형상점가,골목형상점가,서울특별시,,,
ceb5c1d7fe6f4bea53ed,full_annotation_v1,A,q_잡화_06,잡화추천,패션·잡화 중 '잡화'를 판매·제공하는 매장,train,잡화,T6 기계변형,b736ecd3-c072-4a42-930e-b8047377598c,포구커피,커피,포항죽도시장,전통시장,경상북도,,,
28ab85ee85c0ec17a5e1,full_annotation_v1,A,q_잡화_06,잡화추천,패션·잡화 중 '잡화'를 판매·제공하는 매장,train,잡화,T6 기계변형,5cd55a0e-385a-4c7b-894b-77b7da52e98f,청라 펫마트,애완용 동물 관련용품,신남네거리상점가,자율상권구역,대구광역시,,,
887397074f47fee85d95,full_annotation_v1,A,q_잡화_06,잡화추천,패션·잡화 중 '잡화'를 판매·제공하는 매장,train,잡화,T6 기계변형,dbf1d46f-632d-4051-a4db-3bb7020c16ce,윤예,잡화,범한프라자시장,전통시장,경기도,,,
4e016ce1c410fc0775d7,full_annotation_v1,A,q_잡화_06,잡화추천,패션·잡화 중 '잡화'를 판매·제공하는 매장,train,잡화,T6 기계변형,b48e66ff-8e56-4f8b-9144-13d27e942ce8,반에반,잡화,고투몰(강남터미널지하도상점가),일반지하상점가,서울특별시,,,
57d8e8b144fe1c823660,full_annotation_v1,A,q_잡화_06,잡화추천,패션·잡화 중 '잡화'를 판매·제공하는 매장,train,잡화,T6 기계변형,fbc99ff3-ff1c-4440-b802-b0d5c27cd12c,베짱이,잡화,정읍연지상점가,자율상권구역,전북특별자치도,,,
bd5c142ec4e2e97a2a06,full_annotation_v1,A,q_잡화_06,잡화추천,패션·잡화 중 '잡화'를 판매·제공하는 매장,train,잡화,T6 기계변형,f277dcdf-b379-4ed8-aee9-fb1aac95c0b2,별표상사,잡화,포항죽도시장,전통시장,경상북도,,,
0aeb124fa2337b8ab811,full_annotation_v1,A,q_잡화_06,잡화추천,패션·잡화 중 '잡화'를 판매·제공하는 매장,train,잡화,T6 기계변형,0308940f-189d-41bd-9a0c-cae20bfc8b65,실버투유,액세서리,남대문시장,전통시장,서울특별시,,,
3ddb894108ca7a8157c5,full_annotation_v1,A,q_잡화_06,잡화추천,패션·잡화 중 '잡화'를 판매·제공하는 매장,train,잡화,T6 기계변형,55b1bd87-2dde-4bea-b5bf-090de2f4a9cf,다이나핏여천점,의류,흥국상가,자율상권구역,전라남도,,,
984af18a5967b430a65c,full_annotation_v1,A,q_잡화_06,잡화추천,패션·잡화 중 '잡화'를 판매·제공하는 매장,train,잡화,T6 기계변형,03d2f183-77cc-44c8-b4e4-f34ed3bcfa83,다나,"소매업(귀금속,액세서리,모조장신구)",코끼리시장,전통시장,경기도,,,
ac6e9e478531a9206c9d,full_annotation_v1,A,q_잡화_06,잡화추천,패션·잡화 중 '잡화'를 판매·제공하는 매장,train,잡화,T6 기계변형,bfb765d0-4956-4f9e-af96-0c49c62c096b,동명동사진관,사진촬영,동명동 카페거리 골목형상점가,골목형상점가,광주광역시,,,
22bef907074edf2666fa,full_annotation_v1,A,q_잡화_06,잡화추천,패션·잡화 중 '잡화'를 판매·제공하는 매장,train,잡화,T6 기계변형,62e81896-1c4a-4130-b337-9beae4807a63,대짱가방,잡화,전통중앙도매상가,전통시장,대전광역시,,,
b558b60cb270305ab957,full_annotation_v1,A,q_잡화_06,잡화추천,패션·잡화 중 '잡화'를 판매·제공하는 매장,train,잡화,T6 기계변형,0346890c-a0a4-46a1-8572-f5a7af519b58,소소상점,잡화 침구 소품,구미 아카데미상가 골목형상점가,골목형상점가,경상북도,,,
a7b4f7a2c93e8ce86e83,full_annotation_v1,A,q_잡화_06,잡화추천,패션·잡화 중 '잡화'를 판매·제공하는 매장,train,잡화,T6 기계변형,00df56ff-2c2d-4759-9cbd-95241e0a8f6d,너와의순간,기타소품,속초종합중앙시장,전통시장,강원특별자치도,,,
eb90b4b5482a5cbd8238,full_annotation_v1,A,q_잡화_06,잡화추천,패션·잡화 중 '잡화'를 판매·제공하는 매장,train,잡화,T6 기계변형,150070ed-6241-49ac-b349-5e2cf8dabad7,형제잡화,잡화,안양농수산물 골목형상점가,골목형상점가,경기도,,,
f9c45dc36b4f4b0f54ad,full_annotation_v1,A,q_잡화_06,잡화추천,패션·잡화 중 '잡화'를 판매·제공하는 매장,train,잡화,T6 기계변형,03425599-9eed-4d3b-8682-d3c2e620325e,초량전통시장 노점매대 54번,액세서리,초량전통시장,전통시장,부산광역시,,,
bf463f677351977bb95a,full_annotation_v1,A,q_잡화_06,잡화추천,패션·잡화 중 '잡화'를 판매·제공하는 매장,train,잡화,T6 기계변형,0529a714-435f-4a79-ac14-6753b097c8f2,카이코스,가죽소품,숭례문수입상가,전통시장,서울특별시,,,
c99d9512323ff8cf5d19,full_annotation_v1,A,q_잡화_06,잡화추천,패션·잡화 중 '잡화'를 판매·제공하는 매장,train,잡화,T6 기계변형,aaf813e4-33de-4f19-861f-af0ee7d86731,훈&훈,잡화,남대문시장,전통시장,서울특별시,,,
54294529f71ceda77bd5,full_annotation_v1,A,q_잡화_06,잡화추천,패션·잡화 중 '잡화'를 판매·제공하는 매장,train,잡화,T6 기계변형,32e18a19-a771-4b31-a09c-fe10b4ef7fd3,송,잡화,의정부역지하상가,일반지하상점가,경기도,,,
adbbd7d325fcb1f0f37b,full_annotation_v1,A,q_잡화_06,잡화추천,패션·잡화 중 '잡화'를 판매·제공하는 매장,train,잡화,T6 기계변형,02dd6b8f-8097-4065-8d0f-a6c5267a1f89,오케이모자,모자,남대문시장,전통시장,서울특별시,,,
148da71c3e740b968f8b,full_annotation_v1,A,q_잡화_06,잡화추천,패션·잡화 중 '잡화'를 판매·제공하는 매장,train,잡화,T6 기계변형,03cf59c3-0bce-43ff-9df1-14e946a2bd29,금산트라이,"모자, 가방, 패션잡화",금산중앙로상점가,자율상권구역,충청남도,,,
7fdc0406c6d96e66f6aa,full_annotation_v1,A,q_잡화_06,잡화추천,패션·잡화 중 '잡화'를 판매·제공하는 매장,train,잡화,T6 기계변형,7ad43aeb-d2c1-41aa-a372-0336cdd9cb1c,교촌치킨,치킨,설성골목형상점가,골목형상점가,충청북도,,,
cefbd89b1067e4afe84c,full_annotation_v1,A,q_잡화_06,잡화추천,패션·잡화 중 '잡화'를 판매·제공하는 매장,train,잡화,T6 기계변형,6f983719-451b-4b7b-8029-b457ad3f3d6f,오셰르,의류 잡화,남포지하도상가,일반지하상점가,부산광역시,,,
edca80cc11537754b205,full_annotation_v1,A,q_잡화_06,잡화추천,패션·잡화 중 '잡화'를 판매·제공하는 매장,train,잡화,T6 기계변형,ad9bd7ec-8f6f-40a2-810a-fcf99617a414,디망쉬,잡화,순천씨내몰상가(구 순천지하상가),일반지하상점가,전라남도,,,
205f2c27184245ebc093,full_annotation_v1,A,q_잡화_06,잡화추천,패션·잡화 중 '잡화'를 판매·제공하는 매장,train,잡화,T6 기계변형,4a94d3e0-f1e7-4824-bf70-8c9297934d93,잡화,,달서시장,전통시장,대구광역시,,,
48fa2b269acc230c7347,full_annotation_v1,A,q_잡화_06,잡화추천,패션·잡화 중 '잡화'를 판매·제공하는 매장,train,잡화,T6 기계변형,44c527aa-5b83-49eb-80b4-0f7216e18e6e,해피라움볼링장,볼링장,호매실역중심상가 골목형상점가,골목형상점가,경기도,,,
ffaca77ff0da256b308e,full_annotation_v1,A,q_잡화_06,잡화추천,패션·잡화 중 '잡화'를 판매·제공하는 매장,train,잡화,T6 기계변형,4ffd7a56-57f7-43fa-8820-37adb3552b1e,삼흥상회,건어물및젖갈류,칠성종합 상권활성화구역,상권활성화구역,대구광역시,,,
a57ce0ab333481ed22da,full_annotation_v1,A,q_잡화_06,잡화추천,패션·잡화 중 '잡화'를 판매·제공하는 매장,train,잡화,T6 기계변형,1f729b39-7ace-4502-a912-ea4b664a1918,월성상회앞노점상,과일,포항죽도시장,전통시장,경상북도,,,
38b5ba1dffcf10541d11,full_annotation_v1,A,q_잡화_06,잡화추천,패션·잡화 중 '잡화'를 판매·제공하는 매장,train,잡화,T6 기계변형,1ee05732-4910-4857-adeb-825d9f1a716c,라핀,잡화,고투몰(강남터미널지하도상점가),일반지하상점가,서울특별시,,,
b215bcf99b2cfb177fb3,full_annotation_v1,A,q_잡화_06,잡화추천,패션·잡화 중 '잡화'를 판매·제공하는 매장,train,잡화,T6 기계변형,01f2baea-5004-4e8d-a9a5-66c50aaf49e6,머쓱케이스,휴대폰 액세서리,동성로상점가,자율상권구역,대구광역시,,,
e1e3fb787686b2dfd6a5,full_annotation_v1,A,q_젓갈_01,젓갈 사는 곳,식료품 중 '젓갈'을 판매·제공하는 매장,train,젓갈,T4 구어·문장,7987b490-aebc-4283-99e2-1f21655fd178,주공젓갈,젓갈,군산주공시장,전통시장,전북특별자치도,,,
241652f0bc6d1c6c9cf8,full_annotation_v1,A,q_젓갈_01,젓갈 사는 곳,식료품 중 '젓갈'을 판매·제공하는 매장,train,젓갈,T4 구어·문장,b0c5cf83-3ec0-4a9a-81a0-e7d52b331e5c,통영싱싱젓갈,젓갈,도마큰시장,전통시장,대전광역시,,,
979b30a64c49b74f1055,full_annotation_v1,A,q_젓갈_01,젓갈 사는 곳,식료품 중 '젓갈'을 판매·제공하는 매장,train,젓갈,T4 구어·문장,a50afbf6-b5f4-487a-b324-4ec2b588771e,강경젓갈,젓갈,대구체육관 골목형상점가,골목형상점가,대구광역시,,,
8ecc89f357047b4729df,full_annotation_v1,A,q_젓갈_01,젓갈 사는 곳,식료품 중 '젓갈'을 판매·제공하는 매장,train,젓갈,T4 구어·문장,6b346922-36c3-4810-a581-9a979dc3c83b,새힘푸드,젓갈,평택통복시장,전통시장,경기도,,,
296dcebd5285c1229f83,full_annotation_v1,A,q_젓갈_01,젓갈 사는 곳,식료품 중 '젓갈'을 판매·제공하는 매장,train,젓갈,T4 구어·문장,87de8013-2cb0-4e8c-aca9-fbda042a5b86,서진수산,젓갈,서천시장거리 골목형상점가,골목형상점가,충청남도,,,
529fda8240c689bfeee2,full_annotation_v1,A,q_젓갈_01,젓갈 사는 곳,식료품 중 '젓갈'을 판매·제공하는 매장,train,젓갈,T4 구어·문장,885cf550-33db-4680-8815-b5535ed6ebea,백년젓갈,젓갈,수원못골종합시장,전통시장,경기도,,,
f13be04583957e0279ea,full_annotation_v1,A,q_젓갈_01,젓갈 사는 곳,식료품 중 '젓갈'을 판매·제공하는 매장,train,젓갈,T4 구어·문장,fff35513-4bb3-445a-a06d-650593afda2f,정가네,젓갈,인천종합어시장,전통시장,인천광역시,,,
e0df990747e840b83d77,full_annotation_v1,A,q_젓갈_01,젓갈 사는 곳,식료품 중 '젓갈'을 판매·제공하는 매장,train,젓갈,T4 구어·문장,e2f65704-0a07-4af2-a545-8e889af095ea,세종젓갈,젓갈,강경젓갈시장,전통시장,충청남도,,,
13919f6ba287429bbfd3,full_annotation_v1,A,q_젓갈_01,젓갈 사는 곳,식료품 중 '젓갈'을 판매·제공하는 매장,train,젓갈,T4 구어·문장,02340f66-cf12-484b-9f3a-cdcf7f472af2,똑순식품,젓갈,부전상가시장,전통시장,부산광역시,,,
dfbdcec94c2c0001454a,full_annotation_v1,A,q_젓갈_01,젓갈 사는 곳,식료품 중 '젓갈'을 판매·제공하는 매장,train,젓갈,T4 구어·문장,21e00723-6f11-4f55-9a18-b44d3a7a5034,정자젓갈,젓갈,구역전시장,전통시장,울산광역시,,,
b582ff65ded1a8070b5f,full_annotation_v1,A,q_젓갈_01,젓갈 사는 곳,식료품 중 '젓갈'을 판매·제공하는 매장,train,젓갈,T4 구어·문장,ca189285-32df-44ab-8db0-0188ac6868d2,참맛있는젓갈,젓갈,구례5일시장,전통시장,전라남도,,,
bd3ad7324d81c8e069dd,full_annotation_v1,A,q_젓갈_01,젓갈 사는 곳,식료품 중 '젓갈'을 판매·제공하는 매장,train,젓갈,T4 구어·문장,97698419-4b81-469e-a533-df269cabc306,호남상회,젓갈,노량진수산시장골목형상점가,골목형상점가,서울특별시,,,
c8001d02eb4187016753,full_annotation_v1,A,q_젓갈_01,젓갈 사는 곳,식료품 중 '젓갈'을 판매·제공하는 매장,train,젓갈,T4 구어·문장,2e343660-4718-4d0f-8e0b-a965a0959004,영신젓갈,젓갈,속초종합중앙시장,전통시장,강원특별자치도,,,
ad05f0bc96f81bf34d61,full_annotation_v1,A,q_젓갈_01,젓갈 사는 곳,식료품 중 '젓갈'을 판매·제공하는 매장,train,젓갈,T4 구어·문장,09d34378-bc27-4746-bfa5-f8cdb2a21c58,강경젓갈,젓갈,익산장(구 북부장),전통시장,전북특별자치도,,,
170e734eaadb7dc1efeb,full_annotation_v1,A,q_젓갈_01,젓갈 사는 곳,식료품 중 '젓갈'을 판매·제공하는 매장,train,젓갈,T4 구어·문장,23bd7619-fcbc-46b9-a1e5-6a82f31b2a04,삼성상회,젓갈,칠성시장,전통시장,대구광역시,,,
3d0d19205a298ed3ed22,full_annotation_v1,A,q_젓갈_01,젓갈 사는 곳,식료품 중 '젓갈'을 판매·제공하는 매장,train,젓갈,T4 구어·문장,edbafbf8-bf96-46d1-b6f1-19a402a4593d,밝은안경21,안경,매곡 큰길 골목형상점가,골목형상점가,광주광역시,,,
65e5e8b055df91bfdd45,full_annotation_v1,A,q_젓갈_01,젓갈 사는 곳,식료품 중 '젓갈'을 판매·제공하는 매장,train,젓갈,T4 구어·문장,75bd6a87-11f6-4ea3-b185-1d46b50f4758,호야네 젓갈,"젓갈, 양념젓갈",송강전통시장,전통시장,대전광역시,,,
7387866000eb15320eb4,full_annotation_v1,A,q_젓갈_01,젓갈 사는 곳,식료품 중 '젓갈'을 판매·제공하는 매장,train,젓갈,T4 구어·문장,19313a71-3de1-4ee8-9427-2aa5bb03a8ff,광천상회,젓갈,역전시장 상점가,자율상권구역,대전광역시,,,
36b4166e766454c8a931,full_annotation_v1,A,q_젓갈_01,젓갈 사는 곳,식료품 중 '젓갈'을 판매·제공하는 매장,train,젓갈,T4 구어·문장,7ae9ec37-b1b1-482f-bddb-df98501de34f,충남상회,젓갈,인천종합어시장,전통시장,인천광역시,,,
9e801b3221743536f00f,full_annotation_v1,A,q_젓갈_01,젓갈 사는 곳,식료품 중 '젓갈'을 판매·제공하는 매장,train,젓갈,T4 구어·문장,23e2d4c9-c9e8-4bdf-a546-cba35e38e53e,쉐프정,오마카세차돌박이석갈비,광복마을5길 골목형상점가,골목형상점가,광주광역시,,,
f73c7ecc9c79a477fc79,full_annotation_v1,A,q_젓갈_01,젓갈 사는 곳,식료품 중 '젓갈'을 판매·제공하는 매장,train,젓갈,T4 구어·문장,76a3551b-dae4-4326-92cc-662015aedbfb,쉴 곳,한식,칠성로상점가,자율상권구역,제주특별자치도,,,
ce9d07e688e1310cd730,full_annotation_v1,A,q_젓갈_01,젓갈 사는 곳,식료품 중 '젓갈'을 판매·제공하는 매장,train,젓갈,T4 구어·문장,54340ffd-1388-41fd-bddf-fad7ec2fe5f3,해성상회,젓갈,칠성시장,전통시장,대구광역시,,,
60903f84beed06d5c271,full_annotation_v1,A,q_젓갈_01,젓갈 사는 곳,식료품 중 '젓갈'을 판매·제공하는 매장,train,젓갈,T4 구어·문장,f071e1bc-85af-4f31-9bab-c2cdf421a781,목포상회,젓갈,세종전통시장,전통시장,세종특별자치시,,,
41fcb0feaea2dae0b04e,full_annotation_v1,A,q_젓갈_01,젓갈 사는 곳,식료품 중 '젓갈'을 판매·제공하는 매장,train,젓갈,T4 구어·문장,439c3c87-ecc1-4bae-a451-0d7104409e2e,강경젓갈,젓갈,도마큰시장,전통시장,대전광역시,,,
a5e2e0301eaef0b1642f,full_annotation_v1,A,q_젓갈_01,젓갈 사는 곳,식료품 중 '젓갈'을 판매·제공하는 매장,train,젓갈,T4 구어·문장,8ddc9324-2227-4ef9-a169-ab65c614fcc5,장흥상회(젓갈),젓갈,대인시장,전통시장,광주광역시,,,
1e7715984306c6805241,full_annotation_v1,A,q_젓갈_01,젓갈 사는 곳,식료품 중 '젓갈'을 판매·제공하는 매장,train,젓갈,T4 구어·문장,44458be5-4077-474c-a9fa-243f11fbd52d,둘째네젓갈,젓갈,의정부제일시장,전통시장,경기도,,,
591418b8875105d329d4,full_annotation_v1,A,q_젓갈_01,젓갈 사는 곳,식료품 중 '젓갈'을 판매·제공하는 매장,train,젓갈,T4 구어·문장,233b3e24-fb9c-458f-af2b-540e80572106,청춘젓집,젓갈,전주남부시장,전통시장,전북특별자치도,,,
59d4ad50a1be3b0d024e,full_annotation_v1,A,q_젓갈_01,젓갈 사는 곳,식료품 중 '젓갈'을 판매·제공하는 매장,train,젓갈,T4 구어·문장,3644fb4e-6be4-4db1-82bc-dd16771e996c,오씨상회,젓갈,인천종합어시장,전통시장,인천광역시,,,
f3f78ed938948c0b7e5c,full_annotation_v1,A,q_젓갈_01,젓갈 사는 곳,식료품 중 '젓갈'을 판매·제공하는 매장,train,젓갈,T4 구어·문장,95b6dc2d-1fec-4ef0-ab04-388e734a8f1e,여수젓갈,젓갈,말바우시장,전통시장,광주광역시,,,
c61d31bca77eb549a492,full_annotation_v1,A,q_젓갈_01,젓갈 사는 곳,식료품 중 '젓갈'을 판매·제공하는 매장,train,젓갈,T4 구어·문장,f25de404-93ad-4133-bf62-c74cc15a372c,광주상회,젓갈,소래포구전통어시장,전통시장,인천광역시,,,
1a91656566abc40f399c,full_annotation_v1,A,q_젓갈_01,젓갈 사는 곳,식료품 중 '젓갈'을 판매·제공하는 매장,train,젓갈,T4 구어·문장,81b47d15-668c-4a37-9d80-5720acbef54a,속초무림젓갈,젓갈,속초중앙전통시장,전통시장,강원특별자치도,,,
8dc58793318cacf2a77b,full_annotation_v1,A,q_젓갈_01,젓갈 사는 곳,식료품 중 '젓갈'을 판매·제공하는 매장,train,젓갈,T4 구어·문장,24456103-f6b8-46af-8655-82e61d7265d8,커피가 머무르는 곳,커피,반드레길골목형상점가,골목형상점가,서울특별시,,,
28f37993dc060ba9f238,full_annotation_v1,A,q_젓갈_01,젓갈 사는 곳,식료품 중 '젓갈'을 판매·제공하는 매장,train,젓갈,T4 구어·문장,49d2a00e-fbeb-4770-97f1-fd6d79adbe93,모녀젓갈,젓갈,경산공설시장,전통시장,경상북도,,,
d7d3aff9b4c1e5eba183,full_annotation_v1,A,q_젓갈_01,젓갈 사는 곳,식료품 중 '젓갈'을 판매·제공하는 매장,train,젓갈,T4 구어·문장,a823f6f3-4ed3-4283-b82b-0d4ee96df3ba,우리상회,젓갈,정읍샘고을시장,전통시장,전북특별자치도,,,
c6437390617feef36d9d,full_annotation_v1,A,q_젓갈_01,젓갈 사는 곳,식료품 중 '젓갈'을 판매·제공하는 매장,train,젓갈,T4 구어·문장,0079b5e1-1f88-4974-9f0b-c707d71d2ac5,유한회사 충남식품,젓갈,가락몰골목형상점가,골목형상점가,서울특별시,,,
b1e22f0b59b4a63b1684,full_annotation_v1,A,q_젓갈_01,젓갈 사는 곳,식료품 중 '젓갈'을 판매·제공하는 매장,train,젓갈,T4 구어·문장,0471ab15-1d70-4460-a38d-9b4a910b0fdb,강경젓갈,젓갈,까치산시장,전통시장,서울특별시,,,
73b89a0e49288a3afa48,full_annotation_v1,A,q_젓갈_01,젓갈 사는 곳,식료품 중 '젓갈'을 판매·제공하는 매장,train,젓갈,T4 구어·문장,2743811c-5e71-4d2b-aa75-1b0147d44f2d,사우 꽃이 피는 곳,꽃,김포 풍년마을 골목형상점가,골목형상점가,경기도,,,
e160cbee2fe8a96b8317,full_annotation_v1,A,q_젓갈_01,젓갈 사는 곳,식료품 중 '젓갈'을 판매·제공하는 매장,train,젓갈,T4 구어·문장,868d7616-d98a-4608-a906-c5b44619a490,목포신안세진젓갈,젓갈,문창시장,전통시장,대전광역시,,,
86d3cd156b0adb6e5727,full_annotation_v1,A,q_젓갈_01,젓갈 사는 곳,식료품 중 '젓갈'을 판매·제공하는 매장,train,젓갈,T4 구어·문장,6d675508-f928-42e6-8cac-7c9dc978a0cc,행복한짬뽕,중식,운암 다정 골목형상점가,골목형상점가,광주광역시,,,
5bcaa09866fbc6cbe51c,full_annotation_v1,A,q_젓갈_01,젓갈 사는 곳,식료품 중 '젓갈'을 판매·제공하는 매장,train,젓갈,T4 구어·문장,853ec140-de3c-493b-959c-4579cee66f24,강경왕젓갈,젓갈,포항죽도시장,전통시장,경상북도,,,
1831af1c550465ed747f,full_annotation_v1,A,q_젓갈_01,젓갈 사는 곳,식료품 중 '젓갈'을 판매·제공하는 매장,train,젓갈,T4 구어·문장,ef98d11a-e88e-4cdf-8985-2a6709cfd56a,강경젓갈,젓갈,정릉시장,전통시장,서울특별시,,,
dce6d29bd6dda32e03a1,full_annotation_v1,A,q_젓갈_01,젓갈 사는 곳,식료품 중 '젓갈'을 판매·제공하는 매장,train,젓갈,T4 구어·문장,72b3d8c3-36d1-4d8b-840c-c6fa19fb9b9a,형제무역,젓갈,청량리전통시장,전통시장,서울특별시,,,
6c893ab1299dba8abaea,full_annotation_v1,A,q_젓갈_01,젓갈 사는 곳,식료품 중 '젓갈'을 판매·제공하는 매장,train,젓갈,T4 구어·문장,82206d85-53b2-4afd-bf09-48e041861bb3,광천수산,젓갈,강서수산시장골목형상점가,골목형상점가,서울특별시,,,
496a7dbbc4edd0a58f9b,full_annotation_v1,A,q_젓갈_01,젓갈 사는 곳,식료품 중 '젓갈'을 판매·제공하는 매장,train,젓갈,T4 구어·문장,f13174c4-baff-4394-8f9c-f0bb9765e8d7,고향젓갈,젓갈,속초중앙전통시장,전통시장,강원특별자치도,,,
7a7332502eaa279b4852,full_annotation_v1,A,q_젓갈_01,젓갈 사는 곳,식료품 중 '젓갈'을 판매·제공하는 매장,train,젓갈,T4 구어·문장,56f915c3-fd22-44c3-96d3-cb2e4b951ab6,청정젓갈,젓갈,(주)여수수산시장,전통시장,전라남도,,,
7de647de933f6db80901,full_annotation_v1,A,q_젓갈_01,젓갈 사는 곳,식료품 중 '젓갈'을 판매·제공하는 매장,train,젓갈,T4 구어·문장,732f1e28-8b9b-4a14-9135-ebf2ee563b52,미조식품,젓갈,남평5일시장,전통시장,전라남도,,,
81dcb118ab90b7a9fa18,full_annotation_v1,A,q_젓갈_01,젓갈 사는 곳,식료품 중 '젓갈'을 판매·제공하는 매장,train,젓갈,T4 구어·문장,4cfe15f2-816d-4340-aca0-8f26e4dafe13,식전젓갈,젓갈,속초종합중앙시장,전통시장,강원특별자치도,,,
4fba7da50f96a604692f,full_annotation_v1,A,q_젓갈_01,젓갈 사는 곳,식료품 중 '젓갈'을 판매·제공하는 매장,train,젓갈,T4 구어·문장,0d510a8c-8aea-4ab1-9873-c1ac686fe619,삼성상회,젓갈,고산미소시장(고산시장),전통시장,전북특별자치도,,,
71ae9a59aafe8e96d1a1,full_annotation_v1,A,q_젓갈_01,젓갈 사는 곳,식료품 중 '젓갈'을 판매·제공하는 매장,train,젓갈,T4 구어·문장,d85c8060-f938-45f9-bd9a-5db027e0c5d5,대흥젓갈,젓갈,강경대흥시장,전통시장,충청남도,,,
369efaf8ebb42d302c73,full_annotation_v1,A,q_젓갈_01,젓갈 사는 곳,식료품 중 '젓갈'을 판매·제공하는 매장,train,젓갈,T4 구어·문장,0066f7ea-fb0c-432e-9006-1539d0c9ff86,부부젓갈,젓갈,소래포구종합어시장,자율상권구역,인천광역시,,,
a83c4b7d3e6cddf84f39,full_annotation_v1,A,q_젓갈_01,젓갈 사는 곳,식료품 중 '젓갈'을 판매·제공하는 매장,train,젓갈,T4 구어·문장,c111ac9d-3f3a-405c-a8db-4d127ccda9e2,행복이 있는 곳,잡화,제주로얄쇼핑센터,자율상권구역,제주특별자치도,,,
e2fe4cb8d594ebedc0a8,full_annotation_v1,A,q_젓갈_01,젓갈 사는 곳,식료품 중 '젓갈'을 판매·제공하는 매장,train,젓갈,T4 구어·문장,4d7e83ec-a4f9-4108-9525-667a07c91ae0,여수젓갈,젓갈,소래포구종합어시장,자율상권구역,인천광역시,,,
e2fedee88f44b9bdaf1c,full_annotation_v1,A,q_젓갈_01,젓갈 사는 곳,식료품 중 '젓갈'을 판매·제공하는 매장,train,젓갈,T4 구어·문장,248f0401-a588-406f-b1dd-3ac27d730012,"소문난건어물,젓갈","건어물, 젓갈",관문상가시장,전통시장,대구광역시,,,
35405eccc4d715e08569,full_annotation_v1,A,q_젓갈_01,젓갈 사는 곳,식료품 중 '젓갈'을 판매·제공하는 매장,train,젓갈,T4 구어·문장,2dfb92d4-6716-4244-882c-e785f09ecdc5,중앙젓갈,젓갈,한민시장,전통시장,대전광역시,,,
e3440e98d8a340a3652f,full_annotation_v1,A,q_젓갈_01,젓갈 사는 곳,식료품 중 '젓갈'을 판매·제공하는 매장,train,젓갈,T4 구어·문장,f80f3a4f-ac6a-4aa8-b8a0-c229ec194568,광천새우젓상회,젓갈,"온양온천시장(온양재래시장, 전통시장)",전통시장,충청남도,,,
e67472cd24fcf66d6a82,full_annotation_v1,A,q_젓갈_01,젓갈 사는 곳,식료품 중 '젓갈'을 판매·제공하는 매장,train,젓갈,T4 구어·문장,ee3affbf-d027-454d-b1ad-39c6a28bc7f9,이칠상사,비닐,대구남문시장,전통시장,대구광역시,,,
08b6231229939c7775ec,full_annotation_v1,A,q_젓갈_01,젓갈 사는 곳,식료품 중 '젓갈'을 판매·제공하는 매장,train,젓갈,T4 구어·문장,c1d14efb-f927-4d01-a409-4394e8b19370,남광주 젓갈,젓갈,남광주시장,전통시장,광주광역시,,,
d3c89d16da892d3d1a91,full_annotation_v1,A,q_젓갈_01,젓갈 사는 곳,식료품 중 '젓갈'을 판매·제공하는 매장,train,젓갈,T4 구어·문장,f991e2d7-df79-4d76-b685-44196707c629,삼영젓갈,젓갈,부천자유시장,전통시장,경기도,,,
eb04eebd6d145136d6d7,full_annotation_v1,A,q_젓갈_01,젓갈 사는 곳,식료품 중 '젓갈'을 판매·제공하는 매장,train,젓갈,T4 구어·문장,270b0206-2acf-43b6-8cae-e922943a8a65,동서젓갈,젓갈,강경젓갈시장,전통시장,충청남도,,,
c30b0397e5f507067760,full_annotation_v1,A,q_젓갈_01,젓갈 사는 곳,식료품 중 '젓갈'을 판매·제공하는 매장,train,젓갈,T4 구어·문장,7158f06a-1b10-4f33-abbf-3ace879d5dbc,충남상회,젓갈,경동시장,전통시장,서울특별시,,,
3d2cc92623202888f8ff,full_annotation_v1,A,q_젓갈_01,젓갈 사는 곳,식료품 중 '젓갈'을 판매·제공하는 매장,train,젓갈,T4 구어·문장,ce4b875d-996c-480e-9490-e1adb935483b,중앙식품,젓갈,포항죽도시장,전통시장,경상북도,,,
20fa3c49f3391a37ad0f,full_annotation_v1,A,q_젓갈_01,젓갈 사는 곳,식료품 중 '젓갈'을 판매·제공하는 매장,train,젓갈,T4 구어·문장,9b13ac41-78ae-4a98-8a35-2aebf3aae8d1,한양젓갈,젓갈,광천전통시장,전통시장,충청남도,,,
bb5465d82b20137497c9,full_annotation_v1,A,q_젓갈_01,젓갈 사는 곳,식료품 중 '젓갈'을 판매·제공하는 매장,train,젓갈,T4 구어·문장,02dea6f1-bc12-4af7-a0d4-7c0c6599f247,고맙다바다야,백반,씨푸드타운 일반상가상인회 골목형상점가,골목형상점가,전라남도,,,
5b01b8623ada478223e9,full_annotation_v1,A,q_젓갈_01,젓갈 사는 곳,식료품 중 '젓갈'을 판매·제공하는 매장,train,젓갈,T4 구어·문장,e1f0a665-513c-4393-8eb0-5a135dfae242,함열상회,젓갈,강경젓갈시장,전통시장,충청남도,,,
d57e883142f848451dc6,full_annotation_v1,A,q_젓갈_01,젓갈 사는 곳,식료품 중 '젓갈'을 판매·제공하는 매장,train,젓갈,T4 구어·문장,c0ebd139-da31-4578-b19f-8486cd4c79e7,젓갈도매,젓갈,포항죽도시장,전통시장,경상북도,,,
d4a353109555b68548d3,full_annotation_v1,A,q_젓갈_01,젓갈 사는 곳,식료품 중 '젓갈'을 판매·제공하는 매장,train,젓갈,T4 구어·문장,37e4d185-b5f7-4695-b34d-bad1439be0c2,강경장수젓갈,젓갈,강경젓갈시장,전통시장,충청남도,,,
e878f6130fce347ca319,full_annotation_v1,A,q_젓갈_01,젓갈 사는 곳,식료품 중 '젓갈'을 판매·제공하는 매장,train,젓갈,T4 구어·문장,e2fc2301-685f-463c-97ef-1bf2deaa9a1b,척척밥상 the meat 파주운정점,,가람로 골목형상점가,골목형상점가,경기도,,,
6d58ea0a1cc583ab6747,full_annotation_v1,A,q_젓갈_01,젓갈 사는 곳,식료품 중 '젓갈'을 판매·제공하는 매장,train,젓갈,T4 구어·문장,6ffb8701-baab-4fd5-bd9d-66182cee5eda,오복상회,젓갈,인천종합어시장,전통시장,인천광역시,,,
541abe56729adf45a5c5,full_annotation_v1,A,q_젓갈_01,젓갈 사는 곳,식료품 중 '젓갈'을 판매·제공하는 매장,train,젓갈,T4 구어·문장,4719392b-3d25-45d0-9682-e7944d98f0db,목포상회,젓갈,해남읍5일시장,전통시장,전라남도,,,
f44ccc4213f8fdeee510,full_annotation_v1,A,q_젓갈_01,젓갈 사는 곳,식료품 중 '젓갈'을 판매·제공하는 매장,train,젓갈,T4 구어·문장,f84b131d-e06b-4f90-b314-b18e3203e88e,고경식육점,식육점,영천공설시장,전통시장,경상북도,,,
b5f0c54eefd86de6a04f,full_annotation_v1,A,q_젓갈_01,젓갈 사는 곳,식료품 중 '젓갈'을 판매·제공하는 매장,train,젓갈,T4 구어·문장,b0ca487a-2e12-4bc1-8001-5b25cde85655,형제상회,젓갈,강경젓갈시장,전통시장,충청남도,,,
1a44f57d508141a67f58,full_annotation_v1,A,q_젓갈_01,젓갈 사는 곳,식료품 중 '젓갈'을 판매·제공하는 매장,train,젓갈,T4 구어·문장,555b25a9-42c2-4316-9f14-3ea49c952f23,강경젓갈,젓갈,정이있는 구포시장,전통시장,부산광역시,,,
d73b7233282bdc7f0e7c,full_annotation_v1,A,q_젓갈_01,젓갈 사는 곳,식료품 중 '젓갈'을 판매·제공하는 매장,train,젓갈,T4 구어·문장,2211da0f-ff66-4c84-a2e4-760cd318406f,광천새우젓상회,젓갈,당진전통시장,전통시장,충청남도,,,
839c2ed186acbf516ed0,full_annotation_v1,A,q_젓갈_01,젓갈 사는 곳,식료품 중 '젓갈'을 판매·제공하는 매장,train,젓갈,T4 구어·문장,abef26d8-4125-4920-90cf-7116c5419624,해주상회,김 건어물,신포시장,전통시장,인천광역시,,,
91ce7e1b7606f1fadbcb,full_annotation_v1,A,q_젓갈_01,젓갈 사는 곳,식료품 중 '젓갈'을 판매·제공하는 매장,train,젓갈,T4 구어·문장,18ff8e2e-787b-483d-bc5d-ebb238e1c797,광천상회,젓갈,강경젓갈시장,전통시장,충청남도,,,
02620aab997b1e3faefb,full_annotation_v1,A,q_젓갈_01,젓갈 사는 곳,식료품 중 '젓갈'을 판매·제공하는 매장,train,젓갈,T4 구어·문장,1009fbb6-c562-4d6d-8656-9509c796d080,광인젓갈,젓갈,정읍샘고을시장,전통시장,전북특별자치도,,,
3595c4eb7409a1f2bfb3,full_annotation_v1,A,q_젓갈_01,젓갈 사는 곳,식료품 중 '젓갈'을 판매·제공하는 매장,train,젓갈,T4 구어·문장,f35db6ed-5475-4f91-b0a2-65963e230822,용동형제상회,젓갈,강경대흥시장,전통시장,충청남도,,,
daec36711b184e5208d9,full_annotation_v1,A,q_젓갈_01,젓갈 사는 곳,식료품 중 '젓갈'을 판매·제공하는 매장,train,젓갈,T4 구어·문장,a4e86b05-e1ea-45ed-ac96-06cfe7fc912b,부자젓갈,젓갈,사천 삼천포용궁수산시장,전통시장,경상남도,,,
56598c6ba4947c767a5d,full_annotation_v1,A,q_젓갈_01,젓갈 사는 곳,식료품 중 '젓갈'을 판매·제공하는 매장,train,젓갈,T4 구어·문장,87f69d35-7838-4335-9f7b-d91fe0c41caa,인천상회,젓갈,도래미시장,전통시장,강원특별자치도,,,
305f0da5d3ad1e37f9f5,full_annotation_v1,A,q_젓갈_01,젓갈 사는 곳,식료품 중 '젓갈'을 판매·제공하는 매장,train,젓갈,T4 구어·문장,378953cd-adbb-4be5-849f-f1ffe257d3b0,신경젓갈,젓갈,정읍샘고을시장,전통시장,전북특별자치도,,,
ed97d444caa3c25edbf7,full_annotation_v1,A,q_젓갈_01,젓갈 사는 곳,식료품 중 '젓갈'을 판매·제공하는 매장,train,젓갈,T4 구어·문장,3f53deb4-d9ca-4249-a1cc-5a80ab04d0e5,해성상회,젓갈,인천종합어시장,전통시장,인천광역시,,,
a656c4a79edbfb290dc0,full_annotation_v1,A,q_젓갈_01,젓갈 사는 곳,식료품 중 '젓갈'을 판매·제공하는 매장,train,젓갈,T4 구어·문장,b9b23c19-5202-4b59-be60-708cbb5104d2,안동상회,젓갈,인천종합어시장,전통시장,인천광역시,,,
df3ac972d700b15f1fa2,full_annotation_v1,A,q_젓갈_01,젓갈 사는 곳,식료품 중 '젓갈'을 판매·제공하는 매장,train,젓갈,T4 구어·문장,43f04080-ae14-46b9-9708-edb1980d1e38,성자네 젓갈,젓갈,비아5일시장,전통시장,광주광역시,,,
2fafac1e5d4be3b382b4,full_annotation_v1,A,q_젓갈_01,젓갈 사는 곳,식료품 중 '젓갈'을 판매·제공하는 매장,train,젓갈,T4 구어·문장,0c4f4257-79cd-40e5-9c58-29612fa8a1b3,대박젓갈,젓갈,속초중앙전통시장,전통시장,강원특별자치도,,,
3eef9eee09087afea242,full_annotation_v1,A,q_젓갈_01,젓갈 사는 곳,식료품 중 '젓갈'을 판매·제공하는 매장,train,젓갈,T4 구어·문장,2ede8c1f-c36f-4d1e-a1b1-6d4d580175db,젓갈닷컴,젓갈,인천종합어시장,전통시장,인천광역시,,,
c5888f90e04e015fefd3,full_annotation_v1,A,q_젓갈_01,젓갈 사는 곳,식료품 중 '젓갈'을 판매·제공하는 매장,train,젓갈,T4 구어·문장,d3863677-654e-4a08-8df2-0decfb224b22,강경젓갈,젓갈,한민시장,전통시장,대전광역시,,,
c41fce60f66dae5ec796,full_annotation_v1,A,q_젓갈_01,젓갈 사는 곳,식료품 중 '젓갈'을 판매·제공하는 매장,train,젓갈,T4 구어·문장,b4380e75-f102-490e-ae37-4238f2fcb4e4,세진젓갈,젓갈,문창시장,전통시장,대전광역시,,,
268ff95ab475509e1c88,full_annotation_v1,A,q_젓갈_01,젓갈 사는 곳,식료품 중 '젓갈'을 판매·제공하는 매장,train,젓갈,T4 구어·문장,0ed47807-ab78-4243-8ad3-e799b5c4d070,군위상회,젓갈,칠성시장,전통시장,대구광역시,,,
c00d7da9e984a17886a4,full_annotation_v1,A,q_젓갈_01,젓갈 사는 곳,식료품 중 '젓갈'을 판매·제공하는 매장,train,젓갈,T4 구어·문장,e705c687-de83-4f3d-9557-8112153fb7d1,해상젓갈,젓갈,주문진수산시장,전통시장,강원특별자치도,,,
d4856f4e8140d329c10d,full_annotation_v1,A,q_젓갈_01,젓갈 사는 곳,식료품 중 '젓갈'을 판매·제공하는 매장,train,젓갈,T4 구어·문장,fdd5fc98-0ab9-4206-8c26-58116a1a7490,뚱보젓갈,젓갈,주문진좌판풍물시장,전통시장,강원특별자치도,,,
673a4f622e2081d28c86,full_annotation_v1,A,q_젓갈_01,젓갈 사는 곳,식료품 중 '젓갈'을 판매·제공하는 매장,train,젓갈,T4 구어·문장,828dfb37-b790-4264-a0ee-0069fecc0e16,미숙이네,젓갈,기장시장,전통시장,부산광역시,,,
c3df6452c56b315e4bc5,full_annotation_v1,A,q_젓갈_01,젓갈 사는 곳,식료품 중 '젓갈'을 판매·제공하는 매장,train,젓갈,T4 구어·문장,03276545-0dc6-42e2-980d-2af38f64eca2,속초명품젓갈,젓갈,속초종합중앙시장,전통시장,강원특별자치도,,,
5f9ce17728e7c219cb1a,full_annotation_v1,A,q_젓갈_01,젓갈 사는 곳,식료품 중 '젓갈'을 판매·제공하는 매장,train,젓갈,T4 구어·문장,e5efaa67-597b-4fac-b822-11c6179e55d8,강경젓갈직판장,젓갈,순천역전시장,전통시장,전라남도,,,
35f8c7316a1466d1483b,full_annotation_v1,A,q_젓갈_01,젓갈 사는 곳,식료품 중 '젓갈'을 판매·제공하는 매장,train,젓갈,T4 구어·문장,8e70a11e-c11e-4084-b479-f2d833d33b0e,만나젓갈,젓갈,역전 뒷골목 상가번영회 골목형상점가,골목형상점가,전라남도,,,
624e1363af02d552be89,full_annotation_v1,A,q_젓갈_01,젓갈 사는 곳,식료품 중 '젓갈'을 판매·제공하는 매장,train,젓갈,T4 구어·문장,584c3644-b8f9-4d84-9d97-3768a86a9867,대한젓갈상회,젓갈,강경젓갈시장,전통시장,충청남도,,,
4a5480ba4cebd97bbaad,full_annotation_v1,A,q_젓갈_01,젓갈 사는 곳,식료품 중 '젓갈'을 판매·제공하는 매장,train,젓갈,T4 구어·문장,2420b91d-53dc-47d4-aa55-92c3bb730520,부자젓갈,젓갈,강경젓갈시장,전통시장,충청남도,,,
70497705ba658a48a277,full_annotation_v1,A,q_젓갈_01,젓갈 사는 곳,식료품 중 '젓갈'을 판매·제공하는 매장,train,젓갈,T4 구어·문장,afd9edba-5cb0-4800-830f-ca76b4db5f1b,밀양상회,젓갈,부전농수산물새벽시장,전통시장,부산광역시,,,
dcd55e27bce9e362ebbd,full_annotation_v1,A,q_젓갈_01,젓갈 사는 곳,식료품 중 '젓갈'을 판매·제공하는 매장,train,젓갈,T4 구어·문장,d2f1060d-999d-4850-9b6c-16e738747c5a,낙월젓갈,젓갈,목포청호시장,전통시장,,,,
fadcb89d2e68fe89eefa,full_annotation_v1,A,q_젓갈_01,젓갈 사는 곳,식료품 중 '젓갈'을 판매·제공하는 매장,train,젓갈,T4 구어·문장,239a7fc5-4371-4587-a5e0-61eda72e70df,형제수산젓갈,젓갈,남광주해뜨는시장,전통시장,,,,
1839d49f8ceba956b3ab,full_annotation_v1,A,q_젓갈_01,젓갈 사는 곳,식료품 중 '젓갈'을 판매·제공하는 매장,train,젓갈,T4 구어·문장,4c38d409-a62e-4a19-be18-a27e573ae2a7,명가젓갈,젓갈,경동시장,전통시장,서울특별시,,,
418a092badcc3c1dc5de,full_annotation_v1,A,q_젓갈_01,젓갈 사는 곳,식료품 중 '젓갈'을 판매·제공하는 매장,train,젓갈,T4 구어·문장,eb58d8fe-e9c0-41ca-afc2-5161b701114d,부안젓집,젓갈,송천메가 골목형상점가,골목형상점가,전북특별자치도,,,
f9d9ed85614234655ee3,full_annotation_v1,A,q_젓갈_01,젓갈 사는 곳,식료품 중 '젓갈'을 판매·제공하는 매장,train,젓갈,T4 구어·문장,0141269a-3553-4185-bb94-12118894a2c6,오렌지상회,과일,함평천지전통시장(함평5일시장),전통시장,전라남도,,,
f53c2b47255aee0d9cfa,full_annotation_v1,A,q_젓갈_01,젓갈 사는 곳,식료품 중 '젓갈'을 판매·제공하는 매장,train,젓갈,T4 구어·문장,648d71a9-7df6-407a-9a5e-59cdee00b534,강경젓갈,젓갈,동원전통종합시장,전통시장,서울특별시,,,
b510b28056db3798e075,full_annotation_v1,A,q_젓갈_01,젓갈 사는 곳,식료품 중 '젓갈'을 판매·제공하는 매장,train,젓갈,T4 구어·문장,ee5f9d1b-0958-471e-9c01-4cac82d5da59,강경젓갈,젓갈,김천평화시장,전통시장,경상북도,,,
96dbd1e499e3dc8a5c77,full_annotation_v1,A,q_젓갈_01,젓갈 사는 곳,식료품 중 '젓갈'을 판매·제공하는 매장,train,젓갈,T4 구어·문장,abe4b817-1aba-4998-9a3e-59a31a7c9161,수정상회,젓갈,충주자유시장,전통시장,충청북도,,,
1ce0e0441fec756f70ae,full_annotation_v1,A,q_젓갈_01,젓갈 사는 곳,식료품 중 '젓갈'을 판매·제공하는 매장,train,젓갈,T4 구어·문장,8e1b355a-9d48-44c5-b9b5-63786c2ac60e,장흥식품우신계란,젓갈,정남진장흥토요시장,전통시장,전라남도,,,
9ea36163a25975a5ecff,full_annotation_v1,A,q_젓갈_01,젓갈 사는 곳,식료품 중 '젓갈'을 판매·제공하는 매장,train,젓갈,T4 구어·문장,29d3e075-415e-4163-8b91-6f3600d36b2c,강경젓갈,젓갈,서천특화시장,전통시장,충청남도,,,
27823c54d916e51e6dcf,full_annotation_v1,A,q_젓갈_01,젓갈 사는 곳,식료품 중 '젓갈'을 판매·제공하는 매장,train,젓갈,T4 구어·문장,c206f01e-da0b-4cd5-9b43-f902fc7a3e3a,속초젓갈,젓갈,고척골목시장상점가,전통시장,서울특별시,,,
411c8ba3e2308a60695a,full_annotation_v1,A,q_젓갈_01,젓갈 사는 곳,식료품 중 '젓갈'을 판매·제공하는 매장,train,젓갈,T4 구어·문장,f8b521b5-f2a6-482e-9a11-59805a322802,부산상회,젓갈,울산농수산물도매시장 청과소매동,골목형상점가,울산광역시,,,
92885c157799fdd11aed,full_annotation_v1,A,q_젓갈_01,젓갈 사는 곳,식료품 중 '젓갈'을 판매·제공하는 매장,train,젓갈,T4 구어·문장,cd0130c1-9885-4923-b8bf-421bb4ad3f77,은하젓갈,젓갈,강경대흥시장,전통시장,충청남도,,,
50dda4b36b970005e849,full_annotation_v1,A,q_젓갈_01,젓갈 사는 곳,식료품 중 '젓갈'을 판매·제공하는 매장,train,젓갈,T4 구어·문장,a307217c-1c73-4aee-bb1f-203d1f5a1d01,강경수산,젓갈,송강전통시장,전통시장,대전광역시,,,
1e5544ac47726cee1075,full_annotation_v1,A,q_젓갈_01,젓갈 사는 곳,식료품 중 '젓갈'을 판매·제공하는 매장,train,젓갈,T4 구어·문장,aad5ad28-4114-4a00-ac61-459c14b0b7a8,전만석젓갈,젓갈,속초종합중앙시장,전통시장,강원특별자치도,,,
c1e513990d20aa3c86c7,full_annotation_v1,A,q_젓갈_01,젓갈 사는 곳,식료품 중 '젓갈'을 판매·제공하는 매장,train,젓갈,T4 구어·문장,4b071c51-a83c-4dfc-aea7-60af3605cd7e,강경옛날젓갈,젓갈,강경젓갈시장,전통시장,충청남도,,,
860de2cbde30de209d3e,full_annotation_v1,A,q_젓갈_01,젓갈 사는 곳,식료품 중 '젓갈'을 판매·제공하는 매장,train,젓갈,T4 구어·문장,f6b55a90-8acd-47f1-870a-b3eac105a8d7,제일젓갈,젓갈,속초종합중앙시장,전통시장,강원특별자치도,,,
bee40c7c13268070d553,full_annotation_v1,A,q_젓갈_01,젓갈 사는 곳,식료품 중 '젓갈'을 판매·제공하는 매장,train,젓갈,T4 구어·문장,fde9ffb9-28bd-4513-ab9c-889968aa03b8,강화섬젓갈,젓갈,강화풍물시장,전통시장,인천광역시,,,
25e997777da9735108d7,full_annotation_v1,A,q_젓갈_01,젓갈 사는 곳,식료품 중 '젓갈'을 판매·제공하는 매장,train,젓갈,T4 구어·문장,5d4bf5a2-1dd0-4513-8c66-7cf6f786be12,현대젓갈,젓갈,신중부시장,전통시장,서울특별시,,,
e107e9b98f4c57adf037,full_annotation_v1,A,q_젓갈_02,젓갈 파는 곳,식료품 중 '젓갈'을 판매·제공하는 매장,train,젓갈,T4 구어·문장,3f53deb4-d9ca-4249-a1cc-5a80ab04d0e5,해성상회,젓갈,인천종합어시장,전통시장,인천광역시,,,
073c213f5c81cf07475e,full_annotation_v1,A,q_젓갈_02,젓갈 파는 곳,식료품 중 '젓갈'을 판매·제공하는 매장,train,젓갈,T4 구어·문장,9b13ac41-78ae-4a98-8a35-2aebf3aae8d1,한양젓갈,젓갈,광천전통시장,전통시장,충청남도,,,
d6f07c68006749bf1a1a,full_annotation_v1,A,q_젓갈_02,젓갈 파는 곳,식료품 중 '젓갈'을 판매·제공하는 매장,train,젓갈,T4 구어·문장,913850d1-a2b4-4a0e-8913-78048f0080d2,스마일분식,분식,삼산시장,기타,인천광역시,,,
33f6f9478b0f8e09c902,full_annotation_v1,A,q_젓갈_02,젓갈 파는 곳,식료품 중 '젓갈'을 판매·제공하는 매장,train,젓갈,T4 구어·문장,a50afbf6-b5f4-487a-b324-4ec2b588771e,강경젓갈,젓갈,대구체육관 골목형상점가,골목형상점가,대구광역시,,,
62434e789302db96404d,full_annotation_v1,A,q_젓갈_02,젓갈 파는 곳,식료품 중 '젓갈'을 판매·제공하는 매장,train,젓갈,T4 구어·문장,97698419-4b81-469e-a533-df269cabc306,호남상회,젓갈,노량진수산시장골목형상점가,골목형상점가,서울특별시,,,
8a19b0090dbcd9d2ba81,full_annotation_v1,A,q_젓갈_02,젓갈 파는 곳,식료품 중 '젓갈'을 판매·제공하는 매장,train,젓갈,T4 구어·문장,6b346922-36c3-4810-a581-9a979dc3c83b,새힘푸드,젓갈,평택통복시장,전통시장,경기도,,,
ee874336e79d9069672a,full_annotation_v1,A,q_젓갈_02,젓갈 파는 곳,식료품 중 '젓갈'을 판매·제공하는 매장,train,젓갈,T4 구어·문장,8ddc9324-2227-4ef9-a169-ab65c614fcc5,장흥상회(젓갈),젓갈,대인시장,전통시장,광주광역시,,,
b08d65bb40e2ca4e1640,full_annotation_v1,A,q_젓갈_02,젓갈 파는 곳,식료품 중 '젓갈'을 판매·제공하는 매장,train,젓갈,T4 구어·문장,df6a9ad2-7a73-406d-8e7a-e7cfbdf3fe1f,아야진젓갈,젓갈,속초종합중앙시장,전통시장,강원특별자치도,,,
30fa64e60c56835b2c3b,full_annotation_v1,A,q_젓갈_02,젓갈 파는 곳,식료품 중 '젓갈'을 판매·제공하는 매장,train,젓갈,T4 구어·문장,c111ac9d-3f3a-405c-a8db-4d127ccda9e2,행복이 있는 곳,잡화,제주로얄쇼핑센터,자율상권구역,제주특별자치도,,,
028524b48fae6dba41fe,full_annotation_v1,A,q_젓갈_02,젓갈 파는 곳,식료품 중 '젓갈'을 판매·제공하는 매장,train,젓갈,T4 구어·문장,555b25a9-42c2-4316-9f14-3ea49c952f23,강경젓갈,젓갈,정이있는 구포시장,전통시장,부산광역시,,,
2a74427c3d5746753a75,full_annotation_v1,A,q_젓갈_02,젓갈 파는 곳,식료품 중 '젓갈'을 판매·제공하는 매장,train,젓갈,T4 구어·문장,c08e7780-4aa3-422b-92e7-060160a5d28d,여행가고싶다,국내외여행업,산본로데오거리(구 산본중심상가),자율상권구역,경기도,,,
9e99be8ef4afbb0d3999,full_annotation_v1,A,q_젓갈_02,젓갈 파는 곳,식료품 중 '젓갈'을 판매·제공하는 매장,train,젓갈,T4 구어·문장,648d71a9-7df6-407a-9a5e-59cdee00b534,강경젓갈,젓갈,동원전통종합시장,전통시장,서울특별시,,,
8ba6b4864519a8e3c292,full_annotation_v1,A,q_젓갈_02,젓갈 파는 곳,식료품 중 '젓갈'을 판매·제공하는 매장,train,젓갈,T4 구어·문장,37e4d185-b5f7-4695-b34d-bad1439be0c2,강경장수젓갈,젓갈,강경젓갈시장,전통시장,충청남도,,,
ba95f065ff867931a833,full_annotation_v1,A,q_젓갈_02,젓갈 파는 곳,식료품 중 '젓갈'을 판매·제공하는 매장,train,젓갈,T4 구어·문장,f25de404-93ad-4133-bf62-c74cc15a372c,광주상회,젓갈,소래포구전통어시장,전통시장,인천광역시,,,
cb607e032c6d504e26d6,full_annotation_v1,A,q_젓갈_02,젓갈 파는 곳,식료품 중 '젓갈'을 판매·제공하는 매장,train,젓갈,T4 구어·문장,87443de5-a3bc-4970-9265-e6472714e823,명성실업,건축자재,울진시장(울진바지게시장),전통시장,경상북도,,,
28b66db0deaa368f51a7,full_annotation_v1,A,q_젓갈_02,젓갈 파는 곳,식료품 중 '젓갈'을 판매·제공하는 매장,train,젓갈,T4 구어·문장,87f69d35-7838-4335-9f7b-d91fe0c41caa,인천상회,젓갈,도래미시장,전통시장,강원특별자치도,,,
b67d6db3cd95f47fd23a,full_annotation_v1,A,q_젓갈_02,젓갈 파는 곳,식료품 중 '젓갈'을 판매·제공하는 매장,train,젓갈,T4 구어·문장,4c38d409-a62e-4a19-be18-a27e573ae2a7,명가젓갈,젓갈,경동시장,전통시장,서울특별시,,,
dc51ad3c92031770ee01,full_annotation_v1,A,q_젓갈_02,젓갈 파는 곳,식료품 중 '젓갈'을 판매·제공하는 매장,train,젓갈,T4 구어·문장,ee5f9d1b-0958-471e-9c01-4cac82d5da59,강경젓갈,젓갈,김천평화시장,전통시장,경상북도,,,
7b4dcbc1c24e9c93483f,full_annotation_v1,A,q_젓갈_02,젓갈 파는 곳,식료품 중 '젓갈'을 판매·제공하는 매장,train,젓갈,T4 구어·문장,c2a5cbd2-b881-4ec8-a838-eb30bf7e5bea,아주커(봉선1호점),프랜차이즈 치킨전문점,봉선2로 골목형상점가,골목형상점가,광주광역시,,,
d95f90c941b22ef017b6,full_annotation_v1,A,q_젓갈_02,젓갈 파는 곳,식료품 중 '젓갈'을 판매·제공하는 매장,train,젓갈,T4 구어·문장,a7413dab-681d-46a9-ba3d-5f22ac238a85,광천애주네전통토굴새우젓,젓갈,서산동문 골목형상점가,골목형상점가,충청남도,,,
b9fb6c5604588d4924e2,full_annotation_v1,A,q_젓갈_02,젓갈 파는 곳,식료품 중 '젓갈'을 판매·제공하는 매장,train,젓갈,T4 구어·문장,c161453d-f2c8-4b97-a2c3-a54e0cbdb7e8,생활용품 싸게 파는 집,잡화,안성중앙시장,전통시장,경기도,,,
592652f0dd311682b75b,full_annotation_v1,A,q_젓갈_02,젓갈 파는 곳,식료품 중 '젓갈'을 판매·제공하는 매장,train,젓갈,T4 구어·문장,b0ca487a-2e12-4bc1-8001-5b25cde85655,형제상회,젓갈,강경젓갈시장,전통시장,충청남도,,,
5230e2420c054d341e5e,full_annotation_v1,A,q_젓갈_02,젓갈 파는 곳,식료품 중 '젓갈'을 판매·제공하는 매장,train,젓갈,T4 구어·문장,7ae9ec37-b1b1-482f-bddb-df98501de34f,충남상회,젓갈,인천종합어시장,전통시장,인천광역시,,,
195a1ffc1fc35e7160c1,full_annotation_v1,A,q_젓갈_02,젓갈 파는 곳,식료품 중 '젓갈'을 판매·제공하는 매장,train,젓갈,T4 구어·문장,aad5ad28-4114-4a00-ac61-459c14b0b7a8,전만석젓갈,젓갈,속초종합중앙시장,전통시장,강원특별자치도,,,
84eeab9dcd7c6338733b,full_annotation_v1,A,q_젓갈_02,젓갈 파는 곳,식료품 중 '젓갈'을 판매·제공하는 매장,train,젓갈,T4 구어·문장,0d510a8c-8aea-4ab1-9873-c1ac686fe619,삼성상회,젓갈,고산미소시장(고산시장),전통시장,전북특별자치도,,,
7a70d0a3ae2f7716998a,full_annotation_v1,A,q_젓갈_02,젓갈 파는 곳,식료품 중 '젓갈'을 판매·제공하는 매장,train,젓갈,T4 구어·문장,54340ffd-1388-41fd-bddf-fad7ec2fe5f3,해성상회,젓갈,칠성시장,전통시장,대구광역시,,,
47b5714b97337aee39a0,full_annotation_v1,A,q_젓갈_02,젓갈 파는 곳,식료품 중 '젓갈'을 판매·제공하는 매장,train,젓갈,T4 구어·문장,885cf550-33db-4680-8815-b5535ed6ebea,백년젓갈,젓갈,수원못골종합시장,전통시장,경기도,,,
4ae0904063f9a94fb098,full_annotation_v1,A,q_젓갈_02,젓갈 파는 곳,식료품 중 '젓갈'을 판매·제공하는 매장,train,젓갈,T4 구어·문장,a4e86b05-e1ea-45ed-ac96-06cfe7fc912b,부자젓갈,젓갈,사천 삼천포용궁수산시장,전통시장,경상남도,,,
795f85f866457685515a,full_annotation_v1,A,q_젓갈_02,젓갈 파는 곳,식료품 중 '젓갈'을 판매·제공하는 매장,train,젓갈,T4 구어·문장,7318f759-b9dc-439a-9a9d-1d4c3debd72e,덕원상회,젓갈,인천종합어시장,전통시장,인천광역시,,,
4847389694c1b4c10d54,full_annotation_v1,A,q_젓갈_02,젓갈 파는 곳,식료품 중 '젓갈'을 판매·제공하는 매장,train,젓갈,T4 구어·문장,0079b5e1-1f88-4974-9f0b-c707d71d2ac5,유한회사 충남식품,젓갈,가락몰골목형상점가,골목형상점가,서울특별시,,,
7c74395c45c7f027f1bc,full_annotation_v1,A,q_젓갈_02,젓갈 파는 곳,식료품 중 '젓갈'을 판매·제공하는 매장,train,젓갈,T4 구어·문장,8e70a11e-c11e-4084-b479-f2d833d33b0e,만나젓갈,젓갈,역전 뒷골목 상가번영회 골목형상점가,골목형상점가,전라남도,,,
51f261baffda243d797d,full_annotation_v1,A,q_젓갈_02,젓갈 파는 곳,식료품 중 '젓갈'을 판매·제공하는 매장,train,젓갈,T4 구어·문장,e705c687-de83-4f3d-9557-8112153fb7d1,해상젓갈,젓갈,주문진수산시장,전통시장,강원특별자치도,,,
5fa1208f041ba0cbe78b,full_annotation_v1,A,q_젓갈_02,젓갈 파는 곳,식료품 중 '젓갈'을 판매·제공하는 매장,train,젓갈,T4 구어·문장,02dea6f1-bc12-4af7-a0d4-7c0c6599f247,고맙다바다야,백반,씨푸드타운 일반상가상인회 골목형상점가,골목형상점가,전라남도,,,
65016a90e7a8f8f495a3,full_annotation_v1,A,q_젓갈_02,젓갈 파는 곳,식료품 중 '젓갈'을 판매·제공하는 매장,train,젓갈,T4 구어·문장,e1f0a665-513c-4393-8eb0-5a135dfae242,함열상회,젓갈,강경젓갈시장,전통시장,충청남도,,,
f967b7d132b6e103f2f6,full_annotation_v1,A,q_젓갈_02,젓갈 파는 곳,식료품 중 '젓갈'을 판매·제공하는 매장,train,젓갈,T4 구어·문장,2e343660-4718-4d0f-8e0b-a965a0959004,영신젓갈,젓갈,속초종합중앙시장,전통시장,강원특별자치도,,,
29fd2f9515abdadb76c7,full_annotation_v1,A,q_젓갈_02,젓갈 파는 곳,식료품 중 '젓갈'을 판매·제공하는 매장,train,젓갈,T4 구어·문장,ef98d11a-e88e-4cdf-8985-2a6709cfd56a,강경젓갈,젓갈,정릉시장,전통시장,서울특별시,,,
f9df7f6a3878b85c28ef,full_annotation_v1,A,q_젓갈_02,젓갈 파는 곳,식료품 중 '젓갈'을 판매·제공하는 매장,train,젓갈,T4 구어·문장,b9b23c19-5202-4b59-be60-708cbb5104d2,안동상회,젓갈,인천종합어시장,전통시장,인천광역시,,,
d4099002c7a7c4632e5f,full_annotation_v1,A,q_젓갈_02,젓갈 파는 곳,식료품 중 '젓갈'을 판매·제공하는 매장,train,젓갈,T4 구어·문장,f8b521b5-f2a6-482e-9a11-59805a322802,부산상회,젓갈,울산농수산물도매시장 청과소매동,골목형상점가,울산광역시,,,
e3475d0d4d652ccc7750,full_annotation_v1,A,q_젓갈_02,젓갈 파는 곳,식료품 중 '젓갈'을 판매·제공하는 매장,train,젓갈,T4 구어·문장,02340f66-cf12-484b-9f3a-cdcf7f472af2,똑순식품,젓갈,부전상가시장,전통시장,부산광역시,,,
49ad434bac7b152d518e,full_annotation_v1,A,q_젓갈_02,젓갈 파는 곳,식료품 중 '젓갈'을 판매·제공하는 매장,train,젓갈,T4 구어·문장,d2f1060d-999d-4850-9b6c-16e738747c5a,낙월젓갈,젓갈,목포청호시장,전통시장,,,,
fbd3e5cc94768e4cc063,full_annotation_v1,A,q_젓갈_02,젓갈 파는 곳,식료품 중 '젓갈'을 판매·제공하는 매장,train,젓갈,T4 구어·문장,ca08506a-7c4f-45d0-a196-9a442fa78797,강경젓갈직판장,젓갈,중곡제일골목시장(중곡제일전통시장),전통시장,서울특별시,,,
f57f2614ad36a8e2c68d,full_annotation_v1,A,q_젓갈_02,젓갈 파는 곳,식료품 중 '젓갈'을 판매·제공하는 매장,train,젓갈,T4 구어·문장,18ff8e2e-787b-483d-bc5d-ebb238e1c797,광천상회,젓갈,강경젓갈시장,전통시장,충청남도,,,
55b1dbd3fd5336714db4,full_annotation_v1,A,q_젓갈_02,젓갈 파는 곳,식료품 중 '젓갈'을 판매·제공하는 매장,train,젓갈,T4 구어·문장,75bd6a87-11f6-4ea3-b185-1d46b50f4758,호야네 젓갈,"젓갈, 양념젓갈",송강전통시장,전통시장,대전광역시,,,
368fba55da667e56811f,full_annotation_v1,A,q_젓갈_02,젓갈 파는 곳,식료품 중 '젓갈'을 판매·제공하는 매장,train,젓갈,T4 구어·문장,cd0130c1-9885-4923-b8bf-421bb4ad3f77,은하젓갈,젓갈,강경대흥시장,전통시장,충청남도,,,
03bf92377e0bd708bae9,full_annotation_v1,A,q_젓갈_02,젓갈 파는 곳,식료품 중 '젓갈'을 판매·제공하는 매장,train,젓갈,T4 구어·문장,248f0401-a588-406f-b1dd-3ac27d730012,"소문난건어물,젓갈","건어물, 젓갈",관문상가시장,전통시장,대구광역시,,,
8639b6228040cae2e663,full_annotation_v1,A,q_젓갈_02,젓갈 파는 곳,식료품 중 '젓갈'을 판매·제공하는 매장,train,젓갈,T4 구어·문장,9b3b6242-a083-48fe-9076-432f9bfe4409,끼리젓갈,젓갈,신기골목형상점가,골목형상점가,전라남도,,,
c815a1e5473093e54aa1,full_annotation_v1,A,q_젓갈_02,젓갈 파는 곳,식료품 중 '젓갈'을 판매·제공하는 매장,train,젓갈,T4 구어·문장,0c4f4257-79cd-40e5-9c58-29612fa8a1b3,대박젓갈,젓갈,속초중앙전통시장,전통시장,강원특별자치도,,,
e9ec55e377bad5994c0e,full_annotation_v1,A,q_젓갈_02,젓갈 파는 곳,식료품 중 '젓갈'을 판매·제공하는 매장,train,젓갈,T4 구어·문장,e2f65704-0a07-4af2-a545-8e889af095ea,세종젓갈,젓갈,강경젓갈시장,전통시장,충청남도,,,
0ae9b5c5317e2acaa819,full_annotation_v1,A,q_젓갈_02,젓갈 파는 곳,식료품 중 '젓갈'을 판매·제공하는 매장,train,젓갈,T4 구어·문장,a823f6f3-4ed3-4283-b82b-0d4ee96df3ba,우리상회,젓갈,정읍샘고을시장,전통시장,전북특별자치도,,,
3e595d8529fdf772a08e,full_annotation_v1,A,q_젓갈_02,젓갈 파는 곳,식료품 중 '젓갈'을 판매·제공하는 매장,train,젓갈,T4 구어·문장,09d34378-bc27-4746-bfa5-f8cdb2a21c58,강경젓갈,젓갈,익산장(구 북부장),전통시장,전북특별자치도,,,
0a2923b744eef41109e9,full_annotation_v1,A,q_젓갈_02,젓갈 파는 곳,식료품 중 '젓갈'을 판매·제공하는 매장,train,젓갈,T4 구어·문장,3c60ce98-4701-436c-9355-a1626546aa8a,광천할머니토굴새우젓,젓갈,서산동문 골목형상점가,골목형상점가,충청남도,,,
10518ec8c58ac39370c9,full_annotation_v1,A,q_젓갈_02,젓갈 파는 곳,식료품 중 '젓갈'을 판매·제공하는 매장,train,젓갈,T4 구어·문장,2ede8c1f-c36f-4d1e-a1b1-6d4d580175db,젓갈닷컴,젓갈,인천종합어시장,전통시장,인천광역시,,,
d2f2a2958b84b9b60051,full_annotation_v1,A,q_젓갈_02,젓갈 파는 곳,식료품 중 '젓갈'을 판매·제공하는 매장,train,젓갈,T4 구어·문장,b0c5cf83-3ec0-4a9a-81a0-e7d52b331e5c,통영싱싱젓갈,젓갈,도마큰시장,전통시장,대전광역시,,,
10a3e75f8f820b191ce4,full_annotation_v1,A,q_젓갈_02,젓갈 파는 곳,식료품 중 '젓갈'을 판매·제공하는 매장,train,젓갈,T4 구어·문장,d3863677-654e-4a08-8df2-0decfb224b22,강경젓갈,젓갈,한민시장,전통시장,대전광역시,,,
99378334b34dc3e673c1,full_annotation_v1,A,q_젓갈_02,젓갈 파는 곳,식료품 중 '젓갈'을 판매·제공하는 매장,train,젓갈,T4 구어·문장,f071e1bc-85af-4f31-9bab-c2cdf421a781,목포상회,젓갈,세종전통시장,전통시장,세종특별자치시,,,
637c80b28e7138efd4f8,full_annotation_v1,A,q_젓갈_02,젓갈 파는 곳,식료품 중 '젓갈'을 판매·제공하는 매장,train,젓갈,T4 구어·문장,fdd5fc98-0ab9-4206-8c26-58116a1a7490,뚱보젓갈,젓갈,주문진좌판풍물시장,전통시장,강원특별자치도,,,
ba78192da795a0e691ed,full_annotation_v1,A,q_젓갈_02,젓갈 파는 곳,식료품 중 '젓갈'을 판매·제공하는 매장,train,젓갈,T4 구어·문장,439c3c87-ecc1-4bae-a451-0d7104409e2e,강경젓갈,젓갈,도마큰시장,전통시장,대전광역시,,,
b15baa5ae4bbf513aebe,full_annotation_v1,A,q_젓갈_02,젓갈 파는 곳,식료품 중 '젓갈'을 판매·제공하는 매장,train,젓갈,T4 구어·문장,0066f7ea-fb0c-432e-9006-1539d0c9ff86,부부젓갈,젓갈,소래포구종합어시장,자율상권구역,인천광역시,,,
aa693fcad8c2d2647ff2,full_annotation_v1,A,q_젓갈_02,젓갈 파는 곳,식료품 중 '젓갈'을 판매·제공하는 매장,train,젓갈,T4 구어·문장,fde9ffb9-28bd-4513-ab9c-889968aa03b8,강화섬젓갈,젓갈,강화풍물시장,전통시장,인천광역시,,,
b76a22655c87ac002522,full_annotation_v1,A,q_젓갈_02,젓갈 파는 곳,식료품 중 '젓갈'을 판매·제공하는 매장,train,젓갈,T4 구어·문장,6ffb8701-baab-4fd5-bd9d-66182cee5eda,오복상회,젓갈,인천종합어시장,전통시장,인천광역시,,,
59dab653c5d571d29363,full_annotation_v1,A,q_젓갈_02,젓갈 파는 곳,식료품 중 '젓갈'을 판매·제공하는 매장,train,젓갈,T4 구어·문장,24456103-f6b8-46af-8655-82e61d7265d8,커피가 머무르는 곳,커피,반드레길골목형상점가,골목형상점가,서울특별시,,,
98dc76ef2f8ce4775d67,full_annotation_v1,A,q_젓갈_02,젓갈 파는 곳,식료품 중 '젓갈'을 판매·제공하는 매장,train,젓갈,T4 구어·문장,16f9f0f0-4a8d-4830-88e0-bc7398cf82a6,큰집혜정젓갈할인매장,젓갈,강경젓갈시장,전통시장,충청남도,,,
4c217b1121f8f9fc59d0,full_annotation_v1,A,q_젓갈_02,젓갈 파는 곳,식료품 중 '젓갈'을 판매·제공하는 매장,train,젓갈,T4 구어·문장,3644fb4e-6be4-4db1-82bc-dd16771e996c,오씨상회,젓갈,인천종합어시장,전통시장,인천광역시,,,
b68628c0143f207d9941,full_annotation_v1,A,q_젓갈_02,젓갈 파는 곳,식료품 중 '젓갈'을 판매·제공하는 매장,train,젓갈,T4 구어·문장,f6b55a90-8acd-47f1-870a-b3eac105a8d7,제일젓갈,젓갈,속초종합중앙시장,전통시장,강원특별자치도,,,
5590ad1e367f996ffc63,full_annotation_v1,A,q_젓갈_02,젓갈 파는 곳,식료품 중 '젓갈'을 판매·제공하는 매장,train,젓갈,T4 구어·문장,3a84f5c2-1073-4772-acdd-9646377ac6ff,대전상회,젓갈,강경젓갈시장,전통시장,충청남도,,,
e7ec47f8c71067213b59,full_annotation_v1,A,q_젓갈_02,젓갈 파는 곳,식료품 중 '젓갈'을 판매·제공하는 매장,train,젓갈,T4 구어·문장,96a359c6-bedd-42c9-8017-bdf7e34add7c,하서방광천토굴새우젓,젓갈,광천전통시장,전통시장,충청남도,,,
9aefafc085d64992b8d5,full_annotation_v1,A,q_젓갈_02,젓갈 파는 곳,식료품 중 '젓갈'을 판매·제공하는 매장,train,젓갈,T4 구어·문장,80850db7-dd68-479e-a20b-1de4b3ee7309,창원푸드,젓갈,마산 정우새어시장,전통시장,경상남도,,,
8ed2829326b2ace645d1,full_annotation_v1,A,q_젓갈_02,젓갈 파는 곳,식료품 중 '젓갈'을 판매·제공하는 매장,train,젓갈,T4 구어·문장,7158f06a-1b10-4f33-abbf-3ace879d5dbc,충남상회,젓갈,경동시장,전통시장,서울특별시,,,
7a60396ceb73cd1ded0f,full_annotation_v1,A,q_젓갈_02,젓갈 파는 곳,식료품 중 '젓갈'을 판매·제공하는 매장,train,젓갈,T4 구어·문장,81b47d15-668c-4a37-9d80-5720acbef54a,속초무림젓갈,젓갈,속초중앙전통시장,전통시장,강원특별자치도,,,
fed4c6c3fceb9fb576fe,full_annotation_v1,A,q_젓갈_02,젓갈 파는 곳,식료품 중 '젓갈'을 판매·제공하는 매장,train,젓갈,T4 구어·문장,c0ebd139-da31-4578-b19f-8486cd4c79e7,젓갈도매,젓갈,포항죽도시장,전통시장,경상북도,,,
a96b870a55d223b9af5c,full_annotation_v1,A,q_젓갈_02,젓갈 파는 곳,식료품 중 '젓갈'을 판매·제공하는 매장,train,젓갈,T4 구어·문장,853ec140-de3c-493b-959c-4579cee66f24,강경왕젓갈,젓갈,포항죽도시장,전통시장,경상북도,,,
43ae35ec0a6c6bc39ac0,full_annotation_v1,A,q_젓갈_02,젓갈 파는 곳,식료품 중 '젓갈'을 판매·제공하는 매장,train,젓갈,T4 구어·문장,03276545-0dc6-42e2-980d-2af38f64eca2,속초명품젓갈,젓갈,속초종합중앙시장,전통시장,강원특별자치도,,,
0e17e70f8306b925d220,full_annotation_v1,A,q_젓갈_02,젓갈 파는 곳,식료품 중 '젓갈'을 판매·제공하는 매장,train,젓갈,T4 구어·문장,5d4bf5a2-1dd0-4513-8c66-7cf6f786be12,현대젓갈,젓갈,신중부시장,전통시장,서울특별시,,,
2c8140ea46f6cd799cc6,full_annotation_v1,A,q_젓갈_02,젓갈 파는 곳,식료품 중 '젓갈'을 판매·제공하는 매장,train,젓갈,T4 구어·문장,fa04d1f6-418e-443a-9442-1427750c82d4,부광발효식품,젓갈,해미읍성전통시장,전통시장,충청남도,,,
0862cba638ec8a11e5e7,full_annotation_v1,A,q_젓갈_02,젓갈 파는 곳,식료품 중 '젓갈'을 판매·제공하는 매장,train,젓갈,T4 구어·문장,29d3e075-415e-4163-8b91-6f3600d36b2c,강경젓갈,젓갈,서천특화시장,전통시장,충청남도,,,
eb73c93c7cd0dae32eac,full_annotation_v1,A,q_젓갈_02,젓갈 파는 곳,식료품 중 '젓갈'을 판매·제공하는 매장,train,젓갈,T4 구어·문장,56f915c3-fd22-44c3-96d3-cb2e4b951ab6,청정젓갈,젓갈,(주)여수수산시장,전통시장,전라남도,,,
90c99b6bb810898297e7,full_annotation_v1,A,q_젓갈_02,젓갈 파는 곳,식료품 중 '젓갈'을 판매·제공하는 매장,train,젓갈,T4 구어·문장,0471ab15-1d70-4460-a38d-9b4a910b0fdb,강경젓갈,젓갈,까치산시장,전통시장,서울특별시,,,
e6e59f4cfbce3760fce2,full_annotation_v1,A,q_젓갈_02,젓갈 파는 곳,식료품 중 '젓갈'을 판매·제공하는 매장,train,젓갈,T4 구어·문장,3f0713aa-63ad-4f07-b2c1-0ae9d89b7603,둔산대전떡방앗간,떡,향촌 상가 골목형상점가,골목형상점가,대전광역시,,,
adc4318dc31d4d09f3be,full_annotation_v1,A,q_젓갈_02,젓갈 파는 곳,식료품 중 '젓갈'을 판매·제공하는 매장,train,젓갈,T4 구어·문장,eb58d8fe-e9c0-41ca-afc2-5161b701114d,부안젓집,젓갈,송천메가 골목형상점가,골목형상점가,전북특별자치도,,,
5ad8ba67ccc2c1a21b28,full_annotation_v1,A,q_젓갈_02,젓갈 파는 곳,식료품 중 '젓갈'을 판매·제공하는 매장,train,젓갈,T4 구어·문장,2743811c-5e71-4d2b-aa75-1b0147d44f2d,사우 꽃이 피는 곳,꽃,김포 풍년마을 골목형상점가,골목형상점가,경기도,,,
d29a172e4f4f2b894b1f,full_annotation_v1,A,q_젓갈_02,젓갈 파는 곳,식료품 중 '젓갈'을 판매·제공하는 매장,train,젓갈,T4 구어·문장,f991e2d7-df79-4d76-b685-44196707c629,삼영젓갈,젓갈,부천자유시장,전통시장,경기도,,,
eeeb628fa177a61f058a,full_annotation_v1,A,q_젓갈_02,젓갈 파는 곳,식료품 중 '젓갈'을 판매·제공하는 매장,train,젓갈,T4 구어·문장,f267d05f-1dcf-4c53-884f-deff03432876,서후랑,젓갈,한민시장,전통시장,대전광역시,,,
68804906b0f5bd107b46,full_annotation_v1,A,q_젓갈_02,젓갈 파는 곳,식료품 중 '젓갈'을 판매·제공하는 매장,train,젓갈,T4 구어·문장,fff35513-4bb3-445a-a06d-650593afda2f,정가네,젓갈,인천종합어시장,전통시장,인천광역시,,,
d323e5b87efa193e4a0a,full_annotation_v1,A,q_젓갈_02,젓갈 파는 곳,식료품 중 '젓갈'을 판매·제공하는 매장,train,젓갈,T4 구어·문장,4cfe15f2-816d-4340-aca0-8f26e4dafe13,식전젓갈,젓갈,속초종합중앙시장,전통시장,강원특별자치도,,,
0afaf3b998477f43332d,full_annotation_v1,A,q_젓갈_02,젓갈 파는 곳,식료품 중 '젓갈'을 판매·제공하는 매장,train,젓갈,T4 구어·문장,19313a71-3de1-4ee8-9427-2aa5bb03a8ff,광천상회,젓갈,역전시장 상점가,자율상권구역,대전광역시,,,
acf5954f85c78ee523f1,full_annotation_v1,A,q_젓갈_02,젓갈 파는 곳,식료품 중 '젓갈'을 판매·제공하는 매장,train,젓갈,T4 구어·문장,207910c8-33c7-49ec-9a64-cdb4f3cf2644,신진상회심씨네젓갈식,젓갈,강경젓갈시장,전통시장,충청남도,,,
598452eeddbcb138e874,full_annotation_v1,A,q_젓갈_02,젓갈 파는 곳,식료품 중 '젓갈'을 판매·제공하는 매장,train,젓갈,T4 구어·문장,4d7e83ec-a4f9-4108-9525-667a07c91ae0,여수젓갈,젓갈,소래포구종합어시장,자율상권구역,인천광역시,,,
1531b21084cd8cb27228,full_annotation_v1,A,q_젓갈_02,젓갈 파는 곳,식료품 중 '젓갈'을 판매·제공하는 매장,train,젓갈,T4 구어·문장,4719392b-3d25-45d0-9682-e7944d98f0db,목포상회,젓갈,해남읍5일시장,전통시장,전라남도,,,
db0f1c262994dea0a13d,full_annotation_v1,A,q_젓갈_02,젓갈 파는 곳,식료품 중 '젓갈'을 판매·제공하는 매장,train,젓갈,T4 구어·문장,054a1ab6-af9b-4e28-802a-fb799780f6f2,성수물산,젓갈,신중부시장,전통시장,서울특별시,,,
486474f0b73a18b5682c,full_annotation_v1,A,q_젓갈_02,젓갈 파는 곳,식료품 중 '젓갈'을 판매·제공하는 매장,train,젓갈,T4 구어·문장,2420b91d-53dc-47d4-aa55-92c3bb730520,부자젓갈,젓갈,강경젓갈시장,전통시장,충청남도,,,
b5ac5709c62f7a4dcc85,full_annotation_v1,A,q_젓갈_02,젓갈 파는 곳,식료품 중 '젓갈'을 판매·제공하는 매장,train,젓갈,T4 구어·문장,d85c8060-f938-45f9-bd9a-5db027e0c5d5,대흥젓갈,젓갈,강경대흥시장,전통시장,충청남도,,,
54cf9e8c36b3f9f9f0dd,full_annotation_v1,A,q_젓갈_02,젓갈 파는 곳,식료품 중 '젓갈'을 판매·제공하는 매장,train,젓갈,T4 구어·문장,6743786c-3da4-4278-a908-978712d2c6ee,강화상회,젓갈,소래포구전통어시장,전통시장,인천광역시,,,
82e429fb481f3a43f15a,full_annotation_v1,A,q_젓갈_02,젓갈 파는 곳,식료품 중 '젓갈'을 판매·제공하는 매장,train,젓갈,T4 구어·문장,378953cd-adbb-4be5-849f-f1ffe257d3b0,신경젓갈,젓갈,정읍샘고을시장,전통시장,전북특별자치도,,,
8feb8a95e92bbf1d33da,full_annotation_v1,A,q_젓갈_02,젓갈 파는 곳,식료품 중 '젓갈'을 판매·제공하는 매장,train,젓갈,T4 구어·문장,f13174c4-baff-4394-8f9c-f0bb9765e8d7,고향젓갈,젓갈,속초중앙전통시장,전통시장,강원특별자치도,,,
d32fde88cc8a78a04e23,full_annotation_v1,A,q_젓갈_02,젓갈 파는 곳,식료품 중 '젓갈'을 판매·제공하는 매장,train,젓갈,T4 구어·문장,23bd7619-fcbc-46b9-a1e5-6a82f31b2a04,삼성상회,젓갈,칠성시장,전통시장,대구광역시,,,
5d294a89b4e566a7cc1f,full_annotation_v1,A,q_젓갈_02,젓갈 파는 곳,식료품 중 '젓갈'을 판매·제공하는 매장,train,젓갈,T4 구어·문장,afd9edba-5cb0-4800-830f-ca76b4db5f1b,밀양상회,젓갈,부전농수산물새벽시장,전통시장,부산광역시,,,
2d93f24a78b54f9b1b5b,full_annotation_v1,A,q_젓갈_02,젓갈 파는 곳,식료품 중 '젓갈'을 판매·제공하는 매장,train,젓갈,T4 구어·문장,21e00723-6f11-4f55-9a18-b44d3a7a5034,정자젓갈,젓갈,구역전시장,전통시장,울산광역시,,,
d20a3abb7a2b3ae7db98,full_annotation_v1,A,q_젓갈_02,젓갈 파는 곳,식료품 중 '젓갈'을 판매·제공하는 매장,train,젓갈,T4 구어·문장,615163dd-1025-413e-9be9-3dbcf8d332bf,추자도젓갈,젓갈,곰소 골목형상점가,골목형상점가,전북특별자치도,,,
d783787f17385c4f8a1e,full_annotation_v1,A,q_젓갈_02,젓갈 파는 곳,식료품 중 '젓갈'을 판매·제공하는 매장,train,젓갈,T4 구어·문장,132d736d-511d-451d-be9e-17c1373849ea,한진피부헤어실,미용업,원적로골목형상점가,골목형상점가,인천광역시,,,
93dc6ef124663e58274f,full_annotation_v1,A,q_젓갈_02,젓갈 파는 곳,식료품 중 '젓갈'을 판매·제공하는 매장,train,젓갈,T4 구어·문장,d8930e5f-9ca7-44b3-81b4-d085617f4405,화원감포젓갈,젓갈,화원시장,전통시장,대구광역시,,,
da0a927a7468bf8564b6,full_annotation_v1,A,q_젓갈_02,젓갈 파는 곳,식료품 중 '젓갈'을 판매·제공하는 매장,train,젓갈,T4 구어·문장,2211da0f-ff66-4c84-a2e4-760cd318406f,광천새우젓상회,젓갈,당진전통시장,전통시장,충청남도,,,
186a94489bace5b11438,full_annotation_v1,A,q_젓갈_02,젓갈 파는 곳,식료품 중 '젓갈'을 판매·제공하는 매장,train,젓갈,T4 구어·문장,ec631f87-0b5e-48bf-aef4-b7a039d4701d,샘터젓갈,젓갈,강화풍물시장,전통시장,인천광역시,,,
4033f3092fe813067359,full_annotation_v1,A,q_젓갈_02,젓갈 파는 곳,식료품 중 '젓갈'을 판매·제공하는 매장,train,젓갈,T4 구어·문장,95b6dc2d-1fec-4ef0-ab04-388e734a8f1e,여수젓갈,젓갈,말바우시장,전통시장,광주광역시,,,
fc8f7267ff901c122312,full_annotation_v1,A,q_젓갈_02,젓갈 파는 곳,식료품 중 '젓갈'을 판매·제공하는 매장,train,젓갈,T4 구어·문장,43f04080-ae14-46b9-9708-edb1980d1e38,성자네 젓갈,젓갈,비아5일시장,전통시장,광주광역시,,,
b6fac8b5f94d2b9bd40b,full_annotation_v1,A,q_젓갈_02,젓갈 파는 곳,식료품 중 '젓갈'을 판매·제공하는 매장,train,젓갈,T4 구어·문장,c1d14efb-f927-4d01-a409-4394e8b19370,남광주 젓갈,젓갈,남광주시장,전통시장,광주광역시,,,
0cdb0b2163d026b1eb8e,full_annotation_v1,A,q_젓갈_02,젓갈 파는 곳,식료품 중 '젓갈'을 판매·제공하는 매장,train,젓갈,T4 구어·문장,49d2a00e-fbeb-4770-97f1-fd6d79adbe93,모녀젓갈,젓갈,경산공설시장,전통시장,경상북도,,,
22a7d97bca711a35b997,full_annotation_v1,A,q_젓갈_02,젓갈 파는 곳,식료품 중 '젓갈'을 판매·제공하는 매장,train,젓갈,T4 구어·문장,6bc2000f-8c66-430d-bcfd-30dd7f2002b9,누리식품,젓갈,장미제일시장,전통시장,서울특별시,,,
a5160043fcdc6e76c78a,full_annotation_v1,A,q_젓갈_02,젓갈 파는 곳,식료품 중 '젓갈'을 판매·제공하는 매장,train,젓갈,T4 구어·문장,4b071c51-a83c-4dfc-aea7-60af3605cd7e,강경옛날젓갈,젓갈,강경젓갈시장,전통시장,충청남도,,,
72e0a8b0309be10aab37,full_annotation_v1,A,q_젓갈_02,젓갈 파는 곳,식료품 중 '젓갈'을 판매·제공하는 매장,train,젓갈,T4 구어·문장,76a3551b-dae4-4326-92cc-662015aedbfb,쉴 곳,한식,칠성로상점가,자율상권구역,제주특별자치도,,,
a6f86129255dfb7f7b53,full_annotation_v1,A,q_젓갈_02,젓갈 파는 곳,식료품 중 '젓갈'을 판매·제공하는 매장,train,젓갈,T4 구어·문장,270b0206-2acf-43b6-8cae-e922943a8a65,동서젓갈,젓갈,강경젓갈시장,전통시장,충청남도,,,
ff01347956dc803e909c,full_annotation_v1,A,q_젓갈_02,젓갈 파는 곳,식료품 중 '젓갈'을 판매·제공하는 매장,train,젓갈,T4 구어·문장,8bb08ce5-94a1-4a9f-8042-d25b4fe2f91c,창현노래방,노래방,화도창현상점가,골목형상점가,경기도,,,
6042cad23e24e5e877d7,full_annotation_v1,A,q_젓갈_02,젓갈 파는 곳,식료품 중 '젓갈'을 판매·제공하는 매장,train,젓갈,T4 구어·문장,2dfb92d4-6716-4244-882c-e785f09ecdc5,중앙젓갈,젓갈,한민시장,전통시장,대전광역시,,,
1630384dd7f3a221dda6,full_annotation_v1,A,q_젓갈_02,젓갈 파는 곳,식료품 중 '젓갈'을 판매·제공하는 매장,train,젓갈,T4 구어·문장,cb995d5b-3583-4850-8fd0-9969cb0e01f7,서천한산식품,젓갈,관문상가시장,전통시장,대구광역시,,,
b2dc05aadf130207c50b,full_annotation_v1,A,q_젓갈_02,젓갈 파는 곳,식료품 중 '젓갈'을 판매·제공하는 매장,train,젓갈,T4 구어·문장,7987b490-aebc-4283-99e2-1f21655fd178,주공젓갈,젓갈,군산주공시장,전통시장,전북특별자치도,,,
2458b1b9e5af973ea691,full_annotation_v1,A,q_젓갈_02,젓갈 파는 곳,식료품 중 '젓갈'을 판매·제공하는 매장,train,젓갈,T4 구어·문장,8a7c572b-3164-4023-8a4b-2390308ab251,호남젓집,젓갈,군산공설시장,전통시장,전북특별자치도,,,
b9a747084cae2d6f9677,full_annotation_v1,A,q_젓갈_02,젓갈 파는 곳,식료품 중 '젓갈'을 판매·제공하는 매장,train,젓갈,T4 구어·문장,6ba3a543-34ab-400f-9645-d610f113500c,그린원푸드,식자재,마산 정우새어시장,전통시장,경상남도,,,
dbea57f2a14c9d717caa,full_annotation_v1,A,q_정육_01,정육,식료품 중 '정육'을 판매·제공하는 매장,train,정육,T1 정확표기,009f034c-8e3b-4a32-aab3-55ece8718004,장봐주는언니 임동점,농수축산물및 가공식품,제니스 골목형상점가,골목형상점가,광주광역시,,,
73b95b69f2a280035c92,full_annotation_v1,A,q_정육_01,정육,식료품 중 '정육'을 판매·제공하는 매장,train,정육,T1 정확표기,edacb66b-5347-464b-9f09-189d2f250581,기소야(법원점),일반음식,로타리시장,전통시장,대구광역시,,,
1ff325d0685c99dfbe07,full_annotation_v1,A,q_정육_01,정육,식료품 중 '정육'을 판매·제공하는 매장,train,정육,T1 정확표기,516395f2-e59b-430a-9217-ae0aa36b0adf,대성정육점,정육,비래동골목형상점가,골목형상점가,대전광역시,,,
55569513af5338bdfe25,full_annotation_v1,A,q_정육_01,정육,식료품 중 '정육'을 판매·제공하는 매장,train,정육,T1 정확표기,528c972a-0496-42c6-90fa-afc5c792cc24,신진정육점,정육,인왕시장,전통시장,서울특별시,,,
54d11b084895c035b762,full_annotation_v1,A,q_정육_01,정육,식료품 중 '정육'을 판매·제공하는 매장,train,정육,T1 정확표기,0034b8e3-c78f-4e08-9a23-2414863de721,정육공방,소고기 돼지고기,구갈상점가,자율상권구역,경기도,,,
6d00e7ab6fefafe2ebaa,full_annotation_v1,A,q_정육_01,정육,식료품 중 '정육'을 판매·제공하는 매장,train,정육,T1 정확표기,01b7e8c6-feb8-4cff-a63e-2376ae18dd41,원조생굴뚝배기,국밥,고령대가야시장,전통시장,경상북도,,,
253d27d4a2ad97b5ce36,full_annotation_v1,A,q_정육_01,정육,식료품 중 '정육'을 판매·제공하는 매장,train,정육,T1 정확표기,f3d7847e-c317-4f03-bc70-871a80aa8a5a,하나로축산,정육,연서시장,전통시장,서울특별시,,,
899f80d33410b2da5753,full_annotation_v1,A,q_정육_01,정육,식료품 중 '정육'을 판매·제공하는 매장,train,정육,T1 정확표기,63f8c041-d24c-406d-9cfd-75bbb9a4ae8c,한솔정육,정육,삼성명가상가 골목형상점가,골목형상점가,대구광역시,,,
f036d7d656b44d784d98,full_annotation_v1,A,q_정육_01,정육,식료품 중 '정육'을 판매·제공하는 매장,train,정육,T1 정확표기,f3483b75-cbc3-4af6-9ed7-254ed5d79d12,드림축산,정육,상계중앙시장,전통시장,서울특별시,,,
7d34e398924c1c763a96,full_annotation_v1,A,q_정육_01,정육,식료품 중 '정육'을 판매·제공하는 매장,train,정육,T1 정확표기,f11152c3-bd3d-4394-ad71-520a15258720,정육점,정육,효천2지구 골목형상점가,골목형상점가,광주광역시,,,
8ed2cb7f508f6d113862,full_annotation_v1,A,q_정육_01,정육,식료품 중 '정육'을 판매·제공하는 매장,train,정육,T1 정확표기,07d00a37-305b-49a1-8409-b1252c5dfdf1,형제축산,정육,신기시장,전통시장,인천광역시,,,
8faafd6df6e22fb26697,full_annotation_v1,A,q_정육_01,정육,식료품 중 '정육'을 판매·제공하는 매장,train,정육,T1 정확표기,bdf49e19-2e85-489e-b3c5-6a5aae1f7b20,대성정육점,정육,지족동 골목형상점가,골목형상점가,대전광역시,,,
42a025877f6b3e98d3e2,full_annotation_v1,A,q_정육_01,정육,식료품 중 '정육'을 판매·제공하는 매장,train,정육,T1 정확표기,c260231f-1d2d-4d71-aebb-9e245da1b808,다둥이식육점,정육,성주시장,전통시장,경상북도,,,
72dc8f58c1f8d0ada095,full_annotation_v1,A,q_정육_01,정육,식료품 중 '정육'을 판매·제공하는 매장,train,정육,T1 정확표기,c8a5a44d-4e3c-42c5-bee1-f633aae10e97,형제축산,정육,광명새마을시장,전통시장,경기도,,,
550e0282cc0583589c8f,full_annotation_v1,A,q_정육_01,정육,식료품 중 '정육'을 판매·제공하는 매장,train,정육,T1 정확표기,e93706df-3c4c-41d7-9124-e3696892d29b,도시락형제,도시락,대인시장,전통시장,광주광역시,,,
8dd35cd786f9f6f1e528,full_annotation_v1,A,q_정육_01,정육,식료품 중 '정육'을 판매·제공하는 매장,train,정육,T1 정확표기,9b00fc4f-413d-4b45-9ff0-0841d3c53329,부산식품,유지류,아랫장,전통시장,전라남도,,,
91bedf408e89ae2054b7,full_annotation_v1,A,q_정육_01,정육,식료품 중 '정육'을 판매·제공하는 매장,train,정육,T1 정확표기,008615e0-6a3d-45a3-b0ce-af168ae6e16e,행담정육점,소고기 돼지고기 정육,대곡시장,전통시장,대구광역시,,,
6771432706d15d490c7f,full_annotation_v1,A,q_정육_01,정육,식료품 중 '정육'을 판매·제공하는 매장,train,정육,T1 정확표기,27f3bfa1-7b44-4448-acef-b99b17ffe544,민들레한우,정육,반월신영통상가,자율상권구역,경기도,,,
747121e4efe65f87b089,full_annotation_v1,A,q_정육_01,정육,식료품 중 '정육'을 판매·제공하는 매장,train,정육,T1 정확표기,0287935d-6e8e-465e-930c-b5e8e06c38c4,탄방 고기돈,삼겹살,탄방새마을 골목형상점가,골목형상점가,대전광역시,,,
1f64f43615e13f02e40e,full_annotation_v1,A,q_정육_01,정육,식료품 중 '정육'을 판매·제공하는 매장,train,정육,T1 정확표기,00652de3-165f-4988-9616-0ff0250e851d,합천식육점,,관문상가시장,전통시장,대구광역시,,,
3ae5b624ea414bce1de7,full_annotation_v1,A,q_정육_01,정육,식료품 중 '정육'을 판매·제공하는 매장,train,정육,T1 정확표기,9e5a4abf-93e4-4023-8f8f-67146e7bb68e,신광정육식당,정육,예산상설시장,전통시장,충청남도,,,
24031f3e1ddfda780d7c,full_annotation_v1,A,q_정육_01,정육,식료품 중 '정육'을 판매·제공하는 매장,train,정육,T1 정확표기,c77b68d5-ba09-449e-98d2-e7417117c807,삼육오정육,정육,쌍촌로상인회 골목형상점가,골목형상점가,광주광역시,,,
c0ad08ef3e10b2940656,full_annotation_v1,A,q_정육_01,정육,식료품 중 '정육'을 판매·제공하는 매장,train,정육,T1 정확표기,82a9168d-39c8-4148-9726-2fc11d13b81f,형제정육점,정육,창동신창시장,전통시장,서울특별시,,,
bce92db72f9e20b8dd11,full_annotation_v1,A,q_정육_01,정육,식료품 중 '정육'을 판매·제공하는 매장,train,정육,T1 정확표기,bf2d47c4-ab94-49e3-a30c-ca14228029ac,하나로축산,정육,정읍샘고을시장,전통시장,전북특별자치도,,,
5ea28a47aaa83af1427a,full_annotation_v1,A,q_정육_01,정육,식료품 중 '정육'을 판매·제공하는 매장,train,정육,T1 정확표기,d0cd666b-f151-4910-a2b4-10b7409fd373,영빈엄마횟집,수산물,기장시장,전통시장,부산광역시,,,
4542b14a976afcaebb09,full_annotation_v1,A,q_정육_01,정육,식료품 중 '정육'을 판매·제공하는 매장,train,정육,T1 정확표기,fdf96a9d-0938-4370-8294-a0e3aec1fb12,농심촌,정육,관악신사시장,전통시장,서울특별시,,,
fedb2f96b0d80c9f0d49,full_annotation_v1,A,q_정육_01,정육,식료품 중 '정육'을 판매·제공하는 매장,train,정육,T1 정확표기,e741f44e-68d6-4187-a762-28b12e1494b7,미옌,중식,용봉지구 골목형상점가,골목형상점가,광주광역시,,,
65f125036a91b3b056d8,full_annotation_v1,A,q_정육_01,정육,식료품 중 '정육'을 판매·제공하는 매장,train,정육,T1 정확표기,0598b6c8-c45e-444c-9b34-ff024b885ee8,서울갈비,갈비,행복상점가,자율상권구역,경상북도,,,
4b2a483799634681951f,full_annotation_v1,A,q_정육_01,정육,식료품 중 '정육'을 판매·제공하는 매장,train,정육,T1 정확표기,8f49c2cd-5016-4810-a12b-2caaceaf9e5d,경산사,"화장품, 미용재료",경산공설시장,전통시장,경상북도,,,
b5ea970c2c24589d37d9,full_annotation_v1,A,q_정육_01,정육,식료품 중 '정육'을 판매·제공하는 매장,train,정육,T1 정확표기,00ac87c2-aed5-4a62-8b09-76cbea625145,내고향청보리한우직판장,소고기 돼지고기,마륵동상인회 골목형상점가,골목형상점가,광주광역시,,,
363e810d1c3483c6c4c6,full_annotation_v1,A,q_정육_01,정육,식료품 중 '정육'을 판매·제공하는 매장,train,정육,T1 정확표기,542321e6-86f9-4b96-b459-ab1edd7f433d,형제축산,정육,계산시장,전통시장,인천광역시,,,
307fae07f397acd1e667,full_annotation_v1,A,q_정육_01,정육,식료품 중 '정육'을 판매·제공하는 매장,train,정육,T1 정확표기,a2783b13-e461-4da4-ac43-0dee004d703c,한아름정육,정육,서문공설시장,전통시장,제주특별자치도,,,
d3b8e3bc84f0ae0be9f8,full_annotation_v1,A,q_정육_01,정육,식료품 중 '정육'을 판매·제공하는 매장,train,정육,T1 정확표기,8214cfe8-833c-4c5b-b45d-35bfc650d4e3,세창,정육,호계종합시장,전통시장,경기도,,,
6ece6b83fe227adadd36,full_annotation_v1,A,q_정육_01,정육,식료품 중 '정육'을 판매·제공하는 매장,train,정육,T1 정확표기,0b1d8447-88e5-4681-a91b-dfacf11955d8,양화정,갈비,합정동먹자골목골목형상점가,골목형상점가,서울특별시,,,
8138549ff736b9403371,full_annotation_v1,A,q_정육_01,정육,식료품 중 '정육'을 판매·제공하는 매장,train,정육,T1 정확표기,02cebcf5-9e57-4988-adb9-85afcb577ccd,백미옥,국밥,한마음,골목형상점가,광주광역시,,,
0953ac901fd74719647d,full_annotation_v1,A,q_정육_01,정육,식료품 중 '정육'을 판매·제공하는 매장,train,정육,T1 정확표기,05be8e6e-05cb-43d5-8c9e-ab68776e957b,낙원갈비집 부천옥길점,,부천 옥길 골목형상점가,골목형상점가,경기도,,,
2ecd47a68d2935af4799,full_annotation_v1,A,q_정육_01,정육,식료품 중 '정육'을 판매·제공하는 매장,train,정육,T1 정확표기,e4054f79-70b6-4492-bcc0-dd7ecbc33c66,한우마을,정육,용남시장,전통시장,인천광역시,,,
5392b8664f89759100f7,full_annotation_v1,A,q_정육_01,정육,식료품 중 '정육'을 판매·제공하는 매장,train,정육,T1 정확표기,8b4f89d4-bef4-4839-8718-93fd7004d1a0,황토축산,정육,일산시장(구 일산전통시장),전통시장,경기도,,,
da78b4d397e411eee66c,full_annotation_v1,A,q_정육_01,정육,식료품 중 '정육'을 판매·제공하는 매장,train,정육,T1 정확표기,4b31dfa0-33d7-44a2-82c9-aac488545c7d,월드축산,정육,능곡시장(구 능곡전통시장),전통시장,경기도,,,
8fd5aac2c3085539c68c,full_annotation_v1,A,q_정육_01,정육,식료품 중 '정육'을 판매·제공하는 매장,train,정육,T1 정확표기,c9d38e9b-f586-46ec-9f5f-a0e439858df7,하나로축산,정육,북수원시장( 구 파장시장),전통시장,경기도,,,
2841a20275cb5b9b76e3,full_annotation_v1,A,q_정육_01,정육,식료품 중 '정육'을 판매·제공하는 매장,train,정육,T1 정확표기,3dde4108-bfc8-4b42-bc56-a5eb8d707dc9,중앙정육점,정육,임실시장,전통시장,전북특별자치도,,,
a6f892cc64dd587f1c7a,full_annotation_v1,A,q_정육_01,정육,식료품 중 '정육'을 판매·제공하는 매장,train,정육,T1 정확표기,ab48fd0c-aa6b-4723-8a38-6a6f6fa7cbe8,제일축산,정육,유성시장 골목형상점가,골목형상점가,대전광역시,,,
f79ac229f2784f7071b6,full_annotation_v1,A,q_정육_01,정육,식료품 중 '정육'을 판매·제공하는 매장,train,정육,T1 정확표기,725c975b-0735-4299-8628-5b4de1b28a15,한우세상(정육),,양주가래비중앙로상점가,골목형상점가,경기도,,,
c8fcaeab9289e87bc109,full_annotation_v1,A,q_정육_01,정육,식료품 중 '정육'을 판매·제공하는 매장,train,정육,T1 정확표기,0d99c60b-b2c5-4a40-a458-744e10285188,성심축산,정육,독산동 우시장,자율상권구역,서울특별시,,,
b4ed48f3d832f2c2798a,full_annotation_v1,A,q_정육_01,정육,식료품 중 '정육'을 판매·제공하는 매장,train,정육,T1 정확표기,9dcdbdcb-5ce1-43e7-b6f1-69677c6acfa4,한우판매장,정육,온택트 괴정스마트 상권활성화구역,상권활성화구역,부산광역시,,,
0cc59660d7f91619b4a0,full_annotation_v1,A,q_정육_01,정육,식료품 중 '정육'을 판매·제공하는 매장,train,정육,T1 정확표기,7727a018-6550-4f6d-9260-34dbd7bb5623,상록축산,정육,상계주공15단지상가,기타,서울특별시,,,
90751c957a7fd8a514b1,full_annotation_v1,A,q_정육_01,정육,식료품 중 '정육'을 판매·제공하는 매장,train,정육,T1 정확표기,afd56f3d-32ce-4356-bf3a-874e268c301d,토종축산,정육,중동사랑시장,전통시장,경기도,,,
dbb55001dd62d80f65c0,full_annotation_v1,A,q_정육_01,정육,식료품 중 '정육'을 판매·제공하는 매장,train,정육,T1 정확표기,6d476063-8aba-48d8-a9f6-4db508121070,제일축산,정육,강북북부골목시장 골목형상점가,골목형상점가,서울특별시,,,
4eb31effae87e7bfe109,full_annotation_v1,A,q_정육_01,정육,식료품 중 '정육'을 판매·제공하는 매장,train,정육,T1 정확표기,01286ec0-50e0-4540-b678-ec706fb3bcbb,설곰식당,식당,산업용재관,전통시장,대구광역시,,,
c1bdf8f7712a1fcf7c34,full_annotation_v1,A,q_정육_01,정육,식료품 중 '정육'을 판매·제공하는 매장,train,정육,T1 정확표기,45ca26f0-6d94-4566-b6f3-98e256be6fe1,한아름축산,정육,건리단길 골목형상점가,골목형상점가,서울특별시,,,
99cfa5fc9fd9c10d7765,full_annotation_v1,A,q_정육_01,정육,식료품 중 '정육'을 판매·제공하는 매장,train,정육,T1 정확표기,28753b89-41b5-46fc-99e4-fa7414b703b8,해운대 광순이네 고깃간,,좌동재래시장,전통시장,부산광역시,,,
c7f34efc5e25079fcaa8,full_annotation_v1,A,q_정육_01,정육,식료품 중 '정육'을 판매·제공하는 매장,train,정육,T1 정확표기,e0cc87d8-5fa8-452e-bd29-0e3399d4469e,털보정육,정육,의정부시 구도심 상권활성화구역,상권활성화구역,경기도,,,
25f3de7c447b39772bcf,full_annotation_v1,A,q_정육_01,정육,식료품 중 '정육'을 판매·제공하는 매장,train,정육,T1 정확표기,04564ea5-0be4-4ee2-8519-e8fcaffe3485,쌍둥이국밥,국밥,첨단이웃사랑 골목형상점가,골목형상점가,광주광역시,,,
bbbeba26642bf6b15679,full_annotation_v1,A,q_정육_01,정육,식료품 중 '정육'을 판매·제공하는 매장,train,정육,T1 정확표기,00831405-3dce-4f59-90cd-81fc3f837a63,보광축산,정육,원당시장(구 원당전통시장),전통시장,경기도,,,
c36c1a952221b9096c87,full_annotation_v1,A,q_정육_01,정육,식료품 중 '정육'을 판매·제공하는 매장,train,정육,T1 정확표기,6c67f46e-a6fc-4f4a-a411-4e103b0daef5,한우촌정육점,정육,소사종합시장,전통시장,경기도,,,
1b65b079e69a22f3dd02,full_annotation_v1,A,q_정육_01,정육,식료품 중 '정육'을 판매·제공하는 매장,train,정육,T1 정확표기,02235e2b-ba17-4b33-aacc-c1d96790e83e,바다담은구이,식당,정릉시장,전통시장,서울특별시,,,
e3b41831856858e5c53b,full_annotation_v1,A,q_정육_01,정육,식료품 중 '정육'을 판매·제공하는 매장,train,정육,T1 정확표기,0b3d078a-442c-4366-8d52-73aca6cfa318,레브,커피,선운 골목형상점가,골목형상점가,광주광역시,,,
4c6ec556bca8a2e53b93,full_annotation_v1,A,q_정육_01,정육,식료품 중 '정육'을 판매·제공하는 매장,train,정육,T1 정확표기,564de640-694f-4797-af66-a5d1df9c489f,푸줏간,,김천평화시장,전통시장,경상북도,,,
6f12376073b2ffcff151,full_annotation_v1,A,q_정육_01,정육,식료품 중 '정육'을 판매·제공하는 매장,train,정육,T1 정확표기,688f6502-c860-473a-9bca-70ed53f8c56d,대성축산,정육,신기시장,전통시장,인천광역시,,,
75539a9129969d6741e1,full_annotation_v1,A,q_정육_01,정육,식료품 중 '정육'을 판매·제공하는 매장,train,정육,T1 정확표기,28346398-85f6-42ff-a7a4-c10abe12cba2,음매꿀꿀,정육,관평동 골목형상점가,골목형상점가,대전광역시,,,
bcb44a6009489501b91e,full_annotation_v1,A,q_정육_01,정육,식료품 중 '정육'을 판매·제공하는 매장,train,정육,T1 정확표기,3e6a2059-5bed-44e4-b9cc-a39468de8043,준이네 푸줏간,,연동시장,전통시장,부산광역시,,,
dc75d58717e5721a1601,full_annotation_v1,A,q_정육_01,정육,식료품 중 '정육'을 판매·제공하는 매장,train,정육,T1 정확표기,263d4cd1-5a0d-45b6-9e68-b38558e9f160,고깃간,,부평종합시장,전통시장,인천광역시,,,
06170c3a4a777fcc6074,full_annotation_v1,A,q_정육_01,정육,식료품 중 '정육'을 판매·제공하는 매장,train,정육,T1 정확표기,c962f6b9-8588-4e5a-8dcf-5627929748ac,88축산,정육,경창시장,전통시장,서울특별시,,,
01250e2f78da1d3a1c04,full_annotation_v1,A,q_정육_01,정육,식료품 중 '정육'을 판매·제공하는 매장,train,정육,T1 정확표기,0f604bc8-35f5-44b0-bf65-f63389240246,우성축산유통,정육,마장축산물시장,전통시장,서울특별시,,,
9b1bf9f6407ffebc6a20,full_annotation_v1,A,q_정육_01,정육,식료품 중 '정육'을 판매·제공하는 매장,train,정육,T1 정확표기,5fa86605-9989-43fc-9ae1-130673868d87,형제축산,정육,중곡제일골목시장(중곡제일전통시장),전통시장,서울특별시,,,
9fe183163725489a339e,full_annotation_v1,A,q_정육_01,정육,식료품 중 '정육'을 판매·제공하는 매장,train,정육,T1 정확표기,0130dbd3-b9ea-43f4-98fd-26d8afd90b78,모래내시장순대,식당,전주모래내시장,전통시장,전북특별자치도,,,
6d0dbfc4725e15669db5,full_annotation_v1,A,q_정육_01,정육,식료품 중 '정육'을 판매·제공하는 매장,train,정육,T1 정확표기,18a5619d-c878-4a3c-9fe5-4093460e3df5,주식회사 청년푸줏간,,인천모래내전통시장,전통시장,인천광역시,,,
9305d3ef57577441131e,full_annotation_v1,A,q_정육_01,정육,식료품 중 '정육'을 판매·제공하는 매장,train,정육,T1 정확표기,672f1302-571d-4af3-8fcc-83ddd2caabbc,참고깃간,,명륜시실로 골목형상점가,골목형상점가,부산광역시,,,
6aa676854acf9bc2f242,full_annotation_v1,A,q_정육_01,정육,식료품 중 '정육'을 판매·제공하는 매장,train,정육,T1 정확표기,3364eba7-b38a-4e12-b348-2be6de9642c2,대성정육점,정육,능동로골목시장(자양한강전통시장),전통시장,서울특별시,,,
16ba57e73a64ca6fd7b7,full_annotation_v1,A,q_정육_01,정육,식료품 중 '정육'을 판매·제공하는 매장,train,정육,T1 정확표기,02d8f423-1e0d-440a-89b0-fc995d3f6d30,착한정육점,정육,덕풍전통시장,전통시장,경기도,,,
97cdc8203bc2fcada96d,full_annotation_v1,A,q_정육_01,정육,식료품 중 '정육'을 판매·제공하는 매장,train,정육,T1 정확표기,0031b1fc-4212-4c47-9dad-a8fa10d8bf85,㈜금원유통,축산물,마장축산물시장,전통시장,서울특별시,,,
e7ff42745f9a4dc711b5,full_annotation_v1,A,q_정육_01,정육,식료품 중 '정육'을 판매·제공하는 매장,train,정육,T1 정확표기,86ee83e7-5532-4810-930c-f2e9a5f1733c,하나로축산,정육,군포당동로시장상점가,골목형상점가,경기도,,,
6d019159ef2e43618219,full_annotation_v1,A,q_정육_01,정육,식료품 중 '정육'을 판매·제공하는 매장,train,정육,T1 정확표기,00265ad2-bd74-4057-b201-f6a798a8a4c9,칠분통닭오치점,치킨,오치2동 골목형상점가,골목형상점가,광주광역시,,,
1f6a737698342d163ba2,full_annotation_v1,A,q_정육_01,정육,식료품 중 '정육'을 판매·제공하는 매장,train,정육,T1 정확표기,7ade2fd1-5274-4db3-b1f3-ccfd7a3d14ec,태황,정육,연신내골목형상점가,골목형상점가,서울특별시,,,
e8e9e9f1fc308e63f132,full_annotation_v1,A,q_정육_01,정육,식료품 중 '정육'을 판매·제공하는 매장,train,정육,T1 정확표기,003e9326-9010-4e27-b844-c62b81ad2df8,다이소 광주 호남대점,소매,선운별 골목형상점가,골목형상점가,광주광역시,,,
77c3d09b4ab64927d6c0,full_annotation_v1,A,q_정육_01,정육,식료품 중 '정육'을 판매·제공하는 매장,train,정육,T1 정확표기,f2d7028c-e255-4620-bc17-dd3273deedc1,하나로축산,정육,부평깡시장,전통시장,인천광역시,,,
29e8c33e2cda53d317c9,full_annotation_v1,A,q_정육_01,정육,식료품 중 '정육'을 판매·제공하는 매장,train,정육,T1 정확표기,b86e6554-390d-49a9-bf8f-9309456ede4b,J정육점,정육,무지개종합상가,자율상권구역,서울특별시,,,
c72165fa1a5249669eae,full_annotation_v1,A,q_정육_01,정육,식료품 중 '정육'을 판매·제공하는 매장,train,정육,T1 정확표기,2af0afec-0334-4ecc-88f1-1748a7df99e0,보라매 정육,정육,보라매다올길골목형상점가,골목형상점가,서울특별시,,,
fd1d11b4d84e2f9bfb62,full_annotation_v1,A,q_정육_01,정육,식료품 중 '정육'을 판매·제공하는 매장,train,정육,T1 정확표기,d5405923-21bd-48b7-a1a8-0ef5720f0be3,우리축산,정육,능곡시장(구 능곡전통시장),전통시장,경기도,,,
e1449dd956219bbcd54e,full_annotation_v1,A,q_정육_01,정육,식료품 중 '정육'을 판매·제공하는 매장,train,정육,T1 정확표기,a122465d-a77c-400a-a4f1-27510523d043,뉴욕한복판,정육,갈매리본거리 골목형상점가,골목형상점가,경기도,,,
cb9c655cac140c5c912b,full_annotation_v1,A,q_정육_01,정육,식료품 중 '정육'을 판매·제공하는 매장,train,정육,T1 정확표기,e1d24967-a9a2-4b3b-ac91-f67058aeebf2,뚱이네정육점,정육,우림골목시장,전통시장,서울특별시,,,
aab30e01de3f6eeef26b,full_annotation_v1,A,q_정육_01,정육,식료품 중 '정육'을 판매·제공하는 매장,train,정육,T1 정확표기,cce66dd0-a01a-4c86-a7df-92e68a9c3d94,조은고기판매장,정육,각화도매 골목형상점가,골목형상점가,광주광역시,,,
3e231bea8651a400dde6,full_annotation_v1,A,q_정육_01,정육,식료품 중 '정육'을 판매·제공하는 매장,train,정육,T1 정확표기,02f9037a-c117-4db4-9d2b-9b78182978f4,반월닭강정치킨,,보령한내시장,전통시장,충청남도,,,
7fd74bd87212a22f6ce4,full_annotation_v1,A,q_정육_01,정육,식료품 중 '정육'을 판매·제공하는 매장,train,정육,T1 정확표기,59245b04-50f1-4d4c-8214-4ebcf4548528,정육점,정육,대야전통시장,전통시장,전북특별자치도,,,
c63314d61fd70d4a26bc,full_annotation_v1,A,q_정육_01,정육,식료품 중 '정육'을 판매·제공하는 매장,train,정육,T1 정확표기,d96f79a8-169d-4916-8f37-11735096f4cb,미진정육,정육,사상시장,전통시장,부산광역시,,,
d20443ae2f193eb33161,full_annotation_v1,A,q_정육_01,정육,식료품 중 '정육'을 판매·제공하는 매장,train,정육,T1 정확표기,8c4502d0-ee44-4070-a253-8d3c96562e02,아람정육점,정육,가리봉시장,전통시장,서울특별시,,,
21ae942cf75d9d3270f0,full_annotation_v1,A,q_정육_01,정육,식료품 중 '정육'을 판매·제공하는 매장,train,정육,T1 정확표기,2b49814f-eef6-452a-ba6a-8a87c19b3fa3,마코(대림역점),의류,대림동우리골목형상점가,골목형상점가,서울특별시,,,
40b661e3f24a50426aea,full_annotation_v1,A,q_정육_01,정육,식료품 중 '정육'을 판매·제공하는 매장,train,정육,T1 정확표기,2367c82c-9ff9-480e-a288-4bca3b701fca,보답함축산,정육,반구시장,전통시장,울산광역시,,,
803401626fe34f7ed744,full_annotation_v1,A,q_정육_01,정육,식료품 중 '정육'을 판매·제공하는 매장,train,정육,T1 정확표기,0023ae9b-466c-4881-afd0-ff8ac2890d72,돈.우정육점,식육,여수서시장주변시장,전통시장,전라남도,,,
fcd5e768fa6a6ec3f655,full_annotation_v1,A,q_정육_01,정육,식료품 중 '정육'을 판매·제공하는 매장,train,정육,T1 정확표기,00176890-ac4c-4ce1-bf5b-c5e45dbf9c43,시골정육점,축산,답십리시장,전통시장,서울특별시,,,
e7ba6f0a4c529e7dc9d3,full_annotation_v1,A,q_정육_01,정육,식료품 중 '정육'을 판매·제공하는 매장,train,정육,T1 정확표기,033ab0da-f546-4879-93a7-5bf7e6327bf3,시장식당,국밥,광양5일시장,전통시장,,,,
f6417e15674f1ac672b3,full_annotation_v1,A,q_정육_01,정육,식료품 중 '정육'을 판매·제공하는 매장,train,정육,T1 정확표기,004764d4-5ad9-4f22-81bb-48eac27e9e4b,60계치킨 야탑점,치킨,야탑 골목형상점가,골목형상점가,경기도,,,
111cc8f8ccfbdf235dfc,full_annotation_v1,A,q_정육_01,정육,식료품 중 '정육'을 판매·제공하는 매장,train,정육,T1 정확표기,9961b1e2-9449-4158-83ee-c33394db2c83,킹정육,정육,동화동골목형상가,골목형상점가,서울특별시,,,
a825f3c450e7e7bc713f,full_annotation_v1,A,q_정육_01,정육,식료품 중 '정육'을 판매·제공하는 매장,train,정육,T1 정확표기,8cdf8beb-599b-46eb-ad09-362863422ccd,도드람 정육,정육,당감골목시장,전통시장,부산광역시,,,
c0e73dc6fffd229e50e6,full_annotation_v1,A,q_정육_01,정육,식료품 중 '정육'을 판매·제공하는 매장,train,정육,T1 정확표기,01e3bdc3-fa69-409b-9f56-9ab1b44ede16,바우닭강정,닭강정,자양전통시장,전통시장,서울특별시,,,
b1b65f1ffe438ae116ca,full_annotation_v1,A,q_정육_01,정육,식료품 중 '정육'을 판매·제공하는 매장,train,정육,T1 정확표기,41d11001-9d7b-4965-9bae-0af94922cf12,철이네고깃간(중흥점),,유동 경열로 골목형상점가,골목형상점가,광주광역시,,,
b56ba5fbca17f798745d,full_annotation_v1,A,q_정육_01,정육,식료품 중 '정육'을 판매·제공하는 매장,train,정육,T1 정확표기,c82f9d43-f212-4f64-accd-081e6311bc48,합천닭집,,부전상가시장,전통시장,부산광역시,,,
74d404a663cee0a8495f,full_annotation_v1,A,q_정육_01,정육,식료품 중 '정육'을 판매·제공하는 매장,train,정육,T1 정확표기,023a95f4-f5cb-4b2e-b978-690c41d48d54,대송회센타,식당,대송시장,전통시장,울산광역시,,,
92f5a1ffd006f1e61467,full_annotation_v1,A,q_정육_01,정육,식료품 중 '정육'을 판매·제공하는 매장,train,정육,T1 정확표기,0363b125-0829-46ae-b0be-f23ada850390,정성육회울산송정점,한우뭉티기&한우육회,송정청춘 골목형상점가,골목형상점가,울산광역시,,,
2c8cb8a53fb0b394b11b,full_annotation_v1,A,q_정육_01,정육,식료품 중 '정육'을 판매·제공하는 매장,train,정육,T1 정확표기,87c77a75-4ae7-4c6d-89e5-2f36fe24a0be,착한정육점,정육,공릉동도깨비시장,전통시장,서울특별시,,,
076979ed0de10b9fd2d9,full_annotation_v1,A,q_정육_01,정육,식료품 중 '정육'을 판매·제공하는 매장,train,정육,T1 정확표기,032b7c2d-89ad-4b7e-9563-c9c67c6381a9,명품한우,한우,신포동개항길골목형상점가,골목형상점가,인천광역시,,,
a0ff04cae41d07c112b4,full_annotation_v1,A,q_정육_01,정육,식료품 중 '정육'을 판매·제공하는 매장,train,정육,T1 정확표기,668949f5-d4b2-46e5-abcb-c3a23882c356,한우축산물공판장,정육,광명새마을시장,전통시장,경기도,,,
3f119636f21ce86989db,full_annotation_v1,A,q_정육_01,정육,식료품 중 '정육'을 판매·제공하는 매장,train,정육,T1 정확표기,4fc1f605-a4aa-44f8-8f90-034256826696,효축산마트,정육,본촌진아 골목형상점가,골목형상점가,광주광역시,,,
86afc32c1ba6562c16b8,full_annotation_v1,A,q_정육_01,정육,식료품 중 '정육'을 판매·제공하는 매장,train,정육,T1 정확표기,6ca99caf-58bc-476f-86e0-6200c781fdcc,정육청과마을,정육,운남골목 골목형상점가,골목형상점가,광주광역시,,,
3c63e6858bbb593370d3,full_annotation_v1,A,q_정육_01,정육,식료품 중 '정육'을 판매·제공하는 매장,train,정육,T1 정확표기,03f541e1-2781-4bd2-91a9-65b9196d82b4,또래오래치킨&참닭,삼겹살,노대물빛근린공원 골목형상점가,골목형상점가,광주광역시,,,
3993e4101d466a2d9d20,full_annotation_v1,A,q_정육_01,정육,식료품 중 '정육'을 판매·제공하는 매장,train,정육,T1 정확표기,e332ac3f-a159-4778-938e-afbd7773a79c,명철축산,정육,남현동예술인마을골목형상점가,골목형상점가,서울특별시,,,
a646a609c784b013cc03,full_annotation_v1,A,q_정육_01,정육,식료품 중 '정육'을 판매·제공하는 매장,train,정육,T1 정확표기,dbffae1c-cbaf-4e64-b7ff-595f567bf826,농가정육도매센타,정육,작전시장,전통시장,인천광역시,,,
45552741ce33d938f7f1,full_annotation_v1,A,q_정육_01,정육,식료품 중 '정육'을 판매·제공하는 매장,train,정육,T1 정확표기,01c857cd-3f28-4d83-8fa4-e0abcfb44fbd,수연국밥,국밥,두암사거리 골목형상점가,골목형상점가,광주광역시,,,
a367dd16a55bd1546d8d,full_annotation_v1,A,q_정육_01,정육,식료품 중 '정육'을 판매·제공하는 매장,train,정육,T1 정확표기,0120247f-1a8e-4396-882d-6476485c3f9e,사랑채,삼겹살,봉선먹자골목 골목형상점가,골목형상점가,광주광역시,,,
c1a93a79028d8c9f0987,full_annotation_v1,A,q_정육_01,정육,식료품 중 '정육'을 판매·제공하는 매장,train,정육,T1 정확표기,e3127c90-9048-4dc0-986e-c550ff9689b7,유명한집,정육,원신흥어울림길 골목형상점가,골목형상점가,대전광역시,,,
95b77c3460a0f53adef0,full_annotation_v1,A,q_정육_01,정육,식료품 중 '정육'을 판매·제공하는 매장,train,정육,T1 정확표기,90a8a26d-7954-4101-ad9b-79ca52647a40,과일총각,과일,선운 골목형상점가,골목형상점가,광주광역시,,,
0a001f693b682354ca48,full_annotation_v1,A,q_정육_01,정육,식료품 중 '정육'을 판매·제공하는 매장,train,정육,T1 정확표기,b66776ca-9e1c-4611-bf40-9ebbe8a69507,동북정육,정육,대림중앙시장,전통시장,서울특별시,,,
1282a5388dfb2350333c,full_annotation_v1,A,q_정육_01,정육,식료품 중 '정육'을 판매·제공하는 매장,train,정육,T1 정확표기,000bc123-8986-4a63-bd89-6076138ae351,왕장상회,치킨,자양전통시장,전통시장,서울특별시,,,
d7818f39933b84ff8b40,full_annotation_v1,A,q_정육_01,정육,식료품 중 '정육'을 판매·제공하는 매장,train,정육,T1 정확표기,86e8e81c-682c-4752-97f6-8170add90961,공설상회,정육,충주자유시장,전통시장,충청북도,,,
0d7649ab750db44946a3,full_annotation_v1,A,q_정육_01,정육,식료품 중 '정육'을 판매·제공하는 매장,train,정육,T1 정확표기,2538e343-dfd5-475d-911b-489c58742748,신개념 푸줏간,,새천년 골목형상점가,골목형상점가,경기도,,,
1273712fbc7268593076,full_annotation_v1,A,q_정육_01,정육,식료품 중 '정육'을 판매·제공하는 매장,train,정육,T1 정확표기,039c05c3-9a49-40ec-86ca-28415ca76d25,미쁘다담양식돼지갈비,갈비,용봉지구 골목형상점가,골목형상점가,광주광역시,,,
5752daf6f057a60697d0,full_annotation_v1,A,q_정육_01,정육,식료품 중 '정육'을 판매·제공하는 매장,train,정육,T1 정확표기,37e205c5-791d-40f6-aee3-0d8ab5615424,우리축산,정육,원종중앙시장,전통시장,경기도,,,
564e8ba86a68186e023d,full_annotation_v1,A,q_정육_01,정육,식료품 중 '정육'을 판매·제공하는 매장,train,정육,T1 정확표기,00f60c16-d8be-497f-80f2-aab3209a8d0e,포카포카,식당,전남여고후문 골목형상점가,골목형상점가,광주광역시,,,
45c4d9142f5753324b41,full_annotation_v1,A,q_정육_01,정육,식료품 중 '정육'을 판매·제공하는 매장,train,정육,T1 정확표기,5013f5d8-a47d-4bb2-b076-e40eb039d8a5,농장축산,정육,영천시장,전통시장,서울특별시,,,
7e5497f3dfa8d2d1442e,full_annotation_v1,A,q_정육_01,정육,식료품 중 '정육'을 판매·제공하는 매장,train,정육,T1 정확표기,deb3d292-1e41-4ac0-abc5-20ef8334dda2,병천순대&수육국밥 보람점,한식,보람동 골목형상점가,골목형상점가,세종특별자치시,,,
d7517cd42314cb6537c4,full_annotation_v1,A,q_정육_01,정육,식료품 중 '정육'을 판매·제공하는 매장,train,정육,T1 정확표기,fb512524-1264-4bb8-babd-44b0074c86d9,고령축산,정육,영선신시장,전통시장,대구광역시,,,
f16ecf0205013f416145,full_annotation_v1,A,q_정육_01,정육,식료품 중 '정육'을 판매·제공하는 매장,train,정육,T1 정확표기,9cfa1165-ba8a-46fd-ba94-89f076204b62,한우마을,정육,복이있는덕포시장,전통시장,부산광역시,,,
345e723adde6ec257f87,full_annotation_v1,A,q_정육_01,정육,식료품 중 '정육'을 판매·제공하는 매장,train,정육,T1 정확표기,0072ddc8-1b0b-4a64-b9d0-9eb309854f0c,오뚜기정육점,정육,김제중앙시장,전통시장,전북특별자치도,,,
16e464d72c1d1bb0b5c1,full_annotation_v1,A,q_정육_01,정육,식료품 중 '정육'을 판매·제공하는 매장,train,정육,T1 정확표기,bde25d13-f840-47af-9e71-ec23b7e5c33d,대성정육점,정육,남대문시장,전통시장,서울특별시,,,
338051ce95ce5c8afe4d,full_annotation_v1,A,q_정육_01,정육,식료품 중 '정육'을 판매·제공하는 매장,train,정육,T1 정확표기,2d1a3b07-321a-4533-b765-5bcc930af172,금강식육점,정육,정읍샘고을시장,전통시장,전북특별자치도,,,
9250ae162cc3e7bfa574,full_annotation_v1,A,q_정육_01,정육,식료품 중 '정육'을 판매·제공하는 매장,train,정육,T1 정확표기,2d05b2bd-a224-4c63-be7c-c85659b74495,차칸수산,,구월시장,전통시장,인천광역시,,,
2aa26e078ed3531dc19b,full_annotation_v1,A,q_정육_01,정육,식료품 중 '정육'을 판매·제공하는 매장,train,정육,T1 정확표기,34eee7ce-1399-4c12-9c28-1c36217efeea,좋은고기마트,정육,화개1로78번길상인회 골목형상점가,골목형상점가,광주광역시,,,
6a55b73e1ac6a7378ed4,full_annotation_v1,A,q_정육_01,정육,식료품 중 '정육'을 판매·제공하는 매장,train,정육,T1 정확표기,c977fef4-56da-4c8f-8366-56aaaaa43fa6,제일축산,정육,문창시장,전통시장,대전광역시,,,
eecd0eac8acda1f8728e,full_annotation_v1,A,q_정육_01,정육,식료품 중 '정육'을 판매·제공하는 매장,train,정육,T1 정확표기,82840184-216f-4730-be1c-c7644fa287e0,육가원칙,정육,흥덕 다채움 골목형 상점가,골목형상점가,경기도,,,
14852c7b69c1a001f4d0,full_annotation_v1,A,q_정육_01,정육,식료품 중 '정육'을 판매·제공하는 매장,train,정육,T1 정확표기,00e3332a-4796-482d-9660-702bcf084fb0,대흥축산,축산물,가락몰골목형상점가,골목형상점가,서울특별시,,,
25cde3f36ccf331235ae,full_annotation_v1,A,q_정육_01,정육,식료품 중 '정육'을 판매·제공하는 매장,train,정육,T1 정확표기,000d4d47-3a3f-4a73-9fce-cd3802a5ebb3,은여우두마리치킨,치킨,봉곡우전로 골목형상점가,골목형상점가,전북특별자치도,,,
da169cc4a4f329950a53,full_annotation_v1,A,q_정육_01,정육,식료품 중 '정육'을 판매·제공하는 매장,train,정육,T1 정확표기,86c0334b-b5c7-4fac-b08d-c659c201eaed,인생축산,정육,태릉골목형상점가,골목형상점가,서울특별시,,,
8547cf890fd99c906b08,full_annotation_v1,A,q_정육_01,정육,식료품 중 '정육'을 판매·제공하는 매장,train,정육,T1 정확표기,004961cf-a775-4bcc-87a9-067c385bb9e7,삼미식육,식육,구포축산물도매시장,전통시장,부산광역시,,,
b07caeb5b47e36c43249,full_annotation_v1,A,q_정육_01,정육,식료품 중 '정육'을 판매·제공하는 매장,train,정육,T1 정확표기,0007af17-f23e-49b9-b7c1-5a9968727cfd,오늘닭강정,닭강정,목원대 골목형상점가,골목형상점가,대전광역시,,,
52ccae4f6d386a56fe87,full_annotation_v1,A,q_정육_01,정육,식료품 중 '정육'을 판매·제공하는 매장,train,정육,T1 정확표기,022fb5a6-69f4-4765-88db-4228cac2ef69,랭상1992,삼겹살,오치2동 골목형상점가,골목형상점가,광주광역시,,,
78846801d9353597b8c2,full_annotation_v1,A,q_정육_01,정육,식료품 중 '정육'을 판매·제공하는 매장,train,정육,T1 정확표기,4b470f35-7bfb-456f-b038-c9e64d3e1b89,중앙정육점,정육,돌곶이시장,전통시장,서울특별시,,,
ce31d845300ae46b4761,full_annotation_v1,A,q_정육_01,정육,식료품 중 '정육'을 판매·제공하는 매장,train,정육,T1 정확표기,0008f8f4-4c6e-4c4a-ad64-76aaea3d2d18,대성정육점,정육,평택국제중앙시장,전통시장,경기도,,,
595eeaf06a871663ce82,full_annotation_v1,A,q_정육_01,정육,식료품 중 '정육'을 판매·제공하는 매장,train,정육,T1 정확표기,0367e5f3-1bf4-4d8a-bac6-655fcc2eda3f,큰집닭강정,닭강정,신도봉시장,전통시장,서울특별시,,,
bd43a439f149e20a1005,full_annotation_v1,A,q_정육_01,정육,식료품 중 '정육'을 판매·제공하는 매장,train,정육,T1 정확표기,072cc6d0-ae23-4dbe-8bde-520ac0831860,대오정육점,정육,구례5일시장,전통시장,전라남도,,,
7bafd44686d82a95e23f,full_annotation_v1,A,q_정육_01,정육,식료품 중 '정육'을 판매·제공하는 매장,train,정육,T1 정확표기,003a1767-bcd6-410b-809e-d4b059ce50c6,홍성토종한우,,어울림 아차산 골목형상점가,골목형상점가,서울특별시,,,
05c413cda2972a5008b2,full_annotation_v1,A,q_정육_01,정육,식료품 중 '정육'을 판매·제공하는 매장,train,정육,T1 정확표기,e237a3eb-167d-4309-925f-8971e16d315b,장수정육,정육,길동복조리시장,전통시장,서울특별시,,,
99c57f08ea33b9ce6235,full_annotation_v1,A,q_정육_01,정육,식료품 중 '정육'을 판매·제공하는 매장,train,정육,T1 정확표기,0038f694-919c-4289-8bc1-a5e6549274e1,달인닭강정,닭강정,서귀포매일올레시장,전통시장,제주특별자치도,,,
9cd4876e85574be6592d,full_annotation_v1,A,q_정육_01,정육,식료품 중 '정육'을 판매·제공하는 매장,train,정육,T1 정확표기,00e45da9-1bb4-42fa-b0a8-63cdcea52143,수유중앙축산물백화점,정육,수유중앙시장,전통시장,서울특별시,,,
8e6dc0dcc9b415fcbbd9,full_annotation_v1,A,q_정육_01,정육,식료품 중 '정육'을 판매·제공하는 매장,train,정육,T1 정확표기,6ffa9490-dfd2-42b7-81ee-b29ab21a8137,제일축산,정육,연수상가,전통시장,충청북도,,,
5959f78426abc2ab01f4,full_annotation_v1,A,q_정육_01,정육,식료품 중 '정육'을 판매·제공하는 매장,train,정육,T1 정확표기,00027601-43e6-4d9a-a358-150cc014fe4c,닭장수후라이드,치킨,한솔동 5~6단지상점가,자율상권구역,세종특별자치시,,,
f2a2e70cacc9dbc76c30,full_annotation_v1,A,q_정육_01,정육,식료품 중 '정육'을 판매·제공하는 매장,train,정육,T1 정확표기,3e2ae759-9c03-4c50-8c5e-ce09964b8d5c,제일축산,정육,창원 도계부부시장,전통시장,경상남도,,,
ce2ac85e595a15a03b1b,full_annotation_v1,A,q_정육_01,정육,식료품 중 '정육'을 판매·제공하는 매장,train,정육,T1 정확표기,86ddd3a6-557a-49f9-8ea2-0f520c55b844,총각네고깃간,,일곡동(제1지역:자연마을 일동초 거리) 골목형상점가,골목형상점가,,,,
f5eee0a867530cfc4c75,full_annotation_v1,A,q_정육_01,정육,식료품 중 '정육'을 판매·제공하는 매장,train,정육,T1 정확표기,2cbe32d9-0704-402c-9cfd-290b565fd1d6,진월유통,정육,유천시장,전통시장,대전광역시,,,
82662cf3a593ebe2cbc6,full_annotation_v1,A,q_정육_01,정육,식료품 중 '정육'을 판매·제공하는 매장,train,정육,T1 정확표기,00889968-cd4d-41f2-8c6f-39e3928858a7,행복한 정육점,고기,테크노밸리 골목형상점가,골목형상점가,대전광역시,,,
8de6eee98d91c9205e25,full_annotation_v1,A,q_정육_01,정육,식료품 중 '정육'을 판매·제공하는 매장,train,정육,T1 정확표기,00bdaed4-8c0c-4e39-9198-736e0be49945,대신식육,식육,중앙식료시장(중앙먹통시장),전통시장,전라남도,,,
66f03894a28eef9fc908,full_annotation_v1,A,q_정육_01,정육,식료품 중 '정육'을 판매·제공하는 매장,train,정육,T1 정확표기,cf5cf0de-9a0f-4548-98e3-e2653c1a8242,스타정육점,정육,스타프라자전통시장,전통시장,경기도,,,
fdd25fedc06356521646,full_annotation_v1,A,q_정육_01,정육,식료품 중 '정육'을 판매·제공하는 매장,train,정육,T1 정확표기,0aad5389-cfad-4466-9fe1-d8a04dd60414,시골집숯불갈비,갈비,두암2동광신맨션주변 골목형상점가,골목형상점가,광주광역시,,,
dc3d351d5a8863fe541e,full_annotation_v1,A,q_정육_01,정육,식료품 중 '정육'을 판매·제공하는 매장,train,정육,T1 정확표기,0d3aa53f-b03a-45f7-ab80-8a6e72f1ccaa,미모아화장품,화장품,대림동우리골목형상점가,골목형상점가,서울특별시,,,
7c5374f608b057351b26,full_annotation_v1,A,q_정육_01,정육,식료품 중 '정육'을 판매·제공하는 매장,train,정육,T1 정확표기,93a00213-7e82-4644-85af-c870e3c0242f,상서정육점,정육,부안상설시장,전통시장,전북특별자치도,,,
0264f634bd547d6cd8dd,full_annotation_v1,A,q_정육_01,정육,식료품 중 '정육'을 판매·제공하는 매장,train,정육,T1 정확표기,001dda38-7874-4460-b3b0-a5717b6c36d7,오송 곱창,"한우곱창, 한우막창, 한우모듬, 한우대창, 한우염통",오송1산단오스코로골목형상점가,골목형상점가,충청북도,,,
e496991e50729510f7bb,full_annotation_v1,A,q_정육_01,정육,식료품 중 '정육'을 판매·제공하는 매장,train,정육,T1 정확표기,a952abea-aa8b-4104-9384-c7319c16b42c,한우데이정육,정육,지족동 골목형상점가,골목형상점가,대전광역시,,,
e404dc611a67fca3dcf3,full_annotation_v1,A,q_정육_01,정육,식료품 중 '정육'을 판매·제공하는 매장,train,정육,T1 정확표기,fd8da751-5348-4e02-907b-0836539265f0,한우마을,정육,대림골목시장,전통시장,서울특별시,,,
153713158908518d13e4,full_annotation_v1,A,q_정육_01,정육,식료품 중 '정육'을 판매·제공하는 매장,train,정육,T1 정확표기,c6e04112-c560-494e-b7a6-c651d4dc9163,한우마실돼지고을,정육,의성공설전통시장(의성읍정기시장),전통시장,경상북도,,,
f70d0060365e94bb228b,full_annotation_v1,A,q_정육_01,정육,식료품 중 '정육'을 판매·제공하는 매장,train,정육,T1 정확표기,003d2015-a21c-44e2-9d66-c6f97ba3c296,집중호우,한우,하단자율상권구역,기타,부산광역시,,,
ae1265d89915a7b1b013,full_annotation_v1,A,q_정육_01,정육,식료품 중 '정육'을 판매·제공하는 매장,train,정육,T1 정확표기,1aadf555-fe32-4613-ae83-f8c361d27c34,남해해물,한식,청평여울시장,전통시장,경기도,,,
abdb8eaf312cda16e44c,full_annotation_v1,A,q_정육_01,정육,식료품 중 '정육'을 판매·제공하는 매장,train,정육,T1 정확표기,008f0459-6681-4e70-8149-1a6d9ff1a2a5,육간지,삼겹살,구미 진평음식문화특화거리 골목형상점가,골목형상점가,경상북도,,,
61819e8467324d189cdc,full_annotation_v1,A,q_정육_01,정육,식료품 중 '정육'을 판매·제공하는 매장,train,정육,T1 정확표기,d73e930d-aead-4e97-aa91-f040a40d0560,대성축산,정육,서산동부전통시장,전통시장,충청남도,,,
954f073899008253355b,full_annotation_v1,A,q_정육_01,정육,식료품 중 '정육'을 판매·제공하는 매장,train,정육,T1 정확표기,0749bfe8-4327-4750-952d-cdc664bc7748,옥우촌,정육,청주육거리종합시장,전통시장,충청북도,,,
65494fad1eb44863e7f8,full_annotation_v1,A,q_정육_01,정육,식료품 중 '정육'을 판매·제공하는 매장,train,정육,T1 정확표기,0234f5ab-4843-4f61-90a0-d12033bc55dd,신양,정육,신응암시장,전통시장,서울특별시,,,
474930009b11dd6f3e85,full_annotation_v1,A,q_정육_01,정육,식료품 중 '정육'을 판매·제공하는 매장,train,정육,T1 정확표기,f69751ea-0788-4e0f-ac56-0a040741fa4b,제일정육점,정육,보령한내시장,전통시장,충청남도,,,
7306b862371f90bce72e,full_annotation_v1,A,q_정육_01,정육,식료품 중 '정육'을 판매·제공하는 매장,train,정육,T1 정확표기,f2336596-f6ae-4b8d-925b-a952bb94f04a,아울렛정육,정육,법원단지길골목형상점가,골목형상점가,서울특별시,,,
93d33ff45e67690ae399,full_annotation_v1,A,q_정육_01,정육,식료품 중 '정육'을 판매·제공하는 매장,train,정육,T1 정확표기,d2536707-bf7e-4d33-809a-80055d882ce8,고깃간,정육,간석자유시장,전통시장,인천광역시,,,
abbc88fdc17fe67653c2,full_annotation_v1,A,q_정육_01,정육,식료품 중 '정육'을 판매·제공하는 매장,train,정육,T1 정확표기,4f56898a-78ba-40f9-80be-79e96e693671,황금축산,정육,백년시장(구 강북종합전통시장),전통시장,서울특별시,,,
06ecdb4f9e8e915741aa,full_annotation_v1,A,q_정육_01,정육,식료품 중 '정육'을 판매·제공하는 매장,train,정육,T1 정확표기,54f4c026-d682-48a6-92af-5f353b7a26bf,한우달봉축산,정육,구월시장,전통시장,인천광역시,,,
0c03b2e0bd6fdc70d96a,full_annotation_v1,A,q_정육_01,정육,식료품 중 '정육'을 판매·제공하는 매장,train,정육,T1 정확표기,3129de89-dcaf-4ec2-899d-b4d5d2bd0b78,동행정육점,정육,금암동 골목형상점가,골목형상점가,충청남도,,,
e2738bd3d9cc9fed902e,full_annotation_v1,A,q_정육_01,정육,식료품 중 '정육'을 판매·제공하는 매장,train,정육,T1 정확표기,8c9bba5d-cdcf-487b-8a2c-45eeafd3d682,은희축산,정육,가락몰골목형상점가,골목형상점가,서울특별시,,,
98a5b9a8d102451ca2d1,full_annotation_v1,A,q_정육_01,정육,식료품 중 '정육'을 판매·제공하는 매장,train,정육,T1 정확표기,bc532c3d-7f1b-4462-a131-35631be5f312,건강정육점,정육,남원공설시장,전통시장,전북특별자치도,,,
bd5394e8e783cd71d18e,full_annotation_v1,A,q_정육_01,정육,식료품 중 '정육'을 판매·제공하는 매장,train,정육,T1 정확표기,48faeaac-79fd-4528-9293-0cb30f2dc71b,삼양마트(정육),정육,구역전시장,전통시장,울산광역시,,,
b013ca671b37e6ba4b86,full_annotation_v1,A,q_정육_01,정육,식료품 중 '정육'을 판매·제공하는 매장,train,정육,T1 정확표기,e854c3bf-d953-4ec5-9caa-540c7a8aa3fd,백억축산,정육,자인공설시장,전통시장,경상북도,,,
7bc77af01ac170380690,full_annotation_v1,A,q_정육_01,정육,식료품 중 '정육'을 판매·제공하는 매장,train,정육,T1 정확표기,28d8c41e-d2fe-4938-a03b-10914efa294b,88축산,정육,부천자유시장,전통시장,경기도,,,
0a7bfdb48b51016dc99f,full_annotation_v1,A,q_정육_01,정육,식료품 중 '정육'을 판매·제공하는 매장,train,정육,T1 정확표기,9a0a54dc-dac1-471d-b759-1c62fc65e2fd,착한정육점,정육,통영 죽림상점가,자율상권구역,경상남도,,,
77e8caf988a910a604b5,full_annotation_v1,A,q_정육_01,정육,식료품 중 '정육'을 판매·제공하는 매장,train,정육,T1 정확표기,00c9508a-1962-4f4c-adc8-c9227046f329,도마정육점,식육,도마큰시장,전통시장,대전광역시,,,
9904a8b81982ff90239a,full_annotation_v1,A,q_정육_01,정육,식료품 중 '정육'을 판매·제공하는 매장,train,정육,T1 정확표기,d10f95e3-dec8-4406-97f6-0b65cb2b76f3,보배축산,정육,경창시장,전통시장,서울특별시,,,
4610c4b962a2baf20910,full_annotation_v1,A,q_정육_01,정육,식료품 중 '정육'을 판매·제공하는 매장,train,정육,T1 정확표기,9e513890-b538-4c63-887b-3537ab29610d,부평건어물,건어물,일신시장(舊 부일종합시장),전통시장,인천광역시,,,
3a50156dccd0ebb08231,full_annotation_v1,A,q_정육_01,정육,식료품 중 '정육'을 판매·제공하는 매장,train,정육,T1 정확표기,79ec0169-aad2-49a6-8c4f-65b4402753c9,알뜰정육점,정육,청주사창시장,전통시장,충청북도,,,
4ce9914c9e5d37652a39,full_annotation_v1,A,q_정육_01,정육,식료품 중 '정육'을 판매·제공하는 매장,train,정육,T1 정확표기,005ea303-f9b7-4f3e-abcc-8460ca84ba44,은성축산물직판장,"도소매(축산물,식육판매)",남문시장,전통시장,서울특별시,,,
791567833033d299bb74,full_annotation_v1,A,q_정육_01,정육,식료품 중 '정육'을 판매·제공하는 매장,train,정육,T1 정확표기,5a5023cd-3b4d-4ccb-ba33-47ab3886aceb,장군축산,정육,서희스타힐스 & 한양립스 골목형상점가,골목형상점가,전라남도,,,
0f7893de1a6c6ca073f3,full_annotation_v1,A,q_정육_01,정육,식료품 중 '정육'을 판매·제공하는 매장,train,정육,T1 정확표기,8e5e8597-06ca-42ac-bda7-994ff21a5e16,대성정육점,정육,여수교동시장,전통시장,전라남도,,,
92f630e2e430d796d369,full_annotation_v1,A,q_정육_01,정육,식료품 중 '정육'을 판매·제공하는 매장,train,정육,T1 정확표기,0091c18f-a074-4703-9af5-05c6495e38af,이지비야,고기,아름다운삼정로 골목형상점가,골목형상점가,광주광역시,,,
d9eabb8ae4b25d776438,full_annotation_v1,A,q_정육_01,정육,식료품 중 '정육'을 판매·제공하는 매장,train,정육,T1 정확표기,556d85f8-1ab5-46f5-bfad-bc39354f85cd,대덕유통,,정읍샘고을시장,전통시장,전북특별자치도,,,
16d4ce75ebbb92a50b8b,full_annotation_v1,A,q_정육_01,정육,식료품 중 '정육'을 판매·제공하는 매장,train,정육,T1 정확표기,080611f9-2bc6-485c-88ff-62a839f9cbd2,푸줏간 수정점,,황금수정 골목형상점가,골목형상점가,부산광역시,,,
e99d7003af751675a20f,full_annotation_v1,A,q_정육_01,정육,식료품 중 '정육'을 판매·제공하는 매장,train,정육,T1 정확표기,4607543c-382c-4b56-803c-32ef4f75a056,착한정육점,정육,평창리비에르 2차 골목형상점가,골목형상점가,울산광역시,,,
32013cd5d43b82774e82,full_annotation_v1,A,q_정육_01,정육,식료품 중 '정육'을 판매·제공하는 매장,train,정육,T1 정확표기,db235158-d395-4e25-97fb-515655145275,현미네한우마을,정육,노룬산시장(건물형),전통시장,서울특별시,,,
c811ed219ab1ce77ba99,full_annotation_v1,A,q_정육_01,정육,식료품 중 '정육'을 판매·제공하는 매장,train,정육,T1 정확표기,352298e3-1263-483c-ad74-2dbe246a7733,대성축산,정육,오산오색시장(구 오산중앙시장),전통시장,경기도,,,
2447dede0cd32186ebec,full_annotation_v1,A,q_정육_01,정육,식료품 중 '정육'을 판매·제공하는 매장,train,정육,T1 정확표기,dcc0e6b9-dc6c-4e8d-96e3-87cf89fe0f43,안성정육,정육,안중시장,전통시장,경기도,,,
82b7a50794474f517940,full_annotation_v1,A,q_정육_01,정육,식료품 중 '정육'을 판매·제공하는 매장,train,정육,T1 정확표기,478b6bd5-48b5-4d5c-a9f2-483a1aff399b,황제정육,정육,창동골목시장,전통시장,서울특별시,,,
465bd781e3eb8664b20f,full_annotation_v1,A,q_정육_01,정육,식료품 중 '정육'을 판매·제공하는 매장,train,정육,T1 정확표기,00a5a31e-6208-4900-9553-18f188bfcbfc,올바른고깃간일곡점,정육점,일곡동 골목형상점가,골목형상점가,광주광역시,,,
a4802da81b7cd65eebe7,full_annotation_v1,A,q_정육_02,정육점,식료품 중 '정육'을 판매·제공하는 매장,train,정육,T1 정확표기,61e6f691-ff99-4061-9c81-d5b3213a00aa,큰시장 정육점,정육점,홍성전통시장(구 홍성정기시장),전통시장,충청남도,,,
2f0a756f59c1d7c97b2c,full_annotation_v1,A,q_정육_02,정육점,식료품 중 '정육'을 판매·제공하는 매장,train,정육,T1 정확표기,c580ceea-a50e-4d51-a1ff-bd44f24dd7a3,왕대정육점,정육점,보령한내시장,전통시장,충청남도,,,
4773c0ab52fe67e8b10e,full_annotation_v1,A,q_정육_02,정육점,식료품 중 '정육'을 판매·제공하는 매장,train,정육,T1 정확표기,83c4eaaa-68ea-405c-b348-9b3f02aa09e7,정육명가,정육점,평택통복시장,전통시장,경기도,,,
5b8d9ea0ed015cf4ccad,full_annotation_v1,A,q_정육_02,정육점,식료품 중 '정육'을 판매·제공하는 매장,train,정육,T1 정확표기,874797c6-8760-4861-bae0-866990abd9f4,삼이네고기공장,정육점,점촌전통시장,전통시장,경상북도,,,
ab7d91a36692529784d1,full_annotation_v1,A,q_정육_02,정육점,식료품 중 '정육'을 판매·제공하는 매장,train,정육,T1 정확표기,0d826b09-4303-4495-a40e-4dc82f76afe4,명품한우,정육점,왜관시장,전통시장,경상북도,,,
74bc81bd786b63b1868c,full_annotation_v1,A,q_정육_02,정육점,식료품 중 '정육'을 판매·제공하는 매장,train,정육,T1 정확표기,008f0459-6681-4e70-8149-1a6d9ff1a2a5,육간지,삼겹살,구미 진평음식문화특화거리 골목형상점가,골목형상점가,경상북도,,,
73f590e181a3370769b5,full_annotation_v1,A,q_정육_02,정육점,식료품 중 '정육'을 판매·제공하는 매장,train,정육,T1 정확표기,0363b125-0829-46ae-b0be-f23ada850390,정성육회울산송정점,한우뭉티기&한우육회,송정청춘 골목형상점가,골목형상점가,울산광역시,,,
5bd0e085a12d30e8d664,full_annotation_v1,A,q_정육_02,정육점,식료품 중 '정육'을 판매·제공하는 매장,train,정육,T1 정확표기,e8cd89a7-9496-4f7b-9736-e6c383edfd80,에르모소,미용,파랑새원룸상인회 골목형상점가,골목형상점가,광주광역시,,,
b69e326a077bca7b483d,full_annotation_v1,A,q_정육_02,정육점,식료품 중 '정육'을 판매·제공하는 매장,train,정육,T1 정확표기,0598b6c8-c45e-444c-9b34-ff024b885ee8,서울갈비,갈비,행복상점가,자율상권구역,경상북도,,,
28a17cdb15b855194502,full_annotation_v1,A,q_정육_02,정육점,식료품 중 '정육'을 판매·제공하는 매장,train,정육,T1 정확표기,000d4d47-3a3f-4a73-9fce-cd3802a5ebb3,은여우두마리치킨,치킨,봉곡우전로 골목형상점가,골목형상점가,전북특별자치도,,,
5d77bec94bf0cabf5dd5,full_annotation_v1,A,q_정육_02,정육점,식료품 중 '정육'을 판매·제공하는 매장,train,정육,T1 정확표기,37c968eb-6979-4149-b295-45433e86f5c0,따봉정육점,정육점,서동시장(창인시장),전통시장,전북특별자치도,,,
46c68edce2dfc9d2fabc,full_annotation_v1,A,q_정육_02,정육점,식료품 중 '정육'을 판매·제공하는 매장,train,정육,T1 정확표기,00831405-3dce-4f59-90cd-81fc3f837a63,보광축산,정육,원당시장(구 원당전통시장),전통시장,경기도,,,
17bbd962e91709658f5b,full_annotation_v1,A,q_정육_02,정육점,식료품 중 '정육'을 판매·제공하는 매장,train,정육,T1 정확표기,0575a802-5b34-4818-b22e-8d6ca371f186,황둔쌀찐빵,,황둔캠핑로 골목형상점가,골목형상점가,강원특별자치도,,,
0a49d28b62e0a72741f6,full_annotation_v1,A,q_정육_02,정육점,식료품 중 '정육'을 판매·제공하는 매장,train,정육,T1 정확표기,f76e1ac8-ab4d-431e-ae45-1e548b0d7119,총각네정육점,정육점,흑석시장골목형상점가,골목형상점가,서울특별시,,,
8c34ae9b67446d2579ec,full_annotation_v1,A,q_정육_02,정육점,식료품 중 '정육'을 판매·제공하는 매장,train,정육,T1 정확표기,f2084338-fade-4410-9454-7db36fb0212d,호재담 정육점,,대봉동 대백 골목형상점가,골목형상점가,대구광역시,,,
5a2393e1c28076394406,full_annotation_v1,A,q_정육_02,정육점,식료품 중 '정육'을 판매·제공하는 매장,train,정육,T1 정확표기,44ec13fb-8a4f-4c5c-ad94-af756fe17f58,시장 정육점,정육,용현시장,전통시장,인천광역시,,,
fcace1aaf93d75cc96ea,full_annotation_v1,A,q_정육_02,정육점,식료품 중 '정육'을 판매·제공하는 매장,train,정육,T1 정확표기,00652de3-165f-4988-9616-0ff0250e851d,합천식육점,,관문상가시장,전통시장,대구광역시,,,
cb007c7cfcc210ba56bb,full_annotation_v1,A,q_정육_02,정육점,식료품 중 '정육'을 판매·제공하는 매장,train,정육,T1 정확표기,00e45da9-1bb4-42fa-b0a8-63cdcea52143,수유중앙축산물백화점,정육,수유중앙시장,전통시장,서울특별시,,,
1b32290b503e879596cd,full_annotation_v1,A,q_정육_02,정육점,식료품 중 '정육'을 판매·제공하는 매장,train,정육,T1 정확표기,00176890-ac4c-4ce1-bf5b-c5e45dbf9c43,시골정육점,축산,답십리시장,전통시장,서울특별시,,,
413983d7235ddef14d2f,full_annotation_v1,A,q_정육_02,정육점,식료품 중 '정육'을 판매·제공하는 매장,train,정육,T1 정확표기,57175738-3aa8-4833-93b2-59a7bddab25c,나주식육판매점,정육점,목포동부시장,전통시장,전라남도,,,
251819bf26499e681712,full_annotation_v1,A,q_정육_02,정육점,식료품 중 '정육'을 판매·제공하는 매장,train,정육,T1 정확표기,b2c37729-d90a-4ed2-a332-cd820d6877ce,시장정육점,정육점,진안시장(진안고원시장),전통시장,전북특별자치도,,,
f4288e7e03eaa68b5461,full_annotation_v1,A,q_정육_02,정육점,식료품 중 '정육'을 판매·제공하는 매장,train,정육,T1 정확표기,44087e05-aece-4add-a727-5e0879527635,세솔한약국,한약,화운로상인회 골목형상점가,골목형상점가,광주광역시,,,
d2a1d6ef49342c655740,full_annotation_v1,A,q_정육_02,정육점,식료품 중 '정육'을 판매·제공하는 매장,train,정육,T1 정확표기,d7923d99-60e6-420f-b939-ec87c2bbaed7,바른 정육점,,레이카운티 골목형상점가,골목형상점가,부산광역시,,,
db39ab5e6ebb9fbb3b4e,full_annotation_v1,A,q_정육_02,정육점,식료품 중 '정육'을 판매·제공하는 매장,train,정육,T1 정확표기,ec807b7f-7c07-4671-a04b-e64a4cdde19a,고기백화점1,정육점,논산화지중앙시장,전통시장,충청남도,,,
d54761fbdbd38e70a1a8,full_annotation_v1,A,q_정육_02,정육점,식료품 중 '정육'을 판매·제공하는 매장,train,정육,T1 정확표기,8c13875a-0177-4ef3-a4a8-d9f172be2e1b,신림면옥,,황둔캠핑로 골목형상점가,골목형상점가,강원특별자치도,,,
2dc36bb8665117105c97,full_annotation_v1,A,q_정육_02,정육점,식료품 중 '정육'을 판매·제공하는 매장,train,정육,T1 정확표기,00265ad2-bd74-4057-b201-f6a798a8a4c9,칠분통닭오치점,치킨,오치2동 골목형상점가,골목형상점가,광주광역시,,,
11dea7715d3e1baa4c2d,full_annotation_v1,A,q_정육_02,정육점,식료품 중 '정육'을 판매·제공하는 매장,train,정육,T1 정확표기,2e83dec4-fc4b-458a-b623-bb41eb4bf299,좋은축산마을,정육점,뉴월드프라자골목형상점가,골목형상점가,경기도,,,
8a9d4c5b3fd1171b5c95,full_annotation_v1,A,q_정육_02,정육점,식료품 중 '정육'을 판매·제공하는 매장,train,정육,T1 정확표기,01b07bdf-116e-48b9-851c-721796f85bb4,한숲축산,정육점,남사한숲 골목형상점가,골목형상점가,경기도,,,
3e9b7cba7e30b30c119a,full_annotation_v1,A,q_정육_02,정육점,식료품 중 '정육'을 판매·제공하는 매장,train,정육,T1 정확표기,10b2aab4-55f4-44b6-b78c-35fe54083c22,촉촉하게,피부미용업,고성동벚꽃 골목형상점가,골목형상점가,대구광역시,,,
46d423f4c66066073b18,full_annotation_v1,A,q_정육_02,정육점,식료품 중 '정육'을 판매·제공하는 매장,train,정육,T1 정확표기,415ba83b-41d0-49bf-a67e-a14abb8f1197,따봉 정육점,,서동시장(창인시장),전통시장,전북특별자치도,,,
3beaf6f0e789eb8de5e9,full_annotation_v1,A,q_정육_02,정육점,식료품 중 '정육'을 판매·제공하는 매장,train,정육,T1 정확표기,328fef67-c255-4231-9d66-aa6144264502,삼천리자전거,자전거,미래그린시장,전통시장,경기도,,,
261242480a6833d00501,full_annotation_v1,A,q_정육_02,정육점,식료품 중 '정육'을 판매·제공하는 매장,train,정육,T1 정확표기,200ca858-e6ae-4a21-bbef-c4906795c3d4,축산사랑,정육점,오목교중앙시장,전통시장,서울특별시,,,
dc1988f7652182f337f9,full_annotation_v1,A,q_정육_02,정육점,식료품 중 '정육'을 판매·제공하는 매장,train,정육,T1 정확표기,4e0d8c46-5574-452c-a1e2-f15be65f6b76,시장정육점,정육점,양구중앙시장,전통시장,강원특별자치도,,,
edc4eb472ce01214abaa,full_annotation_v1,A,q_정육_02,정육점,식료품 중 '정육'을 판매·제공하는 매장,train,정육,T1 정확표기,e46b6e68-53ff-402a-ace8-30293c0bd813,한군정육점,정육점,창원 명서시장,전통시장,경상남도,,,
a1b8f00809b41e14d2d1,full_annotation_v1,A,q_정육_02,정육점,식료품 중 '정육'을 판매·제공하는 매장,train,정육,T1 정확표기,004764d4-5ad9-4f22-81bb-48eac27e9e4b,60계치킨 야탑점,치킨,야탑 골목형상점가,골목형상점가,경기도,,,
213306ddd10e9c6629f1,full_annotation_v1,A,q_정육_02,정육점,식료품 중 '정육'을 판매·제공하는 매장,train,정육,T1 정확표기,0023ae9b-466c-4881-afd0-ff8ac2890d72,돈.우정육점,식육,여수서시장주변시장,전통시장,전라남도,,,
4c541359ca16733e9300,full_annotation_v1,A,q_정육_02,정육점,식료품 중 '정육'을 판매·제공하는 매장,train,정육,T1 정확표기,8a854eb5-9876-4b7d-be96-400ef0c7b4f1,장터정육점,정육점,익산장(구 북부장),전통시장,전북특별자치도,,,
eef32b09b7bf3449c014,full_annotation_v1,A,q_정육_02,정육점,식료품 중 '정육'을 판매·제공하는 매장,train,정육,T1 정확표기,1f76b248-ba7f-4493-89ee-99687695ca6a,나진축산,정육점,동백 이음길 골목형상점가,골목형상점가,경기도,,,
33936b45eaae76d12948,full_annotation_v1,A,q_정육_02,정육점,식료품 중 '정육'을 판매·제공하는 매장,train,정육,T1 정확표기,40d02b4d-0dc1-486a-bdf7-0d8eb0ff628f,정육점,축산물,원적로골목형상점가,골목형상점가,인천광역시,,,
c1f935fb102cd9c29910,full_annotation_v1,A,q_정육_02,정육점,식료품 중 '정육'을 판매·제공하는 매장,train,정육,T1 정확표기,3e37c307-9639-4da6-bb86-8e30853467d5,예당,정육점,동작구 LINK 상권활성화구역,상권활성화구역,서울특별시,,,
53b30c3c89f1772811df,full_annotation_v1,A,q_정육_02,정육점,식료품 중 '정육'을 판매·제공하는 매장,train,정육,T1 정확표기,2d7a254c-1230-4052-8408-e054c79ae864,스토리지21,"의류, 소모품",고투몰(강남터미널지하도상점가),일반지하상점가,서울특별시,,,
785bdd890e429a3a23d1,full_annotation_v1,A,q_정육_02,정육점,식료품 중 '정육'을 판매·제공하는 매장,train,정육,T1 정확표기,215b8aa1-abdb-4ed2-bdf4-62a07ad9ed12,육다미,정육점,사리골상점가,자율상권구역,경기도,,,
fa11280718b07b37392a,full_annotation_v1,A,q_정육_02,정육점,식료품 중 '정육'을 판매·제공하는 매장,train,정육,T1 정확표기,e4c71a4a-67d1-4947-ad66-836e6f08e311,부영팜,정육점,첨단부영 골목형상점가,골목형상점가,광주광역시,,,
6ffbd17e3e4f0d268997,full_annotation_v1,A,q_정육_02,정육점,식료품 중 '정육'을 판매·제공하는 매장,train,정육,T1 정확표기,4d5334db-3f4d-4b13-bca3-de37f148a8c9,신포정육점,정육점,신포시장,전통시장,인천광역시,,,
0bf69ab38bb37a8d8263,full_annotation_v1,A,q_정육_02,정육점,식료품 중 '정육'을 판매·제공하는 매장,train,정육,T1 정확표기,c618781b-dab6-4152-9e7e-522e1f7e62de,똑바른 정육점,,남양주장현전통시장,전통시장,경기도,,,
3784a11ef066a9aaefdc,full_annotation_v1,A,q_정육_02,정육점,식료품 중 '정육'을 판매·제공하는 매장,train,정육,T1 정확표기,001dda38-7874-4460-b3b0-a5717b6c36d7,오송 곱창,"한우곱창, 한우막창, 한우모듬, 한우대창, 한우염통",오송1산단오스코로골목형상점가,골목형상점가,충청북도,,,
466d7df4c98d5452dc00,full_annotation_v1,A,q_정육_02,정육점,식료품 중 '정육'을 판매·제공하는 매장,train,정육,T1 정확표기,f398a9db-9afa-463e-a641-3a835994c989,다비축산,정육점,조종시장,전통시장,경기도,,,
b44d32f99edcec709206,full_annotation_v1,A,q_정육_02,정육점,식료품 중 '정육'을 판매·제공하는 매장,train,정육,T1 정확표기,a15a163e-c5fc-46c1-bef2-a1ef94fe2b49,이리야워워,정육점,마천시장,전통시장,서울특별시,,,
591f754445b953db53a3,full_annotation_v1,A,q_정육_02,정육점,식료품 중 '정육'을 판매·제공하는 매장,train,정육,T1 정확표기,0ea601f8-2874-4b39-ac72-f7d7134e8f8d,현대축산,정육점,현대시장,전통시장,인천광역시,,,
b8775bd2b5b772b8e1a0,full_annotation_v1,A,q_정육_02,정육점,식료품 중 '정육'을 판매·제공하는 매장,train,정육,T1 정확표기,e56ab3c4-6769-4064-9cb2-d4f1fc8f20bd,황금정육점,정육점,대야 골목형상점가,골목형상점가,전북특별자치도,,,
708b37fc681007374a5b,full_annotation_v1,A,q_정육_02,정육점,식료품 중 '정육'을 판매·제공하는 매장,train,정육,T1 정확표기,00a5a31e-6208-4900-9553-18f188bfcbfc,올바른고깃간일곡점,정육점,일곡동 골목형상점가,골목형상점가,광주광역시,,,
649f22db7b912c76f9dd,full_annotation_v1,A,q_정육_02,정육점,식료품 중 '정육'을 판매·제공하는 매장,train,정육,T1 정확표기,38fc3e8a-6087-4c93-bf56-d53333f7a13d,원일정육백화점,정육점,하복대시장(구 하복대종합시장),전통시장,충청북도,,,
18b82e76be84fe2ee9c4,full_annotation_v1,A,q_정육_02,정육점,식료품 중 '정육'을 판매·제공하는 매장,train,정육,T1 정확표기,00ac87c2-aed5-4a62-8b09-76cbea625145,내고향청보리한우직판장,소고기 돼지고기,마륵동상인회 골목형상점가,골목형상점가,광주광역시,,,
11507361f8e228e58b36,full_annotation_v1,A,q_정육_02,정육점,식료품 중 '정육'을 판매·제공하는 매장,train,정육,T1 정확표기,0072ddc8-1b0b-4a64-b9d0-9eb309854f0c,오뚜기정육점,정육,김제중앙시장,전통시장,전북특별자치도,,,
569f8b2799c996d1b42c,full_annotation_v1,A,q_정육_02,정육점,식료품 중 '정육'을 판매·제공하는 매장,train,정육,T1 정확표기,9ebf2c79-553c-4cd1-b07e-1379fdd1951f,동백식당 정육점,,구의역 가람길 골목형상점가,골목형상점가,서울특별시,,,
a06c8f6b00e2c1e714bc,full_annotation_v1,A,q_정육_02,정육점,식료품 중 '정육'을 판매·제공하는 매장,train,정육,T1 정확표기,263d4cd1-5a0d-45b6-9e68-b38558e9f160,고깃간,,부평종합시장,전통시장,인천광역시,,,
4cf8f149629f35b8075c,full_annotation_v1,A,q_정육_02,정육점,식료품 중 '정육'을 판매·제공하는 매장,train,정육,T1 정확표기,3e6a2059-5bed-44e4-b9cc-a39468de8043,준이네 푸줏간,,연동시장,전통시장,부산광역시,,,
4691d071221e89534125,full_annotation_v1,A,q_정육_02,정육점,식료품 중 '정육'을 판매·제공하는 매장,train,정육,T1 정확표기,76778af4-6572-4818-9be1-ff26300d5de1,센스멀티샵,"소매(신발,잡화)",안양중앙지하도상가,일반지하상점가,경기도,,,
0e75ec0877edbba5f4ac,full_annotation_v1,A,q_정육_02,정육점,식료품 중 '정육'을 판매·제공하는 매장,train,정육,T1 정확표기,fc13655f-f132-47b4-9750-568f9a4329f9,오남매 정육점,,모현1가 골목형상점가,골목형상점가,전북특별자치도,,,
321734e76ccb9fd7f1e1,full_annotation_v1,A,q_정육_02,정육점,식료품 중 '정육'을 판매·제공하는 매장,train,정육,T1 정확표기,be9a70d3-838f-4ef2-a55e-eea38701d2e2,도우탄 정육점,,중곡제일골목시장(중곡제일전통시장),전통시장,서울특별시,,,
33e9f13d893a40715864,full_annotation_v1,A,q_정육_02,정육점,식료품 중 '정육'을 판매·제공하는 매장,train,정육,T1 정확표기,c51b7c92-cc2b-4447-bbda-1c5efe71e848,모모정육점,정육점,구매탄시장,전통시장,경기도,,,
3a6e6b200689ccf88cd5,full_annotation_v1,A,q_정육_02,정육점,식료품 중 '정육'을 판매·제공하는 매장,train,정육,T1 정확표기,4f930291-76e4-4f56-b07b-4c35028f5a62,원헤어,미용실,염주상인회 골목형상점가,골목형상점가,광주광역시,,,
2a81bc70d8a3578db687,full_annotation_v1,A,q_정육_02,정육점,식료품 중 '정육'을 판매·제공하는 매장,train,정육,T1 정확표기,3bd15708-b159-43bc-b92e-a60a58ce0fac,해인,농산물,내당제일골목형상점가,골목형상점가,대구광역시,,,
655afe391f48f818f901,full_annotation_v1,A,q_정육_02,정육점,식료품 중 '정육'을 판매·제공하는 매장,train,정육,T1 정확표기,46393e77-442c-4144-a574-b0f14777ce7e,홍천식육점,정육점,홍천중앙시장(홍천신시장),전통시장,강원특별자치도,,,
a16ddeda12994c649424,full_annotation_v1,A,q_정육_02,정육점,식료품 중 '정육'을 판매·제공하는 매장,train,정육,T1 정확표기,8263946a-8c00-4933-953e-8539797657b4,중앙정육점,정육점,신장전통시장,전통시장,경기도,,,
f014d90eee6eb84f006b,full_annotation_v1,A,q_정육_02,정육점,식료품 중 '정육'을 판매·제공하는 매장,train,정육,T1 정확표기,ad1cd279-64af-42fd-ae51-204a76ee86d1,일일정육점,정육점,순천중앙시장,전통시장,전라남도,,,
224fa4dc0a7ece453219,full_annotation_v1,A,q_정육_02,정육점,식료품 중 '정육'을 판매·제공하는 매장,train,정육,T1 정확표기,0367e5f3-1bf4-4d8a-bac6-655fcc2eda3f,큰집닭강정,닭강정,신도봉시장,전통시장,서울특별시,,,
3bdb737cf879a91a1ccb,full_annotation_v1,A,q_정육_02,정육점,식료품 중 '정육'을 판매·제공하는 매장,train,정육,T1 정확표기,1d995b95-6a25-450d-90ff-0cd871015735,음암닭집,정육점,서산동부전통시장,전통시장,충청남도,,,
acbbd7d5e796cabaa9e0,full_annotation_v1,A,q_정육_02,정육점,식료품 중 '정육'을 판매·제공하는 매장,train,정육,T1 정확표기,47f5b548-f5f9-4bc3-90a1-72f68c8d9166,유구정육점,정육점,유구시장,전통시장,충청남도,,,
fc984d54bb755b52abb6,full_annotation_v1,A,q_정육_02,정육점,식료품 중 '정육'을 판매·제공하는 매장,train,정육,T1 정확표기,67568992-07a9-4df2-a398-f4166483df7b,대성식육점,정육점,밀양 내일전통시장,전통시장,경상남도,,,
3b452ded8a7f8b998e20,full_annotation_v1,A,q_정육_02,정육점,식료품 중 '정육'을 판매·제공하는 매장,train,정육,T1 정확표기,000bc123-8986-4a63-bd89-6076138ae351,왕장상회,치킨,자양전통시장,전통시장,서울특별시,,,
7ab99373e430fe9b5018,full_annotation_v1,A,q_정육_02,정육점,식료품 중 '정육'을 판매·제공하는 매장,train,정육,T1 정확표기,581e116f-2f89-43ea-9a32-57d7716c7830,인생고기 정육점,,남악중앙 골목형상점가,골목형상점가,,,,
d4edcaabdeaeb9c46c4c,full_annotation_v1,A,q_정육_02,정육점,식료품 중 '정육'을 판매·제공하는 매장,train,정육,T1 정확표기,a5a5cbf2-4988-4a80-b5cd-9184016df4fb,산수옥 모밀,음식,프로방스 골목형상점가,골목형상점가,전라남도,,,
6235e2fdb66f1e24e31a,full_annotation_v1,A,q_정육_02,정육점,식료품 중 '정육'을 판매·제공하는 매장,train,정육,T1 정확표기,272eca6c-ca8b-4d02-aeff-1d14ff621e5b,두근두근 정육점,,상현2동 골목형상점가,골목형상점가,경기도,,,
869e907a975811bd5fc5,full_annotation_v1,A,q_정육_02,정육점,식료품 중 '정육'을 판매·제공하는 매장,train,정육,T1 정확표기,490ef71b-a1a7-49f5-82bf-0a70892d0dbb,푸줏간,정육점,대송시장,전통시장,울산광역시,,,
02ab994d4f6c537a4ef8,full_annotation_v1,A,q_정육_02,정육점,식료품 중 '정육'을 판매·제공하는 매장,train,정육,T1 정확표기,02cebcf5-9e57-4988-adb9-85afcb577ccd,백미옥,국밥,한마음,골목형상점가,광주광역시,,,
b840bae1e8b62af3c515,full_annotation_v1,A,q_정육_02,정육점,식료품 중 '정육'을 판매·제공하는 매장,train,정육,T1 정확표기,9495bfb7-c97f-49c5-ad6a-348b0b239fac,용운정육점,정육점,용운시장,전통시장,대전광역시,,,
6f2f557a9c956eb321bf,full_annotation_v1,A,q_정육_02,정육점,식료품 중 '정육'을 판매·제공하는 매장,train,정육,T1 정확표기,564de640-694f-4797-af66-a5d1df9c489f,푸줏간,,김천평화시장,전통시장,경상북도,,,
f2d6a36ca5340799f681,full_annotation_v1,A,q_정육_02,정육점,식료품 중 '정육'을 판매·제공하는 매장,train,정육,T1 정확표기,04564ea5-0be4-4ee2-8519-e8fcaffe3485,쌍둥이국밥,국밥,첨단이웃사랑 골목형상점가,골목형상점가,광주광역시,,,
fcbfd36a4882b1e50442,full_annotation_v1,A,q_정육_02,정육점,식료품 중 '정육'을 판매·제공하는 매장,train,정육,T1 정확표기,0b1d8447-88e5-4681-a91b-dfacf11955d8,양화정,갈비,합정동먹자골목골목형상점가,골목형상점가,서울특별시,,,
c8f20c74511fb0156eaf,full_annotation_v1,A,q_정육_02,정육점,식료품 중 '정육'을 판매·제공하는 매장,train,정육,T1 정확표기,89ce291a-591a-44c8-b7a9-5a4082e6140c,한우대장,정육점,어울림 골목형상점가,골목형상점가,서울특별시,,,
4dea9b981fb8a2f3aeb2,full_annotation_v1,A,q_정육_02,정육점,식료품 중 '정육'을 판매·제공하는 매장,train,정육,T1 정확표기,0007af17-f23e-49b9-b7c1-5a9968727cfd,오늘닭강정,닭강정,목원대 골목형상점가,골목형상점가,대전광역시,,,
9ebf703e552a1e1424cb,full_annotation_v1,A,q_정육_02,정육점,식료품 중 '정육'을 판매·제공하는 매장,train,정육,T1 정확표기,607770d9-d4fb-4782-bc96-3bbcbbc116b4,행복한 정육점,정육점,병점중심상가,자율상권구역,경기도,,,
c30231d7d3a39599df3a,full_annotation_v1,A,q_정육_02,정육점,식료품 중 '정육'을 판매·제공하는 매장,train,정육,T1 정확표기,03f541e1-2781-4bd2-91a9-65b9196d82b4,또래오래치킨&참닭,삼겹살,노대물빛근린공원 골목형상점가,골목형상점가,광주광역시,,,
b501809e8cdba5b9a83a,full_annotation_v1,A,q_정육_02,정육점,식료품 중 '정육'을 판매·제공하는 매장,train,정육,T1 정확표기,0034b8e3-c78f-4e08-9a23-2414863de721,정육공방,소고기 돼지고기,구갈상점가,자율상권구역,경기도,,,
0eb20e64dc6ab6bd0fa9,full_annotation_v1,A,q_정육_02,정육점,식료품 중 '정육'을 판매·제공하는 매장,train,정육,T1 정확표기,b4bd8486-f596-43ec-9064-b2815a740cca,한우식육점,정육점,기장시장,전통시장,부산광역시,,,
b4f7b21546073b9effd7,full_annotation_v1,A,q_정육_02,정육점,식료품 중 '정육'을 판매·제공하는 매장,train,정육,T1 정확표기,2eb946e5-790c-4217-90cb-66b03e7f6661,명진정육점,정육점,용산용문시장,전통시장,서울특별시,,,
4bdd8a3d1d0fde0d960d,full_annotation_v1,A,q_정육_02,정육점,식료품 중 '정육'을 판매·제공하는 매장,train,정육,T1 정확표기,00f60c16-d8be-497f-80f2-aab3209a8d0e,포카포카,식당,전남여고후문 골목형상점가,골목형상점가,광주광역시,,,
1e978659df1d4d3d257f,full_annotation_v1,A,q_정육_02,정육점,식료품 중 '정육'을 판매·제공하는 매장,train,정육,T1 정확표기,2538e343-dfd5-475d-911b-489c58742748,신개념 푸줏간,,새천년 골목형상점가,골목형상점가,경기도,,,
237ba121b4c89d6e628f,full_annotation_v1,A,q_정육_02,정육점,식료품 중 '정육'을 판매·제공하는 매장,train,정육,T1 정확표기,c4aba917-0481-415e-b3e4-0e7862173e5d,시장식육점,정육점,선산봉황시장(구 선산종합시장),전통시장,경상북도,,,
cc89d2bbb644c3020d72,full_annotation_v1,A,q_정육_02,정육점,식료품 중 '정육'을 판매·제공하는 매장,train,정육,T1 정확표기,01b7e8c6-feb8-4cff-a63e-2376ae18dd41,원조생굴뚝배기,국밥,고령대가야시장,전통시장,경상북도,,,
277c60d63838c28577be,full_annotation_v1,A,q_정육_02,정육점,식료품 중 '정육'을 판매·제공하는 매장,train,정육,T1 정확표기,a31ac9b2-2f87-45c6-bdf7-a7c6e222eee6,정육공간,정육점,개금골목시장,전통시장,부산광역시,,,
fa87b93babee20799a41,full_annotation_v1,A,q_정육_02,정육점,식료품 중 '정육'을 판매·제공하는 매장,train,정육,T1 정확표기,baab9fc4-d56b-4fca-9593-f19f7b67c886,장터 정육점,정육,남원시 원도심 상권활성화 구역,상권활성화구역,전북특별자치도,,,
6f4ce6cb3d706f6af2f6,full_annotation_v1,A,q_정육_02,정육점,식료품 중 '정육'을 판매·제공하는 매장,train,정육,T1 정확표기,15cb16d3-4db7-4496-a6e5-d4d3c2744f82,대박축산,정육점,용인중앙시장,전통시장,경기도,,,
d5615295dc46288eb179,full_annotation_v1,A,q_정육_02,정육점,식료품 중 '정육'을 판매·제공하는 매장,train,정육,T1 정확표기,31516076-50cd-416c-9289-990f2660d7ac,금호,정육점,충신시장,자율상권구역,서울특별시,,,
eb2a1ab28eed8a7fd73b,full_annotation_v1,A,q_정육_02,정육점,식료품 중 '정육'을 판매·제공하는 매장,train,정육,T1 정확표기,390d2ec4-e598-4e38-a277-eb07077c0689,도든 정육점,,중앙신시장,전통시장,경상북도,,,
0b9f64da4cb770a694ad,full_annotation_v1,A,q_정육_02,정육점,식료품 중 '정육'을 판매·제공하는 매장,train,정육,T1 정확표기,0aad5389-cfad-4466-9fe1-d8a04dd60414,시골집숯불갈비,갈비,두암2동광신맨션주변 골목형상점가,골목형상점가,광주광역시,,,
63273dff01f5c7172de2,full_annotation_v1,A,q_정육_02,정육점,식료품 중 '정육'을 판매·제공하는 매장,train,정육,T1 정확표기,698cbd22-283d-4453-9bda-dc8099a5fdc7,푸짐한 정육점,정육점,수영팔도시장(구 수영팔도상가시장),전통시장,부산광역시,,,
abb6ea3794a3240d54e3,full_annotation_v1,A,q_정육_02,정육점,식료품 중 '정육'을 판매·제공하는 매장,train,정육,T1 정확표기,0287935d-6e8e-465e-930c-b5e8e06c38c4,탄방 고기돈,삼겹살,탄방새마을 골목형상점가,골목형상점가,대전광역시,,,
8ba2c672d90f52e0c93b,full_annotation_v1,A,q_정육_02,정육점,식료품 중 '정육'을 판매·제공하는 매장,train,정육,T1 정확표기,00889968-cd4d-41f2-8c6f-39e3928858a7,행복한 정육점,고기,테크노밸리 골목형상점가,골목형상점가,대전광역시,,,
311d9c0a08ac2e0c5fa5,full_annotation_v1,A,q_정육_02,정육점,식료품 중 '정육'을 판매·제공하는 매장,train,정육,T1 정확표기,0008f8f4-4c6e-4c4a-ad64-76aaea3d2d18,대성정육점,정육,평택국제중앙시장,전통시장,경기도,,,
722328e7fecbed1623a0,full_annotation_v1,A,q_정육_02,정육점,식료품 중 '정육'을 판매·제공하는 매장,train,정육,T1 정확표기,0091c18f-a074-4703-9af5-05c6495e38af,이지비야,고기,아름다운삼정로 골목형상점가,골목형상점가,광주광역시,,,
79071509f8d8ed652d68,full_annotation_v1,A,q_정육_02,정육점,식료품 중 '정육'을 판매·제공하는 매장,train,정육,T1 정확표기,28753b89-41b5-46fc-99e4-fa7414b703b8,해운대 광순이네 고깃간,,좌동재래시장,전통시장,부산광역시,,,
e62b88ca80569a216cc2,full_annotation_v1,A,q_정육_02,정육점,식료품 중 '정육'을 판매·제공하는 매장,train,정육,T1 정확표기,f79660ac-ce52-4a45-baa1-302c826fcea0,한양,정육점,영등포전통시장,자율상권구역,서울특별시,,,
ac76f672939260d9c642,full_annotation_v1,A,q_정육_02,정육점,식료품 중 '정육'을 판매·제공하는 매장,train,정육,T1 정확표기,9f67f0ba-7ec3-438f-9d07-3db1d3048084,하나정육점,정육점,현대시장,전통시장,인천광역시,,,
c2f6abba2bc68c4a8c91,full_annotation_v1,A,q_정육_02,정육점,식료품 중 '정육'을 판매·제공하는 매장,train,정육,T1 정확표기,c4398faf-665a-4382-805c-0ac7549b1154,한우촌식육점,정육점,수안인정시장,전통시장,부산광역시,,,
4f816ca94b6d2ce9233e,full_annotation_v1,A,q_정육_02,정육점,식료품 중 '정육'을 판매·제공하는 매장,train,정육,T1 정확표기,008615e0-6a3d-45a3-b0ce-af168ae6e16e,행담정육점,소고기 돼지고기 정육,대곡시장,전통시장,대구광역시,,,
f7be3b202bf841d916a2,full_annotation_v1,A,q_정육_02,정육점,식료품 중 '정육'을 판매·제공하는 매장,train,정육,T1 정확표기,d59b7757-2116-468c-a5f3-a520c23e2b09,삼보식육점,정육점,서산동부전통시장,전통시장,충청남도,,,
fdbec1218152363811a5,full_annotation_v1,A,q_정육_02,정육점,식료품 중 '정육'을 판매·제공하는 매장,train,정육,T1 정확표기,49f9dadc-20f3-425d-a18a-aae99439ed1b,장터정육점,정육점,전주 삼천이 골목형상점가,골목형상점가,전북특별자치도,,,
0eff311fc023742db7db,full_annotation_v1,A,q_정육_02,정육점,식료품 중 '정육'을 판매·제공하는 매장,train,정육,T1 정확표기,00027601-43e6-4d9a-a358-150cc014fe4c,닭장수후라이드,치킨,한솔동 5~6단지상점가,자율상권구역,세종특별자치시,,,
8a54bdfd120e53b2d83d,full_annotation_v1,A,q_정육_02,정육점,식료품 중 '정육'을 판매·제공하는 매장,train,정육,T1 정확표기,370fb4c4-5054-41ae-a494-98e01c86a098,착한정육점,정육점,구역전시장,전통시장,울산광역시,,,
50065a497559af8b943d,full_annotation_v1,A,q_정육_02,정육점,식료품 중 '정육'을 판매·제공하는 매장,train,정육,T1 정확표기,01e3bdc3-fa69-409b-9f56-9ab1b44ede16,바우닭강정,닭강정,자양전통시장,전통시장,서울특별시,,,
849aa9326daf62aee40d,full_annotation_v1,A,q_정육_02,정육점,식료품 중 '정육'을 판매·제공하는 매장,train,정육,T1 정확표기,023a95f4-f5cb-4b2e-b978-690c41d48d54,대송회센타,식당,대송시장,전통시장,울산광역시,,,
3717113f1b687051072a,full_annotation_v1,A,q_정육_02,정육점,식료품 중 '정육'을 판매·제공하는 매장,train,정육,T1 정확표기,ea722d89-ecdc-44cd-b899-009a7b871d35,민속한우 정육점,,이화 골목형상점가,골목형상점가,,,,
7f460106940499bc77aa,full_annotation_v1,A,q_정육_02,정육점,식료품 중 '정육'을 판매·제공하는 매장,train,정육,T1 정확표기,95db22b3-4dfe-40c6-a4b6-129546eb7e0d,동양정육점,정육점,"온양온천시장(온양재래시장, 전통시장)",전통시장,충청남도,,,
08c64781ab07bfae7ed9,full_annotation_v1,A,q_정육_02,정육점,식료품 중 '정육'을 판매·제공하는 매장,train,정육,T1 정확표기,9f7558ca-5c00-44bb-bdf9-c423bd7d43d1,중앙정육점,정육점,대전정원시장,전통시장,대전광역시,,,
894c3432201527bded99,full_annotation_v1,A,q_정육_02,정육점,식료품 중 '정육'을 판매·제공하는 매장,train,정육,T1 정확표기,032b7c2d-89ad-4b7e-9563-c9c67c6381a9,명품한우,한우,신포동개항길골목형상점가,골목형상점가,인천광역시,,,
eda94469a3a59246e12b,full_annotation_v1,A,q_정육_02,정육점,식료품 중 '정육'을 판매·제공하는 매장,train,정육,T1 정확표기,004961cf-a775-4bcc-87a9-067c385bb9e7,삼미식육,식육,구포축산물도매시장,전통시장,부산광역시,,,
b6a5815036d71aeb0f09,full_annotation_v1,A,q_정육_02,정육점,식료품 중 '정육'을 판매·제공하는 매장,train,정육,T1 정확표기,003a1767-bcd6-410b-809e-d4b059ce50c6,홍성토종한우,,어울림 아차산 골목형상점가,골목형상점가,서울특별시,,,
17e2eb4cc9dffc5a1029,full_annotation_v1,A,q_정육_02,정육점,식료품 중 '정육'을 판매·제공하는 매장,train,정육,T1 정확표기,02f9037a-c117-4db4-9d2b-9b78182978f4,반월닭강정치킨,,보령한내시장,전통시장,충청남도,,,
5f45b485aeb6ad09d22f,full_annotation_v1,A,q_정육_02,정육점,식료품 중 '정육'을 판매·제공하는 매장,train,정육,T1 정확표기,01286ec0-50e0-4540-b678-ec706fb3bcbb,설곰식당,식당,산업용재관,전통시장,대구광역시,,,
e6dba693e146e1727d45,full_annotation_v1,A,q_정육_02,정육점,식료품 중 '정육'을 판매·제공하는 매장,train,정육,T1 정확표기,01247b16-3f83-4894-b79f-642ec9118c2c,이씨정육점,정육점,통영중앙전통시장,전통시장,경상남도,,,
4152a2ba9ec22ec58cb8,full_annotation_v1,A,q_정육_02,정육점,식료품 중 '정육'을 판매·제공하는 매장,train,정육,T1 정확표기,857c6774-fb13-4c95-865f-d9580a125d7c,시장식육점,정육점,산청시장,전통시장,경상남도,,,
40ada0ee493053fe1b51,full_annotation_v1,A,q_정육_02,정육점,식료품 중 '정육'을 판매·제공하는 매장,train,정육,T1 정확표기,59245b04-50f1-4d4c-8214-4ebcf4548528,정육점,정육,대야전통시장,전통시장,전북특별자치도,,,
2cdc78c8582bb215dc74,full_annotation_v1,A,q_정육_02,정육점,식료품 중 '정육'을 판매·제공하는 매장,train,정육,T1 정확표기,d0fa2e94-3351-4d69-b4c6-69d4714b4d51,착한정육점,정육점,보령한내시장,전통시장,충청남도,,,
f1575be3699665d8fa05,full_annotation_v1,A,q_정육_02,정육점,식료품 중 '정육'을 판매·제공하는 매장,train,정육,T1 정확표기,3ee575e1-4820-484b-97e6-77bc6551ac17,부여정육점,정육점,부여시장,전통시장,충청남도,,,
176bc102b641de413a3b,full_annotation_v1,A,q_정육_02,정육점,식료품 중 '정육'을 판매·제공하는 매장,train,정육,T1 정확표기,dce63017-252d-4e94-88b7-f121954195e9,골드축산,정육점,부천상동시장,전통시장,경기도,,,
791b43217c2e3024e6f9,full_annotation_v1,A,q_정육_02,정육점,식료품 중 '정육'을 판매·제공하는 매장,train,정육,T1 정확표기,947006eb-0a9b-455e-84ca-89cb4fa50185,신한우촌,식육,약목시장,기타,경상북도,,,
93f5f0743bd9009dc007,full_annotation_v1,A,q_정육_02,정육점,식료품 중 '정육'을 판매·제공하는 매장,train,정육,T1 정확표기,00c9508a-1962-4f4c-adc8-c9227046f329,도마정육점,식육,도마큰시장,전통시장,대전광역시,,,
9e454e41a43be3c8ad03,full_annotation_v1,A,q_정육_02,정육점,식료품 중 '정육'을 판매·제공하는 매장,train,정육,T1 정확표기,be32b5ec-6c6a-4bef-b9b1-ffe9cff0e292,부부 정육점,,SK 3차 골목형상점가,골목형상점가,부산광역시,,,
1754c54793cc8dc4877f,full_annotation_v1,A,q_정육_02,정육점,식료품 중 '정육'을 판매·제공하는 매장,train,정육,T1 정확표기,f0f41e05-bf89-4d78-aa79-b07922648cda,민기네정육점,정육점,수원아이파크시티8단지상가 골목형상점가,골목형상점가,경기도,,,
1fbc014295d33eddda88,full_annotation_v1,A,q_정육_02,정육점,식료품 중 '정육'을 판매·제공하는 매장,train,정육,T1 정확표기,9fb31d30-345c-404d-b234-0da272f91315,정우정육점,정육점,개봉중앙시장,전통시장,서울특별시,,,
e8212eae2d76641aea3c,full_annotation_v1,A,q_정육_02,정육점,식료품 중 '정육'을 판매·제공하는 매장,train,정육,T1 정확표기,89d09d1f-22b7-411f-8278-783b7e6ef26b,향미정육점,정육점,학익시장,전통시장,인천광역시,,,
a0bde6fe19dc27ebe707,full_annotation_v1,A,q_정육_02,정육점,식료품 중 '정육'을 판매·제공하는 매장,train,정육,T1 정확표기,05be8e6e-05cb-43d5-8c9e-ab68776e957b,낙원갈비집 부천옥길점,,부천 옥길 골목형상점가,골목형상점가,경기도,,,
8bb31ef47cefb728b780,full_annotation_v1,A,q_정육_02,정육점,식료품 중 '정육'을 판매·제공하는 매장,train,정육,T1 정확표기,7bee8dbd-ce0f-4223-b62f-e9dbde08172a,썰다 정육점,식육,삼산가구전문거리,골목형상점가,울산광역시,,,
5efade0c001eb824f935,full_annotation_v1,A,q_정육_02,정육점,식료품 중 '정육'을 판매·제공하는 매장,train,정육,T1 정확표기,41d11001-9d7b-4965-9bae-0af94922cf12,철이네고깃간(중흥점),,유동 경열로 골목형상점가,골목형상점가,광주광역시,,,
8d4fb99665f4c079468a,full_annotation_v1,A,q_정육_02,정육점,식료품 중 '정육'을 판매·제공하는 매장,train,정육,T1 정확표기,022fb5a6-69f4-4765-88db-4228cac2ef69,랭상1992,삼겹살,오치2동 골목형상점가,골목형상점가,광주광역시,,,
2c5c0e444bf1c479e57a,full_annotation_v1,A,q_정육_02,정육점,식료품 중 '정육'을 판매·제공하는 매장,train,정육,T1 정확표기,039c05c3-9a49-40ec-86ca-28415ca76d25,미쁘다담양식돼지갈비,갈비,용봉지구 골목형상점가,골목형상점가,광주광역시,,,
a77be5a86fed95a87b37,full_annotation_v1,A,q_정육_02,정육점,식료품 중 '정육'을 판매·제공하는 매장,train,정육,T1 정확표기,01c857cd-3f28-4d83-8fa4-e0abcfb44fbd,수연국밥,국밥,두암사거리 골목형상점가,골목형상점가,광주광역시,,,
802f7507142c9c5e87b1,full_annotation_v1,A,q_정육_02,정육점,식료품 중 '정육'을 판매·제공하는 매장,train,정육,T1 정확표기,14682983-45a2-4ef7-94f3-5c46f0f98d47,해인 정육점,,부천자유시장,전통시장,경기도,,,
008e68e70815c88a9bdd,full_annotation_v1,A,q_정육_02,정육점,식료품 중 '정육'을 판매·제공하는 매장,train,정육,T1 정확표기,b12f56e5-0d27-4d83-97ec-04941b64e52b,담양특산품마켓,특산품판매,프로방스 골목형상점가,골목형상점가,전라남도,,,
2961d70ef4d81df6a70e,full_annotation_v1,A,q_정육_02,정육점,식료품 중 '정육'을 판매·제공하는 매장,train,정육,T1 정확표기,5c447c7c-a02b-43d9-bc38-ccc8af6e5d61,한가족정육점,정육점,송천중앙로 골목형상점가,골목형상점가,전북특별자치도,,,
58c32ba3ad81030dcde3,full_annotation_v1,A,q_정육_02,정육점,식료품 중 '정육'을 판매·제공하는 매장,train,정육,T1 정확표기,02235e2b-ba17-4b33-aacc-c1d96790e83e,바다담은구이,식당,정릉시장,전통시장,서울특별시,,,
4c43d5e7400ed70a9a46,full_annotation_v1,A,q_정육_02,정육점,식료품 중 '정육'을 판매·제공하는 매장,train,정육,T1 정확표기,ce60157a-66f1-45eb-87d0-f806b8063d81,고기마트,정육점,주천골목형상점가,골목형상점가,강원특별자치도,,,
9a0e688a2fa9238e532e,full_annotation_v1,A,q_정육_02,정육점,식료품 중 '정육'을 판매·제공하는 매장,train,정육,T1 정확표기,f11152c3-bd3d-4394-ad71-520a15258720,정육점,정육,효천2지구 골목형상점가,골목형상점가,광주광역시,,,
e9ca09ed4a8f38d6ce7d,full_annotation_v1,A,q_정육_02,정육점,식료품 중 '정육'을 판매·제공하는 매장,train,정육,T1 정확표기,5b1bffd4-1ee2-43de-8a9e-6355c700af5e,수정정육점,정육점,신도꼼지락시장,전통시장,대전광역시,,,
ea701b3b4b1a63481811,full_annotation_v1,A,q_정육_02,정육점,식료품 중 '정육'을 판매·제공하는 매장,train,정육,T1 정확표기,6d5f430b-7439-4df2-a605-7a51a33cdd18,운회상회,고추,강진읍시장,전통시장,전라남도,,,
c61c2186d91680098e81,full_annotation_v1,A,q_정육_02,정육점,식료품 중 '정육'을 판매·제공하는 매장,train,정육,T1 정확표기,7e4466d9-4c36-4e63-9fa8-5a8321ea4b39,조은축산,정육점,이충 중심상가,골목형상점가,경기도,,,
900e20d097876b733a8f,full_annotation_v1,A,q_정육_02,정육점,식료품 중 '정육'을 판매·제공하는 매장,train,정육,T1 정확표기,9713f264-61ab-45b9-885a-9bdf63591d58,착한정육점,정육점,"호성2길, 3길 골목형상점가",골목형상점가,전북특별자치도,,,
40728d0c801cebbe57ff,full_annotation_v1,A,q_정육_02,정육점,식료품 중 '정육'을 판매·제공하는 매장,train,정육,T1 정확표기,bcc6f4ca-cfae-4226-ba20-36616002e5d1,조은축산,정육점,서서울골목형상점가,골목형상점가,서울특별시,,,
7c0bf286d66c45db8757,full_annotation_v1,A,q_정육_02,정육점,식료품 중 '정육'을 판매·제공하는 매장,train,정육,T1 정확표기,0e73d180-b8b6-44e6-aa3e-a7419860d986,우리정육점,정육점,왕십리무학봉상점가,자율상권구역,서울특별시,,,
8ed330d11122e603d5ba,full_annotation_v1,A,q_정육_02,정육점,식료품 중 '정육'을 판매·제공하는 매장,train,정육,T1 정확표기,00bdaed4-8c0c-4e39-9198-736e0be49945,대신식육,식육,중앙식료시장(중앙먹통시장),전통시장,전라남도,,,
04ccd687cf5996b15dbb,full_annotation_v1,A,q_정육_02,정육점,식료품 중 '정육'을 판매·제공하는 매장,train,정육,T1 정확표기,c1aa9093-c39f-4f99-bd05-cb146b5365d9,태강식품2호점,정육점,영해종합시장,전통시장,부산광역시,,,
9f8808769a1a1eb088b7,full_annotation_v1,A,q_정육_02,정육점,식료품 중 '정육'을 판매·제공하는 매장,train,정육,T1 정확표기,874c51a9-7197-4a65-be73-25a3df0596e2,대성정육점,정육점,간성전통시장(구 천년고성시장),전통시장,강원특별자치도,,,
0eabfc7c1bf797599a1a,full_annotation_v1,A,q_정육_02,정육점,식료품 중 '정육'을 판매·제공하는 매장,train,정육,T1 정확표기,0130dbd3-b9ea-43f4-98fd-26d8afd90b78,모래내시장순대,식당,전주모래내시장,전통시장,전북특별자치도,,,
aaeb05e171edb63333e1,full_annotation_v1,A,q_정육_02,정육점,식료품 중 '정육'을 판매·제공하는 매장,train,정육,T1 정확표기,0120247f-1a8e-4396-882d-6476485c3f9e,사랑채,삼겹살,봉선먹자골목 골목형상점가,골목형상점가,광주광역시,,,
da186c185e0b771ab7de,full_annotation_v1,A,q_정육_02,정육점,식료품 중 '정육'을 판매·제공하는 매장,train,정육,T1 정확표기,0031b1fc-4212-4c47-9dad-a8fa10d8bf85,㈜금원유통,축산물,마장축산물시장,전통시장,서울특별시,,,
36465df71bfb329104c0,full_annotation_v1,A,q_정육_02,정육점,식료품 중 '정육'을 판매·제공하는 매장,train,정육,T1 정확표기,627db508-83a1-435e-a804-c8292acd9a5f,장일정육점,정육점,낙원악기상가,전통시장,서울특별시,,,
fffc222ad5011c4abf1a,full_annotation_v1,A,q_정육_02,정육점,식료품 중 '정육'을 판매·제공하는 매장,train,정육,T1 정확표기,003d2015-a21c-44e2-9d66-c6f97ba3c296,집중호우,한우,하단자율상권구역,기타,부산광역시,,,
d7fc52d1810787081886,full_annotation_v1,A,q_정육_02,정육점,식료품 중 '정육'을 판매·제공하는 매장,train,정육,T1 정확표기,0038f694-919c-4289-8bc1-a5e6549274e1,달인닭강정,닭강정,서귀포매일올레시장,전통시장,제주특별자치도,,,
34eb6a3a81f7b4901d5a,full_annotation_v1,A,q_정육_02,정육점,식료품 중 '정육'을 판매·제공하는 매장,train,정육,T1 정확표기,75cbc1a9-fe25-4a4c-8477-05ccf35ae51f,대일식육점,정육점,밀양 내일전통시장,전통시장,경상남도,,,
e9f5e48a8b0ef1255794,full_annotation_v1,A,q_정육_02,정육점,식료품 중 '정육'을 판매·제공하는 매장,train,정육,T1 정확표기,2a82b7d1-7596-437b-b40d-ff687f04c2a0,설레는 정육점,,대왕암 월봉시장,전통시장,울산광역시,,,
f02c5531723428b1392f,full_annotation_v1,A,q_정육_02,정육점,식료품 중 '정육'을 판매·제공하는 매장,train,정육,T1 정확표기,003e9326-9010-4e27-b844-c62b81ad2df8,다이소 광주 호남대점,소매,선운별 골목형상점가,골목형상점가,광주광역시,,,
dcbf70cb5a3941e8d226,full_annotation_v1,A,q_정육_02,정육점,식료품 중 '정육'을 판매·제공하는 매장,train,정육,T1 정확표기,00e3332a-4796-482d-9660-702bcf084fb0,대흥축산,축산물,가락몰골목형상점가,골목형상점가,서울특별시,,,
55e94cb57c6315589b94,full_annotation_v1,A,q_정육_02,정육점,식료품 중 '정육'을 판매·제공하는 매장,train,정육,T1 정확표기,7928c273-b168-44ef-9484-cef7fb4c2550,제일수산,회,마천시장,전통시장,서울특별시,,,
c1a1ab54d65826759c09,full_annotation_v1,A,q_정육_02,정육점,식료품 중 '정육'을 판매·제공하는 매장,train,정육,T1 정확표기,080611f9-2bc6-485c-88ff-62a839f9cbd2,푸줏간 수정점,,황금수정 골목형상점가,골목형상점가,부산광역시,,,
8119d09d5b9001187151,full_annotation_v1,A,q_정육_02,정육점,식료품 중 '정육'을 판매·제공하는 매장,train,정육,T1 정확표기,ea603913-76dc-43aa-ada9-a5edaf1358e4,육격,정육점,동울산시장 상점가,자율상권구역,울산광역시,,,
28d139764027af002034,full_annotation_v1,A,q_정육_02,정육점,식료품 중 '정육'을 판매·제공하는 매장,train,정육,T1 정확표기,6b35104f-8858-4b5e-bede-4363fa7d1b8c,제니헤어,미용,풍암순환로상인회 골목형상점가,골목형상점가,광주광역시,,,
8975cdf2c1ef94a55179,full_annotation_v1,A,q_정육_02,정육점,식료품 중 '정육'을 판매·제공하는 매장,train,정육,T1 정확표기,18a5619d-c878-4a3c-9fe5-4093460e3df5,주식회사 청년푸줏간,,인천모래내전통시장,전통시장,인천광역시,,,
73158b1bb78f10dd8e84,full_annotation_v1,A,q_정육_02,정육점,식료품 중 '정육'을 판매·제공하는 매장,train,정육,T1 정확표기,d55885b2-81ff-44f1-9c74-124f8818ddab,터미널정육점,정육점,여수교동시장,전통시장,전라남도,,,
228e9eb76094f234c4d3,full_annotation_v1,A,q_정육_02,정육점,식료품 중 '정육'을 판매·제공하는 매장,train,정육,T1 정확표기,5c225c06-ef90-4386-b11a-772f8f6de979,형제정육점,정육점,경동시장,전통시장,서울특별시,,,
302a5a164e366687a312,full_annotation_v1,A,q_정육_02,정육점,식료품 중 '정육'을 판매·제공하는 매장,train,정육,T1 정확표기,f0883290-018a-432a-bc34-de576cf2a84d,고기백화점2,정육점,논산화지중앙시장,전통시장,충청남도,,,
41f239ab581da81bb3ff,full_annotation_v1,A,q_정육_02,정육점,식료품 중 '정육'을 판매·제공하는 매장,train,정육,T1 정확표기,86ddd3a6-557a-49f9-8ea2-0f520c55b844,총각네고깃간,,일곡동(제1지역:자연마을 일동초 거리) 골목형상점가,골목형상점가,,,,
0d56a350f980a1da7234,full_annotation_v1,A,q_정육_02,정육점,식료품 중 '정육'을 판매·제공하는 매장,train,정육,T1 정확표기,de672acc-5df1-4c94-9328-01a72b7f4249,고기조아 정육점,정육점,송도랜드마크시티 센트럴더샵 골목형상점가,골목형상점가,인천광역시,,,
253d206831299f1a0aa8,full_annotation_v1,A,q_정육_02,정육점,식료품 중 '정육'을 판매·제공하는 매장,train,정육,T1 정확표기,419361e5-f460-440e-b971-31ed37f0e5a7,총각네 정육점,,점봉동상점가,자율상권구역,경기도,,,
816fee74171da66e56ad,full_annotation_v1,A,q_정육_02,정육점,식료품 중 '정육'을 판매·제공하는 매장,train,정육,T1 정확표기,009f034c-8e3b-4a32-aab3-55ece8718004,장봐주는언니 임동점,농수축산물및 가공식품,제니스 골목형상점가,골목형상점가,광주광역시,,,
270b31e0a43c23e9afa7,full_annotation_v1,A,q_정육_02,정육점,식료품 중 '정육'을 판매·제공하는 매장,train,정육,T1 정확표기,033ab0da-f546-4879-93a7-5bf7e6327bf3,시장식당,국밥,광양5일시장,전통시장,,,,
b7c9907efa1ac4e95b2c,full_annotation_v1,A,q_정육_02,정육점,식료품 중 '정육'을 판매·제공하는 매장,train,정육,T1 정확표기,005ea303-f9b7-4f3e-abcc-8460ca84ba44,은성축산물직판장,"도소매(축산물,식육판매)",남문시장,전통시장,서울특별시,,,
d323cdb30488e0f36a37,full_annotation_v1,A,q_정육_02,정육점,식료품 중 '정육'을 판매·제공하는 매장,train,정육,T1 정확표기,672f1302-571d-4af3-8fcc-83ddd2caabbc,참고깃간,,명륜시실로 골목형상점가,골목형상점가,부산광역시,,,
1ba0ae5b4652575d3197,full_annotation_v1,A,q_정육_02,정육점,식료품 중 '정육'을 판매·제공하는 매장,train,정육,T1 정확표기,8088cd23-35d3-4029-ba28-39aa1f435d8b,한우촌,정육점,동울산종합시장,전통시장,울산광역시,,,
64a95f9adc984bb01ca3,full_annotation_v1,A,q_정육_03,고기,식료품 중 '정육'을 판매·제공하는 매장,train,정육,T2 동의어,022fb5a6-69f4-4765-88db-4228cac2ef69,랭상1992,삼겹살,오치2동 골목형상점가,골목형상점가,광주광역시,,,
29e3f120e01bd8f1bf81,full_annotation_v1,A,q_정육_03,고기,식료품 중 '정육'을 판매·제공하는 매장,train,정육,T2 동의어,04564ea5-0be4-4ee2-8519-e8fcaffe3485,쌍둥이국밥,국밥,첨단이웃사랑 골목형상점가,골목형상점가,광주광역시,,,
6d6cd6f3326a6aefca66,full_annotation_v1,A,q_정육_03,고기,식료품 중 '정육'을 판매·제공하는 매장,train,정육,T2 동의어,ea4d7710-6662-44f8-8c89-03e095064f4a,호계식육점,고기,호계공설시장,전통시장,울산광역시,,,
009ee1f29cb9d2c27968,full_annotation_v1,A,q_정육_03,고기,식료품 중 '정육'을 판매·제공하는 매장,train,정육,T2 동의어,005ea303-f9b7-4f3e-abcc-8460ca84ba44,은성축산물직판장,"도소매(축산물,식육판매)",남문시장,전통시장,서울특별시,,,
b05377bf3fcdd427d8f5,full_annotation_v1,A,q_정육_03,고기,식료품 중 '정육'을 판매·제공하는 매장,train,정육,T2 동의어,033ab0da-f546-4879-93a7-5bf7e6327bf3,시장식당,국밥,광양5일시장,전통시장,,,,
354830c96df83745a1b9,full_annotation_v1,A,q_정육_03,고기,식료품 중 '정육'을 판매·제공하는 매장,train,정육,T2 동의어,9cf570b0-be1e-40bb-9f4e-4dbd84f9be9c,생고기,고기,오류골먹자골목 골목형상점가,골목형상점가,서울특별시,,,
2ac30769e7d60c761847,full_annotation_v1,A,q_정육_03,고기,식료품 중 '정육'을 판매·제공하는 매장,train,정육,T2 동의어,82df45b8-7d29-427d-a140-7dac13459ca0,봉자막창,고기,수완중흥대방 골목형상점가,골목형상점가,광주광역시,,,
a80a57eaac8c5fa8e54e,full_annotation_v1,A,q_정육_03,고기,식료품 중 '정육'을 판매·제공하는 매장,train,정육,T2 동의어,86ddd3a6-557a-49f9-8ea2-0f520c55b844,총각네고깃간,,일곡동(제1지역:자연마을 일동초 거리) 골목형상점가,골목형상점가,,,,
8529240605dcc6662fcc,full_annotation_v1,A,q_정육_03,고기,식료품 중 '정육'을 판매·제공하는 매장,train,정육,T2 동의어,baba2ced-55e3-4183-b69c-232ac9bcb5be,한우식육점,고기,정선사북시장,전통시장,강원특별자치도,,,
ce16ed3fa75e71d47efd,full_annotation_v1,A,q_정육_03,고기,식료품 중 '정육'을 판매·제공하는 매장,train,정육,T2 동의어,0aad5389-cfad-4466-9fe1-d8a04dd60414,시골집숯불갈비,갈비,두암2동광신맨션주변 골목형상점가,골목형상점가,광주광역시,,,
16be4220fc052c02aab0,full_annotation_v1,A,q_정육_03,고기,식료품 중 '정육'을 판매·제공하는 매장,train,정육,T2 동의어,d1982de9-4db9-4a6b-bb74-ff7d3f7996fd,형제축산,고기,신월3동시장골목형상점가,골목형상점가,서울특별시,,,
d5a4bcc9d4579eb42b71,full_annotation_v1,A,q_정육_03,고기,식료품 중 '정육'을 판매·제공하는 매장,train,정육,T2 동의어,263d4cd1-5a0d-45b6-9e68-b38558e9f160,고깃간,,부평종합시장,전통시장,인천광역시,,,
435a5b21659a732b021e,full_annotation_v1,A,q_정육_03,고기,식료품 중 '정육'을 판매·제공하는 매장,train,정육,T2 동의어,60a17f1b-8367-4c87-97cb-dc6e29e160a0,피자마루,피자,용정 골목형상점가,골목형상점가,대전광역시,,,
0d0ee7ba9ae468545aa8,full_annotation_v1,A,q_정육_03,고기,식료품 중 '정육'을 판매·제공하는 매장,train,정육,T2 동의어,003a1767-bcd6-410b-809e-d4b059ce50c6,홍성토종한우,,어울림 아차산 골목형상점가,골목형상점가,서울특별시,,,
5ec9c1a7eb8775c0db52,full_annotation_v1,A,q_정육_03,고기,식료품 중 '정육'을 판매·제공하는 매장,train,정육,T2 동의어,f00d9f2b-5f6c-442b-a2e6-2de683f394b6,명탄,고기,명덕마을 골목형상점가,골목형상점가,울산광역시,,,
dbad9589e66b9f3ca2f1,full_annotation_v1,A,q_정육_03,고기,식료품 중 '정육'을 판매·제공하는 매장,train,정육,T2 동의어,4647f3b8-31cf-45f0-bb21-18e94e84ed7d,금강농산,"들깨, 참깨, 고추",춘천중앙시장,전통시장,강원특별자치도,,,
8bb543a9041dba7ea588,full_annotation_v1,A,q_정육_03,고기,식료품 중 '정육'을 판매·제공하는 매장,train,정육,T2 동의어,304888e4-c2b1-4db2-a5bf-e3a5de30fa54,판태네,고기,문지동 골목형상점가,골목형상점가,대전광역시,,,
dcedcc2486ef244bf1de,full_annotation_v1,A,q_정육_03,고기,식료품 중 '정육'을 판매·제공하는 매장,train,정육,T2 동의어,00176890-ac4c-4ce1-bf5b-c5e45dbf9c43,시골정육점,축산,답십리시장,전통시장,서울특별시,,,
6aeed54679bbc66ce047,full_annotation_v1,A,q_정육_03,고기,식료품 중 '정육'을 판매·제공하는 매장,train,정육,T2 동의어,f013fe0b-4023-4bc4-bac5-d761271a9637,꿉소,고기,장흥중앙로 골목형상점가,골목형상점가,전라남도,,,
839b311170b215285ebb,full_annotation_v1,A,q_정육_03,고기,식료품 중 '정육'을 판매·제공하는 매장,train,정육,T2 동의어,0038f694-919c-4289-8bc1-a5e6549274e1,달인닭강정,닭강정,서귀포매일올레시장,전통시장,제주특별자치도,,,
b210d3f83fe918d5f409,full_annotation_v1,A,q_정육_03,고기,식료품 중 '정육'을 판매·제공하는 매장,train,정육,T2 동의어,463dea85-2b9c-40dd-85af-69e008e4be25,신한섬유,"직물, 의류",보수종합시장,전통시장,부산광역시,,,
ab29095d7345ee948639,full_annotation_v1,A,q_정육_03,고기,식료품 중 '정육'을 판매·제공하는 매장,train,정육,T2 동의어,5164a722-6911-48c3-a31e-94e46d73d4bb,태명정육점식당,고기,묵동도깨비시장골목형상점가,골목형상점가,서울특별시,,,
2a483b7547a2d29125c7,full_annotation_v1,A,q_정육_03,고기,식료품 중 '정육'을 판매·제공하는 매장,train,정육,T2 동의어,4b4df366-9975-4daa-abaa-c1da3bc13e77,대한축산,고기,태평시장,전통시장,대전광역시,,,
0007e7907ee431ac882e,full_annotation_v1,A,q_정육_03,고기,식료품 중 '정육'을 판매·제공하는 매장,train,정육,T2 동의어,05be8e6e-05cb-43d5-8c9e-ab68776e957b,낙원갈비집 부천옥길점,,부천 옥길 골목형상점가,골목형상점가,경기도,,,
4ac9b2eb5cf089e2686c,full_annotation_v1,A,q_정육_03,고기,식료품 중 '정육'을 판매·제공하는 매장,train,정육,T2 동의어,003e9326-9010-4e27-b844-c62b81ad2df8,다이소 광주 호남대점,소매,선운별 골목형상점가,골목형상점가,광주광역시,,,
d6c86d5bac563fd7aad5,full_annotation_v1,A,q_정육_03,고기,식료품 중 '정육'을 판매·제공하는 매장,train,정육,T2 동의어,e55ce77f-6fb1-4168-ab55-bb9c9e781c10,수뿔마을,고기,성서계대로데오거리 골목형상점가,골목형상점가,대구광역시,,,
9b8b38dc094b300cfb7a,full_annotation_v1,A,q_정육_03,고기,식료품 중 '정육'을 판매·제공하는 매장,train,정육,T2 동의어,c630d05b-c3ed-4475-8c1c-e180a44557bc,복락,고기,시범길 골목형상점가,골목형상점가,경기도,,,
242a0df260517dbe8b7e,full_annotation_v1,A,q_정육_03,고기,식료품 중 '정육'을 판매·제공하는 매장,train,정육,T2 동의어,1fb6ca5e-84e1-45c5-9aa4-23fceec69f31,금동,고기,인현시장 상점가,자율상권구역,서울특별시,,,
4b78e0ff9722dbd3e321,full_annotation_v1,A,q_정육_03,고기,식료품 중 '정육'을 판매·제공하는 매장,train,정육,T2 동의어,2039221b-b052-4cc7-9a12-81d5ddee9dba,포크33,고기,하이닉스골목형상점가,골목형상점가,경기도,,,
24b26716a8303ffae520,full_annotation_v1,A,q_정육_03,고기,식료품 중 '정육'을 판매·제공하는 매장,train,정육,T2 동의어,7286017b-7965-4953-90df-1002dde231b8,껌,의류,동산상가,전통시장,대구광역시,,,
bb206aac7be386d9c371,full_annotation_v1,A,q_정육_03,고기,식료품 중 '정육'을 판매·제공하는 매장,train,정육,T2 동의어,0c0b4dcb-670d-4682-a65e-7c233d5c9375,육미제당,고기,각화동 골목형상점가,골목형상점가,광주광역시,,,
ff0b0a379b49480fa6ed,full_annotation_v1,A,q_정육_03,고기,식료품 중 '정육'을 판매·제공하는 매장,train,정육,T2 동의어,6e0dae0c-41a4-4bd2-ad22-6b9f0baa049f,감나무집식육식당,고기,마산 창동통합상가,자율상권구역,경상남도,,,
97243a4513911949e1d4,full_annotation_v1,A,q_정육_03,고기,식료품 중 '정육'을 판매·제공하는 매장,train,정육,T2 동의어,18a5619d-c878-4a3c-9fe5-4093460e3df5,주식회사 청년푸줏간,,인천모래내전통시장,전통시장,인천광역시,,,
fb9953644d1c6055343d,full_annotation_v1,A,q_정육_03,고기,식료품 중 '정육'을 판매·제공하는 매장,train,정육,T2 동의어,00c9508a-1962-4f4c-adc8-c9227046f329,도마정육점,식육,도마큰시장,전통시장,대전광역시,,,
10a168bf8bf9e7902a21,full_annotation_v1,A,q_정육_03,고기,식료품 중 '정육'을 판매·제공하는 매장,train,정육,T2 동의어,4ce61a0b-4507-47a6-b479-9257649f6f68,넙딱집,고기,첨단아미 골목형상점가,골목형상점가,광주광역시,,,
170fafdbc4ddc3770fb8,full_annotation_v1,A,q_정육_03,고기,식료품 중 '정육'을 판매·제공하는 매장,train,정육,T2 동의어,df59ed2b-e682-4fba-9e4f-384c5cdd0ca0,착한맛집,고기,별내별가람역상점가,골목형상점가,경기도,,,
92656b898914ad746d73,full_annotation_v1,A,q_정육_03,고기,식료품 중 '정육'을 판매·제공하는 매장,train,정육,T2 동의어,0091c18f-a074-4703-9af5-05c6495e38af,이지비야,고기,아름다운삼정로 골목형상점가,골목형상점가,광주광역시,,,
acb812360cbe1e9e7f41,full_annotation_v1,A,q_정육_03,고기,식료품 중 '정육'을 판매·제공하는 매장,train,정육,T2 동의어,000bc123-8986-4a63-bd89-6076138ae351,왕장상회,치킨,자양전통시장,전통시장,서울특별시,,,
c1461142a9a4d0c56fbc,full_annotation_v1,A,q_정육_03,고기,식료품 중 '정육'을 판매·제공하는 매장,train,정육,T2 동의어,9a02063c-9fe7-45f7-bbe0-79f2ddaa36e7,고기맛집,고기,샘머리 골목형상점가,골목형상점가,대전광역시,,,
81719fceadb75e244d4c,full_annotation_v1,A,q_정육_03,고기,식료품 중 '정육'을 판매·제공하는 매장,train,정육,T2 동의어,02cebcf5-9e57-4988-adb9-85afcb577ccd,백미옥,국밥,한마음,골목형상점가,광주광역시,,,
1b2ae3a278c0905bec4a,full_annotation_v1,A,q_정육_03,고기,식료품 중 '정육'을 판매·제공하는 매장,train,정육,T2 동의어,1556b93c-7074-4343-a4e3-67ba622bc4bc,동궁숯불갈비,고기,통영 중앙동 강구안 상권활성화 구역,상권활성화구역,경상남도,,,
acfbbaa4efb6a888e1e7,full_annotation_v1,A,q_정육_03,고기,식료품 중 '정육'을 판매·제공하는 매장,train,정육,T2 동의어,24d324e6-3210-49fd-8263-849d9b4e8b5d,골목시장,고기,용봉지구 골목형상점가,골목형상점가,광주광역시,,,
6b7f605f8b4875107038,full_annotation_v1,A,q_정육_03,고기,식료품 중 '정육'을 판매·제공하는 매장,train,정육,T2 동의어,fed2552f-6e60-449d-80e6-6a6e169a5c20,대박축산,고기,신림별빛거리골목형상점가,골목형상점가,서울특별시,,,
a99fc7c667301ed33f90,full_annotation_v1,A,q_정육_03,고기,식료품 중 '정육'을 판매·제공하는 매장,train,정육,T2 동의어,3f8f69a9-485e-4a17-a200-807edd83d8bd,화돌농장,고기,보령약국골목상가,자율상권구역,서울특별시,,,
b6afc9f958dc7c2c6d3c,full_annotation_v1,A,q_정육_03,고기,식료품 중 '정육'을 판매·제공하는 매장,train,정육,T2 동의어,16e5f918-73b0-4427-b29e-14b3aa342b76,일빴따,고기,운천역상인회 골목형상점가,골목형상점가,광주광역시,,,
894c4e73d3b208d677fe,full_annotation_v1,A,q_정육_03,고기,식료품 중 '정육'을 판매·제공하는 매장,train,정육,T2 동의어,00e3332a-4796-482d-9660-702bcf084fb0,대흥축산,축산물,가락몰골목형상점가,골목형상점가,서울특별시,,,
389704c866d584f0d48c,full_annotation_v1,A,q_정육_03,고기,식료품 중 '정육'을 판매·제공하는 매장,train,정육,T2 동의어,869d781a-eccb-4d95-afb0-20121fa94fa9,제주돝,고기,이중섭거리 명동로상가,골목형상점가,제주특별자치도,,,
8256613994e66519cd7a,full_annotation_v1,A,q_정육_03,고기,식료품 중 '정육'을 판매·제공하는 매장,train,정육,T2 동의어,4327d346-9220-4d1f-9a23-a636748a1590,항껍,고기,태백중앙로상점가,자율상권구역,강원특별자치도,,,
35cf1d380bda3a42b7e5,full_annotation_v1,A,q_정육_03,고기,식료품 중 '정육'을 판매·제공하는 매장,train,정육,T2 동의어,fe5b973f-e595-47d0-b20e-70e877e0a890,해조수산,활어,오이도전통수산시장,전통시장,경기도,,,
43daa5cef3a6f07f7b8d,full_annotation_v1,A,q_정육_03,고기,식료품 중 '정육'을 판매·제공하는 매장,train,정육,T2 동의어,564de640-694f-4797-af66-a5d1df9c489f,푸줏간,,김천평화시장,전통시장,경상북도,,,
089485bfdc4e700fae8d,full_annotation_v1,A,q_정육_03,고기,식료품 중 '정육'을 판매·제공하는 매장,train,정육,T2 동의어,b44e330e-9433-4383-9953-2147d6684fbc,해밀락,고기,송도 아트포레 판매시설 골목형상점가,골목형상점가,인천광역시,,,
3c2d1ec8b6c30193a5d5,full_annotation_v1,A,q_정육_03,고기,식료품 중 '정육'을 판매·제공하는 매장,train,정육,T2 동의어,bb3b06a9-695f-4c7d-a3cd-ae3c9b0f628d,고기 궁전 광신점,고기,신가동 골목형상점가,골목형상점가,광주광역시,,,
f667971991faec8163e1,full_annotation_v1,A,q_정육_03,고기,식료품 중 '정육'을 판매·제공하는 매장,train,정육,T2 동의어,6e6faf7b-ef40-4981-b883-3f0f2b4fb8c0,착한고깃간,고기,우치서하로 골목형상점가,골목형상점가,광주광역시,,,
03d3ae0a118d64585f6a,full_annotation_v1,A,q_정육_03,고기,식료품 중 '정육'을 판매·제공하는 매장,train,정육,T2 동의어,66d8e311-a6b1-46f3-8e0f-fb9989860b60,계룡산축산,고기,신도꼼지락시장,전통시장,대전광역시,,,
29db3704d53089beca9f,full_annotation_v1,A,q_정육_03,고기,식료품 중 '정육'을 판매·제공하는 매장,train,정육,T2 동의어,efcf1612-8b91-4189-adc5-6bc1e4d8485a,이음축산,고기,토지금고시장,전통시장,인천광역시,,,
92da64439edb95791a53,full_annotation_v1,A,q_정육_03,고기,식료품 중 '정육'을 판매·제공하는 매장,train,정육,T2 동의어,00f60c16-d8be-497f-80f2-aab3209a8d0e,포카포카,식당,전남여고후문 골목형상점가,골목형상점가,광주광역시,,,
b312dd328ecb464dfcfa,full_annotation_v1,A,q_정육_03,고기,식료품 중 '정육'을 판매·제공하는 매장,train,정육,T2 동의어,009f034c-8e3b-4a32-aab3-55ece8718004,장봐주는언니 임동점,농수축산물및 가공식품,제니스 골목형상점가,골목형상점가,광주광역시,,,
521dce57e9650556ba07,full_annotation_v1,A,q_정육_03,고기,식료품 중 '정육'을 판매·제공하는 매장,train,정육,T2 동의어,001dda38-7874-4460-b3b0-a5717b6c36d7,오송 곱창,"한우곱창, 한우막창, 한우모듬, 한우대창, 한우염통",오송1산단오스코로골목형상점가,골목형상점가,충청북도,,,
a2661b4b101ca8206b4a,full_annotation_v1,A,q_정육_03,고기,식료품 중 '정육'을 판매·제공하는 매장,train,정육,T2 동의어,6104e55e-0dea-4627-a198-a4e840bee82e,수미식당,고기,어울림마당 골목형상점가,골목형상점가,부산광역시,,,
59f0c9ac5ff413983f40,full_annotation_v1,A,q_정육_03,고기,식료품 중 '정육'을 판매·제공하는 매장,train,정육,T2 동의어,000d4d47-3a3f-4a73-9fce-cd3802a5ebb3,은여우두마리치킨,치킨,봉곡우전로 골목형상점가,골목형상점가,전북특별자치도,,,
18f7514aa3cb758cf276,full_annotation_v1,A,q_정육_03,고기,식료품 중 '정육'을 판매·제공하는 매장,train,정육,T2 동의어,6dbc706b-973f-4261-a856-2c145c345c47,협동고기백화점,고기,순천역전시장,전통시장,전라남도,,,
ed9967a552d02e25e107,full_annotation_v1,A,q_정육_03,고기,식료품 중 '정육'을 판매·제공하는 매장,train,정육,T2 동의어,1425d576-4cdd-486e-b155-344776bd0024,돈쌈지,고기,용산용문시장,전통시장,서울특별시,,,
efdecb2fd7f59d1e8786,full_annotation_v1,A,q_정육_03,고기,식료품 중 '정육'을 판매·제공하는 매장,train,정육,T2 동의어,5a5c61c5-cf16-4070-995b-b55e29cf0f19,굣간,고기,봉명동우산거리 골목형상점가,골목형상점가,대전광역시,,,
6b01f7a2ca64c608b813,full_annotation_v1,A,q_정육_03,고기,식료품 중 '정육'을 판매·제공하는 매장,train,정육,T2 동의어,02f9037a-c117-4db4-9d2b-9b78182978f4,반월닭강정치킨,,보령한내시장,전통시장,충청남도,,,
ecc39a60c55aeaa6d44e,full_annotation_v1,A,q_정육_03,고기,식료품 중 '정육'을 판매·제공하는 매장,train,정육,T2 동의어,00265ad2-bd74-4057-b201-f6a798a8a4c9,칠분통닭오치점,치킨,오치2동 골목형상점가,골목형상점가,광주광역시,,,
8861360020f32cdd532d,full_annotation_v1,A,q_정육_03,고기,식료품 중 '정육'을 판매·제공하는 매장,train,정육,T2 동의어,e06031b4-de15-4df7-9f50-6fc9ac0a869c,불꾼,고기,중산골 골목형상점가,골목형상점가,전북특별자치도,,,
5461e0de7978b549defd,full_annotation_v1,A,q_정육_03,고기,식료품 중 '정육'을 판매·제공하는 매장,train,정육,T2 동의어,62215ae7-8251-4937-b19b-8ca2d359ddff,경성사진관,사진재료,보령한내시장,전통시장,충청남도,,,
b0b2817d3f00d3b218dc,full_annotation_v1,A,q_정육_03,고기,식료품 중 '정육'을 판매·제공하는 매장,train,정육,T2 동의어,50247b85-534a-4586-82ca-82a0b27a1382,축산물도소매직영점,고기,비단길현대시장,전통시장,서울특별시,,,
01bf9cb46a01c1cdc1cc,full_annotation_v1,A,q_정육_03,고기,식료품 중 '정육'을 판매·제공하는 매장,train,정육,T2 동의어,0d59cc17-2fb1-4b9c-be93-f4b8d9305d1c,새마을축산,고기,마산 수남상가,전통시장,경상남도,,,
265611b872da999548de,full_annotation_v1,A,q_정육_03,고기,식료품 중 '정육'을 판매·제공하는 매장,train,정육,T2 동의어,bdb23b28-ed3a-44dd-9d2d-213fb3368728,대구반야월막창,고기,뒷개로청춘골목상점가,골목형상점가,전라남도,,,
7be36bfc2d34a91d3e3b,full_annotation_v1,A,q_정육_03,고기,식료품 중 '정육'을 판매·제공하는 매장,train,정육,T2 동의어,848c9a77-a240-4fe8-a647-2d08163e02fa,신선한고기마을식육점,고기,대왕암 월봉시장,전통시장,울산광역시,,,
7815d5c826d03b87ddc7,full_annotation_v1,A,q_정육_03,고기,식료품 중 '정육'을 판매·제공하는 매장,train,정육,T2 동의어,591857d1-9047-4229-98ba-0cc82a034ec0,숙련도,고기,도화동상점가,자율상권구역,서울특별시,,,
70e2d9b9a4d349184cf4,full_annotation_v1,A,q_정육_03,고기,식료품 중 '정육'을 판매·제공하는 매장,train,정육,T2 동의어,9534bfab-be0f-4463-ac75-e8d97493a853,돈향기,고기,매곡 가인 골목형상점가,골목형상점가,광주광역시,,,
153b1aba7663510bfabe,full_annotation_v1,A,q_정육_03,고기,식료품 중 '정육'을 판매·제공하는 매장,train,정육,T2 동의어,226b00e1-fdf3-4224-819e-453c47621104,계룡한우농장,고기,레몬스포렉스 골목형상점가,골목형상점가,경기도,,,
c09b31c14e36323debd2,full_annotation_v1,A,q_정육_03,고기,식료품 중 '정육'을 판매·제공하는 매장,train,정육,T2 동의어,6331727e-8c19-4bb0-8e3f-a5962bbdf61e,삼매경,고기,518먹자골목상인회 골목형상점가,골목형상점가,광주광역시,,,
347290000cc1f9358811,full_annotation_v1,A,q_정육_03,고기,식료품 중 '정육'을 판매·제공하는 매장,train,정육,T2 동의어,00831405-3dce-4f59-90cd-81fc3f837a63,보광축산,정육,원당시장(구 원당전통시장),전통시장,경기도,,,
8ec4585035bf650f5dcd,full_annotation_v1,A,q_정육_03,고기,식료품 중 '정육'을 판매·제공하는 매장,train,정육,T2 동의어,e45043ed-ae35-442d-9f5e-eb826b833403,참숯촌,고기,운암이 골목형상점가,골목형상점가,광주광역시,,,
5aefefa390cc8e67ecf8,full_annotation_v1,A,q_정육_03,고기,식료품 중 '정육'을 판매·제공하는 매장,train,정육,T2 동의어,9ca86ba9-9f92-4915-b081-54f36f8c1374,현대실비,고기,황지자유시장,전통시장,강원특별자치도,,,
c84b8e62028fc4e007a2,full_annotation_v1,A,q_정육_03,고기,식료품 중 '정육'을 판매·제공하는 매장,train,정육,T2 동의어,cdd3f94f-e1c4-4b22-81b4-dc2533c8555f,갈비촌,고기,서원동상점가,자율상권구역,서울특별시,,,
737c5aa8e1f0135f77d8,full_annotation_v1,A,q_정육_03,고기,식료품 중 '정육'을 판매·제공하는 매장,train,정육,T2 동의어,0008f8f4-4c6e-4c4a-ad64-76aaea3d2d18,대성정육점,정육,평택국제중앙시장,전통시장,경기도,,,
a26977f0488b5c36cf5d,full_annotation_v1,A,q_정육_03,고기,식료품 중 '정육'을 판매·제공하는 매장,train,정육,T2 동의어,128718b1-aae8-44b3-a3af-e3da476cf032,한솔축산,고기,팔달신시장,전통시장,대구광역시,,,
de8d95639ada66884d45,full_annotation_v1,A,q_정육_03,고기,식료품 중 '정육'을 판매·제공하는 매장,train,정육,T2 동의어,1578da04-22a2-451c-946d-9402cd06760a,어사또,수산물,봉리단길골목형상점가,골목형상점가,서울특별시,,,
2fafb38192717cf5f195,full_annotation_v1,A,q_정육_03,고기,식료품 중 '정육'을 판매·제공하는 매장,train,정육,T2 동의어,e3c52b87-c950-4132-a5d7-23df51efee5f,반촌대구막창갈매기살,고기,안양1번가 상점가,자율상권구역,경기도,,,
1e9afdc773f6ea43c641,full_annotation_v1,A,q_정육_03,고기,식료품 중 '정육'을 판매·제공하는 매장,train,정육,T2 동의어,9752e3d8-abda-4bc6-b506-504a47b60b80,시장식육점,고기,창원 가음정시장,전통시장,경상남도,,,
eec2576390c3f5d70961,full_annotation_v1,A,q_정육_03,고기,식료품 중 '정육'을 판매·제공하는 매장,train,정육,T2 동의어,4b1a7a49-0891-4ed4-8402-8f4a646fbc5e,온쌈,고기,외도1 골목형상점가,골목형상점가,제주특별자치도,,,
0f7e861f18886395473b,full_annotation_v1,A,q_정육_03,고기,식료품 중 '정육'을 판매·제공하는 매장,train,정육,T2 동의어,97dc33c2-9761-4ed6-a36d-2f5a3612b1d1,천하식육백화점,고기,선우시장,전통시장,울산광역시,,,
ff5471b6c7c83ab69dd9,full_annotation_v1,A,q_정육_03,고기,식료품 중 '정육'을 판매·제공하는 매장,train,정육,T2 동의어,0007af17-f23e-49b9-b7c1-5a9968727cfd,오늘닭강정,닭강정,목원대 골목형상점가,골목형상점가,대전광역시,,,
ad37a1459275d09f711e,full_annotation_v1,A,q_정육_03,고기,식료품 중 '정육'을 판매·제공하는 매장,train,정육,T2 동의어,7fcd410d-6568-4495-af40-850a6f2285c3,큰집막창,고기,석적로강변 골목형상점가,골목형상점가,경상북도,,,
b9dc8a1129743ed7c0ef,full_annotation_v1,A,q_정육_03,고기,식료품 중 '정육'을 판매·제공하는 매장,train,정육,T2 동의어,0031b1fc-4212-4c47-9dad-a8fa10d8bf85,㈜금원유통,축산물,마장축산물시장,전통시장,서울특별시,,,
2ced8efc1356041fe565,full_annotation_v1,A,q_정육_03,고기,식료품 중 '정육'을 판매·제공하는 매장,train,정육,T2 동의어,921e2c40-7d8b-4b0b-855e-3c09189f6041,육선생,고기,봉일천전통시장,전통시장,경기도,,,
7034f97e88753c895015,full_annotation_v1,A,q_정육_03,고기,식료품 중 '정육'을 판매·제공하는 매장,train,정육,T2 동의어,4f2eb289-2615-4541-ac4f-a1cb25e88c66,마포소금구이,고기,강남개포시장(구 개포2동중심상점가),자율상권구역,서울특별시,,,
1e40ab93ae7b1167895a,full_annotation_v1,A,q_정육_03,고기,식료품 중 '정육'을 판매·제공하는 매장,train,정육,T2 동의어,f341ab80-8b41-4ad7-9ecf-61e57a3cd1f2,목구멍,고기,나주혁신도시 골목형상점가,골목형상점가,전라남도,,,
b616580c8b90fb1b874d,full_annotation_v1,A,q_정육_03,고기,식료품 중 '정육'을 판매·제공하는 매장,train,정육,T2 동의어,7c0e8db0-639e-49f5-b1d5-327d8ef1d69f,토우축산,고기,별양동상점가,자율상권구역,경기도,,,
5f834b282a9b27daef33,full_annotation_v1,A,q_정육_03,고기,식료품 중 '정육'을 판매·제공하는 매장,train,정육,T2 동의어,023a95f4-f5cb-4b2e-b978-690c41d48d54,대송회센타,식당,대송시장,전통시장,울산광역시,,,
c7a5ff38c1f453f36ba7,full_annotation_v1,A,q_정육_03,고기,식료품 중 '정육'을 판매·제공하는 매장,train,정육,T2 동의어,c438def9-3bd4-440e-b010-ab29d3529d14,제일정육점,고기,의정부시장,전통시장,경기도,,,
33415ab6d13632eb7178,full_annotation_v1,A,q_정육_03,고기,식료품 중 '정육'을 판매·제공하는 매장,train,정육,T2 동의어,00889968-cd4d-41f2-8c6f-39e3928858a7,행복한 정육점,고기,테크노밸리 골목형상점가,골목형상점가,대전광역시,,,
6949dcfd1416424d4183,full_annotation_v1,A,q_정육_03,고기,식료품 중 '정육'을 판매·제공하는 매장,train,정육,T2 동의어,01286ec0-50e0-4540-b678-ec706fb3bcbb,설곰식당,식당,산업용재관,전통시장,대구광역시,,,
28b98cdfe85e2c6d697e,full_annotation_v1,A,q_정육_03,고기,식료품 중 '정육'을 판매·제공하는 매장,train,정육,T2 동의어,91b6f21f-ad08-4ad9-85a0-426cc4c85e2b,토끼집,고기,치평상무역상인회 골목형상점가,골목형상점가,광주광역시,,,
6ebe3a417c3ebdd0ae2f,full_annotation_v1,A,q_정육_03,고기,식료품 중 '정육'을 판매·제공하는 매장,train,정육,T2 동의어,50d6ccd9-584b-48bb-8f03-04f954f96dac,고기마당,고기,매곡에뜰 골목형상점가,골목형상점가,울산광역시,,,
e7c9681aecc3a6359919,full_annotation_v1,A,q_정육_03,고기,식료품 중 '정육'을 판매·제공하는 매장,train,정육,T2 동의어,f24a2e69-3c70-4d33-9ffc-86936b38aafd,하남축산,고기,하남 골목형상점가,골목형상점가,광주광역시,,,
171459a48476fd2c23fc,full_annotation_v1,A,q_정육_03,고기,식료품 중 '정육'을 판매·제공하는 매장,train,정육,T2 동의어,2740748f-3adf-466d-bb86-d0104dc00f3b,솥뚜껑삼겹살,고기,용인어정가구단지상점가,자율상권구역,경기도,,,
c6f60b914dbb38cf8624,full_annotation_v1,A,q_정육_03,고기,식료품 중 '정육'을 판매·제공하는 매장,train,정육,T2 동의어,c2af6736-629a-4de8-8d33-27aa38f265c5,고기안목,고기,계림그랜드센트럴 골목형상점가,골목형상점가,광주광역시,,,
54cab83ce808224cdec2,full_annotation_v1,A,q_정육_03,고기,식료품 중 '정육'을 판매·제공하는 매장,train,정육,T2 동의어,0130dbd3-b9ea-43f4-98fd-26d8afd90b78,모래내시장순대,식당,전주모래내시장,전통시장,전북특별자치도,,,
b6f32c853ec9be2267e8,full_annotation_v1,A,q_정육_03,고기,식료품 중 '정육'을 판매·제공하는 매장,train,정육,T2 동의어,860863c1-92af-4dae-8575-67b93e147e55,문화서점,서적,의성중앙상점가(의성읍중앙길상가거리),자율상권구역,경상북도,,,
75142e86b4687c36ff7d,full_annotation_v1,A,q_정육_03,고기,식료품 중 '정육'을 판매·제공하는 매장,train,정육,T2 동의어,672f1302-571d-4af3-8fcc-83ddd2caabbc,참고깃간,,명륜시실로 골목형상점가,골목형상점가,부산광역시,,,
7dd601aabfb4e6795e16,full_annotation_v1,A,q_정육_03,고기,식료품 중 '정육'을 판매·제공하는 매장,train,정육,T2 동의어,ffdd4e40-f7e2-4a09-ba97-2d78e023bdc0,순탄고기,고기,상무연하상인회 골목형상점가,골목형상점가,광주광역시,,,
b0ddba9cf09fafa72864,full_annotation_v1,A,q_정육_03,고기,식료품 중 '정육'을 판매·제공하는 매장,train,정육,T2 동의어,032b7c2d-89ad-4b7e-9563-c9c67c6381a9,명품한우,한우,신포동개항길골목형상점가,골목형상점가,인천광역시,,,
f0fd23ecade192bd416d,full_annotation_v1,A,q_정육_03,고기,식료품 중 '정육'을 판매·제공하는 매장,train,정육,T2 동의어,0ef79568-de11-4b70-b9e5-b22443df4de8,더건강한내과,보건업,산본로데오거리(구 산본중심상가),자율상권구역,경기도,,,
8816fd2609b46a9fc93e,full_annotation_v1,A,q_정육_03,고기,식료품 중 '정육'을 판매·제공하는 매장,train,정육,T2 동의어,7da2488b-02ea-44c4-b966-ab3f3a764051,타노시이,일식,관저동 먹자골목 골목형상점가,골목형상점가,대전광역시,,,
c6f7868db037edb32b2c,full_annotation_v1,A,q_정육_03,고기,식료품 중 '정육'을 판매·제공하는 매장,train,정육,T2 동의어,4de979da-30e6-45c8-b7ef-538749adae40,임대장,고기,나성동 골목형상점가,골목형상점가,세종특별자치시,,,
52512bd9c6bbfedef777,full_annotation_v1,A,q_정육_03,고기,식료품 중 '정육'을 판매·제공하는 매장,train,정육,T2 동의어,01c857cd-3f28-4d83-8fa4-e0abcfb44fbd,수연국밥,국밥,두암사거리 골목형상점가,골목형상점가,광주광역시,,,
177b946576424a0bdcd5,full_annotation_v1,A,q_정육_03,고기,식료품 중 '정육'을 판매·제공하는 매장,train,정육,T2 동의어,0363b125-0829-46ae-b0be-f23ada850390,정성육회울산송정점,한우뭉티기&한우육회,송정청춘 골목형상점가,골목형상점가,울산광역시,,,
a50d16eeb6356dff4de6,full_annotation_v1,A,q_정육_03,고기,식료품 중 '정육'을 판매·제공하는 매장,train,정육,T2 동의어,0072ddc8-1b0b-4a64-b9d0-9eb309854f0c,오뚜기정육점,정육,김제중앙시장,전통시장,전북특별자치도,,,
d7651be34a19765a5c62,full_annotation_v1,A,q_정육_03,고기,식료품 중 '정육'을 판매·제공하는 매장,train,정육,T2 동의어,4277402a-22c7-4928-b77c-1885226b9b30,현대축산,고기,장안마실골목형상점가,골목형상점가,서울특별시,,,
8fb83a10d79413984da8,full_annotation_v1,A,q_정육_03,고기,식료품 중 '정육'을 판매·제공하는 매장,train,정육,T2 동의어,764f48e2-4ecf-49f4-a586-0355289dde45,걍오소,고기,치평상무역상인회 골목형상점가,골목형상점가,광주광역시,,,
d67db5b4342247d28868,full_annotation_v1,A,q_정육_03,고기,식료품 중 '정육'을 판매·제공하는 매장,train,정육,T2 동의어,d6efe6bb-fcae-4f81-a8d3-6c3d53f46bad,송정금호축산,고기,선운별 골목형상점가,골목형상점가,광주광역시,,,
804dc09749b606045b33,full_annotation_v1,A,q_정육_03,고기,식료품 중 '정육'을 판매·제공하는 매장,train,정육,T2 동의어,6658836c-e934-4620-8e07-d919b52b3400,고기상점,고기,빛가람 호수로 골목형상점가,골목형상점가,전라남도,,,
dddef541de6b3c064b68,full_annotation_v1,A,q_정육_03,고기,식료품 중 '정육'을 판매·제공하는 매장,train,정육,T2 동의어,66cdaa5b-fb1c-4301-8718-7f3c963a7b1b,성난화로,고기,수원역로데오거리상점가(매산로테마거리),자율상권구역,경기도,,,
08a7a2176d378051e8a2,full_annotation_v1,A,q_정육_03,고기,식료품 중 '정육'을 판매·제공하는 매장,train,정육,T2 동의어,be65db6f-abbc-4df9-8e3c-bab367ba7e7e,고기서고기,고기,앞산비스타동원상가 골목형상점가,골목형상점가,대구광역시,,,
a0df4a80278160e07a5c,full_annotation_v1,A,q_정육_03,고기,식료품 중 '정육'을 판매·제공하는 매장,train,정육,T2 동의어,1589f0ae-2c11-4c41-a3b4-2e863140bd26,대박축산,고기,북부중앙 골목형상점가,골목형상점가,경기도,,,
af2073a1df6be0709a68,full_annotation_v1,A,q_정육_03,고기,식료품 중 '정육'을 판매·제공하는 매장,train,정육,T2 동의어,0034b8e3-c78f-4e08-9a23-2414863de721,정육공방,소고기 돼지고기,구갈상점가,자율상권구역,경기도,,,
2a202e3a03527137497d,full_annotation_v1,A,q_정육_03,고기,식료품 중 '정육'을 판매·제공하는 매장,train,정육,T2 동의어,039c05c3-9a49-40ec-86ca-28415ca76d25,미쁘다담양식돼지갈비,갈비,용봉지구 골목형상점가,골목형상점가,광주광역시,,,
c93a873a04d9b5febab3,full_annotation_v1,A,q_정육_03,고기,식료품 중 '정육'을 판매·제공하는 매장,train,정육,T2 동의어,01b7e8c6-feb8-4cff-a63e-2376ae18dd41,원조생굴뚝배기,국밥,고령대가야시장,전통시장,경상북도,,,
3fc7cc2199864fc0d16f,full_annotation_v1,A,q_정육_03,고기,식료품 중 '정육'을 판매·제공하는 매장,train,정육,T2 동의어,ac2aa038-d67b-4bab-b6e2-d3c8eb7552d1,육회담,생고기,강남시장,전통시장,서울특별시,,,
04942e59b4756911f75b,full_annotation_v1,A,q_정육_03,고기,식료품 중 '정육'을 판매·제공하는 매장,train,정육,T2 동의어,5aacb227-f4f8-4e7a-9192-e9ac773f1e1b,마성측산,고기,남목전통시장,전통시장,울산광역시,,,
93d24255adbef35ba86d,full_annotation_v1,A,q_정육_03,고기,식료품 중 '정육'을 판매·제공하는 매장,train,정육,T2 동의어,2538e343-dfd5-475d-911b-489c58742748,신개념 푸줏간,,새천년 골목형상점가,골목형상점가,경기도,,,
b8013b0753de33a698f7,full_annotation_v1,A,q_정육_03,고기,식료품 중 '정육'을 판매·제공하는 매장,train,정육,T2 동의어,62a6a6d8-f95c-4825-8a57-ccd6af99e466,솔로몬악기,악기,낙원악기상가,전통시장,서울특별시,,,
5077b9f57d268ac2d8aa,full_annotation_v1,A,q_정육_03,고기,식료품 중 '정육'을 판매·제공하는 매장,train,정육,T2 동의어,28753b89-41b5-46fc-99e4-fa7414b703b8,해운대 광순이네 고깃간,,좌동재래시장,전통시장,부산광역시,,,
499f30dd877eb7b26fc4,full_annotation_v1,A,q_정육_03,고기,식료품 중 '정육'을 판매·제공하는 매장,train,정육,T2 동의어,cee8af5d-c0df-4186-bef1-3d8d78dd89ed,LA갈비당,고기,인덕원 골목형상점가,골목형상점가,경기도,,,
e6524d36b996ac28a9b9,full_annotation_v1,A,q_정육_03,고기,식료품 중 '정육'을 판매·제공하는 매장,train,정육,T2 동의어,96c14174-26b4-429f-841e-e3ee3dade927,세영악기,악기,낙원악기상가,전통시장,서울특별시,,,
f4435d112fcf025ed5d3,full_annotation_v1,A,q_정육_03,고기,식료품 중 '정육'을 판매·제공하는 매장,train,정육,T2 동의어,8b870e6e-eb51-45b9-a688-c8aef9913eef,할매솥뚜껑삼겹살,고기,지중해마을 골목형상점가,골목형상점가,충청남도,,,
13fdf648a077dd63f72b,full_annotation_v1,A,q_정육_03,고기,식료품 중 '정육'을 판매·제공하는 매장,train,정육,T2 동의어,b74d93d9-e851-4a34-8b7f-7737d2ffee2a,고기원칙,고기,상대동 골목형상점가,골목형상점가,대전광역시,,,
5ca53f5ca0ba101ed87d,full_annotation_v1,A,q_정육_03,고기,식료품 중 '정육'을 판매·제공하는 매장,train,정육,T2 동의어,70fb9688-80ad-4884-ac37-20e318ab9e2d,웰돈,고기,귀인동먹거리촌 골목형상점가,골목형상점가,경기도,,,
ac36659dfae14eebbd05,full_annotation_v1,A,q_정육_03,고기,식료품 중 '정육'을 판매·제공하는 매장,train,정육,T2 동의어,00bdaed4-8c0c-4e39-9198-736e0be49945,대신식육,식육,중앙식료시장(중앙먹통시장),전통시장,전라남도,,,
62c6f134fb59247fa205,full_annotation_v1,A,q_정육_03,고기,식료품 중 '정육'을 판매·제공하는 매장,train,정육,T2 동의어,929dfc7e-b9e4-48d9-bb06-dc29808bb5ba,착한막창,고기,가오동 골목형상점가,골목형상점가,대전광역시,,,
871b5a6238cd161b831f,full_annotation_v1,A,q_정육_03,고기,식료품 중 '정육'을 판매·제공하는 매장,train,정육,T2 동의어,0120247f-1a8e-4396-882d-6476485c3f9e,사랑채,삼겹살,봉선먹자골목 골목형상점가,골목형상점가,광주광역시,,,
5b7edea90df6658f45e3,full_annotation_v1,A,q_정육_03,고기,식료품 중 '정육'을 판매·제공하는 매장,train,정육,T2 동의어,827bba83-5438-4805-897e-4b0dd47fd9ac,돼지마을,고기,기린전통시장,전통시장,강원특별자치도,,,
5071c1ee5c4af6545211,full_annotation_v1,A,q_정육_03,고기,식료품 중 '정육'을 판매·제공하는 매장,train,정육,T2 동의어,d2a3d70d-d39c-40fb-89a1-61bd39516d2d,엉터리무한대패,고기,서면1번가 자율상권구역,,부산광역시,,,
47f7f475aa132b9f11f5,full_annotation_v1,A,q_정육_03,고기,식료품 중 '정육'을 판매·제공하는 매장,train,정육,T2 동의어,92078122-155f-48e4-b782-9f025b5520b4,민이네숯불닭발본점,고기,한마음,골목형상점가,광주광역시,,,
7be846193bb2b255a1bf,full_annotation_v1,A,q_정육_03,고기,식료품 중 '정육'을 판매·제공하는 매장,train,정육,T2 동의어,004764d4-5ad9-4f22-81bb-48eac27e9e4b,60계치킨 야탑점,치킨,야탑 골목형상점가,골목형상점가,경기도,,,
09e59abbb735bc0f54f8,full_annotation_v1,A,q_정육_03,고기,식료품 중 '정육'을 판매·제공하는 매장,train,정육,T2 동의어,99ae8ccd-ad8c-4c23-8435-7a6ec639d137,영광식육점,고기,창원 소계시장,전통시장,경상남도,,,
cb9eac8a5d077b405c2d,full_annotation_v1,A,q_정육_03,고기,식료품 중 '정육'을 판매·제공하는 매장,train,정육,T2 동의어,1efb9a1f-5a99-4bc9-8b4a-f7459619e5fd,김삼철,고기,전남대후문골목형상점가,골목형상점가,광주광역시,,,
8f4e59cea978ebe394b7,full_annotation_v1,A,q_정육_03,고기,식료품 중 '정육'을 판매·제공하는 매장,train,정육,T2 동의어,03f541e1-2781-4bd2-91a9-65b9196d82b4,또래오래치킨&참닭,삼겹살,노대물빛근린공원 골목형상점가,골목형상점가,광주광역시,,,
ac5fc2db7277244a362b,full_annotation_v1,A,q_정육_03,고기,식료품 중 '정육'을 판매·제공하는 매장,train,정육,T2 동의어,c17147fb-5a60-4b3a-9073-702cfab82041,지리산흑돼지식당,고기,화엄상가(골목형상점가),골목형상점가,전라남도,,,
05ce210d426e446517c5,full_annotation_v1,A,q_정육_03,고기,식료품 중 '정육'을 판매·제공하는 매장,train,정육,T2 동의어,fad8905a-f3ea-419a-b846-9363525ba589,고기구로,고기,중흥동 큰샘길 골목형상점가,골목형상점가,광주광역시,,,
9ecf55c9a31d0ecefc78,full_annotation_v1,A,q_정육_03,고기,식료품 중 '정육'을 판매·제공하는 매장,train,정육,T2 동의어,5d1b9491-a1ad-412a-9b55-9d875f97e81e,마장동고기집,고기,강서구청먹자골목골목형상점가,골목형상점가,서울특별시,,,
834e3073593b1ab2c218,full_annotation_v1,A,q_정육_03,고기,식료품 중 '정육'을 판매·제공하는 매장,train,정육,T2 동의어,a02d67a0-6ef3-4ac6-b7b9-5ae01b9b2dec,강천연탄구이,고기,군산강천상가,자율상권구역,전북특별자치도,,,
53abebe8510e50ab8a0a,full_annotation_v1,A,q_정육_03,고기,식료품 중 '정육'을 판매·제공하는 매장,train,정육,T2 동의어,3ad564c0-7d09-431a-a675-e9f11d8434d1,할망네돔베고기,고기,외도2 골목형상점가,골목형상점가,제주특별자치도,,,
37bad942cbd5b2e06313,full_annotation_v1,A,q_정육_03,고기,식료품 중 '정육'을 판매·제공하는 매장,train,정육,T2 동의어,60fbcb89-9e0b-4311-a98f-3b9e78dedb6c,고기,한식,월곡달빛오거리골목형상점가,골목형상점가,서울특별시,,,
9c1ffd78ae488df65564,full_annotation_v1,A,q_정육_03,고기,식료품 중 '정육'을 판매·제공하는 매장,train,정육,T2 동의어,004961cf-a775-4bcc-87a9-067c385bb9e7,삼미식육,식육,구포축산물도매시장,전통시장,부산광역시,,,
763b6a8eb83c1faf2474,full_annotation_v1,A,q_정육_03,고기,식료품 중 '정육'을 판매·제공하는 매장,train,정육,T2 동의어,120e09e6-1646-432d-bd2e-8683247dd743,돼지영농후계자,고기,팔등로기부거리,골목형상점가,울산광역시,,,
e5618fae9814d884ef12,full_annotation_v1,A,q_정육_03,고기,식료품 중 '정육'을 판매·제공하는 매장,train,정육,T2 동의어,3e6a2059-5bed-44e4-b9cc-a39468de8043,준이네 푸줏간,,연동시장,전통시장,부산광역시,,,
3243af133d30373e3c98,full_annotation_v1,A,q_정육_03,고기,식료품 중 '정육'을 판매·제공하는 매장,train,정육,T2 동의어,099afd7f-0fa7-4c70-96f8-b718ecb0449e,신포 고꽈,음식,신포시장,전통시장,인천광역시,,,
02a61cb9edd134271165,full_annotation_v1,A,q_정육_03,고기,식료품 중 '정육'을 판매·제공하는 매장,train,정육,T2 동의어,0a0e9849-2d79-4383-967e-f44629e1cd00,갈불놀이,고기,대명여울빛거리시장,전통시장,서울특별시,,,
5bd9f58b3259ecdb783e,full_annotation_v1,A,q_정육_03,고기,식료품 중 '정육'을 판매·제공하는 매장,train,정육,T2 동의어,00027601-43e6-4d9a-a358-150cc014fe4c,닭장수후라이드,치킨,한솔동 5~6단지상점가,자율상권구역,세종특별자치시,,,
d099643c5a6e39e193b2,full_annotation_v1,A,q_정육_03,고기,식료품 중 '정육'을 판매·제공하는 매장,train,정육,T2 동의어,98b6e694-aa37-446d-84bd-015c1c403352,수라간,고기,녹두S밸리골목형상점가,골목형상점가,서울특별시,,,
acc2d3d214065cdafe73,full_annotation_v1,A,q_정육_03,고기,식료품 중 '정육'을 판매·제공하는 매장,train,정육,T2 동의어,62ae70ee-fbbf-4fbc-99c7-7b16b5598c49,고기땡기네,고기,이중섭거리 명동로상가,골목형상점가,제주특별자치도,,,
94531022bf03dc9bba9e,full_annotation_v1,A,q_정육_03,고기,식료품 중 '정육'을 판매·제공하는 매장,train,정육,T2 동의어,5f0c1160-8828-44cf-89d1-8e378a843321,새신정,고기,창원 가음시장대상가,전통시장,경상남도,,,
c779f20e494932a83d31,full_annotation_v1,A,q_정육_03,고기,식료품 중 '정육'을 판매·제공하는 매장,train,정육,T2 동의어,003d2015-a21c-44e2-9d66-c6f97ba3c296,집중호우,한우,하단자율상권구역,기타,부산광역시,,,
3cb14222f8884bba53af,full_annotation_v1,A,q_정육_03,고기,식료품 중 '정육'을 판매·제공하는 매장,train,정육,T2 동의어,008615e0-6a3d-45a3-b0ce-af168ae6e16e,행담정육점,소고기 돼지고기 정육,대곡시장,전통시장,대구광역시,,,
dbbf70a7ab8afe89ea1b,full_annotation_v1,A,q_정육_03,고기,식료품 중 '정육'을 판매·제공하는 매장,train,정육,T2 동의어,fa8b2e5d-625d-4b19-accc-9f55abd7153b,뒷골목뒷고기,고기,중흥동 큰샘길 골목형상점가,골목형상점가,광주광역시,,,
21e1c408a27d66458c22,full_annotation_v1,A,q_정육_03,고기,식료품 중 '정육'을 판매·제공하는 매장,train,정육,T2 동의어,531a79a3-e172-4cd8-9d8c-b929cf6274f4,삼오상회,식자재,부산새벽시장,전통시장,부산광역시,,,
73605152257969018ef7,full_annotation_v1,A,q_정육_03,고기,식료품 중 '정육'을 판매·제공하는 매장,train,정육,T2 동의어,0598b6c8-c45e-444c-9b34-ff024b885ee8,서울갈비,갈비,행복상점가,자율상권구역,경상북도,,,
475965977219e95570dd,full_annotation_v1,A,q_정육_03,고기,식료품 중 '정육'을 판매·제공하는 매장,train,정육,T2 동의어,f46868f9-2f2b-482c-820e-7cfa5f147b5b,슈슈신발,신발,수원역전지하도상가,일반지하상점가,경기도,,,
aee478d7c78d6170cead,full_annotation_v1,A,q_정육_03,고기,식료품 중 '정육'을 판매·제공하는 매장,train,정육,T2 동의어,080611f9-2bc6-485c-88ff-62a839f9cbd2,푸줏간 수정점,,황금수정 골목형상점가,골목형상점가,부산광역시,,,
06296b12d50bba592e5b,full_annotation_v1,A,q_정육_03,고기,식료품 중 '정육'을 판매·제공하는 매장,train,정육,T2 동의어,90603227-e494-4c03-9fe2-96fef9a4602b,고집,고기,장한평역먹자골목형상점가,골목형상점가,서울특별시,,,
89d9a96819b6f5b6f880,full_annotation_v1,A,q_정육_03,고기,식료품 중 '정육'을 판매·제공하는 매장,train,정육,T2 동의어,00ac87c2-aed5-4a62-8b09-76cbea625145,내고향청보리한우직판장,소고기 돼지고기,마륵동상인회 골목형상점가,골목형상점가,광주광역시,,,
3ec25c8011b0f486d710,full_annotation_v1,A,q_정육_03,고기,식료품 중 '정육'을 판매·제공하는 매장,train,정육,T2 동의어,c8293090-5a14-4b42-ac25-a27a790ac053,고깃집,고기,말바우지키미 골목형상점가,골목형상점가,광주광역시,,,
1dd4e15fa44be76adb6b,full_annotation_v1,A,q_정육_03,고기,식료품 중 '정육'을 판매·제공하는 매장,train,정육,T2 동의어,02235e2b-ba17-4b33-aacc-c1d96790e83e,바다담은구이,식당,정릉시장,전통시장,서울특별시,,,
b90e6dd78cbebb70b025,full_annotation_v1,A,q_정육_03,고기,식료품 중 '정육'을 판매·제공하는 매장,train,정육,T2 동의어,41d11001-9d7b-4965-9bae-0af94922cf12,철이네고깃간(중흥점),,유동 경열로 골목형상점가,골목형상점가,광주광역시,,,
1f2510da976b3144e929,full_annotation_v1,A,q_정육_03,고기,식료품 중 '정육'을 판매·제공하는 매장,train,정육,T2 동의어,00e45da9-1bb4-42fa-b0a8-63cdcea52143,수유중앙축산물백화점,정육,수유중앙시장,전통시장,서울특별시,,,
26942c1c090d8b4d7be5,full_annotation_v1,A,q_정육_03,고기,식료품 중 '정육'을 판매·제공하는 매장,train,정육,T2 동의어,008f0459-6681-4e70-8149-1a6d9ff1a2a5,육간지,삼겹살,구미 진평음식문화특화거리 골목형상점가,골목형상점가,경상북도,,,
f4724e69e4313a645037,full_annotation_v1,A,q_정육_03,고기,식료품 중 '정육'을 판매·제공하는 매장,train,정육,T2 동의어,9d1718ce-e422-4f76-a425-6ad7bf133400,고기 여행,,발섬 골목형상점가,골목형상점가,,,,
2aba682a2281ebe2971d,full_annotation_v1,A,q_정육_03,고기,식료품 중 '정육'을 판매·제공하는 매장,train,정육,T2 동의어,13393d46-4b29-437b-9d39-31fc06ba5f32,신성정육점,고기,신태인시장,전통시장,전북특별자치도,,,
ee5a3503582c23ed3fd7,full_annotation_v1,A,q_정육_03,고기,식료품 중 '정육'을 판매·제공하는 매장,train,정육,T2 동의어,0367e5f3-1bf4-4d8a-bac6-655fcc2eda3f,큰집닭강정,닭강정,신도봉시장,전통시장,서울특별시,,,
74424b00bf699496d832,full_annotation_v1,A,q_정육_03,고기,식료품 중 '정육'을 판매·제공하는 매장,train,정육,T2 동의어,db812d71-147b-4566-9415-db7665910bfc,화포식당,고기,연신내골목형상점가,골목형상점가,서울특별시,,,
82e49bea7650e0719c0d,full_annotation_v1,A,q_정육_03,고기,식료품 중 '정육'을 판매·제공하는 매장,train,정육,T2 동의어,26395110-ac4e-446c-96bb-fd8078f75c08,너브내축산전문판매점,고기,홍천시장(홍천구시장),전통시장,강원특별자치도,,,
d4fed8e5bc32ead0d004,full_annotation_v1,A,q_정육_03,고기,식료품 중 '정육'을 판매·제공하는 매장,train,정육,T2 동의어,01e3bdc3-fa69-409b-9f56-9ab1b44ede16,바우닭강정,닭강정,자양전통시장,전통시장,서울특별시,,,
e9ea038848917053c2ba,full_annotation_v1,A,q_정육_03,고기,식료품 중 '정육'을 판매·제공하는 매장,train,정육,T2 동의어,0b1d8447-88e5-4681-a91b-dfacf11955d8,양화정,갈비,합정동먹자골목골목형상점가,골목형상점가,서울특별시,,,
6a4dd5f7674fb659829e,full_annotation_v1,A,q_정육_03,고기,식료품 중 '정육'을 판매·제공하는 매장,train,정육,T2 동의어,c237ed86-d4d4-4f5b-aecd-6e123ab7bafb,미친고기,고기,풍암신암상인회 골목형상점가,골목형상점가,광주광역시,,,
f7a41f17ff06a8ff7f15,full_annotation_v1,A,q_정육_03,고기,식료품 중 '정육'을 판매·제공하는 매장,train,정육,T2 동의어,e52a5aae-4e22-4e44-99e1-bded36252309,인생정육점,고기,삼익2차쇼핑 골목형상점가,골목형상점가,서울특별시,,,
14266a1108ef3ad049e3,full_annotation_v1,A,q_정육_03,고기,식료품 중 '정육'을 판매·제공하는 매장,train,정육,T2 동의어,00a5a31e-6208-4900-9553-18f188bfcbfc,올바른고깃간일곡점,정육점,일곡동 골목형상점가,골목형상점가,광주광역시,,,
14f8e0808cfa293fc217,full_annotation_v1,A,q_정육_03,고기,식료품 중 '정육'을 판매·제공하는 매장,train,정육,T2 동의어,00652de3-165f-4988-9616-0ff0250e851d,합천식육점,,관문상가시장,전통시장,대구광역시,,,
15929efd0b0a61915f37,full_annotation_v1,A,q_정육_03,고기,식료품 중 '정육'을 판매·제공하는 매장,train,정육,T2 동의어,224e5059-942b-4b44-85cd-490a686544cc,돈,고기,용봉지구 골목형상점가,골목형상점가,광주광역시,,,
02dfdbfb85e75f2a0949,full_annotation_v1,A,q_정육_03,고기,식료품 중 '정육'을 판매·제공하는 매장,train,정육,T2 동의어,0287935d-6e8e-465e-930c-b5e8e06c38c4,탄방 고기돈,삼겹살,탄방새마을 골목형상점가,골목형상점가,대전광역시,,,
54b082f07b433bb6df27,full_annotation_v1,A,q_정육_03,고기,식료품 중 '정육'을 판매·제공하는 매장,train,정육,T2 동의어,0023ae9b-466c-4881-afd0-ff8ac2890d72,돈.우정육점,식육,여수서시장주변시장,전통시장,전라남도,,,
716837b4333d9a4e8bc8,full_annotation_v1,A,q_정육_03,고기,식료품 중 '정육'을 판매·제공하는 매장,train,정육,T2 동의어,e5c7fddf-b2d4-4c2a-aba6-cc7b10485417,대성식당,고기,포항죽도시장,전통시장,경상북도,,,
f3fb1c87648c5c00a061,full_annotation_v1,A,q_정육_03,고기,식료품 중 '정육'을 판매·제공하는 매장,train,정육,T2 동의어,6a019489-08c6-4fac-942e-36f40530a516,청담,고기,금촌문화로시장,전통시장,경기도,,,
c264bdd6bfbee43fb472,full_annotation_v1,A,q_정육_03,고기,식료품 중 '정육'을 판매·제공하는 매장,train,정육,T2 동의어,8b2482c5-ce6b-4d6e-b399-0116f6e25241,복뿔돈,고기,신용동 육교 앞 골목형상점가,골목형상점가,광주광역시,,,
9e2090ffb2cf48b5e686,full_annotation_v1,A,q_정육_03,고기,식료품 중 '정육'을 판매·제공하는 매장,train,정육,T2 동의어,f8ba2743-7060-4edb-b1d8-5c01dcaecd58,미돈,고기,예석 골목형상점가,골목형상점가,충청남도,,,
d30c2b986c60549c44c8,full_annotation_v1,A,q_정육_03,고기,식료품 중 '정육'을 판매·제공하는 매장,train,정육,T2 동의어,8a119df6-f706-46d4-aac7-2ea415318f6c,고기스타,고기,창원 가음정시장,전통시장,경상남도,,,
35ba35257d0cafefdc64,full_annotation_v1,A,q_정육_03,고기,식료품 중 '정육'을 판매·제공하는 매장,train,정육,T2 동의어,0bb27eb1-434c-460b-a0d8-bbeda33e4f8f,새마을정육점,고기,진잠 골목형상점가,골목형상점가,대전광역시,,,
2182a04d24796a49c402,full_annotation_v1,A,q_정육_04,고깃간,식료품 중 '정육'을 판매·제공하는 매장,train,정육,T2 동의어,0023ae9b-466c-4881-afd0-ff8ac2890d72,돈.우정육점,식육,여수서시장주변시장,전통시장,전라남도,,,
327f24b0f1bdfc19beae,full_annotation_v1,A,q_정육_04,고깃간,식료품 중 '정육'을 판매·제공하는 매장,train,정육,T2 동의어,0031b1fc-4212-4c47-9dad-a8fa10d8bf85,㈜금원유통,축산물,마장축산물시장,전통시장,서울특별시,,,
952d7112e25443a4f00a,full_annotation_v1,A,q_정육_04,고깃간,식료품 중 '정육'을 판매·제공하는 매장,train,정육,T2 동의어,00c9508a-1962-4f4c-adc8-c9227046f329,도마정육점,식육,도마큰시장,전통시장,대전광역시,,,
64160521a615a2d39978,full_annotation_v1,A,q_정육_04,고깃간,식료품 중 '정육'을 판매·제공하는 매장,train,정육,T2 동의어,004764d4-5ad9-4f22-81bb-48eac27e9e4b,60계치킨 야탑점,치킨,야탑 골목형상점가,골목형상점가,경기도,,,
388cb42bd47b9e622671,full_annotation_v1,A,q_정육_04,고깃간,식료품 중 '정육'을 판매·제공하는 매장,train,정육,T2 동의어,62940f00-6aee-43ec-8cda-00223c44438b,삼대고깃간,정육,가좌시장,전통시장,인천광역시,,,
f2e8d2d015c35a9c23d8,full_annotation_v1,A,q_정육_04,고깃간,식료품 중 '정육'을 판매·제공하는 매장,train,정육,T2 동의어,d614d9e5-541b-4695-8916-806a3b7ea095,퍼주는 총각네 고깃간,한우한돈수입육,화개1로78번길상인회 골목형상점가,골목형상점가,광주광역시,,,
357efb59af87ec4cc15e,full_annotation_v1,A,q_정육_04,고깃간,식료품 중 '정육'을 판매·제공하는 매장,train,정육,T2 동의어,bfc90735-cb92-4ad0-9f8f-fdc062512882,오양수산,냉동수산물,부전상가시장,전통시장,부산광역시,,,
878bc001e039f40af4e1,full_annotation_v1,A,q_정육_04,고깃간,식료품 중 '정육'을 판매·제공하는 매장,train,정육,T2 동의어,0091c18f-a074-4703-9af5-05c6495e38af,이지비야,고기,아름다운삼정로 골목형상점가,골목형상점가,광주광역시,,,
c9613b385b75f91470f8,full_annotation_v1,A,q_정육_04,고깃간,식료품 중 '정육'을 판매·제공하는 매장,train,정육,T2 동의어,6a3646b6-f0e2-43df-94a6-84d012caca1e,고깃찝,한식,두암3동 먹자골목 골목형상점가,골목형상점가,광주광역시,,,
9885b21caec2b035187a,full_annotation_v1,A,q_정육_04,고깃간,식료품 중 '정육'을 판매·제공하는 매장,train,정육,T2 동의어,00027601-43e6-4d9a-a358-150cc014fe4c,닭장수후라이드,치킨,한솔동 5~6단지상점가,자율상권구역,세종특별자치시,,,
bf283a2ea565679175cb,full_annotation_v1,A,q_정육_04,고깃간,식료품 중 '정육'을 판매·제공하는 매장,train,정육,T2 동의어,00bdaed4-8c0c-4e39-9198-736e0be49945,대신식육,식육,중앙식료시장(중앙먹통시장),전통시장,전라남도,,,
d678910a51500fab854d,full_annotation_v1,A,q_정육_04,고깃간,식료품 중 '정육'을 판매·제공하는 매장,train,정육,T2 동의어,003e9326-9010-4e27-b844-c62b81ad2df8,다이소 광주 호남대점,소매,선운별 골목형상점가,골목형상점가,광주광역시,,,
61282326d1629e529a1c,full_annotation_v1,A,q_정육_04,고깃간,식료품 중 '정육'을 판매·제공하는 매장,train,정육,T2 동의어,3017a875-1d07-4b16-acf6-198e4807e6a0,평택고깃간,축산물,소사벌 에듀타운 상인회 골목형상점가,골목형상점가,경기도,,,
c92fa89c7615545180ef,full_annotation_v1,A,q_정육_04,고깃간,식료품 중 '정육'을 판매·제공하는 매장,train,정육,T2 동의어,02f9037a-c117-4db4-9d2b-9b78182978f4,반월닭강정치킨,,보령한내시장,전통시장,충청남도,,,
7e9c6ef52f5486af6437,full_annotation_v1,A,q_정육_04,고깃간,식료품 중 '정육'을 판매·제공하는 매장,train,정육,T2 동의어,942a3621-7c65-4443-9024-b25e607a1eff,송원고깃간,돼지고기,엄사 골목형상점가,골목형상점가,충청남도,,,
2ce8e552fcc18d59d4cc,full_annotation_v1,A,q_정육_04,고깃간,식료품 중 '정육'을 판매·제공하는 매장,train,정육,T2 동의어,74184e59-c72c-4389-b378-30d2fdd39749,일품고깃간,축산물,명일전통시장,전통시장,서울특별시,,,
f66411f8b564a6482334,full_annotation_v1,A,q_정육_04,고깃간,식료품 중 '정육'을 판매·제공하는 매장,train,정육,T2 동의어,ac864b44-ddd9-430f-8ea4-0dec6fe9a049,장터고깃간,정육점,충주자유시장,전통시장,충청북도,,,
32d0573d360a3e79713d,full_annotation_v1,A,q_정육_04,고깃간,식료품 중 '정육'을 판매·제공하는 매장,train,정육,T2 동의어,0fd0ba16-3831-4fcc-8066-1cb49ed223dc,김밥사랑,한식 음식점,남해 명품화전길 골목형상점가,골목형상점가,경상남도,,,
305810840783e4adea60,full_annotation_v1,A,q_정육_04,고깃간,식료품 중 '정육'을 판매·제공하는 매장,train,정육,T2 동의어,ded935d8-3870-4dfb-8fd9-61e2306e06e4,해운대 광순이네 고깃간,,좌동재래시장,전통시장,부산광역시,,,
90fa1a5dabe99017d93e,full_annotation_v1,A,q_정육_04,고깃간,식료품 중 '정육'을 판매·제공하는 매장,train,정육,T2 동의어,9ca85ef7-de2a-4d89-bacf-95427d85384c,참조은 고깃간 정육점,정육,샘골로골목형상점가,골목형상점가,경기도,,,
9ddd475f82788853d020,full_annotation_v1,A,q_정육_04,고깃간,식료품 중 '정육'을 판매·제공하는 매장,train,정육,T2 동의어,4c9049ab-ca1f-4cad-b80d-2806a36f3ef3,부자고깃간,육류 공산품,신가동 골목형상점가,골목형상점가,광주광역시,,,
b05ef6e2f4c1c28aec33,full_annotation_v1,A,q_정육_04,고깃간,식료품 중 '정육'을 판매·제공하는 매장,train,정육,T2 동의어,113d4dcc-6dda-499e-99f7-bdba76a4cfc8,두형제 고깃간,식육.양념육,종암북바위길골목형상점가,골목형상점가,서울특별시,,,
1cf8fc05d7d3bac75e26,full_annotation_v1,A,q_정육_04,고깃간,식료품 중 '정육'을 판매·제공하는 매장,train,정육,T2 동의어,41d11001-9d7b-4965-9bae-0af94922cf12,철이네고깃간(중흥점),,유동 경열로 골목형상점가,골목형상점가,광주광역시,,,
f40e9124195303c45bd0,full_annotation_v1,A,q_정육_04,고깃간,식료품 중 '정육'을 판매·제공하는 매장,train,정육,T2 동의어,000bc123-8986-4a63-bd89-6076138ae351,왕장상회,치킨,자양전통시장,전통시장,서울특별시,,,
2c42a13722dd63046a06,full_annotation_v1,A,q_정육_04,고깃간,식료품 중 '정육'을 판매·제공하는 매장,train,정육,T2 동의어,000d4d47-3a3f-4a73-9fce-cd3802a5ebb3,은여우두마리치킨,치킨,봉곡우전로 골목형상점가,골목형상점가,전북특별자치도,,,
d9678923f2bb9d5e4f82,full_annotation_v1,A,q_정육_04,고깃간,식료품 중 '정육'을 판매·제공하는 매장,train,정육,T2 동의어,86aa8384-215e-4167-9fc9-dd44cbbd5f4a,풍정고깃간,정육,각화도매정문 골목형상점가,골목형상점가,광주광역시,,,
2a66eb54844beb9683d9,full_annotation_v1,A,q_정육_04,고깃간,식료품 중 '정육'을 판매·제공하는 매장,train,정육,T2 동의어,564de640-694f-4797-af66-a5d1df9c489f,푸줏간,,김천평화시장,전통시장,경상북도,,,
213aca90efa13dbb304a,full_annotation_v1,A,q_정육_04,고깃간,식료품 중 '정육'을 판매·제공하는 매장,train,정육,T2 동의어,00889968-cd4d-41f2-8c6f-39e3928858a7,행복한 정육점,고기,테크노밸리 골목형상점가,골목형상점가,대전광역시,,,
ba18a151ade67431ed59,full_annotation_v1,A,q_정육_04,고깃간,식료품 중 '정육'을 판매·제공하는 매장,train,정육,T2 동의어,0072ddc8-1b0b-4a64-b9d0-9eb309854f0c,오뚜기정육점,정육,김제중앙시장,전통시장,전북특별자치도,,,
b6b673ba7394ea1f1e32,full_annotation_v1,A,q_정육_04,고깃간,식료품 중 '정육'을 판매·제공하는 매장,train,정육,T2 동의어,05be8e6e-05cb-43d5-8c9e-ab68776e957b,낙원갈비집 부천옥길점,,부천 옥길 골목형상점가,골목형상점가,경기도,,,
6005c539977da930de7e,full_annotation_v1,A,q_정육_04,고깃간,식료품 중 '정육'을 판매·제공하는 매장,train,정육,T2 동의어,eb9a1d0f-67ff-4528-a971-f47582613b2b,씨유 진월보이저점,담배 주류 식품,보이저진월 골목형상점가,골목형상점가,광주광역시,,,
36e82a4f848c335db4b6,full_annotation_v1,A,q_정육_04,고깃간,식료품 중 '정육'을 판매·제공하는 매장,train,정육,T2 동의어,00a5a31e-6208-4900-9553-18f188bfcbfc,올바른고깃간일곡점,정육점,일곡동 골목형상점가,골목형상점가,광주광역시,,,
2a784eab1fe6934409d3,full_annotation_v1,A,q_정육_04,고깃간,식료품 중 '정육'을 판매·제공하는 매장,train,정육,T2 동의어,9d9519fd-2239-47c7-bcad-312b5d4d477b,영진유통,소금임공감미료,창신골목시장,자율상권구역,서울특별시,,,
2c199e1a100a3900b991,full_annotation_v1,A,q_정육_04,고깃간,식료품 중 '정육'을 판매·제공하는 매장,train,정육,T2 동의어,0b1d8447-88e5-4681-a91b-dfacf11955d8,양화정,갈비,합정동먹자골목골목형상점가,골목형상점가,서울특별시,,,
70e4f0c5fd1a06b8845c,full_annotation_v1,A,q_정육_04,고깃간,식료품 중 '정육'을 판매·제공하는 매장,train,정육,T2 동의어,02cebcf5-9e57-4988-adb9-85afcb577ccd,백미옥,국밥,한마음,골목형상점가,광주광역시,,,
5c367df4e6f912628caf,full_annotation_v1,A,q_정육_04,고깃간,식료품 중 '정육'을 판매·제공하는 매장,train,정육,T2 동의어,8350def8-a4f5-46e7-bea2-dbdc61051d02,광산고깃간,고기 한식,선운별 골목형상점가,골목형상점가,광주광역시,,,
58349d1bd6a6fb1369cc,full_annotation_v1,A,q_정육_04,고깃간,식료품 중 '정육'을 판매·제공하는 매장,train,정육,T2 동의어,18a5619d-c878-4a3c-9fe5-4093460e3df5,주식회사 청년푸줏간,,인천모래내전통시장,전통시장,인천광역시,,,
5b7a10fba7a97db967f2,full_annotation_v1,A,q_정육_04,고깃간,식료품 중 '정육'을 판매·제공하는 매장,train,정육,T2 동의어,f3c3a3a5-98b6-4cab-84aa-771c668b94f0,참진고깃간,축산물,동구책정원 골목형상점가,골목형상점가,광주광역시,,,
2557cbaa0345f3dc872c,full_annotation_v1,A,q_정육_04,고깃간,식료품 중 '정육'을 판매·제공하는 매장,train,정육,T2 동의어,59fb415f-747d-4fac-a215-38fc07149e95,설우고깃간,고기,법리단길 골목형상점가,골목형상점가,전북특별자치도,,,
6f136922cff426d3c78c,full_annotation_v1,A,q_정육_04,고깃간,식료품 중 '정육'을 판매·제공하는 매장,train,정육,T2 동의어,001dda38-7874-4460-b3b0-a5717b6c36d7,오송 곱창,"한우곱창, 한우막창, 한우모듬, 한우대창, 한우염통",오송1산단오스코로골목형상점가,골목형상점가,충청북도,,,
6f21c37b7078021f8c8b,full_annotation_v1,A,q_정육_04,고깃간,식료품 중 '정육'을 판매·제공하는 매장,train,정육,T2 동의어,aee49d7a-7e0e-4b12-979e-76d22307f172,1등 청년고깃간,육류,가람삼융타워 골목형상점가,골목형상점가,경기도,,,
bb4bcedf295c36bb7fc6,full_annotation_v1,A,q_정육_04,고깃간,식료품 중 '정육'을 판매·제공하는 매장,train,정육,T2 동의어,01c857cd-3f28-4d83-8fa4-e0abcfb44fbd,수연국밥,국밥,두암사거리 골목형상점가,골목형상점가,광주광역시,,,
a433b4665f688b9ba3ab,full_annotation_v1,A,q_정육_04,고깃간,식료품 중 '정육'을 판매·제공하는 매장,train,정육,T2 동의어,00831405-3dce-4f59-90cd-81fc3f837a63,보광축산,정육,원당시장(구 원당전통시장),전통시장,경기도,,,
de400b9d4a1baacbf6a4,full_annotation_v1,A,q_정육_04,고깃간,식료품 중 '정육'을 판매·제공하는 매장,train,정육,T2 동의어,009f034c-8e3b-4a32-aab3-55ece8718004,장봐주는언니 임동점,농수축산물및 가공식품,제니스 골목형상점가,골목형상점가,광주광역시,,,
95fbbbf0b22b0048be13,full_annotation_v1,A,q_정육_04,고깃간,식료품 중 '정육'을 판매·제공하는 매장,train,정육,T2 동의어,01b7e8c6-feb8-4cff-a63e-2376ae18dd41,원조생굴뚝배기,국밥,고령대가야시장,전통시장,경상북도,,,
e0392af7f44c894e4787,full_annotation_v1,A,q_정육_04,고깃간,식료품 중 '정육'을 판매·제공하는 매장,train,정육,T2 동의어,433afd00-8e1c-4a99-a961-f155f34d9b5c,허니짐,체력단련장,포르모큐브 골목형상점가,골목형상점가,전라남도,,,
3c3b5e46c7c343b8665c,full_annotation_v1,A,q_정육_04,고깃간,식료품 중 '정육'을 판매·제공하는 매장,train,정육,T2 동의어,00ac87c2-aed5-4a62-8b09-76cbea625145,내고향청보리한우직판장,소고기 돼지고기,마륵동상인회 골목형상점가,골목형상점가,광주광역시,,,
d5a954aba2370630796d,full_annotation_v1,A,q_정육_04,고깃간,식료품 중 '정육'을 판매·제공하는 매장,train,정육,T2 동의어,c912964a-abd2-499e-a599-a9aff256fdea,남대문떡마을,떡,남대문시장,전통시장,서울특별시,,,
c42021a6983bb6571934,full_annotation_v1,A,q_정육_04,고깃간,식료품 중 '정육'을 판매·제공하는 매장,train,정육,T2 동의어,beefcc1b-db0e-4094-a601-69f9773e9dcd,우리동네 고깃간,축산물,국제음식문화거리 골목형상점가,골목형상점가,서울특별시,,,
62605d8179f351099bd4,full_annotation_v1,A,q_정육_04,고깃간,식료품 중 '정육'을 판매·제공하는 매장,train,정육,T2 동의어,0aad5389-cfad-4466-9fe1-d8a04dd60414,시골집숯불갈비,갈비,두암2동광신맨션주변 골목형상점가,골목형상점가,광주광역시,,,
7033201b58d29a7c5b18,full_annotation_v1,A,q_정육_04,고깃간,식료품 중 '정육'을 판매·제공하는 매장,train,정육,T2 동의어,0038f694-919c-4289-8bc1-a5e6549274e1,달인닭강정,닭강정,서귀포매일올레시장,전통시장,제주특별자치도,,,
e483aa7a98625c389e98,full_annotation_v1,A,q_정육_04,고깃간,식료품 중 '정육'을 판매·제공하는 매장,train,정육,T2 동의어,008615e0-6a3d-45a3-b0ce-af168ae6e16e,행담정육점,소고기 돼지고기 정육,대곡시장,전통시장,대구광역시,,,
57f412e2f5c60fafa3e4,full_annotation_v1,A,q_정육_04,고깃간,식료품 중 '정육'을 판매·제공하는 매장,train,정육,T2 동의어,011b1221-1903-4838-9bac-cadf2e5df013,두루육고깃간,식육,대명 오손도손 골목형상점가,골목형상점가,전북특별자치도,,,
40c2440c5d0130c73007,full_annotation_v1,A,q_정육_04,고깃간,식료품 중 '정육'을 판매·제공하는 매장,train,정육,T2 동의어,033ab0da-f546-4879-93a7-5bf7e6327bf3,시장식당,국밥,광양5일시장,전통시장,,,,
ce808d5f581c089de825,full_annotation_v1,A,q_정육_04,고깃간,식료품 중 '정육'을 판매·제공하는 매장,train,정육,T2 동의어,89fbfc36-425c-4391-85fb-0b8aee0650a6,삼둥이고깃간,축산물,못골골목시장,전통시장,부산광역시,,,
899fac73e8709105428a,full_annotation_v1,A,q_정육_04,고깃간,식료품 중 '정육'을 판매·제공하는 매장,train,정육,T2 동의어,005ea303-f9b7-4f3e-abcc-8460ca84ba44,은성축산물직판장,"도소매(축산물,식육판매)",남문시장,전통시장,서울특별시,,,
5eeea2e7c2f5063ad5b9,full_annotation_v1,A,q_정육_04,고깃간,식료품 중 '정육'을 판매·제공하는 매장,train,정육,T2 동의어,0287935d-6e8e-465e-930c-b5e8e06c38c4,탄방 고기돈,삼겹살,탄방새마을 골목형상점가,골목형상점가,대전광역시,,,
4c9434392fe72efd5e75,full_annotation_v1,A,q_정육_04,고깃간,식료품 중 '정육'을 판매·제공하는 매장,train,정육,T2 동의어,bc30553e-de6e-4070-9e60-bf02f8d72c85,대연생고깃간,식육,장위전통시장,전통시장,서울특별시,,,
f4e0fb8c1f3978c04af4,full_annotation_v1,A,q_정육_04,고깃간,식료품 중 '정육'을 판매·제공하는 매장,train,정육,T2 동의어,a7540296-8744-4907-9301-9e9d8af029f9,호돌이 고깃간,정육,안락그린장터 골목형상점가,골목형상점가,부산광역시,,,
204a597bec06dd3cda24,full_annotation_v1,A,q_정육_04,고깃간,식료품 중 '정육'을 판매·제공하는 매장,train,정육,T2 동의어,0034b8e3-c78f-4e08-9a23-2414863de721,정육공방,소고기 돼지고기,구갈상점가,자율상권구역,경기도,,,
e40732d9a67313868168,full_annotation_v1,A,q_정육_04,고깃간,식료품 중 '정육'을 판매·제공하는 매장,train,정육,T2 동의어,b22cd7eb-444d-4c4d-8cf5-f0fc3a96185b,영일상회,"도소매(신발,고무신,일반신발)",동문시장,전통시장,서울특별시,,,
d2d85ca1ea26b23f07a1,full_annotation_v1,A,q_정육_04,고깃간,식료품 중 '정육'을 판매·제공하는 매장,train,정육,T2 동의어,672f1302-571d-4af3-8fcc-83ddd2caabbc,참고깃간,,명륜시실로 골목형상점가,골목형상점가,부산광역시,,,
206e02ef62575eb42ee5,full_annotation_v1,A,q_정육_04,고깃간,식료품 중 '정육'을 판매·제공하는 매장,train,정육,T2 동의어,0008f8f4-4c6e-4c4a-ad64-76aaea3d2d18,대성정육점,정육,평택국제중앙시장,전통시장,경기도,,,
adb1e2a30904246c118e,full_annotation_v1,A,q_정육_04,고깃간,식료품 중 '정육'을 판매·제공하는 매장,train,정육,T2 동의어,ecd80eb3-8c3b-4d6f-8544-79dc38e360fb,한일양행,의류,팔달시민상가시장,전통시장,경기도,,,
29b1f2f4473051326f0c,full_annotation_v1,A,q_정육_04,고깃간,식료품 중 '정육'을 판매·제공하는 매장,train,정육,T2 동의어,d1a99eb3-f7fd-4968-a9bc-e099b0226e99,반월성,정장,경주중앙시장,전통시장,경상북도,,,
71a925ac8139e7d3f66f,full_annotation_v1,A,q_정육_04,고깃간,식료품 중 '정육'을 판매·제공하는 매장,train,정육,T2 동의어,f196da22-310a-49fb-8ecd-9c6959e7b64f,신가네 고깃간,식육 양념육,학운 골목형상점가,골목형상점가,광주광역시,,,
54e643110cd1248aee96,full_annotation_v1,A,q_정육_04,고깃간,식료품 중 '정육'을 판매·제공하는 매장,train,정육,T2 동의어,003d2015-a21c-44e2-9d66-c6f97ba3c296,집중호우,한우,하단자율상권구역,기타,부산광역시,,,
5b921366128fe0e2a26d,full_annotation_v1,A,q_정육_04,고깃간,식료품 중 '정육'을 판매·제공하는 매장,train,정육,T2 동의어,0007af17-f23e-49b9-b7c1-5a9968727cfd,오늘닭강정,닭강정,목원대 골목형상점가,골목형상점가,대전광역시,,,
88f66b3f95f6627ed52f,full_annotation_v1,A,q_정육_04,고깃간,식료품 중 '정육'을 판매·제공하는 매장,train,정육,T2 동의어,080611f9-2bc6-485c-88ff-62a839f9cbd2,푸줏간 수정점,,황금수정 골목형상점가,골목형상점가,부산광역시,,,
99be5125f3c04bd3b5cb,full_annotation_v1,A,q_정육_04,고깃간,식료품 중 '정육'을 판매·제공하는 매장,train,정육,T2 동의어,00e45da9-1bb4-42fa-b0a8-63cdcea52143,수유중앙축산물백화점,정육,수유중앙시장,전통시장,서울특별시,,,
94690493ac52c3896734,full_annotation_v1,A,q_정육_04,고깃간,식료품 중 '정육'을 판매·제공하는 매장,train,정육,T2 동의어,54ef4b32-df3e-4cd8-857f-903a3da2d5b0,마포고깃간,한식,효행구봉담상점가,골목형상점가,경기도,,,
d78115c9efc08daa1bd8,full_annotation_v1,A,q_정육_04,고깃간,식료품 중 '정육'을 판매·제공하는 매장,train,정육,T2 동의어,004961cf-a775-4bcc-87a9-067c385bb9e7,삼미식육,식육,구포축산물도매시장,전통시장,부산광역시,,,
b4cc34e8b3ca46a5f8f6,full_annotation_v1,A,q_정육_04,고깃간,식료품 중 '정육'을 판매·제공하는 매장,train,정육,T2 동의어,04564ea5-0be4-4ee2-8519-e8fcaffe3485,쌍둥이국밥,국밥,첨단이웃사랑 골목형상점가,골목형상점가,광주광역시,,,
02c8ed489b83458dee66,full_annotation_v1,A,q_정육_04,고깃간,식료품 중 '정육'을 판매·제공하는 매장,train,정육,T2 동의어,c2fc7495-482f-42ec-a5c8-3f5922187d17,퍼주는 총각네 고깃간,고기,월산먹자골목 골목형상점가,골목형상점가,광주광역시,,,
a3cb7edb459fa74819e1,full_annotation_v1,A,q_정육_04,고깃간,식료품 중 '정육'을 판매·제공하는 매장,train,정육,T2 동의어,e145ccf9-5d78-4ff2-b239-c465b56c7ad2,싼집,"과일, 수산물, 채소",평택통복시장,전통시장,경기도,,,
a943c162796d9174f043,full_annotation_v1,A,q_정육_04,고깃간,식료품 중 '정육'을 판매·제공하는 매장,train,정육,T2 동의어,a7e5d2b2-6c3d-44e4-992e-34577be3fbac,요리하는 고깃간,"도소매(축산물,즉석돈까스,수산물)",구리전통시장,전통시장,경기도,,,
10208b65596f6109300a,full_annotation_v1,A,q_정육_04,고깃간,식료품 중 '정육'을 판매·제공하는 매장,train,정육,T2 동의어,008f0459-6681-4e70-8149-1a6d9ff1a2a5,육간지,삼겹살,구미 진평음식문화특화거리 골목형상점가,골목형상점가,경상북도,,,
c226d6ceb68b56ac7ab8,full_annotation_v1,A,q_정육_04,고깃간,식료품 중 '정육'을 판매·제공하는 매장,train,정육,T2 동의어,510546f7-7223-4900-8894-fb1b10dfc12d,메일당학국수(청단점),샤브샤브,첨단강변로 골목형상점가,골목형상점가,광주광역시,,,
cbbc4c155fc04d57a453,full_annotation_v1,A,q_정육_04,고깃간,식료품 중 '정육'을 판매·제공하는 매장,train,정육,T2 동의어,a4a6d0f0-41a6-4748-833a-e11cc7919957,안동떡집,떡,"칠성진,경명시장",전통시장,대구광역시,,,
a6b43128e93e230237e0,full_annotation_v1,A,q_정육_04,고깃간,식료품 중 '정육'을 판매·제공하는 매장,train,정육,T2 동의어,0b663b4a-8a42-42aa-a252-c8578ce375a5,주식회사 광주팜투어,국내외 여행상품,아시아음식문화거리 골목형상점가,골목형상점가,광주광역시,,,
b91690f1929dadb18eb0,full_annotation_v1,A,q_정육_04,고깃간,식료품 중 '정육'을 판매·제공하는 매장,train,정육,T2 동의어,01286ec0-50e0-4540-b678-ec706fb3bcbb,설곰식당,식당,산업용재관,전통시장,대구광역시,,,
d11835aa14715a80e921,full_annotation_v1,A,q_정육_04,고깃간,식료품 중 '정육'을 판매·제공하는 매장,train,정육,T2 동의어,023a95f4-f5cb-4b2e-b978-690c41d48d54,대송회센타,식당,대송시장,전통시장,울산광역시,,,
3bdaf5d2571c40ecd187,full_annotation_v1,A,q_정육_04,고깃간,식료품 중 '정육'을 판매·제공하는 매장,train,정육,T2 동의어,263d4cd1-5a0d-45b6-9e68-b38558e9f160,고깃간,,부평종합시장,전통시장,인천광역시,,,
31bad9c51bef324909f8,full_annotation_v1,A,q_정육_04,고깃간,식료품 중 '정육'을 판매·제공하는 매장,train,정육,T2 동의어,86ddd3a6-557a-49f9-8ea2-0f520c55b844,총각네고깃간,,일곡동(제1지역:자연마을 일동초 거리) 골목형상점가,골목형상점가,,,,
39250548a902a58be330,full_annotation_v1,A,q_정육_04,고깃간,식료품 중 '정육'을 판매·제공하는 매장,train,정육,T2 동의어,d2536707-bf7e-4d33-809a-80055d882ce8,고깃간,정육,간석자유시장,전통시장,인천광역시,,,
ef74d71d6533d4eafa35,full_annotation_v1,A,q_정육_04,고깃간,식료품 중 '정육'을 판매·제공하는 매장,train,정육,T2 동의어,fe507f96-75c5-44c9-8278-51517fd0b1af,마장동 찰스네 고깃간(괴정점),,괴정골목시장,전통시장,부산광역시,,,
d15f271a95db9b018308,full_annotation_v1,A,q_정육_04,고깃간,식료품 중 '정육'을 판매·제공하는 매장,train,정육,T2 동의어,9a240b03-df80-4617-8ac9-5887793b9ea9,노렌,"빙수, 음료",속초중앙전통시장,전통시장,강원특별자치도,,,
5e0330bfb957415b8a43,full_annotation_v1,A,q_정육_04,고깃간,식료품 중 '정육'을 판매·제공하는 매장,train,정육,T2 동의어,03f541e1-2781-4bd2-91a9-65b9196d82b4,또래오래치킨&참닭,삼겹살,노대물빛근린공원 골목형상점가,골목형상점가,광주광역시,,,
957d764a7ebcd828c3ae,full_annotation_v1,A,q_정육_04,고깃간,식료품 중 '정육'을 판매·제공하는 매장,train,정육,T2 동의어,9c8d8d7e-f8d7-4ec4-95dd-78e408639303,금대고깃간,축산물,금남시장,전통시장,서울특별시,,,
c307c0d59ebc2957d39c,full_annotation_v1,A,q_정육_04,고깃간,식료품 중 '정육'을 판매·제공하는 매장,train,정육,T2 동의어,0363b125-0829-46ae-b0be-f23ada850390,정성육회울산송정점,한우뭉티기&한우육회,송정청춘 골목형상점가,골목형상점가,울산광역시,,,
5f45d9244af30b2e1362,full_annotation_v1,A,q_정육_04,고깃간,식료품 중 '정육'을 판매·제공하는 매장,train,정육,T2 동의어,4b5523db-78e5-41ac-92a7-7243f43cc28f,정직한 고깃간,축산물판매 양념육판매,남구 용대로 골목형상점가,골목형상점가,광주광역시,,,
2e5b13695c94128d5153,full_annotation_v1,A,q_정육_04,고깃간,식료품 중 '정육'을 판매·제공하는 매장,train,정육,T2 동의어,003a1767-bcd6-410b-809e-d4b059ce50c6,홍성토종한우,,어울림 아차산 골목형상점가,골목형상점가,서울특별시,,,
68a8f73baf4f84c61c91,full_annotation_v1,A,q_정육_04,고깃간,식료품 중 '정육'을 판매·제공하는 매장,train,정육,T2 동의어,ad4363f5-7eae-4e5d-aa26-55671ddb191a,남도고깃간,일반음식점,용봉지구 골목형상점가,골목형상점가,광주광역시,,,
e7d44b1a1c45f2cd0f5a,full_annotation_v1,A,q_정육_04,고깃간,식료품 중 '정육'을 판매·제공하는 매장,train,정육,T2 동의어,0598b6c8-c45e-444c-9b34-ff024b885ee8,서울갈비,갈비,행복상점가,자율상권구역,경상북도,,,
8ab36019412e02889c2c,full_annotation_v1,A,q_정육_04,고깃간,식료품 중 '정육'을 판매·제공하는 매장,train,정육,T2 동의어,00e3332a-4796-482d-9660-702bcf084fb0,대흥축산,축산물,가락몰골목형상점가,골목형상점가,서울특별시,,,
9083a595c6fc84a044eb,full_annotation_v1,A,q_정육_04,고깃간,식료품 중 '정육'을 판매·제공하는 매장,train,정육,T2 동의어,02235e2b-ba17-4b33-aacc-c1d96790e83e,바다담은구이,식당,정릉시장,전통시장,서울특별시,,,
b0c61772db0d7bfc75fd,full_annotation_v1,A,q_정육_04,고깃간,식료품 중 '정육'을 판매·제공하는 매장,train,정육,T2 동의어,085ce956-bb5f-406e-b66b-310066fad991,착한정육 고깃간,소매업(식육즉석판매가공업),수정로 상권활성화구역,상권활성화구역,경기도,,,
0b6e7a0db2041426feb5,full_annotation_v1,A,q_정육_04,고깃간,식료품 중 '정육'을 판매·제공하는 매장,train,정육,T2 동의어,3e6a2059-5bed-44e4-b9cc-a39468de8043,준이네 푸줏간,,연동시장,전통시장,부산광역시,,,
cd691fdf76a265b03168,full_annotation_v1,A,q_정육_04,고깃간,식료품 중 '정육'을 판매·제공하는 매장,train,정육,T2 동의어,0130dbd3-b9ea-43f4-98fd-26d8afd90b78,모래내시장순대,식당,전주모래내시장,전통시장,전북특별자치도,,,
b3616653b7986f1aa527,full_annotation_v1,A,q_정육_04,고깃간,식료품 중 '정육'을 판매·제공하는 매장,train,정육,T2 동의어,1f83b464-d5b9-490d-aa40-6f7d01050f93,다모아참살이고깃간,정육,다모아상가 골목형상점가,골목형상점가,대전광역시,,,
119591dc47af04a8de04,full_annotation_v1,A,q_정육_04,고깃간,식료품 중 '정육'을 판매·제공하는 매장,train,정육,T2 동의어,00265ad2-bd74-4057-b201-f6a798a8a4c9,칠분통닭오치점,치킨,오치2동 골목형상점가,골목형상점가,광주광역시,,,
3135d2c9f40f342dbd2f,full_annotation_v1,A,q_정육_04,고깃간,식료품 중 '정육'을 판매·제공하는 매장,train,정육,T2 동의어,022fb5a6-69f4-4765-88db-4228cac2ef69,랭상1992,삼겹살,오치2동 골목형상점가,골목형상점가,광주광역시,,,
2d2608db0b7d02dd0149,full_annotation_v1,A,q_정육_04,고깃간,식료품 중 '정육'을 판매·제공하는 매장,train,정육,T2 동의어,2538e343-dfd5-475d-911b-489c58742748,신개념 푸줏간,,새천년 골목형상점가,골목형상점가,경기도,,,
ec483e0311b808ef0900,full_annotation_v1,A,q_정육_04,고깃간,식료품 중 '정육'을 판매·제공하는 매장,train,정육,T2 동의어,91834ee3-467a-4977-81ad-4c61cdcda138,황우네 고깃간,정육,주막거리상점가,자율상권구역,경기도,,,
71108ac6f5f218091c9a,full_annotation_v1,A,q_정육_04,고깃간,식료품 중 '정육'을 판매·제공하는 매장,train,정육,T2 동의어,0120247f-1a8e-4396-882d-6476485c3f9e,사랑채,삼겹살,봉선먹자골목 골목형상점가,골목형상점가,광주광역시,,,
df68d8cfa34f6e54e64c,full_annotation_v1,A,q_정육_04,고깃간,식료품 중 '정육'을 판매·제공하는 매장,train,정육,T2 동의어,01e3bdc3-fa69-409b-9f56-9ab1b44ede16,바우닭강정,닭강정,자양전통시장,전통시장,서울특별시,,,
b4006c306befab7b8b25,full_annotation_v1,A,q_정육_04,고깃간,식료품 중 '정육'을 판매·제공하는 매장,train,정육,T2 동의어,57d5b288-0bfe-4b6d-b454-02d8beec6161,보리네생고깃간,한식,다같이명촌회 골목형상점가,골목형상점가,울산광역시,,,
7c4abeb33c41d88b0ed4,full_annotation_v1,A,q_정육_04,고깃간,식료품 중 '정육'을 판매·제공하는 매장,train,정육,T2 동의어,28753b89-41b5-46fc-99e4-fa7414b703b8,해운대 광순이네 고깃간,,좌동재래시장,전통시장,부산광역시,,,
6877398ae7f7fc3f8162,full_annotation_v1,A,q_정육_04,고깃간,식료품 중 '정육'을 판매·제공하는 매장,train,정육,T2 동의어,9b3c4969-3813-4e9d-a4f4-76fc985e2197,금대 고깃간,양념육류 분쇄가공육제품,남부골목시장,전통시장,서울특별시,,,
a5c09cfcd28f5005b693,full_annotation_v1,A,q_정육_04,고깃간,식료품 중 '정육'을 판매·제공하는 매장,train,정육,T2 동의어,032b7c2d-89ad-4b7e-9563-c9c67c6381a9,명품한우,한우,신포동개항길골목형상점가,골목형상점가,인천광역시,,,
c010903ab9f380561035,full_annotation_v1,A,q_정육_04,고깃간,식료품 중 '정육'을 판매·제공하는 매장,train,정육,T2 동의어,7cf27866-4e11-44cb-9b43-a1cf3483cceb,참고깃간,식육,광안시장,전통시장,부산광역시,,,
422b13f1d39613cbeb48,full_annotation_v1,A,q_정육_04,고깃간,식료품 중 '정육'을 판매·제공하는 매장,train,정육,T2 동의어,0367e5f3-1bf4-4d8a-bac6-655fcc2eda3f,큰집닭강정,닭강정,신도봉시장,전통시장,서울특별시,,,
1587d416107fbd942a40,full_annotation_v1,A,q_정육_04,고깃간,식료품 중 '정육'을 판매·제공하는 매장,train,정육,T2 동의어,00176890-ac4c-4ce1-bf5b-c5e45dbf9c43,시골정육점,축산,답십리시장,전통시장,서울특별시,,,
669700905d94eb9f923d,full_annotation_v1,A,q_정육_04,고깃간,식료품 중 '정육'을 판매·제공하는 매장,train,정육,T2 동의어,3d351037-1827-44dc-bedd-dc9b4f4db23b,고깃간,식육,백석한들1번가 골목형상점가,골목형상점가,충청남도,,,
47792c98bf3288dd64c8,full_annotation_v1,A,q_정육_04,고깃간,식료품 중 '정육'을 판매·제공하는 매장,train,정육,T2 동의어,039c05c3-9a49-40ec-86ca-28415ca76d25,미쁘다담양식돼지갈비,갈비,용봉지구 골목형상점가,골목형상점가,광주광역시,,,
2dd5e1e6627fd56647dc,full_annotation_v1,A,q_정육_04,고깃간,식료품 중 '정육'을 판매·제공하는 매장,train,정육,T2 동의어,bf706d39-2340-4cad-818d-a662a54996c3,고깃간,음식(한식),장미원골목시장,전통시장,서울특별시,,,
d5694350516629288b6c,full_annotation_v1,A,q_정육_04,고깃간,식료품 중 '정육'을 판매·제공하는 매장,train,정육,T2 동의어,00652de3-165f-4988-9616-0ff0250e851d,합천식육점,,관문상가시장,전통시장,대구광역시,,,
5f7f663723c953ccf61a,full_annotation_v1,A,q_정육_04,고깃간,식료품 중 '정육'을 판매·제공하는 매장,train,정육,T2 동의어,00f60c16-d8be-497f-80f2-aab3209a8d0e,포카포카,식당,전남여고후문 골목형상점가,골목형상점가,광주광역시,,,
825265e7a3649fcb954c,full_annotation_v1,A,q_정육_04,고깃간,식료품 중 '정육'을 판매·제공하는 매장,train,정육,T2 동의어,53323b8b-dcb3-40aa-a3c7-4bef734c61fa,우와식당,한식,서문시장건해산물상가,전통시장,대구광역시,,,
e1391cc8d4f294a55034,full_annotation_v1,A,q_정육_04,고깃간,식료품 중 '정육'을 판매·제공하는 매장,train,정육,T2 동의어,eb9b13dd-6f69-4857-bfd1-2ffe3ebc5414,더 스포팅스포츠,체육교습업,포르모큐브 골목형상점가,골목형상점가,전라남도,,,
867d2acd1958a3a6afad,full_annotation_v1,A,q_정육_04,고깃간,식료품 중 '정육'을 판매·제공하는 매장,train,정육,T2 동의어,8e1223b3-0cad-47e7-9b87-c876f2a05ddb,다온고깃간,정육,중흥동 큰샘길 골목형상점가,골목형상점가,광주광역시,,,
42ecc8de16a0bd469548,full_annotation_v1,A,q_정육_04,고깃간,식료품 중 '정육'을 판매·제공하는 매장,train,정육,T2 동의어,41de9718-c9e4-4e7a-9bcd-3fbf344cab61,고귀한 고깃간,정육점 소매업,광복마을5길 골목형상점가,골목형상점가,광주광역시,,,
e2d409593ea005086deb,full_annotation_v1,A,q_정육_05,식육점,식료품 중 '정육'을 판매·제공하는 매장,train,정육,T2 동의어,00c9508a-1962-4f4c-adc8-c9227046f329,도마정육점,식육,도마큰시장,전통시장,대전광역시,,,
033887b8277aea68453b,full_annotation_v1,A,q_정육_05,식육점,식료품 중 '정육'을 판매·제공하는 매장,train,정육,T2 동의어,02cebcf5-9e57-4988-adb9-85afcb577ccd,백미옥,국밥,한마음,골목형상점가,광주광역시,,,
0165ee7ea37de0b752e3,full_annotation_v1,A,q_정육_05,식육점,식료품 중 '정육'을 판매·제공하는 매장,train,정육,T2 동의어,9047422e-308a-41d1-97e3-fed6f2443250,미성식육점,식육점,신매시장,전통시장,대구광역시,,,
9c2b9766515412b7e476,full_annotation_v1,A,q_정육_05,식육점,식료품 중 '정육'을 판매·제공하는 매장,train,정육,T2 동의어,0598b6c8-c45e-444c-9b34-ff024b885ee8,서울갈비,갈비,행복상점가,자율상권구역,경상북도,,,
8ce093a99e1ac0d3ade0,full_annotation_v1,A,q_정육_05,식육점,식료품 중 '정육'을 판매·제공하는 매장,train,정육,T2 동의어,544478ab-e7e0-401e-9255-d9d735094a11,웃는식육점,식육점,신부유람단골목형상점가,골목형상점가,충청남도,,,
22704f132f34e364c0a2,full_annotation_v1,A,q_정육_05,식육점,식료품 중 '정육'을 판매·제공하는 매장,train,정육,T2 동의어,d5aeb7e3-5c38-409b-8fdb-30301a7244ba,고기백화점,식육점,부여중앙시장,전통시장,충청남도,,,
95a12347499a565dcdd9,full_annotation_v1,A,q_정육_05,식육점,식료품 중 '정육'을 판매·제공하는 매장,train,정육,T2 동의어,3e6a2059-5bed-44e4-b9cc-a39468de8043,준이네 푸줏간,,연동시장,전통시장,부산광역시,,,
c974cebba2cf742b2877,full_annotation_v1,A,q_정육_05,식육점,식료품 중 '정육'을 판매·제공하는 매장,train,정육,T2 동의어,06d5ff46-44d5-47d0-83b7-f8c6df4af169,형제한우식육점,식육점,강진읍시장,전통시장,전라남도,,,
79dd60945144a13074fa,full_annotation_v1,A,q_정육_05,식육점,식료품 중 '정육'을 판매·제공하는 매장,train,정육,T2 동의어,023a95f4-f5cb-4b2e-b978-690c41d48d54,대송회센타,식당,대송시장,전통시장,울산광역시,,,
f832fe3b39b87eb5d97f,full_annotation_v1,A,q_정육_05,식육점,식료품 중 '정육'을 판매·제공하는 매장,train,정육,T2 동의어,b019866d-0ece-4f2b-9bce-a6f6fcfcea15,하동식육점,식육점,해운대시장,전통시장,부산광역시,,,
a42914bfedf3488b0032,full_annotation_v1,A,q_정육_05,식육점,식료품 중 '정육'을 판매·제공하는 매장,train,정육,T2 동의어,124d6e91-199b-4a5b-8e15-1f3a32344747,내송식육점,식육점,양산 남부시장,전통시장,경상남도,,,
0703cf9049dc80b1bc40,full_annotation_v1,A,q_정육_05,식육점,식료품 중 '정육'을 판매·제공하는 매장,train,정육,T2 동의어,01286ec0-50e0-4540-b678-ec706fb3bcbb,설곰식당,식당,산업용재관,전통시장,대구광역시,,,
232f381dd3ae845290a2,full_annotation_v1,A,q_정육_05,식육점,식료품 중 '정육'을 판매·제공하는 매장,train,정육,T2 동의어,00176890-ac4c-4ce1-bf5b-c5e45dbf9c43,시골정육점,축산,답십리시장,전통시장,서울특별시,,,
85bcfe3d3494d2779d4c,full_annotation_v1,A,q_정육_05,식육점,식료품 중 '정육'을 판매·제공하는 매장,train,정육,T2 동의어,55874a2d-7224-4bf0-8379-4abffdb9ef0d,총각정육백화점,식육점,사직시장,전통시장,부산광역시,,,
5124f5f0f72399abec98,full_annotation_v1,A,q_정육_05,식육점,식료품 중 '정육'을 판매·제공하는 매장,train,정육,T2 동의어,00889968-cd4d-41f2-8c6f-39e3928858a7,행복한 정육점,고기,테크노밸리 골목형상점가,골목형상점가,대전광역시,,,
20e1c79dbf93d7ca4ff8,full_annotation_v1,A,q_정육_05,식육점,식료품 중 '정육'을 판매·제공하는 매장,train,정육,T2 동의어,00a5a31e-6208-4900-9553-18f188bfcbfc,올바른고깃간일곡점,정육점,일곡동 골목형상점가,골목형상점가,광주광역시,,,
93263f12db532f5e89cb,full_annotation_v1,A,q_정육_05,식육점,식료품 중 '정육'을 판매·제공하는 매장,train,정육,T2 동의어,272c7424-a05e-4d3d-8658-d544717f150a,낙원식육점,식육점,연일전통시장,전통시장,경상북도,,,
219bb10d443ed80b2266,full_annotation_v1,A,q_정육_05,식육점,식료품 중 '정육'을 판매·제공하는 매장,train,정육,T2 동의어,004961cf-a775-4bcc-87a9-067c385bb9e7,삼미식육,식육,구포축산물도매시장,전통시장,부산광역시,,,
2ef4e1550f118b614578,full_annotation_v1,A,q_정육_05,식육점,식료품 중 '정육'을 판매·제공하는 매장,train,정육,T2 동의어,b5265e15-973f-40e7-9c11-88ccddcbcfa8,기장식육점,식육점,동래시장,전통시장,부산광역시,,,
d459806c92502034557b,full_annotation_v1,A,q_정육_05,식육점,식료품 중 '정육'을 판매·제공하는 매장,train,정육,T2 동의어,00e3332a-4796-482d-9660-702bcf084fb0,대흥축산,축산물,가락몰골목형상점가,골목형상점가,서울특별시,,,
734de3eeb29069187517,full_annotation_v1,A,q_정육_05,식육점,식료품 중 '정육'을 판매·제공하는 매장,train,정육,T2 동의어,fcc32667-91b0-492a-a15f-4c76e5bbd795,진미식품,식육점,영해종합시장,전통시장,부산광역시,,,
c40b64ca7688ab3d16e4,full_annotation_v1,A,q_정육_05,식육점,식료품 중 '정육'을 판매·제공하는 매장,train,정육,T2 동의어,c4cd913e-9cce-49d3-ba7d-c7b2a17b1ebf,명성한우,식육점,수암상가시장,전통시장,울산광역시,,,
7253dbe38232fff90ce7,full_annotation_v1,A,q_정육_05,식육점,식료품 중 '정육'을 판매·제공하는 매장,train,정육,T2 동의어,f4d812d3-403e-40fd-a894-c821318aa1dd,울림식육점,식육점,화정동 서부시장,전통시장,,,,
b8f768dd5c53564494bc,full_annotation_v1,A,q_정육_05,식육점,식료품 중 '정육'을 판매·제공하는 매장,train,정육,T2 동의어,00ac87c2-aed5-4a62-8b09-76cbea625145,내고향청보리한우직판장,소고기 돼지고기,마륵동상인회 골목형상점가,골목형상점가,광주광역시,,,
68513328f1a9375fc021,full_annotation_v1,A,q_정육_05,식육점,식료품 중 '정육'을 판매·제공하는 매장,train,정육,T2 동의어,1a5d8e8b-37cc-4bfc-88f3-0c84ceaad21c,우등식육점,식육점,영광터미널시장,전통시장,전라남도,,,
9be3a383ca41a7059f42,full_annotation_v1,A,q_정육_05,식육점,식료품 중 '정육'을 판매·제공하는 매장,train,정육,T2 동의어,28753b89-41b5-46fc-99e4-fa7414b703b8,해운대 광순이네 고깃간,,좌동재래시장,전통시장,부산광역시,,,
790ac865390cba2d448c,full_annotation_v1,A,q_정육_05,식육점,식료품 중 '정육'을 판매·제공하는 매장,train,정육,T2 동의어,003e9326-9010-4e27-b844-c62b81ad2df8,다이소 광주 호남대점,소매,선운별 골목형상점가,골목형상점가,광주광역시,,,
d86e83a6236349b3f2ef,full_annotation_v1,A,q_정육_05,식육점,식료품 중 '정육'을 판매·제공하는 매장,train,정육,T2 동의어,59fd268f-ce4f-42cf-8723-6dc548238504,태성예스런한우식육점,식육점,산격종합시장,전통시장,대구광역시,,,
5fe040b9acc045ab897e,full_annotation_v1,A,q_정육_05,식육점,식료품 중 '정육'을 판매·제공하는 매장,train,정육,T2 동의어,0b1d8447-88e5-4681-a91b-dfacf11955d8,양화정,갈비,합정동먹자골목골목형상점가,골목형상점가,서울특별시,,,
473885151103ccc1a20f,full_annotation_v1,A,q_정육_05,식육점,식료품 중 '정육'을 판매·제공하는 매장,train,정육,T2 동의어,86ddd3a6-557a-49f9-8ea2-0f520c55b844,총각네고깃간,,일곡동(제1지역:자연마을 일동초 거리) 골목형상점가,골목형상점가,,,,
6858d17c809ee3a5146a,full_annotation_v1,A,q_정육_05,식육점,식료품 중 '정육'을 판매·제공하는 매장,train,정육,T2 동의어,0038f694-919c-4289-8bc1-a5e6549274e1,달인닭강정,닭강정,서귀포매일올레시장,전통시장,제주특별자치도,,,
75c2445fa09adeb14845,full_annotation_v1,A,q_정육_05,식육점,식료품 중 '정육'을 판매·제공하는 매장,train,정육,T2 동의어,0120247f-1a8e-4396-882d-6476485c3f9e,사랑채,삼겹살,봉선먹자골목 골목형상점가,골목형상점가,광주광역시,,,
ab9210083b334aba7fae,full_annotation_v1,A,q_정육_05,식육점,식료품 중 '정육'을 판매·제공하는 매장,train,정육,T2 동의어,5f5a8f6d-bddb-4c92-a943-6d5bb90810f9,삼부식육점,식육점,하단자율상권구역,기타,부산광역시,,,
3ad05cf8854f77ff2d3e,full_annotation_v1,A,q_정육_05,식육점,식료품 중 '정육'을 판매·제공하는 매장,train,정육,T2 동의어,53de4da3-2193-4d19-967f-4a3ee7e4eaef,럭키축산,식육점,청담삼익시장,전통시장,서울특별시,,,
09acb329aee485ac3009,full_annotation_v1,A,q_정육_05,식육점,식료품 중 '정육'을 판매·제공하는 매장,train,정육,T2 동의어,0023ae9b-466c-4881-afd0-ff8ac2890d72,돈.우정육점,식육,여수서시장주변시장,전통시장,전라남도,,,
6f4d60287718276b3d16,full_annotation_v1,A,q_정육_05,식육점,식료품 중 '정육'을 판매·제공하는 매장,train,정육,T2 동의어,bf78578b-f59c-407e-90ec-36c8a2368e3e,미화당참한우조곡돌식육점,식육점,대왕암 월봉시장,전통시장,울산광역시,,,
36d204477dc9a4565141,full_annotation_v1,A,q_정육_05,식육점,식료품 중 '정육'을 판매·제공하는 매장,train,정육,T2 동의어,0031b1fc-4212-4c47-9dad-a8fa10d8bf85,㈜금원유통,축산물,마장축산물시장,전통시장,서울특별시,,,
74a2cf60cc41b7f33fb6,full_annotation_v1,A,q_정육_05,식육점,식료품 중 '정육'을 판매·제공하는 매장,train,정육,T2 동의어,46a2b7be-7552-4808-96ee-91f8c10ad274,동원센타,식육점,구포축산물도매시장,전통시장,부산광역시,,,
66d6d05bd2557f68653e,full_annotation_v1,A,q_정육_05,식육점,식료품 중 '정육'을 판매·제공하는 매장,train,정육,T2 동의어,2a7eca4b-ca80-4652-b91b-182ccba77e24,부자식육점,식육점,부전시장,전통시장,부산광역시,,,
5a6554d22c0f793369c5,full_annotation_v1,A,q_정육_05,식육점,식료품 중 '정육'을 판매·제공하는 매장,train,정육,T2 동의어,0034b8e3-c78f-4e08-9a23-2414863de721,정육공방,소고기 돼지고기,구갈상점가,자율상권구역,경기도,,,
7f8b7609d1bd5443e1ae,full_annotation_v1,A,q_정육_05,식육점,식료품 중 '정육'을 판매·제공하는 매장,train,정육,T2 동의어,03f541e1-2781-4bd2-91a9-65b9196d82b4,또래오래치킨&참닭,삼겹살,노대물빛근린공원 골목형상점가,골목형상점가,광주광역시,,,
a10404dd477dc77ef967,full_annotation_v1,A,q_정육_05,식육점,식료품 중 '정육'을 판매·제공하는 매장,train,정육,T2 동의어,5dd4ab1b-42ea-466b-80dc-9a2b3afb42fa,한우장터,식육점,건국다복 골목형상점가,골목형상점가,광주광역시,,,
fa421e2444fee455cd1f,full_annotation_v1,A,q_정육_05,식육점,식료품 중 '정육'을 판매·제공하는 매장,train,정육,T2 동의어,88843ea8-ad06-4c38-a249-ce6d1621a987,꼬아살롱,미용,고운마음 골목형상점가,골목형상점가,세종특별자치시,,,
f75f0d39e722d2e3d526,full_annotation_v1,A,q_정육_05,식육점,식료품 중 '정육'을 판매·제공하는 매장,train,정육,T2 동의어,564de640-694f-4797-af66-a5d1df9c489f,푸줏간,,김천평화시장,전통시장,경상북도,,,
933a8e6038cf62c93449,full_annotation_v1,A,q_정육_05,식육점,식료품 중 '정육'을 판매·제공하는 매장,train,정육,T2 동의어,1ab6c987-cea2-4cf2-82e8-b2cc6fab31d0,우암식육점,식육점,우암골목시장,전통시장,부산광역시,,,
7453cc68516a33e9dae6,full_annotation_v1,A,q_정육_05,식육점,식료품 중 '정육'을 판매·제공하는 매장,train,정육,T2 동의어,ad2340d9-df69-4d6b-b095-4300ba4c565e,대성식육점,식육점,신평골목시장,전통시장,부산광역시,,,
1a3aa18f28e5760ec12b,full_annotation_v1,A,q_정육_05,식육점,식료품 중 '정육'을 판매·제공하는 매장,train,정육,T2 동의어,0008f8f4-4c6e-4c4a-ad64-76aaea3d2d18,대성정육점,정육,평택국제중앙시장,전통시장,경기도,,,
68fa91729f5b9a6de647,full_annotation_v1,A,q_정육_05,식육점,식료품 중 '정육'을 판매·제공하는 매장,train,정육,T2 동의어,71aebd10-3189-46fc-8212-80e06b43bda7,새인양식육점,식육점,태화시장,전통시장,울산광역시,,,
2b302ec1e8340c88d24a,full_annotation_v1,A,q_정육_05,식육점,식료품 중 '정육'을 판매·제공하는 매장,train,정육,T2 동의어,7ed8a0b8-e95d-4a9a-9a9f-5dd48315f429,산청축산,식육점,개금골목시장,전통시장,부산광역시,,,
890ff00d847b0777a1a1,full_annotation_v1,A,q_정육_05,식육점,식료품 중 '정육'을 판매·제공하는 매장,train,정육,T2 동의어,a387d3f1-6a9f-4b83-8361-2579f7486d75,농가축산,식육점,여수교동시장,전통시장,전라남도,,,
6756864c6f55c6904012,full_annotation_v1,A,q_정육_05,식육점,식료품 중 '정육'을 판매·제공하는 매장,train,정육,T2 동의어,022fb5a6-69f4-4765-88db-4228cac2ef69,랭상1992,삼겹살,오치2동 골목형상점가,골목형상점가,광주광역시,,,
f7f43ec2ab327e135540,full_annotation_v1,A,q_정육_05,식육점,식료품 중 '정육'을 판매·제공하는 매장,train,정육,T2 동의어,d0250225-2755-41c2-8894-1e131dbca3a5,달달프룻,커피 등,두류젊코상권,상권활성화구역,대구광역시,,,
3ce577a45d3bec01bbee,full_annotation_v1,A,q_정육_05,식육점,식료품 중 '정육'을 판매·제공하는 매장,train,정육,T2 동의어,56073db9-b8ba-4b49-8283-e1fc1b4d837d,금호식육점,식육점,창원 지귀시장,전통시장,경상남도,,,
3287ba8d38002f3381fd,full_annotation_v1,A,q_정육_05,식육점,식료품 중 '정육'을 판매·제공하는 매장,train,정육,T2 동의어,00f60c16-d8be-497f-80f2-aab3209a8d0e,포카포카,식당,전남여고후문 골목형상점가,골목형상점가,광주광역시,,,
0ea33e77b64f11c11e0e,full_annotation_v1,A,q_정육_05,식육점,식료품 중 '정육'을 판매·제공하는 매장,train,정육,T2 동의어,8eb5c7d5-db76-4ef3-8f36-06e7b1b2c7b8,복화식육점,식육점,번개시장,전통시장,대구광역시,,,
3f62e54e75e31948ee62,full_annotation_v1,A,q_정육_05,식육점,식료품 중 '정육'을 판매·제공하는 매장,train,정육,T2 동의어,9dcb17c9-dddb-42b5-a34b-dee0b6799d45,안동식육점,식육점,신매시장,전통시장,대구광역시,,,
971a9b25202796f24e30,full_annotation_v1,A,q_정육_05,식육점,식료품 중 '정육'을 판매·제공하는 매장,train,정육,T2 동의어,32dd9f89-31de-4b45-bb67-6cefaa1f4748,신매한우촌,식육점,신매시장,전통시장,대구광역시,,,
5725c3f7701da2e73098,full_annotation_v1,A,q_정육_05,식육점,식료품 중 '정육'을 판매·제공하는 매장,train,정육,T2 동의어,85037848-7b84-451b-a753-2278020842c0,김해식육점,식육점,남항시장,전통시장,부산광역시,,,
e21b10beb505edefee8e,full_annotation_v1,A,q_정육_05,식육점,식료품 중 '정육'을 판매·제공하는 매장,train,정육,T2 동의어,00265ad2-bd74-4057-b201-f6a798a8a4c9,칠분통닭오치점,치킨,오치2동 골목형상점가,골목형상점가,광주광역시,,,
e87e2dd4f30b980239dc,full_annotation_v1,A,q_정육_05,식육점,식료품 중 '정육'을 판매·제공하는 매장,train,정육,T2 동의어,00e45da9-1bb4-42fa-b0a8-63cdcea52143,수유중앙축산물백화점,정육,수유중앙시장,전통시장,서울특별시,,,
4b6a3333c860343dffe5,full_annotation_v1,A,q_정육_05,식육점,식료품 중 '정육'을 판매·제공하는 매장,train,정육,T2 동의어,5884d750-ab2e-44d3-b5c7-6fc0f6586c14,두호식육점,식육점,두호1시장,전통시장,경상북도,,,
f47ba6fd6fec550fd39f,full_annotation_v1,A,q_정육_05,식육점,식료품 중 '정육'을 판매·제공하는 매장,train,정육,T2 동의어,02235e2b-ba17-4b33-aacc-c1d96790e83e,바다담은구이,식당,정릉시장,전통시장,서울특별시,,,
97ffb0bf8ca840788dd8,full_annotation_v1,A,q_정육_05,식육점,식료품 중 '정육'을 판매·제공하는 매장,train,정육,T2 동의어,000d4d47-3a3f-4a73-9fce-cd3802a5ebb3,은여우두마리치킨,치킨,봉곡우전로 골목형상점가,골목형상점가,전북특별자치도,,,
07f6589f9b3ecddd23fc,full_annotation_v1,A,q_정육_05,식육점,식료품 중 '정육'을 판매·제공하는 매장,train,정육,T2 동의어,077a8b07-18a1-4685-85ca-f2219c17982b,웅진식육점,식육점,경주성동공설시장,전통시장,경상북도,,,
5309237c8c3805d9e824,full_annotation_v1,A,q_정육_05,식육점,식료품 중 '정육'을 판매·제공하는 매장,train,정육,T2 동의어,263d4cd1-5a0d-45b6-9e68-b38558e9f160,고깃간,,부평종합시장,전통시장,인천광역시,,,
2afb07a5eeee375ea7da,full_annotation_v1,A,q_정육_05,식육점,식료품 중 '정육'을 판매·제공하는 매장,train,정육,T2 동의어,5059701c-6d8f-4550-86d7-963663805c1c,한우나라돼지마을,식육점,우산매일시장,전통시장,광주광역시,,,
79d5df9d151769a5f28d,full_annotation_v1,A,q_정육_05,식육점,식료품 중 '정육'을 판매·제공하는 매장,train,정육,T2 동의어,0367e5f3-1bf4-4d8a-bac6-655fcc2eda3f,큰집닭강정,닭강정,신도봉시장,전통시장,서울특별시,,,
de9a7ac0bf3e26102eb5,full_annotation_v1,A,q_정육_05,식육점,식료품 중 '정육'을 판매·제공하는 매장,train,정육,T2 동의어,ddde331d-8379-4731-8ebf-f20b2a88569c,대송정육마트,식육점,대송시장,전통시장,울산광역시,,,
359754e85f3fa9ded89f,full_annotation_v1,A,q_정육_05,식육점,식료품 중 '정육'을 판매·제공하는 매장,train,정육,T2 동의어,0597dc37-5367-427f-b3d0-0413a18bb750,경성식육점,식육점,신울산종합시장,전통시장,울산광역시,,,
e60d0678dfe4c2bab8f1,full_annotation_v1,A,q_정육_05,식육점,식료품 중 '정육'을 판매·제공하는 매장,train,정육,T2 동의어,008615e0-6a3d-45a3-b0ce-af168ae6e16e,행담정육점,소고기 돼지고기 정육,대곡시장,전통시장,대구광역시,,,
2c2d40063eaf59326840,full_annotation_v1,A,q_정육_05,식육점,식료품 중 '정육'을 판매·제공하는 매장,train,정육,T2 동의어,e23df104-9954-4ae6-99df-7897bffb3fc7,선일식육점,식육점,서귀포매일올레시장,전통시장,제주특별자치도,,,
7428b7cc234072c5e60e,full_annotation_v1,A,q_정육_05,식육점,식료품 중 '정육'을 판매·제공하는 매장,train,정육,T2 동의어,f2560579-4a4e-4905-91a0-afb2fb5a7156,세종사격장,사격 교육,고운마음 골목형상점가,골목형상점가,세종특별자치시,,,
0a7450bfc9e1fe7cd25b,full_annotation_v1,A,q_정육_05,식육점,식료품 중 '정육'을 판매·제공하는 매장,train,정육,T2 동의어,080611f9-2bc6-485c-88ff-62a839f9cbd2,푸줏간 수정점,,황금수정 골목형상점가,골목형상점가,부산광역시,,,
e0ff8098305908c8868e,full_annotation_v1,A,q_정육_05,식육점,식료품 중 '정육'을 판매·제공하는 매장,train,정육,T2 동의어,919d8b32-b837-46d0-bfaf-e2d0f285fd33,금강식육점,식육점,동천동 상인회 골목형상점가,골목형상점가,광주광역시,,,
b13ca2b45a71c1c9e8b8,full_annotation_v1,A,q_정육_05,식육점,식료품 중 '정육'을 판매·제공하는 매장,train,정육,T2 동의어,d6f49bcb-37de-4058-be5c-263649bf7b59,시민정육점,식육점,포항죽도시장,전통시장,경상북도,,,
c69c8e8328d2d8af9ff7,full_annotation_v1,A,q_정육_05,식육점,식료품 중 '정육'을 판매·제공하는 매장,train,정육,T2 동의어,80009823-8bed-4194-8946-546870be5338,성주식육점,식육점,서남신시장,전통시장,대구광역시,,,
506091614e615da7c26b,full_annotation_v1,A,q_정육_05,식육점,식료품 중 '정육'을 판매·제공하는 매장,train,정육,T2 동의어,9211cda0-4ac6-4454-871b-59ae2b54ba9e,남강정육점,식육점,수유중앙골목시장골목형상점가,골목형상점가,서울특별시,,,
e5c0bc0be929a5711076,full_annotation_v1,A,q_정육_05,식육점,식료품 중 '정육'을 판매·제공하는 매장,train,정육,T2 동의어,a46f8985-4d29-4b64-8861-989cbc157a28,청송식육점,식육점,사직시장,전통시장,부산광역시,,,
15c2047d9de14bcf2040,full_annotation_v1,A,q_정육_05,식육점,식료품 중 '정육'을 판매·제공하는 매장,train,정육,T2 동의어,00bdaed4-8c0c-4e39-9198-736e0be49945,대신식육,식육,중앙식료시장(중앙먹통시장),전통시장,전라남도,,,
ec62a7d36a010afff682,full_annotation_v1,A,q_정육_05,식육점,식료품 중 '정육'을 판매·제공하는 매장,train,정육,T2 동의어,9f751732-05e7-4b86-abe2-e21f249c8721,한우리정육점,식육점,금촌명동로시장,전통시장,경기도,,,
30b996dd411182a061ff,full_annotation_v1,A,q_정육_05,식육점,식료품 중 '정육'을 판매·제공하는 매장,train,정육,T2 동의어,9a112640-301c-437e-ab05-41a2f418c81a,삼진식당,식육점,대인시장,전통시장,,,,
c8d052ae9f8439ec1e61,full_annotation_v1,A,q_정육_05,식육점,식료품 중 '정육'을 판매·제공하는 매장,train,정육,T2 동의어,18a5619d-c878-4a3c-9fe5-4093460e3df5,주식회사 청년푸줏간,,인천모래내전통시장,전통시장,인천광역시,,,
735914f15d8a9c82ec03,full_annotation_v1,A,q_정육_05,식육점,식료품 중 '정육'을 판매·제공하는 매장,train,정육,T2 동의어,d17303a7-3135-4849-a82c-efd0ced71990,첨단회관,음식주정이외의 주류,첨단이웃사랑 골목형상점가,골목형상점가,광주광역시,,,
bce365a7b576986e0182,full_annotation_v1,A,q_정육_05,식육점,식료품 중 '정육'을 판매·제공하는 매장,train,정육,T2 동의어,e857181a-b1b9-4250-bcde-ccb69473c32c,도구통식육점,식육점,용호삼성시장,전통시장,부산광역시,,,
eafad36ea8ffa3d7f341,full_annotation_v1,A,q_정육_05,식육점,식료품 중 '정육'을 판매·제공하는 매장,train,정육,T2 동의어,f721cb03-ac67-454f-b612-50e03a1ddfaf,양산식육점,식육점,구포축산물도매시장,전통시장,부산광역시,,,
2166a67fafdbbf334d08,full_annotation_v1,A,q_정육_05,식육점,식료품 중 '정육'을 판매·제공하는 매장,train,정육,T2 동의어,008f0459-6681-4e70-8149-1a6d9ff1a2a5,육간지,삼겹살,구미 진평음식문화특화거리 골목형상점가,골목형상점가,경상북도,,,
3a8d59c3570a4a3c68db,full_annotation_v1,A,q_정육_05,식육점,식료품 중 '정육'을 판매·제공하는 매장,train,정육,T2 동의어,2a73fb26-9976-4d8b-9f01-07984c97e5ce,동광식육점,식육점,부산데파트상가,전통시장,부산광역시,,,
83bd3662e83f8e818e5d,full_annotation_v1,A,q_정육_05,식육점,식료품 중 '정육'을 판매·제공하는 매장,train,정육,T2 동의어,82f6beb9-750c-40b5-b5cf-390b0697233d,교동닭발,닭발,전주동문상점가,자율상권구역,전북특별자치도,,,
93d0a3da32506308ef1c,full_annotation_v1,A,q_정육_05,식육점,식료품 중 '정육'을 판매·제공하는 매장,train,정육,T2 동의어,00831405-3dce-4f59-90cd-81fc3f837a63,보광축산,정육,원당시장(구 원당전통시장),전통시장,경기도,,,
5c659a75e2daddf49f02,full_annotation_v1,A,q_정육_05,식육점,식료품 중 '정육'을 판매·제공하는 매장,train,정육,T2 동의어,62337e6d-303e-490a-a27e-38d3bf31effb,칠성상회,,대구능금시장,전통시장,대구광역시,,,
64ed8b836debbafde071,full_annotation_v1,A,q_정육_05,식육점,식료품 중 '정육'을 판매·제공하는 매장,train,정육,T2 동의어,282f2f6d-ad52-411f-a6df-4f128a9d6766,온정김치,반찬,반드레길골목형상점가,골목형상점가,서울특별시,,,
474a8bb7c53222798039,full_annotation_v1,A,q_정육_05,식육점,식료품 중 '정육'을 판매·제공하는 매장,train,정육,T2 동의어,01b7e8c6-feb8-4cff-a63e-2376ae18dd41,원조생굴뚝배기,국밥,고령대가야시장,전통시장,경상북도,,,
1f144c5bf3855ebd0a04,full_annotation_v1,A,q_정육_05,식육점,식료품 중 '정육'을 판매·제공하는 매장,train,정육,T2 동의어,001dda38-7874-4460-b3b0-a5717b6c36d7,오송 곱창,"한우곱창, 한우막창, 한우모듬, 한우대창, 한우염통",오송1산단오스코로골목형상점가,골목형상점가,충청북도,,,
c99313734a5e62fa8fb0,full_annotation_v1,A,q_정육_05,식육점,식료품 중 '정육'을 판매·제공하는 매장,train,정육,T2 동의어,02431c66-e0a9-4432-8bbe-9299f785104b,대성식육점,식육점,속초중앙전통시장,전통시장,강원특별자치도,,,
532107ba1e8c748a4d12,full_annotation_v1,A,q_정육_05,식육점,식료품 중 '정육'을 판매·제공하는 매장,train,정육,T2 동의어,43207ab9-1aae-4898-8cff-584a4507513a,동일정육점,식육점,용인중앙시장,전통시장,경기도,,,
f947d4569c3cc6377e7c,full_annotation_v1,A,q_정육_05,식육점,식료품 중 '정육'을 판매·제공하는 매장,train,정육,T2 동의어,0130dbd3-b9ea-43f4-98fd-26d8afd90b78,모래내시장순대,식당,전주모래내시장,전통시장,전북특별자치도,,,
f6cb8b2b41cba7ef8efd,full_annotation_v1,A,q_정육_05,식육점,식료품 중 '정육'을 판매·제공하는 매장,train,정육,T2 동의어,b380cb25-b629-4dab-9585-1f62c7bbb64a,미경닭집,식육점,동송시장,전통시장,강원특별자치도,,,
26dde9620584463ca07d,full_annotation_v1,A,q_정육_05,식육점,식료품 중 '정육'을 판매·제공하는 매장,train,정육,T2 동의어,0363b125-0829-46ae-b0be-f23ada850390,정성육회울산송정점,한우뭉티기&한우육회,송정청춘 골목형상점가,골목형상점가,울산광역시,,,
7d9b3c24b260bb1ab51b,full_annotation_v1,A,q_정육_05,식육점,식료품 중 '정육'을 판매·제공하는 매장,train,정육,T2 동의어,0007af17-f23e-49b9-b7c1-5a9968727cfd,오늘닭강정,닭강정,목원대 골목형상점가,골목형상점가,대전광역시,,,
d48625e0d98c1b3f4b4c,full_annotation_v1,A,q_정육_05,식육점,식료품 중 '정육'을 판매·제공하는 매장,train,정육,T2 동의어,41d11001-9d7b-4965-9bae-0af94922cf12,철이네고깃간(중흥점),,유동 경열로 골목형상점가,골목형상점가,광주광역시,,,
3d8a1b9921033887de0d,full_annotation_v1,A,q_정육_05,식육점,식료품 중 '정육'을 판매·제공하는 매장,train,정육,T2 동의어,c0a0a94f-f4ea-46be-9e6c-7c18806fa8d0,만석식육점,식육점,밀양 원도심 햇살문화 상권활성화 구역,상권활성화구역,경상남도,,,
5a1960a3374c2e882542,full_annotation_v1,A,q_정육_05,식육점,식료품 중 '정육'을 판매·제공하는 매장,train,정육,T2 동의어,01c857cd-3f28-4d83-8fa4-e0abcfb44fbd,수연국밥,국밥,두암사거리 골목형상점가,골목형상점가,광주광역시,,,
840d21179647761768d7,full_annotation_v1,A,q_정육_05,식육점,식료품 중 '정육'을 판매·제공하는 매장,train,정육,T2 동의어,a25fd45b-1e9c-4cfc-a607-046d91b5a5cb,천록유통,식육점,포항죽도시장,전통시장,경상북도,,,
c72fec8e9550521aecd1,full_annotation_v1,A,q_정육_05,식육점,식료품 중 '정육'을 판매·제공하는 매장,train,정육,T2 동의어,009f034c-8e3b-4a32-aab3-55ece8718004,장봐주는언니 임동점,농수축산물및 가공식품,제니스 골목형상점가,골목형상점가,광주광역시,,,
84e66c032ce08da14c9d,full_annotation_v1,A,q_정육_05,식육점,식료품 중 '정육'을 판매·제공하는 매장,train,정육,T2 동의어,0091c18f-a074-4703-9af5-05c6495e38af,이지비야,고기,아름다운삼정로 골목형상점가,골목형상점가,광주광역시,,,
47f7a4bb4f2283a9f056,full_annotation_v1,A,q_정육_05,식육점,식료품 중 '정육'을 판매·제공하는 매장,train,정육,T2 동의어,561ee81b-db02-4633-8a04-8c0f074c1187,후아나,카페,석계역 골목형상점가,골목형상점가,서울특별시,,,
bd92342ff31b1f9f8003,full_annotation_v1,A,q_정육_05,식육점,식료품 중 '정육'을 판매·제공하는 매장,train,정육,T2 동의어,05be8e6e-05cb-43d5-8c9e-ab68776e957b,낙원갈비집 부천옥길점,,부천 옥길 골목형상점가,골목형상점가,경기도,,,
87cd152c408f7e2c0609,full_annotation_v1,A,q_정육_05,식육점,식료품 중 '정육'을 판매·제공하는 매장,train,정육,T2 동의어,aa055293-e316-4549-a162-b2d489f30e10,효은식육점,식육점,연일전통시장,전통시장,경상북도,,,
0379e7a559d18b49693f,full_annotation_v1,A,q_정육_05,식육점,식료품 중 '정육'을 판매·제공하는 매장,train,정육,T2 동의어,005ea303-f9b7-4f3e-abcc-8460ca84ba44,은성축산물직판장,"도소매(축산물,식육판매)",남문시장,전통시장,서울특별시,,,
04a3478751edfe1563a0,full_annotation_v1,A,q_정육_05,식육점,식료품 중 '정육'을 판매·제공하는 매장,train,정육,T2 동의어,00019073-6f11-4f0f-b26f-342cc4f92c0a,만선회센타,음식및숙박업(일본음식점업),전북대대학로상점가,자율상권구역,전북특별자치도,,,
4d147f2bb192d4f5afc2,full_annotation_v1,A,q_정육_05,식육점,식료품 중 '정육'을 판매·제공하는 매장,train,정육,T2 동의어,c03876f3-e321-4d01-b236-fee61276db34,축산물명품관,식육점,수암상가시장,전통시장,울산광역시,,,
6b4bfc6892cd72694625,full_annotation_v1,A,q_정육_05,식육점,식료품 중 '정육'을 판매·제공하는 매장,train,정육,T2 동의어,672f1302-571d-4af3-8fcc-83ddd2caabbc,참고깃간,,명륜시실로 골목형상점가,골목형상점가,부산광역시,,,
f52ad05afa01b4c77892,full_annotation_v1,A,q_정육_05,식육점,식료품 중 '정육'을 판매·제공하는 매장,train,정육,T2 동의어,1ba44178-92cb-4e4a-a414-58d28ff15388,테이큰커피 반포점,커피,반드레길골목형상점가,골목형상점가,서울특별시,,,
f9ee977a1ff3c4f9f702,full_annotation_v1,A,q_정육_05,식육점,식료품 중 '정육'을 판매·제공하는 매장,train,정육,T2 동의어,af22ec29-993c-4307-945d-bc7ddb2705e8,우리네축산,축산물,석계역 골목형상점가,골목형상점가,서울특별시,,,
3c057e6eff96afae3ef1,full_annotation_v1,A,q_정육_05,식육점,식료품 중 '정육'을 판매·제공하는 매장,train,정육,T2 동의어,ba364402-60e7-4698-b7aa-404fc23f7a65,군민식육점,식육점,함양 지리산함양시장,전통시장,경상남도,,,
99947dfc3216a0226722,full_annotation_v1,A,q_정육_05,식육점,식료품 중 '정육'을 판매·제공하는 매장,train,정육,T2 동의어,c186cb44-e5f2-4b61-be12-8f8e222b3d43,풀잎코너,잡화,창동골목시장,전통시장,서울특별시,,,
deb5c533b34a6a328871,full_annotation_v1,A,q_정육_05,식육점,식료품 중 '정육'을 판매·제공하는 매장,train,정육,T2 동의어,6c0c09b0-b6fb-41bf-b93f-105dbc5a5a64,부일식육점,식육점,합천왕후시장,전통시장,경상남도,,,
18b76e236e7e901c6452,full_annotation_v1,A,q_정육_05,식육점,식료품 중 '정육'을 판매·제공하는 매장,train,정육,T2 동의어,13633742-b737-42b8-b4c5-efff9dc6851d,신해오름축산물도매센터,식육점,칠성상가시장,전통시장,대구광역시,,,
bbc5a622ca108c39e673,full_annotation_v1,A,q_정육_05,식육점,식료품 중 '정육'을 판매·제공하는 매장,train,정육,T2 동의어,faf9593e-f14a-44d2-bf48-9a3976469568,부광식육점,식육점,사직시장,전통시장,부산광역시,,,
9081d14bb3e5e9148c8b,full_annotation_v1,A,q_정육_05,식육점,식료품 중 '정육'을 판매·제공하는 매장,train,정육,T2 동의어,003a1767-bcd6-410b-809e-d4b059ce50c6,홍성토종한우,,어울림 아차산 골목형상점가,골목형상점가,서울특별시,,,
32f13ee30e5326e5569d,full_annotation_v1,A,q_정육_05,식육점,식료품 중 '정육'을 판매·제공하는 매장,train,정육,T2 동의어,5225d591-28d0-4249-91cf-2b80449d55ac,서라벌고기백화점,식육점,수암상가시장,전통시장,울산광역시,,,
0eff963f05f86e01ec38,full_annotation_v1,A,q_정육_05,식육점,식료품 중 '정육'을 판매·제공하는 매장,train,정육,T2 동의어,01e3bdc3-fa69-409b-9f56-9ab1b44ede16,바우닭강정,닭강정,자양전통시장,전통시장,서울특별시,,,
1eecdfca121e636a6de1,full_annotation_v1,A,q_정육_05,식육점,식료품 중 '정육'을 판매·제공하는 매장,train,정육,T2 동의어,039c05c3-9a49-40ec-86ca-28415ca76d25,미쁘다담양식돼지갈비,갈비,용봉지구 골목형상점가,골목형상점가,광주광역시,,,
8df213d58fe978987b32,full_annotation_v1,A,q_정육_05,식육점,식료품 중 '정육'을 판매·제공하는 매장,train,정육,T2 동의어,bf754421-0fa5-4d53-834c-9c9791627931,슈퍼맨 식육점,식육점,창원 사파동성종합상가,전통시장,경상남도,,,
ab3211dfe44a08701396,full_annotation_v1,A,q_정육_05,식육점,식료품 중 '정육'을 판매·제공하는 매장,train,정육,T2 동의어,0e52fc40-91db-487d-b3e9-84b98c4ae57e,흥부식육점,식육점,두호1시장,전통시장,경상북도,,,
90a7dda40fbae4806d80,full_annotation_v1,A,q_정육_05,식육점,식료품 중 '정육'을 판매·제공하는 매장,train,정육,T2 동의어,0287935d-6e8e-465e-930c-b5e8e06c38c4,탄방 고기돈,삼겹살,탄방새마을 골목형상점가,골목형상점가,대전광역시,,,
9a81c94c57966d5b30dc,full_annotation_v1,A,q_정육_05,식육점,식료품 중 '정육'을 판매·제공하는 매장,train,정육,T2 동의어,ad8d8e75-e76f-4ab9-b0cc-23ab6791360b,동원식육점,식육점,용호골목시장,전통시장,부산광역시,,,
50517234bf52421aa58b,full_annotation_v1,A,q_정육_05,식육점,식료품 중 '정육'을 판매·제공하는 매장,train,정육,T2 동의어,000bc123-8986-4a63-bd89-6076138ae351,왕장상회,치킨,자양전통시장,전통시장,서울특별시,,,
44a699cf76189506496c,full_annotation_v1,A,q_정육_05,식육점,식료품 중 '정육'을 판매·제공하는 매장,train,정육,T2 동의어,4444f23d-4c5e-4a99-a2f7-0a3bfd088644,대주식육점,식육점,대연시장,전통시장,부산광역시,,,
a06312dd67409fefe237,full_annotation_v1,A,q_정육_05,식육점,식료품 중 '정육'을 판매·제공하는 매장,train,정육,T2 동의어,6b2e733c-4661-41b0-8b71-41fe34e1bce7,양지식육점,식육점,나주목사고을시장,전통시장,,,,
eee6cebeafab4cc667e9,full_annotation_v1,A,q_정육_05,식육점,식료품 중 '정육'을 판매·제공하는 매장,train,정육,T2 동의어,12d57e3e-8508-4329-8f8e-a8cedb4bbe1b,제일정육점,식육점,옥천영춘 골목형상점가,골목형상점가,전라남도,,,
2b14d69f6a0cb82244e5,full_annotation_v1,A,q_정육_05,식육점,식료품 중 '정육'을 판매·제공하는 매장,train,정육,T2 동의어,8bd20d7e-dbd7-4c2e-97fa-8178f63c2137,팔공참한우,식육점,불로전통시장,전통시장,대구광역시,,,
003a9e43c98e846d4980,full_annotation_v1,A,q_정육_05,식육점,식료품 중 '정육'을 판매·제공하는 매장,train,정육,T2 동의어,10515db9-c4d7-4154-aa8b-d21dc4dbb79f,지리산식육점,식육점,창원 봉곡시장,전통시장,경상남도,,,
76010d58435aaccb391c,full_annotation_v1,A,q_정육_05,식육점,식료품 중 '정육'을 판매·제공하는 매장,train,정육,T2 동의어,545c5f57-bd27-4909-882a-9827fc742244,영생식품식육점,식육점,석적로강변 골목형상점가,골목형상점가,경상북도,,,
2073fdf8762d49406532,full_annotation_v1,A,q_정육_05,식육점,식료품 중 '정육'을 판매·제공하는 매장,train,정육,T2 동의어,3d0b9eed-9f61-4fec-81d2-27e442959d60,제일식당,식육점,운암시장,전통시장,광주광역시,,,
34388aaed9f04f83944b,full_annotation_v1,A,q_정육_05,식육점,식료품 중 '정육'을 판매·제공하는 매장,train,정육,T2 동의어,40e1f405-b746-487d-bcd4-fb09af876bb0,주원식육점,식육점,안강공설시장,전통시장,경상북도,,,
91e950175b4442bb7e63,full_annotation_v1,A,q_정육_05,식육점,식료품 중 '정육'을 판매·제공하는 매장,train,정육,T2 동의어,13f1ea34-4c7a-4c2b-9952-3dd7251b4b5c,한보식육점,식육점,신매시장,전통시장,대구광역시,,,
f44e465cb859d80b73d5,full_annotation_v1,A,q_정육_05,식육점,식료품 중 '정육'을 판매·제공하는 매장,train,정육,T2 동의어,db2d0caa-edd3-42c8-a61b-a83627742365,골드축산,식육점,시계탑상가거리,골목형상점가,제주특별자치도,,,
ab2adaf7bb49ba33be39,full_annotation_v1,A,q_정육_05,식육점,식료품 중 '정육'을 판매·제공하는 매장,train,정육,T2 동의어,6aa70f7b-7393-4e8c-a566-1d36995e39ed,서남식육점,식육점,평화 골목장 골목형상점가,골목형상점가,대구광역시,,,
f77183a7b71d71a2fe90,full_annotation_v1,A,q_정육_05,식육점,식료품 중 '정육'을 판매·제공하는 매장,train,정육,T2 동의어,8ac0391c-b1a7-4197-bfb5-99e347524919,횡성식육점,식육점,부전시장,전통시장,부산광역시,,,
128c6a399d8ca286a4a9,full_annotation_v1,A,q_정육_05,식육점,식료품 중 '정육'을 판매·제공하는 매장,train,정육,T2 동의어,ed326ec6-ac5f-452a-b5b6-a09b39bc4906,매일식육점,식육점,고흥전통시장,전통시장,전라남도,,,
8fcd9ed3c61f2f414957,full_annotation_v1,A,q_정육_05,식육점,식료품 중 '정육'을 판매·제공하는 매장,train,정육,T2 동의어,56960150-b050-4184-a6b5-740ed6bad711,참조은정육점,식육점,용호골목시장,전통시장,부산광역시,,,
15cbc8aa7c3696403e8d,full_annotation_v1,A,q_정육_05,식육점,식료품 중 '정육'을 판매·제공하는 매장,train,정육,T2 동의어,00652de3-165f-4988-9616-0ff0250e851d,합천식육점,,관문상가시장,전통시장,대구광역시,,,
c4e2be845dfeec0d52ae,full_annotation_v1,A,q_정육_05,식육점,식료품 중 '정육'을 판매·제공하는 매장,train,정육,T2 동의어,2538e343-dfd5-475d-911b-489c58742748,신개념 푸줏간,,새천년 골목형상점가,골목형상점가,경기도,,,
9f7b6d909abf8a243451,full_annotation_v1,A,q_정육_05,식육점,식료품 중 '정육'을 판매·제공하는 매장,train,정육,T2 동의어,57a91ffd-f51c-4134-9795-a368733ad30c,이지창 커튼 블라인드,커튼 침구용품,청남가구단지 상점가,자율상권구역,충청북도,,,
fc4bf30d8d526b27ffe7,full_annotation_v1,A,q_정육_05,식육점,식료품 중 '정육'을 판매·제공하는 매장,train,정육,T2 동의어,f84b131d-e06b-4f90-b314-b18e3203e88e,고경식육점,식육점,영천공설시장,전통시장,경상북도,,,
67c508915fffb1985818,full_annotation_v1,A,q_정육_05,식육점,식료품 중 '정육'을 판매·제공하는 매장,train,정육,T2 동의어,165336b5-136d-475f-b0b8-c00f5caafdda,한국축산1호점,식육점,진주 청과시장,전통시장,경상남도,,,
5bada6b89a3a1828d2fd,full_annotation_v1,A,q_정육_05,식육점,식료품 중 '정육'을 판매·제공하는 매장,train,정육,T2 동의어,04564ea5-0be4-4ee2-8519-e8fcaffe3485,쌍둥이국밥,국밥,첨단이웃사랑 골목형상점가,골목형상점가,광주광역시,,,
5d2cdf70f57ef219b3a8,full_annotation_v1,A,q_정육_05,식육점,식료품 중 '정육'을 판매·제공하는 매장,train,정육,T2 동의어,4896c96f-af49-4355-a681-d93d7c438f21,보은정육점,식육점,오창전통시장,전통시장,충청북도,,,
ada1b27241b2d5b5aa79,full_annotation_v1,A,q_정육_05,식육점,식료품 중 '정육'을 판매·제공하는 매장,train,정육,T2 동의어,00027601-43e6-4d9a-a358-150cc014fe4c,닭장수후라이드,치킨,한솔동 5~6단지상점가,자율상권구역,세종특별자치시,,,
c9c3e715ddf07140c4ca,full_annotation_v1,A,q_정육_05,식육점,식료품 중 '정육'을 판매·제공하는 매장,train,정육,T2 동의어,02f9037a-c117-4db4-9d2b-9b78182978f4,반월닭강정치킨,,보령한내시장,전통시장,충청남도,,,
e175454914f43ff1060f,full_annotation_v1,A,q_정육_05,식육점,식료품 중 '정육'을 판매·제공하는 매장,train,정육,T2 동의어,be8cc386-3016-4a93-a2e4-67dc01cafe99,창녕상회,식육점,충무동 새벽시장,전통시장,부산광역시,,,
cdf8b3fe9dbf81e925c4,full_annotation_v1,A,q_정육_05,식육점,식료품 중 '정육'을 판매·제공하는 매장,train,정육,T2 동의어,4225c9ba-cfab-489f-b595-dac7030a92f7,영도식육점,식육점,청학시장,전통시장,부산광역시,,,
072500cc43136fdc2400,full_annotation_v1,A,q_정육_05,식육점,식료품 중 '정육'을 판매·제공하는 매장,train,정육,T2 동의어,c1082f66-a832-4863-933d-c337d35d0299,합천 식육점,,진주 중앙상점가,자율상권구역,경상남도,,,
64b5aac125f8a47987bb,full_annotation_v1,A,q_정육_05,식육점,식료품 중 '정육'을 판매·제공하는 매장,train,정육,T2 동의어,3f508c60-a8ce-4553-946a-2de3ee771dbc,대우식육점,식육점,거제시장,전통시장,부산광역시,,,
68e489803be24d85f243,full_annotation_v1,A,q_정육_05,식육점,식료품 중 '정육'을 판매·제공하는 매장,train,정육,T2 동의어,033ab0da-f546-4879-93a7-5bf7e6327bf3,시장식당,국밥,광양5일시장,전통시장,,,,
9acab58861eb32fefde0,full_annotation_v1,A,q_정육_05,식육점,식료품 중 '정육'을 판매·제공하는 매장,train,정육,T2 동의어,4fe7f84f-f00c-427d-99a9-74319e7bf14e,중앙식육점,식육점,양동시장,전통시장,광주광역시,,,
d69309e0aa7c682fd552,full_annotation_v1,A,q_정육_05,식육점,식료품 중 '정육'을 판매·제공하는 매장,train,정육,T2 동의어,38c6652d-812b-448a-8396-0b5dd54e9d2b,부경식육점,식육점,반여2동상가시장,전통시장,부산광역시,,,
0bcc7a1d0fdb13d13db5,full_annotation_v1,A,q_정육_05,식육점,식료품 중 '정육'을 판매·제공하는 매장,train,정육,T2 동의어,7a1302b8-0025-444b-8436-7d14ec127f3b,미성식육점,식육점,신평리시장,전통시장,대구광역시,,,
3e9587924c8e6e262f53,full_annotation_v1,A,q_정육_05,식육점,식료품 중 '정육'을 판매·제공하는 매장,train,정육,T2 동의어,46653b1d-5cf4-4214-b3e6-69a48a185820,지귀식육점,식육점,창원 지귀시장,전통시장,경상남도,,,
17529357b56991de6800,full_annotation_v1,A,q_정육_05,식육점,식료품 중 '정육'을 판매·제공하는 매장,train,정육,T2 동의어,bc77e8d3-42f7-4ce8-b427-e62787cf8afc,대동식육점,식육점,산격종합시장,전통시장,대구광역시,,,
1ffdf4e328009d07e05b,full_annotation_v1,A,q_정육_05,식육점,식료품 중 '정육'을 판매·제공하는 매장,train,정육,T2 동의어,9edfe372-7115-4778-8394-ff898b5ee713,시영유통,농산물,영천공설시장,전통시장,경상북도,,,
a5336eb873d25a5e609e,full_annotation_v1,A,q_정육_05,식육점,식료품 중 '정육'을 판매·제공하는 매장,train,정육,T2 동의어,e040bf7a-92a8-4bff-a2f3-c337915cc177,안동식육점,식육점,김천평화시장,전통시장,경상북도,,,
87709fa2b81f9440965a,full_annotation_v1,A,q_정육_05,식육점,식료품 중 '정육'을 판매·제공하는 매장,train,정육,T2 동의어,0072ddc8-1b0b-4a64-b9d0-9eb309854f0c,오뚜기정육점,정육,김제중앙시장,전통시장,전북특별자치도,,,
2916872a197155c5f086,full_annotation_v1,A,q_정육_05,식육점,식료품 중 '정육'을 판매·제공하는 매장,train,정육,T2 동의어,81d19ace-f7f4-4c64-bbe5-6f58bdeca052,달성식육점,식육점,부전시장,전통시장,부산광역시,,,
4e5bea4e7450497aaea5,full_annotation_v1,A,q_정육_05,식육점,식료품 중 '정육'을 판매·제공하는 매장,train,정육,T2 동의어,9659a293-aaa7-4882-8e5e-117a9b703620,에덴식육점,식육점,하단자율상권구역,기타,부산광역시,,,
7140a3935be1ad15d2e5,full_annotation_v1,A,q_정육_05,식육점,식료품 중 '정육'을 판매·제공하는 매장,train,정육,T2 동의어,032b7c2d-89ad-4b7e-9563-c9c67c6381a9,명품한우,한우,신포동개항길골목형상점가,골목형상점가,인천광역시,,,
da4793c6522666c5e3b3,full_annotation_v1,A,q_정육_05,식육점,식료품 중 '정육'을 판매·제공하는 매장,train,정육,T2 동의어,ad2f7acc-6eb1-4d5d-a614-c5fc0f8741ce,더블리스왁싱 광주첨단점,왁싱,첨단이웃사랑 골목형상점가,골목형상점가,광주광역시,,,
099095ce3d83aaebd27c,full_annotation_v1,A,q_정육_05,식육점,식료품 중 '정육'을 판매·제공하는 매장,train,정육,T2 동의어,974720cd-152d-4f3d-ac08-8f11fdbca904,금호식육점,식육점,양산 남부시장상가,전통시장,경상남도,,,
bb35aceb23a6af76cad2,full_annotation_v1,A,q_정육_05,식육점,식료품 중 '정육'을 판매·제공하는 매장,train,정육,T2 동의어,003d2015-a21c-44e2-9d66-c6f97ba3c296,집중호우,한우,하단자율상권구역,기타,부산광역시,,,
16e9aa1c0f767ed87a55,full_annotation_v1,A,q_정육_05,식육점,식료품 중 '정육'을 판매·제공하는 매장,train,정육,T2 동의어,3ce6a432-bc05-4342-9aed-87d1af815451,조흥식육점,식육점,두류종합시장,전통시장,대구광역시,,,
4b6f80d63ba60df915f9,full_annotation_v1,A,q_정육_05,식육점,식료품 중 '정육'을 판매·제공하는 매장,train,정육,T2 동의어,0aad5389-cfad-4466-9fe1-d8a04dd60414,시골집숯불갈비,갈비,두암2동광신맨션주변 골목형상점가,골목형상점가,광주광역시,,,
5df6780d7107a9700c84,full_annotation_v1,A,q_정육_05,식육점,식료품 중 '정육'을 판매·제공하는 매장,train,정육,T2 동의어,ec1a199f-1190-40bd-a53c-e80f95ae5e57,한우촌,식육점,수암상가시장,전통시장,울산광역시,,,
42c2139488bdd1da4db0,full_annotation_v1,A,q_정육_05,식육점,식료품 중 '정육'을 판매·제공하는 매장,train,정육,T2 동의어,004764d4-5ad9-4f22-81bb-48eac27e9e4b,60계치킨 야탑점,치킨,야탑 골목형상점가,골목형상점가,경기도,,,
7c1ae1492c7d0eb3d78d,full_annotation_v1,A,q_정육_05,식육점,식료품 중 '정육'을 판매·제공하는 매장,train,정육,T2 동의어,e5715fc6-2d6e-49e7-a489-04ce3a90d5f0,자연속으로,식육점,나주목사고을시장,전통시장,전라남도,,,
905c570518b6fb96bab6,full_annotation_v1,A,q_정육_05,식육점,식료품 중 '정육'을 판매·제공하는 매장,train,정육,T2 동의어,c7f10c0f-816a-4169-be12-76c0a7351727,온하우스,가구,청남가구단지 상점가,자율상권구역,충청북도,,,
dd836b56f8a38798d7bc,full_annotation_v1,A,q_정육_06,축산물,식료품 중 '정육'을 판매·제공하는 매장,train,정육,T2 동의어,c79f921a-8441-4a35-98d2-380affa222e5,축산사랑,축산물,면목골목시장,전통시장,서울특별시,,,
63bece62dddef9b42b3a,full_annotation_v1,A,q_정육_06,축산물,식료품 중 '정육'을 판매·제공하는 매장,train,정육,T2 동의어,0363b125-0829-46ae-b0be-f23ada850390,정성육회울산송정점,한우뭉티기&한우육회,송정청춘 골목형상점가,골목형상점가,울산광역시,,,
08990864d166608d6e52,full_annotation_v1,A,q_정육_06,축산물,식료품 중 '정육'을 판매·제공하는 매장,train,정육,T2 동의어,b5684112-2f0a-46f8-b002-4599ef549955,삼오,축산물,청주직지시장(구 청주운천시장),전통시장,충청북도,,,
c4a4641c6c9ef8603849,full_annotation_v1,A,q_정육_06,축산물,식료품 중 '정육'을 판매·제공하는 매장,train,정육,T2 동의어,00bdaed4-8c0c-4e39-9198-736e0be49945,대신식육,식육,중앙식료시장(중앙먹통시장),전통시장,전라남도,,,
e4d6fd0d7a53bdc72265,full_annotation_v1,A,q_정육_06,축산물,식료품 중 '정육'을 판매·제공하는 매장,train,정육,T2 동의어,00ac87c2-aed5-4a62-8b09-76cbea625145,내고향청보리한우직판장,소고기 돼지고기,마륵동상인회 골목형상점가,골목형상점가,광주광역시,,,
eb3b7d00674937272d3c,full_annotation_v1,A,q_정육_06,축산물,식료품 중 '정육'을 판매·제공하는 매장,train,정육,T2 동의어,0120247f-1a8e-4396-882d-6476485c3f9e,사랑채,삼겹살,봉선먹자골목 골목형상점가,골목형상점가,광주광역시,,,
c449035dd2c688c3efe0,full_annotation_v1,A,q_정육_06,축산물,식료품 중 '정육'을 판매·제공하는 매장,train,정육,T2 동의어,0287935d-6e8e-465e-930c-b5e8e06c38c4,탄방 고기돈,삼겹살,탄방새마을 골목형상점가,골목형상점가,대전광역시,,,
9102a1187e5be7cc899d,full_annotation_v1,A,q_정육_06,축산물,식료품 중 '정육'을 판매·제공하는 매장,train,정육,T2 동의어,2e34e5be-7afa-4a25-89f4-1b5bc4da136a,착한정육점,축산물,화랑대골목형상점가,골목형상점가,서울특별시,,,
ad16cfe6eb40119ac73e,full_annotation_v1,A,q_정육_06,축산물,식료품 중 '정육'을 판매·제공하는 매장,train,정육,T2 동의어,ecffabe2-9bf7-4b29-a794-30c777150193,골드축산,축산물,행당시장상점가,자율상권구역,서울특별시,,,
b3f1b7befbfc3e910270,full_annotation_v1,A,q_정육_06,축산물,식료품 중 '정육'을 판매·제공하는 매장,train,정육,T2 동의어,1c544324-6853-4291-ab35-f478ea214e9b,축산사랑,축산물,부천자유시장,전통시장,경기도,,,
d7ccf3eb16912bca8d73,full_annotation_v1,A,q_정육_06,축산물,식료품 중 '정육'을 판매·제공하는 매장,train,정육,T2 동의어,2d9c4f4c-70a3-4fe2-80c0-9610fcab0cac,착한정육점,축산물,창동신창시장,전통시장,서울특별시,,,
a04427cc07f9e4b41fc7,full_annotation_v1,A,q_정육_06,축산물,식료품 중 '정육'을 판매·제공하는 매장,train,정육,T2 동의어,4181d5b9-ea8f-486a-b16b-2a814a26f5fb,중앙상회,축산물,부천자유시장,전통시장,경기도,,,
7173776d5b1b2173b7e1,full_annotation_v1,A,q_정육_06,축산물,식료품 중 '정육'을 판매·제공하는 매장,train,정육,T2 동의어,ae65f4c5-9cb0-4abb-b955-f9ec1515f7fd,베트남노상식당,아시아음식,다산예스프라자 골목형상점가,골목형상점가,경기도,,,
5e600112e88c652822c4,full_annotation_v1,A,q_정육_06,축산물,식료품 중 '정육'을 판매·제공하는 매장,train,정육,T2 동의어,29ee824f-810f-4da1-8e21-e500e3c21004,우리축산,축산물,종암북바위길골목형상점가,골목형상점가,서울특별시,,,
588ac428e4d3a8eb46b6,full_annotation_v1,A,q_정육_06,축산물,식료품 중 '정육'을 판매·제공하는 매장,train,정육,T2 동의어,1fd6e4b3-048c-4e60-9c15-c56ebbb452d8,축산물도매센타,축산물,전주 삼천이 골목형상점가,골목형상점가,전북특별자치도,,,
daedce8eb59625d145d0,full_annotation_v1,A,q_정육_06,축산물,식료품 중 '정육'을 판매·제공하는 매장,train,정육,T2 동의어,00f957e5-aab5-46ba-9fbe-104bf298c7fa,감천식육점,축산물,구포축산물도매시장,전통시장,부산광역시,,,
a621acf84676d1ca0fac,full_annotation_v1,A,q_정육_06,축산물,식료품 중 '정육'을 판매·제공하는 매장,train,정육,T2 동의어,001dda38-7874-4460-b3b0-a5717b6c36d7,오송 곱창,"한우곱창, 한우막창, 한우모듬, 한우대창, 한우염통",오송1산단오스코로골목형상점가,골목형상점가,충청북도,,,
d331155700f824302ae4,full_annotation_v1,A,q_정육_06,축산물,식료품 중 '정육'을 판매·제공하는 매장,train,정육,T2 동의어,98381629-3523-45e1-a695-2a14ad97106e,현풍축산,축산물,현풍백년도깨비시장,전통시장,대구광역시,,,
ece907b29630401617e2,full_annotation_v1,A,q_정육_06,축산물,식료품 중 '정육'을 판매·제공하는 매장,train,정육,T2 동의어,c655aabb-852f-4219-8391-05f41f649c1e,초신선정육점,축산물,장미원골목시장,전통시장,서울특별시,,,
1782f86a5a45ef6cc2ac,full_annotation_v1,A,q_정육_06,축산물,식료품 중 '정육'을 판매·제공하는 매장,train,정육,T2 동의어,97c34678-2999-481b-899d-f9bbc3d2d49e,골드축산,축산물,대조시장,전통시장,서울특별시,,,
97bd0e0647212c3602a0,full_annotation_v1,A,q_정육_06,축산물,식료품 중 '정육'을 판매·제공하는 매장,train,정육,T2 동의어,bde3c4aa-473f-4987-aa54-617e67b9af91,동양종합상사,"저울, 안전용품",서산동부전통시장,전통시장,충청남도,,,
5dfc98112ea0d60f8839,full_annotation_v1,A,q_정육_06,축산물,식료품 중 '정육'을 판매·제공하는 매장,train,정육,T2 동의어,c4e9c24a-b30e-4063-b217-4bb18f509faa,중앙상회,축산물,통영중앙전통시장,전통시장,경상남도,,,
ec1ab907e93ff6d844f7,full_annotation_v1,A,q_정육_06,축산물,식료품 중 '정육'을 판매·제공하는 매장,train,정육,T2 동의어,158557ae-9be5-4a70-b076-3b9079f88d43,영광식육점,축산물,목포청호시장,전통시장,,,,
2a6726257d3b33a742ae,full_annotation_v1,A,q_정육_06,축산물,식료품 중 '정육'을 판매·제공하는 매장,train,정육,T2 동의어,fa281411-824a-4db6-9740-832beaefa5fd,은정수산,수산물,서천특화시장,전통시장,충청남도,,,
2a4893a2ff0241670d82,full_annotation_v1,A,q_정육_06,축산물,식료품 중 '정육'을 판매·제공하는 매장,train,정육,T2 동의어,023a95f4-f5cb-4b2e-b978-690c41d48d54,대송회센타,식당,대송시장,전통시장,울산광역시,,,
b9817cfc57ebd57eb812,full_annotation_v1,A,q_정육_06,축산물,식료품 중 '정육'을 판매·제공하는 매장,train,정육,T2 동의어,377b34a4-c185-450f-8af5-9a3b625a86bc,임계한우사육농가직판,축산물,"임계사통팔달시장(임계시장, 송계5일장)",전통시장,강원특별자치도,,,
f1108ee1d8dc55590dea,full_annotation_v1,A,q_정육_06,축산물,식료품 중 '정육'을 판매·제공하는 매장,train,정육,T2 동의어,4019e5b5-ba42-4930-ab6c-c46b5932d687,우리축산,축산물,부리단길 골목형상점가,골목형상점가,부산광역시,,,
c128b8d150a0254e95b2,full_annotation_v1,A,q_정육_06,축산물,식료품 중 '정육'을 판매·제공하는 매장,train,정육,T2 동의어,804806a4-733a-4883-850c-7a080ae0878a,대성축산,축산물,방학동도깨비시장,전통시장,서울특별시,,,
b7d7f338b18e1e90a2b9,full_annotation_v1,A,q_정육_06,축산물,식료품 중 '정육'을 판매·제공하는 매장,train,정육,T2 동의어,3a52fcc8-1c24-4e13-9f2d-9ab795289743,고귀한우,축산물,미래그린시장,전통시장,경기도,,,
5c3dfff1c887ac983ec2,full_annotation_v1,A,q_정육_06,축산물,식료품 중 '정육'을 판매·제공하는 매장,train,정육,T2 동의어,00176890-ac4c-4ce1-bf5b-c5e45dbf9c43,시골정육점,축산,답십리시장,전통시장,서울특별시,,,
1582532d423c95496916,full_annotation_v1,A,q_정육_06,축산물,식료품 중 '정육'을 판매·제공하는 매장,train,정육,T2 동의어,0072ddc8-1b0b-4a64-b9d0-9eb309854f0c,오뚜기정육점,정육,김제중앙시장,전통시장,전북특별자치도,,,
904c3a2e3a8e51f23b8c,full_annotation_v1,A,q_정육_06,축산물,식료품 중 '정육'을 판매·제공하는 매장,train,정육,T2 동의어,21385a5a-fb4f-46b8-aba1-a1eb7b76e9fa,홍익한우,축산물,마장축산물시장,전통시장,서울특별시,,,
0d101112bfc7b55d18ea,full_annotation_v1,A,q_정육_06,축산물,식료품 중 '정육'을 판매·제공하는 매장,train,정육,T2 동의어,004764d4-5ad9-4f22-81bb-48eac27e9e4b,60계치킨 야탑점,치킨,야탑 골목형상점가,골목형상점가,경기도,,,
4b24306701b99da8017c,full_annotation_v1,A,q_정육_06,축산물,식료품 중 '정육'을 판매·제공하는 매장,train,정육,T2 동의어,b0966356-4c59-4165-b95c-4530d5f8ac27,참좋은고기,축산물,중곡제일골목시장(중곡제일전통시장),전통시장,서울특별시,,,
49ea15df82f1a06803fe,full_annotation_v1,A,q_정육_06,축산물,식료품 중 '정육'을 판매·제공하는 매장,train,정육,T2 동의어,6173a5f3-931a-4a22-9470-476f6f24ab1f,금옥축산,축산물,마장축산물시장,전통시장,서울특별시,,,
bcdcaa7050197272771f,full_annotation_v1,A,q_정육_06,축산물,식료품 중 '정육'을 판매·제공하는 매장,train,정육,T2 동의어,02235e2b-ba17-4b33-aacc-c1d96790e83e,바다담은구이,식당,정릉시장,전통시장,서울특별시,,,
9e9d6f6853319a41a16e,full_annotation_v1,A,q_정육_06,축산물,식료품 중 '정육'을 판매·제공하는 매장,train,정육,T2 동의어,1772aff9-39b7-491a-938a-4d4763c84c36,쌤시크광주운암점,미용,벽산블루밍 골목형상점가,골목형상점가,광주광역시,,,
fc930ef8d64c3edcb750,full_annotation_v1,A,q_정육_06,축산물,식료품 중 '정육'을 판매·제공하는 매장,train,정육,T2 동의어,0034b8e3-c78f-4e08-9a23-2414863de721,정육공방,소고기 돼지고기,구갈상점가,자율상권구역,경기도,,,
3f1ee34f66561a52d852,full_annotation_v1,A,q_정육_06,축산물,식료품 중 '정육'을 판매·제공하는 매장,train,정육,T2 동의어,03f370c1-fe1a-4531-ab87-b769c36dcf00,하나축산,축산물,도마큰시장,전통시장,대전광역시,,,
4b22d866fe6840b8678a,full_annotation_v1,A,q_정육_06,축산물,식료품 중 '정육'을 판매·제공하는 매장,train,정육,T2 동의어,525dcfc9-5e2b-4a1f-b9cf-3116ed6f475c,경북상회,축산물,영해종합시장,전통시장,부산광역시,,,
edf330831e57c1c970e8,full_annotation_v1,A,q_정육_06,축산물,식료품 중 '정육'을 판매·제공하는 매장,train,정육,T2 동의어,0b1d8447-88e5-4681-a91b-dfacf11955d8,양화정,갈비,합정동먹자골목골목형상점가,골목형상점가,서울특별시,,,
410d9335bf45524d8c7a,full_annotation_v1,A,q_정육_06,축산물,식료품 중 '정육'을 판매·제공하는 매장,train,정육,T2 동의어,b9c2112f-d9b0-4b8f-8a73-706ea6fe93a4,신토식품,축산물,김해 주촌축산물시장,전통시장,경상남도,,,
3488b62821162ac116ca,full_annotation_v1,A,q_정육_06,축산물,식료품 중 '정육'을 판매·제공하는 매장,train,정육,T2 동의어,003e9326-9010-4e27-b844-c62b81ad2df8,다이소 광주 호남대점,소매,선운별 골목형상점가,골목형상점가,광주광역시,,,
6d42f1d8167f168856eb,full_annotation_v1,A,q_정육_06,축산물,식료품 중 '정육'을 판매·제공하는 매장,train,정육,T2 동의어,00a5a31e-6208-4900-9553-18f188bfcbfc,올바른고깃간일곡점,정육점,일곡동 골목형상점가,골목형상점가,광주광역시,,,
1c6dc1cb3b8d8203975e,full_annotation_v1,A,q_정육_06,축산물,식료품 중 '정육'을 판매·제공하는 매장,train,정육,T2 동의어,004961cf-a775-4bcc-87a9-067c385bb9e7,삼미식육,식육,구포축산물도매시장,전통시장,부산광역시,,,
1760b60fcf7041aa5ff9,full_annotation_v1,A,q_정육_06,축산물,식료품 중 '정육'을 판매·제공하는 매장,train,정육,T2 동의어,8abe3931-28ed-4b63-96ab-08e5234039e6,총각네정육점,축산물,중곡제일골목시장(중곡제일전통시장),전통시장,서울특별시,,,
a22fd0a1e4b761822cc6,full_annotation_v1,A,q_정육_06,축산물,식료품 중 '정육'을 판매·제공하는 매장,train,정육,T2 동의어,ba2b9112-abf0-49a4-bb6e-9b83789b9dfe,돈박사,축산물,구포축산물도매시장,전통시장,부산광역시,,,
4da631eaf0c261bfd93a,full_annotation_v1,A,q_정육_06,축산물,식료품 중 '정육'을 판매·제공하는 매장,train,정육,T2 동의어,f9994054-cbf7-4425-96cd-d48811b91ed5,황금 축산물 센터,축산물,산곡1번가 골목형상점가,골목형상점가,인천광역시,,,
e6efee50194c2358a90f,full_annotation_v1,A,q_정육_06,축산물,식료품 중 '정육'을 판매·제공하는 매장,train,정육,T2 동의어,a5dab0d0-d224-49ca-8377-144f4427868f,털보만물사,축산물,마장축산물시장,전통시장,서울특별시,,,
51328ec1d2daa1686b93,full_annotation_v1,A,q_정육_06,축산물,식료품 중 '정육'을 판매·제공하는 매장,train,정육,T2 동의어,0aad5389-cfad-4466-9fe1-d8a04dd60414,시골집숯불갈비,갈비,두암2동광신맨션주변 골목형상점가,골목형상점가,광주광역시,,,
e36319d53b882acf008d,full_annotation_v1,A,q_정육_06,축산물,식료품 중 '정육'을 판매·제공하는 매장,train,정육,T2 동의어,7921e6d2-584c-4876-a0b5-1e305557c510,동명한우,축산물,마장축산물시장,전통시장,서울특별시,,,
330b3fa230042f575332,full_annotation_v1,A,q_정육_06,축산물,식료품 중 '정육'을 판매·제공하는 매장,train,정육,T2 동의어,0fedd541-aa06-4bdb-9f99-c3e438d1fcc9,태경축산,축산물,반여농산물도매시장 관련상품동,골목형상점가,부산광역시,,,
5571967b072da31bfe32,full_annotation_v1,A,q_정육_06,축산물,식료품 중 '정육'을 판매·제공하는 매장,train,정육,T2 동의어,7337dbd0-f016-4cf0-8c79-fc47fd04e0dc,천품,축산물,마장축산물시장,전통시장,서울특별시,,,
770754acbf7c86931e43,full_annotation_v1,A,q_정육_06,축산물,식료품 중 '정육'을 판매·제공하는 매장,train,정육,T2 동의어,34085518-ac9f-46db-b10f-3ed839b0dd81,윈미트,축산물,우산동 골목형상점가,골목형상점가,광주광역시,,,
c426a9e488ec8da343f1,full_annotation_v1,A,q_정육_06,축산물,식료품 중 '정육'을 판매·제공하는 매장,train,정육,T2 동의어,41d11001-9d7b-4965-9bae-0af94922cf12,철이네고깃간(중흥점),,유동 경열로 골목형상점가,골목형상점가,광주광역시,,,
67e6eee6b8f96075f249,full_annotation_v1,A,q_정육_06,축산물,식료품 중 '정육'을 판매·제공하는 매장,train,정육,T2 동의어,0091c18f-a074-4703-9af5-05c6495e38af,이지비야,고기,아름다운삼정로 골목형상점가,골목형상점가,광주광역시,,,
6f60295da2d5d9477785,full_annotation_v1,A,q_정육_06,축산물,식료품 중 '정육'을 판매·제공하는 매장,train,정육,T2 동의어,cf1d1faa-d38c-4133-8399-b087dbb7c59f,프라임미트,축산물,오정동상점가,자율상권구역,대전광역시,,,
fd9647a4deab6c34b4ed,full_annotation_v1,A,q_정육_06,축산물,식료품 중 '정육'을 판매·제공하는 매장,train,정육,T2 동의어,02f9037a-c117-4db4-9d2b-9b78182978f4,반월닭강정치킨,,보령한내시장,전통시장,충청남도,,,
27a73a397d775feb2356,full_annotation_v1,A,q_정육_06,축산물,식료품 중 '정육'을 판매·제공하는 매장,train,정육,T2 동의어,a1d03f7e-1efe-4cb6-a21e-6f8b2e11d59f,효축산,축산물,첨단이웃사랑 골목형상점가,골목형상점가,광주광역시,,,
cf1af0aa1fa6ab2d70c4,full_annotation_v1,A,q_정육_06,축산물,식료품 중 '정육'을 판매·제공하는 매장,train,정육,T2 동의어,0130dbd3-b9ea-43f4-98fd-26d8afd90b78,모래내시장순대,식당,전주모래내시장,전통시장,전북특별자치도,,,
bded3b8351182b187177,full_annotation_v1,A,q_정육_06,축산물,식료품 중 '정육'을 판매·제공하는 매장,train,정육,T2 동의어,00027601-43e6-4d9a-a358-150cc014fe4c,닭장수후라이드,치킨,한솔동 5~6단지상점가,자율상권구역,세종특별자치시,,,
201a24dd1619916836d7,full_annotation_v1,A,q_정육_06,축산물,식료품 중 '정육'을 판매·제공하는 매장,train,정육,T2 동의어,0367e5f3-1bf4-4d8a-bac6-655fcc2eda3f,큰집닭강정,닭강정,신도봉시장,전통시장,서울특별시,,,
30d9bae0a84f5ebafeb2,full_annotation_v1,A,q_정육_06,축산물,식료품 중 '정육'을 판매·제공하는 매장,train,정육,T2 동의어,5209b233-1c45-487c-8e0a-b6ae0bc79826,고덕푸줏간,축산물,고덕골목형상점가,골목형상점가,서울특별시,,,
a8504bfc96f26f1c4c10,full_annotation_v1,A,q_정육_06,축산물,식료품 중 '정육'을 판매·제공하는 매장,train,정육,T2 동의어,16dc7476-07a0-46ba-ad34-9f86d9908b4c,명일건어물,도소매(음식점),명일전통시장,전통시장,서울특별시,,,
489d42fc8ec415c1811c,full_annotation_v1,A,q_정육_06,축산물,식료품 중 '정육'을 판매·제공하는 매장,train,정육,T2 동의어,92d1a6ac-ca4f-44df-9b83-084a16fc8a26,고기파는청년들,축산물,남구로시장,전통시장,서울특별시,,,
2954c3addf96bc885c7f,full_annotation_v1,A,q_정육_06,축산물,식료품 중 '정육'을 판매·제공하는 매장,train,정육,T2 동의어,cc54d180-5a10-4816-a014-3842ade4e2a1,화로화,한식,수락산디자인거리 골목형상점가,골목형상점가,서울특별시,,,
185f7df49d52f306ff03,full_annotation_v1,A,q_정육_06,축산물,식료품 중 '정육'을 판매·제공하는 매장,train,정육,T2 동의어,672f1302-571d-4af3-8fcc-83ddd2caabbc,참고깃간,,명륜시실로 골목형상점가,골목형상점가,부산광역시,,,
808138330ced51101f0c,full_annotation_v1,A,q_정육_06,축산물,식료품 중 '정육'을 판매·제공하는 매장,train,정육,T2 동의어,12c2bdf8-6e20-4c7c-a49e-72d616fb1cc5,축산사랑,축산물,신반포종합시장,기타,서울특별시,,,
fb05dd35fd03d32905cd,full_annotation_v1,A,q_정육_06,축산물,식료품 중 '정육'을 판매·제공하는 매장,train,정육,T2 동의어,e07cdce0-b800-4d90-83e1-11da1174d451,축산사랑,축산물,문흥동 골목형상점가,골목형상점가,광주광역시,,,
16c31c37d26857a567de,full_annotation_v1,A,q_정육_06,축산물,식료품 중 '정육'을 판매·제공하는 매장,train,정육,T2 동의어,f3b439f7-46ce-4f01-8623-c81a62013173,참괜찮소,축산물,통인시장,전통시장,서울특별시,,,
2f27c672243bc5ccffbd,full_annotation_v1,A,q_정육_06,축산물,식료품 중 '정육'을 판매·제공하는 매장,train,정육,T2 동의어,a0530cfd-530c-43d9-9067-40d102c4da72,협동,축산물,마장축산물시장,전통시장,서울특별시,,,
e605644ced802d890279,full_annotation_v1,A,q_정육_06,축산물,식료품 중 '정육'을 판매·제공하는 매장,train,정육,T2 동의어,23cab056-7670-49e7-90cd-4c0cca01772e,충남상회,축산물,인천축산물시장,전통시장,인천광역시,,,
576248b0ef97ae55f9d3,full_annotation_v1,A,q_정육_06,축산물,식료품 중 '정육'을 판매·제공하는 매장,train,정육,T2 동의어,277f3665-4872-4fc0-83dd-c3af74ba2291,새진주식품,농산물,팔달신시장,전통시장,대구광역시,,,
f441a3bfef2cd2e88ab3,full_annotation_v1,A,q_정육_06,축산물,식료품 중 '정육'을 판매·제공하는 매장,train,정육,T2 동의어,008f0459-6681-4e70-8149-1a6d9ff1a2a5,육간지,삼겹살,구미 진평음식문화특화거리 골목형상점가,골목형상점가,경상북도,,,
b6ce177bb6a9d974c431,full_annotation_v1,A,q_정육_06,축산물,식료품 중 '정육'을 판매·제공하는 매장,train,정육,T2 동의어,1e1cd5fd-e3b4-4dc5-a9bd-5faa7c6a17c6,치킨박사,축산물,새마을시장,전통시장,서울특별시,,,
25363ccd1eed2fd3d515,full_annotation_v1,A,q_정육_06,축산물,식료품 중 '정육'을 판매·제공하는 매장,train,정육,T2 동의어,005ea303-f9b7-4f3e-abcc-8460ca84ba44,은성축산물직판장,"도소매(축산물,식육판매)",남문시장,전통시장,서울특별시,,,
739f0a3d2ed45c99ccc5,full_annotation_v1,A,q_정육_06,축산물,식료품 중 '정육'을 판매·제공하는 매장,train,정육,T2 동의어,21ef3d6e-8e38-4ded-85ae-29f815597ac1,생생축산,축산물,교하중심상가 골목형상점가,골목형상점가,경기도,,,
d52e930f348d66791f23,full_annotation_v1,A,q_정육_06,축산물,식료품 중 '정육'을 판매·제공하는 매장,train,정육,T2 동의어,ce06d0b5-b4e8-4730-88a6-c67744cb6c60,고기영역,축산물,열매 골목형상점가,골목형상점가,대전광역시,,,
05c3f5323e982b1f9dad,full_annotation_v1,A,q_정육_06,축산물,식료품 중 '정육'을 판매·제공하는 매장,train,정육,T2 동의어,00652de3-165f-4988-9616-0ff0250e851d,합천식육점,,관문상가시장,전통시장,대구광역시,,,
fb8cff00e288ccb2b2c5,full_annotation_v1,A,q_정육_06,축산물,식료품 중 '정육'을 판매·제공하는 매장,train,정육,T2 동의어,907be704-bff2-4571-98ca-8ff9b59e626f,니콜콜렉션,가방,㈜르네시떼,전통시장,부산광역시,,,
201d88bc2dfe469be971,full_annotation_v1,A,q_정육_06,축산물,식료품 중 '정육'을 판매·제공하는 매장,train,정육,T2 동의어,2cb3f00f-a8ab-448a-87ce-66c38c608d5d,충남상회,축산물,남대문시장,전통시장,서울특별시,,,
d8fa06080c3dd04eeeb7,full_annotation_v1,A,q_정육_06,축산물,식료품 중 '정육'을 판매·제공하는 매장,train,정육,T2 동의어,01c857cd-3f28-4d83-8fa4-e0abcfb44fbd,수연국밥,국밥,두암사거리 골목형상점가,골목형상점가,광주광역시,,,
370ed49073a2837f7bf8,full_annotation_v1,A,q_정육_06,축산물,식료품 중 '정육'을 판매·제공하는 매장,train,정육,T2 동의어,6d996f9f-de59-4607-a1a4-76d3ebc229cb,골드축산,축산물,관악중부시장골목형상점가,골목형상점가,서울특별시,,,
e3e37c3a03a160849a48,full_annotation_v1,A,q_정육_06,축산물,식료품 중 '정육'을 판매·제공하는 매장,train,정육,T2 동의어,000bc123-8986-4a63-bd89-6076138ae351,왕장상회,치킨,자양전통시장,전통시장,서울특별시,,,
6ac68153c7c0a1ad83d8,full_annotation_v1,A,q_정육_06,축산물,식료품 중 '정육'을 판매·제공하는 매장,train,정육,T2 동의어,df0f45b6-e437-4c59-b6a0-046bbee50c8a,희망축산,축산물,마장축산물시장,전통시장,서울특별시,,,
2aac551944bb1a73ac24,full_annotation_v1,A,q_정육_06,축산물,식료품 중 '정육'을 판매·제공하는 매장,train,정육,T2 동의어,ee09d002-3c4d-456d-a834-ee7b9e1490bb,유창지하111호,축산물,독산동 우시장,자율상권구역,서울특별시,,,
2c38ae23f3acbef54895,full_annotation_v1,A,q_정육_06,축산물,식료품 중 '정육'을 판매·제공하는 매장,train,정육,T2 동의어,6b4cc63d-3c6b-4311-aeb8-c524f37cb1d5,성신유통,축산물,가락몰골목형상점가,골목형상점가,서울특별시,,,
1fdc5b4f8402904c33ee,full_annotation_v1,A,q_정육_06,축산물,식료품 중 '정육'을 판매·제공하는 매장,train,정육,T2 동의어,c03a4c58-5d56-4008-bb5a-f219be7eb18f,우리고무상회,신발,서천특화시장,전통시장,충청남도,,,
3b92975d49e7242e861d,full_annotation_v1,A,q_정육_06,축산물,식료품 중 '정육'을 판매·제공하는 매장,train,정육,T2 동의어,59693f2c-918e-43e1-8188-83ecdd3c2efa,에이스스퀘어순천점,가구,조례봉화상가,자율상권구역,전라남도,,,
2df9e978064a5e5cb58b,full_annotation_v1,A,q_정육_06,축산물,식료품 중 '정육'을 판매·제공하는 매장,train,정육,T2 동의어,3e6a2059-5bed-44e4-b9cc-a39468de8043,준이네 푸줏간,,연동시장,전통시장,부산광역시,,,
579668d4ffa5a297e492,full_annotation_v1,A,q_정육_06,축산물,식료품 중 '정육'을 판매·제공하는 매장,train,정육,T2 동의어,86ddd3a6-557a-49f9-8ea2-0f520c55b844,총각네고깃간,,일곡동(제1지역:자연마을 일동초 거리) 골목형상점가,골목형상점가,,,,
445ff1297c9d687be256,full_annotation_v1,A,q_정육_06,축산물,식료품 중 '정육'을 판매·제공하는 매장,train,정육,T2 동의어,28753b89-41b5-46fc-99e4-fa7414b703b8,해운대 광순이네 고깃간,,좌동재래시장,전통시장,부산광역시,,,
13fc1298b903938e7792,full_annotation_v1,A,q_정육_06,축산물,식료품 중 '정육'을 판매·제공하는 매장,train,정육,T2 동의어,fa51c15f-c79a-4d4b-bae1-cf8591aeac2a,송파축산,축산물,가락몰골목형상점가,골목형상점가,서울특별시,,,
4e25040366cdabce0026,full_annotation_v1,A,q_정육_06,축산물,식료품 중 '정육'을 판매·제공하는 매장,train,정육,T2 동의어,b0ae7f2a-a4f2-46bc-b6f0-9f390b244444,대성축산,축산물,관고전통시장,전통시장,경기도,,,
b6c8973df851faec10af,full_annotation_v1,A,q_정육_06,축산물,식료품 중 '정육'을 판매·제공하는 매장,train,정육,T2 동의어,70772c5a-d6ed-49d2-a1ed-09b1b0729fbb,보형미트,축산물,마장축산물시장,전통시장,서울특별시,,,
9aa2252870107b06e547,full_annotation_v1,A,q_정육_06,축산물,식료품 중 '정육'을 판매·제공하는 매장,train,정육,T2 동의어,40d02b4d-0dc1-486a-bdf7-0d8eb0ff628f,정육점,축산물,원적로골목형상점가,골목형상점가,인천광역시,,,
5d228358b69013ffafee,full_annotation_v1,A,q_정육_06,축산물,식료품 중 '정육'을 판매·제공하는 매장,train,정육,T2 동의어,263d4cd1-5a0d-45b6-9e68-b38558e9f160,고깃간,,부평종합시장,전통시장,인천광역시,,,
511ebb9b2168f9f434a4,full_annotation_v1,A,q_정육_06,축산물,식료품 중 '정육'을 판매·제공하는 매장,train,정육,T2 동의어,a54dd5da-ebf3-4ed2-b64d-7475963dafd2,정석푸드,축산물,우리시장,자율상권구역,서울특별시,,,
e1aa63d50da89d71c3e4,full_annotation_v1,A,q_정육_06,축산물,식료품 중 '정육'을 판매·제공하는 매장,train,정육,T2 동의어,2feab767-061a-46d8-bde6-b55a2edb1c96,영덕축산,축산물,진주 비봉시장,전통시장,경상남도,,,
6e3ea9a609d85899a9f1,full_annotation_v1,A,q_정육_06,축산물,식료품 중 '정육'을 판매·제공하는 매장,train,정육,T2 동의어,01e3bdc3-fa69-409b-9f56-9ab1b44ede16,바우닭강정,닭강정,자양전통시장,전통시장,서울특별시,,,
7cf712c97aeed6e1a04b,full_annotation_v1,A,q_정육_06,축산물,식료품 중 '정육'을 판매·제공하는 매장,train,정육,T2 동의어,009f034c-8e3b-4a32-aab3-55ece8718004,장봐주는언니 임동점,농수축산물및 가공식품,제니스 골목형상점가,골목형상점가,광주광역시,,,
b95dcb1bdfe9be97269e,full_annotation_v1,A,q_정육_06,축산물,식료품 중 '정육'을 판매·제공하는 매장,train,정육,T2 동의어,4fd7b13e-6cd7-4d30-8f8f-67a1c968ef96,현덕축산,축산물,청량리청과물시장,전통시장,서울특별시,,,
67019c8dfdff2dfbf209,full_annotation_v1,A,q_정육_06,축산물,식료품 중 '정육'을 판매·제공하는 매장,train,정육,T2 동의어,f39c5400-94d5-4894-b879-22f1829eb4be,산마루축산,축산물,정선사북시장,전통시장,강원특별자치도,,,
92d25d066ba38cb8d98c,full_annotation_v1,A,q_정육_06,축산물,식료품 중 '정육'을 판매·제공하는 매장,train,정육,T2 동의어,03f541e1-2781-4bd2-91a9-65b9196d82b4,또래오래치킨&참닭,삼겹살,노대물빛근린공원 골목형상점가,골목형상점가,광주광역시,,,
0b0000d6edcec653dfd6,full_annotation_v1,A,q_정육_06,축산물,식료품 중 '정육'을 판매·제공하는 매장,train,정육,T2 동의어,5be6c4c6-67aa-40d7-b7b6-baf802db6669,거승축산,축산물,마장축산물시장,전통시장,서울특별시,,,
3a289f0cb62bdaf2125e,full_annotation_v1,A,q_정육_06,축산물,식료품 중 '정육'을 판매·제공하는 매장,train,정육,T2 동의어,c88d53a3-d3cb-4246-add4-78630fa1d8e8,한우잔치,축산물,용호골목시장,전통시장,부산광역시,,,
45474bc000525764f150,full_annotation_v1,A,q_정육_06,축산물,식료품 중 '정육'을 판매·제공하는 매장,train,정육,T2 동의어,564de640-694f-4797-af66-a5d1df9c489f,푸줏간,,김천평화시장,전통시장,경상북도,,,
71b87ca3b93a947f653c,full_annotation_v1,A,q_정육_06,축산물,식료품 중 '정육'을 판매·제공하는 매장,train,정육,T2 동의어,58d2b5db-b733-48ce-9ae2-d8ac9032cb6d,축산장터,축산물,삼양시장골목형상점가,골목형상점가,서울특별시,,,
ef03832e92e131f9b02e,full_annotation_v1,A,q_정육_06,축산물,식료품 중 '정육'을 판매·제공하는 매장,train,정육,T2 동의어,66457cce-a236-4fca-a8d9-edd8242817f7,서라벌식육센타,축산물,수암상가시장,전통시장,울산광역시,,,
05cd635bbb07c970cd0d,full_annotation_v1,A,q_정육_06,축산물,식료품 중 '정육'을 판매·제공하는 매장,train,정육,T2 동의어,033ab0da-f546-4879-93a7-5bf7e6327bf3,시장식당,국밥,광양5일시장,전통시장,,,,
719fa33327380e72248a,full_annotation_v1,A,q_정육_06,축산물,식료품 중 '정육'을 판매·제공하는 매장,train,정육,T2 동의어,273592f6-e72c-42cb-911f-a1aeae0e1751,충무축산,축산물,진해중앙시장,전통시장,경상남도,,,
1a119c58173136c4dd1a,full_annotation_v1,A,q_정육_06,축산물,식료품 중 '정육'을 판매·제공하는 매장,train,정육,T2 동의어,00889968-cd4d-41f2-8c6f-39e3928858a7,행복한 정육점,고기,테크노밸리 골목형상점가,골목형상점가,대전광역시,,,
1f57fb546add27051b00,full_annotation_v1,A,q_정육_06,축산물,식료품 중 '정육'을 판매·제공하는 매장,train,정육,T2 동의어,c511b0db-d8cc-4892-a3ea-158022d3f69f,우리축산,축산물,신금호역골목형상점가,골목형상점가,서울특별시,,,
674627b96fe94af3e181,full_annotation_v1,A,q_정육_06,축산물,식료품 중 '정육'을 판매·제공하는 매장,train,정육,T2 동의어,b61232c0-4089-4a66-89cf-e1ba9ebcd421,하나로축산,축산물,고덕전통시장,전통시장,서울특별시,,,
85218fddc4bfe5235a38,full_annotation_v1,A,q_정육_06,축산물,식료품 중 '정육'을 판매·제공하는 매장,train,정육,T2 동의어,d17e60a6-ab1a-4c9f-89ba-6046647906d7,싱싱식당,한식,수락산디자인거리 골목형상점가,골목형상점가,서울특별시,,,
cbebea3e2835c6b6f654,full_annotation_v1,A,q_정육_06,축산물,식료품 중 '정육'을 판매·제공하는 매장,train,정육,T2 동의어,ce6be169-14d5-4923-8013-abab1a61184c,삼호상사,축산물,마장축산물시장,전통시장,서울특별시,,,
f0aa5e90ec3dd7a3869f,full_annotation_v1,A,q_정육_06,축산물,식료품 중 '정육'을 판매·제공하는 매장,train,정육,T2 동의어,f57b7953-ea70-4548-a64c-d56724df08a7,내고항축산,축산물,태릉골목형상점가,골목형상점가,서울특별시,,,
8b282f2ee86dfb3aa32e,full_annotation_v1,A,q_정육_06,축산물,식료품 중 '정육'을 판매·제공하는 매장,train,정육,T2 동의어,3b789972-7a61-4d03-a561-6ebd6baaaf7a,천지한우,축산물,상암마을상인회 골목형상점가,골목형상점가,광주광역시,,,
6e4459129b71c2595377,full_annotation_v1,A,q_정육_06,축산물,식료품 중 '정육'을 판매·제공하는 매장,train,정육,T2 동의어,6681fb70-6186-4815-b802-57ceb1c28ea8,창성축산물직판장,축산물,송촌시장,전통시장,대전광역시,,,
97b72e893b90f805a4d0,full_annotation_v1,A,q_정육_06,축산물,식료품 중 '정육'을 판매·제공하는 매장,train,정육,T2 동의어,02cebcf5-9e57-4988-adb9-85afcb577ccd,백미옥,국밥,한마음,골목형상점가,광주광역시,,,
3b6892cb2b1cdfe0be5a,full_annotation_v1,A,q_정육_06,축산물,식료품 중 '정육'을 판매·제공하는 매장,train,정육,T2 동의어,39151a93-23b2-43d8-96ef-4916fdfe2049,동일상사,축산물,가락몰골목형상점가,골목형상점가,서울특별시,,,
97359d153d9901514c29,full_annotation_v1,A,q_정육_06,축산물,식료품 중 '정육'을 판매·제공하는 매장,train,정육,T2 동의어,00f60c16-d8be-497f-80f2-aab3209a8d0e,포카포카,식당,전남여고후문 골목형상점가,골목형상점가,광주광역시,,,
0e206b4af1dd12c776a2,full_annotation_v1,A,q_정육_06,축산물,식료품 중 '정육'을 판매·제공하는 매장,train,정육,T2 동의어,039c05c3-9a49-40ec-86ca-28415ca76d25,미쁘다담양식돼지갈비,갈비,용봉지구 골목형상점가,골목형상점가,광주광역시,,,
8365aa474ed8053ef5f2,full_annotation_v1,A,q_정육_06,축산물,식료품 중 '정육'을 판매·제공하는 매장,train,정육,T2 동의어,df43b0cc-0162-479a-99d0-650d8769054b,참괜찮소,축산물,통인시장,전통시장,서울특별시,,,
635163604dc9d21fd316,full_annotation_v1,A,q_정육_06,축산물,식료품 중 '정육'을 판매·제공하는 매장,train,정육,T2 동의어,da801380-890b-4b3f-b692-cc422df39517,상현벽산점 크린토피아,"세탁, 수선",상현1동 골목형상점가,골목형상점가,경기도,,,
c57a3a6df35037f4a0c7,full_annotation_v1,A,q_정육_06,축산물,식료품 중 '정육'을 판매·제공하는 매장,train,정육,T2 동의어,0008f8f4-4c6e-4c4a-ad64-76aaea3d2d18,대성정육점,정육,평택국제중앙시장,전통시장,경기도,,,
d6256633e731aed02200,full_annotation_v1,A,q_정육_06,축산물,식료품 중 '정육'을 판매·제공하는 매장,train,정육,T2 동의어,9984e3b5-3948-4d43-bc80-66eab663977e,온24㈜,축산물,조양시장,전통시장,서울특별시,,,
9ce81e4c3e523d4e367b,full_annotation_v1,A,q_정육_06,축산물,식료품 중 '정육'을 판매·제공하는 매장,train,정육,T2 동의어,8e510c2f-4994-4fdd-8a90-51464ebb6929,골드축산,축산물,약수시장골목형상점가,골목형상점가,서울특별시,,,
284f46154818053434dc,full_annotation_v1,A,q_정육_06,축산물,식료품 중 '정육'을 판매·제공하는 매장,train,정육,T2 동의어,a419c64f-33e2-4340-aa5d-bfa3a0945c25,대동,축산물,마장축산물시장,전통시장,서울특별시,,,
3037c3bde05fe5d2e537,full_annotation_v1,A,q_정육_06,축산물,식료품 중 '정육'을 판매·제공하는 매장,train,정육,T2 동의어,003d2015-a21c-44e2-9d66-c6f97ba3c296,집중호우,한우,하단자율상권구역,기타,부산광역시,,,
68cd9eae802f8257b30d,full_annotation_v1,A,q_정육_06,축산물,식료품 중 '정육'을 판매·제공하는 매장,train,정육,T2 동의어,003a1767-bcd6-410b-809e-d4b059ce50c6,홍성토종한우,,어울림 아차산 골목형상점가,골목형상점가,서울특별시,,,
72e26f40634d306ebf82,full_annotation_v1,A,q_정육_06,축산물,식료품 중 '정육'을 판매·제공하는 매장,train,정육,T2 동의어,75716f7a-59a9-4bdb-b5da-f2c92706fdaf,하나축산,축산물,정이있는 구포시장,전통시장,부산광역시,,,
cd698a1fd2496f2364c7,full_annotation_v1,A,q_정육_06,축산물,식료품 중 '정육'을 판매·제공하는 매장,train,정육,T2 동의어,8ab398b9-b867-4fdc-a266-e4d92bb7eb14,경동,축산물,경동시장,전통시장,서울특별시,,,
90ac841e16b3c8688d5f,full_annotation_v1,A,q_정육_06,축산물,식료품 중 '정육'을 판매·제공하는 매장,train,정육,T2 동의어,00265ad2-bd74-4057-b201-f6a798a8a4c9,칠분통닭오치점,치킨,오치2동 골목형상점가,골목형상점가,광주광역시,,,
fda8418461232fb6e75d,full_annotation_v1,A,q_정육_06,축산물,식료품 중 '정육'을 판매·제공하는 매장,train,정육,T2 동의어,0598b6c8-c45e-444c-9b34-ff024b885ee8,서울갈비,갈비,행복상점가,자율상권구역,경상북도,,,
0d4d010ad965390ee96f,full_annotation_v1,A,q_정육_06,축산물,식료품 중 '정육'을 판매·제공하는 매장,train,정육,T2 동의어,080611f9-2bc6-485c-88ff-62a839f9cbd2,푸줏간 수정점,,황금수정 골목형상점가,골목형상점가,부산광역시,,,
4384567893f85bc52cc9,full_annotation_v1,A,q_정육_06,축산물,식료품 중 '정육'을 판매·제공하는 매장,train,정육,T2 동의어,ce506f54-5fc7-497b-8961-c2aae438541d,고고축산,축산물,팔달신시장,전통시장,대구광역시,,,
3b0f5bcb9b94c34a788f,full_annotation_v1,A,q_정육_06,축산물,식료품 중 '정육'을 판매·제공하는 매장,train,정육,T2 동의어,032b7c2d-89ad-4b7e-9563-c9c67c6381a9,명품한우,한우,신포동개항길골목형상점가,골목형상점가,인천광역시,,,
f18aac68f1a0e88ee7e8,full_annotation_v1,A,q_정육_06,축산물,식료품 중 '정육'을 판매·제공하는 매장,train,정육,T2 동의어,00e45da9-1bb4-42fa-b0a8-63cdcea52143,수유중앙축산물백화점,정육,수유중앙시장,전통시장,서울특별시,,,
5f33b5af49bb2dc16ba9,full_annotation_v1,A,q_정육_06,축산물,식료품 중 '정육'을 판매·제공하는 매장,train,정육,T2 동의어,cd3f5b2c-efcf-4c77-8ead-7c3a19b27194,하나로축산,축산물,석계역 골목형상점가,골목형상점가,서울특별시,,,
78a183d8a9324bb91655,full_annotation_v1,A,q_정육_06,축산물,식료품 중 '정육'을 판매·제공하는 매장,train,정육,T2 동의어,00c9508a-1962-4f4c-adc8-c9227046f329,도마정육점,식육,도마큰시장,전통시장,대전광역시,,,
e851ba13ea68b499bbac,full_annotation_v1,A,q_정육_06,축산물,식료품 중 '정육'을 판매·제공하는 매장,train,정육,T2 동의어,a2d6a0c0-0576-4337-9bc1-c120b088b754,우리축산,축산물,목동깨비시장(구 목3동시장),전통시장,서울특별시,,,
da18635662fa5d3e2acb,full_annotation_v1,A,q_정육_06,축산물,식료품 중 '정육'을 판매·제공하는 매장,train,정육,T2 동의어,156909e3-a54e-43dc-aa68-fccec52426d4,한밭축산,축산물,한민시장,전통시장,대전광역시,,,
7c7628676b1deb17e8ab,full_annotation_v1,A,q_정육_06,축산물,식료품 중 '정육'을 판매·제공하는 매장,train,정육,T2 동의어,d01f3c20-eebf-44e0-892e-4c714720bd92,돌탑식육점,축산물,원주미로예술중앙시장(원주중앙시장),전통시장,강원특별자치도,,,
2a9f1719c7e1ffdaa7f1,full_annotation_v1,A,q_정육_06,축산물,식료품 중 '정육'을 판매·제공하는 매장,train,정육,T2 동의어,1aea7187-7519-4571-866e-cadad62c13cb,대산,축산물,마장축산물시장,전통시장,서울특별시,,,
c306d6551fc396498c92,full_annotation_v1,A,q_정육_06,축산물,식료품 중 '정육'을 판매·제공하는 매장,train,정육,T2 동의어,775e2876-6ef0-472a-b137-45e9dd95325c,축산물 도.소매,축산물,풍동2 골목형상점가,골목형상점가,경기도,,,
220c1a264c6e79970cfc,full_annotation_v1,A,q_정육_06,축산물,식료품 중 '정육'을 판매·제공하는 매장,train,정육,T2 동의어,8293ebe7-ebf1-450a-8129-bf67b3aefb66,착한정육점,축산물,자양전통시장,전통시장,서울특별시,,,
ccbe38338f7e41c1baa8,full_annotation_v1,A,q_정육_06,축산물,식료품 중 '정육'을 판매·제공하는 매장,train,정육,T2 동의어,00e3332a-4796-482d-9660-702bcf084fb0,대흥축산,축산물,가락몰골목형상점가,골목형상점가,서울특별시,,,
d20442a6a42b238b5b92,full_annotation_v1,A,q_정육_06,축산물,식료품 중 '정육'을 판매·제공하는 매장,train,정육,T2 동의어,000d4d47-3a3f-4a73-9fce-cd3802a5ebb3,은여우두마리치킨,치킨,봉곡우전로 골목형상점가,골목형상점가,전북특별자치도,,,
3f9276c23d561b9ac2f0,full_annotation_v1,A,q_정육_06,축산물,식료품 중 '정육'을 판매·제공하는 매장,train,정육,T2 동의어,d268a343-7d29-4c4a-a6cd-2cb9876d8a8c,㈜바른돈,축산물,마장축산물시장,전통시장,서울특별시,,,
dd67d2180f48e1cd2e88,full_annotation_v1,A,q_정육_06,축산물,식료품 중 '정육'을 판매·제공하는 매장,train,정육,T2 동의어,2538e343-dfd5-475d-911b-489c58742748,신개념 푸줏간,,새천년 골목형상점가,골목형상점가,경기도,,,
a3fc7c602f8ff41413c8,full_annotation_v1,A,q_정육_06,축산물,식료품 중 '정육'을 판매·제공하는 매장,train,정육,T2 동의어,a512ed1e-46ec-4fb8-8980-107dc1a384e3,대성축산,축산물,남구로시장,전통시장,서울특별시,,,
aa7d986b0266a99f49e0,full_annotation_v1,A,q_정육_06,축산물,식료품 중 '정육'을 판매·제공하는 매장,train,정육,T2 동의어,0f81acdc-d16d-4ced-84c6-85eeaaf844b7,동철축산,축산물,마장축산물시장,전통시장,서울특별시,,,
3ac3975c9bc33bdacc1a,full_annotation_v1,A,q_정육_06,축산물,식료품 중 '정육'을 판매·제공하는 매장,train,정육,T2 동의어,65335cce-d2a5-49bd-90f3-80f44ee7d99e,석이네 숯불 쪽갈비,쪽갈비,두정동상점가,자율상권구역,충청남도,,,
3b6d4761ac8dcefbd8f9,full_annotation_v1,A,q_정육_06,축산물,식료품 중 '정육'을 판매·제공하는 매장,train,정육,T2 동의어,dbb9da9b-65f0-4453-b80c-40506a67ecdb,착한정육점,축산물,가경터미널시장,전통시장,충청북도,,,
3dce54f789715a8ec1dd,full_annotation_v1,A,q_정육_06,축산물,식료품 중 '정육'을 판매·제공하는 매장,train,정육,T2 동의어,43dc3ecf-f85d-4562-aecf-6abef897e41e,유창지하67호,축산물,독산동 우시장,자율상권구역,서울특별시,,,
985b899162b16b970666,full_annotation_v1,A,q_정육_06,축산물,식료품 중 '정육'을 판매·제공하는 매장,train,정육,T2 동의어,3ccb48df-4cc5-44bb-9946-b05a9151bb62,감동축산,축산물,신용동 골목형상점가,골목형상점가,광주광역시,,,
94f5d43667cfb272da9f,full_annotation_v1,A,q_정육_06,축산물,식료품 중 '정육'을 판매·제공하는 매장,train,정육,T2 동의어,8eb4e550-16f8-448f-83a5-9985a80e2150,천재축산유통,축산물,인천모래내전통시장,전통시장,인천광역시,,,
c5de0d153961a1fb7b78,full_annotation_v1,A,q_정육_06,축산물,식료품 중 '정육'을 판매·제공하는 매장,train,정육,T2 동의어,0031b1fc-4212-4c47-9dad-a8fa10d8bf85,㈜금원유통,축산물,마장축산물시장,전통시장,서울특별시,,,
7bf6f6ca66894df6e91f,full_annotation_v1,A,q_정육_06,축산물,식료품 중 '정육'을 판매·제공하는 매장,train,정육,T2 동의어,008615e0-6a3d-45a3-b0ce-af168ae6e16e,행담정육점,소고기 돼지고기 정육,대곡시장,전통시장,대구광역시,,,
8540cdd864e22e6d3fcb,full_annotation_v1,A,q_정육_06,축산물,식료품 중 '정육'을 판매·제공하는 매장,train,정육,T2 동의어,7c838ef6-3ef7-4233-898b-744ddc2eba11,골드축산,축산물,계양산전통시장,전통시장,인천광역시,,,
729dee85c87be66d7300,full_annotation_v1,A,q_정육_06,축산물,식료품 중 '정육'을 판매·제공하는 매장,train,정육,T2 동의어,d45ff066-f732-4dee-84cb-8391c1b3a639,생림한우,축산물,부산산업용재유통상가,전통시장,부산광역시,,,
0e7cc101827f59e0370d,full_annotation_v1,A,q_정육_06,축산물,식료품 중 '정육'을 판매·제공하는 매장,train,정육,T2 동의어,c746bfc6-8d36-460d-aba9-e801ea303a48,고기총각,축산물,다같이 울산송정 골목형상점가,골목형상점가,울산광역시,,,
5fb25f673f2a684420bb,full_annotation_v1,A,q_정육_06,축산물,식료품 중 '정육'을 판매·제공하는 매장,train,정육,T2 동의어,e83dabbb-6c65-4f7f-bf0c-3ae3d75305d0,언양한우생고기직판장,축산물,언양알프스시장,전통시장,울산광역시,,,
48c1b07e400882ee224c,full_annotation_v1,A,q_정육_06,축산물,식료품 중 '정육'을 판매·제공하는 매장,train,정육,T2 동의어,b3c0e173-3ece-4c1f-8df5-7bdecf330f7a,다솜축산물,축산물,문막시장,전통시장,강원특별자치도,,,
17243a0cd603ddeb1ba2,full_annotation_v1,A,q_정육_06,축산물,식료품 중 '정육'을 판매·제공하는 매장,train,정육,T2 동의어,c862e961-253b-46e3-b9bb-a748ae15b314,청춘축산,축산물,신정상가시장,전통시장,울산광역시,,,
f941167bc5db42b6d749,full_annotation_v1,A,q_정육_06,축산물,식료품 중 '정육'을 판매·제공하는 매장,train,정육,T2 동의어,3f583300-ac9c-454b-8038-df363f7662db,하나로축산,축산물,쌍문시장(쌍문역골목시장),전통시장,서울특별시,,,
d1014528d0a4d7b737bb,full_annotation_v1,A,q_정육_06,축산물,식료품 중 '정육'을 판매·제공하는 매장,train,정육,T2 동의어,00831405-3dce-4f59-90cd-81fc3f837a63,보광축산,정육,원당시장(구 원당전통시장),전통시장,경기도,,,
fbaf330f279b07555245,full_annotation_v1,A,q_정육_06,축산물,식료품 중 '정육'을 판매·제공하는 매장,train,정육,T2 동의어,6a5ef07e-4304-4aed-a1f6-c2bfc5acc9d9,대성한우,축산물,마장축산물시장,전통시장,서울특별시,,,
c916cdd0eef197a675a7,full_annotation_v1,A,q_정육_06,축산물,식료품 중 '정육'을 판매·제공하는 매장,train,정육,T2 동의어,043ca41b-6c9f-4800-b8f7-5e83630838fe,에몬스가구 양주점,가구,양주소풍가구단지상점가,자율상권구역,경기도,,,
429d90ea34c7db29c904,full_annotation_v1,A,q_정육_06,축산물,식료품 중 '정육'을 판매·제공하는 매장,train,정육,T2 동의어,49f87042-bce5-4bfa-8228-75eb7d7b47ba,우리축산,축산물,원미부흥시장,전통시장,경기도,,,
0367e58c7efb864351b0,full_annotation_v1,A,q_정육_06,축산물,식료품 중 '정육'을 판매·제공하는 매장,train,정육,T2 동의어,47624e9b-1c18-4a91-aa0e-0a8702f585f0,파파축산,축산물,동부시장 백구단길 골목형상점가,골목형상점가,서울특별시,,,
bb50526afb2fa0a28eee,full_annotation_v1,A,q_정육_06,축산물,식료품 중 '정육'을 판매·제공하는 매장,train,정육,T2 동의어,27fd3b40-5ffb-4361-9470-4a6db158c2dc,원조반찬,반찬 및 김치류,마천중앙시장,전통시장,서울특별시,,,
e3323e27d42c00687302,full_annotation_v1,A,q_정육_06,축산물,식료품 중 '정육'을 판매·제공하는 매장,train,정육,T2 동의어,022fb5a6-69f4-4765-88db-4228cac2ef69,랭상1992,삼겹살,오치2동 골목형상점가,골목형상점가,광주광역시,,,
cddac63652854c5ad76e,full_annotation_v1,A,q_정육_06,축산물,식료품 중 '정육'을 판매·제공하는 매장,train,정육,T2 동의어,a4dc9123-01e8-4819-a645-0d2e7a078b61,축산사랑,축산물,서초쇼핑골목형상점가,골목형상점가,서울특별시,,,
73038f4b82aa5df76502,full_annotation_v1,A,q_정육_06,축산물,식료품 중 '정육'을 판매·제공하는 매장,train,정육,T2 동의어,05be8e6e-05cb-43d5-8c9e-ab68776e957b,낙원갈비집 부천옥길점,,부천 옥길 골목형상점가,골목형상점가,경기도,,,
9e5dbfb583a4cd3eb22b,full_annotation_v1,A,q_정육_06,축산물,식료품 중 '정육'을 판매·제공하는 매장,train,정육,T2 동의어,ff61b447-d7a1-436c-8557-8ea05647bea4,우리축산,축산물,마산역번개시장,전통시장,경상남도,,,
8023664bf8ad25a82254,full_annotation_v1,A,q_정육_06,축산물,식료품 중 '정육'을 판매·제공하는 매장,train,정육,T2 동의어,3afc91f1-5d0d-4a88-998e-310ba45e06b4,명선13호,축산물,독산동 우시장,자율상권구역,서울특별시,,,
b7f686ba905847a4fca3,full_annotation_v1,A,q_정육_06,축산물,식료품 중 '정육'을 판매·제공하는 매장,train,정육,T2 동의어,622f2780-094c-449b-a239-3206d0c2931a,새론식육점,축산물,거제 옥수시장,전통시장,경상남도,,,
3e4c7b96426b5ca1c508,full_annotation_v1,A,q_정육_06,축산물,식료품 중 '정육'을 판매·제공하는 매장,train,정육,T2 동의어,01b7e8c6-feb8-4cff-a63e-2376ae18dd41,원조생굴뚝배기,국밥,고령대가야시장,전통시장,경상북도,,,
71f3c62b8e79eac3e81e,full_annotation_v1,A,q_정육_06,축산물,식료품 중 '정육'을 판매·제공하는 매장,train,정육,T2 동의어,0e64930d-d97d-42ed-a6bb-774b5d8525fe,길축산,축산물,복이있는덕포시장,전통시장,부산광역시,,,
79693fead3a0792a991d,full_annotation_v1,A,q_정육_06,축산물,식료품 중 '정육'을 판매·제공하는 매장,train,정육,T2 동의어,18a5619d-c878-4a3c-9fe5-4093460e3df5,주식회사 청년푸줏간,,인천모래내전통시장,전통시장,인천광역시,,,
bc91e01e400791ce9f35,full_annotation_v1,A,q_정육_06,축산물,식료품 중 '정육'을 판매·제공하는 매장,train,정육,T2 동의어,0023ae9b-466c-4881-afd0-ff8ac2890d72,돈.우정육점,식육,여수서시장주변시장,전통시장,전라남도,,,
e7ee488abf35ab826851,full_annotation_v1,A,q_정육_06,축산물,식료품 중 '정육'을 판매·제공하는 매장,train,정육,T2 동의어,0007af17-f23e-49b9-b7c1-5a9968727cfd,오늘닭강정,닭강정,목원대 골목형상점가,골목형상점가,대전광역시,,,
bf464020e6f5c0aaa44b,full_annotation_v1,A,q_정육_06,축산물,식료품 중 '정육'을 판매·제공하는 매장,train,정육,T2 동의어,9c687c09-4d6f-4fc9-a613-bcf06168ce73,축산사랑,축산물,도곡시장,자율상권구역,서울특별시,,,
dc0c62ab76b32323bab1,full_annotation_v1,A,q_정육_06,축산물,식료품 중 '정육'을 판매·제공하는 매장,train,정육,T2 동의어,c8db315f-8d53-40d7-a4e9-672bc010e52b,끄니,축산물,평화광장 먹자골목상점가,골목형상점가,전라남도,,,
7a34e4f967e7489654d2,full_annotation_v1,A,q_정육_06,축산물,식료품 중 '정육'을 판매·제공하는 매장,train,정육,T2 동의어,57419cc0-e6f1-4ca1-81f3-5c73652e2343,미트밴드,축산물,마장축산물시장,전통시장,서울특별시,,,
5a1f14e74d85e42900a1,full_annotation_v1,A,q_정육_06,축산물,식료품 중 '정육'을 판매·제공하는 매장,train,정육,T2 동의어,01286ec0-50e0-4540-b678-ec706fb3bcbb,설곰식당,식당,산업용재관,전통시장,대구광역시,,,
4316ba2264e1257cda1a,full_annotation_v1,A,q_정육_06,축산물,식료품 중 '정육'을 판매·제공하는 매장,train,정육,T2 동의어,702fd1f0-92d4-4e32-8e7c-18788d22e60c,우리축산,축산물,비단길현대시장,전통시장,서울특별시,,,
f5098f78e25c35cb9f70,full_annotation_v1,A,q_정육_06,축산물,식료품 중 '정육'을 판매·제공하는 매장,train,정육,T2 동의어,0038f694-919c-4289-8bc1-a5e6549274e1,달인닭강정,닭강정,서귀포매일올레시장,전통시장,제주특별자치도,,,
239cdb55c2988f3b0011,full_annotation_v1,A,q_정육_06,축산물,식료품 중 '정육'을 판매·제공하는 매장,train,정육,T2 동의어,d8d2bb84-a5d6-4cfc-94f8-de60e7d103cd,청백식품,축산물,구포축산물도매시장,전통시장,부산광역시,,,
8b386ec221519136d2d6,full_annotation_v1,A,q_정육_06,축산물,식료품 중 '정육'을 판매·제공하는 매장,train,정육,T2 동의어,06662c41-fdc2-4c91-8fa9-8380d68c1d8e,고려축산,축산물,백년시장(구 강북종합전통시장),전통시장,서울특별시,,,
544ddcaad2e36b629909,full_annotation_v1,A,q_정육_06,축산물,식료품 중 '정육'을 판매·제공하는 매장,train,정육,T2 동의어,25bfa1a1-e08f-4d68-bf9a-9b4542aad3d2,하나축산,축산물,원종고강제일시장(부천제일시장),전통시장,경기도,,,
1ed1e75e08308a7d93ae,full_annotation_v1,A,q_정육_06,축산물,식료품 중 '정육'을 판매·제공하는 매장,train,정육,T2 동의어,7a5f3f02-b2a4-4257-b5b2-562bfed0aa23,황토축산,축산물,중동사랑시장,전통시장,경기도,,,
05fb21b90c498df9a04c,full_annotation_v1,A,q_정육_06,축산물,식료품 중 '정육'을 판매·제공하는 매장,train,정육,T2 동의어,7fe81500-4a99-417a-823f-670029288e0c,깡통정육점,축산물,부평깡통시장(구 부산부평시장),전통시장,부산광역시,,,
e17205ed7ad691fbe68a,full_annotation_v1,A,q_정육_06,축산물,식료품 중 '정육'을 판매·제공하는 매장,train,정육,T2 동의어,04564ea5-0be4-4ee2-8519-e8fcaffe3485,쌍둥이국밥,국밥,첨단이웃사랑 골목형상점가,골목형상점가,광주광역시,,,
52ddb09c009ddad131d4,full_annotation_v1,A,q_정육_06,축산물,식료품 중 '정육'을 판매·제공하는 매장,train,정육,T2 동의어,f3a1827a-d2b7-4b6c-bb24-4a48d9dade45,삼화,축산물,마장축산물시장,전통시장,서울특별시,,,
cb911f26b4abfa5c2305,full_annotation_v1,A,q_정육_06,축산물,식료품 중 '정육'을 판매·제공하는 매장,train,정육,T2 동의어,7f5e607e-983a-42e9-bdc5-ce6a4e9ecdde,채우다필라테스바레 수지성복점,필라테스,상현1동 골목형상점가,골목형상점가,경기도,,,
dbc710ee98655eafe61c,full_annotation_v1,A,q_정육_06,축산물,식료품 중 '정육'을 판매·제공하는 매장,train,정육,T2 동의어,2b8a582d-2f46-408f-83bd-fbda4255192f,하나로축산,축산물,봉천제일종합시장,전통시장,서울특별시,,,
9000717d607792f735c1,full_annotation_v1,A,q_정육_07,푸줏간,식료품 중 '정육'을 판매·제공하는 매장,train,정육,T2 동의어,edcf8cb2-7bf7-427b-a43d-0802a4f733b1,김명희 헤어샵,미용업,하안주공3단지 골목형상점가,골목형상점가,경기도,,,
65c1405769bc063a99a6,full_annotation_v1,A,q_정육_07,푸줏간,식료품 중 '정육'을 판매·제공하는 매장,train,정육,T2 동의어,0008f8f4-4c6e-4c4a-ad64-76aaea3d2d18,대성정육점,정육,평택국제중앙시장,전통시장,경기도,,,
18b57b38fe76e3116d37,full_annotation_v1,A,q_정육_07,푸줏간,식료품 중 '정육'을 판매·제공하는 매장,train,정육,T2 동의어,3ab32d14-9a10-40cb-802d-63239ed25027,푸줏간생고기,육류,합정동먹자골목골목형상점가,골목형상점가,서울특별시,,,
7e4098b94c5694f8b4c4,full_annotation_v1,A,q_정육_07,푸줏간,식료품 중 '정육'을 판매·제공하는 매장,train,정육,T2 동의어,2538e343-dfd5-475d-911b-489c58742748,신개념 푸줏간,,새천년 골목형상점가,골목형상점가,경기도,,,
b4a5c42dd9579b555934,full_annotation_v1,A,q_정육_07,푸줏간,식료품 중 '정육'을 판매·제공하는 매장,train,정육,T2 동의어,00889968-cd4d-41f2-8c6f-39e3928858a7,행복한 정육점,고기,테크노밸리 골목형상점가,골목형상점가,대전광역시,,,
7381d964c1f8a8e4d2b2,full_annotation_v1,A,q_정육_07,푸줏간,식료품 중 '정육'을 판매·제공하는 매장,train,정육,T2 동의어,009f034c-8e3b-4a32-aab3-55ece8718004,장봐주는언니 임동점,농수축산물및 가공식품,제니스 골목형상점가,골목형상점가,광주광역시,,,
b534b43a8cd971b332b8,full_annotation_v1,A,q_정육_07,푸줏간,식료품 중 '정육'을 판매·제공하는 매장,train,정육,T2 동의어,c1eca7b0-1937-4058-babc-077503623f35,온오프,잡화,서문시장2지구 종합상가,전통시장,대구광역시,,,
9b90371e1a1f21e95213,full_annotation_v1,A,q_정육_07,푸줏간,식료품 중 '정육'을 판매·제공하는 매장,train,정육,T2 동의어,2a698379-2996-4abd-977d-4a2130af3baa,푸줏간,식육,창원 가음정시장,전통시장,경상남도,,,
879f07b9e1c198004b15,full_annotation_v1,A,q_정육_07,푸줏간,식료품 중 '정육'을 판매·제공하는 매장,train,정육,T2 동의어,032b7c2d-89ad-4b7e-9563-c9c67c6381a9,명품한우,한우,신포동개항길골목형상점가,골목형상점가,인천광역시,,,
4ddeaff150be6359aeff,full_annotation_v1,A,q_정육_07,푸줏간,식료품 중 '정육'을 판매·제공하는 매장,train,정육,T2 동의어,838e4c0b-cbeb-4457-8c18-c5f0503ec3c9,고기담고 정담는 푸줏간,식육,하양꿈바우시장,전통시장,경상북도,,,
81cb9f1c5409f65ebd9d,full_annotation_v1,A,q_정육_07,푸줏간,식료품 중 '정육'을 판매·제공하는 매장,train,정육,T2 동의어,3aac4923-d888-47d6-bcd9-610a1313becb,한보따리 푸줏간,"식육, 양념육, 즉석식품가공업",태장사거리 골목형상점가,골목형상점가,경기도,,,
10fabc799da9453cd91b,full_annotation_v1,A,q_정육_07,푸줏간,식료품 중 '정육'을 판매·제공하는 매장,train,정육,T2 동의어,9751208c-bb2b-4d7f-8be9-bfdf819f4dce,기흥상회,"도소매(신발,고급기성화,고급신발)",동문시장,전통시장,서울특별시,,,
e762ac04ba7de759fcb0,full_annotation_v1,A,q_정육_07,푸줏간,식료품 중 '정육'을 판매·제공하는 매장,train,정육,T2 동의어,0598b6c8-c45e-444c-9b34-ff024b885ee8,서울갈비,갈비,행복상점가,자율상권구역,경상북도,,,
186b014d319e14ec5f6c,full_annotation_v1,A,q_정육_07,푸줏간,식료품 중 '정육'을 판매·제공하는 매장,train,정육,T2 동의어,05be8e6e-05cb-43d5-8c9e-ab68776e957b,낙원갈비집 부천옥길점,,부천 옥길 골목형상점가,골목형상점가,경기도,,,
49de2c9ea8a5f236ec37,full_annotation_v1,A,q_정육_07,푸줏간,식료품 중 '정육'을 판매·제공하는 매장,train,정육,T2 동의어,c7a1e126-d475-48ce-8b76-06832ce1281c,푸줏간 축산,,당감골목시장,전통시장,부산광역시,,,
11c4a0ad83dfe2d2b12b,full_annotation_v1,A,q_정육_07,푸줏간,식료품 중 '정육'을 판매·제공하는 매장,train,정육,T2 동의어,28753b89-41b5-46fc-99e4-fa7414b703b8,해운대 광순이네 고깃간,,좌동재래시장,전통시장,부산광역시,,,
1ec1110ad8ceac7c094f,full_annotation_v1,A,q_정육_07,푸줏간,식료품 중 '정육'을 판매·제공하는 매장,train,정육,T2 동의어,00ac87c2-aed5-4a62-8b09-76cbea625145,내고향청보리한우직판장,소고기 돼지고기,마륵동상인회 골목형상점가,골목형상점가,광주광역시,,,
87a2e2678cc6391790d5,full_annotation_v1,A,q_정육_07,푸줏간,식료품 중 '정육'을 판매·제공하는 매장,train,정육,T2 동의어,79117ad8-90b5-4503-b173-2f2aa980c883,청춘 푸줏간,축산물,고분다리시장,전통시장,서울특별시,,,
36af0760dab6fd30a66c,full_annotation_v1,A,q_정육_07,푸줏간,식료품 중 '정육'을 판매·제공하는 매장,train,정육,T2 동의어,0023ae9b-466c-4881-afd0-ff8ac2890d72,돈.우정육점,식육,여수서시장주변시장,전통시장,전라남도,,,
482a07a601d2ec09616c,full_annotation_v1,A,q_정육_07,푸줏간,식료품 중 '정육'을 판매·제공하는 매장,train,정육,T2 동의어,4c3dcff8-7aa2-4e45-8212-694f998d4a12,찐 푸줏간,정육점,샘골로골목형상점가,골목형상점가,경기도,,,
19a1df01eed29ae9baff,full_annotation_v1,A,q_정육_07,푸줏간,식료품 중 '정육'을 판매·제공하는 매장,train,정육,T2 동의어,00bdaed4-8c0c-4e39-9198-736e0be49945,대신식육,식육,중앙식료시장(중앙먹통시장),전통시장,전라남도,,,
a0ae3d346028cd0ed827,full_annotation_v1,A,q_정육_07,푸줏간,식료품 중 '정육'을 판매·제공하는 매장,train,정육,T2 동의어,82c694d9-9314-4366-929b-ea62be221963,정희네 별난 푸줏간,고기,산본로데오거리(구 산본중심상가),자율상권구역,경기도,,,
f242b00be3fca814de29,full_annotation_v1,A,q_정육_07,푸줏간,식료품 중 '정육'을 판매·제공하는 매장,train,정육,T2 동의어,0287935d-6e8e-465e-930c-b5e8e06c38c4,탄방 고기돈,삼겹살,탄방새마을 골목형상점가,골목형상점가,대전광역시,,,
c25469dcf14722a5fc16,full_annotation_v1,A,q_정육_07,푸줏간,식료품 중 '정육'을 판매·제공하는 매장,train,정육,T2 동의어,004961cf-a775-4bcc-87a9-067c385bb9e7,삼미식육,식육,구포축산물도매시장,전통시장,부산광역시,,,
b34a87c8c129646c6c6d,full_annotation_v1,A,q_정육_07,푸줏간,식료품 중 '정육'을 판매·제공하는 매장,train,정육,T2 동의어,12c80683-1380-47fb-8b84-66c55d4179b5,푸줏간 고기도시락 첨단점,고기구이 도시락,신용동 골목형상점가,골목형상점가,광주광역시,,,
d7ee20097fe6b8a0cd83,full_annotation_v1,A,q_정육_07,푸줏간,식료품 중 '정육'을 판매·제공하는 매장,train,정육,T2 동의어,7085c8f8-0f29-4f53-bbfc-747351b69281,장가네 푸줏간,,새천년 골목형상점가,골목형상점가,경기도,,,
104f7173a06c8ccd6ee2,full_annotation_v1,A,q_정육_07,푸줏간,식료품 중 '정육'을 판매·제공하는 매장,train,정육,T2 동의어,03f541e1-2781-4bd2-91a9-65b9196d82b4,또래오래치킨&참닭,삼겹살,노대물빛근린공원 골목형상점가,골목형상점가,광주광역시,,,
75176795259458f981be,full_annotation_v1,A,q_정육_07,푸줏간,식료품 중 '정육'을 판매·제공하는 매장,train,정육,T2 동의어,003e9326-9010-4e27-b844-c62b81ad2df8,다이소 광주 호남대점,소매,선운별 골목형상점가,골목형상점가,광주광역시,,,
60ebf7cbd7f4b9469dd7,full_annotation_v1,A,q_정육_07,푸줏간,식료품 중 '정육'을 판매·제공하는 매장,train,정육,T2 동의어,04564ea5-0be4-4ee2-8519-e8fcaffe3485,쌍둥이국밥,국밥,첨단이웃사랑 골목형상점가,골목형상점가,광주광역시,,,
41e7888b10123fe7bc31,full_annotation_v1,A,q_정육_07,푸줏간,식료품 중 '정육'을 판매·제공하는 매장,train,정육,T2 동의어,004764d4-5ad9-4f22-81bb-48eac27e9e4b,60계치킨 야탑점,치킨,야탑 골목형상점가,골목형상점가,경기도,,,
025a3ce6151d503b72bf,full_annotation_v1,A,q_정육_07,푸줏간,식료품 중 '정육'을 판매·제공하는 매장,train,정육,T2 동의어,6285dd26-4a6a-4ec3-a1ae-8aa0a9260095,만양맛값,한식,포남용마거리골목형상점가,골목형상점가,강원특별자치도,,,
c5763ca4cd403d2f2a17,full_annotation_v1,A,q_정육_07,푸줏간,식료품 중 '정육'을 판매·제공하는 매장,train,정육,T2 동의어,00e3332a-4796-482d-9660-702bcf084fb0,대흥축산,축산물,가락몰골목형상점가,골목형상점가,서울특별시,,,
cecbf86e7a654b2dc0a5,full_annotation_v1,A,q_정육_07,푸줏간,식료품 중 '정육'을 판매·제공하는 매장,train,정육,T2 동의어,01b7e8c6-feb8-4cff-a63e-2376ae18dd41,원조생굴뚝배기,국밥,고령대가야시장,전통시장,경상북도,,,
9e9f0ffbe18c150a3e74,full_annotation_v1,A,q_정육_07,푸줏간,식료품 중 '정육'을 판매·제공하는 매장,train,정육,T2 동의어,0072ddc8-1b0b-4a64-b9d0-9eb309854f0c,오뚜기정육점,정육,김제중앙시장,전통시장,전북특별자치도,,,
55ca528f99790bba557d,full_annotation_v1,A,q_정육_07,푸줏간,식료품 중 '정육'을 판매·제공하는 매장,train,정육,T2 동의어,672f1302-571d-4af3-8fcc-83ddd2caabbc,참고깃간,,명륜시실로 골목형상점가,골목형상점가,부산광역시,,,
d6c3817c9f0236dde4ea,full_annotation_v1,A,q_정육_07,푸줏간,식료품 중 '정육'을 판매·제공하는 매장,train,정육,T2 동의어,8a9b0204-6ffb-4a4e-b1c3-7dbbb11df680,둔촌 푸줏간,식육,둔촌역전통시장,전통시장,서울특별시,,,
dfdc942843cc2db4f94a,full_annotation_v1,A,q_정육_07,푸줏간,식료품 중 '정육'을 판매·제공하는 매장,train,정육,T2 동의어,85768d90-0cbf-4a1b-a597-5ec0949b52eb,크라운샤이니스,"커피, 음료, 원두",은구비서로사회적협동조합 골목형상점가,골목형상점가,대전광역시,,,
5cfa84ef33524c4a9182,full_annotation_v1,A,q_정육_07,푸줏간,식료품 중 '정육'을 판매·제공하는 매장,train,정육,T2 동의어,1d2dba70-c440-40b3-a427-810466aadaa7,유한회사 푸줏간,축산물,가락몰골목형상점가,골목형상점가,서울특별시,,,
0a76ded419a7d5a7ab5a,full_annotation_v1,A,q_정육_07,푸줏간,식료품 중 '정육'을 판매·제공하는 매장,train,정육,T2 동의어,ff49a707-8e2e-487f-82fc-31ef0192bb25,고기담고 정담는 푸줏간,식육,하양꿈바우시장,전통시장,경상북도,,,
ba5c4945a3752c0bd55b,full_annotation_v1,A,q_정육_07,푸줏간,식료품 중 '정육'을 판매·제공하는 매장,train,정육,T2 동의어,008615e0-6a3d-45a3-b0ce-af168ae6e16e,행담정육점,소고기 돼지고기 정육,대곡시장,전통시장,대구광역시,,,
c24a7c80997094df8b37,full_annotation_v1,A,q_정육_07,푸줏간,식료품 중 '정육'을 판매·제공하는 매장,train,정육,T2 동의어,0031b1fc-4212-4c47-9dad-a8fa10d8bf85,㈜금원유통,축산물,마장축산물시장,전통시장,서울특별시,,,
00be5bff9d9b5e3f470d,full_annotation_v1,A,q_정육_07,푸줏간,식료품 중 '정육'을 판매·제공하는 매장,train,정육,T2 동의어,3e6a2059-5bed-44e4-b9cc-a39468de8043,준이네 푸줏간,,연동시장,전통시장,부산광역시,,,
f1c4e34f9dfb04c52445,full_annotation_v1,A,q_정육_07,푸줏간,식료품 중 '정육'을 판매·제공하는 매장,train,정육,T2 동의어,01286ec0-50e0-4540-b678-ec706fb3bcbb,설곰식당,식당,산업용재관,전통시장,대구광역시,,,
01cb21896fb50251b0bc,full_annotation_v1,A,q_정육_07,푸줏간,식료품 중 '정육'을 판매·제공하는 매장,train,정육,T2 동의어,309a8364-d70e-4a44-9637-98f4c7223b35,최고다 푸줏간,정육,구리역골목형상점가,골목형상점가,경기도,,,
167a53f6836ff0799c95,full_annotation_v1,A,q_정육_07,푸줏간,식료품 중 '정육'을 판매·제공하는 매장,train,정육,T2 동의어,003a1767-bcd6-410b-809e-d4b059ce50c6,홍성토종한우,,어울림 아차산 골목형상점가,골목형상점가,서울특별시,,,
cf56b4f139e4ddf04ffa,full_annotation_v1,A,q_정육_07,푸줏간,식료품 중 '정육'을 판매·제공하는 매장,train,정육,T2 동의어,00e45da9-1bb4-42fa-b0a8-63cdcea52143,수유중앙축산물백화점,정육,수유중앙시장,전통시장,서울특별시,,,
40ab16be94555f0a65d6,full_annotation_v1,A,q_정육_07,푸줏간,식료품 중 '정육'을 판매·제공하는 매장,train,정육,T2 동의어,000bc123-8986-4a63-bd89-6076138ae351,왕장상회,치킨,자양전통시장,전통시장,서울특별시,,,
2b1f8529818594168cfd,full_annotation_v1,A,q_정육_07,푸줏간,식료품 중 '정육'을 판매·제공하는 매장,train,정육,T2 동의어,872217ec-7200-4a51-80de-c96879eaa821,관평푸줏간,식육,테크노밸리 골목형상점가,골목형상점가,대전광역시,,,
c11dfd3b8f89351ac35a,full_annotation_v1,A,q_정육_07,푸줏간,식료품 중 '정육'을 판매·제공하는 매장,train,정육,T2 동의어,f5647098-d34c-45ac-b021-d2708cc2d0f6,맛돌이 푸줏간,육류,수정로 상권활성화구역,상권활성화구역,경기도,,,
1479f9b493b54bcd500f,full_annotation_v1,A,q_정육_07,푸줏간,식료품 중 '정육'을 판매·제공하는 매장,train,정육,T2 동의어,022fb5a6-69f4-4765-88db-4228cac2ef69,랭상1992,삼겹살,오치2동 골목형상점가,골목형상점가,광주광역시,,,
da2b39b4e680fed9ba6e,full_annotation_v1,A,q_정육_07,푸줏간,식료품 중 '정육'을 판매·제공하는 매장,train,정육,T2 동의어,005ea303-f9b7-4f3e-abcc-8460ca84ba44,은성축산물직판장,"도소매(축산물,식육판매)",남문시장,전통시장,서울특별시,,,
80ed3d4a0603cc2e49f6,full_annotation_v1,A,q_정육_07,푸줏간,식료품 중 '정육'을 판매·제공하는 매장,train,정육,T2 동의어,dc19096d-38c5-4963-aead-31450af81594,푸줏간,한식,안동음식의거리 골목형상점가,골목형상점가,경상북도,,,
d2d8e2c5aff2bd82f398,full_annotation_v1,A,q_정육_07,푸줏간,식료품 중 '정육'을 판매·제공하는 매장,train,정육,T2 동의어,023a95f4-f5cb-4b2e-b978-690c41d48d54,대송회센타,식당,대송시장,전통시장,울산광역시,,,
39ee99cf9b4a94fc9d2a,full_annotation_v1,A,q_정육_07,푸줏간,식료품 중 '정육'을 판매·제공하는 매장,train,정육,T2 동의어,d79a0ad3-ba6d-481b-b316-d0232159e9b9,정원 푸줏간,소고기 돼지고기 계란 야채,누리 골목형상점가,골목형상점가,경기도,,,
764d47ea9c33797301a7,full_annotation_v1,A,q_정육_07,푸줏간,식료품 중 '정육'을 판매·제공하는 매장,train,정육,T2 동의어,0aad5389-cfad-4466-9fe1-d8a04dd60414,시골집숯불갈비,갈비,두암2동광신맨션주변 골목형상점가,골목형상점가,광주광역시,,,
4b5386c05771fe271a59,full_annotation_v1,A,q_정육_07,푸줏간,식료품 중 '정육'을 판매·제공하는 매장,train,정육,T2 동의어,01c857cd-3f28-4d83-8fa4-e0abcfb44fbd,수연국밥,국밥,두암사거리 골목형상점가,골목형상점가,광주광역시,,,
7e27ccf4076244873517,full_annotation_v1,A,q_정육_07,푸줏간,식료품 중 '정육'을 판매·제공하는 매장,train,정육,T2 동의어,312ce36a-186d-47c1-9b84-c19ca4ebe1ba,스마트프랜즈,휴대폰악세서리,강남역지하도상점가,일반지하상점가,서울특별시,,,
3d26d0baf064a9af67dd,full_annotation_v1,A,q_정육_07,푸줏간,식료품 중 '정육'을 판매·제공하는 매장,train,정육,T2 동의어,263d4cd1-5a0d-45b6-9e68-b38558e9f160,고깃간,,부평종합시장,전통시장,인천광역시,,,
a045b4f3ed571322a0e0,full_annotation_v1,A,q_정육_07,푸줏간,식료품 중 '정육'을 판매·제공하는 매장,train,정육,T2 동의어,039c05c3-9a49-40ec-86ca-28415ca76d25,미쁘다담양식돼지갈비,갈비,용봉지구 골목형상점가,골목형상점가,광주광역시,,,
3b943cb012edf7ddadb0,full_annotation_v1,A,q_정육_07,푸줏간,식료품 중 '정육'을 판매·제공하는 매장,train,정육,T2 동의어,033ab0da-f546-4879-93a7-5bf7e6327bf3,시장식당,국밥,광양5일시장,전통시장,,,,
03b78f27829a1987aeee,full_annotation_v1,A,q_정육_07,푸줏간,식료품 중 '정육'을 판매·제공하는 매장,train,정육,T2 동의어,0130dbd3-b9ea-43f4-98fd-26d8afd90b78,모래내시장순대,식당,전주모래내시장,전통시장,전북특별자치도,,,
bc1cbd0d8226a5f2e47d,full_annotation_v1,A,q_정육_07,푸줏간,식료품 중 '정육'을 판매·제공하는 매장,train,정육,T2 동의어,d603d46d-8750-4fc9-8419-c73b82ed09c7,푸줏간 고기도시락 계룡점,육류,금암동 골목형상점가,골목형상점가,충청남도,,,
950079b02e432df5eda7,full_annotation_v1,A,q_정육_07,푸줏간,식료품 중 '정육'을 판매·제공하는 매장,train,정육,T2 동의어,00f60c16-d8be-497f-80f2-aab3209a8d0e,포카포카,식당,전남여고후문 골목형상점가,골목형상점가,광주광역시,,,
77da7b4f1d04265e81c4,full_annotation_v1,A,q_정육_07,푸줏간,식료품 중 '정육'을 판매·제공하는 매장,train,정육,T2 동의어,a364bea1-88b0-4f54-a406-92ac4d85e9dd,푸줏간,식육,남목전통시장,전통시장,울산광역시,,,
1936effa7a11c10ff848,full_annotation_v1,A,q_정육_07,푸줏간,식료품 중 '정육'을 판매·제공하는 매장,train,정육,T2 동의어,3fe7015a-ba1b-41ea-a08c-8fba8f302a03,소망푸줏간,육류,수원못골종합시장,전통시장,경기도,,,
dd28c3ead7e782b46013,full_annotation_v1,A,q_정육_07,푸줏간,식료품 중 '정육'을 판매·제공하는 매장,train,정육,T2 동의어,7d1861d6-0e3b-4427-9ca4-3dfa4ac19dca,소고기푸줏간,,상현 마실로 골목형상점가,골목형상점가,경기도,,,
cf96557e79c6daec4533,full_annotation_v1,A,q_정육_07,푸줏간,식료품 중 '정육'을 판매·제공하는 매장,train,정육,T2 동의어,315a2948-8317-4489-bbeb-c393e7a1b193,푸줏간생고기점,한식,행당시장상점가,자율상권구역,서울특별시,,,
d6ff3e39ff790a1b3e0c,full_annotation_v1,A,q_정육_07,푸줏간,식료품 중 '정육'을 판매·제공하는 매장,train,정육,T2 동의어,0007af17-f23e-49b9-b7c1-5a9968727cfd,오늘닭강정,닭강정,목원대 골목형상점가,골목형상점가,대전광역시,,,
044bf23c2fbccc1dd443,full_annotation_v1,A,q_정육_07,푸줏간,식료품 중 '정육'을 판매·제공하는 매장,train,정육,T2 동의어,11780470-b15b-4104-b62c-4131303b55fd,울진수산,회,평화 골목장 골목형상점가,골목형상점가,대구광역시,,,
3ea27d5d0633b135d649,full_annotation_v1,A,q_정육_07,푸줏간,식료품 중 '정육'을 판매·제공하는 매장,train,정육,T2 동의어,80c7cd0c-fe45-46c5-aead-f02d5f454f17,합동메리야쓰,내의,봉덕신시장,전통시장,대구광역시,,,
47bfb79362a9710b1fd5,full_annotation_v1,A,q_정육_07,푸줏간,식료품 중 '정육'을 판매·제공하는 매장,train,정육,T2 동의어,0120247f-1a8e-4396-882d-6476485c3f9e,사랑채,삼겹살,봉선먹자골목 골목형상점가,골목형상점가,광주광역시,,,
924489ff41618388dced,full_annotation_v1,A,q_정육_07,푸줏간,식료품 중 '정육'을 판매·제공하는 매장,train,정육,T2 동의어,3f567126-cd8b-4f43-b901-4485b95edbc3,삼형제 푸줏간,육류,학마을골목형상점가,골목형상점가,서울특별시,,,
367bbdc265e4db23a7dc,full_annotation_v1,A,q_정육_07,푸줏간,식료품 중 '정육'을 판매·제공하는 매장,train,정육,T2 동의어,b0f6253e-0a28-4fb5-ad78-86bf09f99970,이디야문경점,커피음료,점촌역전상점가,자율상권구역,경상북도,,,
b1e3fd50a7e407250791,full_annotation_v1,A,q_정육_07,푸줏간,식료품 중 '정육'을 판매·제공하는 매장,train,정육,T2 동의어,564de640-694f-4797-af66-a5d1df9c489f,푸줏간,,김천평화시장,전통시장,경상북도,,,
164381bd79be968cdaa4,full_annotation_v1,A,q_정육_07,푸줏간,식료품 중 '정육'을 판매·제공하는 매장,train,정육,T2 동의어,d377df9e-b22e-4705-a847-227045781943,푸줏간,,레이카운티 골목형상점가,골목형상점가,부산광역시,,,
1070ab6b4251f1bb10cb,full_annotation_v1,A,q_정육_07,푸줏간,식료품 중 '정육'을 판매·제공하는 매장,train,정육,T2 동의어,0b1d8447-88e5-4681-a91b-dfacf11955d8,양화정,갈비,합정동먹자골목골목형상점가,골목형상점가,서울특별시,,,
58cdfc36356eee779bc9,full_annotation_v1,A,q_정육_07,푸줏간,식료품 중 '정육'을 판매·제공하는 매장,train,정육,T2 동의어,0034b8e3-c78f-4e08-9a23-2414863de721,정육공방,소고기 돼지고기,구갈상점가,자율상권구역,경기도,,,
a6ceabcdb42eb577aa22,full_annotation_v1,A,q_정육_07,푸줏간,식료품 중 '정육'을 판매·제공하는 매장,train,정육,T2 동의어,00831405-3dce-4f59-90cd-81fc3f837a63,보광축산,정육,원당시장(구 원당전통시장),전통시장,경기도,,,
654675a5a027b16161a6,full_annotation_v1,A,q_정육_07,푸줏간,식료품 중 '정육'을 판매·제공하는 매장,train,정육,T2 동의어,c2a83eb5-2eb2-45f0-bc72-918994599df5,총각네 푸줏간,,마산어시장,전통시장,경상남도,,,
ca57751294e7f9dc379f,full_annotation_v1,A,q_정육_07,푸줏간,식료품 중 '정육'을 판매·제공하는 매장,train,정육,T2 동의어,66d9629d-babf-48c3-9b9d-7ad1b266c22f,정자푸줏간,,정자시장,전통시장,경기도,,,
1eacb4167601f37ff1e5,full_annotation_v1,A,q_정육_07,푸줏간,식료품 중 '정육'을 판매·제공하는 매장,train,정육,T2 동의어,e0bdac1a-8607-4e77-8f44-c3f0840dd416,에덴꽃나라,생화,구갈상점가,자율상권구역,경기도,,,
558eaf5c88105e927671,full_annotation_v1,A,q_정육_07,푸줏간,식료품 중 '정육'을 판매·제공하는 매장,train,정육,T2 동의어,53a8e7e7-a4cc-42b1-ae01-3c0d6d05887f,푸줏간 식당,한식,신기골목형상점가,골목형상점가,전라남도,,,
aa6168a8dca05cf3d4b0,full_annotation_v1,A,q_정육_07,푸줏간,식료품 중 '정육'을 판매·제공하는 매장,train,정육,T2 동의어,00a5a31e-6208-4900-9553-18f188bfcbfc,올바른고깃간일곡점,정육점,일곡동 골목형상점가,골목형상점가,광주광역시,,,
ebb7e11c53bb881aa75f,full_annotation_v1,A,q_정육_07,푸줏간,식료품 중 '정육'을 판매·제공하는 매장,train,정육,T2 동의어,02235e2b-ba17-4b33-aacc-c1d96790e83e,바다담은구이,식당,정릉시장,전통시장,서울특별시,,,
18d9ad134e91da2821d2,full_annotation_v1,A,q_정육_07,푸줏간,식료품 중 '정육'을 판매·제공하는 매장,train,정육,T2 동의어,00c9508a-1962-4f4c-adc8-c9227046f329,도마정육점,식육,도마큰시장,전통시장,대전광역시,,,
39b9f0ea9f94c36cb067,full_annotation_v1,A,q_정육_07,푸줏간,식료품 중 '정육'을 판매·제공하는 매장,train,정육,T2 동의어,dd2a94dd-2348-47a4-a74e-00a18cb2b86a,패션쥬얼리,액세서리,월성청구시장,전통시장,대구광역시,,,
61a857e9386c4b79b2b8,full_annotation_v1,A,q_정육_07,푸줏간,식료품 중 '정육'을 판매·제공하는 매장,train,정육,T2 동의어,66c49aef-e902-4480-9ba8-6b7834a135f0,맛좋은 푸줏간,정육점,구리전통시장,전통시장,경기도,,,
b4236f532e332095dca0,full_annotation_v1,A,q_정육_07,푸줏간,식료품 중 '정육'을 판매·제공하는 매장,train,정육,T2 동의어,008f0459-6681-4e70-8149-1a6d9ff1a2a5,육간지,삼겹살,구미 진평음식문화특화거리 골목형상점가,골목형상점가,경상북도,,,
c03436aa6769fc72a5ae,full_annotation_v1,A,q_정육_07,푸줏간,식료품 중 '정육'을 판매·제공하는 매장,train,정육,T2 동의어,7912cc36-a331-42ab-aedc-b2cb89815629,럭키(Lucky)호두과자,호두과자,봉덕신시장,전통시장,대구광역시,,,
5a70bc8a7c430dd5f10f,full_annotation_v1,A,q_정육_07,푸줏간,식료품 중 '정육'을 판매·제공하는 매장,train,정육,T2 동의어,001dda38-7874-4460-b3b0-a5717b6c36d7,오송 곱창,"한우곱창, 한우막창, 한우모듬, 한우대창, 한우염통",오송1산단오스코로골목형상점가,골목형상점가,충청북도,,,
3922a2692c6ccf023e15,full_annotation_v1,A,q_정육_07,푸줏간,식료품 중 '정육'을 판매·제공하는 매장,train,정육,T2 동의어,0e1223b4-76b6-4924-852a-7e00e1c90a35,푸줏간참숯,한식,부곡맛고을상가,자율상권구역,경상북도,,,
5a93f1df635160e99c74,full_annotation_v1,A,q_정육_07,푸줏간,식료품 중 '정육'을 판매·제공하는 매장,train,정육,T2 동의어,11155c47-9b24-4cea-8301-8cd3532daf8a,푸줏간,한식,해미읍성전통시장,전통시장,충청남도,,,
86252189511c82001732,full_annotation_v1,A,q_정육_07,푸줏간,식료품 중 '정육'을 판매·제공하는 매장,train,정육,T2 동의어,0091c18f-a074-4703-9af5-05c6495e38af,이지비야,고기,아름다운삼정로 골목형상점가,골목형상점가,광주광역시,,,
1278561f79053f221f87,full_annotation_v1,A,q_정육_07,푸줏간,식료품 중 '정육'을 판매·제공하는 매장,train,정육,T2 동의어,0367e5f3-1bf4-4d8a-bac6-655fcc2eda3f,큰집닭강정,닭강정,신도봉시장,전통시장,서울특별시,,,
0c64cd72b3530ed07745,full_annotation_v1,A,q_정육_07,푸줏간,식료품 중 '정육'을 판매·제공하는 매장,train,정육,T2 동의어,f9256937-d983-44e6-8567-cbb35854f298,BYC옥련점,의류,옥련시장,전통시장,인천광역시,,,
bf948fb0d3a499d150ca,full_annotation_v1,A,q_정육_07,푸줏간,식료품 중 '정육'을 판매·제공하는 매장,train,정육,T2 동의어,fd9c9a1d-e788-403b-bf0a-02fd9e0718a6,소문난 푸줏간,정육,방신전통시장,전통시장,서울특별시,,,
768cee8c83bad79c8eb9,full_annotation_v1,A,q_정육_07,푸줏간,식료품 중 '정육'을 판매·제공하는 매장,train,정육,T2 동의어,2fcf6e77-3061-48cb-aa80-0fdfaf18e621,청춘푸줏간,육류,은행시장,전통시장,경기도,,,
4db0762681050edfc4a6,full_annotation_v1,A,q_정육_07,푸줏간,식료품 중 '정육'을 판매·제공하는 매장,train,정육,T2 동의어,c76da09a-06c9-49a0-a59d-aa5c12c99c2d,코지,침구류,은마종합상점가,자율상권구역,서울특별시,,,
a262be6af56a7db6496b,full_annotation_v1,A,q_정육_07,푸줏간,식료품 중 '정육'을 판매·제공하는 매장,train,정육,T2 동의어,c38307d5-215b-4a14-80f2-e05a7bdf5154,최고다 푸줏간,축산물,삼익 골목형상점가,골목형상점가,서울특별시,,,
6ec54db07b01db54b3bd,full_annotation_v1,A,q_정육_07,푸줏간,식료품 중 '정육'을 판매·제공하는 매장,train,정육,T2 동의어,00652de3-165f-4988-9616-0ff0250e851d,합천식육점,,관문상가시장,전통시장,대구광역시,,,
f2f78f406ae1eb1d8391,full_annotation_v1,A,q_정육_07,푸줏간,식료품 중 '정육'을 판매·제공하는 매장,train,정육,T2 동의어,00027601-43e6-4d9a-a358-150cc014fe4c,닭장수후라이드,치킨,한솔동 5~6단지상점가,자율상권구역,세종특별자치시,,,
447e3b23477ab2a40e8e,full_annotation_v1,A,q_정육_07,푸줏간,식료품 중 '정육'을 판매·제공하는 매장,train,정육,T2 동의어,000d4d47-3a3f-4a73-9fce-cd3802a5ebb3,은여우두마리치킨,치킨,봉곡우전로 골목형상점가,골목형상점가,전북특별자치도,,,
f81601c2d29a92afa55e,full_annotation_v1,A,q_정육_07,푸줏간,식료품 중 '정육'을 판매·제공하는 매장,train,정육,T2 동의어,73c33d0a-a385-4eba-ac31-3a17d42ea8e7,희망 푸줏간,축산물,금암중심상가 골목형상점가,골목형상점가,경기도,,,
cbfdf17e0154f392a343,full_annotation_v1,A,q_정육_07,푸줏간,식료품 중 '정육'을 판매·제공하는 매장,train,정육,T2 동의어,0038f694-919c-4289-8bc1-a5e6549274e1,달인닭강정,닭강정,서귀포매일올레시장,전통시장,제주특별자치도,,,
104ce0f8eda825a18951,full_annotation_v1,A,q_정육_07,푸줏간,식료품 중 '정육'을 판매·제공하는 매장,train,정육,T2 동의어,a91cccbf-63b0-41e8-ad8e-16d89e69ce7b,파란만잔원주혁신건강보험공단점,커피,혁신도시2구역골목형상점가,골목형상점가,강원특별자치도,,,
afcc3b5ee29b8ddb4699,full_annotation_v1,A,q_정육_07,푸줏간,식료품 중 '정육'을 판매·제공하는 매장,train,정육,T2 동의어,003d2015-a21c-44e2-9d66-c6f97ba3c296,집중호우,한우,하단자율상권구역,기타,부산광역시,,,
0489c9402da6d1ed8b40,full_annotation_v1,A,q_정육_07,푸줏간,식료품 중 '정육'을 판매·제공하는 매장,train,정육,T2 동의어,18a5619d-c878-4a3c-9fe5-4093460e3df5,주식회사 청년푸줏간,,인천모래내전통시장,전통시장,인천광역시,,,
7e92142ca48cb6077e77,full_annotation_v1,A,q_정육_07,푸줏간,식료품 중 '정육'을 판매·제공하는 매장,train,정육,T2 동의어,02f9037a-c117-4db4-9d2b-9b78182978f4,반월닭강정치킨,,보령한내시장,전통시장,충청남도,,,
4f2ce8e8944cc3ed277c,full_annotation_v1,A,q_정육_07,푸줏간,식료품 중 '정육'을 판매·제공하는 매장,train,정육,T2 동의어,01e3bdc3-fa69-409b-9f56-9ab1b44ede16,바우닭강정,닭강정,자양전통시장,전통시장,서울특별시,,,
dc8d6497b47d3f834223,full_annotation_v1,A,q_정육_07,푸줏간,식료품 중 '정육'을 판매·제공하는 매장,train,정육,T2 동의어,cc071c7f-bca1-45c8-bb37-9a6bf65abe93,미르푸줏간,식육,녹동전통시장,전통시장,전라남도,,,
e67c7d4e73472a24372c,full_annotation_v1,A,q_정육_07,푸줏간,식료품 중 '정육'을 판매·제공하는 매장,train,정육,T2 동의어,045267bd-a497-41bf-a59c-562c5bbd99eb,커피엔 보리빵,커피,청운시장골목형상점가,골목형상점가,경기도,,,
a3711e75a639a6776221,full_annotation_v1,A,q_정육_07,푸줏간,식료품 중 '정육'을 판매·제공하는 매장,train,정육,T2 동의어,41d11001-9d7b-4965-9bae-0af94922cf12,철이네고깃간(중흥점),,유동 경열로 골목형상점가,골목형상점가,광주광역시,,,
c4648b54bc7699a70a1f,full_annotation_v1,A,q_정육_07,푸줏간,식료품 중 '정육'을 판매·제공하는 매장,train,정육,T2 동의어,490ef71b-a1a7-49f5-82bf-0a70892d0dbb,푸줏간,정육점,대송시장,전통시장,울산광역시,,,
50b82c0950711a442fff,full_annotation_v1,A,q_정육_07,푸줏간,식료품 중 '정육'을 판매·제공하는 매장,train,정육,T2 동의어,080611f9-2bc6-485c-88ff-62a839f9cbd2,푸줏간 수정점,,황금수정 골목형상점가,골목형상점가,부산광역시,,,
4b7e934ff244714d7e38,full_annotation_v1,A,q_정육_07,푸줏간,식료품 중 '정육'을 판매·제공하는 매장,train,정육,T2 동의어,01595538-7540-460e-9663-b83d7b533c88,동그리네 푸줏간,식육,머내마을 상점가,골목형상점가,경기도,,,
bf44aba893099f78cea4,full_annotation_v1,A,q_정육_07,푸줏간,식료품 중 '정육'을 판매·제공하는 매장,train,정육,T2 동의어,bfffac2b-d8dc-44f9-91dc-22d8099d43e3,장터푸줏간,정육,북평민속시장(북평민속5일장),전통시장,강원특별자치도,,,
b2304d3a5b056658ec81,full_annotation_v1,A,q_정육_07,푸줏간,식료품 중 '정육'을 판매·제공하는 매장,train,정육,T2 동의어,00265ad2-bd74-4057-b201-f6a798a8a4c9,칠분통닭오치점,치킨,오치2동 골목형상점가,골목형상점가,광주광역시,,,
999b4759930195c79888,full_annotation_v1,A,q_정육_07,푸줏간,식료품 중 '정육'을 판매·제공하는 매장,train,정육,T2 동의어,02cebcf5-9e57-4988-adb9-85afcb577ccd,백미옥,국밥,한마음,골목형상점가,광주광역시,,,
c5e9fa1f49bb5b51f9e6,full_annotation_v1,A,q_정육_07,푸줏간,식료품 중 '정육'을 판매·제공하는 매장,train,정육,T2 동의어,00176890-ac4c-4ce1-bf5b-c5e45dbf9c43,시골정육점,축산,답십리시장,전통시장,서울특별시,,,
ddd7cebb72756d8f3e63,full_annotation_v1,A,q_정육_07,푸줏간,식료품 중 '정육'을 판매·제공하는 매장,train,정육,T2 동의어,0363b125-0829-46ae-b0be-f23ada850390,정성육회울산송정점,한우뭉티기&한우육회,송정청춘 골목형상점가,골목형상점가,울산광역시,,,
2887463b6bcbb4f8ad02,full_annotation_v1,A,q_정육_07,푸줏간,식료품 중 '정육'을 판매·제공하는 매장,train,정육,T2 동의어,86ddd3a6-557a-49f9-8ea2-0f520c55b844,총각네고깃간,,일곡동(제1지역:자연마을 일동초 거리) 골목형상점가,골목형상점가,,,,
f6452d124c6089696d91,full_annotation_v1,A,q_정육_08,한우,식료품 중 '정육'을 판매·제공하는 매장,train,정육,T2 동의어,6a2ba231-6516-4777-8005-e00b6e5f3001,한우애,한우,양양로 골목형상점가,골목형상점가,강원특별자치도,,,
6d97292463293abd8716,full_annotation_v1,A,q_정육_08,한우,식료품 중 '정육'을 판매·제공하는 매장,train,정육,T2 동의어,01b7e8c6-feb8-4cff-a63e-2376ae18dd41,원조생굴뚝배기,국밥,고령대가야시장,전통시장,경상북도,,,
266718d92885d0ded130,full_annotation_v1,A,q_정육_08,한우,식료품 중 '정육'을 판매·제공하는 매장,train,정육,T2 동의어,00831405-3dce-4f59-90cd-81fc3f837a63,보광축산,정육,원당시장(구 원당전통시장),전통시장,경기도,,,
aeab5a30799c4364256c,full_annotation_v1,A,q_정육_08,한우,식료품 중 '정육'을 판매·제공하는 매장,train,정육,T2 동의어,032b7c2d-89ad-4b7e-9563-c9c67c6381a9,명품한우,한우,신포동개항길골목형상점가,골목형상점가,인천광역시,,,
9e3ee7adce086bb39bba,full_annotation_v1,A,q_정육_08,한우,식료품 중 '정육'을 판매·제공하는 매장,train,정육,T2 동의어,0d6f9453-d8b3-4ffc-b5e1-66debcd6f041,우리축산,한우,사천읍시장,전통시장,경상남도,,,
89bf55ef0ac507435f88,full_annotation_v1,A,q_정육_08,한우,식료품 중 '정육'을 판매·제공하는 매장,train,정육,T2 동의어,d942dc7d-aacc-4d0b-a59c-7e5e8bf8c6e3,솔뫼한우촌,한우,합덕전통시장,전통시장,충청남도,,,
b9438295d44702ec4984,full_annotation_v1,A,q_정육_08,한우,식료품 중 '정육'을 판매·제공하는 매장,train,정육,T2 동의어,c1123de5-b925-46ad-9177-b0aba5a0222e,원미한우,한우,재송시장,전통시장,부산광역시,,,
7bf9a40da35977e24617,full_annotation_v1,A,q_정육_08,한우,식료품 중 '정육'을 판매·제공하는 매장,train,정육,T2 동의어,e5fcd2db-f6dd-464b-bccb-e06e2217b4ed,이윽고,한우,나성동 골목형상점가,골목형상점가,세종특별자치시,,,
8bd7a56aae49c0bb68cd,full_annotation_v1,A,q_정육_08,한우,식료품 중 '정육'을 판매·제공하는 매장,train,정육,T2 동의어,bf5d6e04-b841-4d87-a11d-cfe9d58f254a,나주원협 25호,,배돌이 골목형상점가,골목형상점가,,,,
ac07212b986ca84e35ca,full_annotation_v1,A,q_정육_08,한우,식료품 중 '정육'을 판매·제공하는 매장,train,정육,T2 동의어,a90bcba0-7a7c-4002-bc41-1537c4836925,조선한우,한우,어울림마당 골목형상점가,골목형상점가,부산광역시,,,
2065f88afe846576d7ff,full_annotation_v1,A,q_정육_08,한우,식료품 중 '정육'을 판매·제공하는 매장,train,정육,T2 동의어,66b0f99e-0fe3-44cb-a287-b1f95d6a9fb4,명품정육,한우,마장축산물시장,전통시장,서울특별시,,,
f87f290b255b51dbeb3f,full_annotation_v1,A,q_정육_08,한우,식료품 중 '정육'을 판매·제공하는 매장,train,정육,T2 동의어,547de0bb-6301-4a08-a61f-44492e772186,명성한우플러스,한우,수암상가시장,전통시장,울산광역시,,,
284334532b36f1a8504e,full_annotation_v1,A,q_정육_08,한우,식료품 중 '정육'을 판매·제공하는 매장,train,정육,T2 동의어,00265ad2-bd74-4057-b201-f6a798a8a4c9,칠분통닭오치점,치킨,오치2동 골목형상점가,골목형상점가,광주광역시,,,
08daf610804fa9e2d230,full_annotation_v1,A,q_정육_08,한우,식료품 중 '정육'을 판매·제공하는 매장,train,정육,T2 동의어,b828bb72-40e7-4e05-93de-7fe63f285933,작업소 한우,,해운대 화목쇼핑타운 골목형 상점가,골목형상점가,부산광역시,,,
7285f1f66acbb0366ad4,full_annotation_v1,A,q_정육_08,한우,식료품 중 '정육'을 판매·제공하는 매장,train,정육,T2 동의어,dd2a4c2b-0d3f-4a3f-b9e2-3adad01651bb,요작,한우,펭귄마을 골목형상점가,골목형상점가,광주광역시,,,
14a2a8d73af703fb18d1,full_annotation_v1,A,q_정육_08,한우,식료품 중 '정육'을 판매·제공하는 매장,train,정육,T2 동의어,f80f312c-9f71-4ce5-a156-9fbde803ea48,한우마을,한우,매산시장,전통시장,경기도,,,
363a456bbba841e0be04,full_annotation_v1,A,q_정육_08,한우,식료품 중 '정육'을 판매·제공하는 매장,train,정육,T2 동의어,0038f694-919c-4289-8bc1-a5e6549274e1,달인닭강정,닭강정,서귀포매일올레시장,전통시장,제주특별자치도,,,
11f44180f6dfc76b03b5,full_annotation_v1,A,q_정육_08,한우,식료품 중 '정육'을 판매·제공하는 매장,train,정육,T2 동의어,6b5f03d4-0895-4120-b377-c9d34d225326,보스펫,애견용품,인천중앙로지하상가,일반지하상점가,인천광역시,,,
16caf5fcfc5fe0319663,full_annotation_v1,A,q_정육_08,한우,식료품 중 '정육'을 판매·제공하는 매장,train,정육,T2 동의어,00c9508a-1962-4f4c-adc8-c9227046f329,도마정육점,식육,도마큰시장,전통시장,대전광역시,,,
0e28ca7dea0ec1e496eb,full_annotation_v1,A,q_정육_08,한우,식료품 중 '정육'을 판매·제공하는 매장,train,정육,T2 동의어,564de640-694f-4797-af66-a5d1df9c489f,푸줏간,,김천평화시장,전통시장,경상북도,,,
037c73cd0f989f359ae9,full_annotation_v1,A,q_정육_08,한우,식료품 중 '정육'을 판매·제공하는 매장,train,정육,T2 동의어,28753b89-41b5-46fc-99e4-fa7414b703b8,해운대 광순이네 고깃간,,좌동재래시장,전통시장,부산광역시,,,
9d3456a931873dd9407f,full_annotation_v1,A,q_정육_08,한우,식료품 중 '정육'을 판매·제공하는 매장,train,정육,T2 동의어,739da621-c71b-469b-85a9-1a48783398e0,강릉한우,한우,포남용마거리골목형상점가,골목형상점가,강원특별자치도,,,
4c1041009ab4bd621208,full_annotation_v1,A,q_정육_08,한우,식료품 중 '정육'을 판매·제공하는 매장,train,정육,T2 동의어,a1430b6d-d192-4c54-ace8-8da4af3a8b91,지리산한우마을,한우,감천문화시장,전통시장,부산광역시,,,
8757d3ebfdff6c62a123,full_annotation_v1,A,q_정육_08,한우,식료품 중 '정육'을 판매·제공하는 매장,train,정육,T2 동의어,dfcafe04-3fe8-487a-861f-188b9a14b4c6,강원건어물,건어물,김해 삼방전통시장,전통시장,경상남도,,,
287d7f88e5197c321cd4,full_annotation_v1,A,q_정육_08,한우,식료품 중 '정육'을 판매·제공하는 매장,train,정육,T2 동의어,bab02729-8f9b-42c2-8d28-dd47cb038b2c,한우궁,한우,풍동온누리 골목형상점가,골목형상점가,경기도,,,
cd87412caee69f1ba971,full_annotation_v1,A,q_정육_08,한우,식료품 중 '정육'을 판매·제공하는 매장,train,정육,T2 동의어,0598b6c8-c45e-444c-9b34-ff024b885ee8,서울갈비,갈비,행복상점가,자율상권구역,경상북도,,,
e33fab339f2f5cb8cafe,full_annotation_v1,A,q_정육_08,한우,식료품 중 '정육'을 판매·제공하는 매장,train,정육,T2 동의어,02235e2b-ba17-4b33-aacc-c1d96790e83e,바다담은구이,식당,정릉시장,전통시장,서울특별시,,,
d4ac307674c04b765534,full_annotation_v1,A,q_정육_08,한우,식료품 중 '정육'을 판매·제공하는 매장,train,정육,T2 동의어,545cd252-b021-4a9c-bad5-f6f03b4a5fce,시골석쇠갈비,한우,안동음식의거리 골목형상점가,골목형상점가,경상북도,,,
029c938b0361f6abc61d,full_annotation_v1,A,q_정육_08,한우,식료품 중 '정육'을 판매·제공하는 매장,train,정육,T2 동의어,05be8e6e-05cb-43d5-8c9e-ab68776e957b,낙원갈비집 부천옥길점,,부천 옥길 골목형상점가,골목형상점가,경기도,,,
39fa88b1fd6dca02ed2d,full_annotation_v1,A,q_정육_08,한우,식료품 중 '정육'을 판매·제공하는 매장,train,정육,T2 동의어,0aad5389-cfad-4466-9fe1-d8a04dd60414,시골집숯불갈비,갈비,두암2동광신맨션주변 골목형상점가,골목형상점가,광주광역시,,,
1d00c3559e801053d65a,full_annotation_v1,A,q_정육_08,한우,식료품 중 '정육'을 판매·제공하는 매장,train,정육,T2 동의어,0007af17-f23e-49b9-b7c1-5a9968727cfd,오늘닭강정,닭강정,목원대 골목형상점가,골목형상점가,대전광역시,,,
c304d8eba01de732b482,full_annotation_v1,A,q_정육_08,한우,식료품 중 '정육'을 판매·제공하는 매장,train,정육,T2 동의어,0023ae9b-466c-4881-afd0-ff8ac2890d72,돈.우정육점,식육,여수서시장주변시장,전통시장,전라남도,,,
b7752923ea36f171dd35,full_annotation_v1,A,q_정육_08,한우,식료품 중 '정육'을 판매·제공하는 매장,train,정육,T2 동의어,70205b37-4ff7-4392-8464-9992291ebad2,더 잡수소,한우,에뜰일차 골목형상점가,골목형상점가,울산광역시,,,
12adad84af657e69ae26,full_annotation_v1,A,q_정육_08,한우,식료품 중 '정육'을 판매·제공하는 매장,train,정육,T2 동의어,0091c18f-a074-4703-9af5-05c6495e38af,이지비야,고기,아름다운삼정로 골목형상점가,골목형상점가,광주광역시,,,
66cd32621025c5dee0ca,full_annotation_v1,A,q_정육_08,한우,식료품 중 '정육'을 판매·제공하는 매장,train,정육,T2 동의어,3e6a2059-5bed-44e4-b9cc-a39468de8043,준이네 푸줏간,,연동시장,전통시장,부산광역시,,,
51420854911cd3111a1e,full_annotation_v1,A,q_정육_08,한우,식료품 중 '정육'을 판매·제공하는 매장,train,정육,T2 동의어,a4ee5e62-706a-4da4-b470-24dd993e1547,21세기참한우전문점,한우,상주남성시장,전통시장,경상북도,,,
9397edff3faf398c8770,full_annotation_v1,A,q_정육_08,한우,식료품 중 '정육'을 판매·제공하는 매장,train,정육,T2 동의어,263d4cd1-5a0d-45b6-9e68-b38558e9f160,고깃간,,부평종합시장,전통시장,인천광역시,,,
44c80cb6d1a870bcf236,full_annotation_v1,A,q_정육_08,한우,식료품 중 '정육'을 판매·제공하는 매장,train,정육,T2 동의어,ab7012ed-739a-4fd9-a678-0f3fd6eb5cf6,현대식육점,한우,경주성동공설시장,전통시장,경상북도,,,
79ae74b7ca5ebb59cd2e,full_annotation_v1,A,q_정육_08,한우,식료품 중 '정육'을 판매·제공하는 매장,train,정육,T2 동의어,3a3070fa-5fa3-42b4-8c93-07a6ddc023af,디에이치축산,한우,오치1동(제2지역:북부소방서 사거리) 골목형상점가,골목형상점가,광주광역시,,,
935d77a26b572ab99986,full_annotation_v1,A,q_정육_08,한우,식료품 중 '정육'을 판매·제공하는 매장,train,정육,T2 동의어,023a95f4-f5cb-4b2e-b978-690c41d48d54,대송회센타,식당,대송시장,전통시장,울산광역시,,,
be968ab59768f20a1c92,full_annotation_v1,A,q_정육_08,한우,식료품 중 '정육'을 판매·제공하는 매장,train,정육,T2 동의어,f66df0ec-e38f-4bc2-bcf6-016b590fa267,티우한우,한우,마치광장골목형상점가,골목형상점가,대전광역시,,,
7b72f9418afe2e7c414e,full_annotation_v1,A,q_정육_08,한우,식료품 중 '정육'을 판매·제공하는 매장,train,정육,T2 동의어,2e29fae9-a201-4c8e-8341-bc6affe64a16,동명축산,한우,마장축산물시장,전통시장,서울특별시,,,
3aedc0df59ca2500ef83,full_annotation_v1,A,q_정육_08,한우,식료품 중 '정육'을 판매·제공하는 매장,train,정육,T2 동의어,fc79cd3b-70d4-4541-a418-9e47f0b67a0e,미우한우,한우,연제오방 상권활성화구역,상권활성화구역,부산광역시,,,
e368aca2a879dce7475e,full_annotation_v1,A,q_정육_08,한우,식료품 중 '정육'을 판매·제공하는 매장,train,정육,T2 동의어,00a5a31e-6208-4900-9553-18f188bfcbfc,올바른고깃간일곡점,정육점,일곡동 골목형상점가,골목형상점가,광주광역시,,,
e05e4a570581292ba324,full_annotation_v1,A,q_정육_08,한우,식료품 중 '정육'을 판매·제공하는 매장,train,정육,T2 동의어,60bc5d12-e360-4095-a852-353ea3c4e13e,이헌한우,한우,운천호수공원상인회 골목형상점가,골목형상점가,광주광역시,,,
8e238f87fb35469678b9,full_annotation_v1,A,q_정육_08,한우,식료품 중 '정육'을 판매·제공하는 매장,train,정육,T2 동의어,00889968-cd4d-41f2-8c6f-39e3928858a7,행복한 정육점,고기,테크노밸리 골목형상점가,골목형상점가,대전광역시,,,
e68a1b80f0141a7f2f66,full_annotation_v1,A,q_정육_08,한우,식료품 중 '정육'을 판매·제공하는 매장,train,정육,T2 동의어,039c05c3-9a49-40ec-86ca-28415ca76d25,미쁘다담양식돼지갈비,갈비,용봉지구 골목형상점가,골목형상점가,광주광역시,,,
a4ae5fecdbc248e8dd19,full_annotation_v1,A,q_정육_08,한우,식료품 중 '정육'을 판매·제공하는 매장,train,정육,T2 동의어,4fc59143-890e-4f2f-bbe1-7e3859c1fb88,그릴드 한우,,연신내골목형상점가,골목형상점가,서울특별시,,,
dd46931e5980265e657b,full_annotation_v1,A,q_정육_08,한우,식료품 중 '정육'을 판매·제공하는 매장,train,정육,T2 동의어,33b8c163-3a7e-4025-aa89-393917bc04db,삼보한우탁탁,한우,마장축산물시장,전통시장,서울특별시,,,
1f3dd0773fe6bdc53d7e,full_annotation_v1,A,q_정육_08,한우,식료품 중 '정육'을 판매·제공하는 매장,train,정육,T2 동의어,033ab0da-f546-4879-93a7-5bf7e6327bf3,시장식당,국밥,광양5일시장,전통시장,,,,
baace141dde446cbcb60,full_annotation_v1,A,q_정육_08,한우,식료품 중 '정육'을 판매·제공하는 매장,train,정육,T2 동의어,86ddd3a6-557a-49f9-8ea2-0f520c55b844,총각네고깃간,,일곡동(제1지역:자연마을 일동초 거리) 골목형상점가,골목형상점가,,,,
5f927b3fd7f2498107ce,full_annotation_v1,A,q_정육_08,한우,식료품 중 '정육'을 판매·제공하는 매장,train,정육,T2 동의어,004961cf-a775-4bcc-87a9-067c385bb9e7,삼미식육,식육,구포축산물도매시장,전통시장,부산광역시,,,
18978d82056ba59f6b98,full_annotation_v1,A,q_정육_08,한우,식료품 중 '정육'을 판매·제공하는 매장,train,정육,T2 동의어,95214462-b76d-4b8e-aad7-912955aa071a,우리한우,한우,포항 대이상가 골목형상점가,골목형상점가,경상북도,,,
bc8395bbce4febdda867,full_annotation_v1,A,q_정육_08,한우,식료품 중 '정육'을 판매·제공하는 매장,train,정육,T2 동의어,00e3332a-4796-482d-9660-702bcf084fb0,대흥축산,축산물,가락몰골목형상점가,골목형상점가,서울특별시,,,
249187a5d36dc1bfe9dd,full_annotation_v1,A,q_정육_08,한우,식료품 중 '정육'을 판매·제공하는 매장,train,정육,T2 동의어,1b4d396c-a3ba-49b7-ae36-017bffe19a87,우리한우,한우,하남시서석바대상점가,자율상권구역,경기도,,,
1aeaa8e4c65f174ca709,full_annotation_v1,A,q_정육_08,한우,식료품 중 '정육'을 판매·제공하는 매장,train,정육,T2 동의어,3de36d8e-be45-458f-a846-554709c6a292,선진축산,한우,정남진장흥토요시장,전통시장,전라남도,,,
e909b854a79e60dc1ca0,full_annotation_v1,A,q_정육_08,한우,식료품 중 '정육'을 판매·제공하는 매장,train,정육,T2 동의어,008f0459-6681-4e70-8149-1a6d9ff1a2a5,육간지,삼겹살,구미 진평음식문화특화거리 골목형상점가,골목형상점가,경상북도,,,
e75105f70eee933e28eb,full_annotation_v1,A,q_정육_08,한우,식료품 중 '정육'을 판매·제공하는 매장,train,정육,T2 동의어,4dde388a-e1f7-4088-b662-28532f0af899,심사숙고,한우,맹동혁신골목형상점가,골목형상점가,충청북도,,,
367fc236c0080f1f563a,full_annotation_v1,A,q_정육_08,한우,식료품 중 '정육'을 판매·제공하는 매장,train,정육,T2 동의어,aea5262d-6d95-4d1f-8160-e82ef1408402,참신한우,한우,보정중심 골목형상점가,골목형상점가,경기도,,,
b5725919e7e657e4a5cc,full_annotation_v1,A,q_정육_08,한우,식료품 중 '정육'을 판매·제공하는 매장,train,정육,T2 동의어,001dda38-7874-4460-b3b0-a5717b6c36d7,오송 곱창,"한우곱창, 한우막창, 한우모듬, 한우대창, 한우염통",오송1산단오스코로골목형상점가,골목형상점가,충청북도,,,
9f3fb7fa680ffad5d891,full_annotation_v1,A,q_정육_08,한우,식료품 중 '정육'을 판매·제공하는 매장,train,정육,T2 동의어,2a2b4863-38da-49bb-bb3d-28dfeb744ae1,믿을겸 한우,한우,삼각동 골목형상점가,골목형상점가,광주광역시,,,
5deba090cf530aae4847,full_annotation_v1,A,q_정육_08,한우,식료품 중 '정육'을 판매·제공하는 매장,train,정육,T2 동의어,080611f9-2bc6-485c-88ff-62a839f9cbd2,푸줏간 수정점,,황금수정 골목형상점가,골목형상점가,부산광역시,,,
823e89bcdb7fcabfd0ba,full_annotation_v1,A,q_정육_08,한우,식료품 중 '정육'을 판매·제공하는 매장,train,정육,T2 동의어,0f838a97-fc2f-47bf-8745-d687a68dd9bc,대경식육점,한우,안강공설시장,전통시장,경상북도,,,
1f51f86da18e589b79cf,full_annotation_v1,A,q_정육_08,한우,식료품 중 '정육'을 판매·제공하는 매장,train,정육,T2 동의어,2901d10f-8530-402f-99f8-b692d9e779de,한우잡는날,한우,산수 먹자골목 골목형상점가,골목형상점가,광주광역시,,,
067420e518e5aad71b3d,full_annotation_v1,A,q_정육_08,한우,식료품 중 '정육'을 판매·제공하는 매장,train,정육,T2 동의어,e85dc5c6-d079-44c8-a1a2-88968c3a35e2,관평한우,한우,관평동 골목형상점가,골목형상점가,대전광역시,,,
0ad77d0ec4c3c7891252,full_annotation_v1,A,q_정육_08,한우,식료품 중 '정육'을 판매·제공하는 매장,train,정육,T2 동의어,009f034c-8e3b-4a32-aab3-55ece8718004,장봐주는언니 임동점,농수축산물및 가공식품,제니스 골목형상점가,골목형상점가,광주광역시,,,
15cb90c34e696a70d406,full_annotation_v1,A,q_정육_08,한우,식료품 중 '정육'을 판매·제공하는 매장,train,정육,T2 동의어,ffea2dc8-d504-4cd3-b145-7343a772f87f,장수하늘소,한우,첨단강변로 골목형상점가,골목형상점가,광주광역시,,,
5f1f368582f7b9ce2515,full_annotation_v1,A,q_정육_08,한우,식료품 중 '정육'을 판매·제공하는 매장,train,정육,T2 동의어,00bdaed4-8c0c-4e39-9198-736e0be49945,대신식육,식육,중앙식료시장(중앙먹통시장),전통시장,전라남도,,,
bb96ba8f8facff327c22,full_annotation_v1,A,q_정육_08,한우,식료품 중 '정육'을 판매·제공하는 매장,train,정육,T2 동의어,b49b2d3f-9ed0-4d72-84f9-45b5d3c3db1c,태양식당,한우,신안동서암대로 골목형상점가,골목형상점가,광주광역시,,,
d199a7b8e47f3c42af29,full_annotation_v1,A,q_정육_08,한우,식료품 중 '정육'을 판매·제공하는 매장,train,정육,T2 동의어,01e3bdc3-fa69-409b-9f56-9ab1b44ede16,바우닭강정,닭강정,자양전통시장,전통시장,서울특별시,,,
2e27f277e85e036dfaf8,full_annotation_v1,A,q_정육_08,한우,식료품 중 '정육'을 판매·제공하는 매장,train,정육,T2 동의어,8e43f757-e0cc-4957-99c9-6ab0a35312f2,마싯소 한우 한돈,한우,학동증심사입구 골목형상점가,골목형상점가,광주광역시,,,
b500d80d60625d946671,full_annotation_v1,A,q_정육_08,한우,식료품 중 '정육'을 판매·제공하는 매장,train,정육,T2 동의어,82c48800-9e55-4d1e-952d-91a4b1c26308,동백한우,한우,시청먹자골목,골목형상점가,부산광역시,,,
8bae742f6581c24a3119,full_annotation_v1,A,q_정육_08,한우,식료품 중 '정육'을 판매·제공하는 매장,train,정육,T2 동의어,9a71d28a-8b20-49a3-9b36-91d23a4a3e04,45년고기박사한우전문점,한우,창원 명서시장,전통시장,경상남도,,,
820d212a23b39f66b8cc,full_annotation_v1,A,q_정육_08,한우,식료품 중 '정육'을 판매·제공하는 매장,train,정육,T2 동의어,02cebcf5-9e57-4988-adb9-85afcb577ccd,백미옥,국밥,한마음,골목형상점가,광주광역시,,,
4835352d7420488e830f,full_annotation_v1,A,q_정육_08,한우,식료품 중 '정육'을 판매·제공하는 매장,train,정육,T2 동의어,00f60c16-d8be-497f-80f2-aab3209a8d0e,포카포카,식당,전남여고후문 골목형상점가,골목형상점가,광주광역시,,,
1815940d3c424945bfc0,full_annotation_v1,A,q_정육_08,한우,식료품 중 '정육'을 판매·제공하는 매장,train,정육,T2 동의어,000bc123-8986-4a63-bd89-6076138ae351,왕장상회,치킨,자양전통시장,전통시장,서울특별시,,,
545092111087a51aa01d,full_annotation_v1,A,q_정육_08,한우,식료품 중 '정육'을 판매·제공하는 매장,train,정육,T2 동의어,3cb97b92-364c-4cd9-8e93-9480eccfb97e,소나무,한우,행당시장상점가,자율상권구역,서울특별시,,,
a05eb81689cc0d34c852,full_annotation_v1,A,q_정육_08,한우,식료품 중 '정육'을 판매·제공하는 매장,train,정육,T2 동의어,b844f075-2ec3-4579-ad88-88864ea887cb,이헌한우,한우,운암동 행복한 길 골목형상점가,골목형상점가,광주광역시,,,
975571c86770784cc04e,full_annotation_v1,A,q_정육_08,한우,식료품 중 '정육'을 판매·제공하는 매장,train,정육,T2 동의어,69a93c49-0944-4598-b20a-e17188e0f4cf,한우큰장터매월동,한우,매월동상인회 골목형상점가,골목형상점가,광주광역시,,,
5645b52a8873717a8f9d,full_annotation_v1,A,q_정육_08,한우,식료품 중 '정육'을 판매·제공하는 매장,train,정육,T2 동의어,c0d1e471-7814-47d7-a3c2-2707dae77699,로웰폭스,악세사리ㆍ주얼리,불당지웰4블럭 골목형상점가,골목형상점가,충청남도,,,
a847c89d5f29f6ca70c6,full_annotation_v1,A,q_정육_08,한우,식료품 중 '정육'을 판매·제공하는 매장,train,정육,T2 동의어,d11090d7-20e2-46be-9ff4-b40f0f461f46,우직,한우,세종마을음식문화거리,자율상권구역,서울특별시,,,
a3537fb7d44e80006197,full_annotation_v1,A,q_정육_08,한우,식료품 중 '정육'을 판매·제공하는 매장,train,정육,T2 동의어,23183749-6c1c-4589-b97c-11bc8d345828,진주상회2호점,농산물,봉평전통시장,전통시장,강원특별자치도,,,
fdcd5b6bd94c85f8e3bf,full_annotation_v1,A,q_정육_08,한우,식료품 중 '정육'을 판매·제공하는 매장,train,정육,T2 동의어,2606816d-306a-43ef-866a-e14d49584306,투썸플레이스 광주첨단호수공원점,커피 및 디저트,첨단지구 골목형상점가,골목형상점가,광주광역시,,,
3a38da89f3d8bd1b5ea4,full_annotation_v1,A,q_정육_08,한우,식료품 중 '정육'을 판매·제공하는 매장,train,정육,T2 동의어,50d24739-6d2f-4a86-aa57-dbe557a7dc65,이헌한우,한우,쌍촌명지상인회 골목형상점가,골목형상점가,광주광역시,,,
4a7bf14f2448d0fd3034,full_annotation_v1,A,q_정육_08,한우,식료품 중 '정육'을 판매·제공하는 매장,train,정육,T2 동의어,41d11001-9d7b-4965-9bae-0af94922cf12,철이네고깃간(중흥점),,유동 경열로 골목형상점가,골목형상점가,광주광역시,,,
dba5dea7bfdd685547ae,full_annotation_v1,A,q_정육_08,한우,식료품 중 '정육'을 판매·제공하는 매장,train,정육,T2 동의어,291c6aaa-7ebb-44b3-8ac2-412a4d557955,금산기름집,참기름 고추가루,신도봉시장,전통시장,서울특별시,,,
1e9c4e81d513c5249506,full_annotation_v1,A,q_정육_08,한우,식료품 중 '정육'을 판매·제공하는 매장,train,정육,T2 동의어,90dbd7c2-f34e-454f-8ced-34ff1ee330e3,바른축산,한우,영선신시장,전통시장,대구광역시,,,
ab2d4abc3860954281bd,full_annotation_v1,A,q_정육_08,한우,식료품 중 '정육'을 판매·제공하는 매장,train,정육,T2 동의어,02f9037a-c117-4db4-9d2b-9b78182978f4,반월닭강정치킨,,보령한내시장,전통시장,충청남도,,,
e2ee176ad6bc58dbb168,full_annotation_v1,A,q_정육_08,한우,식료품 중 '정육'을 판매·제공하는 매장,train,정육,T2 동의어,9455f6cc-5660-49e1-8a9e-92fbb6a2552a,화백특별전,한우,첨단월봉로 골목형상점가,골목형상점가,광주광역시,,,
8a4be01ffeff47233601,full_annotation_v1,A,q_정육_08,한우,식료품 중 '정육'을 판매·제공하는 매장,train,정육,T2 동의어,a7777f7d-9cbe-4ff6-8ba3-607185932da5,설로인,한우,매탄중심상가 골목형상점가,골목형상점가,경기도,,,
36e1f0080ea027de4a3b,full_annotation_v1,A,q_정육_08,한우,식료품 중 '정육'을 판매·제공하는 매장,train,정육,T2 동의어,443c3fd3-42d6-4785-8db3-a495a059efb4,정일품축산,한우,탄방동7번길 상인회,골목형상점가,대전광역시,,,
fa9b583388a0848ac50c,full_annotation_v1,A,q_정육_08,한우,식료품 중 '정육'을 판매·제공하는 매장,train,정육,T2 동의어,05a56b10-f932-4420-8fed-47329cde4f21,뻑간풍천장어집,한우,수완머그로 골목형상점가,골목형상점가,광주광역시,,,
7605b6af688c9bcd3984,full_annotation_v1,A,q_정육_08,한우,식료품 중 '정육'을 판매·제공하는 매장,train,정육,T2 동의어,08521b53-af1a-42a3-8b44-99198d0d0e98,비너스,,장흥중앙로 골목형상점가,골목형상점가,,,,
d39616c512782a1b6961,full_annotation_v1,A,q_정육_08,한우,식료품 중 '정육'을 판매·제공하는 매장,train,정육,T2 동의어,45a09330-9153-49d1-9a60-11771ff6f7f0,우둥한우 정육,한우,빛가람 하나로 골목형상점가,골목형상점가,전라남도,,,
043237a8bfde541fdee0,full_annotation_v1,A,q_정육_08,한우,식료품 중 '정육'을 판매·제공하는 매장,train,정육,T2 동의어,00652de3-165f-4988-9616-0ff0250e851d,합천식육점,,관문상가시장,전통시장,대구광역시,,,
ee8d7d7ca086f3132a43,full_annotation_v1,A,q_정육_08,한우,식료품 중 '정육'을 판매·제공하는 매장,train,정육,T2 동의어,0130dbd3-b9ea-43f4-98fd-26d8afd90b78,모래내시장순대,식당,전주모래내시장,전통시장,전북특별자치도,,,
484561928cc00d6076e1,full_annotation_v1,A,q_정육_08,한우,식료품 중 '정육'을 판매·제공하는 매장,train,정육,T2 동의어,7d2bf40e-000b-4026-a63b-15915c7d1fd0,황가네식육점,한우,수암상가시장,전통시장,울산광역시,,,
30f0518f1f462f1d2706,full_annotation_v1,A,q_정육_08,한우,식료품 중 '정육'을 판매·제공하는 매장,train,정육,T2 동의어,45eb9a58-a22a-4a0e-ba8a-8e1224cd512f,오르다,잡화,담양시장,전통시장,전라남도,,,
fb2a6d181f37d5ad2f1a,full_annotation_v1,A,q_정육_08,한우,식료품 중 '정육'을 판매·제공하는 매장,train,정육,T2 동의어,00176890-ac4c-4ce1-bf5b-c5e45dbf9c43,시골정육점,축산,답십리시장,전통시장,서울특별시,,,
2fdcd9c18f6635e166d8,full_annotation_v1,A,q_정육_08,한우,식료품 중 '정육'을 판매·제공하는 매장,train,정육,T2 동의어,008615e0-6a3d-45a3-b0ce-af168ae6e16e,행담정육점,소고기 돼지고기 정육,대곡시장,전통시장,대구광역시,,,
5e5bbb0e081f6af6c837,full_annotation_v1,A,q_정육_08,한우,식료품 중 '정육'을 판매·제공하는 매장,train,정육,T2 동의어,8ea52849-e055-4742-a8f7-f33ddd086bf0,멜로우살롱,헤어,선운별 골목형상점가,골목형상점가,광주광역시,,,
9f86178cb60d90a34fa3,full_annotation_v1,A,q_정육_08,한우,식료품 중 '정육'을 판매·제공하는 매장,train,정육,T2 동의어,2011f9cb-e159-4832-b02b-4b3137bdb6fb,한우잡는날,한우,백운브릿지 골목형상점가,골목형상점가,광주광역시,,,
a3df5ba667d74c0430c5,full_annotation_v1,A,q_정육_08,한우,식료품 중 '정육'을 판매·제공하는 매장,train,정육,T2 동의어,2a54737e-cc94-4be0-a200-1ef2f3c5f17f,포항초 한우 불고기,한우,포항 대이상가 골목형상점가,골목형상점가,경상북도,,,
e52675a31d60e055ddfe,full_annotation_v1,A,q_정육_08,한우,식료품 중 '정육'을 판매·제공하는 매장,train,정육,T2 동의어,8c276b09-ceff-46b2-ab30-8ca11cb745c5,한우가,한우,열매 골목형상점가,골목형상점가,대전광역시,,,
6f9eb4ee309a13a5d05e,full_annotation_v1,A,q_정육_08,한우,식료품 중 '정육'을 판매·제공하는 매장,train,정육,T2 동의어,63ecd7f6-ca58-4798-aa32-09c414206581,목사골농장지점,한우,골든빌유탑스위첸일원 상인회 골목형상점가,골목형상점가,광주광역시,,,
6654024ba82b3236801b,full_annotation_v1,A,q_정육_08,한우,식료품 중 '정육'을 판매·제공하는 매장,train,정육,T2 동의어,00e45da9-1bb4-42fa-b0a8-63cdcea52143,수유중앙축산물백화점,정육,수유중앙시장,전통시장,서울특별시,,,
2fa4847d02934358b713,full_annotation_v1,A,q_정육_08,한우,식료품 중 '정육'을 판매·제공하는 매장,train,정육,T2 동의어,01c857cd-3f28-4d83-8fa4-e0abcfb44fbd,수연국밥,국밥,두암사거리 골목형상점가,골목형상점가,광주광역시,,,
cac44db605183ec8a5f4,full_annotation_v1,A,q_정육_08,한우,식료품 중 '정육'을 판매·제공하는 매장,train,정육,T2 동의어,00ac87c2-aed5-4a62-8b09-76cbea625145,내고향청보리한우직판장,소고기 돼지고기,마륵동상인회 골목형상점가,골목형상점가,광주광역시,,,
80bd5c4f752f8993108c,full_annotation_v1,A,q_정육_08,한우,식료품 중 '정육'을 판매·제공하는 매장,train,정육,T2 동의어,5b4e5017-8b3f-4fad-84b9-d26add398797,동성전자,가전제품,부산전자종합시장,전통시장,부산광역시,,,
c4a9891290ad43d8160e,full_annotation_v1,A,q_정육_08,한우,식료품 중 '정육'을 판매·제공하는 매장,train,정육,T2 동의어,2df063f8-503e-4c10-bddc-b4d23dcce968,담소,한우,원주중앙시장활성화구역,상권활성화구역,강원특별자치도,,,
a1c8dac3799cf60c535a,full_annotation_v1,A,q_정육_08,한우,식료품 중 '정육'을 판매·제공하는 매장,train,정육,T2 동의어,91425ef0-f0bf-4080-823f-1fc07d4a9b53,우뜸,한우,혁신도시5구역골목형상점가,골목형상점가,강원특별자치도,,,
da9e625ee6a031575fd3,full_annotation_v1,A,q_정육_08,한우,식료품 중 '정육'을 판매·제공하는 매장,train,정육,T2 동의어,6b5b3c11-9e52-4227-9de4-e3d26a65ff71,일미한우,한우,두암2동 도로변 골목형상점가,골목형상점가,광주광역시,,,
dc858a6e4426638c0efa,full_annotation_v1,A,q_정육_08,한우,식료품 중 '정육'을 판매·제공하는 매장,train,정육,T2 동의어,0287935d-6e8e-465e-930c-b5e8e06c38c4,탄방 고기돈,삼겹살,탄방새마을 골목형상점가,골목형상점가,대전광역시,,,
580515d8b51fd0df0594,full_annotation_v1,A,q_정육_08,한우,식료품 중 '정육'을 판매·제공하는 매장,train,정육,T2 동의어,672f1302-571d-4af3-8fcc-83ddd2caabbc,참고깃간,,명륜시실로 골목형상점가,골목형상점가,부산광역시,,,
e3cd4679312a536bc8d2,full_annotation_v1,A,q_정육_08,한우,식료품 중 '정육'을 판매·제공하는 매장,train,정육,T2 동의어,0363b125-0829-46ae-b0be-f23ada850390,정성육회울산송정점,한우뭉티기&한우육회,송정청춘 골목형상점가,골목형상점가,울산광역시,,,
4f0531d4a24eb686032a,full_annotation_v1,A,q_정육_08,한우,식료품 중 '정육'을 판매·제공하는 매장,train,정육,T2 동의어,8ac905a7-94c8-48a6-93d1-fdfd54a9ff7b,해맑은약국,의약품 및 의약외품,쌍용충무로 골목형상점가,골목형상점가,충청남도,,,
5eac850b4aa8f63fb934,full_annotation_v1,A,q_정육_08,한우,식료품 중 '정육'을 판매·제공하는 매장,train,정육,T2 동의어,6ecf5da4-356c-4469-b770-dd450ef1c6c9,즐거운하누,한우,수완나들목 골목형상점가,골목형상점가,광주광역시,,,
80175e298b5f48028c67,full_annotation_v1,A,q_정육_08,한우,식료품 중 '정육'을 판매·제공하는 매장,train,정육,T2 동의어,01286ec0-50e0-4540-b678-ec706fb3bcbb,설곰식당,식당,산업용재관,전통시장,대구광역시,,,
21b2d04600002ce96057,full_annotation_v1,A,q_정육_08,한우,식료품 중 '정육'을 판매·제공하는 매장,train,정육,T2 동의어,003a1767-bcd6-410b-809e-d4b059ce50c6,홍성토종한우,,어울림 아차산 골목형상점가,골목형상점가,서울특별시,,,
0c0420b8ad557ee5dc6f,full_annotation_v1,A,q_정육_08,한우,식료품 중 '정육'을 판매·제공하는 매장,train,정육,T2 동의어,3462aba1-2fec-46bf-8380-9dd0af832b3b,장터한우촌,한우,거제 고현시장,전통시장,경상남도,,,
c0416aab1268cb7448f8,full_annotation_v1,A,q_정육_08,한우,식료품 중 '정육'을 판매·제공하는 매장,train,정육,T2 동의어,2538e343-dfd5-475d-911b-489c58742748,신개념 푸줏간,,새천년 골목형상점가,골목형상점가,경기도,,,
1cf6aebe0a79452d66a4,full_annotation_v1,A,q_정육_08,한우,식료품 중 '정육'을 판매·제공하는 매장,train,정육,T2 동의어,b3359a20-2585-4b08-8453-d2e750eeb443,의령한우,한우,마산어시장,전통시장,경상남도,,,
42b33ee252ef0063455e,full_annotation_v1,A,q_정육_08,한우,식료품 중 '정육'을 판매·제공하는 매장,train,정육,T2 동의어,b9c28866-6663-4b28-8dda-8f7fabf1eca3,권대감,한우,거제 고현자율상권,,경상남도,,,
be0ff0100618237ee56f,full_annotation_v1,A,q_정육_08,한우,식료품 중 '정육'을 판매·제공하는 매장,train,정육,T2 동의어,0008f8f4-4c6e-4c4a-ad64-76aaea3d2d18,대성정육점,정육,평택국제중앙시장,전통시장,경기도,,,
9eed376129ed3577ee7b,full_annotation_v1,A,q_정육_08,한우,식료품 중 '정육'을 판매·제공하는 매장,train,정육,T2 동의어,7d6947c6-18da-44be-8856-be2239fc4415,나주곰탕본가,한우,고잔뜰 상점가,자율상권구역,경기도,,,
8c2a73244df151e7e764,full_annotation_v1,A,q_정육_08,한우,식료품 중 '정육'을 판매·제공하는 매장,train,정육,T2 동의어,cef4774e-d222-45bf-8559-dfe79e2e408e,이동한우,한우,포항 대이상가 골목형상점가,골목형상점가,경상북도,,,
dcf57683d61be35df561,full_annotation_v1,A,q_정육_08,한우,식료품 중 '정육'을 판매·제공하는 매장,train,정육,T2 동의어,d6382a3d-689d-42ea-ac59-3973aad17216,한우정육마당충정로,한우,충정로56출구 골목형상점가,골목형상점가,서울특별시,,,
c7c9a74d60e1a53af8db,full_annotation_v1,A,q_정육_08,한우,식료품 중 '정육'을 판매·제공하는 매장,train,정육,T2 동의어,0367e5f3-1bf4-4d8a-bac6-655fcc2eda3f,큰집닭강정,닭강정,신도봉시장,전통시장,서울특별시,,,
151a6bd548c4f9a296ce,full_annotation_v1,A,q_정육_08,한우,식료품 중 '정육'을 판매·제공하는 매장,train,정육,T2 동의어,18a5619d-c878-4a3c-9fe5-4093460e3df5,주식회사 청년푸줏간,,인천모래내전통시장,전통시장,인천광역시,,,
c6760fd2dff1160b225a,full_annotation_v1,A,q_정육_08,한우,식료품 중 '정육'을 판매·제공하는 매장,train,정육,T2 동의어,4df49646-7889-48a5-a1c3-f43b4b43668a,안동민속한우,한우,중앙신시장,전통시장,경상북도,,,
bfa0ceb6c732dd59c318,full_annotation_v1,A,q_정육_08,한우,식료품 중 '정육'을 판매·제공하는 매장,train,정육,T2 동의어,8b041896-7ba8-40f0-96e9-f2fbe7412377,돌애,한우,수완머그로 골목형상점가,골목형상점가,광주광역시,,,
d87dd2226f9b485c8a77,full_annotation_v1,A,q_정육_08,한우,식료품 중 '정육'을 판매·제공하는 매장,train,정육,T2 동의어,af2a6c2a-ddcb-45ff-96e3-2fd9a6e89af5,비바,의류,동평화시장(동평화패션타운),전통시장,서울특별시,,,
96ac343ea804080e4d5e,full_annotation_v1,A,q_정육_08,한우,식료품 중 '정육'을 판매·제공하는 매장,train,정육,T2 동의어,113df600-9809-4bd0-a39e-7ab0cebf3618,한국인삼,인삼,부전인삼시장,전통시장,부산광역시,,,
49565ec52ac16e4958a1,full_annotation_v1,A,q_정육_08,한우,식료품 중 '정육'을 판매·제공하는 매장,train,정육,T2 동의어,b3e2a230-ea8b-4675-ad4d-b1857d0c374c,고기마트식육식당,한우,각화주공사거리 골목형상점가,골목형상점가,광주광역시,,,
9d6a878b66784b17fb89,full_annotation_v1,A,q_정육_08,한우,식료품 중 '정육'을 판매·제공하는 매장,train,정육,T2 동의어,003e9326-9010-4e27-b844-c62b81ad2df8,다이소 광주 호남대점,소매,선운별 골목형상점가,골목형상점가,광주광역시,,,
59b9e0e8c837548d3b78,full_annotation_v1,A,q_정육_08,한우,식료품 중 '정육'을 판매·제공하는 매장,train,정육,T2 동의어,464b7d6f-c209-42c7-92d1-8902e1d9f730,한우잡는날,한우,태전패션거리 골목형상점가,골목형상점가,대구광역시,,,
dd0ae0db412630af64ea,full_annotation_v1,A,q_정육_08,한우,식료품 중 '정육'을 판매·제공하는 매장,train,정육,T2 동의어,f389b053-08d7-4cad-9ca8-b20d0a89349a,진한우짝갈비,한우,강서다온골목형상점가,골목형상점가,충청북도,,,
4a451d0182644a5dd202,full_annotation_v1,A,q_정육_08,한우,식료품 중 '정육'을 판매·제공하는 매장,train,정육,T2 동의어,0b1d8447-88e5-4681-a91b-dfacf11955d8,양화정,갈비,합정동먹자골목골목형상점가,골목형상점가,서울특별시,,,
b41cd05f7c95bf985cac,full_annotation_v1,A,q_정육_08,한우,식료품 중 '정육'을 판매·제공하는 매장,train,정육,T2 동의어,bbd280da-6473-44df-ae7b-e638856fbb20,더마장,한우,동백역 골목형상점가,골목형상점가,경기도,,,
751f1fee6c45bd6a6ffb,full_annotation_v1,A,q_정육_08,한우,식료품 중 '정육'을 판매·제공하는 매장,train,정육,T2 동의어,005ea303-f9b7-4f3e-abcc-8460ca84ba44,은성축산물직판장,"도소매(축산물,식육판매)",남문시장,전통시장,서울특별시,,,
aa9d77799dbdea52ea8d,full_annotation_v1,A,q_정육_08,한우,식료품 중 '정육'을 판매·제공하는 매장,train,정육,T2 동의어,04564ea5-0be4-4ee2-8519-e8fcaffe3485,쌍둥이국밥,국밥,첨단이웃사랑 골목형상점가,골목형상점가,광주광역시,,,
9b6a2fd0c115a809ea7e,full_annotation_v1,A,q_정육_08,한우,식료품 중 '정육'을 판매·제공하는 매장,train,정육,T2 동의어,03f541e1-2781-4bd2-91a9-65b9196d82b4,또래오래치킨&참닭,삼겹살,노대물빛근린공원 골목형상점가,골목형상점가,광주광역시,,,
c33a4023565b78178306,full_annotation_v1,A,q_정육_08,한우,식료품 중 '정육'을 판매·제공하는 매장,train,정육,T2 동의어,004764d4-5ad9-4f22-81bb-48eac27e9e4b,60계치킨 야탑점,치킨,야탑 골목형상점가,골목형상점가,경기도,,,
a27bba5d6cb22e5c25fe,full_annotation_v1,A,q_정육_08,한우,식료품 중 '정육'을 판매·제공하는 매장,train,정육,T2 동의어,022fb5a6-69f4-4765-88db-4228cac2ef69,랭상1992,삼겹살,오치2동 골목형상점가,골목형상점가,광주광역시,,,
7e72abc75caeff35d695,full_annotation_v1,A,q_정육_08,한우,식료품 중 '정육'을 판매·제공하는 매장,train,정육,T2 동의어,7ced93ef-5bc4-4873-be78-c5ed9a38b298,고서한우,한우,문흥2동 골목형상점가,골목형상점가,광주광역시,,,
4e99cc632a893f375f7e,full_annotation_v1,A,q_정육_08,한우,식료품 중 '정육'을 판매·제공하는 매장,train,정육,T2 동의어,00027601-43e6-4d9a-a358-150cc014fe4c,닭장수후라이드,치킨,한솔동 5~6단지상점가,자율상권구역,세종특별자치시,,,
b95cdaccea398611f5b3,full_annotation_v1,A,q_정육_08,한우,식료품 중 '정육'을 판매·제공하는 매장,train,정육,T2 동의어,a34c30df-98b1-44c5-b455-5bd817fdfc8d,부흥수산,수산물,청주사창시장,전통시장,충청북도,,,
fcac98da88492b84ade6,full_annotation_v1,A,q_정육_08,한우,식료품 중 '정육'을 판매·제공하는 매장,train,정육,T2 동의어,029808ed-13aa-453c-a5ae-99c6925cf4fd,비와이씨,"내의, 속옷",용문천년시장,전통시장,경기도,,,
52929d98439e89c23a70,full_annotation_v1,A,q_정육_08,한우,식료품 중 '정육'을 판매·제공하는 매장,train,정육,T2 동의어,5e3090f4-4a4d-4a28-9e71-dd6eb3548041,태산축산,한우,계림두산위브 골목형상점가,골목형상점가,광주광역시,,,
1b5053263041ea70fd89,full_annotation_v1,A,q_정육_08,한우,식료품 중 '정육'을 판매·제공하는 매장,train,정육,T2 동의어,66491b3f-3ab7-49cf-8ff3-1cf615b14dfd,안동진품한우,한우,북문시장,전통시장,경상북도,,,
3aad38297226c2a9530c,full_annotation_v1,A,q_정육_08,한우,식료품 중 '정육'을 판매·제공하는 매장,train,정육,T2 동의어,0072ddc8-1b0b-4a64-b9d0-9eb309854f0c,오뚜기정육점,정육,김제중앙시장,전통시장,전북특별자치도,,,
51cb285fa1b1eef013f0,full_annotation_v1,A,q_정육_08,한우,식료품 중 '정육'을 판매·제공하는 매장,train,정육,T2 동의어,b44f85be-7fc4-4376-a402-3ef024796f99,한우마을,한우,태백중앙로상점가,자율상권구역,강원특별자치도,,,
ca32ae4775f7a607a705,full_annotation_v1,A,q_정육_08,한우,식료품 중 '정육'을 판매·제공하는 매장,train,정육,T2 동의어,f6cf5e8c-0db4-4033-8dd9-ce0ba0e9657b,한성한우,한우,마장축산물시장,전통시장,서울특별시,,,
4358c8fd37dc5c0749c7,full_annotation_v1,A,q_정육_08,한우,식료품 중 '정육'을 판매·제공하는 매장,train,정육,T2 동의어,134e4d6f-5230-4010-94f2-bf0406d2d2c3,축협한우프라자,한우,석곡동 골목형상점가,골목형상점가,광주광역시,,,
26129f399d39750ac4f8,full_annotation_v1,A,q_정육_08,한우,식료품 중 '정육'을 판매·제공하는 매장,train,정육,T2 동의어,0120247f-1a8e-4396-882d-6476485c3f9e,사랑채,삼겹살,봉선먹자골목 골목형상점가,골목형상점가,광주광역시,,,
3a905c1c4eb8f917ecf4,full_annotation_v1,A,q_정육_08,한우,식료품 중 '정육'을 판매·제공하는 매장,train,정육,T2 동의어,da67a3ab-b81d-409c-a0af-a5e8e2aa08d2,동락,한우 닭,일곡동 골목형상점가,골목형상점가,광주광역시,,,
c343c29824ee5b3e154d,full_annotation_v1,A,q_정육_08,한우,식료품 중 '정육'을 판매·제공하는 매장,train,정육,T2 동의어,c85c7a78-ff4a-4006-8524-98b021545380,제일한우,한우,마장축산물시장,전통시장,서울특별시,,,
5283d09ff31cff700337,full_annotation_v1,A,q_정육_08,한우,식료품 중 '정육'을 판매·제공하는 매장,train,정육,T2 동의어,7e041028-bcfc-49e3-bbab-6d19da50e3d9,평생한우,한우,지범골목먹거리타운 골목형상점가,골목형상점가,대구광역시,,,
723a4a9a2699a086dab5,full_annotation_v1,A,q_정육_08,한우,식료품 중 '정육'을 판매·제공하는 매장,train,정육,T2 동의어,e59fead1-9a5e-4bac-ad1c-724854557ad3,한우마을,한우,흑석시장골목형상점가,골목형상점가,서울특별시,,,
76172918c7165f9a3d00,full_annotation_v1,A,q_정육_08,한우,식료품 중 '정육'을 판매·제공하는 매장,train,정육,T2 동의어,da4c9f26-6370-4167-8a22-d89b111b3e17,이헌한우,한우,상무중앙공원상인회 골목형상점가,골목형상점가,광주광역시,,,
2e5469b22b9f1f2c6f2a,full_annotation_v1,A,q_정육_08,한우,식료품 중 '정육'을 판매·제공하는 매장,train,정육,T2 동의어,000d4d47-3a3f-4a73-9fce-cd3802a5ebb3,은여우두마리치킨,치킨,봉곡우전로 골목형상점가,골목형상점가,전북특별자치도,,,
81f2b7471e711f0b4d00,full_annotation_v1,A,q_정육_08,한우,식료품 중 '정육'을 판매·제공하는 매장,train,정육,T2 동의어,fa79476f-6e41-4e44-ba2b-20a966f5030b,용한우,한우,어울림마당 골목형상점가,골목형상점가,부산광역시,,,
90ea9af571e0bb22646f,full_annotation_v1,A,q_정육_08,한우,식료품 중 '정육'을 판매·제공하는 매장,train,정육,T2 동의어,ed256acc-1701-4a94-944f-a2344b0a492f,온실49,한우,장안마실골목형상점가,골목형상점가,서울특별시,,,
73fa643d25e2bce8b54f,full_annotation_v1,A,q_정육_08,한우,식료품 중 '정육'을 판매·제공하는 매장,train,정육,T2 동의어,888f0e53-43a4-4730-aac2-42833f889fee,한우가,한우,용궁시장,전통시장,경상북도,,,
d9a1cbdbeb05cca51d98,full_annotation_v1,A,q_정육_08,한우,식료품 중 '정육'을 판매·제공하는 매장,train,정육,T2 동의어,84ec230c-7fbe-4879-979d-30e139dab7e0,한우 일번지,"한우, 돼지",용대로119번길 골목형상점가,골목형상점가,광주광역시,,,
de35df9ae416f943bcbb,full_annotation_v1,A,q_정육_08,한우,식료품 중 '정육'을 판매·제공하는 매장,train,정육,T2 동의어,0031b1fc-4212-4c47-9dad-a8fa10d8bf85,㈜금원유통,축산물,마장축산물시장,전통시장,서울특별시,,,
6729420a534476f2b4bf,full_annotation_v1,A,q_정육_08,한우,식료품 중 '정육'을 판매·제공하는 매장,train,정육,T2 동의어,1942cfd1-b53b-4ff0-8665-c3a7275869f9,함밭식당,한우,백년소상공인,기타,강원특별자치도,,,
133600f3b5f2a9789068,full_annotation_v1,A,q_정육_08,한우,식료품 중 '정육'을 판매·제공하는 매장,train,정육,T2 동의어,d5183476-5561-45ed-a8c5-05e12b372bac,행복한우,한우,서동시장(창인시장),전통시장,전북특별자치도,,,
0d2139c222bfd70c4c2d,full_annotation_v1,A,q_정육_08,한우,식료품 중 '정육'을 판매·제공하는 매장,train,정육,T2 동의어,0034b8e3-c78f-4e08-9a23-2414863de721,정육공방,소고기 돼지고기,구갈상점가,자율상권구역,경기도,,,
0220958f1b6f1fd6fa89,full_annotation_v1,A,q_정육_08,한우,식료품 중 '정육'을 판매·제공하는 매장,train,정육,T2 동의어,003d2015-a21c-44e2-9d66-c6f97ba3c296,집중호우,한우,하단자율상권구역,기타,부산광역시,,,
f5244898cba856af7ee9,full_annotation_v1,A,q_정육_09,고기 파는 곳,식료품 중 '정육'을 판매·제공하는 매장,train,정육,T3 개념확장,008f0459-6681-4e70-8149-1a6d9ff1a2a5,육간지,삼겹살,구미 진평음식문화특화거리 골목형상점가,골목형상점가,경상북도,,,
03720055b21cbe0e37c2,full_annotation_v1,A,q_정육_09,고기 파는 곳,식료품 중 '정육'을 판매·제공하는 매장,train,정육,T3 개념확장,7c0e8db0-639e-49f5-b1d5-327d8ef1d69f,토우축산,고기,별양동상점가,자율상권구역,경기도,,,
4f6d397d034f2731b396,full_annotation_v1,A,q_정육_09,고기 파는 곳,식료품 중 '정육'을 판매·제공하는 매장,train,정육,T3 개념확장,9d1718ce-e422-4f76-a425-6ad7bf133400,고기 여행,,발섬 골목형상점가,골목형상점가,,,,
31b28f1ea7035e6e6d26,full_annotation_v1,A,q_정육_09,고기 파는 곳,식료품 중 '정육'을 판매·제공하는 매장,train,정육,T3 개념확장,0287935d-6e8e-465e-930c-b5e8e06c38c4,탄방 고기돈,삼겹살,탄방새마을 골목형상점가,골목형상점가,대전광역시,,,
31e6fe2e7e98c7c9be68,full_annotation_v1,A,q_정육_09,고기 파는 곳,식료품 중 '정육'을 판매·제공하는 매장,train,정육,T3 개념확장,672f1302-571d-4af3-8fcc-83ddd2caabbc,참고깃간,,명륜시실로 골목형상점가,골목형상점가,부산광역시,,,
f4cc768923e87d9e72fe,full_annotation_v1,A,q_정육_09,고기 파는 곳,식료품 중 '정육'을 판매·제공하는 매장,train,정육,T3 개념확장,00a5a31e-6208-4900-9553-18f188bfcbfc,올바른고깃간일곡점,정육점,일곡동 골목형상점가,골목형상점가,광주광역시,,,
d98df64834383dd15356,full_annotation_v1,A,q_정육_09,고기 파는 곳,식료품 중 '정육'을 판매·제공하는 매장,train,정육,T3 개념확장,591857d1-9047-4229-98ba-0cc82a034ec0,숙련도,고기,도화동상점가,자율상권구역,서울특별시,,,
5e46d27652028850b120,full_annotation_v1,A,q_정육_09,고기 파는 곳,식료품 중 '정육'을 판매·제공하는 매장,train,정육,T3 개념확장,24456103-f6b8-46af-8655-82e61d7265d8,커피가 머무르는 곳,커피,반드레길골목형상점가,골목형상점가,서울특별시,,,
c10e2ec6da916543b6c8,full_annotation_v1,A,q_정육_09,고기 파는 곳,식료품 중 '정육'을 판매·제공하는 매장,train,정육,T3 개념확장,404ba0d7-2cda-4662-8166-2a3b63a8185f,경희바른몸 한의원,한의원,새샘하루 골목형상점가,골목형상점가,세종특별자치시,,,
350a7db31e9041891539,full_annotation_v1,A,q_정육_09,고기 파는 곳,식료품 중 '정육'을 판매·제공하는 매장,train,정육,T3 개념확장,0bb27eb1-434c-460b-a0d8-bbeda33e4f8f,새마을정육점,고기,진잠 골목형상점가,골목형상점가,대전광역시,,,
c58cf6ffaab16b35a83d,full_annotation_v1,A,q_정육_09,고기 파는 곳,식료품 중 '정육'을 판매·제공하는 매장,train,정육,T3 개념확장,6104e55e-0dea-4627-a198-a4e840bee82e,수미식당,고기,어울림마당 골목형상점가,골목형상점가,부산광역시,,,
0954f67485c46fd7399d,full_annotation_v1,A,q_정육_09,고기 파는 곳,식료품 중 '정육'을 판매·제공하는 매장,train,정육,T3 개념확장,23a7cb43-408c-40db-8e8a-b96c1ab3f34f,가장맛있는족발 갈매지구점,족발,갈매리본거리 골목형상점가,골목형상점가,경기도,,,
a2d7d0a98c0b1006b19d,full_annotation_v1,A,q_정육_09,고기 파는 곳,식료품 중 '정육'을 판매·제공하는 매장,train,정육,T3 개념확장,99ae8ccd-ad8c-4c23-8435-7a6ec639d137,영광식육점,고기,창원 소계시장,전통시장,경상남도,,,
51df5d9ba1011649dc08,full_annotation_v1,A,q_정육_09,고기 파는 곳,식료품 중 '정육'을 판매·제공하는 매장,train,정육,T3 개념확장,1aaaf50e-4095-4d78-ad24-ddb9bfb9feb7,무등양념마트,참기름,양산호수공원 골목형상점가,골목형상점가,광주광역시,,,
b22fd80f39be5e67c289,full_annotation_v1,A,q_정육_09,고기 파는 곳,식료품 중 '정육'을 판매·제공하는 매장,train,정육,T3 개념확장,ec00f0ed-8ac5-4d11-aae2-3816a6cc3cac,제주마실,고기,응암오거리상점가,자율상권구역,서울특별시,,,
b0031a42cb31cc085755,full_annotation_v1,A,q_정육_09,고기 파는 곳,식료품 중 '정육'을 판매·제공하는 매장,train,정육,T3 개념확장,0007af17-f23e-49b9-b7c1-5a9968727cfd,오늘닭강정,닭강정,목원대 골목형상점가,골목형상점가,대전광역시,,,
84be03e72ac18b009c3e,full_annotation_v1,A,q_정육_09,고기 파는 곳,식료품 중 '정육'을 판매·제공하는 매장,train,정육,T3 개념확장,14eeab5d-d179-42ca-b08c-16cf808b9092,첨단골연탄구이,고기,첨단아미 골목형상점가,골목형상점가,광주광역시,,,
ce43a74eb0cef219d966,full_annotation_v1,A,q_정육_09,고기 파는 곳,식료품 중 '정육'을 판매·제공하는 매장,train,정육,T3 개념확장,82df45b8-7d29-427d-a140-7dac13459ca0,봉자막창,고기,수완중흥대방 골목형상점가,골목형상점가,광주광역시,,,
5dac51f8d1647479de54,full_annotation_v1,A,q_정육_09,고기 파는 곳,식료품 중 '정육'을 판매·제공하는 매장,train,정육,T3 개념확장,033ab0da-f546-4879-93a7-5bf7e6327bf3,시장식당,국밥,광양5일시장,전통시장,,,,
e634a46afd7fb3aa4b5f,full_annotation_v1,A,q_정육_09,고기 파는 곳,식료품 중 '정육'을 판매·제공하는 매장,train,정육,T3 개념확장,26395110-ac4e-446c-96bb-fd8078f75c08,너브내축산전문판매점,고기,홍천시장(홍천구시장),전통시장,강원특별자치도,,,
bd0b08c468814459e729,full_annotation_v1,A,q_정육_09,고기 파는 곳,식료품 중 '정육'을 판매·제공하는 매장,train,정육,T3 개념확장,d2a3d70d-d39c-40fb-89a1-61bd39516d2d,엉터리무한대패,고기,서면1번가 자율상권구역,,부산광역시,,,
f6ce34c1ba6b31e5812e,full_annotation_v1,A,q_정육_09,고기 파는 곳,식료품 중 '정육'을 판매·제공하는 매장,train,정육,T3 개념확장,00027601-43e6-4d9a-a358-150cc014fe4c,닭장수후라이드,치킨,한솔동 5~6단지상점가,자율상권구역,세종특별자치시,,,
98ded39bc44a8ee13051,full_annotation_v1,A,q_정육_09,고기 파는 곳,식료품 중 '정육'을 판매·제공하는 매장,train,정육,T3 개념확장,3e6a2059-5bed-44e4-b9cc-a39468de8043,준이네 푸줏간,,연동시장,전통시장,부산광역시,,,
d714351463d5087e04f4,full_annotation_v1,A,q_정육_09,고기 파는 곳,식료품 중 '정육'을 판매·제공하는 매장,train,정육,T3 개념확장,022fb5a6-69f4-4765-88db-4228cac2ef69,랭상1992,삼겹살,오치2동 골목형상점가,골목형상점가,광주광역시,,,
ce2d83013a4ccc75e92c,full_annotation_v1,A,q_정육_09,고기 파는 곳,식료품 중 '정육'을 판매·제공하는 매장,train,정육,T3 개념확장,c2af6736-629a-4de8-8d33-27aa38f265c5,고기안목,고기,계림그랜드센트럴 골목형상점가,골목형상점가,광주광역시,,,
86f0f7009941db47f60e,full_annotation_v1,A,q_정육_09,고기 파는 곳,식료품 중 '정육'을 판매·제공하는 매장,train,정육,T3 개념확장,304888e4-c2b1-4db2-a5bf-e3a5de30fa54,판태네,고기,문지동 골목형상점가,골목형상점가,대전광역시,,,
97971fe338b1f65aace3,full_annotation_v1,A,q_정육_09,고기 파는 곳,식료품 중 '정육'을 판매·제공하는 매장,train,정육,T3 개념확장,3c77c3ab-ffec-48ab-911b-24834e43d4c3,놀부보쌈우산점,고기,우산로 골목형상점가,골목형상점가,광주광역시,,,
7f174bb4a3df93ab8240,full_annotation_v1,A,q_정육_09,고기 파는 곳,식료품 중 '정육'을 판매·제공하는 매장,train,정육,T3 개념확장,080611f9-2bc6-485c-88ff-62a839f9cbd2,푸줏간 수정점,,황금수정 골목형상점가,골목형상점가,부산광역시,,,
c883a2c8e90c56799587,full_annotation_v1,A,q_정육_09,고기 파는 곳,식료품 중 '정육'을 판매·제공하는 매장,train,정육,T3 개념확장,76a3551b-dae4-4326-92cc-662015aedbfb,쉴 곳,한식,칠성로상점가,자율상권구역,제주특별자치도,,,
7c61d5f1d0ae0a539b23,full_annotation_v1,A,q_정육_09,고기 파는 곳,식료품 중 '정육'을 판매·제공하는 매장,train,정육,T3 개념확장,df31dd44-8488-4c6d-948c-11e641773681,창민축산,고기,마산어시장,전통시장,경상남도,,,
c9cf79a2a2a8e75c4fed,full_annotation_v1,A,q_정육_09,고기 파는 곳,식료품 중 '정육'을 판매·제공하는 매장,train,정육,T3 개념확장,02235e2b-ba17-4b33-aacc-c1d96790e83e,바다담은구이,식당,정릉시장,전통시장,서울특별시,,,
69183fcfaa58b0bb2271,full_annotation_v1,A,q_정육_09,고기 파는 곳,식료품 중 '정육'을 판매·제공하는 매장,train,정육,T3 개념확장,0038f694-919c-4289-8bc1-a5e6549274e1,달인닭강정,닭강정,서귀포매일올레시장,전통시장,제주특별자치도,,,
c5d07306d0ed742fe7d7,full_annotation_v1,A,q_정육_09,고기 파는 곳,식료품 중 '정육'을 판매·제공하는 매장,train,정육,T3 개념확장,00ac87c2-aed5-4a62-8b09-76cbea625145,내고향청보리한우직판장,소고기 돼지고기,마륵동상인회 골목형상점가,골목형상점가,광주광역시,,,
e80763777ae1aeca25ff,full_annotation_v1,A,q_정육_09,고기 파는 곳,식료품 중 '정육'을 판매·제공하는 매장,train,정육,T3 개념확장,97dc33c2-9761-4ed6-a36d-2f5a3612b1d1,천하식육백화점,고기,선우시장,전통시장,울산광역시,,,
f80cb1cf3d63b3fec55c,full_annotation_v1,A,q_정육_09,고기 파는 곳,식료품 중 '정육'을 판매·제공하는 매장,train,정육,T3 개념확장,02cebcf5-9e57-4988-adb9-85afcb577ccd,백미옥,국밥,한마음,골목형상점가,광주광역시,,,
fc852be505dfb4b789c8,full_annotation_v1,A,q_정육_09,고기 파는 곳,식료품 중 '정육'을 판매·제공하는 매장,train,정육,T3 개념확장,4277402a-22c7-4928-b77c-1885226b9b30,현대축산,고기,장안마실골목형상점가,골목형상점가,서울특별시,,,
7b956fd8b05e4f66199b,full_annotation_v1,A,q_정육_09,고기 파는 곳,식료품 중 '정육'을 판매·제공하는 매장,train,정육,T3 개념확장,e5c7fddf-b2d4-4c2a-aba6-cc7b10485417,대성식당,고기,포항죽도시장,전통시장,경상북도,,,
d134599ebf5ba70c4271,full_annotation_v1,A,q_정육_09,고기 파는 곳,식료품 중 '정육'을 판매·제공하는 매장,train,정육,T3 개념확장,3ad564c0-7d09-431a-a675-e9f11d8434d1,할망네돔베고기,고기,외도2 골목형상점가,골목형상점가,제주특별자치도,,,
f086789a9b720eaa9616,full_annotation_v1,A,q_정육_09,고기 파는 곳,식료품 중 '정육'을 판매·제공하는 매장,train,정육,T3 개념확장,c438def9-3bd4-440e-b010-ab29d3529d14,제일정육점,고기,의정부시장,전통시장,경기도,,,
0bd41197d22af1b5acf9,full_annotation_v1,A,q_정육_09,고기 파는 곳,식료품 중 '정육'을 판매·제공하는 매장,train,정육,T3 개념확장,f00d9f2b-5f6c-442b-a2e6-2de683f394b6,명탄,고기,명덕마을 골목형상점가,골목형상점가,울산광역시,,,
92ac2bfca9a595678b2d,full_annotation_v1,A,q_정육_09,고기 파는 곳,식료품 중 '정육'을 판매·제공하는 매장,train,정육,T3 개념확장,28753b89-41b5-46fc-99e4-fa7414b703b8,해운대 광순이네 고깃간,,좌동재래시장,전통시장,부산광역시,,,
dd5fe67fc46e32ab730b,full_annotation_v1,A,q_정육_09,고기 파는 곳,식료품 중 '정육'을 판매·제공하는 매장,train,정육,T3 개념확장,0aad5389-cfad-4466-9fe1-d8a04dd60414,시골집숯불갈비,갈비,두암2동광신맨션주변 골목형상점가,골목형상점가,광주광역시,,,
4572637a8676f2469e41,full_annotation_v1,A,q_정육_09,고기 파는 곳,식료품 중 '정육'을 판매·제공하는 매장,train,정육,T3 개념확장,0072ddc8-1b0b-4a64-b9d0-9eb309854f0c,오뚜기정육점,정육,김제중앙시장,전통시장,전북특별자치도,,,
d308466ee25a24dde3f9,full_annotation_v1,A,q_정육_09,고기 파는 곳,식료품 중 '정육'을 판매·제공하는 매장,train,정육,T3 개념확장,60fbcb89-9e0b-4311-a98f-3b9e78dedb6c,고기,한식,월곡달빛오거리골목형상점가,골목형상점가,서울특별시,,,
09b41e5117402608144b,full_annotation_v1,A,q_정육_09,고기 파는 곳,식료품 중 '정육'을 판매·제공하는 매장,train,정육,T3 개념확장,0034b8e3-c78f-4e08-9a23-2414863de721,정육공방,소고기 돼지고기,구갈상점가,자율상권구역,경기도,,,
b6a330530e06ad8a1348,full_annotation_v1,A,q_정육_09,고기 파는 곳,식료품 중 '정육'을 판매·제공하는 매장,train,정육,T3 개념확장,62ae70ee-fbbf-4fbc-99c7-7b16b5598c49,고기땡기네,고기,이중섭거리 명동로상가,골목형상점가,제주특별자치도,,,
1f0d0a2157a16d1f7715,full_annotation_v1,A,q_정육_09,고기 파는 곳,식료품 중 '정육'을 판매·제공하는 매장,train,정육,T3 개념확장,2191add6-d808-4527-806c-990b0fcb8d6c,빛고을우리네약국,양약한약의료기기,독립로 백운1동 골목형상점가,골목형상점가,광주광역시,,,
557f79b15783d008260f,full_annotation_v1,A,q_정육_09,고기 파는 곳,식료품 중 '정육'을 판매·제공하는 매장,train,정육,T3 개념확장,00c9508a-1962-4f4c-adc8-c9227046f329,도마정육점,식육,도마큰시장,전통시장,대전광역시,,,
efda46b6c77be919579e,full_annotation_v1,A,q_정육_09,고기 파는 곳,식료품 중 '정육'을 판매·제공하는 매장,train,정육,T3 개념확장,9752e3d8-abda-4bc6-b506-504a47b60b80,시장식육점,고기,창원 가음정시장,전통시장,경상남도,,,
d577d90e5f7b729e9409,full_annotation_v1,A,q_정육_09,고기 파는 곳,식료품 중 '정육'을 판매·제공하는 매장,train,정육,T3 개념확장,564de640-694f-4797-af66-a5d1df9c489f,푸줏간,,김천평화시장,전통시장,경상북도,,,
ab82e77ba681b62ddfe1,full_annotation_v1,A,q_정육_09,고기 파는 곳,식료품 중 '정육'을 판매·제공하는 매장,train,정육,T3 개념확장,0091c18f-a074-4703-9af5-05c6495e38af,이지비야,고기,아름다운삼정로 골목형상점가,골목형상점가,광주광역시,,,
a7dbee9dbdb7f77b2863,full_annotation_v1,A,q_정육_09,고기 파는 곳,식료품 중 '정육'을 판매·제공하는 매장,train,정육,T3 개념확장,6331727e-8c19-4bb0-8e3f-a5962bbdf61e,삼매경,고기,518먹자골목상인회 골목형상점가,골목형상점가,광주광역시,,,
c93dcba664728132c5fc,full_annotation_v1,A,q_정육_09,고기 파는 곳,식료품 중 '정육'을 판매·제공하는 매장,train,정육,T3 개념확장,d1982de9-4db9-4a6b-bb74-ff7d3f7996fd,형제축산,고기,신월3동시장골목형상점가,골목형상점가,서울특별시,,,
8a2298ec8c853a25200d,full_annotation_v1,A,q_정육_09,고기 파는 곳,식료품 중 '정육'을 판매·제공하는 매장,train,정육,T3 개념확장,008615e0-6a3d-45a3-b0ce-af168ae6e16e,행담정육점,소고기 돼지고기 정육,대곡시장,전통시장,대구광역시,,,
b6f22440cf3185423cc8,full_annotation_v1,A,q_정육_09,고기 파는 곳,식료품 중 '정육'을 판매·제공하는 매장,train,정육,T3 개념확장,1556b93c-7074-4343-a4e3-67ba622bc4bc,동궁숯불갈비,고기,통영 중앙동 강구안 상권활성화 구역,상권활성화구역,경상남도,,,
88791ba272adb305f79b,full_annotation_v1,A,q_정육_09,고기 파는 곳,식료품 중 '정육'을 판매·제공하는 매장,train,정육,T3 개념확장,0b1d8447-88e5-4681-a91b-dfacf11955d8,양화정,갈비,합정동먹자골목골목형상점가,골목형상점가,서울특별시,,,
8f8ba5b710e023ed6a2c,full_annotation_v1,A,q_정육_09,고기 파는 곳,식료품 중 '정육'을 판매·제공하는 매장,train,정육,T3 개념확장,c630d05b-c3ed-4475-8c1c-e180a44557bc,복락,고기,시범길 골목형상점가,골목형상점가,경기도,,,
e2e33ed9a4a57891e47b,full_annotation_v1,A,q_정육_09,고기 파는 곳,식료품 중 '정육'을 판매·제공하는 매장,train,정육,T3 개념확장,6d95f134-42ea-4c40-86dd-8d6b564aa303,좋은축산,축산,부평종합시장,전통시장,인천광역시,,,
5226f0f4319fb9c33d16,full_annotation_v1,A,q_정육_09,고기 파는 곳,식료품 중 '정육'을 판매·제공하는 매장,train,정육,T3 개념확장,224e5059-942b-4b44-85cd-490a686544cc,돈,고기,용봉지구 골목형상점가,골목형상점가,광주광역시,,,
34b988abd36775ed2cbb,full_annotation_v1,A,q_정육_09,고기 파는 곳,식료품 중 '정육'을 판매·제공하는 매장,train,정육,T3 개념확장,c17147fb-5a60-4b3a-9073-702cfab82041,지리산흑돼지식당,고기,화엄상가(골목형상점가),골목형상점가,전라남도,,,
66f984aa465038dbc8b8,full_annotation_v1,A,q_정육_09,고기 파는 곳,식료품 중 '정육'을 판매·제공하는 매장,train,정육,T3 개념확장,0598b6c8-c45e-444c-9b34-ff024b885ee8,서울갈비,갈비,행복상점가,자율상권구역,경상북도,,,
7f6371e1c4981beb72c2,full_annotation_v1,A,q_정육_09,고기 파는 곳,식료품 중 '정육'을 판매·제공하는 매장,train,정육,T3 개념확장,a8c4d68d-9c33-4438-88f5-b8595633227b,파란약국,의약품,둔촌스포츠거리 골목형상점가,골목형상점가,서울특별시,,,
10ab8eda846bb39bdb97,full_annotation_v1,A,q_정육_09,고기 파는 곳,식료품 중 '정육'을 판매·제공하는 매장,train,정육,T3 개념확장,62ac363a-31c4-4348-be76-0dcf0cfea1ff,안경매니져삼천점,안경,삼천동제일 골목형상점가,골목형상점가,전북특별자치도,,,
13f75b74d0e442eb2f16,full_annotation_v1,A,q_정육_09,고기 파는 곳,식료품 중 '정육'을 판매·제공하는 매장,train,정육,T3 개념확장,0d885ea0-4abb-48be-b4ce-ed76673822f5,미선축산,고기,황지시장상점가,자율상권구역,강원특별자치도,,,
e1177b4b81fed83ce947,full_annotation_v1,A,q_정육_09,고기 파는 곳,식료품 중 '정육'을 판매·제공하는 매장,train,정육,T3 개념확장,921e2c40-7d8b-4b0b-855e-3c09189f6041,육선생,고기,봉일천전통시장,전통시장,경기도,,,
720a2c33f648e7059ed4,full_annotation_v1,A,q_정육_09,고기 파는 곳,식료품 중 '정육'을 판매·제공하는 매장,train,정육,T3 개념확장,04564ea5-0be4-4ee2-8519-e8fcaffe3485,쌍둥이국밥,국밥,첨단이웃사랑 골목형상점가,골목형상점가,광주광역시,,,
8c9dcc8dec3624a786a5,full_annotation_v1,A,q_정육_09,고기 파는 곳,식료품 중 '정육'을 판매·제공하는 매장,train,정육,T3 개념확장,98b6e694-aa37-446d-84bd-015c1c403352,수라간,고기,녹두S밸리골목형상점가,골목형상점가,서울특별시,,,
6fa3c108ce27d23c372b,full_annotation_v1,A,q_정육_09,고기 파는 곳,식료품 중 '정육'을 판매·제공하는 매장,train,정육,T3 개념확장,16e5f918-73b0-4427-b29e-14b3aa342b76,일빴따,고기,운천역상인회 골목형상점가,골목형상점가,광주광역시,,,
960175cb77404f5e8b03,full_annotation_v1,A,q_정육_09,고기 파는 곳,식료품 중 '정육'을 판매·제공하는 매장,train,정육,T3 개념확장,0af601d6-a34d-4b51-abf6-d966d8a26a74,유한약국,양약 한약,독립로 백운1동 골목형상점가,골목형상점가,광주광역시,,,
6d7768c9d528f98232f7,full_annotation_v1,A,q_정육_09,고기 파는 곳,식료품 중 '정육'을 판매·제공하는 매장,train,정육,T3 개념확장,9cf570b0-be1e-40bb-9f4e-4dbd84f9be9c,생고기,고기,오류골먹자골목 골목형상점가,골목형상점가,서울특별시,,,
a7d034587418d1989714,full_annotation_v1,A,q_정육_09,고기 파는 곳,식료품 중 '정육'을 판매·제공하는 매장,train,정육,T3 개념확장,01c857cd-3f28-4d83-8fa4-e0abcfb44fbd,수연국밥,국밥,두암사거리 골목형상점가,골목형상점가,광주광역시,,,
781cf1ee90fa8eaa41c0,full_annotation_v1,A,q_정육_09,고기 파는 곳,식료품 중 '정육'을 판매·제공하는 매장,train,정육,T3 개념확장,b44e330e-9433-4383-9953-2147d6684fbc,해밀락,고기,송도 아트포레 판매시설 골목형상점가,골목형상점가,인천광역시,,,
5b5fa39aa1b20fe1a794,full_annotation_v1,A,q_정육_09,고기 파는 곳,식료품 중 '정육'을 판매·제공하는 매장,train,정육,T3 개념확장,00652de3-165f-4988-9616-0ff0250e851d,합천식육점,,관문상가시장,전통시장,대구광역시,,,
7e1af417e58b228aa101,full_annotation_v1,A,q_정육_09,고기 파는 곳,식료품 중 '정육'을 판매·제공하는 매장,train,정육,T3 개념확장,00265ad2-bd74-4057-b201-f6a798a8a4c9,칠분통닭오치점,치킨,오치2동 골목형상점가,골목형상점가,광주광역시,,,
be991482c0c2e68b3fa1,full_annotation_v1,A,q_정육_09,고기 파는 곳,식료품 중 '정육'을 판매·제공하는 매장,train,정육,T3 개념확장,869d781a-eccb-4d95-afb0-20121fa94fa9,제주돝,고기,이중섭거리 명동로상가,골목형상점가,제주특별자치도,,,
3e573ada8351d8404b7b,full_annotation_v1,A,q_정육_09,고기 파는 곳,식료품 중 '정육'을 판매·제공하는 매장,train,정육,T3 개념확장,c161453d-f2c8-4b97-a2c3-a54e0cbdb7e8,생활용품 싸게 파는 집,잡화,안성중앙시장,전통시장,경기도,,,
473f4986cfa95baa9616,full_annotation_v1,A,q_정육_09,고기 파는 곳,식료품 중 '정육'을 판매·제공하는 매장,train,정육,T3 개념확장,01b7e8c6-feb8-4cff-a63e-2376ae18dd41,원조생굴뚝배기,국밥,고령대가야시장,전통시장,경상북도,,,
f2927bedf6ff5629cc78,full_annotation_v1,A,q_정육_09,고기 파는 곳,식료품 중 '정육'을 판매·제공하는 매장,train,정육,T3 개념확장,003a1767-bcd6-410b-809e-d4b059ce50c6,홍성토종한우,,어울림 아차산 골목형상점가,골목형상점가,서울특별시,,,
d83d8e427726f790abc4,full_annotation_v1,A,q_정육_09,고기 파는 곳,식료품 중 '정육'을 판매·제공하는 매장,train,정육,T3 개념확장,004764d4-5ad9-4f22-81bb-48eac27e9e4b,60계치킨 야탑점,치킨,야탑 골목형상점가,골목형상점가,경기도,,,
b781c33270200e26a842,full_annotation_v1,A,q_정육_09,고기 파는 곳,식료품 중 '정육'을 판매·제공하는 매장,train,정육,T3 개념확장,023a95f4-f5cb-4b2e-b978-690c41d48d54,대송회센타,식당,대송시장,전통시장,울산광역시,,,
a3c9c4800b22651b3cd1,full_annotation_v1,A,q_정육_09,고기 파는 곳,식료품 중 '정육'을 판매·제공하는 매장,train,정육,T3 개념확장,00e3332a-4796-482d-9660-702bcf084fb0,대흥축산,축산물,가락몰골목형상점가,골목형상점가,서울특별시,,,
659010b4dce593bc6b0b,full_annotation_v1,A,q_정육_09,고기 파는 곳,식료품 중 '정육'을 판매·제공하는 매장,train,정육,T3 개념확장,4b4df366-9975-4daa-abaa-c1da3bc13e77,대한축산,고기,태평시장,전통시장,대전광역시,,,
78891675bf24af60a0a4,full_annotation_v1,A,q_정육_09,고기 파는 곳,식료품 중 '정육'을 판매·제공하는 매장,train,정육,T3 개념확장,bb3b06a9-695f-4c7d-a3cd-ae3c9b0f628d,고기 궁전 광신점,고기,신가동 골목형상점가,골목형상점가,광주광역시,,,
089fc39fa65f770ff0c0,full_annotation_v1,A,q_정육_09,고기 파는 곳,식료품 중 '정육'을 판매·제공하는 매장,train,정육,T3 개념확장,0d59cc17-2fb1-4b9c-be93-f4b8d9305d1c,새마을축산,고기,마산 수남상가,전통시장,경상남도,,,
70c2f8dff769852facc7,full_annotation_v1,A,q_정육_09,고기 파는 곳,식료품 중 '정육'을 판매·제공하는 매장,train,정육,T3 개념확장,9a02063c-9fe7-45f7-bbe0-79f2ddaa36e7,고기맛집,고기,샘머리 골목형상점가,골목형상점가,대전광역시,,,
574e47aaac393db09d4b,full_annotation_v1,A,q_정육_09,고기 파는 곳,식료품 중 '정육'을 판매·제공하는 매장,train,정육,T3 개념확장,66cdaa5b-fb1c-4301-8718-7f3c963a7b1b,성난화로,고기,수원역로데오거리상점가(매산로테마거리),자율상권구역,경기도,,,
660d96ba33fb4d249633,full_annotation_v1,A,q_정육_09,고기 파는 곳,식료품 중 '정육'을 판매·제공하는 매장,train,정육,T3 개념확장,24d324e6-3210-49fd-8263-849d9b4e8b5d,골목시장,고기,용봉지구 골목형상점가,골목형상점가,광주광역시,,,
4fdfaa7d11883d8fcb99,full_annotation_v1,A,q_정육_09,고기 파는 곳,식료품 중 '정육'을 판매·제공하는 매장,train,정육,T3 개념확장,848c9a77-a240-4fe8-a647-2d08163e02fa,신선한고기마을식육점,고기,대왕암 월봉시장,전통시장,울산광역시,,,
3020810a3311a2f8b0b4,full_annotation_v1,A,q_정육_09,고기 파는 곳,식료품 중 '정육'을 판매·제공하는 매장,train,정육,T3 개념확장,bdb23b28-ed3a-44dd-9d2d-213fb3368728,대구반야월막창,고기,뒷개로청춘골목상점가,골목형상점가,전라남도,,,
72722c207dceac0236b6,full_annotation_v1,A,q_정육_09,고기 파는 곳,식료품 중 '정육'을 판매·제공하는 매장,train,정육,T3 개념확장,0008f8f4-4c6e-4c4a-ad64-76aaea3d2d18,대성정육점,정육,평택국제중앙시장,전통시장,경기도,,,
ba78826e0857361df2e6,full_annotation_v1,A,q_정육_09,고기 파는 곳,식료품 중 '정육'을 판매·제공하는 매장,train,정육,T3 개념확장,0031b1fc-4212-4c47-9dad-a8fa10d8bf85,㈜금원유통,축산물,마장축산물시장,전통시장,서울특별시,,,
fef1789d07dd0f6a561a,full_annotation_v1,A,q_정육_09,고기 파는 곳,식료품 중 '정육'을 판매·제공하는 매장,train,정육,T3 개념확장,0363b125-0829-46ae-b0be-f23ada850390,정성육회울산송정점,한우뭉티기&한우육회,송정청춘 골목형상점가,골목형상점가,울산광역시,,,
be2c015fed4dafcb2111,full_annotation_v1,A,q_정육_09,고기 파는 곳,식료품 중 '정육'을 판매·제공하는 매장,train,정육,T3 개념확장,1efb9a1f-5a99-4bc9-8b4a-f7459619e5fd,김삼철,고기,전남대후문골목형상점가,골목형상점가,광주광역시,,,
4cc5a74647d26360a848,full_annotation_v1,A,q_정육_09,고기 파는 곳,식료품 중 '정육'을 판매·제공하는 매장,train,정육,T3 개념확장,00bdaed4-8c0c-4e39-9198-736e0be49945,대신식육,식육,중앙식료시장(중앙먹통시장),전통시장,전라남도,,,
c2a33f944427e3191e70,full_annotation_v1,A,q_정육_09,고기 파는 곳,식료품 중 '정육'을 판매·제공하는 매장,train,정육,T3 개념확장,90603227-e494-4c03-9fe2-96fef9a4602b,고집,고기,장한평역먹자골목형상점가,골목형상점가,서울특별시,,,
af980dc5bb1d09cf62eb,full_annotation_v1,A,q_정육_09,고기 파는 곳,식료품 중 '정육'을 판매·제공하는 매장,train,정육,T3 개념확장,9277307a-4e9d-409b-906f-8dd45e32887f,으뜸50안경 송정역점,안경,공항동먹자골목골목형상점가,골목형상점가,서울특별시,,,
1d86d3a5ec64ab1eb289,full_annotation_v1,A,q_정육_09,고기 파는 곳,식료품 중 '정육'을 판매·제공하는 매장,train,정육,T3 개념확장,00176890-ac4c-4ce1-bf5b-c5e45dbf9c43,시골정육점,축산,답십리시장,전통시장,서울특별시,,,
27318308be055fd298c2,full_annotation_v1,A,q_정육_09,고기 파는 곳,식료품 중 '정육'을 판매·제공하는 매장,train,정육,T3 개념확장,c1b3c3d3-27fc-4456-a605-4861e404c76e,청호각,중식,공항동먹자골목골목형상점가,골목형상점가,서울특별시,,,
f12d9cb978da65c50830,full_annotation_v1,A,q_정육_09,고기 파는 곳,식료품 중 '정육'을 판매·제공하는 매장,train,정육,T3 개념확장,8f019488-94d7-4afd-a3f1-ecb20d1f4fa5,13번째고양이,반려동물분양,새샘하루 골목형상점가,골목형상점가,세종특별자치시,,,
047d0cb84057439c479a,full_annotation_v1,A,q_정육_09,고기 파는 곳,식료품 중 '정육'을 판매·제공하는 매장,train,정육,T3 개념확장,86ddd3a6-557a-49f9-8ea2-0f520c55b844,총각네고깃간,,일곡동(제1지역:자연마을 일동초 거리) 골목형상점가,골목형상점가,,,,
3e5fa575651c013af2c8,full_annotation_v1,A,q_정육_09,고기 파는 곳,식료품 중 '정육'을 판매·제공하는 매장,train,정육,T3 개념확장,1425d576-4cdd-486e-b155-344776bd0024,돈쌈지,고기,용산용문시장,전통시장,서울특별시,,,
f535b2a0e992a05e907a,full_annotation_v1,A,q_정육_09,고기 파는 곳,식료품 중 '정육'을 판매·제공하는 매장,train,정육,T3 개념확장,05be8e6e-05cb-43d5-8c9e-ab68776e957b,낙원갈비집 부천옥길점,,부천 옥길 골목형상점가,골목형상점가,경기도,,,
b32472028eda07945b4a,full_annotation_v1,A,q_정육_09,고기 파는 곳,식료품 중 '정육'을 판매·제공하는 매장,train,정육,T3 개념확장,00e45da9-1bb4-42fa-b0a8-63cdcea52143,수유중앙축산물백화점,정육,수유중앙시장,전통시장,서울특별시,,,
d52ad254eaa182d09205,full_annotation_v1,A,q_정육_09,고기 파는 곳,식료품 중 '정육'을 판매·제공하는 매장,train,정육,T3 개념확장,000d4d47-3a3f-4a73-9fce-cd3802a5ebb3,은여우두마리치킨,치킨,봉곡우전로 골목형상점가,골목형상점가,전북특별자치도,,,
ca2d4140d628bfa96b21,full_annotation_v1,A,q_정육_09,고기 파는 곳,식료품 중 '정육'을 판매·제공하는 매장,train,정육,T3 개념확장,70fb9688-80ad-4884-ac37-20e318ab9e2d,웰돈,고기,귀인동먹거리촌 골목형상점가,골목형상점가,경기도,,,
97a570774675777b4517,full_annotation_v1,A,q_정육_09,고기 파는 곳,식료품 중 '정육'을 판매·제공하는 매장,train,정육,T3 개념확장,003d2015-a21c-44e2-9d66-c6f97ba3c296,집중호우,한우,하단자율상권구역,기타,부산광역시,,,
551b6bf42af3a542afda,full_annotation_v1,A,q_정육_09,고기 파는 곳,식료품 중 '정육'을 판매·제공하는 매장,train,정육,T3 개념확장,5164a722-6911-48c3-a31e-94e46d73d4bb,태명정육점식당,고기,묵동도깨비시장골목형상점가,골목형상점가,서울특별시,,,
198072c5b83a7683087c,full_annotation_v1,A,q_정육_09,고기 파는 곳,식료품 중 '정육'을 판매·제공하는 매장,train,정육,T3 개념확장,2743811c-5e71-4d2b-aa75-1b0147d44f2d,사우 꽃이 피는 곳,꽃,김포 풍년마을 골목형상점가,골목형상점가,경기도,,,
cd7ff43ec54bb6d51f2c,full_annotation_v1,A,q_정육_09,고기 파는 곳,식료품 중 '정육'을 판매·제공하는 매장,train,정육,T3 개념확장,be65db6f-abbc-4df9-8e3c-bab367ba7e7e,고기서고기,고기,앞산비스타동원상가 골목형상점가,골목형상점가,대구광역시,,,
1011dd0f41c73b082e39,full_annotation_v1,A,q_정육_09,고기 파는 곳,식료품 중 '정육'을 판매·제공하는 매장,train,정육,T3 개념확장,1589f0ae-2c11-4c41-a3b4-2e863140bd26,대박축산,고기,북부중앙 골목형상점가,골목형상점가,경기도,,,
20ef45a3fac5622bfaa6,full_annotation_v1,A,q_정육_09,고기 파는 곳,식료품 중 '정육'을 판매·제공하는 매장,train,정육,T3 개념확장,e1c96912-6112-4032-86fc-24605a4b76e3,김밥이야,김밥,하안주공1단지 골목형상점가,골목형상점가,경기도,,,
e69bea416525816b66d7,full_annotation_v1,A,q_정육_09,고기 파는 곳,식료품 중 '정육'을 판매·제공하는 매장,train,정육,T3 개념확장,0130dbd3-b9ea-43f4-98fd-26d8afd90b78,모래내시장순대,식당,전주모래내시장,전통시장,전북특별자치도,,,
406c7fac0a9caca72c1b,full_annotation_v1,A,q_정육_09,고기 파는 곳,식료품 중 '정육'을 판매·제공하는 매장,train,정육,T3 개념확장,8b2482c5-ce6b-4d6e-b399-0116f6e25241,복뿔돈,고기,신용동 육교 앞 골목형상점가,골목형상점가,광주광역시,,,
0e6c929449f14bb22d75,full_annotation_v1,A,q_정육_09,고기 파는 곳,식료품 중 '정육'을 판매·제공하는 매장,train,정육,T3 개념확장,032b7c2d-89ad-4b7e-9563-c9c67c6381a9,명품한우,한우,신포동개항길골목형상점가,골목형상점가,인천광역시,,,
453d5b34fbb7c535e8dd,full_annotation_v1,A,q_정육_09,고기 파는 곳,식료품 중 '정육'을 판매·제공하는 매장,train,정육,T3 개념확장,baba2ced-55e3-4183-b69c-232ac9bcb5be,한우식육점,고기,정선사북시장,전통시장,강원특별자치도,,,
e43182a87da64ed0d00a,full_annotation_v1,A,q_정육_09,고기 파는 곳,식료품 중 '정육'을 판매·제공하는 매장,train,정육,T3 개념확장,c237ed86-d4d4-4f5b-aecd-6e123ab7bafb,미친고기,고기,풍암신암상인회 골목형상점가,골목형상점가,광주광역시,,,
4b34a5ab149d97f20cfd,full_annotation_v1,A,q_정육_09,고기 파는 곳,식료품 중 '정육'을 판매·제공하는 매장,train,정육,T3 개념확장,2538e343-dfd5-475d-911b-489c58742748,신개념 푸줏간,,새천년 골목형상점가,골목형상점가,경기도,,,
4d24e440a2c3b638f7a5,full_annotation_v1,A,q_정육_09,고기 파는 곳,식료품 중 '정육'을 판매·제공하는 매장,train,정육,T3 개념확장,e45043ed-ae35-442d-9f5e-eb826b833403,참숯촌,고기,운암이 골목형상점가,골목형상점가,광주광역시,,,
cd478160d04616d91ef1,full_annotation_v1,A,q_정육_09,고기 파는 곳,식료품 중 '정육'을 판매·제공하는 매장,train,정육,T3 개념확장,4ce61a0b-4507-47a6-b479-9257649f6f68,넙딱집,고기,첨단아미 골목형상점가,골목형상점가,광주광역시,,,
8f8638adc26599a99566,full_annotation_v1,A,q_정육_09,고기 파는 곳,식료품 중 '정육'을 판매·제공하는 매장,train,정육,T3 개념확장,41d11001-9d7b-4965-9bae-0af94922cf12,철이네고깃간(중흥점),,유동 경열로 골목형상점가,골목형상점가,광주광역시,,,
2bffac9057b13be14bb0,full_annotation_v1,A,q_정육_09,고기 파는 곳,식료품 중 '정육'을 판매·제공하는 매장,train,정육,T3 개념확장,74995a04-4885-4bc9-b9c4-240658a10e4c,아트앤하트둔촌올림픽파크포레온1미술교습소,교육서비스,둔촌스포츠거리 골목형상점가,골목형상점가,서울특별시,,,
dc2b9b1f6904464a656c,full_annotation_v1,A,q_정육_09,고기 파는 곳,식료품 중 '정육'을 판매·제공하는 매장,train,정육,T3 개념확장,4327d346-9220-4d1f-9a23-a636748a1590,항껍,고기,태백중앙로상점가,자율상권구역,강원특별자치도,,,
130b02298951f06e8057,full_annotation_v1,A,q_정육_09,고기 파는 곳,식료품 중 '정육'을 판매·제공하는 매장,train,정육,T3 개념확장,0023ae9b-466c-4881-afd0-ff8ac2890d72,돈.우정육점,식육,여수서시장주변시장,전통시장,전라남도,,,
554d082a5783fb96ec04,full_annotation_v1,A,q_정육_09,고기 파는 곳,식료품 중 '정육'을 판매·제공하는 매장,train,정육,T3 개념확장,6e6faf7b-ef40-4981-b883-3f0f2b4fb8c0,착한고깃간,고기,우치서하로 골목형상점가,골목형상점가,광주광역시,,,
72bf896608bcac03f266,full_annotation_v1,A,q_정육_09,고기 파는 곳,식료품 중 '정육'을 판매·제공하는 매장,train,정육,T3 개념확장,9ca86ba9-9f92-4915-b081-54f36f8c1374,현대실비,고기,황지자유시장,전통시장,강원특별자치도,,,
fb59c86b2a635e4b9005,full_annotation_v1,A,q_정육_09,고기 파는 곳,식료품 중 '정육'을 판매·제공하는 매장,train,정육,T3 개념확장,e55ce77f-6fb1-4168-ab55-bb9c9e781c10,수뿔마을,고기,성서계대로데오거리 골목형상점가,골목형상점가,대구광역시,,,
3dea9bd0295c238fee89,full_annotation_v1,A,q_정육_09,고기 파는 곳,식료품 중 '정육'을 판매·제공하는 매장,train,정육,T3 개념확장,929dfc7e-b9e4-48d9-bb06-dc29808bb5ba,착한막창,고기,가오동 골목형상점가,골목형상점가,대전광역시,,,
35369636f2da54911a2d,full_annotation_v1,A,q_정육_09,고기 파는 곳,식료품 중 '정육'을 판매·제공하는 매장,train,정육,T3 개념확장,ffdd4e40-f7e2-4a09-ba97-2d78e023bdc0,순탄고기,고기,상무연하상인회 골목형상점가,골목형상점가,광주광역시,,,
ae839e2ced70ab9174d9,full_annotation_v1,A,q_정육_09,고기 파는 곳,식료품 중 '정육'을 판매·제공하는 매장,train,정육,T3 개념확장,ea4d7710-6662-44f8-8c89-03e095064f4a,호계식육점,고기,호계공설시장,전통시장,울산광역시,,,
3af936d700b211f252b8,full_annotation_v1,A,q_정육_09,고기 파는 곳,식료품 중 '정육'을 판매·제공하는 매장,train,정육,T3 개념확장,66d8e311-a6b1-46f3-8e0f-fb9989860b60,계룡산축산,고기,신도꼼지락시장,전통시장,대전광역시,,,
91088c6faebf8f682638,full_annotation_v1,A,q_정육_09,고기 파는 곳,식료품 중 '정육'을 판매·제공하는 매장,train,정육,T3 개념확장,e3c52b87-c950-4132-a5d7-23df51efee5f,반촌대구막창갈매기살,고기,안양1번가 상점가,자율상권구역,경기도,,,
733c93facdc38cf824f3,full_annotation_v1,A,q_정육_09,고기 파는 곳,식료품 중 '정육'을 판매·제공하는 매장,train,정육,T3 개념확장,13393d46-4b29-437b-9d39-31fc06ba5f32,신성정육점,고기,신태인시장,전통시장,전북특별자치도,,,
5c4a8648e150fae7efc7,full_annotation_v1,A,q_정육_09,고기 파는 곳,식료품 중 '정육'을 판매·제공하는 매장,train,정육,T3 개념확장,4bf1862f-0fff-449b-914b-703030c2bc50,전주전집,일반음식점(한식),둔촌역전통시장,전통시장,서울특별시,,,
9719faea90e766d97260,full_annotation_v1,A,q_정육_09,고기 파는 곳,식료품 중 '정육'을 판매·제공하는 매장,train,정육,T3 개념확장,fad8905a-f3ea-419a-b846-9363525ba589,고기구로,고기,중흥동 큰샘길 골목형상점가,골목형상점가,광주광역시,,,
990e0380e3c7342e2c14,full_annotation_v1,A,q_정육_09,고기 파는 곳,식료품 중 '정육'을 판매·제공하는 매장,train,정육,T3 개념확장,4f2eb289-2615-4541-ac4f-a1cb25e88c66,마포소금구이,고기,강남개포시장(구 개포2동중심상점가),자율상권구역,서울특별시,,,
d9b71fd2352cf8b8dfaf,full_annotation_v1,A,q_정육_09,고기 파는 곳,식료품 중 '정육'을 판매·제공하는 매장,train,정육,T3 개념확장,005ea303-f9b7-4f3e-abcc-8460ca84ba44,은성축산물직판장,"도소매(축산물,식육판매)",남문시장,전통시장,서울특별시,,,
479b4aca7179783e5fb6,full_annotation_v1,A,q_정육_09,고기 파는 곳,식료품 중 '정육'을 판매·제공하는 매장,train,정육,T3 개념확장,5a5c61c5-cf16-4070-995b-b55e29cf0f19,굣간,고기,봉명동우산거리 골목형상점가,골목형상점가,대전광역시,,,
698b4f31a0a09bc6969c,full_annotation_v1,A,q_정육_09,고기 파는 곳,식료품 중 '정육'을 판매·제공하는 매장,train,정육,T3 개념확장,001dda38-7874-4460-b3b0-a5717b6c36d7,오송 곱창,"한우곱창, 한우막창, 한우모듬, 한우대창, 한우염통",오송1산단오스코로골목형상점가,골목형상점가,충청북도,,,
0089f10786b0b8682394,full_annotation_v1,A,q_정육_09,고기 파는 곳,식료품 중 '정육'을 판매·제공하는 매장,train,정육,T3 개념확장,f341ab80-8b41-4ad7-9ecf-61e57a3cd1f2,목구멍,고기,나주혁신도시 골목형상점가,골목형상점가,전라남도,,,
ae97ceede93b1592ec6e,full_annotation_v1,A,q_정육_09,고기 파는 곳,식료품 중 '정육'을 판매·제공하는 매장,train,정육,T3 개념확장,01e3bdc3-fa69-409b-9f56-9ab1b44ede16,바우닭강정,닭강정,자양전통시장,전통시장,서울특별시,,,
972bf2184aed568b7be9,full_annotation_v1,A,q_정육_09,고기 파는 곳,식료품 중 '정육'을 판매·제공하는 매장,train,정육,T3 개념확장,6658836c-e934-4620-8e07-d919b52b3400,고기상점,고기,빛가람 호수로 골목형상점가,골목형상점가,전라남도,,,
64e476dce7ea3467de32,full_annotation_v1,A,q_정육_09,고기 파는 곳,식료품 중 '정육'을 판매·제공하는 매장,train,정육,T3 개념확장,6a019489-08c6-4fac-942e-36f40530a516,청담,고기,금촌문화로시장,전통시장,경기도,,,
8ff0b1782cbbdd186533,full_annotation_v1,A,q_정육_09,고기 파는 곳,식료품 중 '정육'을 판매·제공하는 매장,train,정육,T3 개념확장,6dbc706b-973f-4261-a856-2c145c345c47,협동고기백화점,고기,순천역전시장,전통시장,전라남도,,,
7dbcb74a9598af74e8e1,full_annotation_v1,A,q_정육_09,고기 파는 곳,식료품 중 '정육'을 판매·제공하는 매장,train,정육,T3 개념확장,8a119df6-f706-46d4-aac7-2ea415318f6c,고기스타,고기,창원 가음정시장,전통시장,경상남도,,,
a639eff27414ba7e6d66,full_annotation_v1,A,q_정육_09,고기 파는 곳,식료품 중 '정육'을 판매·제공하는 매장,train,정육,T3 개념확장,f8ba2743-7060-4edb-b1d8-5c01dcaecd58,미돈,고기,예석 골목형상점가,골목형상점가,충청남도,,,
63d7d36c3c9d3e8deb0b,full_annotation_v1,A,q_정육_09,고기 파는 곳,식료품 중 '정육'을 판매·제공하는 매장,train,정육,T3 개념확장,5a7cf655-da96-4399-870e-3a2d7bc8f9fb,해운대식육점,고기,해운대시장,전통시장,부산광역시,,,
4afcb25d6209067f8462,full_annotation_v1,A,q_정육_09,고기 파는 곳,식료품 중 '정육'을 판매·제공하는 매장,train,정육,T3 개념확장,02f9037a-c117-4db4-9d2b-9b78182978f4,반월닭강정치킨,,보령한내시장,전통시장,충청남도,,,
8df2eabf1eb66d126c31,full_annotation_v1,A,q_정육_09,고기 파는 곳,식료품 중 '정육'을 판매·제공하는 매장,train,정육,T3 개념확장,8b870e6e-eb51-45b9-a688-c8aef9913eef,할매솥뚜껑삼겹살,고기,지중해마을 골목형상점가,골목형상점가,충청남도,,,
55a40b2402a1b1f9c106,full_annotation_v1,A,q_정육_09,고기 파는 곳,식료품 중 '정육'을 판매·제공하는 매장,train,정육,T3 개념확장,324e7edf-02a4-4650-b745-799d37ae3a4e,낮에는 밥 밤에는 고기,한식,화정한울타리상인회 골목형상점가,골목형상점가,광주광역시,,,
ba810e554f122fadfbd6,full_annotation_v1,A,q_정육_09,고기 파는 곳,식료품 중 '정육'을 판매·제공하는 매장,train,정육,T3 개념확장,0367e5f3-1bf4-4d8a-bac6-655fcc2eda3f,큰집닭강정,닭강정,신도봉시장,전통시장,서울특별시,,,
d6246616d8fecf040f1f,full_annotation_v1,A,q_정육_09,고기 파는 곳,식료품 중 '정육'을 판매·제공하는 매장,train,정육,T3 개념확장,4b1a7a49-0891-4ed4-8402-8f4a646fbc5e,온쌈,고기,외도1 골목형상점가,골목형상점가,제주특별자치도,,,
cd0f09b6438eac6ee69f,full_annotation_v1,A,q_정육_09,고기 파는 곳,식료품 중 '정육'을 판매·제공하는 매장,train,정육,T3 개념확장,db812d71-147b-4566-9415-db7665910bfc,화포식당,고기,연신내골목형상점가,골목형상점가,서울특별시,,,
a0566440d74fffc30d20,full_annotation_v1,A,q_정육_09,고기 파는 곳,식료품 중 '정육'을 판매·제공하는 매장,train,정육,T3 개념확장,03f541e1-2781-4bd2-91a9-65b9196d82b4,또래오래치킨&참닭,삼겹살,노대물빛근린공원 골목형상점가,골목형상점가,광주광역시,,,
fa6898245ea5b0e34644,full_annotation_v1,A,q_정육_09,고기 파는 곳,식료품 중 '정육'을 판매·제공하는 매장,train,정육,T3 개념확장,004961cf-a775-4bcc-87a9-067c385bb9e7,삼미식육,식육,구포축산물도매시장,전통시장,부산광역시,,,
e36d009872f5dbd4f81b,full_annotation_v1,A,q_정육_09,고기 파는 곳,식료품 중 '정육'을 판매·제공하는 매장,train,정육,T3 개념확장,e06031b4-de15-4df7-9f50-6fc9ac0a869c,불꾼,고기,중산골 골목형상점가,골목형상점가,전북특별자치도,,,
8b00e5006985a8fd1b53,full_annotation_v1,A,q_정육_09,고기 파는 곳,식료품 중 '정육'을 판매·제공하는 매장,train,정육,T3 개념확장,cea0eca9-3aab-4703-aa71-ea2fe1dde0a1,함치르르,네일,삼천동제일 골목형상점가,골목형상점가,전북특별자치도,,,
0e7b12817c7e60a7aa15,full_annotation_v1,A,q_정육_09,고기 파는 곳,식료품 중 '정육'을 판매·제공하는 매장,train,정육,T3 개념확장,9534bfab-be0f-4463-ac75-e8d97493a853,돈향기,고기,매곡 가인 골목형상점가,골목형상점가,광주광역시,,,
e9e8703842663fdc542b,full_annotation_v1,A,q_정육_09,고기 파는 곳,식료품 중 '정육'을 판매·제공하는 매장,train,정육,T3 개념확장,f013fe0b-4023-4bc4-bac5-d761271a9637,꿉소,고기,장흥중앙로 골목형상점가,골목형상점가,전라남도,,,
e9dd5da489dd6f419be0,full_annotation_v1,A,q_정육_09,고기 파는 곳,식료품 중 '정육'을 판매·제공하는 매장,train,정육,T3 개념확장,3f8f69a9-485e-4a17-a200-807edd83d8bd,화돌농장,고기,보령약국골목상가,자율상권구역,서울특별시,,,
0a822d541a08f4c6a2f5,full_annotation_v1,A,q_정육_09,고기 파는 곳,식료품 중 '정육'을 판매·제공하는 매장,train,정육,T3 개념확장,c111ac9d-3f3a-405c-a8db-4d127ccda9e2,행복이 있는 곳,잡화,제주로얄쇼핑센터,자율상권구역,제주특별자치도,,,
e5d600d607675c8e9f47,full_annotation_v1,A,q_정육_09,고기 파는 곳,식료품 중 '정육'을 판매·제공하는 매장,train,정육,T3 개념확장,00889968-cd4d-41f2-8c6f-39e3928858a7,행복한 정육점,고기,테크노밸리 골목형상점가,골목형상점가,대전광역시,,,
26a59ad9662ab739bf14,full_annotation_v1,A,q_정육_09,고기 파는 곳,식료품 중 '정육'을 판매·제공하는 매장,train,정육,T3 개념확장,0120247f-1a8e-4396-882d-6476485c3f9e,사랑채,삼겹살,봉선먹자골목 골목형상점가,골목형상점가,광주광역시,,,
c619bc528b3036d05978,full_annotation_v1,A,q_정육_09,고기 파는 곳,식료품 중 '정육'을 판매·제공하는 매장,train,정육,T3 개념확장,fa8b2e5d-625d-4b19-accc-9f55abd7153b,뒷골목뒷고기,고기,중흥동 큰샘길 골목형상점가,골목형상점가,광주광역시,,,
c2db8176290c6a98dc39,full_annotation_v1,A,q_정육_09,고기 파는 곳,식료품 중 '정육'을 판매·제공하는 매장,train,정육,T3 개념확장,009f034c-8e3b-4a32-aab3-55ece8718004,장봐주는언니 임동점,농수축산물및 가공식품,제니스 골목형상점가,골목형상점가,광주광역시,,,
7b00fabd766eaf8be3df,full_annotation_v1,A,q_정육_09,고기 파는 곳,식료품 중 '정육'을 판매·제공하는 매장,train,정육,T3 개념확장,2740748f-3adf-466d-bb86-d0104dc00f3b,솥뚜껑삼겹살,고기,용인어정가구단지상점가,자율상권구역,경기도,,,
8c3a6cc0d219a23f626e,full_annotation_v1,A,q_정육_09,고기 파는 곳,식료품 중 '정육'을 판매·제공하는 매장,train,정육,T3 개념확장,00f60c16-d8be-497f-80f2-aab3209a8d0e,포카포카,식당,전남여고후문 골목형상점가,골목형상점가,광주광역시,,,
03435f429749b597c89e,full_annotation_v1,A,q_정육_09,고기 파는 곳,식료품 중 '정육'을 판매·제공하는 매장,train,정육,T3 개념확장,01286ec0-50e0-4540-b678-ec706fb3bcbb,설곰식당,식당,산업용재관,전통시장,대구광역시,,,
ede3b598c214dc1740e9,full_annotation_v1,A,q_정육_09,고기 파는 곳,식료품 중 '정육'을 판매·제공하는 매장,train,정육,T3 개념확장,50247b85-534a-4586-82ca-82a0b27a1382,축산물도소매직영점,고기,비단길현대시장,전통시장,서울특별시,,,
746b3714cda9e14634bc,full_annotation_v1,A,q_정육_09,고기 파는 곳,식료품 중 '정육'을 판매·제공하는 매장,train,정육,T3 개념확장,18a5619d-c878-4a3c-9fe5-4093460e3df5,주식회사 청년푸줏간,,인천모래내전통시장,전통시장,인천광역시,,,
7a40cb6b615adc24d659,full_annotation_v1,A,q_정육_09,고기 파는 곳,식료품 중 '정육'을 판매·제공하는 매장,train,정육,T3 개념확장,827bba83-5438-4805-897e-4b0dd47fd9ac,돼지마을,고기,기린전통시장,전통시장,강원특별자치도,,,
d7816abe5dfb6025a2cf,full_annotation_v1,A,q_정육_09,고기 파는 곳,식료품 중 '정육'을 판매·제공하는 매장,train,정육,T3 개념확장,6e0dae0c-41a4-4bd2-ad22-6b9f0baa049f,감나무집식육식당,고기,마산 창동통합상가,자율상권구역,경상남도,,,
905fb05928fd956e49dc,full_annotation_v1,A,q_정육_09,고기 파는 곳,식료품 중 '정육'을 판매·제공하는 매장,train,정육,T3 개념확장,0a0e9849-2d79-4383-967e-f44629e1cd00,갈불놀이,고기,대명여울빛거리시장,전통시장,서울특별시,,,
b756ec0b2ac0668cd978,full_annotation_v1,A,q_정육_09,고기 파는 곳,식료품 중 '정육'을 판매·제공하는 매장,train,정육,T3 개념확장,5d1b9491-a1ad-412a-9b55-9d875f97e81e,마장동고기집,고기,강서구청먹자골목골목형상점가,골목형상점가,서울특별시,,,
f9eb63b56b037bde7171,full_annotation_v1,A,q_정육_09,고기 파는 곳,식료품 중 '정육'을 판매·제공하는 매장,train,정육,T3 개념확장,263d4cd1-5a0d-45b6-9e68-b38558e9f160,고깃간,,부평종합시장,전통시장,인천광역시,,,
b2468de7b462eabd3b13,full_annotation_v1,A,q_정육_09,고기 파는 곳,식료품 중 '정육'을 판매·제공하는 매장,train,정육,T3 개념확장,cdd3f94f-e1c4-4b22-81b4-dc2533c8555f,갈비촌,고기,서원동상점가,자율상권구역,서울특별시,,,
c9c8ea67cb12fa7fb2ee,full_annotation_v1,A,q_정육_09,고기 파는 곳,식료품 중 '정육'을 판매·제공하는 매장,train,정육,T3 개념확장,c8293090-5a14-4b42-ac25-a27a790ac053,고깃집,고기,말바우지키미 골목형상점가,골목형상점가,광주광역시,,,
87478caf73a074c6acf3,full_annotation_v1,A,q_정육_09,고기 파는 곳,식료품 중 '정육'을 판매·제공하는 매장,train,정육,T3 개념확장,039c05c3-9a49-40ec-86ca-28415ca76d25,미쁘다담양식돼지갈비,갈비,용봉지구 골목형상점가,골목형상점가,광주광역시,,,
61bcd7ba2dfcc5a59b9c,full_annotation_v1,A,q_정육_09,고기 파는 곳,식료품 중 '정육'을 판매·제공하는 매장,train,정육,T3 개념확장,000bc123-8986-4a63-bd89-6076138ae351,왕장상회,치킨,자양전통시장,전통시장,서울특별시,,,
5701c8e6e972b368ea45,full_annotation_v1,A,q_정육_09,고기 파는 곳,식료품 중 '정육'을 판매·제공하는 매장,train,정육,T3 개념확장,88ca3040-9085-42db-a6b4-7491a1b5ef9f,해바라기정육식당,고기,작전시장,전통시장,인천광역시,,,
ae0eeb9310808048d36b,full_annotation_v1,A,q_정육_09,고기 파는 곳,식료품 중 '정육'을 판매·제공하는 매장,train,정육,T3 개념확장,00831405-3dce-4f59-90cd-81fc3f837a63,보광축산,정육,원당시장(구 원당전통시장),전통시장,경기도,,,
5e05634ef61cec26d07d,full_annotation_v1,A,q_정육_09,고기 파는 곳,식료품 중 '정육'을 판매·제공하는 매장,train,정육,T3 개념확장,a81075f6-7751-44ad-b70a-b576ce24614e,본죽앤비빔밥광주수완점,밥 식사,희담길,골목형상점가,광주광역시,,,
f10a535c7e2fcbe9834f,full_annotation_v1,A,q_정육_09,고기 파는 곳,식료품 중 '정육'을 판매·제공하는 매장,train,정육,T3 개념확장,fed2552f-6e60-449d-80e6-6a6e169a5c20,대박축산,고기,신림별빛거리골목형상점가,골목형상점가,서울특별시,,,
746c1c429f0a386351a3,full_annotation_v1,A,q_정육_09,고기 파는 곳,식료품 중 '정육'을 판매·제공하는 매장,train,정육,T3 개념확장,4e82aa46-3dd8-466a-baf4-802b50982528,푸줏간송강관평점,고기,구즉 골목형상점가,골목형상점가,대전광역시,,,
56842905fc2c9b535dd1,full_annotation_v1,A,q_정육_09,고기 파는 곳,식료품 중 '정육'을 판매·제공하는 매장,train,정육,T3 개념확장,003e9326-9010-4e27-b844-c62b81ad2df8,다이소 광주 호남대점,소매,선운별 골목형상점가,골목형상점가,광주광역시,,,
1aa9da152cff90b58e16,full_annotation_v1,A,q_정육_09,고기 파는 곳,식료품 중 '정육'을 판매·제공하는 매장,train,정육,T3 개념확장,a02d67a0-6ef3-4ac6-b7b9-5ae01b9b2dec,강천연탄구이,고기,군산강천상가,자율상권구역,전북특별자치도,,,
186e2c81fdde4fe5d337,full_annotation_v1,A,q_정육_10,삼겹살,식료품 중 '정육'을 판매·제공하는 매장,train,정육,T3 개념확장,c8df42df-89df-4944-aab6-f4af4135c803,삼천냥삼겹살,한식 삼겹살,우산청년골목형상점가,골목형상점가,강원특별자치도,,,
60c4a9a0fe79d136f04b,full_annotation_v1,A,q_정육_10,삼겹살,식료품 중 '정육'을 판매·제공하는 매장,train,정육,T3 개념확장,100fbd53-4510-4f6f-8289-d2abe61921d1,동거동락,삼겹살,양양로 골목형상점가,골목형상점가,강원특별자치도,,,
35e74cb5ad1e103cadd2,full_annotation_v1,A,q_정육_10,삼겹살,식료품 중 '정육'을 판매·제공하는 매장,train,정육,T3 개념확장,263d4cd1-5a0d-45b6-9e68-b38558e9f160,고깃간,,부평종합시장,전통시장,인천광역시,,,
609dd6b72aa209731dfd,full_annotation_v1,A,q_정육_10,삼겹살,식료품 중 '정육'을 판매·제공하는 매장,train,정육,T3 개념확장,75f934c3-f32d-4c09-bb62-28ff4632d8a8,황돈,삼겹살,자마장시장골목형상점가,골목형상점가,서울특별시,,,
a2b76adba83155ee64de,full_annotation_v1,A,q_정육_10,삼겹살,식료품 중 '정육'을 판매·제공하는 매장,train,정육,T3 개념확장,1bd29f59-92ea-40fb-8965-337d511da976,풍년집,삼겹살,아름드리 골목형상점가,골목형상점가,세종특별자치시,,,
05c19b8555f5583713be,full_annotation_v1,A,q_정육_10,삼겹살,식료품 중 '정육'을 판매·제공하는 매장,train,정육,T3 개념확장,4a5b97db-0708-45f0-a78f-fedb285cb203,토방,삼겹살,운암 서암대로1 골목형상점가,골목형상점가,광주광역시,,,
5b25a3ffd3ff04dea347,full_annotation_v1,A,q_정육_10,삼겹살,식료품 중 '정육'을 판매·제공하는 매장,train,정육,T3 개념확장,0072ddc8-1b0b-4a64-b9d0-9eb309854f0c,오뚜기정육점,정육,김제중앙시장,전통시장,전북특별자치도,,,
20a7c869dad7172f15e2,full_annotation_v1,A,q_정육_10,삼겹살,식료품 중 '정육'을 판매·제공하는 매장,train,정육,T3 개념확장,00a5a31e-6208-4900-9553-18f188bfcbfc,올바른고깃간일곡점,정육점,일곡동 골목형상점가,골목형상점가,광주광역시,,,
66e1ca8a3c454bf6870b,full_annotation_v1,A,q_정육_10,삼겹살,식료품 중 '정육'을 판매·제공하는 매장,train,정육,T3 개념확장,8f070be3-4c87-4e92-9691-f8b6306af76f,전라도이야기,삼겹살,첨단아미 골목형상점가,골목형상점가,광주광역시,,,
942d5c6d684dab90fcbc,full_annotation_v1,A,q_정육_10,삼겹살,식료품 중 '정육'을 판매·제공하는 매장,train,정육,T3 개념확장,1dfbc912-e4ac-4dca-946f-05425f6c94f7,리올란트 치과의원,의료서비스,누리 골목형상점가,골목형상점가,경기도,,,
75f446dd465386f38ab7,full_annotation_v1,A,q_정육_10,삼겹살,식료품 중 '정육'을 판매·제공하는 매장,train,정육,T3 개념확장,00c9508a-1962-4f4c-adc8-c9227046f329,도마정육점,식육,도마큰시장,전통시장,대전광역시,,,
a6890a7ca58458a5775d,full_annotation_v1,A,q_정육_10,삼겹살,식료품 중 '정육'을 판매·제공하는 매장,train,정육,T3 개념확장,0367e5f3-1bf4-4d8a-bac6-655fcc2eda3f,큰집닭강정,닭강정,신도봉시장,전통시장,서울특별시,,,
d1ebb611ff6efc590164,full_annotation_v1,A,q_정육_10,삼겹살,식료품 중 '정육'을 판매·제공하는 매장,train,정육,T3 개념확장,033ab0da-f546-4879-93a7-5bf7e6327bf3,시장식당,국밥,광양5일시장,전통시장,,,,
ef901c476ef7cc1723e6,full_annotation_v1,A,q_정육_10,삼겹살,식료품 중 '정육'을 판매·제공하는 매장,train,정육,T3 개념확장,e7f4ea56-8635-4deb-a282-2f0f8e0ecb0e,삼남매,삼겹살,동림동 골목형상점가,골목형상점가,광주광역시,,,
10acc18fddd6953dd11c,full_annotation_v1,A,q_정육_10,삼겹살,식료품 중 '정육'을 판매·제공하는 매장,train,정육,T3 개념확장,01e3bdc3-fa69-409b-9f56-9ab1b44ede16,바우닭강정,닭강정,자양전통시장,전통시장,서울특별시,,,
04ede555a07af4a7e66a,full_annotation_v1,A,q_정육_10,삼겹살,식료품 중 '정육'을 판매·제공하는 매장,train,정육,T3 개념확장,00176890-ac4c-4ce1-bf5b-c5e45dbf9c43,시골정육점,축산,답십리시장,전통시장,서울특별시,,,
3ea7fd028b71aa9a66af,full_annotation_v1,A,q_정육_10,삼겹살,식료품 중 '정육'을 판매·제공하는 매장,train,정육,T3 개념확장,0cbad518-ed5e-49f0-8c9e-2bf672ed9f9f,맛찬들왕소금구이,삼겹살,가락골 골목형상점가,골목형상점가,서울특별시,,,
492a1244ad86551c3d62,full_annotation_v1,A,q_정육_10,삼겹살,식료품 중 '정육'을 판매·제공하는 매장,train,정육,T3 개념확장,009f034c-8e3b-4a32-aab3-55ece8718004,장봐주는언니 임동점,농수축산물및 가공식품,제니스 골목형상점가,골목형상점가,광주광역시,,,
108d5ffa132bd1905313,full_annotation_v1,A,q_정육_10,삼겹살,식료품 중 '정육'을 판매·제공하는 매장,train,정육,T3 개념확장,02cebcf5-9e57-4988-adb9-85afcb577ccd,백미옥,국밥,한마음,골목형상점가,광주광역시,,,
708f7e8a5c0c8e2b904d,full_annotation_v1,A,q_정육_10,삼겹살,식료품 중 '정육'을 판매·제공하는 매장,train,정육,T3 개념확장,aaca488b-ad50-401d-8f5b-0bf91424ec93,웃삼,삼겹살,원마루시장,전통시장,충청북도,,,
e03859404c1e6b0bf177,full_annotation_v1,A,q_정육_10,삼겹살,식료품 중 '정육'을 판매·제공하는 매장,train,정육,T3 개념확장,fec0f082-026e-428f-be73-3b00c26d8217,루미엘음악전문학원,,하남 골목형상점가,골목형상점가,광주광역시,,,
24c445c52423854161ac,full_annotation_v1,A,q_정육_10,삼겹살,식료품 중 '정육'을 판매·제공하는 매장,train,정육,T3 개념확장,0120247f-1a8e-4396-882d-6476485c3f9e,사랑채,삼겹살,봉선먹자골목 골목형상점가,골목형상점가,광주광역시,,,
3a83c34b01736000cdda,full_annotation_v1,A,q_정육_10,삼겹살,식료품 중 '정육'을 판매·제공하는 매장,train,정육,T3 개념확장,18a5619d-c878-4a3c-9fe5-4093460e3df5,주식회사 청년푸줏간,,인천모래내전통시장,전통시장,인천광역시,,,
1e1f7ece6b63a58310e2,full_annotation_v1,A,q_정육_10,삼겹살,식료품 중 '정육'을 판매·제공하는 매장,train,정육,T3 개념확장,65fbccc6-9168-4a50-9a67-70b789ddbba4,솥뚜껑 삼겹살,삼겹살,버들마을상인회 골목형상점가,골목형상점가,광주광역시,,,
6fa230971279cfa19bb9,full_annotation_v1,A,q_정육_10,삼겹살,식료품 중 '정육'을 판매·제공하는 매장,train,정육,T3 개념확장,080611f9-2bc6-485c-88ff-62a839f9cbd2,푸줏간 수정점,,황금수정 골목형상점가,골목형상점가,부산광역시,,,
684a903967608491dd53,full_annotation_v1,A,q_정육_10,삼겹살,식료품 중 '정육'을 판매·제공하는 매장,train,정육,T3 개념확장,bc16089e-ae12-4acb-bbc1-f3e2e104301d,행운삼겹살,삼겹살,청주서문시장,전통시장,충청북도,,,
95e2dd9f40208bf6750e,full_annotation_v1,A,q_정육_10,삼겹살,식료품 중 '정육'을 판매·제공하는 매장,train,정육,T3 개념확장,04564ea5-0be4-4ee2-8519-e8fcaffe3485,쌍둥이국밥,국밥,첨단이웃사랑 골목형상점가,골목형상점가,광주광역시,,,
4ec2db6e3afd656f08b1,full_annotation_v1,A,q_정육_10,삼겹살,식료품 중 '정육'을 판매·제공하는 매장,train,정육,T3 개념확장,0023ae9b-466c-4881-afd0-ff8ac2890d72,돈.우정육점,식육,여수서시장주변시장,전통시장,전라남도,,,
652e79424cd2dd077bfb,full_annotation_v1,A,q_정육_10,삼겹살,식료품 중 '정육'을 판매·제공하는 매장,train,정육,T3 개념확장,345cb013-42b1-4105-9969-8285b75f6f44,철이네,삼겹살,선유로운골목형상점가,골목형상점가,서울특별시,,,
94f6ee3ef68fb947e19d,full_annotation_v1,A,q_정육_10,삼겹살,식료품 중 '정육'을 판매·제공하는 매장,train,정육,T3 개념확장,ecb62ef0-c575-4ebe-a279-7627b013b8a7,밥한끼,한식,길주로 골목형상점가,골목형상점가,경기도,,,
0f48881320e3d0bde229,full_annotation_v1,A,q_정육_10,삼겹살,식료품 중 '정육'을 판매·제공하는 매장,train,정육,T3 개념확장,86ddd3a6-557a-49f9-8ea2-0f520c55b844,총각네고깃간,,일곡동(제1지역:자연마을 일동초 거리) 골목형상점가,골목형상점가,,,,
15fabb16ffbbf7ce4087,full_annotation_v1,A,q_정육_10,삼겹살,식료품 중 '정육'을 판매·제공하는 매장,train,정육,T3 개념확장,d3c7b72a-6d1a-4b90-bf02-d1ba9d43cdee,내고향강원도,삼겹살,둔산3동상점가,자율상권구역,대전광역시,,,
d0ec6e1ca67fdb5375b1,full_annotation_v1,A,q_정육_10,삼겹살,식료품 중 '정육'을 판매·제공하는 매장,train,정육,T3 개념확장,00ac87c2-aed5-4a62-8b09-76cbea625145,내고향청보리한우직판장,소고기 돼지고기,마륵동상인회 골목형상점가,골목형상점가,광주광역시,,,
dfd4cca898f3a0c7af7a,full_annotation_v1,A,q_정육_10,삼겹살,식료품 중 '정육'을 판매·제공하는 매장,train,정육,T3 개념확장,00831405-3dce-4f59-90cd-81fc3f837a63,보광축산,정육,원당시장(구 원당전통시장),전통시장,경기도,,,
5d0cca5115d762f0acdb,full_annotation_v1,A,q_정육_10,삼겹살,식료품 중 '정육'을 판매·제공하는 매장,train,정육,T3 개념확장,8b9c29c6-e857-46da-9b6c-75685cd46138,정성상회인동점,삼겹살,인동로데오상가,골목형상점가,경상북도,,,
327c1df7a1936985f7f5,full_annotation_v1,A,q_정육_10,삼겹살,식료품 중 '정육'을 판매·제공하는 매장,train,정육,T3 개념확장,73b44471-de7c-4594-9ff9-1902d04241f4,미스돼지,삼겹살,유천버드내 골목형상점가,골목형상점가,대전광역시,,,
0f4b8abade941dfabe29,full_annotation_v1,A,q_정육_10,삼겹살,식료품 중 '정육'을 판매·제공하는 매장,train,정육,T3 개념확장,3261a892-c30d-4ebd-aa82-1e846150a07a,돌판위에삼겹살,한식 삼겹살,우산청년골목형상점가,골목형상점가,강원특별자치도,,,
630536f7c4dabe161960,full_annotation_v1,A,q_정육_10,삼겹살,식료품 중 '정육'을 판매·제공하는 매장,train,정육,T3 개념확장,c6625d4c-1989-4db9-a205-fafecac66f1d,경아식당,삼겹살,거제 고현자율상권,,경상남도,,,
e09ce42f242ce4059918,full_annotation_v1,A,q_정육_10,삼겹살,식료품 중 '정육'을 판매·제공하는 매장,train,정육,T3 개념확장,022fb5a6-69f4-4765-88db-4228cac2ef69,랭상1992,삼겹살,오치2동 골목형상점가,골목형상점가,광주광역시,,,
e97f36a44ce077d39a1c,full_annotation_v1,A,q_정육_10,삼겹살,식료품 중 '정육'을 판매·제공하는 매장,train,정육,T3 개념확장,53119c97-3968-482b-814b-4e96a9f7a4ef,사계절,삼겹살,봉선로19번길 골목형상점가,골목형상점가,광주광역시,,,
48f374c31946f198332d,full_annotation_v1,A,q_정육_10,삼겹살,식료품 중 '정육'을 판매·제공하는 매장,train,정육,T3 개념확장,2808adc9-4e9a-4fc1-b3e8-a5827c948eee,지후이네,삼겹살,옥천먹자골목형상점가,골목형상점가,충청북도,,,
af19a87d5fab34c58f45,full_annotation_v1,A,q_정육_10,삼겹살,식료품 중 '정육'을 판매·제공하는 매장,train,정육,T3 개념확장,eedbf035-880f-40d0-8294-f7f5fa319f43,삼씨네겹살이,삼겹살,송촌동상점가,자율상권구역,대전광역시,,,
2fc054283d96682a4c10,full_annotation_v1,A,q_정육_10,삼겹살,식료품 중 '정육'을 판매·제공하는 매장,train,정육,T3 개념확장,515d614c-b081-4bc6-976b-ef77fd290a2d,일빴따별관,삼겹살,운천역상인회 골목형상점가,골목형상점가,광주광역시,,,
b47802199502459cb30e,full_annotation_v1,A,q_정육_10,삼겹살,식료품 중 '정육'을 판매·제공하는 매장,train,정육,T3 개념확장,ff33f142-5709-4fda-9058-cfeaf1ffe4cc,삼겹식당,삼겹살,신내구길 골목형상점가,골목형상점가,서울특별시,,,
a5fb8ed1d53df48fd2f6,full_annotation_v1,A,q_정육_10,삼겹살,식료품 중 '정육'을 판매·제공하는 매장,train,정육,T3 개념확장,e7336aa7-9076-450d-a1b3-c3a953139193,이마트24 대구달서본리점,,성당래미안 이편한세상 골목형상점가,골목형상점가,대구광역시,,,
26ccaaecdf121e5f432d,full_annotation_v1,A,q_정육_10,삼겹살,식료품 중 '정육'을 판매·제공하는 매장,train,정육,T3 개념확장,008f0459-6681-4e70-8149-1a6d9ff1a2a5,육간지,삼겹살,구미 진평음식문화특화거리 골목형상점가,골목형상점가,경상북도,,,
1ff58b9990753b5ee4d1,full_annotation_v1,A,q_정육_10,삼겹살,식료품 중 '정육'을 판매·제공하는 매장,train,정육,T3 개념확장,0007af17-f23e-49b9-b7c1-5a9968727cfd,오늘닭강정,닭강정,목원대 골목형상점가,골목형상점가,대전광역시,,,
f1828ac9fb9dacb022d8,full_annotation_v1,A,q_정육_10,삼겹살,식료품 중 '정육'을 판매·제공하는 매장,train,정육,T3 개념확장,0038f694-919c-4289-8bc1-a5e6549274e1,달인닭강정,닭강정,서귀포매일올레시장,전통시장,제주특별자치도,,,
83b514c87c496e99cbfe,full_annotation_v1,A,q_정육_10,삼겹살,식료품 중 '정육'을 판매·제공하는 매장,train,정육,T3 개념확장,145b5bff-ebe1-4229-aaff-dfe5ec41c656,솥뚜껑삼겹살,삼겹살,신창수문 골목형상점가,골목형상점가,광주광역시,,,
084f376ee0bc1f2972a4,full_annotation_v1,A,q_정육_10,삼겹살,식료품 중 '정육'을 판매·제공하는 매장,train,정육,T3 개념확장,00bdaed4-8c0c-4e39-9198-736e0be49945,대신식육,식육,중앙식료시장(중앙먹통시장),전통시장,전라남도,,,
f5d67450bebe16a33bc7,full_annotation_v1,A,q_정육_10,삼겹살,식료품 중 '정육'을 판매·제공하는 매장,train,정육,T3 개념확장,a15b574d-d1aa-41b4-b8e8-cd97c0c0fcc4,이븜,의류 잡화,주월1동봉선로 골목형상점가,골목형상점가,광주광역시,,,
877dcd9092ab346cbac1,full_annotation_v1,A,q_정육_10,삼겹살,식료품 중 '정육'을 판매·제공하는 매장,train,정육,T3 개념확장,39dcd7ec-b111-4d57-9e4d-043a9ab0cfb5,신바람,삼겹살,한적골 골목형상점가,골목형상점가,충청남도,,,
74818f60e846837cf0b7,full_annotation_v1,A,q_정육_10,삼겹살,식료품 중 '정육'을 판매·제공하는 매장,train,정육,T3 개념확장,0a6383bf-2b08-4a9a-8400-44d95996530b,돈벌집,삼겹살,전남여고후문 골목형상점가,골목형상점가,광주광역시,,,
91b44d1929f7f47a2c1f,full_annotation_v1,A,q_정육_10,삼겹살,식료품 중 '정육'을 판매·제공하는 매장,train,정육,T3 개념확장,e7d07a21-9fc7-4e27-a8fc-2886e91fe337,김식당,삼겹살,해피니스,골목형상점가,광주광역시,,,
1488e7e0ed6900110fda,full_annotation_v1,A,q_정육_10,삼겹살,식료품 중 '정육'을 판매·제공하는 매장,train,정육,T3 개념확장,05be8e6e-05cb-43d5-8c9e-ab68776e957b,낙원갈비집 부천옥길점,,부천 옥길 골목형상점가,골목형상점가,경기도,,,
1f0700ae2b3b7867d4f4,full_annotation_v1,A,q_정육_10,삼겹살,식료품 중 '정육'을 판매·제공하는 매장,train,정육,T3 개념확장,a1079bb0-9b98-4f5a-9d7b-32afa642b70e,토방,삼겹살,각화주공사거리 골목형상점가,골목형상점가,광주광역시,,,
c9147c5fec61c2709d5e,full_annotation_v1,A,q_정육_10,삼겹살,식료품 중 '정육'을 판매·제공하는 매장,train,정육,T3 개념확장,09762456-9385-4fcd-8d3c-172535f25798,무주신경외과,신경외과,무주반딧불상권활성화구역,상권활성화구역,전북특별자치도,,,
f55eab21e7aa8c05e416,full_annotation_v1,A,q_정육_10,삼겹살,식료품 중 '정육'을 판매·제공하는 매장,train,정육,T3 개념확장,003a1767-bcd6-410b-809e-d4b059ce50c6,홍성토종한우,,어울림 아차산 골목형상점가,골목형상점가,서울특별시,,,
0066db06b0f1e2a11c0f,full_annotation_v1,A,q_정육_10,삼겹살,식료품 중 '정육'을 판매·제공하는 매장,train,정육,T3 개념확장,672f1302-571d-4af3-8fcc-83ddd2caabbc,참고깃간,,명륜시실로 골목형상점가,골목형상점가,부산광역시,,,
7fa81dc62bbbd4bd8c24,full_annotation_v1,A,q_정육_10,삼겹살,식료품 중 '정육'을 판매·제공하는 매장,train,정육,T3 개념확장,3e6a2059-5bed-44e4-b9cc-a39468de8043,준이네 푸줏간,,연동시장,전통시장,부산광역시,,,
b7786c848ab3af19311b,full_annotation_v1,A,q_정육_10,삼겹살,식료품 중 '정육'을 판매·제공하는 매장,train,정육,T3 개념확장,00e45da9-1bb4-42fa-b0a8-63cdcea52143,수유중앙축산물백화점,정육,수유중앙시장,전통시장,서울특별시,,,
34dcfddc4f3962d6b30b,full_annotation_v1,A,q_정육_10,삼겹살,식료품 중 '정육'을 판매·제공하는 매장,train,정육,T3 개념확장,00027601-43e6-4d9a-a358-150cc014fe4c,닭장수후라이드,치킨,한솔동 5~6단지상점가,자율상권구역,세종특별자치시,,,
f1c9320752eab9bcec53,full_annotation_v1,A,q_정육_10,삼겹살,식료품 중 '정육'을 판매·제공하는 매장,train,정육,T3 개념확장,28753b89-41b5-46fc-99e4-fa7414b703b8,해운대 광순이네 고깃간,,좌동재래시장,전통시장,부산광역시,,,
4a512bded626a7a9a70e,full_annotation_v1,A,q_정육_10,삼겹살,식료품 중 '정육'을 판매·제공하는 매장,train,정육,T3 개념확장,564de640-694f-4797-af66-a5d1df9c489f,푸줏간,,김천평화시장,전통시장,경상북도,,,
d59eaf669b4e44b303ac,full_annotation_v1,A,q_정육_10,삼겹살,식료품 중 '정육'을 판매·제공하는 매장,train,정육,T3 개념확장,00e3332a-4796-482d-9660-702bcf084fb0,대흥축산,축산물,가락몰골목형상점가,골목형상점가,서울특별시,,,
daee7c737d8e7029c93b,full_annotation_v1,A,q_정육_10,삼겹살,식료품 중 '정육'을 판매·제공하는 매장,train,정육,T3 개념확장,5f3c01c4-39a1-421b-8692-197d321d2df4,동명돈,삼겹살,동명동 카페거리 골목형상점가,골목형상점가,광주광역시,,,
185330c1ef458847bafa,full_annotation_v1,A,q_정육_10,삼겹살,식료품 중 '정육'을 판매·제공하는 매장,train,정육,T3 개념확장,0da13043-10b3-412d-a4f3-cffc1143e630,성냥통,삼겹살,칠성로골목형상점가,골목형상점가,대구광역시,,,
42e447c44155665b6aa0,full_annotation_v1,A,q_정육_10,삼겹살,식료품 중 '정육'을 판매·제공하는 매장,train,정육,T3 개념확장,032b7c2d-89ad-4b7e-9563-c9c67c6381a9,명품한우,한우,신포동개항길골목형상점가,골목형상점가,인천광역시,,,
32a806f2814cdf9f207e,full_annotation_v1,A,q_정육_10,삼겹살,식료품 중 '정육'을 판매·제공하는 매장,train,정육,T3 개념확장,92601557-2f1e-4685-a75d-b76f984ee3e8,삼겹천왕,삼겹살,영월중앙시장,자율상권구역,강원특별자치도,,,
7827b7165587f3b7677e,full_annotation_v1,A,q_정육_10,삼겹살,식료품 중 '정육'을 판매·제공하는 매장,train,정육,T3 개념확장,00889968-cd4d-41f2-8c6f-39e3928858a7,행복한 정육점,고기,테크노밸리 골목형상점가,골목형상점가,대전광역시,,,
d41ad36274f4129e095a,full_annotation_v1,A,q_정육_10,삼겹살,식료품 중 '정육'을 판매·제공하는 매장,train,정육,T3 개념확장,719d7045-807a-4275-98b9-1667d0b893e9,한마음삼겹살,삼겹살,담양중앙 골목형상점가,골목형상점가,전라남도,,,
53e737115024dbfd5f47,full_annotation_v1,A,q_정육_10,삼겹살,식료품 중 '정육'을 판매·제공하는 매장,train,정육,T3 개념확장,ecff2512-ebbe-4dff-b268-5bbe3973217e,또삼,삼겹살,보람동 골목형상점가,골목형상점가,세종특별자치시,,,
cdbc3df5c3da7b3634a8,full_annotation_v1,A,q_정육_10,삼겹살,식료품 중 '정육'을 판매·제공하는 매장,train,정육,T3 개념확장,0287935d-6e8e-465e-930c-b5e8e06c38c4,탄방 고기돈,삼겹살,탄방새마을 골목형상점가,골목형상점가,대전광역시,,,
39524055bb0292a3333b,full_annotation_v1,A,q_정육_10,삼겹살,식료품 중 '정육'을 판매·제공하는 매장,train,정육,T3 개념확장,905774d4-8c2e-4298-92f1-4ee649b8b4fb,전라도이야기,삼겹살,북부서 맞은편 골목형상점가,골목형상점가,광주광역시,,,
5f81b69ee3c734d77474,full_annotation_v1,A,q_정육_10,삼겹살,식료품 중 '정육'을 판매·제공하는 매장,train,정육,T3 개념확장,0130dbd3-b9ea-43f4-98fd-26d8afd90b78,모래내시장순대,식당,전주모래내시장,전통시장,전북특별자치도,,,
e43009a41d9e0daae73f,full_annotation_v1,A,q_정육_10,삼겹살,식료품 중 '정육'을 판매·제공하는 매장,train,정육,T3 개념확장,84631de7-4a68-490b-ac08-531890f869dc,굽탄,삼겹살,소촌골 골목형상점가,골목형상점가,광주광역시,,,
ecf23f46cb92698be62a,full_annotation_v1,A,q_정육_10,삼겹살,식료품 중 '정육'을 판매·제공하는 매장,train,정육,T3 개념확장,7e9e3ef0-d703-4cb1-8b22-b05b9d00a038,굴뚝삼겹살,삼겹살,동부시장 미드랑길 골목형상점가,골목형상점가,서울특별시,,,
53131a1072859c2f0bd2,full_annotation_v1,A,q_정육_10,삼겹살,식료품 중 '정육'을 판매·제공하는 매장,train,정육,T3 개념확장,bd28646b-41d6-476d-801a-dbb9ab9353cc,골목집,삼겹살,전곡로데오거리 골목형상점가,골목형상점가,경기도,,,
eb5e3f1972f337f80f0c,full_annotation_v1,A,q_정육_10,삼겹살,식료품 중 '정육'을 판매·제공하는 매장,train,정육,T3 개념확장,0034b8e3-c78f-4e08-9a23-2414863de721,정육공방,소고기 돼지고기,구갈상점가,자율상권구역,경기도,,,
9df340c5da8e40de1735,full_annotation_v1,A,q_정육_10,삼겹살,식료품 중 '정육'을 판매·제공하는 매장,train,정육,T3 개념확장,005ea303-f9b7-4f3e-abcc-8460ca84ba44,은성축산물직판장,"도소매(축산물,식육판매)",남문시장,전통시장,서울특별시,,,
f381ec2eeab5b0de688c,full_annotation_v1,A,q_정육_10,삼겹살,식료품 중 '정육'을 판매·제공하는 매장,train,정육,T3 개념확장,dcf5ae1d-25ca-4afd-8262-d3be6e24997e,삼부자돌판골,삼겹살,선부광장로상점가,자율상권구역,경기도,,,
63dc57e00931e9aacde3,full_annotation_v1,A,q_정육_10,삼겹살,식료품 중 '정육'을 판매·제공하는 매장,train,정육,T3 개념확장,00f60c16-d8be-497f-80f2-aab3209a8d0e,포카포카,식당,전남여고후문 골목형상점가,골목형상점가,광주광역시,,,
38132b7e13fee2cfd54b,full_annotation_v1,A,q_정육_10,삼겹살,식료품 중 '정육'을 판매·제공하는 매장,train,정육,T3 개념확장,bca05d97-7167-4116-88fe-c4cabc67ba63,황제코다리 삼겹살,삼겹살,신설동들락거리,골목형상점가,서울특별시,,,
de8cbc423cf5e987bfdb,full_annotation_v1,A,q_정육_10,삼겹살,식료품 중 '정육'을 판매·제공하는 매장,train,정육,T3 개념확장,0d58d37d-c2ae-4084-b39f-fe4826be03de,솥뚜껑삼겹살,삼겹살,농성세대공감상인회 골목형상점가,골목형상점가,광주광역시,,,
dcd15ea2c432b1fe67c4,full_annotation_v1,A,q_정육_10,삼겹살,식료품 중 '정육'을 판매·제공하는 매장,train,정육,T3 개념확장,78496879-e904-447c-b529-fbd9742fef62,미나리 삼겹살 신,삼겹살,어은누리 골목형상점가,골목형상점가,대전광역시,,,
554eee9a19816df5f027,full_annotation_v1,A,q_정육_10,삼겹살,식료품 중 '정육'을 판매·제공하는 매장,train,정육,T3 개념확장,aee61c57-c673-442c-91d0-8d5963ee9931,스뎅식당,삼겹살,남사한숲 골목형상점가,골목형상점가,경기도,,,
f84fa77940b83cc9bcc3,full_annotation_v1,A,q_정육_10,삼겹살,식료품 중 '정육'을 판매·제공하는 매장,train,정육,T3 개념확장,256b9d9e-2e57-4ae5-96f0-9a9f5f846d52,우리동네 삼겹살,한식 삼겹살,인수로골목형상점가,골목형상점가,서울특별시,,,
15ae1299d5f02f47a035,full_annotation_v1,A,q_정육_10,삼겹살,식료품 중 '정육'을 판매·제공하는 매장,train,정육,T3 개념확장,dbd77d71-cb60-4113-bc75-737fa43ffc5b,맛집,삼겹살,자양번영로골목형상점가,골목형상점가,서울특별시,,,
24ab75662e691a3f6199,full_annotation_v1,A,q_정육_10,삼겹살,식료품 중 '정육'을 판매·제공하는 매장,train,정육,T3 개념확장,290c564d-bc7c-4629-91a5-c493d0ba3f6e,배할머니네 파절이 삼겹살,삼겹살,낙낙별길골목형상점가,골목형상점가,서울특별시,,,
97f2edd500d404ae65e5,full_annotation_v1,A,q_정육_10,삼겹살,식료품 중 '정육'을 판매·제공하는 매장,train,정육,T3 개념확장,1758f3c4-5b4d-420c-8d21-4c8fbbcdfe06,냉삼집,삼겹살,주문진종합시장,전통시장,강원특별자치도,,,
dd3bfa92c52e9bf0bb12,full_annotation_v1,A,q_정육_10,삼겹살,식료품 중 '정육'을 판매·제공하는 매장,train,정육,T3 개념확장,65070b92-0ca4-420c-8ac7-860cdcc1320a,한돈가,삼겹살,대전아이파크시티 골목형상점가,골목형상점가,대전광역시,,,
f601c695bd6dc23a3b9c,full_annotation_v1,A,q_정육_10,삼겹살,식료품 중 '정육'을 판매·제공하는 매장,train,정육,T3 개념확장,c530c3b9-4278-4699-b577-d7e1dd93ea5a,영이네,삼겹살,무극시장,전통시장,충청북도,,,
268d0b6853870b0b5da8,full_annotation_v1,A,q_정육_10,삼겹살,식료품 중 '정육'을 판매·제공하는 매장,train,정육,T3 개념확장,01b7e8c6-feb8-4cff-a63e-2376ae18dd41,원조생굴뚝배기,국밥,고령대가야시장,전통시장,경상북도,,,
b68703cb533cd93a4efb,full_annotation_v1,A,q_정육_10,삼겹살,식료품 중 '정육'을 판매·제공하는 매장,train,정육,T3 개념확장,41d11001-9d7b-4965-9bae-0af94922cf12,철이네고깃간(중흥점),,유동 경열로 골목형상점가,골목형상점가,광주광역시,,,
dd85756423986a1d8aac,full_annotation_v1,A,q_정육_10,삼겹살,식료품 중 '정육'을 판매·제공하는 매장,train,정육,T3 개념확장,0091c18f-a074-4703-9af5-05c6495e38af,이지비야,고기,아름다운삼정로 골목형상점가,골목형상점가,광주광역시,,,
3e82c10b2de0ff4df481,full_annotation_v1,A,q_정육_10,삼겹살,식료품 중 '정육'을 판매·제공하는 매장,train,정육,T3 개념확장,01286ec0-50e0-4540-b678-ec706fb3bcbb,설곰식당,식당,산업용재관,전통시장,대구광역시,,,
b5fbfea7370c3b236a44,full_annotation_v1,A,q_정육_10,삼겹살,식료품 중 '정육'을 판매·제공하는 매장,train,정육,T3 개념확장,814686b3-c517-41bd-962c-8d41589f49b2,미녀삼겹살,삼겹살,청학동골목형상점가,골목형상점가,인천광역시,,,
cf4c5a183dc6d2b00a62,full_annotation_v1,A,q_정육_10,삼겹살,식료품 중 '정육'을 판매·제공하는 매장,train,정육,T3 개념확장,003e9326-9010-4e27-b844-c62b81ad2df8,다이소 광주 호남대점,소매,선운별 골목형상점가,골목형상점가,광주광역시,,,
90c252e6399765839a70,full_annotation_v1,A,q_정육_10,삼겹살,식료품 중 '정육'을 판매·제공하는 매장,train,정육,T3 개념확장,1eac996d-e112-4ccb-a3a7-33bf80652d60,해뜨는약국,,동천세븐로데오 골목형상점가,골목형상점가,대구광역시,,,
395da5f2922bd06ba684,full_annotation_v1,A,q_정육_10,삼겹살,식료품 중 '정육'을 판매·제공하는 매장,train,정육,T3 개념확장,004764d4-5ad9-4f22-81bb-48eac27e9e4b,60계치킨 야탑점,치킨,야탑 골목형상점가,골목형상점가,경기도,,,
513bf45a5fa1f0d72a25,full_annotation_v1,A,q_정육_10,삼겹살,식료품 중 '정육'을 판매·제공하는 매장,train,정육,T3 개념확장,00265ad2-bd74-4057-b201-f6a798a8a4c9,칠분통닭오치점,치킨,오치2동 골목형상점가,골목형상점가,광주광역시,,,
e9eabddff8df59824c18,full_annotation_v1,A,q_정육_10,삼겹살,식료품 중 '정육'을 판매·제공하는 매장,train,정육,T3 개념확장,986e5e34-4979-441d-9676-a85d71ca4b0d,돌마루,삼겹살,운남동우체국 골목형상점가,골목형상점가,광주광역시,,,
3258267070c569879475,full_annotation_v1,A,q_정육_10,삼겹살,식료품 중 '정육'을 판매·제공하는 매장,train,정육,T3 개념확장,a822d287-cc96-407a-9d1d-595f5d461a5f,쎈밤,삼겹살,고성동벚꽃 골목형상점가,골목형상점가,대구광역시,,,
30494b9c8c7ecfd8f4f4,full_annotation_v1,A,q_정육_10,삼겹살,식료품 중 '정육'을 판매·제공하는 매장,train,정육,T3 개념확장,404bbf1e-40e8-46f5-b818-6aba5d6d9f61,화장품탑마트,화장품잡화,범천중앙시장,전통시장,부산광역시,,,
8a6463bb72069541acd9,full_annotation_v1,A,q_정육_10,삼겹살,식료품 중 '정육'을 판매·제공하는 매장,train,정육,T3 개념확장,7116c038-46db-4bc0-8204-152dc718cecd,엔초삼겹살,삼겹살,정훈한마음골목시장,골목형상점가,서울특별시,,,
3f813d06e27a2e702cf9,full_annotation_v1,A,q_정육_10,삼겹살,식료품 중 '정육'을 판매·제공하는 매장,train,정육,T3 개념확장,02f9037a-c117-4db4-9d2b-9b78182978f4,반월닭강정치킨,,보령한내시장,전통시장,충청남도,,,
21b502e9a4441a1aefb5,full_annotation_v1,A,q_정육_10,삼겹살,식료품 중 '정육'을 판매·제공하는 매장,train,정육,T3 개념확장,10a861e2-8717-40d5-8bab-79fd68d83a8e,라온,옷,풍암SK.광명상가상인회 골목형상점가,골목형상점가,광주광역시,,,
0301152372fac7ec77fc,full_annotation_v1,A,q_정육_10,삼겹살,식료품 중 '정육'을 판매·제공하는 매장,train,정육,T3 개념확장,13acac08-ef6b-4adf-aac4-75ee658f5799,게콘시대,삼겹살,계산시장,전통시장,인천광역시,,,
0697ee51d6bb6a24ac79,full_annotation_v1,A,q_정육_10,삼겹살,식료품 중 '정육'을 판매·제공하는 매장,train,정육,T3 개념확장,039c05c3-9a49-40ec-86ca-28415ca76d25,미쁘다담양식돼지갈비,갈비,용봉지구 골목형상점가,골목형상점가,광주광역시,,,
55e8101e7af06191ca96,full_annotation_v1,A,q_정육_10,삼겹살,식료품 중 '정육'을 판매·제공하는 매장,train,정육,T3 개념확장,4fc4ce77-2c57-4f92-8bf7-1e5984e1478e,이모네 삼겹살,,청주대중앙로골목형상점가,골목형상점가,충청북도,,,
bf5aec50472251d58357,full_annotation_v1,A,q_정육_10,삼겹살,식료품 중 '정육'을 판매·제공하는 매장,train,정육,T3 개념확장,1300763b-448a-4da8-8fdf-cf9bdb382d82,두드림,삼겹살,세종마을음식문화거리,자율상권구역,서울특별시,,,
42627717c63113c0a82e,full_annotation_v1,A,q_정육_10,삼겹살,식료품 중 '정육'을 판매·제공하는 매장,train,정육,T3 개념확장,000d4d47-3a3f-4a73-9fce-cd3802a5ebb3,은여우두마리치킨,치킨,봉곡우전로 골목형상점가,골목형상점가,전북특별자치도,,,
867b365c9990f7998d4a,full_annotation_v1,A,q_정육_10,삼겹살,식료품 중 '정육'을 판매·제공하는 매장,train,정육,T3 개념확장,00652de3-165f-4988-9616-0ff0250e851d,합천식육점,,관문상가시장,전통시장,대구광역시,,,
0ac2a705b96604a375f6,full_annotation_v1,A,q_정육_10,삼겹살,식료품 중 '정육'을 판매·제공하는 매장,train,정육,T3 개념확장,0a396aa0-a7c8-4566-af13-26f02785aa14,본 삼겹살,삼겹살,진잠 골목형상점가,골목형상점가,대전광역시,,,
c702327edcc65eb143b2,full_annotation_v1,A,q_정육_10,삼겹살,식료품 중 '정육'을 판매·제공하는 매장,train,정육,T3 개념확장,cdcb5bf2-0452-4711-864d-7fc499c08537,도싯골,삼겹살,선운 골목형상점가,골목형상점가,광주광역시,,,
fb8b775eb2151793e6b4,full_annotation_v1,A,q_정육_10,삼겹살,식료품 중 '정육'을 판매·제공하는 매장,train,정육,T3 개념확장,3a5541a0-6106-4564-8f32-c1fe22488bc8,세영회관,삼겹살,웃장,전통시장,전라남도,,,
ba451235222efc1775d4,full_annotation_v1,A,q_정육_10,삼겹살,식료품 중 '정육'을 판매·제공하는 매장,train,정육,T3 개념확장,a29ac25d-d6a8-4a1b-bdaa-45a2222c6f5f,오늘도정선집,,흥해시장,전통시장,경상북도,,,
2261bbcafc1917383fc5,full_annotation_v1,A,q_정육_10,삼겹살,식료품 중 '정육'을 판매·제공하는 매장,train,정육,T3 개념확장,7d41443b-d2a5-4aae-ade2-4b6cc5add3b3,구공숙성돼지,삼겹살,루원음식문화거리,골목형상점가,인천광역시,,,
ae491e88f16e4762b28a,full_annotation_v1,A,q_정육_10,삼겹살,식료품 중 '정육'을 판매·제공하는 매장,train,정육,T3 개념확장,02235e2b-ba17-4b33-aacc-c1d96790e83e,바다담은구이,식당,정릉시장,전통시장,서울특별시,,,
42b80e50a5810e462ed3,full_annotation_v1,A,q_정육_10,삼겹살,식료품 중 '정육'을 판매·제공하는 매장,train,정육,T3 개념확장,5481d798-ce78-4e3d-82ce-f9681348f70e,냉삼집,삼겹살,단국대 앞 골목형상점가,골목형상점가,경기도,,,
d9d3e6ac0baaca8069dc,full_annotation_v1,A,q_정육_10,삼겹살,식료품 중 '정육'을 판매·제공하는 매장,train,정육,T3 개념확장,dd07c75d-425f-4ecb-a435-bd9a8d81a998,따봉,삼겹살,상암마을상인회 골목형상점가,골목형상점가,광주광역시,,,
18d0a738b5ac9f3fffb7,full_annotation_v1,A,q_정육_10,삼겹살,식료품 중 '정육'을 판매·제공하는 매장,train,정육,T3 개념확장,03f541e1-2781-4bd2-91a9-65b9196d82b4,또래오래치킨&참닭,삼겹살,노대물빛근린공원 골목형상점가,골목형상점가,광주광역시,,,
7d60e360473b67111df4,full_annotation_v1,A,q_정육_10,삼겹살,식료품 중 '정육'을 판매·제공하는 매장,train,정육,T3 개념확장,b798f43d-4c40-4e07-9f16-7823e512275e,탄광촌,삼겹살,고암 골목형상점가,골목형상점가,충청북도,,,
6348bd97054a594563d6,full_annotation_v1,A,q_정육_10,삼겹살,식료품 중 '정육'을 판매·제공하는 매장,train,정육,T3 개념확장,85610bfb-05de-48cc-ac41-aa42fa3c2f2e,뒷고기집,삼겹살,시청역상가번영회 골목형상점가,골목형상점가,광주광역시,,,
b291979a6b6ff85373fd,full_annotation_v1,A,q_정육_10,삼겹살,식료품 중 '정육'을 판매·제공하는 매장,train,정육,T3 개념확장,164b896b-4f60-4d24-8269-f51b76a6c4b9,김서방닭발,한식음식,후평3동 행복마을 골목형상점가,골목형상점가,강원특별자치도,,,
8b7e1fe49394e4e7b29e,full_annotation_v1,A,q_정육_10,삼겹살,식료품 중 '정육'을 판매·제공하는 매장,train,정육,T3 개념확장,004961cf-a775-4bcc-87a9-067c385bb9e7,삼미식육,식육,구포축산물도매시장,전통시장,부산광역시,,,
17a7742a78b1183e6a1e,full_annotation_v1,A,q_정육_10,삼겹살,식료품 중 '정육'을 판매·제공하는 매장,train,정육,T3 개념확장,76152388-804f-4abe-bc35-1d020f230810,돈대가꽃삼겹살,삼겹살,둔산3동상점가,자율상권구역,대전광역시,,,
0d3c229cda374e15b980,full_annotation_v1,A,q_정육_10,삼겹살,식료품 중 '정육'을 판매·제공하는 매장,train,정육,T3 개념확장,023a95f4-f5cb-4b2e-b978-690c41d48d54,대송회센타,식당,대송시장,전통시장,울산광역시,,,
a45d8a53c086bc3512fe,full_annotation_v1,A,q_정육_10,삼겹살,식료품 중 '정육'을 판매·제공하는 매장,train,정육,T3 개념확장,9eb430f9-5d44-4071-9936-66f97788e57f,아저씨,삼겹살,궁동 골목형상점가,골목형상점가,대전광역시,,,
bf0c7f98546ef9977427,full_annotation_v1,A,q_정육_10,삼겹살,식료품 중 '정육'을 판매·제공하는 매장,train,정육,T3 개념확장,cf7d9143-715c-4ddf-a72b-ab90b19dd0ce,꿀돼지돌판구이,삼겹살,안녕마을골목형상점가,골목형상점가,대전광역시,,,
4cf98fe50c9bc07be76a,full_annotation_v1,A,q_정육_10,삼겹살,식료품 중 '정육'을 판매·제공하는 매장,train,정육,T3 개념확장,2538e343-dfd5-475d-911b-489c58742748,신개념 푸줏간,,새천년 골목형상점가,골목형상점가,경기도,,,
0477a0009ce6ac0c9b3b,full_annotation_v1,A,q_정육_10,삼겹살,식료품 중 '정육'을 판매·제공하는 매장,train,정육,T3 개념확장,b5aa0dba-21e5-4d54-baa6-fe8a1edf5603,김첨지,삼겹살,성동용답상가시장,전통시장,서울특별시,,,
5ee0ee6cd24f56be718e,full_annotation_v1,A,q_정육_10,삼겹살,식료품 중 '정육'을 판매·제공하는 매장,train,정육,T3 개념확장,98b18569-59f5-4014-9e16-6ee377e3d6cd,솥뚜껑 삼겹살,삼겹살,연신내골목형상점가,골목형상점가,서울특별시,,,
89c65952797bf03b5053,full_annotation_v1,A,q_정육_10,삼겹살,식료품 중 '정육'을 판매·제공하는 매장,train,정육,T3 개념확장,000bc123-8986-4a63-bd89-6076138ae351,왕장상회,치킨,자양전통시장,전통시장,서울특별시,,,
bab576ddd19b5c8fbd14,full_annotation_v1,A,q_정육_10,삼겹살,식료품 중 '정육'을 판매·제공하는 매장,train,정육,T3 개념확장,521e3eeb-149f-4a01-96f9-58ab5acb013e,목구멍,삼겹살,BOCA 보카상점가,골목형상점가,경기도,,,
26095588db74bfb1f594,full_annotation_v1,A,q_정육_10,삼겹살,식료품 중 '정육'을 판매·제공하는 매장,train,정육,T3 개념확장,f101379d-0ec0-47a6-9f8d-fb13791b2504,주영이네,삼겹살,말바우시장,전통시장,광주광역시,,,
8d777952aaf58396a0b2,full_annotation_v1,A,q_정육_10,삼겹살,식료품 중 '정육'을 판매·제공하는 매장,train,정육,T3 개념확장,acb5a877-1068-4171-b247-6af85f9383f4,숭이네,삼겹살,나주 대호동 골목형상점가,골목형상점가,전라남도,,,
3d7c79f22a3c99ce724d,full_annotation_v1,A,q_정육_10,삼겹살,식료품 중 '정육'을 판매·제공하는 매장,train,정육,T3 개념확장,b5761669-7f4c-4aaf-a17c-ae39ee46edf2,삼겹천지,삼겹살,염주먹자골목A구역상인회 골목형상점가,골목형상점가,광주광역시,,,
5a6e87674c7727da4be3,full_annotation_v1,A,q_정육_10,삼겹살,식료품 중 '정육'을 판매·제공하는 매장,train,정육,T3 개념확장,50142df8-c2db-4ad4-9dd8-517afdf5abfb,후발대대흥점,삼겹살,문화예술의거리 대흥동 상점가,자율상권구역,대전광역시,,,
77fdaa757cabf6f1ecde,full_annotation_v1,A,q_정육_10,삼겹살,식료품 중 '정육'을 판매·제공하는 매장,train,정육,T3 개념확장,cf031ade-da7d-4053-b233-cd9ea7fabd32,황금식당,삼겹살,솔내로 골목형상점가,골목형상점가,전북특별자치도,,,
b807be71b9c0e6bdf802,full_annotation_v1,A,q_정육_10,삼겹살,식료품 중 '정육'을 판매·제공하는 매장,train,정육,T3 개념확장,637c15ed-b278-48cd-a4f6-5b2270e8faee,삼익헤어뱅크,미용,화산로31번길 골목형상점가,골목형상점가,광주광역시,,,
378fe8eca3cdac1bd606,full_annotation_v1,A,q_정육_10,삼겹살,식료품 중 '정육'을 판매·제공하는 매장,train,정육,T3 개념확장,08777cc9-8169-442a-8644-5f06901f883a,특급돼지,삼겹살,배방상점가,자율상권구역,충청남도,,,
b35698181f53208bf1b3,full_annotation_v1,A,q_정육_10,삼겹살,식료품 중 '정육'을 판매·제공하는 매장,train,정육,T3 개념확장,0eb550a4-9d2d-4308-bc82-67d94b37a1ca,영심이솥뚜껑삼겹살,삼겹살,흑석동 골목형상점가,골목형상점가,광주광역시,,,
e6da307e37ef179d9f13,full_annotation_v1,A,q_정육_10,삼겹살,식료품 중 '정육'을 판매·제공하는 매장,train,정육,T3 개념확장,510817bd-22a3-44c5-96f5-7ab8fb2ed0c6,왕솥뚜껑,삼겹살,대소시장,전통시장,충청북도,,,
62a18adf82257c6f05b2,full_annotation_v1,A,q_정육_10,삼겹살,식료품 중 '정육'을 판매·제공하는 매장,train,정육,T3 개념확장,d9b177de-1be9-4ad1-8502-2389a8177688,신으뜸삼겹살,삼겹살,운리공원상인회 골목형상점가,골목형상점가,광주광역시,,,
737cbaf1b4e62573a1b5,full_annotation_v1,A,q_정육_10,삼겹살,식료품 중 '정육'을 판매·제공하는 매장,train,정육,T3 개념확장,0598b6c8-c45e-444c-9b34-ff024b885ee8,서울갈비,갈비,행복상점가,자율상권구역,경상북도,,,
f6fb5d9c47ecf434da7f,full_annotation_v1,A,q_정육_10,삼겹살,식료품 중 '정육'을 판매·제공하는 매장,train,정육,T3 개념확장,60e6a137-3450-48e5-8894-a1aabdf9c36b,봉선대패삼겹살,삼겹살,봉선시장,전통시장,광주광역시,,,
a4206c24fe68d3123ed2,full_annotation_v1,A,q_정육_10,삼겹살,식료품 중 '정육'을 판매·제공하는 매장,train,정육,T3 개념확장,de6759c1-0992-46da-ba10-ac7f56ec4fbd,복돼지돌판삼겹살,삼겹살,포남용마거리골목형상점가,골목형상점가,강원특별자치도,,,
2dad54b803915a370a40,full_annotation_v1,A,q_정육_10,삼겹살,식료품 중 '정육'을 판매·제공하는 매장,train,정육,T3 개념확장,001dda38-7874-4460-b3b0-a5717b6c36d7,오송 곱창,"한우곱창, 한우막창, 한우모듬, 한우대창, 한우염통",오송1산단오스코로골목형상점가,골목형상점가,충청북도,,,
74a16780477ea41a8538,full_annotation_v1,A,q_정육_10,삼겹살,식료품 중 '정육'을 판매·제공하는 매장,train,정육,T3 개념확장,53600e94-1995-44e5-80db-12b8dfbd7448,손박사삼겹살,삼겹살,뚝섬역상점가(서울숲상원길상점가),자율상권구역,서울특별시,,,
ef75d15bdec362663879,full_annotation_v1,A,q_정육_10,삼겹살,식료품 중 '정육'을 판매·제공하는 매장,train,정육,T3 개념확장,aa72a77b-9a1d-461e-a451-2978cb9a64fa,동해식당,삼겹살,옥계OK골목형상점가,골목형상점가,강원특별자치도,,,
6f0b13424ae9f26b6d0a,full_annotation_v1,A,q_정육_10,삼겹살,식료품 중 '정육'을 판매·제공하는 매장,train,정육,T3 개념확장,8b54ffd0-c165-47a4-93f6-1d02749c7941,돈드림,삼겹살,포남용마거리골목형상점가,골목형상점가,강원특별자치도,,,
c0f4527f62da377f9c9d,full_annotation_v1,A,q_정육_10,삼겹살,식료품 중 '정육'을 판매·제공하는 매장,train,정육,T3 개념확장,e514db8c-eb96-475b-923c-6ab69a35ceed,육틈,삼겹살,방학단길골목형상점가,골목형상점가,서울특별시,,,
b5e95c53c7489ae26a61,full_annotation_v1,A,q_정육_10,삼겹살,식료품 중 '정육'을 판매·제공하는 매장,train,정육,T3 개념확장,407514ef-a9f7-4487-806a-dce548eb1375,관당집표선점,삼겹살,표선사거리상점가(골목형상점가),골목형상점가,제주특별자치도,,,
eaacdbe3ef0f6c31575e,full_annotation_v1,A,q_정육_10,삼겹살,식료품 중 '정육'을 판매·제공하는 매장,train,정육,T3 개념확장,0aad5389-cfad-4466-9fe1-d8a04dd60414,시골집숯불갈비,갈비,두암2동광신맨션주변 골목형상점가,골목형상점가,광주광역시,,,
80331e2467d53079a8d3,full_annotation_v1,A,q_정육_10,삼겹살,식료품 중 '정육'을 판매·제공하는 매장,train,정육,T3 개념확장,438a944c-b965-4360-9ba2-2979b4af7627,돈이조아 삼겹살,삼겹살,안양1번가 상점가,자율상권구역,경기도,,,
8b5d127e1fd751f90c42,full_annotation_v1,A,q_정육_10,삼겹살,식료품 중 '정육'을 판매·제공하는 매장,train,정육,T3 개념확장,393509a8-d069-4bd4-b37d-19fe4ff39d70,가평집,삼겹살,공주산성시장,전통시장,충청남도,,,
8bd174022e8839f308a9,full_annotation_v1,A,q_정육_10,삼겹살,식료품 중 '정육'을 판매·제공하는 매장,train,정육,T3 개념확장,008615e0-6a3d-45a3-b0ce-af168ae6e16e,행담정육점,소고기 돼지고기 정육,대곡시장,전통시장,대구광역시,,,
206fff4caf8e3864fed4,full_annotation_v1,A,q_정육_10,삼겹살,식료품 중 '정육'을 판매·제공하는 매장,train,정육,T3 개념확장,154a2755-366b-440a-b27b-addc2f43e84c,네일은 눈붓시게,네일,덕천삼정그린코아상가 골목형상점가,골목형상점가,부산광역시,,,
ca59f8b51cff7eb92964,full_annotation_v1,A,q_정육_10,삼겹살,식료품 중 '정육'을 판매·제공하는 매장,train,정육,T3 개념확장,06abbf84-d2b7-459a-afcd-d16a303d5f5c,돈소리,삼겹살,둔전골목형상점가,골목형상점가,경기도,,,
3cd33cda6c7801137fc9,full_annotation_v1,A,q_정육_10,삼겹살,식료품 중 '정육'을 판매·제공하는 매장,train,정육,T3 개념확장,ef6e9c1f-61b7-4a35-91f7-4b0cd5515e29,홍콩삼겹살,삼겹살,송촌동상점가,자율상권구역,대전광역시,,,
6c317cf02dc2398972c6,full_annotation_v1,A,q_정육_10,삼겹살,식료품 중 '정육'을 판매·제공하는 매장,train,정육,T3 개념확장,0363b125-0829-46ae-b0be-f23ada850390,정성육회울산송정점,한우뭉티기&한우육회,송정청춘 골목형상점가,골목형상점가,울산광역시,,,
c542355da4703c71f041,full_annotation_v1,A,q_정육_10,삼겹살,식료품 중 '정육'을 판매·제공하는 매장,train,정육,T3 개념확장,650dc0c1-b6f5-42ac-8afd-c20f03844011,뚜삼,삼겹살,갈매애비뉴 골목형상점가,골목형상점가,경기도,,,
8886fb00944db2884f43,full_annotation_v1,A,q_정육_10,삼겹살,식료품 중 '정육'을 판매·제공하는 매장,train,정육,T3 개념확장,660f1f3a-a992-46c3-9162-ca999c10290f,맛과향,삼겹살,치평동아파트연합상인회 골목형상점가,골목형상점가,광주광역시,,,
fe4a046fd475d5f20f3c,full_annotation_v1,A,q_정육_10,삼겹살,식료품 중 '정육'을 판매·제공하는 매장,train,정육,T3 개념확장,01c857cd-3f28-4d83-8fa4-e0abcfb44fbd,수연국밥,국밥,두암사거리 골목형상점가,골목형상점가,광주광역시,,,
a69b37b4db036bd17e55,full_annotation_v1,A,q_정육_10,삼겹살,식료품 중 '정육'을 판매·제공하는 매장,train,정육,T3 개념확장,a40637bb-8e15-42b9-b21f-35c7093f960b,신남양지업사,카페트,진부전통시장,전통시장,강원특별자치도,,,
da240a712203281f5860,full_annotation_v1,A,q_정육_10,삼겹살,식료품 중 '정육'을 판매·제공하는 매장,train,정육,T3 개념확장,4e7ab225-e785-47de-92b6-e6d89f64c8f6,대원삼겹살,삼겹살,송촌동상점가,자율상권구역,대전광역시,,,
c9f192da06c4fcd686d4,full_annotation_v1,A,q_정육_10,삼겹살,식료품 중 '정육'을 판매·제공하는 매장,train,정육,T3 개념확장,003d2015-a21c-44e2-9d66-c6f97ba3c296,집중호우,한우,하단자율상권구역,기타,부산광역시,,,
fa0b34d7e03a10098c38,full_annotation_v1,A,q_정육_10,삼겹살,식료품 중 '정육'을 판매·제공하는 매장,train,정육,T3 개념확장,961ba2cb-0c3f-4df8-829d-49db8cb4de70,랭삼1992,삼겹살,파랑새원룸상인회 골목형상점가,골목형상점가,광주광역시,,,
386d2bb95bfecd46fa18,full_annotation_v1,A,q_정육_10,삼겹살,식료품 중 '정육'을 판매·제공하는 매장,train,정육,T3 개념확장,0b1d8447-88e5-4681-a91b-dfacf11955d8,양화정,갈비,합정동먹자골목골목형상점가,골목형상점가,서울특별시,,,
45d4f036191c6f1e977a,full_annotation_v1,A,q_정육_10,삼겹살,식료품 중 '정육'을 판매·제공하는 매장,train,정육,T3 개념확장,33898f50-4e39-4726-8b4a-f86b422d4e0f,행복한 삼겹살,삼겹살,엄상마을상점가,골목형상점가,경기도,,,
2425993867ee12efc069,full_annotation_v1,A,q_정육_10,삼겹살,식료품 중 '정육'을 판매·제공하는 매장,train,정육,T3 개념확장,6feb66aa-8e73-4051-8df2-8c696437906f,돈되는삼겹살,삼겹살,산곡1번가 골목형상점가,골목형상점가,인천광역시,,,
50c548a8f0282cfe2d8f,full_annotation_v1,A,q_정육_10,삼겹살,식료품 중 '정육'을 판매·제공하는 매장,train,정육,T3 개념확장,6ab39ba5-833d-4ab1-8f89-619aea27a938,옛곰탕집,음식(한식),수유재래시장,전통시장,서울특별시,,,
c23586984dd5f7e857e9,full_annotation_v1,A,q_정육_10,삼겹살,식료품 중 '정육'을 판매·제공하는 매장,train,정육,T3 개념확장,0031b1fc-4212-4c47-9dad-a8fa10d8bf85,㈜금원유통,축산물,마장축산물시장,전통시장,서울특별시,,,
d8490f97fb88288b8b26,full_annotation_v1,A,q_정육_10,삼겹살,식료품 중 '정육'을 판매·제공하는 매장,train,정육,T3 개념확장,c84b5e66-0b48-42c4-ad28-2960f8f224f7,모아 아동심리상담센터,심리상담,(예천)새움로 골목형상점가,골목형상점가,경상북도,,,
61ff92390b05ebfe2ca4,full_annotation_v1,A,q_정육_10,삼겹살,식료품 중 '정육'을 판매·제공하는 매장,train,정육,T3 개념확장,66572b22-d878-40ee-ab9b-e1af51fca07e,싹쓰리 솥뚜껑 삼겹살,삼겹살,중계동 시영B상가,자율상권구역,서울특별시,,,
21df2d5af86822bec021,full_annotation_v1,A,q_정육_10,삼겹살,식료품 중 '정육'을 판매·제공하는 매장,train,정육,T3 개념확장,0008f8f4-4c6e-4c4a-ad64-76aaea3d2d18,대성정육점,정육,평택국제중앙시장,전통시장,경기도,,,
602b870461fb9b8f8c10,full_annotation_v1,A,q_정육_10,삼겹살,식료품 중 '정육'을 판매·제공하는 매장,train,정육,T3 개념확장,cb7a5f46-908e-4b73-99d8-0b5b58daeaba,복돼지,삼겹살,월산상가 골목형 상점가,골목형상점가,충청남도,,,
7c9221937ab68e3c5a68,full_annotation_v1,A,q_정육_10,삼겹살,식료품 중 '정육'을 판매·제공하는 매장,train,정육,T3 개념확장,8ae4c510-c7b6-42d5-a069-152728122a71,두정맛찬들왕소금구이,삼겹살,두정동상점가,자율상권구역,충청남도,,,
e10b608bf934819fc39a,full_annotation_v1,A,q_정육_10,삼겹살,식료품 중 '정육'을 판매·제공하는 매장,train,정육,T3 개념확장,b9a2de64-b18e-427b-a329-e041df11649d,고깃집,삼겹살,읍내리 원도심 골목형상점가,골목형상점가,전라남도,,,
338d5050870ddb55bcc2,full_annotation_v1,A,q_정육_10,삼겹살,식료품 중 '정육'을 판매·제공하는 매장,train,정육,T3 개념확장,083d3d40-c91f-48ae-a0b4-faa1a8c60a36,엔돌핀삼겹살전문점,삼겹살,성서와룡시장,전통시장,대구광역시,,,
8b6f53e9ca83efcb4d87,full_annotation_v1,A,q_정육_11,축산물 도매,식료품 중 '정육'을 판매·제공하는 매장,train,정육,T3 개념확장,07484573-ae2a-4cbd-8509-39b144c330ef,나무,도매(의류),신평화패션타운,전통시장,서울특별시,,,
7680ec492b295b4e7e98,full_annotation_v1,A,q_정육_11,축산물 도매,식료품 중 '정육'을 판매·제공하는 매장,train,정육,T3 개념확장,df0f45b6-e437-4c59-b6a0-046bbee50c8a,희망축산,축산물,마장축산물시장,전통시장,서울특별시,,,
f2b71c49dd3c7bef43b4,full_annotation_v1,A,q_정육_11,축산물 도매,식료품 중 '정육'을 판매·제공하는 매장,train,정육,T3 개념확장,775e2876-6ef0-472a-b137-45e9dd95325c,축산물 도.소매,축산물,풍동2 골목형상점가,골목형상점가,경기도,,,
a4408125e1173b5822c6,full_annotation_v1,A,q_정육_11,축산물 도매,식료품 중 '정육'을 판매·제공하는 매장,train,정육,T3 개념확장,f3b439f7-46ce-4f01-8623-c81a62013173,참괜찮소,축산물,통인시장,전통시장,서울특별시,,,
d075eee1eca5639d2910,full_annotation_v1,A,q_정육_11,축산물 도매,식료품 중 '정육'을 판매·제공하는 매장,train,정육,T3 개념확장,000bc123-8986-4a63-bd89-6076138ae351,왕장상회,치킨,자양전통시장,전통시장,서울특별시,,,
89c19386f102f0bc4b99,full_annotation_v1,A,q_정육_11,축산물 도매,식료품 중 '정육'을 판매·제공하는 매장,train,정육,T3 개념확장,00f60c16-d8be-497f-80f2-aab3209a8d0e,포카포카,식당,전남여고후문 골목형상점가,골목형상점가,광주광역시,,,
749456da78695e2bfb62,full_annotation_v1,A,q_정육_11,축산물 도매,식료품 중 '정육'을 판매·제공하는 매장,train,정육,T3 개념확장,c862e961-253b-46e3-b9bb-a748ae15b314,청춘축산,축산물,신정상가시장,전통시장,울산광역시,,,
f8f2f24fc2060ada747a,full_annotation_v1,A,q_정육_11,축산물 도매,식료품 중 '정육'을 판매·제공하는 매장,train,정육,T3 개념확장,01e3bdc3-fa69-409b-9f56-9ab1b44ede16,바우닭강정,닭강정,자양전통시장,전통시장,서울특별시,,,
151a116cd375051c79e9,full_annotation_v1,A,q_정육_11,축산물 도매,식료품 중 '정육'을 판매·제공하는 매장,train,정육,T3 개념확장,4f9a6a9f-8b63-4f61-8f54-83c9a4c819df,센스,도매(의류),신평화패션타운,전통시장,서울특별시,,,
e3bc962e38749cadb2a4,full_annotation_v1,A,q_정육_11,축산물 도매,식료품 중 '정육'을 판매·제공하는 매장,train,정육,T3 개념확장,02cebcf5-9e57-4988-adb9-85afcb577ccd,백미옥,국밥,한마음,골목형상점가,광주광역시,,,
6d4283e72af7464531fd,full_annotation_v1,A,q_정육_11,축산물 도매,식료품 중 '정육'을 판매·제공하는 매장,train,정육,T3 개념확장,1aea7187-7519-4571-866e-cadad62c13cb,대산,축산물,마장축산물시장,전통시장,서울특별시,,,
e6c37dc00203ae310450,full_annotation_v1,A,q_정육_11,축산물 도매,식료품 중 '정육'을 판매·제공하는 매장,train,정육,T3 개념확장,0034b8e3-c78f-4e08-9a23-2414863de721,정육공방,소고기 돼지고기,구갈상점가,자율상권구역,경기도,,,
fa07c77eb77c225ee7d9,full_annotation_v1,A,q_정육_11,축산물 도매,식료품 중 '정육'을 판매·제공하는 매장,train,정육,T3 개념확장,fc8b94ec-c28a-4ea3-85e7-0ea1889243c9,날개패션,도매(의류),평화시장,전통시장,서울특별시,,,
456137e28c485e54440e,full_annotation_v1,A,q_정육_11,축산물 도매,식료품 중 '정육'을 판매·제공하는 매장,train,정육,T3 개념확장,005ea303-f9b7-4f3e-abcc-8460ca84ba44,은성축산물직판장,"도소매(축산물,식육판매)",남문시장,전통시장,서울특별시,,,
984a458884181f31b58e,full_annotation_v1,A,q_정육_11,축산물 도매,식료품 중 '정육'을 판매·제공하는 매장,train,정육,T3 개념확장,6a59033f-b61b-4e84-bc21-ae33e39a8e64,엠케이매점커피,커피외잡화,소래포구전통어시장,전통시장,인천광역시,,,
3742008d9906aa60e482,full_annotation_v1,A,q_정육_11,축산물 도매,식료품 중 '정육'을 판매·제공하는 매장,train,정육,T3 개념확장,039c05c3-9a49-40ec-86ca-28415ca76d25,미쁘다담양식돼지갈비,갈비,용봉지구 골목형상점가,골목형상점가,광주광역시,,,
406c0e6d292931940955,full_annotation_v1,A,q_정육_11,축산물 도매,식료품 중 '정육'을 판매·제공하는 매장,train,정육,T3 개념확장,0aad5389-cfad-4466-9fe1-d8a04dd60414,시골집숯불갈비,갈비,두암2동광신맨션주변 골목형상점가,골목형상점가,광주광역시,,,
f36eb36adb8a687060eb,full_annotation_v1,A,q_정육_11,축산물 도매,식료품 중 '정육'을 판매·제공하는 매장,train,정육,T3 개념확장,01286ec0-50e0-4540-b678-ec706fb3bcbb,설곰식당,식당,산업용재관,전통시장,대구광역시,,,
cf075602d29755eb7e34,full_annotation_v1,A,q_정육_11,축산물 도매,식료품 중 '정육'을 판매·제공하는 매장,train,정육,T3 개념확장,003a1767-bcd6-410b-809e-d4b059ce50c6,홍성토종한우,,어울림 아차산 골목형상점가,골목형상점가,서울특별시,,,
273d945cccffc56fa775,full_annotation_v1,A,q_정육_11,축산물 도매,식료품 중 '정육'을 판매·제공하는 매장,train,정육,T3 개념확장,00652de3-165f-4988-9616-0ff0250e851d,합천식육점,,관문상가시장,전통시장,대구광역시,,,
0f135228b860017df41d,full_annotation_v1,A,q_정육_11,축산물 도매,식료품 중 '정육'을 판매·제공하는 매장,train,정육,T3 개념확장,89827a7d-e46c-45d4-8242-baf676bf895b,블루밍실버,도매(실버악세사리),골드테마거리,전통시장,부산광역시,,,
e2d1a41c98569cfaeeb4,full_annotation_v1,A,q_정육_11,축산물 도매,식료품 중 '정육'을 판매·제공하는 매장,train,정육,T3 개념확장,e41ff240-137a-420f-b553-a7bbb9008b95,동남상사,"도매(축산물,임산물(일반))",마장축산물시장,전통시장,서울특별시,,,
eb295eb416dbe4c5fdad,full_annotation_v1,A,q_정육_11,축산물 도매,식료품 중 '정육'을 판매·제공하는 매장,train,정육,T3 개념확장,0287935d-6e8e-465e-930c-b5e8e06c38c4,탄방 고기돈,삼겹살,탄방새마을 골목형상점가,골목형상점가,대전광역시,,,
f6b3c1e2ac87353ed4c8,full_annotation_v1,A,q_정육_11,축산물 도매,식료품 중 '정육'을 판매·제공하는 매장,train,정육,T3 개념확장,6f7acfe7-542e-4709-88e2-e3ebab1fd359,수헤어살롱,미용업,봉선중앙로 골목형상점가,골목형상점가,광주광역시,,,
a8f3b7a74dc891d2fdaa,full_annotation_v1,A,q_정육_11,축산물 도매,식료품 중 '정육'을 판매·제공하는 매장,train,정육,T3 개념확장,bf4014f4-45c6-41e4-9d6f-6f41b233895e,중앙상회,도매(채소),하대원공설시장,전통시장,경기도,,,
2c696a9baabb2753d50d,full_annotation_v1,A,q_정육_11,축산물 도매,식료품 중 '정육'을 판매·제공하는 매장,train,정육,T3 개념확장,564de640-694f-4797-af66-a5d1df9c489f,푸줏간,,김천평화시장,전통시장,경상북도,,,
df7d5e7e2144cafde183,full_annotation_v1,A,q_정육_11,축산물 도매,식료품 중 '정육'을 판매·제공하는 매장,train,정육,T3 개념확장,b1841ed2-0407-4a97-9fdc-5cb7f2e3529e,퍼니골프,중고스포츠용품,장승배기로 골목형상점가,골목형상점가,전북특별자치도,,,
2b38e2d4e39cfe43ea03,full_annotation_v1,A,q_정육_11,축산물 도매,식료품 중 '정육'을 판매·제공하는 매장,train,정육,T3 개념확장,21ef3d6e-8e38-4ded-85ae-29f815597ac1,생생축산,축산물,교하중심상가 골목형상점가,골목형상점가,경기도,,,
26cb27323804d90c5fff,full_annotation_v1,A,q_정육_11,축산물 도매,식료품 중 '정육'을 판매·제공하는 매장,train,정육,T3 개념확장,5be6c4c6-67aa-40d7-b7b6-baf802db6669,거승축산,축산물,마장축산물시장,전통시장,서울특별시,,,
643ba9b49128ec2c37d1,full_annotation_v1,A,q_정육_11,축산물 도매,식료품 중 '정육'을 판매·제공하는 매장,train,정육,T3 개념확장,28753b89-41b5-46fc-99e4-fa7414b703b8,해운대 광순이네 고깃간,,좌동재래시장,전통시장,부산광역시,,,
c555e1281391bcd72714,full_annotation_v1,A,q_정육_11,축산물 도매,식료품 중 '정육'을 판매·제공하는 매장,train,정육,T3 개념확장,05be8e6e-05cb-43d5-8c9e-ab68776e957b,낙원갈비집 부천옥길점,,부천 옥길 골목형상점가,골목형상점가,경기도,,,
9e053ae2ce6a6608c040,full_annotation_v1,A,q_정육_11,축산물 도매,식료품 중 '정육'을 판매·제공하는 매장,train,정육,T3 개념확장,a98fde48-54c7-4688-a128-f87c5a074947,영복사,도매(의류),신평화패션타운,전통시장,서울특별시,,,
a60d76642b0360b6800b,full_annotation_v1,A,q_정육_11,축산물 도매,식료품 중 '정육'을 판매·제공하는 매장,train,정육,T3 개념확장,f9994054-cbf7-4425-96cd-d48811b91ed5,황금 축산물 센터,축산물,산곡1번가 골목형상점가,골목형상점가,인천광역시,,,
16ef01291c9967b5c0ef,full_annotation_v1,A,q_정육_11,축산물 도매,식료품 중 '정육'을 판매·제공하는 매장,train,정육,T3 개념확장,622f2780-094c-449b-a239-3206d0c2931a,새론식육점,축산물,거제 옥수시장,전통시장,경상남도,,,
62bdf0f69d95b210ead1,full_annotation_v1,A,q_정육_11,축산물 도매,식료품 중 '정육'을 판매·제공하는 매장,train,정육,T3 개념확장,3cfdf7b2-3ed2-442c-b08e-706e64056070,하나청과,도매(청과),영등포청과시장,자율상권구역,서울특별시,,,
934aabc86c177f7ed88c,full_annotation_v1,A,q_정육_11,축산물 도매,식료품 중 '정육'을 판매·제공하는 매장,train,정육,T3 개념확장,25d6ee40-a6e6-432a-b7e7-f7671746750d,기남상회,"과일, 도매",백년시장(구 강북종합전통시장),전통시장,서울특별시,,,
19d05a2a7034d717e82e,full_annotation_v1,A,q_정육_11,축산물 도매,식료품 중 '정육'을 판매·제공하는 매장,train,정육,T3 개념확장,ee393396-1058-4de7-85cd-47c2f8fc64d5,발리,도매(의류),신평화패션타운,전통시장,서울특별시,,,
b781fc07ee5cf2acb573,full_annotation_v1,A,q_정육_11,축산물 도매,식료품 중 '정육'을 판매·제공하는 매장,train,정육,T3 개념확장,a0530cfd-530c-43d9-9067-40d102c4da72,협동,축산물,마장축산물시장,전통시장,서울특별시,,,
dcb56b00d53040688a90,full_annotation_v1,A,q_정육_11,축산물 도매,식료품 중 '정육'을 판매·제공하는 매장,train,정육,T3 개념확장,263d4cd1-5a0d-45b6-9e68-b38558e9f160,고깃간,,부평종합시장,전통시장,인천광역시,,,
ff34a416947c17ce6300,full_annotation_v1,A,q_정육_11,축산물 도매,식료품 중 '정육'을 판매·제공하는 매장,train,정육,T3 개념확장,008615e0-6a3d-45a3-b0ce-af168ae6e16e,행담정육점,소고기 돼지고기 정육,대곡시장,전통시장,대구광역시,,,
d6fb2d10a301d522edd9,full_annotation_v1,A,q_정육_11,축산물 도매,식료품 중 '정육'을 판매·제공하는 매장,train,정육,T3 개념확장,01159ffd-d06a-44ab-a49b-26dc67d19479,마실오개,애완동물,새샘하루 골목형상점가,골목형상점가,세종특별자치시,,,
ba564e66d756e590d3f7,full_annotation_v1,A,q_정육_11,축산물 도매,식료품 중 '정육'을 판매·제공하는 매장,train,정육,T3 개념확장,93fe66ff-b632-4d90-a43c-76b74b58923f,동흥축산,"도매(축산물,임산물(일반))",광장시장,전통시장,서울특별시,,,
43028cf44748a8a09435,full_annotation_v1,A,q_정육_11,축산물 도매,식료품 중 '정육'을 판매·제공하는 매장,train,정육,T3 개념확장,41d11001-9d7b-4965-9bae-0af94922cf12,철이네고깃간(중흥점),,유동 경열로 골목형상점가,골목형상점가,광주광역시,,,
11f02ea699b83e078327,full_annotation_v1,A,q_정육_11,축산물 도매,식료품 중 '정육'을 판매·제공하는 매장,train,정육,T3 개념확장,06662c41-fdc2-4c91-8fa9-8380d68c1d8e,고려축산,축산물,백년시장(구 강북종합전통시장),전통시장,서울특별시,,,
625acc8dd1f6a6a240c0,full_annotation_v1,A,q_정육_11,축산물 도매,식료품 중 '정육'을 판매·제공하는 매장,train,정육,T3 개념확장,72a202cc-73b7-4b26-a015-3b634f63f131,㈜강원축산,도매(축산물),마장축산물시장,전통시장,서울특별시,,,
2c4701a3b3442c76e427,full_annotation_v1,A,q_정육_11,축산물 도매,식료품 중 '정육'을 판매·제공하는 매장,train,정육,T3 개념확장,335b1729-4d42-42fa-868e-5fedfda7a50b,가람,도매(의류),신평화패션타운,전통시장,서울특별시,,,
a0b45281d74b0bf7138a,full_annotation_v1,A,q_정육_11,축산물 도매,식료품 중 '정육'을 판매·제공하는 매장,train,정육,T3 개념확장,8c4e084f-14f7-4f9f-91c7-78cf88b036e3,아크림 도룡점,아이스크림,도룡상인회 골목형상점가,골목형상점가,대전광역시,,,
25023e83ad7d6b42f77d,full_annotation_v1,A,q_정육_11,축산물 도매,식료품 중 '정육'을 판매·제공하는 매장,train,정육,T3 개념확장,004764d4-5ad9-4f22-81bb-48eac27e9e4b,60계치킨 야탑점,치킨,야탑 골목형상점가,골목형상점가,경기도,,,
76223605b2ea4c97fff8,full_annotation_v1,A,q_정육_11,축산물 도매,식료품 중 '정육'을 판매·제공하는 매장,train,정육,T3 개념확장,0072ddc8-1b0b-4a64-b9d0-9eb309854f0c,오뚜기정육점,정육,김제중앙시장,전통시장,전북특별자치도,,,
43bc448efb90675c3693,full_annotation_v1,A,q_정육_11,축산물 도매,식료품 중 '정육'을 판매·제공하는 매장,train,정육,T3 개념확장,a1c2b311-5727-4272-8ee7-75a640e05ef2,형제상회,도매(기타수산물),신중부시장,전통시장,서울특별시,,,
fbfb2392d599d31b55be,full_annotation_v1,A,q_정육_11,축산물 도매,식료품 중 '정육'을 판매·제공하는 매장,train,정육,T3 개념확장,e0fc8acb-50da-4242-ac65-858d1da76572,레이디,도매(의류),신평화패션타운,전통시장,서울특별시,,,
e35981b6d7ccd3eda69f,full_annotation_v1,A,q_정육_11,축산물 도매,식료품 중 '정육'을 판매·제공하는 매장,train,정육,T3 개념확장,00027601-43e6-4d9a-a358-150cc014fe4c,닭장수후라이드,치킨,한솔동 5~6단지상점가,자율상권구역,세종특별자치시,,,
359f2d0afac80d4d3f73,full_annotation_v1,A,q_정육_11,축산물 도매,식료품 중 '정육'을 판매·제공하는 매장,train,정육,T3 개념확장,4fd7b13e-6cd7-4d30-8f8f-67a1c968ef96,현덕축산,축산물,청량리청과물시장,전통시장,서울특별시,,,
a6ff510ee774dbc189f8,full_annotation_v1,A,q_정육_11,축산물 도매,식료품 중 '정육'을 판매·제공하는 매장,train,정육,T3 개념확장,399eb131-0269-4373-9d06-336dcbce55db,굽네치킨 부산반여점,치킨,소반시장 골목형상점가,골목형상점가,부산광역시,,,
7eb22a81ae66833fc748,full_annotation_v1,A,q_정육_11,축산물 도매,식료품 중 '정육'을 판매·제공하는 매장,train,정육,T3 개념확장,c8db315f-8d53-40d7-a4e9-672bc010e52b,끄니,축산물,평화광장 먹자골목상점가,골목형상점가,전라남도,,,
8b7a72773a89dfb4a240,full_annotation_v1,A,q_정육_11,축산물 도매,식료품 중 '정육'을 판매·제공하는 매장,train,정육,T3 개념확장,e3c2f591-90ca-44f8-adee-6e426237d828,농업회사법인가양식품,도매(축산물),마장축산물시장,전통시장,서울특별시,,,
f3fbdcd510ab201dbcee,full_annotation_v1,A,q_정육_11,축산물 도매,식료품 중 '정육'을 판매·제공하는 매장,train,정육,T3 개념확장,6b9f2cff-8672-4e0f-846d-299ccefd43ae,대보식품,"도매(축산물,임산물(일반))",마장축산물시장,전통시장,서울특별시,,,
eb8d02afbca0ff6ceebb,full_annotation_v1,A,q_정육_11,축산물 도매,식료품 중 '정육'을 판매·제공하는 매장,train,정육,T3 개념확장,033ab0da-f546-4879-93a7-5bf7e6327bf3,시장식당,국밥,광양5일시장,전통시장,,,,
8c0decb10c19797e1424,full_annotation_v1,A,q_정육_11,축산물 도매,식료품 중 '정육'을 판매·제공하는 매장,train,정육,T3 개념확장,99daa0cb-afa6-46b7-9611-92468bb78c1a,신우리침장,도매(침구류),종로신진시장,전통시장,서울특별시,,,
8e346326c5da0dce69a2,full_annotation_v1,A,q_정육_11,축산물 도매,식료품 중 '정육'을 판매·제공하는 매장,train,정육,T3 개념확장,b5684112-2f0a-46f8-b002-4599ef549955,삼오,축산물,청주직지시장(구 청주운천시장),전통시장,충청북도,,,
da212f1badc5c915ee70,full_annotation_v1,A,q_정육_11,축산물 도매,식료품 중 '정육'을 판매·제공하는 매장,train,정육,T3 개념확장,56ee8233-49a9-4f3c-91e6-29440eec491b,대해상회,도매(농산물),경동광성상가,전통시장,서울특별시,,,
b888989c0473fa824b05,full_annotation_v1,A,q_정육_11,축산물 도매,식료품 중 '정육'을 판매·제공하는 매장,train,정육,T3 개념확장,032b7c2d-89ad-4b7e-9563-c9c67c6381a9,명품한우,한우,신포동개항길골목형상점가,골목형상점가,인천광역시,,,
1ff4ff825a1f80537c21,full_annotation_v1,A,q_정육_11,축산물 도매,식료품 중 '정육'을 판매·제공하는 매장,train,정육,T3 개념확장,35a41b4a-848c-4860-a87c-29c73840c396,스마트,도매(의류),신평화패션타운,전통시장,서울특별시,,,
afbbd25af9cc4d48deb8,full_annotation_v1,A,q_정육_11,축산물 도매,식료품 중 '정육'을 판매·제공하는 매장,train,정육,T3 개념확장,79f0bf22-ced4-491d-b992-af0b63694d69,헬로우,도매(의류),테크노상가,전통시장,서울특별시,,,
c2c1c1675fcd182d6b46,full_annotation_v1,A,q_정육_11,축산물 도매,식료품 중 '정육'을 판매·제공하는 매장,train,정육,T3 개념확장,07a0f345-fe02-4ee4-9422-6c2923ab4db0,월드,도매(의류),신평화패션타운,전통시장,서울특별시,,,
2218ee1c6867a562dd9e,full_annotation_v1,A,q_정육_11,축산물 도매,식료품 중 '정육'을 판매·제공하는 매장,train,정육,T3 개념확장,0007af17-f23e-49b9-b7c1-5a9968727cfd,오늘닭강정,닭강정,목원대 골목형상점가,골목형상점가,대전광역시,,,
f37fe3d263c0d311b0a9,full_annotation_v1,A,q_정육_11,축산물 도매,식료품 중 '정육'을 판매·제공하는 매장,train,정육,T3 개념확장,70f79588-cd14-49d3-abd1-93d9e6ec9708,나티나,도매(의류),신평화패션타운,전통시장,서울특별시,,,
6d2ec5bae778cf9e0172,full_annotation_v1,A,q_정육_11,축산물 도매,식료품 중 '정육'을 판매·제공하는 매장,train,정육,T3 개념확장,8a9c0811-17a5-4b9c-9d67-6f3b26f4cb74,지현사,도매(기성복),평화시장,전통시장,서울특별시,,,
e0e32a72e38bba70079a,full_annotation_v1,A,q_정육_11,축산물 도매,식료품 중 '정육'을 판매·제공하는 매장,train,정육,T3 개념확장,706bbcde-fc02-4d0a-b24d-7648db6036e7,늘푸른상회,도매(야채),영일시장,전통시장,서울특별시,,,
3adc2a775cb625a49cb0,full_annotation_v1,A,q_정육_11,축산물 도매,식료품 중 '정육'을 판매·제공하는 매장,train,정육,T3 개념확장,22786ec9-b716-428e-a25b-ffbc8a8bd451,명가,도매(의류),신평화패션타운,전통시장,서울특별시,,,
4a47fd9dd63dfc595e98,full_annotation_v1,A,q_정육_11,축산물 도매,식료품 중 '정육'을 판매·제공하는 매장,train,정육,T3 개념확장,0598b6c8-c45e-444c-9b34-ff024b885ee8,서울갈비,갈비,행복상점가,자율상권구역,경상북도,,,
e10f8f27227e8373cf2b,full_annotation_v1,A,q_정육_11,축산물 도매,식료품 중 '정육'을 판매·제공하는 매장,train,정육,T3 개념확장,fa51c15f-c79a-4d4b-bae1-cf8591aeac2a,송파축산,축산물,가락몰골목형상점가,골목형상점가,서울특별시,,,
5bfd1d9683703e985941,full_annotation_v1,A,q_정육_11,축산물 도매,식료품 중 '정육'을 판매·제공하는 매장,train,정육,T3 개념확장,a326a4f6-4fc8-460a-a2b7-5920dce95df8,김재열축산도매센터,축산물 도매 및 소매,용인중앙시장,전통시장,경기도,,,
c84da61706ee741e1319,full_annotation_v1,A,q_정육_11,축산물 도매,식료품 중 '정육'을 판매·제공하는 매장,train,정육,T3 개념확장,02235e2b-ba17-4b33-aacc-c1d96790e83e,바다담은구이,식당,정릉시장,전통시장,서울특별시,,,
bac5729364951299e4f3,full_annotation_v1,A,q_정육_11,축산물 도매,식료품 중 '정육'을 판매·제공하는 매장,train,정육,T3 개념확장,003d2015-a21c-44e2-9d66-c6f97ba3c296,집중호우,한우,하단자율상권구역,기타,부산광역시,,,
43b329c43e20410c6368,full_annotation_v1,A,q_정육_11,축산물 도매,식료품 중 '정육'을 판매·제공하는 매장,train,정육,T3 개념확장,2feab767-061a-46d8-bde6-b55a2edb1c96,영덕축산,축산물,진주 비봉시장,전통시장,경상남도,,,
8c469724ec81564cf6d4,full_annotation_v1,A,q_정육_11,축산물 도매,식료품 중 '정육'을 판매·제공하는 매장,train,정육,T3 개념확장,0130dbd3-b9ea-43f4-98fd-26d8afd90b78,모래내시장순대,식당,전주모래내시장,전통시장,전북특별자치도,,,
1aafe20750d4b457c471,full_annotation_v1,A,q_정육_11,축산물 도매,식료품 중 '정육'을 판매·제공하는 매장,train,정육,T3 개념확장,ce06d0b5-b4e8-4730-88a6-c67744cb6c60,고기영역,축산물,열매 골목형상점가,골목형상점가,대전광역시,,,
58be7717aac40b04207c,full_annotation_v1,A,q_정육_11,축산물 도매,식료품 중 '정육'을 판매·제공하는 매장,train,정육,T3 개념확장,01bc269c-e4c0-4b44-90fd-47a6d4d382fd,나르샤,도매(의류),신평화패션타운,전통시장,서울특별시,,,
a6b026efe2089d9294f1,full_annotation_v1,A,q_정육_11,축산물 도매,식료품 중 '정육'을 판매·제공하는 매장,train,정육,T3 개념확장,009f034c-8e3b-4a32-aab3-55ece8718004,장봐주는언니 임동점,농수축산물및 가공식품,제니스 골목형상점가,골목형상점가,광주광역시,,,
4a11285ff0166c60d276,full_annotation_v1,A,q_정육_11,축산물 도매,식료품 중 '정육'을 판매·제공하는 매장,train,정육,T3 개념확장,b6ef3ca5-5dd1-4139-bfef-b2f6f51e3160,우정,도매(의류),신평화패션타운,전통시장,서울특별시,,,
cfb504eb87f48600bede,full_annotation_v1,A,q_정육_11,축산물 도매,식료품 중 '정육'을 판매·제공하는 매장,train,정육,T3 개념확장,0038f694-919c-4289-8bc1-a5e6549274e1,달인닭강정,닭강정,서귀포매일올레시장,전통시장,제주특별자치도,,,
c478f1ee19e5aebbd3ee,full_annotation_v1,A,q_정육_11,축산물 도매,식료품 중 '정육'을 판매·제공하는 매장,train,정육,T3 개념확장,2538e343-dfd5-475d-911b-489c58742748,신개념 푸줏간,,새천년 골목형상점가,골목형상점가,경기도,,,
406ea557a27c35119971,full_annotation_v1,A,q_정육_11,축산물 도매,식료품 중 '정육'을 판매·제공하는 매장,train,정육,T3 개념확장,0023ae9b-466c-4881-afd0-ff8ac2890d72,돈.우정육점,식육,여수서시장주변시장,전통시장,전라남도,,,
aabc2b0229d9d7c45ba9,full_annotation_v1,A,q_정육_11,축산물 도매,식료품 중 '정육'을 판매·제공하는 매장,train,정육,T3 개념확장,3e6a2059-5bed-44e4-b9cc-a39468de8043,준이네 푸줏간,,연동시장,전통시장,부산광역시,,,
ef9a08677e8ba7fdf8db,full_annotation_v1,A,q_정육_11,축산물 도매,식료품 중 '정육'을 판매·제공하는 매장,train,정육,T3 개념확장,b3c0e173-3ece-4c1f-8df5-7bdecf330f7a,다솜축산물,축산물,문막시장,전통시장,강원특별자치도,,,
968d199546b4cebf2c33,full_annotation_v1,A,q_정육_11,축산물 도매,식료품 중 '정육'을 판매·제공하는 매장,train,정육,T3 개념확장,3e657f12-3605-45a0-b9e5-f4e101b5b545,리치,도매(의류),동평화시장(동평화패션타운),전통시장,서울특별시,,,
5f0aae7acae50cc219af,full_annotation_v1,A,q_정육_11,축산물 도매,식료품 중 '정육'을 판매·제공하는 매장,train,정육,T3 개념확장,02f9037a-c117-4db4-9d2b-9b78182978f4,반월닭강정치킨,,보령한내시장,전통시장,충청남도,,,
c8ee9c378dfded1da9c3,full_annotation_v1,A,q_정육_11,축산물 도매,식료품 중 '정육'을 판매·제공하는 매장,train,정육,T3 개념확장,00e3332a-4796-482d-9660-702bcf084fb0,대흥축산,축산물,가락몰골목형상점가,골목형상점가,서울특별시,,,
d7a0884d31e9ec591f00,full_annotation_v1,A,q_정육_11,축산물 도매,식료품 중 '정육'을 판매·제공하는 매장,train,정육,T3 개념확장,a0f90efe-bc5b-46f1-bb74-a5edf9e57978,나이스,도매(의류),신평화패션타운,전통시장,서울특별시,,,
bf05a245a0b296dd200c,full_annotation_v1,A,q_정육_11,축산물 도매,식료품 중 '정육'을 판매·제공하는 매장,train,정육,T3 개념확장,64bbb5a5-cc30-409b-8f84-e92b13895b3e,짱구오리농산,도매(축산물),모란종합시장,전통시장,경기도,,,
e426af813c9fbd56eb5e,full_annotation_v1,A,q_정육_11,축산물 도매,식료품 중 '정육'을 판매·제공하는 매장,train,정육,T3 개념확장,000d4d47-3a3f-4a73-9fce-cd3802a5ebb3,은여우두마리치킨,치킨,봉곡우전로 골목형상점가,골목형상점가,전북특별자치도,,,
e4c9f6a4471755efb072,full_annotation_v1,A,q_정육_11,축산물 도매,식료품 중 '정육'을 판매·제공하는 매장,train,정육,T3 개념확장,00a5a31e-6208-4900-9553-18f188bfcbfc,올바른고깃간일곡점,정육점,일곡동 골목형상점가,골목형상점가,광주광역시,,,
4f4bf7e19cf9f4d6e116,full_annotation_v1,A,q_정육_11,축산물 도매,식료품 중 '정육'을 판매·제공하는 매장,train,정육,T3 개념확장,f57b7953-ea70-4548-a64c-d56724df08a7,내고항축산,축산물,태릉골목형상점가,골목형상점가,서울특별시,,,
f8d31bb44d5359f45a59,full_annotation_v1,A,q_정육_11,축산물 도매,식료품 중 '정육'을 판매·제공하는 매장,train,정육,T3 개념확장,04564ea5-0be4-4ee2-8519-e8fcaffe3485,쌍둥이국밥,국밥,첨단이웃사랑 골목형상점가,골목형상점가,광주광역시,,,
2029d5a9dfa8a1a0eb0b,full_annotation_v1,A,q_정육_11,축산물 도매,식료품 중 '정육'을 판매·제공하는 매장,train,정육,T3 개념확장,86ddd3a6-557a-49f9-8ea2-0f520c55b844,총각네고깃간,,일곡동(제1지역:자연마을 일동초 거리) 골목형상점가,골목형상점가,,,,
119ef4fecfbce5c4eb2b,full_annotation_v1,A,q_정육_11,축산물 도매,식료품 중 '정육'을 판매·제공하는 매장,train,정육,T3 개념확장,d45ff066-f732-4dee-84cb-8391c1b3a639,생림한우,축산물,부산산업용재유통상가,전통시장,부산광역시,,,
d191eabfd67a65962cae,full_annotation_v1,A,q_정육_11,축산물 도매,식료품 중 '정육'을 판매·제공하는 매장,train,정육,T3 개념확장,eedf5dca-0815-4316-ab21-a38e2a863107,대연닭집,도매(생닭),용인중앙시장,전통시장,경기도,,,
1c26e949f65cfbe062ac,full_annotation_v1,A,q_정육_11,축산물 도매,식료품 중 '정육'을 판매·제공하는 매장,train,정육,T3 개념확장,b9c2112f-d9b0-4b8f-8a73-706ea6fe93a4,신토식품,축산물,김해 주촌축산물시장,전통시장,경상남도,,,
a5cfeddab988bbf21c29,full_annotation_v1,A,q_정육_11,축산물 도매,식료품 중 '정육'을 판매·제공하는 매장,train,정육,T3 개념확장,dc1aa4be-a0fe-425a-a6b7-15170fc842ff,국보상회,도매,부산남문시장,전통시장,부산광역시,,,
4e928426d92e1f0b3216,full_annotation_v1,A,q_정육_11,축산물 도매,식료품 중 '정육'을 판매·제공하는 매장,train,정육,T3 개념확장,bf527bdf-c271-4c00-9806-072022d0fbe8,샤론,도매(의류),신평화패션타운,전통시장,서울특별시,,,
552cfadbc0488e4aad7e,full_annotation_v1,A,q_정육_11,축산물 도매,식료품 중 '정육'을 판매·제공하는 매장,train,정육,T3 개념확장,ebc4502f-a0ad-41d0-88e5-fe29e424b3cf,(주)드림미트,도매(축산물),마장축산물시장,전통시장,서울특별시,,,
17b7b39aac62c08011c1,full_annotation_v1,A,q_정육_11,축산물 도매,식료품 중 '정육'을 판매·제공하는 매장,train,정육,T3 개념확장,7337dbd0-f016-4cf0-8c79-fc47fd04e0dc,천품,축산물,마장축산물시장,전통시장,서울특별시,,,
6197852dff015a8b23a2,full_annotation_v1,A,q_정육_11,축산물 도매,식료품 중 '정육'을 판매·제공하는 매장,train,정육,T3 개념확장,8ab398b9-b867-4fdc-a266-e4d92bb7eb14,경동,축산물,경동시장,전통시장,서울특별시,,,
dda7621b394e9a8abfe8,full_annotation_v1,A,q_정육_11,축산물 도매,식료품 중 '정육'을 판매·제공하는 매장,train,정육,T3 개념확장,00831405-3dce-4f59-90cd-81fc3f837a63,보광축산,정육,원당시장(구 원당전통시장),전통시장,경기도,,,
5f53e85a72a372c38cad,full_annotation_v1,A,q_정육_11,축산물 도매,식료품 중 '정육'을 판매·제공하는 매장,train,정육,T3 개념확장,00e45da9-1bb4-42fa-b0a8-63cdcea52143,수유중앙축산물백화점,정육,수유중앙시장,전통시장,서울특별시,,,
b676ce1556b937b72a00,full_annotation_v1,A,q_정육_11,축산물 도매,식료품 중 '정육'을 판매·제공하는 매장,train,정육,T3 개념확장,3a0cd35c-da75-4872-92f2-412aabdd385c,보세의류,도매(의류),신평화패션타운,전통시장,서울특별시,,,
f153403653b91611fec4,full_annotation_v1,A,q_정육_11,축산물 도매,식료품 중 '정육'을 판매·제공하는 매장,train,정육,T3 개념확장,156909e3-a54e-43dc-aa68-fccec52426d4,한밭축산,축산물,한민시장,전통시장,대전광역시,,,
5982c6d5465278478be0,full_annotation_v1,A,q_정육_11,축산물 도매,식료품 중 '정육'을 판매·제공하는 매장,train,정육,T3 개념확장,6ab0e5a1-a9ee-4194-a5c0-29532017ece3,뉴소피아,도매(의류),신평화패션타운,전통시장,서울특별시,,,
c0309cb38a1250fcb972,full_annotation_v1,A,q_정육_11,축산물 도매,식료품 중 '정육'을 판매·제공하는 매장,train,정육,T3 개념확장,a6f0cbe1-2afd-499a-b1bc-081e2b6d8cbb,153축산물 공판장,"도매, 소매(축산물,식육,담배)",미래그린시장,전통시장,경기도,,,
61427b932a80a4d98c82,full_annotation_v1,A,q_정육_11,축산물 도매,식료품 중 '정육'을 판매·제공하는 매장,train,정육,T3 개념확장,9984e3b5-3948-4d43-bc80-66eab663977e,온24㈜,축산물,조양시장,전통시장,서울특별시,,,
c39b5df19b5a1723ee1d,full_annotation_v1,A,q_정육_11,축산물 도매,식료품 중 '정육'을 판매·제공하는 매장,train,정육,T3 개념확장,00ac87c2-aed5-4a62-8b09-76cbea625145,내고향청보리한우직판장,소고기 돼지고기,마륵동상인회 골목형상점가,골목형상점가,광주광역시,,,
676c14b75967e8fa33d3,full_annotation_v1,A,q_정육_11,축산물 도매,식료품 중 '정육'을 판매·제공하는 매장,train,정육,T3 개념확장,3e333d98-0105-49ac-888b-2efaa5663cc8,학하리잡곡,약재,한민시장,전통시장,대전광역시,,,
72df135db217c1a9983f,full_annotation_v1,A,q_정육_11,축산물 도매,식료품 중 '정육'을 판매·제공하는 매장,train,정육,T3 개념확장,01c857cd-3f28-4d83-8fa4-e0abcfb44fbd,수연국밥,국밥,두암사거리 골목형상점가,골목형상점가,광주광역시,,,
b39778107671ca5ef43b,full_annotation_v1,A,q_정육_11,축산물 도매,식료품 중 '정육'을 판매·제공하는 매장,train,정육,T3 개념확장,ad04d749-acd1-4d1d-ab0e-1e2aab098ab1,아리아,도매(의류),신평화패션타운,전통시장,서울특별시,,,
54f64c6d32cf7a8e4428,full_annotation_v1,A,q_정육_11,축산물 도매,식료품 중 '정육'을 판매·제공하는 매장,train,정육,T3 개념확장,d268a343-7d29-4c4a-a6cd-2cb9876d8a8c,㈜바른돈,축산물,마장축산물시장,전통시장,서울특별시,,,
2de96f8d567f41ef8c4c,full_annotation_v1,A,q_정육_11,축산물 도매,식료품 중 '정육'을 판매·제공하는 매장,train,정육,T3 개념확장,022fb5a6-69f4-4765-88db-4228cac2ef69,랭상1992,삼겹살,오치2동 골목형상점가,골목형상점가,광주광역시,,,
92cda6092d9a526d8438,full_annotation_v1,A,q_정육_11,축산물 도매,식료품 중 '정육'을 판매·제공하는 매장,train,정육,T3 개념확장,ba2b9112-abf0-49a4-bb6e-9b83789b9dfe,돈박사,축산물,구포축산물도매시장,전통시장,부산광역시,,,
2fe33ffea2096ba36b8e,full_annotation_v1,A,q_정육_11,축산물 도매,식료품 중 '정육'을 판매·제공하는 매장,train,정육,T3 개념확장,023a95f4-f5cb-4b2e-b978-690c41d48d54,대송회센타,식당,대송시장,전통시장,울산광역시,,,
61fb3ce54582ea3a5a05,full_annotation_v1,A,q_정육_11,축산물 도매,식료품 중 '정육'을 판매·제공하는 매장,train,정육,T3 개념확장,68cd47eb-0abc-4862-8dd1-c39586cd92e9,히스,커피전문점,장승배기로 골목형상점가,골목형상점가,전북특별자치도,,,
6ae22603ae8906f1bef8,full_annotation_v1,A,q_정육_11,축산물 도매,식료품 중 '정육'을 판매·제공하는 매장,train,정육,T3 개념확장,1e1cd5fd-e3b4-4dc5-a9bd-5faa7c6a17c6,치킨박사,축산물,새마을시장,전통시장,서울특별시,,,
d35475d69c64974dbb26,full_annotation_v1,A,q_정육_11,축산물 도매,식료품 중 '정육'을 판매·제공하는 매장,train,정육,T3 개념확장,03f541e1-2781-4bd2-91a9-65b9196d82b4,또래오래치킨&참닭,삼겹살,노대물빛근린공원 골목형상점가,골목형상점가,광주광역시,,,
fed079e97e103f5dce32,full_annotation_v1,A,q_정육_11,축산물 도매,식료품 중 '정육'을 판매·제공하는 매장,train,정육,T3 개념확장,00176890-ac4c-4ce1-bf5b-c5e45dbf9c43,시골정육점,축산,답십리시장,전통시장,서울특별시,,,
57707a555216848c272f,full_annotation_v1,A,q_정육_11,축산물 도매,식료품 중 '정육'을 판매·제공하는 매장,train,정육,T3 개념확장,86c37c92-668a-4678-9e49-07181af1f78f,로뎀,도매(의류),신평화패션타운,전통시장,서울특별시,,,
7af1eb80e65ea0077223,full_annotation_v1,A,q_정육_11,축산물 도매,식료품 중 '정육'을 판매·제공하는 매장,train,정육,T3 개념확장,00265ad2-bd74-4057-b201-f6a798a8a4c9,칠분통닭오치점,치킨,오치2동 골목형상점가,골목형상점가,광주광역시,,,
ad44357c2aba469aa815,full_annotation_v1,A,q_정육_11,축산물 도매,식료품 중 '정육'을 판매·제공하는 매장,train,정육,T3 개념확장,5c2c985e-4fbd-439b-a60b-5f0a7606f89a,닛시,도매(의류),동평화시장(동평화패션타운),전통시장,서울특별시,,,
537e04f856e0e86eecf9,full_annotation_v1,A,q_정육_11,축산물 도매,식료품 중 '정육'을 판매·제공하는 매장,train,정육,T3 개념확장,00c9508a-1962-4f4c-adc8-c9227046f329,도마정육점,식육,도마큰시장,전통시장,대전광역시,,,
1068836b61be711a0980,full_annotation_v1,A,q_정육_11,축산물 도매,식료품 중 '정육'을 판매·제공하는 매장,train,정육,T3 개념확장,59c127ae-23ca-4c02-bb26-3dff66a9933c,미래유통,도매(과일),영등포청과시장,자율상권구역,서울특별시,,,
b983926aa7f99c7a63f4,full_annotation_v1,A,q_정육_11,축산물 도매,식료품 중 '정육'을 판매·제공하는 매장,train,정육,T3 개념확장,18a46fcc-11f9-4d2b-a103-e9b0382cfc23,㈜청라축산유통,도매(축산물),마장축산물시장,전통시장,서울특별시,,,
c03aa9c546df64a1e60f,full_annotation_v1,A,q_정육_11,축산물 도매,식료품 중 '정육'을 판매·제공하는 매장,train,정육,T3 개념확장,cc64fbc5-3e72-4e9a-be91-c0a02a005357,날개패션,도매(의류),광희패션몰,전통시장,서울특별시,,,
6a9a5aedb7aa5913575a,full_annotation_v1,A,q_정육_11,축산물 도매,식료품 중 '정육'을 판매·제공하는 매장,train,정육,T3 개념확장,81c521d2-4eca-4456-91fc-552d043be104,만월당,분식,새샘하루 골목형상점가,골목형상점가,세종특별자치시,,,
1d3d7fb9dac9065a5d6d,full_annotation_v1,A,q_정육_11,축산물 도매,식료품 중 '정육'을 판매·제공하는 매장,train,정육,T3 개념확장,00bdaed4-8c0c-4e39-9198-736e0be49945,대신식육,식육,중앙식료시장(중앙먹통시장),전통시장,전라남도,,,
71eae12b03ad3331ba3c,full_annotation_v1,A,q_정육_11,축산물 도매,식료품 중 '정육'을 판매·제공하는 매장,train,정육,T3 개념확장,cd8b545f-e6ca-4400-929f-158fb1504811,테마,도매(의류),신평화패션타운,전통시장,서울특별시,,,
6b864dfedacc14ecc88b,full_annotation_v1,A,q_정육_11,축산물 도매,식료품 중 '정육'을 판매·제공하는 매장,train,정육,T3 개념확장,045e49d9-43a4-4175-bf4a-f941d35e4da0,(주)창성유통,"도매(축산물), 소매(식육및부산물)",마장축산물시장,전통시장,서울특별시,,,
474f2340b0ce506110b7,full_annotation_v1,A,q_정육_11,축산물 도매,식료품 중 '정육'을 판매·제공하는 매장,train,정육,T3 개념확장,0e64930d-d97d-42ed-a6bb-774b5d8525fe,길축산,축산물,복이있는덕포시장,전통시장,부산광역시,,,
9939ddfd873e972307fc,full_annotation_v1,A,q_정육_11,축산물 도매,식료품 중 '정육'을 판매·제공하는 매장,train,정육,T3 개념확장,a1d03f7e-1efe-4cb6-a21e-6f8b2e11d59f,효축산,축산물,첨단이웃사랑 골목형상점가,골목형상점가,광주광역시,,,
0aaa3497ff6a2bab968a,full_annotation_v1,A,q_정육_11,축산물 도매,식료품 중 '정육'을 판매·제공하는 매장,train,정육,T3 개념확장,0367e5f3-1bf4-4d8a-bac6-655fcc2eda3f,큰집닭강정,닭강정,신도봉시장,전통시장,서울특별시,,,
fd47c785a2f101f3dae1,full_annotation_v1,A,q_정육_11,축산물 도매,식료품 중 '정육'을 판매·제공하는 매장,train,정육,T3 개념확장,273592f6-e72c-42cb-911f-a1aeae0e1751,충무축산,축산물,진해중앙시장,전통시장,경상남도,,,
b030c3b06bb2af871fb7,full_annotation_v1,A,q_정육_11,축산물 도매,식료품 중 '정육'을 판매·제공하는 매장,train,정육,T3 개념확장,e03292de-57ed-4eab-9385-614a89036e5b,주식회사대성한우,도매(축산물),마장축산물시장,전통시장,서울특별시,,,
3b28b83df9f710adabc3,full_annotation_v1,A,q_정육_11,축산물 도매,식료품 중 '정육'을 판매·제공하는 매장,train,정육,T3 개념확장,a434e6a3-7835-423a-9602-007c2dea1599,동아염업사,도매(소금인공감미료장류),마천중앙시장,전통시장,서울특별시,,,
45a348c3c76b7a32fcc6,full_annotation_v1,A,q_정육_11,축산물 도매,식료품 중 '정육'을 판매·제공하는 매장,train,정육,T3 개념확장,2fc16429-4db3-4066-9cbf-ae4115d3b650,샤브마니아 계룡점,한식,금암동 골목형상점가,골목형상점가,충청남도,,,
62a1da15b158c9a159bb,full_annotation_v1,A,q_정육_11,축산물 도매,식료품 중 '정육'을 판매·제공하는 매장,train,정육,T3 개념확장,38ba45aa-f57d-4952-95fb-3ff5d0b8ab23,따봉,도매(의류),테크노상가,전통시장,서울특별시,,,
69d093d66c5382784f4a,full_annotation_v1,A,q_정육_11,축산물 도매,식료품 중 '정육'을 판매·제공하는 매장,train,정육,T3 개념확장,672f1302-571d-4af3-8fcc-83ddd2caabbc,참고깃간,,명륜시실로 골목형상점가,골목형상점가,부산광역시,,,
c0e9512356dcc77db8a5,full_annotation_v1,A,q_정육_11,축산물 도매,식료품 중 '정육'을 판매·제공하는 매장,train,정육,T3 개념확장,df43b0cc-0162-479a-99d0-650d8769054b,참괜찮소,축산물,통인시장,전통시장,서울특별시,,,
9cdc2f6a3a718b0b4604,full_annotation_v1,A,q_정육_11,축산물 도매,식료품 중 '정육'을 판매·제공하는 매장,train,정육,T3 개념확장,34085518-ac9f-46db-b10f-3ed839b0dd81,윈미트,축산물,우산동 골목형상점가,골목형상점가,광주광역시,,,
9542cb6d1b091b57597f,full_annotation_v1,A,q_정육_11,축산물 도매,식료품 중 '정육'을 판매·제공하는 매장,train,정육,T3 개념확장,d01f3c20-eebf-44e0-892e-4c714720bd92,돌탑식육점,축산물,원주미로예술중앙시장(원주중앙시장),전통시장,강원특별자치도,,,
d6e034434f2fbce6f48f,full_annotation_v1,A,q_정육_11,축산물 도매,식료품 중 '정육'을 판매·제공하는 매장,train,정육,T3 개념확장,46183489-b5c5-4463-b616-b086df77c634,신나는 고기집,한식,왜관시장,전통시장,경상북도,,,
00c80dfce826198d822b,full_annotation_v1,A,q_정육_11,축산물 도매,식료품 중 '정육'을 판매·제공하는 매장,train,정육,T3 개념확장,d023bca4-a574-4b10-b10d-d0fd4e9ed0b4,9번수산,수산물 도매,포항죽도시장,전통시장,경상북도,,,
8c7ad034d83c2399c3d9,full_annotation_v1,A,q_정육_11,축산물 도매,식료품 중 '정육'을 판매·제공하는 매장,train,정육,T3 개념확장,008f0459-6681-4e70-8149-1a6d9ff1a2a5,육간지,삼겹살,구미 진평음식문화특화거리 골목형상점가,골목형상점가,경상북도,,,
60ef519a79706ee3ede3,full_annotation_v1,A,q_정육_11,축산물 도매,식료품 중 '정육'을 판매·제공하는 매장,train,정육,T3 개념확장,00889968-cd4d-41f2-8c6f-39e3928858a7,행복한 정육점,고기,테크노밸리 골목형상점가,골목형상점가,대전광역시,,,
2e7b85c06df24a42a8c0,full_annotation_v1,A,q_정육_11,축산물 도매,식료품 중 '정육'을 판매·제공하는 매장,train,정육,T3 개념확장,22ec5d0f-d4a4-41d3-a49b-df011fd2267f,보물섬,도매(의류),신평화패션타운,전통시장,서울특별시,,,
acda42566d98fd4c52ab,full_annotation_v1,A,q_정육_11,축산물 도매,식료품 중 '정육'을 판매·제공하는 매장,train,정육,T3 개념확장,a82cce56-5879-466e-aa1e-6aca6d2f6ed9,뚜레쥬르 터미널점,제과점,장천동상가,자율상권구역,전라남도,,,
e362130bb16c69f19dc1,full_annotation_v1,A,q_정육_11,축산물 도매,식료품 중 '정육'을 판매·제공하는 매장,train,정육,T3 개념확장,0091c18f-a074-4703-9af5-05c6495e38af,이지비야,고기,아름다운삼정로 골목형상점가,골목형상점가,광주광역시,,,
6c6af27ed7ad36d68687,full_annotation_v1,A,q_정육_11,축산물 도매,식료품 중 '정육'을 판매·제공하는 매장,train,정육,T3 개념확장,c0a520fd-898c-4c01-9606-a2e46dfd3d86,오즈,도매(의류),신평화패션타운,전통시장,서울특별시,,,
3f7e40ad804eda9aaed4,full_annotation_v1,A,q_정육_11,축산물 도매,식료품 중 '정육'을 판매·제공하는 매장,train,정육,T3 개념확장,0031b1fc-4212-4c47-9dad-a8fa10d8bf85,㈜금원유통,축산물,마장축산물시장,전통시장,서울특별시,,,
21be6eb136173cdb9dbe,full_annotation_v1,A,q_정육_11,축산물 도매,식료품 중 '정육'을 판매·제공하는 매장,train,정육,T3 개념확장,ce9b91dd-06b8-4248-bb3b-6be9c30eef5f,밀양집 건어물,건어물,초량전통시장,전통시장,부산광역시,,,
ae8b8ff185ea68fcad24,full_annotation_v1,A,q_정육_11,축산물 도매,식료품 중 '정육'을 판매·제공하는 매장,train,정육,T3 개념확장,f75634df-8f34-49f6-b4ad-fd918f32c7ff,징검다리,도매(의류),동평화시장(동평화패션타운),전통시장,서울특별시,,,
fcb7f6b380025368a43f,full_annotation_v1,A,q_정육_11,축산물 도매,식료품 중 '정육'을 판매·제공하는 매장,train,정육,T3 개념확장,deb2312e-2389-4a96-bd48-b462630f7d3d,풍성역곡한우,축산물,역곡상상시장(구 역곡북부시장),전통시장,경기도,,,
ccf633691b060c83dd02,full_annotation_v1,A,q_정육_11,축산물 도매,식료품 중 '정육'을 판매·제공하는 매장,train,정육,T3 개념확장,a4aabfdc-e2ce-4128-af01-463e45e3184e,백일운동센터,운동센터,도룡상인회 골목형상점가,골목형상점가,대전광역시,,,
f7bbc7daca620fb18ef3,full_annotation_v1,A,q_정육_11,축산물 도매,식료품 중 '정육'을 판매·제공하는 매장,train,정육,T3 개념확장,001dda38-7874-4460-b3b0-a5717b6c36d7,오송 곱창,"한우곱창, 한우막창, 한우모듬, 한우대창, 한우염통",오송1산단오스코로골목형상점가,골목형상점가,충청북도,,,
1bded3176f6d2a712fd1,full_annotation_v1,A,q_정육_11,축산물 도매,식료품 중 '정육'을 판매·제공하는 매장,train,정육,T3 개념확장,3a52fcc8-1c24-4e13-9f2d-9ab795289743,고귀한우,축산물,미래그린시장,전통시장,경기도,,,
69a73c4c27302015a715,full_annotation_v1,A,q_정육_11,축산물 도매,식료품 중 '정육'을 판매·제공하는 매장,train,정육,T3 개념확장,ce506f54-5fc7-497b-8961-c2aae438541d,고고축산,축산물,팔달신시장,전통시장,대구광역시,,,
6bb3381b2670443c207a,full_annotation_v1,A,q_정육_11,축산물 도매,식료품 중 '정육'을 판매·제공하는 매장,train,정육,T3 개념확장,080611f9-2bc6-485c-88ff-62a839f9cbd2,푸줏간 수정점,,황금수정 골목형상점가,골목형상점가,부산광역시,,,
45e701930cfe2dd8c29e,full_annotation_v1,A,q_정육_11,축산물 도매,식료품 중 '정육'을 판매·제공하는 매장,train,정육,T3 개념확장,0363b125-0829-46ae-b0be-f23ada850390,정성육회울산송정점,한우뭉티기&한우육회,송정청춘 골목형상점가,골목형상점가,울산광역시,,,
ce93adeecd4fea282263,full_annotation_v1,A,q_정육_11,축산물 도매,식료품 중 '정육'을 판매·제공하는 매장,train,정육,T3 개념확장,47624e9b-1c18-4a91-aa0e-0a8702f585f0,파파축산,축산물,동부시장 백구단길 골목형상점가,골목형상점가,서울특별시,,,
d13b99a954ecac41ecee,full_annotation_v1,A,q_정육_11,축산물 도매,식료품 중 '정육'을 판매·제공하는 매장,train,정육,T3 개념확장,ad7db933-1af7-47c4-be48-8c89702c60b2,써니,도매(의류),신평화패션타운,전통시장,서울특별시,,,
4d8ac3646fa00acb2496,full_annotation_v1,A,q_정육_11,축산물 도매,식료품 중 '정육'을 판매·제공하는 매장,train,정육,T3 개념확장,cb8e97de-fa5f-427e-81a4-67a2f15edd45,댄디,도매(의류),신평화패션타운,전통시장,서울특별시,,,
e891b960a79aadf72c85,full_annotation_v1,A,q_정육_11,축산물 도매,식료품 중 '정육'을 판매·제공하는 매장,train,정육,T3 개념확장,0008f8f4-4c6e-4c4a-ad64-76aaea3d2d18,대성정육점,정육,평택국제중앙시장,전통시장,경기도,,,
fae1d5be95e366938098,full_annotation_v1,A,q_정육_11,축산물 도매,식료품 중 '정육'을 판매·제공하는 매장,train,정육,T3 개념확장,0b1d8447-88e5-4681-a91b-dfacf11955d8,양화정,갈비,합정동먹자골목골목형상점가,골목형상점가,서울특별시,,,
8851812714e3a00b4164,full_annotation_v1,A,q_정육_11,축산물 도매,식료품 중 '정육'을 판매·제공하는 매장,train,정육,T3 개념확장,04dbbcba-da20-42c1-a9ce-29b74d49c9c9,슈올즈 거제점,신발,거제 고현자율상권,,경상남도,,,
2debbd1e4f5c0eace940,full_annotation_v1,A,q_정육_11,축산물 도매,식료품 중 '정육'을 판매·제공하는 매장,train,정육,T3 개념확장,003e9326-9010-4e27-b844-c62b81ad2df8,다이소 광주 호남대점,소매,선운별 골목형상점가,골목형상점가,광주광역시,,,
808f3c18140fd00c12c3,full_annotation_v1,A,q_정육_11,축산물 도매,식료품 중 '정육'을 판매·제공하는 매장,train,정육,T3 개념확장,b9280d93-49d6-4661-8852-bbf62fd9f50c,블루,도매(의류),신평화패션타운,전통시장,서울특별시,,,
9a5f376449b3cdb1b836,full_annotation_v1,A,q_정육_11,축산물 도매,식료품 중 '정육'을 판매·제공하는 매장,train,정육,T3 개념확장,1aa33d96-d1a0-4565-aafa-72a13934c29e,초이스,도매(의류),동평화시장(동평화패션타운),전통시장,서울특별시,,,
422784e511a96fe5d413,full_annotation_v1,A,q_정육_11,축산물 도매,식료품 중 '정육'을 판매·제공하는 매장,train,정육,T3 개념확장,004961cf-a775-4bcc-87a9-067c385bb9e7,삼미식육,식육,구포축산물도매시장,전통시장,부산광역시,,,
5f4f56cbadee16a4fdb8,full_annotation_v1,A,q_정육_11,축산물 도매,식료품 중 '정육'을 판매·제공하는 매장,train,정육,T3 개념확장,f3a1827a-d2b7-4b6c-bb24-4a48d9dade45,삼화,축산물,마장축산물시장,전통시장,서울특별시,,,
a530fef9b585f5e1d1d7,full_annotation_v1,A,q_정육_11,축산물 도매,식료품 중 '정육'을 판매·제공하는 매장,train,정육,T3 개념확장,7a5f3f02-b2a4-4257-b5b2-562bfed0aa23,황토축산,축산물,중동사랑시장,전통시장,경기도,,,
6a0595cfc13abcbbe6f6,full_annotation_v1,A,q_정육_11,축산물 도매,식료품 중 '정육'을 판매·제공하는 매장,train,정육,T3 개념확장,0f81acdc-d16d-4ced-84c6-85eeaaf844b7,동철축산,축산물,마장축산물시장,전통시장,서울특별시,,,
a2aad75ccb41ed137afd,full_annotation_v1,A,q_정육_11,축산물 도매,식료품 중 '정육'을 판매·제공하는 매장,train,정육,T3 개념확장,3d2b5697-f9f1-4a79-9476-8acb577eb3f0,대성축산,"도매(축산물,임산물(일반))",마장축산물시장,전통시장,서울특별시,,,
27b6ea7660e117e78fa0,full_annotation_v1,A,q_정육_11,축산물 도매,식료품 중 '정육'을 판매·제공하는 매장,train,정육,T3 개념확장,18a5619d-c878-4a3c-9fe5-4093460e3df5,주식회사 청년푸줏간,,인천모래내전통시장,전통시장,인천광역시,,,
d0474922e9e232227a46,full_annotation_v1,A,q_정육_11,축산물 도매,식료품 중 '정육'을 판매·제공하는 매장,train,정육,T3 개념확장,0120247f-1a8e-4396-882d-6476485c3f9e,사랑채,삼겹살,봉선먹자골목 골목형상점가,골목형상점가,광주광역시,,,
ac17b20bdda2a7811a55,full_annotation_v1,A,q_정육_11,축산물 도매,식료품 중 '정육'을 판매·제공하는 매장,train,정육,T3 개념확장,c11b5ad5-f581-4b4d-8ada-f209c4141c7b,세라,도매(의류),동평화시장(동평화패션타운),전통시장,서울특별시,,,
6fe38902b99d23dd35c5,full_annotation_v1,A,q_정육_11,축산물 도매,식료품 중 '정육'을 판매·제공하는 매장,train,정육,T3 개념확장,01b7e8c6-feb8-4cff-a63e-2376ae18dd41,원조생굴뚝배기,국밥,고령대가야시장,전통시장,경상북도,,,
8936b2ac039a6703d1dc,full_annotation_v1,A,q_정육_12,계란 사는 곳,식료품 중 '정육'을 판매·제공하는 매장,train,정육,T4 구어·문장,02f9037a-c117-4db4-9d2b-9b78182978f4,반월닭강정치킨,,보령한내시장,전통시장,충청남도,,,
3437059d9d62f073ffa3,full_annotation_v1,A,q_정육_12,계란 사는 곳,식료품 중 '정육'을 판매·제공하는 매장,train,정육,T4 구어·문장,cafa7d56-035c-4f96-bead-6f2088def0ae,대원유통,계란,창원 상남시장,전통시장,경상남도,,,
c298742c64aa7f57224a,full_annotation_v1,A,q_정육_12,계란 사는 곳,식료품 중 '정육'을 판매·제공하는 매장,train,정육,T4 구어·문장,0091c18f-a074-4703-9af5-05c6495e38af,이지비야,고기,아름다운삼정로 골목형상점가,골목형상점가,광주광역시,,,
fdebffda117e1c333257,full_annotation_v1,A,q_정육_12,계란 사는 곳,식료품 중 '정육'을 판매·제공하는 매장,train,정육,T4 구어·문장,bc3ea363-86c4-4464-87fc-a3763be425e0,계란대표,계란,토지금고시장,전통시장,인천광역시,,,
1f439c15fa2f00f3168a,full_annotation_v1,A,q_정육_12,계란 사는 곳,식료품 중 '정육'을 판매·제공하는 매장,train,정육,T4 구어·문장,99e64fb3-1c4b-449e-9828-a7acd6d35ad3,밀알농장식품,계란,운암시장,전통시장,광주광역시,,,
bf5b35508a6ba8c18bdb,full_annotation_v1,A,q_정육_12,계란 사는 곳,식료품 중 '정육'을 판매·제공하는 매장,train,정육,T4 구어·문장,431c9c23-4abe-415b-a976-1ec89c83bca0,대구농원,계란,안양중앙시장,전통시장,경기도,,,
03cc4fffd25e5bab1480,full_annotation_v1,A,q_정육_12,계란 사는 곳,식료품 중 '정육'을 판매·제공하는 매장,train,정육,T4 구어·문장,4a85cad5-5fe6-4183-be40-b95099be1db8,가마치통닭해운대구남점,통닭,해운대시장,전통시장,부산광역시,,,
a104d651d5059c366476,full_annotation_v1,A,q_정육_12,계란 사는 곳,식료품 중 '정육'을 판매·제공하는 매장,train,정육,T4 구어·문장,b8514cc7-d61b-4adf-8aca-2d43971f3bf8,재성농장,계란,면곡시장 골목형상점가,골목형상점가,서울특별시,,,
65a2f303793ea789527d,full_annotation_v1,A,q_정육_12,계란 사는 곳,식료품 중 '정육'을 판매·제공하는 매장,train,정육,T4 구어·문장,c4babf99-1784-41ca-9f9f-9220e9febe80,미니상점,의류소매,이도패션거리 골목형상점가,골목형상점가,제주특별자치도,,,
2bd47adab5fec6bc3c40,full_annotation_v1,A,q_정육_12,계란 사는 곳,식료품 중 '정육'을 판매·제공하는 매장,train,정육,T4 구어·문장,e57ad511-51e7-4995-ae59-b362d6c099cb,성원계란,계란,김해 외동전통시장,전통시장,경상남도,,,
0696eeb246f9c67dfee6,full_annotation_v1,A,q_정육_12,계란 사는 곳,식료품 중 '정육'을 판매·제공하는 매장,train,정육,T4 구어·문장,b5f2c01c-e3a1-47df-a394-af9285e03245,동원축산,계란,월곡달빛오거리골목형상점가,골목형상점가,서울특별시,,,
2bbf189de613ef53b9f4,full_annotation_v1,A,q_정육_12,계란 사는 곳,식료품 중 '정육'을 판매·제공하는 매장,train,정육,T4 구어·문장,3119b2d9-5865-4577-9a50-c90df06d3465,금강계란,계란,노암길골목형상점가,골목형상점가,강원특별자치도,,,
2a93b28f63c7665bb1e9,full_annotation_v1,A,q_정육_12,계란 사는 곳,식료품 중 '정육'을 판매·제공하는 매장,train,정육,T4 구어·문장,080611f9-2bc6-485c-88ff-62a839f9cbd2,푸줏간 수정점,,황금수정 골목형상점가,골목형상점가,부산광역시,,,
c27ce4cdad7292debc10,full_annotation_v1,A,q_정육_12,계란 사는 곳,식료품 중 '정육'을 판매·제공하는 매장,train,정육,T4 구어·문장,3f78f233-144b-4e7d-82c7-befa3bdf0a83,신통치킨(원내점),치킨,진잠 골목형상점가,골목형상점가,대전광역시,,,
e431af406f343bc2108b,full_annotation_v1,A,q_정육_12,계란 사는 곳,식료품 중 '정육'을 판매·제공하는 매장,train,정육,T4 구어·문장,0023ae9b-466c-4881-afd0-ff8ac2890d72,돈.우정육점,식육,여수서시장주변시장,전통시장,전라남도,,,
7cb4859063c4a72ad15e,full_annotation_v1,A,q_정육_12,계란 사는 곳,식료품 중 '정육'을 판매·제공하는 매장,train,정육,T4 구어·문장,ee4ce29f-6adb-469c-adb3-6abd9e318d2b,보떼일신시장점,화장품,일신시장(舊 부일종합시장),전통시장,인천광역시,,,
c082afcf250c0894d0a1,full_annotation_v1,A,q_정육_12,계란 사는 곳,식료품 중 '정육'을 판매·제공하는 매장,train,정육,T4 구어·문장,00831405-3dce-4f59-90cd-81fc3f837a63,보광축산,정육,원당시장(구 원당전통시장),전통시장,경기도,,,
5074d237e75cc1b65547,full_annotation_v1,A,q_정육_12,계란 사는 곳,식료품 중 '정육'을 판매·제공하는 매장,train,정육,T4 구어·문장,0d71bec4-7139-4359-a245-6d269602d382,구구상회,계란,간성전통시장(구 천년고성시장),전통시장,강원특별자치도,,,
7f9b13ba2bb73a1ef7f5,full_annotation_v1,A,q_정육_12,계란 사는 곳,식료품 중 '정육'을 판매·제공하는 매장,train,정육,T4 구어·문장,40498f01-ad1f-4156-9176-01b6ea00f555,보양계란,계란,녹동전통시장,전통시장,전라남도,,,
ba18a259fa53d0b972ef,full_annotation_v1,A,q_정육_12,계란 사는 곳,식료품 중 '정육'을 판매·제공하는 매장,train,정육,T4 구어·문장,00bdaed4-8c0c-4e39-9198-736e0be49945,대신식육,식육,중앙식료시장(중앙먹통시장),전통시장,전라남도,,,
b44e2c7712bc5366e872,full_annotation_v1,A,q_정육_12,계란 사는 곳,식료품 중 '정육'을 판매·제공하는 매장,train,정육,T4 구어·문장,008f0459-6681-4e70-8149-1a6d9ff1a2a5,육간지,삼겹살,구미 진평음식문화특화거리 골목형상점가,골목형상점가,경상북도,,,
33a8a9a20aeeac879b5c,full_annotation_v1,A,q_정육_12,계란 사는 곳,식료품 중 '정육'을 판매·제공하는 매장,train,정육,T4 구어·문장,06130050-b053-4db0-83cb-b5cc96f9b848,진보계란,계란,진보전통시장,전통시장,경상북도,,,
37c0947194cbad335f60,full_annotation_v1,A,q_정육_12,계란 사는 곳,식료품 중 '정육'을 판매·제공하는 매장,train,정육,T4 구어·문장,14b122e6-33db-40a8-9e07-21ec754e2c5b,함안계란,계란,함안 가야전통시장,전통시장,경상남도,,,
a563b5f0d2dbd1701c87,full_annotation_v1,A,q_정육_12,계란 사는 곳,식료품 중 '정육'을 판매·제공하는 매장,train,정육,T4 구어·문장,f3cb2d12-fccf-434b-9a38-b00cdf81f983,코리아에그,계란,부산새벽시장,전통시장,부산광역시,,,
43704de7266f9558759c,full_annotation_v1,A,q_정육_12,계란 사는 곳,식료품 중 '정육'을 판매·제공하는 매장,train,정육,T4 구어·문장,1b2de0a8-fcbe-4161-8cad-ca9e8110eac6,킴스,소매업(내의 셔츠),소공 지하쇼핑센터,일반지하상점가,서울특별시,,,
25b07b43501c5624b1c5,full_annotation_v1,A,q_정육_12,계란 사는 곳,식료품 중 '정육'을 판매·제공하는 매장,train,정육,T4 구어·문장,32b17a41-9cf3-4932-a9f3-f3980cb78932,좋은계란할인점,계란,은행나무시장(구시흥중앙시장),전통시장,서울특별시,,,
cad154382a071a72c37e,full_annotation_v1,A,q_정육_12,계란 사는 곳,식료품 중 '정육'을 판매·제공하는 매장,train,정육,T4 구어·문장,0008f8f4-4c6e-4c4a-ad64-76aaea3d2d18,대성정육점,정육,평택국제중앙시장,전통시장,경기도,,,
fb5067774b1ae5c29736,full_annotation_v1,A,q_정육_12,계란 사는 곳,식료품 중 '정육'을 판매·제공하는 매장,train,정육,T4 구어·문장,1332a39f-54d3-4d10-88ac-1a83be003f35,두성계란,계란,각화도매 골목형상점가,골목형상점가,광주광역시,,,
d47fce9b5bb1f1f9bd4a,full_annotation_v1,A,q_정육_12,계란 사는 곳,식료품 중 '정육'을 판매·제공하는 매장,train,정육,T4 구어·문장,003d2015-a21c-44e2-9d66-c6f97ba3c296,집중호우,한우,하단자율상권구역,기타,부산광역시,,,
4cf0afd152fa91cdce38,full_annotation_v1,A,q_정육_12,계란 사는 곳,식료품 중 '정육'을 판매·제공하는 매장,train,정육,T4 구어·문장,8610ba34-71f0-49d3-bd3f-96fbe105f772,오창계란,계란,가경터미널시장,전통시장,충청북도,,,
359165848cd9edaa0eb5,full_annotation_v1,A,q_정육_12,계란 사는 곳,식료품 중 '정육'을 판매·제공하는 매장,train,정육,T4 구어·문장,0598b6c8-c45e-444c-9b34-ff024b885ee8,서울갈비,갈비,행복상점가,자율상권구역,경상북도,,,
43bcbe6035e01830e6b5,full_annotation_v1,A,q_정육_12,계란 사는 곳,식료품 중 '정육'을 판매·제공하는 매장,train,정육,T4 구어·문장,6179b854-1645-4db0-aec7-2112871525b1,영주계란,계란,단양구경시장(단양인정시장),전통시장,충청북도,,,
ce5b421fc2ac81143699,full_annotation_v1,A,q_정육_12,계란 사는 곳,식료품 중 '정육'을 판매·제공하는 매장,train,정육,T4 구어·문장,033ab0da-f546-4879-93a7-5bf7e6327bf3,시장식당,국밥,광양5일시장,전통시장,,,,
03412490f169d6b4e3eb,full_annotation_v1,A,q_정육_12,계란 사는 곳,식료품 중 '정육'을 판매·제공하는 매장,train,정육,T4 구어·문장,00ac87c2-aed5-4a62-8b09-76cbea625145,내고향청보리한우직판장,소고기 돼지고기,마륵동상인회 골목형상점가,골목형상점가,광주광역시,,,
f06d54e35f772181a169,full_annotation_v1,A,q_정육_12,계란 사는 곳,식료품 중 '정육'을 판매·제공하는 매장,train,정육,T4 구어·문장,0df0ddee-c9e8-4979-b57f-e0e60cb8f0c0,매일계란,계란,학성새벽시장,전통시장,울산광역시,,,
763e40145bced14fdbb7,full_annotation_v1,A,q_정육_12,계란 사는 곳,식료품 중 '정육'을 판매·제공하는 매장,train,정육,T4 구어·문장,00a5a31e-6208-4900-9553-18f188bfcbfc,올바른고깃간일곡점,정육점,일곡동 골목형상점가,골목형상점가,광주광역시,,,
7ed2e97f05c4d092e26d,full_annotation_v1,A,q_정육_12,계란 사는 곳,식료품 중 '정육'을 판매·제공하는 매장,train,정육,T4 구어·문장,24456103-f6b8-46af-8655-82e61d7265d8,커피가 머무르는 곳,커피,반드레길골목형상점가,골목형상점가,서울특별시,,,
a931fb34fa9ab65c9adb,full_annotation_v1,A,q_정육_12,계란 사는 곳,식료품 중 '정육'을 판매·제공하는 매장,train,정육,T4 구어·문장,00175308-9fbd-437f-9c11-148745595b72,신광계란,계란,동두천큰시장,전통시장,경기도,,,
cf0486d8461040750c51,full_annotation_v1,A,q_정육_12,계란 사는 곳,식료품 중 '정육'을 판매·제공하는 매장,train,정육,T4 구어·문장,778f801b-aec6-419b-bc4a-5a977af76551,대신계란,계란,경주성동공설시장,전통시장,경상북도,,,
d49613acfadc12fe1d9f,full_annotation_v1,A,q_정육_12,계란 사는 곳,식료품 중 '정육'을 판매·제공하는 매장,train,정육,T4 구어·문장,b07fbafa-043b-4d59-b3fc-258c4fe15943,우정유통,계란,부산새벽시장,전통시장,부산광역시,,,
f80330990ffd4c6a554b,full_annotation_v1,A,q_정육_12,계란 사는 곳,식료품 중 '정육'을 판매·제공하는 매장,train,정육,T4 구어·문장,672f1302-571d-4af3-8fcc-83ddd2caabbc,참고깃간,,명륜시실로 골목형상점가,골목형상점가,부산광역시,,,
01df3d7fd12c8f621a78,full_annotation_v1,A,q_정육_12,계란 사는 곳,식료품 중 '정육'을 판매·제공하는 매장,train,정육,T4 구어·문장,ead8b767-fb5a-4a6b-a06d-cb6f37895347,미소계란,계란,오정동상점가,자율상권구역,대전광역시,,,
9c6303738ff91c76c999,full_annotation_v1,A,q_정육_12,계란 사는 곳,식료품 중 '정육'을 판매·제공하는 매장,train,정육,T4 구어·문장,005ea303-f9b7-4f3e-abcc-8460ca84ba44,은성축산물직판장,"도소매(축산물,식육판매)",남문시장,전통시장,서울특별시,,,
daa301fa023d8fedb471,full_annotation_v1,A,q_정육_12,계란 사는 곳,식료품 중 '정육'을 판매·제공하는 매장,train,정육,T4 구어·문장,0031b1fc-4212-4c47-9dad-a8fa10d8bf85,㈜금원유통,축산물,마장축산물시장,전통시장,서울특별시,,,
fb328c415189bcf99d56,full_annotation_v1,A,q_정육_12,계란 사는 곳,식료품 중 '정육'을 판매·제공하는 매장,train,정육,T4 구어·문장,f90445f3-9d64-43f7-827c-386b09ce9643,알뜰계란,계란,구역전시장,전통시장,울산광역시,,,
73be824980a820c4f9dd,full_annotation_v1,A,q_정육_12,계란 사는 곳,식료품 중 '정육'을 판매·제공하는 매장,train,정육,T4 구어·문장,0072ddc8-1b0b-4a64-b9d0-9eb309854f0c,오뚜기정육점,정육,김제중앙시장,전통시장,전북특별자치도,,,
7702a10e0887fc220b27,full_annotation_v1,A,q_정육_12,계란 사는 곳,식료품 중 '정육'을 판매·제공하는 매장,train,정육,T4 구어·문장,bf58e760-bf4e-4c17-a315-8da43911b65d,민복계란,계란,능곡시장(구 능곡전통시장),전통시장,경기도,,,
b4295e22d4a69f6f7a10,full_annotation_v1,A,q_정육_12,계란 사는 곳,식료품 중 '정육'을 판매·제공하는 매장,train,정육,T4 구어·문장,f69e8543-85b4-4452-bfd8-b939f98a5c87,합천계란,계란,학성새벽시장,전통시장,울산광역시,,,
8631a05da5f07ac680c2,full_annotation_v1,A,q_정육_12,계란 사는 곳,식료품 중 '정육'을 판매·제공하는 매장,train,정육,T4 구어·문장,95747dae-adc5-4427-b239-fded25eec2d3,황금계란,계란,산성시장,전통시장,대전광역시,,,
98f910522184d2f652be,full_annotation_v1,A,q_정육_12,계란 사는 곳,식료품 중 '정육'을 판매·제공하는 매장,train,정육,T4 구어·문장,0034b8e3-c78f-4e08-9a23-2414863de721,정육공방,소고기 돼지고기,구갈상점가,자율상권구역,경기도,,,
fb966a3390ffe2df98dc,full_annotation_v1,A,q_정육_12,계란 사는 곳,식료품 중 '정육'을 판매·제공하는 매장,train,정육,T4 구어·문장,ddb259fc-ae86-4d99-80fe-9c1715580930,노란계란,계란,송탄시장(송북시장),전통시장,경기도,,,
cba702d2e4176830a8ac,full_annotation_v1,A,q_정육_12,계란 사는 곳,식료품 중 '정육'을 판매·제공하는 매장,train,정육,T4 구어·문장,564de640-694f-4797-af66-a5d1df9c489f,푸줏간,,김천평화시장,전통시장,경상북도,,,
89e4177ee8402a600add,full_annotation_v1,A,q_정육_12,계란 사는 곳,식료품 중 '정육'을 판매·제공하는 매장,train,정육,T4 구어·문장,00265ad2-bd74-4057-b201-f6a798a8a4c9,칠분통닭오치점,치킨,오치2동 골목형상점가,골목형상점가,광주광역시,,,
9e192682ad77dfb64562,full_annotation_v1,A,q_정육_12,계란 사는 곳,식료품 중 '정육'을 판매·제공하는 매장,train,정육,T4 구어·문장,1f701ec6-aaf4-458b-9966-4aefaba1d699,새벽계란,계란,두암초주변 골목형상점가,골목형상점가,광주광역시,,,
e5ce5d400d7edd0589c0,full_annotation_v1,A,q_정육_12,계란 사는 곳,식료품 중 '정육'을 판매·제공하는 매장,train,정육,T4 구어·문장,039c05c3-9a49-40ec-86ca-28415ca76d25,미쁘다담양식돼지갈비,갈비,용봉지구 골목형상점가,골목형상점가,광주광역시,,,
6c917972c7607a3035ef,full_annotation_v1,A,q_정육_12,계란 사는 곳,식료품 중 '정육'을 판매·제공하는 매장,train,정육,T4 구어·문장,83158efd-712f-4c94-b461-85be2e438098,우일상회,계란,정이있는 구포시장,전통시장,부산광역시,,,
221d75deb4f0171bf568,full_annotation_v1,A,q_정육_12,계란 사는 곳,식료품 중 '정육'을 판매·제공하는 매장,train,정육,T4 구어·문장,03765e7f-6c3a-45a9-9ced-a124290b222b,언니,의류소매,이도패션거리 골목형상점가,골목형상점가,제주특별자치도,,,
1464cb920f4aa315d8ae,full_annotation_v1,A,q_정육_12,계란 사는 곳,식료품 중 '정육'을 판매·제공하는 매장,train,정육,T4 구어·문장,c28ab354-d747-4912-800c-957a8924dee7,수지계란,계란,방림1어린이공원 골목형상점가,골목형상점가,광주광역시,,,
d9208351d4d79055ae6d,full_annotation_v1,A,q_정육_12,계란 사는 곳,식료품 중 '정육'을 판매·제공하는 매장,train,정육,T4 구어·문장,02235e2b-ba17-4b33-aacc-c1d96790e83e,바다담은구이,식당,정릉시장,전통시장,서울특별시,,,
eb7c1b4954e46d571ec1,full_annotation_v1,A,q_정육_12,계란 사는 곳,식료품 중 '정육'을 판매·제공하는 매장,train,정육,T4 구어·문장,e91e85e7-3cac-463a-9c00-f32d24f9be9f,계란집,계란,둔산2동 골목형상점가,골목형상점가,대전광역시,,,
d83c5e8705ba79141eea,full_annotation_v1,A,q_정육_12,계란 사는 곳,식료품 중 '정육'을 판매·제공하는 매장,train,정육,T4 구어·문장,7858a246-0e21-4f33-866e-7ebec4bb2e08,태산상회,계란,영일대북부시장(구 북부시장),전통시장,경상북도,,,
ba02213624ba0216ce87,full_annotation_v1,A,q_정육_12,계란 사는 곳,식료품 중 '정육'을 판매·제공하는 매장,train,정육,T4 구어·문장,003e9326-9010-4e27-b844-c62b81ad2df8,다이소 광주 호남대점,소매,선운별 골목형상점가,골목형상점가,광주광역시,,,
9d95a19730c691f390c2,full_annotation_v1,A,q_정육_12,계란 사는 곳,식료품 중 '정육'을 판매·제공하는 매장,train,정육,T4 구어·문장,e9856a20-39da-45f6-bed7-412e96a46810,논산상회,계란,칠성시장,전통시장,대구광역시,,,
b35cb263e90b26e54144,full_annotation_v1,A,q_정육_12,계란 사는 곳,식료품 중 '정육'을 판매·제공하는 매장,train,정육,T4 구어·문장,0a36da46-ce35-4e25-b9a7-56616d582085,한미유통,계란,안성중앙시장,전통시장,경기도,,,
5323f8e7ef3d374eaa40,full_annotation_v1,A,q_정육_12,계란 사는 곳,식료품 중 '정육'을 판매·제공하는 매장,train,정육,T4 구어·문장,0120247f-1a8e-4396-882d-6476485c3f9e,사랑채,삼겹살,봉선먹자골목 골목형상점가,골목형상점가,광주광역시,,,
46b7d7284264061e3ce4,full_annotation_v1,A,q_정육_12,계란 사는 곳,식료품 중 '정육'을 판매·제공하는 매장,train,정육,T4 구어·문장,2538e343-dfd5-475d-911b-489c58742748,신개념 푸줏간,,새천년 골목형상점가,골목형상점가,경기도,,,
7e66876faeaec1001e1d,full_annotation_v1,A,q_정육_12,계란 사는 곳,식료품 중 '정육'을 판매·제공하는 매장,train,정육,T4 구어·문장,0287935d-6e8e-465e-930c-b5e8e06c38c4,탄방 고기돈,삼겹살,탄방새마을 골목형상점가,골목형상점가,대전광역시,,,
ca99d35456552ba6af81,full_annotation_v1,A,q_정육_12,계란 사는 곳,식료품 중 '정육'을 판매·제공하는 매장,train,정육,T4 구어·문장,72b4f37d-50af-47c1-b028-d50fafa2b444,좋은계란할인점,계란,연지시장,전통시장,부산광역시,,,
4fa9addf3a9cb59d4042,full_annotation_v1,A,q_정육_12,계란 사는 곳,식료품 중 '정육'을 판매·제공하는 매장,train,정육,T4 구어·문장,00027601-43e6-4d9a-a358-150cc014fe4c,닭장수후라이드,치킨,한솔동 5~6단지상점가,자율상권구역,세종특별자치시,,,
2462fd424fa667cb5a9d,full_annotation_v1,A,q_정육_12,계란 사는 곳,식료품 중 '정육'을 판매·제공하는 매장,train,정육,T4 구어·문장,00f60c16-d8be-497f-80f2-aab3209a8d0e,포카포카,식당,전남여고후문 골목형상점가,골목형상점가,광주광역시,,,
f0415582a4744bbbe5cd,full_annotation_v1,A,q_정육_12,계란 사는 곳,식료품 중 '정육'을 판매·제공하는 매장,train,정육,T4 구어·문장,05be8e6e-05cb-43d5-8c9e-ab68776e957b,낙원갈비집 부천옥길점,,부천 옥길 골목형상점가,골목형상점가,경기도,,,
5770d26dc4cf5aa7d612,full_annotation_v1,A,q_정육_12,계란 사는 곳,식료품 중 '정육'을 판매·제공하는 매장,train,정육,T4 구어·문장,c2aac704-ff49-4c45-baed-dfcd41e034bf,계란싸게파는집,계란,상원시장,전통시장,대구광역시,,,
1d3d8bb4f23023a1f315,full_annotation_v1,A,q_정육_12,계란 사는 곳,식료품 중 '정육'을 판매·제공하는 매장,train,정육,T4 구어·문장,d369c3e4-91ef-4d70-b9e3-463fb598d091,오일장계란,계란,흥해시장,전통시장,경상북도,,,
a7dfa60a0a42e048c567,full_annotation_v1,A,q_정육_12,계란 사는 곳,식료품 중 '정육'을 판매·제공하는 매장,train,정육,T4 구어·문장,00c9508a-1962-4f4c-adc8-c9227046f329,도마정육점,식육,도마큰시장,전통시장,대전광역시,,,
ba4d87701778efa75823,full_annotation_v1,A,q_정육_12,계란 사는 곳,식료품 중 '정육'을 판매·제공하는 매장,train,정육,T4 구어·문장,43de93ff-eda9-4e59-8bd5-b973a6f43b8c,신석상회,계란,오산오색시장(구 오산중앙시장),전통시장,경기도,,,
de8381e0076d11526cf4,full_annotation_v1,A,q_정육_12,계란 사는 곳,식료품 중 '정육'을 판매·제공하는 매장,train,정육,T4 구어·문장,8225c654-c393-4cd3-bf81-fb42631012f9,우리약국,"양약, 의료용품",당산로 골목형상점가,골목형상점가,전북특별자치도,,,
75393d6b9af92ed8a5f4,full_annotation_v1,A,q_정육_12,계란 사는 곳,식료품 중 '정육'을 판매·제공하는 매장,train,정육,T4 구어·문장,60d4c5aa-499a-4cd7-833c-5156d724fe8f,민희농장,계란,부전상가시장,전통시장,부산광역시,,,
f78840e586eda585c9fc,full_annotation_v1,A,q_정육_12,계란 사는 곳,식료품 중 '정육'을 판매·제공하는 매장,train,정육,T4 구어·문장,bec63ef4-301a-4047-b3bb-37158e5bfb29,도미화국밥집,한식,울진시장(울진바지게시장),전통시장,경상북도,,,
0555688d08d249cbc412,full_annotation_v1,A,q_정육_12,계란 사는 곳,식료품 중 '정육'을 판매·제공하는 매장,train,정육,T4 구어·문장,009f034c-8e3b-4a32-aab3-55ece8718004,장봐주는언니 임동점,농수축산물및 가공식품,제니스 골목형상점가,골목형상점가,광주광역시,,,
63adb5d39fa7439c058a,full_annotation_v1,A,q_정육_12,계란 사는 곳,식료품 중 '정육'을 판매·제공하는 매장,train,정육,T4 구어·문장,49178d1d-d704-496f-bb13-b47190bdc50a,계란집,계란,공주산성시장,전통시장,충청남도,,,
2cbb49485926502522f2,full_annotation_v1,A,q_정육_12,계란 사는 곳,식료품 중 '정육'을 판매·제공하는 매장,train,정육,T4 구어·문장,97666048-ef1a-4a90-b235-2db208de547c,계란짱,계란,안양농수산물 골목형상점가,골목형상점가,경기도,,,
bde815374819c2701b3f,full_annotation_v1,A,q_정육_12,계란 사는 곳,식료품 중 '정육'을 판매·제공하는 매장,train,정육,T4 구어·문장,76a3551b-dae4-4326-92cc-662015aedbfb,쉴 곳,한식,칠성로상점가,자율상권구역,제주특별자치도,,,
0de864a01340126ec916,full_annotation_v1,A,q_정육_12,계란 사는 곳,식료품 중 '정육'을 판매·제공하는 매장,train,정육,T4 구어·문장,04564ea5-0be4-4ee2-8519-e8fcaffe3485,쌍둥이국밥,국밥,첨단이웃사랑 골목형상점가,골목형상점가,광주광역시,,,
930f373c34b0a318a03e,full_annotation_v1,A,q_정육_12,계란 사는 곳,식료품 중 '정육'을 판매·제공하는 매장,train,정육,T4 구어·문장,59044a39-4840-445e-bac9-81ddc8509ff9,고분계란,계란,고분다리시장,전통시장,서울특별시,,,
fc047d753049ce28f1d0,full_annotation_v1,A,q_정육_12,계란 사는 곳,식료품 중 '정육'을 판매·제공하는 매장,train,정육,T4 구어·문장,0aad5389-cfad-4466-9fe1-d8a04dd60414,시골집숯불갈비,갈비,두암2동광신맨션주변 골목형상점가,골목형상점가,광주광역시,,,
b9d48afad0a28d4f1b5b,full_annotation_v1,A,q_정육_12,계란 사는 곳,식료품 중 '정육'을 판매·제공하는 매장,train,정육,T4 구어·문장,d18f00b1-50ec-4418-917c-889b76d74cc1,계란마스터,계란,포항죽도농산물시장,전통시장,경상북도,,,
3b0f24cda74e32df8491,full_annotation_v1,A,q_정육_12,계란 사는 곳,식료품 중 '정육'을 판매·제공하는 매장,train,정육,T4 구어·문장,97bd25eb-b8a0-435a-819e-66b67a1be8f3,김해상회,계란,만덕시장,전통시장,부산광역시,,,
fed78f2333b08e8fc0c9,full_annotation_v1,A,q_정육_12,계란 사는 곳,식료품 중 '정육'을 판매·제공하는 매장,train,정육,T4 구어·문장,4b2117b0-6813-46e8-b443-edeb55b31cd3,중앙계란,계란,평택통복시장,전통시장,경기도,,,
59642e377c2847fe3a51,full_annotation_v1,A,q_정육_12,계란 사는 곳,식료품 중 '정육'을 판매·제공하는 매장,train,정육,T4 구어·문장,004764d4-5ad9-4f22-81bb-48eac27e9e4b,60계치킨 야탑점,치킨,야탑 골목형상점가,골목형상점가,경기도,,,
a4259da58a0fbbb48d93,full_annotation_v1,A,q_정육_12,계란 사는 곳,식료품 중 '정육'을 판매·제공하는 매장,train,정육,T4 구어·문장,0367e5f3-1bf4-4d8a-bac6-655fcc2eda3f,큰집닭강정,닭강정,신도봉시장,전통시장,서울특별시,,,
f2a286b084536150d584,full_annotation_v1,A,q_정육_12,계란 사는 곳,식료품 중 '정육'을 판매·제공하는 매장,train,정육,T4 구어·문장,5c328f4c-5e06-4517-86cf-b20f9252fc81,아침애계란,계란,김제전통시장,전통시장,전북특별자치도,,,
ab6faa141df70ecf4200,full_annotation_v1,A,q_정육_12,계란 사는 곳,식료품 중 '정육'을 판매·제공하는 매장,train,정육,T4 구어·문장,770a895b-94b8-46cf-a2f0-9b2a465f058f,수정농산,계란,마포농수산물시장,전통시장,서울특별시,,,
3d18617eefb7f068603a,full_annotation_v1,A,q_정육_12,계란 사는 곳,식료품 중 '정육'을 판매·제공하는 매장,train,정육,T4 구어·문장,dcea6d45-fafb-4ae3-ae71-d0ee04c09511,미정그릇,"그릇, 담배",영천공설시장,전통시장,경상북도,,,
2ec9cbf97f533cc240fb,full_annotation_v1,A,q_정육_12,계란 사는 곳,식료품 중 '정육'을 판매·제공하는 매장,train,정육,T4 구어·문장,fc8cc817-4cd0-4f74-bcbd-9e66ada22617,아산계란,계란,구월도매전통시장,전통시장,인천광역시,,,
64faf3c2e9833cee0c09,full_annotation_v1,A,q_정육_12,계란 사는 곳,식료품 중 '정육'을 판매·제공하는 매장,train,정육,T4 구어·문장,8fe5830a-14d7-4258-9bb4-788bbc3ed533,싱싱계란,계란 과일,첨단이웃사랑 골목형상점가,골목형상점가,광주광역시,,,
0540c0f6c5c768de3d97,full_annotation_v1,A,q_정육_12,계란 사는 곳,식료품 중 '정육'을 판매·제공하는 매장,train,정육,T4 구어·문장,41d11001-9d7b-4965-9bae-0af94922cf12,철이네고깃간(중흥점),,유동 경열로 골목형상점가,골목형상점가,광주광역시,,,
a390d709bb4ac1373014,full_annotation_v1,A,q_정육_12,계란 사는 곳,식료품 중 '정육'을 판매·제공하는 매장,train,정육,T4 구어·문장,f2a72264-986a-4676-bf06-345ce92b214f,꼬꼬달걀,계란,길동복조리시장,전통시장,서울특별시,,,
6868aa62e77c851e4671,full_annotation_v1,A,q_정육_12,계란 사는 곳,식료품 중 '정육'을 판매·제공하는 매장,train,정육,T4 구어·문장,01c857cd-3f28-4d83-8fa4-e0abcfb44fbd,수연국밥,국밥,두암사거리 골목형상점가,골목형상점가,광주광역시,,,
568a02e58ffab98d5d9f,full_annotation_v1,A,q_정육_12,계란 사는 곳,식료품 중 '정육'을 판매·제공하는 매장,train,정육,T4 구어·문장,0363b125-0829-46ae-b0be-f23ada850390,정성육회울산송정점,한우뭉티기&한우육회,송정청춘 골목형상점가,골목형상점가,울산광역시,,,
c07f774b4b56f28a9144,full_annotation_v1,A,q_정육_12,계란 사는 곳,식료품 중 '정육'을 판매·제공하는 매장,train,정육,T4 구어·문장,ea4e4dc3-5f29-4fc5-b43e-8c7a6d853cff,은정약국,의약품,두텁바위 골목형상점가,골목형상점가,서울특별시,,,
050d94bea12665707f2a,full_annotation_v1,A,q_정육_12,계란 사는 곳,식료품 중 '정육'을 판매·제공하는 매장,train,정육,T4 구어·문장,e5d964b8-36f2-402e-8ab0-cf065cd70a47,울산계란,계란,학성새벽시장,전통시장,울산광역시,,,
3ca19360d64f9b4bfcd5,full_annotation_v1,A,q_정육_12,계란 사는 곳,식료품 중 '정육'을 판매·제공하는 매장,train,정육,T4 구어·문장,3cb99293-6286-433c-9179-0e47f61947d6,무인계란집,계란,대주먹자골목 골목형상점가,골목형상점가,광주광역시,,,
9852c579afff037275e8,full_annotation_v1,A,q_정육_12,계란 사는 곳,식료품 중 '정육'을 판매·제공하는 매장,train,정육,T4 구어·문장,286ae7d8-bd3d-476a-964d-950f15a9b21f,유달계란,계란,목포항동시장,전통시장,,,,
98a4164567365349bfbf,full_annotation_v1,A,q_정육_12,계란 사는 곳,식료품 중 '정육'을 판매·제공하는 매장,train,정육,T4 구어·문장,0130dbd3-b9ea-43f4-98fd-26d8afd90b78,모래내시장순대,식당,전주모래내시장,전통시장,전북특별자치도,,,
cb355ca4350a14b8aa3f,full_annotation_v1,A,q_정육_12,계란 사는 곳,식료품 중 '정육'을 판매·제공하는 매장,train,정육,T4 구어·문장,2743811c-5e71-4d2b-aa75-1b0147d44f2d,사우 꽃이 피는 곳,꽃,김포 풍년마을 골목형상점가,골목형상점가,경기도,,,
81238af7b8d1952c37b2,full_annotation_v1,A,q_정육_12,계란 사는 곳,식료품 중 '정육'을 판매·제공하는 매장,train,정육,T4 구어·문장,bf513289-e456-49b2-8ead-863fda6d709d,나리노,카페,두텁바위 골목형상점가,골목형상점가,서울특별시,,,
8b931202dc72d79d6e2d,full_annotation_v1,A,q_정육_12,계란 사는 곳,식료품 중 '정육'을 판매·제공하는 매장,train,정육,T4 구어·문장,00e3332a-4796-482d-9660-702bcf084fb0,대흥축산,축산물,가락몰골목형상점가,골목형상점가,서울특별시,,,
0b28c6ecc38b30cb8308,full_annotation_v1,A,q_정육_12,계란 사는 곳,식료품 중 '정육'을 판매·제공하는 매장,train,정육,T4 구어·문장,93ebcc1a-ffc9-4ab9-ba94-fc066fc0af68,대구계란,계란,서부시장,전통시장,대구광역시,,,
c5c44d6941fa462ba8a6,full_annotation_v1,A,q_정육_12,계란 사는 곳,식료품 중 '정육'을 판매·제공하는 매장,train,정육,T4 구어·문장,0f39d40d-1aaf-4c2b-a244-64fe49adb616,상주상회,계란,상계중앙시장,전통시장,서울특별시,,,
c8e043bdd0eb54946bac,full_annotation_v1,A,q_정육_12,계란 사는 곳,식료품 중 '정육'을 판매·제공하는 매장,train,정육,T4 구어·문장,f09b4b7c-b75b-40a3-b2d4-43ad097aceab,화성상회,계란,영주종합시장,전통시장,경상북도,,,
909879c76ba5485d4444,full_annotation_v1,A,q_정육_12,계란 사는 곳,식료품 중 '정육'을 판매·제공하는 매장,train,정육,T4 구어·문장,0038f694-919c-4289-8bc1-a5e6549274e1,달인닭강정,닭강정,서귀포매일올레시장,전통시장,제주특별자치도,,,
13c8401adc6477f80307,full_annotation_v1,A,q_정육_12,계란 사는 곳,식료품 중 '정육'을 판매·제공하는 매장,train,정육,T4 구어·문장,01e3bdc3-fa69-409b-9f56-9ab1b44ede16,바우닭강정,닭강정,자양전통시장,전통시장,서울특별시,,,
b2ebede729c3ecae981f,full_annotation_v1,A,q_정육_12,계란 사는 곳,식료품 중 '정육'을 판매·제공하는 매장,train,정육,T4 구어·문장,03f541e1-2781-4bd2-91a9-65b9196d82b4,또래오래치킨&참닭,삼겹살,노대물빛근린공원 골목형상점가,골목형상점가,광주광역시,,,
dfafefa8a93f347fdff4,full_annotation_v1,A,q_정육_12,계란 사는 곳,식료품 중 '정육'을 판매·제공하는 매장,train,정육,T4 구어·문장,501a8c85-6b8f-4837-a2f6-092395b340f8,알집,계란,신남네거리상점가,자율상권구역,대구광역시,,,
730a35b02253e082e97d,full_annotation_v1,A,q_정육_12,계란 사는 곳,식료품 중 '정육'을 판매·제공하는 매장,train,정육,T4 구어·문장,263d4cd1-5a0d-45b6-9e68-b38558e9f160,고깃간,,부평종합시장,전통시장,인천광역시,,,
0cc8fd9bb2fb2b3d9efc,full_annotation_v1,A,q_정육_12,계란 사는 곳,식료품 중 '정육'을 판매·제공하는 매장,train,정육,T4 구어·문장,c1f089a9-c6c0-4af0-b318-9a415f345ec2,대신계란,계란,중앙신시장,전통시장,경상북도,,,
7bc53502289d42766b26,full_annotation_v1,A,q_정육_12,계란 사는 곳,식료품 중 '정육'을 판매·제공하는 매장,train,정육,T4 구어·문장,a88bf612-31e4-4f1a-a2b6-435ba1402329,아씨방,이불,석바위시장,전통시장,인천광역시,,,
d06a249e4eb452d190eb,full_annotation_v1,A,q_정육_12,계란 사는 곳,식료품 중 '정육'을 판매·제공하는 매장,train,정육,T4 구어·문장,004961cf-a775-4bcc-87a9-067c385bb9e7,삼미식육,식육,구포축산물도매시장,전통시장,부산광역시,,,
56ce5d91f55da72e230a,full_annotation_v1,A,q_정육_12,계란 사는 곳,식료품 중 '정육'을 판매·제공하는 매장,train,정육,T4 구어·문장,e72212bd-5828-4fb7-9da3-6f214679f470,우리집계란,계란,일곡동(제10지역:자연마을 전용주택단지) 골목형상점가,골목형상점가,광주광역시,,,
455fcc4d5e8bbbe4d4e1,full_annotation_v1,A,q_정육_12,계란 사는 곳,식료품 중 '정육'을 판매·제공하는 매장,train,정육,T4 구어·문장,8b45a741-5a28-4679-9eed-6f57a42a10a2,강진계란,계란,성호시장 골목형상점가,골목형상점가,경기도,,,
6b1b6304121b0d02b528,full_annotation_v1,A,q_정육_12,계란 사는 곳,식료품 중 '정육'을 판매·제공하는 매장,train,정육,T4 구어·문장,008615e0-6a3d-45a3-b0ce-af168ae6e16e,행담정육점,소고기 돼지고기 정육,대곡시장,전통시장,대구광역시,,,
0ca48bd8b4017fc243fe,full_annotation_v1,A,q_정육_12,계란 사는 곳,식료품 중 '정육'을 판매·제공하는 매장,train,정육,T4 구어·문장,00176890-ac4c-4ce1-bf5b-c5e45dbf9c43,시골정육점,축산,답십리시장,전통시장,서울특별시,,,
6e1fd25af64af87ea0b0,full_annotation_v1,A,q_정육_12,계란 사는 곳,식료품 중 '정육'을 판매·제공하는 매장,train,정육,T4 구어·문장,86ddd3a6-557a-49f9-8ea2-0f520c55b844,총각네고깃간,,일곡동(제1지역:자연마을 일동초 거리) 골목형상점가,골목형상점가,,,,
705e36183253c6a0556e,full_annotation_v1,A,q_정육_12,계란 사는 곳,식료품 중 '정육'을 판매·제공하는 매장,train,정육,T4 구어·문장,022fb5a6-69f4-4765-88db-4228cac2ef69,랭상1992,삼겹살,오치2동 골목형상점가,골목형상점가,광주광역시,,,
fe4403bd945344322ede,full_annotation_v1,A,q_정육_12,계란 사는 곳,식료품 중 '정육'을 판매·제공하는 매장,train,정육,T4 구어·문장,00e45da9-1bb4-42fa-b0a8-63cdcea52143,수유중앙축산물백화점,정육,수유중앙시장,전통시장,서울특별시,,,
0312f5357e5ab7aedb1c,full_annotation_v1,A,q_정육_12,계란 사는 곳,식료품 중 '정육'을 판매·제공하는 매장,train,정육,T4 구어·문장,bafd00f9-4043-4b31-af2b-e75dc903102a,황금알직판장,계란,김천황금시장,전통시장,경상북도,,,
f829173c6f85d00142b0,full_annotation_v1,A,q_정육_12,계란 사는 곳,식료품 중 '정육'을 판매·제공하는 매장,train,정육,T4 구어·문장,b745cfd6-de32-40a0-a660-0df0f505260f,천지유통,계란,돌곶이시장,전통시장,서울특별시,,,
1a0b7d2ca6d7a319312e,full_annotation_v1,A,q_정육_12,계란 사는 곳,식료품 중 '정육'을 판매·제공하는 매장,train,정육,T4 구어·문장,c4b66095-024c-4527-bd37-4f5b44c03026,진주상회,계란,팔달신시장,전통시장,대구광역시,,,
492214280d2118034610,full_annotation_v1,A,q_정육_12,계란 사는 곳,식료품 중 '정육'을 판매·제공하는 매장,train,정육,T4 구어·문장,99e95ffe-f9fa-42d3-b078-8b4489844b3e,충청계란,계란,청주사창시장,전통시장,충청북도,,,
4a013eb924bf01d2e82d,full_annotation_v1,A,q_정육_12,계란 사는 곳,식료품 중 '정육'을 판매·제공하는 매장,train,정육,T4 구어·문장,0b1d8447-88e5-4681-a91b-dfacf11955d8,양화정,갈비,합정동먹자골목골목형상점가,골목형상점가,서울특별시,,,
4971884c917ea5e58725,full_annotation_v1,A,q_정육_12,계란 사는 곳,식료품 중 '정육'을 판매·제공하는 매장,train,정육,T4 구어·문장,3a17898f-fa87-44ac-afe8-1514e7e5d4a4,까사몽드,의류,고투몰(강남터미널지하도상점가),일반지하상점가,서울특별시,,,
1936019383b0f6e3f5f4,full_annotation_v1,A,q_정육_12,계란 사는 곳,식료품 중 '정육'을 판매·제공하는 매장,train,정육,T4 구어·문장,e412212e-a0fc-4024-b3ce-28a6082a94bd,주식회사청정농장,계란,마포농수산물시장,전통시장,서울특별시,,,
0e13d6e3a70efed64028,full_annotation_v1,A,q_정육_12,계란 사는 곳,식료품 중 '정육'을 판매·제공하는 매장,train,정육,T4 구어·문장,8dc2a0db-82ac-473a-b519-8e6c8a519613,합천종합식품,계란,창원 도계부부시장,전통시장,경상남도,,,
ef43a807de935f070d6b,full_annotation_v1,A,q_정육_12,계란 사는 곳,식료품 중 '정육'을 판매·제공하는 매장,train,정육,T4 구어·문장,001dda38-7874-4460-b3b0-a5717b6c36d7,오송 곱창,"한우곱창, 한우막창, 한우모듬, 한우대창, 한우염통",오송1산단오스코로골목형상점가,골목형상점가,충청북도,,,
529fb6520793f77b9086,full_annotation_v1,A,q_정육_12,계란 사는 곳,식료품 중 '정육'을 판매·제공하는 매장,train,정육,T4 구어·문장,9a0636bf-c497-4961-b1b6-12f437f328ee,동림계란,계란,화순고인돌전통시장,전통시장,전라남도,,,
b5c543b665fc9cba22cb,full_annotation_v1,A,q_정육_12,계란 사는 곳,식료품 중 '정육'을 판매·제공하는 매장,train,정육,T4 구어·문장,18a5619d-c878-4a3c-9fe5-4093460e3df5,주식회사 청년푸줏간,,인천모래내전통시장,전통시장,인천광역시,,,
3b16dd856004855928e2,full_annotation_v1,A,q_정육_12,계란 사는 곳,식료품 중 '정육'을 판매·제공하는 매장,train,정육,T4 구어·문장,01b7e8c6-feb8-4cff-a63e-2376ae18dd41,원조생굴뚝배기,국밥,고령대가야시장,전통시장,경상북도,,,
44447da44cce6adcf4b1,full_annotation_v1,A,q_정육_12,계란 사는 곳,식료품 중 '정육'을 판매·제공하는 매장,train,정육,T4 구어·문장,b6f893f3-0fec-46d7-85e5-5f93be876a15,화신마트,"식잡, 담배",당산로 골목형상점가,골목형상점가,전북특별자치도,,,
24eeefdaa4e268351b6c,full_annotation_v1,A,q_정육_12,계란 사는 곳,식료품 중 '정육'을 판매·제공하는 매장,train,정육,T4 구어·문장,c05222b8-42fe-4c52-8053-b1cb6a3deda5,봉구스밥버거,패스트푸드,청계면 목대후문 골목형상점가,골목형상점가,전라남도,,,
e087cdeb933c609125c3,full_annotation_v1,A,q_정육_12,계란 사는 곳,식료품 중 '정육'을 판매·제공하는 매장,train,정육,T4 구어·문장,02cebcf5-9e57-4988-adb9-85afcb577ccd,백미옥,국밥,한마음,골목형상점가,광주광역시,,,
cee70dfbd12e93146e5c,full_annotation_v1,A,q_정육_12,계란 사는 곳,식료품 중 '정육'을 판매·제공하는 매장,train,정육,T4 구어·문장,944c31e7-ff22-44d7-965f-8d5dccfd1496,새계란상회,계란,하동공설시장,전통시장,경상남도,,,
ba196a3173012bec0444,full_annotation_v1,A,q_정육_12,계란 사는 곳,식료품 중 '정육'을 판매·제공하는 매장,train,정육,T4 구어·문장,28753b89-41b5-46fc-99e4-fa7414b703b8,해운대 광순이네 고깃간,,좌동재래시장,전통시장,부산광역시,,,
79e6ce955b51ad756744,full_annotation_v1,A,q_정육_12,계란 사는 곳,식료품 중 '정육'을 판매·제공하는 매장,train,정육,T4 구어·문장,523c5d80-dbbc-4d30-bb03-f3e62e4ae591,재우상회,계란,가락몰골목형상점가,골목형상점가,서울특별시,,,
6a0e04c9b9eccfa53c0e,full_annotation_v1,A,q_정육_12,계란 사는 곳,식료품 중 '정육'을 판매·제공하는 매장,train,정육,T4 구어·문장,6f8c12bf-c195-4b54-a4a3-820eb59496fd,에그팜,계란,방이시장,전통시장,서울특별시,,,
ee547338f171efb038c3,full_annotation_v1,A,q_정육_12,계란 사는 곳,식료품 중 '정육'을 판매·제공하는 매장,train,정육,T4 구어·문장,0007af17-f23e-49b9-b7c1-5a9968727cfd,오늘닭강정,닭강정,목원대 골목형상점가,골목형상점가,대전광역시,,,
c9e432dbe7b49c9a9916,full_annotation_v1,A,q_정육_12,계란 사는 곳,식료품 중 '정육'을 판매·제공하는 매장,train,정육,T4 구어·문장,4b981bba-8ac1-4fba-95fe-ae81184394ff,비즈씨티,액세서리,부산진시장,전통시장,부산광역시,,,
ca4fec2612f1a02f5e7a,full_annotation_v1,A,q_정육_12,계란 사는 곳,식료품 중 '정육'을 판매·제공하는 매장,train,정육,T4 구어·문장,57009982-f405-4e4d-9b89-417a4d1527f1,삼일상회,계란,용산용문시장,전통시장,서울특별시,,,
9588e2e80d54663f1273,full_annotation_v1,A,q_정육_12,계란 사는 곳,식료품 중 '정육'을 판매·제공하는 매장,train,정육,T4 구어·문장,032b7c2d-89ad-4b7e-9563-c9c67c6381a9,명품한우,한우,신포동개항길골목형상점가,골목형상점가,인천광역시,,,
9f8155e779ab93b02b33,full_annotation_v1,A,q_정육_12,계란 사는 곳,식료품 중 '정육'을 판매·제공하는 매장,train,정육,T4 구어·문장,00652de3-165f-4988-9616-0ff0250e851d,합천식육점,,관문상가시장,전통시장,대구광역시,,,
6cf10069bb0fab6cc412,full_annotation_v1,A,q_정육_12,계란 사는 곳,식료품 중 '정육'을 판매·제공하는 매장,train,정육,T4 구어·문장,000bc123-8986-4a63-bd89-6076138ae351,왕장상회,치킨,자양전통시장,전통시장,서울특별시,,,
8d82e358475cae979af8,full_annotation_v1,A,q_정육_12,계란 사는 곳,식료품 중 '정육'을 판매·제공하는 매장,train,정육,T4 구어·문장,3e6a2059-5bed-44e4-b9cc-a39468de8043,준이네 푸줏간,,연동시장,전통시장,부산광역시,,,
c89351d4315379253fa1,full_annotation_v1,A,q_정육_12,계란 사는 곳,식료품 중 '정육'을 판매·제공하는 매장,train,정육,T4 구어·문장,c111ac9d-3f3a-405c-a8db-4d127ccda9e2,행복이 있는 곳,잡화,제주로얄쇼핑센터,자율상권구역,제주특별자치도,,,
8cfc166d073009f5740b,full_annotation_v1,A,q_정육_12,계란 사는 곳,식료품 중 '정육'을 판매·제공하는 매장,train,정육,T4 구어·문장,f2b98ffd-bbc5-4f80-aef1-042134404e14,수정계란,계란,학성새벽시장,전통시장,울산광역시,,,
e5d1b51fe0ab73ee629f,full_annotation_v1,A,q_정육_12,계란 사는 곳,식료품 중 '정육'을 판매·제공하는 매장,train,정육,T4 구어·문장,72d0cceb-82ba-4fb1-afc6-23e0e97342d9,부성농장계란,계란,진주 논개시장,전통시장,경상남도,,,
24f3c87bebc092da4ddd,full_annotation_v1,A,q_정육_12,계란 사는 곳,식료품 중 '정육'을 판매·제공하는 매장,train,정육,T4 구어·문장,072e5ab3-89e5-4d6b-ad49-3b6c16d1ebcb,반딧불계란,계란,무주시장(반딧불장터),전통시장,전북특별자치도,,,
473cae38dbeaedd0cc9c,full_annotation_v1,A,q_정육_12,계란 사는 곳,식료품 중 '정육'을 판매·제공하는 매장,train,정육,T4 구어·문장,003a1767-bcd6-410b-809e-d4b059ce50c6,홍성토종한우,,어울림 아차산 골목형상점가,골목형상점가,서울특별시,,,
57d79afb2d3a3951145c,full_annotation_v1,A,q_정육_12,계란 사는 곳,식료품 중 '정육'을 판매·제공하는 매장,train,정육,T4 구어·문장,1962b07d-dfc7-4a1a-acd3-0837444dfe4e,민희계란,계란,마산 신마산시장,전통시장,경상남도,,,
ad286ec991429b48b201,full_annotation_v1,A,q_정육_12,계란 사는 곳,식료품 중 '정육'을 판매·제공하는 매장,train,정육,T4 구어·문장,00889968-cd4d-41f2-8c6f-39e3928858a7,행복한 정육점,고기,테크노밸리 골목형상점가,골목형상점가,대전광역시,,,
158e8475ed98bf494b03,full_annotation_v1,A,q_정육_12,계란 사는 곳,식료품 중 '정육'을 판매·제공하는 매장,train,정육,T4 구어·문장,01286ec0-50e0-4540-b678-ec706fb3bcbb,설곰식당,식당,산업용재관,전통시장,대구광역시,,,
d6037bb7d055854004d3,full_annotation_v1,A,q_정육_12,계란 사는 곳,식료품 중 '정육'을 판매·제공하는 매장,train,정육,T4 구어·문장,56b1f03f-5538-44a0-938b-19900f682909,충남상사,계란,남구로시장,전통시장,서울특별시,,,
2decfbce7170d4b9632f,full_annotation_v1,A,q_정육_12,계란 사는 곳,식료품 중 '정육'을 판매·제공하는 매장,train,정육,T4 구어·문장,6092529e-7281-473e-b34d-734314bc6f56,송탄계란,계란,평택국제중앙시장,전통시장,경기도,,,
5b9357e6c899665580c7,full_annotation_v1,A,q_정육_12,계란 사는 곳,식료품 중 '정육'을 판매·제공하는 매장,train,정육,T4 구어·문장,01b26e64-6b71-43f5-b47d-9764a4f70565,예산상회,계란,돈암시장,전통시장,서울특별시,,,
acf3548b59d060499d36,full_annotation_v1,A,q_정육_12,계란 사는 곳,식료품 중 '정육'을 판매·제공하는 매장,train,정육,T4 구어·문장,09ea547e-7b2d-4c00-86d9-135540436c58,산격계란,계란,산격종합시장,전통시장,대구광역시,,,
d2aebd1e63a8b4c6af74,full_annotation_v1,A,q_정육_12,계란 사는 곳,식료품 중 '정육'을 판매·제공하는 매장,train,정육,T4 구어·문장,182b2bbc-736a-4159-a39c-b7f20f1a2756,능허대계란,계란,옥련시장,전통시장,인천광역시,,,
eb019c97d1fbd825210f,full_annotation_v1,A,q_정육_12,계란 사는 곳,식료품 중 '정육'을 판매·제공하는 매장,train,정육,T4 구어·문장,e95868f8-a35d-478c-9d9a-86e40ecf50f1,수도계란,계란,중흥햇빛촌 골목형상점가,골목형상점가,광주광역시,,,
c45a618378928fa85d00,full_annotation_v1,A,q_정육_12,계란 사는 곳,식료품 중 '정육'을 판매·제공하는 매장,train,정육,T4 구어·문장,d4a36d9e-1138-4de1-a191-40fcbdc06024,진형계란,계란,평택통복시장,전통시장,경기도,,,
f2eb4a9771c2a994d5f8,full_annotation_v1,A,q_정육_12,계란 사는 곳,식료품 중 '정육'을 판매·제공하는 매장,train,정육,T4 구어·문장,000d4d47-3a3f-4a73-9fce-cd3802a5ebb3,은여우두마리치킨,치킨,봉곡우전로 골목형상점가,골목형상점가,전북특별자치도,,,
a17bfb2ce3a7aae7cb47,full_annotation_v1,A,q_정육_12,계란 사는 곳,식료품 중 '정육'을 판매·제공하는 매장,train,정육,T4 구어·문장,5faf8e00-275d-43a7-b74b-d6a73a1f957e,수정상회,계란,사가정시장,전통시장,서울특별시,,,
fbc1955a7c02f141b6e8,full_annotation_v1,A,q_정육_12,계란 사는 곳,식료품 중 '정육'을 판매·제공하는 매장,train,정육,T4 구어·문장,023a95f4-f5cb-4b2e-b978-690c41d48d54,대송회센타,식당,대송시장,전통시장,울산광역시,,,
42a2ab1b1773bb9b7841,full_annotation_v1,A,q_정육_13,국거리 고기 살 곳,식료품 중 '정육'을 판매·제공하는 매장,train,정육,T4 구어·문장,4327d346-9220-4d1f-9a23-a636748a1590,항껍,고기,태백중앙로상점가,자율상권구역,강원특별자치도,,,
458e3609576c26f045d1,full_annotation_v1,A,q_정육_13,국거리 고기 살 곳,식료품 중 '정육'을 판매·제공하는 매장,train,정육,T4 구어·문장,b44e330e-9433-4383-9953-2147d6684fbc,해밀락,고기,송도 아트포레 판매시설 골목형상점가,골목형상점가,인천광역시,,,
c1577f1192dfcc618cdd,full_annotation_v1,A,q_정육_13,국거리 고기 살 곳,식료품 중 '정육'을 판매·제공하는 매장,train,정육,T4 구어·문장,224e5059-942b-4b44-85cd-490a686544cc,돈,고기,용봉지구 골목형상점가,골목형상점가,광주광역시,,,
f9041dba9d15d7ea73e6,full_annotation_v1,A,q_정육_13,국거리 고기 살 곳,식료품 중 '정육'을 판매·제공하는 매장,train,정육,T4 구어·문장,869d781a-eccb-4d95-afb0-20121fa94fa9,제주돝,고기,이중섭거리 명동로상가,골목형상점가,제주특별자치도,,,
4b3bfa30efbf37876860,full_annotation_v1,A,q_정육_13,국거리 고기 살 곳,식료품 중 '정육'을 판매·제공하는 매장,train,정육,T4 구어·문장,99ae8ccd-ad8c-4c23-8435-7a6ec639d137,영광식육점,고기,창원 소계시장,전통시장,경상남도,,,
8b875a4a64023290369d,full_annotation_v1,A,q_정육_13,국거리 고기 살 곳,식료품 중 '정육'을 판매·제공하는 매장,train,정육,T4 구어·문장,82197f4e-550b-4f6a-928e-d141634c9e05,반송대패,고기,창원 반송시장,전통시장,경상남도,,,
a122e029dc9e1185385d,full_annotation_v1,A,q_정육_13,국거리 고기 살 곳,식료품 중 '정육'을 판매·제공하는 매장,train,정육,T4 구어·문장,0a0e9849-2d79-4383-967e-f44629e1cd00,갈불놀이,고기,대명여울빛거리시장,전통시장,서울특별시,,,
55bbb96b4caa4153bf49,full_annotation_v1,A,q_정육_13,국거리 고기 살 곳,식료품 중 '정육'을 판매·제공하는 매장,train,정육,T4 구어·문장,0d59cc17-2fb1-4b9c-be93-f4b8d9305d1c,새마을축산,고기,마산 수남상가,전통시장,경상남도,,,
9b600f32cdbd8e46ade8,full_annotation_v1,A,q_정육_13,국거리 고기 살 곳,식료품 중 '정육'을 판매·제공하는 매장,train,정육,T4 구어·문장,4f2eb289-2615-4541-ac4f-a1cb25e88c66,마포소금구이,고기,강남개포시장(구 개포2동중심상점가),자율상권구역,서울특별시,,,
c24f5b6579c06b92b699,full_annotation_v1,A,q_정육_13,국거리 고기 살 곳,식료품 중 '정육'을 판매·제공하는 매장,train,정육,T4 구어·문장,e5c7fddf-b2d4-4c2a-aba6-cc7b10485417,대성식당,고기,포항죽도시장,전통시장,경상북도,,,
a2c74cc01e20dcd5761f,full_annotation_v1,A,q_정육_13,국거리 고기 살 곳,식료품 중 '정육'을 판매·제공하는 매장,train,정육,T4 구어·문장,6dbc706b-973f-4261-a856-2c145c345c47,협동고기백화점,고기,순천역전시장,전통시장,전라남도,,,
37767020aa8cadc1fd44,full_annotation_v1,A,q_정육_13,국거리 고기 살 곳,식료품 중 '정육'을 판매·제공하는 매장,train,정육,T4 구어·문장,6104e55e-0dea-4627-a198-a4e840bee82e,수미식당,고기,어울림마당 골목형상점가,골목형상점가,부산광역시,,,
8a21e50a9c18303dffc3,full_annotation_v1,A,q_정육_13,국거리 고기 살 곳,식료품 중 '정육'을 판매·제공하는 매장,train,정육,T4 구어·문장,24d324e6-3210-49fd-8263-849d9b4e8b5d,골목시장,고기,용봉지구 골목형상점가,골목형상점가,광주광역시,,,
47f0e32984b70c8046fe,full_annotation_v1,A,q_정육_13,국거리 고기 살 곳,식료품 중 '정육'을 판매·제공하는 매장,train,정육,T4 구어·문장,c237ed86-d4d4-4f5b-aecd-6e123ab7bafb,미친고기,고기,풍암신암상인회 골목형상점가,골목형상점가,광주광역시,,,
4a8221297f594b209f36,full_annotation_v1,A,q_정육_13,국거리 고기 살 곳,식료품 중 '정육'을 판매·제공하는 매장,train,정육,T4 구어·문장,16e5f918-73b0-4427-b29e-14b3aa342b76,일빴따,고기,운천역상인회 골목형상점가,골목형상점가,광주광역시,,,
aaed90280480d10b0534,full_annotation_v1,A,q_정육_13,국거리 고기 살 곳,식료품 중 '정육'을 판매·제공하는 매장,train,정육,T4 구어·문장,57def4f8-2e2b-4138-abf2-d2ea1acfe077,홍성한우,고기,동원전통종합시장,전통시장,서울특별시,,,
694c54cef6734fd54422,full_annotation_v1,A,q_정육_13,국거리 고기 살 곳,식료품 중 '정육'을 판매·제공하는 매장,train,정육,T4 구어·문장,ae3c572e-6853-4db7-a10a-2a5f397f5a54,대패한쌈,고기,이천중앙로상가,자율상권구역,경기도,,,
62774013c57ac363a526,full_annotation_v1,A,q_정육_13,국거리 고기 살 곳,식료품 중 '정육'을 판매·제공하는 매장,train,정육,T4 구어·문장,f0cb432d-6d88-41cf-8ec9-f90dbb6d2658,매머드익스프레스 광주수완점,음료비알콜,희담길,골목형상점가,광주광역시,,,
9b69de156ac82b2aab89,full_annotation_v1,A,q_정육_13,국거리 고기 살 곳,식료품 중 '정육'을 판매·제공하는 매장,train,정육,T4 구어·문장,01b7e8c6-feb8-4cff-a63e-2376ae18dd41,원조생굴뚝배기,국밥,고령대가야시장,전통시장,경상북도,,,
7f351be3c15a780af70b,full_annotation_v1,A,q_정육_13,국거리 고기 살 곳,식료품 중 '정육'을 판매·제공하는 매장,train,정육,T4 구어·문장,8b2482c5-ce6b-4d6e-b399-0116f6e25241,복뿔돈,고기,신용동 육교 앞 골목형상점가,골목형상점가,광주광역시,,,
cbc1fc8af964f0880abd,full_annotation_v1,A,q_정육_13,국거리 고기 살 곳,식료품 중 '정육'을 판매·제공하는 매장,train,정육,T4 구어·문장,033ab0da-f546-4879-93a7-5bf7e6327bf3,시장식당,국밥,광양5일시장,전통시장,,,,
93d417321c427cde0a94,full_annotation_v1,A,q_정육_13,국거리 고기 살 곳,식료품 중 '정육'을 판매·제공하는 매장,train,정육,T4 구어·문장,0b1d8447-88e5-4681-a91b-dfacf11955d8,양화정,갈비,합정동먹자골목골목형상점가,골목형상점가,서울특별시,,,
937d1b12dac13293b5c9,full_annotation_v1,A,q_정육_13,국거리 고기 살 곳,식료품 중 '정육'을 판매·제공하는 매장,train,정육,T4 구어·문장,e3c52b87-c950-4132-a5d7-23df51efee5f,반촌대구막창갈매기살,고기,안양1번가 상점가,자율상권구역,경기도,,,
1a96874f796f89ac00c0,full_annotation_v1,A,q_정육_13,국거리 고기 살 곳,식료품 중 '정육'을 판매·제공하는 매장,train,정육,T4 구어·문장,9752e3d8-abda-4bc6-b506-504a47b60b80,시장식육점,고기,창원 가음정시장,전통시장,경상남도,,,
3ec134d39561a779988d,full_annotation_v1,A,q_정육_13,국거리 고기 살 곳,식료품 중 '정육'을 판매·제공하는 매장,train,정육,T4 구어·문장,cc43d7e9-b10c-4774-a8b0-6998e1b6f1f0,내고향 추어탕,한식점업,다시남목 골목형상점가,골목형상점가,울산광역시,,,
3d54f5a8f3d10ea7862c,full_annotation_v1,A,q_정육_13,국거리 고기 살 곳,식료품 중 '정육'을 판매·제공하는 매장,train,정육,T4 구어·문장,be65db6f-abbc-4df9-8e3c-bab367ba7e7e,고기서고기,고기,앞산비스타동원상가 골목형상점가,골목형상점가,대구광역시,,,
6af604c9ef6634890eec,full_annotation_v1,A,q_정육_13,국거리 고기 살 곳,식료품 중 '정육'을 판매·제공하는 매장,train,정육,T4 구어·문장,db812d71-147b-4566-9415-db7665910bfc,화포식당,고기,연신내골목형상점가,골목형상점가,서울특별시,,,
ade244b82c5b7ad5841b,full_annotation_v1,A,q_정육_13,국거리 고기 살 곳,식료품 중 '정육'을 판매·제공하는 매장,train,정육,T4 구어·문장,0c0b4dcb-670d-4682-a65e-7c233d5c9375,육미제당,고기,각화동 골목형상점가,골목형상점가,광주광역시,,,
ae7c91b0af2a6584cc05,full_annotation_v1,A,q_정육_13,국거리 고기 살 곳,식료품 중 '정육'을 판매·제공하는 매장,train,정육,T4 구어·문장,5d1b9491-a1ad-412a-9b55-9d875f97e81e,마장동고기집,고기,강서구청먹자골목골목형상점가,골목형상점가,서울특별시,,,
a4a832b908cef18203e0,full_annotation_v1,A,q_정육_13,국거리 고기 살 곳,식료품 중 '정육'을 판매·제공하는 매장,train,정육,T4 구어·문장,039c05c3-9a49-40ec-86ca-28415ca76d25,미쁘다담양식돼지갈비,갈비,용봉지구 골목형상점가,골목형상점가,광주광역시,,,
f7353c1a3db3b741d861,full_annotation_v1,A,q_정육_13,국거리 고기 살 곳,식료품 중 '정육'을 판매·제공하는 매장,train,정육,T4 구어·문장,e45043ed-ae35-442d-9f5e-eb826b833403,참숯촌,고기,운암이 골목형상점가,골목형상점가,광주광역시,,,
67f7fe1a509eddcd5281,full_annotation_v1,A,q_정육_13,국거리 고기 살 곳,식료품 중 '정육'을 판매·제공하는 매장,train,정육,T4 구어·문장,9534bfab-be0f-4463-ac75-e8d97493a853,돈향기,고기,매곡 가인 골목형상점가,골목형상점가,광주광역시,,,
7062f42caa1adcebaa5e,full_annotation_v1,A,q_정육_13,국거리 고기 살 곳,식료품 중 '정육'을 판매·제공하는 매장,train,정육,T4 구어·문장,009f034c-8e3b-4a32-aab3-55ece8718004,장봐주는언니 임동점,농수축산물및 가공식품,제니스 골목형상점가,골목형상점가,광주광역시,,,
8886503c962e00c76c61,full_annotation_v1,A,q_정육_13,국거리 고기 살 곳,식료품 중 '정육'을 판매·제공하는 매장,train,정육,T4 구어·문장,874a2c02-2576-46a8-9738-ea3f71d3ba44,한림상회,,동문수산시장,전통시장,제주특별자치도,,,
512d1b053a86f15b3938,full_annotation_v1,A,q_정육_13,국거리 고기 살 곳,식료품 중 '정육'을 판매·제공하는 매장,train,정육,T4 구어·문장,0091c18f-a074-4703-9af5-05c6495e38af,이지비야,고기,아름다운삼정로 골목형상점가,골목형상점가,광주광역시,,,
ca2f67dc6beb5585df4a,full_annotation_v1,A,q_정육_13,국거리 고기 살 곳,식료품 중 '정육'을 판매·제공하는 매장,train,정육,T4 구어·문장,001dda38-7874-4460-b3b0-a5717b6c36d7,오송 곱창,"한우곱창, 한우막창, 한우모듬, 한우대창, 한우염통",오송1산단오스코로골목형상점가,골목형상점가,충청북도,,,
19c0d092dc2a2b731749,full_annotation_v1,A,q_정육_13,국거리 고기 살 곳,식료품 중 '정육'을 판매·제공하는 매장,train,정육,T4 구어·문장,3ad564c0-7d09-431a-a675-e9f11d8434d1,할망네돔베고기,고기,외도2 골목형상점가,골목형상점가,제주특별자치도,,,
b629a194962f327e083f,full_annotation_v1,A,q_정육_13,국거리 고기 살 곳,식료품 중 '정육'을 판매·제공하는 매장,train,정육,T4 구어·문장,3f8f69a9-485e-4a17-a200-807edd83d8bd,화돌농장,고기,보령약국골목상가,자율상권구역,서울특별시,,,
dcd2b7b1962e73d3c601,full_annotation_v1,A,q_정육_13,국거리 고기 살 곳,식료품 중 '정육'을 판매·제공하는 매장,train,정육,T4 구어·문장,0034b8e3-c78f-4e08-9a23-2414863de721,정육공방,소고기 돼지고기,구갈상점가,자율상권구역,경기도,,,
cc0693e289e087b53060,full_annotation_v1,A,q_정육_13,국거리 고기 살 곳,식료품 중 '정육'을 판매·제공하는 매장,train,정육,T4 구어·문장,0008f8f4-4c6e-4c4a-ad64-76aaea3d2d18,대성정육점,정육,평택국제중앙시장,전통시장,경기도,,,
93510229c6c1356efcd6,full_annotation_v1,A,q_정육_13,국거리 고기 살 곳,식료품 중 '정육'을 판매·제공하는 매장,train,정육,T4 구어·문장,672f1302-571d-4af3-8fcc-83ddd2caabbc,참고깃간,,명륜시실로 골목형상점가,골목형상점가,부산광역시,,,
d94298aa83bf983b35fc,full_annotation_v1,A,q_정육_13,국거리 고기 살 곳,식료품 중 '정육'을 판매·제공하는 매장,train,정육,T4 구어·문장,080611f9-2bc6-485c-88ff-62a839f9cbd2,푸줏간 수정점,,황금수정 골목형상점가,골목형상점가,부산광역시,,,
391679b3b05b61839c92,full_annotation_v1,A,q_정육_13,국거리 고기 살 곳,식료품 중 '정육'을 판매·제공하는 매장,train,정육,T4 구어·문장,e55ce77f-6fb1-4168-ab55-bb9c9e781c10,수뿔마을,고기,성서계대로데오거리 골목형상점가,골목형상점가,대구광역시,,,
ac19fd7e225e987d1bbb,full_annotation_v1,A,q_정육_13,국거리 고기 살 곳,식료품 중 '정육'을 판매·제공하는 매장,train,정육,T4 구어·문장,0363b125-0829-46ae-b0be-f23ada850390,정성육회울산송정점,한우뭉티기&한우육회,송정청춘 골목형상점가,골목형상점가,울산광역시,,,
bbda17cb04feba96b832,full_annotation_v1,A,q_정육_13,국거리 고기 살 곳,식료품 중 '정육'을 판매·제공하는 매장,train,정육,T4 구어·문장,304888e4-c2b1-4db2-a5bf-e3a5de30fa54,판태네,고기,문지동 골목형상점가,골목형상점가,대전광역시,,,
b9368126d939d94bebe6,full_annotation_v1,A,q_정육_13,국거리 고기 살 곳,식료품 중 '정육'을 판매·제공하는 매장,train,정육,T4 구어·문장,929dfc7e-b9e4-48d9-bb06-dc29808bb5ba,착한막창,고기,가오동 골목형상점가,골목형상점가,대전광역시,,,
ad1ad6a17b0bd693a059,full_annotation_v1,A,q_정육_13,국거리 고기 살 곳,식료품 중 '정육'을 판매·제공하는 매장,train,정육,T4 구어·문장,f52ff182-ba2a-4fae-aad8-79d33e86690c,명륜진사갈비울산성남점,고기,젊음의거리 상점가,자율상권구역,울산광역시,,,
5fdf40cce015303c3195,full_annotation_v1,A,q_정육_13,국거리 고기 살 곳,식료품 중 '정육'을 판매·제공하는 매장,train,정육,T4 구어·문장,0023ae9b-466c-4881-afd0-ff8ac2890d72,돈.우정육점,식육,여수서시장주변시장,전통시장,전라남도,,,
0772e692b82e664b762c,full_annotation_v1,A,q_정육_13,국거리 고기 살 곳,식료품 중 '정육'을 판매·제공하는 매장,train,정육,T4 구어·문장,7c0e8db0-639e-49f5-b1d5-327d8ef1d69f,토우축산,고기,별양동상점가,자율상권구역,경기도,,,
432a55a4ecb21e2e775a,full_annotation_v1,A,q_정육_13,국거리 고기 살 곳,식료품 중 '정육'을 판매·제공하는 매장,train,정육,T4 구어·문장,13393d46-4b29-437b-9d39-31fc06ba5f32,신성정육점,고기,신태인시장,전통시장,전북특별자치도,,,
6f775a1698abd5c9a88a,full_annotation_v1,A,q_정육_13,국거리 고기 살 곳,식료품 중 '정육'을 판매·제공하는 매장,train,정육,T4 구어·문장,004961cf-a775-4bcc-87a9-067c385bb9e7,삼미식육,식육,구포축산물도매시장,전통시장,부산광역시,,,
d48c8ead21aae323f3b7,full_annotation_v1,A,q_정육_13,국거리 고기 살 곳,식료품 중 '정육'을 판매·제공하는 매장,train,정육,T4 구어·문장,827bba83-5438-4805-897e-4b0dd47fd9ac,돼지마을,고기,기린전통시장,전통시장,강원특별자치도,,,
57f9e1d717ac29640c9e,full_annotation_v1,A,q_정육_13,국거리 고기 살 곳,식료품 중 '정육'을 판매·제공하는 매장,train,정육,T4 구어·문장,263d4cd1-5a0d-45b6-9e68-b38558e9f160,고깃간,,부평종합시장,전통시장,인천광역시,,,
a061d127cb1a5f908d78,full_annotation_v1,A,q_정육_13,국거리 고기 살 곳,식료품 중 '정육'을 판매·제공하는 매장,train,정육,T4 구어·문장,0072ddc8-1b0b-4a64-b9d0-9eb309854f0c,오뚜기정육점,정육,김제중앙시장,전통시장,전북특별자치도,,,
c00ef4d348dec2223355,full_annotation_v1,A,q_정육_13,국거리 고기 살 곳,식료품 중 '정육'을 판매·제공하는 매장,train,정육,T4 구어·문장,1556b93c-7074-4343-a4e3-67ba622bc4bc,동궁숯불갈비,고기,통영 중앙동 강구안 상권활성화 구역,상권활성화구역,경상남도,,,
660aa6196625f97ecf51,full_annotation_v1,A,q_정육_13,국거리 고기 살 곳,식료품 중 '정육'을 판매·제공하는 매장,train,정육,T4 구어·문장,0287935d-6e8e-465e-930c-b5e8e06c38c4,탄방 고기돈,삼겹살,탄방새마을 골목형상점가,골목형상점가,대전광역시,,,
ce223e0b5d12737888b5,full_annotation_v1,A,q_정육_13,국거리 고기 살 곳,식료품 중 '정육'을 판매·제공하는 매장,train,정육,T4 구어·문장,0bb27eb1-434c-460b-a0d8-bbeda33e4f8f,새마을정육점,고기,진잠 골목형상점가,골목형상점가,대전광역시,,,
42dee372c0b963dd9a98,full_annotation_v1,A,q_정육_13,국거리 고기 살 곳,식료품 중 '정육'을 판매·제공하는 매장,train,정육,T4 구어·문장,00a5a31e-6208-4900-9553-18f188bfcbfc,올바른고깃간일곡점,정육점,일곡동 골목형상점가,골목형상점가,광주광역시,,,
5e35891dda125a2abb45,full_annotation_v1,A,q_정육_13,국거리 고기 살 곳,식료품 중 '정육'을 판매·제공하는 매장,train,정육,T4 구어·문장,00c9508a-1962-4f4c-adc8-c9227046f329,도마정육점,식육,도마큰시장,전통시장,대전광역시,,,
bdd564bd62c4c4c14e6f,full_annotation_v1,A,q_정육_13,국거리 고기 살 곳,식료품 중 '정육'을 판매·제공하는 매장,train,정육,T4 구어·문장,6e0dae0c-41a4-4bd2-ad22-6b9f0baa049f,감나무집식육식당,고기,마산 창동통합상가,자율상권구역,경상남도,,,
4ca9aa8292c3df947446,full_annotation_v1,A,q_정육_13,국거리 고기 살 곳,식료품 중 '정육'을 판매·제공하는 매장,train,정육,T4 구어·문장,ffdd4e40-f7e2-4a09-ba97-2d78e023bdc0,순탄고기,고기,상무연하상인회 골목형상점가,골목형상점가,광주광역시,,,
e9b9431f0c45c7042482,full_annotation_v1,A,q_정육_13,국거리 고기 살 곳,식료품 중 '정육'을 판매·제공하는 매장,train,정육,T4 구어·문장,591857d1-9047-4229-98ba-0cc82a034ec0,숙련도,고기,도화동상점가,자율상권구역,서울특별시,,,
79f24302160593389896,full_annotation_v1,A,q_정육_13,국거리 고기 살 곳,식료품 중 '정육'을 판매·제공하는 매장,train,정육,T4 구어·문장,c438def9-3bd4-440e-b010-ab29d3529d14,제일정육점,고기,의정부시장,전통시장,경기도,,,
2e2fc4cadd1e3a6ba0d4,full_annotation_v1,A,q_정육_13,국거리 고기 살 곳,식료품 중 '정육'을 판매·제공하는 매장,train,정육,T4 구어·문장,10f1916d-5239-42ba-845c-936abfb19730,환이네2호점,고기,화양제일골목시장(화양제일시장),전통시장,서울특별시,,,
7426761e49c616b0e1e7,full_annotation_v1,A,q_정육_13,국거리 고기 살 곳,식료품 중 '정육'을 판매·제공하는 매장,train,정육,T4 구어·문장,fed2552f-6e60-449d-80e6-6a6e169a5c20,대박축산,고기,신림별빛거리골목형상점가,골목형상점가,서울특별시,,,
abaa69cd07887305029a,full_annotation_v1,A,q_정육_13,국거리 고기 살 곳,식료품 중 '정육'을 판매·제공하는 매장,train,정육,T4 구어·문장,00652de3-165f-4988-9616-0ff0250e851d,합천식육점,,관문상가시장,전통시장,대구광역시,,,
77dc2f9714b9074b67ef,full_annotation_v1,A,q_정육_13,국거리 고기 살 곳,식료품 중 '정육'을 판매·제공하는 매장,train,정육,T4 구어·문장,60324871-8b19-403e-9c7e-678e2749c771,the피부빛나,화장품,쌍리단길상점가,자율상권구역,서울특별시,,,
c9533bc9941f00eab6cf,full_annotation_v1,A,q_정육_13,국거리 고기 살 곳,식료품 중 '정육'을 판매·제공하는 매장,train,정육,T4 구어·문장,000bc123-8986-4a63-bd89-6076138ae351,왕장상회,치킨,자양전통시장,전통시장,서울특별시,,,
1e0ac502b211c4856768,full_annotation_v1,A,q_정육_13,국거리 고기 살 곳,식료품 중 '정육'을 판매·제공하는 매장,train,정육,T4 구어·문장,c17147fb-5a60-4b3a-9073-702cfab82041,지리산흑돼지식당,고기,화엄상가(골목형상점가),골목형상점가,전라남도,,,
c92faab6aea86a5a6217,full_annotation_v1,A,q_정육_13,국거리 고기 살 곳,식료품 중 '정육'을 판매·제공하는 매장,train,정육,T4 구어·문장,1425d576-4cdd-486e-b155-344776bd0024,돈쌈지,고기,용산용문시장,전통시장,서울특별시,,,
783337fd8435bb4d5198,full_annotation_v1,A,q_정육_13,국거리 고기 살 곳,식료품 중 '정육'을 판매·제공하는 매장,train,정육,T4 구어·문장,032b7c2d-89ad-4b7e-9563-c9c67c6381a9,명품한우,한우,신포동개항길골목형상점가,골목형상점가,인천광역시,,,
efa341c0b796f2f66709,full_annotation_v1,A,q_정육_13,국거리 고기 살 곳,식료품 중 '정육'을 판매·제공하는 매장,train,정육,T4 구어·문장,0aad5389-cfad-4466-9fe1-d8a04dd60414,시골집숯불갈비,갈비,두암2동광신맨션주변 골목형상점가,골목형상점가,광주광역시,,,
322ef04cabfe55c11738,full_annotation_v1,A,q_정육_13,국거리 고기 살 곳,식료품 중 '정육'을 판매·제공하는 매장,train,정육,T4 구어·문장,02f9037a-c117-4db4-9d2b-9b78182978f4,반월닭강정치킨,,보령한내시장,전통시장,충청남도,,,
de82e0cde10d5ec32e3d,full_annotation_v1,A,q_정육_13,국거리 고기 살 곳,식료품 중 '정육'을 판매·제공하는 매장,train,정육,T4 구어·문장,01e3bdc3-fa69-409b-9f56-9ab1b44ede16,바우닭강정,닭강정,자양전통시장,전통시장,서울특별시,,,
2606bde00009aa44272b,full_annotation_v1,A,q_정육_13,국거리 고기 살 곳,식료품 중 '정육'을 판매·제공하는 매장,train,정육,T4 구어·문장,000d4d47-3a3f-4a73-9fce-cd3802a5ebb3,은여우두마리치킨,치킨,봉곡우전로 골목형상점가,골목형상점가,전북특별자치도,,,
835220caab1004cdbceb,full_annotation_v1,A,q_정육_13,국거리 고기 살 곳,식료품 중 '정육'을 판매·제공하는 매장,train,정육,T4 구어·문장,00889968-cd4d-41f2-8c6f-39e3928858a7,행복한 정육점,고기,테크노밸리 골목형상점가,골목형상점가,대전광역시,,,
640311d41efa544b39f6,full_annotation_v1,A,q_정육_13,국거리 고기 살 곳,식료품 중 '정육'을 판매·제공하는 매장,train,정육,T4 구어·문장,023a95f4-f5cb-4b2e-b978-690c41d48d54,대송회센타,식당,대송시장,전통시장,울산광역시,,,
2be50fdbd5df4bfe8bbd,full_annotation_v1,A,q_정육_13,국거리 고기 살 곳,식료품 중 '정육'을 판매·제공하는 매장,train,정육,T4 구어·문장,82df45b8-7d29-427d-a140-7dac13459ca0,봉자막창,고기,수완중흥대방 골목형상점가,골목형상점가,광주광역시,,,
c02dc0766b294dbf00a0,full_annotation_v1,A,q_정육_13,국거리 고기 살 곳,식료품 중 '정육'을 판매·제공하는 매장,train,정육,T4 구어·문장,0120247f-1a8e-4396-882d-6476485c3f9e,사랑채,삼겹살,봉선먹자골목 골목형상점가,골목형상점가,광주광역시,,,
ff91c7d92619a458719e,full_annotation_v1,A,q_정육_13,국거리 고기 살 곳,식료품 중 '정육'을 판매·제공하는 매장,train,정육,T4 구어·문장,66d8e311-a6b1-46f3-8e0f-fb9989860b60,계룡산축산,고기,신도꼼지락시장,전통시장,대전광역시,,,
291ae59cf538ebb51321,full_annotation_v1,A,q_정육_13,국거리 고기 살 곳,식료품 중 '정육'을 판매·제공하는 매장,train,정육,T4 구어·문장,9a02063c-9fe7-45f7-bbe0-79f2ddaa36e7,고기맛집,고기,샘머리 골목형상점가,골목형상점가,대전광역시,,,
474c26d352face4c4c9f,full_annotation_v1,A,q_정육_13,국거리 고기 살 곳,식료품 중 '정육'을 판매·제공하는 매장,train,정육,T4 구어·문장,d2a3d70d-d39c-40fb-89a1-61bd39516d2d,엉터리무한대패,고기,서면1번가 자율상권구역,,부산광역시,,,
cd619910361502429f11,full_annotation_v1,A,q_정육_13,국거리 고기 살 곳,식료품 중 '정육'을 판매·제공하는 매장,train,정육,T4 구어·문장,d1982de9-4db9-4a6b-bb74-ff7d3f7996fd,형제축산,고기,신월3동시장골목형상점가,골목형상점가,서울특별시,,,
27f524586481c434d443,full_annotation_v1,A,q_정육_13,국거리 고기 살 곳,식료품 중 '정육'을 판매·제공하는 매장,train,정육,T4 구어·문장,4277402a-22c7-4928-b77c-1885226b9b30,현대축산,고기,장안마실골목형상점가,골목형상점가,서울특별시,,,
abf8153affc5681a7566,full_annotation_v1,A,q_정육_13,국거리 고기 살 곳,식료품 중 '정육'을 판매·제공하는 매장,train,정육,T4 구어·문장,6a019489-08c6-4fac-942e-36f40530a516,청담,고기,금촌문화로시장,전통시장,경기도,,,
7c660756cd3c465a1bf7,full_annotation_v1,A,q_정육_13,국거리 고기 살 곳,식료품 중 '정육'을 판매·제공하는 매장,train,정육,T4 구어·문장,df80ed76-d471-40ac-a4df-383207c96632,지코바통닭남목점,음식점,다시남목 골목형상점가,골목형상점가,울산광역시,,,
0bb4486245f9e93c3cb5,full_annotation_v1,A,q_정육_13,국거리 고기 살 곳,식료품 중 '정육'을 판매·제공하는 매장,train,정육,T4 구어·문장,8b870e6e-eb51-45b9-a688-c8aef9913eef,할매솥뚜껑삼겹살,고기,지중해마을 골목형상점가,골목형상점가,충청남도,,,
00cd2582546a83e02ab7,full_annotation_v1,A,q_정육_13,국거리 고기 살 곳,식료품 중 '정육'을 판매·제공하는 매장,train,정육,T4 구어·문장,764f48e2-4ecf-49f4-a586-0355289dde45,걍오소,고기,치평상무역상인회 골목형상점가,골목형상점가,광주광역시,,,
a51162357a5c1984c1fb,full_annotation_v1,A,q_정육_13,국거리 고기 살 곳,식료품 중 '정육'을 판매·제공하는 매장,train,정육,T4 구어·문장,02cebcf5-9e57-4988-adb9-85afcb577ccd,백미옥,국밥,한마음,골목형상점가,광주광역시,,,
a64b05ba2698602a7c68,full_annotation_v1,A,q_정육_13,국거리 고기 살 곳,식료품 중 '정육'을 판매·제공하는 매장,train,정육,T4 구어·문장,02235e2b-ba17-4b33-aacc-c1d96790e83e,바다담은구이,식당,정릉시장,전통시장,서울특별시,,,
23fc9869e637ff9b6e67,full_annotation_v1,A,q_정육_13,국거리 고기 살 곳,식료품 중 '정육'을 판매·제공하는 매장,train,정육,T4 구어·문장,57010eae-956c-4b7f-baee-06481b5158f1,천상낙원떡집,떡류,천상중앙길 골목형상점가,골목형상점가,울산광역시,,,
b63c8251e4d9b611bc0c,full_annotation_v1,A,q_정육_13,국거리 고기 살 곳,식료품 중 '정육'을 판매·제공하는 매장,train,정육,T4 구어·문장,62ae70ee-fbbf-4fbc-99c7-7b16b5598c49,고기땡기네,고기,이중섭거리 명동로상가,골목형상점가,제주특별자치도,,,
d072a984bc802c80a380,full_annotation_v1,A,q_정육_13,국거리 고기 살 곳,식료품 중 '정육'을 판매·제공하는 매장,train,정육,T4 구어·문장,4ce61a0b-4507-47a6-b479-9257649f6f68,넙딱집,고기,첨단아미 골목형상점가,골목형상점가,광주광역시,,,
d911a77cf04d0e94f0a2,full_annotation_v1,A,q_정육_13,국거리 고기 살 곳,식료품 중 '정육'을 판매·제공하는 매장,train,정육,T4 구어·문장,c2af6736-629a-4de8-8d33-27aa38f265c5,고기안목,고기,계림그랜드센트럴 골목형상점가,골목형상점가,광주광역시,,,
899940de445ac3d28b84,full_annotation_v1,A,q_정육_13,국거리 고기 살 곳,식료품 중 '정육'을 판매·제공하는 매장,train,정육,T4 구어·문장,01c857cd-3f28-4d83-8fa4-e0abcfb44fbd,수연국밥,국밥,두암사거리 골목형상점가,골목형상점가,광주광역시,,,
646664b401e542a2dc9f,full_annotation_v1,A,q_정육_13,국거리 고기 살 곳,식료품 중 '정육'을 판매·제공하는 매장,train,정육,T4 구어·문장,bb3b06a9-695f-4c7d-a3cd-ae3c9b0f628d,고기 궁전 광신점,고기,신가동 골목형상점가,골목형상점가,광주광역시,,,
7e82ae971039e8a3f9dd,full_annotation_v1,A,q_정육_13,국거리 고기 살 곳,식료품 중 '정육'을 판매·제공하는 매장,train,정육,T4 구어·문장,66cdaa5b-fb1c-4301-8718-7f3c963a7b1b,성난화로,고기,수원역로데오거리상점가(매산로테마거리),자율상권구역,경기도,,,
c9ce8f7a9710d18dddd0,full_annotation_v1,A,q_정육_13,국거리 고기 살 곳,식료품 중 '정육'을 판매·제공하는 매장,train,정육,T4 구어·문장,04564ea5-0be4-4ee2-8519-e8fcaffe3485,쌍둥이국밥,국밥,첨단이웃사랑 골목형상점가,골목형상점가,광주광역시,,,
f310bea3182d49dc4920,full_annotation_v1,A,q_정육_13,국거리 고기 살 곳,식료품 중 '정육'을 판매·제공하는 매장,train,정육,T4 구어·문장,005ea303-f9b7-4f3e-abcc-8460ca84ba44,은성축산물직판장,"도소매(축산물,식육판매)",남문시장,전통시장,서울특별시,,,
25a0798ef2b1e30af02e,full_annotation_v1,A,q_정육_13,국거리 고기 살 곳,식료품 중 '정육'을 판매·제공하는 매장,train,정육,T4 구어·문장,00265ad2-bd74-4057-b201-f6a798a8a4c9,칠분통닭오치점,치킨,오치2동 골목형상점가,골목형상점가,광주광역시,,,
07565b04c421ff1e70cc,full_annotation_v1,A,q_정육_13,국거리 고기 살 곳,식료품 중 '정육'을 판매·제공하는 매장,train,정육,T4 구어·문장,ea4d7710-6662-44f8-8c89-03e095064f4a,호계식육점,고기,호계공설시장,전통시장,울산광역시,,,
d3eb906990a7746e55ed,full_annotation_v1,A,q_정육_13,국거리 고기 살 곳,식료품 중 '정육'을 판매·제공하는 매장,train,정육,T4 구어·문장,1589f0ae-2c11-4c41-a3b4-2e863140bd26,대박축산,고기,북부중앙 골목형상점가,골목형상점가,경기도,,,
934a68f958eb1ccaf83d,full_annotation_v1,A,q_정육_13,국거리 고기 살 곳,식료품 중 '정육'을 판매·제공하는 매장,train,정육,T4 구어·문장,2740748f-3adf-466d-bb86-d0104dc00f3b,솥뚜껑삼겹살,고기,용인어정가구단지상점가,자율상권구역,경기도,,,
bbb042dd284323fc4229,full_annotation_v1,A,q_정육_13,국거리 고기 살 곳,식료품 중 '정육'을 판매·제공하는 매장,train,정육,T4 구어·문장,a8b0ef15-b2f5-47fc-8202-a0ed6fce97a9,더(The)농장,"복숭아, 사과",충주농산물종합시장(구 중앙청과시장),전통시장,충청북도,,,
c49d52795843d1917b8f,full_annotation_v1,A,q_정육_13,국거리 고기 살 곳,식료품 중 '정육'을 판매·제공하는 매장,train,정육,T4 구어·문장,0007af17-f23e-49b9-b7c1-5a9968727cfd,오늘닭강정,닭강정,목원대 골목형상점가,골목형상점가,대전광역시,,,
cf245867e970720f8a29,full_annotation_v1,A,q_정육_13,국거리 고기 살 곳,식료품 중 '정육'을 판매·제공하는 매장,train,정육,T4 구어·문장,4b1a7a49-0891-4ed4-8402-8f4a646fbc5e,온쌈,고기,외도1 골목형상점가,골목형상점가,제주특별자치도,,,
0e5687c70877f12fa6be,full_annotation_v1,A,q_정육_13,국거리 고기 살 곳,식료품 중 '정육'을 판매·제공하는 매장,train,정육,T4 구어·문장,49311f59-e58e-4462-9659-9bbd23bbbfd7,필인스킨에스테틱,화장품,온누리상인회 골목형상점가,골목형상점가,광주광역시,,,
8235a66c10d117ab1321,full_annotation_v1,A,q_정육_13,국거리 고기 살 곳,식료품 중 '정육'을 판매·제공하는 매장,train,정육,T4 구어·문장,1b2c72c4-4d30-4838-bf14-1df3db4cc25a,산성가마솥,고기,귀인동먹거리촌 골목형상점가,골목형상점가,경기도,,,
4383ed793b8889e6afa4,full_annotation_v1,A,q_정육_13,국거리 고기 살 곳,식료품 중 '정육'을 판매·제공하는 매장,train,정육,T4 구어·문장,6331727e-8c19-4bb0-8e3f-a5962bbdf61e,삼매경,고기,518먹자골목상인회 골목형상점가,골목형상점가,광주광역시,,,
d9789850399942ecf6f7,full_annotation_v1,A,q_정육_13,국거리 고기 살 곳,식료품 중 '정육'을 판매·제공하는 매장,train,정육,T4 구어·문장,60fbcb89-9e0b-4311-a98f-3b9e78dedb6c,고기,한식,월곡달빛오거리골목형상점가,골목형상점가,서울특별시,,,
94a6650bb70ffd80e488,full_annotation_v1,A,q_정육_13,국거리 고기 살 곳,식료품 중 '정육'을 판매·제공하는 매장,train,정육,T4 구어·문장,baba2ced-55e3-4183-b69c-232ac9bcb5be,한우식육점,고기,정선사북시장,전통시장,강원특별자치도,,,
10fd679594abc64211e4,full_annotation_v1,A,q_정육_13,국거리 고기 살 곳,식료품 중 '정육'을 판매·제공하는 매장,train,정육,T4 구어·문장,86ddd3a6-557a-49f9-8ea2-0f520c55b844,총각네고깃간,,일곡동(제1지역:자연마을 일동초 거리) 골목형상점가,골목형상점가,,,,
a33083955f99d4dfc98c,full_annotation_v1,A,q_정육_13,국거리 고기 살 곳,식료품 중 '정육'을 판매·제공하는 매장,train,정육,T4 구어·문장,a2a064f3-3a2f-4e13-9135-feebc876e193,배스킨라빈스 울산천상점,아이스크림,천상중앙길 골목형상점가,골목형상점가,울산광역시,,,
f1f97d46bed7197cd1bf,full_annotation_v1,A,q_정육_13,국거리 고기 살 곳,식료품 중 '정육'을 판매·제공하는 매장,train,정육,T4 구어·문장,022fb5a6-69f4-4765-88db-4228cac2ef69,랭상1992,삼겹살,오치2동 골목형상점가,골목형상점가,광주광역시,,,
6b2c18e63e5cd8bfa6d1,full_annotation_v1,A,q_정육_13,국거리 고기 살 곳,식료품 중 '정육'을 판매·제공하는 매장,train,정육,T4 구어·문장,41d11001-9d7b-4965-9bae-0af94922cf12,철이네고깃간(중흥점),,유동 경열로 골목형상점가,골목형상점가,광주광역시,,,
91b7ee13cf66e4ce8a5b,full_annotation_v1,A,q_정육_13,국거리 고기 살 곳,식료품 중 '정육'을 판매·제공하는 매장,train,정육,T4 구어·문장,98b6e694-aa37-446d-84bd-015c1c403352,수라간,고기,녹두S밸리골목형상점가,골목형상점가,서울특별시,,,
c88b2aa3523ef3aebd63,full_annotation_v1,A,q_정육_13,국거리 고기 살 곳,식료품 중 '정육'을 판매·제공하는 매장,train,정육,T4 구어·문장,6e6faf7b-ef40-4981-b883-3f0f2b4fb8c0,착한고깃간,고기,우치서하로 골목형상점가,골목형상점가,광주광역시,,,
af70e44539f59f4fd988,full_annotation_v1,A,q_정육_13,국거리 고기 살 곳,식료품 중 '정육'을 판매·제공하는 매장,train,정육,T4 구어·문장,00e45da9-1bb4-42fa-b0a8-63cdcea52143,수유중앙축산물백화점,정육,수유중앙시장,전통시장,서울특별시,,,
57e6467b7935165d1c83,full_annotation_v1,A,q_정육_13,국거리 고기 살 곳,식료품 중 '정육'을 판매·제공하는 매장,train,정육,T4 구어·문장,6658836c-e934-4620-8e07-d919b52b3400,고기상점,고기,빛가람 호수로 골목형상점가,골목형상점가,전라남도,,,
b98dd2f513e1b2256136,full_annotation_v1,A,q_정육_13,국거리 고기 살 곳,식료품 중 '정육'을 판매·제공하는 매장,train,정육,T4 구어·문장,b4d4551c-afd8-493e-ac60-411185400a52,비에이치씨치킨(용봉점),,전남대 상대 골목형상점가,골목형상점가,광주광역시,,,
15aea2e26537cd403ab9,full_annotation_v1,A,q_정육_13,국거리 고기 살 곳,식료품 중 '정육'을 판매·제공하는 매장,train,정육,T4 구어·문장,f341ab80-8b41-4ad7-9ecf-61e57a3cd1f2,목구멍,고기,나주혁신도시 골목형상점가,골목형상점가,전라남도,,,
da7e6ca28943621be06a,full_annotation_v1,A,q_정육_13,국거리 고기 살 곳,식료품 중 '정육'을 판매·제공하는 매장,train,정육,T4 구어·문장,008615e0-6a3d-45a3-b0ce-af168ae6e16e,행담정육점,소고기 돼지고기 정육,대곡시장,전통시장,대구광역시,,,
2152e797752a36c14c73,full_annotation_v1,A,q_정육_13,국거리 고기 살 곳,식료품 중 '정육'을 판매·제공하는 매장,train,정육,T4 구어·문장,a02d67a0-6ef3-4ac6-b7b9-5ae01b9b2dec,강천연탄구이,고기,군산강천상가,자율상권구역,전북특별자치도,,,
df5184b7c4780a114716,full_annotation_v1,A,q_정육_13,국거리 고기 살 곳,식료품 중 '정육'을 판매·제공하는 매장,train,정육,T4 구어·문장,9cf570b0-be1e-40bb-9f4e-4dbd84f9be9c,생고기,고기,오류골먹자골목 골목형상점가,골목형상점가,서울특별시,,,
671e71c191ce67ab4fdc,full_annotation_v1,A,q_정육_13,국거리 고기 살 곳,식료품 중 '정육'을 판매·제공하는 매장,train,정육,T4 구어·문장,003e9326-9010-4e27-b844-c62b81ad2df8,다이소 광주 호남대점,소매,선운별 골목형상점가,골목형상점가,광주광역시,,,
03088fd93c7c286b42e6,full_annotation_v1,A,q_정육_13,국거리 고기 살 곳,식료품 중 '정육'을 판매·제공하는 매장,train,정육,T4 구어·문장,2743811c-5e71-4d2b-aa75-1b0147d44f2d,사우 꽃이 피는 곳,꽃,김포 풍년마을 골목형상점가,골목형상점가,경기도,,,
f3a11a96a9e685eb5f53,full_annotation_v1,A,q_정육_13,국거리 고기 살 곳,식료품 중 '정육'을 판매·제공하는 매장,train,정육,T4 구어·문장,9ca86ba9-9f92-4915-b081-54f36f8c1374,현대실비,고기,황지자유시장,전통시장,강원특별자치도,,,
44476238595665e34a0a,full_annotation_v1,A,q_정육_13,국거리 고기 살 곳,식료품 중 '정육'을 판매·제공하는 매장,train,정육,T4 구어·문장,564de640-694f-4797-af66-a5d1df9c489f,푸줏간,,김천평화시장,전통시장,경상북도,,,
0bc518d5ec1e2411af3d,full_annotation_v1,A,q_정육_13,국거리 고기 살 곳,식료품 중 '정육'을 판매·제공하는 매장,train,정육,T4 구어·문장,00f60c16-d8be-497f-80f2-aab3209a8d0e,포카포카,식당,전남여고후문 골목형상점가,골목형상점가,광주광역시,,,
cd17cc756cac084ef878,full_annotation_v1,A,q_정육_13,국거리 고기 살 곳,식료품 중 '정육'을 판매·제공하는 매장,train,정육,T4 구어·문장,00027601-43e6-4d9a-a358-150cc014fe4c,닭장수후라이드,치킨,한솔동 5~6단지상점가,자율상권구역,세종특별자치시,,,
8aa949db9bfc28227d9a,full_annotation_v1,A,q_정육_13,국거리 고기 살 곳,식료품 중 '정육'을 판매·제공하는 매장,train,정육,T4 구어·문장,28753b89-41b5-46fc-99e4-fa7414b703b8,해운대 광순이네 고깃간,,좌동재래시장,전통시장,부산광역시,,,
972f18f8ca4110792b29,full_annotation_v1,A,q_정육_13,국거리 고기 살 곳,식료품 중 '정육'을 판매·제공하는 매장,train,정육,T4 구어·문장,1efb9a1f-5a99-4bc9-8b4a-f7459619e5fd,김삼철,고기,전남대후문골목형상점가,골목형상점가,광주광역시,,,
b4c934e5ac8364b3c203,full_annotation_v1,A,q_정육_13,국거리 고기 살 곳,식료품 중 '정육'을 판매·제공하는 매장,train,정육,T4 구어·문장,5164a722-6911-48c3-a31e-94e46d73d4bb,태명정육점식당,고기,묵동도깨비시장골목형상점가,골목형상점가,서울특별시,,,
1e7b77deeb7df1204fab,full_annotation_v1,A,q_정육_13,국거리 고기 살 곳,식료품 중 '정육'을 판매·제공하는 매장,train,정육,T4 구어·문장,c8293090-5a14-4b42-ac25-a27a790ac053,고깃집,고기,말바우지키미 골목형상점가,골목형상점가,광주광역시,,,
110a3a13772870948104,full_annotation_v1,A,q_정육_13,국거리 고기 살 곳,식료품 중 '정육'을 판매·제공하는 매장,train,정육,T4 구어·문장,5a5c61c5-cf16-4070-995b-b55e29cf0f19,굣간,고기,봉명동우산거리 골목형상점가,골목형상점가,대전광역시,,,
6b49bfd3a081449934e1,full_annotation_v1,A,q_정육_13,국거리 고기 살 곳,식료품 중 '정육'을 판매·제공하는 매장,train,정육,T4 구어·문장,56496d5a-b76d-47be-b1ea-db82dec764e9,태양정육점,식육,평택국제중앙시장,전통시장,경기도,,,
74a8ead81fdd996ee457,full_annotation_v1,A,q_정육_13,국거리 고기 살 곳,식료품 중 '정육'을 판매·제공하는 매장,train,정육,T4 구어·문장,003d2015-a21c-44e2-9d66-c6f97ba3c296,집중호우,한우,하단자율상권구역,기타,부산광역시,,,
d878a1266394ed1fb324,full_annotation_v1,A,q_정육_13,국거리 고기 살 곳,식료품 중 '정육'을 판매·제공하는 매장,train,정육,T4 구어·문장,00831405-3dce-4f59-90cd-81fc3f837a63,보광축산,정육,원당시장(구 원당전통시장),전통시장,경기도,,,
80c2d9e8364eb3a931a9,full_annotation_v1,A,q_정육_13,국거리 고기 살 곳,식료품 중 '정육'을 판매·제공하는 매장,train,정육,T4 구어·문장,3e6a2059-5bed-44e4-b9cc-a39468de8043,준이네 푸줏간,,연동시장,전통시장,부산광역시,,,
f9c377e5dbac67d15913,full_annotation_v1,A,q_정육_13,국거리 고기 살 곳,식료품 중 '정육'을 판매·제공하는 매장,train,정육,T4 구어·문장,0031b1fc-4212-4c47-9dad-a8fa10d8bf85,㈜금원유통,축산물,마장축산물시장,전통시장,서울특별시,,,
d3182952e46480c476e4,full_annotation_v1,A,q_정육_13,국거리 고기 살 곳,식료품 중 '정육'을 판매·제공하는 매장,train,정육,T4 구어·문장,90603227-e494-4c03-9fe2-96fef9a4602b,고집,고기,장한평역먹자골목형상점가,골목형상점가,서울특별시,,,
2deae5fd9ad18b335078,full_annotation_v1,A,q_정육_13,국거리 고기 살 곳,식료품 중 '정육'을 판매·제공하는 매장,train,정육,T4 구어·문장,bdb23b28-ed3a-44dd-9d2d-213fb3368728,대구반야월막창,고기,뒷개로청춘골목상점가,골목형상점가,전라남도,,,
6cab98939ad8276ee41d,full_annotation_v1,A,q_정육_13,국거리 고기 살 곳,식료품 중 '정육'을 판매·제공하는 매장,train,정육,T4 구어·문장,00e3332a-4796-482d-9660-702bcf084fb0,대흥축산,축산물,가락몰골목형상점가,골목형상점가,서울특별시,,,
77797012502f640736da,full_annotation_v1,A,q_정육_13,국거리 고기 살 곳,식료품 중 '정육'을 판매·제공하는 매장,train,정육,T4 구어·문장,8a119df6-f706-46d4-aac7-2ea415318f6c,고기스타,고기,창원 가음정시장,전통시장,경상남도,,,
c28df842459103d2d286,full_annotation_v1,A,q_정육_13,국거리 고기 살 곳,식료품 중 '정육'을 판매·제공하는 매장,train,정육,T4 구어·문장,00176890-ac4c-4ce1-bf5b-c5e45dbf9c43,시골정육점,축산,답십리시장,전통시장,서울특별시,,,
72c33b6d7ad56f2a4b7d,full_annotation_v1,A,q_정육_13,국거리 고기 살 곳,식료품 중 '정육'을 판매·제공하는 매장,train,정육,T4 구어·문장,0130dbd3-b9ea-43f4-98fd-26d8afd90b78,모래내시장순대,식당,전주모래내시장,전통시장,전북특별자치도,,,
20f4fa090f898f6b1947,full_annotation_v1,A,q_정육_13,국거리 고기 살 곳,식료품 중 '정육'을 판매·제공하는 매장,train,정육,T4 구어·문장,00ac87c2-aed5-4a62-8b09-76cbea625145,내고향청보리한우직판장,소고기 돼지고기,마륵동상인회 골목형상점가,골목형상점가,광주광역시,,,
dfd5c26d3563d53c78f2,full_annotation_v1,A,q_정육_13,국거리 고기 살 곳,식료품 중 '정육'을 판매·제공하는 매장,train,정육,T4 구어·문장,92078122-155f-48e4-b782-9f025b5520b4,민이네숯불닭발본점,고기,한마음,골목형상점가,광주광역시,,,
a42d4dc073cbfb137e0d,full_annotation_v1,A,q_정육_13,국거리 고기 살 곳,식료품 중 '정육'을 판매·제공하는 매장,train,정육,T4 구어·문장,01286ec0-50e0-4540-b678-ec706fb3bcbb,설곰식당,식당,산업용재관,전통시장,대구광역시,,,
c904ff103240d2159c94,full_annotation_v1,A,q_정육_13,국거리 고기 살 곳,식료품 중 '정육'을 판매·제공하는 매장,train,정육,T4 구어·문장,008f0459-6681-4e70-8149-1a6d9ff1a2a5,육간지,삼겹살,구미 진평음식문화특화거리 골목형상점가,골목형상점가,경상북도,,,
f0ffc124b36ed03d2f95,full_annotation_v1,A,q_정육_13,국거리 고기 살 곳,식료품 중 '정육'을 판매·제공하는 매장,train,정육,T4 구어·문장,f013fe0b-4023-4bc4-bac5-d761271a9637,꿉소,고기,장흥중앙로 골목형상점가,골목형상점가,전라남도,,,
81fc0743baa46a7393fa,full_annotation_v1,A,q_정육_13,국거리 고기 살 곳,식료품 중 '정육'을 판매·제공하는 매장,train,정육,T4 구어·문장,e06031b4-de15-4df7-9f50-6fc9ac0a869c,불꾼,고기,중산골 골목형상점가,골목형상점가,전북특별자치도,,,
6bc7dbd61e861fb01d68,full_annotation_v1,A,q_정육_13,국거리 고기 살 곳,식료품 중 '정육'을 판매·제공하는 매장,train,정육,T4 구어·문장,b3f47014-e7cc-4eb4-94a7-e46fd8eb08ee,장터왕족발,족발,동두천큰시장,전통시장,경기도,,,
f0f3687d696bd39964aa,full_annotation_v1,A,q_정육_13,국거리 고기 살 곳,식료품 중 '정육'을 판매·제공하는 매장,train,정육,T4 구어·문장,c750b6c9-f764-4b5d-9dac-151505e20563,제주다르돈,돼지고기,수완나들목 골목형상점가,골목형상점가,광주광역시,,,
b3cc9340196c2c3f4dde,full_annotation_v1,A,q_정육_13,국거리 고기 살 곳,식료품 중 '정육'을 판매·제공하는 매장,train,정육,T4 구어·문장,26395110-ac4e-446c-96bb-fd8078f75c08,너브내축산전문판매점,고기,홍천시장(홍천구시장),전통시장,강원특별자치도,,,
73db8df697f9fced020a,full_annotation_v1,A,q_정육_13,국거리 고기 살 곳,식료품 중 '정육'을 판매·제공하는 매장,train,정육,T4 구어·문장,fad8905a-f3ea-419a-b846-9363525ba589,고기구로,고기,중흥동 큰샘길 골목형상점가,골목형상점가,광주광역시,,,
31bc6feb78b0b50756a6,full_annotation_v1,A,q_정육_13,국거리 고기 살 곳,식료품 중 '정육'을 판매·제공하는 매장,train,정육,T4 구어·문장,7fcd410d-6568-4495-af40-850a6f2285c3,큰집막창,고기,석적로강변 골목형상점가,골목형상점가,경상북도,,,
817e465a522ceeb2efe7,full_annotation_v1,A,q_정육_13,국거리 고기 살 곳,식료품 중 '정육'을 판매·제공하는 매장,train,정육,T4 구어·문장,05be8e6e-05cb-43d5-8c9e-ab68776e957b,낙원갈비집 부천옥길점,,부천 옥길 골목형상점가,골목형상점가,경기도,,,
39120d863c5ebcd27825,full_annotation_v1,A,q_정육_13,국거리 고기 살 곳,식료품 중 '정육'을 판매·제공하는 매장,train,정육,T4 구어·문장,24456103-f6b8-46af-8655-82e61d7265d8,커피가 머무르는 곳,커피,반드레길골목형상점가,골목형상점가,서울특별시,,,
affced8b4d9c85cbb27a,full_annotation_v1,A,q_정육_13,국거리 고기 살 곳,식료품 중 '정육'을 판매·제공하는 매장,train,정육,T4 구어·문장,2538e343-dfd5-475d-911b-489c58742748,신개념 푸줏간,,새천년 골목형상점가,골목형상점가,경기도,,,
ebd896202b9f3c6a8162,full_annotation_v1,A,q_정육_13,국거리 고기 살 곳,식료품 중 '정육'을 판매·제공하는 매장,train,정육,T4 구어·문장,0038f694-919c-4289-8bc1-a5e6549274e1,달인닭강정,닭강정,서귀포매일올레시장,전통시장,제주특별자치도,,,
7b79f313ed818d667292,full_annotation_v1,A,q_정육_13,국거리 고기 살 곳,식료품 중 '정육'을 판매·제공하는 매장,train,정육,T4 구어·문장,9d1718ce-e422-4f76-a425-6ad7bf133400,고기 여행,,발섬 골목형상점가,골목형상점가,,,,
35f5df95330b87b895cf,full_annotation_v1,A,q_정육_13,국거리 고기 살 곳,식료품 중 '정육'을 판매·제공하는 매장,train,정육,T4 구어·문장,18a5619d-c878-4a3c-9fe5-4093460e3df5,주식회사 청년푸줏간,,인천모래내전통시장,전통시장,인천광역시,,,
468a59071754d36dfd3c,full_annotation_v1,A,q_정육_13,국거리 고기 살 곳,식료품 중 '정육'을 판매·제공하는 매장,train,정육,T4 구어·문장,76a3551b-dae4-4326-92cc-662015aedbfb,쉴 곳,한식,칠성로상점가,자율상권구역,제주특별자치도,,,
f4f35dfc779fcfdea354,full_annotation_v1,A,q_정육_13,국거리 고기 살 곳,식료품 중 '정육'을 판매·제공하는 매장,train,정육,T4 구어·문장,c111ac9d-3f3a-405c-a8db-4d127ccda9e2,행복이 있는 곳,잡화,제주로얄쇼핑센터,자율상권구역,제주특별자치도,,,
3ba8b32271bc61acd540,full_annotation_v1,A,q_정육_13,국거리 고기 살 곳,식료품 중 '정육'을 판매·제공하는 매장,train,정육,T4 구어·문장,91b6f21f-ad08-4ad9-85a0-426cc4c85e2b,토끼집,고기,치평상무역상인회 골목형상점가,골목형상점가,광주광역시,,,
502be3d8a75b76602108,full_annotation_v1,A,q_정육_13,국거리 고기 살 곳,식료품 중 '정육'을 판매·제공하는 매장,train,정육,T4 구어·문장,0367e5f3-1bf4-4d8a-bac6-655fcc2eda3f,큰집닭강정,닭강정,신도봉시장,전통시장,서울특별시,,,
9d4329963415de8d7e78,full_annotation_v1,A,q_정육_13,국거리 고기 살 곳,식료품 중 '정육'을 판매·제공하는 매장,train,정육,T4 구어·문장,dfff698e-da73-4836-818a-290fa124d41f,서원,"액세서리, 잡화",삼익패션타운,전통시장,서울특별시,,,
3f2433e5fb2b5e593f2b,full_annotation_v1,A,q_정육_13,국거리 고기 살 곳,식료품 중 '정육'을 판매·제공하는 매장,train,정육,T4 구어·문장,c630d05b-c3ed-4475-8c1c-e180a44557bc,복락,고기,시범길 골목형상점가,골목형상점가,경기도,,,
92be66e4f0b987c6096e,full_annotation_v1,A,q_정육_13,국거리 고기 살 곳,식료품 중 '정육'을 판매·제공하는 매장,train,정육,T4 구어·문장,d6efe6bb-fcae-4f81-a8d3-6c3d53f46bad,송정금호축산,고기,선운별 골목형상점가,골목형상점가,광주광역시,,,
287409b2c8437657c3c0,full_annotation_v1,A,q_정육_13,국거리 고기 살 곳,식료품 중 '정육'을 판매·제공하는 매장,train,정육,T4 구어·문장,cdd3f94f-e1c4-4b22-81b4-dc2533c8555f,갈비촌,고기,서원동상점가,자율상권구역,서울특별시,,,
56278b9268dd82839287,full_annotation_v1,A,q_정육_13,국거리 고기 살 곳,식료품 중 '정육'을 판매·제공하는 매장,train,정육,T4 구어·문장,f2e55cb6-cd8d-4654-b927-6d119269ed24,주식회사 동문소품관,농수산물 특산품 잡화,동문재래시장,전통시장,제주특별자치도,,,
43c78f90ab1a9edb243e,full_annotation_v1,A,q_정육_13,국거리 고기 살 곳,식료품 중 '정육'을 판매·제공하는 매장,train,정육,T4 구어·문장,12e3a97a-d17e-42cf-9b39-85a55f57ed84,오늘잡은소,고기,고령대가야시장,전통시장,경상북도,,,
0927d57b2c86649f7f37,full_annotation_v1,A,q_정육_13,국거리 고기 살 곳,식료품 중 '정육'을 판매·제공하는 매장,train,정육,T4 구어·문장,f00d9f2b-5f6c-442b-a2e6-2de683f394b6,명탄,고기,명덕마을 골목형상점가,골목형상점가,울산광역시,,,
0d7dc482e0fd111f1fab,full_annotation_v1,A,q_정육_13,국거리 고기 살 곳,식료품 중 '정육'을 판매·제공하는 매장,train,정육,T4 구어·문장,70fb9688-80ad-4884-ac37-20e318ab9e2d,웰돈,고기,귀인동먹거리촌 골목형상점가,골목형상점가,경기도,,,
dcb2d1b5cf817a5ec580,full_annotation_v1,A,q_정육_13,국거리 고기 살 곳,식료품 중 '정육'을 판매·제공하는 매장,train,정육,T4 구어·문장,00bdaed4-8c0c-4e39-9198-736e0be49945,대신식육,식육,중앙식료시장(중앙먹통시장),전통시장,전라남도,,,
f23cf7c0a4e5c6d32b44,full_annotation_v1,A,q_정육_13,국거리 고기 살 곳,식료품 중 '정육'을 판매·제공하는 매장,train,정육,T4 구어·문장,004764d4-5ad9-4f22-81bb-48eac27e9e4b,60계치킨 야탑점,치킨,야탑 골목형상점가,골목형상점가,경기도,,,
1d4b1f1647ae83bc01e6,full_annotation_v1,A,q_정육_13,국거리 고기 살 곳,식료품 중 '정육'을 판매·제공하는 매장,train,정육,T4 구어·문장,d27db1c7-312f-4f2e-801d-c8d904b4529e,놀이터식당,고기,서귀포매일올레시장,전통시장,제주특별자치도,,,
ef72e0f01cba5ab045f8,full_annotation_v1,A,q_정육_13,국거리 고기 살 곳,식료품 중 '정육'을 판매·제공하는 매장,train,정육,T4 구어·문장,03f541e1-2781-4bd2-91a9-65b9196d82b4,또래오래치킨&참닭,삼겹살,노대물빛근린공원 골목형상점가,골목형상점가,광주광역시,,,
086aa8147533a486be63,full_annotation_v1,A,q_정육_13,국거리 고기 살 곳,식료품 중 '정육'을 판매·제공하는 매장,train,정육,T4 구어·문장,50247b85-534a-4586-82ca-82a0b27a1382,축산물도소매직영점,고기,비단길현대시장,전통시장,서울특별시,,,
d99a86496270ce14a273,full_annotation_v1,A,q_정육_13,국거리 고기 살 곳,식료품 중 '정육'을 판매·제공하는 매장,train,정육,T4 구어·문장,b30db347-12a2-4295-8c12-bcbaaa664c8c,밤새먹소신기시장점,고기,남부종합시장,전통시장,인천광역시,,,
133cb46c7b67e1193d9f,full_annotation_v1,A,q_정육_13,국거리 고기 살 곳,식료품 중 '정육'을 판매·제공하는 매장,train,정육,T4 구어·문장,003a1767-bcd6-410b-809e-d4b059ce50c6,홍성토종한우,,어울림 아차산 골목형상점가,골목형상점가,서울특별시,,,
d427b11d506c556ead30,full_annotation_v1,A,q_정육_13,국거리 고기 살 곳,식료품 중 '정육'을 판매·제공하는 매장,train,정육,T4 구어·문장,fa8b2e5d-625d-4b19-accc-9f55abd7153b,뒷골목뒷고기,고기,중흥동 큰샘길 골목형상점가,골목형상점가,광주광역시,,,
49681bfbc63aeb310ca0,full_annotation_v1,A,q_정육_13,국거리 고기 살 곳,식료품 중 '정육'을 판매·제공하는 매장,train,정육,T4 구어·문장,f8ba2743-7060-4edb-b1d8-5c01dcaecd58,미돈,고기,예석 골목형상점가,골목형상점가,충청남도,,,
613bf2953290702cad42,full_annotation_v1,A,q_정육_13,국거리 고기 살 곳,식료품 중 '정육'을 판매·제공하는 매장,train,정육,T4 구어·문장,c0bd2892-40d8-4895-8510-f6eb74a9dd30,아주커치킨 마재점,치킨,마재상인회 골목형상점가,골목형상점가,광주광역시,,,
7b824fecca2f4e88170b,full_annotation_v1,A,q_정육_13,국거리 고기 살 곳,식료품 중 '정육'을 판매·제공하는 매장,train,정육,T4 구어·문장,b98537c3-5b2a-43e7-92c2-25a6f26d7f98,상일뚝방집,고기,게내공원길 골목형상점가,골목형상점가,서울특별시,,,
e5c6e10b80bbe3fecd78,full_annotation_v1,A,q_정육_13,국거리 고기 살 곳,식료품 중 '정육'을 판매·제공하는 매장,train,정육,T4 구어·문장,0598b6c8-c45e-444c-9b34-ff024b885ee8,서울갈비,갈비,행복상점가,자율상권구역,경상북도,,,
a5a1ee1690dd4c9201aa,full_annotation_v1,A,q_정육_14,돼지갈비 먹을 곳,식료품 중 '정육'을 판매·제공하는 매장,train,정육,T4 구어·문장,0007af17-f23e-49b9-b7c1-5a9968727cfd,오늘닭강정,닭강정,목원대 골목형상점가,골목형상점가,대전광역시,,,
92bcaf9b484eb42890a4,full_annotation_v1,A,q_정육_14,돼지갈비 먹을 곳,식료품 중 '정육'을 판매·제공하는 매장,train,정육,T4 구어·문장,005ea303-f9b7-4f3e-abcc-8460ca84ba44,은성축산물직판장,"도소매(축산물,식육판매)",남문시장,전통시장,서울특별시,,,
fee14b7046578d9a5e69,full_annotation_v1,A,q_정육_14,돼지갈비 먹을 곳,식료품 중 '정육'을 판매·제공하는 매장,train,정육,T4 구어·문장,0023ae9b-466c-4881-afd0-ff8ac2890d72,돈.우정육점,식육,여수서시장주변시장,전통시장,전라남도,,,
381c6394a8a5ffb6d24a,full_annotation_v1,A,q_정육_14,돼지갈비 먹을 곳,식료품 중 '정육'을 판매·제공하는 매장,train,정육,T4 구어·문장,f9574845-3c93-4e44-b304-f76f83274722,남군갈비,돼지갈비,용산교 골목형상점가,골목형상점가,광주광역시,,,
acdff3fad0bccd1e3bb6,full_annotation_v1,A,q_정육_14,돼지갈비 먹을 곳,식료품 중 '정육'을 판매·제공하는 매장,train,정육,T4 구어·문장,04564ea5-0be4-4ee2-8519-e8fcaffe3485,쌍둥이국밥,국밥,첨단이웃사랑 골목형상점가,골목형상점가,광주광역시,,,
f868663e6fbbb3136b27,full_annotation_v1,A,q_정육_14,돼지갈비 먹을 곳,식료품 중 '정육'을 판매·제공하는 매장,train,정육,T4 구어·문장,2743811c-5e71-4d2b-aa75-1b0147d44f2d,사우 꽃이 피는 곳,꽃,김포 풍년마을 골목형상점가,골목형상점가,경기도,,,
aef20e08499c869576f2,full_annotation_v1,A,q_정육_14,돼지갈비 먹을 곳,식료품 중 '정육'을 판매·제공하는 매장,train,정육,T4 구어·문장,e0102249-1bb1-49ba-9d89-3943a53bb25a,짱구네숯불돼지갈비,돼지갈비,포남용마거리골목형상점가,골목형상점가,강원특별자치도,,,
6f961fbe82a558d9657b,full_annotation_v1,A,q_정육_14,돼지갈비 먹을 곳,식료품 중 '정육'을 판매·제공하는 매장,train,정육,T4 구어·문장,e0496184-3c0c-43d8-85a8-86ce0aef7558,구수숯불갈비,돼지갈비,산수 먹자골목 골목형상점가,골목형상점가,광주광역시,,,
dbface9d07fe8b0ac767,full_annotation_v1,A,q_정육_14,돼지갈비 먹을 곳,식료품 중 '정육'을 판매·제공하는 매장,train,정육,T4 구어·문장,0598b6c8-c45e-444c-9b34-ff024b885ee8,서울갈비,갈비,행복상점가,자율상권구역,경상북도,,,
5874ab4a2a07ebeaa976,full_annotation_v1,A,q_정육_14,돼지갈비 먹을 곳,식료품 중 '정육'을 판매·제공하는 매장,train,정육,T4 구어·문장,638d1285-adb8-4114-adbf-4ee1ac4a6e10,진민속촌,돼지갈비,하남 골목형상점가,골목형상점가,광주광역시,,,
d23c140cac21440b4d6e,full_annotation_v1,A,q_정육_14,돼지갈비 먹을 곳,식료품 중 '정육'을 판매·제공하는 매장,train,정육,T4 구어·문장,0363b125-0829-46ae-b0be-f23ada850390,정성육회울산송정점,한우뭉티기&한우육회,송정청춘 골목형상점가,골목형상점가,울산광역시,,,
9931c4a76bfb57de0872,full_annotation_v1,A,q_정육_14,돼지갈비 먹을 곳,식료품 중 '정육'을 판매·제공하는 매장,train,정육,T4 구어·문장,2c537320-f940-4dd2-8945-823a3c031d6c,필라테스 진심 개포본점,필라테스 교육서비스,개포동 구마을 골목형상점가,골목형상점가,서울특별시,,,
c7c7acbb7d29633e7ae6,full_annotation_v1,A,q_정육_14,돼지갈비 먹을 곳,식료품 중 '정육'을 판매·제공하는 매장,train,정육,T4 구어·문장,7c510a84-5123-4c75-a0d3-0d49c9fd2139,민속촌작은집,돼지갈비,풍암호수앞상인회 골목형상점가,골목형상점가,광주광역시,,,
8b59e74f14c15fea9399,full_annotation_v1,A,q_정육_14,돼지갈비 먹을 곳,식료품 중 '정육'을 판매·제공하는 매장,train,정육,T4 구어·문장,3e6a2059-5bed-44e4-b9cc-a39468de8043,준이네 푸줏간,,연동시장,전통시장,부산광역시,,,
2856ed585f309cf74025,full_annotation_v1,A,q_정육_14,돼지갈비 먹을 곳,식료품 중 '정육'을 판매·제공하는 매장,train,정육,T4 구어·문장,8c378eb9-f79d-4b19-8f9d-4d23d7b4f8a6,1207스튜디오,사진,둔산3동상점가,자율상권구역,대전광역시,,,
46312df63596c237e380,full_annotation_v1,A,q_정육_14,돼지갈비 먹을 곳,식료품 중 '정육'을 판매·제공하는 매장,train,정육,T4 구어·문장,8488a19f-e61c-416e-8db0-c477bd20cf2f,맛집하나로,돼지갈비,주천골목형상점가,골목형상점가,강원특별자치도,,,
07299b16941a401984d2,full_annotation_v1,A,q_정육_14,돼지갈비 먹을 곳,식료품 중 '정육'을 판매·제공하는 매장,train,정육,T4 구어·문장,2516b66c-6987-4f9b-ab62-360b597120fe,보광옥,돼지갈비,충장로45가 상점가,자율상권구역,광주광역시,,,
d916bd079f589ddc8580,full_annotation_v1,A,q_정육_14,돼지갈비 먹을 곳,식료품 중 '정육'을 판매·제공하는 매장,train,정육,T4 구어·문장,003a1767-bcd6-410b-809e-d4b059ce50c6,홍성토종한우,,어울림 아차산 골목형상점가,골목형상점가,서울특별시,,,
1318302166fb0019d2e1,full_annotation_v1,A,q_정육_14,돼지갈비 먹을 곳,식료품 중 '정육'을 판매·제공하는 매장,train,정육,T4 구어·문장,3bdca680-815c-477c-a36b-de0673868626,범갈비,돼지갈비,범어식주가무명인골목 골목형상점가,골목형상점가,대구광역시,,,
174d403b929fc636517d,full_annotation_v1,A,q_정육_14,돼지갈비 먹을 곳,식료품 중 '정육'을 판매·제공하는 매장,train,정육,T4 구어·문장,0034b8e3-c78f-4e08-9a23-2414863de721,정육공방,소고기 돼지고기,구갈상점가,자율상권구역,경기도,,,
0b6317c7c21c4ba90cfd,full_annotation_v1,A,q_정육_14,돼지갈비 먹을 곳,식료품 중 '정육'을 판매·제공하는 매장,train,정육,T4 구어·문장,8d97c741-b13c-47c3-b340-73a2fe7abeaa,명가참숯갈비,돼지갈비,귀인동먹거리촌 골목형상점가,골목형상점가,경기도,,,
841b71852f14d919a72c,full_annotation_v1,A,q_정육_14,돼지갈비 먹을 곳,식료품 중 '정육'을 판매·제공하는 매장,train,정육,T4 구어·문장,003e9326-9010-4e27-b844-c62b81ad2df8,다이소 광주 호남대점,소매,선운별 골목형상점가,골목형상점가,광주광역시,,,
48519f2cd2472ada9bb4,full_annotation_v1,A,q_정육_14,돼지갈비 먹을 곳,식료품 중 '정육'을 판매·제공하는 매장,train,정육,T4 구어·문장,d5d71941-7760-4fae-948e-ba60fce77a82,백소정 세곡점,일식돈가츠,세곡동 은곡마을 골목형상점가,골목형상점가,서울특별시,,,
067ac5e6d93027503528,full_annotation_v1,A,q_정육_14,돼지갈비 먹을 곳,식료품 중 '정육'을 판매·제공하는 매장,train,정육,T4 구어·문장,9213fba6-66e4-4eb8-b38b-3b8abdc7de96,한성숯불구이,돼지갈비,각화주공 골목형상점가,골목형상점가,광주광역시,,,
7466bb7367a39177b5d3,full_annotation_v1,A,q_정육_14,돼지갈비 먹을 곳,식료품 중 '정육'을 판매·제공하는 매장,train,정육,T4 구어·문장,0120247f-1a8e-4396-882d-6476485c3f9e,사랑채,삼겹살,봉선먹자골목 골목형상점가,골목형상점가,광주광역시,,,
ffbcc9dc01c9140b736b,full_annotation_v1,A,q_정육_14,돼지갈비 먹을 곳,식료품 중 '정육'을 판매·제공하는 매장,train,정육,T4 구어·문장,00889968-cd4d-41f2-8c6f-39e3928858a7,행복한 정육점,고기,테크노밸리 골목형상점가,골목형상점가,대전광역시,,,
c5c3efe361bcb6b5f18a,full_annotation_v1,A,q_정육_14,돼지갈비 먹을 곳,식료품 중 '정육'을 판매·제공하는 매장,train,정육,T4 구어·문장,001dda38-7874-4460-b3b0-a5717b6c36d7,오송 곱창,"한우곱창, 한우막창, 한우모듬, 한우대창, 한우염통",오송1산단오스코로골목형상점가,골목형상점가,충청북도,,,
6f6eb223826e6f7af26e,full_annotation_v1,A,q_정육_14,돼지갈비 먹을 곳,식료품 중 '정육'을 판매·제공하는 매장,train,정육,T4 구어·문장,00176890-ac4c-4ce1-bf5b-c5e45dbf9c43,시골정육점,축산,답십리시장,전통시장,서울특별시,,,
40bf9025128255de3c50,full_annotation_v1,A,q_정육_14,돼지갈비 먹을 곳,식료품 중 '정육'을 판매·제공하는 매장,train,정육,T4 구어·문장,ef752ac4-5aa3-41e3-aeff-30f56064749e,화성서점,서적,운암 행복 나눔 골목형상점가,골목형상점가,광주광역시,,,
b05fe652033c4a534802,full_annotation_v1,A,q_정육_14,돼지갈비 먹을 곳,식료품 중 '정육'을 판매·제공하는 매장,train,정육,T4 구어·문장,f118f5ca-9bcb-4e2a-b172-1432beba40c1,천하제일상도,돼지갈비,풍암벚꽃길상인회 골목형상점가,골목형상점가,광주광역시,,,
d1017dcc0847fae63457,full_annotation_v1,A,q_정육_14,돼지갈비 먹을 곳,식료품 중 '정육'을 판매·제공하는 매장,train,정육,T4 구어·문장,022fb5a6-69f4-4765-88db-4228cac2ef69,랭상1992,삼겹살,오치2동 골목형상점가,골목형상점가,광주광역시,,,
8c6a007cf15025cff851,full_annotation_v1,A,q_정육_14,돼지갈비 먹을 곳,식료품 중 '정육'을 판매·제공하는 매장,train,정육,T4 구어·문장,00f60c16-d8be-497f-80f2-aab3209a8d0e,포카포카,식당,전남여고후문 골목형상점가,골목형상점가,광주광역시,,,
dd1300d3cf1267fb2a6e,full_annotation_v1,A,q_정육_14,돼지갈비 먹을 곳,식료품 중 '정육'을 판매·제공하는 매장,train,정육,T4 구어·문장,2a29370c-24d4-4e2a-a920-119e307cfa5d,웃는곰갈비,돼지갈비,진잠 골목형상점가,골목형상점가,대전광역시,,,
b26dd0a6505d0380c682,full_annotation_v1,A,q_정육_14,돼지갈비 먹을 곳,식료품 중 '정육'을 판매·제공하는 매장,train,정육,T4 구어·문장,ce492288-1e05-4825-bbf1-afcf6478e6b8,철원갈비,돼지갈비,신철원시장,전통시장,강원특별자치도,,,
37865ce78ecf1b2e464a,full_annotation_v1,A,q_정육_14,돼지갈비 먹을 곳,식료품 중 '정육'을 판매·제공하는 매장,train,정육,T4 구어·문장,c111ac9d-3f3a-405c-a8db-4d127ccda9e2,행복이 있는 곳,잡화,제주로얄쇼핑센터,자율상권구역,제주특별자치도,,,
cd7b8ecbfb2a1ce9bb94,full_annotation_v1,A,q_정육_14,돼지갈비 먹을 곳,식료품 중 '정육'을 판매·제공하는 매장,train,정육,T4 구어·문장,8bb64cc6-21b4-444c-9a36-72bf89b9eeb5,일신마트당동점,"도소매(메리야스,잡화)",군포당동로시장상점가,골목형상점가,경기도,,,
7db80f3e679206694634,full_annotation_v1,A,q_정육_14,돼지갈비 먹을 곳,식료품 중 '정육'을 판매·제공하는 매장,train,정육,T4 구어·문장,004961cf-a775-4bcc-87a9-067c385bb9e7,삼미식육,식육,구포축산물도매시장,전통시장,부산광역시,,,
72c53841052f62e243b6,full_annotation_v1,A,q_정육_14,돼지갈비 먹을 곳,식료품 중 '정육'을 판매·제공하는 매장,train,정육,T4 구어·문장,008f0459-6681-4e70-8149-1a6d9ff1a2a5,육간지,삼겹살,구미 진평음식문화특화거리 골목형상점가,골목형상점가,경상북도,,,
cd95dc318e26b37aaadc,full_annotation_v1,A,q_정육_14,돼지갈비 먹을 곳,식료품 중 '정육'을 판매·제공하는 매장,train,정육,T4 구어·문장,20866137-6dc8-4326-bc9e-98010780cb41,갈비가,돼지갈비,하남피크닉몰,골목형상점가,광주광역시,,,
f3c3162811edf543aac5,full_annotation_v1,A,q_정육_14,돼지갈비 먹을 곳,식료품 중 '정육'을 판매·제공하는 매장,train,정육,T4 구어·문장,00a5a31e-6208-4900-9553-18f188bfcbfc,올바른고깃간일곡점,정육점,일곡동 골목형상점가,골목형상점가,광주광역시,,,
0f66a00cf2bf7f3db0ae,full_annotation_v1,A,q_정육_14,돼지갈비 먹을 곳,식료품 중 '정육'을 판매·제공하는 매장,train,정육,T4 구어·문장,c9d03656-f4b9-4164-b799-0f503c394500,고광섭의 갈비인생,돼지갈비,운남골목 골목형상점가,골목형상점가,광주광역시,,,
3776e409b54d37232680,full_annotation_v1,A,q_정육_14,돼지갈비 먹을 곳,식료품 중 '정육'을 판매·제공하는 매장,train,정육,T4 구어·문장,24456103-f6b8-46af-8655-82e61d7265d8,커피가 머무르는 곳,커피,반드레길골목형상점가,골목형상점가,서울특별시,,,
9ec44c920e18628d9fc3,full_annotation_v1,A,q_정육_14,돼지갈비 먹을 곳,식료품 중 '정육'을 판매·제공하는 매장,train,정육,T4 구어·문장,02f9037a-c117-4db4-9d2b-9b78182978f4,반월닭강정치킨,,보령한내시장,전통시장,충청남도,,,
f04c05b9c45bc9418797,full_annotation_v1,A,q_정육_14,돼지갈비 먹을 곳,식료품 중 '정육'을 판매·제공하는 매장,train,정육,T4 구어·문장,3c265363-6731-4db3-99cb-4824f35f520c,돈비어천가,돼지갈비,백년소상공인,기타,인천광역시,,,
fdd68c4ff4fefa4bed00,full_annotation_v1,A,q_정육_14,돼지갈비 먹을 곳,식료품 중 '정육'을 판매·제공하는 매장,train,정육,T4 구어·문장,039c05c3-9a49-40ec-86ca-28415ca76d25,미쁘다담양식돼지갈비,갈비,용봉지구 골목형상점가,골목형상점가,광주광역시,,,
95dd92fb210876a2a3a6,full_annotation_v1,A,q_정육_14,돼지갈비 먹을 곳,식료품 중 '정육'을 판매·제공하는 매장,train,정육,T4 구어·문장,0031b1fc-4212-4c47-9dad-a8fa10d8bf85,㈜금원유통,축산물,마장축산물시장,전통시장,서울특별시,,,
b8080fcc5ba7e9f4e33f,full_annotation_v1,A,q_정육_14,돼지갈비 먹을 곳,식료품 중 '정육'을 판매·제공하는 매장,train,정육,T4 구어·문장,00ac87c2-aed5-4a62-8b09-76cbea625145,내고향청보리한우직판장,소고기 돼지고기,마륵동상인회 골목형상점가,골목형상점가,광주광역시,,,
a10826096f1096a1989f,full_annotation_v1,A,q_정육_14,돼지갈비 먹을 곳,식료품 중 '정육'을 판매·제공하는 매장,train,정육,T4 구어·문장,023a95f4-f5cb-4b2e-b978-690c41d48d54,대송회센타,식당,대송시장,전통시장,울산광역시,,,
4653cb05991850c92433,full_annotation_v1,A,q_정육_14,돼지갈비 먹을 곳,식료품 중 '정육'을 판매·제공하는 매장,train,정육,T4 구어·문장,3ea8a550-407f-496d-94c5-9fcacb11a6b8,다락금,돼지갈비 삼겹살,삼각초 골목형상점가,골목형상점가,광주광역시,,,
969e6752ac209d3d334c,full_annotation_v1,A,q_정육_14,돼지갈비 먹을 곳,식료품 중 '정육'을 판매·제공하는 매장,train,정육,T4 구어·문장,fe7a6050-db70-44ee-97ad-97595f2f442e,백마돼지숯불갈비,돼지갈비,언양알프스시장,전통시장,울산광역시,,,
7115ad04a313db4cae04,full_annotation_v1,A,q_정육_14,돼지갈비 먹을 곳,식료품 중 '정육'을 판매·제공하는 매장,train,정육,T4 구어·문장,aa8395fa-220f-44ad-bc76-85a93edb5dad,송참숯갈비,돼지갈비,내곡동골목형상점가,골목형상점가,강원특별자치도,,,
9f4aba1ce502acb4102f,full_annotation_v1,A,q_정육_14,돼지갈비 먹을 곳,식료품 중 '정육'을 판매·제공하는 매장,train,정육,T4 구어·문장,2e16ab6d-6d9a-455c-9e69-3d31b861c87a,제일정육점,식육,오정동상점가,자율상권구역,대전광역시,,,
613cc633929b127aa9fa,full_annotation_v1,A,q_정육_14,돼지갈비 먹을 곳,식료품 중 '정육'을 판매·제공하는 매장,train,정육,T4 구어·문장,2579e67f-1086-4abd-a873-a90afb17ef14,산장가든,돼지갈비,백년소상공인,기타,세종특별자치시,,,
c31b23c47178730a0950,full_annotation_v1,A,q_정육_14,돼지갈비 먹을 곳,식료품 중 '정육'을 판매·제공하는 매장,train,정육,T4 구어·문장,000d4d47-3a3f-4a73-9fce-cd3802a5ebb3,은여우두마리치킨,치킨,봉곡우전로 골목형상점가,골목형상점가,전북특별자치도,,,
9d6026273b1b4fd5335b,full_annotation_v1,A,q_정육_14,돼지갈비 먹을 곳,식료품 중 '정육'을 판매·제공하는 매장,train,정육,T4 구어·문장,00c9508a-1962-4f4c-adc8-c9227046f329,도마정육점,식육,도마큰시장,전통시장,대전광역시,,,
56ed61ce16cca5bb2754,full_annotation_v1,A,q_정육_14,돼지갈비 먹을 곳,식료품 중 '정육'을 판매·제공하는 매장,train,정육,T4 구어·문장,f5ae1d99-adce-4376-a7cd-ba4a7dfc0015,뚝딱매운갈비찜,돼지갈비,홀릭스,골목형상점가,광주광역시,,,
5efaf07c70c3a4ef5a62,full_annotation_v1,A,q_정육_14,돼지갈비 먹을 곳,식료품 중 '정육'을 판매·제공하는 매장,train,정육,T4 구어·문장,bbe2299f-0052-490b-8de9-c10993b07035,홍이네농산물,농산물,함양 지리산함양시장,전통시장,경상남도,,,
7c2980de0c64463f1306,full_annotation_v1,A,q_정육_14,돼지갈비 먹을 곳,식료품 중 '정육'을 판매·제공하는 매장,train,정육,T4 구어·문장,2b6fd485-1e62-48fa-b056-80eebce0dcb7,응급실국물떡볶이 완주삼봉점,,삼봉지구 골목형상점가,골목형상점가,전북특별자치도,,,
c8a7dd8ddd51e43602de,full_annotation_v1,A,q_정육_14,돼지갈비 먹을 곳,식료품 중 '정육'을 판매·제공하는 매장,train,정육,T4 구어·문장,9c6ec727-d67c-486c-9670-3652652a9d11,배스킨라빈스 복수점,,복수동 골목형상점가,골목형상점가,대전광역시,,,
405c9a5bfa33a1b7e800,full_annotation_v1,A,q_정육_14,돼지갈비 먹을 곳,식료품 중 '정육'을 판매·제공하는 매장,train,정육,T4 구어·문장,803ab703-ed3d-4740-b3a5-d4d433cb7167,싱싱갈비,돼지갈비,초량 이음자율상권,,부산광역시,,,
03008bb6b57727897bfe,full_annotation_v1,A,q_정육_14,돼지갈비 먹을 곳,식료품 중 '정육'을 판매·제공하는 매장,train,정육,T4 구어·문장,53b0f45b-1c3d-4515-ba1f-1180b0ee92df,일송면옥,돼지갈비,백년소상공인,기타,부산광역시,,,
584afcabcbc043ee879b,full_annotation_v1,A,q_정육_14,돼지갈비 먹을 곳,식료품 중 '정육'을 판매·제공하는 매장,train,정육,T4 구어·문장,263d4cd1-5a0d-45b6-9e68-b38558e9f160,고깃간,,부평종합시장,전통시장,인천광역시,,,
e63b8a77d56e3316722f,full_annotation_v1,A,q_정육_14,돼지갈비 먹을 곳,식료품 중 '정육'을 판매·제공하는 매장,train,정육,T4 구어·문장,00e45da9-1bb4-42fa-b0a8-63cdcea52143,수유중앙축산물백화점,정육,수유중앙시장,전통시장,서울특별시,,,
387e885f807aeb2dd567,full_annotation_v1,A,q_정육_14,돼지갈비 먹을 곳,식료품 중 '정육'을 판매·제공하는 매장,train,정육,T4 구어·문장,fa022081-d024-49b6-aad6-48b7b5209618,뚱보네돼지갈비,돼지갈비,백년소상공인,기타,부산광역시,,,
0beb40f68b43e192c17b,full_annotation_v1,A,q_정육_14,돼지갈비 먹을 곳,식료품 중 '정육'을 판매·제공하는 매장,train,정육,T4 구어·문장,5894d162-1d44-4f9b-b111-35e1762fe963,돈단지,돼지갈비,풍암새누리상인회 골목형상점가,골목형상점가,광주광역시,,,
52f64b4525564164a0b5,full_annotation_v1,A,q_정육_14,돼지갈비 먹을 곳,식료품 중 '정육'을 판매·제공하는 매장,train,정육,T4 구어·문장,1d4103f6-312c-4093-a63f-1a3579d41e54,용궁돼지갈비,돼지갈비,노암길골목형상점가,골목형상점가,강원특별자치도,,,
7a78a125cb28640f1549,full_annotation_v1,A,q_정육_14,돼지갈비 먹을 곳,식료품 중 '정육'을 판매·제공하는 매장,train,정육,T4 구어·문장,338be1f3-e7fb-4a1c-af67-75350efa64b2,장 갈비,돼지갈비,비래동골목형상점가,골목형상점가,대전광역시,,,
78bc1f9caddd4dcb68f9,full_annotation_v1,A,q_정육_14,돼지갈비 먹을 곳,식료품 중 '정육'을 판매·제공하는 매장,train,정육,T4 구어·문장,2d1effe6-e24a-4b26-b36f-262ab0a59e05,수면옥,냉면 돼지갈비,송정청춘 골목형상점가,골목형상점가,울산광역시,,,
f67b3d7da63af5225cf0,full_annotation_v1,A,q_정육_14,돼지갈비 먹을 곳,식료품 중 '정육'을 판매·제공하는 매장,train,정육,T4 구어·문장,0091c18f-a074-4703-9af5-05c6495e38af,이지비야,고기,아름다운삼정로 골목형상점가,골목형상점가,광주광역시,,,
784385e930a32b97bf68,full_annotation_v1,A,q_정육_14,돼지갈비 먹을 곳,식료품 중 '정육'을 판매·제공하는 매장,train,정육,T4 구어·문장,d960af65-d68b-466f-9428-fd44e9615ff6,경원피복산업,도소매(의류),평화시장,전통시장,서울특별시,,,
154c67307aec57bd23da,full_annotation_v1,A,q_정육_14,돼지갈비 먹을 곳,식료품 중 '정육'을 판매·제공하는 매장,train,정육,T4 구어·문장,004764d4-5ad9-4f22-81bb-48eac27e9e4b,60계치킨 야탑점,치킨,야탑 골목형상점가,골목형상점가,경기도,,,
5be52ea749f8018118d3,full_annotation_v1,A,q_정육_14,돼지갈비 먹을 곳,식료품 중 '정육'을 판매·제공하는 매장,train,정육,T4 구어·문장,b469a778-898a-429c-92a4-3c51776cd872,마포갈비,돼지갈비,방배역먹자골목 골목형상점가,골목형상점가,서울특별시,,,
13fd71b21e56505c2aa5,full_annotation_v1,A,q_정육_14,돼지갈비 먹을 곳,식료품 중 '정육'을 판매·제공하는 매장,train,정육,T4 구어·문장,2538e343-dfd5-475d-911b-489c58742748,신개념 푸줏간,,새천년 골목형상점가,골목형상점가,경기도,,,
85d7fc2f4e7bd5169d7c,full_annotation_v1,A,q_정육_14,돼지갈비 먹을 곳,식료품 중 '정육'을 판매·제공하는 매장,train,정육,T4 구어·문장,22cb40a6-e9bc-463c-9dd0-ce94a8c75b2b,까치골숯불촌,돼지갈비,대구예전우시장,전통시장,대구광역시,,,
0e6949211eb27ab12590,full_annotation_v1,A,q_정육_14,돼지갈비 먹을 곳,식료품 중 '정육'을 판매·제공하는 매장,train,정육,T4 구어·문장,00bdaed4-8c0c-4e39-9198-736e0be49945,대신식육,식육,중앙식료시장(중앙먹통시장),전통시장,전라남도,,,
f92c77b4f91ea83d4718,full_annotation_v1,A,q_정육_14,돼지갈비 먹을 곳,식료품 중 '정육'을 판매·제공하는 매장,train,정육,T4 구어·문장,01e3bdc3-fa69-409b-9f56-9ab1b44ede16,바우닭강정,닭강정,자양전통시장,전통시장,서울특별시,,,
b73be98ec9ea5d2960ea,full_annotation_v1,A,q_정육_14,돼지갈비 먹을 곳,식료품 중 '정육'을 판매·제공하는 매장,train,정육,T4 구어·문장,a57cb6f5-941c-482f-acd3-03115795a16f,마지촌,돼지갈비,운남7단지먹자거리 골목형상점가,골목형상점가,광주광역시,,,
a51ba1ceb09a074d7a92,full_annotation_v1,A,q_정육_14,돼지갈비 먹을 곳,식료품 중 '정육'을 판매·제공하는 매장,train,정육,T4 구어·문장,0038f694-919c-4289-8bc1-a5e6549274e1,달인닭강정,닭강정,서귀포매일올레시장,전통시장,제주특별자치도,,,
02364c218f860c78e780,full_annotation_v1,A,q_정육_14,돼지갈비 먹을 곳,식료품 중 '정육'을 판매·제공하는 매장,train,정육,T4 구어·문장,27d212ec-92f3-4983-afe0-448b131205fb,밀양갈비,돼지갈비,초량 이음자율상권,,부산광역시,,,
e3bc37036be31f59f2ec,full_annotation_v1,A,q_정육_14,돼지갈비 먹을 곳,식료품 중 '정육'을 판매·제공하는 매장,train,정육,T4 구어·문장,904f6370-7549-4735-bcd9-3e9563cdd052,원조숯불대박갈비,돼지갈비,수정로 상권활성화구역,상권활성화구역,경기도,,,
f8e1bfc8bb3b33cd1ad2,full_annotation_v1,A,q_정육_14,돼지갈비 먹을 곳,식료품 중 '정육'을 판매·제공하는 매장,train,정육,T4 구어·문장,e9f86d31-ad8a-4568-a3c7-0777536be201,부모산가든,돼지갈비,백년소상공인,기타,충청북도,,,
e40e2cfd76c9f4d023f3,full_annotation_v1,A,q_정육_14,돼지갈비 먹을 곳,식료품 중 '정육'을 판매·제공하는 매장,train,정육,T4 구어·문장,c1ae4411-f44c-4663-aea7-3023e71749a8,진식당,돼지갈비,수기동천변 골목형상점가,골목형상점가,광주광역시,,,
1c2f21722ca669a5ac4f,full_annotation_v1,A,q_정육_14,돼지갈비 먹을 곳,식료품 중 '정육'을 판매·제공하는 매장,train,정육,T4 구어·문장,ce4b1706-56c6-4873-b4e0-cbc59db8ec88,동하갈비,돼지갈비,원주중앙시장활성화구역,상권활성화구역,강원특별자치도,,,
b9bd075534d8383d90e5,full_annotation_v1,A,q_정육_14,돼지갈비 먹을 곳,식료품 중 '정육'을 판매·제공하는 매장,train,정육,T4 구어·문장,009f034c-8e3b-4a32-aab3-55ece8718004,장봐주는언니 임동점,농수축산물및 가공식품,제니스 골목형상점가,골목형상점가,광주광역시,,,
3c8a5c7ac0d050c66907,full_annotation_v1,A,q_정육_14,돼지갈비 먹을 곳,식료품 중 '정육'을 판매·제공하는 매장,train,정육,T4 구어·문장,8429c1c0-ece1-4450-b996-5af2d97b1a15,영준크랩,수산물,강서수산시장골목형상점가,골목형상점가,서울특별시,,,
7eb0c4a4f96c8926974a,full_annotation_v1,A,q_정육_14,돼지갈비 먹을 곳,식료품 중 '정육'을 판매·제공하는 매장,train,정육,T4 구어·문장,00027601-43e6-4d9a-a358-150cc014fe4c,닭장수후라이드,치킨,한솔동 5~6단지상점가,자율상권구역,세종특별자치시,,,
26173f6dfdacd502a25c,full_annotation_v1,A,q_정육_14,돼지갈비 먹을 곳,식료품 중 '정육'을 판매·제공하는 매장,train,정육,T4 구어·문장,553b4155-4f16-4370-a5b2-b1f0518e4389,봉갈비,돼지갈비,봉일천전통시장,전통시장,경기도,,,
740cd62f690d72421b41,full_annotation_v1,A,q_정육_14,돼지갈비 먹을 곳,식료품 중 '정육'을 판매·제공하는 매장,train,정육,T4 구어·문장,0008f8f4-4c6e-4c4a-ad64-76aaea3d2d18,대성정육점,정육,평택국제중앙시장,전통시장,경기도,,,
d0e2ca45b1136982f6ed,full_annotation_v1,A,q_정육_14,돼지갈비 먹을 곳,식료품 중 '정육'을 판매·제공하는 매장,train,정육,T4 구어·문장,080611f9-2bc6-485c-88ff-62a839f9cbd2,푸줏간 수정점,,황금수정 골목형상점가,골목형상점가,부산광역시,,,
a0e3bb10b28d656704b8,full_annotation_v1,A,q_정육_14,돼지갈비 먹을 곳,식료품 중 '정육'을 판매·제공하는 매장,train,정육,T4 구어·문장,0f485d77-6ea2-42ef-bf05-8dff15c040b3,숯구소,돼지갈비,둔전골목형상점가,골목형상점가,경기도,,,
c98c7b88ae1f88c5206e,full_annotation_v1,A,q_정육_14,돼지갈비 먹을 곳,식료품 중 '정육'을 판매·제공하는 매장,train,정육,T4 구어·문장,02cebcf5-9e57-4988-adb9-85afcb577ccd,백미옥,국밥,한마음,골목형상점가,광주광역시,,,
689dc1995fe44298d62a,full_annotation_v1,A,q_정육_14,돼지갈비 먹을 곳,식료품 중 '정육'을 판매·제공하는 매장,train,정육,T4 구어·문장,672f1302-571d-4af3-8fcc-83ddd2caabbc,참고깃간,,명륜시실로 골목형상점가,골목형상점가,부산광역시,,,
e7b1fef0171d914d2755,full_annotation_v1,A,q_정육_14,돼지갈비 먹을 곳,식료품 중 '정육'을 판매·제공하는 매장,train,정육,T4 구어·문장,3fc63a5f-5bb1-429e-953d-4e57a6dbd838,태양수제 돼지갈비,돼지갈비,가양역사거리골목형상점가,골목형상점가,서울특별시,,,
07e8de6fbaa5a3b1a810,full_annotation_v1,A,q_정육_14,돼지갈비 먹을 곳,식료품 중 '정육'을 판매·제공하는 매장,train,정육,T4 구어·문장,008615e0-6a3d-45a3-b0ce-af168ae6e16e,행담정육점,소고기 돼지고기 정육,대곡시장,전통시장,대구광역시,,,
ddca899034f5d4d971e7,full_annotation_v1,A,q_정육_14,돼지갈비 먹을 곳,식료품 중 '정육'을 판매·제공하는 매장,train,정육,T4 구어·문장,032b7c2d-89ad-4b7e-9563-c9c67c6381a9,명품한우,한우,신포동개항길골목형상점가,골목형상점가,인천광역시,,,
0f73932245b7b192d8b8,full_annotation_v1,A,q_정육_14,돼지갈비 먹을 곳,식료품 중 '정육'을 판매·제공하는 매장,train,정육,T4 구어·문장,033ab0da-f546-4879-93a7-5bf7e6327bf3,시장식당,국밥,광양5일시장,전통시장,,,,
6178de6a1c0434e051e7,full_annotation_v1,A,q_정육_14,돼지갈비 먹을 곳,식료품 중 '정육'을 판매·제공하는 매장,train,정육,T4 구어·문장,28753b89-41b5-46fc-99e4-fa7414b703b8,해운대 광순이네 고깃간,,좌동재래시장,전통시장,부산광역시,,,
1ee5e3e6cd5ce386ff21,full_annotation_v1,A,q_정육_14,돼지갈비 먹을 곳,식료품 중 '정육'을 판매·제공하는 매장,train,정육,T4 구어·문장,564de640-694f-4797-af66-a5d1df9c489f,푸줏간,,김천평화시장,전통시장,경상북도,,,
f83f7e9b98b6d45e3e9e,full_annotation_v1,A,q_정육_14,돼지갈비 먹을 곳,식료품 중 '정육'을 판매·제공하는 매장,train,정육,T4 구어·문장,8e47ca4b-d6d2-4b8b-94c1-4bf956a228ff,남촌,돼지갈비,금구리 골목형상점가,골목형상점가,전북특별자치도,,,
ee31df7b76f8a5019155,full_annotation_v1,A,q_정육_14,돼지갈비 먹을 곳,식료품 중 '정육'을 판매·제공하는 매장,train,정육,T4 구어·문장,61812619-76ab-4e66-9132-295861695213,부곡역 돼지갈비,,의왕역 골목형상점가,골목형상점가,경기도,,,
9cd66165127403930079,full_annotation_v1,A,q_정육_14,돼지갈비 먹을 곳,식료품 중 '정육'을 판매·제공하는 매장,train,정육,T4 구어·문장,10e5d76c-e496-4b90-89a0-ba94cca73c5e,홍농숯불갈비,돼지갈비,백년소상공인,기타,서울특별시,,,
495800528c2322f7c133,full_annotation_v1,A,q_정육_14,돼지갈비 먹을 곳,식료품 중 '정육'을 판매·제공하는 매장,train,정육,T4 구어·문장,355ad0bf-7b9c-4539-9fcb-56a7716f9793,늘푸른상회,곡물,능곡시장(구 능곡전통시장),전통시장,경기도,,,
f970c02b570d64b6f235,full_annotation_v1,A,q_정육_14,돼지갈비 먹을 곳,식료품 중 '정육'을 판매·제공하는 매장,train,정육,T4 구어·문장,91ba5d08-e581-45e6-a5e1-6395286c4de4,로타리갈비,돼지갈비,대성상가 골목형상점가,골목형상점가,부산광역시,,,
b80c615b4bd59245d075,full_annotation_v1,A,q_정육_14,돼지갈비 먹을 곳,식료품 중 '정육'을 판매·제공하는 매장,train,정육,T4 구어·문장,836bf7b2-a05c-44bd-b0cd-0dbd02e1b221,명성전파사,가전제품,전자의거리 상점가,자율상권구역,광주광역시,,,
8363afd312100ee8eb52,full_annotation_v1,A,q_정육_14,돼지갈비 먹을 곳,식료품 중 '정육'을 판매·제공하는 매장,train,정육,T4 구어·문장,a7a140a1-7319-4eaf-ad43-73cc9c43937b,드럼통돼지갈비,돼지갈비,내곡동골목형상점가,골목형상점가,강원특별자치도,,,
e5c1f924daa6645183a2,full_annotation_v1,A,q_정육_14,돼지갈비 먹을 곳,식료품 중 '정육'을 판매·제공하는 매장,train,정육,T4 구어·문장,8fda7eb0-8a9d-49bb-8b3d-f1fabb8cf800,서부포차식당,한식,안동서부시장,전통시장,경상북도,,,
a73e45348c7438670edb,full_annotation_v1,A,q_정육_14,돼지갈비 먹을 곳,식료품 중 '정육'을 판매·제공하는 매장,train,정육,T4 구어·문장,b482191c-741f-4b35-bebf-a8c5e3e26c7b,돈봤소,돼지갈비,정훈한마음골목시장,골목형상점가,서울특별시,,,
5ceab9d070e527048a69,full_annotation_v1,A,q_정육_14,돼지갈비 먹을 곳,식료품 중 '정육'을 판매·제공하는 매장,train,정육,T4 구어·문장,00265ad2-bd74-4057-b201-f6a798a8a4c9,칠분통닭오치점,치킨,오치2동 골목형상점가,골목형상점가,광주광역시,,,
c952dd4ead324f6371e0,full_annotation_v1,A,q_정육_14,돼지갈비 먹을 곳,식료품 중 '정육'을 판매·제공하는 매장,train,정육,T4 구어·문장,cb02e1cd-f75d-44ea-8acd-de5f46fb3b1c,쌍둥이돼지갈비,돼지갈비,내곡동골목형상점가,골목형상점가,강원특별자치도,,,
d0304093c2ecc3176a65,full_annotation_v1,A,q_정육_14,돼지갈비 먹을 곳,식료품 중 '정육'을 판매·제공하는 매장,train,정육,T4 구어·문장,3c9519a7-069f-4d8a-9b9e-c86e6be28e1c,청수장,돼지갈비,백년소상공인,기타,서울특별시,,,
465d875ec7dd624ff25c,full_annotation_v1,A,q_정육_14,돼지갈비 먹을 곳,식료품 중 '정육'을 판매·제공하는 매장,train,정육,T4 구어·문장,00e3332a-4796-482d-9660-702bcf084fb0,대흥축산,축산물,가락몰골목형상점가,골목형상점가,서울특별시,,,
dccdb165ccc839180ae2,full_annotation_v1,A,q_정육_14,돼지갈비 먹을 곳,식료품 중 '정육'을 판매·제공하는 매장,train,정육,T4 구어·문장,ffc54617-4a44-4959-854e-b2bc47974ba7,중턱마을이가네,돼지갈비,포남용마거리골목형상점가,골목형상점가,강원특별자치도,,,
4900c280b4e6824145fd,full_annotation_v1,A,q_정육_14,돼지갈비 먹을 곳,식료품 중 '정육'을 판매·제공하는 매장,train,정육,T4 구어·문장,03f541e1-2781-4bd2-91a9-65b9196d82b4,또래오래치킨&참닭,삼겹살,노대물빛근린공원 골목형상점가,골목형상점가,광주광역시,,,
9a0d2f29e64e6b2021d6,full_annotation_v1,A,q_정육_14,돼지갈비 먹을 곳,식료품 중 '정육'을 판매·제공하는 매장,train,정육,T4 구어·문장,00831405-3dce-4f59-90cd-81fc3f837a63,보광축산,정육,원당시장(구 원당전통시장),전통시장,경기도,,,
d747582cfc87548caa06,full_annotation_v1,A,q_정육_14,돼지갈비 먹을 곳,식료품 중 '정육'을 판매·제공하는 매장,train,정육,T4 구어·문장,e14dcc38-3592-4316-ada4-521923aa7311,광덕상회,과실,동서시장,전통시장,서울특별시,,,
3ebbcd0d91927c599fba,full_annotation_v1,A,q_정육_14,돼지갈비 먹을 곳,식료품 중 '정육'을 판매·제공하는 매장,train,정육,T4 구어·문장,02235e2b-ba17-4b33-aacc-c1d96790e83e,바다담은구이,식당,정릉시장,전통시장,서울특별시,,,
0cf232b7c11b52633b23,full_annotation_v1,A,q_정육_14,돼지갈비 먹을 곳,식료품 중 '정육'을 판매·제공하는 매장,train,정육,T4 구어·문장,0b1d8447-88e5-4681-a91b-dfacf11955d8,양화정,갈비,합정동먹자골목골목형상점가,골목형상점가,서울특별시,,,
eccaad7aa65861c8b76d,full_annotation_v1,A,q_정육_14,돼지갈비 먹을 곳,식료품 중 '정육'을 판매·제공하는 매장,train,정육,T4 구어·문장,05be8e6e-05cb-43d5-8c9e-ab68776e957b,낙원갈비집 부천옥길점,,부천 옥길 골목형상점가,골목형상점가,경기도,,,
80e11120f1c930081d83,full_annotation_v1,A,q_정육_14,돼지갈비 먹을 곳,식료품 중 '정육'을 판매·제공하는 매장,train,정육,T4 구어·문장,32117443-ed46-4725-b109-de02644f90b4,형제갈비,돼지갈비,초량 이음자율상권,,부산광역시,,,
61e3745557d63b1c15e2,full_annotation_v1,A,q_정육_14,돼지갈비 먹을 곳,식료품 중 '정육'을 판매·제공하는 매장,train,정육,T4 구어·문장,86ddd3a6-557a-49f9-8ea2-0f520c55b844,총각네고깃간,,일곡동(제1지역:자연마을 일동초 거리) 골목형상점가,골목형상점가,,,,
62cffa7c4bf704faf67d,full_annotation_v1,A,q_정육_14,돼지갈비 먹을 곳,식료품 중 '정육'을 판매·제공하는 매장,train,정육,T4 구어·문장,218f7c51-dc46-4665-9efc-f78e2f859570,울산갈비,돼지갈비,초량 이음자율상권,,부산광역시,,,
62c46e25dd77bb25d689,full_annotation_v1,A,q_정육_14,돼지갈비 먹을 곳,식료품 중 '정육'을 판매·제공하는 매장,train,정육,T4 구어·문장,76a3551b-dae4-4326-92cc-662015aedbfb,쉴 곳,한식,칠성로상점가,자율상권구역,제주특별자치도,,,
ed4c7094ce83697ebcc6,full_annotation_v1,A,q_정육_14,돼지갈비 먹을 곳,식료품 중 '정육'을 판매·제공하는 매장,train,정육,T4 구어·문장,000bc123-8986-4a63-bd89-6076138ae351,왕장상회,치킨,자양전통시장,전통시장,서울특별시,,,
39e9ab40bdde71662cf5,full_annotation_v1,A,q_정육_14,돼지갈비 먹을 곳,식료품 중 '정육'을 판매·제공하는 매장,train,정육,T4 구어·문장,0072ddc8-1b0b-4a64-b9d0-9eb309854f0c,오뚜기정육점,정육,김제중앙시장,전통시장,전북특별자치도,,,
56ddbec7c52cbd4c5dee,full_annotation_v1,A,q_정육_14,돼지갈비 먹을 곳,식료품 중 '정육'을 판매·제공하는 매장,train,정육,T4 구어·문장,1d46d15d-fdaf-4581-824d-0a89dd854457,갈비촌,돼지갈비,(예천)새움로 골목형상점가,골목형상점가,경상북도,,,
55f83b54a7f5cca77a8d,full_annotation_v1,A,q_정육_14,돼지갈비 먹을 곳,식료품 중 '정육'을 판매·제공하는 매장,train,정육,T4 구어·문장,003d2015-a21c-44e2-9d66-c6f97ba3c296,집중호우,한우,하단자율상권구역,기타,부산광역시,,,
a2769bd76c5af214e3a0,full_annotation_v1,A,q_정육_14,돼지갈비 먹을 곳,식료품 중 '정육'을 판매·제공하는 매장,train,정육,T4 구어·문장,18a5619d-c878-4a3c-9fe5-4093460e3df5,주식회사 청년푸줏간,,인천모래내전통시장,전통시장,인천광역시,,,
97cf6c00a765b82232af,full_annotation_v1,A,q_정육_14,돼지갈비 먹을 곳,식료품 중 '정육'을 판매·제공하는 매장,train,정육,T4 구어·문장,5f30ccab-145d-4ff6-9ad8-aac9f707475f,경동연탄돼지갈비,돼지갈비,서울약령시장,전통시장,서울특별시,,,
fc265833c76f412b2989,full_annotation_v1,A,q_정육_14,돼지갈비 먹을 곳,식료품 중 '정육'을 판매·제공하는 매장,train,정육,T4 구어·문장,01286ec0-50e0-4540-b678-ec706fb3bcbb,설곰식당,식당,산업용재관,전통시장,대구광역시,,,
2cc9b46f89c93021a7fc,full_annotation_v1,A,q_정육_14,돼지갈비 먹을 곳,식료품 중 '정육'을 판매·제공하는 매장,train,정육,T4 구어·문장,01b7e8c6-feb8-4cff-a63e-2376ae18dd41,원조생굴뚝배기,국밥,고령대가야시장,전통시장,경상북도,,,
29944412b06b201d6866,full_annotation_v1,A,q_정육_14,돼지갈비 먹을 곳,식료품 중 '정육'을 판매·제공하는 매장,train,정육,T4 구어·문장,0287935d-6e8e-465e-930c-b5e8e06c38c4,탄방 고기돈,삼겹살,탄방새마을 골목형상점가,골목형상점가,대전광역시,,,
4087c2e344c23a9266bd,full_annotation_v1,A,q_정육_14,돼지갈비 먹을 곳,식료품 중 '정육'을 판매·제공하는 매장,train,정육,T4 구어·문장,01c857cd-3f28-4d83-8fa4-e0abcfb44fbd,수연국밥,국밥,두암사거리 골목형상점가,골목형상점가,광주광역시,,,
f58575eeca359bee96b2,full_annotation_v1,A,q_정육_14,돼지갈비 먹을 곳,식료품 중 '정육'을 판매·제공하는 매장,train,정육,T4 구어·문장,f45e7f85-efd8-43e7-b635-b743fa380586,연 화로,돼지갈비,엄사 골목형상점가,골목형상점가,충청남도,,,
492d7c063ac2c017a96e,full_annotation_v1,A,q_정육_14,돼지갈비 먹을 곳,식료품 중 '정육'을 판매·제공하는 매장,train,정육,T4 구어·문장,a6e536f5-fd4c-4834-a1a6-dfb0db3cf107,영진자동차공업사,자동차수리,용봉전대상대 골목형상점가,골목형상점가,광주광역시,,,
4f2960eb7cc91babd59f,full_annotation_v1,A,q_정육_14,돼지갈비 먹을 곳,식료품 중 '정육'을 판매·제공하는 매장,train,정육,T4 구어·문장,00652de3-165f-4988-9616-0ff0250e851d,합천식육점,,관문상가시장,전통시장,대구광역시,,,
794ec1f0ea7ea401857d,full_annotation_v1,A,q_정육_14,돼지갈비 먹을 곳,식료품 중 '정육'을 판매·제공하는 매장,train,정육,T4 구어·문장,0130dbd3-b9ea-43f4-98fd-26d8afd90b78,모래내시장순대,식당,전주모래내시장,전통시장,전북특별자치도,,,
bf8a9c6baadbedd357f0,full_annotation_v1,A,q_정육_14,돼지갈비 먹을 곳,식료품 중 '정육'을 판매·제공하는 매장,train,정육,T4 구어·문장,0367e5f3-1bf4-4d8a-bac6-655fcc2eda3f,큰집닭강정,닭강정,신도봉시장,전통시장,서울특별시,,,
2b62ce33c57cde9f388d,full_annotation_v1,A,q_정육_14,돼지갈비 먹을 곳,식료품 중 '정육'을 판매·제공하는 매장,train,정육,T4 구어·문장,6f00e22a-4455-4f40-9182-231a3281117a,이조왕갈비,돼지갈비,봉덕맛길 골목형상점가,골목형상점가,대구광역시,,,
52a8a90fb5aece924f02,full_annotation_v1,A,q_정육_14,돼지갈비 먹을 곳,식료품 중 '정육'을 판매·제공하는 매장,train,정육,T4 구어·문장,41d11001-9d7b-4965-9bae-0af94922cf12,철이네고깃간(중흥점),,유동 경열로 골목형상점가,골목형상점가,광주광역시,,,
d350e876800091ea95af,full_annotation_v1,A,q_정육_14,돼지갈비 먹을 곳,식료품 중 '정육'을 판매·제공하는 매장,train,정육,T4 구어·문장,0aad5389-cfad-4466-9fe1-d8a04dd60414,시골집숯불갈비,갈비,두암2동광신맨션주변 골목형상점가,골목형상점가,광주광역시,,,
94a0d4b82394e822f221,full_annotation_v1,A,q_정육_15,삼겹살 사서 집에서 구워먹기,식료품 중 '정육'을 판매·제공하는 매장,train,정육,T4 구어·문장,ecff2512-ebbe-4dff-b268-5bbe3973217e,또삼,삼겹살,보람동 골목형상점가,골목형상점가,세종특별자치시,,,
2e1997314e4c351d3f3e,full_annotation_v1,A,q_정육_15,삼겹살 사서 집에서 구워먹기,식료품 중 '정육'을 판매·제공하는 매장,train,정육,T4 구어·문장,cf7d9143-715c-4ddf-a72b-ab90b19dd0ce,꿀돼지돌판구이,삼겹살,안녕마을골목형상점가,골목형상점가,대전광역시,,,
a7411d85b222803ffade,full_annotation_v1,A,q_정육_15,삼겹살 사서 집에서 구워먹기,식료품 중 '정육'을 판매·제공하는 매장,train,정육,T4 구어·문장,650dc0c1-b6f5-42ac-8afd-c20f03844011,뚜삼,삼겹살,갈매애비뉴 골목형상점가,골목형상점가,경기도,,,
2cda0350387347a6c53f,full_annotation_v1,A,q_정육_15,삼겹살 사서 집에서 구워먹기,식료품 중 '정육'을 판매·제공하는 매장,train,정육,T4 구어·문장,004961cf-a775-4bcc-87a9-067c385bb9e7,삼미식육,식육,구포축산물도매시장,전통시장,부산광역시,,,
a3112ca73953368cff69,full_annotation_v1,A,q_정육_15,삼겹살 사서 집에서 구워먹기,식료품 중 '정육'을 판매·제공하는 매장,train,정육,T4 구어·문장,0363b125-0829-46ae-b0be-f23ada850390,정성육회울산송정점,한우뭉티기&한우육회,송정청춘 골목형상점가,골목형상점가,울산광역시,,,
7d665010d36d3763b803,full_annotation_v1,A,q_정육_15,삼겹살 사서 집에서 구워먹기,식료품 중 '정육'을 판매·제공하는 매장,train,정육,T4 구어·문장,18a5619d-c878-4a3c-9fe5-4093460e3df5,주식회사 청년푸줏간,,인천모래내전통시장,전통시장,인천광역시,,,
cbed6a9f6903a38eee9f,full_annotation_v1,A,q_정육_15,삼겹살 사서 집에서 구워먹기,식료품 중 '정육'을 판매·제공하는 매장,train,정육,T4 구어·문장,008615e0-6a3d-45a3-b0ce-af168ae6e16e,행담정육점,소고기 돼지고기 정육,대곡시장,전통시장,대구광역시,,,
41881b2d263846aaa6e1,full_annotation_v1,A,q_정육_15,삼겹살 사서 집에서 구워먹기,식료품 중 '정육'을 판매·제공하는 매장,train,정육,T4 구어·문장,e514db8c-eb96-475b-923c-6ab69a35ceed,육틈,삼겹살,방학단길골목형상점가,골목형상점가,서울특별시,,,
67c983f16d95b915cc38,full_annotation_v1,A,q_정육_15,삼겹살 사서 집에서 구워먹기,식료품 중 '정육'을 판매·제공하는 매장,train,정육,T4 구어·문장,080611f9-2bc6-485c-88ff-62a839f9cbd2,푸줏간 수정점,,황금수정 골목형상점가,골목형상점가,부산광역시,,,
72825dc5612ba388104f,full_annotation_v1,A,q_정육_15,삼겹살 사서 집에서 구워먹기,식료품 중 '정육'을 판매·제공하는 매장,train,정육,T4 구어·문장,0287935d-6e8e-465e-930c-b5e8e06c38c4,탄방 고기돈,삼겹살,탄방새마을 골목형상점가,골목형상점가,대전광역시,,,
34f5679f933de2260bae,full_annotation_v1,A,q_정육_15,삼겹살 사서 집에서 구워먹기,식료품 중 '정육'을 판매·제공하는 매장,train,정육,T4 구어·문장,4e7ab225-e785-47de-92b6-e6d89f64c8f6,대원삼겹살,삼겹살,송촌동상점가,자율상권구역,대전광역시,,,
e5c87322fa0651752252,full_annotation_v1,A,q_정육_15,삼겹살 사서 집에서 구워먹기,식료품 중 '정육'을 판매·제공하는 매장,train,정육,T4 구어·문장,01286ec0-50e0-4540-b678-ec706fb3bcbb,설곰식당,식당,산업용재관,전통시장,대구광역시,,,
d9e491061466d67999a2,full_annotation_v1,A,q_정육_15,삼겹살 사서 집에서 구워먹기,식료품 중 '정육'을 판매·제공하는 매장,train,정육,T4 구어·문장,00a5a31e-6208-4900-9553-18f188bfcbfc,올바른고깃간일곡점,정육점,일곡동 골목형상점가,골목형상점가,광주광역시,,,
7ab643c0954857d439c2,full_annotation_v1,A,q_정육_15,삼겹살 사서 집에서 구워먹기,식료품 중 '정육'을 판매·제공하는 매장,train,정육,T4 구어·문장,814686b3-c517-41bd-962c-8d41589f49b2,미녀삼겹살,삼겹살,청학동골목형상점가,골목형상점가,인천광역시,,,
3ccf48c01f0767a15bab,full_annotation_v1,A,q_정육_15,삼겹살 사서 집에서 구워먹기,식료품 중 '정육'을 판매·제공하는 매장,train,정육,T4 구어·문장,73b44471-de7c-4594-9ff9-1902d04241f4,미스돼지,삼겹살,유천버드내 골목형상점가,골목형상점가,대전광역시,,,
e06078ae06b41d1dea24,full_annotation_v1,A,q_정육_15,삼겹살 사서 집에서 구워먹기,식료품 중 '정육'을 판매·제공하는 매장,train,정육,T4 구어·문장,6feb66aa-8e73-4051-8df2-8c696437906f,돈되는삼겹살,삼겹살,산곡1번가 골목형상점가,골목형상점가,인천광역시,,,
19a88d4a223a87d0a2d1,full_annotation_v1,A,q_정육_15,삼겹살 사서 집에서 구워먹기,식료품 중 '정육'을 판매·제공하는 매장,train,정육,T4 구어·문장,2808adc9-4e9a-4fc1-b3e8-a5827c948eee,지후이네,삼겹살,옥천먹자골목형상점가,골목형상점가,충청북도,,,
b4726a7a32803a9cd5e1,full_annotation_v1,A,q_정육_15,삼겹살 사서 집에서 구워먹기,식료품 중 '정육'을 판매·제공하는 매장,train,정육,T4 구어·문장,3f464b0d-2996-4ab9-9365-9f49bf2ff354,저스트카츠,돈까스,지중해마을 골목형상점가,골목형상점가,충청남도,,,
012177ea37e3026ce46f,full_annotation_v1,A,q_정육_15,삼겹살 사서 집에서 구워먹기,식료품 중 '정육'을 판매·제공하는 매장,train,정육,T4 구어·문장,00831405-3dce-4f59-90cd-81fc3f837a63,보광축산,정육,원당시장(구 원당전통시장),전통시장,경기도,,,
2faf45a6c42db59686c2,full_annotation_v1,A,q_정육_15,삼겹살 사서 집에서 구워먹기,식료품 중 '정육'을 판매·제공하는 매장,train,정육,T4 구어·문장,41d11001-9d7b-4965-9bae-0af94922cf12,철이네고깃간(중흥점),,유동 경열로 골목형상점가,골목형상점가,광주광역시,,,
75cd62263e1d84331cc8,full_annotation_v1,A,q_정육_15,삼겹살 사서 집에서 구워먹기,식료품 중 '정육'을 판매·제공하는 매장,train,정육,T4 구어·문장,aee61c57-c673-442c-91d0-8d5963ee9931,스뎅식당,삼겹살,남사한숲 골목형상점가,골목형상점가,경기도,,,
3f775bd5cd74a8336fa0,full_annotation_v1,A,q_정육_15,삼겹살 사서 집에서 구워먹기,식료품 중 '정육'을 판매·제공하는 매장,train,정육,T4 구어·문장,510817bd-22a3-44c5-96f5-7ab8fb2ed0c6,왕솥뚜껑,삼겹살,대소시장,전통시장,충청북도,,,
aacbf6d65a2ff069ecb2,full_annotation_v1,A,q_정육_15,삼겹살 사서 집에서 구워먹기,식료품 중 '정육'을 판매·제공하는 매장,train,정육,T4 구어·문장,50142df8-c2db-4ad4-9dd8-517afdf5abfb,후발대대흥점,삼겹살,문화예술의거리 대흥동 상점가,자율상권구역,대전광역시,,,
17e298b080e9ee242bff,full_annotation_v1,A,q_정육_15,삼겹살 사서 집에서 구워먹기,식료품 중 '정육'을 판매·제공하는 매장,train,정육,T4 구어·문장,00265ad2-bd74-4057-b201-f6a798a8a4c9,칠분통닭오치점,치킨,오치2동 골목형상점가,골목형상점가,광주광역시,,,
b2c31efd92292f9c31a2,full_annotation_v1,A,q_정육_15,삼겹살 사서 집에서 구워먹기,식료품 중 '정육'을 판매·제공하는 매장,train,정육,T4 구어·문장,01b7e8c6-feb8-4cff-a63e-2376ae18dd41,원조생굴뚝배기,국밥,고령대가야시장,전통시장,경상북도,,,
43fa251a2c7d1369f3d9,full_annotation_v1,A,q_정육_15,삼겹살 사서 집에서 구워먹기,식료품 중 '정육'을 판매·제공하는 매장,train,정육,T4 구어·문장,06abbf84-d2b7-459a-afcd-d16a303d5f5c,돈소리,삼겹살,둔전골목형상점가,골목형상점가,경기도,,,
02ec2dcea7b489646e92,full_annotation_v1,A,q_정육_15,삼겹살 사서 집에서 구워먹기,식료품 중 '정육'을 판매·제공하는 매장,train,정육,T4 구어·문장,b5761669-7f4c-4aaf-a17c-ae39ee46edf2,삼겹천지,삼겹살,염주먹자골목A구역상인회 골목형상점가,골목형상점가,광주광역시,,,
b5eb00829d8e3984a70a,full_annotation_v1,A,q_정육_15,삼겹살 사서 집에서 구워먹기,식료품 중 '정육'을 판매·제공하는 매장,train,정육,T4 구어·문장,290c564d-bc7c-4629-91a5-c493d0ba3f6e,배할머니네 파절이 삼겹살,삼겹살,낙낙별길골목형상점가,골목형상점가,서울특별시,,,
c3135f2fe2c0fd727ea9,full_annotation_v1,A,q_정육_15,삼겹살 사서 집에서 구워먹기,식료품 중 '정육'을 판매·제공하는 매장,train,정육,T4 구어·문장,03f541e1-2781-4bd2-91a9-65b9196d82b4,또래오래치킨&참닭,삼겹살,노대물빛근린공원 골목형상점가,골목형상점가,광주광역시,,,
ba07611696ca0d046e35,full_annotation_v1,A,q_정육_15,삼겹살 사서 집에서 구워먹기,식료품 중 '정육'을 판매·제공하는 매장,train,정육,T4 구어·문장,039c05c3-9a49-40ec-86ca-28415ca76d25,미쁘다담양식돼지갈비,갈비,용봉지구 골목형상점가,골목형상점가,광주광역시,,,
25ad7d2626baab5b113f,full_annotation_v1,A,q_정육_15,삼겹살 사서 집에서 구워먹기,식료품 중 '정육'을 판매·제공하는 매장,train,정육,T4 구어·문장,b9a2de64-b18e-427b-a329-e041df11649d,고깃집,삼겹살,읍내리 원도심 골목형상점가,골목형상점가,전라남도,,,
0b51b871bc0b3b27584f,full_annotation_v1,A,q_정육_15,삼겹살 사서 집에서 구워먹기,식료품 중 '정육'을 판매·제공하는 매장,train,정육,T4 구어·문장,8ae4c510-c7b6-42d5-a069-152728122a71,두정맛찬들왕소금구이,삼겹살,두정동상점가,자율상권구역,충청남도,,,
8fd6ceb6dbcff0244b8f,full_annotation_v1,A,q_정육_15,삼겹살 사서 집에서 구워먹기,식료품 중 '정육'을 판매·제공하는 매장,train,정육,T4 구어·문장,023a95f4-f5cb-4b2e-b978-690c41d48d54,대송회센타,식당,대송시장,전통시장,울산광역시,,,
1e2e03d9310db978b7ae,full_annotation_v1,A,q_정육_15,삼겹살 사서 집에서 구워먹기,식료품 중 '정육'을 판매·제공하는 매장,train,정육,T4 구어·문장,5f3c01c4-39a1-421b-8692-197d321d2df4,동명돈,삼겹살,동명동 카페거리 골목형상점가,골목형상점가,광주광역시,,,
d68a017d33006952e552,full_annotation_v1,A,q_정육_15,삼겹살 사서 집에서 구워먹기,식료품 중 '정육'을 판매·제공하는 매장,train,정육,T4 구어·문장,005ea303-f9b7-4f3e-abcc-8460ca84ba44,은성축산물직판장,"도소매(축산물,식육판매)",남문시장,전통시장,서울특별시,,,
c30f7d29e75130307a98,full_annotation_v1,A,q_정육_15,삼겹살 사서 집에서 구워먹기,식료품 중 '정육'을 판매·제공하는 매장,train,정육,T4 구어·문장,0d58d37d-c2ae-4084-b39f-fe4826be03de,솥뚜껑삼겹살,삼겹살,농성세대공감상인회 골목형상점가,골목형상점가,광주광역시,,,
dbe0b022687c9efae88c,full_annotation_v1,A,q_정육_15,삼겹살 사서 집에서 구워먹기,식료품 중 '정육'을 판매·제공하는 매장,train,정육,T4 구어·문장,aaca488b-ad50-401d-8f5b-0bf91424ec93,웃삼,삼겹살,원마루시장,전통시장,충청북도,,,
7c52413784d7901a7042,full_annotation_v1,A,q_정육_15,삼겹살 사서 집에서 구워먹기,식료품 중 '정육'을 판매·제공하는 매장,train,정육,T4 구어·문장,2538e343-dfd5-475d-911b-489c58742748,신개념 푸줏간,,새천년 골목형상점가,골목형상점가,경기도,,,
ce3c60fe161a02d37c8c,full_annotation_v1,A,q_정육_15,삼겹살 사서 집에서 구워먹기,식료품 중 '정육'을 판매·제공하는 매장,train,정육,T4 구어·문장,65fbccc6-9168-4a50-9a67-70b789ddbba4,솥뚜껑 삼겹살,삼겹살,버들마을상인회 골목형상점가,골목형상점가,광주광역시,,,
f8c54ed8994a213677d7,full_annotation_v1,A,q_정육_15,삼겹살 사서 집에서 구워먹기,식료품 중 '정육'을 판매·제공하는 매장,train,정육,T4 구어·문장,0da13043-10b3-412d-a4f3-cffc1143e630,성냥통,삼겹살,칠성로골목형상점가,골목형상점가,대구광역시,,,
c2f6b121c84d26ad2e01,full_annotation_v1,A,q_정육_15,삼겹살 사서 집에서 구워먹기,식료품 중 '정육'을 판매·제공하는 매장,train,정육,T4 구어·문장,eedbf035-880f-40d0-8294-f7f5fa319f43,삼씨네겹살이,삼겹살,송촌동상점가,자율상권구역,대전광역시,,,
1e4bd9196bcfe57064b4,full_annotation_v1,A,q_정육_15,삼겹살 사서 집에서 구워먹기,식료품 중 '정육'을 판매·제공하는 매장,train,정육,T4 구어·문장,083d3d40-c91f-48ae-a0b4-faa1a8c60a36,엔돌핀삼겹살전문점,삼겹살,성서와룡시장,전통시장,대구광역시,,,
54815aa897af00c9d51e,full_annotation_v1,A,q_정육_15,삼겹살 사서 집에서 구워먹기,식료품 중 '정육'을 판매·제공하는 매장,train,정육,T4 구어·문장,00e45da9-1bb4-42fa-b0a8-63cdcea52143,수유중앙축산물백화점,정육,수유중앙시장,전통시장,서울특별시,,,
efe7ff823b6e9d93162f,full_annotation_v1,A,q_정육_15,삼겹살 사서 집에서 구워먹기,식료품 중 '정육'을 판매·제공하는 매장,train,정육,T4 구어·문장,af38184a-01a3-4313-a69f-e809e21f3e9d,5번상회,,배돌이 골목형상점가,골목형상점가,,,,
0437a13fd543d5d95a06,full_annotation_v1,A,q_정육_15,삼겹살 사서 집에서 구워먹기,식료품 중 '정육'을 판매·제공하는 매장,train,정육,T4 구어·문장,0aad5389-cfad-4466-9fe1-d8a04dd60414,시골집숯불갈비,갈비,두암2동광신맨션주변 골목형상점가,골목형상점가,광주광역시,,,
12b76b1d6c72210acf15,full_annotation_v1,A,q_정육_15,삼겹살 사서 집에서 구워먹기,식료품 중 '정육'을 판매·제공하는 매장,train,정육,T4 구어·문장,124bbf3d-b661-4a54-a33d-af255fced818,더후헤어,,낭주골 골목형상점가,골목형상점가,전북특별자치도,,,
bfad77e3d2076e15ca70,full_annotation_v1,A,q_정육_15,삼겹살 사서 집에서 구워먹기,식료품 중 '정육'을 판매·제공하는 매장,train,정육,T4 구어·문장,4aba5b52-3260-4d2b-8738-5dcd94a7359a,데이위크,,낭주골 골목형상점가,골목형상점가,전북특별자치도,,,
b2b01562a27f4a97a78d,full_annotation_v1,A,q_정육_15,삼겹살 사서 집에서 구워먹기,식료품 중 '정육'을 판매·제공하는 매장,train,정육,T4 구어·문장,53119c97-3968-482b-814b-4e96a9f7a4ef,사계절,삼겹살,봉선로19번길 골목형상점가,골목형상점가,광주광역시,,,
2c6b3dd59a58f4cdf8b3,full_annotation_v1,A,q_정육_15,삼겹살 사서 집에서 구워먹기,식료품 중 '정육'을 판매·제공하는 매장,train,정육,T4 구어·문장,00f60c16-d8be-497f-80f2-aab3209a8d0e,포카포카,식당,전남여고후문 골목형상점가,골목형상점가,광주광역시,,,
d80afb52be31b13e1042,full_annotation_v1,A,q_정육_15,삼겹살 사서 집에서 구워먹기,식료품 중 '정육'을 판매·제공하는 매장,train,정육,T4 구어·문장,08777cc9-8169-442a-8644-5f06901f883a,특급돼지,삼겹살,배방상점가,자율상권구역,충청남도,,,
137e5d90b372b991fc22,full_annotation_v1,A,q_정육_15,삼겹살 사서 집에서 구워먹기,식료품 중 '정육'을 판매·제공하는 매장,train,정육,T4 구어·문장,4b7b15c2-7a2c-4c23-a26e-3bb4306b4828,스튜디오 담,사진관,무주반딧불상권활성화구역,상권활성화구역,전북특별자치도,,,
d35ce95b4acb0d44cb1d,full_annotation_v1,A,q_정육_15,삼겹살 사서 집에서 구워먹기,식료품 중 '정육'을 판매·제공하는 매장,train,정육,T4 구어·문장,b3402ee9-9eb1-40bb-a110-808ec05e7dbc,장재근초밥,일식,순헌황귀비길 골목형상점가,골목형상점가,서울특별시,,,
6b325be7484bdf077e9b,full_annotation_v1,A,q_정육_15,삼겹살 사서 집에서 구워먹기,식료품 중 '정육'을 판매·제공하는 매장,train,정육,T4 구어·문장,0b1d8447-88e5-4681-a91b-dfacf11955d8,양화정,갈비,합정동먹자골목골목형상점가,골목형상점가,서울특별시,,,
cb10756f099d0bc5560a,full_annotation_v1,A,q_정육_15,삼겹살 사서 집에서 구워먹기,식료품 중 '정육'을 판매·제공하는 매장,train,정육,T4 구어·문장,3e6a2059-5bed-44e4-b9cc-a39468de8043,준이네 푸줏간,,연동시장,전통시장,부산광역시,,,
b36b980eff6dbb81481e,full_annotation_v1,A,q_정육_15,삼겹살 사서 집에서 구워먹기,식료품 중 '정육'을 판매·제공하는 매장,train,정육,T4 구어·문장,dcf5ae1d-25ca-4afd-8262-d3be6e24997e,삼부자돌판골,삼겹살,선부광장로상점가,자율상권구역,경기도,,,
c96b43ea027db70eee80,full_annotation_v1,A,q_정육_15,삼겹살 사서 집에서 구워먹기,식료품 중 '정육'을 판매·제공하는 매장,train,정육,T4 구어·문장,008f0459-6681-4e70-8149-1a6d9ff1a2a5,육간지,삼겹살,구미 진평음식문화특화거리 골목형상점가,골목형상점가,경상북도,,,
f804d32ca1512b55c341,full_annotation_v1,A,q_정육_15,삼겹살 사서 집에서 구워먹기,식료품 중 '정육'을 판매·제공하는 매장,train,정육,T4 구어·문장,ad1562ab-6416-4bca-8da7-a3775927bd46,핵밥 숙명여대점,한식,순헌황귀비길 골목형상점가,골목형상점가,서울특별시,,,
815fb9511d56f26bb0ab,full_annotation_v1,A,q_정육_15,삼겹살 사서 집에서 구워먹기,식료품 중 '정육'을 판매·제공하는 매장,train,정육,T4 구어·문장,7e9e3ef0-d703-4cb1-8b22-b05b9d00a038,굴뚝삼겹살,삼겹살,동부시장 미드랑길 골목형상점가,골목형상점가,서울특별시,,,
890ca79a57eafdc1d49d,full_annotation_v1,A,q_정육_15,삼겹살 사서 집에서 구워먹기,식료품 중 '정육'을 판매·제공하는 매장,train,정육,T4 구어·문장,7d4839de-6ceb-4ea8-aaa4-a9c17459ff6a,막내음식점,한식,삼례시장,전통시장,전북특별자치도,,,
62a71bf940750b1dfae6,full_annotation_v1,A,q_정육_15,삼겹살 사서 집에서 구워먹기,식료품 중 '정육'을 판매·제공하는 매장,train,정육,T4 구어·문장,aa72a77b-9a1d-461e-a451-2978cb9a64fa,동해식당,삼겹살,옥계OK골목형상점가,골목형상점가,강원특별자치도,,,
2c290f086205bb5d02d9,full_annotation_v1,A,q_정육_15,삼겹살 사서 집에서 구워먹기,식료품 중 '정육'을 판매·제공하는 매장,train,정육,T4 구어·문장,986e5e34-4979-441d-9676-a85d71ca4b0d,돌마루,삼겹살,운남동우체국 골목형상점가,골목형상점가,광주광역시,,,
114da99350264fef18cb,full_annotation_v1,A,q_정육_15,삼겹살 사서 집에서 구워먹기,식료품 중 '정육'을 판매·제공하는 매장,train,정육,T4 구어·문장,3a5541a0-6106-4564-8f32-c1fe22488bc8,세영회관,삼겹살,웃장,전통시장,전라남도,,,
96e7ecc38cf537dc9112,full_annotation_v1,A,q_정육_15,삼겹살 사서 집에서 구워먹기,식료품 중 '정육'을 판매·제공하는 매장,train,정육,T4 구어·문장,00889968-cd4d-41f2-8c6f-39e3928858a7,행복한 정육점,고기,테크노밸리 골목형상점가,골목형상점가,대전광역시,,,
dffda8ecb3e6023ca6b9,full_annotation_v1,A,q_정육_15,삼겹살 사서 집에서 구워먹기,식료품 중 '정육'을 판매·제공하는 매장,train,정육,T4 구어·문장,022fb5a6-69f4-4765-88db-4228cac2ef69,랭상1992,삼겹살,오치2동 골목형상점가,골목형상점가,광주광역시,,,
968d60192e93dd5c0552,full_annotation_v1,A,q_정육_15,삼겹살 사서 집에서 구워먹기,식료품 중 '정육'을 판매·제공하는 매장,train,정육,T4 구어·문장,521e3eeb-149f-4a01-96f9-58ab5acb013e,목구멍,삼겹살,BOCA 보카상점가,골목형상점가,경기도,,,
549de60babaf75ac63c8,full_annotation_v1,A,q_정육_15,삼겹살 사서 집에서 구워먹기,식료품 중 '정육'을 판매·제공하는 매장,train,정육,T4 구어·문장,393509a8-d069-4bd4-b37d-19fe4ff39d70,가평집,삼겹살,공주산성시장,전통시장,충청남도,,,
738b4e1d78bf6bdf6efb,full_annotation_v1,A,q_정육_15,삼겹살 사서 집에서 구워먹기,식료품 중 '정육'을 판매·제공하는 매장,train,정육,T4 구어·문장,145b5bff-ebe1-4229-aaff-dfe5ec41c656,솥뚜껑삼겹살,삼겹살,신창수문 골목형상점가,골목형상점가,광주광역시,,,
61bfe704d968635e8404,full_annotation_v1,A,q_정육_15,삼겹살 사서 집에서 구워먹기,식료품 중 '정육'을 판매·제공하는 매장,train,정육,T4 구어·문장,0120247f-1a8e-4396-882d-6476485c3f9e,사랑채,삼겹살,봉선먹자골목 골목형상점가,골목형상점가,광주광역시,,,
f7b1ab9083e32a6fc38d,full_annotation_v1,A,q_정육_15,삼겹살 사서 집에서 구워먹기,식료품 중 '정육'을 판매·제공하는 매장,train,정육,T4 구어·문장,ff33f142-5709-4fda-9058-cfeaf1ffe4cc,삼겹식당,삼겹살,신내구길 골목형상점가,골목형상점가,서울특별시,,,
56740ea6c75113c76325,full_annotation_v1,A,q_정육_15,삼겹살 사서 집에서 구워먹기,식료품 중 '정육'을 판매·제공하는 매장,train,정육,T4 구어·문장,05be8e6e-05cb-43d5-8c9e-ab68776e957b,낙원갈비집 부천옥길점,,부천 옥길 골목형상점가,골목형상점가,경기도,,,
64fdb7f9fd448a5f3e49,full_annotation_v1,A,q_정육_15,삼겹살 사서 집에서 구워먹기,식료품 중 '정육'을 판매·제공하는 매장,train,정육,T4 구어·문장,f101379d-0ec0-47a6-9f8d-fb13791b2504,주영이네,삼겹살,말바우시장,전통시장,광주광역시,,,
08073815a98f4546c0bf,full_annotation_v1,A,q_정육_15,삼겹살 사서 집에서 구워먹기,식료품 중 '정육'을 판매·제공하는 매장,train,정육,T4 구어·문장,13acac08-ef6b-4adf-aac4-75ee658f5799,게콘시대,삼겹살,계산시장,전통시장,인천광역시,,,
4e678a8a38c0d60f68b8,full_annotation_v1,A,q_정육_15,삼겹살 사서 집에서 구워먹기,식료품 중 '정육'을 판매·제공하는 매장,train,정육,T4 구어·문장,dbd77d71-cb60-4113-bc75-737fa43ffc5b,맛집,삼겹살,자양번영로골목형상점가,골목형상점가,서울특별시,,,
e4ef3996428ffd191ae0,full_annotation_v1,A,q_정육_15,삼겹살 사서 집에서 구워먹기,식료품 중 '정육'을 판매·제공하는 매장,train,정육,T4 구어·문장,a822d287-cc96-407a-9d1d-595f5d461a5f,쎈밤,삼겹살,고성동벚꽃 골목형상점가,골목형상점가,대구광역시,,,
0ee18536baf9bfd26c4b,full_annotation_v1,A,q_정육_15,삼겹살 사서 집에서 구워먹기,식료품 중 '정육'을 판매·제공하는 매장,train,정육,T4 구어·문장,071fd8b3-07ec-4810-aab3-62e45ed9c7a8,유명수산,수산물,시흥삼미시장,전통시장,경기도,,,
b3f70f56b69f0bf9aa2f,full_annotation_v1,A,q_정육_15,삼겹살 사서 집에서 구워먹기,식료품 중 '정육'을 판매·제공하는 매장,train,정육,T4 구어·문장,01e3bdc3-fa69-409b-9f56-9ab1b44ede16,바우닭강정,닭강정,자양전통시장,전통시장,서울특별시,,,
1ee89989f8af62bbe768,full_annotation_v1,A,q_정육_15,삼겹살 사서 집에서 구워먹기,식료품 중 '정육'을 판매·제공하는 매장,train,정육,T4 구어·문장,ef6e9c1f-61b7-4a35-91f7-4b0cd5515e29,홍콩삼겹살,삼겹살,송촌동상점가,자율상권구역,대전광역시,,,
2c9050778ff75feeebbc,full_annotation_v1,A,q_정육_15,삼겹살 사서 집에서 구워먹기,식료품 중 '정육'을 판매·제공하는 매장,train,정육,T4 구어·문장,a1079bb0-9b98-4f5a-9d7b-32afa642b70e,토방,삼겹살,각화주공사거리 골목형상점가,골목형상점가,광주광역시,,,
22d13c049af04751b7e4,full_annotation_v1,A,q_정육_15,삼겹살 사서 집에서 구워먹기,식료품 중 '정육'을 판매·제공하는 매장,train,정육,T4 구어·문장,9eb430f9-5d44-4071-9936-66f97788e57f,아저씨,삼겹살,궁동 골목형상점가,골목형상점가,대전광역시,,,
102d30f4add2057d15d8,full_annotation_v1,A,q_정육_15,삼겹살 사서 집에서 구워먹기,식료품 중 '정육'을 판매·제공하는 매장,train,정육,T4 구어·문장,86ddd3a6-557a-49f9-8ea2-0f520c55b844,총각네고깃간,,일곡동(제1지역:자연마을 일동초 거리) 골목형상점가,골목형상점가,,,,
886ae36e5736f7eafe1b,full_annotation_v1,A,q_정육_15,삼겹살 사서 집에서 구워먹기,식료품 중 '정육'을 판매·제공하는 매장,train,정육,T4 구어·문장,263d4cd1-5a0d-45b6-9e68-b38558e9f160,고깃간,,부평종합시장,전통시장,인천광역시,,,
36604239f895b6b65391,full_annotation_v1,A,q_정육_15,삼겹살 사서 집에서 구워먹기,식료품 중 '정육'을 판매·제공하는 매장,train,정육,T4 구어·문장,4a5b97db-0708-45f0-a78f-fedb285cb203,토방,삼겹살,운암 서암대로1 골목형상점가,골목형상점가,광주광역시,,,
e0d54249cd7b38b4e76d,full_annotation_v1,A,q_정육_15,삼겹살 사서 집에서 구워먹기,식료품 중 '정육'을 판매·제공하는 매장,train,정육,T4 구어·문장,00ac87c2-aed5-4a62-8b09-76cbea625145,내고향청보리한우직판장,소고기 돼지고기,마륵동상인회 골목형상점가,골목형상점가,광주광역시,,,
06401a3992f74af5f10a,full_annotation_v1,A,q_정육_15,삼겹살 사서 집에서 구워먹기,식료품 중 '정육'을 판매·제공하는 매장,train,정육,T4 구어·문장,65070b92-0ca4-420c-8ac7-860cdcc1320a,한돈가,삼겹살,대전아이파크시티 골목형상점가,골목형상점가,대전광역시,,,
3c052a59a4ab927014fa,full_annotation_v1,A,q_정육_15,삼겹살 사서 집에서 구워먹기,식료품 중 '정육'을 판매·제공하는 매장,train,정육,T4 구어·문장,1300763b-448a-4da8-8fdf-cf9bdb382d82,두드림,삼겹살,세종마을음식문화거리,자율상권구역,서울특별시,,,
1a2c53402e747af3f8ae,full_annotation_v1,A,q_정육_15,삼겹살 사서 집에서 구워먹기,식료품 중 '정육'을 판매·제공하는 매장,train,정육,T4 구어·문장,00e3332a-4796-482d-9660-702bcf084fb0,대흥축산,축산물,가락몰골목형상점가,골목형상점가,서울특별시,,,
61643b94a614426fdee8,full_annotation_v1,A,q_정육_15,삼겹살 사서 집에서 구워먹기,식료품 중 '정육'을 판매·제공하는 매장,train,정육,T4 구어·문장,0367e5f3-1bf4-4d8a-bac6-655fcc2eda3f,큰집닭강정,닭강정,신도봉시장,전통시장,서울특별시,,,
ba5ee4d4a771464d72f6,full_annotation_v1,A,q_정육_15,삼겹살 사서 집에서 구워먹기,식료품 중 '정육'을 판매·제공하는 매장,train,정육,T4 구어·문장,004764d4-5ad9-4f22-81bb-48eac27e9e4b,60계치킨 야탑점,치킨,야탑 골목형상점가,골목형상점가,경기도,,,
faf719aecd14dc79b4da,full_annotation_v1,A,q_정육_15,삼겹살 사서 집에서 구워먹기,식료품 중 '정육'을 판매·제공하는 매장,train,정육,T4 구어·문장,76152388-804f-4abe-bc35-1d020f230810,돈대가꽃삼겹살,삼겹살,둔산3동상점가,자율상권구역,대전광역시,,,
66c09e3432a78c0a841f,full_annotation_v1,A,q_정육_15,삼겹살 사서 집에서 구워먹기,식료품 중 '정육'을 판매·제공하는 매장,train,정육,T4 구어·문장,0598b6c8-c45e-444c-9b34-ff024b885ee8,서울갈비,갈비,행복상점가,자율상권구역,경상북도,,,
48332f3fa4a845fb3041,full_annotation_v1,A,q_정육_15,삼겹살 사서 집에서 구워먹기,식료품 중 '정육'을 판매·제공하는 매장,train,정육,T4 구어·문장,0a396aa0-a7c8-4566-af13-26f02785aa14,본 삼겹살,삼겹살,진잠 골목형상점가,골목형상점가,대전광역시,,,
c67076c72d2f60416fff,full_annotation_v1,A,q_정육_15,삼겹살 사서 집에서 구워먹기,식료품 중 '정육'을 판매·제공하는 매장,train,정육,T4 구어·문장,3261a892-c30d-4ebd-aa82-1e846150a07a,돌판위에삼겹살,한식 삼겹살,우산청년골목형상점가,골목형상점가,강원특별자치도,,,
ffe80f71dbfe949f4aec,full_annotation_v1,A,q_정육_15,삼겹살 사서 집에서 구워먹기,식료품 중 '정육'을 판매·제공하는 매장,train,정육,T4 구어·문장,ea89d7e3-359f-4517-942d-9b2d3597540d,64호,,배돌이 골목형상점가,골목형상점가,,,,
7d8dc162caf4d558d0ae,full_annotation_v1,A,q_정육_15,삼겹살 사서 집에서 구워먹기,식료품 중 '정육'을 판매·제공하는 매장,train,정육,T4 구어·문장,02cebcf5-9e57-4988-adb9-85afcb577ccd,백미옥,국밥,한마음,골목형상점가,광주광역시,,,
63f349830213ad7e5761,full_annotation_v1,A,q_정육_15,삼겹살 사서 집에서 구워먹기,식료품 중 '정육'을 판매·제공하는 매장,train,정육,T4 구어·문장,dd80792e-acf3-445d-84c5-bdb270d45e84,미성유통,농산물,마포농수산물시장,전통시장,서울특별시,,,
4da18d9caa1827e3ef2e,full_annotation_v1,A,q_정육_15,삼겹살 사서 집에서 구워먹기,식료품 중 '정육'을 판매·제공하는 매장,train,정육,T4 구어·문장,d3c7b72a-6d1a-4b90-bf02-d1ba9d43cdee,내고향강원도,삼겹살,둔산3동상점가,자율상권구역,대전광역시,,,
8e3c3426984b46c96116,full_annotation_v1,A,q_정육_15,삼겹살 사서 집에서 구워먹기,식료품 중 '정육'을 판매·제공하는 매장,train,정육,T4 구어·문장,02f9037a-c117-4db4-9d2b-9b78182978f4,반월닭강정치킨,,보령한내시장,전통시장,충청남도,,,
385e11e26f12334f7793,full_annotation_v1,A,q_정육_15,삼겹살 사서 집에서 구워먹기,식료품 중 '정육'을 판매·제공하는 매장,train,정육,T4 구어·문장,1758f3c4-5b4d-420c-8d21-4c8fbbcdfe06,냉삼집,삼겹살,주문진종합시장,전통시장,강원특별자치도,,,
be0cf165f78792065b41,full_annotation_v1,A,q_정육_15,삼겹살 사서 집에서 구워먹기,식료품 중 '정육'을 판매·제공하는 매장,train,정육,T4 구어·문장,acb5a877-1068-4171-b247-6af85f9383f4,숭이네,삼겹살,나주 대호동 골목형상점가,골목형상점가,전라남도,,,
123dea514db75f30b98f,full_annotation_v1,A,q_정육_15,삼겹살 사서 집에서 구워먹기,식료품 중 '정육'을 판매·제공하는 매장,train,정육,T4 구어·문장,00176890-ac4c-4ce1-bf5b-c5e45dbf9c43,시골정육점,축산,답십리시장,전통시장,서울특별시,,,
f5f93e81ee871ca06f28,full_annotation_v1,A,q_정육_15,삼겹살 사서 집에서 구워먹기,식료품 중 '정육'을 판매·제공하는 매장,train,정육,T4 구어·문장,ed3c6b79-ea6d-490e-acd9-057be651832d,꾸석지돌판한우,한식,지중해마을 골목형상점가,골목형상점가,충청남도,,,
b0dc7f5cd4d927667047,full_annotation_v1,A,q_정육_15,삼겹살 사서 집에서 구워먹기,식료품 중 '정육'을 판매·제공하는 매장,train,정육,T4 구어·문장,28753b89-41b5-46fc-99e4-fa7414b703b8,해운대 광순이네 고깃간,,좌동재래시장,전통시장,부산광역시,,,
0e7e73c56931007c37c3,full_annotation_v1,A,q_정육_15,삼겹살 사서 집에서 구워먹기,식료품 중 '정육'을 판매·제공하는 매장,train,정육,T4 구어·문장,5481d798-ce78-4e3d-82ce-f9681348f70e,냉삼집,삼겹살,단국대 앞 골목형상점가,골목형상점가,경기도,,,
8ad0bb2b3b2eb5cca08d,full_annotation_v1,A,q_정육_15,삼겹살 사서 집에서 구워먹기,식료품 중 '정육'을 판매·제공하는 매장,train,정육,T4 구어·문장,515d614c-b081-4bc6-976b-ef77fd290a2d,일빴따별관,삼겹살,운천역상인회 골목형상점가,골목형상점가,광주광역시,,,
e428d6f0e8c5e86a08bd,full_annotation_v1,A,q_정육_15,삼겹살 사서 집에서 구워먹기,식료품 중 '정육'을 판매·제공하는 매장,train,정육,T4 구어·문장,01c857cd-3f28-4d83-8fa4-e0abcfb44fbd,수연국밥,국밥,두암사거리 골목형상점가,골목형상점가,광주광역시,,,
1d1912b5a0282cafe343,full_annotation_v1,A,q_정육_15,삼겹살 사서 집에서 구워먹기,식료품 중 '정육'을 판매·제공하는 매장,train,정육,T4 구어·문장,8f070be3-4c87-4e92-9691-f8b6306af76f,전라도이야기,삼겹살,첨단아미 골목형상점가,골목형상점가,광주광역시,,,
0842cb90ea33443ebab4,full_annotation_v1,A,q_정육_15,삼겹살 사서 집에서 구워먹기,식료품 중 '정육'을 판매·제공하는 매장,train,정육,T4 구어·문장,0031b1fc-4212-4c47-9dad-a8fa10d8bf85,㈜금원유통,축산물,마장축산물시장,전통시장,서울특별시,,,
1a9edf068e29244fa835,full_annotation_v1,A,q_정육_15,삼겹살 사서 집에서 구워먹기,식료품 중 '정육'을 판매·제공하는 매장,train,정육,T4 구어·문장,a2ae4d4e-1a4b-486f-a397-cf7e5009f132,서현,,무주반딧불상권활성화구역,상권활성화구역,전북특별자치도,,,
2ad13350aa8c40d00bcf,full_annotation_v1,A,q_정육_15,삼겹살 사서 집에서 구워먹기,식료품 중 '정육'을 판매·제공하는 매장,train,정육,T4 구어·문장,672f1302-571d-4af3-8fcc-83ddd2caabbc,참고깃간,,명륜시실로 골목형상점가,골목형상점가,부산광역시,,,
bc060f18465dfea9b459,full_annotation_v1,A,q_정육_15,삼겹살 사서 집에서 구워먹기,식료품 중 '정육'을 판매·제공하는 매장,train,정육,T4 구어·문장,033ab0da-f546-4879-93a7-5bf7e6327bf3,시장식당,국밥,광양5일시장,전통시장,,,,
4f250c5746aadc4b20c6,full_annotation_v1,A,q_정육_15,삼겹살 사서 집에서 구워먹기,식료품 중 '정육'을 판매·제공하는 매장,train,정육,T4 구어·문장,c6625d4c-1989-4db9-a205-fafecac66f1d,경아식당,삼겹살,거제 고현자율상권,,경상남도,,,
00e6a4ea4368eb06e46e,full_annotation_v1,A,q_정육_15,삼겹살 사서 집에서 구워먹기,식료품 중 '정육'을 판매·제공하는 매장,train,정육,T4 구어·문장,e7f4ea56-8635-4deb-a282-2f0f8e0ecb0e,삼남매,삼겹살,동림동 골목형상점가,골목형상점가,광주광역시,,,
622a0d65f305f2016ef6,full_annotation_v1,A,q_정육_15,삼겹살 사서 집에서 구워먹기,식료품 중 '정육'을 판매·제공하는 매장,train,정육,T4 구어·문장,001dda38-7874-4460-b3b0-a5717b6c36d7,오송 곱창,"한우곱창, 한우막창, 한우모듬, 한우대창, 한우염통",오송1산단오스코로골목형상점가,골목형상점가,충청북도,,,
f4886466fd7896918cd6,full_annotation_v1,A,q_정육_15,삼겹살 사서 집에서 구워먹기,식료품 중 '정육'을 판매·제공하는 매장,train,정육,T4 구어·문장,0007af17-f23e-49b9-b7c1-5a9968727cfd,오늘닭강정,닭강정,목원대 골목형상점가,골목형상점가,대전광역시,,,
453d6657e91f55c09f70,full_annotation_v1,A,q_정육_15,삼겹살 사서 집에서 구워먹기,식료품 중 '정육'을 판매·제공하는 매장,train,정육,T4 구어·문장,98b18569-59f5-4014-9e16-6ee377e3d6cd,솥뚜껑 삼겹살,삼겹살,연신내골목형상점가,골목형상점가,서울특별시,,,
5af96dabb9049355802e,full_annotation_v1,A,q_정육_15,삼겹살 사서 집에서 구워먹기,식료품 중 '정육'을 판매·제공하는 매장,train,정육,T4 구어·문장,04564ea5-0be4-4ee2-8519-e8fcaffe3485,쌍둥이국밥,국밥,첨단이웃사랑 골목형상점가,골목형상점가,광주광역시,,,
a27f8db007126852347e,full_annotation_v1,A,q_정육_15,삼겹살 사서 집에서 구워먹기,식료품 중 '정육'을 판매·제공하는 매장,train,정육,T4 구어·문장,cf031ade-da7d-4053-b233-cd9ea7fabd32,황금식당,삼겹살,솔내로 골목형상점가,골목형상점가,전북특별자치도,,,
d5d121e354703577c886,full_annotation_v1,A,q_정육_15,삼겹살 사서 집에서 구워먹기,식료품 중 '정육'을 판매·제공하는 매장,train,정육,T4 구어·문장,905774d4-8c2e-4298-92f1-4ee649b8b4fb,전라도이야기,삼겹살,북부서 맞은편 골목형상점가,골목형상점가,광주광역시,,,
c9ae6c30e10487a7e65b,full_annotation_v1,A,q_정육_15,삼겹살 사서 집에서 구워먹기,식료품 중 '정육'을 판매·제공하는 매장,train,정육,T4 구어·문장,0023ae9b-466c-4881-afd0-ff8ac2890d72,돈.우정육점,식육,여수서시장주변시장,전통시장,전라남도,,,
18d133c375e96863a628,full_annotation_v1,A,q_정육_15,삼겹살 사서 집에서 구워먹기,식료품 중 '정육'을 판매·제공하는 매장,train,정육,T4 구어·문장,0034b8e3-c78f-4e08-9a23-2414863de721,정육공방,소고기 돼지고기,구갈상점가,자율상권구역,경기도,,,
711b0140c51fc73ed5b8,full_annotation_v1,A,q_정육_15,삼겹살 사서 집에서 구워먹기,식료품 중 '정육'을 판매·제공하는 매장,train,정육,T4 구어·문장,00652de3-165f-4988-9616-0ff0250e851d,합천식육점,,관문상가시장,전통시장,대구광역시,,,
035ffe3c3f8ab71e5233,full_annotation_v1,A,q_정육_15,삼겹살 사서 집에서 구워먹기,식료품 중 '정육'을 판매·제공하는 매장,train,정육,T4 구어·문장,78496879-e904-447c-b529-fbd9742fef62,미나리 삼겹살 신,삼겹살,어은누리 골목형상점가,골목형상점가,대전광역시,,,
22a43f1ce0979cc8ff44,full_annotation_v1,A,q_정육_15,삼겹살 사서 집에서 구워먹기,식료품 중 '정육'을 판매·제공하는 매장,train,정육,T4 구어·문장,02235e2b-ba17-4b33-aacc-c1d96790e83e,바다담은구이,식당,정릉시장,전통시장,서울특별시,,,
68d0e0ada1c1185c7240,full_annotation_v1,A,q_정육_15,삼겹살 사서 집에서 구워먹기,식료품 중 '정육'을 판매·제공하는 매장,train,정육,T4 구어·문장,003e9326-9010-4e27-b844-c62b81ad2df8,다이소 광주 호남대점,소매,선운별 골목형상점가,골목형상점가,광주광역시,,,
752c320ac6587d64c504,full_annotation_v1,A,q_정육_15,삼겹살 사서 집에서 구워먹기,식료품 중 '정육'을 판매·제공하는 매장,train,정육,T4 구어·문장,cb7a5f46-908e-4b73-99d8-0b5b58daeaba,복돼지,삼겹살,월산상가 골목형 상점가,골목형상점가,충청남도,,,
af4e210fbed3d44a18f4,full_annotation_v1,A,q_정육_15,삼겹살 사서 집에서 구워먹기,식료품 중 '정육'을 판매·제공하는 매장,train,정육,T4 구어·문장,0b9553e5-5e98-46cf-94c0-66b2f157f044,플라워오리토리,생화,동명동 카페거리 골목형상점가,골목형상점가,광주광역시,,,
96e7840bd78a9e313a08,full_annotation_v1,A,q_정육_15,삼겹살 사서 집에서 구워먹기,식료품 중 '정육'을 판매·제공하는 매장,train,정육,T4 구어·문장,100fbd53-4510-4f6f-8289-d2abe61921d1,동거동락,삼겹살,양양로 골목형상점가,골목형상점가,강원특별자치도,,,
f65cdc9bb6b428b8994a,full_annotation_v1,A,q_정육_15,삼겹살 사서 집에서 구워먹기,식료품 중 '정육'을 판매·제공하는 매장,train,정육,T4 구어·문장,0008f8f4-4c6e-4c4a-ad64-76aaea3d2d18,대성정육점,정육,평택국제중앙시장,전통시장,경기도,,,
563001f1a5bdf2f2fac4,full_annotation_v1,A,q_정육_15,삼겹살 사서 집에서 구워먹기,식료품 중 '정육'을 판매·제공하는 매장,train,정육,T4 구어·문장,000d4d47-3a3f-4a73-9fce-cd3802a5ebb3,은여우두마리치킨,치킨,봉곡우전로 골목형상점가,골목형상점가,전북특별자치도,,,
137a3ccd7e547d6aaacd,full_annotation_v1,A,q_정육_15,삼겹살 사서 집에서 구워먹기,식료품 중 '정육'을 판매·제공하는 매장,train,정육,T4 구어·문장,f0f1c34a-57b0-4002-baa4-81723be119de,정열야채과일,,낭주골 골목형상점가,골목형상점가,전북특별자치도,,,
a5210c259e1a0adc0308,full_annotation_v1,A,q_정육_15,삼겹살 사서 집에서 구워먹기,식료품 중 '정육'을 판매·제공하는 매장,train,정육,T4 구어·문장,003d2015-a21c-44e2-9d66-c6f97ba3c296,집중호우,한우,하단자율상권구역,기타,부산광역시,,,
43858105c06feda6a1d0,full_annotation_v1,A,q_정육_15,삼겹살 사서 집에서 구워먹기,식료품 중 '정육'을 판매·제공하는 매장,train,정육,T4 구어·문장,345cb013-42b1-4105-9969-8285b75f6f44,철이네,삼겹살,선유로운골목형상점가,골목형상점가,서울특별시,,,
51d5ae9f19b28aa84386,full_annotation_v1,A,q_정육_15,삼겹살 사서 집에서 구워먹기,식료품 중 '정육'을 판매·제공하는 매장,train,정육,T4 구어·문장,00bdaed4-8c0c-4e39-9198-736e0be49945,대신식육,식육,중앙식료시장(중앙먹통시장),전통시장,전라남도,,,
1ea367aaf849b0489746,full_annotation_v1,A,q_정육_15,삼겹살 사서 집에서 구워먹기,식료품 중 '정육'을 판매·제공하는 매장,train,정육,T4 구어·문장,660f1f3a-a992-46c3-9162-ca999c10290f,맛과향,삼겹살,치평동아파트연합상인회 골목형상점가,골목형상점가,광주광역시,,,
8ad2a725d0159f0f8356,full_annotation_v1,A,q_정육_15,삼겹살 사서 집에서 구워먹기,식료품 중 '정육'을 판매·제공하는 매장,train,정육,T4 구어·문장,c8df42df-89df-4944-aab6-f4af4135c803,삼천냥삼겹살,한식 삼겹살,우산청년골목형상점가,골목형상점가,강원특별자치도,,,
bf317dc41d9aaeb94806,full_annotation_v1,A,q_정육_15,삼겹살 사서 집에서 구워먹기,식료품 중 '정육'을 판매·제공하는 매장,train,정육,T4 구어·문장,90c58b78-d845-46a2-852e-bb4ab2a29539,에프오헤어룸,헤어제품,동명동 카페거리 골목형상점가,골목형상점가,광주광역시,,,
e7d7a23b0f737b092035,full_annotation_v1,A,q_정육_15,삼겹살 사서 집에서 구워먹기,식료품 중 '정육'을 판매·제공하는 매장,train,정육,T4 구어·문장,032b7c2d-89ad-4b7e-9563-c9c67c6381a9,명품한우,한우,신포동개항길골목형상점가,골목형상점가,인천광역시,,,
1aec039b39db1ce20a58,full_annotation_v1,A,q_정육_15,삼겹살 사서 집에서 구워먹기,식료품 중 '정육'을 판매·제공하는 매장,train,정육,T4 구어·문장,00027601-43e6-4d9a-a358-150cc014fe4c,닭장수후라이드,치킨,한솔동 5~6단지상점가,자율상권구역,세종특별자치시,,,
33f9fd7a0b50c1c0af70,full_annotation_v1,A,q_정육_15,삼겹살 사서 집에서 구워먹기,식료품 중 '정육'을 판매·제공하는 매장,train,정육,T4 구어·문장,8b9c29c6-e857-46da-9b6c-75685cd46138,정성상회인동점,삼겹살,인동로데오상가,골목형상점가,경상북도,,,
dad284b414d131d61359,full_annotation_v1,A,q_정육_15,삼겹살 사서 집에서 구워먹기,식료품 중 '정육'을 판매·제공하는 매장,train,정육,T4 구어·문장,33898f50-4e39-4726-8b4a-f86b422d4e0f,행복한 삼겹살,삼겹살,엄상마을상점가,골목형상점가,경기도,,,
9d2b1d354a1c7da96cb9,full_annotation_v1,A,q_정육_15,삼겹살 사서 집에서 구워먹기,식료품 중 '정육'을 판매·제공하는 매장,train,정육,T4 구어·문장,7116c038-46db-4bc0-8204-152dc718cecd,엔초삼겹살,삼겹살,정훈한마음골목시장,골목형상점가,서울특별시,,,
7808cfa28bd09a7d2ce9,full_annotation_v1,A,q_정육_15,삼겹살 사서 집에서 구워먹기,식료품 중 '정육'을 판매·제공하는 매장,train,정육,T4 구어·문장,961ba2cb-0c3f-4df8-829d-49db8cb4de70,랭삼1992,삼겹살,파랑새원룸상인회 골목형상점가,골목형상점가,광주광역시,,,
43661474ff5de22987de,full_annotation_v1,A,q_정육_15,삼겹살 사서 집에서 구워먹기,식료품 중 '정육'을 판매·제공하는 매장,train,정육,T4 구어·문장,0072ddc8-1b0b-4a64-b9d0-9eb309854f0c,오뚜기정육점,정육,김제중앙시장,전통시장,전북특별자치도,,,
20a7a05cad1a7b06712f,full_annotation_v1,A,q_정육_15,삼겹살 사서 집에서 구워먹기,식료품 중 '정육'을 판매·제공하는 매장,train,정육,T4 구어·문장,407514ef-a9f7-4487-806a-dce548eb1375,관당집표선점,삼겹살,표선사거리상점가(골목형상점가),골목형상점가,제주특별자치도,,,
7ccfb243a1248207be6a,full_annotation_v1,A,q_정육_15,삼겹살 사서 집에서 구워먹기,식료품 중 '정육'을 판매·제공하는 매장,train,정육,T4 구어·문장,bca05d97-7167-4116-88fe-c4cabc67ba63,황제코다리 삼겹살,삼겹살,신설동들락거리,골목형상점가,서울특별시,,,
96bcfec9d7ec81a2f844,full_annotation_v1,A,q_정육_15,삼겹살 사서 집에서 구워먹기,식료품 중 '정육'을 판매·제공하는 매장,train,정육,T4 구어·문장,000bc123-8986-4a63-bd89-6076138ae351,왕장상회,치킨,자양전통시장,전통시장,서울특별시,,,
93bc57670472d09a269e,full_annotation_v1,A,q_정육_15,삼겹살 사서 집에서 구워먹기,식료품 중 '정육'을 판매·제공하는 매장,train,정육,T4 구어·문장,0a6383bf-2b08-4a9a-8400-44d95996530b,돈벌집,삼겹살,전남여고후문 골목형상점가,골목형상점가,광주광역시,,,
dad620ea098f98a92229,full_annotation_v1,A,q_정육_15,삼겹살 사서 집에서 구워먹기,식료품 중 '정육'을 판매·제공하는 매장,train,정육,T4 구어·문장,39dcd7ec-b111-4d57-9e4d-043a9ab0cfb5,신바람,삼겹살,한적골 골목형상점가,골목형상점가,충청남도,,,
9b2b39c708426645bbec,full_annotation_v1,A,q_정육_15,삼겹살 사서 집에서 구워먹기,식료품 중 '정육'을 판매·제공하는 매장,train,정육,T4 구어·문장,d9b177de-1be9-4ad1-8502-2389a8177688,신으뜸삼겹살,삼겹살,운리공원상인회 골목형상점가,골목형상점가,광주광역시,,,
167a6b43befbb8206ac5,full_annotation_v1,A,q_정육_15,삼겹살 사서 집에서 구워먹기,식료품 중 '정육'을 판매·제공하는 매장,train,정육,T4 구어·문장,0091c18f-a074-4703-9af5-05c6495e38af,이지비야,고기,아름다운삼정로 골목형상점가,골목형상점가,광주광역시,,,
ddcdcd2a21478816872c,full_annotation_v1,A,q_정육_15,삼겹살 사서 집에서 구워먹기,식료품 중 '정육'을 판매·제공하는 매장,train,정육,T4 구어·문장,00c9508a-1962-4f4c-adc8-c9227046f329,도마정육점,식육,도마큰시장,전통시장,대전광역시,,,
d6ca881bc34cfd0343c9,full_annotation_v1,A,q_정육_15,삼겹살 사서 집에서 구워먹기,식료품 중 '정육'을 판매·제공하는 매장,train,정육,T4 구어·문장,0eb550a4-9d2d-4308-bc82-67d94b37a1ca,영심이솥뚜껑삼겹살,삼겹살,흑석동 골목형상점가,골목형상점가,광주광역시,,,
66a0676e1349b915e7cd,full_annotation_v1,A,q_정육_15,삼겹살 사서 집에서 구워먹기,식료품 중 '정육'을 판매·제공하는 매장,train,정육,T4 구어·문장,85610bfb-05de-48cc-ac41-aa42fa3c2f2e,뒷고기집,삼겹살,시청역상가번영회 골목형상점가,골목형상점가,광주광역시,,,
a3e3e1f540ca2a206004,full_annotation_v1,A,q_정육_15,삼겹살 사서 집에서 구워먹기,식료품 중 '정육'을 판매·제공하는 매장,train,정육,T4 구어·문장,60e6a137-3450-48e5-8894-a1aabdf9c36b,봉선대패삼겹살,삼겹살,봉선시장,전통시장,광주광역시,,,
54fd19e47dd3419717aa,full_annotation_v1,A,q_정육_15,삼겹살 사서 집에서 구워먹기,식료품 중 '정육'을 판매·제공하는 매장,train,정육,T4 구어·문장,b798f43d-4c40-4e07-9f16-7823e512275e,탄광촌,삼겹살,고암 골목형상점가,골목형상점가,충청북도,,,
155bbb711780f25a2dda,full_annotation_v1,A,q_정육_15,삼겹살 사서 집에서 구워먹기,식료품 중 '정육'을 판매·제공하는 매장,train,정육,T4 구어·문장,c530c3b9-4278-4699-b577-d7e1dd93ea5a,영이네,삼겹살,무극시장,전통시장,충청북도,,,
1d01a933df484fb878ff,full_annotation_v1,A,q_정육_15,삼겹살 사서 집에서 구워먹기,식료품 중 '정육'을 판매·제공하는 매장,train,정육,T4 구어·문장,53600e94-1995-44e5-80db-12b8dfbd7448,손박사삼겹살,삼겹살,뚝섬역상점가(서울숲상원길상점가),자율상권구역,서울특별시,,,
3c80844827f9ac3be3c1,full_annotation_v1,A,q_정육_15,삼겹살 사서 집에서 구워먹기,식료품 중 '정육'을 판매·제공하는 매장,train,정육,T4 구어·문장,0038f694-919c-4289-8bc1-a5e6549274e1,달인닭강정,닭강정,서귀포매일올레시장,전통시장,제주특별자치도,,,
70b5a25a7fcf3f6450e3,full_annotation_v1,A,q_정육_15,삼겹살 사서 집에서 구워먹기,식료품 중 '정육'을 판매·제공하는 매장,train,정육,T4 구어·문장,8b54ffd0-c165-47a4-93f6-1d02749c7941,돈드림,삼겹살,포남용마거리골목형상점가,골목형상점가,강원특별자치도,,,
d006af18c1d7645dab4e,full_annotation_v1,A,q_정육_15,삼겹살 사서 집에서 구워먹기,식료품 중 '정육'을 판매·제공하는 매장,train,정육,T4 구어·문장,009f034c-8e3b-4a32-aab3-55ece8718004,장봐주는언니 임동점,농수축산물및 가공식품,제니스 골목형상점가,골목형상점가,광주광역시,,,
4848f4ef8928ff688952,full_annotation_v1,A,q_정육_15,삼겹살 사서 집에서 구워먹기,식료품 중 '정육'을 판매·제공하는 매장,train,정육,T4 구어·문장,84631de7-4a68-490b-ac08-531890f869dc,굽탄,삼겹살,소촌골 골목형상점가,골목형상점가,광주광역시,,,
15fa6ea58b5022dc9cbb,full_annotation_v1,A,q_정육_15,삼겹살 사서 집에서 구워먹기,식료품 중 '정육'을 판매·제공하는 매장,train,정육,T4 구어·문장,0130dbd3-b9ea-43f4-98fd-26d8afd90b78,모래내시장순대,식당,전주모래내시장,전통시장,전북특별자치도,,,
fc6c8004f7c6513101c1,full_annotation_v1,A,q_정육_15,삼겹살 사서 집에서 구워먹기,식료품 중 '정육'을 판매·제공하는 매장,train,정육,T4 구어·문장,719d7045-807a-4275-98b9-1667d0b893e9,한마음삼겹살,삼겹살,담양중앙 골목형상점가,골목형상점가,전라남도,,,
086f4b779181d5d1d335,full_annotation_v1,A,q_정육_15,삼겹살 사서 집에서 구워먹기,식료품 중 '정육'을 판매·제공하는 매장,train,정육,T4 구어·문장,438a944c-b965-4360-9ba2-2979b4af7627,돈이조아 삼겹살,삼겹살,안양1번가 상점가,자율상권구역,경기도,,,
d7a89616f844a3bae1ea,full_annotation_v1,A,q_정육_15,삼겹살 사서 집에서 구워먹기,식료품 중 '정육'을 판매·제공하는 매장,train,정육,T4 구어·문장,256b9d9e-2e57-4ae5-96f0-9a9f5f846d52,우리동네 삼겹살,한식 삼겹살,인수로골목형상점가,골목형상점가,서울특별시,,,
e558da2ba55a77885b22,full_annotation_v1,A,q_정육_15,삼겹살 사서 집에서 구워먹기,식료품 중 '정육'을 판매·제공하는 매장,train,정육,T4 구어·문장,564de640-694f-4797-af66-a5d1df9c489f,푸줏간,,김천평화시장,전통시장,경상북도,,,
d79eb23dd28dfe920d16,full_annotation_v1,A,q_정육_15,삼겹살 사서 집에서 구워먹기,식료품 중 '정육'을 판매·제공하는 매장,train,정육,T4 구어·문장,de6759c1-0992-46da-ba10-ac7f56ec4fbd,복돼지돌판삼겹살,삼겹살,포남용마거리골목형상점가,골목형상점가,강원특별자치도,,,
e646a6acd51894a1fdaa,full_annotation_v1,A,q_정육_15,삼겹살 사서 집에서 구워먹기,식료품 중 '정육'을 판매·제공하는 매장,train,정육,T4 구어·문장,cdcb5bf2-0452-4711-864d-7fc499c08537,도싯골,삼겹살,선운 골목형상점가,골목형상점가,광주광역시,,,
a289aea4a38048296eef,full_annotation_v1,A,q_정육_15,삼겹살 사서 집에서 구워먹기,식료품 중 '정육'을 판매·제공하는 매장,train,정육,T4 구어·문장,e7d07a21-9fc7-4e27-a8fc-2886e91fe337,김식당,삼겹살,해피니스,골목형상점가,광주광역시,,,
14ce3551e8e47e6cc35d,full_annotation_v1,A,q_정육_15,삼겹살 사서 집에서 구워먹기,식료품 중 '정육'을 판매·제공하는 매장,train,정육,T4 구어·문장,7d41443b-d2a5-4aae-ade2-4b6cc5add3b3,구공숙성돼지,삼겹살,루원음식문화거리,골목형상점가,인천광역시,,,
f7d6dda949737aca45c6,full_annotation_v1,A,q_정육_15,삼겹살 사서 집에서 구워먹기,식료품 중 '정육'을 판매·제공하는 매장,train,정육,T4 구어·문장,bc16089e-ae12-4acb-bbc1-f3e2e104301d,행운삼겹살,삼겹살,청주서문시장,전통시장,충청북도,,,
07fcf08c1bc89d886ff9,full_annotation_v1,A,q_정육_15,삼겹살 사서 집에서 구워먹기,식료품 중 '정육'을 판매·제공하는 매장,train,정육,T4 구어·문장,b5aa0dba-21e5-4d54-baa6-fe8a1edf5603,김첨지,삼겹살,성동용답상가시장,전통시장,서울특별시,,,
1b114b445c1d7be7d34e,full_annotation_v1,A,q_정육_15,삼겹살 사서 집에서 구워먹기,식료품 중 '정육'을 판매·제공하는 매장,train,정육,T4 구어·문장,75f934c3-f32d-4c09-bb62-28ff4632d8a8,황돈,삼겹살,자마장시장골목형상점가,골목형상점가,서울특별시,,,
c91a32db40029299198d,full_annotation_v1,A,q_정육_15,삼겹살 사서 집에서 구워먹기,식료품 중 '정육'을 판매·제공하는 매장,train,정육,T4 구어·문장,0cbad518-ed5e-49f0-8c9e-2bf672ed9f9f,맛찬들왕소금구이,삼겹살,가락골 골목형상점가,골목형상점가,서울특별시,,,
bc75c9f9d05436661074,full_annotation_v1,A,q_정육_15,삼겹살 사서 집에서 구워먹기,식료품 중 '정육'을 판매·제공하는 매장,train,정육,T4 구어·문장,bd28646b-41d6-476d-801a-dbb9ab9353cc,골목집,삼겹살,전곡로데오거리 골목형상점가,골목형상점가,경기도,,,
6b2bc818a0d8f19cf073,full_annotation_v1,A,q_정육_15,삼겹살 사서 집에서 구워먹기,식료품 중 '정육'을 판매·제공하는 매장,train,정육,T4 구어·문장,003a1767-bcd6-410b-809e-d4b059ce50c6,홍성토종한우,,어울림 아차산 골목형상점가,골목형상점가,서울특별시,,,
a9245c7a73486c1ecca8,full_annotation_v1,A,q_정육_15,삼겹살 사서 집에서 구워먹기,식료품 중 '정육'을 판매·제공하는 매장,train,정육,T4 구어·문장,dd07c75d-425f-4ecb-a435-bd9a8d81a998,따봉,삼겹살,상암마을상인회 골목형상점가,골목형상점가,광주광역시,,,
59ac213fef4a95cc8a4f,full_annotation_v1,A,q_정육_15,삼겹살 사서 집에서 구워먹기,식료품 중 '정육'을 판매·제공하는 매장,train,정육,T4 구어·문장,66572b22-d878-40ee-ab9b-e1af51fca07e,싹쓰리 솥뚜껑 삼겹살,삼겹살,중계동 시영B상가,자율상권구역,서울특별시,,,
e4844bc5ced5f7527141,full_annotation_v1,A,q_정육_15,삼겹살 사서 집에서 구워먹기,식료품 중 '정육'을 판매·제공하는 매장,train,정육,T4 구어·문장,1bd29f59-92ea-40fb-8965-337d511da976,풍년집,삼겹살,아름드리 골목형상점가,골목형상점가,세종특별자치시,,,
dc794dd486e439deedbc,full_annotation_v1,A,q_정육_15,삼겹살 사서 집에서 구워먹기,식료품 중 '정육'을 판매·제공하는 매장,train,정육,T4 구어·문장,4fc4ce77-2c57-4f92-8bf7-1e5984e1478e,이모네 삼겹살,,청주대중앙로골목형상점가,골목형상점가,충청북도,,,
e4b08e17a25bd76f74cd,full_annotation_v1,A,q_정육_15,삼겹살 사서 집에서 구워먹기,식료품 중 '정육'을 판매·제공하는 매장,train,정육,T4 구어·문장,92601557-2f1e-4685-a75d-b76f984ee3e8,삼겹천왕,삼겹살,영월중앙시장,자율상권구역,강원특별자치도,,,
be8156bb576f9082bb62,full_annotation_v1,A,q_정육_16,생고기 사는 데,식료품 중 '정육'을 판매·제공하는 매장,train,정육,T4 구어·문장,01c857cd-3f28-4d83-8fa4-e0abcfb44fbd,수연국밥,국밥,두암사거리 골목형상점가,골목형상점가,광주광역시,,,
9d8d918170771e0ffb83,full_annotation_v1,A,q_정육_16,생고기 사는 데,식료품 중 '정육'을 판매·제공하는 매장,train,정육,T4 구어·문장,00c9508a-1962-4f4c-adc8-c9227046f329,도마정육점,식육,도마큰시장,전통시장,대전광역시,,,
2e3c6bd825b559c05d88,full_annotation_v1,A,q_정육_16,생고기 사는 데,식료품 중 '정육'을 판매·제공하는 매장,train,정육,T4 구어·문장,b0cfb5d7-7e16-4ec0-aebf-2356a42e017c,미소생고기,생고기,두산동밤마실거리 골목형상점가,골목형상점가,대구광역시,,,
acf1de844067e8f9d9f4,full_annotation_v1,A,q_정육_16,생고기 사는 데,식료품 중 '정육'을 판매·제공하는 매장,train,정육,T4 구어·문장,28f3635f-cae7-46a9-aa28-b5a4176b579a,KINU 키누,옷 모자,보람동 골목형상점가,골목형상점가,세종특별자치시,,,
5239d664e8fa24a0ed0f,full_annotation_v1,A,q_정육_16,생고기 사는 데,식료품 중 '정육'을 판매·제공하는 매장,train,정육,T4 구어·문장,4d133b16-4e08-416b-b45f-7b39dc5f66b1,봉산동 생고기집 침산동점,생고기,고성동벚꽃 골목형상점가,골목형상점가,대구광역시,,,
b3a9ecf4b9a0a07cbdaf,full_annotation_v1,A,q_정육_16,생고기 사는 데,식료품 중 '정육'을 판매·제공하는 매장,train,정육,T4 구어·문장,00027601-43e6-4d9a-a358-150cc014fe4c,닭장수후라이드,치킨,한솔동 5~6단지상점가,자율상권구역,세종특별자치시,,,
3ae7bdd510bb3c6e2512,full_annotation_v1,A,q_정육_16,생고기 사는 데,식료품 중 '정육'을 판매·제공하는 매장,train,정육,T4 구어·문장,7a24c3e8-9749-4587-85bb-c4d185062529,우와생고기,한식(생고기),서부시장,전통시장,대구광역시,,,
edffc1c4a4940d461f48,full_annotation_v1,A,q_정육_16,생고기 사는 데,식료품 중 '정육'을 판매·제공하는 매장,train,정육,T4 구어·문장,9cccd09e-9238-428e-ba55-a62ca9e6dd1e,동대구 생고기,생고기,동터 골목형상점가,골목형상점가,대구광역시,,,
41d1f8606a2295987819,full_annotation_v1,A,q_정육_16,생고기 사는 데,식료품 중 '정육'을 판매·제공하는 매장,train,정육,T4 구어·문장,41d11001-9d7b-4965-9bae-0af94922cf12,철이네고깃간(중흥점),,유동 경열로 골목형상점가,골목형상점가,광주광역시,,,
7bf5a91e3089225de516,full_annotation_v1,A,q_정육_16,생고기 사는 데,식료품 중 '정육'을 판매·제공하는 매장,train,정육,T4 구어·문장,4d0f8d54-a472-4e75-94e6-b02d71536f0d,맛나 생고기,한식,조종시장,전통시장,경기도,,,
6774e6687456c0513588,full_annotation_v1,A,q_정육_16,생고기 사는 데,식료품 중 '정육'을 판매·제공하는 매장,train,정육,T4 구어·문장,00bdaed4-8c0c-4e39-9198-736e0be49945,대신식육,식육,중앙식료시장(중앙먹통시장),전통시장,전라남도,,,
1cd9cdd06b18840ad0e1,full_annotation_v1,A,q_정육_16,생고기 사는 데,식료품 중 '정육'을 판매·제공하는 매장,train,정육,T4 구어·문장,86ddd3a6-557a-49f9-8ea2-0f520c55b844,총각네고깃간,,일곡동(제1지역:자연마을 일동초 거리) 골목형상점가,골목형상점가,,,,
2122f7def313a648dcea,full_annotation_v1,A,q_정육_16,생고기 사는 데,식료품 중 '정육'을 판매·제공하는 매장,train,정육,T4 구어·문장,02235e2b-ba17-4b33-aacc-c1d96790e83e,바다담은구이,식당,정릉시장,전통시장,서울특별시,,,
0198dd180cafb243ae2f,full_annotation_v1,A,q_정육_16,생고기 사는 데,식료품 중 '정육'을 판매·제공하는 매장,train,정육,T4 구어·문장,003d2015-a21c-44e2-9d66-c6f97ba3c296,집중호우,한우,하단자율상권구역,기타,부산광역시,,,
aa89382263130875d848,full_annotation_v1,A,q_정육_16,생고기 사는 데,식료품 중 '정육'을 판매·제공하는 매장,train,정육,T4 구어·문장,ced8b1ab-1800-4c81-94bb-226b24033a1f,아저씨 생고기 무한리필,,열매 골목형상점가,골목형상점가,대전광역시,,,
84e2ace4f7d8ae5ba4f0,full_annotation_v1,A,q_정육_16,생고기 사는 데,식료품 중 '정육'을 판매·제공하는 매장,train,정육,T4 구어·문장,a4a55245-6d85-426c-9cab-2f01837b64a1,명문,양념갈비 생고기,공항골목시장골목형상점가,골목형상점가,서울특별시,,,
f5d9d06e6a9de763039c,full_annotation_v1,A,q_정육_16,생고기 사는 데,식료품 중 '정육'을 판매·제공하는 매장,train,정육,T4 구어·문장,00831405-3dce-4f59-90cd-81fc3f837a63,보광축산,정육,원당시장(구 원당전통시장),전통시장,경기도,,,
cc2b4da81b3704f13d85,full_annotation_v1,A,q_정육_16,생고기 사는 데,식료품 중 '정육'을 판매·제공하는 매장,train,정육,T4 구어·문장,6860e7f0-6f6a-40a9-8bc4-736f071f4f48,광시생고기,한식,청림마을골목형상점가,골목형상점가,서울특별시,,,
d36510501de067dbbf7f,full_annotation_v1,A,q_정육_16,생고기 사는 데,식료품 중 '정육'을 판매·제공하는 매장,train,정육,T4 구어·문장,a8178741-53a1-4271-9b87-1520b257e51e,핀투대박양념오뎅,음식,동성로상점가,자율상권구역,대구광역시,,,
a2aab7e27189fdc1143b,full_annotation_v1,A,q_정육_16,생고기 사는 데,식료품 중 '정육'을 판매·제공하는 매장,train,정육,T4 구어·문장,00652de3-165f-4988-9616-0ff0250e851d,합천식육점,,관문상가시장,전통시장,대구광역시,,,
fb09aacddaaf96ac8c1e,full_annotation_v1,A,q_정육_16,생고기 사는 데,식료품 중 '정육'을 판매·제공하는 매장,train,정육,T4 구어·문장,5f5368d6-ee8d-41d4-87d1-78927dc3a83f,오렌즈 수원호매실점&스타옵틱,,호매실역중심상가 골목형상점가,골목형상점가,경기도,,,
f94551b491fe3b66049e,full_annotation_v1,A,q_정육_16,생고기 사는 데,식료품 중 '정육'을 판매·제공하는 매장,train,정육,T4 구어·문장,04564ea5-0be4-4ee2-8519-e8fcaffe3485,쌍둥이국밥,국밥,첨단이웃사랑 골목형상점가,골목형상점가,광주광역시,,,
5ebbf01c8f66734f8b72,full_annotation_v1,A,q_정육_16,생고기 사는 데,식료품 중 '정육'을 판매·제공하는 매장,train,정육,T4 구어·문장,005ea303-f9b7-4f3e-abcc-8460ca84ba44,은성축산물직판장,"도소매(축산물,식육판매)",남문시장,전통시장,서울특별시,,,
5f851a92e343c244d3cb,full_annotation_v1,A,q_정육_16,생고기 사는 데,식료품 중 '정육'을 판매·제공하는 매장,train,정육,T4 구어·문장,53ff7b84-b986-4994-8f26-b0388b2529ed,저세상푸드,한식,성남남한산성시장(구 은행골목시장),전통시장,경기도,,,
6706ef097e10d85a518a,full_annotation_v1,A,q_정육_16,생고기 사는 데,식료품 중 '정육'을 판매·제공하는 매장,train,정육,T4 구어·문장,0aad5389-cfad-4466-9fe1-d8a04dd60414,시골집숯불갈비,갈비,두암2동광신맨션주변 골목형상점가,골목형상점가,광주광역시,,,
6cb0367b53a3fec0a750,full_annotation_v1,A,q_정육_16,생고기 사는 데,식료품 중 '정육'을 판매·제공하는 매장,train,정육,T4 구어·문장,00889968-cd4d-41f2-8c6f-39e3928858a7,행복한 정육점,고기,테크노밸리 골목형상점가,골목형상점가,대전광역시,,,
2f2b73531fde728ed387,full_annotation_v1,A,q_정육_16,생고기 사는 데,식료품 중 '정육'을 판매·제공하는 매장,train,정육,T4 구어·문장,0b1d8447-88e5-4681-a91b-dfacf11955d8,양화정,갈비,합정동먹자골목골목형상점가,골목형상점가,서울특별시,,,
cb8d712a53dbc1600e51,full_annotation_v1,A,q_정육_16,생고기 사는 데,식료품 중 '정육'을 판매·제공하는 매장,train,정육,T4 구어·문장,0034b8e3-c78f-4e08-9a23-2414863de721,정육공방,소고기 돼지고기,구갈상점가,자율상권구역,경기도,,,
fc9df71dc901adbab857,full_annotation_v1,A,q_정육_16,생고기 사는 데,식료품 중 '정육'을 판매·제공하는 매장,train,정육,T4 구어·문장,00f60c16-d8be-497f-80f2-aab3209a8d0e,포카포카,식당,전남여고후문 골목형상점가,골목형상점가,광주광역시,,,
19a6cc686e01efb4a13a,full_annotation_v1,A,q_정육_16,생고기 사는 데,식료품 중 '정육'을 판매·제공하는 매장,train,정육,T4 구어·문장,02f9037a-c117-4db4-9d2b-9b78182978f4,반월닭강정치킨,,보령한내시장,전통시장,충청남도,,,
3661327cf61d72cbf2c8,full_annotation_v1,A,q_정육_16,생고기 사는 데,식료품 중 '정육'을 판매·제공하는 매장,train,정육,T4 구어·문장,282b0e8b-051c-49f9-a707-b982df803589,까라벨라 데 오르,스파게티,동명동 카페거리 골목형상점가,골목형상점가,광주광역시,,,
2e457624402d9573de37,full_annotation_v1,A,q_정육_16,생고기 사는 데,식료품 중 '정육'을 판매·제공하는 매장,train,정육,T4 구어·문장,757a8f7d-a10f-45fb-96e6-8548fba309ad,아미장,헤어,다정한 골목형상점가,골목형상점가,세종특별자치시,,,
f665773cd9607b5be861,full_annotation_v1,A,q_정육_16,생고기 사는 데,식료품 중 '정육'을 판매·제공하는 매장,train,정육,T4 구어·문장,003e9326-9010-4e27-b844-c62b81ad2df8,다이소 광주 호남대점,소매,선운별 골목형상점가,골목형상점가,광주광역시,,,
bd1dc9647df599e714dd,full_annotation_v1,A,q_정육_16,생고기 사는 데,식료품 중 '정육'을 판매·제공하는 매장,train,정육,T4 구어·문장,b75f06cf-50cf-4fd3-8a8a-2055998a9857,찐생고기,한식,광복마을3-4길 골목형상점가,골목형상점가,광주광역시,,,
9fc09046386f41b63c44,full_annotation_v1,A,q_정육_16,생고기 사는 데,식료품 중 '정육'을 판매·제공하는 매장,train,정육,T4 구어·문장,f6eb0505-e761-4efd-ab90-8c56a2bd6b84,한국감정금매입거래소 송도1호점,쥬얼리 금,송도랜드마크시티 센트럴더샵 골목형상점가,골목형상점가,인천광역시,,,
81cde4485a726641435a,full_annotation_v1,A,q_정육_16,생고기 사는 데,식료품 중 '정육'을 판매·제공하는 매장,train,정육,T4 구어·문장,432228cf-c97f-4bec-872b-5e0ff165853d,노나다 주식회사,생고기,전남대후문골목형상점가,골목형상점가,광주광역시,,,
05a5a1c03e7e527aea9c,full_annotation_v1,A,q_정육_16,생고기 사는 데,식료품 중 '정육'을 판매·제공하는 매장,train,정육,T4 구어·문장,003a1767-bcd6-410b-809e-d4b059ce50c6,홍성토종한우,,어울림 아차산 골목형상점가,골목형상점가,서울특별시,,,
dfd289edb493060723a6,full_annotation_v1,A,q_정육_16,생고기 사는 데,식료품 중 '정육'을 판매·제공하는 매장,train,정육,T4 구어·문장,032b7c2d-89ad-4b7e-9563-c9c67c6381a9,명품한우,한우,신포동개항길골목형상점가,골목형상점가,인천광역시,,,
6d6bc2b64da89261df4f,full_annotation_v1,A,q_정육_16,생고기 사는 데,식료품 중 '정육'을 판매·제공하는 매장,train,정육,T4 구어·문장,00e3332a-4796-482d-9660-702bcf084fb0,대흥축산,축산물,가락몰골목형상점가,골목형상점가,서울특별시,,,
a18cd404188bb93842c0,full_annotation_v1,A,q_정육_16,생고기 사는 데,식료품 중 '정육'을 판매·제공하는 매장,train,정육,T4 구어·문장,277eeef8-4048-484e-be30-2cb6aa510027,시골마당,생고기,미나리광시장,전통시장,경기도,,,
596ec2de045fbc8f04a5,full_annotation_v1,A,q_정육_16,생고기 사는 데,식료품 중 '정육'을 판매·제공하는 매장,train,정육,T4 구어·문장,00ac87c2-aed5-4a62-8b09-76cbea625145,내고향청보리한우직판장,소고기 돼지고기,마륵동상인회 골목형상점가,골목형상점가,광주광역시,,,
eee0d3ca3058177ee1b0,full_annotation_v1,A,q_정육_16,생고기 사는 데,식료품 중 '정육'을 판매·제공하는 매장,train,정육,T4 구어·문장,00176890-ac4c-4ce1-bf5b-c5e45dbf9c43,시골정육점,축산,답십리시장,전통시장,서울특별시,,,
2104cadcde66af0f4c92,full_annotation_v1,A,q_정육_16,생고기 사는 데,식료품 중 '정육'을 판매·제공하는 매장,train,정육,T4 구어·문장,0598b6c8-c45e-444c-9b34-ff024b885ee8,서울갈비,갈비,행복상점가,자율상권구역,경상북도,,,
3944cc5cff12c31314cc,full_annotation_v1,A,q_정육_16,생고기 사는 데,식료품 중 '정육'을 판매·제공하는 매장,train,정육,T4 구어·문장,564de640-694f-4797-af66-a5d1df9c489f,푸줏간,,김천평화시장,전통시장,경상북도,,,
2bf1b18ea42aa5573926,full_annotation_v1,A,q_정육_16,생고기 사는 데,식료품 중 '정육'을 판매·제공하는 매장,train,정육,T4 구어·문장,7793d1b3-c08e-42f8-8332-f4840d11a17f,장덕생고기,생고기,수완장덕 골목형상점가,골목형상점가,광주광역시,,,
20daf01ce38fe2ea1281,full_annotation_v1,A,q_정육_16,생고기 사는 데,식료품 중 '정육'을 판매·제공하는 매장,train,정육,T4 구어·문장,00e45da9-1bb4-42fa-b0a8-63cdcea52143,수유중앙축산물백화점,정육,수유중앙시장,전통시장,서울특별시,,,
49157b60e7e1a10e69ee,full_annotation_v1,A,q_정육_16,생고기 사는 데,식료품 중 '정육'을 판매·제공하는 매장,train,정육,T4 구어·문장,aa8ef228-718e-4ed4-b80e-6471be74bbec,장생 생고기,돼지요리,영동전통시장,전통시장,충청북도,,,
b8cbd66ccea6de835370,full_annotation_v1,A,q_정육_16,생고기 사는 데,식료품 중 '정육'을 판매·제공하는 매장,train,정육,T4 구어·문장,4ab3ece8-9902-4f4d-b61d-128dd845d385,한우리 생고기 마트,식육,남봉덕 골목형상점가,골목형상점가,대구광역시,,,
f383af73edcba56c021d,full_annotation_v1,A,q_정육_16,생고기 사는 데,식료품 중 '정육'을 판매·제공하는 매장,train,정육,T4 구어·문장,ebed5983-26fe-4644-a43c-987b74d0cdc1,비학마을 울산송정점,생고기 육류,송정청춘 골목형상점가,골목형상점가,울산광역시,,,
859aa505bc4cd4b20c08,full_annotation_v1,A,q_정육_16,생고기 사는 데,식료품 중 '정육'을 판매·제공하는 매장,train,정육,T4 구어·문장,05be8e6e-05cb-43d5-8c9e-ab68776e957b,낙원갈비집 부천옥길점,,부천 옥길 골목형상점가,골목형상점가,경기도,,,
11800b0695ffe12a4adc,full_annotation_v1,A,q_정육_16,생고기 사는 데,식료품 중 '정육'을 판매·제공하는 매장,train,정육,T4 구어·문장,874a8615-3d73-491f-8f96-bb410a0cff98,다사 더웃집,생고기,(유)다사소상공인연합,골목형상점가,대구광역시,,,
c835cbf3bd000dc89807,full_annotation_v1,A,q_정육_16,생고기 사는 데,식료품 중 '정육'을 판매·제공하는 매장,train,정육,T4 구어·문장,0072ddc8-1b0b-4a64-b9d0-9eb309854f0c,오뚜기정육점,정육,김제중앙시장,전통시장,전북특별자치도,,,
d2f5b40ac5ac10eacd5f,full_annotation_v1,A,q_정육_16,생고기 사는 데,식료품 중 '정육'을 판매·제공하는 매장,train,정육,T4 구어·문장,a41b0df6-ff92-46e4-beef-589269279433,안동생고기육회,생고기,장기동 먹거리상가 골목형상점가,골목형상점가,대구광역시,,,
655902835afb15ed6982,full_annotation_v1,A,q_정육_16,생고기 사는 데,식료품 중 '정육'을 판매·제공하는 매장,train,정육,T4 구어·문장,18a5619d-c878-4a3c-9fe5-4093460e3df5,주식회사 청년푸줏간,,인천모래내전통시장,전통시장,인천광역시,,,
7c0e89be586565962099,full_annotation_v1,A,q_정육_16,생고기 사는 데,식료품 중 '정육'을 판매·제공하는 매장,train,정육,T4 구어·문장,28753b89-41b5-46fc-99e4-fa7414b703b8,해운대 광순이네 고깃간,,좌동재래시장,전통시장,부산광역시,,,
32398e033100bb2b7175,full_annotation_v1,A,q_정육_16,생고기 사는 데,식료품 중 '정육'을 판매·제공하는 매장,train,정육,T4 구어·문장,0367e5f3-1bf4-4d8a-bac6-655fcc2eda3f,큰집닭강정,닭강정,신도봉시장,전통시장,서울특별시,,,
589bcb44ba8f69487091,full_annotation_v1,A,q_정육_16,생고기 사는 데,식료품 중 '정육'을 판매·제공하는 매장,train,정육,T4 구어·문장,9cf570b0-be1e-40bb-9f4e-4dbd84f9be9c,생고기,고기,오류골먹자골목 골목형상점가,골목형상점가,서울특별시,,,
a11ca21424646c51e5fe,full_annotation_v1,A,q_정육_16,생고기 사는 데,식료품 중 '정육'을 판매·제공하는 매장,train,정육,T4 구어·문장,b81e1c4b-6945-4685-8159-61903fcc1fb2,워커스 버거,서양음식점수제버거,어진동 골목형상점가,골목형상점가,세종특별자치시,,,
56e8f9ded845ba395e3b,full_annotation_v1,A,q_정육_16,생고기 사는 데,식료품 중 '정육'을 판매·제공하는 매장,train,정육,T4 구어·문장,1d25228e-8fbf-418b-9a30-a837bf985745,저잣거리(생고기 전문점),생고기,위드수암 골목형상점가,골목형상점가,울산광역시,,,
783d3a16bf6115eac42e,full_annotation_v1,A,q_정육_16,생고기 사는 데,식료품 중 '정육'을 판매·제공하는 매장,train,정육,T4 구어·문장,6a3cdfde-9f02-4d0a-9e63-dfba2a517169,남부활어,활어,양산 남부시장상가,전통시장,경상남도,,,
91b3c47c298cf7e05767,full_annotation_v1,A,q_정육_16,생고기 사는 데,식료품 중 '정육'을 판매·제공하는 매장,train,정육,T4 구어·문장,039c05c3-9a49-40ec-86ca-28415ca76d25,미쁘다담양식돼지갈비,갈비,용봉지구 골목형상점가,골목형상점가,광주광역시,,,
c00824a08707c49dcb5f,full_annotation_v1,A,q_정육_16,생고기 사는 데,식료품 중 '정육'을 판매·제공하는 매장,train,정육,T4 구어·문장,01286ec0-50e0-4540-b678-ec706fb3bcbb,설곰식당,식당,산업용재관,전통시장,대구광역시,,,
9c95ad6ad9d5ef47dba4,full_annotation_v1,A,q_정육_16,생고기 사는 데,식료품 중 '정육'을 판매·제공하는 매장,train,정육,T4 구어·문장,5a4ce519-80e3-4a19-81e9-0bf62289d448,광주동구88생고기법원점,생고기,산수 먹자골목 골목형상점가,골목형상점가,광주광역시,,,
602453934dfc90bd4c97,full_annotation_v1,A,q_정육_16,생고기 사는 데,식료품 중 '정육'을 판매·제공하는 매장,train,정육,T4 구어·문장,0091c18f-a074-4703-9af5-05c6495e38af,이지비야,고기,아름다운삼정로 골목형상점가,골목형상점가,광주광역시,,,
d8b282d6012adae46087,full_annotation_v1,A,q_정육_16,생고기 사는 데,식료품 중 '정육'을 판매·제공하는 매장,train,정육,T4 구어·문장,f14df4d3-9858-4a8b-8597-20fd477d8e32,갤러리 데 루치아,가구,용인어정가구단지상점가,자율상권구역,경기도,,,
58f15754dc316d6d5abe,full_annotation_v1,A,q_정육_16,생고기 사는 데,식료품 중 '정육'을 판매·제공하는 매장,train,정육,T4 구어·문장,115750d1-98cf-4a28-9797-2fb40fb15902,자매회,한식,고령대가야시장,전통시장,경상북도,,,
943f8a9d8d0eaad2f3e3,full_annotation_v1,A,q_정육_16,생고기 사는 데,식료품 중 '정육'을 판매·제공하는 매장,train,정육,T4 구어·문장,008615e0-6a3d-45a3-b0ce-af168ae6e16e,행담정육점,소고기 돼지고기 정육,대곡시장,전통시장,대구광역시,,,
f99b49862d1563dc8ed6,full_annotation_v1,A,q_정육_16,생고기 사는 데,식료품 중 '정육'을 판매·제공하는 매장,train,정육,T4 구어·문장,14ab610f-1990-4653-aaec-5fbbff745ea2,참나무집,생고기 곱창,인천축산물시장,전통시장,인천광역시,,,
55425403399e8b056096,full_annotation_v1,A,q_정육_16,생고기 사는 데,식료품 중 '정육'을 판매·제공하는 매장,train,정육,T4 구어·문장,01b7e8c6-feb8-4cff-a63e-2376ae18dd41,원조생굴뚝배기,국밥,고령대가야시장,전통시장,경상북도,,,
bf6d36caa337b7c5dceb,full_annotation_v1,A,q_정육_16,생고기 사는 데,식료품 중 '정육'을 판매·제공하는 매장,train,정육,T4 구어·문장,263d4cd1-5a0d-45b6-9e68-b38558e9f160,고깃간,,부평종합시장,전통시장,인천광역시,,,
add5fa38f8de20317130,full_annotation_v1,A,q_정육_16,생고기 사는 데,식료품 중 '정육'을 판매·제공하는 매장,train,정육,T4 구어·문장,004961cf-a775-4bcc-87a9-067c385bb9e7,삼미식육,식육,구포축산물도매시장,전통시장,부산광역시,,,
c01c968e8e19964d9b3c,full_annotation_v1,A,q_정육_16,생고기 사는 데,식료품 중 '정육'을 판매·제공하는 매장,train,정육,T4 구어·문장,0023ae9b-466c-4881-afd0-ff8ac2890d72,돈.우정육점,식육,여수서시장주변시장,전통시장,전라남도,,,
7d8be890fc1988067f7d,full_annotation_v1,A,q_정육_16,생고기 사는 데,식료품 중 '정육'을 판매·제공하는 매장,train,정육,T4 구어·문장,009f034c-8e3b-4a32-aab3-55ece8718004,장봐주는언니 임동점,농수축산물및 가공식품,제니스 골목형상점가,골목형상점가,광주광역시,,,
0a145af0438fbe47e329,full_annotation_v1,A,q_정육_16,생고기 사는 데,식료품 중 '정육'을 판매·제공하는 매장,train,정육,T4 구어·문장,672f1302-571d-4af3-8fcc-83ddd2caabbc,참고깃간,,명륜시실로 골목형상점가,골목형상점가,부산광역시,,,
e20289e1463de03c7303,full_annotation_v1,A,q_정육_16,생고기 사는 데,식료품 중 '정육'을 판매·제공하는 매장,train,정육,T4 구어·문장,4a5db804-760e-4d8c-95e0-5a7f3c6e07a2,루야네심야식당,생고기,나주혁신도시 골목형상점가,골목형상점가,전라남도,,,
3fb5b26e57bf6aa285cd,full_annotation_v1,A,q_정육_16,생고기 사는 데,식료품 중 '정육'을 판매·제공하는 매장,train,정육,T4 구어·문장,efe111c5-aec8-4ba0-9ffe-1393166b14a0,임마누엘,의류,"일곡동(제8지역:롯데,벽산,동아,삼호,월드스파)",골목형상점가,광주광역시,,,
8ea604df6a0e266963bb,full_annotation_v1,A,q_정육_16,생고기 사는 데,식료품 중 '정육'을 판매·제공하는 매장,train,정육,T4 구어·문장,0130dbd3-b9ea-43f4-98fd-26d8afd90b78,모래내시장순대,식당,전주모래내시장,전통시장,전북특별자치도,,,
0bf6536575723150072e,full_annotation_v1,A,q_정육_16,생고기 사는 데,식료품 중 '정육'을 판매·제공하는 매장,train,정육,T4 구어·문장,4577431c-72c4-4ba0-84ad-65add48aa83c,출근길생고기 동대구역점,생고기,동터 골목형상점가,골목형상점가,대구광역시,,,
0a977ccad3ef4c5ec182,full_annotation_v1,A,q_정육_16,생고기 사는 데,식료품 중 '정육'을 판매·제공하는 매장,train,정육,T4 구어·문장,d68fc482-a7ff-4bba-9720-ee8ebb11dc9a,깜놀생고기,한식,남현동예술인마을골목형상점가,골목형상점가,서울특별시,,,
72833742cf1645354f05,full_annotation_v1,A,q_정육_16,생고기 사는 데,식료품 중 '정육'을 판매·제공하는 매장,train,정육,T4 구어·문장,004764d4-5ad9-4f22-81bb-48eac27e9e4b,60계치킨 야탑점,치킨,야탑 골목형상점가,골목형상점가,경기도,,,
0516b23ee39c99f576ce,full_annotation_v1,A,q_정육_16,생고기 사는 데,식료품 중 '정육'을 판매·제공하는 매장,train,정육,T4 구어·문장,0fe21d88-fcb3-4c10-8aaf-6db3dcb7ea07,생고기가,한식,초지항아리 골목형상점가,골목형상점가,경기도,,,
d4f25ddbbf6103803235,full_annotation_v1,A,q_정육_16,생고기 사는 데,식료품 중 '정육'을 판매·제공하는 매장,train,정육,T4 구어·문장,02cebcf5-9e57-4988-adb9-85afcb577ccd,백미옥,국밥,한마음,골목형상점가,광주광역시,,,
59dc02c6738dc75688e8,full_annotation_v1,A,q_정육_16,생고기 사는 데,식료품 중 '정육'을 판매·제공하는 매장,train,정육,T4 구어·문장,00a5a31e-6208-4900-9553-18f188bfcbfc,올바른고깃간일곡점,정육점,일곡동 골목형상점가,골목형상점가,광주광역시,,,
642a2193d5ac49b883da,full_annotation_v1,A,q_정육_16,생고기 사는 데,식료품 중 '정육'을 판매·제공하는 매장,train,정육,T4 구어·문장,000d4d47-3a3f-4a73-9fce-cd3802a5ebb3,은여우두마리치킨,치킨,봉곡우전로 골목형상점가,골목형상점가,전북특별자치도,,,
d91f4d065158b59e2083,full_annotation_v1,A,q_정육_16,생고기 사는 데,식료품 중 '정육'을 판매·제공하는 매장,train,정육,T4 구어·문장,1204e9de-e42e-487c-8949-cb88c336df29,"오늘, 시간 돼지",생고기,종촌동골목형상점가,골목형상점가,세종특별자치시,,,
feb37bbcfc41f3c9d80b,full_annotation_v1,A,q_정육_16,생고기 사는 데,식료품 중 '정육'을 판매·제공하는 매장,train,정육,T4 구어·문장,0508deb9-1c79-49a5-a015-092d51aa4bc6,큰엄마 생고기,삼겹살,엄상마을상점가,골목형상점가,경기도,,,
62065d52299f1c3e2e81,full_annotation_v1,A,q_정육_16,생고기 사는 데,식료품 중 '정육'을 판매·제공하는 매장,train,정육,T4 구어·문장,0038f694-919c-4289-8bc1-a5e6549274e1,달인닭강정,닭강정,서귀포매일올레시장,전통시장,제주특별자치도,,,
4243b072765c0994f028,full_annotation_v1,A,q_정육_16,생고기 사는 데,식료품 중 '정육'을 판매·제공하는 매장,train,정육,T4 구어·문장,0031b1fc-4212-4c47-9dad-a8fa10d8bf85,㈜금원유통,축산물,마장축산물시장,전통시장,서울특별시,,,
d46bb545b32b2fc633be,full_annotation_v1,A,q_정육_16,생고기 사는 데,식료품 중 '정육'을 판매·제공하는 매장,train,정육,T4 구어·문장,7fa5e858-89b5-4106-8b7c-6c11e6d261c5,하나로뭉쳐,생고기,청주중앙시장,전통시장,충청북도,,,
3296f6f7188be87c8964,full_annotation_v1,A,q_정육_16,생고기 사는 데,식료품 중 '정육'을 판매·제공하는 매장,train,정육,T4 구어·문장,080611f9-2bc6-485c-88ff-62a839f9cbd2,푸줏간 수정점,,황금수정 골목형상점가,골목형상점가,부산광역시,,,
6cc1519ddd3b4faca10a,full_annotation_v1,A,q_정육_16,생고기 사는 데,식료품 중 '정육'을 판매·제공하는 매장,train,정육,T4 구어·문장,000bc123-8986-4a63-bd89-6076138ae351,왕장상회,치킨,자양전통시장,전통시장,서울특별시,,,
9a8e6c194f7ab91e926d,full_annotation_v1,A,q_정육_16,생고기 사는 데,식료품 중 '정육'을 판매·제공하는 매장,train,정육,T4 구어·문장,956c47d9-0ece-4bc4-901f-3ab31fa32d62,초원식당,생고기,시청소소길,골목형상점가,부산광역시,,,
98bd0b86572d58a60705,full_annotation_v1,A,q_정육_16,생고기 사는 데,식료품 중 '정육'을 판매·제공하는 매장,train,정육,T4 구어·문장,480d24c1-b219-4717-86a1-06c24a02cd2b,아이스크림하우스,과자 아이스크림,별양동상점가,자율상권구역,경기도,,,
982567c5fb7ff79e4973,full_annotation_v1,A,q_정육_16,생고기 사는 데,식료품 중 '정육'을 판매·제공하는 매장,train,정육,T4 구어·문장,b8541999-2748-4d9d-854c-b8273345c36b,자연생고기,한식,난곡 신사맛길 골목형상점가,골목형상점가,서울특별시,,,
7e7a9440b2126e38d465,full_annotation_v1,A,q_정육_16,생고기 사는 데,식료품 중 '정육'을 판매·제공하는 매장,train,정육,T4 구어·문장,2f807d48-2c4b-497d-a30c-49aca1f09207,유천참숯불돼지갈비,갈비,가람로 골목형상점가,골목형상점가,경기도,,,
85eaf2390e7cc8c6afc0,full_annotation_v1,A,q_정육_16,생고기 사는 데,식료품 중 '정육'을 판매·제공하는 매장,train,정육,T4 구어·문장,4ced1c53-d5cd-4c16-9f1a-b6a91c20bbb1,노량진 생고기,한식,노량진만나로골목형상점가,골목형상점가,서울특별시,,,
f5ce68e4435b0b4f145e,full_annotation_v1,A,q_정육_16,생고기 사는 데,식료품 중 '정육'을 판매·제공하는 매장,train,정육,T4 구어·문장,ac2aa038-d67b-4bab-b6e2-d3c8eb7552d1,육회담,생고기,강남시장,전통시장,서울특별시,,,
9da0f96aad88a583691a,full_annotation_v1,A,q_정육_16,생고기 사는 데,식료품 중 '정육'을 판매·제공하는 매장,train,정육,T4 구어·문장,cce2b46f-8486-478f-b237-f7f877bc0123,기왕 생고기,,성수역골목형상점가,골목형상점가,서울특별시,,,
29914d8c1386eca1498a,full_annotation_v1,A,q_정육_16,생고기 사는 데,식료품 중 '정육'을 판매·제공하는 매장,train,정육,T4 구어·문장,0008f8f4-4c6e-4c4a-ad64-76aaea3d2d18,대성정육점,정육,평택국제중앙시장,전통시장,경기도,,,
3c459e614bfafeab782a,full_annotation_v1,A,q_정육_16,생고기 사는 데,식료품 중 '정육'을 판매·제공하는 매장,train,정육,T4 구어·문장,974250a7-25c2-4aa9-929b-365750d56d15,육회관블랙 신사점,생고기,강남시장,전통시장,서울특별시,,,
e32796b49fd09ee2b4cb,full_annotation_v1,A,q_정육_16,생고기 사는 데,식료품 중 '정육'을 판매·제공하는 매장,train,정육,T4 구어·문장,0007af17-f23e-49b9-b7c1-5a9968727cfd,오늘닭강정,닭강정,목원대 골목형상점가,골목형상점가,대전광역시,,,
39ecf71fe3b59e7bd4c3,full_annotation_v1,A,q_정육_16,생고기 사는 데,식료품 중 '정육'을 판매·제공하는 매장,train,정육,T4 구어·문장,023a95f4-f5cb-4b2e-b978-690c41d48d54,대송회센타,식당,대송시장,전통시장,울산광역시,,,
ddcaf5149052ca67163c,full_annotation_v1,A,q_정육_16,생고기 사는 데,식료품 중 '정육'을 판매·제공하는 매장,train,정육,T4 구어·문장,15e1d60d-9ac5-4983-b713-755d88e83a10,송학구이,생고기 육회,고성동벚꽃 골목형상점가,골목형상점가,대구광역시,,,
62dd0b6246f82dbda0fb,full_annotation_v1,A,q_정육_16,생고기 사는 데,식료품 중 '정육'을 판매·제공하는 매장,train,정육,T4 구어·문장,42ed3442-9b7d-493a-9842-51b88202be83,성원 생고기 한식냠냠,한우구이,안양농수산물 골목형상점가,골목형상점가,경기도,,,
5b150eb3a898980d6268,full_annotation_v1,A,q_정육_16,생고기 사는 데,식료품 중 '정육'을 판매·제공하는 매장,train,정육,T4 구어·문장,d0a7b3af-b8e1-423a-a6cf-8fde023b5f17,원유헤어,일반미용업,용두마을길 골목형상점가,골목형상점가,광주광역시,,,
066a1405831d8aa15971,full_annotation_v1,A,q_정육_16,생고기 사는 데,식료품 중 '정육'을 판매·제공하는 매장,train,정육,T4 구어·문장,008f0459-6681-4e70-8149-1a6d9ff1a2a5,육간지,삼겹살,구미 진평음식문화특화거리 골목형상점가,골목형상점가,경상북도,,,
9fa345619b5bc137504c,full_annotation_v1,A,q_정육_16,생고기 사는 데,식료품 중 '정육'을 판매·제공하는 매장,train,정육,T4 구어·문장,a78c6b01-967c-423a-94a0-8bd04ac50ec6,믿음축산,생고기,효신시장,기타,대구광역시,,,
69a3389306a47f520103,full_annotation_v1,A,q_정육_16,생고기 사는 데,식료품 중 '정육'을 판매·제공하는 매장,train,정육,T4 구어·문장,d86a022d-fe17-41e0-a952-94ab78ef3e01,아따어찌인자오셨소,생고기,염주먹자골목A구역상인회 골목형상점가,골목형상점가,광주광역시,,,
4b63015599f3397f53c5,full_annotation_v1,A,q_정육_16,생고기 사는 데,식료품 중 '정육'을 판매·제공하는 매장,train,정육,T4 구어·문장,2538e343-dfd5-475d-911b-489c58742748,신개념 푸줏간,,새천년 골목형상점가,골목형상점가,경기도,,,
23e7b913a40959894c13,full_annotation_v1,A,q_정육_16,생고기 사는 데,식료품 중 '정육'을 판매·제공하는 매장,train,정육,T4 구어·문장,0363b125-0829-46ae-b0be-f23ada850390,정성육회울산송정점,한우뭉티기&한우육회,송정청춘 골목형상점가,골목형상점가,울산광역시,,,
84f7dac65d39edc1e042,full_annotation_v1,A,q_정육_16,생고기 사는 데,식료품 중 '정육'을 판매·제공하는 매장,train,정육,T4 구어·문장,6166067b-a68e-4b32-b555-b1a965804cd3,황금생고기,생고기,부곡맛고을상가,자율상권구역,경상북도,,,
0805b9f65b1b937c00bc,full_annotation_v1,A,q_정육_16,생고기 사는 데,식료품 중 '정육'을 판매·제공하는 매장,train,정육,T4 구어·문장,022fb5a6-69f4-4765-88db-4228cac2ef69,랭상1992,삼겹살,오치2동 골목형상점가,골목형상점가,광주광역시,,,
af680624018310d94707,full_annotation_v1,A,q_정육_16,생고기 사는 데,식료품 중 '정육'을 판매·제공하는 매장,train,정육,T4 구어·문장,033ab0da-f546-4879-93a7-5bf7e6327bf3,시장식당,국밥,광양5일시장,전통시장,,,,
3ce314ebf9a963486ea4,full_annotation_v1,A,q_정육_16,생고기 사는 데,식료품 중 '정육'을 판매·제공하는 매장,train,정육,T4 구어·문장,2ce93e47-09dc-4ed0-97e1-c7cb7d9c958f,홍헤어,두발관련용품,신장대리 자율상권구역,,강원특별자치도,,,
dbd822fd362c909a620b,full_annotation_v1,A,q_정육_16,생고기 사는 데,식료품 중 '정육'을 판매·제공하는 매장,train,정육,T4 구어·문장,0287935d-6e8e-465e-930c-b5e8e06c38c4,탄방 고기돈,삼겹살,탄방새마을 골목형상점가,골목형상점가,대전광역시,,,
55f440ef394f84ba3f6d,full_annotation_v1,A,q_정육_16,생고기 사는 데,식료품 중 '정육'을 판매·제공하는 매장,train,정육,T4 구어·문장,0120247f-1a8e-4396-882d-6476485c3f9e,사랑채,삼겹살,봉선먹자골목 골목형상점가,골목형상점가,광주광역시,,,
c008c7b44127e3dd2275,full_annotation_v1,A,q_정육_16,생고기 사는 데,식료품 중 '정육'을 판매·제공하는 매장,train,정육,T4 구어·문장,03f541e1-2781-4bd2-91a9-65b9196d82b4,또래오래치킨&참닭,삼겹살,노대물빛근린공원 골목형상점가,골목형상점가,광주광역시,,,
f874fdf751c774efadb4,full_annotation_v1,A,q_정육_16,생고기 사는 데,식료품 중 '정육'을 판매·제공하는 매장,train,정육,T4 구어·문장,b5f362c7-37ea-4637-98fa-fd149e8a97a7,EIE고려대학교국제어학원송도국제캠퍼스,영어교육,송도랜드마크시티 센트럴더샵 골목형상점가,골목형상점가,인천광역시,,,
bc370a26303cf204e040,full_annotation_v1,A,q_정육_16,생고기 사는 데,식료품 중 '정육'을 판매·제공하는 매장,train,정육,T4 구어·문장,001dda38-7874-4460-b3b0-a5717b6c36d7,오송 곱창,"한우곱창, 한우막창, 한우모듬, 한우대창, 한우염통",오송1산단오스코로골목형상점가,골목형상점가,충청북도,,,
2cfac5fda73fee832555,full_annotation_v1,A,q_정육_16,생고기 사는 데,식료품 중 '정육'을 판매·제공하는 매장,train,정육,T4 구어·문장,90dd93a1-1a7a-4e9a-b945-70340b5099c4,승철카샵,자동차 부분정비,오치1동(제2지역:북부소방서 사거리) 골목형상점가,골목형상점가,광주광역시,,,
37cde2ff21a68606c3e8,full_annotation_v1,A,q_정육_16,생고기 사는 데,식료품 중 '정육'을 판매·제공하는 매장,train,정육,T4 구어·문장,854cd04e-58ed-453d-bcb7-2babc9387908,안동생고기뭉티기(인동점),생고기,구미 진평음식문화특화거리 골목형상점가,골목형상점가,경상북도,,,
b76771c75ec51ec6d76d,full_annotation_v1,A,q_정육_16,생고기 사는 데,식료품 중 '정육'을 판매·제공하는 매장,train,정육,T4 구어·문장,00265ad2-bd74-4057-b201-f6a798a8a4c9,칠분통닭오치점,치킨,오치2동 골목형상점가,골목형상점가,광주광역시,,,
21caf25f8c75789651b2,full_annotation_v1,A,q_정육_16,생고기 사는 데,식료품 중 '정육'을 판매·제공하는 매장,train,정육,T4 구어·문장,3abf1401-e252-4663-8feb-617120c0d8d1,동네고깃간,생고기,논산화지중앙시장,전통시장,충청남도,,,
ee5e2dfe7b8da05e5562,full_annotation_v1,A,q_정육_16,생고기 사는 데,식료품 중 '정육'을 판매·제공하는 매장,train,정육,T4 구어·문장,aba76fc2-984e-4030-ba01-e2e7d78264c7,데 아로즈 대전둔산본점,,갈리단길 골목형상점가,골목형상점가,대전광역시,,,
cf465cc02dc7a83e2dc0,full_annotation_v1,A,q_정육_16,생고기 사는 데,식료품 중 '정육'을 판매·제공하는 매장,train,정육,T4 구어·문장,1f8995f0-3610-4085-85af-e4380987ccc8,주식회사 마리축산,생고기 식육,풍동온누리 골목형상점가,골목형상점가,경기도,,,
a1d938699b87cf1dda55,full_annotation_v1,A,q_정육_16,생고기 사는 데,식료품 중 '정육'을 판매·제공하는 매장,train,정육,T4 구어·문장,01e3bdc3-fa69-409b-9f56-9ab1b44ede16,바우닭강정,닭강정,자양전통시장,전통시장,서울특별시,,,
421b8f558b2a23d44696,full_annotation_v1,A,q_정육_16,생고기 사는 데,식료품 중 '정육'을 판매·제공하는 매장,train,정육,T4 구어·문장,617a69de-ddc4-44a7-8805-7e199e661233,한우 생고기 정육점,육류,옥골시장,전통시장,울산광역시,,,
d2563968486bc8294353,full_annotation_v1,A,q_정육_16,생고기 사는 데,식료품 중 '정육'을 판매·제공하는 매장,train,정육,T4 구어·문장,88b48ebe-3476-4202-bef1-1183d20e8442,신녹향생고기,음식,두류젊음의광장 상점가,자율상권구역,대구광역시,,,
434724ea92edb1660641,full_annotation_v1,A,q_정육_16,생고기 사는 데,식료품 중 '정육'을 판매·제공하는 매장,train,정육,T4 구어·문장,3e6a2059-5bed-44e4-b9cc-a39468de8043,준이네 푸줏간,,연동시장,전통시장,부산광역시,,,
0acf0d28ffac274e5e48,full_annotation_v1,A,q_정육_17,생닭,식료품 중 '정육'을 판매·제공하는 매장,train,정육,T4 구어·문장,d56dca42-6f86-4f4c-a75c-9cfe5a2724ff,마니커생닭,생닭,마천중앙시장,전통시장,서울특별시,,,
665323d6dac62cd73dfc,full_annotation_v1,A,q_정육_17,생닭,식료품 중 '정육'을 판매·제공하는 매장,train,정육,T4 구어·문장,c30fa2ab-144a-43bf-8e62-42b765fca6b0,항도닭집,생닭,군산신영시장,전통시장,전북특별자치도,,,
304c717a3def27647478,full_annotation_v1,A,q_정육_17,생닭,식료품 중 '정육'을 판매·제공하는 매장,train,정육,T4 구어·문장,2786e7ec-adba-445e-b793-6f07ec115e33,시장닭집,생닭,안계정기시장,전통시장,경상북도,,,
f9489767486c00ac8350,full_annotation_v1,A,q_정육_17,생닭,식료품 중 '정육'을 판매·제공하는 매장,train,정육,T4 구어·문장,023a95f4-f5cb-4b2e-b978-690c41d48d54,대송회센타,식당,대송시장,전통시장,울산광역시,,,
791ad30c819130ce0aab,full_annotation_v1,A,q_정육_17,생닭,식료품 중 '정육'을 판매·제공하는 매장,train,정육,T4 구어·문장,94d09c0d-1870-410b-9173-b9167327d83d,아이베리사진관,사진,여주한글시장(여주중앙로상점가),전통시장,경기도,,,
288cb181f1b2ed69e245,full_annotation_v1,A,q_정육_17,생닭,식료품 중 '정육'을 판매·제공하는 매장,train,정육,T4 구어·문장,09df8f00-fab7-4db4-a7d4-62fa78c42f2d,미래닭집,생닭,경산공설시장,전통시장,경상북도,,,
4727f56aa98bb90a508a,full_annotation_v1,A,q_정육_17,생닭,식료품 중 '정육'을 판매·제공하는 매장,train,정육,T4 구어·문장,1ed76550-c553-4221-b277-878f12bc9e5f,성현닭집,생닭,강경대흥시장,전통시장,충청남도,,,
b9ce8452726b6bf32823,full_annotation_v1,A,q_정육_17,생닭,식료품 중 '정육'을 판매·제공하는 매장,train,정육,T4 구어·문장,000bc123-8986-4a63-bd89-6076138ae351,왕장상회,치킨,자양전통시장,전통시장,서울특별시,,,
9f6be321422d9382b6d8,full_annotation_v1,A,q_정육_17,생닭,식료품 중 '정육'을 판매·제공하는 매장,train,정육,T4 구어·문장,008f0459-6681-4e70-8149-1a6d9ff1a2a5,육간지,삼겹살,구미 진평음식문화특화거리 골목형상점가,골목형상점가,경상북도,,,
73022f9cbcd3ed5d1b97,full_annotation_v1,A,q_정육_17,생닭,식료품 중 '정육'을 판매·제공하는 매장,train,정육,T4 구어·문장,5de68003-fb44-42da-ba49-74d8dfc1aa36,오품닭,생닭,점촌전통시장,전통시장,경상북도,,,
9653984c669a69ffeaeb,full_annotation_v1,A,q_정육_17,생닭,식료품 중 '정육'을 판매·제공하는 매장,train,정육,T4 구어·문장,5da2f312-0e8c-46f7-9367-2f8b138a482e,우리닭집,생닭,남광주시장,전통시장,광주광역시,,,
068dcdc1be452fd043a1,full_annotation_v1,A,q_정육_17,생닭,식료품 중 '정육'을 판매·제공하는 매장,train,정육,T4 구어·문장,033ab0da-f546-4879-93a7-5bf7e6327bf3,시장식당,국밥,광양5일시장,전통시장,,,,
9ee0bcea07b1df7388ed,full_annotation_v1,A,q_정육_17,생닭,식료품 중 '정육'을 판매·제공하는 매장,train,정육,T4 구어·문장,a030e67e-e293-4d93-9347-0d37c4007f3a,영주생닭,식육 생닭,성서와룡시장,전통시장,대구광역시,,,
0879f43412ee061fe808,full_annotation_v1,A,q_정육_17,생닭,식료품 중 '정육'을 판매·제공하는 매장,train,정육,T4 구어·문장,87ed0d62-5055-46c4-95af-2a1fcd6f03f3,인수닭집,생닭,충주무학시장,전통시장,충청북도,,,
1847579d62887933ecbb,full_annotation_v1,A,q_정육_17,생닭,식료품 중 '정육'을 판매·제공하는 매장,train,정육,T4 구어·문장,00a5a31e-6208-4900-9553-18f188bfcbfc,올바른고깃간일곡점,정육점,일곡동 골목형상점가,골목형상점가,광주광역시,,,
1f49084bb3c6826ae9b6,full_annotation_v1,A,q_정육_17,생닭,식료품 중 '정육'을 판매·제공하는 매장,train,정육,T4 구어·문장,916a8e71-5b1e-4293-ae91-bc0cfa144711,울진어패류2,수산물,울진후포시장,전통시장,경상북도,,,
4b259bf5751609f1a57a,full_annotation_v1,A,q_정육_17,생닭,식료품 중 '정육'을 판매·제공하는 매장,train,정육,T4 구어·문장,d52b1a16-d03f-4e4f-b6b2-e414a5e075ed,시장닭집,생닭,대동시장,전통시장,대구광역시,,,
9cdf54f266713ae1a9af,full_annotation_v1,A,q_정육_17,생닭,식료품 중 '정육'을 판매·제공하는 매장,train,정육,T4 구어·문장,0034b8e3-c78f-4e08-9a23-2414863de721,정육공방,소고기 돼지고기,구갈상점가,자율상권구역,경기도,,,
c9f43aca2437067dceda,full_annotation_v1,A,q_정육_17,생닭,식료품 중 '정육'을 판매·제공하는 매장,train,정육,T4 구어·문장,0120247f-1a8e-4396-882d-6476485c3f9e,사랑채,삼겹살,봉선먹자골목 골목형상점가,골목형상점가,광주광역시,,,
d96b31faf0791f018a81,full_annotation_v1,A,q_정육_17,생닭,식료품 중 '정육'을 판매·제공하는 매장,train,정육,T4 구어·문장,0130dbd3-b9ea-43f4-98fd-26d8afd90b78,모래내시장순대,식당,전주모래내시장,전통시장,전북특별자치도,,,
ee5edb34c3fb68a9f229,full_annotation_v1,A,q_정육_17,생닭,식료품 중 '정육'을 판매·제공하는 매장,train,정육,T4 구어·문장,db2cd96a-4711-41f9-b1e0-63f227d10a00,형제닭집,생닭,선산봉황시장(구 선산종합시장),전통시장,경상북도,,,
3d8d47247db3c120bbff,full_annotation_v1,A,q_정육_17,생닭,식료품 중 '정육'을 판매·제공하는 매장,train,정육,T4 구어·문장,5084bf16-7676-4c24-a0e9-6221f8a6b65f,대구닭집,생닭,칠성본시장,전통시장,대구광역시,,,
154ddf4a5be60146f67a,full_annotation_v1,A,q_정육_17,생닭,식료품 중 '정육'을 판매·제공하는 매장,train,정육,T4 구어·문장,d39b0aea-0016-465c-8aa0-f384f1d80364,성주닭,생닭,대평리시장,전통시장,대구광역시,,,
442635eb7de0d2287748,full_annotation_v1,A,q_정육_17,생닭,식료품 중 '정육'을 판매·제공하는 매장,train,정육,T4 구어·문장,5b9f847b-daa2-4464-81ba-0b4606e4f83b,하림닭집,생닭,울진시장(울진바지게시장),전통시장,경상북도,,,
a3efd9df1a07cbf3ba7d,full_annotation_v1,A,q_정육_17,생닭,식료품 중 '정육'을 판매·제공하는 매장,train,정육,T4 구어·문장,074f18ce-f121-4a88-9f4d-fd77ec2bee05,하블리네참전복,수산물,신가동 골목형상점가,골목형상점가,광주광역시,,,
dbf5751c6eb61425b411,full_annotation_v1,A,q_정육_17,생닭,식료품 중 '정육'을 판매·제공하는 매장,train,정육,T4 구어·문장,0007af17-f23e-49b9-b7c1-5a9968727cfd,오늘닭강정,닭강정,목원대 골목형상점가,골목형상점가,대전광역시,,,
070a84af7bb9c2fcee32,full_annotation_v1,A,q_정육_17,생닭,식료품 중 '정육'을 판매·제공하는 매장,train,정육,T4 구어·문장,937c2e49-87fe-4c60-9884-db81b7a1d834,안평통닭,생닭,반송큰시장,전통시장,부산광역시,,,
e73ac5cf2df6463e3606,full_annotation_v1,A,q_정육_17,생닭,식료품 중 '정육'을 판매·제공하는 매장,train,정육,T4 구어·문장,003e9326-9010-4e27-b844-c62b81ad2df8,다이소 광주 호남대점,소매,선운별 골목형상점가,골목형상점가,광주광역시,,,
82032ce29b21a28d18d8,full_annotation_v1,A,q_정육_17,생닭,식료품 중 '정육'을 판매·제공하는 매장,train,정육,T4 구어·문장,5a85054a-6e31-40f1-b2ef-b3dc14af06ec,한양닭집,생닭,덕풍전통시장,전통시장,경기도,,,
625cba0756090905c827,full_annotation_v1,A,q_정육_17,생닭,식료품 중 '정육'을 판매·제공하는 매장,train,정육,T4 구어·문장,fff1b9ba-dd78-4487-92df-a1b454c24c25,체리부로,생닭,공릉동도깨비시장,전통시장,서울특별시,,,
1103694494124ff4dca9,full_annotation_v1,A,q_정육_17,생닭,식료품 중 '정육'을 판매·제공하는 매장,train,정육,T4 구어·문장,2d39ef2d-730c-4895-bd0b-8527edc23fbc,중앙닭집,생닭,명일전통시장,전통시장,서울특별시,,,
3457a33c94afe868ea2e,full_annotation_v1,A,q_정육_17,생닭,식료품 중 '정육'을 판매·제공하는 매장,train,정육,T4 구어·문장,2e0a7816-a972-4774-a307-04be34aa431c,서민생닭,생닭,칠성시장,전통시장,대구광역시,,,
1ceb2690fcd2e5e3d208,full_annotation_v1,A,q_정육_17,생닭,식료품 중 '정육'을 판매·제공하는 매장,train,정육,T4 구어·문장,e182294e-5f9c-47ba-8932-c08b75f7c110,소문난생닭,생닭,충주무학시장,전통시장,충청북도,,,
53aa8c557eadf85e6494,full_annotation_v1,A,q_정육_17,생닭,식료품 중 '정육'을 판매·제공하는 매장,train,정육,T4 구어·문장,039c05c3-9a49-40ec-86ca-28415ca76d25,미쁘다담양식돼지갈비,갈비,용봉지구 골목형상점가,골목형상점가,광주광역시,,,
fcad79e137fefb732630,full_annotation_v1,A,q_정육_17,생닭,식료품 중 '정육'을 판매·제공하는 매장,train,정육,T4 구어·문장,80e44d9a-6ee9-4ece-8606-ac4b8653e25e,한마음도매닭집,생닭,한민시장,전통시장,대전광역시,,,
0cf89af3094cefbcf7f1,full_annotation_v1,A,q_정육_17,생닭,식료품 중 '정육'을 판매·제공하는 매장,train,정육,T4 구어·문장,d1adfa6b-6cf2-4190-aae3-6c98d01d1306,중앙닭집,생닭,경주중앙시장,전통시장,경상북도,,,
8035370d2de3f3c420b4,full_annotation_v1,A,q_정육_17,생닭,식료품 중 '정육'을 판매·제공하는 매장,train,정육,T4 구어·문장,3d8c3383-33ba-4090-9aad-4e3c79fd6bb7,도드람한돈,"가공식품, 식육, 통신판매",정읍샘고을정다운상권,상권활성화구역,전북특별자치도,,,
57681feeb92f2ff5982e,full_annotation_v1,A,q_정육_17,생닭,식료품 중 '정육'을 판매·제공하는 매장,train,정육,T4 구어·문장,030a5e64-7697-4952-b49b-a7d7f5591a5e,노연닭집,생닭,안계정기시장,전통시장,경상북도,,,
bedf1622d3fc297a5c93,full_annotation_v1,A,q_정육_17,생닭,식료품 중 '정육'을 판매·제공하는 매장,train,정육,T4 구어·문장,86ddd3a6-557a-49f9-8ea2-0f520c55b844,총각네고깃간,,일곡동(제1지역:자연마을 일동초 거리) 골목형상점가,골목형상점가,,,,
9259f16b844946e9b9ba,full_annotation_v1,A,q_정육_17,생닭,식료품 중 '정육'을 판매·제공하는 매장,train,정육,T4 구어·문장,4e7b236e-9061-4128-bc16-6def0d8435f0,금산하림생닭,생닭,달서시장,전통시장,대구광역시,,,
a3620d4a7c3f62693cbb,full_annotation_v1,A,q_정육_17,생닭,식료품 중 '정육'을 판매·제공하는 매장,train,정육,T4 구어·문장,003d2015-a21c-44e2-9d66-c6f97ba3c296,집중호우,한우,하단자율상권구역,기타,부산광역시,,,
d4862ad7575c997ffa41,full_annotation_v1,A,q_정육_17,생닭,식료품 중 '정육'을 판매·제공하는 매장,train,정육,T4 구어·문장,40ad8835-95b1-418d-9cdc-e93cf9584a55,올품상주대리점,생닭,상주풍물시장,전통시장,경상북도,,,
76f21c1c3244e8dac3b9,full_annotation_v1,A,q_정육_17,생닭,식료품 중 '정육'을 판매·제공하는 매장,train,정육,T4 구어·문장,c2351ca9-1779-49e8-8cf6-46b5fa862cc1,시장닭집,생닭,군위시장(구 군위전통시장),전통시장,대구광역시,,,
c70e419acadbc15cb715,full_annotation_v1,A,q_정육_17,생닭,식료품 중 '정육'을 판매·제공하는 매장,train,정육,T4 구어·문장,24d5c8d5-36d4-40d5-9457-7e58b2c21375,체리부로닭집,생닭,대림중앙시장,전통시장,서울특별시,,,
8569765f74cd5a909689,full_annotation_v1,A,q_정육_17,생닭,식료품 중 '정육'을 판매·제공하는 매장,train,정육,T4 구어·문장,6671d3e9-4fbc-422c-8a39-a1cdec485789,우인유통,생닭,신현회화골목형상점가,골목형상점가,인천광역시,,,
622e13af8c5cc3196783,full_annotation_v1,A,q_정육_17,생닭,식료품 중 '정육'을 판매·제공하는 매장,train,정육,T4 구어·문장,004764d4-5ad9-4f22-81bb-48eac27e9e4b,60계치킨 야탑점,치킨,야탑 골목형상점가,골목형상점가,경기도,,,
43c1b28cc7d68626755b,full_annotation_v1,A,q_정육_17,생닭,식료품 중 '정육'을 판매·제공하는 매장,train,정육,T4 구어·문장,60f21707-e95d-473f-989b-3bce386048b7,조이진,휴대폰,조례봉화상가,자율상권구역,전라남도,,,
b860740b27846ec1d468,full_annotation_v1,A,q_정육_17,생닭,식료품 중 '정육'을 판매·제공하는 매장,train,정육,T4 구어·문장,02f9037a-c117-4db4-9d2b-9b78182978f4,반월닭강정치킨,,보령한내시장,전통시장,충청남도,,,
7160a8ccf6dfe0707723,full_annotation_v1,A,q_정육_17,생닭,식료품 중 '정육'을 판매·제공하는 매장,train,정육,T4 구어·문장,d0a3c40c-9bc7-49fc-8a32-76315f6083cd,명지상회,생닭,대조시장,전통시장,서울특별시,,,
f78fd94e8aa2c5826970,full_annotation_v1,A,q_정육_17,생닭,식료품 중 '정육'을 판매·제공하는 매장,train,정육,T4 구어·문장,04281236-3406-42c7-bac5-94bce898079b,경북닭집,생닭,포항죽도시장,전통시장,경상북도,,,
407bbab131da927be697,full_annotation_v1,A,q_정육_17,생닭,식료품 중 '정육'을 판매·제공하는 매장,train,정육,T4 구어·문장,291c0c60-fa5a-4135-bbd0-b997347d9855,하림닭집,생닭,용현시장,전통시장,인천광역시,,,
79c68bcdf47a2291d199,full_annotation_v1,A,q_정육_17,생닭,식료품 중 '정육'을 판매·제공하는 매장,train,정육,T4 구어·문장,4f44699e-6e81-465a-9b2e-62b866e492e5,수유닭집,생닭,수유전통시장(구 수유골목시장),전통시장,서울특별시,,,
58d6fa972d47d11c9b9d,full_annotation_v1,A,q_정육_17,생닭,식료품 중 '정육'을 판매·제공하는 매장,train,정육,T4 구어·문장,01e3bdc3-fa69-409b-9f56-9ab1b44ede16,바우닭강정,닭강정,자양전통시장,전통시장,서울특별시,,,
b9413b532241d98b0884,full_annotation_v1,A,q_정육_17,생닭,식료품 중 '정육'을 판매·제공하는 매장,train,정육,T4 구어·문장,08d16f79-5d88-40cd-bea7-97351d7e85fb,형제닭집,생닭,초량 이음자율상권,,부산광역시,,,
a6ea4dbac35b54a72159,full_annotation_v1,A,q_정육_17,생닭,식료품 중 '정육'을 판매·제공하는 매장,train,정육,T4 구어·문장,528f5ce4-c743-4120-bcd8-1e82c1271f95,오색축산,생닭,오산오색시장(구 오산중앙시장),전통시장,경기도,,,
5819de752ae429db1f73,full_annotation_v1,A,q_정육_17,생닭,식료품 중 '정육'을 판매·제공하는 매장,train,정육,T4 구어·문장,aab7f1dd-a8cd-4e9d-9f8e-fa07bfce3cba,시장닭집,생닭,천안중앙시장,전통시장,충청남도,,,
3218ee64fa1cdb710659,full_annotation_v1,A,q_정육_17,생닭,식료품 중 '정육'을 판매·제공하는 매장,train,정육,T4 구어·문장,02235e2b-ba17-4b33-aacc-c1d96790e83e,바다담은구이,식당,정릉시장,전통시장,서울특별시,,,
f359e935410c95951b1a,full_annotation_v1,A,q_정육_17,생닭,식료품 중 '정육'을 판매·제공하는 매장,train,정육,T4 구어·문장,0008f8f4-4c6e-4c4a-ad64-76aaea3d2d18,대성정육점,정육,평택국제중앙시장,전통시장,경기도,,,
b28361a3bd1216fee1e3,full_annotation_v1,A,q_정육_17,생닭,식료품 중 '정육'을 판매·제공하는 매장,train,정육,T4 구어·문장,efd7b9cb-2a31-42df-bb56-3044d75bbb52,도원생닭,생닭,도원시장,전통시장,대구광역시,,,
c7a7286d717fa74b8540,full_annotation_v1,A,q_정육_17,생닭,식료품 중 '정육'을 판매·제공하는 매장,train,정육,T4 구어·문장,b9437962-ba21-4657-a5d4-6bda3ce291d8,생닭 삼남매,생닭,청주육거리종합시장,전통시장,충청북도,,,
458c29ddfaf469f2060c,full_annotation_v1,A,q_정육_17,생닭,식료품 중 '정육'을 판매·제공하는 매장,train,정육,T4 구어·문장,7692319b-f333-4d22-bc69-e08d42cd683b,시장생닭,생닭,방촌시장,전통시장,대구광역시,,,
4f408b2828bda2bde867,full_annotation_v1,A,q_정육_17,생닭,식료품 중 '정육'을 판매·제공하는 매장,train,정육,T4 구어·문장,9600d5f2-c078-4d31-b5ea-10d584881404,관문통닭,생닭,관문상가시장,전통시장,대구광역시,,,
adff324280e52b1db9ab,full_annotation_v1,A,q_정육_17,생닭,식료품 중 '정육'을 판매·제공하는 매장,train,정육,T4 구어·문장,03f541e1-2781-4bd2-91a9-65b9196d82b4,또래오래치킨&참닭,삼겹살,노대물빛근린공원 골목형상점가,골목형상점가,광주광역시,,,
020841e1184f341c7cdb,full_annotation_v1,A,q_정육_17,생닭,식료품 중 '정육'을 판매·제공하는 매장,train,정육,T4 구어·문장,5bc5b51c-ad8a-4b04-9739-07153e53a4c0,와룡생닭,생닭,성서와룡시장,전통시장,대구광역시,,,
48bfd52a50bb67b916c2,full_annotation_v1,A,q_정육_17,생닭,식료품 중 '정육'을 판매·제공하는 매장,train,정육,T4 구어·문장,01b7e8c6-feb8-4cff-a63e-2376ae18dd41,원조생굴뚝배기,국밥,고령대가야시장,전통시장,경상북도,,,
774a23ee8f511c283a36,full_annotation_v1,A,q_정육_17,생닭,식료품 중 '정육'을 판매·제공하는 매장,train,정육,T4 구어·문장,624883e1-4487-4d66-aac5-89fc70207fca,모밀엔카츠 경희대점,식당,회기랑길골목형상점가,골목형상점가,서울특별시,,,
f6ae589b72ae1f949ba1,full_annotation_v1,A,q_정육_17,생닭,식료품 중 '정육'을 판매·제공하는 매장,train,정육,T4 구어·문장,d1f1de04-6cfd-4cd8-88be-92d712904cbe,참프레,생닭,창원 명서시장,전통시장,경상남도,,,
6f26d132127db2e47606,full_annotation_v1,A,q_정육_17,생닭,식료품 중 '정육'을 판매·제공하는 매장,train,정육,T4 구어·문장,0287935d-6e8e-465e-930c-b5e8e06c38c4,탄방 고기돈,삼겹살,탄방새마을 골목형상점가,골목형상점가,대전광역시,,,
3e2c31bb2faca44e2d8d,full_annotation_v1,A,q_정육_17,생닭,식료품 중 '정육'을 판매·제공하는 매장,train,정육,T4 구어·문장,ad0f5630-937c-42d5-98e2-3a23d2a05007,왕성상사,가죽모피,충장로45가 상점가,자율상권구역,광주광역시,,,
1d1cbea5ee96e8510d1b,full_annotation_v1,A,q_정육_17,생닭,식료품 중 '정육'을 판매·제공하는 매장,train,정육,T4 구어·문장,4b2c2759-0072-411b-a164-907a3adc6558,영천닭집,생닭,포항죽도시장,전통시장,경상북도,,,
22321f08848aeecef26d,full_annotation_v1,A,q_정육_17,생닭,식료품 중 '정육'을 판매·제공하는 매장,train,정육,T4 구어·문장,e85ad698-6499-4de2-9d83-4b01ab210dc6,행복닭집,생닭,청주육거리종합시장,전통시장,충청북도,,,
db2084685682fd53fa74,full_annotation_v1,A,q_정육_17,생닭,식료품 중 '정육'을 판매·제공하는 매장,train,정육,T4 구어·문장,18a5619d-c878-4a3c-9fe5-4093460e3df5,주식회사 청년푸줏간,,인천모래내전통시장,전통시장,인천광역시,,,
72d7ae93eacb6cf0f63b,full_annotation_v1,A,q_정육_17,생닭,식료품 중 '정육'을 판매·제공하는 매장,train,정육,T4 구어·문장,564de640-694f-4797-af66-a5d1df9c489f,푸줏간,,김천평화시장,전통시장,경상북도,,,
17754190be74dda026dc,full_annotation_v1,A,q_정육_17,생닭,식료품 중 '정육'을 판매·제공하는 매장,train,정육,T4 구어·문장,00c9508a-1962-4f4c-adc8-c9227046f329,도마정육점,식육,도마큰시장,전통시장,대전광역시,,,
9ba8bf0f3ef9e8df2c1d,full_annotation_v1,A,q_정육_17,생닭,식료품 중 '정육'을 판매·제공하는 매장,train,정육,T4 구어·문장,2a1a8cba-b218-4f1a-8c72-a4003f5821ac,명보상회,생닭,말바우시장,전통시장,광주광역시,,,
9fadf40bc37da668dfc8,full_annotation_v1,A,q_정육_17,생닭,식료품 중 '정육'을 판매·제공하는 매장,train,정육,T4 구어·문장,6c46dc98-d785-401f-a98e-0821931319fc,대동닭집,생닭,대해불빛시장(대해종합시장),전통시장,경상북도,,,
19627afc4978947e5730,full_annotation_v1,A,q_정육_17,생닭,식료품 중 '정육'을 판매·제공하는 매장,train,정육,T4 구어·문장,61b956e1-16b0-4043-b59a-79ce9f36b148,글로벌 네트웍스,핸드폰,계림중앙필문로 골목형상점가,골목형상점가,광주광역시,,,
6c241d7dcf60437d64c9,full_annotation_v1,A,q_정육_17,생닭,식료품 중 '정육'을 판매·제공하는 매장,train,정육,T4 구어·문장,01c857cd-3f28-4d83-8fa4-e0abcfb44fbd,수연국밥,국밥,두암사거리 골목형상점가,골목형상점가,광주광역시,,,
cc3f728b0a76a33717fa,full_annotation_v1,A,q_정육_17,생닭,식료품 중 '정육'을 판매·제공하는 매장,train,정육,T4 구어·문장,10858af1-0e22-4ff4-83d3-c0e0bf8f16de,아리촌생닭,생닭,대동시장,전통시장,대구광역시,,,
c990393a0882167ea2ad,full_annotation_v1,A,q_정육_17,생닭,식료품 중 '정육'을 판매·제공하는 매장,train,정육,T4 구어·문장,481145b8-bc3b-49c2-8ba3-18a08a17e453,중앙닭집,생닭,고한구공탄시장(고한시장),전통시장,강원특별자치도,,,
ec63737773b1dfce5def,full_annotation_v1,A,q_정육_17,생닭,식료품 중 '정육'을 판매·제공하는 매장,train,정육,T4 구어·문장,1ad259b8-a67b-4e69-aca5-cc2f5f2549c4,금성닭집,생닭,성환이화시장,전통시장,충청남도,,,
81992e2aca5dffe04ca8,full_annotation_v1,A,q_정육_17,생닭,식료품 중 '정육'을 판매·제공하는 매장,train,정육,T4 구어·문장,004961cf-a775-4bcc-87a9-067c385bb9e7,삼미식육,식육,구포축산물도매시장,전통시장,부산광역시,,,
3258a0e668678eac7fd3,full_annotation_v1,A,q_정육_17,생닭,식료품 중 '정육'을 판매·제공하는 매장,train,정육,T4 구어·문장,77fbc54b-20f2-48d8-92a8-b00c7caab7f5,꼬꼬닭치킨,생닭,부천상동시장,전통시장,경기도,,,
582ff0c6f3a4bc065d91,full_annotation_v1,A,q_정육_17,생닭,식료품 중 '정육'을 판매·제공하는 매장,train,정육,T4 구어·문장,809ae817-2fd0-45d8-b566-4b8122903eb5,금성상회,생닭,부평종합시장,전통시장,인천광역시,,,
549bb98581a3c927f9e8,full_annotation_v1,A,q_정육_17,생닭,식료품 중 '정육'을 판매·제공하는 매장,train,정육,T4 구어·문장,00e45da9-1bb4-42fa-b0a8-63cdcea52143,수유중앙축산물백화점,정육,수유중앙시장,전통시장,서울특별시,,,
78a0220b4b767c77d71b,full_annotation_v1,A,q_정육_17,생닭,식료품 중 '정육'을 판매·제공하는 매장,train,정육,T4 구어·문장,4d4277a6-ca40-4af5-a372-874f54352fb3,대운통닭,생닭,하양꿈바우시장,전통시장,경상북도,,,
355bd2e914af5b9aab93,full_annotation_v1,A,q_정육_17,생닭,식료품 중 '정육'을 판매·제공하는 매장,train,정육,T4 구어·문장,522a0557-0090-46b5-a7bd-9911842e5db7,대성상회,생닭,부산산업용재유통상가,전통시장,부산광역시,,,
5405c47e20d390b4c919,full_annotation_v1,A,q_정육_17,생닭,식료품 중 '정육'을 판매·제공하는 매장,train,정육,T4 구어·문장,432611e2-f1d6-4fbd-af91-4a4c0dab133d,하림괴산닭집,생닭,복대가경시장,전통시장,충청북도,,,
483cc4c6e143c9cea75e,full_annotation_v1,A,q_정육_17,생닭,식료품 중 '정육'을 판매·제공하는 매장,train,정육,T4 구어·문장,6c262757-e442-4bcd-a86b-51ddee569d3b,대왕닭집,생닭,정읍샘고을시장,전통시장,전북특별자치도,,,
d809c13888f14fb89ee1,full_annotation_v1,A,q_정육_17,생닭,식료품 중 '정육'을 판매·제공하는 매장,train,정육,T4 구어·문장,a15865f9-1393-4304-9ce3-6db322a65538,상남닭,생닭,창원 상남시장,전통시장,경상남도,,,
71888103475f8fee621e,full_annotation_v1,A,q_정육_17,생닭,식료품 중 '정육'을 판매·제공하는 매장,train,정육,T4 구어·문장,db1ae0f7-c28d-4b59-b8e1-09345307c9a9,스마일유통,생닭,동원전통종합시장,전통시장,서울특별시,,,
856c5c3600cb77012685,full_annotation_v1,A,q_정육_17,생닭,식료품 중 '정육'을 판매·제공하는 매장,train,정육,T4 구어·문장,e2f48aa1-9ee8-447c-9656-3ad561d844c1,꼬꼬통닭,생닭,수정전통시장,전통시장,부산광역시,,,
49d4dac024931d33d7b3,full_annotation_v1,A,q_정육_17,생닭,식료품 중 '정육'을 판매·제공하는 매장,train,정육,T4 구어·문장,3e6a2059-5bed-44e4-b9cc-a39468de8043,준이네 푸줏간,,연동시장,전통시장,부산광역시,,,
6f3ada6d8b7ede3db3bb,full_annotation_v1,A,q_정육_17,생닭,식료품 중 '정육'을 판매·제공하는 매장,train,정육,T4 구어·문장,022fb5a6-69f4-4765-88db-4228cac2ef69,랭상1992,삼겹살,오치2동 골목형상점가,골목형상점가,광주광역시,,,
3b9016dc5679bb940ed6,full_annotation_v1,A,q_정육_17,생닭,식료품 중 '정육'을 판매·제공하는 매장,train,정육,T4 구어·문장,5f29644d-e133-4f77-9c8e-636d9b465a3d,영천닭집,생닭,동구시장,전통시장,대구광역시,,,
4d27800cbd1f5a27f034,full_annotation_v1,A,q_정육_17,생닭,식료품 중 '정육'을 판매·제공하는 매장,train,정육,T4 구어·문장,0072ddc8-1b0b-4a64-b9d0-9eb309854f0c,오뚜기정육점,정육,김제중앙시장,전통시장,전북특별자치도,,,
158e2745ed7103cdb79e,full_annotation_v1,A,q_정육_17,생닭,식료품 중 '정육'을 판매·제공하는 매장,train,정육,T4 구어·문장,0367e5f3-1bf4-4d8a-bac6-655fcc2eda3f,큰집닭강정,닭강정,신도봉시장,전통시장,서울특별시,,,
0984a6f829ce4d00979b,full_annotation_v1,A,q_정육_17,생닭,식료품 중 '정육'을 판매·제공하는 매장,train,정육,T4 구어·문장,0038f694-919c-4289-8bc1-a5e6549274e1,달인닭강정,닭강정,서귀포매일올레시장,전통시장,제주특별자치도,,,
a1ba0850112871d2e16a,full_annotation_v1,A,q_정육_17,생닭,식료품 중 '정육'을 판매·제공하는 매장,train,정육,T4 구어·문장,2538e343-dfd5-475d-911b-489c58742748,신개념 푸줏간,,새천년 골목형상점가,골목형상점가,경기도,,,
b95028cbba541ea325b1,full_annotation_v1,A,q_정육_17,생닭,식료품 중 '정육'을 판매·제공하는 매장,train,정육,T4 구어·문장,1a12ceed-8e02-4973-bbae-97706cf21909,하림생닭,생닭,용호골목시장,전통시장,부산광역시,,,
011e0bcf1bc5284ae0d9,full_annotation_v1,A,q_정육_17,생닭,식료품 중 '정육'을 판매·제공하는 매장,train,정육,T4 구어·문장,263d4cd1-5a0d-45b6-9e68-b38558e9f160,고깃간,,부평종합시장,전통시장,인천광역시,,,
5a6523823649da020c56,full_annotation_v1,A,q_정육_17,생닭,식료품 중 '정육'을 판매·제공하는 매장,train,정육,T4 구어·문장,5cf6d5ec-ac7b-410e-b794-8a0bf8ced99e,하림생닭,생닭,평화 골목장 골목형상점가,골목형상점가,대구광역시,,,
8c96737572b9cf84ff95,full_annotation_v1,A,q_정육_17,생닭,식료품 중 '정육'을 판매·제공하는 매장,train,정육,T4 구어·문장,6c39cdc5-90fd-46e6-8543-f1d5367412f0,경북통닭,생닭,봉화상설시장,전통시장,경상북도,,,
a71b90eff4b3bcaff1df,full_annotation_v1,A,q_정육_17,생닭,식료품 중 '정육'을 판매·제공하는 매장,train,정육,T4 구어·문장,7c618671-928e-423d-927d-da3f997667c2,스마일유통,생닭,능동로골목시장(자양한강전통시장),전통시장,서울특별시,,,
3bc035902d5021fc1104,full_annotation_v1,A,q_정육_17,생닭,식료품 중 '정육'을 판매·제공하는 매장,train,정육,T4 구어·문장,0aa59efc-5d91-4bde-93b5-98e0c883a238,대한닭집,축산물,서산동부전통시장,전통시장,충청남도,,,
8ccc857273138b3dfc64,full_annotation_v1,A,q_정육_17,생닭,식료품 중 '정육'을 판매·제공하는 매장,train,정육,T4 구어·문장,530b1d1f-37cb-45ab-b5c9-8cd69a50cad4,신광닭집,생닭,남원용남시장,전통시장,전북특별자치도,,,
720f591bb653fbc3c9f3,full_annotation_v1,A,q_정육_17,생닭,식료품 중 '정육'을 판매·제공하는 매장,train,정육,T4 구어·문장,35709e4e-3866-40f2-bcee-fbd5a9ae6aca,서촌회무끼,음식점,세종마을음식문화거리,자율상권구역,서울특별시,,,
b78410a05ba344ec6012,full_annotation_v1,A,q_정육_17,생닭,식료품 중 '정육'을 판매·제공하는 매장,train,정육,T4 구어·문장,bafd2a7e-8bcf-4e1d-8e3b-bed4a46be8f1,석교닭집,생닭,청주육거리종합시장,전통시장,충청북도,,,
40a6933e0ab2497054a8,full_annotation_v1,A,q_정육_17,생닭,식료품 중 '정육'을 판매·제공하는 매장,train,정육,T4 구어·문장,4eaa1b98-4153-4b24-94e3-714232bfa7ed,금호닭집,생닭,금남시장,전통시장,서울특별시,,,
c74fe90dd92a8b1b2fe7,full_annotation_v1,A,q_정육_17,생닭,식료품 중 '정육'을 판매·제공하는 매장,train,정육,T4 구어·문장,a96ea6a5-37d3-40f4-86b2-e9fac37a8a3e,봉화닭집,생닭,"칠성진,경명시장",전통시장,대구광역시,,,
23d0e8d553698567c46c,full_annotation_v1,A,q_정육_17,생닭,식료품 중 '정육'을 판매·제공하는 매장,train,정육,T4 구어·문장,00652de3-165f-4988-9616-0ff0250e851d,합천식육점,,관문상가시장,전통시장,대구광역시,,,
d455960d3f9a757617ca,full_annotation_v1,A,q_정육_17,생닭,식료품 중 '정육'을 판매·제공하는 매장,train,정육,T4 구어·문장,0023ae9b-466c-4881-afd0-ff8ac2890d72,돈.우정육점,식육,여수서시장주변시장,전통시장,전라남도,,,
c2f2748c1a59eb35f237,full_annotation_v1,A,q_정육_17,생닭,식료품 중 '정육'을 판매·제공하는 매장,train,정육,T4 구어·문장,799c0a21-70cc-4029-b9ae-86ec8e7fce5c,일진닭집,생닭,방학동도깨비시장,전통시장,서울특별시,,,
30999e1b317389d48fa2,full_annotation_v1,A,q_정육_17,생닭,식료품 중 '정육'을 판매·제공하는 매장,train,정육,T4 구어·문장,0cdd8c4f-c8ba-4ee7-b611-f76ab3d9504e,제일통닭생닭,통닭 생닭,봉동생강골시장,전통시장,전북특별자치도,,,
32aa2dde2a394a80b07a,full_annotation_v1,A,q_정육_17,생닭,식료품 중 '정육'을 판매·제공하는 매장,train,정육,T4 구어·문장,99229cd5-212f-4115-9e5f-fd35e6f7882d,컴인스톨,컴퓨터 및 주변기기,양원숲길 골목형상점가,골목형상점가,서울특별시,,,
5bf461bb4dcb719dd7c7,full_annotation_v1,A,q_정육_17,생닭,식료품 중 '정육'을 판매·제공하는 매장,train,정육,T4 구어·문장,00889968-cd4d-41f2-8c6f-39e3928858a7,행복한 정육점,고기,테크노밸리 골목형상점가,골목형상점가,대전광역시,,,
77d3ad963efe23a614e8,full_annotation_v1,A,q_정육_17,생닭,식료품 중 '정육'을 판매·제공하는 매장,train,정육,T4 구어·문장,190646ef-8256-4980-8e73-bccca6e867e5,성주생닭,생닭,월촌역시장(구 송현주공시장),전통시장,대구광역시,,,
6c6f0627b82716f04c6f,full_annotation_v1,A,q_정육_17,생닭,식료품 중 '정육'을 판매·제공하는 매장,train,정육,T4 구어·문장,009f034c-8e3b-4a32-aab3-55ece8718004,장봐주는언니 임동점,농수축산물및 가공식품,제니스 골목형상점가,골목형상점가,광주광역시,,,
52328d37049a9a9e2302,full_annotation_v1,A,q_정육_17,생닭,식료품 중 '정육'을 판매·제공하는 매장,train,정육,T4 구어·문장,0091c18f-a074-4703-9af5-05c6495e38af,이지비야,고기,아름다운삼정로 골목형상점가,골목형상점가,광주광역시,,,
6a1696622560910f773a,full_annotation_v1,A,q_정육_17,생닭,식료품 중 '정육'을 판매·제공하는 매장,train,정육,T4 구어·문장,001dda38-7874-4460-b3b0-a5717b6c36d7,오송 곱창,"한우곱창, 한우막창, 한우모듬, 한우대창, 한우염통",오송1산단오스코로골목형상점가,골목형상점가,충청북도,,,
bed8ac5057e316a69f5d,full_annotation_v1,A,q_정육_17,생닭,식료품 중 '정육'을 판매·제공하는 매장,train,정육,T4 구어·문장,434e992e-8dca-4867-adeb-135bfbad4664,시장닭집,생닭,서천특화시장,전통시장,충청남도,,,
e01d9b463787f0933544,full_annotation_v1,A,q_정육_17,생닭,식료품 중 '정육'을 판매·제공하는 매장,train,정육,T4 구어·문장,bff6b2a1-b690-4d7a-b654-d28b9fb6a788,유진닭집,생닭,천안중앙시장,전통시장,충청남도,,,
54a48e955452646b6872,full_annotation_v1,A,q_정육_17,생닭,식료품 중 '정육'을 판매·제공하는 매장,train,정육,T4 구어·문장,65336ea1-d00e-419b-b9d3-df21a22d71e2,글라스원안경렌즈미 양원점,안경 및 콘택트,양원숲길 골목형상점가,골목형상점가,서울특별시,,,
f38e3ce7a2e0e9790b32,full_annotation_v1,A,q_정육_17,생닭,식료품 중 '정육'을 판매·제공하는 매장,train,정육,T4 구어·문장,672f1302-571d-4af3-8fcc-83ddd2caabbc,참고깃간,,명륜시실로 골목형상점가,골목형상점가,부산광역시,,,
21426adbe8e8c265787d,full_annotation_v1,A,q_정육_17,생닭,식료품 중 '정육'을 판매·제공하는 매장,train,정육,T4 구어·문장,a0c8cd56-7305-4e0f-88a3-e37a9d7e7e21,한양닭집,생닭,관악신사시장,전통시장,서울특별시,,,
c144f07697e102b6852d,full_annotation_v1,A,q_정육_17,생닭,식료품 중 '정육'을 판매·제공하는 매장,train,정육,T4 구어·문장,080611f9-2bc6-485c-88ff-62a839f9cbd2,푸줏간 수정점,,황금수정 골목형상점가,골목형상점가,부산광역시,,,
c4697474ec34c4e48472,full_annotation_v1,A,q_정육_17,생닭,식료품 중 '정육'을 판매·제공하는 매장,train,정육,T4 구어·문장,802bf97f-1f4f-4744-9f9f-30ae2e0c5787,할머니닭백화점,생닭,"온양온천시장(온양재래시장, 전통시장)",전통시장,충청남도,,,
79f739ae09682162d7f1,full_annotation_v1,A,q_정육_17,생닭,식료품 중 '정육'을 판매·제공하는 매장,train,정육,T4 구어·문장,2c756f90-ce73-43e3-bb36-a48389b03fdb,소망닭집,생닭,성호시장 골목형상점가,골목형상점가,경기도,,,
86af8566d68cfbe9eba8,full_annotation_v1,A,q_정육_17,생닭,식료품 중 '정육'을 판매·제공하는 매장,train,정육,T4 구어·문장,b3bf351c-f0c6-4f51-abe2-e222fc45a2df,하림닭고기,생닭,문경중앙시장,전통시장,경상북도,,,
f80e3a1cd7ddd0393790,full_annotation_v1,A,q_정육_17,생닭,식료품 중 '정육'을 판매·제공하는 매장,train,정육,T4 구어·문장,0aad5389-cfad-4466-9fe1-d8a04dd60414,시골집숯불갈비,갈비,두암2동광신맨션주변 골목형상점가,골목형상점가,광주광역시,,,
2b030cf01a84b7dd9fce,full_annotation_v1,A,q_정육_17,생닭,식료품 중 '정육'을 판매·제공하는 매장,train,정육,T4 구어·문장,0598b6c8-c45e-444c-9b34-ff024b885ee8,서울갈비,갈비,행복상점가,자율상권구역,경상북도,,,
94680f2b968237b2f95d,full_annotation_v1,A,q_정육_17,생닭,식료품 중 '정육'을 판매·제공하는 매장,train,정육,T4 구어·문장,d54ae0c0-0d1e-4ca2-9f13-54e598693f66,타겟트양복점,남성복 양복,계림중앙필문로 골목형상점가,골목형상점가,광주광역시,,,
ad867ba6b278eaefb70c,full_annotation_v1,A,q_정육_17,생닭,식료품 중 '정육'을 판매·제공하는 매장,train,정육,T4 구어·문장,05be8e6e-05cb-43d5-8c9e-ab68776e957b,낙원갈비집 부천옥길점,,부천 옥길 골목형상점가,골목형상점가,경기도,,,
785c0cd75e1b6e6697fd,full_annotation_v1,A,q_정육_17,생닭,식료품 중 '정육'을 판매·제공하는 매장,train,정육,T4 구어·문장,0031b1fc-4212-4c47-9dad-a8fa10d8bf85,㈜금원유통,축산물,마장축산물시장,전통시장,서울특별시,,,
ff49652f8d321b85fc39,full_annotation_v1,A,q_정육_17,생닭,식료품 중 '정육'을 판매·제공하는 매장,train,정육,T4 구어·문장,55381ed3-042a-4b0e-9695-7b305325bd6e,서울닭유통,생닭,용산용문시장,전통시장,서울특별시,,,
83ad92b3941367707f8b,full_annotation_v1,A,q_정육_17,생닭,식료품 중 '정육'을 판매·제공하는 매장,train,정육,T4 구어·문장,dea19cdb-a33d-4062-a9c2-11ac224378c8,서울닭집,생닭,포항죽도시장,전통시장,경상북도,,,
f9a0389fdf1722553fe4,full_annotation_v1,A,q_정육_17,생닭,식료품 중 '정육'을 판매·제공하는 매장,train,정육,T4 구어·문장,ecbff476-4b21-47b5-9140-f9be7e654944,엔젤피아노앤미술,교육서비스,일곡동(제5지역:제1근린공원 건너편),골목형상점가,광주광역시,,,
d74a606b2f47f8ce1905,full_annotation_v1,A,q_정육_17,생닭,식료품 중 '정육'을 판매·제공하는 매장,train,정육,T4 구어·문장,00e3332a-4796-482d-9660-702bcf084fb0,대흥축산,축산물,가락몰골목형상점가,골목형상점가,서울특별시,,,
60bfcfe5fce7f8fa56e0,full_annotation_v1,A,q_정육_17,생닭,식료품 중 '정육'을 판매·제공하는 매장,train,정육,T4 구어·문장,cdac5070-4d25-4db5-b69c-c1dfba564255,목마와바리스타,휴게음식점,통영 사량도 진촌상가,골목형상점가,경상남도,,,
ffab1674b1466423ba1f,full_annotation_v1,A,q_정육_17,생닭,식료품 중 '정육'을 판매·제공하는 매장,train,정육,T4 구어·문장,1384870e-e91d-4bc8-8d74-bc868333ceb4,해마로,생닭,자마장시장골목형상점가,골목형상점가,서울특별시,,,
8583dba31c9801edd3e9,full_annotation_v1,A,q_정육_17,생닭,식료품 중 '정육'을 판매·제공하는 매장,train,정육,T4 구어·문장,41d11001-9d7b-4965-9bae-0af94922cf12,철이네고깃간(중흥점),,유동 경열로 골목형상점가,골목형상점가,광주광역시,,,
db6de524355cbc3ca348,full_annotation_v1,A,q_정육_17,생닭,식료품 중 '정육'을 판매·제공하는 매장,train,정육,T4 구어·문장,8fe99e86-3d31-4c90-9ad0-4a015dbc71bc,달서생닭,생닭,달서시장,전통시장,대구광역시,,,
c6ce48faf40f436b4b79,full_annotation_v1,A,q_정육_17,생닭,식료품 중 '정육'을 판매·제공하는 매장,train,정육,T4 구어·문장,00ac87c2-aed5-4a62-8b09-76cbea625145,내고향청보리한우직판장,소고기 돼지고기,마륵동상인회 골목형상점가,골목형상점가,광주광역시,,,
f10883738a93dc37f6bb,full_annotation_v1,A,q_정육_17,생닭,식료품 중 '정육'을 판매·제공하는 매장,train,정육,T4 구어·문장,02cebcf5-9e57-4988-adb9-85afcb577ccd,백미옥,국밥,한마음,골목형상점가,광주광역시,,,
73c2c7db15744e5e55ae,full_annotation_v1,A,q_정육_17,생닭,식료품 중 '정육'을 판매·제공하는 매장,train,정육,T4 구어·문장,e2533e28-a259-42f4-b9d7-30e38471a72c,체리부로닭집,생닭,남구로시장,전통시장,서울특별시,,,
eaf91c05b5975d0f2712,full_annotation_v1,A,q_정육_17,생닭,식료품 중 '정육'을 판매·제공하는 매장,train,정육,T4 구어·문장,003a1767-bcd6-410b-809e-d4b059ce50c6,홍성토종한우,,어울림 아차산 골목형상점가,골목형상점가,서울특별시,,,
9c7c4bb3853af83c13f6,full_annotation_v1,A,q_정육_17,생닭,식료품 중 '정육'을 판매·제공하는 매장,train,정육,T4 구어·문장,008615e0-6a3d-45a3-b0ce-af168ae6e16e,행담정육점,소고기 돼지고기 정육,대곡시장,전통시장,대구광역시,,,
98029fd122d2a0e081a0,full_annotation_v1,A,q_정육_17,생닭,식료품 중 '정육'을 판매·제공하는 매장,train,정육,T4 구어·문장,5f9a08dd-48d2-4870-85aa-7e51fd2fa0f7,올품닭고기직판장괴산점,생닭,괴산시장,전통시장,충청북도,,,
040722eaada10965c264,full_annotation_v1,A,q_정육_17,생닭,식료품 중 '정육'을 판매·제공하는 매장,train,정육,T4 구어·문장,732a2098-9610-4235-8efe-dd87f4e71e72,고향닭집,생닭,함양 한들 자율상권구역,,경상남도,,,
f792646c29197fc0f06d,full_annotation_v1,A,q_정육_17,생닭,식료품 중 '정육'을 판매·제공하는 매장,train,정육,T4 구어·문장,d08d396f-d641-43ec-908b-f62956023b70,시장닭집,생닭,영해만세시장(구 영해시장),전통시장,경상북도,,,
1490da09aac2ec28f7c2,full_annotation_v1,A,q_정육_17,생닭,식료품 중 '정육'을 판매·제공하는 매장,train,정육,T4 구어·문장,28753b89-41b5-46fc-99e4-fa7414b703b8,해운대 광순이네 고깃간,,좌동재래시장,전통시장,부산광역시,,,
d9887e346b39bd579ac9,full_annotation_v1,A,q_정육_17,생닭,식료품 중 '정육'을 판매·제공하는 매장,train,정육,T4 구어·문장,06d79882-5e98-4cba-9122-d5327e6b25a1,시장닭집,생닭,부안상설시장,전통시장,전북특별자치도,,,
64e414363dba1a6977a8,full_annotation_v1,A,q_정육_17,생닭,식료품 중 '정육'을 판매·제공하는 매장,train,정육,T4 구어·문장,83962f28-32c4-4c5f-a96a-f1d1145281b2,시장닭집,생닭,남목전통시장,전통시장,울산광역시,,,
9398851995a5c3c2b076,full_annotation_v1,A,q_정육_17,생닭,식료품 중 '정육'을 판매·제공하는 매장,train,정육,T4 구어·문장,3493643f-26a2-46c8-896e-e939c5553fa4,동우통닭,생닭,성당시장,전통시장,대구광역시,,,
ff7b5e4f194f47d4cfc5,full_annotation_v1,A,q_정육_17,생닭,식료품 중 '정육'을 판매·제공하는 매장,train,정육,T4 구어·문장,1cf1272f-8eea-4199-86a2-680367e1c09c,모모닭집,생닭,내토전통시장,전통시장,충청북도,,,
d4a5c99334df79722c0e,full_annotation_v1,A,q_정육_17,생닭,식료품 중 '정육'을 판매·제공하는 매장,train,정육,T4 구어·문장,0363b125-0829-46ae-b0be-f23ada850390,정성육회울산송정점,한우뭉티기&한우육회,송정청춘 골목형상점가,골목형상점가,울산광역시,,,
4d41efcb93a04827d580,full_annotation_v1,A,q_정육_17,생닭,식료품 중 '정육'을 판매·제공하는 매장,train,정육,T4 구어·문장,1c8bec1a-f14d-484e-a8e2-ac4c70dc54f6,모아닭집,생닭,부천신흥시장,전통시장,경기도,,,
72363459e1c2035d0cf7,full_annotation_v1,A,q_정육_17,생닭,식료품 중 '정육'을 판매·제공하는 매장,train,정육,T4 구어·문장,01286ec0-50e0-4540-b678-ec706fb3bcbb,설곰식당,식당,산업용재관,전통시장,대구광역시,,,
520dfd039ec080cb2262,full_annotation_v1,A,q_정육_17,생닭,식료품 중 '정육'을 판매·제공하는 매장,train,정육,T4 구어·문장,4cb57c2f-5931-492c-915b-8ad3d77f9e89,성진유통,생닭,시흥삼미시장,전통시장,경기도,,,
aaaac9cc7900a22a4da1,full_annotation_v1,A,q_정육_17,생닭,식료품 중 '정육'을 판매·제공하는 매장,train,정육,T4 구어·문장,4da439b1-78b3-4e6b-bdaa-f36f2951e6d6,신서울닭집,생닭,경산공설시장,전통시장,경상북도,,,
181f4f013d856796c6e2,full_annotation_v1,A,q_정육_17,생닭,식료품 중 '정육'을 판매·제공하는 매장,train,정육,T4 구어·문장,00027601-43e6-4d9a-a358-150cc014fe4c,닭장수후라이드,치킨,한솔동 5~6단지상점가,자율상권구역,세종특별자치시,,,
5b2210fa3777db651d24,full_annotation_v1,A,q_정육_17,생닭,식료품 중 '정육'을 판매·제공하는 매장,train,정육,T4 구어·문장,e8230c5d-f8fb-4b51-9e5a-2707af270a60,계림생닭,생닭,장림골목시장,전통시장,부산광역시,,,
50b8dd52b529f30d86dd,full_annotation_v1,A,q_정육_17,생닭,식료품 중 '정육'을 판매·제공하는 매장,train,정육,T4 구어·문장,8176e569-9284-4c81-a834-b0b81c8ef49d,의성농산물,생닭,번개시장,전통시장,대구광역시,,,
7a128ebf8160ebab8ac5,full_annotation_v1,A,q_정육_17,생닭,식료품 중 '정육'을 판매·제공하는 매장,train,정육,T4 구어·문장,00f60c16-d8be-497f-80f2-aab3209a8d0e,포카포카,식당,전남여고후문 골목형상점가,골목형상점가,광주광역시,,,
c44497e2a6a8baac87d8,full_annotation_v1,A,q_정육_17,생닭,식료품 중 '정육'을 판매·제공하는 매장,train,정육,T4 구어·문장,90b397cc-db2e-4906-9ed8-82e1016d1ac4,싱싱수산2,수산물,무거현대시장,골목형상점가,울산광역시,,,
26957385626cfea74c32,full_annotation_v1,A,q_정육_17,생닭,식료품 중 '정육'을 판매·제공하는 매장,train,정육,T4 구어·문장,032b7c2d-89ad-4b7e-9563-c9c67c6381a9,명품한우,한우,신포동개항길골목형상점가,골목형상점가,인천광역시,,,
6daf48305375c7130457,full_annotation_v1,A,q_정육_17,생닭,식료품 중 '정육'을 판매·제공하는 매장,train,정육,T4 구어·문장,00bdaed4-8c0c-4e39-9198-736e0be49945,대신식육,식육,중앙식료시장(중앙먹통시장),전통시장,전라남도,,,
97483ea957af899d4b80,full_annotation_v1,A,q_정육_17,생닭,식료품 중 '정육'을 판매·제공하는 매장,train,정육,T4 구어·문장,00831405-3dce-4f59-90cd-81fc3f837a63,보광축산,정육,원당시장(구 원당전통시장),전통시장,경기도,,,
8b65d01d1892bc6d1b1e,full_annotation_v1,A,q_정육_17,생닭,식료품 중 '정육'을 판매·제공하는 매장,train,정육,T4 구어·문장,fe014456-abf9-42a8-9449-af4d5523e180,제일통닭,생닭,밀양 수산시장,전통시장,경상남도,,,
871418bd4871e62de84a,full_annotation_v1,A,q_정육_17,생닭,식료품 중 '정육'을 판매·제공하는 매장,train,정육,T4 구어·문장,0b1d8447-88e5-4681-a91b-dfacf11955d8,양화정,갈비,합정동먹자골목골목형상점가,골목형상점가,서울특별시,,,
beea2f99c25a812c5b85,full_annotation_v1,A,q_정육_17,생닭,식료품 중 '정육'을 판매·제공하는 매장,train,정육,T4 구어·문장,dce2e81e-54d6-4f72-a28c-4371e26d05e1,보름닭집,생닭,장성중앙시장,전통시장,강원특별자치도,,,
bb5c8b6d5158dbe250ba,full_annotation_v1,A,q_정육_17,생닭,식료품 중 '정육'을 판매·제공하는 매장,train,정육,T4 구어·문장,bec88293-9519-4a75-9ac5-67ad8c92059d,형제닭집,생닭,반딧불이연무시장,전통시장,경기도,,,
d95bf6a2fd2d25528e4b,full_annotation_v1,A,q_정육_17,생닭,식료품 중 '정육'을 판매·제공하는 매장,train,정육,T4 구어·문장,000d4d47-3a3f-4a73-9fce-cd3802a5ebb3,은여우두마리치킨,치킨,봉곡우전로 골목형상점가,골목형상점가,전북특별자치도,,,
9292c5ee763169e6bc63,full_annotation_v1,A,q_정육_17,생닭,식료품 중 '정육'을 판매·제공하는 매장,train,정육,T4 구어·문장,00176890-ac4c-4ce1-bf5b-c5e45dbf9c43,시골정육점,축산,답십리시장,전통시장,서울특별시,,,
72473880f479b9fc7a95,full_annotation_v1,A,q_정육_17,생닭,식료품 중 '정육'을 판매·제공하는 매장,train,정육,T4 구어·문장,00265ad2-bd74-4057-b201-f6a798a8a4c9,칠분통닭오치점,치킨,오치2동 골목형상점가,골목형상점가,광주광역시,,,
84635c4a51f31f2ded84,full_annotation_v1,A,q_정육_17,생닭,식료품 중 '정육'을 판매·제공하는 매장,train,정육,T4 구어·문장,7c3d5d5c-89c6-4161-9c79-899badfede25,고흥닭집,생닭,양동닭전길시장,전통시장,광주광역시,,,
1d37f6619fe339186ef9,full_annotation_v1,A,q_정육_17,생닭,식료품 중 '정육'을 판매·제공하는 매장,train,정육,T4 구어·문장,d9e421c3-bffd-45d9-970e-020e3020e262,서울닭집,생닭,영천공설시장,전통시장,경상북도,,,
0eccd17e7fa7ea1410d5,full_annotation_v1,A,q_정육_17,생닭,식료품 중 '정육'을 판매·제공하는 매장,train,정육,T4 구어·문장,66e692d8-c852-463d-b7dd-aec2d98b76b3,자유닭집,생닭,목포자유시장,전통시장,,,,
7c5a1e07a7fb9c6d451b,full_annotation_v1,A,q_정육_17,생닭,식료품 중 '정육'을 판매·제공하는 매장,train,정육,T4 구어·문장,04564ea5-0be4-4ee2-8519-e8fcaffe3485,쌍둥이국밥,국밥,첨단이웃사랑 골목형상점가,골목형상점가,광주광역시,,,
ca6dc3c9eec5a960c580,full_annotation_v1,A,q_정육_17,생닭,식료품 중 '정육'을 판매·제공하는 매장,train,정육,T4 구어·문장,45b1e166-6fec-4b85-8803-79c566c571a1,용성생닭,생닭,자인공설시장,전통시장,경상북도,,,
e8e5f5dd9103034d5f6f,full_annotation_v1,A,q_정육_17,생닭,식료품 중 '정육'을 판매·제공하는 매장,train,정육,T4 구어·문장,005ea303-f9b7-4f3e-abcc-8460ca84ba44,은성축산물직판장,"도소매(축산물,식육판매)",남문시장,전통시장,서울특별시,,,
e2a08f0134c722129e55,full_annotation_v1,A,q_정육_17,생닭,식료품 중 '정육'을 판매·제공하는 매장,train,정육,T4 구어·문장,4aa4cdf5-44ac-40b7-a5b7-b0dc276deef5,안계유통,생닭,성서와룡시장,전통시장,대구광역시,,,
5041be41780ae7154540,full_annotation_v1,A,q_정육_18,생닭 사는 곳,식료품 중 '정육'을 판매·제공하는 매장,train,정육,T4 구어·문장,5bc5b51c-ad8a-4b04-9739-07153e53a4c0,와룡생닭,생닭,성서와룡시장,전통시장,대구광역시,,,
9c8b6e6fe8f341af94c5,full_annotation_v1,A,q_정육_18,생닭 사는 곳,식료품 중 '정육'을 판매·제공하는 매장,train,정육,T4 구어·문장,0367e5f3-1bf4-4d8a-bac6-655fcc2eda3f,큰집닭강정,닭강정,신도봉시장,전통시장,서울특별시,,,
f9e12e72d3fcd00ea6c7,full_annotation_v1,A,q_정육_18,생닭 사는 곳,식료품 중 '정육'을 판매·제공하는 매장,train,정육,T4 구어·문장,0091c18f-a074-4703-9af5-05c6495e38af,이지비야,고기,아름다운삼정로 골목형상점가,골목형상점가,광주광역시,,,
1ffafc7cf61ea741bb66,full_annotation_v1,A,q_정육_18,생닭 사는 곳,식료품 중 '정육'을 판매·제공하는 매장,train,정육,T4 구어·문장,bff6b2a1-b690-4d7a-b654-d28b9fb6a788,유진닭집,생닭,천안중앙시장,전통시장,충청남도,,,
ace9afaab18f54eece46,full_annotation_v1,A,q_정육_18,생닭 사는 곳,식료품 중 '정육'을 판매·제공하는 매장,train,정육,T4 구어·문장,00027601-43e6-4d9a-a358-150cc014fe4c,닭장수후라이드,치킨,한솔동 5~6단지상점가,자율상권구역,세종특별자치시,,,
d1e6adf0fe68c4afcb03,full_annotation_v1,A,q_정육_18,생닭 사는 곳,식료품 중 '정육'을 판매·제공하는 매장,train,정육,T4 구어·문장,3e6a2059-5bed-44e4-b9cc-a39468de8043,준이네 푸줏간,,연동시장,전통시장,부산광역시,,,
6f0a8aa610f3614ea5f4,full_annotation_v1,A,q_정육_18,생닭 사는 곳,식료품 중 '정육'을 판매·제공하는 매장,train,정육,T4 구어·문장,00f60c16-d8be-497f-80f2-aab3209a8d0e,포카포카,식당,전남여고후문 골목형상점가,골목형상점가,광주광역시,,,
8f29d4bcdda6157d2ac9,full_annotation_v1,A,q_정육_18,생닭 사는 곳,식료품 중 '정육'을 판매·제공하는 매장,train,정육,T4 구어·문장,8fe99e86-3d31-4c90-9ad0-4a015dbc71bc,달서생닭,생닭,달서시장,전통시장,대구광역시,,,
6d58bf59bd5a93d7312b,full_annotation_v1,A,q_정육_18,생닭 사는 곳,식료품 중 '정육'을 판매·제공하는 매장,train,정육,T4 구어·문장,e22061cc-7200-47b1-8a9e-34e399ea641d,서울커텐,잡화,고투몰(강남터미널지하도상점가),일반지하상점가,서울특별시,,,
a11b2c64b3c35bad9f7f,full_annotation_v1,A,q_정육_18,생닭 사는 곳,식료품 중 '정육'을 판매·제공하는 매장,train,정육,T4 구어·문장,3493643f-26a2-46c8-896e-e939c5553fa4,동우통닭,생닭,성당시장,전통시장,대구광역시,,,
bc38d5e02a22e1f41ab8,full_annotation_v1,A,q_정육_18,생닭 사는 곳,식료품 중 '정육'을 판매·제공하는 매장,train,정육,T4 구어·문장,12b9a0cc-65b0-4b20-8c06-789b1873711e,아이하우스안경원,안경,풍동3골목형상점가,골목형상점가,경기도,,,
88240c104cb5088fc102,full_annotation_v1,A,q_정육_18,생닭 사는 곳,식료품 중 '정육'을 판매·제공하는 매장,train,정육,T4 구어·문장,263d4cd1-5a0d-45b6-9e68-b38558e9f160,고깃간,,부평종합시장,전통시장,인천광역시,,,
3e94686e2bafd7a8bbed,full_annotation_v1,A,q_정육_18,생닭 사는 곳,식료품 중 '정육'을 판매·제공하는 매장,train,정육,T4 구어·문장,190646ef-8256-4980-8e73-bccca6e867e5,성주생닭,생닭,월촌역시장(구 송현주공시장),전통시장,대구광역시,,,
21d1eda31de2f43732b3,full_annotation_v1,A,q_정육_18,생닭 사는 곳,식료품 중 '정육'을 판매·제공하는 매장,train,정육,T4 구어·문장,d08d396f-d641-43ec-908b-f62956023b70,시장닭집,생닭,영해만세시장(구 영해시장),전통시장,경상북도,,,
af9ad811c866a1aabd23,full_annotation_v1,A,q_정육_18,생닭 사는 곳,식료품 중 '정육'을 판매·제공하는 매장,train,정육,T4 구어·문장,80e44d9a-6ee9-4ece-8606-ac4b8653e25e,한마음도매닭집,생닭,한민시장,전통시장,대전광역시,,,
1b17bae986a7c852cdb4,full_annotation_v1,A,q_정육_18,생닭 사는 곳,식료품 중 '정육'을 판매·제공하는 매장,train,정육,T4 구어·문장,00831405-3dce-4f59-90cd-81fc3f837a63,보광축산,정육,원당시장(구 원당전통시장),전통시장,경기도,,,
36c2ac001289b1d31c43,full_annotation_v1,A,q_정육_18,생닭 사는 곳,식료품 중 '정육'을 판매·제공하는 매장,train,정육,T4 구어·문장,080611f9-2bc6-485c-88ff-62a839f9cbd2,푸줏간 수정점,,황금수정 골목형상점가,골목형상점가,부산광역시,,,
e0de970eb197004e2eae,full_annotation_v1,A,q_정육_18,생닭 사는 곳,식료품 중 '정육'을 판매·제공하는 매장,train,정육,T4 구어·문장,802bf97f-1f4f-4744-9f9f-30ae2e0c5787,할머니닭백화점,생닭,"온양온천시장(온양재래시장, 전통시장)",전통시장,충청남도,,,
3cc1b3172bdf7510c535,full_annotation_v1,A,q_정육_18,생닭 사는 곳,식료품 중 '정육'을 판매·제공하는 매장,train,정육,T4 구어·문장,0cdd8c4f-c8ba-4ee7-b611-f76ab3d9504e,제일통닭생닭,통닭 생닭,봉동생강골시장,전통시장,전북특별자치도,,,
3382de6a6b3a6d0636ca,full_annotation_v1,A,q_정육_18,생닭 사는 곳,식료품 중 '정육'을 판매·제공하는 매장,train,정육,T4 구어·문장,5de68003-fb44-42da-ba49-74d8dfc1aa36,오품닭,생닭,점촌전통시장,전통시장,경상북도,,,
377715c92ac2605bcabd,full_annotation_v1,A,q_정육_18,생닭 사는 곳,식료품 중 '정육'을 판매·제공하는 매장,train,정육,T4 구어·문장,291c0c60-fa5a-4135-bbd0-b997347d9855,하림닭집,생닭,용현시장,전통시장,인천광역시,,,
078d5cb6393dfedd5821,full_annotation_v1,A,q_정육_18,생닭 사는 곳,식료품 중 '정육'을 판매·제공하는 매장,train,정육,T4 구어·문장,672f1302-571d-4af3-8fcc-83ddd2caabbc,참고깃간,,명륜시실로 골목형상점가,골목형상점가,부산광역시,,,
817e814bb2dbcd48eefd,full_annotation_v1,A,q_정육_18,생닭 사는 곳,식료품 중 '정육'을 판매·제공하는 매장,train,정육,T4 구어·문장,d0a3c40c-9bc7-49fc-8a32-76315f6083cd,명지상회,생닭,대조시장,전통시장,서울특별시,,,
a5168870564836bd5a00,full_annotation_v1,A,q_정육_18,생닭 사는 곳,식료품 중 '정육'을 판매·제공하는 매장,train,정육,T4 구어·문장,039c05c3-9a49-40ec-86ca-28415ca76d25,미쁘다담양식돼지갈비,갈비,용봉지구 골목형상점가,골목형상점가,광주광역시,,,
66a2eca857d0a7b53b2f,full_annotation_v1,A,q_정육_18,생닭 사는 곳,식료품 중 '정육'을 판매·제공하는 매장,train,정육,T4 구어·문장,001dda38-7874-4460-b3b0-a5717b6c36d7,오송 곱창,"한우곱창, 한우막창, 한우모듬, 한우대창, 한우염통",오송1산단오스코로골목형상점가,골목형상점가,충청북도,,,
1b2b9b1c8312b040bab5,full_annotation_v1,A,q_정육_18,생닭 사는 곳,식료품 중 '정육'을 판매·제공하는 매장,train,정육,T4 구어·문장,008615e0-6a3d-45a3-b0ce-af168ae6e16e,행담정육점,소고기 돼지고기 정육,대곡시장,전통시장,대구광역시,,,
b1e3847c923b5a2376de,full_annotation_v1,A,q_정육_18,생닭 사는 곳,식료품 중 '정육'을 판매·제공하는 매장,train,정육,T4 구어·문장,bafd2a7e-8bcf-4e1d-8e3b-bed4a46be8f1,석교닭집,생닭,청주육거리종합시장,전통시장,충청북도,,,
859b3a2c526f37151f36,full_annotation_v1,A,q_정육_18,생닭 사는 곳,식료품 중 '정육'을 판매·제공하는 매장,train,정육,T4 구어·문장,e8230c5d-f8fb-4b51-9e5a-2707af270a60,계림생닭,생닭,장림골목시장,전통시장,부산광역시,,,
86463fba514064b353df,full_annotation_v1,A,q_정육_18,생닭 사는 곳,식료품 중 '정육'을 판매·제공하는 매장,train,정육,T4 구어·문장,0598b6c8-c45e-444c-9b34-ff024b885ee8,서울갈비,갈비,행복상점가,자율상권구역,경상북도,,,
f3787bdf755f828334b6,full_annotation_v1,A,q_정육_18,생닭 사는 곳,식료품 중 '정육'을 판매·제공하는 매장,train,정육,T4 구어·문장,dce2e81e-54d6-4f72-a28c-4371e26d05e1,보름닭집,생닭,장성중앙시장,전통시장,강원특별자치도,,,
8c092daf4fda915ce1c8,full_annotation_v1,A,q_정육_18,생닭 사는 곳,식료품 중 '정육'을 판매·제공하는 매장,train,정육,T4 구어·문장,108b2807-300e-4969-8365-a7b9d8fa10db,경춘선숲길 찰옥수수,옥수수,공릉동도깨비시장,전통시장,서울특별시,,,
bb9f47ff9017d9df6112,full_annotation_v1,A,q_정육_18,생닭 사는 곳,식료품 중 '정육'을 판매·제공하는 매장,train,정육,T4 구어·문장,04281236-3406-42c7-bac5-94bce898079b,경북닭집,생닭,포항죽도시장,전통시장,경상북도,,,
165fb5cf9c770bea64c8,full_annotation_v1,A,q_정육_18,생닭 사는 곳,식료품 중 '정육'을 판매·제공하는 매장,train,정육,T4 구어·문장,fe756c14-6eae-4093-898f-1f79b3672a32,에브리,간이음식,묵동도깨비시장골목형상점가,골목형상점가,서울특별시,,,
b943c515c02d2ec0d1fa,full_annotation_v1,A,q_정육_18,생닭 사는 곳,식료품 중 '정육'을 판매·제공하는 매장,train,정육,T4 구어·문장,2d0ee7e0-59ba-443d-b0e9-eb21997d9227,예주얼리,귀금속 시계,골드테마거리,전통시장,부산광역시,,,
db4dfcd8068a1430a19c,full_annotation_v1,A,q_정육_18,생닭 사는 곳,식료품 중 '정육'을 판매·제공하는 매장,train,정육,T4 구어·문장,0363b125-0829-46ae-b0be-f23ada850390,정성육회울산송정점,한우뭉티기&한우육회,송정청춘 골목형상점가,골목형상점가,울산광역시,,,
ea1534e6b86d1f795bd1,full_annotation_v1,A,q_정육_18,생닭 사는 곳,식료품 중 '정육'을 판매·제공하는 매장,train,정육,T4 구어·문장,a0c8cd56-7305-4e0f-88a3-e37a9d7e7e21,한양닭집,생닭,관악신사시장,전통시장,서울특별시,,,
8df142ca05e415727638,full_annotation_v1,A,q_정육_18,생닭 사는 곳,식료품 중 '정육'을 판매·제공하는 매장,train,정육,T4 구어·문장,01286ec0-50e0-4540-b678-ec706fb3bcbb,설곰식당,식당,산업용재관,전통시장,대구광역시,,,
e3117dbe392a184d7573,full_annotation_v1,A,q_정육_18,생닭 사는 곳,식료품 중 '정육'을 판매·제공하는 매장,train,정육,T4 구어·문장,1c65ca5d-f439-49d8-8833-ac2f4209f3d6,파크랜드,의류,조치원중심가로상점가,자율상권구역,세종특별자치시,,,
44b13db2a269ba769411,full_annotation_v1,A,q_정육_18,생닭 사는 곳,식료품 중 '정육'을 판매·제공하는 매장,train,정육,T4 구어·문장,2538e343-dfd5-475d-911b-489c58742748,신개념 푸줏간,,새천년 골목형상점가,골목형상점가,경기도,,,
185667f5dd22926077bc,full_annotation_v1,A,q_정육_18,생닭 사는 곳,식료품 중 '정육'을 판매·제공하는 매장,train,정육,T4 구어·문장,8176e569-9284-4c81-a834-b0b81c8ef49d,의성농산물,생닭,번개시장,전통시장,대구광역시,,,
229851960780c5a0ebd5,full_annotation_v1,A,q_정육_18,생닭 사는 곳,식료품 중 '정육'을 판매·제공하는 매장,train,정육,T4 구어·문장,032b7c2d-89ad-4b7e-9563-c9c67c6381a9,명품한우,한우,신포동개항길골목형상점가,골목형상점가,인천광역시,,,
3e2d90a570ae6fbd0e4a,full_annotation_v1,A,q_정육_18,생닭 사는 곳,식료품 중 '정육'을 판매·제공하는 매장,train,정육,T4 구어·문장,732a2098-9610-4235-8efe-dd87f4e71e72,고향닭집,생닭,함양 한들 자율상권구역,,경상남도,,,
2ac84b30bc3a2c98ec09,full_annotation_v1,A,q_정육_18,생닭 사는 곳,식료품 중 '정육'을 판매·제공하는 매장,train,정육,T4 구어·문장,0023ae9b-466c-4881-afd0-ff8ac2890d72,돈.우정육점,식육,여수서시장주변시장,전통시장,전라남도,,,
159c87862374788fa466,full_annotation_v1,A,q_정육_18,생닭 사는 곳,식료품 중 '정육'을 판매·제공하는 매장,train,정육,T4 구어·문장,d39b0aea-0016-465c-8aa0-f384f1d80364,성주닭,생닭,대평리시장,전통시장,대구광역시,,,
837a58bce12c40424a16,full_annotation_v1,A,q_정육_18,생닭 사는 곳,식료품 중 '정육'을 판매·제공하는 매장,train,정육,T4 구어·문장,87ed0d62-5055-46c4-95af-2a1fcd6f03f3,인수닭집,생닭,충주무학시장,전통시장,충청북도,,,
cbc9738a9ec6990104de,full_annotation_v1,A,q_정육_18,생닭 사는 곳,식료품 중 '정육'을 판매·제공하는 매장,train,정육,T4 구어·문장,4b2c2759-0072-411b-a164-907a3adc6558,영천닭집,생닭,포항죽도시장,전통시장,경상북도,,,
6176a46286be10d729d1,full_annotation_v1,A,q_정육_18,생닭 사는 곳,식료품 중 '정육'을 판매·제공하는 매장,train,정육,T4 구어·문장,004961cf-a775-4bcc-87a9-067c385bb9e7,삼미식육,식육,구포축산물도매시장,전통시장,부산광역시,,,
5d50ed3b2e1b3ea03a96,full_annotation_v1,A,q_정육_18,생닭 사는 곳,식료품 중 '정육'을 판매·제공하는 매장,train,정육,T4 구어·문장,b9437962-ba21-4657-a5d4-6bda3ce291d8,생닭 삼남매,생닭,청주육거리종합시장,전통시장,충청북도,,,
068dcaefcf2ad86c96c8,full_annotation_v1,A,q_정육_18,생닭 사는 곳,식료품 중 '정육'을 판매·제공하는 매장,train,정육,T4 구어·문장,2786e7ec-adba-445e-b793-6f07ec115e33,시장닭집,생닭,안계정기시장,전통시장,경상북도,,,
eaeff76ff1de216966a3,full_annotation_v1,A,q_정육_18,생닭 사는 곳,식료품 중 '정육'을 판매·제공하는 매장,train,정육,T4 구어·문장,0038f694-919c-4289-8bc1-a5e6549274e1,달인닭강정,닭강정,서귀포매일올레시장,전통시장,제주특별자치도,,,
cf1421d98f3436ff085f,full_annotation_v1,A,q_정육_18,생닭 사는 곳,식료품 중 '정육'을 판매·제공하는 매장,train,정육,T4 구어·문장,003a1767-bcd6-410b-809e-d4b059ce50c6,홍성토종한우,,어울림 아차산 골목형상점가,골목형상점가,서울특별시,,,
25cea0e1a7cca929df1e,full_annotation_v1,A,q_정육_18,생닭 사는 곳,식료품 중 '정육'을 판매·제공하는 매장,train,정육,T4 구어·문장,008f0459-6681-4e70-8149-1a6d9ff1a2a5,육간지,삼겹살,구미 진평음식문화특화거리 골목형상점가,골목형상점가,경상북도,,,
263a87db9cf6c643dcec,full_annotation_v1,A,q_정육_18,생닭 사는 곳,식료품 중 '정육'을 판매·제공하는 매장,train,정육,T4 구어·문장,00bdaed4-8c0c-4e39-9198-736e0be49945,대신식육,식육,중앙식료시장(중앙먹통시장),전통시장,전라남도,,,
edbb5c2d5a0dfff2c329,full_annotation_v1,A,q_정육_18,생닭 사는 곳,식료품 중 '정육'을 판매·제공하는 매장,train,정육,T4 구어·문장,bec88293-9519-4a75-9ac5-67ad8c92059d,형제닭집,생닭,반딧불이연무시장,전통시장,경기도,,,
40a021379bbe54553c58,full_annotation_v1,A,q_정육_18,생닭 사는 곳,식료품 중 '정육'을 판매·제공하는 매장,train,정육,T4 구어·문장,6c46dc98-d785-401f-a98e-0821931319fc,대동닭집,생닭,대해불빛시장(대해종합시장),전통시장,경상북도,,,
6b41eac07c32f1e23d84,full_annotation_v1,A,q_정육_18,생닭 사는 곳,식료품 중 '정육'을 판매·제공하는 매장,train,정육,T4 구어·문장,2743811c-5e71-4d2b-aa75-1b0147d44f2d,사우 꽃이 피는 곳,꽃,김포 풍년마을 골목형상점가,골목형상점가,경기도,,,
18822dd68449741ea247,full_annotation_v1,A,q_정육_18,생닭 사는 곳,식료품 중 '정육'을 판매·제공하는 매장,train,정육,T4 구어·문장,6c39cdc5-90fd-46e6-8543-f1d5367412f0,경북통닭,생닭,봉화상설시장,전통시장,경상북도,,,
0bc05f2a3a102e635e6e,full_annotation_v1,A,q_정육_18,생닭 사는 곳,식료품 중 '정육'을 판매·제공하는 매장,train,정육,T4 구어·문장,02cebcf5-9e57-4988-adb9-85afcb577ccd,백미옥,국밥,한마음,골목형상점가,광주광역시,,,
86205225db9a33fe463a,full_annotation_v1,A,q_정육_18,생닭 사는 곳,식료품 중 '정육'을 판매·제공하는 매장,train,정육,T4 구어·문장,426c9162-f577-4e80-a5d4-1350a1f5c67d,(주)에스디푸드시스템,"냉동식품, 마스크",오정동상점가,자율상권구역,대전광역시,,,
f1d3423bc82c934631e7,full_annotation_v1,A,q_정육_18,생닭 사는 곳,식료품 중 '정육'을 판매·제공하는 매장,train,정육,T4 구어·문장,432611e2-f1d6-4fbd-af91-4a4c0dab133d,하림괴산닭집,생닭,복대가경시장,전통시장,충청북도,,,
6a1e80b501572215db5e,full_annotation_v1,A,q_정육_18,생닭 사는 곳,식료품 중 '정육'을 판매·제공하는 매장,train,정육,T4 구어·문장,522a0557-0090-46b5-a7bd-9911842e5db7,대성상회,생닭,부산산업용재유통상가,전통시장,부산광역시,,,
793bef12ecd5e26522ec,full_annotation_v1,A,q_정육_18,생닭 사는 곳,식료품 중 '정육'을 판매·제공하는 매장,train,정육,T4 구어·문장,003d2015-a21c-44e2-9d66-c6f97ba3c296,집중호우,한우,하단자율상권구역,기타,부산광역시,,,
265f59b7e5c5da1f850c,full_annotation_v1,A,q_정육_18,생닭 사는 곳,식료품 중 '정육'을 판매·제공하는 매장,train,정육,T4 구어·문장,033ab0da-f546-4879-93a7-5bf7e6327bf3,시장식당,국밥,광양5일시장,전통시장,,,,
4d091d254a19d27b8cd4,full_annotation_v1,A,q_정육_18,생닭 사는 곳,식료품 중 '정육'을 판매·제공하는 매장,train,정육,T4 구어·문장,55381ed3-042a-4b0e-9695-7b305325bd6e,서울닭유통,생닭,용산용문시장,전통시장,서울특별시,,,
56ddc1e3767e9cc5186a,full_annotation_v1,A,q_정육_18,생닭 사는 곳,식료품 중 '정육'을 판매·제공하는 매장,train,정육,T4 구어·문장,1ed76550-c553-4221-b277-878f12bc9e5f,성현닭집,생닭,강경대흥시장,전통시장,충청남도,,,
b212b2126411ab57c841,full_annotation_v1,A,q_정육_18,생닭 사는 곳,식료품 중 '정육'을 판매·제공하는 매장,train,정육,T4 구어·문장,c2351ca9-1779-49e8-8cf6-46b5fa862cc1,시장닭집,생닭,군위시장(구 군위전통시장),전통시장,대구광역시,,,
ae9f66cc9ed9ed36f478,full_annotation_v1,A,q_정육_18,생닭 사는 곳,식료품 중 '정육'을 판매·제공하는 매장,train,정육,T4 구어·문장,2e0a7816-a972-4774-a307-04be34aa431c,서민생닭,생닭,칠성시장,전통시장,대구광역시,,,
6d0eb9cea134d64acfb7,full_annotation_v1,A,q_정육_18,생닭 사는 곳,식료품 중 '정육'을 판매·제공하는 매장,train,정육,T4 구어·문장,434e992e-8dca-4867-adeb-135bfbad4664,시장닭집,생닭,서천특화시장,전통시장,충청남도,,,
6c08791fa830b3b4d7c9,full_annotation_v1,A,q_정육_18,생닭 사는 곳,식료품 중 '정육'을 판매·제공하는 매장,train,정육,T4 구어·문장,00265ad2-bd74-4057-b201-f6a798a8a4c9,칠분통닭오치점,치킨,오치2동 골목형상점가,골목형상점가,광주광역시,,,
6529c9a70e265a67e206,full_annotation_v1,A,q_정육_18,생닭 사는 곳,식료품 중 '정육'을 판매·제공하는 매장,train,정육,T4 구어·문장,db1ae0f7-c28d-4b59-b8e1-09345307c9a9,스마일유통,생닭,동원전통종합시장,전통시장,서울특별시,,,
de6eb63cebb9bc84138f,full_annotation_v1,A,q_정육_18,생닭 사는 곳,식료품 중 '정육'을 판매·제공하는 매장,train,정육,T4 구어·문장,ddef66b6-d6b8-44eb-81a4-011fb1c9ad9f,형제닭집,닭,김천평화시장,전통시장,경상북도,,,
04e82b4efc82ad6c3212,full_annotation_v1,A,q_정육_18,생닭 사는 곳,식료품 중 '정육'을 판매·제공하는 매장,train,정육,T4 구어·문장,03f541e1-2781-4bd2-91a9-65b9196d82b4,또래오래치킨&참닭,삼겹살,노대물빛근린공원 골목형상점가,골목형상점가,광주광역시,,,
58be4ca73422278e653f,full_annotation_v1,A,q_정육_18,생닭 사는 곳,식료품 중 '정육'을 판매·제공하는 매장,train,정육,T4 구어·문장,000d4d47-3a3f-4a73-9fce-cd3802a5ebb3,은여우두마리치킨,치킨,봉곡우전로 골목형상점가,골목형상점가,전북특별자치도,,,
a94b353059b6d318c0db,full_annotation_v1,A,q_정육_18,생닭 사는 곳,식료품 중 '정육'을 판매·제공하는 매장,train,정육,T4 구어·문장,4aa4cdf5-44ac-40b7-a5b7-b0dc276deef5,안계유통,생닭,성서와룡시장,전통시장,대구광역시,,,
0257b51d56fd7eab88cd,full_annotation_v1,A,q_정육_18,생닭 사는 곳,식료품 중 '정육'을 판매·제공하는 매장,train,정육,T4 구어·문장,08d16f79-5d88-40cd-bea7-97351d7e85fb,형제닭집,생닭,초량 이음자율상권,,부산광역시,,,
29bef95cbf69fb277a6d,full_annotation_v1,A,q_정육_18,생닭 사는 곳,식료품 중 '정육'을 판매·제공하는 매장,train,정육,T4 구어·문장,0031b1fc-4212-4c47-9dad-a8fa10d8bf85,㈜금원유통,축산물,마장축산물시장,전통시장,서울특별시,,,
84becb6973bc2d55d710,full_annotation_v1,A,q_정육_18,생닭 사는 곳,식료품 중 '정육'을 판매·제공하는 매장,train,정육,T4 구어·문장,0007af17-f23e-49b9-b7c1-5a9968727cfd,오늘닭강정,닭강정,목원대 골목형상점가,골목형상점가,대전광역시,,,
8c4afb08791f8e304077,full_annotation_v1,A,q_정육_18,생닭 사는 곳,식료품 중 '정육'을 판매·제공하는 매장,train,정육,T4 구어·문장,a030e67e-e293-4d93-9347-0d37c4007f3a,영주생닭,식육 생닭,성서와룡시장,전통시장,대구광역시,,,
88b0b85ef14bbece2911,full_annotation_v1,A,q_정육_18,생닭 사는 곳,식료품 중 '정육'을 판매·제공하는 매장,train,정육,T4 구어·문장,004764d4-5ad9-4f22-81bb-48eac27e9e4b,60계치킨 야탑점,치킨,야탑 골목형상점가,골목형상점가,경기도,,,
54e50fdac9cbb44a7187,full_annotation_v1,A,q_정육_18,생닭 사는 곳,식료품 중 '정육'을 판매·제공하는 매장,train,정육,T4 구어·문장,c30fa2ab-144a-43bf-8e62-42b765fca6b0,항도닭집,생닭,군산신영시장,전통시장,전북특별자치도,,,
ae833af812568c270e5e,full_annotation_v1,A,q_정육_18,생닭 사는 곳,식료품 중 '정육'을 판매·제공하는 매장,train,정육,T4 구어·문장,86ddd3a6-557a-49f9-8ea2-0f520c55b844,총각네고깃간,,일곡동(제1지역:자연마을 일동초 거리) 골목형상점가,골목형상점가,,,,
aafec70a5a4eef0075ef,full_annotation_v1,A,q_정육_18,생닭 사는 곳,식료품 중 '정육'을 판매·제공하는 매장,train,정육,T4 구어·문장,1c8bec1a-f14d-484e-a8e2-ac4c70dc54f6,모아닭집,생닭,부천신흥시장,전통시장,경기도,,,
66309ff4ac1f2eee8d95,full_annotation_v1,A,q_정육_18,생닭 사는 곳,식료품 중 '정육'을 판매·제공하는 매장,train,정육,T4 구어·문장,5b9f847b-daa2-4464-81ba-0b4606e4f83b,하림닭집,생닭,울진시장(울진바지게시장),전통시장,경상북도,,,
7f91b1cb8e284566c2bb,full_annotation_v1,A,q_정육_18,생닭 사는 곳,식료품 중 '정육'을 판매·제공하는 매장,train,정육,T4 구어·문장,04564ea5-0be4-4ee2-8519-e8fcaffe3485,쌍둥이국밥,국밥,첨단이웃사랑 골목형상점가,골목형상점가,광주광역시,,,
c5554d3811f59c84345f,full_annotation_v1,A,q_정육_18,생닭 사는 곳,식료품 중 '정육'을 판매·제공하는 매장,train,정육,T4 구어·문장,24456103-f6b8-46af-8655-82e61d7265d8,커피가 머무르는 곳,커피,반드레길골목형상점가,골목형상점가,서울특별시,,,
b9f206e431162b074180,full_annotation_v1,A,q_정육_18,생닭 사는 곳,식료품 중 '정육'을 판매·제공하는 매장,train,정육,T4 구어·문장,5cf6d5ec-ac7b-410e-b794-8a0bf8ced99e,하림생닭,생닭,평화 골목장 골목형상점가,골목형상점가,대구광역시,,,
c33ebb1422026a1337ca,full_annotation_v1,A,q_정육_18,생닭 사는 곳,식료품 중 '정육'을 판매·제공하는 매장,train,정육,T4 구어·문장,1a12ceed-8e02-4973-bbae-97706cf21909,하림생닭,생닭,용호골목시장,전통시장,부산광역시,,,
b5318f9767b64cd81226,full_annotation_v1,A,q_정육_18,생닭 사는 곳,식료품 중 '정육'을 판매·제공하는 매장,train,정육,T4 구어·문장,41d11001-9d7b-4965-9bae-0af94922cf12,철이네고깃간(중흥점),,유동 경열로 골목형상점가,골목형상점가,광주광역시,,,
3f42268666244866322e,full_annotation_v1,A,q_정육_18,생닭 사는 곳,식료품 중 '정육'을 판매·제공하는 매장,train,정육,T4 구어·문장,d1f1de04-6cfd-4cd8-88be-92d712904cbe,참프레,생닭,창원 명서시장,전통시장,경상남도,,,
9460141d72259f57ad0e,full_annotation_v1,A,q_정육_18,생닭 사는 곳,식료품 중 '정육'을 판매·제공하는 매장,train,정육,T4 구어·문장,0120247f-1a8e-4396-882d-6476485c3f9e,사랑채,삼겹살,봉선먹자골목 골목형상점가,골목형상점가,광주광역시,,,
c910a72f860f8b643ab0,full_annotation_v1,A,q_정육_18,생닭 사는 곳,식료품 중 '정육'을 판매·제공하는 매장,train,정육,T4 구어·문장,06d79882-5e98-4cba-9122-d5327e6b25a1,시장닭집,생닭,부안상설시장,전통시장,전북특별자치도,,,
51082d188e5e8f16ef48,full_annotation_v1,A,q_정육_18,생닭 사는 곳,식료품 중 '정육'을 판매·제공하는 매장,train,정육,T4 구어·문장,d6bd669b-d8f6-4a0c-96dc-7b74ec46165f,뜨개질하는 남자,액세서리,단대마트시장,전통시장,경기도,,,
60116652c61d3a794819,full_annotation_v1,A,q_정육_18,생닭 사는 곳,식료품 중 '정육'을 판매·제공하는 매장,train,정육,T4 구어·문장,937c2e49-87fe-4c60-9884-db81b7a1d834,안평통닭,생닭,반송큰시장,전통시장,부산광역시,,,
6d3d5d977f4844c48666,full_annotation_v1,A,q_정육_18,생닭 사는 곳,식료품 중 '정육'을 판매·제공하는 매장,train,정육,T4 구어·문장,00176890-ac4c-4ce1-bf5b-c5e45dbf9c43,시골정육점,축산,답십리시장,전통시장,서울특별시,,,
ee966f0954d593f9e909,full_annotation_v1,A,q_정육_18,생닭 사는 곳,식료품 중 '정육'을 판매·제공하는 매장,train,정육,T4 구어·문장,b2adec91-1d15-48af-ad58-fadccdc1ff3b,아이디헤어 풍동점,헤어 미용,풍동3골목형상점가,골목형상점가,경기도,,,
bbb7b607b8bbc5136bdd,full_annotation_v1,A,q_정육_18,생닭 사는 곳,식료품 중 '정육'을 판매·제공하는 매장,train,정육,T4 구어·문장,5f9a08dd-48d2-4870-85aa-7e51fd2fa0f7,올품닭고기직판장괴산점,생닭,괴산시장,전통시장,충청북도,,,
674b08f7a5a98a3e08f2,full_annotation_v1,A,q_정육_18,생닭 사는 곳,식료품 중 '정육'을 판매·제공하는 매장,train,정육,T4 구어·문장,0130dbd3-b9ea-43f4-98fd-26d8afd90b78,모래내시장순대,식당,전주모래내시장,전통시장,전북특별자치도,,,
a17bafbe2cbc547b4b2e,full_annotation_v1,A,q_정육_18,생닭 사는 곳,식료품 중 '정육'을 판매·제공하는 매장,train,정육,T4 구어·문장,799c0a21-70cc-4029-b9ae-86ec8e7fce5c,일진닭집,생닭,방학동도깨비시장,전통시장,서울특별시,,,
ad434fc2fca4911b162f,full_annotation_v1,A,q_정육_18,생닭 사는 곳,식료품 중 '정육'을 판매·제공하는 매장,train,정육,T4 구어·문장,4eaa1b98-4153-4b24-94e3-714232bfa7ed,금호닭집,생닭,금남시장,전통시장,서울특별시,,,
49802e2d5b2cdc49ac9c,full_annotation_v1,A,q_정육_18,생닭 사는 곳,식료품 중 '정육'을 판매·제공하는 매장,train,정육,T4 구어·문장,18a5619d-c878-4a3c-9fe5-4093460e3df5,주식회사 청년푸줏간,,인천모래내전통시장,전통시장,인천광역시,,,
72172b2043da5f59cb2b,full_annotation_v1,A,q_정육_18,생닭 사는 곳,식료품 중 '정육'을 판매·제공하는 매장,train,정육,T4 구어·문장,00a5a31e-6208-4900-9553-18f188bfcbfc,올바른고깃간일곡점,정육점,일곡동 골목형상점가,골목형상점가,광주광역시,,,
03b2a313144e1d0d4bee,full_annotation_v1,A,q_정육_18,생닭 사는 곳,식료품 중 '정육'을 판매·제공하는 매장,train,정육,T4 구어·문장,efd7b9cb-2a31-42df-bb56-3044d75bbb52,도원생닭,생닭,도원시장,전통시장,대구광역시,,,
784df397491f7bb1c63a,full_annotation_v1,A,q_정육_18,생닭 사는 곳,식료품 중 '정육'을 판매·제공하는 매장,train,정육,T4 구어·문장,c111ac9d-3f3a-405c-a8db-4d127ccda9e2,행복이 있는 곳,잡화,제주로얄쇼핑센터,자율상권구역,제주특별자치도,,,
69962257d3750b8203ef,full_annotation_v1,A,q_정육_18,생닭 사는 곳,식료품 중 '정육'을 판매·제공하는 매장,train,정육,T4 구어·문장,d56dca42-6f86-4f4c-a75c-9cfe5a2724ff,마니커생닭,생닭,마천중앙시장,전통시장,서울특별시,,,
689abac7a41139fe40af,full_annotation_v1,A,q_정육_18,생닭 사는 곳,식료품 중 '정육'을 판매·제공하는 매장,train,정육,T4 구어·문장,e85ad698-6499-4de2-9d83-4b01ab210dc6,행복닭집,생닭,청주육거리종합시장,전통시장,충청북도,,,
49821a2bbe66d79f30ee,full_annotation_v1,A,q_정육_18,생닭 사는 곳,식료품 중 '정육'을 판매·제공하는 매장,train,정육,T4 구어·문장,4f44699e-6e81-465a-9b2e-62b866e492e5,수유닭집,생닭,수유전통시장(구 수유골목시장),전통시장,서울특별시,,,
b99ac78fd861ad4b5fe5,full_annotation_v1,A,q_정육_18,생닭 사는 곳,식료품 중 '정육'을 판매·제공하는 매장,train,정육,T4 구어·문장,e2533e28-a259-42f4-b9d7-30e38471a72c,체리부로닭집,생닭,남구로시장,전통시장,서울특별시,,,
2ab1fb480dde1fa0db44,full_annotation_v1,A,q_정육_18,생닭 사는 곳,식료품 중 '정육'을 판매·제공하는 매장,train,정육,T4 구어·문장,005ea303-f9b7-4f3e-abcc-8460ca84ba44,은성축산물직판장,"도소매(축산물,식육판매)",남문시장,전통시장,서울특별시,,,
0ff0592cdc3f8e324eb7,full_annotation_v1,A,q_정육_18,생닭 사는 곳,식료품 중 '정육'을 판매·제공하는 매장,train,정육,T4 구어·문장,77fbc54b-20f2-48d8-92a8-b00c7caab7f5,꼬꼬닭치킨,생닭,부천상동시장,전통시장,경기도,,,
abe8576ee685288acd60,full_annotation_v1,A,q_정육_18,생닭 사는 곳,식료품 중 '정육'을 판매·제공하는 매장,train,정육,T4 구어·문장,5a85054a-6e31-40f1-b2ef-b3dc14af06ec,한양닭집,생닭,덕풍전통시장,전통시장,경기도,,,
6747be282a5460f4f57a,full_annotation_v1,A,q_정육_18,생닭 사는 곳,식료품 중 '정육'을 판매·제공하는 매장,train,정육,T4 구어·문장,4d4277a6-ca40-4af5-a372-874f54352fb3,대운통닭,생닭,하양꿈바우시장,전통시장,경상북도,,,
c440f8451bfba0f472a9,full_annotation_v1,A,q_정육_18,생닭 사는 곳,식료품 중 '정육'을 판매·제공하는 매장,train,정육,T4 구어·문장,00c9508a-1962-4f4c-adc8-c9227046f329,도마정육점,식육,도마큰시장,전통시장,대전광역시,,,
90bb959d8dd6d7e53ee0,full_annotation_v1,A,q_정육_18,생닭 사는 곳,식료품 중 '정육'을 판매·제공하는 매장,train,정육,T4 구어·문장,009f034c-8e3b-4a32-aab3-55ece8718004,장봐주는언니 임동점,농수축산물및 가공식품,제니스 골목형상점가,골목형상점가,광주광역시,,,
37be22b1374b8f74425b,full_annotation_v1,A,q_정육_18,생닭 사는 곳,식료품 중 '정육'을 판매·제공하는 매장,train,정육,T4 구어·문장,a15865f9-1393-4304-9ce3-6db322a65538,상남닭,생닭,창원 상남시장,전통시장,경상남도,,,
cb7d8c43042979946760,full_annotation_v1,A,q_정육_18,생닭 사는 곳,식료품 중 '정육'을 판매·제공하는 매장,train,정육,T4 구어·문장,db2cd96a-4711-41f9-b1e0-63f227d10a00,형제닭집,생닭,선산봉황시장(구 선산종합시장),전통시장,경상북도,,,
1d9bad4428009c5f5787,full_annotation_v1,A,q_정육_18,생닭 사는 곳,식료품 중 '정육'을 판매·제공하는 매장,train,정육,T4 구어·문장,fff1b9ba-dd78-4487-92df-a1b454c24c25,체리부로,생닭,공릉동도깨비시장,전통시장,서울특별시,,,
3a21c0ed1d7173add044,full_annotation_v1,A,q_정육_18,생닭 사는 곳,식료품 중 '정육'을 판매·제공하는 매장,train,정육,T4 구어·문장,528f5ce4-c743-4120-bcd8-1e82c1271f95,오색축산,생닭,오산오색시장(구 오산중앙시장),전통시장,경기도,,,
84289f476cb5e3f36e46,full_annotation_v1,A,q_정육_18,생닭 사는 곳,식료품 중 '정육'을 판매·제공하는 매장,train,정육,T4 구어·문장,00ac87c2-aed5-4a62-8b09-76cbea625145,내고향청보리한우직판장,소고기 돼지고기,마륵동상인회 골목형상점가,골목형상점가,광주광역시,,,
1c42904040aff5a16e11,full_annotation_v1,A,q_정육_18,생닭 사는 곳,식료품 중 '정육'을 판매·제공하는 매장,train,정육,T4 구어·문장,19de4be7-8c19-4571-809c-2d1d8ecd8cd1,이쁘다꼬,의류,미금현대벤처빌시장,전통시장,경기도,,,
80f6ff9950edd122406f,full_annotation_v1,A,q_정육_18,생닭 사는 곳,식료품 중 '정육'을 판매·제공하는 매장,train,정육,T4 구어·문장,030a5e64-7697-4952-b49b-a7d7f5591a5e,노연닭집,생닭,안계정기시장,전통시장,경상북도,,,
bbeee99b3935959e491e,full_annotation_v1,A,q_정육_18,생닭 사는 곳,식료품 중 '정육'을 판매·제공하는 매장,train,정육,T4 구어·문장,d1adfa6b-6cf2-4190-aae3-6c98d01d1306,중앙닭집,생닭,경주중앙시장,전통시장,경상북도,,,
dcf2354ffc27dd3d5430,full_annotation_v1,A,q_정육_18,생닭 사는 곳,식료품 중 '정육'을 판매·제공하는 매장,train,정육,T4 구어·문장,2f18ee2b-0c51-4b77-83eb-53a9fcf4ff69,S&J,소매업(의류),성남중앙지하시장,일반지하상점가,경기도,,,
99e646ad75b0fe6006ec,full_annotation_v1,A,q_정육_18,생닭 사는 곳,식료품 중 '정육'을 판매·제공하는 매장,train,정육,T4 구어·문장,7c3d5d5c-89c6-4161-9c79-899badfede25,고흥닭집,생닭,양동닭전길시장,전통시장,광주광역시,,,
3b2a39d06cf85e33c0e2,full_annotation_v1,A,q_정육_18,생닭 사는 곳,식료품 중 '정육'을 판매·제공하는 매장,train,정육,T4 구어·문장,aab7f1dd-a8cd-4e9d-9f8e-fa07bfce3cba,시장닭집,생닭,천안중앙시장,전통시장,충청남도,,,
3a6f79ddd362476d127d,full_annotation_v1,A,q_정육_18,생닭 사는 곳,식료품 중 '정육'을 판매·제공하는 매장,train,정육,T4 구어·문장,7692319b-f333-4d22-bc69-e08d42cd683b,시장생닭,생닭,방촌시장,전통시장,대구광역시,,,
3b8a054ba2907da2fdd2,full_annotation_v1,A,q_정육_18,생닭 사는 곳,식료품 중 '정육'을 판매·제공하는 매장,train,정육,T4 구어·문장,000bc123-8986-4a63-bd89-6076138ae351,왕장상회,치킨,자양전통시장,전통시장,서울특별시,,,
826feab027ab29a5e239,full_annotation_v1,A,q_정육_18,생닭 사는 곳,식료품 중 '정육'을 판매·제공하는 매장,train,정육,T4 구어·문장,02235e2b-ba17-4b33-aacc-c1d96790e83e,바다담은구이,식당,정릉시장,전통시장,서울특별시,,,
31e067ff001fdc5d0162,full_annotation_v1,A,q_정육_18,생닭 사는 곳,식료품 중 '정육'을 판매·제공하는 매장,train,정육,T4 구어·문장,003e9326-9010-4e27-b844-c62b81ad2df8,다이소 광주 호남대점,소매,선운별 골목형상점가,골목형상점가,광주광역시,,,
f35333fc3df181ca32e7,full_annotation_v1,A,q_정육_18,생닭 사는 곳,식료품 중 '정육'을 판매·제공하는 매장,train,정육,T4 구어·문장,3dbff6a6-25af-4c70-889a-08b9f02c8386,지현식품,공산품,용산용문시장,전통시장,서울특별시,,,
36f53d484fb0c18147a5,full_annotation_v1,A,q_정육_18,생닭 사는 곳,식료품 중 '정육'을 판매·제공하는 매장,train,정육,T4 구어·문장,564de640-694f-4797-af66-a5d1df9c489f,푸줏간,,김천평화시장,전통시장,경상북도,,,
7658894019ed860c7b9b,full_annotation_v1,A,q_정육_18,생닭 사는 곳,식료품 중 '정육'을 판매·제공하는 매장,train,정육,T4 구어·문장,481145b8-bc3b-49c2-8ba3-18a08a17e453,중앙닭집,생닭,고한구공탄시장(고한시장),전통시장,강원특별자치도,,,
c3a5864a341cc38d7712,full_annotation_v1,A,q_정육_18,생닭 사는 곳,식료품 중 '정육'을 판매·제공하는 매장,train,정육,T4 구어·문장,40ad8835-95b1-418d-9cdc-e93cf9584a55,올품상주대리점,생닭,상주풍물시장,전통시장,경상북도,,,
974462c735e217e7d8d3,full_annotation_v1,A,q_정육_18,생닭 사는 곳,식료품 중 '정육'을 판매·제공하는 매장,train,정육,T4 구어·문장,0034b8e3-c78f-4e08-9a23-2414863de721,정육공방,소고기 돼지고기,구갈상점가,자율상권구역,경기도,,,
4f3092f942122937953d,full_annotation_v1,A,q_정육_18,생닭 사는 곳,식료품 중 '정육'을 판매·제공하는 매장,train,정육,T4 구어·문장,a0184922-b67c-4e20-9136-e8dd1003b093,우리좋은반찬,반찬,자양전통시장,전통시장,서울특별시,,,
63c3de554d630ec425b6,full_annotation_v1,A,q_정육_18,생닭 사는 곳,식료품 중 '정육'을 판매·제공하는 매장,train,정육,T4 구어·문장,b3bf351c-f0c6-4f51-abe2-e222fc45a2df,하림닭고기,생닭,문경중앙시장,전통시장,경상북도,,,
a94d901cae6a4dc7f821,full_annotation_v1,A,q_정육_18,생닭 사는 곳,식료품 중 '정육'을 판매·제공하는 매장,train,정육,T4 구어·문장,28753b89-41b5-46fc-99e4-fa7414b703b8,해운대 광순이네 고깃간,,좌동재래시장,전통시장,부산광역시,,,
c1a0c6f2aeb2dbdd23c8,full_annotation_v1,A,q_정육_18,생닭 사는 곳,식료품 중 '정육'을 판매·제공하는 매장,train,정육,T4 구어·문장,45b1e166-6fec-4b85-8803-79c566c571a1,용성생닭,생닭,자인공설시장,전통시장,경상북도,,,
773209a4fb0019cb32bc,full_annotation_v1,A,q_정육_18,생닭 사는 곳,식료품 중 '정육'을 판매·제공하는 매장,train,정육,T4 구어·문장,4e7b236e-9061-4128-bc16-6def0d8435f0,금산하림생닭,생닭,달서시장,전통시장,대구광역시,,,
03481eeb031eadacad2d,full_annotation_v1,A,q_정육_18,생닭 사는 곳,식료품 중 '정육'을 판매·제공하는 매장,train,정육,T4 구어·문장,5f29644d-e133-4f77-9c8e-636d9b465a3d,영천닭집,생닭,동구시장,전통시장,대구광역시,,,
c290128783017526529e,full_annotation_v1,A,q_정육_18,생닭 사는 곳,식료품 중 '정육'을 판매·제공하는 매장,train,정육,T4 구어·문장,02f9037a-c117-4db4-9d2b-9b78182978f4,반월닭강정치킨,,보령한내시장,전통시장,충청남도,,,
b2f5be337312868607df,full_annotation_v1,A,q_정육_18,생닭 사는 곳,식료품 중 '정육'을 판매·제공하는 매장,train,정육,T4 구어·문장,01e3bdc3-fa69-409b-9f56-9ab1b44ede16,바우닭강정,닭강정,자양전통시장,전통시장,서울특별시,,,
31547d843685de4fea41,full_annotation_v1,A,q_정육_18,생닭 사는 곳,식료품 중 '정육'을 판매·제공하는 매장,train,정육,T4 구어·문장,023a95f4-f5cb-4b2e-b978-690c41d48d54,대송회센타,식당,대송시장,전통시장,울산광역시,,,
3d0cdd6c8865640ea489,full_annotation_v1,A,q_정육_18,생닭 사는 곳,식료품 중 '정육'을 판매·제공하는 매장,train,정육,T4 구어·문장,0b1d8447-88e5-4681-a91b-dfacf11955d8,양화정,갈비,합정동먹자골목골목형상점가,골목형상점가,서울특별시,,,
59e7d54cccf32675fc98,full_annotation_v1,A,q_정육_18,생닭 사는 곳,식료품 중 '정육'을 판매·제공하는 매장,train,정육,T4 구어·문장,530b1d1f-37cb-45ab-b5c9-8cd69a50cad4,신광닭집,생닭,남원용남시장,전통시장,전북특별자치도,,,
e3bcf63dafaf2afb6a3a,full_annotation_v1,A,q_정육_18,생닭 사는 곳,식료품 중 '정육'을 판매·제공하는 매장,train,정육,T4 구어·문장,24d5c8d5-36d4-40d5-9457-7e58b2c21375,체리부로닭집,생닭,대림중앙시장,전통시장,서울특별시,,,
90efff29600b69c6bd6f,full_annotation_v1,A,q_정육_18,생닭 사는 곳,식료품 중 '정육'을 판매·제공하는 매장,train,정육,T4 구어·문장,76a3551b-dae4-4326-92cc-662015aedbfb,쉴 곳,한식,칠성로상점가,자율상권구역,제주특별자치도,,,
a1b0a2ccbe7d7c71be05,full_annotation_v1,A,q_정육_18,생닭 사는 곳,식료품 중 '정육'을 판매·제공하는 매장,train,정육,T4 구어·문장,00652de3-165f-4988-9616-0ff0250e851d,합천식육점,,관문상가시장,전통시장,대구광역시,,,
3a1e9c844d1366bf63e5,full_annotation_v1,A,q_정육_18,생닭 사는 곳,식료품 중 '정육'을 판매·제공하는 매장,train,정육,T4 구어·문장,e2f48aa1-9ee8-447c-9656-3ad561d844c1,꼬꼬통닭,생닭,수정전통시장,전통시장,부산광역시,,,
22b93c93911725550eac,full_annotation_v1,A,q_정육_18,생닭 사는 곳,식료품 중 '정육'을 판매·제공하는 매장,train,정육,T4 구어·문장,00e45da9-1bb4-42fa-b0a8-63cdcea52143,수유중앙축산물백화점,정육,수유중앙시장,전통시장,서울특별시,,,
9b84df12d021ebd59d58,full_annotation_v1,A,q_정육_18,생닭 사는 곳,식료품 중 '정육'을 판매·제공하는 매장,train,정육,T4 구어·문장,022fb5a6-69f4-4765-88db-4228cac2ef69,랭상1992,삼겹살,오치2동 골목형상점가,골목형상점가,광주광역시,,,
867d1f1cc5d7edf63715,full_annotation_v1,A,q_정육_18,생닭 사는 곳,식료품 중 '정육'을 판매·제공하는 매장,train,정육,T4 구어·문장,4da439b1-78b3-4e6b-bdaa-f36f2951e6d6,신서울닭집,생닭,경산공설시장,전통시장,경상북도,,,
f37e87c26c314657fadd,full_annotation_v1,A,q_정육_18,생닭 사는 곳,식료품 중 '정육'을 판매·제공하는 매장,train,정육,T4 구어·문장,5da2f312-0e8c-46f7-9367-2f8b138a482e,우리닭집,생닭,남광주시장,전통시장,광주광역시,,,
0ccaf56dfe0e18e4450e,full_annotation_v1,A,q_정육_18,생닭 사는 곳,식료품 중 '정육'을 판매·제공하는 매장,train,정육,T4 구어·문장,9600d5f2-c078-4d31-b5ea-10d584881404,관문통닭,생닭,관문상가시장,전통시장,대구광역시,,,
59a86e37347b4fadf022,full_annotation_v1,A,q_정육_18,생닭 사는 곳,식료품 중 '정육'을 판매·제공하는 매장,train,정육,T4 구어·문장,d52b1a16-d03f-4e4f-b6b2-e414a5e075ed,시장닭집,생닭,대동시장,전통시장,대구광역시,,,
de747c5f8c2dfd426a8a,full_annotation_v1,A,q_정육_18,생닭 사는 곳,식료품 중 '정육'을 판매·제공하는 매장,train,정육,T4 구어·문장,66e692d8-c852-463d-b7dd-aec2d98b76b3,자유닭집,생닭,목포자유시장,전통시장,,,,
56d3e32cde721eeb1893,full_annotation_v1,A,q_정육_18,생닭 사는 곳,식료품 중 '정육'을 판매·제공하는 매장,train,정육,T4 구어·문장,83962f28-32c4-4c5f-a96a-f1d1145281b2,시장닭집,생닭,남목전통시장,전통시장,울산광역시,,,
781ef0186a293f5fdc9d,full_annotation_v1,A,q_정육_18,생닭 사는 곳,식료품 중 '정육'을 판매·제공하는 매장,train,정육,T4 구어·문장,0008f8f4-4c6e-4c4a-ad64-76aaea3d2d18,대성정육점,정육,평택국제중앙시장,전통시장,경기도,,,
f4f1ef0075433517dbae,full_annotation_v1,A,q_정육_18,생닭 사는 곳,식료품 중 '정육'을 판매·제공하는 매장,train,정육,T4 구어·문장,2641ec74-2dcc-41b7-94a5-42ebf5015e05,싱싱마을,도소매(식용유),마포농수산물시장,전통시장,서울특별시,,,
dcc522dfe874122dfb8f,full_annotation_v1,A,q_정육_18,생닭 사는 곳,식료품 중 '정육'을 판매·제공하는 매장,train,정육,T4 구어·문장,6671d3e9-4fbc-422c-8a39-a1cdec485789,우인유통,생닭,신현회화골목형상점가,골목형상점가,인천광역시,,,
24c487dc5feaca5bd059,full_annotation_v1,A,q_정육_18,생닭 사는 곳,식료품 중 '정육'을 판매·제공하는 매장,train,정육,T4 구어·문장,2c756f90-ce73-43e3-bb36-a48389b03fdb,소망닭집,생닭,성호시장 골목형상점가,골목형상점가,경기도,,,
b2b51ff56e32f6e03fff,full_annotation_v1,A,q_정육_18,생닭 사는 곳,식료품 중 '정육'을 판매·제공하는 매장,train,정육,T4 구어·문장,01c857cd-3f28-4d83-8fa4-e0abcfb44fbd,수연국밥,국밥,두암사거리 골목형상점가,골목형상점가,광주광역시,,,
1715c57bf47aecf560fe,full_annotation_v1,A,q_정육_18,생닭 사는 곳,식료품 중 '정육'을 판매·제공하는 매장,train,정육,T4 구어·문장,09df8f00-fab7-4db4-a7d4-62fa78c42f2d,미래닭집,생닭,경산공설시장,전통시장,경상북도,,,
eff0cf6aec4cd1824ada,full_annotation_v1,A,q_정육_18,생닭 사는 곳,식료품 중 '정육'을 판매·제공하는 매장,train,정육,T4 구어·문장,809ae817-2fd0-45d8-b566-4b8122903eb5,금성상회,생닭,부평종합시장,전통시장,인천광역시,,,
3bea1488af2f4b5d3890,full_annotation_v1,A,q_정육_18,생닭 사는 곳,식료품 중 '정육'을 판매·제공하는 매장,train,정육,T4 구어·문장,d9e421c3-bffd-45d9-970e-020e3020e262,서울닭집,생닭,영천공설시장,전통시장,경상북도,,,
14eed510e77cbe87a770,full_annotation_v1,A,q_정육_18,생닭 사는 곳,식료품 중 '정육'을 판매·제공하는 매장,train,정육,T4 구어·문장,2d39ef2d-730c-4895-bd0b-8527edc23fbc,중앙닭집,생닭,명일전통시장,전통시장,서울특별시,,,
075b77b211d582c860b3,full_annotation_v1,A,q_정육_18,생닭 사는 곳,식료품 중 '정육'을 판매·제공하는 매장,train,정육,T4 구어·문장,0aad5389-cfad-4466-9fe1-d8a04dd60414,시골집숯불갈비,갈비,두암2동광신맨션주변 골목형상점가,골목형상점가,광주광역시,,,
c4cef764d90d455ed779,full_annotation_v1,A,q_정육_18,생닭 사는 곳,식료품 중 '정육'을 판매·제공하는 매장,train,정육,T4 구어·문장,e182294e-5f9c-47ba-8932-c08b75f7c110,소문난생닭,생닭,충주무학시장,전통시장,충청북도,,,
c9aa758994af1963fdf2,full_annotation_v1,A,q_정육_18,생닭 사는 곳,식료품 중 '정육'을 판매·제공하는 매장,train,정육,T4 구어·문장,6c262757-e442-4bcd-a86b-51ddee569d3b,대왕닭집,생닭,정읍샘고을시장,전통시장,전북특별자치도,,,
712fc452d2ca9859731d,full_annotation_v1,A,q_정육_18,생닭 사는 곳,식료품 중 '정육'을 판매·제공하는 매장,train,정육,T4 구어·문장,86df58ce-1830-48c0-b9ff-d9c29bdcefb5,쑥굴레,쑥굴레,목포원도심상점가,자율상권구역,전라남도,,,
cb81d53471964f27c114,full_annotation_v1,A,q_정육_18,생닭 사는 곳,식료품 중 '정육'을 판매·제공하는 매장,train,정육,T4 구어·문장,00e3332a-4796-482d-9660-702bcf084fb0,대흥축산,축산물,가락몰골목형상점가,골목형상점가,서울특별시,,,
805b3d37949d0531b33f,full_annotation_v1,A,q_정육_18,생닭 사는 곳,식료품 중 '정육'을 판매·제공하는 매장,train,정육,T4 구어·문장,dea19cdb-a33d-4062-a9c2-11ac224378c8,서울닭집,생닭,포항죽도시장,전통시장,경상북도,,,
394a182c17b96495d152,full_annotation_v1,A,q_정육_18,생닭 사는 곳,식료품 중 '정육'을 판매·제공하는 매장,train,정육,T4 구어·문장,00889968-cd4d-41f2-8c6f-39e3928858a7,행복한 정육점,고기,테크노밸리 골목형상점가,골목형상점가,대전광역시,,,
4662ca5ce333e01d8936,full_annotation_v1,A,q_정육_18,생닭 사는 곳,식료품 중 '정육'을 판매·제공하는 매장,train,정육,T4 구어·문장,05be8e6e-05cb-43d5-8c9e-ab68776e957b,낙원갈비집 부천옥길점,,부천 옥길 골목형상점가,골목형상점가,경기도,,,
d91c914323acbbd62fdc,full_annotation_v1,A,q_정육_18,생닭 사는 곳,식료품 중 '정육'을 판매·제공하는 매장,train,정육,T4 구어·문장,10858af1-0e22-4ff4-83d3-c0e0bf8f16de,아리촌생닭,생닭,대동시장,전통시장,대구광역시,,,
82529c0124f84452f84a,full_annotation_v1,A,q_정육_18,생닭 사는 곳,식료품 중 '정육'을 판매·제공하는 매장,train,정육,T4 구어·문장,7c618671-928e-423d-927d-da3f997667c2,스마일유통,생닭,능동로골목시장(자양한강전통시장),전통시장,서울특별시,,,
54009254ba319089ff6b,full_annotation_v1,A,q_정육_18,생닭 사는 곳,식료품 중 '정육'을 판매·제공하는 매장,train,정육,T4 구어·문장,0287935d-6e8e-465e-930c-b5e8e06c38c4,탄방 고기돈,삼겹살,탄방새마을 골목형상점가,골목형상점가,대전광역시,,,
576d73271777380804fe,full_annotation_v1,A,q_정육_18,생닭 사는 곳,식료품 중 '정육'을 판매·제공하는 매장,train,정육,T4 구어·문장,01b7e8c6-feb8-4cff-a63e-2376ae18dd41,원조생굴뚝배기,국밥,고령대가야시장,전통시장,경상북도,,,
13ab0f74f59cb66b7c33,full_annotation_v1,A,q_정육_18,생닭 사는 곳,식료품 중 '정육'을 판매·제공하는 매장,train,정육,T4 구어·문장,0072ddc8-1b0b-4a64-b9d0-9eb309854f0c,오뚜기정육점,정육,김제중앙시장,전통시장,전북특별자치도,,,
53a609042b51aad4bbc7,full_annotation_v1,A,q_정육_18,생닭 사는 곳,식료품 중 '정육'을 판매·제공하는 매장,train,정육,T4 구어·문장,5084bf16-7676-4c24-a0e9-6221f8a6b65f,대구닭집,생닭,칠성본시장,전통시장,대구광역시,,,
f84aa4bca9441033683b,full_annotation_v1,A,q_정육_19,한우 먹을 수 있는 식당,식료품 중 '정육'을 판매·제공하는 매장,train,정육,T4 구어·문장,45a09330-9153-49d1-9a60-11771ff6f7f0,우둥한우 정육,한우,빛가람 하나로 골목형상점가,골목형상점가,전라남도,,,
a109583d413c7ea5f482,full_annotation_v1,A,q_정육_19,한우 먹을 수 있는 식당,식료품 중 '정육'을 판매·제공하는 매장,train,정육,T4 구어·문장,0367e5f3-1bf4-4d8a-bac6-655fcc2eda3f,큰집닭강정,닭강정,신도봉시장,전통시장,서울특별시,,,
22f95e7cf2a8a053772b,full_annotation_v1,A,q_정육_19,한우 먹을 수 있는 식당,식료품 중 '정육'을 판매·제공하는 매장,train,정육,T4 구어·문장,4d777d02-6931-42b3-990b-08ca04587f8a,수 정보통신,휴대폰,둔전골목형상점가,골목형상점가,경기도,,,
9703af33b6b6d4a0ec72,full_annotation_v1,A,q_정육_19,한우 먹을 수 있는 식당,식료품 중 '정육'을 판매·제공하는 매장,train,정육,T4 구어·문장,263d4cd1-5a0d-45b6-9e68-b38558e9f160,고깃간,,부평종합시장,전통시장,인천광역시,,,
bf639440fd5f05fcd788,full_annotation_v1,A,q_정육_19,한우 먹을 수 있는 식당,식료품 중 '정육'을 판매·제공하는 매장,train,정육,T4 구어·문장,91425ef0-f0bf-4080-823f-1fc07d4a9b53,우뜸,한우,혁신도시5구역골목형상점가,골목형상점가,강원특별자치도,,,
bdaf660f20c177794c9c,full_annotation_v1,A,q_정육_19,한우 먹을 수 있는 식당,식료품 중 '정육'을 판매·제공하는 매장,train,정육,T4 구어·문장,ed256acc-1701-4a94-944f-a2344b0a492f,온실49,한우,장안마실골목형상점가,골목형상점가,서울특별시,,,
a949e02b6abfaf91d0b3,full_annotation_v1,A,q_정육_19,한우 먹을 수 있는 식당,식료품 중 '정육'을 판매·제공하는 매장,train,정육,T4 구어·문장,2b7a9d4a-0f61-49d5-923a-d919928fceb3,수 노래연습장,,별내화접 골목형상점가,골목형상점가,경기도,,,
84a6ea6abe0cd8e6ba0d,full_annotation_v1,A,q_정육_19,한우 먹을 수 있는 식당,식료품 중 '정육'을 판매·제공하는 매장,train,정육,T4 구어·문장,1942cfd1-b53b-4ff0-8665-c3a7275869f9,함밭식당,한우,백년소상공인,기타,강원특별자치도,,,
d6058a3cf2ce2504e80f,full_annotation_v1,A,q_정육_19,한우 먹을 수 있는 식당,식료품 중 '정육'을 판매·제공하는 매장,train,정육,T4 구어·문장,d11090d7-20e2-46be-9ff4-b40f0f461f46,우직,한우,세종마을음식문화거리,자율상권구역,서울특별시,,,
8a683c1f5fffe8d1f4b9,full_annotation_v1,A,q_정육_19,한우 먹을 수 있는 식당,식료품 중 '정육'을 판매·제공하는 매장,train,정육,T4 구어·문장,53577a20-a7e8-45db-956d-a5d8510da2ee,대오리식당,식당,봉동생강골시장,전통시장,전북특별자치도,,,
c6905e7e43baa30d8e6d,full_annotation_v1,A,q_정육_19,한우 먹을 수 있는 식당,식료품 중 '정육'을 판매·제공하는 매장,train,정육,T4 구어·문장,0023ae9b-466c-4881-afd0-ff8ac2890d72,돈.우정육점,식육,여수서시장주변시장,전통시장,전라남도,,,
62aa271525faf57d4633,full_annotation_v1,A,q_정육_19,한우 먹을 수 있는 식당,식료품 중 '정육'을 판매·제공하는 매장,train,정육,T4 구어·문장,cfedeedf-b3f3-40a6-9a9f-6648ba2201f5,언칼국수,식당,금촌문화로시장,전통시장,경기도,,,
5a5b6e7c7e1b9f6105db,full_annotation_v1,A,q_정육_19,한우 먹을 수 있는 식당,식료품 중 '정육'을 판매·제공하는 매장,train,정육,T4 구어·문장,4f38222a-e9d6-4e48-a2cd-0f8dc785142c,옥반,식당,신창동일번국도가구의거리 골목형상점가,골목형상점가,광주광역시,,,
f5ab55650b2402b1fd96,full_annotation_v1,A,q_정육_19,한우 먹을 수 있는 식당,식료품 중 '정육'을 판매·제공하는 매장,train,정육,T4 구어·문장,008615e0-6a3d-45a3-b0ce-af168ae6e16e,행담정육점,소고기 돼지고기 정육,대곡시장,전통시장,대구광역시,,,
2d9ffdfe2245d945ef29,full_annotation_v1,A,q_정육_19,한우 먹을 수 있는 식당,식료품 중 '정육'을 판매·제공하는 매장,train,정육,T4 구어·문장,0aad5389-cfad-4466-9fe1-d8a04dd60414,시골집숯불갈비,갈비,두암2동광신맨션주변 골목형상점가,골목형상점가,광주광역시,,,
12ea39b18b670808134a,full_annotation_v1,A,q_정육_19,한우 먹을 수 있는 식당,식료품 중 '정육'을 판매·제공하는 매장,train,정육,T4 구어·문장,c30c45c5-ab98-4e5c-9448-baf3312d13c5,짱구식당,식당,남해전통시장,전통시장,경상남도,,,
726d8f4b1bffefed0e9c,full_annotation_v1,A,q_정육_19,한우 먹을 수 있는 식당,식료품 중 '정육'을 판매·제공하는 매장,train,정육,T4 구어·문장,739da621-c71b-469b-85a9-1a48783398e0,강릉한우,한우,포남용마거리골목형상점가,골목형상점가,강원특별자치도,,,
cb7fe04e3825290c9b93,full_annotation_v1,A,q_정육_19,한우 먹을 수 있는 식당,식료품 중 '정육'을 판매·제공하는 매장,train,정육,T4 구어·문장,02f9037a-c117-4db4-9d2b-9b78182978f4,반월닭강정치킨,,보령한내시장,전통시장,충청남도,,,
233b9563186614f25f78,full_annotation_v1,A,q_정육_19,한우 먹을 수 있는 식당,식료품 중 '정육'을 판매·제공하는 매장,train,정육,T4 구어·문장,003a1767-bcd6-410b-809e-d4b059ce50c6,홍성토종한우,,어울림 아차산 골목형상점가,골목형상점가,서울특별시,,,
928696b47f82167425cf,full_annotation_v1,A,q_정육_19,한우 먹을 수 있는 식당,식료품 중 '정육'을 판매·제공하는 매장,train,정육,T4 구어·문장,008f0459-6681-4e70-8149-1a6d9ff1a2a5,육간지,삼겹살,구미 진평음식문화특화거리 골목형상점가,골목형상점가,경상북도,,,
1f9b1dc766982cf395ef,full_annotation_v1,A,q_정육_19,한우 먹을 수 있는 식당,식료품 중 '정육'을 판매·제공하는 매장,train,정육,T4 구어·문장,463be06d-a4c7-4c38-8713-36011c6d9661,말띠농원,식당,진주 청과시장,전통시장,경상남도,,,
c97b8a400af3845be358,full_annotation_v1,A,q_정육_19,한우 먹을 수 있는 식당,식료품 중 '정육'을 판매·제공하는 매장,train,정육,T4 구어·문장,a7777f7d-9cbe-4ff6-8ba3-607185932da5,설로인,한우,매탄중심상가 골목형상점가,골목형상점가,경기도,,,
3125a6a5f6d48c913d34,full_annotation_v1,A,q_정육_19,한우 먹을 수 있는 식당,식료품 중 '정육'을 판매·제공하는 매장,train,정육,T4 구어·문장,00f60c16-d8be-497f-80f2-aab3209a8d0e,포카포카,식당,전남여고후문 골목형상점가,골목형상점가,광주광역시,,,
2159e1dea53d4c321698,full_annotation_v1,A,q_정육_19,한우 먹을 수 있는 식당,식료품 중 '정육'을 판매·제공하는 매장,train,정육,T4 구어·문장,2538e343-dfd5-475d-911b-489c58742748,신개념 푸줏간,,새천년 골목형상점가,골목형상점가,경기도,,,
f27a710e237cd1ac6689,full_annotation_v1,A,q_정육_19,한우 먹을 수 있는 식당,식료품 중 '정육'을 판매·제공하는 매장,train,정육,T4 구어·문장,7da8e602-f59a-4e53-8969-6a0fee1746d9,청주식당,식당,강화풍물시장,전통시장,인천광역시,,,
2294ff1cf55bffcc6eb3,full_annotation_v1,A,q_정육_19,한우 먹을 수 있는 식당,식료품 중 '정육'을 판매·제공하는 매장,train,정육,T4 구어·문장,983fdd06-f946-47f0-b35e-be0f5245e56a,시장보신탕,식당,현풍백년도깨비시장,전통시장,대구광역시,,,
6a51a9277c9b2f00aad4,full_annotation_v1,A,q_정육_19,한우 먹을 수 있는 식당,식료품 중 '정육'을 판매·제공하는 매장,train,정육,T4 구어·문장,d30d3dbd-50e1-423d-b607-6d9240d74a46,수 노래연습장,노래방,신도봉시장,전통시장,서울특별시,,,
97c8758aad0da057b4d2,full_annotation_v1,A,q_정육_19,한우 먹을 수 있는 식당,식료품 중 '정육'을 판매·제공하는 매장,train,정육,T4 구어·문장,e5fcd2db-f6dd-464b-bccb-e06e2217b4ed,이윽고,한우,나성동 골목형상점가,골목형상점가,세종특별자치시,,,
0ed2aad21711481151ed,full_annotation_v1,A,q_정육_19,한우 먹을 수 있는 식당,식료품 중 '정육'을 판매·제공하는 매장,train,정육,T4 구어·문장,fe1e36b5-5ea8-4959-93a5-e703edb0bb43,유미카츠 종암점,한식,종암북바위길골목형상점가,골목형상점가,서울특별시,,,
0ce7833767e34d3a8e61,full_annotation_v1,A,q_정육_19,한우 먹을 수 있는 식당,식료품 중 '정육'을 판매·제공하는 매장,train,정육,T4 구어·문장,f945d971-f0f8-4263-a059-b314c5fcc527,수 미장원,미용실,용상공설시장,전통시장,경상북도,,,
4795ed0d4a0dbc855064,full_annotation_v1,A,q_정육_19,한우 먹을 수 있는 식당,식료품 중 '정육'을 판매·제공하는 매장,train,정육,T4 구어·문장,0130dbd3-b9ea-43f4-98fd-26d8afd90b78,모래내시장순대,식당,전주모래내시장,전통시장,전북특별자치도,,,
defd497efbb28f5bf85e,full_annotation_v1,A,q_정육_19,한우 먹을 수 있는 식당,식료품 중 '정육'을 판매·제공하는 매장,train,정육,T4 구어·문장,0008f8f4-4c6e-4c4a-ad64-76aaea3d2d18,대성정육점,정육,평택국제중앙시장,전통시장,경기도,,,
61f78360e34e22f02bd0,full_annotation_v1,A,q_정육_19,한우 먹을 수 있는 식당,식료품 중 '정육'을 판매·제공하는 매장,train,정육,T4 구어·문장,86ddd3a6-557a-49f9-8ea2-0f520c55b844,총각네고깃간,,일곡동(제1지역:자연마을 일동초 거리) 골목형상점가,골목형상점가,,,,
23851e3395cda938f85d,full_annotation_v1,A,q_정육_19,한우 먹을 수 있는 식당,식료품 중 '정육'을 판매·제공하는 매장,train,정육,T4 구어·문장,0120247f-1a8e-4396-882d-6476485c3f9e,사랑채,삼겹살,봉선먹자골목 골목형상점가,골목형상점가,광주광역시,,,
11f3ebb08e76c73eed6d,full_annotation_v1,A,q_정육_19,한우 먹을 수 있는 식당,식료품 중 '정육'을 판매·제공하는 매장,train,정육,T4 구어·문장,45b63f9e-4aef-4466-8e36-ebe34e64107f,서울식당,식당,강화풍물시장,전통시장,인천광역시,,,
1376fc52c7e4a88c3d13,full_annotation_v1,A,q_정육_19,한우 먹을 수 있는 식당,식료품 중 '정육'을 판매·제공하는 매장,train,정육,T4 구어·문장,09bb634f-29bc-4707-996c-711f8fe24078,대박집만원족발,한식,우림골목시장,전통시장,서울특별시,,,
76a5657991b8cf08b6b1,full_annotation_v1,A,q_정육_19,한우 먹을 수 있는 식당,식료품 중 '정육'을 판매·제공하는 매장,train,정육,T4 구어·문장,4fc59143-890e-4f2f-bbe1-7e3859c1fb88,그릴드 한우,,연신내골목형상점가,골목형상점가,서울특별시,,,
42fdc25c8ce8890ab698,full_annotation_v1,A,q_정육_19,한우 먹을 수 있는 식당,식료품 중 '정육'을 판매·제공하는 매장,train,정육,T4 구어·문장,4dde388a-e1f7-4088-b662-28532f0af899,심사숙고,한우,맹동혁신골목형상점가,골목형상점가,충청북도,,,
968d8f00a34403dbaf33,full_annotation_v1,A,q_정육_19,한우 먹을 수 있는 식당,식료품 중 '정육'을 판매·제공하는 매장,train,정육,T4 구어·문장,004764d4-5ad9-4f22-81bb-48eac27e9e4b,60계치킨 야탑점,치킨,야탑 골목형상점가,골목형상점가,경기도,,,
5ab6be81c68a2dd2faa3,full_annotation_v1,A,q_정육_19,한우 먹을 수 있는 식당,식료품 중 '정육'을 판매·제공하는 매장,train,정육,T4 구어·문장,2503c034-d566-47ba-a3c7-e183f3fc050b,일미장,식당,인제시장,전통시장,강원특별자치도,,,
4cc7c83751ab1b477932,full_annotation_v1,A,q_정육_19,한우 먹을 수 있는 식당,식료품 중 '정육'을 판매·제공하는 매장,train,정육,T4 구어·문장,19ec79e3-a6af-4763-8a1c-fa7ec8e237bf,리틀브릭,커피및디저트,백서로 골목형상점가,골목형상점가,광주광역시,,,
972eeeb2d3d73aa7ccf3,full_annotation_v1,A,q_정육_19,한우 먹을 수 있는 식당,식료품 중 '정육'을 판매·제공하는 매장,train,정육,T4 구어·문장,1e7d4fec-5d41-41e2-b00c-11ddf0844a74,한우마실정육식당,한식 한우,관평동 골목형상점가,골목형상점가,대전광역시,,,
1dd5697950b0f09e03bd,full_annotation_v1,A,q_정육_19,한우 먹을 수 있는 식당,식료품 중 '정육'을 판매·제공하는 매장,train,정육,T4 구어·문장,6484ea02-c023-4acd-bb36-cfb554e867e5,수 필라테스,,광복마을길 골목형상점가,골목형상점가,,,,
b2cef3c08c9edee6721b,full_annotation_v1,A,q_정육_19,한우 먹을 수 있는 식당,식료품 중 '정육'을 판매·제공하는 매장,train,정육,T4 구어·문장,5b0e27f3-3fe0-4dac-815e-7f70ac2fcf6f,수&골드,귀금속,청주육거리종합시장,전통시장,충청북도,,,
d7d4fade77afa5468ee9,full_annotation_v1,A,q_정육_19,한우 먹을 수 있는 식당,식료품 중 '정육'을 판매·제공하는 매장,train,정육,T4 구어·문장,000d4d47-3a3f-4a73-9fce-cd3802a5ebb3,은여우두마리치킨,치킨,봉곡우전로 골목형상점가,골목형상점가,전북특별자치도,,,
849766a1a36b036b7040,full_annotation_v1,A,q_정육_19,한우 먹을 수 있는 식당,식료품 중 '정육'을 판매·제공하는 매장,train,정육,T4 구어·문장,022fb5a6-69f4-4765-88db-4228cac2ef69,랭상1992,삼겹살,오치2동 골목형상점가,골목형상점가,광주광역시,,,
9eaa8f568af2a53b05dc,full_annotation_v1,A,q_정육_19,한우 먹을 수 있는 식당,식료품 중 '정육'을 판매·제공하는 매장,train,정육,T4 구어·문장,648c0cd6-bfde-455e-9b92-69511fe8faf2,김장날솥뚜껑삼겹살본점,고기주류,첨단시리단길,골목형상점가,광주광역시,,,
36e789b5aa10a44019e1,full_annotation_v1,A,q_정육_19,한우 먹을 수 있는 식당,식료품 중 '정육'을 판매·제공하는 매장,train,정육,T4 구어·문장,a1bd2faa-39a7-49c3-99fe-aaef8333100a,옥야식당,식당,중앙신시장,전통시장,경상북도,,,
f7dac0aeb1dd0c62dbce,full_annotation_v1,A,q_정육_19,한우 먹을 수 있는 식당,식료품 중 '정육'을 판매·제공하는 매장,train,정육,T4 구어·문장,001dda38-7874-4460-b3b0-a5717b6c36d7,오송 곱창,"한우곱창, 한우막창, 한우모듬, 한우대창, 한우염통",오송1산단오스코로골목형상점가,골목형상점가,충청북도,,,
9abdbdf0b2f38905f474,full_annotation_v1,A,q_정육_19,한우 먹을 수 있는 식당,식료품 중 '정육'을 판매·제공하는 매장,train,정육,T4 구어·문장,cb57ba98-ccda-4342-aa55-a141c1cc377c,핸드메이드 수,공예품,거제 한라프라자,전통시장,경상남도,,,
6995274453341891d209,full_annotation_v1,A,q_정육_19,한우 먹을 수 있는 식당,식료품 중 '정육'을 판매·제공하는 매장,train,정육,T4 구어·문장,906618a3-dc12-4aa9-9eec-ec09f5c965af,정식당앤우리들만의리그,식당,장승배기로 골목형상점가,골목형상점가,전북특별자치도,,,
275f9206d575cecc1e57,full_annotation_v1,A,q_정육_19,한우 먹을 수 있는 식당,식료품 중 '정육'을 판매·제공하는 매장,train,정육,T4 구어·문장,fe53936c-3966-4214-bb10-62265eaf99cc,제천식당,식당,신울산종합시장,전통시장,울산광역시,,,
cd4a5fb40d8d565a32c1,full_annotation_v1,A,q_정육_19,한우 먹을 수 있는 식당,식료품 중 '정육'을 판매·제공하는 매장,train,정육,T4 구어·문장,a6061671-5587-4c73-b4ea-7034031c7f85,푸른식당,식당,거진전통시장,전통시장,강원특별자치도,,,
37dc1d6a53832f1252dd,full_annotation_v1,A,q_정육_19,한우 먹을 수 있는 식당,식료품 중 '정육'을 판매·제공하는 매장,train,정육,T4 구어·문장,01b7e8c6-feb8-4cff-a63e-2376ae18dd41,원조생굴뚝배기,국밥,고령대가야시장,전통시장,경상북도,,,
e516dcc0771718eb562b,full_annotation_v1,A,q_정육_19,한우 먹을 수 있는 식당,식료품 중 '정육'을 판매·제공하는 매장,train,정육,T4 구어·문장,0b1d8447-88e5-4681-a91b-dfacf11955d8,양화정,갈비,합정동먹자골목골목형상점가,골목형상점가,서울특별시,,,
e8a91b3195decbd836a5,full_annotation_v1,A,q_정육_19,한우 먹을 수 있는 식당,식료품 중 '정육'을 판매·제공하는 매장,train,정육,T4 구어·문장,0072ddc8-1b0b-4a64-b9d0-9eb309854f0c,오뚜기정육점,정육,김제중앙시장,전통시장,전북특별자치도,,,
5c4b0659e26a26d006cc,full_annotation_v1,A,q_정육_19,한우 먹을 수 있는 식당,식료품 중 '정육'을 판매·제공하는 매장,train,정육,T4 구어·문장,7ced93ef-5bc4-4873-be78-c5ed9a38b298,고서한우,한우,문흥2동 골목형상점가,골목형상점가,광주광역시,,,
a0230bd54f57d0399616,full_annotation_v1,A,q_정육_19,한우 먹을 수 있는 식당,식료품 중 '정육'을 판매·제공하는 매장,train,정육,T4 구어·문장,1470309a-6d26-4dcd-a73e-4ae513b5c993,한백상회,생선,마산어시장,전통시장,경상남도,,,
1f7c19ee64de8d1b33cd,full_annotation_v1,A,q_정육_19,한우 먹을 수 있는 식당,식료품 중 '정육'을 판매·제공하는 매장,train,정육,T4 구어·문장,07367a1a-31a7-44db-bc10-f641505d5e02,수 스킨케어,피부,풍암당산상인회 골목형상점가,골목형상점가,광주광역시,,,
1d9e0addafc9e696c220,full_annotation_v1,A,q_정육_19,한우 먹을 수 있는 식당,식료품 중 '정육'을 판매·제공하는 매장,train,정육,T4 구어·문장,8b041896-7ba8-40f0-96e9-f2fbe7412377,돌애,한우,수완머그로 골목형상점가,골목형상점가,광주광역시,,,
d3e66c517aa40907233a,full_annotation_v1,A,q_정육_19,한우 먹을 수 있는 식당,식료품 중 '정육'을 판매·제공하는 매장,train,정육,T4 구어·문장,7559d46a-b34e-4993-b08d-dd97c0e89dea,수미식당,식당,진주 청과시장,전통시장,경상남도,,,
75f10c07a5b8015c5dd0,full_annotation_v1,A,q_정육_19,한우 먹을 수 있는 식당,식료품 중 '정육'을 판매·제공하는 매장,train,정육,T4 구어·문장,7fde034b-96e4-455a-83e2-7b5692b96a17,먹을터,한식,화성행궁골목형상점가,골목형상점가,경기도,,,
f2037904f160828a9429,full_annotation_v1,A,q_정육_19,한우 먹을 수 있는 식당,식료품 중 '정육'을 판매·제공하는 매장,train,정육,T4 구어·문장,41d11001-9d7b-4965-9bae-0af94922cf12,철이네고깃간(중흥점),,유동 경열로 골목형상점가,골목형상점가,광주광역시,,,
67587e5921289d9f419c,full_annotation_v1,A,q_정육_19,한우 먹을 수 있는 식당,식료품 중 '정육'을 판매·제공하는 매장,train,정육,T4 구어·문장,49bf0283-3e75-461e-ace6-45c33928f590,다움스터디카페,공간임대,매봉 골목형상점가,골목형상점가,광주광역시,,,
93464aaac1b1c270b077,full_annotation_v1,A,q_정육_19,한우 먹을 수 있는 식당,식료품 중 '정육'을 판매·제공하는 매장,train,정육,T4 구어·문장,c60b9b59-9cbc-4b39-b608-ab893346d251,갈오기 식당,한식,죽산골목형상점가,골목형상점가,경기도,,,
a18f9b96266846474171,full_annotation_v1,A,q_정육_19,한우 먹을 수 있는 식당,식료품 중 '정육'을 판매·제공하는 매장,train,정육,T4 구어·문장,fe571b7f-0654-42bc-bd7d-1dd65f3a612c,수(秀),의류,전주중앙상가시장,전통시장,전북특별자치도,,,
1c5821f5ccf2ed1ec3dd,full_annotation_v1,A,q_정육_19,한우 먹을 수 있는 식당,식료품 중 '정육'을 판매·제공하는 매장,train,정육,T4 구어·문장,c111ac9d-3f3a-405c-a8db-4d127ccda9e2,행복이 있는 곳,잡화,제주로얄쇼핑센터,자율상권구역,제주특별자치도,,,
c4c0b659ba215ef957ed,full_annotation_v1,A,q_정육_19,한우 먹을 수 있는 식당,식료품 중 '정육'을 판매·제공하는 매장,train,정육,T4 구어·문장,00027601-43e6-4d9a-a358-150cc014fe4c,닭장수후라이드,치킨,한솔동 5~6단지상점가,자율상권구역,세종특별자치시,,,
f3e6cb39547f27d3fddb,full_annotation_v1,A,q_정육_19,한우 먹을 수 있는 식당,식료품 중 '정육'을 판매·제공하는 매장,train,정육,T4 구어·문장,aea5262d-6d95-4d1f-8160-e82ef1408402,참신한우,한우,보정중심 골목형상점가,골목형상점가,경기도,,,
051531c58d0713906c5b,full_annotation_v1,A,q_정육_19,한우 먹을 수 있는 식당,식료품 중 '정육'을 판매·제공하는 매장,train,정육,T4 구어·문장,41754723-25d0-47ba-a3b8-150d60a44f54,먹쇠식당,한식,배밭골골목형상점가,골목형상점가,서울특별시,,,
ccb95f96bc175041505a,full_annotation_v1,A,q_정육_19,한우 먹을 수 있는 식당,식료품 중 '정육'을 판매·제공하는 매장,train,정육,T4 구어·문장,3bbbc2f8-030b-4202-8161-6b8754dfe9a8,서울식당,식당,원대신시장,전통시장,대구광역시,,,
39c9a08e79e38fc48891,full_annotation_v1,A,q_정육_19,한우 먹을 수 있는 식당,식료품 중 '정육'을 판매·제공하는 매장,train,정육,T4 구어·문장,911dfb6d-63c8-4bc0-85c1-1b35a7c7a8d1,야간비행,식당,청주서문시장,전통시장,충청북도,,,
d830a490a42c29d55517,full_annotation_v1,A,q_정육_19,한우 먹을 수 있는 식당,식료품 중 '정육'을 판매·제공하는 매장,train,정육,T4 구어·문장,00889968-cd4d-41f2-8c6f-39e3928858a7,행복한 정육점,고기,테크노밸리 골목형상점가,골목형상점가,대전광역시,,,
6b1dac67dda27c42ca34,full_annotation_v1,A,q_정육_19,한우 먹을 수 있는 식당,식료품 중 '정육'을 판매·제공하는 매장,train,정육,T4 구어·문장,0038f694-919c-4289-8bc1-a5e6549274e1,달인닭강정,닭강정,서귀포매일올레시장,전통시장,제주특별자치도,,,
31c254418930904ed5c8,full_annotation_v1,A,q_정육_19,한우 먹을 수 있는 식당,식료품 중 '정육'을 판매·제공하는 매장,train,정육,T4 구어·문장,a1075c25-5a71-432c-969b-00c5f8cbe7ee,수제비먹는닭갈비,수,행당시장상점가,자율상권구역,서울특별시,,,
e211634dc3c0f0789b77,full_annotation_v1,A,q_정육_19,한우 먹을 수 있는 식당,식료품 중 '정육'을 판매·제공하는 매장,train,정육,T4 구어·문장,00bdaed4-8c0c-4e39-9198-736e0be49945,대신식육,식육,중앙식료시장(중앙먹통시장),전통시장,전라남도,,,
63edad5812f2a532dcae,full_annotation_v1,A,q_정육_19,한우 먹을 수 있는 식당,식료품 중 '정육'을 판매·제공하는 매장,train,정육,T4 구어·문장,0a6142a7-3216-4fbc-9253-4464369b2d88,천하젓갈,건어물및젓갈,속초중앙전통시장,전통시장,강원특별자치도,,,
d1aa5540d16ebcdb2861,full_annotation_v1,A,q_정육_19,한우 먹을 수 있는 식당,식료품 중 '정육'을 판매·제공하는 매장,train,정육,T4 구어·문장,6b5b3c11-9e52-4227-9de4-e3d26a65ff71,일미한우,한우,두암2동 도로변 골목형상점가,골목형상점가,광주광역시,,,
7681e3cf6f58c1246348,full_annotation_v1,A,q_정육_19,한우 먹을 수 있는 식당,식료품 중 '정육'을 판매·제공하는 매장,train,정육,T4 구어·문장,009f034c-8e3b-4a32-aab3-55ece8718004,장봐주는언니 임동점,농수축산물및 가공식품,제니스 골목형상점가,골목형상점가,광주광역시,,,
e4a1816fe8065a6403d3,full_annotation_v1,A,q_정육_19,한우 먹을 수 있는 식당,식료품 중 '정육'을 판매·제공하는 매장,train,정육,T4 구어·문장,80c82500-4517-4944-880a-6887aad366df,수,의류,남대문시장,전통시장,서울특별시,,,
15b1a02b24045108ca34,full_annotation_v1,A,q_정육_19,한우 먹을 수 있는 식당,식료품 중 '정육'을 판매·제공하는 매장,train,정육,T4 구어·문장,30df608a-1dfb-46c9-8ac3-b37a7f4b372c,시장식당,식당,오천시장,전통시장,경상북도,,,
907db1e3aed2a3eb598d,full_annotation_v1,A,q_정육_19,한우 먹을 수 있는 식당,식료품 중 '정육'을 판매·제공하는 매장,train,정육,T4 구어·문장,95f09c59-690f-4ed7-9a91-1a85405b5363,수,의류,제주중앙지하상가,일반지하상점가,제주특별자치도,,,
708eae6317ab2a8eb524,full_annotation_v1,A,q_정육_19,한우 먹을 수 있는 식당,식료품 중 '정육'을 판매·제공하는 매장,train,정육,T4 구어·문장,c48b74f4-5716-4b59-97be-8677920e88a7,고기굽는 식당,,장흥중앙로 골목형상점가,골목형상점가,,,,
f53ed9e164b5516ecd01,full_annotation_v1,A,q_정육_19,한우 먹을 수 있는 식당,식료품 중 '정육'을 판매·제공하는 매장,train,정육,T4 구어·문장,2a54737e-cc94-4be0-a200-1ef2f3c5f17f,포항초 한우 불고기,한우,포항 대이상가 골목형상점가,골목형상점가,경상북도,,,
096e8dfd900dbba63508,full_annotation_v1,A,q_정육_19,한우 먹을 수 있는 식당,식료품 중 '정육'을 판매·제공하는 매장,train,정육,T4 구어·문장,02cebcf5-9e57-4988-adb9-85afcb577ccd,백미옥,국밥,한마음,골목형상점가,광주광역시,,,
726e29c027628a45657a,full_annotation_v1,A,q_정육_19,한우 먹을 수 있는 식당,식료품 중 '정육'을 판매·제공하는 매장,train,정육,T4 구어·문장,004961cf-a775-4bcc-87a9-067c385bb9e7,삼미식육,식육,구포축산물도매시장,전통시장,부산광역시,,,
51901d461b6ef3e85a82,full_annotation_v1,A,q_정육_19,한우 먹을 수 있는 식당,식료품 중 '정육'을 판매·제공하는 매장,train,정육,T4 구어·문장,00831405-3dce-4f59-90cd-81fc3f837a63,보광축산,정육,원당시장(구 원당전통시장),전통시장,경기도,,,
5c52857544aab7a70afb,full_annotation_v1,A,q_정육_19,한우 먹을 수 있는 식당,식료품 중 '정육'을 판매·제공하는 매장,train,정육,T4 구어·문장,672f1302-571d-4af3-8fcc-83ddd2caabbc,참고깃간,,명륜시실로 골목형상점가,골목형상점가,부산광역시,,,
63ac89000ff91ed103ca,full_annotation_v1,A,q_정육_19,한우 먹을 수 있는 식당,식료품 중 '정육'을 판매·제공하는 매장,train,정육,T4 구어·문장,0031b1fc-4212-4c47-9dad-a8fa10d8bf85,㈜금원유통,축산물,마장축산물시장,전통시장,서울특별시,,,
17d1741c13f415adc269,full_annotation_v1,A,q_정육_19,한우 먹을 수 있는 식당,식료품 중 '정육'을 판매·제공하는 매장,train,정육,T4 구어·문장,03f541e1-2781-4bd2-91a9-65b9196d82b4,또래오래치킨&참닭,삼겹살,노대물빛근린공원 골목형상점가,골목형상점가,광주광역시,,,
0596e80cd04b34da5708,full_annotation_v1,A,q_정육_19,한우 먹을 수 있는 식당,식료품 중 '정육'을 판매·제공하는 매장,train,정육,T4 구어·문장,f6cf5e8c-0db4-4033-8dd9-ce0ba0e9657b,한성한우,한우,마장축산물시장,전통시장,서울특별시,,,
a1ea3560edf9237c27c4,full_annotation_v1,A,q_정육_19,한우 먹을 수 있는 식당,식료품 중 '정육'을 판매·제공하는 매장,train,정육,T4 구어·문장,00ac87c2-aed5-4a62-8b09-76cbea625145,내고향청보리한우직판장,소고기 돼지고기,마륵동상인회 골목형상점가,골목형상점가,광주광역시,,,
4ab575912b7a778c6fb6,full_annotation_v1,A,q_정육_19,한우 먹을 수 있는 식당,식료품 중 '정육'을 판매·제공하는 매장,train,정육,T4 구어·문장,6ec259c9-3d0b-4b68-9d38-f1c243f3ed42,수,의류,양산길 골목형상점가,골목형상점가,광주광역시,,,
67e6f25dda6913288527,full_annotation_v1,A,q_정육_19,한우 먹을 수 있는 식당,식료품 중 '정육'을 판매·제공하는 매장,train,정육,T4 구어·문장,5c102a5d-2177-4188-97f4-d8899a884d83,수 노래연습장,노래방,석계음식문화거리골목형상점가,골목형상점가,서울특별시,,,
34011ba61fe1d17ee16e,full_annotation_v1,A,q_정육_19,한우 먹을 수 있는 식당,식료품 중 '정육'을 판매·제공하는 매장,train,정육,T4 구어·문장,82c48800-9e55-4d1e-952d-91a4b1c26308,동백한우,한우,시청먹자골목,골목형상점가,부산광역시,,,
35bdcdb96f425a0d8016,full_annotation_v1,A,q_정육_19,한우 먹을 수 있는 식당,식료품 중 '정육'을 판매·제공하는 매장,train,정육,T4 구어·문장,564de640-694f-4797-af66-a5d1df9c489f,푸줏간,,김천평화시장,전통시장,경상북도,,,
126b05930dfa40ebb73d,full_annotation_v1,A,q_정육_19,한우 먹을 수 있는 식당,식료품 중 '정육'을 판매·제공하는 매장,train,정육,T4 구어·문장,4bdbcb71-1872-4fce-abb0-25dad14cdd7e,안동참누렁이식육 식당,식당,안동구시장,전통시장,경상북도,,,
a7294ddf966a1e16c56d,full_annotation_v1,A,q_정육_19,한우 먹을 수 있는 식당,식료품 중 '정육'을 판매·제공하는 매장,train,정육,T4 구어·문장,1356fba2-5ad4-48d0-a26d-2bb7a746ee64,챠밍미용실,미용,우정전통시장,전통시장,울산광역시,,,
7e0fdccad884ceacaaf6,full_annotation_v1,A,q_정육_19,한우 먹을 수 있는 식당,식료품 중 '정육'을 판매·제공하는 매장,train,정육,T4 구어·문장,003e9326-9010-4e27-b844-c62b81ad2df8,다이소 광주 호남대점,소매,선운별 골목형상점가,골목형상점가,광주광역시,,,
12a8e7310a1eae4b24ee,full_annotation_v1,A,q_정육_19,한우 먹을 수 있는 식당,식료품 중 '정육'을 판매·제공하는 매장,train,정육,T4 구어·문장,c0139e17-067b-4002-8893-5eb0688fca92,오성사,원단,중앙도매시장,전통시장,대전광역시,,,
d84388bf17b37dca8738,full_annotation_v1,A,q_정육_19,한우 먹을 수 있는 식당,식료품 중 '정육'을 판매·제공하는 매장,train,정육,T4 구어·문장,0287935d-6e8e-465e-930c-b5e8e06c38c4,탄방 고기돈,삼겹살,탄방새마을 골목형상점가,골목형상점가,대전광역시,,,
972e5813027d02257a77,full_annotation_v1,A,q_정육_19,한우 먹을 수 있는 식당,식료품 중 '정육'을 판매·제공하는 매장,train,정육,T4 구어·문장,18a5619d-c878-4a3c-9fe5-4093460e3df5,주식회사 청년푸줏간,,인천모래내전통시장,전통시장,인천광역시,,,
7794ff8a03740273f031,full_annotation_v1,A,q_정육_19,한우 먹을 수 있는 식당,식료품 중 '정육'을 판매·제공하는 매장,train,정육,T4 구어·문장,04564ea5-0be4-4ee2-8519-e8fcaffe3485,쌍둥이국밥,국밥,첨단이웃사랑 골목형상점가,골목형상점가,광주광역시,,,
3d553772ffa08ca9e640,full_annotation_v1,A,q_정육_19,한우 먹을 수 있는 식당,식료품 중 '정육'을 판매·제공하는 매장,train,정육,T4 구어·문장,01e3bdc3-fa69-409b-9f56-9ab1b44ede16,바우닭강정,닭강정,자양전통시장,전통시장,서울특별시,,,
372b646d8ea4716a27e3,full_annotation_v1,A,q_정육_19,한우 먹을 수 있는 식당,식료품 중 '정육'을 판매·제공하는 매장,train,정육,T4 구어·문장,4a5681f6-d59f-48da-baf5-cbc3c1f94b7f,장흥낭만한우 식당,,장흥시장 골목형상점가,골목형상점가,,,,
c439b8f034328883e41c,full_annotation_v1,A,q_정육_19,한우 먹을 수 있는 식당,식료품 중 '정육'을 판매·제공하는 매장,train,정육,T4 구어·문장,f2f40065-3197-4c7b-af62-433ac62cb54f,수 한의원,의료,산본로데오거리(구 산본중심상가),자율상권구역,경기도,,,
d151f246ce9afb080c47,full_annotation_v1,A,q_정육_19,한우 먹을 수 있는 식당,식료품 중 '정육'을 판매·제공하는 매장,train,정육,T4 구어·문장,a5658aeb-b23f-46e2-844e-b43f772a1e55,김밥천국,식당,부천강남시장,전통시장,경기도,,,
180879ae04e8c57ff6f5,full_annotation_v1,A,q_정육_19,한우 먹을 수 있는 식당,식료품 중 '정육'을 판매·제공하는 매장,train,정육,T4 구어·문장,bab02729-8f9b-42c2-8d28-dd47cb038b2c,한우궁,한우,풍동온누리 골목형상점가,골목형상점가,경기도,,,
3069c6608ad5005e77df,full_annotation_v1,A,q_정육_19,한우 먹을 수 있는 식당,식료품 중 '정육'을 판매·제공하는 매장,train,정육,T4 구어·문장,2402dc30-d013-4804-8cac-b82d87cb6d30,시장식당,식당,남원인월시장,전통시장,전북특별자치도,,,
36574911b49c8a07824d,full_annotation_v1,A,q_정육_19,한우 먹을 수 있는 식당,식료품 중 '정육'을 판매·제공하는 매장,train,정육,T4 구어·문장,da96abe6-aa16-4f18-a8d1-0a192a94acf4,임년네 식당,한식,연동골목시장,자율상권구역,부산광역시,,,
8e4a1cbe03d47b4c4b37,full_annotation_v1,A,q_정육_19,한우 먹을 수 있는 식당,식료품 중 '정육'을 판매·제공하는 매장,train,정육,T4 구어·문장,af51f3c7-e25c-4940-84ab-1b0306fdea3a,수(DODO),의류,동인천지하상가(동인천지하아케이드),일반지하상점가,인천광역시,,,
839454dc659679a2eb84,full_annotation_v1,A,q_정육_19,한우 먹을 수 있는 식당,식료품 중 '정육'을 판매·제공하는 매장,train,정육,T4 구어·문장,8e43f757-e0cc-4957-99c9-6ab0a35312f2,마싯소 한우 한돈,한우,학동증심사입구 골목형상점가,골목형상점가,광주광역시,,,
6364891a711da006abe3,full_annotation_v1,A,q_정육_19,한우 먹을 수 있는 식당,식료품 중 '정육'을 판매·제공하는 매장,train,정육,T4 구어·문장,0091c18f-a074-4703-9af5-05c6495e38af,이지비야,고기,아름다운삼정로 골목형상점가,골목형상점가,광주광역시,,,
b6f7d6a7eb82143601ba,full_annotation_v1,A,q_정육_19,한우 먹을 수 있는 식당,식료품 중 '정육'을 판매·제공하는 매장,train,정육,T4 구어·문장,05be8e6e-05cb-43d5-8c9e-ab68776e957b,낙원갈비집 부천옥길점,,부천 옥길 골목형상점가,골목형상점가,경기도,,,
72673de75355451d0b31,full_annotation_v1,A,q_정육_19,한우 먹을 수 있는 식당,식료품 중 '정육'을 판매·제공하는 매장,train,정육,T4 구어·문장,4da19330-6b4f-4174-85fc-5231ad6f7fd6,신대구횟집,식당,마산어시장,전통시장,경상남도,,,
7cac915a9bda7ec0f694,full_annotation_v1,A,q_정육_19,한우 먹을 수 있는 식당,식료품 중 '정육'을 판매·제공하는 매장,train,정육,T4 구어·문장,9e5a4c9e-1230-40fd-8813-0b5798a46648,수,옷,황지자유시장,전통시장,강원특별자치도,,,
9661d259a79c2a4071ce,full_annotation_v1,A,q_정육_19,한우 먹을 수 있는 식당,식료품 중 '정육'을 판매·제공하는 매장,train,정육,T4 구어·문장,6a1944e1-ddd3-43c5-8ade-1005036c810c,수 플라워,화초,법원단지길골목형상점가,골목형상점가,서울특별시,,,
2cce7fa93ce3e9823df8,full_annotation_v1,A,q_정육_19,한우 먹을 수 있는 식당,식료품 중 '정육'을 판매·제공하는 매장,train,정육,T4 구어·문장,005ea303-f9b7-4f3e-abcc-8460ca84ba44,은성축산물직판장,"도소매(축산물,식육판매)",남문시장,전통시장,서울특별시,,,
0285c51bfc0f7e333c6b,full_annotation_v1,A,q_정육_19,한우 먹을 수 있는 식당,식료품 중 '정육'을 판매·제공하는 매장,train,정육,T4 구어·문장,cef4774e-d222-45bf-8559-dfe79e2e408e,이동한우,한우,포항 대이상가 골목형상점가,골목형상점가,경상북도,,,
cc68d4ad6a07d28a0e64,full_annotation_v1,A,q_정육_19,한우 먹을 수 있는 식당,식료품 중 '정육'을 판매·제공하는 매장,train,정육,T4 구어·문장,6a66a4c7-0dd0-401d-bfc4-324837652135,먹정식당,식당,김해 동상전통시장,전통시장,경상남도,,,
2887f35040a550ef299c,full_annotation_v1,A,q_정육_19,한우 먹을 수 있는 식당,식료품 중 '정육'을 판매·제공하는 매장,train,정육,T4 구어·문장,8158dd29-6354-4d11-a2cc-76764a30d5a5,태평양수산,수산물,거제 고현시장,전통시장,경상남도,,,
f8d712b9b2ed3a519329,full_annotation_v1,A,q_정육_19,한우 먹을 수 있는 식당,식료품 중 '정육'을 판매·제공하는 매장,train,정육,T4 구어·문장,00e45da9-1bb4-42fa-b0a8-63cdcea52143,수유중앙축산물백화점,정육,수유중앙시장,전통시장,서울특별시,,,
c1ad5cfca03c8074823d,full_annotation_v1,A,q_정육_19,한우 먹을 수 있는 식당,식료품 중 '정육'을 판매·제공하는 매장,train,정육,T4 구어·문장,5c5e69f6-c0d5-4150-a5de-879869d4f91c,수,가방 신발 잡화,도란도란 골목형상점가,골목형상점가,전북특별자치도,,,
077dd4126c3936288f4a,full_annotation_v1,A,q_정육_19,한우 먹을 수 있는 식당,식료품 중 '정육'을 판매·제공하는 매장,train,정육,T4 구어·문장,8ded3b02-77a4-4691-9eec-8a72d26d837a,충북수산,수,노량진수산시장골목형상점가,골목형상점가,서울특별시,,,
c2b00de337ed3f549ae5,full_annotation_v1,A,q_정육_19,한우 먹을 수 있는 식당,식료품 중 '정육'을 판매·제공하는 매장,train,정육,T4 구어·문장,0598b6c8-c45e-444c-9b34-ff024b885ee8,서울갈비,갈비,행복상점가,자율상권구역,경상북도,,,
44786b171fd5eb38f956,full_annotation_v1,A,q_정육_19,한우 먹을 수 있는 식당,식료품 중 '정육'을 판매·제공하는 매장,train,정육,T4 구어·문장,080611f9-2bc6-485c-88ff-62a839f9cbd2,푸줏간 수정점,,황금수정 골목형상점가,골목형상점가,부산광역시,,,
80f955b8add652937395,full_annotation_v1,A,q_정육_19,한우 먹을 수 있는 식당,식료품 중 '정육'을 판매·제공하는 매장,train,정육,T4 구어·문장,000bc123-8986-4a63-bd89-6076138ae351,왕장상회,치킨,자양전통시장,전통시장,서울특별시,,,
3901e8b278c9dfbd9699,full_annotation_v1,A,q_정육_19,한우 먹을 수 있는 식당,식료품 중 '정육'을 판매·제공하는 매장,train,정육,T4 구어·문장,84ec230c-7fbe-4879-979d-30e139dab7e0,한우 일번지,"한우, 돼지",용대로119번길 골목형상점가,골목형상점가,광주광역시,,,
1680f6ecc4dc2bb30f17,full_annotation_v1,A,q_정육_19,한우 먹을 수 있는 식당,식료품 중 '정육'을 판매·제공하는 매장,train,정육,T4 구어·문장,74076d7f-a1be-4e2e-926f-29b88d6ae3ab,한우리 식당,한식,두마면 팥거리골목형상점가,골목형상점가,충청남도,,,
397aa2e20e41a6b81029,full_annotation_v1,A,q_정육_19,한우 먹을 수 있는 식당,식료품 중 '정육'을 판매·제공하는 매장,train,정육,T4 구어·문장,f338d262-62db-4976-9edb-459bd639f183,이조식당,식당,삼익2차쇼핑 골목형상점가,골목형상점가,서울특별시,,,
70661da7c6c7e7dc1fd8,full_annotation_v1,A,q_정육_19,한우 먹을 수 있는 식당,식료품 중 '정육'을 판매·제공하는 매장,train,정육,T4 구어·문장,e9d6481d-8213-46a8-bd06-310084f0bd3a,수,,파워존 골목형상점가,골목형상점가,대전광역시,,,
5d68bd50941ed193d912,full_annotation_v1,A,q_정육_19,한우 먹을 수 있는 식당,식료품 중 '정육'을 판매·제공하는 매장,train,정육,T4 구어·문장,01c857cd-3f28-4d83-8fa4-e0abcfb44fbd,수연국밥,국밥,두암사거리 골목형상점가,골목형상점가,광주광역시,,,
592a86858fe01359e51a,full_annotation_v1,A,q_정육_19,한우 먹을 수 있는 식당,식료품 중 '정육'을 판매·제공하는 매장,train,정육,T4 구어·문장,d252e6c3-8e40-49a4-945b-40bf373200d0,한통정육식당,식당,창원 가음정시장,전통시장,경상남도,,,
ddabdf01a25f2bec512a,full_annotation_v1,A,q_정육_19,한우 먹을 수 있는 식당,식료품 중 '정육'을 판매·제공하는 매장,train,정육,T4 구어·문장,dd2a4c2b-0d3f-4a3f-b9e2-3adad01651bb,요작,한우,펭귄마을 골목형상점가,골목형상점가,광주광역시,,,
1707b5233540164123e0,full_annotation_v1,A,q_정육_19,한우 먹을 수 있는 식당,식료품 중 '정육'을 판매·제공하는 매장,train,정육,T4 구어·문장,003d2015-a21c-44e2-9d66-c6f97ba3c296,집중호우,한우,하단자율상권구역,기타,부산광역시,,,
d8a03ea96046ec24325c,full_annotation_v1,A,q_정육_19,한우 먹을 수 있는 식당,식료품 중 '정육'을 판매·제공하는 매장,train,정육,T4 구어·문장,00265ad2-bd74-4057-b201-f6a798a8a4c9,칠분통닭오치점,치킨,오치2동 골목형상점가,골목형상점가,광주광역시,,,
4976bd04b8982a218086,full_annotation_v1,A,q_정육_19,한우 먹을 수 있는 식당,식료품 중 '정육'을 판매·제공하는 매장,train,정육,T4 구어·문장,afe01c1e-562e-4923-8202-baeaa7a5acc6,참새식당,식당,중마시장,전통시장,전라남도,,,
38d3b73decbf3db9e012,full_annotation_v1,A,q_정육_19,한우 먹을 수 있는 식당,식료품 중 '정육'을 판매·제공하는 매장,train,정육,T4 구어·문장,033ab0da-f546-4879-93a7-5bf7e6327bf3,시장식당,국밥,광양5일시장,전통시장,,,,
d4d35e9d523230ad8255,full_annotation_v1,A,q_정육_19,한우 먹을 수 있는 식당,식료품 중 '정육'을 판매·제공하는 매장,train,정육,T4 구어·문장,00a5a31e-6208-4900-9553-18f188bfcbfc,올바른고깃간일곡점,정육점,일곡동 골목형상점가,골목형상점가,광주광역시,,,
efd27acd532481b4bac3,full_annotation_v1,A,q_정육_19,한우 먹을 수 있는 식당,식료품 중 '정육'을 판매·제공하는 매장,train,정육,T4 구어·문장,e85dc5c6-d079-44c8-a1a2-88968c3a35e2,관평한우,한우,관평동 골목형상점가,골목형상점가,대전광역시,,,
c449612e6446368d23c8,full_annotation_v1,A,q_정육_19,한우 먹을 수 있는 식당,식료품 중 '정육'을 판매·제공하는 매장,train,정육,T4 구어·문장,02235e2b-ba17-4b33-aacc-c1d96790e83e,바다담은구이,식당,정릉시장,전통시장,서울특별시,,,
3010327ca0b52afd0653,full_annotation_v1,A,q_정육_19,한우 먹을 수 있는 식당,식료품 중 '정육'을 판매·제공하는 매장,train,정육,T4 구어·문장,bec5c527-8429-4f16-bcf1-f9c49678a06f,수.안초밥,,원도심 상권활성화구역,상권활성화구역,대전광역시,,,
0418768c00a9173df9b8,full_annotation_v1,A,q_정육_19,한우 먹을 수 있는 식당,식료품 중 '정육'을 판매·제공하는 매장,train,정육,T4 구어·문장,00c9508a-1962-4f4c-adc8-c9227046f329,도마정육점,식육,도마큰시장,전통시장,대전광역시,,,
d6e0a40ff2d408d4c689,full_annotation_v1,A,q_정육_19,한우 먹을 수 있는 식당,식료품 중 '정육'을 판매·제공하는 매장,train,정육,T4 구어·문장,3e6a2059-5bed-44e4-b9cc-a39468de8043,준이네 푸줏간,,연동시장,전통시장,부산광역시,,,
a04072873e5e3cb4adbb,full_annotation_v1,A,q_정육_19,한우 먹을 수 있는 식당,식료품 중 '정육'을 판매·제공하는 매장,train,정육,T4 구어·문장,dda02096-26a0-42e0-8188-db37ebd4f3a2,근본 있는 족발 보쌈 세종본점,한식(족발),새샘하루 골목형상점가,골목형상점가,세종특별자치시,,,
3cd664cdda4b87b648d0,full_annotation_v1,A,q_정육_19,한우 먹을 수 있는 식당,식료품 중 '정육'을 판매·제공하는 매장,train,정육,T4 구어·문장,fb8de7d6-4680-4ad7-81ba-bb2ff36a219d,삼양청과,과일,구역전시장,전통시장,울산광역시,,,
fee00a1db8bed0df9ba0,full_annotation_v1,A,q_정육_19,한우 먹을 수 있는 식당,식료품 중 '정육'을 판매·제공하는 매장,train,정육,T4 구어·문장,c415fced-d814-4785-a149-fbb661065694,수 헤어살롱,미용서비스,월산먹자골목 골목형상점가,골목형상점가,광주광역시,,,
04689dd92adfbdf6ce40,full_annotation_v1,A,q_정육_19,한우 먹을 수 있는 식당,식료품 중 '정육'을 판매·제공하는 매장,train,정육,T4 구어·문장,032b7c2d-89ad-4b7e-9563-c9c67c6381a9,명품한우,한우,신포동개항길골목형상점가,골목형상점가,인천광역시,,,
5a9e00df228f18effcd3,full_annotation_v1,A,q_정육_19,한우 먹을 수 있는 식당,식료품 중 '정육'을 판매·제공하는 매장,train,정육,T4 구어·문장,66949b22-611d-4650-b074-e5d9cf6c5b24,메이지,분싣,진주 로데오거리상점가,자율상권구역,경상남도,,,
74be42833c192494918e,full_annotation_v1,A,q_정육_19,한우 먹을 수 있는 식당,식료품 중 '정육'을 판매·제공하는 매장,train,정육,T4 구어·문장,00176890-ac4c-4ce1-bf5b-c5e45dbf9c43,시골정육점,축산,답십리시장,전통시장,서울특별시,,,
78792a6dc0cbe6b4d8d8,full_annotation_v1,A,q_정육_19,한우 먹을 수 있는 식당,식료품 중 '정육'을 판매·제공하는 매장,train,정육,T4 구어·문장,b2c9676a-a6cd-4649-b91a-090edcdb6b94,중앙순대,식당,봉천중앙시장,전통시장,서울특별시,,,
33fee5c0a1c5b88224f3,full_annotation_v1,A,q_정육_19,한우 먹을 수 있는 식당,식료품 중 '정육'을 판매·제공하는 매장,train,정육,T4 구어·문장,6cf02d0d-da04-45a4-a0c1-605699df58ef,수,의류,숭례문수입상가,전통시장,서울특별시,,,
4f9674fd3dcf8181a680,full_annotation_v1,A,q_정육_19,한우 먹을 수 있는 식당,식료품 중 '정육'을 판매·제공하는 매장,train,정육,T4 구어·문장,039c05c3-9a49-40ec-86ca-28415ca76d25,미쁘다담양식돼지갈비,갈비,용봉지구 골목형상점가,골목형상점가,광주광역시,,,
b7e958b71c613a53dc98,full_annotation_v1,A,q_정육_19,한우 먹을 수 있는 식당,식료품 중 '정육'을 판매·제공하는 매장,train,정육,T4 구어·문장,107877ce-dbf4-43f9-8f6e-d5196f451993,동해횟집,횟집,다대씨-파크시장,전통시장,부산광역시,,,
0e5f4fef1a422c40cd73,full_annotation_v1,A,q_정육_19,한우 먹을 수 있는 식당,식료품 중 '정육'을 판매·제공하는 매장,train,정육,T4 구어·문장,fa79476f-6e41-4e44-ba2b-20a966f5030b,용한우,한우,어울림마당 골목형상점가,골목형상점가,부산광역시,,,
94869af28c283d799dcf,full_annotation_v1,A,q_정육_19,한우 먹을 수 있는 식당,식료품 중 '정육'을 판매·제공하는 매장,train,정육,T4 구어·문장,6fe07a73-6f42-412f-b1f8-3c043307ed8e,수,기타,제주중앙지하상가,일반지하상점가,제주특별자치도,,,
ab92b4a89b2e399a6d75,full_annotation_v1,A,q_정육_19,한우 먹을 수 있는 식당,식료품 중 '정육'을 판매·제공하는 매장,train,정육,T4 구어·문장,023a95f4-f5cb-4b2e-b978-690c41d48d54,대송회센타,식당,대송시장,전통시장,울산광역시,,,
9dc2fd2380bf9618f226,full_annotation_v1,A,q_정육_19,한우 먹을 수 있는 식당,식료품 중 '정육'을 판매·제공하는 매장,train,정육,T4 구어·문장,00e3332a-4796-482d-9660-702bcf084fb0,대흥축산,축산물,가락몰골목형상점가,골목형상점가,서울특별시,,,
154feee07e8a533e15d3,full_annotation_v1,A,q_정육_19,한우 먹을 수 있는 식당,식료품 중 '정육'을 판매·제공하는 매장,train,정육,T4 구어·문장,0034b8e3-c78f-4e08-9a23-2414863de721,정육공방,소고기 돼지고기,구갈상점가,자율상권구역,경기도,,,
fc631f0088250a60235a,full_annotation_v1,A,q_정육_19,한우 먹을 수 있는 식당,식료품 중 '정육'을 판매·제공하는 매장,train,정육,T4 구어·문장,3056d8be-d53e-4655-b755-fb30c9330bf7,재민이네,식당,대명중앙시장,전통시장,대구광역시,,,
29af6fece69f60282db4,full_annotation_v1,A,q_정육_19,한우 먹을 수 있는 식당,식료품 중 '정육'을 판매·제공하는 매장,train,정육,T4 구어·문장,5ff5e851-9695-4924-8ed9-a9eed1ebe098,수,일식,효자시장,전통시장,경상북도,,,
bec312e8ad2d9091027f,full_annotation_v1,A,q_정육_19,한우 먹을 수 있는 식당,식료품 중 '정육'을 판매·제공하는 매장,train,정육,T4 구어·문장,00652de3-165f-4988-9616-0ff0250e851d,합천식육점,,관문상가시장,전통시장,대구광역시,,,
320ca2658de7bbc3be26,full_annotation_v1,A,q_정육_19,한우 먹을 수 있는 식당,식료품 중 '정육'을 판매·제공하는 매장,train,정육,T4 구어·문장,0007af17-f23e-49b9-b7c1-5a9968727cfd,오늘닭강정,닭강정,목원대 골목형상점가,골목형상점가,대전광역시,,,
f13474d78ba24ecb77b4,full_annotation_v1,A,q_정육_19,한우 먹을 수 있는 식당,식료품 중 '정육'을 판매·제공하는 매장,train,정육,T4 구어·문장,03fc31f6-840c-4e71-943d-99f5e0d0db56,살롱드. 수,헤어,상무1동아파트상인회 골목형상점가,골목형상점가,광주광역시,,,
d7fb75d04e51120fcd97,full_annotation_v1,A,q_정육_19,한우 먹을 수 있는 식당,식료품 중 '정육'을 판매·제공하는 매장,train,정육,T4 구어·문장,2f45c7c0-8ff0-4acb-b518-af93d11291ed,수,의류,부산진시장,전통시장,부산광역시,,,
56e519e17a4596ef69d0,full_annotation_v1,A,q_정육_19,한우 먹을 수 있는 식당,식료품 중 '정육'을 판매·제공하는 매장,train,정육,T4 구어·문장,01286ec0-50e0-4540-b678-ec706fb3bcbb,설곰식당,식당,산업용재관,전통시장,대구광역시,,,
1b430e6b717b3c9793c9,full_annotation_v1,A,q_정육_19,한우 먹을 수 있는 식당,식료품 중 '정육'을 판매·제공하는 매장,train,정육,T4 구어·문장,54ac7a72-2ea4-48c7-9a8b-de01bcf57fa1,자이로토닉 에코 천안점,필라테스,불당1번가골목형상점가,골목형상점가,충청남도,,,
c80696c8cb0743b76ddb,full_annotation_v1,A,q_정육_19,한우 먹을 수 있는 식당,식료품 중 '정육'을 판매·제공하는 매장,train,정육,T4 구어·문장,69153637-c146-4966-84ad-8b15808fea8a,기장도내과,의료,문흥동 골목형상점가,골목형상점가,광주광역시,,,
62f5f87a44649fba4901,full_annotation_v1,A,q_정육_19,한우 먹을 수 있는 식당,식료품 중 '정육'을 판매·제공하는 매장,train,정육,T4 구어·문장,090cca41-8ec1-4fc2-84a3-8b1182dc7e28,수 노래연습장,노래,신창 골목형상점가,골목형상점가,광주광역시,,,
2f28cb24ae496510a73d,full_annotation_v1,A,q_정육_19,한우 먹을 수 있는 식당,식료품 중 '정육'을 판매·제공하는 매장,train,정육,T4 구어·문장,52ea015a-b7bd-4e80-8596-964caafc15de,원조태화국밥,한식,전하시장,전통시장,울산광역시,,,
6976512537a37b8452ef,full_annotation_v1,A,q_정육_19,한우 먹을 수 있는 식당,식료품 중 '정육'을 판매·제공하는 매장,train,정육,T4 구어·문장,361b78af-4c35-4c69-8150-9281c60383ba,수,의류,안산다농마트전통시장,전통시장,경기도,,,
6310eb15a1edf1e8004f,full_annotation_v1,A,q_정육_19,한우 먹을 수 있는 식당,식료품 중 '정육'을 판매·제공하는 매장,train,정육,T4 구어·문장,28753b89-41b5-46fc-99e4-fa7414b703b8,해운대 광순이네 고깃간,,좌동재래시장,전통시장,부산광역시,,,
150d8c633f2f26075a5e,full_annotation_v1,A,q_정육_19,한우 먹을 수 있는 식당,식료품 중 '정육'을 판매·제공하는 매장,train,정육,T4 구어·문장,0363b125-0829-46ae-b0be-f23ada850390,정성육회울산송정점,한우뭉티기&한우육회,송정청춘 골목형상점가,골목형상점가,울산광역시,,,
352b9e6e242f8be92c0d,full_annotation_v1,A,q_정육_19,한우 먹을 수 있는 식당,식료품 중 '정육'을 판매·제공하는 매장,train,정육,T4 구어·문장,e484e54e-b421-4709-a22b-b23aeaad27c1,수,의류,동산상가,전통시장,대구광역시,,,
f3235be5e62aa6936b85,full_annotation_v1,A,q_정육_19,한우 먹을 수 있는 식당,식료품 중 '정육'을 판매·제공하는 매장,train,정육,T4 구어·문장,2a2b4863-38da-49bb-bb3d-28dfeb744ae1,믿을겸 한우,한우,삼각동 골목형상점가,골목형상점가,광주광역시,,,
5dc411d6761bded0eafb,full_annotation_v1,A,q_정육_20,한우 정육점,식료품 중 '정육'을 판매·제공하는 매장,train,정육,T4 구어·문장,698cbd22-283d-4453-9bda-dc8099a5fdc7,푸짐한 정육점,정육점,수영팔도시장(구 수영팔도상가시장),전통시장,부산광역시,,,
a3d069764f3d24170904,full_annotation_v1,A,q_정육_20,한우 정육점,식료품 중 '정육'을 판매·제공하는 매장,train,정육,T4 구어·문장,004961cf-a775-4bcc-87a9-067c385bb9e7,삼미식육,식육,구포축산물도매시장,전통시장,부산광역시,,,
e42938756051e6bb1fdf,full_annotation_v1,A,q_정육_20,한우 정육점,식료품 중 '정육'을 판매·제공하는 매장,train,정육,T4 구어·문장,0031b1fc-4212-4c47-9dad-a8fa10d8bf85,㈜금원유통,축산물,마장축산물시장,전통시장,서울특별시,,,
397865bcccd287700d79,full_annotation_v1,A,q_정육_20,한우 정육점,식료품 중 '정육'을 판매·제공하는 매장,train,정육,T4 구어·문장,01247b16-3f83-4894-b79f-642ec9118c2c,이씨정육점,정육점,통영중앙전통시장,전통시장,경상남도,,,
a5000c61c58a3dcd2979,full_annotation_v1,A,q_정육_20,한우 정육점,식료품 중 '정육'을 판매·제공하는 매장,train,정육,T4 구어·문장,02f9037a-c117-4db4-9d2b-9b78182978f4,반월닭강정치킨,,보령한내시장,전통시장,충청남도,,,
fbfd700deadd84328ca3,full_annotation_v1,A,q_정육_20,한우 정육점,식료품 중 '정육'을 판매·제공하는 매장,train,정육,T4 구어·문장,8e43f757-e0cc-4957-99c9-6ab0a35312f2,마싯소 한우 한돈,한우,학동증심사입구 골목형상점가,골목형상점가,광주광역시,,,
23c75e14cad4af4d3697,full_annotation_v1,A,q_정육_20,한우 정육점,식료품 중 '정육'을 판매·제공하는 매장,train,정육,T4 구어·문장,0b1d8447-88e5-4681-a91b-dfacf11955d8,양화정,갈비,합정동먹자골목골목형상점가,골목형상점가,서울특별시,,,
b06683901a590ae08789,full_annotation_v1,A,q_정육_20,한우 정육점,식료품 중 '정육'을 판매·제공하는 매장,train,정육,T4 구어·문장,003a1767-bcd6-410b-809e-d4b059ce50c6,홍성토종한우,,어울림 아차산 골목형상점가,골목형상점가,서울특별시,,,
22943ddbdd7462ed3126,full_annotation_v1,A,q_정육_20,한우 정육점,식료품 중 '정육'을 판매·제공하는 매장,train,정육,T4 구어·문장,9fb31d30-345c-404d-b234-0da272f91315,정우정육점,정육점,개봉중앙시장,전통시장,서울특별시,,,
82f460bae550484012a1,full_annotation_v1,A,q_정육_20,한우 정육점,식료품 중 '정육'을 판매·제공하는 매장,train,정육,T4 구어·문장,45246958-2c48-4ad3-ba38-a609a3133074,주왕산축산물직판장,한우,강동산하 골목형상점가,골목형상점가,울산광역시,,,
1e827712fc5e3a40a5a7,full_annotation_v1,A,q_정육_20,한우 정육점,식료품 중 '정육'을 판매·제공하는 매장,train,정육,T4 구어·문장,58809ace-5a7f-42bd-806e-7d5ebcdee627,해바라기,,보성녹차 골목형상점가,골목형상점가,,,,
a46e8a088084f288777c,full_annotation_v1,A,q_정육_20,한우 정육점,식료품 중 '정육'을 판매·제공하는 매장,train,정육,T4 구어·문장,00652de3-165f-4988-9616-0ff0250e851d,합천식육점,,관문상가시장,전통시장,대구광역시,,,
ddffaf1e9cc681bef3e0,full_annotation_v1,A,q_정육_20,한우 정육점,식료품 중 '정육'을 판매·제공하는 매장,train,정육,T4 구어·문장,28753b89-41b5-46fc-99e4-fa7414b703b8,해운대 광순이네 고깃간,,좌동재래시장,전통시장,부산광역시,,,
ae7f6ccec122e48dd2f8,full_annotation_v1,A,q_정육_20,한우 정육점,식료품 중 '정육'을 판매·제공하는 매장,train,정육,T4 구어·문장,00c9508a-1962-4f4c-adc8-c9227046f329,도마정육점,식육,도마큰시장,전통시장,대전광역시,,,
b3a5c9f6dfe6fc1d1e3c,full_annotation_v1,A,q_정육_20,한우 정육점,식료품 중 '정육'을 판매·제공하는 매장,train,정육,T4 구어·문장,4d5334db-3f4d-4b13-bca3-de37f148a8c9,신포정육점,정육점,신포시장,전통시장,인천광역시,,,
b48ff231fa5a2e63f44f,full_annotation_v1,A,q_정육_20,한우 정육점,식료품 중 '정육'을 판매·제공하는 매장,train,정육,T4 구어·문장,005ea303-f9b7-4f3e-abcc-8460ca84ba44,은성축산물직판장,"도소매(축산물,식육판매)",남문시장,전통시장,서울특별시,,,
9484462b5ca860cfee51,full_annotation_v1,A,q_정육_20,한우 정육점,식료품 중 '정육'을 판매·제공하는 매장,train,정육,T4 구어·문장,86ddd3a6-557a-49f9-8ea2-0f520c55b844,총각네고깃간,,일곡동(제1지역:자연마을 일동초 거리) 골목형상점가,골목형상점가,,,,
f63209be153e6dd60c51,full_annotation_v1,A,q_정육_20,한우 정육점,식료품 중 '정육'을 판매·제공하는 매장,train,정육,T4 구어·문장,d4e34eb3-de0e-49cb-bcfc-cc60500f10f1,왕부자한우,정육점,구로시장,전통시장,서울특별시,,,
d95338fc88779485e453,full_annotation_v1,A,q_정육_20,한우 정육점,식료품 중 '정육'을 판매·제공하는 매장,train,정육,T4 구어·문장,4a9a0703-1a81-4a47-8a09-9721b3bd758b,홍가축산,한우,지중해마을 골목형상점가,골목형상점가,충청남도,,,
e1e5cc7a1a46a811351e,full_annotation_v1,A,q_정육_20,한우 정육점,식료품 중 '정육'을 판매·제공하는 매장,train,정육,T4 구어·문장,00027601-43e6-4d9a-a358-150cc014fe4c,닭장수후라이드,치킨,한솔동 5~6단지상점가,자율상권구역,세종특별자치시,,,
4ab1fcd7cdf4b086a287,full_annotation_v1,A,q_정육_20,한우 정육점,식료품 중 '정육'을 판매·제공하는 매장,train,정육,T4 구어·문장,5b1bffd4-1ee2-43de-8a9e-6355c700af5e,수정정육점,정육점,신도꼼지락시장,전통시장,대전광역시,,,
18e6dd22e0ef3e329dab,full_annotation_v1,A,q_정육_20,한우 정육점,식료품 중 '정육'을 판매·제공하는 매장,train,정육,T4 구어·문장,773acf7e-9d5f-4856-9cca-e0eb9f3261ae,에몬스가구좌천점,기타,부산좌천동가구상가,자율상권구역,부산광역시,,,
ee19bb1971e7a07d36e9,full_annotation_v1,A,q_정육_20,한우 정육점,식료품 중 '정육'을 판매·제공하는 매장,train,정육,T4 구어·문장,0d6f9453-d8b3-4ffc-b5e1-66debcd6f041,우리축산,한우,사천읍시장,전통시장,경상남도,,,
9086a0ba05b9e5fa9c06,full_annotation_v1,A,q_정육_20,한우 정육점,식료품 중 '정육'을 판매·제공하는 매장,train,정육,T4 구어·문장,18a5619d-c878-4a3c-9fe5-4093460e3df5,주식회사 청년푸줏간,,인천모래내전통시장,전통시장,인천광역시,,,
5def97c537efa4efed1b,full_annotation_v1,A,q_정육_20,한우 정육점,식료품 중 '정육'을 판매·제공하는 매장,train,정육,T4 구어·문장,dcc87d8b-1016-4ba8-9b4a-e25d5d615e5e,로드커피,커피,둔산3동상점가,자율상권구역,대전광역시,,,
a150f56a33a240469c5e,full_annotation_v1,A,q_정육_20,한우 정육점,식료품 중 '정육'을 판매·제공하는 매장,train,정육,T4 구어·문장,e4c71a4a-67d1-4947-ad66-836e6f08e311,부영팜,정육점,첨단부영 골목형상점가,골목형상점가,광주광역시,,,
9977797f0bf1b87ad5ce,full_annotation_v1,A,q_정육_20,한우 정육점,식료품 중 '정육'을 판매·제공하는 매장,train,정육,T4 구어·문장,1d995b95-6a25-450d-90ff-0cd871015735,음암닭집,정육점,서산동부전통시장,전통시장,충청남도,,,
4603b140f13795d2858d,full_annotation_v1,A,q_정육_20,한우 정육점,식료품 중 '정육'을 판매·제공하는 매장,train,정육,T4 구어·문장,50d24739-6d2f-4a86-aa57-dbe557a7dc65,이헌한우,한우,쌍촌명지상인회 골목형상점가,골목형상점가,광주광역시,,,
c663db9ca3373dcaf453,full_annotation_v1,A,q_정육_20,한우 정육점,식료품 중 '정육'을 판매·제공하는 매장,train,정육,T4 구어·문장,b2c37729-d90a-4ed2-a332-cd820d6877ce,시장정육점,정육점,진안시장(진안고원시장),전통시장,전북특별자치도,,,
9dd31b1564cf3b3a1f2e,full_annotation_v1,A,q_정육_20,한우 정육점,식료품 중 '정육'을 판매·제공하는 매장,train,정육,T4 구어·문장,0023ae9b-466c-4881-afd0-ff8ac2890d72,돈.우정육점,식육,여수서시장주변시장,전통시장,전라남도,,,
ed2eab47bb3ec9e236e0,full_annotation_v1,A,q_정육_20,한우 정육점,식료품 중 '정육'을 판매·제공하는 매장,train,정육,T4 구어·문장,23210f81-ed3d-4f31-9995-5a6e5603f611,아빠네 정육점,한우 한돈,신봉하나로 골목형상점가,골목형상점가,경기도,,,
dfb3f4e8f88911cac721,full_annotation_v1,A,q_정육_20,한우 정육점,식료품 중 '정육'을 판매·제공하는 매장,train,정육,T4 구어·문장,01b7e8c6-feb8-4cff-a63e-2376ae18dd41,원조생굴뚝배기,국밥,고령대가야시장,전통시장,경상북도,,,
1731c4100c3cebe1e1cc,full_annotation_v1,A,q_정육_20,한우 정육점,식료품 중 '정육'을 판매·제공하는 매장,train,정육,T4 구어·문장,00889968-cd4d-41f2-8c6f-39e3928858a7,행복한 정육점,고기,테크노밸리 골목형상점가,골목형상점가,대전광역시,,,
086d015d46a82662b414,full_annotation_v1,A,q_정육_20,한우 정육점,식료품 중 '정육'을 판매·제공하는 매장,train,정육,T4 구어·문장,0008f8f4-4c6e-4c4a-ad64-76aaea3d2d18,대성정육점,정육,평택국제중앙시장,전통시장,경기도,,,
d44dde793e494f90ffa4,full_annotation_v1,A,q_정육_20,한우 정육점,식료품 중 '정육'을 판매·제공하는 매장,train,정육,T4 구어·문장,b844f075-2ec3-4579-ad88-88864ea887cb,이헌한우,한우,운암동 행복한 길 골목형상점가,골목형상점가,광주광역시,,,
143c6bba61c80d6a2bdd,full_annotation_v1,A,q_정육_20,한우 정육점,식료품 중 '정육'을 판매·제공하는 매장,train,정육,T4 구어·문장,332fca21-0790-42cb-88c6-c7a2e63fee37,동진한우,정육점,남부골목시장,전통시장,서울특별시,,,
80e0fe0ce6716f25175c,full_annotation_v1,A,q_정육_20,한우 정육점,식료품 중 '정육'을 판매·제공하는 매장,train,정육,T4 구어·문장,e46b6e68-53ff-402a-ace8-30293c0bd813,한군정육점,정육점,창원 명서시장,전통시장,경상남도,,,
9e8a222c7ddfdda7ca41,full_annotation_v1,A,q_정육_20,한우 정육점,식료품 중 '정육'을 판매·제공하는 매장,train,정육,T4 구어·문장,039c05c3-9a49-40ec-86ca-28415ca76d25,미쁘다담양식돼지갈비,갈비,용봉지구 골목형상점가,골목형상점가,광주광역시,,,
184f7fb0dc98f3f8ed63,full_annotation_v1,A,q_정육_20,한우 정육점,식료품 중 '정육'을 판매·제공하는 매장,train,정육,T4 구어·문장,bbd280da-6473-44df-ae7b-e638856fbb20,더마장,한우,동백역 골목형상점가,골목형상점가,경기도,,,
1d8ae1ba7debd3acb148,full_annotation_v1,A,q_정육_20,한우 정육점,식료품 중 '정육'을 판매·제공하는 매장,train,정육,T4 구어·문장,0130dbd3-b9ea-43f4-98fd-26d8afd90b78,모래내시장순대,식당,전주모래내시장,전통시장,전북특별자치도,,,
29b4a732f2ed2e9fb8d4,full_annotation_v1,A,q_정육_20,한우 정육점,식료품 중 '정육'을 판매·제공하는 매장,train,정육,T4 구어·문장,e59fead1-9a5e-4bac-ad1c-724854557ad3,한우마을,한우,흑석시장골목형상점가,골목형상점가,서울특별시,,,
83a25e800eac22578c57,full_annotation_v1,A,q_정육_20,한우 정육점,식료품 중 '정육'을 판매·제공하는 매장,train,정육,T4 구어·문장,ed256acc-1701-4a94-944f-a2344b0a492f,온실49,한우,장안마실골목형상점가,골목형상점가,서울특별시,,,
9c9b3ccb09e61cee0f56,full_annotation_v1,A,q_정육_20,한우 정육점,식료품 중 '정육'을 판매·제공하는 매장,train,정육,T4 구어·문장,000bc123-8986-4a63-bd89-6076138ae351,왕장상회,치킨,자양전통시장,전통시장,서울특별시,,,
3943e251fca88787484b,full_annotation_v1,A,q_정육_20,한우 정육점,식료품 중 '정육'을 판매·제공하는 매장,train,정육,T4 구어·문장,f389b053-08d7-4cad-9ca8-b20d0a89349a,진한우짝갈비,한우,강서다온골목형상점가,골목형상점가,충청북도,,,
b88866e7eb47e0f23f76,full_annotation_v1,A,q_정육_20,한우 정육점,식료품 중 '정육'을 판매·제공하는 매장,train,정육,T4 구어·문장,232085ce-47fa-4072-8c7c-1507de3f445f,그린빌펜션,,보성녹차 골목형상점가,골목형상점가,,,,
79b1a4aab34248ff70b0,full_annotation_v1,A,q_정육_20,한우 정육점,식료품 중 '정육'을 판매·제공하는 매장,train,정육,T4 구어·문장,00831405-3dce-4f59-90cd-81fc3f837a63,보광축산,정육,원당시장(구 원당전통시장),전통시장,경기도,,,
370065ab0b0c0111cd61,full_annotation_v1,A,q_정육_20,한우 정육점,식료품 중 '정육'을 판매·제공하는 매장,train,정육,T4 구어·문장,00f60c16-d8be-497f-80f2-aab3209a8d0e,포카포카,식당,전남여고후문 골목형상점가,골목형상점가,광주광역시,,,
aed9303e852b7450d1bd,full_annotation_v1,A,q_정육_20,한우 정육점,식료품 중 '정육'을 판매·제공하는 매장,train,정육,T4 구어·문장,215b8aa1-abdb-4ed2-bdf4-62a07ad9ed12,육다미,정육점,사리골상점가,자율상권구역,경기도,,,
e899d38a1000536ed579,full_annotation_v1,A,q_정육_20,한우 정육점,식료품 중 '정육'을 판매·제공하는 매장,train,정육,T4 구어·문장,023a95f4-f5cb-4b2e-b978-690c41d48d54,대송회센타,식당,대송시장,전통시장,울산광역시,,,
ab476df233bbc2dbc179,full_annotation_v1,A,q_정육_20,한우 정육점,식료품 중 '정육'을 판매·제공하는 매장,train,정육,T4 구어·문장,033ab0da-f546-4879-93a7-5bf7e6327bf3,시장식당,국밥,광양5일시장,전통시장,,,,
a321cdc2f7a3b69064c6,full_annotation_v1,A,q_정육_20,한우 정육점,식료품 중 '정육'을 판매·제공하는 매장,train,정육,T4 구어·문장,91425ef0-f0bf-4080-823f-1fc07d4a9b53,우뜸,한우,혁신도시5구역골목형상점가,골목형상점가,강원특별자치도,,,
bf45fe134da3dbe37296,full_annotation_v1,A,q_정육_20,한우 정육점,식료품 중 '정육'을 판매·제공하는 매장,train,정육,T4 구어·문장,672f1302-571d-4af3-8fcc-83ddd2caabbc,참고깃간,,명륜시실로 골목형상점가,골목형상점가,부산광역시,,,
84a26cf9633e59bcb0e8,full_annotation_v1,A,q_정육_20,한우 정육점,식료품 중 '정육'을 판매·제공하는 매장,train,정육,T4 구어·문장,3ee575e1-4820-484b-97e6-77bc6551ac17,부여정육점,정육점,부여시장,전통시장,충청남도,,,
caae5696551d7cf78ad1,full_annotation_v1,A,q_정육_20,한우 정육점,식료품 중 '정육'을 판매·제공하는 매장,train,정육,T4 구어·문장,01b07bdf-116e-48b9-851c-721796f85bb4,한숲축산,정육점,남사한숲 골목형상점가,골목형상점가,경기도,,,
c851f4711d55354821b3,full_annotation_v1,A,q_정육_20,한우 정육점,식료품 중 '정육'을 판매·제공하는 매장,train,정육,T4 구어·문장,12bc5de9-79a7-42bb-be61-e9a68672f8ae,백년한우,정육점,경서골목형상점가,골목형상점가,인천광역시,,,
ff0ed40d94300762a3e8,full_annotation_v1,A,q_정육_20,한우 정육점,식료품 중 '정육'을 판매·제공하는 매장,train,정육,T4 구어·문장,00a5a31e-6208-4900-9553-18f188bfcbfc,올바른고깃간일곡점,정육점,일곡동 골목형상점가,골목형상점가,광주광역시,,,
9ed8821d3ca4b187027e,full_annotation_v1,A,q_정육_20,한우 정육점,식료품 중 '정육'을 판매·제공하는 매장,train,정육,T4 구어·문장,464b7d6f-c209-42c7-92d1-8902e1d9f730,한우잡는날,한우,태전패션거리 골목형상점가,골목형상점가,대구광역시,,,
b2c9ed03d68d9c204577,full_annotation_v1,A,q_정육_20,한우 정육점,식료품 중 '정육'을 판매·제공하는 매장,train,정육,T4 구어·문장,00ac87c2-aed5-4a62-8b09-76cbea625145,내고향청보리한우직판장,소고기 돼지고기,마륵동상인회 골목형상점가,골목형상점가,광주광역시,,,
dadaf9aaa5f13d5fe46b,full_annotation_v1,A,q_정육_20,한우 정육점,식료품 중 '정육'을 판매·제공하는 매장,train,정육,T4 구어·문장,8088cd23-35d3-4029-ba28-39aa1f435d8b,한우촌,정육점,동울산종합시장,전통시장,울산광역시,,,
f67c4c11c5b417b669bc,full_annotation_v1,A,q_정육_20,한우 정육점,식료품 중 '정육'을 판매·제공하는 매장,train,정육,T4 구어·문장,032b7c2d-89ad-4b7e-9563-c9c67c6381a9,명품한우,한우,신포동개항길골목형상점가,골목형상점가,인천광역시,,,
ed1cb84274b7899a2185,full_annotation_v1,A,q_정육_20,한우 정육점,식료품 중 '정육'을 판매·제공하는 매장,train,정육,T4 구어·문장,9713f264-61ab-45b9-885a-9bdf63591d58,착한정육점,정육점,"호성2길, 3길 골목형상점가",골목형상점가,전북특별자치도,,,
13e3db246dc32250b08f,full_annotation_v1,A,q_정육_20,한우 정육점,식료품 중 '정육'을 판매·제공하는 매장,train,정육,T4 구어·문장,05be8e6e-05cb-43d5-8c9e-ab68776e957b,낙원갈비집 부천옥길점,,부천 옥길 골목형상점가,골목형상점가,경기도,,,
41300c80abca77a32f86,full_annotation_v1,A,q_정육_20,한우 정육점,식료품 중 '정육'을 판매·제공하는 매장,train,정육,T4 구어·문장,00176890-ac4c-4ce1-bf5b-c5e45dbf9c43,시골정육점,축산,답십리시장,전통시장,서울특별시,,,
0db3f7803323df287329,full_annotation_v1,A,q_정육_20,한우 정육점,식료품 중 '정육'을 판매·제공하는 매장,train,정육,T4 구어·문장,01e3bdc3-fa69-409b-9f56-9ab1b44ede16,바우닭강정,닭강정,자양전통시장,전통시장,서울특별시,,,
2892443cc045e4e71148,full_annotation_v1,A,q_정육_20,한우 정육점,식료품 중 '정육'을 판매·제공하는 매장,train,정육,T4 구어·문장,47f5b548-f5f9-4bc3-90a1-72f68c8d9166,유구정육점,정육점,유구시장,전통시장,충청남도,,,
5c98624484f1d055aeaf,full_annotation_v1,A,q_정육_20,한우 정육점,식료품 중 '정육'을 판매·제공하는 매장,train,정육,T4 구어·문장,d0fa2e94-3351-4d69-b4c6-69d4714b4d51,착한정육점,정육점,보령한내시장,전통시장,충청남도,,,
a1c2113289723344b84c,full_annotation_v1,A,q_정육_20,한우 정육점,식료품 중 '정육'을 판매·제공하는 매장,train,정육,T4 구어·문장,89ce291a-591a-44c8-b7a9-5a4082e6140c,한우대장,정육점,어울림 골목형상점가,골목형상점가,서울특별시,,,
30ff7862344719537beb,full_annotation_v1,A,q_정육_20,한우 정육점,식료품 중 '정육'을 판매·제공하는 매장,train,정육,T4 구어·문장,abdde709-90c4-44c7-89c7-b329220ac3f6,더한우,정육점,천안중앙시장,전통시장,충청남도,,,
bb5d9bea050804617066,full_annotation_v1,A,q_정육_20,한우 정육점,식료품 중 '정육'을 판매·제공하는 매장,train,정육,T4 구어·문장,0007af17-f23e-49b9-b7c1-5a9968727cfd,오늘닭강정,닭강정,목원대 골목형상점가,골목형상점가,대전광역시,,,
c376ee5ad92873e69c2d,full_annotation_v1,A,q_정육_20,한우 정육점,식료품 중 '정육'을 판매·제공하는 매장,train,정육,T4 구어·문장,0072ddc8-1b0b-4a64-b9d0-9eb309854f0c,오뚜기정육점,정육,김제중앙시장,전통시장,전북특별자치도,,,
d4666a8dc7025a170b58,full_annotation_v1,A,q_정육_20,한우 정육점,식료품 중 '정육'을 판매·제공하는 매장,train,정육,T4 구어·문장,370fb4c4-5054-41ae-a494-98e01c86a098,착한정육점,정육점,구역전시장,전통시장,울산광역시,,,
8d87ecaac1bdb1758873,full_annotation_v1,A,q_정육_20,한우 정육점,식료품 중 '정육'을 판매·제공하는 매장,train,정육,T4 구어·문장,390d2ec4-e598-4e38-a277-eb07077c0689,도든 정육점,,중앙신시장,전통시장,경상북도,,,
8303305d225c474fa978,full_annotation_v1,A,q_정육_20,한우 정육점,식료품 중 '정육'을 판매·제공하는 매장,train,정육,T4 구어·문장,40d02b4d-0dc1-486a-bdf7-0d8eb0ff628f,정육점,축산물,원적로골목형상점가,골목형상점가,인천광역시,,,
82da4a5382509789c99a,full_annotation_v1,A,q_정육_20,한우 정육점,식료품 중 '정육'을 판매·제공하는 매장,train,정육,T4 구어·문장,8e2f34e4-b1c8-45bb-8a0d-0baaf73fe7ad,버터,의류,중랑동부시장,전통시장,서울특별시,,,
a93d962fac6b034d1fbd,full_annotation_v1,A,q_정육_20,한우 정육점,식료품 중 '정육'을 판매·제공하는 매장,train,정육,T4 구어·문장,ff4c1574-8fb1-43fb-b36e-d0980b00e01d,장터할인마트,"슈퍼, 담배 소매업",열우물전통시장( 구 십정종합시장),전통시장,인천광역시,,,
5396bef13dff4875ef5e,full_annotation_v1,A,q_정육_20,한우 정육점,식료품 중 '정육'을 판매·제공하는 매장,train,정육,T4 구어·문장,2011f9cb-e159-4832-b02b-4b3137bdb6fb,한우잡는날,한우,백운브릿지 골목형상점가,골목형상점가,광주광역시,,,
71182735d8768541e2f1,full_annotation_v1,A,q_정육_20,한우 정육점,식료품 중 '정육'을 판매·제공하는 매장,train,정육,T4 구어·문장,01286ec0-50e0-4540-b678-ec706fb3bcbb,설곰식당,식당,산업용재관,전통시장,대구광역시,,,
23af01e84de8c9be4299,full_annotation_v1,A,q_정육_20,한우 정육점,식료품 중 '정육'을 판매·제공하는 매장,train,정육,T4 구어·문장,e91de9ad-912c-44d0-b56f-0e4474c6448e,한가람유부김밥,김밥,우산매일시장,전통시장,광주광역시,,,
71c9f88e5d8423728e06,full_annotation_v1,A,q_정육_20,한우 정육점,식료품 중 '정육'을 판매·제공하는 매장,train,정육,T4 구어·문장,f11152c3-bd3d-4394-ad71-520a15258720,정육점,정육,효천2지구 골목형상점가,골목형상점가,광주광역시,,,
1552e547b44a8fd54519,full_annotation_v1,A,q_정육_20,한우 정육점,식료품 중 '정육'을 판매·제공하는 매장,train,정육,T4 구어·문장,0091c18f-a074-4703-9af5-05c6495e38af,이지비야,고기,아름다운삼정로 골목형상점가,골목형상점가,광주광역시,,,
69b0bc050c2de5c9b714,full_annotation_v1,A,q_정육_20,한우 정육점,식료품 중 '정육'을 판매·제공하는 매장,train,정육,T4 구어·문장,04564ea5-0be4-4ee2-8519-e8fcaffe3485,쌍둥이국밥,국밥,첨단이웃사랑 골목형상점가,골목형상점가,광주광역시,,,
f9abf50d4ecef3c6bac9,full_annotation_v1,A,q_정육_20,한우 정육점,식료품 중 '정육'을 판매·제공하는 매장,train,정육,T4 구어·문장,3e6a2059-5bed-44e4-b9cc-a39468de8043,준이네 푸줏간,,연동시장,전통시장,부산광역시,,,
e528fe657258be160a09,full_annotation_v1,A,q_정육_20,한우 정육점,식료품 중 '정육'을 판매·제공하는 매장,train,정육,T4 구어·문장,7539b28d-25dd-4718-bf64-95e2ecd9cce1,샘밭숯불구이,한우,원주미로예술중앙시장(원주중앙시장),전통시장,강원특별자치도,,,
3a99745c6e8ffa09aa18,full_annotation_v1,A,q_정육_20,한우 정육점,식료품 중 '정육'을 판매·제공하는 매장,train,정육,T4 구어·문장,8263946a-8c00-4933-953e-8539797657b4,중앙정육점,정육점,신장전통시장,전통시장,경기도,,,
151595f28b5fa1454067,full_annotation_v1,A,q_정육_20,한우 정육점,식료품 중 '정육'을 판매·제공하는 매장,train,정육,T4 구어·문장,ea603913-76dc-43aa-ada9-a5edaf1358e4,육격,정육점,동울산시장 상점가,자율상권구역,울산광역시,,,
c3abb839a007ca6cac3b,full_annotation_v1,A,q_정육_20,한우 정육점,식료품 중 '정육'을 판매·제공하는 매장,train,정육,T4 구어·문장,0038f694-919c-4289-8bc1-a5e6549274e1,달인닭강정,닭강정,서귀포매일올레시장,전통시장,제주특별자치도,,,
00bd6bbd4ad2ff4fe571,full_annotation_v1,A,q_정육_20,한우 정육점,식료품 중 '정육'을 판매·제공하는 매장,train,정육,T4 구어·문장,00bdaed4-8c0c-4e39-9198-736e0be49945,대신식육,식육,중앙식료시장(중앙먹통시장),전통시장,전라남도,,,
c7eeef2b7cfb530077ce,full_annotation_v1,A,q_정육_20,한우 정육점,식료품 중 '정육'을 판매·제공하는 매장,train,정육,T4 구어·문장,564de640-694f-4797-af66-a5d1df9c489f,푸줏간,,김천평화시장,전통시장,경상북도,,,
9b0aebd75ddcd12e6078,full_annotation_v1,A,q_정육_20,한우 정육점,식료품 중 '정육'을 판매·제공하는 매장,train,정육,T4 구어·문장,f398a9db-9afa-463e-a641-3a835994c989,다비축산,정육점,조종시장,전통시장,경기도,,,
d9f6ffdd5be5ebe5eb44,full_annotation_v1,A,q_정육_20,한우 정육점,식료품 중 '정육'을 판매·제공하는 매장,train,정육,T4 구어·문장,1c3be4ab-2c0b-4887-9652-68925ab3fa1c,노랑한우,정육점,삼각동 골목형상점가,골목형상점가,광주광역시,,,
09f2a1b2d266f5b7bac7,full_annotation_v1,A,q_정육_20,한우 정육점,식료품 중 '정육'을 판매·제공하는 매장,train,정육,T4 구어·문장,0363b125-0829-46ae-b0be-f23ada850390,정성육회울산송정점,한우뭉티기&한우육회,송정청춘 골목형상점가,골목형상점가,울산광역시,,,
e7bd174511dc12e450ef,full_annotation_v1,A,q_정육_20,한우 정육점,식료품 중 '정육'을 판매·제공하는 매장,train,정육,T4 구어·문장,cb612035-3577-4870-b742-49deb49ed39d,큰통치킨둔산점,치킨,둔산3동상점가,자율상권구역,대전광역시,,,
5486e3df1390cd9192e8,full_annotation_v1,A,q_정육_20,한우 정육점,식료품 중 '정육'을 판매·제공하는 매장,train,정육,T4 구어·문장,7bee8dbd-ce0f-4223-b62f-e9dbde08172a,썰다 정육점,식육,삼산가구전문거리,골목형상점가,울산광역시,,,
3731fe27f6d31a217f9c,full_annotation_v1,A,q_정육_20,한우 정육점,식료품 중 '정육'을 판매·제공하는 매장,train,정육,T4 구어·문장,7d6947c6-18da-44be-8856-be2239fc4415,나주곰탕본가,한우,고잔뜰 상점가,자율상권구역,경기도,,,
0d1dd275ab105f9fcc8a,full_annotation_v1,A,q_정육_20,한우 정육점,식료품 중 '정육'을 판매·제공하는 매장,train,정육,T4 구어·문장,0034b8e3-c78f-4e08-9a23-2414863de721,정육공방,소고기 돼지고기,구갈상점가,자율상권구역,경기도,,,
f7b49b7cb66aa7316fb6,full_annotation_v1,A,q_정육_20,한우 정육점,식료품 중 '정육'을 판매·제공하는 매장,train,정육,T4 구어·문장,01c857cd-3f28-4d83-8fa4-e0abcfb44fbd,수연국밥,국밥,두암사거리 골목형상점가,골목형상점가,광주광역시,,,
815a6dd1c59b8e7934ba,full_annotation_v1,A,q_정육_20,한우 정육점,식료품 중 '정육'을 판매·제공하는 매장,train,정육,T4 구어·문장,004764d4-5ad9-4f22-81bb-48eac27e9e4b,60계치킨 야탑점,치킨,야탑 골목형상점가,골목형상점가,경기도,,,
2485e38711e961fe59e5,full_annotation_v1,A,q_정육_20,한우 정육점,식료품 중 '정육'을 판매·제공하는 매장,train,정육,T4 구어·문장,0367e5f3-1bf4-4d8a-bac6-655fcc2eda3f,큰집닭강정,닭강정,신도봉시장,전통시장,서울특별시,,,
28a0ed532fcdc22a5e8a,full_annotation_v1,A,q_정육_20,한우 정육점,식료품 중 '정육'을 판매·제공하는 매장,train,정육,T4 구어·문장,55ac1c6b-cf67-40e3-82bf-e0d8afa51cc1,별난 정육점,한우.한돈.수입육,남사한숲 골목형상점가,골목형상점가,경기도,,,
f45bc0e754db248fce18,full_annotation_v1,A,q_정육_20,한우 정육점,식료품 중 '정육'을 판매·제공하는 매장,train,정육,T4 구어·문장,2a54737e-cc94-4be0-a200-1ef2f3c5f17f,포항초 한우 불고기,한우,포항 대이상가 골목형상점가,골목형상점가,경상북도,,,
139a5d4a1ae955145534,full_annotation_v1,A,q_정육_20,한우 정육점,식료품 중 '정육'을 판매·제공하는 매장,train,정육,T4 구어·문장,4e0d8c46-5574-452c-a1e2-f15be65f6b76,시장정육점,정육점,양구중앙시장,전통시장,강원특별자치도,,,
f222f9865389ae4b10bc,full_annotation_v1,A,q_정육_20,한우 정육점,식료품 중 '정육'을 판매·제공하는 매장,train,정육,T4 구어·문장,134e4d6f-5230-4010-94f2-bf0406d2d2c3,축협한우프라자,한우,석곡동 골목형상점가,골목형상점가,광주광역시,,,
7aa2d2b4151e890f6624,full_annotation_v1,A,q_정육_20,한우 정육점,식료품 중 '정육'을 판매·제공하는 매장,train,정육,T4 구어·문장,2538e343-dfd5-475d-911b-489c58742748,신개념 푸줏간,,새천년 골목형상점가,골목형상점가,경기도,,,
ee1a070eea0d1fca2f3d,full_annotation_v1,A,q_정육_20,한우 정육점,식료품 중 '정육'을 판매·제공하는 매장,train,정육,T4 구어·문장,2a2b4863-38da-49bb-bb3d-28dfeb744ae1,믿을겸 한우,한우,삼각동 골목형상점가,골목형상점가,광주광역시,,,
b2952b02f3a418a7d5a4,full_annotation_v1,A,q_정육_20,한우 정육점,식료품 중 '정육'을 판매·제공하는 매장,train,정육,T4 구어·문장,5e3090f4-4a4d-4a28-9e71-dd6eb3548041,태산축산,한우,계림두산위브 골목형상점가,골목형상점가,광주광역시,,,
53b47604a75c30964c9d,full_annotation_v1,A,q_정육_20,한우 정육점,식료품 중 '정육'을 판매·제공하는 매장,train,정육,T4 구어·문장,de672acc-5df1-4c94-9328-01a72b7f4249,고기조아 정육점,정육점,송도랜드마크시티 센트럴더샵 골목형상점가,골목형상점가,인천광역시,,,
e1659cad9bf06b0ab517,full_annotation_v1,A,q_정육_20,한우 정육점,식료품 중 '정육'을 판매·제공하는 매장,train,정육,T4 구어·문장,da4c9f26-6370-4167-8a22-d89b111b3e17,이헌한우,한우,상무중앙공원상인회 골목형상점가,골목형상점가,광주광역시,,,
b84b606616147e5bf747,full_annotation_v1,A,q_정육_20,한우 정육점,식료품 중 '정육'을 판매·제공하는 매장,train,정육,T4 구어·문장,3a3070fa-5fa3-42b4-8c93-07a6ddc023af,디에이치축산,한우,오치1동(제2지역:북부소방서 사거리) 골목형상점가,골목형상점가,광주광역시,,,
37365058709e303038de,full_annotation_v1,A,q_정육_20,한우 정육점,식료품 중 '정육'을 판매·제공하는 매장,train,정육,T4 구어·문장,c51b7c92-cc2b-4447-bbda-1c5efe71e848,모모정육점,정육점,구매탄시장,전통시장,경기도,,,
8ba6b52cb6387059215d,full_annotation_v1,A,q_정육_20,한우 정육점,식료품 중 '정육'을 판매·제공하는 매장,train,정육,T4 구어·문장,b44f85be-7fc4-4376-a402-3ef024796f99,한우마을,한우,태백중앙로상점가,자율상권구역,강원특별자치도,,,
4d786f7c1f29eb6a76b2,full_annotation_v1,A,q_정육_20,한우 정육점,식료품 중 '정육'을 판매·제공하는 매장,train,정육,T4 구어·문장,f5047704-a0f5-45da-b27b-faed35e131dc,보람투뿔한우,정육점,송화벽화시장,전통시장,서울특별시,,,
027a72f2da4fe287819b,full_annotation_v1,A,q_정육_20,한우 정육점,식료품 중 '정육'을 판매·제공하는 매장,train,정육,T4 구어·문장,200ca858-e6ae-4a21-bbef-c4906795c3d4,축산사랑,정육점,오목교중앙시장,전통시장,서울특별시,,,
26475275ff2c01023941,full_annotation_v1,A,q_정육_20,한우 정육점,식료품 중 '정육'을 판매·제공하는 매장,train,정육,T4 구어·문장,080611f9-2bc6-485c-88ff-62a839f9cbd2,푸줏간 수정점,,황금수정 골목형상점가,골목형상점가,부산광역시,,,
5cc1b829a82c0f9831f5,full_annotation_v1,A,q_정육_20,한우 정육점,식료품 중 '정육'을 판매·제공하는 매장,train,정육,T4 구어·문장,15cb16d3-4db7-4496-a6e5-d4d3c2744f82,대박축산,정육점,용인중앙시장,전통시장,경기도,,,
18e370b014773fbc83a6,full_annotation_v1,A,q_정육_20,한우 정육점,식료품 중 '정육'을 판매·제공하는 매장,train,정육,T4 구어·문장,cef4774e-d222-45bf-8559-dfe79e2e408e,이동한우,한우,포항 대이상가 골목형상점가,골목형상점가,경상북도,,,
da6563d6b799e1ed4593,full_annotation_v1,A,q_정육_20,한우 정육점,식료품 중 '정육'을 판매·제공하는 매장,train,정육,T4 구어·문장,60bc5d12-e360-4095-a852-353ea3c4e13e,이헌한우,한우,운천호수공원상인회 골목형상점가,골목형상점가,광주광역시,,,
cf851ef5ffcfb7027bf5,full_annotation_v1,A,q_정육_20,한우 정육점,식료품 중 '정육'을 판매·제공하는 매장,train,정육,T4 구어·문장,45a09330-9153-49d1-9a60-11771ff6f7f0,우둥한우 정육,한우,빛가람 하나로 골목형상점가,골목형상점가,전라남도,,,
94f731964bf1d14c76da,full_annotation_v1,A,q_정육_20,한우 정육점,식료품 중 '정육'을 판매·제공하는 매장,train,정육,T4 구어·문장,c85c7a78-ff4a-4006-8524-98b021545380,제일한우,한우,마장축산물시장,전통시장,서울특별시,,,
3b98edad4c93ddcc37fb,full_annotation_v1,A,q_정육_20,한우 정육점,식료품 중 '정육'을 판매·제공하는 매장,train,정육,T4 구어·문장,02235e2b-ba17-4b33-aacc-c1d96790e83e,바다담은구이,식당,정릉시장,전통시장,서울특별시,,,
405d423f83685c3976a5,full_annotation_v1,A,q_정육_20,한우 정육점,식료품 중 '정육'을 판매·제공하는 매장,train,정육,T4 구어·문장,9f7558ca-5c00-44bb-bdf9-c423bd7d43d1,중앙정육점,정육점,대전정원시장,전통시장,대전광역시,,,
79e0366dfc61688e6258,full_annotation_v1,A,q_정육_20,한우 정육점,식료품 중 '정육'을 판매·제공하는 매장,train,정육,T4 구어·문장,84ec230c-7fbe-4879-979d-30e139dab7e0,한우 일번지,"한우, 돼지",용대로119번길 골목형상점가,골목형상점가,광주광역시,,,
a4f6039fd4d95990ed9a,full_annotation_v1,A,q_정육_20,한우 정육점,식료품 중 '정육'을 판매·제공하는 매장,train,정육,T4 구어·문장,0287935d-6e8e-465e-930c-b5e8e06c38c4,탄방 고기돈,삼겹살,탄방새마을 골목형상점가,골목형상점가,대전광역시,,,
f52c7a036d475def845d,full_annotation_v1,A,q_정육_20,한우 정육점,식료품 중 '정육'을 판매·제공하는 매장,train,정육,T4 구어·문장,382f5e8c-b8c2-4c78-a33e-c50d0853fc76,경포상회,활어,민락회타운시장,전통시장,부산광역시,,,
a53149e92f55e0e151e8,full_annotation_v1,A,q_정육_20,한우 정육점,식료품 중 '정육'을 판매·제공하는 매장,train,정육,T4 구어·문장,001dda38-7874-4460-b3b0-a5717b6c36d7,오송 곱창,"한우곱창, 한우막창, 한우모듬, 한우대창, 한우염통",오송1산단오스코로골목형상점가,골목형상점가,충청북도,,,
4206df3a87e0a3ef6336,full_annotation_v1,A,q_정육_20,한우 정육점,식료품 중 '정육'을 판매·제공하는 매장,train,정육,T4 구어·문장,83c4eaaa-68ea-405c-b348-9b3f02aa09e7,정육명가,정육점,평택통복시장,전통시장,경기도,,,
a729f0aefb7b80e59cf2,full_annotation_v1,A,q_정육_20,한우 정육점,식료품 중 '정육'을 판매·제공하는 매장,train,정육,T4 구어·문장,5c447c7c-a02b-43d9-bc38-ccc8af6e5d61,한가족정육점,정육점,송천중앙로 골목형상점가,골목형상점가,전북특별자치도,,,
232009fb712584cb3ff1,full_annotation_v1,A,q_정육_20,한우 정육점,식료품 중 '정육'을 판매·제공하는 매장,train,정육,T4 구어·문장,6510512b-767e-4b4a-b6cf-8594f577a3fa,승오한우전문점,한우,혁신도시2구역골목형상점가,골목형상점가,강원특별자치도,,,
ff90ac2e148bbdaf0781,full_annotation_v1,A,q_정육_20,한우 정육점,식료품 중 '정육'을 판매·제공하는 매장,train,정육,T4 구어·문장,003d2015-a21c-44e2-9d66-c6f97ba3c296,집중호우,한우,하단자율상권구역,기타,부산광역시,,,
66f7178a82cc911c6954,full_annotation_v1,A,q_정육_20,한우 정육점,식료품 중 '정육'을 판매·제공하는 매장,train,정육,T4 구어·문장,022fb5a6-69f4-4765-88db-4228cac2ef69,랭상1992,삼겹살,오치2동 골목형상점가,골목형상점가,광주광역시,,,
81efe6f3d25afd7d6b75,full_annotation_v1,A,q_정육_20,한우 정육점,식료품 중 '정육'을 판매·제공하는 매장,train,정육,T4 구어·문장,54dac38d-2aa5-470a-8a02-2344f5bd7115,오롯한한그릇,한식,영월중앙시장,자율상권구역,강원특별자치도,,,
e99351639eb685aabed3,full_annotation_v1,A,q_정육_20,한우 정육점,식료품 중 '정육'을 판매·제공하는 매장,train,정육,T4 구어·문장,c4aba917-0481-415e-b3e4-0e7862173e5d,시장식육점,정육점,선산봉황시장(구 선산종합시장),전통시장,경상북도,,,
0b7cc96cbae07d3f64f5,full_annotation_v1,A,q_정육_20,한우 정육점,식료품 중 '정육'을 판매·제공하는 매장,train,정육,T4 구어·문장,6841a5d6-f02a-4727-a8f1-bf8a50b86d1f,정직한 한우,한우 한돈 육류 정육점,더중산 골목형상점가,골목형상점가,울산광역시,,,
014f818adbf8d0866cda,full_annotation_v1,A,q_정육_20,한우 정육점,식료품 중 '정육'을 판매·제공하는 매장,train,정육,T4 구어·문장,63ecd7f6-ca58-4798-aa32-09c414206581,목사골농장지점,한우,골든빌유탑스위첸일원 상인회 골목형상점가,골목형상점가,광주광역시,,,
98b6bf165def98fff576,full_annotation_v1,A,q_정육_20,한우 정육점,식료품 중 '정육'을 판매·제공하는 매장,train,정육,T4 구어·문장,857c6774-fb13-4c95-865f-d9580a125d7c,시장식육점,정육점,산청시장,전통시장,경상남도,,,
1bcb02384d523066bc50,full_annotation_v1,A,q_정육_20,한우 정육점,식료품 중 '정육'을 판매·제공하는 매장,train,정육,T4 구어·문장,69a93c49-0944-4598-b20a-e17188e0f4cf,한우큰장터매월동,한우,매월동상인회 골목형상점가,골목형상점가,광주광역시,,,
d3b3af2ceed7959bec3a,full_annotation_v1,A,q_정육_20,한우 정육점,식료품 중 '정육'을 판매·제공하는 매장,train,정육,T4 구어·문장,607770d9-d4fb-4782-bc96-3bbcbbc116b4,행복한 정육점,정육점,병점중심상가,자율상권구역,경기도,,,
e0e0e49021bd0164233b,full_annotation_v1,A,q_정육_20,한우 정육점,식료품 중 '정육'을 판매·제공하는 매장,train,정육,T4 구어·문장,009f034c-8e3b-4a32-aab3-55ece8718004,장봐주는언니 임동점,농수축산물및 가공식품,제니스 골목형상점가,골목형상점가,광주광역시,,,
a4d3790bd95779a052e6,full_annotation_v1,A,q_정육_20,한우 정육점,식료품 중 '정육'을 판매·제공하는 매장,train,정육,T4 구어·문장,31b1d97a-80ba-49c2-a444-60895914a6b9,무등산한우판매장,한우,학소로 골목형상점가,골목형상점가,광주광역시,,,
78f2a0f4cb214f8a485f,full_annotation_v1,A,q_정육_20,한우 정육점,식료품 중 '정육'을 판매·제공하는 매장,train,정육,T4 구어·문장,5be8c3ac-d3d3-40dc-b319-46624f869a30,쉐르빌약국,의약품,당산동5가 골목형상점가,골목형상점가,서울특별시,,,
2dc86106403105c22164,full_annotation_v1,A,q_정육_20,한우 정육점,식료품 중 '정육'을 판매·제공하는 매장,train,정육,T4 구어·문장,f80f312c-9f71-4ce5-a156-9fbde803ea48,한우마을,한우,매산시장,전통시장,경기도,,,
8e9571017decd159dd36,full_annotation_v1,A,q_정육_20,한우 정육점,식료품 중 '정육'을 판매·제공하는 매장,train,정육,T4 구어·문장,00265ad2-bd74-4057-b201-f6a798a8a4c9,칠분통닭오치점,치킨,오치2동 골목형상점가,골목형상점가,광주광역시,,,
ff82ed882749c9498bd8,full_annotation_v1,A,q_정육_20,한우 정육점,식료품 중 '정육'을 판매·제공하는 매장,train,정육,T4 구어·문장,a31ac9b2-2f87-45c6-bdf7-a7c6e222eee6,정육공간,정육점,개금골목시장,전통시장,부산광역시,,,
ad0241aecbeac49730df,full_annotation_v1,A,q_정육_20,한우 정육점,식료품 중 '정육'을 판매·제공하는 매장,train,정육,T4 구어·문장,b6d7b637-cc77-4028-90a4-975efed81c1c,그레인몰,,양산 북부시장,전통시장,경상남도,,,
f1fceab56658a8ff0b30,full_annotation_v1,A,q_정육_20,한우 정육점,식료품 중 '정육'을 판매·제공하는 매장,train,정육,T4 구어·문장,008615e0-6a3d-45a3-b0ce-af168ae6e16e,행담정육점,소고기 돼지고기 정육,대곡시장,전통시장,대구광역시,,,
eedb2040fdeb0ffa6c23,full_annotation_v1,A,q_정육_20,한우 정육점,식료품 중 '정육'을 판매·제공하는 매장,train,정육,T4 구어·문장,263d4cd1-5a0d-45b6-9e68-b38558e9f160,고깃간,,부평종합시장,전통시장,인천광역시,,,
8c296b75c4cd470af8a3,full_annotation_v1,A,q_정육_20,한우 정육점,식료품 중 '정육'을 판매·제공하는 매장,train,정육,T4 구어·문장,617a69de-ddc4-44a7-8805-7e199e661233,한우 생고기 정육점,육류,옥골시장,전통시장,울산광역시,,,
9cb2574f42b3513270cb,full_annotation_v1,A,q_정육_20,한우 정육점,식료품 중 '정육'을 판매·제공하는 매장,train,정육,T4 구어·문장,000d4d47-3a3f-4a73-9fce-cd3802a5ebb3,은여우두마리치킨,치킨,봉곡우전로 골목형상점가,골목형상점가,전북특별자치도,,,
fadb4613c8a59ff55eac,full_annotation_v1,A,q_정육_20,한우 정육점,식료품 중 '정육'을 판매·제공하는 매장,train,정육,T4 구어·문장,b828bb72-40e7-4e05-93de-7fe63f285933,작업소 한우,,해운대 화목쇼핑타운 골목형 상점가,골목형상점가,부산광역시,,,
6b1cd2bb33db32e85eab,full_annotation_v1,A,q_정육_20,한우 정육점,식료품 중 '정육'을 판매·제공하는 매장,train,정육,T4 구어·문장,490ef71b-a1a7-49f5-82bf-0a70892d0dbb,푸줏간,정육점,대송시장,전통시장,울산광역시,,,
f4cff40ddaac559f28ba,full_annotation_v1,A,q_정육_20,한우 정육점,식료품 중 '정육'을 판매·제공하는 매장,train,정육,T4 구어·문장,7ef45bce-d316-49ad-8223-6738fdf38e66,또봉이통닭평화점,통닭,꽃밭정이 골목형상점가,골목형상점가,전북특별자치도,,,
7e744379b97bb422297e,full_annotation_v1,A,q_정육_20,한우 정육점,식료품 중 '정육'을 판매·제공하는 매장,train,정육,T4 구어·문장,00e45da9-1bb4-42fa-b0a8-63cdcea52143,수유중앙축산물백화점,정육,수유중앙시장,전통시장,서울특별시,,,
bfed3ce4afcb3451a81d,full_annotation_v1,A,q_정육_20,한우 정육점,식료품 중 '정육'을 판매·제공하는 매장,train,정육,T4 구어·문장,9455f6cc-5660-49e1-8a9e-92fbb6a2552a,화백특별전,한우,첨단월봉로 골목형상점가,골목형상점가,광주광역시,,,
932fc3788e5b9e68e861,full_annotation_v1,A,q_정육_20,한우 정육점,식료품 중 '정육'을 판매·제공하는 매장,train,정육,T4 구어·문장,27b1126b-ffa4-4108-89df-f7db5c6c20aa,한우정육소방배직영점,한우,방배카페골목 골목형상점가,골목형상점가,서울특별시,,,
3968ad6c4b48b349af2f,full_annotation_v1,A,q_정육_20,한우 정육점,식료품 중 '정육'을 판매·제공하는 매장,train,정육,T4 구어·문장,504bcd2b-6723-4dff-b8eb-d5a8e6c9a9b9,해남한우집,한우,수완머그로 골목형상점가,골목형상점가,광주광역시,,,
684eb81c828b57505429,full_annotation_v1,A,q_정육_20,한우 정육점,식료품 중 '정육'을 판매·제공하는 매장,train,정육,T4 구어·문장,fa79476f-6e41-4e44-ba2b-20a966f5030b,용한우,한우,어울림마당 골목형상점가,골목형상점가,부산광역시,,,
74d353ce57d27ebde14c,full_annotation_v1,A,q_정육_20,한우 정육점,식료품 중 '정육'을 판매·제공하는 매장,train,정육,T4 구어·문장,db5a7c73-cd91-4348-88d6-259b1e8d83b7,산너머남촌,한우,포항 대이상가 골목형상점가,골목형상점가,경상북도,,,
a1aba4ddfc04d30af656,full_annotation_v1,A,q_정육_20,한우 정육점,식료품 중 '정육'을 판매·제공하는 매장,train,정육,T4 구어·문장,95214462-b76d-4b8e-aad7-912955aa071a,우리한우,한우,포항 대이상가 골목형상점가,골목형상점가,경상북도,,,
214d9337f5ea301a5650,full_annotation_v1,A,q_정육_20,한우 정육점,식료품 중 '정육'을 판매·제공하는 매장,train,정육,T4 구어·문장,008f0459-6681-4e70-8149-1a6d9ff1a2a5,육간지,삼겹살,구미 진평음식문화특화거리 골목형상점가,골목형상점가,경상북도,,,
a7cb0188f5ecdab4328d,full_annotation_v1,A,q_정육_20,한우 정육점,식료품 중 '정육'을 판매·제공하는 매장,train,정육,T4 구어·문장,003e9326-9010-4e27-b844-c62b81ad2df8,다이소 광주 호남대점,소매,선운별 골목형상점가,골목형상점가,광주광역시,,,
b7dc63ba96f74b06bc02,full_annotation_v1,A,q_정육_20,한우 정육점,식료품 중 '정육'을 판매·제공하는 매장,train,정육,T4 구어·문장,61e6f691-ff99-4061-9c81-d5b3213a00aa,큰시장 정육점,정육점,홍성전통시장(구 홍성정기시장),전통시장,충청남도,,,
2f5843741749521ae8bb,full_annotation_v1,A,q_정육_20,한우 정육점,식료품 중 '정육'을 판매·제공하는 매장,train,정육,T4 구어·문장,419361e5-f460-440e-b971-31ed37f0e5a7,총각네 정육점,,점봉동상점가,자율상권구역,경기도,,,
98fddd5ec1780400987b,full_annotation_v1,A,q_정육_20,한우 정육점,식료품 중 '정육'을 판매·제공하는 매장,train,정육,T4 구어·문장,f0babd9f-a7d8-4dbb-8532-22a667de0aac,더 신선유통,,진주 청과시장,전통시장,경상남도,,,
54c4fe7608a3592affc9,full_annotation_v1,A,q_정육_20,한우 정육점,식료품 중 '정육'을 판매·제공하는 매장,train,정육,T4 구어·문장,00e3332a-4796-482d-9660-702bcf084fb0,대흥축산,축산물,가락몰골목형상점가,골목형상점가,서울특별시,,,
e40315e3eb0e327a3cad,full_annotation_v1,A,q_정육_20,한우 정육점,식료품 중 '정육'을 판매·제공하는 매장,train,정육,T4 구어·문장,d2755d8f-7255-4326-a893-4a88303db103,천년명가닭강정 영등포점,닭강정,신풍시장 골목형상점가,골목형상점가,서울특별시,,,
bdc4e1cad50f21d613be,full_annotation_v1,A,q_정육_20,한우 정육점,식료품 중 '정육'을 판매·제공하는 매장,train,정육,T4 구어·문장,41d11001-9d7b-4965-9bae-0af94922cf12,철이네고깃간(중흥점),,유동 경열로 골목형상점가,골목형상점가,광주광역시,,,
bfcc254dabf5ae029556,full_annotation_v1,A,q_정육_20,한우 정육점,식료품 중 '정육'을 판매·제공하는 매장,train,정육,T4 구어·문장,118f9102-a7fd-4ceb-a246-402c1d1f5d55,우리들한우,한우,신영주번개시장,전통시장,경상북도,,,
953c857cd937a03b9391,full_annotation_v1,A,q_정육_20,한우 정육점,식료품 중 '정육'을 판매·제공하는 매장,train,정육,T4 구어·문장,6db45279-3845-4d87-9160-603f9669248c,조은한우,정육점,봉선중길 골목형상점가,골목형상점가,광주광역시,,,
02f9df3cf40989e3cee1,full_annotation_v1,A,q_정육_20,한우 정육점,식료품 중 '정육'을 판매·제공하는 매장,train,정육,T4 구어·문장,59245b04-50f1-4d4c-8214-4ebcf4548528,정육점,정육,대야전통시장,전통시장,전북특별자치도,,,
264dcfbd13f4a752fee5,full_annotation_v1,A,q_정육_20,한우 정육점,식료품 중 '정육'을 판매·제공하는 매장,train,정육,T4 구어·문장,0598b6c8-c45e-444c-9b34-ff024b885ee8,서울갈비,갈비,행복상점가,자율상권구역,경상북도,,,
3e3bb5d4775224d6fb5d,full_annotation_v1,A,q_정육_20,한우 정육점,식료품 중 '정육'을 판매·제공하는 매장,train,정육,T4 구어·문장,02cebcf5-9e57-4988-adb9-85afcb577ccd,백미옥,국밥,한마음,골목형상점가,광주광역시,,,
09b91ca356bf18394e98,full_annotation_v1,A,q_정육_20,한우 정육점,식료품 중 '정육'을 판매·제공하는 매장,train,정육,T4 구어·문장,03f541e1-2781-4bd2-91a9-65b9196d82b4,또래오래치킨&참닭,삼겹살,노대물빛근린공원 골목형상점가,골목형상점가,광주광역시,,,
90879ad11a2dcbdea7fb,full_annotation_v1,A,q_정육_20,한우 정육점,식료품 중 '정육'을 판매·제공하는 매장,train,정육,T4 구어·문장,2901d10f-8530-402f-99f8-b692d9e779de,한우잡는날,한우,산수 먹자골목 골목형상점가,골목형상점가,광주광역시,,,
9ceda2bd5f57d297ab8b,full_annotation_v1,A,q_정육_20,한우 정육점,식료품 중 '정육'을 판매·제공하는 매장,train,정육,T4 구어·문장,bc991df2-00ee-4e76-b4cb-81a52ef36b89,밤실한우촌,한우,두암3동 먹자골목 골목형상점가,골목형상점가,광주광역시,,,
2e10dcfaac3aa6d0791e,full_annotation_v1,A,q_정육_20,한우 정육점,식료품 중 '정육'을 판매·제공하는 매장,train,정육,T4 구어·문장,ea722d89-ecdc-44cd-b899-009a7b871d35,민속한우 정육점,,이화 골목형상점가,골목형상점가,,,,
48113519c4ae323304f1,full_annotation_v1,A,q_정육_20,한우 정육점,식료품 중 '정육'을 판매·제공하는 매장,train,정육,T4 구어·문장,23b56fd5-d39c-4a3d-b946-749714d150da,커피집평화점,커피 전문점,꽃밭정이 골목형상점가,골목형상점가,전북특별자치도,,,
1a3e8ea9c4e567c9ae2c,full_annotation_v1,A,q_정육_20,한우 정육점,식료품 중 '정육'을 판매·제공하는 매장,train,정육,T4 구어·문장,0aad5389-cfad-4466-9fe1-d8a04dd60414,시골집숯불갈비,갈비,두암2동광신맨션주변 골목형상점가,골목형상점가,광주광역시,,,
0a44f84efa3e6ba5e8e5,full_annotation_v1,A,q_정육_20,한우 정육점,식료품 중 '정육'을 판매·제공하는 매장,train,정육,T4 구어·문장,0120247f-1a8e-4396-882d-6476485c3f9e,사랑채,삼겹살,봉선먹자골목 골목형상점가,골목형상점가,광주광역시,,,
823059972631a60a8ddd,full_annotation_v1,A,q_정육_21,정육추천,식료품 중 '정육'을 판매·제공하는 매장,train,정육,T6 기계변형,44ec13fb-8a4f-4c5c-ad94-af756fe17f58,시장 정육점,정육,용현시장,전통시장,인천광역시,,,
3cf0e3e442270c9a6982,full_annotation_v1,A,q_정육_21,정육추천,식료품 중 '정육'을 판매·제공하는 매장,train,정육,T6 기계변형,0287935d-6e8e-465e-930c-b5e8e06c38c4,탄방 고기돈,삼겹살,탄방새마을 골목형상점가,골목형상점가,대전광역시,,,
44379aa64c0299d6c4f1,full_annotation_v1,A,q_정육_21,정육추천,식료품 중 '정육'을 판매·제공하는 매장,train,정육,T6 기계변형,fea46a8e-7e84-4c4c-9b75-c6138a16f8e7,태근이네 정육점,정육,전방의거리 골목형상점가,골목형상점가,인천광역시,,,
f3e688afd16bf2f35393,full_annotation_v1,A,q_정육_21,정육추천,식료품 중 '정육'을 판매·제공하는 매장,train,정육,T6 기계변형,072cc6d0-ae23-4dbe-8bde-520ac0831860,대오정육점,정육,구례5일시장,전통시장,전라남도,,,
2ab084fe4d2e18b49848,full_annotation_v1,A,q_정육_21,정육추천,식료품 중 '정육'을 판매·제공하는 매장,train,정육,T6 기계변형,29b11d45-18d9-4bdb-a258-138e601805c6,양재시장 정육점,정육,양재시장,전통시장,서울특별시,,,
6c7452c03325675e13e5,full_annotation_v1,A,q_정육_21,정육추천,식료품 중 '정육'을 판매·제공하는 매장,train,정육,T6 기계변형,b86e6554-390d-49a9-bf8f-9309456ede4b,J정육점,정육,무지개종합상가,자율상권구역,서울특별시,,,
212821b8d28f617edb8f,full_annotation_v1,A,q_정육_21,정육추천,식료품 중 '정육'을 판매·제공하는 매장,train,정육,T6 기계변형,0b7fb326-7a68-419e-9816-30ae7604c8e1,이월정육점,정육,운수대통!생거진천전통시장,전통시장,충청북도,,,
f81621d6528b528966a2,full_annotation_v1,A,q_정육_21,정육추천,식료품 중 '정육'을 판매·제공하는 매장,train,정육,T6 기계변형,0ebd0384-be63-4905-b6a4-3efd5cb128fb,정육킹,육류,성환1번가 골목형상점가,골목형상점가,충청남도,,,
998386cda45767a63d64,full_annotation_v1,A,q_정육_21,정육추천,식료품 중 '정육'을 판매·제공하는 매장,train,정육,T6 기계변형,86c0334b-b5c7-4fac-b08d-c659c201eaed,인생축산,정육,태릉골목형상점가,골목형상점가,서울특별시,,,
23ebffaac17030b2d604,full_annotation_v1,A,q_정육_21,정육추천,식료품 중 '정육'을 판매·제공하는 매장,train,정육,T6 기계변형,00bdaed4-8c0c-4e39-9198-736e0be49945,대신식육,식육,중앙식료시장(중앙먹통시장),전통시장,전라남도,,,
0e223e9bd43bf03a0acb,full_annotation_v1,A,q_정육_21,정육추천,식료품 중 '정육'을 판매·제공하는 매장,train,정육,T6 기계변형,022fb5a6-69f4-4765-88db-4228cac2ef69,랭상1992,삼겹살,오치2동 골목형상점가,골목형상점가,광주광역시,,,
33adf29774713fd87d39,full_annotation_v1,A,q_정육_21,정육추천,식료품 중 '정육'을 판매·제공하는 매장,train,정육,T6 기계변형,6df93cdf-f0a6-4ac1-a82f-6a626a38ec25,모범정육점,정육,목사랑시장,전통시장,서울특별시,,,
1efa5f6a2f638cf39d32,full_annotation_v1,A,q_정육_21,정육추천,식료품 중 '정육'을 판매·제공하는 매장,train,정육,T6 기계변형,003d2015-a21c-44e2-9d66-c6f97ba3c296,집중호우,한우,하단자율상권구역,기타,부산광역시,,,
6dbdc51db917b0e1d6c6,full_annotation_v1,A,q_정육_21,정육추천,식료품 중 '정육'을 판매·제공하는 매장,train,정육,T6 기계변형,2afeeb63-bc02-410a-98d1-f79d3cfdbcbd,동구정육점,정육,현대시장,전통시장,인천광역시,,,
f4a0113d764f5ed8f70c,full_annotation_v1,A,q_정육_21,정육추천,식료품 중 '정육'을 판매·제공하는 매장,train,정육,T6 기계변형,b5ba0e8a-0dc4-4413-8279-2feb64b65201,구환희 마약단팥빵,"베이커리, 빵, 디저트",민락2지구골목형상점가,골목형상점가,경기도,,,
80824e9cffdf91d863bc,full_annotation_v1,A,q_정육_21,정육추천,식료품 중 '정육'을 판매·제공하는 매장,train,정육,T6 기계변형,069725d4-32aa-4085-8f2b-978ad7838c2a,우량정육점,정육,신중부시장,전통시장,서울특별시,,,
8a1b05e4330e1973b589,full_annotation_v1,A,q_정육_21,정육추천,식료품 중 '정육'을 판매·제공하는 매장,train,정육,T6 기계변형,18a5619d-c878-4a3c-9fe5-4093460e3df5,주식회사 청년푸줏간,,인천모래내전통시장,전통시장,인천광역시,,,
c60e57b1037553449360,full_annotation_v1,A,q_정육_21,정육추천,식료품 중 '정육'을 판매·제공하는 매장,train,정육,T6 기계변형,009f034c-8e3b-4a32-aab3-55ece8718004,장봐주는언니 임동점,농수축산물및 가공식품,제니스 골목형상점가,골목형상점가,광주광역시,,,
8f6313acfbf84968ee82,full_annotation_v1,A,q_정육_21,정육추천,식료품 중 '정육'을 판매·제공하는 매장,train,정육,T6 기계변형,735f8a1f-b94e-430e-93e0-23a4a8bb65b5,잉꼬정육점,정육,진주 비봉시장,전통시장,경상남도,,,
7993af41e1eb508c19e7,full_annotation_v1,A,q_정육_21,정육추천,식료품 중 '정육'을 판매·제공하는 매장,train,정육,T6 기계변형,8c4502d0-ee44-4070-a253-8d3c96562e02,아람정육점,정육,가리봉시장,전통시장,서울특별시,,,
23efdd3bc1f7c21a6fad,full_annotation_v1,A,q_정육_21,정육추천,식료품 중 '정육'을 판매·제공하는 매장,train,정육,T6 기계변형,672f1302-571d-4af3-8fcc-83ddd2caabbc,참고깃간,,명륜시실로 골목형상점가,골목형상점가,부산광역시,,,
b626b95c2dc8b759f240,full_annotation_v1,A,q_정육_21,정육추천,식료품 중 '정육'을 판매·제공하는 매장,train,정육,T6 기계변형,80c4738a-934b-4b41-9de9-a82a5967a614,천외천,한식,상봉먹자골목형상점가,골목형상점가,서울특별시,,,
a2b0c5fad6782dde8d05,full_annotation_v1,A,q_정육_21,정육추천,식료품 중 '정육'을 판매·제공하는 매장,train,정육,T6 기계변형,00889968-cd4d-41f2-8c6f-39e3928858a7,행복한 정육점,고기,테크노밸리 골목형상점가,골목형상점가,대전광역시,,,
94dc6ea4e1df24544d94,full_annotation_v1,A,q_정육_21,정육추천,식료품 중 '정육'을 판매·제공하는 매장,train,정육,T6 기계변형,0749bfe8-4327-4750-952d-cdc664bc7748,옥우촌,정육,청주육거리종합시장,전통시장,충청북도,,,
cfac0170361f0fa4d4b3,full_annotation_v1,A,q_정육_21,정육추천,식료품 중 '정육'을 판매·제공하는 매장,train,정육,T6 기계변형,757fb664-f5cc-446e-824a-898ab8a487bb,명동귀금속도매센터,귀금속,전통중앙도매상가,전통시장,대전광역시,,,
4c6eae99ee9993a927de,full_annotation_v1,A,q_정육_21,정육추천,식료품 중 '정육'을 판매·제공하는 매장,train,정육,T6 기계변형,000d4d47-3a3f-4a73-9fce-cd3802a5ebb3,은여우두마리치킨,치킨,봉곡우전로 골목형상점가,골목형상점가,전북특별자치도,,,
8f1274294fd4304ebd5d,full_annotation_v1,A,q_정육_21,정육추천,식료품 중 '정육'을 판매·제공하는 매장,train,정육,T6 기계변형,a31ac9b2-2f87-45c6-bdf7-a7c6e222eee6,정육공간,정육점,개금골목시장,전통시장,부산광역시,,,
fd9f1d82e76ccf30b982,full_annotation_v1,A,q_정육_21,정육추천,식료품 중 '정육'을 판매·제공하는 매장,train,정육,T6 기계변형,02cebcf5-9e57-4988-adb9-85afcb577ccd,백미옥,국밥,한마음,골목형상점가,광주광역시,,,
193384687fdf56784658,full_annotation_v1,A,q_정육_21,정육추천,식료품 중 '정육'을 판매·제공하는 매장,train,정육,T6 기계변형,2538e343-dfd5-475d-911b-489c58742748,신개념 푸줏간,,새천년 골목형상점가,골목형상점가,경기도,,,
c806a1aea02d9655fb25,full_annotation_v1,A,q_정육_21,정육추천,식료품 중 '정육'을 판매·제공하는 매장,train,정육,T6 기계변형,01c857cd-3f28-4d83-8fa4-e0abcfb44fbd,수연국밥,국밥,두암사거리 골목형상점가,골목형상점가,광주광역시,,,
9a1aded574a3e7697d61,full_annotation_v1,A,q_정육_21,정육추천,식료품 중 '정육'을 판매·제공하는 매장,train,정육,T6 기계변형,0023ae9b-466c-4881-afd0-ff8ac2890d72,돈.우정육점,식육,여수서시장주변시장,전통시장,전라남도,,,
ad5dc4d078ae9c744a22,full_annotation_v1,A,q_정육_21,정육추천,식료품 중 '정육'을 판매·제공하는 매장,train,정육,T6 기계변형,e46b6e68-53ff-402a-ace8-30293c0bd813,한군정육점,정육점,창원 명서시장,전통시장,경상남도,,,
60d1a826a1af19039bc1,full_annotation_v1,A,q_정육_21,정육추천,식료품 중 '정육'을 판매·제공하는 매장,train,정육,T6 기계변형,83c4eaaa-68ea-405c-b348-9b3f02aa09e7,정육명가,정육점,평택통복시장,전통시장,경기도,,,
a345acbf6cb801ebea9d,full_annotation_v1,A,q_정육_21,정육추천,식료품 중 '정육'을 판매·제공하는 매장,train,정육,T6 기계변형,008f0459-6681-4e70-8149-1a6d9ff1a2a5,육간지,삼겹살,구미 진평음식문화특화거리 골목형상점가,골목형상점가,경상북도,,,
ae812bbe0738ce0e9892,full_annotation_v1,A,q_정육_21,정육추천,식료품 중 '정육'을 판매·제공하는 매장,train,정육,T6 기계변형,557f9f6c-38c1-474d-a26c-9da308f5ca7f,포미스터디카페 과천점,스터디카페,별양동상점가,자율상권구역,경기도,,,
ac1b2638afe8b309af8f,full_annotation_v1,A,q_정육_21,정육추천,식료품 중 '정육'을 판매·제공하는 매장,train,정육,T6 기계변형,0034b8e3-c78f-4e08-9a23-2414863de721,정육공방,소고기 돼지고기,구갈상점가,자율상권구역,경기도,,,
75b979df6cee09ab7e0a,full_annotation_v1,A,q_정육_21,정육추천,식료품 중 '정육'을 판매·제공하는 매장,train,정육,T6 기계변형,93a00213-7e82-4644-85af-c870e3c0242f,상서정육점,정육,부안상설시장,전통시장,전북특별자치도,,,
94505462448fe6c8115f,full_annotation_v1,A,q_정육_21,정육추천,식료품 중 '정육'을 판매·제공하는 매장,train,정육,T6 기계변형,ccef46fa-e68e-468d-b3ff-3a6a5acd9008,원텔레콤,휴대폰,기린전통시장,전통시장,강원특별자치도,,,
aefba5ecfdddfce52ec1,full_annotation_v1,A,q_정육_21,정육추천,식료품 중 '정육'을 판매·제공하는 매장,train,정육,T6 기계변형,bfe1a1af-f4be-424f-b99f-b27dfd3e52e3,배곧정육점,정육,배곧상가,골목형상점가,경기도,,,
04c1664b857a8263dcb6,full_annotation_v1,A,q_정육_21,정육추천,식료품 중 '정육'을 판매·제공하는 매장,train,정육,T6 기계변형,e332ac3f-a159-4778-938e-afbd7773a79c,명철축산,정육,남현동예술인마을골목형상점가,골목형상점가,서울특별시,,,
0c2e2d107d2a6d9e964c,full_annotation_v1,A,q_정육_21,정육추천,식료품 중 '정육'을 판매·제공하는 매장,train,정육,T6 기계변형,41d11001-9d7b-4965-9bae-0af94922cf12,철이네고깃간(중흥점),,유동 경열로 골목형상점가,골목형상점가,광주광역시,,,
7db52ecc28525f2c6606,full_annotation_v1,A,q_정육_21,정육추천,식료품 중 '정육'을 판매·제공하는 매장,train,정육,T6 기계변형,05be8e6e-05cb-43d5-8c9e-ab68776e957b,낙원갈비집 부천옥길점,,부천 옥길 골목형상점가,골목형상점가,경기도,,,
61c8884d68bab96439c1,full_annotation_v1,A,q_정육_21,정육추천,식료품 중 '정육'을 판매·제공하는 매장,train,정육,T6 기계변형,59245b04-50f1-4d4c-8214-4ebcf4548528,정육점,정육,대야전통시장,전통시장,전북특별자치도,,,
99fb4c94c49ac6024d04,full_annotation_v1,A,q_정육_21,정육추천,식료품 중 '정육'을 판매·제공하는 매장,train,정육,T6 기계변형,080611f9-2bc6-485c-88ff-62a839f9cbd2,푸줏간 수정점,,황금수정 골목형상점가,골목형상점가,부산광역시,,,
b46a06a41eedfec2a84c,full_annotation_v1,A,q_정육_21,정육추천,식료품 중 '정육'을 판매·제공하는 매장,train,정육,T6 기계변형,0598b6c8-c45e-444c-9b34-ff024b885ee8,서울갈비,갈비,행복상점가,자율상권구역,경상북도,,,
ff3674f820c83fde5acb,full_annotation_v1,A,q_정육_21,정육추천,식료품 중 '정육'을 판매·제공하는 매장,train,정육,T6 기계변형,53db69c5-21a4-4513-8d40-4c50eb9b08b3,종현정육점,정육,신기시장,전통시장,인천광역시,,,
99a948d81648a4f0ab67,full_annotation_v1,A,q_정육_21,정육추천,식료품 중 '정육'을 판매·제공하는 매장,train,정육,T6 기계변형,21f2270b-ad68-4889-85ca-e5fc871ca16f,건효,정육수샨,금부로상인회 골목형상점가,골목형상점가,광주광역시,,,
1f2903bc71aeb9757de8,full_annotation_v1,A,q_정육_21,정육추천,식료품 중 '정육'을 판매·제공하는 매장,train,정육,T6 기계변형,5b13806a-6d4d-486f-b3e0-b5ac029dd067,타이즈앤타이즈,양말,㈜르네시떼,전통시장,부산광역시,,,
4fed53dafb80e73e2a97,full_annotation_v1,A,q_정육_21,정육추천,식료품 중 '정육'을 판매·제공하는 매장,train,정육,T6 기계변형,00f60c16-d8be-497f-80f2-aab3209a8d0e,포카포카,식당,전남여고후문 골목형상점가,골목형상점가,광주광역시,,,
0bed71d28900122c4409,full_annotation_v1,A,q_정육_21,정육추천,식료품 중 '정육'을 판매·제공하는 매장,train,정육,T6 기계변형,0091c18f-a074-4703-9af5-05c6495e38af,이지비야,고기,아름다운삼정로 골목형상점가,골목형상점가,광주광역시,,,
aababa551f9dec1b0180,full_annotation_v1,A,q_정육_21,정육추천,식료품 중 '정육'을 판매·제공하는 매장,train,정육,T6 기계변형,02f9037a-c117-4db4-9d2b-9b78182978f4,반월닭강정치킨,,보령한내시장,전통시장,충청남도,,,
4456b99ebde0c9a8afb7,full_annotation_v1,A,q_정육_21,정육추천,식료품 중 '정육'을 판매·제공하는 매장,train,정육,T6 기계변형,0b1d8447-88e5-4681-a91b-dfacf11955d8,양화정,갈비,합정동먹자골목골목형상점가,골목형상점가,서울특별시,,,
e4fcf1debdd378f235fa,full_annotation_v1,A,q_정육_21,정육추천,식료품 중 '정육'을 판매·제공하는 매장,train,정육,T6 기계변형,8cdf8beb-599b-46eb-ad09-362863422ccd,도드람 정육,정육,당감골목시장,전통시장,부산광역시,,,
489fe026752235c41a2b,full_annotation_v1,A,q_정육_21,정육추천,식료품 중 '정육'을 판매·제공하는 매장,train,정육,T6 기계변형,00265ad2-bd74-4057-b201-f6a798a8a4c9,칠분통닭오치점,치킨,오치2동 골목형상점가,골목형상점가,광주광역시,,,
dcb71acddad29891c9a9,full_annotation_v1,A,q_정육_21,정육추천,식료품 중 '정육'을 판매·제공하는 매장,train,정육,T6 기계변형,001dda38-7874-4460-b3b0-a5717b6c36d7,오송 곱창,"한우곱창, 한우막창, 한우모듬, 한우대창, 한우염통",오송1산단오스코로골목형상점가,골목형상점가,충청북도,,,
96b66afc9c40246b020a,full_annotation_v1,A,q_정육_21,정육추천,식료품 중 '정육'을 판매·제공하는 매장,train,정육,T6 기계변형,00ac87c2-aed5-4a62-8b09-76cbea625145,내고향청보리한우직판장,소고기 돼지고기,마륵동상인회 골목형상점가,골목형상점가,광주광역시,,,
b68331b521cfb9a3ce41,full_annotation_v1,A,q_정육_21,정육추천,식료품 중 '정육'을 판매·제공하는 매장,train,정육,T6 기계변형,00652de3-165f-4988-9616-0ff0250e851d,합천식육점,,관문상가시장,전통시장,대구광역시,,,
5d2f88d24e4feb3da4e4,full_annotation_v1,A,q_정육_21,정육추천,식료품 중 '정육'을 판매·제공하는 매장,train,정육,T6 기계변형,6c110613-0f84-4bd4-a828-b26f58dbb55d,파크랜드보은상설점,,결초보은상권활성화구역,상권활성화구역,충청북도,,,
2fa598e77aef1a871d84,full_annotation_v1,A,q_정육_21,정육추천,식료품 중 '정육'을 판매·제공하는 매장,train,정육,T6 기계변형,0cb6328a-37cc-4f81-893a-9a7f50dd9b3c,미도아케이트,잡화,부평깡통시장(구 부산부평시장),전통시장,부산광역시,,,
23c8efd0aa0d33b8523b,full_annotation_v1,A,q_정육_21,정육추천,식료품 중 '정육'을 판매·제공하는 매장,train,정육,T6 기계변형,00831405-3dce-4f59-90cd-81fc3f837a63,보광축산,정육,원당시장(구 원당전통시장),전통시장,경기도,,,
1baa63b3cfd49c36b6fa,full_annotation_v1,A,q_정육_21,정육추천,식료품 중 '정육'을 판매·제공하는 매장,train,정육,T6 기계변형,27a83db3-852a-43cd-a96a-204e47e1ebb1,정육85,,루원푸르지오 골목형상점가,골목형상점가,인천광역시,,,
eabdd0226fd4b156c7c8,full_annotation_v1,A,q_정육_21,정육추천,식료품 중 '정육'을 판매·제공하는 매장,train,정육,T6 기계변형,7ade2fd1-5274-4db3-b1f3-ccfd7a3d14ec,태황,정육,연신내골목형상점가,골목형상점가,서울특별시,,,
c705bd1da116afaac5db,full_annotation_v1,A,q_정육_21,정육추천,식료품 중 '정육'을 판매·제공하는 매장,train,정육,T6 기계변형,003a1767-bcd6-410b-809e-d4b059ce50c6,홍성토종한우,,어울림 아차산 골목형상점가,골목형상점가,서울특별시,,,
5b71cc9e372e0ac1cde9,full_annotation_v1,A,q_정육_21,정육추천,식료품 중 '정육'을 판매·제공하는 매장,train,정육,T6 기계변형,ae6fd4f1-0197-4585-bdac-8e73eb621270,정육품정육점,정육,목동깨비시장(구 목3동시장),전통시장,서울특별시,,,
2954e64ae2ff9345ede5,full_annotation_v1,A,q_정육_21,정육추천,식료품 중 '정육'을 판매·제공하는 매장,train,정육,T6 기계변형,0130dbd3-b9ea-43f4-98fd-26d8afd90b78,모래내시장순대,식당,전주모래내시장,전통시장,전북특별자치도,,,
01d47049fb07e19be04d,full_annotation_v1,A,q_정육_21,정육추천,식료품 중 '정육'을 판매·제공하는 매장,train,정육,T6 기계변형,00e45da9-1bb4-42fa-b0a8-63cdcea52143,수유중앙축산물백화점,정육,수유중앙시장,전통시장,서울특별시,,,
3685b6c80e1e641318a9,full_annotation_v1,A,q_정육_21,정육추천,식료품 중 '정육'을 판매·제공하는 매장,train,정육,T6 기계변형,6ca99caf-58bc-476f-86e0-6200c781fdcc,정육청과마을,정육,운남골목 골목형상점가,골목형상점가,광주광역시,,,
dea1372dcaac88ee1b3c,full_annotation_v1,A,q_정육_21,정육추천,식료품 중 '정육'을 판매·제공하는 매장,train,정육,T6 기계변형,00027601-43e6-4d9a-a358-150cc014fe4c,닭장수후라이드,치킨,한솔동 5~6단지상점가,자율상권구역,세종특별자치시,,,
12144760deb938597606,full_annotation_v1,A,q_정육_21,정육추천,식료품 중 '정육'을 판매·제공하는 매장,train,정육,T6 기계변형,564de640-694f-4797-af66-a5d1df9c489f,푸줏간,,김천평화시장,전통시장,경상북도,,,
8432846ed53449c87bd3,full_annotation_v1,A,q_정육_21,정육추천,식료품 중 '정육'을 판매·제공하는 매장,train,정육,T6 기계변형,57d9ef0d-aafe-4c7d-a8e3-0665366e6d69,착한느낌,잡화,부평깡시장,전통시장,인천광역시,,,
4cae62844178adeed3be,full_annotation_v1,A,q_정육_21,정육추천,식료품 중 '정육'을 판매·제공하는 매장,train,정육,T6 기계변형,005ea303-f9b7-4f3e-abcc-8460ca84ba44,은성축산물직판장,"도소매(축산물,식육판매)",남문시장,전통시장,서울특별시,,,
4a6e95447a177c003e22,full_annotation_v1,A,q_정육_21,정육추천,식료품 중 '정육'을 판매·제공하는 매장,train,정육,T6 기계변형,033ab0da-f546-4879-93a7-5bf7e6327bf3,시장식당,국밥,광양5일시장,전통시장,,,,
42c68c43d79d07fb53fa,full_annotation_v1,A,q_정육_21,정육추천,식료품 중 '정육'을 판매·제공하는 매장,train,정육,T6 기계변형,cf5cf0de-9a0f-4548-98e3-e2653c1a8242,스타정육점,정육,스타프라자전통시장,전통시장,경기도,,,
501287f0747b33d14dab,full_annotation_v1,A,q_정육_21,정육추천,식료품 중 '정육'을 판매·제공하는 매장,train,정육,T6 기계변형,004961cf-a775-4bcc-87a9-067c385bb9e7,삼미식육,식육,구포축산물도매시장,전통시장,부산광역시,,,
d2e19e468bc0eb3200e0,full_annotation_v1,A,q_정육_21,정육추천,식료품 중 '정육'을 판매·제공하는 매장,train,정육,T6 기계변형,01e3bdc3-fa69-409b-9f56-9ab1b44ede16,바우닭강정,닭강정,자양전통시장,전통시장,서울특별시,,,
d5ee0ad637caf3d5df5c,full_annotation_v1,A,q_정육_21,정육추천,식료품 중 '정육'을 판매·제공하는 매장,train,정육,T6 기계변형,004764d4-5ad9-4f22-81bb-48eac27e9e4b,60계치킨 야탑점,치킨,야탑 골목형상점가,골목형상점가,경기도,,,
c3e5a85f9b1dfbb9b320,full_annotation_v1,A,q_정육_21,정육추천,식료품 중 '정육'을 판매·제공하는 매장,train,정육,T6 기계변형,666c915b-c817-440b-8f7e-a7815bf36487,꾸미는집,인테리어소품,상주왕산상점가,자율상권구역,경상북도,,,
39e1b7e1ef0289aeabf9,full_annotation_v1,A,q_정육_21,정육추천,식료품 중 '정육'을 판매·제공하는 매장,train,정육,T6 기계변형,032b7c2d-89ad-4b7e-9563-c9c67c6381a9,명품한우,한우,신포동개항길골목형상점가,골목형상점가,인천광역시,,,
95e9d21367e81126b06a,full_annotation_v1,A,q_정육_21,정육추천,식료품 중 '정육'을 판매·제공하는 매장,train,정육,T6 기계변형,9961b1e2-9449-4158-83ee-c33394db2c83,킹정육,정육,동화동골목형상가,골목형상점가,서울특별시,,,
2592e9b52a9fee31def9,full_annotation_v1,A,q_정육_21,정육추천,식료품 중 '정육'을 판매·제공하는 매장,train,정육,T6 기계변형,0aad5389-cfad-4466-9fe1-d8a04dd60414,시골집숯불갈비,갈비,두암2동광신맨션주변 골목형상점가,골목형상점가,광주광역시,,,
a22085049f00e7009622,full_annotation_v1,A,q_정육_21,정육추천,식료품 중 '정육'을 판매·제공하는 매장,train,정육,T6 기계변형,04564ea5-0be4-4ee2-8519-e8fcaffe3485,쌍둥이국밥,국밥,첨단이웃사랑 골목형상점가,골목형상점가,광주광역시,,,
78e24e10aebb0aa35d51,full_annotation_v1,A,q_정육_21,정육추천,식료품 중 '정육'을 판매·제공하는 매장,train,정육,T6 기계변형,7c553004-43aa-4097-bf93-88bf72c4a625,유하헤어,미용,달서로행복 골목형상점가,골목형상점가,대구광역시,,,
6eb9bcfae4b431ff8e89,full_annotation_v1,A,q_정육_21,정육추천,식료품 중 '정육'을 판매·제공하는 매장,train,정육,T6 기계변형,7d4c4a99-6e15-42eb-b75b-3c1d5c84e5e2,다마당구장,당구장,청계면 목대후문 골목형상점가,골목형상점가,전라남도,,,
f35abc0e981dd29fe778,full_annotation_v1,A,q_정육_21,정육추천,식료품 중 '정육'을 판매·제공하는 매장,train,정육,T6 기계변형,263d4cd1-5a0d-45b6-9e68-b38558e9f160,고깃간,,부평종합시장,전통시장,인천광역시,,,
9af6b57a2be987ace130,full_annotation_v1,A,q_정육_21,정육추천,식료품 중 '정육'을 판매·제공하는 매장,train,정육,T6 기계변형,390d2ec4-e598-4e38-a277-eb07077c0689,도든 정육점,,중앙신시장,전통시장,경상북도,,,
236622256b3d33cb5146,full_annotation_v1,A,q_정육_21,정육추천,식료품 중 '정육'을 판매·제공하는 매장,train,정육,T6 기계변형,00176890-ac4c-4ce1-bf5b-c5e45dbf9c43,시골정육점,축산,답십리시장,전통시장,서울특별시,,,
4a89048347807381d075,full_annotation_v1,A,q_정육_21,정육추천,식료품 중 '정육'을 판매·제공하는 매장,train,정육,T6 기계변형,d0fd3362-400e-49ec-8c27-721df36abe5f,닭발곱창,"통닭, 요리",수원역전시장,전통시장,경기도,,,
c3680645a277f73f32d3,full_annotation_v1,A,q_정육_21,정육추천,식료품 중 '정육'을 판매·제공하는 매장,train,정육,T6 기계변형,01b7e8c6-feb8-4cff-a63e-2376ae18dd41,원조생굴뚝배기,국밥,고령대가야시장,전통시장,경상북도,,,
c9e675270022fbb87a1f,full_annotation_v1,A,q_정육_21,정육추천,식료품 중 '정육'을 판매·제공하는 매장,train,정육,T6 기계변형,38990fdc-bdb1-43a1-8af0-d407c52ce603,(주)서진축산,도소매(축산물(식육포장처리업)),마장축산물시장,전통시장,서울특별시,,,
f2056bee35fb38ab3c3b,full_annotation_v1,A,q_정육_21,정육추천,식료품 중 '정육'을 판매·제공하는 매장,train,정육,T6 기계변형,039c05c3-9a49-40ec-86ca-28415ca76d25,미쁘다담양식돼지갈비,갈비,용봉지구 골목형상점가,골목형상점가,광주광역시,,,
a05d4200f4adc9871e22,full_annotation_v1,A,q_정육_21,정육추천,식료품 중 '정육'을 판매·제공하는 매장,train,정육,T6 기계변형,50ccb302-216b-4712-b56f-0440c909b204,고기장사 정육점,정육,석바위시장,전통시장,인천광역시,,,
0cc4ae696d124318403b,full_annotation_v1,A,q_정육_21,정육추천,식료품 중 '정육'을 판매·제공하는 매장,train,정육,T6 기계변형,0363b125-0829-46ae-b0be-f23ada850390,정성육회울산송정점,한우뭉티기&한우육회,송정청춘 골목형상점가,골목형상점가,울산광역시,,,
3523bf2d3fbf3c134a97,full_annotation_v1,A,q_정육_21,정육추천,식료품 중 '정육'을 판매·제공하는 매장,train,정육,T6 기계변형,79ec0169-aad2-49a6-8c4f-65b4402753c9,알뜰정육점,정육,청주사창시장,전통시장,충청북도,,,
bf9f9cf4a61ec25d02f9,full_annotation_v1,A,q_정육_21,정육추천,식료품 중 '정육'을 판매·제공하는 매장,train,정육,T6 기계변형,00e3332a-4796-482d-9660-702bcf084fb0,대흥축산,축산물,가락몰골목형상점가,골목형상점가,서울특별시,,,
18e6c8b4cef41f01c99f,full_annotation_v1,A,q_정육_21,정육추천,식료품 중 '정육'을 판매·제공하는 매장,train,정육,T6 기계변형,2af0afec-0334-4ecc-88f1-1748a7df99e0,보라매 정육,정육,보라매다올길골목형상점가,골목형상점가,서울특별시,,,
7479ad17c5ecb4f00d5b,full_annotation_v1,A,q_정육_21,정육추천,식료품 중 '정육'을 판매·제공하는 매장,train,정육,T6 기계변형,3e6a2059-5bed-44e4-b9cc-a39468de8043,준이네 푸줏간,,연동시장,전통시장,부산광역시,,,
b260b4617a47e76f4b66,full_annotation_v1,A,q_정육_21,정육추천,식료품 중 '정육'을 판매·제공하는 매장,train,정육,T6 기계변형,0367e5f3-1bf4-4d8a-bac6-655fcc2eda3f,큰집닭강정,닭강정,신도봉시장,전통시장,서울특별시,,,
000b1d6e2840cdf0c627,full_annotation_v1,A,q_정육_21,정육추천,식료품 중 '정육'을 판매·제공하는 매장,train,정육,T6 기계변형,0007af17-f23e-49b9-b7c1-5a9968727cfd,오늘닭강정,닭강정,목원대 골목형상점가,골목형상점가,대전광역시,,,
881ed9d30b7a3a8c2d7d,full_annotation_v1,A,q_정육_21,정육추천,식료품 중 '정육'을 판매·제공하는 매장,train,정육,T6 기계변형,03f541e1-2781-4bd2-91a9-65b9196d82b4,또래오래치킨&참닭,삼겹살,노대물빛근린공원 골목형상점가,골목형상점가,광주광역시,,,
f863ad1b485bbcb7c344,full_annotation_v1,A,q_정육_21,정육추천,식료품 중 '정육'을 판매·제공하는 매장,train,정육,T6 기계변형,023a95f4-f5cb-4b2e-b978-690c41d48d54,대송회센타,식당,대송시장,전통시장,울산광역시,,,
48ce41ec2bf5198f6396,full_annotation_v1,A,q_정육_21,정육추천,식료품 중 '정육'을 판매·제공하는 매장,train,정육,T6 기계변형,fdef941d-aaf9-457d-b68b-9e7baf74cf2d,미도아케이트,생활잡화,부평깡통시장(구 부산부평시장),전통시장,부산광역시,,,
1791bfe13b0d53703c01,full_annotation_v1,A,q_정육_21,정육추천,식료품 중 '정육'을 판매·제공하는 매장,train,정육,T6 기계변형,372da2d5-06b0-4682-9b92-52cbbdc9c5ce,임송호 정육점,정육야채,주월장산 골목형상점가,골목형상점가,광주광역시,,,
09b8c613e618809d48b8,full_annotation_v1,A,q_정육_21,정육추천,식료품 중 '정육'을 판매·제공하는 매장,train,정육,T6 기계변형,02235e2b-ba17-4b33-aacc-c1d96790e83e,바다담은구이,식당,정릉시장,전통시장,서울특별시,,,
b6e4e01651a30f3016bd,full_annotation_v1,A,q_정육_21,정육추천,식료품 중 '정육'을 판매·제공하는 매장,train,정육,T6 기계변형,baab9fc4-d56b-4fca-9593-f19f7b67c886,장터 정육점,정육,남원시 원도심 상권활성화 구역,상권활성화구역,전북특별자치도,,,
c81a13bf0b9c9b7db47c,full_annotation_v1,A,q_정육_21,정육추천,식료품 중 '정육'을 판매·제공하는 매장,train,정육,T6 기계변형,0038f694-919c-4289-8bc1-a5e6549274e1,달인닭강정,닭강정,서귀포매일올레시장,전통시장,제주특별자치도,,,
60a44eb26707e455347e,full_annotation_v1,A,q_정육_21,정육추천,식료품 중 '정육'을 판매·제공하는 매장,train,정육,T6 기계변형,473dc5f5-4a73-47ec-8631-ec1fba6a52b9,시골목장 정육점,정육,신원권율2 골목형상점가,골목형상점가,경기도,,,
4e9b8c83ad2162a13d31,full_annotation_v1,A,q_정육_21,정육추천,식료품 중 '정육'을 판매·제공하는 매장,train,정육,T6 기계변형,0008f8f4-4c6e-4c4a-ad64-76aaea3d2d18,대성정육점,정육,평택국제중앙시장,전통시장,경기도,,,
afd6f7cdae6c03c952a4,full_annotation_v1,A,q_정육_21,정육추천,식료품 중 '정육'을 판매·제공하는 매장,train,정육,T6 기계변형,2367c82c-9ff9-480e-a288-4bca3b701fca,보답함축산,정육,반구시장,전통시장,울산광역시,,,
3c2957298e0962313ec3,full_annotation_v1,A,q_정육_21,정육추천,식료품 중 '정육'을 판매·제공하는 매장,train,정육,T6 기계변형,86ddd3a6-557a-49f9-8ea2-0f520c55b844,총각네고깃간,,일곡동(제1지역:자연마을 일동초 거리) 골목형상점가,골목형상점가,,,,
420ed7254b5ebdfd1281,full_annotation_v1,A,q_정육_21,정육추천,식료품 중 '정육'을 판매·제공하는 매장,train,정육,T6 기계변형,a3aba1fb-6346-4f70-88be-1374876f0768,극동열쇠,"열쇠, 도장",시청광장 지하쇼핑센터,일반지하상점가,서울특별시,,,
3a213ebb53529606c28e,full_annotation_v1,A,q_정육_21,정육추천,식료품 중 '정육'을 판매·제공하는 매장,train,정육,T6 기계변형,0072ddc8-1b0b-4a64-b9d0-9eb309854f0c,오뚜기정육점,정육,김제중앙시장,전통시장,전북특별자치도,,,
0db1815a7b281e4e613f,full_annotation_v1,A,q_정육_21,정육추천,식료품 중 '정육'을 판매·제공하는 매장,train,정육,T6 기계변형,00c9508a-1962-4f4c-adc8-c9227046f329,도마정육점,식육,도마큰시장,전통시장,대전광역시,,,
c41288ab5ae98186c0b6,full_annotation_v1,A,q_정육_21,정육추천,식료품 중 '정육'을 판매·제공하는 매장,train,정육,T6 기계변형,0031b1fc-4212-4c47-9dad-a8fa10d8bf85,㈜금원유통,축산물,마장축산물시장,전통시장,서울특별시,,,
7674ef384abd55e773d5,full_annotation_v1,A,q_정육_21,정육추천,식료품 중 '정육'을 판매·제공하는 매장,train,정육,T6 기계변형,f11152c3-bd3d-4394-ad71-520a15258720,정육점,정육,효천2지구 골목형상점가,골목형상점가,광주광역시,,,
999d59f995f11d0c766f,full_annotation_v1,A,q_정육_21,정육추천,식료품 중 '정육'을 판매·제공하는 매장,train,정육,T6 기계변형,00a5a31e-6208-4900-9553-18f188bfcbfc,올바른고깃간일곡점,정육점,일곡동 골목형상점가,골목형상점가,광주광역시,,,
10f86ce06659b6de65f8,full_annotation_v1,A,q_정육_21,정육추천,식료품 중 '정육'을 판매·제공하는 매장,train,정육,T6 기계변형,003e9326-9010-4e27-b844-c62b81ad2df8,다이소 광주 호남대점,소매,선운별 골목형상점가,골목형상점가,광주광역시,,,
c8ad20b516b505541cee,full_annotation_v1,A,q_정육_21,정육추천,식료품 중 '정육'을 판매·제공하는 매장,train,정육,T6 기계변형,0120247f-1a8e-4396-882d-6476485c3f9e,사랑채,삼겹살,봉선먹자골목 골목형상점가,골목형상점가,광주광역시,,,
aa84a0eddb0253681781,full_annotation_v1,A,q_정육_21,정육추천,식료품 중 '정육'을 판매·제공하는 매장,train,정육,T6 기계변형,008615e0-6a3d-45a3-b0ce-af168ae6e16e,행담정육점,소고기 돼지고기 정육,대곡시장,전통시장,대구광역시,,,
ea36e26a34dbd47a8281,full_annotation_v1,A,q_정육_21,정육추천,식료품 중 '정육'을 판매·제공하는 매장,train,정육,T6 기계변형,28753b89-41b5-46fc-99e4-fa7414b703b8,해운대 광순이네 고깃간,,좌동재래시장,전통시장,부산광역시,,,
ecccb08b10f2a147dc3d,full_annotation_v1,A,q_정육_21,정육추천,식료품 중 '정육'을 판매·제공하는 매장,train,정육,T6 기계변형,01286ec0-50e0-4540-b678-ec706fb3bcbb,설곰식당,식당,산업용재관,전통시장,대구광역시,,,
295a778325ee3415919b,full_annotation_v1,A,q_정육_21,정육추천,식료품 중 '정육'을 판매·제공하는 매장,train,정육,T6 기계변형,dcd1f1c6-ed33-4b71-95d1-c834e1c0f445,오만가지,잡화,달서로행복 골목형상점가,골목형상점가,대구광역시,,,
0ab5eeb0c9d7e87b2829,full_annotation_v1,A,q_정육_21,정육추천,식료품 중 '정육'을 판매·제공하는 매장,train,정육,T6 기계변형,000bc123-8986-4a63-bd89-6076138ae351,왕장상회,치킨,자양전통시장,전통시장,서울특별시,,,
c71118cb25a882c89d2c,full_annotation_v1,A,q_정육_22,정윧,식료품 중 '정육'을 판매·제공하는 매장,train,정육,T6 기계변형,59245b04-50f1-4d4c-8214-4ebcf4548528,정육점,정육,대야전통시장,전통시장,전북특별자치도,,,
0c41b5fe487f1cd417a6,full_annotation_v1,A,q_정육_22,정윧,식료품 중 '정육'을 판매·제공하는 매장,train,정육,T6 기계변형,85ff30be-6d00-4358-90d7-d8bdd88e703a,부흥문구사,문구 완구,평창동 골목형상점가,골목형상점가,서울특별시,,,
b18f22244b02f1dd8762,full_annotation_v1,A,q_정육_22,정윧,식료품 중 '정육'을 판매·제공하는 매장,train,정육,T6 기계변형,00e3332a-4796-482d-9660-702bcf084fb0,대흥축산,축산물,가락몰골목형상점가,골목형상점가,서울특별시,,,
336ebc19232fcc227c7e,full_annotation_v1,A,q_정육_22,정윧,식료품 중 '정육'을 판매·제공하는 매장,train,정육,T6 기계변형,5a2f3da4-ec30-4e8e-8460-f5b822907626,어울림,란제리,송정5일시장,전통시장,광주광역시,,,
160ac9c70e0f6514d1bf,full_annotation_v1,A,q_정육_22,정윧,식료품 중 '정육'을 판매·제공하는 매장,train,정육,T6 기계변형,539bbb87-a48e-4388-9df5-f9fb493ddf08,정면돌파,한식,두류젊코상권,상권활성화구역,대구광역시,,,
453ccaa9cebb0b455519,full_annotation_v1,A,q_정육_22,정윧,식료품 중 '정육'을 판매·제공하는 매장,train,정육,T6 기계변형,263d4cd1-5a0d-45b6-9e68-b38558e9f160,고깃간,,부평종합시장,전통시장,인천광역시,,,
df252fdc02514014ada9,full_annotation_v1,A,q_정육_22,정윧,식료품 중 '정육'을 판매·제공하는 매장,train,정육,T6 기계변형,2ccd11ba-6bed-4915-862c-d362d957deb0,정득상회,,방어진활어센터,골목형상점가,울산광역시,,,
b36c1292a766a92ad07d,full_annotation_v1,A,q_정육_22,정윧,식료품 중 '정육'을 판매·제공하는 매장,train,정육,T6 기계변형,86ddd3a6-557a-49f9-8ea2-0f520c55b844,총각네고깃간,,일곡동(제1지역:자연마을 일동초 거리) 골목형상점가,골목형상점가,,,,
81f3221e6322a06ba1cd,full_annotation_v1,A,q_정육_22,정윧,식료품 중 '정육'을 판매·제공하는 매장,train,정육,T6 기계변형,008f0459-6681-4e70-8149-1a6d9ff1a2a5,육간지,삼겹살,구미 진평음식문화특화거리 골목형상점가,골목형상점가,경상북도,,,
ada550690817472f4361,full_annotation_v1,A,q_정육_22,정윧,식료품 중 '정육'을 판매·제공하는 매장,train,정육,T6 기계변형,6a57361e-5611-48c8-a92b-28b7134d0a05,정민,,장흥시장 골목형상점가,골목형상점가,,,,
d8cd3de077b19e743997,full_annotation_v1,A,q_정육_22,정윧,식료품 중 '정육'을 판매·제공하는 매장,train,정육,T6 기계변형,48d733d6-a1fe-49f0-8214-000dde760a5a,정이채소밥상,정식,지범골목먹거리타운 골목형상점가,골목형상점가,대구광역시,,,
2ede62dac1fc85c11a46,full_annotation_v1,A,q_정육_22,정윧,식료품 중 '정육'을 판매·제공하는 매장,train,정육,T6 기계변형,deb8b2a6-2d1c-4f7d-bece-6cf021387f2a,정품사,,논산화지중앙시장,전통시장,충청남도,,,
2ce7194294e781b05a5b,full_annotation_v1,A,q_정육_22,정윧,식료품 중 '정육'을 판매·제공하는 매장,train,정육,T6 기계변형,00f60c16-d8be-497f-80f2-aab3209a8d0e,포카포카,식당,전남여고후문 골목형상점가,골목형상점가,광주광역시,,,
96e47ef47cd057bbbbe4,full_annotation_v1,A,q_정육_22,정윧,식료품 중 '정육'을 판매·제공하는 매장,train,정육,T6 기계변형,1ef9a8cf-da87-4ee5-8c46-3ea984a19eaa,정조통닭,치킨,수원통닭거리 골목형사점가,골목형상점가,경기도,,,
11c655e0c72e53a0232c,full_annotation_v1,A,q_정육_22,정윧,식료품 중 '정육'을 판매·제공하는 매장,train,정육,T6 기계변형,3e6a2059-5bed-44e4-b9cc-a39468de8043,준이네 푸줏간,,연동시장,전통시장,부산광역시,,,
187bdd300be3e54702c7,full_annotation_v1,A,q_정육_22,정윧,식료품 중 '정육'을 판매·제공하는 매장,train,정육,T6 기계변형,00c9508a-1962-4f4c-adc8-c9227046f329,도마정육점,식육,도마큰시장,전통시장,대전광역시,,,
0ae51a20946af1c32c6c,full_annotation_v1,A,q_정육_22,정윧,식료품 중 '정육'을 판매·제공하는 매장,train,정육,T6 기계변형,0363b125-0829-46ae-b0be-f23ada850390,정성육회울산송정점,한우뭉티기&한우육회,송정청춘 골목형상점가,골목형상점가,울산광역시,,,
4fc22a03c9af554368dd,full_annotation_v1,A,q_정육_22,정윧,식료품 중 '정육'을 판매·제공하는 매장,train,정육,T6 기계변형,00ac87c2-aed5-4a62-8b09-76cbea625145,내고향청보리한우직판장,소고기 돼지고기,마륵동상인회 골목형상점가,골목형상점가,광주광역시,,,
ac8e31f757f43506f9a5,full_annotation_v1,A,q_정육_22,정윧,식료품 중 '정육'을 판매·제공하는 매장,train,정육,T6 기계변형,0008f8f4-4c6e-4c4a-ad64-76aaea3d2d18,대성정육점,정육,평택국제중앙시장,전통시장,경기도,,,
8b44eaee4ab4d2d13f6b,full_annotation_v1,A,q_정육_22,정윧,식료품 중 '정육'을 판매·제공하는 매장,train,정육,T6 기계변형,001dda38-7874-4460-b3b0-a5717b6c36d7,오송 곱창,"한우곱창, 한우막창, 한우모듬, 한우대창, 한우염통",오송1산단오스코로골목형상점가,골목형상점가,충청북도,,,
ea6a310a2b354465642c,full_annotation_v1,A,q_정육_22,정윧,식료품 중 '정육'을 판매·제공하는 매장,train,정육,T6 기계변형,a8c8533b-dc65-493f-bf7f-41b46c0709f4,정진,,안산다농마트전통시장,전통시장,경기도,,,
13859e1b831507ae8f40,full_annotation_v1,A,q_정육_22,정윧,식료품 중 '정육'을 판매·제공하는 매장,train,정육,T6 기계변형,01b7e8c6-feb8-4cff-a63e-2376ae18dd41,원조생굴뚝배기,국밥,고령대가야시장,전통시장,경상북도,,,
bacd6ffad10cc4ec2797,full_annotation_v1,A,q_정육_22,정윧,식료품 중 '정육'을 판매·제공하는 매장,train,정육,T6 기계변형,68db46f0-d1cf-4f71-ae25-e4bb9cadf558,정우축산,정육점,왜관시장,전통시장,경상북도,,,
a167685abfbbf4f6af18,full_annotation_v1,A,q_정육_22,정윧,식료품 중 '정육'을 판매·제공하는 매장,train,정육,T6 기계변형,d10c22c6-caf0-4bf1-8a16-a7e7427de542,정곤,,첨단쌍암 골목형상점가,골목형상점가,,,,
a0ab19d728677853411a,full_annotation_v1,A,q_정육_22,정윧,식료품 중 '정육'을 판매·제공하는 매장,train,정육,T6 기계변형,080611f9-2bc6-485c-88ff-62a839f9cbd2,푸줏간 수정점,,황금수정 골목형상점가,골목형상점가,부산광역시,,,
8f91f84b2c5e86f861cf,full_annotation_v1,A,q_정육_22,정윧,식료품 중 '정육'을 판매·제공하는 매장,train,정육,T6 기계변형,00652de3-165f-4988-9616-0ff0250e851d,합천식육점,,관문상가시장,전통시장,대구광역시,,,
2d5bf7faf46b7e86a3a3,full_annotation_v1,A,q_정육_22,정윧,식료품 중 '정육'을 판매·제공하는 매장,train,정육,T6 기계변형,57b47be7-7f6e-4ede-a868-cfb03502c202,안산성모정형외과의원,정형외과,선부광장로상점가,자율상권구역,경기도,,,
c2df6216f69349445b06,full_annotation_v1,A,q_정육_22,정윧,식료품 중 '정육'을 판매·제공하는 매장,train,정육,T6 기계변형,3cf46ae8-1db8-4ee8-abab-8626c19f4848,대한농산,채소,포항죽도농산물시장,전통시장,경상북도,,,
edb6d132feae22475b9e,full_annotation_v1,A,q_정육_22,정윧,식료품 중 '정육'을 판매·제공하는 매장,train,정육,T6 기계변형,7ad45416-a41e-41c2-bba9-4a1220a8a22f,스티커즈 구미점,포토 스티커,문화로 자율상권구역,,경상북도,,,
ec00b1e4d6d8061f0a5d,full_annotation_v1,A,q_정육_22,정윧,식료품 중 '정육'을 판매·제공하는 매장,train,정육,T6 기계변형,009f034c-8e3b-4a32-aab3-55ece8718004,장봐주는언니 임동점,농수축산물및 가공식품,제니스 골목형상점가,골목형상점가,광주광역시,,,
6034a944aca43af69942,full_annotation_v1,A,q_정육_22,정윧,식료품 중 '정육'을 판매·제공하는 매장,train,정육,T6 기계변형,000d4d47-3a3f-4a73-9fce-cd3802a5ebb3,은여우두마리치킨,치킨,봉곡우전로 골목형상점가,골목형상점가,전북특별자치도,,,
a7cc438b9ecd33af42fb,full_annotation_v1,A,q_정육_22,정윧,식료품 중 '정육'을 판매·제공하는 매장,train,정육,T6 기계변형,6b486217-bbcd-4782-a61b-4ef4fdff9d83,정미밥상,정식,포항죽도시장,전통시장,경상북도,,,
95e3148e5718bbda9c9c,full_annotation_v1,A,q_정육_22,정윧,식료품 중 '정육'을 판매·제공하는 매장,train,정육,T6 기계변형,7e8118e6-67ff-41cd-937a-4ad76b1d5d21,담오,정과,고운동상점가,자율상권구역,세종특별자치시,,,
ab2b2776a6269d09f093,full_annotation_v1,A,q_정육_22,정윧,식료품 중 '정육'을 판매·제공하는 매장,train,정육,T6 기계변형,01286ec0-50e0-4540-b678-ec706fb3bcbb,설곰식당,식당,산업용재관,전통시장,대구광역시,,,
ab806dae89d05a366434,full_annotation_v1,A,q_정육_22,정윧,식료품 중 '정육'을 판매·제공하는 매장,train,정육,T6 기계변형,97da05fa-3175-4596-8d69-c744691d2e8d,구겐하임스터디카페왜관점,,비카인드 자율상권구역,,경상북도,,,
f4bb4f3aa6e46c36e295,full_annotation_v1,A,q_정육_22,정윧,식료품 중 '정육'을 판매·제공하는 매장,train,정육,T6 기계변형,00831405-3dce-4f59-90cd-81fc3f837a63,보광축산,정육,원당시장(구 원당전통시장),전통시장,경기도,,,
ec7fecbd7f5dd1719537,full_annotation_v1,A,q_정육_22,정윧,식료품 중 '정육'을 판매·제공하는 매장,train,정육,T6 기계변형,2538e343-dfd5-475d-911b-489c58742748,신개념 푸줏간,,새천년 골목형상점가,골목형상점가,경기도,,,
8d9b83233206540bab8b,full_annotation_v1,A,q_정육_22,정윧,식료품 중 '정육'을 판매·제공하는 매장,train,정육,T6 기계변형,46612b8e-c3e3-43f0-8f8b-8ec89c524581,정독바,음료,삼청정독길골목형상점가,골목형상점가,서울특별시,,,
6dc620fa5e8f4ae4f78c,full_annotation_v1,A,q_정육_22,정윧,식료품 중 '정육'을 판매·제공하는 매장,train,정육,T6 기계변형,672f1302-571d-4af3-8fcc-83ddd2caabbc,참고깃간,,명륜시실로 골목형상점가,골목형상점가,부산광역시,,,
10b5eec421898fb47843,full_annotation_v1,A,q_정육_22,정윧,식료품 중 '정육'을 판매·제공하는 매장,train,정육,T6 기계변형,a3112771-e830-4718-ac09-bb6a3cd25feb,양식구옥,양식,연남동골목형상점가,골목형상점가,서울특별시,,,
80fe58f7e83106d2c99a,full_annotation_v1,A,q_정육_22,정윧,식료품 중 '정육'을 판매·제공하는 매장,train,정육,T6 기계변형,516d204b-1789-41c9-8e08-b007f8d3a9eb,프롬아이,의류,남대문시장,전통시장,서울특별시,,,
867630d7ba674e807059,full_annotation_v1,A,q_정육_22,정윧,식료품 중 '정육'을 판매·제공하는 매장,train,정육,T6 기계변형,1f04ed99-baea-486a-b511-e5daac77532b,정가한우,정육,수유전통시장(구 수유골목시장),전통시장,서울특별시,,,
0571f48580f1652ff37f,full_annotation_v1,A,q_정육_22,정윧,식료품 중 '정육'을 판매·제공하는 매장,train,정육,T6 기계변형,3e9e86c4-1676-48ed-b308-3bed53118dc8,정촌상회,,진주 청과시장,전통시장,경상남도,,,
61f249f6810d8588521a,full_annotation_v1,A,q_정육_22,정윧,식료품 중 '정육'을 판매·제공하는 매장,train,정육,T6 기계변형,674e9f27-6044-44ea-bb74-75849d27afe4,진진갤러리&카페,수제음료,산본로데오거리(구 산본중심상가),자율상권구역,경기도,,,
4feb745ccf1f28715c7c,full_annotation_v1,A,q_정육_22,정윧,식료품 중 '정육'을 판매·제공하는 매장,train,정육,T6 기계변형,0598b6c8-c45e-444c-9b34-ff024b885ee8,서울갈비,갈비,행복상점가,자율상권구역,경상북도,,,
8d7fe3054696128a9a94,full_annotation_v1,A,q_정육_22,정윧,식료품 중 '정육'을 판매·제공하는 매장,train,정육,T6 기계변형,0120247f-1a8e-4396-882d-6476485c3f9e,사랑채,삼겹살,봉선먹자골목 골목형상점가,골목형상점가,광주광역시,,,
54958c3c0bc9f049ae5a,full_annotation_v1,A,q_정육_22,정윧,식료품 중 '정육'을 판매·제공하는 매장,train,정육,T6 기계변형,83c4eaaa-68ea-405c-b348-9b3f02aa09e7,정육명가,정육점,평택통복시장,전통시장,경기도,,,
9751cf5219fbaf7ea97c,full_annotation_v1,A,q_정육_22,정윧,식료품 중 '정육'을 판매·제공하는 매장,train,정육,T6 기계변형,02cebcf5-9e57-4988-adb9-85afcb577ccd,백미옥,국밥,한마음,골목형상점가,광주광역시,,,
7bb619f5e99fc339d5ba,full_annotation_v1,A,q_정육_22,정윧,식료품 중 '정육'을 판매·제공하는 매장,train,정육,T6 기계변형,00889968-cd4d-41f2-8c6f-39e3928858a7,행복한 정육점,고기,테크노밸리 골목형상점가,골목형상점가,대전광역시,,,
d9dfc44b0d46d4f62351,full_annotation_v1,A,q_정육_22,정윧,식료품 중 '정육'을 판매·제공하는 매장,train,정육,T6 기계변형,64b4d107-e802-40a1-9a11-c56a5ea5adea,정쓰푸드,한식,전남대 상대 골목형상점가,골목형상점가,광주광역시,,,
fd4147c568d954e23b0c,full_annotation_v1,A,q_정육_22,정윧,식료품 중 '정육'을 판매·제공하는 매장,train,정육,T6 기계변형,7d7d267f-327c-4cdd-a0f0-f6aa7eb691ec,정면,한식,건리단길 골목형상점가,골목형상점가,서울특별시,,,
a69ad69c73d958c97fb5,full_annotation_v1,A,q_정육_22,정윧,식료품 중 '정육'을 판매·제공하는 매장,train,정육,T6 기계변형,0034b8e3-c78f-4e08-9a23-2414863de721,정육공방,소고기 돼지고기,구갈상점가,자율상권구역,경기도,,,
4f290e184fae75d04427,full_annotation_v1,A,q_정육_22,정윧,식료품 중 '정육'을 판매·제공하는 매장,train,정육,T6 기계변형,000bc123-8986-4a63-bd89-6076138ae351,왕장상회,치킨,자양전통시장,전통시장,서울특별시,,,
6d182b728e715ca5c6f5,full_annotation_v1,A,q_정육_22,정윧,식료품 중 '정육'을 판매·제공하는 매장,train,정육,T6 기계변형,8d94e4b9-e2de-462f-837c-e52454a06d35,문정집,보쌈 전 국수,문정동로데오상점가,자율상권구역,서울특별시,,,
cacf9e260e3f7c3bce55,full_annotation_v1,A,q_정육_22,정윧,식료품 중 '정육'을 판매·제공하는 매장,train,정육,T6 기계변형,10577397-539f-45c2-904c-41b225bbae05,정정,한식,한일시장 골목형상점가,골목형상점가,전라남도,,,
8a9844162cf26d437031,full_annotation_v1,A,q_정육_22,정윧,식료품 중 '정육'을 판매·제공하는 매장,train,정육,T6 기계변형,00a5a31e-6208-4900-9553-18f188bfcbfc,올바른고깃간일곡점,정육점,일곡동 골목형상점가,골목형상점가,광주광역시,,,
9002b4fd4f0441bb01cb,full_annotation_v1,A,q_정육_22,정윧,식료품 중 '정육'을 판매·제공하는 매장,train,정육,T6 기계변형,41d11001-9d7b-4965-9bae-0af94922cf12,철이네고깃간(중흥점),,유동 경열로 골목형상점가,골목형상점가,광주광역시,,,
7fc59c4406eb80c22deb,full_annotation_v1,A,q_정육_22,정윧,식료품 중 '정육'을 판매·제공하는 매장,train,정육,T6 기계변형,0023ae9b-466c-4881-afd0-ff8ac2890d72,돈.우정육점,식육,여수서시장주변시장,전통시장,전라남도,,,
7b35c951ba05f361ca2b,full_annotation_v1,A,q_정육_22,정윧,식료품 중 '정육'을 판매·제공하는 매장,train,정육,T6 기계변형,2367c82c-9ff9-480e-a288-4bca3b701fca,보답함축산,정육,반구시장,전통시장,울산광역시,,,
64cdf24507734ea035fd,full_annotation_v1,A,q_정육_22,정윧,식료품 중 '정육'을 판매·제공하는 매장,train,정육,T6 기계변형,18a5619d-c878-4a3c-9fe5-4093460e3df5,주식회사 청년푸줏간,,인천모래내전통시장,전통시장,인천광역시,,,
211d582b3f043fc280b3,full_annotation_v1,A,q_정육_22,정윧,식료품 중 '정육'을 판매·제공하는 매장,train,정육,T6 기계변형,231ba4a7-d84b-4da8-8309-d788e799b18a,정든집,한식,홍산시장,전통시장,충청남도,,,
7a02dc5240dad8ea1278,full_annotation_v1,A,q_정육_22,정윧,식료품 중 '정육'을 판매·제공하는 매장,train,정육,T6 기계변형,2acebc6c-6274-4fdf-88aa-1d187bc8e77b,정헌상회,농산물,가락몰골목형상점가,골목형상점가,서울특별시,,,
6713ea294ce6eb53bbdc,full_annotation_v1,A,q_정육_22,정윧,식료품 중 '정육'을 판매·제공하는 매장,train,정육,T6 기계변형,d67b3ec0-d881-4b39-a82b-ff0a8380f6ed,정한채,한식,외도1 골목형상점가,골목형상점가,제주특별자치도,,,
a1858d73cd7eb82ee58a,full_annotation_v1,A,q_정육_22,정윧,식료품 중 '정육'을 판매·제공하는 매장,train,정육,T6 기계변형,032b7c2d-89ad-4b7e-9563-c9c67c6381a9,명품한우,한우,신포동개항길골목형상점가,골목형상점가,인천광역시,,,
689215756d73d54c8afc,full_annotation_v1,A,q_정육_22,정윧,식료품 중 '정육'을 판매·제공하는 매장,train,정육,T6 기계변형,01c857cd-3f28-4d83-8fa4-e0abcfb44fbd,수연국밥,국밥,두암사거리 골목형상점가,골목형상점가,광주광역시,,,
e56a308b5330765352e4,full_annotation_v1,A,q_정육_22,정윧,식료품 중 '정육'을 판매·제공하는 매장,train,정육,T6 기계변형,003e9326-9010-4e27-b844-c62b81ad2df8,다이소 광주 호남대점,소매,선운별 골목형상점가,골목형상점가,광주광역시,,,
41ba4ab796894c69f785,full_annotation_v1,A,q_정육_22,정윧,식료품 중 '정육'을 판매·제공하는 매장,train,정육,T6 기계변형,3d3cc014-d1f8-46b6-b0af-09a0018420a3,정빈,의류,동평화시장(동평화패션타운),전통시장,서울특별시,,,
1a15a312b4fbf217f87b,full_annotation_v1,A,q_정육_22,정윧,식료품 중 '정육'을 판매·제공하는 매장,train,정육,T6 기계변형,94dfa100-ab0f-41c4-b47a-010abb6cb30c,페리카나,치킨,평창동 골목형상점가,골목형상점가,서울특별시,,,
4889b599d43466c4bc68,full_annotation_v1,A,q_정육_22,정윧,식료품 중 '정육'을 판매·제공하는 매장,train,정육,T6 기계변형,0072ddc8-1b0b-4a64-b9d0-9eb309854f0c,오뚜기정육점,정육,김제중앙시장,전통시장,전북특별자치도,,,
98ed67e33dd4e326a851,full_annotation_v1,A,q_정육_22,정윧,식료품 중 '정육'을 판매·제공하는 매장,train,정육,T6 기계변형,0b1d8447-88e5-4681-a91b-dfacf11955d8,양화정,갈비,합정동먹자골목골목형상점가,골목형상점가,서울특별시,,,
8d7d5b7359889cad5cf5,full_annotation_v1,A,q_정육_22,정윧,식료품 중 '정육'을 판매·제공하는 매장,train,정육,T6 기계변형,005ea303-f9b7-4f3e-abcc-8460ca84ba44,은성축산물직판장,"도소매(축산물,식육판매)",남문시장,전통시장,서울특별시,,,
6e01d94549568b69bde0,full_annotation_v1,A,q_정육_22,정윧,식료품 중 '정육'을 판매·제공하는 매장,train,정육,T6 기계변형,00027601-43e6-4d9a-a358-150cc014fe4c,닭장수후라이드,치킨,한솔동 5~6단지상점가,자율상권구역,세종특별자치시,,,
9d13129b0eebf867c6a8,full_annotation_v1,A,q_정육_22,정윧,식료품 중 '정육'을 판매·제공하는 매장,train,정육,T6 기계변형,01e3bdc3-fa69-409b-9f56-9ab1b44ede16,바우닭강정,닭강정,자양전통시장,전통시장,서울특별시,,,
92bb5117d19640353c39,full_annotation_v1,A,q_정육_22,정윧,식료품 중 '정육'을 판매·제공하는 매장,train,정육,T6 기계변형,0007af17-f23e-49b9-b7c1-5a9968727cfd,오늘닭강정,닭강정,목원대 골목형상점가,골목형상점가,대전광역시,,,
9984a9a0cbd0e6756d6e,full_annotation_v1,A,q_정육_22,정윧,식료품 중 '정육'을 판매·제공하는 매장,train,정육,T6 기계변형,28753b89-41b5-46fc-99e4-fa7414b703b8,해운대 광순이네 고깃간,,좌동재래시장,전통시장,부산광역시,,,
414640440a852139e12c,full_annotation_v1,A,q_정육_22,정윧,식료품 중 '정육'을 판매·제공하는 매장,train,정육,T6 기계변형,023a95f4-f5cb-4b2e-b978-690c41d48d54,대송회센타,식당,대송시장,전통시장,울산광역시,,,
1e71cd34f762930929ca,full_annotation_v1,A,q_정육_22,정윧,식료품 중 '정육'을 판매·제공하는 매장,train,정육,T6 기계변형,022fb5a6-69f4-4765-88db-4228cac2ef69,랭상1992,삼겹살,오치2동 골목형상점가,골목형상점가,광주광역시,,,
1d6b8c7db7c99c11dd36,full_annotation_v1,A,q_정육_22,정윧,식료품 중 '정육'을 판매·제공하는 매장,train,정육,T6 기계변형,02c1d08f-a6a8-44bb-9b37-af40ad570ae5,정든밥,한식,둔산꽃길 골목형상점가,골목형상점가,대전광역시,,,
52c96c7e93bbb27ebcaf,full_annotation_v1,A,q_정육_22,정윧,식료품 중 '정육'을 판매·제공하는 매장,train,정육,T6 기계변형,beb475c7-0590-41f2-a554-bac7d8ac184b,소망상회,,봉화상설시장,전통시장,경상북도,,,
4e5d7cd79675000628a8,full_annotation_v1,A,q_정육_22,정윧,식료품 중 '정육'을 판매·제공하는 매장,train,정육,T6 기계변형,0091c18f-a074-4703-9af5-05c6495e38af,이지비야,고기,아름다운삼정로 골목형상점가,골목형상점가,광주광역시,,,
1e09d6d51becc578f250,full_annotation_v1,A,q_정육_22,정윧,식료품 중 '정육'을 판매·제공하는 매장,train,정육,T6 기계변형,656a2a27-36fa-40c3-92ea-f12865b5a3bb,우림축산,육류,맛의거리 맛리단길 골목형상점가,골목형상점가,전북특별자치도,,,
f966d34cced983f109c7,full_annotation_v1,A,q_정육_22,정윧,식료품 중 '정육'을 판매·제공하는 매장,train,정육,T6 기계변형,008615e0-6a3d-45a3-b0ce-af168ae6e16e,행담정육점,소고기 돼지고기 정육,대곡시장,전통시장,대구광역시,,,
86a80c1e8bd50990d4a4,full_annotation_v1,A,q_정육_22,정윧,식료품 중 '정육'을 판매·제공하는 매장,train,정육,T6 기계변형,a31ac9b2-2f87-45c6-bdf7-a7c6e222eee6,정육공간,정육점,개금골목시장,전통시장,부산광역시,,,
7b896a352a9c09c5526c,full_annotation_v1,A,q_정육_22,정윧,식료품 중 '정육'을 판매·제공하는 매장,train,정육,T6 기계변형,1279715c-8e04-4077-94fa-631ba0dd3325,정점,일식,누웨마루거리상점가,자율상권구역,제주특별자치도,,,
bcbec3b7161d609fe983,full_annotation_v1,A,q_정육_22,정윧,식료품 중 '정육'을 판매·제공하는 매장,train,정육,T6 기계변형,02235e2b-ba17-4b33-aacc-c1d96790e83e,바다담은구이,식당,정릉시장,전통시장,서울특별시,,,
be4e73d9fbb3e72a0f74,full_annotation_v1,A,q_정육_22,정윧,식료품 중 '정육'을 판매·제공하는 매장,train,정육,T6 기계변형,44ec13fb-8a4f-4c5c-ad94-af756fe17f58,시장 정육점,정육,용현시장,전통시장,인천광역시,,,
39b4eba2a36b10013fc6,full_annotation_v1,A,q_정육_22,정윧,식료품 중 '정육'을 판매·제공하는 매장,train,정육,T6 기계변형,0aad5389-cfad-4466-9fe1-d8a04dd60414,시골집숯불갈비,갈비,두암2동광신맨션주변 골목형상점가,골목형상점가,광주광역시,,,
24d8ff8fa7758e012930,full_annotation_v1,A,q_정육_22,정윧,식료품 중 '정육'을 판매·제공하는 매장,train,정육,T6 기계변형,5543d8d8-251b-4144-b9df-6ac21986ec98,목포상회,젓갈류,전주중앙상가시장,전통시장,전북특별자치도,,,
a471a99d77322ce89228,full_annotation_v1,A,q_정육_22,정윧,식료품 중 '정육'을 판매·제공하는 매장,train,정육,T6 기계변형,0367e5f3-1bf4-4d8a-bac6-655fcc2eda3f,큰집닭강정,닭강정,신도봉시장,전통시장,서울특별시,,,
bd7d9f15813f19ab2772,full_annotation_v1,A,q_정육_22,정윧,식료품 중 '정육'을 판매·제공하는 매장,train,정육,T6 기계변형,00176890-ac4c-4ce1-bf5b-c5e45dbf9c43,시골정육점,축산,답십리시장,전통시장,서울특별시,,,
e8eda920b5aeb511c41b,full_annotation_v1,A,q_정육_22,정윧,식료품 중 '정육'을 판매·제공하는 매장,train,정육,T6 기계변형,0031b1fc-4212-4c47-9dad-a8fa10d8bf85,㈜금원유통,축산물,마장축산물시장,전통시장,서울특별시,,,
5d9f9eddf3c96374ace1,full_annotation_v1,A,q_정육_22,정윧,식료품 중 '정육'을 판매·제공하는 매장,train,정육,T6 기계변형,05f92a78-c346-4436-91f5-c8f923773c94,정,한식,계림 재미로 골목형상점가,골목형상점가,광주광역시,,,
a5c0c968b6be5189fa5e,full_annotation_v1,A,q_정육_22,정윧,식료품 중 '정육'을 판매·제공하는 매장,train,정육,T6 기계변형,512cf9b7-4a4c-4325-8eac-7eef9f4b0b81,정돈계,,삼송상점가,자율상권구역,경기도,,,
856b9660b4481c89f834,full_annotation_v1,A,q_정육_22,정윧,식료품 중 '정육'을 판매·제공하는 매장,train,정육,T6 기계변형,05be8e6e-05cb-43d5-8c9e-ab68776e957b,낙원갈비집 부천옥길점,,부천 옥길 골목형상점가,골목형상점가,경기도,,,
82a8aedaebd7974fa72b,full_annotation_v1,A,q_정육_22,정윧,식료품 중 '정육'을 판매·제공하는 매장,train,정육,T6 기계변형,00265ad2-bd74-4057-b201-f6a798a8a4c9,칠분통닭오치점,치킨,오치2동 골목형상점가,골목형상점가,광주광역시,,,
35d9bddf4fa560d3e00b,full_annotation_v1,A,q_정육_22,정윧,식료품 중 '정육'을 판매·제공하는 매장,train,정육,T6 기계변형,2d27787c-1631-4b3d-84a6-55ce52359238,정각,한식,수완나들목 골목형상점가,골목형상점가,광주광역시,,,
da0ba9258160088a19b3,full_annotation_v1,A,q_정육_22,정윧,식료품 중 '정육'을 판매·제공하는 매장,train,정육,T6 기계변형,04564ea5-0be4-4ee2-8519-e8fcaffe3485,쌍둥이국밥,국밥,첨단이웃사랑 골목형상점가,골목형상점가,광주광역시,,,
92e267f6f898e3e00090,full_annotation_v1,A,q_정육_22,정윧,식료품 중 '정육'을 판매·제공하는 매장,train,정육,T6 기계변형,d61e1e35-e7ab-4b19-80e8-df9a10ab41a0,정추화로,한식,커낼워크상점가,골목형상점가,인천광역시,,,
7e687422597ea428f731,full_annotation_v1,A,q_정육_22,정윧,식료품 중 '정육'을 판매·제공하는 매장,train,정육,T6 기계변형,003a1767-bcd6-410b-809e-d4b059ce50c6,홍성토종한우,,어울림 아차산 골목형상점가,골목형상점가,서울특별시,,,
f69741ce50179134646a,full_annotation_v1,A,q_정육_22,정윧,식료품 중 '정육'을 판매·제공하는 매장,train,정육,T6 기계변형,033ab0da-f546-4879-93a7-5bf7e6327bf3,시장식당,국밥,광양5일시장,전통시장,,,,
f3454668a7337caed4d9,full_annotation_v1,A,q_정육_22,정윧,식료품 중 '정육'을 판매·제공하는 매장,train,정육,T6 기계변형,03f541e1-2781-4bd2-91a9-65b9196d82b4,또래오래치킨&참닭,삼겹살,노대물빛근린공원 골목형상점가,골목형상점가,광주광역시,,,
961004b1874265cdb409,full_annotation_v1,A,q_정육_22,정윧,식료품 중 '정육'을 판매·제공하는 매장,train,정육,T6 기계변형,0287935d-6e8e-465e-930c-b5e8e06c38c4,탄방 고기돈,삼겹살,탄방새마을 골목형상점가,골목형상점가,대전광역시,,,
80b9565c4be0dc198b87,full_annotation_v1,A,q_정육_22,정윧,식료품 중 '정육'을 판매·제공하는 매장,train,정육,T6 기계변형,0038f694-919c-4289-8bc1-a5e6549274e1,달인닭강정,닭강정,서귀포매일올레시장,전통시장,제주특별자치도,,,
6c9bb63cf0e97636c0d0,full_annotation_v1,A,q_정육_22,정윧,식료품 중 '정육'을 판매·제공하는 매장,train,정육,T6 기계변형,003d2015-a21c-44e2-9d66-c6f97ba3c296,집중호우,한우,하단자율상권구역,기타,부산광역시,,,
80c1e8ea18ded40ed313,full_annotation_v1,A,q_정육_22,정윧,식료품 중 '정육'을 판매·제공하는 매장,train,정육,T6 기계변형,0130dbd3-b9ea-43f4-98fd-26d8afd90b78,모래내시장순대,식당,전주모래내시장,전통시장,전북특별자치도,,,
c15b35d1ad7d83c68c66,full_annotation_v1,A,q_정육_22,정윧,식료품 중 '정육'을 판매·제공하는 매장,train,정육,T6 기계변형,13618def-dbc3-4d99-96e7-78c7178ad36c,나무스,기타소매업,금산금빛시장(금산시장),전통시장,충청남도,,,
d353dc74cc0966185864,full_annotation_v1,A,q_정육_22,정윧,식료품 중 '정육'을 판매·제공하는 매장,train,정육,T6 기계변형,6f496d1f-bec7-4e5a-b9f2-b302a7064088,정들면,한식 분식,삼천동제일 골목형상점가,골목형상점가,전북특별자치도,,,
5ca35d08616e35c3e44f,full_annotation_v1,A,q_정육_22,정윧,식료품 중 '정육'을 판매·제공하는 매장,train,정육,T6 기계변형,d2c4d0f6-88c1-4319-8fff-ca03614a0fae,정찬쿡,반찬,갈매애비뉴 골목형상점가,골목형상점가,경기도,,,
52e9e37c55a8f1de4917,full_annotation_v1,A,q_정육_22,정윧,식료품 중 '정육'을 판매·제공하는 매장,train,정육,T6 기계변형,00bdaed4-8c0c-4e39-9198-736e0be49945,대신식육,식육,중앙식료시장(중앙먹통시장),전통시장,전라남도,,,
f9696106daa3f02e5eaf,full_annotation_v1,A,q_정육_22,정윧,식료품 중 '정육'을 판매·제공하는 매장,train,정육,T6 기계변형,af4353c7-6aff-475c-88b9-ea6c85661140,정아,의류,달서시장,전통시장,대구광역시,,,
8f332f170ba4c2cbcb0f,full_annotation_v1,A,q_정육_22,정윧,식료품 중 '정육'을 판매·제공하는 매장,train,정육,T6 기계변형,ee8e19c4-a434-46ad-aea5-68310e041c81,정근식당,한식,마산 창동통합상가,자율상권구역,경상남도,,,
187ddcc444d71728b4c0,full_annotation_v1,A,q_정육_22,정윧,식료품 중 '정육'을 판매·제공하는 매장,train,정육,T6 기계변형,039c05c3-9a49-40ec-86ca-28415ca76d25,미쁘다담양식돼지갈비,갈비,용봉지구 골목형상점가,골목형상점가,광주광역시,,,
f4c6719ac5314dc3e8f8,full_annotation_v1,A,q_정육_22,정윧,식료품 중 '정육'을 판매·제공하는 매장,train,정육,T6 기계변형,004961cf-a775-4bcc-87a9-067c385bb9e7,삼미식육,식육,구포축산물도매시장,전통시장,부산광역시,,,
ff36eccf149214a93018,full_annotation_v1,A,q_정육_22,정윧,식료품 중 '정육'을 판매·제공하는 매장,train,정육,T6 기계변형,82387e3d-bcef-4e93-97d0-642f5ff61a32,정,커피,온양온천역 골목형 상점가,골목형상점가,충청남도,,,
d0001425c2cc18c805b2,full_annotation_v1,A,q_정육_22,정윧,식료품 중 '정육'을 판매·제공하는 매장,train,정육,T6 기계변형,f11152c3-bd3d-4394-ad71-520a15258720,정육점,정육,효천2지구 골목형상점가,골목형상점가,광주광역시,,,
5720bde174959cdd31ef,full_annotation_v1,A,q_정육_22,정윧,식료품 중 '정육'을 판매·제공하는 매장,train,정육,T6 기계변형,004764d4-5ad9-4f22-81bb-48eac27e9e4b,60계치킨 야탑점,치킨,야탑 골목형상점가,골목형상점가,경기도,,,
83d3446e239f4b1cd168,full_annotation_v1,A,q_정육_22,정윧,식료품 중 '정육'을 판매·제공하는 매장,train,정육,T6 기계변형,97e01509-0bd9-433a-9897-9866b43b0674,정코디,의류,천안중앙시장,전통시장,충청남도,,,
0fbe6a94a0bb7a8a784a,full_annotation_v1,A,q_정육_22,정윧,식료품 중 '정육'을 판매·제공하는 매장,train,정육,T6 기계변형,985b3244-52b2-486e-8f67-7df2687487fd,일신옥,한식,맛의거리 맛리단길 골목형상점가,골목형상점가,전북특별자치도,,,
af58ce587bf021a69276,full_annotation_v1,A,q_정육_22,정윧,식료품 중 '정육'을 판매·제공하는 매장,train,정육,T6 기계변형,00e45da9-1bb4-42fa-b0a8-63cdcea52143,수유중앙축산물백화점,정육,수유중앙시장,전통시장,서울특별시,,,
e4cf79381f2f664367ff,full_annotation_v1,A,q_정육_22,정윧,식료품 중 '정육'을 판매·제공하는 매장,train,정육,T6 기계변형,564de640-694f-4797-af66-a5d1df9c489f,푸줏간,,김천평화시장,전통시장,경상북도,,,
56bc3940572726e6268c,full_annotation_v1,A,q_정육_22,정윧,식료품 중 '정육'을 판매·제공하는 매장,train,정육,T6 기계변형,02f9037a-c117-4db4-9d2b-9b78182978f4,반월닭강정치킨,,보령한내시장,전통시장,충청남도,,,
26c89af9535fa478e07e,full_annotation_v1,A,q_정육_22,정윧,식료품 중 '정육'을 판매·제공하는 매장,train,정육,T6 기계변형,7d7e68cf-e872-48d4-a21f-f6ab6e2803c6,정만반찬,,화서시장,전통시장,경기도,,,
dc2af809b76d3d85ac3b,full_annotation_v1,A,q_족발_01,배달,음식점 중 '족발'을 판매·제공하는 매장,val,족발,T2 동의어,0fdda0b6-8af0-4e6d-9574-2a8b043c0bc0,이플,"꽃집, 꽃배달",담양중앙2번가 골목형상점가,골목형상점가,전라남도,,,
faa7fc9553e34da0119c,full_annotation_v1,A,q_족발_01,배달,음식점 중 '족발'을 판매·제공하는 매장,val,족발,T2 동의어,94019ef1-8bfc-45ea-b8be-7e8b0c7b7b35,남경회수산,"활어회포장, 배달",원대신시장,전통시장,대구광역시,,,
ac65da3ba2e3c8a43d0c,full_annotation_v1,A,q_족발_01,배달,음식점 중 '족발'을 판매·제공하는 매장,val,족발,T2 동의어,dfbc94e8-e519-4c6e-8f82-25460a7fb7e6,버미직화제육,제육 포장 배달,무지개종합상가,자율상권구역,서울특별시,,,
03ef804f288d2bf5935d,full_annotation_v1,A,q_족발_01,배달,음식점 중 '족발'을 판매·제공하는 매장,val,족발,T2 동의어,fa51deb5-18e3-446d-8e09-f6290378fe47,마이필라테스,운동,양산길 골목형상점가,골목형상점가,광주광역시,,,
fabd3abc77dfcbee6940,full_annotation_v1,A,q_족발_01,배달,음식점 중 '족발'을 판매·제공하는 매장,val,족발,T2 동의어,256f159e-1ad9-48f8-b40b-2f31269bf57f,삼3오5,야식,화천재래시장,전통시장,강원특별자치도,,,
fd706c33f10a2df29133,full_annotation_v1,A,q_족발_01,배달,음식점 중 '족발'을 판매·제공하는 매장,val,족발,T2 동의어,550d2ec8-585e-4a6b-ad01-14694debba03,"대한에너지석유,등유,경유배달,얼음배달",등유,반드레길골목형상점가,골목형상점가,서울특별시,,,
0855bb235f9aac8e1a3e,full_annotation_v1,A,q_족발_01,배달,음식점 중 '족발'을 판매·제공하는 매장,val,족발,T2 동의어,158dd2c8-0813-4964-a5c1-f0cda42f04e0,흥농농약종묘,"종묘, 농약",통영 서호전통시장,전통시장,경상남도,,,
feceb00f69091d254728,full_annotation_v1,A,q_족발_01,배달,음식점 중 '족발'을 판매·제공하는 매장,val,족발,T2 동의어,97046bce-7933-43f1-9bce-5b049a489891,화성휴게실,배달음식,점촌역전상점가,자율상권구역,경상북도,,,
8aeb83303d646e6b8f9f,full_annotation_v1,A,q_족발_01,배달,음식점 중 '족발'을 판매·제공하는 매장,val,족발,T2 동의어,3e7be906-2c42-4eab-ad61-91e7069a68f5,윤달,음식,창원 가음시장대상가,전통시장,경상남도,,,
a59ebc8b3ec7ceb220a5,full_annotation_v1,A,q_족발_01,배달,음식점 중 '족발'을 판매·제공하는 매장,val,족발,T2 동의어,f9ddfdb8-8351-4457-8358-eae9be43c5e1,청학골,한식 배달,쌍용먹자패션거리 골목형상점가,골목형상점가,충청남도,,,
35394b07d0b4e7c8187b,full_annotation_v1,A,q_족발_01,배달,음식점 중 '족발'을 판매·제공하는 매장,val,족발,T2 동의어,359df784-64ca-44d9-843d-119b126f095a,서산헬퍼,배달,서산동부전통시장,전통시장,충청남도,,,
14574f2798649b29a093,full_annotation_v1,A,q_족발_01,배달,음식점 중 '족발'을 판매·제공하는 매장,val,족발,T2 동의어,6cddebc1-b1a1-4ce0-8819-89e38f31bf50,사직열쇠,열쇠,사직시장,전통시장,부산광역시,,,
a6e5467f4930e7910998,full_annotation_v1,A,q_족발_01,배달,음식점 중 '족발'을 판매·제공하는 매장,val,족발,T2 동의어,9b4fc779-b33c-4d82-bee6-9acf7defc3c1,주식회사 두두컴퍼니코리아,배달,자양로13길골목형상점가,골목형상점가,서울특별시,,,
895b245eb311324581dc,full_annotation_v1,A,q_족발_01,배달,음식점 중 '족발'을 판매·제공하는 매장,val,족발,T2 동의어,0a12d1ae-a606-4bc1-97ab-f35a563b097a,배달마켓,치킨 야식,양양로 골목형상점가,골목형상점가,강원특별자치도,,,
6346c5f1903a0e9c2405,full_annotation_v1,A,q_족발_01,배달,음식점 중 '족발'을 판매·제공하는 매장,val,족발,T2 동의어,97ad5895-9a1a-43ec-be09-7d7bb805b279,흥농종묘사,농자재,문막시장,전통시장,강원특별자치도,,,
5b4278b85c30a41e6591,full_annotation_v1,A,q_족발_01,배달,음식점 중 '족발'을 판매·제공하는 매장,val,족발,T2 동의어,26dfe02d-3a5d-4bb2-9835-7708f905992c,로달,의류,송촌동상점가,자율상권구역,대전광역시,,,
434ddb74e3a7b68a0022,full_annotation_v1,A,q_족발_01,배달,음식점 중 '족발'을 판매·제공하는 매장,val,족발,T2 동의어,5285cf40-0b26-468d-8de8-75666d1c9c73,땅스부대찌개 신불당점,"부대찌개 (포장,배달)",불당지웰4블럭 골목형상점가,골목형상점가,충청남도,,,
ed67373582da33471455,full_annotation_v1,A,q_족발_01,배달,음식점 중 '족발'을 판매·제공하는 매장,val,족발,T2 동의어,ffb711b1-8464-4a34-afa7-359f837a2e66,최배달 떡순튀 야탑점,분식,야탑 골목형상점가,골목형상점가,경기도,,,
24070d2deeaebc58850c,full_annotation_v1,A,q_족발_01,배달,음식점 중 '족발'을 판매·제공하는 매장,val,족발,T2 동의어,c31b2406-912a-4b60-910a-10d118d4066b,세븐일레븐 음성대소시장점,편의점,대소시장,전통시장,충청북도,,,
f3cdf6e11a68a12c9307,full_annotation_v1,A,q_족발_01,배달,음식점 중 '족발'을 판매·제공하는 매장,val,족발,T2 동의어,f56caf64-3c82-4eda-a4db-a15542076617,김밥나라,분식,오치2동 골목형상점가,골목형상점가,광주광역시,,,
b6623d75caeeb2cd0a3a,full_annotation_v1,A,q_족발_01,배달,음식점 중 '족발'을 판매·제공하는 매장,val,족발,T2 동의어,4eeee025-f73e-42a3-b100-c72608c2e89c,은성상회,건어물,동문시장㈜,전통시장,제주특별자치도,,,
598d5b10a664f3ac7630,full_annotation_v1,A,q_족발_01,배달,음식점 중 '족발'을 판매·제공하는 매장,val,족발,T2 동의어,d53f7951-5e9a-41c7-a439-bd5c2f066b43,심지,의류,창원 성원그랜드쇼핑상가,전통시장,경상남도,,,
d3cd1985223ee59f9fc7,full_annotation_v1,A,q_족발_01,배달,음식점 중 '족발'을 판매·제공하는 매장,val,족발,T2 동의어,ad4bd443-1b16-4177-a110-e365fe11647a,배달안경세종지점,안경,한솔동 5~6단지상점가,자율상권구역,세종특별자치시,,,
6c5e27ddda334ac22bf2,full_annotation_v1,A,q_족발_01,배달,음식점 중 '족발'을 판매·제공하는 매장,val,족발,T2 동의어,1e386222-e23b-49b2-a285-66834fbfc965,미쳐스닭발 현리점,야식,조종시장,전통시장,경기도,,,
b0b047c1e93beb1a2c55,full_annotation_v1,A,q_족발_01,배달,음식점 중 '족발'을 판매·제공하는 매장,val,족발,T2 동의어,ba8d679e-d93e-40b3-ac26-38cdc8e1ab5e,바로고,배달업,매곡 골목형상점가,골목형상점가,대구광역시,,,
24aa882c4b94880b29ec,full_annotation_v1,A,q_족발_01,배달,음식점 중 '족발'을 판매·제공하는 매장,val,족발,T2 동의어,025b7d36-94e1-4d2d-97b3-93a81122fcdf,가루,족발 보쌈 막국수,영등포구청역 3번출구 골목형상점가,골목형상점가,서울특별시,,,
ca36478066a26e8854d8,full_annotation_v1,A,q_족발_01,배달,음식점 중 '족발'을 판매·제공하는 매장,val,족발,T2 동의어,9e09da83-b945-40c2-8d44-2249b665ba84,배달한의원,한의원,물베기 골목형상점가,골목형상점가,대구광역시,,,
9d237b70b92551c589a7,full_annotation_v1,A,q_족발_01,배달,음식점 중 '족발'을 판매·제공하는 매장,val,족발,T2 동의어,f6683bb8-f10a-4f7c-973f-f581f0654a25,배달상점,일회용기,안락상가시장,전통시장,부산광역시,,,
180c240767f4ad8c59ee,full_annotation_v1,A,q_족발_01,배달,음식점 중 '족발'을 판매·제공하는 매장,val,족발,T2 동의어,74fec10b-a705-4148-8d55-05c2d7e63040,직구삼,직화구이 배달,상도전통시장,전통시장,서울특별시,,,
489865597bf7ddc133a5,full_annotation_v1,A,q_족발_01,배달,음식점 중 '족발'을 판매·제공하는 매장,val,족발,T2 동의어,01b038d0-c4c7-40e8-ba71-b4406a191586,아라 맛짱네 족발보쌈,족발보쌈,돈암시장,전통시장,서울특별시,,,
40e8163b163f41ddd5ea,full_annotation_v1,A,q_족발_01,배달,음식점 중 '족발'을 판매·제공하는 매장,val,족발,T2 동의어,134b3f17-1970-4eca-9e8f-e06a5aecedb8,세탁갤러리(용봉점),세탁물 수거배달,매봉 골목형상점가,골목형상점가,광주광역시,,,
bcab6b63965c172b709c,full_annotation_v1,A,q_족발_01,배달,음식점 중 '족발'을 판매·제공하는 매장,val,족발,T2 동의어,c8895e29-f69c-4177-9d90-e43389fc363b,부산진구녹즙,음료품 배달 녹즙사업,부전마켓타운 시장활성화구역,상권활성화구역,부산광역시,,,
55d7cc7588ffa82a2d9e,full_annotation_v1,A,q_족발_01,배달,음식점 중 '족발'을 판매·제공하는 매장,val,족발,T2 동의어,e49d5fde-2337-40cf-9c72-57ba2adea012,팔도식육점,식육,고성 공룡시장,전통시장,경상남도,,,
36edbcfe989dbb1a1014,full_annotation_v1,A,q_족발_01,배달,음식점 중 '족발'을 판매·제공하는 매장,val,족발,T2 동의어,09de7e76-279f-42dd-8b15-f430ec19d69f,열정국밥,배달음식,"가락마을 1,2단지 골목형상점가(가락마을 1,2단지 상인회)",골목형상점가,세종특별자치시,,,
81e747729da1de81d88c,full_annotation_v1,A,q_족발_01,배달,음식점 중 '족발'을 판매·제공하는 매장,val,족발,T2 동의어,492b260b-7dff-4391-82d4-e0ed34bce9d8,하나퀵서비스,퀵배달,전곡골목형상점가,골목형상점가,서울특별시,,,
c5bb01426dec3e86059b,full_annotation_v1,A,q_족발_01,배달,음식점 중 '족발'을 판매·제공하는 매장,val,족발,T2 동의어,45eca081-cc37-40d5-834e-2dcbc5688357,수완푸른녹즙,음료품배달,흑석동 골목형상점가,골목형상점가,광주광역시,,,
817cb3fc2534a81972eb,full_annotation_v1,A,q_족발_01,배달,음식점 중 '족발'을 판매·제공하는 매장,val,족발,T2 동의어,3a018708-d2ae-4c56-b3aa-8e3822cdbcab,푸줏간삼겹돼지고기배달 건대점,한식,자양로13길골목형상점가,골목형상점가,서울특별시,,,
453b0a8b2baad8ba6251,full_annotation_v1,A,q_족발_01,배달,음식점 중 '족발'을 판매·제공하는 매장,val,족발,T2 동의어,f3c6bf49-832d-4b9c-a514-dcc8b8da7a03,육식사관학교 도봉점,배달 삼겹,도봉산옛길골목형상점가,골목형상점가,서울특별시,,,
c90ab151be5a87efdfa7,full_annotation_v1,A,q_족발_01,배달,음식점 중 '족발'을 판매·제공하는 매장,val,족발,T2 동의어,195fa427-5041-4592-bbd8-75c659ce9bcf,돼지야!달려간다,한식 배달,용주로사랑길 골목형상점가,골목형상점가,광주광역시,,,
ed9ded1aa9afd96aefd8,full_annotation_v1,A,q_족발_01,배달,음식점 중 '족발'을 판매·제공하는 매장,val,족발,T2 동의어,68d55c5c-ba5a-4382-93ee-49dca3b5d64a,영덕상회,음료품 배달 소매,서동향토시장,전통시장,부산광역시,,,
220ec19c4050a119d089,full_annotation_v1,A,q_족발_01,배달,음식점 중 '족발'을 판매·제공하는 매장,val,족발,T2 동의어,8eee26fb-7b7b-4ecc-ac7a-b98edef14959,배달킹,,계림2동발전 골목형상점가,골목형상점가,,,,
58ecd3dc6b3d3e34d587,full_annotation_v1,A,q_족발_01,배달,음식점 중 '족발'을 판매·제공하는 매장,val,족발,T2 동의어,00831405-3dce-4f59-90cd-81fc3f837a63,보광축산,정육,원당시장(구 원당전통시장),전통시장,경기도,,,
9c598ba40d4010dd99b6,full_annotation_v1,A,q_족발_01,배달,음식점 중 '족발'을 판매·제공하는 매장,val,족발,T2 동의어,cba3a28a-292f-4d48-9640-522d945928f2,내고향막창,막창,안동시 대안로 골목형상점가,골목형상점가,경상북도,,,
d5c2a40931e223ffd4db,full_annotation_v1,A,q_족발_01,배달,음식점 중 '족발'을 판매·제공하는 매장,val,족발,T2 동의어,ac8ae64e-ffed-460b-856e-412e6b337d17,신가미가,배달전문,수완중흥대방 골목형상점가,골목형상점가,광주광역시,,,
c700c4d95636387c2637,full_annotation_v1,A,q_족발_01,배달,음식점 중 '족발'을 판매·제공하는 매장,val,족발,T2 동의어,00a5a31e-6208-4900-9553-18f188bfcbfc,올바른고깃간일곡점,정육점,일곡동 골목형상점가,골목형상점가,광주광역시,,,
5a88fd82d2fe4debd1af,full_annotation_v1,A,q_족발_01,배달,음식점 중 '족발'을 판매·제공하는 매장,val,족발,T2 동의어,028e11ac-d687-483b-b4cf-8273aed2c3b8,바른보쌈1990,보쌈,서영대 정문 골목형상점가,골목형상점가,광주광역시,,,
777a3f7f4c40fbd7e450,full_annotation_v1,A,q_족발_01,배달,음식점 중 '족발'을 판매·제공하는 매장,val,족발,T2 동의어,0e64b11b-1d4f-49f9-a1ff-59628ce36a3f,큰달,,부산평화시장,전통시장,부산광역시,,,
501427e8727bdc221053,full_annotation_v1,A,q_족발_01,배달,음식점 중 '족발'을 판매·제공하는 매장,val,족발,T2 동의어,0072ddc8-1b0b-4a64-b9d0-9eb309854f0c,오뚜기정육점,정육,김제중앙시장,전통시장,전북특별자치도,,,
60618bcc9b285bb73e2b,full_annotation_v1,A,q_족발_01,배달,음식점 중 '족발'을 판매·제공하는 매장,val,족발,T2 동의어,6306624f-6c44-4b4b-b5a7-950d8e94b466,456포차,요리,태봉마을 골목형상점가,골목형상점가,경기도,,,
2fa7150213f21a677575,full_annotation_v1,A,q_족발_01,배달,음식점 중 '족발'을 판매·제공하는 매장,val,족발,T2 동의어,d07c8c2f-63bb-43cf-8b90-64876aa37d56,배달상회,농산물,역전시장 상점가,자율상권구역,대전광역시,,,
a60e3ffa20a0c8aec02d,full_annotation_v1,A,q_족발_01,배달,음식점 중 '족발'을 판매·제공하는 매장,val,족발,T2 동의어,55122a6a-b55e-468a-8235-23ca572c5e88,하얀나라,세탁물수거배달,독립로 백운1동 골목형상점가,골목형상점가,광주광역시,,,
69ab4c41d94c41bde33a,full_annotation_v1,A,q_족발_01,배달,음식점 중 '족발'을 판매·제공하는 매장,val,족발,T2 동의어,04057e3f-517b-43b5-a1df-62cef13b98c1,구만족발보쌈,족발보쌈,부전상가시장,전통시장,부산광역시,,,
806f42e00c6c3289d221,full_annotation_v1,A,q_족발_01,배달,음식점 중 '족발'을 판매·제공하는 매장,val,족발,T2 동의어,18fcaf30-b94f-4d0e-9eba-de9a5db63b82,해피크린 유촌버들점,세탁뭄ㄹ수거배달,버들마을상인회 골목형상점가,골목형상점가,광주광역시,,,
b45f9ea6e39e4cf8f1f8,full_annotation_v1,A,q_족발_01,배달,음식점 중 '족발'을 판매·제공하는 매장,val,족발,T2 동의어,1bc2ecc9-fe5f-4e91-b92c-c96fd24daf14,배달삼겹소문난삼겹강서점,분식,송화벽화시장,전통시장,서울특별시,,,
7477aecec4a217094888,full_annotation_v1,A,q_족발_01,배달,음식점 중 '족발'을 판매·제공하는 매장,val,족발,T2 동의어,757ef90d-d575-4bf7-8745-816b20984882,진도축산,식육,가락몰골목형상점가,골목형상점가,서울특별시,,,
1bb44e4bcd4bfdf1fd98,full_annotation_v1,A,q_족발_01,배달,음식점 중 '족발'을 판매·제공하는 매장,val,족발,T2 동의어,12cb0d18-6f73-4028-a9a8-0c03998eb7b4,심야식당,,맹동혁신골목형상점가,골목형상점가,충청북도,,,
fafb7bac94f6362498f7,full_annotation_v1,A,q_족발_01,배달,음식점 중 '족발'을 판매·제공하는 매장,val,족발,T2 동의어,0c72c975-9033-4aec-acca-e0907d67af8c,대야식당,,익산구시장,전통시장,전북특별자치도,,,
eda6dcd3085d05fdf49d,full_annotation_v1,A,q_족발_01,배달,음식점 중 '족발'을 판매·제공하는 매장,val,족발,T2 동의어,d6e2c99b-c5e5-418e-a9af-81c9dce84641,배달식탁,한식,신흥로데오거리상점가,골목형상점가,경기도,,,
e46872025d4666b8a5dc,full_annotation_v1,A,q_족발_01,배달,음식점 중 '족발'을 판매·제공하는 매장,val,족발,T2 동의어,923d3e9f-0f79-411c-bdd9-9ce0ba9b5b14,임동사진관 포토린,사진관,임동 골목형상점가,골목형상점가,광주광역시,,,
6a98c332e1c822350462,full_annotation_v1,A,q_족발_01,배달,음식점 중 '족발'을 판매·제공하는 매장,val,족발,T2 동의어,9385c537-2b03-4353-965e-a3faf1f53017,광자네 배달,족발,권선종합시장,전통시장,경기도,,,
87053bdb336c14a85f10,full_annotation_v1,A,q_족발_01,배달,음식점 중 '족발'을 판매·제공하는 매장,val,족발,T2 동의어,00e45da9-1bb4-42fa-b0a8-63cdcea52143,수유중앙축산물백화점,정육,수유중앙시장,전통시장,서울특별시,,,
4075d43e0c88025a3c3e,full_annotation_v1,A,q_족발_01,배달,음식점 중 '족발'을 판매·제공하는 매장,val,족발,T2 동의어,8e586519-4b9a-489a-8a15-0579c3f7b0f3,석쇠로770,일반음식(배달)홀없고배달만한다,사리골상점가,자율상권구역,경기도,,,
96bf937bd2f84951e09c,full_annotation_v1,A,q_족발_01,배달,음식점 중 '족발'을 판매·제공하는 매장,val,족발,T2 동의어,21f51600-6014-4d48-b194-5661d4a8bb55,우리동네셀프수산,수산물,면목골목시장,전통시장,서울특별시,,,
8f86e96a15085dc61639,full_annotation_v1,A,q_족발_01,배달,음식점 중 '족발'을 판매·제공하는 매장,val,족발,T2 동의어,beb79cd5-359c-49b2-8508-6282795ee18c,배때지배달삼겹,,석적읍 중리일번지 골목형상점가,골목형상점가,경상북도,,,
0d6594f35dd629875a5a,full_annotation_v1,A,q_족발_01,배달,음식점 중 '족발'을 판매·제공하는 매장,val,족발,T2 동의어,0008f8f4-4c6e-4c4a-ad64-76aaea3d2d18,대성정육점,정육,평택국제중앙시장,전통시장,경기도,,,
62e48875afd9d9636bf0,full_annotation_v1,A,q_족발_01,배달,음식점 중 '족발'을 판매·제공하는 매장,val,족발,T2 동의어,4ed75aae-093c-4ead-8698-d743aeef147f,꽃집시월,"꽃집, 꽃배달",다정한 골목형상점가,골목형상점가,세종특별자치시,,,
36f2efd62d62b7e84808,full_annotation_v1,A,q_족발_01,배달,음식점 중 '족발'을 판매·제공하는 매장,val,족발,T2 동의어,43e4a63c-02a7-4289-a8cd-8803cc546731,꽃집인가 봄,꽃 꽃배달,해밀동 골목형상점가,골목형상점가,세종특별자치시,,,
a9514a3f9c1a0addb088,full_annotation_v1,A,q_족발_01,배달,음식점 중 '족발'을 판매·제공하는 매장,val,족발,T2 동의어,e1b2f579-4819-4e9a-847e-fb9072ea41d7,해피크린 수완이지점,세탁수거배달,수완이지더원 골목형상점가,골목형상점가,광주광역시,,,
2bdba490da8f11b727e8,full_annotation_v1,A,q_족발_01,배달,음식점 중 '족발'을 판매·제공하는 매장,val,족발,T2 동의어,cb19525f-a770-4337-8ba8-90957d31d84a,주식회사 한얼홀딩스(한얼키친),피자배달 옛날통닭 탄두리탕수육,염주먹자골목A구역상인회 골목형상점가,골목형상점가,광주광역시,,,
4009f5a08b28e929c82c,full_annotation_v1,A,q_족발_01,배달,음식점 중 '족발'을 판매·제공하는 매장,val,족발,T2 동의어,0032a869-f135-4f13-8f52-eba4a9c3152e,장충동뚱뚱이할머니족발보쌈,족발 보쌈,원효 골목형상점가,골목형상점가,서울특별시,,,
93a2a88386c3fbc05645,full_annotation_v1,A,q_족발_01,배달,음식점 중 '족발'을 판매·제공하는 매장,val,족발,T2 동의어,08fbbec4-75e6-419e-949f-7273cbdfc9f2,돌담정식,분식,양수리전통시장(양평양수리시장),전통시장,경기도,,,
dbcca6380b1d59540e3d,full_annotation_v1,A,q_족발_01,배달,음식점 중 '족발'을 판매·제공하는 매장,val,족발,T2 동의어,5552e0af-419c-41b8-a8c0-5e85e2028a17,상호직물,원단,광장시장,전통시장,서울특별시,,,
3f563157dcd1e3cc1197,full_annotation_v1,A,q_족발_01,배달,음식점 중 '족발'을 판매·제공하는 매장,val,족발,T2 동의어,da8b6372-a622-4cb9-a6ea-d842f0ed90db,한국야쿠르트,배달,창원 상남시장,전통시장,경상남도,,,
5dec695d15c2d3a50c6e,full_annotation_v1,A,q_족발_02,보쌈,음식점 중 '족발'을 판매·제공하는 매장,val,족발,T2 동의어,00a5a31e-6208-4900-9553-18f188bfcbfc,올바른고깃간일곡점,정육점,일곡동 골목형상점가,골목형상점가,광주광역시,,,
276bb67bcebed7b95af5,full_annotation_v1,A,q_족발_02,보쌈,음식점 중 '족발'을 판매·제공하는 매장,val,족발,T2 동의어,69fb49a9-acde-4830-8c1e-302b6d9bd0eb,선희네식당,보쌈,봉일천전통시장,전통시장,경기도,,,
dbc92781a5e3492a6d0e,full_annotation_v1,A,q_족발_02,보쌈,음식점 중 '족발'을 판매·제공하는 매장,val,족발,T2 동의어,8372bba4-3b24-4cfb-97a2-97059de86edf,아루나 꽃자재,생화,진주 새서부시장,전통시장,경상남도,,,
ab2c390877555658f481,full_annotation_v1,A,q_족발_02,보쌈,음식점 중 '족발'을 판매·제공하는 매장,val,족발,T2 동의어,00831405-3dce-4f59-90cd-81fc3f837a63,보광축산,정육,원당시장(구 원당전통시장),전통시장,경기도,,,
8b028a1c0bb5ff204159,full_annotation_v1,A,q_족발_02,보쌈,음식점 중 '족발'을 판매·제공하는 매장,val,족발,T2 동의어,334c1717-4f8e-4ef5-aa37-7293f84c9f1f,다락,음식(분식),도화동상점가,자율상권구역,서울특별시,,,
d809eaecb9137bfd97cb,full_annotation_v1,A,q_족발_02,보쌈,음식점 중 '족발'을 판매·제공하는 매장,val,족발,T2 동의어,be75c4f5-90d7-46e2-b75e-1b1ed0dc062f,힐링맛사지샵,마사지,양산 북부시장,전통시장,경상남도,,,
d8471b7659e090eabba3,full_annotation_v1,A,q_족발_02,보쌈,음식점 중 '족발'을 판매·제공하는 매장,val,족발,T2 동의어,75e94db0-6695-4591-8143-d44122821111,바른보쌈1990,보쌈,오류전통시장(오류빤짝시장),전통시장,대전광역시,,,
bcf7ba5b8dd54700fd3e,full_annotation_v1,A,q_족발_02,보쌈,음식점 중 '족발'을 판매·제공하는 매장,val,족발,T2 동의어,4224d708-4ff9-4a4e-a447-cdb91c8c9081,두찜 원주문막점,한식찜닭,문막시장,전통시장,강원특별자치도,,,
49a9e1f3de981f68e06f,full_annotation_v1,A,q_족발_02,보쌈,음식점 중 '족발'을 판매·제공하는 매장,val,족발,T2 동의어,b540ade3-bb72-41ee-811b-112c8157e1e9,제주수산,신선 및 냉동 기타 수산물,서남신시장,전통시장,대구광역시,,,
f4a8a7eaaa4f79784cf3,full_annotation_v1,A,q_족발_02,보쌈,음식점 중 '족발'을 판매·제공하는 매장,val,족발,T2 동의어,392783fd-6d71-48ba-b326-e2837e6425b6,서씨네보쌈창원점,보쌈,창원 가음정시장,전통시장,경상남도,,,
259c37404197ddd2ded3,full_annotation_v1,A,q_족발_02,보쌈,음식점 중 '족발'을 판매·제공하는 매장,val,족발,T2 동의어,7fba8eb2-f628-4f27-be3d-bb29e710760b,요요히빛나다,보쌈,화삼골상인회 골목형상점가,골목형상점가,광주광역시,,,
533e340471be4c640409,full_annotation_v1,A,q_족발_02,보쌈,음식점 중 '족발'을 판매·제공하는 매장,val,족발,T2 동의어,c83a2451-3856-47d7-a0d4-f5f76f3910e0,해포,보쌈,이촌종합시장,전통시장,서울특별시,,,
79a2089b90956a9de313,full_annotation_v1,A,q_족발_02,보쌈,음식점 중 '족발'을 판매·제공하는 매장,val,족발,T2 동의어,4785654e-04ee-48cf-b375-84e5ade5e767,슈마커 대구성서점,,성서아울렛타운,자율상권구역,대구광역시,,,
d9900b7119e770d805b7,full_annotation_v1,A,q_족발_02,보쌈,음식점 중 '족발'을 판매·제공하는 매장,val,족발,T2 동의어,195fa427-5041-4592-bbd8-75c659ce9bcf,돼지야!달려간다,한식 배달,용주로사랑길 골목형상점가,골목형상점가,광주광역시,,,
b7b318232b64f4af9690,full_annotation_v1,A,q_족발_02,보쌈,음식점 중 '족발'을 판매·제공하는 매장,val,족발,T2 동의어,113b8574-5f22-4128-8d5f-bc01e7d1a30c,섬지기,음식,백사장항 골목형상점가,골목형상점가,충청남도,,,
f5cba5443d008f82ec24,full_annotation_v1,A,q_족발_02,보쌈,음식점 중 '족발'을 판매·제공하는 매장,val,족발,T2 동의어,1bc14e1f-dc00-4790-9df8-a02f5595e954,대관령감자탕&보쌈,,광나루길 골목형상점가,골목형상점가,서울특별시,,,
6ffc1ef0d922ce6fb7e3,full_annotation_v1,A,q_족발_02,보쌈,음식점 중 '족발'을 판매·제공하는 매장,val,족발,T2 동의어,1571490a-46a5-4c19-908b-4c4b705a9341,어지니 보쌈 &막국수,보쌈,동명동 카페거리 골목형상점가,골목형상점가,광주광역시,,,
ec82971c18910e3edde9,full_annotation_v1,A,q_족발_02,보쌈,음식점 중 '족발'을 판매·제공하는 매장,val,족발,T2 동의어,8e55f144-a600-49dd-a017-9f62785551e5,족미당,족발 보쌈,상암동상점가,자율상권구역,서울특별시,,,
d677d819ecb5a78ae0ba,full_annotation_v1,A,q_족발_02,보쌈,음식점 중 '족발'을 판매·제공하는 매장,val,족발,T2 동의어,62ba72d5-96c8-4485-a0d0-006a819d35a6,항아리황금보쌈,보쌈,계수마을상인회 골목형상점가,골목형상점가,광주광역시,,,
924535dbb8ea42f9319f,full_annotation_v1,A,q_족발_02,보쌈,음식점 중 '족발'을 판매·제공하는 매장,val,족발,T2 동의어,994e8234-f134-4a07-a798-f84d018e2a35,꽃님이네,보쌈,세은 골목형상점가,골목형상점가,광주광역시,,,
81d0d40f9d9fb3dbef57,full_annotation_v1,A,q_족발_02,보쌈,음식점 중 '족발'을 판매·제공하는 매장,val,족발,T2 동의어,14df7c37-bea0-41fc-932d-3d9e306afcb1,돈통마늘보쌈,보쌈,적성전통시장,전통시장,경기도,,,
0501897a434de88de9e5,full_annotation_v1,A,q_족발_02,보쌈,음식점 중 '족발'을 판매·제공하는 매장,val,족발,T2 동의어,028e11ac-d687-483b-b4cf-8273aed2c3b8,바른보쌈1990,보쌈,서영대 정문 골목형상점가,골목형상점가,광주광역시,,,
46682907530eb8879b9f,full_annotation_v1,A,q_족발_02,보쌈,음식점 중 '족발'을 판매·제공하는 매장,val,족발,T2 동의어,4e3c8267-a9b1-45c6-b496-1e092ba33c98,용보쌈,보쌈,솔올중앞골목형상점가,골목형상점가,강원특별자치도,,,
b31187efc09af783703a,full_annotation_v1,A,q_족발_02,보쌈,음식점 중 '족발'을 판매·제공하는 매장,val,족발,T2 동의어,3205cca7-6384-40f5-8a0a-39a46e91726e,보쌈보이,보쌈,대동한마음 골목형상점가,골목형상점가,울산광역시,,,
cc812bf05de1e8c3638c,full_annotation_v1,A,q_족발_02,보쌈,음식점 중 '족발'을 판매·제공하는 매장,val,족발,T2 동의어,e6ed9ca2-1867-4048-8c1f-43958a12c95d,먹보보쌈,보쌈,운정역 중심상가 골목형상점가,골목형상점가,경기도,,,
ca83eb37228304207a89,full_annotation_v1,A,q_족발_02,보쌈,음식점 중 '족발'을 판매·제공하는 매장,val,족발,T2 동의어,0032a869-f135-4f13-8f52-eba4a9c3152e,장충동뚱뚱이할머니족발보쌈,족발 보쌈,원효 골목형상점가,골목형상점가,서울특별시,,,
af49849cc3bae407bb14,full_annotation_v1,A,q_족발_02,보쌈,음식점 중 '족발'을 판매·제공하는 매장,val,족발,T2 동의어,efcbfad4-80f8-44cb-b333-046d496fe53e,대봉 칼국수 보쌈,한식,강남시장,전통시장,서울특별시,,,
e009246a11e29882aa2e,full_annotation_v1,A,q_족발_02,보쌈,음식점 중 '족발'을 판매·제공하는 매장,val,족발,T2 동의어,01b038d0-c4c7-40e8-ba71-b4406a191586,아라 맛짱네 족발보쌈,족발보쌈,돈암시장,전통시장,서울특별시,,,
24aaf46d2bcbbc1382ca,full_annotation_v1,A,q_족발_02,보쌈,음식점 중 '족발'을 판매·제공하는 매장,val,족발,T2 동의어,577db823-7f1b-4df2-8517-18cc132ec4eb,원더풀보쌈,보쌈,귀인동먹거리촌 골목형상점가,골목형상점가,경기도,,,
0055ffd6382dbb98d41e,full_annotation_v1,A,q_족발_02,보쌈,음식점 중 '족발'을 판매·제공하는 매장,val,족발,T2 동의어,710dfea9-32f3-419a-85c8-6a659f50f0ec,항아리보쌈,보쌈,두정동상점가,자율상권구역,충청남도,,,
95b29a2d1cb43a11ed22,full_annotation_v1,A,q_족발_02,보쌈,음식점 중 '족발'을 판매·제공하는 매장,val,족발,T2 동의어,82e7e932-2cd2-4781-83c9-569da84422e3,항아리보쌈,보쌈,노은역 골목형상점가,골목형상점가,대전광역시,,,
25c4fb9b98822ab66eb2,full_annotation_v1,A,q_족발_02,보쌈,음식점 중 '족발'을 판매·제공하는 매장,val,족발,T2 동의어,6fb95b63-6600-4a8e-abf0-215e27ab3ca9,홍도농산,,대구능금시장,전통시장,대구광역시,,,
95798e209a82340c6288,full_annotation_v1,A,q_족발_02,보쌈,음식점 중 '족발'을 판매·제공하는 매장,val,족발,T2 동의어,ade35701-2a59-49e0-a9c7-5a16f9683cbe,송가네보쌈,보쌈 족발,방배역먹자골목 골목형상점가,골목형상점가,서울특별시,,,
c8575783b3e1db5ca445,full_annotation_v1,A,q_족발_02,보쌈,음식점 중 '족발'을 판매·제공하는 매장,val,족발,T2 동의어,605e8436-5719-4824-8b64-1d14e4eb1efe,푸른마루 보쌈집,보쌈,염주먹자골목A구역상인회 골목형상점가,골목형상점가,광주광역시,,,
2810b0f47b45b95778db,full_annotation_v1,A,q_족발_02,보쌈,음식점 중 '족발'을 판매·제공하는 매장,val,족발,T2 동의어,18fcaf30-b94f-4d0e-9eba-de9a5db63b82,해피크린 유촌버들점,세탁뭄ㄹ수거배달,버들마을상인회 골목형상점가,골목형상점가,광주광역시,,,
5aa914fc16dd37cf26af,full_annotation_v1,A,q_족발_02,보쌈,음식점 중 '족발'을 판매·제공하는 매장,val,족발,T2 동의어,06264ea1-e528-4885-81f9-8f8bf4e0722a,충지로 조개보쌈,보쌈,충장로123가 상점가,자율상권구역,광주광역시,,,
6c27cdc9abf3e6301340,full_annotation_v1,A,q_족발_02,보쌈,음식점 중 '족발'을 판매·제공하는 매장,val,족발,T2 동의어,7139acc2-c6bd-4df9-9917-268a5269fbc3,온기보쌈,보쌈,전포놀이터시장,전통시장,부산광역시,,,
fcaa9a5f8d17451fd371,full_annotation_v1,A,q_족발_02,보쌈,음식점 중 '족발'을 판매·제공하는 매장,val,족발,T2 동의어,7ee941d6-5480-4834-a340-7a7866a449d3,순자국수보쌈,국수 보쌈,소촌중앙 골목형상점가,골목형상점가,광주광역시,,,
f6a3dff4c05027499144,full_annotation_v1,A,q_족발_02,보쌈,음식점 중 '족발'을 판매·제공하는 매장,val,족발,T2 동의어,04057e3f-517b-43b5-a1df-62cef13b98c1,구만족발보쌈,족발보쌈,부전상가시장,전통시장,부산광역시,,,
65c5933d8a5670ab3807,full_annotation_v1,A,q_족발_02,보쌈,음식점 중 '족발'을 판매·제공하는 매장,val,족발,T2 동의어,fbc6b9ba-3228-475e-bd63-6d952f0515bf,안양보쌈,보쌈,루원음식문화거리,골목형상점가,인천광역시,,,
0bc70c3457c35fff976f,full_annotation_v1,A,q_족발_02,보쌈,음식점 중 '족발'을 판매·제공하는 매장,val,족발,T2 동의어,fc959cb6-2b27-4ba9-a9be-a30fd130f83b,진주상회,보쌈,샤로수길골목형상점가,골목형상점가,서울특별시,,,
e5ff4f6eb0628563f7dd,full_annotation_v1,A,q_족발_02,보쌈,음식점 중 '족발'을 판매·제공하는 매장,val,족발,T2 동의어,bafee879-d093-4d2f-9761-3cb69827bcce,백사장하나마트,잡화식품 농수산물,백사장항 골목형상점가,골목형상점가,충청남도,,,
2389d935561aa72937c9,full_annotation_v1,A,q_족발_02,보쌈,음식점 중 '족발'을 판매·제공하는 매장,val,족발,T2 동의어,025b7d36-94e1-4d2d-97b3-93a81122fcdf,가루,족발 보쌈 막국수,영등포구청역 3번출구 골목형상점가,골목형상점가,서울특별시,,,
074851a1f345dbb9cb03,full_annotation_v1,A,q_족발_02,보쌈,음식점 중 '족발'을 판매·제공하는 매장,val,족발,T2 동의어,0008f8f4-4c6e-4c4a-ad64-76aaea3d2d18,대성정육점,정육,평택국제중앙시장,전통시장,경기도,,,
e835c9c7ce125866ff0f,full_annotation_v1,A,q_족발_02,보쌈,음식점 중 '족발'을 판매·제공하는 매장,val,족발,T2 동의어,52dea2dc-3d7b-47e8-9b5d-7ff15ee57290,정광석항아리보쌈첨단점,보쌈,첨단강변로 골목형상점가,골목형상점가,광주광역시,,,
7042178cc082264dd368,full_annotation_v1,A,q_족발_02,보쌈,음식점 중 '족발'을 판매·제공하는 매장,val,족발,T2 동의어,6de9ec46-8234-45ee-adcd-fa1cc4701c80,해남보쌈,보쌈,풍동3골목형상점가,골목형상점가,경기도,,,
6705e1aab05585678043,full_annotation_v1,A,q_족발_02,보쌈,음식점 중 '족발'을 판매·제공하는 매장,val,족발,T2 동의어,a9587758-0821-4f24-a82f-14a730823930,칡산에,보쌈,백년소상공인,기타,강원특별자치도,,,
68a12e8473c5f12dc2e0,full_annotation_v1,A,q_족발_02,보쌈,음식점 중 '족발'을 판매·제공하는 매장,val,족발,T2 동의어,2ffe1a26-7782-4005-aab9-82e2156394fc,바리스타래빗,커피,어진동 골목형상점가,골목형상점가,세종특별자치시,,,
64a6826d119c926d065f,full_annotation_v1,A,q_족발_02,보쌈,음식점 중 '족발'을 판매·제공하는 매장,val,족발,T2 동의어,256f159e-1ad9-48f8-b40b-2f31269bf57f,삼3오5,야식,화천재래시장,전통시장,강원특별자치도,,,
789d5f2c0ee2b8e69559,full_annotation_v1,A,q_족발_02,보쌈,음식점 중 '족발'을 판매·제공하는 매장,val,족발,T2 동의어,42e7a77f-8621-4123-9fed-2cb747bf4ebc,"장충동본가왕족발, 보쌈","족발, 보쌈",봉선1로 골목형상점가,골목형상점가,광주광역시,,,
c4fb6f4cb79c7c4f103f,full_annotation_v1,A,q_족발_02,보쌈,음식점 중 '족발'을 판매·제공하는 매장,val,족발,T2 동의어,a81b351c-6a30-4e09-93b5-f7e31084ce6f,착한가격 굿족발&보쌈,족발 보쌈,우치서하로 골목형상점가,골목형상점가,광주광역시,,,
f1e6e4809a7c1e023c05,full_annotation_v1,A,q_족발_02,보쌈,음식점 중 '족발'을 판매·제공하는 매장,val,족발,T2 동의어,12cb0d18-6f73-4028-a9a8-0c03998eb7b4,심야식당,,맹동혁신골목형상점가,골목형상점가,충청북도,,,
caa451b39772b857273b,full_annotation_v1,A,q_족발_02,보쌈,음식점 중 '족발'을 판매·제공하는 매장,val,족발,T2 동의어,2f66710d-8ff2-4cca-adfd-32a03437ee0c,인생보쌈,보쌈,엄사 골목형상점가,골목형상점가,충청남도,,,
fdd867772e1ed9b2207a,full_annotation_v1,A,q_족발_02,보쌈,음식점 중 '족발'을 판매·제공하는 매장,val,족발,T2 동의어,31640fbb-895f-4e11-a271-f69273df07e2,벨라,여성복,도남시장,전통시장,제주특별자치도,,,
7d2b0ba1a711163fe644,full_annotation_v1,A,q_족발_02,보쌈,음식점 중 '족발'을 판매·제공하는 매장,val,족발,T2 동의어,4adb5cdd-c5fc-4aac-a2b5-f93240b10006,인생충전소본점,보쌈,문창동 보물찾(Chat)길 골목형상점가,골목형상점가,대전광역시,,,
50f09f9923593ef7cac5,full_annotation_v1,A,q_족발_02,보쌈,음식점 중 '족발'을 판매·제공하는 매장,val,족발,T2 동의어,1e386222-e23b-49b2-a285-66834fbfc965,미쳐스닭발 현리점,야식,조종시장,전통시장,경기도,,,
219abe5c616aece41d35,full_annotation_v1,A,q_족발_02,보쌈,음식점 중 '족발'을 판매·제공하는 매장,val,족발,T2 동의어,27fddf3d-740d-474b-8185-3e53fefb569f,남도보쌈짚오치점,보쌈,오치2동 골목형상점가,골목형상점가,광주광역시,,,
a53343c408d8b14d8cbf,full_annotation_v1,A,q_족발_02,보쌈,음식점 중 '족발'을 판매·제공하는 매장,val,족발,T2 동의어,134b3f17-1970-4eca-9e8f-e06a5aecedb8,세탁갤러리(용봉점),세탁물 수거배달,매봉 골목형상점가,골목형상점가,광주광역시,,,
3aeedd9307755d761ca0,full_annotation_v1,A,q_족발_02,보쌈,음식점 중 '족발'을 판매·제공하는 매장,val,족발,T2 동의어,2b59bc18-36a2-4685-9c7f-413991ed59f1,참족발,족발 및 보쌈,빛가람 하나로 골목형상점가,골목형상점가,전라남도,,,
85ab605f398b4eac0f02,full_annotation_v1,A,q_족발_02,보쌈,음식점 중 '족발'을 판매·제공하는 매장,val,족발,T2 동의어,31e3a293-d06c-4294-8e2c-8ff9e398627a,뻑간풍천장어집 광주양산점,한우한돈,양산동 골목형상점가,골목형상점가,광주광역시,,,
bb1605388efc5fff70e0,full_annotation_v1,A,q_족발_02,보쌈,음식점 중 '족발'을 판매·제공하는 매장,val,족발,T2 동의어,b73cae18-f966-4f68-b1bc-940e76df7db9,인생족발,족발 보쌈,소촌중앙 골목형상점가,골목형상점가,광주광역시,,,
3f9b283111343004616f,full_annotation_v1,A,q_족발_02,보쌈,음식점 중 '족발'을 판매·제공하는 매장,val,족발,T2 동의어,86c24c9c-0fc0-4c72-82e1-7e0a107cead2,제주상회,활어,남천해변시장,전통시장,부산광역시,,,
160bf7a3030612c24f3d,full_annotation_v1,A,q_족발_02,보쌈,음식점 중 '족발'을 판매·제공하는 매장,val,족발,T2 동의어,09de7e76-279f-42dd-8b15-f430ec19d69f,열정국밥,배달음식,"가락마을 1,2단지 골목형상점가(가락마을 1,2단지 상인회)",골목형상점가,세종특별자치시,,,
01fc5947c37d274014fe,full_annotation_v1,A,q_족발_02,보쌈,음식점 중 '족발'을 판매·제공하는 매장,val,족발,T2 동의어,69812b2a-428a-4bfe-a60a-588231f995de,연정보쌈,보쌈,시청소소길,골목형상점가,부산광역시,,,
3cb2e5649bc92c6c14f9,full_annotation_v1,A,q_족발_02,보쌈,음식점 중 '족발'을 판매·제공하는 매장,val,족발,T2 동의어,e6f11432-bd2f-4646-98b3-d1f6365f896e,항아리보쌈돌돌이김치혁신점,보쌈,혁신도시5구역골목형상점가,골목형상점가,강원특별자치도,,,
3ba9948aab39f2749262,full_annotation_v1,A,q_족발_02,보쌈,음식점 중 '족발'을 판매·제공하는 매장,val,족발,T2 동의어,1541aa4d-f5ec-4859-9fb0-526fe494945a,만복국수집,보쌈,장기동 먹거리상가 골목형상점가,골목형상점가,대구광역시,,,
f062b8239e55b36cae8f,full_annotation_v1,A,q_족발_02,보쌈,음식점 중 '족발'을 판매·제공하는 매장,val,족발,T2 동의어,989640f9-2b4f-4730-9c7f-a1c89cb09b5e,신이내린족발과보쌈,족발 보쌈,주천골목형상점가,골목형상점가,강원특별자치도,,,
b1410df8529a2ac80693,full_annotation_v1,A,q_족발_02,보쌈,음식점 중 '족발'을 판매·제공하는 매장,val,족발,T2 동의어,d58e848f-2ffb-4749-af49-7c25e590b69d,공씨네족발보쌈,족발 보쌈,새마을시장,전통시장,서울특별시,,,
e1af286ac24fb75e6a31,full_annotation_v1,A,q_족발_02,보쌈,음식점 중 '족발'을 판매·제공하는 매장,val,족발,T2 동의어,5207a5d7-050b-44cd-a469-e1b686a624d9,태원한우,도소매(식육판매),마장축산물시장,전통시장,서울특별시,,,
01e197417d6310f2b1e0,full_annotation_v1,A,q_족발_02,보쌈,음식점 중 '족발'을 판매·제공하는 매장,val,족발,T2 동의어,c3882875-9f8f-4823-8c48-5ea755bb03e2,길족발보쌈,보쌈,유성시장 골목형상점가,골목형상점가,대전광역시,,,
db2820a0c246de00d802,full_annotation_v1,A,q_족발_02,보쌈,음식점 중 '족발'을 판매·제공하는 매장,val,족발,T2 동의어,3fc008a1-f731-4cd6-b38d-d87ebca9e735,아씨마늘보쌈,보쌈,전곡첫머리거리 골목형상점가,골목형상점가,경기도,,,
973971235a0518777200,full_annotation_v1,A,q_족발_02,보쌈,음식점 중 '족발'을 판매·제공하는 매장,val,족발,T2 동의어,4634c6af-0029-4581-ba4b-1f9791bc5a37,정광석항아리보쌈,보쌈,운암동 현대아파트 골목형상점가,골목형상점가,광주광역시,,,
57d03327221c9da3c98d,full_annotation_v1,A,q_족발_02,보쌈,음식점 중 '족발'을 판매·제공하는 매장,val,족발,T2 동의어,60b99126-f9c5-4aca-aa7b-a7ce460d46a1,정광석항아리보쌈,보쌈,송정사랑 골목형상점가,골목형상점가,광주광역시,,,
2451499fa99ba886511f,full_annotation_v1,A,q_족발_02,보쌈,음식점 중 '족발'을 판매·제공하는 매장,val,족발,T2 동의어,00e45da9-1bb4-42fa-b0a8-63cdcea52143,수유중앙축산물백화점,정육,수유중앙시장,전통시장,서울특별시,,,
4b2ab625f6384a866c8c,full_annotation_v1,A,q_족발_02,보쌈,음식점 중 '족발'을 판매·제공하는 매장,val,족발,T2 동의어,54980505-4607-4550-97d1-fa80cb0cee19,청춘오징어보쌈,보쌈,원주중앙로문화의거리,자율상권구역,강원특별자치도,,,
faa7433dbda8c5e1ec01,full_annotation_v1,A,q_족발_02,보쌈,음식점 중 '족발'을 판매·제공하는 매장,val,족발,T2 동의어,0c72c975-9033-4aec-acca-e0907d67af8c,대야식당,,익산구시장,전통시장,전북특별자치도,,,
41c9cb5f0e131d0bd27e,full_annotation_v1,A,q_족발_02,보쌈,음식점 중 '족발'을 판매·제공하는 매장,val,족발,T2 동의어,7a7943c3-1a9a-46cc-931c-d8afdf6e052e,무지개분식,분식,임방울거리1구역 골목형상점가,골목형상점가,광주광역시,,,
7b03c667f960fea5f7bf,full_annotation_v1,A,q_족발_02,보쌈,음식점 중 '족발'을 판매·제공하는 매장,val,족발,T2 동의어,4c767e40-f649-4823-96e0-0f5bfd7a87b2,만배아리랑 보쌈 선학점,보쌈,선학동음식특화거리골목형상점가,골목형상점가,인천광역시,,,
d9157aae9faf0f66b84a,full_annotation_v1,A,q_족발_02,보쌈,음식점 중 '족발'을 판매·제공하는 매장,val,족발,T2 동의어,f38dadc8-e557-452e-b775-d9c6e84e7608,오연수족발보쌈,족발 보쌈,수완중흥대방 골목형상점가,골목형상점가,광주광역시,,,
0a6a5ec2e20370652433,full_annotation_v1,A,q_족발_02,보쌈,음식점 중 '족발'을 판매·제공하는 매장,val,족발,T2 동의어,0072ddc8-1b0b-4a64-b9d0-9eb309854f0c,오뚜기정육점,정육,김제중앙시장,전통시장,전북특별자치도,,,
9bce445060086f4a23dd,full_annotation_v1,A,q_족발_02,보쌈,음식점 중 '족발'을 판매·제공하는 매장,val,족발,T2 동의어,8c2fef96-5cd1-466b-aa2b-463ce8a300b4,우야든동,보쌈,합정동먹자골목골목형상점가,골목형상점가,서울특별시,,,
17e1f84b8d524c800105,full_annotation_v1,A,q_족발_02,보쌈,음식점 중 '족발'을 판매·제공하는 매장,val,족발,T2 동의어,f9184e20-a338-44be-8e27-8c7bf289a266,항아리보쌈,보쌈,둔산2동 골목형상점가,골목형상점가,대전광역시,,,
22617868c12ade1e2d73,full_annotation_v1,A,q_족발_02,보쌈,음식점 중 '족발'을 판매·제공하는 매장,val,족발,T2 동의어,98941530-a477-4302-88fb-9ce350801254,항아리보쌈,보쌈,수완머그로 골목형상점가,골목형상점가,광주광역시,,,
f822513e3e6299217a1b,full_annotation_v1,A,q_족발_02,보쌈,음식점 중 '족발'을 판매·제공하는 매장,val,족발,T2 동의어,3155664a-9360-432d-8c79-8efc7d925598,항아리보쌈,보쌈,관저동 먹자골목 골목형상점가,골목형상점가,대전광역시,,,
d6c5ceb1685bf3c0b068,full_annotation_v1,A,q_족발_02,보쌈,음식점 중 '족발'을 판매·제공하는 매장,val,족발,T2 동의어,0fdda0b6-8af0-4e6d-9574-2a8b043c0bc0,이플,"꽃집, 꽃배달",담양중앙2번가 골목형상점가,골목형상점가,전라남도,,,
6f6f407062ff2eabf37a,full_annotation_v1,A,q_족발_02,보쌈,음식점 중 '족발'을 판매·제공하는 매장,val,족발,T2 동의어,4b1ed37a-1119-4830-8dab-fa6e7c351c3e,정광석항아리보쌈학동점,보쌈,동구문화센터인근 골목형상점가,골목형상점가,광주광역시,,,
a1f4f2ea6b03ff2c7d16,full_annotation_v1,A,q_족발_02,보쌈,음식점 중 '족발'을 판매·제공하는 매장,val,족발,T2 동의어,190a5f26-47e9-435c-beb0-54c7e4a07593,세원 족발 보쌈,족발보쌈,무극시장,전통시장,충청북도,,,
04b142f1270b810ea136,full_annotation_v1,A,q_족발_02,보쌈,음식점 중 '족발'을 판매·제공하는 매장,val,족발,T2 동의어,0a12d1ae-a606-4bc1-97ab-f35a563b097a,배달마켓,치킨 야식,양양로 골목형상점가,골목형상점가,강원특별자치도,,,
b27ccf06894ca02efd93,full_annotation_v1,A,q_족발_02,보쌈,음식점 중 '족발'을 판매·제공하는 매장,val,족발,T2 동의어,e19caeb2-4a26-48c3-b797-9cc5fe896d08,남해집,보쌈,부평깡통시장(구 부산부평시장),전통시장,부산광역시,,,
98c3804ebf10f3f459f0,full_annotation_v1,A,q_족발_02,보쌈,음식점 중 '족발'을 판매·제공하는 매장,val,족발,T2 동의어,8116ac7c-ef84-440e-8a45-8f5fbcb1afd4,"울릉분식,세정홍삼",분식,월배시장,전통시장,대구광역시,,,
f241555a7ec5aba6ba2d,full_annotation_v1,A,q_족발_03,야식,음식점 중 '족발'을 판매·제공하는 매장,val,족발,T2 동의어,81545b8f-2950-43f4-8a58-3527a651ddb6,반디야식,기타음식점업,무주반딧불상권활성화구역,상권활성화구역,전북특별자치도,,,
d8a195ac032d9981874d,full_annotation_v1,A,q_족발_03,야식,음식점 중 '족발'을 판매·제공하는 매장,val,족발,T2 동의어,28d95c61-b067-4781-9434-af330ad4c3ca,먹거리야식,한식,오창전통시장,전통시장,충청북도,,,
a1cd182dac2d5d40383c,full_annotation_v1,A,q_족발_03,야식,음식점 중 '족발'을 판매·제공하는 매장,val,족발,T2 동의어,586a9700-ffe0-4f66-a8b2-56084d0ad0bc,야작,한식,전남대 상대 골목형상점가,골목형상점가,광주광역시,,,
63ab300161145bb94132,full_annotation_v1,A,q_족발_03,야식,음식점 중 '족발'을 판매·제공하는 매장,val,족발,T2 동의어,0c72c975-9033-4aec-acca-e0907d67af8c,대야식당,,익산구시장,전통시장,전북특별자치도,,,
81b1d19a9ff9844606d4,full_annotation_v1,A,q_족발_03,야식,음식점 중 '족발'을 판매·제공하는 매장,val,족발,T2 동의어,134b3f17-1970-4eca-9e8f-e06a5aecedb8,세탁갤러리(용봉점),세탁물 수거배달,매봉 골목형상점가,골목형상점가,광주광역시,,,
4dbbf2fdffdc5fbc2e3d,full_annotation_v1,A,q_족발_03,야식,음식점 중 '족발'을 판매·제공하는 매장,val,족발,T2 동의어,f5ae2c46-151f-4a16-9e64-83d2acc22e58,끼끼야식,음식점,도깨비시장,전통시장,전라남도,,,
3f9981971b03123fa837,full_annotation_v1,A,q_족발_03,야식,음식점 중 '족발'을 판매·제공하는 매장,val,족발,T2 동의어,195fa427-5041-4592-bbd8-75c659ce9bcf,돼지야!달려간다,한식 배달,용주로사랑길 골목형상점가,골목형상점가,광주광역시,,,
465e6cae55a5c6746035,full_annotation_v1,A,q_족발_03,야식,음식점 중 '족발'을 판매·제공하는 매장,val,족발,T2 동의어,0fdda0b6-8af0-4e6d-9574-2a8b043c0bc0,이플,"꽃집, 꽃배달",담양중앙2번가 골목형상점가,골목형상점가,전라남도,,,
8c57ac5e46756da345a9,full_annotation_v1,A,q_족발_03,야식,음식점 중 '족발'을 판매·제공하는 매장,val,족발,T2 동의어,feb6e50e-d1ab-4a64-a9eb-5a8493d5cfc4,상가야식,간이음식점,영월종합상가,전통시장,강원특별자치도,,,
4813d735ede36a58e23c,full_annotation_v1,A,q_족발_03,야식,음식점 중 '족발'을 판매·제공하는 매장,val,족발,T2 동의어,2bffa0d5-29c8-4220-863d-ba336c9233eb,일카페,커피 디저트,한울상인회 골목형상점가,골목형상점가,광주광역시,,,
cec102807cfe797a19a9,full_annotation_v1,A,q_족발_03,야식,음식점 중 '족발'을 판매·제공하는 매장,val,족발,T2 동의어,31cd5f7e-e912-4b38-b737-c85c7b01b108,도람도람,"음식점업(야식,분식)",일죽시장,전통시장,경기도,,,
9f51e3ced5b283a67be6,full_annotation_v1,A,q_족발_03,야식,음식점 중 '족발'을 판매·제공하는 매장,val,족발,T2 동의어,665daf1d-f51e-41fd-a80c-d28ccdfd64af,야꼬닭(야식을 꼬시는 닭),치킨,오류버들시장골목형상점가,골목형상점가,서울특별시,,,
ae0a66e3779a7c3f8ccb,full_annotation_v1,A,q_족발_03,야식,음식점 중 '족발'을 판매·제공하는 매장,val,족발,T2 동의어,652c8bb7-d844-469b-841f-1183753b727d,만물,수산물,노량진수산시장골목형상점가,골목형상점가,서울특별시,,,
5b3053742c66ab27b49c,full_annotation_v1,A,q_족발_03,야식,음식점 중 '족발'을 판매·제공하는 매장,val,족발,T2 동의어,028e11ac-d687-483b-b4cf-8273aed2c3b8,바른보쌈1990,보쌈,서영대 정문 골목형상점가,골목형상점가,광주광역시,,,
4f438a3e649e4f5ef77a,full_annotation_v1,A,q_족발_03,야식,음식점 중 '족발'을 판매·제공하는 매장,val,족발,T2 동의어,550b9731-3c69-4614-a656-1528400fc7af,88야식,한식,진성 골목형상점가,골목형상점가,전북특별자치도,,,
000e0b24496a291f89dc,full_annotation_v1,A,q_족발_03,야식,음식점 중 '족발'을 판매·제공하는 매장,val,족발,T2 동의어,f5e61199-710d-41ba-80ed-54b80a73f449,일품 돼지 국밥 율하점,국밥,율심 골목형상점가,골목형상점가,대구광역시,,,
9ab6e399100543d5c34a,full_annotation_v1,A,q_족발_03,야식,음식점 중 '족발'을 판매·제공하는 매장,val,족발,T2 동의어,5bd7ae9a-4fcf-44de-82f2-120dbce04ffc,오늘의야식,,북평민속시장(북평민속5일장),전통시장,강원특별자치도,,,
bd98e26929dc92468463,full_annotation_v1,A,q_족발_03,야식,음식점 중 '족발'을 판매·제공하는 매장,val,족발,T2 동의어,6307df2b-5b4e-4a5a-8b56-165ae6cf3185,무안야식,,승달 골목형상점가,골목형상점가,,,,
3cf5a886106384b282e6,full_annotation_v1,A,q_족발_03,야식,음식점 중 '족발'을 판매·제공하는 매장,val,족발,T2 동의어,7b5b8822-975c-4cf4-8c18-33b6c7e5c0c1,동네야식,한식,진천중앙시장,전통시장,충청북도,,,
b3c8fddf4519793a1dad,full_annotation_v1,A,q_족발_03,야식,음식점 중 '족발'을 판매·제공하는 매장,val,족발,T2 동의어,00a5a31e-6208-4900-9553-18f188bfcbfc,올바른고깃간일곡점,정육점,일곡동 골목형상점가,골목형상점가,광주광역시,,,
5df1a91c4297d82fea64,full_annotation_v1,A,q_족발_03,야식,음식점 중 '족발'을 판매·제공하는 매장,val,족발,T2 동의어,025b7d36-94e1-4d2d-97b3-93a81122fcdf,가루,족발 보쌈 막국수,영등포구청역 3번출구 골목형상점가,골목형상점가,서울특별시,,,
48a2c05e3dc73768e440,full_annotation_v1,A,q_족발_03,야식,음식점 중 '족발'을 판매·제공하는 매장,val,족발,T2 동의어,57990935-d344-4100-98eb-75a2fceab259,신가내 야채청과,야채,오류버들시장골목형상점가,골목형상점가,서울특별시,,,
993b33bb45ede2fc247d,full_annotation_v1,A,q_족발_03,야식,음식점 중 '족발'을 판매·제공하는 매장,val,족발,T2 동의어,d786601b-4691-4874-ad61-828ca74a3410,삼성식당야식,한식,삼성시장(구 음성삼성시장),전통시장,충청북도,,,
5be5e816ef329f5bfbf8,full_annotation_v1,A,q_족발_03,야식,음식점 중 '족발'을 판매·제공하는 매장,val,족발,T2 동의어,269349ff-0bc4-4142-ba4d-5e1a10cf702d,왕 당구장,당구장,엄사 골목형상점가,골목형상점가,충청남도,,,
06d1063121802aa9f501,full_annotation_v1,A,q_족발_03,야식,음식점 중 '족발'을 판매·제공하는 매장,val,족발,T2 동의어,599ceb21-1af8-4432-94fe-ddf510ce1de9,손소은아이래쉬아뜰리에,속눈썹,파랑새원룸상인회 골목형상점가,골목형상점가,광주광역시,,,
4fcfc5da9c35f69c13f2,full_annotation_v1,A,q_족발_03,야식,음식점 중 '족발'을 판매·제공하는 매장,val,족발,T2 동의어,79a1811a-3c21-4b24-abe5-075a0c1de055,태화루,야식,장수시장,전통시장,전북특별자치도,,,
1cbc7fd0e6ec12b37b81,full_annotation_v1,A,q_족발_03,야식,음식점 중 '족발'을 판매·제공하는 매장,val,족발,T2 동의어,16cb66dd-ca9f-4113-bd45-0773c65ef2e2,둘리야식,한식,결초보은시장(구 보은종합시장),전통시장,충청북도,,,
49be1ecebd6796d1ae59,full_annotation_v1,A,q_족발_03,야식,음식점 중 '족발'을 판매·제공하는 매장,val,족발,T2 동의어,5b8d50b7-1626-4506-8f11-df48f14009b0,서울야식,한식,단양팔경 골목형상점가,골목형상점가,충청북도,,,
8fc21d67a0059a28da3a,full_annotation_v1,A,q_족발_03,야식,음식점 중 '족발'을 판매·제공하는 매장,val,족발,T2 동의어,0a12d1ae-a606-4bc1-97ab-f35a563b097a,배달마켓,치킨 야식,양양로 골목형상점가,골목형상점가,강원특별자치도,,,
917a7c8cf0764515ce1f,full_annotation_v1,A,q_족발_03,야식,음식점 중 '족발'을 판매·제공하는 매장,val,족발,T2 동의어,f7146649-3bfc-4f74-8fe0-44c3d617fb23,현미야식당,한식,영주공설시장,전통시장,경상북도,,,
d98e007d37a3ae24ff2a,full_annotation_v1,A,q_족발_03,야식,음식점 중 '족발'을 판매·제공하는 매장,val,족발,T2 동의어,73fcfdf8-4763-4690-af0e-366cd67f34ec,뽕구네 야식,한식,영동전통시장,전통시장,충청북도,,,
fd7e9a4f08897d1b9d94,full_annotation_v1,A,q_족발_03,야식,음식점 중 '족발'을 판매·제공하는 매장,val,족발,T2 동의어,961620ad-8039-474e-b67a-76d022e473df,황태보쌈,,염주골상인회 골목형상점가,골목형상점가,,,,
3374a976243909834bde,full_annotation_v1,A,q_족발_03,야식,음식점 중 '족발'을 판매·제공하는 매장,val,족발,T2 동의어,cae3314c-285a-4eb6-9385-33532cd01772,자야식당,한식,태전중앙시장,전통시장,대구광역시,,,
4d1b5b2437c96a8a4b35,full_annotation_v1,A,q_족발_03,야식,음식점 중 '족발'을 판매·제공하는 매장,val,족발,T2 동의어,09de7e76-279f-42dd-8b15-f430ec19d69f,열정국밥,배달음식,"가락마을 1,2단지 골목형상점가(가락마을 1,2단지 상인회)",골목형상점가,세종특별자치시,,,
55d9cae1cea140e738e3,full_annotation_v1,A,q_족발_03,야식,음식점 중 '족발'을 판매·제공하는 매장,val,족발,T2 동의어,c8ef4fd2-76ba-4a06-8f6a-ba18be000f8e,얼쑤야식,한식,옥천먹자골목형상점가,골목형상점가,충청북도,,,
7d21c56079b8f92607aa,full_annotation_v1,A,q_족발_03,야식,음식점 중 '족발'을 판매·제공하는 매장,val,족발,T2 동의어,1e386222-e23b-49b2-a285-66834fbfc965,미쳐스닭발 현리점,야식,조종시장,전통시장,경기도,,,
3bd8a4d410f7ecd19f8c,full_annotation_v1,A,q_족발_03,야식,음식점 중 '족발'을 판매·제공하는 매장,val,족발,T2 동의어,9715ae79-84d2-44ae-b066-5b6c8a54fc95,우영야식,한식,한림대골목형상점가,골목형상점가,강원특별자치도,,,
ad1c0631dc38b7814f2f,full_annotation_v1,A,q_족발_03,야식,음식점 중 '족발'을 판매·제공하는 매장,val,족발,T2 동의어,00e45da9-1bb4-42fa-b0a8-63cdcea52143,수유중앙축산물백화점,정육,수유중앙시장,전통시장,서울특별시,,,
00b1d005f03b55121725,full_annotation_v1,A,q_족발_03,야식,음식점 중 '족발'을 판매·제공하는 매장,val,족발,T2 동의어,39517a5c-7690-4ca1-bd5d-4d76e20f5cc4,가야식당,한식,진주 자유시장,전통시장,경상남도,,,
0887ee15eefc325b13f9,full_annotation_v1,A,q_족발_03,야식,음식점 중 '족발'을 판매·제공하는 매장,val,족발,T2 동의어,18fcaf30-b94f-4d0e-9eba-de9a5db63b82,해피크린 유촌버들점,세탁뭄ㄹ수거배달,버들마을상인회 골목형상점가,골목형상점가,광주광역시,,,
14349065e35501ab74ce,full_annotation_v1,A,q_족발_03,야식,음식점 중 '족발'을 판매·제공하는 매장,val,족발,T2 동의어,6baae881-a514-451a-8f40-3809f8a4d7a9,투다리황지점,한식(야식),태백중앙로상점가,자율상권구역,강원특별자치도,,,
61f436c516a9f0bf2216,full_annotation_v1,A,q_족발_03,야식,음식점 중 '족발'을 판매·제공하는 매장,val,족발,T2 동의어,875c6a24-1e68-48a2-a8e2-53842512cbc4,올포유아산온양점,의류,"온양온천시장(온양재래시장, 전통시장)",전통시장,충청남도,,,
a8d3fcc3c036abeb767f,full_annotation_v1,A,q_족발_03,야식,음식점 중 '족발'을 판매·제공하는 매장,val,족발,T2 동의어,3c853264-277b-4008-8b69-c6e561fd11f1,초야식품,잡화,대림동우리골목형상점가,골목형상점가,서울특별시,,,
9c819ca575d888b39033,full_annotation_v1,A,q_족발_03,야식,음식점 중 '족발'을 판매·제공하는 매장,val,족발,T2 동의어,256f159e-1ad9-48f8-b40b-2f31269bf57f,삼3오5,야식,화천재래시장,전통시장,강원특별자치도,,,
39acbe8d544b0f0ab496,full_annotation_v1,A,q_족발_03,야식,음식점 중 '족발'을 판매·제공하는 매장,val,족발,T2 동의어,8e80c1d1-2da1-48db-9495-c791f4d7f4c1,옛날빵집,"제과, 제빵",정자시장,전통시장,경기도,,,
7748739d83b17fc882aa,full_annotation_v1,A,q_족발_03,야식,음식점 중 '족발'을 판매·제공하는 매장,val,족발,T2 동의어,0072ddc8-1b0b-4a64-b9d0-9eb309854f0c,오뚜기정육점,정육,김제중앙시장,전통시장,전북특별자치도,,,
6116eef66afa3aa50ed6,full_annotation_v1,A,q_족발_03,야식,음식점 중 '족발'을 판매·제공하는 매장,val,족발,T2 동의어,f30ba04c-2f89-4988-a9ad-1e279fc3496e,앤티베이크,,화정금화로상인회 골목형상점가,골목형상점가,,,,
567fcf97cc6abd37d588,full_annotation_v1,A,q_족발_03,야식,음식점 중 '족발'을 판매·제공하는 매장,val,족발,T2 동의어,cc5a7d1c-45ce-4006-b278-b08f489409da,옥정야식당,한식,고암 골목형상점가,골목형상점가,충청북도,,,
e1b74bb59d0ca1af74a9,full_annotation_v1,A,q_족발_03,야식,음식점 중 '족발'을 판매·제공하는 매장,val,족발,T2 동의어,9c08f90f-f4b5-45bd-8731-5dde0403ac89,동아리야식,한식,영동전통시장,전통시장,충청북도,,,
3112bdf5dff851236df5,full_annotation_v1,A,q_족발_03,야식,음식점 중 '족발'을 판매·제공하는 매장,val,족발,T2 동의어,12cb0d18-6f73-4028-a9a8-0c03998eb7b4,심야식당,,맹동혁신골목형상점가,골목형상점가,충청북도,,,
7656846865897d5f3ca6,full_annotation_v1,A,q_족발_03,야식,음식점 중 '족발'을 판매·제공하는 매장,val,족발,T2 동의어,b74d34a0-2656-4176-a95b-eee804f4d838,경북육계,닭,팔달신시장,전통시장,대구광역시,,,
a7c16d2a27055792fc55,full_annotation_v1,A,q_족발_03,야식,음식점 중 '족발'을 판매·제공하는 매장,val,족발,T2 동의어,1dbd3564-64ea-4c92-887c-4f000aedd390,빌다,여성 의류,춘천지하상가,일반지하상점가,강원특별자치도,,,
c85897db7d025b22d890,full_annotation_v1,A,q_족발_03,야식,음식점 중 '족발'을 판매·제공하는 매장,val,족발,T2 동의어,081fd55f-6175-46ad-826c-cd954e1015fd,369야식,한식,"임계사통팔달시장(임계시장, 송계5일장)",전통시장,강원특별자치도,,,
b978d22a547ba79fad41,full_annotation_v1,A,q_족발_03,야식,음식점 중 '족발'을 판매·제공하는 매장,val,족발,T2 동의어,afff78ca-1b7e-4aa6-b0b2-3dae76d80b13,황태도둑아중점,야식,한배미로 골목형상점가,골목형상점가,전북특별자치도,,,
c02235c7d9f1b6845b3b,full_annotation_v1,A,q_족발_03,야식,음식점 중 '족발'을 판매·제공하는 매장,val,족발,T2 동의어,e8fa7dfa-cfd7-4e45-9ebd-4ca7b3ca170d,귀폭야식,한식,대산종합시장,전통시장,충청남도,,,
b32315a1b9b466242be2,full_annotation_v1,A,q_족발_03,야식,음식점 중 '족발'을 판매·제공하는 매장,val,족발,T2 동의어,01b038d0-c4c7-40e8-ba71-b4406a191586,아라 맛짱네 족발보쌈,족발보쌈,돈암시장,전통시장,서울특별시,,,
4606cfd29a6c514b6307,full_annotation_v1,A,q_족발_03,야식,음식점 중 '족발'을 판매·제공하는 매장,val,족발,T2 동의어,440b9e74-647b-4a8f-9ef5-d28e45a8bc57,오야식육,육류,경주중앙시장,전통시장,경상북도,,,
f718edbec7e18b8a5b32,full_annotation_v1,A,q_족발_03,야식,음식점 중 '족발'을 판매·제공하는 매장,val,족발,T2 동의어,dcc11df7-7e3b-4da9-a489-e59a7886aada,후니쌀롱,미용실,임방울거리1구역 골목형상점가,골목형상점가,광주광역시,,,
1f45d4f92b3880df2a24,full_annotation_v1,A,q_족발_03,야식,음식점 중 '족발'을 판매·제공하는 매장,val,족발,T2 동의어,00831405-3dce-4f59-90cd-81fc3f837a63,보광축산,정육,원당시장(구 원당전통시장),전통시장,경기도,,,
44ea8afcc47bbf96dd45,full_annotation_v1,A,q_족발_03,야식,음식점 중 '족발'을 판매·제공하는 매장,val,족발,T2 동의어,0c9c48da-93d2-4d3e-98d0-261777078c70,떳다야식,한식,죽산골목형상점가,골목형상점가,경기도,,,
bed373cbf6b2c4c2ab32,full_annotation_v1,A,q_족발_03,야식,음식점 중 '족발'을 판매·제공하는 매장,val,족발,T2 동의어,6a492155-eaef-4dc9-9f3c-2ba2fcac93af,남도야식,김치찌개,빛가람 상리단길 골목형상점가,골목형상점가,전라남도,,,
90ac6e8274fb6570abd9,full_annotation_v1,A,q_족발_03,야식,음식점 중 '족발'을 판매·제공하는 매장,val,족발,T2 동의어,04057e3f-517b-43b5-a1df-62cef13b98c1,구만족발보쌈,족발보쌈,부전상가시장,전통시장,부산광역시,,,
e62f3d82d969b143693a,full_annotation_v1,A,q_족발_03,야식,음식점 중 '족발'을 판매·제공하는 매장,val,족발,T2 동의어,7b8f579a-f435-4f30-aafb-2b6ea02d8f76,샬롬허브,한약재 건조식품 차,경동시장,전통시장,서울특별시,,,
4658abb9c25d718c8647,full_annotation_v1,A,q_족발_03,야식,음식점 중 '족발'을 판매·제공하는 매장,val,족발,T2 동의어,a1bd2faa-39a7-49c3-99fe-aaef8333100a,옥야식당,식당,중앙신시장,전통시장,경상북도,,,
ef63ff1eb78aa026bbe4,full_annotation_v1,A,q_족발_03,야식,음식점 중 '족발'을 판매·제공하는 매장,val,족발,T2 동의어,3b867a8f-5a25-452c-b8c9-3727ad0794ba,홍심야식당,한식,강서구청먹자골목골목형상점가,골목형상점가,서울특별시,,,
2b8b0c968cc62124afa9,full_annotation_v1,A,q_족발_03,야식,음식점 중 '족발'을 판매·제공하는 매장,val,족발,T2 동의어,0008f8f4-4c6e-4c4a-ad64-76aaea3d2d18,대성정육점,정육,평택국제중앙시장,전통시장,경기도,,,
dc9f708d54e9067a85f1,full_annotation_v1,A,q_족발_03,야식,음식점 중 '족발'을 판매·제공하는 매장,val,족발,T2 동의어,5f719af2-a736-4447-aa5f-19b97ce1eeea,해성유통,채소,도래미시장,전통시장,강원특별자치도,,,
f8247046649eb2205357,full_annotation_v1,A,q_족발_03,야식,음식점 중 '족발'을 판매·제공하는 매장,val,족발,T2 동의어,a769a1fe-8f29-48db-8f30-710c56dbb33e,밤마다야식,음식,점촌역전상점가,자율상권구역,경상북도,,,
6d184e855dcb02c1b290,full_annotation_v1,A,q_족발_03,야식,음식점 중 '족발'을 판매·제공하는 매장,val,족발,T2 동의어,0032a869-f135-4f13-8f52-eba4a9c3152e,장충동뚱뚱이할머니족발보쌈,족발 보쌈,원효 골목형상점가,골목형상점가,서울특별시,,,
620983cbfe7863979464,full_annotation_v1,A,q_족발_03,야식,음식점 중 '족발'을 판매·제공하는 매장,val,족발,T2 동의어,c11d554d-2cb3-48c0-8a7c-e982e1116006,야저,한식,풍납시장,전통시장,서울특별시,,,
f5985511c393d521d7c1,full_annotation_v1,A,q_족발_03,야식,음식점 중 '족발'을 판매·제공하는 매장,val,족발,T2 동의어,b64b926c-1ae1-43c0-bcda-0995b2cda52c,안짠게장,간장게장,구월시장,전통시장,인천광역시,,,
917261d474987d3c1225,full_annotation_v1,A,q_족발_03,야식,음식점 중 '족발'을 판매·제공하는 매장,val,족발,T2 동의어,d479eb04-9fed-40bf-b8a5-5b72de7a6cae,가야식당,한식,김천평화시장,전통시장,경상북도,,,
37f2d235e5fb8441ed81,full_annotation_v1,A,q_족발_03,야식,음식점 중 '족발'을 판매·제공하는 매장,val,족발,T2 동의어,ba703ecd-cd85-4ad6-9c78-1deae3f164d1,대야식육점,식육,진해중앙시장,전통시장,경상남도,,,
6511b0b6a98ccefdadd1,full_annotation_v1,A,q_족발_03,야식,음식점 중 '족발'을 판매·제공하는 매장,val,족발,T2 동의어,a9d6ff7b-65ee-4874-97bc-0ff28b867531,왔다야식,한식,결초보은시장(구 보은종합시장),전통시장,충청북도,,,
b96ff130f1cb0e71446d,full_annotation_v1,A,q_족발_04,족발,음식점 중 '족발'을 판매·제공하는 매장,val,족발,T4 구어·문장,362403cf-87f8-421c-9ae5-fae3dad76cc3,옛날족발,족발,신포시장,전통시장,인천광역시,,,
91f391acf9d6ada1d1e8,full_annotation_v1,A,q_족발_04,족발,음식점 중 '족발'을 판매·제공하는 매장,val,족발,T4 구어·문장,fe6c265a-64d5-4e82-bbc6-ce572e3fe427,금동식육점,식육,신창진흥 골목형상점가,골목형상점가,광주광역시,,,
0ff730c72017584d7cfa,full_annotation_v1,A,q_족발_04,족발,음식점 중 '족발'을 판매·제공하는 매장,val,족발,T4 구어·문장,0fdda0b6-8af0-4e6d-9574-2a8b043c0bc0,이플,"꽃집, 꽃배달",담양중앙2번가 골목형상점가,골목형상점가,전라남도,,,
c4519c848cd49260dff1,full_annotation_v1,A,q_족발_04,족발,음식점 중 '족발'을 판매·제공하는 매장,val,족발,T4 구어·문장,0882a01d-f651-4f16-b8b3-363ebfd0b405,장충동한방족발,족발,남구로시장,전통시장,서울특별시,,,
115af41b87b3e48998ff,full_annotation_v1,A,q_족발_04,족발,음식점 중 '족발'을 판매·제공하는 매장,val,족발,T4 구어·문장,a13a7aff-a828-4ab3-a048-354e3ffec62a,명성왕족발,족발,동원전통시장상점가,자율상권구역,서울특별시,,,
8e17f21b4daf3803de75,full_annotation_v1,A,q_족발_04,족발,음식점 중 '족발'을 판매·제공하는 매장,val,족발,T4 구어·문장,f53e100f-d9cf-47f9-a090-24090fcedcd7,조아족발,족발,용호1동골목시장,전통시장,부산광역시,,,
bce368fe93e00c86e210,full_annotation_v1,A,q_족발_04,족발,음식점 중 '족발'을 판매·제공하는 매장,val,족발,T4 구어·문장,40a9ce41-e41a-4cc8-b109-863225c7919a,정가네 화덕구이 족발,족발,고촌역 골목형상점가,골목형상점가,경기도,,,
cf0244389f1eaac188e8,full_annotation_v1,A,q_족발_04,족발,음식점 중 '족발'을 판매·제공하는 매장,val,족발,T4 구어·문장,6179b854-1645-4db0-aec7-2112871525b1,영주계란,계란,단양구경시장(단양인정시장),전통시장,충청북도,,,
eb47d43b9c1c13ba2aab,full_annotation_v1,A,q_족발_04,족발,음식점 중 '족발'을 판매·제공하는 매장,val,족발,T4 구어·문장,3b1f94ef-8e38-4601-bc43-09bc1279835b,고흥족발,족발,고흥전통시장,전통시장,전라남도,,,
176b1a24612c4733adde,full_annotation_v1,A,q_족발_04,족발,음식점 중 '족발'을 판매·제공하는 매장,val,족발,T4 구어·문장,cdfac1dd-e941-44c2-937a-baed0d421f24,만원족발,족발,정왕시장,전통시장,경기도,,,
d98e06cb37d90c54b602,full_annotation_v1,A,q_족발_04,족발,음식점 중 '족발'을 판매·제공하는 매장,val,족발,T4 구어·문장,b41545e1-50a7-4c94-bb28-eee5b6581b06,부산족발,족발,문창시장,전통시장,대전광역시,,,
50785d7564d8be3e5bd1,full_annotation_v1,A,q_족발_04,족발,음식점 중 '족발'을 판매·제공하는 매장,val,족발,T4 구어·문장,025b7d36-94e1-4d2d-97b3-93a81122fcdf,가루,족발 보쌈 막국수,영등포구청역 3번출구 골목형상점가,골목형상점가,서울특별시,,,
fe768ab9b642bd572b05,full_annotation_v1,A,q_족발_04,족발,음식점 중 '족발'을 판매·제공하는 매장,val,족발,T4 구어·문장,d99d56d8-9422-4055-a297-1024564c7284,퉁퉁왕족발,족발,안성 전통 옛장터길 골목형상점가,골목형상점가,경기도,,,
46507be9ab6a4a172019,full_annotation_v1,A,q_족발_04,족발,음식점 중 '족발'을 판매·제공하는 매장,val,족발,T4 구어·문장,01cc510b-1c4b-4230-b010-7963e116fd56,명성왕족발,족발,남구로시장,전통시장,서울특별시,,,
fce27e0c2d029ceb798b,full_annotation_v1,A,q_족발_04,족발,음식점 중 '족발'을 판매·제공하는 매장,val,족발,T4 구어·문장,00a5a31e-6208-4900-9553-18f188bfcbfc,올바른고깃간일곡점,정육점,일곡동 골목형상점가,골목형상점가,광주광역시,,,
3b2112f59527784e5677,full_annotation_v1,A,q_족발_04,족발,음식점 중 '족발'을 판매·제공하는 매장,val,족발,T4 구어·문장,5c681fef-0fb0-48b5-8f9e-6084a2f03d7b,중앙족발,족발,남대문시장,전통시장,서울특별시,,,
c20b96f57208821b339c,full_annotation_v1,A,q_족발_04,족발,음식점 중 '족발'을 판매·제공하는 매장,val,족발,T4 구어·문장,0032a869-f135-4f13-8f52-eba4a9c3152e,장충동뚱뚱이할머니족발보쌈,족발 보쌈,원효 골목형상점가,골목형상점가,서울특별시,,,
ded96832fda81aab45b8,full_annotation_v1,A,q_족발_04,족발,음식점 중 '족발'을 판매·제공하는 매장,val,족발,T4 구어·문장,53f144e7-deeb-4d01-80b7-e912d16eddd5,옥천족발역곡점,족발,역곡상상시장(구 역곡북부시장),전통시장,경기도,,,
edce57a62df88890527d,full_annotation_v1,A,q_족발_04,족발,음식점 중 '족발'을 판매·제공하는 매장,val,족발,T4 구어·문장,33659dd1-7289-42f5-9233-7179c4f60ec0,즉석왕족발,족발,김해 장유전통시장,전통시장,경상남도,,,
1f899e4c10420c37a39b,full_annotation_v1,A,q_족발_04,족발,음식점 중 '족발'을 판매·제공하는 매장,val,족발,T4 구어·문장,df3a1695-d682-4183-90f1-fb933113c1dd,돈가복 족발,족발,운남동우체국 골목형상점가,골목형상점가,광주광역시,,,
95c00f242b0d3e869af9,full_annotation_v1,A,q_족발_04,족발,음식점 중 '족발'을 판매·제공하는 매장,val,족발,T4 구어·문장,2d33f999-695f-42e1-afa3-5ac7e8eb0887,광복왕족발,족발,광복로골목형상점가,골목형상점가,경기도,,,
60abfba6d319e843a628,full_annotation_v1,A,q_족발_04,족발,음식점 중 '족발'을 판매·제공하는 매장,val,족발,T4 구어·문장,466f2232-a91f-4b8f-91bc-a0da8a1a0b61,오향순대.족발,족발,진해중앙시장,전통시장,경상남도,,,
0abdaafb7ba2cc6978f7,full_annotation_v1,A,q_족발_04,족발,음식점 중 '족발'을 판매·제공하는 매장,val,족발,T4 구어·문장,9a512aec-2219-40c0-bb9a-eab0f3eca577,헤어터치,헤어,송정사랑 골목형상점가,골목형상점가,광주광역시,,,
d6c12478bf83214a3fa3,full_annotation_v1,A,q_족발_04,족발,음식점 중 '족발'을 판매·제공하는 매장,val,족발,T4 구어·문장,8e22a8c1-38c7-41f3-93a8-aab4c21cdf96,가장맛있는족발,족발,유천택지올림픽길골목형상점가,골목형상점가,강원특별자치도,,,
3f3a5ec4569df8d7ebad,full_annotation_v1,A,q_족발_04,족발,음식점 중 '족발'을 판매·제공하는 매장,val,족발,T4 구어·문장,354e7899-c4fe-4f2f-b01f-5910ddbd8fb9,명성왕족발,족발,비단길현대시장,전통시장,서울특별시,,,
424051030aeb10266b39,full_annotation_v1,A,q_족발_04,족발,음식점 중 '족발'을 판매·제공하는 매장,val,족발,T4 구어·문장,077c8b08-0a36-4391-b8aa-df479d245072,명성왕족발,족발,시흥삼미시장,전통시장,경기도,,,
7bde37c0885ce02e11d8,full_annotation_v1,A,q_족발_04,족발,음식점 중 '족발'을 판매·제공하는 매장,val,족발,T4 구어·문장,0c72c975-9033-4aec-acca-e0907d67af8c,대야식당,,익산구시장,전통시장,전북특별자치도,,,
f052f6532ec8a1c038eb,full_annotation_v1,A,q_족발_04,족발,음식점 중 '족발'을 판매·제공하는 매장,val,족발,T4 구어·문장,195fa427-5041-4592-bbd8-75c659ce9bcf,돼지야!달려간다,한식 배달,용주로사랑길 골목형상점가,골목형상점가,광주광역시,,,
a0bc162b953da741be74,full_annotation_v1,A,q_족발_04,족발,음식점 중 '족발'을 판매·제공하는 매장,val,족발,T4 구어·문장,da0daa32-0c83-4ebf-9912-04636c368658,이도족발,족발,안양관양시장,전통시장,경기도,,,
92a0c2bb0da5995522e6,full_annotation_v1,A,q_족발_04,족발,음식점 중 '족발'을 판매·제공하는 매장,val,족발,T4 구어·문장,97749f35-f48d-4a04-89ff-f71436616173,원남족발,족발,구미새마을중앙시장,전통시장,경상북도,,,
33b257824d1580b3cbc3,full_annotation_v1,A,q_족발_04,족발,음식점 중 '족발'을 판매·제공하는 매장,val,족발,T4 구어·문장,0a12d1ae-a606-4bc1-97ab-f35a563b097a,배달마켓,치킨 야식,양양로 골목형상점가,골목형상점가,강원특별자치도,,,
24f74ea26f9c0648011e,full_annotation_v1,A,q_족발_04,족발,음식점 중 '족발'을 판매·제공하는 매장,val,족발,T4 구어·문장,097b2c7d-0540-4dad-9483-2f32cf8d945a,장충동한방족발,족발,마천중앙시장,전통시장,서울특별시,,,
b009a6d03ba2aa63c4f0,full_annotation_v1,A,q_족발_04,족발,음식점 중 '족발'을 판매·제공하는 매장,val,족발,T4 구어·문장,9b24bea4-901c-4678-ba88-fa5e488514ee,누운자리,도매및소매업(이불),동두천큰시장,전통시장,경기도,,,
25a2a6d60ef0052fd4f2,full_annotation_v1,A,q_족발_04,족발,음식점 중 '족발'을 판매·제공하는 매장,val,족발,T4 구어·문장,c3374e47-62c7-43e3-9338-cbaf782cc071,브라더족발,족발,작전시장,전통시장,인천광역시,,,
11dfca2a28e20978c481,full_annotation_v1,A,q_족발_04,족발,음식점 중 '족발'을 판매·제공하는 매장,val,족발,T4 구어·문장,c124c3b0-8df8-46d4-a632-eeb492089f4d,가장맛있는족발,족발,창동역 상점가,자율상권구역,서울특별시,,,
4efc72a62448393dcbb0,full_annotation_v1,A,q_족발_04,족발,음식점 중 '족발'을 판매·제공하는 매장,val,족발,T4 구어·문장,f109e1dc-f0e4-4566-a14b-989c590d8fe4,한발두발족발,족발,구영로 골목형상점가,골목형상점가,울산광역시,,,
59f5e3c24fb3dc110f9c,full_annotation_v1,A,q_족발_04,족발,음식점 중 '족발'을 판매·제공하는 매장,val,족발,T4 구어·문장,5852f480-f163-4e45-9b6e-bc3345a6134d,옛날떡방앗간,"떡류, 참기름 제조",비아중앙로 골목형상점가,골목형상점가,광주광역시,,,
dcf8ee92f99f9d922ad5,full_annotation_v1,A,q_족발_04,족발,음식점 중 '족발'을 판매·제공하는 매장,val,족발,T4 구어·문장,0008f8f4-4c6e-4c4a-ad64-76aaea3d2d18,대성정육점,정육,평택국제중앙시장,전통시장,경기도,,,
dde904eb1247afcb233c,full_annotation_v1,A,q_족발_04,족발,음식점 중 '족발'을 판매·제공하는 매장,val,족발,T4 구어·문장,222043b2-93cf-45ad-8b92-2af23d4eb093,족발마을,족발,충효어린이공원 골목형상점가,골목형상점가,광주광역시,,,
18c7f0125a72442690fa,full_annotation_v1,A,q_족발_04,족발,음식점 중 '족발'을 판매·제공하는 매장,val,족발,T4 구어·문장,12cb0d18-6f73-4028-a9a8-0c03998eb7b4,심야식당,,맹동혁신골목형상점가,골목형상점가,충청북도,,,
3c5caf6e37b3bd3942ac,full_annotation_v1,A,q_족발_04,족발,음식점 중 '족발'을 판매·제공하는 매장,val,족발,T4 구어·문장,993a9041-8b26-4f03-9628-5f087fc2e18f,뽕나무한방족발,족발,능동로골목시장(자양한강전통시장),전통시장,서울특별시,,,
365dddb44c75d2684256,full_annotation_v1,A,q_족발_04,족발,음식점 중 '족발'을 판매·제공하는 매장,val,족발,T4 구어·문장,cdef48b2-a3f5-41a9-a9f2-1eff97b766aa,최고족발,족발,녹색거리상점가,자율상권구역,경기도,,,
69845b0cc00824bcc2a5,full_annotation_v1,A,q_족발_04,족발,음식점 중 '족발'을 판매·제공하는 매장,val,족발,T4 구어·문장,a3d0373a-d198-44f7-8550-4d30d6f7f0ba,대평족발,족발,마천중앙시장,전통시장,서울특별시,,,
3066f213ed10d8f3a142,full_annotation_v1,A,q_족발_04,족발,음식점 중 '족발'을 판매·제공하는 매장,val,족발,T4 구어·문장,d3fc28cc-4002-4fb9-a2de-ce401304934a,조선족발,족발,문창시장,전통시장,대전광역시,,,
620fd20d6837e4475ca1,full_annotation_v1,A,q_족발_04,족발,음식점 중 '족발'을 판매·제공하는 매장,val,족발,T4 구어·문장,d90da5c4-8f25-40ad-b540-bcdfeeb478a3,또바치킨&족발,,구의역 가람길 골목형상점가,골목형상점가,서울특별시,,,
44cf243a7dc42619cd66,full_annotation_v1,A,q_족발_04,족발,음식점 중 '족발'을 판매·제공하는 매장,val,족발,T4 구어·문장,d6852637-132b-4fe0-8446-a2f15982942e,명성왕족발,족발,정서진중앙시장(구 서구중앙시장),전통시장,인천광역시,,,
95f120631884f0f21a01,full_annotation_v1,A,q_족발_04,족발,음식점 중 '족발'을 판매·제공하는 매장,val,족발,T4 구어·문장,1e386222-e23b-49b2-a285-66834fbfc965,미쳐스닭발 현리점,야식,조종시장,전통시장,경기도,,,
30064eb3b774287e7f67,full_annotation_v1,A,q_족발_04,족발,음식점 중 '족발'을 판매·제공하는 매장,val,족발,T4 구어·문장,f666be27-754f-4196-8755-2eb5222820c7,만원족발,족발,진흥종합시장,전통시장,인천광역시,,,
6ca854bbbbf1c278c4c0,full_annotation_v1,A,q_족발_04,족발,음식점 중 '족발'을 판매·제공하는 매장,val,족발,T4 구어·문장,ccdd8f85-1052-419e-a6cb-dc0a57433717,청우족발,족발,함안 가야전통시장,전통시장,경상남도,,,
ed6eb4746a43afc29fa8,full_annotation_v1,A,q_족발_04,족발,음식점 중 '족발'을 판매·제공하는 매장,val,족발,T4 구어·문장,1250f4ab-b2fc-43b2-b6d6-62b463b6fa9d,족발마씸,족발,지범골목먹거리타운 골목형상점가,골목형상점가,대구광역시,,,
96901bd576f476de3ff8,full_annotation_v1,A,q_족발_04,족발,음식점 중 '족발'을 판매·제공하는 매장,val,족발,T4 구어·문장,00831405-3dce-4f59-90cd-81fc3f837a63,보광축산,정육,원당시장(구 원당전통시장),전통시장,경기도,,,
86c7b8d33e4525889307,full_annotation_v1,A,q_족발_04,족발,음식점 중 '족발'을 판매·제공하는 매장,val,족발,T4 구어·문장,4e5871c2-828b-469a-b4a0-f4a05c778997,명성왕족발,족발,역곡상상시장(구 역곡북부시장),전통시장,경기도,,,
33a70f16a73283d68d36,full_annotation_v1,A,q_족발_04,족발,음식점 중 '족발'을 판매·제공하는 매장,val,족발,T4 구어·문장,c12371ff-3d81-40ac-8425-85307010637c,석계매운족발,족발,석계음식문화거리골목형상점가,골목형상점가,서울특별시,,,
c98aa84913230db0dbf3,full_annotation_v1,A,q_족발_04,족발,음식점 중 '족발'을 판매·제공하는 매장,val,족발,T4 구어·문장,de054395-19bb-41b6-bb68-71a3af0f243f,장모족발,족발,개항희망문화상권 상권활성화구역,상권활성화구역,인천광역시,,,
f32f755dd6f8080f58ed,full_annotation_v1,A,q_족발_04,족발,음식점 중 '족발'을 판매·제공하는 매장,val,족발,T4 구어·문장,47136886-527b-4da7-959b-3b926a8a4e6b,동네족발,족발,김해 동상전통시장,전통시장,경상남도,,,
fd2cbd58dd3d25686a72,full_annotation_v1,A,q_족발_04,족발,음식점 중 '족발'을 판매·제공하는 매장,val,족발,T4 구어·문장,4ed957de-e617-4114-b6ec-d6d11bd3d52b,33족발,족발,경주중앙시장,전통시장,경상북도,,,
bc68900c1ee848d7a592,full_annotation_v1,A,q_족발_04,족발,음식점 중 '족발'을 판매·제공하는 매장,val,족발,T4 구어·문장,5b6eaa49-52fa-49df-8b28-fe801595551c,춘희네족발,족발,간석자유시장,전통시장,인천광역시,,,
a8391c85dbfefb1898ee,full_annotation_v1,A,q_족발_04,족발,음식점 중 '족발'을 판매·제공하는 매장,val,족발,T4 구어·문장,391c5b6f-f1c2-40a9-83f3-a43a030d008a,종갓집 족발,,사직거인 골목형상점가,골목형상점가,부산광역시,,,
5d1d85d09ac820d3de30,full_annotation_v1,A,q_족발_04,족발,음식점 중 '족발'을 판매·제공하는 매장,val,족발,T4 구어·문장,356c2ef4-d251-451b-92aa-466b23516b07,장수맛족발,족발,못골골목시장,전통시장,부산광역시,,,
069c085841961d46464d,full_annotation_v1,A,q_족발_04,족발,음식점 중 '족발'을 판매·제공하는 매장,val,족발,T4 구어·문장,e88b0beb-7881-4161-8ff3-ef00860090f1,거북족발,족발,거북시장,전통시장,인천광역시,,,
80ab303d447f632d804e,full_annotation_v1,A,q_족발_04,족발,음식점 중 '족발'을 판매·제공하는 매장,val,족발,T4 구어·문장,8bc15133-a581-4ed2-9c43-712eb27bdc57,족발천국,족발,상도전통시장,전통시장,서울특별시,,,
9ed6e9f6f30136cabfc9,full_annotation_v1,A,q_족발_04,족발,음식점 중 '족발'을 판매·제공하는 매장,val,족발,T4 구어·문장,bfb8c328-3249-49ec-bc23-6a3d25edbece,솜씨방,수예품,제천중앙시장,전통시장,충청북도,,,
899b27c05bd760408547,full_annotation_v1,A,q_족발_04,족발,음식점 중 '족발'을 판매·제공하는 매장,val,족발,T4 구어·문장,4e6fcd09-d139-4f93-840f-1fd3b7d9a965,유순영일 족발,족발,동천동먹자골목2번가상인회 골목형상점가,골목형상점가,광주광역시,,,
769067f32e484d3fb1d4,full_annotation_v1,A,q_족발_04,족발,음식점 중 '족발'을 판매·제공하는 매장,val,족발,T4 구어·문장,45f92d90-1642-49c0-9687-e9d5aa7cc74c,가장맛있는족발,족발,독산동 맛나는거리 상점가,자율상권구역,서울특별시,,,
5ac9f6de5c33590c3dd3,full_annotation_v1,A,q_족발_04,족발,음식점 중 '족발'을 판매·제공하는 매장,val,족발,T4 구어·문장,70ef4ba8-7a5f-4fd9-81b5-e735cd10c38a,족발시대,족발,중동사랑시장,전통시장,경기도,,,
e56fd6f68e23923c02f0,full_annotation_v1,A,q_족발_04,족발,음식점 중 '족발'을 판매·제공하는 매장,val,족발,T4 구어·문장,49350c17-9ab7-458e-86a7-631af0bf6876,만원족발,족발,상주풍물시장,전통시장,경상북도,,,
244d2a5eddd76f9d9a06,full_annotation_v1,A,q_족발_04,족발,음식점 중 '족발'을 판매·제공하는 매장,val,족발,T4 구어·문장,1976f224-498c-401f-b928-fa414d030451,양재족발,족발,양재시장,전통시장,서울특별시,,,
31ea45d970eab7dafd3f,full_annotation_v1,A,q_족발_04,족발,음식점 중 '족발'을 판매·제공하는 매장,val,족발,T4 구어·문장,af7a0f8b-7495-49f8-9f56-4604d36f3fa4,장날족발,족발,동서시장,전통시장,대구광역시,,,
1f6858705d10b1efc8bb,full_annotation_v1,A,q_족발_04,족발,음식점 중 '족발'을 판매·제공하는 매장,val,족발,T4 구어·문장,f172b356-29c7-430d-a74d-45314e456831,향반갈치짜글이,한식,민락골목시장,전통시장,부산광역시,,,
fa3cc24586a0b439f43e,full_annotation_v1,A,q_족발_04,족발,음식점 중 '족발'을 판매·제공하는 매장,val,족발,T4 구어·문장,ccbfb291-81a0-4655-954d-53de5e0a5000,한양큰족발,족발,용호골목시장,전통시장,부산광역시,,,
62837fbfa03a32ed07b8,full_annotation_v1,A,q_족발_04,족발,음식점 중 '족발'을 판매·제공하는 매장,val,족발,T4 구어·문장,153773e4-68ec-4e4b-8013-6b1717c40ea5,Grandmother,인테리어소품,신창진흥 골목형상점가,골목형상점가,광주광역시,,,
06eb52eb826a2a00b3cf,full_annotation_v1,A,q_족발_04,족발,음식점 중 '족발'을 판매·제공하는 매장,val,족발,T4 구어·문장,38541302-aa71-4f57-ad76-d2242f8b31e4,밤스족발,족발,옥련시장,전통시장,인천광역시,,,
27fb5205d5c43913fb5d,full_annotation_v1,A,q_족발_04,족발,음식점 중 '족발'을 판매·제공하는 매장,val,족발,T4 구어·문장,09de7e76-279f-42dd-8b15-f430ec19d69f,열정국밥,배달음식,"가락마을 1,2단지 골목형상점가(가락마을 1,2단지 상인회)",골목형상점가,세종특별자치시,,,
fef53b53a910864685ab,full_annotation_v1,A,q_족발_04,족발,음식점 중 '족발'을 판매·제공하는 매장,val,족발,T4 구어·문장,0e6caf34-050d-4c1a-b809-3600066fd23a,푸짐한 족발,족발,반송큰시장,전통시장,부산광역시,,,
9c4c3f58a5e10c5daec3,full_annotation_v1,A,q_족발_04,족발,음식점 중 '족발'을 판매·제공하는 매장,val,족발,T4 구어·문장,f03d88cd-5816-4f2f-9655-8002a18986d5,불짱족발,족발,전주남부시장,전통시장,전북특별자치도,,,
3ad38c4412524787f37d,full_annotation_v1,A,q_족발_04,족발,음식점 중 '족발'을 판매·제공하는 매장,val,족발,T4 구어·문장,ab3d9136-cc7b-4308-8f15-62815bacad30,산삼먹은도야지,한식,법동시장,전통시장,대전광역시,,,
ee3f1433c1a081cee556,full_annotation_v1,A,q_족발_04,족발,음식점 중 '족발'을 판매·제공하는 매장,val,족발,T4 구어·문장,4df5fc19-f458-4915-935f-bf4bb6c4a601,우리식육 족발,족발,부전상가시장,전통시장,부산광역시,,,
3261553a687624ea8400,full_annotation_v1,A,q_족발_04,족발,음식점 중 '족발'을 판매·제공하는 매장,val,족발,T4 구어·문장,c6c55a9e-da6d-4f19-920a-d521c82cb53d,경북족발,족발,수암상가시장,전통시장,울산광역시,,,
2fc721fa35d1d6a75092,full_annotation_v1,A,q_족발_04,족발,음식점 중 '족발'을 판매·제공하는 매장,val,족발,T4 구어·문장,6bed68eb-1904-4ca5-b76b-29a5de8ad728,독보족,족발,하단자율상권구역,기타,부산광역시,,,
5bcc30e2cfd44daf6f48,full_annotation_v1,A,q_족발_04,족발,음식점 중 '족발'을 판매·제공하는 매장,val,족발,T4 구어·문장,84b73fde-25d4-4f4a-8037-c21dadc599f8,장충동한방족발,족발,용산용문시장,전통시장,서울특별시,,,
c53f2068f14f710c840d,full_annotation_v1,A,q_족발_04,족발,음식점 중 '족발'을 판매·제공하는 매장,val,족발,T4 구어·문장,383d31b4-e52f-4c8a-a165-1021394dbed6,황여사순대족발,족발,서동시장(창인시장),전통시장,전북특별자치도,,,
374bcd98f68dc2e6246e,full_annotation_v1,A,q_족발_04,족발,음식점 중 '족발'을 판매·제공하는 매장,val,족발,T4 구어·문장,a71b470d-45e3-49b4-b903-38e44977ef9a,단골족발,족발,퇴계원먹자골목상점가,골목형상점가,경기도,,,
e6a27f9aed70adb3ef7a,full_annotation_v1,A,q_족발_04,족발,음식점 중 '족발'을 판매·제공하는 매장,val,족발,T4 구어·문장,23013f2f-9d38-43e3-8101-575718d9f054,돼지총각,족발,신정상가시장,전통시장,울산광역시,,,
c2b7401fb670bb3f60db,full_annotation_v1,A,q_족발_04,족발,음식점 중 '족발'을 판매·제공하는 매장,val,족발,T4 구어·문장,18fcaf30-b94f-4d0e-9eba-de9a5db63b82,해피크린 유촌버들점,세탁뭄ㄹ수거배달,버들마을상인회 골목형상점가,골목형상점가,광주광역시,,,
66f4d98e8b1c84f44c5a,full_annotation_v1,A,q_족발_04,족발,음식점 중 '족발'을 판매·제공하는 매장,val,족발,T4 구어·문장,d199d0d7-61b8-410e-b4da-f71e32f9bc78,어백아구&족발,"아구찜, 족발",부천신흥시장,전통시장,경기도,,,
f2a5e0c2b77632f4773a,full_annotation_v1,A,q_족발_04,족발,음식점 중 '족발'을 판매·제공하는 매장,val,족발,T4 구어·문장,49adf495-45b8-4dab-b1c7-78eb7ff6c157,만원족발,족발,용산용문시장,전통시장,서울특별시,,,
e560517e3aa679795d61,full_annotation_v1,A,q_족발_04,족발,음식점 중 '족발'을 판매·제공하는 매장,val,족발,T4 구어·문장,22643ebb-a571-44d5-b9a2-9a114bf53a51,장충동한방족발,족발,마천중앙시장,전통시장,서울특별시,,,
c75554a182677cfc3bdc,full_annotation_v1,A,q_족발_04,족발,음식점 중 '족발'을 판매·제공하는 매장,val,족발,T4 구어·문장,3b5bde84-fd05-4acf-8765-1a6b34bda02f,명성왕족발,족발,신기시장,전통시장,인천광역시,,,
15e655ee67f25ee21ae9,full_annotation_v1,A,q_족발_04,족발,음식점 중 '족발'을 판매·제공하는 매장,val,족발,T4 구어·문장,134b3f17-1970-4eca-9e8f-e06a5aecedb8,세탁갤러리(용봉점),세탁물 수거배달,매봉 골목형상점가,골목형상점가,광주광역시,,,
33b74504be2547b5ac0b,full_annotation_v1,A,q_족발_04,족발,음식점 중 '족발'을 판매·제공하는 매장,val,족발,T4 구어·문장,421671b9-bbf3-4813-9056-6e388f1c4fe0,솜씨방,수예품,제천중앙시장,전통시장,충청북도,,,
4a6664f5422274f1ebac,full_annotation_v1,A,q_족발_04,족발,음식점 중 '족발'을 판매·제공하는 매장,val,족발,T4 구어·문장,e0801f59-244f-42bb-8aef-6782bf17dc8a,또순이네 족발,족발,청주사창시장,전통시장,충청북도,,,
734ab30ebce539ea003e,full_annotation_v1,A,q_족발_04,족발,음식점 중 '족발'을 판매·제공하는 매장,val,족발,T4 구어·문장,881381f4-927d-4988-ad47-6cc65a520105,장충동족발,족발,신중앙시장,전통시장,서울특별시,,,
f0f719071d88247b394a,full_annotation_v1,A,q_족발_04,족발,음식점 중 '족발'을 판매·제공하는 매장,val,족발,T4 구어·문장,d047f377-ad23-419c-9a9f-66453cd3f422,명성왕족발,족발,광명전통시장,전통시장,경기도,,,
a18b5719fa0bc6292663,full_annotation_v1,A,q_족발_04,족발,음식점 중 '족발'을 판매·제공하는 매장,val,족발,T4 구어·문장,0072ddc8-1b0b-4a64-b9d0-9eb309854f0c,오뚜기정육점,정육,김제중앙시장,전통시장,전북특별자치도,,,
7337504179e48c7c8471,full_annotation_v1,A,q_족발_04,족발,음식점 중 '족발'을 판매·제공하는 매장,val,족발,T4 구어·문장,f0144ae8-6f7f-4fc7-8241-618350eabb09,족발삼촌,족발,창원 성원그랜드쇼핑상가,전통시장,경상남도,,,
e4cfdab1c9a666e1a732,full_annotation_v1,A,q_족발_04,족발,음식점 중 '족발'을 판매·제공하는 매장,val,족발,T4 구어·문장,a82f17db-8aaa-406f-b216-e9e134a7f25c,용족발,족발,정이있는 구포시장,전통시장,부산광역시,,,
358d7e3f04efc26f527b,full_annotation_v1,A,q_족발_04,족발,음식점 중 '족발'을 판매·제공하는 매장,val,족발,T4 구어·문장,05fe1193-d152-4060-986e-0d523afdbed7,족발애집,족발,장자호수공원 골목형상점가,골목형상점가,경기도,,,
63e56cbae379a49c2166,full_annotation_v1,A,q_족발_04,족발,음식점 중 '족발'을 판매·제공하는 매장,val,족발,T4 구어·문장,c3dad736-d041-43dc-91c2-6067fbe678c0,광세족발,족발,반석동 골목형상점가,골목형상점가,대전광역시,,,
04d42101128c75364c8c,full_annotation_v1,A,q_족발_04,족발,음식점 중 '족발'을 판매·제공하는 매장,val,족발,T4 구어·문장,f3409374-6ce9-4c06-b379-6ba9c39889c7,용인왕족발,족발,마북 골목형상점가,골목형상점가,경기도,,,
1be68e95abdac89cfbf5,full_annotation_v1,A,q_족발_04,족발,음식점 중 '족발'을 판매·제공하는 매장,val,족발,T4 구어·문장,c67a9114-3bac-4c3d-85bb-1ed8a1913579,족발나라,족발,"온양온천시장(온양재래시장, 전통시장)",전통시장,충청남도,,,
7b9a468bfeac2852d568,full_annotation_v1,A,q_족발_04,족발,음식점 중 '족발'을 판매·제공하는 매장,val,족발,T4 구어·문장,256f159e-1ad9-48f8-b40b-2f31269bf57f,삼3오5,야식,화천재래시장,전통시장,강원특별자치도,,,
bd34c0a88494083fe2e4,full_annotation_v1,A,q_족발_04,족발,음식점 중 '족발'을 판매·제공하는 매장,val,족발,T4 구어·문장,2b2a0cfb-de9b-4b80-903d-e7fc8c56d845,중앙족발,족발,신장전통시장,전통시장,경기도,,,
4402e4843fe09d35cb66,full_annotation_v1,A,q_족발_04,족발,음식점 중 '족발'을 판매·제공하는 매장,val,족발,T4 구어·문장,542b830c-1989-4942-ae93-66e79015c533,해태족발,족발,수완나들목 골목형상점가,골목형상점가,광주광역시,,,
5f1e2019e50c5d73c998,full_annotation_v1,A,q_족발_04,족발,음식점 중 '족발'을 판매·제공하는 매장,val,족발,T4 구어·문장,89202300-8ce0-4092-8022-77ea90b82423,족발천국,족발,박달시장,전통시장,경기도,,,
af364b671ecaccb76dcc,full_annotation_v1,A,q_족발_04,족발,음식점 중 '족발'을 판매·제공하는 매장,val,족발,T4 구어·문장,0f54853d-3770-4c32-b976-30a69fa297f4,가장맛있는족발,족발,신부유람단골목형상점가,골목형상점가,충청남도,,,
10097c0ff95cf48517e4,full_annotation_v1,A,q_족발_04,족발,음식점 중 '족발'을 판매·제공하는 매장,val,족발,T4 구어·문장,78511525-a823-416e-9769-cf66c0fbd0df,장충동한방족발,족발,화양제일골목시장(화양제일시장),전통시장,서울특별시,,,
1d4191a591fce3b97bd0,full_annotation_v1,A,q_족발_04,족발,음식점 중 '족발'을 판매·제공하는 매장,val,족발,T4 구어·문장,9f1a7b9e-5871-47f1-9675-35a772303df8,가장맛있는족발,족발,두류젊코상권,상권활성화구역,대구광역시,,,
e02c3550784759613a1c,full_annotation_v1,A,q_족발_04,족발,음식점 중 '족발'을 판매·제공하는 매장,val,족발,T4 구어·문장,def4c406-34df-4092-9408-f8c148039f07,사직왕하족발,족발,사직시장,전통시장,부산광역시,,,
b932978eeee8ee938207,full_annotation_v1,A,q_족발_04,족발,음식점 중 '족발'을 판매·제공하는 매장,val,족발,T4 구어·문장,35e339ad-48e9-42a6-9c70-3d16c65f25a9,브라더 족발,족발,오창전통시장,전통시장,충청북도,,,
df8c47c6229a1ecca8c9,full_annotation_v1,A,q_족발_04,족발,음식점 중 '족발'을 판매·제공하는 매장,val,족발,T4 구어·문장,94c2474c-cd27-4323-a477-380b34469ca2,풍경족발,족발,동천동먹자골목1번가상인회 골목형상점가,골목형상점가,광주광역시,,,
5bfea6dc5e2e532d8f03,full_annotation_v1,A,q_족발_04,족발,음식점 중 '족발'을 판매·제공하는 매장,val,족발,T4 구어·문장,08a45336-0646-431f-9775-dd7512c8b992,가장맛있는족발,족발,광사먹골골목형상점가,골목형상점가,경기도,,,
5d63b834492d3f8bac13,full_annotation_v1,A,q_족발_04,족발,음식점 중 '족발'을 판매·제공하는 매장,val,족발,T4 구어·문장,d02e51eb-df41-4cad-a932-26631115fbdc,보드레족발전문점,족발,봉선1로37번길 골목형상점가,골목형상점가,광주광역시,,,
7e20e1a507af820926e9,full_annotation_v1,A,q_족발_04,족발,음식점 중 '족발'을 판매·제공하는 매장,val,족발,T4 구어·문장,a07041ba-afdc-4919-85b3-8c79a2e3649e,그린한우백화점,축산물,쌍리단길상점가,자율상권구역,서울특별시,,,
3ed6ae6f6c730215e2ed,full_annotation_v1,A,q_족발_04,족발,음식점 중 '족발'을 판매·제공하는 매장,val,족발,T4 구어·문장,106fde10-22c3-4791-b26a-4a331d12bf97,산수갑산,한식,신창상가,전통시장,부산광역시,,,
efe9fa9235649e8d6b33,full_annotation_v1,A,q_족발_04,족발,음식점 중 '족발'을 판매·제공하는 매장,val,족발,T4 구어·문장,47397ec6-a24b-42ce-ad2c-dc1ff429eb8b,포항족발,족발,포항죽도시장,전통시장,경상북도,,,
8cdc861278260997ec34,full_annotation_v1,A,q_족발_04,족발,음식점 중 '족발'을 판매·제공하는 매장,val,족발,T4 구어·문장,710a7665-df36-4b95-b334-89fad5085b5d,카페요아정 광주임동점,아이스크림,챔피언스거리 골목형상점가,골목형상점가,광주광역시,,,
d715cdde1d366d00ea61,full_annotation_v1,A,q_족발_04,족발,음식점 중 '족발'을 판매·제공하는 매장,val,족발,T4 구어·문장,5d17de7d-9669-4dd3-89b6-09bbfd4d8cf4,일동축산,식육,관악중부시장골목형상점가,골목형상점가,서울특별시,,,
400f63c4e12008379f8b,full_annotation_v1,A,q_족발_04,족발,음식점 중 '족발'을 판매·제공하는 매장,val,족발,T4 구어·문장,7ffe3b14-5687-41df-baf6-8e90c6f558e4,방구족발,족발,진해 경화시장,전통시장,경상남도,,,
f140159e20cbb9177328,full_annotation_v1,A,q_족발_04,족발,음식점 중 '족발'을 판매·제공하는 매장,val,족발,T4 구어·문장,97d9f732-891d-4d47-8734-7a0538ef2edf,만원족발,족발,남구로시장,전통시장,서울특별시,,,
78372aa90a927fea84e1,full_annotation_v1,A,q_족발_04,족발,음식점 중 '족발'을 판매·제공하는 매장,val,족발,T4 구어·문장,6ddf99d3-1170-472f-b1cb-a86f5c9e30ee,장충동한방족발,족발,덕풍전통시장,전통시장,경기도,,,
1531154238b2ab5c984c,full_annotation_v1,A,q_족발_04,족발,음식점 중 '족발'을 판매·제공하는 매장,val,족발,T4 구어·문장,dda9169f-8737-47a3-a4f3-b406713d19f0,도화할인마트 주식회사,슈퍼마켓,제일시장,전통시장,인천광역시,,,
e952eb43cf2ff7ceb669,full_annotation_v1,A,q_족발_04,족발,음식점 중 '족발'을 판매·제공하는 매장,val,족발,T4 구어·문장,a4859e61-eb09-470d-9f86-9aed9e10abf5,경희궁장수족발,족발,단국대 앞 골목형상점가,골목형상점가,경기도,,,
fe2b67da6a9edb21c351,full_annotation_v1,A,q_족발_04,족발,음식점 중 '족발'을 판매·제공하는 매장,val,족발,T4 구어·문장,dd90e4a0-83e5-41a3-9dcf-a0eceeff84ba,허브족발,족발,신응암시장,전통시장,서울특별시,,,
41198fd762c362376a69,full_annotation_v1,A,q_족발_04,족발,음식점 중 '족발'을 판매·제공하는 매장,val,족발,T4 구어·문장,028e11ac-d687-483b-b4cf-8273aed2c3b8,바른보쌈1990,보쌈,서영대 정문 골목형상점가,골목형상점가,광주광역시,,,
c858c11e908611d3a61c,full_annotation_v1,A,q_족발_04,족발,음식점 중 '족발'을 판매·제공하는 매장,val,족발,T4 구어·문장,8b4bdb22-83a9-4698-9634-43c4632cd865,광주족발,족발,경안전통시장,전통시장,경기도,,,
dec8cf494de59afcaf42,full_annotation_v1,A,q_족발_04,족발,음식점 중 '족발'을 판매·제공하는 매장,val,족발,T4 구어·문장,3efd5f55-86a6-4940-b48c-5de6ba037e18,가장 맛있는 족발,족발,엄사 골목형상점가,골목형상점가,충청남도,,,
e0c4828493c4a77bc725,full_annotation_v1,A,q_족발_04,족발,음식점 중 '족발'을 판매·제공하는 매장,val,족발,T4 구어·문장,00e45da9-1bb4-42fa-b0a8-63cdcea52143,수유중앙축산물백화점,정육,수유중앙시장,전통시장,서울특별시,,,
c2bb417bfd68c1db2b48,full_annotation_v1,A,q_족발_04,족발,음식점 중 '족발'을 판매·제공하는 매장,val,족발,T4 구어·문장,aa456a9c-cf77-4a9b-94c4-ab9b7d2550c4,만원족발,족발,관문상가시장,전통시장,대구광역시,,,
f849de712d48f87c5662,full_annotation_v1,A,q_족발_04,족발,음식점 중 '족발'을 판매·제공하는 매장,val,족발,T4 구어·문장,de8ac936-0738-4d81-82e7-9f7c5c2acbea,가장 맛있는 족발,족발,(유)다사소상공인연합,골목형상점가,대구광역시,,,
f5fbc8151c7377ad9d82,full_annotation_v1,A,q_족발_04,족발,음식점 중 '족발'을 판매·제공하는 매장,val,족발,T4 구어·문장,c5be689c-cb6d-4167-b3d4-443a4f443704,명성왕족발,족발,원당시장(구 원당전통시장),전통시장,경기도,,,
3d983cba62d15f8bee29,full_annotation_v1,A,q_족발_04,족발,음식점 중 '족발'을 판매·제공하는 매장,val,족발,T4 구어·문장,a8f14180-e98c-4a0a-9178-f640ba90051b,은혜족발,족발,용운시장,전통시장,대전광역시,,,
0ddae4d3b56df00ec390,full_annotation_v1,A,q_족발_04,족발,음식점 중 '족발'을 판매·제공하는 매장,val,족발,T4 구어·문장,2edda93e-b3cb-46f7-b20d-855c54a6d5a0,왕실족발,족발,중문로 골목형상점가,기타,광주광역시,,,
3763bc124489f4dc4247,full_annotation_v1,A,q_족발_04,족발,음식점 중 '족발'을 판매·제공하는 매장,val,족발,T4 구어·문장,3287bd25-7a6f-45aa-bb67-896edd276b38,원조족발,족발,월곡시장,전통시장,광주광역시,,,
58268b0799c99635b44a,full_annotation_v1,A,q_족발_04,족발,음식점 중 '족발'을 판매·제공하는 매장,val,족발,T4 구어·문장,03a396dd-7609-4133-beef-55e14ecdc41f,가장맛있는족발,족발,관평동 골목형상점가,골목형상점가,대전광역시,,,
e0738a02cb9c8f83d7fe,full_annotation_v1,A,q_족발_04,족발,음식점 중 '족발'을 판매·제공하는 매장,val,족발,T4 구어·문장,04057e3f-517b-43b5-a1df-62cef13b98c1,구만족발보쌈,족발보쌈,부전상가시장,전통시장,부산광역시,,,
1e8daf7e3a1e71e66406,full_annotation_v1,A,q_족발_04,족발,음식점 중 '족발'을 판매·제공하는 매장,val,족발,T4 구어·문장,3591fd78-f530-43ce-8ee0-296f96954467,인생만족,족발,원마루시장,전통시장,충청북도,,,
7a2e6a45edde026d4a89,full_annotation_v1,A,q_족발_04,족발,음식점 중 '족발'을 판매·제공하는 매장,val,족발,T4 구어·문장,233986f6-bca3-420a-b4f4-0da6781bb87b,만원족발,족발,성서와룡시장,전통시장,대구광역시,,,
dbfe5e31f9f385bbda5d,full_annotation_v1,A,q_족발_04,족발,음식점 중 '족발'을 판매·제공하는 매장,val,족발,T4 구어·문장,7e795edc-e383-4435-a6e5-eeb7bcffd1b5,만원족발,족발,경산중앙상점가,자율상권구역,경상북도,,,
cd28783bfe13ce87a2fb,full_annotation_v1,A,q_족발_04,족발,음식점 중 '족발'을 판매·제공하는 매장,val,족발,T4 구어·문장,b1d1a022-a989-4705-afe0-02c65dafbb0e,가장맛있는족발,족발,고촌 행정타운 골목형상점가,골목형상점가,경기도,,,
76fdeeed3a42654b8db8,full_annotation_v1,A,q_족발_04,족발,음식점 중 '족발'을 판매·제공하는 매장,val,족발,T4 구어·문장,686a8edc-c7a0-41ef-a45c-22e374528127,바다집,한식,신창상가,전통시장,부산광역시,,,
ec8a9ab70220f7cd58b4,full_annotation_v1,A,q_족발_04,족발,음식점 중 '족발'을 판매·제공하는 매장,val,족발,T4 구어·문장,e888ef30-97a2-4955-85e7-d7251931298b,치킨족발,족발,사천 삼천포중앙시장,전통시장,경상남도,,,
5028f4e27851f9b86993,full_annotation_v1,A,q_족발_04,족발,음식점 중 '족발'을 판매·제공하는 매장,val,족발,T4 구어·문장,01b038d0-c4c7-40e8-ba71-b4406a191586,아라 맛짱네 족발보쌈,족발보쌈,돈암시장,전통시장,서울특별시,,,
cbbde8b1a449c2f7f606,full_annotation_v1,A,q_족발_05,족발추천,음식점 중 '족발'을 판매·제공하는 매장,val,족발,T6 기계변형,47397ec6-a24b-42ce-ad2c-dc1ff429eb8b,포항족발,족발,포항죽도시장,전통시장,경상북도,,,
7038a03b4fe593535bac,full_annotation_v1,A,q_족발_05,족발추천,음식점 중 '족발'을 판매·제공하는 매장,val,족발,T6 기계변형,43d57f6d-0be3-45d8-b65c-4d132dc196e2,뱅족,족발,매곡동 골목형상점가,골목형상점가,광주광역시,,,
635c255431b9f2cfc046,full_annotation_v1,A,q_족발_05,족발추천,음식점 중 '족발'을 판매·제공하는 매장,val,족발,T6 기계변형,d0e8d3c6-a85e-4ac4-91a3-2c04c74f988e,족발이다,족발,양산 나래메트로시티 골목형상점가,골목형상점가,경상남도,,,
7c8216b38ca7e081c03e,full_annotation_v1,A,q_족발_05,족발추천,음식점 중 '족발'을 판매·제공하는 매장,val,족발,T6 기계변형,fee726c3-7f4a-43d3-a0ed-bc03916388cb,족발시대,족발,옥천먹자골목형상점가,골목형상점가,충청북도,,,
afb69f7cb7fae5327270,full_annotation_v1,A,q_족발_05,족발추천,음식점 중 '족발'을 판매·제공하는 매장,val,족발,T6 기계변형,f0144ae8-6f7f-4fc7-8241-618350eabb09,족발삼촌,족발,창원 성원그랜드쇼핑상가,전통시장,경상남도,,,
8439701063fe46f4b96d,full_annotation_v1,A,q_족발_05,족발추천,음식점 중 '족발'을 판매·제공하는 매장,val,족발,T6 기계변형,ccbfb291-81a0-4655-954d-53de5e0a5000,한양큰족발,족발,용호골목시장,전통시장,부산광역시,,,
3033a503a280520f594d,full_annotation_v1,A,q_족발_05,족발추천,음식점 중 '족발'을 판매·제공하는 매장,val,족발,T6 기계변형,8685f63e-0425-498f-bc64-701f91c601d0,행복반찬,김치,목사랑시장,전통시장,서울특별시,,,
a2dc02e948e5c891a069,full_annotation_v1,A,q_족발_05,족발추천,음식점 중 '족발'을 판매·제공하는 매장,val,족발,T6 기계변형,e6ed66f0-1fca-4a47-a3ae-e1136020efc7,베스트,,금촌명동로시장,전통시장,경기도,,,
510c147283fb90a910b7,full_annotation_v1,A,q_족발_05,족발추천,음식점 중 '족발'을 판매·제공하는 매장,val,족발,T6 기계변형,55373323-0fa3-4ecd-9de5-557bbdb32753,족발창고,한식,용봉지구 골목형상점가,골목형상점가,광주광역시,,,
dcfce74a517d855039f0,full_annotation_v1,A,q_족발_05,족발추천,음식점 중 '족발'을 판매·제공하는 매장,val,족발,T6 기계변형,5c681fef-0fb0-48b5-8f9e-6084a2f03d7b,중앙족발,족발,남대문시장,전통시장,서울특별시,,,
0fb757478d1af469db67,full_annotation_v1,A,q_족발_05,족발추천,음식점 중 '족발'을 판매·제공하는 매장,val,족발,T6 기계변형,f109e1dc-f0e4-4566-a14b-989c590d8fe4,한발두발족발,족발,구영로 골목형상점가,골목형상점가,울산광역시,,,
803202a825cc17d42c35,full_annotation_v1,A,q_족발_05,족발추천,음식점 중 '족발'을 판매·제공하는 매장,val,족발,T6 기계변형,4d5fe945-41f6-4a7e-afe3-73306bc3770e,족발킹,한식,덕풍전통시장,전통시장,경기도,,,
6cecd17b367caee1022f,full_annotation_v1,A,q_족발_05,족발추천,음식점 중 '족발'을 판매·제공하는 매장,val,족발,T6 기계변형,1250f4ab-b2fc-43b2-b6d6-62b463b6fa9d,족발마씸,족발,지범골목먹거리타운 골목형상점가,골목형상점가,대구광역시,,,
375cc4390f5624342cb9,full_annotation_v1,A,q_족발_05,족발추천,음식점 중 '족발'을 판매·제공하는 매장,val,족발,T6 기계변형,a0a7278a-7f24-418b-b454-a30fcef54c84,족발나라,족발,수원못골종합시장,전통시장,경기도,,,
195ba2f73607ec97eee4,full_annotation_v1,A,q_족발_05,족발추천,음식점 중 '족발'을 판매·제공하는 매장,val,족발,T6 기계변형,b2c0933f-2e83-4706-8745-22a299492e09,광미사,유리,충주자유시장,전통시장,충청북도,,,
3c16e1583db601107239,full_annotation_v1,A,q_족발_05,족발추천,음식점 중 '족발'을 판매·제공하는 매장,val,족발,T6 기계변형,0c72c975-9033-4aec-acca-e0907d67af8c,대야식당,,익산구시장,전통시장,전북특별자치도,,,
41c3f56be7a5c014ec87,full_annotation_v1,A,q_족발_05,족발추천,음식점 중 '족발'을 판매·제공하는 매장,val,족발,T6 기계변형,70ef4ba8-7a5f-4fd9-81b5-e735cd10c38a,족발시대,족발,중동사랑시장,전통시장,경기도,,,
300af1dbb172222992ea,full_annotation_v1,A,q_족발_05,족발추천,음식점 중 '족발'을 판매·제공하는 매장,val,족발,T6 기계변형,e21caae7-019d-494a-b86b-9e6aceea15f7,리얼펍살얼음맥주 동천점,양식,동천동 상인회 골목형상점가,골목형상점가,광주광역시,,,
0fc8ce49c72f062c6f41,full_annotation_v1,A,q_족발_05,족발추천,음식점 중 '족발'을 판매·제공하는 매장,val,족발,T6 기계변형,6bed68eb-1904-4ca5-b76b-29a5de8ad728,독보족,족발,하단자율상권구역,기타,부산광역시,,,
2724b6ee246bde15eb8e,full_annotation_v1,A,q_족발_05,족발추천,음식점 중 '족발'을 판매·제공하는 매장,val,족발,T6 기계변형,18fcaf30-b94f-4d0e-9eba-de9a5db63b82,해피크린 유촌버들점,세탁뭄ㄹ수거배달,버들마을상인회 골목형상점가,골목형상점가,광주광역시,,,
a6fba12ae403b1b2fa9d,full_annotation_v1,A,q_족발_05,족발추천,음식점 중 '족발'을 판매·제공하는 매장,val,족발,T6 기계변형,eea9746b-865d-4c08-bf5b-97647cb79b00,365더조은의원,의원,우산상인회 골목형상점가,골목형상점가,광주광역시,,,
a8a1bb26325bc3f5d78b,full_annotation_v1,A,q_족발_05,족발추천,음식점 중 '족발'을 판매·제공하는 매장,val,족발,T6 기계변형,e2d19550-1b0b-4dc1-ab43-17172115c030,족발광역시,족발,팔등로기부거리,골목형상점가,울산광역시,,,
72f685f45ec2067b9627,full_annotation_v1,A,q_족발_05,족발추천,음식점 중 '족발'을 판매·제공하는 매장,val,족발,T6 기계변형,05fe1193-d152-4060-986e-0d523afdbed7,족발애집,족발,장자호수공원 골목형상점가,골목형상점가,경기도,,,
c1f429e41c279ec9dc8f,full_annotation_v1,A,q_족발_05,족발추천,음식점 중 '족발'을 판매·제공하는 매장,val,족발,T6 기계변형,e4ea9ef6-05c2-46ec-af9c-04bc628e7275,장터정육점,축산물,청주육거리종합시장,전통시장,충청북도,,,
7b86c1a30453656377ed,full_annotation_v1,A,q_족발_05,족발추천,음식점 중 '족발'을 판매·제공하는 매장,val,족발,T6 기계변형,362403cf-87f8-421c-9ae5-fae3dad76cc3,옛날족발,족발,신포시장,전통시장,인천광역시,,,
8342ae1d80545c822f2e,full_annotation_v1,A,q_족발_05,족발추천,음식점 중 '족발'을 판매·제공하는 매장,val,족발,T6 기계변형,4cc276b4-416b-49f8-b64c-5e866cc2d1d0,족발삶는마을,족발,신금정시장 골목형 상점가,골목형상점가,부산광역시,,,
99ec842a146e1db29cf7,full_annotation_v1,A,q_족발_05,족발추천,음식점 중 '족발'을 판매·제공하는 매장,val,족발,T6 기계변형,7c19ea92-2cf1-41e5-8772-dc05b38cd9b9,마디사랑요가원,"요가, 필라테스",매봉 골목형상점가,골목형상점가,광주광역시,,,
e77a5125e69f7d056112,full_annotation_v1,A,q_족발_05,족발추천,음식점 중 '족발'을 판매·제공하는 매장,val,족발,T6 기계변형,0072ddc8-1b0b-4a64-b9d0-9eb309854f0c,오뚜기정육점,정육,김제중앙시장,전통시장,전북특별자치도,,,
656087f48ffb2f2d0a5d,full_annotation_v1,A,q_족발_05,족발추천,음식점 중 '족발'을 판매·제공하는 매장,val,족발,T6 기계변형,a1fe0f36-19a6-4e5e-b4d5-97ec51400c23,족발김사부,족발,조원복길골목형상점가,골목형상점가,서울특별시,,,
4d76ee6b8830589c1f80,full_annotation_v1,A,q_족발_05,족발추천,음식점 중 '족발'을 판매·제공하는 매장,val,족발,T6 기계변형,c67a9114-3bac-4c3d-85bb-1ed8a1913579,족발나라,족발,"온양온천시장(온양재래시장, 전통시장)",전통시장,충청남도,,,
005566e2bd50f773871f,full_annotation_v1,A,q_족발_05,족발추천,음식점 중 '족발'을 판매·제공하는 매장,val,족발,T6 기계변형,e888ef30-97a2-4955-85e7-d7251931298b,치킨족발,족발,사천 삼천포중앙시장,전통시장,경상남도,,,
ba425d1b4213073a38b7,full_annotation_v1,A,q_족발_05,족발추천,음식점 중 '족발'을 판매·제공하는 매장,val,족발,T6 기계변형,5b3df5b1-65f2-4ab3-ac58-e32f713e9c40,족발정,,석적중리 골목형상점가,골목형상점가,경상북도,,,
a063fd4feb1113de3d91,full_annotation_v1,A,q_족발_05,족발추천,음식점 중 '족발'을 판매·제공하는 매장,val,족발,T6 기계변형,df3a1695-d682-4183-90f1-fb933113c1dd,돈가복 족발,족발,운남동우체국 골목형상점가,골목형상점가,광주광역시,,,
4c9d6e7749f410885652,full_annotation_v1,A,q_족발_05,족발추천,음식점 중 '족발'을 판매·제공하는 매장,val,족발,T6 기계변형,b885ac36-5c45-47b0-bc3d-2ab8a329e8ba,고려인삼사,,군산공설시장,전통시장,전북특별자치도,,,
e0303f7415141da60b49,full_annotation_v1,A,q_족발_05,족발추천,음식점 중 '족발'을 판매·제공하는 매장,val,족발,T6 기계변형,edd4bc53-3b2e-474c-8ffe-3088dc9fc64c,가희지콜렉션,의류,충장로45가 상점가,자율상권구역,,,,
0a398948a56f7ee961fa,full_annotation_v1,A,q_족발_05,족발추천,음식점 중 '족발'을 판매·제공하는 매장,val,족발,T6 기계변형,c6c55a9e-da6d-4f19-920a-d521c82cb53d,경북족발,족발,수암상가시장,전통시장,울산광역시,,,
eb3a9bbacd391a561912,full_annotation_v1,A,q_족발_05,족발추천,음식점 중 '족발'을 판매·제공하는 매장,val,족발,T6 기계변형,cfb9e7e7-f7e2-424f-a845-c7d026aeadd8,족발공장,족발,중앙신시장,전통시장,경상북도,,,
a9a4887362f0271a3f56,full_annotation_v1,A,q_족발_05,족발추천,음식점 중 '족발'을 판매·제공하는 매장,val,족발,T6 기계변형,00e45da9-1bb4-42fa-b0a8-63cdcea52143,수유중앙축산물백화점,정육,수유중앙시장,전통시장,서울특별시,,,
d229ee59979392e3248d,full_annotation_v1,A,q_족발_05,족발추천,음식점 중 '족발'을 판매·제공하는 매장,val,족발,T6 기계변형,222043b2-93cf-45ad-8b92-2af23d4eb093,족발마을,족발,충효어린이공원 골목형상점가,골목형상점가,광주광역시,,,
14fc36478bcc82aec6a2,full_annotation_v1,A,q_족발_05,족발추천,음식점 중 '족발'을 판매·제공하는 매장,val,족발,T6 기계변형,04057e3f-517b-43b5-a1df-62cef13b98c1,구만족발보쌈,족발보쌈,부전상가시장,전통시장,부산광역시,,,
dcbe8c4bf2841fbab905,full_annotation_v1,A,q_족발_05,족발추천,음식점 중 '족발'을 판매·제공하는 매장,val,족발,T6 기계변형,8bc15133-a581-4ed2-9c43-712eb27bdc57,족발천국,족발,상도전통시장,전통시장,서울특별시,,,
46ca09d9b4b82660eb8a,full_annotation_v1,A,q_족발_05,족발추천,음식점 중 '족발'을 판매·제공하는 매장,val,족발,T6 기계변형,da4ec60b-ecc9-4aca-87a3-1404472c196e,뚜레쥬르 광주월계점,제과,첨단아미 골목형상점가,골목형상점가,광주광역시,,,
9f4e1fee9285c81b527b,full_annotation_v1,A,q_족발_05,족발추천,음식점 중 '족발'을 판매·제공하는 매장,val,족발,T6 기계변형,3287bd25-7a6f-45aa-bb67-896edd276b38,원조족발,족발,월곡시장,전통시장,광주광역시,,,
571ee2768ae5b33d9b76,full_annotation_v1,A,q_족발_05,족발추천,음식점 중 '족발'을 판매·제공하는 매장,val,족발,T6 기계변형,01b038d0-c4c7-40e8-ba71-b4406a191586,아라 맛짱네 족발보쌈,족발보쌈,돈암시장,전통시장,서울특별시,,,
928e42af32ff9390abc8,full_annotation_v1,A,q_족발_05,족발추천,음식점 중 '족발'을 판매·제공하는 매장,val,족발,T6 기계변형,025b7d36-94e1-4d2d-97b3-93a81122fcdf,가루,족발 보쌈 막국수,영등포구청역 3번출구 골목형상점가,골목형상점가,서울특별시,,,
888857f9ec1a82a91efa,full_annotation_v1,A,q_족발_05,족발추천,음식점 중 '족발'을 판매·제공하는 매장,val,족발,T6 기계변형,10438442-a66e-4675-9cfa-fdb04e6d8020,스코빌바버샵,이발,전남대후문골목형상점가,골목형상점가,광주광역시,,,
de3a4028ef063b261c39,full_annotation_v1,A,q_족발_05,족발추천,음식점 중 '족발'을 판매·제공하는 매장,val,족발,T6 기계변형,0008f8f4-4c6e-4c4a-ad64-76aaea3d2d18,대성정육점,정육,평택국제중앙시장,전통시장,경기도,,,
b099b9afb4f1b51a3cde,full_annotation_v1,A,q_족발_05,족발추천,음식점 중 '족발'을 판매·제공하는 매장,val,족발,T6 기계변형,0a12d1ae-a606-4bc1-97ab-f35a563b097a,배달마켓,치킨 야식,양양로 골목형상점가,골목형상점가,강원특별자치도,,,
b90c7c6f6eb689d1b182,full_annotation_v1,A,q_족발_05,족발추천,음식점 중 '족발'을 판매·제공하는 매장,val,족발,T6 기계변형,134b3f17-1970-4eca-9e8f-e06a5aecedb8,세탁갤러리(용봉점),세탁물 수거배달,매봉 골목형상점가,골목형상점가,광주광역시,,,
13cbeb25455633f64e25,full_annotation_v1,A,q_족발_05,족발추천,음식점 중 '족발'을 판매·제공하는 매장,val,족발,T6 기계변형,02f9a810-a00c-4434-b36d-3b359a8cd55b,허남일치과의원,치과의원,용봉시장,전통시장,광주광역시,,,
720e5fd5e089cc33a1a3,full_annotation_v1,A,q_족발_05,족발추천,음식점 중 '족발'을 판매·제공하는 매장,val,족발,T6 기계변형,256f159e-1ad9-48f8-b40b-2f31269bf57f,삼3오5,야식,화천재래시장,전통시장,강원특별자치도,,,
48fbc61741c1f5f0d9bd,full_annotation_v1,A,q_족발_05,족발추천,음식점 중 '족발'을 판매·제공하는 매장,val,족발,T6 기계변형,0fdda0b6-8af0-4e6d-9574-2a8b043c0bc0,이플,"꽃집, 꽃배달",담양중앙2번가 골목형상점가,골목형상점가,전라남도,,,
dae0eb27a132f1eb8f26,full_annotation_v1,A,q_족발_05,족발추천,음식점 중 '족발'을 판매·제공하는 매장,val,족발,T6 기계변형,d99d56d8-9422-4055-a297-1024564c7284,퉁퉁왕족발,족발,안성 전통 옛장터길 골목형상점가,골목형상점가,경기도,,,
254c0de439ba8db662e4,full_annotation_v1,A,q_족발_05,족발추천,음식점 중 '족발'을 판매·제공하는 매장,val,족발,T6 기계변형,132fcd1e-618a-4397-bc7a-a23868c1d10f,데코하우스(운정점),,운정가구단지 상점가,자율상권구역,경기도,,,
8a000cf132ebef7bf3df,full_annotation_v1,A,q_족발_05,족발추천,음식점 중 '족발'을 판매·제공하는 매장,val,족발,T6 기계변형,f03d88cd-5816-4f2f-9655-8002a18986d5,불짱족발,족발,전주남부시장,전통시장,전북특별자치도,,,
d36eee38ccdcb9020bd7,full_annotation_v1,A,q_족발_05,족발추천,음식점 중 '족발'을 판매·제공하는 매장,val,족발,T6 기계변형,09de7e76-279f-42dd-8b15-f430ec19d69f,열정국밥,배달음식,"가락마을 1,2단지 골목형상점가(가락마을 1,2단지 상인회)",골목형상점가,세종특별자치시,,,
0757f5975aadf91f0e54,full_annotation_v1,A,q_족발_05,족발추천,음식점 중 '족발'을 판매·제공하는 매장,val,족발,T6 기계변형,00a5a31e-6208-4900-9553-18f188bfcbfc,올바른고깃간일곡점,정육점,일곡동 골목형상점가,골목형상점가,광주광역시,,,
590c1ac48115fe999411,full_annotation_v1,A,q_족발_05,족발추천,음식점 중 '족발'을 판매·제공하는 매장,val,족발,T6 기계변형,ca751cb2-6743-414c-8104-1e2028a242bd,족발중독,족발,부곡맛고을상가,자율상권구역,경상북도,,,
f4081f0e49256dfeff09,full_annotation_v1,A,q_족발_05,족발추천,음식점 중 '족발'을 판매·제공하는 매장,val,족발,T6 기계변형,028e11ac-d687-483b-b4cf-8273aed2c3b8,바른보쌈1990,보쌈,서영대 정문 골목형상점가,골목형상점가,광주광역시,,,
2e168e04d82549169045,full_annotation_v1,A,q_족발_05,족발추천,음식점 중 '족발'을 판매·제공하는 매장,val,족발,T6 기계변형,40bf9305-b031-40a8-aaca-b7d6302153d5,족발예찬,족발,첨단이웃사랑 골목형상점가,골목형상점가,광주광역시,,,
e9115372abbe0bb5000c,full_annotation_v1,A,q_족발_05,족발추천,음식점 중 '족발'을 판매·제공하는 매장,val,족발,T6 기계변형,89202300-8ce0-4092-8022-77ea90b82423,족발천국,족발,박달시장,전통시장,경기도,,,
6b34ff2adf3d24b629e2,full_annotation_v1,A,q_족발_05,족발추천,음식점 중 '족발'을 판매·제공하는 매장,val,족발,T6 기계변형,00831405-3dce-4f59-90cd-81fc3f837a63,보광축산,정육,원당시장(구 원당전통시장),전통시장,경기도,,,
0925ac49c218284c38ee,full_annotation_v1,A,q_족발_05,족발추천,음식점 중 '족발'을 판매·제공하는 매장,val,족발,T6 기계변형,0032a869-f135-4f13-8f52-eba4a9c3152e,장충동뚱뚱이할머니족발보쌈,족발 보쌈,원효 골목형상점가,골목형상점가,서울특별시,,,
32c5642656d30572f812,full_annotation_v1,A,q_족발_05,족발추천,음식점 중 '족발'을 판매·제공하는 매장,val,족발,T6 기계변형,2b2a0cfb-de9b-4b80-903d-e7fc8c56d845,중앙족발,족발,신장전통시장,전통시장,경기도,,,
412d987412203e35ca17,full_annotation_v1,A,q_족발_05,족발추천,음식점 중 '족발'을 판매·제공하는 매장,val,족발,T6 기계변형,3943ce72-09f0-4d7c-aa90-78fb875ebf84,용비어천가,한식,동천동 상인회 골목형상점가,골목형상점가,광주광역시,,,
771cc94a3472cf284f99,full_annotation_v1,A,q_족발_05,족발추천,음식점 중 '족발'을 판매·제공하는 매장,val,족발,T6 기계변형,195fa427-5041-4592-bbd8-75c659ce9bcf,돼지야!달려간다,한식 배달,용주로사랑길 골목형상점가,골목형상점가,광주광역시,,,
c04d215ecc3c63c7ffcb,full_annotation_v1,A,q_족발_05,족발추천,음식점 중 '족발'을 판매·제공하는 매장,val,족발,T6 기계변형,c3dad736-d041-43dc-91c2-6067fbe678c0,광세족발,족발,반석동 골목형상점가,골목형상점가,대전광역시,,,
d5e355a84bd7ff4a6e44,full_annotation_v1,A,q_족발_05,족발추천,음식점 중 '족발'을 판매·제공하는 매장,val,족발,T6 기계변형,0bd7a5db-8727-46ac-b24c-8190726cd8c4,족팔계,족발,인헌시장,전통시장,서울특별시,,,
7937a6c11b6780be391b,full_annotation_v1,A,q_족발_05,족발추천,음식점 중 '족발'을 판매·제공하는 매장,val,족발,T6 기계변형,c3b2d60d-229b-4feb-8aa3-20526f3c6052,족발사랑,족발,구봉산길 골목형상점가,골목형상점가,대전광역시,,,
2b7f60281f95447f7006,full_annotation_v1,A,q_족발_05,족발추천,음식점 중 '족발'을 판매·제공하는 매장,val,족발,T6 기계변형,e0eb24ff-293c-4d80-a4cb-5549acf867c5,족발처럼,족발,영주골목시장,전통시장,경상북도,,,
68262162584c88aee57c,full_annotation_v1,A,q_족발_05,족발추천,음식점 중 '족발'을 판매·제공하는 매장,val,족발,T6 기계변형,4cad0c85-b857-4196-954d-97d375a398ee,족대장,족발,의정부제일시장,전통시장,경기도,,,
30ca6774bfe46ffb63d2,full_annotation_v1,A,q_족발_05,족발추천,음식점 중 '족발'을 판매·제공하는 매장,val,족발,T6 기계변형,a82f17db-8aaa-406f-b216-e9e134a7f25c,용족발,족발,정이있는 구포시장,전통시장,부산광역시,,,
436fbbdcfb27a7526d85,full_annotation_v1,A,q_족발_05,족발추천,음식점 중 '족발'을 판매·제공하는 매장,val,족발,T6 기계변형,2d99e933-dc40-4445-b36d-421145ebae5d,돕스맨헤어,미용실,배방공수 골목형상점가,골목형상점가,충청남도,,,
ed8833cadd579914036a,full_annotation_v1,A,q_족발_05,족발추천,음식점 중 '족발'을 판매·제공하는 매장,val,족발,T6 기계변형,f46058ff-064f-44e0-8c59-24606045b4d0,히어로보드게임아산배방점,보드게임,배방공수 골목형상점가,골목형상점가,충청남도,,,
e6089ceea1349887b6c8,full_annotation_v1,A,q_족발_05,족발추천,음식점 중 '족발'을 판매·제공하는 매장,val,족발,T6 기계변형,1e386222-e23b-49b2-a285-66834fbfc965,미쳐스닭발 현리점,야식,조종시장,전통시장,경기도,,,
c04f801d33ac1dd3fd1a,full_annotation_v1,A,q_족발_05,족발추천,음식점 중 '족발'을 판매·제공하는 매장,val,족발,T6 기계변형,12cb0d18-6f73-4028-a9a8-0c03998eb7b4,심야식당,,맹동혁신골목형상점가,골목형상점가,충청북도,,,
85cc0c08d030b48d6e22,full_annotation_v1,A,q_족발_06,족방,음식점 중 '족발'을 판매·제공하는 매장,val,족발,T6 기계변형,dfe53b8b-b1e5-461f-b959-e13006e6bcab,족선생,한식,성북천골목형상점가,골목형상점가,서울특별시,,,
022b44fde76bf7734a40,full_annotation_v1,A,q_족발_06,족방,음식점 중 '족발'을 판매·제공하는 매장,val,족발,T6 기계변형,0fdda0b6-8af0-4e6d-9574-2a8b043c0bc0,이플,"꽃집, 꽃배달",담양중앙2번가 골목형상점가,골목형상점가,전라남도,,,
fc499c99e88faaf7d859,full_annotation_v1,A,q_족발_06,족방,음식점 중 '족발'을 판매·제공하는 매장,val,족발,T6 기계변형,45859f63-324e-421b-a396-0f9a3e94fab3,세종헤어,두발미용,풍암벚꽃길상인회 골목형상점가,골목형상점가,광주광역시,,,
2091f49d266c7b30576c,full_annotation_v1,A,q_족발_06,족방,음식점 중 '족발'을 판매·제공하는 매장,val,족발,T6 기계변형,fee726c3-7f4a-43d3-a0ed-bc03916388cb,족발시대,족발,옥천먹자골목형상점가,골목형상점가,충청북도,,,
e3b06e1d52fcd3464b97,full_annotation_v1,A,q_족발_06,족방,음식점 중 '족발'을 판매·제공하는 매장,val,족발,T6 기계변형,da4c9f26-6370-4167-8a22-d89b111b3e17,이헌한우,한우,상무중앙공원상인회 골목형상점가,골목형상점가,광주광역시,,,
e2db1139449f34f35ace,full_annotation_v1,A,q_족발_06,족방,음식점 중 '족발'을 판매·제공하는 매장,val,족발,T6 기계변형,e06d6eba-0fad-41c7-8a03-25285bdf9131,족돈,음식점,방학동도깨비시장,전통시장,서울특별시,,,
13c84290f556ed285b9e,full_annotation_v1,A,q_족발_06,족방,음식점 중 '족발'을 판매·제공하는 매장,val,족발,T6 기계변형,01b4c29a-69f3-48e6-a648-95c986bb863f,민주네식당,한식,남해전통시장,전통시장,경상남도,,,
d4ad17943d669074a858,full_annotation_v1,A,q_족발_06,족방,음식점 중 '족발'을 판매·제공하는 매장,val,족발,T6 기계변형,d2ee3382-78c8-40e6-b8f4-6f595ac05c5a,족통령!,족발통닭,풍향골 골목형상점가,골목형상점가,광주광역시,,,
efc5f7e2a3693c90da7e,full_annotation_v1,A,q_족발_06,족방,음식점 중 '족발'을 판매·제공하는 매장,val,족발,T6 기계변형,cfb9e7e7-f7e2-424f-a845-c7d026aeadd8,족발공장,족발,중앙신시장,전통시장,경상북도,,,
0ac1e486f8dfd6efc7b1,full_annotation_v1,A,q_족발_06,족방,음식점 중 '족발'을 판매·제공하는 매장,val,족발,T6 기계변형,7622fb0f-557b-4641-8de9-e25082388cc2,동곡상회,이불,송정매일시장,전통시장,광주광역시,,,
a6ea428e98e031e9e971,full_annotation_v1,A,q_족발_06,족방,음식점 중 '족발'을 판매·제공하는 매장,val,족발,T6 기계변형,00e45da9-1bb4-42fa-b0a8-63cdcea52143,수유중앙축산물백화점,정육,수유중앙시장,전통시장,서울특별시,,,
436432e599528e110347,full_annotation_v1,A,q_족발_06,족방,음식점 중 '족발'을 판매·제공하는 매장,val,족발,T6 기계변형,0c72c975-9033-4aec-acca-e0907d67af8c,대야식당,,익산구시장,전통시장,전북특별자치도,,,
106ac75fea8ddbe1d9c7,full_annotation_v1,A,q_족발_06,족방,음식점 중 '족발'을 판매·제공하는 매장,val,족발,T6 기계변형,3a213d7e-a943-4d49-a8df-944098ed2aca,국립밥물관,,장안마실골목형상점가,골목형상점가,서울특별시,,,
3c820f3aae5349ea6097,full_annotation_v1,A,q_족발_06,족방,음식점 중 '족발'을 판매·제공하는 매장,val,족발,T6 기계변형,05fe1193-d152-4060-986e-0d523afdbed7,족발애집,족발,장자호수공원 골목형상점가,골목형상점가,경기도,,,
088516f96015efae7d08,full_annotation_v1,A,q_족발_06,족방,음식점 중 '족발'을 판매·제공하는 매장,val,족발,T6 기계변형,f91b3ac4-66e5-4119-a1d0-24b6f124015c,광안다이닝,레스토랑,민락씨랜드시장,전통시장,부산광역시,,,
31a461f4c654c9d552a0,full_annotation_v1,A,q_족발_06,족방,음식점 중 '족발'을 판매·제공하는 매장,val,족발,T6 기계변형,77d2e308-7d6e-472d-9448-895f432f4030,꼬생방,,장흥중앙로 골목형상점가,골목형상점가,,,,
be706bfa6f12481b35a8,full_annotation_v1,A,q_족발_06,족방,음식점 중 '족발'을 판매·제공하는 매장,val,족발,T6 기계변형,d5f423f1-a767-46d8-bec4-769dfeb7202b,이한스토리,소매업(신발),잠실역지하쇼핑센터,일반지하상점가,서울특별시,,,
76466eeba5656d543ad0,full_annotation_v1,A,q_족발_06,족방,음식점 중 '족발'을 판매·제공하는 매장,val,족발,T6 기계변형,1363722d-f99b-4dc1-a460-f566257e82f9,족슐랭,족발 한식,진천혁신골목형상점가,골목형상점가,충청북도,,,
76e282941981115fa150,full_annotation_v1,A,q_족발_06,족방,음식점 중 '족발'을 판매·제공하는 매장,val,족발,T6 기계변형,00831405-3dce-4f59-90cd-81fc3f837a63,보광축산,정육,원당시장(구 원당전통시장),전통시장,경기도,,,
cdac5db1196ec360a477,full_annotation_v1,A,q_족발_06,족방,음식점 중 '족발'을 판매·제공하는 매장,val,족발,T6 기계변형,01b038d0-c4c7-40e8-ba71-b4406a191586,아라 맛짱네 족발보쌈,족발보쌈,돈암시장,전통시장,서울특별시,,,
6ecac545eebe0267a3f4,full_annotation_v1,A,q_족발_06,족방,음식점 중 '족발'을 판매·제공하는 매장,val,족발,T6 기계변형,256f159e-1ad9-48f8-b40b-2f31269bf57f,삼3오5,야식,화천재래시장,전통시장,강원특별자치도,,,
7cda62ccf2573d2e854b,full_annotation_v1,A,q_족발_06,족방,음식점 중 '족발'을 판매·제공하는 매장,val,족발,T6 기계변형,89202300-8ce0-4092-8022-77ea90b82423,족발천국,족발,박달시장,전통시장,경기도,,,
b757bd2fd0639396599f,full_annotation_v1,A,q_족발_06,족방,음식점 중 '족발'을 판매·제공하는 매장,val,족발,T6 기계변형,1250f4ab-b2fc-43b2-b6d6-62b463b6fa9d,족발마씸,족발,지범골목먹거리타운 골목형상점가,골목형상점가,대구광역시,,,
df92047c6cd56333cec8,full_annotation_v1,A,q_족발_06,족방,음식점 중 '족발'을 판매·제공하는 매장,val,족발,T6 기계변형,5b3df5b1-65f2-4ab3-ac58-e32f713e9c40,족발정,,석적중리 골목형상점가,골목형상점가,경상북도,,,
267b35ee3f967056d8fb,full_annotation_v1,A,q_족발_06,족방,음식점 중 '족발'을 판매·제공하는 매장,val,족발,T6 기계변형,a0a7278a-7f24-418b-b454-a30fcef54c84,족발나라,족발,수원못골종합시장,전통시장,경기도,,,
fb1423165d294007b24b,full_annotation_v1,A,q_족발_06,족방,음식점 중 '족발'을 판매·제공하는 매장,val,족발,T6 기계변형,0072ddc8-1b0b-4a64-b9d0-9eb309854f0c,오뚜기정육점,정육,김제중앙시장,전통시장,전북특별자치도,,,
0923e735f17e3b6a2226,full_annotation_v1,A,q_족발_06,족방,음식점 중 '족발'을 판매·제공하는 매장,val,족발,T6 기계변형,09de7e76-279f-42dd-8b15-f430ec19d69f,열정국밥,배달음식,"가락마을 1,2단지 골목형상점가(가락마을 1,2단지 상인회)",골목형상점가,세종특별자치시,,,
1d6cd2bde433a37ac487,full_annotation_v1,A,q_족발_06,족방,음식점 중 '족발'을 판매·제공하는 매장,val,족발,T6 기계변형,028e11ac-d687-483b-b4cf-8273aed2c3b8,바른보쌈1990,보쌈,서영대 정문 골목형상점가,골목형상점가,광주광역시,,,
30d385b6199d5b886229,full_annotation_v1,A,q_족발_06,족방,음식점 중 '족발'을 판매·제공하는 매장,val,족발,T6 기계변형,4cc276b4-416b-49f8-b64c-5e866cc2d1d0,족발삶는마을,족발,신금정시장 골목형 상점가,골목형상점가,부산광역시,,,
c899883fe9692ead346c,full_annotation_v1,A,q_족발_06,족방,음식점 중 '족발'을 판매·제공하는 매장,val,족발,T6 기계변형,8e55f144-a600-49dd-a017-9f62785551e5,족미당,족발 보쌈,상암동상점가,자율상권구역,서울특별시,,,
626fe4dd59c733bf55dc,full_annotation_v1,A,q_족발_06,족방,음식점 중 '족발'을 판매·제공하는 매장,val,족발,T6 기계변형,8bc15133-a581-4ed2-9c43-712eb27bdc57,족발천국,족발,상도전통시장,전통시장,서울특별시,,,
ead515a7835af6572c17,full_annotation_v1,A,q_족발_06,족방,음식점 중 '족발'을 판매·제공하는 매장,val,족발,T6 기계변형,d0e8d3c6-a85e-4ac4-91a3-2c04c74f988e,족발이다,족발,양산 나래메트로시티 골목형상점가,골목형상점가,경상남도,,,
901e40a89783e4865645,full_annotation_v1,A,q_족발_06,족방,음식점 중 '족발'을 판매·제공하는 매장,val,족발,T6 기계변형,8a6983a4-b588-414a-b418-d2bc20dc064f,술방,한식,"호성2길, 3길 골목형상점가",골목형상점가,전북특별자치도,,,
8666610a0ae51e4d46e8,full_annotation_v1,A,q_족발_06,족방,음식점 중 '족발'을 판매·제공하는 매장,val,족발,T6 기계변형,12cb0d18-6f73-4028-a9a8-0c03998eb7b4,심야식당,,맹동혁신골목형상점가,골목형상점가,충청북도,,,
ca86408f3db884614ee1,full_annotation_v1,A,q_족발_06,족방,음식점 중 '족발'을 판매·제공하는 매장,val,족발,T6 기계변형,e2d19550-1b0b-4dc1-ab43-17172115c030,족발광역시,족발,팔등로기부거리,골목형상점가,울산광역시,,,
53c3391f8b099c29d131,full_annotation_v1,A,q_족발_06,족방,음식점 중 '족발'을 판매·제공하는 매장,val,족발,T6 기계변형,c67a9114-3bac-4c3d-85bb-1ed8a1913579,족발나라,족발,"온양온천시장(온양재래시장, 전통시장)",전통시장,충청남도,,,
fa77f4cde305526a7e2b,full_annotation_v1,A,q_족발_06,족방,음식점 중 '족발'을 판매·제공하는 매장,val,족발,T6 기계변형,a1fe0f36-19a6-4e5e-b4d5-97ec51400c23,족발김사부,족발,조원복길골목형상점가,골목형상점가,서울특별시,,,
77656cdd11dc5f291350,full_annotation_v1,A,q_족발_06,족방,음식점 중 '족발'을 판매·제공하는 매장,val,족발,T6 기계변형,025b7d36-94e1-4d2d-97b3-93a81122fcdf,가루,족발 보쌈 막국수,영등포구청역 3번출구 골목형상점가,골목형상점가,서울특별시,,,
d4deef0b20e10a2bf598,full_annotation_v1,A,q_족발_06,족방,음식점 중 '족발'을 판매·제공하는 매장,val,족발,T6 기계변형,7b5515a9-22d4-419a-8d79-69cae2657a52,족의한수,족발,신창호반,골목형상점가,광주광역시,,,
2c2a9538ba3aae78367c,full_annotation_v1,A,q_족발_06,족방,음식점 중 '족발'을 판매·제공하는 매장,val,족발,T6 기계변형,17352706-df34-4921-915a-7c8231e5dd83,장끄방,한식,광복마을길 골목형상점가,골목형상점가,광주광역시,,,
24473a88604b50d73c4d,full_annotation_v1,A,q_족발_06,족방,음식점 중 '족발'을 판매·제공하는 매장,val,족발,T6 기계변형,c704f88d-4ea8-40a2-bce2-23af9ac7c7eb,팔방,한식,남이동길골목형상점가,골목형상점가,서울특별시,,,
3bedcd98ee07fc70e7bd,full_annotation_v1,A,q_족발_06,족방,음식점 중 '족발'을 판매·제공하는 매장,val,족발,T6 기계변형,c3b2d60d-229b-4feb-8aa3-20526f3c6052,족발사랑,족발,구봉산길 골목형상점가,골목형상점가,대전광역시,,,
c3b9333a36db5428e578,full_annotation_v1,A,q_족발_06,족방,음식점 중 '족발'을 판매·제공하는 매장,val,족발,T6 기계변형,0008f8f4-4c6e-4c4a-ad64-76aaea3d2d18,대성정육점,정육,평택국제중앙시장,전통시장,경기도,,,
786d7de371304cfce950,full_annotation_v1,A,q_족발_06,족방,음식점 중 '족발'을 판매·제공하는 매장,val,족발,T6 기계변형,7675d045-4bbb-4115-96b3-4d75b7c836bc,글로우네일(Glow Nail),,전남대후문골목형상점가,골목형상점가,광주광역시,,,
433f370ffe98b85171a7,full_annotation_v1,A,q_족발_06,족방,음식점 중 '족발'을 판매·제공하는 매장,val,족발,T6 기계변형,4d5fe945-41f6-4a7e-afe3-73306bc3770e,족발킹,한식,덕풍전통시장,전통시장,경기도,,,
1bab904414c4fd55a9c8,full_annotation_v1,A,q_족발_06,족방,음식점 중 '족발'을 판매·제공하는 매장,val,족발,T6 기계변형,4d492a42-2e57-40b8-a959-b4ed073e99f9,신용상회,과일,부산새벽시장,전통시장,부산광역시,,,
3bb9ff12c71d1fa6e5bf,full_annotation_v1,A,q_족발_06,족방,음식점 중 '족발'을 판매·제공하는 매장,val,족발,T6 기계변형,1a8f19ad-dc06-4bc5-a9c2-9e62f969b978,튀겨방,,대포항골목형상점가B,골목형상점가,강원특별자치도,,,
ed9e915e0e396d4c81d3,full_annotation_v1,A,q_족발_06,족방,음식점 중 '족발'을 판매·제공하는 매장,val,족발,T6 기계변형,4cad0c85-b857-4196-954d-97d375a398ee,족대장,족발,의정부제일시장,전통시장,경기도,,,
528acd9328a94411a083,full_annotation_v1,A,q_족발_06,족방,음식점 중 '족발'을 판매·제공하는 매장,val,족발,T6 기계변형,00a5a31e-6208-4900-9553-18f188bfcbfc,올바른고깃간일곡점,정육점,일곡동 골목형상점가,골목형상점가,광주광역시,,,
d87be5b26725286a09ab,full_annotation_v1,A,q_족발_06,족방,음식점 중 '족발'을 판매·제공하는 매장,val,족발,T6 기계변형,195fa427-5041-4592-bbd8-75c659ce9bcf,돼지야!달려간다,한식 배달,용주로사랑길 골목형상점가,골목형상점가,광주광역시,,,
b6d8f134c1339c4d3917,full_annotation_v1,A,q_족발_06,족방,음식점 중 '족발'을 판매·제공하는 매장,val,족발,T6 기계변형,18fcaf30-b94f-4d0e-9eba-de9a5db63b82,해피크린 유촌버들점,세탁뭄ㄹ수거배달,버들마을상인회 골목형상점가,골목형상점가,광주광역시,,,
d0ca62e040d935a0db79,full_annotation_v1,A,q_족발_06,족방,음식점 중 '족발'을 판매·제공하는 매장,val,족발,T6 기계변형,1f04b9fa-c6d7-46d2-97b3-7c96b99bbb45,한식공방,,보성시장,전통시장,제주특별자치도,,,
fdd4b9d5a6f83dc458df,full_annotation_v1,A,q_족발_06,족방,음식점 중 '족발'을 판매·제공하는 매장,val,족발,T6 기계변형,04057e3f-517b-43b5-a1df-62cef13b98c1,구만족발보쌈,족발보쌈,부전상가시장,전통시장,부산광역시,,,
786a48777dc07712fe06,full_annotation_v1,A,q_족발_06,족방,음식점 중 '족발'을 판매·제공하는 매장,val,족발,T6 기계변형,13cc90d3-7ddc-4aa2-9c04-367688c2ae22,아영이네 반찬,,가락골 골목형상점가,골목형상점가,서울특별시,,,
c7728487790b435ca9d1,full_annotation_v1,A,q_족발_06,족방,음식점 중 '족발'을 판매·제공하는 매장,val,족발,T6 기계변형,40bf9305-b031-40a8-aaca-b7d6302153d5,족발예찬,족발,첨단이웃사랑 골목형상점가,골목형상점가,광주광역시,,,
c6bbc01b2803393f840e,full_annotation_v1,A,q_족발_06,족방,음식점 중 '족발'을 판매·제공하는 매장,val,족발,T6 기계변형,1e386222-e23b-49b2-a285-66834fbfc965,미쳐스닭발 현리점,야식,조종시장,전통시장,경기도,,,
e7709619b903fb5e7b5c,full_annotation_v1,A,q_족발_06,족방,음식점 중 '족발'을 판매·제공하는 매장,val,족발,T6 기계변형,f0144ae8-6f7f-4fc7-8241-618350eabb09,족발삼촌,족발,창원 성원그랜드쇼핑상가,전통시장,경상남도,,,
754659caee58d4d895ab,full_annotation_v1,A,q_족발_06,족방,음식점 중 '족발'을 판매·제공하는 매장,val,족발,T6 기계변형,0a12d1ae-a606-4bc1-97ab-f35a563b097a,배달마켓,치킨 야식,양양로 골목형상점가,골목형상점가,강원특별자치도,,,
ad1b8c30d0841bc80537,full_annotation_v1,A,q_족발_06,족방,음식점 중 '족발'을 판매·제공하는 매장,val,족발,T6 기계변형,3190a144-5906-41f3-b801-b0ba68abf3d1,육회바른연어,,전남대후문골목형상점가,골목형상점가,광주광역시,,,
102bb5fcd426457eba93,full_annotation_v1,A,q_족발_06,족방,음식점 중 '족발'을 판매·제공하는 매장,val,족발,T6 기계변형,eff16fb9-81ef-4be5-9210-77d0a19c1937,족세권,족발보쌈,새샘하루 골목형상점가,골목형상점가,세종특별자치시,,,
e1ae063c0ed2b4b4ed86,full_annotation_v1,A,q_족발_06,족방,음식점 중 '족발'을 판매·제공하는 매장,val,족발,T6 기계변형,0032a869-f135-4f13-8f52-eba4a9c3152e,장충동뚱뚱이할머니족발보쌈,족발 보쌈,원효 골목형상점가,골목형상점가,서울특별시,,,
ddba136dfc4e613093cb,full_annotation_v1,A,q_족발_06,족방,음식점 중 '족발'을 판매·제공하는 매장,val,족발,T6 기계변형,134b3f17-1970-4eca-9e8f-e06a5aecedb8,세탁갤러리(용봉점),세탁물 수거배달,매봉 골목형상점가,골목형상점가,광주광역시,,,
5ab34f70b962e9491db7,full_annotation_v1,A,q_족발_06,족방,음식점 중 '족발'을 판매·제공하는 매장,val,족발,T6 기계변형,bfb2ef9e-6a66-4e0b-a3c2-274265b59289,족찌,한식,다산지금상점가,골목형상점가,경기도,,,
884becf17d8b1afd92f1,full_annotation_v1,A,q_족발_06,족방,음식점 중 '족발'을 판매·제공하는 매장,val,족발,T6 기계변형,7111731c-9ab8-4dc0-9175-42f0f962f7f5,형제족발,족방,부평종합시장,전통시장,인천광역시,,,
4228d7cf8462f458652b,full_annotation_v1,A,q_족발_06,족방,음식점 중 '족발'을 판매·제공하는 매장,val,족발,T6 기계변형,ca751cb2-6743-414c-8104-1e2028a242bd,족발중독,족발,부곡맛고을상가,자율상권구역,경상북도,,,
d7ff7489fa494906c6e1,full_annotation_v1,A,q_족발_06,족방,음식점 중 '족발'을 판매·제공하는 매장,val,족발,T6 기계변형,23de5e3f-d511-47ca-ba4b-bdce83e0420e,덕수종합식품,"수산물, 건어물",아랫장,전통시장,전라남도,,,
9593801b6383533be2ec,full_annotation_v1,A,q_족발_06,족방,음식점 중 '족발'을 판매·제공하는 매장,val,족발,T6 기계변형,67e0b46c-d0ad-4b08-b961-74f1ddf82eb4,무지개팥죽,분식,김제중앙시장,전통시장,전북특별자치도,,,
35ce8859015809c4ea4b,full_annotation_v1,A,q_족발_06,족방,음식점 중 '족발'을 판매·제공하는 매장,val,족발,T6 기계변형,e0eb24ff-293c-4d80-a4cb-5549acf867c5,족발처럼,족발,영주골목시장,전통시장,경상북도,,,
ba8361b121da650a9092,full_annotation_v1,A,q_족발_06,족방,음식점 중 '족발'을 판매·제공하는 매장,val,족발,T6 기계변형,70ef4ba8-7a5f-4fd9-81b5-e735cd10c38a,족발시대,족발,중동사랑시장,전통시장,경기도,,,
132990c92e49586e3bbf,full_annotation_v1,A,q_족발_06,족방,음식점 중 '족발'을 판매·제공하는 매장,val,족발,T6 기계변형,36aa6be6-d9f0-4dcf-84db-b05b9c300348,족마담,,오룡번영 골목형상점가,골목형상점가,,,,
dce5a160ce88566782b9,full_annotation_v1,A,q_족발_06,족방,음식점 중 '족발'을 판매·제공하는 매장,val,족발,T6 기계변형,d2125ccc-52c1-491d-b929-1352afd1ce90,족,음식점,경서골목형상점가,골목형상점가,인천광역시,,,
3f549d7b834455613dd6,full_annotation_v1,A,q_족발_06,족방,음식점 중 '족발'을 판매·제공하는 매장,val,족발,T6 기계변형,0caa23cc-fd23-4722-998b-a412d71d184a,장수농산물,도매및소매업(농수산물),안양중앙인정시장,전통시장,경기도,,,
8182270da9cae3e2808f,full_annotation_v1,A,q_족발_06,족방,음식점 중 '족발'을 판매·제공하는 매장,val,족발,T6 기계변형,0bd7a5db-8727-46ac-b24c-8190726cd8c4,족팔계,족발,인헌시장,전통시장,서울특별시,,,
92c7cbc6a83e106d848b,full_annotation_v1,A,q_족발_06,족방,음식점 중 '족발'을 판매·제공하는 매장,val,족발,T6 기계변형,222043b2-93cf-45ad-8b92-2af23d4eb093,족발마을,족발,충효어린이공원 골목형상점가,골목형상점가,광주광역시,,,
321282f9d24c92dfc42a,full_annotation_v1,A,q_족발_06,족방,음식점 중 '족발'을 판매·제공하는 매장,val,족발,T6 기계변형,22e312cf-b753-4e7a-9aa3-96a7836b99e2,루나스튜디오,스튜디오,대봉동웨딩거리상점가,자율상권구역,대구광역시,,,
2c46c17f855762e73ee3,full_annotation_v1,A,q_족발_06,족방,음식점 중 '족발'을 판매·제공하는 매장,val,족발,T6 기계변형,6bed68eb-1904-4ca5-b76b-29a5de8ad728,독보족,족발,하단자율상권구역,기타,부산광역시,,,
4381326714d64cea257d,full_annotation_v1,A,q_족발_06,족방,음식점 중 '족발'을 판매·제공하는 매장,val,족발,T6 기계변형,7d93a036-5193-4ea5-a02d-07d17ee9c021,군산수산,생선,김제중앙시장,전통시장,전북특별자치도,,,
fcccfbbb451889e26e56,full_annotation_v1,A,q_종교용품_01,불교용품,문화·여가 중 '종교용품'을 판매·제공하는 매장,test,종교용품,T3 개념확장,c4f07b09-9ae9-4a85-a17d-7ece1af7eeed,다모아불교,불교용품,강진읍 상권활성화구역,상권활성화구역,전라남도,,,
e171466625665e742b0c,full_annotation_v1,A,q_종교용품_01,불교용품,문화·여가 중 '종교용품'을 판매·제공하는 매장,test,종교용품,T3 개념확장,e0ff6193-7119-4859-acdc-1ace4c8d66d2,천안불교상회,불교용품,천안중앙시장,전통시장,충청남도,,,
5fd2a36489968f81cca7,full_annotation_v1,A,q_종교용품_01,불교용품,문화·여가 중 '종교용품'을 판매·제공하는 매장,test,종교용품,T3 개념확장,cf14c432-b278-4c40-85ea-cba6a71a041c,금조원,불교용품,진주 청과시장,전통시장,경상남도,,,
fb8966b49c7e1ccd6156,full_annotation_v1,A,q_종교용품_01,불교용품,문화·여가 중 '종교용품'을 판매·제공하는 매장,test,종교용품,T3 개념확장,5542d596-633a-4049-a64a-2c36e34d27e1,불교서원,불교용품,전남여고후문 골목형상점가,골목형상점가,광주광역시,,,
b7aa5bad93cbdd5723fb,full_annotation_v1,A,q_종교용품_01,불교용품,문화·여가 중 '종교용품'을 판매·제공하는 매장,test,종교용품,T3 개념확장,321aaa10-5e79-4371-8ad2-d08b3d410dba,해음공방&불교용품,불교용품,예천상설시장,전통시장,경상북도,,,
02a20e5e6fad81d250f1,full_annotation_v1,A,q_종교용품_01,불교용품,문화·여가 중 '종교용품'을 판매·제공하는 매장,test,종교용품,T3 개념확장,199ad23a-1e64-476c-9f47-155a2fbe580a,중앙불교사,불교용품,옥골시장,전통시장,울산광역시,,,
ee991ec9f6cc24b9d14a,full_annotation_v1,A,q_종교용품_01,불교용품,문화·여가 중 '종교용품'을 판매·제공하는 매장,test,종교용품,T3 개념확장,7b3c73c1-09d2-4cc6-9e05-4319bd7ef1ea,중앙불교,불교용품,중앙상가시장,전통시장,대전광역시,,,
b2c3507010600cc20962,full_annotation_v1,A,q_종교용품_01,불교용품,문화·여가 중 '종교용품'을 판매·제공하는 매장,test,종교용품,T3 개념확장,d20a14e0-57e8-44af-8c56-0a379731a86b,영남불교사,불교용품,진주 새서부시장,전통시장,경상남도,,,
5d26a6fb11ce61084606,full_annotation_v1,A,q_종교용품_01,불교용품,문화·여가 중 '종교용품'을 판매·제공하는 매장,test,종교용품,T3 개념확장,ba13a74a-6434-41f5-a47f-2f670018a5ea,고탁상회,불교용품,봉덕신시장,전통시장,대구광역시,,,
a317ea3ac3c01dfd2861,full_annotation_v1,A,q_종교용품_01,불교용품,문화·여가 중 '종교용품'을 판매·제공하는 매장,test,종교용품,T3 개념확장,3414150b-c475-475f-bda3-59e0bf583500,광주불교사,불교용품,병무청인근 골목형상점가,골목형상점가,광주광역시,,,
3dba237572c043c54e87,full_annotation_v1,A,q_종교용품_01,불교용품,문화·여가 중 '종교용품'을 판매·제공하는 매장,test,종교용품,T3 개념확장,0b359bf6-53ac-4d57-8399-237ade293156,성원불교,불교용품,용인중앙시장,전통시장,경기도,,,
56f5155360db9c51ca2b,full_annotation_v1,A,q_종교용품_01,불교용품,문화·여가 중 '종교용품'을 판매·제공하는 매장,test,종교용품,T3 개념확장,f5d1a88a-aaeb-4f24-8ef8-a61ac43eb50d,여주상회,불교용품,황지자유시장,전통시장,강원특별자치도,,,
f63fa67c6256fd706858,full_annotation_v1,A,q_종교용품_01,불교용품,문화·여가 중 '종교용품'을 판매·제공하는 매장,test,종교용품,T3 개념확장,d9acd662-e781-47de-b1de-ff92515b28a1,하남불교용품,불교용품,달아실 골목형상점가,골목형상점가,광주광역시,,,
579a34fa5ebe6146e4a3,full_annotation_v1,A,q_종교용품_01,불교용품,문화·여가 중 '종교용품'을 판매·제공하는 매장,test,종교용품,T3 개념확장,e3d4f983-64c1-4900-8663-5f82356a5548,중앙불교사,불교용품,강릉중앙시장,전통시장,강원특별자치도,,,
e5ae7c08d8b46eb53773,full_annotation_v1,A,q_종교용품_01,불교용품,문화·여가 중 '종교용품'을 판매·제공하는 매장,test,종교용품,T3 개념확장,a3573ef3-da04-48f0-ae61-99893cf33a9f,삼보불교사,불교용품 서적,안동광석거리 골목형상점가,골목형상점가,경상북도,,,
669063d11c2ad878650e,full_annotation_v1,A,q_종교용품_01,불교용품,문화·여가 중 '종교용품'을 판매·제공하는 매장,test,종교용품,T3 개념확장,09f09c25-a125-40c1-bacc-47a96cae0bf0,즐거운마트,마트,법동시장,전통시장,대전광역시,,,
63c77ee9f9497006cd9c,full_annotation_v1,A,q_종교용품_01,불교용품,문화·여가 중 '종교용품'을 판매·제공하는 매장,test,종교용품,T3 개념확장,7ae40be4-dd27-4713-92d0-3568354a1045,해원당,불교용품,전평제상인회 골목형상점가,골목형상점가,광주광역시,,,
f3d0e1a560d9efbb1e15,full_annotation_v1,A,q_종교용품_01,불교용품,문화·여가 중 '종교용품'을 판매·제공하는 매장,test,종교용품,T3 개념확장,4ae07c15-a5f7-47bf-8bef-ba7737d74287,천관 불교용품점,불교용품,풍향골 골목형상점가,골목형상점가,광주광역시,,,
02afe07313518140dd0d,full_annotation_v1,A,q_종교용품_01,불교용품,문화·여가 중 '종교용품'을 판매·제공하는 매장,test,종교용품,T3 개념확장,7a2f74db-af33-4784-ba85-58c937a4fbb4,경북유기상회,불교용품,문경중앙시장,전통시장,경상북도,,,
4532f7767c4c3cf4988e,full_annotation_v1,A,q_종교용품_01,불교용품,문화·여가 중 '종교용품'을 판매·제공하는 매장,test,종교용품,T3 개념확장,236dd5d8-b075-4149-8646-971204111678,관음불교전시관,불교용품,안동광석거리 골목형상점가,골목형상점가,경상북도,,,
8ee13cfd9e041a691902,full_annotation_v1,A,q_종교용품_01,불교용품,문화·여가 중 '종교용품'을 판매·제공하는 매장,test,종교용품,T3 개념확장,03b1479f-19ea-4f3c-9c5a-d6a062753699,성불당 불교용품점,불교용품 및 종교용품,양동산업용품시장,전통시장,광주광역시,,,
322ccea0e211613cd6ce,full_annotation_v1,A,q_종교용품_01,불교용품,문화·여가 중 '종교용품'을 판매·제공하는 매장,test,종교용품,T3 개념확장,02277aa5-a24f-4e92-a78b-27ede7298a87,현대만물,불교용품,송림골 골목형상점가,골목형상점가,인천광역시,,,
477e2560b375344c0155,full_annotation_v1,A,q_종교용품_01,불교용품,문화·여가 중 '종교용품'을 판매·제공하는 매장,test,종교용품,T3 개념확장,1580e7d9-1121-4a47-8350-85c36ac912a3,성불사,불교용품,봉덕신시장,전통시장,대구광역시,,,
2eca084ba6fdd13b3e82,full_annotation_v1,A,q_종교용품_01,불교용품,문화·여가 중 '종교용품'을 판매·제공하는 매장,test,종교용품,T3 개념확장,87abd4ed-e70e-4b0d-b6f0-9f492febc29b,대성사,불교용품,동산상가,전통시장,대구광역시,,,
88e5824530a4c5c7202c,full_annotation_v1,A,q_종교용품_01,불교용품,문화·여가 중 '종교용품'을 판매·제공하는 매장,test,종교용품,T3 개념확장,a24b3de4-01f8-4007-9b2d-cd2eb69c56a0,시루,떡,부곡맛고을상가,자율상권구역,경상북도,,,
c0920be723ddd42ff7b5,full_annotation_v1,A,q_종교용품_01,불교용품,문화·여가 중 '종교용품'을 판매·제공하는 매장,test,종교용품,T3 개념확장,8aead1f9-7f7f-41d8-a153-19bcfc5c3881,하동불교사,불교용품,하동공설시장,전통시장,경상남도,,,
bb860f7c0974c0dd2bb8,full_annotation_v1,A,q_종교용품_01,불교용품,문화·여가 중 '종교용품'을 판매·제공하는 매장,test,종교용품,T3 개념확장,9cf99a1c-284d-4b4a-8a8a-c810fb29ef10,지에스25 유성마젤란,공산품,봉명동우산거리 골목형상점가,골목형상점가,대전광역시,,,
81f1130c12da79827562,full_annotation_v1,A,q_종교용품_01,불교용품,문화·여가 중 '종교용품'을 판매·제공하는 매장,test,종교용품,T3 개념확장,003d5df8-0856-45e0-a11e-5098cf70541e,앨리스리본&공방,"공방, 잡화",봉화내성시장,전통시장,경상북도,,,
bf213ec86b3da3373aba,full_annotation_v1,A,q_종교용품_01,불교용품,문화·여가 중 '종교용품'을 판매·제공하는 매장,test,종교용품,T3 개념확장,00242042-f371-486a-a1fc-b85de093edbf,슈올즈 이천점,"신발, 잡화",장터거리시장 골목형상점가,골목형상점가,경기도,,,
7bbd0556affc83545009,full_annotation_v1,A,q_종교용품_01,불교용품,문화·여가 중 '종교용품'을 판매·제공하는 매장,test,종교용품,T3 개념확장,8aac54fb-551c-4394-a4d7-8f644a3bf003,영신당,불교용품,병무청인근 골목형상점가,골목형상점가,광주광역시,,,
acca57e7661f756e07f9,full_annotation_v1,A,q_종교용품_01,불교용품,문화·여가 중 '종교용품'을 판매·제공하는 매장,test,종교용품,T3 개념확장,693dd5bf-72f9-4420-9619-c03025fb92d8,금성상회,불교용품,양동시장,전통시장,광주광역시,,,
e36d75329efbf3480a4c,full_annotation_v1,A,q_종교용품_01,불교용품,문화·여가 중 '종교용품'을 판매·제공하는 매장,test,종교용품,T3 개념확장,7b28880f-6056-4b11-b7b9-c04547b806ba,관음불교사,불교용품,평택통복시장,전통시장,경기도,,,
a681e014569dcba15c93,full_annotation_v1,A,q_종교용품_01,불교용품,문화·여가 중 '종교용품'을 판매·제공하는 매장,test,종교용품,T3 개념확장,9d5db2e9-3856-4a1d-9edc-932db1ef9309,제일불교마트,불교용품,부평종합시장,전통시장,인천광역시,,,
6912839054cd5d067138,full_annotation_v1,A,q_종교용품_01,불교용품,문화·여가 중 '종교용품'을 판매·제공하는 매장,test,종교용품,T3 개념확장,db1bd2fc-d535-444c-9045-4dbc80c6e368,부창불교상회,불교용품,마산 부림시장,전통시장,경상남도,,,
108eb0df50b5f4eb8ac3,full_annotation_v1,A,q_종교용품_01,불교용품,문화·여가 중 '종교용품'을 판매·제공하는 매장,test,종교용품,T3 개념확장,824031ff-0b96-4686-bdff-661a2da4bf5a,춘향불교만물상,불교용품,두암초주변 골목형상점가,골목형상점가,광주광역시,,,
52f6061a5a12143ef875,full_annotation_v1,A,q_종교용품_01,불교용품,문화·여가 중 '종교용품'을 판매·제공하는 매장,test,종교용품,T3 개념확장,e4f17f3a-9152-4988-9c36-e11fdebbcffb,소원불교사,불교용품,사천 삼천포종합시장,전통시장,경상남도,,,
9352f2f761b1927aabe8,full_annotation_v1,A,q_종교용품_01,불교용품,문화·여가 중 '종교용품'을 판매·제공하는 매장,test,종교용품,T3 개념확장,79447138-57ed-41e8-9732-06549a50b4b1,대원불교용품,불교용품,두암2동 골목형상점가,골목형상점가,광주광역시,,,
90c1fb86a229e82cf525,full_annotation_v1,A,q_종교용품_01,불교용품,문화·여가 중 '종교용품'을 판매·제공하는 매장,test,종교용품,T3 개념확장,e270d36d-b39f-4bfe-a34a-b478703a73a8,가야불교사,불교용품,도마큰시장,전통시장,대전광역시,,,
362f9b5f60b2cd659ea0,full_annotation_v1,A,q_종교용품_01,불교용품,문화·여가 중 '종교용품'을 판매·제공하는 매장,test,종교용품,T3 개념확장,06a19257-347a-407e-a76e-2a148a053dd6,주식회사 성보유통,마트,안산다농마트전통시장,전통시장,경기도,,,
44d6c97fc2ff4576dd0b,full_annotation_v1,A,q_종교용품_01,불교용품,문화·여가 중 '종교용품'을 판매·제공하는 매장,test,종교용품,T3 개념확장,0afb1f69-f709-4fcc-ad15-da7928ee8639,주식회사 장원(대하마트),마트,이중섭거리 명동로상가,골목형상점가,제주특별자치도,,,
1e43c16069279cf84a29,full_annotation_v1,A,q_종교용품_01,불교용품,문화·여가 중 '종교용품'을 판매·제공하는 매장,test,종교용품,T3 개념확장,0c2c2ca0-e8c5-40bf-bc2a-a3b2d7e7f0b8,관광마트,마트,신진항 골목형상점가,골목형상점가,충청남도,,,
76695d3c811e6eb87203,full_annotation_v1,A,q_종교용품_01,불교용품,문화·여가 중 '종교용품'을 판매·제공하는 매장,test,종교용품,T3 개념확장,c33f35c4-0784-4ac8-8777-20589099528a,내장불교사,불교용품,정읍샘고을시장,전통시장,전북특별자치도,,,
4b6f496ff451bbbd9110,full_annotation_v1,A,q_종교용품_01,불교용품,문화·여가 중 '종교용품'을 판매·제공하는 매장,test,종교용품,T3 개념확장,26d6e64a-8ac2-4d40-b421-4d04b6dd0a54,삼천리자전거 조암점,자전거,조암시장,전통시장,경기도,,,
06ba20d3f29c749baa34,full_annotation_v1,A,q_종교용품_01,불교용품,문화·여가 중 '종교용품'을 판매·제공하는 매장,test,종교용품,T3 개념확장,41536a05-18a1-40ae-8069-6dee30346ab5,비앤제이골프,스포츠용품,중계 씨앤미 상가,자율상권구역,서울특별시,,,
f6867b4d677409c03075,full_annotation_v1,A,q_종교용품_01,불교용품,문화·여가 중 '종교용품'을 판매·제공하는 매장,test,종교용품,T3 개념확장,9368fff9-976a-4e39-bdbf-680b5294fa66,청송불교백화점내4호,불교용품,칠성상가시장,전통시장,대구광역시,,,
736d6b8a4d836eee4cee,full_annotation_v1,A,q_종교용품_01,불교용품,문화·여가 중 '종교용품'을 판매·제공하는 매장,test,종교용품,T3 개념확장,6a1a38f6-15c8-48a1-a8f1-2bf6899515d9,DC클럽,잡화,성서와룡시장,전통시장,대구광역시,,,
1e3b86a559508311d4f3,full_annotation_v1,A,q_종교용품_01,불교용품,문화·여가 중 '종교용품'을 판매·제공하는 매장,test,종교용품,T3 개념확장,001bacc9-5a95-4049-babd-6691512d8da0,백두사,잡화,장량성도시장,전통시장,경상북도,,,
7664bdf8cbbffd4ce090,full_annotation_v1,A,q_종교용품_01,불교용품,문화·여가 중 '종교용품'을 판매·제공하는 매장,test,종교용품,T3 개념확장,bd209edd-4de0-4f09-abaf-2cadb2297b53,영도불교종합전시장,불교용품,남항시장,전통시장,부산광역시,,,
7f55064cd762c439f2bb,full_annotation_v1,A,q_종교용품_01,불교용품,문화·여가 중 '종교용품'을 판매·제공하는 매장,test,종교용품,T3 개념확장,554981a9-c2f6-43e4-833b-efec9ca0b3f1,중앙마트반찬,반찬,대림중앙시장,전통시장,서울특별시,,,
d73b26e53171fcbaba6a,full_annotation_v1,A,q_종교용품_01,불교용품,문화·여가 중 '종교용품'을 판매·제공하는 매장,test,종교용품,T3 개념확장,87369dbd-d178-431e-a2da-f91b050f3ece,종합만울,불교용품,남부종합시장,전통시장,인천광역시,,,
72421abf5366cf19aeab,full_annotation_v1,A,q_종교용품_01,불교용품,문화·여가 중 '종교용품'을 판매·제공하는 매장,test,종교용품,T3 개념확장,7e047713-9f6c-4225-843a-e75936d41f7c,세명불교사,불교용품,㈜신정시장,전통시장,울산광역시,,,
8d5a1d544452cd6b9024,full_annotation_v1,A,q_종교용품_01,불교용품,문화·여가 중 '종교용품'을 판매·제공하는 매장,test,종교용품,T3 개념확장,3de15f66-74af-4c12-8bf6-17187e84845e,소연즉석두부,제조업(두부),송탄시장(송북시장),전통시장,경기도,,,
de01c0303d953f306bb9,full_annotation_v1,A,q_종교용품_01,불교용품,문화·여가 중 '종교용품'을 판매·제공하는 매장,test,종교용품,T3 개념확장,e681efe8-6e22-4f38-aa92-05f67c065126,영계치킨춘천점,치킨,후평일단지시장,전통시장,강원특별자치도,,,
18674d239ae99addf4a4,full_annotation_v1,A,q_종교용품_01,불교용품,문화·여가 중 '종교용품'을 판매·제공하는 매장,test,종교용품,T3 개념확장,95fe801d-f989-45b4-9506-f83406e80da2,광불만물사,불교용품,청주북부시장,전통시장,충청북도,,,
aa94babe9ba1ad9cff1b,full_annotation_v1,A,q_종교용품_01,불교용품,문화·여가 중 '종교용품'을 판매·제공하는 매장,test,종교용품,T3 개념확장,30d02da2-3f4f-48f1-bcc2-5b6067d44088,대원불교사,불교용품,장천동상가,자율상권구역,전라남도,,,
523ce468aefc0a7627d0,full_annotation_v1,A,q_종교용품_01,불교용품,문화·여가 중 '종교용품'을 판매·제공하는 매장,test,종교용품,T3 개념확장,0054b824-eb72-4efa-a1ba-40d467c899a5,수정상회,잡화,중앙전통시장,전통시장,울산광역시,,,
df51280368ba26a09dd5,full_annotation_v1,A,q_종교용품_01,불교용품,문화·여가 중 '종교용품'을 판매·제공하는 매장,test,종교용품,T3 개념확장,a2d9f959-9978-4797-ae6e-52deb0ccd3fd,봉황사,불교용품 서적,서대구시장,전통시장,대구광역시,,,
735d025736b4cc2652d6,full_annotation_v1,A,q_종교용품_01,불교용품,문화·여가 중 '종교용품'을 판매·제공하는 매장,test,종교용품,T3 개념확장,003747e4-8102-4296-bfdf-b7ca7c1f83fa,평화잡화,잡화,부산평화시장,전통시장,부산광역시,,,
86571cdc9a11a72cad26,full_annotation_v1,A,q_종교용품_01,불교용품,문화·여가 중 '종교용품'을 판매·제공하는 매장,test,종교용품,T3 개념확장,da642442-734a-4e64-b5f4-b0997f7c7482,로얄뷰티갤러리,불교용품,제주로얄쇼핑센터,자율상권구역,제주특별자치도,,,
7758ef365d6029bbe85b,full_annotation_v1,A,q_종교용품_01,불교용품,문화·여가 중 '종교용품'을 판매·제공하는 매장,test,종교용품,T3 개념확장,d1e0b703-1167-4e03-b58a-39820804d30f,봉성만물상,불교용품,금촌문화로시장,전통시장,경기도,,,
b93b1c98f73add64c5d1,full_annotation_v1,A,q_종교용품_01,불교용품,문화·여가 중 '종교용품'을 판매·제공하는 매장,test,종교용품,T3 개념확장,7d01b1ae-c27d-4dda-8bfa-215f22702b4c,동양불교,불교용품,남원공설시장,전통시장,전북특별자치도,,,
e27bb075d63a3e8bb81e,full_annotation_v1,A,q_종교용품_01,불교용품,문화·여가 중 '종교용품'을 판매·제공하는 매장,test,종교용품,T3 개념확장,0ae965c8-0423-4971-af91-5fbd7b36ff4d,90리퍼브,마트,지중해마을 골목형상점가,골목형상점가,충청남도,,,
6b56f2669b1fca75c35a,full_annotation_v1,A,q_종교용품_01,불교용품,문화·여가 중 '종교용품'을 판매·제공하는 매장,test,종교용품,T3 개념확장,c4e7095f-2288-4ae0-aa1f-f7e6270639ad,영남유기,불교용품,충주자유시장,전통시장,충청북도,,,
0a20f5c0378b0e44fbc3,full_annotation_v1,A,q_종교용품_01,불교용품,문화·여가 중 '종교용품'을 판매·제공하는 매장,test,종교용품,T3 개념확장,91b71194-274e-4335-8b48-a56f7b42d12a,관음불교사,불교용품,동쪽바다중앙시장(구 동해중앙시장),전통시장,강원특별자치도,,,
fa2e69a37ec3a1758bc7,full_annotation_v1,A,q_종교용품_01,불교용품,문화·여가 중 '종교용품'을 판매·제공하는 매장,test,종교용품,T3 개념확장,ec34a4d2-41e1-44d2-a6f1-03bd985b35a5,나영만물,불교용품,신장전통시장,전통시장,경기도,,,
6a3991a5036ddb3a7394,full_annotation_v1,A,q_종교용품_01,불교용품,문화·여가 중 '종교용품'을 판매·제공하는 매장,test,종교용품,T3 개념확장,b216f60b-10ff-47d7-88ea-cdaddb60a730,운성불교,"농산물, 불교용품",문창시장,전통시장,대전광역시,,,
66537e0f6224437a4b2a,full_annotation_v1,A,q_종교용품_01,불교용품,문화·여가 중 '종교용품'을 판매·제공하는 매장,test,종교용품,T3 개념확장,6ca558b1-87ec-4bcf-834a-6473a84f905b,해동불교,불교용품,칠성시장,전통시장,대구광역시,,,
462dc3351f2d468be04d,full_annotation_v1,A,q_종교용품_02,제사용품 사는 곳,문화·여가 중 '종교용품'을 판매·제공하는 매장,test,종교용품,T4 구어·문장,e3dc5845-44c3-4396-98e8-01164cf2aa70,제이에스스포츠,운동용품 시설사용중개,전주중산공원 골목형상점가,골목형상점가,전북특별자치도,,,
0a619681892449170af4,full_annotation_v1,A,q_종교용품_02,제사용품 사는 곳,문화·여가 중 '종교용품'을 판매·제공하는 매장,test,종교용품,T4 구어·문장,74ce261f-f866-4789-b693-71562c080d7f,녹두빈대떡,"제사식, 반찬",논산화지중앙시장,전통시장,충청남도,,,
83c18eddb3fbe105fc4a,full_annotation_v1,A,q_종교용품_02,제사용품 사는 곳,문화·여가 중 '종교용품'을 판매·제공하는 매장,test,종교용품,T4 구어·문장,9ef96bab-5f5f-4f83-a600-e7d336653705,간절곳 튀김,음식,반송큰시장,전통시장,부산광역시,,,
8035de50c141a0eb3cf8,full_annotation_v1,A,q_종교용품_02,제사용품 사는 곳,문화·여가 중 '종교용품'을 판매·제공하는 매장,test,종교용품,T4 구어·문장,06261986-3eba-4244-b63f-397460d82f4a,이곳,미용,나주혁신도시 골목형상점가,골목형상점가,전라남도,,,
63d0c00da9d097b312af,full_annotation_v1,A,q_종교용품_02,제사용품 사는 곳,문화·여가 중 '종교용품'을 판매·제공하는 매장,test,종교용품,T4 구어·문장,ecf8e5be-b6cd-4363-a5dc-a772353a6a7e,국제사,낚시용품,의성중앙상점가(의성읍중앙길상가거리),자율상권구역,경상북도,,,
f173e64a3e65c5015f1b,full_annotation_v1,A,q_종교용품_02,제사용품 사는 곳,문화·여가 중 '종교용품'을 판매·제공하는 매장,test,종교용품,T4 구어·문장,356fab03-0c66-4ed4-90ad-f3ce76f7da73,제사음식전문점,반찬,홍천시장(홍천구시장),전통시장,강원특별자치도,,,
593c0d15246919665b91,full_annotation_v1,A,q_종교용품_02,제사용품 사는 곳,문화·여가 중 '종교용품'을 판매·제공하는 매장,test,종교용품,T4 구어·문장,7cfba871-10ff-4210-a6c4-505941fcd1e4,신논현 음악연습실,공간대여,반드레길골목형상점가,골목형상점가,서울특별시,,,
35c3a1ca4006c27aeda1,full_annotation_v1,A,q_종교용품_02,제사용품 사는 곳,문화·여가 중 '종교용품'을 판매·제공하는 매장,test,종교용품,T4 구어·문장,57d7e50f-ff6f-4162-8de9-3b2f4dbff9bb,김가네전,제사음식,경산공설시장,전통시장,경상북도,,,
9c1ae7d16f72234648c8,full_annotation_v1,A,q_종교용품_02,제사용품 사는 곳,문화·여가 중 '종교용품'을 판매·제공하는 매장,test,종교용품,T4 구어·문장,d3b81ddf-da65-4414-8b75-a485d40f86cc,진가원,제사음식,정이있는 구포시장,전통시장,부산광역시,,,
03d3a852aea2728f6e39,full_annotation_v1,A,q_종교용품_02,제사용품 사는 곳,문화·여가 중 '종교용품'을 판매·제공하는 매장,test,종교용품,T4 구어·문장,43adbbdc-f59c-40b2-b810-a18ecb0774ae,구제사랑,의류,대림골목시장,전통시장,서울특별시,,,
1f196c51dd627509af43,full_annotation_v1,A,q_종교용품_02,제사용품 사는 곳,문화·여가 중 '종교용품'을 판매·제공하는 매장,test,종교용품,T4 구어·문장,1c6b6f00-a27a-49b3-a080-cf2a4c3cae3b,가족만찬,제사음식,경산공설시장,전통시장,경상북도,,,
8f4f2f16618acd047016,full_annotation_v1,A,q_종교용품_02,제사용품 사는 곳,문화·여가 중 '종교용품'을 판매·제공하는 매장,test,종교용품,T4 구어·문장,001bacc9-5a95-4049-babd-6691512d8da0,백두사,잡화,장량성도시장,전통시장,경상북도,,,
8a4e23e86791e9b5a45b,full_annotation_v1,A,q_종교용품_02,제사용품 사는 곳,문화·여가 중 '종교용품'을 판매·제공하는 매장,test,종교용품,T4 구어·문장,82ef462a-0f45-43d9-8538-5a30a0ed1b8a,명제사,의류,삼익패션타운,전통시장,서울특별시,,,
13e6e199e88099dc87eb,full_annotation_v1,A,q_종교용품_02,제사용품 사는 곳,문화·여가 중 '종교용품'을 판매·제공하는 매장,test,종교용품,T4 구어·문장,842f6cf1-6411-4f4b-be23-746d79e31656,섬곳,한식,플레이사계 지오단길 골목형상점가,골목형상점가,제주특별자치도,,,
cc58eed77551432fae6e,full_annotation_v1,A,q_종교용품_02,제사용품 사는 곳,문화·여가 중 '종교용품'을 판매·제공하는 매장,test,종교용품,T4 구어·문장,bb3a7367-ce39-4ee3-a463-9305906344c8,옛날죽집,주류 죽 전 제사음식,대곡시장,전통시장,대구광역시,,,
0e60931979eaab517048,full_annotation_v1,A,q_종교용품_02,제사용품 사는 곳,문화·여가 중 '종교용품'을 판매·제공하는 매장,test,종교용품,T4 구어·문장,af841040-0055-4f95-bbe1-b98bb9cf9b59,밀곳,제과,부평깡통시장(구 부산부평시장),전통시장,부산광역시,,,
9eabb0c4ca47398b5b21,full_annotation_v1,A,q_종교용품_02,제사용품 사는 곳,문화·여가 중 '종교용품'을 판매·제공하는 매장,test,종교용품,T4 구어·문장,90c093cd-1e5d-4c6c-b3a0-773dd107c14f,옷사는날,여성복,음성시장,전통시장,충청북도,,,
a60abb4879a5eb2ab52f,full_annotation_v1,A,q_종교용품_02,제사용품 사는 곳,문화·여가 중 '종교용품'을 판매·제공하는 매장,test,종교용품,T4 구어·문장,003d5df8-0856-45e0-a11e-5098cf70541e,앨리스리본&공방,"공방, 잡화",봉화내성시장,전통시장,경상북도,,,
74c26b4131cb991ad2cf,full_annotation_v1,A,q_종교용품_02,제사용품 사는 곳,문화·여가 중 '종교용품'을 판매·제공하는 매장,test,종교용품,T4 구어·문장,70d1cb53-00ff-4e32-b29a-1c6973f3c798,해드림,제사음식 전자상거래,창원 봉곡프라자상가,전통시장,경상남도,,,
244928fe6ca524b83173,full_annotation_v1,A,q_종교용품_02,제사용품 사는 곳,문화·여가 중 '종교용품'을 판매·제공하는 매장,test,종교용품,T4 구어·문장,8ba5d093-c980-4241-a7a8-7483d5b03caf,홍을래부침,제사음식,대전정원시장,전통시장,대전광역시,,,
df8a4499fc717474cf7b,full_annotation_v1,A,q_종교용품_02,제사용품 사는 곳,문화·여가 중 '종교용품'을 판매·제공하는 매장,test,종교용품,T4 구어·문장,358e013a-da9f-4a14-89c8-302a2443e9d4,청주미식,한식,청주시 소나무길 일원 자율상권구역,상권활성화구역,충청북도,,,
df671a20847867be4b95,full_annotation_v1,A,q_종교용품_02,제사용품 사는 곳,문화·여가 중 '종교용품'을 판매·제공하는 매장,test,종교용품,T4 구어·문장,0054b824-eb72-4efa-a1ba-40d467c899a5,수정상회,잡화,중앙전통시장,전통시장,울산광역시,,,
1046e9dbdb72a587484d,full_annotation_v1,A,q_종교용품_02,제사용품 사는 곳,문화·여가 중 '종교용품'을 판매·제공하는 매장,test,종교용품,T4 구어·문장,5d88c69c-a5c9-4523-8cc6-093cab60ebf5,녹지원,"혼수, 제사음식",월배신시장,전통시장,대구광역시,,,
8c17fe824554063ed6f8,full_annotation_v1,A,q_종교용품_02,제사용품 사는 곳,문화·여가 중 '종교용품'을 판매·제공하는 매장,test,종교용품,T4 구어·문장,20db201c-d679-474d-bc8d-23db4c4f0787,곳간정육점,,선화로 골목형상점가,골목형상점가,전북특별자치도,,,
f30b2e0d48f9cb0844bc,full_annotation_v1,A,q_종교용품_02,제사용품 사는 곳,문화·여가 중 '종교용품'을 판매·제공하는 매장,test,종교용품,T4 구어·문장,94234ce7-89f6-4324-8f48-49c5bab29b71,봉담청미,한식,효행구봉담상점가,골목형상점가,경기도,,,
45d49555f9dcddf61293,full_annotation_v1,A,q_종교용품_02,제사용품 사는 곳,문화·여가 중 '종교용품'을 판매·제공하는 매장,test,종교용품,T4 구어·문장,1a2f166f-4fe9-4bbe-81be-05d7ea88a9c2,나의근육사용설명서,,성수역골목형상점가,골목형상점가,서울특별시,,,
5db411343788636104f2,full_annotation_v1,A,q_종교용품_02,제사용품 사는 곳,문화·여가 중 '종교용품'을 판매·제공하는 매장,test,종교용품,T4 구어·문장,51fcee2c-c39e-4347-b97a-41785d36f238,밀리오폐백,"폐백, 제사음식",구미새마을중앙시장,전통시장,경상북도,,,
4f3d52005f2ec67dcc8d,full_annotation_v1,A,q_종교용품_02,제사용품 사는 곳,문화·여가 중 '종교용품'을 판매·제공하는 매장,test,종교용품,T4 구어·문장,be9f8c61-892c-48ed-a49d-b63bd032c025,소곳,의류,고투몰(강남터미널지하도상점가),일반지하상점가,서울특별시,,,
fb88c559cc205aa08ca8,full_annotation_v1,A,q_종교용품_02,제사용품 사는 곳,문화·여가 중 '종교용품'을 판매·제공하는 매장,test,종교용품,T4 구어·문장,f859389d-46c7-4906-9684-41d9c4abdd7c,사대부제사,음식,천안중앙시장,전통시장,충청남도,,,
14d346c1009827e35a3f,full_annotation_v1,A,q_종교용품_02,제사용품 사는 곳,문화·여가 중 '종교용품'을 판매·제공하는 매장,test,종교용품,T4 구어·문장,508c7248-fb8b-4060-9936-2b7ea65e0e62,효예원,제사음식,말바우우산 골목형상점가,골목형상점가,광주광역시,,,
c7f1bcdce13886df65ec,full_annotation_v1,A,q_종교용품_02,제사용품 사는 곳,문화·여가 중 '종교용품'을 판매·제공하는 매장,test,종교용품,T4 구어·문장,c111ac9d-3f3a-405c-a8db-4d127ccda9e2,행복이 있는 곳,잡화,제주로얄쇼핑센터,자율상권구역,제주특별자치도,,,
1ad2f2c52c0ef9880f9e,full_annotation_v1,A,q_종교용품_02,제사용품 사는 곳,문화·여가 중 '종교용품'을 판매·제공하는 매장,test,종교용품,T4 구어·문장,00242042-f371-486a-a1fc-b85de093edbf,슈올즈 이천점,"신발, 잡화",장터거리시장 골목형상점가,골목형상점가,경기도,,,
165449d540b04ffc03b1,full_annotation_v1,A,q_종교용품_02,제사용품 사는 곳,문화·여가 중 '종교용품'을 판매·제공하는 매장,test,종교용품,T4 구어·문장,19b6e5db-5866-4752-afed-7fa0dc010f81,곳간,한식,태화십리대밭먹거리단지 상점가,자율상권구역,울산광역시,,,
d3457a410336510283d4,full_annotation_v1,A,q_종교용품_02,제사용품 사는 곳,문화·여가 중 '종교용품'을 판매·제공하는 매장,test,종교용품,T4 구어·문장,003747e4-8102-4296-bfdf-b7ca7c1f83fa,평화잡화,잡화,부산평화시장,전통시장,부산광역시,,,
b3306c971dea1c418bc7,full_annotation_v1,A,q_종교용품_02,제사용품 사는 곳,문화·여가 중 '종교용품'을 판매·제공하는 매장,test,종교용품,T4 구어·문장,0c2c2ca0-e8c5-40bf-bc2a-a3b2d7e7f0b8,관광마트,마트,신진항 골목형상점가,골목형상점가,충청남도,,,
ddf33d8096b52f40dc91,full_annotation_v1,A,q_종교용품_02,제사용품 사는 곳,문화·여가 중 '종교용품'을 판매·제공하는 매장,test,종교용품,T4 구어·문장,09f09c25-a125-40c1-bacc-47a96cae0bf0,즐거운마트,마트,법동시장,전통시장,대전광역시,,,
aa56fc62633d65561d8b,full_annotation_v1,A,q_종교용품_02,제사용품 사는 곳,문화·여가 중 '종교용품'을 판매·제공하는 매장,test,종교용품,T4 구어·문장,141a8cff-d34f-44f7-a8ac-d213652a5a81,송씨종가,제사음식,역전시장 상점가,자율상권구역,대전광역시,,,
9929c60106e9f50c702e,full_annotation_v1,A,q_종교용품_02,제사용품 사는 곳,문화·여가 중 '종교용품'을 판매·제공하는 매장,test,종교용품,T4 구어·문장,0cff0020-9aad-4d6d-a759-c19954940ca3,오늘만사는청년,한식,두정동상점가,자율상권구역,충청남도,,,
eb743eddcfae22f110cd,full_annotation_v1,A,q_종교용품_02,제사용품 사는 곳,문화·여가 중 '종교용품'을 판매·제공하는 매장,test,종교용품,T4 구어·문장,c0cc81b4-89ec-4a70-b6f7-089de1fd92a8,소소한곳,,양산 물금백호마을 골목형상점가,골목형상점가,경상남도,,,
1bb6b04b47541639bd5e,full_annotation_v1,A,q_종교용품_02,제사용품 사는 곳,문화·여가 중 '종교용품'을 판매·제공하는 매장,test,종교용품,T4 구어·문장,0ae965c8-0423-4971-af91-5fbd7b36ff4d,90리퍼브,마트,지중해마을 골목형상점가,골목형상점가,충청남도,,,
7e89ddc4ec8281d26291,full_annotation_v1,A,q_종교용품_02,제사용품 사는 곳,문화·여가 중 '종교용품'을 판매·제공하는 매장,test,종교용품,T4 구어·문장,bdc3e9f3-f7b2-4c19-9f46-c13234849b4a,잔칫날,"차례상, 제사상, 모듬전, 반찬",나주목사고을시장,전통시장,,,,
76540684d77a6653ab57,full_annotation_v1,A,q_종교용품_02,제사용품 사는 곳,문화·여가 중 '종교용품'을 판매·제공하는 매장,test,종교용품,T4 구어·문장,0afb1f69-f709-4fcc-ad15-da7928ee8639,주식회사 장원(대하마트),마트,이중섭거리 명동로상가,골목형상점가,제주특별자치도,,,
30a7934d592334819d62,full_annotation_v1,A,q_종교용품_02,제사용품 사는 곳,문화·여가 중 '종교용품'을 판매·제공하는 매장,test,종교용품,T4 구어·문장,bff1c265-0f69-4dbd-96c4-457760d2d152,익산제사음식,제사음식,익산북부시장,전통시장,전북특별자치도,,,
f9b6d8f29af39a1defda,full_annotation_v1,A,q_종교용품_02,제사용품 사는 곳,문화·여가 중 '종교용품'을 판매·제공하는 매장,test,종교용품,T4 구어·문장,8942fc3e-42ce-4c52-8f85-04cfa905eeb4,강진활어,문어,다대씨-파크시장,전통시장,부산광역시,,,
9ec1db7c96089443a6e7,full_annotation_v1,A,q_종교용품_02,제사용품 사는 곳,문화·여가 중 '종교용품'을 판매·제공하는 매장,test,종교용품,T4 구어·문장,2743811c-5e71-4d2b-aa75-1b0147d44f2d,사우 꽃이 피는 곳,꽃,김포 풍년마을 골목형상점가,골목형상점가,경기도,,,
242ab89d18edf6f1bccc,full_annotation_v1,A,q_종교용품_02,제사용품 사는 곳,문화·여가 중 '종교용품'을 판매·제공하는 매장,test,종교용품,T4 구어·문장,76a3551b-dae4-4326-92cc-662015aedbfb,쉴 곳,한식,칠성로상점가,자율상권구역,제주특별자치도,,,
8d983c7b1d062f7e2d99,full_annotation_v1,A,q_종교용품_02,제사용품 사는 곳,문화·여가 중 '종교용품'을 판매·제공하는 매장,test,종교용품,T4 구어·문장,520d5444-9aeb-4716-8d6d-236a4dd7d02f,글로벌이벤트,출장음식행사용품,충주무학시장,전통시장,충청북도,,,
238eba201efc738ced1f,full_annotation_v1,A,q_종교용품_02,제사용품 사는 곳,문화·여가 중 '종교용품'을 판매·제공하는 매장,test,종교용품,T4 구어·문장,780669f1-6ebc-4b94-bb45-28720c231dab,고바우제사음식전문점,제사음식,칠곡시장,전통시장,대구광역시,,,
afc2a1ab9d5220559285,full_annotation_v1,A,q_종교용품_02,제사용품 사는 곳,문화·여가 중 '종교용품'을 판매·제공하는 매장,test,종교용품,T4 구어·문장,06a19257-347a-407e-a76e-2a148a053dd6,주식회사 성보유통,마트,안산다농마트전통시장,전통시장,경기도,,,
8b5dc34294728bc1a542,full_annotation_v1,A,q_종교용품_02,제사용품 사는 곳,문화·여가 중 '종교용품'을 판매·제공하는 매장,test,종교용품,T4 구어·문장,20e990e4-aaf3-4784-9ba0-caad51d06b23,곳간,한식,수완장덕 골목형상점가,골목형상점가,광주광역시,,,
2f5f4322f8bad0b90275,full_annotation_v1,A,q_종교용품_02,제사용품 사는 곳,문화·여가 중 '종교용품'을 판매·제공하는 매장,test,종교용품,T4 구어·문장,db37b714-4948-41c7-8bd9-d70bf3673b20,불닭발땡초동대문엽기떡볶이경북문경점,떡볶이,행복상점가,자율상권구역,경상북도,,,
24ba22712efdae5f0140,full_annotation_v1,A,q_종교용품_02,제사용품 사는 곳,문화·여가 중 '종교용품'을 판매·제공하는 매장,test,종교용품,T4 구어·문장,d2771b5e-371b-4ee1-91ad-b74c00d9d847,GS25,편의점,중앙로 백운1동 골목형상점가,골목형상점가,광주광역시,,,
76ba6800963e4e1da75a,full_annotation_v1,A,q_종교용품_02,제사용품 사는 곳,문화·여가 중 '종교용품'을 판매·제공하는 매장,test,종교용품,T4 구어·문장,24456103-f6b8-46af-8655-82e61d7265d8,커피가 머무르는 곳,커피,반드레길골목형상점가,골목형상점가,서울특별시,,,
1c3e8beb837611a88d62,full_annotation_v1,A,q_종교용품_02,제사용품 사는 곳,문화·여가 중 '종교용품'을 판매·제공하는 매장,test,종교용품,T4 구어·문장,35b92311-cc67-4b23-a098-8548ece87d2b,대덕천막사,천막제작설치행사용품,충주자유시장,전통시장,충청북도,,,
ac19922f7ffc232034d0,full_annotation_v1,A,q_종교용품_02,제사용품 사는 곳,문화·여가 중 '종교용품'을 판매·제공하는 매장,test,종교용품,T4 구어·문장,a23b691f-d8a3-4b77-a633-1307330cc73d,천지양꼬치,양꼬치,흥양천골목형상점가,골목형상점가,강원특별자치도,,,
844d4e32167a1d947c18,full_annotation_v1,A,q_종교용품_02,제사용품 사는 곳,문화·여가 중 '종교용품'을 판매·제공하는 매장,test,종교용품,T4 구어·문장,1eaf6dc3-f0f0-4350-8341-9f6f4334b965,다소곳,옷,전주모래내시장,전통시장,전북특별자치도,,,
fe5dba95c03c515d03c6,full_annotation_v1,A,q_종교용품_02,제사용품 사는 곳,문화·여가 중 '종교용품'을 판매·제공하는 매장,test,종교용품,T4 구어·문장,cda5bcff-66a9-4c1a-877e-6e94c687f6e2,황제사,의류,남원용남시장,전통시장,전북특별자치도,,,
b8d2a44507436735cc7a,full_annotation_v1,A,q_종교용품_02,제사용품 사는 곳,문화·여가 중 '종교용품'을 판매·제공하는 매장,test,종교용품,T4 구어·문장,eb48379b-9195-4878-a547-c9642d4f9f07,뚱땡이오리탕,한식,오케이 양산동 골목형상점가,골목형상점가,광주광역시,,,
2b323b1e1f5ac457cad4,full_annotation_v1,A,q_주류_01,주류,음식점 중 '주류'를 판매·제공하는 매장,train,주류,T1 정확표기,07e1755b-7a99-46bc-94a1-e5563df4f63b,술도가,주류,청계면 목대후문 골목형상점가,골목형상점가,전라남도,,,
845f2c42dab1a848a935,full_annotation_v1,A,q_주류_01,주류,음식점 중 '주류'를 판매·제공하는 매장,train,주류,T1 정확표기,c67ac4d6-c0aa-493c-9d15-71491314460f,통닭연구소,치킨 주류,전농배봉산맛집거리골목형상점가,골목형상점가,서울특별시,,,
8954ab0c8a7d61454483,full_annotation_v1,A,q_주류_01,주류,음식점 중 '주류'를 판매·제공하는 매장,train,주류,T1 정확표기,3b515fde-cf08-4591-8d57-47ee418ec731,씨유유덕교차로점,주류,유촌마을상인회 골목형상점가,골목형상점가,광주광역시,,,
278ecada5d734f00b313,full_annotation_v1,A,q_주류_01,주류,음식점 중 '주류'를 판매·제공하는 매장,train,주류,T1 정확표기,03a2ee33-c2cb-4274-a24e-56a5030917ae,아이비소주방,간이주점,고성시장,전통시장,경상남도,,,
66ff510de01e476648ee,full_annotation_v1,A,q_주류_01,주류,음식점 중 '주류'를 판매·제공하는 매장,train,주류,T1 정확표기,74620404-62df-46d6-b2bd-6346dbc8e77d,역전할머니맥주,주류,신가동 골목형상점가,골목형상점가,광주광역시,,,
bdeaf53c1152642c959c,full_annotation_v1,A,q_주류_01,주류,음식점 중 '주류'를 판매·제공하는 매장,train,주류,T1 정확표기,c60658b9-7b9d-4aa2-b87b-e0f378cff1bc,호프광장,주류 일반음식,용산용문시장,전통시장,서울특별시,,,
fd64aacf0f7469666c3b,full_annotation_v1,A,q_주류_01,주류,음식점 중 '주류'를 판매·제공하는 매장,train,주류,T1 정확표기,425ff1ff-425d-4bd2-8209-abc6768b36d8,송정가마솥깨통닭,치킨 주류,봉주 골목형상점가,골목형상점가,광주광역시,,,
4dbbe1fe667778127dfd,full_annotation_v1,A,q_주류_01,주류,음식점 중 '주류'를 판매·제공하는 매장,train,주류,T1 정확표기,ec54d8c6-98fc-44dd-9e1f-9c126fe2068c,호성집,한식 주류,원주미로예술중앙시장(원주중앙시장),전통시장,강원특별자치도,,,
bbeb245f627a06599ff5,full_annotation_v1,A,q_주류_01,주류,음식점 중 '주류'를 판매·제공하는 매장,train,주류,T1 정확표기,99c9be63-8e1a-4c26-a1ac-fbce68769346,다날치킨,치킨 주류,목련 골목형상점가,골목형상점가,광주광역시,,,
ed285ad3b8adba65d754,full_annotation_v1,A,q_주류_01,주류,음식점 중 '주류'를 판매·제공하는 매장,train,주류,T1 정확표기,6d71626d-a8ff-4ac0-a00d-aa6878f5a7b8,선진포크,돈육,매월동상인회 골목형상점가,골목형상점가,광주광역시,,,
8d40366ff04dc23c8611,full_annotation_v1,A,q_주류_01,주류,음식점 중 '주류'를 판매·제공하는 매장,train,주류,T1 정확표기,bd22ee77-109c-4976-b158-80aaae38a512,오봉자싸롱,주류,어진동 골목형상점가,골목형상점가,세종특별자치시,,,
ea1e189a203cc5ef0a0b,full_annotation_v1,A,q_주류_01,주류,음식점 중 '주류'를 판매·제공하는 매장,train,주류,T1 정확표기,22d73924-c33f-4530-b866-8f7821c0a6a6,히포벨,커피 주류,함덕4구상점가,골목형상점가,제주특별자치도,,,
848ac546f42bd9195530,full_annotation_v1,A,q_주류_01,주류,음식점 중 '주류'를 판매·제공하는 매장,train,주류,T1 정확표기,d3abc23c-4707-4f60-9577-3629a21b40be,순이생각,식사와 주류,양산호수공원 골목형상점가,골목형상점가,광주광역시,,,
c9ce8be66a3083a54e4d,full_annotation_v1,A,q_주류_01,주류,음식점 중 '주류'를 판매·제공하는 매장,train,주류,T1 정확표기,5be584fb-f774-41a0-891c-6128d6d9cc5a,군반장광교점,음식 주류,광교상현역 온누리 골목형상점가,골목형상점가,경기도,,,
96f529ea89408e63126b,full_annotation_v1,A,q_주류_01,주류,음식점 중 '주류'를 판매·제공하는 매장,train,주류,T1 정확표기,3a43430b-9ea7-4bf0-ac62-81cec750b8cd,남양 닭 유통,"닭, 오리",남양시장골목형상점가,골목형상점가,경기도,,,
e7baa839f5dd510dba3c,full_annotation_v1,A,q_주류_01,주류,음식점 중 '주류'를 판매·제공하는 매장,train,주류,T1 정확표기,b4d8d175-fb59-451f-9fbd-ddfd0a21768b,지에스25 조선대학교점,주류,법원 앞 사과마을 골목형상점가,골목형상점가,광주광역시,,,
6d9619d18578e2083d7a,full_annotation_v1,A,q_주류_01,주류,음식점 중 '주류'를 판매·제공하는 매장,train,주류,T1 정확표기,101f6b30-695e-42d6-be2f-b82d4ef86370,첨단공원국밥광주수완점,한식. 주류,수완장덕 골목형상점가,골목형상점가,광주광역시,,,
5c2d3e512ca99fbce565,full_annotation_v1,A,q_주류_01,주류,음식점 중 '주류'를 판매·제공하는 매장,train,주류,T1 정확표기,ef23a336-9c8b-44d2-ad6b-ce8fda4be77a,수연이네,"음식, 주류",오류전통시장(오류빤짝시장),전통시장,대전광역시,,,
daf36569f5bd041a5e3c,full_annotation_v1,A,q_주류_01,주류,음식점 중 '주류'를 판매·제공하는 매장,train,주류,T1 정확표기,a3250b26-fb63-4d46-bb35-3a03f1e9d6dc,선술,주류,목동로데오골목형상점가,골목형상점가,서울특별시,,,
6639f7d9da3d32e8b185,full_annotation_v1,A,q_주류_01,주류,음식점 중 '주류'를 판매·제공하는 매장,train,주류,T1 정확표기,631de738-63ea-41aa-97dc-0167b5f646ab,숲맥주,"주류, 건어물",신가동 골목형상점가,골목형상점가,광주광역시,,,
2a564cf821bdf092dba6,full_annotation_v1,A,q_주류_01,주류,음식점 중 '주류'를 판매·제공하는 매장,train,주류,T1 정확표기,a8d1ac63-4288-4946-89cb-543d8aeacc4d,살롱드안,미용실,청평여울시장,전통시장,경기도,,,
c39f2789e7d31ba78640,full_annotation_v1,A,q_주류_01,주류,음식점 중 '주류'를 판매·제공하는 매장,train,주류,T1 정확표기,eae3aed0-65b4-4060-834f-7a4e5500aa3d,미스터호프에만,음식 주류,선운별 골목형상점가,골목형상점가,광주광역시,,,
2088f82692a89ed677de,full_annotation_v1,A,q_주류_01,주류,음식점 중 '주류'를 판매·제공하는 매장,train,주류,T1 정확표기,7685ce6d-6292-49fa-8edf-eea7c1b555c5,카페919,커피 주류,귀인동먹거리촌 골목형상점가,골목형상점가,경기도,,,
cdb43bac9b377a548ef3,full_annotation_v1,A,q_주류_01,주류,음식점 중 '주류'를 판매·제공하는 매장,train,주류,T1 정확표기,01ebd263-b47f-4f4e-a8d8-06a2fef5c306,탄광맥주광주중홍점,,중흥동 큰샘길 골목형상점가,골목형상점가,,,,
cf6bc371273d702fb553,full_annotation_v1,A,q_주류_01,주류,음식점 중 '주류'를 판매·제공하는 매장,train,주류,T1 정확표기,4c0ae8d9-141c-418e-a645-0f281d26e84e,이야기마당,주류,봉산동 골목형상점가,골목형상점가,대전광역시,,,
fe8508693e7335685617,full_annotation_v1,A,q_주류_01,주류,음식점 중 '주류'를 판매·제공하는 매장,train,주류,T1 정확표기,fff582f2-9365-4c8f-b93b-22f1c432ce98,흥윤산업 (별미담),"부품, 자재 등",오산오색시장(구 오산중앙시장),전통시장,경기도,,,
99d322430a4b94088c5a,full_annotation_v1,A,q_주류_01,주류,음식점 중 '주류'를 판매·제공하는 매장,train,주류,T1 정확표기,befc4472-7a54-46ad-a9b7-6de0b7c8303a,봉숙비어,주류 및 기타,매곡동 골목형상점가,골목형상점가,광주광역시,,,
3cb44cf3e54a74fab135,full_annotation_v1,A,q_주류_01,주류,음식점 중 '주류'를 판매·제공하는 매장,train,주류,T1 정확표기,05cb46f5-4d9a-4f21-95b2-2167ccde3a20,맛수다,맥주호프,신대방1동온누리길골목형상점가,골목형상점가,서울특별시,,,
a2dbc6c9f2ef53343bff,full_annotation_v1,A,q_주류_01,주류,음식점 중 '주류'를 판매·제공하는 매장,train,주류,T1 정확표기,0b4c71b9-24d6-4a1b-a6e4-c50f029281af,무지개맥주,떡볶이 치킨 맥주등,고운마음 골목형상점가,골목형상점가,세종특별자치시,,,
1e6302a6e529a88ad720,full_annotation_v1,A,q_주류_01,주류,음식점 중 '주류'를 판매·제공하는 매장,train,주류,T1 정확표기,83cfec3d-bf34-4d5e-a9cd-9fcc19f021e2,꽁커피,커피 주류,개항희망문화상권 상권활성화구역,상권활성화구역,인천광역시,,,
28f919dc23f02cb97425,full_annotation_v1,A,q_주류_01,주류,음식점 중 '주류'를 판매·제공하는 매장,train,주류,T1 정확표기,2db713cc-0b7a-41e2-9796-263ee705c419,쿠쿠레스티노 광주서구점,가구,하남대로가구의거리상인회 골목형상점가,골목형상점가,광주광역시,,,
9ab983d1c04bb3f94f19,full_annotation_v1,A,q_주류_01,주류,음식점 중 '주류'를 판매·제공하는 매장,train,주류,T1 정확표기,dc1fdea8-5577-4e8e-8beb-9d4e0a454ac1,바람난촌닭바베큐,음식(치킨),군포당동로시장상점가,골목형상점가,경기도,,,
55fc6d4a40dd251c24e8,full_annotation_v1,A,q_주류_01,주류,음식점 중 '주류'를 판매·제공하는 매장,train,주류,T1 정확표기,7e787cc2-8f9e-4275-8db1-a8e9b428d04a,청춘리필,음료 주류,운암이 골목형상점가,골목형상점가,광주광역시,,,
fd95612f42be637e0a4c,full_annotation_v1,A,q_주류_01,주류,음식점 중 '주류'를 판매·제공하는 매장,train,주류,T1 정확표기,06eab6d0-6e19-4260-bf4d-e8d75adc20f3,제스파 안마의자 광주점,,광주여대 골목형상점가,골목형상점가,,,,
8742fbeb5c376f0360b0,full_annotation_v1,A,q_주류_01,주류,음식점 중 '주류'를 판매·제공하는 매장,train,주류,T1 정확표기,022309d5-158b-4d21-92b9-e70d2f09ef51,나의 인생 맥주,,동천세븐로데오 골목형상점가,골목형상점가,대구광역시,,,
9fc3d9d1391361c00063,full_annotation_v1,A,q_주류_01,주류,음식점 중 '주류'를 판매·제공하는 매장,train,주류,T1 정확표기,ac955818-370e-4f40-a23f-c59e1ccad293,계동치킨,치킨 주류,시청역상가번영회 골목형상점가,골목형상점가,광주광역시,,,
5331f36247fa01ea8f96,full_annotation_v1,A,q_주류_01,주류,음식점 중 '주류'를 판매·제공하는 매장,train,주류,T1 정확표기,87c0b313-c8a0-49da-938d-2a57c33f574a,인흥해장국식당,"한식, 주류",대전상가,전통시장,대전광역시,,,
5b0d0bb37ca45ca8c7cd,full_annotation_v1,A,q_주류_01,주류,음식점 중 '주류'를 판매·제공하는 매장,train,주류,T1 정확표기,11d4e0fb-3a66-4102-8c2d-009e7e8c29ce,은회식당,"한식, 주류",공주산성시장,전통시장,충청남도,,,
857ecd3063537c7f8b11,full_annotation_v1,A,q_주류_01,주류,음식점 중 '주류'를 판매·제공하는 매장,train,주류,T1 정확표기,02c50bb2-a429-4cff-9486-3b64bedcf838,흥덕포차,"음식, 주류",흥덕 다채움 골목형 상점가,골목형상점가,경기도,,,
48849fa24dc85ea8a8a1,full_annotation_v1,A,q_주류_01,주류,음식점 중 '주류'를 판매·제공하는 매장,train,주류,T1 정확표기,86d5ab6f-4f44-466e-8b20-1bde2977dbd6,멍글멍글,,혁신도시5구역골목형상점가,골목형상점가,강원특별자치도,,,
aee1bd9ab4f9a472ade4,full_annotation_v1,A,q_주류_01,주류,음식점 중 '주류'를 판매·제공하는 매장,train,주류,T1 정확표기,b2b88071-3639-4fc4-a02c-b53c730a3e7e,시장분식,"한식, 주류",공주산성시장,전통시장,충청남도,,,
b86b72161f94fcf55629,full_annotation_v1,A,q_주류_01,주류,음식점 중 '주류'를 판매·제공하는 매장,train,주류,T1 정확표기,fd67185c-fc4e-4732-8ac5-e2f04eaad131,씨유 진월고운점,주류,서문대로 골목형상점가,골목형상점가,광주광역시,,,
b0e0357a2e9f9bb36591,full_annotation_v1,A,q_주류_01,주류,음식점 중 '주류'를 판매·제공하는 매장,train,주류,T1 정확표기,aab2c3d9-2b50-436a-a1c2-e2687bca4bd5,청담포차,"한식, 주류",첨단아미 골목형상점가,골목형상점가,광주광역시,,,
c0971ebde5137c4cd136,full_annotation_v1,A,q_주류_01,주류,음식점 중 '주류'를 판매·제공하는 매장,train,주류,T1 정확표기,4418f695-b593-49b8-b876-e614d340d806,CU제천청전점,주류 음료,청전동 골목형상점가,골목형상점가,충청북도,,,
8724a9b5da2661c8202d,full_annotation_v1,A,q_주류_01,주류,음식점 중 '주류'를 판매·제공하는 매장,train,주류,T1 정확표기,02d7aeee-4636-4b5b-a6e7-856fa40d7038,크라운호프 충남대점,호프,궁동 골목형상점가,골목형상점가,대전광역시,,,
3f5260117d5187cd9e51,full_annotation_v1,A,q_주류_01,주류,음식점 중 '주류'를 판매·제공하는 매장,train,주류,T1 정확표기,172f0860-7455-4f64-bbbd-c58c213329e5,술집酒,음식 주류,의왕역 골목형상점가,골목형상점가,경기도,,,
4a9a512d34d2149c4554,full_annotation_v1,A,q_주류_01,주류,음식점 중 '주류'를 판매·제공하는 매장,train,주류,T1 정확표기,0a021c52-9acc-40e6-b59e-ef0269a60fcd,주주클럽,기타(호프),하남 골목형상점가,골목형상점가,광주광역시,,,
724f85653027c3d60ee7,full_annotation_v1,A,q_주류_01,주류,음식점 중 '주류'를 판매·제공하는 매장,train,주류,T1 정확표기,e68d1383-8009-4119-afd4-3b3e265874aa,역전할머니맥주,한식 주류,도룡상인회 골목형상점가,골목형상점가,대전광역시,,,
444d7822c1833bccfee3,full_annotation_v1,A,q_주류_01,주류,음식점 중 '주류'를 판매·제공하는 매장,train,주류,T1 정확표기,b4876b16-fecd-4936-af9b-2049456988c8,와우,반찬 및 주류,마장축산물시장,전통시장,서울특별시,,,
8d637c3b9a4a836efa17,full_annotation_v1,A,q_주류_01,주류,음식점 중 '주류'를 판매·제공하는 매장,train,주류,T1 정확표기,28a5c39c-e3b3-4980-b793-67ed3b5f845c,무등난원,화훼,매월동상인회 골목형상점가,골목형상점가,광주광역시,,,
6a02596fb73405b6d27b,full_annotation_v1,A,q_주류_01,주류,음식점 중 '주류'를 판매·제공하는 매장,train,주류,T1 정확표기,50e8311b-799f-41f4-a864-b89ded8bc213,엔야,주류,운천테라스길상인회 골목형상점가,골목형상점가,광주광역시,,,
1625a7748d5028d7a7ad,full_annotation_v1,A,q_주류_01,주류,음식점 중 '주류'를 판매·제공하는 매장,train,주류,T1 정확표기,b8e24bf0-908c-495f-96ee-e7afb0198368,투다리나주혁신점,음식 주류,나주혁신도시 골목형상점가,골목형상점가,전라남도,,,
18d850942828ef82ae38,full_annotation_v1,A,q_주류_01,주류,음식점 중 '주류'를 판매·제공하는 매장,train,주류,T1 정확표기,a6929175-20f1-4607-8463-2bc36df73bca,강진터미널마트,주류.식품,강진시장,전통시장,전북특별자치도,,,
d7cf8457c19b0de01ae7,full_annotation_v1,A,q_주류_01,주류,음식점 중 '주류'를 판매·제공하는 매장,train,주류,T1 정확표기,a99b6efe-d6a9-4bbf-9620-6f8f67883ee2,장터순대,"한식, 주류",증평장뜰재래시장,전통시장,충청북도,,,
c626c96e93e26fdf523c,full_annotation_v1,A,q_주류_01,주류,음식점 중 '주류'를 판매·제공하는 매장,train,주류,T1 정확표기,d4d4fdab-5b72-4f32-a87a-43364d1963ba,연주맥주,식사 주류,연제초 앞 골목형상점가,골목형상점가,광주광역시,,,
e304a97dc826c6a89fc4,full_annotation_v1,A,q_주류_01,주류,음식점 중 '주류'를 판매·제공하는 매장,train,주류,T1 정확표기,33d856a6-4d28-43c0-89e4-5463713f783a,작은술집이야기,"식품, 주류",북삼로인평 골목형상점가,골목형상점가,경상북도,,,
b045962eed7a8fb6b1bd,full_annotation_v1,A,q_주류_01,주류,음식점 중 '주류'를 판매·제공하는 매장,train,주류,T1 정확표기,31281e67-e425-4aac-911c-ec99629e47ac,큰별마트,식 음료 주류,큰별초 골목형상점가,골목형상점가,광주광역시,,,
d018ca7e90196e67653d,full_annotation_v1,A,q_주류_01,주류,음식점 중 '주류'를 판매·제공하는 매장,train,주류,T1 정확표기,64e259b3-c5bf-4c92-9dca-36f6bfe8ec89,꼬셔,음식 및 주류,호랑꼬두메마을 골목형상점가,골목형상점가,광주광역시,,,
b67e15f31cb6bc3348c8,full_annotation_v1,A,q_주류_01,주류,음식점 중 '주류'를 판매·제공하는 매장,train,주류,T1 정확표기,08b5afb2-c48e-4323-9611-40e8ee2819e2,지센경주점,,경주중심상가,전통시장,경상북도,,,
a8519ff0699ff91355d3,full_annotation_v1,A,q_주류_01,주류,음식점 중 '주류'를 판매·제공하는 매장,train,주류,T1 정확표기,a054778b-1e79-452f-a82d-c1c4e0d8d9d9,리베로,커피 주류,보정중심 골목형상점가,골목형상점가,경기도,,,
7425c3a20875d050cccb,full_annotation_v1,A,q_주류_01,주류,음식점 중 '주류'를 판매·제공하는 매장,train,주류,T1 정확표기,5185f9ac-11c0-409b-9d7c-f90ec4b5d9f6,온누리식당,식당,강화풍물시장,전통시장,인천광역시,,,
699e81a6d4ab7523f401,full_annotation_v1,A,q_주류_01,주류,음식점 중 '주류'를 판매·제공하는 매장,train,주류,T1 정확표기,58d71aeb-b4e0-4517-bbf1-9f2bc0fa0e71,여우식당,음식 주류,도원시장,전통시장,대구광역시,,,
28cf0c9632f9753fa676,full_annotation_v1,A,q_주류_01,주류,음식점 중 '주류'를 판매·제공하는 매장,train,주류,T1 정확표기,48854977-2029-40f4-b9d1-2deb9259507b,야키토리잔잔,음식과 주류,다산역 로데오 상점가,자율상권구역,경기도,,,
fc31df533935b2904e8c,full_annotation_v1,A,q_주류_01,주류,음식점 중 '주류'를 판매·제공하는 매장,train,주류,T1 정확표기,0a5bef39-21a8-480d-be95-6a4f27feb0a5,송가네호프,호프,광탄전통시장,전통시장,경기도,,,
8f7d89d504c1ffbd3e4e,full_annotation_v1,A,q_주류_01,주류,음식점 중 '주류'를 판매·제공하는 매장,train,주류,T1 정확표기,2c4c2594-fc0d-4eac-9643-46abb9cf09fd,청월객잔,음식 및 주류,영동전통시장,전통시장,서울특별시,,,
2c7376d599e3ae5930b6,full_annotation_v1,A,q_주류_01,주류,음식점 중 '주류'를 판매·제공하는 매장,train,주류,T1 정확표기,effc063f-7425-4e2f-9980-6d74f4402005,해적선,안주와 주류,동명동 카페거리 골목형상점가,골목형상점가,광주광역시,,,
2b3892004e204a98b98f,full_annotation_v1,A,q_주류_01,주류,음식점 중 '주류'를 판매·제공하는 매장,train,주류,T1 정확표기,06662c32-9207-484d-8ae9-4ff83fd7ba26,스터디하우스 스터디카페 동광주점독서실,,초록쉼터길 골목형상점가,골목형상점가,,,,
fa5549128a5ce2fb2a42,full_annotation_v1,A,q_주류_01,주류,음식점 중 '주류'를 판매·제공하는 매장,train,주류,T1 정확표기,181099e5-2e20-4a40-bd32-cd83943f8e42,미소호프,주류,수완장덕 골목형상점가,골목형상점가,광주광역시,,,
31f22c918bbb36799459,full_annotation_v1,A,q_주류_01,주류,음식점 중 '주류'를 판매·제공하는 매장,train,주류,T1 정확표기,003a0ca2-f806-4d7a-b324-1dc98c6ea543,농업회사법인유한회사덕유,과실발효주 리큐르주 일반증류주 주류,백년소상공인,기타,전북특별자치도,,,
7292ca1e539557e44cf6,full_annotation_v1,A,q_주류_01,주류,음식점 중 '주류'를 판매·제공하는 매장,train,주류,T1 정확표기,5d3b19dd-509e-459e-86b9-d78c23d7add6,케빈부대찌개,부대찌개,과천중앙동상점가,자율상권구역,경기도,,,
3b599597deef95b8fc85,full_annotation_v1,A,q_주류_01,주류,음식점 중 '주류'를 판매·제공하는 매장,train,주류,T1 정확표기,8b663df4-6b5a-4595-b092-464ca750d73d,연희횟집,회 주류,민락어패류시장,전통시장,부산광역시,,,
795ba8e02ce61c477cf8,full_annotation_v1,A,q_주류_01,주류,음식점 중 '주류'를 판매·제공하는 매장,train,주류,T1 정확표기,b9cee5b9-a91c-4f8d-824d-90a7a404baab,사랑각,한식 안주류 주류,아시아음식문화거리 골목형상점가,골목형상점가,광주광역시,,,
78bfe91a7c4989110dbc,full_annotation_v1,A,q_주류_01,주류,음식점 중 '주류'를 판매·제공하는 매장,train,주류,T1 정확표기,2d32b32f-8341-4b67-bbf3-9a31146749f0,오며가며,주류 안주류 포차,개봉입구골목상가 골목형상점가,골목형상점가,서울특별시,,,
ff5f6b085343a8f6e022,full_annotation_v1,A,q_주류_01,주류,음식점 중 '주류'를 판매·제공하는 매장,train,주류,T1 정확표기,6632bb7b-6e68-4fa3-8fc8-2c6a291d77a7,주식회사 해원,,혁신도시2구역골목형상점가,골목형상점가,강원특별자치도,,,
aec9d6d906aa6f736a13,full_annotation_v1,A,q_주류_01,주류,음식점 중 '주류'를 판매·제공하는 매장,train,주류,T1 정확표기,9212bca4-7490-4020-bcc6-25e28739fd11,육총장,"고기, 주류",서부시장,전통시장,대구광역시,,,
69cb130ef944e4fb2f07,full_annotation_v1,A,q_주류_01,주류,음식점 중 '주류'를 판매·제공하는 매장,train,주류,T1 정확표기,a183b75d-eb92-4e19-8475-f284cc7814a8,부영유통,주류,경산공설시장,전통시장,경상북도,,,
1bde4f701323cab9549f,full_annotation_v1,A,q_주류_01,주류,음식점 중 '주류'를 판매·제공하는 매장,train,주류,T1 정확표기,1b4cdf26-7851-4af8-a3cb-afd8eed4f9b5,문성슈퍼,"담배, 주류",보성시장,전통시장,제주특별자치도,,,
fb0bd90a8f8cbc67f448,full_annotation_v1,A,q_주류_01,주류,음식점 중 '주류'를 판매·제공하는 매장,train,주류,T1 정확표기,96e4ad45-d365-4092-b124-59eab9d0ee00,꼬뜨도르,서양음식 주류,허드슨1041 골목형상점가,골목형상점가,광주광역시,,,
f416ee3eded64d2375eb,full_annotation_v1,A,q_주류_01,주류,음식점 중 '주류'를 판매·제공하는 매장,train,주류,T1 정확표기,09dbde5e-e5d3-434d-ab76-1c35c3b31f60,아이오아이전주점,,대방디엠시티 골목형상점가,골목형상점가,전북특별자치도,,,
92212d35c75e45a3e6d0,full_annotation_v1,A,q_주류_01,주류,음식점 중 '주류'를 판매·제공하는 매장,train,주류,T1 정확표기,88ee71aa-d7e5-477f-b98e-f7f59e26cdca,일광,음식 및 주류,원도심 상권활성화구역,상권활성화구역,대전광역시,,,
eabebba163df3eaf42f8,full_annotation_v1,A,q_주류_01,주류,음식점 중 '주류'를 판매·제공하는 매장,train,주류,T1 정확표기,02d211af-7e55-492e-ad20-15e6a940a76e,씨유아산북수점,"가공식사, 음료, 주류",배방상점가,자율상권구역,충청남도,,,
bc6dccf585c0595a37c2,full_annotation_v1,A,q_주류_01,주류,음식점 중 '주류'를 판매·제공하는 매장,train,주류,T1 정확표기,55912ed7-0131-4ef2-8f61-c41b58f1e235,달보드레맥주,주류 판매,하남 골목형상점가,골목형상점가,광주광역시,,,
01e5ae976c6fbde735b1,full_annotation_v1,A,q_주류_01,주류,음식점 중 '주류'를 판매·제공하는 매장,train,주류,T1 정확표기,06397209-babc-4444-8228-23e885cf23a1,동천으뜸한의원,한의원,동천동먹자골목1번가상인회 골목형상점가,골목형상점가,광주광역시,,,
2a0cb82da7acd6574fce,full_annotation_v1,A,q_주류_01,주류,음식점 중 '주류'를 판매·제공하는 매장,train,주류,T1 정확표기,5f66b2a9-4619-4f14-847b-98245e075f7b,동명동홋코리,주류,동명동 카페거리 골목형상점가,골목형상점가,광주광역시,,,
6dad78bbbe3befd64730,full_annotation_v1,A,q_주류_01,주류,음식점 중 '주류'를 판매·제공하는 매장,train,주류,T1 정확표기,05e73be5-2616-4e0f-826f-ac8dd8b3b38b,씨유 효천천년나무점,주류,효덕마을 골목형상점가,골목형상점가,광주광역시,,,
35afd9670e1346fe1bd8,full_annotation_v1,A,q_주류_01,주류,음식점 중 '주류'를 판매·제공하는 매장,train,주류,T1 정확표기,77baab85-9cd3-4f7d-9845-87c1e97df85f,정실장네,주류 음식,남천 상점가,자율상권구역,경기도,,,
cb3b1962de16f8b6b35c,full_annotation_v1,A,q_주류_01,주류,음식점 중 '주류'를 판매·제공하는 매장,train,주류,T1 정확표기,0032d190-6f10-46db-b2a4-3b4084caa418,세븐일레븐 광주상무공원점,주류 일반상품 등,518먹자골목상인회 골목형상점가,골목형상점가,광주광역시,,,
c7c0c509ddd37344e1b6,full_annotation_v1,A,q_주류_01,주류,음식점 중 '주류'를 판매·제공하는 매장,train,주류,T1 정확표기,6c48e56e-d1fc-4297-bda5-dbae4dc6b30b,월간맥주신가은총점,주류 음식,신가동 골목형상점가,골목형상점가,광주광역시,,,
158395469cc29df64fba,full_annotation_v1,A,q_주류_01,주류,음식점 중 '주류'를 판매·제공하는 매장,train,주류,T1 정확표기,a587e871-af1a-4aa1-9cae-6473f1ce9336,씨유울산뉴화봉점,"음식, 주류",휴먼시아 3단지 골목형상점가,골목형상점가,울산광역시,,,
76b5b5f1ee32d71d87f7,full_annotation_v1,A,q_주류_01,주류,음식점 중 '주류'를 판매·제공하는 매장,train,주류,T1 정확표기,0484dbf3-ef62-434e-9a39-81721bca6270,역전할머니맥주백운점,호프,백운먹자 골목형상점가,골목형상점가,광주광역시,,,
91f7acd974df794de352,full_annotation_v1,A,q_주류_01,주류,음식점 중 '주류'를 판매·제공하는 매장,train,주류,T1 정확표기,0c2e22b5-7d3a-4929-962e-ce457f5b2619,투싼운천점,호프,운천테라스길상인회 골목형상점가,골목형상점가,광주광역시,,,
03c5a53b0a791f8c1a63,full_annotation_v1,A,q_주류_01,주류,음식점 중 '주류'를 판매·제공하는 매장,train,주류,T1 정확표기,1b415fbe-893b-48fe-9058-90eb849ece88,복자의 주방,한식 및 주류,수유전통시장(구 수유골목시장),전통시장,서울특별시,,,
946e8218e342aa366c20,full_annotation_v1,A,q_주류_01,주류,음식점 중 '주류'를 판매·제공하는 매장,train,주류,T1 정확표기,2e36d05f-5daf-44ed-8c62-1b162be32182,명품구제(옷)안젤라,의류,제일종합시장,전통시장,강원특별자치도,,,
5f862a8b9ef4ffbfdab6,full_annotation_v1,A,q_주류_01,주류,음식점 중 '주류'를 판매·제공하는 매장,train,주류,T1 정확표기,b4fd293b-02da-47ec-bc19-930c926336ff,종로맥가,한식 주류,관저동 먹자골목 골목형상점가,골목형상점가,대전광역시,,,
887308f4fe70a2d72531,full_annotation_v1,A,q_주류_01,주류,음식점 중 '주류'를 판매·제공하는 매장,train,주류,T1 정확표기,fe2850d0-c782-4ee0-8cab-733224601066,정통닭집,치킨 주류,양산상생하는하서로 골목형상점가,골목형상점가,광주광역시,,,
d72fb74df2fcce874273,full_annotation_v1,A,q_주류_01,주류,음식점 중 '주류'를 판매·제공하는 매장,train,주류,T1 정확표기,da75d1b9-1852-4871-bfc8-c9b86447666b,씨유월곡한성점,주류,중흥한성,골목형상점가,광주광역시,,,
197941ec0a3846abcbc8,full_annotation_v1,A,q_주류_01,주류,음식점 중 '주류'를 판매·제공하는 매장,train,주류,T1 정확표기,91334601-e585-408f-bae0-1d30d1fcc39c,맥시칸치킨,치킨 주류,연지시장,전통시장,부산광역시,,,
27d893e3be364eaee13b,full_annotation_v1,A,q_주류_01,주류,음식점 중 '주류'를 판매·제공하는 매장,train,주류,T1 정확표기,b8d37422-6593-4d67-a88b-384dee5340f1,대명상사,식품 주류,인천모래내전통시장,전통시장,인천광역시,,,
4adc3d5f396dfff34c74,full_annotation_v1,A,q_주류_01,주류,음식점 중 '주류'를 판매·제공하는 매장,train,주류,T1 정확표기,06cfd3f9-80cc-463c-bf09-b2c1c1818bf6,삼화포차,음식 및 주류,동두천큰시장,전통시장,경기도,,,
f676aa4be761fe00c441,full_annotation_v1,A,q_주류_01,주류,음식점 중 '주류'를 판매·제공하는 매장,train,주류,T1 정확표기,08ee7d5a-0dad-49ec-b75f-9005b0d69a2e,치블리,치킨 및 주류,"각화서희,더샵주변 골목형상점가",골목형상점가,광주광역시,,,
16910b0ce426e817125e,full_annotation_v1,A,q_주류_01,주류,음식점 중 '주류'를 판매·제공하는 매장,train,주류,T1 정확표기,025146ee-7cf6-4f78-be47-b36900070846,에이마트,식품 음료 주류 담배,우산어등마을 골목형상점가,골목형상점가,광주광역시,,,
4b889e6a7eb5e1f827cf,full_annotation_v1,A,q_주류_01,주류,음식점 중 '주류'를 판매·제공하는 매장,train,주류,T1 정확표기,574c8b13-1770-4b2f-a65b-1a15a705cb86,역전할머니맥주당하점,주류,청마로 골목형상점가,골목형상점가,인천광역시,,,
ca3e10512100ded30ef0,full_annotation_v1,A,q_주류_01,주류,음식점 중 '주류'를 판매·제공하는 매장,train,주류,T1 정확표기,f05ba586-84d0-4e25-a145-013a59b9c308,로도스플라워가든,생화,상도전통시장,전통시장,서울특별시,,,
d3f43265f85eb9a8b38e,full_annotation_v1,A,q_주류_01,주류,음식점 중 '주류'를 판매·제공하는 매장,train,주류,T1 정확표기,aeea330f-8ea3-41d6-85d4-11faf939157c,론노,주류,서동시장,전통시장,울산광역시,,,
9b25e3ca511c73c8755a,full_annotation_v1,A,q_주류_01,주류,음식점 중 '주류'를 판매·제공하는 매장,train,주류,T1 정확표기,795dffa7-04ff-4219-8fa2-4006eb9860f9,맥주달다,음식 및 주류,용강동상점가,자율상권구역,서울특별시,,,
03121d0f273c2db89aa3,full_annotation_v1,A,q_주류_01,주류,음식점 중 '주류'를 판매·제공하는 매장,train,주류,T1 정확표기,097540cc-8212-4698-84b5-b6edaae5826a,맘스터치,치킨,양평물맑은시장,전통시장,경기도,,,
01815cb110bd36b4eb4e,full_annotation_v1,A,q_주류_01,주류,음식점 중 '주류'를 판매·제공하는 매장,train,주류,T1 정확표기,9f5c10f9-6990-4cb0-a835-67d4ac1e1a7d,서울장식,장식,문경중앙시장,전통시장,경상북도,,,
cf8a3ee2439ed0aa89ca,full_annotation_v1,A,q_주류_01,주류,음식점 중 '주류'를 판매·제공하는 매장,train,주류,T1 정확표기,071fc410-0d42-4e4f-80a3-db98c98bb4df,우리맥주,호프,새시장 골목형상점가,골목형상점가,대전광역시,,,
3c545dc5640e6ee4bc7b,full_annotation_v1,A,q_주류_01,주류,음식점 중 '주류'를 판매·제공하는 매장,train,주류,T1 정확표기,35bcc211-39df-45eb-9d1a-b9373d70a7aa,펍스,주류,홀릭스,골목형상점가,광주광역시,,,
7c42fe503284dedcfa72,full_annotation_v1,A,q_주류_01,주류,음식점 중 '주류'를 판매·제공하는 매장,train,주류,T1 정확표기,56921a57-8697-43b0-84b9-373713b992e5,다락,주류,봉일천전통시장,전통시장,경기도,,,
cf12e508d641d04e582e,full_annotation_v1,A,q_주류_01,주류,음식점 중 '주류'를 판매·제공하는 매장,train,주류,T1 정확표기,b8439df0-17f3-4d77-a809-d03321fc567c,씨유수완모아엘가점,주류,수등로 골목형상점가,골목형상점가,광주광역시,,,
f6ede549e6e558292e69,full_annotation_v1,A,q_주류_01,주류,음식점 중 '주류'를 판매·제공하는 매장,train,주류,T1 정확표기,b67a9d61-8821-45f3-be32-00e3b84fea6e,훌랄라숯불바베큐치킨,치킨 주류,복개도로 상가번영회 골목형상점가,골목형상점가,광주광역시,,,
a3458286f6223381e248,full_annotation_v1,A,q_주류_01,주류,음식점 중 '주류'를 판매·제공하는 매장,train,주류,T1 정확표기,d408d737-ceff-4a19-a012-22139239c513,꾸시야,음식 주류 판매,포일중앙 골목형상점가,골목형상점가,경기도,,,
e48c31c40201344ed3c1,full_annotation_v1,A,q_주류_01,주류,음식점 중 '주류'를 판매·제공하는 매장,train,주류,T1 정확표기,0cc1bb2b-574f-461f-9a04-7a200460ddad,금별맥주,맥주,지중해마을 골목형상점가,골목형상점가,충청남도,,,
ebfcd0fe827a8ded99c3,full_annotation_v1,A,q_주류_01,주류,음식점 중 '주류'를 판매·제공하는 매장,train,주류,T1 정확표기,8aa4971e-4396-4dd5-80d6-63fefc6cfc97,코너,주류,봉명동우산거리 골목형상점가,골목형상점가,대전광역시,,,
cc732365a91ee70f29ce,full_annotation_v1,A,q_주류_01,주류,음식점 중 '주류'를 판매·제공하는 매장,train,주류,T1 정확표기,d8371568-dd33-44cf-aa06-b87b1e8820cc,월간맥주,음식 주류,문흥2동 골목형상점가,골목형상점가,광주광역시,,,
27a963a8a0f6085861e1,full_annotation_v1,A,q_주류_01,주류,음식점 중 '주류'를 판매·제공하는 매장,train,주류,T1 정확표기,fe1f8839-50b5-45a1-9102-42e0a42c0d9a,바글즈,한식 주류,신토평먹자거리 골목형상점가,골목형상점가,경기도,,,
47d529299f41a67bf617,full_annotation_v1,A,q_주류_02,맥주,음식점 중 '주류'를 판매·제공하는 매장,train,주류,T2 동의어,025146ee-7cf6-4f78-be47-b36900070846,에이마트,식품 음료 주류 담배,우산어등마을 골목형상점가,골목형상점가,광주광역시,,,
9a962937b73b7ca601af,full_annotation_v1,A,q_주류_02,맥주,음식점 중 '주류'를 판매·제공하는 매장,train,주류,T2 동의어,0b4c71b9-24d6-4a1b-a6e4-c50f029281af,무지개맥주,떡볶이 치킨 맥주등,고운마음 골목형상점가,골목형상점가,세종특별자치시,,,
a67c1756787a1dd10471,full_annotation_v1,A,q_주류_02,맥주,음식점 중 '주류'를 판매·제공하는 매장,train,주류,T2 동의어,8d0a77f9-9e77-4b9b-99e4-01efbd249f3a,에덴식육점,식육,구포축산물도매시장,전통시장,부산광역시,,,
0a9889e4cb95044c18c4,full_annotation_v1,A,q_주류_02,맥주,음식점 중 '주류'를 판매·제공하는 매장,train,주류,T2 동의어,5b613f3b-a80b-4ff3-911a-394efe9afaeb,좋은친구beeryou,맥주,맛조이상인회 골목형상점가,골목형상점가,광주광역시,,,
cf7d5cc2b485d06202fb,full_annotation_v1,A,q_주류_02,맥주,음식점 중 '주류'를 판매·제공하는 매장,train,주류,T2 동의어,225130c2-f77c-40a4-862d-d12d37d92a62,더짠,소주 맥주,대인제봉 골목형상점가,골목형상점가,광주광역시,,,
01b535475ddd06b3038a,full_annotation_v1,A,q_주류_02,맥주,음식점 중 '주류'를 판매·제공하는 매장,train,주류,T2 동의어,0484dbf3-ef62-434e-9a39-81721bca6270,역전할머니맥주백운점,호프,백운먹자 골목형상점가,골목형상점가,광주광역시,,,
53185348ce11aa7a2b4f,full_annotation_v1,A,q_주류_02,맥주,음식점 중 '주류'를 판매·제공하는 매장,train,주류,T2 동의어,8ab54d43-d870-4462-93c3-c973d4dafcbe,역전 할머니 맥주 전남목포대점,한식,청계면 목대후문 골목형상점가,골목형상점가,전라남도,,,
5b9d0767bb452142abb2,full_annotation_v1,A,q_주류_02,맥주,음식점 중 '주류'를 판매·제공하는 매장,train,주류,T2 동의어,071fc410-0d42-4e4f-80a3-db98c98bb4df,우리맥주,호프,새시장 골목형상점가,골목형상점가,대전광역시,,,
dfec0d335b75f2b83c72,full_annotation_v1,A,q_주류_02,맥주,음식점 중 '주류'를 판매·제공하는 매장,train,주류,T2 동의어,5246a903-2aac-4c77-88ca-6dc6cc4d6695,노랑통닭,치킨,봉명동우산거리 골목형상점가,골목형상점가,대전광역시,,,
da7a157bcf05d83152c0,full_annotation_v1,A,q_주류_02,맥주,음식점 중 '주류'를 판매·제공하는 매장,train,주류,T2 동의어,1afb31d1-df8f-4d28-a4cd-a66a118f2f45,청춘빌리지,라면 닭꼬치 맥주,발산마을상인회 골목형상점가,골목형상점가,광주광역시,,,
e6e87f8e5470bb9fe71b,full_annotation_v1,A,q_주류_02,맥주,음식점 중 '주류'를 판매·제공하는 매장,train,주류,T2 동의어,87e6425f-7de8-483f-8ddb-3970378d7300,봉구스밥버거 서현점,밥버거,서현센트럴상점,골목형상점가,경기도,,,
20de0c0b710517bc314c,full_annotation_v1,A,q_주류_02,맥주,음식점 중 '주류'를 판매·제공하는 매장,train,주류,T2 동의어,7d8d9d48-cac2-4e1a-8f6f-ff1ffde0ba8d,구회말투아웃,치킨 맥주,원,골목형상점가,광주광역시,,,
adff7c1b1c98991306ec,full_annotation_v1,A,q_주류_02,맥주,음식점 중 '주류'를 판매·제공하는 매장,train,주류,T2 동의어,a9d7e2d4-e71b-4cd1-b1ac-b5814a513359,94번가 대전관평점,치킨 맥주,관평동 골목형상점가,골목형상점가,대전광역시,,,
b3ed6301653f01c122a0,full_annotation_v1,A,q_주류_02,맥주,음식점 중 '주류'를 판매·제공하는 매장,train,주류,T2 동의어,0c2e22b5-7d3a-4929-962e-ce457f5b2619,투싼운천점,호프,운천테라스길상인회 골목형상점가,골목형상점가,광주광역시,,,
45e3a40c1543893948ea,full_annotation_v1,A,q_주류_02,맥주,음식점 중 '주류'를 판매·제공하는 매장,train,주류,T2 동의어,c4de15b0-3bd2-4bce-b17f-1212753fe479,호맥 대전문지점,호떡 맥주,문지동 골목형상점가,골목형상점가,대전광역시,,,
d823455e1a2bbb01a637,full_annotation_v1,A,q_주류_02,맥주,음식점 중 '주류'를 판매·제공하는 매장,train,주류,T2 동의어,d1d08cd1-ed7a-4c61-af17-36e0bb0c860e,하넬,미용실,의정부시 구도심 상권활성화구역,상권활성화구역,경기도,,,
fce50e5996e48db9ab08,full_annotation_v1,A,q_주류_02,맥주,음식점 중 '주류'를 판매·제공하는 매장,train,주류,T2 동의어,5c960fa0-6961-44f9-802e-47c00e91998d,60계치킨&맥주 인천루원시티점,,루원푸르지오 골목형상점가,골목형상점가,인천광역시,,,
dda539a65d151e603e81,full_annotation_v1,A,q_주류_02,맥주,음식점 중 '주류'를 판매·제공하는 매장,train,주류,T2 동의어,56be17b3-8c1f-48ef-9171-473f2dcbabcc,스토리펍,"음식점, 맥주",갓바위골목형상점가,골목형상점가,강원특별자치도,,,
a4cafa0cf3cc455e3ead,full_annotation_v1,A,q_주류_02,맥주,음식점 중 '주류'를 판매·제공하는 매장,train,주류,T2 동의어,8e557527-ba2e-4a03-8696-fdc24e3169b6,맥주당,한식,양정 골목형상점가,골목형상점가,울산광역시,,,
34fee3b930a4e495f501,full_annotation_v1,A,q_주류_02,맥주,음식점 중 '주류'를 판매·제공하는 매장,train,주류,T2 동의어,02d211af-7e55-492e-ad20-15e6a940a76e,씨유아산북수점,"가공식사, 음료, 주류",배방상점가,자율상권구역,충청남도,,,
dca305d305e919bc8e6d,full_annotation_v1,A,q_주류_02,맥주,음식점 중 '주류'를 판매·제공하는 매장,train,주류,T2 동의어,f5013e7d-71c1-4807-9f32-d969492b7d50,리얼펍 산수점,소주 맥주,전남여고후문 골목형상점가,골목형상점가,광주광역시,,,
ec6ffc1c8f2ba5f56c47,full_annotation_v1,A,q_주류_02,맥주,음식점 중 '주류'를 판매·제공하는 매장,train,주류,T2 동의어,3410481e-cbec-42e9-968b-d2d4e08f62b3,쌍촌맥주,한식,쌍촌로상인회 골목형상점가,골목형상점가,광주광역시,,,
00f06568666d851da835,full_annotation_v1,A,q_주류_02,맥주,음식점 중 '주류'를 판매·제공하는 매장,train,주류,T2 동의어,ccdfa3a7-2cd0-4505-800c-b50d3b82fac4,역전할머니맥주,맥주,엄사 골목형상점가,골목형상점가,충청남도,,,
3ff1ba6b58b0b71da0aa,full_annotation_v1,A,q_주류_02,맥주,음식점 중 '주류'를 판매·제공하는 매장,train,주류,T2 동의어,d69bb979-b8f3-46af-97d5-f97005f46ea6,맥주마켓,먹태 피자 맥주,송촌동상점가,자율상권구역,대전광역시,,,
6f490bd658c1313b06e2,full_annotation_v1,A,q_주류_02,맥주,음식점 중 '주류'를 판매·제공하는 매장,train,주류,T2 동의어,aec0892e-864f-422a-a403-60422c8b55cd,60계 치킨&맥주 대전관평점,치킨,관평동 골목형상점가,골목형상점가,대전광역시,,,
77996bd041262bbb11b9,full_annotation_v1,A,q_주류_02,맥주,음식점 중 '주류'를 판매·제공하는 매장,train,주류,T2 동의어,aaf6b0ec-95c4-408e-87d7-24de3df4e0d7,김복남맥주송정 점,맥주,송정청춘 골목형상점가,골목형상점가,울산광역시,,,
0073e554928c62b93c68,full_annotation_v1,A,q_주류_02,맥주,음식점 중 '주류'를 판매·제공하는 매장,train,주류,T2 동의어,6dbf7a40-9fa5-4da8-b4b3-2c237e73fb6d,만다린요가랩,요가,빛가람 상리단길 골목형상점가,골목형상점가,전라남도,,,
8c1bbe13ca2973c5b8f1,full_annotation_v1,A,q_주류_02,맥주,음식점 중 '주류'를 판매·제공하는 매장,train,주류,T2 동의어,93893c7f-14aa-4f3f-93a3-2896a2931e75,성공,한식,동문재래시장,전통시장,제주특별자치도,,,
aa767d53be53b5345821,full_annotation_v1,A,q_주류_02,맥주,음식점 중 '주류'를 판매·제공하는 매장,train,주류,T2 동의어,7741254e-1d0a-489c-b4a1-ec782e8bc32d,골드피쉬,커피 맥주,다운장 골목형상점가,골목형상점가,울산광역시,,,
b6c08fe48c0dbeac17f5,full_annotation_v1,A,q_주류_02,맥주,음식점 중 '주류'를 판매·제공하는 매장,train,주류,T2 동의어,a98377b4-47e8-4e1e-aaf5-c109e7670b60,일하나청과(한도초과),전통시장,충주농산물종합시장(구 중앙청과시장),전통시장,충청북도,,,
988d28e4759ae104740e,full_annotation_v1,A,q_주류_02,맥주,음식점 중 '주류'를 판매·제공하는 매장,train,주류,T2 동의어,0a021c52-9acc-40e6-b59e-ef0269a60fcd,주주클럽,기타(호프),하남 골목형상점가,골목형상점가,광주광역시,,,
40b9f0acc5b4d0fcc7ed,full_annotation_v1,A,q_주류_02,맥주,음식점 중 '주류'를 판매·제공하는 매장,train,주류,T2 동의어,d56cc2bf-827d-44ab-9dd5-9944a7141c62,인쌩맥주 대전목원대점,음식 맥주,목원대 골목형상점가,골목형상점가,대전광역시,,,
33965e3be5f31c58b954,full_annotation_v1,A,q_주류_02,맥주,음식점 중 '주류'를 판매·제공하는 매장,train,주류,T2 동의어,06662c32-9207-484d-8ae9-4ff83fd7ba26,스터디하우스 스터디카페 동광주점독서실,,초록쉼터길 골목형상점가,골목형상점가,,,,
4e8e6a72ee371f88b6e0,full_annotation_v1,A,q_주류_02,맥주,음식점 중 '주류'를 판매·제공하는 매장,train,주류,T2 동의어,9ef0e630-8226-4813-acdc-8ec4a1f514a8,투인방(죽림점),맥주,동림1 골목형상점가,골목형상점가,광주광역시,,,
2fa45e2609d0f2cc702b,full_annotation_v1,A,q_주류_02,맥주,음식점 중 '주류'를 판매·제공하는 매장,train,주류,T2 동의어,1f6dcacf-a4b1-4140-8bab-772de04254b8,조커,소주 맥주,둔산2동 골목형상점가,골목형상점가,대전광역시,,,
6ea33885fe64f7fed1f7,full_annotation_v1,A,q_주류_02,맥주,음식점 중 '주류'를 판매·제공하는 매장,train,주류,T2 동의어,94652108-8ef2-49c6-ba0d-6f3e5a7ca755,서현닭꼬치전문점,닭꼬치,서현센트럴상점,골목형상점가,경기도,,,
93b1c43adae9e33dca16,full_annotation_v1,A,q_주류_02,맥주,음식점 중 '주류'를 판매·제공하는 매장,train,주류,T2 동의어,03a2ee33-c2cb-4274-a24e-56a5030917ae,아이비소주방,간이주점,고성시장,전통시장,경상남도,,,
15156b496c6d1bf51cb1,full_annotation_v1,A,q_주류_02,맥주,음식점 중 '주류'를 판매·제공하는 매장,train,주류,T2 동의어,08b5afb2-c48e-4323-9611-40e8ee2819e2,지센경주점,,경주중심상가,전통시장,경상북도,,,
b2c4f752562556414d68,full_annotation_v1,A,q_주류_02,맥주,음식점 중 '주류'를 판매·제공하는 매장,train,주류,T2 동의어,0cc1bb2b-574f-461f-9a04-7a200460ddad,금별맥주,맥주,지중해마을 골목형상점가,골목형상점가,충청남도,,,
2519d5758dd03ad6b5ff,full_annotation_v1,A,q_주류_02,맥주,음식점 중 '주류'를 판매·제공하는 매장,train,주류,T2 동의어,45e183d8-6816-4369-8137-3710dae88eaa,클래식샵,음료 맥주,원도심 상권활성화구역,상권활성화구역,대전광역시,,,
2a9aa2fbb209441be65f,full_annotation_v1,A,q_주류_02,맥주,음식점 중 '주류'를 판매·제공하는 매장,train,주류,T2 동의어,ca2b89c8-de2f-4ae3-ab21-68139c223645,플레이리스트(PLAYLIST),"피자, 맥주",포항 쌍사상가 골목형상점가,골목형상점가,경상북도,,,
315181d79f8964cd6bf4,full_annotation_v1,A,q_주류_02,맥주,음식점 중 '주류'를 판매·제공하는 매장,train,주류,T2 동의어,3c8a72a4-548c-4363-a0fc-29e506bcfc6a,부전건어물,건어물,부전상가시장,전통시장,부산광역시,,,
8694442bd03a41277571,full_annotation_v1,A,q_주류_02,맥주,음식점 중 '주류'를 판매·제공하는 매장,train,주류,T2 동의어,cd6eb002-4fdd-4c8a-8d26-813150b3bdfc,오즈(OZ)커피＆맥주,커피,중계동 시영B상가,자율상권구역,서울특별시,,,
fb89f9395c66236e4675,full_annotation_v1,A,q_주류_02,맥주,음식점 중 '주류'를 판매·제공하는 매장,train,주류,T2 동의어,0f1ae4a3-c95e-482f-9792-1389f976c1ea,리얼펍 살얼음 맥주,일반음식,용산지구 골목형상점가,골목형상점가,광주광역시,,,
7e7d6ac04e5f0133eb19,full_annotation_v1,A,q_주류_02,맥주,음식점 중 '주류'를 판매·제공하는 매장,train,주류,T2 동의어,de75f580-09ab-4f2b-92de-30e8122e615b,60계치킨&맥주 서울당산역점,치킨,당산동5가 골목형상점가,골목형상점가,서울특별시,,,
61fcfbaade8461afc8a5,full_annotation_v1,A,q_주류_02,맥주,음식점 중 '주류'를 판매·제공하는 매장,train,주류,T2 동의어,30c95caa-7a6d-405f-ab34-f89b5c6bf0e8,황금소나무,커피 맥주,한적골 골목형상점가,골목형상점가,충청남도,,,
fa7bbef9f3dc283ddd63,full_annotation_v1,A,q_주류_02,맥주,음식점 중 '주류'를 판매·제공하는 매장,train,주류,T2 동의어,8ae8ec46-0ed6-41a4-bddb-4ae8d037edf5,맥주구한피자,,마산 산호동야구장상점가,자율상권구역,경상남도,,,
245037e81b07d729c85b,full_annotation_v1,A,q_주류_02,맥주,음식점 중 '주류'를 판매·제공하는 매장,train,주류,T2 동의어,23acb8ea-eaf3-448f-9f61-3607302c869b,맥주아비,한식,별내별가람역상점가,골목형상점가,경기도,,,
85bcdf1c9a015e93bcd5,full_annotation_v1,A,q_주류_02,맥주,음식점 중 '주류'를 판매·제공하는 매장,train,주류,T2 동의어,d919d394-43e2-499e-8907-64123c8cb550,국제슈퍼,슈퍼,충주자유시장,전통시장,충청북도,,,
ef675451d329fe9ef613,full_annotation_v1,A,q_주류_02,맥주,음식점 중 '주류'를 판매·제공하는 매장,train,주류,T2 동의어,8dd396c2-74d7-465e-8dc0-af3d05bc79d3,1도씨 맥주 운남점,호프,운남7단지먹자거리 골목형상점가,골목형상점가,광주광역시,,,
c86d1af4b2168ebe5ff5,full_annotation_v1,A,q_주류_02,맥주,음식점 중 '주류'를 판매·제공하는 매장,train,주류,T2 동의어,25c5de88-f6f8-4e2e-8157-bf26583a5602,펀비어킹(천리점),피자 치킨 맥주,이동 골목형상점가,골목형상점가,경기도,,,
904f30404cfc31024b81,full_annotation_v1,A,q_주류_02,맥주,음식점 중 '주류'를 판매·제공하는 매장,train,주류,T2 동의어,943e0c87-bd47-40c6-9c32-5fe48fcba69b,운암명가부대찌개철판구이,부대찌개,병점중심상가,자율상권구역,경기도,,,
2f92b6151f830814dbd8,full_annotation_v1,A,q_주류_02,맥주,음식점 중 '주류'를 판매·제공하는 매장,train,주류,T2 동의어,990df4f7-57f5-42ec-83e6-4dc274786836,별빛맥주,,궁동 골목형상점가,골목형상점가,대전광역시,,,
39775666e63fbe251c4c,full_annotation_v1,A,q_주류_02,맥주,음식점 중 '주류'를 판매·제공하는 매장,train,주류,T2 동의어,01ebd263-b47f-4f4e-a8d8-06a2fef5c306,탄광맥주광주중홍점,,중흥동 큰샘길 골목형상점가,골목형상점가,,,,
70bbd04a3aee75e9e68e,full_annotation_v1,A,q_주류_02,맥주,음식점 중 '주류'를 판매·제공하는 매장,train,주류,T2 동의어,2159a6bd-90d9-4f24-bb51-9e26eb27e1a4,맥주가게끝판왕,생맥주 등,청당1번가 골목형상점가,골목형상점가,충청남도,,,
8e91286b608e3e549a5e,full_annotation_v1,A,q_주류_02,맥주,음식점 중 '주류'를 판매·제공하는 매장,train,주류,T2 동의어,483948a3-8f65-4da5-bbba-a8b3727d05da,크라운호프광주무등시장점,맥주,세은 골목형상점가,골목형상점가,광주광역시,,,
b37eaceeed7944289090,full_annotation_v1,A,q_주류_02,맥주,음식점 중 '주류'를 판매·제공하는 매장,train,주류,T2 동의어,9b205f11-b0df-4772-82b7-ba642d138d6f,역전 할머니 맥주 천상점,음싣,천상천 골목형상점가,골목형상점가,울산광역시,,,
f42283caa556e9f42c91,full_annotation_v1,A,q_주류_02,맥주,음식점 중 '주류'를 판매·제공하는 매장,train,주류,T2 동의어,3f0f711d-cbc6-46ef-9fb4-77a262675e7d,영신상회,건어물,마산어시장,전통시장,경상남도,,,
60533601ed320eeab969,full_annotation_v1,A,q_주류_02,맥주,음식점 중 '주류'를 판매·제공하는 매장,train,주류,T2 동의어,5178bb62-cd68-4d9e-8e54-1c1728ff9886,소규모 맥주,양식,도룡상인회 골목형상점가,골목형상점가,대전광역시,,,
79af3bc7286ccc91c97d,full_annotation_v1,A,q_주류_02,맥주,음식점 중 '주류'를 판매·제공하는 매장,train,주류,T2 동의어,1b70a142-64db-4e15-aeaa-6e76e99396b1,우리동네아지트,소주 맥주,풍세로세광 골목형상점가,골목형상점가,충청남도,,,
8e8097846bf96f069356,full_annotation_v1,A,q_주류_02,맥주,음식점 중 '주류'를 판매·제공하는 매장,train,주류,T2 동의어,022309d5-158b-4d21-92b9-e70d2f09ef51,나의 인생 맥주,,동천세븐로데오 골목형상점가,골목형상점가,대구광역시,,,
f7954fff94c37b2af5a8,full_annotation_v1,A,q_주류_02,맥주,음식점 중 '주류'를 판매·제공하는 매장,train,주류,T2 동의어,02d7aeee-4636-4b5b-a6e7-856fa40d7038,크라운호프 충남대점,호프,궁동 골목형상점가,골목형상점가,대전광역시,,,
74131dba5982beb5a214,full_annotation_v1,A,q_주류_02,맥주,음식점 중 '주류'를 판매·제공하는 매장,train,주류,T2 동의어,06eab6d0-6e19-4260-bf4d-e8d75adc20f3,제스파 안마의자 광주점,,광주여대 골목형상점가,골목형상점가,,,,
6ab5d78d07fec3b7faff,full_annotation_v1,A,q_주류_02,맥주,음식점 중 '주류'를 판매·제공하는 매장,train,주류,T2 동의어,92e347ff-3b7d-46d8-91f7-5edcd4ace126,도쿄브릿지,음식,첨단시리단길,골목형상점가,광주광역시,,,
71f4deb2121e801a1bba,full_annotation_v1,A,q_주류_02,맥주,음식점 중 '주류'를 판매·제공하는 매장,train,주류,T2 동의어,664301d6-b914-433d-98f0-fcb13888bc4c,리얼펍 살얼음 맥주,한식,나주혁신도시 골목형상점가,골목형상점가,전라남도,,,
e3365a10f24289c3a9bb,full_annotation_v1,A,q_주류_02,맥주,음식점 중 '주류'를 판매·제공하는 매장,train,주류,T2 동의어,ddc2fc78-3c25-4874-be94-3a16555dc8a6,리얼펍 살얼음 맥주 세종도담점,한식,도담동 골목형상점가,골목형상점가,세종특별자치시,,,
aa3c2fc42bc411a1c0b7,full_annotation_v1,A,q_주류_02,맥주,음식점 중 '주류'를 판매·제공하는 매장,train,주류,T2 동의어,40546fc8-83c3-4f7b-90a0-830fc85d246e,감성만화싸롱,만화책 음료 식사 맥주,궁동 골목형상점가,골목형상점가,대전광역시,,,
30ecdab0b8fa8a150f13,full_annotation_v1,A,q_주류_02,맥주,음식점 중 '주류'를 판매·제공하는 매장,train,주류,T2 동의어,003a0ca2-f806-4d7a-b324-1dc98c6ea543,농업회사법인유한회사덕유,과실발효주 리큐르주 일반증류주 주류,백년소상공인,기타,전북특별자치도,,,
c41522c950382e5f67e6,full_annotation_v1,A,q_주류_02,맥주,음식점 중 '주류'를 판매·제공하는 매장,train,주류,T2 동의어,76882da9-f2a8-44b6-84e7-cb7056a573da,맥주밤거리(대전태평점),맥주,유천버드내 골목형상점가,골목형상점가,대전광역시,,,
c4d2be021ab9c87c72cb,full_annotation_v1,A,q_주류_02,맥주,음식점 중 '주류'를 판매·제공하는 매장,train,주류,T2 동의어,0032d190-6f10-46db-b2a4-3b4084caa418,세븐일레븐 광주상무공원점,주류 일반상품 등,518먹자골목상인회 골목형상점가,골목형상점가,광주광역시,,,
98c29424aa65443f091a,full_annotation_v1,A,q_주류_02,맥주,음식점 중 '주류'를 판매·제공하는 매장,train,주류,T2 동의어,493227bd-68bb-41ad-a3c6-c29c511dc0fb,"그래,맥주",음식,수완장덕 골목형상점가,골목형상점가,광주광역시,,,
8875f729a1c684be685d,full_annotation_v1,A,q_주류_02,맥주,음식점 중 '주류'를 판매·제공하는 매장,train,주류,T2 동의어,02c50bb2-a429-4cff-9486-3b64bedcf838,흥덕포차,"음식, 주류",흥덕 다채움 골목형 상점가,골목형상점가,경기도,,,
a7d1ef8eee91cf1bbd8a,full_annotation_v1,A,q_주류_02,맥주,음식점 중 '주류'를 판매·제공하는 매장,train,주류,T2 동의어,55f03470-7613-4510-8f59-75ddfd0822b5,K2 거제 MS점,의류,거제 고현 골목형상점가,골목형상점가,경상남도,,,
d54fdb461c0cf10398cf,full_annotation_v1,A,q_주류_02,맥주,음식점 중 '주류'를 판매·제공하는 매장,train,주류,T2 동의어,b376ab40-f674-4d8e-b299-a482e479e959,무등골한우 식육식당,육류,양산길 골목형상점가,골목형상점가,광주광역시,,,
63eac69fdd1cb24ba1ed,full_annotation_v1,A,q_주류_02,맥주,음식점 중 '주류'를 판매·제공하는 매장,train,주류,T2 동의어,8353551f-c354-4635-9d2d-ae6d2fd67503,투사랑,꼬치구이 맥주,버들마을상인회 골목형상점가,골목형상점가,광주광역시,,,
80bfd429e3894b0008d8,full_annotation_v1,A,q_주류_02,맥주,음식점 중 '주류'를 판매·제공하는 매장,train,주류,T2 동의어,09dbde5e-e5d3-434d-ab76-1c35c3b31f60,아이오아이전주점,,대방디엠시티 골목형상점가,골목형상점가,전북특별자치도,,,
02aaae54f2cfc8429dc4,full_annotation_v1,A,q_주류_02,맥주,음식점 중 '주류'를 판매·제공하는 매장,train,주류,T2 동의어,29c2228a-fc52-4d66-9530-2f9fa118e0ff,황금 맥주,한식 일반 음식점업,호계종합시장,전통시장,경기도,,,
b4617cf6996e7641edfa,full_annotation_v1,A,q_주류_02,맥주,음식점 중 '주류'를 판매·제공하는 매장,train,주류,T2 동의어,9f5195d3-e140-4635-88e2-6276971f8a7b,로즈메리펫뷰티샵,애견미용 간식 허텔,빛가람 상리단길 골목형상점가,골목형상점가,전라남도,,,
7e8af56c8029bef9ed3d,full_annotation_v1,A,q_주류_02,맥주,음식점 중 '주류'를 판매·제공하는 매장,train,주류,T2 동의어,582ec391-12c2-4ef9-8e29-502deb67f024,펍카페민테,"커피, 맥주",원신흥 골목형상점가,골목형상점가,대전광역시,,,
79dc216ed1bd62cc481a,full_annotation_v1,A,q_주류_02,맥주,음식점 중 '주류'를 판매·제공하는 매장,train,주류,T2 동의어,0a5bef39-21a8-480d-be95-6a4f27feb0a5,송가네호프,호프,광탄전통시장,전통시장,경기도,,,
2cb7ac35eebccc1c8723,full_annotation_v1,A,q_주류_02,맥주,음식점 중 '주류'를 판매·제공하는 매장,train,주류,T2 동의어,05cb46f5-4d9a-4f21-95b2-2167ccde3a20,맛수다,맥주호프,신대방1동온누리길골목형상점가,골목형상점가,서울특별시,,,
64bb421e3a899761a119,full_annotation_v1,A,q_주류_02,맥주,음식점 중 '주류'를 판매·제공하는 매장,train,주류,T2 동의어,d3a96f47-f12c-4aff-a48f-50a4b415fb34,국민맥주,맥주마른안주등,쌍학로상인회 골목형상점가,골목형상점가,광주광역시,,,
283b0c67bd9f8a789f5e,full_annotation_v1,A,q_주류_02,맥주,음식점 중 '주류'를 판매·제공하는 매장,train,주류,T2 동의어,25f834a3-2be1-4953-88f3-77b7061f3971,맥주아비,치킨,장미꽃빛거리 골목형상점가,골목형상점가,서울특별시,,,
e7277927941add1ce4a7,full_annotation_v1,A,q_주류_02,맥주,음식점 중 '주류'를 판매·제공하는 매장,train,주류,T2 동의어,b8245e51-a142-4665-8e30-58bd5ef1025b,월간맥주,맥주,수완장덕 골목형상점가,골목형상점가,광주광역시,,,
2c268030ea96a8cf2903,full_annotation_v1,A,q_주류_03,주점,음식점 중 '주류'를 판매·제공하는 매장,train,주류,T2 동의어,025146ee-7cf6-4f78-be47-b36900070846,에이마트,식품 음료 주류 담배,우산어등마을 골목형상점가,골목형상점가,광주광역시,,,
c0d7b231bb9b3f8cece6,full_annotation_v1,A,q_주류_03,주점,음식점 중 '주류'를 판매·제공하는 매장,train,주류,T2 동의어,9f58d272-5e7c-49ad-ba8d-97c49a3b43bb,경신식당,주점,중앙신시장,전통시장,경상북도,,,
b367b00e25a08ba98e44,full_annotation_v1,A,q_주류_03,주점,음식점 중 '주류'를 판매·제공하는 매장,train,주류,T2 동의어,b79a41c6-5282-41bc-be7e-87e2c869e52b,설빙영주점,,영주문화시장,전통시장,경상북도,,,
4d146c82eb36da0a7a78,full_annotation_v1,A,q_주류_03,주점,음식점 중 '주류'를 판매·제공하는 매장,train,주류,T2 동의어,12720431-0369-43eb-a3c1-8979fd250f23,그믐족발광주점,한식,수완나들목 골목형상점가,골목형상점가,광주광역시,,,
dd4b4c4ab2339112e6fb,full_annotation_v1,A,q_주류_03,주점,음식점 중 '주류'를 판매·제공하는 매장,train,주류,T2 동의어,b203c10a-027d-4f57-b6fd-8ec26c4593ae,대박치킨,주점,춘천풍물시장,전통시장,강원특별자치도,,,
458b848403922cf21cac,full_annotation_v1,A,q_주류_03,주점,음식점 중 '주류'를 판매·제공하는 매장,train,주류,T2 동의어,ed3e67b7-7f13-4352-b091-a8f0401bb032,친구네,기타 주점업,춘천동부시장,전통시장,강원특별자치도,,,
b799e91e7d7c0d2d1760,full_annotation_v1,A,q_주류_03,주점,음식점 중 '주류'를 판매·제공하는 매장,train,주류,T2 동의어,3aa4151c-2d45-4c0e-aa76-394aff7a9a94,빠니깔레광주점,의류,상무로자율상권,상권활성화구역,광주광역시,,,
8267649602acf1a7508f,full_annotation_v1,A,q_주류_03,주점,음식점 중 '주류'를 판매·제공하는 매장,train,주류,T2 동의어,b80b7722-c440-4bef-b14b-481ac961dc4c,동일경주점,,경주중심상가,전통시장,경상북도,,,
789917144f8fcc6dd6aa,full_annotation_v1,A,q_주류_03,주점,음식점 중 '주류'를 판매·제공하는 매장,train,주류,T2 동의어,959cb70b-531c-4c3b-928a-3e70d46c521a,폴단란주점,단란주점,마산 창동통합상가,자율상권구역,경상남도,,,
789d1a2eefdd81100cac,full_annotation_v1,A,q_주류_03,주점,음식점 중 '주류'를 판매·제공하는 매장,train,주류,T2 동의어,4f13bf9f-a489-4558-ac5c-02333ba9538c,조야광주점,신발,금남로5가 골목형상점가,골목형상점가,광주광역시,,,
90d63533a20581483a73,full_annotation_v1,A,q_주류_03,주점,음식점 중 '주류'를 판매·제공하는 매장,train,주류,T2 동의어,7a0a329e-803b-4b3c-b4b0-9b03ba7262f8,"오늘,433",주점,흑석시장골목형상점가,골목형상점가,서울특별시,,,
1e474989f501cf10fe6d,full_annotation_v1,A,q_주류_03,주점,음식점 중 '주류'를 판매·제공하는 매장,train,주류,T2 동의어,e3115da2-19b6-4c80-9387-4cec9d320a47,낭만술집,주점,안마을 골목형상점가,골목형상점가,서울특별시,,,
7371e719a1ddcad6432b,full_annotation_v1,A,q_주류_03,주점,음식점 중 '주류'를 판매·제공하는 매장,train,주류,T2 동의어,0a5bef39-21a8-480d-be95-6a4f27feb0a5,송가네호프,호프,광탄전통시장,전통시장,경기도,,,
3d06b21599f2d3f92e81,full_annotation_v1,A,q_주류_03,주점,음식점 중 '주류'를 판매·제공하는 매장,train,주류,T2 동의어,4917b8a7-0c0e-4419-8812-3178f3ba6f02,샵 채널,의류,제주로얄쇼핑센터,자율상권구역,제주특별자치도,,,
ce0d48cf3bac0c2551e7,full_annotation_v1,A,q_주류_03,주점,음식점 중 '주류'를 판매·제공하는 매장,train,주류,T2 동의어,837b98fb-abc0-4278-9abf-b6e80070d346,영월건강원,건강원(과채음료),길동복조리시장,전통시장,서울특별시,,,
a48619b528e1b09cecaa,full_annotation_v1,A,q_주류_03,주점,음식점 중 '주류'를 판매·제공하는 매장,train,주류,T2 동의어,0cc1bb2b-574f-461f-9a04-7a200460ddad,금별맥주,맥주,지중해마을 골목형상점가,골목형상점가,충청남도,,,
557f1fbd6395eee062ca,full_annotation_v1,A,q_주류_03,주점,음식점 중 '주류'를 판매·제공하는 매장,train,주류,T2 동의어,0032d190-6f10-46db-b2a4-3b4084caa418,세븐일레븐 광주상무공원점,주류 일반상품 등,518먹자골목상인회 골목형상점가,골목형상점가,광주광역시,,,
9630d1c9782a055ded21,full_annotation_v1,A,q_주류_03,주점,음식점 중 '주류'를 판매·제공하는 매장,train,주류,T2 동의어,b1dc7e0f-0e17-4ab1-a1af-6e6d184bf759,온씨닭집,음식점,상도약수골목형상점가,골목형상점가,서울특별시,,,
96f4d2a6b95a216b52ee,full_annotation_v1,A,q_주류_03,주점,음식점 중 '주류'를 판매·제공하는 매장,train,주류,T2 동의어,2b7f15e8-8c17-4b41-9122-01bd4fdd6492,간이역,주점,점촌역전상점가,자율상권구역,경상북도,,,
2fe62ac2a509a86eb3f4,full_annotation_v1,A,q_주류_03,주점,음식점 중 '주류'를 판매·제공하는 매장,train,주류,T2 동의어,05cb46f5-4d9a-4f21-95b2-2167ccde3a20,맛수다,맥주호프,신대방1동온누리길골목형상점가,골목형상점가,서울특별시,,,
9a5ca16d9020b9f0864d,full_annotation_v1,A,q_주류_03,주점,음식점 중 '주류'를 판매·제공하는 매장,train,주류,T2 동의어,93a2eb8f-1853-4026-9fa1-1421f412e396,옛날시골통닭,치킨,하동공설시장,전통시장,경상남도,,,
3f6c23e822ded5249ac9,full_annotation_v1,A,q_주류_03,주점,음식점 중 '주류'를 판매·제공하는 매장,train,주류,T2 동의어,a9c3317c-8b9a-4151-a9bb-123adeb34c92,이니,,신정상가시장,전통시장,울산광역시,,,
0d79baaa8dc9a5342267,full_annotation_v1,A,q_주류_03,주점,음식점 중 '주류'를 판매·제공하는 매장,train,주류,T2 동의어,fc2ae0a9-4a2f-441e-a299-3336f9c5f0c6,DS유통,수산물,중앙선어시장,전통시장,전라남도,,,
a7f3a61a1aaf3bbaaa7f,full_annotation_v1,A,q_주류_03,주점,음식점 중 '주류'를 판매·제공하는 매장,train,주류,T2 동의어,0b4c71b9-24d6-4a1b-a6e4-c50f029281af,무지개맥주,떡볶이 치킨 맥주등,고운마음 골목형상점가,골목형상점가,세종특별자치시,,,
7da66e8fd65780f5cefd,full_annotation_v1,A,q_주류_03,주점,음식점 중 '주류'를 판매·제공하는 매장,train,주류,T2 동의어,14ce00a0-8171-41bb-b6c0-9f8671f7d213,피트니스 아레나,,운암북문대로 골목형상점가,골목형상점가,,,,
14c3ac73f2e015145b7d,full_annotation_v1,A,q_주류_03,주점,음식점 중 '주류'를 판매·제공하는 매장,train,주류,T2 동의어,4c459e88-1df0-4a78-8a5d-a2700b79bab2,화룡주점,음식,샤로수길골목형상점가,골목형상점가,서울특별시,,,
f76b4760afa15d767028,full_annotation_v1,A,q_주류_03,주점,음식점 중 '주류'를 판매·제공하는 매장,train,주류,T2 동의어,2f00af14-6557-44aa-aa8d-56e0cb314415,꼬치집,주점,충무로골목형상점가,골목형상점가,서울특별시,,,
565a4427a4a1baa6c417,full_annotation_v1,A,q_주류_03,주점,음식점 중 '주류'를 판매·제공하는 매장,train,주류,T2 동의어,d5d99edb-e1a3-43fa-8b0a-7d5f8978140a,대광식품,농산물,가경터미널시장,전통시장,충청북도,,,
bf04e5bcd6e3aaf2e370,full_annotation_v1,A,q_주류_03,주점,음식점 중 '주류'를 판매·제공하는 매장,train,주류,T2 동의어,986e2d96-426e-4546-811f-38df4244b31d,게스중주점,의류,성서중심시장(성서시장문화의거리 통합),전통시장,충청북도,,,
ebdc10927586c39ac748,full_annotation_v1,A,q_주류_03,주점,음식점 중 '주류'를 판매·제공하는 매장,train,주류,T2 동의어,02d211af-7e55-492e-ad20-15e6a940a76e,씨유아산북수점,"가공식사, 음료, 주류",배방상점가,자율상권구역,충청남도,,,
128cb385431510c1e19e,full_annotation_v1,A,q_주류_03,주점,음식점 중 '주류'를 판매·제공하는 매장,train,주류,T2 동의어,83712d0d-492b-436e-a58e-22f6d4a6a4d8,아스론가연신내점,주점,연신내골목형상점가,골목형상점가,서울특별시,,,
4d1f35e3c2e8e0775924,full_annotation_v1,A,q_주류_03,주점,음식점 중 '주류'를 판매·제공하는 매장,train,주류,T2 동의어,0c2e22b5-7d3a-4929-962e-ce457f5b2619,투싼운천점,호프,운천테라스길상인회 골목형상점가,골목형상점가,광주광역시,,,
ccc5a47e946a56ab803d,full_annotation_v1,A,q_주류_03,주점,음식점 중 '주류'를 판매·제공하는 매장,train,주류,T2 동의어,1f4bb83f-3b1d-4faf-b1b8-b5d2be03d178,임페리얼공주점,의류,공주산성 활성화구역,상권활성화구역,충청남도,,,
420b10dd9bbcec53f104,full_annotation_v1,A,q_주류_03,주점,음식점 중 '주류'를 판매·제공하는 매장,train,주류,T2 동의어,01ebd263-b47f-4f4e-a8d8-06a2fef5c306,탄광맥주광주중홍점,,중흥동 큰샘길 골목형상점가,골목형상점가,,,,
ea9a45f4256af8c3949f,full_annotation_v1,A,q_주류_03,주점,음식점 중 '주류'를 판매·제공하는 매장,train,주류,T2 동의어,7a4cdbf5-e57f-4ee2-a73c-caa1b5002710,대길주점,한식,태화시장,전통시장,울산광역시,,,
18b9dfe3d21be7d903d4,full_annotation_v1,A,q_주류_03,주점,음식점 중 '주류'를 판매·제공하는 매장,train,주류,T2 동의어,7af3c906-e4dd-49ba-9385-25e83f5dbfa5,쎌빠경주점,한식,경주중심상가,전통시장,경상북도,,,
94571ce4b2efea435214,full_annotation_v1,A,q_주류_03,주점,음식점 중 '주류'를 판매·제공하는 매장,train,주류,T2 동의어,5ee81c2a-a5ac-49af-9d46-244121a8a308,히마와리,주점,석계음식문화거리골목형상점가,골목형상점가,서울특별시,,,
f5e06c4f197780095033,full_annotation_v1,A,q_주류_03,주점,음식점 중 '주류'를 판매·제공하는 매장,train,주류,T2 동의어,a2731cbc-b2c4-42f6-bac0-fd9b634d981e,맥쑈,주점,방이시장,전통시장,서울특별시,,,
fc5191a50da261954eb9,full_annotation_v1,A,q_주류_03,주점,음식점 중 '주류'를 판매·제공하는 매장,train,주류,T2 동의어,09dbde5e-e5d3-434d-ab76-1c35c3b31f60,아이오아이전주점,,대방디엠시티 골목형상점가,골목형상점가,전북특별자치도,,,
bfad4e1964294f38ee54,full_annotation_v1,A,q_주류_03,주점,음식점 중 '주류'를 판매·제공하는 매장,train,주류,T2 동의어,d989ed1d-a22c-4702-8fec-1211c2167d94,주강 전주점,,세병길 골목형상점가,골목형상점가,전북특별자치도,,,
bea9a86ec6260311a325,full_annotation_v1,A,q_주류_03,주점,음식점 중 '주류'를 판매·제공하는 매장,train,주류,T2 동의어,f0f8d837-db23-4eb0-9bd1-42ae14c73c6a,이작가야,주점,난곡 신사맛길 골목형상점가,골목형상점가,서울특별시,,,
b5d48ca04063afee609e,full_annotation_v1,A,q_주류_03,주점,음식점 중 '주류'를 판매·제공하는 매장,train,주류,T2 동의어,95254db0-791b-4bc2-ae0e-7c44215d902b,복도요거트,휴게음식,창원 상남시장,전통시장,경상남도,,,
bc0d460467545c0bb33a,full_annotation_v1,A,q_주류_03,주점,음식점 중 '주류'를 판매·제공하는 매장,train,주류,T2 동의어,5d47ab45-6817-4ca9-a116-1cbf212d10c8,술이있는마을,주점,미성동도깨비시장,골목형상점가,서울특별시,,,
35a7dca0107a5042de8f,full_annotation_v1,A,q_주류_03,주점,음식점 중 '주류'를 판매·제공하는 매장,train,주류,T2 동의어,86699580-c04a-4415-b848-cec3f231336c,씨영주점,의류,영주문화시장,전통시장,경상북도,,,
1b6af6287a1ae6117f2f,full_annotation_v1,A,q_주류_03,주점,음식점 중 '주류'를 판매·제공하는 매장,train,주류,T2 동의어,0c660933-b30e-41ce-959c-85408967d48e,동우상회,할어,사천 삼천포용궁수산시장,전통시장,경상남도,,,
09803748d933f89568ea,full_annotation_v1,A,q_주류_03,주점,음식점 중 '주류'를 판매·제공하는 매장,train,주류,T2 동의어,e8d7836c-f01b-4cbb-b882-ff71380eb436,오봉주점,한식,배밭골골목형상점가,골목형상점가,서울특별시,,,
9f89932f91c1fd39da84,full_annotation_v1,A,q_주류_03,주점,음식점 중 '주류'를 판매·제공하는 매장,train,주류,T2 동의어,78f49fcd-e50e-4c7c-ad8d-35ace7859831,버커루제주점,의류,제주중앙지하상가,일반지하상점가,제주특별자치도,,,
da090625a48971485302,full_annotation_v1,A,q_주류_03,주점,음식점 중 '주류'를 판매·제공하는 매장,train,주류,T2 동의어,06662c32-9207-484d-8ae9-4ff83fd7ba26,스터디하우스 스터디카페 동광주점독서실,,초록쉼터길 골목형상점가,골목형상점가,,,,
1b2010a5c3645d5468c9,full_annotation_v1,A,q_주류_03,주점,음식점 중 '주류'를 판매·제공하는 매장,train,주류,T2 동의어,c9ca31f7-17c8-4c1a-851d-b03c13f941db,하이오비,주점,연신내골목형상점가,골목형상점가,서울특별시,,,
189065331ac2204c2740,full_annotation_v1,A,q_주류_03,주점,음식점 중 '주류'를 판매·제공하는 매장,train,주류,T2 동의어,7ddeaf34-c5cb-4587-8b4f-3eef08d93a3f,파 사디 진 주점,의류,진주 중앙상점가,자율상권구역,경상남도,,,
10edf7ce27c367bd86c4,full_annotation_v1,A,q_주류_03,주점,음식점 중 '주류'를 판매·제공하는 매장,train,주류,T2 동의어,ea6872f0-7b03-4f7e-9240-9486ae6fa1f3,욘더스콘나주점,빵,나주혁신도시 골목형상점가,골목형상점가,전라남도,,,
b06d5cb1f85f0fba97ae,full_annotation_v1,A,q_주류_03,주점,음식점 중 '주류'를 판매·제공하는 매장,train,주류,T2 동의어,022309d5-158b-4d21-92b9-e70d2f09ef51,나의 인생 맥주,,동천세븐로데오 골목형상점가,골목형상점가,대구광역시,,,
00106d086175158674c3,full_annotation_v1,A,q_주류_03,주점,음식점 중 '주류'를 판매·제공하는 매장,train,주류,T2 동의어,5f7a2075-10c8-434b-ac22-e57ecde5459a,지프영주점,의류,영주문화시장,전통시장,경상북도,,,
401b18f53ceac669cc75,full_annotation_v1,A,q_주류_03,주점,음식점 중 '주류'를 판매·제공하는 매장,train,주류,T2 동의어,04ea1586-2a59-42e4-ba9c-58fae3e8fa12,미짱네 선물가게,"채소, 과실 및 뿌리작물, 가전제품소",전주풍남문상점가,자율상권구역,전북특별자치도,,,
27800c01991634c0108c,full_annotation_v1,A,q_주류_03,주점,음식점 중 '주류'를 판매·제공하는 매장,train,주류,T2 동의어,dc8bec18-1cf1-49d4-8b19-a92323edde6e,주당각,주점,수유역골목형상점가,골목형상점가,서울특별시,,,
a8dc3f64227bdcde57ab,full_annotation_v1,A,q_주류_03,주점,음식점 중 '주류'를 판매·제공하는 매장,train,주류,T2 동의어,74a983a7-cb80-4f0b-b3a6-23476d6a3f6f,이자카야우규쌍문역점,주점,쌍문역둘리상점가,자율상권구역,서울특별시,,,
404ae72a5e96a89f3490,full_annotation_v1,A,q_주류_03,주점,음식점 중 '주류'를 판매·제공하는 매장,train,주류,T2 동의어,dda4d988-704f-4c4e-a0c5-3cbfda0d6415,워원주점,신발,원주미로예술중앙시장(원주중앙시장),전통시장,강원특별자치도,,,
10327c4507748e3893f9,full_annotation_v1,A,q_주류_03,주점,음식점 중 '주류'를 판매·제공하는 매장,train,주류,T2 동의어,0b425179-aebb-4ccb-8539-08350ede08d4,광주JNC벨리&댄스운동센터 봉선점,밸리댄스 스포츠,주월1동봉선로 골목형상점가,골목형상점가,광주광역시,,,
3abb44e451028287998b,full_annotation_v1,A,q_주류_03,주점,음식점 중 '주류'를 판매·제공하는 매장,train,주류,T2 동의어,f714859e-00f6-4f79-992a-57cd7a0f0b3a,대진상회,야채,경동광성상가,전통시장,서울특별시,,,
0d92d1a298faa0e8d8f0,full_annotation_v1,A,q_주류_03,주점,음식점 중 '주류'를 판매·제공하는 매장,train,주류,T2 동의어,0484dbf3-ef62-434e-9a39-81721bca6270,역전할머니맥주백운점,호프,백운먹자 골목형상점가,골목형상점가,광주광역시,,,
709caecd4d8e21fabb67,full_annotation_v1,A,q_주류_03,주점,음식점 중 '주류'를 판매·제공하는 매장,train,주류,T2 동의어,02d7aeee-4636-4b5b-a6e7-856fa40d7038,크라운호프 충남대점,호프,궁동 골목형상점가,골목형상점가,대전광역시,,,
8f0e8cc8890c7b862996,full_annotation_v1,A,q_주류_03,주점,음식점 중 '주류'를 판매·제공하는 매장,train,주류,T2 동의어,c82efaf5-9c7d-4850-9c28-57ce65f3115c,엑셀주점,한식,양정 골목형상점가,골목형상점가,울산광역시,,,
d87136cb0407d8e5f21e,full_annotation_v1,A,q_주류_03,주점,음식점 중 '주류'를 판매·제공하는 매장,train,주류,T2 동의어,93d78618-eacf-46b7-a965-485fd97ee655,참빛안경원,안경,주월1동봉선로 골목형상점가,골목형상점가,광주광역시,,,
4e6b566a689e2a8f8b84,full_annotation_v1,A,q_주류_03,주점,음식점 중 '주류'를 판매·제공하는 매장,train,주류,T2 동의어,a83d9536-4684-4501-89d9-f24f3f8ba748,미센스,의류,금호1동상가번영회 골목형상점가,골목형상점가,광주광역시,,,
513b3110bad61742d9b6,full_annotation_v1,A,q_주류_03,주점,음식점 중 '주류'를 판매·제공하는 매장,train,주류,T2 동의어,0a021c52-9acc-40e6-b59e-ef0269a60fcd,주주클럽,기타(호프),하남 골목형상점가,골목형상점가,광주광역시,,,
4e172998af1801cd13a0,full_annotation_v1,A,q_주류_03,주점,음식점 중 '주류'를 판매·제공하는 매장,train,주류,T2 동의어,fd9cfc3c-9e63-4877-8f70-90c4598bddfd,로엠경주점,,경주중심상가,전통시장,경상북도,,,
23b76aed276726c24a39,full_annotation_v1,A,q_주류_03,주점,음식점 중 '주류'를 판매·제공하는 매장,train,주류,T2 동의어,6ad587cd-28a7-4e3d-b4ff-f9d2a8ac24f8,선경사,,부산평화시장,전통시장,부산광역시,,,
c7099592b2f24f81fe9c,full_annotation_v1,A,q_주류_03,주점,음식점 중 '주류'를 판매·제공하는 매장,train,주류,T2 동의어,06eab6d0-6e19-4260-bf4d-e8d75adc20f3,제스파 안마의자 광주점,,광주여대 골목형상점가,골목형상점가,,,,
6647fb071cb949eb641b,full_annotation_v1,A,q_주류_03,주점,음식점 중 '주류'를 판매·제공하는 매장,train,주류,T2 동의어,6e8a4159-e270-4ae2-9aab-2cba7454c584,홍로,주점업,영동전통시장,전통시장,서울특별시,,,
0b1db5938521564859e8,full_annotation_v1,A,q_주류_03,주점,음식점 중 '주류'를 판매·제공하는 매장,train,주류,T2 동의어,fd5f8cc2-4bc3-487c-a650-3c7d24a7c1f4,무제,주점,가양역사거리골목형상점가,골목형상점가,서울특별시,,,
2b13d09c30391bad1d50,full_annotation_v1,A,q_주류_03,주점,음식점 중 '주류'를 판매·제공하는 매장,train,주류,T2 동의어,02c50bb2-a429-4cff-9486-3b64bedcf838,흥덕포차,"음식, 주류",흥덕 다채움 골목형 상점가,골목형상점가,경기도,,,
b96b620e6c6e56984a96,full_annotation_v1,A,q_주류_03,주점,음식점 중 '주류'를 판매·제공하는 매장,train,주류,T2 동의어,071fc410-0d42-4e4f-80a3-db98c98bb4df,우리맥주,호프,새시장 골목형상점가,골목형상점가,대전광역시,,,
e90c668675b39c6995fe,full_annotation_v1,A,q_주류_03,주점,음식점 중 '주류'를 판매·제공하는 매장,train,주류,T2 동의어,03a2ee33-c2cb-4274-a24e-56a5030917ae,아이비소주방,간이주점,고성시장,전통시장,경상남도,,,
779ec5a254674d7a13cb,full_annotation_v1,A,q_주류_03,주점,음식점 중 '주류'를 판매·제공하는 매장,train,주류,T2 동의어,003a0ca2-f806-4d7a-b324-1dc98c6ea543,농업회사법인유한회사덕유,과실발효주 리큐르주 일반증류주 주류,백년소상공인,기타,전북특별자치도,,,
97e9fce3442d7d474013,full_annotation_v1,A,q_주류_03,주점,음식점 중 '주류'를 판매·제공하는 매장,train,주류,T2 동의어,08b5afb2-c48e-4323-9611-40e8ee2819e2,지센경주점,,경주중심상가,전통시장,경상북도,,,
f9eb3c87164d5e03aa09,full_annotation_v1,A,q_주류_03,주점,음식점 중 '주류'를 판매·제공하는 매장,train,주류,T2 동의어,e08f7a10-8815-4700-b1ee-86855c82eff7,유림통닭,주점,완도중앙시장,전통시장,전라남도,,,
23bb0f78948a1bae8878,full_annotation_v1,A,q_주류_04,호프,음식점 중 '주류'를 판매·제공하는 매장,train,주류,T2 동의어,5be8e027-bf3b-401a-9d9a-c76d688e3b21,써니비어,호프,풍암신암상인회 골목형상점가,골목형상점가,광주광역시,,,
39988b81f0f81a818b8d,full_annotation_v1,A,q_주류_04,호프,음식점 중 '주류'를 판매·제공하는 매장,train,주류,T2 동의어,799699b1-8bf2-4b4c-851a-ed2091770694,미미,호프,풍암벚꽃길상인회 골목형상점가,골목형상점가,광주광역시,,,
36fcc2c58e3143f40200,full_annotation_v1,A,q_주류_04,호프,음식점 중 '주류'를 판매·제공하는 매장,train,주류,T2 동의어,02d7aeee-4636-4b5b-a6e7-856fa40d7038,크라운호프 충남대점,호프,궁동 골목형상점가,골목형상점가,대전광역시,,,
187cec32e712807edb98,full_annotation_v1,A,q_주류_04,호프,음식점 중 '주류'를 판매·제공하는 매장,train,주류,T2 동의어,eb3d1ff6-da5b-476c-9d54-f31bac8dbb84,대진상회,식잡,서부시장(서부재래시장),전통시장,충청남도,,,
d4441d004e13140ccde7,full_annotation_v1,A,q_주류_04,호프,음식점 중 '주류'를 판매·제공하는 매장,train,주류,T2 동의어,e2aa75f7-47fd-499d-ac3c-077a0b73a9d6,웰빙천국,건강식품,주안시민지하도상점가,일반지하상점가,인천광역시,,,
bd9f0c0bcfde353aa4de,full_annotation_v1,A,q_주류_04,호프,음식점 중 '주류'를 판매·제공하는 매장,train,주류,T2 동의어,88c96280-a6c4-4660-ab3d-b00f14f87932,까투리도산우미점,호프,임방울거리1구역 골목형상점가,골목형상점가,광주광역시,,,
926ffb165fb0652a88dd,full_annotation_v1,A,q_주류_04,호프,음식점 중 '주류'를 판매·제공하는 매장,train,주류,T2 동의어,03a2ee33-c2cb-4274-a24e-56a5030917ae,아이비소주방,간이주점,고성시장,전통시장,경상남도,,,
f75696a3e992d86be844,full_annotation_v1,A,q_주류_04,호프,음식점 중 '주류'를 판매·제공하는 매장,train,주류,T2 동의어,148574c8-3b55-4224-bff2-3715b3c14aca,투다리,호프,학운동 365 골목형상점가,골목형상점가,광주광역시,,,
0dadab9879d2a4e832c2,full_annotation_v1,A,q_주류_04,호프,음식점 중 '주류'를 판매·제공하는 매장,train,주류,T2 동의어,e9b8a50a-b17f-479d-a8a3-1ce158523de0,오늘한잔,호프,쌍촌역상인회 골목형상점가,골목형상점가,광주광역시,,,
e1a87302c265f29ca924,full_annotation_v1,A,q_주류_04,호프,음식점 중 '주류'를 판매·제공하는 매장,train,주류,T2 동의어,5df58882-23f1-4031-bba8-ecdf6096a0f3,장현굿샷골프연습장,골프연습장,남양주장현전통시장,전통시장,경기도,,,
a2cb7c39bb6f096b91b6,full_annotation_v1,A,q_주류_04,호프,음식점 중 '주류'를 판매·제공하는 매장,train,주류,T2 동의어,bb632228-e3a4-4102-bb46-f7233903b1f6,투모아,호프,치평상무역상인회 골목형상점가,골목형상점가,광주광역시,,,
f3bb6bcdbb586afef0e3,full_annotation_v1,A,q_주류_04,호프,음식점 중 '주류'를 판매·제공하는 매장,train,주류,T2 동의어,bb2d4836-8125-4ba8-81c7-c0d07e6ba3c6,펀비어킹,호프,서부안심길골목형상점가,골목형상점가,서울특별시,,,
16a316ec0f3461ee203c,full_annotation_v1,A,q_주류_04,호프,음식점 중 '주류'를 판매·제공하는 매장,train,주류,T2 동의어,20cc4c34-5117-4529-8b1b-357f00e72f2e,빛과밤,호프,운암이 골목형상점가,골목형상점가,광주광역시,,,
a9c37ee4a036fc1d50c8,full_annotation_v1,A,q_주류_04,호프,음식점 중 '주류'를 판매·제공하는 매장,train,주류,T2 동의어,85452cc8-4258-4b78-bac9-2d9aab7333aa,봉자호프,호프,거창 가조상점가거리,골목형상점가,경상남도,,,
c259bc49b1c547e01418,full_annotation_v1,A,q_주류_04,호프,음식점 중 '주류'를 판매·제공하는 매장,train,주류,T2 동의어,d9c31c22-3c27-4ba3-81c2-380d5951e548,내친구김지은,호프,양산동 골목형상점가,골목형상점가,광주광역시,,,
7a51ccfd449e61bb3ae5,full_annotation_v1,A,q_주류_04,호프,음식점 중 '주류'를 판매·제공하는 매장,train,주류,T2 동의어,3aeaf06c-9770-4d65-bc74-625ad0874d3d,술창고,호프,장덕로 골목형상점가,골목형상점가,광주광역시,,,
810db27bd0b3f43a143e,full_annotation_v1,A,q_주류_04,호프,음식점 중 '주류'를 판매·제공하는 매장,train,주류,T2 동의어,d6781431-dcbe-42ff-a93e-c0f250e5dbe4,미성상회,도소매(고춧가루 농수산물),서울중앙시장,전통시장,서울특별시,,,
b982e02a8c049b2dd017,full_annotation_v1,A,q_주류_04,호프,음식점 중 '주류'를 판매·제공하는 매장,train,주류,T2 동의어,288b8b4e-e7a6-4f9a-9ed7-8f802b06d97b,타일러,호프,신설동들락거리,골목형상점가,서울특별시,,,
d709589f200a1811def7,full_annotation_v1,A,q_주류_04,호프,음식점 중 '주류'를 판매·제공하는 매장,train,주류,T2 동의어,022309d5-158b-4d21-92b9-e70d2f09ef51,나의 인생 맥주,,동천세븐로데오 골목형상점가,골목형상점가,대구광역시,,,
51ce0d3f2c3ee0452b6c,full_annotation_v1,A,q_주류_04,호프,음식점 중 '주류'를 판매·제공하는 매장,train,주류,T2 동의어,5ea44264-6ec1-4666-8191-26077dd868f8,옛사랑,호프,탄방동7번길 상인회,골목형상점가,대전광역시,,,
ecf6c732224926cd5a05,full_annotation_v1,A,q_주류_04,호프,음식점 중 '주류'를 판매·제공하는 매장,train,주류,T2 동의어,53b382c1-849c-4902-a5ec-f31ae33a3020,동이랑전이랑,호프,역전시장,전통시장,충청남도,,,
1fea0404a249fce614c5,full_annotation_v1,A,q_주류_04,호프,음식점 중 '주류'를 판매·제공하는 매장,train,주류,T2 동의어,22a37841-ace7-44fa-a138-beede21cef9e,명보호프,호프,충무로골목형상점가,골목형상점가,서울특별시,,,
c346268ea9687daa5d10,full_annotation_v1,A,q_주류_04,호프,음식점 중 '주류'를 판매·제공하는 매장,train,주류,T2 동의어,18681636-d3b3-4ddf-beb6-36b5125316ab,주 호프,,백운브릿지 골목형상점가,골목형상점가,광주광역시,,,
29b81c93176f0f42bf9d,full_annotation_v1,A,q_주류_04,호프,음식점 중 '주류'를 판매·제공하는 매장,train,주류,T2 동의어,df3d3735-19d3-42c1-b6c5-0f242f9d1305,고령참기름,"참기름, 들기름농산, 고추가루",달서시장,전통시장,대구광역시,,,
0bec050689fab38dda31,full_annotation_v1,A,q_주류_04,호프,음식점 중 '주류'를 판매·제공하는 매장,train,주류,T2 동의어,01ebd263-b47f-4f4e-a8d8-06a2fef5c306,탄광맥주광주중홍점,,중흥동 큰샘길 골목형상점가,골목형상점가,,,,
968782e643a2457453ac,full_annotation_v1,A,q_주류_04,호프,음식점 중 '주류'를 판매·제공하는 매장,train,주류,T2 동의어,02d211af-7e55-492e-ad20-15e6a940a76e,씨유아산북수점,"가공식사, 음료, 주류",배방상점가,자율상권구역,충청남도,,,
40bcdfa13fc47aed4821,full_annotation_v1,A,q_주류_04,호프,음식점 중 '주류'를 판매·제공하는 매장,train,주류,T2 동의어,5d8b71bb-7f29-4e5c-81a4-60066b68e808,백만불,호프,화정동 서부시장,전통시장,광주광역시,,,
9dfac3ac1e6d9021ce6a,full_annotation_v1,A,q_주류_04,호프,음식점 중 '주류'를 판매·제공하는 매장,train,주류,T2 동의어,b2f624f3-1e11-4186-af51-2ada5746d122,화장품타운,소매(화장품),성내전통시장,전통시장,서울특별시,,,
c831edd421a06d49b63f,full_annotation_v1,A,q_주류_04,호프,음식점 중 '주류'를 판매·제공하는 매장,train,주류,T2 동의어,01aff2df-96ed-440a-8824-c5d94db54050,제프리,의류,성남중앙지하시장,일반지하상점가,경기도,,,
e330e915e0f048fadb9c,full_annotation_v1,A,q_주류_04,호프,음식점 중 '주류'를 판매·제공하는 매장,train,주류,T2 동의어,d22dbbd9-95b2-4290-9027-566e430aa725,봉구비어,호프,두암3동 먹자골목 골목형상점가,골목형상점가,광주광역시,,,
b67ec9b63b29eb1f5acc,full_annotation_v1,A,q_주류_04,호프,음식점 중 '주류'를 판매·제공하는 매장,train,주류,T2 동의어,ddbf5c3c-a51e-4f56-a04f-aeecbad6f4d8,펀비어킹,호프,대명여울빛거리시장,전통시장,서울특별시,,,
0c47efb1eb58b5b54c2d,full_annotation_v1,A,q_주류_04,호프,음식점 중 '주류'를 판매·제공하는 매장,train,주류,T2 동의어,9b1c3e27-81aa-4590-82a9-d065a062ef88,아우라,호프,염주먹자골목A구역상인회 골목형상점가,골목형상점가,광주광역시,,,
1efa76e34037435f33d1,full_annotation_v1,A,q_주류_04,호프,음식점 중 '주류'를 판매·제공하는 매장,train,주류,T2 동의어,ab9d22cb-a654-48b1-b84f-104d6dce235a,솜리맥주,호프,익산남부시장,전통시장,전북특별자치도,,,
800a316729579577b755,full_annotation_v1,A,q_주류_04,호프,음식점 중 '주류'를 판매·제공하는 매장,train,주류,T2 동의어,7901648e-479b-4476-be4b-a02e51a141e9,쑥맥,호프,상봉먹자골목형상점가,골목형상점가,서울특별시,,,
139449d05ea8acab7b8a,full_annotation_v1,A,q_주류_04,호프,음식점 중 '주류'를 판매·제공하는 매장,train,주류,T2 동의어,628e17fd-cbec-4f4e-be7a-c46f5d775129,엄지호프,일반음식 및 호프,하남 골목형상점가,골목형상점가,광주광역시,,,
04e3b1565b61de4c959c,full_annotation_v1,A,q_주류_04,호프,음식점 중 '주류'를 판매·제공하는 매장,train,주류,T2 동의어,392449a0-f34b-464a-9635-0bb4e347e77a,서림수산,냉동수산물,반여농산물도매시장 관련상품동,골목형상점가,부산광역시,,,
52f53d693cfeaf937d4a,full_annotation_v1,A,q_주류_04,호프,음식점 중 '주류'를 판매·제공하는 매장,train,주류,T2 동의어,536ce01b-ab5f-4b06-a42a-eecf0a8d1a7f,초이사진관,사진촬영,금곡 홍유릉상점가,자율상권구역,경기도,,,
3a7c2ac421008860dbb3,full_annotation_v1,A,q_주류_04,호프,음식점 중 '주류'를 판매·제공하는 매장,train,주류,T2 동의어,b0916571-9bb7-4d4f-b2cb-a16c7ad965fb,오라고,호프,참샘상인회 골목형상점가,골목형상점가,광주광역시,,,
c6751a8dacb7185ff8d3,full_annotation_v1,A,q_주류_04,호프,음식점 중 '주류'를 판매·제공하는 매장,train,주류,T2 동의어,fadd270a-8566-4153-ad11-11ac47289bf4,필호프,호프,황계 골목형상점가,골목형상점가,광주광역시,,,
31c14c206ad31afd4a15,full_annotation_v1,A,q_주류_04,호프,음식점 중 '주류'를 판매·제공하는 매장,train,주류,T2 동의어,1c3d8c32-ac10-4de9-90b9-43fcbd4d5846,다크호스집,호프,발산마을상인회 골목형상점가,골목형상점가,광주광역시,,,
8ec6deedee86a797a074,full_annotation_v1,A,q_주류_04,호프,음식점 중 '주류'를 판매·제공하는 매장,train,주류,T2 동의어,7641ffc1-2d52-424f-8dc3-98afd01f8169,투인방,호프,동천동벚꽃길상인회 골목형상점가,골목형상점가,광주광역시,,,
0eba190a414e40829540,full_annotation_v1,A,q_주류_04,호프,음식점 중 '주류'를 판매·제공하는 매장,train,주류,T2 동의어,50754f54-a524-4404-b752-7a6262d8f0c5,나쁜여자,호프,신진항 골목형상점가,골목형상점가,충청남도,,,
05a8440401dee47b9ae1,full_annotation_v1,A,q_주류_04,호프,음식점 중 '주류'를 판매·제공하는 매장,train,주류,T2 동의어,025146ee-7cf6-4f78-be47-b36900070846,에이마트,식품 음료 주류 담배,우산어등마을 골목형상점가,골목형상점가,광주광역시,,,
ae2c76d808c7b3983570,full_annotation_v1,A,q_주류_04,호프,음식점 중 '주류'를 판매·제공하는 매장,train,주류,T2 동의어,c8c4527f-9761-400c-8738-49ebca8770d4,술짝,호프,화운로상인회 골목형상점가,골목형상점가,광주광역시,,,
b202081c2bdf7e54ca47,full_annotation_v1,A,q_주류_04,호프,음식점 중 '주류'를 판매·제공하는 매장,train,주류,T2 동의어,149bae14-accc-4be7-b20f-e65034606291,투다리원마루점,호프,원마루시장,전통시장,충청북도,,,
3513374824f9a4d5dffd,full_annotation_v1,A,q_주류_04,호프,음식점 중 '주류'를 판매·제공하는 매장,train,주류,T2 동의어,6791914f-fa45-4c92-8f55-bd6c088d050c,마셔블자,호프,마륵동상인회 골목형상점가,골목형상점가,광주광역시,,,
63396c61a63a8db948d4,full_annotation_v1,A,q_주류_04,호프,음식점 중 '주류'를 판매·제공하는 매장,train,주류,T2 동의어,18cbb32a-1d60-414f-bc83-1a729876342d,본차차,호프,신창부영 골목형상점가,골목형상점가,광주광역시,,,
6159ce29d8b806f184b7,full_annotation_v1,A,q_주류_04,호프,음식점 중 '주류'를 판매·제공하는 매장,train,주류,T2 동의어,2a754333-24ab-4342-a2ef-fd0e5116f656,동아리,호프,더불어용두 골목형상점가,골목형상점가,광주광역시,,,
b9010f959ef07dfb3e75,full_annotation_v1,A,q_주류_04,호프,음식점 중 '주류'를 판매·제공하는 매장,train,주류,T2 동의어,8f102e42-5b3a-43be-836b-07df6ea70473,소나기,호프,쌍학로상인회 골목형상점가,골목형상점가,광주광역시,,,
e8b68b8103f1b1677334,full_annotation_v1,A,q_주류_04,호프,음식점 중 '주류'를 판매·제공하는 매장,train,주류,T2 동의어,0668e206-a76a-4eab-8d0a-9485eced8f79,연자방앗간,방앗간,대해불빛시장(대해종합시장),전통시장,경상북도,,,
1f83e275e22842f82b01,full_annotation_v1,A,q_주류_04,호프,음식점 중 '주류'를 판매·제공하는 매장,train,주류,T2 동의어,0c2e22b5-7d3a-4929-962e-ce457f5b2619,투싼운천점,호프,운천테라스길상인회 골목형상점가,골목형상점가,광주광역시,,,
dec1dc85a8346d408de8,full_annotation_v1,A,q_주류_04,호프,음식점 중 '주류'를 판매·제공하는 매장,train,주류,T2 동의어,f8eb7b95-52fb-4cc4-97f1-214e8cd349ab,산울림,호프,탄방동7번길 상인회,골목형상점가,대전광역시,,,
88e6fba10146670a42f7,full_annotation_v1,A,q_주류_04,호프,음식점 중 '주류'를 판매·제공하는 매장,train,주류,T2 동의어,06eab6d0-6e19-4260-bf4d-e8d75adc20f3,제스파 안마의자 광주점,,광주여대 골목형상점가,골목형상점가,,,,
0dd2ba1901d048718c3a,full_annotation_v1,A,q_주류_04,호프,음식점 중 '주류'를 판매·제공하는 매장,train,주류,T2 동의어,dfabb46e-3fe3-4f21-bcdd-f0b7627878a4,삿갓촌,호프,임동 골목형상점가,골목형상점가,광주광역시,,,
81fc292a64b38fd596ba,full_annotation_v1,A,q_주류_04,호프,음식점 중 '주류'를 판매·제공하는 매장,train,주류,T2 동의어,0a5bef39-21a8-480d-be95-6a4f27feb0a5,송가네호프,호프,광탄전통시장,전통시장,경기도,,,
e77c3c241cfe19146245,full_annotation_v1,A,q_주류_04,호프,음식점 중 '주류'를 판매·제공하는 매장,train,주류,T2 동의어,0a021c52-9acc-40e6-b59e-ef0269a60fcd,주주클럽,기타(호프),하남 골목형상점가,골목형상점가,광주광역시,,,
eda46acc66e2e17c3953,full_annotation_v1,A,q_주류_04,호프,음식점 중 '주류'를 판매·제공하는 매장,train,주류,T2 동의어,4c9b9d40-9ddb-4a9a-b174-84bdfaa20c52,스토리,호프,풍암당산상인회 골목형상점가,골목형상점가,광주광역시,,,
491910322ae173111fbc,full_annotation_v1,A,q_주류_04,호프,음식점 중 '주류'를 판매·제공하는 매장,train,주류,T2 동의어,7d06a9f8-2b90-4043-a9bc-7e169ce4749b,간이역,호프,풍납시장,전통시장,서울특별시,,,
d7d07852c8d5032b6d32,full_annotation_v1,A,q_주류_04,호프,음식점 중 '주류'를 판매·제공하는 매장,train,주류,T2 동의어,57d17ad8-fb3f-41e2-bc65-795f083aa90e,객주,호프,직산읍삼은1번가골목형상점가,골목형상점가,충청남도,,,
6062e21cb6cb8f85f663,full_annotation_v1,A,q_주류_04,호프,음식점 중 '주류'를 판매·제공하는 매장,train,주류,T2 동의어,003a0ca2-f806-4d7a-b324-1dc98c6ea543,농업회사법인유한회사덕유,과실발효주 리큐르주 일반증류주 주류,백년소상공인,기타,전북특별자치도,,,
4e0ece2460b8ab61ad60,full_annotation_v1,A,q_주류_04,호프,음식점 중 '주류'를 판매·제공하는 매장,train,주류,T2 동의어,42a8f63b-b933-4edc-8503-7f0d89ab3842,투인방,호프,유촌동상인회 골목형상점가,골목형상점가,광주광역시,,,
211655d2ddacdbb0864c,full_annotation_v1,A,q_주류_04,호프,음식점 중 '주류'를 판매·제공하는 매장,train,주류,T2 동의어,5a1b8fde-2f9b-4bb4-b9d2-446852662902,오늘하루,호프,노대물빛근린공원 골목형상점가,골목형상점가,광주광역시,,,
9b4496fe7cc58156e60f,full_annotation_v1,A,q_주류_04,호프,음식점 중 '주류'를 판매·제공하는 매장,train,주류,T2 동의어,4dc407e6-2bde-42e3-aefd-99551bdbef52,광익상사,일반기계 장비,인천산업유통센터,전통시장,인천광역시,,,
11b76b99e70e8e5653d9,full_annotation_v1,A,q_주류_04,호프,음식점 중 '주류'를 판매·제공하는 매장,train,주류,T2 동의어,144b797a-d47e-4650-a1c2-2fc25ecda163,천금호프,호프,법동 먹자골목 골목형상점가,골목형상점가,대전광역시,,,
82166d2b29ffe28164fb,full_annotation_v1,A,q_주류_04,호프,음식점 중 '주류'를 판매·제공하는 매장,train,주류,T2 동의어,56fad88c-147e-4c02-8d84-8900efecbb0b,투다리,호프,운천테라스길상인회 골목형상점가,골목형상점가,광주광역시,,,
6190e3131fbfb9f44bb5,full_annotation_v1,A,q_주류_04,호프,음식점 중 '주류'를 판매·제공하는 매장,train,주류,T2 동의어,0b4c71b9-24d6-4a1b-a6e4-c50f029281af,무지개맥주,떡볶이 치킨 맥주등,고운마음 골목형상점가,골목형상점가,세종특별자치시,,,
c8b6979ed15ae5ac3a06,full_annotation_v1,A,q_주류_04,호프,음식점 중 '주류'를 판매·제공하는 매장,train,주류,T2 동의어,dfd0fd5f-165e-4f47-aed6-94564afba68e,발랄한맥주,호프,수완아름마을,골목형상점가,광주광역시,,,
c2be29364054217f394e,full_annotation_v1,A,q_주류_04,호프,음식점 중 '주류'를 판매·제공하는 매장,train,주류,T2 동의어,e3d7443b-d100-4626-9e4b-70868e15158f,마르,호프,버들마을상인회 골목형상점가,골목형상점가,광주광역시,,,
c745ce1cf7646ed36126,full_annotation_v1,A,q_주류_04,호프,음식점 중 '주류'를 판매·제공하는 매장,train,주류,T2 동의어,08b5afb2-c48e-4323-9611-40e8ee2819e2,지센경주점,,경주중심상가,전통시장,경상북도,,,
23da4183841e6ecd4ae8,full_annotation_v1,A,q_주류_04,호프,음식점 중 '주류'를 판매·제공하는 매장,train,주류,T2 동의어,d7f9b1da-5f15-4111-a776-21a56a9fdbc9,리베르,호프,루원음식문화거리,골목형상점가,인천광역시,,,
cb968e79513f724dd939,full_annotation_v1,A,q_주류_04,호프,음식점 중 '주류'를 판매·제공하는 매장,train,주류,T2 동의어,2aa39f87-7157-4241-9d0e-657a9245676c,비어스업,호프,동인천먹자골목형상점가,골목형상점가,인천광역시,,,
ad7e9fb51d612223e961,full_annotation_v1,A,q_주류_04,호프,음식점 중 '주류'를 판매·제공하는 매장,train,주류,T2 동의어,4a50e345-d3ce-4b98-aba1-829ac7c5bedb,카라카라,호프,화정동 서부시장,전통시장,광주광역시,,,
f26270250aee45239e48,full_annotation_v1,A,q_주류_04,호프,음식점 중 '주류'를 판매·제공하는 매장,train,주류,T2 동의어,0484dbf3-ef62-434e-9a39-81721bca6270,역전할머니맥주백운점,호프,백운먹자 골목형상점가,골목형상점가,광주광역시,,,
056248c4576d67727ee1,full_annotation_v1,A,q_주류_04,호프,음식점 중 '주류'를 판매·제공하는 매장,train,주류,T2 동의어,acdcd83f-6822-4627-a6c0-9e4e291e935f,비벨르,필라테스,불당1번가골목형상점가,골목형상점가,충청남도,,,
6b0026138c2c0921faf7,full_annotation_v1,A,q_주류_04,호프,음식점 중 '주류'를 판매·제공하는 매장,train,주류,T2 동의어,2c6a692e-ee99-4daa-92d2-e3b3d6fc2703,소소회관,호프,두마면 대실골목형상점가,골목형상점가,충청남도,,,
fae92cdcb1fea42a1dcf,full_annotation_v1,A,q_주류_04,호프,음식점 중 '주류'를 판매·제공하는 매장,train,주류,T2 동의어,4e403a74-46a8-4ce4-96f7-9e926bfe3ebd,투게더,호프,용산교 골목형상점가,골목형상점가,광주광역시,,,
89c6aa4c80e7b2b7cc9f,full_annotation_v1,A,q_주류_04,호프,음식점 중 '주류'를 판매·제공하는 매장,train,주류,T2 동의어,06662c32-9207-484d-8ae9-4ff83fd7ba26,스터디하우스 스터디카페 동광주점독서실,,초록쉼터길 골목형상점가,골목형상점가,,,,
18b43cbf75077b0baf01,full_annotation_v1,A,q_주류_04,호프,음식점 중 '주류'를 판매·제공하는 매장,train,주류,T2 동의어,a4f95a1e-ceff-4dcc-9dd8-009f0690e1e4,백육호,호프,두마면 팥거리골목형상점가,골목형상점가,충청남도,,,
f681cdfdec3913a35267,full_annotation_v1,A,q_주류_04,호프,음식점 중 '주류'를 판매·제공하는 매장,train,주류,T2 동의어,05cb46f5-4d9a-4f21-95b2-2167ccde3a20,맛수다,맥주호프,신대방1동온누리길골목형상점가,골목형상점가,서울특별시,,,
7a6319be4dc44c719bda,full_annotation_v1,A,q_주류_04,호프,음식점 중 '주류'를 판매·제공하는 매장,train,주류,T2 동의어,6d0b62b5-92fb-454e-90e9-68af7d47af86,술처럼,호프,화개 상인회 골목형상점가,골목형상점가,광주광역시,,,
ae0d64405f161876701d,full_annotation_v1,A,q_주류_04,호프,음식점 중 '주류'를 판매·제공하는 매장,train,주류,T2 동의어,0cc1bb2b-574f-461f-9a04-7a200460ddad,금별맥주,맥주,지중해마을 골목형상점가,골목형상점가,충청남도,,,
42167185ced1f8694f20,full_annotation_v1,A,q_주류_04,호프,음식점 중 '주류'를 판매·제공하는 매장,train,주류,T2 동의어,4e83b37b-63ad-4225-a1bf-48c0b37e08a8,이야기술술,호프,광탄전통시장,전통시장,경기도,,,
1bc6f775e4f848578db0,full_annotation_v1,A,q_주류_04,호프,음식점 중 '주류'를 판매·제공하는 매장,train,주류,T2 동의어,3225ef01-1bae-4969-8721-81d3656c5534,투모아,호프,두암3동 먹자골목 골목형상점가,골목형상점가,광주광역시,,,
3d4e5c0452f9a86c9a71,full_annotation_v1,A,q_주류_04,호프,음식점 중 '주류'를 판매·제공하는 매장,train,주류,T2 동의어,071fc410-0d42-4e4f-80a3-db98c98bb4df,우리맥주,호프,새시장 골목형상점가,골목형상점가,대전광역시,,,
26229f4f8359a7205fa7,full_annotation_v1,A,q_주류_04,호프,음식점 중 '주류'를 판매·제공하는 매장,train,주류,T2 동의어,1d97a10c-3467-4c2a-a617-99718bb02346,Ju네일(주네일),네일,주안시민지하도상점가,일반지하상점가,인천광역시,,,
376c4fdfa39558dac87c,full_annotation_v1,A,q_주류_04,호프,음식점 중 '주류'를 판매·제공하는 매장,train,주류,T2 동의어,708b7a09-a732-4c19-bc37-68bb7364f90c,추억과우정,호프,금화로상인회 골목형상점가,골목형상점가,광주광역시,,,
ef8d1c797e2ea909fdbe,full_annotation_v1,A,q_주류_04,호프,음식점 중 '주류'를 판매·제공하는 매장,train,주류,T2 동의어,591e9f56-4abe-44dc-a641-cb8f5f8c735a,충남새우젓상회,젓갈,청양전통시장(구 청양상설시장),전통시장,충청남도,,,
075224904a7d1806c433,full_annotation_v1,A,q_주류_04,호프,음식점 중 '주류'를 판매·제공하는 매장,train,주류,T2 동의어,7bf9f572-f699-4595-be94-1b217ef3cc67,아지트,호프,강진읍 상권활성화구역,상권활성화구역,전라남도,,,
8461c42ed3701ae76ae4,full_annotation_v1,A,q_주류_04,호프,음식점 중 '주류'를 판매·제공하는 매장,train,주류,T2 동의어,a0b88f1a-cb1a-426a-8ec4-e71c4f321692,캐빈비어,호프,수완사랑 골목형상점가,골목형상점가,광주광역시,,,
2d1baa0329e7027f330d,full_annotation_v1,A,q_주류_04,호프,음식점 중 '주류'를 판매·제공하는 매장,train,주류,T2 동의어,d27c2ef5-f3d9-495a-9090-137ec4558493,투게더,호프,백운먹자 골목형상점가,골목형상점가,광주광역시,,,
799629117bd0296d3397,full_annotation_v1,A,q_주류_04,호프,음식점 중 '주류'를 판매·제공하는 매장,train,주류,T2 동의어,a5c64b77-a1b0-446d-b4f4-556871cd03ce,뿜빠이 호프,호프,매곡동 골목형상점가,골목형상점가,광주광역시,,,
9a9674df43a298312cb3,full_annotation_v1,A,q_주류_04,호프,음식점 중 '주류'를 판매·제공하는 매장,train,주류,T2 동의어,a691e630-3732-422b-bd76-74d4acd1b9b8,상무호프,호프,치평상무역상인회 골목형상점가,골목형상점가,광주광역시,,,
14eb19225c207cbfc19b,full_annotation_v1,A,q_주류_04,호프,음식점 중 '주류'를 판매·제공하는 매장,train,주류,T2 동의어,b61f1b1a-feef-43ba-bc82-f1bb79ea91a3,크라운호프,호프,엄사 골목형상점가,골목형상점가,충청남도,,,
e1c161da7e0319d6cc5d,full_annotation_v1,A,q_주류_04,호프,음식점 중 '주류'를 판매·제공하는 매장,train,주류,T2 동의어,0032d190-6f10-46db-b2a4-3b4084caa418,세븐일레븐 광주상무공원점,주류 일반상품 등,518먹자골목상인회 골목형상점가,골목형상점가,광주광역시,,,
71b9153e71b91de4c628,full_annotation_v1,A,q_주류_04,호프,음식점 중 '주류'를 판매·제공하는 매장,train,주류,T2 동의어,09dbde5e-e5d3-434d-ab76-1c35c3b31f60,아이오아이전주점,,대방디엠시티 골목형상점가,골목형상점가,전북특별자치도,,,
8027f3cc1594c685b8ce,full_annotation_v1,A,q_주류_04,호프,음식점 중 '주류'를 판매·제공하는 매장,train,주류,T2 동의어,6c7e22ab-85d9-4c8e-a79f-2f53a533817e,바람꽃,호프,용봉지구 골목형상점가,골목형상점가,광주광역시,,,
2e45292feb941c34d19b,full_annotation_v1,A,q_주류_04,호프,음식점 중 '주류'를 판매·제공하는 매장,train,주류,T2 동의어,f956af6b-a53f-45ca-8afe-ba64ce504707,원마루호프,호프,원마루시장,전통시장,충청북도,,,
b4aa3e102b5452e8a0b0,full_annotation_v1,A,q_주류_04,호프,음식점 중 '주류'를 판매·제공하는 매장,train,주류,T2 동의어,323a5dc8-6f3e-4d29-8c34-925a9cb8082d,올리브펍스,호프,중마동 패션가 골목형상점가,골목형상점가,전라남도,,,
c5cb059fdc111124d40c,full_annotation_v1,A,q_주류_04,호프,음식점 중 '주류'를 판매·제공하는 매장,train,주류,T2 동의어,9b56ff2b-4548-433e-822c-244efc3a8aff,오봉호프,호프,도봉산옛길골목형상점가,골목형상점가,서울특별시,,,
98caa07331d1e200d7a2,full_annotation_v1,A,q_주류_04,호프,음식점 중 '주류'를 판매·제공하는 매장,train,주류,T2 동의어,5abc7327-ab0d-4420-af3e-b3a29cd152db,하나,호프,동천동먹자골목2번가상인회 골목형상점가,골목형상점가,광주광역시,,,
d635a54bb9f1da38e815,full_annotation_v1,A,q_주류_04,호프,음식점 중 '주류'를 판매·제공하는 매장,train,주류,T2 동의어,21f5768a-d187-474f-b039-5bfad7107df8,투투,호프,짚봉산상인회 골목형상점가,골목형상점가,광주광역시,,,
1489118321a048e4a686,full_annotation_v1,A,q_주류_04,호프,음식점 중 '주류'를 판매·제공하는 매장,train,주류,T2 동의어,fe1a788c-334a-48aa-b821-2b5023794650,길성식당,한식,고성시장,전통시장,경상남도,,,
3f13963f2e62cc8c8d38,full_annotation_v1,A,q_주류_04,호프,음식점 중 '주류'를 판매·제공하는 매장,train,주류,T2 동의어,02c50bb2-a429-4cff-9486-3b64bedcf838,흥덕포차,"음식, 주류",흥덕 다채움 골목형 상점가,골목형상점가,경기도,,,
75377b56043a84e59c89,full_annotation_v1,A,q_주류_04,호프,음식점 중 '주류'를 판매·제공하는 매장,train,주류,T2 동의어,cd1a2452-fdf1-4007-b167-ea5fdcc481a3,무지개맥주인천루원시티점,호프,루원음식문화거리,골목형상점가,인천광역시,,,
0c61fa2b162185a84920,full_annotation_v1,A,q_주류_04,호프,음식점 중 '주류'를 판매·제공하는 매장,train,주류,T2 동의어,a7980e59-8ec2-4a2e-aa0b-e1589a5558d1,요루꼬치,호프,매포전통시장(매포재래시장),전통시장,충청북도,,,
746f355b03cf7fca2f13,full_annotation_v1,A,q_주류_04,호프,음식점 중 '주류'를 판매·제공하는 매장,train,주류,T2 동의어,4134b51b-8428-4e27-85e4-6c6b6fb41b69,투게더,호프,더불어용두 골목형상점가,골목형상점가,광주광역시,,,
b3ab0d73202a2d3b701b,full_annotation_v1,A,q_주류_04,호프,음식점 중 '주류'를 판매·제공하는 매장,train,주류,T2 동의어,f404c797-2a42-4fdb-b15a-96f572ff5d06,투다리다사로움점,호프,하남 골목형상점가,골목형상점가,광주광역시,,,
8125ac9b9ad5bf33adc9,full_annotation_v1,A,q_주류_04,호프,음식점 중 '주류'를 판매·제공하는 매장,train,주류,T2 동의어,3de06f61-9d10-4c64-946f-f52d35b0ae9c,네스의류잡화,의류,박달시장,전통시장,경기도,,,
4cee157bfd3a903e47be,full_annotation_v1,A,q_주류_05,술 사는 곳,음식점 중 '주류'를 판매·제공하는 매장,train,주류,T4 구어·문장,4565fb3c-2933-4330-ba09-4d29c09d503d,동네술집,술 안주,신창그린나래 골목형상점가,골목형상점가,광주광역시,,,
ab75e70e00b166c590de,full_annotation_v1,A,q_주류_05,술 사는 곳,음식점 중 '주류'를 판매·제공하는 매장,train,주류,T4 구어·문장,c0470f4d-a2ee-48fc-b464-e0f75f0a6232,현,회 퇴김 탕 구이 술,첨단청사초롱길 골목형상점가,골목형상점가,광주광역시,,,
0d926dad148d1889c70a,full_annotation_v1,A,q_주류_05,술 사는 곳,음식점 중 '주류'를 판매·제공하는 매장,train,주류,T4 구어·문장,c9e5b6de-0624-40d7-822f-a76ce96bbff1,신흥전기,건축용품,울산산업공구월드,전통시장,울산광역시,,,
12240be863facaf189e6,full_annotation_v1,A,q_주류_05,술 사는 곳,음식점 중 '주류'를 판매·제공하는 매장,train,주류,T4 구어·문장,38ae4b54-e199-4827-bcb0-54a62c35488b,목포홍탁,홍어삼합,나성동 골목형상점가,골목형상점가,세종특별자치시,,,
96ff4e55e186284d0b18,full_annotation_v1,A,q_주류_05,술 사는 곳,음식점 중 '주류'를 판매·제공하는 매장,train,주류,T4 구어·문장,772ec132-8c8e-43ed-bce5-6469041a351b,술꽃포차,한식,다사역 골목형상점가,골목형상점가,대구광역시,,,
e168473f92958285452a,full_annotation_v1,A,q_주류_05,술 사는 곳,음식점 중 '주류'를 판매·제공하는 매장,train,주류,T4 구어·문장,ac55c119-ace9-41ae-b58d-2d072eaaf25c,술취한돼지,한식,운남7단지먹자거리 골목형상점가,골목형상점가,광주광역시,,,
adbe7150a8519ffd023b,full_annotation_v1,A,q_주류_05,술 사는 곳,음식점 중 '주류'를 판매·제공하는 매장,train,주류,T4 구어·문장,4a2ade07-3c7e-4baf-96b6-8a36c1bfe7f8,술시,,여의동2가 골목형상점가,골목형상점가,전북특별자치도,,,
7c4846924c45535ecc97,full_annotation_v1,A,q_주류_05,술 사는 곳,음식점 중 '주류'를 판매·제공하는 매장,train,주류,T4 구어·문장,f839f522-0a81-4093-8233-23d4a3ef9130,무지개수산,수산물,소래포구전통어시장,전통시장,인천광역시,,,
e21b4f6a3a823db74e13,full_annotation_v1,A,q_주류_05,술 사는 곳,음식점 중 '주류'를 판매·제공하는 매장,train,주류,T4 구어·문장,61bfbf4f-cce6-4e0b-87ca-a5a522ad9bcc,술상편지,한식,노대물빛근린공원 골목형상점가,골목형상점가,광주광역시,,,
a53c1368239ac4490b58,full_annotation_v1,A,q_주류_05,술 사는 곳,음식점 중 '주류'를 판매·제공하는 매장,train,주류,T4 구어·문장,06eab6d0-6e19-4260-bf4d-e8d75adc20f3,제스파 안마의자 광주점,,광주여대 골목형상점가,골목형상점가,,,,
9bd7a106ac3774aac778,full_annotation_v1,A,q_주류_05,술 사는 곳,음식점 중 '주류'를 판매·제공하는 매장,train,주류,T4 구어·문장,ceb504a9-7197-4be6-8a9f-d060d71fe4f1,GS25김천용암로점,담배 술 과자 음료등 각종 생필품 편의점,김천 삼색이수상권,상권활성화구역,경상북도,,,
87069dc86a12222b3e56,full_annotation_v1,A,q_주류_05,술 사는 곳,음식점 중 '주류'를 판매·제공하는 매장,train,주류,T4 구어·문장,af841040-0055-4f95-bbe1-b98bb9cf9b59,밀곳,제과,부평깡통시장(구 부산부평시장),전통시장,부산광역시,,,
54d8b90b2d2778a33bc2,full_annotation_v1,A,q_주류_05,술 사는 곳,음식점 중 '주류'를 판매·제공하는 매장,train,주류,T4 구어·문장,b8a132f4-40c4-4b33-b1b0-2381531bf494,CU사상유통단지점,담배 식품 술 기타,부산산업용품상협동조합,전통시장,부산광역시,,,
91273c1bf73a4472040f,full_annotation_v1,A,q_주류_05,술 사는 곳,음식점 중 '주류'를 판매·제공하는 매장,train,주류,T4 구어·문장,973da414-2275-4340-a831-d9043dcfa7c9,오늘우리집비어,술 안주,상무화원상인회 골목형상점가,골목형상점가,광주광역시,,,
1253d555c22d3f640d04,full_annotation_v1,A,q_주류_05,술 사는 곳,음식점 중 '주류'를 판매·제공하는 매장,train,주류,T4 구어·문장,0cc1bb2b-574f-461f-9a04-7a200460ddad,금별맥주,맥주,지중해마을 골목형상점가,골목형상점가,충청남도,,,
88950e906b8f5a50e881,full_annotation_v1,A,q_주류_05,술 사는 곳,음식점 중 '주류'를 판매·제공하는 매장,train,주류,T4 구어·문장,05cb46f5-4d9a-4f21-95b2-2167ccde3a20,맛수다,맥주호프,신대방1동온누리길골목형상점가,골목형상점가,서울특별시,,,
60d410eaf81d4b498705,full_annotation_v1,A,q_주류_05,술 사는 곳,음식점 중 '주류'를 판매·제공하는 매장,train,주류,T4 구어·문장,bc4b308b-fe89-4f3a-bfdb-96ff587493df,단술,한식,수원통닭거리 골목형사점가,골목형상점가,경기도,,,
41f8c1adcb14f5bf8240,full_annotation_v1,A,q_주류_05,술 사는 곳,음식점 중 '주류'를 판매·제공하는 매장,train,주류,T4 구어·문장,24456103-f6b8-46af-8655-82e61d7265d8,커피가 머무르는 곳,커피,반드레길골목형상점가,골목형상점가,서울특별시,,,
0c18d084c26d6ae2ca95,full_annotation_v1,A,q_주류_05,술 사는 곳,음식점 중 '주류'를 판매·제공하는 매장,train,주류,T4 구어·문장,0031210e-c891-4d74-9298-96a0f6723a26,분신술,한식,안동시옥동 골목형상점가,골목형상점가,경상북도,,,
67338a8d1fe5148fa7dd,full_annotation_v1,A,q_주류_05,술 사는 곳,음식점 중 '주류'를 판매·제공하는 매장,train,주류,T4 구어·문장,be9f8c61-892c-48ed-a49d-b63bd032c025,소곳,의류,고투몰(강남터미널지하도상점가),일반지하상점가,서울특별시,,,
c30fc3af84950936b73a,full_annotation_v1,A,q_주류_05,술 사는 곳,음식점 중 '주류'를 판매·제공하는 매장,train,주류,T4 구어·문장,5ac56df8-5fe3-4938-997e-ecd89b5af973,쌍촌동커피예담 에쏠로지,커피 디저트 술,상무오월로상인회 골목형상점가,골목형상점가,광주광역시,,,
8eceec6e5beb8d758fa7,full_annotation_v1,A,q_주류_05,술 사는 곳,음식점 중 '주류'를 판매·제공하는 매장,train,주류,T4 구어·문장,06261986-3eba-4244-b63f-397460d82f4a,이곳,미용,나주혁신도시 골목형상점가,골목형상점가,전라남도,,,
397572c9868d7d4153c6,full_annotation_v1,A,q_주류_05,술 사는 곳,음식점 중 '주류'를 판매·제공하는 매장,train,주류,T4 구어·문장,8865efad-0aa2-4360-be4e-1dc3c451be57,GS충주상록점,담배 술 음료 과자,연수상가,전통시장,충청북도,,,
fd93598229e376b6d45d,full_annotation_v1,A,q_주류_05,술 사는 곳,음식점 중 '주류'를 판매·제공하는 매장,train,주류,T4 구어·문장,f0a89b4c-0d9c-43f3-9412-0f3c7137e41a,이마트24전주비사벌점,술 담배 식품 생활용품,송천동2가 골목형상점가,골목형상점가,전북특별자치도,,,
31f172f75b42a7ea9a03,full_annotation_v1,A,q_주류_05,술 사는 곳,음식점 중 '주류'를 판매·제공하는 매장,train,주류,T4 구어·문장,9840f548-bcc8-4b16-a5e5-f3def63752dc,덕월마트,담배 술 음료 과자 등,월산4동 골목형상점가,골목형상점가,광주광역시,,,
81e1bbc5c0341785d045,full_annotation_v1,A,q_주류_05,술 사는 곳,음식점 중 '주류'를 판매·제공하는 매장,train,주류,T4 구어·문장,08b5afb2-c48e-4323-9611-40e8ee2819e2,지센경주점,,경주중심상가,전통시장,경상북도,,,
7ec3029a3375bc6037d2,full_annotation_v1,A,q_주류_05,술 사는 곳,음식점 중 '주류'를 판매·제공하는 매장,train,주류,T4 구어·문장,1eaf6dc3-f0f0-4350-8341-9f6f4334b965,다소곳,옷,전주모래내시장,전통시장,전북특별자치도,,,
971867d9c111940bf9fb,full_annotation_v1,A,q_주류_05,술 사는 곳,음식점 중 '주류'를 판매·제공하는 매장,train,주류,T4 구어·문장,22fe453c-d029-4579-86fa-3cb0011966f2,우리마트,술 담배 잡화,화정소담상인회 골목형상점가,골목형상점가,광주광역시,,,
74e8a18223177a311395,full_annotation_v1,A,q_주류_05,술 사는 곳,음식점 중 '주류'를 판매·제공하는 매장,train,주류,T4 구어·문장,7bf7b245-165d-4a65-a96a-7cfe2540e1df,술돼지,한식,오월첫동네 골목형상점가,골목형상점가,광주광역시,,,
e02e1ab7e4e758c92420,full_annotation_v1,A,q_주류_05,술 사는 곳,음식점 중 '주류'를 판매·제공하는 매장,train,주류,T4 구어·문장,0b4c71b9-24d6-4a1b-a6e4-c50f029281af,무지개맥주,떡볶이 치킨 맥주등,고운마음 골목형상점가,골목형상점가,세종특별자치시,,,
7d2bc80a110dca675083,full_annotation_v1,A,q_주류_05,술 사는 곳,음식점 중 '주류'를 판매·제공하는 매장,train,주류,T4 구어·문장,a1e4a274-f13e-4fe9-be8e-abbec02cf4de,북경루,중식,월곡달빛오거리골목형상점가,골목형상점가,서울특별시,,,
3bd4f00a57b294b673fc,full_annotation_v1,A,q_주류_05,술 사는 곳,음식점 중 '주류'를 판매·제공하는 매장,train,주류,T4 구어·문장,e8198959-7ef2-44ab-a3af-2a30a0a8dfda,자판기,도매(의류및잡화),테크노상가,전통시장,서울특별시,,,
bc9b8a1015cc1fc6b75c,full_annotation_v1,A,q_주류_05,술 사는 곳,음식점 중 '주류'를 판매·제공하는 매장,train,주류,T4 구어·문장,02d7aeee-4636-4b5b-a6e7-856fa40d7038,크라운호프 충남대점,호프,궁동 골목형상점가,골목형상점가,대전광역시,,,
9d4c184a7690b3e7c787,full_annotation_v1,A,q_주류_05,술 사는 곳,음식점 중 '주류'를 판매·제공하는 매장,train,주류,T4 구어·문장,68b36b37-8644-4693-99db-61225bd5d427,오술,한식,수완하나로 골목형상점가,골목형상점가,광주광역시,,,
684d9f8f09f82b97d8ed,full_annotation_v1,A,q_주류_05,술 사는 곳,음식점 중 '주류'를 판매·제공하는 매장,train,주류,T4 구어·문장,842f6cf1-6411-4f4b-be23-746d79e31656,섬곳,한식,플레이사계 지오단길 골목형상점가,골목형상점가,제주특별자치도,,,
75a8f88e7121846d30ee,full_annotation_v1,A,q_주류_05,술 사는 곳,음식점 중 '주류'를 판매·제공하는 매장,train,주류,T4 구어·문장,03a2ee33-c2cb-4274-a24e-56a5030917ae,아이비소주방,간이주점,고성시장,전통시장,경상남도,,,
03e8d5996cdb6cb93513,full_annotation_v1,A,q_주류_05,술 사는 곳,음식점 중 '주류'를 판매·제공하는 매장,train,주류,T4 구어·문장,022309d5-158b-4d21-92b9-e70d2f09ef51,나의 인생 맥주,,동천세븐로데오 골목형상점가,골목형상점가,대구광역시,,,
1eb27fae4d5fcae01dd6,full_annotation_v1,A,q_주류_05,술 사는 곳,음식점 중 '주류'를 판매·제공하는 매장,train,주류,T4 구어·문장,3098b83e-a1fb-497f-b4af-ec196e0d051b,월드푸드,"식품, 잡화, 술, 담배",통진시장,전통시장,경기도,,,
122ab110019b81bb5cf9,full_annotation_v1,A,q_주류_05,술 사는 곳,음식점 중 '주류'를 판매·제공하는 매장,train,주류,T4 구어·문장,8cea9829-250b-4881-86d5-8981a1574649,CU광주신용힐스점,음료 과자 담배 술 판매,임방울대로 골목형상점가,골목형상점가,광주광역시,,,
41cdeafb5facaa8f7f1b,full_annotation_v1,A,q_주류_05,술 사는 곳,음식점 중 '주류'를 판매·제공하는 매장,train,주류,T4 구어·문장,6ae0d268-deed-414c-853b-b23b9b112b7a,세븐일레븐 나주혁신 중흥점,술 담배 과자 음료,"빛가람 스타타워, 메가티움1차, 메가티움2차 골목형상점가",골목형상점가,전라남도,,,
eb67a74cea9aeab4f3fa,full_annotation_v1,A,q_주류_05,술 사는 곳,음식점 중 '주류'를 판매·제공하는 매장,train,주류,T4 구어·문장,c722e464-e4a5-420e-bbb6-5994680cb8d0,Gs25편의점금남로점,물 라면 과자 술,"금남로4,5가 골목형상점가",골목형상점가,광주광역시,,,
eb35d08969e0e714d713,full_annotation_v1,A,q_주류_05,술 사는 곳,음식점 중 '주류'를 판매·제공하는 매장,train,주류,T4 구어·문장,11a90fad-41ef-45a7-a424-640e3c131c9c,찻잔속에 술,차,우수영 골목형상점가,골목형상점가,전라남도,,,
a7bbd242f9486ece80e7,full_annotation_v1,A,q_주류_05,술 사는 곳,음식점 중 '주류'를 판매·제공하는 매장,train,주류,T4 구어·문장,99b93dac-c164-42b8-9492-1c35660fdc67,세븐일레븐대전송촌타운점,잡화 담배 술,송촌동상점가,자율상권구역,대전광역시,,,
a5574112234dddc7dd55,full_annotation_v1,A,q_주류_05,술 사는 곳,음식점 중 '주류'를 판매·제공하는 매장,train,주류,T4 구어·문장,075c8484-825b-4dc9-bb35-ae76e74410a8,술판전판,한식,백운먹자 골목형상점가,골목형상점가,광주광역시,,,
7da26cfda7ed5e924045,full_annotation_v1,A,q_주류_05,술 사는 곳,음식점 중 '주류'를 판매·제공하는 매장,train,주류,T4 구어·문장,686255d3-1471-440a-ac53-2e7a73afc097,빙내가,"음식, 커피",서문시장2지구 종합상가,전통시장,대구광역시,,,
a21ffb64f592e15b60f5,full_annotation_v1,A,q_주류_05,술 사는 곳,음식점 중 '주류'를 판매·제공하는 매장,train,주류,T4 구어·문장,aea83108-49b6-4efd-808a-18ee61566514,밥&술,돈까스,대화전통시장,전통시장,강원특별자치도,,,
83cb15083424bf1d0ccd,full_annotation_v1,A,q_주류_05,술 사는 곳,음식점 중 '주류'를 판매·제공하는 매장,train,주류,T4 구어·문장,9134aeed-78a9-49ed-8cbe-4d7d210deb3c,타일집,고기 술,두정동상점가,자율상권구역,충청남도,,,
f70bccee4443d736ac14,full_annotation_v1,A,q_주류_05,술 사는 곳,음식점 중 '주류'를 판매·제공하는 매장,train,주류,T4 구어·문장,06662c32-9207-484d-8ae9-4ff83fd7ba26,스터디하우스 스터디카페 동광주점독서실,,초록쉼터길 골목형상점가,골목형상점가,,,,
3fd8e5a77201a8e74b92,full_annotation_v1,A,q_주류_05,술 사는 곳,음식점 중 '주류'를 판매·제공하는 매장,train,주류,T4 구어·문장,641d0489-ff8b-4d37-96b8-2e3545762087,이마트24 앞산스카이점,과자 초콜릿 음료 술 담배 신선식품 커피,앞산맛둘레길 골목형상점가,골목형상점가,대구광역시,,,
2f2ecd6689c65f41ba04,full_annotation_v1,A,q_주류_05,술 사는 곳,음식점 중 '주류'를 판매·제공하는 매장,train,주류,T4 구어·문장,2d334ffc-6986-4f43-819b-fa4bb7200e70,한잔의 술,순살닭볶음탕,김포 사우먹자골목형상점가,골목형상점가,경기도,,,
6f1628646cb7309f3a44,full_annotation_v1,A,q_주류_05,술 사는 곳,음식점 중 '주류'를 판매·제공하는 매장,train,주류,T4 구어·문장,02c50bb2-a429-4cff-9486-3b64bedcf838,흥덕포차,"음식, 주류",흥덕 다채움 골목형 상점가,골목형상점가,경기도,,,
5471c849e458d96198e5,full_annotation_v1,A,q_주류_05,술 사는 곳,음식점 중 '주류'를 판매·제공하는 매장,train,주류,T4 구어·문장,60fa4970-3625-4990-bcf1-ef01eb31151a,계영옛날과자,,관문상가시장,전통시장,대구광역시,,,
5022ccd9789e6b6fc76a,full_annotation_v1,A,q_주류_05,술 사는 곳,음식점 중 '주류'를 판매·제공하는 매장,train,주류,T4 구어·문장,dca4324c-f4cc-4867-bb63-14bc3e5a4a93,지에스25광주삼성점,"술, 담배, 소매",운남골목 골목형상점가,골목형상점가,광주광역시,,,
9c2352d78b41a3254332,full_annotation_v1,A,q_주류_05,술 사는 곳,음식점 중 '주류'를 판매·제공하는 매장,train,주류,T4 구어·문장,025146ee-7cf6-4f78-be47-b36900070846,에이마트,식품 음료 주류 담배,우산어등마을 골목형상점가,골목형상점가,광주광역시,,,
319cfadfb1b5eef910f8,full_annotation_v1,A,q_주류_05,술 사는 곳,음식점 중 '주류'를 판매·제공하는 매장,train,주류,T4 구어·문장,7e351fc3-5b6c-4d04-a1a1-c18f2fc9710a,일성종합상사,공구,창선상가,전통시장,부산광역시,,,
ad2fdb4d471ea8a49238,full_annotation_v1,A,q_주류_05,술 사는 곳,음식점 중 '주류'를 판매·제공하는 매장,train,주류,T4 구어·문장,09dbde5e-e5d3-434d-ab76-1c35c3b31f60,아이오아이전주점,,대방디엠시티 골목형상점가,골목형상점가,전북특별자치도,,,
1c12aeda6413181ca03a,full_annotation_v1,A,q_주류_05,술 사는 곳,음식점 중 '주류'를 판매·제공하는 매장,train,주류,T4 구어·문장,0484dbf3-ef62-434e-9a39-81721bca6270,역전할머니맥주백운점,호프,백운먹자 골목형상점가,골목형상점가,광주광역시,,,
7a2dd7125b1d18f037aa,full_annotation_v1,A,q_주류_05,술 사는 곳,음식점 중 '주류'를 판매·제공하는 매장,train,주류,T4 구어·문장,bc857e72-37dc-405b-918f-45adb5a1164a,지에스25 첨단2공원점,유제품 공산품 음료 술 담배,신용동 골목형상점가,골목형상점가,광주광역시,,,
8090502e610e8c87592c,full_annotation_v1,A,q_주류_05,술 사는 곳,음식점 중 '주류'를 판매·제공하는 매장,train,주류,T4 구어·문장,5e875140-5cf1-4a23-a8d6-2770b7504ea8,GS25양평군청점,담배 술 과자 라면등,양평물맑은시장,전통시장,경기도,,,
302318f72ff57d5570b7,full_annotation_v1,A,q_주류_05,술 사는 곳,음식점 중 '주류'를 판매·제공하는 매장,train,주류,T4 구어·문장,0a5bef39-21a8-480d-be95-6a4f27feb0a5,송가네호프,호프,광탄전통시장,전통시장,경기도,,,
f67a46ff34f675fe9334,full_annotation_v1,A,q_주류_05,술 사는 곳,음식점 중 '주류'를 판매·제공하는 매장,train,주류,T4 구어·문장,8a6983a4-b588-414a-b418-d2bc20dc064f,술방,한식,"호성2길, 3길 골목형상점가",골목형상점가,전북특별자치도,,,
2fe9d22d06b3e8cca858,full_annotation_v1,A,q_주류_05,술 사는 곳,음식점 중 '주류'를 판매·제공하는 매장,train,주류,T4 구어·문장,071fc410-0d42-4e4f-80a3-db98c98bb4df,우리맥주,호프,새시장 골목형상점가,골목형상점가,대전광역시,,,
18ffc1a995c24be1ebd8,full_annotation_v1,A,q_주류_05,술 사는 곳,음식점 중 '주류'를 판매·제공하는 매장,train,주류,T4 구어·문장,9f2a0e63-4a1b-4fda-be5d-100a7e15f5c3,장흥상회,건어물,봉선시장,전통시장,광주광역시,,,
4b7368b49863627b5673,full_annotation_v1,A,q_주류_05,술 사는 곳,음식점 중 '주류'를 판매·제공하는 매장,train,주류,T4 구어·문장,fde2cc97-469b-42d2-90b8-b42ed5a8846a,술애화신,한식,흑석동 골목형상점가,골목형상점가,광주광역시,,,
fe7e049592773770ae39,full_annotation_v1,A,q_주류_05,술 사는 곳,음식점 중 '주류'를 판매·제공하는 매장,train,주류,T4 구어·문장,af909efe-c48c-461d-a05d-39e89db778ce,상술,한식,전남대 상대 골목형상점가,골목형상점가,광주광역시,,,
f233b9424334dc42fbe7,full_annotation_v1,A,q_주류_05,술 사는 곳,음식점 중 '주류'를 판매·제공하는 매장,train,주류,T4 구어·문장,b96af196-0195-4a27-ba5c-955c5fcff0a9,톡스크린골프,골프,본촌용두 골목형상점가,골목형상점가,광주광역시,,,
34f0db3efe2a0c88236b,full_annotation_v1,A,q_주류_05,술 사는 곳,음식점 중 '주류'를 판매·제공하는 매장,train,주류,T4 구어·문장,2743811c-5e71-4d2b-aa75-1b0147d44f2d,사우 꽃이 피는 곳,꽃,김포 풍년마을 골목형상점가,골목형상점가,경기도,,,
ba9ed0c172eef4471a2f,full_annotation_v1,A,q_주류_05,술 사는 곳,음식점 중 '주류'를 판매·제공하는 매장,train,주류,T4 구어·문장,76a3551b-dae4-4326-92cc-662015aedbfb,쉴 곳,한식,칠성로상점가,자율상권구역,제주특별자치도,,,
ececed01e319dfcc0ce8,full_annotation_v1,A,q_주류_05,술 사는 곳,음식점 중 '주류'를 판매·제공하는 매장,train,주류,T4 구어·문장,c3c97ce6-c0c5-4149-a4c1-a6cb8c38ffdb,유한회사 영화건해,건어물,가락몰골목형상점가,골목형상점가,서울특별시,,,
11b381a7bca7c085ee60,full_annotation_v1,A,q_주류_05,술 사는 곳,음식점 중 '주류'를 판매·제공하는 매장,train,주류,T4 구어·문장,235b847a-0b3b-40ed-865d-89dcb24575b8,운암식육식당,소고기 돼지고기 밥 술,벽산황계로 골목형상점가,골목형상점가,광주광역시,,,
6577e7bbe8dbe656a80b,full_annotation_v1,A,q_주류_05,술 사는 곳,음식점 중 '주류'를 판매·제공하는 매장,train,주류,T4 구어·문장,0c2e22b5-7d3a-4929-962e-ce457f5b2619,투싼운천점,호프,운천테라스길상인회 골목형상점가,골목형상점가,광주광역시,,,
7c04c4d1a64b795df2d3,full_annotation_v1,A,q_주류_05,술 사는 곳,음식점 중 '주류'를 판매·제공하는 매장,train,주류,T4 구어·문장,853459fa-5f58-47b2-94b4-adb031dc2c9c,족발마을,"음식, 술",연서시장,전통시장,서울특별시,,,
9009a333414ad4b9de28,full_annotation_v1,A,q_주류_05,술 사는 곳,음식점 중 '주류'를 판매·제공하는 매장,train,주류,T4 구어·문장,0a021c52-9acc-40e6-b59e-ef0269a60fcd,주주클럽,기타(호프),하남 골목형상점가,골목형상점가,광주광역시,,,
d94e550b1e4916aa3773,full_annotation_v1,A,q_주류_05,술 사는 곳,음식점 중 '주류'를 판매·제공하는 매장,train,주류,T4 구어·문장,f1a9b2ad-c1d8-423d-bbd9-e4fdb7a9f6c5,동명포차,"커필, 술, 음식",진주 논개시장,전통시장,경상남도,,,
7552046517120a5e3cf5,full_annotation_v1,A,q_주류_05,술 사는 곳,음식점 중 '주류'를 판매·제공하는 매장,train,주류,T4 구어·문장,02d211af-7e55-492e-ad20-15e6a940a76e,씨유아산북수점,"가공식사, 음료, 주류",배방상점가,자율상권구역,충청남도,,,
d9cfe05a676ee56d7cea,full_annotation_v1,A,q_주류_05,술 사는 곳,음식점 중 '주류'를 판매·제공하는 매장,train,주류,T4 구어·문장,20e990e4-aaf3-4784-9ba0-caad51d06b23,곳간,한식,수완장덕 골목형상점가,골목형상점가,광주광역시,,,
ed01064d793411b8e760,full_annotation_v1,A,q_주류_05,술 사는 곳,음식점 중 '주류'를 판매·제공하는 매장,train,주류,T4 구어·문장,422b8c54-bb57-414c-8dcc-415d1064b6b9,점핑클럽,줄넘기,아름동상점가,자율상권구역,세종특별자치시,,,
7809049d3721012e4a59,full_annotation_v1,A,q_주류_05,술 사는 곳,음식점 중 '주류'를 판매·제공하는 매장,train,주류,T4 구어·문장,01ebd263-b47f-4f4e-a8d8-06a2fef5c306,탄광맥주광주중홍점,,중흥동 큰샘길 골목형상점가,골목형상점가,,,,
79a951c6d9a11088d48f,full_annotation_v1,A,q_주류_05,술 사는 곳,음식점 중 '주류'를 판매·제공하는 매장,train,주류,T4 구어·문장,3ad91c46-68f5-47fe-9fc9-440be6ad5bad,철마호,생선,소래포구전통어시장,전통시장,인천광역시,,,
aa43b79b76366ab43818,full_annotation_v1,A,q_주류_05,술 사는 곳,음식점 중 '주류'를 판매·제공하는 매장,train,주류,T4 구어·문장,24250744-6fc7-41d2-8356-e81e89b23846,미도파,의류,순천씨내몰상가(구 순천지하상가),일반지하상점가,전라남도,,,
0b47f783e44cbc1fbd39,full_annotation_v1,A,q_주류_05,술 사는 곳,음식점 중 '주류'를 판매·제공하는 매장,train,주류,T4 구어·문장,10816afe-6da9-4df1-a1b2-8580cae765fc,밥 & 술,한식,종암북바위길골목형상점가,골목형상점가,서울특별시,,,
a0e57a590e8a2e5772c3,full_annotation_v1,A,q_주류_05,술 사는 곳,음식점 중 '주류'를 판매·제공하는 매장,train,주류,T4 구어·문장,f1505939-ad25-4608-b26b-d8b7d0c739b6,지오지아,스포츠의류,칠성로상점가,자율상권구역,제주특별자치도,,,
820bc32faf127ab0ff33,full_annotation_v1,A,q_주류_05,술 사는 곳,음식점 중 '주류'를 판매·제공하는 매장,train,주류,T4 구어·문장,2774f953-04b9-4cc3-a43d-eb266d545179,대창전기조명,조명기구,금메달 양산택지로 골목형상점가,골목형상점가,광주광역시,,,
6388dceec46b8a056e8c,full_annotation_v1,A,q_주류_05,술 사는 곳,음식점 중 '주류'를 판매·제공하는 매장,train,주류,T4 구어·문장,19b6e5db-5866-4752-afed-7fa0dc010f81,곳간,한식,태화십리대밭먹거리단지 상점가,자율상권구역,울산광역시,,,
e19316bca102003cfed5,full_annotation_v1,A,q_주류_05,술 사는 곳,음식점 중 '주류'를 판매·제공하는 매장,train,주류,T4 구어·문장,d24d0290-1517-48b4-ba3e-19fb1b5fe855,햇살마트,술 담배 정육 과일 야채 공산등등,응암공원 골목형상점가,골목형상점가,광주광역시,,,
bd3aa722246f62f32330,full_annotation_v1,A,q_주류_05,술 사는 곳,음식점 중 '주류'를 판매·제공하는 매장,train,주류,T4 구어·문장,21f9d6e3-9014-4872-9a06-ff1bb012d49e,"쉼, 어묵 그리고 한잔 술 부산시청점",어묵,시청먹자골목,골목형상점가,부산광역시,,,
7f2200a82fa384af55dc,full_annotation_v1,A,q_주류_05,술 사는 곳,음식점 중 '주류'를 판매·제공하는 매장,train,주류,T4 구어·문장,c111ac9d-3f3a-405c-a8db-4d127ccda9e2,행복이 있는 곳,잡화,제주로얄쇼핑센터,자율상권구역,제주특별자치도,,,
60d3eacd8895def356cc,full_annotation_v1,A,q_주류_05,술 사는 곳,음식점 중 '주류'를 판매·제공하는 매장,train,주류,T4 구어·문장,003a0ca2-f806-4d7a-b324-1dc98c6ea543,농업회사법인유한회사덕유,과실발효주 리큐르주 일반증류주 주류,백년소상공인,기타,전북특별자치도,,,
720da13019733bebcbd3,full_annotation_v1,A,q_주류_05,술 사는 곳,음식점 중 '주류'를 판매·제공하는 매장,train,주류,T4 구어·문장,0032d190-6f10-46db-b2a4-3b4084caa418,세븐일레븐 광주상무공원점,주류 일반상품 등,518먹자골목상인회 골목형상점가,골목형상점가,광주광역시,,,
43d982ae0eec70f9ca87,full_annotation_v1,A,q_주류_06,주류추천,음식점 중 '주류'를 판매·제공하는 매장,train,주류,T6 기계변형,fe1f8839-50b5-45a1-9102-42e0a42c0d9a,바글즈,한식 주류,신토평먹자거리 골목형상점가,골목형상점가,경기도,,,
0370b554128fbd26bae7,full_annotation_v1,A,q_주류_06,주류추천,음식점 중 '주류'를 판매·제공하는 매장,train,주류,T6 기계변형,88ee71aa-d7e5-477f-b98e-f7f59e26cdca,일광,음식 및 주류,원도심 상권활성화구역,상권활성화구역,대전광역시,,,
49ca8bf2068a06e9a404,full_annotation_v1,A,q_주류_06,주류추천,음식점 중 '주류'를 판매·제공하는 매장,train,주류,T6 기계변형,d4d4fdab-5b72-4f32-a87a-43364d1963ba,연주맥주,식사 주류,연제초 앞 골목형상점가,골목형상점가,광주광역시,,,
47b576d0deb4047fdd01,full_annotation_v1,A,q_주류_06,주류추천,음식점 중 '주류'를 판매·제공하는 매장,train,주류,T6 기계변형,80c4738a-934b-4b41-9de9-a82a5967a614,천외천,한식,상봉먹자골목형상점가,골목형상점가,서울특별시,,,
88626d4cd7f913510cc3,full_annotation_v1,A,q_주류_06,주류추천,음식점 중 '주류'를 판매·제공하는 매장,train,주류,T6 기계변형,62b1e514-ed65-42b7-9c8a-afb239cf034f,로맨틱뮤지엄,커피,장동로터리 골목형상점가,골목형상점가,광주광역시,,,
9b327e422d3f02d7875e,full_annotation_v1,A,q_주류_06,주류추천,음식점 중 '주류'를 판매·제공하는 매장,train,주류,T6 기계변형,96854ebe-fa7d-44b9-b494-8a30bcc56065,오와이왁싱 화성봉담점,"피부미용, 왁싱",화성향남2지구상점가,자율상권구역,경기도,,,
eebf262bd12dbe1b7a35,full_annotation_v1,A,q_주류_06,주류추천,음식점 중 '주류'를 판매·제공하는 매장,train,주류,T6 기계변형,a183b75d-eb92-4e19-8475-f284cc7814a8,부영유통,주류,경산공설시장,전통시장,경상북도,,,
8818d6cf91b65484cdec,full_annotation_v1,A,q_주류_06,주류추천,음식점 중 '주류'를 판매·제공하는 매장,train,주류,T6 기계변형,9212bca4-7490-4020-bcc6-25e28739fd11,육총장,"고기, 주류",서부시장,전통시장,대구광역시,,,
f74a86e8403cec719a3d,full_annotation_v1,A,q_주류_06,주류추천,음식점 중 '주류'를 판매·제공하는 매장,train,주류,T6 기계변형,0032d190-6f10-46db-b2a4-3b4084caa418,세븐일레븐 광주상무공원점,주류 일반상품 등,518먹자골목상인회 골목형상점가,골목형상점가,광주광역시,,,
f0608161a7eae6b73ef3,full_annotation_v1,A,q_주류_06,주류추천,음식점 중 '주류'를 판매·제공하는 매장,train,주류,T6 기계변형,aeea330f-8ea3-41d6-85d4-11faf939157c,론노,주류,서동시장,전통시장,울산광역시,,,
523feea9a1e5a14c79d7,full_annotation_v1,A,q_주류_06,주류추천,음식점 중 '주류'를 판매·제공하는 매장,train,주류,T6 기계변형,5f66b2a9-4619-4f14-847b-98245e075f7b,동명동홋코리,주류,동명동 카페거리 골목형상점가,골목형상점가,광주광역시,,,
7a9daf538356f1545942,full_annotation_v1,A,q_주류_06,주류추천,음식점 중 '주류'를 판매·제공하는 매장,train,주류,T6 기계변형,06662c32-9207-484d-8ae9-4ff83fd7ba26,스터디하우스 스터디카페 동광주점독서실,,초록쉼터길 골목형상점가,골목형상점가,,,,
c13d40be66c70255adec,full_annotation_v1,A,q_주류_06,주류추천,음식점 중 '주류'를 판매·제공하는 매장,train,주류,T6 기계변형,0c2e22b5-7d3a-4929-962e-ce457f5b2619,투싼운천점,호프,운천테라스길상인회 골목형상점가,골목형상점가,광주광역시,,,
1de5b9d48012d04d7b44,full_annotation_v1,A,q_주류_06,주류추천,음식점 중 '주류'를 판매·제공하는 매장,train,주류,T6 기계변형,b4876b16-fecd-4936-af9b-2049456988c8,와우,반찬 및 주류,마장축산물시장,전통시장,서울특별시,,,
bacd6d56866f81099834,full_annotation_v1,A,q_주류_06,주류추천,음식점 중 '주류'를 판매·제공하는 매장,train,주류,T6 기계변형,3b23016f-4aca-4e23-a025-bb4217e7da9d,막걸리카페,한식,매천동골목형상점가,골목형상점가,대구광역시,,,
db97e232e061c6e4d35c,full_annotation_v1,A,q_주류_06,주류추천,음식점 중 '주류'를 판매·제공하는 매장,train,주류,T6 기계변형,8b663df4-6b5a-4595-b092-464ca750d73d,연희횟집,회 주류,민락어패류시장,전통시장,부산광역시,,,
d7e3dce93fd1a6bf4a4d,full_annotation_v1,A,q_주류_06,주류추천,음식점 중 '주류'를 판매·제공하는 매장,train,주류,T6 기계변형,07e1755b-7a99-46bc-94a1-e5563df4f63b,술도가,주류,청계면 목대후문 골목형상점가,골목형상점가,전라남도,,,
e0c41ed5fb5effe5d458,full_annotation_v1,A,q_주류_06,주류추천,음식점 중 '주류'를 판매·제공하는 매장,train,주류,T6 기계변형,09dbde5e-e5d3-434d-ab76-1c35c3b31f60,아이오아이전주점,,대방디엠시티 골목형상점가,골목형상점가,전북특별자치도,,,
40378a7752b3f4530088,full_annotation_v1,A,q_주류_06,주류추천,음식점 중 '주류'를 판매·제공하는 매장,train,주류,T6 기계변형,53f90805-6cd5-47f0-966d-03c2de17e9b2,골목상회,젓갈,부전상가시장,전통시장,부산광역시,,,
bca4198007877636dc88,full_annotation_v1,A,q_주류_06,주류추천,음식점 중 '주류'를 판매·제공하는 매장,train,주류,T6 기계변형,99c9be63-8e1a-4c26-a1ac-fbce68769346,다날치킨,치킨 주류,목련 골목형상점가,골목형상점가,광주광역시,,,
4d15c9ebd5d0cd199047,full_annotation_v1,A,q_주류_06,주류추천,음식점 중 '주류'를 판매·제공하는 매장,train,주류,T6 기계변형,6da8f347-dc38-4ef4-b022-02656ebffb04,춘천방앗간,방앗간,군포당동로시장상점가,골목형상점가,경기도,,,
e2f3c040fc6636cc7c48,full_annotation_v1,A,q_주류_06,주류추천,음식점 중 '주류'를 판매·제공하는 매장,train,주류,T6 기계변형,06eab6d0-6e19-4260-bf4d-e8d75adc20f3,제스파 안마의자 광주점,,광주여대 골목형상점가,골목형상점가,,,,
769b681296476316bae1,full_annotation_v1,A,q_주류_06,주류추천,음식점 중 '주류'를 판매·제공하는 매장,train,주류,T6 기계변형,a3250b26-fb63-4d46-bb35-3a03f1e9d6dc,선술,주류,목동로데오골목형상점가,골목형상점가,서울특별시,,,
edb1e6180c4472f87e4c,full_annotation_v1,A,q_주류_06,주류추천,음식점 중 '주류'를 판매·제공하는 매장,train,주류,T6 기계변형,039163cb-7aa8-49a3-8772-95a8ce5d570b,보람순대식당,"순대, 족발",구미형곡중앙시장,전통시장,경상북도,,,
3c5a852f1bc6867eba43,full_annotation_v1,A,q_주류_06,주류추천,음식점 중 '주류'를 판매·제공하는 매장,train,주류,T6 기계변형,00704131-2f9f-453f-883c-9746556b405b,골든스푼,이탈리아 음식,이천중앙로상가,자율상권구역,경기도,,,
1abf51fbff7576d72e0a,full_annotation_v1,A,q_주류_06,주류추천,음식점 중 '주류'를 판매·제공하는 매장,train,주류,T6 기계변형,7e787cc2-8f9e-4275-8db1-a8e9b428d04a,청춘리필,음료 주류,운암이 골목형상점가,골목형상점가,광주광역시,,,
a47b80aadb32f60cdec2,full_annotation_v1,A,q_주류_06,주류추천,음식점 중 '주류'를 판매·제공하는 매장,train,주류,T6 기계변형,02d211af-7e55-492e-ad20-15e6a940a76e,씨유아산북수점,"가공식사, 음료, 주류",배방상점가,자율상권구역,충청남도,,,
394bcd62c5c5c202e7d2,full_annotation_v1,A,q_주류_06,주류추천,음식점 중 '주류'를 판매·제공하는 매장,train,주류,T6 기계변형,f5009a4f-a7d5-442f-9efc-6a43277be4c8,피자나눔터&일일치킨,치킨 피자,전곡중앙상가 골목형상점가,골목형상점가,경기도,,,
aaf8a2fb0b3db91199ca,full_annotation_v1,A,q_주류_06,주류추천,음식점 중 '주류'를 판매·제공하는 매장,train,주류,T6 기계변형,4418f695-b593-49b8-b876-e614d340d806,CU제천청전점,주류 음료,청전동 골목형상점가,골목형상점가,충청북도,,,
069e12c5dde71f3c5249,full_annotation_v1,A,q_주류_06,주류추천,음식점 중 '주류'를 판매·제공하는 매장,train,주류,T6 기계변형,31281e67-e425-4aac-911c-ec99629e47ac,큰별마트,식 음료 주류,큰별초 골목형상점가,골목형상점가,광주광역시,,,
70b3b8737cb862fb05b5,full_annotation_v1,A,q_주류_06,주류추천,음식점 중 '주류'를 판매·제공하는 매장,train,주류,T6 기계변형,1b415fbe-893b-48fe-9058-90eb849ece88,복자의 주방,한식 및 주류,수유전통시장(구 수유골목시장),전통시장,서울특별시,,,
be55995e519f0ef657dc,full_annotation_v1,A,q_주류_06,주류추천,음식점 중 '주류'를 판매·제공하는 매장,train,주류,T6 기계변형,003a0ca2-f806-4d7a-b324-1dc98c6ea543,농업회사법인유한회사덕유,과실발효주 리큐르주 일반증류주 주류,백년소상공인,기타,전북특별자치도,,,
29aec8d1e5f7e9c8eaea,full_annotation_v1,A,q_주류_06,주류추천,음식점 중 '주류'를 판매·제공하는 매장,train,주류,T6 기계변형,d96a6da0-9043-4d9a-9f40-33d200c11458,은마푸드,음식(반찬),은마종합상점가,자율상권구역,서울특별시,,,
e7b24a601fee531f1643,full_annotation_v1,A,q_주류_06,주류추천,음식점 중 '주류'를 판매·제공하는 매장,train,주류,T6 기계변형,0a5bef39-21a8-480d-be95-6a4f27feb0a5,송가네호프,호프,광탄전통시장,전통시장,경기도,,,
d97c7bcd98d961410738,full_annotation_v1,A,q_주류_06,주류추천,음식점 중 '주류'를 판매·제공하는 매장,train,주류,T6 기계변형,22d73924-c33f-4530-b866-8f7821c0a6a6,히포벨,커피 주류,함덕4구상점가,골목형상점가,제주특별자치도,,,
3b3e21959f6a537f625b,full_annotation_v1,A,q_주류_06,주류추천,음식점 중 '주류'를 판매·제공하는 매장,train,주류,T6 기계변형,181099e5-2e20-4a40-bd32-cd83943f8e42,미소호프,주류,수완장덕 골목형상점가,골목형상점가,광주광역시,,,
82ca5a10d17231cf9330,full_annotation_v1,A,q_주류_06,주류추천,음식점 중 '주류'를 판매·제공하는 매장,train,주류,T6 기계변형,a054778b-1e79-452f-a82d-c1c4e0d8d9d9,리베로,커피 주류,보정중심 골목형상점가,골목형상점가,경기도,,,
a7250f95648ad155881b,full_annotation_v1,A,q_주류_06,주류추천,음식점 중 '주류'를 판매·제공하는 매장,train,주류,T6 기계변형,02c50bb2-a429-4cff-9486-3b64bedcf838,흥덕포차,"음식, 주류",흥덕 다채움 골목형 상점가,골목형상점가,경기도,,,
a6ba331505bfaa3a767b,full_annotation_v1,A,q_주류_06,주류추천,음식점 중 '주류'를 판매·제공하는 매장,train,주류,T6 기계변형,0a021c52-9acc-40e6-b59e-ef0269a60fcd,주주클럽,기타(호프),하남 골목형상점가,골목형상점가,광주광역시,,,
8b04af674cf18dd5487c,full_annotation_v1,A,q_주류_06,주류추천,음식점 중 '주류'를 판매·제공하는 매장,train,주류,T6 기계변형,425ff1ff-425d-4bd2-8209-abc6768b36d8,송정가마솥깨통닭,치킨 주류,봉주 골목형상점가,골목형상점가,광주광역시,,,
9d0b25d3a11d67981ec1,full_annotation_v1,A,q_주류_06,주류추천,음식점 중 '주류'를 판매·제공하는 매장,train,주류,T6 기계변형,0484dbf3-ef62-434e-9a39-81721bca6270,역전할머니맥주백운점,호프,백운먹자 골목형상점가,골목형상점가,광주광역시,,,
6ae88b72e48a79590f89,full_annotation_v1,A,q_주류_06,주류추천,음식점 중 '주류'를 판매·제공하는 매장,train,주류,T6 기계변형,01ebd263-b47f-4f4e-a8d8-06a2fef5c306,탄광맥주광주중홍점,,중흥동 큰샘길 골목형상점가,골목형상점가,,,,
e82a25d5063a1c246861,full_annotation_v1,A,q_주류_06,주류추천,음식점 중 '주류'를 판매·제공하는 매장,train,주류,T6 기계변형,08b5afb2-c48e-4323-9611-40e8ee2819e2,지센경주점,,경주중심상가,전통시장,경상북도,,,
2db4182c7245533dd0f2,full_annotation_v1,A,q_주류_06,주류추천,음식점 중 '주류'를 판매·제공하는 매장,train,주류,T6 기계변형,56921a57-8697-43b0-84b9-373713b992e5,다락,주류,봉일천전통시장,전통시장,경기도,,,
1f9e75cea3c3e56e30ea,full_annotation_v1,A,q_주류_06,주류추천,음식점 중 '주류'를 판매·제공하는 매장,train,주류,T6 기계변형,77baab85-9cd3-4f7d-9845-87c1e97df85f,정실장네,주류 음식,남천 상점가,자율상권구역,경기도,,,
b67cba94ace344bb5968,full_annotation_v1,A,q_주류_06,주류추천,음식점 중 '주류'를 판매·제공하는 매장,train,주류,T6 기계변형,025146ee-7cf6-4f78-be47-b36900070846,에이마트,식품 음료 주류 담배,우산어등마을 골목형상점가,골목형상점가,광주광역시,,,
029b4e3b49cc92ca0001,full_annotation_v1,A,q_주류_06,주류추천,음식점 중 '주류'를 판매·제공하는 매장,train,주류,T6 기계변형,0cc1bb2b-574f-461f-9a04-7a200460ddad,금별맥주,맥주,지중해마을 골목형상점가,골목형상점가,충청남도,,,
3c9eb341a97ce95ec112,full_annotation_v1,A,q_주류_06,주류추천,음식점 중 '주류'를 판매·제공하는 매장,train,주류,T6 기계변형,022309d5-158b-4d21-92b9-e70d2f09ef51,나의 인생 맥주,,동천세븐로데오 골목형상점가,골목형상점가,대구광역시,,,
71480ae29e6f42e90c50,full_annotation_v1,A,q_주류_06,주류추천,음식점 중 '주류'를 판매·제공하는 매장,train,주류,T6 기계변형,795dffa7-04ff-4219-8fa2-4006eb9860f9,맥주달다,음식 및 주류,용강동상점가,자율상권구역,서울특별시,,,
688bf3e872cf485c8886,full_annotation_v1,A,q_주류_06,주류추천,음식점 중 '주류'를 판매·제공하는 매장,train,주류,T6 기계변형,172f0860-7455-4f64-bbbd-c58c213329e5,술집酒,음식 주류,의왕역 골목형상점가,골목형상점가,경기도,,,
51374eb53f709c5ca4af,full_annotation_v1,A,q_주류_06,주류추천,음식점 중 '주류'를 판매·제공하는 매장,train,주류,T6 기계변형,d6bcaf0b-4c44-4d05-a33f-19a075940d74,현대낚시,낚시용품,전곡중앙상가 골목형상점가,골목형상점가,경기도,,,
8fdd0e314324cc98ae72,full_annotation_v1,A,q_주류_06,주류추천,음식점 중 '주류'를 판매·제공하는 매장,train,주류,T6 기계변형,0b4c71b9-24d6-4a1b-a6e4-c50f029281af,무지개맥주,떡볶이 치킨 맥주등,고운마음 골목형상점가,골목형상점가,세종특별자치시,,,
2d7c5c71e9cf0ddb0e13,full_annotation_v1,A,q_주류_06,주류추천,음식점 중 '주류'를 판매·제공하는 매장,train,주류,T6 기계변형,5c7df253-bdcb-4b03-a377-3bf2540ef220,설빙동대구역점,빙수 아이스크림 커피 디저트 등,동터 골목형상점가,골목형상점가,대구광역시,,,
170fcf95a83c1bfece8b,full_annotation_v1,A,q_주류_06,주류추천,음식점 중 '주류'를 판매·제공하는 매장,train,주류,T6 기계변형,86bcefc6-bd50-4202-89a4-abd635e77f1a,바다친구회,음식점,김천황금시장,전통시장,경상북도,,,
18b29c36dd649b1abbc0,full_annotation_v1,A,q_주류_06,주류추천,음식점 중 '주류'를 판매·제공하는 매장,train,주류,T6 기계변형,effc063f-7425-4e2f-9980-6d74f4402005,해적선,안주와 주류,동명동 카페거리 골목형상점가,골목형상점가,광주광역시,,,
b90c885285295d3bcbcf,full_annotation_v1,A,q_주류_06,주류추천,음식점 중 '주류'를 판매·제공하는 매장,train,주류,T6 기계변형,06cfd3f9-80cc-463c-bf09-b2c1c1818bf6,삼화포차,음식 및 주류,동두천큰시장,전통시장,경기도,,,
4a3bac075c377598aaf4,full_annotation_v1,A,q_주류_06,주류추천,음식점 중 '주류'를 판매·제공하는 매장,train,주류,T6 기계변형,2c4c2594-fc0d-4eac-9643-46abb9cf09fd,청월객잔,음식 및 주류,영동전통시장,전통시장,서울특별시,,,
467b26b99644a219d4b8,full_annotation_v1,A,q_주류_06,주류추천,음식점 중 '주류'를 판매·제공하는 매장,train,주류,T6 기계변형,c155271c-5abc-4ce3-bf43-c82ffeeefdba,대구농원,구제,박달시장,전통시장,경기도,,,
f0d1cf149b54e674ac50,full_annotation_v1,A,q_주류_06,주류추천,음식점 중 '주류'를 판매·제공하는 매장,train,주류,T6 기계변형,08ee7d5a-0dad-49ec-b75f-9005b0d69a2e,치블리,치킨 및 주류,"각화서희,더샵주변 골목형상점가",골목형상점가,광주광역시,,,
5f88c65001ef84cdfd49,full_annotation_v1,A,q_주류_06,주류추천,음식점 중 '주류'를 판매·제공하는 매장,train,주류,T6 기계변형,83cfec3d-bf34-4d5e-a9cd-9fcc19f021e2,꽁커피,커피 주류,개항희망문화상권 상권활성화구역,상권활성화구역,인천광역시,,,
9064b0904cc135211a32,full_annotation_v1,A,q_주류_06,주류추천,음식점 중 '주류'를 판매·제공하는 매장,train,주류,T6 기계변형,58d71aeb-b4e0-4517-bbf1-9f2bc0fa0e71,여우식당,음식 주류,도원시장,전통시장,대구광역시,,,
bb1f426f653df733a3d2,full_annotation_v1,A,q_주류_06,주류추천,음식점 중 '주류'를 판매·제공하는 매장,train,주류,T6 기계변형,05cb46f5-4d9a-4f21-95b2-2167ccde3a20,맛수다,맥주호프,신대방1동온누리길골목형상점가,골목형상점가,서울특별시,,,
dac344680bb352a23733,full_annotation_v1,A,q_주류_06,주류추천,음식점 중 '주류'를 판매·제공하는 매장,train,주류,T6 기계변형,35bcc211-39df-45eb-9d1a-b9373d70a7aa,펍스,주류,홀릭스,골목형상점가,광주광역시,,,
2365511fa2f383fe6883,full_annotation_v1,A,q_주류_06,주류추천,음식점 중 '주류'를 판매·제공하는 매장,train,주류,T6 기계변형,64e259b3-c5bf-4c92-9dca-36f6bfe8ec89,꼬셔,음식 및 주류,호랑꼬두메마을 골목형상점가,골목형상점가,광주광역시,,,
5bdc6102c4396724bbd5,full_annotation_v1,A,q_주류_06,주류추천,음식점 중 '주류'를 판매·제공하는 매장,train,주류,T6 기계변형,2d32b32f-8341-4b67-bbf3-9a31146749f0,오며가며,주류 안주류 포차,개봉입구골목상가 골목형상점가,골목형상점가,서울특별시,,,
d5466555a038d3ad0844,full_annotation_v1,A,q_주류_06,주류추천,음식점 중 '주류'를 판매·제공하는 매장,train,주류,T6 기계변형,071fc410-0d42-4e4f-80a3-db98c98bb4df,우리맥주,호프,새시장 골목형상점가,골목형상점가,대전광역시,,,
8e05356c5ad1b547de5f,full_annotation_v1,A,q_주류_06,주류추천,음식점 중 '주류'를 판매·제공하는 매장,train,주류,T6 기계변형,befc4472-7a54-46ad-a9b7-6de0b7c8303a,봉숙비어,주류 및 기타,매곡동 골목형상점가,골목형상점가,광주광역시,,,
b096d701edcaab66ecd8,full_annotation_v1,A,q_주류_06,주류추천,음식점 중 '주류'를 판매·제공하는 매장,train,주류,T6 기계변형,0c80ffeb-7497-4d40-9496-701a62ef7d23,삼남매,한식 및 고기,동명동 카페거리 골목형상점가,골목형상점가,광주광역시,,,
604c3b80ba38056020ec,full_annotation_v1,A,q_주류_06,주류추천,음식점 중 '주류'를 판매·제공하는 매장,train,주류,T6 기계변형,50e8311b-799f-41f4-a864-b89ded8bc213,엔야,주류,운천테라스길상인회 골목형상점가,골목형상점가,광주광역시,,,
94f4c5e1196bf13b0949,full_annotation_v1,A,q_주류_06,주류추천,음식점 중 '주류'를 판매·제공하는 매장,train,주류,T6 기계변형,eae3aed0-65b4-4060-834f-7a4e5500aa3d,미스터호프에만,음식 주류,선운별 골목형상점가,골목형상점가,광주광역시,,,
dbd686992a19cc178e17,full_annotation_v1,A,q_주류_06,주류추천,음식점 중 '주류'를 판매·제공하는 매장,train,주류,T6 기계변형,02d7aeee-4636-4b5b-a6e7-856fa40d7038,크라운호프 충남대점,호프,궁동 골목형상점가,골목형상점가,대전광역시,,,
3ce76c926c95f3ae74e5,full_annotation_v1,A,q_주류_06,주류추천,음식점 중 '주류'를 판매·제공하는 매장,train,주류,T6 기계변형,8aa4971e-4396-4dd5-80d6-63fefc6cfc97,코너,주류,봉명동우산거리 골목형상점가,골목형상점가,대전광역시,,,
ec7f77920c33baf6152b,full_annotation_v1,A,q_주류_06,주류추천,음식점 중 '주류'를 판매·제공하는 매장,train,주류,T6 기계변형,a2753a1b-f34d-4e5e-a36d-58dd0caa86ca,아이비플라워,꽃,광주송정역세권 상권활성화구역,상권활성화구역,광주광역시,,,
a380b8d1eb61a8daba9e,full_annotation_v1,A,q_주류_06,주류추천,음식점 중 '주류'를 판매·제공하는 매장,train,주류,T6 기계변형,ec54d8c6-98fc-44dd-9e1f-9c126fe2068c,호성집,한식 주류,원주미로예술중앙시장(원주중앙시장),전통시장,강원특별자치도,,,
49f085a176f74ab31757,full_annotation_v1,A,q_주류_06,주류추천,음식점 중 '주류'를 판매·제공하는 매장,train,주류,T6 기계변형,d408d737-ceff-4a19-a012-22139239c513,꾸시야,음식 주류 판매,포일중앙 골목형상점가,골목형상점가,경기도,,,
ea8bcd6054eec2235046,full_annotation_v1,A,q_주류_06,주류추천,음식점 중 '주류'를 판매·제공하는 매장,train,주류,T6 기계변형,03a2ee33-c2cb-4274-a24e-56a5030917ae,아이비소주방,간이주점,고성시장,전통시장,경상남도,,,
14bd8bd2564c8a7c36a5,full_annotation_v1,A,q_주류_06,주류추천,음식점 중 '주류'를 판매·제공하는 매장,train,주류,T6 기계변형,5be5211c-6013-4245-9cff-c7bee59465b1,홍주제과,제과점업,홍성전통시장(구 홍성정기시장),전통시장,충청남도,,,
7feff73d14ba4bcb35b2,full_annotation_v1,A,q_주류_07,주유,음식점 중 '주류'를 판매·제공하는 매장,train,주류,T6 기계변형,6f761397-1403-4b4d-b91d-f1c60bd921af,대성주유소,주유소,조종시장,전통시장,경기도,,,
b6b6cd3278e1f1dc81f3,full_annotation_v1,A,q_주류_07,주유,음식점 중 '주류'를 판매·제공하는 매장,train,주류,T6 기계변형,c95292f8-3605-46bc-9ed2-be6e81f6abb9,행복제1주유소,주유,원대가구명물거리 골목형상점가,골목형상점가,대구광역시,,,
1c32f1741e1160639172,full_annotation_v1,A,q_주류_07,주유,음식점 중 '주류'를 판매·제공하는 매장,train,주류,T6 기계변형,72eff12a-abbf-4269-bfc1-65d36a2f8b07,신양주유소,주유소,신월7동골목형상점가,골목형상점가,서울특별시,,,
cd5bd3b12fb314af57c9,full_annotation_v1,A,q_주류_07,주유,음식점 중 '주류'를 판매·제공하는 매장,train,주류,T6 기계변형,01cb2138-a064-459b-97ef-6f0e7adb0778,두암주유소,주유소,두암시장주변 골목형상점가,골목형상점가,광주광역시,,,
5b8620b7dfc46c4595dd,full_annotation_v1,A,q_주류_07,주유,음식점 중 '주류'를 판매·제공하는 매장,train,주류,T6 기계변형,5d6d273a-bf66-4605-a842-d1c46885c0ef,미래 주유소,주유소,토지면 섬진강대로 골목형상점가,골목형상점가,전라남도,,,
b0475bf77d57234de207,full_annotation_v1,A,q_주류_07,주유,음식점 중 '주류'를 판매·제공하는 매장,train,주류,T6 기계변형,05cb46f5-4d9a-4f21-95b2-2167ccde3a20,맛수다,맥주호프,신대방1동온누리길골목형상점가,골목형상점가,서울특별시,,,
7397f471825cdbba7508,full_annotation_v1,A,q_주류_07,주유,음식점 중 '주류'를 판매·제공하는 매장,train,주류,T6 기계변형,0d7d65e8-99ad-4c05-a064-836fdacac7c9,원흥상회,의류,태안동부시장(구 태안특산물전통시장),전통시장,충청남도,,,
9f6d774593b0f9ce179e,full_annotation_v1,A,q_주류_07,주유,음식점 중 '주류'를 판매·제공하는 매장,train,주류,T6 기계변형,990b3f01-5856-419e-ad34-fd08f3faa88b,테크노파크주유소,주유,정부청사 골목형상점가,골목형상점가,광주광역시,,,
bd90676f97d096e71eca,full_annotation_v1,A,q_주류_07,주유,음식점 중 '주류'를 판매·제공하는 매장,train,주류,T6 기계변형,0861690f-8660-49d7-b6da-99a250e259d4,양북주유소,주유,양북시장,전통시장,경상북도,,,
929c19f7d570bbbe045f,full_annotation_v1,A,q_주류_07,주유,음식점 중 '주류'를 판매·제공하는 매장,train,주류,T6 기계변형,2e8fa9a9-623b-402c-9916-ff73abd7d105,두창주유소,주유소,용인어정가구단지상점가,자율상권구역,경기도,,,
f9b4dad229ba86b10ead,full_annotation_v1,A,q_주류_07,주유,음식점 중 '주류'를 판매·제공하는 매장,train,주류,T6 기계변형,dfb8193e-1df7-4b57-b457-e425fab87f9e,부원주유소,주유소,죽녹원 북문 골목형상점가,골목형상점가,전라남도,,,
e72c34d7e91a3e807536,full_annotation_v1,A,q_주류_07,주유,음식점 중 '주류'를 판매·제공하는 매장,train,주류,T6 기계변형,448b3844-f46e-48c6-8e39-c173cad9dba0,떡사랑,"소매(과자및떡,빵)",비단길현대시장,전통시장,서울특별시,,,
9301031074f4f421155f,full_annotation_v1,A,q_주류_07,주유,음식점 중 '주류'를 판매·제공하는 매장,train,주류,T6 기계변형,175c5b0b-f611-406e-8eca-01d804d40be2,오늘의 회,일식 회 초밥,구즉 골목형상점가,골목형상점가,대전광역시,,,
9b4c5c93c39a2625aaee,full_annotation_v1,A,q_주류_07,주유,음식점 중 '주류'를 판매·제공하는 매장,train,주류,T6 기계변형,1ded5960-52b9-4c92-8bc8-3aa5e1425dbd,영신 주유소,,분향리 골목형상점가,골목형상점가,,,,
e70d25ca91f134aad0d5,full_annotation_v1,A,q_주류_07,주유,음식점 중 '주류'를 판매·제공하는 매장,train,주류,T6 기계변형,aabcbe1e-f1ea-4058-a5e8-c3498b6fc44c,동현 주유소,주유소,조종시장,전통시장,경기도,,,
8f60d2e013545083702b,full_annotation_v1,A,q_주류_07,주유,음식점 중 '주류'를 판매·제공하는 매장,train,주류,T6 기계변형,0484dbf3-ef62-434e-9a39-81721bca6270,역전할머니맥주백운점,호프,백운먹자 골목형상점가,골목형상점가,광주광역시,,,
89477701d905bcdfdaf4,full_annotation_v1,A,q_주류_07,주유,음식점 중 '주류'를 판매·제공하는 매장,train,주류,T6 기계변형,a3cb72d7-785e-41ab-9cae-46a83293d58a,대원주유소,주유소,대남마주길 골목형상점가,골목형상점가,광주광역시,,,
dba4ad3eda0c639dc62d,full_annotation_v1,A,q_주류_07,주유,음식점 중 '주류'를 판매·제공하는 매장,train,주류,T6 기계변형,b4e15f80-704d-4537-9cc0-91f0a6cbe7e7,(주)대창석유 직영 운암주유소,주유,운암 예술 골목형상점가,골목형상점가,광주광역시,,,
aededcafd390e13e4153,full_annotation_v1,A,q_주류_07,주유,음식점 중 '주류'를 판매·제공하는 매장,train,주류,T6 기계변형,c3bb8375-dc4e-4567-ba14-8f5c1776e6e2,마트몰(주)더믿음가득주유소,"주유, 자동차용품",공구의거리,자율상권구역,광주광역시,,,
083c0d845ff937c0077e,full_annotation_v1,A,q_주류_07,주유,음식점 중 '주류'를 판매·제공하는 매장,train,주류,T6 기계변형,003a0ca2-f806-4d7a-b324-1dc98c6ea543,농업회사법인유한회사덕유,과실발효주 리큐르주 일반증류주 주류,백년소상공인,기타,전북특별자치도,,,
84419cada5fae3ee0768,full_annotation_v1,A,q_주류_07,주유,음식점 중 '주류'를 판매·제공하는 매장,train,주류,T6 기계변형,475e84d8-c628-4c77-9a1b-2306895282a9,서해쭈꾸미,쭈꾸미,두정동상점가,자율상권구역,충청남도,,,
e66eaab9e7dbcaee8d9b,full_annotation_v1,A,q_주류_07,주유,음식점 중 '주류'를 판매·제공하는 매장,train,주류,T6 기계변형,0d74d27a-c81c-4e67-8591-f7b67dd8237d,첨단북광주IC주유소,주유,정부청사 골목형상점가,골목형상점가,광주광역시,,,
3f53643998c6cc907ccd,full_annotation_v1,A,q_주류_07,주유,음식점 중 '주류'를 판매·제공하는 매장,train,주류,T6 기계변형,b238f710-5f1b-4a83-b815-857b69b749f0,상록 주유소,주유소,월산로상인회 골목형상점가,골목형상점가,광주광역시,,,
31d7b0fb0a6f1d0dc189,full_annotation_v1,A,q_주류_07,주유,음식점 중 '주류'를 판매·제공하는 매장,train,주류,T6 기계변형,06eab6d0-6e19-4260-bf4d-e8d75adc20f3,제스파 안마의자 광주점,,광주여대 골목형상점가,골목형상점가,,,,
f20c74f1a9b3294c08fc,full_annotation_v1,A,q_주류_07,주유,음식점 중 '주류'를 판매·제공하는 매장,train,주류,T6 기계변형,7400ae95-7bd6-46e3-901e-d0b004da2af4,순천주유소,주유소,장천동상가,자율상권구역,전라남도,,,
5e639e8d4c45e248820f,full_annotation_v1,A,q_주류_07,주유,음식점 중 '주류'를 판매·제공하는 매장,train,주류,T6 기계변형,022309d5-158b-4d21-92b9-e70d2f09ef51,나의 인생 맥주,,동천세븐로데오 골목형상점가,골목형상점가,대구광역시,,,
925332ba8f8d40381749,full_annotation_v1,A,q_주류_07,주유,음식점 중 '주류'를 판매·제공하는 매장,train,주류,T6 기계변형,01ebd263-b47f-4f4e-a8d8-06a2fef5c306,탄광맥주광주중홍점,,중흥동 큰샘길 골목형상점가,골목형상점가,,,,
32ee95b54eb058f30b67,full_annotation_v1,A,q_주류_07,주유,음식점 중 '주류'를 판매·제공하는 매장,train,주류,T6 기계변형,0cc1bb2b-574f-461f-9a04-7a200460ddad,금별맥주,맥주,지중해마을 골목형상점가,골목형상점가,충청남도,,,
bdea89ea48898564fdc4,full_annotation_v1,A,q_주류_07,주유,음식점 중 '주류'를 판매·제공하는 매장,train,주류,T6 기계변형,03a2ee33-c2cb-4274-a24e-56a5030917ae,아이비소주방,간이주점,고성시장,전통시장,경상남도,,,
cd660dea03e00c17cb1e,full_annotation_v1,A,q_주류_07,주유,음식점 중 '주류'를 판매·제공하는 매장,train,주류,T6 기계변형,09dbde5e-e5d3-434d-ab76-1c35c3b31f60,아이오아이전주점,,대방디엠시티 골목형상점가,골목형상점가,전북특별자치도,,,
3922b9d3dccbd97b9848,full_annotation_v1,A,q_주류_07,주유,음식점 중 '주류'를 판매·제공하는 매장,train,주류,T6 기계변형,cbd80fbe-0c1f-4db2-9fad-d174d418b64e,광탄주유소,주유,광탄전통시장,전통시장,경기도,,,
02c8888fdddbc4d33164,full_annotation_v1,A,q_주류_07,주유,음식점 중 '주류'를 판매·제공하는 매장,train,주류,T6 기계변형,825c4871-f6f7-4a0d-84a4-ae61d2aaa855,명륜주유소,주유소,북문시장,전통시장,경상북도,,,
b59ab3553735bb98cc40,full_annotation_v1,A,q_주류_07,주유,음식점 중 '주류'를 판매·제공하는 매장,train,주류,T6 기계변형,4a645127-86be-4301-b87b-a4916a55ca39,하루의 찬,반찬,상대동 골목형상점가,골목형상점가,대전광역시,,,
4ef101d12822659785b4,full_annotation_v1,A,q_주류_07,주유,음식점 중 '주류'를 판매·제공하는 매장,train,주류,T6 기계변형,5365a861-15ee-426c-af89-0ff5d04f5c20,알파배방점,문구점,배방상점가,자율상권구역,충청남도,,,
ac85f41c7c862a8c2f0f,full_annotation_v1,A,q_주류_07,주유,음식점 중 '주류'를 판매·제공하는 매장,train,주류,T6 기계변형,930e5cff-af63-4988-89da-7333514267b5,주공주유소,주유소,동림4단지 골목형상점가,골목형상점가,광주광역시,,,
3cc800fb1516dc46bbed,full_annotation_v1,A,q_주류_07,주유,음식점 중 '주류'를 판매·제공하는 매장,train,주류,T6 기계변형,d03608af-b98e-4cc7-8f8a-d330aef1f92f,돼지 부속부속 화로구이,화로구이,신철원시장,전통시장,강원특별자치도,,,
1eebbf0c2e8c952cb2a6,full_annotation_v1,A,q_주류_07,주유,음식점 중 '주류'를 판매·제공하는 매장,train,주류,T6 기계변형,ee69ad01-f705-4e3c-9ee9-48df23030298,명문토스트,기타 음식,김해 외동전통시장,전통시장,경상남도,,,
2ff3021e0251c7419a90,full_annotation_v1,A,q_주류_07,주유,음식점 중 '주류'를 판매·제공하는 매장,train,주류,T6 기계변형,f614323b-2add-4d9a-b9bc-6c1c4d75725d,한강주유소,주유소,광천동상인회 골목형상점가,골목형상점가,광주광역시,,,
78ca928f2b06360da7b4,full_annotation_v1,A,q_주류_07,주유,음식점 중 '주류'를 판매·제공하는 매장,train,주류,T6 기계변형,05af1041-c841-4c55-a15a-d7df08dff6fc,예향주유소,주유소,풍암SK.광명상가상인회 골목형상점가,골목형상점가,광주광역시,,,
3216aa7ec6ca8d2836eb,full_annotation_v1,A,q_주류_07,주유,음식점 중 '주류'를 판매·제공하는 매장,train,주류,T6 기계변형,99c3354a-7c3e-42a7-95dc-9c95df0d02df,수완행복주유소,주유소,석세스,골목형상점가,광주광역시,,,
1f584a061b170f274851,full_annotation_v1,A,q_주류_07,주유,음식점 중 '주류'를 판매·제공하는 매장,train,주류,T6 기계변형,03ba1dcf-e9e2-4436-8478-4ab3c4663d1e,주유소,,미리산길 골목형상점가,골목형상점가,,,,
3de06c4398fb6a0cb27b,full_annotation_v1,A,q_주류_07,주유,음식점 중 '주류'를 판매·제공하는 매장,train,주류,T6 기계변형,9adec2e2-9d37-4a37-9642-194a03e8c5cf,기성주유소,주유소,척산시장,전통시장,경상북도,,,
3cca785aa469ea6b889e,full_annotation_v1,A,q_주류_07,주유,음식점 중 '주류'를 판매·제공하는 매장,train,주류,T6 기계변형,5714010a-1de6-4ed4-b11a-22feb832f66f,용앙주유소,주유소,삼호읍 중앙 골목형상점가,골목형상점가,전라남도,,,
c5738886c8a10258631d,full_annotation_v1,A,q_주류_07,주유,음식점 중 '주류'를 판매·제공하는 매장,train,주류,T6 기계변형,aa475949-1705-4df7-b050-57e6dba11a6d,컴포즈커피 광주풍암2지구점,"커피, 음료",풍암SK.광명상가상인회 골목형상점가,골목형상점가,광주광역시,,,
e5f1a216a401b3ee48c7,full_annotation_v1,A,q_주류_07,주유,음식점 중 '주류'를 판매·제공하는 매장,train,주류,T6 기계변형,45cd87b0-dcbf-4daf-8f41-57e5b79d5595,안경제작소,안경,창선상가,전통시장,부산광역시,,,
de0df76c0c70ebbac4a6,full_annotation_v1,A,q_주류_07,주유,음식점 중 '주류'를 판매·제공하는 매장,train,주류,T6 기계변형,0c2e22b5-7d3a-4929-962e-ce457f5b2619,투싼운천점,호프,운천테라스길상인회 골목형상점가,골목형상점가,광주광역시,,,
fb87901f8e059c83a185,full_annotation_v1,A,q_주류_07,주유,음식점 중 '주류'를 판매·제공하는 매장,train,주류,T6 기계변형,02c50bb2-a429-4cff-9486-3b64bedcf838,흥덕포차,"음식, 주류",흥덕 다채움 골목형 상점가,골목형상점가,경기도,,,
1191b4fe06fae1a2a09c,full_annotation_v1,A,q_주류_07,주유,음식점 중 '주류'를 판매·제공하는 매장,train,주류,T6 기계변형,3dde4108-bfc8-4b42-bc56-a5eb8d707dc9,중앙정육점,정육,임실시장,전통시장,전북특별자치도,,,
4671d728a2a78ac9c121,full_annotation_v1,A,q_주류_07,주유,음식점 중 '주류'를 판매·제공하는 매장,train,주류,T6 기계변형,ec3d52d2-4615-4d1d-a0bd-bcc8dbf0b546,두리패션,의류,익산북부시장,전통시장,전북특별자치도,,,
9afd75f6f4623c98247c,full_annotation_v1,A,q_주류_07,주유,음식점 중 '주류'를 판매·제공하는 매장,train,주류,T6 기계변형,0f170fcf-2f3a-4906-8de0-f6ca60396be4,레드그린연에스테틱,피부관리,"호성2길, 3길 골목형상점가",골목형상점가,전북특별자치도,,,
a0ed084903cf177b20c2,full_annotation_v1,A,q_주류_07,주유,음식점 중 '주류'를 판매·제공하는 매장,train,주류,T6 기계변형,e3d8fbaa-0104-4a28-a213-14dee8c3b07e,대남로 주유소,주유,도군머리 골목형상점가,골목형상점가,광주광역시,,,
f35f5816073e327695dc,full_annotation_v1,A,q_주류_07,주유,음식점 중 '주류'를 판매·제공하는 매장,train,주류,T6 기계변형,1b619c94-3ce5-478e-bc9a-d03fe4b90a83,서광주역주유소,주유,금호푸른상인회 골목형상점가,골목형상점가,광주광역시,,,
297cf2734f39d7e907b5,full_annotation_v1,A,q_주류_07,주유,음식점 중 '주류'를 판매·제공하는 매장,train,주류,T6 기계변형,b765efb5-0eb3-411c-8d00-251a2c134744,주유청강,어복쟁반,어울림마당 골목형상점가,골목형상점가,부산광역시,,,
09fb49eb276b420fbf88,full_annotation_v1,A,q_주류_07,주유,음식점 중 '주류'를 판매·제공하는 매장,train,주류,T6 기계변형,f33183d5-d981-44b4-a0dd-360085141052,골든타임 주유소,주유,월산로상인회 골목형상점가,골목형상점가,광주광역시,,,
c56a71a61fad1e064374,full_annotation_v1,A,q_주류_07,주유,음식점 중 '주류'를 판매·제공하는 매장,train,주류,T6 기계변형,b02f4d34-ca4c-4c30-9f8b-a63dcb60a58a,문희주유소,주유소,문경전통시장,전통시장,경상북도,,,
07df02f9f401e765cd5c,full_annotation_v1,A,q_주류_07,주유,음식점 중 '주류'를 판매·제공하는 매장,train,주류,T6 기계변형,071fc410-0d42-4e4f-80a3-db98c98bb4df,우리맥주,호프,새시장 골목형상점가,골목형상점가,대전광역시,,,
68d9a53a94e29012c5cd,full_annotation_v1,A,q_주류_07,주유,음식점 중 '주류'를 판매·제공하는 매장,train,주류,T6 기계변형,0032d190-6f10-46db-b2a4-3b4084caa418,세븐일레븐 광주상무공원점,주류 일반상품 등,518먹자골목상인회 골목형상점가,골목형상점가,광주광역시,,,
434f4855c11af90e76cf,full_annotation_v1,A,q_주류_07,주유,음식점 중 '주류'를 판매·제공하는 매장,train,주류,T6 기계변형,bd641bdc-f644-47b2-9fd4-7b7b656a00d6,독립로주유소,주유소업,월산독립로 골목형상점가,골목형상점가,광주광역시,,,
bb518dd91ef4f5b61d30,full_annotation_v1,A,q_주류_07,주유,음식점 중 '주류'를 판매·제공하는 매장,train,주류,T6 기계변형,afa577e3-e097-4b37-ac9c-c16fdc5159ed,춘양주유소,주유소,억지춘향시장(구 봉화춘향시장),전통시장,경상북도,,,
6bc2f3efd028fa45cfc5,full_annotation_v1,A,q_주류_07,주유,음식점 중 '주류'를 판매·제공하는 매장,train,주류,T6 기계변형,0a5bef39-21a8-480d-be95-6a4f27feb0a5,송가네호프,호프,광탄전통시장,전통시장,경기도,,,
956237ea39ef4a98cd5e,full_annotation_v1,A,q_주류_07,주유,음식점 중 '주류'를 판매·제공하는 매장,train,주류,T6 기계변형,b90c1b64-9c76-4a69-a596-994324d9dcca,함덕주유소,주유소,함덕4구상점가,골목형상점가,제주특별자치도,,,
a906440c7aec084e4207,full_annotation_v1,A,q_주류_07,주유,음식점 중 '주류'를 판매·제공하는 매장,train,주류,T6 기계변형,d0a85e41-6575-45d1-b467-0ca3dc6af7c2,우리상회,,산들마을 골목형상점가,골목형상점가,경기도,,,
6c86d80158e0d8173eac,full_annotation_v1,A,q_주류_07,주유,음식점 중 '주류'를 판매·제공하는 매장,train,주류,T6 기계변형,06662c32-9207-484d-8ae9-4ff83fd7ba26,스터디하우스 스터디카페 동광주점독서실,,초록쉼터길 골목형상점가,골목형상점가,,,,
d38c886910bd6dfe7dda,full_annotation_v1,A,q_주류_07,주유,음식점 중 '주류'를 판매·제공하는 매장,train,주류,T6 기계변형,025146ee-7cf6-4f78-be47-b36900070846,에이마트,식품 음료 주류 담배,우산어등마을 골목형상점가,골목형상점가,광주광역시,,,
0ebb6483e86ab7945cca,full_annotation_v1,A,q_주류_07,주유,음식점 중 '주류'를 판매·제공하는 매장,train,주류,T6 기계변형,c9cd43e6-930f-432a-aef5-9a1becdc29fd,함안상회,과일,망미중앙시장,전통시장,부산광역시,,,
57932be71c16bc16f2f9,full_annotation_v1,A,q_주류_07,주유,음식점 중 '주류'를 판매·제공하는 매장,train,주류,T6 기계변형,02d211af-7e55-492e-ad20-15e6a940a76e,씨유아산북수점,"가공식사, 음료, 주류",배방상점가,자율상권구역,충청남도,,,
87263ddf379de4ca09f1,full_annotation_v1,A,q_주류_07,주유,음식점 중 '주류'를 판매·제공하는 매장,train,주류,T6 기계변형,b42e60ac-e848-4ff8-812e-6033944371f0,차나라주유소,주유소,두암2동 골목형상점가,골목형상점가,광주광역시,,,
0f3100aab5073843c2e8,full_annotation_v1,A,q_주류_07,주유,음식점 중 '주류'를 판매·제공하는 매장,train,주류,T6 기계변형,fd325b48-43af-4665-8f37-b1cdee00be55,(주)터미널주유소,주유,박물관거리 골목형상점가,골목형상점가,전라남도,,,
14c6c03c87a2096b3414,full_annotation_v1,A,q_주류_07,주유,음식점 중 '주류'를 판매·제공하는 매장,train,주류,T6 기계변형,75957979-8d08-4167-b0d4-c44dafd49912,박물관주유소,주유,양산동 하서로 골목형상점가,기타,광주광역시,,,
71fc37d7760d172a20bd,full_annotation_v1,A,q_주류_07,주유,음식점 중 '주류'를 판매·제공하는 매장,train,주류,T6 기계변형,0321329e-d220-40a4-8f40-a7c79b5ea682,양촌주유소,주유소,지석사거리 골목형상점가,골목형상점가,광주광역시,,,
5fcd4bb9e94f1e8e6159,full_annotation_v1,A,q_주류_07,주유,음식점 중 '주류'를 판매·제공하는 매장,train,주류,T6 기계변형,02d7aeee-4636-4b5b-a6e7-856fa40d7038,크라운호프 충남대점,호프,궁동 골목형상점가,골목형상점가,대전광역시,,,
b110ae0014cf40f043c9,full_annotation_v1,A,q_주류_07,주유,음식점 중 '주류'를 판매·제공하는 매장,train,주류,T6 기계변형,0b4c71b9-24d6-4a1b-a6e4-c50f029281af,무지개맥주,떡볶이 치킨 맥주등,고운마음 골목형상점가,골목형상점가,세종특별자치시,,,
9e98ea8a54dac16af934,full_annotation_v1,A,q_주류_07,주유,음식점 중 '주류'를 판매·제공하는 매장,train,주류,T6 기계변형,08b5afb2-c48e-4323-9611-40e8ee2819e2,지센경주점,,경주중심상가,전통시장,경상북도,,,
4e01bd60a569abdd1b20,full_annotation_v1,A,q_주류_07,주유,음식점 중 '주류'를 판매·제공하는 매장,train,주류,T6 기계변형,c0e66abb-862c-4a6e-9844-49af2464bb56,서양새마을금고 주유소,주유소,월산독립로 골목형상점가,골목형상점가,광주광역시,,,
1e29bd5cddbb87717845,full_annotation_v1,A,q_주류_07,주유,음식점 중 '주류'를 판매·제공하는 매장,train,주류,T6 기계변형,0a021c52-9acc-40e6-b59e-ef0269a60fcd,주주클럽,기타(호프),하남 골목형상점가,골목형상점가,광주광역시,,,
82a3a77f1296356c53d3,full_annotation_v1,A,q_주류_07,주유,음식점 중 '주류'를 판매·제공하는 매장,train,주류,T6 기계변형,067038fc-a0e0-48f4-8484-869d5cc6c8fa,평화약국,양약,남대문시장,전통시장,서울특별시,,,
de8c2984d5432a0e1e69,full_annotation_v1,A,q_주류_07,주유,음식점 중 '주류'를 판매·제공하는 매장,train,주류,T6 기계변형,782084c6-2058-43d6-b98d-d7766dccb8e1,대촌주유소,주유소,지석사거리 골목형상점가,골목형상점가,광주광역시,,,
19a38317546b1cf9dbe2,full_annotation_v1,A,q_주류_07,주유,음식점 중 '주류'를 판매·제공하는 매장,train,주류,T6 기계변형,da48fdb0-906f-495a-986a-691098ce16ab,성실주유소,주유소,31사단 골목형상점가,골목형상점가,광주광역시,,,
dabc224e80bc1287c4c4,full_annotation_v1,A,q_주방용품_01,그릇,생활·마트 중 '주방용품'을 판매·제공하는 매장,test,주방용품,T2 동의어,b754e418-4dd5-4c3f-b848-cccf5f194cba,대양그릇,그릇,거제시장,전통시장,부산광역시,,,
200088d1214f2c65d31c,full_annotation_v1,A,q_주방용품_01,그릇,생활·마트 중 '주방용품'을 판매·제공하는 매장,test,주방용품,T2 동의어,e7f6e7a2-8f49-4539-9e4d-c65735e21693,넝쿨,그릇,제일종합시장,전통시장,강원특별자치도,,,
7c3ef33524792fc3b121,full_annotation_v1,A,q_주방용품_01,그릇,생활·마트 중 '주방용품'을 판매·제공하는 매장,test,주방용품,T2 동의어,00019073-6f11-4f0f-b26f-342cc4f92c0a,만선회센타,음식및숙박업(일본음식점업),전북대대학로상점가,자율상권구역,전북특별자치도,,,
0c8a3e6ec28b64a43a92,full_annotation_v1,A,q_주방용품_01,그릇,생활·마트 중 '주방용품'을 판매·제공하는 매장,test,주방용품,T2 동의어,f9841a85-64e4-4a3a-8888-6dea95e59458,은령그릇,그릇,기장시장 일원 자율상권구역,,부산광역시,,,
a948492d396852e25bef,full_annotation_v1,A,q_주방용품_01,그릇,생활·마트 중 '주방용품'을 판매·제공하는 매장,test,주방용품,T2 동의어,011e8cfe-0737-49db-8250-68e7a51ca170,토담도예,생활도자기,㈜르네시떼,전통시장,부산광역시,,,
338cfa005a421eb25795,full_annotation_v1,A,q_주방용품_01,그릇,생활·마트 중 '주방용품'을 판매·제공하는 매장,test,주방용품,T2 동의어,e78bfe6c-1b66-44db-aa79-1d9afcb38419,파리바게뜨 충북제천점,,제천시 원도심 상권활성화구역,상권활성화구역,충청북도,,,
4b42d20c917db9a7c04c,full_annotation_v1,A,q_주방용품_01,그릇,생활·마트 중 '주방용품'을 판매·제공하는 매장,test,주방용품,T2 동의어,8ca90e78-a621-40e5-945a-70616ff2df44,상주상회,그릇,영선신시장,전통시장,대구광역시,,,
30321b19684c5413c02a,full_annotation_v1,A,q_주방용품_01,그릇,생활·마트 중 '주방용품'을 판매·제공하는 매장,test,주방용품,T2 동의어,6cb52853-6bda-4f57-a7b5-aff11609ba46,청신기물,그릇,청주육거리종합시장,전통시장,충청북도,,,
d5a18845e7765064496d,full_annotation_v1,A,q_주방용품_01,그릇,생활·마트 중 '주방용품'을 판매·제공하는 매장,test,주방용품,T2 동의어,d36700e2-85d4-4688-a583-b146ea67436a,유리네잡화,그릇,신림중앙시장,전통시장,서울특별시,,,
68913b46f7a94318654f,full_annotation_v1,A,q_주방용품_01,그릇,생활·마트 중 '주방용품'을 판매·제공하는 매장,test,주방용품,T2 동의어,d8552c12-16b1-465b-a385-73d91bb67972,롯데그릇,그릇,진주 논개시장,전통시장,경상남도,,,
944f4929eada724977cd,full_annotation_v1,A,q_주방용품_01,그릇,생활·마트 중 '주방용품'을 판매·제공하는 매장,test,주방용품,T2 동의어,49610d02-b236-4908-970a-88255d5577b1,삼환그릇,그릇,함평천지전통시장(함평5일시장),전통시장,,,,
81c5a3735742705b740c,full_annotation_v1,A,q_주방용품_01,그릇,생활·마트 중 '주방용품'을 판매·제공하는 매장,test,주방용품,T2 동의어,179d8462-4dc8-430b-927f-d7818ba6fb62,키친나라,주방용식기,하동공설시장,전통시장,경상남도,,,
a2a9ad8c746757e96dc1,full_annotation_v1,A,q_주방용품_01,그릇,생활·마트 중 '주방용품'을 판매·제공하는 매장,test,주방용품,T2 동의어,8cf6a08c-5c31-4393-a1dd-cb7ae6823b5f,광진상회,그릇,무등시장,전통시장,광주광역시,,,
172a609e9c41b7bfeded,full_annotation_v1,A,q_주방용품_01,그릇,생활·마트 중 '주방용품'을 판매·제공하는 매장,test,주방용품,T2 동의어,05d89d32-7199-4033-9aa6-c0162d2ca3fe,부천그릇,그릇,부천자유시장,전통시장,경기도,,,
0b99ff93e026236ecdad,full_annotation_v1,A,q_주방용품_01,그릇,생활·마트 중 '주방용품'을 판매·제공하는 매장,test,주방용품,T2 동의어,01e5414f-6d15-4b32-8ecb-21f61d103f80,현대주방기물백화점,"그릇, 주방기물",호계공설시장,전통시장,울산광역시,,,
3410008d30189ceee575,full_annotation_v1,A,q_주방용품_01,그릇,생활·마트 중 '주방용품'을 판매·제공하는 매장,test,주방용품,T2 동의어,76e0005c-222d-4312-92a2-26e876793ff9,광명그릇,그릇,광명새마을시장,전통시장,경기도,,,
1c8f991324de6c1ee258,full_annotation_v1,A,q_주방용품_01,그릇,생활·마트 중 '주방용품'을 판매·제공하는 매장,test,주방용품,T2 동의어,00cbb6f1-18d2-4f15-9af8-bdac08e35c56,비토도예,도자기,사기막골도자기시장(구 사기막골도예촌재래시장),전통시장,경기도,,,
90a2721047400453b86b,full_annotation_v1,A,q_주방용품_01,그릇,생활·마트 중 '주방용품'을 판매·제공하는 매장,test,주방용품,T2 동의어,9d51cecb-64c0-4045-923e-b55d60b8d122,대성상회,그릇,문경중앙시장,전통시장,경상북도,,,
02647b89c59152e795b3,full_annotation_v1,A,q_주방용품_01,그릇,생활·마트 중 '주방용품'을 판매·제공하는 매장,test,주방용품,T2 동의어,bbd95c41-053d-464f-9854-b7f0924f56b0,개금그릇,그릇,개금골목시장,전통시장,부산광역시,,,
8ca336e9fba549616719,full_annotation_v1,A,q_주방용품_01,그릇,생활·마트 중 '주방용품'을 판매·제공하는 매장,test,주방용품,T2 동의어,8fd4ee89-b78b-4ac8-ada1-49bb61730a06,은하상회,그릇,고성시장,전통시장,경상남도,,,
f8bd5b273e2c08f4f7f5,full_annotation_v1,A,q_주방용품_01,그릇,생활·마트 중 '주방용품'을 판매·제공하는 매장,test,주방용품,T2 동의어,be8f3e15-f83c-4b4b-890f-3e94f8944c66,수인그릇,그릇,중앙시장,전통시장,인천광역시,,,
5ab5f166d3399aa16b91,full_annotation_v1,A,q_주방용품_01,그릇,생활·마트 중 '주방용품'을 판매·제공하는 매장,test,주방용품,T2 동의어,0014a02e-4166-41fc-bc3d-bc2dac16a32b,이모네김밥,음식점,자양전통시장,전통시장,서울특별시,,,
06b849f3ee6c51511caf,full_annotation_v1,A,q_주방용품_01,그릇,생활·마트 중 '주방용품'을 판매·제공하는 매장,test,주방용품,T2 동의어,432971a9-cb2d-4afe-93c9-02a6e0f898de,충북그릇,그릇,숭인시장,전통시장,서울특별시,,,
a498c9439a55b33de1c4,full_annotation_v1,A,q_주방용품_01,그릇,생활·마트 중 '주방용품'을 판매·제공하는 매장,test,주방용품,T2 동의어,223ccbfa-6871-468d-a3c3-7ad9f8d262cf,영주상회,그릇,오정시장,전통시장,경기도,,,
172604592f3d466713e7,full_annotation_v1,A,q_주방용품_01,그릇,생활·마트 중 '주방용품'을 판매·제공하는 매장,test,주방용품,T2 동의어,66ec9642-c660-4270-a680-457369aa30f7,대성상회,그릇,사천 삼천포전통수산시장,전통시장,경상남도,,,
ba8680a723494e12852d,full_annotation_v1,A,q_주방용품_01,그릇,생활·마트 중 '주방용품'을 판매·제공하는 매장,test,주방용품,T2 동의어,e31ba769-8f20-4337-b02c-2f005c7bcf87,창신기물,그릇,창신골목시장,자율상권구역,서울특별시,,,
10b20a370957525a2ddc,full_annotation_v1,A,q_주방용품_01,그릇,생활·마트 중 '주방용품'을 판매·제공하는 매장,test,주방용품,T2 동의어,01b512e5-9a35-44cd-a0a6-7e29d0d85256,보물찾기,그릇 및 잡화,제일종합시장,전통시장,강원특별자치도,,,
2a856997bc2b825627bd,full_annotation_v1,A,q_주방용품_01,그릇,생활·마트 중 '주방용품'을 판매·제공하는 매장,test,주방용품,T2 동의어,87c6f39a-88c9-4eaf-ae30-dba6bbcfc464,대성그릇집,그릇,전주모래내시장,전통시장,전북특별자치도,,,
53ffb3d426010a2aac75,full_annotation_v1,A,q_주방용품_01,그릇,생활·마트 중 '주방용품'을 판매·제공하는 매장,test,주방용품,T2 동의어,a2376357-3520-401c-b0de-b24db4c9b7a1,주노헤어샵,미용,왕십리도선동상점가,자율상권구역,서울특별시,,,
ad77ee3dc9b75992111e,full_annotation_v1,A,q_주방용품_01,그릇,생활·마트 중 '주방용품'을 판매·제공하는 매장,test,주방용품,T2 동의어,9bca8071-03fe-40e6-8ed0-01e1e7da8df6,대한상회,그릇,문경중앙시장,전통시장,경상북도,,,
3c1de92092fdaac73a0c,full_annotation_v1,A,q_주방용품_01,그릇,생활·마트 중 '주방용품'을 판매·제공하는 매장,test,주방용품,T2 동의어,3f3b062f-1152-4521-b4d5-c5c27c8fc9b1,동해상회,그릇,남문골목형상점가,골목형상점가,강원특별자치도,,,
70adcd2939e6ed899b28,full_annotation_v1,A,q_주방용품_01,그릇,생활·마트 중 '주방용품'을 판매·제공하는 매장,test,주방용품,T2 동의어,44d9dd03-8ae9-4d92-bacb-39ea7d667c47,남선그릇백화점,그릇,금산금빛시장(금산시장),전통시장,충청남도,,,
949b6fb2b4e0edf251fd,full_annotation_v1,A,q_주방용품_01,그릇,생활·마트 중 '주방용품'을 판매·제공하는 매장,test,주방용품,T2 동의어,0010dbec-3031-440c-bda7-3d61761163a9,금송아지,음식점업,구미 진평음식문화특화거리 골목형상점가,골목형상점가,경상북도,,,
71fe3fc032e62da53966,full_annotation_v1,A,q_주방용품_01,그릇,생활·마트 중 '주방용품'을 판매·제공하는 매장,test,주방용품,T2 동의어,6607446f-a40c-4543-b684-0739d70a5343,삼성그릇,그릇,부전마켓타운 시장활성화구역,상권활성화구역,부산광역시,,,
0d634e1ffdfce6ff918c,full_annotation_v1,A,q_주방용품_01,그릇,생활·마트 중 '주방용품'을 판매·제공하는 매장,test,주방용품,T2 동의어,da9c0ab3-7280-47ce-ad7e-b00ff3593689,시장상회,그릇,합천왕후시장,전통시장,경상남도,,,
794d9ed199c10e7cac51,full_annotation_v1,A,q_주방용품_01,그릇,생활·마트 중 '주방용품'을 판매·제공하는 매장,test,주방용품,T2 동의어,3f60253c-0cf8-4b4b-9b65-a931ee4bf03f,형제그릇,그릇,양동산업용품시장,전통시장,광주광역시,,,
c0e89a7bb32fa4c0641b,full_annotation_v1,A,q_주방용품_01,그릇,생활·마트 중 '주방용품'을 판매·제공하는 매장,test,주방용품,T2 동의어,c3d34403-6e3d-4cd9-86b6-9313c7fe886c,다호,그릇,마산 대동씨코아상가시장,전통시장,경상남도,,,
d2e96b9a5ff0910f1e48,full_annotation_v1,A,q_주방용품_01,그릇,생활·마트 중 '주방용품'을 판매·제공하는 매장,test,주방용품,T2 동의어,49f8e0ab-03a0-4f21-99d9-42b7846462b5,은일그릇,그릇,부전농수산물새벽시장,전통시장,부산광역시,,,
50664fff2e8420fadc45,full_annotation_v1,A,q_주방용품_01,그릇,생활·마트 중 '주방용품'을 판매·제공하는 매장,test,주방용품,T2 동의어,35a6cf9e-5189-4522-9a0a-24c48084e02a,샐러바웃 풍암점,샐러드,풍암중앙상인회 골목형상점가,골목형상점가,광주광역시,,,
6a72da2358162440ffb4,full_annotation_v1,A,q_주방용품_01,그릇,생활·마트 중 '주방용품'을 판매·제공하는 매장,test,주방용품,T2 동의어,620d35ea-a193-457a-b64b-d5dbf3f9d1eb,주희네수산,수산물,영덕시장,전통시장,경상북도,,,
986ca93578a511355153,full_annotation_v1,A,q_주방용품_01,그릇,생활·마트 중 '주방용품'을 판매·제공하는 매장,test,주방용품,T2 동의어,a07a6023-151f-43da-953e-ca8f6ebb36dc,삼영상회,그릇,밀양 수산시장,전통시장,경상남도,,,
ccecd467dc536633db4d,full_annotation_v1,A,q_주방용품_01,그릇,생활·마트 중 '주방용품'을 판매·제공하는 매장,test,주방용품,T2 동의어,5ed1f672-2448-4d85-b064-cc33fa3f4e13,만광상회,그릇,밀양 내일전통시장,전통시장,경상남도,,,
ace62b44097a4d0447e1,full_annotation_v1,A,q_주방용품_01,그릇,생활·마트 중 '주방용품'을 판매·제공하는 매장,test,주방용품,T2 동의어,56419165-46c0-4c56-968b-c662d2724332,신흥상회,그릇,감전시장,전통시장,부산광역시,,,
af8f5ab0437382446115,full_annotation_v1,A,q_주방용품_01,그릇,생활·마트 중 '주방용품'을 판매·제공하는 매장,test,주방용품,T2 동의어,c2ced4d2-dd7c-412b-8579-76333825387e,동성상회,그릇,동두천중앙시장,전통시장,경기도,,,
73889722c7b2836baf35,full_annotation_v1,A,q_주방용품_01,그릇,생활·마트 중 '주방용품'을 판매·제공하는 매장,test,주방용품,T2 동의어,00099bd3-766a-4148-a64c-5356a9d5aad2,초장집 미사점,음식점,미사강변 골목형상점가,골목형상점가,경기도,,,
377e2d28652a4b317fa8,full_annotation_v1,A,q_주방용품_01,그릇,생활·마트 중 '주방용품'을 판매·제공하는 매장,test,주방용품,T2 동의어,016866c7-7e5a-4c48-b33e-a37f1e579730,백산도요,도자기,사기막골도자기시장(구 사기막골도예촌재래시장),전통시장,경기도,,,
70267436ea69ff32b706,full_annotation_v1,A,q_주방용품_01,그릇,생활·마트 중 '주방용품'을 판매·제공하는 매장,test,주방용품,T2 동의어,18c2f028-0db3-4ea9-be74-b8cc227abba0,풍년상회,그릇,발안만세시장(구 발안시장),전통시장,경기도,,,
563e044b209de4cd9b45,full_annotation_v1,A,q_주방용품_01,그릇,생활·마트 중 '주방용품'을 판매·제공하는 매장,test,주방용품,T2 동의어,05f7df60-185b-4eaf-883a-be9d8828ef8d,대왕그릇,그릇,원주중앙로문화의거리,자율상권구역,강원특별자치도,,,
01ea9abe63497ab4403d,full_annotation_v1,A,q_주방용품_01,그릇,생활·마트 중 '주방용품'을 판매·제공하는 매장,test,주방용품,T2 동의어,20d0d017-b648-4032-b953-ef386ee1cc84,충남상회,그릇,춘천동부시장,전통시장,강원특별자치도,,,
8db4c944831faccd3186,full_annotation_v1,A,q_주방용품_01,그릇,생활·마트 중 '주방용품'을 판매·제공하는 매장,test,주방용품,T2 동의어,81d78575-6230-433c-a37d-fa70d248605a,성원상회,그릇,엄궁농산물도매시장식품·청과 소매동 골목형상점가,골목형상점가,부산광역시,,,
f427be17741b957571ad,full_annotation_v1,A,q_주방용품_01,그릇,생활·마트 중 '주방용품'을 판매·제공하는 매장,test,주방용품,T2 동의어,25ed9ddc-eecb-494a-8aba-c502ecafc90e,대성만두야채도소매,,충주자유시장,전통시장,충청북도,,,
82f6f1e5ffd2baecc575,full_annotation_v1,A,q_주방용품_01,그릇,생활·마트 중 '주방용품'을 판매·제공하는 매장,test,주방용품,T2 동의어,01448ddc-182e-4a13-8e2c-7377a3be0b95,부흥상회,"소매업(그릇,주방용품)",죽산시장,전통시장,경기도,,,
5751156abb7300a4bb00,full_annotation_v1,A,q_주방용품_01,그릇,생활·마트 중 '주방용품'을 판매·제공하는 매장,test,주방용품,T2 동의어,10fae878-8810-410a-bb1b-2fe0f2bd43be,연성그릇,그릇,대조시장,전통시장,서울특별시,,,
51d9453c8f509d6c18f9,full_annotation_v1,A,q_주방용품_01,그릇,생활·마트 중 '주방용품'을 판매·제공하는 매장,test,주방용품,T2 동의어,7b8badab-9ecf-4f65-b602-3bd44408e446,파리 바게트,,혁신도시3구역 골목형상점가,골목형상점가,강원특별자치도,,,
fc8f7916b70c552e17c3,full_annotation_v1,A,q_주방용품_01,그릇,생활·마트 중 '주방용품'을 판매·제공하는 매장,test,주방용품,T2 동의어,7ae0f0de-d633-4467-8a8a-dce1fc2f5d9a,사강그릇,그릇,사강시장,전통시장,경기도,,,
642698f154e41c3047fa,full_annotation_v1,A,q_주방용품_01,그릇,생활·마트 중 '주방용품'을 판매·제공하는 매장,test,주방용품,T2 동의어,a146e83d-ffb5-418f-aaee-dc2b0eb9df53,모래내그릇,그릇,인천모래내전통시장,전통시장,인천광역시,,,
7a51bebd702425c78a9c,full_annotation_v1,A,q_주방용품_01,그릇,생활·마트 중 '주방용품'을 판매·제공하는 매장,test,주방용품,T2 동의어,20844f09-c21c-46e6-96d5-a773f36c0871,학산그릇,그릇,동울산종합시장,전통시장,울산광역시,,,
3308f6498712e94ef1e7,full_annotation_v1,A,q_주방용품_01,그릇,생활·마트 중 '주방용품'을 판매·제공하는 매장,test,주방용품,T2 동의어,9f96e4dd-3d67-4163-907f-bd5de43397e4,금호그릇,그릇,양동닭전길시장,전통시장,광주광역시,,,
5ef2c5705f02852ce407,full_annotation_v1,A,q_주방용품_01,그릇,생활·마트 중 '주방용품'을 판매·제공하는 매장,test,주방용품,T2 동의어,1b3a7106-ab85-4db6-a9ab-c2694a5c517a,희망그릇,그릇,남광주시장,전통시장,광주광역시,,,
c937e9920a199dff78af,full_annotation_v1,A,q_주방용품_01,그릇,생활·마트 중 '주방용품'을 판매·제공하는 매장,test,주방용품,T2 동의어,fcc25498-71de-4b51-b3e1-1b305c82fac2,동두천그릇총판,그릇,동두천큰시장,전통시장,경기도,,,
b4ad02e88151a1b16bc9,full_annotation_v1,A,q_주방용품_01,그릇,생활·마트 중 '주방용품'을 판매·제공하는 매장,test,주방용품,T2 동의어,188f175b-fdb4-4e3c-8274-e2aabdb0295f,동부그릇,그릇,남목전통시장,전통시장,울산광역시,,,
270c9a705b77803d8500,full_annotation_v1,A,q_주방용품_01,그릇,생활·마트 중 '주방용품'을 판매·제공하는 매장,test,주방용품,T2 동의어,b0bbcd8e-7977-49ec-a42d-86a329c4b7e1,복단지,그릇,신안프라자전통시장,전통시장,경기도,,,
63259de94f8ef34281d6,full_annotation_v1,A,q_주방용품_01,그릇,생활·마트 중 '주방용품'을 판매·제공하는 매장,test,주방용품,T2 동의어,256bae7c-c6de-4ab9-9bfa-fbe46a8892db,유공그릇,그릇,청학시장,전통시장,부산광역시,,,
97d4618d3ad554fa74db,full_annotation_v1,A,q_주방용품_01,그릇,생활·마트 중 '주방용품'을 판매·제공하는 매장,test,주방용품,T2 동의어,209c7a95-64b7-4adc-b477-81a1f0371d8a,풍년상회,그릇,포항죽도시장,전통시장,경상북도,,,
8140b4065f3e720b1b83,full_annotation_v1,A,q_주방용품_01,그릇,생활·마트 중 '주방용품'을 판매·제공하는 매장,test,주방용품,T2 동의어,e39efb0c-0f10-40f3-af5e-ac95a5a89366,한일상사,그릇,서문시장 제5지구,전통시장,대구광역시,,,
dc23c64175807183f938,full_annotation_v1,A,q_주방용품_01,그릇,생활·마트 중 '주방용품'을 판매·제공하는 매장,test,주방용품,T2 동의어,dce920d3-3261-42f3-91b9-2e1c9e3c0412,부산그릇,그릇,사상시장,전통시장,부산광역시,,,
795e4077f43d264fc099,full_annotation_v1,A,q_주방용품_01,그릇,생활·마트 중 '주방용품'을 판매·제공하는 매장,test,주방용품,T2 동의어,10c49708-f32e-4388-ba47-c30a7d58ecea,단대그릇센타,식기,단대마트시장,전통시장,경기도,,,
7c835e5cab045a4b1d29,full_annotation_v1,A,q_주방용품_01,그릇,생활·마트 중 '주방용품'을 판매·제공하는 매장,test,주방용품,T2 동의어,dd1f3f89-dae7-4cad-9078-c692589b8777,해동상회,그릇,마산어시장,전통시장,경상남도,,,
9a7c86ff10742d2928b7,full_annotation_v1,A,q_주방용품_01,그릇,생활·마트 중 '주방용품'을 판매·제공하는 매장,test,주방용품,T2 동의어,f956d20d-db98-4b16-b0fc-36e28fccfbfe,꼬리수산,생선,소래포구전통어시장,전통시장,인천광역시,,,
673b44a3541f752ee82b,full_annotation_v1,A,q_주방용품_01,그릇,생활·마트 중 '주방용품'을 판매·제공하는 매장,test,주방용품,T2 동의어,05407993-f65d-4b47-b23f-2bbbcef3232e,영화상회,요업제품식기,보령한내시장,전통시장,충청남도,,,
935dd4785f1a193bfd0d,full_annotation_v1,A,q_주방용품_01,그릇,생활·마트 중 '주방용품'을 판매·제공하는 매장,test,주방용품,T2 동의어,4d174930-17b8-4e5f-94bb-9f411528333c,대흥상회,그릇,서문시장 제5지구,전통시장,대구광역시,,,
a49fea934722bca6bc66,full_annotation_v1,A,q_주방용품_01,그릇,생활·마트 중 '주방용품'을 판매·제공하는 매장,test,주방용품,T2 동의어,001fe873-89a3-474a-b8d2-8526408e992d,진미해장국,음식점업(한식),평택통복시장,전통시장,경기도,,,
1b940f94ab495b118710,full_annotation_v1,A,q_주방용품_01,그릇,생활·마트 중 '주방용품'을 판매·제공하는 매장,test,주방용품,T2 동의어,1aeabc4c-a2a0-495d-a0b7-2cc5b42a5c52,한영상회,그릇(식기),동문재래시장,전통시장,제주특별자치도,,,
3def0d25a506e04f8837,full_annotation_v1,A,q_주방용품_01,그릇,생활·마트 중 '주방용품'을 판매·제공하는 매장,test,주방용품,T2 동의어,38ac4450-ed9f-4d42-874b-73ddc0d402bd,진우네 옛날통닭,닭,도농상점가,자율상권구역,경기도,,,
45b6e833e326826953d0,full_annotation_v1,A,q_주방용품_01,그릇,생활·마트 중 '주방용품'을 판매·제공하는 매장,test,주방용품,T2 동의어,4a179896-680b-4f51-9050-f56e1def33db,선학상회,그릇,포항큰동해시장,전통시장,경상북도,,,
ea88df300b87a0b9b6ef,full_annotation_v1,A,q_주방용품_01,그릇,생활·마트 중 '주방용품'을 판매·제공하는 매장,test,주방용품,T2 동의어,9c2fe2fe-a698-4443-8cea-f32fc48ced48,대성그릇,그릇,주문진종합시장,전통시장,강원특별자치도,,,
0b5e1885dcacedbe8de9,full_annotation_v1,A,q_주방용품_01,그릇,생활·마트 중 '주방용품'을 판매·제공하는 매장,test,주방용품,T2 동의어,d26f6a78-bf8a-451a-b009-3d91cec4bc5d,선학그릇,그릇,왜관시장,전통시장,경상북도,,,
5d3a8d736b268929af29,full_annotation_v1,A,q_주방용품_01,그릇,생활·마트 중 '주방용품'을 판매·제공하는 매장,test,주방용품,T2 동의어,c9fc028c-6eec-4e32-ba99-5fc12d388c82,선자 그릇,"그릇, 숙녀소품",일산시장(구 일산전통시장),전통시장,경기도,,,
e46528cb107839d57ed9,full_annotation_v1,A,q_주방용품_01,그릇,생활·마트 중 '주방용품'을 판매·제공하는 매장,test,주방용품,T2 동의어,fac6728a-9da0-4ccd-a22b-3c23a146141d,광진상회,그릇,신도봉시장,전통시장,서울특별시,,,
550ec15c3e49cb448a23,full_annotation_v1,A,q_주방용품_01,그릇,생활·마트 중 '주방용품'을 판매·제공하는 매장,test,주방용품,T2 동의어,bc6c8ac0-3e99-4bbe-becf-a7d3afb69548,대호상회,"그릇, 잡화",진안시장(진안고원시장),전통시장,전북특별자치도,,,
34281470744ae905704b,full_annotation_v1,A,q_주방용품_01,그릇,생활·마트 중 '주방용품'을 판매·제공하는 매장,test,주방용품,T2 동의어,161f98c1-ab14-4fa9-8ca4-3b1a583c1a92,시민그릇,그릇 잡화,제주시민속오일시장,전통시장,제주특별자치도,,,
9e3552cd513a6c104a4c,full_annotation_v1,A,q_주방용품_01,그릇,생활·마트 중 '주방용품'을 판매·제공하는 매장,test,주방용품,T2 동의어,391ecfb7-f617-450a-bb91-603264889537,황금상회,양파,부전농수산물새벽시장,전통시장,부산광역시,,,
5181c26b822b71f85f71,full_annotation_v1,A,q_주방용품_01,그릇,생활·마트 중 '주방용품'을 판매·제공하는 매장,test,주방용품,T2 동의어,82b918a7-477d-4d5d-be3e-370c26df8087,연무홈센터,그릇,연무안심시장,전통시장,충청남도,,,
73f67e043cad9876bf5c,full_annotation_v1,A,q_주방용품_01,그릇,생활·마트 중 '주방용품'을 판매·제공하는 매장,test,주방용품,T2 동의어,98f0fc2a-eff6-468f-b8b6-d1c2518d2f7e,대동상회,그릇,양산 남부시장상가,전통시장,경상남도,,,
ef4acf205a8e5eba04c5,full_annotation_v1,A,q_주방용품_01,그릇,생활·마트 중 '주방용품'을 판매·제공하는 매장,test,주방용품,T2 동의어,24538d31-d1e5-4d75-9e48-8388e1eb8e31,정원주방,그릇,칠성시장,전통시장,대구광역시,,,
10ee857f8b41792de4df,full_annotation_v1,A,q_주방용품_01,그릇,생활·마트 중 '주방용품'을 판매·제공하는 매장,test,주방용품,T2 동의어,ce64da7f-980f-48bc-a27b-1dad41f7e2f3,동양상회,그릇,문경중앙시장,전통시장,경상북도,,,
30a78704e0d6fd127bcb,full_annotation_v1,A,q_주방용품_01,그릇,생활·마트 중 '주방용품'을 판매·제공하는 매장,test,주방용품,T2 동의어,454d1611-e396-4201-96de-1b50bdebbc84,우정상회,그릇,태릉골목형상점가,골목형상점가,서울특별시,,,
65634374bf9d7508b0cf,full_annotation_v1,A,q_주방용품_01,그릇,생활·마트 중 '주방용품'을 판매·제공하는 매장,test,주방용품,T2 동의어,1208514a-16ca-47d0-a5a7-ecd8f25655c3,대림그릇,그릇,문창시장,전통시장,대전광역시,,,
0496134049faea7fea10,full_annotation_v1,A,q_주방용품_01,그릇,생활·마트 중 '주방용품'을 판매·제공하는 매장,test,주방용품,T2 동의어,e68cdd5d-1a4b-4225-9a5b-cbf2ddd64a54,지구반도,액세서리,부산진시장,전통시장,부산광역시,,,
b53e66cf89f1b6ae05c2,full_annotation_v1,A,q_주방용품_01,그릇,생활·마트 중 '주방용품'을 판매·제공하는 매장,test,주방용품,T2 동의어,797971ca-befe-4d96-90b9-9ef27f30467b,천전상회,그릇,진주 천전시장,전통시장,경상남도,,,
9712e3716dc2ca3479c1,full_annotation_v1,A,q_주방용품_01,그릇,생활·마트 중 '주방용품'을 판매·제공하는 매장,test,주방용품,T2 동의어,d9136248-9acb-49f7-b340-aec754a8a643,지은기물,그릇,문창시장,전통시장,대전광역시,,,
51ea825c7869c27d2158,full_annotation_v1,A,q_주방용품_01,그릇,생활·마트 중 '주방용품'을 판매·제공하는 매장,test,주방용품,T2 동의어,8349512c-de58-42f8-a548-18cdcb69006b,나라,그릇,성남프라자,전통시장,울산광역시,,,
9f21c53073436b865a8e,full_annotation_v1,A,q_주방용품_01,그릇,생활·마트 중 '주방용품'을 판매·제공하는 매장,test,주방용품,T2 동의어,894116c1-4a3b-43d2-ba6d-6927d57354ff,다사상회,그릇,서문시장 제5지구,전통시장,대구광역시,,,
b9ae2d58f52eb7237fd3,full_annotation_v1,A,q_주방용품_01,그릇,생활·마트 중 '주방용품'을 판매·제공하는 매장,test,주방용품,T2 동의어,46c92083-273e-46be-82db-ba4d796a13c2,동광상회,그릇,동산상가,전통시장,대구광역시,,,
e63fd71ba1c048703cd1,full_annotation_v1,A,q_주방용품_01,그릇,생활·마트 중 '주방용품'을 판매·제공하는 매장,test,주방용품,T2 동의어,01b28f89-fee4-4811-8c5a-4c728f24c0ba,백미스탠,그릇 주방용품,대야전통시장,전통시장,전북특별자치도,,,
1b62319c2f9450bef99f,full_annotation_v1,A,q_주방용품_01,그릇,생활·마트 중 '주방용품'을 판매·제공하는 매장,test,주방용품,T2 동의어,614413a7-bc75-4013-9c95-8f6d8512e251,충남주방,그릇,광명전통시장,전통시장,경기도,,,
9a9927c6f6c38226cf5b,full_annotation_v1,A,q_주방용품_01,그릇,생활·마트 중 '주방용품'을 판매·제공하는 매장,test,주방용품,T2 동의어,dad0e975-ce3c-476d-ac45-226fca5b94c1,중앙DC,그릇,전주신중앙시장(구 중앙버드나무시장),전통시장,전북특별자치도,,,
910c748c66843d25b2f5,full_annotation_v1,A,q_주방용품_01,그릇,생활·마트 중 '주방용품'을 판매·제공하는 매장,test,주방용품,T2 동의어,831c4f2e-7b1e-4c23-9b72-67149b0ad6e2,만복상회,그릇,용인중앙시장,전통시장,경기도,,,
06262c60cb10c1f49ee7,full_annotation_v1,A,q_주방용품_01,그릇,생활·마트 중 '주방용품'을 판매·제공하는 매장,test,주방용품,T2 동의어,de7ee8a7-a83d-47f8-875d-158eacc9312f,수정그릇,그릇,강화중앙시장(A·B동),전통시장,인천광역시,,,
eacdff820e8c43852752,full_annotation_v1,A,q_주방용품_01,그릇,생활·마트 중 '주방용품'을 판매·제공하는 매장,test,주방용품,T2 동의어,30f20983-5d1b-44df-95ec-cc65cd770a73,달빛대추야자(Moonlightdate),,혁신도시3구역 골목형상점가,골목형상점가,강원특별자치도,,,
72c1b4f1dd61ff0808d4,full_annotation_v1,A,q_주방용품_01,그릇,생활·마트 중 '주방용품'을 판매·제공하는 매장,test,주방용품,T2 동의어,61be38fd-3677-4bb6-bfc4-cb5fab94f727,이조그릇,그릇,말바우시장,전통시장,광주광역시,,,
ab8502677401d25e9c7d,full_annotation_v1,A,q_주방용품_01,그릇,생활·마트 중 '주방용품'을 판매·제공하는 매장,test,주방용품,T2 동의어,2bca1010-f6a1-4cc8-a48e-e75bb33c412c,연동기물,그릇,연동골목시장,자율상권구역,부산광역시,,,
f6c3ea363907ec506d3b,full_annotation_v1,A,q_주방용품_01,그릇,생활·마트 중 '주방용품'을 판매·제공하는 매장,test,주방용품,T2 동의어,d365e559-9e31-4fd3-a43d-3f69b829e301,호남상회,그릇,진흥종합시장,전통시장,인천광역시,,,
25a0e47da0b429d9b89b,full_annotation_v1,A,q_주방용품_01,그릇,생활·마트 중 '주방용품'을 판매·제공하는 매장,test,주방용품,T2 동의어,7d7cb453-c193-4ecb-8b53-bda0412ae1d6,그릇필요해,그릇,황룡시장,전통시장,전라남도,,,
46c9b05de9487a055560,full_annotation_v1,A,q_주방용품_01,그릇,생활·마트 중 '주방용품'을 판매·제공하는 매장,test,주방용품,T2 동의어,57cd02af-9619-44a8-9cec-807fccf8197f,밀려오네그릇,그릇,대림시장,전통시장,서울특별시,,,
a66f471852f74713467c,full_annotation_v1,A,q_주방용품_01,그릇,생활·마트 중 '주방용품'을 판매·제공하는 매장,test,주방용품,T2 동의어,fdc84221-255c-46ee-8bf0-901e258b7463,대명상회,그릇,중곡제일골목시장(중곡제일전통시장),전통시장,서울특별시,,,
2a7f30679a474a6c6769,full_annotation_v1,A,q_주방용품_01,그릇,생활·마트 중 '주방용품'을 판매·제공하는 매장,test,주방용품,T2 동의어,012185b9-46f5-4d62-8672-7c17d43b6886,남북상사,"도소매(잡화), 그릇",남대문시장,전통시장,서울특별시,,,
d668bbc557eeb9fb3325,full_annotation_v1,A,q_주방용품_01,그릇,생활·마트 중 '주방용품'을 판매·제공하는 매장,test,주방용품,T2 동의어,31661815-e68b-4b75-b60a-f2262004bcce,텐퍼센트커피 광주금호중앙점,커피,금호운천로상인회 골목형상점가,골목형상점가,광주광역시,,,
e09a00b72feaab84ea98,full_annotation_v1,A,q_주방용품_01,그릇,생활·마트 중 '주방용품'을 판매·제공하는 매장,test,주방용품,T2 동의어,4fe85acf-f098-4cd4-b5be-12714e8acf1e,진광그릇,그릇,남부종합시장,전통시장,인천광역시,,,
28879a31190c5a1a849d,full_annotation_v1,A,q_주방용품_01,그릇,생활·마트 중 '주방용품'을 판매·제공하는 매장,test,주방용품,T2 동의어,18b54c48-da6d-47a8-a010-c9f03b8c32cd,성화기물상사,그릇,진천중앙시장,전통시장,충청북도,,,
c474d864633a9c21f71d,full_annotation_v1,A,q_주방용품_01,그릇,생활·마트 중 '주방용품'을 판매·제공하는 매장,test,주방용품,T2 동의어,275c73f1-fc79-44a0-8e1a-b5f2531e1ed6,부전그릇,그릇,부전상가시장,전통시장,부산광역시,,,
bf263837bb274b979b0d,full_annotation_v1,A,q_주방용품_01,그릇,생활·마트 중 '주방용품'을 판매·제공하는 매장,test,주방용품,T2 동의어,564e2adc-c64d-41aa-9ee0-e50a7f7f4811,만물상회,그릇,서부시장(서부재래시장),전통시장,충청남도,,,
5ebe95efd66b0db86810,full_annotation_v1,A,q_주방용품_01,그릇,생활·마트 중 '주방용품'을 판매·제공하는 매장,test,주방용품,T2 동의어,834df1d7-1059-46d9-a402-4fa60183c95a,다복상회,그릇,열우물전통시장( 구 십정종합시장),전통시장,인천광역시,,,
5b6db7cd481d0e7fe1eb,full_annotation_v1,A,q_주방용품_01,그릇,생활·마트 중 '주방용품'을 판매·제공하는 매장,test,주방용품,T2 동의어,32b415c5-850d-4fdf-a114-a7b2d9b5ad03,제일그릇백화점,그릇,강릉성남시장,전통시장,강원특별자치도,,,
5a362ca44f1ed780e2b1,full_annotation_v1,A,q_주방용품_01,그릇,생활·마트 중 '주방용품'을 판매·제공하는 매장,test,주방용품,T2 동의어,fa9e5311-db95-4f12-bd65-d6a9fea773fb,백산그릇,그릇,부산진시장,전통시장,부산광역시,,,
41a082ba90be073dede3,full_annotation_v1,A,q_주방용품_01,그릇,생활·마트 중 '주방용품'을 판매·제공하는 매장,test,주방용품,T2 동의어,5ee6049c-18b9-4c1b-bd90-f5aaf9d76c1b,서동그릇,그릇,서동향토시장,전통시장,부산광역시,,,
af620477e03d7753cd95,full_annotation_v1,A,q_주방용품_01,그릇,생활·마트 중 '주방용품'을 판매·제공하는 매장,test,주방용품,T2 동의어,9ae76383-255d-4e07-b501-445c09d4f462,일등그릇,그릇,남원공설시장,전통시장,전북특별자치도,,,
41d96a225cec82c293eb,full_annotation_v1,A,q_주방용품_01,그릇,생활·마트 중 '주방용품'을 판매·제공하는 매장,test,주방용품,T2 동의어,d4669ce5-03af-4997-a8d3-42efc4128be6,대영주방백화점,그릇,상주왕산상점가,자율상권구역,경상북도,,,
2ad4979162810f27d920,full_annotation_v1,A,q_주방용품_01,그릇,생활·마트 중 '주방용품'을 판매·제공하는 매장,test,주방용품,T2 동의어,cffc0344-184a-4776-93a8-a4582c396f25,유환사,그릇,송도역전시장,전통시장,인천광역시,,,
89154abb93bf6701a08f,full_annotation_v1,A,q_주방용품_01,그릇,생활·마트 중 '주방용품'을 판매·제공하는 매장,test,주방용품,T2 동의어,00315b91-ae04-4ca0-bc66-43dc7858b0d5,시옷이응,도자기,예스파크 상점가,자율상권구역,경기도,,,
1f4a54be7814758381e7,full_annotation_v1,A,q_주방용품_01,그릇,생활·마트 중 '주방용품'을 판매·제공하는 매장,test,주방용품,T2 동의어,1154cdcd-4a2f-4c00-817a-302e4c3beaad,한일상사,그릇,서문시장 제5지구,전통시장,대구광역시,,,
9f877800a9ccdeaac005,full_annotation_v1,A,q_주방용품_01,그릇,생활·마트 중 '주방용품'을 판매·제공하는 매장,test,주방용품,T2 동의어,4eaf50ff-cec7-4a6d-b9f6-0e90b77e287d,희망그릇,그릇,남광주시장,전통시장,,,,
fb0e0015c55cff0eb3ed,full_annotation_v1,A,q_주방용품_01,그릇,생활·마트 중 '주방용품'을 판매·제공하는 매장,test,주방용품,T2 동의어,f62ffe2d-1611-44da-b012-f8301d182a64,호돌이방,그릇,수유프라자,전통시장,서울특별시,,,
19dee28533a730a65a13,full_annotation_v1,A,q_주방용품_01,그릇,생활·마트 중 '주방용품'을 판매·제공하는 매장,test,주방용품,T2 동의어,8567e70a-a8af-48ec-a0c6-8559f1110633,보배그릇,그릇,경주성동공설시장,전통시장,경상북도,,,
76515dc8c9a0918c718c,full_annotation_v1,A,q_주방용품_01,그릇,생활·마트 중 '주방용품'을 판매·제공하는 매장,test,주방용품,T2 동의어,26d48cb6-79ec-4b66-8d2a-922ba5ef7592,삼신상회,플라스틱식기,건천시장,전통시장,경상북도,,,
250c3a3435d3de1eb9f0,full_annotation_v1,A,q_주방용품_01,그릇,생활·마트 중 '주방용품'을 판매·제공하는 매장,test,주방용품,T2 동의어,60ba70f7-57ca-43c4-8892-1bf6acd3c971,유진그릇,그릇,흥해시장,전통시장,경상북도,,,
719d7115384eeea23020,full_annotation_v1,A,q_주방용품_01,그릇,생활·마트 중 '주방용품'을 판매·제공하는 매장,test,주방용품,T2 동의어,1479b5ac-8b81-41f0-8dc5-ba473b301ba7,형제그릇,그릇,노룬산골목시장,전통시장,서울특별시,,,
28358d303fb9dd22fca7,full_annotation_v1,A,q_주방용품_01,그릇,생활·마트 중 '주방용품'을 판매·제공하는 매장,test,주방용품,T2 동의어,2a84d8c7-88c8-4a02-8473-54ef29de0000,남지상회,식료품,사하시장,전통시장,부산광역시,,,
6d52f65b36679b44efc0,full_annotation_v1,A,q_주방용품_01,그릇,생활·마트 중 '주방용품'을 판매·제공하는 매장,test,주방용품,T2 동의어,3214b538-e8e1-4331-9188-998446464159,영신그릇,그릇,용산용문시장,전통시장,서울특별시,,,
4e1996f07c5bd9dbd6f2,full_annotation_v1,A,q_주방용품_01,그릇,생활·마트 중 '주방용품'을 판매·제공하는 매장,test,주방용품,T2 동의어,0079e4d6-6b16-43b7-8b42-1377fc092985,강진옹기,도자기,일곡동(제11지역:용전동) 골목형상점가,골목형상점가,광주광역시,,,
dcf5e481454ad6d8ee95,full_annotation_v1,A,q_주방용품_01,그릇,생활·마트 중 '주방용품'을 판매·제공하는 매장,test,주방용품,T2 동의어,66a4f02b-cea2-4d32-bb9e-040c8c1cff39,형제그릇,그릇,부전시장,전통시장,부산광역시,,,
e4353c1a70a117cf26c2,full_annotation_v1,A,q_주방용품_01,그릇,생활·마트 중 '주방용품'을 판매·제공하는 매장,test,주방용품,T2 동의어,208e01f4-302b-42ea-8339-b8b73c7cfa23,전남기물,그릇,양동시장,전통시장,광주광역시,,,
bf19c6509d048b7cdf0c,full_annotation_v1,A,q_주방용품_01,그릇,생활·마트 중 '주방용품'을 판매·제공하는 매장,test,주방용품,T2 동의어,c75246e5-b956-4688-a30d-06ea48413b77,경동상회,그릇,전곡전통시장,전통시장,경기도,,,
f1841903a6827a39cb79,full_annotation_v1,A,q_주방용품_01,그릇,생활·마트 중 '주방용품'을 판매·제공하는 매장,test,주방용품,T2 동의어,4acc7790-ca4f-4c00-a12d-f8dfd8b4c7a9,대림그릇,그릇,창원 대동훼미리코아종합상가,전통시장,경상남도,,,
ea2c108cd2e9459076b9,full_annotation_v1,A,q_주방용품_01,그릇,생활·마트 중 '주방용품'을 판매·제공하는 매장,test,주방용품,T2 동의어,24f267bd-04f5-4039-9394-cedb242de01f,선학상회,그릇,감호시장,전통시장,경상북도,,,
64b16a33ab229338bc76,full_annotation_v1,A,q_주방용품_01,그릇,생활·마트 중 '주방용품'을 판매·제공하는 매장,test,주방용품,T2 동의어,b2e33b2d-ff9f-40d5-ba28-4af4c6f10002,우리상회,그릇,동산상가,전통시장,대구광역시,,,
5a4d5ff9cd98e7afd3db,full_annotation_v1,A,q_주방용품_01,그릇,생활·마트 중 '주방용품'을 판매·제공하는 매장,test,주방용품,T2 동의어,e0fb040c-1dfc-4d6c-a744-191cb16355d5,제일상회,그릇,남원공설시장,전통시장,전북특별자치도,,,
cee336525f624eedddf4,full_annotation_v1,A,q_주방용품_01,그릇,생활·마트 중 '주방용품'을 판매·제공하는 매장,test,주방용품,T2 동의어,98fb2fca-4e73-4f20-a595-8472117da6d8,서울상회,그릇,의정부제일시장,전통시장,경기도,,,
fa60ed1ea4a45b80ed14,full_annotation_v1,A,q_주방용품_01,그릇,생활·마트 중 '주방용품'을 판매·제공하는 매장,test,주방용품,T2 동의어,9c2d8d25-d581-451a-a6a7-497a2c090a24,경북상회,그릇,북평민속시장(북평민속5일장),전통시장,강원특별자치도,,,
d37efbc766e2e3b45962,full_annotation_v1,A,q_주방용품_01,그릇,생활·마트 중 '주방용품'을 판매·제공하는 매장,test,주방용품,T2 동의어,5123372f-99e6-46dd-9846-5eb2624f7a97,씨유 신흥타니점,편의점,신흥로데오거리상점가,골목형상점가,경기도,,,
a45fdf049101f0a0f37c,full_annotation_v1,A,q_주방용품_01,그릇,생활·마트 중 '주방용품'을 판매·제공하는 매장,test,주방용품,T2 동의어,8f033bc0-2337-4304-893c-5f4f6186f3ad,봄떡,떡,반여2동상가시장,전통시장,부산광역시,,,
c1a76cee3d6d3a1f154c,full_annotation_v1,A,q_주방용품_01,그릇,생활·마트 중 '주방용품'을 판매·제공하는 매장,test,주방용품,T2 동의어,693a89b1-a17a-4df1-8b2e-9182912ac2ac,경남상사,그릇,감전시장,전통시장,부산광역시,,,
2eaf394182bc0e40c716,full_annotation_v1,A,q_주방용품_01,그릇,생활·마트 중 '주방용품'을 판매·제공하는 매장,test,주방용품,T2 동의어,c0360222-a059-4980-89c7-f54cd5cd79bc,수정그릇,그릇,사강시장,전통시장,경기도,,,
f8d54b3fb211d7d810e1,full_annotation_v1,A,q_주방용품_02,도자기,생활·마트 중 '주방용품'을 판매·제공하는 매장,test,주방용품,T2 동의어,9accec66-fc44-4a3f-b6fe-069775b56838,장훈성공방,도자기,예스파크 상점가,자율상권구역,경기도,,,
89d089651ddf4293d782,full_annotation_v1,A,q_주방용품_02,도자기,생활·마트 중 '주방용품'을 판매·제공하는 매장,test,주방용품,T2 동의어,94fdd310-4701-4ca0-8f0c-e31a71eff896,우비그릇,도자기,사기막골도자기시장(구 사기막골도예촌재래시장),전통시장,경기도,,,
dd838110c1a359584e13,full_annotation_v1,A,q_주방용품_02,도자기,생활·마트 중 '주방용품'을 판매·제공하는 매장,test,주방용품,T2 동의어,4c787a99-4b1c-4386-82c7-811f19ea1345,뱅뱅,청바지,설악로데오거리상점가,자율상권구역,강원특별자치도,,,
0bd0cc1f3708ffc919e4,full_annotation_v1,A,q_주방용품_02,도자기,생활·마트 중 '주방용품'을 판매·제공하는 매장,test,주방용품,T2 동의어,ef1c888e-90a2-4874-99d5-f032b3b1bca8,구민영도예연구소,도자기,빛고을공예창작촌 골목형상점가,골목형상점가,광주광역시,,,
7026b8ebcd986801d0e8,full_annotation_v1,A,q_주방용품_02,도자기,생활·마트 중 '주방용품'을 판매·제공하는 매장,test,주방용품,T2 동의어,866efbc7-8d5c-4578-8cbb-84a016d7b42e,마루 도자기,생활 도자기,양림공예거리 골목형상점가,골목형상점가,광주광역시,,,
362bf6c0dbfe5e4b08aa,full_annotation_v1,A,q_주방용품_02,도자기,생활·마트 중 '주방용품'을 판매·제공하는 매장,test,주방용품,T2 동의어,4ef4ba22-acf5-49cb-ba8d-c57c4e5b17d2,자기소의봄,도자기,예스파크 상점가,자율상권구역,경기도,,,
7929e3663c87727e3228,full_annotation_v1,A,q_주방용품_02,도자기,생활·마트 중 '주방용품'을 판매·제공하는 매장,test,주방용품,T2 동의어,b1b110da-eb7f-4020-90a6-1839eb513634,네일바이나나,네일아트,하당꽃길2가 골목형상점가,골목형상점가,전라남도,,,
04df2208be14efd6d08c,full_annotation_v1,A,q_주방용품_02,도자기,생활·마트 중 '주방용품'을 판매·제공하는 매장,test,주방용품,T2 동의어,40d1e058-2dad-4010-ba30-5da2f1119b42,식구기,도자기,사기막골도자기시장(구 사기막골도예촌재래시장),전통시장,경기도,,,
e3ddcd7085acce8ded7f,full_annotation_v1,A,q_주방용품_02,도자기,생활·마트 중 '주방용품'을 판매·제공하는 매장,test,주방용품,T2 동의어,dd13848e-7896-497d-acb4-f607a07b2d67,예현도예,"도소매(도자기), 제조업(도자기)",예스파크 상점가,자율상권구역,경기도,,,
78f7883db6fc022b1343,full_annotation_v1,A,q_주방용품_02,도자기,생활·마트 중 '주방용품'을 판매·제공하는 매장,test,주방용품,T2 동의어,b84ef46e-9037-464d-8748-a6f7a95c1918,평강도요,도자기,예스파크 상점가,자율상권구역,경기도,,,
6d7bd56ea5e36fb1bb00,full_annotation_v1,A,q_주방용품_02,도자기,생활·마트 중 '주방용품'을 판매·제공하는 매장,test,주방용품,T2 동의어,c4efc03c-1982-478d-b62e-e7c4a3178cab,도란도자기공방,도자기,권율 골목형상점가,골목형상점가,경기도,,,
07502c9374ad1ae01ac8,full_annotation_v1,A,q_주방용품_02,도자기,생활·마트 중 '주방용품'을 판매·제공하는 매장,test,주방용품,T2 동의어,6a046c95-31b8-40d6-841d-29161a965e7d,비담은,도자기,예스파크 상점가,자율상권구역,경기도,,,
916266ced2009ef55745,full_annotation_v1,A,q_주방용품_02,도자기,생활·마트 중 '주방용품'을 판매·제공하는 매장,test,주방용품,T2 동의어,00cbb6f1-18d2-4f15-9af8-bdac08e35c56,비토도예,도자기,사기막골도자기시장(구 사기막골도예촌재래시장),전통시장,경기도,,,
822b12e59c6f9caa6e98,full_annotation_v1,A,q_주방용품_02,도자기,생활·마트 중 '주방용품'을 판매·제공하는 매장,test,주방용품,T2 동의어,fbf045c8-0730-4154-bb3f-8de79575c1fd,도경공방,도자기,봉선1로37번길 골목형상점가,골목형상점가,광주광역시,,,
0ec88326e9080f976688,full_annotation_v1,A,q_주방용품_02,도자기,생활·마트 중 '주방용품'을 판매·제공하는 매장,test,주방용품,T2 동의어,016866c7-7e5a-4c48-b33e-a37f1e579730,백산도요,도자기,사기막골도자기시장(구 사기막골도예촌재래시장),전통시장,경기도,,,
f139a00282d8ca80868e,full_annotation_v1,A,q_주방용품_02,도자기,생활·마트 중 '주방용품'을 판매·제공하는 매장,test,주방용품,T2 동의어,288d8aa6-a5c8-4419-9ea2-1f338a61a477,글라스박스 안경원,안경 등,하이닉스골목형상점가,골목형상점가,경기도,,,
e6b0aa86a7ed1480495f,full_annotation_v1,A,q_주방용품_02,도자기,생활·마트 중 '주방용품'을 판매·제공하는 매장,test,주방용품,T2 동의어,3212781c-6e8c-4c81-9c9f-375559c34cd5,메이플레르,도자기,예스파크 상점가,자율상권구역,경기도,,,
0af43b852d0ee8f72cbc,full_annotation_v1,A,q_주방용품_02,도자기,생활·마트 중 '주방용품'을 판매·제공하는 매장,test,주방용품,T2 동의어,179d8462-4dc8-430b-927f-d7818ba6fb62,키친나라,주방용식기,하동공설시장,전통시장,경상남도,,,
3350ac9a9743671208b8,full_annotation_v1,A,q_주방용품_02,도자기,생활·마트 중 '주방용품'을 판매·제공하는 매장,test,주방용품,T2 동의어,00315b91-ae04-4ca0-bc66-43dc7858b0d5,시옷이응,도자기,예스파크 상점가,자율상권구역,경기도,,,
ec6a4d4359ad49fcf2b5,full_annotation_v1,A,q_주방용품_02,도자기,생활·마트 중 '주방용품'을 판매·제공하는 매장,test,주방용품,T2 동의어,d9b4e06a-52ef-4a0b-9e0d-759661e238bb,귀단요 성탄송운,도자기,백년소상공인,기타,경상북도,,,
4f30f9b8b880f4858a09,full_annotation_v1,A,q_주방용품_02,도자기,생활·마트 중 '주방용품'을 판매·제공하는 매장,test,주방용품,T2 동의어,f73e7171-eaaf-4caf-bc9c-f9ee05293dfb,소꿉놀이,도자기,순천문화의거리 금꽃예술촌,자율상권구역,전라남도,,,
57678438c47faf160ea5,full_annotation_v1,A,q_주방용품_02,도자기,생활·마트 중 '주방용품'을 판매·제공하는 매장,test,주방용품,T2 동의어,b4f782e9-cc27-44de-a0cb-0faff1c99413,오월,도자기,사기막골도자기시장(구 사기막골도예촌재래시장),전통시장,경기도,,,
90b88ed5c792f18faa79,full_annotation_v1,A,q_주방용품_02,도자기,생활·마트 중 '주방용품'을 판매·제공하는 매장,test,주방용품,T2 동의어,0014a02e-4166-41fc-bc3d-bc2dac16a32b,이모네김밥,음식점,자양전통시장,전통시장,서울특별시,,,
94a61d80162e0cec11c6,full_annotation_v1,A,q_주방용품_02,도자기,생활·마트 중 '주방용품'을 판매·제공하는 매장,test,주방용품,T2 동의어,10c49708-f32e-4388-ba47-c30a7d58ecea,단대그릇센타,식기,단대마트시장,전통시장,경기도,,,
dee2bcb5577fa791e109,full_annotation_v1,A,q_주방용품_02,도자기,생활·마트 중 '주방용품'을 판매·제공하는 매장,test,주방용품,T2 동의어,cc8bb4d7-5386-427c-8381-880abc8a3ee2,후라이드참잘하는집,치킨,백운진다리 골목형상점가,골목형상점가,광주광역시,,,
6ab9619b816d61b376af,full_annotation_v1,A,q_주방용품_02,도자기,생활·마트 중 '주방용품'을 판매·제공하는 매장,test,주방용품,T2 동의어,86601595-3171-4705-b2ab-7800901d8854,다온도예,도자기,선산봉황시장(구 선산종합시장),전통시장,경상북도,,,
fa4dd3e4795641f9950a,full_annotation_v1,A,q_주방용품_02,도자기,생활·마트 중 '주방용품'을 판매·제공하는 매장,test,주방용품,T2 동의어,012185b9-46f5-4d62-8672-7c17d43b6886,남북상사,"도소매(잡화), 그릇",남대문시장,전통시장,서울특별시,,,
305553ab9e3c6560505f,full_annotation_v1,A,q_주방용품_02,도자기,생활·마트 중 '주방용품'을 판매·제공하는 매장,test,주방용품,T2 동의어,68ebc88b-fdf0-439b-b50a-089d7df56423,여우자기,도자기,죽전동 상생 골목형상점가,골목형상점가,경기도,,,
3c7e20321d6ca48b57f8,full_annotation_v1,A,q_주방용품_02,도자기,생활·마트 중 '주방용품'을 판매·제공하는 매장,test,주방용품,T2 동의어,90f957ce-e0f2-4128-928a-207dbb0a0756,풍요,"도소매(도자기), 제조업(도자기)",예스파크 상점가,자율상권구역,경기도,,,
ed76684422d74d146044,full_annotation_v1,A,q_주방용품_02,도자기,생활·마트 중 '주방용품'을 판매·제공하는 매장,test,주방용품,T2 동의어,9eb9e415-14ed-49b2-833a-fad11321265b,라이크블랭크,도자기,운리단길골목형상점가,골목형상점가,충청북도,,,
be9633b92600a2a23963,full_annotation_v1,A,q_주방용품_02,도자기,생활·마트 중 '주방용품'을 판매·제공하는 매장,test,주방용품,T2 동의어,e0892fc6-e585-46d6-80fa-0fd20aa032db,가치,도자기,사기막골도자기시장(구 사기막골도예촌재래시장),전통시장,경기도,,,
b9dd7021d7a196516d96,full_annotation_v1,A,q_주방용품_02,도자기,생활·마트 중 '주방용품'을 판매·제공하는 매장,test,주방용품,T2 동의어,e751b448-3ece-4b29-9701-0be7c9610f03,가기,도자기,예스파크 상점가,자율상권구역,경기도,,,
5c964266e1f7b709ed07,full_annotation_v1,A,q_주방용품_02,도자기,생활·마트 중 '주방용품'을 판매·제공하는 매장,test,주방용품,T2 동의어,3db099fb-46e2-4bb4-9eb1-e2a78ded4639,토원공방,도자기,예스파크 상점가,자율상권구역,경기도,,,
522dcbfbfec34ff7f5f8,full_annotation_v1,A,q_주방용품_02,도자기,생활·마트 중 '주방용품'을 판매·제공하는 매장,test,주방용품,T2 동의어,cebf432b-93b4-4de9-855b-a6e051d3a4cd,베란다프로젝트공방,도자기,서산번화2로,자율상권구역,충청남도,,,
b2892f98633a254f1224,full_annotation_v1,A,q_주방용품_02,도자기,생활·마트 중 '주방용품'을 판매·제공하는 매장,test,주방용품,T2 동의어,9adcf9ec-4564-400e-8994-a2799c820f41,신성도자기,도자기,예스파크 상점가,자율상권구역,경기도,,,
11ab2f336bc131f37aa6,full_annotation_v1,A,q_주방용품_02,도자기,생활·마트 중 '주방용품'을 판매·제공하는 매장,test,주방용품,T2 동의어,f31b378a-86a6-4daa-91a1-a0660a5fa1ca,로원요,도자기,예스파크 상점가,자율상권구역,경기도,,,
a60d4f16d21e273b7b59,full_annotation_v1,A,q_주방용품_02,도자기,생활·마트 중 '주방용품'을 판매·제공하는 매장,test,주방용품,T2 동의어,1e43f034-0adc-4bce-99ed-4bb886cc281b,서우,도자기,예스파크 상점가,자율상권구역,경기도,,,
2cb35257bb17d082abdd,full_annotation_v1,A,q_주방용품_02,도자기,생활·마트 중 '주방용품'을 판매·제공하는 매장,test,주방용품,T2 동의어,9531a912-6042-4287-9561-0794c4b7e2d0,가치,도자기,예스파크 상점가,자율상권구역,경기도,,,
227443101ce0688093bd,full_annotation_v1,A,q_주방용품_02,도자기,생활·마트 중 '주방용품'을 판매·제공하는 매장,test,주방용품,T2 동의어,011e8cfe-0737-49db-8250-68e7a51ca170,토담도예,생활도자기,㈜르네시떼,전통시장,부산광역시,,,
fc079b758696b2ecca4b,full_annotation_v1,A,q_주방용품_02,도자기,생활·마트 중 '주방용품'을 판매·제공하는 매장,test,주방용품,T2 동의어,fd6ed3e6-c8fd-485a-a7a9-057b5212e332,곰아저씨,도자기,예스파크 상점가,자율상권구역,경기도,,,
60172cc7f3e695b3a18b,full_annotation_v1,A,q_주방용품_02,도자기,생활·마트 중 '주방용품'을 판매·제공하는 매장,test,주방용품,T2 동의어,7fe04ec8-5b75-49db-aa3e-8bf257c431e9,갤러리메이퀸,도자기,예스파크 상점가,자율상권구역,경기도,,,
bdc69548fefd180b6764,full_annotation_v1,A,q_주방용품_02,도자기,생활·마트 중 '주방용품'을 판매·제공하는 매장,test,주방용품,T2 동의어,213f001c-0ccc-4af2-9d7a-3e2488649dd7,송암,도자기,예스파크 상점가,자율상권구역,경기도,,,
773d11e2755007f9c88c,full_annotation_v1,A,q_주방용품_02,도자기,생활·마트 중 '주방용품'을 판매·제공하는 매장,test,주방용품,T2 동의어,64246277-000f-4205-9b6f-dda7f8b1f39b,김석빈도자기,도자기,예스파크 상점가,자율상권구역,경기도,,,
593ba1dedf0bf62881ae,full_annotation_v1,A,q_주방용품_02,도자기,생활·마트 중 '주방용품'을 판매·제공하는 매장,test,주방용품,T2 동의어,922cac6c-3be9-4128-a673-9206cd639342,루히게케라믹,도자기,예스파크 상점가,자율상권구역,경기도,,,
e74fe8b26e5fbc429679,full_annotation_v1,A,q_주방용품_02,도자기,생활·마트 중 '주방용품'을 판매·제공하는 매장,test,주방용품,T2 동의어,f6f335c5-06fc-4ab8-9caa-94fcade5cf2c,녹색공방,도자기,예스파크 상점가,자율상권구역,경기도,,,
b72a5258d1e370e14955,full_annotation_v1,A,q_주방용품_02,도자기,생활·마트 중 '주방용품'을 판매·제공하는 매장,test,주방용품,T2 동의어,1e5919fd-bc6c-4e04-b738-fc6817f93781,명인당한의원,의료서비스,쇠내울골목형상점가,골목형상점가,충청북도,,,
39a81fe96442b2bca5c6,full_annotation_v1,A,q_주방용품_02,도자기,생활·마트 중 '주방용품'을 판매·제공하는 매장,test,주방용품,T2 동의어,79268317-69f6-4ac6-be0d-b3aac57cc328,옆집도예방,도자기,설악로데오거리상점가,자율상권구역,강원특별자치도,,,
c15b06fb35a1fcab8d26,full_annotation_v1,A,q_주방용품_02,도자기,생활·마트 중 '주방용품'을 판매·제공하는 매장,test,주방용품,T2 동의어,9403b2fd-5cf5-4324-9fed-71481fb33928,이치헌도예연구소,도자기,중문로 골목형상점가,골목형상점가,광주광역시,,,
f710151b8bd5a7a4b3d1,full_annotation_v1,A,q_주방용품_02,도자기,생활·마트 중 '주방용품'을 판매·제공하는 매장,test,주방용품,T2 동의어,d05ae228-5b20-4f2f-8541-d2779a1e7849,도자기shop녹두,도자기,예스파크 상점가,자율상권구역,경기도,,,
5434164044684f8ea59b,full_annotation_v1,A,q_주방용품_02,도자기,생활·마트 중 '주방용품'을 판매·제공하는 매장,test,주방용품,T2 동의어,aafe53cc-219e-4f1a-acb8-300de524e106,연서세라믹스,도자기,예스파크 상점가,자율상권구역,경기도,,,
f0cd1d3303f7a7d60693,full_annotation_v1,A,q_주방용품_02,도자기,생활·마트 중 '주방용품'을 판매·제공하는 매장,test,주방용품,T2 동의어,e6f5ec80-948f-4958-bd48-35350930702a,무릉도원,도자기,예스파크 상점가,자율상권구역,경기도,,,
46e41d01f55b37bcc440,full_annotation_v1,A,q_주방용품_02,도자기,생활·마트 중 '주방용품'을 판매·제공하는 매장,test,주방용품,T2 동의어,01448ddc-182e-4a13-8e2c-7377a3be0b95,부흥상회,"소매업(그릇,주방용품)",죽산시장,전통시장,경기도,,,
f3b802ce33e30a96041a,full_annotation_v1,A,q_주방용품_02,도자기,생활·마트 중 '주방용품'을 판매·제공하는 매장,test,주방용품,T2 동의어,05407993-f65d-4b47-b23f-2bbbcef3232e,영화상회,요업제품식기,보령한내시장,전통시장,충청남도,,,
29149fe7383b820f3bad,full_annotation_v1,A,q_주방용품_02,도자기,생활·마트 중 '주방용품'을 판매·제공하는 매장,test,주방용품,T2 동의어,0c3fdade-f52a-4cef-a1b5-81fd0041b8de,도산도방,도자기,예스파크 상점가,자율상권구역,경기도,,,
e197efd929f77bad4001,full_annotation_v1,A,q_주방용품_02,도자기,생활·마트 중 '주방용품'을 판매·제공하는 매장,test,주방용품,T2 동의어,a372557e-0c77-41c1-af27-f47176b547da,남양도예,도자기,예스파크 상점가,자율상권구역,경기도,,,
6273189f264fb82d7af8,full_annotation_v1,A,q_주방용품_02,도자기,생활·마트 중 '주방용품'을 판매·제공하는 매장,test,주방용품,T2 동의어,00019073-6f11-4f0f-b26f-342cc4f92c0a,만선회센타,음식및숙박업(일본음식점업),전북대대학로상점가,자율상권구역,전북특별자치도,,,
c1a3c83c5d3985c55b99,full_annotation_v1,A,q_주방용품_02,도자기,생활·마트 중 '주방용품'을 판매·제공하는 매장,test,주방용품,T2 동의어,22dcac52-2b6d-4f93-9567-28cf8422b9c0,화성생활도자기전시장,도자기,포항죽도시장,전통시장,경상북도,,,
1db944a2d56d7f800876,full_annotation_v1,A,q_주방용품_02,도자기,생활·마트 중 '주방용품'을 판매·제공하는 매장,test,주방용품,T2 동의어,c8201cd9-af74-4b73-869c-766db07c0436,그린도예,도자기,예스파크 상점가,자율상권구역,경기도,,,
ab6d22ae1e95465dd254,full_annotation_v1,A,q_주방용품_02,도자기,생활·마트 중 '주방용품'을 판매·제공하는 매장,test,주방용품,T2 동의어,01e5414f-6d15-4b32-8ecb-21f61d103f80,현대주방기물백화점,"그릇, 주방기물",호계공설시장,전통시장,울산광역시,,,
17eb0e485fc6771e65d3,full_annotation_v1,A,q_주방용품_02,도자기,생활·마트 중 '주방용품'을 판매·제공하는 매장,test,주방용품,T2 동의어,260c0ade-c663-4b6c-aa7b-e51865106e20,신성도자기,도자기,예스파크 상점가,자율상권구역,경기도,,,
4de6afc6cd4306f24799,full_annotation_v1,A,q_주방용품_02,도자기,생활·마트 중 '주방용품'을 판매·제공하는 매장,test,주방용품,T2 동의어,554245a7-0a4e-44ef-b6a9-85c4886e7214,예빈시,도자기,예스파크 상점가,자율상권구역,경기도,,,
5369df3cb97abea32314,full_annotation_v1,A,q_주방용품_02,도자기,생활·마트 중 '주방용품'을 판매·제공하는 매장,test,주방용품,T2 동의어,49f01284-ddee-4911-995a-da6a49710c6e,한마루,도자기,예스파크 상점가,자율상권구역,경기도,,,
2bfe6980dd66ae974fe6,full_annotation_v1,A,q_주방용품_02,도자기,생활·마트 중 '주방용품'을 판매·제공하는 매장,test,주방용품,T2 동의어,a6ab6904-0c27-4abe-a9ee-c0cf665fd840,화개진가,도자기,하동 화개장터,전통시장,경상남도,,,
6023b3c28f2072a18b81,full_annotation_v1,A,q_주방용품_02,도자기,생활·마트 중 '주방용품'을 판매·제공하는 매장,test,주방용품,T2 동의어,d82fcb26-250e-48d5-9d07-d9ccf0b7f48b,충주산방,도자기,백년소상공인,기타,전라남도,,,
a9271de5c9ad897c2591,full_annotation_v1,A,q_주방용품_02,도자기,생활·마트 중 '주방용품'을 판매·제공하는 매장,test,주방용품,T2 동의어,aade0003-b5a1-4675-bd76-28fe11b42d61,올데이민,의류,열우물전통시장( 구 십정종합시장),전통시장,인천광역시,,,
01c28f66c22b8de83166,full_annotation_v1,A,q_주방용품_02,도자기,생활·마트 중 '주방용품'을 판매·제공하는 매장,test,주방용품,T2 동의어,0010dbec-3031-440c-bda7-3d61761163a9,금송아지,음식점업,구미 진평음식문화특화거리 골목형상점가,골목형상점가,경상북도,,,
d08f1485ce879fef26f4,full_annotation_v1,A,q_주방용품_02,도자기,생활·마트 중 '주방용품'을 판매·제공하는 매장,test,주방용품,T2 동의어,bec92d74-65f6-482a-8b6b-4fd9ecc51d1b,한신옹기,도자기,해방촌 골목형상점가,골목형상점가,서울특별시,,,
5ba406c6122c9541c201,full_annotation_v1,A,q_주방용품_02,도자기,생활·마트 중 '주방용품'을 판매·제공하는 매장,test,주방용품,T2 동의어,7908d615-3eac-4322-b0fb-b6a22b5ac5da,동현상회,,홍천시장(홍천구시장),전통시장,강원특별자치도,,,
f452b298ab376bb35619,full_annotation_v1,A,q_주방용품_02,도자기,생활·마트 중 '주방용품'을 판매·제공하는 매장,test,주방용품,T2 동의어,a626a620-81d7-4d2a-9708-7c2328bd98e9,사계연,도자기,예스파크 상점가,자율상권구역,경기도,,,
21496b72dbbe4874a6bb,full_annotation_v1,A,q_주방용품_02,도자기,생활·마트 중 '주방용품'을 판매·제공하는 매장,test,주방용품,T2 동의어,fb10ad36-6222-4bbf-9d5b-ba1b955e4faf,도야,도자기,달아실 골목형상점가,골목형상점가,광주광역시,,,
08796daf5a8418e2c40a,full_annotation_v1,A,q_주방용품_02,도자기,생활·마트 중 '주방용품'을 판매·제공하는 매장,test,주방용품,T2 동의어,26d48cb6-79ec-4b66-8d2a-922ba5ef7592,삼신상회,플라스틱식기,건천시장,전통시장,경상북도,,,
d76c28758cc05ba0a872,full_annotation_v1,A,q_주방용품_02,도자기,생활·마트 중 '주방용품'을 판매·제공하는 매장,test,주방용품,T2 동의어,ede777a8-dcdb-4fa7-8713-a3403c00bc78,미르공방,도자기,예스파크 상점가,자율상권구역,경기도,,,
97a71a52abada1df92ea,full_annotation_v1,A,q_주방용품_02,도자기,생활·마트 중 '주방용품'을 판매·제공하는 매장,test,주방용품,T2 동의어,50b3b4b5-b8a3-47d1-ba67-a7e54c234075,해필,책 도자기,부여도심 상권활성화구역,상권활성화구역,충청남도,,,
d6d9b6e34a4aeb55a309,full_annotation_v1,A,q_주방용품_02,도자기,생활·마트 중 '주방용품'을 판매·제공하는 매장,test,주방용품,T2 동의어,0eeb96ab-b794-4644-8fc6-dbe6ecdea1ca,후라이드참잘하는집,치킨,하당꽃길2가 골목형상점가,골목형상점가,전라남도,,,
2b802c6b69338b35b0d3,full_annotation_v1,A,q_주방용품_02,도자기,생활·마트 중 '주방용품'을 판매·제공하는 매장,test,주방용품,T2 동의어,817f4bb2-1aa7-4ed4-8824-233280e8bd80,자은912,도자기,창원 성원그랜드쇼핑상가,전통시장,경상남도,,,
7de0e8b9709fbb4a6720,full_annotation_v1,A,q_주방용품_02,도자기,생활·마트 중 '주방용품'을 판매·제공하는 매장,test,주방용품,T2 동의어,65794cb3-9abb-467b-a5f5-6f5556f7aae6,FLOMUD,도자기,쓰담길 골목형상점가,골목형상점가,전라남도,,,
3b606e9993f07523773d,full_annotation_v1,A,q_주방용품_02,도자기,생활·마트 중 '주방용품'을 판매·제공하는 매장,test,주방용품,T2 동의어,7f2c814c-0d4b-41f3-8247-81849f8900eb,아향,도자기,빛고을공예창작촌 골목형상점가,골목형상점가,광주광역시,,,
4f1f6380b53027779d66,full_annotation_v1,A,q_주방용품_02,도자기,생활·마트 중 '주방용품'을 판매·제공하는 매장,test,주방용품,T2 동의어,1e889425-d70d-41e8-9438-d2086f6b5c05,동영세라믹스,도자기,예스파크 상점가,자율상권구역,경기도,,,
ae22818162a3f74c24c7,full_annotation_v1,A,q_주방용품_02,도자기,생활·마트 중 '주방용품'을 판매·제공하는 매장,test,주방용품,T2 동의어,7cde2934-58d3-428c-a74b-1451d6de9ed5,써클인써클,제조업(도자기)도소매업(도자기),예스파크 상점가,자율상권구역,경기도,,,
0d0401fb961f23124e89,full_annotation_v1,A,q_주방용품_02,도자기,생활·마트 중 '주방용품'을 판매·제공하는 매장,test,주방용품,T2 동의어,ffcddda0-43f4-4604-9ab4-98649aa5f3d1,플로리겐,도자기,예스파크 상점가,자율상권구역,경기도,,,
cf36119390df15bfbae0,full_annotation_v1,A,q_주방용품_02,도자기,생활·마트 중 '주방용품'을 판매·제공하는 매장,test,주방용품,T2 동의어,b996d00b-2e83-433a-860f-6e9678470059,우먼센스,생활용품,거제 장평종합시장,전통시장,경상남도,,,
4afee84ad9268c61c104,full_annotation_v1,A,q_주방용품_02,도자기,생활·마트 중 '주방용품'을 판매·제공하는 매장,test,주방용품,T2 동의어,01b28f89-fee4-4811-8c5a-4c728f24c0ba,백미스탠,그릇 주방용품,대야전통시장,전통시장,전북특별자치도,,,
027efbd260a391235f33,full_annotation_v1,A,q_주방용품_02,도자기,생활·마트 중 '주방용품'을 판매·제공하는 매장,test,주방용품,T2 동의어,f603c345-6c37-40d1-af50-9d044a5f2e44,와라통신,휴대폰기기,지석사거리 골목형상점가,골목형상점가,광주광역시,,,
9ae7f883997476e286a7,full_annotation_v1,A,q_주방용품_02,도자기,생활·마트 중 '주방용품'을 판매·제공하는 매장,test,주방용품,T2 동의어,bbe4a155-b651-4758-8eb1-7a8d8099ce0c,학산도예,도자기,백년소상공인,기타,경상북도,,,
c213226bd9161f1508f7,full_annotation_v1,A,q_주방용품_02,도자기,생활·마트 중 '주방용품'을 판매·제공하는 매장,test,주방용품,T2 동의어,58ca8915-7206-4551-9740-3ecdcddaf8f4,모지스 도자기 공방,도자기,능동상가,자율상권구역,경기도,,,
fba50ab4cd76655b6d8d,full_annotation_v1,A,q_주방용품_02,도자기,생활·마트 중 '주방용품'을 판매·제공하는 매장,test,주방용품,T2 동의어,0079e4d6-6b16-43b7-8b42-1377fc092985,강진옹기,도자기,일곡동(제11지역:용전동) 골목형상점가,골목형상점가,광주광역시,,,
980ada763ffe44f13862,full_annotation_v1,A,q_주방용품_02,도자기,생활·마트 중 '주방용품'을 판매·제공하는 매장,test,주방용품,T2 동의어,da191875-9498-4c3d-be33-4f4540012f80,라운드어바웃,도자기,예스파크 상점가,자율상권구역,경기도,,,
2d60ea97b972057c84cc,full_annotation_v1,A,q_주방용품_02,도자기,생활·마트 중 '주방용품'을 판매·제공하는 매장,test,주방용품,T2 동의어,5f28f9fd-386c-4c61-bd22-96542c92b37a,햇살떡집,떡,쇠내울골목형상점가,골목형상점가,충청북도,,,
972f9df04129ce25c790,full_annotation_v1,A,q_주방용품_02,도자기,생활·마트 중 '주방용품'을 판매·제공하는 매장,test,주방용품,T2 동의어,28104724-2062-4f80-81dd-2a8df0112253,식구기,도자기,예스파크 상점가,자율상권구역,경기도,,,
b91ea2597db8cec8e3c5,full_annotation_v1,A,q_주방용품_02,도자기,생활·마트 중 '주방용품'을 판매·제공하는 매장,test,주방용품,T2 동의어,1aeabc4c-a2a0-495d-a0b7-2cc5b42a5c52,한영상회,그릇(식기),동문재래시장,전통시장,제주특별자치도,,,
50c12e999536e5f81346,full_annotation_v1,A,q_주방용품_02,도자기,생활·마트 중 '주방용품'을 판매·제공하는 매장,test,주방용품,T2 동의어,abd4f9f4-0e2f-4789-9ad8-97ffa516668b,우치,도자기,사기막골도자기시장(구 사기막골도예촌재래시장),전통시장,경기도,,,
0a5bc7415db403cc9cc0,full_annotation_v1,A,q_주방용품_02,도자기,생활·마트 중 '주방용품'을 판매·제공하는 매장,test,주방용품,T2 동의어,cfe63715-9a0c-48ea-b2d9-11a0b49cecd4,김별희,도자기,예스파크 상점가,자율상권구역,경기도,,,
228a0ad106f151e60223,full_annotation_v1,A,q_주방용품_02,도자기,생활·마트 중 '주방용품'을 판매·제공하는 매장,test,주방용품,T2 동의어,c320b365-3367-481a-b30d-ddbe3fe06c2b,명동만두,도소매(만두),우림골목시장,전통시장,서울특별시,,,
5f54131c8a995da3b6a5,full_annotation_v1,A,q_주방용품_02,도자기,생활·마트 중 '주방용품'을 판매·제공하는 매장,test,주방용품,T2 동의어,c74048a2-ac90-4661-80af-f618fc6ea0ac,동광요,도자기,사기막골도자기시장(구 사기막골도예촌재래시장),전통시장,경기도,,,
e3fe75dff6cf5bbf6746,full_annotation_v1,A,q_주방용품_02,도자기,생활·마트 중 '주방용품'을 판매·제공하는 매장,test,주방용품,T2 동의어,f5f200d0-93d2-4106-abd1-73c4759204ca,우리농산물,도소매(야채),광명전통시장,전통시장,경기도,,,
5ca3f0a670a06e1378d9,full_annotation_v1,A,q_주방용품_02,도자기,생활·마트 중 '주방용품'을 판매·제공하는 매장,test,주방용품,T2 동의어,47368521-7d8c-42be-9adf-78f3d5b35001,바나나숲,도자기,예스파크 상점가,자율상권구역,경기도,,,
d1eb95945a6dafab4f3d,full_annotation_v1,A,q_주방용품_02,도자기,생활·마트 중 '주방용품'을 판매·제공하는 매장,test,주방용품,T2 동의어,8a47cd75-ee52-4525-8639-cd5135083413,제주숨옹기담화헌,도자기,백년소상공인,기타,제주특별자치도,,,
18d8e328756e1328415a,full_annotation_v1,A,q_주방용품_02,도자기,생활·마트 중 '주방용품'을 판매·제공하는 매장,test,주방용품,T2 동의어,48720d7e-cda9-4f46-8c29-c15d17dae9ee,금모을요,"도소매(도자기), 제조(도자기)",예스파크 상점가,자율상권구역,경기도,,,
67539aec902d06539a9f,full_annotation_v1,A,q_주방용품_02,도자기,생활·마트 중 '주방용품'을 판매·제공하는 매장,test,주방용품,T2 동의어,b151c8dd-9efe-4674-8e9e-da4e26ecd091,향토빛,도자기,사기막골도자기시장(구 사기막골도예촌재래시장),전통시장,경기도,,,
76c9bca8ea34959df804,full_annotation_v1,A,q_주방용품_02,도자기,생활·마트 중 '주방용품'을 판매·제공하는 매장,test,주방용품,T2 동의어,2b5f82d7-e9ff-4122-8e40-bec33f031c61,강서록테라아트,도자기,공구의거리,자율상권구역,광주광역시,,,
f4163094fc24eb2335e0,full_annotation_v1,A,q_주방용품_02,도자기,생활·마트 중 '주방용품'을 판매·제공하는 매장,test,주방용품,T2 동의어,ba9eb3d3-8e67-42fb-b022-d069a63a3c69,희고희고,도자기,예스파크 상점가,자율상권구역,경기도,,,
aff2d6737d2710988aac,full_annotation_v1,A,q_주방용품_02,도자기,생활·마트 중 '주방용품'을 판매·제공하는 매장,test,주방용품,T2 동의어,6b4ba1a2-6b13-4bc5-9dd1-e292fef8cac1,쭈먹,음식(한식),세종마을음식문화거리,자율상권구역,서울특별시,,,
e86ac5310835d7cfcaed,full_annotation_v1,A,q_주방용품_02,도자기,생활·마트 중 '주방용품'을 판매·제공하는 매장,test,주방용품,T2 동의어,48a79ffb-67ae-4aea-a6ca-af80678548f1,여기담기,도자기,예스파크 상점가,자율상권구역,경기도,,,
696949181906045bca1a,full_annotation_v1,A,q_주방용품_02,도자기,생활·마트 중 '주방용품'을 판매·제공하는 매장,test,주방용품,T2 동의어,3e5e2a40-cf9e-4e63-94ae-6c98a7ed83e5,나작가,도자기,예스파크 상점가,자율상권구역,경기도,,,
ae86508c12cb570feef9,full_annotation_v1,A,q_주방용품_02,도자기,생활·마트 중 '주방용품'을 판매·제공하는 매장,test,주방용품,T2 동의어,3ee02249-8301-4aec-91d5-c2ea0901b59a,태관도요,도자기,사기막골도자기시장(구 사기막골도예촌재래시장),전통시장,경기도,,,
b05157499477998745b5,full_annotation_v1,A,q_주방용품_02,도자기,생활·마트 중 '주방용품'을 판매·제공하는 매장,test,주방용품,T2 동의어,2de5e5a2-fdf1-4c17-a236-00d8d5d9b1d0,소소기온,도자기,예스파크 상점가,자율상권구역,경기도,,,
eb1802c811e19465da13,full_annotation_v1,A,q_주방용품_02,도자기,생활·마트 중 '주방용품'을 판매·제공하는 매장,test,주방용품,T2 동의어,daedda22-b0bd-411b-a3db-fdb2bf4650cb,너븐재,제조업(도자기)소매업(도자기),예스파크 상점가,자율상권구역,경기도,,,
9dc06c04ab3269d830ee,full_annotation_v1,A,q_주방용품_02,도자기,생활·마트 중 '주방용품'을 판매·제공하는 매장,test,주방용품,T2 동의어,503d50e8-e471-47c1-83b6-ce2eeeba551a,산음,도자기,예스파크 상점가,자율상권구역,경기도,,,
172705382fc74c98b1b5,full_annotation_v1,A,q_주방용품_02,도자기,생활·마트 중 '주방용품'을 판매·제공하는 매장,test,주방용품,T2 동의어,ee9b8065-7028-4b9d-89a6-d998afd4c713,길상요,도자기,예스파크 상점가,자율상권구역,경기도,,,
40f514c9ebdaab2ecb4f,full_annotation_v1,A,q_주방용품_02,도자기,생활·마트 중 '주방용품'을 판매·제공하는 매장,test,주방용품,T2 동의어,f2697a7e-00e2-4cc2-9265-6930644edfcd,평택전기,가전제품,평택통복시장,전통시장,경기도,,,
e4e4a703a6169dc86293,full_annotation_v1,A,q_주방용품_02,도자기,생활·마트 중 '주방용품'을 판매·제공하는 매장,test,주방용품,T2 동의어,828d32da-51ed-4977-a02c-e63d4a6d4dda,봉강요,도자기,백년소상공인,기타,전북특별자치도,,,
195e43ec63adaac383d8,full_annotation_v1,A,q_주방용품_02,도자기,생활·마트 중 '주방용품'을 판매·제공하는 매장,test,주방용품,T2 동의어,6b3ff199-5667-47cd-b5a4-28cbffea6563,무경,도자기,사기막골도자기시장(구 사기막골도예촌재래시장),전통시장,경기도,,,
7a5c6e5d8453307ac18e,full_annotation_v1,A,q_주방용품_02,도자기,생활·마트 중 '주방용품'을 판매·제공하는 매장,test,주방용품,T2 동의어,001fe873-89a3-474a-b8d2-8526408e992d,진미해장국,음식점업(한식),평택통복시장,전통시장,경기도,,,
2d21a7d0a4a69a012e80,full_annotation_v1,A,q_주방용품_02,도자기,생활·마트 중 '주방용품'을 판매·제공하는 매장,test,주방용품,T2 동의어,c4d2bbb0-5016-418a-9791-258f09d5e2a6,여토공방,도자기,예스파크 상점가,자율상권구역,경기도,,,
a530c5d4174496e2d827,full_annotation_v1,A,q_주방용품_02,도자기,생활·마트 중 '주방용품'을 판매·제공하는 매장,test,주방용품,T2 동의어,fa5304a3-deda-47d4-94b1-88196fc0b282,토요일세시,도자기,예스파크 상점가,자율상권구역,경기도,,,
b111ebd458ce40b5d0b3,full_annotation_v1,A,q_주방용품_02,도자기,생활·마트 중 '주방용품'을 판매·제공하는 매장,test,주방용품,T2 동의어,efaa8c84-dc9f-4f97-a499-9c20c5a626b6,김소현도자기,도자기,예스파크 상점가,자율상권구역,경기도,,,
36b8369bdde3d4b3c427,full_annotation_v1,A,q_주방용품_02,도자기,생활·마트 중 '주방용품'을 판매·제공하는 매장,test,주방용품,T2 동의어,0949a70a-0eb6-411e-8394-be79fbe3d793,춘강흙내음,도자기,예스파크 상점가,자율상권구역,경기도,,,
de2dbbacbc3106c92bf8,full_annotation_v1,A,q_주방용품_02,도자기,생활·마트 중 '주방용품'을 판매·제공하는 매장,test,주방용품,T2 동의어,60afc44a-6d5a-4483-9a4c-e6cb83207f1d,가마공방,도자기,사기막골도자기시장(구 사기막골도예촌재래시장),전통시장,경기도,,,
9a73028d252ecb316061,full_annotation_v1,A,q_주방용품_02,도자기,생활·마트 중 '주방용품'을 판매·제공하는 매장,test,주방용품,T2 동의어,01b512e5-9a35-44cd-a0a6-7e29d0d85256,보물찾기,그릇 및 잡화,제일종합시장,전통시장,강원특별자치도,,,
a50882a93d2eed1e65a5,full_annotation_v1,A,q_주방용품_02,도자기,생활·마트 중 '주방용품'을 판매·제공하는 매장,test,주방용품,T2 동의어,678e443b-cd60-42be-9508-808a4b7b990c,대륙제형,도자기,예스파크 상점가,자율상권구역,경기도,,,
cc76346d7006766b118e,full_annotation_v1,A,q_주방용품_02,도자기,생활·마트 중 '주방용품'을 판매·제공하는 매장,test,주방용품,T2 동의어,56e0c020-8921-4c45-95d4-e62b95110270,청룡도예,도자기,백년소상공인,기타,경기도,,,
ba3b5435ca3a0e863fa0,full_annotation_v1,A,q_주방용품_02,도자기,생활·마트 중 '주방용품'을 판매·제공하는 매장,test,주방용품,T2 동의어,0629cf84-77df-4175-b39f-61230546f776,바다한스푼,수산,용산용문시장,전통시장,서울특별시,,,
1876a34737c4f13b9751,full_annotation_v1,A,q_주방용품_02,도자기,생활·마트 중 '주방용품'을 판매·제공하는 매장,test,주방용품,T2 동의어,00099bd3-766a-4148-a64c-5356a9d5aad2,초장집 미사점,음식점,미사강변 골목형상점가,골목형상점가,경기도,,,
26fbd78096031435d6b9,full_annotation_v1,A,q_주방용품_02,도자기,생활·마트 중 '주방용품'을 판매·제공하는 매장,test,주방용품,T2 동의어,ea47b505-d6d2-42de-b063-e26d16021a7d,2대토광도예,도자기,백년소상공인,기타,경상남도,,,
6d8ad5b524e56a51a936,full_annotation_v1,A,q_주방용품_02,도자기,생활·마트 중 '주방용품'을 판매·제공하는 매장,test,주방용품,T2 동의어,64b03db9-09e0-4525-b3fd-bd680b2b9c6c,연빚,도자기,삼척중앙시장,전통시장,강원특별자치도,,,
63fff150642d5eacd4f5,full_annotation_v1,A,q_주방용품_02,도자기,생활·마트 중 '주방용품'을 판매·제공하는 매장,test,주방용품,T2 동의어,05ea1aec-0414-491e-8de8-d6046c650514,채미공방,도자기,㈜신정시장,전통시장,울산광역시,,,
7bad47be402adca0b224,full_annotation_v1,A,q_주방용품_03,식기,생활·마트 중 '주방용품'을 판매·제공하는 매장,test,주방용품,T2 동의어,00315b91-ae04-4ca0-bc66-43dc7858b0d5,시옷이응,도자기,예스파크 상점가,자율상권구역,경기도,,,
1b1f7765a9d690d314b3,full_annotation_v1,A,q_주방용품_03,식기,생활·마트 중 '주방용품'을 판매·제공하는 매장,test,주방용품,T2 동의어,016866c7-7e5a-4c48-b33e-a37f1e579730,백산도요,도자기,사기막골도자기시장(구 사기막골도예촌재래시장),전통시장,경기도,,,
4ce452b52411a69e2d80,full_annotation_v1,A,q_주방용품_03,식기,생활·마트 중 '주방용품'을 판매·제공하는 매장,test,주방용품,T2 동의어,00099bd3-766a-4148-a64c-5356a9d5aad2,초장집 미사점,음식점,미사강변 골목형상점가,골목형상점가,경기도,,,
bdcee030e6c28a3858fd,full_annotation_v1,A,q_주방용품_03,식기,생활·마트 중 '주방용품'을 판매·제공하는 매장,test,주방용품,T2 동의어,365af361-f626-4f8c-88c9-1ef8b7d5b4bf,라인마트,수퍼,소촌골 골목형상점가,골목형상점가,광주광역시,,,
b053866672d75950756a,full_annotation_v1,A,q_주방용품_03,식기,생활·마트 중 '주방용품'을 판매·제공하는 매장,test,주방용품,T2 동의어,c80418e8-6d5f-4aee-8a97-9cb0652c548e,그릇백화점,식기,공주산성시장,전통시장,충청남도,,,
f47a6b7441526f56e330,full_annotation_v1,A,q_주방용품_03,식기,생활·마트 중 '주방용품'을 판매·제공하는 매장,test,주방용품,T2 동의어,888080f1-92e1-43e5-9dc8-7af89d75f37d,현풍스텐상사,식기,현풍백년도깨비시장,전통시장,대구광역시,,,
671d06c9d3dcdb04009d,full_annotation_v1,A,q_주방용품_03,식기,생활·마트 중 '주방용품'을 판매·제공하는 매장,test,주방용품,T2 동의어,777bb731-cf85-4e87-86de-89c04c52a240,아현닭집,닭,익산중앙시장,전통시장,전북특별자치도,,,
1ae37efc4582f0ace15c,full_annotation_v1,A,q_주방용품_03,식기,생활·마트 중 '주방용품'을 판매·제공하는 매장,test,주방용품,T2 동의어,0010dbec-3031-440c-bda7-3d61761163a9,금송아지,음식점업,구미 진평음식문화특화거리 골목형상점가,골목형상점가,경상북도,,,
abba417bd219d9abd9ca,full_annotation_v1,A,q_주방용품_03,식기,생활·마트 중 '주방용품'을 판매·제공하는 매장,test,주방용품,T2 동의어,40bac15c-fac7-4978-b50e-c86c61b825a1,고원상회,주방용식기,하동공설시장,전통시장,경상남도,,,
9187f4cd8c5c6c3dd5fb,full_annotation_v1,A,q_주방용품_03,식기,생활·마트 중 '주방용품'을 판매·제공하는 매장,test,주방용품,T2 동의어,f68abc3c-7949-4b2c-893a-8c3f73ed1cbc,세한종합주방,주방용식기,황학동 주방가구거리 상점가,기타,서울특별시,,,
dfbba3a6b99de279f8ab,full_annotation_v1,A,q_주방용품_03,식기,생활·마트 중 '주방용품'을 판매·제공하는 매장,test,주방용품,T2 동의어,012185b9-46f5-4d62-8672-7c17d43b6886,남북상사,"도소매(잡화), 그릇",남대문시장,전통시장,서울특별시,,,
e5b1e4f08ce1ea338e37,full_annotation_v1,A,q_주방용품_03,식기,생활·마트 중 '주방용품'을 판매·제공하는 매장,test,주방용품,T2 동의어,3ab9d722-bf36-4639-b60a-25617d7eff14,벨라이프,"침구, 커튼, 앞치마, 식기, 쿠션, 주방용품, 패브릭소품",유성도안 골목형상점가,골목형상점가,대전광역시,,,
c088cc9c933f2a981387,full_annotation_v1,A,q_주방용품_03,식기,생활·마트 중 '주방용품'을 판매·제공하는 매장,test,주방용품,T2 동의어,b9c43f34-305a-4682-8b51-b70e0473105c,현대그릇,"식기, 그릇",부산진시장,전통시장,부산광역시,,,
c1c56e010900535cbb57,full_annotation_v1,A,q_주방용품_03,식기,생활·마트 중 '주방용품'을 판매·제공하는 매장,test,주방용품,T2 동의어,2d812391-ea4d-4690-812f-354c1989ff63,타파웨어,식기류,문흥1동 골목형상점가,골목형상점가,광주광역시,,,
2c77b393bb54eb0d7894,full_annotation_v1,A,q_주방용품_03,식기,생활·마트 중 '주방용품'을 판매·제공하는 매장,test,주방용품,T2 동의어,1a39a248-82d7-403f-9a4e-692801f219bf,하영수우리옷,의류,부산남문시장,전통시장,부산광역시,,,
194d983514c13c13c5da,full_annotation_v1,A,q_주방용품_03,식기,생활·마트 중 '주방용품'을 판매·제공하는 매장,test,주방용품,T2 동의어,5dd135e8-86b1-4b74-b62e-664cafaedf5b,다붓,한식,수완나들목 골목형상점가,골목형상점가,광주광역시,,,
12b2f22dbb13cbe8b087,full_annotation_v1,A,q_주방용품_03,식기,생활·마트 중 '주방용품'을 판매·제공하는 매장,test,주방용품,T2 동의어,6629d50e-37e5-40a9-8e57-8b12b9ae9988,영동기물,식기,청량리종합시장,전통시장,서울특별시,,,
1685502d5206053c76d9,full_annotation_v1,A,q_주방용품_03,식기,생활·마트 중 '주방용품'을 판매·제공하는 매장,test,주방용품,T2 동의어,48267722-4b47-407f-8bb0-2ad593450f3d,삼호상회,식기류,길음시장,전통시장,서울특별시,,,
cf584597ca839da68882,full_annotation_v1,A,q_주방용품_03,식기,생활·마트 중 '주방용품'을 판매·제공하는 매장,test,주방용품,T2 동의어,179d8462-4dc8-430b-927f-d7818ba6fb62,키친나라,주방용식기,하동공설시장,전통시장,경상남도,,,
be993fdc12efc1854df1,full_annotation_v1,A,q_주방용품_03,식기,생활·마트 중 '주방용품'을 판매·제공하는 매장,test,주방용품,T2 동의어,a60c80c5-4dd5-492c-8a30-c65878da6ed4,연우코리아,식기류,인천모래내전통시장,전통시장,인천광역시,,,
fb84afa1f3d0c13ca15b,full_annotation_v1,A,q_주방용품_03,식기,생활·마트 중 '주방용품'을 판매·제공하는 매장,test,주방용품,T2 동의어,85de83ac-0396-4872-9e6e-e2d5af427e27,더선식,,대방디엠시티 골목형상점가,골목형상점가,전북특별자치도,,,
b5d3c1d55e9fbf5f14b2,full_annotation_v1,A,q_주방용품_03,식기,생활·마트 중 '주방용품'을 판매·제공하는 매장,test,주방용품,T2 동의어,2b13c0aa-c5ac-4949-af6d-f59e8b30f660,서원주방,식기,예천중앙시장,전통시장,경상북도,,,
57d2bfb088d9309e000d,full_annotation_v1,A,q_주방용품_03,식기,생활·마트 중 '주방용품'을 판매·제공하는 매장,test,주방용품,T2 동의어,cf01d566-fcbf-46fe-a9d1-eb26f3408415,휘슬러전주대리점,요업제품식기 금속제식기 기타기물잡화,전주중산공원 골목형상점가,골목형상점가,전북특별자치도,,,
68fcb22ffba187108504,full_annotation_v1,A,q_주방용품_03,식기,생활·마트 중 '주방용품'을 판매·제공하는 매장,test,주방용품,T2 동의어,01b512e5-9a35-44cd-a0a6-7e29d0d85256,보물찾기,그릇 및 잡화,제일종합시장,전통시장,강원특별자치도,,,
e4eacd4610c41d697488,full_annotation_v1,A,q_주방용품_03,식기,생활·마트 중 '주방용품'을 판매·제공하는 매장,test,주방용품,T2 동의어,dc695773-c644-4bdd-b8bb-9681e31fdfff,대흥,소고기돼지고기,전곡중앙상가 골목형상점가,골목형상점가,경기도,,,
040a4fc812776597c26d,full_annotation_v1,A,q_주방용품_03,식기,생활·마트 중 '주방용품'을 판매·제공하는 매장,test,주방용품,T2 동의어,5d8baaaa-ded7-48dd-882a-35a2b99f8dee,대흥그릇,주방용식기,연서시장,전통시장,서울특별시,,,
8553b778b46bc72d1008,full_annotation_v1,A,q_주방용품_03,식기,생활·마트 중 '주방용품'을 판매·제공하는 매장,test,주방용품,T2 동의어,b69a591d-036e-4778-99ec-b2f544609667,이수역점홍콩반점,음식점,동작구 LINK 상권활성화구역,상권활성화구역,서울특별시,,,
25254173091874edaabb,full_annotation_v1,A,q_주방용품_03,식기,생활·마트 중 '주방용품'을 판매·제공하는 매장,test,주방용품,T2 동의어,0014a02e-4166-41fc-bc3d-bc2dac16a32b,이모네김밥,음식점,자양전통시장,전통시장,서울특별시,,,
6dc7a462d0fe04f5277c,full_annotation_v1,A,q_주방용품_03,식기,생활·마트 중 '주방용품'을 판매·제공하는 매장,test,주방용품,T2 동의어,b4251c65-4777-48a6-8355-980187e16d8e,그루,식기,예스파크 상점가,자율상권구역,경기도,,,
85ffa396152f6525e3a3,full_annotation_v1,A,q_주방용품_03,식기,생활·마트 중 '주방용품'을 판매·제공하는 매장,test,주방용품,T2 동의어,fb899727-1741-4b9d-b3cf-7da1526810a4,마이엔,식기 및 생활잡화,수완머그로 골목형상점가,골목형상점가,광주광역시,,,
36cc0c05ed7bffba4bb8,full_annotation_v1,A,q_주방용품_03,식기,생활·마트 중 '주방용품'을 판매·제공하는 매장,test,주방용품,T2 동의어,01448ddc-182e-4a13-8e2c-7377a3be0b95,부흥상회,"소매업(그릇,주방용품)",죽산시장,전통시장,경기도,,,
4cec48e2de8982f195f6,full_annotation_v1,A,q_주방용품_03,식기,생활·마트 중 '주방용품'을 판매·제공하는 매장,test,주방용품,T2 동의어,cd304e20-38f1-4c21-8f69-6c79378a1f9c,키다리그릇,금속제식기,서귀포매일올레시장,전통시장,제주특별자치도,,,
efbc21bc8f921ddaa583,full_annotation_v1,A,q_주방용품_03,식기,생활·마트 중 '주방용품'을 판매·제공하는 매장,test,주방용품,T2 동의어,86582028-0eba-447a-bc74-6f81a6fe9eca,계단그릇상회,식기,원주자유시장,전통시장,강원특별자치도,,,
6ef9ccb86089de0e7f52,full_annotation_v1,A,q_주방용품_03,식기,생활·마트 중 '주방용품'을 판매·제공하는 매장,test,주방용품,T2 동의어,289e2790-6f59-4300-a0d8-c9a1fa5f8ccc,파란들,식기,의정부제일시장,전통시장,경기도,,,
e3a8808dc970b38f4f0d,full_annotation_v1,A,q_주방용품_03,식기,생활·마트 중 '주방용품'을 판매·제공하는 매장,test,주방용품,T2 동의어,011e8cfe-0737-49db-8250-68e7a51ca170,토담도예,생활도자기,㈜르네시떼,전통시장,부산광역시,,,
c955e1a4d1aa71ee0e9d,full_annotation_v1,A,q_주방용품_03,식기,생활·마트 중 '주방용품'을 판매·제공하는 매장,test,주방용품,T2 동의어,05407993-f65d-4b47-b23f-2bbbcef3232e,영화상회,요업제품식기,보령한내시장,전통시장,충청남도,,,
58c2edde776838b686f9,full_annotation_v1,A,q_주방용품_03,식기,생활·마트 중 '주방용품'을 판매·제공하는 매장,test,주방용품,T2 동의어,e1b82090-66d8-420f-b9bd-3bcd7ccc6dc0,리아스 테이블,식기,엑스포코아 골목형상점가,골목형상점가,대전광역시,,,
49896f5207a4b73173a0,full_annotation_v1,A,q_주방용품_03,식기,생활·마트 중 '주방용품'을 판매·제공하는 매장,test,주방용품,T2 동의어,0079e4d6-6b16-43b7-8b42-1377fc092985,강진옹기,도자기,일곡동(제11지역:용전동) 골목형상점가,골목형상점가,광주광역시,,,
e8606b2ee76b444cd856,full_annotation_v1,A,q_주방용품_03,식기,생활·마트 중 '주방용품'을 판매·제공하는 매장,test,주방용품,T2 동의어,7db83adb-2a10-40c0-a2bc-4d8bc1282bc8,팔기다,식기 혼수 제수용품,포항죽도시장,전통시장,경상북도,,,
8091e30ace20b9f229f9,full_annotation_v1,A,q_주방용품_03,식기,생활·마트 중 '주방용품'을 판매·제공하는 매장,test,주방용품,T2 동의어,6a6cf41a-066f-4307-b123-b3aa81c4f20d,덕성도기,주방욕식기,부산국제시장,전통시장,부산광역시,,,
a9091e7c0da599a361ec,full_annotation_v1,A,q_주방용품_03,식기,생활·마트 중 '주방용품'을 판매·제공하는 매장,test,주방용품,T2 동의어,10c49708-f32e-4388-ba47-c30a7d58ecea,단대그릇센타,식기,단대마트시장,전통시장,경기도,,,
f3c9aa5401e3d3ea38ab,full_annotation_v1,A,q_주방용품_03,식기,생활·마트 중 '주방용품'을 판매·제공하는 매장,test,주방용품,T2 동의어,4246ffd8-1192-40ff-9471-81d6d07b1686,시장그릇,식기,창녕 남지시장,전통시장,경상남도,,,
440c0f7c3918f5340c38,full_annotation_v1,A,q_주방용품_03,식기,생활·마트 중 '주방용품'을 판매·제공하는 매장,test,주방용품,T2 동의어,88be3af6-a3d4-4fec-a151-c4fe29cef361,매직쎄븐영동총판,"식기세척기, 세제, 주방기기",포남용마거리골목형상점가,골목형상점가,강원특별자치도,,,
ce9dc4299dd87ab445ce,full_annotation_v1,A,q_주방용품_03,식기,생활·마트 중 '주방용품'을 판매·제공하는 매장,test,주방용품,T2 동의어,f6dd68cd-9102-49f9-b3f0-394433e35239,동양기물,주방용식기,목포동부시장,전통시장,전라남도,,,
a1d3d892bebd1727c104,full_annotation_v1,A,q_주방용품_03,식기,생활·마트 중 '주방용품'을 판매·제공하는 매장,test,주방용품,T2 동의어,1aeabc4c-a2a0-495d-a0b7-2cc5b42a5c52,한영상회,그릇(식기),동문재래시장,전통시장,제주특별자치도,,,
40593c51cc02e97ce697,full_annotation_v1,A,q_주방용품_03,식기,생활·마트 중 '주방용품'을 판매·제공하는 매장,test,주방용품,T2 동의어,a6ffed67-a918-4e43-b62b-e4c8e14450d2,호박포차,꼼장어 오돌뼈,양산동일신아파트 골목형상점가,골목형상점가,광주광역시,,,
13a66b73be5987edf55b,full_annotation_v1,A,q_주방용품_03,식기,생활·마트 중 '주방용품'을 판매·제공하는 매장,test,주방용품,T2 동의어,a37f3628-5bb0-46d0-8b8a-1c9c98433a86,파리바게뜨소촌점,제과점업,소촌골 골목형상점가,골목형상점가,광주광역시,,,
f16dfa05709dfa9bae94,full_annotation_v1,A,q_주방용품_03,식기,생활·마트 중 '주방용품'을 판매·제공하는 매장,test,주방용품,T2 동의어,001fe873-89a3-474a-b8d2-8526408e992d,진미해장국,음식점업(한식),평택통복시장,전통시장,경기도,,,
b7dd8c4b5cbb944d60eb,full_annotation_v1,A,q_주방용품_03,식기,생활·마트 중 '주방용품'을 판매·제공하는 매장,test,주방용품,T2 동의어,a91fb515-ef56-4947-b186-f2822ca8f2f5,세븐마트,슈퍼,병점중심상가,자율상권구역,경기도,,,
1c931bdedf10d049c4ec,full_annotation_v1,A,q_주방용품_03,식기,생활·마트 중 '주방용품'을 판매·제공하는 매장,test,주방용품,T2 동의어,bcd26b93-d2bc-4600-8daa-fbeb4421ac6d,철원빵만드는사람들,양념류,동송전통시장,전통시장,강원특별자치도,,,
ae4f3eedf85afedd2576,full_annotation_v1,A,q_주방용품_03,식기,생활·마트 중 '주방용품'을 판매·제공하는 매장,test,주방용품,T2 동의어,ac1a4af1-7eaa-40c8-b519-fd8e5f17987d,밀성상회,주방용식기,밀양 아리랑시장,전통시장,경상남도,,,
8536723bd3eb8051e7df,full_annotation_v1,A,q_주방용품_03,식기,생활·마트 중 '주방용품'을 판매·제공하는 매장,test,주방용품,T2 동의어,f5eee2cf-70fb-44b1-8e3a-292f5766e7d8,그릇가게,식기류,공릉동도깨비시장,전통시장,서울특별시,,,
3161d8f7a2aac2a8770a,full_annotation_v1,A,q_주방용품_03,식기,생활·마트 중 '주방용품'을 판매·제공하는 매장,test,주방용품,T2 동의어,00cbb6f1-18d2-4f15-9af8-bdac08e35c56,비토도예,도자기,사기막골도자기시장(구 사기막골도예촌재래시장),전통시장,경기도,,,
b942b7cebc2148967215,full_annotation_v1,A,q_주방용품_03,식기,생활·마트 중 '주방용품'을 판매·제공하는 매장,test,주방용품,T2 동의어,d65c0915-6497-40d0-b610-1cb47ac29de4,청실홍실그릇,요식업식기,원주자유시장,전통시장,강원특별자치도,,,
48a25ee1c04aa3a678ae,full_annotation_v1,A,q_주방용품_03,식기,생활·마트 중 '주방용품'을 판매·제공하는 매장,test,주방용품,T2 동의어,dddbe525-8866-4171-90f6-044abc4066b3,고락,한식,효행구봉담상점가,골목형상점가,경기도,,,
5abaa7512c632881c38c,full_annotation_v1,A,q_주방용품_03,식기,생활·마트 중 '주방용품'을 판매·제공하는 매장,test,주방용품,T2 동의어,5dd48c98-6190-4f72-a51d-051399af8200,혜성분식,떡볶이,동원전통종합시장,전통시장,서울특별시,,,
6c10a05463512a0b28eb,full_annotation_v1,A,q_주방용품_03,식기,생활·마트 중 '주방용품'을 판매·제공하는 매장,test,주방용품,T2 동의어,8b476a57-cbbc-48eb-b2f5-d662053fa5ee,경이네행복한반찬,반찬,부천상동시장,전통시장,경기도,,,
bc46d7a21e35731fb98f,full_annotation_v1,A,q_주방용품_03,식기,생활·마트 중 '주방용품'을 판매·제공하는 매장,test,주방용품,T2 동의어,3fde59b9-0f69-40f9-a5e7-1ab1e55bea3a,삼례시장그릇집,식기등의주방용품,삼례시장,전통시장,전북특별자치도,,,
022d7f5fc9983cd36a12,full_annotation_v1,A,q_주방용품_03,식기,생활·마트 중 '주방용품'을 판매·제공하는 매장,test,주방용품,T2 동의어,96a7beb9-e7f5-4b14-942a-2429f0b9f520,헤어써니,헤어,양산동일신아파트 골목형상점가,골목형상점가,광주광역시,,,
9929ad57f59147a253c3,full_annotation_v1,A,q_주방용품_03,식기,생활·마트 중 '주방용품'을 판매·제공하는 매장,test,주방용품,T2 동의어,cb5ba1c6-2e3c-4f5f-8909-60157b7037cb,오정그릇도매상가,식기주방용품기물,오정동상점가,자율상권구역,대전광역시,,,
5177551320e8fbbc0303,full_annotation_v1,A,q_주방용품_03,식기,생활·마트 중 '주방용품'을 판매·제공하는 매장,test,주방용품,T2 동의어,01e5414f-6d15-4b32-8ecb-21f61d103f80,현대주방기물백화점,"그릇, 주방기물",호계공설시장,전통시장,울산광역시,,,
c927304707fd07daf73c,full_annotation_v1,A,q_주방용품_03,식기,생활·마트 중 '주방용품'을 판매·제공하는 매장,test,주방용품,T2 동의어,83074db0-9548-4c3c-9989-13233d472580,괴정그릇백화점,주방용품 식기 주전자 밀폐 휴지통 도마 등,온택트 괴정스마트 상권활성화구역,상권활성화구역,부산광역시,,,
5bc1167f6029ae218580,full_annotation_v1,A,q_주방용품_03,식기,생활·마트 중 '주방용품'을 판매·제공하는 매장,test,주방용품,T2 동의어,6c48a469-dfe9-4d34-8730-877d80a2a6de,양지그릇,식기,부산진시장,전통시장,부산광역시,,,
a24eb56158962dfcb412,full_annotation_v1,A,q_주방용품_03,식기,생활·마트 중 '주방용품'을 판매·제공하는 매장,test,주방용품,T2 동의어,de48b437-eb51-4045-8528-c8f67b406763,서광양은,주방용기식기,서산동부전통시장,전통시장,충청남도,,,
c7c0ee38c05397e0c28a,full_annotation_v1,A,q_주방용품_03,식기,생활·마트 중 '주방용품'을 판매·제공하는 매장,test,주방용품,T2 동의어,01b28f89-fee4-4811-8c5a-4c728f24c0ba,백미스탠,그릇 주방용품,대야전통시장,전통시장,전북특별자치도,,,
f86e758cc58523618830,full_annotation_v1,A,q_주방용품_03,식기,생활·마트 중 '주방용품'을 판매·제공하는 매장,test,주방용품,T2 동의어,3a6229ac-2a2e-452c-b2a6-3bb1c8183d7d,주식회사 오오로,디자인유리잔 컵 식기류,신안골 골목형상점가,골목형상점가,광주광역시,,,
4931d30d29ff6b732aec,full_annotation_v1,A,q_주방용품_03,식기,생활·마트 중 '주방용품'을 판매·제공하는 매장,test,주방용품,T2 동의어,73ae22ca-69c9-4bde-9420-984248887d6d,부강상회,식기류,문경중앙시장,전통시장,경상북도,,,
f233c0740b62f8da59d8,full_annotation_v1,A,q_주방용품_03,식기,생활·마트 중 '주방용품'을 판매·제공하는 매장,test,주방용품,T2 동의어,f2b75167-721a-4822-b64f-f638a104b954,대성상회,금속제식기,북평민속시장(북평민속5일장),전통시장,강원특별자치도,,,
654fa53df93a1117b178,full_annotation_v1,A,q_주방용품_03,식기,생활·마트 중 '주방용품'을 판매·제공하는 매장,test,주방용품,T2 동의어,bce3a094-c927-4ae7-882c-e37c0076df8d,스카이카오디오,음향기기,달아실 골목형상점가,골목형상점가,광주광역시,,,
2521638a8ad05691779b,full_annotation_v1,A,q_주방용품_03,식기,생활·마트 중 '주방용품'을 판매·제공하는 매장,test,주방용품,T2 동의어,00019073-6f11-4f0f-b26f-342cc4f92c0a,만선회센타,음식및숙박업(일본음식점업),전북대대학로상점가,자율상권구역,전북특별자치도,,,
022255a9a978085308e6,full_annotation_v1,A,q_주방용품_03,식기,생활·마트 중 '주방용품'을 판매·제공하는 매장,test,주방용품,T2 동의어,c1a64045-9cb4-42ab-8883-47e6debb0b97,월성상회,주방용식기,남해전통시장,전통시장,경상남도,,,
36e22e6e11f1efcc4cf7,full_annotation_v1,A,q_주방용품_03,식기,생활·마트 중 '주방용품'을 판매·제공하는 매장,test,주방용품,T2 동의어,26d48cb6-79ec-4b66-8d2a-922ba5ef7592,삼신상회,플라스틱식기,건천시장,전통시장,경상북도,,,
1b5ca831349ddeddc155,full_annotation_v1,A,q_주방용품_03,식기,생활·마트 중 '주방용품'을 판매·제공하는 매장,test,주방용품,T2 동의어,81ec2c9a-0753-4900-ac8d-ef3814a55d35,중앙유기,주방용식기,보은전통시장,전통시장,충청북도,,,
11cc63b05e119d6441c1,full_annotation_v1,A,q_주방용품_03,식기,생활·마트 중 '주방용품'을 판매·제공하는 매장,test,주방용품,T2 동의어,c124278f-2a0c-48cb-8146-d9aef194213f,이천도자기,식기류,보세거리 상점가,자율상권구역,울산광역시,,,
0842f636da3dc985ded5,full_annotation_v1,A,q_주방용품_04,주방용품,생활·마트 중 '주방용품'을 판매·제공하는 매장,test,주방용품,T3 개념확장,3d1244bc-cba9-48d4-a4f0-352139cdc7c9,현대상회,주방용품,왜관시장,전통시장,경상북도,,,
1120a35193c836735e45,full_annotation_v1,A,q_주방용품_04,주방용품,생활·마트 중 '주방용품'을 판매·제공하는 매장,test,주방용품,T3 개념확장,7b9f80f1-d1a0-48f5-b5dd-8369000f5c82,남광상회,주방용품,아미시장,전통시장,부산광역시,,,
84d21cbed21db40e9234,full_annotation_v1,A,q_주방용품_04,주방용품,생활·마트 중 '주방용품'을 판매·제공하는 매장,test,주방용품,T3 개념확장,a0a178fa-bfef-4324-8f9c-c185115ea202,엘림,주방용품,내토전통시장,전통시장,충청북도,,,
e44228ee09830777b8af,full_annotation_v1,A,q_주방용품_04,주방용품,생활·마트 중 '주방용품'을 판매·제공하는 매장,test,주방용품,T3 개념확장,7847014e-79ef-47e2-8ece-6d7e5a105651,대영,주방용품,㈜르네시떼,전통시장,부산광역시,,,
27b407242bddcca1df29,full_annotation_v1,A,q_주방용품_04,주방용품,생활·마트 중 '주방용품'을 판매·제공하는 매장,test,주방용품,T3 개념확장,1e01dd83-6a83-4839-a26c-0a065ef7c0f5,창고형그릇물류도매상사,주방용품,갈마프라자 골목형상점가,골목형상점가,대전광역시,,,
a30d5dea4fc10ebc428f,full_annotation_v1,A,q_주방용품_04,주방용품,생활·마트 중 '주방용품'을 판매·제공하는 매장,test,주방용품,T3 개념확장,48f1d28d-edec-413f-afed-63437d815096,크로바,주방용품,결초보은시장(구 보은종합시장),전통시장,충청북도,,,
8d95b9640a35eb04595d,full_annotation_v1,A,q_주방용품_04,주방용품,생활·마트 중 '주방용품'을 판매·제공하는 매장,test,주방용품,T3 개념확장,65cb09a3-3da0-4ee1-9c53-75c454fc32cc,예스주방,주방용품,칠성전자주방시장,전통시장,대구광역시,,,
8954578ad895b7d67eac,full_annotation_v1,A,q_주방용품_04,주방용품,생활·마트 중 '주방용품'을 판매·제공하는 매장,test,주방용품,T3 개념확장,8c1bad43-b5c8-4a9e-85a4-2c6ee09bc212,카이카트,주방용품,숭례문수입상가,전통시장,서울특별시,,,
359cad0274f427882e3b,full_annotation_v1,A,q_주방용품_04,주방용품,생활·마트 중 '주방용품'을 판매·제공하는 매장,test,주방용품,T3 개념확장,00cbb6f1-18d2-4f15-9af8-bdac08e35c56,비토도예,도자기,사기막골도자기시장(구 사기막골도예촌재래시장),전통시장,경기도,,,
173f434a920c85c6086a,full_annotation_v1,A,q_주방용품_04,주방용품,생활·마트 중 '주방용품'을 판매·제공하는 매장,test,주방용품,T3 개념확장,46eaa6db-e791-4d37-adc4-2c71ab262b1d,그릇나라,주방용품,㈜르네시떼,전통시장,부산광역시,,,
7fc518c9c55912454f4e,full_annotation_v1,A,q_주방용품_04,주방용품,생활·마트 중 '주방용품'을 판매·제공하는 매장,test,주방용품,T3 개념확장,c4b5708e-9203-4f6b-ac5d-82ae84d242d4,동부충전소,,동구문화센터인근 골목형상점가,골목형상점가,광주광역시,,,
082eb7a0265715388bb4,full_annotation_v1,A,q_주방용품_04,주방용품,생활·마트 중 '주방용품'을 판매·제공하는 매장,test,주방용품,T3 개념확장,9783f4c2-bdf7-488c-a66a-dd309d48872e,시장그릇,주방용품,선산봉황시장(구 선산종합시장),전통시장,경상북도,,,
b08326c98f64ba78f6d5,full_annotation_v1,A,q_주방용품_04,주방용품,생활·마트 중 '주방용품'을 판매·제공하는 매장,test,주방용품,T3 개념확장,001fe873-89a3-474a-b8d2-8526408e992d,진미해장국,음식점업(한식),평택통복시장,전통시장,경기도,,,
bad4c1c7dca8837653ff,full_annotation_v1,A,q_주방용품_04,주방용품,생활·마트 중 '주방용품'을 판매·제공하는 매장,test,주방용품,T3 개념확장,f75dab25-df55-432f-abdb-dd23f85b6d4a,대흥상회,주방용품,서귀포매일올레시장,전통시장,제주특별자치도,,,
61ae302e2e9d4d3f2e05,full_annotation_v1,A,q_주방용품_04,주방용품,생활·마트 중 '주방용품'을 판매·제공하는 매장,test,주방용품,T3 개념확장,61f865b5-db54-45cd-aed8-36a2e291c6d6,우일종합주방,주방용품,임동오거리 골목형상점가,골목형상점가,광주광역시,,,
51cafb9bafa696236a7f,full_annotation_v1,A,q_주방용품_04,주방용품,생활·마트 중 '주방용품'을 판매·제공하는 매장,test,주방용품,T3 개념확장,764eaa35-980d-4ec7-92fd-659cd87b97ba,베니스,주방용품,제천중앙시장,전통시장,충청북도,,,
9192509f56500a5839b8,full_annotation_v1,A,q_주방용품_04,주방용품,생활·마트 중 '주방용품'을 판매·제공하는 매장,test,주방용품,T3 개념확장,26d48cb6-79ec-4b66-8d2a-922ba5ef7592,삼신상회,플라스틱식기,건천시장,전통시장,경상북도,,,
807d39d267326a19e53f,full_annotation_v1,A,q_주방용품_04,주방용품,생활·마트 중 '주방용품'을 판매·제공하는 매장,test,주방용품,T3 개념확장,d48e5186-8929-4376-ab53-93b35e1a7c8e,덕성주방,주방용품,시장로타리지하상가,일반지하상점가,인천광역시,,,
320f5f7dc2593d9743ce,full_annotation_v1,A,q_주방용품_04,주방용품,생활·마트 중 '주방용품'을 판매·제공하는 매장,test,주방용품,T3 개념확장,016866c7-7e5a-4c48-b33e-a37f1e579730,백산도요,도자기,사기막골도자기시장(구 사기막골도예촌재래시장),전통시장,경기도,,,
0b51e6f145cc6e511cee,full_annotation_v1,A,q_주방용품_04,주방용품,생활·마트 중 '주방용품'을 판매·제공하는 매장,test,주방용품,T3 개념확장,78aeb70c-682f-4868-a51e-f1ae48c435ff,현대,주방용품,남대문시장,전통시장,서울특별시,,,
f8a89a8b97f5701d4a30,full_annotation_v1,A,q_주방용품_04,주방용품,생활·마트 중 '주방용품'을 판매·제공하는 매장,test,주방용품,T3 개념확장,722611ff-c805-4723-9afa-5567ecfee108,늘푸른주방,주방용품,영등포전통시장,자율상권구역,서울특별시,,,
9f17734398c2cee883e5,full_annotation_v1,A,q_주방용품_04,주방용품,생활·마트 중 '주방용품'을 판매·제공하는 매장,test,주방용품,T3 개념확장,7aa95dff-fe71-4a34-8cd5-38d868d12798,주방1번가,주방용품,부산광역시건축자재판매협동조합,전통시장,부산광역시,,,
363e074353affbe0cf35,full_annotation_v1,A,q_주방용품_04,주방용품,생활·마트 중 '주방용품'을 판매·제공하는 매장,test,주방용품,T3 개념확장,37b404d1-d2d1-4f1c-8811-8acc19906ee4,뉴풍년그릇마트,주방용품,전주풍남문상점가,자율상권구역,전북특별자치도,,,
bf1f9a66e371359c24ac,full_annotation_v1,A,q_주방용품_04,주방용품,생활·마트 중 '주방용품'을 판매·제공하는 매장,test,주방용품,T3 개념확장,0b438660-5b47-4eed-bbde-339a18c347f4,전대의료기,혈당체크기혈압계등,동구청앞 골목형상점가,골목형상점가,광주광역시,,,
77ce4512b9cd2d08cbc0,full_annotation_v1,A,q_주방용품_04,주방용품,생활·마트 중 '주방용품'을 판매·제공하는 매장,test,주방용품,T3 개념확장,04a0a63c-6d51-408d-bc66-2249770555bb,청송산업,주방용품,답십리 건축자재시장,전통시장,서울특별시,,,
95f77ca93e091a2d3f00,full_annotation_v1,A,q_주방용품_04,주방용품,생활·마트 중 '주방용품'을 판매·제공하는 매장,test,주방용품,T3 개념확장,7e2cec60-0b00-4de2-ac81-bfdd53f3d364,동양주방그릇,"주방용품, 주방용품 및 그릇",마산어시장,전통시장,경상남도,,,
997b9381f5a9080ed04d,full_annotation_v1,A,q_주방용품_04,주방용품,생활·마트 중 '주방용품'을 판매·제공하는 매장,test,주방용품,T3 개념확장,275efa79-1231-4f01-9644-bceb1b3285ca,신용종합상사,주방용품,경산중앙상점가,자율상권구역,경상북도,,,
64fe8b09e5cd1f4ae939,full_annotation_v1,A,q_주방용품_04,주방용품,생활·마트 중 '주방용품'을 판매·제공하는 매장,test,주방용품,T3 개념확장,c53b583b-e4a1-4678-b629-9d062f0395c4,영주종합상사,주방용품,새영주시장,전통시장,부산광역시,,,
a396f649d8e786802f6c,full_annotation_v1,A,q_주방용품_04,주방용품,생활·마트 중 '주방용품'을 판매·제공하는 매장,test,주방용품,T3 개념확장,6f2f0083-8233-41f5-b03d-76717d9f46a6,역전주방,주방용품,순천역전시장,전통시장,전라남도,,,
ded8959f0185a4318dbe,full_annotation_v1,A,q_주방용품_04,주방용품,생활·마트 중 '주방용품'을 판매·제공하는 매장,test,주방용품,T3 개념확장,10c49708-f32e-4388-ba47-c30a7d58ecea,단대그릇센타,식기,단대마트시장,전통시장,경기도,,,
93f12a9a14999812336e,full_annotation_v1,A,q_주방용품_04,주방용품,생활·마트 중 '주방용품'을 판매·제공하는 매장,test,주방용품,T3 개념확장,1aeabc4c-a2a0-495d-a0b7-2cc5b42a5c52,한영상회,그릇(식기),동문재래시장,전통시장,제주특별자치도,,,
add88dba5c62b7f346ab,full_annotation_v1,A,q_주방용품_04,주방용품,생활·마트 중 '주방용품'을 판매·제공하는 매장,test,주방용품,T3 개념확장,4555ea1d-f041-45a3-98ea-0a7b42c5af1f,우리들,주방용품,부평깡통시장(구 부산부평시장),전통시장,부산광역시,,,
17b067ec1dc6fece2c03,full_annotation_v1,A,q_주방용품_04,주방용품,생활·마트 중 '주방용품'을 판매·제공하는 매장,test,주방용품,T3 개념확장,9738085a-2906-45e4-8048-a85e4a1c7ec4,시장그릇,주방용품,당진전통시장,전통시장,충청남도,,,
bd2ef2061e2f1626d35d,full_annotation_v1,A,q_주방용품_04,주방용품,생활·마트 중 '주방용품'을 판매·제공하는 매장,test,주방용품,T3 개념확장,1d9e35dc-9959-436f-b315-d68db331be1b,원마트,주방용품,서동향토시장,전통시장,부산광역시,,,
f176a40af1869eb3ef03,full_annotation_v1,A,q_주방용품_04,주방용품,생활·마트 중 '주방용품'을 판매·제공하는 매장,test,주방용품,T3 개념확장,a4c6550f-5bff-4f91-8ea9-d83372468ba5,거북표씽크,주방용품,서산동부전통시장,전통시장,충청남도,,,
be886b4be08d63588c3f,full_annotation_v1,A,q_주방용품_04,주방용품,생활·마트 중 '주방용품'을 판매·제공하는 매장,test,주방용품,T3 개념확장,95110559-b250-428b-ae26-b86931939cce,만물상회,주방용품,공항시장,전통시장,대구광역시,,,
22b5c4fe31e128d7e84e,full_annotation_v1,A,q_주방용품_04,주방용품,생활·마트 중 '주방용품'을 판매·제공하는 매장,test,주방용품,T3 개념확장,b0718767-920b-48d2-9c70-72e50d29d783,최고상사,주방용품,원대가구명물거리 골목형상점가,골목형상점가,대구광역시,,,
79cd8472cde68fb5da2d,full_annotation_v1,A,q_주방용품_04,주방용품,생활·마트 중 '주방용품'을 판매·제공하는 매장,test,주방용품,T3 개념확장,962de01e-2c2b-4f27-9d71-113c0d8969d7,서봉철물,주방용품,순창시장,전통시장,전북특별자치도,,,
9cdcea525d4c3fbfd36e,full_annotation_v1,A,q_주방용품_04,주방용품,생활·마트 중 '주방용품'을 판매·제공하는 매장,test,주방용품,T3 개념확장,a3be280c-65de-4dfa-89f3-46c2b6b290ab,궁전노래연습장,노래연습장,두암3동 먹자골목 골목형상점가,골목형상점가,광주광역시,,,
6cb5829fec31b80d6e86,full_annotation_v1,A,q_주방용품_04,주방용품,생활·마트 중 '주방용품'을 판매·제공하는 매장,test,주방용품,T3 개념확장,ad69d98e-2d94-4984-8b28-e213d637eabf,수지사,주방용품,숭례문수입상가,전통시장,서울특별시,,,
c0b8e5578d3ac576c592,full_annotation_v1,A,q_주방용품_04,주방용품,생활·마트 중 '주방용품'을 판매·제공하는 매장,test,주방용품,T3 개념확장,54cd6b0c-c599-4c6a-92e3-c21325676362,주방의 아이,주방용품,안양관양시장,전통시장,경기도,,,
a95b28765f01a44c787f,full_annotation_v1,A,q_주방용품_04,주방용품,생활·마트 중 '주방용품'을 판매·제공하는 매장,test,주방용품,T3 개념확장,97a32db8-685c-4d1e-8ead-855a70334a2e,오렌지노래연습장,노래연습장,두암3동 먹자골목 골목형상점가,골목형상점가,광주광역시,,,
98b216928b50087875c2,full_annotation_v1,A,q_주방용품_04,주방용품,생활·마트 중 '주방용품'을 판매·제공하는 매장,test,주방용품,T3 개념확장,e1bdd5b3-de4e-4a54-b63d-e6b4deaee3e5,휘슬러,주방용품,봉선1로 골목형상점가,골목형상점가,광주광역시,,,
482ac84e9b74413035a5,full_annotation_v1,A,q_주방용품_04,주방용품,생활·마트 중 '주방용품'을 판매·제공하는 매장,test,주방용품,T3 개념확장,54388345-b070-4e1c-bf49-0d38a05eadd6,세신,주방용품,㈜르네시떼,전통시장,부산광역시,,,
db9299539cedcee20f58,full_annotation_v1,A,q_주방용품_04,주방용품,생활·마트 중 '주방용품'을 판매·제공하는 매장,test,주방용품,T3 개념확장,48e8b5b8-0f92-4aae-a9e1-35d0d3ee8665,명승그릇,주방용품,밀양 내일전통시장,전통시장,경상남도,,,
2dfc24c27cd30788a400,full_annotation_v1,A,q_주방용품_04,주방용품,생활·마트 중 '주방용품'을 판매·제공하는 매장,test,주방용품,T3 개념확장,e834cf24-a70c-4197-a852-1bb917faaee5,이화그릇,주방용품,경열로상인회 골목형상점가,골목형상점가,광주광역시,,,
a5df41e08623e1e65c3f,full_annotation_v1,A,q_주방용품_04,주방용품,생활·마트 중 '주방용품'을 판매·제공하는 매장,test,주방용품,T3 개념확장,603b3a93-bc75-4f78-8c06-b099b15c9f55,리빙필,주방용품,좌동재래시장,전통시장,부산광역시,,,
cbc4d95e814e2ffd87a2,full_annotation_v1,A,q_주방용품_04,주방용품,생활·마트 중 '주방용품'을 판매·제공하는 매장,test,주방용품,T3 개념확장,a1444ac1-9274-4a11-a401-32a8c5a3713b,대원,주방용품,동산상가,전통시장,대구광역시,,,
8804a83da8a5d4dce481,full_annotation_v1,A,q_주방용품_04,주방용품,생활·마트 중 '주방용품'을 판매·제공하는 매장,test,주방용품,T3 개념확장,01448ddc-182e-4a13-8e2c-7377a3be0b95,부흥상회,"소매업(그릇,주방용품)",죽산시장,전통시장,경기도,,,
d3c458b1d84bea7eb6b5,full_annotation_v1,A,q_주방용품_04,주방용품,생활·마트 중 '주방용품'을 판매·제공하는 매장,test,주방용품,T3 개념확장,0079e4d6-6b16-43b7-8b42-1377fc092985,강진옹기,도자기,일곡동(제11지역:용전동) 골목형상점가,골목형상점가,광주광역시,,,
d6028b434892e5ca03db,full_annotation_v1,A,q_주방용품_04,주방용품,생활·마트 중 '주방용품'을 판매·제공하는 매장,test,주방용품,T3 개념확장,0bd256be-744d-4d23-a988-fa4db363e378,잉꼬,주방용품,안동구시장,전통시장,경상북도,,,
959930ed7b40f78c7115,full_annotation_v1,A,q_주방용품_04,주방용품,생활·마트 중 '주방용품'을 판매·제공하는 매장,test,주방용품,T3 개념확장,6bd5c5d7-d4ae-48da-8ec9-ce046911a1f9,찰랑찰랑,만두국 보쌈 국밥,춘천 원도심 상권활성화,상권활성화구역,강원특별자치도,,,
6cd96bda965f396bb9dc,full_annotation_v1,A,q_주방용품_04,주방용품,생활·마트 중 '주방용품'을 판매·제공하는 매장,test,주방용품,T3 개념확장,f5be7051-b067-432c-8558-3181d94cd5b3,남문행남자기,주방용품,수원영동시장,전통시장,경기도,,,
16ee4af4698289a8b7d6,full_annotation_v1,A,q_주방용품_04,주방용품,생활·마트 중 '주방용품'을 판매·제공하는 매장,test,주방용품,T3 개념확장,00315b91-ae04-4ca0-bc66-43dc7858b0d5,시옷이응,도자기,예스파크 상점가,자율상권구역,경기도,,,
cb7f78fdf0ea5c60f64a,full_annotation_v1,A,q_주방용품_04,주방용품,생활·마트 중 '주방용품'을 판매·제공하는 매장,test,주방용품,T3 개념확장,1f4e696f-33db-4596-b0c1-30a2c0474ca1,대성상회,주방용품,장위전통시장,전통시장,서울특별시,,,
c5dc4bb0ba7340e25df5,full_annotation_v1,A,q_주방용품_04,주방용품,생활·마트 중 '주방용품'을 판매·제공하는 매장,test,주방용품,T3 개념확장,9644915e-1de5-497d-98a0-b3acfe746644,덕신상회,주방용품,중앙신시장,전통시장,경상북도,,,
dc2c5fca9eb97dc2b2a7,full_annotation_v1,A,q_주방용품_04,주방용품,생활·마트 중 '주방용품'을 판매·제공하는 매장,test,주방용품,T3 개념확장,d488e06b-e1a3-4f24-aecf-49147c0dc9b6,다온,주방용품,남대문시장,전통시장,서울특별시,,,
0e36f95414d781cba431,full_annotation_v1,A,q_주방용품_04,주방용품,생활·마트 중 '주방용품'을 판매·제공하는 매장,test,주방용품,T3 개념확장,00099bd3-766a-4148-a64c-5356a9d5aad2,초장집 미사점,음식점,미사강변 골목형상점가,골목형상점가,경기도,,,
a4646745cecf01f19a2f,full_annotation_v1,A,q_주방용품_04,주방용품,생활·마트 중 '주방용품'을 판매·제공하는 매장,test,주방용품,T3 개념확장,ed67383f-e845-4cce-8248-a2023f6acf1c,수원상회,주방용품,함평천지전통시장(함평5일시장),전통시장,전라남도,,,
acc9be594ea8374824f2,full_annotation_v1,A,q_주방용품_04,주방용품,생활·마트 중 '주방용품'을 판매·제공하는 매장,test,주방용품,T3 개념확장,738d1665-4cfd-47b2-b195-a9b4b8891b45,백합선물,주방용품,제천중앙시장,전통시장,충청북도,,,
735929681bb0fce2445f,full_annotation_v1,A,q_주방용품_04,주방용품,생활·마트 중 '주방용품'을 판매·제공하는 매장,test,주방용품,T3 개념확장,05d08f78-ed55-41f6-930f-cc56314e380a,삼보기물,주방용품,평택국제중앙시장,전통시장,경기도,,,
b1803f2b723b9b40653e,full_annotation_v1,A,q_주방용품_04,주방용품,생활·마트 중 '주방용품'을 판매·제공하는 매장,test,주방용품,T3 개념확장,8c3dbd61-d47d-4bc3-8029-f7917d0ab602,한미유통,주방용품,진주 동성상가,전통시장,경상남도,,,
415ec60513295d929061,full_annotation_v1,A,q_주방용품_04,주방용품,생활·마트 중 '주방용품'을 판매·제공하는 매장,test,주방용품,T3 개념확장,4e09aa59-f344-4c95-b4eb-ad2351776e2a,서영주방용품,주방용품,영동전통시장,전통시장,충청북도,,,
1eeec8a3619e191617b4,full_annotation_v1,A,q_주방용품_04,주방용품,생활·마트 중 '주방용품'을 판매·제공하는 매장,test,주방용품,T3 개념확장,a2503e86-ca63-45a6-9bce-3d3a99833962,영남상회,주방용품,영주공설시장,전통시장,경상북도,,,
c670ddf02f06260108cd,full_annotation_v1,A,q_주방용품_04,주방용품,생활·마트 중 '주방용품'을 판매·제공하는 매장,test,주방용품,T3 개념확장,01e5414f-6d15-4b32-8ecb-21f61d103f80,현대주방기물백화점,"그릇, 주방기물",호계공설시장,전통시장,울산광역시,,,
e7d560158a92d31bab1b,full_annotation_v1,A,q_주방용품_04,주방용품,생활·마트 중 '주방용품'을 판매·제공하는 매장,test,주방용품,T3 개념확장,46b50642-2727-4f56-930a-201c35017b58,성광상회,주방용품,예천상설시장,전통시장,경상북도,,,
211ae669756c3f00852a,full_annotation_v1,A,q_주방용품_04,주방용품,생활·마트 중 '주방용품'을 판매·제공하는 매장,test,주방용품,T3 개념확장,91c369c5-726a-4004-aa51-00defc56716f,중앙사,주방용품,남대문시장,전통시장,서울특별시,,,
bc6fe3bea8717ff2889f,full_annotation_v1,A,q_주방용품_04,주방용품,생활·마트 중 '주방용품'을 판매·제공하는 매장,test,주방용품,T3 개념확장,28c75d76-ea47-40db-87fd-39fef307935a,대전기물,주방용품,유성시장 골목형상점가,골목형상점가,대전광역시,,,
eeac7cf593e8ea4d4685,full_annotation_v1,A,q_주방용품_04,주방용품,생활·마트 중 '주방용품'을 판매·제공하는 매장,test,주방용품,T3 개념확장,e80729b3-bfd7-46f7-a60e-4165c17ab339,여성상설매장,주방용품,순천연향패션상가,자율상권구역,전라남도,,,
9e05adb36554b4a3e0f8,full_annotation_v1,A,q_주방용품_04,주방용품,생활·마트 중 '주방용품'을 판매·제공하는 매장,test,주방용품,T3 개념확장,86c0ffcd-532b-4f2f-9f2b-4dacdac30378,수스 Soos,의류,신장대리 자율상권구역,,강원특별자치도,,,
7f7f34996f5c69b0c002,full_annotation_v1,A,q_주방용품_04,주방용품,생활·마트 중 '주방용품'을 판매·제공하는 매장,test,주방용품,T3 개념확장,d54a9ff9-b4e6-421e-ba9d-a8b224abf08d,서울공예사,주방용품,부여시장,전통시장,충청남도,,,
19bb0dcb087b9619c952,full_annotation_v1,A,q_주방용품_04,주방용품,생활·마트 중 '주방용품'을 판매·제공하는 매장,test,주방용품,T3 개념확장,bf0c52c8-2289-4d18-9b0d-31afa1050d5b,제이샵뷰티,피부,양산동 골목형상점가,골목형상점가,광주광역시,,,
87bd1d05ff5eb3b42666,full_annotation_v1,A,q_주방용품_04,주방용품,생활·마트 중 '주방용품'을 판매·제공하는 매장,test,주방용품,T3 개념확장,77ede6a7-4140-42a4-9d0b-74137b6a2ab2,영동상회,주방용품,진해중앙시장,전통시장,경상남도,,,
e2799edb10d3a6ac98a2,full_annotation_v1,A,q_주방용품_04,주방용품,생활·마트 중 '주방용품'을 판매·제공하는 매장,test,주방용품,T3 개념확장,0fbd9778-68c0-406d-85e4-89c6c6819b83,선학상회,주방용품,동산상가,전통시장,대구광역시,,,
2131aafcfb716a69f09c,full_annotation_v1,A,q_주방용품_04,주방용품,생활·마트 중 '주방용품'을 판매·제공하는 매장,test,주방용품,T3 개념확장,1558817a-9fc7-4203-838a-a4ce57acdc4e,나리,주방용품,대해불빛시장(대해종합시장),전통시장,경상북도,,,
0cf0d5fe0d520a6d2d4f,full_annotation_v1,A,q_주방용품_04,주방용품,생활·마트 중 '주방용품'을 판매·제공하는 매장,test,주방용품,T3 개념확장,0010dbec-3031-440c-bda7-3d61761163a9,금송아지,음식점업,구미 진평음식문화특화거리 골목형상점가,골목형상점가,경상북도,,,
3aa5058321dc0e51618d,full_annotation_v1,A,q_주방용품_04,주방용품,생활·마트 중 '주방용품'을 판매·제공하는 매장,test,주방용품,T3 개념확장,054376dd-1b52-4eee-baba-4206012c6839,금호종합주방,주방용품,임동오거리 골목형상점가,골목형상점가,광주광역시,,,
782ce2b4d11b41283ad4,full_annotation_v1,A,q_주방용품_04,주방용품,생활·마트 중 '주방용품'을 판매·제공하는 매장,test,주방용품,T3 개념확장,b01a1a3b-492e-43da-bf4e-24a4cf8f9d1d,대동쿡앤샵,주방용품,신금정시장 골목형 상점가,골목형상점가,부산광역시,,,
408747b41b0ab07c535c,full_annotation_v1,A,q_주방용품_04,주방용품,생활·마트 중 '주방용품'을 판매·제공하는 매장,test,주방용품,T3 개념확장,a7601fd0-92da-47aa-978c-ebf05d8e54f9,안심축산물,식육,안양중앙시장,전통시장,경기도,,,
819f6184f517f616635b,full_annotation_v1,A,q_주방용품_04,주방용품,생활·마트 중 '주방용품'을 판매·제공하는 매장,test,주방용품,T3 개념확장,c6dae097-64ce-4bc5-8806-c06e52c2d2f1,삼우상사,주방용품,오치1동 골목형상점가,골목형상점가,광주광역시,,,
1272fc007acced6760a4,full_annotation_v1,A,q_주방용품_04,주방용품,생활·마트 중 '주방용품'을 판매·제공하는 매장,test,주방용품,T3 개념확장,279c813d-1ea0-45c4-a2b5-cd5ea3b60e43,한진주방,주방용품,칠성시장,전통시장,대구광역시,,,
7e540262ae0862f70f03,full_annotation_v1,A,q_주방용품_04,주방용품,생활·마트 중 '주방용품'을 판매·제공하는 매장,test,주방용품,T3 개념확장,01b512e5-9a35-44cd-a0a6-7e29d0d85256,보물찾기,그릇 및 잡화,제일종합시장,전통시장,강원특별자치도,,,
59c6d98e99bbfe2d3962,full_annotation_v1,A,q_주방용품_04,주방용품,생활·마트 중 '주방용품'을 판매·제공하는 매장,test,주방용품,T3 개념확장,011e8cfe-0737-49db-8250-68e7a51ca170,토담도예,생활도자기,㈜르네시떼,전통시장,부산광역시,,,
24e8855a994a8ef46f16,full_annotation_v1,A,q_주방용품_04,주방용품,생활·마트 중 '주방용품'을 판매·제공하는 매장,test,주방용품,T3 개념확장,8ba6b0ce-10cc-406f-8b94-0a60838b6766,흙과나무,주방용품,영주로상권,자율상권구역,경상북도,,,
0ca4028fee276d14479a,full_annotation_v1,A,q_주방용품_04,주방용품,생활·마트 중 '주방용품'을 판매·제공하는 매장,test,주방용품,T3 개념확장,705190f6-8b4e-4c6a-8129-9ba5969ca370,다다사,주방용품,남대문시장,전통시장,서울특별시,,,
224edf0b9e9934e87e7d,full_annotation_v1,A,q_주방용품_04,주방용품,생활·마트 중 '주방용품'을 판매·제공하는 매장,test,주방용품,T3 개념확장,e01f95f5-f0ef-4930-9af9-bf1d55f00e9a,삼성주방,주방용품,동송전통시장,전통시장,강원특별자치도,,,
4fea51863a7f2549f6b5,full_annotation_v1,A,q_주방용품_04,주방용품,생활·마트 중 '주방용품'을 판매·제공하는 매장,test,주방용품,T3 개념확장,1951a89c-988b-4e0a-92c1-79dcb245813f,금촌종합주방그릇,주방용품,금촌전통시장,전통시장,경기도,,,
1420f9d196f0a111dc6d,full_annotation_v1,A,q_주방용품_04,주방용품,생활·마트 중 '주방용품'을 판매·제공하는 매장,test,주방용품,T3 개념확장,f0a50b9a-ce55-46a7-83f3-7a3ab749a902,이에스몰,악세사리 문구류 네일팁,춘천지하상가,일반지하상점가,강원특별자치도,,,
19822f8a6c0c09214682,full_annotation_v1,A,q_주방용품_04,주방용품,생활·마트 중 '주방용품'을 판매·제공하는 매장,test,주방용품,T3 개념확장,85051482-992d-44cd-9a02-856e5ddb3ff1,황실주방용품,주방용품,문흥진달래공원 골목형상점가,골목형상점가,광주광역시,,,
ff05c88840043984f1f6,full_annotation_v1,A,q_주방용품_04,주방용품,생활·마트 중 '주방용품'을 판매·제공하는 매장,test,주방용품,T3 개념확장,fe91b279-fcfd-476b-8fb4-09af8b2515cb,고려기물,주방용품,충주무학시장,전통시장,충청북도,,,
abf04d1f3eaece6f5053,full_annotation_v1,A,q_주방용품_04,주방용품,생활·마트 중 '주방용품'을 판매·제공하는 매장,test,주방용품,T3 개념확장,1ffa1527-721a-4b7e-afb6-ae67690b66e9,미엘담,주방용품,원주중앙로문화의거리,자율상권구역,강원특별자치도,,,
19df083a62dd8eaddfe8,full_annotation_v1,A,q_주방용품_04,주방용품,생활·마트 중 '주방용품'을 판매·제공하는 매장,test,주방용품,T3 개념확장,22d81152-ae01-4feb-88e5-c5a59106df80,락엔락플러스광주점,주방용품,말바우지키미 골목형상점가,골목형상점가,광주광역시,,,
3a4eb8b44438eaf4d9ec,full_annotation_v1,A,q_주방용품_04,주방용품,생활·마트 중 '주방용품'을 판매·제공하는 매장,test,주방용품,T3 개념확장,e3ff6711-8edf-445b-8e7b-b74e463ec1ac,듬뿍,한식,푸른마을공동체센터 골목형상점가,골목형상점가,광주광역시,,,
460e8d4eca8137cfac8c,full_annotation_v1,A,q_주방용품_04,주방용품,생활·마트 중 '주방용품'을 판매·제공하는 매장,test,주방용품,T3 개념확장,5edbac64-7a1f-4ae8-bd19-6cc45ffbf523,영광상회,주방용품,덕산전통시장,전통시장,충청북도,,,
accac2e719fa6ac2fbc3,full_annotation_v1,A,q_주방용품_04,주방용품,생활·마트 중 '주방용품'을 판매·제공하는 매장,test,주방용품,T3 개념확장,89c23f0d-3ddb-4c99-ac7b-59a36b50d03b,충남상회,주방용품,금남시장,전통시장,서울특별시,,,
ea9660804af10b1cde9e,full_annotation_v1,A,q_주방용품_04,주방용품,생활·마트 중 '주방용품'을 판매·제공하는 매장,test,주방용품,T3 개념확장,ac421c68-485f-4062-acb3-976e7b3dd7fa,창성상회,주방용품,진해중앙시장,전통시장,경상남도,,,
4181d1c0a5a4213e6dd5,full_annotation_v1,A,q_주방용품_04,주방용품,생활·마트 중 '주방용품'을 판매·제공하는 매장,test,주방용품,T3 개념확장,98d4a97b-2aa3-4abd-a6e0-6425f96882a4,그릇나라,주방용품,동구시장,전통시장,대구광역시,,,
10eb1861b2f880442358,full_annotation_v1,A,q_주방용품_04,주방용품,생활·마트 중 '주방용품'을 판매·제공하는 매장,test,주방용품,T3 개념확장,5879e1d3-16e7-4e5d-9382-c3ead6e8fbb8,지웅상회,주방용품,영산포풍물시장,전통시장,전라남도,,,
8d032805070ebc21e26a,full_annotation_v1,A,q_주방용품_04,주방용품,생활·마트 중 '주방용품'을 판매·제공하는 매장,test,주방용품,T3 개념확장,1baeb006-622f-4dab-940d-69d1112ee30d,홈셰프,주방용품,남원용남시장,전통시장,전북특별자치도,,,
55bb265bd551279edc47,full_annotation_v1,A,q_주방용품_04,주방용품,생활·마트 중 '주방용품'을 판매·제공하는 매장,test,주방용품,T3 개념확장,8e0b107b-dc1a-4295-8b28-90e1037e4385,문산고무신,신발,문산자유시장,전통시장,경기도,,,
9e87d2d0ff9fcd2fc2e4,full_annotation_v1,A,q_주방용품_04,주방용품,생활·마트 중 '주방용품'을 판매·제공하는 매장,test,주방용품,T3 개념확장,085ff0d2-9f7f-4d54-96a0-448dbe4085fe,우리주방,주방용품,구미종합상가,전통시장,경상북도,,,
75a2cae07dc103af8051,full_annotation_v1,A,q_주방용품_04,주방용품,생활·마트 중 '주방용품'을 판매·제공하는 매장,test,주방용품,T3 개념확장,c6ea975f-2c92-4c80-a98a-5e9f74e42628,리빙마트,주방용품,해미읍성전통시장,전통시장,충청남도,,,
00d474707f595ae2a557,full_annotation_v1,A,q_주방용품_04,주방용품,생활·마트 중 '주방용품'을 판매·제공하는 매장,test,주방용품,T3 개념확장,8216a24e-106c-4661-81d4-97299ee2dc76,삼일프라스틱,주방용품,부산진시장,전통시장,부산광역시,,,
e2cccec87099c52f9ad3,full_annotation_v1,A,q_주방용품_04,주방용품,생활·마트 중 '주방용품'을 판매·제공하는 매장,test,주방용품,T3 개념확장,0014a02e-4166-41fc-bc3d-bc2dac16a32b,이모네김밥,음식점,자양전통시장,전통시장,서울특별시,,,
4720be70269746175dfc,full_annotation_v1,A,q_주방용품_04,주방용품,생활·마트 중 '주방용품'을 판매·제공하는 매장,test,주방용품,T3 개념확장,1ef07efe-17bd-4d90-a2d6-b2cba5404feb,엘리강스,주방용품,안동구시장,전통시장,경상북도,,,
e3c04b92f6fb2df0686c,full_annotation_v1,A,q_주방용품_04,주방용품,생활·마트 중 '주방용품'을 판매·제공하는 매장,test,주방용품,T3 개념확장,f4fc2e60-2ed8-4277-8191-6838352894db,대동그릇,주방용품,포항죽도시장,전통시장,경상북도,,,
ed3ef82900e1525b19ca,full_annotation_v1,A,q_주방용품_04,주방용품,생활·마트 중 '주방용품'을 판매·제공하는 매장,test,주방용품,T3 개념확장,e4fb35ee-af07-492f-bf1d-8efcab149802,일광기물,주방용품,보성매일시장,전통시장,전라남도,,,
1d1c7b01a0ec2b01365e,full_annotation_v1,A,q_주방용품_04,주방용품,생활·마트 중 '주방용품'을 판매·제공하는 매장,test,주방용품,T3 개념확장,357467f4-95ef-4678-bd6d-f98d9571b106,테양기물,주방용품,복대가경시장,전통시장,충청북도,,,
9c2e7a1140d96cce2b8e,full_annotation_v1,A,q_주방용품_04,주방용품,생활·마트 중 '주방용품'을 판매·제공하는 매장,test,주방용품,T3 개념확장,cbaf74cf-e91b-47d1-8c50-cafd7dd41805,은애상사,주방용품,부산국제시장,전통시장,부산광역시,,,
5de675f0b4fdd95b2610,full_annotation_v1,A,q_주방용품_04,주방용품,생활·마트 중 '주방용품'을 판매·제공하는 매장,test,주방용품,T3 개념확장,2032f9e5-ac50-4231-9c52-95a87d2980b1,대광상회,주방용품,신성전통시장,전통시장,서울특별시,,,
b815c4f8960042a7e259,full_annotation_v1,A,q_주방용품_04,주방용품,생활·마트 중 '주방용품'을 판매·제공하는 매장,test,주방용품,T3 개념확장,09c4c831-f8bc-49b7-ab80-266ebc7a66b5,극동주방,주방용품,안양농수산물 골목형상점가,골목형상점가,경기도,,,
a90d0b7c04b4406ef2ab,full_annotation_v1,A,q_주방용품_04,주방용품,생활·마트 중 '주방용품'을 판매·제공하는 매장,test,주방용품,T3 개념확장,7d5dccc5-80f4-4641-b938-c370cc34096d,대동상사,주방용품,부평깡통시장(구 부산부평시장),전통시장,부산광역시,,,
a8d5be169e4c1a73bc7e,full_annotation_v1,A,q_주방용품_04,주방용품,생활·마트 중 '주방용품'을 판매·제공하는 매장,test,주방용품,T3 개념확장,adbccc3b-9fe7-47a8-86a3-46abcbcf4035,아우라헤어,미용업,강진읍 상권활성화구역,상권활성화구역,전라남도,,,
13446d888283cd583c86,full_annotation_v1,A,q_주방용품_04,주방용품,생활·마트 중 '주방용품'을 판매·제공하는 매장,test,주방용품,T3 개념확장,179d8462-4dc8-430b-927f-d7818ba6fb62,키친나라,주방용식기,하동공설시장,전통시장,경상남도,,,
3cbcd35f1fe90bda429d,full_annotation_v1,A,q_주방용품_04,주방용품,생활·마트 중 '주방용품'을 판매·제공하는 매장,test,주방용품,T3 개념확장,9b8dc9e0-daac-44fc-8d40-b82dcc4c9e9b,조은상회,주방용품,신철원시장,전통시장,강원특별자치도,,,
985a0c98ad3cabda0529,full_annotation_v1,A,q_주방용품_04,주방용품,생활·마트 중 '주방용품'을 판매·제공하는 매장,test,주방용품,T3 개념확장,05407993-f65d-4b47-b23f-2bbbcef3232e,영화상회,요업제품식기,보령한내시장,전통시장,충청남도,,,
95c7f0270a5f93b27129,full_annotation_v1,A,q_주방용품_04,주방용품,생활·마트 중 '주방용품'을 판매·제공하는 매장,test,주방용품,T3 개념확장,8887fdcf-b204-445d-a890-c3f405fd3625,우정상회,주방용품,동산상가,전통시장,대구광역시,,,
dcdf958bd5ab16806ba9,full_annotation_v1,A,q_주방용품_04,주방용품,생활·마트 중 '주방용품'을 판매·제공하는 매장,test,주방용품,T3 개념확장,0e1022bc-144e-48e0-9b61-42700274ad85,실로암,주방용품,남대문시장,전통시장,서울특별시,,,
4e0001b4b9e1bba65bd7,full_annotation_v1,A,q_주방용품_04,주방용품,생활·마트 중 '주방용품'을 판매·제공하는 매장,test,주방용품,T3 개념확장,c278e231-6d6a-4f7e-a156-b3ebb7aff4a9,제일상회,주방용품,굴비골영광시장(구 영광매일시장),전통시장,전라남도,,,
531bce19e939d194ca92,full_annotation_v1,A,q_주방용품_04,주방용품,생활·마트 중 '주방용품'을 판매·제공하는 매장,test,주방용품,T3 개념확장,304fd0c3-cffb-4f46-a9af-2d2cc65a55ea,공신상회,주방용품,명산시장,전통시장,전북특별자치도,,,
309894844f45de201c08,full_annotation_v1,A,q_주방용품_04,주방용품,생활·마트 중 '주방용품'을 판매·제공하는 매장,test,주방용품,T3 개념확장,59bcfb9f-9aa2-4378-ab88-28dfc624b380,시장그릇,주방용품,고산미소시장(고산시장),전통시장,전북특별자치도,,,
9329eaedc1fb3369fa9d,full_annotation_v1,A,q_주방용품_04,주방용품,생활·마트 중 '주방용품'을 판매·제공하는 매장,test,주방용품,T3 개념확장,01b28f89-fee4-4811-8c5a-4c728f24c0ba,백미스탠,그릇 주방용품,대야전통시장,전통시장,전북특별자치도,,,
a48a88f241953a1bcba4,full_annotation_v1,A,q_주방용품_04,주방용품,생활·마트 중 '주방용품'을 판매·제공하는 매장,test,주방용품,T3 개념확장,6d77e4cd-b223-42ef-8816-363d41180855,두보키친,주방용품,남대문시장,전통시장,서울특별시,,,
e49c2a9403536fccfdca,full_annotation_v1,A,q_주방용품_04,주방용품,생활·마트 중 '주방용품'을 판매·제공하는 매장,test,주방용품,T3 개념확장,f18a3300-8df6-4c13-af02-e541c3731417,장흥회관 이천본점,한식,백년소상공인,기타,경기도,,,
2b8e0264789af3de3f1c,full_annotation_v1,A,q_주방용품_04,주방용품,생활·마트 중 '주방용품'을 판매·제공하는 매장,test,주방용품,T3 개념확장,c002fd02-fdac-469a-8c19-074cfe68aa30,한일상회,주방용품,부산국제시장,전통시장,부산광역시,,,
6d65c35f0ead537daed5,full_annotation_v1,A,q_주방용품_04,주방용품,생활·마트 중 '주방용품'을 판매·제공하는 매장,test,주방용품,T3 개념확장,ad644ce9-f714-4bea-a40c-fc7b5ae9dabc,신우상회,주방용품,서문시장 제5지구,전통시장,대구광역시,,,
b19757f76ff6e2244f6a,full_annotation_v1,A,q_주방용품_04,주방용품,생활·마트 중 '주방용품'을 판매·제공하는 매장,test,주방용품,T3 개념확장,47a24e55-e2b5-4bd8-bcd4-7a2c19404cb7,D엘래쉬,속눈썹연장,동화동골목형상가,골목형상점가,서울특별시,,,
3a695aa870404a352701,full_annotation_v1,A,q_주방용품_04,주방용품,생활·마트 중 '주방용품'을 판매·제공하는 매장,test,주방용품,T3 개념확장,791bcef7-bf5c-457e-bfe1-81332570ff45,대림주방,주방용품,영등포전통시장,자율상권구역,서울특별시,,,
debd6a04e3c37aa47417,full_annotation_v1,A,q_주방용품_04,주방용품,생활·마트 중 '주방용품'을 판매·제공하는 매장,test,주방용품,T3 개념확장,6daf3ada-5577-4b70-b086-ae0cda5965fd,삼일상회,주방용품,부산진시장,전통시장,부산광역시,,,
de84c7dc140d587b7423,full_annotation_v1,A,q_주방용품_04,주방용품,생활·마트 중 '주방용품'을 판매·제공하는 매장,test,주방용품,T3 개념확장,42594e6c-7f87-4788-89ef-28564ef52fc3,신일종합주방,주방용품,금왕중심골목형상점가,골목형상점가,충청북도,,,
2c42783734831cb25b45,full_annotation_v1,A,q_주방용품_04,주방용품,생활·마트 중 '주방용품'을 판매·제공하는 매장,test,주방용품,T3 개념확장,7a46fab6-ddab-4222-8081-023900f91b42,치킨이호프를만났을때,치킨,음성시장,전통시장,충청북도,,,
32d0d1a9b330d7029345,full_annotation_v1,A,q_주방용품_04,주방용품,생활·마트 중 '주방용품'을 판매·제공하는 매장,test,주방용품,T3 개념확장,4c6469a4-3685-4949-b70f-a9e71e71d377,대구상회,주방용품,동대신1동골목시장,전통시장,부산광역시,,,
cc750817387181b5b439,full_annotation_v1,A,q_주방용품_04,주방용품,생활·마트 중 '주방용품'을 판매·제공하는 매장,test,주방용품,T3 개념확장,00019073-6f11-4f0f-b26f-342cc4f92c0a,만선회센타,음식및숙박업(일본음식점업),전북대대학로상점가,자율상권구역,전북특별자치도,,,
34311d40da06a1f608b0,full_annotation_v1,A,q_주방용품_04,주방용품,생활·마트 중 '주방용품'을 판매·제공하는 매장,test,주방용품,T3 개념확장,9ea7188a-0fab-4ee1-b166-8f6d215aba51,용인그릇,주방용품,석수시장,전통시장,경기도,,,
546e8961818b8224f5aa,full_annotation_v1,A,q_주방용품_04,주방용품,생활·마트 중 '주방용품'을 판매·제공하는 매장,test,주방용품,T3 개념확장,012185b9-46f5-4d62-8672-7c17d43b6886,남북상사,"도소매(잡화), 그릇",남대문시장,전통시장,서울특별시,,,
ae55f70981e548c4a883,full_annotation_v1,A,q_주방용품_04,주방용품,생활·마트 중 '주방용품'을 판매·제공하는 매장,test,주방용품,T3 개념확장,e09d412d-f726-40a0-8b6a-c216c47ba27f,소솜화,꽃 식물,상무백운상인회 골목형상점가,골목형상점가,광주광역시,,,
f88c75d855608c85b8e1,full_annotation_v1,A,q_주방용품_04,주방용품,생활·마트 중 '주방용품'을 판매·제공하는 매장,test,주방용품,T3 개념확장,d2eedfb6-5e0b-45f9-acf9-ba604026ed67,우정주방마트,주방용품,조암시장,전통시장,경기도,,,
d08dfaaec60304b3d152,full_annotation_v1,A,q_주방용품_05,주방 용품,생활·마트 중 '주방용품'을 판매·제공하는 매장,test,주방용품,T6 기계변형,71df8b8d-a5db-4f7d-aae9-950eb2f57fd0,비엠헬스케어,"건강용품, 주방, 난방용품, 농산물",전주신중앙시장(구 중앙버드나무시장),전통시장,전북특별자치도,,,
f44f3adfebb31ba1b343,full_annotation_v1,A,q_주방용품_05,주방 용품,생활·마트 중 '주방용품'을 판매·제공하는 매장,test,주방용품,T6 기계변형,42594e6c-7f87-4788-89ef-28564ef52fc3,신일종합주방,주방용품,금왕중심골목형상점가,골목형상점가,충청북도,,,
58cd81c3e248035f6b35,full_annotation_v1,A,q_주방용품_05,주방 용품,생활·마트 중 '주방용품'을 판매·제공하는 매장,test,주방용품,T6 기계변형,54cd6b0c-c599-4c6a-92e3-c21325676362,주방의 아이,주방용품,안양관양시장,전통시장,경기도,,,
44af9ff83c0993ce9e68,full_annotation_v1,A,q_주방용품_05,주방 용품,생활·마트 중 '주방용품'을 판매·제공하는 매장,test,주방용품,T6 기계변형,911bb180-f510-45a5-bdca-87b4a6491119,미래주방,주방용품,행당시장상점가,자율상권구역,서울특별시,,,
5898e6f5ba987f32a922,full_annotation_v1,A,q_주방용품_05,주방 용품,생활·마트 중 '주방용품'을 판매·제공하는 매장,test,주방용품,T6 기계변형,03f565ef-fdd8-45e5-9a28-6fb932eb52c3,사랑가득동물병원,반려동물 용품,운리공원상인회 골목형상점가,골목형상점가,광주광역시,,,
953437691bbb268e1c70,full_annotation_v1,A,q_주방용품_05,주방 용품,생활·마트 중 '주방용품'을 판매·제공하는 매장,test,주방용품,T6 기계변형,b4c13bbc-b098-45be-b37d-8a643eac4000,중앙주방,주방용품,평화시장,전통시장,대구광역시,,,
b3a80402837eb25329fe,full_annotation_v1,A,q_주방용품_05,주방 용품,생활·마트 중 '주방용품'을 판매·제공하는 매장,test,주방용품,T6 기계변형,f4a6d24c-fc94-4213-a582-48777572bab7,신약국,양약,부여새시장,전통시장,충청남도,,,
57910a22b8819b727cc3,full_annotation_v1,A,q_주방용품_05,주방 용품,생활·마트 중 '주방용품'을 판매·제공하는 매장,test,주방용품,T6 기계변형,55b7bbac-7fec-4486-8ea0-0f1aa207841b,하이미필라테스,필라테스,향동중앙 골목형상점가,골목형상점가,경기도,,,
2c2c62e59172d8cdae5e,full_annotation_v1,A,q_주방용품_05,주방 용품,생활·마트 중 '주방용품'을 판매·제공하는 매장,test,주방용품,T6 기계변형,b806cf3a-8c04-4f43-ab7f-218202060bcc,웰메이드,스포츠의류 및 용품,나주금빛상점가,자율상권구역,전라남도,,,
0ba01538eaf9e31d1beb,full_annotation_v1,A,q_주방용품_05,주방 용품,생활·마트 중 '주방용품'을 판매·제공하는 매장,test,주방용품,T6 기계변형,4542e742-112e-4ee7-900d-b4bb0c91f35b,보리수화장품,화장품,서귀포매일올레시장,전통시장,제주특별자치도,,,
1eaa3c78c657bbe9d0a2,full_annotation_v1,A,q_주방용품_05,주방 용품,생활·마트 중 '주방용품'을 판매·제공하는 매장,test,주방용품,T6 기계변형,68adfacf-ae34-400e-9369-d7e8aee4a218,제이디컴퍼니,스포츠 용품,성서아울렛타운,자율상권구역,대구광역시,,,
f5580f23b8916925843c,full_annotation_v1,A,q_주방용품_05,주방 용품,생활·마트 중 '주방용품'을 판매·제공하는 매장,test,주방용품,T6 기계변형,26bec097-7847-4a7d-8aee-246b37fbf217,스노우피크대구칠곡점,"의류, 용품",태전패션거리 골목형상점가,골목형상점가,대구광역시,,,
54ca17150330a5150363,full_annotation_v1,A,q_주방용품_05,주방 용품,생활·마트 중 '주방용품'을 판매·제공하는 매장,test,주방용품,T6 기계변형,f609c1b2-2104-4e9b-8dcf-5cb985967ef0,주방(JUBANG),그릇 냄비 등 식기류일체 생활용품,이도패션거리 골목형상점가,골목형상점가,제주특별자치도,,,
daf1bbf94a1ce9ec726e,full_annotation_v1,A,q_주방용품_05,주방 용품,생활·마트 중 '주방용품'을 판매·제공하는 매장,test,주방용품,T6 기계변형,791bcef7-bf5c-457e-bfe1-81332570ff45,대림주방,주방용품,영등포전통시장,자율상권구역,서울특별시,,,
8833690931c10d0e9ac0,full_annotation_v1,A,q_주방용품_05,주방 용품,생활·마트 중 '주방용품'을 판매·제공하는 매장,test,주방용품,T6 기계변형,e4dc4cb3-66b5-4732-9e9b-4665f82767b0,레노마골프,의류 용품,태전패션거리 골목형상점가,골목형상점가,대구광역시,,,
b9fe398d8cf8a30696b6,full_annotation_v1,A,q_주방용품_05,주방 용품,생활·마트 중 '주방용품'을 판매·제공하는 매장,test,주방용품,T6 기계변형,10ec5398-f28a-4373-9665-e1bd794cec13,동물병원숲,진료 용품,양산길 골목형상점가,골목형상점가,광주광역시,,,
7780a80382bd743543ca,full_annotation_v1,A,q_주방용품_05,주방 용품,생활·마트 중 '주방용품'을 판매·제공하는 매장,test,주방용품,T6 기계변형,f03686d8-7273-4819-b817-db82df3f4e70,카스톰,자동차 용품,건국다복 골목형상점가,골목형상점가,광주광역시,,,
200e515e645d80f57abe,full_annotation_v1,A,q_주방용품_05,주방 용품,생활·마트 중 '주방용품'을 판매·제공하는 매장,test,주방용품,T6 기계변형,054376dd-1b52-4eee-baba-4206012c6839,금호종합주방,주방용품,임동오거리 골목형상점가,골목형상점가,광주광역시,,,
df4e5f9a5a08e4867480,full_annotation_v1,A,q_주방용품_05,주방 용품,생활·마트 중 '주방용품'을 판매·제공하는 매장,test,주방용품,T6 기계변형,c2ad3cb0-6dbd-457f-b284-35df475bf038,Mr박수입주방,주방용품,성서와룡시장,전통시장,대구광역시,,,
4addc4f6b4ecb0452cd7,full_annotation_v1,A,q_주방용품_05,주방 용품,생활·마트 중 '주방용품'을 판매·제공하는 매장,test,주방용품,T6 기계변형,77bf2913-37a2-46b5-9458-ea4845a0beed,지센서면,의류 및 용품,서면역중앙몰상가,일반지하상점가,부산광역시,,,
a4359ecca55b6960a913,full_annotation_v1,A,q_주방용품_05,주방 용품,생활·마트 중 '주방용품'을 판매·제공하는 매장,test,주방용품,T6 기계변형,3fc21184-d2e2-4deb-acc1-6f6326bef45b,㈜오디에스,"스포츠등산의류, 용품",성서아울렛타운,자율상권구역,대구광역시,,,
dd35cec760b90d3ad48b,full_annotation_v1,A,q_주방용품_05,주방 용품,생활·마트 중 '주방용품'을 판매·제공하는 매장,test,주방용품,T6 기계변형,012185b9-46f5-4d62-8672-7c17d43b6886,남북상사,"도소매(잡화), 그릇",남대문시장,전통시장,서울특별시,,,
809960b4598d2cf03500,full_annotation_v1,A,q_주방용품_05,주방 용품,생활·마트 중 '주방용품'을 판매·제공하는 매장,test,주방용품,T6 기계변형,ad3a7020-a16b-45f7-aeb1-828d4eb6cc21,헬로게코,애완동물 용품,다산역 로데오 상점가,자율상권구역,경기도,,,
5ede8a12930b9552bbea,full_annotation_v1,A,q_주방용품_05,주방 용품,생활·마트 중 '주방용품'을 판매·제공하는 매장,test,주방용품,T6 기계변형,3fa8b2f1-8b22-4cf4-838c-dd37120e9229,딸기헤어,미용실,경서골목형상점가,골목형상점가,인천광역시,,,
7e7876dad99ad28996dd,full_annotation_v1,A,q_주방용품_05,주방 용품,생활·마트 중 '주방용품'을 판매·제공하는 매장,test,주방용품,T6 기계변형,565be16b-c184-4293-98aa-f6e8ddf13c0b,사운드미카오디오,자동차 용품,목련 골목형상점가,골목형상점가,광주광역시,,,
6dfce15c25be99d99463,full_annotation_v1,A,q_주방용품_05,주방 용품,생활·마트 중 '주방용품'을 판매·제공하는 매장,test,주방용품,T6 기계변형,d0343670-98a1-40e6-bdf4-9626a77b41e3,MLB안산한대점,"스포츠의류, 용품",안산패션타운전통시장,전통시장,경기도,,,
a09537aa7c8011929cc3,full_annotation_v1,A,q_주방용품_05,주방 용품,생활·마트 중 '주방용품'을 판매·제공하는 매장,test,주방용품,T6 기계변형,722611ff-c805-4723-9afa-5567ecfee108,늘푸른주방,주방용품,영등포전통시장,자율상권구역,서울특별시,,,
4b788547af7551d8341c,full_annotation_v1,A,q_주방용품_05,주방 용품,생활·마트 중 '주방용품'을 판매·제공하는 매장,test,주방용품,T6 기계변형,26d48cb6-79ec-4b66-8d2a-922ba5ef7592,삼신상회,플라스틱식기,건천시장,전통시장,경상북도,,,
92a27070ae87faa828db,full_annotation_v1,A,q_주방용품_05,주방 용품,생활·마트 중 '주방용품'을 판매·제공하는 매장,test,주방용품,T6 기계변형,01b512e5-9a35-44cd-a0a6-7e29d0d85256,보물찾기,그릇 및 잡화,제일종합시장,전통시장,강원특별자치도,,,
5470f7c82fa30044f9ce,full_annotation_v1,A,q_주방용품_05,주방 용품,생활·마트 중 '주방용품'을 판매·제공하는 매장,test,주방용품,T6 기계변형,bb8712ee-76d7-4c10-806e-2ccf2f9e3713,머슬바디태닝,태닝샵,영천 골목형상점가,골목형상점가,광주광역시,,,
c934636ec275e9885ec8,full_annotation_v1,A,q_주방용품_05,주방 용품,생활·마트 중 '주방용품'을 판매·제공하는 매장,test,주방용품,T6 기계변형,334c8e53-819a-4c6b-9975-63e291b4a978,하나주방,,남대문시장,전통시장,서울특별시,,,
79b468570b10a657b5d5,full_annotation_v1,A,q_주방용품_05,주방 용품,생활·마트 중 '주방용품'을 판매·제공하는 매장,test,주방용품,T6 기계변형,05407993-f65d-4b47-b23f-2bbbcef3232e,영화상회,요업제품식기,보령한내시장,전통시장,충청남도,,,
3158520b4df287c93f0f,full_annotation_v1,A,q_주방용품_05,주방 용품,생활·마트 중 '주방용품'을 판매·제공하는 매장,test,주방용품,T6 기계변형,0079e4d6-6b16-43b7-8b42-1377fc092985,강진옹기,도자기,일곡동(제11지역:용전동) 골목형상점가,골목형상점가,광주광역시,,,
18f2e9d468ee8d5ae339,full_annotation_v1,A,q_주방용품_05,주방 용품,생활·마트 중 '주방용품'을 판매·제공하는 매장,test,주방용품,T6 기계변형,ab04cb71-97af-498f-8c0d-53ecee8478c4,약수탕,사우나 용품,상도약수골목형상점가,골목형상점가,서울특별시,,,
d34d51a9d1fe6f573afb,full_annotation_v1,A,q_주방용품_05,주방 용품,생활·마트 중 '주방용품'을 판매·제공하는 매장,test,주방용품,T6 기계변형,6d38649b-7f66-4243-9184-bd0b635af940,올리비아하슬러거창점,"스포츠의류, 용품",거창 전통시장,전통시장,경상남도,,,
154b6e9748f87121ddcd,full_annotation_v1,A,q_주방용품_05,주방 용품,생활·마트 중 '주방용품'을 판매·제공하는 매장,test,주방용품,T6 기계변형,016866c7-7e5a-4c48-b33e-a37f1e579730,백산도요,도자기,사기막골도자기시장(구 사기막골도예촌재래시장),전통시장,경기도,,,
53a3137204afc6c3a9c5,full_annotation_v1,A,q_주방용품_05,주방 용품,생활·마트 중 '주방용품'을 판매·제공하는 매장,test,주방용품,T6 기계변형,b504b54c-57e5-43b7-b14a-8ce77f16960a,매월네비샵,자동차 용품,전평제상인회 골목형상점가,골목형상점가,광주광역시,,,
7110b7aaf9514c31ca6f,full_annotation_v1,A,q_주방용품_05,주방 용품,생활·마트 중 '주방용품'을 판매·제공하는 매장,test,주방용품,T6 기계변형,56b8e100-e3c5-4645-8202-d0b9a7399fd2,디스커버리거제점,스포츠의류 용품,거제 고현 골목형상점가,골목형상점가,경상남도,,,
89ebc808fe8c1a28ebed,full_annotation_v1,A,q_주방용품_05,주방 용품,생활·마트 중 '주방용품'을 판매·제공하는 매장,test,주방용품,T6 기계변형,7d16ade8-ccc0-4b96-9f0a-17a7c2938d8e,동산장식,인테리어 용품,괴정골목시장,전통시장,부산광역시,,,
3061d7ce95048cacb71f,full_annotation_v1,A,q_주방용품_05,주방 용품,생활·마트 중 '주방용품'을 판매·제공하는 매장,test,주방용품,T6 기계변형,d48e5186-8929-4376-ab53-93b35e1a7c8e,덕성주방,주방용품,시장로타리지하상가,일반지하상점가,인천광역시,,,
c3466b2bcd9b5dec863c,full_annotation_v1,A,q_주방용품_05,주방 용품,생활·마트 중 '주방용품'을 판매·제공하는 매장,test,주방용품,T6 기계변형,011e8cfe-0737-49db-8250-68e7a51ca170,토담도예,생활도자기,㈜르네시떼,전통시장,부산광역시,,,
0d5cc950de27d8f1abbf,full_annotation_v1,A,q_주방용품_05,주방 용품,생활·마트 중 '주방용품'을 판매·제공하는 매장,test,주방용품,T6 기계변형,a471f79c-da32-4f9e-ad12-36b1d8ea58ad,흥아상회(주방),주방용품,동두천중앙시장,전통시장,경기도,,,
9c8d434b104f91b68e02,full_annotation_v1,A,q_주방용품_05,주방 용품,생활·마트 중 '주방용품'을 판매·제공하는 매장,test,주방용품,T6 기계변형,315aeb3c-df6f-4283-9375-b9946bc8ef97,해피펫,애견이용 용품,동먹골상가 골목형상점가,골목형상점가,대구광역시,,,
a3f30b577d9cc307a94b,full_annotation_v1,A,q_주방용품_05,주방 용품,생활·마트 중 '주방용품'을 판매·제공하는 매장,test,주방용품,T6 기계변형,48ceab89-0f4b-4e10-89e5-eaf12075683d,레노마골프,스포츠의류 용품,평화로상가,자율상권구역,경상북도,,,
93056779095533f65423,full_annotation_v1,A,q_주방용품_05,주방 용품,생활·마트 중 '주방용품'을 판매·제공하는 매장,test,주방용품,T6 기계변형,85ce1f2b-a347-4433-a081-8d57d82e63e2,민턴스포츠,스포츠 용품,세종전통시장,전통시장,세종특별자치시,,,
6ed5403cff0f6a138684,full_annotation_v1,A,q_주방용품_05,주방 용품,생활·마트 중 '주방용품'을 판매·제공하는 매장,test,주방용품,T6 기계변형,6f2f0083-8233-41f5-b03d-76717d9f46a6,역전주방,주방용품,순천역전시장,전통시장,전라남도,,,
4b5eff070ea3fd39aa1d,full_annotation_v1,A,q_주방용품_05,주방 용품,생활·마트 중 '주방용품'을 판매·제공하는 매장,test,주방용품,T6 기계변형,01448ddc-182e-4a13-8e2c-7377a3be0b95,부흥상회,"소매업(그릇,주방용품)",죽산시장,전통시장,경기도,,,
dae1adde41cf2d762401,full_annotation_v1,A,q_주방용품_05,주방 용품,생활·마트 중 '주방용품'을 판매·제공하는 매장,test,주방용품,T6 기계변형,e3460b92-d255-426d-b4d4-80ad0f65df45,동광주방,주방용품,동산상가,전통시장,대구광역시,,,
1d0149d5d6ac1d7d51d7,full_annotation_v1,A,q_주방용품_05,주방 용품,생활·마트 중 '주방용품'을 판매·제공하는 매장,test,주방용품,T6 기계변형,9d0c798c-8548-4aeb-b0d1-fc3323b6cb1a,Zip2market,문구 용품,쓰담길 골목형상점가,골목형상점가,전라남도,,,
daa1d101a60c3b6a381e,full_annotation_v1,A,q_주방용품_05,주방 용품,생활·마트 중 '주방용품'을 판매·제공하는 매장,test,주방용품,T6 기계변형,d0fa4002-a537-4a8b-ae52-2735505a1d11,영진애견,"애견, 용품",동오마을골목형상점가,골목형상점가,경기도,,,
a9221de2f21c202fe24a,full_annotation_v1,A,q_주방용품_05,주방 용품,생활·마트 중 '주방용품'을 판매·제공하는 매장,test,주방용품,T6 기계변형,d5b4ef53-a21e-4768-87df-b347aa160539,진보퍼피,애견미용 용품,지범골목먹거리타운 골목형상점가,골목형상점가,대구광역시,,,
2519391dddd6c7f14aa2,full_annotation_v1,A,q_주방용품_05,주방 용품,생활·마트 중 '주방용품'을 판매·제공하는 매장,test,주방용품,T6 기계변형,1b415fbe-893b-48fe-9058-90eb849ece88,복자의 주방,한식 및 주류,수유전통시장(구 수유골목시장),전통시장,서울특별시,,,
45630c1ad23c5183aedb,full_annotation_v1,A,q_주방용품_05,주방 용품,생활·마트 중 '주방용품'을 판매·제공하는 매장,test,주방용품,T6 기계변형,941a49f5-10cd-456b-9f10-167194388ed8,킴스주방,식탁 및 주방용품,용현시장,전통시장,인천광역시,,,
b43f1451327291fc5dbe,full_annotation_v1,A,q_주방용품_05,주방 용품,생활·마트 중 '주방용품'을 판매·제공하는 매장,test,주방용품,T6 기계변형,00b0818a-d0cd-4269-a4b7-d57d8b66e582,디스커버리,의류 및 용품,신천 패션타운 골목형상점가,골목형상점가,경기도,,,
9e302e64042d064120d7,full_annotation_v1,A,q_주방용품_05,주방 용품,생활·마트 중 '주방용품'을 판매·제공하는 매장,test,주방용품,T6 기계변형,085ff0d2-9f7f-4d54-96a0-448dbe4085fe,우리주방,주방용품,구미종합상가,전통시장,경상북도,,,
7228b05d24d9297a13dd,full_annotation_v1,A,q_주방용품_05,주방 용품,생활·마트 중 '주방용품'을 판매·제공하는 매장,test,주방용품,T6 기계변형,01e5414f-6d15-4b32-8ecb-21f61d103f80,현대주방기물백화점,"그릇, 주방기물",호계공설시장,전통시장,울산광역시,,,
32d17e9c5a9ec11871db,full_annotation_v1,A,q_주방용품_05,주방 용품,생활·마트 중 '주방용품'을 판매·제공하는 매장,test,주방용품,T6 기계변형,61f865b5-db54-45cd-aed8-36a2e291c6d6,우일종합주방,주방용품,임동오거리 골목형상점가,골목형상점가,광주광역시,,,
a52fa2dabb4d423273ab,full_annotation_v1,A,q_주방용품_05,주방 용품,생활·마트 중 '주방용품'을 판매·제공하는 매장,test,주방용품,T6 기계변형,513139c7-1416-4241-8b11-4cd780cf2e5f,태경사,생활용품 (주방),남대문시장,전통시장,서울특별시,,,
b86fbd7f5cc7a204d7ae,full_annotation_v1,A,q_주방용품_05,주방 용품,생활·마트 중 '주방용품'을 판매·제공하는 매장,test,주방용품,T6 기계변형,10c49708-f32e-4388-ba47-c30a7d58ecea,단대그릇센타,식기,단대마트시장,전통시장,경기도,,,
d3bcfd003c417b2d6cb0,full_annotation_v1,A,q_주방용품_05,주방 용품,생활·마트 중 '주방용품'을 판매·제공하는 매장,test,주방용품,T6 기계변형,01b28f89-fee4-4811-8c5a-4c728f24c0ba,백미스탠,그릇 주방용품,대야전통시장,전통시장,전북특별자치도,,,
0101594e8a3655ba8b1f,full_annotation_v1,A,q_주방용품_05,주방 용품,생활·마트 중 '주방용품'을 판매·제공하는 매장,test,주방용품,T6 기계변형,65cb09a3-3da0-4ee1-9c53-75c454fc32cc,예스주방,주방용품,칠성전자주방시장,전통시장,대구광역시,,,
9ce397695bbd4aa01a76,full_annotation_v1,A,q_주방용품_05,주방 용품,생활·마트 중 '주방용품'을 판매·제공하는 매장,test,주방용품,T6 기계변형,f8d79d1d-2884-4c55-948c-4da0c3638929,차영헤어,헤어 미용 용품,상도약수골목형상점가,골목형상점가,서울특별시,,,
61626be18d736c00e1bb,full_annotation_v1,A,q_주방용품_05,주방 용품,생활·마트 중 '주방용품'을 판매·제공하는 매장,test,주방용품,T6 기계변형,a4bbd008-fca6-44c6-8caa-bb464e257f4a,옥윤도자기,농산물,제주시민속오일시장,전통시장,제주특별자치도,,,
e0f2aecf89d1ae5de5a8,full_annotation_v1,A,q_주방용품_05,주방 용품,생활·마트 중 '주방용품'을 판매·제공하는 매장,test,주방용품,T6 기계변형,bdf0eb32-482e-4deb-a069-6dd38d65657c,아드레날린 전자담배,전자담배,진천혁신골목형상점가,골목형상점가,충청북도,,,
4228d04f1fb247bcff0f,full_annotation_v1,A,q_주방용품_05,주방 용품,생활·마트 중 '주방용품'을 판매·제공하는 매장,test,주방용품,T6 기계변형,09c4c831-f8bc-49b7-ab80-266ebc7a66b5,극동주방,주방용품,안양농수산물 골목형상점가,골목형상점가,경기도,,,
3faa67b9dd837e176bf9,full_annotation_v1,A,q_주방용품_05,주방 용품,생활·마트 중 '주방용품'을 판매·제공하는 매장,test,주방용품,T6 기계변형,00315b91-ae04-4ca0-bc66-43dc7858b0d5,시옷이응,도자기,예스파크 상점가,자율상권구역,경기도,,,
191666da0d965ada6441,full_annotation_v1,A,q_주방용품_05,주방 용품,생활·마트 중 '주방용품'을 판매·제공하는 매장,test,주방용품,T6 기계변형,09815d92-d0f0-4c87-b4fa-1194f86c53c0,유성프로스펙스,"스포츠의류, 용품",장대동패션상가 골목형상점가,골목형상점가,대전광역시,,,
f84e6664b0429fc6cbb2,full_annotation_v1,A,q_주방용품_05,주방 용품,생활·마트 중 '주방용품'을 판매·제공하는 매장,test,주방용품,T6 기계변형,98f6d8c9-48cd-4ea7-b25a-f02d942ca3c9,행텐,스포츠의류 용품,여주375아울렛상점가,자율상권구역,경기도,,,
7a87bfbc550fda8a3f12,full_annotation_v1,A,q_주방용품_05,주방 용품,생활·마트 중 '주방용품'을 판매·제공하는 매장,test,주방용품,T6 기계변형,0014a02e-4166-41fc-bc3d-bc2dac16a32b,이모네김밥,음식점,자양전통시장,전통시장,서울특별시,,,
7f250d8d458f9caee1c6,full_annotation_v1,A,q_주방용품_05,주방 용품,생활·마트 중 '주방용품'을 판매·제공하는 매장,test,주방용품,T6 기계변형,f9050a51-f12d-46a9-ae6b-f01118f454f4,MLB,의류 및 용품,신천 패션타운 골목형상점가,골목형상점가,경기도,,,
4abba09013063184c07a,full_annotation_v1,A,q_주방용품_05,주방 용품,생활·마트 중 '주방용품'을 판매·제공하는 매장,test,주방용품,T6 기계변형,9fbb5e5b-14d6-41e9-b0bb-99b132911bb8,용빠주방,양식,장대 골목형상점가,골목형상점가,대전광역시,,,
e3c38c2c2ad12494243c,full_annotation_v1,A,q_주방용품_05,주방 용품,생활·마트 중 '주방용품'을 판매·제공하는 매장,test,주방용품,T6 기계변형,40b638bd-2168-4abf-9c87-102006b77b3d,삼양상회,고추,복이있는덕포시장,전통시장,부산광역시,,,
af1148c389a2a865fb7d,full_annotation_v1,A,q_주방용품_05,주방 용품,생활·마트 중 '주방용품'을 판매·제공하는 매장,test,주방용품,T6 기계변형,1aeabc4c-a2a0-495d-a0b7-2cc5b42a5c52,한영상회,그릇(식기),동문재래시장,전통시장,제주특별자치도,,,
7b4e9481eea10955af9f,full_annotation_v1,A,q_주방용품_05,주방 용품,생활·마트 중 '주방용품'을 판매·제공하는 매장,test,주방용품,T6 기계변형,001fe873-89a3-474a-b8d2-8526408e992d,진미해장국,음식점업(한식),평택통복시장,전통시장,경기도,,,
6fccd0dafe3be6ca4038,full_annotation_v1,A,q_주방용품_05,주방 용품,생활·마트 중 '주방용품'을 판매·제공하는 매장,test,주방용품,T6 기계변형,3d2ea51c-267a-459f-9760-216911227e56,제일그릇도매,용품,세종전통시장,전통시장,세종특별자치시,,,
cb85ba3f49cf65feaeff,full_annotation_v1,A,q_주방용품_05,주방 용품,생활·마트 중 '주방용품'을 판매·제공하는 매장,test,주방용품,T6 기계변형,2b45ef0d-cfe5-4064-b7ab-8846554ed2fc,뉴플레이스,스포츠 용품,평화동모악로 골목형상점가,골목형상점가,전북특별자치도,,,
5cafc3ed80fbdd3d826c,full_annotation_v1,A,q_주방용품_05,주방 용품,생활·마트 중 '주방용품'을 판매·제공하는 매장,test,주방용품,T6 기계변형,a0366b14-42ba-438a-af2a-7d90334a1691,펫마트봉선점,애완동물 용품,용대로119번길 골목형상점가,골목형상점가,광주광역시,,,
a43fa62845b4d32823d9,full_annotation_v1,A,q_주방용품_05,주방 용품,생활·마트 중 '주방용품'을 판매·제공하는 매장,test,주방용품,T6 기계변형,9f94580e-d611-4b4c-b768-c52508f5bf93,윌 동물외상센터,용품,상무운천로상인회 골목형상점가,골목형상점가,광주광역시,,,
4cf4d6f07c2f07b73437,full_annotation_v1,A,q_주방용품_05,주방 용품,생활·마트 중 '주방용품'을 판매·제공하는 매장,test,주방용품,T6 기계변형,179d8462-4dc8-430b-927f-d7818ba6fb62,키친나라,주방용식기,하동공설시장,전통시장,경상남도,,,
9b6c0acb2f5091ba046b,full_annotation_v1,A,q_주방용품_05,주방 용품,생활·마트 중 '주방용품'을 판매·제공하는 매장,test,주방용품,T6 기계변형,be7291d6-1c90-4f75-bd36-3753bb3a04fb,경북상회,,부산자갈밭시장,전통시장,부산광역시,,,
21c8f95d34701f69acba,full_annotation_v1,A,q_주방용품_05,주방 용품,생활·마트 중 '주방용품'을 판매·제공하는 매장,test,주방용품,T6 기계변형,8d0a3a7b-e8e9-43d0-80aa-d42bdcd58595,링스,"의류, 신발, 용품",패션의거리,자율상권구역,광주광역시,,,
db3a4b29a996a0852a79,full_annotation_v1,A,q_주방용품_05,주방 용품,생활·마트 중 '주방용품'을 판매·제공하는 매장,test,주방용품,T6 기계변형,806c0281-20bf-4726-92e3-c78b774501cb,영광냉동.주방,중고가전수리업 주방용품,칠성전자주방시장,전통시장,대구광역시,,,
6c52e68fb7a2e05e6163,full_annotation_v1,A,q_주방용품_05,주방 용품,생활·마트 중 '주방용품'을 판매·제공하는 매장,test,주방용품,T6 기계변형,302c98e3-7d4e-46c3-b78c-a7326747f295,금부주방,주방용품,성당시장,전통시장,대구광역시,,,
457f6eb2e54c2fbbbdfc,full_annotation_v1,A,q_주방용품_05,주방 용품,생활·마트 중 '주방용품'을 판매·제공하는 매장,test,주방용품,T6 기계변형,0010dbec-3031-440c-bda7-3d61761163a9,금송아지,음식점업,구미 진평음식문화특화거리 골목형상점가,골목형상점가,경상북도,,,
4fdb794125457f9cfc8c,full_annotation_v1,A,q_주방용품_05,주방 용품,생활·마트 중 '주방용품'을 판매·제공하는 매장,test,주방용품,T6 기계변형,c4fe4ec5-1631-46dc-9d9a-c61cd4fa4c80,대성주방,주방용품,하양시장 상점가,자율상권구역,경상북도,,,
34a74729e4872960b945,full_annotation_v1,A,q_주방용품_05,주방 용품,생활·마트 중 '주방용품'을 판매·제공하는 매장,test,주방용품,T6 기계변형,3959d7e8-cbdb-4755-8984-da48b76781c0,아빠의 주방,양식,금암동 골목형상점가,골목형상점가,충청남도,,,
d5cae1f0ccbb4a4be7c4,full_annotation_v1,A,q_주방용품_05,주방 용품,생활·마트 중 '주방용품'을 판매·제공하는 매장,test,주방용품,T6 기계변형,e39b3171-2199-454a-abe2-4d74ee51d065,참편한주방,주방용품,부산광역시건축자재판매협동조합,전통시장,부산광역시,,,
0643379d17cf9a90bb8a,full_annotation_v1,A,q_주방용품_05,주방 용품,생활·마트 중 '주방용품'을 판매·제공하는 매장,test,주방용품,T6 기계변형,31cb042b-4ec7-40c8-ac36-d619f48e97ee,일동자동차정비,자동차 용품,일곡동(제10지역:자연마을 전용주택단지) 골목형상점가,골목형상점가,광주광역시,,,
54a03b3d4e2cceb8a286,full_annotation_v1,A,q_주방용품_05,주방 용품,생활·마트 중 '주방용품'을 판매·제공하는 매장,test,주방용품,T6 기계변형,00cbb6f1-18d2-4f15-9af8-bdac08e35c56,비토도예,도자기,사기막골도자기시장(구 사기막골도예촌재래시장),전통시장,경기도,,,
6115e16b1d009355afd9,full_annotation_v1,A,q_주방용품_05,주방 용품,생활·마트 중 '주방용품'을 판매·제공하는 매장,test,주방용품,T6 기계변형,289440ee-ce26-4d07-b544-87f7004a8659,굿모닝보청기 군포의왕센터,도소매(의료용가구소매업),산본로데오거리(구 산본중심상가),자율상권구역,경기도,,,
1621c8cf9872c50d58c7,full_annotation_v1,A,q_주방용품_05,주방 용품,생활·마트 중 '주방용품'을 판매·제공하는 매장,test,주방용품,T6 기계변형,fd1fdfb9-2aa5-447f-b2e4-d5baf90cede3,듀크미용실,미용실,광주송정역세권 상권활성화구역,상권활성화구역,광주광역시,,,
9b8356a3838ee0a695d7,full_annotation_v1,A,q_주방용품_05,주방 용품,생활·마트 중 '주방용품'을 판매·제공하는 매장,test,주방용품,T6 기계변형,519c54c6-e85b-452f-8082-f83350c9af3a,소문난강아지,애견 용품,금부로상인회 골목형상점가,골목형상점가,광주광역시,,,
c8a2e6d4b6a8c64a7f2e,full_annotation_v1,A,q_주방용품_05,주방 용품,생활·마트 중 '주방용품'을 판매·제공하는 매장,test,주방용품,T6 기계변형,e60d81ad-c520-4e0d-b992-c48c4c5b78d2,현대주방,주방용품,중앙신시장,전통시장,경상북도,,,
2a05205629874bf614ed,full_annotation_v1,A,q_주방용품_05,주방 용품,생활·마트 중 '주방용품'을 판매·제공하는 매장,test,주방용품,T6 기계변형,239861c3-f515-487a-a982-333373fed182,엘로사리움제주,천주교 용품,중앙로상점가,자율상권구역,제주특별자치도,,,
b7fd6a1b6d51b96c36a6,full_annotation_v1,A,q_주방용품_05,주방 용품,생활·마트 중 '주방용품'을 판매·제공하는 매장,test,주방용품,T6 기계변형,00099bd3-766a-4148-a64c-5356a9d5aad2,초장집 미사점,음식점,미사강변 골목형상점가,골목형상점가,경기도,,,
d1ac7e3f0d3060442f0e,full_annotation_v1,A,q_주방용품_05,주방 용품,생활·마트 중 '주방용품'을 판매·제공하는 매장,test,주방용품,T6 기계변형,2d8c1d08-c5e1-40c5-926b-5406fc7000b0,다산김소아청소년과의원,,다산역 로데오 상점가,자율상권구역,경기도,,,
2c872651ce8b75778554,full_annotation_v1,A,q_주방용품_05,주방 용품,생활·마트 중 '주방용품'을 판매·제공하는 매장,test,주방용품,T6 기계변형,a71cd35d-c81c-4fb5-bfe5-d5289307b4c7,파사디골프,의류 용품,태전패션거리 골목형상점가,골목형상점가,대구광역시,,,
29ce0fee05feff6f5773,full_annotation_v1,A,q_주방용품_05,주방 용품,생활·마트 중 '주방용품'을 판매·제공하는 매장,test,주방용품,T6 기계변형,8b63c69e-3a2b-4453-817f-4bff58c63a9c,카텔리어,차동차 용품,용봉IC 골목형상점가,골목형상점가,광주광역시,,,
69bbc000ce69a4f7cfce,full_annotation_v1,A,q_주방용품_05,주방 용품,생활·마트 중 '주방용품'을 판매·제공하는 매장,test,주방용품,T6 기계변형,7d1119f9-4894-46c2-b310-2a02655c79b6,BM휘트니스,체력단련장,LC타워거리 골목형상점가,골목형상점가,광주광역시,,,
b2a05081ae47c9c599cb,full_annotation_v1,A,q_주방용품_05,주방 용품,생활·마트 중 '주방용품'을 판매·제공하는 매장,test,주방용품,T6 기계변형,70990f24-5cf4-4aa2-8e14-c29096352e35,명지스포츠,배드민턴 용품,풍암금당상인회 골목형상점가,골목형상점가,광주광역시,,,
887bd131920de8a08fab,full_annotation_v1,A,q_주방용품_05,주방 용품,생활·마트 중 '주방용품'을 판매·제공하는 매장,test,주방용품,T6 기계변형,e63253b8-ce5f-4c49-9fc0-b5717bb72549,화단종합주방,주방용품,안양중앙시장,전통시장,경기도,,,
cb8976db64efcbf59fdc,full_annotation_v1,A,q_주방용품_05,주방 용품,생활·마트 중 '주방용품'을 판매·제공하는 매장,test,주방용품,T6 기계변형,12e038ca-d3fa-4cfc-ac43-1243df2ce7ff,웨스트우드,스포츠 용품,밀양 원도심 햇살문화 상권활성화 구역,상권활성화구역,경상남도,,,
d924c10ddc265f9fe8f6,full_annotation_v1,A,q_주방용품_05,주방 용품,생활·마트 중 '주방용품'을 판매·제공하는 매장,test,주방용품,T6 기계변형,0d753046-7eb1-4915-9c50-1e735acf1c1d,버블퍼피,"애견간식, 용품",왕십리무학봉상점가,자율상권구역,서울특별시,,,
504f8456beadff5461fb,full_annotation_v1,A,q_주방용품_05,주방 용품,생활·마트 중 '주방용품'을 판매·제공하는 매장,test,주방용품,T6 기계변형,3010198e-f267-477a-a1c7-784c79f069cf,르꼬끄,의류 및 용품,남서상점가,자율상권구역,경상북도,,,
bfacae97184f7bf77761,full_annotation_v1,A,q_주방용품_05,주방 용품,생활·마트 중 '주방용품'을 판매·제공하는 매장,test,주방용품,T6 기계변형,095c9a1b-1b70-4118-9c00-33dcfa435964,카랑카랑,자동차 용품,서광주세무서앞상인회 골목형상점가,골목형상점가,광주광역시,,,
f3f8f88842084767cb29,full_annotation_v1,A,q_주방용품_05,주방 용품,생활·마트 중 '주방용품'을 판매·제공하는 매장,test,주방용품,T6 기계변형,86b65b90-a786-4eaf-9761-12c6215b3d5f,코오롱스포츠대전유성점,스포츠의류 용품,장대동패션상가 골목형상점가,골목형상점가,대전광역시,,,
bd052c40ef646d235f3c,full_annotation_v1,A,q_주방용품_05,주방 용품,생활·마트 중 '주방용품'을 판매·제공하는 매장,test,주방용품,T6 기계변형,ef899942-8deb-4a81-a717-f85c46120940,피크닉종합주방,주방용품,칠성전자주방시장,전통시장,대구광역시,,,
4e354561b1b95c473bfa,full_annotation_v1,A,q_주방용품_05,주방 용품,생활·마트 중 '주방용품'을 판매·제공하는 매장,test,주방용품,T6 기계변형,690ab572-5784-44f8-b1bb-1f6efb13452b,부부수산,수산,대인시장,전통시장,광주광역시,,,
ac3aedafce7ff6de9e9d,full_annotation_v1,A,q_주방용품_05,주방 용품,생활·마트 중 '주방용품'을 판매·제공하는 매장,test,주방용품,T6 기계변형,b86d33fa-bc4f-4203-96aa-5be2ff93bf71,"궁전그릇, 주방","그릇, 주방기물",양동닭전길시장,전통시장,광주광역시,,,
d20ad292b6b97a62b1d5,full_annotation_v1,A,q_주방용품_05,주방 용품,생활·마트 중 '주방용품'을 판매·제공하는 매장,test,주방용품,T6 기계변형,1c3c7610-7db2-4523-b8e6-454b52a5c405,대경종합주방가전,"주방, 가전",칠성전자주방시장,전통시장,대구광역시,,,
0c092170943917209a7c,full_annotation_v1,A,q_주방용품_05,주방 용품,생활·마트 중 '주방용품'을 판매·제공하는 매장,test,주방용품,T6 기계변형,0fa34c39-c528-4930-80ed-849e0ba7f2bc,스노우피크 속초점,아웃도어 용품 의류 스포츠 용품,설악로데오거리상점가,자율상권구역,강원특별자치도,,,
57c4e01a863d5f614d20,full_annotation_v1,A,q_주방용품_05,주방 용품,생활·마트 중 '주방용품'을 판매·제공하는 매장,test,주방용품,T6 기계변형,6d0477f3-bc87-4310-95c8-e57b45423e6a,동원종합주방,주방용품,칠성전자주방시장,전통시장,대구광역시,,,
8f4e0199e9954726f7f9,full_annotation_v1,A,q_주방용품_05,주방 용품,생활·마트 중 '주방용품'을 판매·제공하는 매장,test,주방용품,T6 기계변형,55c98f74-83a2-4ba4-a591-585878262d7c,폴리파크칠곡점,반려동물 용품,태전패션거리 골목형상점가,골목형상점가,대구광역시,,,
61f12aae5ced3080d0a6,full_annotation_v1,A,q_주방용품_05,주방 용품,생활·마트 중 '주방용품'을 판매·제공하는 매장,test,주방용품,T6 기계변형,e9d81881-5286-4d3b-bc26-8efde63c75af,달곰펫,용품,동패 책향기 골목형상점가,골목형상점가,경기도,,,
2469208e972990acfc8d,full_annotation_v1,A,q_주방용품_05,주방 용품,생활·마트 중 '주방용품'을 판매·제공하는 매장,test,주방용품,T6 기계변형,e01f95f5-f0ef-4930-9af9-bf1d55f00e9a,삼성주방,주방용품,동송전통시장,전통시장,강원특별자치도,,,
ec469a223ad1d6c54ec3,full_annotation_v1,A,q_주방용품_05,주방 용품,생활·마트 중 '주방용품'을 판매·제공하는 매장,test,주방용품,T6 기계변형,9ff9be0c-fc22-46c3-be9c-c4193cbd8e92,부스트플랜,용품 임대,갈매리본거리 골목형상점가,골목형상점가,경기도,,,
9df40aca7b28dd2c2c95,full_annotation_v1,A,q_주방용품_05,주방 용품,생활·마트 중 '주방용품'을 판매·제공하는 매장,test,주방용품,T6 기계변형,60e8ed91-61aa-411d-9fc0-f88905cccde4,부전만물주방,주방용품,부전상가시장,전통시장,부산광역시,,,
cea5ccdc9f58de24270c,full_annotation_v1,A,q_주방용품_05,주방 용품,생활·마트 중 '주방용품'을 판매·제공하는 매장,test,주방용품,T6 기계변형,3e9f940c-63ba-488d-a411-dac0ba58cb67,데상트시흥,스포츠의류 용품,신천 패션타운 골목형상점가,골목형상점가,경기도,,,
168f227bde64ceb80dfd,full_annotation_v1,A,q_주방용품_05,주방 용품,생활·마트 중 '주방용품'을 판매·제공하는 매장,test,주방용품,T6 기계변형,53779a6e-f712-4228-894e-5f3c1bb1e6e7,이디야커피 진천혁신점,커피,진천혁신골목형상점가,골목형상점가,충청북도,,,
334e0534820c554b9f01,full_annotation_v1,A,q_주방용품_05,주방 용품,생활·마트 중 '주방용품'을 판매·제공하는 매장,test,주방용품,T6 기계변형,231d8113-916f-40a5-b1a5-2ee3775fa24c,싱싱수산,수산,서산동부전통시장,전통시장,충청남도,,,
92084ab7d6f354940e91,full_annotation_v1,A,q_주방용품_05,주방 용품,생활·마트 중 '주방용품'을 판매·제공하는 매장,test,주방용품,T6 기계변형,62073c8e-9725-4fa1-a444-f5959757780d,행낭주방,주방,남대문시장,전통시장,서울특별시,,,
040a8be0af46603bef53,full_annotation_v1,A,q_주방용품_05,주방 용품,생활·마트 중 '주방용품'을 판매·제공하는 매장,test,주방용품,T6 기계변형,279c813d-1ea0-45c4-a2b5-cd5ea3b60e43,한진주방,주방용품,칠성시장,전통시장,대구광역시,,,
a105882d4e9f0b3c0115,full_annotation_v1,A,q_주방용품_05,주방 용품,생활·마트 중 '주방용품'을 판매·제공하는 매장,test,주방용품,T6 기계변형,00019073-6f11-4f0f-b26f-342cc4f92c0a,만선회센타,음식및숙박업(일본음식점업),전북대대학로상점가,자율상권구역,전북특별자치도,,,
f3c5a23c47ff882d520c,full_annotation_v1,A,q_주방용품_05,주방 용품,생활·마트 중 '주방용품'을 판매·제공하는 매장,test,주방용품,T6 기계변형,eaddcb3e-ec94-4514-ac8d-5855cc410a6c,테크노주방,주방용품,전주풍남문상점가,자율상권구역,전북특별자치도,,,
694f23db49f90556c25f,full_annotation_v1,A,q_주방용품_05,주방 용품,생활·마트 중 '주방용품'을 판매·제공하는 매장,test,주방용품,T6 기계변형,7aa95dff-fe71-4a34-8cd5-38d868d12798,주방1번가,주방용품,부산광역시건축자재판매협동조합,전통시장,부산광역시,,,
129dc43de69d5d91920a,full_annotation_v1,A,q_주방용품_06,주방용푼,생활·마트 중 '주방용품'을 판매·제공하는 매장,test,주방용품,T6 기계변형,aaa6530e-8006-4c48-9115-6faf10a14449,소담식탁,일반음식점,금암동 골목형상점가,골목형상점가,전북특별자치도,,,
5c50479c16183a740ccd,full_annotation_v1,A,q_주방용품_06,주방용푼,생활·마트 중 '주방용품'을 판매·제공하는 매장,test,주방용품,T6 기계변형,d2eedfb6-5e0b-45f9-acf9-ba604026ed67,우정주방마트,주방용품,조암시장,전통시장,경기도,,,
274429de87dfd3e71306,full_annotation_v1,A,q_주방용품_06,주방용푼,생활·마트 중 '주방용품'을 판매·제공하는 매장,test,주방용품,T6 기계변형,8f9b5a65-c8fb-4c10-8f65-00bf2f4a0aab,상도필승상회,내의,성대전통시장,전통시장,서울특별시,,,
3acc64c7734ab87cfd68,full_annotation_v1,A,q_주방용품_06,주방용푼,생활·마트 중 '주방용품'을 판매·제공하는 매장,test,주방용품,T6 기계변형,cbaf74cf-e91b-47d1-8c50-cafd7dd41805,은애상사,주방용품,부산국제시장,전통시장,부산광역시,,,
5628b888dadefa791e8e,full_annotation_v1,A,q_주방용품_06,주방용푼,생활·마트 중 '주방용품'을 판매·제공하는 매장,test,주방용품,T6 기계변형,279c813d-1ea0-45c4-a2b5-cd5ea3b60e43,한진주방,주방용품,칠성시장,전통시장,대구광역시,,,
f9d7e7770040189b55da,full_annotation_v1,A,q_주방용품_06,주방용푼,생활·마트 중 '주방용품'을 판매·제공하는 매장,test,주방용품,T6 기계변형,85051482-992d-44cd-9a02-856e5ddb3ff1,황실주방용품,주방용품,문흥진달래공원 골목형상점가,골목형상점가,광주광역시,,,
e146a3e776faf8f2eb74,full_annotation_v1,A,q_주방용품_06,주방용푼,생활·마트 중 '주방용품'을 판매·제공하는 매장,test,주방용품,T6 기계변형,1ce8f563-2113-4f99-b66a-57860ccc72ef,유건모밀,만두,광주송정역세권 상권활성화구역,상권활성화구역,,,,
82824fd324776930a0ab,full_annotation_v1,A,q_주방용품_06,주방용푼,생활·마트 중 '주방용품'을 판매·제공하는 매장,test,주방용품,T6 기계변형,01e5414f-6d15-4b32-8ecb-21f61d103f80,현대주방기물백화점,"그릇, 주방기물",호계공설시장,전통시장,울산광역시,,,
0ff332f2a4af42ee82cb,full_annotation_v1,A,q_주방용품_06,주방용푼,생활·마트 중 '주방용품'을 판매·제공하는 매장,test,주방용품,T6 기계변형,10c49708-f32e-4388-ba47-c30a7d58ecea,단대그릇센타,식기,단대마트시장,전통시장,경기도,,,
5fcf86c3c8e37b687336,full_annotation_v1,A,q_주방용품_06,주방용푼,생활·마트 중 '주방용품'을 판매·제공하는 매장,test,주방용품,T6 기계변형,01448ddc-182e-4a13-8e2c-7377a3be0b95,부흥상회,"소매업(그릇,주방용품)",죽산시장,전통시장,경기도,,,
02054b007a28b08d6e41,full_annotation_v1,A,q_주방용품_06,주방용푼,생활·마트 중 '주방용품'을 판매·제공하는 매장,test,주방용품,T6 기계변형,0014a02e-4166-41fc-bc3d-bc2dac16a32b,이모네김밥,음식점,자양전통시장,전통시장,서울특별시,,,
a9ea850080a88fdeef23,full_annotation_v1,A,q_주방용품_06,주방용푼,생활·마트 중 '주방용품'을 판매·제공하는 매장,test,주방용품,T6 기계변형,6376c204-86a5-4983-b726-92321688f0c8,일품맥주,치킨,두암3동 먹자골목 골목형상점가,골목형상점가,광주광역시,,,
b0345407db78d39705d7,full_annotation_v1,A,q_주방용품_06,주방용푼,생활·마트 중 '주방용품'을 판매·제공하는 매장,test,주방용품,T6 기계변형,28c75d76-ea47-40db-87fd-39fef307935a,대전기물,주방용품,유성시장 골목형상점가,골목형상점가,대전광역시,,,
1cdcf042f92dfd0777bb,full_annotation_v1,A,q_주방용품_06,주방용푼,생활·마트 중 '주방용품'을 판매·제공하는 매장,test,주방용품,T6 기계변형,8f274834-28d8-4690-9986-96e4181396ea,권순화족발,음식(한식),마천중앙시장,전통시장,서울특별시,,,
9cf60f3ada0d3dddb98d,full_annotation_v1,A,q_주방용품_06,주방용푼,생활·마트 중 '주방용품'을 판매·제공하는 매장,test,주방용품,T6 기계변형,603b3a93-bc75-4f78-8c06-b099b15c9f55,리빙필,주방용품,좌동재래시장,전통시장,부산광역시,,,
c39e065b3c3ca6674177,full_annotation_v1,A,q_주방용품_06,주방용푼,생활·마트 중 '주방용품'을 판매·제공하는 매장,test,주방용품,T6 기계변형,26d48cb6-79ec-4b66-8d2a-922ba5ef7592,삼신상회,플라스틱식기,건천시장,전통시장,경상북도,,,
c8407cbf935caaaca7ea,full_annotation_v1,A,q_주방용품_06,주방용푼,생활·마트 중 '주방용품'을 판매·제공하는 매장,test,주방용품,T6 기계변형,cf420b79-4fbe-4047-b365-625fc923d885,미호유통,가공식품,미래그린시장,전통시장,경기도,,,
cc220cb6a8f02676afe9,full_annotation_v1,A,q_주방용품_06,주방용푼,생활·마트 중 '주방용품'을 판매·제공하는 매장,test,주방용품,T6 기계변형,ad69d98e-2d94-4984-8b28-e213d637eabf,수지사,주방용품,숭례문수입상가,전통시장,서울특별시,,,
be58be943a5107ad16a4,full_annotation_v1,A,q_주방용품_06,주방용푼,생활·마트 중 '주방용품'을 판매·제공하는 매장,test,주방용품,T6 기계변형,b0718767-920b-48d2-9c70-72e50d29d783,최고상사,주방용품,원대가구명물거리 골목형상점가,골목형상점가,대구광역시,,,
611180e4b96ae477b0ef,full_annotation_v1,A,q_주방용품_06,주방용푼,생활·마트 중 '주방용품'을 판매·제공하는 매장,test,주방용품,T6 기계변형,a4c6550f-5bff-4f91-8ea9-d83372468ba5,거북표씽크,주방용품,서산동부전통시장,전통시장,충청남도,,,
30f254644c63a358db9e,full_annotation_v1,A,q_주방용품_06,주방용푼,생활·마트 중 '주방용품'을 판매·제공하는 매장,test,주방용품,T6 기계변형,6d77e4cd-b223-42ef-8816-363d41180855,두보키친,주방용품,남대문시장,전통시장,서울특별시,,,
ab6434c684325d5f5d82,full_annotation_v1,A,q_주방용품_06,주방용푼,생활·마트 중 '주방용품'을 판매·제공하는 매장,test,주방용품,T6 기계변형,fe91b279-fcfd-476b-8fb4-09af8b2515cb,고려기물,주방용품,충주무학시장,전통시장,충청북도,,,
ecaadfd450f934d8407d,full_annotation_v1,A,q_주방용품_06,주방용푼,생활·마트 중 '주방용품'을 판매·제공하는 매장,test,주방용품,T6 기계변형,78aeb70c-682f-4868-a51e-f1ae48c435ff,현대,주방용품,남대문시장,전통시장,서울특별시,,,
f69ffc49c46132d336da,full_annotation_v1,A,q_주방용품_06,주방용푼,생활·마트 중 '주방용품'을 판매·제공하는 매장,test,주방용품,T6 기계변형,9110fe26-7aa3-4ecd-8981-f0e257fa8c71,신디헤어,미용실,일산서문상점가,자율상권구역,경기도,,,
3aaba9ba79cb435d0771,full_annotation_v1,A,q_주방용품_06,주방용푼,생활·마트 중 '주방용품'을 판매·제공하는 매장,test,주방용품,T6 기계변형,9ea7188a-0fab-4ee1-b166-8f6d215aba51,용인그릇,주방용품,석수시장,전통시장,경기도,,,
de39ba99684dc177ac22,full_annotation_v1,A,q_주방용품_06,주방용푼,생활·마트 중 '주방용품'을 판매·제공하는 매장,test,주방용품,T6 기계변형,1ffa1527-721a-4b7e-afb6-ae67690b66e9,미엘담,주방용품,원주중앙로문화의거리,자율상권구역,강원특별자치도,,,
ee1936ca66c28466a684,full_annotation_v1,A,q_주방용품_06,주방용푼,생활·마트 중 '주방용품'을 판매·제공하는 매장,test,주방용품,T6 기계변형,179d8462-4dc8-430b-927f-d7818ba6fb62,키친나라,주방용식기,하동공설시장,전통시장,경상남도,,,
948a8e75900b12864b8e,full_annotation_v1,A,q_주방용품_06,주방용푼,생활·마트 중 '주방용품'을 판매·제공하는 매장,test,주방용품,T6 기계변형,012185b9-46f5-4d62-8672-7c17d43b6886,남북상사,"도소매(잡화), 그릇",남대문시장,전통시장,서울특별시,,,
fec468dbb7bb4e370921,full_annotation_v1,A,q_주방용품_06,주방용푼,생활·마트 중 '주방용품'을 판매·제공하는 매장,test,주방용품,T6 기계변형,fb1c0399-d575-469b-acc3-2b8f2c44ae44,공주축산,축산물,도마큰시장,전통시장,대전광역시,,,
1c943d2d4ad83e787db9,full_annotation_v1,A,q_주방용품_06,주방용푼,생활·마트 중 '주방용품'을 판매·제공하는 매장,test,주방용품,T6 기계변형,085ff0d2-9f7f-4d54-96a0-448dbe4085fe,우리주방,주방용품,구미종합상가,전통시장,경상북도,,,
4f0f9074352cb94d55bf,full_annotation_v1,A,q_주방용품_06,주방용푼,생활·마트 중 '주방용품'을 판매·제공하는 매장,test,주방용품,T6 기계변형,a1444ac1-9274-4a11-a401-32a8c5a3713b,대원,주방용품,동산상가,전통시장,대구광역시,,,
c117422ee17412c1b773,full_annotation_v1,A,q_주방용품_06,주방용푼,생활·마트 중 '주방용품'을 판매·제공하는 매장,test,주방용품,T6 기계변형,0079e4d6-6b16-43b7-8b42-1377fc092985,강진옹기,도자기,일곡동(제11지역:용전동) 골목형상점가,골목형상점가,광주광역시,,,
a1168231b0bb32e100ef,full_annotation_v1,A,q_주방용품_06,주방용푼,생활·마트 중 '주방용품'을 판매·제공하는 매장,test,주방용품,T6 기계변형,d488e06b-e1a3-4f24-aecf-49147c0dc9b6,다온,주방용품,남대문시장,전통시장,서울특별시,,,
5edb4ad1e184a187f2eb,full_annotation_v1,A,q_주방용품_06,주방용푼,생활·마트 중 '주방용품'을 판매·제공하는 매장,test,주방용품,T6 기계변형,1baeb006-622f-4dab-940d-69d1112ee30d,홈셰프,주방용품,남원용남시장,전통시장,전북특별자치도,,,
cf73d2f959df72bd6114,full_annotation_v1,A,q_주방용품_06,주방용푼,생활·마트 중 '주방용품'을 판매·제공하는 매장,test,주방용품,T6 기계변형,00315b91-ae04-4ca0-bc66-43dc7858b0d5,시옷이응,도자기,예스파크 상점가,자율상권구역,경기도,,,
4971f08e8cbf47129a66,full_annotation_v1,A,q_주방용품_06,주방용푼,생활·마트 중 '주방용품'을 판매·제공하는 매장,test,주방용품,T6 기계변형,54cd6b0c-c599-4c6a-92e3-c21325676362,주방의 아이,주방용품,안양관양시장,전통시장,경기도,,,
025b8edf98544bb7c5e9,full_annotation_v1,A,q_주방용품_06,주방용푼,생활·마트 중 '주방용품'을 판매·제공하는 매장,test,주방용품,T6 기계변형,1b9ead1e-121a-47d2-ad9c-fce77afe2351,시장완구점,완구,왜관시장,전통시장,경상북도,,,
9181715a3324b576146b,full_annotation_v1,A,q_주방용품_06,주방용푼,생활·마트 중 '주방용품'을 판매·제공하는 매장,test,주방용품,T6 기계변형,eaddcb3e-ec94-4514-ac8d-5855cc410a6c,테크노주방,주방용품,전주풍남문상점가,자율상권구역,전북특별자치도,,,
977a07ad5ea317e1d7c2,full_annotation_v1,A,q_주방용품_06,주방용푼,생활·마트 중 '주방용품'을 판매·제공하는 매장,test,주방용품,T6 기계변형,01b512e5-9a35-44cd-a0a6-7e29d0d85256,보물찾기,그릇 및 잡화,제일종합시장,전통시장,강원특별자치도,,,
64230e2593ef041238fa,full_annotation_v1,A,q_주방용품_06,주방용푼,생활·마트 중 '주방용품'을 판매·제공하는 매장,test,주방용품,T6 기계변형,6f2f0083-8233-41f5-b03d-76717d9f46a6,역전주방,주방용품,순천역전시장,전통시장,전라남도,,,
961cb8d05341253e67f7,full_annotation_v1,A,q_주방용품_06,주방용푼,생활·마트 중 '주방용품'을 판매·제공하는 매장,test,주방용품,T6 기계변형,00cbb6f1-18d2-4f15-9af8-bdac08e35c56,비토도예,도자기,사기막골도자기시장(구 사기막골도예촌재래시장),전통시장,경기도,,,
e13501fbbf5189164231,full_annotation_v1,A,q_주방용품_06,주방용푼,생활·마트 중 '주방용품'을 판매·제공하는 매장,test,주방용품,T6 기계변형,0010dbec-3031-440c-bda7-3d61761163a9,금송아지,음식점업,구미 진평음식문화특화거리 골목형상점가,골목형상점가,경상북도,,,
518cfba4335ad68a653c,full_annotation_v1,A,q_주방용품_06,주방용푼,생활·마트 중 '주방용품'을 판매·제공하는 매장,test,주방용품,T6 기계변형,7aa95dff-fe71-4a34-8cd5-38d868d12798,주방1번가,주방용품,부산광역시건축자재판매협동조합,전통시장,부산광역시,,,
437fa36acaa6ed514bff,full_annotation_v1,A,q_주방용품_06,주방용푼,생활·마트 중 '주방용품'을 판매·제공하는 매장,test,주방용품,T6 기계변형,1a524645-a08d-426a-8bbb-1ee9e7236446,세원주방물류,주방용품,각화도매 골목형상점가,골목형상점가,광주광역시,,,
81197d7053cecaec8951,full_annotation_v1,A,q_주방용품_06,주방용푼,생활·마트 중 '주방용품'을 판매·제공하는 매장,test,주방용품,T6 기계변형,016866c7-7e5a-4c48-b33e-a37f1e579730,백산도요,도자기,사기막골도자기시장(구 사기막골도예촌재래시장),전통시장,경기도,,,
991937deeb06ddd351c4,full_annotation_v1,A,q_주방용품_06,주방용푼,생활·마트 중 '주방용품'을 판매·제공하는 매장,test,주방용품,T6 기계변형,54388345-b070-4e1c-bf49-0d38a05eadd6,세신,주방용품,㈜르네시떼,전통시장,부산광역시,,,
1f31dbfed20e29c93705,full_annotation_v1,A,q_주방용품_06,주방용푼,생활·마트 중 '주방용품'을 판매·제공하는 매장,test,주방용품,T6 기계변형,722611ff-c805-4723-9afa-5567ecfee108,늘푸른주방,주방용품,영등포전통시장,자율상권구역,서울특별시,,,
c1749a5ce3deff404c93,full_annotation_v1,A,q_주방용품_06,주방용푼,생활·마트 중 '주방용품'을 판매·제공하는 매장,test,주방용품,T6 기계변형,09c4c831-f8bc-49b7-ab80-266ebc7a66b5,극동주방,주방용품,안양농수산물 골목형상점가,골목형상점가,경기도,,,
cd64e3ffc06ea4341650,full_annotation_v1,A,q_주방용품_06,주방용푼,생활·마트 중 '주방용품'을 판매·제공하는 매장,test,주방용품,T6 기계변형,00019073-6f11-4f0f-b26f-342cc4f92c0a,만선회센타,음식및숙박업(일본음식점업),전북대대학로상점가,자율상권구역,전북특별자치도,,,
edf065ab5a212b7d8220,full_annotation_v1,A,q_주방용품_06,주방용푼,생활·마트 중 '주방용품'을 판매·제공하는 매장,test,주방용품,T6 기계변형,88a74fb1-99f4-4d27-b267-d708851a1e64,이화S산부인과의원,산부인과,금암동 골목형상점가,골목형상점가,전북특별자치도,,,
3cb6f87073503294f761,full_annotation_v1,A,q_주방용품_06,주방용푼,생활·마트 중 '주방용품'을 판매·제공하는 매장,test,주방용품,T6 기계변형,a425a70b-0ca7-41a8-b8d4-db53c28553ee,디즈니골프의정부점,스포츠용품 및 의류,의정부제일시장,전통시장,경기도,,,
9e0ecec0256116eafd70,full_annotation_v1,A,q_주방용품_06,주방용푼,생활·마트 중 '주방용품'을 판매·제공하는 매장,test,주방용품,T6 기계변형,0bd256be-744d-4d23-a988-fa4db363e378,잉꼬,주방용품,안동구시장,전통시장,경상북도,,,
fb42e401998a829fc645,full_annotation_v1,A,q_주방용품_06,주방용푼,생활·마트 중 '주방용품'을 판매·제공하는 매장,test,주방용품,T6 기계변형,024694e5-3cee-4a5f-9645-e315972569d9,안동상회,"수산물, 건어물",포항죽도시장,전통시장,경상북도,,,
f78c7ab235a4a1f7f0b8,full_annotation_v1,A,q_주방용품_06,주방용푼,생활·마트 중 '주방용품'을 판매·제공하는 매장,test,주방용품,T6 기계변형,05407993-f65d-4b47-b23f-2bbbcef3232e,영화상회,요업제품식기,보령한내시장,전통시장,충청남도,,,
e6c1acc5c8554d8d9547,full_annotation_v1,A,q_주방용품_06,주방용푼,생활·마트 중 '주방용품'을 판매·제공하는 매장,test,주방용품,T6 기계변형,c2ad3cb0-6dbd-457f-b284-35df475bf038,Mr박수입주방,주방용품,성서와룡시장,전통시장,대구광역시,,,
3a0b469b72425c51fea5,full_annotation_v1,A,q_주방용품_06,주방용푼,생활·마트 중 '주방용품'을 판매·제공하는 매장,test,주방용품,T6 기계변형,8c1bad43-b5c8-4a9e-85a4-2c6ee09bc212,카이카트,주방용품,숭례문수입상가,전통시장,서울특별시,,,
7cd324e342297a01be05,full_annotation_v1,A,q_주방용품_06,주방용푼,생활·마트 중 '주방용품'을 판매·제공하는 매장,test,주방용품,T6 기계변형,01b28f89-fee4-4811-8c5a-4c728f24c0ba,백미스탠,그릇 주방용품,대야전통시장,전통시장,전북특별자치도,,,
562a32fe4f85d96d90a9,full_annotation_v1,A,q_주방용품_06,주방용푼,생활·마트 중 '주방용품'을 판매·제공하는 매장,test,주방용품,T6 기계변형,6f564e09-f2b9-4244-ac96-701b0fdc6560,김보경스킨케어,,창원 덕산1차상가,전통시장,경상남도,,,
bc5de904625af310ca89,full_annotation_v1,A,q_주방용품_06,주방용푼,생활·마트 중 '주방용품'을 판매·제공하는 매장,test,주방용품,T6 기계변형,d396c307-256e-4f99-b44c-e07291451c37,헤펠레 가구,소품가구,부곡맛고을상가,자율상권구역,경상북도,,,
3c928cef758a3d368a34,full_annotation_v1,A,q_주방용품_06,주방용푼,생활·마트 중 '주방용품'을 판매·제공하는 매장,test,주방용품,T6 기계변형,f5be7051-b067-432c-8558-3181d94cd5b3,남문행남자기,주방용품,수원영동시장,전통시장,경기도,,,
de0a491dd0bcb8af91ba,full_annotation_v1,A,q_주방용품_06,주방용푼,생활·마트 중 '주방용품'을 판매·제공하는 매장,test,주방용품,T6 기계변형,60e8ed91-61aa-411d-9fc0-f88905cccde4,부전만물주방,주방용품,부전상가시장,전통시장,부산광역시,,,
9473f916439728d2aa59,full_annotation_v1,A,q_주방용품_06,주방용푼,생활·마트 중 '주방용품'을 판매·제공하는 매장,test,주방용품,T6 기계변형,b01a1a3b-492e-43da-bf4e-24a4cf8f9d1d,대동쿡앤샵,주방용품,신금정시장 골목형 상점가,골목형상점가,부산광역시,,,
034e119ce7c36d5f9907,full_annotation_v1,A,q_주방용품_06,주방용푼,생활·마트 중 '주방용품'을 판매·제공하는 매장,test,주방용품,T6 기계변형,001fe873-89a3-474a-b8d2-8526408e992d,진미해장국,음식점업(한식),평택통복시장,전통시장,경기도,,,
86dcc07329f73f7c1db8,full_annotation_v1,A,q_주방용품_06,주방용푼,생활·마트 중 '주방용품'을 판매·제공하는 매장,test,주방용품,T6 기계변형,eabf2f67-f9f7-4a70-b6db-9f2bbf62c45d,범규수산,수산물,자인공설시장,전통시장,경상북도,,,
8e64a2e363b03e076197,full_annotation_v1,A,q_주방용품_06,주방용푼,생활·마트 중 '주방용품'을 판매·제공하는 매장,test,주방용품,T6 기계변형,1558817a-9fc7-4203-838a-a4ce57acdc4e,나리,주방용품,대해불빛시장(대해종합시장),전통시장,경상북도,,,
c7cbff7a9544d92e8bad,full_annotation_v1,A,q_주방용품_06,주방용푼,생활·마트 중 '주방용품'을 판매·제공하는 매장,test,주방용품,T6 기계변형,738d1665-4cfd-47b2-b195-a9b4b8891b45,백합선물,주방용품,제천중앙시장,전통시장,충청북도,,,
3aae55e6bb4dd517553f,full_annotation_v1,A,q_주방용품_06,주방용푼,생활·마트 중 '주방용품'을 판매·제공하는 매장,test,주방용품,T6 기계변형,00099bd3-766a-4148-a64c-5356a9d5aad2,초장집 미사점,음식점,미사강변 골목형상점가,골목형상점가,경기도,,,
ae44686b207288746b28,full_annotation_v1,A,q_주방용품_06,주방용푼,생활·마트 중 '주방용품'을 판매·제공하는 매장,test,주방용품,T6 기계변형,74eec827-4b38-441a-848e-1707b7249dae,쏘시지요 대구광장점,"이자까야, 일식",두류젊코상권,상권활성화구역,대구광역시,,,
6ba7e137c79e3431c9c0,full_annotation_v1,A,q_주방용품_06,주방용푼,생활·마트 중 '주방용품'을 판매·제공하는 매장,test,주방용품,T6 기계변형,705190f6-8b4e-4c6a-8129-9ba5969ca370,다다사,주방용품,남대문시장,전통시장,서울특별시,,,
621e44afc195ed3034bb,full_annotation_v1,A,q_주방용품_06,주방용푼,생활·마트 중 '주방용품'을 판매·제공하는 매장,test,주방용품,T6 기계변형,764eaa35-980d-4ec7-92fd-659cd87b97ba,베니스,주방용품,제천중앙시장,전통시장,충청북도,,,
673d0a28c218cc8ac714,full_annotation_v1,A,q_주방용품_06,주방용푼,생활·마트 중 '주방용품'을 판매·제공하는 매장,test,주방용품,T6 기계변형,791bcef7-bf5c-457e-bfe1-81332570ff45,대림주방,주방용품,영등포전통시장,자율상권구역,서울특별시,,,
9473ce55a2592a70e8ce,full_annotation_v1,A,q_주방용품_06,주방용푼,생활·마트 중 '주방용품'을 판매·제공하는 매장,test,주방용품,T6 기계변형,962de01e-2c2b-4f27-9d71-113c0d8969d7,서봉철물,주방용품,순창시장,전통시장,전북특별자치도,,,
e0b30e035a5a0333248b,full_annotation_v1,A,q_주방용품_06,주방용푼,생활·마트 중 '주방용품'을 판매·제공하는 매장,test,주방용품,T6 기계변형,b4c13bbc-b098-45be-b37d-8a643eac4000,중앙주방,주방용품,평화시장,전통시장,대구광역시,,,
932a1bb64ba558dcc93b,full_annotation_v1,A,q_주방용품_06,주방용푼,생활·마트 중 '주방용품'을 판매·제공하는 매장,test,주방용품,T6 기계변형,4e09aa59-f344-4c95-b4eb-ad2351776e2a,서영주방용품,주방용품,영동전통시장,전통시장,충청북도,,,
4309301898ddfa134318,full_annotation_v1,A,q_주방용품_06,주방용푼,생활·마트 중 '주방용품'을 판매·제공하는 매장,test,주방용품,T6 기계변형,011e8cfe-0737-49db-8250-68e7a51ca170,토담도예,생활도자기,㈜르네시떼,전통시장,부산광역시,,,
6c5f868bb7b7a1a64b05,full_annotation_v1,A,q_주방용품_06,주방용푼,생활·마트 중 '주방용품'을 판매·제공하는 매장,test,주방용품,T6 기계변형,1aeabc4c-a2a0-495d-a0b7-2cc5b42a5c52,한영상회,그릇(식기),동문재래시장,전통시장,제주특별자치도,,,
590074a60629dd89c6d1,full_annotation_v1,A,q_주유소_01,기름 넣는 곳,생활서비스 중 '주유소'를 판매·제공하는 매장,test,주유소,T2 동의어,10842cba-8f50-43bd-ba27-7d5a0df8fbf6,데상트,스포츠의류 신발 용품,나릿재마크원 골목형상점가,골목형상점가,세종특별자치시,,,
761020a30d1644c0bc0e,full_annotation_v1,A,q_주유소_01,기름 넣는 곳,생활서비스 중 '주유소'를 판매·제공하는 매장,test,주유소,T2 동의어,d51a889e-0b72-4272-a5b8-93e9ed52ad8e,호계참기름,기름,호계종합시장,전통시장,경기도,,,
11af2bfca2230c03aa79,full_annotation_v1,A,q_주유소_01,기름 넣는 곳,생활서비스 중 '주유소'를 판매·제공하는 매장,test,주유소,T2 동의어,7c836a8f-f36c-4633-a607-63a70b86b793,풍어수산,수산물,여수교동시장,전통시장,전라남도,,,
4cc1d5c4a84e3fe0e2fc,full_annotation_v1,A,q_주유소_01,기름 넣는 곳,생활서비스 중 '주유소'를 판매·제공하는 매장,test,주유소,T2 동의어,3fdd8ee3-3779-4ea6-b521-49b479aa2ab5,오부장치킨 구로항동점,치킨,항동 골목형상점가,골목형상점가,서울특별시,,,
072d78c4859ec19ef141,full_annotation_v1,A,q_주유소_01,기름 넣는 곳,생활서비스 중 '주유소'를 판매·제공하는 매장,test,주유소,T2 동의어,5abf9af5-9fdd-4ce5-8823-b75a6baf3f6a,원재기름집,기름,오목교중앙시장,전통시장,서울특별시,,,
1981419dee6a97d78c58,full_annotation_v1,A,q_주유소_01,기름 넣는 곳,생활서비스 중 '주유소'를 판매·제공하는 매장,test,주유소,T2 동의어,c98117a8-0faa-4c7f-b9de-43745aabb18d,가나식품,기름,익산장(구 북부장),전통시장,전북특별자치도,,,
1e18f62bdbcfd7ed345b,full_annotation_v1,A,q_주유소_01,기름 넣는 곳,생활서비스 중 '주유소'를 판매·제공하는 매장,test,주유소,T2 동의어,6f7102de-82e0-4ecc-b552-52f9a50a7263,부흥기름집,기름,모란전통기름시장,전통시장,경기도,,,
daca76a7e272b14f5adf,full_annotation_v1,A,q_주유소_01,기름 넣는 곳,생활서비스 중 '주유소'를 판매·제공하는 매장,test,주유소,T2 동의어,028c4d82-c6ec-48e8-ae96-9a11c25db40e,충청도기름집,기름,용현시장,전통시장,인천광역시,,,
362739844311d38ea699,full_annotation_v1,A,q_주유소_01,기름 넣는 곳,생활서비스 중 '주유소'를 판매·제공하는 매장,test,주유소,T2 동의어,7447a922-6703-4d9e-ba66-7f7892705d24,시장기름집,기름,익산중앙시장,전통시장,전북특별자치도,,,
57d1dbeba559c45d0149,full_annotation_v1,A,q_주유소_01,기름 넣는 곳,생활서비스 중 '주유소'를 판매·제공하는 매장,test,주유소,T2 동의어,4c5e6e03-ffe9-450f-b20e-4c52502dd005,충남기름집,기름,경동시장,전통시장,서울특별시,,,
bef17bd8d8de3e8169b8,full_annotation_v1,A,q_주유소_01,기름 넣는 곳,생활서비스 중 '주유소'를 판매·제공하는 매장,test,주유소,T2 동의어,2743811c-5e71-4d2b-aa75-1b0147d44f2d,사우 꽃이 피는 곳,꽃,김포 풍년마을 골목형상점가,골목형상점가,경기도,,,
6fdfe4b5404258604fe7,full_annotation_v1,A,q_주유소_01,기름 넣는 곳,생활서비스 중 '주유소'를 판매·제공하는 매장,test,주유소,T2 동의어,71e3e120-751b-4b88-9ded-24e854360f03,삼미기름집,기름,강릉성남시장,전통시장,강원특별자치도,,,
36921ec3d99a49d12ed3,full_annotation_v1,A,q_주유소_01,기름 넣는 곳,생활서비스 중 '주유소'를 판매·제공하는 매장,test,주유소,T2 동의어,d038e0f8-2203-4ebc-8596-a9bc43ba938a,상주기름집,기름,창동신창시장,전통시장,서울특별시,,,
4f71ad1d5fc62abe1647,full_annotation_v1,A,q_주유소_01,기름 넣는 곳,생활서비스 중 '주유소'를 판매·제공하는 매장,test,주유소,T2 동의어,55cea5f9-fcfb-4e33-a44e-cf9048a880f1,쌈싸먹고구워먹고,고기식사,신가드림 골목형상점가,골목형상점가,광주광역시,,,
c5718d90b5acc6ed3304,full_annotation_v1,A,q_주유소_01,기름 넣는 곳,생활서비스 중 '주유소'를 판매·제공하는 매장,test,주유소,T2 동의어,3080cff9-0d73-42a6-ad56-f14b5cb50aec,의성상회,기름,반여2동상가시장,전통시장,부산광역시,,,
b357ae78fca4db493866,full_annotation_v1,A,q_주유소_01,기름 넣는 곳,생활서비스 중 '주유소'를 판매·제공하는 매장,test,주유소,T2 동의어,65f6859a-9a45-48bf-b4de-541a5953532e,삼봉방앗간,기름,구월시장,전통시장,인천광역시,,,
ac11af3c316f9a44b078,full_annotation_v1,A,q_주유소_01,기름 넣는 곳,생활서비스 중 '주유소'를 판매·제공하는 매장,test,주유소,T2 동의어,55327f6e-ce7c-45ee-98bd-d307ac322b82,경상도기름집,기름,아현시장,전통시장,서울특별시,,,
7275e95559a2acbae857,full_annotation_v1,A,q_주유소_01,기름 넣는 곳,생활서비스 중 '주유소'를 판매·제공하는 매장,test,주유소,T2 동의어,bdfba9a0-ba0d-4033-99ab-949971be9fe8,단골기름집,기름,영월서부공설시장,전통시장,강원특별자치도,,,
c6ca3462de670c349ea7,full_annotation_v1,A,q_주유소_01,기름 넣는 곳,생활서비스 중 '주유소'를 판매·제공하는 매장,test,주유소,T2 동의어,776cc839-c8d0-494a-a898-c6583fb2d51c,봉천기름고추상회,기름,강릉성남시장,전통시장,강원특별자치도,,,
466487ac08c689caccb3,full_annotation_v1,A,q_주유소_01,기름 넣는 곳,생활서비스 중 '주유소'를 판매·제공하는 매장,test,주유소,T2 동의어,23f79b5b-9a63-41fb-b140-0c4487b2affb,대복기름집,기름,부천강남시장,전통시장,경기도,,,
b22fb33e4b39d3853955,full_annotation_v1,A,q_주유소_01,기름 넣는 곳,생활서비스 중 '주유소'를 판매·제공하는 매장,test,주유소,T2 동의어,94c88775-acd4-4de0-9b2c-b8d524e9498c,삼미기름집,기름,모란전통기름시장,전통시장,경기도,,,
85ba9c6c131f4e85409f,full_annotation_v1,A,q_주유소_01,기름 넣는 곳,생활서비스 중 '주유소'를 판매·제공하는 매장,test,주유소,T2 동의어,9b8b4cc1-f47b-43d6-913f-a3641d6a7e0e,화순상회,기름,소사종합시장,전통시장,경기도,,,
85eeeeaa7c9bf20eb116,full_annotation_v1,A,q_주유소_01,기름 넣는 곳,생활서비스 중 '주유소'를 판매·제공하는 매장,test,주유소,T2 동의어,0d5fbb91-d090-4fd1-aa3a-3e98150e0319,팻보이 버거 항동점,햄버거,항동 골목형상점가,골목형상점가,서울특별시,,,
d01578c893cbf97e42fa,full_annotation_v1,A,q_주유소_01,기름 넣는 곳,생활서비스 중 '주유소'를 판매·제공하는 매장,test,주유소,T2 동의어,cf21ac0c-8042-47b1-ac3e-6c6a27897e06,모닝글로리 (수정점),,황금수정 골목형상점가,골목형상점가,부산광역시,,,
1c71dbee8ee39d911f56,full_annotation_v1,A,q_주유소_01,기름 넣는 곳,생활서비스 중 '주유소'를 판매·제공하는 매장,test,주유소,T2 동의어,dfc8d269-c63c-48e6-87cd-024b49d11429,해솔 식육점,한돈한우 식품잡화 등,수완사랑 골목형상점가,골목형상점가,광주광역시,,,
80bafb45f8ccd4a704ef,full_annotation_v1,A,q_주유소_01,기름 넣는 곳,생활서비스 중 '주유소'를 판매·제공하는 매장,test,주유소,T2 동의어,22210a7a-cee4-4555-b060-b436d7e7bb02,건양기름집,기름,논산화지중앙시장,전통시장,충청남도,,,
e48e3c0ac71ed4cfe935,full_annotation_v1,A,q_주유소_01,기름 넣는 곳,생활서비스 중 '주유소'를 판매·제공하는 매장,test,주유소,T2 동의어,232d5129-7565-496e-a121-3712e3562c65,고향참기름,기름,마천중앙시장,전통시장,서울특별시,,,
6c96f42ff28408a691f8,full_annotation_v1,A,q_주유소_01,기름 넣는 곳,생활서비스 중 '주유소'를 판매·제공하는 매장,test,주유소,T2 동의어,76a3551b-dae4-4326-92cc-662015aedbfb,쉴 곳,한식,칠성로상점가,자율상권구역,제주특별자치도,,,
5f1497679cff97b21ade,full_annotation_v1,A,q_주유소_01,기름 넣는 곳,생활서비스 중 '주유소'를 판매·제공하는 매장,test,주유소,T2 동의어,a05f1488-9da4-4611-bd84-c9480dcb9be8,진미상회,기름,중리시장,전통시장,대전광역시,,,
c0bbbcb8c25289a72096,full_annotation_v1,A,q_주유소_01,기름 넣는 곳,생활서비스 중 '주유소'를 판매·제공하는 매장,test,주유소,T2 동의어,23b70117-c5c2-4bd6-9e81-d720faf21b4e,전주참기름,기름,신성전통시장,전통시장,서울특별시,,,
399a990d1ee892bd6224,full_annotation_v1,A,q_주유소_01,기름 넣는 곳,생활서비스 중 '주유소'를 판매·제공하는 매장,test,주유소,T2 동의어,d6599531-b5a6-42f6-883f-05130557c984,대구기름집,기름,우이골목시장골목형상점가,골목형상점가,서울특별시,,,
9b37b4bd979518fef281,full_annotation_v1,A,q_주유소_01,기름 넣는 곳,생활서비스 중 '주유소'를 판매·제공하는 매장,test,주유소,T2 동의어,69d1b4eb-75d4-47b1-8962-f8281f88cf0b,하마,,"산북,소룡 골목형상점가",골목형상점가,전북특별자치도,,,
518864c0b0e584040554,full_annotation_v1,A,q_주유소_01,기름 넣는 곳,생활서비스 중 '주유소'를 판매·제공하는 매장,test,주유소,T2 동의어,42d4dff0-4f06-4228-934e-66f66cd1d099,왕새우 매운돼지,,황금수정 골목형상점가,골목형상점가,부산광역시,,,
05d3fe7ea820c603a6dd,full_annotation_v1,A,q_주유소_01,기름 넣는 곳,생활서비스 중 '주유소'를 판매·제공하는 매장,test,주유소,T2 동의어,dc6a8b24-39f8-422e-9825-2b5231cdf39d,대성꽃집,꽃,신정상가시장,전통시장,울산광역시,,,
14b71d6c8be264bbcbe8,full_annotation_v1,A,q_주유소_01,기름 넣는 곳,생활서비스 중 '주유소'를 판매·제공하는 매장,test,주유소,T2 동의어,40aa00e6-bddd-4b0c-9ee7-6d8a4497345c,경북기름집,기름,청량리전통시장,전통시장,서울특별시,,,
cad204db8456d7f11c1b,full_annotation_v1,A,q_주유소_01,기름 넣는 곳,생활서비스 중 '주유소'를 판매·제공하는 매장,test,주유소,T2 동의어,7540e538-b667-4174-baec-01660bf44a7c,칠성기름집,기름,왜관시장,전통시장,경상북도,,,
f03fdd3ceddf1217ca4d,full_annotation_v1,A,q_주유소_01,기름 넣는 곳,생활서비스 중 '주유소'를 판매·제공하는 매장,test,주유소,T2 동의어,805e08fc-8dbb-467e-a78e-a0cfed82c12e,하늘채 노래연습장,,"산북,소룡 골목형상점가",골목형상점가,전북특별자치도,,,
6f29ee07ae99ba6cd857,full_annotation_v1,A,q_주유소_01,기름 넣는 곳,생활서비스 중 '주유소'를 판매·제공하는 매장,test,주유소,T2 동의어,4773295e-7055-4cf3-9baa-766d78748081,영남기름집,기름,면목골목시장,전통시장,서울특별시,,,
eba2e719a78c99b53a2e,full_annotation_v1,A,q_주유소_01,기름 넣는 곳,생활서비스 중 '주유소'를 판매·제공하는 매장,test,주유소,T2 동의어,fa9d4931-eb5e-4e1d-9476-c0cb92a28541,반도기름집,기름,서귀포매일올레시장,전통시장,제주특별자치도,,,
524461922807948ec6b9,full_annotation_v1,A,q_주유소_01,기름 넣는 곳,생활서비스 중 '주유소'를 판매·제공하는 매장,test,주유소,T2 동의어,01cb2138-a064-459b-97ef-6f0e7adb0778,두암주유소,주유소,두암시장주변 골목형상점가,골목형상점가,광주광역시,,,
515147c0980e636af3f6,full_annotation_v1,A,q_주유소_01,기름 넣는 곳,생활서비스 중 '주유소'를 판매·제공하는 매장,test,주유소,T2 동의어,c24c7ea6-8c5e-4e57-b338-72113fa4953d,치킨에꼬치다 초지점,한식,초지항아리 골목형상점가,골목형상점가,경기도,,,
cefff72fb82454b5ab0d,full_annotation_v1,A,q_주유소_01,기름 넣는 곳,생활서비스 중 '주유소'를 판매·제공하는 매장,test,주유소,T2 동의어,01e4cef2-9c12-4be0-9c3e-5a09ab67f7f5,대명제유,"고추, 기름",의정부제일시장,전통시장,경기도,,,
b14594251408c7bb53ac,full_annotation_v1,A,q_주유소_01,기름 넣는 곳,생활서비스 중 '주유소'를 판매·제공하는 매장,test,주유소,T2 동의어,a8dc7701-d658-4536-b776-e3e672c0b55d,우리기름집,기름,신 강남시장,전통시장,인천광역시,,,
793d08a4ca6b83cad4c3,full_annotation_v1,A,q_주유소_01,기름 넣는 곳,생활서비스 중 '주유소'를 판매·제공하는 매장,test,주유소,T2 동의어,822d683e-7de6-4c9a-9dc2-73d2c6b73cf4,광명기름집,기름,용현시장,전통시장,인천광역시,,,
4812f8a783ddff5497d6,full_annotation_v1,A,q_주유소_01,기름 넣는 곳,생활서비스 중 '주유소'를 판매·제공하는 매장,test,주유소,T2 동의어,087e1715-bd72-447f-81ce-c6758948ec70,천일기름집,기름,상주중앙시장,전통시장,경상북도,,,
a9f9c04045e70e9f32f3,full_annotation_v1,A,q_주유소_01,기름 넣는 곳,생활서비스 중 '주유소'를 판매·제공하는 매장,test,주유소,T2 동의어,5e25535b-0401-43fc-804c-9023fbdc7e76,옛날기름집,기름,화서시장,전통시장,경기도,,,
0e813264be8732b950cc,full_annotation_v1,A,q_주유소_01,기름 넣는 곳,생활서비스 중 '주유소'를 판매·제공하는 매장,test,주유소,T2 동의어,1114e3d6-a621-41b7-9595-23e0e4b352e4,용남기름집,기름,통영 북신전통시장,전통시장,경상남도,,,
24cf133bd23b8d12ab8f,full_annotation_v1,A,q_주유소_01,기름 넣는 곳,생활서비스 중 '주유소'를 판매·제공하는 매장,test,주유소,T2 동의어,0321329e-d220-40a4-8f40-a7c79b5ea682,양촌주유소,주유소,지석사거리 골목형상점가,골목형상점가,광주광역시,,,
6892e5fd9be327675f99,full_annotation_v1,A,q_주유소_01,기름 넣는 곳,생활서비스 중 '주유소'를 판매·제공하는 매장,test,주유소,T2 동의어,dc569198-4383-4fe3-b29b-254728473a3d,문수상회,기름,봉화상설시장,전통시장,경상북도,,,
dd6b81981f2d6192fdf9,full_annotation_v1,A,q_주유소_01,기름 넣는 곳,생활서비스 중 '주유소'를 판매·제공하는 매장,test,주유소,T2 동의어,ca37d067-0f46-40e9-b422-7c5918022fae,황해기름집,기름,화천재래시장,전통시장,강원특별자치도,,,
b064932030f09932b10f,full_annotation_v1,A,q_주유소_01,기름 넣는 곳,생활서비스 중 '주유소'를 판매·제공하는 매장,test,주유소,T2 동의어,b0dccb6b-d993-414e-ad50-b9a53a4ce45e,평화기름집,기름,군산공설시장,전통시장,전북특별자치도,,,
72c49dd73d007f1fcbe3,full_annotation_v1,A,q_주유소_01,기름 넣는 곳,생활서비스 중 '주유소'를 판매·제공하는 매장,test,주유소,T2 동의어,a7377292-a70f-49f0-ac1c-2a05711ea060,고기파는김선달,한식,지동시장,전통시장,경기도,,,
f66ef05dd8b9a7915ac0,full_annotation_v1,A,q_주유소_01,기름 넣는 곳,생활서비스 중 '주유소'를 판매·제공하는 매장,test,주유소,T2 동의어,bf033087-b9c2-46ea-92d9-546fa63a1178,오복기름집,기름,모란전통기름시장,전통시장,경기도,,,
b701ff75813de3147f23,full_annotation_v1,A,q_주유소_01,기름 넣는 곳,생활서비스 중 '주유소'를 판매·제공하는 매장,test,주유소,T2 동의어,6f8e50a1-b44c-4eab-9c7f-5d156884d3b7,충북기름집,기름,역곡상상시장(구 역곡북부시장),전통시장,경기도,,,
3a4b9b99efb412d5a38b,full_annotation_v1,A,q_주유소_01,기름 넣는 곳,생활서비스 중 '주유소'를 판매·제공하는 매장,test,주유소,T2 동의어,233a6c5e-2e7e-4b74-bd0f-e2d6aa1b9fec,사슴기름집,기름,왜관시장,전통시장,경상북도,,,
8614577c990105beaac4,full_annotation_v1,A,q_주유소_01,기름 넣는 곳,생활서비스 중 '주유소'를 판매·제공하는 매장,test,주유소,T2 동의어,f73034bf-1e6e-4adf-a182-a7a0db0f3240,제일제유,기름,삼척중앙시장,전통시장,강원특별자치도,,,
2d000dd91508c37aec46,full_annotation_v1,A,q_주유소_01,기름 넣는 곳,생활서비스 중 '주유소'를 판매·제공하는 매장,test,주유소,T2 동의어,cf68389b-acfb-445b-aa76-3dfec0e6e765,양양기름집,기름,주문진종합시장,전통시장,강원특별자치도,,,
54098c964b66dc18a8b4,full_annotation_v1,A,q_주유소_01,기름 넣는 곳,생활서비스 중 '주유소'를 판매·제공하는 매장,test,주유소,T2 동의어,dd894757-bc6e-4a30-b01c-dfdf5dde1296,정선기름집,기름,정선아리랑시장,전통시장,강원특별자치도,,,
cfd7b824234bf13a9e4d,full_annotation_v1,A,q_주유소_01,기름 넣는 곳,생활서비스 중 '주유소'를 판매·제공하는 매장,test,주유소,T2 동의어,f65bf0ef-9e3c-4ae2-89d8-667edcdf697c,남일기름,기름,암사종합시장,전통시장,서울특별시,,,
2d5e91fd78568123e9cc,full_annotation_v1,A,q_주유소_01,기름 넣는 곳,생활서비스 중 '주유소'를 판매·제공하는 매장,test,주유소,T2 동의어,7ff9a001-79f8-48d9-9cce-2978c57ee241,대전기름집,기름,오류전통시장(오류빤짝시장),전통시장,대전광역시,,,
f969d5a849994a3d6bbe,full_annotation_v1,A,q_주유소_01,기름 넣는 곳,생활서비스 중 '주유소'를 판매·제공하는 매장,test,주유소,T2 동의어,5bb4fa4f-9922-44c0-b2a1-01c604566fd3,중앙기름집,기름,홍천시장(홍천구시장),전통시장,강원특별자치도,,,
85c67176ab3139740a13,full_annotation_v1,A,q_주유소_01,기름 넣는 곳,생활서비스 중 '주유소'를 판매·제공하는 매장,test,주유소,T2 동의어,250b83a4-be79-4518-9965-fc9b521f102e,꽃길,꽃 화분,옥정메인타워상점가,골목형상점가,경기도,,,
b50c7587e565ac6068e3,full_annotation_v1,A,q_주유소_01,기름 넣는 곳,생활서비스 중 '주유소'를 판매·제공하는 매장,test,주유소,T2 동의어,9f144b14-b201-4a40-b96e-e56dd74aef29,한씨기름집,기름,강릉성남시장,전통시장,강원특별자치도,,,
e67f2b8f5576e7b105e0,full_annotation_v1,A,q_주유소_01,기름 넣는 곳,생활서비스 중 '주유소'를 판매·제공하는 매장,test,주유소,T2 동의어,03ba1dcf-e9e2-4436-8478-4ab3c4663d1e,주유소,,미리산길 골목형상점가,골목형상점가,,,,
70e8bf626b45ff9dbbea,full_annotation_v1,A,q_주유소_01,기름 넣는 곳,생활서비스 중 '주유소'를 판매·제공하는 매장,test,주유소,T2 동의어,057020ed-9d18-4250-94d2-4ba64f9638da,주문기름집,기름,주문진종합시장,전통시장,강원특별자치도,,,
21a232229895bcf0a578,full_annotation_v1,A,q_주유소_01,기름 넣는 곳,생활서비스 중 '주유소'를 판매·제공하는 매장,test,주유소,T2 동의어,8605cd70-67a8-4b01-b19e-dc18985eb1af,중앙기름,기름,춘천중앙시장,전통시장,강원특별자치도,,,
7511291a076daa19cc58,full_annotation_v1,A,q_주유소_01,기름 넣는 곳,생활서비스 중 '주유소'를 판매·제공하는 매장,test,주유소,T2 동의어,c111ac9d-3f3a-405c-a8db-4d127ccda9e2,행복이 있는 곳,잡화,제주로얄쇼핑센터,자율상권구역,제주특별자치도,,,
aee2f623442b93c50229,full_annotation_v1,A,q_주유소_01,기름 넣는 곳,생활서비스 중 '주유소'를 판매·제공하는 매장,test,주유소,T2 동의어,95bf6cba-5d06-44c9-9611-257970a31ffe,서울기름집,기름,모란전통기름시장,전통시장,경기도,,,
a2df349c5f8da9295ac2,full_annotation_v1,A,q_주유소_01,기름 넣는 곳,생활서비스 중 '주유소'를 판매·제공하는 매장,test,주유소,T2 동의어,f178ce78-e3d7-4976-a964-3da951fdc7af,인천기름,기름,세아프라자상가(동두천세아상가시장),전통시장,경기도,,,
a449cd3b5848d25a9bfd,full_annotation_v1,A,q_주유소_01,기름 넣는 곳,생활서비스 중 '주유소'를 판매·제공하는 매장,test,주유소,T2 동의어,7a26bd16-6e57-4ef0-904f-fd5da1aff2a4,시장방앗간,기름,진안시장(진안고원시장),전통시장,전북특별자치도,,,
241012a7334a1b1f2c1a,full_annotation_v1,A,q_주유소_01,기름 넣는 곳,생활서비스 중 '주유소'를 판매·제공하는 매장,test,주유소,T2 동의어,d2182dc7-fcc5-4737-8b9e-02921b373348,현대참기름,기름,포항큰동해시장,전통시장,경상북도,,,
87d617ed97e3c2f9a2b7,full_annotation_v1,A,q_주유소_01,기름 넣는 곳,생활서비스 중 '주유소'를 판매·제공하는 매장,test,주유소,T2 동의어,1f2c1903-6cdb-4cc4-8050-123849f369ef,땅스부대찌개 옥정점,부대찌개 포장,옥정메인타워상점가,골목형상점가,경기도,,,
628f76de05fe60d6882c,full_annotation_v1,A,q_주유소_01,기름 넣는 곳,생활서비스 중 '주유소'를 판매·제공하는 매장,test,주유소,T2 동의어,f28f495c-06db-4d48-9ef4-a6327c894d75,삼성기름,기름,진주 중앙시장,전통시장,경상남도,,,
fac511d59e79fa6540ae,full_annotation_v1,A,q_주유소_01,기름 넣는 곳,생활서비스 중 '주유소'를 판매·제공하는 매장,test,주유소,T2 동의어,68f18788-24dd-4d2e-859f-efb19fe82eb6,풍년기름집,기름,구월시장,전통시장,인천광역시,,,
bccbcc78085d8e850e03,full_annotation_v1,A,q_주유소_01,기름 넣는 곳,생활서비스 중 '주유소'를 판매·제공하는 매장,test,주유소,T2 동의어,ebdbf2c4-6190-4c5c-91c4-ddd289fa24d8,단골기름집,기름,제천중앙시장,전통시장,충청북도,,,
4f2bfe3663124bffe04a,full_annotation_v1,A,q_주유소_01,기름 넣는 곳,생활서비스 중 '주유소'를 판매·제공하는 매장,test,주유소,T2 동의어,0f4cf9ca-5b80-49af-88aa-ecb55daebc50,법률사무소 율정,변호사업,어진동 골목형상점가,골목형상점가,세종특별자치시,,,
00af4faed46142b4edef,full_annotation_v1,A,q_주유소_01,기름 넣는 곳,생활서비스 중 '주유소'를 판매·제공하는 매장,test,주유소,T2 동의어,a7e2a240-3ce6-4855-8fd9-9fd6662c3478,현대기름집,기름,모란종합시장,전통시장,경기도,,,
7fb51063573bfce98ac9,full_annotation_v1,A,q_주유소_01,기름 넣는 곳,생활서비스 중 '주유소'를 판매·제공하는 매장,test,주유소,T2 동의어,dfca536c-0cb3-4d86-8c02-c1accad4bb97,광일참기름,기름,광양매일시장(광양상설시장),전통시장,전라남도,,,
041464a366e35850e965,full_annotation_v1,A,q_주유소_01,기름 넣는 곳,생활서비스 중 '주유소'를 판매·제공하는 매장,test,주유소,T2 동의어,4cc8e0d3-43c5-4aeb-85eb-6bc8284939f6,낙원떡집,"떡, 기름",송라시장,전통시장,대구광역시,,,
ebc4bbfdd21a40f74542,full_annotation_v1,A,q_주유소_01,기름 넣는 곳,생활서비스 중 '주유소'를 판매·제공하는 매장,test,주유소,T2 동의어,0f7845ca-0c4a-46a1-a55a-15cd708183f3,중앙기름집,기름,홍성상설시장,전통시장,충청남도,,,
9c790889b8a61376e98e,full_annotation_v1,A,q_주유소_01,기름 넣는 곳,생활서비스 중 '주유소'를 판매·제공하는 매장,test,주유소,T2 동의어,5de64a79-3ca8-4b6d-858e-f62c43535ec4,장안기름집,기름,답십리시장,전통시장,서울특별시,,,
0704418ab561beaef9bc,full_annotation_v1,A,q_주유소_01,기름 넣는 곳,생활서비스 중 '주유소'를 판매·제공하는 매장,test,주유소,T2 동의어,8835d461-5499-4bf7-8709-834d9f6e9b54,만나기름집,기름,일산시장(구 일산전통시장),전통시장,경기도,,,
0521fcf1d18292ca36fa,full_annotation_v1,A,q_주유소_01,기름 넣는 곳,생활서비스 중 '주유소'를 판매·제공하는 매장,test,주유소,T2 동의어,dce9c517-42ee-4348-97fc-972cb5b52fa5,광양참기름,기름,광양시장골목형상점가,골목형상점가,제주특별자치도,,,
9c1f9bf421b1aeb7687a,full_annotation_v1,A,q_주유소_01,기름 넣는 곳,생활서비스 중 '주유소'를 판매·제공하는 매장,test,주유소,T2 동의어,fbb7ac19-ada8-44e0-832c-1375d39b19f8,샛별기름집,기름,속초종합중앙시장,전통시장,강원특별자치도,,,
fb330e0667bf4d114071,full_annotation_v1,A,q_주유소_01,기름 넣는 곳,생활서비스 중 '주유소'를 판매·제공하는 매장,test,주유소,T2 동의어,706d3198-bdb4-4b3f-87b0-0dd633c79120,아이사랑,기름,원종고강제일시장(부천제일시장),전통시장,경기도,,,
6684f865d9e47073dba9,full_annotation_v1,A,q_주유소_01,기름 넣는 곳,생활서비스 중 '주유소'를 판매·제공하는 매장,test,주유소,T2 동의어,05af1041-c841-4c55-a15a-d7df08dff6fc,예향주유소,주유소,풍암SK.광명상가상인회 골목형상점가,골목형상점가,광주광역시,,,
a82135f1ee3373804d46,full_annotation_v1,A,q_주유소_01,기름 넣는 곳,생활서비스 중 '주유소'를 판매·제공하는 매장,test,주유소,T2 동의어,96be70a6-cf62-49bd-8903-3590c4e4b847,풍년기름집,기름,역곡상상시장(구 역곡북부시장),전통시장,경기도,,,
64e6e5c037d307c79056,full_annotation_v1,A,q_주유소_01,기름 넣는 곳,생활서비스 중 '주유소'를 판매·제공하는 매장,test,주유소,T2 동의어,61f4878a-4b6b-4b1e-926e-4ce28731f9dd,삼일기름,기름,세아프라자상가(동두천세아상가시장),전통시장,경기도,,,
cd2eb9e04cfb6e5f1845,full_annotation_v1,A,q_주유소_01,기름 넣는 곳,생활서비스 중 '주유소'를 판매·제공하는 매장,test,주유소,T2 동의어,c44fc36e-ee96-46f8-8f99-31214e39879a,새댁기름집,기름,정읍샘고을시장,전통시장,전북특별자치도,,,
4255dc934934845b0418,full_annotation_v1,A,q_주유소_01,기름 넣는 곳,생활서비스 중 '주유소'를 판매·제공하는 매장,test,주유소,T2 동의어,8927ba29-5518-4841-9103-3c9a065ecbe7,풍년상회,기름,청량리종합시장,전통시장,서울특별시,,,
ac9190010591a497ca3b,full_annotation_v1,A,q_주유소_01,기름 넣는 곳,생활서비스 중 '주유소'를 판매·제공하는 매장,test,주유소,T2 동의어,4561811f-bdf2-487d-9112-bf313c4b9ac6,경향기름,기름,춘천동부시장,전통시장,강원특별자치도,,,
a19efd16cc30ca6e74fb,full_annotation_v1,A,q_주유소_01,기름 넣는 곳,생활서비스 중 '주유소'를 판매·제공하는 매장,test,주유소,T2 동의어,7aad34d9-133e-4f60-b912-f5f7e04fe794,대구기름,기름,성대건물시장,전통시장,서울특별시,,,
ffc604dd7cfd60fee89a,full_annotation_v1,A,q_주유소_01,기름 넣는 곳,생활서비스 중 '주유소'를 판매·제공하는 매장,test,주유소,T2 동의어,00628f75-c56d-4ff4-8901-154133d16a19,현대주유소,주유소,웃장,전통시장,전라남도,,,
9cf5f62ea0d55b85d24a,full_annotation_v1,A,q_주유소_01,기름 넣는 곳,생활서비스 중 '주유소'를 판매·제공하는 매장,test,주유소,T2 동의어,24951010-132d-498f-a586-0c7d6f051bf4,승현기름집,기름,오목교중앙시장,전통시장,서울특별시,,,
afa29c277975945cb03e,full_annotation_v1,A,q_주유소_01,기름 넣는 곳,생활서비스 중 '주유소'를 판매·제공하는 매장,test,주유소,T2 동의어,2780c52b-08dc-4133-8b30-4b993563ec19,가창기름,기름,장미원골목시장,전통시장,서울특별시,,,
ef58633189d9d75f8fa7,full_annotation_v1,A,q_주유소_01,기름 넣는 곳,생활서비스 중 '주유소'를 판매·제공하는 매장,test,주유소,T2 동의어,013444f9-7e9b-4640-84f0-43ac071ef57f,대림고추방아,"고추가루, 기름",부천강남시장,전통시장,경기도,,,
682d1072d2a0a4b4b33a,full_annotation_v1,A,q_주유소_01,기름 넣는 곳,생활서비스 중 '주유소'를 판매·제공하는 매장,test,주유소,T2 동의어,e0875a25-d6ef-4bab-aedf-a564aea1e7ad,진미기름,기름,포항죽도시장,전통시장,경상북도,,,
ec646433c7a52792bd62,full_annotation_v1,A,q_주유소_01,기름 넣는 곳,생활서비스 중 '주유소'를 판매·제공하는 매장,test,주유소,T2 동의어,f742c6c5-661e-47b9-a079-ebf69db6ae94,엄마기름집,기름,고분다리시장,전통시장,서울특별시,,,
a3e058807e018196bfd0,full_annotation_v1,A,q_주유소_01,기름 넣는 곳,생활서비스 중 '주유소'를 판매·제공하는 매장,test,주유소,T2 동의어,030536cb-46fd-4817-a7a9-ba9f838a3d84,신흥기름집,기름,월정로시장,기타,서울특별시,,,
71d1a68cea2f7cc221b0,full_annotation_v1,A,q_주유소_01,기름 넣는 곳,생활서비스 중 '주유소'를 판매·제공하는 매장,test,주유소,T2 동의어,9d71ffe4-87c2-4899-af3e-8f52636e9a06,부자기름집,기름,용문천년시장,전통시장,경기도,,,
2481c1f2cb02686ad90b,full_annotation_v1,A,q_주유소_01,기름 넣는 곳,생활서비스 중 '주유소'를 판매·제공하는 매장,test,주유소,T2 동의어,02516c8c-51df-48cb-848c-9c57654412a9,충북제유소,기름,서울중부시장,전통시장,서울특별시,,,
a854d8725da1739600e7,full_annotation_v1,A,q_주유소_01,기름 넣는 곳,생활서비스 중 '주유소'를 판매·제공하는 매장,test,주유소,T2 동의어,620981f7-a88c-4036-bbfa-623467acecd4,봉화기름집,기름,덕풍전통시장,전통시장,경기도,,,
1d289c9e0f48d690f2e5,full_annotation_v1,A,q_주유소_01,기름 넣는 곳,생활서비스 중 '주유소'를 판매·제공하는 매장,test,주유소,T2 동의어,c086618e-572f-428b-892d-41cd46bc6833,동명기름,"고추, 기름",강릉성남시장,전통시장,강원특별자치도,,,
006910a5cbd1b875e7fa,full_annotation_v1,A,q_주유소_01,기름 넣는 곳,생활서비스 중 '주유소'를 판매·제공하는 매장,test,주유소,T2 동의어,b08e9710-2ab2-47be-bcb5-61acffbc6fb4,용두방앗간,기름,청운시장골목형상점가,골목형상점가,경기도,,,
f93f0e07be43c0889838,full_annotation_v1,A,q_주유소_01,기름 넣는 곳,생활서비스 중 '주유소'를 판매·제공하는 매장,test,주유소,T2 동의어,8224c4ea-5f0a-4661-9b6a-8c0e0bb0d0b2,참만나기름,기름,고산구시장 상점가,자율상권구역,전라남도,,,
ee93f2b6972fac393d05,full_annotation_v1,A,q_주유소_01,기름 넣는 곳,생활서비스 중 '주유소'를 판매·제공하는 매장,test,주유소,T2 동의어,ffcab518-f7d5-49e1-aa49-0b41bcfb5b9c,한라기름집,기름,동문재래시장,전통시장,제주특별자치도,,,
3d63a287f22395330189,full_annotation_v1,A,q_주유소_01,기름 넣는 곳,생활서비스 중 '주유소'를 판매·제공하는 매장,test,주유소,T2 동의어,531cdc25-2ce4-4938-b76e-c687fd22d503,영남기름집,기름,오산오색시장(구 오산중앙시장),전통시장,경기도,,,
16a5a7207c1a741bbaa4,full_annotation_v1,A,q_주유소_01,기름 넣는 곳,생활서비스 중 '주유소'를 판매·제공하는 매장,test,주유소,T2 동의어,24456103-f6b8-46af-8655-82e61d7265d8,커피가 머무르는 곳,커피,반드레길골목형상점가,골목형상점가,서울특별시,,,
2dd6a53c37bfbace8a12,full_annotation_v1,A,q_주유소_01,기름 넣는 곳,생활서비스 중 '주유소'를 판매·제공하는 매장,test,주유소,T2 동의어,fe998c22-1713-4828-9b48-134c13399e94,금강기름,기름,마천중앙시장,전통시장,서울특별시,,,
ffc621fef999b1483553,full_annotation_v1,A,q_주유소_01,기름 넣는 곳,생활서비스 중 '주유소'를 판매·제공하는 매장,test,주유소,T2 동의어,95cdf8fb-c098-4cbb-82fa-1c6af3bb3fbc,봉천기름고추상회,기름,강릉성남시장,전통시장,강원특별자치도,,,
277757e543529bb214c9,full_annotation_v1,A,q_주유소_02,기름 넣으러 갈 데,생활서비스 중 '주유소'를 판매·제공하는 매장,test,주유소,T4 구어·문장,f65bf0ef-9e3c-4ae2-89d8-667edcdf697c,남일기름,기름,암사종합시장,전통시장,서울특별시,,,
526c9cad5c6ec5618726,full_annotation_v1,A,q_주유소_02,기름 넣으러 갈 데,생활서비스 중 '주유소'를 판매·제공하는 매장,test,주유소,T4 구어·문장,7a26bd16-6e57-4ef0-904f-fd5da1aff2a4,시장방앗간,기름,진안시장(진안고원시장),전통시장,전북특별자치도,,,
5d5f299f85678ca5f218,full_annotation_v1,A,q_주유소_02,기름 넣으러 갈 데,생활서비스 중 '주유소'를 판매·제공하는 매장,test,주유소,T4 구어·문장,822d683e-7de6-4c9a-9dc2-73d2c6b73cf4,광명기름집,기름,용현시장,전통시장,인천광역시,,,
5fb30bac3110bfe87ca0,full_annotation_v1,A,q_주유소_02,기름 넣으러 갈 데,생활서비스 중 '주유소'를 판매·제공하는 매장,test,주유소,T4 구어·문장,0e37a8b0-93f4-44bd-b9f9-638fd4a1fe13,국앤국,반찬식료품 및 국,정서진중앙시장(구 서구중앙시장),전통시장,인천광역시,,,
dae20d75b0b4debe0c15,full_annotation_v1,A,q_주유소_02,기름 넣으러 갈 데,생활서비스 중 '주유소'를 판매·제공하는 매장,test,주유소,T4 구어·문장,54d387bd-14e0-4e2f-8e89-3f7a36cc3aab,스패즈,커피,봉리단길골목형상점가,골목형상점가,서울특별시,,,
113705fdbb4bf9bdb6bb,full_annotation_v1,A,q_주유소_02,기름 넣으러 갈 데,생활서비스 중 '주유소'를 판매·제공하는 매장,test,주유소,T4 구어·문장,f742c6c5-661e-47b9-a079-ebf69db6ae94,엄마기름집,기름,고분다리시장,전통시장,서울특별시,,,
338b7f740fb095cb358f,full_annotation_v1,A,q_주유소_02,기름 넣으러 갈 데,생활서비스 중 '주유소'를 판매·제공하는 매장,test,주유소,T4 구어·문장,fe998c22-1713-4828-9b48-134c13399e94,금강기름,기름,마천중앙시장,전통시장,서울특별시,,,
1733f9eed61e5f457825,full_annotation_v1,A,q_주유소_02,기름 넣으러 갈 데,생활서비스 중 '주유소'를 판매·제공하는 매장,test,주유소,T4 구어·문장,8224c4ea-5f0a-4661-9b6a-8c0e0bb0d0b2,참만나기름,기름,고산구시장 상점가,자율상권구역,전라남도,,,
120ceaa1cc83d9519058,full_annotation_v1,A,q_주유소_02,기름 넣으러 갈 데,생활서비스 중 '주유소'를 판매·제공하는 매장,test,주유소,T4 구어·문장,4c5e6e03-ffe9-450f-b20e-4c52502dd005,충남기름집,기름,경동시장,전통시장,서울특별시,,,
75638fc61f39dbfb80ff,full_annotation_v1,A,q_주유소_02,기름 넣으러 갈 데,생활서비스 중 '주유소'를 판매·제공하는 매장,test,주유소,T4 구어·문장,ffcab518-f7d5-49e1-aa49-0b41bcfb5b9c,한라기름집,기름,동문재래시장,전통시장,제주특별자치도,,,
dad59b4fa8c747809881,full_annotation_v1,A,q_주유소_02,기름 넣으러 갈 데,생활서비스 중 '주유소'를 판매·제공하는 매장,test,주유소,T4 구어·문장,192525d6-1730-4301-875b-5bd76609ee8f,용지기름집,기름,동원전통종합시장,전통시장,서울특별시,,,
f502b55d752f15157955,full_annotation_v1,A,q_주유소_02,기름 넣으러 갈 데,생활서비스 중 '주유소'를 판매·제공하는 매장,test,주유소,T4 구어·문장,776cc839-c8d0-494a-a898-c6583fb2d51c,봉천기름고추상회,기름,강릉성남시장,전통시장,강원특별자치도,,,
1aac40f7f84dc2c8459e,full_annotation_v1,A,q_주유소_02,기름 넣으러 갈 데,생활서비스 중 '주유소'를 판매·제공하는 매장,test,주유소,T4 구어·문장,0f7845ca-0c4a-46a1-a55a-15cd708183f3,중앙기름집,기름,홍성상설시장,전통시장,충청남도,,,
ac2a11989003e20eb94e,full_annotation_v1,A,q_주유소_02,기름 넣으러 갈 데,생활서비스 중 '주유소'를 판매·제공하는 매장,test,주유소,T4 구어·문장,19436452-e5c4-4ccb-9054-cb740e0a8a36,문창순대,음식,홍도동 상점가,자율상권구역,대전광역시,,,
a91e358fd2dd6c9c8583,full_annotation_v1,A,q_주유소_02,기름 넣으러 갈 데,생활서비스 중 '주유소'를 판매·제공하는 매장,test,주유소,T4 구어·문장,01e4cef2-9c12-4be0-9c3e-5a09ab67f7f5,대명제유,"고추, 기름",의정부제일시장,전통시장,경기도,,,
5a59c17c0e62399a6fa2,full_annotation_v1,A,q_주유소_02,기름 넣으러 갈 데,생활서비스 중 '주유소'를 판매·제공하는 매장,test,주유소,T4 구어·문장,ab400cbf-a67b-4e43-a520-b6afe087c616,동백상회,속옷및양말,수안인정시장,전통시장,부산광역시,,,
2c4bdb3ecc4642d4093a,full_annotation_v1,A,q_주유소_02,기름 넣으러 갈 데,생활서비스 중 '주유소'를 판매·제공하는 매장,test,주유소,T4 구어·문장,b0dccb6b-d993-414e-ad50-b9a53a4ce45e,평화기름집,기름,군산공설시장,전통시장,전북특별자치도,,,
a32cdb116114477d887f,full_annotation_v1,A,q_주유소_02,기름 넣으러 갈 데,생활서비스 중 '주유소'를 판매·제공하는 매장,test,주유소,T4 구어·문장,238d6095-b8a9-4894-849a-88f3e074e730,대원상회,신발,부산자유시장,전통시장,부산광역시,,,
306cb7129b9124932d1c,full_annotation_v1,A,q_주유소_02,기름 넣으러 갈 데,생활서비스 중 '주유소'를 판매·제공하는 매장,test,주유소,T4 구어·문장,dd894757-bc6e-4a30-b01c-dfdf5dde1296,정선기름집,기름,정선아리랑시장,전통시장,강원특별자치도,,,
7edd555ce463ada94ee4,full_annotation_v1,A,q_주유소_02,기름 넣으러 갈 데,생활서비스 중 '주유소'를 판매·제공하는 매장,test,주유소,T4 구어·문장,9b8b4cc1-f47b-43d6-913f-a3641d6a7e0e,화순상회,기름,소사종합시장,전통시장,경기도,,,
83e86cb964af5a175437,full_annotation_v1,A,q_주유소_02,기름 넣으러 갈 데,생활서비스 중 '주유소'를 판매·제공하는 매장,test,주유소,T4 구어·문장,c086618e-572f-428b-892d-41cd46bc6833,동명기름,"고추, 기름",강릉성남시장,전통시장,강원특별자치도,,,
2c1207b6403d6198e9e5,full_annotation_v1,A,q_주유소_02,기름 넣으러 갈 데,생활서비스 중 '주유소'를 판매·제공하는 매장,test,주유소,T4 구어·문장,89845b80-9778-41d5-a360-01c5eda02b7a,부산식당,한식,수안인정시장,전통시장,부산광역시,,,
b00ce60caf27960e1e5d,full_annotation_v1,A,q_주유소_02,기름 넣으러 갈 데,생활서비스 중 '주유소'를 판매·제공하는 매장,test,주유소,T4 구어·문장,bdfba9a0-ba0d-4033-99ab-949971be9fe8,단골기름집,기름,영월서부공설시장,전통시장,강원특별자치도,,,
3007cfe10aae22c8cb0b,full_annotation_v1,A,q_주유소_02,기름 넣으러 갈 데,생활서비스 중 '주유소'를 판매·제공하는 매장,test,주유소,T4 구어·문장,531cdc25-2ce4-4938-b76e-c687fd22d503,영남기름집,기름,오산오색시장(구 오산중앙시장),전통시장,경기도,,,
ecea568872db366327c3,full_annotation_v1,A,q_주유소_02,기름 넣으러 갈 데,생활서비스 중 '주유소'를 판매·제공하는 매장,test,주유소,T4 구어·문장,d51a889e-0b72-4272-a5b8-93e9ed52ad8e,호계참기름,기름,호계종합시장,전통시장,경기도,,,
e5a8ff0352ce27310064,full_annotation_v1,A,q_주유소_02,기름 넣으러 갈 데,생활서비스 중 '주유소'를 판매·제공하는 매장,test,주유소,T4 구어·문장,ebdbf2c4-6190-4c5c-91c4-ddd289fa24d8,단골기름집,기름,제천중앙시장,전통시장,충청북도,,,
7979050191698d2e2f4f,full_annotation_v1,A,q_주유소_02,기름 넣으러 갈 데,생활서비스 중 '주유소'를 판매·제공하는 매장,test,주유소,T4 구어·문장,2a065be5-184a-432f-b72b-8d4e03eef2d4,등산 골프 상설매장,의류,조암시장,전통시장,경기도,,,
bd72875c13503df2cae6,full_annotation_v1,A,q_주유소_02,기름 넣으러 갈 데,생활서비스 중 '주유소'를 판매·제공하는 매장,test,주유소,T4 구어·문장,c44fc36e-ee96-46f8-8f99-31214e39879a,새댁기름집,기름,정읍샘고을시장,전통시장,전북특별자치도,,,
d101d752e46b92decf0c,full_annotation_v1,A,q_주유소_02,기름 넣으러 갈 데,생활서비스 중 '주유소'를 판매·제공하는 매장,test,주유소,T4 구어·문장,71e3e120-751b-4b88-9ded-24e854360f03,삼미기름집,기름,강릉성남시장,전통시장,강원특별자치도,,,
4a61a093223a09236f93,full_annotation_v1,A,q_주유소_02,기름 넣으러 갈 데,생활서비스 중 '주유소'를 판매·제공하는 매장,test,주유소,T4 구어·문장,c98117a8-0faa-4c7f-b9de-43745aabb18d,가나식품,기름,익산장(구 북부장),전통시장,전북특별자치도,,,
6c13ab7e236ada2a7aa6,full_annotation_v1,A,q_주유소_02,기름 넣으러 갈 데,생활서비스 중 '주유소'를 판매·제공하는 매장,test,주유소,T4 구어·문장,282b0e8b-051c-49f9-a707-b982df803589,까라벨라 데 오르,스파게티,동명동 카페거리 골목형상점가,골목형상점가,광주광역시,,,
eb81440dedf1c0df61ff,full_annotation_v1,A,q_주유소_02,기름 넣으러 갈 데,생활서비스 중 '주유소'를 판매·제공하는 매장,test,주유소,T4 구어·문장,028c4d82-c6ec-48e8-ae96-9a11c25db40e,충청도기름집,기름,용현시장,전통시장,인천광역시,,,
2836a91e3c583d94e8bb,full_annotation_v1,A,q_주유소_02,기름 넣으러 갈 데,생활서비스 중 '주유소'를 판매·제공하는 매장,test,주유소,T4 구어·문장,e0875a25-d6ef-4bab-aedf-a564aea1e7ad,진미기름,기름,포항죽도시장,전통시장,경상북도,,,
cdb5bb4c68ee053c5cf2,full_annotation_v1,A,q_주유소_02,기름 넣으러 갈 데,생활서비스 중 '주유소'를 판매·제공하는 매장,test,주유소,T4 구어·문장,d2182dc7-fcc5-4737-8b9e-02921b373348,현대참기름,기름,포항큰동해시장,전통시장,경상북도,,,
ccfb783418d2d4513c69,full_annotation_v1,A,q_주유소_02,기름 넣으러 갈 데,생활서비스 중 '주유소'를 판매·제공하는 매장,test,주유소,T4 구어·문장,f178ce78-e3d7-4976-a964-3da951fdc7af,인천기름,기름,세아프라자상가(동두천세아상가시장),전통시장,경기도,,,
a6526417123427cead93,full_annotation_v1,A,q_주유소_02,기름 넣으러 갈 데,생활서비스 중 '주유소'를 판매·제공하는 매장,test,주유소,T4 구어·문장,3080cff9-0d73-42a6-ad56-f14b5cb50aec,의성상회,기름,반여2동상가시장,전통시장,부산광역시,,,
6b765023e6d2d8089dd7,full_annotation_v1,A,q_주유소_02,기름 넣으러 갈 데,생활서비스 중 '주유소'를 판매·제공하는 매장,test,주유소,T4 구어·문장,68f18788-24dd-4d2e-859f-efb19fe82eb6,풍년기름집,기름,구월시장,전통시장,인천광역시,,,
533f41be38e5f0f5cb26,full_annotation_v1,A,q_주유소_02,기름 넣으러 갈 데,생활서비스 중 '주유소'를 판매·제공하는 매장,test,주유소,T4 구어·문장,03ba1dcf-e9e2-4436-8478-4ab3c4663d1e,주유소,,미리산길 골목형상점가,골목형상점가,,,,
483881616816835a3010,full_annotation_v1,A,q_주유소_02,기름 넣으러 갈 데,생활서비스 중 '주유소'를 판매·제공하는 매장,test,주유소,T4 구어·문장,f73034bf-1e6e-4adf-a182-a7a0db0f3240,제일제유,기름,삼척중앙시장,전통시장,강원특별자치도,,,
f0fb6483f02442e8f3d1,full_annotation_v1,A,q_주유소_02,기름 넣으러 갈 데,생활서비스 중 '주유소'를 판매·제공하는 매장,test,주유소,T4 구어·문장,b08e9710-2ab2-47be-bcb5-61acffbc6fb4,용두방앗간,기름,청운시장골목형상점가,골목형상점가,경기도,,,
c936c775fea4febfbccf,full_annotation_v1,A,q_주유소_02,기름 넣으러 갈 데,생활서비스 중 '주유소'를 판매·제공하는 매장,test,주유소,T4 구어·문장,9f144b14-b201-4a40-b96e-e56dd74aef29,한씨기름집,기름,강릉성남시장,전통시장,강원특별자치도,,,
6b323b772ef70ae6ef45,full_annotation_v1,A,q_주유소_02,기름 넣으러 갈 데,생활서비스 중 '주유소'를 판매·제공하는 매장,test,주유소,T4 구어·문장,01cb2138-a064-459b-97ef-6f0e7adb0778,두암주유소,주유소,두암시장주변 골목형상점가,골목형상점가,광주광역시,,,
5c01010dfd2e530e033b,full_annotation_v1,A,q_주유소_02,기름 넣으러 갈 데,생활서비스 중 '주유소'를 판매·제공하는 매장,test,주유소,T4 구어·문장,a8dc7701-d658-4536-b776-e3e672c0b55d,우리기름집,기름,신 강남시장,전통시장,인천광역시,,,
41735c5f75a099411ce6,full_annotation_v1,A,q_주유소_02,기름 넣으러 갈 데,생활서비스 중 '주유소'를 판매·제공하는 매장,test,주유소,T4 구어·문장,5de64a79-3ca8-4b6d-858e-f62c43535ec4,장안기름집,기름,답십리시장,전통시장,서울특별시,,,
198c45cc7d5bb0c6eb84,full_annotation_v1,A,q_주유소_02,기름 넣으러 갈 데,생활서비스 중 '주유소'를 판매·제공하는 매장,test,주유소,T4 구어·문장,c1a9745c-156e-47ff-b4d8-af7d6bbf25e4,해왁,일식,사가정51길 골목형상점가,골목형상점가,서울특별시,,,
7f7c02b950493e4304d0,full_annotation_v1,A,q_주유소_02,기름 넣으러 갈 데,생활서비스 중 '주유소'를 판매·제공하는 매장,test,주유소,T4 구어·문장,6f8e50a1-b44c-4eab-9c7f-5d156884d3b7,충북기름집,기름,역곡상상시장(구 역곡북부시장),전통시장,경기도,,,
d29ea5b6249b077d495b,full_annotation_v1,A,q_주유소_02,기름 넣으러 갈 데,생활서비스 중 '주유소'를 판매·제공하는 매장,test,주유소,T4 구어·문장,9d71ffe4-87c2-4899-af3e-8f52636e9a06,부자기름집,기름,용문천년시장,전통시장,경기도,,,
ada5e1655bcfb3d44d96,full_annotation_v1,A,q_주유소_02,기름 넣으러 갈 데,생활서비스 중 '주유소'를 판매·제공하는 매장,test,주유소,T4 구어·문장,23f79b5b-9a63-41fb-b140-0c4487b2affb,대복기름집,기름,부천강남시장,전통시장,경기도,,,
72724c9b45a3fb21f672,full_annotation_v1,A,q_주유소_02,기름 넣으러 갈 데,생활서비스 중 '주유소'를 판매·제공하는 매장,test,주유소,T4 구어·문장,96be70a6-cf62-49bd-8903-3590c4e4b847,풍년기름집,기름,역곡상상시장(구 역곡북부시장),전통시장,경기도,,,
366b67ca85c950b35f71,full_annotation_v1,A,q_주유소_02,기름 넣으러 갈 데,생활서비스 중 '주유소'를 판매·제공하는 매장,test,주유소,T4 구어·문장,087e1715-bd72-447f-81ce-c6758948ec70,천일기름집,기름,상주중앙시장,전통시장,경상북도,,,
eea6842b46dd46681839,full_annotation_v1,A,q_주유소_02,기름 넣으러 갈 데,생활서비스 중 '주유소'를 판매·제공하는 매장,test,주유소,T4 구어·문장,0e7f8ea8-4895-4c1c-893a-40071fd0ab09,뱅뱅어패럴포항점,의류,포항중앙상가,전통시장,경상북도,,,
412819fb3ab34e6d3c34,full_annotation_v1,A,q_주유소_02,기름 넣으러 갈 데,생활서비스 중 '주유소'를 판매·제공하는 매장,test,주유소,T4 구어·문장,fbb7ac19-ada8-44e0-832c-1375d39b19f8,샛별기름집,기름,속초종합중앙시장,전통시장,강원특별자치도,,,
56c21b7ee565cd9bd1a3,full_annotation_v1,A,q_주유소_02,기름 넣으러 갈 데,생활서비스 중 '주유소'를 판매·제공하는 매장,test,주유소,T4 구어·문장,0741eac1-8757-4b58-bb3d-15f6e80dc249,에이치제이(HJ)팔레트2,한식,홍대걷고싶은거리 상점가,자율상권구역,서울특별시,,,
2679ca7d5e9a386b821f,full_annotation_v1,A,q_주유소_02,기름 넣으러 갈 데,생활서비스 중 '주유소'를 판매·제공하는 매장,test,주유소,T4 구어·문장,5abf9af5-9fdd-4ce5-8823-b75a6baf3f6a,원재기름집,기름,오목교중앙시장,전통시장,서울특별시,,,
0ae9080137d1623235a6,full_annotation_v1,A,q_주유소_02,기름 넣으러 갈 데,생활서비스 중 '주유소'를 판매·제공하는 매장,test,주유소,T4 구어·문장,013444f9-7e9b-4640-84f0-43ac071ef57f,대림고추방아,"고추가루, 기름",부천강남시장,전통시장,경기도,,,
3261f65a3415bd1fa084,full_annotation_v1,A,q_주유소_02,기름 넣으러 갈 데,생활서비스 중 '주유소'를 판매·제공하는 매장,test,주유소,T4 구어·문장,ca37d067-0f46-40e9-b422-7c5918022fae,황해기름집,기름,화천재래시장,전통시장,강원특별자치도,,,
36cea65799700faff972,full_annotation_v1,A,q_주유소_02,기름 넣으러 갈 데,생활서비스 중 '주유소'를 판매·제공하는 매장,test,주유소,T4 구어·문장,5bb4fa4f-9922-44c0-b2a1-01c604566fd3,중앙기름집,기름,홍천시장(홍천구시장),전통시장,강원특별자치도,,,
1d421676c966903e33fa,full_annotation_v1,A,q_주유소_02,기름 넣으러 갈 데,생활서비스 중 '주유소'를 판매·제공하는 매장,test,주유소,T4 구어·문장,dce9c517-42ee-4348-97fc-972cb5b52fa5,광양참기름,기름,광양시장골목형상점가,골목형상점가,제주특별자치도,,,
cdecebaedd92ca268c00,full_annotation_v1,A,q_주유소_02,기름 넣으러 갈 데,생활서비스 중 '주유소'를 판매·제공하는 매장,test,주유소,T4 구어·문장,dfca536c-0cb3-4d86-8c02-c1accad4bb97,광일참기름,기름,광양매일시장(광양상설시장),전통시장,전라남도,,,
dde6418838f75632d237,full_annotation_v1,A,q_주유소_02,기름 넣으러 갈 데,생활서비스 중 '주유소'를 판매·제공하는 매장,test,주유소,T4 구어·문장,9eba9b62-6749-477d-b449-30dec32b4587,이디야(광주수완중앙점),커피,수완머그로 골목형상점가,골목형상점가,광주광역시,,,
7605cf42aa22fe10893c,full_annotation_v1,A,q_주유소_02,기름 넣으러 갈 데,생활서비스 중 '주유소'를 판매·제공하는 매장,test,주유소,T4 구어·문장,7ff9a001-79f8-48d9-9cce-2978c57ee241,대전기름집,기름,오류전통시장(오류빤짝시장),전통시장,대전광역시,,,
e2c5263c559cf2b6c116,full_annotation_v1,A,q_주유소_02,기름 넣으러 갈 데,생활서비스 중 '주유소'를 판매·제공하는 매장,test,주유소,T4 구어·문장,d038e0f8-2203-4ebc-8596-a9bc43ba938a,상주기름집,기름,창동신창시장,전통시장,서울특별시,,,
907b324bc40717f0cda9,full_annotation_v1,A,q_주유소_02,기름 넣으러 갈 데,생활서비스 중 '주유소'를 판매·제공하는 매장,test,주유소,T4 구어·문장,4561811f-bdf2-487d-9112-bf313c4b9ac6,경향기름,기름,춘천동부시장,전통시장,강원특별자치도,,,
c8e3e054461ddb11dcff,full_annotation_v1,A,q_주유소_02,기름 넣으러 갈 데,생활서비스 중 '주유소'를 판매·제공하는 매장,test,주유소,T4 구어·문장,94c88775-acd4-4de0-9b2c-b8d524e9498c,삼미기름집,기름,모란전통기름시장,전통시장,경기도,,,
b7dcc5e13e0b137ae4ad,full_annotation_v1,A,q_주유소_02,기름 넣으러 갈 데,생활서비스 중 '주유소'를 판매·제공하는 매장,test,주유소,T4 구어·문장,cf68389b-acfb-445b-aa76-3dfec0e6e765,양양기름집,기름,주문진종합시장,전통시장,강원특별자치도,,,
4f0c9b021847ea198d53,full_annotation_v1,A,q_주유소_02,기름 넣으러 갈 데,생활서비스 중 '주유소'를 판매·제공하는 매장,test,주유소,T4 구어·문장,02516c8c-51df-48cb-848c-9c57654412a9,충북제유소,기름,서울중부시장,전통시장,서울특별시,,,
4f8a59eecfdf0aea0641,full_annotation_v1,A,q_주유소_02,기름 넣으러 갈 데,생활서비스 중 '주유소'를 판매·제공하는 매장,test,주유소,T4 구어·문장,2780c52b-08dc-4133-8b30-4b993563ec19,가창기름,기름,장미원골목시장,전통시장,서울특별시,,,
dd12110d13bc4392e5c5,full_annotation_v1,A,q_주유소_02,기름 넣으러 갈 데,생활서비스 중 '주유소'를 판매·제공하는 매장,test,주유소,T4 구어·문장,4cc8e0d3-43c5-4aeb-85eb-6bc8284939f6,낙원떡집,"떡, 기름",송라시장,전통시장,대구광역시,,,
ec326d301b8bfd5a3e69,full_annotation_v1,A,q_주유소_02,기름 넣으러 갈 데,생활서비스 중 '주유소'를 판매·제공하는 매장,test,주유소,T4 구어·문장,9f6db755-8e3e-4d8b-8f6e-f209e4387354,또래오래,치킨,괴산시장,전통시장,충청북도,,,
0c4189e0cf67d7e1f6ac,full_annotation_v1,A,q_주유소_02,기름 넣으러 갈 데,생활서비스 중 '주유소'를 판매·제공하는 매장,test,주유소,T4 구어·문장,a7e2a240-3ce6-4855-8fd9-9fd6662c3478,현대기름집,기름,모란종합시장,전통시장,경기도,,,
f2705fc36db6aa931127,full_annotation_v1,A,q_주유소_02,기름 넣으러 갈 데,생활서비스 중 '주유소'를 판매·제공하는 매장,test,주유소,T4 구어·문장,c38de4d7-65bc-4681-847c-2f20741dc427,카페그림,음료,문창시장,전통시장,대전광역시,,,
73ea6c6d4048f596e80a,full_annotation_v1,A,q_주유소_02,기름 넣으러 갈 데,생활서비스 중 '주유소'를 판매·제공하는 매장,test,주유소,T4 구어·문장,f14df4d3-9858-4a8b-8597-20fd477d8e32,갤러리 데 루치아,가구,용인어정가구단지상점가,자율상권구역,경기도,,,
9e2d52762358ab07265f,full_annotation_v1,A,q_주유소_02,기름 넣으러 갈 데,생활서비스 중 '주유소'를 판매·제공하는 매장,test,주유소,T4 구어·문장,dc569198-4383-4fe3-b29b-254728473a3d,문수상회,기름,봉화상설시장,전통시장,경상북도,,,
f3f90322f759c60880da,full_annotation_v1,A,q_주유소_02,기름 넣으러 갈 데,생활서비스 중 '주유소'를 판매·제공하는 매장,test,주유소,T4 구어·문장,233a6c5e-2e7e-4b74-bd0f-e2d6aa1b9fec,사슴기름집,기름,왜관시장,전통시장,경상북도,,,
2d356d03bb0d2fae546e,full_annotation_v1,A,q_주유소_02,기름 넣으러 갈 데,생활서비스 중 '주유소'를 판매·제공하는 매장,test,주유소,T4 구어·문장,1ae9799a-c8f2-4586-aa22-5e126694b56c,선산상회,채소,부산자유시장,전통시장,부산광역시,,,
efd1fd688550c61b4001,full_annotation_v1,A,q_주유소_02,기름 넣으러 갈 데,생활서비스 중 '주유소'를 판매·제공하는 매장,test,주유소,T4 구어·문장,d6599531-b5a6-42f6-883f-05130557c984,대구기름집,기름,우이골목시장골목형상점가,골목형상점가,서울특별시,,,
88a0f947d082bf5d9148,full_annotation_v1,A,q_주유소_02,기름 넣으러 갈 데,생활서비스 중 '주유소'를 판매·제공하는 매장,test,주유소,T4 구어·문장,5d681691-c82e-4009-b8fd-f528f2f2a47f,강원기름집,기름,신 강남시장,전통시장,인천광역시,,,
79efa599b102fc5a01be,full_annotation_v1,A,q_주유소_02,기름 넣으러 갈 데,생활서비스 중 '주유소'를 판매·제공하는 매장,test,주유소,T4 구어·문장,8927ba29-5518-4841-9103-3c9a065ecbe7,풍년상회,기름,청량리종합시장,전통시장,서울특별시,,,
ca29f37e0699055f3c4f,full_annotation_v1,A,q_주유소_02,기름 넣으러 갈 데,생활서비스 중 '주유소'를 판매·제공하는 매장,test,주유소,T4 구어·문장,7540e538-b667-4174-baec-01660bf44a7c,칠성기름집,기름,왜관시장,전통시장,경상북도,,,
46c979f678aeb10bc6e6,full_annotation_v1,A,q_주유소_02,기름 넣으러 갈 데,생활서비스 중 '주유소'를 판매·제공하는 매장,test,주유소,T4 구어·문장,95bf6cba-5d06-44c9-9611-257970a31ffe,서울기름집,기름,모란전통기름시장,전통시장,경기도,,,
9f2605e099b93b2cbb98,full_annotation_v1,A,q_주유소_02,기름 넣으러 갈 데,생활서비스 중 '주유소'를 판매·제공하는 매장,test,주유소,T4 구어·문장,bf033087-b9c2-46ea-92d9-546fa63a1178,오복기름집,기름,모란전통기름시장,전통시장,경기도,,,
8039d9728fa25d47c4ec,full_annotation_v1,A,q_주유소_02,기름 넣으러 갈 데,생활서비스 중 '주유소'를 판매·제공하는 매장,test,주유소,T4 구어·문장,a05f1488-9da4-4611-bd84-c9480dcb9be8,진미상회,기름,중리시장,전통시장,대전광역시,,,
b51dd9a9a80fb126c8aa,full_annotation_v1,A,q_주유소_02,기름 넣으러 갈 데,생활서비스 중 '주유소'를 판매·제공하는 매장,test,주유소,T4 구어·문장,232d5129-7565-496e-a121-3712e3562c65,고향참기름,기름,마천중앙시장,전통시장,서울특별시,,,
15f8c1472059eba8d6f7,full_annotation_v1,A,q_주유소_02,기름 넣으러 갈 데,생활서비스 중 '주유소'를 판매·제공하는 매장,test,주유소,T4 구어·문장,65f6859a-9a45-48bf-b4de-541a5953532e,삼봉방앗간,기름,구월시장,전통시장,인천광역시,,,
557d76207dddd01b1ae7,full_annotation_v1,A,q_주유소_02,기름 넣으러 갈 데,생활서비스 중 '주유소'를 판매·제공하는 매장,test,주유소,T4 구어·문장,8835d461-5499-4bf7-8709-834d9f6e9b54,만나기름집,기름,일산시장(구 일산전통시장),전통시장,경기도,,,
f14f6ebe479df80a70fe,full_annotation_v1,A,q_주유소_02,기름 넣으러 갈 데,생활서비스 중 '주유소'를 판매·제공하는 매장,test,주유소,T4 구어·문장,24951010-132d-498f-a586-0c7d6f051bf4,승현기름집,기름,오목교중앙시장,전통시장,서울특별시,,,
51409c359b98b67a36d3,full_annotation_v1,A,q_주유소_02,기름 넣으러 갈 데,생활서비스 중 '주유소'를 판매·제공하는 매장,test,주유소,T4 구어·문장,b23b4cb5-ebdd-45a4-9e25-e6200dad3f26,크로커다일가좌점,의류,가좌시장,전통시장,인천광역시,,,
753511d6e429d0250adb,full_annotation_v1,A,q_주유소_02,기름 넣으러 갈 데,생활서비스 중 '주유소'를 판매·제공하는 매장,test,주유소,T4 구어·문장,23b70117-c5c2-4bd6-9e81-d720faf21b4e,전주참기름,기름,신성전통시장,전통시장,서울특별시,,,
834040e6b78d2166c89d,full_annotation_v1,A,q_주유소_02,기름 넣으러 갈 데,생활서비스 중 '주유소'를 판매·제공하는 매장,test,주유소,T4 구어·문장,d44492a7-a793-43d1-aec2-0e646314ac8e,감탄떡볶이 신 갈 점,,새천년 골목형상점가,골목형상점가,경기도,,,
27ea55de6d1631eb2d02,full_annotation_v1,A,q_주유소_02,기름 넣으러 갈 데,생활서비스 중 '주유소'를 판매·제공하는 매장,test,주유소,T4 구어·문장,620981f7-a88c-4036-bbfa-623467acecd4,봉화기름집,기름,덕풍전통시장,전통시장,경기도,,,
3dccec91d55edca737e6,full_annotation_v1,A,q_주유소_02,기름 넣으러 갈 데,생활서비스 중 '주유소'를 판매·제공하는 매장,test,주유소,T4 구어·문장,664bf57e-b03e-4d7c-9a27-bf75111f39fe,금성기름집,기름,남부골목시장,전통시장,서울특별시,,,
6d662040e95980b74efc,full_annotation_v1,A,q_주유소_02,기름 넣으러 갈 데,생활서비스 중 '주유소'를 판매·제공하는 매장,test,주유소,T4 구어·문장,f28f495c-06db-4d48-9ef4-a6327c894d75,삼성기름,기름,진주 중앙시장,전통시장,경상남도,,,
2e7c0fd3d1261845f6fa,full_annotation_v1,A,q_주유소_02,기름 넣으러 갈 데,생활서비스 중 '주유소'를 판매·제공하는 매장,test,주유소,T4 구어·문장,030536cb-46fd-4817-a7a9-ba9f838a3d84,신흥기름집,기름,월정로시장,기타,서울특별시,,,
243a1bd9b1ad53312d23,full_annotation_v1,A,q_주유소_02,기름 넣으러 갈 데,생활서비스 중 '주유소'를 판매·제공하는 매장,test,주유소,T4 구어·문장,7447a922-6703-4d9e-ba66-7f7892705d24,시장기름집,기름,익산중앙시장,전통시장,전북특별자치도,,,
612bb97d6b52aa3758e5,full_annotation_v1,A,q_주유소_02,기름 넣으러 갈 데,생활서비스 중 '주유소'를 판매·제공하는 매장,test,주유소,T4 구어·문장,00628f75-c56d-4ff4-8901-154133d16a19,현대주유소,주유소,웃장,전통시장,전라남도,,,
6a02d28897ea20bfd50e,full_annotation_v1,A,q_주유소_02,기름 넣으러 갈 데,생활서비스 중 '주유소'를 판매·제공하는 매장,test,주유소,T4 구어·문장,6f7102de-82e0-4ecc-b552-52f9a50a7263,부흥기름집,기름,모란전통기름시장,전통시장,경기도,,,
ac70b496242d057f7f90,full_annotation_v1,A,q_주유소_02,기름 넣으러 갈 데,생활서비스 중 '주유소'를 판매·제공하는 매장,test,주유소,T4 구어·문장,706d3198-bdb4-4b3f-87b0-0dd633c79120,아이사랑,기름,원종고강제일시장(부천제일시장),전통시장,경기도,,,
3e37d3b92c8a94176fbf,full_annotation_v1,A,q_주유소_02,기름 넣으러 갈 데,생활서비스 중 '주유소'를 판매·제공하는 매장,test,주유소,T4 구어·문장,8605cd70-67a8-4b01-b19e-dc18985eb1af,중앙기름,기름,춘천중앙시장,전통시장,강원특별자치도,,,
9fb43cc03738466e1d35,full_annotation_v1,A,q_주유소_02,기름 넣으러 갈 데,생활서비스 중 '주유소'를 판매·제공하는 매장,test,주유소,T4 구어·문장,05af1041-c841-4c55-a15a-d7df08dff6fc,예향주유소,주유소,풍암SK.광명상가상인회 골목형상점가,골목형상점가,광주광역시,,,
637528ca696d6fdc8570,full_annotation_v1,A,q_주유소_02,기름 넣으러 갈 데,생활서비스 중 '주유소'를 판매·제공하는 매장,test,주유소,T4 구어·문장,aba76fc2-984e-4030-ba01-e2e7d78264c7,데 아로즈 대전둔산본점,,갈리단길 골목형상점가,골목형상점가,대전광역시,,,
2a15128d5d25c70507a1,full_annotation_v1,A,q_주유소_02,기름 넣으러 갈 데,생활서비스 중 '주유소'를 판매·제공하는 매장,test,주유소,T4 구어·문장,6e3a9dfa-f5b5-4eb9-a203-3fa5f6158703,영천과일나라,과일류,안강공설시장,전통시장,경상북도,,,
f2e0974ea6a0777a97cf,full_annotation_v1,A,q_주유소_02,기름 넣으러 갈 데,생활서비스 중 '주유소'를 판매·제공하는 매장,test,주유소,T4 구어·문장,40aa00e6-bddd-4b0c-9ee7-6d8a4497345c,경북기름집,기름,청량리전통시장,전통시장,서울특별시,,,
2c3ab79723b224fbd04f,full_annotation_v1,A,q_주유소_02,기름 넣으러 갈 데,생활서비스 중 '주유소'를 판매·제공하는 매장,test,주유소,T4 구어·문장,55327f6e-ce7c-45ee-98bd-d307ac322b82,경상도기름집,기름,아현시장,전통시장,서울특별시,,,
e65831a12f12ac083e64,full_annotation_v1,A,q_주유소_02,기름 넣으러 갈 데,생활서비스 중 '주유소'를 판매·제공하는 매장,test,주유소,T4 구어·문장,057020ed-9d18-4250-94d2-4ba64f9638da,주문기름집,기름,주문진종합시장,전통시장,강원특별자치도,,,
8757ed6e02957b83cb9b,full_annotation_v1,A,q_주유소_02,기름 넣으러 갈 데,생활서비스 중 '주유소'를 판매·제공하는 매장,test,주유소,T4 구어·문장,0321329e-d220-40a4-8f40-a7c79b5ea682,양촌주유소,주유소,지석사거리 골목형상점가,골목형상점가,광주광역시,,,
7f83db0fb19a42f6bc27,full_annotation_v1,A,q_주유소_02,기름 넣으러 갈 데,생활서비스 중 '주유소'를 판매·제공하는 매장,test,주유소,T4 구어·문장,95cdf8fb-c098-4cbb-82fa-1c6af3bb3fbc,봉천기름고추상회,기름,강릉성남시장,전통시장,강원특별자치도,,,
e79ddd573a206b2f6fda,full_annotation_v1,A,q_주유소_02,기름 넣으러 갈 데,생활서비스 중 '주유소'를 판매·제공하는 매장,test,주유소,T4 구어·문장,4773295e-7055-4cf3-9baa-766d78748081,영남기름집,기름,면목골목시장,전통시장,서울특별시,,,
1ed2945308b3a9bfcc9e,full_annotation_v1,A,q_주유소_02,기름 넣으러 갈 데,생활서비스 중 '주유소'를 판매·제공하는 매장,test,주유소,T4 구어·문장,61f4878a-4b6b-4b1e-926e-4ce28731f9dd,삼일기름,기름,세아프라자상가(동두천세아상가시장),전통시장,경기도,,,
634f3b2250d1cad56dc3,full_annotation_v1,A,q_주유소_02,기름 넣으러 갈 데,생활서비스 중 '주유소'를 판매·제공하는 매장,test,주유소,T4 구어·문장,fa9d4931-eb5e-4e1d-9476-c0cb92a28541,반도기름집,기름,서귀포매일올레시장,전통시장,제주특별자치도,,,
90d52099389f4294608c,full_annotation_v1,A,q_주유소_02,기름 넣으러 갈 데,생활서비스 중 '주유소'를 판매·제공하는 매장,test,주유소,T4 구어·문장,22210a7a-cee4-4555-b060-b436d7e7bb02,건양기름집,기름,논산화지중앙시장,전통시장,충청남도,,,
104dfd5e22a69b8a5c8e,full_annotation_v1,A,q_주유소_02,기름 넣으러 갈 데,생활서비스 중 '주유소'를 판매·제공하는 매장,test,주유소,T4 구어·문장,7aad34d9-133e-4f60-b912-f5f7e04fe794,대구기름,기름,성대건물시장,전통시장,서울특별시,,,
9d7444e7042d1268078d,full_annotation_v1,A,q_주유소_02,기름 넣으러 갈 데,생활서비스 중 '주유소'를 판매·제공하는 매장,test,주유소,T4 구어·문장,5e25535b-0401-43fc-804c-9023fbdc7e76,옛날기름집,기름,화서시장,전통시장,경기도,,,
ca1e39ae4a87addef405,full_annotation_v1,A,q_주유소_03,차에 기름 넣을 수 있는 곳,생활서비스 중 '주유소'를 판매·제공하는 매장,test,주유소,T4 구어·문장,4561811f-bdf2-487d-9112-bf313c4b9ac6,경향기름,기름,춘천동부시장,전통시장,강원특별자치도,,,
985fd0678689a675e4de,full_annotation_v1,A,q_주유소_03,차에 기름 넣을 수 있는 곳,생활서비스 중 '주유소'를 판매·제공하는 매장,test,주유소,T4 구어·문장,361b78af-4c35-4c69-8150-9281c60383ba,수,의류,안산다농마트전통시장,전통시장,경기도,,,
ff7861f932a092c8346b,full_annotation_v1,A,q_주유소_03,차에 기름 넣을 수 있는 곳,생활서비스 중 '주유소'를 판매·제공하는 매장,test,주유소,T4 구어·문장,057020ed-9d18-4250-94d2-4ba64f9638da,주문기름집,기름,주문진종합시장,전통시장,강원특별자치도,,,
a49f91d1de7a2116aad6,full_annotation_v1,A,q_주유소_03,차에 기름 넣을 수 있는 곳,생활서비스 중 '주유소'를 판매·제공하는 매장,test,주유소,T4 구어·문장,e0875a25-d6ef-4bab-aedf-a564aea1e7ad,진미기름,기름,포항죽도시장,전통시장,경상북도,,,
1e8ea088302344274bb7,full_annotation_v1,A,q_주유소_03,차에 기름 넣을 수 있는 곳,생활서비스 중 '주유소'를 판매·제공하는 매장,test,주유소,T4 구어·문장,85dda4b4-8df5-417d-be07-79db65ef5da8,건강백세약국,의약품,충정로56출구 골목형상점가,골목형상점가,서울특별시,,,
58796b1216a26cfebeba,full_annotation_v1,A,q_주유소_03,차에 기름 넣을 수 있는 곳,생활서비스 중 '주유소'를 판매·제공하는 매장,test,주유소,T4 구어·문장,6c01ac3e-bcd7-4972-8cf0-1214d294fb4c,디오션 수 약국,,군산금빛 골목형상점가,골목형상점가,전북특별자치도,,,
b8b1fc94b783871258d3,full_annotation_v1,A,q_주유소_03,차에 기름 넣을 수 있는 곳,생활서비스 중 '주유소'를 판매·제공하는 매장,test,주유소,T4 구어·문장,824214f8-5831-4970-b518-d814b00e8814,아크플로우,미용,선운별 골목형상점가,골목형상점가,광주광역시,,,
81b1e2d11119978ba186,full_annotation_v1,A,q_주유소_03,차에 기름 넣을 수 있는 곳,생활서비스 중 '주유소'를 판매·제공하는 매장,test,주유소,T4 구어·문장,dd894757-bc6e-4a30-b01c-dfdf5dde1296,정선기름집,기름,정선아리랑시장,전통시장,강원특별자치도,,,
eaf0e7570586fd7d5cad,full_annotation_v1,A,q_주유소_03,차에 기름 넣을 수 있는 곳,생활서비스 중 '주유소'를 판매·제공하는 매장,test,주유소,T4 구어·문장,23b70117-c5c2-4bd6-9e81-d720faf21b4e,전주참기름,기름,신성전통시장,전통시장,서울특별시,,,
c17f019e0a1effa7cbd0,full_annotation_v1,A,q_주유소_03,차에 기름 넣을 수 있는 곳,생활서비스 중 '주유소'를 판매·제공하는 매장,test,주유소,T4 구어·문장,f28f495c-06db-4d48-9ef4-a6327c894d75,삼성기름,기름,진주 중앙시장,전통시장,경상남도,,,
d3de554b4fcc78b96412,full_annotation_v1,A,q_주유소_03,차에 기름 넣을 수 있는 곳,생활서비스 중 '주유소'를 판매·제공하는 매장,test,주유소,T4 구어·문장,9f144b14-b201-4a40-b96e-e56dd74aef29,한씨기름집,기름,강릉성남시장,전통시장,강원특별자치도,,,
f63c611173645c335550,full_annotation_v1,A,q_주유소_03,차에 기름 넣을 수 있는 곳,생활서비스 중 '주유소'를 판매·제공하는 매장,test,주유소,T4 구어·문장,95bf6cba-5d06-44c9-9611-257970a31ffe,서울기름집,기름,모란전통기름시장,전통시장,경기도,,,
0457bf07dee13682f56b,full_annotation_v1,A,q_주유소_03,차에 기름 넣을 수 있는 곳,생활서비스 중 '주유소'를 판매·제공하는 매장,test,주유소,T4 구어·문장,dda02096-26a0-42e0-8188-db37ebd4f3a2,근본 있는 족발 보쌈 세종본점,한식(족발),새샘하루 골목형상점가,골목형상점가,세종특별자치시,,,
34389cb2149ddda20f9e,full_annotation_v1,A,q_주유소_03,차에 기름 넣을 수 있는 곳,생활서비스 중 '주유소'를 판매·제공하는 매장,test,주유소,T4 구어·문장,7aad34d9-133e-4f60-b912-f5f7e04fe794,대구기름,기름,성대건물시장,전통시장,서울특별시,,,
0122cd414078d71288c2,full_annotation_v1,A,q_주유소_03,차에 기름 넣을 수 있는 곳,생활서비스 중 '주유소'를 판매·제공하는 매장,test,주유소,T4 구어·문장,fe571b7f-0654-42bc-bd7d-1dd65f3a612c,수(秀),의류,전주중앙상가시장,전통시장,전북특별자치도,,,
45a83f56e0eda4074cb5,full_annotation_v1,A,q_주유소_03,차에 기름 넣을 수 있는 곳,생활서비스 중 '주유소'를 판매·제공하는 매장,test,주유소,T4 구어·문장,87abaa19-596f-4e26-a967-a8177d26df31,수 마카롱,마카롱,정릉서경대길골목형상점가(정릉골),골목형상점가,서울특별시,,,
4fae0b3f73aafdccafd0,full_annotation_v1,A,q_주유소_03,차에 기름 넣을 수 있는 곳,생활서비스 중 '주유소'를 판매·제공하는 매장,test,주유소,T4 구어·문장,2b7a9d4a-0f61-49d5-923a-d919928fceb3,수 노래연습장,,별내화접 골목형상점가,골목형상점가,경기도,,,
65a7a11a3f9b5f056c7f,full_annotation_v1,A,q_주유소_03,차에 기름 넣을 수 있는 곳,생활서비스 중 '주유소'를 판매·제공하는 매장,test,주유소,T4 구어·문장,dc569198-4383-4fe3-b29b-254728473a3d,문수상회,기름,봉화상설시장,전통시장,경상북도,,,
c30706443f08839f16d0,full_annotation_v1,A,q_주유소_03,차에 기름 넣을 수 있는 곳,생활서비스 중 '주유소'를 판매·제공하는 매장,test,주유소,T4 구어·문장,61bea79e-39c2-455a-b6f4-60a40a2729ee,수 숯불꼬치,숯불꼬치,혁신도시6구역골목형상점가,골목형상점가,강원특별자치도,,,
d2fb3afd4d41c0171e31,full_annotation_v1,A,q_주유소_03,차에 기름 넣을 수 있는 곳,생활서비스 중 '주유소'를 판매·제공하는 매장,test,주유소,T4 구어·문장,2c57d508-c6bc-4597-8d0c-644a1c69346b,수 가죽공방,가죽공방,스타프라자전통시장,전통시장,경기도,,,
b6cb853553fcb735fa15,full_annotation_v1,A,q_주유소_03,차에 기름 넣을 수 있는 곳,생활서비스 중 '주유소'를 판매·제공하는 매장,test,주유소,T4 구어·문장,c82c5d8e-52a1-4b6f-b4d6-2a44297fd53f,해피안의료기,의료기기 잡화 건강기능식품 화장품,군산중앙로 골목형상점가,골목형상점가,전북특별자치도,,,
dafd990a864fc59e8b7f,full_annotation_v1,A,q_주유소_03,차에 기름 넣을 수 있는 곳,생활서비스 중 '주유소'를 판매·제공하는 매장,test,주유소,T4 구어·문장,e9d6481d-8213-46a8-bd06-310084f0bd3a,수,,파워존 골목형상점가,골목형상점가,대전광역시,,,
1fa34faa7c3af2526f2d,full_annotation_v1,A,q_주유소_03,차에 기름 넣을 수 있는 곳,생활서비스 중 '주유소'를 판매·제공하는 매장,test,주유소,T4 구어·문장,03fc31f6-840c-4e71-943d-99f5e0d0db56,살롱드. 수,헤어,상무1동아파트상인회 골목형상점가,골목형상점가,광주광역시,,,
d586b4996e422593a8e6,full_annotation_v1,A,q_주유소_03,차에 기름 넣을 수 있는 곳,생활서비스 중 '주유소'를 판매·제공하는 매장,test,주유소,T4 구어·문장,b3e48797-0925-4074-b2a1-3ee2927f2a93,파리바게뜨신부터미널점,,신부유람단골목형상점가,골목형상점가,충청남도,,,
2669d350cf055f14b85e,full_annotation_v1,A,q_주유소_03,차에 기름 넣을 수 있는 곳,생활서비스 중 '주유소'를 판매·제공하는 매장,test,주유소,T4 구어·문장,7257e4e7-7b61-402c-8bbf-92079fef57db,보디가드,속옷류,의정부제일시장,전통시장,경기도,,,
7d0c84f45976c22b915d,full_annotation_v1,A,q_주유소_03,차에 기름 넣을 수 있는 곳,생활서비스 중 '주유소'를 판매·제공하는 매장,test,주유소,T4 구어·문장,ffcab518-f7d5-49e1-aa49-0b41bcfb5b9c,한라기름집,기름,동문재래시장,전통시장,제주특별자치도,,,
f9b93a95110dea8ce5b7,full_annotation_v1,A,q_주유소_03,차에 기름 넣을 수 있는 곳,생활서비스 중 '주유소'를 판매·제공하는 매장,test,주유소,T4 구어·문장,f742c6c5-661e-47b9-a079-ebf69db6ae94,엄마기름집,기름,고분다리시장,전통시장,서울특별시,,,
a41e55c1aa8b40414755,full_annotation_v1,A,q_주유소_03,차에 기름 넣을 수 있는 곳,생활서비스 중 '주유소'를 판매·제공하는 매장,test,주유소,T4 구어·문장,8224c4ea-5f0a-4661-9b6a-8c0e0bb0d0b2,참만나기름,기름,고산구시장 상점가,자율상권구역,전라남도,,,
d7fb4c48186709eed2d6,full_annotation_v1,A,q_주유소_03,차에 기름 넣을 수 있는 곳,생활서비스 중 '주유소'를 판매·제공하는 매장,test,주유소,T4 구어·문장,f2f40065-3197-4c7b-af62-433ac62cb54f,수 한의원,의료,산본로데오거리(구 산본중심상가),자율상권구역,경기도,,,
c54077f9063f07c32d7e,full_annotation_v1,A,q_주유소_03,차에 기름 넣을 수 있는 곳,생활서비스 중 '주유소'를 판매·제공하는 매장,test,주유소,T4 구어·문장,5e25535b-0401-43fc-804c-9023fbdc7e76,옛날기름집,기름,화서시장,전통시장,경기도,,,
5f13a7b3e6c95b740198,full_annotation_v1,A,q_주유소_03,차에 기름 넣을 수 있는 곳,생활서비스 중 '주유소'를 판매·제공하는 매장,test,주유소,T4 구어·문장,8927ba29-5518-4841-9103-3c9a065ecbe7,풍년상회,기름,청량리종합시장,전통시장,서울특별시,,,
6f40da03204b41b39e9f,full_annotation_v1,A,q_주유소_03,차에 기름 넣을 수 있는 곳,생활서비스 중 '주유소'를 판매·제공하는 매장,test,주유소,T4 구어·문장,6ded9aac-7de3-4f99-b12b-d72feedfe0d7,하늘소정육점,정육,마산어시장,전통시장,경상남도,,,
501a449483c961ae7200,full_annotation_v1,A,q_주유소_03,차에 기름 넣을 수 있는 곳,생활서비스 중 '주유소'를 판매·제공하는 매장,test,주유소,T4 구어·문장,2780c52b-08dc-4133-8b30-4b993563ec19,가창기름,기름,장미원골목시장,전통시장,서울특별시,,,
afaa9db06e8ab6c1b9fb,full_annotation_v1,A,q_주유소_03,차에 기름 넣을 수 있는 곳,생활서비스 중 '주유소'를 판매·제공하는 매장,test,주유소,T4 구어·문장,f65bf0ef-9e3c-4ae2-89d8-667edcdf697c,남일기름,기름,암사종합시장,전통시장,서울특별시,,,
2dab8419ea3a01bb3af3,full_annotation_v1,A,q_주유소_03,차에 기름 넣을 수 있는 곳,생활서비스 중 '주유소'를 판매·제공하는 매장,test,주유소,T4 구어·문장,cf4a3e65-201b-48b9-8c6d-cd3d0f84943c,대성통닭,생닭 통닭,신내당시장 상점가,자율상권구역,대구광역시,,,
61e2741c4ed82b6555b8,full_annotation_v1,A,q_주유소_03,차에 기름 넣을 수 있는 곳,생활서비스 중 '주유소'를 판매·제공하는 매장,test,주유소,T4 구어·문장,dfca536c-0cb3-4d86-8c02-c1accad4bb97,광일참기름,기름,광양매일시장(광양상설시장),전통시장,전라남도,,,
9b7b3be4db6c6ac800f4,full_annotation_v1,A,q_주유소_03,차에 기름 넣을 수 있는 곳,생활서비스 중 '주유소'를 판매·제공하는 매장,test,주유소,T4 구어·문장,4d777d02-6931-42b3-990b-08ca04587f8a,수 정보통신,휴대폰,둔전골목형상점가,골목형상점가,경기도,,,
801bfb779b28341f149a,full_annotation_v1,A,q_주유소_03,차에 기름 넣을 수 있는 곳,생활서비스 중 '주유소'를 판매·제공하는 매장,test,주유소,T4 구어·문장,af51f3c7-e25c-4940-84ab-1b0306fdea3a,수(DODO),의류,동인천지하상가(동인천지하아케이드),일반지하상점가,인천광역시,,,
8626d2f2673f405bbb82,full_annotation_v1,A,q_주유소_03,차에 기름 넣을 수 있는 곳,생활서비스 중 '주유소'를 판매·제공하는 매장,test,주유소,T4 구어·문장,dce9c517-42ee-4348-97fc-972cb5b52fa5,광양참기름,기름,광양시장골목형상점가,골목형상점가,제주특별자치도,,,
ace83e7b07ff643d4aeb,full_annotation_v1,A,q_주유소_03,차에 기름 넣을 수 있는 곳,생활서비스 중 '주유소'를 판매·제공하는 매장,test,주유소,T4 구어·문장,9d71ffe4-87c2-4899-af3e-8f52636e9a06,부자기름집,기름,용문천년시장,전통시장,경기도,,,
882ab7e3fc5a30cdc7a8,full_annotation_v1,A,q_주유소_03,차에 기름 넣을 수 있는 곳,생활서비스 중 '주유소'를 판매·제공하는 매장,test,주유소,T4 구어·문장,e484e54e-b421-4709-a22b-b23aeaad27c1,수,의류,동산상가,전통시장,대구광역시,,,
04ac0bf4048b10350166,full_annotation_v1,A,q_주유소_03,차에 기름 넣을 수 있는 곳,생활서비스 중 '주유소'를 판매·제공하는 매장,test,주유소,T4 구어·문장,2743811c-5e71-4d2b-aa75-1b0147d44f2d,사우 꽃이 피는 곳,꽃,김포 풍년마을 골목형상점가,골목형상점가,경기도,,,
9b27c80b853649581a59,full_annotation_v1,A,q_주유소_03,차에 기름 넣을 수 있는 곳,생활서비스 중 '주유소'를 판매·제공하는 매장,test,주유소,T4 구어·문장,5f1c9146-708e-4e09-858c-26fafd3dbc20,수 솔루션,홍삼액,운암1동 골목형상점가,골목형상점가,광주광역시,,,
8ca9b0ee53958a7c04ea,full_annotation_v1,A,q_주유소_03,차에 기름 넣을 수 있는 곳,생활서비스 중 '주유소'를 판매·제공하는 매장,test,주유소,T4 구어·문장,6a1944e1-ddd3-43c5-8ade-1005036c810c,수 플라워,화초,법원단지길골목형상점가,골목형상점가,서울특별시,,,
ed5dc55c8fcd934e01ee,full_annotation_v1,A,q_주유소_03,차에 기름 넣을 수 있는 곳,생활서비스 중 '주유소'를 판매·제공하는 매장,test,주유소,T4 구어·문장,310fefad-a2a2-49e5-8246-693d45887f91,덕성유니폼,의류,신중앙시장,전통시장,서울특별시,,,
0a32ed2f246c95b5fc2f,full_annotation_v1,A,q_주유소_03,차에 기름 넣을 수 있는 곳,생활서비스 중 '주유소'를 판매·제공하는 매장,test,주유소,T4 구어·문장,c415fced-d814-4785-a149-fbb661065694,수 헤어살롱,미용서비스,월산먹자골목 골목형상점가,골목형상점가,광주광역시,,,
76fe4687c93b025f6e99,full_annotation_v1,A,q_주유소_03,차에 기름 넣을 수 있는 곳,생활서비스 중 '주유소'를 판매·제공하는 매장,test,주유소,T4 구어·문장,5c102a5d-2177-4188-97f4-d8899a884d83,수 노래연습장,노래방,석계음식문화거리골목형상점가,골목형상점가,서울특별시,,,
83dce79ef72a8b74cdf0,full_annotation_v1,A,q_주유소_03,차에 기름 넣을 수 있는 곳,생활서비스 중 '주유소'를 판매·제공하는 매장,test,주유소,T4 구어·문장,c44fc36e-ee96-46f8-8f99-31214e39879a,새댁기름집,기름,정읍샘고을시장,전통시장,전북특별자치도,,,
50159027b08dc9157378,full_annotation_v1,A,q_주유소_03,차에 기름 넣을 수 있는 곳,생활서비스 중 '주유소'를 판매·제공하는 매장,test,주유소,T4 구어·문장,5ff5e851-9695-4924-8ed9-a9eed1ebe098,수,일식,효자시장,전통시장,경상북도,,,
b4c7a6ff915636c47682,full_annotation_v1,A,q_주유소_03,차에 기름 넣을 수 있는 곳,생활서비스 중 '주유소'를 판매·제공하는 매장,test,주유소,T4 구어·문장,b87a9404-196a-4e4e-b124-ec61fdef35fd,삼호이용원,두발,동림동 골목형상점가,골목형상점가,광주광역시,,,
7664ddec3d52cdb36740,full_annotation_v1,A,q_주유소_03,차에 기름 넣을 수 있는 곳,생활서비스 중 '주유소'를 판매·제공하는 매장,test,주유소,T4 구어·문장,24456103-f6b8-46af-8655-82e61d7265d8,커피가 머무르는 곳,커피,반드레길골목형상점가,골목형상점가,서울특별시,,,
c3849225d516ecb9ee09,full_annotation_v1,A,q_주유소_03,차에 기름 넣을 수 있는 곳,생활서비스 중 '주유소'를 판매·제공하는 매장,test,주유소,T4 구어·문장,5b0e27f3-3fe0-4dac-815e-7f70ac2fcf6f,수&골드,귀금속,청주육거리종합시장,전통시장,충청북도,,,
5ac88f12005bc0891064,full_annotation_v1,A,q_주유소_03,차에 기름 넣을 수 있는 곳,생활서비스 중 '주유소'를 판매·제공하는 매장,test,주유소,T4 구어·문장,bf033087-b9c2-46ea-92d9-546fa63a1178,오복기름집,기름,모란전통기름시장,전통시장,경기도,,,
f1db6e325d0f4e93455f,full_annotation_v1,A,q_주유소_03,차에 기름 넣을 수 있는 곳,생활서비스 중 '주유소'를 판매·제공하는 매장,test,주유소,T4 구어·문장,a2a9a65c-898d-4d94-991f-e00dcdaa97f7,월드크리닝 선운모아엘가점,세탁물보관,선운별 골목형상점가,골목형상점가,광주광역시,,,
b8920b841fd596552061,full_annotation_v1,A,q_주유소_03,차에 기름 넣을 수 있는 곳,생활서비스 중 '주유소'를 판매·제공하는 매장,test,주유소,T4 구어·문장,d51a889e-0b72-4272-a5b8-93e9ed52ad8e,호계참기름,기름,호계종합시장,전통시장,경기도,,,
8f679862f27915edd090,full_annotation_v1,A,q_주유소_03,차에 기름 넣을 수 있는 곳,생활서비스 중 '주유소'를 판매·제공하는 매장,test,주유소,T4 구어·문장,8ded3b02-77a4-4691-9eec-8a72d26d837a,충북수산,수,노량진수산시장골목형상점가,골목형상점가,서울특별시,,,
3ef95c18287e34476d02,full_annotation_v1,A,q_주유소_03,차에 기름 넣을 수 있는 곳,생활서비스 중 '주유소'를 판매·제공하는 매장,test,주유소,T4 구어·문장,bec5c527-8429-4f16-bcf1-f9c49678a06f,수.안초밥,,원도심 상권활성화구역,상권활성화구역,대전광역시,,,
da0f6563ba8a2fc6d98e,full_annotation_v1,A,q_주유소_03,차에 기름 넣을 수 있는 곳,생활서비스 중 '주유소'를 판매·제공하는 매장,test,주유소,T4 구어·문장,cb57ba98-ccda-4342-aa55-a141c1cc377c,핸드메이드 수,공예품,거제 한라프라자,전통시장,경상남도,,,
a6ca95eedea489c73e04,full_annotation_v1,A,q_주유소_03,차에 기름 넣을 수 있는 곳,생활서비스 중 '주유소'를 판매·제공하는 매장,test,주유소,T4 구어·문장,2f98af1a-9da9-4db1-a367-ca1d5a098952,이자카야 수,연어,전방의거리 골목형상점가,골목형상점가,인천광역시,,,
638b5e316347d3b59262,full_annotation_v1,A,q_주유소_03,차에 기름 넣을 수 있는 곳,생활서비스 중 '주유소'를 판매·제공하는 매장,test,주유소,T4 구어·문장,49082f24-9e22-4fee-9588-d4b68df3d56a,경남천막사,천막,칠성전자주방시장,전통시장,대구광역시,,,
45a50134f44978141b28,full_annotation_v1,A,q_주유소_03,차에 기름 넣을 수 있는 곳,생활서비스 중 '주유소'를 판매·제공하는 매장,test,주유소,T4 구어·문장,028c4d82-c6ec-48e8-ae96-9a11c25db40e,충청도기름집,기름,용현시장,전통시장,인천광역시,,,
f875c8d731bf27419920,full_annotation_v1,A,q_주유소_03,차에 기름 넣을 수 있는 곳,생활서비스 중 '주유소'를 판매·제공하는 매장,test,주유소,T4 구어·문장,76a3551b-dae4-4326-92cc-662015aedbfb,쉴 곳,한식,칠성로상점가,자율상권구역,제주특별자치도,,,
a6beab0e635ada85bd00,full_annotation_v1,A,q_주유소_03,차에 기름 넣을 수 있는 곳,생활서비스 중 '주유소'를 판매·제공하는 매장,test,주유소,T4 구어·문장,95f09c59-690f-4ed7-9a91-1a85405b5363,수,의류,제주중앙지하상가,일반지하상점가,제주특별자치도,,,
d3006728b85933cada33,full_annotation_v1,A,q_주유소_03,차에 기름 넣을 수 있는 곳,생활서비스 중 '주유소'를 판매·제공하는 매장,test,주유소,T4 구어·문장,6ec259c9-3d0b-4b68-9d38-f1c243f3ed42,수,의류,양산길 골목형상점가,골목형상점가,광주광역시,,,
d808a25ce0a8caee3828,full_annotation_v1,A,q_주유소_03,차에 기름 넣을 수 있는 곳,생활서비스 중 '주유소'를 판매·제공하는 매장,test,주유소,T4 구어·문장,07367a1a-31a7-44db-bc10-f641505d5e02,수 스킨케어,피부,풍암당산상인회 골목형상점가,골목형상점가,광주광역시,,,
37254c6b8f73927e9484,full_annotation_v1,A,q_주유소_03,차에 기름 넣을 수 있는 곳,생활서비스 중 '주유소'를 판매·제공하는 매장,test,주유소,T4 구어·문장,090cca41-8ec1-4fc2-84a3-8b1182dc7e28,수 노래연습장,노래,신창 골목형상점가,골목형상점가,광주광역시,,,
5e285f85dc3af7804e74,full_annotation_v1,A,q_주유소_03,차에 기름 넣을 수 있는 곳,생활서비스 중 '주유소'를 판매·제공하는 매장,test,주유소,T4 구어·문장,24951010-132d-498f-a586-0c7d6f051bf4,승현기름집,기름,오목교중앙시장,전통시장,서울특별시,,,
44ab7f75ed3413e808fb,full_annotation_v1,A,q_주유소_03,차에 기름 넣을 수 있는 곳,생활서비스 중 '주유소'를 판매·제공하는 매장,test,주유소,T4 구어·문장,03ba1dcf-e9e2-4436-8478-4ab3c4663d1e,주유소,,미리산길 골목형상점가,골목형상점가,,,,
f4632b416002de8e810b,full_annotation_v1,A,q_주유소_03,차에 기름 넣을 수 있는 곳,생활서비스 중 '주유소'를 판매·제공하는 매장,test,주유소,T4 구어·문장,574b8724-08fc-4acb-bc1f-8aa2f3e0c5d0,농협한삼인 김천용두점,건강기능식품,김천 삼색이수상권,상권활성화구역,경상북도,,,
cc51f5c8372204135288,full_annotation_v1,A,q_주유소_03,차에 기름 넣을 수 있는 곳,생활서비스 중 '주유소'를 판매·제공하는 매장,test,주유소,T4 구어·문장,f945d971-f0f8-4263-a059-b314c5fcc527,수 미장원,미용실,용상공설시장,전통시장,경상북도,,,
4caab2c12cdd900d8af7,full_annotation_v1,A,q_주유소_03,차에 기름 넣을 수 있는 곳,생활서비스 중 '주유소'를 판매·제공하는 매장,test,주유소,T4 구어·문장,8835d461-5499-4bf7-8709-834d9f6e9b54,만나기름집,기름,일산시장(구 일산전통시장),전통시장,경기도,,,
4c38e8cfa46cefe2b6a0,full_annotation_v1,A,q_주유소_03,차에 기름 넣을 수 있는 곳,생활서비스 중 '주유소'를 판매·제공하는 매장,test,주유소,T4 구어·문장,6fe07a73-6f42-412f-b1f8-3c043307ed8e,수,기타,제주중앙지하상가,일반지하상점가,제주특별자치도,,,
d66d71f575d3d85a6c80,full_annotation_v1,A,q_주유소_03,차에 기름 넣을 수 있는 곳,생활서비스 중 '주유소'를 판매·제공하는 매장,test,주유소,T4 구어·문장,030536cb-46fd-4817-a7a9-ba9f838a3d84,신흥기름집,기름,월정로시장,기타,서울특별시,,,
e6b03dc7f835157fadee,full_annotation_v1,A,q_주유소_03,차에 기름 넣을 수 있는 곳,생활서비스 중 '주유소'를 판매·제공하는 매장,test,주유소,T4 구어·문장,d5c0d491-eda5-470c-bc0e-b35fb3fb55b7,수정발관리샵,피부관리,동림4단지 골목형상점가,골목형상점가,광주광역시,,,
d66d2600ab4a0ea7ecce,full_annotation_v1,A,q_주유소_03,차에 기름 넣을 수 있는 곳,생활서비스 중 '주유소'를 판매·제공하는 매장,test,주유소,T4 구어·문장,1ee94ac3-1afc-4538-9d5a-f0f3097a0f40,수 돈부리,밥,보정중심 골목형상점가,골목형상점가,경기도,,,
4eaff71c3694a8afd7d3,full_annotation_v1,A,q_주유소_03,차에 기름 넣을 수 있는 곳,생활서비스 중 '주유소'를 판매·제공하는 매장,test,주유소,T4 구어·문장,fbb7ac19-ada8-44e0-832c-1375d39b19f8,샛별기름집,기름,속초종합중앙시장,전통시장,강원특별자치도,,,
1df8456a22c384a32717,full_annotation_v1,A,q_주유소_03,차에 기름 넣을 수 있는 곳,생활서비스 중 '주유소'를 판매·제공하는 매장,test,주유소,T4 구어·문장,5c5e69f6-c0d5-4150-a5de-879869d4f91c,수,가방 신발 잡화,도란도란 골목형상점가,골목형상점가,전북특별자치도,,,
83b1fc1c5298089eac75,full_annotation_v1,A,q_주유소_03,차에 기름 넣을 수 있는 곳,생활서비스 중 '주유소'를 판매·제공하는 매장,test,주유소,T4 구어·문장,40b73c51-aa58-439c-9a8a-554d21b4b21e,상록수방앗간,방앗간,강화풍물시장,전통시장,인천광역시,,,
276c0b56c61cc8183b16,full_annotation_v1,A,q_주유소_03,차에 기름 넣을 수 있는 곳,생활서비스 중 '주유소'를 판매·제공하는 매장,test,주유소,T4 구어·문장,c086618e-572f-428b-892d-41cd46bc6833,동명기름,"고추, 기름",강릉성남시장,전통시장,강원특별자치도,,,
38fad4d7a68821157cf5,full_annotation_v1,A,q_주유소_03,차에 기름 넣을 수 있는 곳,생활서비스 중 '주유소'를 판매·제공하는 매장,test,주유소,T4 구어·문장,ca37d067-0f46-40e9-b422-7c5918022fae,황해기름집,기름,화천재래시장,전통시장,강원특별자치도,,,
97737c93407f048b2f94,full_annotation_v1,A,q_주유소_03,차에 기름 넣을 수 있는 곳,생활서비스 중 '주유소'를 판매·제공하는 매장,test,주유소,T4 구어·문장,2f45c7c0-8ff0-4acb-b518-af93d11291ed,수,의류,부산진시장,전통시장,부산광역시,,,
6c93f43933bcc6231c2a,full_annotation_v1,A,q_주유소_03,차에 기름 넣을 수 있는 곳,생활서비스 중 '주유소'를 판매·제공하는 매장,test,주유소,T4 구어·문장,02516c8c-51df-48cb-848c-9c57654412a9,충북제유소,기름,서울중부시장,전통시장,서울특별시,,,
11c738a34e9daccb52b4,full_annotation_v1,A,q_주유소_03,차에 기름 넣을 수 있는 곳,생활서비스 중 '주유소'를 판매·제공하는 매장,test,주유소,T4 구어·문장,80c82500-4517-4944-880a-6887aad366df,수,의류,남대문시장,전통시장,서울특별시,,,
24a84de6d4445132d85c,full_annotation_v1,A,q_주유소_03,차에 기름 넣을 수 있는 곳,생활서비스 중 '주유소'를 판매·제공하는 매장,test,주유소,T4 구어·문장,e593c951-8705-4aed-8f67-090d7e236331,오뎅바0571,한식,청당2번가 골목형상점가,골목형상점가,충청남도,,,
3ae9aaff7aa1f7cdb648,full_annotation_v1,A,q_주유소_03,차에 기름 넣을 수 있는 곳,생활서비스 중 '주유소'를 판매·제공하는 매장,test,주유소,T4 구어·문장,a1075c25-5a71-432c-969b-00c5f8cbe7ee,수제비먹는닭갈비,수,행당시장상점가,자율상권구역,서울특별시,,,
542aac3614bbc4016560,full_annotation_v1,A,q_주유소_03,차에 기름 넣을 수 있는 곳,생활서비스 중 '주유소'를 판매·제공하는 매장,test,주유소,T4 구어·문장,05af1041-c841-4c55-a15a-d7df08dff6fc,예향주유소,주유소,풍암SK.광명상가상인회 골목형상점가,골목형상점가,광주광역시,,,
479f0d4e177ee70a2136,full_annotation_v1,A,q_주유소_03,차에 기름 넣을 수 있는 곳,생활서비스 중 '주유소'를 판매·제공하는 매장,test,주유소,T4 구어·문장,9e5a4c9e-1230-40fd-8813-0b5798a46648,수,옷,황지자유시장,전통시장,강원특별자치도,,,
a20ed26cb10efc11b268,full_annotation_v1,A,q_주유소_03,차에 기름 넣을 수 있는 곳,생활서비스 중 '주유소'를 판매·제공하는 매장,test,주유소,T4 구어·문장,fe998c22-1713-4828-9b48-134c13399e94,금강기름,기름,마천중앙시장,전통시장,서울특별시,,,
9fe54816b7e1b0ec44da,full_annotation_v1,A,q_주유소_03,차에 기름 넣을 수 있는 곳,생활서비스 중 '주유소'를 판매·제공하는 매장,test,주유소,T4 구어·문장,01cb2138-a064-459b-97ef-6f0e7adb0778,두암주유소,주유소,두암시장주변 골목형상점가,골목형상점가,광주광역시,,,
84db04535be84bade6f9,full_annotation_v1,A,q_주유소_03,차에 기름 넣을 수 있는 곳,생활서비스 중 '주유소'를 판매·제공하는 매장,test,주유소,T4 구어·문장,c111ac9d-3f3a-405c-a8db-4d127ccda9e2,행복이 있는 곳,잡화,제주로얄쇼핑센터,자율상권구역,제주특별자치도,,,
cd72ff7eff2f18c7ffad,full_annotation_v1,A,q_주유소_03,차에 기름 넣을 수 있는 곳,생활서비스 중 '주유소'를 판매·제공하는 매장,test,주유소,T4 구어·문장,f178ce78-e3d7-4976-a964-3da951fdc7af,인천기름,기름,세아프라자상가(동두천세아상가시장),전통시장,경기도,,,
18fdbf80b2f563f75c7d,full_annotation_v1,A,q_주유소_03,차에 기름 넣을 수 있는 곳,생활서비스 중 '주유소'를 판매·제공하는 매장,test,주유소,T4 구어·문장,65f6859a-9a45-48bf-b4de-541a5953532e,삼봉방앗간,기름,구월시장,전통시장,인천광역시,,,
d66c9d6e7dd64a1507d1,full_annotation_v1,A,q_주유소_03,차에 기름 넣을 수 있는 곳,생활서비스 중 '주유소'를 판매·제공하는 매장,test,주유소,T4 구어·문장,233a6c5e-2e7e-4b74-bd0f-e2d6aa1b9fec,사슴기름집,기름,왜관시장,전통시장,경상북도,,,
e720c438233681f37322,full_annotation_v1,A,q_주유소_03,차에 기름 넣을 수 있는 곳,생활서비스 중 '주유소'를 판매·제공하는 매장,test,주유소,T4 구어·문장,00628f75-c56d-4ff4-8901-154133d16a19,현대주유소,주유소,웃장,전통시장,전라남도,,,
243164d0f620c20fc26a,full_annotation_v1,A,q_주유소_03,차에 기름 넣을 수 있는 곳,생활서비스 중 '주유소'를 판매·제공하는 매장,test,주유소,T4 구어·문장,d30d3dbd-50e1-423d-b607-6d9240d74a46,수 노래연습장,노래방,신도봉시장,전통시장,서울특별시,,,
8c6759f32594c7eb8afb,full_annotation_v1,A,q_주유소_03,차에 기름 넣을 수 있는 곳,생활서비스 중 '주유소'를 판매·제공하는 매장,test,주유소,T4 구어·문장,6cf02d0d-da04-45a4-a0c1-605699df58ef,수,의류,숭례문수입상가,전통시장,서울특별시,,,
936ebd5e53865f2da23c,full_annotation_v1,A,q_주유소_03,차에 기름 넣을 수 있는 곳,생활서비스 중 '주유소'를 판매·제공하는 매장,test,주유소,T4 구어·문장,5abf9af5-9fdd-4ce5-8823-b75a6baf3f6a,원재기름집,기름,오목교중앙시장,전통시장,서울특별시,,,
a7e33461b2d94964aa74,full_annotation_v1,A,q_주유소_03,차에 기름 넣을 수 있는 곳,생활서비스 중 '주유소'를 판매·제공하는 매장,test,주유소,T4 구어·문장,23f79b5b-9a63-41fb-b140-0c4487b2affb,대복기름집,기름,부천강남시장,전통시장,경기도,,,
8f954042444e09aae951,full_annotation_v1,A,q_주유소_03,차에 기름 넣을 수 있는 곳,생활서비스 중 '주유소'를 판매·제공하는 매장,test,주유소,T4 구어·문장,61f4878a-4b6b-4b1e-926e-4ce28731f9dd,삼일기름,기름,세아프라자상가(동두천세아상가시장),전통시장,경기도,,,
73fa8cefac8c2ca560d0,full_annotation_v1,A,q_주유소_03,차에 기름 넣을 수 있는 곳,생활서비스 중 '주유소'를 판매·제공하는 매장,test,주유소,T4 구어·문장,01e4cef2-9c12-4be0-9c3e-5a09ab67f7f5,대명제유,"고추, 기름",의정부제일시장,전통시장,경기도,,,
5db8cc1fe7e26cb5d045,full_annotation_v1,A,q_주유소_03,차에 기름 넣을 수 있는 곳,생활서비스 중 '주유소'를 판매·제공하는 매장,test,주유소,T4 구어·문장,013444f9-7e9b-4640-84f0-43ac071ef57f,대림고추방아,"고추가루, 기름",부천강남시장,전통시장,경기도,,,
d0bdbd64e4bae8d1f1b3,full_annotation_v1,A,q_주유소_03,차에 기름 넣을 수 있는 곳,생활서비스 중 '주유소'를 판매·제공하는 매장,test,주유소,T4 구어·문장,0321329e-d220-40a4-8f40-a7c79b5ea682,양촌주유소,주유소,지석사거리 골목형상점가,골목형상점가,광주광역시,,,
0d2e905d71b8f38a762a,full_annotation_v1,A,q_주유소_03,차에 기름 넣을 수 있는 곳,생활서비스 중 '주유소'를 판매·제공하는 매장,test,주유소,T4 구어·문장,6484ea02-c023-4acd-bb36-cfb554e867e5,수 필라테스,,광복마을길 골목형상점가,골목형상점가,,,,
c9547680139d52ab482d,full_annotation_v1,A,q_주유소_03,차에 기름 넣을 수 있는 곳,생활서비스 중 '주유소'를 판매·제공하는 매장,test,주유소,T4 구어·문장,82cc472c-9ccd-4a35-aa47-f56780c024aa,경안청과상회,청과,안계정기시장,전통시장,경상북도,,,
79fbfb4b0e06857525ae,full_annotation_v1,A,q_주유소_04,주유소,생활서비스 중 '주유소'를 판매·제공하는 매장,test,주유소,T1 정확표기,8a60a203-fb8f-419f-b98c-3f326926fc06,빛고을충전소,주유소,목련 골목형상점가,골목형상점가,광주광역시,,,
9151a1c50a33b1fc5c88,full_annotation_v1,A,q_주유소_04,주유소,생활서비스 중 '주유소'를 판매·제공하는 매장,test,주유소,T1 정확표기,da48fdb0-906f-495a-986a-691098ce16ab,성실주유소,주유소,31사단 골목형상점가,골목형상점가,광주광역시,,,
9d34e5505460d4bad2b1,full_annotation_v1,A,q_주유소_04,주유소,생활서비스 중 '주유소'를 판매·제공하는 매장,test,주유소,T1 정확표기,72eff12a-abbf-4269-bfc1-65d36a2f8b07,신양주유소,주유소,신월7동골목형상점가,골목형상점가,서울특별시,,,
a798e4873f034af57384,full_annotation_v1,A,q_주유소_04,주유소,생활서비스 중 '주유소'를 판매·제공하는 매장,test,주유소,T1 정확표기,a3cb72d7-785e-41ab-9cae-46a83293d58a,대원주유소,주유소,대남마주길 골목형상점가,골목형상점가,광주광역시,,,
3db792525c7031d89d95,full_annotation_v1,A,q_주유소_04,주유소,생활서비스 중 '주유소'를 판매·제공하는 매장,test,주유소,T1 정확표기,fbe5cd10-03e7-4ded-9001-a6b88f1faaa0,유한회사신상무,주유소,운천테라스길상인회 골목형상점가,골목형상점가,광주광역시,,,
5bda27a53ac2851468cd,full_annotation_v1,A,q_주유소_04,주유소,생활서비스 중 '주유소'를 판매·제공하는 매장,test,주유소,T1 정확표기,44cf84aa-8387-4258-9621-424940bf120d,유한회사 모우리주유소,주유소,소촌중앙 골목형상점가,골목형상점가,광주광역시,,,
67d7bf5aa510d7177ebf,full_annotation_v1,A,q_주유소_04,주유소,생활서비스 중 '주유소'를 판매·제공하는 매장,test,주유소,T1 정확표기,c0e66abb-862c-4a6e-9844-49af2464bb56,서양새마을금고 주유소,주유소,월산독립로 골목형상점가,골목형상점가,광주광역시,,,
85cee1a570523ae2165f,full_annotation_v1,A,q_주유소_04,주유소,생활서비스 중 '주유소'를 판매·제공하는 매장,test,주유소,T1 정확표기,028c4d82-c6ec-48e8-ae96-9a11c25db40e,충청도기름집,기름,용현시장,전통시장,인천광역시,,,
ed96399a2aa2b13dff68,full_annotation_v1,A,q_주유소_04,주유소,생활서비스 중 '주유소'를 판매·제공하는 매장,test,주유소,T1 정확표기,701d0a6e-bcbc-4232-be43-d26a45d49269,대나무주유소,주유소,박물관거리 골목형상점가,골목형상점가,전라남도,,,
fb24f0f8bcb6cc25f598,full_annotation_v1,A,q_주유소_04,주유소,생활서비스 중 '주유소'를 판매·제공하는 매장,test,주유소,T1 정확표기,1ffc61a1-5a71-45f7-b68a-17b63184a29f,현리주유소,주유소,조종시장,전통시장,경기도,,,
1f0db942d37d53503e97,full_annotation_v1,A,q_주유소_04,주유소,생활서비스 중 '주유소'를 판매·제공하는 매장,test,주유소,T1 정확표기,930e5cff-af63-4988-89da-7333514267b5,주공주유소,주유소,동림4단지 골목형상점가,골목형상점가,광주광역시,,,
448905b41b82f65bbd3c,full_annotation_v1,A,q_주유소_04,주유소,생활서비스 중 '주유소'를 판매·제공하는 매장,test,주유소,T1 정확표기,01e4cef2-9c12-4be0-9c3e-5a09ab67f7f5,대명제유,"고추, 기름",의정부제일시장,전통시장,경기도,,,
a31b6c561936564a9fd7,full_annotation_v1,A,q_주유소_04,주유소,생활서비스 중 '주유소'를 판매·제공하는 매장,test,주유소,T1 정확표기,397e65fc-7762-4a86-8c7f-7d6a80678093,우주젓갈,젓갈류,(주)여수수산시장,전통시장,전라남도,,,
03d665a16780bf73f7c9,full_annotation_v1,A,q_주유소_04,주유소,생활서비스 중 '주유소'를 판매·제공하는 매장,test,주유소,T1 정확표기,8d063d70-6f07-4cec-8a33-e3aaf56c4755,예천용궁시장제유소,주유소,용궁시장,전통시장,경상북도,,,
815c4c43f8bec1b1eb9d,full_annotation_v1,A,q_주유소_04,주유소,생활서비스 중 '주유소'를 판매·제공하는 매장,test,주유소,T1 정확표기,2e8fa9a9-623b-402c-9916-ff73abd7d105,두창주유소,주유소,용인어정가구단지상점가,자율상권구역,경기도,,,
c88da0745d32d66c4d67,full_annotation_v1,A,q_주유소_04,주유소,생활서비스 중 '주유소'를 판매·제공하는 매장,test,주유소,T1 정확표기,dfb8193e-1df7-4b57-b457-e425fab87f9e,부원주유소,주유소,죽녹원 북문 골목형상점가,골목형상점가,전라남도,,,
817893f0a4aefc457351,full_annotation_v1,A,q_주유소_04,주유소,생활서비스 중 '주유소'를 판매·제공하는 매장,test,주유소,T1 정확표기,b90c1b64-9c76-4a69-a596-994324d9dcca,함덕주유소,주유소,함덕4구상점가,골목형상점가,제주특별자치도,,,
d153750506aec703ac8d,full_annotation_v1,A,q_주유소_04,주유소,생활서비스 중 '주유소'를 판매·제공하는 매장,test,주유소,T1 정확표기,782084c6-2058-43d6-b98d-d7766dccb8e1,대촌주유소,주유소,지석사거리 골목형상점가,골목형상점가,광주광역시,,,
95a4196a0cf20c457a68,full_annotation_v1,A,q_주유소_04,주유소,생활서비스 중 '주유소'를 판매·제공하는 매장,test,주유소,T1 정확표기,013444f9-7e9b-4640-84f0-43ac071ef57f,대림고추방아,"고추가루, 기름",부천강남시장,전통시장,경기도,,,
c35195da2dfa92de005e,full_annotation_v1,A,q_주유소_04,주유소,생활서비스 중 '주유소'를 판매·제공하는 매장,test,주유소,T1 정확표기,2148ec8c-8929-40f1-9b85-dcfad1cb13c9,주남셀프주유소,주유소,월남 호반베르디움 골목형상점가,골목형상점가,광주광역시,,,
5566ac2f3b3d78ae4f07,full_annotation_v1,A,q_주유소_04,주유소,생활서비스 중 '주유소'를 판매·제공하는 매장,test,주유소,T1 정확표기,7ce059dd-1290-4a48-acc9-88a3259f29b6,여수 남자만들기,의류 잡화,여수진남상가,자율상권구역,전라남도,,,
dd213f8b5ca868666001,full_annotation_v1,A,q_주유소_04,주유소,생활서비스 중 '주유소'를 판매·제공하는 매장,test,주유소,T1 정확표기,02516c8c-51df-48cb-848c-9c57654412a9,충북제유소,기름,서울중부시장,전통시장,서울특별시,,,
17c6c7ea3eefea6cdf26,full_annotation_v1,A,q_주유소_04,주유소,생활서비스 중 '주유소'를 판매·제공하는 매장,test,주유소,T1 정확표기,ebb99ab9-887b-44f8-8b7e-2fdf8fca5e6e,덕산문구,문구 완구,창원 덕산1차상가,전통시장,경상남도,,,
f34dffb8adee699a99b8,full_annotation_v1,A,q_주유소_04,주유소,생활서비스 중 '주유소'를 판매·제공하는 매장,test,주유소,T1 정확표기,00628f75-c56d-4ff4-8901-154133d16a19,현대주유소,주유소,웃장,전통시장,전라남도,,,
b5a998245e729e615e91,full_annotation_v1,A,q_주유소_04,주유소,생활서비스 중 '주유소'를 판매·제공하는 매장,test,주유소,T1 정확표기,78928268-7072-42db-a6c7-1c41826caec1,금성(나주)상회,수산물,노량진수산시장골목형상점가,골목형상점가,서울특별시,,,
ef1d25b104d2a69d9b71,full_annotation_v1,A,q_주유소_04,주유소,생활서비스 중 '주유소'를 판매·제공하는 매장,test,주유소,T1 정확표기,53af9d32-8259-4407-8689-5dd2bec93e5f,부일주유소,주유소,서광주세무서앞상인회 골목형상점가,골목형상점가,광주광역시,,,
326cd9f047d7f4a1747a,full_annotation_v1,A,q_주유소_04,주유소,생활서비스 중 '주유소'를 판매·제공하는 매장,test,주유소,T1 정확표기,0321329e-d220-40a4-8f40-a7c79b5ea682,양촌주유소,주유소,지석사거리 골목형상점가,골목형상점가,광주광역시,,,
ae596fd7408c891b9595,full_annotation_v1,A,q_주유소_04,주유소,생활서비스 중 '주유소'를 판매·제공하는 매장,test,주유소,T1 정확표기,2723df41-5ff5-4a2b-8c0e-ad2de595da6f,패밀리셀프주유소,주유소,"일곡동(제8지역:롯데,벽산,동아,삼호,월드스파)",기타,광주광역시,,,
35822588391fdbff9b67,full_annotation_v1,A,q_주유소_04,주유소,생활서비스 중 '주유소'를 판매·제공하는 매장,test,주유소,T1 정확표기,afa577e3-e097-4b37-ac9c-c16fdc5159ed,춘양주유소,주유소,억지춘향시장(구 봉화춘향시장),전통시장,경상북도,,,
315c2b421f6e91b3405b,full_annotation_v1,A,q_주유소_04,주유소,생활서비스 중 '주유소'를 판매·제공하는 매장,test,주유소,T1 정확표기,7400ae95-7bd6-46e3-901e-d0b004da2af4,순천주유소,주유소,장천동상가,자율상권구역,전라남도,,,
f0fd81d9f36b4861f975,full_annotation_v1,A,q_주유소_04,주유소,생활서비스 중 '주유소'를 판매·제공하는 매장,test,주유소,T1 정확표기,e35b3279-16d2-464e-a9c9-5127f2becb60,조대무등탁구장,탁구장,조대장미의거리 상점가,자율상권구역,광주광역시,,,
90fe3b59b43a00219ac9,full_annotation_v1,A,q_주유소_04,주유소,생활서비스 중 '주유소'를 판매·제공하는 매장,test,주유소,T1 정확표기,935b7b69-360e-46a5-a253-de1a7abd3e60,이브자리 김천점,침구류,김천평화시장,전통시장,경상북도,,,
9bef7991a346c26a3b2d,full_annotation_v1,A,q_주유소_04,주유소,생활서비스 중 '주유소'를 판매·제공하는 매장,test,주유소,T1 정확표기,4a519339-ed03-47ea-9927-ac3fa4f47776,자갈치상회,어묵,충무동 새벽시장,전통시장,부산광역시,,,
4604b735b83ea8fb1d66,full_annotation_v1,A,q_주유소_04,주유소,생활서비스 중 '주유소'를 판매·제공하는 매장,test,주유소,T1 정확표기,825c4871-f6f7-4a0d-84a4-ae61d2aaa855,명륜주유소,주유소,북문시장,전통시장,경상북도,,,
f1a94f18febc4ce214be,full_annotation_v1,A,q_주유소_04,주유소,생활서비스 중 '주유소'를 판매·제공하는 매장,test,주유소,T1 정확표기,b42e60ac-e848-4ff8-812e-6033944371f0,차나라주유소,주유소,두암2동 골목형상점가,골목형상점가,광주광역시,,,
8aabcd7726bd1ef01ec3,full_annotation_v1,A,q_주유소_04,주유소,생활서비스 중 '주유소'를 판매·제공하는 매장,test,주유소,T1 정확표기,01cb2138-a064-459b-97ef-6f0e7adb0778,두암주유소,주유소,두암시장주변 골목형상점가,골목형상점가,광주광역시,,,
1d50355f21897f286436,full_annotation_v1,A,q_주유소_04,주유소,생활서비스 중 '주유소'를 판매·제공하는 매장,test,주유소,T1 정확표기,09d1f04c-6c54-461f-a3f4-563dc13a07bd,지니헤어,미용서비스업,새롬동 골목형상점가,골목형상점가,세종특별자치시,,,
aae80a464615e3367b1f,full_annotation_v1,A,q_주유소_04,주유소,생활서비스 중 '주유소'를 판매·제공하는 매장,test,주유소,T1 정확표기,08e895be-f111-44ee-8cf5-b84e92c35757,송정현대주유소,주유소,임방울거리1구역 골목형상점가,골목형상점가,광주광역시,,,
c064cd770b13e4ee74b1,full_annotation_v1,A,q_주유소_04,주유소,생활서비스 중 '주유소'를 판매·제공하는 매장,test,주유소,T1 정확표기,b238f710-5f1b-4a83-b815-857b69b749f0,상록 주유소,주유소,월산로상인회 골목형상점가,골목형상점가,광주광역시,,,
73190a3c8c2b9d7e0abd,full_annotation_v1,A,q_주유소_04,주유소,생활서비스 중 '주유소'를 판매·제공하는 매장,test,주유소,T1 정확표기,6e5d027d-bf65-45d2-a654-4e1b73e25c91,돌고개주유소,주유소,농성세대공감상인회 골목형상점가,골목형상점가,광주광역시,,,
3a17cc4ce515ba4c2818,full_annotation_v1,A,q_주유소_04,주유소,생활서비스 중 '주유소'를 판매·제공하는 매장,test,주유소,T1 정확표기,e3d8fbaa-0104-4a28-a213-14dee8c3b07e,대남로 주유소,주유,도군머리 골목형상점가,골목형상점가,광주광역시,,,
6d45605cee25e7fcf4bb,full_annotation_v1,A,q_주유소_04,주유소,생활서비스 중 '주유소'를 판매·제공하는 매장,test,주유소,T1 정확표기,f614323b-2add-4d9a-b9bc-6c1c4d75725d,한강주유소,주유소,광천동상인회 골목형상점가,골목형상점가,광주광역시,,,
76d374cd06482808e810,full_annotation_v1,A,q_주유소_04,주유소,생활서비스 중 '주유소'를 판매·제공하는 매장,test,주유소,T1 정확표기,f11df6f7-70a4-44e8-8598-274d1b6d97aa,S-OIL 망월주유소,주유소,석곡동 골목형상점가,골목형상점가,광주광역시,,,
d1cd7afc5839f11fffe9,full_annotation_v1,A,q_주유소_04,주유소,생활서비스 중 '주유소'를 판매·제공하는 매장,test,주유소,T1 정확표기,6f761397-1403-4b4d-b91d-f1c60bd921af,대성주유소,주유소,조종시장,전통시장,경기도,,,
29b3e98d41fcb9175c6c,full_annotation_v1,A,q_주유소_04,주유소,생활서비스 중 '주유소'를 판매·제공하는 매장,test,주유소,T1 정확표기,1ded5960-52b9-4c92-8bc8-3aa5e1425dbd,영신 주유소,,분향리 골목형상점가,골목형상점가,,,,
0b603b4fba0799adda97,full_annotation_v1,A,q_주유소_04,주유소,생활서비스 중 '주유소'를 판매·제공하는 매장,test,주유소,T1 정확표기,2ff92c98-5e8d-452f-aa62-d8eeab1aba9d,주식회사 스피드주유소,주유소,설죽로 패션의거리 골목형상점가,골목형상점가,광주광역시,,,
b68188eb8c3c3899365e,full_annotation_v1,A,q_주유소_04,주유소,생활서비스 중 '주유소'를 판매·제공하는 매장,test,주유소,T1 정확표기,99c3354a-7c3e-42a7-95dc-9c95df0d02df,수완행복주유소,주유소,석세스,골목형상점가,광주광역시,,,
2153e9bce19b366227ca,full_annotation_v1,A,q_주유소_04,주유소,생활서비스 중 '주유소'를 판매·제공하는 매장,test,주유소,T1 정확표기,5b435cca-7c8e-42e2-ba46-f53f90814011,반딧불주유소,주유소,무주반딧불상권활성화구역,상권활성화구역,전북특별자치도,,,
f1650efb0b258eb17bf6,full_annotation_v1,A,q_주유소_04,주유소,생활서비스 중 '주유소'를 판매·제공하는 매장,test,주유소,T1 정확표기,a4a5aaa1-0c85-4312-aefb-21f36b9ed091,드림에너지,주유소,대남마주길 골목형상점가,골목형상점가,광주광역시,,,
0104b112ff3c0b4c84c2,full_annotation_v1,A,q_주유소_04,주유소,생활서비스 중 '주유소'를 판매·제공하는 매장,test,주유소,T1 정확표기,68f77cb6-bd89-4a47-9c26-f431af54f873,미래건재,철물,꿈의숲장곡골목형상점가,골목형상점가,서울특별시,,,
06516c45b038e19d64e9,full_annotation_v1,A,q_주유소_04,주유소,생활서비스 중 '주유소'를 판매·제공하는 매장,test,주유소,T1 정확표기,b78b35f0-51ff-4026-a6be-4b1ad15c9490,㈜동행,주유소,신창동가구의거리일번국도상점가,자율상권구역,광주광역시,,,
e5c4dd966df315474b9d,full_annotation_v1,A,q_주유소_04,주유소,생활서비스 중 '주유소'를 판매·제공하는 매장,test,주유소,T1 정확표기,030536cb-46fd-4817-a7a9-ba9f838a3d84,신흥기름집,기름,월정로시장,기타,서울특별시,,,
612515c66bd65d6aeef9,full_annotation_v1,A,q_주유소_04,주유소,생활서비스 중 '주유소'를 판매·제공하는 매장,test,주유소,T1 정확표기,e6665991-20fc-4a24-a773-cbd151c81e3e,산지식품,식육,구포축산물도매시장,전통시장,부산광역시,,,
a34d5c9a468d52213f41,full_annotation_v1,A,q_주유소_04,주유소,생활서비스 중 '주유소'를 판매·제공하는 매장,test,주유소,T1 정확표기,05af1041-c841-4c55-a15a-d7df08dff6fc,예향주유소,주유소,풍암SK.광명상가상인회 골목형상점가,골목형상점가,광주광역시,,,
64bdec5528cd727b0e36,full_annotation_v1,A,q_주유소_04,주유소,생활서비스 중 '주유소'를 판매·제공하는 매장,test,주유소,T1 정확표기,42b77e0a-f0e8-41e0-9fd3-2567c06240f8,사상참경희한의원,의료 서비스,새롬동 골목형상점가,골목형상점가,세종특별자치시,,,
4d41387bb1dd9885adf4,full_annotation_v1,A,q_주유소_04,주유소,생활서비스 중 '주유소'를 판매·제공하는 매장,test,주유소,T1 정확표기,9adec2e2-9d37-4a37-9642-194a03e8c5cf,기성주유소,주유소,척산시장,전통시장,경상북도,,,
2af03f0cde57e7a3b43d,full_annotation_v1,A,q_주유소_04,주유소,생활서비스 중 '주유소'를 판매·제공하는 매장,test,주유소,T1 정확표기,aabcbe1e-f1ea-4058-a5e8-c3498b6fc44c,동현 주유소,주유소,조종시장,전통시장,경기도,,,
02e77996e47181e86ae8,full_annotation_v1,A,q_주유소_04,주유소,생활서비스 중 '주유소'를 판매·제공하는 매장,test,주유소,T1 정확표기,c0c7ca69-f084-497f-8de6-31ca6aa1c7f8,씨유 서강대원룸점,소매,경의숲길서강 골목형상점가,골목형상점가,서울특별시,,,
361edff3e26d8132852c,full_annotation_v1,A,q_주유소_04,주유소,생활서비스 중 '주유소'를 판매·제공하는 매장,test,주유소,T1 정확표기,92a3f5ef-36d4-4e0b-a4fb-1dfc86dc3d79,더푸른주식회사,주유소,늘해랑상인회 골목형상점가,골목형상점가,광주광역시,,,
fd6febea6a010a91a860,full_annotation_v1,A,q_주유소_04,주유소,생활서비스 중 '주유소'를 판매·제공하는 매장,test,주유소,T1 정확표기,b02f4d34-ca4c-4c30-9f8b-a63dcb60a58a,문희주유소,주유소,문경전통시장,전통시장,경상북도,,,
b7b39ed947f7237867d3,full_annotation_v1,A,q_주유소_04,주유소,생활서비스 중 '주유소'를 판매·제공하는 매장,test,주유소,T1 정확표기,209c2837-b4ac-45ac-968c-3cb224c9b801,방이불집,침구,양동복개상가,전통시장,광주광역시,,,
a9fb715b06203838e8b8,full_annotation_v1,A,q_주유소_04,주유소,생활서비스 중 '주유소'를 판매·제공하는 매장,test,주유소,T1 정확표기,03ba1dcf-e9e2-4436-8478-4ab3c4663d1e,주유소,,미리산길 골목형상점가,골목형상점가,,,,
eddd0ff3f61c5cdf6474,full_annotation_v1,A,q_주유소_04,주유소,생활서비스 중 '주유소'를 판매·제공하는 매장,test,주유소,T1 정확표기,6cf976a1-019f-4328-9d25-b22c08a2e02f,장인가구,가구,학성가구거리 상점가,자율상권구역,울산광역시,,,
95cf9c6ce4d96360aadd,full_annotation_v1,A,q_주유소_04,주유소,생활서비스 중 '주유소'를 판매·제공하는 매장,test,주유소,T1 정확표기,2d3031ed-fcef-41f6-83a0-7a990c7d62d3,손맛나는세상,한식,광양5일시장,전통시장,전라남도,,,
8889afa86831c1ed1ce6,full_annotation_v1,A,q_주유소_04,주유소,생활서비스 중 '주유소'를 판매·제공하는 매장,test,주유소,T1 정확표기,5d6d273a-bf66-4605-a842-d1c46885c0ef,미래 주유소,주유소,토지면 섬진강대로 골목형상점가,골목형상점가,전라남도,,,
8b6da3456d129deed718,full_annotation_v1,A,q_주유소_04,주유소,생활서비스 중 '주유소'를 판매·제공하는 매장,test,주유소,T1 정확표기,d8563abc-410f-4934-af8d-108b6c8459cf,정통집 샤로수길점,삼겹김치구이,샤로수길골목형상점가,골목형상점가,서울특별시,,,
f73370c34ff6ad694cf9,full_annotation_v1,A,q_주유소_04,주유소,생활서비스 중 '주유소'를 판매·제공하는 매장,test,주유소,T1 정확표기,5714010a-1de6-4ed4-b11a-22feb832f66f,용앙주유소,주유소,삼호읍 중앙 골목형상점가,골목형상점가,전라남도,,,
69826c6e6c78cd0852e0,full_annotation_v1,A,q_중식_01,중식,음식점 중 '중식'을 판매·제공하는 매장,test,중식,T1 정확표기,b29f8e56-da07-44db-852e-6b9964d3508b,복마니돌짜장짬뽕,중식,해피니스,골목형상점가,광주광역시,,,
e0bb48aeddc39627421b,full_annotation_v1,A,q_중식_01,중식,음식점 중 '중식'을 판매·제공하는 매장,test,중식,T1 정확표기,c8eee3f7-84b0-41ee-90d9-f28e091fa270,연희중식,중식,합정동먹자골목골목형상점가,골목형상점가,서울특별시,,,
7c9257c54774db72651d,full_annotation_v1,A,q_중식_01,중식,음식점 중 '중식'을 판매·제공하는 매장,test,중식,T1 정확표기,291ab45c-d13d-42d6-b893-ded930bb8890,율짬뽕,중국집,동쪽바다중앙시장(구 동해중앙시장),전통시장,강원특별자치도,,,
6616bb1cf8d9069d7cf6,full_annotation_v1,A,q_중식_01,중식,음식점 중 '중식'을 판매·제공하는 매장,test,중식,T1 정확표기,00f2b06a-d82a-4740-ac18-d898c209d5a5,짜이짜이,중식,충장로123가 상점가,자율상권구역,광주광역시,,,
43550b639a0a57011eeb,full_annotation_v1,A,q_중식_01,중식,음식점 중 '중식'을 판매·제공하는 매장,test,중식,T1 정확표기,8918225b-8e18-4ef2-994b-77ec1259ab46,교동짬뽕,중식,상무화원상인회 골목형상점가,골목형상점가,광주광역시,,,
d32bb1ce59f45f0d244e,full_annotation_v1,A,q_중식_01,중식,음식점 중 '중식'을 판매·제공하는 매장,test,중식,T1 정확표기,0e50dcc7-9c2b-441d-b386-a4a4ddb0f875,대동식당,"족발, 수육",칠성종합 상권활성화구역,상권활성화구역,대구광역시,,,
45b2533f358dace0d708,full_annotation_v1,A,q_중식_01,중식,음식점 중 '중식'을 판매·제공하는 매장,test,중식,T1 정확표기,b9edbfd2-340c-403a-a1a7-0d4e9fcb7e84,서후식당,중식,영양시장,전통시장,경상북도,,,
ba63a1c7b9293fdc3210,full_annotation_v1,A,q_중식_01,중식,음식점 중 '중식'을 판매·제공하는 매장,test,중식,T1 정확표기,c3956e90-4857-4a68-ac18-6414206e68bf,몽림,중식,유천택지올림픽길골목형상점가,골목형상점가,강원특별자치도,,,
ba3849fc5c4141f7ac4d,full_annotation_v1,A,q_중식_01,중식,음식점 중 '중식'을 판매·제공하는 매장,test,중식,T1 정확표기,5d18362e-e923-49fc-9ebd-359a0ed12636,자금성,중식,조종시장,전통시장,경기도,,,
d1c4599702b35b6c9107,full_annotation_v1,A,q_중식_01,중식,음식점 중 '중식'을 판매·제공하는 매장,test,중식,T1 정확표기,f8dc8484-5f4c-427e-8e6e-22f5077ccb1d,아이데코 전대점,안경,오월첫동네 골목형상점가,골목형상점가,광주광역시,,,
1f45fe916adf1185800a,full_annotation_v1,A,q_중식_01,중식,음식점 중 '중식'을 판매·제공하는 매장,test,중식,T1 정확표기,290cb294-efcb-40e7-ae83-f7aff282d72e,화양면화,중식,서부시장,전통시장,대구광역시,,,
7bc23a4fc4849e8ab3e4,full_annotation_v1,A,q_중식_01,중식,음식점 중 '중식'을 판매·제공하는 매장,test,중식,T1 정확표기,d406569f-bd29-4b58-952c-f2108d77ddc0,진짜루,중식,줄포상설시장,전통시장,전북특별자치도,,,
ac1f8c1d928eca86af72,full_annotation_v1,A,q_중식_01,중식,음식점 중 '중식'을 판매·제공하는 매장,test,중식,T1 정확표기,023910c1-fb9e-410b-95ee-006513998b4b,청궁,중식,남문골목형상점가,골목형상점가,강원특별자치도,,,
bf1ecb4839596c530cea,full_annotation_v1,A,q_중식_01,중식,음식점 중 '중식'을 판매·제공하는 매장,test,중식,T1 정확표기,b58ca6ac-fae0-4475-aeaa-a618cf6db509,만리향,중식,원효 골목형상점가,골목형상점가,서울특별시,,,
8ce6b8289f4ea6991b16,full_annotation_v1,A,q_중식_01,중식,음식점 중 '중식'을 판매·제공하는 매장,test,중식,T1 정확표기,ff29b2e4-7a56-4d1b-8d9d-33ac71bc0fbe,연래춘,중식,숭실마루길골목형상점가,골목형상점가,서울특별시,,,
dd0bf051860a9349e872,full_annotation_v1,A,q_중식_01,중식,음식점 중 '중식'을 판매·제공하는 매장,test,중식,T1 정확표기,5ffc2c1c-3775-4e4c-a3ca-8f5ff67dad42,금성각,중식,청학사거리 골목형상점가,골목형상점가,강원특별자치도,,,
420e0664123265c2d82c,full_annotation_v1,A,q_중식_01,중식,음식점 중 '중식'을 판매·제공하는 매장,test,중식,T1 정확표기,807ac8d2-2b5c-4592-89f3-74aba6d6fad0,중국성,중식,효자동4동 후곡길 골목형상점가,골목형상점가,전북특별자치도,,,
f6e01c84d12e41382fca,full_annotation_v1,A,q_중식_01,중식,음식점 중 '중식'을 판매·제공하는 매장,test,중식,T1 정확표기,011253e1-0a18-4068-84a9-9ee8f83460b6,도도,음식점(중식),화도창현상점가,골목형상점가,경기도,,,
0625b4431be7915c93cc,full_annotation_v1,A,q_중식_01,중식,음식점 중 '중식'을 판매·제공하는 매장,test,중식,T1 정확표기,4c935bf0-3919-47ef-b087-5ede322fd9e3,금문,중식,자양15번가골목형상점가,골목형상점가,서울특별시,,,
8e5c3fe1d9b6f0739abf,full_annotation_v1,A,q_중식_01,중식,음식점 중 '중식'을 판매·제공하는 매장,test,중식,T1 정확표기,6ce453e1-1b71-44d0-afd4-9cecb9f5a560,청궁중화요리,중식,남양시장골목형상점가,골목형상점가,경기도,,,
aa9d28327ede9474c832,full_annotation_v1,A,q_중식_01,중식,음식점 중 '중식'을 판매·제공하는 매장,test,중식,T1 정확표기,829644e0-5024-49cb-8d22-35bea0ae391b,교동짬뽕,중식,지중해마을 골목형상점가,골목형상점가,충청남도,,,
9f58b924a7bbb024b73a,full_annotation_v1,A,q_중식_01,중식,음식점 중 '중식'을 판매·제공하는 매장,test,중식,T1 정확표기,44cb72da-6e7b-41c7-bf5b-35478bc5fe59,황금성,중식,안동서부시장,전통시장,경상북도,,,
bd1e10eb448d5154385c,full_annotation_v1,A,q_중식_01,중식,음식점 중 '중식'을 판매·제공하는 매장,test,중식,T1 정확표기,c8098ec5-722a-4d1a-ae24-450494c05b30,황금성,중식,한미쇼핑사거리 골목형상점가,골목형상점가,광주광역시,,,
47a744831d58b33a63cd,full_annotation_v1,A,q_중식_01,중식,음식점 중 '중식'을 판매·제공하는 매장,test,중식,T1 정확표기,0dc74355-33b9-450a-beb2-049628a29059,홍홍,중식,가락골 골목형상점가,골목형상점가,서울특별시,,,
5742e00cc109dcc70f9b,full_annotation_v1,A,q_중식_01,중식,음식점 중 '중식'을 판매·제공하는 매장,test,중식,T1 정확표기,000e6461-698b-42f6-842b-cf95393fee89,탕화쿵푸마라탕 전대점,중식,중흥청춘로 골목형상점가,골목형상점가,광주광역시,,,
45b5ba77cd924d9a9b0c,full_annotation_v1,A,q_중식_01,중식,음식점 중 '중식'을 판매·제공하는 매장,test,중식,T1 정확표기,4035a3ae-932b-4121-a2c8-1d8a814d9550,홍첸루,중식,도군머리 골목형상점가,골목형상점가,광주광역시,,,
afa1abb8ec03d3affeea,full_annotation_v1,A,q_중식_01,중식,음식점 중 '중식'을 판매·제공하는 매장,test,중식,T1 정확표기,ca917c91-7875-424e-a1b2-8ccb04e9ad3c,북경반점,중식,신사세로수길골목형상점가,골목형상점가,서울특별시,,,
a4852a558a127bc862d8,full_annotation_v1,A,q_중식_01,중식,음식점 중 '중식'을 판매·제공하는 매장,test,중식,T1 정확표기,74b8da00-11e7-44e0-90c3-379fe01a4054,영천반점,중식,영천 골목형상점가,골목형상점가,광주광역시,,,
f8fa7f579364ca9ccc72,full_annotation_v1,A,q_중식_01,중식,음식점 중 '중식'을 판매·제공하는 매장,test,중식,T1 정확표기,00c95d45-2ff3-4066-a179-c026f0528d0c,명장,중식,옥과설산골목형상점가,골목형상점가,전라남도,,,
47515948565208a75108,full_annotation_v1,A,q_중식_01,중식,음식점 중 '중식'을 판매·제공하는 매장,test,중식,T1 정확표기,61238203-427d-4de3-b040-86b35cab8a81,중국성,중식,하안주공3단지 골목형상점가,골목형상점가,경기도,,,
cdbb2dc30958f5cbe8ae,full_annotation_v1,A,q_중식_01,중식,음식점 중 '중식'을 판매·제공하는 매장,test,중식,T1 정확표기,b2ad9d9b-370f-4a2b-ac09-bf36f63f9d14,만리향,중식,지범골목먹거리타운 골목형상점가,골목형상점가,대구광역시,,,
b5098e60e989d2c0fe93,full_annotation_v1,A,q_중식_01,중식,음식점 중 '중식'을 판매·제공하는 매장,test,중식,T1 정확표기,595b4ac6-fa8c-47cd-b8f2-345944ba061d,중식당,중식,유천택지올림픽길골목형상점가,골목형상점가,강원특별자치도,,,
16097c71444ac0feef84,full_annotation_v1,A,q_중식_01,중식,음식점 중 '중식'을 판매·제공하는 매장,test,중식,T1 정확표기,363bbc63-3d6e-46e9-a0bf-04cb150b6ed7,유한회사 브리앙뜨,시계귀금속,상무로자율상권,상권활성화구역,광주광역시,,,
160dce22a457df1bf23c,full_annotation_v1,A,q_중식_01,중식,음식점 중 '중식'을 판매·제공하는 매장,test,중식,T1 정확표기,4da13dda-8a5a-4115-bd96-eeedb19102ae,유니식당,중식,금호행복시장(금호시장),전통시장,경기도,,,
e6e1a2484770dd0f5fbe,full_annotation_v1,A,q_중식_01,중식,음식점 중 '중식'을 판매·제공하는 매장,test,중식,T1 정확표기,0193214f-e716-440d-afbe-a93f1d75a078,1키로 탕수육 산본점,탕수육,산본사거리 골목형상점가,골목형상점가,경기도,,,
edeb2559306ea2a53139,full_annotation_v1,A,q_중식_01,중식,음식점 중 '중식'을 판매·제공하는 매장,test,중식,T1 정확표기,eb235413-ed1d-4eae-a241-0e352e3d4933,양림원꼬치,중식,열매 골목형상점가,골목형상점가,대전광역시,,,
f988d0a8390508e68a64,full_annotation_v1,A,q_중식_01,중식,음식점 중 '중식'을 판매·제공하는 매장,test,중식,T1 정확표기,0238f2dd-085f-48bf-a543-5d59d8b2f10f,기통치킨탕수육호프,치킨탕수육,성안길상점가,자율상권구역,충청북도,,,
98f9733ac01cc1461bc8,full_annotation_v1,A,q_중식_01,중식,음식점 중 '중식'을 판매·제공하는 매장,test,중식,T1 정확표기,183c55f6-2497-47ad-bbe6-d511521a1c03,취산,중식,고촌역 골목형상점가,골목형상점가,경기도,,,
5bed08a3ed0d2568ca7c,full_annotation_v1,A,q_중식_01,중식,음식점 중 '중식'을 판매·제공하는 매장,test,중식,T1 정확표기,06834ba2-563f-4b9c-a452-d9fa21678afd,계화중식,중화요리,도화동상점가,자율상권구역,서울특별시,,,
d9ac198f2aa4912da4a5,full_annotation_v1,A,q_중식_01,중식,음식점 중 '중식'을 판매·제공하는 매장,test,중식,T1 정확표기,d75e4ade-cdd9-483f-a864-82530989e7b8,신들린소세지,중식,대림중앙시장,전통시장,서울특별시,,,
6a381ed9bd1d5fb16d28,full_annotation_v1,A,q_중식_01,중식,음식점 중 '중식'을 판매·제공하는 매장,test,중식,T1 정확표기,5ba2fd5b-052b-4295-adfd-91a54bff813d,양쌤,중식,의왕역 골목형상점가,골목형상점가,경기도,,,
744d75e8b777c90e0d31,full_annotation_v1,A,q_중식_01,중식,음식점 중 '중식'을 판매·제공하는 매장,test,중식,T1 정확표기,5bd157ae-9b5b-4130-b3b4-7e0794dcf437,중국성,중식,신설동들락거리,골목형상점가,서울특별시,,,
4f9ee3707764acaa9862,full_annotation_v1,A,q_중식_01,중식,음식점 중 '중식'을 판매·제공하는 매장,test,중식,T1 정확표기,eab44e6a-e68e-4e25-9610-f52b69ea20a2,춘광,중식,무등시장,전통시장,광주광역시,,,
589293d86aceb55e2b8f,full_annotation_v1,A,q_중식_01,중식,음식점 중 '중식'을 판매·제공하는 매장,test,중식,T1 정확표기,c130e134-0ad5-48de-9d54-c4c8ef441f3e,진각,중식,배곧상가,골목형상점가,경기도,,,
248e134b022e6e71ab9b,full_annotation_v1,A,q_중식_01,중식,음식점 중 '중식'을 판매·제공하는 매장,test,중식,T1 정확표기,de6c633c-f598-4897-a1f5-f07547e02aae,황금성,중식,신거북시장,전통시장,인천광역시,,,
d404d259fdef2c9eaec7,full_annotation_v1,A,q_중식_01,중식,음식점 중 '중식'을 판매·제공하는 매장,test,중식,T1 정확표기,bd220b4c-1bfd-4d3d-97c9-386ab0e3864d,맛있는짬뽕,중식,문화의거리 상점가,자율상권구역,울산광역시,,,
af87f275a401c42aaf2d,full_annotation_v1,A,q_중식_01,중식,음식점 중 '중식'을 판매·제공하는 매장,test,중식,T1 정확표기,7d7ce29d-8024-4eda-baa6-c4612c9ee212,만리장성,중식,당산이음 골목형상점가,골목형상점가,서울특별시,,,
969945b19103949f29a0,full_annotation_v1,A,q_중식_01,중식,음식점 중 '중식'을 판매·제공하는 매장,test,중식,T1 정확표기,e54619ac-d3ca-4276-b718-197075ce5d88,중국성,중식,금부로상인회 골목형상점가,골목형상점가,광주광역시,,,
c85b4618e80b34afdf17,full_annotation_v1,A,q_중식_01,중식,음식점 중 '중식'을 판매·제공하는 매장,test,중식,T1 정확표기,cc27c088-bcff-4890-b024-00860c3178af,짬짜야,중식,매곡 골목형상점가,골목형상점가,대구광역시,,,
27920b9189b29dd3ccf0,full_annotation_v1,A,q_중식_01,중식,음식점 중 '중식'을 판매·제공하는 매장,test,중식,T1 정확표기,d9c7e43c-457c-4323-b24d-907067e4f950,짜신,중식,산본로데오거리(구 산본중심상가),자율상권구역,경기도,,,
c930ff26777f5f352ad0,full_annotation_v1,A,q_중식_01,중식,음식점 중 '중식'을 판매·제공하는 매장,test,중식,T1 정확표기,45ddb90f-a4a4-4ea0-94df-fdea1a8e72fa,미미남궁,중식,대화역5번출구 골목형상점가,골목형상점가,경기도,,,
60a96ab87ffc898dc514,full_annotation_v1,A,q_중식_01,중식,음식점 중 '중식'을 판매·제공하는 매장,test,중식,T1 정확표기,3e4a8c02-8f20-4f58-9c67-d21ca4efa592,잘된정,중식,현대시장,전통시장,인천광역시,,,
beaeee0322f7dd25e29e,full_annotation_v1,A,q_중식_01,중식,음식점 중 '중식'을 판매·제공하는 매장,test,중식,T1 정확표기,0117062e-156e-475e-bd98-93585f54e25e,몽짬뽕원주직영점,,혁신도시3구역 골목형상점가,골목형상점가,강원특별자치도,,,
f3c1ea8435201d9d1f9a,full_annotation_v1,A,q_중식_01,중식,음식점 중 '중식'을 판매·제공하는 매장,test,중식,T1 정확표기,7db67a30-17cb-4ac6-b9db-3a31094ba47d,정해옥 C011ECTI011,의류,상무로자율상권,상권활성화구역,광주광역시,,,
e6dac4e7f71fa5080cf3,full_annotation_v1,A,q_중식_01,중식,음식점 중 '중식'을 판매·제공하는 매장,test,중식,T1 정확표기,b708a075-3a29-48fc-8372-a427a526daf4,장수돌판짜장,중식,송정청춘 골목형상점가,골목형상점가,울산광역시,,,
8d70ee8b4b5b35d0dc52,full_annotation_v1,A,q_중식_01,중식,음식점 중 '중식'을 판매·제공하는 매장,test,중식,T1 정확표기,6eb354b0-19d0-4cc1-8b05-204b03881135,무학짬뽕,중식,충주무학시장,전통시장,충청북도,,,
adfe9d55ab0f4ee73d93,full_annotation_v1,A,q_중식_01,중식,음식점 중 '중식'을 판매·제공하는 매장,test,중식,T1 정확표기,3d780316-d7db-4432-8fe7-b450842afc50,탕화쿵푸마라탕,중식,당진시신도심상점가,자율상권구역,충청남도,,,
4d1c73f45439edbe6d93,full_annotation_v1,A,q_중식_01,중식,음식점 중 '중식'을 판매·제공하는 매장,test,중식,T1 정확표기,03a07923-8090-41ee-beeb-ab6b22c4e2e6,월량관,중식,연남동골목형상점가,골목형상점가,서울특별시,,,
2816cc72284533dfec1c,full_annotation_v1,A,q_중식_01,중식,음식점 중 '중식'을 판매·제공하는 매장,test,중식,T1 정확표기,52e3e19e-1956-4985-97b5-5e9f6dd589f3,중국성,중식,영동전통시장,전통시장,충청북도,,,
10e67eb31e2c95b18215,full_annotation_v1,A,q_중식_01,중식,음식점 중 '중식'을 판매·제공하는 매장,test,중식,T1 정확표기,78ca98a8-1e0e-4ff3-860a-33faf5b46476,흑룡성,중식,담양중앙3번가 골목형상점가,골목형상점가,전라남도,,,
9841291f1ae6920a1077,full_annotation_v1,A,q_중식_01,중식,음식점 중 '중식'을 판매·제공하는 매장,test,중식,T1 정확표기,0da44ee2-865d-4a79-8d5f-962299894e48,홍가네명품짜장짬뽕,중식,청주육거리종합시장,전통시장,충청북도,,,
cf703f4543083a93b5b5,full_annotation_v1,A,q_중식_01,중식,음식점 중 '중식'을 판매·제공하는 매장,test,중식,T1 정확표기,d44649f0-2793-4994-a1d2-3ec161a62146,차푸,중식,백련시장,전통시장,서울특별시,,,
519ab67482951e3c966b,full_annotation_v1,A,q_중식_01,중식,음식점 중 '중식'을 판매·제공하는 매장,test,중식,T1 정확표기,8ea902c7-8664-41ec-a6d1-87cf5a33e956,자금성반점,중식,백년소상공인,기타,경상북도,,,
6025a3b9b6dfe975bdf7,full_annotation_v1,A,q_중식_01,중식,음식점 중 '중식'을 판매·제공하는 매장,test,중식,T1 정확표기,0f895918-9209-4380-bbc9-b05bc1fa7e78,첨단교동짬뽕,중식,첨단동행 골목형상점가,골목형상점가,광주광역시,,,
088cd6e40091ecbbc1f2,full_annotation_v1,A,q_중식_01,중식,음식점 중 '중식'을 판매·제공하는 매장,test,중식,T1 정확표기,8f4cfbae-c2fd-433a-966c-c1f220fe526f,수림관,중국집,당감시장,전통시장,부산광역시,,,
9c5ab71b13d66fd44401,full_annotation_v1,A,q_중식_01,중식,음식점 중 '중식'을 판매·제공하는 매장,test,중식,T1 정확표기,b9442e65-dd96-4e3b-bd0c-050e6cba8110,힐링엔젤스 김미숙 테라피,화장품,군분로꽁양상인회 골목형상점가,골목형상점가,광주광역시,,,
60c7e79961907da2e5ab,full_annotation_v1,A,q_중식_01,중식,음식점 중 '중식'을 판매·제공하는 매장,test,중식,T1 정확표기,7e8f22cc-c875-49ed-b5be-0ce395db48be,마라식객,중식,필동골목형상점가,골목형상점가,서울특별시,,,
b28440ec323172d8de7b,full_annotation_v1,A,q_중식_01,중식,음식점 중 '중식'을 판매·제공하는 매장,test,중식,T1 정확표기,000ad086-7f53-4aa5-b6df-3e57737371e3,짬뽕이 땡기는가,짬뽕,서천시장거리 골목형상점가,골목형상점가,충청남도,,,
33ddecdbed43cd8e242f,full_annotation_v1,A,q_중식_01,중식,음식점 중 '중식'을 판매·제공하는 매장,test,중식,T1 정확표기,17ece890-4467-4c03-8c59-98fda3212d2d,장성차이나,중식,장성읍 골목형상점가,골목형상점가,전라남도,,,
5130b2c34a1a8ee9f9f9,full_annotation_v1,A,q_중식_01,중식,음식점 중 '중식'을 판매·제공하는 매장,test,중식,T1 정확표기,02e688a3-e3fb-443e-bacf-9fc212fa4a29,황금성,중식,연향3지구상가,자율상권구역,전라남도,,,
13a1ad7439611fcdf07b,full_annotation_v1,A,q_중식_01,중식,음식점 중 '중식'을 판매·제공하는 매장,test,중식,T1 정확표기,9bb90139-1e49-4c0f-b423-17d0f10b6e97,홍월,중식,전자의거리 상점가,자율상권구역,광주광역시,,,
bbf379353d3d21cdfe0d,full_annotation_v1,A,q_중식_01,중식,음식점 중 '중식'을 판매·제공하는 매장,test,중식,T1 정확표기,1208eacb-3c69-4852-803b-3f93b4807650,중국성,중식,평동 골목형상점가,골목형상점가,광주광역시,,,
7df5770b1a3c28e73a01,full_annotation_v1,A,q_중식_01,중식,음식점 중 '중식'을 판매·제공하는 매장,test,중식,T1 정확표기,8f253820-a701-4fc0-91db-5ca888cb30b0,만리향,중식,순천 원도심 상권활성화구역,상권활성화구역,전라남도,,,
6f7db9924f2a7fb238ed,full_annotation_v1,A,q_중식_01,중식,음식점 중 '중식'을 판매·제공하는 매장,test,중식,T1 정확표기,07f2a92e-02b1-4970-baf5-80fae9ce262b,북경반점,중식,중앙로 백운1동 골목형상점가,골목형상점가,광주광역시,,,
676fe2a31ffe19796953,full_annotation_v1,A,q_중식_01,중식,음식점 중 '중식'을 판매·제공하는 매장,test,중식,T1 정확표기,2c168f9b-93a1-4bcc-b315-9c65260e5278,신동백마트,마트 소매상품,용인어정가구단지상점가,자율상권구역,경기도,,,
06be3dd680d57e4911e2,full_annotation_v1,A,q_중식_01,중식,음식점 중 '중식'을 판매·제공하는 매장,test,중식,T1 정확표기,0f35f542-f3e3-47db-b401-0ad9afb79392,만리향,중식,인현시장 상점가,자율상권구역,서울특별시,,,
dcc00ad50781fdc722c8,full_annotation_v1,A,q_중식_01,중식,음식점 중 '중식'을 판매·제공하는 매장,test,중식,T1 정확표기,72936711-3846-4ec8-b3bc-15800e3783e0,황금성,중식,설악눈메골시장,전통시장,경기도,,,
7af38457a70f9f88a800,full_annotation_v1,A,q_중식_01,중식,음식점 중 '중식'을 판매·제공하는 매장,test,중식,T1 정확표기,e741f44e-68d6-4187-a762-28b12e1494b7,미옌,중식,용봉지구 골목형상점가,골목형상점가,광주광역시,,,
430e151bbf2b83337e2b,full_annotation_v1,A,q_중식_01,중식,음식점 중 '중식'을 판매·제공하는 매장,test,중식,T1 정확표기,f35b596d-8297-4887-9f54-56627978e4a9,북경반점,중식,하이닉스골목형상점가,골목형상점가,경기도,,,
d65e2212f2ff71f7a5c6,full_annotation_v1,A,q_중식_01,중식,음식점 중 '중식'을 판매·제공하는 매장,test,중식,T1 정확표기,4fe2610a-3750-4663-84e4-4ab9a473ffde,시장반점,중식,마산 부림시장,전통시장,경상남도,,,
7d049f873197a91fa4a5,full_annotation_v1,A,q_중식_01,중식,음식점 중 '중식'을 판매·제공하는 매장,test,중식,T1 정확표기,470eca94-ac4d-47ce-bf35-f8a193ba5e86,홍월,중식,풍암고앞상인회 골목형상점가,골목형상점가,광주광역시,,,
a485caceaf3ad3c9e9f5,full_annotation_v1,A,q_중식_01,중식,음식점 중 '중식'을 판매·제공하는 매장,test,중식,T1 정확표기,00e0fdc1-dde3-4fc6-bb61-6bbace454a01,도야짬뽕평촌점,중식,귀인동먹거리촌 골목형상점가,골목형상점가,경기도,,,
019a6cd8c141fe9237b1,full_annotation_v1,A,q_중식_01,중식,음식점 중 '중식'을 판매·제공하는 매장,test,중식,T1 정확표기,86314994-e153-4d29-bff1-05a5f036f9c5,먹쇠루,중식,대화전통시장,전통시장,강원특별자치도,,,
1279a5263b90d73d7ced,full_annotation_v1,A,q_중식_01,중식,음식점 중 '중식'을 판매·제공하는 매장,test,중식,T1 정확표기,b8c9292a-f1cc-4103-adeb-ab179304bf97,중국성,중식,경리단길 골목형상점가,골목형상점가,서울특별시,,,
65879f3f7da14c44f33c,full_annotation_v1,A,q_중식_01,중식,음식점 중 '중식'을 판매·제공하는 매장,test,중식,T1 정확표기,fc0cf9d5-a330-4dda-bfa7-3f8ae499fc87,쭈구리,한식,안동서부시장,전통시장,경상북도,,,
e8750ec868a29bab7bb3,full_annotation_v1,A,q_중식_01,중식,음식점 중 '중식'을 판매·제공하는 매장,test,중식,T1 정확표기,33f37b6e-0423-4b02-9850-3f4415e51a24,뉴러우멘관즈,중식,남천바다내음 골목형상점가,골목형상점가,부산광역시,,,
e20fef856d28bb9652d6,full_annotation_v1,A,q_중식_01,중식,음식점 중 '중식'을 판매·제공하는 매장,test,중식,T1 정확표기,4afbe5a3-dba9-4789-b133-260dc1d351ca,더춘장,중식,안양1번가 상점가,자율상권구역,경기도,,,
090a17842a56d163de73,full_annotation_v1,A,q_중식_01,중식,음식점 중 '중식'을 판매·제공하는 매장,test,중식,T1 정확표기,ea7a21df-d8db-4a42-b6dd-733dc33b81fe,성대꼬치구이,중식,성대전통시장,전통시장,서울특별시,,,
c22c1c1e91edb2f3035a,full_annotation_v1,A,q_중식_01,중식,음식점 중 '중식'을 판매·제공하는 매장,test,중식,T1 정확표기,75ca4c96-c905-49b2-b20b-88e5e24d7e30,TRY오렌지운남점,메리야스외 잡화,운남7단지먹자거리 골목형상점가,골목형상점가,광주광역시,,,
17f94d3275113beae430,full_annotation_v1,A,q_중식_01,중식,음식점 중 '중식'을 판매·제공하는 매장,test,중식,T1 정확표기,004661ce-f943-4561-9c9d-d888ccc58c1e,니뽕내뽕천안신부점,퓨전짬뽕,천안신부문화거리상점가,자율상권구역,충청남도,,,
df87c13896e0d4ef4a2f,full_annotation_v1,A,q_중식_01,중식,음식점 중 '중식'을 판매·제공하는 매장,test,중식,T1 정확표기,0ad1e916-8b1c-4de8-ade6-6535b3dc0631,형제반점,중화요리,오수상점가,자율상권구역,전북특별자치도,,,
55bd0addc31c06a91a66,full_annotation_v1,A,q_중식_01,중식,음식점 중 '중식'을 판매·제공하는 매장,test,중식,T1 정확표기,43a82737-533f-4ed7-b243-b1c891bc61a5,남도술상별관,음식점,사당1동 먹자골목 상점가,자율상권구역,서울특별시,,,
5d90e354221d2e54a21c,full_annotation_v1,A,q_중식_01,중식,음식점 중 '중식'을 판매·제공하는 매장,test,중식,T1 정확표기,633cb2fd-3595-443d-9586-2fdbba36b4a9,탕화쿵푸마라탕,중식,안양1번가 상점가,자율상권구역,경기도,,,
24af6534ced6b09126b2,full_annotation_v1,A,q_중식_01,중식,음식점 중 '중식'을 판매·제공하는 매장,test,중식,T1 정확표기,0369b808-6d4f-4b37-8f25-7e3287a3e3a9,서반장항아리왕짬뽕,,관평동 골목형상점가,골목형상점가,대전광역시,,,
9151a054f60c5c02a5ca,full_annotation_v1,A,q_중식_01,중식,음식점 중 '중식'을 판매·제공하는 매장,test,중식,T1 정확표기,2d4f8eec-27f1-42ca-8756-5e14ccf792a8,쌍흥루,중식,김천 삼색이수상권,상권활성화구역,경상북도,,,
ae6411773aa7d5b5054e,full_annotation_v1,A,q_중식_01,중식,음식점 중 '중식'을 판매·제공하는 매장,test,중식,T1 정확표기,181de468-5485-4db6-ab72-4eaf582060df,동북훠궈양꼬치맛집,중식,매탄중심상가 골목형상점가,골목형상점가,경기도,,,
b0f3f992f22a27760e8d,full_annotation_v1,A,q_중식_01,중식,음식점 중 '중식'을 판매·제공하는 매장,test,중식,T1 정확표기,f47482df-87b1-45de-b84f-0e0e950cd927,린린,중식,도룡상인회 골목형상점가,골목형상점가,대전광역시,,,
93353e0f19978525cf39,full_annotation_v1,A,q_중식_01,중식,음식점 중 '중식'을 판매·제공하는 매장,test,중식,T1 정확표기,ad518c0d-afea-4691-bff9-98c375b05f60,송정반점,중식,송정우정 골목형상점가,골목형상점가,광주광역시,,,
133e74f228b4aa801573,full_annotation_v1,A,q_중식_01,중식,음식점 중 '중식'을 판매·제공하는 매장,test,중식,T1 정확표기,09ebd481-839d-4613-a82e-d31af05ec77d,내빈,중식,장천동상가,자율상권구역,전라남도,,,
cc996977fae44d660019,full_annotation_v1,A,q_중식_01,중식,음식점 중 '중식'을 판매·제공하는 매장,test,중식,T1 정확표기,ae2631c6-9a34-4dea-8f8c-4733eeb2fe03,황금성,중식,신진항 골목형상점가,골목형상점가,충청남도,,,
b1f7c164c3d604356eaa,full_annotation_v1,A,q_중식_01,중식,음식점 중 '중식'을 판매·제공하는 매장,test,중식,T1 정확표기,973ba513-a567-4689-ba8c-170262e4fa40,중국성,중식,당진원시가지상가,자율상권구역,충청남도,,,
7bead375abcff60c43c4,full_annotation_v1,A,q_중식_01,중식,음식점 중 '중식'을 판매·제공하는 매장,test,중식,T1 정확표기,105ef797-642c-4004-8106-f288885f87fb,혜음각,중식,금암동 골목형상점가,골목형상점가,충청남도,,,
42d56640fefa9b04d0e0,full_annotation_v1,A,q_중식_01,중식,음식점 중 '중식'을 판매·제공하는 매장,test,중식,T1 정확표기,a4871791-5172-4830-b0ef-f5d7b04ead6c,마쿠마라탕,중식,한양대앞상점가,자율상권구역,서울특별시,,,
5e84b5f21ea1e4e21ca6,full_annotation_v1,A,q_중식_01,중식,음식점 중 '중식'을 판매·제공하는 매장,test,중식,T1 정확표기,807217b7-1447-4b9a-8748-1c7baf8d763d,중국성,중식,옥과설산골목형상점가,골목형상점가,전라남도,,,
09c2213afd244cf040dd,full_annotation_v1,A,q_중식_01,중식,음식점 중 '중식'을 판매·제공하는 매장,test,중식,T1 정확표기,2db4cbf8-2e35-456b-8a01-55ff1a182aca,교동짬뽕,중식,인천산업유통센터,전통시장,인천광역시,,,
4843c89fff10db5178aa,full_annotation_v1,A,q_중식_01,중식,음식점 중 '중식'을 판매·제공하는 매장,test,중식,T1 정확표기,9418d35f-a26d-4260-ade6-aab90656e88f,홍용각,중식,두암사거리 골목형상점가,골목형상점가,광주광역시,,,
863521af50ccc3532682,full_annotation_v1,A,q_중식_01,중식,음식점 중 '중식'을 판매·제공하는 매장,test,중식,T1 정확표기,daa7adb5-9163-4901-b094-266bb6a3a0a7,중국성,중식,순천대1번상가,자율상권구역,전라남도,,,
588998eae92a68ea5077,full_annotation_v1,A,q_중식_01,중식,음식점 중 '중식'을 판매·제공하는 매장,test,중식,T1 정확표기,138472f7-04dd-4c59-9178-adc129782065,시루스튜디오,도자기,충장로45가 상점가,자율상권구역,광주광역시,,,
d1eef047d286a9676c97,full_annotation_v1,A,q_중식_01,중식,음식점 중 '중식'을 판매·제공하는 매장,test,중식,T1 정확표기,a2f4a18f-e719-443b-845b-33d3981eb68d,신짬뽕,중국집,둔산3동상점가,자율상권구역,대전광역시,,,
b72505ae78cdf895a8c4,full_annotation_v1,A,q_중식_01,중식,음식점 중 '중식'을 판매·제공하는 매장,test,중식,T1 정확표기,1f1fcc3c-a70d-4a0c-ac05-c90876fc02aa,류웬,중식,지족북로 골목형상점가,골목형상점가,대전광역시,,,
d02581e52e540a95fd76,full_annotation_v1,A,q_중식_01,중식,음식점 중 '중식'을 판매·제공하는 매장,test,중식,T1 정확표기,eccbcd2f-3650-440a-840a-856df27555a4,덕취원,중식,"임계사통팔달시장(임계시장, 송계5일장)",전통시장,강원특별자치도,,,
5748b652d98b8fd845bb,full_annotation_v1,A,q_중식_01,중식,음식점 중 '중식'을 판매·제공하는 매장,test,중식,T1 정확표기,6fe7a7d3-1eda-462b-91bf-0195de34dedc,남경,중식,매탄중심상가 골목형상점가,골목형상점가,경기도,,,
6a720bf9a8d1c95ee927,full_annotation_v1,A,q_중식_01,중식,음식점 중 '중식'을 판매·제공하는 매장,test,중식,T1 정확표기,b89eacc9-8743-4cca-93ac-acc8c5296985,북경반점,중식,산정상인회 골목형상점가,골목형상점가,광주광역시,,,
9f65a96401e87d3a624b,full_annotation_v1,A,q_중식_01,중식,음식점 중 '중식'을 판매·제공하는 매장,test,중식,T1 정확표기,9ca8d97d-1321-47d9-bc26-f4304442053e,조광그릇,주방기물,충무동골목시장,전통시장,부산광역시,,,
ce8b995661410291b0ee,full_annotation_v1,A,q_중식_01,중식,음식점 중 '중식'을 판매·제공하는 매장,test,중식,T1 정확표기,0a230bc3-6a24-48f7-b574-69d45d24f49b,시골향숙식,수육,오산오색시장(구 오산중앙시장),전통시장,경기도,,,
84173effc5f4b12b7f3b,full_annotation_v1,A,q_중식_01,중식,음식점 중 '중식'을 판매·제공하는 매장,test,중식,T1 정확표기,cf17a533-d07a-47b4-aa35-0c138d875bd3,중국성,중식,반석동 골목형상점가,골목형상점가,대전광역시,,,
ffdde745c5bf2d9e7868,full_annotation_v1,A,q_중식_01,중식,음식점 중 '중식'을 판매·제공하는 매장,test,중식,T1 정확표기,54650ea1-5edd-45a7-ac40-fd5ead4f71fe,성대짜장,중식,성대전통시장,전통시장,서울특별시,,,
cb691086dc8b1793f5af,full_annotation_v1,A,q_중식_01,중식,음식점 중 '중식'을 판매·제공하는 매장,test,중식,T1 정확표기,54fa9e28-5af3-4fac-bd3e-ee82bdfce0c2,회풍루,중식,충주자유시장,전통시장,충청북도,,,
fbb4e4e04240b9433be6,full_annotation_v1,A,q_중식_01,중식,음식점 중 '중식'을 판매·제공하는 매장,test,중식,T1 정확표기,b71056fc-7517-41ef-8a74-2addf5885f12,칭찬,중식,슬로시티창평 골목형상점가,골목형상점가,전라남도,,,
eddb256da750e796e5f7,full_annotation_v1,A,q_중식_01,중식,음식점 중 '중식'을 판매·제공하는 매장,test,중식,T1 정확표기,9b814213-04df-4f06-bc6a-2e814714afeb,탕화쿵푸마라탕,중식,문화로 자율상권구역,상권활성화구역,경상북도,,,
9a58ce60cbdfa80f516a,full_annotation_v1,A,q_중식_01,중식,음식점 중 '중식'을 판매·제공하는 매장,test,중식,T1 정확표기,4dba2e12-277d-4cbe-873e-fc59e2f32dcf,교동짬뽕,중식,유안초등북길 골목형상점가,골목형상점가,광주광역시,,,
2d9591d5de02b2b7bc3c,full_annotation_v1,A,q_중식_01,중식,음식점 중 '중식'을 판매·제공하는 매장,test,중식,T1 정확표기,efff72b7-a28f-44ed-ae66-cf8967a4c194,은평BYC,내의,대림골목시장,전통시장,서울특별시,,,
874456a86d81a90b57ff,full_annotation_v1,A,q_중식_01,중식,음식점 중 '중식'을 판매·제공하는 매장,test,중식,T1 정확표기,6fe6db25-101c-4071-875c-58de2763140a,국빈,중식,종암북바위길골목형상점가,골목형상점가,서울특별시,,,
3e9189c13f4957b5498f,full_annotation_v1,A,q_중식_01,중식,음식점 중 '중식'을 판매·제공하는 매장,test,중식,T1 정확표기,c1f0cbbe-cd12-476b-8695-434ad59cc4d6,차향재,중식,둔산2동 골목형상점가,골목형상점가,대전광역시,,,
20a86f4dbd8b1ace0397,full_annotation_v1,A,q_중식_01,중식,음식점 중 '중식'을 판매·제공하는 매장,test,중식,T1 정확표기,0de1bc3f-ef27-4c0c-aaf7-a28d659beba0,일품,요리,성내전통시장,전통시장,서울특별시,,,
ab5a51562a5b8e2c855e,full_annotation_v1,A,q_중식_01,중식,음식점 중 '중식'을 판매·제공하는 매장,test,중식,T1 정확표기,031f918d-bf9e-4e03-b7dc-560ac11988c6,일향,중식,하당꽃길1가 골목형상점가,골목형상점가,전라남도,,,
e8ed71702997d8bdddf9,full_annotation_v1,A,q_중식_01,중식,음식점 중 '중식'을 판매·제공하는 매장,test,중식,T1 정확표기,bcde5d31-157c-4423-923a-f6858a07a45f,만리향,중식,옥천먹자골목형상점가,골목형상점가,충청북도,,,
1a2433485ab45db08904,full_annotation_v1,A,q_중식_01,중식,음식점 중 '중식'을 판매·제공하는 매장,test,중식,T1 정확표기,1e7c7703-589f-460e-a72e-026c94ec0bc2,중국성,중식,오류버들시장골목형상점가,골목형상점가,서울특별시,,,
0694fb4d98bfc83fec86,full_annotation_v1,A,q_중식_01,중식,음식점 중 '중식'을 판매·제공하는 매장,test,중식,T1 정확표기,dc0f275d-bf65-4647-b7fc-a3b735b21195,북경반점,중식,해미읍성전통시장,전통시장,충청남도,,,
c6979cf94ab3330c41e0,full_annotation_v1,A,q_중식_01,중식,음식점 중 '중식'을 판매·제공하는 매장,test,중식,T1 정확표기,6b1474e6-cb24-4143-83da-cd175c0011bf,북경반점,중식,해미읍성전통시장,전통시장,충청남도,,,
da0bc3447914c8fcea5b,full_annotation_v1,A,q_중식_01,중식,음식점 중 '중식'을 판매·제공하는 매장,test,중식,T1 정확표기,40d20d7e-9254-4c3a-add4-45dc25a361bc,북악루,중식,배밭골골목형상점가,골목형상점가,서울특별시,,,
01aa4f6ec22a319fccc0,full_annotation_v1,A,q_중식_01,중식,음식점 중 '중식'을 판매·제공하는 매장,test,중식,T1 정확표기,75e83d7a-7289-4faa-b569-10b678af81b1,충푸,중식,충무로골목형상점가,골목형상점가,서울특별시,,,
036d54811a56045c0fc8,full_annotation_v1,A,q_중식_01,중식,음식점 중 '중식'을 판매·제공하는 매장,test,중식,T1 정확표기,0445a4ae-df46-46df-93cf-ac9d44b9428a,삼천포수산,수산물,진주 청과시장,전통시장,경상남도,,,
ed0392ca88bae360e8fa,full_annotation_v1,A,q_중식_01,중식,음식점 중 '중식'을 판매·제공하는 매장,test,중식,T1 정확표기,e7d362e6-13c6-4773-ab38-76abe1277882,안동반점,중식,원주중앙로문화의거리,자율상권구역,강원특별자치도,,,
7416e3441411e3720053,full_annotation_v1,A,q_중식_01,중식,음식점 중 '중식'을 판매·제공하는 매장,test,중식,T1 정확표기,a81aee35-7488-426a-9a44-e1ac101f5d24,북경반점,중식,내포 청사로 골목형 상점가,골목형상점가,충청남도,,,
727b255053f9d0478f76,full_annotation_v1,A,q_중식_01,중식,음식점 중 '중식'을 판매·제공하는 매장,test,중식,T1 정확표기,116365cb-ffed-43e1-9971-6df263d877cc,짜짜루,중국집,하동공설시장,전통시장,경상남도,,,
8369a0a78359f44d1400,full_annotation_v1,A,q_중식_01,중식,음식점 중 '중식'을 판매·제공하는 매장,test,중식,T1 정확표기,11f106c6-21aa-44b5-9a89-e53c2dfb2ba6,진차이,"탕수육, 짬뽕, 짜장",목대온기 골목형상점가,골목형상점가,대전광역시,,,
bb33dcf203486d6c091f,full_annotation_v1,A,q_중식_01,중식,음식점 중 '중식'을 판매·제공하는 매장,test,중식,T1 정확표기,7707f2ab-48bb-460c-bd84-27b61a860979,얌차,중식,마재상인회 골목형상점가,골목형상점가,광주광역시,,,
dd4e35adeebcc89b313b,full_annotation_v1,A,q_중식_01,중식,음식점 중 '중식'을 판매·제공하는 매장,test,중식,T1 정확표기,0915d414-8ab2-45d5-b70e-beec67e57500,백두산,중식,신안제일행복한 골목형상점가,골목형상점가,광주광역시,,,
13d8a4ee7a654e712460,full_annotation_v1,A,q_중식_01,중식,음식점 중 '중식'을 판매·제공하는 매장,test,중식,T1 정확표기,f74b6a08-56c3-4bcb-b13a-30109badf93e,동편불짬뽕,중식,동편마을중심상가 골목형상점가,골목형상점가,경기도,,,
d2dcea765a0b3ca85a11,full_annotation_v1,A,q_중식_01,중식,음식점 중 '중식'을 판매·제공하는 매장,test,중식,T1 정확표기,1a18636c-10de-4abf-b39f-53dd751debf5,황금성,중식,진부전통시장,전통시장,강원특별자치도,,,
d5f5664b2fc8a2ebb18c,full_annotation_v1,A,q_중식_01,중식,음식점 중 '중식'을 판매·제공하는 매장,test,중식,T1 정확표기,eeff201c-14d7-4021-bba4-ccb16437b834,신세대슈즈,신발,아리랑거리,전통시장,부산광역시,,,
cd56f8d5b4b1cfa67211,full_annotation_v1,A,q_중식_01,중식,음식점 중 '중식'을 판매·제공하는 매장,test,중식,T1 정확표기,7b7f9cd8-7ddb-4441-8e15-179cc4fdbd0a,순대리아,음식,거제 고현종합시장,전통시장,경상남도,,,
656028bff5822cba93cc,full_annotation_v1,A,q_중식_01,중식,음식점 중 '중식'을 판매·제공하는 매장,test,중식,T1 정확표기,004af3ce-488b-4a6f-a066-862e26430938,호재짬뽕,,게내공원길 골목형상점가,골목형상점가,서울특별시,,,
4369f26a0811ae40b2f7,full_annotation_v1,A,q_중식_01,중식,음식점 중 '중식'을 판매·제공하는 매장,test,중식,T1 정확표기,06fe7733-54b9-4fc8-8a3b-556f50d1cdcc,중화요리진,,주천골목형상점가,골목형상점가,강원특별자치도,,,
cf8b28512506b11383d7,full_annotation_v1,A,q_중식_01,중식,음식점 중 '중식'을 판매·제공하는 매장,test,중식,T1 정확표기,ff22d984-915d-456e-9ddc-9dced13abd99,코리아짬뽕,중식,김포 풍년마을 골목형상점가,골목형상점가,경기도,,,
95a930fe6ce06c873708,full_annotation_v1,A,q_중식_01,중식,음식점 중 '중식'을 판매·제공하는 매장,test,중식,T1 정확표기,16dbe846-b663-4988-8d75-28bc819f76db,청정마라탕,중식,홍성명동상가,자율상권구역,충청남도,,,
239d1a87ae60ca084b0b,full_annotation_v1,A,q_중식_01,중식,음식점 중 '중식'을 판매·제공하는 매장,test,중식,T1 정확표기,6d57a898-2cd1-4372-8477-cd8d1d775aa6,올도,중식,구성언남 골목형상점가,골목형상점가,경기도,,,
0d8dfb08d5198646ff3b,full_annotation_v1,A,q_중식_01,중식,음식점 중 '중식'을 판매·제공하는 매장,test,중식,T1 정확표기,6b56da91-ed87-4036-97bd-8eacfefe3f51,제일사,의복수선,광장시장,전통시장,서울특별시,,,
b475c648c59b462047ff,full_annotation_v1,A,q_중식_01,중식,음식점 중 '중식'을 판매·제공하는 매장,test,중식,T1 정확표기,fa076bb3-c5a6-4bdf-be3f-2b93a17d2c92,부부꼬막짬뽕,중식,오룡주공 골목형상점가,골목형상점가,전라남도,,,
905a6e3d8ad9978660fd,full_annotation_v1,A,q_중식_01,중식,음식점 중 '중식'을 판매·제공하는 매장,test,중식,T1 정확표기,d5b4ef53-a21e-4768-87df-b347aa160539,진보퍼피,애견미용 용품,지범골목먹거리타운 골목형상점가,골목형상점가,대구광역시,,,
563813d3639cb574164c,full_annotation_v1,A,q_중식_01,중식,음식점 중 '중식'을 판매·제공하는 매장,test,중식,T1 정확표기,86d88308-344a-4446-b0ae-6053f58dd432,성포중국집,,거제 성포 골목형상점가,골목형상점가,경상남도,,,
5a1f6c7421b85c126553,full_annotation_v1,A,q_중식_01,중식,음식점 중 '중식'을 판매·제공하는 매장,test,중식,T1 정확표기,ba16c348-e96c-472d-89c3-3661779067ff,심향,중식,시화공구상가,전통시장,경기도,,,
baf94ba8de17a19a0bf7,full_annotation_v1,A,q_중식_01,중식,음식점 중 '중식'을 판매·제공하는 매장,test,중식,T1 정확표기,688a4954-722a-424b-9e6f-fce7c62daa1a,장터짜장,중식,대야전통시장,전통시장,전북특별자치도,,,
24979203685d8b6410e9,full_annotation_v1,A,q_중식_01,중식,음식점 중 '중식'을 판매·제공하는 매장,test,중식,T1 정확표기,5fa3d99d-8481-497a-9a8c-d08f07b55313,중래향,중식,안양중앙인정시장,전통시장,경기도,,,
8560be53ea53d3c866d6,full_annotation_v1,A,q_중식_01,중식,음식점 중 '중식'을 판매·제공하는 매장,test,중식,T1 정확표기,0920f08e-ee4b-43f5-8400-8ee605567276,7080손짜장,중화요리,부곡맛고을상가,자율상권구역,경상북도,,,
2c4c2f654596cede24a2,full_annotation_v1,A,q_중식_01,중식,음식점 중 '중식'을 판매·제공하는 매장,test,중식,T1 정확표기,1aa4a898-ee4b-403b-99e7-812257a54dcd,도도반점,중식,시청음식문화의거리 골목형상점가,골목형상점가,광주광역시,,,
70369215ec768114d0b4,full_annotation_v1,A,q_중식_02,중국집,음식점 중 '중식'을 판매·제공하는 매장,test,중식,T2 동의어,dae7eaa8-f055-421f-aef8-df581057cfa7,중국집,짜장면,광복마을5길 골목형상점가,골목형상점가,광주광역시,,,
0d53a8aef5f88737f5ee,full_annotation_v1,A,q_중식_02,중국집,음식점 중 '중식'을 판매·제공하는 매장,test,중식,T2 동의어,116365cb-ffed-43e1-9971-6df263d877cc,짜짜루,중국집,하동공설시장,전통시장,경상남도,,,
4fd0cfb9f131d91b72d1,full_annotation_v1,A,q_중식_02,중국집,음식점 중 '중식'을 판매·제공하는 매장,test,중식,T2 동의어,d79fb75b-d6eb-406c-b2a2-a4bf1df1aebd,고향중국식품,중국술과자,관악신사시장,전통시장,서울특별시,,,
5f88d745b620c4fc3350,full_annotation_v1,A,q_중식_02,중국집,음식점 중 '중식'을 판매·제공하는 매장,test,중식,T2 동의어,8f4cfbae-c2fd-433a-966c-c1f220fe526f,수림관,중국집,당감시장,전통시장,부산광역시,,,
98a463337b9f52faab47,full_annotation_v1,A,q_중식_02,중국집,음식점 중 '중식'을 판매·제공하는 매장,test,중식,T2 동의어,aa222641-7a38-46e7-b188-8bfc70b8864f,전가네중국집,중식,창원 가음정시장,전통시장,경상남도,,,
468d93e6c996f9e26fcd,full_annotation_v1,A,q_중식_02,중국집,음식점 중 '중식'을 판매·제공하는 매장,test,중식,T2 동의어,1192b2c0-4964-4863-b366-43bacc725f7b,주식회사 다음투어,여행 알선서비스,운암휴튼2차 골목형상점가,골목형상점가,광주광역시,,,
2370f2c131a86e6e5a14,full_annotation_v1,A,q_중식_02,중국집,음식점 중 '중식'을 판매·제공하는 매장,test,중식,T2 동의어,416d6799-a671-434b-b45f-7dbdaf849bcc,고네일,네일,성남중앙지하시장,일반지하상점가,경기도,,,
0ebe2ed6f1172a1fd696,full_annotation_v1,A,q_중식_02,중국집,음식점 중 '중식'을 판매·제공하는 매장,test,중식,T2 동의어,dbe50b67-e750-4662-87b4-00e5f7d44079,숙이네국집,국,전곡중앙상가 골목형상점가,골목형상점가,경기도,,,
bb363c0f66e8d96b6bcd,full_annotation_v1,A,q_중식_02,중국집,음식점 중 '중식'을 판매·제공하는 매장,test,중식,T2 동의어,7c94ea1e-a106-49f9-8bd9-21b52e522eb6,양밍위황먼지미판,중국식찜닭,화양제일골목시장(화양제일시장),전통시장,서울특별시,,,
37c1f96a1001ce68668a,full_annotation_v1,A,q_중식_02,중국집,음식점 중 '중식'을 판매·제공하는 매장,test,중식,T2 동의어,7bc42716-9c09-4c5c-b43e-e69380469aee,중국전통식품,중국식자재,금촌전통시장,전통시장,경기도,,,
d06dcf33ce7a56bc06f7,full_annotation_v1,A,q_중식_02,중국집,음식점 중 '중식'을 판매·제공하는 매장,test,중식,T2 동의어,100d1278-df93-41e4-b2bc-7a62725e270c,옥희네국집,반찬,초량전통시장,전통시장,부산광역시,,,
86cd84113916a1dbaa5c,full_annotation_v1,A,q_중식_02,중국집,음식점 중 '중식'을 판매·제공하는 매장,test,중식,T2 동의어,00c95d45-2ff3-4066-a179-c026f0528d0c,명장,중식,옥과설산골목형상점가,골목형상점가,전라남도,,,
6ae8a148f9330d6cb730,full_annotation_v1,A,q_중식_02,중국집,음식점 중 '중식'을 판매·제공하는 매장,test,중식,T2 동의어,06834ba2-563f-4b9c-a452-d9fa21678afd,계화중식,중화요리,도화동상점가,자율상권구역,서울특별시,,,
844233c7ebbc3c78fc8c,full_annotation_v1,A,q_중식_02,중국집,음식점 중 '중식'을 판매·제공하는 매장,test,중식,T2 동의어,3e1d70ae-e63a-4314-92fb-a977b6a79ee8,청춘관 중국집,중식,송촌동상점가,자율상권구역,대전광역시,,,
559f80843b71ac83d084,full_annotation_v1,A,q_중식_02,중국집,음식점 중 '중식'을 판매·제공하는 매장,test,중식,T2 동의어,0117062e-156e-475e-bd98-93585f54e25e,몽짬뽕원주직영점,,혁신도시3구역 골목형상점가,골목형상점가,강원특별자치도,,,
dd9d1c805268a8b51576,full_annotation_v1,A,q_중식_02,중국집,음식점 중 '중식'을 판매·제공하는 매장,test,중식,T2 동의어,0e50dcc7-9c2b-441d-b386-a4a4ddb0f875,대동식당,"족발, 수육",칠성종합 상권활성화구역,상권활성화구역,대구광역시,,,
d2929cf74fbe470c8513,full_annotation_v1,A,q_중식_02,중국집,음식점 중 '중식'을 판매·제공하는 매장,test,중식,T2 동의어,291ab45c-d13d-42d6-b893-ded930bb8890,율짬뽕,중국집,동쪽바다중앙시장(구 동해중앙시장),전통시장,강원특별자치도,,,
e7dc82ce6aeff006a804,full_annotation_v1,A,q_중식_02,중국집,음식점 중 '중식'을 판매·제공하는 매장,test,중식,T2 동의어,11f106c6-21aa-44b5-9a89-e53c2dfb2ba6,진차이,"탕수육, 짬뽕, 짜장",목대온기 골목형상점가,골목형상점가,대전광역시,,,
0d01d6fe2a3015b5340a,full_annotation_v1,A,q_중식_02,중국집,음식점 중 '중식'을 판매·제공하는 매장,test,중식,T2 동의어,34073dfe-9d8c-4071-908b-875e7a6189f5,동해순대국집,한식,속초중앙전통시장,전통시장,강원특별자치도,,,
fa77a406709a11511044,full_annotation_v1,A,q_중식_02,중국집,음식점 중 '중식'을 판매·제공하는 매장,test,중식,T2 동의어,18c274e5-ccf0-401b-8776-9be7483b1b74,중국식품,중국가공품,관악신사시장,전통시장,서울특별시,,,
7e1e9146d7e41984f71c,full_annotation_v1,A,q_중식_02,중국집,음식점 중 '중식'을 판매·제공하는 매장,test,중식,T2 동의어,9245a62e-26d1-4b04-b5f6-54b456ce12f1,우리국집,국,지산목련시장(구 지산종합시장),전통시장,대구광역시,,,
a7bd2ad719e3bee1b12f,full_annotation_v1,A,q_중식_02,중국집,음식점 중 '중식'을 판매·제공하는 매장,test,중식,T2 동의어,772524cd-6957-4e00-9244-af4510f5a420,우리동네중국집춘짬뽕,중식,더불어용두 골목형상점가,골목형상점가,광주광역시,,,
e004f29d46936d4ed768,full_annotation_v1,A,q_중식_02,중국집,음식점 중 '중식'을 판매·제공하는 매장,test,중식,T2 동의어,a2f4a18f-e719-443b-845b-33d3981eb68d,신짬뽕,중국집,둔산3동상점가,자율상권구역,대전광역시,,,
31b47c1367ec590481e5,full_annotation_v1,A,q_중식_02,중국집,음식점 중 '중식'을 판매·제공하는 매장,test,중식,T2 동의어,000e6461-698b-42f6-842b-cf95393fee89,탕화쿵푸마라탕 전대점,중식,중흥청춘로 골목형상점가,골목형상점가,광주광역시,,,
c9638a955f9a6c6a581b,full_annotation_v1,A,q_중식_02,중국집,음식점 중 '중식'을 판매·제공하는 매장,test,중식,T2 동의어,0193214f-e716-440d-afbe-a93f1d75a078,1키로 탕수육 산본점,탕수육,산본사거리 골목형상점가,골목형상점가,경기도,,,
dd7a1293cb2c88170df5,full_annotation_v1,A,q_중식_02,중국집,음식점 중 '중식'을 판매·제공하는 매장,test,중식,T2 동의어,451a00c1-ec5b-4b0c-8ad8-f68ad670c272,(주)홀릭,의류,천안신부문화거리상점가,자율상권구역,충청남도,,,
b78be26d9e3a33080827,full_annotation_v1,A,q_중식_02,중국집,음식점 중 '중식'을 판매·제공하는 매장,test,중식,T2 동의어,06fe7733-54b9-4fc8-8a3b-556f50d1cdcc,중화요리진,,주천골목형상점가,골목형상점가,강원특별자치도,,,
223b271852fd7925a6ed,full_annotation_v1,A,q_중식_02,중국집,음식점 중 '중식'을 판매·제공하는 매장,test,중식,T2 동의어,004661ce-f943-4561-9c9d-d888ccc58c1e,니뽕내뽕천안신부점,퓨전짬뽕,천안신부문화거리상점가,자율상권구역,충청남도,,,
b6740d9dd504cd86e112,full_annotation_v1,A,q_중식_02,중국집,음식점 중 '중식'을 판매·제공하는 매장,test,중식,T2 동의어,0ad1e916-8b1c-4de8-ade6-6535b3dc0631,형제반점,중화요리,오수상점가,자율상권구역,전북특별자치도,,,
922318aa3e5f2b4316f5,full_annotation_v1,A,q_중식_02,중국집,음식점 중 '중식'을 판매·제공하는 매장,test,중식,T2 동의어,066eb21b-e691-452e-b9c8-4862c2977340,장위동중국집,음식점,꿈의숲장곡골목형상점가,골목형상점가,서울특별시,,,
406fb097b525e5a6f8ac,full_annotation_v1,A,q_중식_02,중국집,음식점 중 '중식'을 판매·제공하는 매장,test,중식,T2 동의어,b6816528-a070-46a6-974a-21b40c5f8f0b,대한민국집,국밥,신기시장,전통시장,인천광역시,,,
8efee21523ba21cabe50,full_annotation_v1,A,q_중식_02,중국집,음식점 중 '중식'을 판매·제공하는 매장,test,중식,T2 동의어,00e0fdc1-dde3-4fc6-bb61-6bbace454a01,도야짬뽕평촌점,중식,귀인동먹거리촌 골목형상점가,골목형상점가,경기도,,,
69fe7042fd7df56db04d,full_annotation_v1,A,q_중식_02,중국집,음식점 중 '중식'을 판매·제공하는 매장,test,중식,T2 동의어,72885314-1ea4-4e31-b157-59946e7d6919,동네중국집,중국음식,창원 봉곡프라자상가,전통시장,경상남도,,,
7f9f80683816a4a78bda,full_annotation_v1,A,q_중식_02,중국집,음식점 중 '중식'을 판매·제공하는 매장,test,중식,T2 동의어,0369b808-6d4f-4b37-8f25-7e3287a3e3a9,서반장항아리왕짬뽕,,관평동 골목형상점가,골목형상점가,대전광역시,,,
7411a74389d8b875ffc3,full_annotation_v1,A,q_중식_02,중국집,음식점 중 '중식'을 판매·제공하는 매장,test,중식,T2 동의어,d75dea9a-1be6-4eb0-bec1-854ce1fb18de,세종중국집 진성문,음식점업,한솔센터 골목형상점가,골목형상점가,세종특별자치시,,,
d01115fc36f5c8546d4a,full_annotation_v1,A,q_중식_02,중국집,음식점 중 '중식'을 판매·제공하는 매장,test,중식,T2 동의어,94ec6f36-d1fc-4a9a-9627-0b7d4d06e17c,어바니썸,의류,LC타워거리 골목형상점가,골목형상점가,광주광역시,,,
036a6b9e2b43456641a1,full_annotation_v1,A,q_중식_02,중국집,음식점 중 '중식'을 판매·제공하는 매장,test,중식,T2 동의어,86d88308-344a-4446-b0ae-6053f58dd432,성포중국집,,거제 성포 골목형상점가,골목형상점가,경상남도,,,
7b580f24487e3181091f,full_annotation_v1,A,q_중식_02,중국집,음식점 중 '중식'을 판매·제공하는 매장,test,중식,T2 동의어,1a82ae2d-f947-4db6-8e31-343fb1e03e19,주막전집,,가은아자개시장,전통시장,경상북도,,,
7c9563f5946f8367753a,full_annotation_v1,A,q_중식_02,중국집,음식점 중 '중식'을 판매·제공하는 매장,test,중식,T2 동의어,fb1c0399-d575-469b-acc3-2b8f2c44ae44,공주축산,축산물,도마큰시장,전통시장,대전광역시,,,
ab16c2c929dd9a587597,full_annotation_v1,A,q_중식_02,중국집,음식점 중 '중식'을 판매·제공하는 매장,test,중식,T2 동의어,77a271d0-e3d7-4a3f-a6de-fc4134eda6c7,제일해장국,,진주 비봉시장,전통시장,경상남도,,,
b993d5c9111280823f7b,full_annotation_v1,A,q_중식_02,중국집,음식점 중 '중식'을 판매·제공하는 매장,test,중식,T2 동의어,0cddd7d4-60fb-410c-bbe3-945117dce469,중국면식,분식,부천자유시장,전통시장,경기도,,,
663dfe37b1a606c1206d,full_annotation_v1,A,q_중식_02,중국집,음식점 중 '중식'을 판매·제공하는 매장,test,중식,T2 동의어,4701cec7-c536-4a25-a3ed-5adefa888f1d,골목해장국집,한식,명산시장,전통시장,전북특별자치도,,,
57299df509de5e77cd6b,full_annotation_v1,A,q_중식_02,중국집,음식점 중 '중식'을 판매·제공하는 매장,test,중식,T2 동의어,22a81f31-72dd-44bf-b636-73d75266e8a0,중국집,중식,양산동 골목형상점가,골목형상점가,광주광역시,,,
8dd49e4c02b8d8c9b802,full_annotation_v1,A,q_중식_02,중국집,음식점 중 '중식'을 판매·제공하는 매장,test,중식,T2 동의어,22f86a76-84c8-4f69-8f38-d9abf95dcef3,"여수사진관,흔적",사진,여수진남상가,자율상권구역,전라남도,,,
704527a83794a34a10c1,full_annotation_v1,A,q_중식_02,중국집,음식점 중 '중식'을 판매·제공하는 매장,test,중식,T2 동의어,b5859b28-02e3-4cea-8ae2-1b187dde2276,한주국집,한식,양산 덕계종합상설시장,전통시장,경상남도,,,
14e0f088b5dcb3a9e414,full_annotation_v1,A,q_중식_02,중국집,음식점 중 '중식'을 판매·제공하는 매장,test,중식,T2 동의어,f0cf65cf-c219-43c8-a1b2-49e9bf71e975,유니온아트미술학원,미술학원,달천상가 골목형상점가,골목형상점가,울산광역시,,,
b833df89363af7dfb49a,full_annotation_v1,A,q_중식_02,중국집,음식점 중 '중식'을 판매·제공하는 매장,test,중식,T2 동의어,49be8d46-4eb7-429d-8a23-8176d41cac37,산수원,한식,무등산그린웰로제비앙 골목형상점가,골목형상점가,광주광역시,,,
c38f29ecffc164ab12a6,full_annotation_v1,A,q_중식_02,중국집,음식점 중 '중식'을 판매·제공하는 매장,test,중식,T2 동의어,89ff7278-aef3-4150-bd20-0ad13e4eebd8,중국집,짜장면,중앙상가시장,전통시장,대전광역시,,,
b6dcf12fe5c35dbac6cb,full_annotation_v1,A,q_중식_02,중국집,음식점 중 '중식'을 판매·제공하는 매장,test,중식,T2 동의어,21c9bbdc-f76b-424f-9356-2fbc1479e315,재호네 국집,국 등,수원못골종합시장,전통시장,경기도,,,
fad860232bd2728e4050,full_annotation_v1,A,q_중식_02,중국집,음식점 중 '중식'을 판매·제공하는 매장,test,중식,T2 동의어,c5e4eb4b-b643-4e48-81a8-d26b68006cd3,중국상점,식품,전곡첫머리거리 골목형상점가,골목형상점가,경기도,,,
77d05d1736165878136b,full_annotation_v1,A,q_중식_02,중국집,음식점 중 '중식'을 판매·제공하는 매장,test,중식,T2 동의어,f7cf52e0-b0c8-4b1c-b6c7-eab3ac5dab4b,유한회사한국집,한식,백년소상공인,기타,전북특별자치도,,,
65919714e457a8858970,full_annotation_v1,A,q_중식_02,중국집,음식점 중 '중식'을 판매·제공하는 매장,test,중식,T2 동의어,f210d6a4-56ea-45a0-88db-1140492e53e7,부천성,중국 음식,포항 대이상가 골목형상점가,골목형상점가,경상북도,,,
30cb86c67dee5bd30293,full_annotation_v1,A,q_중식_02,중국집,음식점 중 '중식'을 판매·제공하는 매장,test,중식,T2 동의어,89bd86d9-9119-45d0-8531-86d331f2c84c,중국집,중국음식점,간성전통시장(구 천년고성시장),전통시장,강원특별자치도,,,
9d2ae50fc42471c330df,full_annotation_v1,A,q_중식_02,중국집,음식점 중 '중식'을 판매·제공하는 매장,test,중식,T2 동의어,0238f2dd-085f-48bf-a543-5d59d8b2f10f,기통치킨탕수육호프,치킨탕수육,성안길상점가,자율상권구역,충청북도,,,
07965cb56a86edd46735,full_annotation_v1,A,q_중식_02,중국집,음식점 중 '중식'을 판매·제공하는 매장,test,중식,T2 동의어,8f19b463-2253-4e9b-a937-497a12796ad2,JHTECH,포장자재,구미산업유통단지,전통시장,경상북도,,,
a5ceebbd9d2ce2921d7c,full_annotation_v1,A,q_중식_02,중국집,음식점 중 '중식'을 판매·제공하는 매장,test,중식,T2 동의어,2fd9a171-f716-48b9-9ce6-81c5b52118fe,시장국집,한식,안강공설시장,전통시장,경상북도,,,
c3dd04c59ad622bfb1e9,full_annotation_v1,A,q_중식_02,중국집,음식점 중 '중식'을 판매·제공하는 매장,test,중식,T2 동의어,f5755342-1ab6-47dc-9e5a-15d017042d56,신중국집,중식,운리공원상인회 골목형상점가,골목형상점가,광주광역시,,,
e62839783abdf107e2f8,full_annotation_v1,A,q_중식_02,중국집,음식점 중 '중식'을 판매·제공하는 매장,test,중식,T2 동의어,aa9f6659-80b9-44f7-99c3-fcdfa8ef34a4,꿈꾸는 스킨앤바디,,진해 군항상권활성화구역,상권활성화구역,경상남도,,,
f2a3f30bd216e06b5743,full_annotation_v1,A,q_중식_02,중국집,음식점 중 '중식'을 판매·제공하는 매장,test,중식,T2 동의어,4aa4ebb7-984c-43bc-9bdb-dac4094bf829,동일식품,농산물,서변중앙시장,전통시장,대구광역시,,,
3070e49cb694d8f8684b,full_annotation_v1,A,q_중식_02,중국집,음식점 중 '중식'을 판매·제공하는 매장,test,중식,T2 동의어,00f2b06a-d82a-4740-ac18-d898c209d5a5,짜이짜이,중식,충장로123가 상점가,자율상권구역,광주광역시,,,
119e61cec74a73e08606,full_annotation_v1,A,q_중식_02,중국집,음식점 중 '중식'을 판매·제공하는 매장,test,중식,T2 동의어,e981fb70-739a-43a4-afe6-dbc7335ed296,중국집,중식,용호시장,전통시장,부산광역시,,,
c7d6614090b7729270f7,full_annotation_v1,A,q_중식_02,중국집,음식점 중 '중식'을 판매·제공하는 매장,test,중식,T2 동의어,0a230bc3-6a24-48f7-b574-69d45d24f49b,시골향숙식,수육,오산오색시장(구 오산중앙시장),전통시장,경기도,,,
422f3b2c5806f4263031,full_annotation_v1,A,q_중식_02,중국집,음식점 중 '중식'을 판매·제공하는 매장,test,중식,T2 동의어,0920f08e-ee4b-43f5-8400-8ee605567276,7080손짜장,중화요리,부곡맛고을상가,자율상권구역,경상북도,,,
edc4289341eab7fb589e,full_annotation_v1,A,q_중식_02,중국집,음식점 중 '중식'을 판매·제공하는 매장,test,중식,T2 동의어,0de1bc3f-ef27-4c0c-aaf7-a28d659beba0,일품,요리,성내전통시장,전통시장,서울특별시,,,
9cb5c2ccfb61e630b8ab,full_annotation_v1,A,q_중식_02,중국집,음식점 중 '중식'을 판매·제공하는 매장,test,중식,T2 동의어,79ea3a15-65e8-4bed-98a5-5daefde0834d,가마솥 국집,국,안양중앙인정시장,전통시장,경기도,,,
5744f40cddcd8885b122,full_annotation_v1,A,q_중식_02,중국집,음식점 중 '중식'을 판매·제공하는 매장,test,중식,T2 동의어,004af3ce-488b-4a6f-a066-862e26430938,호재짬뽕,,게내공원길 골목형상점가,골목형상점가,서울특별시,,,
1fb521b387c5b46980da,full_annotation_v1,A,q_중식_02,중국집,음식점 중 '중식'을 판매·제공하는 매장,test,중식,T2 동의어,011253e1-0a18-4068-84a9-9ee8f83460b6,도도,음식점(중식),화도창현상점가,골목형상점가,경기도,,,
3b5a47c64850491b8595,full_annotation_v1,A,q_중식_02,중국집,음식점 중 '중식'을 판매·제공하는 매장,test,중식,T2 동의어,04afb9dc-071d-4cd1-9404-109ed4c4ede0,오서방중국집,중식,서산동문 골목형상점가,골목형상점가,충청남도,,,
3097fd46abd45f536dc3,full_annotation_v1,A,q_중식_02,중국집,음식점 중 '중식'을 판매·제공하는 매장,test,중식,T2 동의어,997326b1-b610-48cc-a9f2-450dd2ce1407,중국관,중식,대명 오손도손 골목형상점가,골목형상점가,전북특별자치도,,,
c9decf21e29cf9c60ee3,full_annotation_v1,A,q_중식_02,중국집,음식점 중 '중식'을 판매·제공하는 매장,test,중식,T2 동의어,842bd396-2f67-4723-badf-69c3bb407bb5,대성상사,가구,포항죽도시장,전통시장,경상북도,,,
fd6a296f2e95ed05a29c,full_annotation_v1,A,q_중식_02,중국집,음식점 중 '중식'을 판매·제공하는 매장,test,중식,T2 동의어,170e3331-357e-4ff1-a3e7-2980a16470c3,중국수련손만두,한식,김천 삼색이수상권,상권활성화구역,경상북도,,,
86a95ed22a724d2ad580,full_annotation_v1,A,q_중식_02,중국집,음식점 중 '중식'을 판매·제공하는 매장,test,중식,T2 동의어,634ba1f0-0d22-4c53-a17f-0c6b52bb3483,신정국집,국,㈜신정시장,전통시장,울산광역시,,,
a10404c1038b1b92baaa,full_annotation_v1,A,q_중식_02,중국집,음식점 중 '중식'을 판매·제공하는 매장,test,중식,T2 동의어,000ad086-7f53-4aa5-b6df-3e57737371e3,짬뽕이 땡기는가,짬뽕,서천시장거리 골목형상점가,골목형상점가,충청남도,,,
ae345b65199ef202cb23,full_annotation_v1,A,q_중식_02,중국집,음식점 중 '중식'을 판매·제공하는 매장,test,중식,T2 동의어,a0ecd82d-ef65-40eb-b9eb-b47df2409929,서가네국집,음식점,남부골목시장,전통시장,서울특별시,,,
1638a7bb0c01b1a02b25,full_annotation_v1,A,q_중식_02,중국집,음식점 중 '중식'을 판매·제공하는 매장,test,중식,T2 동의어,17a4bdd1-3689-4258-b3db-481b16761853,농업회사법인예천군농축특산물홍보판매단주식회사,,예천상설시장,전통시장,경상북도,,,
23783191ab02856669bc,full_annotation_v1,A,q_중식_02,중국집,음식점 중 '중식'을 판매·제공하는 매장,test,중식,T2 동의어,3d219581-890c-4e9e-a984-500127922b84,농사일기,빵류 과자류 케이크류,청평여울시장,전통시장,경기도,,,
251e56de4205de1729c9,full_annotation_v1,A,q_중식_03,중화요리,음식점 중 '중식'을 판매·제공하는 매장,test,중식,T2 동의어,532545a2-f068-43fd-9905-e6b125d48200,취팔러마 중화요리,중식,거창 전통시장,전통시장,경상남도,,,
96c92d70733a9f02bc69,full_annotation_v1,A,q_중식_03,중화요리,음식점 중 '중식'을 판매·제공하는 매장,test,중식,T2 동의어,0369b808-6d4f-4b37-8f25-7e3287a3e3a9,서반장항아리왕짬뽕,,관평동 골목형상점가,골목형상점가,대전광역시,,,
0501f6094a738a429a6a,full_annotation_v1,A,q_중식_03,중화요리,음식점 중 '중식'을 판매·제공하는 매장,test,중식,T2 동의어,5518479c-f119-4750-a6ef-06158d318cf9,한상드림 구성점,반찬,구성언남 골목형상점가,골목형상점가,경기도,,,
23c8babecd965488853f,full_annotation_v1,A,q_중식_03,중화요리,음식점 중 '중식'을 판매·제공하는 매장,test,중식,T2 동의어,776836b8-69fb-47ee-9c36-55a9410107e7,인생짬뽕,중화요리,송정중앙 골목형상점가,골목형상점가,광주광역시,,,
36d7008307dca481d215,full_annotation_v1,A,q_중식_03,중화요리,음식점 중 '중식'을 판매·제공하는 매장,test,중식,T2 동의어,dc18eecc-092c-4d9b-aa39-e16e58450c34,보성반점,중화요리,양북시장,전통시장,경상북도,,,
a22768815d7304f83971,full_annotation_v1,A,q_중식_03,중화요리,음식점 중 '중식'을 판매·제공하는 매장,test,중식,T2 동의어,ae2967db-43b6-499a-b51a-4294784c5219,아서원,중화요리,운암 동운로 골목형상점가,골목형상점가,광주광역시,,,
9dbedf67a8e4b077c8a0,full_annotation_v1,A,q_중식_03,중화요리,음식점 중 '중식'을 판매·제공하는 매장,test,중식,T2 동의어,56933a19-32b7-4867-a074-a35ab2ad3ced,중화요리 동성,중식,맹동혁신골목형상점가,골목형상점가,충청북도,,,
688dcc7079fdc4b6f158,full_annotation_v1,A,q_중식_03,중화요리,음식점 중 '중식'을 판매·제공하는 매장,test,중식,T2 동의어,87394c4c-d5e0-4da5-bee3-14ecbcfb7a9f,화열,중화요리,봉선2로 골목형상점가,골목형상점가,광주광역시,,,
d4ec275678128728b2ae,full_annotation_v1,A,q_중식_03,중화요리,음식점 중 '중식'을 판매·제공하는 매장,test,중식,T2 동의어,004af3ce-488b-4a6f-a066-862e26430938,호재짬뽕,,게내공원길 골목형상점가,골목형상점가,서울특별시,,,
878da7c53d72ab4aeeea,full_annotation_v1,A,q_중식_03,중화요리,음식점 중 '중식'을 판매·제공하는 매장,test,중식,T2 동의어,00e0fdc1-dde3-4fc6-bb61-6bbace454a01,도야짬뽕평촌점,중식,귀인동먹거리촌 골목형상점가,골목형상점가,경기도,,,
85d33c1715bf87a1193b,full_annotation_v1,A,q_중식_03,중화요리,음식점 중 '중식'을 판매·제공하는 매장,test,중식,T2 동의어,cb663df9-8d4b-40e6-bc98-603ec26c3288,만복커텐,커튼,유성시장 골목형상점가,골목형상점가,대전광역시,,,
525f2bd7b9dce5ecdb78,full_annotation_v1,A,q_중식_03,중화요리,음식점 중 '중식'을 판매·제공하는 매장,test,중식,T2 동의어,00c95d45-2ff3-4066-a179-c026f0528d0c,명장,중식,옥과설산골목형상점가,골목형상점가,전라남도,,,
373bc449d237b54c3980,full_annotation_v1,A,q_중식_03,중화요리,음식점 중 '중식'을 판매·제공하는 매장,test,중식,T2 동의어,0193214f-e716-440d-afbe-a93f1d75a078,1키로 탕수육 산본점,탕수육,산본사거리 골목형상점가,골목형상점가,경기도,,,
e8a529d52607806e10d4,full_annotation_v1,A,q_중식_03,중화요리,음식점 중 '중식'을 판매·제공하는 매장,test,중식,T2 동의어,e634ebd6-dfc6-472a-834a-0a7f614d1ee9,금화루,중화요리,성서용산시장,전통시장,대구광역시,,,
3cdfc25b61b478474074,full_annotation_v1,A,q_중식_03,중화요리,음식점 중 '중식'을 판매·제공하는 매장,test,중식,T2 동의어,b879ac7f-b0ad-4676-8979-ff075d3beb3b,목회밭,중화요리,산수 먹자골목 골목형상점가,골목형상점가,광주광역시,,,
14a16dcd01f74e493cd1,full_annotation_v1,A,q_중식_03,중화요리,음식점 중 '중식'을 판매·제공하는 매장,test,중식,T2 동의어,00f2b06a-d82a-4740-ac18-d898c209d5a5,짜이짜이,중식,충장로123가 상점가,자율상권구역,광주광역시,,,
07447409213a89a57c49,full_annotation_v1,A,q_중식_03,중화요리,음식점 중 '중식'을 판매·제공하는 매장,test,중식,T2 동의어,cc023032-d0de-482f-bf6b-75db11e2d205,차돌관,중화요리,신창중앙,골목형상점가,광주광역시,,,
0c7c690b832dbddb7e23,full_annotation_v1,A,q_중식_03,중화요리,음식점 중 '중식'을 판매·제공하는 매장,test,중식,T2 동의어,74b2b026-c39c-4681-929d-47d6c4ccfbf3,민속촌,음식점,고덕골목형상점가,골목형상점가,서울특별시,,,
bc72d2ddc30757c6241d,full_annotation_v1,A,q_중식_03,중화요리,음식점 중 '중식'을 판매·제공하는 매장,test,중식,T2 동의어,470a1cfc-c959-4031-b824-0c5ddef627fe,왕짬뽕,중화요리,송도역전시장,전통시장,인천광역시,,,
eaf3a19bd4e2b17143fa,full_annotation_v1,A,q_중식_03,중화요리,음식점 중 '중식'을 판매·제공하는 매장,test,중식,T2 동의어,c49f8d06-e443-4ac1-b74c-0509e5ff3b76,아랫장소문난짜장,중화요리,아랫장,전통시장,전라남도,,,
1406f3f9cdf5bf7db50b,full_annotation_v1,A,q_중식_03,중화요리,음식점 중 '중식'을 판매·제공하는 매장,test,중식,T2 동의어,55e26d6f-b537-4670-90ea-c180abdd4c9b,신북경반점,중화요리,안중시장,전통시장,경기도,,,
731b5f5ed01a564df6a3,full_annotation_v1,A,q_중식_03,중화요리,음식점 중 '중식'을 판매·제공하는 매장,test,중식,T2 동의어,768bb03c-831f-4776-add9-86e1496b7812,황제,중화요리,은구비서로사회적협동조합 골목형상점가,골목형상점가,대전광역시,,,
c2da4e076be71b9b92d7,full_annotation_v1,A,q_중식_03,중화요리,음식점 중 '중식'을 판매·제공하는 매장,test,중식,T2 동의어,46e66260-5141-440c-81ec-16ab1f3ced3e,장춘 중화요리,중식,조종시장,전통시장,경기도,,,
d3ce3144fd0289273941,full_annotation_v1,A,q_중식_03,중화요리,음식점 중 '중식'을 판매·제공하는 매장,test,중식,T2 동의어,0238f2dd-085f-48bf-a543-5d59d8b2f10f,기통치킨탕수육호프,치킨탕수육,성안길상점가,자율상권구역,충청북도,,,
84a8a165d2af5843cad5,full_annotation_v1,A,q_중식_03,중화요리,음식점 중 '중식'을 판매·제공하는 매장,test,중식,T2 동의어,1333d868-b376-48da-ad19-2925edb63d50,금곡상회,음식료및잡화,영월서부공설시장,전통시장,강원특별자치도,,,
7c22adad5a49a6759656,full_annotation_v1,A,q_중식_03,중화요리,음식점 중 '중식'을 판매·제공하는 매장,test,중식,T2 동의어,000e6461-698b-42f6-842b-cf95393fee89,탕화쿵푸마라탕 전대점,중식,중흥청춘로 골목형상점가,골목형상점가,광주광역시,,,
b6c243ad49c00ef8e24a,full_annotation_v1,A,q_중식_03,중화요리,음식점 중 '중식'을 판매·제공하는 매장,test,중식,T2 동의어,860c03bc-0eb9-4c7e-af65-f79baf953e35,대동반점,중화요리,광탄전통시장,전통시장,경기도,,,
e96a61e00a83f0e720af,full_annotation_v1,A,q_중식_03,중화요리,음식점 중 '중식'을 판매·제공하는 매장,test,중식,T2 동의어,76bf4a76-fcae-4933-bf7e-af496a52cc71,태자관 중화요리,중식,상공회의소누리상인회 골목형상점가,골목형상점가,광주광역시,,,
46972db74ad86e4c5267,full_annotation_v1,A,q_중식_03,중화요리,음식점 중 '중식'을 판매·제공하는 매장,test,중식,T2 동의어,674771e5-889a-421a-83da-fa7b898471eb,예쁜옷집,의류,도마큰시장,전통시장,대전광역시,,,
1ef7908c79a2ad843616,full_annotation_v1,A,q_중식_03,중화요리,음식점 중 '중식'을 판매·제공하는 매장,test,중식,T2 동의어,0920f08e-ee4b-43f5-8400-8ee605567276,7080손짜장,중화요리,부곡맛고을상가,자율상권구역,경상북도,,,
fdf264a67162c43b193d,full_annotation_v1,A,q_중식_03,중화요리,음식점 중 '중식'을 판매·제공하는 매장,test,중식,T2 동의어,116365cb-ffed-43e1-9971-6df263d877cc,짜짜루,중국집,하동공설시장,전통시장,경상남도,,,
181df4e17c4dc1a3847f,full_annotation_v1,A,q_중식_03,중화요리,음식점 중 '중식'을 판매·제공하는 매장,test,중식,T2 동의어,8fd46eb3-ef82-4196-8e49-d6f558058d3e,우미우리옷,의류,부산남문시장,전통시장,부산광역시,,,
b677775b7b80b6c36298,full_annotation_v1,A,q_중식_03,중화요리,음식점 중 '중식'을 판매·제공하는 매장,test,중식,T2 동의어,728adb79-7e02-4aeb-934a-35e07d01e866,경남식당,중화요리,퐁당거리 골목형상점가,골목형상점가,전라남도,,,
25ee4d7d07620fe8beb2,full_annotation_v1,A,q_중식_03,중화요리,음식점 중 '중식'을 판매·제공하는 매장,test,중식,T2 동의어,53c8ed75-6389-4c17-a8f0-060495eb5361,재길이짬뽕,중화요리,신부유람단골목형상점가,골목형상점가,충청남도,,,
c6426941c6e0bfeb7a48,full_annotation_v1,A,q_중식_03,중화요리,음식점 중 '중식'을 판매·제공하는 매장,test,중식,T2 동의어,cbb99c44-22eb-4df9-94cb-391a59962dfd,덕성원 중화요리,중식,김포 사우먹자골목형상점가,골목형상점가,경기도,,,
0f86f71d629d9b2664c0,full_annotation_v1,A,q_중식_03,중화요리,음식점 중 '중식'을 판매·제공하는 매장,test,중식,T2 동의어,4981cfde-1867-49fb-aaad-51ecd93ce0e7,황실장가계,중화요리,일곡동(제9지역:커피의 거리),골목형상점가,광주광역시,,,
84084edb1df2ca0439e0,full_annotation_v1,A,q_중식_03,중화요리,음식점 중 '중식'을 판매·제공하는 매장,test,중식,T2 동의어,416a5521-45d7-4768-abe2-95641c3ff383,츠츠허허,중화요리,오치2동 골목형상점가,골목형상점가,광주광역시,,,
5aef6076a62ea0640553,full_annotation_v1,A,q_중식_03,중화요리,음식점 중 '중식'을 판매·제공하는 매장,test,중식,T2 동의어,b24d09f3-fb08-4fd2-9d74-04ca6638f6ff,복무춘,중화요리,영동전통시장,전통시장,충청북도,,,
f3d4c99edcc4e400a089,full_annotation_v1,A,q_중식_03,중화요리,음식점 중 '중식'을 판매·제공하는 매장,test,중식,T2 동의어,0de1bc3f-ef27-4c0c-aaf7-a28d659beba0,일품,요리,성내전통시장,전통시장,서울특별시,,,
01dc18ab7b7b322ea852,full_annotation_v1,A,q_중식_03,중화요리,음식점 중 '중식'을 판매·제공하는 매장,test,중식,T2 동의어,9189af7b-a846-4d64-b4a7-2d08b1047fb8,사천,중화요리,강진읍 상권활성화구역,상권활성화구역,전라남도,,,
d2c7e8b4ae6414c7b634,full_annotation_v1,A,q_중식_03,중화요리,음식점 중 '중식'을 판매·제공하는 매장,test,중식,T2 동의어,291ab45c-d13d-42d6-b893-ded930bb8890,율짬뽕,중국집,동쪽바다중앙시장(구 동해중앙시장),전통시장,강원특별자치도,,,
66e4a1e5debfeaa4d2d3,full_annotation_v1,A,q_중식_03,중화요리,음식점 중 '중식'을 판매·제공하는 매장,test,중식,T2 동의어,9fc047cb-bb8c-44cc-9f41-0a0007c88ded,평화반점,중화요리,황지자유시장,전통시장,강원특별자치도,,,
e3298cd044c8840846a9,full_annotation_v1,A,q_중식_03,중화요리,음식점 중 '중식'을 판매·제공하는 매장,test,중식,T2 동의어,d789f11c-7608-48fb-8f7d-6163cd62794e,학짬뽕,중화요리,양림공예거리 골목형상점가,골목형상점가,광주광역시,,,
bf6d24f1c502dead86bb,full_annotation_v1,A,q_중식_03,중화요리,음식점 중 '중식'을 판매·제공하는 매장,test,중식,T2 동의어,a2f4a18f-e719-443b-845b-33d3981eb68d,신짬뽕,중국집,둔산3동상점가,자율상권구역,대전광역시,,,
992f1112f63919181383,full_annotation_v1,A,q_중식_03,중화요리,음식점 중 '중식'을 판매·제공하는 매장,test,중식,T2 동의어,000ad086-7f53-4aa5-b6df-3e57737371e3,짬뽕이 땡기는가,짬뽕,서천시장거리 골목형상점가,골목형상점가,충청남도,,,
800f27f768f1190da9fe,full_annotation_v1,A,q_중식_03,중화요리,음식점 중 '중식'을 판매·제공하는 매장,test,중식,T2 동의어,bb5a0cec-2664-449e-adb4-bca0621089f7,하얼빈,중화요리,주월1동독립로 골목형상점가,골목형상점가,광주광역시,,,
ba4f2fef3c17c339ca22,full_annotation_v1,A,q_중식_03,중화요리,음식점 중 '중식'을 판매·제공하는 매장,test,중식,T2 동의어,18df84ef-f4a9-4558-b358-ecd0f10bc3de,만리향,중화요리,춘천중앙시장,전통시장,강원특별자치도,,,
492af5068ba3cf0f08af,full_annotation_v1,A,q_중식_03,중화요리,음식점 중 '중식'을 판매·제공하는 매장,test,중식,T2 동의어,8538124c-fa88-4cd1-b88c-bddbcaaa196a,디자인바이치즈,전자상거래업,민락2지구골목형상점가,골목형상점가,경기도,,,
33abc62a5fc3dcccecd2,full_annotation_v1,A,q_중식_03,중화요리,음식점 중 '중식'을 판매·제공하는 매장,test,중식,T2 동의어,11f106c6-21aa-44b5-9a89-e53c2dfb2ba6,진차이,"탕수육, 짬뽕, 짜장",목대온기 골목형상점가,골목형상점가,대전광역시,,,
d28c9f98aceef640688c,full_annotation_v1,A,q_중식_03,중화요리,음식점 중 '중식'을 판매·제공하는 매장,test,중식,T2 동의어,7cb85a99-c2af-4f00-b27a-a7a98d978aac,신천지대반점,중화요리,우정전통시장,전통시장,울산광역시,,,
49aa59c9315abf41650f,full_annotation_v1,A,q_중식_03,중화요리,음식점 중 '중식'을 판매·제공하는 매장,test,중식,T2 동의어,9a12ab15-2edc-4dd0-a085-45167a003249,쁘띠 레브,소품,산본로데오거리(구 산본중심상가),자율상권구역,경기도,,,
f8dafb12fbd45d63dc04,full_annotation_v1,A,q_중식_03,중화요리,음식점 중 '중식'을 판매·제공하는 매장,test,중식,T2 동의어,f47428dc-18d3-4e0e-a02b-fef719da6c39,충무공 중화요리,중식,우수영 골목형상점가,골목형상점가,전라남도,,,
bd21a8f6dc0a1f6fcd2c,full_annotation_v1,A,q_중식_03,중화요리,음식점 중 '중식'을 판매·제공하는 매장,test,중식,T2 동의어,e201ef04-3c5d-4772-8687-9d27f107da18,복호두,호두과자,청라언덕 골목형상점가,골목형상점가,대구광역시,,,
df94cb84ca393da6e6d2,full_annotation_v1,A,q_중식_03,중화요리,음식점 중 '중식'을 판매·제공하는 매장,test,중식,T2 동의어,011253e1-0a18-4068-84a9-9ee8f83460b6,도도,음식점(중식),화도창현상점가,골목형상점가,경기도,,,
7d6c820cea9ed0382c9c,full_annotation_v1,A,q_중식_03,중화요리,음식점 중 '중식'을 판매·제공하는 매장,test,중식,T2 동의어,19edcfa8-da21-46b2-a3b8-d3f0c493b3c2,성원관,중화요리,창원 성원3차종합상가,전통시장,경상남도,,,
e181e5a7b8e7432a12c7,full_annotation_v1,A,q_중식_03,중화요리,음식점 중 '중식'을 판매·제공하는 매장,test,중식,T2 동의어,06fe7733-54b9-4fc8-8a3b-556f50d1cdcc,중화요리진,,주천골목형상점가,골목형상점가,강원특별자치도,,,
c28d0764948394019219,full_annotation_v1,A,q_중식_03,중화요리,음식점 중 '중식'을 판매·제공하는 매장,test,중식,T2 동의어,b342c16d-3dff-47e7-8401-5978cd13500f,마코 여주점,의류,여주한글시장(여주중앙로상점가),전통시장,경기도,,,
c3173f8987c8bcb23dae,full_annotation_v1,A,q_중식_03,중화요리,음식점 중 '중식'을 판매·제공하는 매장,test,중식,T2 동의어,9802318b-8617-4b9a-8028-982c66749a73,계림,중화요리,광주송정역세권 상권활성화구역,상권활성화구역,광주광역시,,,
94a15a1d3dc6c2f5af03,full_annotation_v1,A,q_중식_03,중화요리,음식점 중 '중식'을 판매·제공하는 매장,test,중식,T2 동의어,534d553f-151f-42c5-bd34-08ae1bda38ab,홍문각,중화요리,계수마을상인회 골목형상점가,골목형상점가,광주광역시,,,
facf3dfaabb10e82e1c5,full_annotation_v1,A,q_중식_03,중화요리,음식점 중 '중식'을 판매·제공하는 매장,test,중식,T2 동의어,b05812a1-0f1e-4ef8-a3bf-03e6003fcb94,ddbros(디디브로스),"꽃, 식물",개항희망문화상권 상권활성화구역,상권활성화구역,인천광역시,,,
169150997c5b9794911f,full_annotation_v1,A,q_중식_03,중화요리,음식점 중 '중식'을 판매·제공하는 매장,test,중식,T2 동의어,377ef4ca-bddd-4230-bce9-8c38bb1b2e00,한곱창,곱창,구성언남 골목형상점가,골목형상점가,경기도,,,
eaca259bbdb5e8405018,full_annotation_v1,A,q_중식_03,중화요리,음식점 중 '중식'을 판매·제공하는 매장,test,중식,T2 동의어,66685b05-23a4-4080-9569-2b630d133b24,태화루,중화요리,마로관기시장(관기재래시장),전통시장,충청북도,,,
263d4f79c053db8bdc8c,full_annotation_v1,A,q_중식_03,중화요리,음식점 중 '중식'을 판매·제공하는 매장,test,중식,T2 동의어,7fa795f7-247e-47c3-9123-ef4bd53ea3bb,와룡반점,중화요리,성서계대로데오거리 골목형상점가,골목형상점가,대구광역시,,,
e6c8a13a1cceb1bc97ac,full_annotation_v1,A,q_중식_03,중화요리,음식점 중 '중식'을 판매·제공하는 매장,test,중식,T2 동의어,fdd6ddb6-aff4-49af-81a1-12c4820d81f4,팟초이,중화요리,공항동먹자골목골목형상점가,골목형상점가,서울특별시,,,
2dd9f3eec80f6c726c79,full_annotation_v1,A,q_중식_03,중화요리,음식점 중 '중식'을 판매·제공하는 매장,test,중식,T2 동의어,74bb1fa2-c696-4b7f-a94c-e60b51332024,화 중화요리,중화요리,화도창현상점가,골목형상점가,경기도,,,
08d5ef1c2966d38a16d9,full_annotation_v1,A,q_중식_03,중화요리,음식점 중 '중식'을 판매·제공하는 매장,test,중식,T2 동의어,0fe75e4c-06f8-43e9-9177-a47e3e98d75b,봉봉반점,중화요리,삼천동제일 골목형상점가,골목형상점가,전북특별자치도,,,
64d943fb582e102198f7,full_annotation_v1,A,q_중식_03,중화요리,음식점 중 '중식'을 판매·제공하는 매장,test,중식,T2 동의어,7be83d91-0913-485f-b492-cb22db870f77,산돌중화요리,중화요리,꽃밭정이 골목형상점가,골목형상점가,전북특별자치도,,,
77d1ed728933c4d75ba2,full_annotation_v1,A,q_중식_03,중화요리,음식점 중 '중식'을 판매·제공하는 매장,test,중식,T2 동의어,004661ce-f943-4561-9c9d-d888ccc58c1e,니뽕내뽕천안신부점,퓨전짬뽕,천안신부문화거리상점가,자율상권구역,충청남도,,,
e2f252bbe9e4c2440648,full_annotation_v1,A,q_중식_03,중화요리,음식점 중 '중식'을 판매·제공하는 매장,test,중식,T2 동의어,efa7a863-51b2-4de7-be9d-ea4c2e8b8129,중화요리 초마초마,중화요리,효자동4동 후곡길 골목형상점가,골목형상점가,전북특별자치도,,,
d158c95ebbdedd5f95d1,full_annotation_v1,A,q_중식_03,중화요리,음식점 중 '중식'을 판매·제공하는 매장,test,중식,T2 동의어,fe45473a-1698-4927-b4a6-179aa96cd61e,영일,참기름,포항운하송림시장,전통시장,경상북도,,,
7bac0e6a99afc1d7eaa1,full_annotation_v1,A,q_중식_03,중화요리,음식점 중 '중식'을 판매·제공하는 매장,test,중식,T2 동의어,2bb96c93-e681-4c39-afa4-bc904cf4700e,만리장성,중화요리,선운 골목형상점가,골목형상점가,광주광역시,,,
95fde93f9e7153508690,full_annotation_v1,A,q_중식_03,중화요리,음식점 중 '중식'을 판매·제공하는 매장,test,중식,T2 동의어,0117062e-156e-475e-bd98-93585f54e25e,몽짬뽕원주직영점,,혁신도시3구역 골목형상점가,골목형상점가,강원특별자치도,,,
e9e08d4f194cf02dbc51,full_annotation_v1,A,q_중식_03,중화요리,음식점 중 '중식'을 판매·제공하는 매장,test,중식,T2 동의어,0e50dcc7-9c2b-441d-b386-a4a4ddb0f875,대동식당,"족발, 수육",칠성종합 상권활성화구역,상권활성화구역,대구광역시,,,
98432789ea84f3a5181b,full_annotation_v1,A,q_중식_03,중화요리,음식점 중 '중식'을 판매·제공하는 매장,test,중식,T2 동의어,53bf3234-7d24-4b55-97ba-cb443a5ffbb7,중화요리 북경,,정남진활력의거리 골목형상점가,골목형상점가,,,,
9f5d5d13a36b6a1dce00,full_annotation_v1,A,q_중식_03,중화요리,음식점 중 '중식'을 판매·제공하는 매장,test,중식,T2 동의어,a3f9f8fe-eff6-4000-a62c-780766cb806c,장충족발,음식점,쌍문역둘리상점가,자율상권구역,서울특별시,,,
e9a7039d58b90c0de28e,full_annotation_v1,A,q_중식_03,중화요리,음식점 중 '중식'을 판매·제공하는 매장,test,중식,T2 동의어,06834ba2-563f-4b9c-a452-d9fa21678afd,계화중식,중화요리,도화동상점가,자율상권구역,서울특별시,,,
70aef57a7eb0d8f7c772,full_annotation_v1,A,q_중식_03,중화요리,음식점 중 '중식'을 판매·제공하는 매장,test,중식,T2 동의어,a337ca21-1d48-459d-bf83-884144d246a6,로미셀프케어,의료기기 및 전기제품,문화로 자율상권구역,,경상북도,,,
6653d2e72b92271f3411,full_annotation_v1,A,q_중식_03,중화요리,음식점 중 '중식'을 판매·제공하는 매장,test,중식,T2 동의어,3b038cca-e966-4bc8-a0a1-2570b34dfeff,장안성,중화요리,금당산길상인회 골목형상점가,골목형상점가,광주광역시,,,
c378132cfa65f7fd941a,full_annotation_v1,A,q_중식_03,중화요리,음식점 중 '중식'을 판매·제공하는 매장,test,중식,T2 동의어,86d88308-344a-4446-b0ae-6053f58dd432,성포중국집,,거제 성포 골목형상점가,골목형상점가,경상남도,,,
750a795ea0d431d603c2,full_annotation_v1,A,q_중식_03,중화요리,음식점 중 '중식'을 판매·제공하는 매장,test,중식,T2 동의어,fb6acccb-5720-425c-b961-9baa21c975fe,대성각,중화요리,쌍촌로상인회 골목형상점가,골목형상점가,광주광역시,,,
290a5f5dba8369800f30,full_annotation_v1,A,q_중식_03,중화요리,음식점 중 '중식'을 판매·제공하는 매장,test,중식,T2 동의어,82b342bc-764a-4511-8d7e-d67ba6d5c8a0,중화요리 봉주루,,혁신도시3구역 골목형상점가,골목형상점가,강원특별자치도,,,
998f605c58a39cae1f96,full_annotation_v1,A,q_중식_03,중화요리,음식점 중 '중식'을 판매·제공하는 매장,test,중식,T2 동의어,0ad1e916-8b1c-4de8-ade6-6535b3dc0631,형제반점,중화요리,오수상점가,자율상권구역,전북특별자치도,,,
38aef1b447a67c10ae67,full_annotation_v1,A,q_중식_03,중화요리,음식점 중 '중식'을 판매·제공하는 매장,test,중식,T2 동의어,1fe7707f-11aa-4345-bf43-1562aab5a9e4,몽탄손짜장,중화요리,무안전통시장,전통시장,전라남도,,,
b285b27dfcbc1697db28,full_annotation_v1,A,q_중식_03,중화요리,음식점 중 '중식'을 판매·제공하는 매장,test,중식,T2 동의어,9bf5c705-fae7-4a93-a312-0d0f43dd6d6e,송가짬뽕,중화요리,군산수송 골목형상점가,골목형상점가,전북특별자치도,,,
80f6a2843dbbee1c4ccd,full_annotation_v1,A,q_중식_03,중화요리,음식점 중 '중식'을 판매·제공하는 매장,test,중식,T2 동의어,84c47ed9-30dd-4775-8723-85088bc0413d,남강중화요리,중화요리,오수시장,전통시장,전북특별자치도,,,
77784cedf8eb7953255f,full_annotation_v1,A,q_중식_03,중화요리,음식점 중 '중식'을 판매·제공하는 매장,test,중식,T2 동의어,a3893dad-4fe5-4ab6-b8a4-9c6dcfac78d4,영흥관,중화요리,백년소상공인,기타,전북특별자치도,,,
9a2dc8b7e38b6c1fc594,full_annotation_v1,A,q_중식_03,중화요리,음식점 중 '중식'을 판매·제공하는 매장,test,중식,T2 동의어,0a230bc3-6a24-48f7-b574-69d45d24f49b,시골향숙식,수육,오산오색시장(구 오산중앙시장),전통시장,경기도,,,
507dd6bbe88d407ea262,full_annotation_v1,A,q_중식_03,중화요리,음식점 중 '중식'을 판매·제공하는 매장,test,중식,T2 동의어,d96f92ca-f2f6-41d7-950f-c2ad57ec8d16,화랑성,중화요리,신도안면 골목형상점가,골목형상점가,충청남도,,,
5851eb6d448e0355ff9c,full_annotation_v1,A,q_중식_03,중화요리,음식점 중 '중식'을 판매·제공하는 매장,test,중식,T2 동의어,31fd26d5-e3cb-4c7f-9b21-929e35acb027,태황성,중화요리,인동시장,전통시장,대전광역시,,,
bc746207bd12d7b596e4,full_annotation_v1,A,q_중식_03,중화요리,음식점 중 '중식'을 판매·제공하는 매장,test,중식,T2 동의어,8f4cfbae-c2fd-433a-966c-c1f220fe526f,수림관,중국집,당감시장,전통시장,부산광역시,,,
af659e60261480b981ab,full_annotation_v1,A,q_중식_03,중화요리,음식점 중 '중식'을 판매·제공하는 매장,test,중식,T2 동의어,f302f344-81cb-47ca-9551-09af2790891a,신도짜장,중화요리,신도꼼지락시장,전통시장,대전광역시,,,
b2bc7a8f9855eafea06b,full_annotation_v1,A,q_중식_03,중화요리,음식점 중 '중식'을 판매·제공하는 매장,test,중식,T2 동의어,9153fc8c-8d61-42ba-a403-ece3e2a883c0,단심가,중화요리,아름동상점가,자율상권구역,세종특별자치시,,,
cd2f16aae876bf5718fb,full_annotation_v1,A,q_중식_03,중화요리,음식점 중 '중식'을 판매·제공하는 매장,test,중식,T2 동의어,85d6cb0e-698e-4881-936d-1d1a48554986,영주신발상사,신발,영주문화시장,전통시장,경상북도,,,
7d00ee2f1e984fa023d2,full_annotation_v1,A,q_중식_03,중화요리,음식점 중 '중식'을 판매·제공하는 매장,test,중식,T2 동의어,a6f42da8-14f0-41fa-bed7-3b31dd26883c,하오짬뽕,중화요리,성서용산시장,전통시장,대구광역시,,,
e70c63039e7583aec853,full_annotation_v1,A,q_중식_03,중화요리,음식점 중 '중식'을 판매·제공하는 매장,test,중식,T2 동의어,28bdc6b4-fc64-40d2-924f-ca692b977274,디온루,중화요리,전평제상인회 골목형상점가,골목형상점가,광주광역시,,,
7271a9bdffd3044a1ddc,full_annotation_v1,A,q_중식_03,중화요리,음식점 중 '중식'을 판매·제공하는 매장,test,중식,T2 동의어,afe23118-b49e-42dd-a320-6c61372a5afa,오케이 중화요리,,화천재래시장,전통시장,강원특별자치도,,,
26535949c51b694dc8c4,full_annotation_v1,A,q_중식_03,중화요리,음식점 중 '중식'을 판매·제공하는 매장,test,중식,T2 동의어,87415444-20e4-40e5-a93e-fe9429c077f4,중화각,중화요리,부평깡시장,전통시장,인천광역시,,,
9b70c6efa13070cbfc60,full_annotation_v1,A,q_중식_04,짬뽕,음식점 중 '중식'을 판매·제공하는 매장,test,중식,T2 동의어,7c45644e-1b5f-4019-84c0-072b182c6a72,짬뽕타임,짬뽕,평촌1번가 상점가,자율상권구역,경기도,,,
40f1475f37eb85364f03,full_annotation_v1,A,q_중식_04,짬뽕,음식점 중 '중식'을 판매·제공하는 매장,test,중식,T2 동의어,116365cb-ffed-43e1-9971-6df263d877cc,짜짜루,중국집,하동공설시장,전통시장,경상남도,,,
cf703e382d13cbeb014b,full_annotation_v1,A,q_중식_04,짬뽕,음식점 중 '중식'을 판매·제공하는 매장,test,중식,T2 동의어,dee6de63-830c-4e06-ab4c-e29fa2493959,본가 교동짬뽕,짬뽕,익산 다e로움 상권활성화구역,상권활성화구역,전북특별자치도,,,
aa7051a64b3f40d8abb6,full_annotation_v1,A,q_중식_04,짬뽕,음식점 중 '중식'을 판매·제공하는 매장,test,중식,T2 동의어,55d26565-5b78-426f-af07-1ed40eb88479,이비가짬뽕전남대점,짬뽕,신안동서암대로 골목형상점가,골목형상점가,광주광역시,,,
c20d41215804905d9484,full_annotation_v1,A,q_중식_04,짬뽕,음식점 중 '중식'을 판매·제공하는 매장,test,중식,T2 동의어,1b433a72-88fd-45d0-9969-fa945145f5de,교동짬뽕,"짬뽕, 짜장면",충효어린이공원 골목형상점가,골목형상점가,광주광역시,,,
5c1d178dcedb07452534,full_annotation_v1,A,q_중식_04,짬뽕,음식점 중 '중식'을 판매·제공하는 매장,test,중식,T2 동의어,28694c65-d3a3-4f68-964a-0708009b821e,명신반점,짜장면 짬뽕,전곡로데오거리 골목형상점가,골목형상점가,경기도,,,
fb286d32ce889aa1253c,full_annotation_v1,A,q_중식_04,짬뽕,음식점 중 '중식'을 판매·제공하는 매장,test,중식,T2 동의어,f9f7add9-5875-4d92-af0e-2416142278ea,땡큐스시,음식점(초밥),미성동도깨비시장,골목형상점가,서울특별시,,,
3a0eb82caa52f8fa0ff4,full_annotation_v1,A,q_중식_04,짬뽕,음식점 중 '중식'을 판매·제공하는 매장,test,중식,T2 동의어,2406df73-692b-4725-859f-6779caf8c06e,짬뽕별관,짬뽕,관저동 먹자골목 골목형상점가,골목형상점가,대전광역시,,,
e3933648f8462536bbac,full_annotation_v1,A,q_중식_04,짬뽕,음식점 중 '중식'을 판매·제공하는 매장,test,중식,T2 동의어,aa43795a-15af-401f-a48f-f55ac4eef2fa,광주한솥첨단월계점,음식,첨단쌍이 골목형상점가,골목형상점가,광주광역시,,,
2d8aaf98891712127b83,full_annotation_v1,A,q_중식_04,짬뽕,음식점 중 '중식'을 판매·제공하는 매장,test,중식,T2 동의어,f3e38331-1229-4e67-a5ab-2a845d65709e,해짬뽕,짬뽕,봉리단길골목형상점가,골목형상점가,서울특별시,,,
7a512e852e940e60dda2,full_annotation_v1,A,q_중식_04,짬뽕,음식점 중 '중식'을 판매·제공하는 매장,test,중식,T2 동의어,de453194-374b-4827-921a-eb60a0ae44d3,러블리짐,서비스,상무평화상인회 골목형상점가,골목형상점가,광주광역시,,,
7c9a27feb8aba7373c6d,full_annotation_v1,A,q_중식_04,짬뽕,음식점 중 '중식'을 판매·제공하는 매장,test,중식,T2 동의어,9a482496-fff4-4127-be75-b55259aa9260,열라용짬뽕,짬뽕,태백중앙로상점가,자율상권구역,강원특별자치도,,,
8e01d611ff54fe671cba,full_annotation_v1,A,q_중식_04,짬뽕,음식점 중 '중식'을 판매·제공하는 매장,test,중식,T2 동의어,291ab45c-d13d-42d6-b893-ded930bb8890,율짬뽕,중국집,동쪽바다중앙시장(구 동해중앙시장),전통시장,강원특별자치도,,,
cee6b8f99f34860455e3,full_annotation_v1,A,q_중식_04,짬뽕,음식점 중 '중식'을 판매·제공하는 매장,test,중식,T2 동의어,7b218312-81bc-49cf-b061-fbdf8bd027f1,엄마떡볶이,분식,원대신시장,전통시장,대구광역시,,,
a56131604cc314cf9cb7,full_annotation_v1,A,q_중식_04,짬뽕,음식점 중 '중식'을 판매·제공하는 매장,test,중식,T2 동의어,59d08cb9-5caa-45f8-a481-2b6982fdb8c2,황제반점,짬뽕,포남용마거리골목형상점가,골목형상점가,강원특별자치도,,,
b19cee6e5b957f0ff7ef,full_annotation_v1,A,q_중식_04,짬뽕,음식점 중 '중식'을 판매·제공하는 매장,test,중식,T2 동의어,5d6ecfc4-992f-42d6-b7d3-b67b5a38d241,26호 짬뽕,중식,봉덕신시장,전통시장,대구광역시,,,
4f18ee99dee982bad208,full_annotation_v1,A,q_중식_04,짬뽕,음식점 중 '중식'을 판매·제공하는 매장,test,중식,T2 동의어,a3cc52bc-8a02-4cdd-9914-6178ddfcfce0,이(李)짬뽕,짬뽕,오류버들시장골목형상점가,골목형상점가,서울특별시,,,
666af7acdd2359fad78b,full_annotation_v1,A,q_중식_04,짬뽕,음식점 중 '중식'을 판매·제공하는 매장,test,중식,T2 동의어,f2035a80-1046-4d92-ace1-1d0c9972fdd6,짬뽕지존,짬뽕,반곡동 골목형상점가,골목형상점가,세종특별자치시,,,
b3bf2610978f2d1069aa,full_annotation_v1,A,q_중식_04,짬뽕,음식점 중 '중식'을 판매·제공하는 매장,test,중식,T2 동의어,ac561059-7105-49a7-a7f8-e3bf26125d13,태강상사,식육,김해 주촌축산물시장,전통시장,경상남도,,,
8729dd942353cdeb0c22,full_annotation_v1,A,q_중식_04,짬뽕,음식점 중 '중식'을 판매·제공하는 매장,test,중식,T2 동의어,e0d5a308-374b-4c77-b1eb-2fd1d627087b,마음자리 심리상담 연구소,심리상담,조방자성로 골목형 상점가,골목형상점가,부산광역시,,,
6526e957c4b6dbf9d300,full_annotation_v1,A,q_중식_04,짬뽕,음식점 중 '중식'을 판매·제공하는 매장,test,중식,T2 동의어,000ad086-7f53-4aa5-b6df-3e57737371e3,짬뽕이 땡기는가,짬뽕,서천시장거리 골목형상점가,골목형상점가,충청남도,,,
e9b0c9766d38bb47fcda,full_annotation_v1,A,q_중식_04,짬뽕,음식점 중 '중식'을 판매·제공하는 매장,test,중식,T2 동의어,0238f2dd-085f-48bf-a543-5d59d8b2f10f,기통치킨탕수육호프,치킨탕수육,성안길상점가,자율상권구역,충청북도,,,
55302ec5ab5f0187d62d,full_annotation_v1,A,q_중식_04,짬뽕,음식점 중 '중식'을 판매·제공하는 매장,test,중식,T2 동의어,11f106c6-21aa-44b5-9a89-e53c2dfb2ba6,진차이,"탕수육, 짬뽕, 짜장",목대온기 골목형상점가,골목형상점가,대전광역시,,,
87820e3b031fca1876b3,full_annotation_v1,A,q_중식_04,짬뽕,음식점 중 '중식'을 판매·제공하는 매장,test,중식,T2 동의어,0a230bc3-6a24-48f7-b574-69d45d24f49b,시골향숙식,수육,오산오색시장(구 오산중앙시장),전통시장,경기도,,,
a00ffe37462dc0c84268,full_annotation_v1,A,q_중식_04,짬뽕,음식점 중 '중식'을 판매·제공하는 매장,test,중식,T2 동의어,b0f97b08-9d18-45d0-9167-060a10624cb4,도야짬뽕 양산점,짬뽕,양산동 골목형상점가,골목형상점가,광주광역시,,,
a5ea15545aad97044b05,full_annotation_v1,A,q_중식_04,짬뽕,음식점 중 '중식'을 판매·제공하는 매장,test,중식,T2 동의어,86d88308-344a-4446-b0ae-6053f58dd432,성포중국집,,거제 성포 골목형상점가,골목형상점가,경상남도,,,
b1089b9a1d7ddbaf7ad3,full_annotation_v1,A,q_중식_04,짬뽕,음식점 중 '중식'을 판매·제공하는 매장,test,중식,T2 동의어,abd4cd5c-1ae9-4199-a768-12692d07f29f,범짬뽕,,대명중앙시장,전통시장,대구광역시,,,
42b1e1a1039bd899b36f,full_annotation_v1,A,q_중식_04,짬뽕,음식점 중 '중식'을 판매·제공하는 매장,test,중식,T2 동의어,0193214f-e716-440d-afbe-a93f1d75a078,1키로 탕수육 산본점,탕수육,산본사거리 골목형상점가,골목형상점가,경기도,,,
946980ccb47ea8ea61e6,full_annotation_v1,A,q_중식_04,짬뽕,음식점 중 '중식'을 판매·제공하는 매장,test,중식,T2 동의어,00e0fdc1-dde3-4fc6-bb61-6bbace454a01,도야짬뽕평촌점,중식,귀인동먹거리촌 골목형상점가,골목형상점가,경기도,,,
9f2ff3a20d3cfa5ad547,full_annotation_v1,A,q_중식_04,짬뽕,음식점 중 '중식'을 판매·제공하는 매장,test,중식,T2 동의어,d572abdd-46a8-45df-98d5-ed2fc2a845c8,해흥관,짬뽕 짜장면,수정시장,전통시장,부산광역시,,,
325a3911f797f006bb59,full_annotation_v1,A,q_중식_04,짬뽕,음식점 중 '중식'을 판매·제공하는 매장,test,중식,T2 동의어,004661ce-f943-4561-9c9d-d888ccc58c1e,니뽕내뽕천안신부점,퓨전짬뽕,천안신부문화거리상점가,자율상권구역,충청남도,,,
0eb013ac2ccd9dbd8341,full_annotation_v1,A,q_중식_04,짬뽕,음식점 중 '중식'을 판매·제공하는 매장,test,중식,T2 동의어,7f9a916f-6895-4da2-a381-feb95f002757,짬뽕로맨스,짬뽕,정부청사 골목형상점가,골목형상점가,광주광역시,,,
45582958a9ee65fbeb01,full_annotation_v1,A,q_중식_04,짬뽕,음식점 중 '중식'을 판매·제공하는 매장,test,중식,T2 동의어,1293f619-ceeb-44c0-98d4-9ce4d682d7fc,자유시간,의류,문산자유시장,전통시장,경기도,,,
b0fa50d426beb9097edc,full_annotation_v1,A,q_중식_04,짬뽕,음식점 중 '중식'을 판매·제공하는 매장,test,중식,T2 동의어,0117062e-156e-475e-bd98-93585f54e25e,몽짬뽕원주직영점,,혁신도시3구역 골목형상점가,골목형상점가,강원특별자치도,,,
0c008b1f63578640488a,full_annotation_v1,A,q_중식_04,짬뽕,음식점 중 '중식'을 판매·제공하는 매장,test,중식,T2 동의어,0369b808-6d4f-4b37-8f25-7e3287a3e3a9,서반장항아리왕짬뽕,,관평동 골목형상점가,골목형상점가,대전광역시,,,
4cf5ae1f90d5b16773ef,full_annotation_v1,A,q_중식_04,짬뽕,음식점 중 '중식'을 판매·제공하는 매장,test,중식,T2 동의어,912d82e7-33ad-4412-b715-ea9f87101a88,계룡각,짜장 짬뽕,엄사 골목형상점가,골목형상점가,충청남도,,,
4cb2537c51722c59299f,full_annotation_v1,A,q_중식_04,짬뽕,음식점 중 '중식'을 판매·제공하는 매장,test,중식,T2 동의어,a0ea28df-8790-472a-bf80-8c94e6606648,학짬뽕,짬뽕,매곡 골목형상점가,골목형상점가,대구광역시,,,
8cb7caf1e8558daad2fd,full_annotation_v1,A,q_중식_04,짬뽕,음식점 중 '중식'을 판매·제공하는 매장,test,중식,T2 동의어,f0ef8e71-ef86-4ec0-bbe3-2662b953af8b,짬뽕대마왕,짬뽕,첨단이웃사랑 골목형상점가,골목형상점가,광주광역시,,,
be0750db7ec68adde707,full_annotation_v1,A,q_중식_04,짬뽕,음식점 중 '중식'을 판매·제공하는 매장,test,중식,T2 동의어,6513cdbd-a7b2-43d0-bc8f-422716367475,뚝배기 짬뽕,중식,화엄상가(골목형상점가),골목형상점가,전라남도,,,
12eb8ac2d1b4a3fe94de,full_annotation_v1,A,q_중식_04,짬뽕,음식점 중 '중식'을 판매·제공하는 매장,test,중식,T2 동의어,011253e1-0a18-4068-84a9-9ee8f83460b6,도도,음식점(중식),화도창현상점가,골목형상점가,경기도,,,
77a805ff25a43c492fa9,full_annotation_v1,A,q_중식_04,짬뽕,음식점 중 '중식'을 판매·제공하는 매장,test,중식,T2 동의어,e524467b-20e1-42c1-9875-807d2c1b669e,상무한방병원,한방의료서비스,상무평화상인회 골목형상점가,골목형상점가,광주광역시,,,
1b2e1983b68fa71aaaee,full_annotation_v1,A,q_중식_04,짬뽕,음식점 중 '중식'을 판매·제공하는 매장,test,중식,T2 동의어,a2f4a18f-e719-443b-845b-33d3981eb68d,신짬뽕,중국집,둔산3동상점가,자율상권구역,대전광역시,,,
5c9fbf27e99da421103d,full_annotation_v1,A,q_중식_04,짬뽕,음식점 중 '중식'을 판매·제공하는 매장,test,중식,T2 동의어,0920f08e-ee4b-43f5-8400-8ee605567276,7080손짜장,중화요리,부곡맛고을상가,자율상권구역,경상북도,,,
3270637a7e1e138fa8b3,full_annotation_v1,A,q_중식_04,짬뽕,음식점 중 '중식'을 판매·제공하는 매장,test,중식,T2 동의어,e0999c68-52e8-4d4e-bcd6-8941abbc730f,수중짬뽕전골,짬뽕,초록거리 골목형상점가,골목형상점가,경기도,,,
ac7929f2dee2bb263b36,full_annotation_v1,A,q_중식_04,짬뽕,음식점 중 '중식'을 판매·제공하는 매장,test,중식,T2 동의어,78b930ed-89a9-4c85-80c4-7df0401fb618,방자네탕수육수자네짬뽕탕,짬뽕,한보라 골목형상점가,골목형상점가,경기도,,,
f8524d7ff0cec9e404d1,full_annotation_v1,A,q_중식_04,짬뽕,음식점 중 '중식'을 판매·제공하는 매장,test,중식,T2 동의어,004af3ce-488b-4a6f-a066-862e26430938,호재짬뽕,,게내공원길 골목형상점가,골목형상점가,서울특별시,,,
003c20e829ad43f46dcd,full_annotation_v1,A,q_중식_04,짬뽕,음식점 중 '중식'을 판매·제공하는 매장,test,중식,T2 동의어,66aa2b0b-77e6-4171-a6a3-ecc2b5663e30,명가 짬뽕,중식,용문천년시장,전통시장,경기도,,,
c607732b843c8602f57b,full_annotation_v1,A,q_중식_04,짬뽕,음식점 중 '중식'을 판매·제공하는 매장,test,중식,T2 동의어,074b755c-7f05-42dc-9c6f-5661898ebbeb,엣지하우스,커튼,서문시장2지구 종합상가,전통시장,대구광역시,,,
e88286c5d19b40d5a0c3,full_annotation_v1,A,q_중식_04,짬뽕,음식점 중 '중식'을 판매·제공하는 매장,test,중식,T2 동의어,62ee0296-f1ee-45e4-a769-fc326b6b8983,내안의 짬뽕,중식,치평광명상가상인회 골목형상점가,골목형상점가,광주광역시,,,
ea608f6a66bd2cccf0dc,full_annotation_v1,A,q_중식_04,짬뽕,음식점 중 '중식'을 판매·제공하는 매장,test,중식,T2 동의어,0de1bc3f-ef27-4c0c-aaf7-a28d659beba0,일품,요리,성내전통시장,전통시장,서울특별시,,,
27ebd693411da60105a9,full_annotation_v1,A,q_중식_04,짬뽕,음식점 중 '중식'을 판매·제공하는 매장,test,중식,T2 동의어,2c9bc88f-66d2-4a35-9530-2fa2ea0cda4b,더 하이난,짬뽕,빛가람 로데오 골목형상점가,골목형상점가,전라남도,,,
b0f6ce358892182f4445,full_annotation_v1,A,q_중식_04,짬뽕,음식점 중 '중식'을 판매·제공하는 매장,test,중식,T2 동의어,3f326928-46fb-4639-85ab-23982f105f20,도원뚝배기짬뽕,짬뽕,조운동골목형상점가,골목형상점가,강원특별자치도,,,
0d8164b53bfd1139db76,full_annotation_v1,A,q_중식_04,짬뽕,음식점 중 '중식'을 판매·제공하는 매장,test,중식,T2 동의어,8c2c2a92-4c48-4081-90d1-82dc2306a3b0,오늘은 짬뽕,중식,광주송정역세권 상권활성화구역,상권활성화구역,광주광역시,,,
33e486b38ae4a789a9b6,full_annotation_v1,A,q_중식_04,짬뽕,음식점 중 '중식'을 판매·제공하는 매장,test,중식,T2 동의어,00c95d45-2ff3-4066-a179-c026f0528d0c,명장,중식,옥과설산골목형상점가,골목형상점가,전라남도,,,
2d517e0d8938c36a6589,full_annotation_v1,A,q_중식_04,짬뽕,음식점 중 '중식'을 판매·제공하는 매장,test,중식,T2 동의어,2eacdfb0-8f51-418e-8e74-99e8e1c2c4f0,이비가 짬뽕,,현대테라타워DIMC상점가,골목형상점가,경기도,,,
45202823603d65d3376e,full_annotation_v1,A,q_중식_04,짬뽕,음식점 중 '중식'을 판매·제공하는 매장,test,중식,T2 동의어,0a638671-4362-4e7f-8d58-ab3c337463d8,더직화짬뽕,짬뽕,반석동 골목형상점가,골목형상점가,대전광역시,,,
512572d3be8466e43a0f,full_annotation_v1,A,q_중식_04,짬뽕,음식점 중 '중식'을 판매·제공하는 매장,test,중식,T2 동의어,b3ca9fb7-aa18-44e3-a91e-f35b2b92af07,차이나 웍 짬뽕,짬뽕,산수 먹자골목 골목형상점가,골목형상점가,광주광역시,,,
46a0c7c1e8d006a985c4,full_annotation_v1,A,q_중식_04,짬뽕,음식점 중 '중식'을 판매·제공하는 매장,test,중식,T2 동의어,ca34f7e2-ff35-4d30-9d0c-6da71d8e8185,도원,짜장면 짬뽕,인천산업유통센터,전통시장,인천광역시,,,
782dfcae082f32ebc20e,full_annotation_v1,A,q_중식_04,짬뽕,음식점 중 '중식'을 판매·제공하는 매장,test,중식,T2 동의어,4fd72d54-a622-4610-bc99-f7a41ce1dbc4,몽짬뽕 명덕역점,짬뽕,물베기 골목형상점가,골목형상점가,대구광역시,,,
23e74483d0e7b0c9bb6a,full_annotation_v1,A,q_중식_04,짬뽕,음식점 중 '중식'을 판매·제공하는 매장,test,중식,T2 동의어,2470fc1b-711b-4656-8a4e-c6ce4320ef5e,태장교동짬뽕,짬뽕,흥양천골목형상점가,골목형상점가,강원특별자치도,,,
82460f7a06b161c46fcc,full_annotation_v1,A,q_중식_04,짬뽕,음식점 중 '중식'을 판매·제공하는 매장,test,중식,T2 동의어,9aea640a-4f5c-4f54-9352-2c2279f7284d,짬뽕상회 설악점,짬뽕,설악눈메골시장,전통시장,경기도,,,
e00b50d417fb6d5abf08,full_annotation_v1,A,q_중식_04,짬뽕,음식점 중 '중식'을 판매·제공하는 매장,test,중식,T2 동의어,ef4c6aa4-1f3d-40ab-8ecc-244b31ce420f,큐사랑다대낫개점,염색 두피 탈모 서비스 및 제품 소매,삼환아파트 A상가 골목형 상점가,골목형상점가,부산광역시,,,
8e8d5c2a43a7d8514ada,full_annotation_v1,A,q_중식_04,짬뽕,음식점 중 '중식'을 판매·제공하는 매장,test,중식,T2 동의어,0e50dcc7-9c2b-441d-b386-a4a4ddb0f875,대동식당,"족발, 수육",칠성종합 상권활성화구역,상권활성화구역,대구광역시,,,
74b3639de261a7f0690a,full_annotation_v1,A,q_중식_04,짬뽕,음식점 중 '중식'을 판매·제공하는 매장,test,중식,T2 동의어,0a0405e9-75a8-4da5-94de-52922afd653d,(주)드림,침대 가구,운정가구단지 상점가,자율상권구역,경기도,,,
9c311e7c78e27f16718c,full_annotation_v1,A,q_중식_04,짬뽕,음식점 중 '중식'을 판매·제공하는 매장,test,중식,T2 동의어,06fe7733-54b9-4fc8-8a3b-556f50d1cdcc,중화요리진,,주천골목형상점가,골목형상점가,강원특별자치도,,,
00ae8c624c53731b6cf4,full_annotation_v1,A,q_중식_04,짬뽕,음식점 중 '중식'을 판매·제공하는 매장,test,중식,T2 동의어,a5e48ef3-aa77-40fa-b169-9f30a4dcb32d,윤씨네 짬뽕,중식,금화로상인회 골목형상점가,골목형상점가,광주광역시,,,
faadca64d3e5cefaf3ce,full_annotation_v1,A,q_중식_04,짬뽕,음식점 중 '중식'을 판매·제공하는 매장,test,중식,T2 동의어,000e6461-698b-42f6-842b-cf95393fee89,탕화쿵푸마라탕 전대점,중식,중흥청춘로 골목형상점가,골목형상점가,광주광역시,,,
8c214de442e7d2a14072,full_annotation_v1,A,q_중식_04,짬뽕,음식점 중 '중식'을 판매·제공하는 매장,test,중식,T2 동의어,170d00da-dc68-4dc7-9949-dfaeaeb56c8e,강짬뽕,,맹동혁신골목형상점가,골목형상점가,충청북도,,,
15549c8f46052ebb8a27,full_annotation_v1,A,q_중식_04,짬뽕,음식점 중 '중식'을 판매·제공하는 매장,test,중식,T2 동의어,9f2e4402-d314-4a2f-ae44-b80a8927b46b,짬갬뽕 갈매직영,짜장면 짬뽕,초록거리 골목형상점가,골목형상점가,경기도,,,
bd9095b9c232a9d69cf1,full_annotation_v1,A,q_중식_04,짬뽕,음식점 중 '중식'을 판매·제공하는 매장,test,중식,T2 동의어,8f4cfbae-c2fd-433a-966c-c1f220fe526f,수림관,중국집,당감시장,전통시장,부산광역시,,,
00aa175f65548594a895,full_annotation_v1,A,q_중식_04,짬뽕,음식점 중 '중식'을 판매·제공하는 매장,test,중식,T2 동의어,0ad1e916-8b1c-4de8-ade6-6535b3dc0631,형제반점,중화요리,오수상점가,자율상권구역,전북특별자치도,,,
1bfc6f40d4051d0a7c8d,full_annotation_v1,A,q_중식_04,짬뽕,음식점 중 '중식'을 판매·제공하는 매장,test,중식,T2 동의어,d190568f-9ccf-42b7-b881-f478f4416973,판다짬뽕,짬뽕,서동전통골목시장,전통시장,부산광역시,,,
e37d0606af043ca743fb,full_annotation_v1,A,q_중식_04,짬뽕,음식점 중 '중식'을 판매·제공하는 매장,test,중식,T2 동의어,e70da657-dc57-4fdf-82c7-4fbb0c51c10c,만물상회,가방신발,금촌전통시장,전통시장,경기도,,,
e79b5fd330158588d1e5,full_annotation_v1,A,q_중식_04,짬뽕,음식점 중 '중식'을 판매·제공하는 매장,test,중식,T2 동의어,974ab8ea-cf0f-4dd1-a31d-8823506b1ae9,낭만짬뽕김사부,짬뽕,남성역먹거리골목형상점가,골목형상점가,서울특별시,,,
38714a8ce926b110bf05,full_annotation_v1,A,q_중식_04,짬뽕,음식점 중 '중식'을 판매·제공하는 매장,test,중식,T2 동의어,6fef5ba9-4afc-4462-983a-983709c398c1,경주상회,"선식, 농산물",부평깡통시장(구 부산부평시장),전통시장,부산광역시,,,
74ddb9d9c858cdff9ace,full_annotation_v1,A,q_중식_04,짬뽕,음식점 중 '중식'을 판매·제공하는 매장,test,중식,T2 동의어,39650f71-d6c1-4587-8feb-362076b0bba3,교동짬뽕,짬뽕,관저동 먹자골목 골목형상점가,골목형상점가,대전광역시,,,
5dc3d501ba76146858f1,full_annotation_v1,A,q_중식_04,짬뽕,음식점 중 '중식'을 판매·제공하는 매장,test,중식,T2 동의어,df9d3831-f570-4480-9d62-0516b8f55e36,쌍용각,중식 짬뽕,전곡첫머리거리 골목형상점가,골목형상점가,경기도,,,
e2266e015d2c751ccabc,full_annotation_v1,A,q_중식_04,짬뽕,음식점 중 '중식'을 판매·제공하는 매장,test,중식,T2 동의어,06834ba2-563f-4b9c-a452-d9fa21678afd,계화중식,중화요리,도화동상점가,자율상권구역,서울특별시,,,
91e5cf1c489e3b90f019,full_annotation_v1,A,q_중식_04,짬뽕,음식점 중 '중식'을 판매·제공하는 매장,test,중식,T2 동의어,7bb63834-9e41-40fb-b621-9b40c3f40f17,최가설렁탕,한식설렁탕,우산상인회 골목형상점가,골목형상점가,광주광역시,,,
4f00e07bbf32bddf5549,full_annotation_v1,A,q_중식_04,짬뽕,음식점 중 '중식'을 판매·제공하는 매장,test,중식,T2 동의어,ffd9f292-305c-453c-b848-5dd7c8d056d3,돈짬,짬뽕,나성BRT 골목형상점가,골목형상점가,세종특별자치시,,,
d8abb5674b985f029aa2,full_annotation_v1,A,q_중식_04,짬뽕,음식점 중 '중식'을 판매·제공하는 매장,test,중식,T2 동의어,c476ba0b-ae0e-4af7-a468-616a361b261d,도야짬뽕 풍암점,짬뽕,풍암중앙상인회 골목형상점가,골목형상점가,광주광역시,,,
b075a3a92354ded1438a,full_annotation_v1,A,q_중식_04,짬뽕,음식점 중 '중식'을 판매·제공하는 매장,test,중식,T2 동의어,176528af-59ef-46e8-9287-6a90a3a48e9b,와삭통통닭강정,닭강정,산본로데오거리(구 산본중심상가),자율상권구역,경기도,,,
e1764864f2913c211fe9,full_annotation_v1,A,q_중식_04,짬뽕,음식점 중 '중식'을 판매·제공하는 매장,test,중식,T2 동의어,0824dba5-3349-491e-81e8-e15285168346,내안의 짬뽕,중식,풍암운리중상인회 골목형상점가,골목형상점가,광주광역시,,,
c77c8b3dcdc1e06ffa1a,full_annotation_v1,A,q_중식_04,짬뽕,음식점 중 '중식'을 판매·제공하는 매장,test,중식,T2 동의어,79a95fcb-185f-46b7-ae99-2caf205a4692,교동짬뽕,짬뽕,신용동 골목형상점가,골목형상점가,광주광역시,,,
826639dc8a354346209a,full_annotation_v1,A,q_중식_04,짬뽕,음식점 중 '중식'을 판매·제공하는 매장,test,중식,T2 동의어,00f2b06a-d82a-4740-ac18-d898c209d5a5,짜이짜이,중식,충장로123가 상점가,자율상권구역,광주광역시,,,
d6d910720c691fa23414,full_annotation_v1,A,q_중식_04,짬뽕,음식점 중 '중식'을 판매·제공하는 매장,test,중식,T2 동의어,66b2e3f4-628f-46e2-9f7b-733c68c2d178,수짬뽕,,복수동 골목형상점가,골목형상점가,대전광역시,,,
bc002a40729aa1ecf186,full_annotation_v1,A,q_중식_04,짬뽕,음식점 중 '중식'을 판매·제공하는 매장,test,중식,T2 동의어,5cd245e3-1da1-420c-8b0b-e456a19b4191,강릉 짬뽕식탁,짬뽕,엄사 골목형상점가,골목형상점가,충청남도,,,
7e54d4639a8c4e82b239,full_annotation_v1,A,q_중식_04,짬뽕,음식점 중 '중식'을 판매·제공하는 매장,test,중식,T2 동의어,b240092c-63e8-4278-be68-9ace0bb89036,도야짬뽕 신내직영점,짬뽕,신내구길 골목형상점가,골목형상점가,서울특별시,,,
0b4b920695169a834e4d,full_annotation_v1,A,q_중식_04,짬뽕,음식점 중 '중식'을 판매·제공하는 매장,test,중식,T2 동의어,caa5f460-7a50-45d8-80f3-5fb33b45ab51,국가대표 짬뽕,중식,매곡 골목형상점가,골목형상점가,대구광역시,,,
b9cd09762cbb8ef4ab19,full_annotation_v1,A,q_중식_04,짬뽕,음식점 중 '중식'을 판매·제공하는 매장,test,중식,T2 동의어,c4414d61-95f1-4170-a365-56f976c3d7ef,시장짬뽕,짬뽕,산격종합시장,전통시장,대구광역시,,,
fe7efa0974de54672218,full_annotation_v1,A,q_중식_04,짬뽕,음식점 중 '중식'을 판매·제공하는 매장,test,중식,T2 동의어,f42d991b-b649-49b5-8f59-b43d11e2d4ed,수유어묵공장,,수유전통시장(구 수유골목시장),전통시장,서울특별시,,,
2ee586ad6aec4a7031d5,full_annotation_v1,A,q_중식_04,짬뽕,음식점 중 '중식'을 판매·제공하는 매장,test,중식,T2 동의어,faa4d309-a59e-4127-939e-fa8aaaa07ba3,리더짬뽕,짬뽕,관저동 먹거리 골목형상점가,골목형상점가,대전광역시,,,
e0e14cb552e1aa8e68f6,full_annotation_v1,A,q_중식_04,짬뽕,음식점 중 '중식'을 판매·제공하는 매장,test,중식,T2 동의어,2913c8c0-332d-465b-8a89-dc429a11c340,진미간짬뽕,짬뽕,엄상마을상점가,골목형상점가,경기도,,,
09d97942b9a2de738b4f,full_annotation_v1,A,q_중식_04,짬뽕,음식점 중 '중식'을 판매·제공하는 매장,test,중식,T2 동의어,10851e29-553c-4efa-ab57-d4627c5a42de,전설의 짬뽕,중식,건대로데오거리골목형상점가,골목형상점가,서울특별시,,,
69478fabe42b435b93da,full_annotation_v1,A,q_중식_04,짬뽕,음식점 중 '중식'을 판매·제공하는 매장,test,중식,T2 동의어,0647a4da-11c9-403c-8423-5ed1f48fa56c,고구려짬뽕10101,짬뽕,고잔뜰 상점가,자율상권구역,경기도,,,
e467be2b222d56218f37,full_annotation_v1,A,q_중식_05,탕수육,음식점 중 '중식'을 판매·제공하는 매장,test,중식,T2 동의어,e4540881-c1a1-4229-89a7-75bedfe800d9,성신사,의류,창동신창시장,전통시장,서울특별시,,,
fd0623e049545de59a6f,full_annotation_v1,A,q_중식_05,탕수육,음식점 중 '중식'을 판매·제공하는 매장,test,중식,T2 동의어,e02f6e95-186e-41e2-ad8d-1ce919fad2cc,뽕대감,탕수육 짜장 짬뽕,양산호수공원 골목형상점가,골목형상점가,광주광역시,,,
a551ae58a18e45637e75,full_annotation_v1,A,q_중식_05,탕수육,음식점 중 '중식'을 판매·제공하는 매장,test,중식,T2 동의어,06fe7733-54b9-4fc8-8a3b-556f50d1cdcc,중화요리진,,주천골목형상점가,골목형상점가,강원특별자치도,,,
b212e1b7b2b78044520f,full_annotation_v1,A,q_중식_05,탕수육,음식점 중 '중식'을 판매·제공하는 매장,test,중식,T2 동의어,b9f7cecb-49b9-4836-9a8a-a453a36404c1,깡우동 안산한대앞역점,"우동, 탕수육",한대앞역상점가,자율상권구역,경기도,,,
b90168cda3bd2fd3d6bb,full_annotation_v1,A,q_중식_05,탕수육,음식점 중 '중식'을 판매·제공하는 매장,test,중식,T2 동의어,531b10a2-bcf5-4c99-a0dc-abba0d3d3a63,1키로 탕수육 강동성내점,중식,성내전통시장,전통시장,서울특별시,,,
267074027b13a9f8078d,full_annotation_v1,A,q_중식_05,탕수육,음식점 중 '중식'을 판매·제공하는 매장,test,중식,T2 동의어,188174ca-3bb0-4a5e-a211-a94dbbf576ae,시장탕수육,분식,신원시장,전통시장,서울특별시,,,
052f7b89cb456ecabbfd,full_annotation_v1,A,q_중식_05,탕수육,음식점 중 '중식'을 판매·제공하는 매장,test,중식,T2 동의어,244b3da5-1ca7-487f-b2fb-e79af8804cf0,올레시장흑돼지탕수육,흑돼지탕수육,서귀포매일올레시장,전통시장,제주특별자치도,,,
43ec854299fa979a1798,full_annotation_v1,A,q_중식_05,탕수육,음식점 중 '중식'을 판매·제공하는 매장,test,중식,T2 동의어,34630e89-7b26-4f61-9fe2-505c358b6ca0,명가탕수육,탕수육,전남여고후문 골목형상점가,골목형상점가,광주광역시,,,
4ad0c53872be649aa95e,full_annotation_v1,A,q_중식_05,탕수육,음식점 중 '중식'을 판매·제공하는 매장,test,중식,T2 동의어,07cf092b-ce3d-4785-b31a-685fa45465ab,동네맛집,한식,한대앞역상점가,자율상권구역,경기도,,,
1ea609c82a8d75a3d318,full_annotation_v1,A,q_중식_05,탕수육,음식점 중 '중식'을 판매·제공하는 매장,test,중식,T2 동의어,3d556ff2-1d6c-4d5a-aec0-3b28b04ff150,할범탕수육,한식,언양알프스시장,전통시장,울산광역시,,,
c1a29cc760cafdf411b9,full_annotation_v1,A,q_중식_05,탕수육,음식점 중 '중식'을 판매·제공하는 매장,test,중식,T2 동의어,11f106c6-21aa-44b5-9a89-e53c2dfb2ba6,진차이,"탕수육, 짬뽕, 짜장",목대온기 골목형상점가,골목형상점가,대전광역시,,,
8cba4ff0d5ebd73f931d,full_annotation_v1,A,q_중식_05,탕수육,음식점 중 '중식'을 판매·제공하는 매장,test,중식,T2 동의어,a2f4a18f-e719-443b-845b-33d3981eb68d,신짬뽕,중국집,둔산3동상점가,자율상권구역,대전광역시,,,
2c897b1e1fb3b7ccff4a,full_annotation_v1,A,q_중식_05,탕수육,음식점 중 '중식'을 판매·제공하는 매장,test,중식,T2 동의어,f17c336b-278d-4d7d-b655-22ea35b4b4e8,주식회사 이수페컴퍼니,,새샘하루 골목형상점가,골목형상점가,세종특별자치시,,,
ecc2baaaf7d56eb1770c,full_annotation_v1,A,q_중식_05,탕수육,음식점 중 '중식'을 판매·제공하는 매장,test,중식,T2 동의어,c03588ba-0075-4342-8d2c-37eb85e0d774,홍짜장,짜장 짬뽕 탕수육 등,동백 이음길 골목형상점가,골목형상점가,경기도,,,
d555aea65ec1253cc5aa,full_annotation_v1,A,q_중식_05,탕수육,음식점 중 '중식'을 판매·제공하는 매장,test,중식,T2 동의어,4a291dfb-ff17-46fa-9f2c-a1d2f1426f21,럭키즈어학원,어학원,나주혁신도시 골목형상점가,골목형상점가,전라남도,,,
1f9454aa4709f84beda0,full_annotation_v1,A,q_중식_05,탕수육,음식점 중 '중식'을 판매·제공하는 매장,test,중식,T2 동의어,00f2b06a-d82a-4740-ac18-d898c209d5a5,짜이짜이,중식,충장로123가 상점가,자율상권구역,광주광역시,,,
7ada9fb622ecb43db712,full_annotation_v1,A,q_중식_05,탕수육,음식점 중 '중식'을 판매·제공하는 매장,test,중식,T2 동의어,1c098579-a77a-428c-baf6-9f22d064cb18,피탕김탕,피자 탕수육,한적골 골목형상점가,골목형상점가,충청남도,,,
9b235a1f257d1b8afad5,full_annotation_v1,A,q_중식_05,탕수육,음식점 중 '중식'을 판매·제공하는 매장,test,중식,T2 동의어,0920f08e-ee4b-43f5-8400-8ee605567276,7080손짜장,중화요리,부곡맛고을상가,자율상권구역,경상북도,,,
b51e7b4ce58d35a9bcd6,full_annotation_v1,A,q_중식_05,탕수육,음식점 중 '중식'을 판매·제공하는 매장,test,중식,T2 동의어,0a230bc3-6a24-48f7-b574-69d45d24f49b,시골향숙식,수육,오산오색시장(구 오산중앙시장),전통시장,경기도,,,
fb61aa3442d4174a2b51,full_annotation_v1,A,q_중식_05,탕수육,음식점 중 '중식'을 판매·제공하는 매장,test,중식,T2 동의어,3755d2b5-4011-4ad4-802c-1b97ed1b29b2,해피쥬얼리,귀금속,남포지하도상가,일반지하상점가,부산광역시,,,
6df7f6abac23f64186e2,full_annotation_v1,A,q_중식_05,탕수육,음식점 중 '중식'을 판매·제공하는 매장,test,중식,T2 동의어,0369b808-6d4f-4b37-8f25-7e3287a3e3a9,서반장항아리왕짬뽕,,관평동 골목형상점가,골목형상점가,대전광역시,,,
cc17f68f8594962142e7,full_annotation_v1,A,q_중식_05,탕수육,음식점 중 '중식'을 판매·제공하는 매장,test,중식,T2 동의어,291ab45c-d13d-42d6-b893-ded930bb8890,율짬뽕,중국집,동쪽바다중앙시장(구 동해중앙시장),전통시장,강원특별자치도,,,
9a8de8650fa50f985936,full_annotation_v1,A,q_중식_05,탕수육,음식점 중 '중식'을 판매·제공하는 매장,test,중식,T2 동의어,954adf1f-e6e7-415e-905c-803b236f5861,광신상회,"이불, 한복",황지자유시장,전통시장,강원특별자치도,,,
24edf005c47d49fb263e,full_annotation_v1,A,q_중식_05,탕수육,음식점 중 '중식'을 판매·제공하는 매장,test,중식,T2 동의어,011253e1-0a18-4068-84a9-9ee8f83460b6,도도,음식점(중식),화도창현상점가,골목형상점가,경기도,,,
132b7b27d72d724ce46f,full_annotation_v1,A,q_중식_05,탕수육,음식점 중 '중식'을 판매·제공하는 매장,test,중식,T2 동의어,00c95d45-2ff3-4066-a179-c026f0528d0c,명장,중식,옥과설산골목형상점가,골목형상점가,전라남도,,,
4258aa51002b7d32c2c0,full_annotation_v1,A,q_중식_05,탕수육,음식점 중 '중식'을 판매·제공하는 매장,test,중식,T2 동의어,86d88308-344a-4446-b0ae-6053f58dd432,성포중국집,,거제 성포 골목형상점가,골목형상점가,경상남도,,,
c16055835a6f65d7f562,full_annotation_v1,A,q_중식_05,탕수육,음식점 중 '중식'을 판매·제공하는 매장,test,중식,T2 동의어,8469c199-20a3-4dbe-bf28-4150546201e0,피탕김탕,탕수육,아름드리 골목형상점가,골목형상점가,세종특별자치시,,,
7e11c82bfa91861f670c,full_annotation_v1,A,q_중식_05,탕수육,음식점 중 '중식'을 판매·제공하는 매장,test,중식,T2 동의어,336492d4-643a-467e-b471-5a5f12daa909,교동짬뽕 신가점,짬뽕 짜장 탕수육,신가동 골목형상점가,골목형상점가,광주광역시,,,
02b36e00ae5be990b94e,full_annotation_v1,A,q_중식_05,탕수육,음식점 중 '중식'을 판매·제공하는 매장,test,중식,T2 동의어,d0982d58-d186-4379-b40d-9b2dc54fbef6,짜신,"짜장, 탕수육",칠곡시장,전통시장,대구광역시,,,
34faa4704202af255c79,full_annotation_v1,A,q_중식_05,탕수육,음식점 중 '중식'을 판매·제공하는 매장,test,중식,T2 동의어,f89440b8-f3a0-4cb4-a905-c2ff6d438265,소울인웍,탕수육 중새우,혁신도시6구역골목형상점가,골목형상점가,강원특별자치도,,,
b25816c0f72b902775e1,full_annotation_v1,A,q_중식_05,탕수육,음식점 중 '중식'을 판매·제공하는 매장,test,중식,T2 동의어,aece2d13-dbfc-4b3b-9560-d6d711c98811,만화애니 디앤에이 미술학원,,나성중앙 골목형상점가,골목형상점가,세종특별자치시,,,
e59bf67f62ccf4a05162,full_annotation_v1,A,q_중식_05,탕수육,음식점 중 '중식'을 판매·제공하는 매장,test,중식,T2 동의어,a6d39fee-c29b-4bfb-b5e6-7d7032a07518,문구방구 아이파크시티점,문구용품,수원아이파크시티8단지상가 골목형상점가,골목형상점가,경기도,,,
c4db62135b81d50b6781,full_annotation_v1,A,q_중식_05,탕수육,음식점 중 '중식'을 판매·제공하는 매장,test,중식,T2 동의어,116365cb-ffed-43e1-9971-6df263d877cc,짜짜루,중국집,하동공설시장,전통시장,경상남도,,,
150a4ad167307178ddbe,full_annotation_v1,A,q_중식_05,탕수육,음식점 중 '중식'을 판매·제공하는 매장,test,중식,T2 동의어,55b04d28-8e49-42e6-a1b7-60d9e5734869,리얼안심탕수육&리얼하노이 금곡점,"쌀국수, 탕수육",주막거리상점가,자율상권구역,경기도,,,
6a7813022f4aadd3f681,full_annotation_v1,A,q_중식_05,탕수육,음식점 중 '중식'을 판매·제공하는 매장,test,중식,T2 동의어,000ad086-7f53-4aa5-b6df-3e57737371e3,짬뽕이 땡기는가,짬뽕,서천시장거리 골목형상점가,골목형상점가,충청남도,,,
591c098f65881fc1520d,full_annotation_v1,A,q_중식_05,탕수육,음식점 중 '중식'을 판매·제공하는 매장,test,중식,T2 동의어,6a6a4a0a-a5ee-4dd4-84d5-d0ea05179744,린짬뽕,중식 중화요리 짬뽕 짜장 탕수육,고촌 행정타운 골목형상점가,골목형상점가,경기도,,,
ddc1374ab6c9445ad781,full_annotation_v1,A,q_중식_05,탕수육,음식점 중 '중식'을 판매·제공하는 매장,test,중식,T2 동의어,63e13c89-f901-4776-aea7-72b5bdd89fc1,남성방오돈,한돈 탕수육 한돈 돈까스 우동,남성역 골목시장,전통시장,서울특별시,,,
7db5e7a1815fe9fb1e66,full_annotation_v1,A,q_중식_05,탕수육,음식점 중 '중식'을 판매·제공하는 매장,test,중식,T2 동의어,0084f1fd-8df6-4aa1-b025-24761ff5d155,신주닭발,한식,노량진만나로골목형상점가,골목형상점가,서울특별시,,,
5830697bcd28af4d2d05,full_annotation_v1,A,q_중식_05,탕수육,음식점 중 '중식'을 판매·제공하는 매장,test,중식,T2 동의어,d6cfbf4d-35e9-4ff4-b696-4e49d2efec31,맛있는 탕수육,중식,하양꿈바우시장,전통시장,경상북도,,,
2014446abd3c9c439ac6,full_annotation_v1,A,q_중식_05,탕수육,음식점 중 '중식'을 판매·제공하는 매장,test,중식,T2 동의어,86485261-00dc-48f3-bbc1-e33024bb472d,록원부엌,탕수육,상도전통시장,전통시장,서울특별시,,,
5111bb65c5b50a03f821,full_annotation_v1,A,q_중식_05,탕수육,음식점 중 '중식'을 판매·제공하는 매장,test,중식,T2 동의어,28482ece-601f-4a4f-9281-7a39c0bb061f,하나,탕수육,영주로상권,자율상권구역,경상북도,,,
b74e6cd5f9509342bb8c,full_annotation_v1,A,q_중식_05,탕수육,음식점 중 '중식'을 판매·제공하는 매장,test,중식,T2 동의어,600e204c-89d5-4c13-a894-753c6e27f902,무대포 탕수육 간짜장,탕수육,부평문화인의거리골목형상점가,골목형상점가,인천광역시,,,
a72db642e6f3bf397a97,full_annotation_v1,A,q_중식_05,탕수육,음식점 중 '중식'을 판매·제공하는 매장,test,중식,T2 동의어,e8a7a1d7-2192-4708-82ee-423e9f6240a7,진흥마트,슈퍼마켓,남구로시장,전통시장,서울특별시,,,
e9c251f0f330b9d9a2c2,full_annotation_v1,A,q_중식_05,탕수육,음식점 중 '중식'을 판매·제공하는 매장,test,중식,T2 동의어,f114ff52-cac2-4b7e-b09f-b52f2c4c41b9,할범탕수육 남성시장점,한식,남성사계시장,전통시장,서울특별시,,,
2a59b3beb8512f2bf6be,full_annotation_v1,A,q_중식_05,탕수육,음식점 중 '중식'을 판매·제공하는 매장,test,중식,T2 동의어,2ff8860d-57a5-47e2-b0a9-1e8d67b52103,1키로탕수육 송촌점,탕수육 전문점,송촌시장,전통시장,대전광역시,,,
2229fb7170903459b01a,full_annotation_v1,A,q_중식_05,탕수육,음식점 중 '중식'을 판매·제공하는 매장,test,중식,T2 동의어,d00b872c-42e2-41fe-a44d-3c7a08731607,신마라 더웍,마라탕 탕수육,두산동밤마실거리 골목형상점가,골목형상점가,대구광역시,,,
6dcfd774bd1c3b0b6810,full_annotation_v1,A,q_중식_05,탕수육,음식점 중 '중식'을 판매·제공하는 매장,test,중식,T2 동의어,06834ba2-563f-4b9c-a452-d9fa21678afd,계화중식,중화요리,도화동상점가,자율상권구역,서울특별시,,,
e241144674c7d240e54a,full_annotation_v1,A,q_중식_05,탕수육,음식점 중 '중식'을 판매·제공하는 매장,test,중식,T2 동의어,85ca8d1a-08e9-4589-a1f3-95b70f914466,할멈 탕수육 김밥운남점,분식,운남우방 골목형상점가,골목형상점가,광주광역시,,,
a3d904582c3389452c1b,full_annotation_v1,A,q_중식_05,탕수육,음식점 중 '중식'을 판매·제공하는 매장,test,중식,T2 동의어,cf00e7c0-4f65-4cb8-8cc3-a3551287fbbe,쉐프의 생안심 탕수육 민락점,일반음식점,민락2지구골목형상점가,골목형상점가,경기도,,,
0be5eb17084c874cb2fe,full_annotation_v1,A,q_중식_05,탕수육,음식점 중 '중식'을 판매·제공하는 매장,test,중식,T2 동의어,8463cfbb-ad14-466c-aec2-87f20b70f9ac,장터고기반찬,"반찬, 탕수육, 돈까스, 육개장, 사골육수",아현시장,전통시장,서울특별시,,,
4cb641b7a36a2f8102e7,full_annotation_v1,A,q_중식_05,탕수육,음식점 중 '중식'을 판매·제공하는 매장,test,중식,T2 동의어,004661ce-f943-4561-9c9d-d888ccc58c1e,니뽕내뽕천안신부점,퓨전짬뽕,천안신부문화거리상점가,자율상권구역,충청남도,,,
636dadb4bf7edf0a7665,full_annotation_v1,A,q_중식_05,탕수육,음식점 중 '중식'을 판매·제공하는 매장,test,중식,T2 동의어,000e6461-698b-42f6-842b-cf95393fee89,탕화쿵푸마라탕 전대점,중식,중흥청춘로 골목형상점가,골목형상점가,광주광역시,,,
c2b36d4b80fc995a55ba,full_annotation_v1,A,q_중식_05,탕수육,음식점 중 '중식'을 판매·제공하는 매장,test,중식,T2 동의어,cf22d4d4-1b57-47ab-a52a-518f10dd7bc9,푸드트럭띵하오,탕수육,오정동상점가,자율상권구역,대전광역시,,,
64c874ad06cc2a7a993c,full_annotation_v1,A,q_중식_05,탕수육,음식점 중 '중식'을 판매·제공하는 매장,test,중식,T2 동의어,0de1bc3f-ef27-4c0c-aaf7-a28d659beba0,일품,요리,성내전통시장,전통시장,서울특별시,,,
483e915b69711ee27d52,full_annotation_v1,A,q_중식_05,탕수육,음식점 중 '중식'을 판매·제공하는 매장,test,중식,T2 동의어,a6b33a2a-4804-4604-9c84-0e0f7a5846b1,일신농약할인마트,농약,하양꿈바우시장,전통시장,경상북도,,,
d75c074f4d4aeb746c8c,full_annotation_v1,A,q_중식_05,탕수육,음식점 중 '중식'을 판매·제공하는 매장,test,중식,T2 동의어,4177af4d-e143-47e9-bec3-edd4590ea14b,1키로탕수육 망포점,탕수육,태장사거리 골목형상점가,골목형상점가,경기도,,,
c6ffd8a0a11ee26397ae,full_annotation_v1,A,q_중식_05,탕수육,음식점 중 '중식'을 판매·제공하는 매장,test,중식,T2 동의어,e245e104-be76-4e15-bb2d-65aa6d474f77,할멈탕수육 김밥,"탕수육, 김밥",전남대 상대 골목형상점가,골목형상점가,광주광역시,,,
685ecfb5aedbc36bee92,full_annotation_v1,A,q_중식_05,탕수육,음식점 중 '중식'을 판매·제공하는 매장,test,중식,T2 동의어,2ebc7453-d648-4394-b758-c26bdf8cff04,1키로 탕수육,중식,비단길현대시장,전통시장,서울특별시,,,
738268a70d8d998c6468,full_annotation_v1,A,q_중식_05,탕수육,음식점 중 '중식'을 판매·제공하는 매장,test,중식,T2 동의어,c2630823-f1ec-4bc9-9b7d-e11aeca1d911,영락슈퍼,슈퍼,청학시장,전통시장,부산광역시,,,
7762a53c715aa747f316,full_annotation_v1,A,q_중식_05,탕수육,음식점 중 '중식'을 판매·제공하는 매장,test,중식,T2 동의어,82f16ebc-c8ab-4968-8dc5-2d8c7772e03c,급한마음탕수육 금호점,탕수육 및 요리,금호1동상가번영회 골목형상점가,골목형상점가,광주광역시,,,
8ad6b9ebf27c7b32d40c,full_annotation_v1,A,q_중식_05,탕수육,음식점 중 '중식'을 판매·제공하는 매장,test,중식,T2 동의어,0e50dcc7-9c2b-441d-b386-a4a4ddb0f875,대동식당,"족발, 수육",칠성종합 상권활성화구역,상권활성화구역,대구광역시,,,
ab992025d2905085cd4d,full_annotation_v1,A,q_중식_05,탕수육,음식점 중 '중식'을 판매·제공하는 매장,test,중식,T2 동의어,24ab9a4d-b4ee-4638-b6bc-099abee267ae,삼구에프엔에프,한식,노량진만나로골목형상점가,골목형상점가,서울특별시,,,
d10dfdccda2e28a41f28,full_annotation_v1,A,q_중식_05,탕수육,음식점 중 '중식'을 판매·제공하는 매장,test,중식,T2 동의어,ce545418-fe98-42c3-8acd-695de94931e5,보배반점 별내로데오점,"짜장, 짬뽕, 탕수육",별내로데오상점가,골목형상점가,경기도,,,
7c84e71a533820e025ae,full_annotation_v1,A,q_중식_05,탕수육,음식점 중 '중식'을 판매·제공하는 매장,test,중식,T2 동의어,325d12e1-c546-4e99-9d5c-6db78e5165a5,돈카츠의신,돈카츠 탕수육,오구구오골목형상점가,골목형상점가,경기도,,,
f40b991620740b1315c9,full_annotation_v1,A,q_중식_05,탕수육,음식점 중 '중식'을 판매·제공하는 매장,test,중식,T2 동의어,0117062e-156e-475e-bd98-93585f54e25e,몽짬뽕원주직영점,,혁신도시3구역 골목형상점가,골목형상점가,강원특별자치도,,,
15b9bc829b7656b36405,full_annotation_v1,A,q_중식_05,탕수육,음식점 중 '중식'을 판매·제공하는 매장,test,중식,T2 동의어,6432adb3-3e0b-4569-bd49-6a3496c9ddd3,퀸슈즈,신발,두류1번가,일반지하상점가,대구광역시,,,
1eeb94a03388cfcd3673,full_annotation_v1,A,q_중식_05,탕수육,음식점 중 '중식'을 판매·제공하는 매장,test,중식,T2 동의어,8f4cfbae-c2fd-433a-966c-c1f220fe526f,수림관,중국집,당감시장,전통시장,부산광역시,,,
ba27be124ab05d339d84,full_annotation_v1,A,q_중식_05,탕수육,음식점 중 '중식'을 판매·제공하는 매장,test,중식,T2 동의어,0ad1e916-8b1c-4de8-ade6-6535b3dc0631,형제반점,중화요리,오수상점가,자율상권구역,전북특별자치도,,,
6d32911cea44e40b169a,full_annotation_v1,A,q_중식_05,탕수육,음식점 중 '중식'을 판매·제공하는 매장,test,중식,T2 동의어,f67b07b5-c850-45a7-960d-ed306e85ef93,명가 교동짬뽕,짜장 짬뽕 탕수육,부송동 골목형상점가,골목형상점가,전북특별자치도,,,
66ff81bd7835028d7330,full_annotation_v1,A,q_중식_05,탕수육,음식점 중 '중식'을 판매·제공하는 매장,test,중식,T2 동의어,019851b5-c1c3-4aff-95e6-21683762982c,김선장 수산,수산,구룡포시장,전통시장,경상북도,,,
278821c43e34f42e228b,full_annotation_v1,A,q_중식_05,탕수육,음식점 중 '중식'을 판매·제공하는 매장,test,중식,T2 동의어,c6f80763-b240-4dd6-a174-f3bc61c91695,정쉐프탕수육,짜장면 짬뽕 탕수육 등 중식,보람동 수변상가 골목형상점가,골목형상점가,세종특별자치시,,,
8a8880685d1c98f1a948,full_annotation_v1,A,q_중식_05,탕수육,음식점 중 '중식'을 판매·제공하는 매장,test,중식,T2 동의어,d946284a-e4ba-46cd-84e5-9968b2535ae6,마시내탕수육,분식,장대 골목형상점가,골목형상점가,대전광역시,,,
39c3a77281eb33c2ffba,full_annotation_v1,A,q_중식_05,탕수육,음식점 중 '중식'을 판매·제공하는 매장,test,중식,T2 동의어,00e0fdc1-dde3-4fc6-bb61-6bbace454a01,도야짬뽕평촌점,중식,귀인동먹거리촌 골목형상점가,골목형상점가,경기도,,,
d54aaf5523c72032dce9,full_annotation_v1,A,q_중식_05,탕수육,음식점 중 '중식'을 판매·제공하는 매장,test,중식,T2 동의어,0193214f-e716-440d-afbe-a93f1d75a078,1키로 탕수육 산본점,탕수육,산본사거리 골목형상점가,골목형상점가,경기도,,,
a38c1a2f6adfd67afc63,full_annotation_v1,A,q_중식_05,탕수육,음식점 중 '중식'을 판매·제공하는 매장,test,중식,T2 동의어,57d41735-565d-4ebc-b434-40f092c17b5b,보배반점충주호암점,"자장면, 짬뽕, 탕수육, 양장피, 볶음밥",호암사천개로골목형상점가,골목형상점가,충청북도,,,
c70e1959662f72438042,full_annotation_v1,A,q_중식_05,탕수육,음식점 중 '중식'을 판매·제공하는 매장,test,중식,T2 동의어,004af3ce-488b-4a6f-a066-862e26430938,호재짬뽕,,게내공원길 골목형상점가,골목형상점가,서울특별시,,,
fdaed78ad5ee479c93bb,full_annotation_v1,A,q_중식_05,탕수육,음식점 중 '중식'을 판매·제공하는 매장,test,중식,T2 동의어,c5e73ba4-3d98-4b8d-b2df-077f584f9218,연,탕수육짜장면짬뽕등등,운암1동 골목형상점가,골목형상점가,광주광역시,,,
9edad8bc32842cc5626a,full_annotation_v1,A,q_중식_05,탕수육,음식점 중 '중식'을 판매·제공하는 매장,test,중식,T2 동의어,fdc0f41f-6ef8-4852-a612-1e2b19f247ed,금정,탕수육 짜장면 짬뽕,오목교역8번출구골목형상점가,골목형상점가,서울특별시,,,
96148071efd008b795bd,full_annotation_v1,A,q_중식_05,탕수육,음식점 중 '중식'을 판매·제공하는 매장,test,중식,T2 동의어,832b6e10-bb59-472a-aade-22549500659b,1kg 탕수육(구의점),,구의역 가람길 골목형상점가,골목형상점가,서울특별시,,,
f115992315adcd8ffec9,full_annotation_v1,A,q_중식_05,탕수육,음식점 중 '중식'을 판매·제공하는 매장,test,중식,T2 동의어,1637d8b7-0651-456a-80da-e19cddfcc6c4,산더미 탕수육,중식,부전기장골목시장,전통시장,부산광역시,,,
294a12d6f0d1bbf55d39,full_annotation_v1,A,q_중식_05,탕수육,음식점 중 '중식'을 판매·제공하는 매장,test,중식,T2 동의어,0238f2dd-085f-48bf-a543-5d59d8b2f10f,기통치킨탕수육호프,치킨탕수육,성안길상점가,자율상권구역,충청북도,,,
98b5c1387b129dae31f4,full_annotation_v1,A,q_중식_05,탕수육,음식점 중 '중식'을 판매·제공하는 매장,test,중식,T2 동의어,04513af1-a4d0-40be-a370-f8e4e89b962e,스토리,의류,서면지하도상가 부전몰,일반지하상점가,부산광역시,,,
8fd8cc78cd3b156fb925,full_annotation_v1,A,q_중식_06,중국요리 먹을 곳,음식점 중 '중식'을 판매·제공하는 매장,test,중식,T4 구어·문장,b7038851-8231-424b-ae9e-714329cd79e4,탐진상회,부산물 소매,서울중앙시장,전통시장,서울특별시,,,
797832d4b6d66b5d399b,full_annotation_v1,A,q_중식_06,중국요리 먹을 곳,음식점 중 '중식'을 판매·제공하는 매장,test,중식,T4 구어·문장,86d88308-344a-4446-b0ae-6053f58dd432,성포중국집,,거제 성포 골목형상점가,골목형상점가,경상남도,,,
9235c844912e312be708,full_annotation_v1,A,q_중식_06,중국요리 먹을 곳,음식점 중 '중식'을 판매·제공하는 매장,test,중식,T4 구어·문장,0de1bc3f-ef27-4c0c-aaf7-a28d659beba0,일품,요리,성내전통시장,전통시장,서울특별시,,,
3d3219efa519bd7899b5,full_annotation_v1,A,q_중식_06,중국요리 먹을 곳,음식점 중 '중식'을 판매·제공하는 매장,test,중식,T4 구어·문장,22a81f31-72dd-44bf-b636-73d75266e8a0,중국집,중식,양산동 골목형상점가,골목형상점가,광주광역시,,,
611ea746fc0197526283,full_annotation_v1,A,q_중식_06,중국요리 먹을 곳,음식점 중 '중식'을 판매·제공하는 매장,test,중식,T4 구어·문장,004af3ce-488b-4a6f-a066-862e26430938,호재짬뽕,,게내공원길 골목형상점가,골목형상점가,서울특별시,,,
739be21dc7b27d90fe05,full_annotation_v1,A,q_중식_06,중국요리 먹을 곳,음식점 중 '중식'을 판매·제공하는 매장,test,중식,T4 구어·문장,ca20e919-c230-4065-afc1-e4b2b1ff9ffc,황금맷돌,두부요리,서문대로 골목형상점가,골목형상점가,광주광역시,,,
109d6143e32e471c1686,full_annotation_v1,A,q_중식_06,중국요리 먹을 곳,음식점 중 '중식'을 판매·제공하는 매장,test,중식,T4 구어·문장,0ad1e916-8b1c-4de8-ade6-6535b3dc0631,형제반점,중화요리,오수상점가,자율상권구역,전북특별자치도,,,
bb7ec43a289577f2aa04,full_annotation_v1,A,q_중식_06,중국요리 먹을 곳,음식점 중 '중식'을 판매·제공하는 매장,test,중식,T4 구어·문장,9b7f0ba5-f321-47b2-b4a3-5fe516b8fa70,중마시장중화요리,중국음식점,중마시장,전통시장,전라남도,,,
eaaebed0ea2a4fb2cf96,full_annotation_v1,A,q_중식_06,중국요리 먹을 곳,음식점 중 '중식'을 판매·제공하는 매장,test,중식,T4 구어·문장,f210d6a4-56ea-45a0-88db-1140492e53e7,부천성,중국 음식,포항 대이상가 골목형상점가,골목형상점가,경상북도,,,
2155dfa66ed0d812a03b,full_annotation_v1,A,q_중식_06,중국요리 먹을 곳,음식점 중 '중식'을 판매·제공하는 매장,test,중식,T4 구어·문장,e981fb70-739a-43a4-afe6-dbc7335ed296,중국집,중식,용호시장,전통시장,부산광역시,,,
491cb90e2f75dd7b86a7,full_annotation_v1,A,q_중식_06,중국요리 먹을 곳,음식점 중 '중식'을 판매·제공하는 매장,test,중식,T4 구어·문장,011253e1-0a18-4068-84a9-9ee8f83460b6,도도,음식점(중식),화도창현상점가,골목형상점가,경기도,,,
ff6b3a298921a82f3a51,full_annotation_v1,A,q_중식_06,중국요리 먹을 곳,음식점 중 '중식'을 판매·제공하는 매장,test,중식,T4 구어·문장,7c94ea1e-a106-49f9-8bd9-21b52e522eb6,양밍위황먼지미판,중국식찜닭,화양제일골목시장(화양제일시장),전통시장,서울특별시,,,
2a311dbcc2ac042dcb54,full_annotation_v1,A,q_중식_06,중국요리 먹을 곳,음식점 중 '중식'을 판매·제공하는 매장,test,중식,T4 구어·문장,2056c69e-64b4-4b28-8ce2-800cbcec3e25,먹을꼬얌,음식,산본로데오거리(구 산본중심상가),자율상권구역,경기도,,,
c4ba0d094d9abb18f26d,full_annotation_v1,A,q_중식_06,중국요리 먹을 곳,음식점 중 '중식'을 판매·제공하는 매장,test,중식,T4 구어·문장,0193214f-e716-440d-afbe-a93f1d75a078,1키로 탕수육 산본점,탕수육,산본사거리 골목형상점가,골목형상점가,경기도,,,
462c8e50927c4db29a02,full_annotation_v1,A,q_중식_06,중국요리 먹을 곳,음식점 중 '중식'을 판매·제공하는 매장,test,중식,T4 구어·문장,00e0fdc1-dde3-4fc6-bb61-6bbace454a01,도야짬뽕평촌점,중식,귀인동먹거리촌 골목형상점가,골목형상점가,경기도,,,
cbce20009b2d3dd77211,full_annotation_v1,A,q_중식_06,중국요리 먹을 곳,음식점 중 '중식'을 판매·제공하는 매장,test,중식,T4 구어·문장,3bc39a28-13c3-4739-b62a-bb69360a9462,청요리식당,중국음식,행복상점가,자율상권구역,경상북도,,,
f32cc438835f2b86e81f,full_annotation_v1,A,q_중식_06,중국요리 먹을 곳,음식점 중 '중식'을 판매·제공하는 매장,test,중식,T4 구어·문장,27cc3228-f012-4aee-bceb-dc97e517edfd,황후쟁반짜장,중국요리,두암2동참판골 골목형상점가,골목형상점가,광주광역시,,,
fe1c76229e58f9a34e50,full_annotation_v1,A,q_중식_06,중국요리 먹을 곳,음식점 중 '중식'을 판매·제공하는 매장,test,중식,T4 구어·문장,0e50dcc7-9c2b-441d-b386-a4a4ddb0f875,대동식당,"족발, 수육",칠성종합 상권활성화구역,상권활성화구역,대구광역시,,,
966c1643f0d9555b2caa,full_annotation_v1,A,q_중식_06,중국요리 먹을 곳,음식점 중 '중식'을 판매·제공하는 매장,test,중식,T4 구어·문장,f32c7a99-5cad-4df9-8806-16e7f78bc6ce,세종루,중국요리,아름동상점가,자율상권구역,세종특별자치시,,,
1af0a22f19e37c24128b,full_annotation_v1,A,q_중식_06,중국요리 먹을 곳,음식점 중 '중식'을 판매·제공하는 매장,test,중식,T4 구어·문장,449cebad-279d-471b-92da-222578299101,삼시세끼,음식점(한식),동두천큰시장,전통시장,경기도,,,
f8f4595d303cfccd2069,full_annotation_v1,A,q_중식_06,중국요리 먹을 곳,음식점 중 '중식'을 판매·제공하는 매장,test,중식,T4 구어·문장,06834ba2-563f-4b9c-a452-d9fa21678afd,계화중식,중화요리,도화동상점가,자율상권구역,서울특별시,,,
0f42fe3d57e403e43b0a,full_annotation_v1,A,q_중식_06,중국요리 먹을 곳,음식점 중 '중식'을 판매·제공하는 매장,test,중식,T4 구어·문장,8a40568d-0bf7-4de9-aebb-d520804fb4a5,용용선생광주상무점,중국식요리,상무지구청년상인회 골목형상점가,골목형상점가,광주광역시,,,
e8ed986c8db492332629,full_annotation_v1,A,q_중식_06,중국요리 먹을 곳,음식점 중 '중식'을 판매·제공하는 매장,test,중식,T4 구어·문장,433477fe-a198-4db3-822b-251316607114,칠성사,의류,동산상가,전통시장,대구광역시,,,
abdae5320db3555f23e6,full_annotation_v1,A,q_중식_06,중국요리 먹을 곳,음식점 중 '중식'을 판매·제공하는 매장,test,중식,T4 구어·문장,b804cf3f-f859-49e9-ac04-446dea87c7ef,먹을래싸갈래,분식,국민시장,전통시장,부산광역시,,,
a5a113eeca356444fde3,full_annotation_v1,A,q_중식_06,중국요리 먹을 곳,음식점 중 '중식'을 판매·제공하는 매장,test,중식,T4 구어·문장,06261986-3eba-4244-b63f-397460d82f4a,이곳,미용,나주혁신도시 골목형상점가,골목형상점가,전라남도,,,
ff377cbacbd344684684,full_annotation_v1,A,q_중식_06,중국요리 먹을 곳,음식점 중 '중식'을 판매·제공하는 매장,test,중식,T4 구어·문장,be9f8c61-892c-48ed-a49d-b63bd032c025,소곳,의류,고투몰(강남터미널지하도상점가),일반지하상점가,서울특별시,,,
838ed8315b526258fda9,full_annotation_v1,A,q_중식_06,중국요리 먹을 곳,음식점 중 '중식'을 판매·제공하는 매장,test,중식,T4 구어·문장,c8105e05-4ed3-45c5-a489-ce8d10ef19c3,중국식품,중국식품,우림골목시장,전통시장,서울특별시,,,
562cdc4186aa8273ec62,full_annotation_v1,A,q_중식_06,중국요리 먹을 곳,음식점 중 '중식'을 판매·제공하는 매장,test,중식,T4 구어·문장,000ad086-7f53-4aa5-b6df-3e57737371e3,짬뽕이 땡기는가,짬뽕,서천시장거리 골목형상점가,골목형상점가,충청남도,,,
7058bcbf9114d1daf3a0,full_annotation_v1,A,q_중식_06,중국요리 먹을 곳,음식점 중 '중식'을 판매·제공하는 매장,test,중식,T4 구어·문장,92730458-4745-43c4-b6f3-eba2ddc0bdfd,정금이네국밥집,분식,구로시장,전통시장,서울특별시,,,
3170f330293c880c009d,full_annotation_v1,A,q_중식_06,중국요리 먹을 곳,음식점 중 '중식'을 판매·제공하는 매장,test,중식,T4 구어·문장,699e1505-e193-431d-ab24-6834df732384,중국식품,중국식품,능동로골목시장(자양한강전통시장),전통시장,서울특별시,,,
120f17da0e4326493d4c,full_annotation_v1,A,q_중식_06,중국요리 먹을 곳,음식점 중 '중식'을 판매·제공하는 매장,test,중식,T4 구어·문장,7ff54927-9d51-414f-8b00-c4358a7a8289,예찬궁,중국요리,상현2동 골목형상점가,골목형상점가,경기도,,,
8a7bd3c1138423a0be6c,full_annotation_v1,A,q_중식_06,중국요리 먹을 곳,음식점 중 '중식'을 판매·제공하는 매장,test,중식,T4 구어·문장,692360a6-357c-42f9-8c90-808e612f61e8,신제주삼계탕,한식,누웨마루거리상점가,자율상권구역,제주특별자치도,,,
d2bef0ab0dbdfbde2a65,full_annotation_v1,A,q_중식_06,중국요리 먹을 곳,음식점 중 '중식'을 판매·제공하는 매장,test,중식,T4 구어·문장,0117062e-156e-475e-bd98-93585f54e25e,몽짬뽕원주직영점,,혁신도시3구역 골목형상점가,골목형상점가,강원특별자치도,,,
c7c7ee7d23a82255220f,full_annotation_v1,A,q_중식_06,중국요리 먹을 곳,음식점 중 '중식'을 판매·제공하는 매장,test,중식,T4 구어·문장,76a3551b-dae4-4326-92cc-662015aedbfb,쉴 곳,한식,칠성로상점가,자율상권구역,제주특별자치도,,,
3e6e2bf871dbf312c551,full_annotation_v1,A,q_중식_06,중국요리 먹을 곳,음식점 중 '중식'을 판매·제공하는 매장,test,중식,T4 구어·문장,ce17ef2e-cfd9-4300-ac87-e660ac32d9b2,화이트,의류,정읍중앙로상점가,자율상권구역,전북특별자치도,,,
4f49715da84340574c98,full_annotation_v1,A,q_중식_06,중국요리 먹을 곳,음식점 중 '중식'을 판매·제공하는 매장,test,중식,T4 구어·문장,7c4d7cb2-d205-481d-95bf-9e10bf3fcec0,파인앤모어,초밥,부평 문화의거리,전통시장,인천광역시,,,
903b9c1cf45b4dbebf83,full_annotation_v1,A,q_중식_06,중국요리 먹을 곳,음식점 중 '중식'을 판매·제공하는 매장,test,중식,T4 구어·문장,0a2531a2-9e72-41f0-974e-fa74b3008c7a,천하춘,중국본토요리,궁동 골목형상점가,골목형상점가,대전광역시,,,
c78d1cfa01a24d47a8af,full_annotation_v1,A,q_중식_06,중국요리 먹을 곳,음식점 중 '중식'을 판매·제공하는 매장,test,중식,T4 구어·문장,000e6461-698b-42f6-842b-cf95393fee89,탕화쿵푸마라탕 전대점,중식,중흥청춘로 골목형상점가,골목형상점가,광주광역시,,,
3c5ac809d3b94d3a04cd,full_annotation_v1,A,q_중식_06,중국요리 먹을 곳,음식점 중 '중식'을 판매·제공하는 매장,test,중식,T4 구어·문장,18c274e5-ccf0-401b-8776-9be7483b1b74,중국식품,중국가공품,관악신사시장,전통시장,서울특별시,,,
0fee610f0408cf4860c5,full_annotation_v1,A,q_중식_06,중국요리 먹을 곳,음식점 중 '중식'을 판매·제공하는 매장,test,중식,T4 구어·문장,004661ce-f943-4561-9c9d-d888ccc58c1e,니뽕내뽕천안신부점,퓨전짬뽕,천안신부문화거리상점가,자율상권구역,충청남도,,,
3207c2b3787fa47f6d9e,full_annotation_v1,A,q_중식_06,중국요리 먹을 곳,음식점 중 '중식'을 판매·제공하는 매장,test,중식,T4 구어·문장,7fde034b-96e4-455a-83e2-7b5692b96a17,먹을터,한식,화성행궁골목형상점가,골목형상점가,경기도,,,
ae6e99da2a8909a75ae3,full_annotation_v1,A,q_중식_06,중국요리 먹을 곳,음식점 중 '중식'을 판매·제공하는 매장,test,중식,T4 구어·문장,91706a00-feb5-4729-8596-03da4ee31dfa,봉숙이,남성복,창원 성원그랜드쇼핑상가,전통시장,경상남도,,,
14d40de6ba13a436f86a,full_annotation_v1,A,q_중식_06,중국요리 먹을 곳,음식점 중 '중식'을 판매·제공하는 매장,test,중식,T4 구어·문장,24456103-f6b8-46af-8655-82e61d7265d8,커피가 머무르는 곳,커피,반드레길골목형상점가,골목형상점가,서울특별시,,,
95e272cffe83ff5ed209,full_annotation_v1,A,q_중식_06,중국요리 먹을 곳,음식점 중 '중식'을 판매·제공하는 매장,test,중식,T4 구어·문장,0cddd7d4-60fb-410c-bbe3-945117dce469,중국면식,분식,부천자유시장,전통시장,경기도,,,
52eec6097264aec9cef9,full_annotation_v1,A,q_중식_06,중국요리 먹을 곳,음식점 중 '중식'을 판매·제공하는 매장,test,중식,T4 구어·문장,11f106c6-21aa-44b5-9a89-e53c2dfb2ba6,진차이,"탕수육, 짬뽕, 짜장",목대온기 골목형상점가,골목형상점가,대전광역시,,,
43f442ad8577d26b89f4,full_annotation_v1,A,q_중식_06,중국요리 먹을 곳,음식점 중 '중식'을 판매·제공하는 매장,test,중식,T4 구어·문장,c5e4eb4b-b643-4e48-81a8-d26b68006cd3,중국상점,식품,전곡첫머리거리 골목형상점가,골목형상점가,경기도,,,
e5fb48d90a8f161a5d18,full_annotation_v1,A,q_중식_06,중국요리 먹을 곳,음식점 중 '중식'을 판매·제공하는 매장,test,중식,T4 구어·문장,86314994-e153-4d29-bff1-05a5f036f9c5,먹쇠루,중식,대화전통시장,전통시장,강원특별자치도,,,
a14817cae79877c89ae3,full_annotation_v1,A,q_중식_06,중국요리 먹을 곳,음식점 중 '중식'을 판매·제공하는 매장,test,중식,T4 구어·문장,2e1ccab1-1759-4b92-bea1-7ec4dd9edfa7,한중요리,한식,도군머리 골목형상점가,골목형상점가,광주광역시,,,
fe2622a6eeb23d1f018c,full_annotation_v1,A,q_중식_06,중국요리 먹을 곳,음식점 중 '중식'을 판매·제공하는 매장,test,중식,T4 구어·문장,4006da5c-bdca-4cac-a2e6-62e108658508,이가동북요리,중식,익산그린상점가,자율상권구역,전북특별자치도,,,
2781efb49d0334ce5238,full_annotation_v1,A,q_중식_06,중국요리 먹을 곳,음식점 중 '중식'을 판매·제공하는 매장,test,중식,T4 구어·문장,1504f984-96f7-4d69-b287-63bfa7e03e20,의성상회,의류,동산상가,전통시장,대구광역시,,,
4577a7ba4c8d0ae95672,full_annotation_v1,A,q_중식_06,중국요리 먹을 곳,음식점 중 '중식'을 판매·제공하는 매장,test,중식,T4 구어·문장,8f4cfbae-c2fd-433a-966c-c1f220fe526f,수림관,중국집,당감시장,전통시장,부산광역시,,,
da44420622f6b29442d1,full_annotation_v1,A,q_중식_06,중국요리 먹을 곳,음식점 중 '중식'을 판매·제공하는 매장,test,중식,T4 구어·문장,624d027d-83a7-4ed5-8da0-822be7305917,천안문,중국요리,연원시장,전통시장,충청북도,,,
26eb9bee3bc731b70b6f,full_annotation_v1,A,q_중식_06,중국요리 먹을 곳,음식점 중 '중식'을 판매·제공하는 매장,test,중식,T4 구어·문장,ad26ba65-656b-4442-b8db-fb2f994953dd,교촌치킨양산1호점,치킨,양산동 골목형상점가,골목형상점가,광주광역시,,,
25d00d71b8c86fd4ed82,full_annotation_v1,A,q_중식_06,중국요리 먹을 곳,음식점 중 '중식'을 판매·제공하는 매장,test,중식,T4 구어·문장,06fe7733-54b9-4fc8-8a3b-556f50d1cdcc,중화요리진,,주천골목형상점가,골목형상점가,강원특별자치도,,,
15b70d28f592f37ba042,full_annotation_v1,A,q_중식_06,중국요리 먹을 곳,음식점 중 '중식'을 판매·제공하는 매장,test,중식,T4 구어·문장,0a230bc3-6a24-48f7-b574-69d45d24f49b,시골향숙식,수육,오산오색시장(구 오산중앙시장),전통시장,경기도,,,
2052b08f4c5e88e2ae42,full_annotation_v1,A,q_중식_06,중국요리 먹을 곳,음식점 중 '중식'을 판매·제공하는 매장,test,중식,T4 구어·문장,997326b1-b610-48cc-a9f2-450dd2ce1407,중국관,중식,대명 오손도손 골목형상점가,골목형상점가,전북특별자치도,,,
6c7de2dea34740f0332f,full_annotation_v1,A,q_중식_06,중국요리 먹을 곳,음식점 중 '중식'을 판매·제공하는 매장,test,중식,T4 구어·문장,c111ac9d-3f3a-405c-a8db-4d127ccda9e2,행복이 있는 곳,잡화,제주로얄쇼핑센터,자율상권구역,제주특별자치도,,,
2883210ddf050dbccbd9,full_annotation_v1,A,q_중식_06,중국요리 먹을 곳,음식점 중 '중식'을 판매·제공하는 매장,test,중식,T4 구어·문장,8adecf0d-4704-4e39-bdf9-464893460319,카페 비요리,커피,대흥동 특화거리 상점가,자율상권구역,대전광역시,,,
2f8ac8942e02e4c89cc0,full_annotation_v1,A,q_중식_06,중국요리 먹을 곳,음식점 중 '중식'을 판매·제공하는 매장,test,중식,T4 구어·문장,00f2b06a-d82a-4740-ac18-d898c209d5a5,짜이짜이,중식,충장로123가 상점가,자율상권구역,광주광역시,,,
cf3ed544b2de047fabc5,full_annotation_v1,A,q_중식_06,중국요리 먹을 곳,음식점 중 '중식'을 판매·제공하는 매장,test,중식,T4 구어·문장,116365cb-ffed-43e1-9971-6df263d877cc,짜짜루,중국집,하동공설시장,전통시장,경상남도,,,
679d7d74f519b5a688de,full_annotation_v1,A,q_중식_06,중국요리 먹을 곳,음식점 중 '중식'을 판매·제공하는 매장,test,중식,T4 구어·문장,f363e5a1-66ea-4bfe-9f6f-5da925362614,전의중국성,중국요리판매,전의왕의물시장(전의전통시장),전통시장,세종특별자치시,,,
afd0f74c8a3b073e9b6b,full_annotation_v1,A,q_중식_06,중국요리 먹을 곳,음식점 중 '중식'을 판매·제공하는 매장,test,중식,T4 구어·문장,842f6cf1-6411-4f4b-be23-746d79e31656,섬곳,한식,플레이사계 지오단길 골목형상점가,골목형상점가,제주특별자치도,,,
99180910a8c60a5a94f9,full_annotation_v1,A,q_중식_06,중국요리 먹을 곳,음식점 중 '중식'을 판매·제공하는 매장,test,중식,T4 구어·문장,0920f08e-ee4b-43f5-8400-8ee605567276,7080손짜장,중화요리,부곡맛고을상가,자율상권구역,경상북도,,,
0c16d09291614186c1bb,full_annotation_v1,A,q_중식_06,중국요리 먹을 곳,음식점 중 '중식'을 판매·제공하는 매장,test,중식,T4 구어·문장,170e3331-357e-4ff1-a3e7-2980a16470c3,중국수련손만두,한식,김천 삼색이수상권,상권활성화구역,경상북도,,,
0e81cfbba49ac30d670d,full_annotation_v1,A,q_중식_06,중국요리 먹을 곳,음식점 중 '중식'을 판매·제공하는 매장,test,중식,T4 구어·문장,2e9ef5fe-0b5f-431d-8700-5070436abea2,민준살롱,헤어,선운 골목형상점가,골목형상점가,광주광역시,,,
ef736c09b7b6af358bb9,full_annotation_v1,A,q_중식_06,중국요리 먹을 곳,음식점 중 '중식'을 판매·제공하는 매장,test,중식,T4 구어·문장,0238f2dd-085f-48bf-a543-5d59d8b2f10f,기통치킨탕수육호프,치킨탕수육,성안길상점가,자율상권구역,충청북도,,,
fb49a01a087dd7a5af1d,full_annotation_v1,A,q_중식_06,중국요리 먹을 곳,음식점 중 '중식'을 판매·제공하는 매장,test,중식,T4 구어·문장,caa36c68-9b5d-44f1-8e42-b2d5f51ed877,오뜨리,의류,삼천동제일 골목형상점가,골목형상점가,전북특별자치도,,,
0fe20ef28937ec1d495e,full_annotation_v1,A,q_중식_06,중국요리 먹을 곳,음식점 중 '중식'을 판매·제공하는 매장,test,중식,T4 구어·문장,de28e5bd-01ec-499c-a2a8-fb9749892c99,육삼상회,철물 및 잡화,군위시장(구 군위전통시장),전통시장,대구광역시,,,
57c52ca61736a5739f4e,full_annotation_v1,A,q_중식_06,중국요리 먹을 곳,음식점 중 '중식'을 판매·제공하는 매장,test,중식,T4 구어·문장,291ab45c-d13d-42d6-b893-ded930bb8890,율짬뽕,중국집,동쪽바다중앙시장(구 동해중앙시장),전통시장,강원특별자치도,,,
5377a83ffca320377380,full_annotation_v1,A,q_중식_06,중국요리 먹을 곳,음식점 중 '중식'을 판매·제공하는 매장,test,중식,T4 구어·문장,90376d82-87fd-4a8d-99b7-9c03ee2815b1,먹을래싸갈래,,사직거인 골목형상점가,골목형상점가,부산광역시,,,
0f4fff9961208c02d9a7,full_annotation_v1,A,q_중식_06,중국요리 먹을 곳,음식점 중 '중식'을 판매·제공하는 매장,test,중식,T4 구어·문장,0369b808-6d4f-4b37-8f25-7e3287a3e3a9,서반장항아리왕짬뽕,,관평동 골목형상점가,골목형상점가,대전광역시,,,
f3897fcceeb57f42e32f,full_annotation_v1,A,q_중식_06,중국요리 먹을 곳,음식점 중 '중식'을 판매·제공하는 매장,test,중식,T4 구어·문장,00c95d45-2ff3-4066-a179-c026f0528d0c,명장,중식,옥과설산골목형상점가,골목형상점가,전라남도,,,
187c74e1799425a7a601,full_annotation_v1,A,q_중식_06,중국요리 먹을 곳,음식점 중 '중식'을 판매·제공하는 매장,test,중식,T4 구어·문장,e9b03c77-8659-4282-9e35-155693017380,공차부평문화의거리점,밀크티,부평 문화의거리,전통시장,인천광역시,,,
5b75cdcaa987e21dd869,full_annotation_v1,A,q_중식_06,중국요리 먹을 곳,음식점 중 '중식'을 판매·제공하는 매장,test,중식,T4 구어·문장,7bc42716-9c09-4c5c-b43e-e69380469aee,중국전통식품,중국식자재,금촌전통시장,전통시장,경기도,,,
2ecdfbc7890dc564cfb3,full_annotation_v1,A,q_중식_06,중국요리 먹을 곳,음식점 중 '중식'을 판매·제공하는 매장,test,중식,T4 구어·문장,39a9260d-516a-40e1-acf7-d8223239db38,개발소,반려동물미용,월드상가골목형상점가,골목형상점가,인천광역시,,,
f0aa4f2f2c529185d6a3,full_annotation_v1,A,q_중식_06,중국요리 먹을 곳,음식점 중 '중식'을 판매·제공하는 매장,test,중식,T4 구어·문장,d79fb75b-d6eb-406c-b2a2-a4bf1df1aebd,고향중국식품,중국술과자,관악신사시장,전통시장,서울특별시,,,
95993452a948adbd90f3,full_annotation_v1,A,q_중식_06,중국요리 먹을 곳,음식점 중 '중식'을 판매·제공하는 매장,test,중식,T4 구어·문장,a2f4a18f-e719-443b-845b-33d3981eb68d,신짬뽕,중국집,둔산3동상점가,자율상권구역,대전광역시,,,
240465a254ab791f73cc,full_annotation_v1,A,q_중식_06,중국요리 먹을 곳,음식점 중 '중식'을 판매·제공하는 매장,test,중식,T4 구어·문장,92f008bd-7adc-4089-8f62-62a2e3249d51,중국식품,"중국식품, 잡화",박달시장,전통시장,경기도,,,
96be1540cee7945df4a8,full_annotation_v1,A,q_중식_06,중국요리 먹을 곳,음식점 중 '중식'을 판매·제공하는 매장,test,중식,T4 구어·문장,89bd86d9-9119-45d0-8531-86d331f2c84c,중국집,중국음식점,간성전통시장(구 천년고성시장),전통시장,강원특별자치도,,,
b8505ec756c8a5e16079,full_annotation_v1,A,q_중식_06,중국요리 먹을 곳,음식점 중 '중식'을 판매·제공하는 매장,test,중식,T4 구어·문장,b6cdb38b-3f92-4373-b46a-39f39dcced4b,할매반찬,반찬,가리봉시장,전통시장,서울특별시,,,
d0f16c1d19258667c05f,full_annotation_v1,A,q_중식_06,중국요리 먹을 곳,음식점 중 '중식'을 판매·제공하는 매장,test,중식,T4 구어·문장,2743811c-5e71-4d2b-aa75-1b0147d44f2d,사우 꽃이 피는 곳,꽃,김포 풍년마을 골목형상점가,골목형상점가,경기도,,,
eacbf0bf34b85d20d167,full_annotation_v1,A,q_중식_07,중국음식 먹을 데,음식점 중 '중식'을 판매·제공하는 매장,test,중식,T4 구어·문장,797853b2-b70c-4f6d-a179-a9aec3198ae5,주식회사 알프스산악,등산용품,무등산상가거리상점가,자율상권구역,광주광역시,,,
55bb83d573af780bebe0,full_annotation_v1,A,q_중식_07,중국음식 먹을 데,음식점 중 '중식'을 판매·제공하는 매장,test,중식,T4 구어·문장,5b3321ba-06ae-4d27-87e1-31cdfa864cde,국제반점,중국음식점,해남읍 원도심 상권활성화구역,상권활성화구역,전라남도,,,
48b6b18af99c2b16b816,full_annotation_v1,A,q_중식_07,중국음식 먹을 데,음식점 중 '중식'을 판매·제공하는 매장,test,중식,T4 구어·문장,afe9bbf4-e934-4b46-8beb-377d2a01cf98,중화면식,꽈배기 중국음식,부평종합시장,전통시장,인천광역시,,,
ea5021b233ec510a2118,full_annotation_v1,A,q_중식_07,중국음식 먹을 데,음식점 중 '중식'을 판매·제공하는 매장,test,중식,T4 구어·문장,8185c10c-f3a5-4a2c-853a-88c3cc8aef71,락앤웍,중국음식,과천슈르탑 골목형상점가,골목형상점가,경기도,,,
f43ef0e3912528c5850d,full_annotation_v1,A,q_중식_07,중국음식 먹을 데,음식점 중 '중식'을 판매·제공하는 매장,test,중식,T4 구어·문장,0971f4d4-95cb-47fd-8de4-ac38e2add766,광진짜장,중국음식점업,세종전통시장,전통시장,세종특별자치시,,,
6e8fb87cf8595185b322,full_annotation_v1,A,q_중식_07,중국음식 먹을 데,음식점 중 '중식'을 판매·제공하는 매장,test,중식,T4 구어·문장,04ea1586-2a59-42e4-ba9c-58fae3e8fa12,미짱네 선물가게,"채소, 과실 및 뿌리작물, 가전제품소",전주풍남문상점가,자율상권구역,전북특별자치도,,,
becb4ce9507374be8510,full_annotation_v1,A,q_중식_07,중국음식 먹을 데,음식점 중 '중식'을 판매·제공하는 매장,test,중식,T4 구어·문장,629f2c2e-a0d0-47e0-b050-2312c8b384cb,뷰티스킨,미용,탕정역 지웰시티몰 3단지 골목형상점가,골목형상점가,충청남도,,,
77fb5ef71fc2cd5cb8aa,full_annotation_v1,A,q_중식_07,중국음식 먹을 데,음식점 중 '중식'을 판매·제공하는 매장,test,중식,T4 구어·문장,0920f08e-ee4b-43f5-8400-8ee605567276,7080손짜장,중화요리,부곡맛고을상가,자율상권구역,경상북도,,,
a75401f01b0a846a7a37,full_annotation_v1,A,q_중식_07,중국음식 먹을 데,음식점 중 '중식'을 판매·제공하는 매장,test,중식,T4 구어·문장,b74dd00c-dfef-41f7-9a6b-5adebaf02404,웅천사쳔성,중국음식,웅천시장,전통시장,충청남도,,,
c52a5143afe6c5039287,full_annotation_v1,A,q_중식_07,중국음식 먹을 데,음식점 중 '중식'을 판매·제공하는 매장,test,중식,T4 구어·문장,3383e185-45fb-4de9-aae3-881d442702e4,소림성,중국음식,죽산삶거리 골목형상점가,골목형상점가,전북특별자치도,,,
eb0a6b11eff18489778d,full_annotation_v1,A,q_중식_07,중국음식 먹을 데,음식점 중 '중식'을 판매·제공하는 매장,test,중식,T4 구어·문장,60745bd9-393c-4805-a03d-9baf0bce95c7,우미횟집,일식,운암 북문대로1 골목형상점가,골목형상점가,광주광역시,,,
5a73b9edb7c764220a17,full_annotation_v1,A,q_중식_07,중국음식 먹을 데,음식점 중 '중식'을 판매·제공하는 매장,test,중식,T4 구어·문장,011253e1-0a18-4068-84a9-9ee8f83460b6,도도,음식점(중식),화도창현상점가,골목형상점가,경기도,,,
6095accef8f866bdfad7,full_annotation_v1,A,q_중식_07,중국음식 먹을 데,음식점 중 '중식'을 판매·제공하는 매장,test,중식,T4 구어·문장,d4efbe22-6f32-4b5e-bbec-688c151bad20,지에스25(GS25) 천리타운점,주류 등,이동 골목형상점가,골목형상점가,경기도,,,
fbf076bf27847eff69b8,full_annotation_v1,A,q_중식_07,중국음식 먹을 데,음식점 중 '중식'을 판매·제공하는 매장,test,중식,T4 구어·문장,e993b548-10e0-4330-9fe9-b7aad3f17053,보광상회 2호점,생선,남천해변시장,전통시장,부산광역시,,,
58c2a39b1097f7e7fed9,full_annotation_v1,A,q_중식_07,중국음식 먹을 데,음식점 중 '중식'을 판매·제공하는 매장,test,중식,T4 구어·문장,11f106c6-21aa-44b5-9a89-e53c2dfb2ba6,진차이,"탕수육, 짬뽕, 짜장",목대온기 골목형상점가,골목형상점가,대전광역시,,,
7986bdaafcd63d02b48f,full_annotation_v1,A,q_중식_07,중국음식 먹을 데,음식점 중 '중식'을 판매·제공하는 매장,test,중식,T4 구어·문장,ad570bb1-6737-495e-b0fa-2c9642e16967,중화루,중국음식,현대시장(분당구),전통시장,경기도,,,
ef9d07bc10f35d8bc9a2,full_annotation_v1,A,q_중식_07,중국음식 먹을 데,음식점 중 '중식'을 판매·제공하는 매장,test,중식,T4 구어·문장,3747c4a5-a9f2-4fa3-8592-e3b2ff5ff649,한일반점,중국음식,상주남문거리 골목형상점가,골목형상점가,경상북도,,,
5d296422aae2d5115c22,full_annotation_v1,A,q_중식_07,중국음식 먹을 데,음식점 중 '중식'을 판매·제공하는 매장,test,중식,T4 구어·문장,ec8e5bfa-c69e-4ad3-8cfc-596e0afd0491,상남닭오리백화점,닭 오리,창원 상남시장,전통시장,경상남도,,,
6b82c3b20cc4b121ea88,full_annotation_v1,A,q_중식_07,중국음식 먹을 데,음식점 중 '중식'을 판매·제공하는 매장,test,중식,T4 구어·문장,29f1863f-632b-4eba-8219-6681c4da24e1,가화만사성,중국음식점,선부광장로상점가,자율상권구역,경기도,,,
b7d1a7488e194a43a13c,full_annotation_v1,A,q_중식_07,중국음식 먹을 데,음식점 중 '중식'을 판매·제공하는 매장,test,중식,T4 구어·문장,91c70fca-f0c0-4a1e-897d-4909e4485866,이영훈짬뽕,중국음식,삼각지맛길 골목형상점가,골목형상점가,대구광역시,,,
cfeaf093b06ee33d55a7,full_annotation_v1,A,q_중식_07,중국음식 먹을 데,음식점 중 '중식'을 판매·제공하는 매장,test,중식,T4 구어·문장,8f4cfbae-c2fd-433a-966c-c1f220fe526f,수림관,중국집,당감시장,전통시장,부산광역시,,,
c28f10c8d059adad1e7c,full_annotation_v1,A,q_중식_07,중국음식 먹을 데,음식점 중 '중식'을 판매·제공하는 매장,test,중식,T4 구어·문장,54a03220-2e4c-4ee3-bf91-75c6c5bb0483,중화명가,중국음식점업,부송동 골목형상점가,골목형상점가,전북특별자치도,,,
a793dad13e06c811d4aa,full_annotation_v1,A,q_중식_07,중국음식 먹을 데,음식점 중 '중식'을 판매·제공하는 매장,test,중식,T4 구어·문장,00e0fdc1-dde3-4fc6-bb61-6bbace454a01,도야짬뽕평촌점,중식,귀인동먹거리촌 골목형상점가,골목형상점가,경기도,,,
bff7f75c62e071d8d47e,full_annotation_v1,A,q_중식_07,중국음식 먹을 데,음식점 중 '중식'을 판매·제공하는 매장,test,중식,T4 구어·문장,89bd86d9-9119-45d0-8531-86d331f2c84c,중국집,중국음식점,간성전통시장(구 천년고성시장),전통시장,강원특별자치도,,,
8e2cad3e5f269d40d746,full_annotation_v1,A,q_중식_07,중국음식 먹을 데,음식점 중 '중식'을 판매·제공하는 매장,test,중식,T4 구어·문장,9b7f0ba5-f321-47b2-b4a3-5fe516b8fa70,중마시장중화요리,중국음식점,중마시장,전통시장,전라남도,,,
5d285b44b998702435f9,full_annotation_v1,A,q_중식_07,중국음식 먹을 데,음식점 중 '중식'을 판매·제공하는 매장,test,중식,T4 구어·문장,0e50dcc7-9c2b-441d-b386-a4a4ddb0f875,대동식당,"족발, 수육",칠성종합 상권활성화구역,상권활성화구역,대구광역시,,,
e7d4c1db1ffc446aace2,full_annotation_v1,A,q_중식_07,중국음식 먹을 데,음식점 중 '중식'을 판매·제공하는 매장,test,중식,T4 구어·문장,c129889a-1f8c-4799-8515-5e341d6757cc,동일반점,일반중국음식,부안마실 상권활성화구역,상권활성화구역,전북특별자치도,,,
3a37b59b3288947742bb,full_annotation_v1,A,q_중식_07,중국음식 먹을 데,음식점 중 '중식'을 판매·제공하는 매장,test,중식,T4 구어·문장,012fea8b-eb2a-48ba-908c-ebc87edc7b6f,홍운반점,중국음식,효자시장,전통시장,경상북도,,,
1a668a0bcc364c877b03,full_annotation_v1,A,q_중식_07,중국음식 먹을 데,음식점 중 '중식'을 판매·제공하는 매장,test,중식,T4 구어·문장,1f2e53b7-9ffa-4646-83a0-493cb100585f,차이나고궁,중국음식,신효천 골목형상점가,골목형상점가,광주광역시,,,
aa36c174c8c4ad9499f1,full_annotation_v1,A,q_중식_07,중국음식 먹을 데,음식점 중 '중식'을 판매·제공하는 매장,test,중식,T4 구어·문장,291ab45c-d13d-42d6-b893-ded930bb8890,율짬뽕,중국집,동쪽바다중앙시장(구 동해중앙시장),전통시장,강원특별자치도,,,
9fa349b83e6a6f0d8cc4,full_annotation_v1,A,q_중식_07,중국음식 먹을 데,음식점 중 '중식'을 판매·제공하는 매장,test,중식,T4 구어·문장,0193214f-e716-440d-afbe-a93f1d75a078,1키로 탕수육 산본점,탕수육,산본사거리 골목형상점가,골목형상점가,경기도,,,
99fe50e6fff36b62d033,full_annotation_v1,A,q_중식_07,중국음식 먹을 데,음식점 중 '중식'을 판매·제공하는 매장,test,중식,T4 구어·문장,282b0e8b-051c-49f9-a707-b982df803589,까라벨라 데 오르,스파게티,동명동 카페거리 골목형상점가,골목형상점가,광주광역시,,,
ef1246d942387cb0ab7e,full_annotation_v1,A,q_중식_07,중국음식 먹을 데,음식점 중 '중식'을 판매·제공하는 매장,test,중식,T4 구어·문장,9f704cad-5520-4a93-b1a7-0030a108fe6a,팔오반점 대전 본점,중국음식점업,낭월 빛담길 골목형상점가,골목형상점가,대전광역시,,,
23cd25157b201279bef2,full_annotation_v1,A,q_중식_07,중국음식 먹을 데,음식점 중 '중식'을 판매·제공하는 매장,test,중식,T4 구어·문장,06fe7733-54b9-4fc8-8a3b-556f50d1cdcc,중화요리진,,주천골목형상점가,골목형상점가,강원특별자치도,,,
db438845316917b948ca,full_annotation_v1,A,q_중식_07,중국음식 먹을 데,음식점 중 '중식'을 판매·제공하는 매장,test,중식,T4 구어·문장,8d2c4109-caee-4cfa-aa13-37e939f5f13f,수은각,중국음식,울산번개시장,전통시장,울산광역시,,,
ab4ebc5a6c9c08415f1f,full_annotation_v1,A,q_중식_07,중국음식 먹을 데,음식점 중 '중식'을 판매·제공하는 매장,test,중식,T4 구어·문장,77b29884-56dd-4639-95f7-55a93c103e21,퇴계원점 청담독서실,독서실운영,퇴계원먹자골목상점가,골목형상점가,경기도,,,
9f00150fab813019a9c1,full_annotation_v1,A,q_중식_07,중국음식 먹을 데,음식점 중 '중식'을 판매·제공하는 매장,test,중식,T4 구어·문장,612cac7d-1399-4269-afab-59e4ff8dcdab,삼천각,일반 중국음식,광안리SUP샤카,골목형상점가,부산광역시,,,
1a7d796d59cf1da86f7a,full_annotation_v1,A,q_중식_07,중국음식 먹을 데,음식점 중 '중식'을 판매·제공하는 매장,test,중식,T4 구어·문장,c3fe3b79-79c2-46c7-894d-523c2088ae4d,자금성,중국음식,봉화내성시장,전통시장,경상북도,,,
c4cd971c28de202b21c9,full_annotation_v1,A,q_중식_07,중국음식 먹을 데,음식점 중 '중식'을 판매·제공하는 매장,test,중식,T4 구어·문장,a2f4a18f-e719-443b-845b-33d3981eb68d,신짬뽕,중국집,둔산3동상점가,자율상권구역,대전광역시,,,
24f601daabe211007d75,full_annotation_v1,A,q_중식_07,중국음식 먹을 데,음식점 중 '중식'을 판매·제공하는 매장,test,중식,T4 구어·문장,3bc39a28-13c3-4739-b62a-bb69360a9462,청요리식당,중국음식,행복상점가,자율상권구역,경상북도,,,
90a5d3f4343e2b223082,full_annotation_v1,A,q_중식_07,중국음식 먹을 데,음식점 중 '중식'을 판매·제공하는 매장,test,중식,T4 구어·문장,07d6b10a-9e83-4b9a-ae72-b3221b899fc3,해룡마대,"어망, 마대",아랫장,전통시장,전라남도,,,
5ddef29340ad10e038b4,full_annotation_v1,A,q_중식_07,중국음식 먹을 데,음식점 중 '중식'을 판매·제공하는 매장,test,중식,T4 구어·문장,6f9b178c-d8ee-46a8-81af-7a49e6d3a239,도야짬뽕 나주혁신점,중국음식,빛가람 로데오 골목형상점가,골목형상점가,전라남도,,,
f54a597e13f4a383825a,full_annotation_v1,A,q_중식_07,중국음식 먹을 데,음식점 중 '중식'을 판매·제공하는 매장,test,중식,T4 구어·문장,004af3ce-488b-4a6f-a066-862e26430938,호재짬뽕,,게내공원길 골목형상점가,골목형상점가,서울특별시,,,
8bf22c95734c5fdffad4,full_annotation_v1,A,q_중식_07,중국음식 먹을 데,음식점 중 '중식'을 판매·제공하는 매장,test,중식,T4 구어·문장,ce3548a1-b6cb-464b-ae4d-8eaf76121530,대중냉면,중국음식점,으뜸길 골목형상점가,골목형상점가,경기도,,,
89a8601d71c6aa714b3f,full_annotation_v1,A,q_중식_07,중국음식 먹을 데,음식점 중 '중식'을 판매·제공하는 매장,test,중식,T4 구어·문장,9aa72607-f5d9-4269-a934-c91981c0315a,두배루반점,중국음식,김천평화시장,전통시장,경상북도,,,
d3a3b9cd252cf7774c71,full_annotation_v1,A,q_중식_07,중국음식 먹을 데,음식점 중 '중식'을 판매·제공하는 매장,test,중식,T4 구어·문장,7e1e717c-21cb-423c-a95e-0b6269821c27,천일반점,일반중국음식,금암동 골목형상점가,골목형상점가,전북특별자치도,,,
850c89754de1f1d52245,full_annotation_v1,A,q_중식_07,중국음식 먹을 데,음식점 중 '중식'을 판매·제공하는 매장,test,중식,T4 구어·문장,bb00e5c8-a066-4b1d-9577-c7801c3e35ac,영칼로리포케,포케샌드위치,송촌동상점가,자율상권구역,대전광역시,,,
6e2841f6a644859888d3,full_annotation_v1,A,q_중식_07,중국음식 먹을 데,음식점 중 '중식'을 판매·제공하는 매장,test,중식,T4 구어·문장,116365cb-ffed-43e1-9971-6df263d877cc,짜짜루,중국집,하동공설시장,전통시장,경상남도,,,
184f551aa507d755d9a6,full_annotation_v1,A,q_중식_07,중국음식 먹을 데,음식점 중 '중식'을 판매·제공하는 매장,test,중식,T4 구어·문장,2549f934-5b97-4eb4-bd00-ae17924d4ba3,제일왕만두,일반중국음식,거창 전통시장,전통시장,경상남도,,,
0cfb4313428a849803c8,full_annotation_v1,A,q_중식_07,중국음식 먹을 데,음식점 중 '중식'을 판매·제공하는 매장,test,중식,T4 구어·문장,0e670ac8-34bb-49aa-a021-96edc35b4edc,만리장성,중국음식,정선사북시장,전통시장,강원특별자치도,,,
f03b33f9bb3bdd1673f3,full_annotation_v1,A,q_중식_07,중국음식 먹을 데,음식점 중 '중식'을 판매·제공하는 매장,test,중식,T4 구어·문장,0ad1e916-8b1c-4de8-ade6-6535b3dc0631,형제반점,중화요리,오수상점가,자율상권구역,전북특별자치도,,,
01944d859cf6c2bf0801,full_annotation_v1,A,q_중식_07,중국음식 먹을 데,음식점 중 '중식'을 판매·제공하는 매장,test,중식,T4 구어·문장,aafdcbaf-e13a-484f-a5f5-b1d8d6bb1fb7,빠오,중국음식,순헌황귀비길 골목형상점가,골목형상점가,서울특별시,,,
becb6f27210955e21aed,full_annotation_v1,A,q_중식_07,중국음식 먹을 데,음식점 중 '중식'을 판매·제공하는 매장,test,중식,T4 구어·문장,db25db86-fc7d-4232-877c-55da13000e44,아서원,중국음식점업,전주서곡 골목형상점가,골목형상점가,전북특별자치도,,,
0fd72cd945a93ddeb029,full_annotation_v1,A,q_중식_07,중국음식 먹을 데,음식점 중 '중식'을 판매·제공하는 매장,test,중식,T4 구어·문장,06834ba2-563f-4b9c-a452-d9fa21678afd,계화중식,중화요리,도화동상점가,자율상권구역,서울특별시,,,
23286eacf24afac2208b,full_annotation_v1,A,q_중식_07,중국음식 먹을 데,음식점 중 '중식'을 판매·제공하는 매장,test,중식,T4 구어·문장,0117062e-156e-475e-bd98-93585f54e25e,몽짬뽕원주직영점,,혁신도시3구역 골목형상점가,골목형상점가,강원특별자치도,,,
78a862e73bf39b40d561,full_annotation_v1,A,q_중식_07,중국음식 먹을 데,음식점 중 '중식'을 판매·제공하는 매장,test,중식,T4 구어·문장,0238f2dd-085f-48bf-a543-5d59d8b2f10f,기통치킨탕수육호프,치킨탕수육,성안길상점가,자율상권구역,충청북도,,,
8b7fa11b2fd2c5231657,full_annotation_v1,A,q_중식_07,중국음식 먹을 데,음식점 중 '중식'을 판매·제공하는 매장,test,중식,T4 구어·문장,b835eebe-3200-4282-adbe-2a4a40dc5406,통영정가네짬뽕,중국음식,통영 죽림상점가,자율상권구역,경상남도,,,
bf37b5d289128760f194,full_annotation_v1,A,q_중식_07,중국음식 먹을 데,음식점 중 '중식'을 판매·제공하는 매장,test,중식,T4 구어·문장,f14df4d3-9858-4a8b-8597-20fd477d8e32,갤러리 데 루치아,가구,용인어정가구단지상점가,자율상권구역,경기도,,,
a6e25cf23ecb67655839,full_annotation_v1,A,q_중식_07,중국음식 먹을 데,음식점 중 '중식'을 판매·제공하는 매장,test,중식,T4 구어·문장,c95060a1-1059-435a-855b-8eafe877bae2,상해젠빙쿼즈,중국음식,오산오색시장(구 오산중앙시장),전통시장,경기도,,,
d21f5fc7481b81927944,full_annotation_v1,A,q_중식_07,중국음식 먹을 데,음식점 중 '중식'을 판매·제공하는 매장,test,중식,T4 구어·문장,41da5f6d-bf89-426d-9953-81c1f16dd126,풍광양꼬치,일반음식점(중국음식),사리골상점가,자율상권구역,경기도,,,
d00af540293efa74c83b,full_annotation_v1,A,q_중식_07,중국음식 먹을 데,음식점 중 '중식'을 판매·제공하는 매장,test,중식,T4 구어·문장,004661ce-f943-4561-9c9d-d888ccc58c1e,니뽕내뽕천안신부점,퓨전짬뽕,천안신부문화거리상점가,자율상권구역,충청남도,,,
77c04a21da64022f6154,full_annotation_v1,A,q_중식_07,중국음식 먹을 데,음식점 중 '중식'을 판매·제공하는 매장,test,중식,T4 구어·문장,72885314-1ea4-4e31-b157-59946e7d6919,동네중국집,중국음식,창원 봉곡프라자상가,전통시장,경상남도,,,
46671ab455add24ab0f9,full_annotation_v1,A,q_중식_07,중국음식 먹을 데,음식점 중 '중식'을 판매·제공하는 매장,test,중식,T4 구어·문장,86d88308-344a-4446-b0ae-6053f58dd432,성포중국집,,거제 성포 골목형상점가,골목형상점가,경상남도,,,
754b638e0f46c5f62365,full_annotation_v1,A,q_중식_07,중국음식 먹을 데,음식점 중 '중식'을 판매·제공하는 매장,test,중식,T4 구어·문장,aba76fc2-984e-4030-ba01-e2e7d78264c7,데 아로즈 대전둔산본점,,갈리단길 골목형상점가,골목형상점가,대전광역시,,,
ce9bf49a76bffb057c33,full_annotation_v1,A,q_중식_07,중국음식 먹을 데,음식점 중 '중식'을 판매·제공하는 매장,test,중식,T4 구어·문장,48eb5298-90f7-4b7e-aac7-94295dc6ee8b,도야짬뽕하남점,중국음식,우산상인회 골목형상점가,골목형상점가,광주광역시,,,
4c3d1f9d7047a2709ce9,full_annotation_v1,A,q_중식_07,중국음식 먹을 데,음식점 중 '중식'을 판매·제공하는 매장,test,중식,T4 구어·문장,000ad086-7f53-4aa5-b6df-3e57737371e3,짬뽕이 땡기는가,짬뽕,서천시장거리 골목형상점가,골목형상점가,충청남도,,,
fd9560b92da9b1e856cf,full_annotation_v1,A,q_중식_07,중국음식 먹을 데,음식점 중 '중식'을 판매·제공하는 매장,test,중식,T4 구어·문장,ee3eb3fe-e95e-453c-91b5-42d3ca585736,홍연,중국음식,하남3지구 골목형상점가,골목형상점가,광주광역시,,,
c8e43ce305c5ba14ab48,full_annotation_v1,A,q_중식_07,중국음식 먹을 데,음식점 중 '중식'을 판매·제공하는 매장,test,중식,T4 구어·문장,245737e6-f881-45b5-8eda-910542006a11,라이빈,중국음식점,영천시장,전통시장,서울특별시,,,
dc4ec68c63175c42456f,full_annotation_v1,A,q_중식_07,중국음식 먹을 데,음식점 중 '중식'을 판매·제공하는 매장,test,중식,T4 구어·문장,0de1bc3f-ef27-4c0c-aaf7-a28d659beba0,일품,요리,성내전통시장,전통시장,서울특별시,,,
3d563390d27d6be43009,full_annotation_v1,A,q_중식_07,중국음식 먹을 데,음식점 중 '중식'을 판매·제공하는 매장,test,중식,T4 구어·문장,721b6faa-f7dc-4b85-970a-c1801bb45a19,예원,중국음식,나성동 소방청 골목형상점가,골목형상점가,세종특별자치시,,,
6331ad20f7b1e8ce86dd,full_annotation_v1,A,q_중식_07,중국음식 먹을 데,음식점 중 '중식'을 판매·제공하는 매장,test,중식,T4 구어·문장,000e6461-698b-42f6-842b-cf95393fee89,탕화쿵푸마라탕 전대점,중식,중흥청춘로 골목형상점가,골목형상점가,광주광역시,,,
a1108f177e76fe0f65fd,full_annotation_v1,A,q_중식_07,중국음식 먹을 데,음식점 중 '중식'을 판매·제공하는 매장,test,중식,T4 구어·문장,a1d4e7ec-266d-437e-b903-1fa3f28eb53c,자매당 한의원,한방 의료,송촌동상점가,자율상권구역,대전광역시,,,
a0beea95d1a1aeae4bc2,full_annotation_v1,A,q_중식_07,중국음식 먹을 데,음식점 중 '중식'을 판매·제공하는 매장,test,중식,T4 구어·문장,32e5a2a1-3bb4-47ca-87a8-d0ccc65ca9fc,베스티아 대구점,핸드폰악세사리,동성로 상권활성화구역,상권활성화구역,대구광역시,,,
48d720de4a59652df63c,full_annotation_v1,A,q_중식_07,중국음식 먹을 데,음식점 중 '중식'을 판매·제공하는 매장,test,중식,T4 구어·문장,7443d410-f26f-4f15-ba1d-d59387fac2a5,와이제이푸드,중국음식,둔전골목형상점가,골목형상점가,경기도,,,
3cdac88ecee11f528072,full_annotation_v1,A,q_중식_07,중국음식 먹을 데,음식점 중 '중식'을 판매·제공하는 매장,test,중식,T4 구어·문장,ad230240-a7d8-4cd9-acc5-0d3d658ababc,아메리칸피자,피자,서영대 먹자 골목형상점가,골목형상점가,광주광역시,,,
ad310c59e8ae6939d010,full_annotation_v1,A,q_중식_07,중국음식 먹을 데,음식점 중 '중식'을 판매·제공하는 매장,test,중식,T4 구어·문장,514d9889-d696-48d0-93f3-37acd4ab655d,미니픽,네일속눈썹,김해 외동전통시장,전통시장,경상남도,,,
f7d9ae99743291884576,full_annotation_v1,A,q_중식_07,중국음식 먹을 데,음식점 중 '중식'을 판매·제공하는 매장,test,중식,T4 구어·문장,9905d51a-121c-44cd-900a-571c36a8bd45,신원상회,,정선아리랑시장,전통시장,강원특별자치도,,,
91aa651ef103af3e461d,full_annotation_v1,A,q_중식_07,중국음식 먹을 데,음식점 중 '중식'을 판매·제공하는 매장,test,중식,T4 구어·문장,355e754b-a02e-4f14-9633-a64690e781d8,후평각,중국음식,후평일단지시장,전통시장,강원특별자치도,,,
417cdb7377529e4fe543,full_annotation_v1,A,q_중식_07,중국음식 먹을 데,음식점 중 '중식'을 판매·제공하는 매장,test,중식,T4 구어·문장,00c95d45-2ff3-4066-a179-c026f0528d0c,명장,중식,옥과설산골목형상점가,골목형상점가,전라남도,,,
8ca452b302896da25b31,full_annotation_v1,A,q_중식_07,중국음식 먹을 데,음식점 중 '중식'을 판매·제공하는 매장,test,중식,T4 구어·문장,831e07da-f1e0-485f-9abc-4517e5c8054c,보성각,중국음식,풍납시장,전통시장,서울특별시,,,
3f2307b22bd0fe87a8dd,full_annotation_v1,A,q_중식_07,중국음식 먹을 데,음식점 중 '중식'을 판매·제공하는 매장,test,중식,T4 구어·문장,0369b808-6d4f-4b37-8f25-7e3287a3e3a9,서반장항아리왕짬뽕,,관평동 골목형상점가,골목형상점가,대전광역시,,,
0342e3f12be3d6fc86ca,full_annotation_v1,A,q_중식_07,중국음식 먹을 데,음식점 중 '중식'을 판매·제공하는 매장,test,중식,T4 구어·문장,7fe3e2ba-4e79-4871-b9bf-525ff11e1358,정훈청과,과일,거창 전통시장,전통시장,경상남도,,,
2df72770d98b930ca487,full_annotation_v1,A,q_중식_07,중국음식 먹을 데,음식점 중 '중식'을 판매·제공하는 매장,test,중식,T4 구어·문장,0a230bc3-6a24-48f7-b574-69d45d24f49b,시골향숙식,수육,오산오색시장(구 오산중앙시장),전통시장,경기도,,,
ff2e037b265f21e0e1e8,full_annotation_v1,A,q_중식_07,중국음식 먹을 데,음식점 중 '중식'을 판매·제공하는 매장,test,중식,T4 구어·문장,00f2b06a-d82a-4740-ac18-d898c209d5a5,짜이짜이,중식,충장로123가 상점가,자율상권구역,광주광역시,,,
6852192039eda108f990,full_annotation_v1,A,q_중식_07,중국음식 먹을 데,음식점 중 '중식'을 판매·제공하는 매장,test,중식,T4 구어·문장,a174c9bb-2f7f-426a-be92-dedeb528b9cd,왕기,중국음식점,영천시장,전통시장,서울특별시,,,
106ae815348e4a362d39,full_annotation_v1,A,q_중식_08,중식추천,음식점 중 '중식'을 판매·제공하는 매장,test,중식,T6 기계변형,2d4f8eec-27f1-42ca-8756-5e14ccf792a8,쌍흥루,중식,김천 삼색이수상권,상권활성화구역,경상북도,,,
98ec0e4b10fa3dfbb2c2,full_annotation_v1,A,q_중식_08,중식추천,음식점 중 '중식'을 판매·제공하는 매장,test,중식,T6 기계변형,04382f0b-531b-4d21-b3dc-23752d8455ce,(주)한마음여행,여행서비스업,거제 능포 골목형상점가,골목형상점가,경상남도,,,
611fe4003d57b804aef0,full_annotation_v1,A,q_중식_08,중식추천,음식점 중 '중식'을 판매·제공하는 매장,test,중식,T6 기계변형,40d20d7e-9254-4c3a-add4-45dc25a361bc,북악루,중식,배밭골골목형상점가,골목형상점가,서울특별시,,,
0fcf9112dfd450ccd2e2,full_annotation_v1,A,q_중식_08,중식추천,음식점 중 '중식'을 판매·제공하는 매장,test,중식,T6 기계변형,0369b808-6d4f-4b37-8f25-7e3287a3e3a9,서반장항아리왕짬뽕,,관평동 골목형상점가,골목형상점가,대전광역시,,,
585a0ac54d8f2749601c,full_annotation_v1,A,q_중식_08,중식추천,음식점 중 '중식'을 판매·제공하는 매장,test,중식,T6 기계변형,1f1fcc3c-a70d-4a0c-ac05-c90876fc02aa,류웬,중식,지족북로 골목형상점가,골목형상점가,대전광역시,,,
2d697225e6217642ed19,full_annotation_v1,A,q_중식_08,중식추천,음식점 중 '중식'을 판매·제공하는 매장,test,중식,T6 기계변형,a2f4a18f-e719-443b-845b-33d3981eb68d,신짬뽕,중국집,둔산3동상점가,자율상권구역,대전광역시,,,
1f7921a9435401193119,full_annotation_v1,A,q_중식_08,중식추천,음식점 중 '중식'을 판매·제공하는 매장,test,중식,T6 기계변형,4c935bf0-3919-47ef-b087-5ede322fd9e3,금문,중식,자양15번가골목형상점가,골목형상점가,서울특별시,,,
f42ae73c6a1fd6ff9c36,full_annotation_v1,A,q_중식_08,중식추천,음식점 중 '중식'을 판매·제공하는 매장,test,중식,T6 기계변형,00e0fdc1-dde3-4fc6-bb61-6bbace454a01,도야짬뽕평촌점,중식,귀인동먹거리촌 골목형상점가,골목형상점가,경기도,,,
3d89d3e82d29b0bc6870,full_annotation_v1,A,q_중식_08,중식추천,음식점 중 '중식'을 판매·제공하는 매장,test,중식,T6 기계변형,0238f2dd-085f-48bf-a543-5d59d8b2f10f,기통치킨탕수육호프,치킨탕수육,성안길상점가,자율상권구역,충청북도,,,
fa0b14f890f0c677aa3c,full_annotation_v1,A,q_중식_08,중식추천,음식점 중 '중식'을 판매·제공하는 매장,test,중식,T6 기계변형,3e4a8c02-8f20-4f58-9c67-d21ca4efa592,잘된정,중식,현대시장,전통시장,인천광역시,,,
892a5a9a312b9dd6968a,full_annotation_v1,A,q_중식_08,중식추천,음식점 중 '중식'을 판매·제공하는 매장,test,중식,T6 기계변형,14c6e43d-21e7-4a1c-997e-6f3150a2bc01,루비박스,악세사리,서면지하도상가 부전몰,일반지하상점가,부산광역시,,,
5c7fe00cd3ea9bec627e,full_annotation_v1,A,q_중식_08,중식추천,음식점 중 '중식'을 판매·제공하는 매장,test,중식,T6 기계변형,c1f0cbbe-cd12-476b-8695-434ad59cc4d6,차향재,중식,둔산2동 골목형상점가,골목형상점가,대전광역시,,,
155e492c20125cf79422,full_annotation_v1,A,q_중식_08,중식추천,음식점 중 '중식'을 판매·제공하는 매장,test,중식,T6 기계변형,33f37b6e-0423-4b02-9850-3f4415e51a24,뉴러우멘관즈,중식,남천바다내음 골목형상점가,골목형상점가,부산광역시,,,
1102ffc0295dd25375bc,full_annotation_v1,A,q_중식_08,중식추천,음식점 중 '중식'을 판매·제공하는 매장,test,중식,T6 기계변형,156fb287-15c1-4d51-978b-7e5eb02fb52a,중앙상회,건어물,단대마트시장,전통시장,경기도,,,
e2fb4d2f3c1e8b9f780e,full_annotation_v1,A,q_중식_08,중식추천,음식점 중 '중식'을 판매·제공하는 매장,test,중식,T6 기계변형,004af3ce-488b-4a6f-a066-862e26430938,호재짬뽕,,게내공원길 골목형상점가,골목형상점가,서울특별시,,,
6767d965f839b47652ed,full_annotation_v1,A,q_중식_08,중식추천,음식점 중 '중식'을 판매·제공하는 매장,test,중식,T6 기계변형,023910c1-fb9e-410b-95ee-006513998b4b,청궁,중식,남문골목형상점가,골목형상점가,강원특별자치도,,,
62417d6e78e87720eaa2,full_annotation_v1,A,q_중식_08,중식추천,음식점 중 '중식'을 판매·제공하는 매장,test,중식,T6 기계변형,c130e134-0ad5-48de-9d54-c4c8ef441f3e,진각,중식,배곧상가,골목형상점가,경기도,,,
cc9a72957f099d550c26,full_annotation_v1,A,q_중식_08,중식추천,음식점 중 '중식'을 판매·제공하는 매장,test,중식,T6 기계변형,eccbcd2f-3650-440a-840a-856df27555a4,덕취원,중식,"임계사통팔달시장(임계시장, 송계5일장)",전통시장,강원특별자치도,,,
f279baba3b5a6b2cc070,full_annotation_v1,A,q_중식_08,중식추천,음식점 중 '중식'을 판매·제공하는 매장,test,중식,T6 기계변형,b71056fc-7517-41ef-8a74-2addf5885f12,칭찬,중식,슬로시티창평 골목형상점가,골목형상점가,전라남도,,,
df192497934bfa2ecbc6,full_annotation_v1,A,q_중식_08,중식추천,음식점 중 '중식'을 판매·제공하는 매장,test,중식,T6 기계변형,54fa9e28-5af3-4fac-bd3e-ee82bdfce0c2,회풍루,중식,충주자유시장,전통시장,충청북도,,,
79451e39f68132c72a94,full_annotation_v1,A,q_중식_08,중식추천,음식점 중 '중식'을 판매·제공하는 매장,test,중식,T6 기계변형,470eca94-ac4d-47ce-bf35-f8a193ba5e86,홍월,중식,풍암고앞상인회 골목형상점가,골목형상점가,광주광역시,,,
32d5f8e77b7da6027d71,full_annotation_v1,A,q_중식_08,중식추천,음식점 중 '중식'을 판매·제공하는 매장,test,중식,T6 기계변형,d9c7e43c-457c-4323-b24d-907067e4f950,짜신,중식,산본로데오거리(구 산본중심상가),자율상권구역,경기도,,,
fc47a375e166205144bc,full_annotation_v1,A,q_중식_08,중식추천,음식점 중 '중식'을 판매·제공하는 매장,test,중식,T6 기계변형,105ef797-642c-4004-8106-f288885f87fb,혜음각,중식,금암동 골목형상점가,골목형상점가,충청남도,,,
4e612298edb9fbdeb907,full_annotation_v1,A,q_중식_08,중식추천,음식점 중 '중식'을 판매·제공하는 매장,test,중식,T6 기계변형,1a57b55e-74e5-4e27-85e8-b3d9af144cce,한컴정보,컴퓨터부품 소모품,광복지하도상가,일반지하상점가,부산광역시,,,
a68a45627496ee21c2f0,full_annotation_v1,A,q_중식_08,중식추천,음식점 중 '중식'을 판매·제공하는 매장,test,중식,T6 기계변형,011253e1-0a18-4068-84a9-9ee8f83460b6,도도,음식점(중식),화도창현상점가,골목형상점가,경기도,,,
596454ab9b886edd9b8e,full_annotation_v1,A,q_중식_08,중식추천,음식점 중 '중식'을 판매·제공하는 매장,test,중식,T6 기계변형,291ab45c-d13d-42d6-b893-ded930bb8890,율짬뽕,중국집,동쪽바다중앙시장(구 동해중앙시장),전통시장,강원특별자치도,,,
dcf360db3b750eda046c,full_annotation_v1,A,q_중식_08,중식추천,음식점 중 '중식'을 판매·제공하는 매장,test,중식,T6 기계변형,0920f08e-ee4b-43f5-8400-8ee605567276,7080손짜장,중화요리,부곡맛고을상가,자율상권구역,경상북도,,,
8ddeedd202afd85d4573,full_annotation_v1,A,q_중식_08,중식추천,음식점 중 '중식'을 판매·제공하는 매장,test,중식,T6 기계변형,d44649f0-2793-4994-a1d2-3ec161a62146,차푸,중식,백련시장,전통시장,서울특별시,,,
49a5dc2c520b72868548,full_annotation_v1,A,q_중식_08,중식추천,음식점 중 '중식'을 판매·제공하는 매장,test,중식,T6 기계변형,6d57a898-2cd1-4372-8477-cd8d1d775aa6,올도,중식,구성언남 골목형상점가,골목형상점가,경기도,,,
a022902e15530225b90a,full_annotation_v1,A,q_중식_08,중식추천,음식점 중 '중식'을 판매·제공하는 매장,test,중식,T6 기계변형,37557bf2-a047-4238-bbea-ef09ca69da6d,홀리다사진관,인물사진,성서계대로데오거리 골목형상점가,골목형상점가,대구광역시,,,
aafd19c466a58422c60c,full_annotation_v1,A,q_중식_08,중식추천,음식점 중 '중식'을 판매·제공하는 매장,test,중식,T6 기계변형,cc27c088-bcff-4890-b024-00860c3178af,짬짜야,중식,매곡 골목형상점가,골목형상점가,대구광역시,,,
f02a13588ba71ca815aa,full_annotation_v1,A,q_중식_08,중식추천,음식점 중 '중식'을 판매·제공하는 매장,test,중식,T6 기계변형,a48a6a33-60af-4219-ae0e-3ad2975c186e,윤정이노래연습장,,"산북,소룡 골목형상점가",골목형상점가,전북특별자치도,,,
289e7ce4f9b241b3b71e,full_annotation_v1,A,q_중식_08,중식추천,음식점 중 '중식'을 판매·제공하는 매장,test,중식,T6 기계변형,e741f44e-68d6-4187-a762-28b12e1494b7,미옌,중식,용봉지구 골목형상점가,골목형상점가,광주광역시,,,
77f49725418b613f479f,full_annotation_v1,A,q_중식_08,중식추천,음식점 중 '중식'을 판매·제공하는 매장,test,중식,T6 기계변형,4afbe5a3-dba9-4789-b133-260dc1d351ca,더춘장,중식,안양1번가 상점가,자율상권구역,경기도,,,
68df7deb3632e223aa8c,full_annotation_v1,A,q_중식_08,중식추천,음식점 중 '중식'을 판매·제공하는 매장,test,중식,T6 기계변형,0ad1e916-8b1c-4de8-ade6-6535b3dc0631,형제반점,중화요리,오수상점가,자율상권구역,전북특별자치도,,,
fcdb72f1ea83851e766c,full_annotation_v1,A,q_중식_08,중식추천,음식점 중 '중식'을 판매·제공하는 매장,test,중식,T6 기계변형,e3595ed0-866c-4d61-af95-b7cc05add943,송내과의원,내과,종암북바위길골목형상점가,골목형상점가,서울특별시,,,
08f9f463266d38893015,full_annotation_v1,A,q_중식_08,중식추천,음식점 중 '중식'을 판매·제공하는 매장,test,중식,T6 기계변형,ac574c06-11db-479e-8184-765ac6da1ab2,(주) 투어포인트,여행,대봉길 골목형상점가,골목형상점가,대구광역시,,,
80d4cab2f4aa78ebea35,full_annotation_v1,A,q_중식_08,중식추천,음식점 중 '중식'을 판매·제공하는 매장,test,중식,T6 기계변형,116365cb-ffed-43e1-9971-6df263d877cc,짜짜루,중국집,하동공설시장,전통시장,경상남도,,,
235e85f8e680b9bddd1d,full_annotation_v1,A,q_중식_08,중식추천,음식점 중 '중식'을 판매·제공하는 매장,test,중식,T6 기계변형,aefd6f40-536b-47d9-b955-eacb72a22dce,함양침구,침구류,구서오시게시장,전통시장,부산광역시,,,
4069bf16bd542b858c5c,full_annotation_v1,A,q_중식_08,중식추천,음식점 중 '중식'을 판매·제공하는 매장,test,중식,T6 기계변형,2cfaa805-e42b-4f31-95cb-991f89eaacc5,중식당후,중식,두암1동서방로 골목형상점가,골목형상점가,광주광역시,,,
193cc1c6c7aea9da2193,full_annotation_v1,A,q_중식_08,중식추천,음식점 중 '중식'을 판매·제공하는 매장,test,중식,T6 기계변형,0633e7b1-3693-4f01-a398-0ce0f2ecfb67,육미각,,"산북,소룡 골목형상점가",골목형상점가,전북특별자치도,,,
5bcd27490a3b7e8d6bf1,full_annotation_v1,A,q_중식_08,중식추천,음식점 중 '중식'을 판매·제공하는 매장,test,중식,T6 기계변형,06834ba2-563f-4b9c-a452-d9fa21678afd,계화중식,중화요리,도화동상점가,자율상권구역,서울특별시,,,
598e506bdc294e3cc44f,full_annotation_v1,A,q_중식_08,중식추천,음식점 중 '중식'을 판매·제공하는 매장,test,중식,T6 기계변형,ba16c348-e96c-472d-89c3-3661779067ff,심향,중식,시화공구상가,전통시장,경기도,,,
b422d6ef6910a71026da,full_annotation_v1,A,q_중식_08,중식추천,음식점 중 '중식'을 판매·제공하는 매장,test,중식,T6 기계변형,bb664d36-fe6b-41b5-8de0-e98b0415d22f,꼼꼼뷰티샵(#),미용,종암북바위길골목형상점가,골목형상점가,서울특별시,,,
1ea5e73cba6891ca90f1,full_annotation_v1,A,q_중식_08,중식추천,음식점 중 '중식'을 판매·제공하는 매장,test,중식,T6 기계변형,4035a3ae-932b-4121-a2c8-1d8a814d9550,홍첸루,중식,도군머리 골목형상점가,골목형상점가,광주광역시,,,
82ca431f720953dcb0fb,full_annotation_v1,A,q_중식_08,중식추천,음식점 중 '중식'을 판매·제공하는 매장,test,중식,T6 기계변형,595b4ac6-fa8c-47cd-b8f2-345944ba061d,중식당,중식,유천택지올림픽길골목형상점가,골목형상점가,강원특별자치도,,,
42dc744d79ffe2cdff4a,full_annotation_v1,A,q_중식_08,중식추천,음식점 중 '중식'을 판매·제공하는 매장,test,중식,T6 기계변형,11f106c6-21aa-44b5-9a89-e53c2dfb2ba6,진차이,"탕수육, 짬뽕, 짜장",목대온기 골목형상점가,골목형상점가,대전광역시,,,
73e3fd1a2f05760cfa80,full_annotation_v1,A,q_중식_08,중식추천,음식점 중 '중식'을 판매·제공하는 매장,test,중식,T6 기계변형,78ca98a8-1e0e-4ff3-860a-33faf5b46476,흑룡성,중식,담양중앙3번가 골목형상점가,골목형상점가,전라남도,,,
5b180f98adbedf899a29,full_annotation_v1,A,q_중식_08,중식추천,음식점 중 '중식'을 판매·제공하는 매장,test,중식,T6 기계변형,e78e134a-1ac0-40c5-b454-6bac10a34d5c,산내들목장,한식,창원 가음정시장,전통시장,경상남도,,,
c7834d5b92ae21964911,full_annotation_v1,A,q_중식_08,중식추천,음식점 중 '중식'을 판매·제공하는 매장,test,중식,T6 기계변형,00c95d45-2ff3-4066-a179-c026f0528d0c,명장,중식,옥과설산골목형상점가,골목형상점가,전라남도,,,
8065633f9881f53d21b1,full_annotation_v1,A,q_중식_08,중식추천,음식점 중 '중식'을 판매·제공하는 매장,test,중식,T6 기계변형,8c3e4ff7-f6d6-4a46-a6b1-2c3a4eaa9cc5,중식당청이,중식,그라운드고척골목형상점가,골목형상점가,서울특별시,,,
f15f69a091e8fa8f3ba5,full_annotation_v1,A,q_중식_08,중식추천,음식점 중 '중식'을 판매·제공하는 매장,test,중식,T6 기계변형,86314994-e153-4d29-bff1-05a5f036f9c5,먹쇠루,중식,대화전통시장,전통시장,강원특별자치도,,,
15d8149a2ecb56c9d3c3,full_annotation_v1,A,q_중식_08,중식추천,음식점 중 '중식'을 판매·제공하는 매장,test,중식,T6 기계변형,000ad086-7f53-4aa5-b6df-3e57737371e3,짬뽕이 땡기는가,짬뽕,서천시장거리 골목형상점가,골목형상점가,충청남도,,,
7c6c2d11006b3ca4e35c,full_annotation_v1,A,q_중식_08,중식추천,음식점 중 '중식'을 판매·제공하는 매장,test,중식,T6 기계변형,ff29b2e4-7a56-4d1b-8d9d-33ac71bc0fbe,연래춘,중식,숭실마루길골목형상점가,골목형상점가,서울특별시,,,
f423d077a8865fba83c5,full_annotation_v1,A,q_중식_08,중식추천,음식점 중 '중식'을 판매·제공하는 매장,test,중식,T6 기계변형,09ebd481-839d-4613-a82e-d31af05ec77d,내빈,중식,장천동상가,자율상권구역,전라남도,,,
fc67156fe725df57c401,full_annotation_v1,A,q_중식_08,중식추천,음식점 중 '중식'을 판매·제공하는 매장,test,중식,T6 기계변형,c3956e90-4857-4a68-ac18-6414206e68bf,몽림,중식,유천택지올림픽길골목형상점가,골목형상점가,강원특별자치도,,,
b4936c29d7912644ec9e,full_annotation_v1,A,q_중식_08,중식추천,음식점 중 '중식'을 판매·제공하는 매장,test,중식,T6 기계변형,0193214f-e716-440d-afbe-a93f1d75a078,1키로 탕수육 산본점,탕수육,산본사거리 골목형상점가,골목형상점가,경기도,,,
76bb85af9a33b68c6223,full_annotation_v1,A,q_중식_08,중식추천,음식점 중 '중식'을 판매·제공하는 매장,test,중식,T6 기계변형,06fe7733-54b9-4fc8-8a3b-556f50d1cdcc,중화요리진,,주천골목형상점가,골목형상점가,강원특별자치도,,,
2a25a9b844fb4f1c7fa8,full_annotation_v1,A,q_중식_08,중식추천,음식점 중 '중식'을 판매·제공하는 매장,test,중식,T6 기계변형,00f2b06a-d82a-4740-ac18-d898c209d5a5,짜이짜이,중식,충장로123가 상점가,자율상권구역,광주광역시,,,
31d519701dd134d92547,full_annotation_v1,A,q_중식_08,중식추천,음식점 중 '중식'을 판매·제공하는 매장,test,중식,T6 기계변형,0de1bc3f-ef27-4c0c-aaf7-a28d659beba0,일품,요리,성내전통시장,전통시장,서울특별시,,,
0c96dbc66ed40f4a4f51,full_annotation_v1,A,q_중식_08,중식추천,음식점 중 '중식'을 판매·제공하는 매장,test,중식,T6 기계변형,f85eaebf-0210-45c4-bab0-c393070d7ea8,공작헤어,미용업,미사강변 골목형상점가,골목형상점가,경기도,,,
01bbb1028e09ad793934,full_annotation_v1,A,q_중식_08,중식추천,음식점 중 '중식'을 판매·제공하는 매장,test,중식,T6 기계변형,c4774b23-1120-4067-8b13-8de4d747249d,염주정형외과의원,정형외과,염주먹자골목A구역상인회 골목형상점가,골목형상점가,광주광역시,,,
cfd12c9df54c736cd7b7,full_annotation_v1,A,q_중식_08,중식추천,음식점 중 '중식'을 판매·제공하는 매장,test,중식,T6 기계변형,8ad33473-b090-44ad-be22-344f35bd784e,센스의료생활협동조합,의원,상동역 골목형상점가,골목형상점가,경기도,,,
0af75b4d2e67ce4f0a71,full_annotation_v1,A,q_중식_08,중식추천,음식점 중 '중식'을 판매·제공하는 매장,test,중식,T6 기계변형,183c55f6-2497-47ad-bbe6-d511521a1c03,취산,중식,고촌역 골목형상점가,골목형상점가,경기도,,,
fdef0c1cd0661a0ab058,full_annotation_v1,A,q_중식_08,중식추천,음식점 중 '중식'을 판매·제공하는 매장,test,중식,T6 기계변형,03a07923-8090-41ee-beeb-ab6b22c4e2e6,월량관,중식,연남동골목형상점가,골목형상점가,서울특별시,,,
753fdfc2f04d663f5a3b,full_annotation_v1,A,q_중식_08,중식추천,음식점 중 '중식'을 판매·제공하는 매장,test,중식,T6 기계변형,0a230bc3-6a24-48f7-b574-69d45d24f49b,시골향숙식,수육,오산오색시장(구 오산중앙시장),전통시장,경기도,,,
53c958dac237846c796a,full_annotation_v1,A,q_중식_08,중식추천,음식점 중 '중식'을 판매·제공하는 매장,test,중식,T6 기계변형,86d88308-344a-4446-b0ae-6053f58dd432,성포중국집,,거제 성포 골목형상점가,골목형상점가,경상남도,,,
6f0c11bad003728a419f,full_annotation_v1,A,q_중식_08,중식추천,음식점 중 '중식'을 판매·제공하는 매장,test,중식,T6 기계변형,7707f2ab-48bb-460c-bd84-27b61a860979,얌차,중식,마재상인회 골목형상점가,골목형상점가,광주광역시,,,
4bb315a23eab23f87752,full_annotation_v1,A,q_중식_08,중식추천,음식점 중 '중식'을 판매·제공하는 매장,test,중식,T6 기계변형,8f4cfbae-c2fd-433a-966c-c1f220fe526f,수림관,중국집,당감시장,전통시장,부산광역시,,,
ee17540deef160012cf2,full_annotation_v1,A,q_중식_08,중식추천,음식점 중 '중식'을 판매·제공하는 매장,test,중식,T6 기계변형,9bb90139-1e49-4c0f-b423-17d0f10b6e97,홍월,중식,전자의거리 상점가,자율상권구역,광주광역시,,,
defe7cf6e143b0111a7f,full_annotation_v1,A,q_중식_08,중식추천,음식점 중 '중식'을 판매·제공하는 매장,test,중식,T6 기계변형,79e96e00-f2c2-4507-be75-fa3697abec3b,김영남내과 의원,내과,염주먹자골목A구역상인회 골목형상점가,골목형상점가,광주광역시,,,
727f2bc926746bc6e6be,full_annotation_v1,A,q_중식_08,중식추천,음식점 중 '중식'을 판매·제공하는 매장,test,중식,T6 기계변형,004661ce-f943-4561-9c9d-d888ccc58c1e,니뽕내뽕천안신부점,퓨전짬뽕,천안신부문화거리상점가,자율상권구역,충청남도,,,
9819007bea688b7779fe,full_annotation_v1,A,q_중식_08,중식추천,음식점 중 '중식'을 판매·제공하는 매장,test,중식,T6 기계변형,75e83d7a-7289-4faa-b569-10b678af81b1,충푸,중식,충무로골목형상점가,골목형상점가,서울특별시,,,
49740f2e762ce1e844f6,full_annotation_v1,A,q_중식_08,중식추천,음식점 중 '중식'을 판매·제공하는 매장,test,중식,T6 기계변형,0117062e-156e-475e-bd98-93585f54e25e,몽짬뽕원주직영점,,혁신도시3구역 골목형상점가,골목형상점가,강원특별자치도,,,
e9dd90e8864f8e20c07a,full_annotation_v1,A,q_중식_08,중식추천,음식점 중 '중식'을 판매·제공하는 매장,test,중식,T6 기계변형,9418d35f-a26d-4260-ade6-aab90656e88f,홍용각,중식,두암사거리 골목형상점가,골목형상점가,광주광역시,,,
180cb385c9692606b199,full_annotation_v1,A,q_중식_08,중식추천,음식점 중 '중식'을 판매·제공하는 매장,test,중식,T6 기계변형,0e50dcc7-9c2b-441d-b386-a4a4ddb0f875,대동식당,"족발, 수육",칠성종합 상권활성화구역,상권활성화구역,대구광역시,,,
b6d0985d72d2f8846db1,full_annotation_v1,A,q_중식_08,중식추천,음식점 중 '중식'을 판매·제공하는 매장,test,중식,T6 기계변형,f47482df-87b1-45de-b84f-0e0e950cd927,린린,중식,도룡상인회 골목형상점가,골목형상점가,대전광역시,,,
cfe5382c1f16f50013c3,full_annotation_v1,A,q_중식_08,중식추천,음식점 중 '중식'을 판매·제공하는 매장,test,중식,T6 기계변형,5fa3d99d-8481-497a-9a8c-d08f07b55313,중래향,중식,안양중앙인정시장,전통시장,경기도,,,
c296634e87b30ee40343,full_annotation_v1,A,q_중식_08,중식추천,음식점 중 '중식'을 판매·제공하는 매장,test,중식,T6 기계변형,6fe6db25-101c-4071-875c-58de2763140a,국빈,중식,종암북바위길골목형상점가,골목형상점가,서울특별시,,,
f226886d1a1ed40e35fd,full_annotation_v1,A,q_중식_08,중식추천,음식점 중 '중식'을 판매·제공하는 매장,test,중식,T6 기계변형,000e6461-698b-42f6-842b-cf95393fee89,탕화쿵푸마라탕 전대점,중식,중흥청춘로 골목형상점가,골목형상점가,광주광역시,,,
bcf09508add8332041fe,full_annotation_v1,A,q_중식_08,중식추천,음식점 중 '중식'을 판매·제공하는 매장,test,중식,T6 기계변형,0dc74355-33b9-450a-beb2-049628a29059,홍홍,중식,가락골 골목형상점가,골목형상점가,서울특별시,,,
7fa60f7cbbb48a7bc1fe,full_annotation_v1,A,q_중식_09,중싣,음식점 중 '중식'을 판매·제공하는 매장,test,중식,T6 기계변형,06fe7733-54b9-4fc8-8a3b-556f50d1cdcc,중화요리진,,주천골목형상점가,골목형상점가,강원특별자치도,,,
5ad4881170f2d535f9ac,full_annotation_v1,A,q_중식_09,중싣,음식점 중 '중식'을 판매·제공하는 매장,test,중식,T6 기계변형,42813b53-af73-4086-8eb9-cb210bdf0da3,남양엄수산,생선,전곡전통시장,전통시장,경기도,,,
d6ffefb500a6e58e1f16,full_annotation_v1,A,q_중식_09,중싣,음식점 중 '중식'을 판매·제공하는 매장,test,중식,T6 기계변형,4c68247c-cee4-4d3e-963a-993858458608,중교옥,한식,대전중앙활성화구역,상권활성화구역,대전광역시,,,
adc3bb26741c259ec190,full_annotation_v1,A,q_중식_09,중싣,음식점 중 '중식'을 판매·제공하는 매장,test,중식,T6 기계변형,05de4147-3bc6-4220-af11-bb783230c3da,브루클린 와이너리,주류 음료 식료품 수입과자 초콜릿,명일전통시장,전통시장,서울특별시,,,
37aa735ae971de2836ca,full_annotation_v1,A,q_중식_09,중싣,음식점 중 '중식'을 판매·제공하는 매장,test,중식,T6 기계변형,4c935bf0-3919-47ef-b087-5ede322fd9e3,금문,중식,자양15번가골목형상점가,골목형상점가,서울특별시,,,
62fd2a24e71c372fb1f2,full_annotation_v1,A,q_중식_09,중싣,음식점 중 '중식'을 판매·제공하는 매장,test,중식,T6 기계변형,66949b22-611d-4650-b074-e5d9cf6c5b24,메이지,분싣,진주 로데오거리상점가,자율상권구역,경상남도,,,
3e9d0c6bb25d688001ae,full_annotation_v1,A,q_중식_09,중싣,음식점 중 '중식'을 판매·제공하는 매장,test,중식,T6 기계변형,c130e134-0ad5-48de-9d54-c4c8ef441f3e,진각,중식,배곧상가,골목형상점가,경기도,,,
a0499b137fc5ddc7287a,full_annotation_v1,A,q_중식_09,중싣,음식점 중 '중식'을 판매·제공하는 매장,test,중식,T6 기계변형,86314994-e153-4d29-bff1-05a5f036f9c5,먹쇠루,중식,대화전통시장,전통시장,강원특별자치도,,,
6afd39e50a446bba65b1,full_annotation_v1,A,q_중식_09,중싣,음식점 중 '중식'을 판매·제공하는 매장,test,중식,T6 기계변형,f6988a57-2a5a-4e47-bb5c-37328370ca92,제일청과,과일야채,용운시장,전통시장,대전광역시,,,
72c7edaafbec2fca7f66,full_annotation_v1,A,q_중식_09,중싣,음식점 중 '중식'을 판매·제공하는 매장,test,중식,T6 기계변형,00e0fdc1-dde3-4fc6-bb61-6bbace454a01,도야짬뽕평촌점,중식,귀인동먹거리촌 골목형상점가,골목형상점가,경기도,,,
0e75d61fec5f20c8a2b2,full_annotation_v1,A,q_중식_09,중싣,음식점 중 '중식'을 판매·제공하는 매장,test,중식,T6 기계변형,2cfaa805-e42b-4f31-95cb-991f89eaacc5,중식당후,중식,두암1동서방로 골목형상점가,골목형상점가,광주광역시,,,
db11eaa44283464fa6e8,full_annotation_v1,A,q_중식_09,중싣,음식점 중 '중식'을 판매·제공하는 매장,test,중식,T6 기계변형,a2f4a18f-e719-443b-845b-33d3981eb68d,신짬뽕,중국집,둔산3동상점가,자율상권구역,대전광역시,,,
a4ac364eb2f7cbb9d7dc,full_annotation_v1,A,q_중식_09,중싣,음식점 중 '중식'을 판매·제공하는 매장,test,중식,T6 기계변형,0369b808-6d4f-4b37-8f25-7e3287a3e3a9,서반장항아리왕짬뽕,,관평동 골목형상점가,골목형상점가,대전광역시,,,
440892affeeabf3b76af,full_annotation_v1,A,q_중식_09,중싣,음식점 중 '중식'을 판매·제공하는 매장,test,중식,T6 기계변형,f580408b-1e24-45b3-b3d0-eb5867bb42c6,중경식객,중식,건대로데오거리골목형상점가,골목형상점가,서울특별시,,,
5e3cdd60a0f962c3e5ff,full_annotation_v1,A,q_중식_09,중싣,음식점 중 '중식'을 판매·제공하는 매장,test,중식,T6 기계변형,0920f08e-ee4b-43f5-8400-8ee605567276,7080손짜장,중화요리,부곡맛고을상가,자율상권구역,경상북도,,,
ca54f35df02c4ac0b980,full_annotation_v1,A,q_중식_09,중싣,음식점 중 '중식'을 판매·제공하는 매장,test,중식,T6 기계변형,4bae059c-d8cb-4ce5-afcd-4ffa5d61cca3,중앙옥,한식,옥천공설시장,전통시장,충청북도,,,
42f6aa5f616c3cf6c856,full_annotation_v1,A,q_중식_09,중싣,음식점 중 '중식'을 판매·제공하는 매장,test,중식,T6 기계변형,445a69d0-d694-47dc-b635-2b4e6f82285a,백양닭집,닭,서문공설시장,전통시장,제주특별자치도,,,
49fb123b2316f642bb0f,full_annotation_v1,A,q_중식_09,중싣,음식점 중 '중식'을 판매·제공하는 매장,test,중식,T6 기계변형,cb9da9ca-a7f0-4de5-8022-49aefc37261b,노량진상회,농산물,상도도깨비골목형상점가,골목형상점가,서울특별시,,,
4889db9e2264e9478090,full_annotation_v1,A,q_중식_09,중싣,음식점 중 '중식'을 판매·제공하는 매장,test,중식,T6 기계변형,e72f7a9e-6ac7-4734-8ab3-b60fabfac4bb,중앙김밥,한식,염매시장(구 덕산시장),전통시장,대구광역시,,,
0879cfcf258f779693ea,full_annotation_v1,A,q_중식_09,중싣,음식점 중 '중식'을 판매·제공하는 매장,test,중식,T6 기계변형,401e8305-aaea-412d-a0d6-ec3f3987f51b,테리토리,브런치,송도 아트포레 판매시설 골목형상점가,골목형상점가,인천광역시,,,
2730f8e1f0b700dfc0e0,full_annotation_v1,A,q_중식_09,중싣,음식점 중 '중식'을 판매·제공하는 매장,test,중식,T6 기계변형,aa452d2f-f46e-4efb-a797-8e4b182f3ad7,중화홍반점,중식,안양중앙인정시장,전통시장,경기도,,,
e01a2a0ea3eed3a66165,full_annotation_v1,A,q_중식_09,중싣,음식점 중 '중식'을 판매·제공하는 매장,test,중식,T6 기계변형,c1f0cbbe-cd12-476b-8695-434ad59cc4d6,차향재,중식,둔산2동 골목형상점가,골목형상점가,대전광역시,,,
2b91deddb9f2d7128aac,full_annotation_v1,A,q_중식_09,중싣,음식점 중 '중식'을 판매·제공하는 매장,test,중식,T6 기계변형,33f37b6e-0423-4b02-9850-3f4415e51a24,뉴러우멘관즈,중식,남천바다내음 골목형상점가,골목형상점가,부산광역시,,,
81934842249095baf8e5,full_annotation_v1,A,q_중식_09,중싣,음식점 중 '중식'을 판매·제공하는 매장,test,중식,T6 기계변형,e741f44e-68d6-4187-a762-28b12e1494b7,미옌,중식,용봉지구 골목형상점가,골목형상점가,광주광역시,,,
e9d52fe9686a31659f8f,full_annotation_v1,A,q_중식_09,중싣,음식점 중 '중식'을 판매·제공하는 매장,test,중식,T6 기계변형,0ad1e916-8b1c-4de8-ade6-6535b3dc0631,형제반점,중화요리,오수상점가,자율상권구역,전북특별자치도,,,
0b4cf16190e1b60d4ff6,full_annotation_v1,A,q_중식_09,중싣,음식점 중 '중식'을 판매·제공하는 매장,test,중식,T6 기계변형,6fe6db25-101c-4071-875c-58de2763140a,국빈,중식,종암북바위길골목형상점가,골목형상점가,서울특별시,,,
4cb89d41b89de71940d2,full_annotation_v1,A,q_중식_09,중싣,음식점 중 '중식'을 판매·제공하는 매장,test,중식,T6 기계변형,03a07923-8090-41ee-beeb-ab6b22c4e2e6,월량관,중식,연남동골목형상점가,골목형상점가,서울특별시,,,
2f1e83ea30cb5e4a59ea,full_annotation_v1,A,q_중식_09,중싣,음식점 중 '중식'을 판매·제공하는 매장,test,중식,T6 기계변형,023910c1-fb9e-410b-95ee-006513998b4b,청궁,중식,남문골목형상점가,골목형상점가,강원특별자치도,,,
cb9c9f3770c90d68ccb3,full_annotation_v1,A,q_중식_09,중싣,음식점 중 '중식'을 판매·제공하는 매장,test,중식,T6 기계변형,cceeaff0-c43d-4825-9aed-80467fbd6d01,중화관,중식,문흥1동 골목형상점가,골목형상점가,광주광역시,,,
0c1873eeca810a81c6b9,full_annotation_v1,A,q_중식_09,중싣,음식점 중 '중식'을 판매·제공하는 매장,test,중식,T6 기계변형,00f2b06a-d82a-4740-ac18-d898c209d5a5,짜이짜이,중식,충장로123가 상점가,자율상권구역,광주광역시,,,
2dbfa525cc0fcc71e720,full_annotation_v1,A,q_중식_09,중싣,음식점 중 '중식'을 판매·제공하는 매장,test,중식,T6 기계변형,004661ce-f943-4561-9c9d-d888ccc58c1e,니뽕내뽕천안신부점,퓨전짬뽕,천안신부문화거리상점가,자율상권구역,충청남도,,,
0d771d95a84c3656ab13,full_annotation_v1,A,q_중식_09,중싣,음식점 중 '중식'을 판매·제공하는 매장,test,중식,T6 기계변형,3cae43dd-3cad-46b9-af82-656993de3fc6,로즈봉봉,의류,서문시장2지구 종합상가,전통시장,대구광역시,,,
8a7ceecd851891577ecf,full_annotation_v1,A,q_중식_09,중싣,음식점 중 '중식'을 판매·제공하는 매장,test,중식,T6 기계변형,011253e1-0a18-4068-84a9-9ee8f83460b6,도도,음식점(중식),화도창현상점가,골목형상점가,경기도,,,
1bc97e88ffdf52d9c92e,full_annotation_v1,A,q_중식_09,중싣,음식점 중 '중식'을 판매·제공하는 매장,test,중식,T6 기계변형,26fcf63b-90e7-4f18-aab1-436d3896658b,시네마,한싣,서원동상점가,자율상권구역,서울특별시,,,
7e300181c73dc214cfab,full_annotation_v1,A,q_중식_09,중싣,음식점 중 '중식'을 판매·제공하는 매장,test,중식,T6 기계변형,a9cbc4c9-17a4-4fd6-8ee4-b3c8f595dc9d,미희네,도소매(의류),신평화패션타운,전통시장,서울특별시,,,
44c2a60c7fa6b8842f1a,full_annotation_v1,A,q_중식_09,중싣,음식점 중 '중식'을 판매·제공하는 매장,test,중식,T6 기계변형,14ac2107-374f-4105-84c6-a7f6ab7ae909,중앙횟집,한식,진주 청과시장,전통시장,경상남도,,,
cf349eb5f914d0d8dae3,full_annotation_v1,A,q_중식_09,중싣,음식점 중 '중식'을 판매·제공하는 매장,test,중식,T6 기계변형,5bc575be-dd23-41fd-ad63-c248856fbbe9,골드,가방 등,아리랑거리,전통시장,부산광역시,,,
8a8fd845890d2351e553,full_annotation_v1,A,q_중식_09,중싣,음식점 중 '중식'을 판매·제공하는 매장,test,중식,T6 기계변형,96d5aef1-99a7-46a8-a6a1-aa247dce2b4f,경흥고무상회,신발,영주소백쇼핑몰,전통시장,경상북도,,,
f4392a52a8130bdb1558,full_annotation_v1,A,q_중식_09,중싣,음식점 중 '중식'을 판매·제공하는 매장,test,중식,T6 기계변형,0238f2dd-085f-48bf-a543-5d59d8b2f10f,기통치킨탕수육호프,치킨탕수육,성안길상점가,자율상권구역,충청북도,,,
25d6e80be81e64ab1e80,full_annotation_v1,A,q_중식_09,중싣,음식점 중 '중식'을 판매·제공하는 매장,test,중식,T6 기계변형,97caea3b-dacc-489c-a255-c4a75a7b6503,예산상회,냉동.신선수산,의정부시장,전통시장,경기도,,,
4e3dc17a319c42ff2cbe,full_annotation_v1,A,q_중식_09,중싣,음식점 중 '중식'을 판매·제공하는 매장,test,중식,T6 기계변형,00c95d45-2ff3-4066-a179-c026f0528d0c,명장,중식,옥과설산골목형상점가,골목형상점가,전라남도,,,
82f76049f20718af357c,full_annotation_v1,A,q_중식_09,중싣,음식점 중 '중식'을 판매·제공하는 매장,test,중식,T6 기계변형,f29e2409-5690-451b-93f7-490b00b5464d,중앙초장,초장,감전시장,전통시장,부산광역시,,,
d63757275befa4752233,full_annotation_v1,A,q_중식_09,중싣,음식점 중 '중식'을 판매·제공하는 매장,test,중식,T6 기계변형,9418d35f-a26d-4260-ade6-aab90656e88f,홍용각,중식,두암사거리 골목형상점가,골목형상점가,광주광역시,,,
65e7e89423c234f0b95b,full_annotation_v1,A,q_중식_09,중싣,음식점 중 '중식'을 판매·제공하는 매장,test,중식,T6 기계변형,116365cb-ffed-43e1-9971-6df263d877cc,짜짜루,중국집,하동공설시장,전통시장,경상남도,,,
40d1dabf4ff7e5c47f39,full_annotation_v1,A,q_중식_09,중싣,음식점 중 '중식'을 판매·제공하는 매장,test,중식,T6 기계변형,799f300f-b68c-4aa8-a181-1d6bd02a117b,중화복춘,중식,여수진남상가,자율상권구역,전라남도,,,
027181f580f8a2eea172,full_annotation_v1,A,q_중식_09,중싣,음식점 중 '중식'을 판매·제공하는 매장,test,중식,T6 기계변형,6d57a898-2cd1-4372-8477-cd8d1d775aa6,올도,중식,구성언남 골목형상점가,골목형상점가,경기도,,,
ae85c50061663924c53e,full_annotation_v1,A,q_중식_09,중싣,음식점 중 '중식'을 판매·제공하는 매장,test,중식,T6 기계변형,000ad086-7f53-4aa5-b6df-3e57737371e3,짬뽕이 땡기는가,짬뽕,서천시장거리 골목형상점가,골목형상점가,충청남도,,,
442d856782a71ce6182b,full_annotation_v1,A,q_중식_09,중싣,음식점 중 '중식'을 판매·제공하는 매장,test,중식,T6 기계변형,9b205f11-b0df-4772-82b7-ba642d138d6f,역전 할머니 맥주 천상점,음싣,천상천 골목형상점가,골목형상점가,울산광역시,,,
c9715e5b2e8b4cdb13d4,full_annotation_v1,A,q_중식_09,중싣,음식점 중 '중식'을 판매·제공하는 매장,test,중식,T6 기계변형,11f106c6-21aa-44b5-9a89-e53c2dfb2ba6,진차이,"탕수육, 짬뽕, 짜장",목대온기 골목형상점가,골목형상점가,대전광역시,,,
dcdb97128d3b4169a2ee,full_annotation_v1,A,q_중식_09,중싣,음식점 중 '중식'을 판매·제공하는 매장,test,중식,T6 기계변형,eccbcd2f-3650-440a-840a-856df27555a4,덕취원,중식,"임계사통팔달시장(임계시장, 송계5일장)",전통시장,강원특별자치도,,,
b77f923df20058bd53f1,full_annotation_v1,A,q_중식_09,중싣,음식점 중 '중식'을 판매·제공하는 매장,test,중식,T6 기계변형,54fa9e28-5af3-4fac-bd3e-ee82bdfce0c2,회풍루,중식,충주자유시장,전통시장,충청북도,,,
37a13e25897b55876c9f,full_annotation_v1,A,q_중식_09,중싣,음식점 중 '중식'을 판매·제공하는 매장,test,중식,T6 기계변형,0a230bc3-6a24-48f7-b574-69d45d24f49b,시골향숙식,수육,오산오색시장(구 오산중앙시장),전통시장,경기도,,,
517f84d007a1f320faa8,full_annotation_v1,A,q_중식_09,중싣,음식점 중 '중식'을 판매·제공하는 매장,test,중식,T6 기계변형,86d88308-344a-4446-b0ae-6053f58dd432,성포중국집,,거제 성포 골목형상점가,골목형상점가,경상남도,,,
c8838e758ceff209ca35,full_annotation_v1,A,q_중식_09,중싣,음식점 중 '중식'을 판매·제공하는 매장,test,중식,T6 기계변형,0117062e-156e-475e-bd98-93585f54e25e,몽짬뽕원주직영점,,혁신도시3구역 골목형상점가,골목형상점가,강원특별자치도,,,
7e0bbb7b30cbfabe4003,full_annotation_v1,A,q_중식_09,중싣,음식점 중 '중식'을 판매·제공하는 매장,test,중식,T6 기계변형,ddd95d5e-095a-44f8-96d6-fc76ff92c8cd,그때그집,한싣,양산상생하는하서로 골목형상점가,골목형상점가,광주광역시,,,
707a4f1077741d7c7259,full_annotation_v1,A,q_중식_09,중싣,음식점 중 '중식'을 판매·제공하는 매장,test,중식,T6 기계변형,4035a3ae-932b-4121-a2c8-1d8a814d9550,홍첸루,중식,도군머리 골목형상점가,골목형상점가,광주광역시,,,
bbdc072366c4545392b3,full_annotation_v1,A,q_중식_09,중싣,음식점 중 '중식'을 판매·제공하는 매장,test,중식,T6 기계변형,2d4f8eec-27f1-42ca-8756-5e14ccf792a8,쌍흥루,중식,김천 삼색이수상권,상권활성화구역,경상북도,,,
75cbde2224189e85eb57,full_annotation_v1,A,q_중식_09,중싣,음식점 중 '중식'을 판매·제공하는 매장,test,중식,T6 기계변형,5fa3d99d-8481-497a-9a8c-d08f07b55313,중래향,중식,안양중앙인정시장,전통시장,경기도,,,
f909d3e3326fea838d4c,full_annotation_v1,A,q_중식_09,중싣,음식점 중 '중식'을 판매·제공하는 매장,test,중식,T6 기계변형,40d20d7e-9254-4c3a-add4-45dc25a361bc,북악루,중식,배밭골골목형상점가,골목형상점가,서울특별시,,,
2ccda3108583c054eb7f,full_annotation_v1,A,q_중식_09,중싣,음식점 중 '중식'을 판매·제공하는 매장,test,중식,T6 기계변형,1701bde6-c9b8-4a3a-a382-5f9c32d33742,주드빈티지,여성의류,아리랑거리,전통시장,부산광역시,,,
59632fead784776f3858,full_annotation_v1,A,q_중식_09,중싣,음식점 중 '중식'을 판매·제공하는 매장,test,중식,T6 기계변형,19c43376-7f6a-493d-a37c-806877ef9e4c,중앙다먁국,약,광탄전통시장,전통시장,경기도,,,
325c7153c4f1c91921d8,full_annotation_v1,A,q_중식_09,중싣,음식점 중 '중식'을 판매·제공하는 매장,test,중식,T6 기계변형,8bbc2170-2111-409e-b72b-25b3ae323852,중청루,,송도 아트포레 판매시설 골목형상점가,골목형상점가,인천광역시,,,
a79d29d68d0ba66dea5e,full_annotation_v1,A,q_중식_09,중싣,음식점 중 '중식'을 판매·제공하는 매장,test,중식,T6 기계변형,0de1bc3f-ef27-4c0c-aaf7-a28d659beba0,일품,요리,성내전통시장,전통시장,서울특별시,,,
6bc353fa012afae10c23,full_annotation_v1,A,q_중식_09,중싣,음식점 중 '중식'을 판매·제공하는 매장,test,중식,T6 기계변형,1f1fcc3c-a70d-4a0c-ac05-c90876fc02aa,류웬,중식,지족북로 골목형상점가,골목형상점가,대전광역시,,,
7068e2a51557c7e5ff2f,full_annotation_v1,A,q_중식_09,중싣,음식점 중 '중식'을 판매·제공하는 매장,test,중식,T6 기계변형,0e4e66f8-1ca1-44e9-a706-8580f3b4adec,중앙민물,,언양알프스시장,전통시장,울산광역시,,,
30857a547578e731d3ad,full_annotation_v1,A,q_중식_09,중싣,음식점 중 '중식'을 판매·제공하는 매장,test,중식,T6 기계변형,daaa54c5-6fa0-4865-a33d-67a7ccf8abb5,중경삼림,한식,북촌계동길골목형상점가,골목형상점가,서울특별시,,,
5d12a81e55fc37420363,full_annotation_v1,A,q_중식_09,중싣,음식점 중 '중식'을 판매·제공하는 매장,test,중식,T6 기계변형,183c55f6-2497-47ad-bbe6-d511521a1c03,취산,중식,고촌역 골목형상점가,골목형상점가,경기도,,,
423731107ba1c2b1ee20,full_annotation_v1,A,q_중식_09,중싣,음식점 중 '중식'을 판매·제공하는 매장,test,중식,T6 기계변형,5abd2cc6-ab5d-4787-84fa-12ddb2fe95d5,예가,한싣,화정한울타리상인회 골목형상점가,골목형상점가,광주광역시,,,
7a6a790566ffc080d83b,full_annotation_v1,A,q_중식_09,중싣,음식점 중 '중식'을 판매·제공하는 매장,test,중식,T6 기계변형,6285c523-4593-4598-ba30-3697a98c25c5,모던PC방,인터넷PC방,평촌1번가 상점가,자율상권구역,경기도,,,
50fd6e019a865d95bd74,full_annotation_v1,A,q_중식_09,중싣,음식점 중 '중식'을 판매·제공하는 매장,test,중식,T6 기계변형,84407aed-aacc-43b9-804f-4affd9f217d6,중화분식,중식,화성행궁골목형상점가,골목형상점가,경기도,,,
a474a1ae580cceb27752,full_annotation_v1,A,q_중식_09,중싣,음식점 중 '중식'을 판매·제공하는 매장,test,중식,T6 기계변형,4afbe5a3-dba9-4789-b133-260dc1d351ca,더춘장,중식,안양1번가 상점가,자율상권구역,경기도,,,
2475bbbfca7fb647277a,full_annotation_v1,A,q_중식_09,중싣,음식점 중 '중식'을 판매·제공하는 매장,test,중식,T6 기계변형,0f72df60-4299-4a8e-89c2-75e4492a3cff,와와펫,소매업(의류),공릉동도깨비시장,전통시장,서울특별시,,,
8325cbf038907fd0674b,full_annotation_v1,A,q_중식_09,중싣,음식점 중 '중식'을 판매·제공하는 매장,test,중식,T6 기계변형,0e50dcc7-9c2b-441d-b386-a4a4ddb0f875,대동식당,"족발, 수육",칠성종합 상권활성화구역,상권활성화구역,대구광역시,,,
2c4cb9c5e6b64703e750,full_annotation_v1,A,q_중식_09,중싣,음식점 중 '중식'을 판매·제공하는 매장,test,중식,T6 기계변형,291ab45c-d13d-42d6-b893-ded930bb8890,율짬뽕,중국집,동쪽바다중앙시장(구 동해중앙시장),전통시장,강원특별자치도,,,
3a8af7bc13889ad91ed0,full_annotation_v1,A,q_중식_09,중싣,음식점 중 '중식'을 판매·제공하는 매장,test,중식,T6 기계변형,0193214f-e716-440d-afbe-a93f1d75a078,1키로 탕수육 산본점,탕수육,산본사거리 골목형상점가,골목형상점가,경기도,,,
d5a646b3282e800ba216,full_annotation_v1,A,q_중식_09,중싣,음식점 중 '중식'을 판매·제공하는 매장,test,중식,T6 기계변형,06834ba2-563f-4b9c-a452-d9fa21678afd,계화중식,중화요리,도화동상점가,자율상권구역,서울특별시,,,
0614c0cb2755ef4eb1ae,full_annotation_v1,A,q_중식_09,중싣,음식점 중 '중식'을 판매·제공하는 매장,test,중식,T6 기계변형,8f4cfbae-c2fd-433a-966c-c1f220fe526f,수림관,중국집,당감시장,전통시장,부산광역시,,,
0722784c43482e6a0fd5,full_annotation_v1,A,q_중식_09,중싣,음식점 중 '중식'을 판매·제공하는 매장,test,중식,T6 기계변형,168ae6e6-6eae-4145-b7ab-a6244ecb1986,비젼에스테틱,피부관리,보정중심 골목형상점가,골목형상점가,경기도,,,
5545a9d3a98126810d94,full_annotation_v1,A,q_중식_09,중싣,음식점 중 '중식'을 판매·제공하는 매장,test,중식,T6 기계변형,c3956e90-4857-4a68-ac18-6414206e68bf,몽림,중식,유천택지올림픽길골목형상점가,골목형상점가,강원특별자치도,,,
65b6bd62ef238489d131,full_annotation_v1,A,q_중식_09,중싣,음식점 중 '중식'을 판매·제공하는 매장,test,중식,T6 기계변형,000e6461-698b-42f6-842b-cf95393fee89,탕화쿵푸마라탕 전대점,중식,중흥청춘로 골목형상점가,골목형상점가,광주광역시,,,
0f8bd02e5853e886ea8a,full_annotation_v1,A,q_중식_09,중싣,음식점 중 '중식'을 판매·제공하는 매장,test,중식,T6 기계변형,004af3ce-488b-4a6f-a066-862e26430938,호재짬뽕,,게내공원길 골목형상점가,골목형상점가,서울특별시,,,
7ff5058bb52f5025f834,full_annotation_v1,A,q_철물_01,철물,생활·마트 중 '철물'을 판매·제공하는 매장,train,철물,T1 정확표기,03b11cc8-b23f-4c62-9fdc-e3fb35350194,경북철물상회,철물,상주남성시장,전통시장,경상북도,,,
a7dd76e26a94e276cc79,full_annotation_v1,A,q_철물_01,철물,생활·마트 중 '철물'을 판매·제공하는 매장,train,철물,T1 정확표기,a360f1f0-6bf6-43d3-aae4-01df7754cd59,양지철물,철물,전곡첫머리거리 골목형상점가,골목형상점가,경기도,,,
7748bf965883ab67987d,full_annotation_v1,A,q_철물_01,철물,생활·마트 중 '철물'을 판매·제공하는 매장,train,철물,T1 정확표기,0b14b699-b1bb-488d-abd7-379638a41d01,ABC케미칼,페인트,인천산업유통센터,전통시장,인천광역시,,,
35bab276f67cee34d782,full_annotation_v1,A,q_철물_01,철물,생활·마트 중 '철물'을 판매·제공하는 매장,train,철물,T1 정확표기,ef63a01b-3628-46c1-8a98-6d701c5ecb18,신신철물,철물,산정상인회 골목형상점가,골목형상점가,광주광역시,,,
03717409c758e85b01ec,full_annotation_v1,A,q_철물_01,철물,생활·마트 중 '철물'을 판매·제공하는 매장,train,철물,T1 정확표기,0f3e0984-6986-4589-8aa2-774363733600,생초종합인테리어,인테리어,못골골목시장,전통시장,부산광역시,,,
8c223247ffc58bfca274,full_annotation_v1,A,q_철물_01,철물,생활·마트 중 '철물'을 판매·제공하는 매장,train,철물,T1 정확표기,addb384b-54a8-4cec-9202-2e2211e36c9a,만물상회,철물,밀양 송지시장,전통시장,경상남도,,,
e00923b2b5bd1a745f72,full_annotation_v1,A,q_철물_01,철물,생활·마트 중 '철물'을 판매·제공하는 매장,train,철물,T1 정확표기,9145dfc4-24bc-4054-b485-b0ff96ec682a,정릉철물,철물,정릉시장,전통시장,서울특별시,,,
33c5a9ee7f7ee79015d9,full_annotation_v1,A,q_철물_01,철물,생활·마트 중 '철물'을 판매·제공하는 매장,train,철물,T1 정확표기,16790fd0-c46b-4a56-9295-852039a19525,중앙철물,철물,신평시장,전통시장,충청남도,,,
7a2c8e4025e36f8e22da,full_annotation_v1,A,q_철물_01,철물,생활·마트 중 '철물'을 판매·제공하는 매장,train,철물,T1 정확표기,82d85f66-a494-4ff0-aaf7-d2fac7462384,화산열쇠,철물,근영누리 골목형상점가,골목형상점가,전북특별자치도,,,
2272efbee79124db0609,full_annotation_v1,A,q_철물_01,철물,생활·마트 중 '철물'을 판매·제공하는 매장,train,철물,T1 정확표기,01945ad9-1cfb-471d-8f25-2d6d23ff6c5b,서해건재,철물 건축자재,청학동골목형상점가,골목형상점가,인천광역시,,,
73e9ac7c8febd8bb2552,full_annotation_v1,A,q_철물_01,철물,생활·마트 중 '철물'을 판매·제공하는 매장,train,철물,T1 정확표기,e2f77ad5-6530-4156-83fc-8f6dfff5c38c,현대철물,철물,세은 골목형상점가,골목형상점가,광주광역시,,,
4c4522ccfce24fca9d4c,full_annotation_v1,A,q_철물_01,철물,생활·마트 중 '철물'을 판매·제공하는 매장,train,철물,T1 정확표기,91cb39a6-fdcb-4f5a-a76e-223e63181113,돼궁(돼통령과궁물총리),,수완머그로 골목형상점가,골목형상점가,,,,
9d15648dae8f806cfd09,full_annotation_v1,A,q_철물_01,철물,생활·마트 중 '철물'을 판매·제공하는 매장,train,철물,T1 정확표기,ef0593dc-096c-491d-ad60-1c6e44b556be,영동철물,철물,속초중앙전통시장,전통시장,강원특별자치도,,,
0afd64dac0fd9966da33,full_annotation_v1,A,q_철물_01,철물,생활·마트 중 '철물'을 판매·제공하는 매장,train,철물,T1 정확표기,717993ef-6039-4230-a0c6-618bbedf0153,대풍산업상사,철물,봉천달빛길골목형상점가,골목형상점가,서울특별시,,,
7d56f969607a789f15c5,full_annotation_v1,A,q_철물_01,철물,생활·마트 중 '철물'을 판매·제공하는 매장,train,철물,T1 정확표기,4df4bf7a-495a-472c-ad5d-80a5eab6dcc8,더닝하우스,"고기, 빵류",수완머그로 골목형상점가,골목형상점가,광주광역시,,,
1aa51156d10086dbdda6,full_annotation_v1,A,q_철물_01,철물,생활·마트 중 '철물'을 판매·제공하는 매장,train,철물,T1 정확표기,d743b595-7089-4189-9e97-65bf4cf125e8,총각네,,잠실 장미종합상가 골목형상점가,골목형상점가,서울특별시,,,
ef462efb4f310f17c66d,full_annotation_v1,A,q_철물_01,철물,생활·마트 중 '철물'을 판매·제공하는 매장,train,철물,T1 정확표기,8dbd138f-2ca1-4bb5-b419-19c0fef31412,동아철물,철물,중앙신시장,전통시장,경상북도,,,
d9e7f52f7e759e7eda0a,full_annotation_v1,A,q_철물_01,철물,생활·마트 중 '철물'을 판매·제공하는 매장,train,철물,T1 정확표기,d790497a-c81c-485b-9e97-04eb37fdbcb3,신포철물,철물,신포시장,전통시장,인천광역시,,,
4da8861234b17ef3c262,full_annotation_v1,A,q_철물_01,철물,생활·마트 중 '철물'을 판매·제공하는 매장,train,철물,T1 정확표기,0a46ba75-4fae-4472-a829-c67c26331da5,효성상사,공구,북성로상점가,자율상권구역,대구광역시,,,
03dd2c3ef80b90bc1067,full_annotation_v1,A,q_철물_01,철물,생활·마트 중 '철물'을 판매·제공하는 매장,train,철물,T1 정확표기,65f7ea07-17b6-4bd5-a877-c7768eb2a5e4,대원상회,철물,전주남부시장,전통시장,전북특별자치도,,,
af093d7438dd555f83af,full_annotation_v1,A,q_철물_01,철물,생활·마트 중 '철물'을 판매·제공하는 매장,train,철물,T1 정확표기,6d88cbd2-fe80-4652-856c-123e8cb3afbe,금성철물설비,철물,목도시장,전통시장,충청북도,,,
76d446c8e84555967825,full_annotation_v1,A,q_철물_01,철물,생활·마트 중 '철물'을 판매·제공하는 매장,train,철물,T1 정확표기,0515add4-c5d4-4caf-8acf-d78670f00731,삼화상회,철물,밀양 내일전통시장,전통시장,경상남도,,,
85be5608d87d33981118,full_annotation_v1,A,q_철물_01,철물,생활·마트 중 '철물'을 판매·제공하는 매장,train,철물,T1 정확표기,8f531497-ae0c-414a-b911-25d2ad799366,대한철물,철물,상주풍물시장,전통시장,경상북도,,,
e2957f55f2baabac3434,full_annotation_v1,A,q_철물_01,철물,생활·마트 중 '철물'을 판매·제공하는 매장,train,철물,T1 정확표기,5508725a-a127-4612-97e1-d2d5ca2671c2,토광철물,철물,부안상설시장,전통시장,전북특별자치도,,,
7d5999833b39e09e4d49,full_annotation_v1,A,q_철물_01,철물,생활·마트 중 '철물'을 판매·제공하는 매장,train,철물,T1 정확표기,f5b2aeb7-3480-4d6a-b507-5509fbac0459,부천상회,철물,광천문화시장,전통시장,충청남도,,,
ce26c1cb7ac6758fd150,full_annotation_v1,A,q_철물_01,철물,생활·마트 중 '철물'을 판매·제공하는 매장,train,철물,T1 정확표기,5fdfb5b1-1324-45ea-9f3f-c9bd27b3ca10,중앙철물,철물,용문천년시장,전통시장,경기도,,,
8045d128d913c9354a4d,full_annotation_v1,A,q_철물_01,철물,생활·마트 중 '철물'을 판매·제공하는 매장,train,철물,T1 정확표기,af2293c2-6ee4-4238-98ae-cd670f2333d4,담양쌀상회,곡물,대인시장,전통시장,,,,
5ee1e85b712214436843,full_annotation_v1,A,q_철물_01,철물,생활·마트 중 '철물'을 판매·제공하는 매장,train,철물,T1 정확표기,9423edd5-84fd-4186-9158-03a8232f7ebc,대성철물,철물,남구로시장,전통시장,서울특별시,,,
1db2db49171086cae7b0,full_annotation_v1,A,q_철물_01,철물,생활·마트 중 '철물'을 판매·제공하는 매장,train,철물,T1 정확표기,64d2aaa7-65f6-4230-9029-10c4731da9cb,육일철물점,철물,고산구시장 상점가,자율상권구역,전북특별자치도,,,
d1a92c4b14167b3179ea,full_annotation_v1,A,q_철물_01,철물,생활·마트 중 '철물'을 판매·제공하는 매장,train,철물,T1 정확표기,5e1dc6eb-df04-499e-99e2-f6b3fd267072,지곡철물,철물,서산동부전통시장,전통시장,충청남도,,,
caab62ded4eab43f5d63,full_annotation_v1,A,q_철물_01,철물,생활·마트 중 '철물'을 판매·제공하는 매장,train,철물,T1 정확표기,39984fab-cc92-48ef-8291-31f885011085,"황금열쇠, 철물",철물,화정로상가상인회 골목형상점가,골목형상점가,광주광역시,,,
b1901a67a80a219b59bd,full_annotation_v1,A,q_철물_01,철물,생활·마트 중 '철물'을 판매·제공하는 매장,train,철물,T1 정확표기,064333ec-6fb6-4818-96ca-b519413a5547,㈜현대인테리어필름,건축자재,건축자재특화의거리,자율상권구역,광주광역시,,,
1ccd2c5344c31e78a923,full_annotation_v1,A,q_철물_01,철물,생활·마트 중 '철물'을 판매·제공하는 매장,train,철물,T1 정확표기,2f6cc599-4141-4940-8ab2-50cbe3838984,만물철물,철물,거제시장,전통시장,부산광역시,,,
71d7036ebd01f0132cd1,full_annotation_v1,A,q_철물_01,철물,생활·마트 중 '철물'을 판매·제공하는 매장,train,철물,T1 정확표기,76787712-720a-4a6d-9a1f-e12b7f542727,지스타일,의류,마산 창동통합상가,자율상권구역,경상남도,,,
a2b6d3f677e0e271c86f,full_annotation_v1,A,q_철물_01,철물,생활·마트 중 '철물'을 판매·제공하는 매장,train,철물,T1 정확표기,c9b89e70-4acd-4dd4-9979-232c4ce39174,형제철물공구,철물,조치원 전통길 골목형상점가,골목형상점가,세종특별자치시,,,
e985e5990fa4e9128aef,full_annotation_v1,A,q_철물_01,철물,생활·마트 중 '철물'을 판매·제공하는 매장,train,철물,T1 정확표기,ad634b0b-6139-4e6d-876b-e00384f94445,유림철물,철물,산본전통시장(구 군포산본시장),전통시장,경기도,,,
2fdaf798af96d727ad17,full_annotation_v1,A,q_철물_01,철물,생활·마트 중 '철물'을 판매·제공하는 매장,train,철물,T1 정확표기,717c3165-bf36-45c3-9ac4-9f4e676ec20a,광명철물,철물,신창 골목형상점가,골목형상점가,광주광역시,,,
b5bbbc398cacb4f09c39,full_annotation_v1,A,q_철물_01,철물,생활·마트 중 '철물'을 판매·제공하는 매장,train,철물,T1 정확표기,8d626f71-a5ee-4568-a9f6-bd9002a70f98,아리따움포항창포점,화장품,두호1시장,전통시장,경상북도,,,
f3d2bf176e13b90dcb8a,full_annotation_v1,A,q_철물_01,철물,생활·마트 중 '철물'을 판매·제공하는 매장,train,철물,T1 정확표기,47a27b7a-0b5e-4391-b899-4ef0fc5e4ca2,동명철물,철물,칠성본시장,전통시장,대구광역시,,,
e009a866847eb475a928,full_annotation_v1,A,q_철물_01,철물,생활·마트 중 '철물'을 판매·제공하는 매장,train,철물,T1 정확표기,22496f2e-8e3d-46b1-833a-6609e59ff28d,현리종합철물,철물,조종시장,전통시장,경기도,,,
8eeb5a0d87cf3d600252,full_annotation_v1,A,q_철물_01,철물,생활·마트 중 '철물'을 판매·제공하는 매장,train,철물,T1 정확표기,461f5fb5-423c-40f5-82aa-92ba3080cbde,노스페이스화이트라벨여수점,,여수진남상가,자율상권구역,전라남도,,,
6efb4e8588acdee6309b,full_annotation_v1,A,q_철물_01,철물,생활·마트 중 '철물'을 판매·제공하는 매장,train,철물,T1 정확표기,0bd28800-62b5-493e-bcb6-764857407f23,화이트메종,인테리어,은구비서로사회적협동조합 골목형상점가,골목형상점가,대전광역시,,,
45b4428fd80c39879f0a,full_annotation_v1,A,q_철물_01,철물,생활·마트 중 '철물'을 판매·제공하는 매장,train,철물,T1 정확표기,d70f84f1-90bb-40ae-9e35-47bf0d416e9f,다래철물,철물,태화시장,전통시장,울산광역시,,,
641346c02a0bcaedc76f,full_annotation_v1,A,q_철물_01,철물,생활·마트 중 '철물'을 판매·제공하는 매장,train,철물,T1 정확표기,0fc91673-8155-4c73-b8b7-7b5b09f61cc8,노루표페인트,페인트,충주자유시장,전통시장,충청북도,,,
9796a85a1cfb66c565c6,full_annotation_v1,A,q_철물_01,철물,생활·마트 중 '철물'을 판매·제공하는 매장,train,철물,T1 정확표기,0cb3602a-2dfc-4709-a660-fccabd8fa539,동민건축,인테리어,동먹골상가 골목형상점가,골목형상점가,대구광역시,,,
22c30328000e21ec49d3,full_annotation_v1,A,q_철물_01,철물,생활·마트 중 '철물'을 판매·제공하는 매장,train,철물,T1 정확표기,0021ea65-4c59-4aa0-8d1c-95fe7b6686d0,공간인테리어,경미한공사(인테리어),여의동 골목형상점가,골목형상점가,전북특별자치도,,,
9831f420fed195c6bff2,full_annotation_v1,A,q_철물_01,철물,생활·마트 중 '철물'을 판매·제공하는 매장,train,철물,T1 정확표기,a665f757-c8b3-48f1-84cc-3ed31b398a3f,태평철물,철물,중앙메가프라자,전통시장,대전광역시,,,
73d6b40cb6776b3d0a39,full_annotation_v1,A,q_철물_01,철물,생활·마트 중 '철물'을 판매·제공하는 매장,train,철물,T1 정확표기,31a152f7-85e0-410d-81ae-fda131a961b2,풍년철물,철물,거창 전통시장,전통시장,경상남도,,,
03234804f2972f763e02,full_annotation_v1,A,q_철물_01,철물,생활·마트 중 '철물'을 판매·제공하는 매장,train,철물,T1 정확표기,5592be2b-1ca4-4f80-b887-e02d535e7d19,한국철물,철물,아랫장,전통시장,전라남도,,,
8c96a8da793be60216ad,full_annotation_v1,A,q_철물_01,철물,생활·마트 중 '철물'을 판매·제공하는 매장,train,철물,T1 정확표기,aa74d0dd-468c-4d49-b810-28851ffe7593,김해철물,철물,선우시장,전통시장,울산광역시,,,
101b087bbdcca78b6438,full_annotation_v1,A,q_철물_01,철물,생활·마트 중 '철물'을 판매·제공하는 매장,train,철물,T1 정확표기,cdce02fc-6e2b-463d-b7cd-18577be43a46,광주철물,철물,양동산업용품시장,전통시장,광주광역시,,,
e68dbc45afd24a0e0a0e,full_annotation_v1,A,q_철물_01,철물,생활·마트 중 '철물'을 판매·제공하는 매장,train,철물,T1 정확표기,c1a59f40-704d-4bf5-959b-1a1c541c9816,신흥상회,철물,연미새시장,전통시장,부산광역시,,,
5dcff5d6066c72590eb1,full_annotation_v1,A,q_철물_01,철물,생활·마트 중 '철물'을 판매·제공하는 매장,train,철물,T1 정확표기,b76147e4-23d4-4bb5-9cf6-115c03f0e271,평화철물,철물,김천평화시장,전통시장,경상북도,,,
4334a8a12c18bd0b1669,full_annotation_v1,A,q_철물_01,철물,생활·마트 중 '철물'을 판매·제공하는 매장,train,철물,T1 정확표기,2bd1977a-d805-4c7a-a5e7-acabcd366a90,만물상회,철물,안양남부시장,전통시장,경기도,,,
200022b7b5c47f2c0e31,full_annotation_v1,A,q_철물_01,철물,생활·마트 중 '철물'을 판매·제공하는 매장,train,철물,T1 정확표기,38d83a15-bf84-4cba-a8da-ac142ffcbaec,완도상회,철물,양동산업용품시장,전통시장,광주광역시,,,
b5dee7833588d1ce8f52,full_annotation_v1,A,q_철물_01,철물,생활·마트 중 '철물'을 판매·제공하는 매장,train,철물,T1 정확표기,cb8960f2-0318-4205-9aa2-65efc0236958,공설철물,철물,남원공설시장,전통시장,전북특별자치도,,,
49bfd14227b55f65d0b3,full_annotation_v1,A,q_철물_01,철물,생활·마트 중 '철물'을 판매·제공하는 매장,train,철물,T1 정확표기,17dbb5f4-2905-40ee-88ee-f04b05238814,평화철물,철물,통영 서호전통시장,전통시장,경상남도,,,
6c66556ea130987ca927,full_annotation_v1,A,q_철물_01,철물,생활·마트 중 '철물'을 판매·제공하는 매장,train,철물,T1 정확표기,79778c6d-4228-4cef-afb2-a2cc429d5f5f,북신철물마트,철물,통영 북신전통시장,전통시장,경상남도,,,
c5db06c34700c9940ded,full_annotation_v1,A,q_철물_01,철물,생활·마트 중 '철물'을 판매·제공하는 매장,train,철물,T1 정확표기,677bb35d-1501-4cc5-ae68-0b40a9c09f33,은성사,철물,전주신중앙시장(구 중앙버드나무시장),전통시장,전북특별자치도,,,
71001f6635ab6644af86,full_annotation_v1,A,q_철물_01,철물,생활·마트 중 '철물'을 판매·제공하는 매장,train,철물,T1 정확표기,74225462-0c16-41dd-a0b1-d1bd5df575c8,금강철물,철물,임동 골목형상점가,골목형상점가,광주광역시,,,
f98fbc033d8f73596c7a,full_annotation_v1,A,q_철물_01,철물,생활·마트 중 '철물'을 판매·제공하는 매장,train,철물,T1 정확표기,b24fbcb4-32ec-43dd-bb63-1f64353a641c,미림철물,철물,오치1동 골목형상점가,골목형상점가,광주광역시,,,
676d42d61e334c521366,full_annotation_v1,A,q_철물_01,철물,생활·마트 중 '철물'을 판매·제공하는 매장,train,철물,T1 정확표기,00bfa2e9-dca4-4800-b2ca-9d160826e04b,현대철물,철물,청운시장골목형상점가,골목형상점가,경기도,,,
be325e3534852ddcd677,full_annotation_v1,A,q_철물_01,철물,생활·마트 중 '철물'을 판매·제공하는 매장,train,철물,T1 정확표기,bcc6e2f8-3cce-4e5a-b9c6-a5b17cbde502,대성철물,철물,신녕공설시장,전통시장,경상북도,,,
13d28d7ab632870dd6ca,full_annotation_v1,A,q_철물_01,철물,생활·마트 중 '철물'을 판매·제공하는 매장,train,철물,T1 정확표기,db7dabc1-525d-40fe-9f5f-9d51b6477e54,진성철물,철물,익산구시장,전통시장,전북특별자치도,,,
7c176d897df84e27ae21,full_annotation_v1,A,q_철물_01,철물,생활·마트 중 '철물'을 판매·제공하는 매장,train,철물,T1 정확표기,febe2ff2-657d-4867-aedb-8fdf7984215d,동서철물,철물,댕리단길 골목형상점가,골목형상점가,경기도,,,
607154b6b5f5d3a423fd,full_annotation_v1,A,q_철물_01,철물,생활·마트 중 '철물'을 판매·제공하는 매장,train,철물,T1 정확표기,398fa280-58c9-46a7-8fcd-0a5469245c5e,대영철물,철물,조암시장,전통시장,경기도,,,
a9aa68061d97f2d628a4,full_annotation_v1,A,q_철물_01,철물,생활·마트 중 '철물'을 판매·제공하는 매장,train,철물,T1 정확표기,75be4e62-5031-4b0b-a2c0-6fa1ca5701c5,한국상사,철물,영등포(시장)기계공구상가,자율상권구역,서울특별시,,,
dd34cb7da824f7cc8d97,full_annotation_v1,A,q_철물_01,철물,생활·마트 중 '철물'을 판매·제공하는 매장,train,철물,T1 정확표기,d8f1f18a-11bd-4d20-a625-877249773a28,삼일상회,철물,울진후포시장,전통시장,경상북도,,,
d66aaf678f50b2c952dd,full_annotation_v1,A,q_철물_01,철물,생활·마트 중 '철물'을 판매·제공하는 매장,train,철물,T1 정확표기,903d08ee-f605-4be5-91e9-04866965f03a,어트(AUT.),음료,수완머그로 골목형상점가,골목형상점가,광주광역시,,,
a93bfb339cd2610b84d3,full_annotation_v1,A,q_철물_01,철물,생활·마트 중 '철물'을 판매·제공하는 매장,train,철물,T1 정확표기,fffbde75-e4d1-4738-b81d-b759e00d5431,경남상회,철물,구천동공구시장,전통시장,경기도,,,
705f230863ea97a662bc,full_annotation_v1,A,q_철물_01,철물,생활·마트 중 '철물'을 판매·제공하는 매장,train,철물,T1 정확표기,023caaa3-b584-448b-a7b5-d20d8bc86c72,시화리데나,공구,시화유통상가,전통시장,경기도,,,
e6293cf708342eb7935b,full_annotation_v1,A,q_철물_01,철물,생활·마트 중 '철물'을 판매·제공하는 매장,train,철물,T1 정확표기,da8a2519-1ade-41e1-aea8-5afdcdc3c26f,성광철물,철물,산업용재관,전통시장,대구광역시,,,
305033ca591a81d676d2,full_annotation_v1,A,q_철물_01,철물,생활·마트 중 '철물'을 판매·제공하는 매장,train,철물,T1 정확표기,118f3ee0-de19-4001-a62c-ff72fbadf575,번영테크툴,공구,오정동상점가,자율상권구역,대전광역시,,,
afadc420365a0aa33d0b,full_annotation_v1,A,q_철물_01,철물,생활·마트 중 '철물'을 판매·제공하는 매장,train,철물,T1 정확표기,bf6c149f-a0e3-470d-a28d-c96c64110c16,계룡철물,철물,공산성골목형상점가,골목형상점가,충청남도,,,
c177f5d199a499f7f4d1,full_annotation_v1,A,q_철물_01,철물,생활·마트 중 '철물'을 판매·제공하는 매장,train,철물,T1 정확표기,08d279de-df58-4bbf-98b5-b53c1d84cb4b,헤스티아디자인,"가구, 인테리어",마산 북마산가구시장,전통시장,경상남도,,,
1b463cdbc6f9b488ff78,full_annotation_v1,A,q_철물_01,철물,생활·마트 중 '철물'을 판매·제공하는 매장,train,철물,T1 정확표기,fbc45e55-e476-45d2-bb16-b67721e342af,화정전기.철물,철물,화삼골상인회 골목형상점가,골목형상점가,광주광역시,,,
7943ec021daabc229126,full_annotation_v1,A,q_철물_01,철물,생활·마트 중 '철물'을 판매·제공하는 매장,train,철물,T1 정확표기,d9d9f79d-9f0d-48cf-9056-badf4b86d758,한국철물점,철물,화산면 골목형상점가,골목형상점가,전라남도,,,
02fd61ead0cd2bf21560,full_annotation_v1,A,q_철물_01,철물,생활·마트 중 '철물'을 판매·제공하는 매장,train,철물,T1 정확표기,770b6e5a-b3fd-4542-9317-140842f484a6,예스플리즈,카페,더센트럴 골목형상점가,골목형상점가,세종특별자치시,,,
144f8748fc432d40b92d,full_annotation_v1,A,q_철물_01,철물,생활·마트 중 '철물'을 판매·제공하는 매장,train,철물,T1 정확표기,0c3e2ec5-bf0e-42a6-922c-695b13f69c21,부흥기업,페인트,삼송상점가,자율상권구역,경기도,,,
3c727c1fb8535af52e51,full_annotation_v1,A,q_철물_01,철물,생활·마트 중 '철물'을 판매·제공하는 매장,train,철물,T1 정확표기,22d7a0d0-bece-4b1f-b006-b66c7c62dc90,상당철물,철물,내수전통시장,전통시장,충청북도,,,
6cff201f1347c976f83a,full_annotation_v1,A,q_철물_01,철물,생활·마트 중 '철물'을 판매·제공하는 매장,train,철물,T1 정확표기,10efb0a5-a6e7-4a49-9e51-b709c647e4c8,다래디자인,인테리어,서초쇼핑골목형상점가,골목형상점가,서울특별시,,,
46e251423c79e4e262ec,full_annotation_v1,A,q_철물_01,철물,생활·마트 중 '철물'을 판매·제공하는 매장,train,철물,T1 정확표기,c11732d2-109f-46d1-a054-a4644d4ef865,중앙철물,철물,음성시장,전통시장,충청북도,,,
d5e7a05759a9d9edc8f7,full_annotation_v1,A,q_철물_01,철물,생활·마트 중 '철물'을 판매·제공하는 매장,train,철물,T1 정확표기,0779c0d6-5a4a-48e0-89aa-eb3b7a2b7e6b,선경철물,철물,하안주공3단지 골목형상점가,골목형상점가,경기도,,,
9c6b43cc24fd089da010,full_annotation_v1,A,q_철물_01,철물,생활·마트 중 '철물'을 판매·제공하는 매장,train,철물,T1 정확표기,685a2e21-1fab-4332-9466-c264c4176e3b,예술철물,철물,두암3동 먹자골목 골목형상점가,골목형상점가,광주광역시,,,
d7191af33ced4e153c25,full_annotation_v1,A,q_철물_01,철물,생활·마트 중 '철물'을 판매·제공하는 매장,train,철물,T1 정확표기,22b3e5a5-a157-4a19-afb8-00a7abcff16b,대성철물,철물,웃장,전통시장,전라남도,,,
cad44480727408534b0f,full_annotation_v1,A,q_철물_01,철물,생활·마트 중 '철물'을 판매·제공하는 매장,train,철물,T1 정확표기,360d10ed-bfd2-4aed-880c-8827cea468e5,우리디자인기획,간판 광고,신안미래로 골목형상점가,골목형상점가,광주광역시,,,
05c0d43ca283f38d83fa,full_annotation_v1,A,q_철물_01,철물,생활·마트 중 '철물'을 판매·제공하는 매장,train,철물,T1 정확표기,0daaecbb-4004-422b-af15-fe006cea8309,대원철물,철물,해평시장,전통시장,경상북도,,,
73b919b29088a8a79632,full_annotation_v1,A,q_철물_01,철물,생활·마트 중 '철물'을 판매·제공하는 매장,train,철물,T1 정확표기,7b93e863-63f7-4a43-9179-023f7df70f81,시장철물,철물,불국시장,전통시장,경상북도,,,
918638f235222fb7c49f,full_annotation_v1,A,q_철물_01,철물,생활·마트 중 '철물'을 판매·제공하는 매장,train,철물,T1 정확표기,6c9aacf9-f591-4965-b77a-9277bf02c465,보구철물,철물,산업용재관,전통시장,대구광역시,,,
c6454a4e468fb4a0ac48,full_annotation_v1,A,q_철물_01,철물,생활·마트 중 '철물'을 판매·제공하는 매장,train,철물,T1 정확표기,7da6e7a6-e136-48fa-a07b-f0acae788d1b,유창참기름,,경주성동공설시장,전통시장,경상북도,,,
89b8c0bb5738bf60c6e7,full_annotation_v1,A,q_철물_01,철물,생활·마트 중 '철물'을 판매·제공하는 매장,train,철물,T1 정확표기,0264d000-4eb1-4469-bf71-fa1cb1da9bee,우리철물,철물,상원시장,전통시장,대구광역시,,,
c3a0c2127969a834cd80,full_annotation_v1,A,q_철물_01,철물,생활·마트 중 '철물'을 판매·제공하는 매장,train,철물,T1 정확표기,c960bbe5-b102-499c-a0e6-4fe4cd07bad3,대운철물,철물,수원통닭거리 골목형사점가,골목형상점가,경기도,,,
fc6154e450bd428d2ba7,full_annotation_v1,A,q_철물_01,철물,생활·마트 중 '철물'을 판매·제공하는 매장,train,철물,T1 정확표기,7df6a3c2-035f-4eb6-b497-ed051a26ad9f,대왕홉스철물,철물,거창 전통시장,전통시장,경상남도,,,
08358885da56ad95743c,full_annotation_v1,A,q_철물_01,철물,생활·마트 중 '철물'을 판매·제공하는 매장,train,철물,T1 정확표기,97a81072-b584-4d50-a632-e99e1dffbdfe,반송철물,철물,창원 반송시장,전통시장,경상남도,,,
ea4f03c7e58781e01209,full_annotation_v1,A,q_철물_01,철물,생활·마트 중 '철물'을 판매·제공하는 매장,train,철물,T1 정확표기,0a0b1964-521a-443b-bc39-d329a9f0545a,시장철물,철물,군위시장(구 군위전통시장),전통시장,대구광역시,,,
ed0a24eb4ca04182b328,full_annotation_v1,A,q_철물_01,철물,생활·마트 중 '철물'을 판매·제공하는 매장,train,철물,T1 정확표기,6d5d90dd-49af-47d4-b7ba-3e35a855f435,대한민국피티1팀,,잠실 장미종합상가 골목형상점가,골목형상점가,서울특별시,,,
2decf0300896ba3c0a0c,full_annotation_v1,A,q_철물_01,철물,생활·마트 중 '철물'을 판매·제공하는 매장,train,철물,T1 정확표기,1c896b64-59ef-49f6-ad4a-b865e0254372,정암건업,페인트,오케이 양산동 골목형상점가,골목형상점가,광주광역시,,,
ea16a6a126d7cbb546d3,full_annotation_v1,A,q_철물_01,철물,생활·마트 중 '철물'을 판매·제공하는 매장,train,철물,T1 정확표기,6db1f124-c9c5-4ef1-b12d-69b727da5437,조은철물,철물,난우길골목형상점가,골목형상점가,서울특별시,,,
ea14f14d3e0efe78de0f,full_annotation_v1,A,q_철물_01,철물,생활·마트 중 '철물'을 판매·제공하는 매장,train,철물,T1 정확표기,03ed7e29-3b6d-43fb-b9f7-dda372779d19,주식회사 신진와이케이,"철물, 건재",죽산골목형상점가,골목형상점가,경기도,,,
b834cd522f3c3194609a,full_annotation_v1,A,q_철물_01,철물,생활·마트 중 '철물'을 판매·제공하는 매장,train,철물,T1 정확표기,1021ceaa-6c95-4101-9c16-d2370f267dd1,그린콘트롤(대전),건축자재,용정 골목형상점가,골목형상점가,대전광역시,,,
6d51460926eb71eaaba6,full_annotation_v1,A,q_철물_01,철물,생활·마트 중 '철물'을 판매·제공하는 매장,train,철물,T1 정확표기,fad7efea-1cf5-4b73-a7bc-71e38e8fdd82,남향철물,철물,말바우시장,전통시장,광주광역시,,,
627055bb9233c7d62f85,full_annotation_v1,A,q_철물_01,철물,생활·마트 중 '철물'을 판매·제공하는 매장,train,철물,T1 정확표기,0d6e2499-4722-4e64-b3ad-9f87d6f60ed0,유화건재,건축자재,무주반딧불상권활성화구역,상권활성화구역,전북특별자치도,,,
68dbee728ef6a82df43a,full_annotation_v1,A,q_철물_01,철물,생활·마트 중 '철물'을 판매·제공하는 매장,train,철물,T1 정확표기,792ebf09-3762-4253-9aa6-1a15eb878236,대설철물,철물,양산상생하는하서로 골목형상점가,골목형상점가,광주광역시,,,
506e3d782d779c219b03,full_annotation_v1,A,q_철물_01,철물,생활·마트 중 '철물'을 판매·제공하는 매장,train,철물,T1 정확표기,8eeb9e0e-339a-4cc8-a177-ba62eab99bbf,삼미철물,철물,속초중앙전통시장,전통시장,강원특별자치도,,,
19da8847caf02ba86d02,full_annotation_v1,A,q_철물_01,철물,생활·마트 중 '철물'을 판매·제공하는 매장,train,철물,T1 정확표기,de30c859-9376-4e09-82ec-f851a0b43886,비아철물,철물,비아로 골목형상점가,골목형상점가,광주광역시,,,
bd21ae0212ab7a591f46,full_annotation_v1,A,q_철물_01,철물,생활·마트 중 '철물'을 판매·제공하는 매장,train,철물,T1 정확표기,bae0dc08-d8ed-490d-b11d-e4257fcbf202,만물사,철물,연산전통시장,전통시장,충청남도,,,
82692b5ba72dc25afbc9,full_annotation_v1,A,q_철물_01,철물,생활·마트 중 '철물'을 판매·제공하는 매장,train,철물,T1 정확표기,007e8f5f-7711-4319-9176-92195d4fb772,금란열쇠철물,,양재잇길 골목형상점가,골목형상점가,서울특별시,,,
b3deba1c6452a283910c,full_annotation_v1,A,q_철물_01,철물,생활·마트 중 '철물'을 판매·제공하는 매장,train,철물,T1 정확표기,a865cb5f-06df-4c23-8d56-c3719285b318,우리탁구클럽,,양산동 골목형상점가,골목형상점가,,,,
d00915e7f48d89bd06c9,full_annotation_v1,A,q_철물_01,철물,생활·마트 중 '철물'을 판매·제공하는 매장,train,철물,T1 정확표기,a2703e59-f2d9-4e1a-a7e0-4adba7a02488,대성철물,철물,남문골목형상점가,골목형상점가,강원특별자치도,,,
ef8ee56fb938965d496a,full_annotation_v1,A,q_철물_01,철물,생활·마트 중 '철물'을 판매·제공하는 매장,train,철물,T1 정확표기,97ceb063-e5af-4eaf-ad10-9750be803471,부성종합상사,철물,산업용재관,전통시장,대구광역시,,,
cced491aac4bf913b29f,full_annotation_v1,A,q_철물_01,철물,생활·마트 중 '철물'을 판매·제공하는 매장,train,철물,T1 정확표기,01c3ec28-1ceb-48f0-88e2-030e84b4d3f4,해영함석,철물,고도리 장터거리 상점가,골목형상점가,전라남도,,,
47df27360562144be333,full_annotation_v1,A,q_철물_01,철물,생활·마트 중 '철물'을 판매·제공하는 매장,train,철물,T1 정확표기,6fbeefc8-206b-415f-b612-ade886744a2b,행운철물,철물,매곡동 골목형상점가,골목형상점가,광주광역시,,,
e4a131052d5c22d2bafb,full_annotation_v1,A,q_철물_01,철물,생활·마트 중 '철물'을 판매·제공하는 매장,train,철물,T1 정확표기,462724cf-38d0-4b67-8ef3-344e5e149ad6,만물사,철물,인천모래내전통시장,전통시장,인천광역시,,,
f8c4d4175adcf20b1336,full_annotation_v1,A,q_철물_01,철물,생활·마트 중 '철물'을 판매·제공하는 매장,train,철물,T1 정확표기,2b21b9f1-0d12-4c9d-a24a-1721b9778af5,삼호보일러철물공구전기재료,철물,삼호읍 중앙 골목형상점가,골목형상점가,전라남도,,,
1745bffe34de3949de5b,full_annotation_v1,A,q_철물_01,철물,생활·마트 중 '철물'을 판매·제공하는 매장,train,철물,T1 정확표기,5ce79714-39a5-4ad6-ade3-875cf3b04f88,명진상사,철물,산업용재관,전통시장,대구광역시,,,
d7317f409d271b0c82d8,full_annotation_v1,A,q_철물_01,철물,생활·마트 중 '철물'을 판매·제공하는 매장,train,철물,T1 정확표기,fef9e6c6-e346-40cb-8795-a00e66d48b93,대범철물,철물,산업용재관,전통시장,대구광역시,,,
abf1d8ccacc92e91a8a6,full_annotation_v1,A,q_철물_01,철물,생활·마트 중 '철물'을 판매·제공하는 매장,train,철물,T1 정확표기,b59f697c-8bb1-484c-85a4-590032f239c3,첨단철물,철물,첨단이웃사랑 골목형상점가,골목형상점가,광주광역시,,,
a5ac5ec0fa8e8dead681,full_annotation_v1,A,q_철물_01,철물,생활·마트 중 '철물'을 판매·제공하는 매장,train,철물,T1 정확표기,3e7c68e9-9e23-4298-a7bd-29f9c0182d68,새한에어컨,배관 및 냉난방장치,챔피언스거리 골목형상점가,골목형상점가,광주광역시,,,
ae8348c208bad0566408,full_annotation_v1,A,q_철물_01,철물,생활·마트 중 '철물'을 판매·제공하는 매장,train,철물,T1 정확표기,5b180f71-4f7a-45d3-99f0-c8bea24cecc3,짤롱헤어 목동미용실,미용,공항대로골목형상점가,골목형상점가,서울특별시,,,
39c5c0cee34c2b607d5a,full_annotation_v1,A,q_철물_01,철물,생활·마트 중 '철물'을 판매·제공하는 매장,train,철물,T1 정확표기,3760a3ea-10aa-4d64-8cb6-a889c68a12f1,도현철물,철물,평동 골목형상점가,골목형상점가,광주광역시,,,
e56bf24a0c10ccad5312,full_annotation_v1,A,q_철물_01,철물,생활·마트 중 '철물'을 판매·제공하는 매장,train,철물,T1 정확표기,063e0bdb-f37d-403a-8d87-439096dd4a51,공감인테리어,실내 인테리어벽지장판목공타일류 등 및 컨설팅,운남7단지먹자거리 골목형상점가,골목형상점가,광주광역시,,,
f7b5bc680551c6f3bc20,full_annotation_v1,A,q_철물_01,철물,생활·마트 중 '철물'을 판매·제공하는 매장,train,철물,T1 정확표기,480453ab-5506-4b79-aa88-cb01e92121eb,만물상회,철물,동화동골목형상가,골목형상점가,서울특별시,,,
dd34948dc70c2fa3bd99,full_annotation_v1,A,q_철물_01,철물,생활·마트 중 '철물'을 판매·제공하는 매장,train,철물,T1 정확표기,3c3efa7f-ac78-4e2a-a5f4-a8b162a3394e,평화철물,철물,농성동벚꽃상인회 골목형상점가,골목형상점가,광주광역시,,,
73cb80878853aba7cf3a,full_annotation_v1,A,q_철물_01,철물,생활·마트 중 '철물'을 판매·제공하는 매장,train,철물,T1 정확표기,85cf0a95-312b-4dbf-8ace-1bd143192398,J1,철물,첨단이웃사랑 골목형상점가,골목형상점가,광주광역시,,,
9b836bca2c554a026e86,full_annotation_v1,A,q_철물_01,철물,생활·마트 중 '철물'을 판매·제공하는 매장,train,철물,T1 정확표기,d5d54179-45ef-4231-b35b-6dbc36f6bab2,흥아 철물,철물,광탄전통시장,전통시장,경기도,,,
d8aadce80f3b404e7afc,full_annotation_v1,A,q_철물_01,철물,생활·마트 중 '철물'을 판매·제공하는 매장,train,철물,T1 정확표기,f76302ca-5215-461e-ba65-61f441e8c805,대영철물,철물,쌍촌골상인회 골목형상점가,골목형상점가,광주광역시,,,
4c98db9c1fd3a49a9189,full_annotation_v1,A,q_철물_01,철물,생활·마트 중 '철물'을 판매·제공하는 매장,train,철물,T1 정확표기,c344c663-1d7d-4527-a8a8-34f3441b51d3,태광공구철물,철물,아랫장,전통시장,전라남도,,,
541d7d0e2b847756e716,full_annotation_v1,A,q_철물_01,철물,생활·마트 중 '철물'을 판매·제공하는 매장,train,철물,T1 정확표기,c4fcf945-98ee-46c6-a797-8ea9f074594f,세운공구.철물,철물,안계정기시장,전통시장,경상북도,,,
c8b33a459a420f26230d,full_annotation_v1,A,q_철물_01,철물,생활·마트 중 '철물'을 판매·제공하는 매장,train,철물,T1 정확표기,2412a35d-a654-4708-a401-f6d10882b3ef,미래건설기계,철물,공구의거리,자율상권구역,광주광역시,,,
b62df0bdc7a9ce30b20a,full_annotation_v1,A,q_철물_01,철물,생활·마트 중 '철물'을 판매·제공하는 매장,train,철물,T1 정확표기,f8da51e6-22ee-453b-b5cf-89c1b730b61c,마창철물,철물,창원 상남시장,전통시장,경상남도,,,
9218c9be91d43d5ad4c5,full_annotation_v1,A,q_철물_01,철물,생활·마트 중 '철물'을 판매·제공하는 매장,train,철물,T1 정확표기,c2088c97-171f-49eb-8b94-5512ef2a0b1b,대창철물,철물,평창올림픽시장(평창전통시장),전통시장,강원특별자치도,,,
f84576b154bcccc45d65,full_annotation_v1,A,q_철물_01,철물,생활·마트 중 '철물'을 판매·제공하는 매장,train,철물,T1 정확표기,992a64b3-3cff-4ed3-b08e-f5cf0ad49560,광명전기철물,철물,창원 반송시장,전통시장,경상남도,,,
e9fe654aac31c92ba882,full_annotation_v1,A,q_철물_01,철물,생활·마트 중 '철물'을 판매·제공하는 매장,train,철물,T1 정확표기,01c220a8-63b9-4819-859f-434a0f83cadf,제일상사,페인트 유리 도장공사 방수공사,장흥중앙로 골목형상점가,골목형상점가,전라남도,,,
c3cab7728d55279fb788,full_annotation_v1,A,q_철물_01,철물,생활·마트 중 '철물'을 판매·제공하는 매장,train,철물,T1 정확표기,7ed81c10-6a73-4f91-a2c5-8d47f08c80b2,대성철물,철물,청림로드골목형상점가,골목형상점가,서울특별시,,,
690bb4b8f13205730a65,full_annotation_v1,A,q_철물_01,철물,생활·마트 중 '철물'을 판매·제공하는 매장,train,철물,T1 정확표기,2335ab31-266b-469c-bbe6-b8c15ef06549,신흥철물건재보일러,철물,가원 골목형상점가,골목형상점가,울산광역시,,,
87c3b7ce43faf34cd85f,full_annotation_v1,A,q_철물_01,철물,생활·마트 중 '철물'을 판매·제공하는 매장,train,철물,T1 정확표기,0440c80b-2086-4ca5-a845-030f729ccef4,청림목재,목재합판기타건축자재,주월1동독립로 골목형상점가,골목형상점가,광주광역시,,,
d7ed215f09fcb5104b49,full_annotation_v1,A,q_철물_01,철물,생활·마트 중 '철물'을 판매·제공하는 매장,train,철물,T1 정확표기,0e74e5a3-6b87-4d63-b656-c9d7ba19c417,디에스공구,공구,오정동상점가,자율상권구역,대전광역시,,,
9b8022189184e9f680a8,full_annotation_v1,A,q_철물_01,철물,생활·마트 중 '철물'을 판매·제공하는 매장,train,철물,T1 정확표기,8c1f1b4c-4839-4399-a903-45669029d48d,대호철물,철물,신전시장(염포시장),전통시장,울산광역시,,,
10418e638d2656bbab8c,full_annotation_v1,A,q_철물_01,철물,생활·마트 중 '철물'을 판매·제공하는 매장,train,철물,T1 정확표기,0e58a380-1033-4607-8741-30d594868bcb,창신텍,공구,부산산업용품상협동조합,전통시장,부산광역시,,,
c1577298ce2298d828c3,full_annotation_v1,A,q_철물_01,철물,생활·마트 중 '철물'을 판매·제공하는 매장,train,철물,T1 정확표기,ac7202c1-b4df-426c-8a11-02780cbbfffe,명자 철물,철물,통영 사량도 진촌상가,골목형상점가,경상남도,,,
6696ea6d41b5cf5387f0,full_annotation_v1,A,q_철물_01,철물,생활·마트 중 '철물'을 판매·제공하는 매장,train,철물,T1 정확표기,cc77aeb9-b559-4100-900e-3415199bd56f,한진종합상사,철물,산업용재관,전통시장,대구광역시,,,
26dcbf3a09ac92e9b6b3,full_annotation_v1,A,q_철물_01,철물,생활·마트 중 '철물'을 판매·제공하는 매장,train,철물,T1 정확표기,1b398dde-4fc2-4871-b644-1443310cd037,데일리팡(구포점),제과,정이있는 구포시장,전통시장,부산광역시,,,
377eb1de3e336b4efb89,full_annotation_v1,A,q_철물_01,철물,생활·마트 중 '철물'을 판매·제공하는 매장,train,철물,T1 정확표기,a7a2ab9c-28b2-4f41-a38a-ad2a31c59a5d,중앙철물,철물,장흥중앙로 골목형상점가,골목형상점가,전라남도,,,
6f5c068cfad08416c949,full_annotation_v1,A,q_철물_01,철물,생활·마트 중 '철물'을 판매·제공하는 매장,train,철물,T1 정확표기,47a15aee-05ec-4f13-be1c-575ac1fda42a,시민전기철물,철물,개봉입구골목상가 골목형상점가,골목형상점가,서울특별시,,,
8dd7bdc4d745264d4149,full_annotation_v1,A,q_철물_01,철물,생활·마트 중 '철물'을 판매·제공하는 매장,train,철물,T1 정확표기,4e69a69e-2f9b-4f97-99c4-5b3ec1b61f3b,고려철물,철물,충주자유시장,전통시장,충청북도,,,
d1f9740f7ad0ab18e41a,full_annotation_v1,A,q_철물_01,철물,생활·마트 중 '철물'을 판매·제공하는 매장,train,철물,T1 정확표기,0682734b-5e2e-4e79-9bcc-9fee6192ebcc,나무뜰,소매업(인테리어소품),신안프라자전통시장,전통시장,경기도,,,
ea8563c05ae6009e10d1,full_annotation_v1,A,q_철물_01,철물,생활·마트 중 '철물'을 판매·제공하는 매장,train,철물,T1 정확표기,0394caa3-10fc-4b86-b7e2-c7b1ac09d649,새마을종합인테리어,"인테리어(벽지,장판등)",성남남한산성시장(구 은행골목시장),전통시장,경기도,,,
6607f57b8386afd4f8d6,full_annotation_v1,A,q_철물_01,철물,생활·마트 중 '철물'을 판매·제공하는 매장,train,철물,T1 정확표기,b8dee113-1817-4e91-9935-6256c2861f35,서령철물,철물,서산동부전통시장,전통시장,충청남도,,,
142d8e861c37671fc4cd,full_annotation_v1,A,q_철물_01,철물,생활·마트 중 '철물'을 판매·제공하는 매장,train,철물,T1 정확표기,8c149fcf-c13d-4a12-96c7-60bef0913819,광성상회,철물,금촌명동로시장,전통시장,경기도,,,
49012232b726112b91ed,full_annotation_v1,A,q_철물_01,철물,생활·마트 중 '철물'을 판매·제공하는 매장,train,철물,T1 정확표기,589a59b4-ce10-4f65-8829-d1afc206e1d9,평화철물,철물,우치로효동공원 골목형상점가,골목형상점가,광주광역시,,,
8cc940f84348723c62dd,full_annotation_v1,A,q_철물_02,건축자재,생활·마트 중 '철물'을 판매·제공하는 매장,train,철물,T2 동의어,064333ec-6fb6-4818-96ca-b519413a5547,㈜현대인테리어필름,건축자재,건축자재특화의거리,자율상권구역,광주광역시,,,
f9566ce3580a0cf0853a,full_annotation_v1,A,q_철물_02,건축자재,생활·마트 중 '철물'을 판매·제공하는 매장,train,철물,T2 동의어,79b95167-b1ff-46f1-a7fc-7d323ad1bd7c,(주)신명피스공구,건축자재,답십리 건축자재시장,전통시장,서울특별시,,,
67c48c5f7e4cdb53c6a3,full_annotation_v1,A,q_철물_02,건축자재,생활·마트 중 '철물'을 판매·제공하는 매장,train,철물,T2 동의어,118f3ee0-de19-4001-a62c-ff72fbadf575,번영테크툴,공구,오정동상점가,자율상권구역,대전광역시,,,
ca1573b6c4e21538fb02,full_annotation_v1,A,q_철물_02,건축자재,생활·마트 중 '철물'을 판매·제공하는 매장,train,철물,T2 동의어,00bfa2e9-dca4-4800-b2ca-9d160826e04b,현대철물,철물,청운시장골목형상점가,골목형상점가,경기도,,,
068bab45929909f0d050,full_annotation_v1,A,q_철물_02,건축자재,생활·마트 중 '철물'을 판매·제공하는 매장,train,철물,T2 동의어,721b6faa-f7dc-4b85-970a-c1801bb45a19,예원,중국음식,나성동 소방청 골목형상점가,골목형상점가,세종특별자치시,,,
15fff43b101e8c8fe592,full_annotation_v1,A,q_철물_02,건축자재,생활·마트 중 '철물'을 판매·제공하는 매장,train,철물,T2 동의어,007e8f5f-7711-4319-9176-92195d4fb772,금란열쇠철물,,양재잇길 골목형상점가,골목형상점가,서울특별시,,,
7281dc5ce4480a96e300,full_annotation_v1,A,q_철물_02,건축자재,생활·마트 중 '철물'을 판매·제공하는 매장,train,철물,T2 동의어,0f3e0984-6986-4589-8aa2-774363733600,생초종합인테리어,인테리어,못골골목시장,전통시장,부산광역시,,,
931d9a85f83faa07bb08,full_annotation_v1,A,q_철물_02,건축자재,생활·마트 중 '철물'을 판매·제공하는 매장,train,철물,T2 동의어,6d180cca-0784-4e7a-b0bb-4d4e60ba7489,삼광상사,건축자재,건축자재특화의거리,자율상권구역,광주광역시,,,
e37dcbd6144076c31eca,full_annotation_v1,A,q_철물_02,건축자재,생활·마트 중 '철물'을 판매·제공하는 매장,train,철물,T2 동의어,bebbe669-24f7-4342-90e5-ba7e5a21b0be,현대철물건재,건축자재,조종시장,전통시장,경기도,,,
24c6548d7fd077970722,full_annotation_v1,A,q_철물_02,건축자재,생활·마트 중 '철물'을 판매·제공하는 매장,train,철물,T2 동의어,d18f00b1-50ec-4418-917c-889b76d74cc1,계란마스터,계란,포항죽도농산물시장,전통시장,경상북도,,,
f7448508407904a97b9e,full_annotation_v1,A,q_철물_02,건축자재,생활·마트 중 '철물'을 판매·제공하는 매장,train,철물,T2 동의어,4ecba655-6139-4884-a7cf-87aa951a0530,건축회관,건축자재,산업용재관,전통시장,대구광역시,,,
347729f7d0840b9a1190,full_annotation_v1,A,q_철물_02,건축자재,생활·마트 중 '철물'을 판매·제공하는 매장,train,철물,T2 동의어,2ae6ebc4-470a-4154-93b8-05673934189c,원종합상사,건축자재,계림동 건축자재의거리 골목형상점가,골목형상점가,,,,
9b24b8a9a2deef11ae9b,full_annotation_v1,A,q_철물_02,건축자재,생활·마트 중 '철물'을 판매·제공하는 매장,train,철물,T2 동의어,324ba84d-4df4-4e00-8723-4ccb60441d2d,제일상회,,안양남부시장,전통시장,경기도,,,
c2d7eb124d4b451bc085,full_annotation_v1,A,q_철물_02,건축자재,생활·마트 중 '철물'을 판매·제공하는 매장,train,철물,T2 동의어,ba8e97da-1277-45d9-a1d2-67b4af294c85,우송건재,건축자재,주천골목형상점가,골목형상점가,강원특별자치도,,,
001b45c87c05362c3edf,full_annotation_v1,A,q_철물_02,건축자재,생활·마트 중 '철물'을 판매·제공하는 매장,train,철물,T2 동의어,9d977149-c115-4f04-97ed-047cebcb32ff,천곡2점 153셀라 음악학원,음악교육,가원 골목형상점가,골목형상점가,울산광역시,,,
5e3a5874d0885f9dc5ad,full_annotation_v1,A,q_철물_02,건축자재,생활·마트 중 '철물'을 판매·제공하는 매장,train,철물,T2 동의어,0682734b-5e2e-4e79-9bcc-9fee6192ebcc,나무뜰,소매업(인테리어소품),신안프라자전통시장,전통시장,경기도,,,
05e6dc11a4dbf9c50a4b,full_annotation_v1,A,q_철물_02,건축자재,생활·마트 중 '철물'을 판매·제공하는 매장,train,철물,T2 동의어,16002f24-6c74-432d-a5d8-6fd4645b01dc,삼성목재,건축자재,건축자재특화의거리,자율상권구역,광주광역시,,,
a8dfb57e64c9b6ce65af,full_annotation_v1,A,q_철물_02,건축자재,생활·마트 중 '철물'을 판매·제공하는 매장,train,철물,T2 동의어,c4490507-ddf3-423a-ab2f-e6d9ea6c5208,포항충주건축자재,방수자재 및 건축자재,해도5(형산)시장,전통시장,경상북도,,,
e1cd566c564ab52f4462,full_annotation_v1,A,q_철물_02,건축자재,생활·마트 중 '철물'을 판매·제공하는 매장,train,철물,T2 동의어,53472994-ca75-47d9-987d-6ec64cb7705b,주식회사 디자인숨,건축자재,도리섬상점가,자율상권구역,경기도,,,
6c565bf082087938f9ed,full_annotation_v1,A,q_철물_02,건축자재,생활·마트 중 '철물'을 판매·제공하는 매장,train,철물,T2 동의어,66798a71-6f9b-41c4-b2b4-a463c030b0ae,리본여행,전자상거래업,양산 남부시장,전통시장,경상남도,,,
ff0182622e46f1ca7be2,full_annotation_v1,A,q_철물_02,건축자재,생활·마트 중 '철물'을 판매·제공하는 매장,train,철물,T2 동의어,5c58aaed-eaf1-43f2-be2c-346a64a9360a,대호상사,건축자재,추억담은광주역뒷길 골목형상점가,골목형상점가,광주광역시,,,
1fa9dff6785f4fa8a61c,full_annotation_v1,A,q_철물_02,건축자재,생활·마트 중 '철물'을 판매·제공하는 매장,train,철물,T2 동의어,0b14b699-b1bb-488d-abd7-379638a41d01,ABC케미칼,페인트,인천산업유통센터,전통시장,인천광역시,,,
f74aa37d7adb12098e66,full_annotation_v1,A,q_철물_02,건축자재,생활·마트 중 '철물'을 판매·제공하는 매장,train,철물,T2 동의어,bd3521eb-8775-40b2-bb13-03ac1824aa32,대창앵글,건축자재,건축자재특화의거리,자율상권구역,광주광역시,,,
e45d698f5d80a78f01de,full_annotation_v1,A,q_철물_02,건축자재,생활·마트 중 '철물'을 판매·제공하는 매장,train,철물,T2 동의어,b8905d77-f2c6-437a-a62a-1d75944553f8,부림우레탄,건축자재,계림동 건축자재의거리 골목형상점가,골목형상점가,광주광역시,,,
8ee5aaeae59fcd24ed10,full_annotation_v1,A,q_철물_02,건축자재,생활·마트 중 '철물'을 판매·제공하는 매장,train,철물,T2 동의어,01c3ec28-1ceb-48f0-88e2-030e84b4d3f4,해영함석,철물,고도리 장터거리 상점가,골목형상점가,전라남도,,,
f7073544e27f65eecbe1,full_annotation_v1,A,q_철물_02,건축자재,생활·마트 중 '철물'을 판매·제공하는 매장,train,철물,T2 동의어,e92988c8-5fdc-4b4e-bd48-65b9cd2d2b9f,명품인테리어,건축자재,용문 골목형상점가,골목형상점가,제주특별자치도,,,
e04a6b651b5c5ee3145b,full_annotation_v1,A,q_철물_02,건축자재,생활·마트 중 '철물'을 판매·제공하는 매장,train,철물,T2 동의어,01c220a8-63b9-4819-859f-434a0f83cadf,제일상사,페인트 유리 도장공사 방수공사,장흥중앙로 골목형상점가,골목형상점가,전라남도,,,
1ce2895a8c5463fb0379,full_annotation_v1,A,q_철물_02,건축자재,생활·마트 중 '철물'을 판매·제공하는 매장,train,철물,T2 동의어,9e84992a-78d2-489d-bb25-d53a313fd67f,주식회사 학송목재,건축자재,서방골 골목형상점가,골목형상점가,광주광역시,,,
d4f8421aaa694e25775b,full_annotation_v1,A,q_철물_02,건축자재,생활·마트 중 '철물'을 판매·제공하는 매장,train,철물,T2 동의어,cc438218-98e3-4a44-bec7-93c7ca829dbe,대우상사,건축자재,답십리 건축자재시장,전통시장,서울특별시,,,
56d6494bc41ed6e4ffba,full_annotation_v1,A,q_철물_02,건축자재,생활·마트 중 '철물'을 판매·제공하는 매장,train,철물,T2 동의어,6114eceb-2140-4531-b371-b4a1b03a23d0,서울케미칼,건축자재,답십리 건축자재시장,전통시장,서울특별시,,,
865d0d097c3732b6e1d4,full_annotation_v1,A,q_철물_02,건축자재,생활·마트 중 '철물'을 판매·제공하는 매장,train,철물,T2 동의어,0e58a380-1033-4607-8741-30d594868bcb,창신텍,공구,부산산업용품상협동조합,전통시장,부산광역시,,,
3dd28845d9f4c238ca0a,full_annotation_v1,A,q_철물_02,건축자재,생활·마트 중 '철물'을 판매·제공하는 매장,train,철물,T2 동의어,0fc91673-8155-4c73-b8b7-7b5b09f61cc8,노루표페인트,페인트,충주자유시장,전통시장,충청북도,,,
ba9630015f32b6909ded,full_annotation_v1,A,q_철물_02,건축자재,생활·마트 중 '철물'을 판매·제공하는 매장,train,철물,T2 동의어,d2f58c37-4174-40e6-bbd3-e59de1022196,오핀,의류,부평대아지하상점가,일반지하상점가,인천광역시,,,
64d83cc28ff14ff87036,full_annotation_v1,A,q_철물_02,건축자재,생활·마트 중 '철물'을 판매·제공하는 매장,train,철물,T2 동의어,37bba7cd-5225-407f-b11c-fda180c1a6cb,제광목재건재사,건축자재,건축자재특화의거리,자율상권구역,광주광역시,,,
bbbcd7e2e79142056bc1,full_annotation_v1,A,q_철물_02,건축자재,생활·마트 중 '철물'을 판매·제공하는 매장,train,철물,T2 동의어,463c9a90-f3b3-486d-84ed-2c7c35492163,대흥문집,건축자재,건축자재특화의거리,자율상권구역,광주광역시,,,
aa1051a6c63fd7d6f05d,full_annotation_v1,A,q_철물_02,건축자재,생활·마트 중 '철물'을 판매·제공하는 매장,train,철물,T2 동의어,0a46ba75-4fae-4472-a829-c67c26331da5,효성상사,공구,북성로상점가,자율상권구역,대구광역시,,,
701b8745426f2c078bf0,full_annotation_v1,A,q_철물_02,건축자재,생활·마트 중 '철물'을 판매·제공하는 매장,train,철물,T2 동의어,0bd28800-62b5-493e-bcb6-764857407f23,화이트메종,인테리어,은구비서로사회적협동조합 골목형상점가,골목형상점가,대전광역시,,,
195c99c1eaab85b4741c,full_annotation_v1,A,q_철물_02,건축자재,생활·마트 중 '철물'을 판매·제공하는 매장,train,철물,T2 동의어,59b1a5ec-647a-41dc-b1af-21b501341cc8,화장품마트,화장품,대전중앙활성화구역,상권활성화구역,대전광역시,,,
ec93a76bb961ca127bbf,full_annotation_v1,A,q_철물_02,건축자재,생활·마트 중 '철물'을 판매·제공하는 매장,train,철물,T2 동의어,15463a02-7120-4166-821e-a554f87002e3,문화문집,건축자재,건축자재특화의거리,자율상권구역,광주광역시,,,
df5e3fb133063d5c45fc,full_annotation_v1,A,q_철물_02,건축자재,생활·마트 중 '철물'을 판매·제공하는 매장,train,철물,T2 동의어,4b457729-1c24-4cd2-a9f2-7756c065e3ff,남도하우징,건축자재,건축자재특화의거리,자율상권구역,광주광역시,,,
c45427a18fcbe5de36dc,full_annotation_v1,A,q_철물_02,건축자재,생활·마트 중 '철물'을 판매·제공하는 매장,train,철물,T2 동의어,03b11cc8-b23f-4c62-9fdc-e3fb35350194,경북철물상회,철물,상주남성시장,전통시장,경상북도,,,
7d98dd39669dc95d525f,full_annotation_v1,A,q_철물_02,건축자재,생활·마트 중 '철물'을 판매·제공하는 매장,train,철물,T2 동의어,e22d5aa1-5309-49c0-b0ab-e0f5ce748b9b,코펜하겐,홍차,송도 아트포레 판매시설 골목형상점가,골목형상점가,인천광역시,,,
92392d476b08853cc51f,full_annotation_v1,A,q_철물_02,건축자재,생활·마트 중 '철물'을 판매·제공하는 매장,train,철물,T2 동의어,0e74e5a3-6b87-4d63-b656-c9d7ba19c417,디에스공구,공구,오정동상점가,자율상권구역,대전광역시,,,
d690b83f5e7d91b747ef,full_annotation_v1,A,q_철물_02,건축자재,생활·마트 중 '철물'을 판매·제공하는 매장,train,철물,T2 동의어,0440c80b-2086-4ca5-a845-030f729ccef4,청림목재,목재합판기타건축자재,주월1동독립로 골목형상점가,골목형상점가,광주광역시,,,
053476531f5d6a92af8c,full_annotation_v1,A,q_철물_02,건축자재,생활·마트 중 '철물'을 판매·제공하는 매장,train,철물,T2 동의어,0264d000-4eb1-4469-bf71-fa1cb1da9bee,우리철물,철물,상원시장,전통시장,대구광역시,,,
196be2a60b0d44716666,full_annotation_v1,A,q_철물_02,건축자재,생활·마트 중 '철물'을 판매·제공하는 매장,train,철물,T2 동의어,a88d3e2e-37d4-4def-a35b-dd6815672179,주식회사한스,경미한공사 건축자재,삼천동제일 골목형상점가,골목형상점가,전북특별자치도,,,
d21e913580a062e87218,full_annotation_v1,A,q_철물_02,건축자재,생활·마트 중 '철물'을 판매·제공하는 매장,train,철물,T2 동의어,7c449044-fa5e-49e7-991c-dfd1fb1c1b73,비오비애완용품아울렛,사료 강아지고양이 간식 강아지 옷 고양이모래,매곡 큰길 골목형상점가,골목형상점가,광주광역시,,,
191d29386bda10130a85,full_annotation_v1,A,q_철물_02,건축자재,생활·마트 중 '철물'을 판매·제공하는 매장,train,철물,T2 동의어,ce71a4ce-247d-472f-b8f4-b0f053fb5d23,현대상사,건축자재,건축자재특화의거리,자율상권구역,광주광역시,,,
7f4682a94a807a12f1e5,full_annotation_v1,A,q_철물_02,건축자재,생활·마트 중 '철물'을 판매·제공하는 매장,train,철물,T2 동의어,0c3e2ec5-bf0e-42a6-922c-695b13f69c21,부흥기업,페인트,삼송상점가,자율상권구역,경기도,,,
3579e3eac2f41dc8c5b8,full_annotation_v1,A,q_철물_02,건축자재,생활·마트 중 '철물'을 판매·제공하는 매장,train,철물,T2 동의어,64fc1438-2efd-4122-b3e5-3198e9ee3be0,일페노메논,이탈리안음식,소담마실길 골목형상점가,골목형상점가,세종특별자치시,,,
ea86e889866e9f072959,full_annotation_v1,A,q_철물_02,건축자재,생활·마트 중 '철물'을 판매·제공하는 매장,train,철물,T2 동의어,10efb0a5-a6e7-4a49-9e51-b709c647e4c8,다래디자인,인테리어,서초쇼핑골목형상점가,골목형상점가,서울특별시,,,
94220db12d00c307bfef,full_annotation_v1,A,q_철물_02,건축자재,생활·마트 중 '철물'을 판매·제공하는 매장,train,철물,T2 동의어,0d6e2499-4722-4e64-b3ad-9f87d6f60ed0,유화건재,건축자재,무주반딧불상권활성화구역,상권활성화구역,전북특별자치도,,,
1bb41fdbd74a676050a8,full_annotation_v1,A,q_철물_02,건축자재,생활·마트 중 '철물'을 판매·제공하는 매장,train,철물,T2 동의어,6e87946b-bc4e-427a-9c01-58a0291d5094,짚불태백 수원호매실점,한식,호매실역중심상가 골목형상점가,골목형상점가,경기도,,,
0f54f1f2fc1185fdef87,full_annotation_v1,A,q_철물_02,건축자재,생활·마트 중 '철물'을 판매·제공하는 매장,train,철물,T2 동의어,34aa471d-4ff6-48bb-96fc-9141a0144548,영재하이텍,건축자재,답십리 건축자재시장,전통시장,서울특별시,,,
389ae68e1dae827b341b,full_annotation_v1,A,q_철물_02,건축자재,생활·마트 중 '철물'을 판매·제공하는 매장,train,철물,T2 동의어,0021ea65-4c59-4aa0-8d1c-95fe7b6686d0,공간인테리어,경미한공사(인테리어),여의동 골목형상점가,골목형상점가,전북특별자치도,,,
3b88a7cbf67449a27e3f,full_annotation_v1,A,q_철물_02,건축자재,생활·마트 중 '철물'을 판매·제공하는 매장,train,철물,T2 동의어,b815a256-5527-41ad-afc1-9c998b2f126a,성진톱초경,건축자재,건축자재특화의거리,자율상권구역,광주광역시,,,
8513f78ec66fc24adc25,full_annotation_v1,A,q_철물_02,건축자재,생활·마트 중 '철물'을 판매·제공하는 매장,train,철물,T2 동의어,10f02fdf-a288-4fd8-ba01-9b89a89439e9,흥안상사,건축자재,답십리 건축자재시장,전통시장,서울특별시,,,
337d19117f8244fb61d9,full_annotation_v1,A,q_철물_02,건축자재,생활·마트 중 '철물'을 판매·제공하는 매장,train,철물,T2 동의어,00647455-7222-4215-9690-7f83a5fbe7b5,쌍마스튜디오,사진,백년소상공인,기타,서울특별시,,,
bb3d72f223bdef58b135,full_annotation_v1,A,q_철물_02,건축자재,생활·마트 중 '철물'을 판매·제공하는 매장,train,철물,T2 동의어,459e9ead-7b5d-421f-b776-b8baecb3837f,중앙조명,건축자재,건축자재특화의거리,자율상권구역,광주광역시,,,
1979834878c612134661,full_annotation_v1,A,q_철물_02,건축자재,생활·마트 중 '철물'을 판매·제공하는 매장,train,철물,T2 동의어,32a7434f-1ecc-4527-901e-b18211da1507,청계위생도기,건축자재,답십리 건축자재시장,전통시장,서울특별시,,,
b7453e559fae355e7361,full_annotation_v1,A,q_철물_02,건축자재,생활·마트 중 '철물'을 판매·제공하는 매장,train,철물,T2 동의어,023caaa3-b584-448b-a7b5-d20d8bc86c72,시화리데나,공구,시화유통상가,전통시장,경기도,,,
4220f0bcb229df5947f3,full_annotation_v1,A,q_철물_02,건축자재,생활·마트 중 '철물'을 판매·제공하는 매장,train,철물,T2 동의어,1021ceaa-6c95-4101-9c16-d2370f267dd1,그린콘트롤(대전),건축자재,용정 골목형상점가,골목형상점가,대전광역시,,,
bac4487ceeeea0d94085,full_annotation_v1,A,q_철물_02,건축자재,생활·마트 중 '철물'을 판매·제공하는 매장,train,철물,T2 동의어,26d6aa77-3d02-4933-b976-6fd87cbad559,하나로개발㈜,건축자재,서면종합시장,전통시장,부산광역시,,,
76ee6780585da850dd0f,full_annotation_v1,A,q_철물_02,건축자재,생활·마트 중 '철물'을 판매·제공하는 매장,train,철물,T2 동의어,5352aefd-b3af-40c9-a568-6b6d16b8e7b6,경일철물안전,건축자재,풍산시장,전통시장,경상북도,,,
7d406f5ac30709ac0e97,full_annotation_v1,A,q_철물_02,건축자재,생활·마트 중 '철물'을 판매·제공하는 매장,train,철물,T2 동의어,9f058c47-8b68-42b6-9203-f1b2bc40c450,설악건재,건축자재,설악눈메골시장,전통시장,경기도,,,
04dd98d0c2566879c75a,full_annotation_v1,A,q_철물_02,건축자재,생활·마트 중 '철물'을 판매·제공하는 매장,train,철물,T2 동의어,063e0bdb-f37d-403a-8d87-439096dd4a51,공감인테리어,실내 인테리어벽지장판목공타일류 등 및 컨설팅,운남7단지먹자거리 골목형상점가,골목형상점가,광주광역시,,,
1f142656535a97748a88,full_annotation_v1,A,q_철물_02,건축자재,생활·마트 중 '철물'을 판매·제공하는 매장,train,철물,T2 동의어,fea6f7d3-caad-4504-a8e9-1a94681d3ef5,동신건재,건축자재,건축자재특화의거리,자율상권구역,광주광역시,,,
9b2a13709a14df322f95,full_annotation_v1,A,q_철물_02,건축자재,생활·마트 중 '철물'을 판매·제공하는 매장,train,철물,T2 동의어,20944b00-5351-4e5a-988b-a90d5c194310,노드네일,네일,호매실역중심상가 골목형상점가,골목형상점가,경기도,,,
71e39f8b292068e13677,full_annotation_v1,A,q_철물_02,건축자재,생활·마트 중 '철물'을 판매·제공하는 매장,train,철물,T2 동의어,6f5ff570-70fb-4ec2-ae61-959dc69f1ecd,크린토피아 연제힐스테이트 점,세탁물,연제동 골목형상점가,골목형상점가,광주광역시,,,
37488c5851b8be8fcc53,full_annotation_v1,A,q_철물_02,건축자재,생활·마트 중 '철물'을 판매·제공하는 매장,train,철물,T2 동의어,08d279de-df58-4bbf-98b5-b53c1d84cb4b,헤스티아디자인,"가구, 인테리어",마산 북마산가구시장,전통시장,경상남도,,,
a299ea7a6900788e9825,full_annotation_v1,A,q_철물_02,건축자재,생활·마트 중 '철물'을 판매·제공하는 매장,train,철물,T2 동의어,1d3f4dd8-96b6-4850-b570-3657d4ac5dcf,대산종합상사,건축자재 등,시화유통상가,전통시장,경기도,,,
5b7b799d36cb6544697b,full_annotation_v1,A,q_철물_02,건축자재,생활·마트 중 '철물'을 판매·제공하는 매장,train,철물,T2 동의어,3be4c49d-ae11-4cc9-a99f-398b191264c9,태화하우징,건축자재,건축자재특화의거리,자율상권구역,광주광역시,,,
52facad5a6eaec797067,full_annotation_v1,A,q_철물_02,건축자재,생활·마트 중 '철물'을 판매·제공하는 매장,train,철물,T2 동의어,87443de5-a3bc-4970-9265-e6472714e823,명성실업,건축자재,울진시장(울진바지게시장),전통시장,경상북도,,,
54f17641eeaeb8381725,full_annotation_v1,A,q_철물_02,건축자재,생활·마트 중 '철물'을 판매·제공하는 매장,train,철물,T2 동의어,01945ad9-1cfb-471d-8f25-2d6d23ff6c5b,서해건재,철물 건축자재,청학동골목형상점가,골목형상점가,인천광역시,,,
360d8b93b5033c184a0e,full_annotation_v1,A,q_철물_02,건축자재,생활·마트 중 '철물'을 판매·제공하는 매장,train,철물,T2 동의어,4b3fc9f1-81fe-45e9-b84a-4d579c397565,대명유리기업,건축자재,임동 골목형상점가,골목형상점가,광주광역시,,,
7e6c796e92cb8bda924b,full_annotation_v1,A,q_철물_02,건축자재,생활·마트 중 '철물'을 판매·제공하는 매장,train,철물,T2 동의어,0cb3602a-2dfc-4709-a660-fccabd8fa539,동민건축,인테리어,동먹골상가 골목형상점가,골목형상점가,대구광역시,,,
a1a1d8a8f0a12ed6ff27,full_annotation_v1,A,q_철물_02,건축자재,생활·마트 중 '철물'을 판매·제공하는 매장,train,철물,T2 동의어,c305bfcb-ea32-4af8-acc0-517707894861,르네에몬스,가구,㈜르네시떼,전통시장,부산광역시,,,
7b7bd0b0295991676002,full_annotation_v1,A,q_철물_02,건축자재,생활·마트 중 '철물'을 판매·제공하는 매장,train,철물,T2 동의어,682264f8-1300-4b03-ba13-1a9365d25e01,삼일게이트&공구,건축자재,건축자재특화의거리,자율상권구역,광주광역시,,,
3fe8aafa664afd247cab,full_annotation_v1,A,q_철물_02,건축자재,생활·마트 중 '철물'을 판매·제공하는 매장,train,철물,T2 동의어,400cee96-7711-4962-a001-fde8daeb1da1,미건세라믹,건축자재,서대구가구거리 상점가,자율상권구역,대구광역시,,,
66a0b2c65546f20e1f8f,full_annotation_v1,A,q_철물_02,건축자재,생활·마트 중 '철물'을 판매·제공하는 매장,train,철물,T2 동의어,a6586903-56dc-41f1-bbec-b89cc07babbd,중앙건재사,건축자재,점촌역전상점가,자율상권구역,경상북도,,,
a260179f454191b2fbb0,full_annotation_v1,A,q_철물_02,건축자재,생활·마트 중 '철물'을 판매·제공하는 매장,train,철물,T2 동의어,03ed7e29-3b6d-43fb-b9f7-dda372779d19,주식회사 신진와이케이,"철물, 건재",죽산골목형상점가,골목형상점가,경기도,,,
7152bbbd91e1118f44d8,full_annotation_v1,A,q_철물_02,건축자재,생활·마트 중 '철물'을 판매·제공하는 매장,train,철물,T2 동의어,0394caa3-10fc-4b86-b7e2-c7b1ac09d649,새마을종합인테리어,"인테리어(벽지,장판등)",성남남한산성시장(구 은행골목시장),전통시장,경기도,,,
7cf3103414990f6ba6db,full_annotation_v1,A,q_철물_02,건축자재,생활·마트 중 '철물'을 판매·제공하는 매장,train,철물,T2 동의어,7d7df496-b0bb-4b3b-8747-efafe6a788f8,윤대감보쌈족발,한식,가원 골목형상점가,골목형상점가,울산광역시,,,
5d5875b0ed0ecb9751e3,full_annotation_v1,A,q_철물_02,건축자재,생활·마트 중 '철물'을 판매·제공하는 매장,train,철물,T2 동의어,8d182f17-f963-448d-88c1-3bb98bcc1022,명신상사,건축자재,답십리 건축자재시장,전통시장,서울특별시,,,
ef7c7cc5abde8acddd93,full_annotation_v1,A,q_철물_02,건축자재,생활·마트 중 '철물'을 판매·제공하는 매장,train,철물,T2 동의어,429ee66e-7d10-4356-904d-99a8ec5f96d8,타일style,건축자재,금메달 양산택지로 골목형상점가,골목형상점가,광주광역시,,,
75332e9a5b56c8498beb,full_annotation_v1,A,q_철물_02,건축자재,생활·마트 중 '철물'을 판매·제공하는 매장,train,철물,T2 동의어,26e9ca8f-bc74-4927-a940-4d556d3b2a4b,세용,건축자재,매화 하백로 골목형상점가,골목형상점가,광주광역시,,,
c08594a63d0a042df300,full_annotation_v1,A,q_철물_02,건축자재,생활·마트 중 '철물'을 판매·제공하는 매장,train,철물,T2 동의어,1d856864-bb04-40e1-81f5-bf761f610d95,광성하우징,건축자재,건축자재특화의거리,자율상권구역,광주광역시,,,
4d1e6a0ab2d8611ab0a9,full_annotation_v1,A,q_철물_02,건축자재,생활·마트 중 '철물'을 판매·제공하는 매장,train,철물,T2 동의어,3f1575c8-c2df-48dd-b7b7-a534b628dc32,야시홀건재,건축자재,영덕시장,전통시장,경상북도,,,
78df12d822f303ab170c,full_annotation_v1,A,q_철물_02,건축자재,생활·마트 중 '철물'을 판매·제공하는 매장,train,철물,T2 동의어,711a202c-e2a2-464e-9843-a02ef93da195,광명목재사,건축자재,월산로상인회 골목형상점가,골목형상점가,광주광역시,,,
a36258191dcd1a1fa788,full_annotation_v1,A,q_철물_02,건축자재,생활·마트 중 '철물'을 판매·제공하는 매장,train,철물,T2 동의어,1c896b64-59ef-49f6-ad4a-b865e0254372,정암건업,페인트,오케이 양산동 골목형상점가,골목형상점가,광주광역시,,,
d51f1bcd0e24fa150c6d,full_annotation_v1,A,q_철물_03,공구점,생활·마트 중 '철물'을 판매·제공하는 매장,train,철물,T2 동의어,2e700112-2925-4c9d-a2c5-22a3919a6abc,구워스카페,카피 빵 베어커리,전평제상인회 골목형상점가,골목형상점가,광주광역시,,,
624f5cd64043389929d6,full_annotation_v1,A,q_철물_03,공구점,생활·마트 중 '철물'을 판매·제공하는 매장,train,철물,T2 동의어,c27b1a91-f303-4b78-92b3-2ba9b76428ba,조은기전,"철물 공구, 공구",인천산업유통센터,전통시장,인천광역시,,,
8577e1fd04c5353158d5,full_annotation_v1,A,q_철물_03,공구점,생활·마트 중 '철물'을 판매·제공하는 매장,train,철물,T2 동의어,97aa4c59-66e4-4829-a0c8-7de7af2f85b1,다우공구,공구,시화유통상가,전통시장,경기도,,,
31f83a819f7753d016b2,full_annotation_v1,A,q_철물_03,공구점,생활·마트 중 '철물'을 판매·제공하는 매장,train,철물,T2 동의어,40dda8fd-a795-40ef-84d4-338d9b33ad8f,대양정공,공구,영등포(시장)기계공구상가,자율상권구역,서울특별시,,,
b61ae23747f06c6dc9a5,full_annotation_v1,A,q_철물_03,공구점,생활·마트 중 '철물'을 판매·제공하는 매장,train,철물,T2 동의어,da9082e0-6b5b-4c2e-ba5e-4981ec8710e0,시흥월드,공구,시화공구상가,전통시장,경기도,,,
db3d7fa8493ecd721542,full_annotation_v1,A,q_철물_03,공구점,생활·마트 중 '철물'을 판매·제공하는 매장,train,철물,T2 동의어,0b14b699-b1bb-488d-abd7-379638a41d01,ABC케미칼,페인트,인천산업유통센터,전통시장,인천광역시,,,
7450e707422ee5e99aef,full_annotation_v1,A,q_철물_03,공구점,생활·마트 중 '철물'을 판매·제공하는 매장,train,철물,T2 동의어,6cf1e8ea-7eee-4a20-9054-b74d9c91599e,경인공구,공구,인천산업유통센터,전통시장,인천광역시,,,
e63aa32afa7820d8ebbd,full_annotation_v1,A,q_철물_03,공구점,생활·마트 중 '철물'을 판매·제공하는 매장,train,철물,T2 동의어,01c220a8-63b9-4819-859f-434a0f83cadf,제일상사,페인트 유리 도장공사 방수공사,장흥중앙로 골목형상점가,골목형상점가,전라남도,,,
af7d0e6b690177c4d462,full_annotation_v1,A,q_철물_03,공구점,생활·마트 중 '철물'을 판매·제공하는 매장,train,철물,T2 동의어,01945ad9-1cfb-471d-8f25-2d6d23ff6c5b,서해건재,철물 건축자재,청학동골목형상점가,골목형상점가,인천광역시,,,
b7f258997f6fb1e37918,full_annotation_v1,A,q_철물_03,공구점,생활·마트 중 '철물'을 판매·제공하는 매장,train,철물,T2 동의어,2f95bf61-4dee-4d71-b3d3-86f13eb758b0,영동공구,공구,시화공구상가,전통시장,경기도,,,
89393ddff1dfae01edf8,full_annotation_v1,A,q_철물_03,공구점,생활·마트 중 '철물'을 판매·제공하는 매장,train,철물,T2 동의어,2f068242-00e3-4229-9bea-e0e7cf6a737b,메인중고공구,공구,시화유통상가,전통시장,경기도,,,
1cbaa44b97de119a2943,full_annotation_v1,A,q_철물_03,공구점,생활·마트 중 '철물'을 판매·제공하는 매장,train,철물,T2 동의어,0bd28800-62b5-493e-bcb6-764857407f23,화이트메종,인테리어,은구비서로사회적협동조합 골목형상점가,골목형상점가,대전광역시,,,
914d0b2e230c438b536e,full_annotation_v1,A,q_철물_03,공구점,생활·마트 중 '철물'을 판매·제공하는 매장,train,철물,T2 동의어,0d6e2499-4722-4e64-b3ad-9f87d6f60ed0,유화건재,건축자재,무주반딧불상권활성화구역,상권활성화구역,전북특별자치도,,,
7265cef5e891810d6cb1,full_annotation_v1,A,q_철물_03,공구점,생활·마트 중 '철물'을 판매·제공하는 매장,train,철물,T2 동의어,118f3ee0-de19-4001-a62c-ff72fbadf575,번영테크툴,공구,오정동상점가,자율상권구역,대전광역시,,,
41623ac7393435ad952d,full_annotation_v1,A,q_철물_03,공구점,생활·마트 중 '철물'을 판매·제공하는 매장,train,철물,T2 동의어,0f3e0984-6986-4589-8aa2-774363733600,생초종합인테리어,인테리어,못골골목시장,전통시장,부산광역시,,,
40b65e6e9bb4aec4f059,full_annotation_v1,A,q_철물_03,공구점,생활·마트 중 '철물'을 판매·제공하는 매장,train,철물,T2 동의어,9bfea88b-939f-47bf-8250-97ec6a09d233,범호마켓 원신흥점,기타 생활용품 및 식료품,갑천호수 골목형상점가,골목형상점가,대전광역시,,,
fa2ff30c0827de765d32,full_annotation_v1,A,q_철물_03,공구점,생활·마트 중 '철물'을 판매·제공하는 매장,train,철물,T2 동의어,e361c966-4841-4d31-9021-59321139ce18,맘스터치 송도8공구점,"햄버거, 치킨",더테라스골목형상점가,골목형상점가,인천광역시,,,
a8722c44404cca68e239,full_annotation_v1,A,q_철물_03,공구점,생활·마트 중 '철물'을 판매·제공하는 매장,train,철물,T2 동의어,d3fba15b-3ab9-4cbf-9cd0-c72f6516c662,달달보드레,,복수동 골목형상점가,골목형상점가,대전광역시,,,
158d81f2408bffc608d2,full_annotation_v1,A,q_철물_03,공구점,생활·마트 중 '철물'을 판매·제공하는 매장,train,철물,T2 동의어,676b25f2-5812-4643-baf9-280d34da4caf,드림공구,공구,인천산업유통센터,전통시장,인천광역시,,,
7a30b29dec9fb089cfe1,full_annotation_v1,A,q_철물_03,공구점,생활·마트 중 '철물'을 판매·제공하는 매장,train,철물,T2 동의어,879e01b5-1f67-42ca-840b-f29dd350e014,BHC 송도8공구점,치킨,더테라스골목형상점가,골목형상점가,인천광역시,,,
f8676ed53b49c6a2ec11,full_annotation_v1,A,q_철물_03,공구점,생활·마트 중 '철물'을 판매·제공하는 매장,train,철물,T2 동의어,85768d90-0cbf-4a1b-a597-5ec0949b52eb,크라운샤이니스,"커피, 음료, 원두",은구비서로사회적협동조합 골목형상점가,골목형상점가,대전광역시,,,
c0c6ad0d41bc2f27774a,full_annotation_v1,A,q_철물_03,공구점,생활·마트 중 '철물'을 판매·제공하는 매장,train,철물,T2 동의어,81d59cf3-81b0-4611-b3c4-480bc01feeb8,동묘만물공구,공구,동묘시장,자율상권구역,서울특별시,,,
99baf522c828dc088458,full_annotation_v1,A,q_철물_03,공구점,생활·마트 중 '철물'을 판매·제공하는 매장,train,철물,T2 동의어,35a5947e-9849-47c3-b6b0-77f9b29f320f,파워공구,공구,공구의거리,자율상권구역,광주광역시,,,
ec5e619a5e9c23623eb9,full_annotation_v1,A,q_철물_03,공구점,생활·마트 중 '철물'을 판매·제공하는 매장,train,철물,T2 동의어,1df45acd-5eaf-44c7-a72b-402c5339c983,오로라에스테틱,,보성은하상가시장,전통시장,대구광역시,,,
ceb12639b933f24d2582,full_annotation_v1,A,q_철물_03,공구점,생활·마트 중 '철물'을 판매·제공하는 매장,train,철물,T2 동의어,10efb0a5-a6e7-4a49-9e51-b709c647e4c8,다래디자인,인테리어,서초쇼핑골목형상점가,골목형상점가,서울특별시,,,
e4dde66770df0b2fab74,full_annotation_v1,A,q_철물_03,공구점,생활·마트 중 '철물'을 판매·제공하는 매장,train,철물,T2 동의어,8c72b722-a7a3-4b59-80be-cc14a9deba0b,대영공구,공구,신수동토정로 골목형상점가,골목형상점가,서울특별시,,,
9ec1a4306a6544f8907b,full_annotation_v1,A,q_철물_03,공구점,생활·마트 중 '철물'을 판매·제공하는 매장,train,철물,T2 동의어,8d212219-e63f-4497-ac00-ff330008248f,이공구사,공구 및 철물,비아로 골목형상점가,골목형상점가,광주광역시,,,
2933ab90d47f7ea6e9e4,full_annotation_v1,A,q_철물_03,공구점,생활·마트 중 '철물'을 판매·제공하는 매장,train,철물,T2 동의어,a33b9d3b-f63f-41bb-9de4-e1b82c0d9f9a,이삭토스트 선유도역점,토스트외 음료,선유로운골목형상점가,골목형상점가,서울특별시,,,
1e66a1c2a8733d068f69,full_annotation_v1,A,q_철물_03,공구점,생활·마트 중 '철물'을 판매·제공하는 매장,train,철물,T2 동의어,0264d000-4eb1-4469-bf71-fa1cb1da9bee,우리철물,철물,상원시장,전통시장,대구광역시,,,
41994ae0f8cf07668aaf,full_annotation_v1,A,q_철물_03,공구점,생활·마트 중 '철물'을 판매·제공하는 매장,train,철물,T2 동의어,8e886997-92cf-4486-aac5-d300974f42a4,명우상사,공구,산업용재관,전통시장,대구광역시,,,
2e07331a372cce44032b,full_annotation_v1,A,q_철물_03,공구점,생활·마트 중 '철물'을 판매·제공하는 매장,train,철물,T2 동의어,5a667b2f-10a3-4cd4-b616-52e10107a93b,명일공구,철물 공구,구천동공구시장,전통시장,경기도,,,
c13afe3348d6dd0e2e22,full_annotation_v1,A,q_철물_03,공구점,생활·마트 중 '철물'을 판매·제공하는 매장,train,철물,T2 동의어,03b11cc8-b23f-4c62-9fdc-e3fb35350194,경북철물상회,철물,상주남성시장,전통시장,경상북도,,,
c06fce55c7703f32338f,full_annotation_v1,A,q_철물_03,공구점,생활·마트 중 '철물'을 판매·제공하는 매장,train,철물,T2 동의어,84407aed-aacc-43b9-804f-4affd9f217d6,중화분식,중식,화성행궁골목형상점가,골목형상점가,경기도,,,
0f8067ec7faa5d4b4882,full_annotation_v1,A,q_철물_03,공구점,생활·마트 중 '철물'을 판매·제공하는 매장,train,철물,T2 동의어,2c622bd7-becf-4d0f-b58e-a9c15829815e,반디공구,공구,무주반딧불상권활성화구역,상권활성화구역,전북특별자치도,,,
3f2789d9b8d80fa6c368,full_annotation_v1,A,q_철물_03,공구점,생활·마트 중 '철물'을 판매·제공하는 매장,train,철물,T2 동의어,98066a15-51f1-4d8a-96cf-99394e454b87,교촌치킨 송도8공구점,치킨,더테라스골목형상점가,골목형상점가,인천광역시,,,
29af7cf4d0fdeba3bac4,full_annotation_v1,A,q_철물_03,공구점,생활·마트 중 '철물'을 판매·제공하는 매장,train,철물,T2 동의어,41939bed-0711-473f-8ed4-eeaf8c0a9c17,태인,공구 등,시화공구상가,전통시장,경기도,,,
5b43bd30c05dd9eebacf,full_annotation_v1,A,q_철물_03,공구점,생활·마트 중 '철물'을 판매·제공하는 매장,train,철물,T2 동의어,00bfa2e9-dca4-4800-b2ca-9d160826e04b,현대철물,철물,청운시장골목형상점가,골목형상점가,경기도,,,
ed0da80341bfd5e9bdee,full_annotation_v1,A,q_철물_03,공구점,생활·마트 중 '철물'을 판매·제공하는 매장,train,철물,T2 동의어,01c3ec28-1ceb-48f0-88e2-030e84b4d3f4,해영함석,철물,고도리 장터거리 상점가,골목형상점가,전라남도,,,
028246aca9ab09deda20,full_annotation_v1,A,q_철물_03,공구점,생활·마트 중 '철물'을 판매·제공하는 매장,train,철물,T2 동의어,1021ceaa-6c95-4101-9c16-d2370f267dd1,그린콘트롤(대전),건축자재,용정 골목형상점가,골목형상점가,대전광역시,,,
6def6e7f7f6b80299c0c,full_annotation_v1,A,q_철물_03,공구점,생활·마트 중 '철물'을 판매·제공하는 매장,train,철물,T2 동의어,0a46ba75-4fae-4472-a829-c67c26331da5,효성상사,공구,북성로상점가,자율상권구역,대구광역시,,,
125ad4998786335c4c8a,full_annotation_v1,A,q_철물_03,공구점,생활·마트 중 '철물'을 판매·제공하는 매장,train,철물,T2 동의어,2fe1147b-e40e-4929-a88e-44fdb67b5b87,공구시대,공구,산업용재관,전통시장,대구광역시,,,
4ee0cfad901fa1118708,full_annotation_v1,A,q_철물_03,공구점,생활·마트 중 '철물'을 판매·제공하는 매장,train,철물,T2 동의어,55b6c0a5-b0b3-42bb-ba3b-e5d2c372364b,찌마기창동점,찜요리,창동역 상점가,자율상권구역,서울특별시,,,
51a6a4149a427e070827,full_annotation_v1,A,q_철물_03,공구점,생활·마트 중 '철물'을 판매·제공하는 매장,train,철물,T2 동의어,0e74e5a3-6b87-4d63-b656-c9d7ba19c417,디에스공구,공구,오정동상점가,자율상권구역,대전광역시,,,
80b3e0cd86d83e5abf6d,full_annotation_v1,A,q_철물_03,공구점,생활·마트 중 '철물'을 판매·제공하는 매장,train,철물,T2 동의어,5d62414b-10b9-45db-924c-202279006b8f,신성툴테크,공구,양동산업용품시장,전통시장,광주광역시,,,
4fed06440ea49b48e47e,full_annotation_v1,A,q_철물_03,공구점,생활·마트 중 '철물'을 판매·제공하는 매장,train,철물,T2 동의어,62d1a586-62b8-41fb-a0e1-f33fdbd61efe,플로우드꽃집,생화,은구비서로사회적협동조합 골목형상점가,골목형상점가,대전광역시,,,
fe5c9a5e74995c8e1f79,full_annotation_v1,A,q_철물_03,공구점,생활·마트 중 '철물'을 판매·제공하는 매장,train,철물,T2 동의어,0cb3602a-2dfc-4709-a660-fccabd8fa539,동민건축,인테리어,동먹골상가 골목형상점가,골목형상점가,대구광역시,,,
7d1b679442e987576b6d,full_annotation_v1,A,q_철물_03,공구점,생활·마트 중 '철물'을 판매·제공하는 매장,train,철물,T2 동의어,2f6c5222-a325-4617-93ec-7217508a592a,정원장의 모공세척테라피,피부관리,영통역아이파크 골목형상점가,골목형상점가,경기도,,,
97d8c707994381d3b7f4,full_annotation_v1,A,q_철물_03,공구점,생활·마트 중 '철물'을 판매·제공하는 매장,train,철물,T2 동의어,d1d75a41-e8dc-4506-862d-282b6c2b2f5e,삼성체인,공구,인천산업유통센터,전통시장,인천광역시,,,
5655118bb92e3f4d4810,full_annotation_v1,A,q_철물_03,공구점,생활·마트 중 '철물'을 판매·제공하는 매장,train,철물,T2 동의어,0fc91673-8155-4c73-b8b7-7b5b09f61cc8,노루표페인트,페인트,충주자유시장,전통시장,충청북도,,,
fe918309dc0354073d4c,full_annotation_v1,A,q_철물_03,공구점,생활·마트 중 '철물'을 판매·제공하는 매장,train,철물,T2 동의어,c8595b46-9083-40fa-ac25-916a840e4ad5,버터치킨커리,"인도요리(관리거리가게, 즉석판매제조가공업)",전주남부시장,전통시장,전북특별자치도,,,
ce2267ad93ac71772610,full_annotation_v1,A,q_철물_03,공구점,생활·마트 중 '철물'을 판매·제공하는 매장,train,철물,T2 동의어,03ed7e29-3b6d-43fb-b9f7-dda372779d19,주식회사 신진와이케이,"철물, 건재",죽산골목형상점가,골목형상점가,경기도,,,
4c2651ad9274c95c3a03,full_annotation_v1,A,q_철물_03,공구점,생활·마트 중 '철물'을 판매·제공하는 매장,train,철물,T2 동의어,064333ec-6fb6-4818-96ca-b519413a5547,㈜현대인테리어필름,건축자재,건축자재특화의거리,자율상권구역,광주광역시,,,
53ff304087d7fdf8949e,full_annotation_v1,A,q_철물_03,공구점,생활·마트 중 '철물'을 판매·제공하는 매장,train,철물,T2 동의어,0c3e2ec5-bf0e-42a6-922c-695b13f69c21,부흥기업,페인트,삼송상점가,자율상권구역,경기도,,,
95b84c616d5f29ef6244,full_annotation_v1,A,q_철물_03,공구점,생활·마트 중 '철물'을 판매·제공하는 매장,train,철물,T2 동의어,ef204841-56f9-4f8d-b182-e00e0d2a4347,테크원,공구 등,시화공구상가,전통시장,경기도,,,
5dda857f8a8bee4730b5,full_annotation_v1,A,q_철물_03,공구점,생활·마트 중 '철물'을 판매·제공하는 매장,train,철물,T2 동의어,9cb6b023-1fb1-40b3-b74f-944d2786cc22,신세계공구,공구,양동산업용품시장,전통시장,광주광역시,,,
98623ae9cd4ff0bbe681,full_annotation_v1,A,q_철물_03,공구점,생활·마트 중 '철물'을 판매·제공하는 매장,train,철물,T2 동의어,1c896b64-59ef-49f6-ad4a-b865e0254372,정암건업,페인트,오케이 양산동 골목형상점가,골목형상점가,광주광역시,,,
cfc09899f4874a7745bb,full_annotation_v1,A,q_철물_03,공구점,생활·마트 중 '철물'을 판매·제공하는 매장,train,철물,T2 동의어,ff0ffe94-24e4-4fd4-926d-15c6766905bd,비비큐(BBQ) 송도8공구점,치킨,송도랜드마크시티 센트럴더샵 골목형상점가,골목형상점가,인천광역시,,,
fd35492e855b0d0debec,full_annotation_v1,A,q_철물_03,공구점,생활·마트 중 '철물'을 판매·제공하는 매장,train,철물,T2 동의어,368bbe4d-51cc-4efe-9635-f7486f75cf90,온맘마켓 송도8공구점,농산물,더테라스골목형상점가,골목형상점가,인천광역시,,,
79aa1cd2de50702afcd2,full_annotation_v1,A,q_철물_03,공구점,생활·마트 중 '철물'을 판매·제공하는 매장,train,철물,T2 동의어,0021ea65-4c59-4aa0-8d1c-95fe7b6686d0,공간인테리어,경미한공사(인테리어),여의동 골목형상점가,골목형상점가,전북특별자치도,,,
571640950ed95c86f06f,full_annotation_v1,A,q_철물_03,공구점,생활·마트 중 '철물'을 판매·제공하는 매장,train,철물,T2 동의어,ee4be004-753b-499a-979b-6b80b08882d1,1989역전 꼬마김밥,,복수동 골목형상점가,골목형상점가,대전광역시,,,
5ab6380c2d1e60971dfc,full_annotation_v1,A,q_철물_03,공구점,생활·마트 중 '철물'을 판매·제공하는 매장,train,철물,T2 동의어,121a6875-1a26-4840-9fa7-bded618c13be,역전할머니맥주(동변점),안주 외,동먹골상가 골목형상점가,골목형상점가,대구광역시,,,
032a6d8f2564e72e2dde,full_annotation_v1,A,q_철물_03,공구점,생활·마트 중 '철물'을 판매·제공하는 매장,train,철물,T2 동의어,abd4cd5c-1ae9-4199-a768-12692d07f29f,범짬뽕,,대명중앙시장,전통시장,대구광역시,,,
a036fdfac6dd2d13c134,full_annotation_v1,A,q_철물_03,공구점,생활·마트 중 '철물'을 판매·제공하는 매장,train,철물,T2 동의어,b7c1d6cc-d9cb-4c54-95d0-a3b3997e1686,공구지원센터,공구,시화유통상가,전통시장,경기도,,,
dc69d401d8fe28b5025c,full_annotation_v1,A,q_철물_03,공구점,생활·마트 중 '철물'을 판매·제공하는 매장,train,철물,T2 동의어,8237c88b-68fb-4ebc-8d0e-007a846974aa,툴테크,공구,하남진곡 골목형상점가,골목형상점가,광주광역시,,,
0889868b04533b1832bc,full_annotation_v1,A,q_철물_03,공구점,생활·마트 중 '철물'을 판매·제공하는 매장,train,철물,T2 동의어,f6f5fad5-5f81-4131-90c0-9063f98ba3c4,포레스트음악더하다미술학원,음악미술학원,다사역 골목형상점가,골목형상점가,대구광역시,,,
9b77edfd48e724acf014,full_annotation_v1,A,q_철물_03,공구점,생활·마트 중 '철물'을 판매·제공하는 매장,train,철물,T2 동의어,0440c80b-2086-4ca5-a845-030f729ccef4,청림목재,목재합판기타건축자재,주월1동독립로 골목형상점가,골목형상점가,광주광역시,,,
838c52cb09511fa37ded,full_annotation_v1,A,q_철물_03,공구점,생활·마트 중 '철물'을 판매·제공하는 매장,train,철물,T2 동의어,6ccce905-716a-4ecf-9e5c-b8fe46eca7de,유림선구점,,마산어시장,전통시장,경상남도,,,
0102c6f9bbd6fd5fd55b,full_annotation_v1,A,q_철물_03,공구점,생활·마트 중 '철물'을 판매·제공하는 매장,train,철물,T2 동의어,08d279de-df58-4bbf-98b5-b53c1d84cb4b,헤스티아디자인,"가구, 인테리어",마산 북마산가구시장,전통시장,경상남도,,,
68feb6e30cc34f8a07e5,full_annotation_v1,A,q_철물_03,공구점,생활·마트 중 '철물'을 판매·제공하는 매장,train,철물,T2 동의어,f20c9bb2-c3b5-42a3-916a-46a24c77bf42,필종합공구,공구,하남대로,골목형상점가,광주광역시,,,
886f809e553f1ba1e8f8,full_annotation_v1,A,q_철물_03,공구점,생활·마트 중 '철물'을 판매·제공하는 매장,train,철물,T2 동의어,7077e40c-b2f3-4fda-8a42-61f8613f4362,아이툴스,공구,양동산업용품시장,전통시장,광주광역시,,,
9f9c5d8486666948480b,full_annotation_v1,A,q_철물_03,공구점,생활·마트 중 '철물'을 판매·제공하는 매장,train,철물,T2 동의어,0e58a380-1033-4607-8741-30d594868bcb,창신텍,공구,부산산업용품상협동조합,전통시장,부산광역시,,,
48f5e79d3b3c30dd2ce0,full_annotation_v1,A,q_철물_03,공구점,생활·마트 중 '철물'을 판매·제공하는 매장,train,철물,T2 동의어,063e0bdb-f37d-403a-8d87-439096dd4a51,공감인테리어,실내 인테리어벽지장판목공타일류 등 및 컨설팅,운남7단지먹자거리 골목형상점가,골목형상점가,광주광역시,,,
3b4f55a40340fa1f3610,full_annotation_v1,A,q_철물_03,공구점,생활·마트 중 '철물'을 판매·제공하는 매장,train,철물,T2 동의어,0682734b-5e2e-4e79-9bcc-9fee6192ebcc,나무뜰,소매업(인테리어소품),신안프라자전통시장,전통시장,경기도,,,
ceaf72e1c554b85eaf07,full_annotation_v1,A,q_철물_03,공구점,생활·마트 중 '철물'을 판매·제공하는 매장,train,철물,T2 동의어,1217097f-4c44-4be9-920e-004c5b46bd14,공구폰 나주점,,나주혁신도시 골목형상점가,골목형상점가,,,,
ee2bf80e216cdd4d6c79,full_annotation_v1,A,q_철물_03,공구점,생활·마트 중 '철물'을 판매·제공하는 매장,train,철물,T2 동의어,c708399e-b5f4-4346-be79-3fc4ca65c144,월출식당,한식,쌍촌로상인회 골목형상점가,골목형상점가,광주광역시,,,
425451c5f60d8c61dedd,full_annotation_v1,A,q_철물_03,공구점,생활·마트 중 '철물'을 판매·제공하는 매장,train,철물,T2 동의어,a6c65ccf-14a2-4a3f-91c4-4515c0be4424,유신공구,공구,산업용재유통센터 상인회 골목형상점가,골목형상점가,광주광역시,,,
bc319508d77c4d08c1ea,full_annotation_v1,A,q_철물_03,공구점,생활·마트 중 '철물'을 판매·제공하는 매장,train,철물,T2 동의어,007e8f5f-7711-4319-9176-92195d4fb772,금란열쇠철물,,양재잇길 골목형상점가,골목형상점가,서울특별시,,,
11262b585586184200f8,full_annotation_v1,A,q_철물_03,공구점,생활·마트 중 '철물'을 판매·제공하는 매장,train,철물,T2 동의어,4034382b-7f45-4a38-b8a9-bb3252b0893a,인천툴테크,공구,인천산업유통센터,전통시장,인천광역시,,,
b382b19098d43b646523,full_annotation_v1,A,q_철물_03,공구점,생활·마트 중 '철물'을 판매·제공하는 매장,train,철물,T2 동의어,0394caa3-10fc-4b86-b7e2-c7b1ac09d649,새마을종합인테리어,"인테리어(벽지,장판등)",성남남한산성시장(구 은행골목시장),전통시장,경기도,,,
054ccda145ca8d494a01,full_annotation_v1,A,q_철물_03,공구점,생활·마트 중 '철물'을 판매·제공하는 매장,train,철물,T2 동의어,3168da42-79d1-4760-90d4-e8d5e70dc931,노랑통닭 6·8공구점,치킨,더테라스골목형상점가,골목형상점가,인천광역시,,,
b056060cf7312f5c8082,full_annotation_v1,A,q_철물_03,공구점,생활·마트 중 '철물'을 판매·제공하는 매장,train,철물,T2 동의어,afadf385-b5e2-42da-990b-9f376b5ae53a,대성톱공구,공구,양동산업용품시장,전통시장,광주광역시,,,
94edb2fa16be713e7840,full_annotation_v1,A,q_철물_03,공구점,생활·마트 중 '철물'을 판매·제공하는 매장,train,철물,T2 동의어,023caaa3-b584-448b-a7b5-d20d8bc86c72,시화리데나,공구,시화유통상가,전통시장,경기도,,,
e97455c3a2f518de88b4,full_annotation_v1,A,q_철물_03,공구점,생활·마트 중 '철물'을 판매·제공하는 매장,train,철물,T2 동의어,c38ec3b8-0901-4239-8d79-6eade4c5f324,한신우동 송도8공구점,우동 돈까스,송도랜드마크시티 센트럴더샵 골목형상점가,골목형상점가,인천광역시,,,
f61199d5dc93334c5ceb,full_annotation_v1,A,q_철물_04,철물점,생활·마트 중 '철물'을 판매·제공하는 매장,train,철물,T2 동의어,fff984fc-3e86-4cfc-94b8-2a5662277156,연포철물점,철물,서부시장(서부재래시장),전통시장,충청남도,,,
26a8de3eb9fd6b32aab6,full_annotation_v1,A,q_철물_04,철물점,생활·마트 중 '철물'을 판매·제공하는 매장,train,철물,T2 동의어,d81c3083-cc8c-4b31-be68-5de72ba1fb77,제일농산,고추 참깨,목사랑시장,전통시장,서울특별시,,,
fd2d9b4816568e145d8b,full_annotation_v1,A,q_철물_04,철물점,생활·마트 중 '철물'을 판매·제공하는 매장,train,철물,T2 동의어,c468c893-72c0-46ae-8b5d-d28024b41d78,신흥전기철물,철물점,창원 지귀시장,전통시장,경상남도,,,
34a0207473c3b2228f48,full_annotation_v1,A,q_철물_04,철물점,생활·마트 중 '철물'을 판매·제공하는 매장,train,철물,T2 동의어,3c090079-35cb-4ff0-9e39-a93bae95d563,학교종이 땡땡땡,의류,백석한들1번가 골목형상점가,골목형상점가,충청남도,,,
120791dfefacdeac705c,full_annotation_v1,A,q_철물_04,철물점,생활·마트 중 '철물'을 판매·제공하는 매장,train,철물,T2 동의어,03ed7e29-3b6d-43fb-b9f7-dda372779d19,주식회사 신진와이케이,"철물, 건재",죽산골목형상점가,골목형상점가,경기도,,,
5d284ca25c026fa3beaf,full_annotation_v1,A,q_철물_04,철물점,생활·마트 중 '철물'을 판매·제공하는 매장,train,철물,T2 동의어,c7d8c376-7eaa-4b6d-808f-f217f9cbc396,신시철물,철물점,장호원전통시장,전통시장,경기도,,,
40bc2053b35a545016fd,full_annotation_v1,A,q_철물_04,철물점,생활·마트 중 '철물'을 판매·제공하는 매장,train,철물,T2 동의어,441a5299-64d2-4922-bc6b-3caeee64cdff,태백철물점,철물,소촌중앙 골목형상점가,골목형상점가,광주광역시,,,
50546fa77aa66031b019,full_annotation_v1,A,q_철물_04,철물점,생활·마트 중 '철물'을 판매·제공하는 매장,train,철물,T2 동의어,10efb0a5-a6e7-4a49-9e51-b709c647e4c8,다래디자인,인테리어,서초쇼핑골목형상점가,골목형상점가,서울특별시,,,
a9790a8cc94326370402,full_annotation_v1,A,q_철물_04,철물점,생활·마트 중 '철물'을 판매·제공하는 매장,train,철물,T2 동의어,0bd28800-62b5-493e-bcb6-764857407f23,화이트메종,인테리어,은구비서로사회적협동조합 골목형상점가,골목형상점가,대전광역시,,,
b514870243f113742fc3,full_annotation_v1,A,q_철물_04,철물점,생활·마트 중 '철물'을 판매·제공하는 매장,train,철물,T2 동의어,d9d9f79d-9f0d-48cf-9056-badf4b86d758,한국철물점,철물,화산면 골목형상점가,골목형상점가,전라남도,,,
294d62bb22571521d201,full_annotation_v1,A,q_철물_04,철물점,생활·마트 중 '철물'을 판매·제공하는 매장,train,철물,T2 동의어,de557c98-dfe2-4f30-b111-c571cd0391ac,새시장철물,기타(철물점),"임계사통팔달시장(임계시장, 송계5일장)",전통시장,강원특별자치도,,,
232e55d67ccd6445a176,full_annotation_v1,A,q_철물_04,철물점,생활·마트 중 '철물'을 판매·제공하는 매장,train,철물,T2 동의어,d9b235d0-b6d4-4786-8958-d2a7f9242efc,부덕철물점,철물점,운암이 골목형상점가,골목형상점가,광주광역시,,,
d0297617291f11ad8f70,full_annotation_v1,A,q_철물_04,철물점,생활·마트 중 '철물'을 판매·제공하는 매장,train,철물,T2 동의어,118f3ee0-de19-4001-a62c-ff72fbadf575,번영테크툴,공구,오정동상점가,자율상권구역,대전광역시,,,
522226ffb2e22c660fa0,full_annotation_v1,A,q_철물_04,철물점,생활·마트 중 '철물'을 판매·제공하는 매장,train,철물,T2 동의어,2bf823ef-f7e9-4c4d-a7cd-4a25ec7312a3,흥천철물,철물점,원주남부시장,전통시장,강원특별자치도,,,
af468067a2c63e8a81c6,full_annotation_v1,A,q_철물_04,철물점,생활·마트 중 '철물'을 판매·제공하는 매장,train,철물,T2 동의어,03b11cc8-b23f-4c62-9fdc-e3fb35350194,경북철물상회,철물,상주남성시장,전통시장,경상북도,,,
75d0b7334b190e7e6dc2,full_annotation_v1,A,q_철물_04,철물점,생활·마트 중 '철물'을 판매·제공하는 매장,train,철물,T2 동의어,f67625e2-253f-4397-8f58-05f483559696,퍼플,"의류, 잡화",제주중앙지하상가,일반지하상점가,제주특별자치도,,,
00bfb49396c48edd7d74,full_annotation_v1,A,q_철물_04,철물점,생활·마트 중 '철물'을 판매·제공하는 매장,train,철물,T2 동의어,e7e26b93-aee4-4f27-b103-2515ac365acf,충북철물점,철물,청주육거리종합시장,전통시장,충청북도,,,
e319bea53b393cde9d64,full_annotation_v1,A,q_철물_04,철물점,생활·마트 중 '철물'을 판매·제공하는 매장,train,철물,T2 동의어,08d279de-df58-4bbf-98b5-b53c1d84cb4b,헤스티아디자인,"가구, 인테리어",마산 북마산가구시장,전통시장,경상남도,,,
eeab2b4589d3186227a7,full_annotation_v1,A,q_철물_04,철물점,생활·마트 중 '철물'을 판매·제공하는 매장,train,철물,T2 동의어,0021ea65-4c59-4aa0-8d1c-95fe7b6686d0,공간인테리어,경미한공사(인테리어),여의동 골목형상점가,골목형상점가,전북특별자치도,,,
c4d73aacd1b66dd8ec00,full_annotation_v1,A,q_철물_04,철물점,생활·마트 중 '철물'을 판매·제공하는 매장,train,철물,T2 동의어,0682734b-5e2e-4e79-9bcc-9fee6192ebcc,나무뜰,소매업(인테리어소품),신안프라자전통시장,전통시장,경기도,,,
8fda10224a21ec2117a8,full_annotation_v1,A,q_철물_04,철물점,생활·마트 중 '철물'을 판매·제공하는 매장,train,철물,T2 동의어,01c3ec28-1ceb-48f0-88e2-030e84b4d3f4,해영함석,철물,고도리 장터거리 상점가,골목형상점가,전라남도,,,
87410017f8ca8a18d2e7,full_annotation_v1,A,q_철물_04,철물점,생활·마트 중 '철물'을 판매·제공하는 매장,train,철물,T2 동의어,007e8f5f-7711-4319-9176-92195d4fb772,금란열쇠철물,,양재잇길 골목형상점가,골목형상점가,서울특별시,,,
9f1b746788985c947fc0,full_annotation_v1,A,q_철물_04,철물점,생활·마트 중 '철물'을 판매·제공하는 매장,train,철물,T2 동의어,9381f2ae-538d-4f70-8c66-91f699eb4a46,동아철물점,,장흥중앙로 골목형상점가,골목형상점가,,,,
5060c697440eae6c314f,full_annotation_v1,A,q_철물_04,철물점,생활·마트 중 '철물'을 판매·제공하는 매장,train,철물,T2 동의어,74c1728a-656b-4798-96df-94e895264612,만물상회,철물점,통진시장,전통시장,경기도,,,
0b4b0ff11a4a9a8c64a8,full_annotation_v1,A,q_철물_04,철물점,생활·마트 중 '철물'을 판매·제공하는 매장,train,철물,T2 동의어,063e0bdb-f37d-403a-8d87-439096dd4a51,공감인테리어,실내 인테리어벽지장판목공타일류 등 및 컨설팅,운남7단지먹자거리 골목형상점가,골목형상점가,광주광역시,,,
02332406752df18f9d93,full_annotation_v1,A,q_철물_04,철물점,생활·마트 중 '철물'을 판매·제공하는 매장,train,철물,T2 동의어,3c88cedf-33f5-42b8-9bb3-b9b7ccdd909e,한독철물,철물점,산본로데오거리(구 산본중심상가),자율상권구역,경기도,,,
02bf6d85d7aa398d9d94,full_annotation_v1,A,q_철물_04,철물점,생활·마트 중 '철물'을 판매·제공하는 매장,train,철물,T2 동의어,064333ec-6fb6-4818-96ca-b519413a5547,㈜현대인테리어필름,건축자재,건축자재특화의거리,자율상권구역,광주광역시,,,
8d225fc3083616e2b58a,full_annotation_v1,A,q_철물_04,철물점,생활·마트 중 '철물'을 판매·제공하는 매장,train,철물,T2 동의어,0cb3602a-2dfc-4709-a660-fccabd8fa539,동민건축,인테리어,동먹골상가 골목형상점가,골목형상점가,대구광역시,,,
4fd5822aeb444199e873,full_annotation_v1,A,q_철물_04,철물점,생활·마트 중 '철물'을 판매·제공하는 매장,train,철물,T2 동의어,97d1432d-119d-4ba0-85d6-f460adc0df7a,대주철물점,철물,임방울거리3구역 골목형상점가,골목형상점가,광주광역시,,,
08c9067e295accb55fa7,full_annotation_v1,A,q_철물_04,철물점,생활·마트 중 '철물'을 판매·제공하는 매장,train,철물,T2 동의어,1d5b39b0-85be-48b9-9a4d-8a5896f68901,서울전기앵글,"철물점, 전기재료",장호원전통시장,전통시장,경기도,,,
49fcf71caf5fa117cb6b,full_annotation_v1,A,q_철물_04,철물점,생활·마트 중 '철물'을 판매·제공하는 매장,train,철물,T2 동의어,4e53eaab-65ae-45bf-94f7-5a1c04fa7b80,덕산철물,철물점,창원 덕산1차상가,전통시장,경상남도,,,
5bf6b06959bf478305b1,full_annotation_v1,A,q_철물_04,철물점,생활·마트 중 '철물'을 판매·제공하는 매장,train,철물,T2 동의어,e0692ead-17f7-4d46-ab12-496e425ce2c8,장모님떡집,떡,서정리시장(서정시장),전통시장,경기도,,,
22b80c893200c8d750a9,full_annotation_v1,A,q_철물_04,철물점,생활·마트 중 '철물'을 판매·제공하는 매장,train,철물,T2 동의어,c4289a89-fb17-4fb0-80b1-fb0b742369e1,부산철물,철물점,꿈꾸는건지골골목형상점가,골목형상점가,인천광역시,,,
e0a94c96bb8c5c4304a1,full_annotation_v1,A,q_철물_04,철물점,생활·마트 중 '철물'을 판매·제공하는 매장,train,철물,T2 동의어,48c0bd01-6b68-42c4-bfd7-e67b5cb2c552,이공커피 응암대림시장점,커피,응암골골목형상점가,골목형상점가,서울특별시,,,
f5bb5457ea982ac59142,full_annotation_v1,A,q_철물_04,철물점,생활·마트 중 '철물'을 판매·제공하는 매장,train,철물,T2 동의어,1021ceaa-6c95-4101-9c16-d2370f267dd1,그린콘트롤(대전),건축자재,용정 골목형상점가,골목형상점가,대전광역시,,,
19dba34147f2850a0d89,full_annotation_v1,A,q_철물_04,철물점,생활·마트 중 '철물'을 판매·제공하는 매장,train,철물,T2 동의어,7781036f-50ef-435a-a3a2-dfc541904539,평화식품,야채.식료품,녹동전통시장,전통시장,전라남도,,,
416bb4216dc092afe21f,full_annotation_v1,A,q_철물_04,철물점,생활·마트 중 '철물'을 판매·제공하는 매장,train,철물,T2 동의어,465565f3-4cb9-4beb-b682-46320d094502,양곡철물점,철물,창원 양곡시장,전통시장,경상남도,,,
22f25a7f6c81d4df017d,full_annotation_v1,A,q_철물_04,철물점,생활·마트 중 '철물'을 판매·제공하는 매장,train,철물,T2 동의어,0e74e5a3-6b87-4d63-b656-c9d7ba19c417,디에스공구,공구,오정동상점가,자율상권구역,대전광역시,,,
4138f411c45e2ba46216,full_annotation_v1,A,q_철물_04,철물점,생활·마트 중 '철물'을 판매·제공하는 매장,train,철물,T2 동의어,c51d1c9a-3f2b-4337-8099-5ea0d1b2ccbe,자전차형제철물점,철물점,삼호읍 중앙 골목형상점가,골목형상점가,전라남도,,,
f2927b348fa7affc38dd,full_annotation_v1,A,q_철물_04,철물점,생활·마트 중 '철물'을 판매·제공하는 매장,train,철물,T2 동의어,8643d250-8630-4bbd-bfb2-fcf4d858b592,중앙수도사,철물점,서천시장거리 골목형상점가,골목형상점가,충청남도,,,
6ee1ad674f5d6f9f6846,full_annotation_v1,A,q_철물_04,철물점,생활·마트 중 '철물'을 판매·제공하는 매장,train,철물,T2 동의어,bf51dc29-65f5-4e55-93db-16717f0f785f,천일공구철물,철물점,장호원전통시장,전통시장,경기도,,,
8a5037066d98e4ac9e4b,full_annotation_v1,A,q_철물_04,철물점,생활·마트 중 '철물'을 판매·제공하는 매장,train,철물,T2 동의어,8b2bed6f-b8bb-45dc-94df-1d689921a011,정민철물인테리어,철물점,작전시장,전통시장,인천광역시,,,
36f7677bf7ccc9e824f6,full_annotation_v1,A,q_철물_04,철물점,생활·마트 중 '철물'을 판매·제공하는 매장,train,철물,T2 동의어,7b6ac506-25a3-4fcc-abad-98fde0dfe1bd,88켄터키치킨동림점,치킨,동림4단지 골목형상점가,골목형상점가,광주광역시,,,
af7cccaf2b6064627fcd,full_annotation_v1,A,q_철물_04,철물점,생활·마트 중 '철물'을 판매·제공하는 매장,train,철물,T2 동의어,311f4dba-85f7-4d8b-94c3-d3f7c691e683,잇츠닭강정,한식,봉리단길골목형상점가,골목형상점가,서울특별시,,,
b82f29c62f45f1c91446,full_annotation_v1,A,q_철물_04,철물점,생활·마트 중 '철물'을 판매·제공하는 매장,train,철물,T2 동의어,196da3a6-7f8f-4205-a09f-3a8cc7412493,기준철물점,철물,부안석정 골목형상점가,골목형상점가,전북특별자치도,,,
48a49c2dd8dd76c6d1b0,full_annotation_v1,A,q_철물_04,철물점,생활·마트 중 '철물'을 판매·제공하는 매장,train,철물,T2 동의어,0d6e2499-4722-4e64-b3ad-9f87d6f60ed0,유화건재,건축자재,무주반딧불상권활성화구역,상권활성화구역,전북특별자치도,,,
2265add953d2c7785c0d,full_annotation_v1,A,q_철물_04,철물점,생활·마트 중 '철물'을 판매·제공하는 매장,train,철물,T2 동의어,0de6e513-aaa9-4e26-93b1-0781b54f90ef,광진철물점,철물,김제금만시장,전통시장,전북특별자치도,,,
fba02d2ae2ddc52b0ca9,full_annotation_v1,A,q_철물_04,철물점,생활·마트 중 '철물'을 판매·제공하는 매장,train,철물,T2 동의어,8d735571-3377-4624-96e2-7695b642b482,임천철물점,철물,부여시장,전통시장,충청남도,,,
d3d216cd2febff94bf77,full_annotation_v1,A,q_철물_04,철물점,생활·마트 중 '철물'을 판매·제공하는 매장,train,철물,T2 동의어,695f9ac3-c838-45b5-8e30-593f2d657407,스타일마스터더블유헤,미용실,평촌1번가 상점가,자율상권구역,경기도,,,
bd0f731b628f6752ea80,full_annotation_v1,A,q_철물_04,철물점,생활·마트 중 '철물'을 판매·제공하는 매장,train,철물,T2 동의어,785a8567-06bd-460c-a4d9-48e3671e8ac6,오수철물점,철물,오수상점가,자율상권구역,전북특별자치도,,,
d8cbffea36f296d8cc50,full_annotation_v1,A,q_철물_04,철물점,생활·마트 중 '철물'을 판매·제공하는 매장,train,철물,T2 동의어,5ec8e99b-e310-4f92-9a21-ad9b4d95f39a,대광철물,철물점,봉산동 골목형상점가,골목형상점가,대전광역시,,,
896b9426578540edeca1,full_annotation_v1,A,q_철물_04,철물점,생활·마트 중 '철물'을 판매·제공하는 매장,train,철물,T2 동의어,64d2aaa7-65f6-4230-9029-10c4731da9cb,육일철물점,철물,고산구시장 상점가,자율상권구역,전북특별자치도,,,
9f1de68c780739e5efd0,full_annotation_v1,A,q_철물_04,철물점,생활·마트 중 '철물'을 판매·제공하는 매장,train,철물,T2 동의어,0b647d8c-0248-4721-993c-5bc398b96821,(주)에스케이스틸,스텐레스 파이프 환봉 앵글 외,공구의거리,자율상권구역,광주광역시,,,
90d773ab9a1408cf2c34,full_annotation_v1,A,q_철물_04,철물점,생활·마트 중 '철물'을 판매·제공하는 매장,train,철물,T2 동의어,378636a5-37fb-49b9-b6df-10f3eeed56ee,평화기물상사,철물점,삼척중앙시장,전통시장,강원특별자치도,,,
13c5d46edbe3158facea,full_annotation_v1,A,q_철물_04,철물점,생활·마트 중 '철물'을 판매·제공하는 매장,train,철물,T2 동의어,82c01738-6dc8-4858-9b3a-0c23659ef147,주식회사 에스티시스템,컴퓨터 및 주변기기 등,대구종합유통단지전자관사업협동조합,전통시장,대구광역시,,,
6bc1597a0dd6611d9221,full_annotation_v1,A,q_철물_04,철물점,생활·마트 중 '철물'을 판매·제공하는 매장,train,철물,T2 동의어,4d66b1be-4fc1-4f40-ba42-ab2f433c2bb9,쏠레이오,의류,중앙로 지하상가 상점가,일반지하상점가,대전광역시,,,
81e88fa65c2fd4bbbd84,full_annotation_v1,A,q_철물_04,철물점,생활·마트 중 '철물'을 판매·제공하는 매장,train,철물,T2 동의어,023caaa3-b584-448b-a7b5-d20d8bc86c72,시화리데나,공구,시화유통상가,전통시장,경기도,,,
b9bef5a488225be4fb4c,full_annotation_v1,A,q_철물_04,철물점,생활·마트 중 '철물'을 판매·제공하는 매장,train,철물,T2 동의어,01945ad9-1cfb-471d-8f25-2d6d23ff6c5b,서해건재,철물 건축자재,청학동골목형상점가,골목형상점가,인천광역시,,,
6eb0acf53540d4619848,full_annotation_v1,A,q_철물_04,철물점,생활·마트 중 '철물'을 판매·제공하는 매장,train,철물,T2 동의어,36e3447b-ebc1-4377-aab8-99d9cc396000,서산집수리센터,철물점,계산시장,전통시장,인천광역시,,,
37ed0634d57dc60d9e56,full_annotation_v1,A,q_철물_04,철물점,생활·마트 중 '철물'을 판매·제공하는 매장,train,철물,T2 동의어,abc274f3-f35b-453b-9317-395c66741cee,대경상사,철물점,엄사 골목형상점가,골목형상점가,충청남도,,,
310185632d361939e89c,full_annotation_v1,A,q_철물_04,철물점,생활·마트 중 '철물'을 판매·제공하는 매장,train,철물,T2 동의어,bd23777e-7e85-475d-95c6-2b990e90087a,함소아한의원,한약,사리골상점가,자율상권구역,경기도,,,
f41d415ff62ad45626d4,full_annotation_v1,A,q_철물_04,철물점,생활·마트 중 '철물'을 판매·제공하는 매장,train,철물,T2 동의어,0440c80b-2086-4ca5-a845-030f729ccef4,청림목재,목재합판기타건축자재,주월1동독립로 골목형상점가,골목형상점가,광주광역시,,,
5220f3dc1071930e3bc3,full_annotation_v1,A,q_철물_04,철물점,생활·마트 중 '철물'을 판매·제공하는 매장,train,철물,T2 동의어,0264d000-4eb1-4469-bf71-fa1cb1da9bee,우리철물,철물,상원시장,전통시장,대구광역시,,,
b4e6c00021d84cd2ac60,full_annotation_v1,A,q_철물_04,철물점,생활·마트 중 '철물'을 판매·제공하는 매장,train,철물,T2 동의어,29674311-966d-4074-ae59-fe7e8434932a,대진철물점,철물,서천특화시장,전통시장,충청남도,,,
49afffdd78a1cc53e41e,full_annotation_v1,A,q_철물_04,철물점,생활·마트 중 '철물'을 판매·제공하는 매장,train,철물,T2 동의어,01c220a8-63b9-4819-859f-434a0f83cadf,제일상사,페인트 유리 도장공사 방수공사,장흥중앙로 골목형상점가,골목형상점가,전라남도,,,
d3f9eef448b6015a1d0f,full_annotation_v1,A,q_철물_04,철물점,생활·마트 중 '철물'을 판매·제공하는 매장,train,철물,T2 동의어,00bfa2e9-dca4-4800-b2ca-9d160826e04b,현대철물,철물,청운시장골목형상점가,골목형상점가,경기도,,,
0df239f72da305ed010e,full_annotation_v1,A,q_철물_04,철물점,생활·마트 중 '철물'을 판매·제공하는 매장,train,철물,T2 동의어,0394caa3-10fc-4b86-b7e2-c7b1ac09d649,새마을종합인테리어,"인테리어(벽지,장판등)",성남남한산성시장(구 은행골목시장),전통시장,경기도,,,
158e47e3c28acdb9834d,full_annotation_v1,A,q_철물_04,철물점,생활·마트 중 '철물'을 판매·제공하는 매장,train,철물,T2 동의어,66de30e7-3a55-4ed5-b253-ed773de6cf03,구구치과,치과,말바우우산 골목형상점가,골목형상점가,광주광역시,,,
3dc9d25e60d53f7e4619,full_annotation_v1,A,q_철물_04,철물점,생활·마트 중 '철물'을 판매·제공하는 매장,train,철물,T2 동의어,1c896b64-59ef-49f6-ad4a-b865e0254372,정암건업,페인트,오케이 양산동 골목형상점가,골목형상점가,광주광역시,,,
9f0b6f7299761a05adf5,full_annotation_v1,A,q_철물_04,철물점,생활·마트 중 '철물'을 판매·제공하는 매장,train,철물,T2 동의어,1691f0af-b105-42e8-ac64-f7f7eeb50a3c,성광철물,철물점,부산자유시장,전통시장,부산광역시,,,
3c8838c983e2ab90300f,full_annotation_v1,A,q_철물_04,철물점,생활·마트 중 '철물'을 판매·제공하는 매장,train,철물,T2 동의어,28b57e2f-9306-4242-98b1-9e0ac6fe1e27,일신철물건재상사,철물점,증평군 중앙로 골목형상점가,골목형상점가,충청북도,,,
425ba2ea2386765ce4e1,full_annotation_v1,A,q_철물_04,철물점,생활·마트 중 '철물'을 판매·제공하는 매장,train,철물,T2 동의어,2749fb27-1242-4ac6-84d7-ab1b91893529,호박,의류 잡화,삼성테마트 골목형상점가,골목형상점가,서울특별시,,,
f1732744ddf598789ca4,full_annotation_v1,A,q_철물_04,철물점,생활·마트 중 '철물'을 판매·제공하는 매장,train,철물,T2 동의어,781e5b00-7d77-419f-801e-a702a325be96,한흥철물점,철물,인후동 삼각지 골목형상점가,골목형상점가,전북특별자치도,,,
58a7f1de1a0421eee0b0,full_annotation_v1,A,q_철물_04,철물점,생활·마트 중 '철물'을 판매·제공하는 매장,train,철물,T2 동의어,0c3e2ec5-bf0e-42a6-922c-695b13f69c21,부흥기업,페인트,삼송상점가,자율상권구역,경기도,,,
6ce056660f76d1601e91,full_annotation_v1,A,q_철물_04,철물점,생활·마트 중 '철물'을 판매·제공하는 매장,train,철물,T2 동의어,0e58a380-1033-4607-8741-30d594868bcb,창신텍,공구,부산산업용품상협동조합,전통시장,부산광역시,,,
0f8f3840fe52ebeacf9c,full_annotation_v1,A,q_철물_04,철물점,생활·마트 중 '철물'을 판매·제공하는 매장,train,철물,T2 동의어,58296a16-6c63-4b46-ad11-e43259fe0227,시온철물점,철물,서천특화시장,전통시장,충청남도,,,
e3a6d80dd452f4a9afd0,full_annotation_v1,A,q_철물_04,철물점,생활·마트 중 '철물'을 판매·제공하는 매장,train,철물,T2 동의어,48ccb32d-c3d6-4ccf-8271-5f60e4a95e2a,제일철물점,소매업(철물점),하남시동석바대상점가,자율상권구역,경기도,,,
8dafc7caeda6987b9b10,full_annotation_v1,A,q_철물_04,철물점,생활·마트 중 '철물'을 판매·제공하는 매장,train,철물,T2 동의어,f331f5d4-d1cd-4de1-93a2-273ed4754364,신안철물,철물점 전기재료,신안동서암대로 골목형상점가,골목형상점가,광주광역시,,,
e36ed9299dd4f9f2a4cd,full_annotation_v1,A,q_철물_04,철물점,생활·마트 중 '철물'을 판매·제공하는 매장,train,철물,T2 동의어,0b14b699-b1bb-488d-abd7-379638a41d01,ABC케미칼,페인트,인천산업유통센터,전통시장,인천광역시,,,
336f73e6fc83bbd581d6,full_annotation_v1,A,q_철물_04,철물점,생활·마트 중 '철물'을 판매·제공하는 매장,train,철물,T2 동의어,0c1fea45-e416-4616-8cad-2379b68394fe,상무철물,철물점,쌍촌로상인회 골목형상점가,골목형상점가,광주광역시,,,
b83b525f94a16b9d9c5a,full_annotation_v1,A,q_철물_04,철물점,생활·마트 중 '철물'을 판매·제공하는 매장,train,철물,T2 동의어,0fc91673-8155-4c73-b8b7-7b5b09f61cc8,노루표페인트,페인트,충주자유시장,전통시장,충청북도,,,
52b897f24e552929ab1a,full_annotation_v1,A,q_철물_04,철물점,생활·마트 중 '철물'을 판매·제공하는 매장,train,철물,T2 동의어,532094e6-9009-4af4-8dd7-5ee0186677df,대원종합철물,철물점,청주육거리종합시장,전통시장,충청북도,,,
4228ee3cd0eaf81f3457,full_annotation_v1,A,q_철물_04,철물점,생활·마트 중 '철물'을 판매·제공하는 매장,train,철물,T2 동의어,103269b3-10c1-4b46-9cfc-645812cede2a,중앙상회,"소매업(철물점,가정용품)",월드프라자,전통시장,경기도,,,
23d0ca721b6ab39db383,full_annotation_v1,A,q_철물_04,철물점,생활·마트 중 '철물'을 판매·제공하는 매장,train,철물,T2 동의어,45db73ef-a500-4711-bb2c-f7382099dfd3,강쌤 철물점,철물점,월산상가 골목형 상점가,골목형상점가,충청남도,,,
d5f8c429bfb8d82213d0,full_annotation_v1,A,q_철물_04,철물점,생활·마트 중 '철물'을 판매·제공하는 매장,train,철물,T2 동의어,b50c3478-d611-4d5d-a361-55f7ec0e7452,광진철물 전기,철물점.전기.기타,수원남문패션1번가시장,전통시장,경기도,,,
9fe45f70265a9da1b4c7,full_annotation_v1,A,q_철물_04,철물점,생활·마트 중 '철물'을 판매·제공하는 매장,train,철물,T2 동의어,871c0c0d-243b-46bf-9c94-ad5cb628b2ba,대성종합상사,철물점,사거리온누리 골목형상점가,골목형상점가,충청남도,,,
e21a4f7726566671088f,full_annotation_v1,A,q_철물_04,철물점,생활·마트 중 '철물'을 판매·제공하는 매장,train,철물,T2 동의어,0cac8dcf-2226-4b69-b15a-b4b1d5cf5d67,대화철물점,철물,전주풍남문상점가,자율상권구역,전북특별자치도,,,
822da4cabdec6c493502,full_annotation_v1,A,q_철물_04,철물점,생활·마트 중 '철물'을 판매·제공하는 매장,train,철물,T2 동의어,0f3e0984-6986-4589-8aa2-774363733600,생초종합인테리어,인테리어,못골골목시장,전통시장,부산광역시,,,
0b40c2b10145b119e495,full_annotation_v1,A,q_철물_04,철물점,생활·마트 중 '철물'을 판매·제공하는 매장,train,철물,T2 동의어,24bf5998-e758-4470-a845-fa0549f52c64,과일나무,농산물,운암북문대로 골목형상점가,골목형상점가,광주광역시,,,
b0ccd368d662785b076d,full_annotation_v1,A,q_철물_04,철물점,생활·마트 중 '철물'을 판매·제공하는 매장,train,철물,T2 동의어,0a46ba75-4fae-4472-a829-c67c26331da5,효성상사,공구,북성로상점가,자율상권구역,대구광역시,,,
0882bb748bd29fd90a1b,full_annotation_v1,A,q_철물_04,철물점,생활·마트 중 '철물'을 판매·제공하는 매장,train,철물,T2 동의어,70da37b9-de91-4b9c-8fdb-42b9b18d9b11,명주철물상사,철물점,동해묵호시장,전통시장,강원특별자치도,,,
70885f03a6fc07e3c2ab,full_annotation_v1,A,q_철물_04,철물점,생활·마트 중 '철물'을 판매·제공하는 매장,train,철물,T2 동의어,b55254d4-d2b4-4d64-8eaa-711932c1089c,송탄철물점,철물,송탄시장(송북시장),전통시장,경기도,,,
4849b002fd3c500fde37,full_annotation_v1,A,q_철물_05,페인트,생활·마트 중 '철물'을 판매·제공하는 매장,train,철물,T2 동의어,d28a0f34-7a65-4c40-84c8-87604d0b1215,대왕상회,건어불,번개시장,전통시장,대구광역시,,,
45ed081c5af1a835b5f0,full_annotation_v1,A,q_철물_05,페인트,생활·마트 중 '철물'을 판매·제공하는 매장,train,철물,T2 동의어,023caaa3-b584-448b-a7b5-d20d8bc86c72,시화리데나,공구,시화유통상가,전통시장,경기도,,,
c9fd728a8b6a08e36e0e,full_annotation_v1,A,q_철물_05,페인트,생활·마트 중 '철물'을 판매·제공하는 매장,train,철물,T2 동의어,9b4d116d-ea94-4e24-9c28-5062369795f2,노루페인트,페인트,쌍촌역상인회 골목형상점가,골목형상점가,광주광역시,,,
f521754003b3f4d0bcf8,full_annotation_v1,A,q_철물_05,페인트,생활·마트 중 '철물'을 판매·제공하는 매장,train,철물,T2 동의어,9165e799-a653-4c3c-9d40-cd6258c384fb,매일청과,청과,1913송정역시장,전통시장,광주광역시,,,
293a9fede093711e92e0,full_annotation_v1,A,q_철물_05,페인트,생활·마트 중 '철물'을 판매·제공하는 매장,train,철물,T2 동의어,0fc91673-8155-4c73-b8b7-7b5b09f61cc8,노루표페인트,페인트,충주자유시장,전통시장,충청북도,,,
5260c74994f19d273a2d,full_annotation_v1,A,q_철물_05,페인트,생활·마트 중 '철물'을 판매·제공하는 매장,train,철물,T2 동의어,03ed7e29-3b6d-43fb-b9f7-dda372779d19,주식회사 신진와이케이,"철물, 건재",죽산골목형상점가,골목형상점가,경기도,,,
4c346acb23151e252268,full_annotation_v1,A,q_철물_05,페인트,생활·마트 중 '철물'을 판매·제공하는 매장,train,철물,T2 동의어,3e887063-7c8d-48f3-bb43-f9ba6aa83489,{주} 동산도료,페인트,구미산업유통단지,전통시장,경상북도,,,
e62f5b40046c409ea63b,full_annotation_v1,A,q_철물_05,페인트,생활·마트 중 '철물'을 판매·제공하는 매장,train,철물,T2 동의어,c03bf6f0-dbc6-42ad-a649-680c123d3dc4,토탈하우징시스템,페인트,일곡동(제1지역:자연마을 일동초 거리) 골목형상점가,골목형상점가,광주광역시,,,
301e78311d435452def4,full_annotation_v1,A,q_철물_05,페인트,생활·마트 중 '철물'을 판매·제공하는 매장,train,철물,T2 동의어,3280c174-ba37-41ce-a5a5-d5d313127e99,대한도료산업㈜,페인트,공구의거리,자율상권구역,광주광역시,,,
11aaa5bc5d56490671cd,full_annotation_v1,A,q_철물_05,페인트,생활·마트 중 '철물'을 판매·제공하는 매장,train,철물,T2 동의어,256364ef-6ba5-476a-b3d8-9f6aeb9b6725,KCC페인트 분도건업,페인트,두암초주변 골목형상점가,골목형상점가,광주광역시,,,
bab88bc2f574e35feb7b,full_annotation_v1,A,q_철물_05,페인트,생활·마트 중 '철물'을 판매·제공하는 매장,train,철물,T2 동의어,1021ceaa-6c95-4101-9c16-d2370f267dd1,그린콘트롤(대전),건축자재,용정 골목형상점가,골목형상점가,대전광역시,,,
4058bb9c21c5bd9fa280,full_annotation_v1,A,q_철물_05,페인트,생활·마트 중 '철물'을 판매·제공하는 매장,train,철물,T2 동의어,ea09a737-ccb1-4d0a-b75e-1ab723ff78c4,조광페인트,페인트,도군머리 골목형상점가,골목형상점가,광주광역시,,,
12bca446e5d40e8d0ba2,full_annotation_v1,A,q_철물_05,페인트,생활·마트 중 '철물'을 판매·제공하는 매장,train,철물,T2 동의어,91846da2-0c76-4cda-9a0b-07210f732778,한국도료,페인트,첨단이웃사랑 골목형상점가,골목형상점가,광주광역시,,,
4300ccf34d3b95eb2cc9,full_annotation_v1,A,q_철물_05,페인트,생활·마트 중 '철물'을 판매·제공하는 매장,train,철물,T2 동의어,8ef7f8af-0502-409d-b0f5-61abce4a1651,검단종합도료,페인트,산업용재관,전통시장,대구광역시,,,
d3b286604163de6b978f,full_annotation_v1,A,q_철물_05,페인트,생활·마트 중 '철물'을 판매·제공하는 매장,train,철물,T2 동의어,75e918d6-4448-447b-aac3-38476405f39b,화산중앙유리페인트,페인트,화산면 골목형상점가,골목형상점가,전라남도,,,
d284f07d1784fa8157fb,full_annotation_v1,A,q_철물_05,페인트,생활·마트 중 '철물'을 판매·제공하는 매장,train,철물,T2 동의어,9cda0233-3d37-466b-8d66-17da1c07f3ee,자연페인트,페인트,동림2 골목형상점가,골목형상점가,광주광역시,,,
3bfdba3fd576f723f6b6,full_annotation_v1,A,q_철물_05,페인트,생활·마트 중 '철물'을 판매·제공하는 매장,train,철물,T2 동의어,922cc08b-ced3-4838-9f4d-90e63b04aadf,씨,의류소매업,평화로상가,자율상권구역,경상북도,,,
5466bef668a419fae729,full_annotation_v1,A,q_철물_05,페인트,생활·마트 중 '철물'을 판매·제공하는 매장,train,철물,T2 동의어,5ac241ca-13bd-45ab-8dac-b6281a479299,남영철물페인트,철물 페인트,중흥청춘로 골목형상점가,골목형상점가,광주광역시,,,
b438df2522318670139b,full_annotation_v1,A,q_철물_05,페인트,생활·마트 중 '철물'을 판매·제공하는 매장,train,철물,T2 동의어,064333ec-6fb6-4818-96ca-b519413a5547,㈜현대인테리어필름,건축자재,건축자재특화의거리,자율상권구역,광주광역시,,,
d6f4491c348e938afc37,full_annotation_v1,A,q_철물_05,페인트,생활·마트 중 '철물'을 판매·제공하는 매장,train,철물,T2 동의어,4fb0350c-8b49-4fac-9cd9-7759f98ab557,무지개페인트,페인트,오치1동 골목형상점가,골목형상점가,광주광역시,,,
d028c0715c853a221a95,full_annotation_v1,A,q_철물_05,페인트,생활·마트 중 '철물'을 판매·제공하는 매장,train,철물,T2 동의어,03b11cc8-b23f-4c62-9fdc-e3fb35350194,경북철물상회,철물,상주남성시장,전통시장,경상북도,,,
33baa8193a26b2a5713e,full_annotation_v1,A,q_철물_05,페인트,생활·마트 중 '철물'을 판매·제공하는 매장,train,철물,T2 동의어,dd20d05b-c271-4cfe-8272-4f62845cb488,조광페인트특판석교상사,페인트,용주로사랑길 골목형상점가,골목형상점가,광주광역시,,,
30b572a3758c5dcd005c,full_annotation_v1,A,q_철물_05,페인트,생활·마트 중 '철물'을 판매·제공하는 매장,train,철물,T2 동의어,32857caf-79d2-47a8-b143-795896a1ee7c,프라임 애견,애견미용,머내마을 상점가,골목형상점가,경기도,,,
fe7f54439ab02d237600,full_annotation_v1,A,q_철물_05,페인트,생활·마트 중 '철물'을 판매·제공하는 매장,train,철물,T2 동의어,063e0bdb-f37d-403a-8d87-439096dd4a51,공감인테리어,실내 인테리어벽지장판목공타일류 등 및 컨설팅,운남7단지먹자거리 골목형상점가,골목형상점가,광주광역시,,,
d6343eb7e33746a8e60c,full_annotation_v1,A,q_철물_05,페인트,생활·마트 중 '철물'을 판매·제공하는 매장,train,철물,T2 동의어,7a244845-9ecd-4853-852e-8f45e938a2f7,조이상사,페인트,신중부시장,전통시장,서울특별시,,,
0475bf9090af282e03a8,full_annotation_v1,A,q_철물_05,페인트,생활·마트 중 '철물'을 판매·제공하는 매장,train,철물,T2 동의어,10efb0a5-a6e7-4a49-9e51-b709c647e4c8,다래디자인,인테리어,서초쇼핑골목형상점가,골목형상점가,서울특별시,,,
afb8c14928b4066c61b5,full_annotation_v1,A,q_철물_05,페인트,생활·마트 중 '철물'을 판매·제공하는 매장,train,철물,T2 동의어,0d6e2499-4722-4e64-b3ad-9f87d6f60ed0,유화건재,건축자재,무주반딧불상권활성화구역,상권활성화구역,전북특별자치도,,,
f2a462be7005f124ee5c,full_annotation_v1,A,q_철물_05,페인트,생활·마트 중 '철물'을 판매·제공하는 매장,train,철물,T2 동의어,e484fcd3-028e-4b10-b46a-63225175565d,바울건업,페인트,오치1동(제2지역:북부소방서 사거리) 골목형상점가,골목형상점가,광주광역시,,,
cbd0c5f26a438670abd4,full_annotation_v1,A,q_철물_05,페인트,생활·마트 중 '철물'을 판매·제공하는 매장,train,철물,T2 동의어,08d279de-df58-4bbf-98b5-b53c1d84cb4b,헤스티아디자인,"가구, 인테리어",마산 북마산가구시장,전통시장,경상남도,,,
a5acd3bed142aedbed0f,full_annotation_v1,A,q_철물_05,페인트,생활·마트 중 '철물'을 판매·제공하는 매장,train,철물,T2 동의어,01945ad9-1cfb-471d-8f25-2d6d23ff6c5b,서해건재,철물 건축자재,청학동골목형상점가,골목형상점가,인천광역시,,,
a344f10d512ea1d9e24d,full_annotation_v1,A,q_철물_05,페인트,생활·마트 중 '철물'을 판매·제공하는 매장,train,철물,T2 동의어,863b8be6-48eb-4e43-bce4-58d602b88d56,KCC페인트 서원산업건설,페인트,주월리 골목형상점가,골목형상점가,광주광역시,,,
297aefae9546a176534c,full_annotation_v1,A,q_철물_05,페인트,생활·마트 중 '철물'을 판매·제공하는 매장,train,철물,T2 동의어,118f3ee0-de19-4001-a62c-ff72fbadf575,번영테크툴,공구,오정동상점가,자율상권구역,대전광역시,,,
0241613fb607e65d6cc8,full_annotation_v1,A,q_철물_05,페인트,생활·마트 중 '철물'을 판매·제공하는 매장,train,철물,T2 동의어,0c3e2ec5-bf0e-42a6-922c-695b13f69c21,부흥기업,페인트,삼송상점가,자율상권구역,경기도,,,
c93be95189b48b10408a,full_annotation_v1,A,q_철물_05,페인트,생활·마트 중 '철물'을 판매·제공하는 매장,train,철물,T2 동의어,0cb3602a-2dfc-4709-a660-fccabd8fa539,동민건축,인테리어,동먹골상가 골목형상점가,골목형상점가,대구광역시,,,
e2153211494654fb6391,full_annotation_v1,A,q_철물_05,페인트,생활·마트 중 '철물'을 판매·제공하는 매장,train,철물,T2 동의어,2e38bebd-d1d4-4483-8a08-5b710a76f77c,삼성캐미칼,페인트,우산골 골목형상점가,골목형상점가,광주광역시,,,
1f05aa1d398ea8be5810,full_annotation_v1,A,q_철물_05,페인트,생활·마트 중 '철물'을 판매·제공하는 매장,train,철물,T2 동의어,06e63240-fb24-4b43-b99c-be51f72858ce,애터미,"도소매(화장품,주방용품)",코끼리시장,전통시장,경기도,,,
533b650c19765b953549,full_annotation_v1,A,q_철물_05,페인트,생활·마트 중 '철물'을 판매·제공하는 매장,train,철물,T2 동의어,0a46ba75-4fae-4472-a829-c67c26331da5,효성상사,공구,북성로상점가,자율상권구역,대구광역시,,,
cc97eddb05df70c89cbe,full_annotation_v1,A,q_철물_05,페인트,생활·마트 중 '철물'을 판매·제공하는 매장,train,철물,T2 동의어,01c220a8-63b9-4819-859f-434a0f83cadf,제일상사,페인트 유리 도장공사 방수공사,장흥중앙로 골목형상점가,골목형상점가,전라남도,,,
2857549977c0f032f8ff,full_annotation_v1,A,q_철물_05,페인트,생활·마트 중 '철물'을 판매·제공하는 매장,train,철물,T2 동의어,00bfa2e9-dca4-4800-b2ca-9d160826e04b,현대철물,철물,청운시장골목형상점가,골목형상점가,경기도,,,
4b2af4d37918e9b42178,full_annotation_v1,A,q_철물_05,페인트,생활·마트 중 '철물'을 판매·제공하는 매장,train,철물,T2 동의어,0264d000-4eb1-4469-bf71-fa1cb1da9bee,우리철물,철물,상원시장,전통시장,대구광역시,,,
ee78b8fec90e953386d2,full_annotation_v1,A,q_철물_05,페인트,생활·마트 중 '철물'을 판매·제공하는 매장,train,철물,T2 동의어,74fec428-2010-4c7d-b7fe-30ded77b942b,학표페인트,페인트,무주반딧불상권활성화구역,상권활성화구역,전북특별자치도,,,
c7ac763e9f27605bb604,full_annotation_v1,A,q_철물_05,페인트,생활·마트 중 '철물'을 판매·제공하는 매장,train,철물,T2 동의어,0e74e5a3-6b87-4d63-b656-c9d7ba19c417,디에스공구,공구,오정동상점가,자율상권구역,대전광역시,,,
52d381205dc9efe2794a,full_annotation_v1,A,q_철물_05,페인트,생활·마트 중 '철물'을 판매·제공하는 매장,train,철물,T2 동의어,3cc8988e-4b56-4233-bbc3-46b8eb4c83cc,담백한그집,,일우연동시장 골목형상점가,골목형상점가,제주특별자치도,,,
f4e1ee0edba494a37455,full_annotation_v1,A,q_철물_05,페인트,생활·마트 중 '철물'을 판매·제공하는 매장,train,철물,T2 동의어,da8c3b8d-a1f0-4873-85c2-ecdc3f40819f,무지개상사,페인트,달아실 골목형상점가,골목형상점가,광주광역시,,,
467bd6657c68015d9fe4,full_annotation_v1,A,q_철물_05,페인트,생활·마트 중 '철물'을 판매·제공하는 매장,train,철물,T2 동의어,5ffb37c9-b3d1-4f57-8f87-d66f6c356d17,고려상사,페인트,인천산업유통센터,전통시장,인천광역시,,,
c85bda21b5eefd250efc,full_annotation_v1,A,q_철물_05,페인트,생활·마트 중 '철물'을 판매·제공하는 매장,train,철물,T2 동의어,41429fc4-137d-438e-98b6-a21e18c02e06,제일도료,페인트,인천산업유통센터,전통시장,인천광역시,,,
4a1d43f52a0ec5e8a841,full_annotation_v1,A,q_철물_05,페인트,생활·마트 중 '철물'을 판매·제공하는 매장,train,철물,T2 동의어,01c3ec28-1ceb-48f0-88e2-030e84b4d3f4,해영함석,철물,고도리 장터거리 상점가,골목형상점가,전라남도,,,
f3f3373fa3a80f82b6d1,full_annotation_v1,A,q_철물_05,페인트,생활·마트 중 '철물'을 판매·제공하는 매장,train,철물,T2 동의어,f954c4b2-0486-4b0f-8a62-1e92a8409567,못난이분식,분식류,수암상가시장,전통시장,울산광역시,,,
0e8799809c314985ed40,full_annotation_v1,A,q_철물_05,페인트,생활·마트 중 '철물'을 판매·제공하는 매장,train,철물,T2 동의어,a7b4c8fd-a050-4767-ae73-15d1345f3642,제일페인트,페인트,봉화내성시장,전통시장,경상북도,,,
4aea839b6093284e7427,full_annotation_v1,A,q_철물_05,페인트,생활·마트 중 '철물'을 판매·제공하는 매장,train,철물,T2 동의어,47c8e55d-fc60-47b3-8933-a0236c9f9a53,삼화페인트,페인트,공산성골목형상점가,골목형상점가,충청남도,,,
bf76307d60baa2e87bf1,full_annotation_v1,A,q_철물_05,페인트,생활·마트 중 '철물'을 판매·제공하는 매장,train,철물,T2 동의어,90a118ff-02ed-4cfa-8b8f-e3b849872a9c,스타일2,의류신발,메트로센터(반월당지하쇼핑),일반지하상점가,대구광역시,,,
49d94135283a461969c0,full_annotation_v1,A,q_철물_05,페인트,생활·마트 중 '철물'을 판매·제공하는 매장,train,철물,T2 동의어,3ae1cd1e-2c0d-4768-83e5-24079d217994,윤테크,페인트,시화공구상가,전통시장,경기도,,,
a2d9b68981bd7bcc195c,full_annotation_v1,A,q_철물_05,페인트,생활·마트 중 '철물'을 판매·제공하는 매장,train,철물,T2 동의어,0e58a380-1033-4607-8741-30d594868bcb,창신텍,공구,부산산업용품상협동조합,전통시장,부산광역시,,,
1a7d3de5e0c1ae1303df,full_annotation_v1,A,q_철물_05,페인트,생활·마트 중 '철물'을 판매·제공하는 매장,train,철물,T2 동의어,93d49226-984e-4b69-9155-2cd380483fbc,합동도료,페인트,산업용재관,전통시장,대구광역시,,,
64d72c91e2d49cd0a6a9,full_annotation_v1,A,q_철물_05,페인트,생활·마트 중 '철물'을 판매·제공하는 매장,train,철물,T2 동의어,15d77d4e-2aff-4132-ad9f-b611cb9f3202,어사또 청량리점,수산물,청량리청과물시장,전통시장,서울특별시,,,
eae0d2bc2aaae3d514e2,full_annotation_v1,A,q_철물_05,페인트,생활·마트 중 '철물'을 판매·제공하는 매장,train,철물,T2 동의어,d4dc86e9-cb8c-4ecf-bbbe-068e6df62f76,공단씰리콘,페인트,수완이지더원 골목형상점가,골목형상점가,광주광역시,,,
ceeed8bf328e592e886b,full_annotation_v1,A,q_철물_05,페인트,생활·마트 중 '철물'을 판매·제공하는 매장,train,철물,T2 동의어,1dda1036-e15d-4173-9454-5ba2308ca06f,매화상사,페인트,인천산업유통센터,전통시장,인천광역시,,,
c76d6e8457def74d80cf,full_annotation_v1,A,q_철물_05,페인트,생활·마트 중 '철물'을 판매·제공하는 매장,train,철물,T2 동의어,0021ea65-4c59-4aa0-8d1c-95fe7b6686d0,공간인테리어,경미한공사(인테리어),여의동 골목형상점가,골목형상점가,전북특별자치도,,,
3a4ba8e77f50d5f4a198,full_annotation_v1,A,q_철물_05,페인트,생활·마트 중 '철물'을 판매·제공하는 매장,train,철물,T2 동의어,45777cda-dfa7-4d0e-a96d-08ea6ad2d305,베네토,,일우연동시장 골목형상점가,골목형상점가,제주특별자치도,,,
9d29dbc8530cdd17da22,full_annotation_v1,A,q_철물_05,페인트,생활·마트 중 '철물'을 판매·제공하는 매장,train,철물,T2 동의어,0bd28800-62b5-493e-bcb6-764857407f23,화이트메종,인테리어,은구비서로사회적협동조합 골목형상점가,골목형상점가,대전광역시,,,
f547ba7c22a861bacc1a,full_annotation_v1,A,q_철물_05,페인트,생활·마트 중 '철물'을 판매·제공하는 매장,train,철물,T2 동의어,fba254cd-7eb8-41f8-9736-8d5ab5e7bff4,제비표페인트,페인트,사강시장,전통시장,경기도,,,
7033a4a0d845a2120665,full_annotation_v1,A,q_철물_05,페인트,생활·마트 중 '철물'을 판매·제공하는 매장,train,철물,T2 동의어,506b1f5a-c3a0-407f-9998-9b8ca6048400,현대페인트,페인트,춘천중앙시장,전통시장,강원특별자치도,,,
1f8de56012b818fb9ae2,full_annotation_v1,A,q_철물_05,페인트,생활·마트 중 '철물'을 판매·제공하는 매장,train,철물,T2 동의어,fcdaf20f-4c90-4a83-86a6-fb262f390aa2,옛맛찹살호떡,호떡,청량리전통시장,전통시장,서울특별시,,,
344b7b02b0880eebedbe,full_annotation_v1,A,q_철물_05,페인트,생활·마트 중 '철물'을 판매·제공하는 매장,train,철물,T2 동의어,7b5799c2-7bc3-4f91-96e6-244f34796c2f,태평양페인트,페인트,춘천중앙시장,전통시장,강원특별자치도,,,
b97b11c51d383b7048ee,full_annotation_v1,A,q_철물_05,페인트,생활·마트 중 '철물'을 판매·제공하는 매장,train,철물,T2 동의어,32da0d38-f018-4ce5-a533-ab2f627606ac,이화페인트상사,페인트,유성시장 골목형상점가,골목형상점가,대전광역시,,,
fe7901a3a207c0699243,full_annotation_v1,A,q_철물_05,페인트,생활·마트 중 '철물'을 판매·제공하는 매장,train,철물,T2 동의어,1e7fddc3-b539-49d5-92a8-2c1f884a068c,노점36호,분식,천안중앙시장,전통시장,충청남도,,,
74cc71a178a44ee3e361,full_annotation_v1,A,q_철물_05,페인트,생활·마트 중 '철물'을 판매·제공하는 매장,train,철물,T2 동의어,b5fc7f2c-a6b7-4274-8cbc-720b4b411b4a,송설도료,페인트,산업용재관,전통시장,대구광역시,,,
3cec952af94e13aebb5c,full_annotation_v1,A,q_철물_05,페인트,생활·마트 중 '철물'을 판매·제공하는 매장,train,철물,T2 동의어,36215c32-9383-4805-9ce5-e7f4a0b0a689,삼일회센타,,청주대중앙로골목형상점가,골목형상점가,충청북도,,,
bdda1f51c7c9d27948d6,full_annotation_v1,A,q_철물_05,페인트,생활·마트 중 '철물'을 판매·제공하는 매장,train,철물,T2 동의어,0f3e0984-6986-4589-8aa2-774363733600,생초종합인테리어,인테리어,못골골목시장,전통시장,부산광역시,,,
a7422b4d025ed0fd74ff,full_annotation_v1,A,q_철물_05,페인트,생활·마트 중 '철물'을 판매·제공하는 매장,train,철물,T2 동의어,d6f80622-94cb-492a-bdea-2dfe70b4704d,페인트마트,페인트,조치원 전통길 골목형상점가,골목형상점가,세종특별자치시,,,
48a99b4650cb8becfc6e,full_annotation_v1,A,q_철물_05,페인트,생활·마트 중 '철물'을 판매·제공하는 매장,train,철물,T2 동의어,2b4e5f82-b1a4-4bcb-99d6-8695685062c8,고려페인트상사,페인트,심곡복개천 상점가,자율상권구역,경기도,,,
8f2d6ba744f16d23c202,full_annotation_v1,A,q_철물_05,페인트,생활·마트 중 '철물'을 판매·제공하는 매장,train,철물,T2 동의어,b1b7e09e-1222-41bd-93a0-37a8dda474de,녹색페인트,페인트,두암2동참판골 골목형상점가,골목형상점가,광주광역시,,,
5167145461bf5ecc828a,full_annotation_v1,A,q_철물_05,페인트,생활·마트 중 '철물'을 판매·제공하는 매장,train,철물,T2 동의어,7c04a4ff-2ed3-480e-bf3b-55153f35293b,(주)삼광페인트,페인트,광탄전통시장,전통시장,경기도,,,
f2bc9eb9d9cddab235b3,full_annotation_v1,A,q_철물_05,페인트,생활·마트 중 '철물'을 판매·제공하는 매장,train,철물,T2 동의어,5908547f-cabb-468b-9701-55b7d724a263,나산상사,페인트,조치원 전통길 골목형상점가,골목형상점가,세종특별자치시,,,
0978be14573b506717f2,full_annotation_v1,A,q_철물_05,페인트,생활·마트 중 '철물'을 판매·제공하는 매장,train,철물,T2 동의어,0394caa3-10fc-4b86-b7e2-c7b1ac09d649,새마을종합인테리어,"인테리어(벽지,장판등)",성남남한산성시장(구 은행골목시장),전통시장,경기도,,,
30e2174efd8fcc8f25ef,full_annotation_v1,A,q_철물_05,페인트,생활·마트 중 '철물'을 판매·제공하는 매장,train,철물,T2 동의어,b1c53972-2bd4-41c9-9bff-a0f4233a213f,두하도장상사,페인트,무등산골드클래스2차 골목형상점가,골목형상점가,광주광역시,,,
05cb61181e70b54d47b0,full_annotation_v1,A,q_철물_05,페인트,생활·마트 중 '철물'을 판매·제공하는 매장,train,철물,T2 동의어,0b14b699-b1bb-488d-abd7-379638a41d01,ABC케미칼,페인트,인천산업유통센터,전통시장,인천광역시,,,
020f5094f1c13ac3733b,full_annotation_v1,A,q_철물_05,페인트,생활·마트 중 '철물'을 판매·제공하는 매장,train,철물,T2 동의어,41086d6c-cd2f-44b7-9dfa-783a8c488b39,한마음마트,슈퍼,용현시장,전통시장,인천광역시,,,
597d85aba0500166e5f3,full_annotation_v1,A,q_철물_05,페인트,생활·마트 중 '철물'을 판매·제공하는 매장,train,철물,T2 동의어,8af32e8c-9e00-4f6c-a8ad-8095b1e22677,아미식육점,돼지고기,삼성시장,전통시장,대구광역시,,,
bc2a4e92ff235f545ee0,full_annotation_v1,A,q_철물_05,페인트,생활·마트 중 '철물'을 판매·제공하는 매장,train,철물,T2 동의어,007e8f5f-7711-4319-9176-92195d4fb772,금란열쇠철물,,양재잇길 골목형상점가,골목형상점가,서울특별시,,,
6ad694263858c1ecaad1,full_annotation_v1,A,q_철물_05,페인트,생활·마트 중 '철물'을 판매·제공하는 매장,train,철물,T2 동의어,7b783651-36b9-49d7-ab6d-fe3dc4ea8b69,설성페인트,페인트,음성시장,전통시장,충청북도,,,
c7356ae1da670efd18f6,full_annotation_v1,A,q_철물_05,페인트,생활·마트 중 '철물'을 판매·제공하는 매장,train,철물,T2 동의어,0682734b-5e2e-4e79-9bcc-9fee6192ebcc,나무뜰,소매업(인테리어소품),신안프라자전통시장,전통시장,경기도,,,
9ca78498febab1272a92,full_annotation_v1,A,q_철물_05,페인트,생활·마트 중 '철물'을 판매·제공하는 매장,train,철물,T2 동의어,d9ed1518-c6d5-4b30-9052-8660612fcbed,바름페인트,페인트,첨단이웃사랑 골목형상점가,골목형상점가,광주광역시,,,
2cf741b481e2d9a1458a,full_annotation_v1,A,q_철물_05,페인트,생활·마트 중 '철물'을 판매·제공하는 매장,train,철물,T2 동의어,fd59c26a-d4b1-4844-ad24-e7b93be562dc,금강건재,페인트,와우로 골목형상점가,골목형상점가,광주광역시,,,
7329c800755883e17f78,full_annotation_v1,A,q_철물_05,페인트,생활·마트 중 '철물'을 판매·제공하는 매장,train,철물,T2 동의어,25f9a7db-57f2-4c0f-8aee-4eadf35128d7,고려페인트,페인트,양양로 골목형상점가,골목형상점가,강원특별자치도,,,
b2af77b8c4af31784a4d,full_annotation_v1,A,q_철물_05,페인트,생활·마트 중 '철물'을 판매·제공하는 매장,train,철물,T2 동의어,3dfe59da-6633-41e6-94c3-bf15c5bc2b5b,삼화페인트,페인트,남성역먹거리골목형상점가,골목형상점가,서울특별시,,,
90e5caaaae68ef98daee,full_annotation_v1,A,q_철물_05,페인트,생활·마트 중 '철물'을 판매·제공하는 매장,train,철물,T2 동의어,21084f10-7eaa-4d8c-98a5-a27d76e12be2,도금산업,페인트,포항 해도새록새로 골목형상점가,골목형상점가,경상북도,,,
d1635e1cd1e5f4a2d60e,full_annotation_v1,A,q_철물_05,페인트,생활·마트 중 '철물'을 판매·제공하는 매장,train,철물,T2 동의어,3d3c74b6-9d34-4db3-8d3c-11b4c1d5d0e1,교촌치킨 청주대점,,청주대중앙로골목형상점가,골목형상점가,충청북도,,,
0128611200ed8a3b8940,full_annotation_v1,A,q_철물_05,페인트,생활·마트 중 '철물'을 판매·제공하는 매장,train,철물,T2 동의어,0440c80b-2086-4ca5-a845-030f729ccef4,청림목재,목재합판기타건축자재,주월1동독립로 골목형상점가,골목형상점가,광주광역시,,,
e09cf3971070287ac5f6,full_annotation_v1,A,q_철물_05,페인트,생활·마트 중 '철물'을 판매·제공하는 매장,train,철물,T2 동의어,1c896b64-59ef-49f6-ad4a-b865e0254372,정암건업,페인트,오케이 양산동 골목형상점가,골목형상점가,광주광역시,,,
675a8ba738165e4a0288,full_annotation_v1,A,q_철물_05,페인트,생활·마트 중 '철물'을 판매·제공하는 매장,train,철물,T2 동의어,8b283c3f-670f-4efc-83ca-ee682bea7288,신도총판,페인트,반드레길골목형상점가,골목형상점가,서울특별시,,,
75e412a48c8a1e549c1b,full_annotation_v1,A,q_철물_06,공구 살 데,생활·마트 중 '철물'을 판매·제공하는 매장,train,철물,T4 구어·문장,95941d7f-fcb6-45f4-8394-4feb03b36a56,우주전기,공구,오정동상점가,자율상권구역,대전광역시,,,
67d273286fb0c62d25c2,full_annotation_v1,A,q_철물_06,공구 살 데,생활·마트 중 '철물'을 판매·제공하는 매장,train,철물,T4 구어·문장,2c622bd7-becf-4d0f-b58e-a9c15829815e,반디공구,공구,무주반딧불상권활성화구역,상권활성화구역,전북특별자치도,,,
a122169a7b06c5f9cb90,full_annotation_v1,A,q_철물_06,공구 살 데,생활·마트 중 '철물'을 판매·제공하는 매장,train,철물,T4 구어·문장,0b14b699-b1bb-488d-abd7-379638a41d01,ABC케미칼,페인트,인천산업유통센터,전통시장,인천광역시,,,
5b6214b0e3bde3cdc84c,full_annotation_v1,A,q_철물_06,공구 살 데,생활·마트 중 '철물'을 판매·제공하는 매장,train,철물,T4 구어·문장,35a5947e-9849-47c3-b6b0-77f9b29f320f,파워공구,공구,공구의거리,자율상권구역,광주광역시,,,
89687adbba13c1c299b0,full_annotation_v1,A,q_철물_06,공구 살 데,생활·마트 중 '철물'을 판매·제공하는 매장,train,철물,T4 구어·문장,e12b4e0b-f373-427b-a54d-98f529ef4ead,현대종합공구,공구,인천산업유통센터,전통시장,인천광역시,,,
7242459404ae39c17889,full_annotation_v1,A,q_철물_06,공구 살 데,생활·마트 중 '철물'을 판매·제공하는 매장,train,철물,T4 구어·문장,08b20ae7-b2ce-49c8-bb7c-709b050e1c9d,안다미로,한식,두산동밤마실거리 골목형상점가,골목형상점가,대구광역시,,,
bdb9891cb7d5a45b3169,full_annotation_v1,A,q_철물_06,공구 살 데,생활·마트 중 '철물'을 판매·제공하는 매장,train,철물,T4 구어·문장,dceafa58-0a5e-4f86-b544-91bebdb70fbc,리플어학원,교육,아름동상점가,자율상권구역,세종특별자치시,,,
bf375ba39b5a24bb5951,full_annotation_v1,A,q_철물_06,공구 살 데,생활·마트 중 '철물'을 판매·제공하는 매장,train,철물,T4 구어·문장,eeb02d57-df75-4ae2-969b-84a8e8995c3d,천마종합공구,공구,양동산업용품시장,전통시장,광주광역시,,,
29639e9fa3748a3ab8de,full_annotation_v1,A,q_철물_06,공구 살 데,생활·마트 중 '철물'을 판매·제공하는 매장,train,철물,T4 구어·문장,16ee2aa3-5d28-4cc8-b968-6e6fd2d12c39,신화상사,공구,구천동공구시장,전통시장,경기도,,,
1a10fe744663677ff561,full_annotation_v1,A,q_철물_06,공구 살 데,생활·마트 중 '철물'을 판매·제공하는 매장,train,철물,T4 구어·문장,f14df4d3-9858-4a8b-8597-20fd477d8e32,갤러리 데 루치아,가구,용인어정가구단지상점가,자율상권구역,경기도,,,
d8f747d19eb9ce289478,full_annotation_v1,A,q_철물_06,공구 살 데,생활·마트 중 '철물'을 판매·제공하는 매장,train,철물,T4 구어·문장,a6c65ccf-14a2-4a3f-91c4-4515c0be4424,유신공구,공구,산업용재유통센터 상인회 골목형상점가,골목형상점가,광주광역시,,,
b938baee23352827d76b,full_annotation_v1,A,q_철물_06,공구 살 데,생활·마트 중 '철물'을 판매·제공하는 매장,train,철물,T4 구어·문장,257db305-4a0f-4678-ba83-7843eb96c84b,고성볼트,공구,시화유통상가,전통시장,경기도,,,
7530b4889ccd5d02665b,full_annotation_v1,A,q_철물_06,공구 살 데,생활·마트 중 '철물'을 판매·제공하는 매장,train,철물,T4 구어·문장,8237c88b-68fb-4ebc-8d0e-007a846974aa,툴테크,공구,하남진곡 골목형상점가,골목형상점가,광주광역시,,,
5e98b943b671dc52c9a0,full_annotation_v1,A,q_철물_06,공구 살 데,생활·마트 중 '철물'을 판매·제공하는 매장,train,철물,T4 구어·문장,905ea898-dc89-4e17-9df9-483934501449,멘츠루 을지로점,요리,을지명보골목형상점가,골목형상점가,서울특별시,,,
3f13077688ea73c83d3a,full_annotation_v1,A,q_철물_06,공구 살 데,생활·마트 중 '철물'을 판매·제공하는 매장,train,철물,T4 구어·문장,9d33fa6c-21c8-4d00-ac12-d05007fbadd2,동일공구종합상사,공구,구미산업유통단지,전통시장,경상북도,,,
1211f90602bcbb074284,full_annotation_v1,A,q_철물_06,공구 살 데,생활·마트 중 '철물'을 판매·제공하는 매장,train,철물,T4 구어·문장,da9082e0-6b5b-4c2e-ba5e-4981ec8710e0,시흥월드,공구,시화공구상가,전통시장,경기도,,,
52d9c390e8e786fbd010,full_annotation_v1,A,q_철물_06,공구 살 데,생활·마트 중 '철물'을 판매·제공하는 매장,train,철물,T4 구어·문장,2f068242-00e3-4229-9bea-e0e7cf6a737b,메인중고공구,공구,시화유통상가,전통시장,경기도,,,
61a2ddaa8bb45d0006af,full_annotation_v1,A,q_철물_06,공구 살 데,생활·마트 중 '철물'을 판매·제공하는 매장,train,철물,T4 구어·문장,47db7bb4-01ac-4cff-809b-8c67d219bd0e,원진공구,공구 철물,시화공구상가,전통시장,경기도,,,
b57dab1f03b501a069fb,full_annotation_v1,A,q_철물_06,공구 살 데,생활·마트 중 '철물'을 판매·제공하는 매장,train,철물,T4 구어·문장,17b58419-738d-4a72-a425-450db0ab9cef,구일엔지니어링,공구,양동산업용품시장,전통시장,광주광역시,,,
6b3c417930c32b3d7b9e,full_annotation_v1,A,q_철물_06,공구 살 데,생활·마트 중 '철물'을 판매·제공하는 매장,train,철물,T4 구어·문장,e6c34770-d1f0-467e-b3ce-39b9565ae182,빵집오빠 세종아름,빵,아름동상점가,자율상권구역,세종특별자치시,,,
63d5fe8460ad769b3a85,full_annotation_v1,A,q_철물_06,공구 살 데,생활·마트 중 '철물'을 판매·제공하는 매장,train,철물,T4 구어·문장,03ed7e29-3b6d-43fb-b9f7-dda372779d19,주식회사 신진와이케이,"철물, 건재",죽산골목형상점가,골목형상점가,경기도,,,
bbabc364c67b9d1fb8bc,full_annotation_v1,A,q_철물_06,공구 살 데,생활·마트 중 '철물'을 판매·제공하는 매장,train,철물,T4 구어·문장,15b30af5-6a9d-4ce6-8eb2-61bf67acbb37,진성로프,공구,양동산업용품시장,전통시장,광주광역시,,,
8d3d9f55580ba376be82,full_annotation_v1,A,q_철물_06,공구 살 데,생활·마트 중 '철물'을 판매·제공하는 매장,train,철물,T4 구어·문장,40dda8fd-a795-40ef-84d4-338d9b33ad8f,대양정공,공구,영등포(시장)기계공구상가,자율상권구역,서울특별시,,,
fb0edb6a783b58ccbe84,full_annotation_v1,A,q_철물_06,공구 살 데,생활·마트 중 '철물'을 판매·제공하는 매장,train,철물,T4 구어·문장,001fe873-89a3-474a-b8d2-8526408e992d,진미해장국,음식점업(한식),평택통복시장,전통시장,경기도,,,
e99125d90ccca953a26a,full_annotation_v1,A,q_철물_06,공구 살 데,생활·마트 중 '철물'을 판매·제공하는 매장,train,철물,T4 구어·문장,064333ec-6fb6-4818-96ca-b519413a5547,㈜현대인테리어필름,건축자재,건축자재특화의거리,자율상권구역,광주광역시,,,
09259293fc0f125bcc99,full_annotation_v1,A,q_철물_06,공구 살 데,생활·마트 중 '철물'을 판매·제공하는 매장,train,철물,T4 구어·문장,3a74bb01-789d-4766-8195-b5d51765ef71,광성종합상사,공구,시화공구상가,전통시장,경기도,,,
ea65d0ca76775d4f9fe9,full_annotation_v1,A,q_철물_06,공구 살 데,생활·마트 중 '철물'을 판매·제공하는 매장,train,철물,T4 구어·문장,41939bed-0711-473f-8ed4-eeaf8c0a9c17,태인,공구 등,시화공구상가,전통시장,경기도,,,
aa480a8a825d8f875042,full_annotation_v1,A,q_철물_06,공구 살 데,생활·마트 중 '철물'을 판매·제공하는 매장,train,철물,T4 구어·문장,03b11cc8-b23f-4c62-9fdc-e3fb35350194,경북철물상회,철물,상주남성시장,전통시장,경상북도,,,
785566b57e0246af5e5f,full_annotation_v1,A,q_철물_06,공구 살 데,생활·마트 중 '철물'을 판매·제공하는 매장,train,철물,T4 구어·문장,44e5d6cf-5aca-467e-841c-39ef2ac2084c,거성상사,공구,시화유통상가,전통시장,경기도,,,
5f1c727fd3a79755c5b7,full_annotation_v1,A,q_철물_06,공구 살 데,생활·마트 중 '철물'을 판매·제공하는 매장,train,철물,T4 구어·문장,1fc3b656-2cb5-4d67-aff3-6f7dcfec4444,빨간맛집성산점,한식,동남상가거리,골목형상점가,제주특별자치도,,,
796153b282d2d0297c55,full_annotation_v1,A,q_철물_06,공구 살 데,생활·마트 중 '철물'을 판매·제공하는 매장,train,철물,T4 구어·문장,007e8f5f-7711-4319-9176-92195d4fb772,금란열쇠철물,,양재잇길 골목형상점가,골목형상점가,서울특별시,,,
57a765301c1412c93268,full_annotation_v1,A,q_철물_06,공구 살 데,생활·마트 중 '철물'을 판매·제공하는 매장,train,철물,T4 구어·문장,0c3e2ec5-bf0e-42a6-922c-695b13f69c21,부흥기업,페인트,삼송상점가,자율상권구역,경기도,,,
01e491f5d20838357b2a,full_annotation_v1,A,q_철물_06,공구 살 데,생활·마트 중 '철물'을 판매·제공하는 매장,train,철물,T4 구어·문장,24ce5e5a-1469-4e76-b755-1699ac7903d6,광남기공사,공구,양동산업용품시장,전통시장,광주광역시,,,
71de6b55e57594dd2755,full_annotation_v1,A,q_철물_06,공구 살 데,생활·마트 중 '철물'을 판매·제공하는 매장,train,철물,T4 구어·문장,676b25f2-5812-4643-baf9-280d34da4caf,드림공구,공구,인천산업유통센터,전통시장,인천광역시,,,
bbb73939072b286bfe69,full_annotation_v1,A,q_철물_06,공구 살 데,생활·마트 중 '철물'을 판매·제공하는 매장,train,철물,T4 구어·문장,4c217a26-4e81-4db2-85d3-58c5763d2c28,더 세인헤어,헤어미용,연제동 골목형상점가,골목형상점가,광주광역시,,,
6ea19ae8f910777bd51c,full_annotation_v1,A,q_철물_06,공구 살 데,생활·마트 중 '철물'을 판매·제공하는 매장,train,철물,T4 구어·문장,5a667b2f-10a3-4cd4-b616-52e10107a93b,명일공구,철물 공구,구천동공구시장,전통시장,경기도,,,
007ea0365ea6a2119873,full_annotation_v1,A,q_철물_06,공구 살 데,생활·마트 중 '철물'을 판매·제공하는 매장,train,철물,T4 구어·문장,8e886997-92cf-4486-aac5-d300974f42a4,명우상사,공구,산업용재관,전통시장,대구광역시,,,
b19cba1e7c3acc565fe6,full_annotation_v1,A,q_철물_06,공구 살 데,생활·마트 중 '철물'을 판매·제공하는 매장,train,철물,T4 구어·문장,00bfa2e9-dca4-4800-b2ca-9d160826e04b,현대철물,철물,청운시장골목형상점가,골목형상점가,경기도,,,
a39f82cfa07596775082,full_annotation_v1,A,q_철물_06,공구 살 데,생활·마트 중 '철물'을 판매·제공하는 매장,train,철물,T4 구어·문장,282b0e8b-051c-49f9-a707-b982df803589,까라벨라 데 오르,스파게티,동명동 카페거리 골목형상점가,골목형상점가,광주광역시,,,
4c9fc66d60f66379a09d,full_annotation_v1,A,q_철물_06,공구 살 데,생활·마트 중 '철물'을 판매·제공하는 매장,train,철물,T4 구어·문장,56452a83-07c3-4722-b094-d731511e3e29,실로암안경원,안경,동대문역일번출구골목형상점가,골목형상점가,서울특별시,,,
2526d74fb993ca49b45d,full_annotation_v1,A,q_철물_06,공구 살 데,생활·마트 중 '철물'을 판매·제공하는 매장,train,철물,T4 구어·문장,ef204841-56f9-4f8d-b182-e00e0d2a4347,테크원,공구 등,시화공구상가,전통시장,경기도,,,
a0ba0fcfd7af43fdd887,full_annotation_v1,A,q_철물_06,공구 살 데,생활·마트 중 '철물'을 판매·제공하는 매장,train,철물,T4 구어·문장,0682734b-5e2e-4e79-9bcc-9fee6192ebcc,나무뜰,소매업(인테리어소품),신안프라자전통시장,전통시장,경기도,,,
bc490f7738d3e750cb0d,full_annotation_v1,A,q_철물_06,공구 살 데,생활·마트 중 '철물'을 판매·제공하는 매장,train,철물,T4 구어·문장,0e74e5a3-6b87-4d63-b656-c9d7ba19c417,디에스공구,공구,오정동상점가,자율상권구역,대전광역시,,,
0fda0521a45bd875ee98,full_annotation_v1,A,q_철물_06,공구 살 데,생활·마트 중 '철물'을 판매·제공하는 매장,train,철물,T4 구어·문장,165c84e4-a763-4d07-8da2-9e04382c6d7c,동진전기수리센타,공구,양동산업용품시장,전통시장,광주광역시,,,
dd51184007a358a73484,full_annotation_v1,A,q_철물_06,공구 살 데,생활·마트 중 '철물'을 판매·제공하는 매장,train,철물,T4 구어·문장,4034382b-7f45-4a38-b8a9-bb3252b0893a,인천툴테크,공구,인천산업유통센터,전통시장,인천광역시,,,
de783539e93a609e4436,full_annotation_v1,A,q_철물_06,공구 살 데,생활·마트 중 '철물'을 판매·제공하는 매장,train,철물,T4 구어·문장,0e58a380-1033-4607-8741-30d594868bcb,창신텍,공구,부산산업용품상협동조합,전통시장,부산광역시,,,
59f7e24c8529bcf39b0b,full_annotation_v1,A,q_철물_06,공구 살 데,생활·마트 중 '철물'을 판매·제공하는 매장,train,철물,T4 구어·문장,d7cc99c6-0e59-476a-88b0-bb1c57d912f0,금성종합공구,공구,구천동공구시장,전통시장,경기도,,,
e3ec1c8289122a028b3c,full_annotation_v1,A,q_철물_06,공구 살 데,생활·마트 중 '철물'을 판매·제공하는 매장,train,철물,T4 구어·문장,9cb6b023-1fb1-40b3-b74f-944d2786cc22,신세계공구,공구,양동산업용품시장,전통시장,광주광역시,,,
f69482a533f0ca710616,full_annotation_v1,A,q_철물_06,공구 살 데,생활·마트 중 '철물'을 판매·제공하는 매장,train,철물,T4 구어·문장,43a35142-a7d4-47dc-991a-5de79a66484e,우성상사,공구,산업용재관,전통시장,대구광역시,,,
ec512fa0ca54e99adc81,full_annotation_v1,A,q_철물_06,공구 살 데,생활·마트 중 '철물'을 판매·제공하는 매장,train,철물,T4 구어·문장,222693c0-8cd6-4b83-b9d7-e33585fc4144,경희본한의원,보건업 한의원 한약 침 뜸,첨단2지구 골목형상점가,골목형상점가,광주광역시,,,
77314cee323ef1434bab,full_annotation_v1,A,q_철물_06,공구 살 데,생활·마트 중 '철물'을 판매·제공하는 매장,train,철물,T4 구어·문장,01c3ec28-1ceb-48f0-88e2-030e84b4d3f4,해영함석,철물,고도리 장터거리 상점가,골목형상점가,전라남도,,,
a1429d4c54e9b5ff228a,full_annotation_v1,A,q_철물_06,공구 살 데,생활·마트 중 '철물'을 판매·제공하는 매장,train,철물,T4 구어·문장,08d279de-df58-4bbf-98b5-b53c1d84cb4b,헤스티아디자인,"가구, 인테리어",마산 북마산가구시장,전통시장,경상남도,,,
cdf5a91839b3a0007aa9,full_annotation_v1,A,q_철물_06,공구 살 데,생활·마트 중 '철물'을 판매·제공하는 매장,train,철물,T4 구어·문장,f75b6d74-626f-4f39-b6a0-95cc1984999f,평화종합상사,공구,산업용재관,전통시장,대구광역시,,,
469aa080a3550a31f089,full_annotation_v1,A,q_철물_06,공구 살 데,생활·마트 중 '철물'을 판매·제공하는 매장,train,철물,T4 구어·문장,4883ddce-876c-43fe-87b8-0df585cc000d,대신상사,공구,시화유통상가,전통시장,경기도,,,
9548d182ef5ae98b0e9f,full_annotation_v1,A,q_철물_06,공구 살 데,생활·마트 중 '철물'을 판매·제공하는 매장,train,철물,T4 구어·문장,01945ad9-1cfb-471d-8f25-2d6d23ff6c5b,서해건재,철물 건축자재,청학동골목형상점가,골목형상점가,인천광역시,,,
89970f15eea695532bc5,full_annotation_v1,A,q_철물_06,공구 살 데,생활·마트 중 '철물'을 판매·제공하는 매장,train,철물,T4 구어·문장,0440c80b-2086-4ca5-a845-030f729ccef4,청림목재,목재합판기타건축자재,주월1동독립로 골목형상점가,골목형상점가,광주광역시,,,
8e05bf9d4284fb47c0ab,full_annotation_v1,A,q_철물_06,공구 살 데,생활·마트 중 '철물'을 판매·제공하는 매장,train,철물,T4 구어·문장,a36e9f7f-1549-400c-82a6-dabb40bb1ebd,월드종합상사,공구,시화공구상가,전통시장,경기도,,,
551013a1933be2e890df,full_annotation_v1,A,q_철물_06,공구 살 데,생활·마트 중 '철물'을 판매·제공하는 매장,train,철물,T4 구어·문장,0bd28800-62b5-493e-bcb6-764857407f23,화이트메종,인테리어,은구비서로사회적협동조합 골목형상점가,골목형상점가,대전광역시,,,
abeaa02c5384b5df6939,full_annotation_v1,A,q_철물_06,공구 살 데,생활·마트 중 '철물'을 판매·제공하는 매장,train,철물,T4 구어·문장,0d6e2499-4722-4e64-b3ad-9f87d6f60ed0,유화건재,건축자재,무주반딧불상권활성화구역,상권활성화구역,전북특별자치도,,,
672f3cada5c1ed2f8928,full_annotation_v1,A,q_철물_06,공구 살 데,생활·마트 중 '철물'을 판매·제공하는 매장,train,철물,T4 구어·문장,1021ceaa-6c95-4101-9c16-d2370f267dd1,그린콘트롤(대전),건축자재,용정 골목형상점가,골목형상점가,대전광역시,,,
a3b640c55f8382d51d38,full_annotation_v1,A,q_철물_06,공구 살 데,생활·마트 중 '철물'을 판매·제공하는 매장,train,철물,T4 구어·문장,c53207b0-09b3-4dbe-81da-55a8681b46e4,유일상사,공구,양동산업용품시장,전통시장,광주광역시,,,
da021040082be6072ec5,full_annotation_v1,A,q_철물_06,공구 살 데,생활·마트 중 '철물'을 판매·제공하는 매장,train,철물,T4 구어·문장,6cf1e8ea-7eee-4a20-9054-b74d9c91599e,경인공구,공구,인천산업유통센터,전통시장,인천광역시,,,
8ed1961c72cf74af1932,full_annotation_v1,A,q_철물_06,공구 살 데,생활·마트 중 '철물'을 판매·제공하는 매장,train,철물,T4 구어·문장,2f95bf61-4dee-4d71-b3d3-86f13eb758b0,영동공구,공구,시화공구상가,전통시장,경기도,,,
547a3f6f61fdf57b6e01,full_annotation_v1,A,q_철물_06,공구 살 데,생활·마트 중 '철물'을 판매·제공하는 매장,train,철물,T4 구어·문장,2d5f519a-459e-4b64-a05d-7b460bcbfe9e,동부상사,공구,영등포(시장)기계공구상가,자율상권구역,서울특별시,,,
34e668721027a4744221,full_annotation_v1,A,q_철물_06,공구 살 데,생활·마트 중 '철물'을 판매·제공하는 매장,train,철물,T4 구어·문장,f20c9bb2-c3b5-42a3-916a-46a24c77bf42,필종합공구,공구,하남대로,골목형상점가,광주광역시,,,
5e9e8c952cddcb427c47,full_annotation_v1,A,q_철물_06,공구 살 데,생활·마트 중 '철물'을 판매·제공하는 매장,train,철물,T4 구어·문장,0394caa3-10fc-4b86-b7e2-c7b1ac09d649,새마을종합인테리어,"인테리어(벽지,장판등)",성남남한산성시장(구 은행골목시장),전통시장,경기도,,,
4221669cf3f44b6ea1aa,full_annotation_v1,A,q_철물_06,공구 살 데,생활·마트 중 '철물'을 판매·제공하는 매장,train,철물,T4 구어·문장,eb253bda-bfc7-4128-ab07-5a5865881097,SK기계공구,공구,서구유통단지상인회 골목형상점가,골목형상점가,광주광역시,,,
df29417ec491ff3140f4,full_annotation_v1,A,q_철물_06,공구 살 데,생활·마트 중 '철물'을 판매·제공하는 매장,train,철물,T4 구어·문장,5d62414b-10b9-45db-924c-202279006b8f,신성툴테크,공구,양동산업용품시장,전통시장,광주광역시,,,
a5095227e364592b3d18,full_annotation_v1,A,q_철물_06,공구 살 데,생활·마트 중 '철물'을 판매·제공하는 매장,train,철물,T4 구어·문장,0fc91673-8155-4c73-b8b7-7b5b09f61cc8,노루표페인트,페인트,충주자유시장,전통시장,충청북도,,,
8320b81f7952bcae21ec,full_annotation_v1,A,q_철물_06,공구 살 데,생활·마트 중 '철물'을 판매·제공하는 매장,train,철물,T4 구어·문장,0a46ba75-4fae-4472-a829-c67c26331da5,효성상사,공구,북성로상점가,자율상권구역,대구광역시,,,
96bee91000f64f5e08f3,full_annotation_v1,A,q_철물_06,공구 살 데,생활·마트 중 '철물'을 판매·제공하는 매장,train,철물,T4 구어·문장,1c896b64-59ef-49f6-ad4a-b865e0254372,정암건업,페인트,오케이 양산동 골목형상점가,골목형상점가,광주광역시,,,
030822f4f1de20d97dd4,full_annotation_v1,A,q_철물_06,공구 살 데,생활·마트 중 '철물'을 판매·제공하는 매장,train,철물,T4 구어·문장,118f3ee0-de19-4001-a62c-ff72fbadf575,번영테크툴,공구,오정동상점가,자율상권구역,대전광역시,,,
0be815453a6f2f1681b5,full_annotation_v1,A,q_철물_06,공구 살 데,생활·마트 중 '철물'을 판매·제공하는 매장,train,철물,T4 구어·문장,afadf385-b5e2-42da-990b-9f376b5ae53a,대성톱공구,공구,양동산업용품시장,전통시장,광주광역시,,,
b1384b8b1cf8b3f91f5e,full_annotation_v1,A,q_철물_06,공구 살 데,생활·마트 중 '철물'을 판매·제공하는 매장,train,철물,T4 구어·문장,01c220a8-63b9-4819-859f-434a0f83cadf,제일상사,페인트 유리 도장공사 방수공사,장흥중앙로 골목형상점가,골목형상점가,전라남도,,,
aaacfb2bd6fa9e41fc95,full_annotation_v1,A,q_철물_06,공구 살 데,생활·마트 중 '철물'을 판매·제공하는 매장,train,철물,T4 구어·문장,702107d0-3c84-4f1b-9dff-f68abc01526a,마루공구상사,공구,시화유통상가,전통시장,경기도,,,
f1296f5cc2771c4d4cc6,full_annotation_v1,A,q_철물_06,공구 살 데,생활·마트 중 '철물'을 판매·제공하는 매장,train,철물,T4 구어·문장,803e028d-a600-4a80-83cd-909afa03296c,명품자동차공구,공구,산업용재유통센터 상인회 골목형상점가,골목형상점가,광주광역시,,,
13dace02bbb7a58d0e40,full_annotation_v1,A,q_철물_06,공구 살 데,생활·마트 중 '철물'을 판매·제공하는 매장,train,철물,T4 구어·문장,cd2ebfdb-157b-477f-a13c-b6e17b1a53a2,루밀레(LUMILE),,봉리단길 맛거리,골목형상점가,대구광역시,,,
326db18ea034bea0797a,full_annotation_v1,A,q_철물_06,공구 살 데,생활·마트 중 '철물'을 판매·제공하는 매장,train,철물,T4 구어·문장,37726c2b-b312-4e9e-abfb-2366f28f7a57,영진상사,공구,인천산업유통센터,전통시장,인천광역시,,,
c5d4c180e20064928ae3,full_annotation_v1,A,q_철물_06,공구 살 데,생활·마트 중 '철물'을 판매·제공하는 매장,train,철물,T4 구어·문장,c27b1a91-f303-4b78-92b3-2ba9b76428ba,조은기전,"철물 공구, 공구",인천산업유통센터,전통시장,인천광역시,,,
10220a86a8484cb8f59a,full_annotation_v1,A,q_철물_06,공구 살 데,생활·마트 중 '철물'을 판매·제공하는 매장,train,철물,T4 구어·문장,f5b8b1e7-d86a-4b82-8289-cb17477acb76,보성종합상사,공구,하남진곡 골목형상점가,골목형상점가,광주광역시,,,
030ef3e4b8e969fc34da,full_annotation_v1,A,q_철물_06,공구 살 데,생활·마트 중 '철물'을 판매·제공하는 매장,train,철물,T4 구어·문장,8c72b722-a7a3-4b59-80be-cc14a9deba0b,대영공구,공구,신수동토정로 골목형상점가,골목형상점가,서울특별시,,,
33dba27ca1a00e753f04,full_annotation_v1,A,q_철물_06,공구 살 데,생활·마트 중 '철물'을 판매·제공하는 매장,train,철물,T4 구어·문장,ed735111-4918-4096-bf46-3464b3cab00d,세운상사,공구,양동산업용품시장,전통시장,광주광역시,,,
71ea3029dcc57b5727f0,full_annotation_v1,A,q_철물_06,공구 살 데,생활·마트 중 '철물'을 판매·제공하는 매장,train,철물,T4 구어·문장,0264d000-4eb1-4469-bf71-fa1cb1da9bee,우리철물,철물,상원시장,전통시장,대구광역시,,,
9cf07577b9713b09d807,full_annotation_v1,A,q_철물_06,공구 살 데,생활·마트 중 '철물'을 판매·제공하는 매장,train,철물,T4 구어·문장,759748a7-5804-4f6c-8835-cbb9198e06cf,엠에스툴,공구,시화유통상가,전통시장,경기도,,,
dd914204a9ee68791c2b,full_annotation_v1,A,q_철물_06,공구 살 데,생활·마트 중 '철물'을 판매·제공하는 매장,train,철물,T4 구어·문장,a166d1c3-1d1e-4c6f-ab79-10dc2f5430b3,옥계분식,"분식(떡볶이, 어묵, 튀김, 순대)",옥계 신나리 먹거리,골목형상점가,경상북도,,,
423503aa950d0a9678fb,full_annotation_v1,A,q_철물_06,공구 살 데,생활·마트 중 '철물'을 판매·제공하는 매장,train,철물,T4 구어·문장,32a7b9fd-114b-4569-889c-0a28e450f187,부광종합상사,공구,구미산업유통단지,전통시장,경상북도,,,
761b10907af993c399f5,full_annotation_v1,A,q_철물_06,공구 살 데,생활·마트 중 '철물'을 판매·제공하는 매장,train,철물,T4 구어·문장,f6a9e4df-01ab-41ad-93ef-a715cd69fad3,신성기계공구,공구,양동산업용품시장,전통시장,,,,
d6f66f7bb14b14c7623a,full_annotation_v1,A,q_철물_06,공구 살 데,생활·마트 중 '철물'을 판매·제공하는 매장,train,철물,T4 구어·문장,99973591-f014-4ef2-87f5-0b706bcbc99b,대가야읍 마을관리사회적협동조합,커피,대가야 자율상권구역,,경상북도,,,
06380eca29e4114a92c9,full_annotation_v1,A,q_철물_06,공구 살 데,생활·마트 중 '철물'을 판매·제공하는 매장,train,철물,T4 구어·문장,aba76fc2-984e-4030-ba01-e2e7d78264c7,데 아로즈 대전둔산본점,,갈리단길 골목형상점가,골목형상점가,대전광역시,,,
0040bf41024786b4f2a7,full_annotation_v1,A,q_철물_06,공구 살 데,생활·마트 중 '철물'을 판매·제공하는 매장,train,철물,T4 구어·문장,2ade5952-46c3-401b-9f4f-728f21c123ba,보광철물,공구,양동산업용품시장,전통시장,광주광역시,,,
de18bb18bf9b77c60262,full_annotation_v1,A,q_철물_06,공구 살 데,생활·마트 중 '철물'을 판매·제공하는 매장,train,철물,T4 구어·문장,2fe1147b-e40e-4929-a88e-44fdb67b5b87,공구시대,공구,산업용재관,전통시장,대구광역시,,,
be1066f1cb3abaad6544,full_annotation_v1,A,q_철물_06,공구 살 데,생활·마트 중 '철물'을 판매·제공하는 매장,train,철물,T4 구어·문장,d1d75a41-e8dc-4506-862d-282b6c2b2f5e,삼성체인,공구,인천산업유통센터,전통시장,인천광역시,,,
b9ffc4320bef2e295b96,full_annotation_v1,A,q_철물_06,공구 살 데,생활·마트 중 '철물'을 판매·제공하는 매장,train,철물,T4 구어·문장,903c2b29-6d69-4b63-9993-37c51a4f8ec8,금오종합상사,공구,구미산업유통단지,전통시장,경상북도,,,
4e36d6f62228049c16ed,full_annotation_v1,A,q_철물_06,공구 살 데,생활·마트 중 '철물'을 판매·제공하는 매장,train,철물,T4 구어·문장,0f3e0984-6986-4589-8aa2-774363733600,생초종합인테리어,인테리어,못골골목시장,전통시장,부산광역시,,,
003bc53e41673bd054f8,full_annotation_v1,A,q_철물_06,공구 살 데,생활·마트 중 '철물'을 판매·제공하는 매장,train,철물,T4 구어·문장,876bfcb9-4612-46db-85c2-86f0096e3731,광남철물공구,공구,양동산업용품시장,전통시장,광주광역시,,,
09b2093dd9b4484225bf,full_annotation_v1,A,q_철물_06,공구 살 데,생활·마트 중 '철물'을 판매·제공하는 매장,train,철물,T4 구어·문장,acf25115-7e3b-4e8a-b223-9f8287c2ffce,반도피앤비,공구,시화유통상가,전통시장,경기도,,,
7e4306723a22f9aa3487,full_annotation_v1,A,q_철물_06,공구 살 데,생활·마트 중 '철물'을 판매·제공하는 매장,train,철물,T4 구어·문장,97aa4c59-66e4-4829-a0c8-7de7af2f85b1,다우공구,공구,시화유통상가,전통시장,경기도,,,
f3b40b67051025316a37,full_annotation_v1,A,q_철물_06,공구 살 데,생활·마트 중 '철물'을 판매·제공하는 매장,train,철물,T4 구어·문장,2f6eaca6-9ded-4c5b-919e-518e09a85050,인상종합공구,공구,인천산업유통센터,전통시장,인천광역시,,,
1650bebd9b8d3605b937,full_annotation_v1,A,q_철물_06,공구 살 데,생활·마트 중 '철물'을 판매·제공하는 매장,train,철물,T4 구어·문장,67558d8e-3426-4371-a36c-18d9ce4b520b,금호전기,공구,양동산업용품시장,전통시장,광주광역시,,,
f3494615454d6e1f9762,full_annotation_v1,A,q_철물_06,공구 살 데,생활·마트 중 '철물'을 판매·제공하는 매장,train,철물,T4 구어·문장,27744867-b33f-47da-872e-897a46024ba1,(주) 금오공구,공구,시화유통상가,전통시장,경기도,,,
9fbe25ec28b022445286,full_annotation_v1,A,q_철물_06,공구 살 데,생활·마트 중 '철물'을 판매·제공하는 매장,train,철물,T4 구어·문장,60b4ce99-f340-4be1-b5ea-7d7317221f7b,하라매,"소매(식표품,잡화)",숭례문수입상가,전통시장,서울특별시,,,
f28592b194cce4068d4c,full_annotation_v1,A,q_철물_06,공구 살 데,생활·마트 중 '철물'을 판매·제공하는 매장,train,철물,T4 구어·문장,7077e40c-b2f3-4fda-8a42-61f8613f4362,아이툴스,공구,양동산업용품시장,전통시장,광주광역시,,,
065c45db5901ef61b0dc,full_annotation_v1,A,q_철물_06,공구 살 데,생활·마트 중 '철물'을 판매·제공하는 매장,train,철물,T4 구어·문장,0021ea65-4c59-4aa0-8d1c-95fe7b6686d0,공간인테리어,경미한공사(인테리어),여의동 골목형상점가,골목형상점가,전북특별자치도,,,
ed67f89d552f269d43c3,full_annotation_v1,A,q_철물_06,공구 살 데,생활·마트 중 '철물'을 판매·제공하는 매장,train,철물,T4 구어·문장,10efb0a5-a6e7-4a49-9e51-b709c647e4c8,다래디자인,인테리어,서초쇼핑골목형상점가,골목형상점가,서울특별시,,,
58dbdea5c7f17538d167,full_annotation_v1,A,q_철물_06,공구 살 데,생활·마트 중 '철물'을 판매·제공하는 매장,train,철물,T4 구어·문장,8fe99e86-3d31-4c90-9ad0-4a015dbc71bc,달서생닭,생닭,달서시장,전통시장,대구광역시,,,
754d049b343b490a1eeb,full_annotation_v1,A,q_철물_06,공구 살 데,생활·마트 중 '철물'을 판매·제공하는 매장,train,철물,T4 구어·문장,023caaa3-b584-448b-a7b5-d20d8bc86c72,시화리데나,공구,시화유통상가,전통시장,경기도,,,
3c3e15ef849c5438de51,full_annotation_v1,A,q_철물_06,공구 살 데,생활·마트 중 '철물'을 판매·제공하는 매장,train,철물,T4 구어·문장,b7c1d6cc-d9cb-4c54-95d0-a3b3997e1686,공구지원센터,공구,시화유통상가,전통시장,경기도,,,
31710372c524ea1adfd7,full_annotation_v1,A,q_철물_06,공구 살 데,생활·마트 중 '철물'을 판매·제공하는 매장,train,철물,T4 구어·문장,9f41accf-857c-48f2-b9df-1e96b7f601f3,세계로종합상사,공구,산업용재관,전통시장,대구광역시,,,
9204f7e501ec4518d056,full_annotation_v1,A,q_철물_06,공구 살 데,생활·마트 중 '철물'을 판매·제공하는 매장,train,철물,T4 구어·문장,81d59cf3-81b0-4611-b3c4-480bc01feeb8,동묘만물공구,공구,동묘시장,자율상권구역,서울특별시,,,
f31b4aa557a02c210d3f,full_annotation_v1,A,q_철물_06,공구 살 데,생활·마트 중 '철물'을 판매·제공하는 매장,train,철물,T4 구어·문장,63ab0e81-de5e-47db-b4e0-334d7bdf2a76,와룡상회,,용상공설시장,전통시장,경상북도,,,
d3d66489987e47fbdedd,full_annotation_v1,A,q_철물_06,공구 살 데,생활·마트 중 '철물'을 판매·제공하는 매장,train,철물,T4 구어·문장,395ebe01-0f88-4b64-9b57-6073293af188,우리무브먼트,운동기구,운수대통 골목형상점가,골목형상점가,광주광역시,,,
a953f307b0447643fe61,full_annotation_v1,A,q_철물_06,공구 살 데,생활·마트 중 '철물'을 판매·제공하는 매장,train,철물,T4 구어·문장,063e0bdb-f37d-403a-8d87-439096dd4a51,공감인테리어,실내 인테리어벽지장판목공타일류 등 및 컨설팅,운남7단지먹자거리 골목형상점가,골목형상점가,광주광역시,,,
c5a87cb9240aaeb3ac07,full_annotation_v1,A,q_철물_06,공구 살 데,생활·마트 중 '철물'을 판매·제공하는 매장,train,철물,T4 구어·문장,8e8833a5-2fb2-49c8-9e86-54161fc8474e,동광천막기업,공구,양동산업용품시장,전통시장,광주광역시,,,
1fc1cd85078f6780ce6b,full_annotation_v1,A,q_철물_06,공구 살 데,생활·마트 중 '철물'을 판매·제공하는 매장,train,철물,T4 구어·문장,0cb3602a-2dfc-4709-a660-fccabd8fa539,동민건축,인테리어,동먹골상가 골목형상점가,골목형상점가,대구광역시,,,
e378fccae055527cd3ce,full_annotation_v1,A,q_철물_06,공구 살 데,생활·마트 중 '철물'을 판매·제공하는 매장,train,철물,T4 구어·문장,4df64ada-9727-46ba-89a7-214cd856efc8,미래상사,공구,구천동공구시장,전통시장,경기도,,,
8f48c299860035c5c467,full_annotation_v1,A,q_철물_07,공구 파는 곳,생활·마트 중 '철물'을 판매·제공하는 매장,train,철물,T4 구어·문장,eb253bda-bfc7-4128-ab07-5a5865881097,SK기계공구,공구,서구유통단지상인회 골목형상점가,골목형상점가,광주광역시,,,
3960ba40a19dc23f5d78,full_annotation_v1,A,q_철물_07,공구 파는 곳,생활·마트 중 '철물'을 판매·제공하는 매장,train,철물,T4 구어·문장,118f3ee0-de19-4001-a62c-ff72fbadf575,번영테크툴,공구,오정동상점가,자율상권구역,대전광역시,,,
84e256490cecb560f0ab,full_annotation_v1,A,q_철물_07,공구 파는 곳,생활·마트 중 '철물'을 판매·제공하는 매장,train,철물,T4 구어·문장,0cdea40b-df17-41f5-aad7-8d3cfefc0f89,수제비집,수제비,주막거리상점가,자율상권구역,경기도,,,
6a1c9a545e3acef59337,full_annotation_v1,A,q_철물_07,공구 파는 곳,생활·마트 중 '철물'을 판매·제공하는 매장,train,철물,T4 구어·문장,f20c9bb2-c3b5-42a3-916a-46a24c77bf42,필종합공구,공구,하남대로,골목형상점가,광주광역시,,,
ad992531ddbc33017fa0,full_annotation_v1,A,q_철물_07,공구 파는 곳,생활·마트 중 '철물'을 판매·제공하는 매장,train,철물,T4 구어·문장,f6a9e4df-01ab-41ad-93ef-a715cd69fad3,신성기계공구,공구,양동산업용품시장,전통시장,,,,
13051a3464a529fc57df,full_annotation_v1,A,q_철물_07,공구 파는 곳,생활·마트 중 '철물'을 판매·제공하는 매장,train,철물,T4 구어·문장,10efb0a5-a6e7-4a49-9e51-b709c647e4c8,다래디자인,인테리어,서초쇼핑골목형상점가,골목형상점가,서울특별시,,,
26969f70cc3cb045a6de,full_annotation_v1,A,q_철물_07,공구 파는 곳,생활·마트 중 '철물'을 판매·제공하는 매장,train,철물,T4 구어·문장,e12b4e0b-f373-427b-a54d-98f529ef4ead,현대종합공구,공구,인천산업유통센터,전통시장,인천광역시,,,
2c34c4d90742c96cb60e,full_annotation_v1,A,q_철물_07,공구 파는 곳,생활·마트 중 '철물'을 판매·제공하는 매장,train,철물,T4 구어·문장,76a3551b-dae4-4326-92cc-662015aedbfb,쉴 곳,한식,칠성로상점가,자율상권구역,제주특별자치도,,,
d515b45f46f8c4b61bf3,full_annotation_v1,A,q_철물_07,공구 파는 곳,생활·마트 중 '철물'을 판매·제공하는 매장,train,철물,T4 구어·문장,0264d000-4eb1-4469-bf71-fa1cb1da9bee,우리철물,철물,상원시장,전통시장,대구광역시,,,
23d1a6e86286cadb7f4f,full_annotation_v1,A,q_철물_07,공구 파는 곳,생활·마트 중 '철물'을 판매·제공하는 매장,train,철물,T4 구어·문장,a6c65ccf-14a2-4a3f-91c4-4515c0be4424,유신공구,공구,산업용재유통센터 상인회 골목형상점가,골목형상점가,광주광역시,,,
a3b276f3c61553df2373,full_annotation_v1,A,q_철물_07,공구 파는 곳,생활·마트 중 '철물'을 판매·제공하는 매장,train,철물,T4 구어·문장,41939bed-0711-473f-8ed4-eeaf8c0a9c17,태인,공구 등,시화공구상가,전통시장,경기도,,,
768e29d4c21572d333ba,full_annotation_v1,A,q_철물_07,공구 파는 곳,생활·마트 중 '철물'을 판매·제공하는 매장,train,철물,T4 구어·문장,7077e40c-b2f3-4fda-8a42-61f8613f4362,아이툴스,공구,양동산업용품시장,전통시장,광주광역시,,,
ea707c000372bcc16875,full_annotation_v1,A,q_철물_07,공구 파는 곳,생활·마트 중 '철물'을 판매·제공하는 매장,train,철물,T4 구어·문장,8c72b722-a7a3-4b59-80be-cc14a9deba0b,대영공구,공구,신수동토정로 골목형상점가,골목형상점가,서울특별시,,,
9fe123c63e667ec6444e,full_annotation_v1,A,q_철물_07,공구 파는 곳,생활·마트 중 '철물'을 판매·제공하는 매장,train,철물,T4 구어·문장,ad6b8e1d-f136-4095-9c50-efe99a3cdda5,통운기공사,공구,부산산업용품상협동조합,전통시장,부산광역시,,,
89bde5f6ec1c35c4bdd0,full_annotation_v1,A,q_철물_07,공구 파는 곳,생활·마트 중 '철물'을 판매·제공하는 매장,train,철물,T4 구어·문장,c111ac9d-3f3a-405c-a8db-4d127ccda9e2,행복이 있는 곳,잡화,제주로얄쇼핑센터,자율상권구역,제주특별자치도,,,
4ac1913fcca97ec52035,full_annotation_v1,A,q_철물_07,공구 파는 곳,생활·마트 중 '철물'을 판매·제공하는 매장,train,철물,T4 구어·문장,03b11cc8-b23f-4c62-9fdc-e3fb35350194,경북철물상회,철물,상주남성시장,전통시장,경상북도,,,
a1a0103d264b24cb17e9,full_annotation_v1,A,q_철물_07,공구 파는 곳,생활·마트 중 '철물'을 판매·제공하는 매장,train,철물,T4 구어·문장,0e58a380-1033-4607-8741-30d594868bcb,창신텍,공구,부산산업용품상협동조합,전통시장,부산광역시,,,
12b466073406f26eba0f,full_annotation_v1,A,q_철물_07,공구 파는 곳,생활·마트 중 '철물'을 판매·제공하는 매장,train,철물,T4 구어·문장,0e74e5a3-6b87-4d63-b656-c9d7ba19c417,디에스공구,공구,오정동상점가,자율상권구역,대전광역시,,,
642a520ac14b8880886a,full_annotation_v1,A,q_철물_07,공구 파는 곳,생활·마트 중 '철물'을 판매·제공하는 매장,train,철물,T4 구어·문장,2743811c-5e71-4d2b-aa75-1b0147d44f2d,사우 꽃이 피는 곳,꽃,김포 풍년마을 골목형상점가,골목형상점가,경기도,,,
311e47942a581e1297dd,full_annotation_v1,A,q_철물_07,공구 파는 곳,생활·마트 중 '철물'을 판매·제공하는 매장,train,철물,T4 구어·문장,063e0bdb-f37d-403a-8d87-439096dd4a51,공감인테리어,실내 인테리어벽지장판목공타일류 등 및 컨설팅,운남7단지먹자거리 골목형상점가,골목형상점가,광주광역시,,,
5a763793f77e1ded3ab9,full_annotation_v1,A,q_철물_07,공구 파는 곳,생활·마트 중 '철물'을 판매·제공하는 매장,train,철물,T4 구어·문장,ed735111-4918-4096-bf46-3464b3cab00d,세운상사,공구,양동산업용품시장,전통시장,광주광역시,,,
b3554b8a00554bc1757b,full_annotation_v1,A,q_철물_07,공구 파는 곳,생활·마트 중 '철물'을 판매·제공하는 매장,train,철물,T4 구어·문장,702107d0-3c84-4f1b-9dff-f68abc01526a,마루공구상사,공구,시화유통상가,전통시장,경기도,,,
184194129487a9d3e6b6,full_annotation_v1,A,q_철물_07,공구 파는 곳,생활·마트 중 '철물'을 판매·제공하는 매장,train,철물,T4 구어·문장,759748a7-5804-4f6c-8835-cbb9198e06cf,엠에스툴,공구,시화유통상가,전통시장,경기도,,,
cf8c8a3815d0dda27a13,full_annotation_v1,A,q_철물_07,공구 파는 곳,생활·마트 중 '철물'을 판매·제공하는 매장,train,철물,T4 구어·문장,d53bc0b0-f008-42a1-965b-3eda15f43bd8,신기축산,육류,신기시장,전통시장,인천광역시,,,
b36b27333346a37ccb73,full_annotation_v1,A,q_철물_07,공구 파는 곳,생활·마트 중 '철물'을 판매·제공하는 매장,train,철물,T4 구어·문장,daf883de-b112-41e4-81d5-1c220e4269ee,5000오천빈대떡,한식,명덕마을 골목형상점가,골목형상점가,울산광역시,,,
2fd1d6d41853d8606a7a,full_annotation_v1,A,q_철물_07,공구 파는 곳,생활·마트 중 '철물'을 판매·제공하는 매장,train,철물,T4 구어·문장,eaee5ffa-39a6-43f2-abb0-c3f52e53b9d0,이데,의류,남대문시장,전통시장,서울특별시,,,
1e8b8d4d0bc4b2480e74,full_annotation_v1,A,q_철물_07,공구 파는 곳,생활·마트 중 '철물'을 판매·제공하는 매장,train,철물,T4 구어·문장,1af29348-1ddd-4c32-bead-7eca517e685e,유니온상사,공구,인천산업유통센터,전통시장,인천광역시,,,
306981521efb99dbc37a,full_annotation_v1,A,q_철물_07,공구 파는 곳,생활·마트 중 '철물'을 판매·제공하는 매장,train,철물,T4 구어·문장,3f178591-21b4-48c1-9e52-356604435453,가구이야기,가구,청북가구단지상점가,골목형상점가,경기도,,,
8514f7b2914f35387b27,full_annotation_v1,A,q_철물_07,공구 파는 곳,생활·마트 중 '철물'을 판매·제공하는 매장,train,철물,T4 구어·문장,47db7bb4-01ac-4cff-809b-8c67d219bd0e,원진공구,공구 철물,시화공구상가,전통시장,경기도,,,
c2d1b920cddea1fa10c7,full_annotation_v1,A,q_철물_07,공구 파는 곳,생활·마트 중 '철물'을 판매·제공하는 매장,train,철물,T4 구어·문장,8435f8a0-5e34-45f2-b683-440f7e6a6b91,프랭크버거 부산하단동아대점,햄버거,하단자율상권구역,기타,부산광역시,,,
f56bf14f0ea0b3ebea89,full_annotation_v1,A,q_철물_07,공구 파는 곳,생활·마트 중 '철물'을 판매·제공하는 매장,train,철물,T4 구어·문장,2f95bf61-4dee-4d71-b3d3-86f13eb758b0,영동공구,공구,시화공구상가,전통시장,경기도,,,
3ca1fd77c6052e700c52,full_annotation_v1,A,q_철물_07,공구 파는 곳,생활·마트 중 '철물'을 판매·제공하는 매장,train,철물,T4 구어·문장,37726c2b-b312-4e9e-abfb-2366f28f7a57,영진상사,공구,인천산업유통센터,전통시장,인천광역시,,,
47d7b7d1f1cdb93353c1,full_annotation_v1,A,q_철물_07,공구 파는 곳,생활·마트 중 '철물'을 판매·제공하는 매장,train,철물,T4 구어·문장,81d59cf3-81b0-4611-b3c4-480bc01feeb8,동묘만물공구,공구,동묘시장,자율상권구역,서울특별시,,,
022d286be5b8f7974e48,full_annotation_v1,A,q_철물_07,공구 파는 곳,생활·마트 중 '철물'을 판매·제공하는 매장,train,철물,T4 구어·문장,c53207b0-09b3-4dbe-81da-55a8681b46e4,유일상사,공구,양동산업용품시장,전통시장,광주광역시,,,
717b6a57f1d44eb2f5ca,full_annotation_v1,A,q_철물_07,공구 파는 곳,생활·마트 중 '철물'을 판매·제공하는 매장,train,철물,T4 구어·문장,903c2b29-6d69-4b63-9993-37c51a4f8ec8,금오종합상사,공구,구미산업유통단지,전통시장,경상북도,,,
8fe197c388f3494acb9f,full_annotation_v1,A,q_철물_07,공구 파는 곳,생활·마트 중 '철물'을 판매·제공하는 매장,train,철물,T4 구어·문장,43a35142-a7d4-47dc-991a-5de79a66484e,우성상사,공구,산업용재관,전통시장,대구광역시,,,
ba79d0205455005144d7,full_annotation_v1,A,q_철물_07,공구 파는 곳,생활·마트 중 '철물'을 판매·제공하는 매장,train,철물,T4 구어·문장,16ee2aa3-5d28-4cc8-b968-6e6fd2d12c39,신화상사,공구,구천동공구시장,전통시장,경기도,,,
852cf8a906a277fe1f3f,full_annotation_v1,A,q_철물_07,공구 파는 곳,생활·마트 중 '철물'을 판매·제공하는 매장,train,철물,T4 구어·문장,f5b8b1e7-d86a-4b82-8289-cb17477acb76,보성종합상사,공구,하남진곡 골목형상점가,골목형상점가,광주광역시,,,
cb15009affbfb7c3ce74,full_annotation_v1,A,q_철물_07,공구 파는 곳,생활·마트 중 '철물'을 판매·제공하는 매장,train,철물,T4 구어·문장,35a5947e-9849-47c3-b6b0-77f9b29f320f,파워공구,공구,공구의거리,자율상권구역,광주광역시,,,
28f3beaa8d318c352666,full_annotation_v1,A,q_철물_07,공구 파는 곳,생활·마트 중 '철물'을 판매·제공하는 매장,train,철물,T4 구어·문장,0f3e0984-6986-4589-8aa2-774363733600,생초종합인테리어,인테리어,못골골목시장,전통시장,부산광역시,,,
7eb496b9118124bf63c9,full_annotation_v1,A,q_철물_07,공구 파는 곳,생활·마트 중 '철물'을 판매·제공하는 매장,train,철물,T4 구어·문장,007e8f5f-7711-4319-9176-92195d4fb772,금란열쇠철물,,양재잇길 골목형상점가,골목형상점가,서울특별시,,,
86c8d329f5f61df052f1,full_annotation_v1,A,q_철물_07,공구 파는 곳,생활·마트 중 '철물'을 판매·제공하는 매장,train,철물,T4 구어·문장,4415d408-0ed1-428d-95ce-67d04dd338ca,우리마늘농원,마늘,경동시장,전통시장,서울특별시,,,
43cfd93c945d9440b923,full_annotation_v1,A,q_철물_07,공구 파는 곳,생활·마트 중 '철물'을 판매·제공하는 매장,train,철물,T4 구어·문장,4df64ada-9727-46ba-89a7-214cd856efc8,미래상사,공구,구천동공구시장,전통시장,경기도,,,
4a5a38b16bb542e6f3a6,full_annotation_v1,A,q_철물_07,공구 파는 곳,생활·마트 중 '철물'을 판매·제공하는 매장,train,철물,T4 구어·문장,064333ec-6fb6-4818-96ca-b519413a5547,㈜현대인테리어필름,건축자재,건축자재특화의거리,자율상권구역,광주광역시,,,
b4d1dc03b5cb5ee88173,full_annotation_v1,A,q_철물_07,공구 파는 곳,생활·마트 중 '철물'을 판매·제공하는 매장,train,철물,T4 구어·문장,17b58419-738d-4a72-a425-450db0ab9cef,구일엔지니어링,공구,양동산업용품시장,전통시장,광주광역시,,,
749a9049d50336f314fb,full_annotation_v1,A,q_철물_07,공구 파는 곳,생활·마트 중 '철물'을 판매·제공하는 매장,train,철물,T4 구어·문장,4883ddce-876c-43fe-87b8-0df585cc000d,대신상사,공구,시화유통상가,전통시장,경기도,,,
13137c3647f128d23473,full_annotation_v1,A,q_철물_07,공구 파는 곳,생활·마트 중 '철물'을 판매·제공하는 매장,train,철물,T4 구어·문장,01c3ec28-1ceb-48f0-88e2-030e84b4d3f4,해영함석,철물,고도리 장터거리 상점가,골목형상점가,전라남도,,,
bac275e686e1f1d405dc,full_annotation_v1,A,q_철물_07,공구 파는 곳,생활·마트 중 '철물'을 판매·제공하는 매장,train,철물,T4 구어·문장,4034382b-7f45-4a38-b8a9-bb3252b0893a,인천툴테크,공구,인천산업유통센터,전통시장,인천광역시,,,
51ed8905699954899977,full_annotation_v1,A,q_철물_07,공구 파는 곳,생활·마트 중 '철물'을 판매·제공하는 매장,train,철물,T4 구어·문장,8e8833a5-2fb2-49c8-9e86-54161fc8474e,동광천막기업,공구,양동산업용품시장,전통시장,광주광역시,,,
9fad13167a6d920221d3,full_annotation_v1,A,q_철물_07,공구 파는 곳,생활·마트 중 '철물'을 판매·제공하는 매장,train,철물,T4 구어·문장,97aa4c59-66e4-4829-a0c8-7de7af2f85b1,다우공구,공구,시화유통상가,전통시장,경기도,,,
edbd4d7d3ca091a4d05e,full_annotation_v1,A,q_철물_07,공구 파는 곳,생활·마트 중 '철물'을 판매·제공하는 매장,train,철물,T4 구어·문장,b7c1d6cc-d9cb-4c54-95d0-a3b3997e1686,공구지원센터,공구,시화유통상가,전통시장,경기도,,,
8d7963d836d419f55dc2,full_annotation_v1,A,q_철물_07,공구 파는 곳,생활·마트 중 '철물'을 판매·제공하는 매장,train,철물,T4 구어·문장,ef204841-56f9-4f8d-b182-e00e0d2a4347,테크원,공구 등,시화공구상가,전통시장,경기도,,,
5829c6641dce0f520403,full_annotation_v1,A,q_철물_07,공구 파는 곳,생활·마트 중 '철물'을 판매·제공하는 매장,train,철물,T4 구어·문장,08d279de-df58-4bbf-98b5-b53c1d84cb4b,헤스티아디자인,"가구, 인테리어",마산 북마산가구시장,전통시장,경상남도,,,
9ad7c76fb3e89f103dd4,full_annotation_v1,A,q_철물_07,공구 파는 곳,생활·마트 중 '철물'을 판매·제공하는 매장,train,철물,T4 구어·문장,0c6e7510-eb90-4f61-b987-9a25cfa69876,남해상사,식품잡화,청량종합도매시장(깡통시장),전통시장,서울특별시,,,
415c1d7c2cd340560f29,full_annotation_v1,A,q_철물_07,공구 파는 곳,생활·마트 중 '철물'을 판매·제공하는 매장,train,철물,T4 구어·문장,0b14b699-b1bb-488d-abd7-379638a41d01,ABC케미칼,페인트,인천산업유통센터,전통시장,인천광역시,,,
c76ba615b335c63641aa,full_annotation_v1,A,q_철물_07,공구 파는 곳,생활·마트 중 '철물'을 판매·제공하는 매장,train,철물,T4 구어·문장,2fe1147b-e40e-4929-a88e-44fdb67b5b87,공구시대,공구,산업용재관,전통시장,대구광역시,,,
a8e151a9b743d7687c1d,full_annotation_v1,A,q_철물_07,공구 파는 곳,생활·마트 중 '철물'을 판매·제공하는 매장,train,철물,T4 구어·문장,023caaa3-b584-448b-a7b5-d20d8bc86c72,시화리데나,공구,시화유통상가,전통시장,경기도,,,
4c2eac9a9b78470cb7f9,full_annotation_v1,A,q_철물_07,공구 파는 곳,생활·마트 중 '철물'을 판매·제공하는 매장,train,철물,T4 구어·문장,cd92793a-35c2-49aa-a058-ee22f67ed6b1,세종주먹구이,한식,보람동 골목형상점가,골목형상점가,세종특별자치시,,,
27224321c921cb55d4bf,full_annotation_v1,A,q_철물_07,공구 파는 곳,생활·마트 중 '철물'을 판매·제공하는 매장,train,철물,T4 구어·문장,0c3e2ec5-bf0e-42a6-922c-695b13f69c21,부흥기업,페인트,삼송상점가,자율상권구역,경기도,,,
0fba5be7d5871809a7bd,full_annotation_v1,A,q_철물_07,공구 파는 곳,생활·마트 중 '철물'을 판매·제공하는 매장,train,철물,T4 구어·문장,1c896b64-59ef-49f6-ad4a-b865e0254372,정암건업,페인트,오케이 양산동 골목형상점가,골목형상점가,광주광역시,,,
fe8df3bb02c253673257,full_annotation_v1,A,q_철물_07,공구 파는 곳,생활·마트 중 '철물'을 판매·제공하는 매장,train,철물,T4 구어·문장,c27b1a91-f303-4b78-92b3-2ba9b76428ba,조은기전,"철물 공구, 공구",인천산업유통센터,전통시장,인천광역시,,,
5f0438826f07f948bced,full_annotation_v1,A,q_철물_07,공구 파는 곳,생활·마트 중 '철물'을 판매·제공하는 매장,train,철물,T4 구어·문장,32a7b9fd-114b-4569-889c-0a28e450f187,부광종합상사,공구,구미산업유통단지,전통시장,경상북도,,,
bbeb8d37566342174f0d,full_annotation_v1,A,q_철물_07,공구 파는 곳,생활·마트 중 '철물'을 판매·제공하는 매장,train,철물,T4 구어·문장,01945ad9-1cfb-471d-8f25-2d6d23ff6c5b,서해건재,철물 건축자재,청학동골목형상점가,골목형상점가,인천광역시,,,
c517ba682d24ee72d7dc,full_annotation_v1,A,q_철물_07,공구 파는 곳,생활·마트 중 '철물'을 판매·제공하는 매장,train,철물,T4 구어·문장,2c622bd7-becf-4d0f-b58e-a9c15829815e,반디공구,공구,무주반딧불상권활성화구역,상권활성화구역,전북특별자치도,,,
32fb77f154f2af8d952d,full_annotation_v1,A,q_철물_07,공구 파는 곳,생활·마트 중 '철물'을 판매·제공하는 매장,train,철물,T4 구어·문장,2517d493-a276-4078-ab45-cf0212501e2f,순아수산,수산물,동문재래시장,전통시장,제주특별자치도,,,
3270d62a5ba0a77f27b6,full_annotation_v1,A,q_철물_07,공구 파는 곳,생활·마트 중 '철물'을 판매·제공하는 매장,train,철물,T4 구어·문장,acf25115-7e3b-4e8a-b223-9f8287c2ffce,반도피앤비,공구,시화유통상가,전통시장,경기도,,,
34b59fec22d4e44994d8,full_annotation_v1,A,q_철물_07,공구 파는 곳,생활·마트 중 '철물'을 판매·제공하는 매장,train,철물,T4 구어·문장,676b25f2-5812-4643-baf9-280d34da4caf,드림공구,공구,인천산업유통센터,전통시장,인천광역시,,,
7985866150f30b052f8b,full_annotation_v1,A,q_철물_07,공구 파는 곳,생활·마트 중 '철물'을 판매·제공하는 매장,train,철물,T4 구어·문장,449cecef-06f7-4777-a91b-189031dc8938,그레이PC,pc방,수문통 골목형상점가,골목형상점가,인천광역시,,,
3567298c0818b0beba4a,full_annotation_v1,A,q_철물_07,공구 파는 곳,생활·마트 중 '철물'을 판매·제공하는 매장,train,철물,T4 구어·문장,8237c88b-68fb-4ebc-8d0e-007a846974aa,툴테크,공구,하남진곡 골목형상점가,골목형상점가,광주광역시,,,
6df355fa75f5777fef83,full_annotation_v1,A,q_철물_07,공구 파는 곳,생활·마트 중 '철물'을 판매·제공하는 매장,train,철물,T4 구어·문장,2ade5952-46c3-401b-9f4f-728f21c123ba,보광철물,공구,양동산업용품시장,전통시장,광주광역시,,,
5a3a01f6b2ec96d84cdc,full_annotation_v1,A,q_철물_07,공구 파는 곳,생활·마트 중 '철물'을 판매·제공하는 매장,train,철물,T4 구어·문장,6cf1e8ea-7eee-4a20-9054-b74d9c91599e,경인공구,공구,인천산업유통센터,전통시장,인천광역시,,,
46a511f6ba369ea34687,full_annotation_v1,A,q_철물_07,공구 파는 곳,생활·마트 중 '철물'을 판매·제공하는 매장,train,철물,T4 구어·문장,0682734b-5e2e-4e79-9bcc-9fee6192ebcc,나무뜰,소매업(인테리어소품),신안프라자전통시장,전통시장,경기도,,,
40fa39b08a5739dfd508,full_annotation_v1,A,q_철물_07,공구 파는 곳,생활·마트 중 '철물'을 판매·제공하는 매장,train,철물,T4 구어·문장,67558d8e-3426-4371-a36c-18d9ce4b520b,금호전기,공구,양동산업용품시장,전통시장,광주광역시,,,
8195ce8fdacde3a043a7,full_annotation_v1,A,q_철물_07,공구 파는 곳,생활·마트 중 '철물'을 판매·제공하는 매장,train,철물,T4 구어·문장,24456103-f6b8-46af-8655-82e61d7265d8,커피가 머무르는 곳,커피,반드레길골목형상점가,골목형상점가,서울특별시,,,
ba1923d0f873c96cf6a8,full_annotation_v1,A,q_철물_07,공구 파는 곳,생활·마트 중 '철물'을 판매·제공하는 매장,train,철물,T4 구어·문장,27744867-b33f-47da-872e-897a46024ba1,(주) 금오공구,공구,시화유통상가,전통시장,경기도,,,
2ca012001f30e85a810d,full_annotation_v1,A,q_철물_07,공구 파는 곳,생활·마트 중 '철물'을 판매·제공하는 매장,train,철물,T4 구어·문장,2f068242-00e3-4229-9bea-e0e7cf6a737b,메인중고공구,공구,시화유통상가,전통시장,경기도,,,
1fc6a351212d14aced88,full_annotation_v1,A,q_철물_07,공구 파는 곳,생활·마트 중 '철물'을 판매·제공하는 매장,train,철물,T4 구어·문장,da9082e0-6b5b-4c2e-ba5e-4981ec8710e0,시흥월드,공구,시화공구상가,전통시장,경기도,,,
b179d9838578464380dd,full_annotation_v1,A,q_철물_07,공구 파는 곳,생활·마트 중 '철물'을 판매·제공하는 매장,train,철물,T4 구어·문장,00bfa2e9-dca4-4800-b2ca-9d160826e04b,현대철물,철물,청운시장골목형상점가,골목형상점가,경기도,,,
ef269bdae5405e01d307,full_annotation_v1,A,q_철물_07,공구 파는 곳,생활·마트 중 '철물'을 판매·제공하는 매장,train,철물,T4 구어·문장,876bfcb9-4612-46db-85c2-86f0096e3731,광남철물공구,공구,양동산업용품시장,전통시장,광주광역시,,,
e3cd18654e2ed8097e66,full_annotation_v1,A,q_철물_07,공구 파는 곳,생활·마트 중 '철물'을 판매·제공하는 매장,train,철물,T4 구어·문장,2f6eaca6-9ded-4c5b-919e-518e09a85050,인상종합공구,공구,인천산업유통센터,전통시장,인천광역시,,,
308614c487fa30f13c86,full_annotation_v1,A,q_철물_07,공구 파는 곳,생활·마트 중 '철물'을 판매·제공하는 매장,train,철물,T4 구어·문장,0021ea65-4c59-4aa0-8d1c-95fe7b6686d0,공간인테리어,경미한공사(인테리어),여의동 골목형상점가,골목형상점가,전북특별자치도,,,
d62a889d574f79d65fb0,full_annotation_v1,A,q_철물_07,공구 파는 곳,생활·마트 중 '철물'을 판매·제공하는 매장,train,철물,T4 구어·문장,f5d0c4ee-7046-4917-91d8-f12cbc015893,옵티마건강약국,의약품,개봉입구골목상가 골목형상점가,골목형상점가,서울특별시,,,
c8caa0dfc025b95299bf,full_annotation_v1,A,q_철물_07,공구 파는 곳,생활·마트 중 '철물'을 판매·제공하는 매장,train,철물,T4 구어·문장,a36e9f7f-1549-400c-82a6-dabb40bb1ebd,월드종합상사,공구,시화공구상가,전통시장,경기도,,,
c8a30fe62ac66baf92c9,full_annotation_v1,A,q_철물_07,공구 파는 곳,생활·마트 중 '철물'을 판매·제공하는 매장,train,철물,T4 구어·문장,165c84e4-a763-4d07-8da2-9e04382c6d7c,동진전기수리센타,공구,양동산업용품시장,전통시장,광주광역시,,,
a7ae93b33e325d3a985a,full_annotation_v1,A,q_철물_07,공구 파는 곳,생활·마트 중 '철물'을 판매·제공하는 매장,train,철물,T4 구어·문장,44e5d6cf-5aca-467e-841c-39ef2ac2084c,거성상사,공구,시화유통상가,전통시장,경기도,,,
a558a283308339e989f3,full_annotation_v1,A,q_철물_07,공구 파는 곳,생활·마트 중 '철물'을 판매·제공하는 매장,train,철물,T4 구어·문장,0cb3602a-2dfc-4709-a660-fccabd8fa539,동민건축,인테리어,동먹골상가 골목형상점가,골목형상점가,대구광역시,,,
7717a24abb95c283d3dc,full_annotation_v1,A,q_철물_07,공구 파는 곳,생활·마트 중 '철물'을 판매·제공하는 매장,train,철물,T4 구어·문장,9cb6b023-1fb1-40b3-b74f-944d2786cc22,신세계공구,공구,양동산업용품시장,전통시장,광주광역시,,,
d56ab2e26a73ee1fdc7a,full_annotation_v1,A,q_철물_07,공구 파는 곳,생활·마트 중 '철물'을 판매·제공하는 매장,train,철물,T4 구어·문장,40dda8fd-a795-40ef-84d4-338d9b33ad8f,대양정공,공구,영등포(시장)기계공구상가,자율상권구역,서울특별시,,,
30fdc8fb02e884ae7ae6,full_annotation_v1,A,q_철물_07,공구 파는 곳,생활·마트 중 '철물'을 판매·제공하는 매장,train,철물,T4 구어·문장,5a667b2f-10a3-4cd4-b616-52e10107a93b,명일공구,철물 공구,구천동공구시장,전통시장,경기도,,,
5b8af0d54a3519336a9e,full_annotation_v1,A,q_철물_07,공구 파는 곳,생활·마트 중 '철물'을 판매·제공하는 매장,train,철물,T4 구어·문장,47eecc2f-4226-41d2-8fa0-3e343f88de37,대박건어물,건어물,부평깡시장,전통시장,인천광역시,,,
91b934f0328b386fef07,full_annotation_v1,A,q_철물_07,공구 파는 곳,생활·마트 중 '철물'을 판매·제공하는 매장,train,철물,T4 구어·문장,01c220a8-63b9-4819-859f-434a0f83cadf,제일상사,페인트 유리 도장공사 방수공사,장흥중앙로 골목형상점가,골목형상점가,전라남도,,,
5961bde6dc047fe9d471,full_annotation_v1,A,q_철물_07,공구 파는 곳,생활·마트 중 '철물'을 판매·제공하는 매장,train,철물,T4 구어·문장,da5854d7-5750-4571-8e25-5f3a3a0d089b,은혜미용실,미용,직산읍삼은1번가골목형상점가,골목형상점가,충청남도,,,
dbd672a72a16e92bb16b,full_annotation_v1,A,q_철물_07,공구 파는 곳,생활·마트 중 '철물'을 판매·제공하는 매장,train,철물,T4 구어·문장,f75b6d74-626f-4f39-b6a0-95cc1984999f,평화종합상사,공구,산업용재관,전통시장,대구광역시,,,
2cfbee1969cdf194166b,full_annotation_v1,A,q_철물_07,공구 파는 곳,생활·마트 중 '철물'을 판매·제공하는 매장,train,철물,T4 구어·문장,9f41accf-857c-48f2-b9df-1e96b7f601f3,세계로종합상사,공구,산업용재관,전통시장,대구광역시,,,
c347d680ca6ec93a7f8a,full_annotation_v1,A,q_철물_07,공구 파는 곳,생활·마트 중 '철물'을 판매·제공하는 매장,train,철물,T4 구어·문장,afadf385-b5e2-42da-990b-9f376b5ae53a,대성톱공구,공구,양동산업용품시장,전통시장,광주광역시,,,
7fa70036174e21b2084b,full_annotation_v1,A,q_철물_07,공구 파는 곳,생활·마트 중 '철물'을 판매·제공하는 매장,train,철물,T4 구어·문장,8e886997-92cf-4486-aac5-d300974f42a4,명우상사,공구,산업용재관,전통시장,대구광역시,,,
8a9c5f249b28098e581d,full_annotation_v1,A,q_철물_07,공구 파는 곳,생활·마트 중 '철물'을 판매·제공하는 매장,train,철물,T4 구어·문장,9d33fa6c-21c8-4d00-ac12-d05007fbadd2,동일공구종합상사,공구,구미산업유통단지,전통시장,경상북도,,,
470a2082cffa335aef0d,full_annotation_v1,A,q_철물_07,공구 파는 곳,생활·마트 중 '철물'을 판매·제공하는 매장,train,철물,T4 구어·문장,1021ceaa-6c95-4101-9c16-d2370f267dd1,그린콘트롤(대전),건축자재,용정 골목형상점가,골목형상점가,대전광역시,,,
9ac4620b2123c5fde3e8,full_annotation_v1,A,q_철물_07,공구 파는 곳,생활·마트 중 '철물'을 판매·제공하는 매장,train,철물,T4 구어·문장,0fc91673-8155-4c73-b8b7-7b5b09f61cc8,노루표페인트,페인트,충주자유시장,전통시장,충청북도,,,
9320625f12b58511f3e5,full_annotation_v1,A,q_철물_07,공구 파는 곳,생활·마트 중 '철물'을 판매·제공하는 매장,train,철물,T4 구어·문장,289c3cab-8065-4673-b7ad-b268c37fe2ae,오디한의원,의료서비스,오류버들시장골목형상점가,골목형상점가,서울특별시,,,
0d97be1e4a49b0d20970,full_annotation_v1,A,q_철물_07,공구 파는 곳,생활·마트 중 '철물'을 판매·제공하는 매장,train,철물,T4 구어·문장,c161453d-f2c8-4b97-a2c3-a54e0cbdb7e8,생활용품 싸게 파는 집,잡화,안성중앙시장,전통시장,경기도,,,
7ab9955e8309eb06732f,full_annotation_v1,A,q_철물_07,공구 파는 곳,생활·마트 중 '철물'을 판매·제공하는 매장,train,철물,T4 구어·문장,5d62414b-10b9-45db-924c-202279006b8f,신성툴테크,공구,양동산업용품시장,전통시장,광주광역시,,,
36427432172848834287,full_annotation_v1,A,q_철물_07,공구 파는 곳,생활·마트 중 '철물'을 판매·제공하는 매장,train,철물,T4 구어·문장,eeb02d57-df75-4ae2-969b-84a8e8995c3d,천마종합공구,공구,양동산업용품시장,전통시장,광주광역시,,,
8cee6b9ecaf585863400,full_annotation_v1,A,q_철물_07,공구 파는 곳,생활·마트 중 '철물'을 판매·제공하는 매장,train,철물,T4 구어·문장,2ca8bdcb-78f7-4eab-b177-74ac9a0c0b85,대박통 산호점,한식,마산 산호동야구장상점가,자율상권구역,경상남도,,,
cc52819fd6ee4565b688,full_annotation_v1,A,q_철물_07,공구 파는 곳,생활·마트 중 '철물'을 판매·제공하는 매장,train,철물,T4 구어·문장,803e028d-a600-4a80-83cd-909afa03296c,명품자동차공구,공구,산업용재유통센터 상인회 골목형상점가,골목형상점가,광주광역시,,,
89e6add138c19730f2b7,full_annotation_v1,A,q_철물_07,공구 파는 곳,생활·마트 중 '철물'을 판매·제공하는 매장,train,철물,T4 구어·문장,0d6e2499-4722-4e64-b3ad-9f87d6f60ed0,유화건재,건축자재,무주반딧불상권활성화구역,상권활성화구역,전북특별자치도,,,
c088c3902e9d867a5fda,full_annotation_v1,A,q_철물_07,공구 파는 곳,생활·마트 중 '철물'을 판매·제공하는 매장,train,철물,T4 구어·문장,95941d7f-fcb6-45f4-8394-4feb03b36a56,우주전기,공구,오정동상점가,자율상권구역,대전광역시,,,
532d6212d0e8deea9bbf,full_annotation_v1,A,q_철물_07,공구 파는 곳,생활·마트 중 '철물'을 판매·제공하는 매장,train,철물,T4 구어·문장,0bd28800-62b5-493e-bcb6-764857407f23,화이트메종,인테리어,은구비서로사회적협동조합 골목형상점가,골목형상점가,대전광역시,,,
c41119cb44382a7dc81e,full_annotation_v1,A,q_철물_07,공구 파는 곳,생활·마트 중 '철물'을 판매·제공하는 매장,train,철물,T4 구어·문장,03ed7e29-3b6d-43fb-b9f7-dda372779d19,주식회사 신진와이케이,"철물, 건재",죽산골목형상점가,골목형상점가,경기도,,,
14cb804eb81d7460d346,full_annotation_v1,A,q_철물_07,공구 파는 곳,생활·마트 중 '철물'을 판매·제공하는 매장,train,철물,T4 구어·문장,0394caa3-10fc-4b86-b7e2-c7b1ac09d649,새마을종합인테리어,"인테리어(벽지,장판등)",성남남한산성시장(구 은행골목시장),전통시장,경기도,,,
d70f6456503452d3a53b,full_annotation_v1,A,q_철물_07,공구 파는 곳,생활·마트 중 '철물'을 판매·제공하는 매장,train,철물,T4 구어·문장,0a46ba75-4fae-4472-a829-c67c26331da5,효성상사,공구,북성로상점가,자율상권구역,대구광역시,,,
36f96437cd838b8921a8,full_annotation_v1,A,q_철물_07,공구 파는 곳,생활·마트 중 '철물'을 판매·제공하는 매장,train,철물,T4 구어·문장,0440c80b-2086-4ca5-a845-030f729ccef4,청림목재,목재합판기타건축자재,주월1동독립로 골목형상점가,골목형상점가,광주광역시,,,
01fe4a71d6e880841429,full_annotation_v1,A,q_철물_07,공구 파는 곳,생활·마트 중 '철물'을 판매·제공하는 매장,train,철물,T4 구어·문장,d7cc99c6-0e59-476a-88b0-bb1c57d912f0,금성종합공구,공구,구천동공구시장,전통시장,경기도,,,
c8e36a368dc3a280496d,full_annotation_v1,A,q_철물_07,공구 파는 곳,생활·마트 중 '철물'을 판매·제공하는 매장,train,철물,T4 구어·문장,d1d75a41-e8dc-4506-862d-282b6c2b2f5e,삼성체인,공구,인천산업유통센터,전통시장,인천광역시,,,
9395f5a0cb39b4f1d82f,full_annotation_v1,A,q_철물_08,나사 사려면,생활·마트 중 '철물'을 판매·제공하는 매장,train,철물,T4 구어·문장,70970f5a-4c9b-4a25-9c6a-21b4722e852d,정심헌베이커리,디저트 커피,화성행궁골목형상점가,골목형상점가,경기도,,,
df2fb0b765bc5d78bec0,full_annotation_v1,A,q_철물_08,나사 사려면,생활·마트 중 '철물'을 판매·제공하는 매장,train,철물,T4 구어·문장,ebfe3f9f-9472-4e5f-a536-42e8d5f96da9,고운면,면,고운뜰 골목형상점가,골목형상점가,세종특별자치시,,,
f0f716106fa86bad5c1f,full_annotation_v1,A,q_철물_08,나사 사려면,생활·마트 중 '철물'을 판매·제공하는 매장,train,철물,T4 구어·문장,69e6e4bf-64be-455f-9738-044f84e92287,동백줄리어드음악학원,,동백 이음길 골목형상점가,골목형상점가,경기도,,,
233a3c49c429ce943fd1,full_annotation_v1,A,q_철물_08,나사 사려면,생활·마트 중 '철물'을 판매·제공하는 매장,train,철물,T4 구어·문장,0b14b699-b1bb-488d-abd7-379638a41d01,ABC케미칼,페인트,인천산업유통센터,전통시장,인천광역시,,,
7e52e51e8e756d675d16,full_annotation_v1,A,q_철물_08,나사 사려면,생활·마트 중 '철물'을 판매·제공하는 매장,train,철물,T4 구어·문장,00bfa2e9-dca4-4800-b2ca-9d160826e04b,현대철물,철물,청운시장골목형상점가,골목형상점가,경기도,,,
86c3cb92d8bfca8cfbf7,full_annotation_v1,A,q_철물_08,나사 사려면,생활·마트 중 '철물'을 판매·제공하는 매장,train,철물,T4 구어·문장,0c3e2ec5-bf0e-42a6-922c-695b13f69c21,부흥기업,페인트,삼송상점가,자율상권구역,경기도,,,
2621173d0985a9cfc98e,full_annotation_v1,A,q_철물_08,나사 사려면,생활·마트 중 '철물'을 판매·제공하는 매장,train,철물,T4 구어·문장,6d477d7f-0def-48e3-b2e8-7b07a9e12749,신정면,음식,단국대 앞 골목형상점가,골목형상점가,경기도,,,
d1c8bbce691daae82692,full_annotation_v1,A,q_철물_08,나사 사려면,생활·마트 중 '철물'을 판매·제공하는 매장,train,철물,T4 구어·문장,4acf66e5-52b1-41ad-bd3e-6b7e788f1726,하나하나사장,사진촬영,뒷개로청춘골목상점가,골목형상점가,전라남도,,,
e06a713bb8a020759356,full_annotation_v1,A,q_철물_08,나사 사려면,생활·마트 중 '철물'을 판매·제공하는 매장,train,철물,T4 구어·문장,7b6ede4b-5b80-44b3-ad7f-c49562742c0a,하나사,,전주동문상점가,자율상권구역,전북특별자치도,,,
c6a4b68f3125aa007de6,full_annotation_v1,A,q_철물_08,나사 사려면,생활·마트 중 '철물'을 판매·제공하는 매장,train,철물,T4 구어·문장,591c39e7-98ad-4964-b21e-ba75c2ba534d,부산밀면,밀면,포항죽도농산물시장,전통시장,경상북도,,,
ddaa8b9e48d23e372a75,full_annotation_v1,A,q_철물_08,나사 사려면,생활·마트 중 '철물'을 판매·제공하는 매장,train,철물,T4 구어·문장,95b84f01-8bd6-4f72-ac06-b1e86f7048cb,언제나사랑할개,애완견미용,풍암신암상인회 골목형상점가,골목형상점가,광주광역시,,,
73d0b713a7f6d7182043,full_annotation_v1,A,q_철물_08,나사 사려면,생활·마트 중 '철물'을 판매·제공하는 매장,train,철물,T4 구어·문장,007e8f5f-7711-4319-9176-92195d4fb772,금란열쇠철물,,양재잇길 골목형상점가,골목형상점가,서울특별시,,,
2e0ba355bdafe8213489,full_annotation_v1,A,q_철물_08,나사 사려면,생활·마트 중 '철물'을 판매·제공하는 매장,train,철물,T4 구어·문장,1c896b64-59ef-49f6-ad4a-b865e0254372,정암건업,페인트,오케이 양산동 골목형상점가,골목형상점가,광주광역시,,,
169126ecb2554894873d,full_annotation_v1,A,q_철물_08,나사 사려면,생활·마트 중 '철물'을 판매·제공하는 매장,train,철물,T4 구어·문장,41b03648-e240-4026-b7f7-1e7acc17ad52,울산식당,음식,상주남성시장,전통시장,경상북도,,,
a6f14d249d48d330d446,full_annotation_v1,A,q_철물_08,나사 사려면,생활·마트 중 '철물'을 판매·제공하는 매장,train,철물,T4 구어·문장,0a195b0d-3b29-4f31-b507-64ec2dff583b,사리원냉면,한식,수문통 골목형상점가,골목형상점가,인천광역시,,,
5778366789b8b5850a67,full_annotation_v1,A,q_철물_08,나사 사려면,생활·마트 중 '철물'을 판매·제공하는 매장,train,철물,T4 구어·문장,9b4f4104-09ab-4ed0-ad21-1b0b08f56eda,세흔사,,부산자유시장,전통시장,부산광역시,,,
99780ef0d8380039b1d9,full_annotation_v1,A,q_철물_08,나사 사려면,생활·마트 중 '철물'을 판매·제공하는 매장,train,철물,T4 구어·문장,e44d2a10-4155-44ca-8844-e9505aaca469,무야호떡와플,호떡,용인중앙시장,전통시장,경기도,,,
77a6b6306fc5e3f125a8,full_annotation_v1,A,q_철물_08,나사 사려면,생활·마트 중 '철물'을 판매·제공하는 매장,train,철물,T4 구어·문장,f44a0083-c774-452c-9b72-fcd8434335e9,사사,의류,중앙로 지하상가 상점가,일반지하상점가,대전광역시,,,
a8f8489ea189be3d2eda,full_annotation_v1,A,q_철물_08,나사 사려면,생활·마트 중 '철물'을 판매·제공하는 매장,train,철물,T4 구어·문장,0f9d91d8-855c-440b-918e-00a3a6ad930b,호지면,,하리오션시티 골목형상점가,골목형상점가,부산광역시,,,
876fc7a218773f8248b4,full_annotation_v1,A,q_철물_08,나사 사려면,생활·마트 중 '철물'을 판매·제공하는 매장,train,철물,T4 구어·문장,aa7a6d14-fc21-4e30-ac93-0ddf3793ec22,여수세꼬시,한식,두암1동 골목형상점가,골목형상점가,광주광역시,,,
114fe8575d11bb3a2cd3,full_annotation_v1,A,q_철물_08,나사 사려면,생활·마트 중 '철물'을 판매·제공하는 매장,train,철물,T4 구어·문장,0d6e2499-4722-4e64-b3ad-9f87d6f60ed0,유화건재,건축자재,무주반딧불상권활성화구역,상권활성화구역,전북특별자치도,,,
947c024b61cb1ebf1da9,full_annotation_v1,A,q_철물_08,나사 사려면,생활·마트 중 '철물'을 판매·제공하는 매장,train,철물,T4 구어·문장,04152499-1e7f-451f-8393-4986be4bd671,신전떡볶이,떡볶이,행복상점가,자율상권구역,경상북도,,,
295b0396aea47e83e040,full_annotation_v1,A,q_철물_08,나사 사려면,생활·마트 중 '철물'을 판매·제공하는 매장,train,철물,T4 구어·문장,923c8d3d-a5aa-407d-947c-28930acba560,삼일횟집,음식(한식),고성시장,전통시장,경상남도,,,
7464dc1d8f7bda0656ce,full_annotation_v1,A,q_철물_08,나사 사려면,생활·마트 중 '철물'을 판매·제공하는 매장,train,철물,T4 구어·문장,08d279de-df58-4bbf-98b5-b53c1d84cb4b,헤스티아디자인,"가구, 인테리어",마산 북마산가구시장,전통시장,경상남도,,,
9a3c46bced9484a1a2b3,full_annotation_v1,A,q_철물_08,나사 사려면,생활·마트 중 '철물'을 판매·제공하는 매장,train,철물,T4 구어·문장,01c3ec28-1ceb-48f0-88e2-030e84b4d3f4,해영함석,철물,고도리 장터거리 상점가,골목형상점가,전라남도,,,
5b343539047bd27986bb,full_annotation_v1,A,q_철물_08,나사 사려면,생활·마트 중 '철물'을 판매·제공하는 매장,train,철물,T4 구어·문장,922abdff-4855-41ac-8c59-f8693abc67ea,진역밀면,,황금수정 골목형상점가,골목형상점가,부산광역시,,,
324831bbdce03f4ba7f5,full_annotation_v1,A,q_철물_08,나사 사려면,생활·마트 중 '철물'을 판매·제공하는 매장,train,철물,T4 구어·문장,0bd28800-62b5-493e-bcb6-764857407f23,화이트메종,인테리어,은구비서로사회적협동조합 골목형상점가,골목형상점가,대전광역시,,,
9e7ec159d4070cafe230,full_annotation_v1,A,q_철물_08,나사 사려면,생활·마트 중 '철물'을 판매·제공하는 매장,train,철물,T4 구어·문장,443c165b-d3ad-4129-935e-c81a38ecbd31,고기면 육회리,,효자이동교 골목형상점가,골목형상점가,전북특별자치도,,,
085e80f9d80d4e02deb1,full_annotation_v1,A,q_철물_08,나사 사려면,생활·마트 중 '철물'을 판매·제공하는 매장,train,철물,T4 구어·문장,3af7d2a0-92ea-4502-83ab-e71a58b51252,안나사진관,사진,본리 장대빌딩 골목형상점가,골목형상점가,대구광역시,,,
c891cc5d78742d6ce648,full_annotation_v1,A,q_철물_08,나사 사려면,생활·마트 중 '철물'을 판매·제공하는 매장,train,철물,T4 구어·문장,cb893bca-7f61-4066-8b5d-6ff2331deb5c,컨벤션자동차정비센타,자동차정비,상무원마륵상인회 골목형상점가,골목형상점가,광주광역시,,,
ea9457c259a9b0edc045,full_annotation_v1,A,q_철물_08,나사 사려면,생활·마트 중 '철물'을 판매·제공하는 매장,train,철물,T4 구어·문장,0394caa3-10fc-4b86-b7e2-c7b1ac09d649,새마을종합인테리어,"인테리어(벽지,장판등)",성남남한산성시장(구 은행골목시장),전통시장,경기도,,,
d6713f258a6ff78f4592,full_annotation_v1,A,q_철물_08,나사 사려면,생활·마트 중 '철물'을 판매·제공하는 매장,train,철물,T4 구어·문장,9b8617f2-1551-4022-845a-cd8a4adf9f47,구우움양산점,한식,양산동 골목형상점가,골목형상점가,광주광역시,,,
68935b9875809b871583,full_annotation_v1,A,q_철물_08,나사 사려면,생활·마트 중 '철물'을 판매·제공하는 매장,train,철물,T4 구어·문장,b7046c1e-aba1-4055-91e6-bfe098274664,하나사쿠,초밥,봉덕맛길 골목형상점가,골목형상점가,대구광역시,,,
ef89ff0cebb6141ea118,full_annotation_v1,A,q_철물_08,나사 사려면,생활·마트 중 '철물'을 판매·제공하는 매장,train,철물,T4 구어·문장,0440c80b-2086-4ca5-a845-030f729ccef4,청림목재,목재합판기타건축자재,주월1동독립로 골목형상점가,골목형상점가,광주광역시,,,
df41b4845524eae82c95,full_annotation_v1,A,q_철물_08,나사 사려면,생활·마트 중 '철물'을 판매·제공하는 매장,train,철물,T4 구어·문장,063e0bdb-f37d-403a-8d87-439096dd4a51,공감인테리어,실내 인테리어벽지장판목공타일류 등 및 컨설팅,운남7단지먹자거리 골목형상점가,골목형상점가,광주광역시,,,
13ff4e7537742b235cfa,full_annotation_v1,A,q_철물_08,나사 사려면,생활·마트 중 '철물'을 판매·제공하는 매장,train,철물,T4 구어·문장,01c220a8-63b9-4819-859f-434a0f83cadf,제일상사,페인트 유리 도장공사 방수공사,장흥중앙로 골목형상점가,골목형상점가,전라남도,,,
2fc549153e6d15b9e173,full_annotation_v1,A,q_철물_08,나사 사려면,생활·마트 중 '철물'을 판매·제공하는 매장,train,철물,T4 구어·문장,d31fc2f4-3cf0-458e-82b4-816dba65080c,하나사진관,사진관,묵동도깨비시장골목형상점가,골목형상점가,서울특별시,,,
fa4cad1fc11a33b60072,full_annotation_v1,A,q_철물_08,나사 사려면,생활·마트 중 '철물'을 판매·제공하는 매장,train,철물,T4 구어·문장,2f1a037e-b5f8-46ba-a1b5-01ce12e3df1a,나탕너찜,한식,유안초등북길 골목형상점가,골목형상점가,광주광역시,,,
8ec8726884162c20abbf,full_annotation_v1,A,q_철물_08,나사 사려면,생활·마트 중 '철물'을 판매·제공하는 매장,train,철물,T4 구어·문장,8aec0dd4-bd19-4470-8475-c78db7c7dd85,꼬기냉면,냉면,태백중앙로상점가,자율상권구역,강원특별자치도,,,
fe505adbe542d21572f8,full_annotation_v1,A,q_철물_08,나사 사려면,생활·마트 중 '철물'을 판매·제공하는 매장,train,철물,T4 구어·문장,9c9f7aea-e7ec-4b54-ba3f-e5d18d444bf3,마인드브릿지 동성로점,의류,동성로상점가,자율상권구역,대구광역시,,,
08621a66d435c52da670,full_annotation_v1,A,q_철물_08,나사 사려면,생활·마트 중 '철물'을 판매·제공하는 매장,train,철물,T4 구어·문장,118f3ee0-de19-4001-a62c-ff72fbadf575,번영테크툴,공구,오정동상점가,자율상권구역,대전광역시,,,
3923a38ba5ae306f8a7f,full_annotation_v1,A,q_철물_08,나사 사려면,생활·마트 중 '철물'을 판매·제공하는 매장,train,철물,T4 구어·문장,0f3e0984-6986-4589-8aa2-774363733600,생초종합인테리어,인테리어,못골골목시장,전통시장,부산광역시,,,
aacb7371ba80accab664,full_annotation_v1,A,q_철물_08,나사 사려면,생활·마트 중 '철물'을 판매·제공하는 매장,train,철물,T4 구어·문장,6f496d1f-bec7-4e5a-b9f2-b302a7064088,정들면,한식 분식,삼천동제일 골목형상점가,골목형상점가,전북특별자치도,,,
101200754eccf6913a80,full_annotation_v1,A,q_철물_08,나사 사려면,생활·마트 중 '철물'을 판매·제공하는 매장,train,철물,T4 구어·문장,4d3b765c-44ae-4538-8fb7-709f3f635833,길상뉴루면,뉴루면,팔달문시장,전통시장,경기도,,,
07279e510e97e41c4f16,full_annotation_v1,A,q_철물_08,나사 사려면,생활·마트 중 '철물'을 판매·제공하는 매장,train,철물,T4 구어·문장,2209b529-7bbd-41bd-86fe-4bf35502ec2e,진미냉면,한식냉면,남현동예술인마을골목형상점가,골목형상점가,서울특별시,,,
1024c361b67469020f76,full_annotation_v1,A,q_철물_08,나사 사려면,생활·마트 중 '철물'을 판매·제공하는 매장,train,철물,T4 구어·문장,2e11939c-c507-4221-9f6e-ddb13ac5f932,맛에들면,,원효 골목형상점가,골목형상점가,서울특별시,,,
ba45265537550e54b9bb,full_annotation_v1,A,q_철물_08,나사 사려면,생활·마트 중 '철물'을 판매·제공하는 매장,train,철물,T4 구어·문장,0021ea65-4c59-4aa0-8d1c-95fe7b6686d0,공간인테리어,경미한공사(인테리어),여의동 골목형상점가,골목형상점가,전북특별자치도,,,
039045325599a4dc7080,full_annotation_v1,A,q_철물_08,나사 사려면,생활·마트 중 '철물'을 판매·제공하는 매장,train,철물,T4 구어·문장,01945ad9-1cfb-471d-8f25-2d6d23ff6c5b,서해건재,철물 건축자재,청학동골목형상점가,골목형상점가,인천광역시,,,
86cae84eb7c79962d820,full_annotation_v1,A,q_철물_08,나사 사려면,생활·마트 중 '철물'을 판매·제공하는 매장,train,철물,T4 구어·문장,0fac8675-d15e-40ca-923d-be7773ad9ae6,스타일리스트 정인샵,미용,조종시장,전통시장,경기도,,,
35bb2a9726960a10ba86,full_annotation_v1,A,q_철물_08,나사 사려면,생활·마트 중 '철물'을 판매·제공하는 매장,train,철물,T4 구어·문장,632b84f0-b450-4319-83e5-bf6268f9564f,소문난냉면,냉면,경동광성상가,전통시장,서울특별시,,,
ae243f7734b5b27a445f,full_annotation_v1,A,q_철물_08,나사 사려면,생활·마트 중 '철물'을 판매·제공하는 매장,train,철물,T4 구어·문장,aa13d970-1072-45c2-adf9-7957bea2a131,도담태권도,서비스업,동림1 골목형상점가,골목형상점가,광주광역시,,,
89b182332e65f4736ea6,full_annotation_v1,A,q_철물_08,나사 사려면,생활·마트 중 '철물'을 판매·제공하는 매장,train,철물,T4 구어·문장,023caaa3-b584-448b-a7b5-d20d8bc86c72,시화리데나,공구,시화유통상가,전통시장,경기도,,,
913e60007e32c177b8fe,full_annotation_v1,A,q_철물_08,나사 사려면,생활·마트 중 '철물'을 판매·제공하는 매장,train,철물,T4 구어·문장,677d334d-a94b-4af2-9a45-05943922c4ff,주다냉면,냉면,답십리시장,전통시장,서울특별시,,,
0fc5125f2bcbe72cd98b,full_annotation_v1,A,q_철물_08,나사 사려면,생활·마트 중 '철물'을 판매·제공하는 매장,train,철물,T4 구어·문장,07a4e961-e38f-4007-85bf-6076f7a8dccf,사계절밀면,한식,창원 경창상가,전통시장,경상남도,,,
0799669186f021214195,full_annotation_v1,A,q_철물_08,나사 사려면,생활·마트 중 '철물'을 판매·제공하는 매장,train,철물,T4 구어·문장,cd636403-f4f5-4991-bc65-387f4c9815f9,현대밀면,밀면,연일전통시장,전통시장,경상북도,,,
f760cc56cde94973a8ac,full_annotation_v1,A,q_철물_08,나사 사려면,생활·마트 중 '철물'을 판매·제공하는 매장,train,철물,T4 구어·문장,0a46ba75-4fae-4472-a829-c67c26331da5,효성상사,공구,북성로상점가,자율상권구역,대구광역시,,,
692aeab558848ffc4ac9,full_annotation_v1,A,q_철물_08,나사 사려면,생활·마트 중 '철물'을 판매·제공하는 매장,train,철물,T4 구어·문장,b46e4cd7-3c02-4912-ae55-1d288a16aa32,북서울냉면,냉면,가름로 골목형상점가,골목형상점가,세종특별자치시,,,
4f325202a647613ad587,full_annotation_v1,A,q_철물_08,나사 사려면,생활·마트 중 '철물'을 판매·제공하는 매장,train,철물,T4 구어·문장,b2f31931-1d46-44f2-af14-c1061cec5177,승주패션,소매업(의류),수원못골종합시장,전통시장,경기도,,,
1437508b809caa2ef51d,full_annotation_v1,A,q_철물_08,나사 사려면,생활·마트 중 '철물'을 판매·제공하는 매장,train,철물,T4 구어·문장,6f81ef41-e6df-4524-a4e8-8aa35c84d68f,정든면,한식,어울림마당 골목형상점가,골목형상점가,부산광역시,,,
b9117a2ff2af115f768e,full_annotation_v1,A,q_철물_08,나사 사려면,생활·마트 중 '철물'을 판매·제공하는 매장,train,철물,T4 구어·문장,d8340240-7304-4135-bc10-12181a7144e2,사계절밀면,밀면,창원 가음정시장,전통시장,경상남도,,,
a6d77236e6e34daae17d,full_annotation_v1,A,q_철물_08,나사 사려면,생활·마트 중 '철물'을 판매·제공하는 매장,train,철물,T4 구어·문장,5d33845e-7f41-41f4-a129-4abb02d97253,하나사,미용재료,효덕마을 골목형상점가,골목형상점가,광주광역시,,,
415533230b1cd6a94d15,full_annotation_v1,A,q_철물_08,나사 사려면,생활·마트 중 '철물'을 판매·제공하는 매장,train,철물,T4 구어·문장,0264d000-4eb1-4469-bf71-fa1cb1da9bee,우리철물,철물,상원시장,전통시장,대구광역시,,,
0fadf4be1cccae9528cc,full_annotation_v1,A,q_철물_08,나사 사려면,생활·마트 중 '철물'을 판매·제공하는 매장,train,철물,T4 구어·문장,03b11cc8-b23f-4c62-9fdc-e3fb35350194,경북철물상회,철물,상주남성시장,전통시장,경상북도,,,
5793436f51a526396d94,full_annotation_v1,A,q_철물_08,나사 사려면,생활·마트 중 '철물'을 판매·제공하는 매장,train,철물,T4 구어·문장,275270d0-40f4-4eaf-8957-1ed14a5a26ea,별,의류,신창상가,전통시장,부산광역시,,,
804da08c46e6f9f4cecf,full_annotation_v1,A,q_철물_08,나사 사려면,생활·마트 중 '철물'을 판매·제공하는 매장,train,철물,T4 구어·문장,20f9ee3c-88f2-4756-9877-3a81e5aec70d,별하나사진관,사진관,은행동상점가(구 으능정이상점가),자율상권구역,대전광역시,,,
071b83d509d99f4ff222,full_annotation_v1,A,q_철물_08,나사 사려면,생활·마트 중 '철물'을 판매·제공하는 매장,train,철물,T4 구어·문장,7d7d267f-327c-4cdd-a0f0-f6aa7eb691ec,정면,한식,건리단길 골목형상점가,골목형상점가,서울특별시,,,
81f40c1f7944774e6d67,full_annotation_v1,A,q_철물_08,나사 사려면,생활·마트 중 '철물'을 판매·제공하는 매장,train,철물,T4 구어·문장,f7e98adc-8de6-450f-ba64-059b915bece4,사내랑,의류,신창상가,전통시장,부산광역시,,,
f95be9fb4de20e7bbe76,full_annotation_v1,A,q_철물_08,나사 사려면,생활·마트 중 '철물'을 판매·제공하는 매장,train,철물,T4 구어·문장,cc0c64eb-6a35-499d-8b35-77903e06d104,너라면 나김밥,음식,고한구공탄시장(고한시장),전통시장,강원특별자치도,,,
a3a67d7bb81b0f8c8f5b,full_annotation_v1,A,q_철물_08,나사 사려면,생활·마트 중 '철물'을 판매·제공하는 매장,train,철물,T4 구어·문장,064333ec-6fb6-4818-96ca-b519413a5547,㈜현대인테리어필름,건축자재,건축자재특화의거리,자율상권구역,광주광역시,,,
815d7ad2c1997c54c2bd,full_annotation_v1,A,q_철물_08,나사 사려면,생활·마트 중 '철물'을 판매·제공하는 매장,train,철물,T4 구어·문장,70d156dc-de8f-4aec-9e10-672b50574e6c,골덴사,,승달 골목형상점가,골목형상점가,,,,
1a8189836d453fa4c27a,full_annotation_v1,A,q_철물_08,나사 사려면,생활·마트 중 '철물'을 판매·제공하는 매장,train,철물,T4 구어·문장,0e74e5a3-6b87-4d63-b656-c9d7ba19c417,디에스공구,공구,오정동상점가,자율상권구역,대전광역시,,,
06b92d3985719bceeb63,full_annotation_v1,A,q_철물_08,나사 사려면,생활·마트 중 '철물'을 판매·제공하는 매장,train,철물,T4 구어·문장,0cb3602a-2dfc-4709-a660-fccabd8fa539,동민건축,인테리어,동먹골상가 골목형상점가,골목형상점가,대구광역시,,,
f571621a7f1e1234f4bc,full_annotation_v1,A,q_철물_08,나사 사려면,생활·마트 중 '철물'을 판매·제공하는 매장,train,철물,T4 구어·문장,552aa314-9009-4239-91ed-4448345e7b32,땡길때면,분식,엄사 골목형상점가,골목형상점가,충청남도,,,
da569244b10eab0b8222,full_annotation_v1,A,q_철물_08,나사 사려면,생활·마트 중 '철물'을 판매·제공하는 매장,train,철물,T4 구어·문장,8131d153-19d2-4710-83f9-6f07bda536eb,8개월냉면,한식,역곡상상시장(구 역곡북부시장),전통시장,경기도,,,
788b2537b82d024df100,full_annotation_v1,A,q_철물_08,나사 사려면,생활·마트 중 '철물'을 판매·제공하는 매장,train,철물,T4 구어·문장,030ec588-68c9-48ca-b0a0-98e59506814b,나주밀면,한식,황동길 골목형상점가,골목형상점가,전라남도,,,
bf7f495629af519c73b2,full_annotation_v1,A,q_철물_08,나사 사려면,생활·마트 중 '철물'을 판매·제공하는 매장,train,철물,T4 구어·문장,b4b49e62-0c55-4e1d-a3d1-7aac95fdef72,베라24스터디카페,스터디카페,운암이 골목형상점가,골목형상점가,광주광역시,,,
eec4ce02e8398b2d48d1,full_annotation_v1,A,q_철물_08,나사 사려면,생활·마트 중 '철물'을 판매·제공하는 매장,train,철물,T4 구어·문장,0e58a380-1033-4607-8741-30d594868bcb,창신텍,공구,부산산업용품상협동조합,전통시장,부산광역시,,,
9d2c78b378e25011ef7a,full_annotation_v1,A,q_철물_08,나사 사려면,생활·마트 중 '철물'을 판매·제공하는 매장,train,철물,T4 구어·문장,7ac50e32-d2e0-40c2-a3bf-bf2dfc7ccdc9,유가냉면,냉면,성남먹자골목,골목형상점가,울산광역시,,,
7e8e410ad919272aaff5,full_annotation_v1,A,q_철물_08,나사 사려면,생활·마트 중 '철물'을 판매·제공하는 매장,train,철물,T4 구어·문장,10efb0a5-a6e7-4a49-9e51-b709c647e4c8,다래디자인,인테리어,서초쇼핑골목형상점가,골목형상점가,서울특별시,,,
7d1f979a94a4904fd145,full_annotation_v1,A,q_철물_08,나사 사려면,생활·마트 중 '철물'을 판매·제공하는 매장,train,철물,T4 구어·문장,75dd6a5d-2cfc-4026-85da-7c3a16d0f8dd,고향냉면,냉면,금남시장,전통시장,서울특별시,,,
dd6abc218f6e3663dbd6,full_annotation_v1,A,q_철물_08,나사 사려면,생활·마트 중 '철물'을 판매·제공하는 매장,train,철물,T4 구어·문장,1021ceaa-6c95-4101-9c16-d2370f267dd1,그린콘트롤(대전),건축자재,용정 골목형상점가,골목형상점가,대전광역시,,,
07030e5c9d5bfaccb5fd,full_annotation_v1,A,q_철물_08,나사 사려면,생활·마트 중 '철물'을 판매·제공하는 매장,train,철물,T4 구어·문장,b1a58928-fe02-400c-ae17-bd5f5680e9d2,청진동해장국남문점,,수원통닭거리 골목형사점가,골목형상점가,경기도,,,
c24e2dbb48a744c1af8f,full_annotation_v1,A,q_철물_08,나사 사려면,생활·마트 중 '철물'을 판매·제공하는 매장,train,철물,T4 구어·문장,03ed7e29-3b6d-43fb-b9f7-dda372779d19,주식회사 신진와이케이,"철물, 건재",죽산골목형상점가,골목형상점가,경기도,,,
9473b0c5f667789fdc53,full_annotation_v1,A,q_철물_08,나사 사려면,생활·마트 중 '철물'을 판매·제공하는 매장,train,철물,T4 구어·문장,0fc91673-8155-4c73-b8b7-7b5b09f61cc8,노루표페인트,페인트,충주자유시장,전통시장,충청북도,,,
176bfa8f092a91d9ef2d,full_annotation_v1,A,q_철물_08,나사 사려면,생활·마트 중 '철물'을 판매·제공하는 매장,train,철물,T4 구어·문장,5a484ecb-70f7-46ee-851e-b494f6d442d8,팔곡밀면,밀면,태화십리대밭먹거리단지 상점가,자율상권구역,울산광역시,,,
34e094e221a58893b63f,full_annotation_v1,A,q_철물_08,나사 사려면,생활·마트 중 '철물'을 판매·제공하는 매장,train,철물,T4 구어·문장,0682734b-5e2e-4e79-9bcc-9fee6192ebcc,나무뜰,소매업(인테리어소품),신안프라자전통시장,전통시장,경기도,,,
fab310a54c3205c1dfe4,full_annotation_v1,A,q_철물_09,철물추천,생활·마트 중 '철물'을 판매·제공하는 매장,train,철물,T6 기계변형,a730da06-c1c4-46b3-8ea1-5d2c1ff28db7,핑크하트,"고공품및돗자리, 어망, 모조장",부안마실 상권활성화구역,상권활성화구역,전북특별자치도,,,
7c1421184860047c446d,full_annotation_v1,A,q_철물_09,철물추천,생활·마트 중 '철물'을 판매·제공하는 매장,train,철물,T6 기계변형,023caaa3-b584-448b-a7b5-d20d8bc86c72,시화리데나,공구,시화유통상가,전통시장,경기도,,,
257c0ec614576cf25824,full_annotation_v1,A,q_철물_09,철물추천,생활·마트 중 '철물'을 판매·제공하는 매장,train,철물,T6 기계변형,9145dfc4-24bc-4054-b485-b0ff96ec682a,정릉철물,철물,정릉시장,전통시장,서울특별시,,,
b998af4de7b8cb68c140,full_annotation_v1,A,q_철물_09,철물추천,생활·마트 중 '철물'을 판매·제공하는 매장,train,철물,T6 기계변형,624a235c-2519-4ddf-b9af-199daceb062a,공간,의류,서문시장2지구 종합상가,전통시장,대구광역시,,,
f65ceca700020ce29514,full_annotation_v1,A,q_철물_09,철물추천,생활·마트 중 '철물'을 판매·제공하는 매장,train,철물,T6 기계변형,0682734b-5e2e-4e79-9bcc-9fee6192ebcc,나무뜰,소매업(인테리어소품),신안프라자전통시장,전통시장,경기도,,,
a0609bc285418ca1f45f,full_annotation_v1,A,q_철물_09,철물추천,생활·마트 중 '철물'을 판매·제공하는 매장,train,철물,T6 기계변형,10efb0a5-a6e7-4a49-9e51-b709c647e4c8,다래디자인,인테리어,서초쇼핑골목형상점가,골목형상점가,서울특별시,,,
a3eec22589b2f2055fb4,full_annotation_v1,A,q_철물_09,철물추천,생활·마트 중 '철물'을 판매·제공하는 매장,train,철물,T6 기계변형,59de1ed4-003f-41d8-9d06-862c5baf0cf5,섬집,"간장게장, 꽃게매운탕",한강대로 골목형상점가,골목형상점가,서울특별시,,,
3cd544727f8eb48cf838,full_annotation_v1,A,q_철물_09,철물추천,생활·마트 중 '철물'을 판매·제공하는 매장,train,철물,T6 기계변형,a337dec0-cc4d-4637-908d-13fe15b4abf3,철물나라,철물,월산먹자골목 골목형상점가,골목형상점가,광주광역시,,,
c028c0aa903fe41d3d55,full_annotation_v1,A,q_철물_09,철물추천,생활·마트 중 '철물'을 판매·제공하는 매장,train,철물,T6 기계변형,bf6c149f-a0e3-470d-a28d-c96c64110c16,계룡철물,철물,공산성골목형상점가,골목형상점가,충청남도,,,
1c346f9cf4256d5afbdb,full_annotation_v1,A,q_철물_09,철물추천,생활·마트 중 '철물'을 판매·제공하는 매장,train,철물,T6 기계변형,118f3ee0-de19-4001-a62c-ff72fbadf575,번영테크툴,공구,오정동상점가,자율상권구역,대전광역시,,,
cb3637ff9b407ff56d04,full_annotation_v1,A,q_철물_09,철물추천,생활·마트 중 '철물'을 판매·제공하는 매장,train,철물,T6 기계변형,febe2ff2-657d-4867-aedb-8fdf7984215d,동서철물,철물,댕리단길 골목형상점가,골목형상점가,경기도,,,
91bcc075d05b98518ba0,full_annotation_v1,A,q_철물_09,철물추천,생활·마트 중 '철물'을 판매·제공하는 매장,train,철물,T6 기계변형,39984fab-cc92-48ef-8291-31f885011085,"황금열쇠, 철물",철물,화정로상가상인회 골목형상점가,골목형상점가,광주광역시,,,
8501341df64978264dad,full_annotation_v1,A,q_철물_09,철물추천,생활·마트 중 '철물'을 판매·제공하는 매장,train,철물,T6 기계변형,01945ad9-1cfb-471d-8f25-2d6d23ff6c5b,서해건재,철물 건축자재,청학동골목형상점가,골목형상점가,인천광역시,,,
605fb6fcda857444ca04,full_annotation_v1,A,q_철물_09,철물추천,생활·마트 중 '철물'을 판매·제공하는 매장,train,철물,T6 기계변형,47a27b7a-0b5e-4391-b899-4ef0fc5e4ca2,동명철물,철물,칠성본시장,전통시장,대구광역시,,,
8fec54976b64b469be94,full_annotation_v1,A,q_철물_09,철물추천,생활·마트 중 '철물'을 판매·제공하는 매장,train,철물,T6 기계변형,d790497a-c81c-485b-9e97-04eb37fdbcb3,신포철물,철물,신포시장,전통시장,인천광역시,,,
fba30e9690c5d53c807a,full_annotation_v1,A,q_철물_09,철물추천,생활·마트 중 '철물'을 판매·제공하는 매장,train,철물,T6 기계변형,6bdd4bca-3dd4-4e37-9cc6-8655d3069add,허버,의류 잡화,영등포로타리지하도상점가,일반지하상점가,서울특별시,,,
face1658c8850bb466a9,full_annotation_v1,A,q_철물_09,철물추천,생활·마트 중 '철물'을 판매·제공하는 매장,train,철물,T6 기계변형,fad7efea-1cf5-4b73-a7bc-71e38e8fdd82,남향철물,철물,말바우시장,전통시장,광주광역시,,,
ec2005df68d4b2b428a4,full_annotation_v1,A,q_철물_09,철물추천,생활·마트 중 '철물'을 판매·제공하는 매장,train,철물,T6 기계변형,0021ea65-4c59-4aa0-8d1c-95fe7b6686d0,공간인테리어,경미한공사(인테리어),여의동 골목형상점가,골목형상점가,전북특별자치도,,,
e73c501d33960b87f44f,full_annotation_v1,A,q_철물_09,철물추천,생활·마트 중 '철물'을 판매·제공하는 매장,train,철물,T6 기계변형,b05b99f0-251f-4a8a-94a8-be94938c4f2e,해양선구,선구 어구 선박안전용품소화기구,졸락코지 골목형상점가,골목형상점가,제주특별자치도,,,
5ca3c216c52adcf648fc,full_annotation_v1,A,q_철물_09,철물추천,생활·마트 중 '철물'을 판매·제공하는 매장,train,철물,T6 기계변형,dfa60c54-9e3e-477d-b697-ee4831d783fd,더 로드,구두,마산 합성대로상가,전통시장,경상남도,,,
2e23d16e94298947aa9e,full_annotation_v1,A,q_철물_09,철물추천,생활·마트 중 '철물'을 판매·제공하는 매장,train,철물,T6 기계변형,0bd28800-62b5-493e-bcb6-764857407f23,화이트메종,인테리어,은구비서로사회적협동조합 골목형상점가,골목형상점가,대전광역시,,,
310ba8c6ced389a6278b,full_annotation_v1,A,q_철물_09,철물추천,생활·마트 중 '철물'을 판매·제공하는 매장,train,철물,T6 기계변형,b59f697c-8bb1-484c-85a4-590032f239c3,첨단철물,철물,첨단이웃사랑 골목형상점가,골목형상점가,광주광역시,,,
749ef2ba984a1d31e8d6,full_annotation_v1,A,q_철물_09,철물추천,생활·마트 중 '철물'을 판매·제공하는 매장,train,철물,T6 기계변형,5592be2b-1ca4-4f80-b887-e02d535e7d19,한국철물,철물,아랫장,전통시장,전라남도,,,
24f51506d18321151ca2,full_annotation_v1,A,q_철물_09,철물추천,생활·마트 중 '철물'을 판매·제공하는 매장,train,철물,T6 기계변형,728b5ba3-cb0d-4309-87d6-5120db170474,인천수산,수산물,가좌시장,전통시장,인천광역시,,,
cf61d6508960b0183670,full_annotation_v1,A,q_철물_09,철물추천,생활·마트 중 '철물'을 판매·제공하는 매장,train,철물,T6 기계변형,7df6a3c2-035f-4eb6-b497-ed051a26ad9f,대왕홉스철물,철물,거창 전통시장,전통시장,경상남도,,,
ecfd28a55e68fb4314d9,full_annotation_v1,A,q_철물_09,철물추천,생활·마트 중 '철물'을 판매·제공하는 매장,train,철물,T6 기계변형,1c896b64-59ef-49f6-ad4a-b865e0254372,정암건업,페인트,오케이 양산동 골목형상점가,골목형상점가,광주광역시,,,
4c7da08a4d045cde7b2b,full_annotation_v1,A,q_철물_09,철물추천,생활·마트 중 '철물'을 판매·제공하는 매장,train,철물,T6 기계변형,67b4425d-cf55-41fb-a30e-0af559438381,파티나라 광주점,풍선,광주역앞교통광장 골목형상점가,골목형상점가,광주광역시,,,
09c5907ea28f81c74f65,full_annotation_v1,A,q_철물_09,철물추천,생활·마트 중 '철물'을 판매·제공하는 매장,train,철물,T6 기계변형,8eeb9e0e-339a-4cc8-a177-ba62eab99bbf,삼미철물,철물,속초중앙전통시장,전통시장,강원특별자치도,,,
59704861b7fb6d315d4a,full_annotation_v1,A,q_철물_09,철물추천,생활·마트 중 '철물'을 판매·제공하는 매장,train,철물,T6 기계변형,0e58a380-1033-4607-8741-30d594868bcb,창신텍,공구,부산산업용품상협동조합,전통시장,부산광역시,,,
98e962273841ef84196d,full_annotation_v1,A,q_철물_09,철물추천,생활·마트 중 '철물'을 판매·제공하는 매장,train,철물,T6 기계변형,0e74e5a3-6b87-4d63-b656-c9d7ba19c417,디에스공구,공구,오정동상점가,자율상권구역,대전광역시,,,
115e0a9dd16bc4477ff6,full_annotation_v1,A,q_철물_09,철물추천,생활·마트 중 '철물'을 판매·제공하는 매장,train,철물,T6 기계변형,0f3e0984-6986-4589-8aa2-774363733600,생초종합인테리어,인테리어,못골골목시장,전통시장,부산광역시,,,
ac2dadcbf92a42309cdd,full_annotation_v1,A,q_철물_09,철물추천,생활·마트 중 '철물'을 판매·제공하는 매장,train,철물,T6 기계변형,08d279de-df58-4bbf-98b5-b53c1d84cb4b,헤스티아디자인,"가구, 인테리어",마산 북마산가구시장,전통시장,경상남도,,,
de48283bbce232f7edc4,full_annotation_v1,A,q_철물_09,철물추천,생활·마트 중 '철물'을 판매·제공하는 매장,train,철물,T6 기계변형,aa74d0dd-468c-4d49-b810-28851ffe7593,김해철물,철물,선우시장,전통시장,울산광역시,,,
4313c62feff2c1edf078,full_annotation_v1,A,q_철물_09,철물추천,생활·마트 중 '철물'을 판매·제공하는 매장,train,철물,T6 기계변형,6d463e1c-1af2-40b2-880f-23f8544fa38c,고려철물재,철물,인제시장,전통시장,강원특별자치도,,,
ed7b217511d515de47ab,full_annotation_v1,A,q_철물_09,철물추천,생활·마트 중 '철물'을 판매·제공하는 매장,train,철물,T6 기계변형,ddfdc4f3-5fa6-4e7f-8fa1-f95e7b42f039,백제카부분정비타이어,,승달 골목형상점가,골목형상점가,,,,
f549cb81df8f55f0f484,full_annotation_v1,A,q_철물_09,철물추천,생활·마트 중 '철물'을 판매·제공하는 매장,train,철물,T6 기계변형,0a46ba75-4fae-4472-a829-c67c26331da5,효성상사,공구,북성로상점가,자율상권구역,대구광역시,,,
f927574c6ad8a8ebb820,full_annotation_v1,A,q_철물_09,철물추천,생활·마트 중 '철물'을 판매·제공하는 매장,train,철물,T6 기계변형,0cb3602a-2dfc-4709-a660-fccabd8fa539,동민건축,인테리어,동먹골상가 골목형상점가,골목형상점가,대구광역시,,,
3876a3ff8b172d775991,full_annotation_v1,A,q_철물_09,철물추천,생활·마트 중 '철물'을 판매·제공하는 매장,train,철물,T6 기계변형,d5d54179-45ef-4231-b35b-6dbc36f6bab2,흥아 철물,철물,광탄전통시장,전통시장,경기도,,,
ae30fc633422aa218b15,full_annotation_v1,A,q_철물_09,철물추천,생활·마트 중 '철물'을 판매·제공하는 매장,train,철물,T6 기계변형,22d7a0d0-bece-4b1f-b006-b66c7c62dc90,상당철물,철물,내수전통시장,전통시장,충청북도,,,
ad95635c07d0ad27a6ee,full_annotation_v1,A,q_철물_09,철물추천,생활·마트 중 '철물'을 판매·제공하는 매장,train,철물,T6 기계변형,0c3e2ec5-bf0e-42a6-922c-695b13f69c21,부흥기업,페인트,삼송상점가,자율상권구역,경기도,,,
053048ebf6a5e28c99da,full_annotation_v1,A,q_철물_09,철물추천,생활·마트 중 '철물'을 판매·제공하는 매장,train,철물,T6 기계변형,5440b8eb-c7a3-400e-bb84-d0ed3cb763e1,떡보의하루,떡,안동구시장,전통시장,경상북도,,,
074ed604380ee2b2fcac,full_annotation_v1,A,q_철물_09,철물추천,생활·마트 중 '철물'을 판매·제공하는 매장,train,철물,T6 기계변형,b04a8ea8-05f1-41a4-99af-a3acbbbeb57a,킹마트,,승달 골목형상점가,골목형상점가,,,,
21228d0c3e875f98dc86,full_annotation_v1,A,q_철물_09,철물추천,생활·마트 중 '철물'을 판매·제공하는 매장,train,철물,T6 기계변형,685a2e21-1fab-4332-9466-c264c4176e3b,예술철물,철물,두암3동 먹자골목 골목형상점가,골목형상점가,광주광역시,,,
e151d6f32c51960e133d,full_annotation_v1,A,q_철물_09,철물추천,생활·마트 중 '철물'을 판매·제공하는 매장,train,철물,T6 기계변형,b24fbcb4-32ec-43dd-bb63-1f64353a641c,미림철물,철물,오치1동 골목형상점가,골목형상점가,광주광역시,,,
abc57d2c58de9f2af7ff,full_annotation_v1,A,q_철물_09,철물추천,생활·마트 중 '철물'을 판매·제공하는 매장,train,철물,T6 기계변형,064333ec-6fb6-4818-96ca-b519413a5547,㈜현대인테리어필름,건축자재,건축자재특화의거리,자율상권구역,광주광역시,,,
2986c40854800f85b782,full_annotation_v1,A,q_철물_09,철물추천,생활·마트 중 '철물'을 판매·제공하는 매장,train,철물,T6 기계변형,01c220a8-63b9-4819-859f-434a0f83cadf,제일상사,페인트 유리 도장공사 방수공사,장흥중앙로 골목형상점가,골목형상점가,전라남도,,,
ed479fef12fe189f125c,full_annotation_v1,A,q_철물_09,철물추천,생활·마트 중 '철물'을 판매·제공하는 매장,train,철물,T6 기계변형,0779c0d6-5a4a-48e0-89aa-eb3b7a2b7e6b,선경철물,철물,하안주공3단지 골목형상점가,골목형상점가,경기도,,,
003fccf72b67156a46e1,full_annotation_v1,A,q_철물_09,철물추천,생활·마트 중 '철물'을 판매·제공하는 매장,train,철물,T6 기계변형,7b8c6e54-f548-4555-8265-27e1a0589336,장군횟집,한식,군산수산물종합센터,전통시장,전북특별자치도,,,
a9878f9492b9030e8579,full_annotation_v1,A,q_철물_09,철물추천,생활·마트 중 '철물'을 판매·제공하는 매장,train,철물,T6 기계변형,355564cf-b1d0-4b41-a0c7-647570394460,코오롱스포츠동성로점,의류,동성로상점가,자율상권구역,대구광역시,,,
f006c296d4a85337f790,full_annotation_v1,A,q_철물_09,철물추천,생활·마트 중 '철물'을 판매·제공하는 매장,train,철물,T6 기계변형,a665f757-c8b3-48f1-84cc-3ed31b398a3f,태평철물,철물,중앙메가프라자,전통시장,대전광역시,,,
ad6d132baabb26bd37ab,full_annotation_v1,A,q_철물_09,철물추천,생활·마트 중 '철물'을 판매·제공하는 매장,train,철물,T6 기계변형,31a152f7-85e0-410d-81ae-fda131a961b2,풍년철물,철물,거창 전통시장,전통시장,경상남도,,,
20ce8f502002cd10909a,full_annotation_v1,A,q_철물_09,철물추천,생활·마트 중 '철물'을 판매·제공하는 매장,train,철물,T6 기계변형,007e8f5f-7711-4319-9176-92195d4fb772,금란열쇠철물,,양재잇길 골목형상점가,골목형상점가,서울특별시,,,
821df6a2627028896af4,full_annotation_v1,A,q_철물_09,철물추천,생활·마트 중 '철물'을 판매·제공하는 매장,train,철물,T6 기계변형,2f6cc599-4141-4940-8ab2-50cbe3838984,만물철물,철물,거제시장,전통시장,부산광역시,,,
0023b0f412f82df54c4d,full_annotation_v1,A,q_철물_09,철물추천,생활·마트 중 '철물'을 판매·제공하는 매장,train,철물,T6 기계변형,0b14b699-b1bb-488d-abd7-379638a41d01,ABC케미칼,페인트,인천산업유통센터,전통시장,인천광역시,,,
1f8deb1dac8c66b83383,full_annotation_v1,A,q_철물_09,철물추천,생활·마트 중 '철물'을 판매·제공하는 매장,train,철물,T6 기계변형,85cf0a95-312b-4dbf-8ace-1bd143192398,J1,철물,첨단이웃사랑 골목형상점가,골목형상점가,광주광역시,,,
3bef34484be2692df37c,full_annotation_v1,A,q_철물_09,철물추천,생활·마트 중 '철물'을 판매·제공하는 매장,train,철물,T6 기계변형,8dbd138f-2ca1-4bb5-b419-19c0fef31412,동아철물,철물,중앙신시장,전통시장,경상북도,,,
fdc7434917a616ad7936,full_annotation_v1,A,q_철물_09,철물추천,생활·마트 중 '철물'을 판매·제공하는 매장,train,철물,T6 기계변형,0440c80b-2086-4ca5-a845-030f729ccef4,청림목재,목재합판기타건축자재,주월1동독립로 골목형상점가,골목형상점가,광주광역시,,,
289e297cb6f761f645a9,full_annotation_v1,A,q_철물_09,철물추천,생활·마트 중 '철물'을 판매·제공하는 매장,train,철물,T6 기계변형,03b11cc8-b23f-4c62-9fdc-e3fb35350194,경북철물상회,철물,상주남성시장,전통시장,경상북도,,,
82de09134ffd88cfb361,full_annotation_v1,A,q_철물_09,철물추천,생활·마트 중 '철물'을 판매·제공하는 매장,train,철물,T6 기계변형,03ed7e29-3b6d-43fb-b9f7-dda372779d19,주식회사 신진와이케이,"철물, 건재",죽산골목형상점가,골목형상점가,경기도,,,
4827d96b3f51a6d947b0,full_annotation_v1,A,q_철물_09,철물추천,생활·마트 중 '철물'을 판매·제공하는 매장,train,철물,T6 기계변형,71542d4d-3a11-4ab1-8c34-b80840c8881b,카페빈스,"커피전문점, 과일액상차",통영 항남골목형상점가,골목형상점가,경상남도,,,
be3e5d757c27bfbf6738,full_annotation_v1,A,q_철물_09,철물추천,생활·마트 중 '철물'을 판매·제공하는 매장,train,철물,T6 기계변형,0394caa3-10fc-4b86-b7e2-c7b1ac09d649,새마을종합인테리어,"인테리어(벽지,장판등)",성남남한산성시장(구 은행골목시장),전통시장,경기도,,,
3df390720a5abcc9112c,full_annotation_v1,A,q_철물_09,철물추천,생활·마트 중 '철물'을 판매·제공하는 매장,train,철물,T6 기계변형,1021ceaa-6c95-4101-9c16-d2370f267dd1,그린콘트롤(대전),건축자재,용정 골목형상점가,골목형상점가,대전광역시,,,
cdda3d02da569eb9cc1a,full_annotation_v1,A,q_철물_09,철물추천,생활·마트 중 '철물'을 판매·제공하는 매장,train,철물,T6 기계변형,f8da51e6-22ee-453b-b5cf-89c1b730b61c,마창철물,철물,창원 상남시장,전통시장,경상남도,,,
6f159e3739fe3f3c4231,full_annotation_v1,A,q_철물_09,철물추천,생활·마트 중 '철물'을 판매·제공하는 매장,train,철물,T6 기계변형,ac7202c1-b4df-426c-8a11-02780cbbfffe,명자 철물,철물,통영 사량도 진촌상가,골목형상점가,경상남도,,,
5739bfdd6f5b99ff684c,full_annotation_v1,A,q_철물_09,철물추천,생활·마트 중 '철물'을 판매·제공하는 매장,train,철물,T6 기계변형,0264d000-4eb1-4469-bf71-fa1cb1da9bee,우리철물,철물,상원시장,전통시장,대구광역시,,,
43b1df22500d318af24c,full_annotation_v1,A,q_철물_09,철물추천,생활·마트 중 '철물'을 판매·제공하는 매장,train,철물,T6 기계변형,6db1f124-c9c5-4ef1-b12d-69b727da5437,조은철물,철물,난우길골목형상점가,골목형상점가,서울특별시,,,
d6b98188048dea50fdca,full_annotation_v1,A,q_철물_09,철물추천,생활·마트 중 '철물'을 판매·제공하는 매장,train,철물,T6 기계변형,196da3a6-7f8f-4205-a09f-3a8cc7412493,기준철물점,철물,부안석정 골목형상점가,골목형상점가,전북특별자치도,,,
a645bcab96e8002b5894,full_annotation_v1,A,q_철물_09,철물추천,생활·마트 중 '철물'을 판매·제공하는 매장,train,철물,T6 기계변형,fef9e6c6-e346-40cb-8795-a00e66d48b93,대범철물,철물,산업용재관,전통시장,대구광역시,,,
be22a67054dffd6d9a0e,full_annotation_v1,A,q_철물_09,철물추천,생활·마트 중 '철물'을 판매·제공하는 매장,train,철물,T6 기계변형,0d6e2499-4722-4e64-b3ad-9f87d6f60ed0,유화건재,건축자재,무주반딧불상권활성화구역,상권활성화구역,전북특별자치도,,,
21afd9d461d50a7655c9,full_annotation_v1,A,q_철물_09,철물추천,생활·마트 중 '철물'을 판매·제공하는 매장,train,철물,T6 기계변형,3760a3ea-10aa-4d64-8cb6-a889c68a12f1,도현철물,철물,평동 골목형상점가,골목형상점가,광주광역시,,,
d20ad0f0b7d7b1ed89a3,full_annotation_v1,A,q_철물_09,철물추천,생활·마트 중 '철물'을 판매·제공하는 매장,train,철물,T6 기계변형,792ebf09-3762-4253-9aa6-1a15eb878236,대설철물,철물,양산상생하는하서로 골목형상점가,골목형상점가,광주광역시,,,
1448fa25ab999f441baa,full_annotation_v1,A,q_철물_09,철물추천,생활·마트 중 '철물'을 판매·제공하는 매장,train,철물,T6 기계변형,ad634b0b-6139-4e6d-876b-e00384f94445,유림철물,철물,산본전통시장(구 군포산본시장),전통시장,경기도,,,
fb6c04ca3609e34d7aba,full_annotation_v1,A,q_철물_09,철물추천,생활·마트 중 '철물'을 판매·제공하는 매장,train,철물,T6 기계변형,6ddf439b-de51-40d1-a4f0-3d210b8a093c,서울철물설비,철물,왕십리도선동상점가,자율상권구역,서울특별시,,,
b137fdacb788c168de98,full_annotation_v1,A,q_철물_09,철물추천,생활·마트 중 '철물'을 판매·제공하는 매장,train,철물,T6 기계변형,063e0bdb-f37d-403a-8d87-439096dd4a51,공감인테리어,실내 인테리어벽지장판목공타일류 등 및 컨설팅,운남7단지먹자거리 골목형상점가,골목형상점가,광주광역시,,,
ae9a10b206b38109d5d3,full_annotation_v1,A,q_철물_09,철물추천,생활·마트 중 '철물'을 판매·제공하는 매장,train,철물,T6 기계변형,b82cc307-454b-4f83-a72e-682135e98e6a,꽃대디,음식점,중흥동 큰샘길 골목형상점가,골목형상점가,광주광역시,,,
f1473cc7872e02e0d9af,full_annotation_v1,A,q_철물_09,철물추천,생활·마트 중 '철물'을 판매·제공하는 매장,train,철물,T6 기계변형,5e1dc6eb-df04-499e-99e2-f6b3fd267072,지곡철물,철물,서산동부전통시장,전통시장,충청남도,,,
09f88e792fc9a5e3390a,full_annotation_v1,A,q_철물_09,철물추천,생활·마트 중 '철물'을 판매·제공하는 매장,train,철물,T6 기계변형,e1a920b9-426a-4d2e-b468-18f2d470c30e,감동정육점,"식육, 양념육",도마큰시장,전통시장,대전광역시,,,
dcc02a75cc807a97dfdc,full_annotation_v1,A,q_철물_09,철물추천,생활·마트 중 '철물'을 판매·제공하는 매장,train,철물,T6 기계변형,01c3ec28-1ceb-48f0-88e2-030e84b4d3f4,해영함석,철물,고도리 장터거리 상점가,골목형상점가,전라남도,,,
fefb4f14d5986e0321da,full_annotation_v1,A,q_철물_09,철물추천,생활·마트 중 '철물'을 판매·제공하는 매장,train,철물,T6 기계변형,00bfa2e9-dca4-4800-b2ca-9d160826e04b,현대철물,철물,청운시장골목형상점가,골목형상점가,경기도,,,
bd98d83b658f0b7d5d38,full_annotation_v1,A,q_철물_09,철물추천,생활·마트 중 '철물'을 판매·제공하는 매장,train,철물,T6 기계변형,717c3165-bf36-45c3-9ac4-9f4e676ec20a,광명철물,철물,신창 골목형상점가,골목형상점가,광주광역시,,,
fef7272b7c48e4f1b2d8,full_annotation_v1,A,q_철물_09,철물추천,생활·마트 중 '철물'을 판매·제공하는 매장,train,철물,T6 기계변형,b8dee113-1817-4e91-9935-6256c2861f35,서령철물,철물,서산동부전통시장,전통시장,충청남도,,,
a812e870fa14fc569269,full_annotation_v1,A,q_철물_09,철물추천,생활·마트 중 '철물'을 판매·제공하는 매장,train,철물,T6 기계변형,4e69a69e-2f9b-4f97-99c4-5b3ec1b61f3b,고려철물,철물,충주자유시장,전통시장,충청북도,,,
58f6f3dd7607f8f80f3f,full_annotation_v1,A,q_철물_09,철물추천,생활·마트 중 '철물'을 판매·제공하는 매장,train,철물,T6 기계변형,d70f84f1-90bb-40ae-9e35-47bf0d416e9f,다래철물,철물,태화시장,전통시장,울산광역시,,,
9f8aa714e35d5699bde0,full_annotation_v1,A,q_철물_09,철물추천,생활·마트 중 '철물'을 판매·제공하는 매장,train,철물,T6 기계변형,0fc91673-8155-4c73-b8b7-7b5b09f61cc8,노루표페인트,페인트,충주자유시장,전통시장,충청북도,,,
479fd461533870e76e99,full_annotation_v1,A,q_철물_09,철물추천,생활·마트 중 '철물'을 판매·제공하는 매장,train,철물,T6 기계변형,cb8960f2-0318-4205-9aa2-65efc0236958,공설철물,철물,남원공설시장,전통시장,전북특별자치도,,,
38719ed955cffdb8134c,full_annotation_v1,A,q_철물_09,철물추천,생활·마트 중 '철물'을 판매·제공하는 매장,train,철물,T6 기계변형,97a81072-b584-4d50-a632-e99e1dffbdfe,반송철물,철물,창원 반송시장,전통시장,경상남도,,,
33601e549b65de87b5b5,full_annotation_v1,A,q_철물_10,철뭉,생활·마트 중 '철물'을 판매·제공하는 매장,train,철물,T6 기계변형,85cf0a95-312b-4dbf-8ace-1bd143192398,J1,철물,첨단이웃사랑 골목형상점가,골목형상점가,광주광역시,,,
9329da490401a9f289af,full_annotation_v1,A,q_철물_10,철뭉,생활·마트 중 '철물'을 판매·제공하는 매장,train,철물,T6 기계변형,a72442f4-764c-4698-9e81-6d33bdc19e56,철뚝집,,고촌수자인 골목형상점가,골목형상점가,경기도,,,
9657bdff8d1b086c4a95,full_annotation_v1,A,q_철물_10,철뭉,생활·마트 중 '철물'을 판매·제공하는 매장,train,철물,T6 기계변형,e0e39e66-ea04-4772-88f5-c6c5a847ca7d,철이상회,,충무동 새벽시장,전통시장,부산광역시,,,
e01c96f8c02551ce4fdb,full_annotation_v1,A,q_철물_10,철뭉,생활·마트 중 '철물'을 판매·제공하는 매장,train,철물,T6 기계변형,0264d000-4eb1-4469-bf71-fa1cb1da9bee,우리철물,철물,상원시장,전통시장,대구광역시,,,
ea886a697fbc7d0f1a3c,full_annotation_v1,A,q_철물_10,철뭉,생활·마트 중 '철물'을 판매·제공하는 매장,train,철물,T6 기계변형,fad7efea-1cf5-4b73-a7bc-71e38e8fdd82,남향철물,철물,말바우시장,전통시장,광주광역시,,,
dca533d11a043268c8ba,full_annotation_v1,A,q_철물_10,철뭉,생활·마트 중 '철물'을 판매·제공하는 매장,train,철물,T6 기계변형,d814397e-5223-4703-a4bb-312d59b34056,함일상회,철물,문경전통시장,전통시장,경상북도,,,
b8a2c74fc0ffab7df785,full_annotation_v1,A,q_철물_10,철뭉,생활·마트 중 '철물'을 판매·제공하는 매장,train,철물,T6 기계변형,a665f757-c8b3-48f1-84cc-3ed31b398a3f,태평철물,철물,중앙메가프라자,전통시장,대전광역시,,,
64d83694d3600f6bb5e6,full_annotation_v1,A,q_철물_10,철뭉,생활·마트 중 '철물'을 판매·제공하는 매장,train,철물,T6 기계변형,f8da51e6-22ee-453b-b5cf-89c1b730b61c,마창철물,철물,창원 상남시장,전통시장,경상남도,,,
4b40ef1e1d83becb2fb3,full_annotation_v1,A,q_철물_10,철뭉,생활·마트 중 '철물'을 판매·제공하는 매장,train,철물,T6 기계변형,6ade8ec6-596b-4ce3-8b87-13450828ad95,까뭉,구두,안양일번가 지하쇼핑몰,일반지하상점가,경기도,,,
19349eb7bb06103b2ae7,full_annotation_v1,A,q_철물_10,철뭉,생활·마트 중 '철물'을 판매·제공하는 매장,train,철물,T6 기계변형,8513f21e-2acc-404f-9b59-d7fc536289a0,가치있는밥상,한식,아주대 대학로 골목형상점가,골목형상점가,경기도,,,
4b57204757be6a66e34a,full_annotation_v1,A,q_철물_10,철뭉,생활·마트 중 '철물'을 판매·제공하는 매장,train,철물,T6 기계변형,9b21374d-b396-48aa-a602-207404c4dd0c,철현물산,수산물,서울중부시장,전통시장,서울특별시,,,
0a2ca03e98d0ceaf1738,full_annotation_v1,A,q_철물_10,철뭉,생활·마트 중 '철물'을 판매·제공하는 매장,train,철물,T6 기계변형,eeb703be-2e90-4500-95c8-f0fafee652cc,이비가짬뽕 첨단점,중식,첨단지구 골목형상점가,골목형상점가,광주광역시,,,
55aed232c13f50b0c764,full_annotation_v1,A,q_철물_10,철뭉,생활·마트 중 '철물'을 판매·제공하는 매장,train,철물,T6 기계변형,3ad91c46-68f5-47fe-9fc9-440be6ad5bad,철마호,생선,소래포구전통어시장,전통시장,인천광역시,,,
92e6d17c04c12ae8ea16,full_annotation_v1,A,q_철물_10,철뭉,생활·마트 중 '철물'을 판매·제공하는 매장,train,철물,T6 기계변형,deb649ed-9825-4621-a300-a8eade23eb35,철마튓고기,,울산대바보사거리 골목형상점가,골목형상점가,울산광역시,,,
b358eef0334d89f85479,full_annotation_v1,A,q_철물_10,철뭉,생활·마트 중 '철물'을 판매·제공하는 매장,train,철물,T6 기계변형,a337dec0-cc4d-4637-908d-13fe15b4abf3,철물나라,철물,월산먹자골목 골목형상점가,골목형상점가,광주광역시,,,
c5b7572d01b5eaf73130,full_annotation_v1,A,q_철물_10,철뭉,생활·마트 중 '철물'을 판매·제공하는 매장,train,철물,T6 기계변형,0021ea65-4c59-4aa0-8d1c-95fe7b6686d0,공간인테리어,경미한공사(인테리어),여의동 골목형상점가,골목형상점가,전북특별자치도,,,
f4805d0cf1f373c7e4fa,full_annotation_v1,A,q_철물_10,철뭉,생활·마트 중 '철물'을 판매·제공하는 매장,train,철물,T6 기계변형,168e1cd2-4d0b-4ff8-8a80-2e41ff4bbc2e,엔젤연합소아청소년과,소아과,진성 골목형상점가,골목형상점가,전북특별자치도,,,
34294781c774db62228b,full_annotation_v1,A,q_철물_10,철뭉,생활·마트 중 '철물'을 판매·제공하는 매장,train,철물,T6 기계변형,f3dde7cf-9115-4864-ad41-dd4bff4cb7c7,꿀순파김치솥뚜껑생삽겹살,한식,태봉마을 골목형상점가,골목형상점가,경기도,,,
95e67b76eef718322765,full_annotation_v1,A,q_철물_10,철뭉,생활·마트 중 '철물'을 판매·제공하는 매장,train,철물,T6 기계변형,0cb3602a-2dfc-4709-a660-fccabd8fa539,동민건축,인테리어,동먹골상가 골목형상점가,골목형상점가,대구광역시,,,
78ae5ad7be2c62a9ae28,full_annotation_v1,A,q_철물_10,철뭉,생활·마트 중 '철물'을 판매·제공하는 매장,train,철물,T6 기계변형,150f5b4d-510f-49f9-836a-dbf7e81f27d4,태뭉,한식,평촌1번가 상점가,자율상권구역,경기도,,,
5e32ca9e6ddf3e2afc4d,full_annotation_v1,A,q_철물_10,철뭉,생활·마트 중 '철물'을 판매·제공하는 매장,train,철물,T6 기계변형,0a3bf15f-0635-4c46-b5de-0d2806832306,나라만물,철물,짚봉산상인회 골목형상점가,골목형상점가,광주광역시,,,
f14a8f9168802435119f,full_annotation_v1,A,q_철물_10,철뭉,생활·마트 중 '철물'을 판매·제공하는 매장,train,철물,T6 기계변형,31a152f7-85e0-410d-81ae-fda131a961b2,풍년철물,철물,거창 전통시장,전통시장,경상남도,,,
9ed7f62c1d3179b0a70c,full_annotation_v1,A,q_철물_10,철뭉,생활·마트 중 '철물'을 판매·제공하는 매장,train,철물,T6 기계변형,eb13de49-8f69-45a4-bf8a-6af7c75f4f17,철새주단,,충주자유시장,전통시장,충청북도,,,
ecad53ab83cf459964ba,full_annotation_v1,A,q_철물_10,철뭉,생활·마트 중 '철물'을 판매·제공하는 매장,train,철물,T6 기계변형,10efb0a5-a6e7-4a49-9e51-b709c647e4c8,다래디자인,인테리어,서초쇼핑골목형상점가,골목형상점가,서울특별시,,,
e9f7915bea533cdc3c8d,full_annotation_v1,A,q_철물_10,철뭉,생활·마트 중 '철물'을 판매·제공하는 매장,train,철물,T6 기계변형,2f6cc599-4141-4940-8ab2-50cbe3838984,만물철물,철물,거제시장,전통시장,부산광역시,,,
9f145a08d10863021c8a,full_annotation_v1,A,q_철물_10,철뭉,생활·마트 중 '철물'을 판매·제공하는 매장,train,철물,T6 기계변형,40f1e9a5-aca3-4daa-9e98-32e904e2c460,철호상회,철물,원통시장,전통시장,강원특별자치도,,,
5a3e21d509952f9ec3c1,full_annotation_v1,A,q_철물_10,철뭉,생활·마트 중 '철물'을 판매·제공하는 매장,train,철물,T6 기계변형,01945ad9-1cfb-471d-8f25-2d6d23ff6c5b,서해건재,철물 건축자재,청학동골목형상점가,골목형상점가,인천광역시,,,
169b1dabcbf20f070097,full_annotation_v1,A,q_철물_10,철뭉,생활·마트 중 '철물'을 판매·제공하는 매장,train,철물,T6 기계변형,263d4cd1-5a0d-45b6-9e68-b38558e9f160,고깃간,,부평종합시장,전통시장,인천광역시,,,
f7e99e37814f61fe69e6,full_annotation_v1,A,q_철물_10,철뭉,생활·마트 중 '철물'을 판매·제공하는 매장,train,철물,T6 기계변형,0440c80b-2086-4ca5-a845-030f729ccef4,청림목재,목재합판기타건축자재,주월1동독립로 골목형상점가,골목형상점가,광주광역시,,,
255460a6193bd2f1afaa,full_annotation_v1,A,q_철물_10,철뭉,생활·마트 중 '철물'을 판매·제공하는 매장,train,철물,T6 기계변형,00bfa2e9-dca4-4800-b2ca-9d160826e04b,현대철물,철물,청운시장골목형상점가,골목형상점가,경기도,,,
2e854c1fb6250893d88c,full_annotation_v1,A,q_철물_10,철뭉,생활·마트 중 '철물'을 판매·제공하는 매장,train,철물,T6 기계변형,39984fab-cc92-48ef-8291-31f885011085,"황금열쇠, 철물",철물,화정로상가상인회 골목형상점가,골목형상점가,광주광역시,,,
3896b02e83fd693df5cc,full_annotation_v1,A,q_철물_10,철뭉,생활·마트 중 '철물'을 판매·제공하는 매장,train,철물,T6 기계변형,0394caa3-10fc-4b86-b7e2-c7b1ac09d649,새마을종합인테리어,"인테리어(벽지,장판등)",성남남한산성시장(구 은행골목시장),전통시장,경기도,,,
3b40b3148c06fc73e1cf,full_annotation_v1,A,q_철물_10,철뭉,생활·마트 중 '철물'을 판매·제공하는 매장,train,철물,T6 기계변형,1021ceaa-6c95-4101-9c16-d2370f267dd1,그린콘트롤(대전),건축자재,용정 골목형상점가,골목형상점가,대전광역시,,,
bcbfc0728be5c8a99807,full_annotation_v1,A,q_철물_10,철뭉,생활·마트 중 '철물'을 판매·제공하는 매장,train,철물,T6 기계변형,abddcb92-30ed-4ffd-ab12-9732dbf75636,하이오커피통영중앙시장점,휴게음식,통영중앙전통시장,전통시장,경상남도,,,
674c8527be4198d6f483,full_annotation_v1,A,q_철물_10,철뭉,생활·마트 중 '철물'을 판매·제공하는 매장,train,철물,T6 기계변형,6db1f124-c9c5-4ef1-b12d-69b727da5437,조은철물,철물,난우길골목형상점가,골목형상점가,서울특별시,,,
d7784ebaf279339a310f,full_annotation_v1,A,q_철물_10,철뭉,생활·마트 중 '철물'을 판매·제공하는 매장,train,철물,T6 기계변형,0e74e5a3-6b87-4d63-b656-c9d7ba19c417,디에스공구,공구,오정동상점가,자율상권구역,대전광역시,,,
034aee9bc6bad193e0d8,full_annotation_v1,A,q_철물_10,철뭉,생활·마트 중 '철물'을 판매·제공하는 매장,train,철물,T6 기계변형,82e2339f-9f6a-4a4f-b27a-d55430b4220f,살롱드멍뭉,애견의류간식 미용등,해피니스,골목형상점가,광주광역시,,,
d53b8ba0430564594874,full_annotation_v1,A,q_철물_10,철뭉,생활·마트 중 '철물'을 판매·제공하는 매장,train,철물,T6 기계변형,1c896b64-59ef-49f6-ad4a-b865e0254372,정암건업,페인트,오케이 양산동 골목형상점가,골목형상점가,광주광역시,,,
d77d1b6f4598497627ad,full_annotation_v1,A,q_철물_10,철뭉,생활·마트 중 '철물'을 판매·제공하는 매장,train,철물,T6 기계변형,7e29bd67-e94a-4a3e-b7e0-4239cbb7757a,황해,철물,숭례문수입상가,전통시장,서울특별시,,,
1ad7b4bbd44522a58a8c,full_annotation_v1,A,q_철물_10,철뭉,생활·마트 중 '철물'을 판매·제공하는 매장,train,철물,T6 기계변형,d5d54179-45ef-4231-b35b-6dbc36f6bab2,흥아 철물,철물,광탄전통시장,전통시장,경기도,,,
5df844d5b796dc4ffee8,full_annotation_v1,A,q_철물_10,철뭉,생활·마트 중 '철물'을 판매·제공하는 매장,train,철물,T6 기계변형,870ae633-dafc-4385-a4c9-96ede73797d3,영남보도,철물,상주풍물시장,전통시장,경상북도,,,
0b097fa85a1c035d26bc,full_annotation_v1,A,q_철물_10,철뭉,생활·마트 중 '철물'을 판매·제공하는 매장,train,철물,T6 기계변형,9c2b055d-e2e3-4eee-a0d8-6ee101764ee3,와요커피하안점,커피,하안10단지 골목형상점가,골목형상점가,경기도,,,
b9611a6511451c0cde7c,full_annotation_v1,A,q_철물_10,철뭉,생활·마트 중 '철물'을 판매·제공하는 매장,train,철물,T6 기계변형,0b14b699-b1bb-488d-abd7-379638a41d01,ABC케미칼,페인트,인천산업유통센터,전통시장,인천광역시,,,
04a19cbecc68eb48fef6,full_annotation_v1,A,q_철물_10,철뭉,생활·마트 중 '철물'을 판매·제공하는 매장,train,철물,T6 기계변형,007e8f5f-7711-4319-9176-92195d4fb772,금란열쇠철물,,양재잇길 골목형상점가,골목형상점가,서울특별시,,,
0b3af5779d2aba51460b,full_annotation_v1,A,q_철물_10,철뭉,생활·마트 중 '철물'을 판매·제공하는 매장,train,철물,T6 기계변형,0c3e2ec5-bf0e-42a6-922c-695b13f69c21,부흥기업,페인트,삼송상점가,자율상권구역,경기도,,,
8ff4174b2597f8d4c0aa,full_annotation_v1,A,q_철물_10,철뭉,생활·마트 중 '철물'을 판매·제공하는 매장,train,철물,T6 기계변형,ac7202c1-b4df-426c-8a11-02780cbbfffe,명자 철물,철물,통영 사량도 진촌상가,골목형상점가,경상남도,,,
4595645d874fe9371319,full_annotation_v1,A,q_철물_10,철뭉,생활·마트 중 '철물'을 판매·제공하는 매장,train,철물,T6 기계변형,4e69a69e-2f9b-4f97-99c4-5b3ec1b61f3b,고려철물,철물,충주자유시장,전통시장,충청북도,,,
011f1dd36f5825395331,full_annotation_v1,A,q_철물_10,철뭉,생활·마트 중 '철물'을 판매·제공하는 매장,train,철물,T6 기계변형,03ed7e29-3b6d-43fb-b9f7-dda372779d19,주식회사 신진와이케이,"철물, 건재",죽산골목형상점가,골목형상점가,경기도,,,
7f35eb823aa16fe1cfcf,full_annotation_v1,A,q_철물_10,철뭉,생활·마트 중 '철물'을 판매·제공하는 매장,train,철물,T6 기계변형,93974778-7916-44c1-b6b7-8bb8e44dfbc7,미향언니의상실,의류,상주왕산상점가,자율상권구역,경상북도,,,
3a518ef75bfc7c5a8613,full_annotation_v1,A,q_철물_10,철뭉,생활·마트 중 '철물'을 판매·제공하는 매장,train,철물,T6 기계변형,0a46ba75-4fae-4472-a829-c67c26331da5,효성상사,공구,북성로상점가,자율상권구역,대구광역시,,,
1043079d4901b07ca5b2,full_annotation_v1,A,q_철물_10,철뭉,생활·마트 중 '철물'을 판매·제공하는 매장,train,철물,T6 기계변형,c5c87a9a-0c00-4666-b5c6-c46a15b45454,대영톱상사,철물,충주자유시장,전통시장,충청북도,,,
4bbd5600175a69dfa429,full_annotation_v1,A,q_철물_10,철뭉,생활·마트 중 '철물'을 판매·제공하는 매장,train,철물,T6 기계변형,fbeb35bc-12eb-43af-acfe-5beb76628b03,현대보석,귀금속소매,장림골목시장,전통시장,부산광역시,,,
5ce6066e69990f8446bf,full_annotation_v1,A,q_철물_10,철뭉,생활·마트 중 '철물'을 판매·제공하는 매장,train,철물,T6 기계변형,118f3ee0-de19-4001-a62c-ff72fbadf575,번영테크툴,공구,오정동상점가,자율상권구역,대전광역시,,,
38be4077deb4e5a8c34b,full_annotation_v1,A,q_철물_10,철뭉,생활·마트 중 '철물'을 판매·제공하는 매장,train,철물,T6 기계변형,42f63b17-9b8a-48de-bdfa-d6f7679e0169,철수야 꾸어꾸어,한식,동천동 상인회 골목형상점가,골목형상점가,광주광역시,,,
8af9ba1eb272b89808bb,full_annotation_v1,A,q_철물_10,철뭉,생활·마트 중 '철물'을 판매·제공하는 매장,train,철물,T6 기계변형,01c220a8-63b9-4819-859f-434a0f83cadf,제일상사,페인트 유리 도장공사 방수공사,장흥중앙로 골목형상점가,골목형상점가,전라남도,,,
4d9aa1b977d780056dc0,full_annotation_v1,A,q_철물_10,철뭉,생활·마트 중 '철물'을 판매·제공하는 매장,train,철물,T6 기계변형,0bd28800-62b5-493e-bcb6-764857407f23,화이트메종,인테리어,은구비서로사회적협동조합 골목형상점가,골목형상점가,대전광역시,,,
69f7de00ebb7fc2964de,full_annotation_v1,A,q_철물_10,철뭉,생활·마트 중 '철물'을 판매·제공하는 매장,train,철물,T6 기계변형,ebb9b263-88b1-4f2f-b374-d983849c64cc,철왕,한식,하당꽃길2가 골목형상점가,골목형상점가,전라남도,,,
fa6a4b0281d15bff21d3,full_annotation_v1,A,q_철물_10,철뭉,생활·마트 중 '철물'을 판매·제공하는 매장,train,철물,T6 기계변형,b59f697c-8bb1-484c-85a4-590032f239c3,첨단철물,철물,첨단이웃사랑 골목형상점가,골목형상점가,광주광역시,,,
d353e2a974de0ccd5932,full_annotation_v1,A,q_철물_10,철뭉,생활·마트 중 '철물'을 판매·제공하는 매장,train,철물,T6 기계변형,843140a9-9d46-478c-aa33-2552b84bb3e9,신명칼상사,철물,노량진수산시장골목형상점가,골목형상점가,서울특별시,,,
559d390047fb4795ae94,full_annotation_v1,A,q_철물_10,철뭉,생활·마트 중 '철물'을 판매·제공하는 매장,train,철물,T6 기계변형,063e0bdb-f37d-403a-8d87-439096dd4a51,공감인테리어,실내 인테리어벽지장판목공타일류 등 및 컨설팅,운남7단지먹자거리 골목형상점가,골목형상점가,광주광역시,,,
f0734411053df78ea207,full_annotation_v1,A,q_철물_10,철뭉,생활·마트 중 '철물'을 판매·제공하는 매장,train,철물,T6 기계변형,5aa86a04-9ebe-4194-9de6-10c33a327ff1,오공김밥민락점,한식,민락2지구골목형상점가,골목형상점가,경기도,,,
ce820c61a25d59fff1e6,full_annotation_v1,A,q_철물_10,철뭉,생활·마트 중 '철물'을 판매·제공하는 매장,train,철물,T6 기계변형,b8dee113-1817-4e91-9935-6256c2861f35,서령철물,철물,서산동부전통시장,전통시장,충청남도,,,
4ba4bdd6405d03c15667,full_annotation_v1,A,q_철물_10,철뭉,생활·마트 중 '철물'을 판매·제공하는 매장,train,철물,T6 기계변형,3d771e20-e500-47ea-b61f-c4bc74dd3c3e,주식회사 티에스엘컴퍼니,,루원음식문화거리,골목형상점가,인천광역시,,,
58ab1518e904f1112db1,full_annotation_v1,A,q_철물_10,철뭉,생활·마트 중 '철물'을 판매·제공하는 매장,train,철물,T6 기계변형,08d279de-df58-4bbf-98b5-b53c1d84cb4b,헤스티아디자인,"가구, 인테리어",마산 북마산가구시장,전통시장,경상남도,,,
07bcdc0ff53f1dbdc93b,full_annotation_v1,A,q_철물_10,철뭉,생활·마트 중 '철물'을 판매·제공하는 매장,train,철물,T6 기계변형,3eccc7f3-024f-48e2-ad9d-b3449afbe757,멍앤뭉,애견미용서비스애견용품,다산역 로데오 상점가,자율상권구역,경기도,,,
8ff51efa788cee830129,full_annotation_v1,A,q_철물_10,철뭉,생활·마트 중 '철물'을 판매·제공하는 매장,train,철물,T6 기계변형,792a33e9-3a12-45f5-9bb0-5a48ed34359c,철진상회,채소,역전 뒷골목 상가번영회 골목형상점가,골목형상점가,전라남도,,,
850ddaf1b76b2c20f502,full_annotation_v1,A,q_철물_10,철뭉,생활·마트 중 '철물'을 판매·제공하는 매장,train,철물,T6 기계변형,064333ec-6fb6-4818-96ca-b519413a5547,㈜현대인테리어필름,건축자재,건축자재특화의거리,자율상권구역,광주광역시,,,
8fc37a2ef0ed56d0b868,full_annotation_v1,A,q_철물_10,철뭉,생활·마트 중 '철물'을 판매·제공하는 매장,train,철물,T6 기계변형,0f3e0984-6986-4589-8aa2-774363733600,생초종합인테리어,인테리어,못골골목시장,전통시장,부산광역시,,,
79eed9d88d89b6d8d335,full_annotation_v1,A,q_철물_10,철뭉,생활·마트 중 '철물'을 판매·제공하는 매장,train,철물,T6 기계변형,4644e4a0-779c-443d-bcd6-57cc2f2e9137,엄마손반찬,반찬,원종고강제일시장(부천제일시장),전통시장,경기도,,,
b5d7c21944c50470d7e8,full_annotation_v1,A,q_철물_10,철뭉,생활·마트 중 '철물'을 판매·제공하는 매장,train,철물,T6 기계변형,01c3ec28-1ceb-48f0-88e2-030e84b4d3f4,해영함석,철물,고도리 장터거리 상점가,골목형상점가,전라남도,,,
b04394c5b25931b8395d,full_annotation_v1,A,q_철물_10,철뭉,생활·마트 중 '철물'을 판매·제공하는 매장,train,철물,T6 기계변형,6eb44319-546e-423c-ba3d-44154b81997d,만장굴상회,기타,광안어패류시장,전통시장,부산광역시,,,
0e208328d55f5fc59084,full_annotation_v1,A,q_철물_10,철뭉,생활·마트 중 '철물'을 판매·제공하는 매장,train,철물,T6 기계변형,8df2b21f-7aed-41e4-8997-1b69f9b6e51f,도매상화,잡화,칠성종합 상권활성화구역,상권활성화구역,대구광역시,,,
029b2e1b2f4c159dac1d,full_annotation_v1,A,q_철물_10,철뭉,생활·마트 중 '철물'을 판매·제공하는 매장,train,철물,T6 기계변형,0e58a380-1033-4607-8741-30d594868bcb,창신텍,공구,부산산업용품상협동조합,전통시장,부산광역시,,,
f33cf25ba2bbea7d5d8c,full_annotation_v1,A,q_철물_10,철뭉,생활·마트 중 '철물'을 판매·제공하는 매장,train,철물,T6 기계변형,5ff08ee2-fce2-498f-80a2-711445a04863,모래내집밥,"한식, 야채소매",전주모래내시장,전통시장,전북특별자치도,,,
640c146266ca2c21ef8b,full_annotation_v1,A,q_철물_10,철뭉,생활·마트 중 '철물'을 판매·제공하는 매장,train,철물,T6 기계변형,8819b44d-b892-40f5-89af-48cb118793aa,양산설비,철물,양산동일신아파트 골목형상점가,골목형상점가,광주광역시,,,
c508a89bb4aa18bfd011,full_annotation_v1,A,q_철물_10,철뭉,생활·마트 중 '철물'을 판매·제공하는 매장,train,철물,T6 기계변형,0d6e2499-4722-4e64-b3ad-9f87d6f60ed0,유화건재,건축자재,무주반딧불상권활성화구역,상권활성화구역,전북특별자치도,,,
e2326eeccbe47721ec4b,full_annotation_v1,A,q_철물_10,철뭉,생활·마트 중 '철물'을 판매·제공하는 매장,train,철물,T6 기계변형,0fc91673-8155-4c73-b8b7-7b5b09f61cc8,노루표페인트,페인트,충주자유시장,전통시장,충청북도,,,
c5871dc68064a53784d9,full_annotation_v1,A,q_철물_10,철뭉,생활·마트 중 '철물'을 판매·제공하는 매장,train,철물,T6 기계변형,03b11cc8-b23f-4c62-9fdc-e3fb35350194,경북철물상회,철물,상주남성시장,전통시장,경상북도,,,
bfa6aafa306d85569d00,full_annotation_v1,A,q_철물_10,철뭉,생활·마트 중 '철물'을 판매·제공하는 매장,train,철물,T6 기계변형,cbabb19d-722b-42d0-a1cb-3f921c6e853b,철판구이,철판고기,부평종합시장,전통시장,인천광역시,,,
837e8be74b3e6c8a1abb,full_annotation_v1,A,q_철물_10,철뭉,생활·마트 중 '철물'을 판매·제공하는 매장,train,철물,T6 기계변형,b8d20864-d824-4e97-adfa-28b4a3454786,철판골목김,김,서동향토시장,전통시장,부산광역시,,,
069be275524e84d274d6,full_annotation_v1,A,q_철물_10,철뭉,생활·마트 중 '철물'을 판매·제공하는 매장,train,철물,T6 기계변형,abb6e45b-d2d2-4a3b-a787-15f89ad7fbf1,단비,의류,금호행복시장(금호시장),전통시장,경기도,,,
19b3edb9d1fb66f68cb6,full_annotation_v1,A,q_철물_10,철뭉,생활·마트 중 '철물'을 판매·제공하는 매장,train,철물,T6 기계변형,023caaa3-b584-448b-a7b5-d20d8bc86c72,시화리데나,공구,시화유통상가,전통시장,경기도,,,
c469e0919a024f6cb6d2,full_annotation_v1,A,q_철물_10,철뭉,생활·마트 중 '철물'을 판매·제공하는 매장,train,철물,T6 기계변형,069d6c1f-d2a1-4e04-88be-3c4c430222ee,철원골,한식,말죽거리골목형상점가,골목형상점가,서울특별시,,,
f1c43138a02bff838360,full_annotation_v1,A,q_철물_10,철뭉,생활·마트 중 '철물'을 판매·제공하는 매장,train,철물,T6 기계변형,fef9e6c6-e346-40cb-8795-a00e66d48b93,대범철물,철물,산업용재관,전통시장,대구광역시,,,
cf0997275fc17c8141de,full_annotation_v1,A,q_철물_10,철뭉,생활·마트 중 '철물'을 판매·제공하는 매장,train,철물,T6 기계변형,44bf4eda-6340-418c-86ae-0962ca7bc239,철판하우스,한식,동편마을중심상가 골목형상점가,골목형상점가,경기도,,,
40eb87f5e4b0df792eab,full_annotation_v1,A,q_철물_10,철뭉,생활·마트 중 '철물'을 판매·제공하는 매장,train,철물,T6 기계변형,0682734b-5e2e-4e79-9bcc-9fee6192ebcc,나무뜰,소매업(인테리어소품),신안프라자전통시장,전통시장,경기도,,,
cf8b769b1d7a5ad1684b,full_annotation_v1,A,q_치과_01,치과,건강·의료 중 '치과'를 판매·제공하는 매장,test,치과,T1 정확표기,5cd3118f-e354-4e05-85f3-7d638d3e771b,치과라,치과,송정벚꽃골목형상점가,골목형상점가,서울특별시,,,
eb727e53a949dfce87b0,full_annotation_v1,A,q_치과_01,치과,건강·의료 중 '치과'를 판매·제공하는 매장,test,치과,T1 정확표기,40a80b9d-a829-4a97-9276-8f6e9ca569e9,이음치과의원,치과,명지국제 골목형상점가,골목형상점가,부산광역시,,,
84d6bb8ab41d6bb020f3,full_annotation_v1,A,q_치과_01,치과,건강·의료 중 '치과'를 판매·제공하는 매장,test,치과,T1 정확표기,70c0dbe9-3018-4199-b0d1-7874b902958e,조연희치과,치과,샘머리 골목형상점가,골목형상점가,대전광역시,,,
f625caaa2e50ac7fa559,full_annotation_v1,A,q_치과_01,치과,건강·의료 중 '치과'를 판매·제공하는 매장,test,치과,T1 정확표기,2ca498c2-a0bd-4a3e-8ba9-a960c280540a,봉선연합치과,"임플란트, 매복사랑니 발치, 보철, 스케일링, 치과진료",대남대로181번길 골목형상점가,골목형상점가,광주광역시,,,
fc92f55d87a006f62730,full_annotation_v1,A,q_치과_01,치과,건강·의료 중 '치과'를 판매·제공하는 매장,test,치과,T1 정확표기,6ae51d6c-6f44-4d61-a04d-61acb0411c29,현대치과의원,치과,설악로데오거리상점가,자율상권구역,강원특별자치도,,,
c9012657dc6728545199,full_annotation_v1,A,q_치과_01,치과,건강·의료 중 '치과'를 판매·제공하는 매장,test,치과,T1 정확표기,02a2bad4-8708-4fc4-b388-6ecd50cee6c0,앨리스,의류,창원 성원그랜드쇼핑상가,전통시장,경상남도,,,
eb6a7cd66a63c9d12959,full_annotation_v1,A,q_치과_01,치과,건강·의료 중 '치과'를 판매·제공하는 매장,test,치과,T1 정확표기,194b2aaf-04f6-4737-8248-d8bc1b394d01,김가네파주목동점,,산내마을 골목형상점가,골목형상점가,경기도,,,
48a1848804e5f0f49a85,full_annotation_v1,A,q_치과_01,치과,건강·의료 중 '치과'를 판매·제공하는 매장,test,치과,T1 정확표기,895adb72-675c-44e9-af70-acb03275aece,e푸른치과,치과,월곡대반 골목형상점가,골목형상점가,광주광역시,,,
09cf7596220b66574ce0,full_annotation_v1,A,q_치과_01,치과,건강·의료 중 '치과'를 판매·제공하는 매장,test,치과,T1 정확표기,d00ab911-1e29-46a9-b0e9-ae6bf67321e5,수플란트 치과,치과 의료,송촌동상점가,자율상권구역,대전광역시,,,
4328d59c7d8af1d90079,full_annotation_v1,A,q_치과_01,치과,건강·의료 중 '치과'를 판매·제공하는 매장,test,치과,T1 정확표기,d3491854-90b5-4837-a162-b2a467275df2,조은치과,치과,남평읍1로 골목형상점가,골목형상점가,전라남도,,,
791b036f739998e3ab81,full_annotation_v1,A,q_치과_01,치과,건강·의료 중 '치과'를 판매·제공하는 매장,test,치과,T1 정확표기,75c0230d-17af-439d-bd8e-8d3cbe60b1fc,함께하는치과의원,치과,삼성테마트 골목형상점가,골목형상점가,서울특별시,,,
96513ac1d7b04ce4d143,full_annotation_v1,A,q_치과_01,치과,건강·의료 중 '치과'를 판매·제공하는 매장,test,치과,T1 정확표기,3de6b61a-060a-4eeb-a6f5-2b73bf2317af,다은치과의원,"크라운, 임플란트 등",문화1동 골목형상점가,골목형상점가,대전광역시,,,
e98a97b8c8a34d663866,full_annotation_v1,A,q_치과_01,치과,건강·의료 중 '치과'를 판매·제공하는 매장,test,치과,T1 정확표기,c3d346d8-057a-4bf9-86a0-0a93f7556fdd,하이치과,치과,송탄관광특구 골목형상점가,골목형상점가,경기도,,,
5659604ce1ac928291a4,full_annotation_v1,A,q_치과_01,치과,건강·의료 중 '치과'를 판매·제공하는 매장,test,치과,T1 정확표기,e8206f77-0aee-4806-bb23-37f4158b8432,서울이다치과,치과,목동깨비시장(구 목3동시장),전통시장,서울특별시,,,
f51fafa6a149611fd557,full_annotation_v1,A,q_치과_01,치과,건강·의료 중 '치과'를 판매·제공하는 매장,test,치과,T1 정확표기,c4539b86-1208-4a34-be4e-658a9c00380b,커피애가518,커피음료,상무민주로상인회 골목형상점가,골목형상점가,광주광역시,,,
1db0860726fb7f3262fd,full_annotation_v1,A,q_치과_01,치과,건강·의료 중 '치과'를 판매·제공하는 매장,test,치과,T1 정확표기,8c310da9-de89-4323-8607-b864e068c602,마산바른치과의원,치과,마산 오동동 창동 어시장 상권활성화구역,상권활성화구역,경상남도,,,
87ed89dc28c0d7c630d8,full_annotation_v1,A,q_치과_01,치과,건강·의료 중 '치과'를 판매·제공하는 매장,test,치과,T1 정확표기,7808c651-57b4-4d80-9a68-438978e6dae5,이사랑치과의원,치과,금호운천로상인회 골목형상점가,골목형상점가,광주광역시,,,
bf25cfd25b82e531e980,full_annotation_v1,A,q_치과_01,치과,건강·의료 중 '치과'를 판매·제공하는 매장,test,치과,T1 정확표기,10620bc2-916b-4e49-ab76-c8e662fb7d40,첨단교정,자세교정,임방울대로 골목형상점가,골목형상점가,광주광역시,,,
1497b7539dfb81751bdb,full_annotation_v1,A,q_치과_01,치과,건강·의료 중 '치과'를 판매·제공하는 매장,test,치과,T1 정확표기,ec8dcfeb-ac78-466c-8dc1-8ba40a8e3423,스마일치과의원,치과,의왕역 골목형상점가,골목형상점가,경기도,,,
4125a57af4df7ab48919,full_annotation_v1,A,q_치과_01,치과,건강·의료 중 '치과'를 판매·제공하는 매장,test,치과,T1 정확표기,1a9b553c-f44a-4df6-b31d-5040dcda7a43,명치과의원,치과,경산중앙로상점가,자율상권구역,경상북도,,,
6975a49cd4ea92a8f465,full_annotation_v1,A,q_치과_01,치과,건강·의료 중 '치과'를 판매·제공하는 매장,test,치과,T1 정확표기,abe395d7-923f-485a-a75c-99adc69086d7,엠디치과의원,치과,산본로데오거리(구 산본중심상가),자율상권구역,경기도,,,
12a7992ae99cb835125d,full_annotation_v1,A,q_치과_01,치과,건강·의료 중 '치과'를 판매·제공하는 매장,test,치과,T1 정확표기,1e5348e1-295e-4f7d-b73a-2dd2f14c1654,연세늘봄치과의원,임플란트,목동깨비시장(구 목3동시장),전통시장,서울특별시,,,
356c9edb465f65a35b3e,full_annotation_v1,A,q_치과_01,치과,건강·의료 중 '치과'를 판매·제공하는 매장,test,치과,T1 정확표기,1bc33890-a1fe-4ee8-88c7-e8c265daeaf0,최성렬치과,치과,전방의거리 골목형상점가,골목형상점가,인천광역시,,,
9633d8c080376e429a0f,full_annotation_v1,A,q_치과_01,치과,건강·의료 중 '치과'를 판매·제공하는 매장,test,치과,T1 정확표기,eb909888-679b-4b23-a5c4-9ef144e5cc11,행복치과의원,치과,쌍문역둘리상점가,자율상권구역,서울특별시,,,
4a44b552fdf23d34899f,full_annotation_v1,A,q_치과_01,치과,건강·의료 중 '치과'를 판매·제공하는 매장,test,치과,T1 정확표기,b8eb42db-fbf2-49d6-9de3-286af6f69c66,가나치과,치과,산본로데오거리(구 산본중심상가),자율상권구역,경기도,,,
ea8e3f032e74409c68af,full_annotation_v1,A,q_치과_01,치과,건강·의료 중 '치과'를 판매·제공하는 매장,test,치과,T1 정확표기,0ff8675c-e9fe-4b29-ad4c-5eb6fe90a350,서울온빛치과의원,치아진료서비스,목동깨비시장(구 목3동시장),전통시장,서울특별시,,,
6f9e79798e736e255360,full_annotation_v1,A,q_치과_01,치과,건강·의료 중 '치과'를 판매·제공하는 매장,test,치과,T1 정확표기,c1dbe515-599a-438d-b8a3-cd4dd1e91c38,정치과의원,치과,공주산성시장,전통시장,충청남도,,,
36469f083805a495d0cd,full_annotation_v1,A,q_치과_01,치과,건강·의료 중 '치과'를 판매·제공하는 매장,test,치과,T1 정확표기,39746a46-9108-410a-9525-d1de629aaad1,평화치과,치과,남문로 어울림 골목 골목형상점가,골목형상점가,광주광역시,,,
b791f6356bf62dae2ed3,full_annotation_v1,A,q_치과_01,치과,건강·의료 중 '치과'를 판매·제공하는 매장,test,치과,T1 정확표기,e7a29d05-713a-4ddd-a0b9-bf498097f44a,베스트e치과,치과,뒷개로청춘골목상점가,골목형상점가,전라남도,,,
87b13c8d5b9e204827aa,full_annotation_v1,A,q_치과_01,치과,건강·의료 중 '치과'를 판매·제공하는 매장,test,치과,T1 정확표기,66de30e7-3a55-4ed5-b253-ed773de6cf03,구구치과,치과,말바우우산 골목형상점가,골목형상점가,광주광역시,,,
00033b715dee87ad102e,full_annotation_v1,A,q_치과_01,치과,건강·의료 중 '치과'를 판매·제공하는 매장,test,치과,T1 정확표기,85b604e2-54de-491d-97d0-7b1ce5fb93f5,유디수완치과,치과,수영 골목형상점가,골목형상점가,광주광역시,,,
e5ff39da3e69580ab787,full_annotation_v1,A,q_치과_01,치과,건강·의료 중 '치과'를 판매·제공하는 매장,test,치과,T1 정확표기,b92b4637-83c0-4ddd-88b7-fe7d20cd0531,아뮤즈음악학원,,산내마을 골목형상점가,골목형상점가,경기도,,,
7da730ff9f7d450227bc,full_annotation_v1,A,q_치과_01,치과,건강·의료 중 '치과'를 판매·제공하는 매장,test,치과,T1 정확표기,6a898403-ebf4-41bb-b69f-85c18b469842,이마을치과,치과,봉선로2 골목형상점가,골목형상점가,광주광역시,,,
bf4c888e1ab7687fac67,full_annotation_v1,A,q_치과_01,치과,건강·의료 중 '치과'를 판매·제공하는 매장,test,치과,T1 정확표기,75fe20ea-2df3-43f3-8b1f-ce1dbeb156ac,부부치과의원,치과,원주중앙로문화의거리,자율상권구역,강원특별자치도,,,
644fcd25b7ae17014696,full_annotation_v1,A,q_치과_01,치과,건강·의료 중 '치과'를 판매·제공하는 매장,test,치과,T1 정확표기,fa7d8c78-3598-4ff2-8863-590483686413,남평치과,치과,남평읍1로 골목형상점가,골목형상점가,전라남도,,,
9c99dec93a88b6d11096,full_annotation_v1,A,q_치과_01,치과,건강·의료 중 '치과'를 판매·제공하는 매장,test,치과,T1 정확표기,79e26070-f7d6-4ee6-9ee0-30497b147974,김상태치과,치과,대남숨길 골목형상점가,골목형상점가,광주광역시,,,
8c69ae9468e008fbc1c4,full_annotation_v1,A,q_치과_01,치과,건강·의료 중 '치과'를 판매·제공하는 매장,test,치과,T1 정확표기,d878979b-b38a-4129-bc81-0febc57522f3,신앙촌상회,잡화,반송큰시장,전통시장,부산광역시,,,
4ad54e9f46555d4ec6a6,full_annotation_v1,A,q_치과_01,치과,건강·의료 중 '치과'를 판매·제공하는 매장,test,치과,T1 정확표기,aaa409a2-3a65-4df8-807c-8acd55119e8f,미포인트 치과,치과,목원대 골목형상점가,골목형상점가,대전광역시,,,
59704ad73daaf6e42cb4,full_annotation_v1,A,q_치과_01,치과,건강·의료 중 '치과'를 판매·제공하는 매장,test,치과,T1 정확표기,b1d4f7bb-abc1-4fa9-96bf-3720f6a328f6,성도치과,치과,풍납시장,전통시장,서울특별시,,,
07ccdfc24aa6a24d6431,full_annotation_v1,A,q_치과_01,치과,건강·의료 중 '치과'를 판매·제공하는 매장,test,치과,T1 정확표기,e3e146d7-21f9-40b1-a01a-8df432f1ce48,필치과,치과,평촌1번가 상점가,자율상권구역,경기도,,,
126023e41adcff79fcb3,full_annotation_v1,A,q_치과_01,치과,건강·의료 중 '치과'를 판매·제공하는 매장,test,치과,T1 정확표기,03f4ec7f-78d2-4184-8295-c29af668d98d,모세대리점(알즈너),발교정구,양양로 골목형상점가,골목형상점가,강원특별자치도,,,
9769f3602b2e7dc20133,full_annotation_v1,A,q_치과_01,치과,건강·의료 중 '치과'를 판매·제공하는 매장,test,치과,T1 정확표기,771b7a02-6e1f-4cc5-bc81-4be7124d1abe,스마일치과,치과,초지항아리 골목형상점가,골목형상점가,경기도,,,
e74a223962890b24c938,full_annotation_v1,A,q_치과_01,치과,건강·의료 중 '치과'를 판매·제공하는 매장,test,치과,T1 정확표기,0028aa1f-32df-4fa5-b123-9a5cabf791fa,행복한치과의원,치과,산본로데오거리(구 산본중심상가),자율상권구역,경기도,,,
0ca2cc5aafe749a0bc0a,full_annotation_v1,A,q_치과_01,치과,건강·의료 중 '치과'를 판매·제공하는 매장,test,치과,T1 정확표기,bf76323f-0a40-4169-a4b1-e9d3575f914c,미소치과의원,치과,부안석정 골목형상점가,골목형상점가,전북특별자치도,,,
0c853e144cd0e160c0a6,full_annotation_v1,A,q_치과_01,치과,건강·의료 중 '치과'를 판매·제공하는 매장,test,치과,T1 정확표기,f2e07c6a-f694-4167-a33d-693bf6bd3d08,단미(Danmi),의류,신창상가,전통시장,부산광역시,,,
ef4c58addd7fe4fdcab3,full_annotation_v1,A,q_치과_01,치과,건강·의료 중 '치과'를 판매·제공하는 매장,test,치과,T1 정확표기,8743b89d-adcb-4a34-992c-ec6e89281fee,e탑치과,치과,용대로119번길 골목형상점가,골목형상점가,광주광역시,,,
11bf625a25c97e82453d,full_annotation_v1,A,q_치과_01,치과,건강·의료 중 '치과'를 판매·제공하는 매장,test,치과,T1 정확표기,93f1e979-4039-4169-91a4-6757ab5abbdb,연치과,치과,북부서 맞은편 골목형상점가,골목형상점가,광주광역시,,,
a76f582c4783b4f7ff9e,full_annotation_v1,A,q_치과_01,치과,건강·의료 중 '치과'를 판매·제공하는 매장,test,치과,T1 정확표기,7b91199c-429c-4501-a525-3fc11effa5d1,오케이치과의원,치과,혁신도시5구역골목형상점가,골목형상점가,강원특별자치도,,,
520ca33657480c977940,full_annotation_v1,A,q_치과_01,치과,건강·의료 중 '치과'를 판매·제공하는 매장,test,치과,T1 정확표기,0098c5ef-1296-4b66-899d-68dbda7cb659,연세감동치과,치과,새샘하루 골목형상점가,골목형상점가,세종특별자치시,,,
d04ca64f51d55cfadafd,full_annotation_v1,A,q_치과_01,치과,건강·의료 중 '치과'를 판매·제공하는 매장,test,치과,T1 정확표기,135607e4-b86f-4ee3-8ac8-d8e69133c49a,가지런e류교정치과,치과진료 치아 교정치료,말바우시장,전통시장,광주광역시,,,
fc943d677f7d9d61de79,full_annotation_v1,A,q_치과_01,치과,건강·의료 중 '치과'를 판매·제공하는 매장,test,치과,T1 정확표기,0002538c-b8d9-4911-81c7-966789036b09,빛고을 치과의원,의원,세은 골목형상점가,골목형상점가,광주광역시,,,
5fc55c4079c6f51d137b,full_annotation_v1,A,q_치과_01,치과,건강·의료 중 '치과'를 판매·제공하는 매장,test,치과,T1 정확표기,affab35f-903c-44db-818c-503e32cf7e7c,호식이두마리치킨 남성점,치킨 음식 등,상주남성시장,전통시장,경상북도,,,
43123768767b99fd97ef,full_annotation_v1,A,q_치과_01,치과,건강·의료 중 '치과'를 판매·제공하는 매장,test,치과,T1 정확표기,5079f032-d73d-407a-b312-d5e298ae8d72,선 치과,치과,풍향골 골목형상점가,골목형상점가,광주광역시,,,
7b8ae0ed3a36d828a1f1,full_annotation_v1,A,q_치과_01,치과,건강·의료 중 '치과'를 판매·제공하는 매장,test,치과,T1 정확표기,9e995eb1-e1ac-4ba6-94a9-ec0d4edafe2c,연세유펜치과,치과,홍리단길 먹자 골목형상점가,골목형상점가,전북특별자치도,,,
5a5e75dfe294568a9575,full_annotation_v1,A,q_치과_01,치과,건강·의료 중 '치과'를 판매·제공하는 매장,test,치과,T1 정확표기,331fd695-a9e8-4942-a9d8-1504eae5d122,서울방송스피치아카데미학원,,왕십리도선동상점가,자율상권구역,서울특별시,,,
446c5fe014e208cbbd8d,full_annotation_v1,A,q_치과_01,치과,건강·의료 중 '치과'를 판매·제공하는 매장,test,치과,T1 정확표기,ede0e691-f00c-42a0-84f2-08426d6a4204,스마일치과의원,치과,효천2지구 골목형상점가,골목형상점가,광주광역시,,,
f2b855fa40a0d53f1bac,full_annotation_v1,A,q_치과_01,치과,건강·의료 중 '치과'를 판매·제공하는 매장,test,치과,T1 정확표기,21d59bcb-88a6-4b7f-8d0b-efc5c26bbbc0,철판골목김,조미김,부곡시장,전통시장,부산광역시,,,
329ebd71830bf488eb25,full_annotation_v1,A,q_치과_01,치과,건강·의료 중 '치과'를 판매·제공하는 매장,test,치과,T1 정확표기,02197d91-f918-4cf4-be5f-e004d85969a0,정치과의원,치과,오치1동 골목형상점가,골목형상점가,광주광역시,,,
18ec7e56ad6e4741ca66,full_annotation_v1,A,q_치과_01,치과,건강·의료 중 '치과'를 판매·제공하는 매장,test,치과,T1 정확표기,525f3746-ee78-43c7-857f-bac0ac0b9eaf,서울치과의원,치과,완산상점가,자율상권구역,경상북도,,,
2ba9c258eeec5fa81aec,full_annotation_v1,A,q_치과_01,치과,건강·의료 중 '치과'를 판매·제공하는 매장,test,치과,T1 정확표기,799dee47-eabd-428b-864b-9a6fe818346a,이사랑치과의원,치과,공주산성 활성화구역,전통시장,충청남도,,,
988d0d28adbabb40f4f9,full_annotation_v1,A,q_치과_01,치과,건강·의료 중 '치과'를 판매·제공하는 매장,test,치과,T1 정확표기,9b6e4099-a1c4-4e66-9819-5f465a9fe84c,금호치과의원,치과,금호1동상가번영회 골목형상점가,골목형상점가,광주광역시,,,
1c0d12457835f98bec11,full_annotation_v1,A,q_치과_01,치과,건강·의료 중 '치과'를 판매·제공하는 매장,test,치과,T1 정확표기,a89f5bda-e1af-46e9-851e-a19e1c8e2795,재민치과의원,치과,첨단쌍이 골목형상점가,골목형상점가,광주광역시,,,
3461e21a13ac56371b86,full_annotation_v1,A,q_치과_01,치과,건강·의료 중 '치과'를 판매·제공하는 매장,test,치과,T1 정확표기,bc325a76-141b-436d-b8c4-b27797fac98c,우리가족치과의원,치과,창원 지귀시장,전통시장,경상남도,,,
1648b2ed824b3d94e061,full_annotation_v1,A,q_치과_01,치과,건강·의료 중 '치과'를 판매·제공하는 매장,test,치과,T1 정확표기,3d28b58f-311c-4fde-9b31-4a1fd6210781,김치과,치과,장성읍 골목형상점가,골목형상점가,전라남도,,,
7756d7696d886479545a,full_annotation_v1,A,q_치과_01,치과,건강·의료 중 '치과'를 판매·제공하는 매장,test,치과,T1 정확표기,40cf4e56-206a-46b6-9fcd-fc3c992c1f5f,팔부 반찬,반찬,경산중앙상점가,자율상권구역,경상북도,,,
98ded977d42da861ecbb,full_annotation_v1,A,q_치과_01,치과,건강·의료 중 '치과'를 판매·제공하는 매장,test,치과,T1 정확표기,d090243e-7286-4f42-bdb2-2b01ddecc9aa,유디치과의원,치과,산본로데오거리(구 산본중심상가),자율상권구역,경기도,,,
a2da0a907a975d80d210,full_annotation_v1,A,q_치과_01,치과,건강·의료 중 '치과'를 판매·제공하는 매장,test,치과,T1 정확표기,b83a827d-67ed-4eaa-9c1a-c40ee0b19fc6,삼성리더스치과,치과,고척프라자,전통시장,서울특별시,,,
a6ab02c31fcc70c83b1e,full_annotation_v1,A,q_치과_01,치과,건강·의료 중 '치과'를 판매·제공하는 매장,test,치과,T1 정확표기,8f2f4a8e-3580-48d9-8528-127b95f2dc28,굿모닝치과의원,치과,혁신도시5구역골목형상점가,골목형상점가,강원특별자치도,,,
bd4e9093bec487dc200c,full_annotation_v1,A,q_치과_01,치과,건강·의료 중 '치과'를 판매·제공하는 매장,test,치과,T1 정확표기,275646ee-9cd2-4d7a-8447-d065f37c7d71,봉선e치과의원,임플란트 등,봉선로1 골목형상점가,골목형상점가,광주광역시,,,
fbda253b7d60c16b776d,full_annotation_v1,A,q_치과_01,치과,건강·의료 중 '치과'를 판매·제공하는 매장,test,치과,T1 정확표기,d526d237-e625-4d1f-8cd2-8d2fce176129,참미소치과,치과,둔전골목형상점가,골목형상점가,경기도,,,
0ad347d4fda6c8199986,full_annotation_v1,A,q_치과_01,치과,건강·의료 중 '치과'를 판매·제공하는 매장,test,치과,T1 정확표기,bd0ec08f-bec4-4d85-912d-b3868ed9aa9d,더섬세한치과의원,치과,백석한들1번가 골목형상점가,골목형상점가,충청남도,,,
330a243e66183114b32f,full_annotation_v1,A,q_치과_01,치과,건강·의료 중 '치과'를 판매·제공하는 매장,test,치과,T1 정확표기,9569e840-c18e-4a95-b393-5bf860563f1e,한울치과의원,치과,수문통 골목형상점가,골목형상점가,인천광역시,,,
23b36cde05dfdefd4abc,full_annotation_v1,A,q_치과_01,치과,건강·의료 중 '치과'를 판매·제공하는 매장,test,치과,T1 정확표기,6abacb53-4c62-41cf-b318-bd1ddf10622a,명치과의원,치과,과천제일쇼핑시장,전통시장,경기도,,,
fa8058ae29afbf4f6d31,full_annotation_v1,A,q_치과_01,치과,건강·의료 중 '치과'를 판매·제공하는 매장,test,치과,T1 정확표기,c0ee29ca-aad3-4aae-b4a8-51c46025713f,상계율치과의원,치과,상계중앙시장,전통시장,서울특별시,,,
259500464fd8a691f02b,full_annotation_v1,A,q_치과_01,치과,건강·의료 중 '치과'를 판매·제공하는 매장,test,치과,T1 정확표기,84f0d92d-6c5e-4e15-afb3-1e349fa9cc5d,중화요리미향,음식점업(중화요리),산본전통시장(구 군포산본시장),전통시장,경기도,,,
436dd595183d63dc1286,full_annotation_v1,A,q_치과_01,치과,건강·의료 중 '치과'를 판매·제공하는 매장,test,치과,T1 정확표기,3ad5042f-f5af-42c5-ae86-d5a8dda37099,좋은치과의원,치과,부전상가시장,전통시장,부산광역시,,,
e41e13abdbb274401642,full_annotation_v1,A,q_치과_01,치과,건강·의료 중 '치과'를 판매·제공하는 매장,test,치과,T1 정확표기,0e66dc81-dd57-487a-8203-eb18f5ce2045,상무스타치과병원,치과,상무연하상인회 골목형상점가,골목형상점가,광주광역시,,,
686b957fc6978dff9e1d,full_annotation_v1,A,q_치과_01,치과,건강·의료 중 '치과'를 판매·제공하는 매장,test,치과,T1 정확표기,34b07070-b0fc-4a20-867d-8f218532bc0d,이룸치과,치과,첨단아미 골목형상점가,골목형상점가,광주광역시,,,
d6eb5f93fc7643d56aa3,full_annotation_v1,A,q_치과_01,치과,건강·의료 중 '치과'를 판매·제공하는 매장,test,치과,T1 정확표기,989215c5-32ae-4ef5-a78d-138600cb955e,송치과,치과,하당꽃길1가 골목형상점가,골목형상점가,전라남도,,,
a6ea3c2039925f869575,full_annotation_v1,A,q_치과_01,치과,건강·의료 중 '치과'를 판매·제공하는 매장,test,치과,T1 정확표기,7a882e9a-de8a-46c8-9e32-64848db8d035,맘애든어린이치과,치과,시청앞 골목형상점가,골목형상점가,충청남도,,,
d4e72d2563a899d10739,full_annotation_v1,A,q_치과_01,치과,건강·의료 중 '치과'를 판매·제공하는 매장,test,치과,T1 정확표기,05a6fc86-6dd3-4be4-bf5c-43e9e6e2a9b2,서치과,치과,산본로데오거리(구 산본중심상가),자율상권구역,경기도,,,
a04601f536c7d1169aa3,full_annotation_v1,A,q_치과_01,치과,건강·의료 중 '치과'를 판매·제공하는 매장,test,치과,T1 정확표기,013192a9-d34f-4b2a-99f4-e33a2cbf1e72,서울굿모닝치과의원,치과,종촌동골목형상점가,골목형상점가,세종특별자치시,,,
980bc0abf51c954d93f9,full_annotation_v1,A,q_치과_01,치과,건강·의료 중 '치과'를 판매·제공하는 매장,test,치과,T1 정확표기,9bc35632-0aab-4050-a009-7702a6b77a7b,금촌치과,치과,금촌명동로시장,전통시장,경기도,,,
93f0cb86b1037ec111fe,full_annotation_v1,A,q_치과_01,치과,건강·의료 중 '치과'를 판매·제공하는 매장,test,치과,T1 정확표기,6586d274-c800-424c-baf7-9b6bd88b07ad,미소치과의원,치과,대구 삼익 골목형상점가,골목형상점가,대구광역시,,,
d9fd915077ab65a129bf,full_annotation_v1,A,q_치과_01,치과,건강·의료 중 '치과'를 판매·제공하는 매장,test,치과,T1 정확표기,64bc95d9-623d-4590-b73e-0ce5223d7176,서울수치과의원,치과,혁신도시5구역골목형상점가,골목형상점가,강원특별자치도,,,
d7b39074decfae856958,full_annotation_v1,A,q_치과_01,치과,건강·의료 중 '치과'를 판매·제공하는 매장,test,치과,T1 정확표기,000d633c-e5d5-4ab7-afea-88785b1eda92,e클린치과의원,치과,상암마을상인회 골목형상점가,골목형상점가,광주광역시,,,
a7099001e1ab4ca9751a,full_annotation_v1,A,q_치과_01,치과,건강·의료 중 '치과'를 판매·제공하는 매장,test,치과,T1 정확표기,750d5ab0-e968-4b9f-a1b2-661bffda4e08,양미네2호,수산물,인천종합어시장,전통시장,인천광역시,,,
50fddfc9ae9ae0bfab44,full_annotation_v1,A,q_치과_01,치과,건강·의료 중 '치과'를 판매·제공하는 매장,test,치과,T1 정확표기,1013504c-b2d6-4091-8cc1-15eecee0aeff,그래비티코어,운동재활 체형교정,유천택지올림픽길골목형상점가,골목형상점가,강원특별자치도,,,
7471f5dafa02d5dbb707,full_annotation_v1,A,q_치과_01,치과,건강·의료 중 '치과'를 판매·제공하는 매장,test,치과,T1 정확표기,d952adfc-692f-4fc9-8474-69152421bf6a,주식회사 지에스25금천한빛,,법원단지길골목형상점가,골목형상점가,서울특별시,,,
42cfc865f84cf841799e,full_annotation_v1,A,q_치과_01,치과,건강·의료 중 '치과'를 판매·제공하는 매장,test,치과,T1 정확표기,8eb10a3e-2710-457d-999e-2c829af2a1e8,아름다운치과,치과,병점중심상가,자율상권구역,경기도,,,
49911c2844ba95dc2aa3,full_annotation_v1,A,q_치과_01,치과,건강·의료 중 '치과'를 판매·제공하는 매장,test,치과,T1 정확표기,fc5ad37e-53e7-4e42-853e-7d730756ab0b,튼튼잇몸치과,치과,운암 다정 골목형상점가,골목형상점가,광주광역시,,,
998d937226b9d393a055,full_annotation_v1,A,q_치과_01,치과,건강·의료 중 '치과'를 판매·제공하는 매장,test,치과,T1 정확표기,7deb8c24-eebc-4411-8b9e-7344def40922,상치과,치과,스타프라자전통시장,전통시장,경기도,,,
183204c4c066d475b5fa,full_annotation_v1,A,q_치과_01,치과,건강·의료 중 '치과'를 판매·제공하는 매장,test,치과,T1 정확표기,3a9899b9-7abb-4076-987c-cade4d657497,류장춘치과,치과,안말초로 골목형상점가,골목형상점가,경기도,,,
d49bf5cee49cbe750588,full_annotation_v1,A,q_치과_01,치과,건강·의료 중 '치과'를 판매·제공하는 매장,test,치과,T1 정확표기,b6afdc76-621d-4cea-b651-0c0cb6d3d77d,굿모닝치과의원,치과,신도봉시장,전통시장,서울특별시,,,
574b793b2016442cf368,full_annotation_v1,A,q_치과_01,치과,건강·의료 중 '치과'를 판매·제공하는 매장,test,치과,T1 정확표기,8eb2edc1-a763-4152-82d1-0d7bdb6d4a6b,탄탄치과,치과,두암3동 먹자골목 골목형상점가,골목형상점가,광주광역시,,,
ab4daa2d30c6c79077f3,full_annotation_v1,A,q_치과_01,치과,건강·의료 중 '치과'를 판매·제공하는 매장,test,치과,T1 정확표기,b0a3a48e-d655-41b7-8d3f-dfaf55e665bb,김이서울치과,치과,산본로데오거리(구 산본중심상가),자율상권구역,경기도,,,
f4ea5047063f6d928476,full_annotation_v1,A,q_치과_01,치과,건강·의료 중 '치과'를 판매·제공하는 매장,test,치과,T1 정확표기,c930a463-09d7-4682-bf8d-4d1642f5063d,미래치과,치과,양양로 골목형상점가,골목형상점가,강원특별자치도,,,
cd053055fa982399c6a0,full_annotation_v1,A,q_치과_01,치과,건강·의료 중 '치과'를 판매·제공하는 매장,test,치과,T1 정확표기,42ac96e5-622c-49de-aade-cee945c513e1,샤인이치과의원,치과,터미널사거리 골목형상점가,골목형상점가,충청남도,,,
d55abbdfdc4408127d4b,full_annotation_v1,A,q_치과_01,치과,건강·의료 중 '치과'를 판매·제공하는 매장,test,치과,T1 정확표기,9277800f-5f07-497a-be8d-8f948bae096e,현대사무용가구,,아현가구거리 상점가,자율상권구역,서울특별시,,,
c7b9b2db4ee34e9acabf,full_annotation_v1,A,q_치과_01,치과,건강·의료 중 '치과'를 판매·제공하는 매장,test,치과,T1 정확표기,744e5c02-c9d9-424d-8b60-cf3125f0d015,유디치과의원,치과,오목교역8번출구골목형상점가,골목형상점가,서울특별시,,,
7b4dea440d59c18bbf2d,full_annotation_v1,A,q_치과_01,치과,건강·의료 중 '치과'를 판매·제공하는 매장,test,치과,T1 정확표기,ff3dbb55-d2e2-4985-9f4f-2f54a2c000e8,뉴욕플란트 치과,치과,남양주장현전통시장,전통시장,경기도,,,
d5e75b6db35fc0b5231a,full_annotation_v1,A,q_치과_01,치과,건강·의료 중 '치과'를 판매·제공하는 매장,test,치과,T1 정확표기,be20962c-9199-467e-88fa-af4160a871f8,리더스치과의원,치과,울산 스퀘어 골목형상점가,골목형상점가,울산광역시,,,
8453727436514a486004,full_annotation_v1,A,q_치과_01,치과,건강·의료 중 '치과'를 판매·제공하는 매장,test,치과,T1 정확표기,35c4c522-7d94-46ec-930b-961f7cc872b8,리더스치과의원,치과,영통센타프라자 골목형상점가,골목형상점가,경기도,,,
e36d0c8de2fa36672118,full_annotation_v1,A,q_치과_01,치과,건강·의료 중 '치과'를 판매·제공하는 매장,test,치과,T1 정확표기,78c530c4-234d-467e-a26c-03e38ed7efba,홍치과,치과,담양중앙 골목형상점가,골목형상점가,전라남도,,,
62ce9954e07ac99a9e44,full_annotation_v1,A,q_치과_01,치과,건강·의료 중 '치과'를 판매·제공하는 매장,test,치과,T1 정확표기,ed5d0b87-23eb-4334-999e-473e2a551d4e,금성치과,치과,장대동패션상가 골목형상점가,골목형상점가,대전광역시,,,
e4a8b2e809aa061196e8,full_annotation_v1,A,q_치과_01,치과,건강·의료 중 '치과'를 판매·제공하는 매장,test,치과,T1 정확표기,04f73ae1-5ba3-4b7a-9168-f300168979df,연세해맑은치과,치과교정과 진료,둔산2동 골목형상점가,골목형상점가,대전광역시,,,
f5895e3382ea1247575e,full_annotation_v1,A,q_치과_01,치과,건강·의료 중 '치과'를 판매·제공하는 매장,test,치과,T1 정확표기,c7c5d088-281a-4965-82b7-ca4681aa30d8,다인치과의원,치과,금암동 골목형상점가,골목형상점가,전북특별자치도,,,
242b11e94e5624bcf6b9,full_annotation_v1,A,q_치과_01,치과,건강·의료 중 '치과'를 판매·제공하는 매장,test,치과,T1 정확표기,c4eaf985-97d5-4c0b-a867-f693a87500ed,연세아이웃음꽃치과,치과,신원권율4 골목형상점가,골목형상점가,경기도,,,
0e6122f7d54330f5dcd9,full_annotation_v1,A,q_치과_01,치과,건강·의료 중 '치과'를 판매·제공하는 매장,test,치과,T1 정확표기,9f5f73e2-f3bf-4b11-9aad-04374b8cb4e5,코스모스화장품,화장품판매,사강시장,전통시장,경기도,,,
04602b7936c7eac47d14,full_annotation_v1,A,q_치과_01,치과,건강·의료 중 '치과'를 판매·제공하는 매장,test,치과,T1 정확표기,5144b0e4-c61b-44f9-824b-002719577f47,즐거운하치과,치과,덕풍전통시장,전통시장,경기도,,,
432534fdd0c0aae973a2,full_annotation_v1,A,q_치과_01,치과,건강·의료 중 '치과'를 판매·제공하는 매장,test,치과,T1 정확표기,68a4f1b4-de81-4d77-a594-e6885d051999,용인스마트치과,치과,용인중앙시장,전통시장,경기도,,,
13c975b7de6c3ad09d40,full_annotation_v1,A,q_치과_01,치과,건강·의료 중 '치과'를 판매·제공하는 매장,test,치과,T1 정확표기,dc129112-d232-484c-a0dd-6c27ba8eacbe,탄탄제작소,찜질팩,시장로타리지하상가,일반지하상점가,인천광역시,,,
c703b392ee55c81935b0,full_annotation_v1,A,q_치과_01,치과,건강·의료 중 '치과'를 판매·제공하는 매장,test,치과,T1 정확표기,062acf6f-305e-4670-a107-58f8fe19825c,더월치과,치과,사당1동 먹자골목 상점가,자율상권구역,서울특별시,,,
53ba4a0d138c2a16ea25,full_annotation_v1,A,q_치과_01,치과,건강·의료 중 '치과'를 판매·제공하는 매장,test,치과,T1 정확표기,391ef1d9-0ec7-4b5d-b714-9666ad3043c3,이치과의원,치아,창원 가음정시장,전통시장,경상남도,,,
616323f7fb488cdd41b8,full_annotation_v1,A,q_치과_01,치과,건강·의료 중 '치과'를 판매·제공하는 매장,test,치과,T1 정확표기,634d386b-ceff-46c6-b712-3d25551a3755,바른마음치과의원,치과,당진원시가지상가,자율상권구역,충청남도,,,
b667a5cf2a157121fe79,full_annotation_v1,A,q_치과_01,치과,건강·의료 중 '치과'를 판매·제공하는 매장,test,치과,T1 정확표기,a1fec92b-0351-4b7f-82f9-b3319928af69,뉴욕치과,치과,부평문화인의거리골목형상점가,골목형상점가,인천광역시,,,
e6e7bd2b05e5091a9577,full_annotation_v1,A,q_치과_01,치과,건강·의료 중 '치과'를 판매·제공하는 매장,test,치과,T1 정확표기,ba61e736-f92e-4fbf-ae20-9fddc81b6d2f,스마트치과의원,치과,동울산만세대 골목형상점가,골목형상점가,울산광역시,,,
6dec0df11c582de7f64f,full_annotation_v1,A,q_치과_01,치과,건강·의료 중 '치과'를 판매·제공하는 매장,test,치과,T1 정확표기,eadb881b-901f-4d55-b476-3d99c2652c22,함께하는치과의원,치과,반도유보라더퍼스트상가 골목형상점가,골목형상점가,광주광역시,,,
a2e37f89ea755ffccb00,full_annotation_v1,A,q_치과_01,치과,건강·의료 중 '치과'를 판매·제공하는 매장,test,치과,T1 정확표기,9a4fe0a3-28ed-40c6-82b5-0ef48674ef7e,시장방앗간,떡,남문시장,전통시장,서울특별시,,,
3afdd56bb0e25caa7cc7,full_annotation_v1,A,q_치과_01,치과,건강·의료 중 '치과'를 판매·제공하는 매장,test,치과,T1 정확표기,0a1a14d8-f92a-433d-bb79-64d059dc39ae,아파유,체형교정 및 교육,해밀동 골목형상점가,골목형상점가,세종특별자치시,,,
3d9060703efba5920610,full_annotation_v1,A,q_치과_01,치과,건강·의료 중 '치과'를 판매·제공하는 매장,test,치과,T1 정확표기,22fdfe9d-b981-487e-85b4-c9eb1c84cded,조이플치과,치과,샘머리 골목형상점가,골목형상점가,대전광역시,,,
faab1ca9f58ecea39653,full_annotation_v1,A,q_치과_01,치과,건강·의료 중 '치과'를 판매·제공하는 매장,test,치과,T1 정확표기,3f61cd24-41b0-4427-9d4b-c5746f943a6c,연치과의원,치과,용산용문시장,전통시장,서울특별시,,,
5037ffa2460895312e6b,full_annotation_v1,A,q_치과_01,치과,건강·의료 중 '치과'를 판매·제공하는 매장,test,치과,T1 정확표기,e07734b4-0e2e-4fd0-a098-a643ade1fb40,이즈치과의원,치과,별양동상점가,자율상권구역,경기도,,,
8c94a5897fb8a6ba1e92,full_annotation_v1,A,q_치과_01,치과,건강·의료 중 '치과'를 판매·제공하는 매장,test,치과,T1 정확표기,bfaea4db-bc9c-4aec-b49a-a0352aa17ca8,서강박치과,치과,신수동토정로 골목형상점가,골목형상점가,서울특별시,,,
f3ce1fe2d48f252036d2,full_annotation_v1,A,q_치과_01,치과,건강·의료 중 '치과'를 판매·제공하는 매장,test,치과,T1 정확표기,14ba8897-8073-4512-bd61-8cbcb3965506,비손치과,치과,금호1동상가번영회 골목형상점가,골목형상점가,광주광역시,,,
2ebbc121e136b1c27feb,full_annotation_v1,A,q_치과_01,치과,건강·의료 중 '치과'를 판매·제공하는 매장,test,치과,T1 정확표기,6ca5a1d0-42dd-4d98-b211-1f64484943c3,애플치과,치과,테크노밸리 골목형상점가,골목형상점가,대전광역시,,,
080526e1a60f74c5335a,full_annotation_v1,A,q_치과_01,치과,건강·의료 중 '치과'를 판매·제공하는 매장,test,치과,T1 정확표기,465bf4b2-dfc8-479c-b28f-5407842c4927,믿음치과,임플란트 틀니 교정 보철치료,신가아름마을,골목형상점가,광주광역시,,,
963bbc54a7c905e3fd3c,full_annotation_v1,A,q_치과_01,치과,건강·의료 중 '치과'를 판매·제공하는 매장,test,치과,T1 정확표기,c6303cdb-908c-4933-84ee-369843e1095e,미래치과,치과,동울산만세대 골목형상점가,골목형상점가,울산광역시,,,
b07486a8ad75f937e371,full_annotation_v1,A,q_치과_01,치과,건강·의료 중 '치과'를 판매·제공하는 매장,test,치과,T1 정확표기,cf67d41a-7e0b-4e59-a9eb-911861437230,리더스치과의원,치과,노은역 골목형상점가,골목형상점가,대전광역시,,,
4b4cc9bfa684e1300ecf,full_annotation_v1,A,q_치과_01,치과,건강·의료 중 '치과'를 판매·제공하는 매장,test,치과,T1 정확표기,36e791c6-83cd-4d5e-9d27-ff626514befc,현대치과의원,치과,송림골 골목형상점가,골목형상점가,인천광역시,,,
4d1fbb1a2bd069bd302a,full_annotation_v1,A,q_치과_01,치과,건강·의료 중 '치과'를 판매·제공하는 매장,test,치과,T1 정확표기,ad219ac1-94be-4657-b814-eb77665a2400,우리가족치과의원,치과,시청앞사거리 골목형상점가,골목형상점가,충청남도,,,
27bf4e55d081bbc4686e,full_annotation_v1,A,q_치과_01,치과,건강·의료 중 '치과'를 판매·제공하는 매장,test,치과,T1 정확표기,f2faaafd-45bb-44bc-8be3-9cd95bb83ae9,시티치과,치과,의왕역 골목형상점가,골목형상점가,경기도,,,
36d8b6066a39f307b5b0,full_annotation_v1,A,q_치과_01,치과,건강·의료 중 '치과'를 판매·제공하는 매장,test,치과,T1 정확표기,0c0ff804-e304-4c79-b215-a78a09957bdc,유디치과의원,치과,나성동 소방청 골목형상점가,골목형상점가,세종특별자치시,,,
86ccd37f74bc6b3955bc,full_annotation_v1,A,q_치과_01,치과,건강·의료 중 '치과'를 판매·제공하는 매장,test,치과,T1 정확표기,b842c553-1530-4353-b832-7d90c228fc47,미소를 드림 치과,치과,풍암벚꽃길상인회 골목형상점가,골목형상점가,광주광역시,,,
7d0a7a0c2c01fdd3697a,full_annotation_v1,A,q_치과_01,치과,건강·의료 중 '치과'를 판매·제공하는 매장,test,치과,T1 정확표기,20c4cf39-dc98-4781-8991-6f4d04a52d69,아름드리 치과,치아치료,희담길,골목형상점가,광주광역시,,,
3ac795fae6f4307b729b,full_annotation_v1,A,q_치과_01,치과,건강·의료 중 '치과'를 판매·제공하는 매장,test,치과,T1 정확표기,cd27a3ce-15e4-46c5-bf03-70ffd0e9dfaf,아름다운치과,치과,성대전통시장,전통시장,서울특별시,,,
320275164df20f89d126,full_annotation_v1,A,q_치과_01,치과,건강·의료 중 '치과'를 판매·제공하는 매장,test,치과,T1 정확표기,6d12d594-a129-42eb-89c4-276cdf60dc5a,당산치과,치과,당산이음 골목형상점가,골목형상점가,서울특별시,,,
64cf08afed4836446cee,full_annotation_v1,A,q_치과_01,치과,건강·의료 중 '치과'를 판매·제공하는 매장,test,치과,T1 정확표기,dd34831b-29df-4308-9120-27d5bbbe6362,소치과,치과,금화상인회 골목형상점가,골목형상점가,광주광역시,,,
59fbb36990cbe9d488b8,full_annotation_v1,A,q_치과_01,치과,건강·의료 중 '치과'를 판매·제공하는 매장,test,치과,T1 정확표기,fa419a71-d32e-4030-b145-511f248d8620,김예란치과,치과,큰방림길 골목형상점가,골목형상점가,광주광역시,,,
348e5f9bca9438aa9e6f,full_annotation_v1,A,q_치과_01,치과,건강·의료 중 '치과'를 판매·제공하는 매장,test,치과,T1 정확표기,00fdab59-58f8-4c63-8765-30cb59a78156,도안프라임치과의원,치과진료,목원대 골목형상점가,골목형상점가,대전광역시,,,
e71ae2c634549bd64f10,full_annotation_v1,A,q_치과_01,치과,건강·의료 중 '치과'를 판매·제공하는 매장,test,치과,T1 정확표기,c16e9f3f-3ea2-4045-a177-fa38e611a54d,미래치과의원,치과,운천상무시장 골목형상점가,골목형상점가,광주광역시,,,
ad51f54d622b49754b6f,full_annotation_v1,A,q_치과_01,치과,건강·의료 중 '치과'를 판매·제공하는 매장,test,치과,T1 정확표기,f5f51a18-eeb7-4a17-abc6-833fb1b977e3,센트럴치과,치과,온양온천역 골목형 상점가,골목형상점가,충청남도,,,
8bc10594b8f481ea3bfb,full_annotation_v1,A,q_치과_02,교정,건강·의료 중 '치과'를 판매·제공하는 매장,test,치과,T2 동의어,1013504c-b2d6-4091-8cc1-15eecee0aeff,그래비티코어,운동재활 체형교정,유천택지올림픽길골목형상점가,골목형상점가,강원특별자치도,,,
ca6dec421f096fa44ba2,full_annotation_v1,A,q_치과_02,교정,건강·의료 중 '치과'를 판매·제공하는 매장,test,치과,T2 동의어,be34d045-bd57-42af-b149-5a739eb7d0de,보이스&보컬 스튜디오,발성 교정,장원초 입구 골목형상점가,골목형상점가,광주광역시,,,
56f6481392c282e3ce5f,full_annotation_v1,A,q_치과_02,교정,건강·의료 중 '치과'를 판매·제공하는 매장,test,치과,T2 동의어,507c364a-05cd-47a5-b19a-720c2f8cc4b0,인서현치과,"일반 치과 진료, 임플란트, 교정, 스케일링, 틀니",별내별가람역상점가,골목형상점가,경기도,,,
92434ca79dde0d0fce06,full_annotation_v1,A,q_치과_02,교정,건강·의료 중 '치과'를 판매·제공하는 매장,test,치과,T2 동의어,20c4cf39-dc98-4781-8991-6f4d04a52d69,아름드리 치과,치아치료,희담길,골목형상점가,광주광역시,,,
8930521c45c668a23845,full_annotation_v1,A,q_치과_02,교정,건강·의료 중 '치과'를 판매·제공하는 매장,test,치과,T2 동의어,153b9f7e-329e-4714-9941-2fa217401681,이경학바른체형센터,체형 교정 운동,효천로 골목형상점가,골목형상점가,광주광역시,,,
96d0e3dfff377d341cbe,full_annotation_v1,A,q_치과_02,교정,건강·의료 중 '치과'를 판매·제공하는 매장,test,치과,T2 동의어,baf9795c-ddb0-4bd8-8ede-ef0553068893,다나제형교정필라테스 광주북구각화점,"필라테스, 운동처방, 체형교정",서희1차현대 골목형상점가,골목형상점가,광주광역시,,,
587a22639ae18c940db7,full_annotation_v1,A,q_치과_02,교정,건강·의료 중 '치과'를 판매·제공하는 매장,test,치과,T2 동의어,404258d6-7b40-4110-b7dc-fc102566f15f,본 테라핏,자세교정,불당1번가골목형상점가,골목형상점가,충청남도,,,
875570d422275c85869c,full_annotation_v1,A,q_치과_02,교정,건강·의료 중 '치과'를 판매·제공하는 매장,test,치과,T2 동의어,0a1a14d8-f92a-433d-bb79-64d059dc39ae,아파유,체형교정 및 교육,해밀동 골목형상점가,골목형상점가,세종특별자치시,,,
348166f0771964261eab,full_annotation_v1,A,q_치과_02,교정,건강·의료 중 '치과'를 판매·제공하는 매장,test,치과,T2 동의어,74c936e4-6455-4c0a-93d0-71ccf9739d96,토평소곱창2호점,한식,신토평먹자거리 골목형상점가,골목형상점가,경기도,,,
2d5db749e3c64ebb7b3e,full_annotation_v1,A,q_치과_02,교정,건강·의료 중 '치과'를 판매·제공하는 매장,test,치과,T2 동의어,559d4795-c4a9-442a-ba75-cdb035fbd949,좋은몸교정센터,교정운동,성덕중사거리,골목형상점가,광주광역시,,,
11d4f02a5150a1f40271,full_annotation_v1,A,q_치과_02,교정,건강·의료 중 '치과'를 판매·제공하는 매장,test,치과,T2 동의어,30007309-101a-4d4d-84d0-34a424614c32,포포민즈낫띵,커피,연남동골목형상점가,골목형상점가,서울특별시,,,
0c5f06d37afd2f50a1bc,full_annotation_v1,A,q_치과_02,교정,건강·의료 중 '치과'를 판매·제공하는 매장,test,치과,T2 동의어,3de6b61a-060a-4eeb-a6f5-2b73bf2317af,다은치과의원,"크라운, 임플란트 등",문화1동 골목형상점가,골목형상점가,대전광역시,,,
259d96ad24d48b75414e,full_annotation_v1,A,q_치과_02,교정,건강·의료 중 '치과'를 판매·제공하는 매장,test,치과,T2 동의어,b204ea09-159b-4a36-8504-524075539132,하삼동커피 원평점,커피,문화로 자율상권구역,상권활성화구역,경상북도,,,
db38bf17e4d36c4af241,full_annotation_v1,A,q_치과_02,교정,건강·의료 중 '치과'를 판매·제공하는 매장,test,치과,T2 동의어,cc7b73f9-0d48-4430-8deb-d889cca13027,이화아동발달연구소,언어교정,어은누리 골목형상점가,골목형상점가,대전광역시,,,
1194c5a1a1115618cdb0,full_annotation_v1,A,q_치과_02,교정,건강·의료 중 '치과'를 판매·제공하는 매장,test,치과,T2 동의어,38d12a22-62e6-49b5-ab91-e366b1981c66,티나헤어,미용실,수유중앙시장,전통시장,서울특별시,,,
b15075d018112faa1681,full_annotation_v1,A,q_치과_02,교정,건강·의료 중 '치과'를 판매·제공하는 매장,test,치과,T2 동의어,e38393d4-80f2-42f3-bbe5-0ade16742880,퍼스트어린이치과의원,소아치과 진료충치 예방 교정등 및 진료비,배다리저수지 골목형상점가,골목형상점가,경기도,,,
619196de827a7376c01d,full_annotation_v1,A,q_치과_02,교정,건강·의료 중 '치과'를 판매·제공하는 매장,test,치과,T2 동의어,00fdab59-58f8-4c63-8765-30cb59a78156,도안프라임치과의원,치과진료,목원대 골목형상점가,골목형상점가,대전광역시,,,
3810509a3fbd0ead6a19,full_annotation_v1,A,q_치과_02,교정,건강·의료 중 '치과'를 판매·제공하는 매장,test,치과,T2 동의어,99aac281-e2cc-4e4d-acd6-68b64693ce1a,여락정,,청당4번가 골목형상점가,골목형상점가,충청남도,,,
a48cddb9a6333e932d03,full_annotation_v1,A,q_치과_02,교정,건강·의료 중 '치과'를 판매·제공하는 매장,test,치과,T2 동의어,9c719382-d2dd-42c5-9d23-26166e7fbd67,휴힐링테라피,체형교정,도봉산옛길골목형상점가,골목형상점가,서울특별시,,,
f5c9f79fbce34c5b4465,full_annotation_v1,A,q_치과_02,교정,건강·의료 중 '치과'를 판매·제공하는 매장,test,치과,T2 동의어,3dea395b-56ca-4d2b-9594-c49d8966ae4f,후척추교정운동센터,교정운동,일곡동(제1지역:자연마을 일동초 거리) 골목형상점가,골목형상점가,광주광역시,,,
458c1bcec981fb436ab7,full_annotation_v1,A,q_치과_02,교정,건강·의료 중 '치과'를 판매·제공하는 매장,test,치과,T2 동의어,cb3a2137-1eb9-4257-ab71-f2dda3aebbfb,안정 체형교정센터,체형교정 교정운동지도,용대로53번길 골목형상점가,골목형상점가,광주광역시,,,
ae7534d9520c12da844e,full_annotation_v1,A,q_치과_02,교정,건강·의료 중 '치과'를 판매·제공하는 매장,test,치과,T2 동의어,673ae3eb-e8eb-4e2b-9836-69c3628f2b81,산들치과의원,교정진료를 제외한 치과치료,나주혁신도시 골목형상점가,골목형상점가,전라남도,,,
4daad2eb7b00b2c5cd30,full_annotation_v1,A,q_치과_02,교정,건강·의료 중 '치과'를 판매·제공하는 매장,test,치과,T2 동의어,0028aa1f-32df-4fa5-b123-9a5cabf791fa,행복한치과의원,치과,산본로데오거리(구 산본중심상가),자율상권구역,경기도,,,
53cbd34ee7122ae714e2,full_annotation_v1,A,q_치과_02,교정,건강·의료 중 '치과'를 판매·제공하는 매장,test,치과,T2 동의어,327684f6-e881-4426-91ae-bd0849693748,김형수건강센터,체형교정,문흥1동 골목형상점가,골목형상점가,광주광역시,,,
1cfba6c73487fa4229ac,full_annotation_v1,A,q_치과_02,교정,건강·의료 중 '치과'를 판매·제공하는 매장,test,치과,T2 동의어,013192a9-d34f-4b2a-99f4-e33a2cbf1e72,서울굿모닝치과의원,치과,종촌동골목형상점가,골목형상점가,세종특별자치시,,,
d21cb351911109036972,full_annotation_v1,A,q_치과_02,교정,건강·의료 중 '치과'를 판매·제공하는 매장,test,치과,T2 동의어,c679130c-7f17-4d75-908a-d4f5b84090ad,생선회초장,한식,언양알프스시장,전통시장,울산광역시,,,
9b40b26180647d619ea7,full_annotation_v1,A,q_치과_02,교정,건강·의료 중 '치과'를 판매·제공하는 매장,test,치과,T2 동의어,a1ee8677-d16d-4e94-8710-f3e036bbcfce,도울원,교정,서현센트럴상점,골목형상점가,경기도,,,
699ab8d3b5c453486931,full_annotation_v1,A,q_치과_02,교정,건강·의료 중 '치과'를 판매·제공하는 매장,test,치과,T2 동의어,1860996c-d575-44aa-a737-22395b993dde,앙앙,남녀용 겉옷 밑 셔츠 도매업,삼익패션타운,전통시장,서울특별시,,,
bf957766264c343e1a46,full_annotation_v1,A,q_치과_02,교정,건강·의료 중 '치과'를 판매·제공하는 매장,test,치과,T2 동의어,bcff3939-3c9a-4514-a757-53df3aa5b68a,시원한 교정센터,슬링운동,일곡동 골목형상점가,골목형상점가,광주광역시,,,
80f256c7eac8d8789738,full_annotation_v1,A,q_치과_02,교정,건강·의료 중 '치과'를 판매·제공하는 매장,test,치과,T2 동의어,a8b0b33d-f799-465a-b3cf-08875f87f008,드림척추교정센터,교정,빛가람 상리단길 골목형상점가,골목형상점가,전라남도,,,
4e91b4221945f08c521d,full_annotation_v1,A,q_치과_02,교정,건강·의료 중 '치과'를 판매·제공하는 매장,test,치과,T2 동의어,49d08596-bfd5-4171-8455-ef55286f0edf,장터맛신,식당,완도전통시장(완도5일시장),전통시장,전라남도,,,
6698a006520e001bc823,full_annotation_v1,A,q_치과_02,교정,건강·의료 중 '치과'를 판매·제공하는 매장,test,치과,T2 동의어,f5719c33-8628-406e-aca4-ca3bf21f2f6e,김현치과교정과치과의원,교정치료,산본로데오거리(구 산본중심상가),자율상권구역,경기도,,,
1908ecdedb346a9f74ad,full_annotation_v1,A,q_치과_02,교정,건강·의료 중 '치과'를 판매·제공하는 매장,test,치과,T2 동의어,e1124abe-0982-4690-8abf-f0f92d47a657,스포츠마사지 카이로교정,발관리,산본로데오거리(구 산본중심상가),자율상권구역,경기도,,,
d4d1e64c6e89d1101020,full_annotation_v1,A,q_치과_02,교정,건강·의료 중 '치과'를 판매·제공하는 매장,test,치과,T2 동의어,602e8a85-52f0-4057-9cde-8bd67339bcf1,우리들아동청소년상담센터,심리상담 언어교정,누리 골목형상점가,골목형상점가,경기도,,,
216832fd07f02a6be2e6,full_annotation_v1,A,q_치과_02,교정,건강·의료 중 '치과'를 판매·제공하는 매장,test,치과,T2 동의어,369f2fc8-a93c-49d6-a947-cfeeee5bc718,힐링산야초,건강기능식품 액상짜 바른자세교정,맛조이상인회 골목형상점가,골목형상점가,광주광역시,,,
6aa741ebd4fcdbfcdcb8,full_annotation_v1,A,q_치과_02,교정,건강·의료 중 '치과'를 판매·제공하는 매장,test,치과,T2 동의어,391ef1d9-0ec7-4b5d-b714-9666ad3043c3,이치과의원,치아,창원 가음정시장,전통시장,경상남도,,,
0391ddb833ebe2820b7b,full_annotation_v1,A,q_치과_02,교정,건강·의료 중 '치과'를 판매·제공하는 매장,test,치과,T2 동의어,7fb76256-05d1-49a6-82c9-da9ce0146789,장어총각,민물장어,복이있는덕포시장,전통시장,부산광역시,,,
3fa137be1826717d1da6,full_annotation_v1,A,q_치과_02,교정,건강·의료 중 '치과'를 판매·제공하는 매장,test,치과,T2 동의어,6652c8ab-fde4-4841-ab7c-d2b7b7b34e7a,다나체형교정&필라테스,체형교정,양산동 골목형상점가,골목형상점가,광주광역시,,,
c90b801acc3ce81b74c5,full_annotation_v1,A,q_치과_02,교정,건강·의료 중 '치과'를 판매·제공하는 매장,test,치과,T2 동의어,e2664beb-456f-4e82-9202-174ef6e304e0,남도반찬,김치,중마시장,전통시장,전라남도,,,
ba2069aa7086b95241bd,full_annotation_v1,A,q_치과_02,교정,건강·의료 중 '치과'를 판매·제공하는 매장,test,치과,T2 동의어,3298a5b8-27a7-464d-b58d-c255d30f0f6c,꿈꾸는 포차,한식,후평3동 행복마을 골목형상점가,골목형상점가,강원특별자치도,,,
f8c1e7863a346d388b8a,full_annotation_v1,A,q_치과_02,교정,건강·의료 중 '치과'를 판매·제공하는 매장,test,치과,T2 동의어,135607e4-b86f-4ee3-8ac8-d8e69133c49a,가지런e류교정치과,치과진료 치아 교정치료,말바우시장,전통시장,광주광역시,,,
8ce653c3a56c4d6db5c3,full_annotation_v1,A,q_치과_02,교정,건강·의료 중 '치과'를 판매·제공하는 매장,test,치과,T2 동의어,cce589e6-a8d4-4310-97df-6fff2764c85e,안양범계체형교정 본밸런스,운동지도,평촌1번가 상점가,자율상권구역,경기도,,,
18a7a8cce808b3297e05,full_annotation_v1,A,q_치과_02,교정,건강·의료 중 '치과'를 판매·제공하는 매장,test,치과,T2 동의어,04f73ae1-5ba3-4b7a-9168-f300168979df,연세해맑은치과,치과교정과 진료,둔산2동 골목형상점가,골목형상점가,대전광역시,,,
a8b73f66053ddce81f19,full_annotation_v1,A,q_치과_02,교정,건강·의료 중 '치과'를 판매·제공하는 매장,test,치과,T2 동의어,1e5348e1-295e-4f7d-b73a-2dd2f14c1654,연세늘봄치과의원,임플란트,목동깨비시장(구 목3동시장),전통시장,서울특별시,,,
43d8a68966093544ecec,full_annotation_v1,A,q_치과_02,교정,건강·의료 중 '치과'를 판매·제공하는 매장,test,치과,T2 동의어,0ff8675c-e9fe-4b29-ad4c-5eb6fe90a350,서울온빛치과의원,치아진료서비스,목동깨비시장(구 목3동시장),전통시장,서울특별시,,,
436d3f2f7fa8eb3ae6b0,full_annotation_v1,A,q_치과_02,교정,건강·의료 중 '치과'를 판매·제공하는 매장,test,치과,T2 동의어,03f4ec7f-78d2-4184-8295-c29af668d98d,모세대리점(알즈너),발교정구,양양로 골목형상점가,골목형상점가,강원특별자치도,,,
aced22904d3b7ee600c2,full_annotation_v1,A,q_치과_02,교정,건강·의료 중 '치과'를 판매·제공하는 매장,test,치과,T2 동의어,6c4a7709-440a-4cff-b0f3-5467a8891dd9,송진명치과교정과치과의원,교정치료,매곡 큰길 골목형상점가,골목형상점가,광주광역시,,,
4eca3e1472bbae8f89cf,full_annotation_v1,A,q_치과_02,교정,건강·의료 중 '치과'를 판매·제공하는 매장,test,치과,T2 동의어,49d50a01-c5e9-42c7-8a05-4d8e5059bbcb,레푸스과천중앙점&오블리뷰티,레픽스 및 교정기,과천중앙동상점가,자율상권구역,경기도,,,
d18575cb27734f308611,full_annotation_v1,A,q_치과_02,교정,건강·의료 중 '치과'를 판매·제공하는 매장,test,치과,T2 동의어,000d633c-e5d5-4ab7-afea-88785b1eda92,e클린치과의원,치과,상암마을상인회 골목형상점가,골목형상점가,광주광역시,,,
12934d38aabfb3e70b42,full_annotation_v1,A,q_치과_02,교정,건강·의료 중 '치과'를 판매·제공하는 매장,test,치과,T2 동의어,8cbc7dfa-1ea3-4910-bd6b-c1d5b9c5339f,장이문 치과 교정과 치과 의원,의료서비스,풍암벚꽃길상인회 골목형상점가,골목형상점가,광주광역시,,,
47487775df89074ffbae,full_annotation_v1,A,q_치과_02,교정,건강·의료 중 '치과'를 판매·제공하는 매장,test,치과,T2 동의어,b1385b96-61c0-484d-962b-60f7ea99fce4,블랙스톤,구두,서면지하도상가 부전몰,일반지하상점가,부산광역시,,,
fe66ccd70bf46d2b4ef1,full_annotation_v1,A,q_치과_02,교정,건강·의료 중 '치과'를 판매·제공하는 매장,test,치과,T2 동의어,8198ef53-33eb-44d1-86d5-5031367b0088,달성약국,의약품,성당시장,전통시장,대구광역시,,,
193be0bef29da3c26279,full_annotation_v1,A,q_치과_02,교정,건강·의료 중 '치과'를 판매·제공하는 매장,test,치과,T2 동의어,9eb510eb-3195-4f96-ab12-12f503e25a56,천광석교정침대,교정침대,춘천동부시장,전통시장,강원특별자치도,,,
11603e74cf0ae9f2fd08,full_annotation_v1,A,q_치과_02,교정,건강·의료 중 '치과'를 판매·제공하는 매장,test,치과,T2 동의어,2db612f3-89c9-449a-97dc-3bb910543e6b,리바디재활운동센터,교정운동,문흥1동 골목형상점가,골목형상점가,광주광역시,,,
ace3920a7b607096d019,full_annotation_v1,A,q_치과_02,교정,건강·의료 중 '치과'를 판매·제공하는 매장,test,치과,T2 동의어,d2b828b3-c172-4bbd-acb5-d834557aa82c,파리바게뜨전주모래내점,제과 제빵 음료 케이크,모래내골목형상점가,골목형상점가,전북특별자치도,,,
ff60d530aa5bddb51748,full_annotation_v1,A,q_치과_02,교정,건강·의료 중 '치과'를 판매·제공하는 매장,test,치과,T2 동의어,4bcca7bd-b1f9-471b-88ad-e84c6745214f,다산센트럴치과 교정치과 의원,치과의원,다산역 로데오 상점가,자율상권구역,경기도,,,
f2a821089215f2494168,full_annotation_v1,A,q_치과_02,교정,건강·의료 중 '치과'를 판매·제공하는 매장,test,치과,T2 동의어,7772ad09-8d07-4f64-b76c-2c77ebdac670,메고지고화곡본동점,답례떡 디저트간식,초록마을로 골목형상점가,골목형상점가,서울특별시,,,
054ae934faa5d4b2a35a,full_annotation_v1,A,q_치과_02,교정,건강·의료 중 '치과'를 판매·제공하는 매장,test,치과,T2 동의어,275646ee-9cd2-4d7a-8447-d065f37c7d71,봉선e치과의원,임플란트 등,봉선로1 골목형상점가,골목형상점가,광주광역시,,,
7443fcc9efb211c54361,full_annotation_v1,A,q_치과_02,교정,건강·의료 중 '치과'를 판매·제공하는 매장,test,치과,T2 동의어,5cf20ca2-ab39-45af-bb70-2772d4bb438e,러브미치과,보존보철임플란트교정,두암3동 먹자골목 골목형상점가,골목형상점가,광주광역시,,,
e92d0e32d180a3d7185d,full_annotation_v1,A,q_치과_02,교정,건강·의료 중 '치과'를 판매·제공하는 매장,test,치과,T2 동의어,838dffc5-d5dc-4894-92ea-a48db3e81b8f,치키치키통닭,한식(치킨 등),거창 가조상점가거리,골목형상점가,경상남도,,,
83fe4b211855bd21da90,full_annotation_v1,A,q_치과_02,교정,건강·의료 중 '치과'를 판매·제공하는 매장,test,치과,T2 동의어,e8e68ef7-01a0-4d05-a873-2e77b13ed6cd,해피바른체형원,체형관리 교정기,달서시장,전통시장,대구광역시,,,
95871c5c281796df6c38,full_annotation_v1,A,q_치과_02,교정,건강·의료 중 '치과'를 판매·제공하는 매장,test,치과,T2 동의어,0002538c-b8d9-4911-81c7-966789036b09,빛고을 치과의원,의원,세은 골목형상점가,골목형상점가,광주광역시,,,
92c139c2249e39d239fc,full_annotation_v1,A,q_치과_02,교정,건강·의료 중 '치과'를 판매·제공하는 매장,test,치과,T2 동의어,725126a6-5b92-4a3d-8886-7724ad6a3605,바디온,체형교정,동성타워프라자,전통시장,서울특별시,,,
2d31b84fba9328f58cca,full_annotation_v1,A,q_치과_02,교정,건강·의료 중 '치과'를 판매·제공하는 매장,test,치과,T2 동의어,331fd695-a9e8-4942-a9d8-1504eae5d122,서울방송스피치아카데미학원,,왕십리도선동상점가,자율상권구역,서울특별시,,,
d30ce6053e3f2808750b,full_annotation_v1,A,q_치과_02,교정,건강·의료 중 '치과'를 판매·제공하는 매장,test,치과,T2 동의어,ade66423-a03f-47d6-9455-d89e1b1a8b59,해와달치과의원,임플란트 교정 치과,나주혁신도시 골목형상점가,골목형상점가,전라남도,,,
58a4e9a8e9fb4cc18fea,full_annotation_v1,A,q_치과_02,교정,건강·의료 중 '치과'를 판매·제공하는 매장,test,치과,T2 동의어,6d11cea8-2130-48ef-a0d3-a20ee20fde70,오복어린이치과,구강검진 및 치과진료 교정진료,수영 골목형상점가,골목형상점가,광주광역시,,,
1b14e285ab44c32d4acc,full_annotation_v1,A,q_치과_02,교정,건강·의료 중 '치과'를 판매·제공하는 매장,test,치과,T2 동의어,e59daa55-9d26-41e6-aca3-80a909c344a6,대변건어물,건어물,기장시장,전통시장,부산광역시,,,
fc1dd641f41218fa0e6b,full_annotation_v1,A,q_치과_02,교정,건강·의료 중 '치과'를 판매·제공하는 매장,test,치과,T2 동의어,4c401485-e403-4125-aa27-4dad5cc874a7,예덕힐링원,"체형교정 서비스, 안마기",나주 대호동 골목형상점가,골목형상점가,전라남도,,,
69f5637a642e74863abf,full_annotation_v1,A,q_치과_02,교정,건강·의료 중 '치과'를 판매·제공하는 매장,test,치과,T2 동의어,2ca498c2-a0bd-4a3e-8ba9-a960c280540a,봉선연합치과,"임플란트, 매복사랑니 발치, 보철, 스케일링, 치과진료",대남대로181번길 골목형상점가,골목형상점가,광주광역시,,,
ce61d259a4695a773b47,full_annotation_v1,A,q_치과_02,교정,건강·의료 중 '치과'를 판매·제공하는 매장,test,치과,T2 동의어,0098c5ef-1296-4b66-899d-68dbda7cb659,연세감동치과,치과,새샘하루 골목형상점가,골목형상점가,세종특별자치시,,,
eee45839bfd249da1a1e,full_annotation_v1,A,q_치과_02,교정,건강·의료 중 '치과'를 판매·제공하는 매장,test,치과,T2 동의어,10620bc2-916b-4e49-ab76-c8e662fb7d40,첨단교정,자세교정,임방울대로 골목형상점가,골목형상점가,광주광역시,,,
36a70dc00ba05bb89738,full_annotation_v1,A,q_치과_02,교정,건강·의료 중 '치과'를 판매·제공하는 매장,test,치과,T2 동의어,465bf4b2-dfc8-479c-b28f-5407842c4927,믿음치과,임플란트 틀니 교정 보철치료,신가아름마을,골목형상점가,광주광역시,,,
dbd549e322622a1eb195,full_annotation_v1,A,q_치과_02,교정,건강·의료 중 '치과'를 판매·제공하는 매장,test,치과,T2 동의어,12d70cab-dd08-4a43-ae9a-1b4e9fd06e0e,바루다,체형 자세교정 화장품 피부미용업,봉곡우전로 골목형상점가,골목형상점가,전북특별자치도,,,
e5d669ca0db90a47524b,full_annotation_v1,A,q_치과_03,임플란트,건강·의료 중 '치과'를 판매·제공하는 매장,test,치과,T2 동의어,46969eef-c5c1-4d24-892c-a5c879832bb2,365 산본 플란트 치과,의료,산본로데오거리(구 산본중심상가),자율상권구역,경기도,,,
3d8d40439f8ed1ec0615,full_annotation_v1,A,q_치과_03,임플란트,건강·의료 중 '치과'를 판매·제공하는 매장,test,치과,T2 동의어,0002538c-b8d9-4911-81c7-966789036b09,빛고을 치과의원,의원,세은 골목형상점가,골목형상점가,광주광역시,,,
7626cdb72c8f80a20c4c,full_annotation_v1,A,q_치과_03,임플란트,건강·의료 중 '치과'를 판매·제공하는 매장,test,치과,T2 동의어,0028aa1f-32df-4fa5-b123-9a5cabf791fa,행복한치과의원,치과,산본로데오거리(구 산본중심상가),자율상권구역,경기도,,,
6677d427d6caa3ef3564,full_annotation_v1,A,q_치과_03,임플란트,건강·의료 중 '치과'를 판매·제공하는 매장,test,치과,T2 동의어,10620bc2-916b-4e49-ab76-c8e662fb7d40,첨단교정,자세교정,임방울대로 골목형상점가,골목형상점가,광주광역시,,,
5c32d29a962a4545650a,full_annotation_v1,A,q_치과_03,임플란트,건강·의료 중 '치과'를 판매·제공하는 매장,test,치과,T2 동의어,275646ee-9cd2-4d7a-8447-d065f37c7d71,봉선e치과의원,임플란트 등,봉선로1 골목형상점가,골목형상점가,광주광역시,,,
3943fd3f7a6f775c0306,full_annotation_v1,A,q_치과_03,임플란트,건강·의료 중 '치과'를 판매·제공하는 매장,test,치과,T2 동의어,9c77d5a6-83d3-4247-b2b8-93ce1151b848,탑플란트치과,치과의원,군산수송 골목형상점가,골목형상점가,전북특별자치도,,,
a731948f26dce8f20496,full_annotation_v1,A,q_치과_03,임플란트,건강·의료 중 '치과'를 판매·제공하는 매장,test,치과,T2 동의어,507c364a-05cd-47a5-b19a-720c2f8cc4b0,인서현치과,"일반 치과 진료, 임플란트, 교정, 스케일링, 틀니",별내별가람역상점가,골목형상점가,경기도,,,
8ac7840d4c05eb825828,full_annotation_v1,A,q_치과_03,임플란트,건강·의료 중 '치과'를 판매·제공하는 매장,test,치과,T2 동의어,5e3a5bc2-1933-4efd-9fb9-00b7def6b3e7,동반웰빙,의료기기 휠첼어 보행기 에어매트,동운초 골목형상점가,골목형상점가,광주광역시,,,
ee28ddb74ec39d5a5d06,full_annotation_v1,A,q_치과_03,임플란트,건강·의료 중 '치과'를 판매·제공하는 매장,test,치과,T2 동의어,f6275dd3-2860-4576-8772-5e137f03f242,대복식당,일반음식,충주자유시장,전통시장,충청북도,,,
0cf7be00162e2abc7786,full_annotation_v1,A,q_치과_03,임플란트,건강·의료 중 '치과'를 판매·제공하는 매장,test,치과,T2 동의어,20c4cf39-dc98-4781-8991-6f4d04a52d69,아름드리 치과,치아치료,희담길,골목형상점가,광주광역시,,,
5eb9b93345f0ce0cc857,full_annotation_v1,A,q_치과_03,임플란트,건강·의료 중 '치과'를 판매·제공하는 매장,test,치과,T2 동의어,000d633c-e5d5-4ab7-afea-88785b1eda92,e클린치과의원,치과,상암마을상인회 골목형상점가,골목형상점가,광주광역시,,,
409528c4ac1bd6d6392c,full_annotation_v1,A,q_치과_03,임플란트,건강·의료 중 '치과'를 판매·제공하는 매장,test,치과,T2 동의어,c0f06bb1-87a2-4fb5-98b1-44a1d11c08e9,옷핀,의류,서문대로 골목형상점가,골목형상점가,광주광역시,,,
62ffaa8e03b6572299b9,full_annotation_v1,A,q_치과_03,임플란트,건강·의료 중 '치과'를 판매·제공하는 매장,test,치과,T2 동의어,640042a2-11e1-4feb-83b9-ee0316be0202,올봄플란트 치과,치과의료,병점중심상가,자율상권구역,경기도,,,
07d3c6ebf7c73e664d54,full_annotation_v1,A,q_치과_03,임플란트,건강·의료 중 '치과'를 판매·제공하는 매장,test,치과,T2 동의어,ff3dbb55-d2e2-4985-9f4f-2f54a2c000e8,뉴욕플란트 치과,치과,남양주장현전통시장,전통시장,경기도,,,
d5f4ba1c496a61904bfc,full_annotation_v1,A,q_치과_03,임플란트,건강·의료 중 '치과'를 판매·제공하는 매장,test,치과,T2 동의어,45e37586-1720-4036-ade2-4d9b4b297ca7,피자마루 우정점,피자,우정선경상가,골목형상점가,울산광역시,,,
1211163d610f06622fc9,full_annotation_v1,A,q_치과_03,임플란트,건강·의료 중 '치과'를 판매·제공하는 매장,test,치과,T2 동의어,04f73ae1-5ba3-4b7a-9168-f300168979df,연세해맑은치과,치과교정과 진료,둔산2동 골목형상점가,골목형상점가,대전광역시,,,
346631d00c175797fedd,full_annotation_v1,A,q_치과_03,임플란트,건강·의료 중 '치과'를 판매·제공하는 매장,test,치과,T2 동의어,54888ec5-16f4-48cb-acfe-609c467b98ef,대원플란트치과,치과,장성읍 골목형상점가,골목형상점가,전라남도,,,
b02a0b9c8cce01684005,full_annotation_v1,A,q_치과_03,임플란트,건강·의료 중 '치과'를 판매·제공하는 매장,test,치과,T2 동의어,f266262a-d062-4707-9b13-20d94484e399,탑플란트치과 의원,치과,본치평상인회 골목형상점가,골목형상점가,광주광역시,,,
7b9084a85225d671ece8,full_annotation_v1,A,q_치과_03,임플란트,건강·의료 중 '치과'를 판매·제공하는 매장,test,치과,T2 동의어,138d6908-26b4-4edb-bf04-ec26aec2c7d5,심플란트치과,치과의원,시화유통상가,전통시장,경기도,,,
28b0ef6368b747585b57,full_annotation_v1,A,q_치과_03,임플란트,건강·의료 중 '치과'를 판매·제공하는 매장,test,치과,T2 동의어,d00ab911-1e29-46a9-b0e9-ae6bf67321e5,수플란트 치과,치과 의료,송촌동상점가,자율상권구역,대전광역시,,,
9b83482ebd6094691661,full_annotation_v1,A,q_치과_03,임플란트,건강·의료 중 '치과'를 판매·제공하는 매장,test,치과,T2 동의어,319f3869-7816-4a48-ae77-9fe8171db5d1,크로스핏 일곡,크로스핏,일곡동 골목형상점가,골목형상점가,광주광역시,,,
dc0e7e90f39913b89f60,full_annotation_v1,A,q_치과_03,임플란트,건강·의료 중 '치과'를 판매·제공하는 매장,test,치과,T2 동의어,48f79eb3-0dbf-4d71-9e52-2f1a568028ad,행복 미용실,미용,유성시장 골목형상점가,골목형상점가,대전광역시,,,
d557cb826e10314c36a7,full_annotation_v1,A,q_치과_03,임플란트,건강·의료 중 '치과'를 판매·제공하는 매장,test,치과,T2 동의어,8ab9290e-3fac-4bfa-a1f9-a03dbcf78fd8,정읍종로치과,임플란트,정읍연지상점가,자율상권구역,전북특별자치도,,,
e9dc033a51e31d4e4c8c,full_annotation_v1,A,q_치과_03,임플란트,건강·의료 중 '치과'를 판매·제공하는 매장,test,치과,T2 동의어,1fcc8aa4-70db-47bd-856a-67eed160aaa4,미래플란트치과,치과,산본로데오거리(구 산본중심상가),자율상권구역,경기도,,,
866273cfad77f43e863f,full_annotation_v1,A,q_치과_03,임플란트,건강·의료 중 '치과'를 판매·제공하는 매장,test,치과,T2 동의어,1013504c-b2d6-4091-8cc1-15eecee0aeff,그래비티코어,운동재활 체형교정,유천택지올림픽길골목형상점가,골목형상점가,강원특별자치도,,,
addd95f2a162b54e6804,full_annotation_v1,A,q_치과_03,임플란트,건강·의료 중 '치과'를 판매·제공하는 매장,test,치과,T2 동의어,09fa8ef3-9d94-42b9-8c74-d09a8e6f1428,송도이턱플란트치과,치과,송도 타임스페이스 골목형상점가,골목형상점가,인천광역시,,,
7bd1eba748f76fa4f272,full_annotation_v1,A,q_치과_03,임플란트,건강·의료 중 '치과'를 판매·제공하는 매장,test,치과,T2 동의어,86ddd3a6-557a-49f9-8ea2-0f520c55b844,총각네고깃간,,일곡동(제1지역:자연마을 일동초 거리) 골목형상점가,골목형상점가,,,,
57f053d1ef2d1008da93,full_annotation_v1,A,q_치과_03,임플란트,건강·의료 중 '치과'를 판매·제공하는 매장,test,치과,T2 동의어,0098c5ef-1296-4b66-899d-68dbda7cb659,연세감동치과,치과,새샘하루 골목형상점가,골목형상점가,세종특별자치시,,,
b283b1873cc2547e1653,full_annotation_v1,A,q_치과_03,임플란트,건강·의료 중 '치과'를 판매·제공하는 매장,test,치과,T2 동의어,6e2859a7-efe5-43a9-a47e-310b6d5b9387,세종플란트치과,의료,나성동 소방청 골목형상점가,골목형상점가,세종특별자치시,,,
3bf324357ae31a1d340b,full_annotation_v1,A,q_치과_03,임플란트,건강·의료 중 '치과'를 판매·제공하는 매장,test,치과,T2 동의어,e9b23797-dc40-4bda-8954-c9fb7ed8bd3c,정담플란트 치과의원,치과진료,나주혁신도시 골목형상점가,골목형상점가,전라남도,,,
f6dedf88c54245f2f88e,full_annotation_v1,A,q_치과_03,임플란트,건강·의료 중 '치과'를 판매·제공하는 매장,test,치과,T2 동의어,8a0f14e2-7b66-44e0-a3fe-7518768356fa,두리왕만두,반찬분식,동두천중앙시장,전통시장,경기도,,,
a5b110744ef827418739,full_annotation_v1,A,q_치과_03,임플란트,건강·의료 중 '치과'를 판매·제공하는 매장,test,치과,T2 동의어,380daef5-8765-43ad-b3a4-1b3706479af6,달란트,의류,마산 대동씨코아상가시장,전통시장,경상남도,,,
625ad538030e1f5bb26d,full_annotation_v1,A,q_치과_03,임플란트,건강·의료 중 '치과'를 판매·제공하는 매장,test,치과,T2 동의어,d02e6845-64a6-40d2-aa31-67582c27cf0a,레지나(REGINA),미용실,일곡동 골목형상점가,골목형상점가,광주광역시,,,
3753a91999ad5234dab8,full_annotation_v1,A,q_치과_03,임플란트,건강·의료 중 '치과'를 판매·제공하는 매장,test,치과,T2 동의어,2191178d-6946-45f7-9663-a7c371a6e9ff,이지플란트 치과,치과의원,동천동먹자골목2번가상인회 골목형상점가,골목형상점가,광주광역시,,,
1a83f77a3c14d0b3062a,full_annotation_v1,A,q_치과_03,임플란트,건강·의료 중 '치과'를 판매·제공하는 매장,test,치과,T2 동의어,e3df56e7-f783-47c9-9895-9f2059d66b1a,명문플란트치과의원,치과,남평 강변도시 골목형상점가,골목형상점가,전라남도,,,
5a92f4969ec6d81d94c4,full_annotation_v1,A,q_치과_03,임플란트,건강·의료 중 '치과'를 판매·제공하는 매장,test,치과,T2 동의어,f432ed5a-6100-40fb-844d-88b51d7bf8af,이디야커피 가평설악중앙점,커피,설악눈메골시장,전통시장,경기도,,,
ab0a1d3cc735904eebcf,full_annotation_v1,A,q_치과_03,임플란트,건강·의료 중 '치과'를 판매·제공하는 매장,test,치과,T2 동의어,6274c561-39a7-49d7-803f-9f498d069559,퍼스트플란트치과,차과,황계 골목형상점가,골목형상점가,광주광역시,,,
02c3feaec7b2fa82abd0,full_annotation_v1,A,q_치과_03,임플란트,건강·의료 중 '치과'를 판매·제공하는 매장,test,치과,T2 동의어,4cbe94f8-8eef-4a1d-86d3-3e6c28087eab,단단플란트치과의원,치과용품,남현동예술인마을골목형상점가,골목형상점가,서울특별시,,,
cf106e4663b241d807b2,full_annotation_v1,A,q_치과_03,임플란트,건강·의료 중 '치과'를 판매·제공하는 매장,test,치과,T2 동의어,90840411-e08f-470b-95f2-9283893b1710,인천감동플란트치과,치과의원,인천모래내전통시장,전통시장,인천광역시,,,
fe630919eb9f674f16d3,full_annotation_v1,A,q_치과_03,임플란트,건강·의료 중 '치과'를 판매·제공하는 매장,test,치과,T2 동의어,3de6b61a-060a-4eeb-a6f5-2b73bf2317af,다은치과의원,"크라운, 임플란트 등",문화1동 골목형상점가,골목형상점가,대전광역시,,,
7f8ee72d6b3dc3143876,full_annotation_v1,A,q_치과_03,임플란트,건강·의료 중 '치과'를 판매·제공하는 매장,test,치과,T2 동의어,ade66423-a03f-47d6-9455-d89e1b1a8b59,해와달치과의원,임플란트 교정 치과,나주혁신도시 골목형상점가,골목형상점가,전라남도,,,
5c4a3058d87f788c3ebe,full_annotation_v1,A,q_치과_03,임플란트,건강·의료 중 '치과'를 판매·제공하는 매장,test,치과,T2 동의어,e363f048-3fda-4018-ab0c-24033d1247fe,권플란트치과,치과의원,풍암벚꽃길상인회 골목형상점가,골목형상점가,광주광역시,,,
64bf033f2aa4070e47aa,full_annotation_v1,A,q_치과_03,임플란트,건강·의료 중 '치과'를 판매·제공하는 매장,test,치과,T2 동의어,35b292b7-41a1-4298-9684-62ee61bdfee4,아삭플란트치과,치과,상무평화상인회 골목형상점가,골목형상점가,광주광역시,,,
b6b18656e6002b222eb2,full_annotation_v1,A,q_치과_03,임플란트,건강·의료 중 '치과'를 판매·제공하는 매장,test,치과,T2 동의어,2ca498c2-a0bd-4a3e-8ba9-a960c280540a,봉선연합치과,"임플란트, 매복사랑니 발치, 보철, 스케일링, 치과진료",대남대로181번길 골목형상점가,골목형상점가,광주광역시,,,
aee7bb181ba0dad5b6fa,full_annotation_v1,A,q_치과_03,임플란트,건강·의료 중 '치과'를 판매·제공하는 매장,test,치과,T2 동의어,013192a9-d34f-4b2a-99f4-e33a2cbf1e72,서울굿모닝치과의원,치과,종촌동골목형상점가,골목형상점가,세종특별자치시,,,
8fbb9de03d1534f021e4,full_annotation_v1,A,q_치과_03,임플란트,건강·의료 중 '치과'를 판매·제공하는 매장,test,치과,T2 동의어,9570103a-a477-40d1-a7dd-fb02564bbeee,인플란트치과의원,의료,성덕중사거리,골목형상점가,광주광역시,,,
7b867632d6d2c739e6de,full_annotation_v1,A,q_치과_03,임플란트,건강·의료 중 '치과'를 판매·제공하는 매장,test,치과,T2 동의어,62158da3-7aea-4d5a-8c3c-4fbeccb5ef6d,방아소리,떡,용문천년시장,전통시장,경기도,,,
3ed0ac7b4f457a4597ec,full_annotation_v1,A,q_치과_03,임플란트,건강·의료 중 '치과'를 판매·제공하는 매장,test,치과,T2 동의어,3b58df7e-3112-4c9d-97a4-b29468f9f9ad,완플란트치과의원,치과,치평상무역상인회 골목형상점가,골목형상점가,광주광역시,,,
e485f014626382ed2596,full_annotation_v1,A,q_치과_03,임플란트,건강·의료 중 '치과'를 판매·제공하는 매장,test,치과,T2 동의어,03f4ec7f-78d2-4184-8295-c29af668d98d,모세대리점(알즈너),발교정구,양양로 골목형상점가,골목형상점가,강원특별자치도,,,
46987f81c46b805edbf1,full_annotation_v1,A,q_치과_03,임플란트,건강·의료 중 '치과'를 판매·제공하는 매장,test,치과,T2 동의어,331fd695-a9e8-4942-a9d8-1504eae5d122,서울방송스피치아카데미학원,,왕십리도선동상점가,자율상권구역,서울특별시,,,
934a3fe2617e9ef0ce95,full_annotation_v1,A,q_치과_03,임플란트,건강·의료 중 '치과'를 판매·제공하는 매장,test,치과,T2 동의어,465bf4b2-dfc8-479c-b28f-5407842c4927,믿음치과,임플란트 틀니 교정 보철치료,신가아름마을,골목형상점가,광주광역시,,,
bcdbe0f0713519881dcb,full_annotation_v1,A,q_치과_03,임플란트,건강·의료 중 '치과'를 판매·제공하는 매장,test,치과,T2 동의어,d7cf9429-2cab-4bdb-8537-a5ec6d89c38c,올마운틴,등산용품,마산 오동동상인연합상가,자율상권구역,경상남도,,,
a9fc0d0351b8786d1cec,full_annotation_v1,A,q_치과_03,임플란트,건강·의료 중 '치과'를 판매·제공하는 매장,test,치과,T2 동의어,0ff8675c-e9fe-4b29-ad4c-5eb6fe90a350,서울온빛치과의원,치아진료서비스,목동깨비시장(구 목3동시장),전통시장,서울특별시,,,
b6f11e9f24a058d3a82f,full_annotation_v1,A,q_치과_03,임플란트,건강·의료 중 '치과'를 판매·제공하는 매장,test,치과,T2 동의어,ed279a76-d55c-4f3d-8658-d9231c0f8772,함께웃는치과의원,임플란트,염주B상인회 골목형상점가,골목형상점가,광주광역시,,,
8d59cd9bd40de1310609,full_annotation_v1,A,q_치과_03,임플란트,건강·의료 중 '치과'를 판매·제공하는 매장,test,치과,T2 동의어,093ecc4f-688c-4e6a-b9f3-f8d8c3db878e,라라금밥,분식,신용동 골목형상점가,골목형상점가,광주광역시,,,
5b022209f2007cd74f11,full_annotation_v1,A,q_치과_03,임플란트,건강·의료 중 '치과'를 판매·제공하는 매장,test,치과,T2 동의어,e64f73e4-5986-45e3-8706-3a77427c8b52,감성플란트치과,의료,임동 골목형상점가,골목형상점가,광주광역시,,,
92e753adaa4ca90a8a01,full_annotation_v1,A,q_치과_03,임플란트,건강·의료 중 '치과'를 판매·제공하는 매장,test,치과,T2 동의어,5c265e5e-e1a4-4169-8608-026b16e392df,진플란트치과의원,의료,청당2번가 골목형상점가,골목형상점가,충청남도,,,
d140e795fd9f513419eb,full_annotation_v1,A,q_치과_03,임플란트,건강·의료 중 '치과'를 판매·제공하는 매장,test,치과,T2 동의어,a4e04e15-e180-45bd-b432-b2308ba16e9b,양플란트치과의원,치과,구성언남 골목형상점가,골목형상점가,경기도,,,
cae6ffb740cbaff86b07,full_annotation_v1,A,q_치과_03,임플란트,건강·의료 중 '치과'를 판매·제공하는 매장,test,치과,T2 동의어,5cf20ca2-ab39-45af-bb70-2772d4bb438e,러브미치과,보존보철임플란트교정,두암3동 먹자골목 골목형상점가,골목형상점가,광주광역시,,,
859582bee68e57489147,full_annotation_v1,A,q_치과_03,임플란트,건강·의료 중 '치과'를 판매·제공하는 매장,test,치과,T2 동의어,1e5348e1-295e-4f7d-b73a-2dd2f14c1654,연세늘봄치과의원,임플란트,목동깨비시장(구 목3동시장),전통시장,서울특별시,,,
ba22b219c8d083e99cee,full_annotation_v1,A,q_치과_03,임플란트,건강·의료 중 '치과'를 판매·제공하는 매장,test,치과,T2 동의어,ba924bbe-9088-49de-990a-7338423041de,베스트필치과,스케일링 충치치료 보철치료 신경치료 잇몸치료 사랑니발치 임플란트,서문대로704번길 골목형상점가,골목형상점가,광주광역시,,,
790a2cf5264f8317fd4a,full_annotation_v1,A,q_치과_03,임플란트,건강·의료 중 '치과'를 판매·제공하는 매장,test,치과,T2 동의어,391ef1d9-0ec7-4b5d-b714-9666ad3043c3,이치과의원,치아,창원 가음정시장,전통시장,경상남도,,,
6f7f66baa5b73a71207b,full_annotation_v1,A,q_치과_03,임플란트,건강·의료 중 '치과'를 판매·제공하는 매장,test,치과,T2 동의어,feb17c92-5e1c-4f55-baa7-854fb00d584e,보람커텐종합상사,,봉선로19번길 골목형상점가,골목형상점가,,,,
40b342b0ab1cea697fbd,full_annotation_v1,A,q_치과_03,임플란트,건강·의료 중 '치과'를 판매·제공하는 매장,test,치과,T2 동의어,0a1a14d8-f92a-433d-bb79-64d059dc39ae,아파유,체형교정 및 교육,해밀동 골목형상점가,골목형상점가,세종특별자치시,,,
d53754c8d107a3806337,full_annotation_v1,A,q_치과_03,임플란트,건강·의료 중 '치과'를 판매·제공하는 매장,test,치과,T2 동의어,ae3c8315-dfbe-4f3e-b80d-e3959eda1d5f,정성플란트치과,치과의원,원미종합시장,전통시장,경기도,,,
3fdbae151077b20b0088,full_annotation_v1,A,q_치과_03,임플란트,건강·의료 중 '치과'를 판매·제공하는 매장,test,치과,T2 동의어,818dd3d2-835a-4764-8894-75fb42e80186,휴플란트치과의원,치과,계림2동발전 골목형상점가,골목형상점가,광주광역시,,,
37db252368c57b7965f4,full_annotation_v1,A,q_치과_03,임플란트,건강·의료 중 '치과'를 판매·제공하는 매장,test,치과,T2 동의어,135607e4-b86f-4ee3-8ac8-d8e69133c49a,가지런e류교정치과,치과진료 치아 교정치료,말바우시장,전통시장,광주광역시,,,
edb840e79425d8d80fb3,full_annotation_v1,A,q_치과_03,임플란트,건강·의료 중 '치과'를 판매·제공하는 매장,test,치과,T2 동의어,ca1ef3b9-a67b-47dd-a3a3-bac8e793df82,뮤지큐 음악학원,음악교육,시청앞 골목형상점가,골목형상점가,충청남도,,,
41040c0ba8a936275901,full_annotation_v1,A,q_치과_03,임플란트,건강·의료 중 '치과'를 판매·제공하는 매장,test,치과,T2 동의어,00fdab59-58f8-4c63-8765-30cb59a78156,도안프라임치과의원,치과진료,목원대 골목형상점가,골목형상점가,대전광역시,,,
3c617709d5d82d6e249c,full_annotation_v1,A,q_치과_03,임플란트,건강·의료 중 '치과'를 판매·제공하는 매장,test,치과,T2 동의어,a67510dc-afdb-4369-8c41-3d53f986f882,배터진 뚱돼지 천안본점,고기,두정동상점가,자율상권구역,충청남도,,,
27d15cece4da410234d6,full_annotation_v1,A,q_치과_03,임플란트,건강·의료 중 '치과'를 판매·제공하는 매장,test,치과,T2 동의어,61d63525-f635-49e3-9157-cfc37f0bf97e,임플러스치과,치과의원,노대물빛근린공원 골목형상점가,골목형상점가,광주광역시,,,
29626be9de1f01b83c1a,full_annotation_v1,A,q_치과_03,임플란트,건강·의료 중 '치과'를 판매·제공하는 매장,test,치과,T2 동의어,1ce0cff3-7771-42df-b3b9-405d44e72ad0,지플란트 치과의원,치과,우산무역 골목형상점가,골목형상점가,광주광역시,,,
1468e66b0ca923d59e47,full_annotation_v1,A,q_치과_04,치과의원,건강·의료 중 '치과'를 판매·제공하는 매장,test,치과,T2 동의어,b4a4310c-31f7-4ed0-89d8-e6e20976173f,서울미치과,치과의원,수유프라자,전통시장,서울특별시,,,
9683b40c7c518d560d3a,full_annotation_v1,A,q_치과_04,치과의원,건강·의료 중 '치과'를 판매·제공하는 매장,test,치과,T2 동의어,820ff985-d16c-4731-9216-60c3ac1d07ea,첨단퍼스트치과의원,치과의원,LC타워거리 골목형상점가,골목형상점가,광주광역시,,,
ed6d80699974e18cc4b6,full_annotation_v1,A,q_치과_04,치과의원,건강·의료 중 '치과'를 판매·제공하는 매장,test,치과,T2 동의어,4d0965e8-95b8-4aa3-989f-378a37f66c75,에르메스,의류,동산상가,전통시장,대구광역시,,,
23501e0da9e91d04add5,full_annotation_v1,A,q_치과_04,치과의원,건강·의료 중 '치과'를 판매·제공하는 매장,test,치과,T2 동의어,b7e27303-3dea-444f-8096-81ad29e781a9,예쁜얼굴하가치과의원,치과의원,하가지구 골목형상점가,골목형상점가,전북특별자치도,,,
6b75bfaf07088bde00d0,full_annotation_v1,A,q_치과_04,치과의원,건강·의료 중 '치과'를 판매·제공하는 매장,test,치과,T2 동의어,28ffdc86-ff99-40b1-8b77-d738f722289e,아이조아 치과의원,치과의원,혁신도시5구역골목형상점가,골목형상점가,강원특별자치도,,,
302a8462d1a543d6d07f,full_annotation_v1,A,q_치과_04,치과의원,건강·의료 중 '치과'를 판매·제공하는 매장,test,치과,T2 동의어,3de6b61a-060a-4eeb-a6f5-2b73bf2317af,다은치과의원,"크라운, 임플란트 등",문화1동 골목형상점가,골목형상점가,대전광역시,,,
902c6541cc941b6d9ff4,full_annotation_v1,A,q_치과_04,치과의원,건강·의료 중 '치과'를 판매·제공하는 매장,test,치과,T2 동의어,87ec1fe1-c329-43ad-bd36-ad2b1ae6b95c,이야기 치과의원,치과의원,포수말 골목형상점가,골목형상점가,서울특별시,,,
6e002d96923f4574ea8b,full_annotation_v1,A,q_치과_04,치과의원,건강·의료 중 '치과'를 판매·제공하는 매장,test,치과,T2 동의어,7162b252-36f5-479f-bb93-1a01594d1d0b,민치과의원,치과의원,방림로 골목형상점가,골목형상점가,광주광역시,,,
0556bf88be25a0229d56,full_annotation_v1,A,q_치과_04,치과의원,건강·의료 중 '치과'를 판매·제공하는 매장,test,치과,T2 동의어,2859fb76-4f78-433f-8626-66508e81d4e0,최웅재치과의원,치과의원,창원 가음정시장,전통시장,경상남도,,,
cae172a0f55311a142f9,full_annotation_v1,A,q_치과_04,치과의원,건강·의료 중 '치과'를 판매·제공하는 매장,test,치과,T2 동의어,0fd73263-8a56-4c69-ad5f-7712bae6a59d,신도날드,신발,청계6가 지하쇼핑센터,일반지하상점가,서울특별시,,,
096d2e8b5d199c2b4d86,full_annotation_v1,A,q_치과_04,치과의원,건강·의료 중 '치과'를 판매·제공하는 매장,test,치과,T2 동의어,cda66874-0666-4b2d-b327-d6ac7e9ab022,스페셜치과,치과의원,수완사랑 골목형상점가,골목형상점가,광주광역시,,,
dbac89402402c18e793a,full_annotation_v1,A,q_치과_04,치과의원,건강·의료 중 '치과'를 판매·제공하는 매장,test,치과,T2 동의어,2bbdecbd-ebbc-49ac-97ab-86d5bc9ea6ec,청십자치과의원,치과의원,효자천변1길 골목형상점가,골목형상점가,전북특별자치도,,,
208e197a1279b8564207,full_annotation_v1,A,q_치과_04,치과의원,건강·의료 중 '치과'를 판매·제공하는 매장,test,치과,T2 동의어,c35038d5-47b9-42aa-bee0-339fd883fab9,뉴욕 아름다운 치과의원,치과의원,영풍리젠시 골목형상점가,골목형상점가,부산광역시,,,
a4928cb152afd4205022,full_annotation_v1,A,q_치과_04,치과의원,건강·의료 중 '치과'를 판매·제공하는 매장,test,치과,T2 동의어,9d8c26b0-3795-4c2c-a79e-2a65ef5982db,밝은치과의원,치과의원,광복마을5길 골목형상점가,골목형상점가,광주광역시,,,
475e5bab3c98637c1de6,full_annotation_v1,A,q_치과_04,치과의원,건강·의료 중 '치과'를 판매·제공하는 매장,test,치과,T2 동의어,6ed6f045-b53d-4f2a-9a4a-9f88b07236d8,영도수산,,원주중앙시장활성화구역,상권활성화구역,강원특별자치도,,,
2871b60f468485e2df5a,full_annotation_v1,A,q_치과_04,치과의원,건강·의료 중 '치과'를 판매·제공하는 매장,test,치과,T2 동의어,4382b928-42e9-4bfa-ad3e-1ce59227480a,나눔치과의원,치과의원,전남대 상대 골목형상점가,골목형상점가,광주광역시,,,
2ac28ebb60d623d19d05,full_annotation_v1,A,q_치과_04,치과의원,건강·의료 중 '치과'를 판매·제공하는 매장,test,치과,T2 동의어,00fdab59-58f8-4c63-8765-30cb59a78156,도안프라임치과의원,치과진료,목원대 골목형상점가,골목형상점가,대전광역시,,,
7c039e43508685f8f54b,full_annotation_v1,A,q_치과_04,치과의원,건강·의료 중 '치과'를 판매·제공하는 매장,test,치과,T2 동의어,78915090-ea6e-47e7-b676-4736d0c211e3,아름다운치과의원,치과의원,안양아크로상가골목형상점가,골목형상점가,경기도,,,
5feb54ed2174915966a9,full_annotation_v1,A,q_치과_04,치과의원,건강·의료 중 '치과'를 판매·제공하는 매장,test,치과,T2 동의어,e4fdea19-6707-4289-8ced-429eef607104,정건치과의원,치과의원,장천동상가,자율상권구역,전라남도,,,
11a56d34da75cd8b04f2,full_annotation_v1,A,q_치과_04,치과의원,건강·의료 중 '치과'를 판매·제공하는 매장,test,치과,T2 동의어,38b1b837-c89b-47cf-8487-a12d508d0509,서울수치과의원,치과의원,송림골 골목형상점가,골목형상점가,인천광역시,,,
f1477d249f95bc5b9375,full_annotation_v1,A,q_치과_04,치과의원,건강·의료 중 '치과'를 판매·제공하는 매장,test,치과,T2 동의어,ec9a7180-e55f-43f7-91c9-316e7984315b,클리브랜드 치과교정과 치과의원,치과의원,금화상인회 골목형상점가,골목형상점가,광주광역시,,,
793816fe4488ce8e074d,full_annotation_v1,A,q_치과_04,치과의원,건강·의료 중 '치과'를 판매·제공하는 매장,test,치과,T2 동의어,67577cdc-5b55-40d6-a959-595beec54203,즐거운치과,치과의원,빛가람 호수로 골목형상점가,골목형상점가,전라남도,,,
f15926a6b039af3dcbf7,full_annotation_v1,A,q_치과_04,치과의원,건강·의료 중 '치과'를 판매·제공하는 매장,test,치과,T2 동의어,5956e3f2-d4d7-4421-ac8b-185825f5924e,풍가떡집,떡,남부골목시장,전통시장,서울특별시,,,
7e2c31ef4c1b97fa1c03,full_annotation_v1,A,q_치과_04,치과의원,건강·의료 중 '치과'를 판매·제공하는 매장,test,치과,T2 동의어,ca119538-b68d-4d51-a4ca-99a33bb58cfd,함지박,한식,금구리 골목형상점가,골목형상점가,전북특별자치도,,,
8c17514a3166b108207d,full_annotation_v1,A,q_치과_04,치과의원,건강·의료 중 '치과'를 판매·제공하는 매장,test,치과,T2 동의어,77b3e600-3486-4e00-abf8-416674e96bad,한림홍치과,치과의원,터미널사거리 골목형상점가,골목형상점가,충청남도,,,
31f9d6f04da9a1ef6666,full_annotation_v1,A,q_치과_04,치과의원,건강·의료 중 '치과'를 판매·제공하는 매장,test,치과,T2 동의어,ccc2129c-a4cc-4202-a048-37bd4d852940,최철민치과,치과의원,남천골목시장 골목형상점가,골목형상점가,부산광역시,,,
d2d843e99a2072723617,full_annotation_v1,A,q_치과_04,치과의원,건강·의료 중 '치과'를 판매·제공하는 매장,test,치과,T2 동의어,2ca498c2-a0bd-4a3e-8ba9-a960c280540a,봉선연합치과,"임플란트, 매복사랑니 발치, 보철, 스케일링, 치과진료",대남대로181번길 골목형상점가,골목형상점가,광주광역시,,,
f8504c2dcd9e118bddd5,full_annotation_v1,A,q_치과_04,치과의원,건강·의료 중 '치과'를 판매·제공하는 매장,test,치과,T2 동의어,8c5a1bc7-aeda-4e1a-9644-28da5d05a384,아이엠치과의원,치과의원,문흥2동 골목형상점가,골목형상점가,광주광역시,,,
7549a123a5a5346a084b,full_annotation_v1,A,q_치과_04,치과의원,건강·의료 중 '치과'를 판매·제공하는 매장,test,치과,T2 동의어,a3fa6a80-98de-4644-8b1c-8e454df454be,뉴드림치과의원,치과의원,신용동 골목형상점가,골목형상점가,광주광역시,,,
ce12f16e06f2f3d3a1e1,full_annotation_v1,A,q_치과_04,치과의원,건강·의료 중 '치과'를 판매·제공하는 매장,test,치과,T2 동의어,39b0aecb-6a6c-4f0d-a05b-4aad64d5d369,오늘도 감자탕,한식,동진맨션 골목형상점가,골목형상점가,광주광역시,,,
8e44d80994a1b34bf5b6,full_annotation_v1,A,q_치과_04,치과의원,건강·의료 중 '치과'를 판매·제공하는 매장,test,치과,T2 동의어,3d08ffb4-7687-489e-a63f-d2912926ae80,리건 치과의원,치과의원,불당1번가골목형상점가,골목형상점가,충청남도,,,
8da95d201bd2cb8c8c6f,full_annotation_v1,A,q_치과_04,치과의원,건강·의료 중 '치과'를 판매·제공하는 매장,test,치과,T2 동의어,0bd9cc7c-daad-4027-8d9e-dda8eda298bb,안아파치과의원,치과의원,사자탑 골목형상점가,골목형상점가,전북특별자치도,,,
99e87672a1cf1d5c8941,full_annotation_v1,A,q_치과_04,치과의원,건강·의료 중 '치과'를 판매·제공하는 매장,test,치과,T2 동의어,90840411-e08f-470b-95f2-9283893b1710,인천감동플란트치과,치과의원,인천모래내전통시장,전통시장,인천광역시,,,
c966edf11f572bcb1710,full_annotation_v1,A,q_치과_04,치과의원,건강·의료 중 '치과'를 판매·제공하는 매장,test,치과,T2 동의어,040d5848-9f9a-4a26-af71-2be8faace0e4,신창치과의원,치과의원,신창부영 골목형상점가,골목형상점가,광주광역시,,,
1b63f7a7575aebe0590d,full_annotation_v1,A,q_치과_04,치과의원,건강·의료 중 '치과'를 판매·제공하는 매장,test,치과,T2 동의어,fa95916c-6646-41ff-b1b5-78e891e97573,파주스마트치과의원,치과의원,금촌문화로시장,전통시장,경기도,,,
1b555b5172cdce1a230d,full_annotation_v1,A,q_치과_04,치과의원,건강·의료 중 '치과'를 판매·제공하는 매장,test,치과,T2 동의어,2770ad1a-6f8b-43f8-8134-1ccbf4bf18cf,죽전예치과의원,치과의원,BOCA 보카상점가,골목형상점가,경기도,,,
6624ef48516cadcac391,full_annotation_v1,A,q_치과_04,치과의원,건강·의료 중 '치과'를 판매·제공하는 매장,test,치과,T2 동의어,da6cd7c3-ac87-44f5-a413-fdba84fe236e,연세한치과,치과의원,창동신창시장,전통시장,서울특별시,,,
320f504c7b89959a036f,full_annotation_v1,A,q_치과_04,치과의원,건강·의료 중 '치과'를 판매·제공하는 매장,test,치과,T2 동의어,25103c22-0fc8-45af-bcab-b855af228dc0,미소더함 치과교정과 치과의원,치과의원,산성로 상권활성화구역,상권활성화구역,경기도,,,
bbeb26be756bf60a4563,full_annotation_v1,A,q_치과_04,치과의원,건강·의료 중 '치과'를 판매·제공하는 매장,test,치과,T2 동의어,20c4cf39-dc98-4781-8991-6f4d04a52d69,아름드리 치과,치아치료,희담길,골목형상점가,광주광역시,,,
90f4d382669c3ed3c9e3,full_annotation_v1,A,q_치과_04,치과의원,건강·의료 중 '치과'를 판매·제공하는 매장,test,치과,T2 동의어,0028aa1f-32df-4fa5-b123-9a5cabf791fa,행복한치과의원,치과,산본로데오거리(구 산본중심상가),자율상권구역,경기도,,,
261ae509a687c1accad7,full_annotation_v1,A,q_치과_04,치과의원,건강·의료 중 '치과'를 판매·제공하는 매장,test,치과,T2 동의어,3e2af6ec-f3f1-470a-bc1e-680c689aca4a,두치과의원,치과의원,종촌동골목형상점가,골목형상점가,세종특별자치시,,,
8b427019d02bc7b6ce6b,full_annotation_v1,A,q_치과_04,치과의원,건강·의료 중 '치과'를 판매·제공하는 매장,test,치과,T2 동의어,ebf93bad-2cc7-4038-84be-60cbaf2eed1c,소문난닭집,축산물,백년시장(구 강북종합전통시장),전통시장,서울특별시,,,
146e38519d647c0bd0bf,full_annotation_v1,A,q_치과_04,치과의원,건강·의료 중 '치과'를 판매·제공하는 매장,test,치과,T2 동의어,0a1a14d8-f92a-433d-bb79-64d059dc39ae,아파유,체형교정 및 교육,해밀동 골목형상점가,골목형상점가,세종특별자치시,,,
2d9d496afbea4ac315f6,full_annotation_v1,A,q_치과_04,치과의원,건강·의료 중 '치과'를 판매·제공하는 매장,test,치과,T2 동의어,9fe7427d-42d8-4ad3-b82d-2a882a3ff6a4,주식회사 물결,빵 커피,동성로 상권활성화구역,상권활성화구역,대구광역시,,,
2e628b051c0bde6ce5ba,full_annotation_v1,A,q_치과_04,치과의원,건강·의료 중 '치과'를 판매·제공하는 매장,test,치과,T2 동의어,1e5348e1-295e-4f7d-b73a-2dd2f14c1654,연세늘봄치과의원,임플란트,목동깨비시장(구 목3동시장),전통시장,서울특별시,,,
c121f5b927529fc25947,full_annotation_v1,A,q_치과_04,치과의원,건강·의료 중 '치과'를 판매·제공하는 매장,test,치과,T2 동의어,b3cf2d35-0634-4bc2-9c04-741542949f82,이사랑치과의원,치과의원,효천2지구 골목형상점가,골목형상점가,광주광역시,,,
266c71d47004efeab757,full_annotation_v1,A,q_치과_04,치과의원,건강·의료 중 '치과'를 판매·제공하는 매장,test,치과,T2 동의어,f7652bca-96e7-45fa-8a88-c35650efd216,희망치과의원,치과의원,더불어용두 골목형상점가,골목형상점가,광주광역시,,,
51e22e717e5d9f7c99eb,full_annotation_v1,A,q_치과_04,치과의원,건강·의료 중 '치과'를 판매·제공하는 매장,test,치과,T2 동의어,a4eadc01-9551-4d95-b793-75faac7478b0,서융치과의원,치과의원,부안석정 골목형상점가,골목형상점가,전북특별자치도,,,
ac45b0566b57b23503ff,full_annotation_v1,A,q_치과_04,치과의원,건강·의료 중 '치과'를 판매·제공하는 매장,test,치과,T2 동의어,75c06ad8-e9da-4f08-a4b3-5af3164d73fa,연세수치과의원,치과의원,산본전통시장(구 군포산본시장),전통시장,경기도,,,
45b3f17d30e7c492195c,full_annotation_v1,A,q_치과_04,치과의원,건강·의료 중 '치과'를 판매·제공하는 매장,test,치과,T2 동의어,9c77d5a6-83d3-4247-b2b8-93ce1151b848,탑플란트치과,치과의원,군산수송 골목형상점가,골목형상점가,전북특별자치도,,,
967fa28e393e9b003ef9,full_annotation_v1,A,q_치과_04,치과의원,건강·의료 중 '치과'를 판매·제공하는 매장,test,치과,T2 동의어,23bf166b-c4c6-4130-bc6e-2991e67d579c,곰돌이김밥,한식,사자탑 골목형상점가,골목형상점가,전북특별자치도,,,
093a04f46fd517301975,full_annotation_v1,A,q_치과_04,치과의원,건강·의료 중 '치과'를 판매·제공하는 매장,test,치과,T2 동의어,c5938b62-99c9-4967-9e7f-ab6b8f11f58c,유치과의원,치과의원,남성사계시장,전통시장,서울특별시,,,
d130d06e5755d3a7f538,full_annotation_v1,A,q_치과_04,치과의원,건강·의료 중 '치과'를 판매·제공하는 매장,test,치과,T2 동의어,471d9c61-c613-47ea-bbfd-9f116bd5fbd7,해바라기치과,치과의원,뒷개로청춘골목상점가,골목형상점가,전라남도,,,
7a5ddd05c9e0ea7a8842,full_annotation_v1,A,q_치과_04,치과의원,건강·의료 중 '치과'를 판매·제공하는 매장,test,치과,T2 동의어,5b0929a0-daa7-478d-b590-d56284d5ccd8,플러스 치과의원,치과의원,럭스스퀘어 골목형상점가,골목형상점가,세종특별자치시,,,
eebea8bfaa0882e3eaef,full_annotation_v1,A,q_치과_04,치과의원,건강·의료 중 '치과'를 판매·제공하는 매장,test,치과,T2 동의어,694390c3-5fab-46c0-a86f-439f8371ef0c,연세세브란스치과의원,치과의원,봉천달빛길골목형상점가,골목형상점가,서울특별시,,,
5cb417c2bca68316842e,full_annotation_v1,A,q_치과_04,치과의원,건강·의료 중 '치과'를 판매·제공하는 매장,test,치과,T2 동의어,fe09b498-588b-466f-a3df-b3e285794cd5,최치과의원,치과의원,전주우성타운 골목형상점가,골목형상점가,전북특별자치도,,,
7b5adcde0a22a0651766,full_annotation_v1,A,q_치과_04,치과의원,건강·의료 중 '치과'를 판매·제공하는 매장,test,치과,T2 동의어,1620eceb-ac01-4c74-a6b5-be729aa804ce,서울미듬직치과의원,치과의원,양원숲길 골목형상점가,골목형상점가,서울특별시,,,
9aaafd51d52abdee05ac,full_annotation_v1,A,q_치과_04,치과의원,건강·의료 중 '치과'를 판매·제공하는 매장,test,치과,T2 동의어,1013504c-b2d6-4091-8cc1-15eecee0aeff,그래비티코어,운동재활 체형교정,유천택지올림픽길골목형상점가,골목형상점가,강원특별자치도,,,
123f78a0ecf498338d0d,full_annotation_v1,A,q_치과_04,치과의원,건강·의료 중 '치과'를 판매·제공하는 매장,test,치과,T2 동의어,9cfcf076-852d-4528-a03f-b54e2620f915,이사랑치과의원,치과의원,부사동 인삼거리 골목형상점가,골목형상점가,대전광역시,,,
99ace51325bc39a2f55f,full_annotation_v1,A,q_치과_04,치과의원,건강·의료 중 '치과'를 판매·제공하는 매장,test,치과,T2 동의어,013192a9-d34f-4b2a-99f4-e33a2cbf1e72,서울굿모닝치과의원,치과,종촌동골목형상점가,골목형상점가,세종특별자치시,,,
42f3407338fd91cffd30,full_annotation_v1,A,q_치과_04,치과의원,건강·의료 중 '치과'를 판매·제공하는 매장,test,치과,T2 동의어,68aeabd1-ad53-406a-98b3-10641a435e8c,봄누리 치과의원,치과의원,상현2동 골목형상점가,골목형상점가,경기도,,,
0ba18a06214e3ff2092f,full_annotation_v1,A,q_치과_04,치과의원,건강·의료 중 '치과'를 판매·제공하는 매장,test,치과,T2 동의어,e13ebf77-d494-42d9-a5cb-0486cbc4ad38,김치과의원,치과의원,슬로시티창평 골목형상점가,골목형상점가,전라남도,,,
b287fcc0263f2d98934b,full_annotation_v1,A,q_치과_04,치과의원,건강·의료 중 '치과'를 판매·제공하는 매장,test,치과,T2 동의어,135607e4-b86f-4ee3-8ac8-d8e69133c49a,가지런e류교정치과,치과진료 치아 교정치료,말바우시장,전통시장,광주광역시,,,
c677cf686e0ceb40babf,full_annotation_v1,A,q_치과_04,치과의원,건강·의료 중 '치과'를 판매·제공하는 매장,test,치과,T2 동의어,84ad0e59-389b-42fd-bd37-e31e2a2e6089,진월치과의원,치과의원,서문대로 678번길 골목형상점가,골목형상점가,광주광역시,,,
3d533a410219c4781be5,full_annotation_v1,A,q_치과_04,치과의원,건강·의료 중 '치과'를 판매·제공하는 매장,test,치과,T2 동의어,9c6ba5f7-53e6-41fc-9de6-d77660225f84,금자네식당,한식,금구리 골목형상점가,골목형상점가,전북특별자치도,,,
251479f63966eca38684,full_annotation_v1,A,q_치과_04,치과의원,건강·의료 중 '치과'를 판매·제공하는 매장,test,치과,T2 동의어,6951d239-f771-433f-a3b7-a66198685513,소망치과의원,치과의원,상무중앙상인회 골목형상점가,골목형상점가,광주광역시,,,
71ea5d2b38346bb50d05,full_annotation_v1,A,q_치과_04,치과의원,건강·의료 중 '치과'를 판매·제공하는 매장,test,치과,T2 동의어,0ff8675c-e9fe-4b29-ad4c-5eb6fe90a350,서울온빛치과의원,치아진료서비스,목동깨비시장(구 목3동시장),전통시장,서울특별시,,,
450466b5e78b87b95bfc,full_annotation_v1,A,q_치과_04,치과의원,건강·의료 중 '치과'를 판매·제공하는 매장,test,치과,T2 동의어,7330c10a-f726-4899-8bd2-5bf142d647c5,다나에 치과의원,치과의원,방이시장,전통시장,서울특별시,,,
1cf130f2f1e92eb3bc5e,full_annotation_v1,A,q_치과_04,치과의원,건강·의료 중 '치과'를 판매·제공하는 매장,test,치과,T2 동의어,65226b0e-9bfc-4c37-8b1d-023aaccecb11,유디치과의원,치과의원,서신동 골목형상점가,골목형상점가,전북특별자치도,,,
20afa0498322f8cbe189,full_annotation_v1,A,q_치과_04,치과의원,건강·의료 중 '치과'를 판매·제공하는 매장,test,치과,T2 동의어,3284f63b-278d-41cb-ae5b-b82a7789c043,봄솔치과의원,치과의원,큰장로네거리 골목형상점가,골목형상점가,대구광역시,,,
d9043dfa876cb1e1e4c1,full_annotation_v1,A,q_치과_04,치과의원,건강·의료 중 '치과'를 판매·제공하는 매장,test,치과,T2 동의어,9c0245d3-26ff-4b11-b108-1ef9d424d7e7,루나코르테,미용실,장덕로 골목형상점가,골목형상점가,광주광역시,,,
c22df2bcfe4949ae1dc8,full_annotation_v1,A,q_치과_04,치과의원,건강·의료 중 '치과'를 판매·제공하는 매장,test,치과,T2 동의어,275646ee-9cd2-4d7a-8447-d065f37c7d71,봉선e치과의원,임플란트 등,봉선로1 골목형상점가,골목형상점가,광주광역시,,,
ed0c238f63485d21d040,full_annotation_v1,A,q_치과_04,치과의원,건강·의료 중 '치과'를 판매·제공하는 매장,test,치과,T2 동의어,f2c8979e-6461-4b9f-b47b-eee962d3daef,옳치과,치과의원,수지성복플러스 골목형상점가,골목형상점가,경기도,,,
00de4c04e286c30d635d,full_annotation_v1,A,q_치과_04,치과의원,건강·의료 중 '치과'를 판매·제공하는 매장,test,치과,T2 동의어,4e1cddda-8f2a-4458-9f93-12467d799664,서울365스마일치과,치과의원,첨단지구 골목형상점가,골목형상점가,광주광역시,,,
216a8bfa3714b74071fa,full_annotation_v1,A,q_치과_04,치과의원,건강·의료 중 '치과'를 판매·제공하는 매장,test,치과,T2 동의어,85a10df5-ae8b-4a50-b712-12640a613b8d,이루다 치과의원,치과의원,군산디오션시티 G플레이스 골목형상점가,골목형상점가,전북특별자치도,,,
b50642d1df57c118fda0,full_annotation_v1,A,q_치과_04,치과의원,건강·의료 중 '치과'를 판매·제공하는 매장,test,치과,T2 동의어,684b9f2f-29c9-4bd5-96b2-1912a1f12ec3,우리들치과의원,치과의원,창원 대동중앙상가,전통시장,경상남도,,,
733e1415ec5a1e615566,full_annotation_v1,A,q_치과_04,치과의원,건강·의료 중 '치과'를 판매·제공하는 매장,test,치과,T2 동의어,9ff413a2-2a7f-45db-94c6-27460dff6678,신선섭치과의원,치과의원,유성봉명 골목형상점가,골목형상점가,대전광역시,,,
a3f906b300a2505eedb5,full_annotation_v1,A,q_치과_04,치과의원,건강·의료 중 '치과'를 판매·제공하는 매장,test,치과,T2 동의어,1342c5ca-8459-4d7b-8b5f-f69ccad4a218,포도나무치과의원,치과의원,사리골상점가,자율상권구역,경기도,,,
17b43a45fd9044d9c19c,full_annotation_v1,A,q_치과_04,치과의원,건강·의료 중 '치과'를 판매·제공하는 매장,test,치과,T2 동의어,792ebf09-3762-4253-9aa6-1a15eb878236,대설철물,철물,양산상생하는하서로 골목형상점가,골목형상점가,광주광역시,,,
266c7678d1a29cc279f1,full_annotation_v1,A,q_치과_04,치과의원,건강·의료 중 '치과'를 판매·제공하는 매장,test,치과,T2 동의어,78fce038-adcb-49d8-8f9f-83b52a7f6e9c,이사금치과의원,치과의원,주월장산 골목형상점가,골목형상점가,광주광역시,,,
14b1a27292c809578715,full_annotation_v1,A,q_치과_04,치과의원,건강·의료 중 '치과'를 판매·제공하는 매장,test,치과,T2 동의어,014fe2bc-f10c-4fa5-a4d9-d61b1b1eb2ae,자연이 사랑 치과의원,치과의원,석세스,골목형상점가,광주광역시,,,
1e5c8034b46e772c68c5,full_annotation_v1,A,q_치과_04,치과의원,건강·의료 중 '치과'를 판매·제공하는 매장,test,치과,T2 동의어,0e2072b5-96bd-4a20-ba14-83c28111d252,잘해주는 치과의원,치과의원,산본로데오거리(구 산본중심상가),자율상권구역,경기도,,,
668bc22f1e89a55d7b2f,full_annotation_v1,A,q_치과_04,치과의원,건강·의료 중 '치과'를 판매·제공하는 매장,test,치과,T2 동의어,5d0a7e99-617b-4611-b8ca-cc66512c4c59,김치과,치과의원,담양중앙3번가 골목형상점가,골목형상점가,전라남도,,,
d0197bc89643f01b8b08,full_annotation_v1,A,q_치과_04,치과의원,건강·의료 중 '치과'를 판매·제공하는 매장,test,치과,T2 동의어,3c005cae-9ea2-43a2-83bd-1251a3c4b623,안치과의원,치과의원,서석초 인근 골목형상점가,골목형상점가,광주광역시,,,
252588370f28769ee9d8,full_annotation_v1,A,q_치과_04,치과의원,건강·의료 중 '치과'를 판매·제공하는 매장,test,치과,T2 동의어,04268dbb-7ecd-4824-a070-aff359b3efe0,옳치치과의원,치과의원,신세계앞상인회 골목형상점가,골목형상점가,광주광역시,,,
78ce9202a9989235c159,full_annotation_v1,A,q_치과_04,치과의원,건강·의료 중 '치과'를 판매·제공하는 매장,test,치과,T2 동의어,01fbf9ae-3815-4459-8cc6-be2dda1a0ff2,조시형 치과의원,치과의원,산본로데오거리(구 산본중심상가),자율상권구역,경기도,,,
403b1b8eff7e28e027dc,full_annotation_v1,A,q_치과_04,치과의원,건강·의료 중 '치과'를 판매·제공하는 매장,test,치과,T2 동의어,d67e357c-f91e-41ab-b218-fc67945b700a,가지런이 치과교정과 치과의원,치과의원,빛가람 하나로 골목형상점가,골목형상점가,전라남도,,,
91f150a8b71d60ee27f6,full_annotation_v1,A,q_치과_04,치과의원,건강·의료 중 '치과'를 판매·제공하는 매장,test,치과,T2 동의어,454b4416-82b8-40bd-b027-05c726d70745,강치과의원,치과의원,조암시장,전통시장,경기도,,,
ed1e818a6e29898310a1,full_annotation_v1,A,q_치과_04,치과의원,건강·의료 중 '치과'를 판매·제공하는 매장,test,치과,T2 동의어,85edf08c-eae5-42ea-a64d-0b7f3a8d1542,순이네김밥,한식,광명전통시장,전통시장,경기도,,,
ac15d778152818f201a2,full_annotation_v1,A,q_치과_04,치과의원,건강·의료 중 '치과'를 판매·제공하는 매장,test,치과,T2 동의어,a7e39d98-31b8-473a-979e-357f2188f762,진치과의원,치과의원,매봉 골목형상점가,골목형상점가,광주광역시,,,
1aec3826ab71423f25c6,full_annotation_v1,A,q_치과_04,치과의원,건강·의료 중 '치과'를 판매·제공하는 매장,test,치과,T2 동의어,9ae24dbd-09d7-4ac1-8c9c-44b8f2b8c3ff,하얀치과의원,치과의원,세은 골목형상점가,골목형상점가,광주광역시,,,
b96f77254ac9964de50b,full_annotation_v1,A,q_치과_04,치과의원,건강·의료 중 '치과'를 판매·제공하는 매장,test,치과,T2 동의어,70e9abbb-612d-4306-8938-d440002d32de,바른우리 치과교정과 치과의원,치과의원,새롬동 골목형상점가,골목형상점가,세종특별자치시,,,
651d1cf7b23bcda334d3,full_annotation_v1,A,q_치과_04,치과의원,건강·의료 중 '치과'를 판매·제공하는 매장,test,치과,T2 동의어,ea2a4568-4d9a-40cc-b8c5-2cb61b688c02,이탄탄치과의원,치과의원,전주중산공원 골목형상점가,골목형상점가,전북특별자치도,,,
082f0c7da94e1dd9b793,full_annotation_v1,A,q_치과_04,치과의원,건강·의료 중 '치과'를 판매·제공하는 매장,test,치과,T2 동의어,734cab7b-afde-42de-8659-bff19b3ab7e0,정치과의원,치과의원,화순중앙로골목형상점가,골목형상점가,전라남도,,,
3718bc7d160f1d13086b,full_annotation_v1,A,q_치과_04,치과의원,건강·의료 중 '치과'를 판매·제공하는 매장,test,치과,T2 동의어,7fc834cb-2a07-4b49-a876-d21ac3261328,맥치과,치과의원,사리골상점가,자율상권구역,경기도,,,
1d682ed215c57207d169,full_annotation_v1,A,q_치과_04,치과의원,건강·의료 중 '치과'를 판매·제공하는 매장,test,치과,T2 동의어,068319c1-9597-42d0-841f-8a7ad8f3bd92,청송말바우상회,농산물,말바우시장,전통시장,광주광역시,,,
7b0ccae27bf5c0da98dd,full_annotation_v1,A,q_치과_04,치과의원,건강·의료 중 '치과'를 판매·제공하는 매장,test,치과,T2 동의어,04f73ae1-5ba3-4b7a-9168-f300168979df,연세해맑은치과,치과교정과 진료,둔산2동 골목형상점가,골목형상점가,대전광역시,,,
31f2ddae2102d35fb483,full_annotation_v1,A,q_치과_04,치과의원,건강·의료 중 '치과'를 판매·제공하는 매장,test,치과,T2 동의어,40b56982-f7ec-49a9-92bd-bb4c599a0e6b,온누리예치과의원,치과의원,산본전통시장(구 군포산본시장),전통시장,경기도,,,
17c4d024dd549e51ee94,full_annotation_v1,A,q_치과_04,치과의원,건강·의료 중 '치과'를 판매·제공하는 매장,test,치과,T2 동의어,dc147be1-8549-42be-bc87-8af0a1b4e6ec,연합치과,치과의원,풍향골(제1지역:동신) 골목형상점가,골목형상점가,광주광역시,,,
b63a9d0fb91ecfdbd51a,full_annotation_v1,A,q_치과_04,치과의원,건강·의료 중 '치과'를 판매·제공하는 매장,test,치과,T2 동의어,242d36eb-ad91-4964-90c9-743523df57f0,뉴욕앤치과의원,치과의원,다시남목 골목형상점가,골목형상점가,울산광역시,,,
661f150ff1dbbd2ca3c4,full_annotation_v1,A,q_치과_04,치과의원,건강·의료 중 '치과'를 판매·제공하는 매장,test,치과,T2 동의어,10620bc2-916b-4e49-ab76-c8e662fb7d40,첨단교정,자세교정,임방울대로 골목형상점가,골목형상점가,광주광역시,,,
2e9093cca6ebaf912bd2,full_annotation_v1,A,q_치과_04,치과의원,건강·의료 중 '치과'를 판매·제공하는 매장,test,치과,T2 동의어,a4bd311b-baae-4123-9165-42e1898f622b,은혜치과의원,치과의원,신용동 골목형상점가,골목형상점가,광주광역시,,,
e023bee122d2ebb8c2dd,full_annotation_v1,A,q_치과_04,치과의원,건강·의료 중 '치과'를 판매·제공하는 매장,test,치과,T2 동의어,68922924-536d-423a-9d62-20572075f535,뉴욕치과의원,치과의원,이리옴프라자골목형상점가,골목형상점가,인천광역시,,,
85c30ec6d80216100063,full_annotation_v1,A,q_치과_04,치과의원,건강·의료 중 '치과'를 판매·제공하는 매장,test,치과,T2 동의어,61c35724-fa99-4f06-a18c-2dae2879fb80,태경치과,치과의원,남천골목시장 골목형상점가,골목형상점가,부산광역시,,,
f1034234271949e2e9ed,full_annotation_v1,A,q_치과_04,치과의원,건강·의료 중 '치과'를 판매·제공하는 매장,test,치과,T2 동의어,1ad75cec-f753-4960-9363-65673757420b,진플란트치과의원,치과의원,청당2번가 골목형상점가,골목형상점가,충청남도,,,
2b767b8bbb3284cb807b,full_annotation_v1,A,q_치과_04,치과의원,건강·의료 중 '치과'를 판매·제공하는 매장,test,치과,T2 동의어,391ef1d9-0ec7-4b5d-b714-9666ad3043c3,이치과의원,치아,창원 가음정시장,전통시장,경상남도,,,
88737251082d413d3e83,full_annotation_v1,A,q_치과_04,치과의원,건강·의료 중 '치과'를 판매·제공하는 매장,test,치과,T2 동의어,aede3a05-9b27-46c3-9d07-eb7284374718,아이오치과의원,치과의원,선운 골목형상점가,골목형상점가,광주광역시,,,
52bb4c72370eaa940285,full_annotation_v1,A,q_치과_04,치과의원,건강·의료 중 '치과'를 판매·제공하는 매장,test,치과,T2 동의어,336215fc-aa9e-433e-8848-b395694695ff,심상현치과의원,치과의원,춘천 원도심 상권활성화,상권활성화구역,강원특별자치도,,,
98527a4fd65ed73269f8,full_annotation_v1,A,q_치과_04,치과의원,건강·의료 중 '치과'를 판매·제공하는 매장,test,치과,T2 동의어,52efa020-6c42-484f-8d8c-812ba1d0e92d,상록치과의원,치과의원,월드프라자,전통시장,경기도,,,
5e0c52ac1f0f677508c4,full_annotation_v1,A,q_치과_04,치과의원,건강·의료 중 '치과'를 판매·제공하는 매장,test,치과,T2 동의어,465bf4b2-dfc8-479c-b28f-5407842c4927,믿음치과,임플란트 틀니 교정 보철치료,신가아름마을,골목형상점가,광주광역시,,,
a13affc4e5ed943bea76,full_annotation_v1,A,q_치과_04,치과의원,건강·의료 중 '치과'를 판매·제공하는 매장,test,치과,T2 동의어,8a21c2dc-ba60-43c1-a1c8-c3d8011e42a3,휴먼치과의원,치과의원,봉곡우전로 골목형상점가,골목형상점가,전북특별자치도,,,
c2a23a396e6da3867944,full_annotation_v1,A,q_치과_04,치과의원,건강·의료 중 '치과'를 판매·제공하는 매장,test,치과,T2 동의어,8b6933ab-010a-40f9-ace7-a854e5915491,서울삼성치과의원,치과의원,수원아이파크시티8단지상가 골목형상점가,골목형상점가,경기도,,,
3feb1278e785a1653c56,full_annotation_v1,A,q_치과_04,치과의원,건강·의료 중 '치과'를 판매·제공하는 매장,test,치과,T2 동의어,b0418282-b17e-427f-9614-954079bc951d,바른마음치과의원,치과의원,안골사거리 골목형상점가,골목형상점가,전북특별자치도,,,
ea5448e1eaf27db8d208,full_annotation_v1,A,q_치과_04,치과의원,건강·의료 중 '치과'를 판매·제공하는 매장,test,치과,T2 동의어,0098c5ef-1296-4b66-899d-68dbda7cb659,연세감동치과,치과,새샘하루 골목형상점가,골목형상점가,세종특별자치시,,,
263aa7294522cd2b8d43,full_annotation_v1,A,q_치과_04,치과의원,건강·의료 중 '치과'를 판매·제공하는 매장,test,치과,T2 동의어,331fd695-a9e8-4942-a9d8-1504eae5d122,서울방송스피치아카데미학원,,왕십리도선동상점가,자율상권구역,서울특별시,,,
bc563338953e0ed061ef,full_annotation_v1,A,q_치과_04,치과의원,건강·의료 중 '치과'를 판매·제공하는 매장,test,치과,T2 동의어,8caa8946-84c8-4e0b-9a76-bb88a47d8c17,이근혁치과,치과의원,자양15번가골목형상점가,골목형상점가,서울특별시,,,
64b5927a2354dcaeb8db,full_annotation_v1,A,q_치과_04,치과의원,건강·의료 중 '치과'를 판매·제공하는 매장,test,치과,T2 동의어,4c57a4c2-9b02-4d56-9e61-102f75b826db,설인택치과,치과의원,여수서시장주변시장,전통시장,전라남도,,,
f970a167e55c6de702ff,full_annotation_v1,A,q_치과_04,치과의원,건강·의료 중 '치과'를 판매·제공하는 매장,test,치과,T2 동의어,af509cb7-e7bc-4fcb-9042-0dc4bffb2ed7,손철용치과의원,치과의원,두암1동 골목형상점가,골목형상점가,광주광역시,,,
4f65c6af3b0ebf231cd5,full_annotation_v1,A,q_치과_04,치과의원,건강·의료 중 '치과'를 판매·제공하는 매장,test,치과,T2 동의어,000d633c-e5d5-4ab7-afea-88785b1eda92,e클린치과의원,치과,상암마을상인회 골목형상점가,골목형상점가,광주광역시,,,
66eed9a98cf0f776e8e3,full_annotation_v1,A,q_치과_04,치과의원,건강·의료 중 '치과'를 판매·제공하는 매장,test,치과,T2 동의어,63ba7f1d-e855-4b79-a597-5cc73da90d58,옷바구니,의류,동천동먹자골목1번가상인회 골목형상점가,골목형상점가,광주광역시,,,
8cb159af2c2aca0a8181,full_annotation_v1,A,q_치과_04,치과의원,건강·의료 중 '치과'를 판매·제공하는 매장,test,치과,T2 동의어,29837b2a-f536-47da-958a-35828e6cf770,대덕치과의원,치과의원,우산동 골목형상점가,골목형상점가,광주광역시,,,
d7d4a2049f1fa0efd0e8,full_annotation_v1,A,q_치과_04,치과의원,건강·의료 중 '치과'를 판매·제공하는 매장,test,치과,T2 동의어,5b497111-6c9d-4c0a-90f9-e92cfac6a294,엄옥철치과의원,치과의원,퐁당거리 골목형상점가,골목형상점가,전라남도,,,
199f870a0d5f34da8cac,full_annotation_v1,A,q_치과_04,치과의원,건강·의료 중 '치과'를 판매·제공하는 매장,test,치과,T2 동의어,4e925a17-9804-4708-a5a8-95d652967c1f,유니콘,의류,서문시장2지구 종합상가,전통시장,대구광역시,,,
a60790da9b623904ab98,full_annotation_v1,A,q_치과_04,치과의원,건강·의료 중 '치과'를 판매·제공하는 매장,test,치과,T2 동의어,016d15ff-56e8-48dc-b935-315a81d1e9d3,하얀치과의원,치과의원,창원 성원그랜드쇼핑상가,전통시장,경상남도,,,
0bd5ed56982abcb81a7e,full_annotation_v1,A,q_치과_04,치과의원,건강·의료 중 '치과'를 판매·제공하는 매장,test,치과,T2 동의어,9bcbeb62-a682-4f70-8bbd-ac0a7e2133a2,김종길치과의원,치과의원,창원 신대방 골목형상점가,골목형상점가,경상남도,,,
51e05b7c3075b78fb5ef,full_annotation_v1,A,q_치과_04,치과의원,건강·의료 중 '치과'를 판매·제공하는 매장,test,치과,T2 동의어,03f4ec7f-78d2-4184-8295-c29af668d98d,모세대리점(알즈너),발교정구,양양로 골목형상점가,골목형상점가,강원특별자치도,,,
74ce1aa1ed8c3a56cb96,full_annotation_v1,A,q_치과_04,치과의원,건강·의료 중 '치과'를 판매·제공하는 매장,test,치과,T2 동의어,9c7428d0-8536-41f6-9e16-04caea95eaad,세종하이치과의원,치과의원,반곡동행복 골목형상점가,골목형상점가,세종특별자치시,,,
94c719ffcf9789b169bb,full_annotation_v1,A,q_치과_04,치과의원,건강·의료 중 '치과'를 판매·제공하는 매장,test,치과,T2 동의어,0002538c-b8d9-4911-81c7-966789036b09,빛고을 치과의원,의원,세은 골목형상점가,골목형상점가,광주광역시,,,
03460062fcd57eabda0c,full_annotation_v1,A,q_치과_05,치아,건강·의료 중 '치과'를 판매·제공하는 매장,test,치과,T2 동의어,63bbfe5e-e9e9-4d70-9aae-171cce1e0768,얼죽아,,내동서부 골목형상점가,골목형상점가,대전광역시,,,
e451d7ca5fb898c6cd61,full_annotation_v1,A,q_치과_05,치아,건강·의료 중 '치과'를 판매·제공하는 매장,test,치과,T2 동의어,275646ee-9cd2-4d7a-8447-d065f37c7d71,봉선e치과의원,임플란트 등,봉선로1 골목형상점가,골목형상점가,광주광역시,,,
3f58f0764236e66ba838,full_annotation_v1,A,q_치과_05,치아,건강·의료 중 '치과'를 판매·제공하는 매장,test,치과,T2 동의어,c31d11ae-b0a5-4ca0-ab35-efeab3be2763,미소드림치과의원,치아치료,두암2동 도로변 골목형상점가,골목형상점가,광주광역시,,,
35953a8a303d36e5a780,full_annotation_v1,A,q_치과_05,치아,건강·의료 중 '치과'를 판매·제공하는 매장,test,치과,T2 동의어,1013504c-b2d6-4091-8cc1-15eecee0aeff,그래비티코어,운동재활 체형교정,유천택지올림픽길골목형상점가,골목형상점가,강원특별자치도,,,
b3fbfbd61458e4526b0b,full_annotation_v1,A,q_치과_05,치아,건강·의료 중 '치과'를 판매·제공하는 매장,test,치과,T2 동의어,000d633c-e5d5-4ab7-afea-88785b1eda92,e클린치과의원,치과,상암마을상인회 골목형상점가,골목형상점가,광주광역시,,,
3011eb573a820a9e9689,full_annotation_v1,A,q_치과_05,치아,건강·의료 중 '치과'를 판매·제공하는 매장,test,치과,T2 동의어,54a6b36c-ffee-4fea-bb75-16c5c27a18cd,참치아도르이수점,,이수미로골목형상점가,골목형상점가,서울특별시,,,
40285b1a696a62dc32f8,full_annotation_v1,A,q_치과_05,치아,건강·의료 중 '치과'를 판매·제공하는 매장,test,치과,T2 동의어,1bff10f1-3af7-407f-be27-fcf526d6128d,베네치아,음식,지산유원지 상점가,자율상권구역,광주광역시,,,
cc814d7eaf085d6c12cd,full_annotation_v1,A,q_치과_05,치아,건강·의료 중 '치과'를 판매·제공하는 매장,test,치과,T2 동의어,41ad4d43-74ed-4dc8-b709-719d58726eba,채아,한식,남사한숲 골목형상점가,골목형상점가,경기도,,,
7e990d12abdbf60f8506,full_annotation_v1,A,q_치과_05,치아,건강·의료 중 '치과'를 판매·제공하는 매장,test,치과,T2 동의어,649b8007-0b49-491a-a626-52edd5088f8a,두산치과,치아치료,첨단호두라 골목형상점가,골목형상점가,광주광역시,,,
f944e3a8943deb0e9c10,full_annotation_v1,A,q_치과_05,치아,건강·의료 중 '치과'를 판매·제공하는 매장,test,치과,T2 동의어,1b20bf9a-b779-4dde-8d65-d345ed37d667,산타루치아,경양식,안양아크로상가골목형상점가,골목형상점가,경기도,,,
e919281a0383016dc4ec,full_annotation_v1,A,q_치과_05,치아,건강·의료 중 '치과'를 판매·제공하는 매장,test,치과,T2 동의어,9da4c451-a625-4397-9ece-5ed45ae4c4db,베어글스 송도,베이글 샌드위치 치아바타 등,송도 타임스페이스 골목형상점가,골목형상점가,인천광역시,,,
95ed51e6cc4d30b489cd,full_annotation_v1,A,q_치과_05,치아,건강·의료 중 '치과'를 판매·제공하는 매장,test,치과,T2 동의어,f14df4d3-9858-4a8b-8597-20fd477d8e32,갤러리 데 루치아,가구,용인어정가구단지상점가,자율상권구역,경기도,,,
4d522eddc83dd8332474,full_annotation_v1,A,q_치과_05,치아,건강·의료 중 '치과'를 판매·제공하는 매장,test,치과,T2 동의어,b761600d-2f31-41a3-b86e-29504588dd44,삼형제네,,홍도 골목형상점가,골목형상점가,대전광역시,,,
5a3f388209caf7b5878d,full_annotation_v1,A,q_치과_05,치아,건강·의료 중 '치과'를 판매·제공하는 매장,test,치과,T2 동의어,04f73ae1-5ba3-4b7a-9168-f300168979df,연세해맑은치과,치과교정과 진료,둔산2동 골목형상점가,골목형상점가,대전광역시,,,
5d821bd7ab137edd0d9a,full_annotation_v1,A,q_치과_05,치아,건강·의료 중 '치과'를 판매·제공하는 매장,test,치과,T2 동의어,0028aa1f-32df-4fa5-b123-9a5cabf791fa,행복한치과의원,치과,산본로데오거리(구 산본중심상가),자율상권구역,경기도,,,
2174dbe83d4c91993129,full_annotation_v1,A,q_치과_05,치아,건강·의료 중 '치과'를 판매·제공하는 매장,test,치과,T2 동의어,93cb917e-e2f3-4bd8-9ec0-14b4e628e78d,동림레저산업 주식회사,대중탕,송정 다누리 골목형상점가,골목형상점가,광주광역시,,,
5adea388bc33cd80bb60,full_annotation_v1,A,q_치과_05,치아,건강·의료 중 '치과'를 판매·제공하는 매장,test,치과,T2 동의어,db20e8be-47ff-47d9-97bc-c471eef234f5,풍운아,,갈리단길 골목형상점가,골목형상점가,대전광역시,,,
a2d6b1df456fcb2f2c09,full_annotation_v1,A,q_치과_05,치아,건강·의료 중 '치과'를 판매·제공하는 매장,test,치과,T2 동의어,a3958538-b1e6-496c-b1e9-d5ee825baeb5,뼈감집,,여의동2가 골목형상점가,골목형상점가,전북특별자치도,,,
c5d66031e390d2e76d65,full_annotation_v1,A,q_치과_05,치아,건강·의료 중 '치과'를 판매·제공하는 매장,test,치과,T2 동의어,4d869649-96f8-4cf4-9ce6-df473b7b1dd6,까로치아신갈점,,새천년 골목형상점가,골목형상점가,경기도,,,
59e55c46f5f6454ef6e9,full_annotation_v1,A,q_치과_05,치아,건강·의료 중 '치과'를 판매·제공하는 매장,test,치과,T2 동의어,b44fd429-aa83-47a7-8edf-3de298defa4c,귀일향기일굼터,커피,용대로119번길 골목형상점가,골목형상점가,광주광역시,,,
ec7fe7dee68755f22481,full_annotation_v1,A,q_치과_05,치아,건강·의료 중 '치과'를 판매·제공하는 매장,test,치과,T2 동의어,db1a81d2-fa76-49e9-80ba-174f85d72363,연세해밀 치과의원,치아치료,해밀동 골목형상점가,골목형상점가,세종특별자치시,,,
4befdb2b6135e2f7edd1,full_annotation_v1,A,q_치과_05,치아,건강·의료 중 '치과'를 판매·제공하는 매장,test,치과,T2 동의어,c4944fae-8de9-4a5a-b7b9-7fb58f20e798,바른이치과교정과치과의원,치아교정업,첨단시리단길,골목형상점가,광주광역시,,,
92d8408c760923cfe06b,full_annotation_v1,A,q_치과_05,치아,건강·의료 중 '치과'를 판매·제공하는 매장,test,치과,T2 동의어,91783703-3274-4ef4-93f1-de083cd86644,베네치아,의류,서문시장2지구 종합상가,전통시장,대구광역시,,,
d17ef6ea42cf4860b800,full_annotation_v1,A,q_치과_05,치아,건강·의료 중 '치과'를 판매·제공하는 매장,test,치과,T2 동의어,1fee4c6d-33f6-4392-bdae-e92077389e90,커피베이무등산골드클래스점,커피,학소로 골목형상점가,골목형상점가,광주광역시,,,
0a58c53f47bdbad058c0,full_annotation_v1,A,q_치과_05,치아,건강·의료 중 '치과'를 판매·제공하는 매장,test,치과,T2 동의어,a9a964b3-4b0b-46a5-b7dc-f4aee1d24f79,까꿍,의류,금남지하도상가2공구,일반지하상점가,광주광역시,,,
34e28399f72a0552bf76,full_annotation_v1,A,q_치과_05,치아,건강·의료 중 '치과'를 판매·제공하는 매장,test,치과,T2 동의어,1e5348e1-295e-4f7d-b73a-2dd2f14c1654,연세늘봄치과의원,임플란트,목동깨비시장(구 목3동시장),전통시장,서울특별시,,,
708931c0e617aa919a84,full_annotation_v1,A,q_치과_05,치아,건강·의료 중 '치과'를 판매·제공하는 매장,test,치과,T2 동의어,bae658ee-5c98-4ae4-b12c-a5329f442eff,새빛치과의원,치아치료,용산지구 골목형상점가,골목형상점가,광주광역시,,,
daa7190069ef6517db02,full_annotation_v1,A,q_치과_05,치아,건강·의료 중 '치과'를 판매·제공하는 매장,test,치과,T2 동의어,cee8e03d-b584-492f-84eb-252dbc7b25c8,크린토피아 지엔느점,세탁,서현센트럴상점,골목형상점가,경기도,,,
7f00f9c3d71bbd9060f8,full_annotation_v1,A,q_치과_05,치아,건강·의료 중 '치과'를 판매·제공하는 매장,test,치과,T2 동의어,b1d7242d-f16b-483d-a304-b6eefc117a7e,루치아,기성복,아트프라자,자율상권구역,서울특별시,,,
1b5480b6a52b553d8538,full_annotation_v1,A,q_치과_05,치아,건강·의료 중 '치과'를 판매·제공하는 매장,test,치과,T2 동의어,67e0a34e-95e2-4c83-befd-43dec2a9aa3d,오늘의 치아바타,,중흥동 큰샘길 골목형상점가,골목형상점가,,,,
0a3c4a425181b8236cf5,full_annotation_v1,A,q_치과_05,치아,건강·의료 중 '치과'를 판매·제공하는 매장,test,치과,T2 동의어,5c9ea253-7dff-403a-bcce-60faea858b4a,커피와이유,커피,원주중앙로문화의거리,자율상권구역,강원특별자치도,,,
8238a8235cab55d10dc9,full_annotation_v1,A,q_치과_05,치아,건강·의료 중 '치과'를 판매·제공하는 매장,test,치과,T2 동의어,76fc41fe-9d93-4256-9cc1-52cbb3c9b057,페리아 치킨,,홍도 골목형상점가,골목형상점가,대전광역시,,,
b69b513fd876fd6e167a,full_annotation_v1,A,q_치과_05,치아,건강·의료 중 '치과'를 판매·제공하는 매장,test,치과,T2 동의어,2ca498c2-a0bd-4a3e-8ba9-a960c280540a,봉선연합치과,"임플란트, 매복사랑니 발치, 보철, 스케일링, 치과진료",대남대로181번길 골목형상점가,골목형상점가,광주광역시,,,
6ff092369b2b4fe07c09,full_annotation_v1,A,q_치과_05,치아,건강·의료 중 '치과'를 판매·제공하는 매장,test,치과,T2 동의어,54d451b2-e053-49c6-9e37-a072ca3095f0,제로키니 명촌점,,다같이명촌회 골목형상점가,골목형상점가,울산광역시,,,
491ddfc5329562309bad,full_annotation_v1,A,q_치과_05,치아,건강·의료 중 '치과'를 판매·제공하는 매장,test,치과,T2 동의어,fc1d3535-a0d5-487f-8e55-1280673d7615,금부치아,주얼리 반지 목걸이 팔찌 귀걸이 등 귀금속 및 보석,백년소상공인,기타,서울특별시,,,
0295bd3908bc61141ca0,full_annotation_v1,A,q_치과_05,치아,건강·의료 중 '치과'를 판매·제공하는 매장,test,치과,T2 동의어,e73bea05-70e1-44a3-908a-5e0fd315e3d2,김밥나라,한식,양양로 골목형상점가,골목형상점가,강원특별자치도,,,
1acf2a5a938b304c46be,full_annotation_v1,A,q_치과_05,치아,건강·의료 중 '치과'를 판매·제공하는 매장,test,치과,T2 동의어,b33ece3d-1ca7-45e7-92c5-b90f1049c7c4,달보드레 유기농제빵소,"호밀빵, 통밀빵, 치아바타, 바게트등 유기농, 비건전문빵",화성행궁골목형상점가,골목형상점가,경기도,,,
1843728c938393203f51,full_annotation_v1,A,q_치과_05,치아,건강·의료 중 '치과'를 판매·제공하는 매장,test,치과,T2 동의어,d3c18280-f2a0-4ee6-b3fe-b3d3d2180f98,베네치아,,홍도 골목형상점가,골목형상점가,대전광역시,,,
2707fd654d819f78674e,full_annotation_v1,A,q_치과_05,치아,건강·의료 중 '치과'를 판매·제공하는 매장,test,치과,T2 동의어,093979a3-562b-45d7-b388-f9d2aff87346,빈샌모어 디저트가페,커피,염주상인회 골목형상점가,골목형상점가,광주광역시,,,
f3eef6b5276cf218eae7,full_annotation_v1,A,q_치과_05,치아,건강·의료 중 '치과'를 판매·제공하는 매장,test,치과,T2 동의어,c95c5a3f-3311-4019-a09b-07f1520b2c49,모은치과의원,치아치료,양산호수공원 골목형상점가,골목형상점가,광주광역시,,,
8f0c10f1f79729cb9849,full_annotation_v1,A,q_치과_05,치아,건강·의료 중 '치과'를 판매·제공하는 매장,test,치과,T2 동의어,d8bcea05-84ee-4c48-a547-041916842238,블랙야크,옷,송하동 골목형상점가,골목형상점가,광주광역시,,,
70db4caaddb90967c8ad,full_annotation_v1,A,q_치과_05,치아,건강·의료 중 '치과'를 판매·제공하는 매장,test,치과,T2 동의어,597422a3-2266-4291-ae44-b13ebc80ca31,수앤미헤어클럽,,여의동2가 골목형상점가,골목형상점가,전북특별자치도,,,
42afbbc524f92d40cfc8,full_annotation_v1,A,q_치과_05,치아,건강·의료 중 '치과'를 판매·제공하는 매장,test,치과,T2 동의어,013192a9-d34f-4b2a-99f4-e33a2cbf1e72,서울굿모닝치과의원,치과,종촌동골목형상점가,골목형상점가,세종특별자치시,,,
7480a44f01c84dc68ef3,full_annotation_v1,A,q_치과_05,치아,건강·의료 중 '치과'를 판매·제공하는 매장,test,치과,T2 동의어,153394c6-462e-4bef-9d20-fa18a6f9d8b7,애띠애피부관리,화장품,영통센타프라자 골목형상점가,골목형상점가,경기도,,,
c24c697ded721b23a60d,full_annotation_v1,A,q_치과_05,치아,건강·의료 중 '치과'를 판매·제공하는 매장,test,치과,T2 동의어,465bf4b2-dfc8-479c-b28f-5407842c4927,믿음치과,임플란트 틀니 교정 보철치료,신가아름마을,골목형상점가,광주광역시,,,
19e0650f07b62361ec27,full_annotation_v1,A,q_치과_05,치아,건강·의료 중 '치과'를 판매·제공하는 매장,test,치과,T2 동의어,d623def9-239c-4fa7-b07b-defedaf83e7b,인덕원치과의원,치아 치료,인덕원 골목형상점가,골목형상점가,경기도,,,
6445fc6fddb6ef9d598a,full_annotation_v1,A,q_치과_05,치아,건강·의료 중 '치과'를 판매·제공하는 매장,test,치과,T2 동의어,a05436f9-3c84-4954-9983-2b35010e0280,무쳐볶아,한식,임방울거리1구역 골목형상점가,골목형상점가,광주광역시,,,
0e84590cc1a7f07ee227,full_annotation_v1,A,q_치과_05,치아,건강·의료 중 '치과'를 판매·제공하는 매장,test,치과,T2 동의어,6fb5974d-5d6f-491b-8a8c-5883cdd2fc24,김현오치과,치아,유안초등북길 골목형상점가,골목형상점가,광주광역시,,,
297f19733ebb67d454ab,full_annotation_v1,A,q_치과_05,치아,건강·의료 중 '치과'를 판매·제공하는 매장,test,치과,T2 동의어,0098c5ef-1296-4b66-899d-68dbda7cb659,연세감동치과,치과,새샘하루 골목형상점가,골목형상점가,세종특별자치시,,,
c68813453aca0fb41586,full_annotation_v1,A,q_치과_05,치아,건강·의료 중 '치과'를 판매·제공하는 매장,test,치과,T2 동의어,64fbc1fe-0f5f-4f18-8ea9-e859d36e40bd,바른수치과의원,치아치료,화정역상인회 골목형상점가,골목형상점가,광주광역시,,,
ef53319f7c346084a2ab,full_annotation_v1,A,q_치과_05,치아,건강·의료 중 '치과'를 판매·제공하는 매장,test,치과,T2 동의어,0a1a14d8-f92a-433d-bb79-64d059dc39ae,아파유,체형교정 및 교육,해밀동 골목형상점가,골목형상점가,세종특별자치시,,,
01c7c690a53484b7b185,full_annotation_v1,A,q_치과_05,치아,건강·의료 중 '치과'를 판매·제공하는 매장,test,치과,T2 동의어,fba59866-17b0-40d7-ad91-2ada4851988b,로치아 지족점,요리,지족반석 골목형상점가,골목형상점가,대전광역시,,,
e1f21b44c85153dadc83,full_annotation_v1,A,q_치과_05,치아,건강·의료 중 '치과'를 판매·제공하는 매장,test,치과,T2 동의어,20c4cf39-dc98-4781-8991-6f4d04a52d69,아름드리 치과,치아치료,희담길,골목형상점가,광주광역시,,,
31691ce509cf2df52499,full_annotation_v1,A,q_치과_05,치아,건강·의료 중 '치과'를 판매·제공하는 매장,test,치과,T2 동의어,331fd695-a9e8-4942-a9d8-1504eae5d122,서울방송스피치아카데미학원,,왕십리도선동상점가,자율상권구역,서울특별시,,,
1859be9e0f16e679ce27,full_annotation_v1,A,q_치과_05,치아,건강·의료 중 '치과'를 판매·제공하는 매장,test,치과,T2 동의어,391ef1d9-0ec7-4b5d-b714-9666ad3043c3,이치과의원,치아,창원 가음정시장,전통시장,경상남도,,,
51287d33024d2bd543d0,full_annotation_v1,A,q_치과_05,치아,건강·의료 중 '치과'를 판매·제공하는 매장,test,치과,T2 동의어,f802e42f-aa60-4ec7-81ee-42c0820ab7ef,아쿠치아,귀금속 시계 악세사리,충장로123가 상점가,자율상권구역,광주광역시,,,
3b1ebadd615fa33f888e,full_annotation_v1,A,q_치과_05,치아,건강·의료 중 '치과'를 판매·제공하는 매장,test,치과,T2 동의어,3de6b61a-060a-4eeb-a6f5-2b73bf2317af,다은치과의원,"크라운, 임플란트 등",문화1동 골목형상점가,골목형상점가,대전광역시,,,
49f8b310dbde497fbdec,full_annotation_v1,A,q_치과_05,치아,건강·의료 중 '치과'를 판매·제공하는 매장,test,치과,T2 동의어,135607e4-b86f-4ee3-8ac8-d8e69133c49a,가지런e류교정치과,치과진료 치아 교정치료,말바우시장,전통시장,광주광역시,,,
e44c14719dbe6c30e89e,full_annotation_v1,A,q_치과_05,치아,건강·의료 중 '치과'를 판매·제공하는 매장,test,치과,T2 동의어,2d6fddd9-96a7-4cdd-9682-be71d156f70f,루치아,양식,월산구성로 골목형상점가,골목형상점가,광주광역시,,,
db41dc5f1b892b19b09c,full_annotation_v1,A,q_치과_05,치아,건강·의료 중 '치과'를 판매·제공하는 매장,test,치과,T2 동의어,f23b417a-8123-4389-b354-40e6f7f96924,팬텀골프,옷,송하동 골목형상점가,골목형상점가,광주광역시,,,
ba0379dda786da604d78,full_annotation_v1,A,q_치과_05,치아,건강·의료 중 '치과'를 판매·제공하는 매장,test,치과,T2 동의어,7a93091e-27ee-447a-a8fc-16513897e8d3,포기치아 베르데,,노은상가연합 골목형상점가,골목형상점가,대전광역시,,,
f83970dbfb5e2e1962bf,full_annotation_v1,A,q_치과_05,치아,건강·의료 중 '치과'를 판매·제공하는 매장,test,치과,T2 동의어,ca7a914c-1a6b-4842-b203-1bdec03716c2,최진영치과의원,치아치료,화정역상인회 골목형상점가,골목형상점가,광주광역시,,,
d76892940ed9180f6c0a,full_annotation_v1,A,q_치과_05,치아,건강·의료 중 '치과'를 판매·제공하는 매장,test,치과,T2 동의어,72a0ab6d-841a-42a8-9797-2e33fc9f2114,포카치아디뽈로,양식,흑석시장골목형상점가,골목형상점가,서울특별시,,,
42758c074389aa5852d2,full_annotation_v1,A,q_치과_05,치아,건강·의료 중 '치과'를 판매·제공하는 매장,test,치과,T2 동의어,773642d3-18d6-4baf-bb65-97b5d155ed9c,치아림치과의원,의료,봉선로1 골목형상점가,골목형상점가,광주광역시,,,
6c379bb963f4717b7521,full_annotation_v1,A,q_치과_05,치아,건강·의료 중 '치과'를 판매·제공하는 매장,test,치과,T2 동의어,03f4ec7f-78d2-4184-8295-c29af668d98d,모세대리점(알즈너),발교정구,양양로 골목형상점가,골목형상점가,강원특별자치도,,,
3987debcc0b2fa3fb70d,full_annotation_v1,A,q_치과_05,치아,건강·의료 중 '치과'를 판매·제공하는 매장,test,치과,T2 동의어,0ff8675c-e9fe-4b29-ad4c-5eb6fe90a350,서울온빛치과의원,치아진료서비스,목동깨비시장(구 목3동시장),전통시장,서울특별시,,,
05a55b5eaa43a70d6a86,full_annotation_v1,A,q_치과_05,치아,건강·의료 중 '치과'를 판매·제공하는 매장,test,치과,T2 동의어,2cd15b74-98bf-4b16-bcb1-8c03f351d840,치아커,커피 디저트,혁신도시2구역골목형상점가,골목형상점가,강원특별자치도,,,
5ff8ad3842dfd7a3a3b1,full_annotation_v1,A,q_치과_05,치아,건강·의료 중 '치과'를 판매·제공하는 매장,test,치과,T2 동의어,00fdab59-58f8-4c63-8765-30cb59a78156,도안프라임치과의원,치과진료,목원대 골목형상점가,골목형상점가,대전광역시,,,
9fd786de84f5ff132c4b,full_annotation_v1,A,q_치과_05,치아,건강·의료 중 '치과'를 판매·제공하는 매장,test,치과,T2 동의어,10620bc2-916b-4e49-ab76-c8e662fb7d40,첨단교정,자세교정,임방울대로 골목형상점가,골목형상점가,광주광역시,,,
90c29d8f99fa84caaa90,full_annotation_v1,A,q_치과_05,치아,건강·의료 중 '치과'를 판매·제공하는 매장,test,치과,T2 동의어,4cbd7526-5ab9-4975-84a9-5e888989c3fc,열린치과병원,치아 진료,시청앞 골목형상점가,골목형상점가,충청남도,,,
f6b1245c1b0e90cfd656,full_annotation_v1,A,q_치과_05,치아,건강·의료 중 '치과'를 판매·제공하는 매장,test,치과,T2 동의어,57e4c0af-1983-4569-91c8-0aa08fa1298c,예모아,,원주자유시장,전통시장,강원특별자치도,,,
6e66632ebabcce103137,full_annotation_v1,A,q_치과_05,치아,건강·의료 중 '치과'를 판매·제공하는 매장,test,치과,T2 동의어,a30b634d-2f5b-4a0e-b7f9-6d7bf6634de8,주식회사 한우대세,축산물(한우),마장축산물시장,전통시장,서울특별시,,,
b9744ff87d0eb54912a7,full_annotation_v1,A,q_치과_05,치아,건강·의료 중 '치과'를 판매·제공하는 매장,test,치과,T2 동의어,0002538c-b8d9-4911-81c7-966789036b09,빛고을 치과의원,의원,세은 골목형상점가,골목형상점가,광주광역시,,,
e58a02c3af689ee2fcb2,full_annotation_v1,A,q_치과_06,이빨 아플 때 가는 곳,건강·의료 중 '치과'를 판매·제공하는 매장,test,치과,T4 구어·문장,aed421df-fb16-4822-a6e0-394c827e7a7d,남영상회,농산물,대구능금시장,전통시장,대구광역시,,,
4b65c2a257925125fc2c,full_annotation_v1,A,q_치과_06,이빨 아플 때 가는 곳,건강·의료 중 '치과'를 판매·제공하는 매장,test,치과,T4 구어·문장,c111ac9d-3f3a-405c-a8db-4d127ccda9e2,행복이 있는 곳,잡화,제주로얄쇼핑센터,자율상권구역,제주특별자치도,,,
9414fef6cd4ccb341845,full_annotation_v1,A,q_치과_06,이빨 아플 때 가는 곳,건강·의료 중 '치과'를 판매·제공하는 매장,test,치과,T4 구어·문장,76a3551b-dae4-4326-92cc-662015aedbfb,쉴 곳,한식,칠성로상점가,자율상권구역,제주특별자치도,,,
03c4eaa06b029f02eba0,full_annotation_v1,A,q_치과_06,이빨 아플 때 가는 곳,건강·의료 중 '치과'를 판매·제공하는 매장,test,치과,T4 구어·문장,cc64fbc5-3e72-4e9a-be91-c0a02a005357,날개패션,도매(의류),광희패션몰,전통시장,서울특별시,,,
6c437157c13ab079cc27,full_annotation_v1,A,q_치과_06,이빨 아플 때 가는 곳,건강·의료 중 '치과'를 판매·제공하는 매장,test,치과,T4 구어·문장,8a0d8922-4190-4459-94fc-e79366c4f6f5,백반어때,한식,화순고인돌전통시장,전통시장,전라남도,,,
60af3856bfa938e96fb0,full_annotation_v1,A,q_치과_06,이빨 아플 때 가는 곳,건강·의료 중 '치과'를 판매·제공하는 매장,test,치과,T4 구어·문장,1864de8d-198c-4022-bf63-c39168e9cb9a,한상드림 모닝응암점,반찬,양지시장,전통시장,서울특별시,,,
fce87c076ed23eb1d3ce,full_annotation_v1,A,q_치과_06,이빨 아플 때 가는 곳,건강·의료 중 '치과'를 판매·제공하는 매장,test,치과,T4 구어·문장,0002538c-b8d9-4911-81c7-966789036b09,빛고을 치과의원,의원,세은 골목형상점가,골목형상점가,광주광역시,,,
79a732df3414c1a83ece,full_annotation_v1,A,q_치과_06,이빨 아플 때 가는 곳,건강·의료 중 '치과'를 판매·제공하는 매장,test,치과,T4 구어·문장,465bf4b2-dfc8-479c-b28f-5407842c4927,믿음치과,임플란트 틀니 교정 보철치료,신가아름마을,골목형상점가,광주광역시,,,
2e58ab4cd8156cd452c8,full_annotation_v1,A,q_치과_06,이빨 아플 때 가는 곳,건강·의료 중 '치과'를 판매·제공하는 매장,test,치과,T4 구어·문장,20c4cf39-dc98-4781-8991-6f4d04a52d69,아름드리 치과,치아치료,희담길,골목형상점가,광주광역시,,,
fbefa1725c921843222c,full_annotation_v1,A,q_치과_06,이빨 아플 때 가는 곳,건강·의료 중 '치과'를 판매·제공하는 매장,test,치과,T4 구어·문장,1e5348e1-295e-4f7d-b73a-2dd2f14c1654,연세늘봄치과의원,임플란트,목동깨비시장(구 목3동시장),전통시장,서울특별시,,,
22b0fa3b7a4e15ce43d4,full_annotation_v1,A,q_치과_06,이빨 아플 때 가는 곳,건강·의료 중 '치과'를 판매·제공하는 매장,test,치과,T4 구어·문장,0098c5ef-1296-4b66-899d-68dbda7cb659,연세감동치과,치과,새샘하루 골목형상점가,골목형상점가,세종특별자치시,,,
5e6521cea4719afc066d,full_annotation_v1,A,q_치과_06,이빨 아플 때 가는 곳,건강·의료 중 '치과'를 판매·제공하는 매장,test,치과,T4 구어·문장,af078c6b-c71c-4bde-873f-732a10edecfd,경남상회,야채청과,서울중부시장,전통시장,서울특별시,,,
456aecd0a67e15882b65,full_annotation_v1,A,q_치과_06,이빨 아플 때 가는 곳,건강·의료 중 '치과'를 판매·제공하는 매장,test,치과,T4 구어·문장,2743811c-5e71-4d2b-aa75-1b0147d44f2d,사우 꽃이 피는 곳,꽃,김포 풍년마을 골목형상점가,골목형상점가,경기도,,,
b01beb5fc7e7f032b679,full_annotation_v1,A,q_치과_06,이빨 아플 때 가는 곳,건강·의료 중 '치과'를 판매·제공하는 매장,test,치과,T4 구어·문장,4ff23b90-4c5f-48af-ae9c-9ba2b7684c99,옥길모터스,,부천 옥길 골목형상점가,골목형상점가,경기도,,,
7dc838e1b04076b12d4b,full_annotation_v1,A,q_치과_06,이빨 아플 때 가는 곳,건강·의료 중 '치과'를 판매·제공하는 매장,test,치과,T4 구어·문장,26451631-17c4-4ee8-b529-a46f8d63c5f4,부금당,귀금속,골드테마거리,전통시장,부산광역시,,,
ae1239092148bbd43846,full_annotation_v1,A,q_치과_06,이빨 아플 때 가는 곳,건강·의료 중 '치과'를 판매·제공하는 매장,test,치과,T4 구어·문장,275646ee-9cd2-4d7a-8447-d065f37c7d71,봉선e치과의원,임플란트 등,봉선로1 골목형상점가,골목형상점가,광주광역시,,,
f76d8efd400b77e67b35,full_annotation_v1,A,q_치과_06,이빨 아플 때 가는 곳,건강·의료 중 '치과'를 판매·제공하는 매장,test,치과,T4 구어·문장,24456103-f6b8-46af-8655-82e61d7265d8,커피가 머무르는 곳,커피,반드레길골목형상점가,골목형상점가,서울특별시,,,
2e6e843ee14e363c4e81,full_annotation_v1,A,q_치과_06,이빨 아플 때 가는 곳,건강·의료 중 '치과'를 판매·제공하는 매장,test,치과,T4 구어·문장,b8e89e46-66be-42e4-b87d-b605bc3b135a,찾아가는 한우,한식,의왕도깨비시장,전통시장,경기도,,,
aeb32fb60f535f486f32,full_annotation_v1,A,q_치과_06,이빨 아플 때 가는 곳,건강·의료 중 '치과'를 판매·제공하는 매장,test,치과,T4 구어·문장,3ddad914-31aa-49d0-8944-dc50a379cc92,산들촌 때깔공방,의류,성주시장,전통시장,경상북도,,,
3d666be07180c0b7f1e4,full_annotation_v1,A,q_치과_06,이빨 아플 때 가는 곳,건강·의료 중 '치과'를 판매·제공하는 매장,test,치과,T4 구어·문장,0028aa1f-32df-4fa5-b123-9a5cabf791fa,행복한치과의원,치과,산본로데오거리(구 산본중심상가),자율상권구역,경기도,,,
29a6e6ed8b211178b9a1,full_annotation_v1,A,q_치과_06,이빨 아플 때 가는 곳,건강·의료 중 '치과'를 판매·제공하는 매장,test,치과,T4 구어·문장,91349762-fefc-4a6d-aff9-6229aca0b7f8,아이랑태권도,태권도교육,연제초 앞 골목형상점가,골목형상점가,광주광역시,,,
a656734d2939126e86e5,full_annotation_v1,A,q_치과_06,이빨 아플 때 가는 곳,건강·의료 중 '치과'를 판매·제공하는 매장,test,치과,T4 구어·문장,175d110f-0579-4d11-81f8-27fb3186f5ae,조금남다른커피,커피,서문시장2지구 종합상가,전통시장,대구광역시,,,
f45887ac3429562235a9,full_annotation_v1,A,q_치과_06,이빨 아플 때 가는 곳,건강·의료 중 '치과'를 판매·제공하는 매장,test,치과,T4 구어·문장,25cafcf0-21f0-4684-bea5-346fac187e23,서림약국,"양약, 한약",임동 골목형상점가,골목형상점가,광주광역시,,,
5fa1e2d30ce44e19cbe4,full_annotation_v1,A,q_치과_06,이빨 아플 때 가는 곳,건강·의료 중 '치과'를 판매·제공하는 매장,test,치과,T4 구어·문장,c48e9989-3f9f-4119-beb6-f00ce225d9b6,소주빨,한식,양정자동차마을 골목형상점가,골목형상점가,울산광역시,,,
f4e0c6fef9e3dc0aa38e,full_annotation_v1,A,q_치과_06,이빨 아플 때 가는 곳,건강·의료 중 '치과'를 판매·제공하는 매장,test,치과,T4 구어·문장,331fd695-a9e8-4942-a9d8-1504eae5d122,서울방송스피치아카데미학원,,왕십리도선동상점가,자율상권구역,서울특별시,,,
8d4e5f5703e5d979cf1f,full_annotation_v1,A,q_치과_06,이빨 아플 때 가는 곳,건강·의료 중 '치과'를 판매·제공하는 매장,test,치과,T4 구어·문장,34dddc66-7e16-4603-aeda-6a4be0e4c573,간지뽕빨,의류,서문시장(명품프라자상가),전통시장,대구광역시,,,
a11eb0177bbf11b94bb2,full_annotation_v1,A,q_치과_06,이빨 아플 때 가는 곳,건강·의료 중 '치과'를 판매·제공하는 매장,test,치과,T4 구어·문장,be9f8c61-892c-48ed-a49d-b63bd032c025,소곳,의류,고투몰(강남터미널지하도상점가),일반지하상점가,서울특별시,,,
e1fd739d8c986ebdcb73,full_annotation_v1,A,q_치과_06,이빨 아플 때 가는 곳,건강·의료 중 '치과'를 판매·제공하는 매장,test,치과,T4 구어·문장,224b1b62-1aad-4971-b212-d696510ccee6,옷빨,여성의류,원주자유시장,전통시장,강원특별자치도,,,
2c25dc63b600213c5ae5,full_annotation_v1,A,q_치과_06,이빨 아플 때 가는 곳,건강·의료 중 '치과'를 판매·제공하는 매장,test,치과,T4 구어·문장,e7c75db1-c52f-4574-8798-79a55d8e9846,여긴어때 포자,,울산대바보사거리 골목형상점가,골목형상점가,울산광역시,,,
e951102bd2d061aa793a,full_annotation_v1,A,q_치과_06,이빨 아플 때 가는 곳,건강·의료 중 '치과'를 판매·제공하는 매장,test,치과,T4 구어·문장,93b62a4d-ec3d-4615-9689-5f60648f177c,요만때,의류,명일전통시장,전통시장,서울특별시,,,
8b3442494e32f4d2d7c2,full_annotation_v1,A,q_치과_06,이빨 아플 때 가는 곳,건강·의료 중 '치과'를 판매·제공하는 매장,test,치과,T4 구어·문장,0fc4023c-9fa1-4506-ab4d-ca2c3192746f,잘나가는 멋쟁이,여성읠,신부평지하상가,일반지하상점가,인천광역시,,,
7a3cc7c325f97404488c,full_annotation_v1,A,q_치과_06,이빨 아플 때 가는 곳,건강·의료 중 '치과'를 판매·제공하는 매장,test,치과,T4 구어·문장,bdb973fd-de34-4eb1-863c-38dc720d1cca,아플리케,의류,창원 성원그랜드쇼핑상가,전통시장,경상남도,,,
48123516b6b952b20391,full_annotation_v1,A,q_치과_06,이빨 아플 때 가는 곳,건강·의료 중 '치과'를 판매·제공하는 매장,test,치과,T4 구어·문장,3834a3d2-9a0e-4422-baa9-61c4a4eec597,요맘때,아동복,동해남부재래시장,전통시장,강원특별자치도,,,
737cca0804ad540c864b,full_annotation_v1,A,q_치과_06,이빨 아플 때 가는 곳,건강·의료 중 '치과'를 판매·제공하는 매장,test,치과,T4 구어·문장,c0563d68-0f81-4872-8cc5-47594d519241,내가 잘가는 미용실,미용실,김천황금시장,전통시장,경상북도,,,
fcb72e5f987e5f2d1aa0,full_annotation_v1,A,q_치과_06,이빨 아플 때 가는 곳,건강·의료 중 '치과'를 판매·제공하는 매장,test,치과,T4 구어·문장,e3f1dae9-984b-44fe-a156-97a09f27a303,이모네떡볶이,분식,용인중앙시장,전통시장,경기도,,,
1300f48ce9cf4b75a3f1,full_annotation_v1,A,q_치과_06,이빨 아플 때 가는 곳,건강·의료 중 '치과'를 판매·제공하는 매장,test,치과,T4 구어·문장,06ee26c8-1763-476b-97ca-1e8361bd7edc,하늘푸줏간,축산물,조원시장,전통시장,경기도,,,
46e1d5e5731362acbd1f,full_annotation_v1,A,q_치과_06,이빨 아플 때 가는 곳,건강·의료 중 '치과'를 판매·제공하는 매장,test,치과,T4 구어·문장,f772e197-7e0d-4a8f-ac28-a9e12cc57053,때시(時),커피,파랑새원룸상인회 골목형상점가,골목형상점가,광주광역시,,,
8a0bebb080e8c3d3d290,full_annotation_v1,A,q_치과_06,이빨 아플 때 가는 곳,건강·의료 중 '치과'를 판매·제공하는 매장,test,치과,T4 구어·문장,f04b2731-3052-4241-bb0e-c199b613735f,인생닭빨,한식,표선사거리상점가(골목형상점가),골목형상점가,제주특별자치도,,,
a28ad5587104ce8e824a,full_annotation_v1,A,q_치과_06,이빨 아플 때 가는 곳,건강·의료 중 '치과'를 판매·제공하는 매장,test,치과,T4 구어·문장,90c0b96d-a710-48dd-b3b3-37e79355541c,찾아가는 고기,축산물,의왕도깨비시장,전통시장,경기도,,,
304ebac9bd7391421167,full_annotation_v1,A,q_치과_06,이빨 아플 때 가는 곳,건강·의료 중 '치과'를 판매·제공하는 매장,test,치과,T4 구어·문장,04f73ae1-5ba3-4b7a-9168-f300168979df,연세해맑은치과,치과교정과 진료,둔산2동 골목형상점가,골목형상점가,대전광역시,,,
5bf7921435fbcc0040e4,full_annotation_v1,A,q_치과_06,이빨 아플 때 가는 곳,건강·의료 중 '치과'를 판매·제공하는 매장,test,치과,T4 구어·문장,78b63fe9-0489-4290-8f5c-517e15f86c90,때깔,의류,통영 충무데파트,자율상권구역,경상남도,,,
191c982389de75ef1dd3,full_annotation_v1,A,q_치과_06,이빨 아플 때 가는 곳,건강·의료 중 '치과'를 판매·제공하는 매장,test,치과,T4 구어·문장,3b2df434-2bcb-4d59-9603-efa6ac4b67fb,울트라전기조명,조명,연제초 앞 골목형상점가,골목형상점가,광주광역시,,,
fe4422459345f0129f25,full_annotation_v1,A,q_치과_06,이빨 아플 때 가는 곳,건강·의료 중 '치과'를 판매·제공하는 매장,test,치과,T4 구어·문장,44d0bb10-a15d-422a-9dcd-ea89280178f2,접때,,두정동상점가,자율상권구역,충청남도,,,
f972eb054ce0fafdf9de,full_annotation_v1,A,q_치과_06,이빨 아플 때 가는 곳,건강·의료 중 '치과'를 판매·제공하는 매장,test,치과,T4 구어·문장,391ef1d9-0ec7-4b5d-b714-9666ad3043c3,이치과의원,치아,창원 가음정시장,전통시장,경상남도,,,
28fc6e9cdf56cc8d2326,full_annotation_v1,A,q_치과_06,이빨 아플 때 가는 곳,건강·의료 중 '치과'를 판매·제공하는 매장,test,치과,T4 구어·문장,013192a9-d34f-4b2a-99f4-e33a2cbf1e72,서울굿모닝치과의원,치과,종촌동골목형상점가,골목형상점가,세종특별자치시,,,
e283d6148db9b9eaefe1,full_annotation_v1,A,q_치과_06,이빨 아플 때 가는 곳,건강·의료 중 '치과'를 판매·제공하는 매장,test,치과,T4 구어·문장,8dc1ca0f-84e8-4fd3-b883-7c92566f5192,커피어때,,승달 골목형상점가,골목형상점가,,,,
6586a012031969a88611,full_annotation_v1,A,q_치과_06,이빨 아플 때 가는 곳,건강·의료 중 '치과'를 판매·제공하는 매장,test,치과,T4 구어·문장,60f34431-6960-42f8-aabb-5d0c39d6f6d4,거꾸로 가는 시간,피부 미용,서산번화2로,자율상권구역,충청남도,,,
29d3adacc754e33c3e1b,full_annotation_v1,A,q_치과_06,이빨 아플 때 가는 곳,건강·의료 중 '치과'를 판매·제공하는 매장,test,치과,T4 구어·문장,8809714c-ac65-48ef-b67d-f5921c1ef1e3,김복동누룽지,판매(누룽지),금호행복시장(금호시장),전통시장,경기도,,,
8604c3ac176e9b4730aa,full_annotation_v1,A,q_치과_06,이빨 아플 때 가는 곳,건강·의료 중 '치과'를 판매·제공하는 매장,test,치과,T4 구어·문장,06261986-3eba-4244-b63f-397460d82f4a,이곳,미용,나주혁신도시 골목형상점가,골목형상점가,전라남도,,,
5beb000d89d6a291e5c5,full_annotation_v1,A,q_치과_06,이빨 아플 때 가는 곳,건강·의료 중 '치과'를 판매·제공하는 매장,test,치과,T4 구어·문장,2f38c6db-8998-40ae-9edc-d11122415d22,피자는치즈빨,피자,쌍촌로상인회 골목형상점가,골목형상점가,광주광역시,,,
7d0ac4df79954ebabae7,full_annotation_v1,A,q_치과_06,이빨 아플 때 가는 곳,건강·의료 중 '치과'를 판매·제공하는 매장,test,치과,T4 구어·문장,1a7dc9ec-4251-4532-9fde-76eb94549b69,효정분식,분식,구매탄시장,전통시장,경기도,,,
4fce30c803f1e433243d,full_annotation_v1,A,q_치과_06,이빨 아플 때 가는 곳,건강·의료 중 '치과'를 판매·제공하는 매장,test,치과,T4 구어·문장,00fdab59-58f8-4c63-8765-30cb59a78156,도안프라임치과의원,치과진료,목원대 골목형상점가,골목형상점가,대전광역시,,,
61cfef67b8e17b017306,full_annotation_v1,A,q_치과_06,이빨 아플 때 가는 곳,건강·의료 중 '치과'를 판매·제공하는 매장,test,치과,T4 구어·문장,10620bc2-916b-4e49-ab76-c8e662fb7d40,첨단교정,자세교정,임방울대로 골목형상점가,골목형상점가,광주광역시,,,
058d77c56d6af8956d1a,full_annotation_v1,A,q_치과_06,이빨 아플 때 가는 곳,건강·의료 중 '치과'를 판매·제공하는 매장,test,치과,T4 구어·문장,20e990e4-aaf3-4784-9ba0-caad51d06b23,곳간,한식,수완장덕 골목형상점가,골목형상점가,광주광역시,,,
234bc54293e40c8d3573,full_annotation_v1,A,q_치과_06,이빨 아플 때 가는 곳,건강·의료 중 '치과'를 판매·제공하는 매장,test,치과,T4 구어·문장,d902c991-278a-4f7a-99ad-a1323d57e744,오돈때,,울산대바보사거리 골목형상점가,골목형상점가,울산광역시,,,
0df824d28104e0abb78c,full_annotation_v1,A,q_치과_06,이빨 아플 때 가는 곳,건강·의료 중 '치과'를 판매·제공하는 매장,test,치과,T4 구어·문장,744e7a34-a7b5-4440-a3fa-eacbac721629,육아는 장비빨,아동복,서천특화시장,전통시장,충청남도,,,
414873ea803996ae7602,full_annotation_v1,A,q_치과_06,이빨 아플 때 가는 곳,건강·의료 중 '치과'를 판매·제공하는 매장,test,치과,T4 구어·문장,0a1a14d8-f92a-433d-bb79-64d059dc39ae,아파유,체형교정 및 교육,해밀동 골목형상점가,골목형상점가,세종특별자치시,,,
2ddf6091c1536bae31cc,full_annotation_v1,A,q_치과_06,이빨 아플 때 가는 곳,건강·의료 중 '치과'를 판매·제공하는 매장,test,치과,T4 구어·문장,2ca498c2-a0bd-4a3e-8ba9-a960c280540a,봉선연합치과,"임플란트, 매복사랑니 발치, 보철, 스케일링, 치과진료",대남대로181번길 골목형상점가,골목형상점가,광주광역시,,,
131ef781d7573c394787,full_annotation_v1,A,q_치과_06,이빨 아플 때 가는 곳,건강·의료 중 '치과'를 판매·제공하는 매장,test,치과,T4 구어·문장,888f2461-9fe0-4895-ab13-bfb76c6e2ed2,성도상회,"식료품, 잡화",청량리전통시장,전통시장,서울특별시,,,
4c43b39c745699d34f48,full_annotation_v1,A,q_치과_06,이빨 아플 때 가는 곳,건강·의료 중 '치과'를 판매·제공하는 매장,test,치과,T4 구어·문장,0e2e755c-8da6-4a62-a7f2-090761b15e55,가는거야 미용실,두발 미용,광복마을3-4길 골목형상점가,골목형상점가,광주광역시,,,
be80fd780ce8ae1282e8,full_annotation_v1,A,q_치과_06,이빨 아플 때 가는 곳,건강·의료 중 '치과'를 판매·제공하는 매장,test,치과,T4 구어·문장,e8651860-2cc1-454d-ba49-9d66cca6ac19,한근숯불닭갈비,,부천 옥길 골목형상점가,골목형상점가,경기도,,,
c9ba0391648f1e361276,full_annotation_v1,A,q_치과_06,이빨 아플 때 가는 곳,건강·의료 중 '치과'를 판매·제공하는 매장,test,치과,T4 구어·문장,8f2f6e10-2263-4a49-84e9-329707844929,가는길에,기념품,동문재래시장,전통시장,제주특별자치도,,,
8d1791aff0e83ff6ab76,full_annotation_v1,A,q_치과_06,이빨 아플 때 가는 곳,건강·의료 중 '치과'를 판매·제공하는 매장,test,치과,T4 구어·문장,af841040-0055-4f95-bbe1-b98bb9cf9b59,밀곳,제과,부평깡통시장(구 부산부평시장),전통시장,부산광역시,,,
4131d28b0a46c5a57f7a,full_annotation_v1,A,q_치과_06,이빨 아플 때 가는 곳,건강·의료 중 '치과'를 판매·제공하는 매장,test,치과,T4 구어·문장,28c082bc-f6a9-4268-81ec-9d69f6468cb1,때깔,의류,하양꿈바우시장,전통시장,경상북도,,,
0e25f2b55c41760915ac,full_annotation_v1,A,q_치과_06,이빨 아플 때 가는 곳,건강·의료 중 '치과'를 판매·제공하는 매장,test,치과,T4 구어·문장,1eaf6dc3-f0f0-4350-8341-9f6f4334b965,다소곳,옷,전주모래내시장,전통시장,전북특별자치도,,,
db60422e0ea508d66e96,full_annotation_v1,A,q_치과_06,이빨 아플 때 가는 곳,건강·의료 중 '치과'를 판매·제공하는 매장,test,치과,T4 구어·문장,000d633c-e5d5-4ab7-afea-88785b1eda92,e클린치과의원,치과,상암마을상인회 골목형상점가,골목형상점가,광주광역시,,,
0ab2d85cb5f153ad1c00,full_annotation_v1,A,q_치과_06,이빨 아플 때 가는 곳,건강·의료 중 '치과'를 판매·제공하는 매장,test,치과,T4 구어·문장,3c6fdfe4-a9c3-4300-88ee-5f48b35d9334,피자는치즈빨,피자,두암2동면앙로 골목형상점가,골목형상점가,광주광역시,,,
76068a70c03f7f7576ff,full_annotation_v1,A,q_치과_06,이빨 아플 때 가는 곳,건강·의료 중 '치과'를 판매·제공하는 매장,test,치과,T4 구어·문장,135607e4-b86f-4ee3-8ac8-d8e69133c49a,가지런e류교정치과,치과진료 치아 교정치료,말바우시장,전통시장,광주광역시,,,
b5bce8c8a6b7c6ac1adf,full_annotation_v1,A,q_치과_06,이빨 아플 때 가는 곳,건강·의료 중 '치과'를 판매·제공하는 매장,test,치과,T4 구어·문장,c0cc81b4-89ec-4a70-b6f7-089de1fd92a8,소소한곳,,양산 물금백호마을 골목형상점가,골목형상점가,경상남도,,,
8d245098404e758992db,full_annotation_v1,A,q_치과_06,이빨 아플 때 가는 곳,건강·의료 중 '치과'를 판매·제공하는 매장,test,치과,T4 구어·문장,03f4ec7f-78d2-4184-8295-c29af668d98d,모세대리점(알즈너),발교정구,양양로 골목형상점가,골목형상점가,강원특별자치도,,,
15ab9379b2f84e5bc5f6,full_annotation_v1,A,q_치과_06,이빨 아플 때 가는 곳,건강·의료 중 '치과'를 판매·제공하는 매장,test,치과,T4 구어·문장,19b6e5db-5866-4752-afed-7fa0dc010f81,곳간,한식,태화십리대밭먹거리단지 상점가,자율상권구역,울산광역시,,,
93a00aa6df25ab0e00fd,full_annotation_v1,A,q_치과_06,이빨 아플 때 가는 곳,건강·의료 중 '치과'를 판매·제공하는 매장,test,치과,T4 구어·문장,01b52fc6-d48d-430d-981d-7623dc5c38ca,가는날이장날,음식,고령대가야시장,전통시장,경상북도,,,
9a49d8c6e54cc32318cf,full_annotation_v1,A,q_치과_06,이빨 아플 때 가는 곳,건강·의료 중 '치과'를 판매·제공하는 매장,test,치과,T4 구어·문장,3de6b61a-060a-4eeb-a6f5-2b73bf2317af,다은치과의원,"크라운, 임플란트 등",문화1동 골목형상점가,골목형상점가,대전광역시,,,
82f069bd65bc518b83e9,full_annotation_v1,A,q_치과_06,이빨 아플 때 가는 곳,건강·의료 중 '치과'를 판매·제공하는 매장,test,치과,T4 구어·문장,842f6cf1-6411-4f4b-be23-746d79e31656,섬곳,한식,플레이사계 지오단길 골목형상점가,골목형상점가,제주특별자치도,,,
abc7d19589567c58ad4f,full_annotation_v1,A,q_치과_06,이빨 아플 때 가는 곳,건강·의료 중 '치과'를 판매·제공하는 매장,test,치과,T4 구어·문장,0ff8675c-e9fe-4b29-ad4c-5eb6fe90a350,서울온빛치과의원,치아진료서비스,목동깨비시장(구 목3동시장),전통시장,서울특별시,,,
8f8b068b6d8517775c0b,full_annotation_v1,A,q_치과_06,이빨 아플 때 가는 곳,건강·의료 중 '치과'를 판매·제공하는 매장,test,치과,T4 구어·문장,1013504c-b2d6-4091-8cc1-15eecee0aeff,그래비티코어,운동재활 체형교정,유천택지올림픽길골목형상점가,골목형상점가,강원특별자치도,,,
db42aa80847dc5867679,full_annotation_v1,A,q_치과_06,이빨 아플 때 가는 곳,건강·의료 중 '치과'를 판매·제공하는 매장,test,치과,T4 구어·문장,1e66f54f-6684-4ee2-bbdb-e21e30ab0207,서플,의류,화운로상인회 골목형상점가,골목형상점가,광주광역시,,,
5c175a74d7b9091dbb4a,full_annotation_v1,A,q_치과_07,치아 치료하는 곳,건강·의료 중 '치과'를 판매·제공하는 매장,test,치과,T4 구어·문장,3c796233-4258-45ca-a9e9-bd021cee9d0b,강치과의원,치과 치료,행복 북문대로2 골목형상점가,골목형상점가,광주광역시,,,
45f694c33b726e54a49d,full_annotation_v1,A,q_치과_07,치아 치료하는 곳,건강·의료 중 '치과'를 판매·제공하는 매장,test,치과,T4 구어·문장,64fbc1fe-0f5f-4f18-8ea9-e859d36e40bd,바른수치과의원,치아치료,화정역상인회 골목형상점가,골목형상점가,광주광역시,,,
14b7900b051bb5b3f8bb,full_annotation_v1,A,q_치과_07,치아 치료하는 곳,건강·의료 중 '치과'를 판매·제공하는 매장,test,치과,T4 구어·문장,04f73ae1-5ba3-4b7a-9168-f300168979df,연세해맑은치과,치과교정과 진료,둔산2동 골목형상점가,골목형상점가,대전광역시,,,
fd7ad0c2402953552cfb,full_annotation_v1,A,q_치과_07,치아 치료하는 곳,건강·의료 중 '치과'를 판매·제공하는 매장,test,치과,T4 구어·문장,d8d78a6f-ba86-4032-9d06-8f6dbd3a3dda,미술하는 아이들,공방,조종시장,전통시장,경기도,,,
313b6e8b672e97ddf71d,full_annotation_v1,A,q_치과_07,치아 치료하는 곳,건강·의료 중 '치과'를 판매·제공하는 매장,test,치과,T4 구어·문장,0ff8675c-e9fe-4b29-ad4c-5eb6fe90a350,서울온빛치과의원,치아진료서비스,목동깨비시장(구 목3동시장),전통시장,서울특별시,,,
16d584e9ad0eeb8a025b,full_annotation_v1,A,q_치과_07,치아 치료하는 곳,건강·의료 중 '치과'를 판매·제공하는 매장,test,치과,T4 구어·문장,b8449cfe-9baf-4659-90be-536243fc5b42,세종365치과의원,치과질환검진 및 치료,나성중앙 골목형상점가,골목형상점가,세종특별자치시,,,
c201f7cd3b9996e4ac9f,full_annotation_v1,A,q_치과_07,치아 치료하는 곳,건강·의료 중 '치과'를 판매·제공하는 매장,test,치과,T4 구어·문장,4541a6ae-893e-4504-b28c-9a38e13d088b,명호공주얼큰이칼국수쭈꾸미대전본점,한식,88글러브 골목형상점가,골목형상점가,대전광역시,,,
dc08b88298e3594ee66c,full_annotation_v1,A,q_치과_07,치아 치료하는 곳,건강·의료 중 '치과'를 판매·제공하는 매장,test,치과,T4 구어·문장,7a394c65-b6d2-49ed-9502-8e3608833d82,홍가네 건어물,건어물,엄사 골목형상점가,골목형상점가,충청남도,,,
d3551a94664c569aecf0,full_annotation_v1,A,q_치과_07,치아 치료하는 곳,건강·의료 중 '치과'를 판매·제공하는 매장,test,치과,T4 구어·문장,c17b658e-f178-4aab-9338-b537fb2be41c,금산인삼,건강식품,고척근린시장,전통시장,서울특별시,,,
4b8f78ebff52fd8d85aa,full_annotation_v1,A,q_치과_07,치아 치료하는 곳,건강·의료 중 '치과'를 판매·제공하는 매장,test,치과,T4 구어·문장,d623def9-239c-4fa7-b07b-defedaf83e7b,인덕원치과의원,치아 치료,인덕원 골목형상점가,골목형상점가,경기도,,,
42423825a4f7b0b155c8,full_annotation_v1,A,q_치과_07,치아 치료하는 곳,건강·의료 중 '치과'를 판매·제공하는 매장,test,치과,T4 구어·문장,3531ad10-6f9d-4e70-9717-b442eb667322,미젤 화장품,,도마달 골목형상점가,골목형상점가,대전광역시,,,
6a570a775fad924cd2c8,full_annotation_v1,A,q_치과_07,치아 치료하는 곳,건강·의료 중 '치과'를 판매·제공하는 매장,test,치과,T4 구어·문장,7ff94658-93a2-40b8-b54f-d2284111b1dc,야사중탕가공소,즉석두부제조,야사문화골목형상점가,골목형상점가,경상북도,,,
abb6308ff02a73c40666,full_annotation_v1,A,q_치과_07,치아 치료하는 곳,건강·의료 중 '치과'를 판매·제공하는 매장,test,치과,T4 구어·문장,649b8007-0b49-491a-a626-52edd5088f8a,두산치과,치아치료,첨단호두라 골목형상점가,골목형상점가,광주광역시,,,
3536a8f5f5c4c7cd8df3,full_annotation_v1,A,q_치과_07,치아 치료하는 곳,건강·의료 중 '치과'를 판매·제공하는 매장,test,치과,T4 구어·문장,10620bc2-916b-4e49-ab76-c8e662fb7d40,첨단교정,자세교정,임방울대로 골목형상점가,골목형상점가,광주광역시,,,
44a6672e625e35290046,full_annotation_v1,A,q_치과_07,치아 치료하는 곳,건강·의료 중 '치과'를 판매·제공하는 매장,test,치과,T4 구어·문장,275646ee-9cd2-4d7a-8447-d065f37c7d71,봉선e치과의원,임플란트 등,봉선로1 골목형상점가,골목형상점가,광주광역시,,,
0872b84ed4eec6da5eb4,full_annotation_v1,A,q_치과_07,치아 치료하는 곳,건강·의료 중 '치과'를 판매·제공하는 매장,test,치과,T4 구어·문장,ca7a914c-1a6b-4842-b203-1bdec03716c2,최진영치과의원,치아치료,화정역상인회 골목형상점가,골목형상점가,광주광역시,,,
ddfa2efdf5020c37531d,full_annotation_v1,A,q_치과_07,치아 치료하는 곳,건강·의료 중 '치과'를 판매·제공하는 매장,test,치과,T4 구어·문장,0a1a14d8-f92a-433d-bb79-64d059dc39ae,아파유,체형교정 및 교육,해밀동 골목형상점가,골목형상점가,세종특별자치시,,,
bb91dbb2098c2fd58531,full_annotation_v1,A,q_치과_07,치아 치료하는 곳,건강·의료 중 '치과'를 판매·제공하는 매장,test,치과,T4 구어·문장,0028aa1f-32df-4fa5-b123-9a5cabf791fa,행복한치과의원,치과,산본로데오거리(구 산본중심상가),자율상권구역,경기도,,,
59bafdd67f0af93b7d40,full_annotation_v1,A,q_치과_07,치아 치료하는 곳,건강·의료 중 '치과'를 판매·제공하는 매장,test,치과,T4 구어·문장,24456103-f6b8-46af-8655-82e61d7265d8,커피가 머무르는 곳,커피,반드레길골목형상점가,골목형상점가,서울특별시,,,
54ba303238c5413c05cd,full_annotation_v1,A,q_치과_07,치아 치료하는 곳,건강·의료 중 '치과'를 판매·제공하는 매장,test,치과,T4 구어·문장,000d633c-e5d5-4ab7-afea-88785b1eda92,e클린치과의원,치과,상암마을상인회 골목형상점가,골목형상점가,광주광역시,,,
d73a019e07cfd0b894f8,full_annotation_v1,A,q_치과_07,치아 치료하는 곳,건강·의료 중 '치과'를 판매·제공하는 매장,test,치과,T4 구어·문장,842f6cf1-6411-4f4b-be23-746d79e31656,섬곳,한식,플레이사계 지오단길 골목형상점가,골목형상점가,제주특별자치도,,,
2ce8a395e6fbc1958e97,full_annotation_v1,A,q_치과_07,치아 치료하는 곳,건강·의료 중 '치과'를 판매·제공하는 매장,test,치과,T4 구어·문장,2cd15b74-98bf-4b16-bcb1-8c03f351d840,치아커,커피 디저트,혁신도시2구역골목형상점가,골목형상점가,강원특별자치도,,,
f6fe02d7300fc4a85392,full_annotation_v1,A,q_치과_07,치아 치료하는 곳,건강·의료 중 '치과'를 판매·제공하는 매장,test,치과,T4 구어·문장,2743811c-5e71-4d2b-aa75-1b0147d44f2d,사우 꽃이 피는 곳,꽃,김포 풍년마을 골목형상점가,골목형상점가,경기도,,,
a30892b0077a0e00450f,full_annotation_v1,A,q_치과_07,치아 치료하는 곳,건강·의료 중 '치과'를 판매·제공하는 매장,test,치과,T4 구어·문장,526d5226-5a90-4377-8ee7-cf95821bdcde,라탄하는 시간,공예품,담양중앙 골목형상점가,골목형상점가,전라남도,,,
599c3513116fcf83d68f,full_annotation_v1,A,q_치과_07,치아 치료하는 곳,건강·의료 중 '치과'를 판매·제공하는 매장,test,치과,T4 구어·문장,465bf4b2-dfc8-479c-b28f-5407842c4927,믿음치과,임플란트 틀니 교정 보철치료,신가아름마을,골목형상점가,광주광역시,,,
98c08a019c0b0c89aca7,full_annotation_v1,A,q_치과_07,치아 치료하는 곳,건강·의료 중 '치과'를 판매·제공하는 매장,test,치과,T4 구어·문장,135607e4-b86f-4ee3-8ac8-d8e69133c49a,가지런e류교정치과,치과진료 치아 교정치료,말바우시장,전통시장,광주광역시,,,
f26cfc7206e5e5dd380b,full_annotation_v1,A,q_치과_07,치아 치료하는 곳,건강·의료 중 '치과'를 판매·제공하는 매장,test,치과,T4 구어·문장,c111ac9d-3f3a-405c-a8db-4d127ccda9e2,행복이 있는 곳,잡화,제주로얄쇼핑센터,자율상권구역,제주특별자치도,,,
bf75c3ba379cab0191c0,full_annotation_v1,A,q_치과_07,치아 치료하는 곳,건강·의료 중 '치과'를 판매·제공하는 매장,test,치과,T4 구어·문장,db1a81d2-fa76-49e9-80ba-174f85d72363,연세해밀 치과의원,치아치료,해밀동 골목형상점가,골목형상점가,세종특별자치시,,,
c906dbd8732d21e38450,full_annotation_v1,A,q_치과_07,치아 치료하는 곳,건강·의료 중 '치과'를 판매·제공하는 매장,test,치과,T4 구어·문장,ade64e9f-7bd8-4332-b9b6-35bab6b758c6,문화농원,,도마달 골목형상점가,골목형상점가,대전광역시,,,
52037f3d912d654555eb,full_annotation_v1,A,q_치과_07,치아 치료하는 곳,건강·의료 중 '치과'를 판매·제공하는 매장,test,치과,T4 구어·문장,06261986-3eba-4244-b63f-397460d82f4a,이곳,미용,나주혁신도시 골목형상점가,골목형상점가,전라남도,,,
37f60d07d66787e19261,full_annotation_v1,A,q_치과_07,치아 치료하는 곳,건강·의료 중 '치과'를 판매·제공하는 매장,test,치과,T4 구어·문장,be9f8c61-892c-48ed-a49d-b63bd032c025,소곳,의류,고투몰(강남터미널지하도상점가),일반지하상점가,서울특별시,,,
8740b9a6b65f8ba8da9e,full_annotation_v1,A,q_치과_07,치아 치료하는 곳,건강·의료 중 '치과'를 판매·제공하는 매장,test,치과,T4 구어·문장,331fd695-a9e8-4942-a9d8-1504eae5d122,서울방송스피치아카데미학원,,왕십리도선동상점가,자율상권구역,서울특별시,,,
fae6c6636bc4bc06f76c,full_annotation_v1,A,q_치과_07,치아 치료하는 곳,건강·의료 중 '치과'를 판매·제공하는 매장,test,치과,T4 구어·문장,1013504c-b2d6-4091-8cc1-15eecee0aeff,그래비티코어,운동재활 체형교정,유천택지올림픽길골목형상점가,골목형상점가,강원특별자치도,,,
46c106c43dd81e1ae636,full_annotation_v1,A,q_치과_07,치아 치료하는 곳,건강·의료 중 '치과'를 판매·제공하는 매장,test,치과,T4 구어·문장,0098c5ef-1296-4b66-899d-68dbda7cb659,연세감동치과,치과,새샘하루 골목형상점가,골목형상점가,세종특별자치시,,,
6ae28fe0537997a7ce6a,full_annotation_v1,A,q_치과_07,치아 치료하는 곳,건강·의료 중 '치과'를 판매·제공하는 매장,test,치과,T4 구어·문장,0002538c-b8d9-4911-81c7-966789036b09,빛고을 치과의원,의원,세은 골목형상점가,골목형상점가,광주광역시,,,
ba7609921d3e8e4c1c65,full_annotation_v1,A,q_치과_07,치아 치료하는 곳,건강·의료 중 '치과'를 판매·제공하는 매장,test,치과,T4 구어·문장,d121e15f-dff6-4157-99f0-e3a20442838b,경희용운한의원,치료,용운시장,전통시장,대전광역시,,,
ca4c4233c2f28b0b8ef5,full_annotation_v1,A,q_치과_07,치아 치료하는 곳,건강·의료 중 '치과'를 판매·제공하는 매장,test,치과,T4 구어·문장,1b20bf9a-b779-4dde-8d65-d345ed37d667,산타루치아,경양식,안양아크로상가골목형상점가,골목형상점가,경기도,,,
a6a0e6afdfaf540cfc97,full_annotation_v1,A,q_치과_07,치아 치료하는 곳,건강·의료 중 '치과'를 판매·제공하는 매장,test,치과,T4 구어·문장,ed73e61f-d4aa-4b8e-9e23-d2274a66eee5,머리하는 날,미용,송도용보 골목형상점가,골목형상점가,광주광역시,,,
e33b8b55a51de6ca49a6,full_annotation_v1,A,q_치과_07,치아 치료하는 곳,건강·의료 중 '치과'를 판매·제공하는 매장,test,치과,T4 구어·문장,4cbd7526-5ab9-4975-84a9-5e888989c3fc,열린치과병원,치아 진료,시청앞 골목형상점가,골목형상점가,충청남도,,,
7ac4f59a37277f4158c4,full_annotation_v1,A,q_치과_07,치아 치료하는 곳,건강·의료 중 '치과'를 판매·제공하는 매장,test,치과,T4 구어·문장,fba59866-17b0-40d7-ad91-2ada4851988b,로치아 지족점,요리,지족반석 골목형상점가,골목형상점가,대전광역시,,,
0b97d34741d120147dd8,full_annotation_v1,A,q_치과_07,치아 치료하는 곳,건강·의료 중 '치과'를 판매·제공하는 매장,test,치과,T4 구어·문장,1e5348e1-295e-4f7d-b73a-2dd2f14c1654,연세늘봄치과의원,임플란트,목동깨비시장(구 목3동시장),전통시장,서울특별시,,,
ab180944ec4902396ce3,full_annotation_v1,A,q_치과_07,치아 치료하는 곳,건강·의료 중 '치과'를 판매·제공하는 매장,test,치과,T4 구어·문장,1bff10f1-3af7-407f-be27-fcf526d6128d,베네치아,음식,지산유원지 상점가,자율상권구역,광주광역시,,,
58f06ca5385db9a90d09,full_annotation_v1,A,q_치과_07,치아 치료하는 곳,건강·의료 중 '치과'를 판매·제공하는 매장,test,치과,T4 구어·문장,2bffab5a-933a-4eca-ae63-c65b83586eba,도화,한식,신도꼼지락시장,전통시장,대전광역시,,,
ed828def82349796cc45,full_annotation_v1,A,q_치과_07,치아 치료하는 곳,건강·의료 중 '치과'를 판매·제공하는 매장,test,치과,T4 구어·문장,7a93091e-27ee-447a-a8fc-16513897e8d3,포기치아 베르데,,노은상가연합 골목형상점가,골목형상점가,대전광역시,,,
99f385aea4485a5f13d5,full_annotation_v1,A,q_치과_07,치아 치료하는 곳,건강·의료 중 '치과'를 판매·제공하는 매장,test,치과,T4 구어·문장,2ca498c2-a0bd-4a3e-8ba9-a960c280540a,봉선연합치과,"임플란트, 매복사랑니 발치, 보철, 스케일링, 치과진료",대남대로181번길 골목형상점가,골목형상점가,광주광역시,,,
772a76e0129701514a70,full_annotation_v1,A,q_치과_07,치아 치료하는 곳,건강·의료 중 '치과'를 판매·제공하는 매장,test,치과,T4 구어·문장,1c48ef6c-d475-4858-8aab-0ee9b8033fdb,면도하는 총각,,순천원도심상점가,자율상권구역,,,,
fceb9ea61ce823b8b7b1,full_annotation_v1,A,q_치과_07,치아 치료하는 곳,건강·의료 중 '치과'를 판매·제공하는 매장,test,치과,T4 구어·문장,76a3551b-dae4-4326-92cc-662015aedbfb,쉴 곳,한식,칠성로상점가,자율상권구역,제주특별자치도,,,
9b5a2b8b8cf32a6a0a1d,full_annotation_v1,A,q_치과_07,치아 치료하는 곳,건강·의료 중 '치과'를 판매·제공하는 매장,test,치과,T4 구어·문장,391ef1d9-0ec7-4b5d-b714-9666ad3043c3,이치과의원,치아,창원 가음정시장,전통시장,경상남도,,,
af9973818373846e2865,full_annotation_v1,A,q_치과_07,치아 치료하는 곳,건강·의료 중 '치과'를 판매·제공하는 매장,test,치과,T4 구어·문장,b1d7242d-f16b-483d-a304-b6eefc117a7e,루치아,기성복,아트프라자,자율상권구역,서울특별시,,,
9304e8cfb68423673f85,full_annotation_v1,A,q_치과_07,치아 치료하는 곳,건강·의료 중 '치과'를 판매·제공하는 매장,test,치과,T4 구어·문장,dc98d1fc-3eaf-4eaa-a11f-90a637553aae,꽃자리,한옥체험숙박,전주한옥마을 골목형상점가,골목형상점가,전북특별자치도,,,
3dc457e134feec026615,full_annotation_v1,A,q_치과_07,치아 치료하는 곳,건강·의료 중 '치과'를 판매·제공하는 매장,test,치과,T4 구어·문장,6791acf3-62a4-45f2-87c1-c9cd56489c85,박은영에스테틱,,사리골상점가,자율상권구역,경기도,,,
236e367e638e2cc9f652,full_annotation_v1,A,q_치과_07,치아 치료하는 곳,건강·의료 중 '치과'를 판매·제공하는 매장,test,치과,T4 구어·문장,d3c18280-f2a0-4ee6-b3fe-b3d3d2180f98,베네치아,,홍도 골목형상점가,골목형상점가,대전광역시,,,
2f4ebcbf85309817dc22,full_annotation_v1,A,q_치과_07,치아 치료하는 곳,건강·의료 중 '치과'를 판매·제공하는 매장,test,치과,T4 구어·문장,6fb5974d-5d6f-491b-8a8c-5883cdd2fc24,김현오치과,치아,유안초등북길 골목형상점가,골목형상점가,광주광역시,,,
2a8c103d3135fa1dc399,full_annotation_v1,A,q_치과_07,치아 치료하는 곳,건강·의료 중 '치과'를 판매·제공하는 매장,test,치과,T4 구어·문장,01b66878-39cb-4d76-a139-528348a1e660,영진건어물상회,건어물,영천공설시장,전통시장,경상북도,,,
2ab1b2af32473b026f6b,full_annotation_v1,A,q_치과_07,치아 치료하는 곳,건강·의료 중 '치과'를 판매·제공하는 매장,test,치과,T4 구어·문장,20c4cf39-dc98-4781-8991-6f4d04a52d69,아름드리 치과,치아치료,희담길,골목형상점가,광주광역시,,,
1015e8e6c6faec3dd7b8,full_annotation_v1,A,q_치과_07,치아 치료하는 곳,건강·의료 중 '치과'를 판매·제공하는 매장,test,치과,T4 구어·문장,3de6b61a-060a-4eeb-a6f5-2b73bf2317af,다은치과의원,"크라운, 임플란트 등",문화1동 골목형상점가,골목형상점가,대전광역시,,,
fcb765ec15c060dea305,full_annotation_v1,A,q_치과_07,치아 치료하는 곳,건강·의료 중 '치과'를 판매·제공하는 매장,test,치과,T4 구어·문장,13a15c0b-7143-4162-b2f1-7ae9f203b5d7,네일하는 소리,네일,오구구오골목형상점가,골목형상점가,경기도,,,
35da07935774ec0f6e54,full_annotation_v1,A,q_치과_07,치아 치료하는 곳,건강·의료 중 '치과'를 판매·제공하는 매장,test,치과,T4 구어·문장,c95c5a3f-3311-4019-a09b-07f1520b2c49,모은치과의원,치아치료,양산호수공원 골목형상점가,골목형상점가,광주광역시,,,
4ba7b1b13a907739295d,full_annotation_v1,A,q_치과_07,치아 치료하는 곳,건강·의료 중 '치과'를 판매·제공하는 매장,test,치과,T4 구어·문장,bae658ee-5c98-4ae4-b12c-a5329f442eff,새빛치과의원,치아치료,용산지구 골목형상점가,골목형상점가,광주광역시,,,
283a6d84198292ac56fe,full_annotation_v1,A,q_치과_07,치아 치료하는 곳,건강·의료 중 '치과'를 판매·제공하는 매장,test,치과,T4 구어·문장,44f0ae81-bd1f-489f-a26b-f17eae7ea79d,미용하는 강아지,,관저상가 골목형상점가,골목형상점가,대전광역시,,,
880708401f4bea589396,full_annotation_v1,A,q_치과_07,치아 치료하는 곳,건강·의료 중 '치과'를 판매·제공하는 매장,test,치과,T4 구어·문장,81daa6e5-04d4-46ec-9a09-2461470e9ea7,요가하는 나무,요가원,까치산시장,전통시장,서울특별시,,,
73bc4e80fdf4da39e87c,full_annotation_v1,A,q_치과_07,치아 치료하는 곳,건강·의료 중 '치과'를 판매·제공하는 매장,test,치과,T4 구어·문장,9f974145-dc5c-490d-9438-2d402ed3909d,싱싱야채,야채,강북북부골목시장 골목형상점가,골목형상점가,서울특별시,,,
db682e6e456c86adcdd9,full_annotation_v1,A,q_치과_07,치아 치료하는 곳,건강·의료 중 '치과'를 판매·제공하는 매장,test,치과,T4 구어·문장,8753dd1a-9ed0-466a-bf15-ca920d69cbb8,늘푸른병원,치료,월산4동 골목형상점가,골목형상점가,광주광역시,,,
b2116f9b61ccc57c770b,full_annotation_v1,A,q_치과_07,치아 치료하는 곳,건강·의료 중 '치과'를 판매·제공하는 매장,test,치과,T4 구어·문장,9b61f9d6-ab21-46f0-9887-042840729ff6,대승호,수산물,궁평항해오름수산시장,전통시장,경기도,,,
f6ed7c6a94816c521966,full_annotation_v1,A,q_치과_07,치아 치료하는 곳,건강·의료 중 '치과'를 판매·제공하는 매장,test,치과,T4 구어·문장,91783703-3274-4ef4-93f1-de083cd86644,베네치아,의류,서문시장2지구 종합상가,전통시장,대구광역시,,,
343a247981eff5c5189a,full_annotation_v1,A,q_치과_07,치아 치료하는 곳,건강·의료 중 '치과'를 판매·제공하는 매장,test,치과,T4 구어·문장,03f4ec7f-78d2-4184-8295-c29af668d98d,모세대리점(알즈너),발교정구,양양로 골목형상점가,골목형상점가,강원특별자치도,,,
0f7037ff176d8a7be62e,full_annotation_v1,A,q_치과_07,치아 치료하는 곳,건강·의료 중 '치과'를 판매·제공하는 매장,test,치과,T4 구어·문장,21ebd35b-0b94-4ff7-ae47-062f8d4a08ee,더머뭄,한옥체험업,전주한옥마을 골목형상점가,골목형상점가,전북특별자치도,,,
b4fc8f34d748885d7f65,full_annotation_v1,A,q_치과_07,치아 치료하는 곳,건강·의료 중 '치과'를 판매·제공하는 매장,test,치과,T4 구어·문장,402ec208-5232-4b56-b3ab-e7f817adda8c,오렌지,신발,부산자유시장,전통시장,부산광역시,,,
bc937114a9905d12b66c,full_annotation_v1,A,q_치과_07,치아 치료하는 곳,건강·의료 중 '치과'를 판매·제공하는 매장,test,치과,T4 구어·문장,2d6fddd9-96a7-4cdd-9682-be71d156f70f,루치아,양식,월산구성로 골목형상점가,골목형상점가,광주광역시,,,
544f9fc079a19cebb85a,full_annotation_v1,A,q_치과_07,치아 치료하는 곳,건강·의료 중 '치과'를 판매·제공하는 매장,test,치과,T4 구어·문장,773642d3-18d6-4baf-bb65-97b5d155ed9c,치아림치과의원,의료,봉선로1 골목형상점가,골목형상점가,광주광역시,,,
19cc7819d8f43585cc41,full_annotation_v1,A,q_치과_07,치아 치료하는 곳,건강·의료 중 '치과'를 판매·제공하는 매장,test,치과,T4 구어·문장,00fdab59-58f8-4c63-8765-30cb59a78156,도안프라임치과의원,치과진료,목원대 골목형상점가,골목형상점가,대전광역시,,,
56aaea1e67d3b5a0f26c,full_annotation_v1,A,q_치과_07,치아 치료하는 곳,건강·의료 중 '치과'를 판매·제공하는 매장,test,치과,T4 구어·문장,610e6a8b-707c-4e55-833c-cbb6463a412c,마인드댄스 선부점학원,,선부광장로상점가,자율상권구역,경기도,,,
7fb7b2bb7e48378a323d,full_annotation_v1,A,q_치과_07,치아 치료하는 곳,건강·의료 중 '치과'를 판매·제공하는 매장,test,치과,T4 구어·문장,6bfbbedf-f21b-41cb-9cdc-d48a3acff5ba,조은약국,의약품,한솔동 5~6단지상점가,자율상권구역,세종특별자치시,,,
079050603416423d1741,full_annotation_v1,A,q_치과_07,치아 치료하는 곳,건강·의료 중 '치과'를 판매·제공하는 매장,test,치과,T4 구어·문장,013192a9-d34f-4b2a-99f4-e33a2cbf1e72,서울굿모닝치과의원,치과,종촌동골목형상점가,골목형상점가,세종특별자치시,,,
fd351657160a28213bcb,full_annotation_v1,A,q_치과_08,치과추천,건강·의료 중 '치과'를 판매·제공하는 매장,test,치과,T6 기계변형,391ef1d9-0ec7-4b5d-b714-9666ad3043c3,이치과의원,치아,창원 가음정시장,전통시장,경상남도,,,
e70509cc39a1f389b841,full_annotation_v1,A,q_치과_08,치과추천,건강·의료 중 '치과'를 판매·제공하는 매장,test,치과,T6 기계변형,000d633c-e5d5-4ab7-afea-88785b1eda92,e클린치과의원,치과,상암마을상인회 골목형상점가,골목형상점가,광주광역시,,,
b77005654e62e90f7041,full_annotation_v1,A,q_치과_08,치과추천,건강·의료 중 '치과'를 판매·제공하는 매장,test,치과,T6 기계변형,89646f16-e80d-4270-80e4-18c7a263e516,대호상사,수산물,인천종합어시장,전통시장,인천광역시,,,
24f9442ee26e629fea3f,full_annotation_v1,A,q_치과_08,치과추천,건강·의료 중 '치과'를 판매·제공하는 매장,test,치과,T6 기계변형,82b2fa5e-6fac-42e4-8ce0-12df216b9e17,조영국가마,제조(도자기),예스파크 상점가,자율상권구역,경기도,,,
abcc6d80057c979d9c44,full_annotation_v1,A,q_치과_08,치과추천,건강·의료 중 '치과'를 판매·제공하는 매장,test,치과,T6 기계변형,0ff8675c-e9fe-4b29-ad4c-5eb6fe90a350,서울온빛치과의원,치아진료서비스,목동깨비시장(구 목3동시장),전통시장,서울특별시,,,
e325eed60f37993cd649,full_annotation_v1,A,q_치과_08,치과추천,건강·의료 중 '치과'를 판매·제공하는 매장,test,치과,T6 기계변형,80c4738a-934b-4b41-9de9-a82a5967a614,천외천,한식,상봉먹자골목형상점가,골목형상점가,서울특별시,,,
6489303b0416c7cd65d7,full_annotation_v1,A,q_치과_08,치과추천,건강·의료 중 '치과'를 판매·제공하는 매장,test,치과,T6 기계변형,8caa8946-84c8-4e0b-9a76-bb88a47d8c17,이근혁치과,치과의원,자양15번가골목형상점가,골목형상점가,서울특별시,,,
24f74f3c60f05cf4813e,full_annotation_v1,A,q_치과_08,치과추천,건강·의료 중 '치과'를 판매·제공하는 매장,test,치과,T6 기계변형,331fd695-a9e8-4942-a9d8-1504eae5d122,서울방송스피치아카데미학원,,왕십리도선동상점가,자율상권구역,서울특별시,,,
56c8662e7cd368c9d397,full_annotation_v1,A,q_치과_08,치과추천,건강·의료 중 '치과'를 판매·제공하는 매장,test,치과,T6 기계변형,275646ee-9cd2-4d7a-8447-d065f37c7d71,봉선e치과의원,임플란트 등,봉선로1 골목형상점가,골목형상점가,광주광역시,,,
f662fd7e34ec4b2203e6,full_annotation_v1,A,q_치과_08,치과추천,건강·의료 중 '치과'를 판매·제공하는 매장,test,치과,T6 기계변형,f2c8979e-6461-4b9f-b47b-eee962d3daef,옳치과,치과의원,수지성복플러스 골목형상점가,골목형상점가,경기도,,,
7b6eba4a1e2606003411,full_annotation_v1,A,q_치과_08,치과추천,건강·의료 중 '치과'를 판매·제공하는 매장,test,치과,T6 기계변형,7973168b-6909-470e-8592-ffd8448ec447,이쁘니생선,생선(소매업),창신골목시장,자율상권구역,서울특별시,,,
1981d7086e625a552aff,full_annotation_v1,A,q_치과_08,치과추천,건강·의료 중 '치과'를 판매·제공하는 매장,test,치과,T6 기계변형,b842c553-1530-4353-b832-7d90c228fc47,미소를 드림 치과,치과,풍암벚꽃길상인회 골목형상점가,골목형상점가,광주광역시,,,
5c7df40e8c25094c26f2,full_annotation_v1,A,q_치과_08,치과추천,건강·의료 중 '치과'를 판매·제공하는 매장,test,치과,T6 기계변형,6e6c68d8-9c10-4ec5-9c34-389454400956,코코호도 반석점,호두과자 건과류,반석동 골목형상점가,골목형상점가,대전광역시,,,
736db8da7e6d5cb90844,full_annotation_v1,A,q_치과_08,치과추천,건강·의료 중 '치과'를 판매·제공하는 매장,test,치과,T6 기계변형,306f0cc9-26f9-40b1-ac06-04dd26b708a2,명품카츠 서구직영점,음식점업,쌍촌로상인회 골목형상점가,골목형상점가,광주광역시,,,
bfb593d6846c597b8bed,full_annotation_v1,A,q_치과_08,치과추천,건강·의료 중 '치과'를 판매·제공하는 매장,test,치과,T6 기계변형,4b44e31c-3e17-46c6-853d-19f061db9d50,김학동 치과의원,치과,도봉산옛길골목형상점가,골목형상점가,서울특별시,,,
8ee8e59e4f9e23cebf0f,full_annotation_v1,A,q_치과_08,치과추천,건강·의료 중 '치과'를 판매·제공하는 매장,test,치과,T6 기계변형,aaa409a2-3a65-4df8-807c-8acd55119e8f,미포인트 치과,치과,목원대 골목형상점가,골목형상점가,대전광역시,,,
2499a03529d0128c3b09,full_annotation_v1,A,q_치과_08,치과추천,건강·의료 중 '치과'를 판매·제공하는 매장,test,치과,T6 기계변형,8d9f195c-231f-479a-a759-f2639f2a34bd,전치과의원,치과,서산시장길 골목형상점가,골목형상점가,충청남도,,,
69d06745bb2ff5dbfc98,full_annotation_v1,A,q_치과_08,치과추천,건강·의료 중 '치과'를 판매·제공하는 매장,test,치과,T6 기계변형,c51f3ba8-be6b-4678-8ab7-413adbb80da1,휴치과의원,치과,상무백운상인회 골목형상점가,골목형상점가,광주광역시,,,
d2528ff006253ca91407,full_annotation_v1,A,q_치과_08,치과추천,건강·의료 중 '치과'를 판매·제공하는 매장,test,치과,T6 기계변형,20c4cf39-dc98-4781-8991-6f4d04a52d69,아름드리 치과,치아치료,희담길,골목형상점가,광주광역시,,,
1a3273833e23c28b4bf1,full_annotation_v1,A,q_치과_08,치과추천,건강·의료 중 '치과'를 판매·제공하는 매장,test,치과,T6 기계변형,e3e146d7-21f9-40b1-a01a-8df432f1ce48,필치과,치과,평촌1번가 상점가,자율상권구역,경기도,,,
eb98b53b5ee1ac3831b4,full_annotation_v1,A,q_치과_08,치과추천,건강·의료 중 '치과'를 판매·제공하는 매장,test,치과,T6 기계변형,d18ebaca-de3e-447c-a0bc-e8c6ac78c461,조몰락,,화성향남2지구상점가,자율상권구역,경기도,,,
cfe632665fc461056bb3,full_annotation_v1,A,q_치과_08,치과추천,건강·의료 중 '치과'를 판매·제공하는 매장,test,치과,T6 기계변형,5cd3118f-e354-4e05-85f3-7d638d3e771b,치과라,치과,송정벚꽃골목형상점가,골목형상점가,서울특별시,,,
86ebf7719f3b1b32f457,full_annotation_v1,A,q_치과_08,치과추천,건강·의료 중 '치과'를 판매·제공하는 매장,test,치과,T6 기계변형,f9e1c99a-eb86-4db3-b10e-c00347ec3f37,더달달/연안,아이스크림,일산시장(구 일산전통시장),전통시장,경기도,,,
c1f622610883c157f94f,full_annotation_v1,A,q_치과_08,치과추천,건강·의료 중 '치과'를 판매·제공하는 매장,test,치과,T6 기계변형,03f4ec7f-78d2-4184-8295-c29af668d98d,모세대리점(알즈너),발교정구,양양로 골목형상점가,골목형상점가,강원특별자치도,,,
6ec4ac3515e14d417cdd,full_annotation_v1,A,q_치과_08,치과추천,건강·의료 중 '치과'를 판매·제공하는 매장,test,치과,T6 기계변형,d8c5eedf-7d2d-4c7b-973d-32c576ce5969,길치과의원,치과,주월리 골목형상점가,골목형상점가,광주광역시,,,
23e70e9563c50c2311e1,full_annotation_v1,A,q_치과_08,치과추천,건강·의료 중 '치과'를 판매·제공하는 매장,test,치과,T6 기계변형,4c57a4c2-9b02-4d56-9e61-102f75b826db,설인택치과,치과의원,여수서시장주변시장,전통시장,전라남도,,,
0d6e293042dbde317433,full_annotation_v1,A,q_치과_08,치과추천,건강·의료 중 '치과'를 판매·제공하는 매장,test,치과,T6 기계변형,1bc33890-a1fe-4ee8-88c7-e8c265daeaf0,최성렬치과,치과,전방의거리 골목형상점가,골목형상점가,인천광역시,,,
e22bbce2dbaaf1c7fa5a,full_annotation_v1,A,q_치과_08,치과추천,건강·의료 중 '치과'를 판매·제공하는 매장,test,치과,T6 기계변형,3de6b61a-060a-4eeb-a6f5-2b73bf2317af,다은치과의원,"크라운, 임플란트 등",문화1동 골목형상점가,골목형상점가,대전광역시,,,
80d6b9a9eca8ebd2d288,full_annotation_v1,A,q_치과_08,치과추천,건강·의료 중 '치과'를 판매·제공하는 매장,test,치과,T6 기계변형,bb5fbdf1-4731-403c-97f3-fe166bf93899,핑크 엄브렐라,음료 및 베이커리,반석동 골목형상점가,골목형상점가,대전광역시,,,
6f15249b7261222fa126,full_annotation_v1,A,q_치과_08,치과추천,건강·의료 중 '치과'를 판매·제공하는 매장,test,치과,T6 기계변형,34b07070-b0fc-4a20-867d-8f218532bc0d,이룸치과,치과,첨단아미 골목형상점가,골목형상점가,광주광역시,,,
dfc7ef0505f0e2c861d5,full_annotation_v1,A,q_치과_08,치과추천,건강·의료 중 '치과'를 판매·제공하는 매장,test,치과,T6 기계변형,7bd701e6-606a-4f8c-bc8d-2c35b34348a1,서울휴치과의원,치과,두텁바위 골목형상점가,골목형상점가,서울특별시,,,
8539a686b82b6680099c,full_annotation_v1,A,q_치과_08,치과추천,건강·의료 중 '치과'를 판매·제공하는 매장,test,치과,T6 기계변형,2ca498c2-a0bd-4a3e-8ba9-a960c280540a,봉선연합치과,"임플란트, 매복사랑니 발치, 보철, 스케일링, 치과진료",대남대로181번길 골목형상점가,골목형상점가,광주광역시,,,
0e76b911081f20e0d509,full_annotation_v1,A,q_치과_08,치과추천,건강·의료 중 '치과'를 판매·제공하는 매장,test,치과,T6 기계변형,465bf4b2-dfc8-479c-b28f-5407842c4927,믿음치과,임플란트 틀니 교정 보철치료,신가아름마을,골목형상점가,광주광역시,,,
531bc98eb95db8c1c683,full_annotation_v1,A,q_치과_08,치과추천,건강·의료 중 '치과'를 판매·제공하는 매장,test,치과,T6 기계변형,bde663ed-d220-4c79-b3bc-7b21044573cf,약초건강원,건강즙,중리시장,전통시장,대전광역시,,,
5c2c29e6d6ee7f0bcc70,full_annotation_v1,A,q_치과_08,치과추천,건강·의료 중 '치과'를 판매·제공하는 매장,test,치과,T6 기계변형,e54b8ed1-f5ea-44e9-a2b4-9a7991a3520b,서울꼭치과의원,치과,"지웰시티몰 1,2단지 골목형상점가",골목형상점가,충청남도,,,
58d3c6507a79e7608786,full_annotation_v1,A,q_치과_08,치과추천,건강·의료 중 '치과'를 판매·제공하는 매장,test,치과,T6 기계변형,0a1a14d8-f92a-433d-bb79-64d059dc39ae,아파유,체형교정 및 교육,해밀동 골목형상점가,골목형상점가,세종특별자치시,,,
9f840d6ae984ea644a39,full_annotation_v1,A,q_치과_08,치과추천,건강·의료 중 '치과'를 판매·제공하는 매장,test,치과,T6 기계변형,989224fe-1919-4048-9ea2-21885da3a601,최택휴치과의원,치과,남구 용대로 골목형상점가,골목형상점가,광주광역시,,,
c101d6c01e012678c98e,full_annotation_v1,A,q_치과_08,치과추천,건강·의료 중 '치과'를 판매·제공하는 매장,test,치과,T6 기계변형,5079f032-d73d-407a-b312-d5e298ae8d72,선 치과,치과,풍향골 골목형상점가,골목형상점가,광주광역시,,,
d575598c9a989fbfe63a,full_annotation_v1,A,q_치과_08,치과추천,건강·의료 중 '치과'를 판매·제공하는 매장,test,치과,T6 기계변형,00fdab59-58f8-4c63-8765-30cb59a78156,도안프라임치과의원,치과진료,목원대 골목형상점가,골목형상점가,대전광역시,,,
2e8d6994461051416739,full_annotation_v1,A,q_치과_08,치과추천,건강·의료 중 '치과'를 판매·제공하는 매장,test,치과,T6 기계변형,7c658f20-c19a-4a78-95ab-92746e1c8850,케이비젼안경렌즈타운,"안경원, 악세서리",전북대대학로상점가,자율상권구역,전북특별자치도,,,
5167d67baee8e0abd3cc,full_annotation_v1,A,q_치과_08,치과추천,건강·의료 중 '치과'를 판매·제공하는 매장,test,치과,T6 기계변형,bf1b8a06-2b05-4057-baa7-7667292aceab,희망등대 치과의원,치과,모란시장 쉼터길 골목형상점가,골목형상점가,경기도,,,
e0e4aaeb3977cdc76009,full_annotation_v1,A,q_치과_08,치과추천,건강·의료 중 '치과'를 판매·제공하는 매장,test,치과,T6 기계변형,7deb8c24-eebc-4411-8b9e-7344def40922,상치과,치과,스타프라자전통시장,전통시장,경기도,,,
3f658fc451f3839fb410,full_annotation_v1,A,q_치과_08,치과추천,건강·의료 중 '치과'를 판매·제공하는 매장,test,치과,T6 기계변형,135607e4-b86f-4ee3-8ac8-d8e69133c49a,가지런e류교정치과,치과진료 치아 교정치료,말바우시장,전통시장,광주광역시,,,
bb928fcaf725da0ab39c,full_annotation_v1,A,q_치과_08,치과추천,건강·의료 중 '치과'를 판매·제공하는 매장,test,치과,T6 기계변형,93f1e979-4039-4169-91a4-6757ab5abbdb,연치과,치과,북부서 맞은편 골목형상점가,골목형상점가,광주광역시,,,
6aee816b3581267c0a4e,full_annotation_v1,A,q_치과_08,치과추천,건강·의료 중 '치과'를 판매·제공하는 매장,test,치과,T6 기계변형,6d12d594-a129-42eb-89c4-276cdf60dc5a,당산치과,치과,당산이음 골목형상점가,골목형상점가,서울특별시,,,
731b0f5aa42683ce27ee,full_annotation_v1,A,q_치과_08,치과추천,건강·의료 중 '치과'를 판매·제공하는 매장,test,치과,T6 기계변형,9bc35632-0aab-4050-a009-7702a6b77a7b,금촌치과,치과,금촌명동로시장,전통시장,경기도,,,
c34134bad0ea97d7988c,full_annotation_v1,A,q_치과_08,치과추천,건강·의료 중 '치과'를 판매·제공하는 매장,test,치과,T6 기계변형,4143d9fa-6149-450f-a07e-5480244aad72,오버릿,커피및 디저트,풍암호수앞상인회 골목형상점가,골목형상점가,광주광역시,,,
4deed223907ab34d7d3f,full_annotation_v1,A,q_치과_08,치과추천,건강·의료 중 '치과'를 판매·제공하는 매장,test,치과,T6 기계변형,013192a9-d34f-4b2a-99f4-e33a2cbf1e72,서울굿모닝치과의원,치과,종촌동골목형상점가,골목형상점가,세종특별자치시,,,
8df35d75700d6069d06d,full_annotation_v1,A,q_치과_08,치과추천,건강·의료 중 '치과'를 판매·제공하는 매장,test,치과,T6 기계변형,10620bc2-916b-4e49-ab76-c8e662fb7d40,첨단교정,자세교정,임방울대로 골목형상점가,골목형상점가,광주광역시,,,
329f65f2794739aaed83,full_annotation_v1,A,q_치과_08,치과추천,건강·의료 중 '치과'를 판매·제공하는 매장,test,치과,T6 기계변형,0098c5ef-1296-4b66-899d-68dbda7cb659,연세감동치과,치과,새샘하루 골목형상점가,골목형상점가,세종특별자치시,,,
9fc27f43c6d536de43f3,full_annotation_v1,A,q_치과_08,치과추천,건강·의료 중 '치과'를 판매·제공하는 매장,test,치과,T6 기계변형,dd015436-256a-4582-b437-28ecdfc5867a,서울 건 치과의원,치과,양지중앙 골목형상점가,골목형상점가,경기도,,,
d0d1301beb90c1a3ae3e,full_annotation_v1,A,q_치과_08,치과추천,건강·의료 중 '치과'를 판매·제공하는 매장,test,치과,T6 기계변형,11906a94-673b-49bd-b19e-f4311e020b9e,에르모소,의류,엑스포코아 골목형상점가,골목형상점가,대전광역시,,,
4ae7f36ae9adf47bed10,full_annotation_v1,A,q_치과_08,치과추천,건강·의료 중 '치과'를 판매·제공하는 매장,test,치과,T6 기계변형,afd4edf3-4ede-4000-88e0-c4705af59be3,두찜 광주상무점,찜닭,상무백운상인회 골목형상점가,골목형상점가,광주광역시,,,
d2b752bb3cd90c95641e,full_annotation_v1,A,q_치과_08,치과추천,건강·의료 중 '치과'를 판매·제공하는 매장,test,치과,T6 기계변형,989215c5-32ae-4ef5-a78d-138600cb955e,송치과,치과,하당꽃길1가 골목형상점가,골목형상점가,전라남도,,,
c3ba7ce6560fa3b4624c,full_annotation_v1,A,q_치과_08,치과추천,건강·의료 중 '치과'를 판매·제공하는 매장,test,치과,T6 기계변형,22fdfe9d-b981-487e-85b4-c9eb1c84cded,조이플치과,치과,샘머리 골목형상점가,골목형상점가,대전광역시,,,
8f1f475285ba7454a462,full_annotation_v1,A,q_치과_08,치과추천,건강·의료 중 '치과'를 판매·제공하는 매장,test,치과,T6 기계변형,e1c86e18-6ec2-41a2-bd38-41c104456562,셀렉토화성향남2지구,,향남2지구 로데오상가,골목형상점가,경기도,,,
68cc5cf9ae4cb986603a,full_annotation_v1,A,q_치과_08,치과추천,건강·의료 중 '치과'를 판매·제공하는 매장,test,치과,T6 기계변형,78d22d4e-a4d1-470b-919c-cf3dacd183c7,청치과의원,치과,첨단동행 골목형상점가,골목형상점가,광주광역시,,,
d842a65e581bdea0f610,full_annotation_v1,A,q_치과_08,치과추천,건강·의료 중 '치과'를 판매·제공하는 매장,test,치과,T6 기계변형,05a6fc86-6dd3-4be4-bf5c-43e9e6e2a9b2,서치과,치과,산본로데오거리(구 산본중심상가),자율상권구역,경기도,,,
676f63c92309eb2dfb7b,full_annotation_v1,A,q_치과_08,치과추천,건강·의료 중 '치과'를 판매·제공하는 매장,test,치과,T6 기계변형,a1fec92b-0351-4b7f-82f9-b3319928af69,뉴욕치과,치과,부평문화인의거리골목형상점가,골목형상점가,인천광역시,,,
37e9d46af652a91f1226,full_annotation_v1,A,q_치과_08,치과추천,건강·의료 중 '치과'를 판매·제공하는 매장,test,치과,T6 기계변형,f1e29665-cfe2-47c0-8ac0-e913ba6746b7,한경윤 치과의원,치과,봉선중앙로 골목형상점가,골목형상점가,광주광역시,,,
f90048ac73662ba8eec9,full_annotation_v1,A,q_치과_08,치과추천,건강·의료 중 '치과'를 판매·제공하는 매장,test,치과,T6 기계변형,fc5ad37e-53e7-4e42-853e-7d730756ab0b,튼튼잇몸치과,치과,운암 다정 골목형상점가,골목형상점가,광주광역시,,,
c8f7efe2f44313a7bd80,full_annotation_v1,A,q_치과_08,치과추천,건강·의료 중 '치과'를 판매·제공하는 매장,test,치과,T6 기계변형,062acf6f-305e-4670-a107-58f8fe19825c,더월치과,치과,사당1동 먹자골목 상점가,자율상권구역,서울특별시,,,
c35957509996c9f154fa,full_annotation_v1,A,q_치과_08,치과추천,건강·의료 중 '치과'를 판매·제공하는 매장,test,치과,T6 기계변형,04f73ae1-5ba3-4b7a-9168-f300168979df,연세해맑은치과,치과교정과 진료,둔산2동 골목형상점가,골목형상점가,대전광역시,,,
2c1cc0ccdde909fc07f5,full_annotation_v1,A,q_치과_08,치과추천,건강·의료 중 '치과'를 판매·제공하는 매장,test,치과,T6 기계변형,1e5348e1-295e-4f7d-b73a-2dd2f14c1654,연세늘봄치과의원,임플란트,목동깨비시장(구 목3동시장),전통시장,서울특별시,,,
b8799ea1488ad3b021ba,full_annotation_v1,A,q_치과_08,치과추천,건강·의료 중 '치과'를 판매·제공하는 매장,test,치과,T6 기계변형,1013504c-b2d6-4091-8cc1-15eecee0aeff,그래비티코어,운동재활 체형교정,유천택지올림픽길골목형상점가,골목형상점가,강원특별자치도,,,
569cb3d332edc947c19b,full_annotation_v1,A,q_치과_08,치과추천,건강·의료 중 '치과'를 판매·제공하는 매장,test,치과,T6 기계변형,99372bb8-33b9-42b1-805f-d1aea5ed1857,춘하추동,정장,서산동부전통시장,전통시장,충청남도,,,
0fcf402ace3fd64bb881,full_annotation_v1,A,q_치과_08,치과추천,건강·의료 중 '치과'를 판매·제공하는 매장,test,치과,T6 기계변형,fa419a71-d32e-4030-b145-511f248d8620,김예란치과,치과,큰방림길 골목형상점가,골목형상점가,광주광역시,,,
d95651f2215f61717350,full_annotation_v1,A,q_치과_08,치과추천,건강·의료 중 '치과'를 판매·제공하는 매장,test,치과,T6 기계변형,79e26070-f7d6-4ee6-9ee0-30497b147974,김상태치과,치과,대남숨길 골목형상점가,골목형상점가,광주광역시,,,
16600fdb5e8b901105c3,full_annotation_v1,A,q_치과_08,치과추천,건강·의료 중 '치과'를 판매·제공하는 매장,test,치과,T6 기계변형,78c530c4-234d-467e-a26c-03e38ed7efba,홍치과,치과,담양중앙 골목형상점가,골목형상점가,전라남도,,,
25fa133cc988c1270201,full_annotation_v1,A,q_치과_08,치과추천,건강·의료 중 '치과'를 판매·제공하는 매장,test,치과,T6 기계변형,fa7d8c78-3598-4ff2-8863-590483686413,남평치과,치과,남평읍1로 골목형상점가,골목형상점가,전라남도,,,
829fd5ef636defb27514,full_annotation_v1,A,q_치과_08,치과추천,건강·의료 중 '치과'를 판매·제공하는 매장,test,치과,T6 기계변형,d53da1c5-5417-445a-bb07-716cfaaf4bcc,토마스,"도소매(팬시,잡화)",숭례문수입상가,전통시장,서울특별시,,,
72129b9220a692f2aceb,full_annotation_v1,A,q_치과_08,치과추천,건강·의료 중 '치과'를 판매·제공하는 매장,test,치과,T6 기계변형,6ca5a1d0-42dd-4d98-b211-1f64484943c3,애플치과,치과,테크노밸리 골목형상점가,골목형상점가,대전광역시,,,
33ea0c98c57ee284de92,full_annotation_v1,A,q_치과_08,치과추천,건강·의료 중 '치과'를 판매·제공하는 매장,test,치과,T6 기계변형,1801f608-7e98-4b54-baa9-987912d74527,투명한 치과의원,치과,평촌역 상점가,자율상권구역,경기도,,,
b4cadbeebd771c4e8774,full_annotation_v1,A,q_치과_08,치과추천,건강·의료 중 '치과'를 판매·제공하는 매장,test,치과,T6 기계변형,0002538c-b8d9-4911-81c7-966789036b09,빛고을 치과의원,의원,세은 골목형상점가,골목형상점가,광주광역시,,,
1293f280029226d54f21,full_annotation_v1,A,q_치과_08,치과추천,건강·의료 중 '치과'를 판매·제공하는 매장,test,치과,T6 기계변형,992b0c82-8054-428e-9407-156d7af13014,창평성심 치과의원,치과,슬로시티창평 골목형상점가,골목형상점가,전라남도,,,
f0cfc108179001283083,full_annotation_v1,A,q_치과_08,치과추천,건강·의료 중 '치과'를 판매·제공하는 매장,test,치과,T6 기계변형,0028aa1f-32df-4fa5-b123-9a5cabf791fa,행복한치과의원,치과,산본로데오거리(구 산본중심상가),자율상권구역,경기도,,,
cbc7fc4befedceb8e23d,full_annotation_v1,A,q_치과_08,치과추천,건강·의료 중 '치과'를 판매·제공하는 매장,test,치과,T6 기계변형,14ba8897-8073-4512-bd61-8cbcb3965506,비손치과,치과,금호1동상가번영회 골목형상점가,골목형상점가,광주광역시,,,
a34bef1186e6a7fbe79f,full_annotation_v1,A,q_치과_09,치돠,건강·의료 중 '치과'를 판매·제공하는 매장,test,치과,T6 기계변형,71becd22-9c79-46c1-81f5-85e10933ee88,닭앤썸,치킨,월산상가 골목형 상점가,골목형상점가,충청남도,,,
51a8e8c7db53e7863cea,full_annotation_v1,A,q_치과_09,치돠,건강·의료 중 '치과'를 판매·제공하는 매장,test,치과,T6 기계변형,10620bc2-916b-4e49-ab76-c8e662fb7d40,첨단교정,자세교정,임방울대로 골목형상점가,골목형상점가,광주광역시,,,
f4e4d9f03c6b0dd9d480,full_annotation_v1,A,q_치과_09,치돠,건강·의료 중 '치과'를 판매·제공하는 매장,test,치과,T6 기계변형,844aa25a-9ef9-4a3e-be7e-8aed036d9340,소테굽닭,치킨,봉선먹자골목 골목형상점가,골목형상점가,광주광역시,,,
0ac85c592c833003c2c4,full_annotation_v1,A,q_치과_09,치돠,건강·의료 중 '치과'를 판매·제공하는 매장,test,치과,T6 기계변형,0098c5ef-1296-4b66-899d-68dbda7cb659,연세감동치과,치과,새샘하루 골목형상점가,골목형상점가,세종특별자치시,,,
0d313d42104d658eaa0f,full_annotation_v1,A,q_치과_09,치돠,건강·의료 중 '치과'를 판매·제공하는 매장,test,치과,T6 기계변형,04f73ae1-5ba3-4b7a-9168-f300168979df,연세해맑은치과,치과교정과 진료,둔산2동 골목형상점가,골목형상점가,대전광역시,,,
652653d2f1451b73cdaf,full_annotation_v1,A,q_치과_09,치돠,건강·의료 중 '치과'를 판매·제공하는 매장,test,치과,T6 기계변형,dcb50f25-3099-44c5-9d18-9ce4bcd6d7fc,왕자 이불,소매(침구류),우림골목시장,전통시장,서울특별시,,,
66a1c73240053404fa7d,full_annotation_v1,A,q_치과_09,치돠,건강·의료 중 '치과'를 판매·제공하는 매장,test,치과,T6 기계변형,a8c0fe1c-cc91-4d5d-b3e1-4f14bf0f93a0,치맥타임,치킨,한적골 골목형상점가,골목형상점가,충청남도,,,
ea7e646a3ed196eb4a8f,full_annotation_v1,A,q_치과_09,치돠,건강·의료 중 '치과'를 판매·제공하는 매장,test,치과,T6 기계변형,5079f032-d73d-407a-b312-d5e298ae8d72,선 치과,치과,풍향골 골목형상점가,골목형상점가,광주광역시,,,
ae676ad7d2629fe463aa,full_annotation_v1,A,q_치과_09,치돠,건강·의료 중 '치과'를 판매·제공하는 매장,test,치과,T6 기계변형,7691166e-9c55-4345-b144-61b21e7835f3,치킨시대,치킨,명지대앞골목형상점가,골목형상점가,서울특별시,,,
c789d31e6dbe4a510eb2,full_annotation_v1,A,q_치과_09,치돠,건강·의료 중 '치과'를 판매·제공하는 매장,test,치과,T6 기계변형,f8ebf131-e935-4c3f-ae1f-baf3bee6bdef,GS25광주신창점,편의점,미라클,골목형상점가,광주광역시,,,
73c6980d21ab1d0e703d,full_annotation_v1,A,q_치과_09,치돠,건강·의료 중 '치과'를 판매·제공하는 매장,test,치과,T6 기계변형,697c37e9-730c-47f5-b1e5-4cb882e7f4f1,닭스,치킨,만년동 골목형상점가,골목형상점가,대전광역시,,,
1275051e19892539925b,full_annotation_v1,A,q_치과_09,치돠,건강·의료 중 '치과'를 판매·제공하는 매장,test,치과,T6 기계변형,275646ee-9cd2-4d7a-8447-d065f37c7d71,봉선e치과의원,임플란트 등,봉선로1 골목형상점가,골목형상점가,광주광역시,,,
b39ab65c88c1103b3900,full_annotation_v1,A,q_치과_09,치돠,건강·의료 중 '치과'를 판매·제공하는 매장,test,치과,T6 기계변형,dfebee8d-779e-433d-9016-195c45be2988,불라불라,한식,원종고강제일시장(부천제일시장),전통시장,경기도,,,
128cbd6f545ad657eae3,full_annotation_v1,A,q_치과_09,치돠,건강·의료 중 '치과'를 판매·제공하는 매장,test,치과,T6 기계변형,8ff31f7d-c142-428d-b79a-2dda4c4598a1,치킨더갈릭,치킨,염주상인회 골목형상점가,골목형상점가,광주광역시,,,
a6a8ad4cf181a5d7fe2a,full_annotation_v1,A,q_치과_09,치돠,건강·의료 중 '치과'를 판매·제공하는 매장,test,치과,T6 기계변형,135607e4-b86f-4ee3-8ac8-d8e69133c49a,가지런e류교정치과,치과진료 치아 교정치료,말바우시장,전통시장,광주광역시,,,
459b35bf2fe183d0e97c,full_annotation_v1,A,q_치과_09,치돠,건강·의료 중 '치과'를 판매·제공하는 매장,test,치과,T6 기계변형,03f4ec7f-78d2-4184-8295-c29af668d98d,모세대리점(알즈너),발교정구,양양로 골목형상점가,골목형상점가,강원특별자치도,,,
90dc0c1da22da470a5fa,full_annotation_v1,A,q_치과_09,치돠,건강·의료 중 '치과'를 판매·제공하는 매장,test,치과,T6 기계변형,8731faa3-4ed3-4927-b075-eca7b6fdf9b8,치킨은핑계,치킨,문흥2동 골목형상점가,골목형상점가,광주광역시,,,
fbcd526f1dac8c24ae24,full_annotation_v1,A,q_치과_09,치돠,건강·의료 중 '치과'를 판매·제공하는 매장,test,치과,T6 기계변형,21d78644-c4af-4c3d-9b48-4dfdc908ea11,제일상회,"밤, 대추 등",충주무학시장,전통시장,충청북도,,,
9572bfa2ae58af994345,full_annotation_v1,A,q_치과_09,치돠,건강·의료 중 '치과'를 판매·제공하는 매장,test,치과,T6 기계변형,20c4cf39-dc98-4781-8991-6f4d04a52d69,아름드리 치과,치아치료,희담길,골목형상점가,광주광역시,,,
6d82870f9e0efc8bff02,full_annotation_v1,A,q_치과_09,치돠,건강·의료 중 '치과'를 판매·제공하는 매장,test,치과,T6 기계변형,02131c43-8b56-4074-8690-246fb30b93b7,대실365한의원,한의원,두마면 대실골목형상점가,골목형상점가,충청남도,,,
6dfd6ffc2a070dc73309,full_annotation_v1,A,q_치과_09,치돠,건강·의료 중 '치과'를 판매·제공하는 매장,test,치과,T6 기계변형,d0be12eb-e9eb-4149-9149-5f05dbdffc55,경서문구,"문구, 완구",경서골목형상점가,골목형상점가,인천광역시,,,
afd1925713ffcaeb9b10,full_annotation_v1,A,q_치과_09,치돠,건강·의료 중 '치과'를 판매·제공하는 매장,test,치과,T6 기계변형,847b980d-a51f-4c2b-98ae-e10fccc26f1d,다코기,치킨,구일로 골목형상점가,골목형상점가,서울특별시,,,
f910a4c94ca0c3f0fe9e,full_annotation_v1,A,q_치과_09,치돠,건강·의료 중 '치과'를 판매·제공하는 매장,test,치과,T6 기계변형,38ffb36a-6aec-414c-a41f-b14f7545a667,치킨마을,치킨,상봉먹자골목형상점가,골목형상점가,서울특별시,,,
3bc246ee8b44828d214d,full_annotation_v1,A,q_치과_09,치돠,건강·의료 중 '치과'를 판매·제공하는 매장,test,치과,T6 기계변형,e7e47e54-9e10-4f3c-9360-bc110f258ecf,치키니즘,치킨,당산이음 골목형상점가,골목형상점가,서울특별시,,,
fd9d08f7e39a7ea061ac,full_annotation_v1,A,q_치과_09,치돠,건강·의료 중 '치과'를 판매·제공하는 매장,test,치과,T6 기계변형,b1442101-8e28-4834-b9c7-1d2dac29bbd2,즐겁다,치킨,아현시장,전통시장,서울특별시,,,
7f2ec33983c820c72be7,full_annotation_v1,A,q_치과_09,치돠,건강·의료 중 '치과'를 판매·제공하는 매장,test,치과,T6 기계변형,3b9e5c1b-c4de-4c2a-b935-1b50ed6fa7c4,치킨생각 노원,치킨,상계주공1단지 가상가,자율상권구역,서울특별시,,,
de61a4890ba60f0b49cc,full_annotation_v1,A,q_치과_09,치돠,건강·의료 중 '치과'를 판매·제공하는 매장,test,치과,T6 기계변형,3de6b61a-060a-4eeb-a6f5-2b73bf2317af,다은치과의원,"크라운, 임플란트 등",문화1동 골목형상점가,골목형상점가,대전광역시,,,
03ce74adbad079fcaa07,full_annotation_v1,A,q_치과_09,치돠,건강·의료 중 '치과'를 판매·제공하는 매장,test,치과,T6 기계변형,4c2c548d-ca65-4f79-a4d0-88ef973637a5,한일네임사,소매(명찰),수원영동시장,전통시장,경기도,,,
859f3f563e4afd8ad438,full_annotation_v1,A,q_치과_09,치돠,건강·의료 중 '치과'를 판매·제공하는 매장,test,치과,T6 기계변형,a3eebac4-27b8-4d15-845b-3038463485e4,치완,한식,광양시장골목형상점가,골목형상점가,제주특별자치도,,,
5f6be0e38e8b73c80da1,full_annotation_v1,A,q_치과_09,치돠,건강·의료 중 '치과'를 판매·제공하는 매장,test,치과,T6 기계변형,48b6abbe-df1c-4a79-b9c8-287e445ebf16,치킨천국,치킨,오치2동 골목형상점가,골목형상점가,광주광역시,,,
f160a463ac1037090313,full_annotation_v1,A,q_치과_09,치돠,건강·의료 중 '치과'를 판매·제공하는 매장,test,치과,T6 기계변형,805a8a93-efdd-4a2f-9049-e533f03d2d2c,닭섬,치킨,궁동 골목형상점가,골목형상점가,대전광역시,,,
f4c379fb1e660854c9ad,full_annotation_v1,A,q_치과_09,치돠,건강·의료 중 '치과'를 판매·제공하는 매장,test,치과,T6 기계변형,0002538c-b8d9-4911-81c7-966789036b09,빛고을 치과의원,의원,세은 골목형상점가,골목형상점가,광주광역시,,,
5176f9153657b94733c5,full_annotation_v1,A,q_치과_09,치돠,건강·의료 중 '치과'를 판매·제공하는 매장,test,치과,T6 기계변형,366a2d0e-ec8f-473e-8b4d-c02b13071420,치맥라이프,치킨,해방촌 골목형상점가,골목형상점가,서울특별시,,,
ac7597b6f77f133a568e,full_annotation_v1,A,q_치과_09,치돠,건강·의료 중 '치과'를 판매·제공하는 매장,test,치과,T6 기계변형,3777e89a-95d9-4942-8997-15eb2553e6fc,반햇닭,치킨,쌍리단길상점가,자율상권구역,서울특별시,,,
cfe3cd3c6fa562d4b25d,full_annotation_v1,A,q_치과_09,치돠,건강·의료 중 '치과'를 판매·제공하는 매장,test,치과,T6 기계변형,80712173-842a-4cb3-96cd-a0dfffdf7879,똘이네족발,족발,거제 고현시장,전통시장,경상남도,,,
0b9a257bf6f54c4e30a7,full_annotation_v1,A,q_치과_09,치돠,건강·의료 중 '치과'를 판매·제공하는 매장,test,치과,T6 기계변형,391ef1d9-0ec7-4b5d-b714-9666ad3043c3,이치과의원,치아,창원 가음정시장,전통시장,경상남도,,,
e5511745d1537499f1ea,full_annotation_v1,A,q_치과_09,치돠,건강·의료 중 '치과'를 판매·제공하는 매장,test,치과,T6 기계변형,269c8260-d989-41b1-93c6-e9d0bb828cbe,그릇나라,그릇,영동전통시장,전통시장,충청북도,,,
6be89909833ba4aa5754,full_annotation_v1,A,q_치과_09,치돠,건강·의료 중 '치과'를 판매·제공하는 매장,test,치과,T6 기계변형,08ee7d5a-0dad-49ec-b75f-9005b0d69a2e,치블리,치킨 및 주류,"각화서희,더샵주변 골목형상점가",골목형상점가,광주광역시,,,
62ff334f689bf7e2a715,full_annotation_v1,A,q_치과_09,치돠,건강·의료 중 '치과'를 판매·제공하는 매장,test,치과,T6 기계변형,5cd3118f-e354-4e05-85f3-7d638d3e771b,치과라,치과,송정벚꽃골목형상점가,골목형상점가,서울특별시,,,
e2d8e8c101a604b6ecde,full_annotation_v1,A,q_치과_09,치돠,건강·의료 중 '치과'를 판매·제공하는 매장,test,치과,T6 기계변형,182bbb7e-e7b2-4cc3-ad0d-f587c2386b75,킹스꼬마김밥청라점,분식,푸른솔빛골목형상점가,골목형상점가,인천광역시,,,
5ca8fe44ef35ed730d56,full_annotation_v1,A,q_치과_09,치돠,건강·의료 중 '치과'를 판매·제공하는 매장,test,치과,T6 기계변형,3bf8ea5b-82b7-4af8-8f3e-1b1c541c70b6,치어스,치킨,사가정51길 골목형상점가,골목형상점가,서울특별시,,,
71083f343a30cf85f1ed,full_annotation_v1,A,q_치과_09,치돠,건강·의료 중 '치과'를 판매·제공하는 매장,test,치과,T6 기계변형,56d553f9-54b5-4b17-89de-70701ed38379,치킨천국맥주,치킨,수완장덕 골목형상점가,골목형상점가,광주광역시,,,
836fc4abc9878a0bc256,full_annotation_v1,A,q_치과_09,치돠,건강·의료 중 '치과'를 판매·제공하는 매장,test,치과,T6 기계변형,d5f46b67-e1ef-4112-9783-7f37b934d863,칼라,생활용품,창원 대동그린코아상가,전통시장,경상남도,,,
fc461d4c866b60f10506,full_annotation_v1,A,q_치과_09,치돠,건강·의료 중 '치과'를 판매·제공하는 매장,test,치과,T6 기계변형,92078122-155f-48e4-b782-9f025b5520b4,민이네숯불닭발본점,고기,한마음,골목형상점가,광주광역시,,,
2e9ce5df9c9a6699e4d9,full_annotation_v1,A,q_치과_09,치돠,건강·의료 중 '치과'를 판매·제공하는 매장,test,치과,T6 기계변형,e8d8737d-d60a-4852-bd23-0e73828bb893,치킨꼬꼬,치킨,신포시장,전통시장,인천광역시,,,
f50c7e9ad20ce7351b5d,full_annotation_v1,A,q_치과_09,치돠,건강·의료 중 '치과'를 판매·제공하는 매장,test,치과,T6 기계변형,cd1391c9-0bd0-4eb0-a3f5-6eedcd6bf9b3,치킨박사,치킨,새마을시장,전통시장,서울특별시,,,
0969ee15236f5fa782a5,full_annotation_v1,A,q_치과_09,치돠,건강·의료 중 '치과'를 판매·제공하는 매장,test,치과,T6 기계변형,841269cd-6141-43ee-bf9d-0fc779083c82,치킹스맨,치킨,서문대로 골목형상점가,골목형상점가,광주광역시,,,
44540bde951e0d407a38,full_annotation_v1,A,q_치과_09,치돠,건강·의료 중 '치과'를 판매·제공하는 매장,test,치과,T6 기계변형,4b08bf08-1f0b-490a-9390-0476a82b2e98,치킨생각,치킨,장미제일시장,전통시장,서울특별시,,,
293d5d997cc28882fd05,full_annotation_v1,A,q_치과_09,치돠,건강·의료 중 '치과'를 판매·제공하는 매장,test,치과,T6 기계변형,e299aff2-d0a0-40ee-959f-4fdc77569a2f,치킨달인,치킨,반딧불이연무시장,전통시장,경기도,,,
1a9a1589785062b96712,full_annotation_v1,A,q_치과_09,치돠,건강·의료 중 '치과'를 판매·제공하는 매장,test,치과,T6 기계변형,37b7f479-48eb-45e8-8f4a-b062f37c7cd7,e.house(이.하우스),아동의류,북수원시장( 구 파장시장),전통시장,경기도,,,
af4cf0caa1cac2c51640,full_annotation_v1,A,q_치과_09,치돠,건강·의료 중 '치과'를 판매·제공하는 매장,test,치과,T6 기계변형,331fd695-a9e8-4942-a9d8-1504eae5d122,서울방송스피치아카데미학원,,왕십리도선동상점가,자율상권구역,서울특별시,,,
8434d2d7fb2d44accb30,full_annotation_v1,A,q_치과_09,치돠,건강·의료 중 '치과'를 판매·제공하는 매장,test,치과,T6 기계변형,013192a9-d34f-4b2a-99f4-e33a2cbf1e72,서울굿모닝치과의원,치과,종촌동골목형상점가,골목형상점가,세종특별자치시,,,
017ad17c9180d276c37e,full_annotation_v1,A,q_치과_09,치돠,건강·의료 중 '치과'를 판매·제공하는 매장,test,치과,T6 기계변형,aa5eda8d-f944-40c3-910f-970e71acb913,반했닭,치킨,방학동도깨비시장,전통시장,서울특별시,,,
6f5b942c863ca5396cf4,full_annotation_v1,A,q_치과_09,치돠,건강·의료 중 '치과'를 판매·제공하는 매장,test,치과,T6 기계변형,adf10e9f-78c4-4341-89eb-eabf3d34ea53,통딹,치킨,방어진항 골목형상점가,골목형상점가,울산광역시,,,
884bd952425c87a1e804,full_annotation_v1,A,q_치과_09,치돠,건강·의료 중 '치과'를 판매·제공하는 매장,test,치과,T6 기계변형,1c468270-b964-4fc2-a6ba-99165171b161,빽다방 계룡대실지구점,커피,두마면 대실골목형상점가,골목형상점가,충청남도,,,
f2874acaa0b0bf85069f,full_annotation_v1,A,q_치과_09,치돠,건강·의료 중 '치과'를 판매·제공하는 매장,test,치과,T6 기계변형,ba4337f2-b1c5-42cf-b40e-b261082d0ce5,치코파닭,치킨,경주북부시장(북부상가),전통시장,경상북도,,,
b72c8ab184d8d56d541a,full_annotation_v1,A,q_치과_09,치돠,건강·의료 중 '치과'를 판매·제공하는 매장,test,치과,T6 기계변형,c1e47e00-0174-4fc1-bf0e-8e0e27532113,치킨고래,치킨,성환1번가 골목형상점가,골목형상점가,충청남도,,,
6520987b845c0c5f6efa,full_annotation_v1,A,q_치과_09,치돠,건강·의료 중 '치과'를 판매·제공하는 매장,test,치과,T6 기계변형,32813c4e-ed67-4dbb-97e5-21e273ae72eb,꼬생방,치킨,구리전통시장,전통시장,경기도,,,
3e0eb999fc68f63ca609,full_annotation_v1,A,q_치과_09,치돠,건강·의료 중 '치과'를 판매·제공하는 매장,test,치과,T6 기계변형,0ff8675c-e9fe-4b29-ad4c-5eb6fe90a350,서울온빛치과의원,치아진료서비스,목동깨비시장(구 목3동시장),전통시장,서울특별시,,,
f7bd074535e14bd9dd57,full_annotation_v1,A,q_치과_09,치돠,건강·의료 중 '치과'를 판매·제공하는 매장,test,치과,T6 기계변형,151ba4a3-2c21-4768-bb75-ed0e8d74104f,치퀸,치킨,인헌시장,전통시장,서울특별시,,,
dbc4fd2d4c8236815d99,full_annotation_v1,A,q_치과_09,치돠,건강·의료 중 '치과'를 판매·제공하는 매장,test,치과,T6 기계변형,00fdab59-58f8-4c63-8765-30cb59a78156,도안프라임치과의원,치과진료,목원대 골목형상점가,골목형상점가,대전광역시,,,
3a5a9e1ce23f509d9152,full_annotation_v1,A,q_치과_09,치돠,건강·의료 중 '치과'를 판매·제공하는 매장,test,치과,T6 기계변형,43f3f580-185a-4504-9587-7221ef20b9cc,치킨가,치킨,보라빛거리골목형상점가,골목형상점가,서울특별시,,,
458114f5b87340875bb9,full_annotation_v1,A,q_치과_09,치돠,건강·의료 중 '치과'를 판매·제공하는 매장,test,치과,T6 기계변형,7b206294-267b-4851-80b9-71eef8ea16b0,닭꾼,치킨,무등시장,전통시장,광주광역시,,,
43d493cda76fef680e17,full_annotation_v1,A,q_치과_09,치돠,건강·의료 중 '치과'를 판매·제공하는 매장,test,치과,T6 기계변형,465bf4b2-dfc8-479c-b28f-5407842c4927,믿음치과,임플란트 틀니 교정 보철치료,신가아름마을,골목형상점가,광주광역시,,,
ebf5156af4aa40a83ee2,full_annotation_v1,A,q_치과_09,치돠,건강·의료 중 '치과'를 판매·제공하는 매장,test,치과,T6 기계변형,1e5348e1-295e-4f7d-b73a-2dd2f14c1654,연세늘봄치과의원,임플란트,목동깨비시장(구 목3동시장),전통시장,서울특별시,,,
0855eacd4c060bc9a135,full_annotation_v1,A,q_치과_09,치돠,건강·의료 중 '치과'를 판매·제공하는 매장,test,치과,T6 기계변형,818b5f5f-90ae-40d1-a50d-a43dfa3997de,시너바신발,신발,양동복개상가,전통시장,광주광역시,,,
30fa07ac3ff35236f973,full_annotation_v1,A,q_치과_09,치돠,건강·의료 중 '치과'를 판매·제공하는 매장,test,치과,T6 기계변형,7dd988f4-1f18-4615-966c-c8c2341979e3,투윙 치킨,치킨,서동전통골목시장,전통시장,부산광역시,,,
8f48b07c1b343007a9b2,full_annotation_v1,A,q_치과_09,치돠,건강·의료 중 '치과'를 판매·제공하는 매장,test,치과,T6 기계변형,13fbd0dd-a1b1-407f-b79d-16db3a0483f3,치사빤스,의류,말바우시장,전통시장,광주광역시,,,
d9407c00cc76adfb4aa3,full_annotation_v1,A,q_치과_09,치돠,건강·의료 중 '치과'를 판매·제공하는 매장,test,치과,T6 기계변형,c77c192f-69f7-4d5a-9436-d06e1f1dc458,치킨밴드,치킨 한식,"일곡동(제7지역:대림1,현대2,진로,대우,한일)",골목형상점가,광주광역시,,,
c550276f6e72a176eb2f,full_annotation_v1,A,q_치과_09,치돠,건강·의료 중 '치과'를 판매·제공하는 매장,test,치과,T6 기계변형,6cadb0da-5ddc-4da7-bcf4-0912d3cd47a9,치르치르,치킨,온양온천역 골목형 상점가,골목형상점가,충청남도,,,
819831b51b92f2568490,full_annotation_v1,A,q_치과_09,치돠,건강·의료 중 '치과'를 판매·제공하는 매장,test,치과,T6 기계변형,0a1a14d8-f92a-433d-bb79-64d059dc39ae,아파유,체형교정 및 교육,해밀동 골목형상점가,골목형상점가,세종특별자치시,,,
3c71d432950f98da46ee,full_annotation_v1,A,q_치과_09,치돠,건강·의료 중 '치과'를 판매·제공하는 매장,test,치과,T6 기계변형,000d633c-e5d5-4ab7-afea-88785b1eda92,e클린치과의원,치과,상암마을상인회 골목형상점가,골목형상점가,광주광역시,,,
41c5208c4a3279be465e,full_annotation_v1,A,q_치과_09,치돠,건강·의료 중 '치과'를 판매·제공하는 매장,test,치과,T6 기계변형,1013504c-b2d6-4091-8cc1-15eecee0aeff,그래비티코어,운동재활 체형교정,유천택지올림픽길골목형상점가,골목형상점가,강원특별자치도,,,
6bf40d7058fdfaf7545e,full_annotation_v1,A,q_치과_09,치돠,건강·의료 중 '치과'를 판매·제공하는 매장,test,치과,T6 기계변형,f2fd051e-5017-4809-8f9c-4b38b8f01894,호야네케이크,케이크,송도 아트포레 판매시설 골목형상점가,골목형상점가,인천광역시,,,
8f0caf182a5c241ba175,full_annotation_v1,A,q_치과_09,치돠,건강·의료 중 '치과'를 판매·제공하는 매장,test,치과,T6 기계변형,c08adf7a-ff17-4384-b728-8fda873045cd,치킨다이닝,치킨,518먹자골목상인회 골목형상점가,골목형상점가,광주광역시,,,
7d13c436dc3cb8d5d055,full_annotation_v1,A,q_치과_09,치돠,건강·의료 중 '치과'를 판매·제공하는 매장,test,치과,T6 기계변형,0028aa1f-32df-4fa5-b123-9a5cabf791fa,행복한치과의원,치과,산본로데오거리(구 산본중심상가),자율상권구역,경기도,,,
a962cdba6519af97e5eb,full_annotation_v1,A,q_치과_09,치돠,건강·의료 중 '치과'를 판매·제공하는 매장,test,치과,T6 기계변형,2ca498c2-a0bd-4a3e-8ba9-a960c280540a,봉선연합치과,"임플란트, 매복사랑니 발치, 보철, 스케일링, 치과진료",대남대로181번길 골목형상점가,골목형상점가,광주광역시,,,
bc1c19d22b0ba34568bb,full_annotation_v1,A,q_치킨_01,치킨,음식점 중 '치킨'을 판매·제공하는 매장,train,치킨,T1 정확표기,09238f63-ecf9-4659-b535-08b52cb87913,크림,의류,서문시장2지구 종합상가,전통시장,대구광역시,,,
29b824d34cad385f5657,full_annotation_v1,A,q_치킨_01,치킨,음식점 중 '치킨'을 판매·제공하는 매장,train,치킨,T1 정확표기,40f709a8-c1cb-40e0-a080-4ebf606b9bf8,킨킨치킨,치킨,아주대 대학로 골목형상점가,골목형상점가,경기도,,,
b1f88970ac493d22abe3,full_annotation_v1,A,q_치킨_01,치킨,음식점 중 '치킨'을 판매·제공하는 매장,train,치킨,T1 정확표기,56bd464f-f59d-4895-b953-9fad9f9e1ea9,우리집닭강정.치킨 아산둔포점,치킨,이지더원 골목형 상점가,골목형상점가,충청남도,,,
4822ee2752e9c7582dfa,full_annotation_v1,A,q_치킨_01,치킨,음식점 중 '치킨'을 판매·제공하는 매장,train,치킨,T1 정확표기,4f4e75d7-3442-43ca-b345-f2e42f5300e8,화성이불,침구류,마천중앙시장,전통시장,서울특별시,,,
736e406d11e35ee1daf7,full_annotation_v1,A,q_치킨_01,치킨,음식점 중 '치킨'을 판매·제공하는 매장,train,치킨,T1 정확표기,004764d4-5ad9-4f22-81bb-48eac27e9e4b,60계치킨 야탑점,치킨,야탑 골목형상점가,골목형상점가,경기도,,,
d315bf396f52c5955c90,full_annotation_v1,A,q_치킨_01,치킨,음식점 중 '치킨'을 판매·제공하는 매장,train,치킨,T1 정확표기,6c1036a1-9184-4ed8-a599-81e0c104477d,전태순주단,소매(한복),화서시장,전통시장,경기도,,,
c32439cdb4d611f6b2e6,full_annotation_v1,A,q_치킨_01,치킨,음식점 중 '치킨'을 판매·제공하는 매장,train,치킨,T1 정확표기,01465138-3544-40c5-a4db-860c2bb8c959,군산수산물종합센터내)매점,매점,군산수산물종합센터,전통시장,전북특별자치도,,,
916d5f161bd5e45f569e,full_annotation_v1,A,q_치킨_01,치킨,음식점 중 '치킨'을 판매·제공하는 매장,train,치킨,T1 정확표기,05d79823-38fa-4dc0-b250-acb0dad84138,60계경기고양향동신도시점,치킨,향동중앙 골목형상점가,골목형상점가,경기도,,,
c284e14e083875c73f2c,full_annotation_v1,A,q_치킨_01,치킨,음식점 중 '치킨'을 판매·제공하는 매장,train,치킨,T1 정확표기,30981d90-fe73-4db3-bd31-e33225fb138b,교촌치킨,치킨,나주 대호동 골목형상점가,골목형상점가,전라남도,,,
0ae15fefc48a844886c1,full_annotation_v1,A,q_치킨_01,치킨,음식점 중 '치킨'을 판매·제공하는 매장,train,치킨,T1 정확표기,b2500706-6338-4964-be4f-0c33ba40844a,이디야커피진해중앙점,커피,진해중앙시장,전통시장,경상남도,,,
bf66740044ca2640af56,full_annotation_v1,A,q_치킨_01,치킨,음식점 중 '치킨'을 판매·제공하는 매장,train,치킨,T1 정확표기,565ee53b-8cba-4471-ac48-b3f5bfb17b79,비비큐치킨,치킨,운암북문대로 골목형상점가,골목형상점가,광주광역시,,,
5337238141f6803feb93,full_annotation_v1,A,q_치킨_01,치킨,음식점 중 '치킨'을 판매·제공하는 매장,train,치킨,T1 정확표기,0ebf0d5e-d35a-4d8d-96ea-93b1ce37655d,옛날통닭,치킨,동울산시장 상점가,자율상권구역,울산광역시,,,
dace86f952e22a462a33,full_annotation_v1,A,q_치킨_01,치킨,음식점 중 '치킨'을 판매·제공하는 매장,train,치킨,T1 정확표기,95cc23cc-9e8e-4e17-9d12-018847c56feb,교촌치킨,치킨,원통시장,전통시장,강원특별자치도,,,
ab6ba3d14dcdf308fc19,full_annotation_v1,A,q_치킨_01,치킨,음식점 중 '치킨'을 판매·제공하는 매장,train,치킨,T1 정확표기,1b8e84cb-06c5-434d-ba7c-da317c1c63ea,교촌치킨,치킨,운암 행복 나눔 골목형상점가,골목형상점가,광주광역시,,,
2725f14824e0f247fd22,full_annotation_v1,A,q_치킨_01,치킨,음식점 중 '치킨'을 판매·제공하는 매장,train,치킨,T1 정확표기,f7726d31-702f-44c2-9c13-2c8a36525966,훈희치킨,치킨,원종고강제일시장(부천제일시장),전통시장,경기도,,,
a4a9504fd37eb9cb9625,full_annotation_v1,A,q_치킨_01,치킨,음식점 중 '치킨'을 판매·제공하는 매장,train,치킨,T1 정확표기,ef97b881-55ea-458c-873f-23829be32bc3,지코바 치킨 랜드마크점,치킨,더테라스골목형상점가,골목형상점가,인천광역시,,,
208ce8a892a8b6ab636d,full_annotation_v1,A,q_치킨_01,치킨,음식점 중 '치킨'을 판매·제공하는 매장,train,치킨,T1 정확표기,20ac60dd-eb26-48d5-b67a-f7241d5e8e22,오꾸닭하당점,치킨,평화광장 먹자골목상점가,골목형상점가,전라남도,,,
def74e11a51ec1917492,full_annotation_v1,A,q_치킨_01,치킨,음식점 중 '치킨'을 판매·제공하는 매장,train,치킨,T1 정확표기,1094e7cb-d9b7-4e7a-851f-2907df1ebfce,치킨 마루 덕정점,치킨,주공단지상점가,골목형상점가,경기도,,,
227d6e5d562b1897e87b,full_annotation_v1,A,q_치킨_01,치킨,음식점 중 '치킨'을 판매·제공하는 매장,train,치킨,T1 정확표기,97b2c981-da5c-4a83-b2e6-1d7b7bfab176,일곡치킨,치킨,"일곡동(제4지역:쌍용,호반,청솔2,호반일신,청솔1)",골목형상점가,광주광역시,,,
3ca1a113703d899d1bcc,full_annotation_v1,A,q_치킨_01,치킨,음식점 중 '치킨'을 판매·제공하는 매장,train,치킨,T1 정확표기,1bd20715-fe51-4e3d-87ee-9f66641f560e,마녀치킨,치킨,하남 골목형상점가,골목형상점가,광주광역시,,,
361375c8a135125f91f6,full_annotation_v1,A,q_치킨_01,치킨,음식점 중 '치킨'을 판매·제공하는 매장,train,치킨,T1 정확표기,ae202574-67e5-4c8a-98fc-e54fe8f8715e,비에이치씨 치킨 홍은점,치킨,포방터시장,전통시장,서울특별시,,,
2c9b0347863ab653bf24,full_annotation_v1,A,q_치킨_01,치킨,음식점 중 '치킨'을 판매·제공하는 매장,train,치킨,T1 정확표기,8ff31f7d-c142-428d-b79a-2dda4c4598a1,치킨더갈릭,치킨,염주상인회 골목형상점가,골목형상점가,광주광역시,,,
8d4f3886939ad3ca06d2,full_annotation_v1,A,q_치킨_01,치킨,음식점 중 '치킨'을 판매·제공하는 매장,train,치킨,T1 정확표기,56f63aa0-186a-48a6-8c2d-e4510ccbfa87,옛날통닭,치킨,흑석시장골목형상점가,골목형상점가,서울특별시,,,
f150bddfd521bd4570e9,full_annotation_v1,A,q_치킨_01,치킨,음식점 중 '치킨'을 판매·제공하는 매장,train,치킨,T1 정확표기,cd1391c9-0bd0-4eb0-a3f5-6eedcd6bf9b3,치킨박사,치킨,새마을시장,전통시장,서울특별시,,,
5561d0fa0d7dd35ea65e,full_annotation_v1,A,q_치킨_01,치킨,음식점 중 '치킨'을 판매·제공하는 매장,train,치킨,T1 정확표기,43f3f580-185a-4504-9587-7221ef20b9cc,치킨가,치킨,보라빛거리골목형상점가,골목형상점가,서울특별시,,,
5dc91956408ae194bd24,full_annotation_v1,A,q_치킨_01,치킨,음식점 중 '치킨'을 판매·제공하는 매장,train,치킨,T1 정확표기,969104bf-0b08-40f1-9625-593a4ff978d8,07치킨,치킨,경산공설시장,전통시장,경상북도,,,
e3a11541900943eada59,full_annotation_v1,A,q_치킨_01,치킨,음식점 중 '치킨'을 판매·제공하는 매장,train,치킨,T1 정확표기,98fe9f51-dc55-453c-b575-9012fb4f09eb,옛날통닭,치킨,적성전통시장,전통시장,경기도,,,
d7f453a55ef21975735d,full_annotation_v1,A,q_치킨_01,치킨,음식점 중 '치킨'을 판매·제공하는 매장,train,치킨,T1 정확표기,77f67fa1-0ccf-485f-aebc-c967aa544773,시장안통닭,치킨,광명새마을시장,전통시장,경기도,,,
2f24d91c462fe9e0ea89,full_annotation_v1,A,q_치킨_01,치킨,음식점 중 '치킨'을 판매·제공하는 매장,train,치킨,T1 정확표기,00265ad2-bd74-4057-b201-f6a798a8a4c9,칠분통닭오치점,치킨,오치2동 골목형상점가,골목형상점가,광주광역시,,,
65e41f05811d5022ebc2,full_annotation_v1,A,q_치킨_01,치킨,음식점 중 '치킨'을 판매·제공하는 매장,train,치킨,T1 정확표기,00027601-43e6-4d9a-a358-150cc014fe4c,닭장수후라이드,치킨,한솔동 5~6단지상점가,자율상권구역,세종특별자치시,,,
ed311130db735fb1d9da,full_annotation_v1,A,q_치킨_01,치킨,음식점 중 '치킨'을 판매·제공하는 매장,train,치킨,T1 정확표기,b8af5564-bdb7-4424-8134-8256c1629410,신원당수산,수산물,원당시장(구 원당전통시장),전통시장,경기도,,,
dc5acf4c80fdd1d4d8c7,full_annotation_v1,A,q_치킨_01,치킨,음식점 중 '치킨'을 판매·제공하는 매장,train,치킨,T1 정확표기,428e0373-0c5a-4930-ae86-7460c91753bd,호야치킨,치킨,장안문거북시장,전통시장,경기도,,,
b8203a9a1950c5dddf39,full_annotation_v1,A,q_치킨_01,치킨,음식점 중 '치킨'을 판매·제공하는 매장,train,치킨,T1 정확표기,2be8fe7b-6af1-4a00-a1a3-a4ff7d6e09ef,교촌치킨,치킨,원도심 상권활성화구역,상권활성화구역,대전광역시,,,
7d20c9fe0cc3d59bec79,full_annotation_v1,A,q_치킨_01,치킨,음식점 중 '치킨'을 판매·제공하는 매장,train,치킨,T1 정확표기,8fedfa97-78ef-4d2c-9a8b-e32bc37cea79,점촌파닭,치킨,문경중앙시장,전통시장,경상북도,,,
f55aa37ad3ae035e0205,full_annotation_v1,A,q_치킨_01,치킨,음식점 중 '치킨'을 판매·제공하는 매장,train,치킨,T1 정확표기,03770687-c528-4ce4-881e-eefbc9ec2a96,비비큐(BBQ)치킨,치킨,천상천 골목형상점가,골목형상점가,울산광역시,,,
ff6defda2b1d0f5f82a4,full_annotation_v1,A,q_치킨_01,치킨,음식점 중 '치킨'을 판매·제공하는 매장,train,치킨,T1 정확표기,2515bc79-3639-4c2f-a33c-40070c8a12ef,교촌치킨,치킨,명덕마을 골목형상점가,골목형상점가,울산광역시,,,
66560fc680788eed9c96,full_annotation_v1,A,q_치킨_01,치킨,음식점 중 '치킨'을 판매·제공하는 매장,train,치킨,T1 정확표기,49d6fd44-956a-4a09-ae79-af9f82bf0218,인텔죤치킨,치킨,강변상점가,자율상권구역,경기도,,,
e00ccf18f7ce07fcbe56,full_annotation_v1,A,q_치킨_01,치킨,음식점 중 '치킨'을 판매·제공하는 매장,train,치킨,T1 정확표기,c293f8a4-dfe2-46b5-80b4-ce82fb6d2bf7,봉위치킨,치킨,오월첫동네 골목형상점가,골목형상점가,광주광역시,,,
323755b5c83ca5f9f56d,full_annotation_v1,A,q_치킨_01,치킨,음식점 중 '치킨'을 판매·제공하는 매장,train,치킨,T1 정확표기,d33ea88b-7078-40f3-82b7-3a428e33d1a3,범가네가마솥닭강정&치킨,"순대, 치킨",비단길현대시장,전통시장,서울특별시,,,
02920f1f4987eb7f5680,full_annotation_v1,A,q_치킨_01,치킨,음식점 중 '치킨'을 판매·제공하는 매장,train,치킨,T1 정확표기,bfdf0884-80f5-4d39-8147-7ee879a1b299,제이피푸드,치킨,방학동도깨비시장,전통시장,서울특별시,,,
03888eb5fc247c85ae43,full_annotation_v1,A,q_치킨_01,치킨,음식점 중 '치킨'을 판매·제공하는 매장,train,치킨,T1 정확표기,3c05b6a3-0cc0-49e2-9857-c72792730d7b,명문패션,의류,자유도매시장,전통시장,대전광역시,,,
1445503990e9b159ef20,full_annotation_v1,A,q_치킨_01,치킨,음식점 중 '치킨'을 판매·제공하는 매장,train,치킨,T1 정확표기,06d79882-5e98-4cba-9122-d5327e6b25a1,시장닭집,생닭,부안상설시장,전통시장,전북특별자치도,,,
366ebe3dfd4e0624681e,full_annotation_v1,A,q_치킨_01,치킨,음식점 중 '치킨'을 판매·제공하는 매장,train,치킨,T1 정확표기,aa5eda8d-f944-40c3-910f-970e71acb913,반했닭,치킨,방학동도깨비시장,전통시장,서울특별시,,,
9e8d1808e78fd4f4341b,full_annotation_v1,A,q_치킨_01,치킨,음식점 중 '치킨'을 판매·제공하는 매장,train,치킨,T1 정확표기,38838bd3-5f51-4c5a-a494-fb9470a65781,보드람치킨,치킨,청마로 골목형상점가,골목형상점가,인천광역시,,,
e39307e16ed396e2d581,full_annotation_v1,A,q_치킨_01,치킨,음식점 중 '치킨'을 판매·제공하는 매장,train,치킨,T1 정확표기,0038f694-919c-4289-8bc1-a5e6549274e1,달인닭강정,닭강정,서귀포매일올레시장,전통시장,제주특별자치도,,,
e25106efc87f1e2da8ef,full_annotation_v1,A,q_치킨_01,치킨,음식점 중 '치킨'을 판매·제공하는 매장,train,치킨,T1 정확표기,ec0f2b50-4097-472c-b77c-ce3d03c6a3c2,옛날통닭,치킨,대연중앙골목시장 골목형상점가,골목형상점가,부산광역시,,,
30911f5dbfb25c05556a,full_annotation_v1,A,q_치킨_01,치킨,음식점 중 '치킨'을 판매·제공하는 매장,train,치킨,T1 정확표기,0580d391-7983-4fba-a069-4e5f66f824fd,정우종합상사,기계공구,남동산업용품상가,전통시장,인천광역시,,,
0ca1db86be06e43b9b37,full_annotation_v1,A,q_치킨_01,치킨,음식점 중 '치킨'을 판매·제공하는 매장,train,치킨,T1 정확표기,8ea2959a-ec89-4299-b5ee-fc663b864161,옛날통닭,치킨,세종전통시장,전통시장,세종특별자치시,,,
89165fa9297f6f6cdd34,full_annotation_v1,A,q_치킨_01,치킨,음식점 중 '치킨'을 판매·제공하는 매장,train,치킨,T1 정확표기,0367e5f3-1bf4-4d8a-bac6-655fcc2eda3f,큰집닭강정,닭강정,신도봉시장,전통시장,서울특별시,,,
dd178948726c95593100,full_annotation_v1,A,q_치킨_01,치킨,음식점 중 '치킨'을 판매·제공하는 매장,train,치킨,T1 정확표기,f6fea3ea-97f6-4585-a3b5-a1f6db3b8782,광교치킨,치킨,연무 골목형상점가,골목형상점가,경기도,,,
cfe1428ffbb57024879b,full_annotation_v1,A,q_치킨_01,치킨,음식점 중 '치킨'을 판매·제공하는 매장,train,치킨,T1 정확표기,805a8a93-efdd-4a2f-9049-e533f03d2d2c,닭섬,치킨,궁동 골목형상점가,골목형상점가,대전광역시,,,
6814ffc348d4428f1395,full_annotation_v1,A,q_치킨_01,치킨,음식점 중 '치킨'을 판매·제공하는 매장,train,치킨,T1 정확표기,63fcce35-46f5-4b73-9754-ff42fb663e14,경아두마리치킨청천점,치킨,청천시장(구 청천전통시장),전통시장,충청북도,,,
b7e38d0112062c7772ab,full_annotation_v1,A,q_치킨_01,치킨,음식점 중 '치킨'을 판매·제공하는 매장,train,치킨,T1 정확표기,99b7e75e-7f1f-4699-8a4d-0f4ea525fbac,비에이치씨(BHC)치킨&,치킨,화천재래시장,전통시장,강원특별자치도,,,
3c76293872537c102095,full_annotation_v1,A,q_치킨_01,치킨,음식점 중 '치킨'을 판매·제공하는 매장,train,치킨,T1 정확표기,0206583a-8207-4455-8670-857a27332498,유미통닭,,청주대중앙로골목형상점가,골목형상점가,충청북도,,,
4149f3884e8267b70b31,full_annotation_v1,A,q_치킨_01,치킨,음식점 중 '치킨'을 판매·제공하는 매장,train,치킨,T1 정확표기,6d0b67c2-5e6b-4b3e-83ab-7a5b7560fa6a,바람난 치킨,치킨,농성세대공감상인회 골목형상점가,골목형상점가,광주광역시,,,
a089dea28ea146a1a112,full_annotation_v1,A,q_치킨_01,치킨,음식점 중 '치킨'을 판매·제공하는 매장,train,치킨,T1 정확표기,8731faa3-4ed3-4927-b075-eca7b6fdf9b8,치킨은핑계,치킨,문흥2동 골목형상점가,골목형상점가,광주광역시,,,
0cdca1b535ed5189201b,full_annotation_v1,A,q_치킨_01,치킨,음식점 중 '치킨'을 판매·제공하는 매장,train,치킨,T1 정확표기,00446094-b7f5-42de-acfa-7e4cba20d7ad,투게더피치우산점,피자 치킨,으뜸골목형상점가,골목형상점가,강원특별자치도,,,
b6aa7d2e722a908f62e8,full_annotation_v1,A,q_치킨_01,치킨,음식점 중 '치킨'을 판매·제공하는 매장,train,치킨,T1 정확표기,4c304d9d-54c5-47a3-b0b0-ac1cd646c460,DK치킨,치킨,마산 월영대시장,전통시장,경상남도,,,
7fd2f89b04cf35178e96,full_annotation_v1,A,q_치킨_01,치킨,음식점 중 '치킨'을 판매·제공하는 매장,train,치킨,T1 정확표기,723796f3-5be8-44d4-8c5b-0f7501b33c8f,치킨&마늘통닭,치킨,신전시장(염포시장),전통시장,울산광역시,,,
8558879ac39eb109276c,full_annotation_v1,A,q_치킨_01,치킨,음식점 중 '치킨'을 판매·제공하는 매장,train,치킨,T1 정확표기,000d4d47-3a3f-4a73-9fce-cd3802a5ebb3,은여우두마리치킨,치킨,봉곡우전로 골목형상점가,골목형상점가,전북특별자치도,,,
0f6fc55629fa5a6f55b4,full_annotation_v1,A,q_치킨_01,치킨,음식점 중 '치킨'을 판매·제공하는 매장,train,치킨,T1 정확표기,47b2eb4b-b451-495d-9152-cada4ee44815,멕시카나 치킨 어진점,치킨,가름로 골목형상점가,골목형상점가,세종특별자치시,,,
d127f28e2950aff5326e,full_annotation_v1,A,q_치킨_01,치킨,음식점 중 '치킨'을 판매·제공하는 매장,train,치킨,T1 정확표기,43fe587e-4b3e-4a01-942e-2081ae6c0d20,유진오토바이,부품,부전농수산물새벽시장,전통시장,부산광역시,,,
dc6cfc465fe10296001a,full_annotation_v1,A,q_치킨_01,치킨,음식점 중 '치킨'을 판매·제공하는 매장,train,치킨,T1 정확표기,a2185d69-3bee-4ea9-93f6-2971fa115128,멕시카나 치킨,치킨,무주반딧불상권활성화구역,상권활성화구역,전북특별자치도,,,
c076876be2732b30e6db,full_annotation_v1,A,q_치킨_01,치킨,음식점 중 '치킨'을 판매·제공하는 매장,train,치킨,T1 정확표기,9da6138a-5f10-4782-a41f-27a0a2b14314,옛날통닭,치킨,항동 골목형상점가,골목형상점가,서울특별시,,,
5b0bca085c40dc5fe54e,full_annotation_v1,A,q_치킨_01,치킨,음식점 중 '치킨'을 판매·제공하는 매장,train,치킨,T1 정확표기,6b51bb8e-de3e-4868-8e62-11898de8afcd,베풀식당,한식,정읍샘고을시장,전통시장,전북특별자치도,,,
530f2700c798b1eef020,full_annotation_v1,A,q_치킨_01,치킨,음식점 중 '치킨'을 판매·제공하는 매장,train,치킨,T1 정확표기,864501d6-0b4b-4853-b73a-4eed42ef1ca3,닭만보치킨,치킨,양평물맑은시장,전통시장,경기도,,,
824dd1a43f53dcc431b8,full_annotation_v1,A,q_치킨_01,치킨,음식점 중 '치킨'을 판매·제공하는 매장,train,치킨,T1 정확표기,358a0c52-8773-46f0-8790-2e222f73df5a,비에이치씨 치킨 성남중앙동점,치킨,산성로 상권활성화구역,상권활성화구역,경기도,,,
b09582a92d21d199ab66,full_annotation_v1,A,q_치킨_01,치킨,음식점 중 '치킨'을 판매·제공하는 매장,train,치킨,T1 정확표기,32813c4e-ed67-4dbb-97e5-21e273ae72eb,꼬생방,치킨,구리전통시장,전통시장,경기도,,,
c336a83a1fa910ae47ca,full_annotation_v1,A,q_치킨_01,치킨,음식점 중 '치킨'을 판매·제공하는 매장,train,치킨,T1 정확표기,f974c4ca-d698-45d5-bd6e-1c8db5435fa1,목동바이시클,자전거판매 및정비,오목내길골목형상점가,골목형상점가,서울특별시,,,
8288f6d886fa507ae247,full_annotation_v1,A,q_치킨_01,치킨,음식점 중 '치킨'을 판매·제공하는 매장,train,치킨,T1 정확표기,5b5ce925-1446-46f4-aa24-80a3d22bf660,교촌치킨,치킨,산정상인회 골목형상점가,골목형상점가,광주광역시,,,
b1e1925cdf7306fda9df,full_annotation_v1,A,q_치킨_01,치킨,음식점 중 '치킨'을 판매·제공하는 매장,train,치킨,T1 정확표기,0325afb0-ec4b-4b3e-b0f1-1aa87097e667,수완닭발통닭,"닭발, 통닭",수완나들목 골목형상점가,골목형상점가,광주광역시,,,
dbadc89de0f44cd09f36,full_annotation_v1,A,q_치킨_01,치킨,음식점 중 '치킨'을 판매·제공하는 매장,train,치킨,T1 정확표기,847b980d-a51f-4c2b-98ae-e10fccc26f1d,다코기,치킨,구일로 골목형상점가,골목형상점가,서울특별시,,,
e30650b9f5d029b84c01,full_annotation_v1,A,q_치킨_01,치킨,음식점 중 '치킨'을 판매·제공하는 매장,train,치킨,T1 정확표기,02f9037a-c117-4db4-9d2b-9b78182978f4,반월닭강정치킨,,보령한내시장,전통시장,충청남도,,,
b598146886d4752905d1,full_annotation_v1,A,q_치킨_01,치킨,음식점 중 '치킨'을 판매·제공하는 매장,train,치킨,T1 정확표기,dc08aa2a-78f9-464c-ac81-31cb18c66866,큐신포치킨,치킨,평택통복시장,전통시장,경기도,,,
23794cf16f09f19a9411,full_annotation_v1,A,q_치킨_01,치킨,음식점 중 '치킨'을 판매·제공하는 매장,train,치킨,T1 정확표기,04281236-3406-42c7-bac5-94bce898079b,경북닭집,생닭,포항죽도시장,전통시장,경상북도,,,
45126786170ca6b10703,full_annotation_v1,A,q_치킨_01,치킨,음식점 중 '치킨'을 판매·제공하는 매장,train,치킨,T1 정확표기,ed589f4c-a8c7-4418-9f34-0d7f534224fa,형제치킨,치킨,경산중앙로상점가,자율상권구역,경상북도,,,
7011bcac9d221dbb6d73,full_annotation_v1,A,q_치킨_01,치킨,음식점 중 '치킨'을 판매·제공하는 매장,train,치킨,T1 정확표기,e3a231ef-25b7-4463-b045-c48aabc93982,옛날통닭,치킨,수비벡스코 골목형상점가,골목형상점가,부산광역시,,,
de86d8858f2e49d8728b,full_annotation_v1,A,q_치킨_01,치킨,음식점 중 '치킨'을 판매·제공하는 매장,train,치킨,T1 정확표기,9e4a8169-a93b-4692-a66c-ff2efd804483,굿쎈치킨,치킨,성서계대로데오거리 골목형상점가,골목형상점가,대구광역시,,,
5e6cfc6575abdbc2d5ce,full_annotation_v1,A,q_치킨_01,치킨,음식점 중 '치킨'을 판매·제공하는 매장,train,치킨,T1 정확표기,030a5e64-7697-4952-b49b-a7d7f5591a5e,노연닭집,생닭,안계정기시장,전통시장,경상북도,,,
5617987ead12606fef7f,full_annotation_v1,A,q_치킨_01,치킨,음식점 중 '치킨'을 판매·제공하는 매장,train,치킨,T1 정확표기,7eabbc1d-5289-4522-9511-8beb7e1eca93,소프트치킨,치킨,남구로시장,전통시장,서울특별시,,,
5a2eafd41568b6a25bd1,full_annotation_v1,A,q_치킨_01,치킨,음식점 중 '치킨'을 판매·제공하는 매장,train,치킨,T1 정확표기,6ad0cc41-b01b-4e8d-9de5-bc348f34c54d,웰덤치킨,치킨,동문재래시장,전통시장,제주특별자치도,,,
478ec085f701b98d8cd7,full_annotation_v1,A,q_치킨_01,치킨,음식점 중 '치킨'을 판매·제공하는 매장,train,치킨,T1 정확표기,efeebb46-4dd2-43cb-be61-e69cdbe801b8,옛날통닭,치킨,아현시장,전통시장,서울특별시,,,
f4986cf69ea63b02612c,full_annotation_v1,A,q_치킨_01,치킨,음식점 중 '치킨'을 판매·제공하는 매장,train,치킨,T1 정확표기,a891c784-901e-48b3-b872-f02baf99b053,용천흑염소,추출가공식품(건어물 건강식품),중곡제일골목시장(중곡제일전통시장),전통시장,서울특별시,,,
63a5a7b11dcfb6fab0ac,full_annotation_v1,A,q_치킨_01,치킨,음식점 중 '치킨'을 판매·제공하는 매장,train,치킨,T1 정확표기,c8de0e0f-8df4-4ffb-89a4-6849900c79d9,은성,의류,신평화패션타운,전통시장,서울특별시,,,
09e38e5e7ef4f91a9338,full_annotation_v1,A,q_치킨_01,치킨,음식점 중 '치킨'을 판매·제공하는 매장,train,치킨,T1 정확표기,049722c3-eb1f-498f-9cd3-e904f7b0dcf9,가마치통닭평안점,치킨,진주 중앙상점가,자율상권구역,경상남도,,,
98405c5af283b1d8d9f2,full_annotation_v1,A,q_치킨_01,치킨,음식점 중 '치킨'을 판매·제공하는 매장,train,치킨,T1 정확표기,dc7f7338-1d5b-4d2b-92e8-092734d8dafb,60계 치킨,치킨,엄사 골목형상점가,골목형상점가,충청남도,,,
487909770280723600f5,full_annotation_v1,A,q_치킨_01,치킨,음식점 중 '치킨'을 판매·제공하는 매장,train,치킨,T1 정확표기,9ce1f108-6a44-44db-8368-7e6177116236,할루우치킨,치킨,성동용답상가시장,전통시장,서울특별시,,,
d6dd8779b98b055e065d,full_annotation_v1,A,q_치킨_01,치킨,음식점 중 '치킨'을 판매·제공하는 매장,train,치킨,T1 정확표기,f63ffa55-804e-46b7-abe0-d7bb64c3a915,교촌치킨,치킨,남해 명품화전길 골목형상점가,골목형상점가,경상남도,,,
807df715bebb2e9cbc42,full_annotation_v1,A,q_치킨_01,치킨,음식점 중 '치킨'을 판매·제공하는 매장,train,치킨,T1 정확표기,eedfee23-6001-4748-8db1-d27f9b4b680d,송엘림치킨,치킨,남부골목시장,전통시장,서울특별시,,,
8e118da5832521f1f7e2,full_annotation_v1,A,q_치킨_01,치킨,음식점 중 '치킨'을 판매·제공하는 매장,train,치킨,T1 정확표기,f3db100e-fdef-4b6d-9723-ecc519e61223,옛날통닭,치킨,거창 전통시장,전통시장,경상남도,,,
6e67b61b137d1e72cec6,full_annotation_v1,A,q_치킨_01,치킨,음식점 중 '치킨'을 판매·제공하는 매장,train,치킨,T1 정확표기,953ed9b3-f83c-44fc-a678-79ff5b733cd2,누리수산,생선,순천역전시장,전통시장,전라남도,,,
fa8ba0e9a9db94911c82,full_annotation_v1,A,q_치킨_01,치킨,음식점 중 '치킨'을 판매·제공하는 매장,train,치킨,T1 정확표기,d9f416a0-c9e9-4337-b2f5-59aa52ec6609,윙윙치킨,치킨,포남용마거리골목형상점가,골목형상점가,강원특별자치도,,,
059fc03f360049f89210,full_annotation_v1,A,q_치킨_01,치킨,음식점 중 '치킨'을 판매·제공하는 매장,train,치킨,T1 정확표기,32900f85-5b88-4a9a-b362-46ad57ae03b6,옛날통닭,치킨,초량 이음자율상권,,부산광역시,,,
3d5c3e645dd1ef7657ca,full_annotation_v1,A,q_치킨_01,치킨,음식점 중 '치킨'을 판매·제공하는 매장,train,치킨,T1 정확표기,bd971626-62a4-458e-9e5b-1b7778dd6893,옛날통닭,치킨,신곡시장 골목형상점가,골목형상점가,서울특별시,,,
3b547f89eb5c486a6fb2,full_annotation_v1,A,q_치킨_01,치킨,음식점 중 '치킨'을 판매·제공하는 매장,train,치킨,T1 정확표기,d3e81bba-327d-4b49-9604-4021951d0e1c,광계토치킨,치킨,장안문거북시장,전통시장,경기도,,,
47a484c4ba766c0c1b54,full_annotation_v1,A,q_치킨_01,치킨,음식점 중 '치킨'을 판매·제공하는 매장,train,치킨,T1 정확표기,adf10e9f-78c4-4341-89eb-eabf3d34ea53,통딹,치킨,방어진항 골목형상점가,골목형상점가,울산광역시,,,
334be515333316e1015f,full_annotation_v1,A,q_치킨_01,치킨,음식점 중 '치킨'을 판매·제공하는 매장,train,치킨,T1 정확표기,5268f5b1-322a-450b-ac70-38239b08c153,붐치킨,치킨,개롱골장군거리 골목형상점가,골목형상점가,서울특별시,,,
d49b230a6ddb84048878,full_annotation_v1,A,q_치킨_01,치킨,음식점 중 '치킨'을 판매·제공하는 매장,train,치킨,T1 정확표기,efe2d29e-9116-482e-bf1a-40ad9cf7c69f,극찬치킨,치킨,운암 금호 골목형상점가,골목형상점가,광주광역시,,,
294f5c39674112693c9d,full_annotation_v1,A,q_치킨_01,치킨,음식점 중 '치킨'을 판매·제공하는 매장,train,치킨,T1 정확표기,da178971-1fbd-4187-a329-8c76e76592a7,롱다리 치킨,치킨,88글러브 골목형상점가,골목형상점가,대전광역시,,,
af22305e5eda64c58a0d,full_annotation_v1,A,q_치킨_01,치킨,음식점 중 '치킨'을 판매·제공하는 매장,train,치킨,T1 정확표기,f7eb2238-af4b-4b20-a1f9-1434d580d912,비에이치씨(bhc) 치킨,치킨,조대장미의거리 상점가,자율상권구역,,,,
ace3f1b41053b1126903,full_annotation_v1,A,q_치킨_01,치킨,음식점 중 '치킨'을 판매·제공하는 매장,train,치킨,T1 정확표기,b998c563-ffd9-4b86-8a32-89edffbd647c,교촌치킨,치킨,서대신1동골목시장,전통시장,부산광역시,,,
38b98a32241e3cba0deb,full_annotation_v1,A,q_치킨_01,치킨,음식점 중 '치킨'을 판매·제공하는 매장,train,치킨,T1 정확표기,eae27f47-79b1-4dc9-b4b8-1c7d3b6bafb9,페리카나 치킨,치킨,신평시장,전통시장,충청남도,,,
7ecb61024b406f4e26e7,full_annotation_v1,A,q_치킨_01,치킨,음식점 중 '치킨'을 판매·제공하는 매장,train,치킨,T1 정확표기,7ad43aeb-d2c1-41aa-a372-0336cdd9cb1c,교촌치킨,치킨,설성골목형상점가,골목형상점가,충청북도,,,
988e2b205c3e224c2d0e,full_annotation_v1,A,q_치킨_01,치킨,음식점 중 '치킨'을 판매·제공하는 매장,train,치킨,T1 정확표기,7dd988f4-1f18-4615-966c-c8c2341979e3,투윙 치킨,치킨,서동전통골목시장,전통시장,부산광역시,,,
c6c2aef688ddd9a39d26,full_annotation_v1,A,q_치킨_01,치킨,음식점 중 '치킨'을 판매·제공하는 매장,train,치킨,T1 정확표기,2b178e93-db9c-480b-9373-f841a4d7e086,우리아빠닭강정,치킨,유성도안 골목형상점가,골목형상점가,대전광역시,,,
122f36df369854885747,full_annotation_v1,A,q_치킨_01,치킨,음식점 중 '치킨'을 판매·제공하는 매장,train,치킨,T1 정확표기,000bc123-8986-4a63-bd89-6076138ae351,왕장상회,치킨,자양전통시장,전통시장,서울특별시,,,
1e5b36e6880f8424376d,full_annotation_v1,A,q_치킨_01,치킨,음식점 중 '치킨'을 판매·제공하는 매장,train,치킨,T1 정확표기,697c37e9-730c-47f5-b1e5-4cb882e7f4f1,닭스,치킨,만년동 골목형상점가,골목형상점가,대전광역시,,,
2bd4cccc035851e7a8ab,full_annotation_v1,A,q_치킨_01,치킨,음식점 중 '치킨'을 판매·제공하는 매장,train,치킨,T1 정확표기,844aa25a-9ef9-4a3e-be7e-8aed036d9340,소테굽닭,치킨,봉선먹자골목 골목형상점가,골목형상점가,광주광역시,,,
c72ac37b4f5f76aae62e,full_annotation_v1,A,q_치킨_01,치킨,음식점 중 '치킨'을 판매·제공하는 매장,train,치킨,T1 정확표기,02a27b16-27f8-4934-967b-09afebc0294d,돌아온옛날통닭,통닭,못골골목시장,전통시장,부산광역시,,,
c903134601e76605b873,full_annotation_v1,A,q_치킨_01,치킨,음식점 중 '치킨'을 판매·제공하는 매장,train,치킨,T1 정확표기,751b598e-b0d9-498c-b528-fda82557c356,교촌치킨,치킨,풍암벚꽃길상인회 골목형상점가,골목형상점가,광주광역시,,,
b4728ba2b87cc18d1dc8,full_annotation_v1,A,q_치킨_01,치킨,음식점 중 '치킨'을 판매·제공하는 매장,train,치킨,T1 정확표기,0380c6ac-31cb-4e31-88b2-b97dd2ddf91b,남원,통닭,청량리전통시장,전통시장,서울특별시,,,
49c2758bef7d15f5af9c,full_annotation_v1,A,q_치킨_01,치킨,음식점 중 '치킨'을 판매·제공하는 매장,train,치킨,T1 정확표기,2255e5cc-9d10-46e2-8b34-2f2a6bf7a975,옛날통닭,치킨,초지항아리 골목형상점가,골목형상점가,경기도,,,
98642115252c37598b94,full_annotation_v1,A,q_치킨_01,치킨,음식점 중 '치킨'을 판매·제공하는 매장,train,치킨,T1 정확표기,041ac6a6-e107-47e9-801c-e46102f240c2,엄송치킨,치킨,양산길 골목형상점가,골목형상점가,광주광역시,,,
903cb519c678e006dab7,full_annotation_v1,A,q_치킨_01,치킨,음식점 중 '치킨'을 판매·제공하는 매장,train,치킨,T1 정확표기,4c46a9ab-93b8-4cc1-a4f0-71c01cac8b14,옛날통닭,치킨,매곡광장 골목형상점가,골목형상점가,울산광역시,,,
cdce93427f069c60a4b4,full_annotation_v1,A,q_치킨_01,치킨,음식점 중 '치킨'을 판매·제공하는 매장,train,치킨,T1 정확표기,dfcc1036-5661-448c-bdc1-2854eb01648a,bhc 치킨,치킨 전문점,댕리단길 골목형상점가,골목형상점가,경기도,,,
4f04e749430dff328b17,full_annotation_v1,A,q_치킨_01,치킨,음식점 중 '치킨'을 판매·제공하는 매장,train,치킨,T1 정확표기,24ee2f87-c8e1-42eb-8afd-5ae7157d5fa0,부리나 치킨,치킨,화개 상인회 골목형상점가,골목형상점가,광주광역시,,,
7ce415bba19a6e49327e,full_annotation_v1,A,q_치킨_01,치킨,음식점 중 '치킨'을 판매·제공하는 매장,train,치킨,T1 정확표기,3777e89a-95d9-4942-8997-15eb2553e6fc,반햇닭,치킨,쌍리단길상점가,자율상권구역,서울특별시,,,
2756b322601576ea1866,full_annotation_v1,A,q_치킨_01,치킨,음식점 중 '치킨'을 판매·제공하는 매장,train,치킨,T1 정확표기,74f3d2f5-3680-454f-8995-c7bea35b6c4b,멕시카나 치킨 다사점,치킨,매곡 골목형상점가,골목형상점가,대구광역시,,,
6d3a89b00dcab1c08405,full_annotation_v1,A,q_치킨_01,치킨,음식점 중 '치킨'을 판매·제공하는 매장,train,치킨,T1 정확표기,35f08c80-b881-4369-8491-412309c6068e,홈웰빙치킨,치킨,신월중앙시장,전통시장,서울특별시,,,
6431a265c5c48a617888,full_annotation_v1,A,q_치킨_01,치킨,음식점 중 '치킨'을 판매·제공하는 매장,train,치킨,T1 정확표기,01e3bdc3-fa69-409b-9f56-9ab1b44ede16,바우닭강정,닭강정,자양전통시장,전통시장,서울특별시,,,
1291fb78367414ace559,full_annotation_v1,A,q_치킨_01,치킨,음식점 중 '치킨'을 판매·제공하는 매장,train,치킨,T1 정확표기,4cacc225-5b09-4c12-98bf-8e5227ba3cfb,옛날통닭,치킨,광명전통시장,전통시장,경기도,,,
f1d1b23fbb5d4b3a0495,full_annotation_v1,A,q_치킨_01,치킨,음식점 중 '치킨'을 판매·제공하는 매장,train,치킨,T1 정확표기,78ad8f03-bb9f-45a6-8ad5-701381d95124,옛날통닭,치킨,마산 구암현대시장,전통시장,경상남도,,,
604c756285ecc6c15498,full_annotation_v1,A,q_치킨_01,치킨,음식점 중 '치킨'을 판매·제공하는 매장,train,치킨,T1 정확표기,02d7cfad-7de8-42df-8158-838c41753592,큰엄마통닭,생닭,괴정골목시장,전통시장,부산광역시,,,
36ba9344ca2633c15454,full_annotation_v1,A,q_치킨_01,치킨,음식점 중 '치킨'을 판매·제공하는 매장,train,치킨,T1 정확표기,9843060a-1fbc-42cb-9179-82c1d73e005e,태양마트,"소매(잡화,담배)",가남상점가,자율상권구역,경기도,,,
d07dd75ee2a2321236ef,full_annotation_v1,A,q_치킨_01,치킨,음식점 중 '치킨'을 판매·제공하는 매장,train,치킨,T1 정확표기,cd1aff26-2e19-4981-81cf-3ece21b9b1e8,부부상회,축산부산물,황학시장,전통시장,서울특별시,,,
1e0eb743de17a9ea6bed,full_annotation_v1,A,q_치킨_01,치킨,음식점 중 '치킨'을 판매·제공하는 매장,train,치킨,T1 정확표기,cde800f4-2ecf-4e25-85c8-a073e9ece3f6,건풍e치킨,치킨,아차산등산로골목형상점가,골목형상점가,서울특별시,,,
7793bd2c56c3ed1cfb14,full_annotation_v1,A,q_치킨_01,치킨,음식점 중 '치킨'을 판매·제공하는 매장,train,치킨,T1 정확표기,70ecbe9f-9de0-4a8f-93b5-3281292f9417,살살(SALSAL)치킨,치킨,당진시신도심상점가,자율상권구역,충청남도,,,
0d29058997b96df42b0d,full_annotation_v1,A,q_치킨_01,치킨,음식점 중 '치킨'을 판매·제공하는 매장,train,치킨,T1 정확표기,151ba4a3-2c21-4768-bb75-ed0e8d74104f,치퀸,치킨,인헌시장,전통시장,서울특별시,,,
2065ecdd8c2868e754bc,full_annotation_v1,A,q_치킨_01,치킨,음식점 중 '치킨'을 판매·제공하는 매장,train,치킨,T1 정확표기,f53c131c-802b-40c1-990b-ebc74b902800,엄송치킨,치킨,광복마을3-4길 골목형상점가,골목형상점가,광주광역시,,,
272ce1e38e5d65440fd5,full_annotation_v1,A,q_치킨_01,치킨,음식점 중 '치킨'을 판매·제공하는 매장,train,치킨,T1 정확표기,14855d86-8113-4b2c-bcad-1a53b0ccbad2,정관장홍삼하남점,홍삼 및 홍삼제품,달아실 골목형상점가,골목형상점가,광주광역시,,,
e0e15a52ca0433d06d60,full_annotation_v1,A,q_치킨_01,치킨,음식점 중 '치킨'을 판매·제공하는 매장,train,치킨,T1 정확표기,9fa72a03-3ce6-4365-b4a1-fcb8dac43933,백점치킨,치킨,두암2동광신맨션주변 골목형상점가,골목형상점가,광주광역시,,,
cf6d9d2a51589638934c,full_annotation_v1,A,q_치킨_01,치킨,음식점 중 '치킨'을 판매·제공하는 매장,train,치킨,T1 정확표기,377a7e39-bf6e-43eb-817b-47369ca61e45,치킨 홀릭,치킨,동오마을골목형상점가,골목형상점가,경기도,,,
5a68496d3977128e4318,full_annotation_v1,A,q_치킨_01,치킨,음식점 중 '치킨'을 판매·제공하는 매장,train,치킨,T1 정확표기,0007af17-f23e-49b9-b7c1-5a9968727cfd,오늘닭강정,닭강정,목원대 골목형상점가,골목형상점가,대전광역시,,,
37879c2467556a3d101c,full_annotation_v1,A,q_치킨_01,치킨,음식점 중 '치킨'을 판매·제공하는 매장,train,치킨,T1 정확표기,bdd0e5d6-cd9c-4797-b97a-4f19578f2611,라피노 치킨,치킨,송정역카페거리골목형상점가,골목형상점가,서울특별시,,,
4bafd2686d4a16a4e1e4,full_annotation_v1,A,q_치킨_01,치킨,음식점 중 '치킨'을 판매·제공하는 매장,train,치킨,T1 정확표기,00769411-1bf8-408d-b40a-a14be4c6dde9,마산통닭,,양산 남부시장,전통시장,경상남도,,,
1ff2ab2c6a0073c09083,full_annotation_v1,A,q_치킨_01,치킨,음식점 중 '치킨'을 판매·제공하는 매장,train,치킨,T1 정확표기,9b9bd7a6-1341-40f7-bd61-b13306bd36ce,옛날통닭,치킨,명덕마을 골목형상점가,골목형상점가,울산광역시,,,
f925cacd5a618f9d7a87,full_annotation_v1,A,q_치킨_01,치킨,음식점 중 '치킨'을 판매·제공하는 매장,train,치킨,T1 정확표기,3009ee0f-4e2e-48d5-b653-d9656492289a,짱치킨옛날통닭,치킨,오정시장,전통시장,경기도,,,
11991ca35c6999bd3584,full_annotation_v1,A,q_치킨_01,치킨,음식점 중 '치킨'을 판매·제공하는 매장,train,치킨,T1 정확표기,23f7f2c4-ace5-47cf-85ca-8b4bbe042198,안암아줌마 치킨 고대점,치킨,고대 골목형상점가,골목형상점가,서울특별시,,,
ab03ead07fe2534356e0,full_annotation_v1,A,q_치킨_01,치킨,음식점 중 '치킨'을 판매·제공하는 매장,train,치킨,T1 정확표기,22c32805-29ec-436d-99c5-3e7e9e64fc39,촌놈통닭,치킨,초량전통시장,전통시장,부산광역시,,,
539a906eb2271065feea,full_annotation_v1,A,q_치킨_01,치킨,음식점 중 '치킨'을 판매·제공하는 매장,train,치킨,T1 정확표기,d14dcdd7-0b50-4dbc-b8b9-c8b6a4b43655,울통치킨,치킨,양산 남부시장상가,전통시장,경상남도,,,
f590ca90d833bfce85da,full_annotation_v1,A,q_치킨_01,치킨,음식점 중 '치킨'을 판매·제공하는 매장,train,치킨,T1 정확표기,3356890f-c863-45b4-87f7-cb3f53521044,교촌치킨장흥점,치킨,장흥중앙로 골목형상점가,골목형상점가,전라남도,,,
7c89ee4f91e5bf069755,full_annotation_v1,A,q_치킨_01,치킨,음식점 중 '치킨'을 판매·제공하는 매장,train,치킨,T1 정확표기,71becd22-9c79-46c1-81f5-85e10933ee88,닭앤썸,치킨,월산상가 골목형 상점가,골목형상점가,충청남도,,,
00559e14eaf129172c4b,full_annotation_v1,A,q_치킨_02,닭강정,음식점 중 '치킨'을 판매·제공하는 매장,train,치킨,T2 동의어,96ae8f1b-69c7-413c-a111-fa12e2913a9e,판다 닭강정,닭강정,부전상가시장,전통시장,부산광역시,,,
600ed392c28cc84f6a13,full_annotation_v1,A,q_치킨_02,닭강정,음식점 중 '치킨'을 판매·제공하는 매장,train,치킨,T2 동의어,80acc7fc-3fcc-4095-b2de-d85fcfac0905,꿀사과씨앗닭강정,닭강정,봉선시장,전통시장,광주광역시,,,
056417610516f968d9f3,full_annotation_v1,A,q_치킨_02,닭강정,음식점 중 '치킨'을 판매·제공하는 매장,train,치킨,T2 동의어,a8fb145a-e759-4fe2-aa24-4d34efa4f5dd,홍이 닭강정,닭강정,새마을시장,전통시장,서울특별시,,,
acc829b5d015a117219f,full_annotation_v1,A,q_치킨_02,닭강정,음식점 중 '치킨'을 판매·제공하는 매장,train,치킨,T2 동의어,9ec7efe1-cec0-484f-9a8a-8e9e8a763599,휴식꿀밤닭강정,닭강정,공주산성시장,전통시장,충청남도,,,
d35d2ad6bf3632dcef4f,full_annotation_v1,A,q_치킨_02,닭강정,음식점 중 '치킨'을 판매·제공하는 매장,train,치킨,T2 동의어,23a924fc-2767-4a1a-926a-d621745cbc57,진격의 닭강정,,사직시장,전통시장,부산광역시,,,
bc957237853b58b3d838,full_annotation_v1,A,q_치킨_02,닭강정,음식점 중 '치킨'을 판매·제공하는 매장,train,치킨,T2 동의어,0325afb0-ec4b-4b3e-b0f1-1aa87097e667,수완닭발통닭,"닭발, 통닭",수완나들목 골목형상점가,골목형상점가,광주광역시,,,
c68c1eea1a55cc81097f,full_annotation_v1,A,q_치킨_02,닭강정,음식점 중 '치킨'을 판매·제공하는 매장,train,치킨,T2 동의어,1de7d202-81f7-436b-8c2a-70c33e122a06,투윙닭강정,닭강정,부평깡통시장(구 부산부평시장),전통시장,부산광역시,,,
df017fd297a16287510e,full_annotation_v1,A,q_치킨_02,닭강정,음식점 중 '치킨'을 판매·제공하는 매장,train,치킨,T2 동의어,c0e4d9c0-eb85-4291-bd23-c1c4ec075597,momo 닭강정,닭강정,임방울거리3구역 골목형상점가,골목형상점가,광주광역시,,,
cc011367ee1aa82d40bd,full_annotation_v1,A,q_치킨_02,닭강정,음식점 중 '치킨'을 판매·제공하는 매장,train,치킨,T2 동의어,ba9a5a13-e0c8-4896-8ddb-7c276077d0b5,허갈닭강정,닭강정,부여도심 상권활성화구역,상권활성화구역,충청남도,,,
471818a897e9f86dcd7e,full_annotation_v1,A,q_치킨_02,닭강정,음식점 중 '치킨'을 판매·제공하는 매장,train,치킨,T2 동의어,0206583a-8207-4455-8670-857a27332498,유미통닭,,청주대중앙로골목형상점가,골목형상점가,충청북도,,,
d2d64333585ca64e5ec9,full_annotation_v1,A,q_치킨_02,닭강정,음식점 중 '치킨'을 판매·제공하는 매장,train,치킨,T2 동의어,b7a71fea-04a8-4df2-aa24-5267ff414ea8,시온약국,양약,정 있는 서암대로 골목형상점가,골목형상점가,광주광역시,,,
eda3799e554170563350,full_annotation_v1,A,q_치킨_02,닭강정,음식점 중 '치킨'을 판매·제공하는 매장,train,치킨,T2 동의어,f64c9d74-3bbc-4087-b6d1-39052518f681,바로가마솥닭강정,닭강정,충주자유시장,전통시장,충청북도,,,
d8baf0e93e9bbffb9def,full_annotation_v1,A,q_치킨_02,닭강정,음식점 중 '치킨'을 판매·제공하는 매장,train,치킨,T2 동의어,d3c3bc94-21d5-410f-800d-d90152c8bb01,허브양념치킨,닭강정,방신전통시장,전통시장,서울특별시,,,
28ace9b15cf845a2576d,full_annotation_v1,A,q_치킨_02,닭강정,음식점 중 '치킨'을 판매·제공하는 매장,train,치킨,T2 동의어,3433c6cb-f50a-4a21-8228-4c56fdc51562,천하일미닭강정,닭강정,㈜신정시장,전통시장,울산광역시,,,
07e0288159d4f0952289,full_annotation_v1,A,q_치킨_02,닭강정,음식점 중 '치킨'을 판매·제공하는 매장,train,치킨,T2 동의어,2078ae4b-83e9-4ab9-9cfe-1ad3931df18e,닭깡,닭강정,고운마음 골목형상점가,골목형상점가,세종특별자치시,,,
bc3da9ddb18461735ce9,full_annotation_v1,A,q_치킨_02,닭강정,음식점 중 '치킨'을 판매·제공하는 매장,train,치킨,T2 동의어,49375c4d-b39e-4e17-b33a-5aa640256052,진주중앙닭강정,닭강정,진주 비봉시장,전통시장,경상남도,,,
4334b2bd389dcdabd013,full_annotation_v1,A,q_치킨_02,닭강정,음식점 중 '치킨'을 판매·제공하는 매장,train,치킨,T2 동의어,01465138-3544-40c5-a4db-860c2bb8c959,군산수산물종합센터내)매점,매점,군산수산물종합센터,전통시장,전북특별자치도,,,
1e946fef27764538f55e,full_annotation_v1,A,q_치킨_02,닭강정,음식점 중 '치킨'을 판매·제공하는 매장,train,치킨,T2 동의어,01e3bdc3-fa69-409b-9f56-9ab1b44ede16,바우닭강정,닭강정,자양전통시장,전통시장,서울특별시,,,
b365c29c8aeb889fc001,full_annotation_v1,A,q_치킨_02,닭강정,음식점 중 '치킨'을 판매·제공하는 매장,train,치킨,T2 동의어,fae166aa-7f5c-4627-9049-b030d8f3dee0,BHC영통구청점,치킨,매탄중심상가 골목형상점가,골목형상점가,경기도,,,
f0699c6786d558553787,full_annotation_v1,A,q_치킨_02,닭강정,음식점 중 '치킨'을 판매·제공하는 매장,train,치킨,T2 동의어,65519d08-6169-4953-bab7-0d9807ddf2c1,닭강정 총각,닭강정,상산나들이골목형상점가,골목형상점가,충청북도,,,
ff2290af2fd58254dab0,full_annotation_v1,A,q_치킨_02,닭강정,음식점 중 '치킨'을 판매·제공하는 매장,train,치킨,T2 동의어,a783d1eb-d5dc-4b32-aee9-6fe8fe8768e0,민혜수산,수산물,목포청호시장,전통시장,전라남도,,,
f93891b7eb32a79ae38f,full_annotation_v1,A,q_치킨_02,닭강정,음식점 중 '치킨'을 판매·제공하는 매장,train,치킨,T2 동의어,54761702-3554-4d74-a0c4-5ebdef7fd8c7,파파닭강정,닭강정,원주중앙시장활성화구역,상권활성화구역,강원특별자치도,,,
d86d2a0f6fcf8138393a,full_annotation_v1,A,q_치킨_02,닭강정,음식점 중 '치킨'을 판매·제공하는 매장,train,치킨,T2 동의어,6950e48f-4a6b-4581-bf48-f9b2588ff360,인생닭강정,닭강정,메트로센터(반월당지하쇼핑),일반지하상점가,대구광역시,,,
d8b10b61ae955b4ae6de,full_annotation_v1,A,q_치킨_02,닭강정,음식점 중 '치킨'을 판매·제공하는 매장,train,치킨,T2 동의어,72293a80-a56e-4512-849e-2567459a05b4,천하일미닭강정,닭강정,우림골목시장,전통시장,서울특별시,,,
b00ec8856d4b11e79333,full_annotation_v1,A,q_치킨_02,닭강정,음식점 중 '치킨'을 판매·제공하는 매장,train,치킨,T2 동의어,cef75e4f-f447-4eb3-8509-554c3a1c0378,교동1963닭강정,닭강정,대룡시장골목형상점가,골목형상점가,인천광역시,,,
7e98c3dad1637d275fa3,full_annotation_v1,A,q_치킨_02,닭강정,음식점 중 '치킨'을 판매·제공하는 매장,train,치킨,T2 동의어,02a27b16-27f8-4934-967b-09afebc0294d,돌아온옛날통닭,통닭,못골골목시장,전통시장,부산광역시,,,
d16dfb5028a9169ef625,full_annotation_v1,A,q_치킨_02,닭강정,음식점 중 '치킨'을 판매·제공하는 매장,train,치킨,T2 동의어,f3aa43f9-acdf-475d-a45b-cdb5773ba4f1,한민닭강정,닭강정,한민시장,전통시장,대전광역시,,,
0d1927d930ffc19f0dc7,full_annotation_v1,A,q_치킨_02,닭강정,음식점 중 '치킨'을 판매·제공하는 매장,train,치킨,T2 동의어,0787f102-dd56-4f42-842f-ab1760b02ede,동부유통,의류,목포동부시장,전통시장,전라남도,,,
6a9912a5ef2b2c316de0,full_annotation_v1,A,q_치킨_02,닭강정,음식점 중 '치킨'을 판매·제공하는 매장,train,치킨,T2 동의어,a242b56a-02a0-41fb-a478-593155a49041,큰손닭강정,닭강정,안양중앙인정시장,전통시장,경기도,,,
6d0a0880b227d12b68c0,full_annotation_v1,A,q_치킨_02,닭강정,음식점 중 '치킨'을 판매·제공하는 매장,train,치킨,T2 동의어,ffefbaa9-9140-4213-af96-72eb8e1c72da,양평38닭강정,닭강정,양평물맑은시장,전통시장,경기도,,,
6a011d975a243a267bc7,full_annotation_v1,A,q_치킨_02,닭강정,음식점 중 '치킨'을 판매·제공하는 매장,train,치킨,T2 동의어,b50641e4-4648-4bb5-80be-600c9848f3ff,띠꾼이네 흙마늘 닭강정,닭강정,인천모래내전통시장,전통시장,인천광역시,,,
ea405780b4ce5c81cb36,full_annotation_v1,A,q_치킨_02,닭강정,음식점 중 '치킨'을 판매·제공하는 매장,train,치킨,T2 동의어,00446094-b7f5-42de-acfa-7e4cba20d7ad,투게더피치우산점,피자 치킨,으뜸골목형상점가,골목형상점가,강원특별자치도,,,
d5aac0205ad510e207ad,full_annotation_v1,A,q_치킨_02,닭강정,음식점 중 '치킨'을 판매·제공하는 매장,train,치킨,T2 동의어,c4c5955e-8363-4f1d-85aa-7ef8a79edbde,아주 특별한 걸,의류,임방울거리1구역 골목형상점가,골목형상점가,광주광역시,,,
1e6d9e41fa40d3fcfabd,full_annotation_v1,A,q_치킨_02,닭강정,음식점 중 '치킨'을 판매·제공하는 매장,train,치킨,T2 동의어,b1acd260-5423-44c7-9c5b-3f6357383559,엘가커피,커피,홍제골목형상점가,골목형상점가,서울특별시,,,
9505d86efa42cb07926b,full_annotation_v1,A,q_치킨_02,닭강정,음식점 중 '치킨'을 판매·제공하는 매장,train,치킨,T2 동의어,8ed072eb-f487-4fc5-b675-8d3b2de1f5b3,꿀잔치닭강정,닭강정,월빛 골목형상점가,골목형상점가,광주광역시,,,
d6358dd23ab34cd721a9,full_annotation_v1,A,q_치킨_02,닭강정,음식점 중 '치킨'을 판매·제공하는 매장,train,치킨,T2 동의어,9645b27a-2b06-4c7c-86cd-ee63496535de,뚝딱뚝닭강정,닭강정,평택통복시장,전통시장,경기도,,,
6af174168e311ddfbb59,full_annotation_v1,A,q_치킨_02,닭강정,음식점 중 '치킨'을 판매·제공하는 매장,train,치킨,T2 동의어,6e71837c-9663-4e2b-8ec0-377813eb4327,인생닭강정,닭강정,성동용답상가시장,전통시장,서울특별시,,,
426711d68a46ceb5b628,full_annotation_v1,A,q_치킨_02,닭강정,음식점 중 '치킨'을 판매·제공하는 매장,train,치킨,T2 동의어,69cf446a-b03e-4345-9496-8f5bb7cdfe46,40호베트남쌀국수,닭강정,평택통복시장,전통시장,경기도,,,
cec4e696267725657467,full_annotation_v1,A,q_치킨_02,닭강정,음식점 중 '치킨'을 판매·제공하는 매장,train,치킨,T2 동의어,96944fce-8ebf-4cb6-bfb6-e32cbce45b73,부영닭강정,닭강정,삼척중앙시장,전통시장,강원특별자치도,,,
f2b8588d7e99028fd089,full_annotation_v1,A,q_치킨_02,닭강정,음식점 중 '치킨'을 판매·제공하는 매장,train,치킨,T2 동의어,176528af-59ef-46e8-9287-6a90a3a48e9b,와삭통통닭강정,닭강정,산본로데오거리(구 산본중심상가),자율상권구역,경기도,,,
faf6492c6b6a7e1babeb,full_annotation_v1,A,q_치킨_02,닭강정,음식점 중 '치킨'을 판매·제공하는 매장,train,치킨,T2 동의어,b18df5fe-2cfc-4888-ac40-e141f713fec7,얌얌,분식,빛가람 하나로 골목형상점가,골목형상점가,전라남도,,,
51fd413a347eda997f32,full_annotation_v1,A,q_치킨_02,닭강정,음식점 중 '치킨'을 판매·제공하는 매장,train,치킨,T2 동의어,04281236-3406-42c7-bac5-94bce898079b,경북닭집,생닭,포항죽도시장,전통시장,경상북도,,,
074a4db3f9faf3201698,full_annotation_v1,A,q_치킨_02,닭강정,음식점 중 '치킨'을 판매·제공하는 매장,train,치킨,T2 동의어,e09e6848-e531-4179-835f-376a67b8498f,전주닭강정송천점,닭강정,솔내로 골목형상점가,골목형상점가,전북특별자치도,,,
4ff170cab1f044cbde09,full_annotation_v1,A,q_치킨_02,닭강정,음식점 중 '치킨'을 판매·제공하는 매장,train,치킨,T2 동의어,59f516ef-a6fc-4101-8889-2e18c3502a0b,떡튀닭강정,닭강정,증평장뜰재래시장,전통시장,충청북도,,,
d3d095d5e12d99557633,full_annotation_v1,A,q_치킨_02,닭강정,음식점 중 '치킨'을 판매·제공하는 매장,train,치킨,T2 동의어,c934b554-26df-438d-b73e-20bad2d4d25e,속초갓포,일식,속초중앙전통시장,전통시장,강원특별자치도,,,
e529a8e5bfe5aba54753,full_annotation_v1,A,q_치킨_02,닭강정,음식점 중 '치킨'을 판매·제공하는 매장,train,치킨,T2 동의어,6aa1f514-f858-4115-8e40-535f3973ca32,시장닭강정덕이네종합식품,닭강정,태화시장,전통시장,울산광역시,,,
535fb4134e00340a4df9,full_annotation_v1,A,q_치킨_02,닭강정,음식점 중 '치킨'을 판매·제공하는 매장,train,치킨,T2 동의어,3aa08f1a-4a33-4488-8a21-fcaa6f965c1d,오늘닭강정,닭강정,테크노밸리 골목형상점가,골목형상점가,대전광역시,,,
f97778544315d8a0b37e,full_annotation_v1,A,q_치킨_02,닭강정,음식점 중 '치킨'을 판매·제공하는 매장,train,치킨,T2 동의어,052e94ee-11ea-4d49-a41c-8ed7d3c2ac5c,맛도리닭강정,닭강정,한대앞역상점가,자율상권구역,경기도,,,
26efb4e5a69766375fb5,full_annotation_v1,A,q_치킨_02,닭강정,음식점 중 '치킨'을 판매·제공하는 매장,train,치킨,T2 동의어,cb68a619-aea5-4818-91e9-aa3080163ca5,빅보강정,닭강정,산수 먹자골목 골목형상점가,골목형상점가,광주광역시,,,
f115ca5c862ccc55d6e5,full_annotation_v1,A,q_치킨_02,닭강정,음식점 중 '치킨'을 판매·제공하는 매장,train,치킨,T2 동의어,12c7113a-d85b-4433-82af-3cc54a2fc0f6,여운 누룽지 닭강정,"닭강정, 치킨",의정부제일시장,전통시장,경기도,,,
c34fb00eac53db1aa038,full_annotation_v1,A,q_치킨_02,닭강정,음식점 중 '치킨'을 판매·제공하는 매장,train,치킨,T2 동의어,21157a90-d0fa-4196-96d8-540affe58ecc,신포찬누리닭강정,닭강정,신포시장,전통시장,인천광역시,,,
1d2ebd77a70d4638cf9e,full_annotation_v1,A,q_치킨_02,닭강정,음식점 중 '치킨'을 판매·제공하는 매장,train,치킨,T2 동의어,692d558e-f69f-4f00-861d-6ae7eefdf9ae,신포참닭강정,닭강정,신포시장,전통시장,인천광역시,,,
a5e05bfeceece945c238,full_annotation_v1,A,q_치킨_02,닭강정,음식점 중 '치킨'을 판매·제공하는 매장,train,치킨,T2 동의어,47887693-728e-48e1-8ce8-8ed57475ac72,큰집닭강정,닭강정,봉일천전통시장,전통시장,경기도,,,
e53b7d20fff85e159552,full_annotation_v1,A,q_치킨_02,닭강정,음식점 중 '치킨'을 판매·제공하는 매장,train,치킨,T2 동의어,f4650b5f-9b5d-45ea-8cf4-4845b99257e2,옥이네추어탕,한식,임방울거리1구역 골목형상점가,골목형상점가,광주광역시,,,
55408b494892269c2974,full_annotation_v1,A,q_치킨_02,닭강정,음식점 중 '치킨'을 판매·제공하는 매장,train,치킨,T2 동의어,ec5757bd-06de-46e2-bf05-7caac403f129,마루공방(니),가구,양주소풍가구단지상점가,골목형상점가,경기도,,,
cc2e6977d0d4395c3ffb,full_annotation_v1,A,q_치킨_02,닭강정,음식점 중 '치킨'을 판매·제공하는 매장,train,치킨,T2 동의어,6e389fc8-12af-4007-8657-e60a8cb1ae09,닭강정짱,닭강정,수정로 상권활성화구역,상권활성화구역,경기도,,,
279d1b34d64f571bf55e,full_annotation_v1,A,q_치킨_02,닭강정,음식점 중 '치킨'을 판매·제공하는 매장,train,치킨,T2 동의어,0038f694-919c-4289-8bc1-a5e6549274e1,달인닭강정,닭강정,서귀포매일올레시장,전통시장,제주특별자치도,,,
5ea2f0216883b6f56457,full_annotation_v1,A,q_치킨_02,닭강정,음식점 중 '치킨'을 판매·제공하는 매장,train,치킨,T2 동의어,8d8492a2-6ae7-47a2-82d0-48e4ee2a715a,인생닭강정,닭강정,부사동 인삼거리 골목형상점가,골목형상점가,대전광역시,,,
8c3a3a9d118d4a0f5cdb,full_annotation_v1,A,q_치킨_02,닭강정,음식점 중 '치킨'을 판매·제공하는 매장,train,치킨,T2 동의어,000bc123-8986-4a63-bd89-6076138ae351,왕장상회,치킨,자양전통시장,전통시장,서울특별시,,,
a4386f79e18dc0c1da56,full_annotation_v1,A,q_치킨_02,닭강정,음식점 중 '치킨'을 판매·제공하는 매장,train,치킨,T2 동의어,ec06ffbd-bb0b-467e-883b-240281c72e5f,김씨수산,생선,인천종합어시장,전통시장,인천광역시,,,
1a214294e790bd89d834,full_annotation_v1,A,q_치킨_02,닭강정,음식점 중 '치킨'을 판매·제공하는 매장,train,치킨,T2 동의어,0a0fb7cc-473d-4fdf-a2b2-7eb23102ae3d,닭강정 달곰's,닭강정,의정부시장,전통시장,경기도,,,
468e4ab4a582947e5ca9,full_annotation_v1,A,q_치킨_02,닭강정,음식점 중 '치킨'을 판매·제공하는 매장,train,치킨,T2 동의어,6c2d1aef-1d19-4442-b483-a7fc0279ffb3,모락로제떡볶이&닭강정,닭강정,더불어용두 골목형상점가,골목형상점가,광주광역시,,,
93ba021c5c0403351de7,full_annotation_v1,A,q_치킨_02,닭강정,음식점 중 '치킨'을 판매·제공하는 매장,train,치킨,T2 동의어,fcb860d0-eb53-4b41-b8d7-6b0651d51099,평창미소닭강정,닭강정,평창올림픽시장(평창전통시장),전통시장,강원특별자치도,,,
fcf59fe4385dbf2ecc69,full_annotation_v1,A,q_치킨_02,닭강정,음식점 중 '치킨'을 판매·제공하는 매장,train,치킨,T2 동의어,59324c7b-2c04-4b52-b2b5-0ac386d07606,빨닭빨닭,닭강정,달서시장,전통시장,대구광역시,,,
9c2bc167d2ba3476b949,full_annotation_v1,A,q_치킨_02,닭강정,음식점 중 '치킨'을 판매·제공하는 매장,train,치킨,T2 동의어,d18ecc94-c63c-4746-8000-f8bcac1ca62b,쌈빠닭강정,닭강정,구월시장,전통시장,인천광역시,,,
689dfc3c0ba00c28c203,full_annotation_v1,A,q_치킨_02,닭강정,음식점 중 '치킨'을 판매·제공하는 매장,train,치킨,T2 동의어,8586df8d-0d7c-444a-8c85-f01277bdbe89,주닭강정,닭강정,동작구 LINK 상권활성화구역,상권활성화구역,서울특별시,,,
61c397afd5026fafdf8b,full_annotation_v1,A,q_치킨_02,닭강정,음식점 중 '치킨'을 판매·제공하는 매장,train,치킨,T2 동의어,8250d05c-c710-40d2-b3dd-4115a50bf2d9,큰집닭강정,닭강정,왕십리무학봉상점가,자율상권구역,서울특별시,,,
d5e335d94dd81cbb71c8,full_annotation_v1,A,q_치킨_02,닭강정,음식점 중 '치킨'을 판매·제공하는 매장,train,치킨,T2 동의어,04c68b7c-b1d5-4deb-8514-bdb73d9034fd,천하일미닭강정,닭강정,까치산시장,전통시장,서울특별시,,,
f78eaed4c90b5e7d0be0,full_annotation_v1,A,q_치킨_02,닭강정,음식점 중 '치킨'을 판매·제공하는 매장,train,치킨,T2 동의어,004764d4-5ad9-4f22-81bb-48eac27e9e4b,60계치킨 야탑점,치킨,야탑 골목형상점가,골목형상점가,경기도,,,
9aa41032097e31cf0a35,full_annotation_v1,A,q_치킨_02,닭강정,음식점 중 '치킨'을 판매·제공하는 매장,train,치킨,T2 동의어,32796614-7d6e-4b18-bee0-17280bf78cc1,별별닭강정,닭강정,신장대리 자율상권구역,,강원특별자치도,,,
0e569187d8341eee6489,full_annotation_v1,A,q_치킨_02,닭강정,음식점 중 '치킨'을 판매·제공하는 매장,train,치킨,T2 동의어,ce77a23a-a47f-4628-87b6-5f47d18c818c,닭강정,닭강정,메트로센터(반월당지하쇼핑),일반지하상점가,대구광역시,,,
5999e11928895810556b,full_annotation_v1,A,q_치킨_02,닭강정,음식점 중 '치킨'을 판매·제공하는 매장,train,치킨,T2 동의어,d0fe54d4-9f30-4fc4-9736-7971f9be1c7c,초당소금빵,제빵,속초중앙전통시장,전통시장,강원특별자치도,,,
5fa79945dfb70e9d3635,full_annotation_v1,A,q_치킨_02,닭강정,음식점 중 '치킨'을 판매·제공하는 매장,train,치킨,T2 동의어,3da112ae-246a-44e0-a7d0-bed74e5d5510,가마로강정,닭강정,원당시장(구 원당전통시장),전통시장,경기도,,,
2e632a7eb35e49493258,full_annotation_v1,A,q_치킨_02,닭강정,음식점 중 '치킨'을 판매·제공하는 매장,train,치킨,T2 동의어,02f9037a-c117-4db4-9d2b-9b78182978f4,반월닭강정치킨,,보령한내시장,전통시장,충청남도,,,
5460755e0115944566d3,full_annotation_v1,A,q_치킨_02,닭강정,음식점 중 '치킨'을 판매·제공하는 매장,train,치킨,T2 동의어,6181fd21-01e0-4540-a2a1-0cde80edc5c9,배니닭강정,닭강정,강릉중앙시장,전통시장,강원특별자치도,,,
db655877118e55e58fd5,full_annotation_v1,A,q_치킨_02,닭강정,음식점 중 '치킨'을 판매·제공하는 매장,train,치킨,T2 동의어,1f0bde63-f6e8-4544-a9d8-0d46da8e0392,청춘닭강정,닭강정,언양알프스시장,전통시장,울산광역시,,,
6121afe7985c00717311,full_annotation_v1,A,q_치킨_02,닭강정,음식점 중 '치킨'을 판매·제공하는 매장,train,치킨,T2 동의어,2b5eeea8-9082-41e6-b43d-5477a61507a0,문전대박닭강정,닭강정,오산오색시장(구 오산중앙시장),전통시장,경기도,,,
402523f102caf971e8b1,full_annotation_v1,A,q_치킨_02,닭강정,음식점 중 '치킨'을 판매·제공하는 매장,train,치킨,T2 동의어,e9bc0ed3-85ec-4d5e-ad62-d6d0f037dafb,오늘닭강정,닭강정,반석동 골목형상점가,골목형상점가,대전광역시,,,
fc4de9d8263d325385ac,full_annotation_v1,A,q_치킨_02,닭강정,음식점 중 '치킨'을 판매·제공하는 매장,train,치킨,T2 동의어,8b298d34-d8dd-446e-8bc6-c716355b1d76,닭강정아,닭강정,방이시장,전통시장,서울특별시,,,
1a30f86b63fb6dd88e5b,full_annotation_v1,A,q_치킨_02,닭강정,음식점 중 '치킨'을 판매·제공하는 매장,train,치킨,T2 동의어,66f44d90-6cb8-425a-a061-c4ec5f52d3d8,컵피자(닭강정),닭강정 와플,전북대대학로상점가,자율상권구역,전북특별자치도,,,
d8b96aaa57bc9a59cb8f,full_annotation_v1,A,q_치킨_02,닭강정,음식점 중 '치킨'을 판매·제공하는 매장,train,치킨,T2 동의어,d4297e79-1451-4b21-b4b0-a41f3f84d289,중앙닭강정,닭강정,강릉성남시장,전통시장,강원특별자치도,,,
b707874e3ba29ce1b1fc,full_annotation_v1,A,q_치킨_02,닭강정,음식점 중 '치킨'을 판매·제공하는 매장,train,치킨,T2 동의어,b4de5c27-6a05-4e84-a429-c1a0710bc976,무등떡갈비&닭강정,닭강정,세은 골목형상점가,골목형상점가,광주광역시,,,
91edbf057cda5812186d,full_annotation_v1,A,q_치킨_02,닭강정,음식점 중 '치킨'을 판매·제공하는 매장,train,치킨,T2 동의어,a06bec48-903c-4d83-9bff-7a6eb96f98b6,인생닭강정,닭강정,산본로데오거리(구 산본중심상가),자율상권구역,경기도,,,
06184a352f51d7e8c0e8,full_annotation_v1,A,q_치킨_02,닭강정,음식점 중 '치킨'을 판매·제공하는 매장,train,치킨,T2 동의어,06eb2fb9-bad1-4661-9b00-67d6c5231eca,케이제이살롱,미용실,정 있는 서암대로 골목형상점가,골목형상점가,광주광역시,,,
1f2ed4ea97584651e4cd,full_annotation_v1,A,q_치킨_02,닭강정,음식점 중 '치킨'을 판매·제공하는 매장,train,치킨,T2 동의어,271c1171-6a7d-452e-9839-e5b8db412b7d,부길닭강정,닭강정,영월중앙시장,자율상권구역,강원특별자치도,,,
4c5719f6548c1abc06e6,full_annotation_v1,A,q_치킨_02,닭강정,음식점 중 '치킨'을 판매·제공하는 매장,train,치킨,T2 동의어,79f356af-4008-4f92-815b-238c93d3b54c,오늘닭강정,닭강정,송촌동상점가,자율상권구역,대전광역시,,,
c70ac060e4d0ba9a5094,full_annotation_v1,A,q_치킨_02,닭강정,음식점 중 '치킨'을 판매·제공하는 매장,train,치킨,T2 동의어,57b40cd2-0c3c-4938-8b41-0180bdf0e6b8,홍킹콩닭강정,닭강정,성남중앙시장(중앙공설시장),전통시장,경기도,,,
a5df73edf4a5642d0eed,full_annotation_v1,A,q_치킨_02,닭강정,음식점 중 '치킨'을 판매·제공하는 매장,train,치킨,T2 동의어,000d4d47-3a3f-4a73-9fce-cd3802a5ebb3,은여우두마리치킨,치킨,봉곡우전로 골목형상점가,골목형상점가,전북특별자치도,,,
b8f7644786cb1b3e9223,full_annotation_v1,A,q_치킨_02,닭강정,음식점 중 '치킨'을 판매·제공하는 매장,train,치킨,T2 동의어,0367e5f3-1bf4-4d8a-bac6-655fcc2eda3f,큰집닭강정,닭강정,신도봉시장,전통시장,서울특별시,,,
08ca20465d68e1e4c867,full_annotation_v1,A,q_치킨_02,닭강정,음식점 중 '치킨'을 판매·제공하는 매장,train,치킨,T2 동의어,957a8784-8f44-4a18-bca2-4ff1c37bf73c,뽕스닭강정,닭강정,돌곶이시장,전통시장,서울특별시,,,
46027f1e2a70ab7090c9,full_annotation_v1,A,q_치킨_02,닭강정,음식점 중 '치킨'을 판매·제공하는 매장,train,치킨,T2 동의어,00769411-1bf8-408d-b40a-a14be4c6dde9,마산통닭,,양산 남부시장,전통시장,경상남도,,,
c5371ad01ec40951946b,full_annotation_v1,A,q_치킨_02,닭강정,음식점 중 '치킨'을 판매·제공하는 매장,train,치킨,T2 동의어,0adae62e-dc50-4abc-847e-201b91fe8905,큰집닭강정,닭강정,안마을 골목형상점가,골목형상점가,서울특별시,,,
6c1c2208f06d6bded171,full_annotation_v1,A,q_치킨_02,닭강정,음식점 중 '치킨'을 판매·제공하는 매장,train,치킨,T2 동의어,860c1f5a-a964-4d8b-ad5f-822df6f0e251,압구정 닭강정,닭강정,비단길현대시장,전통시장,서울특별시,,,
2822bf10d96a6ec342b9,full_annotation_v1,A,q_치킨_02,닭강정,음식점 중 '치킨'을 판매·제공하는 매장,train,치킨,T2 동의어,0007af17-f23e-49b9-b7c1-5a9968727cfd,오늘닭강정,닭강정,목원대 골목형상점가,골목형상점가,대전광역시,,,
5317d0d3c3a669e7be88,full_annotation_v1,A,q_치킨_02,닭강정,음식점 중 '치킨'을 판매·제공하는 매장,train,치킨,T2 동의어,06d79882-5e98-4cba-9122-d5327e6b25a1,시장닭집,생닭,부안상설시장,전통시장,전북특별자치도,,,
d19a81f3a55f1d45a5e9,full_annotation_v1,A,q_치킨_02,닭강정,음식점 중 '치킨'을 판매·제공하는 매장,train,치킨,T2 동의어,b656df1f-1cec-478b-9b9a-35452d9c3c25,윙윙닭강정,닭강정,천안중앙시장,전통시장,충청남도,,,
4d17bab6c156aa5cd12b,full_annotation_v1,A,q_치킨_02,닭강정,음식점 중 '치킨'을 판매·제공하는 매장,train,치킨,T2 동의어,68e32ac5-7aa3-44c8-bef6-637afe57d8f1,설악닭강정,닭강정,속초종합중앙시장,전통시장,강원특별자치도,,,
25efbc205f70aaa78668,full_annotation_v1,A,q_치킨_02,닭강정,음식점 중 '치킨'을 판매·제공하는 매장,train,치킨,T2 동의어,50a504e4-1563-407f-bb91-a2bc637ffcab,한결같이김돈나라,닭강정,고척근린시장,전통시장,서울특별시,,,
74da6e3e5effd13a653d,full_annotation_v1,A,q_치킨_02,닭강정,음식점 중 '치킨'을 판매·제공하는 매장,train,치킨,T2 동의어,70987185-faf4-4e1d-9a4d-1e9643726989,불티나닭강정,닭강정,오산오색시장(구 오산중앙시장),전통시장,경기도,,,
e53eac4ae3493aa5b654,full_annotation_v1,A,q_치킨_02,닭강정,음식점 중 '치킨'을 판매·제공하는 매장,train,치킨,T2 동의어,4ef108a3-21c0-4717-bca4-bde0407f59c4,닭강정먹자,닭강정,성남남한산성시장(구 은행골목시장),전통시장,경기도,,,
865b36fc6f12165c90f7,full_annotation_v1,A,q_치킨_02,닭강정,음식점 중 '치킨'을 판매·제공하는 매장,train,치킨,T2 동의어,0380c6ac-31cb-4e31-88b2-b97dd2ddf91b,남원,통닭,청량리전통시장,전통시장,서울특별시,,,
328e0f7f3eac90f0994c,full_annotation_v1,A,q_치킨_02,닭강정,음식점 중 '치킨'을 판매·제공하는 매장,train,치킨,T2 동의어,00265ad2-bd74-4057-b201-f6a798a8a4c9,칠분통닭오치점,치킨,오치2동 골목형상점가,골목형상점가,광주광역시,,,
f69eb77aaaa8ebf16981,full_annotation_v1,A,q_치킨_02,닭강정,음식점 중 '치킨'을 판매·제공하는 매장,train,치킨,T2 동의어,00027601-43e6-4d9a-a358-150cc014fe4c,닭장수후라이드,치킨,한솔동 5~6단지상점가,자율상권구역,세종특별자치시,,,
97cc8a154469e3cc2010,full_annotation_v1,A,q_치킨_02,닭강정,음식점 중 '치킨'을 판매·제공하는 매장,train,치킨,T2 동의어,8dc1eb6c-3a74-4075-bbe5-434c10dea0a1,서&이 닭강정,닭강정,중앙전통시장,전통시장,울산광역시,,,
3e2b42d3f4d8687bf6eb,full_annotation_v1,A,q_치킨_02,닭강정,음식점 중 '치킨'을 판매·제공하는 매장,train,치킨,T2 동의어,8a6c2174-f24e-473e-b5f8-f9484dfbd056,삼춘통닭&닭강정,닭강정,동두천중앙시장,전통시장,경기도,,,
4553793e1f2c33968e23,full_annotation_v1,A,q_치킨_02,닭강정,음식점 중 '치킨'을 판매·제공하는 매장,train,치킨,T2 동의어,73227965-674e-49f4-957b-72ca9019411a,만년닭강정,닭강정,"지웰시티몰 1,2단지 골목형상점가",골목형상점가,충청남도,,,
522b7f348dd203b00490,full_annotation_v1,A,q_치킨_02,닭강정,음식점 중 '치킨'을 판매·제공하는 매장,train,치킨,T2 동의어,c237ed86-d4d4-4f5b-aecd-6e123ab7bafb,미친고기,고기,풍암신암상인회 골목형상점가,골목형상점가,광주광역시,,,
98cb3b2dbc5e534bda25,full_annotation_v1,A,q_치킨_02,닭강정,음식점 중 '치킨'을 판매·제공하는 매장,train,치킨,T2 동의어,f30ce0c0-5432-4bce-bb9b-f3dc3de1337d,청춘닭강정,닭강정,태화시장,전통시장,울산광역시,,,
160a3563b3c0c34cad0a,full_annotation_v1,A,q_치킨_02,닭강정,음식점 중 '치킨'을 판매·제공하는 매장,train,치킨,T2 동의어,02d7cfad-7de8-42df-8158-838c41753592,큰엄마통닭,생닭,괴정골목시장,전통시장,부산광역시,,,
db0da577d424a57236e2,full_annotation_v1,A,q_치킨_02,닭강정,음식점 중 '치킨'을 판매·제공하는 매장,train,치킨,T2 동의어,b48d707d-4b75-4683-94d1-fd4b606c52ce,강정이닭,닭강정,보정중심 골목형상점가,골목형상점가,경기도,,,
043a8b5657f4ff5859aa,full_annotation_v1,A,q_치킨_02,닭강정,음식점 중 '치킨'을 판매·제공하는 매장,train,치킨,T2 동의어,2fa410ec-f8ac-43c9-a74f-76dd7de2c425,케이 닭강정,닭강정,신원권율2 골목형상점가,골목형상점가,경기도,,,
ac94de135e7de2127b74,full_annotation_v1,A,q_치킨_02,닭강정,음식점 중 '치킨'을 판매·제공하는 매장,train,치킨,T2 동의어,22a125af-21a1-47ee-90d9-f67f4d93abca,효강정,닭강정,제천중앙시장,전통시장,충청북도,,,
89c1ce57be9a5d1da87b,full_annotation_v1,A,q_치킨_02,닭강정,음식점 중 '치킨'을 판매·제공하는 매장,train,치킨,T2 동의어,8df3c66d-723b-4ba7-a517-85dd00826265,강경상회,닭강정,부천자유시장,전통시장,경기도,,,
f786fb36479b9c0f85a7,full_annotation_v1,A,q_치킨_02,닭강정,음식점 중 '치킨'을 판매·제공하는 매장,train,치킨,T2 동의어,f0239005-eac8-43ff-a521-3985fc86c1c9,큰집닭강정,닭강정,엄사 골목형상점가,골목형상점가,충청남도,,,
3e261b38bff7a3be75c2,full_annotation_v1,A,q_치킨_02,닭강정,음식점 중 '치킨'을 판매·제공하는 매장,train,치킨,T2 동의어,2707b015-8ee0-4208-8dd9-5ec780aa7c1a,꿀먹은강정,닭강정,신흥로데오거리상점가,골목형상점가,경기도,,,
ade2fc94ad8807d43d02,full_annotation_v1,A,q_치킨_02,닭강정,음식점 중 '치킨'을 판매·제공하는 매장,train,치킨,T2 동의어,fcf4a04d-83cc-45aa-938f-174b4bf35fd8,청춘닭강정,닭강정,태화시장,전통시장,울산광역시,,,
641dc3d0e04c6d02c4e3,full_annotation_v1,A,q_치킨_02,닭강정,음식점 중 '치킨'을 판매·제공하는 매장,train,치킨,T2 동의어,fa3ce4e5-92fd-41ca-aa08-dfb785764d5b,장준영 닭강정,닭강정,부평종합시장,전통시장,인천광역시,,,
6486724cc8e0481752ff,full_annotation_v1,A,q_치킨_02,닭강정,음식점 중 '치킨'을 판매·제공하는 매장,train,치킨,T2 동의어,ee15d15a-bf3d-4fbe-8673-0d152c65b0a6,강정이닭,닭강정,병점중심상가,자율상권구역,경기도,,,
7d37bc4bb5e07963c26c,full_annotation_v1,A,q_치킨_02,닭강정,음식점 중 '치킨'을 판매·제공하는 매장,train,치킨,T2 동의어,f0c6ce60-10b6-4f3d-a6d5-713fc185a8f5,충남공주횟집,한식,주문진건어물시장,전통시장,강원특별자치도,,,
97c6b0072ba4c0d52942,full_annotation_v1,A,q_치킨_02,닭강정,음식점 중 '치킨'을 판매·제공하는 매장,train,치킨,T2 동의어,030a5e64-7697-4952-b49b-a7d7f5591a5e,노연닭집,생닭,안계정기시장,전통시장,경상북도,,,
b9a2db4a1a3a332fcc55,full_annotation_v1,A,q_치킨_02,닭강정,음식점 중 '치킨'을 판매·제공하는 매장,train,치킨,T2 동의어,60bc5d12-e360-4095-a852-353ea3c4e13e,이헌한우,한우,운천호수공원상인회 골목형상점가,골목형상점가,광주광역시,,,
ab7981946a39fbca5552,full_annotation_v1,A,q_치킨_03,양념치킨,음식점 중 '치킨'을 판매·제공하는 매장,train,치킨,T2 동의어,8366baf0-1fe9-49aa-80f6-725c7eef8cd3,이서방양념치킨,치킨,장천동상가,자율상권구역,전라남도,,,
7967612fa32de0c36404,full_annotation_v1,A,q_치킨_03,양념치킨,음식점 중 '치킨'을 판매·제공하는 매장,train,치킨,T2 동의어,42a790eb-7ad6-4c77-8f9c-0839323a63da,처갓집양념치킨 진천,치킨,월배선사 골목형상점가,골목형상점가,대구광역시,,,
842fa4c7c98f825782c4,full_annotation_v1,A,q_치킨_03,양념치킨,음식점 중 '치킨'을 판매·제공하는 매장,train,치킨,T2 동의어,613580af-129e-42e2-bf4b-7157056a4994,딱좋아,일식,샤로수길골목형상점가,골목형상점가,서울특별시,,,
8c1e1271673a43d382b4,full_annotation_v1,A,q_치킨_03,양념치킨,음식점 중 '치킨'을 판매·제공하는 매장,train,치킨,T2 동의어,25291fc4-051e-4cbf-824e-09c48624c146,장대동양념치킨,치킨,장대 골목형상점가,골목형상점가,대전광역시,,,
d2a3392bf0278dbdad41,full_annotation_v1,A,q_치킨_03,양념치킨,음식점 중 '치킨'을 판매·제공하는 매장,train,치킨,T2 동의어,000d4d47-3a3f-4a73-9fce-cd3802a5ebb3,은여우두마리치킨,치킨,봉곡우전로 골목형상점가,골목형상점가,전북특별자치도,,,
2d2a6f0be0fa0a0da5e4,full_annotation_v1,A,q_치킨_03,양념치킨,음식점 중 '치킨'을 판매·제공하는 매장,train,치킨,T2 동의어,00446094-b7f5-42de-acfa-7e4cba20d7ad,투게더피치우산점,피자 치킨,으뜸골목형상점가,골목형상점가,강원특별자치도,,,
3449acae81b97b11bc7c,full_annotation_v1,A,q_치킨_03,양념치킨,음식점 중 '치킨'을 판매·제공하는 매장,train,치킨,T2 동의어,00769411-1bf8-408d-b40a-a14be4c6dde9,마산통닭,,양산 남부시장,전통시장,경상남도,,,
23b8f1f210db9cbd93f0,full_annotation_v1,A,q_치킨_03,양념치킨,음식점 중 '치킨'을 판매·제공하는 매장,train,치킨,T2 동의어,5a7b8641-cdf9-45f0-9c38-2471d1efedaa,명지보석,"보석, 시계",반딧불이연무시장,전통시장,경기도,,,
e6db52a452d1b815f61a,full_annotation_v1,A,q_치킨_03,양념치킨,음식점 중 '치킨'을 판매·제공하는 매장,train,치킨,T2 동의어,18236c8b-9df5-4d83-92fc-31ad65a2d401,순보보,한식,샤로수길골목형상점가,골목형상점가,서울특별시,,,
6db6757b5a2a05745d66,full_annotation_v1,A,q_치킨_03,양념치킨,음식점 중 '치킨'을 판매·제공하는 매장,train,치킨,T2 동의어,fece4c59-3bea-4bda-8a9d-16d4ee800626,경북과일,과일,포항죽도농산물시장,전통시장,경상북도,,,
8a2ec9f70301417db822,full_annotation_v1,A,q_치킨_03,양념치킨,음식점 중 '치킨'을 판매·제공하는 매장,train,치킨,T2 동의어,e2bf3101-60e8-46bd-a542-2e5be1a6b32a,처갓집 양념치킨,치킨,포항 대이상가 골목형상점가,골목형상점가,경상북도,,,
2bbe8dd2ce5b52e98026,full_annotation_v1,A,q_치킨_03,양념치킨,음식점 중 '치킨'을 판매·제공하는 매장,train,치킨,T2 동의어,fdca15eb-9a90-46cc-80a4-24cd785e77df,맥스양념치킨,치킨,공주산성시장,전통시장,충청남도,,,
1fa6afebb8a4776d8553,full_annotation_v1,A,q_치킨_03,양념치킨,음식점 중 '치킨'을 판매·제공하는 매장,train,치킨,T2 동의어,f5e8c5a4-8402-40b1-b62c-dcfdec5fc4c9,처갓집양념치킨 가좌대화점,치킨,가좌동골목형상점가,골목형상점가,경기도,,,
920d11d7a7a323bb9759,full_annotation_v1,A,q_치킨_03,양념치킨,음식점 중 '치킨'을 판매·제공하는 매장,train,치킨,T2 동의어,7f389f90-34af-4969-af1d-5230d31877b6,지코바양념치킨,치킨,월곡1동 골목형상점가,골목형상점가,광주광역시,,,
8b4813df11047031b55f,full_annotation_v1,A,q_치킨_03,양념치킨,음식점 중 '치킨'을 판매·제공하는 매장,train,치킨,T2 동의어,0206583a-8207-4455-8670-857a27332498,유미통닭,,청주대중앙로골목형상점가,골목형상점가,충청북도,,,
b39c75e93a05f74ad15c,full_annotation_v1,A,q_치킨_03,양념치킨,음식점 중 '치킨'을 판매·제공하는 매장,train,치킨,T2 동의어,b392f0e3-fb2b-4686-92d4-cecdf6975f40,처갓집양념치킨,치킨 및 주류,신부유람단골목형상점가,골목형상점가,충청남도,,,
ac12cfd62bcc1419a261,full_annotation_v1,A,q_치킨_03,양념치킨,음식점 중 '치킨'을 판매·제공하는 매장,train,치킨,T2 동의어,cdfb5e91-8d1c-4457-84a5-3972674f84d5,처갓집 양념치킨한숲시티점,치킨,남사한숲 골목형상점가,골목형상점가,경기도,,,
44b2ae0274769787b1ea,full_annotation_v1,A,q_치킨_03,양념치킨,음식점 중 '치킨'을 판매·제공하는 매장,train,치킨,T2 동의어,d3c3bc94-21d5-410f-800d-d90152c8bb01,허브양념치킨,닭강정,방신전통시장,전통시장,서울특별시,,,
c1039d26361a5d8439b8,full_annotation_v1,A,q_치킨_03,양념치킨,음식점 중 '치킨'을 판매·제공하는 매장,train,치킨,T2 동의어,0325afb0-ec4b-4b3e-b0f1-1aa87097e667,수완닭발통닭,"닭발, 통닭",수완나들목 골목형상점가,골목형상점가,광주광역시,,,
29944a4f01f146b021d4,full_annotation_v1,A,q_치킨_03,양념치킨,음식점 중 '치킨'을 판매·제공하는 매장,train,치킨,T2 동의어,29a20241-87c1-46d5-aaca-65711bcdc09a,처갓집 양념치킨 해밀점,,해밀동 골목형상점가,골목형상점가,세종특별자치시,,,
718ebafc93500128491b,full_annotation_v1,A,q_치킨_03,양념치킨,음식점 중 '치킨'을 판매·제공하는 매장,train,치킨,T2 동의어,28a69758-b8e8-495d-b7fa-ef6a390b7d3c,우일농산,과일,대구능금시장,전통시장,대구광역시,,,
a06cba06659b1538078a,full_annotation_v1,A,q_치킨_03,양념치킨,음식점 중 '치킨'을 판매·제공하는 매장,train,치킨,T2 동의어,02a27b16-27f8-4934-967b-09afebc0294d,돌아온옛날통닭,통닭,못골골목시장,전통시장,부산광역시,,,
468113ad4571e3d75777,full_annotation_v1,A,q_치킨_03,양념치킨,음식점 중 '치킨'을 판매·제공하는 매장,train,치킨,T2 동의어,34860ea1-e137-41dc-a48d-078c7d8d350e,처갓집양념치킨 신림점,치킨,서림행복가득한골목형상점가,골목형상점가,서울특별시,,,
c7a42a0ad579b5fa733e,full_annotation_v1,A,q_치킨_03,양념치킨,음식점 중 '치킨'을 판매·제공하는 매장,train,치킨,T2 동의어,16485b34-1bdb-46d8-9a91-452b3c860f5a,돼지가족족발,한식,엄사 골목형상점가,골목형상점가,충청남도,,,
c60c37d1c5b5cd11cd49,full_annotation_v1,A,q_치킨_03,양념치킨,음식점 중 '치킨'을 판매·제공하는 매장,train,치킨,T2 동의어,8b790584-4f66-4fb1-9943-b07b776b7595,강원인닷컴강남스튜디오,사진관,노암길골목형상점가,골목형상점가,강원특별자치도,,,
df3d46705adf92c35dfe,full_annotation_v1,A,q_치킨_03,양념치킨,음식점 중 '치킨'을 판매·제공하는 매장,train,치킨,T2 동의어,01e3bdc3-fa69-409b-9f56-9ab1b44ede16,바우닭강정,닭강정,자양전통시장,전통시장,서울특별시,,,
4fce0fde1670c31b8cbd,full_annotation_v1,A,q_치킨_03,양념치킨,음식점 중 '치킨'을 판매·제공하는 매장,train,치킨,T2 동의어,da3a54dd-f8b1-49fa-a193-99165ab993d6,처갓집 양념치킨(송강점),치킨,송강동 골목형상점가,골목형상점가,대전광역시,,,
ae4826b037126b1d98b0,full_annotation_v1,A,q_치킨_03,양념치킨,음식점 중 '치킨'을 판매·제공하는 매장,train,치킨,T2 동의어,28cfa2d6-344f-4fac-97a7-08484a130daa,처갓집양념치킨 죽변항점,,죽변시장,전통시장,경상북도,,,
71bb594bc036ac835ea7,full_annotation_v1,A,q_치킨_03,양념치킨,음식점 중 '치킨'을 판매·제공하는 매장,train,치킨,T2 동의어,57bb5b3e-502a-4cb9-9e68-35a457fa1d73,처갓집양념치킨 반여점,치킨,소반시장 골목형상점가,골목형상점가,부산광역시,,,
29057876222221d0127d,full_annotation_v1,A,q_치킨_03,양념치킨,음식점 중 '치킨'을 판매·제공하는 매장,train,치킨,T2 동의어,92cb3561-9018-40c0-84f9-f66d17e60ae9,처갓집양념치킨,치킨,창원 명서시장,전통시장,경상남도,,,
e0c6e3a0db1e4e298fb0,full_annotation_v1,A,q_치킨_03,양념치킨,음식점 중 '치킨'을 판매·제공하는 매장,train,치킨,T2 동의어,b5fc54d3-cced-494b-bbea-1349d47b00fc,처갓집 양념치킨(창현점),치킨,화도창현상점가,골목형상점가,경기도,,,
2f7bd8eb7e0051bfad53,full_annotation_v1,A,q_치킨_03,양념치킨,음식점 중 '치킨'을 판매·제공하는 매장,train,치킨,T2 동의어,0380c6ac-31cb-4e31-88b2-b97dd2ddf91b,남원,통닭,청량리전통시장,전통시장,서울특별시,,,
8c8a830a9d5aef4e38f8,full_annotation_v1,A,q_치킨_03,양념치킨,음식점 중 '치킨'을 판매·제공하는 매장,train,치킨,T2 동의어,9c507ade-506b-45f7-842a-bc89162fe06b,지코바 양념치킨 매곡점,치킨,월드시티상가 골목형상점가,골목형상점가,울산광역시,,,
0a1bd7f6a66721411587,full_annotation_v1,A,q_치킨_03,양념치킨,음식점 중 '치킨'을 판매·제공하는 매장,train,치킨,T2 동의어,718616d7-5c11-472e-b791-5f519ec216da,처갓집양념치킨 송현점,치킨,수문통 골목형상점가,골목형상점가,인천광역시,,,
6102f516bd53c778838b,full_annotation_v1,A,q_치킨_03,양념치킨,음식점 중 '치킨'을 판매·제공하는 매장,train,치킨,T2 동의어,fe69676d-efbe-48dc-9868-7f7d234a3f4a,처갓집양념치킨 동명계림점,치킨,동명동 카페거리 골목형상점가,골목형상점가,광주광역시,,,
fa5fc38548dfbb1e5271,full_annotation_v1,A,q_치킨_03,양념치킨,음식점 중 '치킨'을 판매·제공하는 매장,train,치킨,T2 동의어,0367e5f3-1bf4-4d8a-bac6-655fcc2eda3f,큰집닭강정,닭강정,신도봉시장,전통시장,서울특별시,,,
58b0d5731976f5dda5ac,full_annotation_v1,A,q_치킨_03,양념치킨,음식점 중 '치킨'을 판매·제공하는 매장,train,치킨,T2 동의어,01465138-3544-40c5-a4db-860c2bb8c959,군산수산물종합센터내)매점,매점,군산수산물종합센터,전통시장,전북특별자치도,,,
4f8fdce6f139711825fe,full_annotation_v1,A,q_치킨_03,양념치킨,음식점 중 '치킨'을 판매·제공하는 매장,train,치킨,T2 동의어,ba7b55f6-b41d-4d5c-b5d5-ac3fcef62ddd,돼지꿈왕대패 3호고현점,일반 음식점,거제 고현 골목형상점가,골목형상점가,경상남도,,,
1d78974f17c2eb8e5689,full_annotation_v1,A,q_치킨_03,양념치킨,음식점 중 '치킨'을 판매·제공하는 매장,train,치킨,T2 동의어,76fc09bc-ddd1-4858-a500-99e329a9844a,처갓집 양념치킨(도담점),치킨,카림애비뉴애 골목형상점가,골목형상점가,세종특별자치시,,,
49e895d55984b92fff52,full_annotation_v1,A,q_치킨_03,양념치킨,음식점 중 '치킨'을 판매·제공하는 매장,train,치킨,T2 동의어,95bebe49-4fdb-4223-8f16-121402dc5bc1,처갓집양념치킨 사상점,치킨업,사상시장,전통시장,부산광역시,,,
2d63917adbec5c86a70b,full_annotation_v1,A,q_치킨_03,양념치킨,음식점 중 '치킨'을 판매·제공하는 매장,train,치킨,T2 동의어,00265ad2-bd74-4057-b201-f6a798a8a4c9,칠분통닭오치점,치킨,오치2동 골목형상점가,골목형상점가,광주광역시,,,
4299f25c08800d7e23f5,full_annotation_v1,A,q_치킨_03,양념치킨,음식점 중 '치킨'을 판매·제공하는 매장,train,치킨,T2 동의어,d6f6495c-aa38-4db2-9013-114fc165ccc9,처갓집양념치킨 오동동점,치킨,마산 오동동상인연합상가,자율상권구역,경상남도,,,
93ee51c796058a0195da,full_annotation_v1,A,q_치킨_03,양념치킨,음식점 중 '치킨'을 판매·제공하는 매장,train,치킨,T2 동의어,e63c4e1a-490c-441e-8f71-1e3320c80299,카페루앤비괴산점,,청천시장(구 청천전통시장),전통시장,충청북도,,,
100489865d98a4bff7dc,full_annotation_v1,A,q_치킨_03,양념치킨,음식점 중 '치킨'을 판매·제공하는 매장,train,치킨,T2 동의어,272be579-270e-40c5-ac7e-9bfbd6053a03,다은패션,도소매(액세서리),삼익패션타운,전통시장,서울특별시,,,
8f66fb8becdb6f858d13,full_annotation_v1,A,q_치킨_03,양념치킨,음식점 중 '치킨'을 판매·제공하는 매장,train,치킨,T2 동의어,9f2e8b78-51c2-49d2-9162-e460b5b451f7,어플(AWEFFLE),아이스크림,서귀포매일올레시장,전통시장,제주특별자치도,,,
5ba04d5efd5ecb9a425c,full_annotation_v1,A,q_치킨_03,양념치킨,음식점 중 '치킨'을 판매·제공하는 매장,train,치킨,T2 동의어,1ef44439-98c2-4295-9ad2-16db57ec4f3a,처갓집양념치킨 송하점,치킨,송하동 골목형상점가,골목형상점가,광주광역시,,,
2c33279b9c3d384f2c09,full_annotation_v1,A,q_치킨_03,양념치킨,음식점 중 '치킨'을 판매·제공하는 매장,train,치킨,T2 동의어,fcd34c8b-9777-4a19-84f2-8c5051c299cb,처갓집양념치킨 쌍촌점,치킨,쌍촌골상인회 골목형상점가,골목형상점가,광주광역시,,,
efc34328f6b9996499a9,full_annotation_v1,A,q_치킨_03,양념치킨,음식점 중 '치킨'을 판매·제공하는 매장,train,치킨,T2 동의어,00027601-43e6-4d9a-a358-150cc014fe4c,닭장수후라이드,치킨,한솔동 5~6단지상점가,자율상권구역,세종특별자치시,,,
7cf167a0f6baa4789888,full_annotation_v1,A,q_치킨_03,양념치킨,음식점 중 '치킨'을 판매·제공하는 매장,train,치킨,T2 동의어,4952b99d-9c5c-4ab9-b84a-51d303ef6877,처갓집 양념치킨 종촌점,치킨,가재마을 골목형상점가,골목형상점가,세종특별자치시,,,
fa7d88e7371cff6bbe4c,full_annotation_v1,A,q_치킨_03,양념치킨,음식점 중 '치킨'을 판매·제공하는 매장,train,치킨,T2 동의어,a4cf1963-272f-4325-8e97-409ddf673359,처갓집 양념치킨(장성점),,장성읍 골목형상점가,골목형상점가,전라남도,,,
ccff7ed0d48c6fd63a0f,full_annotation_v1,A,q_치킨_03,양념치킨,음식점 중 '치킨'을 판매·제공하는 매장,train,치킨,T2 동의어,030a5e64-7697-4952-b49b-a7d7f5591a5e,노연닭집,생닭,안계정기시장,전통시장,경상북도,,,
71b263deacf9d86938ed,full_annotation_v1,A,q_치킨_03,양념치킨,음식점 중 '치킨'을 판매·제공하는 매장,train,치킨,T2 동의어,eb5ca380-fb58-40ec-9560-1cfcaeb2046a,부평깡통큰약국,약국,부평깡통시장(구 부산부평시장),전통시장,부산광역시,,,
33e6a1ca6e9feba251be,full_annotation_v1,A,q_치킨_03,양념치킨,음식점 중 '치킨'을 판매·제공하는 매장,train,치킨,T2 동의어,f2c76774-1993-4b28-a84b-4121f7b2f693,미장원,헤어,노암길골목형상점가,골목형상점가,강원특별자치도,,,
477a0fedfdd1e6c0df70,full_annotation_v1,A,q_치킨_03,양념치킨,음식점 중 '치킨'을 판매·제공하는 매장,train,치킨,T2 동의어,fd2ec195-eb64-43bf-97c9-f1cc84ae01ac,버블맨24안흥점,,안흥초교 사거리 골목형상점가,골목형상점가,경기도,,,
1cbe5ac6e9e10dd41f0f,full_annotation_v1,A,q_치킨_03,양념치킨,음식점 중 '치킨'을 판매·제공하는 매장,train,치킨,T2 동의어,000bc123-8986-4a63-bd89-6076138ae351,왕장상회,치킨,자양전통시장,전통시장,서울특별시,,,
e269400817aaa63913d3,full_annotation_v1,A,q_치킨_03,양념치킨,음식점 중 '치킨'을 판매·제공하는 매장,train,치킨,T2 동의어,02f9037a-c117-4db4-9d2b-9b78182978f4,반월닭강정치킨,,보령한내시장,전통시장,충청남도,,,
7c962bb9eee6ab30a02f,full_annotation_v1,A,q_치킨_03,양념치킨,음식점 중 '치킨'을 판매·제공하는 매장,train,치킨,T2 동의어,4829ec65-c11d-4064-9ab9-8fb8a7bf342e,처갓집양념치킨,치킨,신평시장,전통시장,충청남도,,,
373d2401837f83c970d5,full_annotation_v1,A,q_치킨_03,양념치킨,음식점 중 '치킨'을 판매·제공하는 매장,train,치킨,T2 동의어,fee726bd-a1b1-4471-906a-137427c0c8a4,처갓집 양념치킨 수암점,치킨,위드수암 골목형상점가,골목형상점가,울산광역시,,,
655a0d685e487bbf0196,full_annotation_v1,A,q_치킨_03,양념치킨,음식점 중 '치킨'을 판매·제공하는 매장,train,치킨,T2 동의어,b2449cda-59f3-4a0d-9d4b-dc56955abe89,처갓집양념치킨,치킨,운암 서영 골목형상점가,골목형상점가,광주광역시,,,
8e2a4f3184c8c35482b2,full_annotation_v1,A,q_치킨_03,양념치킨,음식점 중 '치킨'을 판매·제공하는 매장,train,치킨,T2 동의어,77da6914-bdb5-4b02-b3ce-79ee2416bb9c,처갓집 양념치킨 건대화양점,치킨,건리단길 골목형상점가,골목형상점가,서울특별시,,,
02176cf5640daab441d3,full_annotation_v1,A,q_치킨_03,양념치킨,음식점 중 '치킨'을 판매·제공하는 매장,train,치킨,T2 동의어,ec7d1e5f-34ba-4262-9ba5-65f423741340,헤리티지리빙,도소매(가구),가구거리상점가,자율상권구역,경기도,,,
de7ac0ea223c5d394166,full_annotation_v1,A,q_치킨_03,양념치킨,음식점 중 '치킨'을 판매·제공하는 매장,train,치킨,T2 동의어,62ad40e0-b443-41a8-bf8b-b36a625aa207,처갓집 양념치킨 보람시청점,치킨,보람동 골목형상점가,골목형상점가,세종특별자치시,,,
e9f0b828c7f1f16bc8e2,full_annotation_v1,A,q_치킨_03,양념치킨,음식점 중 '치킨'을 판매·제공하는 매장,train,치킨,T2 동의어,3dc9648e-4d7b-4a4b-a7ce-1a30369c996e,처갓집양념치킨 진월점,치킨,광복마을5길 골목형상점가,골목형상점가,광주광역시,,,
eee473c7b95be6231553,full_annotation_v1,A,q_치킨_03,양념치킨,음식점 중 '치킨'을 판매·제공하는 매장,train,치킨,T2 동의어,33902a71-50c8-48ca-b893-3980dbf518c2,처갓집양념치킨,,정평우방골목형상점가,골목형상점가,경상북도,,,
2aff080bbb9dbc065d8b,full_annotation_v1,A,q_치킨_03,양념치킨,음식점 중 '치킨'을 판매·제공하는 매장,train,치킨,T2 동의어,b16896b4-aac7-42de-9992-4fac82192e24,처갓집양념치킨 주월1점,치킨,광복마을길 골목형상점가,골목형상점가,광주광역시,,,
fdafcf4e5f2349017f4c,full_annotation_v1,A,q_치킨_03,양념치킨,음식점 중 '치킨'을 판매·제공하는 매장,train,치킨,T2 동의어,0007af17-f23e-49b9-b7c1-5a9968727cfd,오늘닭강정,닭강정,목원대 골목형상점가,골목형상점가,대전광역시,,,
e255bdc32c8a05e5661d,full_annotation_v1,A,q_치킨_03,양념치킨,음식점 중 '치킨'을 판매·제공하는 매장,train,치킨,T2 동의어,5d43fd2f-fd36-4c45-827c-2920c8f03a00,지코바 양념치킨 명장점,,명장중앙 골목형상점가,골목형상점가,부산광역시,,,
ac8fc4d0f84f2b873ab0,full_annotation_v1,A,q_치킨_03,양념치킨,음식점 중 '치킨'을 판매·제공하는 매장,train,치킨,T2 동의어,bfab3bc3-6e1f-4af7-89c7-a64660c384c2,처갓집 양념치킨,치킨,두암타운 골목형상점가,골목형상점가,광주광역시,,,
857bfae1fb85509e8fb6,full_annotation_v1,A,q_치킨_03,양념치킨,음식점 중 '치킨'을 판매·제공하는 매장,train,치킨,T2 동의어,c59eff8c-f5b6-4756-bf72-acf555e16f1e,처갓집양념치킨,치킨,봉선중앙로 골목형상점가,골목형상점가,광주광역시,,,
9a75a763c1db937a6abe,full_annotation_v1,A,q_치킨_03,양념치킨,음식점 중 '치킨'을 판매·제공하는 매장,train,치킨,T2 동의어,06d79882-5e98-4cba-9122-d5327e6b25a1,시장닭집,생닭,부안상설시장,전통시장,전북특별자치도,,,
cf6f8e7cedf9a0146801,full_annotation_v1,A,q_치킨_03,양념치킨,음식점 중 '치킨'을 판매·제공하는 매장,train,치킨,T2 동의어,04281236-3406-42c7-bac5-94bce898079b,경북닭집,생닭,포항죽도시장,전통시장,경상북도,,,
3b99fa7e27bfde0bf8be,full_annotation_v1,A,q_치킨_03,양념치킨,음식점 중 '치킨'을 판매·제공하는 매장,train,치킨,T2 동의어,8d051ad2-0409-45cf-9272-2fb028f69c1f,처갓집양념치킨 남천점,치킨,어울림마당 골목형상점가,골목형상점가,부산광역시,,,
1c65c6b3cb897bd81f4c,full_annotation_v1,A,q_치킨_03,양념치킨,음식점 중 '치킨'을 판매·제공하는 매장,train,치킨,T2 동의어,931b8c49-a1e7-4646-8da3-34b3bf8665c7,처갓집양념치킨,치킨,온택트 괴정스마트 상권활성화구역,상권활성화구역,부산광역시,,,
bad0222618dd39ab3007,full_annotation_v1,A,q_치킨_03,양념치킨,음식점 중 '치킨'을 판매·제공하는 매장,train,치킨,T2 동의어,0038f694-919c-4289-8bc1-a5e6549274e1,달인닭강정,닭강정,서귀포매일올레시장,전통시장,제주특별자치도,,,
c7418cbaf7c9392c8e97,full_annotation_v1,A,q_치킨_03,양념치킨,음식점 중 '치킨'을 판매·제공하는 매장,train,치킨,T2 동의어,02d7cfad-7de8-42df-8158-838c41753592,큰엄마통닭,생닭,괴정골목시장,전통시장,부산광역시,,,
f3acab4ebda49f9d0771,full_annotation_v1,A,q_치킨_03,양념치킨,음식점 중 '치킨'을 판매·제공하는 매장,train,치킨,T2 동의어,c42a9a23-919d-4382-a2da-e709748e01f5,은영이네활어회,생선,죽도어시장,전통시장,경상북도,,,
0fbef4a460c8befe275e,full_annotation_v1,A,q_치킨_03,양념치킨,음식점 중 '치킨'을 판매·제공하는 매장,train,치킨,T2 동의어,22c8a63b-b634-458e-823a-1765f91a7330,처갓집 양념치킨 방학점,치킨,학마을골목형상점가,골목형상점가,서울특별시,,,
55be8a8d7ffa2703dd58,full_annotation_v1,A,q_치킨_03,양념치킨,음식점 중 '치킨'을 판매·제공하는 매장,train,치킨,T2 동의어,004764d4-5ad9-4f22-81bb-48eac27e9e4b,60계치킨 야탑점,치킨,야탑 골목형상점가,골목형상점가,경기도,,,
2b355fdaa78ac81c7bac,full_annotation_v1,A,q_치킨_04,통닭,음식점 중 '치킨'을 판매·제공하는 매장,train,치킨,T2 동의어,dd2ab778-ab02-4577-9513-32edc17cd9c9,송정통닭,통닭,익산구시장,전통시장,전북특별자치도,,,
d320373b6baa3f1b2241,full_annotation_v1,A,q_치킨_04,통닭,음식점 중 '치킨'을 판매·제공하는 매장,train,치킨,T2 동의어,c8f2ef8f-3db6-4edc-9f12-4ac55a614fdf,가든통닭,통닭,초량 이음자율상권,,부산광역시,,,
d1231710ebb832b106bb,full_annotation_v1,A,q_치킨_04,통닭,음식점 중 '치킨'을 판매·제공하는 매장,train,치킨,T2 동의어,9023fefd-882a-431a-9bed-1ac7e1dcacfa,거북선통닭,통닭,여수서시장주변시장,전통시장,전라남도,,,
0c9fe336c05163393e10,full_annotation_v1,A,q_치킨_04,통닭,음식점 중 '치킨'을 판매·제공하는 매장,train,치킨,T2 동의어,fb6ead3b-9996-45ff-a907-fa30a0ad92ba,신원통닭,통닭,신녕공설시장,전통시장,경상북도,,,
f67dc63d374f6111e3e1,full_annotation_v1,A,q_치킨_04,통닭,음식점 중 '치킨'을 판매·제공하는 매장,train,치킨,T2 동의어,9dacaa73-dde1-4767-810f-2d0c63e14d00,오일시장통닭,통닭,송정5일시장,전통시장,광주광역시,,,
b5456367d4fb221b9607,full_annotation_v1,A,q_치킨_04,통닭,음식점 중 '치킨'을 판매·제공하는 매장,train,치킨,T2 동의어,29bdc695-f252-4677-968c-c18d8e0ca6db,옛날통닭,통닭,정왕시장,전통시장,경기도,,,
9fb14036bdfde57bc2d2,full_annotation_v1,A,q_치킨_04,통닭,음식점 중 '치킨'을 판매·제공하는 매장,train,치킨,T2 동의어,8f6b32a3-5464-4b55-b90d-ed679922bbb4,대성통닭,통닭,경산공설시장,전통시장,경상북도,,,
42cdfb2f70abd935ff35,full_annotation_v1,A,q_치킨_04,통닭,음식점 중 '치킨'을 판매·제공하는 매장,train,치킨,T2 동의어,04281236-3406-42c7-bac5-94bce898079b,경북닭집,생닭,포항죽도시장,전통시장,경상북도,,,
93dbc0345cc4d5b2ce91,full_annotation_v1,A,q_치킨_04,통닭,음식점 중 '치킨'을 판매·제공하는 매장,train,치킨,T2 동의어,0038f694-919c-4289-8bc1-a5e6549274e1,달인닭강정,닭강정,서귀포매일올레시장,전통시장,제주특별자치도,,,
9a50424acda1950aff9f,full_annotation_v1,A,q_치킨_04,통닭,음식점 중 '치킨'을 판매·제공하는 매장,train,치킨,T2 동의어,b041c19b-7636-4bd8-8d7c-c12a11dbb959,미도통닭,통닭,미포1길 골목형상점가,골목형상점가,울산광역시,,,
312851536df1172fc2e9,full_annotation_v1,A,q_치킨_04,통닭,음식점 중 '치킨'을 판매·제공하는 매장,train,치킨,T2 동의어,f454fe41-7c38-4824-bdff-657e8a13ca6d,박옥녀뽀뽀통닭,통닭,해운대시장,전통시장,부산광역시,,,
482f0fbd0dea1618b7a5,full_annotation_v1,A,q_치킨_04,통닭,음식점 중 '치킨'을 판매·제공하는 매장,train,치킨,T2 동의어,c3336606-c9cf-4a9c-8827-457e5ad77af6,만계치킨,통닭,조대장미의거리 상점가,자율상권구역,광주광역시,,,
f411bda63f5140c524a2,full_annotation_v1,A,q_치킨_04,통닭,음식점 중 '치킨'을 판매·제공하는 매장,train,치킨,T2 동의어,02d7cfad-7de8-42df-8158-838c41753592,큰엄마통닭,생닭,괴정골목시장,전통시장,부산광역시,,,
705f786cd3ac09af07a6,full_annotation_v1,A,q_치킨_04,통닭,음식점 중 '치킨'을 판매·제공하는 매장,train,치킨,T2 동의어,06c1c0eb-363b-440b-b028-70aa47f72cde,옛날통닭,통닭,사당4골목형상점가,골목형상점가,서울특별시,,,
8dbb6f7927ef139b808d,full_annotation_v1,A,q_치킨_04,통닭,음식점 중 '치킨'을 판매·제공하는 매장,train,치킨,T2 동의어,483eb59e-85ff-424a-b628-16f89202ef72,콩닥콩닭,통닭,의왕역 골목형상점가,골목형상점가,경기도,,,
c99927ddb08ca1f46a99,full_annotation_v1,A,q_치킨_04,통닭,음식점 중 '치킨'을 판매·제공하는 매장,train,치킨,T2 동의어,dfb9df9f-5350-4eac-966f-d176ac094359,옛날통닭,통닭,고촌 행정타운 골목형상점가,골목형상점가,경기도,,,
8b64b46b06e6926f5af2,full_annotation_v1,A,q_치킨_04,통닭,음식점 중 '치킨'을 판매·제공하는 매장,train,치킨,T2 동의어,1b5a5e87-96e4-4f1c-bc82-2a170c4a9ab0,옛날통닭,통닭,동운고가도로 골목형상점가,골목형상점가,광주광역시,,,
c13bdb99ab4ec8d548c6,full_annotation_v1,A,q_치킨_04,통닭,음식점 중 '치킨'을 판매·제공하는 매장,train,치킨,T2 동의어,1de295a5-4d83-4d1c-9f92-592c8666579d,옛날통닭,통닭,서동시장(창인시장),전통시장,전북특별자치도,,,
9c5bdc7dd3df29db6313,full_annotation_v1,A,q_치킨_04,통닭,음식점 중 '치킨'을 판매·제공하는 매장,train,치킨,T2 동의어,d755e2d0-58b0-4a30-9dc5-2e2de260c67e,원조동래통닭,통닭,꼼리단길 골목형상점가,골목형상점가,부산광역시,,,
10f3a46db57fdd7f465b,full_annotation_v1,A,q_치킨_04,통닭,음식점 중 '치킨'을 판매·제공하는 매장,train,치킨,T2 동의어,56378130-a5fb-4d82-ab47-83e7941afda3,해육반,음식,첨단시리단길,골목형상점가,광주광역시,,,
c73443e5573220b553e9,full_annotation_v1,A,q_치킨_04,통닭,음식점 중 '치킨'을 판매·제공하는 매장,train,치킨,T2 동의어,352e688a-25bb-4b7b-a393-e2fe65b2fe30,인다통닭,통닭,화북종합시장,전통시장,제주특별자치도,,,
2455d1ba640fce7d3c05,full_annotation_v1,A,q_치킨_04,통닭,음식점 중 '치킨'을 판매·제공하는 매장,train,치킨,T2 동의어,dba6cdac-a19c-411e-9631-55096317708f,주부통닭,통닭,공항시장,전통시장,대구광역시,,,
f8b183fda8a414fcf5e1,full_annotation_v1,A,q_치킨_04,통닭,음식점 중 '치킨'을 판매·제공하는 매장,train,치킨,T2 동의어,13a9e1af-0aea-42ff-8d41-76c47abeeda0,새마을통닭,통닭,익산남부시장,전통시장,전북특별자치도,,,
05968b1b5a092f290f90,full_annotation_v1,A,q_치킨_04,통닭,음식점 중 '치킨'을 판매·제공하는 매장,train,치킨,T2 동의어,f600a765-4c55-49ef-8017-22affb9f1597,더옛날통닭,통닭,수안인정시장,전통시장,부산광역시,,,
33a833fd5d8775951efc,full_annotation_v1,A,q_치킨_04,통닭,음식점 중 '치킨'을 판매·제공하는 매장,train,치킨,T2 동의어,47b57d05-3dfd-4373-9b07-d721d1fd9c25,교촌치킨,통닭,치평상무역상인회 골목형상점가,골목형상점가,광주광역시,,,
b67a4598bb6d4e805d96,full_annotation_v1,A,q_치킨_04,통닭,음식점 중 '치킨'을 판매·제공하는 매장,train,치킨,T2 동의어,761f3c83-3b6e-438f-a192-d658a6370db6,빅마마패션,,익산중앙시장,전통시장,전북특별자치도,,,
4e05b970d05bb98993ba,full_annotation_v1,A,q_치킨_04,통닭,음식점 중 '치킨'을 판매·제공하는 매장,train,치킨,T2 동의어,0367e5f3-1bf4-4d8a-bac6-655fcc2eda3f,큰집닭강정,닭강정,신도봉시장,전통시장,서울특별시,,,
b443b826b6cf9f3ab758,full_annotation_v1,A,q_치킨_04,통닭,음식점 중 '치킨'을 판매·제공하는 매장,train,치킨,T2 동의어,33f90034-1873-4635-a9be-633d63f89e0c,오븐마루,통닭,옥과전통시장,전통시장,전라남도,,,
6dd9c27949441a0c3dcc,full_annotation_v1,A,q_치킨_04,통닭,음식점 중 '치킨'을 판매·제공하는 매장,train,치킨,T2 동의어,4cfbaf24-23b2-439a-931c-e52852ed5970,성수낙지,,성수역골목형상점가,골목형상점가,서울특별시,,,
e83e145bc20529362a71,full_annotation_v1,A,q_치킨_04,통닭,음식점 중 '치킨'을 판매·제공하는 매장,train,치킨,T2 동의어,0f497588-c36e-46bb-b7fd-f5d41934ecdc,수일통닭,통닭,주월리 골목형상점가,골목형상점가,광주광역시,,,
aa6629849e8e7ca2a3d6,full_annotation_v1,A,q_치킨_04,통닭,음식점 중 '치킨'을 판매·제공하는 매장,train,치킨,T2 동의어,38e81b5c-49d8-4b9b-9223-0605d6841f8b,옛날통닭,통닭,엄사 골목형상점가,골목형상점가,충청남도,,,
74add434ce18e7284df0,full_annotation_v1,A,q_치킨_04,통닭,음식점 중 '치킨'을 판매·제공하는 매장,train,치킨,T2 동의어,bd2095dd-802b-4395-8003-3ccab23a2e7c,진미통닭테이크아웃,통닭,팔달문시장,전통시장,경기도,,,
f74c0d274a68245877f4,full_annotation_v1,A,q_치킨_04,통닭,음식점 중 '치킨'을 판매·제공하는 매장,train,치킨,T2 동의어,b5a7be8f-c26e-4fb7-8ce5-4ace6c8838a3,옛날부뚜막통닭,통닭,하이닉스골목형상점가,골목형상점가,경기도,,,
00e2bb347340d92690f0,full_annotation_v1,A,q_치킨_04,통닭,음식점 중 '치킨'을 판매·제공하는 매장,train,치킨,T2 동의어,654d38a7-2b6d-4003-9444-4cd17553c6f9,깨비통닭,통닭,평창올림픽시장(평창전통시장),전통시장,강원특별자치도,,,
6778b2d40646a3a68644,full_annotation_v1,A,q_치킨_04,통닭,음식점 중 '치킨'을 판매·제공하는 매장,train,치킨,T2 동의어,ac879c03-6ea6-4051-b3a8-895be1e363f5,우리집치킨,통닭,일산중앙상점가 골목형상점가,골목형상점가,경기도,,,
7bc80b91e91e20ea1034,full_annotation_v1,A,q_치킨_04,통닭,음식점 중 '치킨'을 판매·제공하는 매장,train,치킨,T2 동의어,b4f0bea6-6829-46b3-9ee7-30f69d60c80f,메밀방아용둔막국수,한식,백년소상공인,기타,강원특별자치도,,,
cc59a8aa009a5c6bdd63,full_annotation_v1,A,q_치킨_04,통닭,음식점 중 '치킨'을 판매·제공하는 매장,train,치킨,T2 동의어,a1ff45c1-cfb3-4c7d-9ebb-4ee3068b519c,용문통닭,통닭,용산용문시장,전통시장,서울특별시,,,
71c5ba04659d9414ed2e,full_annotation_v1,A,q_치킨_04,통닭,음식점 중 '치킨'을 판매·제공하는 매장,train,치킨,T2 동의어,8309c219-49d8-4365-b007-985fe8d00527,의정부 통닭,통닭 치킨,의정부제일시장,전통시장,경기도,,,
83e36ec157b814776a95,full_annotation_v1,A,q_치킨_04,통닭,음식점 중 '치킨'을 판매·제공하는 매장,train,치킨,T2 동의어,057d8795-d916-4b5b-bbf2-7a723633562e,일광통닭,통닭,성당시장,전통시장,대구광역시,,,
2921d4ad95f37fb22037,full_annotation_v1,A,q_치킨_04,통닭,음식점 중 '치킨'을 판매·제공하는 매장,train,치킨,T2 동의어,40ae2f83-500e-48ca-aec6-f246e4c97ac9,옛날시골통닭,통닭,구미형곡중앙시장,전통시장,경상북도,,,
87c03ae42f9c335d4b4c,full_annotation_v1,A,q_치킨_04,통닭,음식점 중 '치킨'을 판매·제공하는 매장,train,치킨,T2 동의어,c28e3455-72db-4c4d-91b4-492506769c0b,옛날시골통닭,통닭,진주 중앙시장,전통시장,경상남도,,,
834834c41b0a2d48631f,full_annotation_v1,A,q_치킨_04,통닭,음식점 중 '치킨'을 판매·제공하는 매장,train,치킨,T2 동의어,1dfbfcef-8da0-4568-9f89-dab4e24a7225,행궁통닭,통닭,수원통닭거리 골목형사점가,골목형상점가,경기도,,,
bae61b4420eac658f839,full_annotation_v1,A,q_치킨_04,통닭,음식점 중 '치킨'을 판매·제공하는 매장,train,치킨,T2 동의어,0206583a-8207-4455-8670-857a27332498,유미통닭,,청주대중앙로골목형상점가,골목형상점가,충청북도,,,
496c30a87d6a45535b3b,full_annotation_v1,A,q_치킨_04,통닭,음식점 중 '치킨'을 판매·제공하는 매장,train,치킨,T2 동의어,00265ad2-bd74-4057-b201-f6a798a8a4c9,칠분통닭오치점,치킨,오치2동 골목형상점가,골목형상점가,광주광역시,,,
d238298d99b3dea14b96,full_annotation_v1,A,q_치킨_04,통닭,음식점 중 '치킨'을 판매·제공하는 매장,train,치킨,T2 동의어,7d8e7140-4283-4d81-8306-2ca34836700a,금락통닭,통닭,하양시장 상점가,자율상권구역,경상북도,,,
b7420a932d8525d483b8,full_annotation_v1,A,q_치킨_04,통닭,음식점 중 '치킨'을 판매·제공하는 매장,train,치킨,T2 동의어,00027601-43e6-4d9a-a358-150cc014fe4c,닭장수후라이드,치킨,한솔동 5~6단지상점가,자율상권구역,세종특별자치시,,,
b4767dbc1ffdcdad739c,full_annotation_v1,A,q_치킨_04,통닭,음식점 중 '치킨'을 판매·제공하는 매장,train,치킨,T2 동의어,030a5e64-7697-4952-b49b-a7d7f5591a5e,노연닭집,생닭,안계정기시장,전통시장,경상북도,,,
6eb21eb71d40592e5715,full_annotation_v1,A,q_치킨_04,통닭,음식점 중 '치킨'을 판매·제공하는 매장,train,치킨,T2 동의어,afaa3bfc-a10b-4f5a-bb4c-8cbbfe275701,동경통닭,통닭,청량리종합시장,전통시장,서울특별시,,,
fa28ffa4d22090dc9b1f,full_annotation_v1,A,q_치킨_04,통닭,음식점 중 '치킨'을 판매·제공하는 매장,train,치킨,T2 동의어,0380c6ac-31cb-4e31-88b2-b97dd2ddf91b,남원,통닭,청량리전통시장,전통시장,서울특별시,,,
f1e7f466de45740312b2,full_annotation_v1,A,q_치킨_04,통닭,음식점 중 '치킨'을 판매·제공하는 매장,train,치킨,T2 동의어,56f4a837-3784-4a31-9f30-fe38974ab34e,옛통맥주,통닭,진성 골목형상점가,골목형상점가,전북특별자치도,,,
cb0965e77c7debafadaa,full_annotation_v1,A,q_치킨_04,통닭,음식점 중 '치킨'을 판매·제공하는 매장,train,치킨,T2 동의어,945d57ed-d862-4779-8074-b1ffb53880c7,명가 통닭 면목점,통닭,봉우시장골목형상점가,골목형상점가,서울특별시,,,
44e0f1f45b161a2d8e32,full_annotation_v1,A,q_치킨_04,통닭,음식점 중 '치킨'을 판매·제공하는 매장,train,치킨,T2 동의어,1a3003ed-8e75-4fd9-9622-da3e8c7e083f,멕시카나치킨,통닭,동대구역전시장,전통시장,대구광역시,,,
1fbefdb337df75bbcc46,full_annotation_v1,A,q_치킨_04,통닭,음식점 중 '치킨'을 판매·제공하는 매장,train,치킨,T2 동의어,ffc53682-3848-4b1c-ba5a-68fdbaff5b04,한라통닭,통닭,서귀포매일올레시장,전통시장,제주특별자치도,,,
9f5932cbc7afebf7f9fe,full_annotation_v1,A,q_치킨_04,통닭,음식점 중 '치킨'을 판매·제공하는 매장,train,치킨,T2 동의어,b11367a6-5242-484c-bf09-cf6f75bcee1a,남남통닭,통닭,대구남문시장,전통시장,대구광역시,,,
0f45423153da0300927f,full_annotation_v1,A,q_치킨_04,통닭,음식점 중 '치킨'을 판매·제공하는 매장,train,치킨,T2 동의어,84fafdd6-e625-47cb-bc1c-c718d9ed3468,금곡통닭,통닭,익산남부시장,전통시장,전북특별자치도,,,
ce0fe3d76583ec152914,full_annotation_v1,A,q_치킨_04,통닭,음식점 중 '치킨'을 판매·제공하는 매장,train,치킨,T2 동의어,2c0c0003-15cf-4a8d-8846-8cddb2edd585,멕시칸,통닭,산정상인회 골목형상점가,골목형상점가,광주광역시,,,
d99361cf75673ecd0459,full_annotation_v1,A,q_치킨_04,통닭,음식점 중 '치킨'을 판매·제공하는 매장,train,치킨,T2 동의어,9d1ac60a-d013-4955-a212-84ef873c7a45,백소정 의정부점,돈가스,녹색거리상점가,자율상권구역,경기도,,,
12ff2b1bc65fc607d949,full_annotation_v1,A,q_치킨_04,통닭,음식점 중 '치킨'을 판매·제공하는 매장,train,치킨,T2 동의어,61fc2fd1-e87e-4819-86c4-5c0a9a483b26,진미통닭,통닭,팔달문시장,전통시장,경기도,,,
edb753f0f669584ccaeb,full_annotation_v1,A,q_치킨_04,통닭,음식점 중 '치킨'을 판매·제공하는 매장,train,치킨,T2 동의어,535969d3-c1d8-496e-bf27-67bb49b48723,(유)보성상회,,가락몰골목형상점가,골목형상점가,서울특별시,,,
546828794f3b2fcf55ca,full_annotation_v1,A,q_치킨_04,통닭,음식점 중 '치킨'을 판매·제공하는 매장,train,치킨,T2 동의어,89a01755-7699-4010-aa92-2701094e494c,꿀닭,통닭,관문상가시장,전통시장,대구광역시,,,
223609bd0643b2c43387,full_annotation_v1,A,q_치킨_04,통닭,음식점 중 '치킨'을 판매·제공하는 매장,train,치킨,T2 동의어,5f9bf5db-0dab-4bd6-8be4-1cce7f3606f6,주식회사 구미아디다스,의류 및 신발,구미역중앙 골목형상점가,골목형상점가,경상북도,,,
a26c8f14e7e216d4ab5d,full_annotation_v1,A,q_치킨_04,통닭,음식점 중 '치킨'을 판매·제공하는 매장,train,치킨,T2 동의어,2341c6df-428f-4fc0-bc0a-af7f32171b23,1번지 통닭,통닭,초록거리 골목형상점가,골목형상점가,경기도,,,
725c0907114e60e81cdb,full_annotation_v1,A,q_치킨_04,통닭,음식점 중 '치킨'을 판매·제공하는 매장,train,치킨,T2 동의어,bef8149f-61b0-4c7d-a913-3851659e04bb,강남통닭,통닭,삼산시장,기타,인천광역시,,,
aad07320a14ef6b0011f,full_annotation_v1,A,q_치킨_04,통닭,음식점 중 '치킨'을 판매·제공하는 매장,train,치킨,T2 동의어,000d4d47-3a3f-4a73-9fce-cd3802a5ebb3,은여우두마리치킨,치킨,봉곡우전로 골목형상점가,골목형상점가,전북특별자치도,,,
1c5f4f1756e9f2cd9067,full_annotation_v1,A,q_치킨_04,통닭,음식점 중 '치킨'을 판매·제공하는 매장,train,치킨,T2 동의어,000bc123-8986-4a63-bd89-6076138ae351,왕장상회,치킨,자양전통시장,전통시장,서울특별시,,,
e409f6c39873308b10b9,full_annotation_v1,A,q_치킨_04,통닭,음식점 중 '치킨'을 판매·제공하는 매장,train,치킨,T2 동의어,a1f6c201-99b6-4e45-a303-f5b166b82db1,다경닭집,통닭,경주성동공설시장,전통시장,경상북도,,,
e7570f3eef6219743e54,full_annotation_v1,A,q_치킨_04,통닭,음식점 중 '치킨'을 판매·제공하는 매장,train,치킨,T2 동의어,cba32360-ca82-438b-8557-288278dab3ff,한일통닭,통닭,정자시장,전통시장,경기도,,,
7f7897f6df738a0687ea,full_annotation_v1,A,q_치킨_04,통닭,음식점 중 '치킨'을 판매·제공하는 매장,train,치킨,T2 동의어,45e17803-b2d1-463c-b189-891e32c9339f,현대옥서신점,,낭주골 골목형상점가,골목형상점가,전북특별자치도,,,
40f0ee305b896fc8a4c7,full_annotation_v1,A,q_치킨_04,통닭,음식점 중 '치킨'을 판매·제공하는 매장,train,치킨,T2 동의어,d1839464-5760-4449-8af9-5030c53d46ed,또봉이통닭,통닭,창원 반송시장,전통시장,경상남도,,,
e8979a91cd2d408216d8,full_annotation_v1,A,q_치킨_04,통닭,음식점 중 '치킨'을 판매·제공하는 매장,train,치킨,T2 동의어,28e8e3cb-0e01-4a79-a179-760273a00b4b,아이센스안경원,안경,구미역중앙 골목형상점가,골목형상점가,경상북도,,,
98280f2f9991b734ba9c,full_annotation_v1,A,q_치킨_04,통닭,음식점 중 '치킨'을 판매·제공하는 매장,train,치킨,T2 동의어,25021431-d939-4c1c-b234-a40ca7740f58,옛날산골통닭,통닭,자양전통시장,전통시장,서울특별시,,,
e2284eba1639582aab35,full_annotation_v1,A,q_치킨_04,통닭,음식점 중 '치킨'을 판매·제공하는 매장,train,치킨,T2 동의어,ccb3f586-e0f4-4d90-bd39-4e5369724b30,옛날시골통닭,통닭,청양전통시장(구 청양상설시장),전통시장,충청남도,,,
2e927859fb1973c8d3db,full_annotation_v1,A,q_치킨_04,통닭,음식점 중 '치킨'을 판매·제공하는 매장,train,치킨,T2 동의어,35e0705e-1680-4286-aa3f-f1a633b4d0a0,옛날통닭,통닭,남양주장현전통시장,전통시장,경기도,,,
f41310e5ba177d7235b5,full_annotation_v1,A,q_치킨_04,통닭,음식점 중 '치킨'을 판매·제공하는 매장,train,치킨,T2 동의어,b2e395a8-7a16-4b78-8147-8ba3502476e8,뉴욕통닭,통닭,염매시장(구 덕산시장),전통시장,대구광역시,,,
f2ec43f6b5f71cd83eaa,full_annotation_v1,A,q_치킨_04,통닭,음식점 중 '치킨'을 판매·제공하는 매장,train,치킨,T2 동의어,be8f93ee-a42e-4b86-8134-6edf88a9efeb,소문난통닭,통닭,문창시장,전통시장,대전광역시,,,
de56bff9492c5af0471b,full_annotation_v1,A,q_치킨_04,통닭,음식점 중 '치킨'을 판매·제공하는 매장,train,치킨,T2 동의어,b3969ff5-eb24-49e8-a6e1-0f4793e73ccb,진미통닭,통닭,박달시장,전통시장,경기도,,,
d3d723a833a9177e9010,full_annotation_v1,A,q_치킨_04,통닭,음식점 중 '치킨'을 판매·제공하는 매장,train,치킨,T2 동의어,bc5d44fd-d688-40ee-82ab-eeb183e5619c,옛날통닭,통닭,창원 명서시장,전통시장,경상남도,,,
b336643a5e0fbb4d6f51,full_annotation_v1,A,q_치킨_04,통닭,음식점 중 '치킨'을 판매·제공하는 매장,train,치킨,T2 동의어,02a27b16-27f8-4934-967b-09afebc0294d,돌아온옛날통닭,통닭,못골골목시장,전통시장,부산광역시,,,
c6731a3801c8827dfbb2,full_annotation_v1,A,q_치킨_04,통닭,음식점 중 '치킨'을 판매·제공하는 매장,train,치킨,T2 동의어,46da3a5a-1574-4b63-bc78-3b164b5c33ab,옛날통닭,통닭,장미제일시장,전통시장,서울특별시,,,
56754ee141e16c0f89c5,full_annotation_v1,A,q_치킨_04,통닭,음식점 중 '치킨'을 판매·제공하는 매장,train,치킨,T2 동의어,aba71c76-fe4c-4fd0-b0d8-403d2edd544b,퓨전부영통닭,통닭,오월첫동네 골목형상점가,골목형상점가,광주광역시,,,
5e8a40cdc53c82a3c4ec,full_annotation_v1,A,q_치킨_04,통닭,음식점 중 '치킨'을 판매·제공하는 매장,train,치킨,T2 동의어,87c17f6c-7fd8-4fb0-b1dd-41a49514ff5e,옛날통닭,통닭,화곡중앙시장,전통시장,서울특별시,,,
026cd197b6ee035f7b8b,full_annotation_v1,A,q_치킨_04,통닭,음식점 중 '치킨'을 판매·제공하는 매장,train,치킨,T2 동의어,a573d285-e1a6-4c4d-a91f-99b7e8fb8aa3,병천순대,한식,오류버들시장골목형상점가,골목형상점가,서울특별시,,,
cccf35f25b016027f862,full_annotation_v1,A,q_치킨_04,통닭,음식점 중 '치킨'을 판매·제공하는 매장,train,치킨,T2 동의어,cdc07438-4b96-433f-86e6-3cd55557262d,마스터골프연습장,골프연습장 이용 및 레슨권,홀릭스,골목형상점가,광주광역시,,,
fd3381cf54f7232aa0f1,full_annotation_v1,A,q_치킨_04,통닭,음식점 중 '치킨'을 판매·제공하는 매장,train,치킨,T2 동의어,01465138-3544-40c5-a4db-860c2bb8c959,군산수산물종합센터내)매점,매점,군산수산물종합센터,전통시장,전북특별자치도,,,
68e24eefb34b1be34430,full_annotation_v1,A,q_치킨_04,통닭,음식점 중 '치킨'을 판매·제공하는 매장,train,치킨,T2 동의어,f5b8a795-1f34-46ed-a251-8e9d3b088b99,옛날통닭,통닭,태화시장,전통시장,울산광역시,,,
71124f9db5457fc938a8,full_annotation_v1,A,q_치킨_04,통닭,음식점 중 '치킨'을 판매·제공하는 매장,train,치킨,T2 동의어,11261ec2-9028-4157-bb67-7134839e60ab,수일통닭,통닭,송정역 골목형상점가,골목형상점가,광주광역시,,,
c95125b7a125c4643d4b,full_annotation_v1,A,q_치킨_04,통닭,음식점 중 '치킨'을 판매·제공하는 매장,train,치킨,T2 동의어,a5f2e871-0520-4ebf-bbf4-1aaa7099d868,경북통닭,통닭,정선사북시장,전통시장,강원특별자치도,,,
1d8bc8ee255b689288f4,full_annotation_v1,A,q_치킨_04,통닭,음식점 중 '치킨'을 판매·제공하는 매장,train,치킨,T2 동의어,b52a38ba-44f7-4a3c-bed2-2ccc76afface,무등통닭,통닭,군분로 골목형상점가,골목형상점가,광주광역시,,,
1864bc025f11873060d7,full_annotation_v1,A,q_치킨_04,통닭,음식점 중 '치킨'을 판매·제공하는 매장,train,치킨,T2 동의어,0325afb0-ec4b-4b3e-b0f1-1aa87097e667,수완닭발통닭,"닭발, 통닭",수완나들목 골목형상점가,골목형상점가,광주광역시,,,
b7e0a0edcaa94ab437c0,full_annotation_v1,A,q_치킨_04,통닭,음식점 중 '치킨'을 판매·제공하는 매장,train,치킨,T2 동의어,8479ecba-6f0d-4cbb-b175-de5deb872546,옛날통닭,통닭,고촌 먹거리타운 골목형상점가,골목형상점가,경기도,,,
53c0ab100bf310d6c5ca,full_annotation_v1,A,q_치킨_04,통닭,음식점 중 '치킨'을 판매·제공하는 매장,train,치킨,T2 동의어,00769411-1bf8-408d-b40a-a14be4c6dde9,마산통닭,,양산 남부시장,전통시장,경상남도,,,
c1ff93c9565ddfb1f915,full_annotation_v1,A,q_치킨_04,통닭,음식점 중 '치킨'을 판매·제공하는 매장,train,치킨,T2 동의어,1fe3aade-df01-4089-a077-7a9f5c78bedd,가마치통닭,통닭,조종시장,전통시장,경기도,,,
2dd0dad109fca8a8af8b,full_annotation_v1,A,q_치킨_04,통닭,음식점 중 '치킨'을 판매·제공하는 매장,train,치킨,T2 동의어,faa75041-4bdb-4e87-85e3-1db953a5bf21,GS25,편의점,메트로센터(반월당지하쇼핑),일반지하상점가,대구광역시,,,
ec71f101bf313c1eb64b,full_annotation_v1,A,q_치킨_04,통닭,음식점 중 '치킨'을 판매·제공하는 매장,train,치킨,T2 동의어,97791207-e20e-4ba4-b3f4-01f7cb89cd73,자매통닭,통닭,남항시장,전통시장,부산광역시,,,
96d199d1e36b8d139ad3,full_annotation_v1,A,q_치킨_04,통닭,음식점 중 '치킨'을 판매·제공하는 매장,train,치킨,T2 동의어,06d79882-5e98-4cba-9122-d5327e6b25a1,시장닭집,생닭,부안상설시장,전통시장,전북특별자치도,,,
d0a9ff2dbe20999d409c,full_annotation_v1,A,q_치킨_04,통닭,음식점 중 '치킨'을 판매·제공하는 매장,train,치킨,T2 동의어,96c7059b-32ee-471f-a8e0-5351b3c020c1,뉴멕시칸,통닭,호계공설시장,전통시장,울산광역시,,,
c59f77cb88293593fa99,full_annotation_v1,A,q_치킨_04,통닭,음식점 중 '치킨'을 판매·제공하는 매장,train,치킨,T2 동의어,644db2aa-ed94-4fcd-962e-c904de9d525d,멕시카나,통닭,이현시장,전통시장,대구광역시,,,
1124702cb57142ae7f95,full_annotation_v1,A,q_치킨_04,통닭,음식점 중 '치킨'을 판매·제공하는 매장,train,치킨,T2 동의어,0a5f0961-5e1b-4174-bad0-77a2440e8c36,옛날통닭,통닭,모라전통시장,전통시장,부산광역시,,,
413c9f518293a063ec09,full_annotation_v1,A,q_치킨_04,통닭,음식점 중 '치킨'을 판매·제공하는 매장,train,치킨,T2 동의어,c6c18488-f15a-4631-9050-209a4d85077e,해피데이,잡화,마산 창동통합상가,자율상권구역,경상남도,,,
2c756df956ebffe8efc8,full_annotation_v1,A,q_치킨_04,통닭,음식점 중 '치킨'을 판매·제공하는 매장,train,치킨,T2 동의어,00446094-b7f5-42de-acfa-7e4cba20d7ad,투게더피치우산점,피자 치킨,으뜸골목형상점가,골목형상점가,강원특별자치도,,,
25dc570d1e91dc761572,full_annotation_v1,A,q_치킨_04,통닭,음식점 중 '치킨'을 판매·제공하는 매장,train,치킨,T2 동의어,9aa00851-ad1c-4fca-887d-40c89fafc00b,옛날통닭,통닭,구즉 골목형상점가,골목형상점가,대전광역시,,,
dec340e0d041699301a3,full_annotation_v1,A,q_치킨_04,통닭,음식점 중 '치킨'을 판매·제공하는 매장,train,치킨,T2 동의어,fae90198-a832-4d1a-b6b7-bc709c576e8e,진미통닭,통닭,평화시장,전통시장,대구광역시,,,
99818de93e6daa2dfa26,full_annotation_v1,A,q_치킨_04,통닭,음식점 중 '치킨'을 판매·제공하는 매장,train,치킨,T2 동의어,72f42ebd-278a-49a6-bfe5-0c04c531e9f5,중앙닭집,통닭,함양 지리산함양시장,전통시장,경상남도,,,
facea57161561fd3c856,full_annotation_v1,A,q_치킨_04,통닭,음식점 중 '치킨'을 판매·제공하는 매장,train,치킨,T2 동의어,705d6b6c-01a2-430f-a273-bca9ad24a08e,옛날나라통닭,통닭,청주육거리종합시장,전통시장,충청북도,,,
a703484d06a359c68e64,full_annotation_v1,A,q_치킨_04,통닭,음식점 중 '치킨'을 판매·제공하는 매장,train,치킨,T2 동의어,b24935c2-977b-45f1-9991-883d46b44307,똥구통닭,통닭,면목골목시장,전통시장,서울특별시,,,
4111ee6daf55c6576141,full_annotation_v1,A,q_치킨_04,통닭,음식점 중 '치킨'을 판매·제공하는 매장,train,치킨,T2 동의어,6eb39588-72be-47b3-8b48-13383c2a0f76,동해통닭,통닭,포항큰동해시장,전통시장,경상북도,,,
2881a3a7dea9c7a50521,full_annotation_v1,A,q_치킨_04,통닭,음식점 중 '치킨'을 판매·제공하는 매장,train,치킨,T2 동의어,af485cdd-f034-44da-a42f-640adb3cb4f0,바다양푼이동태탕 천왕역점,한식,오류버들시장골목형상점가,골목형상점가,서울특별시,,,
87f6cf7112eb7ae5dced,full_annotation_v1,A,q_치킨_04,통닭,음식점 중 '치킨'을 판매·제공하는 매장,train,치킨,T2 동의어,08ff631b-e19e-4955-8321-30e6283bad2c,반햇닭,통닭,쌍문시장(쌍문역골목시장),전통시장,서울특별시,,,
7e8bfbd279aaaa028d99,full_annotation_v1,A,q_치킨_04,통닭,음식점 중 '치킨'을 판매·제공하는 매장,train,치킨,T2 동의어,01e3bdc3-fa69-409b-9f56-9ab1b44ede16,바우닭강정,닭강정,자양전통시장,전통시장,서울특별시,,,
04cb87c9203d7dbcf74c,full_annotation_v1,A,q_치킨_04,통닭,음식점 중 '치킨'을 판매·제공하는 매장,train,치킨,T2 동의어,b131f198-f08f-4949-92c2-2fe62ee44b1c,삼계통닭,통닭,김해 동상전통시장,전통시장,경상남도,,,
ed4b3a5ce9602906e77a,full_annotation_v1,A,q_치킨_04,통닭,음식점 중 '치킨'을 판매·제공하는 매장,train,치킨,T2 동의어,f28610ea-04e2-41f3-8efd-92d408e478fe,미성통닭,통닭,의정부시장,전통시장,경기도,,,
3774e919263b5ed781d0,full_annotation_v1,A,q_치킨_04,통닭,음식점 중 '치킨'을 판매·제공하는 매장,train,치킨,T2 동의어,217cffef-44f3-4b01-923e-1061f61b5ee5,오동통닭,통닭,청량리전통시장,전통시장,서울특별시,,,
2634dd1bd290e7e20d47,full_annotation_v1,A,q_치킨_04,통닭,음식점 중 '치킨'을 판매·제공하는 매장,train,치킨,T2 동의어,02f9037a-c117-4db4-9d2b-9b78182978f4,반월닭강정치킨,,보령한내시장,전통시장,충청남도,,,
776c652200e968eee653,full_annotation_v1,A,q_치킨_04,통닭,음식점 중 '치킨'을 판매·제공하는 매장,train,치킨,T2 동의어,c93f866e-dccc-4dbc-b025-54ec9c9ad047,더벤티안골점,,인후동1가 골목형상점가,골목형상점가,전북특별자치도,,,
0a78aca57fc88ff01960,full_annotation_v1,A,q_치킨_04,통닭,음식점 중 '치킨'을 판매·제공하는 매장,train,치킨,T2 동의어,110e0424-3c34-401d-b8a5-30b72db77c5f,통통치킨,통닭,상주중앙시장,전통시장,경상북도,,,
820823914ef4415b6db3,full_annotation_v1,A,q_치킨_04,통닭,음식점 중 '치킨'을 판매·제공하는 매장,train,치킨,T2 동의어,8585da2e-e268-4758-b408-bdcd7c3934c0,옛날통닭,통닭,약수시장골목형상점가,골목형상점가,서울특별시,,,
0421be9efbeaab082b7a,full_annotation_v1,A,q_치킨_04,통닭,음식점 중 '치킨'을 판매·제공하는 매장,train,치킨,T2 동의어,7a881d62-a9ca-4017-9325-11c234d2929f,장터통닭,통닭,익산장(구 북부장),전통시장,전북특별자치도,,,
824a7ad5e78435787932,full_annotation_v1,A,q_치킨_04,통닭,음식점 중 '치킨'을 판매·제공하는 매장,train,치킨,T2 동의어,394d1f22-16b9-49b3-88a1-60149f4b79ae,또봉이통닭,통닭,홍도동 상점가,자율상권구역,대전광역시,,,
5fd9c0e59363fc000e89,full_annotation_v1,A,q_치킨_04,통닭,음식점 중 '치킨'을 판매·제공하는 매장,train,치킨,T2 동의어,0f31486b-c34a-4a96-b5d7-1b2dc665e156,수일통닭,통닭,양동닭전길시장,전통시장,광주광역시,,,
d80c32edc63bc35a80b5,full_annotation_v1,A,q_치킨_04,통닭,음식점 중 '치킨'을 판매·제공하는 매장,train,치킨,T2 동의어,dc6f8a7a-5bc4-4c84-96d2-c1519d7ddbd2,영계소문닭집,통닭,신 강남시장,전통시장,인천광역시,,,
453cb62ba682a0189bb1,full_annotation_v1,A,q_치킨_04,통닭,음식점 중 '치킨'을 판매·제공하는 매장,train,치킨,T2 동의어,ad4eee19-1f7e-4f72-9421-e597aea9608d,양양마약통닭,통닭,양양로 골목형상점가,골목형상점가,강원특별자치도,,,
e86fcd48350f3430d135,full_annotation_v1,A,q_치킨_04,통닭,음식점 중 '치킨'을 판매·제공하는 매장,train,치킨,T2 동의어,888abe15-f9de-4010-95df-36e1ab8617e9,웃장옛날통닭,통닭,웃장상가,자율상권구역,전라남도,,,
cdb3bf440b8ead8d16a8,full_annotation_v1,A,q_치킨_04,통닭,음식점 중 '치킨'을 판매·제공하는 매장,train,치킨,T2 동의어,8dbbe4f3-8be7-4dc6-b0eb-3d6cbc3d17de,시장통닭,통닭,밀양 내일전통시장,전통시장,경상남도,,,
7b5f1c65fc19831bef7c,full_annotation_v1,A,q_치킨_04,통닭,음식점 중 '치킨'을 판매·제공하는 매장,train,치킨,T2 동의어,fefa6220-b2b5-4fcf-8bf6-306e8efa9c2d,왕갈비통닭,통닭,성남중앙시장(중앙공설시장),전통시장,경기도,,,
1a6c0b3437608cf8a437,full_annotation_v1,A,q_치킨_04,통닭,음식점 중 '치킨'을 판매·제공하는 매장,train,치킨,T2 동의어,004764d4-5ad9-4f22-81bb-48eac27e9e4b,60계치킨 야탑점,치킨,야탑 골목형상점가,골목형상점가,경기도,,,
451363585c6728cfe860,full_annotation_v1,A,q_치킨_04,통닭,음식점 중 '치킨'을 판매·제공하는 매장,train,치킨,T2 동의어,6ffafded-6862-409e-b692-6f4a1ee8415a,밀성통닭,통닭,밀양 내일전통시장,전통시장,경상남도,,,
f757cac2a24e42d0d8f5,full_annotation_v1,A,q_치킨_04,통닭,음식점 중 '치킨'을 판매·제공하는 매장,train,치킨,T2 동의어,a5518d12-6508-4478-a7d5-5841773c6781,옛날통닭,통닭,계양산전통시장,전통시장,인천광역시,,,
829ac758831b9f35a500,full_annotation_v1,A,q_치킨_04,통닭,음식점 중 '치킨'을 판매·제공하는 매장,train,치킨,T2 동의어,2ab43d10-547d-43de-8e9a-453985cb662f,명신통닭,통닭,금산금빛시장(금산시장),전통시장,충청남도,,,
d3ce7f045165850c5b09,full_annotation_v1,A,q_치킨_04,통닭,음식점 중 '치킨'을 판매·제공하는 매장,train,치킨,T2 동의어,eabd7a5c-12cd-4489-972d-62b6cdb0046f,옛날통닭,통닭,광교매탄 골목형상점가,골목형상점가,경기도,,,
4d511069f8704f514b5d,full_annotation_v1,A,q_치킨_04,통닭,음식점 중 '치킨'을 판매·제공하는 매장,train,치킨,T2 동의어,0007af17-f23e-49b9-b7c1-5a9968727cfd,오늘닭강정,닭강정,목원대 골목형상점가,골목형상점가,대전광역시,,,
e1ba579361c58621279c,full_annotation_v1,A,q_치킨_04,통닭,음식점 중 '치킨'을 판매·제공하는 매장,train,치킨,T2 동의어,e55169c5-25de-4429-9d11-eda2e27606c2,칠분통닭,통닭,선운 골목형상점가,골목형상점가,광주광역시,,,
a8dbe3358eeb47a53c3b,full_annotation_v1,A,q_치킨_04,통닭,음식점 중 '치킨'을 판매·제공하는 매장,train,치킨,T2 동의어,754bb750-249a-422f-a59e-e8ab38a2e37d,시장통닭,통닭,석바위시장,전통시장,인천광역시,,,
0ae69d3b6648ce8fa4a7,full_annotation_v1,A,q_치킨_04,통닭,음식점 중 '치킨'을 판매·제공하는 매장,train,치킨,T2 동의어,24f267bd-04f5-4039-9394-cedb242de01f,선학상회,그릇,감호시장,전통시장,경상북도,,,
330f9859f9458b153f2f,full_annotation_v1,A,q_치킨_05,닭튀김 파는 곳,음식점 중 '치킨'을 판매·제공하는 매장,train,치킨,T4 구어·문장,aac6b3a7-acb7-4ea4-a532-97b4b4fcf8a8,수금당,귀금속,성남프라자,전통시장,울산광역시,,,
87dfb6d1a8cd3a937ed0,full_annotation_v1,A,q_치킨_05,닭튀김 파는 곳,음식점 중 '치킨'을 판매·제공하는 매장,train,치킨,T4 구어·문장,004764d4-5ad9-4f22-81bb-48eac27e9e4b,60계치킨 야탑점,치킨,야탑 골목형상점가,골목형상점가,경기도,,,
d87c02c8b9e21db9c7aa,full_annotation_v1,A,q_치킨_05,닭튀김 파는 곳,음식점 중 '치킨'을 판매·제공하는 매장,train,치킨,T4 구어·문장,75817fc4-9f97-4cf2-b0e5-8351161d4acd,바다튀김,,대포항골목형상점가A,골목형상점가,강원특별자치도,,,
99ede7e7a646e22b7ec1,full_annotation_v1,A,q_치킨_05,닭튀김 파는 곳,음식점 중 '치킨'을 판매·제공하는 매장,train,치킨,T4 구어·문장,5aaebe83-2fec-4276-ac6c-5a0a5357f7ea,황금튀김,,익산중앙시장,전통시장,전북특별자치도,,,
f18c41b5b40232e15c6f,full_annotation_v1,A,q_치킨_05,닭튀김 파는 곳,음식점 중 '치킨'을 판매·제공하는 매장,train,치킨,T4 구어·문장,3476b3ea-336d-402d-8fa4-1833a1467bdb,중앙튀김,튀김,중앙식료시장(중앙먹통시장),전통시장,전라남도,,,
e16a5737e020f2ef1b60,full_annotation_v1,A,q_치킨_05,닭튀김 파는 곳,음식점 중 '치킨'을 판매·제공하는 매장,train,치킨,T4 구어·문장,8c313f00-20e8-488a-a356-1c522db9e696,아우라뷰티&에스테틱,피부관리,강동HS 골목형상점가,골목형상점가,울산광역시,,,
687de943ae6ae231448b,full_annotation_v1,A,q_치킨_05,닭튀김 파는 곳,음식점 중 '치킨'을 판매·제공하는 매장,train,치킨,T4 구어·문장,c161453d-f2c8-4b97-a2c3-a54e0cbdb7e8,생활용품 싸게 파는 집,잡화,안성중앙시장,전통시장,경기도,,,
5d253c325ccd35bae540,full_annotation_v1,A,q_치킨_05,닭튀김 파는 곳,음식점 중 '치킨'을 판매·제공하는 매장,train,치킨,T4 구어·문장,0380c6ac-31cb-4e31-88b2-b97dd2ddf91b,남원,통닭,청량리전통시장,전통시장,서울특별시,,,
36bf35869a92b9a62699,full_annotation_v1,A,q_치킨_05,닭튀김 파는 곳,음식점 중 '치킨'을 판매·제공하는 매장,train,치킨,T4 구어·문장,d68f1d1d-7dc0-4c36-8932-bd9da22dbc22,대동튀김,튀김,동해남부재래시장,전통시장,강원특별자치도,,,
3dd8cdf28c0e60af8c75,full_annotation_v1,A,q_치킨_05,닭튀김 파는 곳,음식점 중 '치킨'을 판매·제공하는 매장,train,치킨,T4 구어·문장,0367e5f3-1bf4-4d8a-bac6-655fcc2eda3f,큰집닭강정,닭강정,신도봉시장,전통시장,서울특별시,,,
ce0e6c8e1ff5a4282dd3,full_annotation_v1,A,q_치킨_05,닭튀김 파는 곳,음식점 중 '치킨'을 판매·제공하는 매장,train,치킨,T4 구어·문장,40861cfb-024a-4bc2-b5ea-31f3850fc141,미미튀김,튀김,벽산황계로 골목형상점가,골목형상점가,광주광역시,,,
3826268683154ec8b857,full_annotation_v1,A,q_치킨_05,닭튀김 파는 곳,음식점 중 '치킨'을 판매·제공하는 매장,train,치킨,T4 구어·문장,74660320-2b06-4e2e-b3e8-dec3a2260926,고전집,한식,한마음,골목형상점가,광주광역시,,,
7944092a7e5e50cd181c,full_annotation_v1,A,q_치킨_05,닭튀김 파는 곳,음식점 중 '치킨'을 판매·제공하는 매장,train,치킨,T4 구어·문장,9df767ae-c4bc-4d14-9a5a-376c40fef3c5,무지개,통신장비,용문 골목형상점가,골목형상점가,제주특별자치도,,,
4cfc8342e94f17d64ca8,full_annotation_v1,A,q_치킨_05,닭튀김 파는 곳,음식점 중 '치킨'을 판매·제공하는 매장,train,치킨,T4 구어·문장,24456103-f6b8-46af-8655-82e61d7265d8,커피가 머무르는 곳,커피,반드레길골목형상점가,골목형상점가,서울특별시,,,
aa5e03a435eca105cfab,full_annotation_v1,A,q_치킨_05,닭튀김 파는 곳,음식점 중 '치킨'을 판매·제공하는 매장,train,치킨,T4 구어·문장,00769411-1bf8-408d-b40a-a14be4c6dde9,마산통닭,,양산 남부시장,전통시장,경상남도,,,
e21d821ba0a9e6960730,full_annotation_v1,A,q_치킨_05,닭튀김 파는 곳,음식점 중 '치킨'을 판매·제공하는 매장,train,치킨,T4 구어·문장,2a69a8eb-266e-40a1-b2b2-5fd6729dbef8,다온상회,건어물,하남대로,골목형상점가,광주광역시,,,
7e78e1b0aca7cccc6e6b,full_annotation_v1,A,q_치킨_05,닭튀김 파는 곳,음식점 중 '치킨'을 판매·제공하는 매장,train,치킨,T4 구어·문장,76a3551b-dae4-4326-92cc-662015aedbfb,쉴 곳,한식,칠성로상점가,자율상권구역,제주특별자치도,,,
206bb9daa0b8ab7ef933,full_annotation_v1,A,q_치킨_05,닭튀김 파는 곳,음식점 중 '치킨'을 판매·제공하는 매장,train,치킨,T4 구어·문장,2f0f4d4a-8899-4ac8-8788-dfc6f9f0d37d,미림조각치킨,"생닭, 닭튀김",간석자유시장,전통시장,인천광역시,,,
89d793de189ed7a4738c,full_annotation_v1,A,q_치킨_05,닭튀김 파는 곳,음식점 중 '치킨'을 판매·제공하는 매장,train,치킨,T4 구어·문장,987c1022-72a5-4aab-9758-88f54cd6bbc7,부림튀김,튀김,아진상가,골목형상점가,울산광역시,,,
4766e346720cd2f851ab,full_annotation_v1,A,q_치킨_05,닭튀김 파는 곳,음식점 중 '치킨'을 판매·제공하는 매장,train,치킨,T4 구어·문장,0007af17-f23e-49b9-b7c1-5a9968727cfd,오늘닭강정,닭강정,목원대 골목형상점가,골목형상점가,대전광역시,,,
3cee71d37d90222c81f7,full_annotation_v1,A,q_치킨_05,닭튀김 파는 곳,음식점 중 '치킨'을 판매·제공하는 매장,train,치킨,T4 구어·문장,9e1d4c60-800f-44f2-b8a2-237d374ce8a0,명품튀김,튀김,삼척중앙시장,전통시장,강원특별자치도,,,
ba82f88ee6d14daa0377,full_annotation_v1,A,q_치킨_05,닭튀김 파는 곳,음식점 중 '치킨'을 판매·제공하는 매장,train,치킨,T4 구어·문장,0206583a-8207-4455-8670-857a27332498,유미통닭,,청주대중앙로골목형상점가,골목형상점가,충청북도,,,
7e06b8a420e71aa1a289,full_annotation_v1,A,q_치킨_05,닭튀김 파는 곳,음식점 중 '치킨'을 판매·제공하는 매장,train,치킨,T4 구어·문장,51c7a243-dafe-4500-9a5f-804d58c3dca6,오곡쌀상회,,내토전통시장,전통시장,충청북도,,,
f3ec9d812a6dc80c12dc,full_annotation_v1,A,q_치킨_05,닭튀김 파는 곳,음식점 중 '치킨'을 판매·제공하는 매장,train,치킨,T4 구어·문장,ea81d37e-ed6d-4302-b678-b346b0cf3ef2,재해석,고기튀김,양림천변좌로 골목형상점가,골목형상점가,광주광역시,,,
a82c4a9196b0e49c470d,full_annotation_v1,A,q_치킨_05,닭튀김 파는 곳,음식점 중 '치킨'을 판매·제공하는 매장,train,치킨,T4 구어·문장,451bc797-2e43-4db2-b00e-4173a93c252e,무늬엄마튀김,튀김,대포항골목형상점가B,골목형상점가,강원특별자치도,,,
ae302e90a733c05543a4,full_annotation_v1,A,q_치킨_05,닭튀김 파는 곳,음식점 중 '치킨'을 판매·제공하는 매장,train,치킨,T4 구어·문장,01465138-3544-40c5-a4db-860c2bb8c959,군산수산물종합센터내)매점,매점,군산수산물종합센터,전통시장,전북특별자치도,,,
684a862713f5d77e76e1,full_annotation_v1,A,q_치킨_05,닭튀김 파는 곳,음식점 중 '치킨'을 판매·제공하는 매장,train,치킨,T4 구어·문장,030a5e64-7697-4952-b49b-a7d7f5591a5e,노연닭집,생닭,안계정기시장,전통시장,경상북도,,,
f5df9a8c8071ae898be7,full_annotation_v1,A,q_치킨_05,닭튀김 파는 곳,음식점 중 '치킨'을 판매·제공하는 매장,train,치킨,T4 구어·문장,5723d922-e55c-46bc-a5b9-846ba2afdf5d,커피파는 집,,거제 성포 골목형상점가,골목형상점가,경상남도,,,
79d1ca4417fb7795ded3,full_annotation_v1,A,q_치킨_05,닭튀김 파는 곳,음식점 중 '치킨'을 판매·제공하는 매장,train,치킨,T4 구어·문장,1f7e90b4-2b9b-4e3e-b0b8-37e8a36747f8,박군민헤어,미용,용문 골목형상점가,골목형상점가,제주특별자치도,,,
bd04680e47021820a68d,full_annotation_v1,A,q_치킨_05,닭튀김 파는 곳,음식점 중 '치킨'을 판매·제공하는 매장,train,치킨,T4 구어·문장,c111ac9d-3f3a-405c-a8db-4d127ccda9e2,행복이 있는 곳,잡화,제주로얄쇼핑센터,자율상권구역,제주특별자치도,,,
241054ff40eadcd55c5d,full_annotation_v1,A,q_치킨_05,닭튀김 파는 곳,음식점 중 '치킨'을 판매·제공하는 매장,train,치킨,T4 구어·문장,1a2f6f4e-2d07-4900-8102-9d699e9fe746,엘레강스풋,네일,강동HS 골목형상점가,골목형상점가,울산광역시,,,
a392ff9fadf7880f265f,full_annotation_v1,A,q_치킨_05,닭튀김 파는 곳,음식점 중 '치킨'을 판매·제공하는 매장,train,치킨,T4 구어·문장,fb8b1092-c5b2-49d4-9888-7429337d23fd,홍명반도가전도매상,가전제품,은행동상점가(구 으능정이상점가),자율상권구역,대전광역시,,,
e2e4e133f439a386bada,full_annotation_v1,A,q_치킨_05,닭튀김 파는 곳,음식점 중 '치킨'을 판매·제공하는 매장,train,치킨,T4 구어·문장,06d79882-5e98-4cba-9122-d5327e6b25a1,시장닭집,생닭,부안상설시장,전통시장,전북특별자치도,,,
18187afbe61e83580f11,full_annotation_v1,A,q_치킨_05,닭튀김 파는 곳,음식점 중 '치킨'을 판매·제공하는 매장,train,치킨,T4 구어·문장,ff6addb5-8df0-4fe6-8f96-82ef0b72f1ad,오튀김,분식,양동시장,전통시장,광주광역시,,,
869ee5f3ef29efe6246a,full_annotation_v1,A,q_치킨_05,닭튀김 파는 곳,음식점 중 '치킨'을 판매·제공하는 매장,train,치킨,T4 구어·문장,86482a55-4746-4560-9d2c-a063a118e34d,함평튀김,튀김,함평천지전통시장(함평5일시장),전통시장,전라남도,,,
a0478962de0e7a598029,full_annotation_v1,A,q_치킨_05,닭튀김 파는 곳,음식점 중 '치킨'을 판매·제공하는 매장,train,치킨,T4 구어·문장,4752656d-5dcb-4180-baea-baf8f137335b,동해튀김,튀김,포항큰동해시장,전통시장,경상북도,,,
7983d57f069fba9b6d20,full_annotation_v1,A,q_치킨_05,닭튀김 파는 곳,음식점 중 '치킨'을 판매·제공하는 매장,train,치킨,T4 구어·문장,333614c2-dd74-4cb2-ae54-e373dff35be4,봉튀김,한식,소래포구종합어시장,자율상권구역,인천광역시,,,
41e92dca3129cb0fe360,full_annotation_v1,A,q_치킨_05,닭튀김 파는 곳,음식점 중 '치킨'을 판매·제공하는 매장,train,치킨,T4 구어·문장,842d576d-cdac-4421-90c8-5c909824341b,진아상회,공산품,마산어시장,전통시장,경상남도,,,
4e88eaf05cd0e7f4b8cb,full_annotation_v1,A,q_치킨_05,닭튀김 파는 곳,음식점 중 '치킨'을 판매·제공하는 매장,train,치킨,T4 구어·문장,01e3bdc3-fa69-409b-9f56-9ab1b44ede16,바우닭강정,닭강정,자양전통시장,전통시장,서울특별시,,,
8236d3e0cd0da1d0b517,full_annotation_v1,A,q_치킨_05,닭튀김 파는 곳,음식점 중 '치킨'을 판매·제공하는 매장,train,치킨,T4 구어·문장,000d4d47-3a3f-4a73-9fce-cd3802a5ebb3,은여우두마리치킨,치킨,봉곡우전로 골목형상점가,골목형상점가,전북특별자치도,,,
b9b1047ba323336d0e84,full_annotation_v1,A,q_치킨_05,닭튀김 파는 곳,음식점 중 '치킨'을 판매·제공하는 매장,train,치킨,T4 구어·문장,02a27b16-27f8-4934-967b-09afebc0294d,돌아온옛날통닭,통닭,못골골목시장,전통시장,부산광역시,,,
7e2a555efcad82bd0850,full_annotation_v1,A,q_치킨_05,닭튀김 파는 곳,음식점 중 '치킨'을 판매·제공하는 매장,train,치킨,T4 구어·문장,000bc123-8986-4a63-bd89-6076138ae351,왕장상회,치킨,자양전통시장,전통시장,서울특별시,,,
743846b63887b2e19eb8,full_annotation_v1,A,q_치킨_05,닭튀김 파는 곳,음식점 중 '치킨'을 판매·제공하는 매장,train,치킨,T4 구어·문장,abf92000-ee7c-4a40-a73a-023d362b48b1,가위세상,미용실,두암3동 먹자골목 골목형상점가,골목형상점가,광주광역시,,,
01477d900c1183e06126,full_annotation_v1,A,q_치킨_05,닭튀김 파는 곳,음식점 중 '치킨'을 판매·제공하는 매장,train,치킨,T4 구어·문장,dc00a2bf-c650-4943-8394-df24fc14ffb1,남일닭집,닭튀김,도계전두시장,전통시장,강원특별자치도,,,
52ada250dd5e4664feda,full_annotation_v1,A,q_치킨_05,닭튀김 파는 곳,음식점 중 '치킨'을 판매·제공하는 매장,train,치킨,T4 구어·문장,3831c924-7794-4274-9d4c-a151b07fcaae,가마솥튀김,튀김,금촌전통시장,전통시장,경기도,,,
fdb2be4de0ad04b7dfe2,full_annotation_v1,A,q_치킨_05,닭튀김 파는 곳,음식점 중 '치킨'을 판매·제공하는 매장,train,치킨,T4 구어·문장,4e88d0a2-5c51-417e-bd0d-78c59af1c6ab,매일통닭튀김,분식,우산매일시장,전통시장,광주광역시,,,
176ec2fd2a793de61e30,full_annotation_v1,A,q_치킨_05,닭튀김 파는 곳,음식점 중 '치킨'을 판매·제공하는 매장,train,치킨,T4 구어·문장,7075faa3-4f8c-4957-9d6d-8eb011782487,통통과일,과일,국민시장,전통시장,부산광역시,,,
52847503bec5efa86200,full_annotation_v1,A,q_치킨_05,닭튀김 파는 곳,음식점 중 '치킨'을 판매·제공하는 매장,train,치킨,T4 구어·문장,3efd53dd-ab95-4d30-9be0-21d854cae2b5,김밥천국,분식,주막거리상점가,자율상권구역,경기도,,,
71e096b38a20edc01aab,full_annotation_v1,A,q_치킨_05,닭튀김 파는 곳,음식점 중 '치킨'을 판매·제공하는 매장,train,치킨,T4 구어·문장,1596800b-2ee3-4d78-9d52-75f31f8ef7d6,서울닭튀김,한식,봉천달빛길골목형상점가,골목형상점가,서울특별시,,,
4b35f9e372bd42b12dec,full_annotation_v1,A,q_치킨_05,닭튀김 파는 곳,음식점 중 '치킨'을 판매·제공하는 매장,train,치킨,T4 구어·문장,00027601-43e6-4d9a-a358-150cc014fe4c,닭장수후라이드,치킨,한솔동 5~6단지상점가,자율상권구역,세종특별자치시,,,
2f0975021a129f20bc6b,full_annotation_v1,A,q_치킨_05,닭튀김 파는 곳,음식점 중 '치킨'을 판매·제공하는 매장,train,치킨,T4 구어·문장,b731d430-7591-44f6-b64c-205f873638a4,보배정육,식육,진잠 골목형상점가,골목형상점가,대전광역시,,,
a99a3a3f8e26c1d43bcd,full_annotation_v1,A,q_치킨_05,닭튀김 파는 곳,음식점 중 '치킨'을 판매·제공하는 매장,train,치킨,T4 구어·문장,9ef96bab-5f5f-4f83-a600-e7d336653705,간절곳 튀김,음식,반송큰시장,전통시장,부산광역시,,,
4c351066d344daa00178,full_annotation_v1,A,q_치킨_05,닭튀김 파는 곳,음식점 중 '치킨'을 판매·제공하는 매장,train,치킨,T4 구어·문장,9763398e-48e8-425f-b278-352e960e520b,동부튀김,한식,춘천동부시장,전통시장,강원특별자치도,,,
415db49208d7709f25b9,full_annotation_v1,A,q_치킨_05,닭튀김 파는 곳,음식점 중 '치킨'을 판매·제공하는 매장,train,치킨,T4 구어·문장,0bc414ba-1646-4f89-82dd-034e5891036d,충무튀김,,충무동골목시장,전통시장,부산광역시,,,
4efe227c0e7f8f6dc50a,full_annotation_v1,A,q_치킨_05,닭튀김 파는 곳,음식점 중 '치킨'을 판매·제공하는 매장,train,치킨,T4 구어·문장,0325afb0-ec4b-4b3e-b0f1-1aa87097e667,수완닭발통닭,"닭발, 통닭",수완나들목 골목형상점가,골목형상점가,광주광역시,,,
9a2bf37524b411fdeb72,full_annotation_v1,A,q_치킨_05,닭튀김 파는 곳,음식점 중 '치킨'을 판매·제공하는 매장,train,치킨,T4 구어·문장,0d0270a1-ca65-4633-bc48-9314a193cd3a,삼호튀김,튀김,인천종합어시장,전통시장,인천광역시,,,
2f79d74892eed2432a8a,full_annotation_v1,A,q_치킨_05,닭튀김 파는 곳,음식점 중 '치킨'을 판매·제공하는 매장,train,치킨,T4 구어·문장,21301aab-c5fa-4d5b-b66a-3ff1245b51c9,한국정육,"닭튀김, 정육",전주남부시장,전통시장,전북특별자치도,,,
e8df9138565371f54796,full_annotation_v1,A,q_치킨_05,닭튀김 파는 곳,음식점 중 '치킨'을 판매·제공하는 매장,train,치킨,T4 구어·문장,00446094-b7f5-42de-acfa-7e4cba20d7ad,투게더피치우산점,피자 치킨,으뜸골목형상점가,골목형상점가,강원특별자치도,,,
5535bfe3724b7ae563f6,full_annotation_v1,A,q_치킨_05,닭튀김 파는 곳,음식점 중 '치킨'을 판매·제공하는 매장,train,치킨,T4 구어·문장,0038f694-919c-4289-8bc1-a5e6549274e1,달인닭강정,닭강정,서귀포매일올레시장,전통시장,제주특별자치도,,,
2a620066b3566077fef6,full_annotation_v1,A,q_치킨_05,닭튀김 파는 곳,음식점 중 '치킨'을 판매·제공하는 매장,train,치킨,T4 구어·문장,9405f294-722c-43e0-85bd-bc2501f35017,88튀김,튀김,오산오색시장(구 오산중앙시장),전통시장,경기도,,,
8c9adf922ea7df1f5aad,full_annotation_v1,A,q_치킨_05,닭튀김 파는 곳,음식점 중 '치킨'을 판매·제공하는 매장,train,치킨,T4 구어·문장,6e6af143-774d-4846-ad49-8e8ff1216e8a,이삭토스트,토스트,양북시장,전통시장,경상북도,,,
f03c31b2d2ef90f1ba9f,full_annotation_v1,A,q_치킨_05,닭튀김 파는 곳,음식점 중 '치킨'을 판매·제공하는 매장,train,치킨,T4 구어·문장,02d7cfad-7de8-42df-8158-838c41753592,큰엄마통닭,생닭,괴정골목시장,전통시장,부산광역시,,,
2939938ef9461703478b,full_annotation_v1,A,q_치킨_05,닭튀김 파는 곳,음식점 중 '치킨'을 판매·제공하는 매장,train,치킨,T4 구어·문장,6922c7a4-445a-4532-9a18-5f0fd10a4338,로얄튀김,튀김,오치2동 골목형상점가,골목형상점가,광주광역시,,,
e89727676b971b666104,full_annotation_v1,A,q_치킨_05,닭튀김 파는 곳,음식점 중 '치킨'을 판매·제공하는 매장,train,치킨,T4 구어·문장,00265ad2-bd74-4057-b201-f6a798a8a4c9,칠분통닭오치점,치킨,오치2동 골목형상점가,골목형상점가,광주광역시,,,
cc23afbf8fd38c078ef2,full_annotation_v1,A,q_치킨_05,닭튀김 파는 곳,음식점 중 '치킨'을 판매·제공하는 매장,train,치킨,T4 구어·문장,355a00ba-759e-44f0-9cf4-41c4b289bc67,원조튀김,튀김,인천종합어시장,전통시장,인천광역시,,,
e421d60a3cb1ae12513c,full_annotation_v1,A,q_치킨_05,닭튀김 파는 곳,음식점 중 '치킨'을 판매·제공하는 매장,train,치킨,T4 구어·문장,593a74ca-7c2d-4a8d-b486-ccf93da2e22f,정문안경튀김,튀김,평택국제중앙시장,전통시장,경기도,,,
f8a73d7af2fc775b8018,full_annotation_v1,A,q_치킨_05,닭튀김 파는 곳,음식점 중 '치킨'을 판매·제공하는 매장,train,치킨,T4 구어·문장,89465f73-52a9-420c-b267-f636f26078b7,내고향튀김,튀김,주문진건어물시장,전통시장,강원특별자치도,,,
c3205319dedc23229804,full_annotation_v1,A,q_치킨_05,닭튀김 파는 곳,음식점 중 '치킨'을 판매·제공하는 매장,train,치킨,T4 구어·문장,2743811c-5e71-4d2b-aa75-1b0147d44f2d,사우 꽃이 피는 곳,꽃,김포 풍년마을 골목형상점가,골목형상점가,경기도,,,
8da22f942190ffdc41b5,full_annotation_v1,A,q_치킨_05,닭튀김 파는 곳,음식점 중 '치킨'을 판매·제공하는 매장,train,치킨,T4 구어·문장,04279630-03d0-4e86-b576-d9c07827b036,2튀김,분식,쌍문시장(쌍문역골목시장),전통시장,서울특별시,,,
1ad37d30e50b1d51fa53,full_annotation_v1,A,q_치킨_05,닭튀김 파는 곳,음식점 중 '치킨'을 판매·제공하는 매장,train,치킨,T4 구어·문장,e7d8b740-0c48-40ba-a9a3-da5b27a5da1f,부전튀김,튀김,부전농수산물새벽시장,전통시장,부산광역시,,,
9a1792795ce5f1da2ef9,full_annotation_v1,A,q_치킨_05,닭튀김 파는 곳,음식점 중 '치킨'을 판매·제공하는 매장,train,치킨,T4 구어·문장,451e1f99-422f-49e4-b368-6c93a2fe1ff4,단골튀김,튀김,대포항골목형상점가B,골목형상점가,강원특별자치도,,,
0d8f92dad409db7234da,full_annotation_v1,A,q_치킨_05,닭튀김 파는 곳,음식점 중 '치킨'을 판매·제공하는 매장,train,치킨,T4 구어·문장,da646927-9bd5-459e-a99d-2410baf70016,중앙닭집,닭오리닭튀김,영암읍 라인업 자율상권구역,기타,전라남도,,,
61787592b9a2727f9ef9,full_annotation_v1,A,q_치킨_05,닭튀김 파는 곳,음식점 중 '치킨'을 판매·제공하는 매장,train,치킨,T4 구어·문장,02f9037a-c117-4db4-9d2b-9b78182978f4,반월닭강정치킨,,보령한내시장,전통시장,충청남도,,,
28fb568a856bf395567b,full_annotation_v1,A,q_치킨_05,닭튀김 파는 곳,음식점 중 '치킨'을 판매·제공하는 매장,train,치킨,T4 구어·문장,75bef884-96d4-4ad7-b3c4-94793c17a8d1,할매튀김,튀김,주문진좌판풍물시장,전통시장,강원특별자치도,,,
0894a8fa3ab9fa00640f,full_annotation_v1,A,q_치킨_05,닭튀김 파는 곳,음식점 중 '치킨'을 판매·제공하는 매장,train,치킨,T4 구어·문장,b6e61c56-24af-4489-8693-c6fa09c794ef,신양튀김,튀김,예산상설시장,전통시장,충청남도,,,
aa9c9337425b97f1fe8b,full_annotation_v1,A,q_치킨_05,닭튀김 파는 곳,음식점 중 '치킨'을 판매·제공하는 매장,train,치킨,T4 구어·문장,13dbb166-3d24-4ae6-bd26-bf80121da7ed,에덴닭판매방,생닭튀김닭,황지시장상점가,자율상권구역,강원특별자치도,,,
8329a529a9982640841a,full_annotation_v1,A,q_치킨_05,닭튀김 파는 곳,음식점 중 '치킨'을 판매·제공하는 매장,train,치킨,T4 구어·문장,04281236-3406-42c7-bac5-94bce898079b,경북닭집,생닭,포항죽도시장,전통시장,경상북도,,,
bfb9e722a2840b7b1c15,full_annotation_v1,A,q_치킨_05,닭튀김 파는 곳,음식점 중 '치킨'을 판매·제공하는 매장,train,치킨,T4 구어·문장,72e8a55c-c99e-402a-ae39-4099ac134f93,이디야 의정부중앙점,커피,행복로골목형상점가,골목형상점가,경기도,,,
4ffff8e68c70f8f72eb4,full_annotation_v1,A,q_치킨_06,치킨 먹을 곳,음식점 중 '치킨'을 판매·제공하는 매장,train,치킨,T4 구어·문장,02d7cfad-7de8-42df-8158-838c41753592,큰엄마통닭,생닭,괴정골목시장,전통시장,부산광역시,,,
157ef2b494818fd4d194,full_annotation_v1,A,q_치킨_06,치킨 먹을 곳,음식점 중 '치킨'을 판매·제공하는 매장,train,치킨,T4 구어·문장,43f3f580-185a-4504-9587-7221ef20b9cc,치킨가,치킨,보라빛거리골목형상점가,골목형상점가,서울특별시,,,
b924a01a4e0cce3b581c,full_annotation_v1,A,q_치킨_06,치킨 먹을 곳,음식점 중 '치킨'을 판매·제공하는 매장,train,치킨,T4 구어·문장,da178971-1fbd-4187-a329-8c76e76592a7,롱다리 치킨,치킨,88글러브 골목형상점가,골목형상점가,대전광역시,,,
a0171d750d8b9afb5af9,full_annotation_v1,A,q_치킨_06,치킨 먹을 곳,음식점 중 '치킨'을 판매·제공하는 매장,train,치킨,T4 구어·문장,358a0c52-8773-46f0-8790-2e222f73df5a,비에이치씨 치킨 성남중앙동점,치킨,산성로 상권활성화구역,상권활성화구역,경기도,,,
b08a8dd350c085280eae,full_annotation_v1,A,q_치킨_06,치킨 먹을 곳,음식점 중 '치킨'을 판매·제공하는 매장,train,치킨,T4 구어·문장,bfdf0884-80f5-4d39-8147-7ee879a1b299,제이피푸드,치킨,방학동도깨비시장,전통시장,서울특별시,,,
9e011225875fcd42dd87,full_annotation_v1,A,q_치킨_06,치킨 먹을 곳,음식점 중 '치킨'을 판매·제공하는 매장,train,치킨,T4 구어·문장,723796f3-5be8-44d4-8c5b-0f7501b33c8f,치킨&마늘통닭,치킨,신전시장(염포시장),전통시장,울산광역시,,,
7108b60e18cb8bece5f4,full_annotation_v1,A,q_치킨_06,치킨 먹을 곳,음식점 중 '치킨'을 판매·제공하는 매장,train,치킨,T4 구어·문장,6ad0cc41-b01b-4e8d-9de5-bc348f34c54d,웰덤치킨,치킨,동문재래시장,전통시장,제주특별자치도,,,
0e31151f9b0a93037222,full_annotation_v1,A,q_치킨_06,치킨 먹을 곳,음식점 중 '치킨'을 판매·제공하는 매장,train,치킨,T4 구어·문장,03770687-c528-4ce4-881e-eefbc9ec2a96,비비큐(BBQ)치킨,치킨,천상천 골목형상점가,골목형상점가,울산광역시,,,
a5f1cb5fcdf87491e2cf,full_annotation_v1,A,q_치킨_06,치킨 먹을 곳,음식점 중 '치킨'을 판매·제공하는 매장,train,치킨,T4 구어·문장,56f63aa0-186a-48a6-8c2d-e4510ccbfa87,옛날통닭,치킨,흑석시장골목형상점가,골목형상점가,서울특별시,,,
ffe011030d8d7d21abd6,full_annotation_v1,A,q_치킨_06,치킨 먹을 곳,음식점 중 '치킨'을 판매·제공하는 매장,train,치킨,T4 구어·문장,8ea2959a-ec89-4299-b5ee-fc663b864161,옛날통닭,치킨,세종전통시장,전통시장,세종특별자치시,,,
b1208ae344b16f942f84,full_annotation_v1,A,q_치킨_06,치킨 먹을 곳,음식점 중 '치킨'을 판매·제공하는 매장,train,치킨,T4 구어·문장,004764d4-5ad9-4f22-81bb-48eac27e9e4b,60계치킨 야탑점,치킨,야탑 골목형상점가,골목형상점가,경기도,,,
75a8cd5ac80d0ce08265,full_annotation_v1,A,q_치킨_06,치킨 먹을 곳,음식점 중 '치킨'을 판매·제공하는 매장,train,치킨,T4 구어·문장,d14dcdd7-0b50-4dbc-b8b9-c8b6a4b43655,울통치킨,치킨,양산 남부시장상가,전통시장,경상남도,,,
c07936d308255bb416eb,full_annotation_v1,A,q_치킨_06,치킨 먹을 곳,음식점 중 '치킨'을 판매·제공하는 매장,train,치킨,T4 구어·문장,8fedfa97-78ef-4d2c-9a8b-e32bc37cea79,점촌파닭,치킨,문경중앙시장,전통시장,경상북도,,,
cd7b664f43611785f6fc,full_annotation_v1,A,q_치킨_06,치킨 먹을 곳,음식점 중 '치킨'을 판매·제공하는 매장,train,치킨,T4 구어·문장,8731faa3-4ed3-4927-b075-eca7b6fdf9b8,치킨은핑계,치킨,문흥2동 골목형상점가,골목형상점가,광주광역시,,,
50fcfd2dd0d83ff0fe9b,full_annotation_v1,A,q_치킨_06,치킨 먹을 곳,음식점 중 '치킨'을 판매·제공하는 매장,train,치킨,T4 구어·문장,47b2eb4b-b451-495d-9152-cada4ee44815,멕시카나 치킨 어진점,치킨,가름로 골목형상점가,골목형상점가,세종특별자치시,,,
6dcd0d265fddcdc65cef,full_annotation_v1,A,q_치킨_06,치킨 먹을 곳,음식점 중 '치킨'을 판매·제공하는 매장,train,치킨,T4 구어·문장,76a3551b-dae4-4326-92cc-662015aedbfb,쉴 곳,한식,칠성로상점가,자율상권구역,제주특별자치도,,,
a316741a966a9ef57c4a,full_annotation_v1,A,q_치킨_06,치킨 먹을 곳,음식점 중 '치킨'을 판매·제공하는 매장,train,치킨,T4 구어·문장,adf10e9f-78c4-4341-89eb-eabf3d34ea53,통딹,치킨,방어진항 골목형상점가,골목형상점가,울산광역시,,,
235cf99f89a9df830f8f,full_annotation_v1,A,q_치킨_06,치킨 먹을 곳,음식점 중 '치킨'을 판매·제공하는 매장,train,치킨,T4 구어·문장,1094e7cb-d9b7-4e7a-851f-2907df1ebfce,치킨 마루 덕정점,치킨,주공단지상점가,골목형상점가,경기도,,,
6faa88878e42a6458212,full_annotation_v1,A,q_치킨_06,치킨 먹을 곳,음식점 중 '치킨'을 판매·제공하는 매장,train,치킨,T4 구어·문장,9e4a8169-a93b-4692-a66c-ff2efd804483,굿쎈치킨,치킨,성서계대로데오거리 골목형상점가,골목형상점가,대구광역시,,,
78884487d73065e2f83f,full_annotation_v1,A,q_치킨_06,치킨 먹을 곳,음식점 중 '치킨'을 판매·제공하는 매장,train,치킨,T4 구어·문장,77f67fa1-0ccf-485f-aebc-c967aa544773,시장안통닭,치킨,광명새마을시장,전통시장,경기도,,,
aa7e6038085db74e59fa,full_annotation_v1,A,q_치킨_06,치킨 먹을 곳,음식점 중 '치킨'을 판매·제공하는 매장,train,치킨,T4 구어·문장,dfcc1036-5661-448c-bdc1-2854eb01648a,bhc 치킨,치킨 전문점,댕리단길 골목형상점가,골목형상점가,경기도,,,
5d74c1093eeff30f550a,full_annotation_v1,A,q_치킨_06,치킨 먹을 곳,음식점 중 '치킨'을 판매·제공하는 매장,train,치킨,T4 구어·문장,cde800f4-2ecf-4e25-85c8-a073e9ece3f6,건풍e치킨,치킨,아차산등산로골목형상점가,골목형상점가,서울특별시,,,
7beadb456e81388f714a,full_annotation_v1,A,q_치킨_06,치킨 먹을 곳,음식점 중 '치킨'을 판매·제공하는 매장,train,치킨,T4 구어·문장,9bd56013-4d2e-4851-8fba-c20beb0ec707,휠라인티모 목포하당,속옷 스포츠의류,하당꽃길1가 골목형상점가,골목형상점가,전라남도,,,
72755dd999f721d9d181,full_annotation_v1,A,q_치킨_06,치킨 먹을 곳,음식점 중 '치킨'을 판매·제공하는 매장,train,치킨,T4 구어·문장,0367e5f3-1bf4-4d8a-bac6-655fcc2eda3f,큰집닭강정,닭강정,신도봉시장,전통시장,서울특별시,,,
2f4c203a3b66d150b690,full_annotation_v1,A,q_치킨_06,치킨 먹을 곳,음식점 중 '치킨'을 판매·제공하는 매장,train,치킨,T4 구어·문장,e903e38e-34f5-4e86-ac68-3b09ebd29aec,우마이타코야끼명인 본점,간이음식,매곡동 골목형상점가,골목형상점가,광주광역시,,,
0acf1f296a39b6a3abcb,full_annotation_v1,A,q_치킨_06,치킨 먹을 곳,음식점 중 '치킨'을 판매·제공하는 매장,train,치킨,T4 구어·문장,864501d6-0b4b-4853-b73a-4eed42ef1ca3,닭만보치킨,치킨,양평물맑은시장,전통시장,경기도,,,
aee0d55412f3e0e3c820,full_annotation_v1,A,q_치킨_06,치킨 먹을 곳,음식점 중 '치킨'을 판매·제공하는 매장,train,치킨,T4 구어·문장,bdd0e5d6-cd9c-4797-b97a-4f19578f2611,라피노 치킨,치킨,송정역카페거리골목형상점가,골목형상점가,서울특별시,,,
20ed884144135b5f1967,full_annotation_v1,A,q_치킨_06,치킨 먹을 곳,음식점 중 '치킨'을 판매·제공하는 매장,train,치킨,T4 구어·문장,a035ddbb-0710-4596-908c-6493ac2c745e,장충동이가네족발,한식,백년시장(구 강북종합전통시장),전통시장,서울특별시,,,
e3c70982f408913d0562,full_annotation_v1,A,q_치킨_06,치킨 먹을 곳,음식점 중 '치킨'을 판매·제공하는 매장,train,치킨,T4 구어·문장,00769411-1bf8-408d-b40a-a14be4c6dde9,마산통닭,,양산 남부시장,전통시장,경상남도,,,
1c281b4ba425bb89da6d,full_annotation_v1,A,q_치킨_06,치킨 먹을 곳,음식점 중 '치킨'을 판매·제공하는 매장,train,치킨,T4 구어·문장,00027601-43e6-4d9a-a358-150cc014fe4c,닭장수후라이드,치킨,한솔동 5~6단지상점가,자율상권구역,세종특별자치시,,,
adaf53ff7d35d3b00264,full_annotation_v1,A,q_치킨_06,치킨 먹을 곳,음식점 중 '치킨'을 판매·제공하는 매장,train,치킨,T4 구어·문장,f3db100e-fdef-4b6d-9723-ecc519e61223,옛날통닭,치킨,거창 전통시장,전통시장,경상남도,,,
0f3f07c10cf92a405149,full_annotation_v1,A,q_치킨_06,치킨 먹을 곳,음식점 중 '치킨'을 판매·제공하는 매장,train,치킨,T4 구어·문장,33fc5b76-b637-4a9b-8010-6faccccc6d93,(유)탑월드대파유통,농산물,가락몰골목형상점가,골목형상점가,서울특별시,,,
a4b198c7c8a2a4a150cb,full_annotation_v1,A,q_치킨_06,치킨 먹을 곳,음식점 중 '치킨'을 판매·제공하는 매장,train,치킨,T4 구어·문장,02a27b16-27f8-4934-967b-09afebc0294d,돌아온옛날통닭,통닭,못골골목시장,전통시장,부산광역시,,,
89e2d9b8fad89bc1791f,full_annotation_v1,A,q_치킨_06,치킨 먹을 곳,음식점 중 '치킨'을 판매·제공하는 매장,train,치킨,T4 구어·문장,24456103-f6b8-46af-8655-82e61d7265d8,커피가 머무르는 곳,커피,반드레길골목형상점가,골목형상점가,서울특별시,,,
b17a22f0fd8c5d1daecf,full_annotation_v1,A,q_치킨_06,치킨 먹을 곳,음식점 중 '치킨'을 판매·제공하는 매장,train,치킨,T4 구어·문장,7ad43aeb-d2c1-41aa-a372-0336cdd9cb1c,교촌치킨,치킨,설성골목형상점가,골목형상점가,충청북도,,,
069feb2f63538ec9e236,full_annotation_v1,A,q_치킨_06,치킨 먹을 곳,음식점 중 '치킨'을 판매·제공하는 매장,train,치킨,T4 구어·문장,751b598e-b0d9-498c-b528-fda82557c356,교촌치킨,치킨,풍암벚꽃길상인회 골목형상점가,골목형상점가,광주광역시,,,
ed9e14039156770bf328,full_annotation_v1,A,q_치킨_06,치킨 먹을 곳,음식점 중 '치킨'을 판매·제공하는 매장,train,치킨,T4 구어·문장,f63ffa55-804e-46b7-abe0-d7bb64c3a915,교촌치킨,치킨,남해 명품화전길 골목형상점가,골목형상점가,경상남도,,,
7ab339e81eab100a0f68,full_annotation_v1,A,q_치킨_06,치킨 먹을 곳,음식점 중 '치킨'을 판매·제공하는 매장,train,치킨,T4 구어·문장,0206583a-8207-4455-8670-857a27332498,유미통닭,,청주대중앙로골목형상점가,골목형상점가,충청북도,,,
e06bd1b685ae367a036a,full_annotation_v1,A,q_치킨_06,치킨 먹을 곳,음식점 중 '치킨'을 판매·제공하는 매장,train,치킨,T4 구어·문장,efeebb46-4dd2-43cb-be61-e69cdbe801b8,옛날통닭,치킨,아현시장,전통시장,서울특별시,,,
09af8c00a17cad5de7f5,full_annotation_v1,A,q_치킨_06,치킨 먹을 곳,음식점 중 '치킨'을 판매·제공하는 매장,train,치킨,T4 구어·문장,ed589f4c-a8c7-4418-9f34-0d7f534224fa,형제치킨,치킨,경산중앙로상점가,자율상권구역,경상북도,,,
fc86e717b9dc9b402e5d,full_annotation_v1,A,q_치킨_06,치킨 먹을 곳,음식점 중 '치킨'을 판매·제공하는 매장,train,치킨,T4 구어·문장,49d6fd44-956a-4a09-ae79-af9f82bf0218,인텔죤치킨,치킨,강변상점가,자율상권구역,경기도,,,
214276874e3c2307c5d2,full_annotation_v1,A,q_치킨_06,치킨 먹을 곳,음식점 중 '치킨'을 판매·제공하는 매장,train,치킨,T4 구어·문장,02f9037a-c117-4db4-9d2b-9b78182978f4,반월닭강정치킨,,보령한내시장,전통시장,충청남도,,,
3b1818269b34b81e3cc5,full_annotation_v1,A,q_치킨_06,치킨 먹을 곳,음식점 중 '치킨'을 판매·제공하는 매장,train,치킨,T4 구어·문장,0325afb0-ec4b-4b3e-b0f1-1aa87097e667,수완닭발통닭,"닭발, 통닭",수완나들목 골목형상점가,골목형상점가,광주광역시,,,
46090d005d916d46bf08,full_annotation_v1,A,q_치킨_06,치킨 먹을 곳,음식점 중 '치킨'을 판매·제공하는 매장,train,치킨,T4 구어·문장,40f709a8-c1cb-40e0-a080-4ebf606b9bf8,킨킨치킨,치킨,아주대 대학로 골목형상점가,골목형상점가,경기도,,,
c4c33523dafd69f92faa,full_annotation_v1,A,q_치킨_06,치킨 먹을 곳,음식점 중 '치킨'을 판매·제공하는 매장,train,치킨,T4 구어·문장,550df331-dfdb-4b37-9a23-b0dc1f8535a3,세경사,의류,부산자유시장,전통시장,부산광역시,,,
952e15062e33acfa0b3a,full_annotation_v1,A,q_치킨_06,치킨 먹을 곳,음식점 중 '치킨'을 판매·제공하는 매장,train,치킨,T4 구어·문장,4cacc225-5b09-4c12-98bf-8e5227ba3cfb,옛날통닭,치킨,광명전통시장,전통시장,경기도,,,
ee1e446e7e1ef01516ea,full_annotation_v1,A,q_치킨_06,치킨 먹을 곳,음식점 중 '치킨'을 판매·제공하는 매장,train,치킨,T4 구어·문장,01e3bdc3-fa69-409b-9f56-9ab1b44ede16,바우닭강정,닭강정,자양전통시장,전통시장,서울특별시,,,
f306cfa7293f6ac86274,full_annotation_v1,A,q_치킨_06,치킨 먹을 곳,음식점 중 '치킨'을 판매·제공하는 매장,train,치킨,T4 구어·문장,847b980d-a51f-4c2b-98ae-e10fccc26f1d,다코기,치킨,구일로 골목형상점가,골목형상점가,서울특별시,,,
b00c271c488d242a8238,full_annotation_v1,A,q_치킨_06,치킨 먹을 곳,음식점 중 '치킨'을 판매·제공하는 매장,train,치킨,T4 구어·문장,d33ea88b-7078-40f3-82b7-3a428e33d1a3,범가네가마솥닭강정&치킨,"순대, 치킨",비단길현대시장,전통시장,서울특별시,,,
5e65d2a076e36f62e0d2,full_annotation_v1,A,q_치킨_06,치킨 먹을 곳,음식점 중 '치킨'을 판매·제공하는 매장,train,치킨,T4 구어·문장,dc08aa2a-78f9-464c-ac81-31cb18c66866,큐신포치킨,치킨,평택통복시장,전통시장,경기도,,,
7f8be95cdf7e0928432a,full_annotation_v1,A,q_치킨_06,치킨 먹을 곳,음식점 중 '치킨'을 판매·제공하는 매장,train,치킨,T4 구어·문장,c293f8a4-dfe2-46b5-80b4-ce82fb6d2bf7,봉위치킨,치킨,오월첫동네 골목형상점가,골목형상점가,광주광역시,,,
5830bbc24cf4c42cce18,full_annotation_v1,A,q_치킨_06,치킨 먹을 곳,음식점 중 '치킨'을 판매·제공하는 매장,train,치킨,T4 구어·문장,04a6b3a8-b7b4-4b08-819b-90741ac94612,청년한우 울산태화시장점,축산,태화시장,전통시장,울산광역시,,,
d29a2b47ac95429b382a,full_annotation_v1,A,q_치킨_06,치킨 먹을 곳,음식점 중 '치킨'을 판매·제공하는 매장,train,치킨,T4 구어·문장,de78e83a-6e2c-4fe1-bc5f-f124a555164a,대영청과,과일,팔달신시장,전통시장,대구광역시,,,
cb2d069aae9c4ae4dc2a,full_annotation_v1,A,q_치킨_06,치킨 먹을 곳,음식점 중 '치킨'을 판매·제공하는 매장,train,치킨,T4 구어·문장,e3a231ef-25b7-4463-b045-c48aabc93982,옛날통닭,치킨,수비벡스코 골목형상점가,골목형상점가,부산광역시,,,
8057b1bb8beb8a98a84d,full_annotation_v1,A,q_치킨_06,치킨 먹을 곳,음식점 중 '치킨'을 판매·제공하는 매장,train,치킨,T4 구어·문장,4c304d9d-54c5-47a3-b0b0-ac1cd646c460,DK치킨,치킨,마산 월영대시장,전통시장,경상남도,,,
819a4b80c0391b825d8e,full_annotation_v1,A,q_치킨_06,치킨 먹을 곳,음식점 중 '치킨'을 판매·제공하는 매장,train,치킨,T4 구어·문장,d9f416a0-c9e9-4337-b2f5-59aa52ec6609,윙윙치킨,치킨,포남용마거리골목형상점가,골목형상점가,강원특별자치도,,,
f4e0fdcdd9ef34f26315,full_annotation_v1,A,q_치킨_06,치킨 먹을 곳,음식점 중 '치킨'을 판매·제공하는 매장,train,치킨,T4 구어·문장,eae27f47-79b1-4dc9-b4b8-1c7d3b6bafb9,페리카나 치킨,치킨,신평시장,전통시장,충청남도,,,
010c71050769626cfea2,full_annotation_v1,A,q_치킨_06,치킨 먹을 곳,음식점 중 '치킨'을 판매·제공하는 매장,train,치킨,T4 구어·문장,7aa2dbef-541b-43e6-8aa6-db35fbf630fe,헤이키커피상무cgv점,커피전문점,상무연하상인회 골목형상점가,골목형상점가,광주광역시,,,
aa0f17010a136751a074,full_annotation_v1,A,q_치킨_06,치킨 먹을 곳,음식점 중 '치킨'을 판매·제공하는 매장,train,치킨,T4 구어·문장,844aa25a-9ef9-4a3e-be7e-8aed036d9340,소테굽닭,치킨,봉선먹자골목 골목형상점가,골목형상점가,광주광역시,,,
95765319d2f100dbf732,full_annotation_v1,A,q_치킨_06,치킨 먹을 곳,음식점 중 '치킨'을 판매·제공하는 매장,train,치킨,T4 구어·문장,0ebf0d5e-d35a-4d8d-96ea-93b1ce37655d,옛날통닭,치킨,동울산시장 상점가,자율상권구역,울산광역시,,,
5e825a41c77374af6649,full_annotation_v1,A,q_치킨_06,치킨 먹을 곳,음식점 중 '치킨'을 판매·제공하는 매장,train,치킨,T4 구어·문장,9b9bd7a6-1341-40f7-bd61-b13306bd36ce,옛날통닭,치킨,명덕마을 골목형상점가,골목형상점가,울산광역시,,,
5791605c2799afa29f3e,full_annotation_v1,A,q_치킨_06,치킨 먹을 곳,음식점 중 '치킨'을 판매·제공하는 매장,train,치킨,T4 구어·문장,9da6138a-5f10-4782-a41f-27a0a2b14314,옛날통닭,치킨,항동 골목형상점가,골목형상점가,서울특별시,,,
ee53fd768fbae5febf54,full_annotation_v1,A,q_치킨_06,치킨 먹을 곳,음식점 중 '치킨'을 판매·제공하는 매장,train,치킨,T4 구어·문장,9ce1f108-6a44-44db-8368-7e6177116236,할루우치킨,치킨,성동용답상가시장,전통시장,서울특별시,,,
6324829226c1b1d70920,full_annotation_v1,A,q_치킨_06,치킨 먹을 곳,음식점 중 '치킨'을 판매·제공하는 매장,train,치킨,T4 구어·문장,70ecbe9f-9de0-4a8f-93b5-3281292f9417,살살(SALSAL)치킨,치킨,당진시신도심상점가,자율상권구역,충청남도,,,
838e3ba2aa2f221ede39,full_annotation_v1,A,q_치킨_06,치킨 먹을 곳,음식점 중 '치킨'을 판매·제공하는 매장,train,치킨,T4 구어·문장,f6fea3ea-97f6-4585-a3b5-a1f6db3b8782,광교치킨,치킨,연무 골목형상점가,골목형상점가,경기도,,,
3dda9224280949b0c595,full_annotation_v1,A,q_치킨_06,치킨 먹을 곳,음식점 중 '치킨'을 판매·제공하는 매장,train,치킨,T4 구어·문장,2743811c-5e71-4d2b-aa75-1b0147d44f2d,사우 꽃이 피는 곳,꽃,김포 풍년마을 골목형상점가,골목형상점가,경기도,,,
fda0b3e59679eed33fc6,full_annotation_v1,A,q_치킨_06,치킨 먹을 곳,음식점 중 '치킨'을 판매·제공하는 매장,train,치킨,T4 구어·문장,32900f85-5b88-4a9a-b362-46ad57ae03b6,옛날통닭,치킨,초량 이음자율상권,,부산광역시,,,
452e5e31e75e9092b63c,full_annotation_v1,A,q_치킨_06,치킨 먹을 곳,음식점 중 '치킨'을 판매·제공하는 매장,train,치킨,T4 구어·문장,2be8fe7b-6af1-4a00-a1a3-a4ff7d6e09ef,교촌치킨,치킨,원도심 상권활성화구역,상권활성화구역,대전광역시,,,
b994655535f4c6ca42fc,full_annotation_v1,A,q_치킨_06,치킨 먹을 곳,음식점 중 '치킨'을 판매·제공하는 매장,train,치킨,T4 구어·문장,00265ad2-bd74-4057-b201-f6a798a8a4c9,칠분통닭오치점,치킨,오치2동 골목형상점가,골목형상점가,광주광역시,,,
de0fcc824404ab924a36,full_annotation_v1,A,q_치킨_06,치킨 먹을 곳,음식점 중 '치킨'을 판매·제공하는 매장,train,치킨,T4 구어·문장,a2185d69-3bee-4ea9-93f6-2971fa115128,멕시카나 치킨,치킨,무주반딧불상권활성화구역,상권활성화구역,전북특별자치도,,,
056455f788a4152926e0,full_annotation_v1,A,q_치킨_06,치킨 먹을 곳,음식점 중 '치킨'을 판매·제공하는 매장,train,치킨,T4 구어·문장,f7eb2238-af4b-4b20-a1f9-1434d580d912,비에이치씨(bhc) 치킨,치킨,조대장미의거리 상점가,자율상권구역,,,,
e223e17b613fb93cad11,full_annotation_v1,A,q_치킨_06,치킨 먹을 곳,음식점 중 '치킨'을 판매·제공하는 매장,train,치킨,T4 구어·문장,969104bf-0b08-40f1-9625-593a4ff978d8,07치킨,치킨,경산공설시장,전통시장,경상북도,,,
1cbd19bdd2c17bd5441a,full_annotation_v1,A,q_치킨_06,치킨 먹을 곳,음식점 중 '치킨'을 판매·제공하는 매장,train,치킨,T4 구어·문장,02eee457-18ee-44d0-9100-446597926b4c,유한회사 블루통신,,유안 골목형상점가,골목형상점가,광주광역시,,,
110560c895f60f2cba0e,full_annotation_v1,A,q_치킨_06,치킨 먹을 곳,음식점 중 '치킨'을 판매·제공하는 매장,train,치킨,T4 구어·문장,35f08c80-b881-4369-8491-412309c6068e,홈웰빙치킨,치킨,신월중앙시장,전통시장,서울특별시,,,
896ee2c90746657062b8,full_annotation_v1,A,q_치킨_06,치킨 먹을 곳,음식점 중 '치킨'을 판매·제공하는 매장,train,치킨,T4 구어·문장,ae202574-67e5-4c8a-98fc-e54fe8f8715e,비에이치씨 치킨 홍은점,치킨,포방터시장,전통시장,서울특별시,,,
9cdca6db033719cafcd2,full_annotation_v1,A,q_치킨_06,치킨 먹을 곳,음식점 중 '치킨'을 판매·제공하는 매장,train,치킨,T4 구어·문장,b998c563-ffd9-4b86-8a32-89edffbd647c,교촌치킨,치킨,서대신1동골목시장,전통시장,부산광역시,,,
5daac260378795661db7,full_annotation_v1,A,q_치킨_06,치킨 먹을 곳,음식점 중 '치킨'을 판매·제공하는 매장,train,치킨,T4 구어·문장,030a5e64-7697-4952-b49b-a7d7f5591a5e,노연닭집,생닭,안계정기시장,전통시장,경상북도,,,
5c7459378512170fd3f1,full_annotation_v1,A,q_치킨_06,치킨 먹을 곳,음식점 중 '치킨'을 판매·제공하는 매장,train,치킨,T4 구어·문장,dc7f7338-1d5b-4d2b-92e8-092734d8dafb,60계 치킨,치킨,엄사 골목형상점가,골목형상점가,충청남도,,,
29d121df3900639d04c5,full_annotation_v1,A,q_치킨_06,치킨 먹을 곳,음식점 중 '치킨'을 판매·제공하는 매장,train,치킨,T4 구어·문장,805a8a93-efdd-4a2f-9049-e533f03d2d2c,닭섬,치킨,궁동 골목형상점가,골목형상점가,대전광역시,,,
fdb698fb6d0e3d0a4368,full_annotation_v1,A,q_치킨_06,치킨 먹을 곳,음식점 중 '치킨'을 판매·제공하는 매장,train,치킨,T4 구어·문장,bd971626-62a4-458e-9e5b-1b7778dd6893,옛날통닭,치킨,신곡시장 골목형상점가,골목형상점가,서울특별시,,,
a059c55c4b073f425873,full_annotation_v1,A,q_치킨_06,치킨 먹을 곳,음식점 중 '치킨'을 판매·제공하는 매장,train,치킨,T4 구어·문장,25ecd563-f27d-4111-8871-41894d1e3769,아옛날통닭,치킨,구포역세권상점가,자율상권구역,부산광역시,,,
128ead2256f554a66e1e,full_annotation_v1,A,q_치킨_06,치킨 먹을 곳,음식점 중 '치킨'을 판매·제공하는 매장,train,치킨,T4 구어·문장,0380c6ac-31cb-4e31-88b2-b97dd2ddf91b,남원,통닭,청량리전통시장,전통시장,서울특별시,,,
5d615ff3dc9d6d83ccec,full_annotation_v1,A,q_치킨_06,치킨 먹을 곳,음식점 중 '치킨'을 판매·제공하는 매장,train,치킨,T4 구어·문장,5268f5b1-322a-450b-ac70-38239b08c153,붐치킨,치킨,개롱골장군거리 골목형상점가,골목형상점가,서울특별시,,,
b18aa9b753933fbc3d61,full_annotation_v1,A,q_치킨_06,치킨 먹을 곳,음식점 중 '치킨'을 판매·제공하는 매장,train,치킨,T4 구어·문장,74f3d2f5-3680-454f-8995-c7bea35b6c4b,멕시카나 치킨 다사점,치킨,매곡 골목형상점가,골목형상점가,대구광역시,,,
31405cb71b52d5cbafdf,full_annotation_v1,A,q_치킨_06,치킨 먹을 곳,음식점 중 '치킨'을 판매·제공하는 매장,train,치킨,T4 구어·문장,f53c131c-802b-40c1-990b-ebc74b902800,엄송치킨,치킨,광복마을3-4길 골목형상점가,골목형상점가,광주광역시,,,
baa87c555494db7a620d,full_annotation_v1,A,q_치킨_06,치킨 먹을 곳,음식점 중 '치킨'을 판매·제공하는 매장,train,치킨,T4 구어·문장,97b2c981-da5c-4a83-b2e6-1d7b7bfab176,일곡치킨,치킨,"일곡동(제4지역:쌍용,호반,청솔2,호반일신,청솔1)",골목형상점가,광주광역시,,,
e1abaffcc3cd50ea1e74,full_annotation_v1,A,q_치킨_06,치킨 먹을 곳,음식점 중 '치킨'을 판매·제공하는 매장,train,치킨,T4 구어·문장,06d79882-5e98-4cba-9122-d5327e6b25a1,시장닭집,생닭,부안상설시장,전통시장,전북특별자치도,,,
f744a2b4e5b3d1e83996,full_annotation_v1,A,q_치킨_06,치킨 먹을 곳,음식점 중 '치킨'을 판매·제공하는 매장,train,치킨,T4 구어·문장,408cf89f-3ccf-4706-8690-272f95b94acc,청년농산,농수산물,평택통복시장,전통시장,경기도,,,
795172f8565ca7fca298,full_annotation_v1,A,q_치킨_06,치킨 먹을 곳,음식점 중 '치킨'을 판매·제공하는 매장,train,치킨,T4 구어·문장,eedfee23-6001-4748-8db1-d27f9b4b680d,송엘림치킨,치킨,남부골목시장,전통시장,서울특별시,,,
1b95ac737c6c80d33e52,full_annotation_v1,A,q_치킨_06,치킨 먹을 곳,음식점 중 '치킨'을 판매·제공하는 매장,train,치킨,T4 구어·문장,40e0badc-0488-48bf-91ec-3817a0e49f52,평택이모네옥돌김구이,조미김,평택통복시장,전통시장,경기도,,,
63ccadfa445b2a1a3eb0,full_annotation_v1,A,q_치킨_06,치킨 먹을 곳,음식점 중 '치킨'을 판매·제공하는 매장,train,치킨,T4 구어·문장,efe2d29e-9116-482e-bf1a-40ad9cf7c69f,극찬치킨,치킨,운암 금호 골목형상점가,골목형상점가,광주광역시,,,
f423fc08dab8ddc11cca,full_annotation_v1,A,q_치킨_06,치킨 먹을 곳,음식점 중 '치킨'을 판매·제공하는 매장,train,치킨,T4 구어·문장,d3e81bba-327d-4b49-9604-4021951d0e1c,광계토치킨,치킨,장안문거북시장,전통시장,경기도,,,
649bf2237bf39956f162,full_annotation_v1,A,q_치킨_06,치킨 먹을 곳,음식점 중 '치킨'을 판매·제공하는 매장,train,치킨,T4 구어·문장,32813c4e-ed67-4dbb-97e5-21e273ae72eb,꼬생방,치킨,구리전통시장,전통시장,경기도,,,
ca12128dc12a41c0b353,full_annotation_v1,A,q_치킨_06,치킨 먹을 곳,음식점 중 '치킨'을 판매·제공하는 매장,train,치킨,T4 구어·문장,98fe9f51-dc55-453c-b575-9012fb4f09eb,옛날통닭,치킨,적성전통시장,전통시장,경기도,,,
7021ae69cb22e80c7f71,full_annotation_v1,A,q_치킨_06,치킨 먹을 곳,음식점 중 '치킨'을 판매·제공하는 매장,train,치킨,T4 구어·문장,2b178e93-db9c-480b-9373-f841a4d7e086,우리아빠닭강정,치킨,유성도안 골목형상점가,골목형상점가,대전광역시,,,
bf5f75c866d159dafcfe,full_annotation_v1,A,q_치킨_06,치킨 먹을 곳,음식점 중 '치킨'을 판매·제공하는 매장,train,치킨,T4 구어·문장,3777e89a-95d9-4942-8997-15eb2553e6fc,반햇닭,치킨,쌍리단길상점가,자율상권구역,서울특별시,,,
6c233aec39f6f20cb8f8,full_annotation_v1,A,q_치킨_06,치킨 먹을 곳,음식점 중 '치킨'을 판매·제공하는 매장,train,치킨,T4 구어·문장,049722c3-eb1f-498f-9cd3-e904f7b0dcf9,가마치통닭평안점,치킨,진주 중앙상점가,자율상권구역,경상남도,,,
322b8e9b2e8e87ad3d60,full_annotation_v1,A,q_치킨_06,치킨 먹을 곳,음식점 중 '치킨'을 판매·제공하는 매장,train,치킨,T4 구어·문장,c111ac9d-3f3a-405c-a8db-4d127ccda9e2,행복이 있는 곳,잡화,제주로얄쇼핑센터,자율상권구역,제주특별자치도,,,
a221ed2014980d54c1f8,full_annotation_v1,A,q_치킨_06,치킨 먹을 곳,음식점 중 '치킨'을 판매·제공하는 매장,train,치킨,T4 구어·문장,01465138-3544-40c5-a4db-860c2bb8c959,군산수산물종합센터내)매점,매점,군산수산물종합센터,전통시장,전북특별자치도,,,
81f66b7c16940f5da8a3,full_annotation_v1,A,q_치킨_06,치킨 먹을 곳,음식점 중 '치킨'을 판매·제공하는 매장,train,치킨,T4 구어·문장,76fd17e7-bfef-48f9-8725-aa773f2a7513,가평막걸리,음식점,신현회화골목형상점가,골목형상점가,인천광역시,,,
f8e55750b734cde11d96,full_annotation_v1,A,q_치킨_06,치킨 먹을 곳,음식점 중 '치킨'을 판매·제공하는 매장,train,치킨,T4 구어·문장,9fa72a03-3ce6-4365-b4a1-fcb8dac43933,백점치킨,치킨,두암2동광신맨션주변 골목형상점가,골목형상점가,광주광역시,,,
8dfe084d0b7f4a5424dc,full_annotation_v1,A,q_치킨_06,치킨 먹을 곳,음식점 중 '치킨'을 판매·제공하는 매장,train,치킨,T4 구어·문장,000d4d47-3a3f-4a73-9fce-cd3802a5ebb3,은여우두마리치킨,치킨,봉곡우전로 골목형상점가,골목형상점가,전북특별자치도,,,
5be38a5ab5624da43bc9,full_annotation_v1,A,q_치킨_06,치킨 먹을 곳,음식점 중 '치킨'을 판매·제공하는 매장,train,치킨,T4 구어·문장,2255e5cc-9d10-46e2-8b34-2f2a6bf7a975,옛날통닭,치킨,초지항아리 골목형상점가,골목형상점가,경기도,,,
4b40e09f8b5a029d5fd4,full_annotation_v1,A,q_치킨_06,치킨 먹을 곳,음식점 중 '치킨'을 판매·제공하는 매장,train,치킨,T4 구어·문장,aa5eda8d-f944-40c3-910f-970e71acb913,반했닭,치킨,방학동도깨비시장,전통시장,서울특별시,,,
008681bd020ea7304638,full_annotation_v1,A,q_치킨_06,치킨 먹을 곳,음식점 중 '치킨'을 판매·제공하는 매장,train,치킨,T4 구어·문장,3009ee0f-4e2e-48d5-b653-d9656492289a,짱치킨옛날통닭,치킨,오정시장,전통시장,경기도,,,
80dca230838801717f85,full_annotation_v1,A,q_치킨_06,치킨 먹을 곳,음식점 중 '치킨'을 판매·제공하는 매장,train,치킨,T4 구어·문장,ec0f2b50-4097-472c-b77c-ce3d03c6a3c2,옛날통닭,치킨,대연중앙골목시장 골목형상점가,골목형상점가,부산광역시,,,
a4a1ec79e6f3b17ec364,full_annotation_v1,A,q_치킨_06,치킨 먹을 곳,음식점 중 '치킨'을 판매·제공하는 매장,train,치킨,T4 구어·문장,151ba4a3-2c21-4768-bb75-ed0e8d74104f,치퀸,치킨,인헌시장,전통시장,서울특별시,,,
dd4e9483544451fa8450,full_annotation_v1,A,q_치킨_06,치킨 먹을 곳,음식점 중 '치킨'을 판매·제공하는 매장,train,치킨,T4 구어·문장,78ad8f03-bb9f-45a6-8ad5-701381d95124,옛날통닭,치킨,마산 구암현대시장,전통시장,경상남도,,,
e986e98eef0b25752de6,full_annotation_v1,A,q_치킨_06,치킨 먹을 곳,음식점 중 '치킨'을 판매·제공하는 매장,train,치킨,T4 구어·문장,4c46a9ab-93b8-4cc1-a4f0-71c01cac8b14,옛날통닭,치킨,매곡광장 골목형상점가,골목형상점가,울산광역시,,,
f39e6b59403ffc9a1213,full_annotation_v1,A,q_치킨_06,치킨 먹을 곳,음식점 중 '치킨'을 판매·제공하는 매장,train,치킨,T4 구어·문장,565106b6-20e0-4a8a-9927-47ceb0442e7d,바디미스킨케어,피부미용,방림로 골목형상점가,골목형상점가,광주광역시,,,
942776e14ce19995a666,full_annotation_v1,A,q_치킨_06,치킨 먹을 곳,음식점 중 '치킨'을 판매·제공하는 매장,train,치킨,T4 구어·문장,7dd988f4-1f18-4615-966c-c8c2341979e3,투윙 치킨,치킨,서동전통골목시장,전통시장,부산광역시,,,
83d325bd52dd6ca9370b,full_annotation_v1,A,q_치킨_06,치킨 먹을 곳,음식점 중 '치킨'을 판매·제공하는 매장,train,치킨,T4 구어·문장,38838bd3-5f51-4c5a-a494-fb9470a65781,보드람치킨,치킨,청마로 골목형상점가,골목형상점가,인천광역시,,,
bd206480d16bc8f168ce,full_annotation_v1,A,q_치킨_06,치킨 먹을 곳,음식점 중 '치킨'을 판매·제공하는 매장,train,치킨,T4 구어·문장,04281236-3406-42c7-bac5-94bce898079b,경북닭집,생닭,포항죽도시장,전통시장,경상북도,,,
ca82694181ab120ccfc7,full_annotation_v1,A,q_치킨_06,치킨 먹을 곳,음식점 중 '치킨'을 판매·제공하는 매장,train,치킨,T4 구어·문장,23f7f2c4-ace5-47cf-85ca-8b4bbe042198,안암아줌마 치킨 고대점,치킨,고대 골목형상점가,골목형상점가,서울특별시,,,
7930598c684330795d45,full_annotation_v1,A,q_치킨_06,치킨 먹을 곳,음식점 중 '치킨'을 판매·제공하는 매장,train,치킨,T4 구어·문장,8129a251-68c6-4bc4-b32d-6b90fbb6151f,교촌치킨,치킨,오치 설죽로 골목형상점가,골목형상점가,광주광역시,,,
f32e5a788a339fecfae3,full_annotation_v1,A,q_치킨_06,치킨 먹을 곳,음식점 중 '치킨'을 판매·제공하는 매장,train,치킨,T4 구어·문장,cd1391c9-0bd0-4eb0-a3f5-6eedcd6bf9b3,치킨박사,치킨,새마을시장,전통시장,서울특별시,,,
4b9bf1822911f00981d2,full_annotation_v1,A,q_치킨_06,치킨 먹을 곳,음식점 중 '치킨'을 판매·제공하는 매장,train,치킨,T4 구어·문장,24ee2f87-c8e1-42eb-8afd-5ae7157d5fa0,부리나 치킨,치킨,화개 상인회 골목형상점가,골목형상점가,광주광역시,,,
e50a7ed40a76a17f85cc,full_annotation_v1,A,q_치킨_06,치킨 먹을 곳,음식점 중 '치킨'을 판매·제공하는 매장,train,치킨,T4 구어·문장,99b7e75e-7f1f-4699-8a4d-0f4ea525fbac,비에이치씨(BHC)치킨&,치킨,화천재래시장,전통시장,강원특별자치도,,,
3534fe16ed59fafe4227,full_annotation_v1,A,q_치킨_06,치킨 먹을 곳,음식점 중 '치킨'을 판매·제공하는 매장,train,치킨,T4 구어·문장,df746876-fe0e-471a-83e4-d089efe0b880,호식이두마리치킨,치킨,서영대 먹자 골목형상점가,골목형상점가,광주광역시,,,
cee4d9a52c909e8c4173,full_annotation_v1,A,q_치킨_06,치킨 먹을 곳,음식점 중 '치킨'을 판매·제공하는 매장,train,치킨,T4 구어·문장,041ac6a6-e107-47e9-801c-e46102f240c2,엄송치킨,치킨,양산길 골목형상점가,골목형상점가,광주광역시,,,
ed59135d424563f2fc05,full_annotation_v1,A,q_치킨_06,치킨 먹을 곳,음식점 중 '치킨'을 판매·제공하는 매장,train,치킨,T4 구어·문장,ef97b881-55ea-458c-873f-23829be32bc3,지코바 치킨 랜드마크점,치킨,더테라스골목형상점가,골목형상점가,인천광역시,,,
31f20e1146d783424fc6,full_annotation_v1,A,q_치킨_06,치킨 먹을 곳,음식점 중 '치킨'을 판매·제공하는 매장,train,치킨,T4 구어·문장,17fb17c5-7826-4ab8-ba15-0ec536ce06d2,틴스,주니어의류,하당꽃길1가 골목형상점가,골목형상점가,전라남도,,,
54de105312ad0c82b65a,full_annotation_v1,A,q_치킨_06,치킨 먹을 곳,음식점 중 '치킨'을 판매·제공하는 매장,train,치킨,T4 구어·문장,f7726d31-702f-44c2-9c13-2c8a36525966,훈희치킨,치킨,원종고강제일시장(부천제일시장),전통시장,경기도,,,
395992c7db72c6a6b3a2,full_annotation_v1,A,q_치킨_06,치킨 먹을 곳,음식점 중 '치킨'을 판매·제공하는 매장,train,치킨,T4 구어·문장,22212a6c-0a5c-491b-8974-e12b4851d743,화성장식,"장판, 도배",모라동원타운상가 골목형상점가,골목형상점가,부산광역시,,,
338396ca8936b68b8a17,full_annotation_v1,A,q_치킨_06,치킨 먹을 곳,음식점 중 '치킨'을 판매·제공하는 매장,train,치킨,T4 구어·문장,00446094-b7f5-42de-acfa-7e4cba20d7ad,투게더피치우산점,피자 치킨,으뜸골목형상점가,골목형상점가,강원특별자치도,,,
64812e76d95bee32a595,full_annotation_v1,A,q_치킨_06,치킨 먹을 곳,음식점 중 '치킨'을 판매·제공하는 매장,train,치킨,T4 구어·문장,b25dacc8-b1ae-438c-ae8f-24f6fd4a548f,데이뷰의원 광주상무점,보건업일반의원,치평상무역상인회 골목형상점가,골목형상점가,광주광역시,,,
05a1bcb3db9bc44e0ab7,full_annotation_v1,A,q_치킨_06,치킨 먹을 곳,음식점 중 '치킨'을 판매·제공하는 매장,train,치킨,T4 구어·문장,697c37e9-730c-47f5-b1e5-4cb882e7f4f1,닭스,치킨,만년동 골목형상점가,골목형상점가,대전광역시,,,
9160aca74085f619f614,full_annotation_v1,A,q_치킨_06,치킨 먹을 곳,음식점 중 '치킨'을 판매·제공하는 매장,train,치킨,T4 구어·문장,0038f694-919c-4289-8bc1-a5e6549274e1,달인닭강정,닭강정,서귀포매일올레시장,전통시장,제주특별자치도,,,
848af5aaedf82fa54194,full_annotation_v1,A,q_치킨_06,치킨 먹을 곳,음식점 중 '치킨'을 판매·제공하는 매장,train,치킨,T4 구어·문장,56bd464f-f59d-4895-b953-9fad9f9e1ea9,우리집닭강정.치킨 아산둔포점,치킨,이지더원 골목형 상점가,골목형상점가,충청남도,,,
3df0b29881848e00a101,full_annotation_v1,A,q_치킨_06,치킨 먹을 곳,음식점 중 '치킨'을 판매·제공하는 매장,train,치킨,T4 구어·문장,0007af17-f23e-49b9-b7c1-5a9968727cfd,오늘닭강정,닭강정,목원대 골목형상점가,골목형상점가,대전광역시,,,
d257d7fe7d937e87b63a,full_annotation_v1,A,q_치킨_06,치킨 먹을 곳,음식점 중 '치킨'을 판매·제공하는 매장,train,치킨,T4 구어·문장,377a7e39-bf6e-43eb-817b-47369ca61e45,치킨 홀릭,치킨,동오마을골목형상점가,골목형상점가,경기도,,,
feb70502791203002044,full_annotation_v1,A,q_치킨_06,치킨 먹을 곳,음식점 중 '치킨'을 판매·제공하는 매장,train,치킨,T4 구어·문장,7fde034b-96e4-455a-83e2-7b5692b96a17,먹을터,한식,화성행궁골목형상점가,골목형상점가,경기도,,,
fb1a7fa09b8050c85126,full_annotation_v1,A,q_치킨_06,치킨 먹을 곳,음식점 중 '치킨'을 판매·제공하는 매장,train,치킨,T4 구어·문장,000bc123-8986-4a63-bd89-6076138ae351,왕장상회,치킨,자양전통시장,전통시장,서울특별시,,,
13068b0d87189115da34,full_annotation_v1,A,q_치킨_06,치킨 먹을 곳,음식점 중 '치킨'을 판매·제공하는 매장,train,치킨,T4 구어·문장,6d0b67c2-5e6b-4b3e-83ab-7a5b7560fa6a,바람난 치킨,치킨,농성세대공감상인회 골목형상점가,골목형상점가,광주광역시,,,
dddf6be55c7bba457588,full_annotation_v1,A,q_치킨_07,치킨 먹을 데,음식점 중 '치킨'을 판매·제공하는 매장,train,치킨,T4 구어·문장,2255e5cc-9d10-46e2-8b34-2f2a6bf7a975,옛날통닭,치킨,초지항아리 골목형상점가,골목형상점가,경기도,,,
f2a6093471f109bc0f05,full_annotation_v1,A,q_치킨_07,치킨 먹을 데,음식점 중 '치킨'을 판매·제공하는 매장,train,치킨,T4 구어·문장,ae202574-67e5-4c8a-98fc-e54fe8f8715e,비에이치씨 치킨 홍은점,치킨,포방터시장,전통시장,서울특별시,,,
d6f6dde4f8f91c65f39b,full_annotation_v1,A,q_치킨_07,치킨 먹을 데,음식점 중 '치킨'을 판매·제공하는 매장,train,치킨,T4 구어·문장,bc3d77ee-50ec-48bb-b690-489519606487,고요심리상담센터,심리상담,담양중앙2번가 골목형상점가,골목형상점가,전라남도,,,
ca77fdc4e2f4c495c2bd,full_annotation_v1,A,q_치킨_07,치킨 먹을 데,음식점 중 '치킨'을 판매·제공하는 매장,train,치킨,T4 구어·문장,9da6138a-5f10-4782-a41f-27a0a2b14314,옛날통닭,치킨,항동 골목형상점가,골목형상점가,서울특별시,,,
011c180866c2436192b0,full_annotation_v1,A,q_치킨_07,치킨 먹을 데,음식점 중 '치킨'을 판매·제공하는 매장,train,치킨,T4 구어·문장,c16367a7-a513-412b-999d-e9956a10acb6,60계치킨세종아름점,치킨,아름동상점가,자율상권구역,세종특별자치시,,,
4389a21e9af0c59468b7,full_annotation_v1,A,q_치킨_07,치킨 먹을 데,음식점 중 '치킨'을 판매·제공하는 매장,train,치킨,T4 구어·문장,4c304d9d-54c5-47a3-b0b0-ac1cd646c460,DK치킨,치킨,마산 월영대시장,전통시장,경상남도,,,
77892f232370576edc2d,full_annotation_v1,A,q_치킨_07,치킨 먹을 데,음식점 중 '치킨'을 판매·제공하는 매장,train,치킨,T4 구어·문장,0007af17-f23e-49b9-b7c1-5a9968727cfd,오늘닭강정,닭강정,목원대 골목형상점가,골목형상점가,대전광역시,,,
5520017d6ca640f81978,full_annotation_v1,A,q_치킨_07,치킨 먹을 데,음식점 중 '치킨'을 판매·제공하는 매장,train,치킨,T4 구어·문장,01e3bdc3-fa69-409b-9f56-9ab1b44ede16,바우닭강정,닭강정,자양전통시장,전통시장,서울특별시,,,
7b0b3dab5794df9ee17c,full_annotation_v1,A,q_치킨_07,치킨 먹을 데,음식점 중 '치킨'을 판매·제공하는 매장,train,치킨,T4 구어·문장,030a5e64-7697-4952-b49b-a7d7f5591a5e,노연닭집,생닭,안계정기시장,전통시장,경상북도,,,
c27c8acefe5c39ae3e89,full_annotation_v1,A,q_치킨_07,치킨 먹을 데,음식점 중 '치킨'을 판매·제공하는 매장,train,치킨,T4 구어·문장,00265ad2-bd74-4057-b201-f6a798a8a4c9,칠분통닭오치점,치킨,오치2동 골목형상점가,골목형상점가,광주광역시,,,
9cf8cf3552bbd48f579f,full_annotation_v1,A,q_치킨_07,치킨 먹을 데,음식점 중 '치킨'을 판매·제공하는 매장,train,치킨,T4 구어·문장,969104bf-0b08-40f1-9625-593a4ff978d8,07치킨,치킨,경산공설시장,전통시장,경상북도,,,
ea31c8d20b63f981371c,full_annotation_v1,A,q_치킨_07,치킨 먹을 데,음식점 중 '치킨'을 판매·제공하는 매장,train,치킨,T4 구어·문장,4c46a9ab-93b8-4cc1-a4f0-71c01cac8b14,옛날통닭,치킨,매곡광장 골목형상점가,골목형상점가,울산광역시,,,
6e8ce50667dd3efec55d,full_annotation_v1,A,q_치킨_07,치킨 먹을 데,음식점 중 '치킨'을 판매·제공하는 매장,train,치킨,T4 구어·문장,eae27f47-79b1-4dc9-b4b8-1c7d3b6bafb9,페리카나 치킨,치킨,신평시장,전통시장,충청남도,,,
1438341b5eb7c44b0d7d,full_annotation_v1,A,q_치킨_07,치킨 먹을 데,음식점 중 '치킨'을 판매·제공하는 매장,train,치킨,T4 구어·문장,1b8e84cb-06c5-434d-ba7c-da317c1c63ea,교촌치킨,치킨,운암 행복 나눔 골목형상점가,골목형상점가,광주광역시,,,
a95bf1a8164fd117b681,full_annotation_v1,A,q_치킨_07,치킨 먹을 데,음식점 중 '치킨'을 판매·제공하는 매장,train,치킨,T4 구어·문장,dc08aa2a-78f9-464c-ac81-31cb18c66866,큐신포치킨,치킨,평택통복시장,전통시장,경기도,,,
bacc726beed7dce141d4,full_annotation_v1,A,q_치킨_07,치킨 먹을 데,음식점 중 '치킨'을 판매·제공하는 매장,train,치킨,T4 구어·문장,d33ea88b-7078-40f3-82b7-3a428e33d1a3,범가네가마솥닭강정&치킨,"순대, 치킨",비단길현대시장,전통시장,서울특별시,,,
03c694cc878886bb607e,full_annotation_v1,A,q_치킨_07,치킨 먹을 데,음식점 중 '치킨'을 판매·제공하는 매장,train,치킨,T4 구어·문장,c293f8a4-dfe2-46b5-80b4-ce82fb6d2bf7,봉위치킨,치킨,오월첫동네 골목형상점가,골목형상점가,광주광역시,,,
5f98d4ddce50f66af51f,full_annotation_v1,A,q_치킨_07,치킨 먹을 데,음식점 중 '치킨'을 판매·제공하는 매장,train,치킨,T4 구어·문장,0325afb0-ec4b-4b3e-b0f1-1aa87097e667,수완닭발통닭,"닭발, 통닭",수완나들목 골목형상점가,골목형상점가,광주광역시,,,
ecc7ccda2f3b7ce5d6a7,full_annotation_v1,A,q_치킨_07,치킨 먹을 데,음식점 중 '치킨'을 판매·제공하는 매장,train,치킨,T4 구어·문장,00027601-43e6-4d9a-a358-150cc014fe4c,닭장수후라이드,치킨,한솔동 5~6단지상점가,자율상권구역,세종특별자치시,,,
2e80e233cbd42a439eef,full_annotation_v1,A,q_치킨_07,치킨 먹을 데,음식점 중 '치킨'을 판매·제공하는 매장,train,치킨,T4 구어·문장,290a5e54-6c6c-4b8e-952d-c2fcaa3759ff,교촌치킨,치킨,둔산3동상점가,자율상권구역,대전광역시,,,
e69edfcf76a44c2ae606,full_annotation_v1,A,q_치킨_07,치킨 먹을 데,음식점 중 '치킨'을 판매·제공하는 매장,train,치킨,T4 구어·문장,23f7f2c4-ace5-47cf-85ca-8b4bbe042198,안암아줌마 치킨 고대점,치킨,고대 골목형상점가,골목형상점가,서울특별시,,,
aa82f2430b4323e0a5cc,full_annotation_v1,A,q_치킨_07,치킨 먹을 데,음식점 중 '치킨'을 판매·제공하는 매장,train,치킨,T4 구어·문장,d3e81bba-327d-4b49-9604-4021951d0e1c,광계토치킨,치킨,장안문거북시장,전통시장,경기도,,,
9c5e5efb14d2e02f604f,full_annotation_v1,A,q_치킨_07,치킨 먹을 데,음식점 중 '치킨'을 판매·제공하는 매장,train,치킨,T4 구어·문장,0ebf0d5e-d35a-4d8d-96ea-93b1ce37655d,옛날통닭,치킨,동울산시장 상점가,자율상권구역,울산광역시,,,
7a90d8201a568ef392ab,full_annotation_v1,A,q_치킨_07,치킨 먹을 데,음식점 중 '치킨'을 판매·제공하는 매장,train,치킨,T4 구어·문장,1bd20715-fe51-4e3d-87ee-9f66641f560e,마녀치킨,치킨,하남 골목형상점가,골목형상점가,광주광역시,,,
464c2d2e8369107fceea,full_annotation_v1,A,q_치킨_07,치킨 먹을 데,음식점 중 '치킨'을 판매·제공하는 매장,train,치킨,T4 구어·문장,951d3e25-4345-4ab6-aea2-a3ff0f82c82e,현선옷방,의류,광장전통시장,자율상권구역,서울특별시,,,
f7761799f5904ab1858e,full_annotation_v1,A,q_치킨_07,치킨 먹을 데,음식점 중 '치킨'을 판매·제공하는 매장,train,치킨,T4 구어·문장,dc7f7338-1d5b-4d2b-92e8-092734d8dafb,60계 치킨,치킨,엄사 골목형상점가,골목형상점가,충청남도,,,
18d8572b04b567843842,full_annotation_v1,A,q_치킨_07,치킨 먹을 데,음식점 중 '치킨'을 판매·제공하는 매장,train,치킨,T4 구어·문장,95cc23cc-9e8e-4e17-9d12-018847c56feb,교촌치킨,치킨,원통시장,전통시장,강원특별자치도,,,
1e56d2c5f4dd631f22a7,full_annotation_v1,A,q_치킨_07,치킨 먹을 데,음식점 중 '치킨'을 판매·제공하는 매장,train,치킨,T4 구어·문장,30981d90-fe73-4db3-bd31-e33225fb138b,교촌치킨,치킨,나주 대호동 골목형상점가,골목형상점가,전라남도,,,
20f0a7e174fce9751ab5,full_annotation_v1,A,q_치킨_07,치킨 먹을 데,음식점 중 '치킨'을 판매·제공하는 매장,train,치킨,T4 구어·문장,56bd464f-f59d-4895-b953-9fad9f9e1ea9,우리집닭강정.치킨 아산둔포점,치킨,이지더원 골목형 상점가,골목형상점가,충청남도,,,
634ebd84b53db3a6bfb0,full_annotation_v1,A,q_치킨_07,치킨 먹을 데,음식점 중 '치킨'을 판매·제공하는 매장,train,치킨,T4 구어·문장,805a8a93-efdd-4a2f-9049-e533f03d2d2c,닭섬,치킨,궁동 골목형상점가,골목형상점가,대전광역시,,,
fa154fd6beccde0fb523,full_annotation_v1,A,q_치킨_07,치킨 먹을 데,음식점 중 '치킨'을 판매·제공하는 매장,train,치킨,T4 구어·문장,041ac6a6-e107-47e9-801c-e46102f240c2,엄송치킨,치킨,양산길 골목형상점가,골목형상점가,광주광역시,,,
682fa50f74adfcb8067f,full_annotation_v1,A,q_치킨_07,치킨 먹을 데,음식점 중 '치킨'을 판매·제공하는 매장,train,치킨,T4 구어·문장,ed589f4c-a8c7-4418-9f34-0d7f534224fa,형제치킨,치킨,경산중앙로상점가,자율상권구역,경상북도,,,
85cbd46f52769276f4cd,full_annotation_v1,A,q_치킨_07,치킨 먹을 데,음식점 중 '치킨'을 판매·제공하는 매장,train,치킨,T4 구어·문장,d0cdbb3d-2077-4793-8ced-7a3fad3e9ca4,노랑통닭,치킨,창원 가음시장대상가,전통시장,경상남도,,,
4ac8d0c9443f2f0d03b0,full_annotation_v1,A,q_치킨_07,치킨 먹을 데,음식점 중 '치킨'을 판매·제공하는 매장,train,치킨,T4 구어·문장,e3a231ef-25b7-4463-b045-c48aabc93982,옛날통닭,치킨,수비벡스코 골목형상점가,골목형상점가,부산광역시,,,
c52b76f8669067f1cbfb,full_annotation_v1,A,q_치킨_07,치킨 먹을 데,음식점 중 '치킨'을 판매·제공하는 매장,train,치킨,T4 구어·문장,aa5eda8d-f944-40c3-910f-970e71acb913,반했닭,치킨,방학동도깨비시장,전통시장,서울특별시,,,
4f041fa327a0e72f096e,full_annotation_v1,A,q_치킨_07,치킨 먹을 데,음식점 중 '치킨'을 판매·제공하는 매장,train,치킨,T4 구어·문장,efe2d29e-9116-482e-bf1a-40ad9cf7c69f,극찬치킨,치킨,운암 금호 골목형상점가,골목형상점가,광주광역시,,,
c637e631405204c6b992,full_annotation_v1,A,q_치킨_07,치킨 먹을 데,음식점 중 '치킨'을 판매·제공하는 매장,train,치킨,T4 구어·문장,061efff9-8154-4592-bbba-bfcf5d44cb60,노랑통닭,치킨,효실천거리 골목형상점가,골목형상점가,인천광역시,,,
58a7ec7de47ea1e5be44,full_annotation_v1,A,q_치킨_07,치킨 먹을 데,음식점 중 '치킨'을 판매·제공하는 매장,train,치킨,T4 구어·문장,a1cc6d13-19b4-405c-8d24-7ece5cc6de4f,굿모닝마트/굿모닝 시골통닭,슈퍼마켓,담양중앙2번가 골목형상점가,골목형상점가,전라남도,,,
ffd65d0bfa8b05d95075,full_annotation_v1,A,q_치킨_07,치킨 먹을 데,음식점 중 '치킨'을 판매·제공하는 매장,train,치킨,T4 구어·문장,6d0b67c2-5e6b-4b3e-83ab-7a5b7560fa6a,바람난 치킨,치킨,농성세대공감상인회 골목형상점가,골목형상점가,광주광역시,,,
19ea01a2f1cbcca99087,full_annotation_v1,A,q_치킨_07,치킨 먹을 데,음식점 중 '치킨'을 판매·제공하는 매장,train,치킨,T4 구어·문장,000d4d47-3a3f-4a73-9fce-cd3802a5ebb3,은여우두마리치킨,치킨,봉곡우전로 골목형상점가,골목형상점가,전북특별자치도,,,
2c0d9806a9c16647361c,full_annotation_v1,A,q_치킨_07,치킨 먹을 데,음식점 중 '치킨'을 판매·제공하는 매장,train,치킨,T4 구어·문장,5ebfd47e-275b-4346-a459-b97004f40bba,가마솥옛강정2호점,치킨,동쪽바다중앙시장(구 동해중앙시장),전통시장,강원특별자치도,,,
fb9f1384c3eca272ec98,full_annotation_v1,A,q_치킨_07,치킨 먹을 데,음식점 중 '치킨'을 판매·제공하는 매장,train,치킨,T4 구어·문장,358a0c52-8773-46f0-8790-2e222f73df5a,비에이치씨 치킨 성남중앙동점,치킨,산성로 상권활성화구역,상권활성화구역,경기도,,,
364031b90985a0619772,full_annotation_v1,A,q_치킨_07,치킨 먹을 데,음식점 중 '치킨'을 판매·제공하는 매장,train,치킨,T4 구어·문장,5268f5b1-322a-450b-ac70-38239b08c153,붐치킨,치킨,개롱골장군거리 골목형상점가,골목형상점가,서울특별시,,,
c8a784f19b1581ef5929,full_annotation_v1,A,q_치킨_07,치킨 먹을 데,음식점 중 '치킨'을 판매·제공하는 매장,train,치킨,T4 구어·문장,a2185d69-3bee-4ea9-93f6-2971fa115128,멕시카나 치킨,치킨,무주반딧불상권활성화구역,상권활성화구역,전북특별자치도,,,
56879ec197065ce35d01,full_annotation_v1,A,q_치킨_07,치킨 먹을 데,음식점 중 '치킨'을 판매·제공하는 매장,train,치킨,T4 구어·문장,282b0e8b-051c-49f9-a707-b982df803589,까라벨라 데 오르,스파게티,동명동 카페거리 골목형상점가,골목형상점가,광주광역시,,,
e88c9c7c91a2ef51d093,full_annotation_v1,A,q_치킨_07,치킨 먹을 데,음식점 중 '치킨'을 판매·제공하는 매장,train,치킨,T4 구어·문장,6d550265-2815-4804-802f-3a54aa7fe3b0,헤어숍,미용실,문창시장,전통시장,대전광역시,,,
a234a0ec990bb726a703,full_annotation_v1,A,q_치킨_07,치킨 먹을 데,음식점 중 '치킨'을 판매·제공하는 매장,train,치킨,T4 구어·문장,f7726d31-702f-44c2-9c13-2c8a36525966,훈희치킨,치킨,원종고강제일시장(부천제일시장),전통시장,경기도,,,
735f63b9fc4266b4f4d7,full_annotation_v1,A,q_치킨_07,치킨 먹을 데,음식점 중 '치킨'을 판매·제공하는 매장,train,치킨,T4 구어·문장,844aa25a-9ef9-4a3e-be7e-8aed036d9340,소테굽닭,치킨,봉선먹자골목 골목형상점가,골목형상점가,광주광역시,,,
cde8785418ba76f342cb,full_annotation_v1,A,q_치킨_07,치킨 먹을 데,음식점 중 '치킨'을 판매·제공하는 매장,train,치킨,T4 구어·문장,aba76fc2-984e-4030-ba01-e2e7d78264c7,데 아로즈 대전둔산본점,,갈리단길 골목형상점가,골목형상점가,대전광역시,,,
329d7ba26d82e5369891,full_annotation_v1,A,q_치킨_07,치킨 먹을 데,음식점 중 '치킨'을 판매·제공하는 매장,train,치킨,T4 구어·문장,00446094-b7f5-42de-acfa-7e4cba20d7ad,투게더피치우산점,피자 치킨,으뜸골목형상점가,골목형상점가,강원특별자치도,,,
3f2c25d85c7ecb58932c,full_annotation_v1,A,q_치킨_07,치킨 먹을 데,음식점 중 '치킨'을 판매·제공하는 매장,train,치킨,T4 구어·문장,8ff31f7d-c142-428d-b79a-2dda4c4598a1,치킨더갈릭,치킨,염주상인회 골목형상점가,골목형상점가,광주광역시,,,
6b33d4ba8200f25c5247,full_annotation_v1,A,q_치킨_07,치킨 먹을 데,음식점 중 '치킨'을 판매·제공하는 매장,train,치킨,T4 구어·문장,0038f694-919c-4289-8bc1-a5e6549274e1,달인닭강정,닭강정,서귀포매일올레시장,전통시장,제주특별자치도,,,
b0b4fc1e7c7b26c005d0,full_annotation_v1,A,q_치킨_07,치킨 먹을 데,음식점 중 '치킨'을 판매·제공하는 매장,train,치킨,T4 구어·문장,03770687-c528-4ce4-881e-eefbc9ec2a96,비비큐(BBQ)치킨,치킨,천상천 골목형상점가,골목형상점가,울산광역시,,,
00cafcdfd781815eb531,full_annotation_v1,A,q_치킨_07,치킨 먹을 데,음식점 중 '치킨'을 판매·제공하는 매장,train,치킨,T4 구어·문장,97b2c981-da5c-4a83-b2e6-1d7b7bfab176,일곡치킨,치킨,"일곡동(제4지역:쌍용,호반,청솔2,호반일신,청솔1)",골목형상점가,광주광역시,,,
2ec018e43be946d3c04c,full_annotation_v1,A,q_치킨_07,치킨 먹을 데,음식점 중 '치킨'을 판매·제공하는 매장,train,치킨,T4 구어·문장,7fde034b-96e4-455a-83e2-7b5692b96a17,먹을터,한식,화성행궁골목형상점가,골목형상점가,경기도,,,
2fae746023df6b7cdc8e,full_annotation_v1,A,q_치킨_07,치킨 먹을 데,음식점 중 '치킨'을 판매·제공하는 매장,train,치킨,T4 구어·문장,0206583a-8207-4455-8670-857a27332498,유미통닭,,청주대중앙로골목형상점가,골목형상점가,충청북도,,,
dc85a45ff3f48e566fd2,full_annotation_v1,A,q_치킨_07,치킨 먹을 데,음식점 중 '치킨'을 판매·제공하는 매장,train,치킨,T4 구어·문장,847b980d-a51f-4c2b-98ae-e10fccc26f1d,다코기,치킨,구일로 골목형상점가,골목형상점가,서울특별시,,,
3d1bd0e532fd624861a4,full_annotation_v1,A,q_치킨_07,치킨 먹을 데,음식점 중 '치킨'을 판매·제공하는 매장,train,치킨,T4 구어·문장,607d7bb0-2ca3-4ea6-8bf0-959e9713ea00,정가네 맛집,한식,명지대앞골목형상점가,골목형상점가,서울특별시,,,
64545afd030c1d6463da,full_annotation_v1,A,q_치킨_07,치킨 먹을 데,음식점 중 '치킨'을 판매·제공하는 매장,train,치킨,T4 구어·문장,b9fb2036-7c4d-4e53-b767-eb633e00543b,주연사,의류,삼익패션타운,전통시장,서울특별시,,,
e827f9913038e36fff26,full_annotation_v1,A,q_치킨_07,치킨 먹을 데,음식점 중 '치킨'을 판매·제공하는 매장,train,치킨,T4 구어·문장,70575daf-2858-4f22-8029-4a2a0762d17a,교촌치킨전남대점,치킨,전남대후문골목형상점가,골목형상점가,광주광역시,,,
8962193169a94e817776,full_annotation_v1,A,q_치킨_07,치킨 먹을 데,음식점 중 '치킨'을 판매·제공하는 매장,train,치킨,T4 구어·문장,47b2eb4b-b451-495d-9152-cada4ee44815,멕시카나 치킨 어진점,치킨,가름로 골목형상점가,골목형상점가,세종특별자치시,,,
d75276be8555a22afe6a,full_annotation_v1,A,q_치킨_07,치킨 먹을 데,음식점 중 '치킨'을 판매·제공하는 매장,train,치킨,T4 구어·문장,bd971626-62a4-458e-9e5b-1b7778dd6893,옛날통닭,치킨,신곡시장 골목형상점가,골목형상점가,서울특별시,,,
487f1a21faf6372b53ac,full_annotation_v1,A,q_치킨_07,치킨 먹을 데,음식점 중 '치킨'을 판매·제공하는 매장,train,치킨,T4 구어·문장,000bc123-8986-4a63-bd89-6076138ae351,왕장상회,치킨,자양전통시장,전통시장,서울특별시,,,
7c7e731f3d7cddf60fb5,full_annotation_v1,A,q_치킨_07,치킨 먹을 데,음식점 중 '치킨'을 판매·제공하는 매장,train,치킨,T4 구어·문장,b4729bb0-f7be-45e5-9609-2ce2b6ac39b1,정원치킨,치킨,무등로 신안 골목형상점가,골목형상점가,광주광역시,,,
1c7680bf1e22ff5f3285,full_annotation_v1,A,q_치킨_07,치킨 먹을 데,음식점 중 '치킨'을 판매·제공하는 매장,train,치킨,T4 구어·문장,adf10e9f-78c4-4341-89eb-eabf3d34ea53,통딹,치킨,방어진항 골목형상점가,골목형상점가,울산광역시,,,
6deb6188e903085a8c0e,full_annotation_v1,A,q_치킨_07,치킨 먹을 데,음식점 중 '치킨'을 판매·제공하는 매장,train,치킨,T4 구어·문장,71becd22-9c79-46c1-81f5-85e10933ee88,닭앤썸,치킨,월산상가 골목형 상점가,골목형상점가,충청남도,,,
a34bf768fe4ccdd5bb8c,full_annotation_v1,A,q_치킨_07,치킨 먹을 데,음식점 중 '치킨'을 판매·제공하는 매장,train,치킨,T4 구어·문장,697c37e9-730c-47f5-b1e5-4cb882e7f4f1,닭스,치킨,만년동 골목형상점가,골목형상점가,대전광역시,,,
528c756b5a5a78712e9d,full_annotation_v1,A,q_치킨_07,치킨 먹을 데,음식점 중 '치킨'을 판매·제공하는 매장,train,치킨,T4 구어·문장,78ad8f03-bb9f-45a6-8ad5-701381d95124,옛날통닭,치킨,마산 구암현대시장,전통시장,경상남도,,,
6d95190c1973f61fb046,full_annotation_v1,A,q_치킨_07,치킨 먹을 데,음식점 중 '치킨'을 판매·제공하는 매장,train,치킨,T4 구어·문장,43f3f580-185a-4504-9587-7221ef20b9cc,치킨가,치킨,보라빛거리골목형상점가,골목형상점가,서울특별시,,,
52b34bb0e1b7f586fc76,full_annotation_v1,A,q_치킨_07,치킨 먹을 데,음식점 중 '치킨'을 판매·제공하는 매장,train,치킨,T4 구어·문장,99b7e75e-7f1f-4699-8a4d-0f4ea525fbac,비에이치씨(BHC)치킨&,치킨,화천재래시장,전통시장,강원특별자치도,,,
6ca64878c33be4cc7f7d,full_annotation_v1,A,q_치킨_07,치킨 먹을 데,음식점 중 '치킨'을 판매·제공하는 매장,train,치킨,T4 구어·문장,751b598e-b0d9-498c-b528-fda82557c356,교촌치킨,치킨,풍암벚꽃길상인회 골목형상점가,골목형상점가,광주광역시,,,
6934fa09c336e2ccc091,full_annotation_v1,A,q_치킨_07,치킨 먹을 데,음식점 중 '치킨'을 판매·제공하는 매장,train,치킨,T4 구어·문장,04281236-3406-42c7-bac5-94bce898079b,경북닭집,생닭,포항죽도시장,전통시장,경상북도,,,
6388b5d7b4e0e268e682,full_annotation_v1,A,q_치킨_07,치킨 먹을 데,음식점 중 '치킨'을 판매·제공하는 매장,train,치킨,T4 구어·문장,a40cdcb8-c7a7-43b4-8486-e303d2595eba,오복프레시,농산물,오정동상점가,자율상권구역,대전광역시,,,
6fc57a4040190a8763b6,full_annotation_v1,A,q_치킨_07,치킨 먹을 데,음식점 중 '치킨'을 판매·제공하는 매장,train,치킨,T4 구어·문장,1094e7cb-d9b7-4e7a-851f-2907df1ebfce,치킨 마루 덕정점,치킨,주공단지상점가,골목형상점가,경기도,,,
927b3a96a0ba0f1a75b6,full_annotation_v1,A,q_치킨_07,치킨 먹을 데,음식점 중 '치킨'을 판매·제공하는 매장,train,치킨,T4 구어·문장,02a27b16-27f8-4934-967b-09afebc0294d,돌아온옛날통닭,통닭,못골골목시장,전통시장,부산광역시,,,
f6ff499f611fc32a03f1,full_annotation_v1,A,q_치킨_07,치킨 먹을 데,음식점 중 '치킨'을 판매·제공하는 매장,train,치킨,T4 구어·문장,2a0ffb65-1f87-4584-a39d-cf7959e32f59,샤론꽃농원,생화,화정동 서부시장,전통시장,광주광역시,,,
0a82c2be82d74c4513d9,full_annotation_v1,A,q_치킨_07,치킨 먹을 데,음식점 중 '치킨'을 판매·제공하는 매장,train,치킨,T4 구어·문장,a8fa7f79-cbef-4cfa-afe3-0fa20520e37f,우리옛날통닭,치킨,오류버들시장골목형상점가,골목형상점가,서울특별시,,,
2a05b149825e874f2d3a,full_annotation_v1,A,q_치킨_07,치킨 먹을 데,음식점 중 '치킨'을 판매·제공하는 매장,train,치킨,T4 구어·문장,00769411-1bf8-408d-b40a-a14be4c6dde9,마산통닭,,양산 남부시장,전통시장,경상남도,,,
67cc449a5ab407cb465b,full_annotation_v1,A,q_치킨_07,치킨 먹을 데,음식점 중 '치킨'을 판매·제공하는 매장,train,치킨,T4 구어·문장,864501d6-0b4b-4853-b73a-4eed42ef1ca3,닭만보치킨,치킨,양평물맑은시장,전통시장,경기도,,,
4c99fbd009c95a2bb901,full_annotation_v1,A,q_치킨_07,치킨 먹을 데,음식점 중 '치킨'을 판매·제공하는 매장,train,치킨,T4 구어·문장,dcdbee18-964c-4de6-9227-a4562b750d9c,서만통닭,치킨,상주중앙시장,전통시장,경상북도,,,
f706cc7b3c9e85a70606,full_annotation_v1,A,q_치킨_07,치킨 먹을 데,음식점 중 '치킨'을 판매·제공하는 매장,train,치킨,T4 구어·문장,63fcce35-46f5-4b73-9754-ff42fb663e14,경아두마리치킨청천점,치킨,청천시장(구 청천전통시장),전통시장,충청북도,,,
e47ec318e1d01b7899f7,full_annotation_v1,A,q_치킨_07,치킨 먹을 데,음식점 중 '치킨'을 판매·제공하는 매장,train,치킨,T4 구어·문장,bdd0e5d6-cd9c-4797-b97a-4f19578f2611,라피노 치킨,치킨,송정역카페거리골목형상점가,골목형상점가,서울특별시,,,
c858f6fdda94cba9d07a,full_annotation_v1,A,q_치킨_07,치킨 먹을 데,음식점 중 '치킨'을 판매·제공하는 매장,train,치킨,T4 구어·문장,151ba4a3-2c21-4768-bb75-ed0e8d74104f,치퀸,치킨,인헌시장,전통시장,서울특별시,,,
445e7493c9f0aabe653a,full_annotation_v1,A,q_치킨_07,치킨 먹을 데,음식점 중 '치킨'을 판매·제공하는 매장,train,치킨,T4 구어·문장,dfcc1036-5661-448c-bdc1-2854eb01648a,bhc 치킨,치킨 전문점,댕리단길 골목형상점가,골목형상점가,경기도,,,
1b88f26aefecded87ea0,full_annotation_v1,A,q_치킨_07,치킨 먹을 데,음식점 중 '치킨'을 판매·제공하는 매장,train,치킨,T4 구어·문장,7dd988f4-1f18-4615-966c-c8c2341979e3,투윙 치킨,치킨,서동전통골목시장,전통시장,부산광역시,,,
b1ed3013f40dfb98c337,full_annotation_v1,A,q_치킨_07,치킨 먹을 데,음식점 중 '치킨'을 판매·제공하는 매장,train,치킨,T4 구어·문장,74f3d2f5-3680-454f-8995-c7bea35b6c4b,멕시카나 치킨 다사점,치킨,매곡 골목형상점가,골목형상점가,대구광역시,,,
917d625035c841f7fcf9,full_annotation_v1,A,q_치킨_07,치킨 먹을 데,음식점 중 '치킨'을 판매·제공하는 매장,train,치킨,T4 구어·문장,35f08c80-b881-4369-8491-412309c6068e,홈웰빙치킨,치킨,신월중앙시장,전통시장,서울특별시,,,
2f8816db2fda81d65867,full_annotation_v1,A,q_치킨_07,치킨 먹을 데,음식점 중 '치킨'을 판매·제공하는 매장,train,치킨,T4 구어·문장,565ee53b-8cba-4471-ac48-b3f5bfb17b79,비비큐치킨,치킨,운암북문대로 골목형상점가,골목형상점가,광주광역시,,,
b895dae7dbe42f00801d,full_annotation_v1,A,q_치킨_07,치킨 먹을 데,음식점 중 '치킨'을 판매·제공하는 매장,train,치킨,T4 구어·문장,49d6fd44-956a-4a09-ae79-af9f82bf0218,인텔죤치킨,치킨,강변상점가,자율상권구역,경기도,,,
2a493d430fb861ba3875,full_annotation_v1,A,q_치킨_07,치킨 먹을 데,음식점 중 '치킨'을 판매·제공하는 매장,train,치킨,T4 구어·문장,004764d4-5ad9-4f22-81bb-48eac27e9e4b,60계치킨 야탑점,치킨,야탑 골목형상점가,골목형상점가,경기도,,,
3c855f99558e06306cb7,full_annotation_v1,A,q_치킨_07,치킨 먹을 데,음식점 중 '치킨'을 판매·제공하는 매장,train,치킨,T4 구어·문장,ce50e07f-fb78-471f-b0ab-3239a4e43176,진성축산,육류,명지대앞골목형상점가,골목형상점가,서울특별시,,,
ea6ee234694332781124,full_annotation_v1,A,q_치킨_07,치킨 먹을 데,음식점 중 '치킨'을 판매·제공하는 매장,train,치킨,T4 구어·문장,8ea2959a-ec89-4299-b5ee-fc663b864161,옛날통닭,치킨,세종전통시장,전통시장,세종특별자치시,,,
133261c0b1e4e8849b2c,full_annotation_v1,A,q_치킨_07,치킨 먹을 데,음식점 중 '치킨'을 판매·제공하는 매장,train,치킨,T4 구어·문장,f53c131c-802b-40c1-990b-ebc74b902800,엄송치킨,치킨,광복마을3-4길 골목형상점가,골목형상점가,광주광역시,,,
451148117ed91a0177be,full_annotation_v1,A,q_치킨_07,치킨 먹을 데,음식점 중 '치킨'을 판매·제공하는 매장,train,치킨,T4 구어·문장,9ce1f108-6a44-44db-8368-7e6177116236,할루우치킨,치킨,성동용답상가시장,전통시장,서울특별시,,,
5084e1c05480d66a1d70,full_annotation_v1,A,q_치킨_07,치킨 먹을 데,음식점 중 '치킨'을 판매·제공하는 매장,train,치킨,T4 구어·문장,9b9bd7a6-1341-40f7-bd61-b13306bd36ce,옛날통닭,치킨,명덕마을 골목형상점가,골목형상점가,울산광역시,,,
91e2d6dfb9fb337bac06,full_annotation_v1,A,q_치킨_07,치킨 먹을 데,음식점 중 '치킨'을 판매·제공하는 매장,train,치킨,T4 구어·문장,f6fea3ea-97f6-4585-a3b5-a1f6db3b8782,광교치킨,치킨,연무 골목형상점가,골목형상점가,경기도,,,
d9faad9994b546a0bc21,full_annotation_v1,A,q_치킨_07,치킨 먹을 데,음식점 중 '치킨'을 판매·제공하는 매장,train,치킨,T4 구어·문장,e0f329a6-aaf6-4a0d-b78f-5e4a1f8d4236,메가엠지씨커피 수원연무시장점,,반딧불이연무시장,전통시장,경기도,,,
27c679e3e156fd99d6bf,full_annotation_v1,A,q_치킨_07,치킨 먹을 데,음식점 중 '치킨'을 판매·제공하는 매장,train,치킨,T4 구어·문장,b998c563-ffd9-4b86-8a32-89edffbd647c,교촌치킨,치킨,서대신1동골목시장,전통시장,부산광역시,,,
d376d3ca8345219e7189,full_annotation_v1,A,q_치킨_07,치킨 먹을 데,음식점 중 '치킨'을 판매·제공하는 매장,train,치킨,T4 구어·문장,736c9265-0b15-437b-b8d9-cc995fdb0394,엉클스치킨수유점,치킨,수유재래시장,전통시장,서울특별시,,,
f852875b15add24269c7,full_annotation_v1,A,q_치킨_07,치킨 먹을 데,음식점 중 '치킨'을 판매·제공하는 매장,train,치킨,T4 구어·문장,6ad0cc41-b01b-4e8d-9de5-bc348f34c54d,웰덤치킨,치킨,동문재래시장,전통시장,제주특별자치도,,,
9fc35feff759aa892b27,full_annotation_v1,A,q_치킨_07,치킨 먹을 데,음식점 중 '치킨'을 판매·제공하는 매장,train,치킨,T4 구어·문장,0367e5f3-1bf4-4d8a-bac6-655fcc2eda3f,큰집닭강정,닭강정,신도봉시장,전통시장,서울특별시,,,
36da1c47b648f9819f9d,full_annotation_v1,A,q_치킨_07,치킨 먹을 데,음식점 중 '치킨'을 판매·제공하는 매장,train,치킨,T4 구어·문장,9e31a821-0c6c-464e-8caa-9faa9e3431ef,페리카나치킨,치킨,조암시장,전통시장,경기도,,,
b80e064c6fcd84343fb7,full_annotation_v1,A,q_치킨_07,치킨 먹을 데,음식점 중 '치킨'을 판매·제공하는 매장,train,치킨,T4 구어·문장,ec0f2b50-4097-472c-b77c-ce3d03c6a3c2,옛날통닭,치킨,대연중앙골목시장 골목형상점가,골목형상점가,부산광역시,,,
9c6d61f3995d2462510e,full_annotation_v1,A,q_치킨_07,치킨 먹을 데,음식점 중 '치킨'을 판매·제공하는 매장,train,치킨,T4 구어·문장,8731faa3-4ed3-4927-b075-eca7b6fdf9b8,치킨은핑계,치킨,문흥2동 골목형상점가,골목형상점가,광주광역시,,,
29d23ed66b9e942c215b,full_annotation_v1,A,q_치킨_07,치킨 먹을 데,음식점 중 '치킨'을 판매·제공하는 매장,train,치킨,T4 구어·문장,723796f3-5be8-44d4-8c5b-0f7501b33c8f,치킨&마늘통닭,치킨,신전시장(염포시장),전통시장,울산광역시,,,
cb97993e8bbfbd512258,full_annotation_v1,A,q_치킨_07,치킨 먹을 데,음식점 중 '치킨'을 판매·제공하는 매장,train,치킨,T4 구어·문장,56f63aa0-186a-48a6-8c2d-e4510ccbfa87,옛날통닭,치킨,흑석시장골목형상점가,골목형상점가,서울특별시,,,
b51186601886d253dc56,full_annotation_v1,A,q_치킨_07,치킨 먹을 데,음식점 중 '치킨'을 판매·제공하는 매장,train,치킨,T4 구어·문장,97f2f4b4-abad-424d-a670-dada8effe1d1,바사삭후라이드,치킨,용두동미르길골목형상점가,골목형상점가,대전광역시,,,
f3c42d732d8edb7e991a,full_annotation_v1,A,q_치킨_07,치킨 먹을 데,음식점 중 '치킨'을 판매·제공하는 매장,train,치킨,T4 구어·문장,f7eb2238-af4b-4b20-a1f9-1434d580d912,비에이치씨(bhc) 치킨,치킨,조대장미의거리 상점가,자율상권구역,,,,
d01a5906fd68d61a7850,full_annotation_v1,A,q_치킨_07,치킨 먹을 데,음식점 중 '치킨'을 판매·제공하는 매장,train,치킨,T4 구어·문장,32813c4e-ed67-4dbb-97e5-21e273ae72eb,꼬생방,치킨,구리전통시장,전통시장,경기도,,,
d8584aa68753fc3dc555,full_annotation_v1,A,q_치킨_07,치킨 먹을 데,음식점 중 '치킨'을 판매·제공하는 매장,train,치킨,T4 구어·문장,cd1391c9-0bd0-4eb0-a3f5-6eedcd6bf9b3,치킨박사,치킨,새마을시장,전통시장,서울특별시,,,
8c147b1606ccf4293a01,full_annotation_v1,A,q_치킨_07,치킨 먹을 데,음식점 중 '치킨'을 판매·제공하는 매장,train,치킨,T4 구어·문장,24ee2f87-c8e1-42eb-8afd-5ae7157d5fa0,부리나 치킨,치킨,화개 상인회 골목형상점가,골목형상점가,광주광역시,,,
93fd81d5adfa5c017007,full_annotation_v1,A,q_치킨_07,치킨 먹을 데,음식점 중 '치킨'을 판매·제공하는 매장,train,치킨,T4 구어·문장,9fa72a03-3ce6-4365-b4a1-fcb8dac43933,백점치킨,치킨,두암2동광신맨션주변 골목형상점가,골목형상점가,광주광역시,,,
d51653cbd61fe2341c27,full_annotation_v1,A,q_치킨_07,치킨 먹을 데,음식점 중 '치킨'을 판매·제공하는 매장,train,치킨,T4 구어·문장,02d7cfad-7de8-42df-8158-838c41753592,큰엄마통닭,생닭,괴정골목시장,전통시장,부산광역시,,,
5db8db9004c5d2b0a56c,full_annotation_v1,A,q_치킨_07,치킨 먹을 데,음식점 중 '치킨'을 판매·제공하는 매장,train,치킨,T4 구어·문장,f14df4d3-9858-4a8b-8597-20fd477d8e32,갤러리 데 루치아,가구,용인어정가구단지상점가,자율상권구역,경기도,,,
b32d08a9f12ad7d9b555,full_annotation_v1,A,q_치킨_07,치킨 먹을 데,음식점 중 '치킨'을 판매·제공하는 매장,train,치킨,T4 구어·문장,40f709a8-c1cb-40e0-a080-4ebf606b9bf8,킨킨치킨,치킨,아주대 대학로 골목형상점가,골목형상점가,경기도,,,
c19d13539add128be75a,full_annotation_v1,A,q_치킨_07,치킨 먹을 데,음식점 중 '치킨'을 판매·제공하는 매장,train,치킨,T4 구어·문장,06d79882-5e98-4cba-9122-d5327e6b25a1,시장닭집,생닭,부안상설시장,전통시장,전북특별자치도,,,
98906d1523d22b82006a,full_annotation_v1,A,q_치킨_07,치킨 먹을 데,음식점 중 '치킨'을 판매·제공하는 매장,train,치킨,T4 구어·문장,4d9fa5b9-72a7-4ceb-914c-a31d3c13e4a6,토박이무쇠가마솥닭강정,치킨,가경터미널시장,전통시장,충청북도,,,
6d50159637342d01fd61,full_annotation_v1,A,q_치킨_07,치킨 먹을 데,음식점 중 '치킨'을 판매·제공하는 매장,train,치킨,T4 구어·문장,3777e89a-95d9-4942-8997-15eb2553e6fc,반햇닭,치킨,쌍리단길상점가,자율상권구역,서울특별시,,,
d54e4aea86a71ca89851,full_annotation_v1,A,q_치킨_07,치킨 먹을 데,음식점 중 '치킨'을 판매·제공하는 매장,train,치킨,T4 구어·문장,42207fa7-ea1e-47b0-81a5-2d6a1e6adac6,제주섬SUM분식,밀감류,서귀포매일올레시장,전통시장,제주특별자치도,,,
7843b75fc4a9fd4bb8d0,full_annotation_v1,A,q_치킨_07,치킨 먹을 데,음식점 중 '치킨'을 판매·제공하는 매장,train,치킨,T4 구어·문장,377a7e39-bf6e-43eb-817b-47369ca61e45,치킨 홀릭,치킨,동오마을골목형상점가,골목형상점가,경기도,,,
3db42ff8e6a439a80d72,full_annotation_v1,A,q_치킨_07,치킨 먹을 데,음식점 중 '치킨'을 판매·제공하는 매장,train,치킨,T4 구어·문장,da178971-1fbd-4187-a329-8c76e76592a7,롱다리 치킨,치킨,88글러브 골목형상점가,골목형상점가,대전광역시,,,
ec0dcdb13af3e0c64731,full_annotation_v1,A,q_치킨_07,치킨 먹을 데,음식점 중 '치킨'을 판매·제공하는 매장,train,치킨,T4 구어·문장,ca349dec-c3b8-4c55-927b-b58c5f0e4c1a,데코,잡화,고투몰(강남터미널지하도상점가),일반지하상점가,서울특별시,,,
b04dc18f94135048b6b9,full_annotation_v1,A,q_치킨_07,치킨 먹을 데,음식점 중 '치킨'을 판매·제공하는 매장,train,치킨,T4 구어·문장,70ecbe9f-9de0-4a8f-93b5-3281292f9417,살살(SALSAL)치킨,치킨,당진시신도심상점가,자율상권구역,충청남도,,,
28846dd593e995be48b6,full_annotation_v1,A,q_치킨_07,치킨 먹을 데,음식점 중 '치킨'을 판매·제공하는 매장,train,치킨,T4 구어·문장,ca50a233-5a00-4ea4-b213-c1600f83e2fa,유엔에이치스튜디오,"방향제, 캔들, 잡화",양림동 골목형상점가,골목형상점가,광주광역시,,,
f08abc1f555eb73457c6,full_annotation_v1,A,q_치킨_07,치킨 먹을 데,음식점 중 '치킨'을 판매·제공하는 매장,train,치킨,T4 구어·문장,9e4a8169-a93b-4692-a66c-ff2efd804483,굿쎈치킨,치킨,성서계대로데오거리 골목형상점가,골목형상점가,대구광역시,,,
31f5c0867411af30b8c7,full_annotation_v1,A,q_치킨_07,치킨 먹을 데,음식점 중 '치킨'을 판매·제공하는 매장,train,치킨,T4 구어·문장,c6355f86-4543-4144-a109-896c63fa243c,영자네,한식,영월중앙시장,자율상권구역,강원특별자치도,,,
c8c1655ab75c2c2adebb,full_annotation_v1,A,q_치킨_07,치킨 먹을 데,음식점 중 '치킨'을 판매·제공하는 매장,train,치킨,T4 구어·문장,98fe9f51-dc55-453c-b575-9012fb4f09eb,옛날통닭,치킨,적성전통시장,전통시장,경기도,,,
993698be8e76508852c8,full_annotation_v1,A,q_치킨_07,치킨 먹을 데,음식점 중 '치킨'을 판매·제공하는 매장,train,치킨,T4 구어·문장,ef97b881-55ea-458c-873f-23829be32bc3,지코바 치킨 랜드마크점,치킨,더테라스골목형상점가,골목형상점가,인천광역시,,,
cc6a57e521e6a12b61ee,full_annotation_v1,A,q_치킨_07,치킨 먹을 데,음식점 중 '치킨'을 판매·제공하는 매장,train,치킨,T4 구어·문장,f3db100e-fdef-4b6d-9723-ecc519e61223,옛날통닭,치킨,거창 전통시장,전통시장,경상남도,,,
1145cf80cbc06e49f295,full_annotation_v1,A,q_치킨_07,치킨 먹을 데,음식점 중 '치킨'을 판매·제공하는 매장,train,치킨,T4 구어·문장,32900f85-5b88-4a9a-b362-46ad57ae03b6,옛날통닭,치킨,초량 이음자율상권,,부산광역시,,,
3550919d4ca8cef9f9d4,full_annotation_v1,A,q_치킨_07,치킨 먹을 데,음식점 중 '치킨'을 판매·제공하는 매장,train,치킨,T4 구어·문장,cde800f4-2ecf-4e25-85c8-a073e9ece3f6,건풍e치킨,치킨,아차산등산로골목형상점가,골목형상점가,서울특별시,,,
71190120b3fc6725c2a7,full_annotation_v1,A,q_치킨_07,치킨 먹을 데,음식점 중 '치킨'을 판매·제공하는 매장,train,치킨,T4 구어·문장,efeebb46-4dd2-43cb-be61-e69cdbe801b8,옛날통닭,치킨,아현시장,전통시장,서울특별시,,,
6de539a487355e10664d,full_annotation_v1,A,q_치킨_07,치킨 먹을 데,음식점 중 '치킨'을 판매·제공하는 매장,train,치킨,T4 구어·문장,8129a251-68c6-4bc4-b32d-6b90fbb6151f,교촌치킨,치킨,오치 설죽로 골목형상점가,골목형상점가,광주광역시,,,
c594acc9f44817abab60,full_annotation_v1,A,q_치킨_07,치킨 먹을 데,음식점 중 '치킨'을 판매·제공하는 매장,train,치킨,T4 구어·문장,d9f416a0-c9e9-4337-b2f5-59aa52ec6609,윙윙치킨,치킨,포남용마거리골목형상점가,골목형상점가,강원특별자치도,,,
27e8d337c47972d013ec,full_annotation_v1,A,q_치킨_07,치킨 먹을 데,음식점 중 '치킨'을 판매·제공하는 매장,train,치킨,T4 구어·문장,efb6af05-efd8-4d0e-9ef1-8e53decb9d38,진주화랑표구,액자,과천제일쇼핑시장,전통시장,경기도,,,
4365a51aeaea3fb97b93,full_annotation_v1,A,q_치킨_07,치킨 먹을 데,음식점 중 '치킨'을 판매·제공하는 매장,train,치킨,T4 구어·문장,0380c6ac-31cb-4e31-88b2-b97dd2ddf91b,남원,통닭,청량리전통시장,전통시장,서울특별시,,,
f343f8d00f28baf616bb,full_annotation_v1,A,q_치킨_07,치킨 먹을 데,음식점 중 '치킨'을 판매·제공하는 매장,train,치킨,T4 구어·문장,01465138-3544-40c5-a4db-860c2bb8c959,군산수산물종합센터내)매점,매점,군산수산물종합센터,전통시장,전북특별자치도,,,
65d894d4ae6485860f30,full_annotation_v1,A,q_치킨_07,치킨 먹을 데,음식점 중 '치킨'을 판매·제공하는 매장,train,치킨,T4 구어·문장,4cacc225-5b09-4c12-98bf-8e5227ba3cfb,옛날통닭,치킨,광명전통시장,전통시장,경기도,,,
a16a622f7a7acca65727,full_annotation_v1,A,q_치킨_07,치킨 먹을 데,음식점 중 '치킨'을 판매·제공하는 매장,train,치킨,T4 구어·문장,02f9037a-c117-4db4-9d2b-9b78182978f4,반월닭강정치킨,,보령한내시장,전통시장,충청남도,,,
a8a71e07d7b7f3566a96,full_annotation_v1,A,q_치킨_08,치킨추천,음식점 중 '치킨'을 판매·제공하는 매장,train,치킨,T6 기계변형,030a5e64-7697-4952-b49b-a7d7f5591a5e,노연닭집,생닭,안계정기시장,전통시장,경상북도,,,
cd962830833e5eb6dadd,full_annotation_v1,A,q_치킨_08,치킨추천,음식점 중 '치킨'을 판매·제공하는 매장,train,치킨,T6 기계변형,9e4a8169-a93b-4692-a66c-ff2efd804483,굿쎈치킨,치킨,성서계대로데오거리 골목형상점가,골목형상점가,대구광역시,,,
9c069247ce61f79a983d,full_annotation_v1,A,q_치킨_08,치킨추천,음식점 중 '치킨'을 판매·제공하는 매장,train,치킨,T6 기계변형,151ba4a3-2c21-4768-bb75-ed0e8d74104f,치퀸,치킨,인헌시장,전통시장,서울특별시,,,
cb5e2b9380d2671f7b60,full_annotation_v1,A,q_치킨_08,치킨추천,음식점 중 '치킨'을 판매·제공하는 매장,train,치킨,T6 기계변형,00446094-b7f5-42de-acfa-7e4cba20d7ad,투게더피치우산점,피자 치킨,으뜸골목형상점가,골목형상점가,강원특별자치도,,,
bd047a92643aa0d205d9,full_annotation_v1,A,q_치킨_08,치킨추천,음식점 중 '치킨'을 판매·제공하는 매장,train,치킨,T6 기계변형,c08adf7a-ff17-4384-b728-8fda873045cd,치킨다이닝,치킨,518먹자골목상인회 골목형상점가,골목형상점가,광주광역시,,,
855ea7e55b1239eebf03,full_annotation_v1,A,q_치킨_08,치킨추천,음식점 중 '치킨'을 판매·제공하는 매장,train,치킨,T6 기계변형,56d553f9-54b5-4b17-89de-70701ed38379,치킨천국맥주,치킨,수완장덕 골목형상점가,골목형상점가,광주광역시,,,
32047db2654ba9f3cf71,full_annotation_v1,A,q_치킨_08,치킨추천,음식점 중 '치킨'을 판매·제공하는 매장,train,치킨,T6 기계변형,8731faa3-4ed3-4927-b075-eca7b6fdf9b8,치킨은핑계,치킨,문흥2동 골목형상점가,골목형상점가,광주광역시,,,
af131dfd29d3c792769f,full_annotation_v1,A,q_치킨_08,치킨추천,음식점 중 '치킨'을 판매·제공하는 매장,train,치킨,T6 기계변형,48b6abbe-df1c-4a79-b9c8-287e445ebf16,치킨천국,치킨,오치2동 골목형상점가,골목형상점가,광주광역시,,,
16700a1f87ac2be0c6d9,full_annotation_v1,A,q_치킨_08,치킨추천,음식점 중 '치킨'을 판매·제공하는 매장,train,치킨,T6 기계변형,3b9e5c1b-c4de-4c2a-b935-1b50ed6fa7c4,치킨생각 노원,치킨,상계주공1단지 가상가,자율상권구역,서울특별시,,,
28498704377cf8afd9d3,full_annotation_v1,A,q_치킨_08,치킨추천,음식점 중 '치킨'을 판매·제공하는 매장,train,치킨,T6 기계변형,3777e89a-95d9-4942-8997-15eb2553e6fc,반햇닭,치킨,쌍리단길상점가,자율상권구역,서울특별시,,,
4733507d9982d7c9a6dd,full_annotation_v1,A,q_치킨_08,치킨추천,음식점 중 '치킨'을 판매·제공하는 매장,train,치킨,T6 기계변형,805a8a93-efdd-4a2f-9049-e533f03d2d2c,닭섬,치킨,궁동 골목형상점가,골목형상점가,대전광역시,,,
2f67335b20b5ea82f05f,full_annotation_v1,A,q_치킨_08,치킨추천,음식점 중 '치킨'을 판매·제공하는 매장,train,치킨,T6 기계변형,43f3f580-185a-4504-9587-7221ef20b9cc,치킨가,치킨,보라빛거리골목형상점가,골목형상점가,서울특별시,,,
d1b23d78d5bc6ea48466,full_annotation_v1,A,q_치킨_08,치킨추천,음식점 중 '치킨'을 판매·제공하는 매장,train,치킨,T6 기계변형,4b08bf08-1f0b-490a-9390-0476a82b2e98,치킨생각,치킨,장미제일시장,전통시장,서울특별시,,,
a14bfd7f7c87bbd37b3c,full_annotation_v1,A,q_치킨_08,치킨추천,음식점 중 '치킨'을 판매·제공하는 매장,train,치킨,T6 기계변형,8ff31f7d-c142-428d-b79a-2dda4c4598a1,치킨더갈릭,치킨,염주상인회 골목형상점가,골목형상점가,광주광역시,,,
f6c8570ead18c4186b09,full_annotation_v1,A,q_치킨_08,치킨추천,음식점 중 '치킨'을 판매·제공하는 매장,train,치킨,T6 기계변형,0380c6ac-31cb-4e31-88b2-b97dd2ddf91b,남원,통닭,청량리전통시장,전통시장,서울특별시,,,
21fbd55efc50fcdbfd37,full_annotation_v1,A,q_치킨_08,치킨추천,음식점 중 '치킨'을 판매·제공하는 매장,train,치킨,T6 기계변형,0367e5f3-1bf4-4d8a-bac6-655fcc2eda3f,큰집닭강정,닭강정,신도봉시장,전통시장,서울특별시,,,
12c50ac469843e49e0ab,full_annotation_v1,A,q_치킨_08,치킨추천,음식점 중 '치킨'을 판매·제공하는 매장,train,치킨,T6 기계변형,38ffb36a-6aec-414c-a41f-b14f7545a667,치킨마을,치킨,상봉먹자골목형상점가,골목형상점가,서울특별시,,,
956d247f0fa19da51d00,full_annotation_v1,A,q_치킨_08,치킨추천,음식점 중 '치킨'을 판매·제공하는 매장,train,치킨,T6 기계변형,847b980d-a51f-4c2b-98ae-e10fccc26f1d,다코기,치킨,구일로 골목형상점가,골목형상점가,서울특별시,,,
3f9839c38e1bdefd0988,full_annotation_v1,A,q_치킨_08,치킨추천,음식점 중 '치킨'을 판매·제공하는 매장,train,치킨,T6 기계변형,004764d4-5ad9-4f22-81bb-48eac27e9e4b,60계치킨 야탑점,치킨,야탑 골목형상점가,골목형상점가,경기도,,,
5366e0cf674f7101a78e,full_annotation_v1,A,q_치킨_08,치킨추천,음식점 중 '치킨'을 판매·제공하는 매장,train,치킨,T6 기계변형,041ac6a6-e107-47e9-801c-e46102f240c2,엄송치킨,치킨,양산길 골목형상점가,골목형상점가,광주광역시,,,
a3e33b95e8d7bbb0b08b,full_annotation_v1,A,q_치킨_08,치킨추천,음식점 중 '치킨'을 판매·제공하는 매장,train,치킨,T6 기계변형,01465138-3544-40c5-a4db-860c2bb8c959,군산수산물종합센터내)매점,매점,군산수산물종합센터,전통시장,전북특별자치도,,,
911987652b5eb65cedd2,full_annotation_v1,A,q_치킨_08,치킨추천,음식점 중 '치킨'을 판매·제공하는 매장,train,치킨,T6 기계변형,0038f694-919c-4289-8bc1-a5e6549274e1,달인닭강정,닭강정,서귀포매일올레시장,전통시장,제주특별자치도,,,
2434b2543f9cfe8eac2d,full_annotation_v1,A,q_치킨_08,치킨추천,음식점 중 '치킨'을 판매·제공하는 매장,train,치킨,T6 기계변형,00769411-1bf8-408d-b40a-a14be4c6dde9,마산통닭,,양산 남부시장,전통시장,경상남도,,,
3d44c4042cd437f985f4,full_annotation_v1,A,q_치킨_08,치킨추천,음식점 중 '치킨'을 판매·제공하는 매장,train,치킨,T6 기계변형,844aa25a-9ef9-4a3e-be7e-8aed036d9340,소테굽닭,치킨,봉선먹자골목 골목형상점가,골목형상점가,광주광역시,,,
0362f4038d014eaa5b81,full_annotation_v1,A,q_치킨_08,치킨추천,음식점 중 '치킨'을 판매·제공하는 매장,train,치킨,T6 기계변형,0495a4cb-8937-4f71-af71-610320fdd541,살롱 드 마잘,헤어제품,운천상무시장 골목형상점가,골목형상점가,광주광역시,,,
11c147dd779a327c2f2d,full_annotation_v1,A,q_치킨_08,치킨추천,음식점 중 '치킨'을 판매·제공하는 매장,train,치킨,T6 기계변형,e299aff2-d0a0-40ee-959f-4fdc77569a2f,치킨달인,치킨,반딧불이연무시장,전통시장,경기도,,,
da62b7afb91efe955d57,full_annotation_v1,A,q_치킨_08,치킨추천,음식점 중 '치킨'을 판매·제공하는 매장,train,치킨,T6 기계변형,7dd988f4-1f18-4615-966c-c8c2341979e3,투윙 치킨,치킨,서동전통골목시장,전통시장,부산광역시,,,
d8991c8738349fb4ec8e,full_annotation_v1,A,q_치킨_08,치킨추천,음식점 중 '치킨'을 판매·제공하는 매장,train,치킨,T6 기계변형,80c4738a-934b-4b41-9de9-a82a5967a614,천외천,한식,상봉먹자골목형상점가,골목형상점가,서울특별시,,,
bc22d17f2e0548097c48,full_annotation_v1,A,q_치킨_08,치킨추천,음식점 중 '치킨'을 판매·제공하는 매장,train,치킨,T6 기계변형,240fcc7f-475c-4cc1-b482-f05a3fb3bbdf,호정,귀금속,골드테마거리,전통시장,부산광역시,,,
f6c9fb12545c5112edd1,full_annotation_v1,A,q_치킨_08,치킨추천,음식점 중 '치킨'을 판매·제공하는 매장,train,치킨,T6 기계변형,b8d3ac72-76df-4e94-b7f5-1a8bfe9e2fcd,이레악기,피아노,죽전로데오상점가,전통시장,경기도,,,
49a58426067208911276,full_annotation_v1,A,q_치킨_08,치킨추천,음식점 중 '치킨'을 판매·제공하는 매장,train,치킨,T6 기계변형,02a27b16-27f8-4934-967b-09afebc0294d,돌아온옛날통닭,통닭,못골골목시장,전통시장,부산광역시,,,
4f8d8b2148e24f09b8d9,full_annotation_v1,A,q_치킨_08,치킨추천,음식점 중 '치킨'을 판매·제공하는 매장,train,치킨,T6 기계변형,b75e277f-a449-499d-857c-9f0aaeb6a4ab,염서방한우,육류,수암상가시장,전통시장,울산광역시,,,
79c7793837890e6d19b0,full_annotation_v1,A,q_치킨_08,치킨추천,음식점 중 '치킨'을 판매·제공하는 매장,train,치킨,T6 기계변형,aa5eda8d-f944-40c3-910f-970e71acb913,반했닭,치킨,방학동도깨비시장,전통시장,서울특별시,,,
c31d97b7318f8b7c0f4c,full_annotation_v1,A,q_치킨_08,치킨추천,음식점 중 '치킨'을 판매·제공하는 매장,train,치킨,T6 기계변형,35f08c80-b881-4369-8491-412309c6068e,홈웰빙치킨,치킨,신월중앙시장,전통시장,서울특별시,,,
1c9a160b98e1d59a3f86,full_annotation_v1,A,q_치킨_08,치킨추천,음식점 중 '치킨'을 판매·제공하는 매장,train,치킨,T6 기계변형,000bc123-8986-4a63-bd89-6076138ae351,왕장상회,치킨,자양전통시장,전통시장,서울특별시,,,
a985af20550b7a7f2682,full_annotation_v1,A,q_치킨_08,치킨추천,음식점 중 '치킨'을 판매·제공하는 매장,train,치킨,T6 기계변형,71becd22-9c79-46c1-81f5-85e10933ee88,닭앤썸,치킨,월산상가 골목형 상점가,골목형상점가,충청남도,,,
7d7813c0bf03c65fb214,full_annotation_v1,A,q_치킨_08,치킨추천,음식점 중 '치킨'을 판매·제공하는 매장,train,치킨,T6 기계변형,02d7cfad-7de8-42df-8158-838c41753592,큰엄마통닭,생닭,괴정골목시장,전통시장,부산광역시,,,
30e04f9bc849c6bb742f,full_annotation_v1,A,q_치킨_08,치킨추천,음식점 중 '치킨'을 판매·제공하는 매장,train,치킨,T6 기계변형,06d79882-5e98-4cba-9122-d5327e6b25a1,시장닭집,생닭,부안상설시장,전통시장,전북특별자치도,,,
90a5295a323ede515742,full_annotation_v1,A,q_치킨_08,치킨추천,음식점 중 '치킨'을 판매·제공하는 매장,train,치킨,T6 기계변형,efe2d29e-9116-482e-bf1a-40ad9cf7c69f,극찬치킨,치킨,운암 금호 골목형상점가,골목형상점가,광주광역시,,,
4b73b216df4f239bc9af,full_annotation_v1,A,q_치킨_08,치킨추천,음식점 중 '치킨'을 판매·제공하는 매장,train,치킨,T6 기계변형,7462c895-36c7-430e-8036-c5ed1a1aea51,경선월드,"의류, 음식점",서면역중앙몰상가,일반지하상점가,부산광역시,,,
fbe51ca7633dff3e429b,full_annotation_v1,A,q_치킨_08,치킨추천,음식점 중 '치킨'을 판매·제공하는 매장,train,치킨,T6 기계변형,6ad0cc41-b01b-4e8d-9de5-bc348f34c54d,웰덤치킨,치킨,동문재래시장,전통시장,제주특별자치도,,,
529a770eaafbe655a2ba,full_annotation_v1,A,q_치킨_08,치킨추천,음식점 중 '치킨'을 판매·제공하는 매장,train,치킨,T6 기계변형,e8d8737d-d60a-4852-bd23-0e73828bb893,치킨꼬꼬,치킨,신포시장,전통시장,인천광역시,,,
0ba808df4b93b0f58047,full_annotation_v1,A,q_치킨_08,치킨추천,음식점 중 '치킨'을 판매·제공하는 매장,train,치킨,T6 기계변형,c1e47e00-0174-4fc1-bf0e-8e0e27532113,치킨고래,치킨,성환1번가 골목형상점가,골목형상점가,충청남도,,,
cb54dbbcce2a7b5b563c,full_annotation_v1,A,q_치킨_08,치킨추천,음식점 중 '치킨'을 판매·제공하는 매장,train,치킨,T6 기계변형,df3a2511-f621-4326-88a2-bb3dc4ab9f52,엄마손반찬,반찬,면목골목시장,전통시장,서울특별시,,,
622a073d984a783115c0,full_annotation_v1,A,q_치킨_08,치킨추천,음식점 중 '치킨'을 판매·제공하는 매장,train,치킨,T6 기계변형,0325afb0-ec4b-4b3e-b0f1-1aa87097e667,수완닭발통닭,"닭발, 통닭",수완나들목 골목형상점가,골목형상점가,광주광역시,,,
68cd05ea126d369b35ad,full_annotation_v1,A,q_치킨_08,치킨추천,음식점 중 '치킨'을 판매·제공하는 매장,train,치킨,T6 기계변형,d9f416a0-c9e9-4337-b2f5-59aa52ec6609,윙윙치킨,치킨,포남용마거리골목형상점가,골목형상점가,강원특별자치도,,,
54835dcc8dd40f63bf81,full_annotation_v1,A,q_치킨_08,치킨추천,음식점 중 '치킨'을 판매·제공하는 매장,train,치킨,T6 기계변형,00265ad2-bd74-4057-b201-f6a798a8a4c9,칠분통닭오치점,치킨,오치2동 골목형상점가,골목형상점가,광주광역시,,,
6f0ced85d3027b8eb780,full_annotation_v1,A,q_치킨_08,치킨추천,음식점 중 '치킨'을 판매·제공하는 매장,train,치킨,T6 기계변형,e8daf149-5ebc-43d1-98a4-32e5de60ef11,대게이상무,수산물,성서와룡시장,전통시장,대구광역시,,,
9b660a800566ea7664df,full_annotation_v1,A,q_치킨_08,치킨추천,음식점 중 '치킨'을 판매·제공하는 매장,train,치킨,T6 기계변형,02f9037a-c117-4db4-9d2b-9b78182978f4,반월닭강정치킨,,보령한내시장,전통시장,충청남도,,,
2a4cf420aa0b0208bfb1,full_annotation_v1,A,q_치킨_08,치킨추천,음식점 중 '치킨'을 판매·제공하는 매장,train,치킨,T6 기계변형,00027601-43e6-4d9a-a358-150cc014fe4c,닭장수후라이드,치킨,한솔동 5~6단지상점가,자율상권구역,세종특별자치시,,,
f59c82507936dceda3c6,full_annotation_v1,A,q_치킨_08,치킨추천,음식점 중 '치킨'을 판매·제공하는 매장,train,치킨,T6 기계변형,c293f8a4-dfe2-46b5-80b4-ce82fb6d2bf7,봉위치킨,치킨,오월첫동네 골목형상점가,골목형상점가,광주광역시,,,
e370b0e7a6f28bf49c3d,full_annotation_v1,A,q_치킨_08,치킨추천,음식점 중 '치킨'을 판매·제공하는 매장,train,치킨,T6 기계변형,cd1391c9-0bd0-4eb0-a3f5-6eedcd6bf9b3,치킨박사,치킨,새마을시장,전통시장,서울특별시,,,
4473c1b4c4aa1c8bb62c,full_annotation_v1,A,q_치킨_08,치킨추천,음식점 중 '치킨'을 판매·제공하는 매장,train,치킨,T6 기계변형,000d4d47-3a3f-4a73-9fce-cd3802a5ebb3,은여우두마리치킨,치킨,봉곡우전로 골목형상점가,골목형상점가,전북특별자치도,,,
bec1191093cddb8b5c45,full_annotation_v1,A,q_치킨_08,치킨추천,음식점 중 '치킨'을 판매·제공하는 매장,train,치킨,T6 기계변형,40f709a8-c1cb-40e0-a080-4ebf606b9bf8,킨킨치킨,치킨,아주대 대학로 골목형상점가,골목형상점가,경기도,,,
83918d61a2be1ba59675,full_annotation_v1,A,q_치킨_08,치킨추천,음식점 중 '치킨'을 판매·제공하는 매장,train,치킨,T6 기계변형,8dc1ca0f-84e8-4fd3-b883-7c92566f5192,커피어때,,승달 골목형상점가,골목형상점가,,,,
fd3343596a7059482089,full_annotation_v1,A,q_치킨_08,치킨추천,음식점 중 '치킨'을 판매·제공하는 매장,train,치킨,T6 기계변형,9fa72a03-3ce6-4365-b4a1-fcb8dac43933,백점치킨,치킨,두암2동광신맨션주변 골목형상점가,골목형상점가,광주광역시,,,
47d6a7d7eacdb81ea040,full_annotation_v1,A,q_치킨_08,치킨추천,음식점 중 '치킨'을 판매·제공하는 매장,train,치킨,T6 기계변형,04281236-3406-42c7-bac5-94bce898079b,경북닭집,생닭,포항죽도시장,전통시장,경상북도,,,
088f9181136e0ff2a911,full_annotation_v1,A,q_치킨_08,치킨추천,음식점 중 '치킨'을 판매·제공하는 매장,train,치킨,T6 기계변형,c77c192f-69f7-4d5a-9436-d06e1f1dc458,치킨밴드,치킨 한식,"일곡동(제7지역:대림1,현대2,진로,대우,한일)",골목형상점가,광주광역시,,,
831b2bfb86068fa85f20,full_annotation_v1,A,q_치킨_08,치킨추천,음식점 중 '치킨'을 판매·제공하는 매장,train,치킨,T6 기계변형,5268f5b1-322a-450b-ac70-38239b08c153,붐치킨,치킨,개롱골장군거리 골목형상점가,골목형상점가,서울특별시,,,
73e31ac0d26479baeba5,full_annotation_v1,A,q_치킨_08,치킨추천,음식점 중 '치킨'을 판매·제공하는 매장,train,치킨,T6 기계변형,0ee0969e-4703-4d0c-b29b-7979ef5d6e08,얌얌분식,,승달 골목형상점가,골목형상점가,,,,
573b07cd415befd69409,full_annotation_v1,A,q_치킨_08,치킨추천,음식점 중 '치킨'을 판매·제공하는 매장,train,치킨,T6 기계변형,0206583a-8207-4455-8670-857a27332498,유미통닭,,청주대중앙로골목형상점가,골목형상점가,충청북도,,,
073661b11192b6054f67,full_annotation_v1,A,q_치킨_08,치킨추천,음식점 중 '치킨'을 판매·제공하는 매장,train,치킨,T6 기계변형,0007af17-f23e-49b9-b7c1-5a9968727cfd,오늘닭강정,닭강정,목원대 골목형상점가,골목형상점가,대전광역시,,,
42d97b5e0212a3902a51,full_annotation_v1,A,q_치킨_08,치킨추천,음식점 중 '치킨'을 판매·제공하는 매장,train,치킨,T6 기계변형,adf10e9f-78c4-4341-89eb-eabf3d34ea53,통딹,치킨,방어진항 골목형상점가,골목형상점가,울산광역시,,,
0429cd651b94a54ce3a6,full_annotation_v1,A,q_치킨_08,치킨추천,음식점 중 '치킨'을 판매·제공하는 매장,train,치킨,T6 기계변형,aaa01ff5-9e3c-4aba-a6a1-7a0fd87d47c7,푸주인,돼지고기,시청먹자골목,골목형상점가,부산광역시,,,
65395be0971d8f12faf5,full_annotation_v1,A,q_치킨_08,치킨추천,음식점 중 '치킨'을 판매·제공하는 매장,train,치킨,T6 기계변형,a435542f-e53c-4ec3-a184-13ffdb4da791,무계떡집,떡,김해 장유전통시장,전통시장,경상남도,,,
23235dfa1aa60c3c9af5,full_annotation_v1,A,q_치킨_08,치킨추천,음식점 중 '치킨'을 판매·제공하는 매장,train,치킨,T6 기계변형,697c37e9-730c-47f5-b1e5-4cb882e7f4f1,닭스,치킨,만년동 골목형상점가,골목형상점가,대전광역시,,,
a810dfde3ee29efa1280,full_annotation_v1,A,q_치킨_08,치킨추천,음식점 중 '치킨'을 판매·제공하는 매장,train,치킨,T6 기계변형,32813c4e-ed67-4dbb-97e5-21e273ae72eb,꼬생방,치킨,구리전통시장,전통시장,경기도,,,
e276ecd5def87f982c6b,full_annotation_v1,A,q_치킨_08,치킨추천,음식점 중 '치킨'을 판매·제공하는 매장,train,치킨,T6 기계변형,f53c131c-802b-40c1-990b-ebc74b902800,엄송치킨,치킨,광복마을3-4길 골목형상점가,골목형상점가,광주광역시,,,
22f7eecd06f251a67d1d,full_annotation_v1,A,q_치킨_08,치킨추천,음식점 중 '치킨'을 판매·제공하는 매장,train,치킨,T6 기계변형,7b206294-267b-4851-80b9-71eef8ea16b0,닭꾼,치킨,무등시장,전통시장,광주광역시,,,
125c746aad8fed252665,full_annotation_v1,A,q_치킨_08,치킨추천,음식점 중 '치킨'을 판매·제공하는 매장,train,치킨,T6 기계변형,84ddfae0-287b-4277-85ad-0f71ef178dcc,천일횟집,횟집,수정전통시장,전통시장,부산광역시,,,
42a7d13cd2c50a45fbbc,full_annotation_v1,A,q_치킨_08,치킨추천,음식점 중 '치킨'을 판매·제공하는 매장,train,치킨,T6 기계변형,01e3bdc3-fa69-409b-9f56-9ab1b44ede16,바우닭강정,닭강정,자양전통시장,전통시장,서울특별시,,,
b538dfd59db765f38372,full_annotation_v1,A,q_치킨_08,치킨추천,음식점 중 '치킨'을 판매·제공하는 매장,train,치킨,T6 기계변형,afe211aa-b2cc-4d3e-9313-c7d995a372e9,내가할개,애견미용 애견호텔 애견공방,상무평화상인회 골목형상점가,골목형상점가,광주광역시,,,
b204115a5902f03fb65a,full_annotation_v1,A,q_치킨_08,치킨추천,음식점 중 '치킨'을 판매·제공하는 매장,train,치킨,T6 기계변형,68778bd6-216f-4b4d-b71f-f55e99367d2b,청호돈까스,돈까스,호계공설시장,전통시장,울산광역시,,,
80d5b2bd1642f0a884fb,full_annotation_v1,A,q_치킨_08,치킨추천,음식점 중 '치킨'을 판매·제공하는 매장,train,치킨,T6 기계변형,f93bcb08-0db5-4e01-bd6a-ba782bc619a1,컴포즈커피강릉중앙시장점,커피,강릉성남시장,전통시장,강원특별자치도,,,
983fc2c0627a1ceeaf91,full_annotation_v1,A,q_치킨_08,치킨추천,음식점 중 '치킨'을 판매·제공하는 매장,train,치킨,T6 기계변형,d3e81bba-327d-4b49-9604-4021951d0e1c,광계토치킨,치킨,장안문거북시장,전통시장,경기도,,,
f244318497ccd69e4ecd,full_annotation_v1,A,q_치킨_08,치킨추천,음식점 중 '치킨'을 판매·제공하는 매장,train,치킨,T6 기계변형,7691166e-9c55-4345-b144-61b21e7835f3,치킨시대,치킨,명지대앞골목형상점가,골목형상점가,서울특별시,,,
a6040411a57f04e58e4a,full_annotation_v1,A,q_치킨_08,치킨추천,음식점 중 '치킨'을 판매·제공하는 매장,train,치킨,T6 기계변형,8cd8d90f-0b20-43e6-9bb1-80beef648c07,세화한의원,한방병원,삼환아파트 A상가 골목형 상점가,골목형상점가,부산광역시,,,
869c79c924c6a620cfb3,full_annotation_v1,A,q_치킨_09,치킴,음식점 중 '치킨'을 판매·제공하는 매장,train,치킨,T6 기계변형,5e1dcc0e-fc2c-4135-b493-5e1e22744e83,하남상회,이불,밀양 아리랑시장,전통시장,경상남도,,,
1804c8b782966c65e600,full_annotation_v1,A,q_치킨_09,치킴,음식점 중 '치킨'을 판매·제공하는 매장,train,치킨,T6 기계변형,8ff31f7d-c142-428d-b79a-2dda4c4598a1,치킨더갈릭,치킨,염주상인회 골목형상점가,골목형상점가,광주광역시,,,
8075d1b0cc5398d60ac7,full_annotation_v1,A,q_치킨_09,치킴,음식점 중 '치킨'을 판매·제공하는 매장,train,치킨,T6 기계변형,aa5a1581-c14e-4adb-b3b0-2fbc2d8b39b4,마미킴,"반미, 쌀국수",춘천중앙시장,전통시장,강원특별자치도,,,
95950a9cd32a79fc97a2,full_annotation_v1,A,q_치킨_09,치킴,음식점 중 '치킨'을 판매·제공하는 매장,train,치킨,T6 기계변형,adf10e9f-78c4-4341-89eb-eabf3d34ea53,통딹,치킨,방어진항 골목형상점가,골목형상점가,울산광역시,,,
131e0723fb8135ffd753,full_annotation_v1,A,q_치킨_09,치킴,음식점 중 '치킨'을 판매·제공하는 매장,train,치킨,T6 기계변형,4f7ef5fd-c9b7-46bc-80e9-a47b7f64d107,네일킴,네일,상무1동아파트상인회 골목형상점가,골목형상점가,광주광역시,,,
c912e74118d0ac5f9601,full_annotation_v1,A,q_치킨_09,치킴,음식점 중 '치킨'을 판매·제공하는 매장,train,치킨,T6 기계변형,0380c6ac-31cb-4e31-88b2-b97dd2ddf91b,남원,통닭,청량리전통시장,전통시장,서울특별시,,,
b1ac064a51329b7b2623,full_annotation_v1,A,q_치킨_09,치킴,음식점 중 '치킨'을 판매·제공하는 매장,train,치킨,T6 기계변형,04281236-3406-42c7-bac5-94bce898079b,경북닭집,생닭,포항죽도시장,전통시장,경상북도,,,
1b8892aa47132eb13c80,full_annotation_v1,A,q_치킨_09,치킴,음식점 중 '치킨'을 판매·제공하는 매장,train,치킨,T6 기계변형,32813c4e-ed67-4dbb-97e5-21e273ae72eb,꼬생방,치킨,구리전통시장,전통시장,경기도,,,
60b4711ee8030ca43a0c,full_annotation_v1,A,q_치킨_09,치킴,음식점 중 '치킨'을 판매·제공하는 매장,train,치킨,T6 기계변형,01465138-3544-40c5-a4db-860c2bb8c959,군산수산물종합센터내)매점,매점,군산수산물종합센터,전통시장,전북특별자치도,,,
245607f751f0a9d2130b,full_annotation_v1,A,q_치킨_09,치킴,음식점 중 '치킨'을 판매·제공하는 매장,train,치킨,T6 기계변형,c77c192f-69f7-4d5a-9436-d06e1f1dc458,치킨밴드,치킨 한식,"일곡동(제7지역:대림1,현대2,진로,대우,한일)",골목형상점가,광주광역시,,,
5ff6794983b035ad868f,full_annotation_v1,A,q_치킨_09,치킴,음식점 중 '치킨'을 판매·제공하는 매장,train,치킨,T6 기계변형,26d989ca-3181-447b-bf9d-4d0f8dd77da1,처음처럼,회,광복마을길 골목형상점가,골목형상점가,광주광역시,,,
1c5af5f68cbc00d07c3c,full_annotation_v1,A,q_치킨_09,치킴,음식점 중 '치킨'을 판매·제공하는 매장,train,치킨,T6 기계변형,847b980d-a51f-4c2b-98ae-e10fccc26f1d,다코기,치킨,구일로 골목형상점가,골목형상점가,서울특별시,,,
176dacfdea4f9f045f7f,full_annotation_v1,A,q_치킨_09,치킴,음식점 중 '치킨'을 판매·제공하는 매장,train,치킨,T6 기계변형,0007af17-f23e-49b9-b7c1-5a9968727cfd,오늘닭강정,닭강정,목원대 골목형상점가,골목형상점가,대전광역시,,,
3f8a708a078e8a6e5601,full_annotation_v1,A,q_치킨_09,치킴,음식점 중 '치킨'을 판매·제공하는 매장,train,치킨,T6 기계변형,aa5eda8d-f944-40c3-910f-970e71acb913,반했닭,치킨,방학동도깨비시장,전통시장,서울특별시,,,
146446255eb611e97b88,full_annotation_v1,A,q_치킨_09,치킴,음식점 중 '치킨'을 판매·제공하는 매장,train,치킨,T6 기계변형,841269cd-6141-43ee-bf9d-0fc779083c82,치킹스맨,치킨,서문대로 골목형상점가,골목형상점가,광주광역시,,,
e104d108663664b69849,full_annotation_v1,A,q_치킨_09,치킴,음식점 중 '치킨'을 판매·제공하는 매장,train,치킨,T6 기계변형,43f3f580-185a-4504-9587-7221ef20b9cc,치킨가,치킨,보라빛거리골목형상점가,골목형상점가,서울특별시,,,
4cf6df24508851db1a59,full_annotation_v1,A,q_치킨_09,치킴,음식점 중 '치킨'을 판매·제공하는 매장,train,치킨,T6 기계변형,02d7cfad-7de8-42df-8158-838c41753592,큰엄마통닭,생닭,괴정골목시장,전통시장,부산광역시,,,
62fa6602d3b1274cb1ac,full_annotation_v1,A,q_치킨_09,치킴,음식점 중 '치킨'을 판매·제공하는 매장,train,치킨,T6 기계변형,0206583a-8207-4455-8670-857a27332498,유미통닭,,청주대중앙로골목형상점가,골목형상점가,충청북도,,,
b5eac81af3be555c2440,full_annotation_v1,A,q_치킨_09,치킴,음식점 중 '치킨'을 판매·제공하는 매장,train,치킨,T6 기계변형,5cd3118f-e354-4e05-85f3-7d638d3e771b,치과라,치과,송정벚꽃골목형상점가,골목형상점가,서울특별시,,,
6a719f0038d6c03afdf6,full_annotation_v1,A,q_치킨_09,치킴,음식점 중 '치킨'을 판매·제공하는 매장,train,치킨,T6 기계변형,697c37e9-730c-47f5-b1e5-4cb882e7f4f1,닭스,치킨,만년동 골목형상점가,골목형상점가,대전광역시,,,
70471700e2806a443974,full_annotation_v1,A,q_치킨_09,치킴,음식점 중 '치킨'을 판매·제공하는 매장,train,치킨,T6 기계변형,d0c97a4c-fc47-4b5e-85d6-29728561bec9,계절의숲,음료,영월종합상가,전통시장,강원특별자치도,,,
e36dbbd1c12033a9bf04,full_annotation_v1,A,q_치킨_09,치킴,음식점 중 '치킨'을 판매·제공하는 매장,train,치킨,T6 기계변형,e7e47e54-9e10-4f3c-9360-bc110f258ecf,치키니즘,치킨,당산이음 골목형상점가,골목형상점가,서울특별시,,,
29017b65a1af925cd386,full_annotation_v1,A,q_치킨_09,치킴,음식점 중 '치킨'을 판매·제공하는 매장,train,치킨,T6 기계변형,9c89400c-c487-4c10-b19b-6ac86a63dbbf,신나라J,한복장신구,광장전통시장,자율상권구역,서울특별시,,,
db43d2f0f017db50aea3,full_annotation_v1,A,q_치킨_09,치킴,음식점 중 '치킨'을 판매·제공하는 매장,train,치킨,T6 기계변형,a3eebac4-27b8-4d15-845b-3038463485e4,치완,한식,광양시장골목형상점가,골목형상점가,제주특별자치도,,,
1677d7337af8ec4418af,full_annotation_v1,A,q_치킨_09,치킴,음식점 중 '치킨'을 판매·제공하는 매장,train,치킨,T6 기계변형,2957d0a6-f266-448c-ae23-2a1debb6f8a8,맥킴,의류,마산 (주)대현프리몰 지하도상점가,일반지하상점가,경상남도,,,
aa08e4fbe8f8ea17fdc9,full_annotation_v1,A,q_치킨_09,치킴,음식점 중 '치킨'을 판매·제공하는 매장,train,치킨,T6 기계변형,844aa25a-9ef9-4a3e-be7e-8aed036d9340,소테굽닭,치킨,봉선먹자골목 골목형상점가,골목형상점가,광주광역시,,,
84a1988d3c9f2acc2385,full_annotation_v1,A,q_치킨_09,치킴,음식점 중 '치킨'을 판매·제공하는 매장,train,치킨,T6 기계변형,4b0a5a4d-f99a-45f4-97e4-02a2d2cfe810,동혁인삼약초,약초,금산인삼쇼핑센터,전통시장,충청남도,,,
cbd4b820897087838f00,full_annotation_v1,A,q_치킨_09,치킴,음식점 중 '치킨'을 판매·제공하는 매장,train,치킨,T6 기계변형,29290a69-3360-4595-b7fe-c8a70624fbb9,도르멍 제주당근과즐,과자,동문재래시장,전통시장,제주특별자치도,,,
972513ca42aeaa70d3f9,full_annotation_v1,A,q_치킨_09,치킴,음식점 중 '치킨'을 판매·제공하는 매장,train,치킨,T6 기계변형,fd0b34a2-eaea-47f7-b19e-83f9a9f91d4b,큰옷크레빅광주금남로점,여성의류,금남로5가 골목형상점가,골목형상점가,광주광역시,,,
824d32a5a7407fc749f4,full_annotation_v1,A,q_치킨_09,치킴,음식점 중 '치킨'을 판매·제공하는 매장,train,치킨,T6 기계변형,39b0838e-17d9-4a4d-aee8-fe80a964f946,세븐일레븐 춘천은하수점,"식품잡화, 건강기능식품, 의료기기등",후평3동 행복마을 골목형상점가,골목형상점가,강원특별자치도,,,
0c43a9968a8f2819c134,full_annotation_v1,A,q_치킨_09,치킴,음식점 중 '치킨'을 판매·제공하는 매장,train,치킨,T6 기계변형,ee466b4a-2e7c-40ef-adc9-1d0ad478b700,하니킴 네일(Hanykim Nail),,부평깡통시장(구 부산부평시장),전통시장,부산광역시,,,
dc2c3374bb50c1046900,full_annotation_v1,A,q_치킨_09,치킴,음식점 중 '치킨'을 판매·제공하는 매장,train,치킨,T6 기계변형,38ffb36a-6aec-414c-a41f-b14f7545a667,치킨마을,치킨,상봉먹자골목형상점가,골목형상점가,서울특별시,,,
4072b1b94434fb00a6c5,full_annotation_v1,A,q_치킨_09,치킴,음식점 중 '치킨'을 판매·제공하는 매장,train,치킨,T6 기계변형,004764d4-5ad9-4f22-81bb-48eac27e9e4b,60계치킨 야탑점,치킨,야탑 골목형상점가,골목형상점가,경기도,,,
3e4fe29f6949c8c563d2,full_annotation_v1,A,q_치킨_09,치킴,음식점 중 '치킨'을 판매·제공하는 매장,train,치킨,T6 기계변형,c08adf7a-ff17-4384-b728-8fda873045cd,치킨다이닝,치킨,518먹자골목상인회 골목형상점가,골목형상점가,광주광역시,,,
6bb2739193a465bfc7f8,full_annotation_v1,A,q_치킨_09,치킴,음식점 중 '치킨'을 판매·제공하는 매장,train,치킨,T6 기계변형,48b6abbe-df1c-4a79-b9c8-287e445ebf16,치킨천국,치킨,오치2동 골목형상점가,골목형상점가,광주광역시,,,
8228f4e654ee16b91705,full_annotation_v1,A,q_치킨_09,치킴,음식점 중 '치킨'을 판매·제공하는 매장,train,치킨,T6 기계변형,02f9037a-c117-4db4-9d2b-9b78182978f4,반월닭강정치킨,,보령한내시장,전통시장,충청남도,,,
4ab8085b5d0bb9d96e95,full_annotation_v1,A,q_치킨_09,치킴,음식점 중 '치킨'을 판매·제공하는 매장,train,치킨,T6 기계변형,5d46a8b9-83ea-4480-b462-6fc298037984,순풍에돛달고,건어물,합덕전통시장,전통시장,충청남도,,,
7f70d580e2c2ab5bbb5c,full_annotation_v1,A,q_치킨_09,치킴,음식점 중 '치킨'을 판매·제공하는 매장,train,치킨,T6 기계변형,000bc123-8986-4a63-bd89-6076138ae351,왕장상회,치킨,자양전통시장,전통시장,서울특별시,,,
8999878d38caf4d36e35,full_annotation_v1,A,q_치킨_09,치킴,음식점 중 '치킨'을 판매·제공하는 매장,train,치킨,T6 기계변형,e8d8737d-d60a-4852-bd23-0e73828bb893,치킨꼬꼬,치킨,신포시장,전통시장,인천광역시,,,
cb17d2df3d5a4d7b424b,full_annotation_v1,A,q_치킨_09,치킴,음식점 중 '치킨'을 판매·제공하는 매장,train,치킨,T6 기계변형,cd1391c9-0bd0-4eb0-a3f5-6eedcd6bf9b3,치킨박사,치킨,새마을시장,전통시장,서울특별시,,,
dddc72274edeafe6c167,full_annotation_v1,A,q_치킨_09,치킴,음식점 중 '치킨'을 판매·제공하는 매장,train,치킨,T6 기계변형,38e39124-dbbe-4484-af7c-8da7bd4ef2be,해태타이어자동차공업사,자동차수리,금남로5가 골목형상점가,골목형상점가,광주광역시,,,
e92c7ba35c4670ef5816,full_annotation_v1,A,q_치킨_09,치킴,음식점 중 '치킨'을 판매·제공하는 매장,train,치킨,T6 기계변형,00446094-b7f5-42de-acfa-7e4cba20d7ad,투게더피치우산점,피자 치킨,으뜸골목형상점가,골목형상점가,강원특별자치도,,,
0e5dc12926d60004d322,full_annotation_v1,A,q_치킨_09,치킴,음식점 중 '치킨'을 판매·제공하는 매장,train,치킨,T6 기계변형,00027601-43e6-4d9a-a358-150cc014fe4c,닭장수후라이드,치킨,한솔동 5~6단지상점가,자율상권구역,세종특별자치시,,,
736e18eb2bb7c80e6742,full_annotation_v1,A,q_치킨_09,치킴,음식점 중 '치킨'을 판매·제공하는 매장,train,치킨,T6 기계변형,6cadb0da-5ddc-4da7-bcf4-0912d3cd47a9,치르치르,치킨,온양온천역 골목형 상점가,골목형상점가,충청남도,,,
4469ffa45e9597cb624a,full_annotation_v1,A,q_치킨_09,치킴,음식점 중 '치킨'을 판매·제공하는 매장,train,치킨,T6 기계변형,7dd988f4-1f18-4615-966c-c8c2341979e3,투윙 치킨,치킨,서동전통골목시장,전통시장,부산광역시,,,
8760c9b9799d5f8c5ee5,full_annotation_v1,A,q_치킨_09,치킴,음식점 중 '치킨'을 판매·제공하는 매장,train,치킨,T6 기계변형,e299aff2-d0a0-40ee-959f-4fdc77569a2f,치킨달인,치킨,반딧불이연무시장,전통시장,경기도,,,
32b1e7f5c23bc97ea306,full_annotation_v1,A,q_치킨_09,치킴,음식점 중 '치킨'을 판매·제공하는 매장,train,치킨,T6 기계변형,f47153f0-531c-4a11-974f-ff5376dbf5ba,미래커텐,커텐,대전중앙활성화구역,상권활성화구역,대전광역시,,,
c39eb9fae4012377093d,full_annotation_v1,A,q_치킨_09,치킴,음식점 중 '치킨'을 판매·제공하는 매장,train,치킨,T6 기계변형,3777e89a-95d9-4942-8997-15eb2553e6fc,반햇닭,치킨,쌍리단길상점가,자율상권구역,서울특별시,,,
3247364d3f2a842f61c1,full_annotation_v1,A,q_치킨_09,치킴,음식점 중 '치킨'을 판매·제공하는 매장,train,치킨,T6 기계변형,e3110c4a-1b62-41be-8cca-9e19061e6019,왁싱킴,화장품 왁싱 속눈썹,두정동상점가,자율상권구역,충청남도,,,
fbf8803e0bc651a3d698,full_annotation_v1,A,q_치킨_09,치킴,음식점 중 '치킨'을 판매·제공하는 매장,train,치킨,T6 기계변형,3b9e5c1b-c4de-4c2a-b935-1b50ed6fa7c4,치킨생각 노원,치킨,상계주공1단지 가상가,자율상권구역,서울특별시,,,
f7668cd3b0cc1b885ad6,full_annotation_v1,A,q_치킨_09,치킴,음식점 중 '치킨'을 판매·제공하는 매장,train,치킨,T6 기계변형,0325afb0-ec4b-4b3e-b0f1-1aa87097e667,수완닭발통닭,"닭발, 통닭",수완나들목 골목형상점가,골목형상점가,광주광역시,,,
99d9b2e76e040086784d,full_annotation_v1,A,q_치킨_09,치킴,음식점 중 '치킨'을 판매·제공하는 매장,train,치킨,T6 기계변형,06d79882-5e98-4cba-9122-d5327e6b25a1,시장닭집,생닭,부안상설시장,전통시장,전북특별자치도,,,
68a8075e51f0af13ed5f,full_annotation_v1,A,q_치킨_09,치킴,음식점 중 '치킨'을 판매·제공하는 매장,train,치킨,T6 기계변형,08ee7d5a-0dad-49ec-b75f-9005b0d69a2e,치블리,치킨 및 주류,"각화서희,더샵주변 골목형상점가",골목형상점가,광주광역시,,,
ae63791f5a9958968176,full_annotation_v1,A,q_치킨_09,치킴,음식점 중 '치킨'을 판매·제공하는 매장,train,치킨,T6 기계변형,0367e5f3-1bf4-4d8a-bac6-655fcc2eda3f,큰집닭강정,닭강정,신도봉시장,전통시장,서울특별시,,,
522e92946d59a5db039b,full_annotation_v1,A,q_치킨_09,치킴,음식점 중 '치킨'을 판매·제공하는 매장,train,치킨,T6 기계변형,151ba4a3-2c21-4768-bb75-ed0e8d74104f,치퀸,치킨,인헌시장,전통시장,서울특별시,,,
fb77f2e68353679eda73,full_annotation_v1,A,q_치킨_09,치킴,음식점 중 '치킨'을 판매·제공하는 매장,train,치킨,T6 기계변형,8731faa3-4ed3-4927-b075-eca7b6fdf9b8,치킨은핑계,치킨,문흥2동 골목형상점가,골목형상점가,광주광역시,,,
10a5957a32e5cdc4fad8,full_annotation_v1,A,q_치킨_09,치킴,음식점 중 '치킨'을 판매·제공하는 매장,train,치킨,T6 기계변형,c92b84e9-6e82-42cc-b6ea-7d7e6ef37c1a,헤어살롱바이킴,미용,강동산하 골목형상점가,골목형상점가,울산광역시,,,
7a4f5693d38a143ffd1b,full_annotation_v1,A,q_치킨_09,치킴,음식점 중 '치킨'을 판매·제공하는 매장,train,치킨,T6 기계변형,030a5e64-7697-4952-b49b-a7d7f5591a5e,노연닭집,생닭,안계정기시장,전통시장,경상북도,,,
8b5508fa9e9834c25263,full_annotation_v1,A,q_치킨_09,치킴,음식점 중 '치킨'을 판매·제공하는 매장,train,치킨,T6 기계변형,ca5044ce-701c-4eb3-9899-73fa85071806,오렌즈울산점,안경,젊음의거리 상점가,자율상권구역,울산광역시,,,
57813166a0ddf4e1602c,full_annotation_v1,A,q_치킨_09,치킴,음식점 중 '치킨'을 판매·제공하는 매장,train,치킨,T6 기계변형,000d4d47-3a3f-4a73-9fce-cd3802a5ebb3,은여우두마리치킨,치킨,봉곡우전로 골목형상점가,골목형상점가,전북특별자치도,,,
13916498a22fec8d8a09,full_annotation_v1,A,q_치킨_09,치킴,음식점 중 '치킨'을 판매·제공하는 매장,train,치킨,T6 기계변형,77f33b80-e93d-4322-9b89-591cca49da7b,소문만복래,한식,거창 가조상점가거리,골목형상점가,경상남도,,,
ad29a18fb1196cb7755f,full_annotation_v1,A,q_치킨_09,치킴,음식점 중 '치킨'을 판매·제공하는 매장,train,치킨,T6 기계변형,9f1616cb-f03b-42fb-828e-03c145cedbaa,영창상회,잡화,함양 지리산함양시장,전통시장,경상남도,,,
54368a36f19142cb42e1,full_annotation_v1,A,q_치킨_09,치킴,음식점 중 '치킨'을 판매·제공하는 매장,train,치킨,T6 기계변형,7691166e-9c55-4345-b144-61b21e7835f3,치킨시대,치킨,명지대앞골목형상점가,골목형상점가,서울특별시,,,
672276c61ad77221592e,full_annotation_v1,A,q_치킨_09,치킴,음식점 중 '치킨'을 판매·제공하는 매장,train,치킨,T6 기계변형,01e3bdc3-fa69-409b-9f56-9ab1b44ede16,바우닭강정,닭강정,자양전통시장,전통시장,서울특별시,,,
7879a77b888b550fe040,full_annotation_v1,A,q_치킨_09,치킴,음식점 중 '치킨'을 판매·제공하는 매장,train,치킨,T6 기계변형,02a27b16-27f8-4934-967b-09afebc0294d,돌아온옛날통닭,통닭,못골골목시장,전통시장,부산광역시,,,
23d8beb05187df04e3cc,full_annotation_v1,A,q_치킨_09,치킴,음식점 중 '치킨'을 판매·제공하는 매장,train,치킨,T6 기계변형,56d553f9-54b5-4b17-89de-70701ed38379,치킨천국맥주,치킨,수완장덕 골목형상점가,골목형상점가,광주광역시,,,
76ff45fc5e69416df831,full_annotation_v1,A,q_치킨_09,치킴,음식점 중 '치킨'을 판매·제공하는 매장,train,치킨,T6 기계변형,a8c0fe1c-cc91-4d5d-b3e1-4f14bf0f93a0,치맥타임,치킨,한적골 골목형상점가,골목형상점가,충청남도,,,
d283b78067f3cf40291d,full_annotation_v1,A,q_치킨_09,치킴,음식점 중 '치킨'을 판매·제공하는 매장,train,치킨,T6 기계변형,00265ad2-bd74-4057-b201-f6a798a8a4c9,칠분통닭오치점,치킨,오치2동 골목형상점가,골목형상점가,광주광역시,,,
c2f158b5f29ac8e00f27,full_annotation_v1,A,q_치킨_09,치킴,음식점 중 '치킨'을 판매·제공하는 매장,train,치킨,T6 기계변형,00769411-1bf8-408d-b40a-a14be4c6dde9,마산통닭,,양산 남부시장,전통시장,경상남도,,,
c8fd02ed4c7a6df3fe87,full_annotation_v1,A,q_치킨_09,치킴,음식점 중 '치킨'을 판매·제공하는 매장,train,치킨,T6 기계변형,c1e47e00-0174-4fc1-bf0e-8e0e27532113,치킨고래,치킨,성환1번가 골목형상점가,골목형상점가,충청남도,,,
c7c46398c7535c368fab,full_annotation_v1,A,q_치킨_09,치킴,음식점 중 '치킨'을 판매·제공하는 매장,train,치킨,T6 기계변형,3bf8ea5b-82b7-4af8-8f3e-1b1c541c70b6,치어스,치킨,사가정51길 골목형상점가,골목형상점가,서울특별시,,,
dc715300a932d84c1a54,full_annotation_v1,A,q_치킨_09,치킴,음식점 중 '치킨'을 판매·제공하는 매장,train,치킨,T6 기계변형,4b08bf08-1f0b-490a-9390-0476a82b2e98,치킨생각,치킨,장미제일시장,전통시장,서울특별시,,,
ec10ac1c85cb542799a9,full_annotation_v1,A,q_치킨_09,치킴,음식점 중 '치킨'을 판매·제공하는 매장,train,치킨,T6 기계변형,1b2bb411-6dc9-4a24-97c6-410e4e7b569e,실로암,도소매(의류),신평화패션타운,전통시장,서울특별시,,,
707cc196517816b456a2,full_annotation_v1,A,q_치킨_09,치킴,음식점 중 '치킨'을 판매·제공하는 매장,train,치킨,T6 기계변형,0038f694-919c-4289-8bc1-a5e6549274e1,달인닭강정,닭강정,서귀포매일올레시장,전통시장,제주특별자치도,,,
868d9e2c6b6e1c2a0d2a,full_annotation_v1,A,q_치킨_09,치킴,음식점 중 '치킨'을 판매·제공하는 매장,train,치킨,T6 기계변형,7fae594f-cd04-49a2-8657-419ab3ab6374,꼬기 킴,음식점,탁옥로 골목형상점가,골목형상점가,인천광역시,,,
195e2aa66876406e66c4,full_annotation_v1,A,q_치킨_09,치킴,음식점 중 '치킨'을 판매·제공하는 매장,train,치킨,T6 기계변형,9b3c4969-3813-4e9d-a4f4-76fc985e2197,금대 고깃간,양념육류 분쇄가공육제품,남부골목시장,전통시장,서울특별시,,,
d12b87bbea33faa3b2cd,full_annotation_v1,A,q_치킨_09,치킴,음식점 중 '치킨'을 판매·제공하는 매장,train,치킨,T6 기계변형,13fbd0dd-a1b1-407f-b79d-16db3a0483f3,치사빤스,의류,말바우시장,전통시장,광주광역시,,,
589b9aee800addddd4d5,full_annotation_v1,A,q_침구_01,침구,생활·마트 중 '침구'를 판매·제공하는 매장,test,침구,T1 정확표기,cda66a33-c850-4565-89bb-fda3379a5de7,쉐모아,침구,진주 중앙시장,전통시장,경상남도,,,
20e283f2c19710b76476,full_annotation_v1,A,q_침구_01,침구,생활·마트 중 '침구'를 판매·제공하는 매장,test,침구,T1 정확표기,015d152e-ed78-4d55-a7c5-5c8fce6debf7,후평종합이불,"침구류, 수건",후평일단지시장,전통시장,강원특별자치도,,,
7d16ac0a961879d46194,full_annotation_v1,A,q_침구_01,침구,생활·마트 중 '침구'를 판매·제공하는 매장,test,침구,T1 정확표기,51491f21-491c-4a9d-aece-15a9af91f0eb,이브자리신정점,침구,신정중앙 골목형상점가,골목형상점가,울산광역시,,,
da49ff7fb82a55a5cf06,full_annotation_v1,A,q_침구_01,침구,생활·마트 중 '침구'를 판매·제공하는 매장,test,침구,T1 정확표기,c3f14ae2-7b98-4e2a-a1ed-fb6d2c936ce0,이브자리,침구,문흥동 골목형상점가,골목형상점가,광주광역시,,,
fa92a6721773254f5805,full_annotation_v1,A,q_침구_01,침구,생활·마트 중 '침구'를 판매·제공하는 매장,test,침구,T1 정확표기,ada2a581-de0e-45e0-9a3b-c2d95e276a05,농업회사법인(주)흑화양조,일반증류주 탁주 약주 청주 제조업 농,맛의거리 맛리단길 골목형상점가,골목형상점가,전북특별자치도,,,
2a584ce9f535ff8f6859,full_annotation_v1,A,q_침구_01,침구,생활·마트 중 '침구'를 판매·제공하는 매장,test,침구,T1 정확표기,05291547-c22d-430e-95c2-e31bda19a90a,슈퍼타이 본점,세탁,월드시티상가 골목형상점가,골목형상점가,울산광역시,,,
8a4ca5b268d5a5e30068,full_annotation_v1,A,q_침구_01,침구,생활·마트 중 '침구'를 판매·제공하는 매장,test,침구,T1 정확표기,0839e229-cd53-4c9c-b6cd-b22693856b0f,아르페지오,침구,진주 중앙시장,전통시장,경상남도,,,
b741a8e4e27dba5074f1,full_annotation_v1,A,q_침구_01,침구,생활·마트 중 '침구'를 판매·제공하는 매장,test,침구,T1 정확표기,f40bdddc-209f-4785-b2cc-0c4f81fc7500,황실수예,침구,섬유제품관,전통시장,대구광역시,,,
a49f44a4d1092f98133f,full_annotation_v1,A,q_침구_01,침구,생활·마트 중 '침구'를 판매·제공하는 매장,test,침구,T1 정확표기,02149791-6e33-4077-a92d-4f7756bbaa40,잉꼬이불,이불,센트럴프라자,골목형상점가,울산광역시,,,
7a19813ef175f19b871b,full_annotation_v1,A,q_침구_01,침구,생활·마트 중 '침구'를 판매·제공하는 매장,test,침구,T1 정확표기,ae44497a-78e5-4beb-a8d7-1ec3cf284828,영광침구,침구,광장시장,전통시장,서울특별시,,,
669425fa908cbe5d50b5,full_annotation_v1,A,q_침구_01,침구,생활·마트 중 '침구'를 판매·제공하는 매장,test,침구,T1 정확표기,3220ecbc-c954-43f8-864f-d8a8b8c65378,신혼침구,침구,신금정시장 골목형 상점가,골목형상점가,부산광역시,,,
bfdfbd0ea882cb2268dc,full_annotation_v1,A,q_침구_01,침구,생활·마트 중 '침구'를 판매·제공하는 매장,test,침구,T1 정확표기,58309e98-64ce-44e7-ac9f-9fbbf7bb502e,호남상회,침구,공주산성시장,전통시장,충청남도,,,
8fa6fade8e8aa2f840ea,full_annotation_v1,A,q_침구_01,침구,생활·마트 중 '침구'를 판매·제공하는 매장,test,침구,T1 정확표기,0bfa5870-7175-477c-95bc-78faf16682da,형제상회,침구,금남시장,전통시장,서울특별시,,,
5e2d2cd1f3c0c16c1eab,full_annotation_v1,A,q_침구_01,침구,생활·마트 중 '침구'를 판매·제공하는 매장,test,침구,T1 정확표기,012f526e-9f74-4b7a-86ab-887e82649cba,나주커튼,커튼,나주목사고을시장,전통시장,,,,
6ae55dca498b8d73c42b,full_annotation_v1,A,q_침구_01,침구,생활·마트 중 '침구'를 판매·제공하는 매장,test,침구,T1 정확표기,7d3cbed5-f267-48e6-aedf-e326b80468f5,나나스베딩,침구,광교상현역 온누리 골목형상점가,골목형상점가,경기도,,,
524476fd7d2a05645c48,full_annotation_v1,A,q_침구_01,침구,생활·마트 중 '침구'를 판매·제공하는 매장,test,침구,T1 정확표기,4ce4642b-c58e-491a-be5e-2e2eff885047,샤프란 침구,침구,두류1번가,일반지하상점가,대구광역시,,,
e68f2bedacf39c7fd36f,full_annotation_v1,A,q_침구_01,침구,생활·마트 중 '침구'를 판매·제공하는 매장,test,침구,T1 정확표기,44a50269-98f5-46ed-a9bd-bc1198c5677e,풍기인견,침구,장안동맛의거리골목형상점가,골목형상점가,서울특별시,,,
0d382114d8fd1d5da36a,full_annotation_v1,A,q_침구_01,침구,생활·마트 중 '침구'를 판매·제공하는 매장,test,침구,T1 정확표기,020914cd-8086-4fad-ab39-bbae265d6a60,양진이불,침구,경주성동공설시장,전통시장,경상북도,,,
d27519970a33a49c7293,full_annotation_v1,A,q_침구_01,침구,생활·마트 중 '침구'를 판매·제공하는 매장,test,침구,T1 정확표기,356ffabf-042c-464d-897f-b50ef65768ec,아방스,침구,사가정시장,전통시장,서울특별시,,,
139a6de6f5f984be9c3c,full_annotation_v1,A,q_침구_01,침구,생활·마트 중 '침구'를 판매·제공하는 매장,test,침구,T1 정확표기,7405373e-f4bc-4e63-8048-da1eaed095be,사랑담은분식,분식,사강시장,전통시장,경기도,,,
27a0f00291837a8c8357,full_annotation_v1,A,q_침구_01,침구,생활·마트 중 '침구'를 판매·제공하는 매장,test,침구,T1 정확표기,74e4fe3a-0305-40c9-9ce3-df9914f835d1,셀렉션로스터리중흥동점,커피 제과,중흥동 큰샘길 골목형상점가,골목형상점가,광주광역시,,,
573fdcec82785fc43d24,full_annotation_v1,A,q_침구_01,침구,생활·마트 중 '침구'를 판매·제공하는 매장,test,침구,T1 정확표기,71848b78-3007-413b-95b1-436a21f2e6c1,이브자리,침구,진부전통시장,전통시장,강원특별자치도,,,
3a79317a228ba30ee5bf,full_annotation_v1,A,q_침구_01,침구,생활·마트 중 '침구'를 판매·제공하는 매장,test,침구,T1 정확표기,bd70b396-33c7-4075-a035-a2879ce7545d,엘르 침구,침구,중앙상가시장,전통시장,대전광역시,,,
24f0846e9be554c08e72,full_annotation_v1,A,q_침구_01,침구,생활·마트 중 '침구'를 판매·제공하는 매장,test,침구,T1 정확표기,f5a1d060-2d2d-42c0-9527-3c97c34fae8a,보보침구,침구,㈜르네시떼,전통시장,부산광역시,,,
3ac3eb22ed6acca7e5d2,full_annotation_v1,A,q_침구_01,침구,생활·마트 중 '침구'를 판매·제공하는 매장,test,침구,T1 정확표기,035b2c82-5e87-47dc-aedf-75253b965cf0,복음누비,침구,중앙시장,전통시장,인천광역시,,,
c39ad1390ba58407f350,full_annotation_v1,A,q_침구_01,침구,생활·마트 중 '침구'를 판매·제공하는 매장,test,침구,T1 정확표기,020bee4a-baa0-4c84-a1d2-1ffe5e745eb7,유영주단,"이불, 한복",대가야 자율상권구역,,경상북도,,,
7388693c9485c768368b,full_annotation_v1,A,q_침구_01,침구,생활·마트 중 '침구'를 판매·제공하는 매장,test,침구,T1 정확표기,f8e680fc-d437-45be-b43e-91d575d883e4,리치랜드,침구,창원 성원그랜드쇼핑상가,전통시장,경상남도,,,
5832e0a8d43435f491dd,full_annotation_v1,A,q_침구_01,침구,생활·마트 중 '침구'를 판매·제공하는 매장,test,침구,T1 정확표기,27ffa690-fb99-4739-a1ac-bacc9b04c530,영동침구,침구,광장시장,전통시장,서울특별시,,,
0806ea53885d751f9a7b,full_annotation_v1,A,q_침구_01,침구,생활·마트 중 '침구'를 판매·제공하는 매장,test,침구,T1 정확표기,ac3a229e-1705-48fb-ac87-18f1a3c4014e,이브자리,침구,진주 중앙시장,전통시장,경상남도,,,
5e51f4984d634bce87af,full_annotation_v1,A,q_침구_01,침구,생활·마트 중 '침구'를 판매·제공하는 매장,test,침구,T1 정확표기,01fa75f4-4cdb-4d62-931a-2b130cdef613,에띠앙이불집,이불,익산장(구 북부장),전통시장,전북특별자치도,,,
d78af4aa48fe87ef5d26,full_annotation_v1,A,q_침구_01,침구,생활·마트 중 '침구'를 판매·제공하는 매장,test,침구,T1 정확표기,6c0eacee-745a-4ff0-8dfa-5c464854e301,행복황토침구,침구,양동복개상가,전통시장,,,,
bf36afb7f25f6f58d615,full_annotation_v1,A,q_침구_01,침구,생활·마트 중 '침구'를 판매·제공하는 매장,test,침구,T1 정확표기,a13342f8-c8e1-4403-8ef2-35578bcc6781,대선침구,침구,김제전통시장,전통시장,전북특별자치도,,,
2e66392a94527352a469,full_annotation_v1,A,q_침구_01,침구,생활·마트 중 '침구'를 판매·제공하는 매장,test,침구,T1 정확표기,bf8f7ca4-0c26-4456-9d32-512b2f77d175,대한이불,침구,부산진시장,전통시장,부산광역시,,,
e9d01fb36d177b24b01d,full_annotation_v1,A,q_침구_01,침구,생활·마트 중 '침구'를 판매·제공하는 매장,test,침구,T1 정확표기,dee9f586-e05a-4d73-b760-a73055537027,한들향,커피 음료 디저트,우리시장,자율상권구역,서울특별시,,,
1ac8bf4d341dddf4edbf,full_annotation_v1,A,q_침구_01,침구,생활·마트 중 '침구'를 판매·제공하는 매장,test,침구,T1 정확표기,19b2bf20-9d77-4fe7-a977-98fee8494e37,경주침구,침구,부산진시장,전통시장,부산광역시,,,
672a18fb33d62fcf047a,full_annotation_v1,A,q_침구_01,침구,생활·마트 중 '침구'를 판매·제공하는 매장,test,침구,T1 정확표기,a22a3542-d524-48b0-ac3f-a6bd8292bff5,그린의상실,의류,부산진시장,전통시장,부산광역시,,,
ca799805d40b3ebcd536,full_annotation_v1,A,q_침구_01,침구,생활·마트 중 '침구'를 판매·제공하는 매장,test,침구,T1 정확표기,be9e14ff-432a-46a0-b756-cc9e85240f00,부영침구,침구,장성읍 골목형상점가,골목형상점가,전라남도,,,
3cf4f6e897e0d6b1672b,full_annotation_v1,A,q_침구_01,침구,생활·마트 중 '침구'를 판매·제공하는 매장,test,침구,T1 정확표기,0168e10e-c168-404c-83b2-0d1fd89d65e6,루디아,혼수 커튼,양동복개상가,전통시장,,,,
3d020329d0674184aebe,full_annotation_v1,A,q_침구_01,침구,생활·마트 중 '침구'를 판매·제공하는 매장,test,침구,T1 정확표기,00f84355-823b-4c23-bb49-e842bf41a1a3,금호커텐,커튼,양동복개상가,전통시장,,,,
2e13ccace021cdcab44f,full_annotation_v1,A,q_침구_01,침구,생활·마트 중 '침구'를 판매·제공하는 매장,test,침구,T1 정확표기,613c60a2-3838-46f5-b65d-a544ed0e7830,대박삼겹,한식,동서시장,전통시장,대구광역시,,,
bd62aea90233f2465395,full_annotation_v1,A,q_침구_01,침구,생활·마트 중 '침구'를 판매·제공하는 매장,test,침구,T1 정확표기,3f971513-ee97-4a2c-a9a7-5c26e1a997ed,SJ헤어샵,미용,서가재미 골목형상점가,골목형상점가,전북특별자치도,,,
58c2d61214e526c77cb9,full_annotation_v1,A,q_침구_01,침구,생활·마트 중 '침구'를 판매·제공하는 매장,test,침구,T1 정확표기,9b430b68-2565-46ec-998a-a63d595f412c,신혼방,침구,온택트 괴정스마트 상권활성화구역,상권활성화구역,부산광역시,,,
75bbac148949c77b3630,full_annotation_v1,A,q_침구_01,침구,생활·마트 중 '침구'를 판매·제공하는 매장,test,침구,T1 정확표기,3a29a3a7-18fd-4666-99b1-68f7caee7849,새별침구,침구,서문공설시장,전통시장,제주특별자치도,,,
8db19bffdb263a6b8470,full_annotation_v1,A,q_침구_01,침구,생활·마트 중 '침구'를 판매·제공하는 매장,test,침구,T1 정확표기,009cda97-be64-4deb-8311-f6e42d4eca25,갤러리커튼,커튼블라인드침구,홀릭스,골목형상점가,광주광역시,,,
16292a5936702e0667cf,full_annotation_v1,A,q_침구_01,침구,생활·마트 중 '침구'를 판매·제공하는 매장,test,침구,T1 정확표기,6b978c94-cdc0-4212-8524-571079962642,영풍침구,침구,진주 중앙시장,전통시장,경상남도,,,
64bfa60c060c489ebf72,full_annotation_v1,A,q_침구_01,침구,생활·마트 중 '침구'를 판매·제공하는 매장,test,침구,T1 정확표기,e0884744-655d-46de-92af-e0fb59461473,최고다푸줏간,육류,제일시장,전통시장,서울특별시,,,
5836c4e931319063599d,full_annotation_v1,A,q_침구_01,침구,생활·마트 중 '침구'를 판매·제공하는 매장,test,침구,T1 정확표기,9c344717-bc28-4456-b48a-dd4e5d869df4,니블,침구,북촌계동길골목형상점가,골목형상점가,서울특별시,,,
293dc4b76bf73d3f8bb1,full_annotation_v1,A,q_침구_01,침구,생활·마트 중 '침구'를 판매·제공하는 매장,test,침구,T1 정확표기,52475ece-386d-439a-a811-67d64a7bbdc1,대원침구,침구,길동복조리시장,전통시장,서울특별시,,,
06c10397e61a87af4f4b,full_annotation_v1,A,q_침구_01,침구,생활·마트 중 '침구'를 판매·제공하는 매장,test,침구,T1 정확표기,2eba25e4-bba0-434e-a475-3945548d73a6,세사리빙,침구,㈜르네시떼,전통시장,부산광역시,,,
42b5d419bb99df135eef,full_annotation_v1,A,q_침구_01,침구,생활·마트 중 '침구'를 판매·제공하는 매장,test,침구,T1 정확표기,2aecebcc-4570-48c3-982c-578c6451bd8f,이불상회,침구,해미읍성전통시장,전통시장,충청남도,,,
368154cbc93f5df7a18d,full_annotation_v1,A,q_침구_01,침구,생활·마트 중 '침구'를 판매·제공하는 매장,test,침구,T1 정확표기,01022b54-7fac-43ff-8e1e-8e0c95d34ac6,아이편한♥소리잠매트,침구 등,성남프라자,전통시장,울산광역시,,,
794cc7f9fd259a7192ce,full_annotation_v1,A,q_침구_01,침구,생활·마트 중 '침구'를 판매·제공하는 매장,test,침구,T1 정확표기,b5182eaa-0eab-4a05-8b53-cff69e548a3d,대창침구,침구,경주성동공설시장,전통시장,경상북도,,,
6400229833b14899b254,full_annotation_v1,A,q_침구_01,침구,생활·마트 중 '침구'를 판매·제공하는 매장,test,침구,T1 정확표기,aa508e42-7dbe-46ca-b9f0-3a517627e35b,부산상회,침구,서산동부전통시장,전통시장,충청남도,,,
330e3c7b9affa1fe2a1b,full_annotation_v1,A,q_침구_01,침구,생활·마트 중 '침구'를 판매·제공하는 매장,test,침구,T1 정확표기,940fd7a3-caac-4ca5-bd04-9e4f3a731453,해피론이불,침구,서부시장(서부재래시장),전통시장,충청남도,,,
32c7497d3ac6f80f597a,full_annotation_v1,A,q_침구_01,침구,생활·마트 중 '침구'를 판매·제공하는 매장,test,침구,T1 정확표기,a5780020-6b18-481e-95a9-fe744ecc0b11,세사리빙,침구,창원 성원그랜드쇼핑상가,전통시장,경상남도,,,
cb9d439f4fdbf4f75bad,full_annotation_v1,A,q_침구_01,침구,생활·마트 중 '침구'를 판매·제공하는 매장,test,침구,T1 정확표기,afa3defd-b22d-4ce4-ab19-3cb1ed75946c,도심상사,침구,두암1동군왕로 골목형상점가,골목형상점가,광주광역시,,,
8ddbdbf391c17e749ce7,full_annotation_v1,A,q_침구_01,침구,생활·마트 중 '침구'를 판매·제공하는 매장,test,침구,T1 정확표기,52b28c28-3938-42b2-b6c0-3d0279344f72,자미온,침구,화정로상인회 골목형상점가,골목형상점가,광주광역시,,,
6ddf7ffa605bf9f95e30,full_annotation_v1,A,q_침구_01,침구,생활·마트 중 '침구'를 판매·제공하는 매장,test,침구,T1 정확표기,355f9a17-48ff-42c0-b20a-e8a2165a422f,이불자리,침구,수정전통시장,전통시장,부산광역시,,,
941782fde73a1db68bad,full_annotation_v1,A,q_침구_01,침구,생활·마트 중 '침구'를 판매·제공하는 매장,test,침구,T1 정확표기,adbeda9c-8800-45c6-86bf-76c5ef3f2f55,부흥포목상회,침구,"온양온천시장(온양재래시장, 전통시장)",전통시장,충청남도,,,
4f81fe99c1d1235334f4,full_annotation_v1,A,q_침구_01,침구,생활·마트 중 '침구'를 판매·제공하는 매장,test,침구,T1 정확표기,ead700f1-808e-4894-a368-4ecf853aa2ef,이브자리,침구,남대문시장,전통시장,서울특별시,,,
c99be78d27b2f1f983a4,full_annotation_v1,A,q_침구_01,침구,생활·마트 중 '침구'를 판매·제공하는 매장,test,침구,T1 정확표기,c5affa2b-e68b-4093-ac49-8c4616128ea0,LG강진대리점,전자제품,강진중앙로상가,자율상권구역,전라남도,,,
7e993a1178860d551182,full_annotation_v1,A,q_침구_01,침구,생활·마트 중 '침구'를 판매·제공하는 매장,test,침구,T1 정확표기,2d04708a-fa05-45b0-8a0a-bd3631a3516d,이브자리,침구,구미역중앙 골목형상점가,골목형상점가,경상북도,,,
aeb99b9e6a52740b8f72,full_annotation_v1,A,q_침구_01,침구,생활·마트 중 '침구'를 판매·제공하는 매장,test,침구,T1 정확표기,b574317c-4a13-4a6c-9927-7cd3fb6e22ee,두레침구,침구,"온양온천시장(온양재래시장, 전통시장)",전통시장,충청남도,,,
4c7b1a41d3ebae74ed8b,full_annotation_v1,A,q_침구_01,침구,생활·마트 중 '침구'를 판매·제공하는 매장,test,침구,T1 정확표기,6c66511a-7a4f-449a-9159-f134f165e432,동광침구,침구,중앙메가프라자,전통시장,대전광역시,,,
14dcc95d39fe32cbfdbe,full_annotation_v1,A,q_침구_01,침구,생활·마트 중 '침구'를 판매·제공하는 매장,test,침구,T1 정확표기,ab8675c4-135f-4592-8afc-605b7365d856,아랑주,침구,마산 창동통합상가,자율상권구역,경상남도,,,
51905cbd32b954a0f8d4,full_annotation_v1,A,q_침구_01,침구,생활·마트 중 '침구'를 판매·제공하는 매장,test,침구,T1 정확표기,e9bd6316-cd5f-40f3-9be0-4014e059c98c,고성이불,침구,부산진시장,전통시장,부산광역시,,,
262827052f7b8113bcd6,full_annotation_v1,A,q_침구_01,침구,생활·마트 중 '침구'를 판매·제공하는 매장,test,침구,T1 정확표기,47958854-ac14-466c-bb31-c6abf62eacd1,한성신발,채소,남성사계시장,전통시장,서울특별시,,,
a0e5dacda249dbac6d42,full_annotation_v1,A,q_침구_01,침구,생활·마트 중 '침구'를 판매·제공하는 매장,test,침구,T1 정확표기,61057e75-4b2e-460d-8dcd-edc88e1a48c6,앤웜,침구,지중해마을 골목형상점가,골목형상점가,충청남도,,,
f816098696da3f67566c,full_annotation_v1,A,q_침구_01,침구,생활·마트 중 '침구'를 판매·제공하는 매장,test,침구,T1 정확표기,ec9c7276-2696-44b6-9458-84cbc0aa1db7,정든회타운,일반음식점,대천항수산시장,전통시장,충청남도,,,
13ec67124ddb551e17f1,full_annotation_v1,A,q_침구_01,침구,생활·마트 중 '침구'를 판매·제공하는 매장,test,침구,T1 정확표기,80087291-e8ee-4df5-ab78-ce3bbca1b83e,자미온,침구,학동 남문로 골목형상점가,골목형상점가,광주광역시,,,
4912e14c028f0922e6af,full_annotation_v1,A,q_침구_01,침구,생활·마트 중 '침구'를 판매·제공하는 매장,test,침구,T1 정확표기,8232c430-9baa-4c57-9d8d-03b1ff33e66b,홍시,침구,천상일길 골목형상점가,골목형상점가,울산광역시,,,
434fa394bc1f5cc4154b,full_annotation_v1,A,q_침구_01,침구,생활·마트 중 '침구'를 판매·제공하는 매장,test,침구,T1 정확표기,05f61aac-89ed-4dcb-a65b-bec44db79e2e,만수무강,한복,패션의거리,자율상권구역,광주광역시,,,
f19533133c4b8128cc3b,full_annotation_v1,A,q_침구_01,침구,생활·마트 중 '침구'를 판매·제공하는 매장,test,침구,T1 정확표기,fa3ce4e5-92fd-41ca-aa08-dfb785764d5b,장준영 닭강정,닭강정,부평종합시장,전통시장,인천광역시,,,
23a23fe167eee20d0f1e,full_annotation_v1,A,q_침구_01,침구,생활·마트 중 '침구'를 판매·제공하는 매장,test,침구,T1 정확표기,cfd3eae3-4daf-4222-86c6-f9fd95f14e3a,현대침구,침구,광장시장,전통시장,서울특별시,,,
1569d578319617d4b2b6,full_annotation_v1,A,q_침구_01,침구,생활·마트 중 '침구'를 판매·제공하는 매장,test,침구,T1 정확표기,a23beef5-4e7a-4740-a9aa-4c113ed64b3f,이브자리,침구,완산상점가,자율상권구역,경상북도,,,
c91db73269f20d4ce17e,full_annotation_v1,A,q_침구_01,침구,생활·마트 중 '침구'를 판매·제공하는 매장,test,침구,T1 정확표기,00083664-fb4e-4e3b-bb0a-d9a0a1e8f87f,롯데세탁소,,와룡로 골목형상점가,골목형상점가,전북특별자치도,,,
75b71238178a60a80ff4,full_annotation_v1,A,q_침구_01,침구,생활·마트 중 '침구'를 판매·제공하는 매장,test,침구,T1 정확표기,0321fb2a-78bf-4ea9-961b-0a0e245b5863,세모누비,침구,정서진중앙시장(구 서구중앙시장),전통시장,인천광역시,,,
b3d7d2831d59c6e8a133,full_annotation_v1,A,q_침구_01,침구,생활·마트 중 '침구'를 판매·제공하는 매장,test,침구,T1 정확표기,6e0278b6-3f40-4293-bf54-6d1f47394982,주원,침구,광장시장,전통시장,서울특별시,,,
270793588e5260b02c91,full_annotation_v1,A,q_침구_01,침구,생활·마트 중 '침구'를 판매·제공하는 매장,test,침구,T1 정확표기,01c8223c-7693-4269-8de1-ef21d68577d4,신흥침구사,침구,중앙신시장,전통시장,경상북도,,,
84c02d124909799a2f32,full_annotation_v1,A,q_침구_01,침구,생활·마트 중 '침구'를 판매·제공하는 매장,test,침구,T1 정확표기,a5317453-ab54-458f-836a-928af69fa75c,한진상회,침구,진주 중앙시장,전통시장,경상남도,,,
97818c29c03ec0fdeaea,full_annotation_v1,A,q_침구_01,침구,생활·마트 중 '침구'를 판매·제공하는 매장,test,침구,T1 정확표기,bf23ae6d-3be2-48a8-abb5-c87f013dde73,현대매트,침구,영주소백쇼핑몰,전통시장,경상북도,,,
17c485189445e5eb1484,full_annotation_v1,A,q_침구_01,침구,생활·마트 중 '침구'를 판매·제공하는 매장,test,침구,T1 정확표기,893606b8-224b-4567-8960-4d71b5b34a65,목화수예점,침구,안양중앙인정시장,전통시장,경기도,,,
fcc9974b2eea602b3ed6,full_annotation_v1,A,q_침구_01,침구,생활·마트 중 '침구'를 판매·제공하는 매장,test,침구,T1 정확표기,020246a6-0250-41f7-93e8-4b7cbdd9f5e2,덕광상회,이불,금산금빛시장(금산시장),전통시장,충청남도,,,
da0fa0748fb003db23f6,full_annotation_v1,A,q_침구_01,침구,생활·마트 중 '침구'를 판매·제공하는 매장,test,침구,T1 정확표기,b890b0bc-f593-4fae-a27f-e404488d3b7f,오롬하우스,침구,고투몰(강남터미널지하도상점가),일반지하상점가,서울특별시,,,
553e4c8969bffe9046eb,full_annotation_v1,A,q_침구_01,침구,생활·마트 중 '침구'를 판매·제공하는 매장,test,침구,T1 정확표기,969bc1f1-4c67-4ca1-a688-d5ab022822bc,세사리빙,침구,영주소백쇼핑몰,전통시장,경상북도,,,
40b38e6b4fce5377c67d,full_annotation_v1,A,q_침구_01,침구,생활·마트 중 '침구'를 판매·제공하는 매장,test,침구,T1 정확표기,499406a6-4d0d-43c1-afbe-0b776d5a690f,물망초,침구,금남시장,전통시장,서울특별시,,,
20db20922a4c80a67465,full_annotation_v1,A,q_침구_01,침구,생활·마트 중 '침구'를 판매·제공하는 매장,test,침구,T1 정확표기,bbf606d7-2846-46d0-a50a-15ec46bd4eb2,아이리스,침구,원주자유시장,전통시장,강원특별자치도,,,
65f7811b5f3fde212935,full_annotation_v1,A,q_침구_01,침구,생활·마트 중 '침구'를 판매·제공하는 매장,test,침구,T1 정확표기,a0eb37d3-0907-4438-b912-6f165e1cedff,이브자리,침구,서귀포중심상가번영회,자율상권구역,제주특별자치도,,,
e083fdf95cb21c9e2723,full_annotation_v1,A,q_침구_01,침구,생활·마트 중 '침구'를 판매·제공하는 매장,test,침구,T1 정확표기,26f9eb40-8bf0-46e2-9e6e-0515cca280cd,중앙침구사,침구,창녕전통시장,전통시장,경상남도,,,
03ad35b76d5b136a29c2,full_annotation_v1,A,q_침구_01,침구,생활·마트 중 '침구'를 판매·제공하는 매장,test,침구,T1 정확표기,0214317c-c9f8-4af4-8b93-7d7d52ee1acb,창과방,커튼,남대문시장,전통시장,서울특별시,,,
387ecd367cf530c2523f,full_annotation_v1,A,q_침구_01,침구,생활·마트 중 '침구'를 판매·제공하는 매장,test,침구,T1 정확표기,23612f83-a2a6-495c-a1fc-f8aca9633bcd,아르페지오,침구,성정가구거리상점가,자율상권구역,충청남도,,,
aa0a92899eb43f2593db,full_annotation_v1,A,q_침구_01,침구,생활·마트 중 '침구'를 판매·제공하는 매장,test,침구,T1 정확표기,01de114b-b852-4451-bf02-e87d19da999b,유메이트,소매업(이불),안양중앙인정시장,전통시장,경기도,,,
80803760ac0db9d607ba,full_annotation_v1,A,q_침구_01,침구,생활·마트 중 '침구'를 판매·제공하는 매장,test,침구,T1 정확표기,44162f88-abcf-4437-8a89-7e0405060a40,제일침구,침구,양동복개상가,전통시장,,,,
8425a9c92b433c687fe2,full_annotation_v1,A,q_침구_01,침구,생활·마트 중 '침구'를 판매·제공하는 매장,test,침구,T1 정확표기,5a865fdf-1219-4730-b9c2-fe47bad93700,장수상회,침구,안강공설시장,전통시장,경상북도,,,
7a09f2d67b8b335ba971,full_annotation_v1,A,q_침구_01,침구,생활·마트 중 '침구'를 판매·제공하는 매장,test,침구,T1 정확표기,4cb6a0c6-3a11-4894-ac4d-b3ceda71d113,자이침구,침구,신봉동 온누리 골목형상점가,골목형상점가,경기도,,,
89c35558b2ab0e967f6c,full_annotation_v1,A,q_침구_01,침구,생활·마트 중 '침구'를 판매·제공하는 매장,test,침구,T1 정확표기,124d5d0a-4fe8-438e-a79f-e68d9a91cc03,선경침구,침구,용인중앙시장,전통시장,경기도,,,
689b94941f24a7691884,full_annotation_v1,A,q_침구_01,침구,생활·마트 중 '침구'를 판매·제공하는 매장,test,침구,T1 정확표기,7ec96234-ba10-4529-a690-bacb20e3e0d5,영남상회,침구,성호시장 골목형상점가,골목형상점가,경기도,,,
a208bce32dcb131cf6cd,full_annotation_v1,A,q_침구_01,침구,생활·마트 중 '침구'를 판매·제공하는 매장,test,침구,T1 정확표기,1ce7fce6-b899-41ec-85f4-cd65aa04226f,공주침구,침구,구서오시게시장,전통시장,부산광역시,,,
c87fe023ffa8e65fe1b2,full_annotation_v1,A,q_침구_01,침구,생활·마트 중 '침구'를 판매·제공하는 매장,test,침구,T1 정확표기,02187a22-27d8-4fad-a650-42495bec004f,부흥상회,이불,용현시장,전통시장,인천광역시,,,
04ec3c3097ea0693386b,full_annotation_v1,A,q_침구_01,침구,생활·마트 중 '침구'를 판매·제공하는 매장,test,침구,T1 정확표기,7adf6073-7363-453a-84ef-15e76d5cf0e3,이브자리,침구,진주 중앙상점가,자율상권구역,경상남도,,,
ebd2202d3ad269893a70,full_annotation_v1,A,q_침구_01,침구,생활·마트 중 '침구'를 판매·제공하는 매장,test,침구,T1 정확표기,779b2f1b-cd4d-4512-b2f6-225ffaa801b3,중앙침구사,침구,중앙신시장,전통시장,경상북도,,,
c8c120ccc4cf60f6c153,full_annotation_v1,A,q_침구_01,침구,생활·마트 중 '침구'를 판매·제공하는 매장,test,침구,T1 정확표기,57aad33c-d6bf-4649-9410-afb56e3bb0e3,인드림,침구,영선신시장,전통시장,대구광역시,,,
73ded2444cc9270a351e,full_annotation_v1,A,q_침구_01,침구,생활·마트 중 '침구'를 판매·제공하는 매장,test,침구,T1 정확표기,00c164d0-76c7-4e7a-9676-ecfdbb052077,크린토피아신창점,세탁,신창수문 골목형상점가,골목형상점가,광주광역시,,,
990b18bc4da73dc5e222,full_annotation_v1,A,q_침구_01,침구,생활·마트 중 '침구'를 판매·제공하는 매장,test,침구,T1 정확표기,757cdefc-274b-4d7c-946c-6c68a48cd8ac,신흥사,침구,동대문종합시장,전통시장,서울특별시,,,
990dc3255d12c4d92a66,full_annotation_v1,A,q_침구_01,침구,생활·마트 중 '침구'를 판매·제공하는 매장,test,침구,T1 정확표기,5d55845e-4d0f-4488-a162-54dc6bff79b9,수정상회,침구,부산진시장,전통시장,부산광역시,,,
084fd5a0b3966d2ce346,full_annotation_v1,A,q_침구_01,침구,생활·마트 중 '침구'를 판매·제공하는 매장,test,침구,T1 정확표기,43eae82c-423a-4568-8f7d-d4b7659aa8f5,루꼬베르,침구,역전지하상가,일반지하상점가,대전광역시,,,
d200b52153bb42e5ed1a,full_annotation_v1,A,q_침구_01,침구,생활·마트 중 '침구'를 판매·제공하는 매장,test,침구,T1 정확표기,0a7829cd-024f-4ed3-9746-18a16cc96c4e,왕관상사,침구,자양15번가골목형상점가,골목형상점가,서울특별시,,,
4f5c4f11ed270ea55343,full_annotation_v1,A,q_침구_01,침구,생활·마트 중 '침구'를 판매·제공하는 매장,test,침구,T1 정확표기,1a95ac0b-f903-419e-9b4f-2aa2594ae8a0,이브방,침구,공주산성시장,전통시장,충청남도,,,
1b617080e1060b15aad2,full_annotation_v1,A,q_침구_01,침구,생활·마트 중 '침구'를 판매·제공하는 매장,test,침구,T1 정확표기,510e66f5-4114-44f6-9e6c-92c933ecf868,아이시스,침구,서문시장 제1지구1층(직물시장),전통시장,대구광역시,,,
1830e741b9df02110a6d,full_annotation_v1,A,q_침구_01,침구,생활·마트 중 '침구'를 판매·제공하는 매장,test,침구,T1 정확표기,1fdea4c6-fa16-4886-ae32-64259460c6b0,아방스,침구,전주중앙상가시장,전통시장,전북특별자치도,,,
c93ece4c20500e603403,full_annotation_v1,A,q_침구_01,침구,생활·마트 중 '침구'를 판매·제공하는 매장,test,침구,T1 정확표기,c3cb5733-571e-44d0-b783-3c6625f1ca61,대왕침구,침구,신도봉시장,전통시장,서울특별시,,,
386d41d54b945c0c1970,full_annotation_v1,A,q_침구_01,침구,생활·마트 중 '침구'를 판매·제공하는 매장,test,침구,T1 정확표기,0056f4f0-208d-4d7c-996c-9e6526fea6cf,한일침구,침구,목포원도심상점가,자율상권구역,전라남도,,,
696925d8b556bb1a84cd,full_annotation_v1,A,q_침구_01,침구,생활·마트 중 '침구'를 판매·제공하는 매장,test,침구,T1 정확표기,a8ff2edd-5dc6-4d8f-a633-b9e292e305fa,보드란침구,침구 잡화,군산중앙로 골목형상점가,골목형상점가,전북특별자치도,,,
b3a3515592353cd2a0a8,full_annotation_v1,A,q_침구_01,침구,생활·마트 중 '침구'를 판매·제공하는 매장,test,침구,T1 정확표기,443decf0-4930-409e-92e2-f6b65434dd21,세사리빙,침구,송천행복로 골목형상점가,골목형상점가,전북특별자치도,,,
8b73027b68c9683ff7b7,full_annotation_v1,A,q_침구_01,침구,생활·마트 중 '침구'를 판매·제공하는 매장,test,침구,T1 정확표기,48668cb9-5de3-4bd5-a8c8-a8482bcbed64,중앙침구사,침구,강진읍 상권활성화구역,상권활성화구역,전라남도,,,
5c112b0fab30b63c3806,full_annotation_v1,A,q_침구_01,침구,생활·마트 중 '침구'를 판매·제공하는 매장,test,침구,T1 정확표기,114392db-a26e-4759-bd57-ef1ef1020da6,우먼로드,침구,구룡포시장,전통시장,경상북도,,,
b9f0946224c6a2415649,full_annotation_v1,A,q_침구_01,침구,생활·마트 중 '침구'를 판매·제공하는 매장,test,침구,T1 정확표기,6a3fee36-545a-4da8-a71d-fb2995040803,침구나라,침구,영등포제일상가,자율상권구역,서울특별시,,,
f330ffb0cf4eb3edbb8d,full_annotation_v1,A,q_침구_01,침구,생활·마트 중 '침구'를 판매·제공하는 매장,test,침구,T1 정확표기,bae7f509-ddfd-4004-99e7-96fd05bb2058,동원수예,침구,광장시장,전통시장,서울특별시,,,
bb048e85b563d4ced62b,full_annotation_v1,A,q_침구_01,침구,생활·마트 중 '침구'를 판매·제공하는 매장,test,침구,T1 정확표기,a6f687e3-6ebc-4a7a-9ff9-58c575088ad5,대동침구,침구,수원영동시장,전통시장,경기도,,,
807f7961b0f075b62591,full_annotation_v1,A,q_침구_01,침구,생활·마트 중 '침구'를 판매·제공하는 매장,test,침구,T1 정확표기,90aad741-5a24-41be-ad5e-8892df348a9d,스와니이불집,침구,전주중앙상가시장,전통시장,전북특별자치도,,,
7e045e1e4f710d7bc062,full_annotation_v1,A,q_침구_01,침구,생활·마트 중 '침구'를 판매·제공하는 매장,test,침구,T1 정확표기,8d155d58-62e4-43b0-a6da-7080f9063a0b,한일사,침구,새길시장,전통시장,대구광역시,,,
19f4f35fdc6ffb6eaf6a,full_annotation_v1,A,q_침구_01,침구,생활·마트 중 '침구'를 판매·제공하는 매장,test,침구,T1 정확표기,34eb58c4-7805-4adb-a68b-07bf9bdcad60,구로침구,침구,남구로시장,전통시장,서울특별시,,,
d03c720552ef83f1f7c3,full_annotation_v1,A,q_침구_01,침구,생활·마트 중 '침구'를 판매·제공하는 매장,test,침구,T1 정확표기,03c8c5a6-0d2c-40d6-befb-bbe4a1badfc6,현대침구,침구,포항죽도농산물시장,전통시장,경상북도,,,
a19a767668cf0f558f0e,full_annotation_v1,A,q_침구_01,침구,생활·마트 중 '침구'를 판매·제공하는 매장,test,침구,T1 정확표기,6e524b62-7a38-4ee8-8c16-3d6e19d6c0a1,베틀즈,침구,부산진시장,전통시장,부산광역시,,,
aa6436f1c0cf55bcd9a0,full_annotation_v1,A,q_침구_01,침구,생활·마트 중 '침구'를 판매·제공하는 매장,test,침구,T1 정확표기,61857567-0c75-422c-bff4-f4f0635ddd11,사거리식육점,식육,한림매일시장,전통시장,제주특별자치도,,,
eeb58da9cf6f94c930cc,full_annotation_v1,A,q_침구_01,침구,생활·마트 중 '침구'를 판매·제공하는 매장,test,침구,T1 정확표기,f9bb360a-dd72-443d-ab12-4a97c249f2cb,미도파침구,침구,영동전통시장,전통시장,서울특별시,,,
bf17723fe71ade3a8730,full_annotation_v1,A,q_침구_01,침구,생활·마트 중 '침구'를 판매·제공하는 매장,test,침구,T1 정확표기,0f822c7a-7ae1-4224-90af-bc8c5014c8be,이영희침구,침구,섬유제품관,전통시장,대구광역시,,,
caac66045611e64fd193,full_annotation_v1,A,q_침구_01,침구,생활·마트 중 '침구'를 판매·제공하는 매장,test,침구,T1 정확표기,67f5d98e-ef04-40f6-b715-a5a3312d1686,장미침구,침구,까치산시장,전통시장,서울특별시,,,
acc854910f769ba91198,full_annotation_v1,A,q_침구_01,침구,생활·마트 중 '침구'를 판매·제공하는 매장,test,침구,T1 정확표기,61f8d6b6-0f8a-4cc7-b461-b3f0bafed328,기백족발,한식,용봉지구 골목형상점가,골목형상점가,광주광역시,,,
f0fdeaa0b9eb9012c6b1,full_annotation_v1,A,q_침구_01,침구,생활·마트 중 '침구'를 판매·제공하는 매장,test,침구,T1 정확표기,9d4838d3-4e8f-4458-aa28-eaeea91189d4,엘르침구,침구,모아패션아울렛 골목형상점가,골목형상점가,경기도,,,
949d92d51cc7cfff2e89,full_annotation_v1,A,q_침구_01,침구,생활·마트 중 '침구'를 판매·제공하는 매장,test,침구,T1 정확표기,00831337-1223-4dcf-9c42-67ca874b1ef6,무지개,침구류,부산진시장,전통시장,부산광역시,,,
ef0f99e6f94e5db5e6fa,full_annotation_v1,A,q_침구_01,침구,생활·마트 중 '침구'를 판매·제공하는 매장,test,침구,T1 정확표기,1c2b7408-304f-4ae8-a2e4-e73616d23cfc,슬립앤슬립천안두정점,침구,두정동상점가,자율상권구역,충청남도,,,
0e02fc95cd7e25d672c8,full_annotation_v1,A,q_침구_01,침구,생활·마트 중 '침구'를 판매·제공하는 매장,test,침구,T1 정확표기,8360ca60-2007-4c29-a51d-212b6e6b5831,TV홈쇼핑,생활용품,진주 동성상가,전통시장,경상남도,,,
4cb158f6d858de7e6995,full_annotation_v1,A,q_침구_01,침구,생활·마트 중 '침구'를 판매·제공하는 매장,test,침구,T1 정확표기,d55bb574-bfa3-42f2-a75d-9ff1b7b86a53,이브자리,침구,동대문종합시장,전통시장,서울특별시,,,
64f9b69c982d2b9ffaa5,full_annotation_v1,A,q_침구_01,침구,생활·마트 중 '침구'를 판매·제공하는 매장,test,침구,T1 정확표기,5acf7957-13c8-440c-b2b5-1a7cf5a65cef,대구상회,침구,목포항동시장,전통시장,전라남도,,,
82ed0cbb2904d8fdd388,full_annotation_v1,A,q_침구_01,침구,생활·마트 중 '침구'를 판매·제공하는 매장,test,침구,T1 정확표기,462894d4-10a0-4c8a-bb86-86f38691edda,미광침구,침구,남대문시장,전통시장,서울특별시,,,
2a36b164540c75eee7cd,full_annotation_v1,A,q_침구_01,침구,생활·마트 중 '침구'를 판매·제공하는 매장,test,침구,T1 정확표기,6a3a5be4-dd03-4b4f-ab82-3d813177f8c7,보니따데코,침구,서문시장2지구 종합상가,전통시장,대구광역시,,,
940189d5b1068bb2b2d9,full_annotation_v1,A,q_침구_01,침구,생활·마트 중 '침구'를 판매·제공하는 매장,test,침구,T1 정확표기,116fadff-f232-4989-ac57-745e16d1e427,단신혼수방,침구,영주소백쇼핑몰,전통시장,경상북도,,,
f6037b1288f17eceef2a,full_annotation_v1,A,q_침구_01,침구,생활·마트 중 '침구'를 판매·제공하는 매장,test,침구,T1 정확표기,033fc658-a256-42a6-8ebf-24763bc43ba1,신광컴퓨터세탁소,세탁소,대야 골목형상점가,골목형상점가,전북특별자치도,,,
f25b16fd53f38e5979dc,full_annotation_v1,A,q_침구_01,침구,생활·마트 중 '침구'를 판매·제공하는 매장,test,침구,T1 정확표기,d7ec3d7f-ef6d-4107-8798-c1cafe470dfa,한일패션침구,침구,군산공설시장,전통시장,전북특별자치도,,,
494c4bd2867832ba227a,full_annotation_v1,A,q_침구_01,침구,생활·마트 중 '침구'를 판매·제공하는 매장,test,침구,T1 정확표기,9868ddf7-d5db-4f8b-963a-c69645474ba0,이브자리,침구,용현시장,전통시장,인천광역시,,,
4a48db0a0989aedb6d78,full_annotation_v1,A,q_침구_01,침구,생활·마트 중 '침구'를 판매·제공하는 매장,test,침구,T1 정확표기,019c9868-92c6-4e25-b2ea-903f322c9acf,맡겨봐신발세탁,세탁,임동 골목형상점가,골목형상점가,광주광역시,,,
a17bbb0b213f5fe4259b,full_annotation_v1,A,q_침구_02,이불,생활·마트 중 '침구'를 판매·제공하는 매장,test,침구,T2 동의어,01022b54-7fac-43ff-8e1e-8e0c95d34ac6,아이편한♥소리잠매트,침구 등,성남프라자,전통시장,울산광역시,,,
a0133c05266834897ae1,full_annotation_v1,A,q_침구_02,이불,생활·마트 중 '침구'를 판매·제공하는 매장,test,침구,T2 동의어,020bee4a-baa0-4c84-a1d2-1ffe5e745eb7,유영주단,"이불, 한복",대가야 자율상권구역,,경상북도,,,
dbe1a6f9bc38ac7bb26e,full_annotation_v1,A,q_침구_02,이불,생활·마트 중 '침구'를 판매·제공하는 매장,test,침구,T2 동의어,00c164d0-76c7-4e7a-9676-ecfdbb052077,크린토피아신창점,세탁,신창수문 골목형상점가,골목형상점가,광주광역시,,,
9b8ac439e223325c4076,full_annotation_v1,A,q_침구_02,이불,생활·마트 중 '침구'를 판매·제공하는 매장,test,침구,T2 동의어,dfde276a-2766-4ce7-aec5-e218fa9f05fb,청양수예,이불,청양전통시장(구 청양상설시장),전통시장,충청남도,,,
31f9cadba580460b66a9,full_annotation_v1,A,q_침구_02,이불,생활·마트 중 '침구'를 판매·제공하는 매장,test,침구,T2 동의어,36605745-783b-45bf-80cf-aa23e5ef2d1f,해전이불,이불,양산 덕계종합상설시장,전통시장,경상남도,,,
05fce83f37874733bb86,full_annotation_v1,A,q_침구_02,이불,생활·마트 중 '침구'를 판매·제공하는 매장,test,침구,T2 동의어,5f856f68-330e-468a-905b-6973e464efb7,이불장만,이불,춘천풍물시장,전통시장,강원특별자치도,,,
ecaf9042b9e34ac4d442,full_annotation_v1,A,q_침구_02,이불,생활·마트 중 '침구'를 판매·제공하는 매장,test,침구,T2 동의어,4cd472d5-aa85-40a4-a5cb-3028cfcb1217,가평금방,"소매(귀금속및시계,장신구)",가평잣고을시장,전통시장,경기도,,,
41f6d6334b2c1a96f0e8,full_annotation_v1,A,q_침구_02,이불,생활·마트 중 '침구'를 판매·제공하는 매장,test,침구,T2 동의어,033fc658-a256-42a6-8ebf-24763bc43ba1,신광컴퓨터세탁소,세탁소,대야 골목형상점가,골목형상점가,전북특별자치도,,,
fb3c8eb4f49da695893d,full_annotation_v1,A,q_침구_02,이불,생활·마트 중 '침구'를 판매·제공하는 매장,test,침구,T2 동의어,4c673cc5-b0dc-4d23-806d-c8d181d6a286,우먼로드,이불,주안시민지하도상점가,일반지하상점가,인천광역시,,,
fa4322d8cee0fbc9e75d,full_annotation_v1,A,q_침구_02,이불,생활·마트 중 '침구'를 판매·제공하는 매장,test,침구,T2 동의어,82bfa994-c84b-453c-8abf-8e499bcd1296,명남이불,이불,문막시장,전통시장,강원특별자치도,,,
7e85e059cf787ab6e0da,full_annotation_v1,A,q_침구_02,이불,생활·마트 중 '침구'를 판매·제공하는 매장,test,침구,T2 동의어,00083664-fb4e-4e3b-bb0a-d9a0a1e8f87f,롯데세탁소,,와룡로 골목형상점가,골목형상점가,전북특별자치도,,,
27ee51c8954ebc4910d4,full_annotation_v1,A,q_침구_02,이불,생활·마트 중 '침구'를 판매·제공하는 매장,test,침구,T2 동의어,558a6ab7-7c82-49dd-bbf2-6601a89bb993,대림침구,이불,서면지하도상가 부전몰,일반지하상점가,부산광역시,,,
8af036af4134fcbe752e,full_annotation_v1,A,q_침구_02,이불,생활·마트 중 '침구'를 판매·제공하는 매장,test,침구,T2 동의어,1f119a00-ecda-41ab-90c3-95622ee83755,우먼로드,이불,석바위시장,전통시장,인천광역시,,,
161a5206f8adb5415557,full_annotation_v1,A,q_침구_02,이불,생활·마트 중 '침구'를 판매·제공하는 매장,test,침구,T2 동의어,cbaa5934-030b-4251-ab20-e97a375bab5a,도환사,이불,수유시장,전통시장,서울특별시,,,
be482908516068f2c297,full_annotation_v1,A,q_침구_02,이불,생활·마트 중 '침구'를 판매·제공하는 매장,test,침구,T2 동의어,c7a566b0-cbac-48ad-a220-2179af2c01ae,이브자리,이불,서문시장4지구종합대체상가(베네시움),전통시장,대구광역시,,,
5028fe1f41e5c3522f07,full_annotation_v1,A,q_침구_02,이불,생활·마트 중 '침구'를 판매·제공하는 매장,test,침구,T2 동의어,ec8ce93a-8b7f-46d4-bb89-2a0ebe1a5a5a,핑크이불,이불,마산 대동씨코아상가시장,전통시장,경상남도,,,
cc1e76fad5576c5483f9,full_annotation_v1,A,q_침구_02,이불,생활·마트 중 '침구'를 판매·제공하는 매장,test,침구,T2 동의어,27dd357c-afc7-4497-a406-799203ff88c9,모두랑,의류 등,중앙상가시장,전통시장,대전광역시,,,
f37f884d1f4b028e6c29,full_annotation_v1,A,q_침구_02,이불,생활·마트 중 '침구'를 판매·제공하는 매장,test,침구,T2 동의어,fa8608ae-7155-4e49-a3e4-6d7cfb04c48f,영풍이불,이불,중앙메가프라자,전통시장,대전광역시,,,
bf121b2ebfaef45f7fd8,full_annotation_v1,A,q_침구_02,이불,생활·마트 중 '침구'를 판매·제공하는 매장,test,침구,T2 동의어,ae51ea08-c795-489c-863e-f7719162834f,전원농산,농산물,황지시장상점가,자율상권구역,강원특별자치도,,,
2a28f746f4ecef70bb5d,full_annotation_v1,A,q_침구_02,이불,생활·마트 중 '침구'를 판매·제공하는 매장,test,침구,T2 동의어,b0f75e4b-f8e0-4c7e-8b49-4de19f7c8c44,우먼로드,이불,동울산종합시장,전통시장,울산광역시,,,
8c6d0f2f009c94f0cd58,full_annotation_v1,A,q_침구_02,이불,생활·마트 중 '침구'를 판매·제공하는 매장,test,침구,T2 동의어,3541cf06-3cc1-4e09-928c-f290cfe20fa8,대구상회,이불,거창 전통시장,전통시장,경상남도,,,
88e85711a9131545393b,full_annotation_v1,A,q_침구_02,이불,생활·마트 중 '침구'를 판매·제공하는 매장,test,침구,T2 동의어,f760186e-b5a1-4c74-a134-67dc82b5fc61,광진정육점,축산물 육류,황학시장,전통시장,서울특별시,,,
21ad10ab156c575613e2,full_annotation_v1,A,q_침구_02,이불,생활·마트 중 '침구'를 판매·제공하는 매장,test,침구,T2 동의어,26130dc8-f89b-478d-9c25-35fa1ffd444f,가나이불,이불,군산공설시장,전통시장,전북특별자치도,,,
2d6c1fc4de3f9e5d67a1,full_annotation_v1,A,q_침구_02,이불,생활·마트 중 '침구'를 판매·제공하는 매장,test,침구,T2 동의어,537f0552-416a-4d61-a06e-ebf113c1e7c6,숙이홈,이불,중동사랑시장,전통시장,경기도,,,
f27d06ad525d5bd297e0,full_annotation_v1,A,q_침구_02,이불,생활·마트 중 '침구'를 판매·제공하는 매장,test,침구,T2 동의어,5af18f09-c3a5-4e86-9662-814c1e8ebf5b,쉐모아,이불,양산 남부시장상가,전통시장,경상남도,,,
2cb66d834380fb76ab04,full_annotation_v1,A,q_침구_02,이불,생활·마트 중 '침구'를 판매·제공하는 매장,test,침구,T2 동의어,de45a295-3b75-43e8-9eaa-d393e45165e5,신광공예사,공예품,㈜여수중앙시장,전통시장,전라남도,,,
d0d6e6ad335e2a89a0a2,full_annotation_v1,A,q_침구_02,이불,생활·마트 중 '침구'를 판매·제공하는 매장,test,침구,T2 동의어,87f6d6ef-48fd-4202-a7e3-6a9bb603c044,이브자리여주375,이불,여주375아울렛상점가,자율상권구역,경기도,,,
d392afa5a5216c2de746,full_annotation_v1,A,q_침구_02,이불,생활·마트 중 '침구'를 판매·제공하는 매장,test,침구,T2 동의어,01fa75f4-4cdb-4d62-931a-2b130cdef613,에띠앙이불집,이불,익산장(구 북부장),전통시장,전북특별자치도,,,
925a6edf52c6f4fbb436,full_annotation_v1,A,q_침구_02,이불,생활·마트 중 '침구'를 판매·제공하는 매장,test,침구,T2 동의어,8cdb7e5c-bf66-4e7e-9e85-b6882f4e2428,88제육,,삼각지맛길 골목형상점가,골목형상점가,대구광역시,,,
72c0f6da5a7eb1c6f2c3,full_annotation_v1,A,q_침구_02,이불,생활·마트 중 '침구'를 판매·제공하는 매장,test,침구,T2 동의어,4efb8c57-0247-4867-b4f9-594543fb0e50,초량이불마트,이불,초량 이음자율상권,,부산광역시,,,
dbfc5cb0320fb56d0db6,full_annotation_v1,A,q_침구_02,이불,생활·마트 중 '침구'를 판매·제공하는 매장,test,침구,T2 동의어,a3cc1dd1-5c6e-41cb-898f-1153c0e0f866,콜라인,잡화,창원 성원그랜드쇼핑상가,전통시장,경상남도,,,
d50ae9aa6330e9b535ca,full_annotation_v1,A,q_침구_02,이불,생활·마트 중 '침구'를 판매·제공하는 매장,test,침구,T2 동의어,fa8f5f09-26cf-4828-ba54-222f6a237814,로즈샵,화장품,산정상인회 골목형상점가,골목형상점가,광주광역시,,,
9352b18957daf4e003e7,full_annotation_v1,A,q_침구_02,이불,생활·마트 중 '침구'를 판매·제공하는 매장,test,침구,T2 동의어,f723630a-acf2-46ab-a65b-26fe7ad80e5c,이브자리,이불,남부골목시장,전통시장,서울특별시,,,
ff1ac843334a5a9b63e1,full_annotation_v1,A,q_침구_02,이불,생활·마트 중 '침구'를 판매·제공하는 매장,test,침구,T2 동의어,b61fa63c-5271-4295-91f5-78ba546dda90,형제랑이불,이불,양동복개상가,전통시장,광주광역시,,,
f1513781de5e5b24b8ac,full_annotation_v1,A,q_침구_02,이불,생활·마트 중 '침구'를 판매·제공하는 매장,test,침구,T2 동의어,02187a22-27d8-4fad-a650-42495bec004f,부흥상회,이불,용현시장,전통시장,인천광역시,,,
34bb5278c20c3e3e01f8,full_annotation_v1,A,q_침구_02,이불,생활·마트 중 '침구'를 판매·제공하는 매장,test,침구,T2 동의어,aca7a63b-fb6e-4f9e-ba04-1601ad6102af,새로나상회,이불,용현시장,전통시장,인천광역시,,,
50c7bcdd1c82463b5f75,full_annotation_v1,A,q_침구_02,이불,생활·마트 중 '침구'를 판매·제공하는 매장,test,침구,T2 동의어,be323dfe-a2c3-41ac-9b5f-b9ce90c712c8,이브자리,이불,선비골전통시장,전통시장,경상북도,,,
343cc8091b7f5cc0e055,full_annotation_v1,A,q_침구_02,이불,생활·마트 중 '침구'를 판매·제공하는 매장,test,침구,T2 동의어,fcf2d023-c5a8-488b-b727-097fbd6f605c,대우이불,이불,군산공설시장,전통시장,전북특별자치도,,,
ecf6a6887b0e4c0ca4e1,full_annotation_v1,A,q_침구_02,이불,생활·마트 중 '침구'를 판매·제공하는 매장,test,침구,T2 동의어,fd1f2de0-f47e-4df2-8e23-8a97ba99e17d,핑크이불,이불,구미새마을중앙시장,전통시장,경상북도,,,
3b180277980acd73e323,full_annotation_v1,A,q_침구_02,이불,생활·마트 중 '침구'를 판매·제공하는 매장,test,침구,T2 동의어,5c040c58-27f4-480c-9dce-9b4d9822455a,천사이불,이불,남부종합시장,전통시장,인천광역시,,,
5f6df87302732c975bef,full_annotation_v1,A,q_침구_02,이불,생활·마트 중 '침구'를 판매·제공하는 매장,test,침구,T2 동의어,ce6436ef-caf1-4781-9b02-342ded827d6e,서사라 이불,"이불, 침구류",서문공설시장,전통시장,제주특별자치도,,,
37645790e41b6e14ad8f,full_annotation_v1,A,q_침구_02,이불,생활·마트 중 '침구'를 판매·제공하는 매장,test,침구,T2 동의어,00831337-1223-4dcf-9c42-67ca874b1ef6,무지개,침구류,부산진시장,전통시장,부산광역시,,,
9af76d1442be4efc2b05,full_annotation_v1,A,q_침구_02,이불,생활·마트 중 '침구'를 판매·제공하는 매장,test,침구,T2 동의어,d5896cb3-59f2-4a0f-90cf-dffc4836d261,신양이불,이불,서문시장 제1지구2층(포목시장),전통시장,대구광역시,,,
287733ad976deb6abd4e,full_annotation_v1,A,q_침구_02,이불,생활·마트 중 '침구'를 판매·제공하는 매장,test,침구,T2 동의어,ae8b6297-bb66-45ee-b419-224c758f86c1,실루엣,이불,엑스포코아 골목형상점가,골목형상점가,대전광역시,,,
97e5c74dbdc432ffdee7,full_annotation_v1,A,q_침구_02,이불,생활·마트 중 '침구'를 판매·제공하는 매장,test,침구,T2 동의어,30ac881c-3756-4aa0-8c03-afa7becdd8ac,차밍홈,이불,안성 전통 옛장터길 골목형상점가,골목형상점가,경기도,,,
2841353e1d40984ab542,full_annotation_v1,A,q_침구_02,이불,생활·마트 중 '침구'를 판매·제공하는 매장,test,침구,T2 동의어,a1256432-37d6-439e-afd4-37b0ae0da356,이브자리,이불,목동깨비시장(구 목3동시장),전통시장,서울특별시,,,
52fae1f788cd63e440d4,full_annotation_v1,A,q_침구_02,이불,생활·마트 중 '침구'를 판매·제공하는 매장,test,침구,T2 동의어,2415c5b4-d696-4804-a6b8-97a7c129666d,행복이불커텐,이불,여수서시장주변시장,전통시장,전라남도,,,
8ecbea8af5027c3f8185,full_annotation_v1,A,q_침구_02,이불,생활·마트 중 '침구'를 판매·제공하는 매장,test,침구,T2 동의어,009cda97-be64-4deb-8311-f6e42d4eca25,갤러리커튼,커튼블라인드침구,홀릭스,골목형상점가,광주광역시,,,
89368a04368418d241cb,full_annotation_v1,A,q_침구_02,이불,생활·마트 중 '침구'를 판매·제공하는 매장,test,침구,T2 동의어,88b1f06c-00f2-44f2-9386-314e1be0921f,제일상회,이불,대명여울빛거리시장,전통시장,서울특별시,,,
9225a614de9571f1b6e1,full_annotation_v1,A,q_침구_02,이불,생활·마트 중 '침구'를 판매·제공하는 매장,test,침구,T2 동의어,020914cd-8086-4fad-ab39-bbae265d6a60,양진이불,침구,경주성동공설시장,전통시장,경상북도,,,
46cf463e6b728f96ae79,full_annotation_v1,A,q_침구_02,이불,생활·마트 중 '침구'를 판매·제공하는 매장,test,침구,T2 동의어,820f4134-5a96-43e1-9e9c-a7faae13c973,서울침구,이불,전주풍남문상점가,자율상권구역,전북특별자치도,,,
063b8b1972819613ffa8,full_annotation_v1,A,q_침구_02,이불,생활·마트 중 '침구'를 판매·제공하는 매장,test,침구,T2 동의어,5aed6e39-9cf3-4da2-a031-65e3477bf994,아르페지오,이불,산본로데오거리(구 산본중심상가),자율상권구역,경기도,,,
07479f5278c900a5180e,full_annotation_v1,A,q_침구_02,이불,생활·마트 중 '침구'를 판매·제공하는 매장,test,침구,T2 동의어,6fa9647d-cef1-4bed-b758-2cd57995d9fb,정우이불,이불,밀양 수산시장,전통시장,경상남도,,,
af96bcfccd9a8a23401a,full_annotation_v1,A,q_침구_02,이불,생활·마트 중 '침구'를 판매·제공하는 매장,test,침구,T2 동의어,9c8fbfee-f23b-4412-ac5f-ebdd4b3f8562,쉐모아,이불,범천중앙시장,전통시장,부산광역시,,,
cf8f5982d1ad3ca25849,full_annotation_v1,A,q_침구_02,이불,생활·마트 중 '침구'를 판매·제공하는 매장,test,침구,T2 동의어,8c86a5ac-7f57-4726-9c0a-3493d712dbcb,세연이불,이불,서문시장 제1지구1층(직물시장),전통시장,대구광역시,,,
157c0f17b311ac0073f7,full_annotation_v1,A,q_침구_02,이불,생활·마트 중 '침구'를 판매·제공하는 매장,test,침구,T2 동의어,aae5f8bc-43ad-47ed-83ed-9a5212252a18,테크노 가구백화점,가구,신창동가구의거리일번국도상점가,자율상권구역,광주광역시,,,
7901eb30c3eb4131d0f5,full_annotation_v1,A,q_침구_02,이불,생활·마트 중 '침구'를 판매·제공하는 매장,test,침구,T2 동의어,60d3ec18-b3a9-4c76-9e33-082fa6186545,부림상회,이불,여수서시장주변시장,전통시장,전라남도,,,
bbb9fe8bdb5fde626500,full_annotation_v1,A,q_침구_02,이불,생활·마트 중 '침구'를 판매·제공하는 매장,test,침구,T2 동의어,05291547-c22d-430e-95c2-e31bda19a90a,슈퍼타이 본점,세탁,월드시티상가 골목형상점가,골목형상점가,울산광역시,,,
e02eb5b22eb2d1f1f50a,full_annotation_v1,A,q_침구_02,이불,생활·마트 중 '침구'를 판매·제공하는 매장,test,침구,T2 동의어,49e2c4e3-327a-4a22-9b61-f02b59367ac4,이브자리,이불,진주 중앙시장,전통시장,경상남도,,,
a1dc5b9c23b0dd0c979f,full_annotation_v1,A,q_침구_02,이불,생활·마트 중 '침구'를 판매·제공하는 매장,test,침구,T2 동의어,70811b6e-7893-40f2-8a72-76e1fc41ebe2,마춤이불,이불,마산 수남상가,전통시장,경상남도,,,
7ab31c84d99f6dc52595,full_annotation_v1,A,q_침구_02,이불,생활·마트 중 '침구'를 판매·제공하는 매장,test,침구,T2 동의어,ff192627-a959-45d8-800e-1592b6c39803,홈사랑,이불,북부중앙 골목형상점가,골목형상점가,경기도,,,
46c385cb5720129609e0,full_annotation_v1,A,q_침구_02,이불,생활·마트 중 '침구'를 판매·제공하는 매장,test,침구,T2 동의어,1c8cb171-a0f1-4b64-aea8-94c9bdb8feb3,패션이불,이불,동문시장㈜,전통시장,제주특별자치도,,,
2ce4ae771618cdb4be7f,full_annotation_v1,A,q_침구_02,이불,생활·마트 중 '침구'를 판매·제공하는 매장,test,침구,T2 동의어,a07ff670-c264-4a61-925d-9f561036b07b,세사리빙,이불,정이있는 구포시장,전통시장,부산광역시,,,
982f4abb023babc3a496,full_annotation_v1,A,q_침구_02,이불,생활·마트 중 '침구'를 판매·제공하는 매장,test,침구,T2 동의어,75cb857c-894b-48f0-a460-add42ef3f618,이불랑침구,이불,오산오색시장(구 오산중앙시장),전통시장,경기도,,,
224cbd0b1e3dad757ef1,full_annotation_v1,A,q_침구_02,이불,생활·마트 중 '침구'를 판매·제공하는 매장,test,침구,T2 동의어,886e74c2-d15d-4142-bf01-acfd5eb1d6f5,아르페지오,이불,소반시장 골목형상점가,골목형상점가,부산광역시,,,
614569823b4a666b7d9c,full_annotation_v1,A,q_침구_02,이불,생활·마트 중 '침구'를 판매·제공하는 매장,test,침구,T2 동의어,25b6ca34-0472-42f9-a1a5-34665c310fc4,아나이스,이불,노형1 골목형상점가,골목형상점가,제주특별자치도,,,
35de249ad081af16fc0f,full_annotation_v1,A,q_침구_02,이불,생활·마트 중 '침구'를 판매·제공하는 매장,test,침구,T2 동의어,ec5588d5-5493-4de0-814e-e10f454eccc5,아르페지오,이불,익산매일시장,전통시장,전북특별자치도,,,
9691e093ac2ea5d95726,full_annotation_v1,A,q_침구_02,이불,생활·마트 중 '침구'를 판매·제공하는 매장,test,침구,T2 동의어,11b9c399-990c-448b-a915-1e2dd35258d5,우먼로드,이불,원미금강 상점가,자율상권구역,경기도,,,
10450136d9fdad7d73b4,full_annotation_v1,A,q_침구_02,이불,생활·마트 중 '침구'를 판매·제공하는 매장,test,침구,T2 동의어,3c30aa36-0961-4da7-94c8-d1e152110ab7,제일유통,이불,오산오색시장(구 오산중앙시장),전통시장,경기도,,,
dd0617ab736adf6de69d,full_annotation_v1,A,q_침구_02,이불,생활·마트 중 '침구'를 판매·제공하는 매장,test,침구,T2 동의어,9bf5ab80-18e9-44ca-8fe8-1056f0ce3da0,성진,이불,영주소백쇼핑몰,전통시장,경상북도,,,
87af239f5151c537f7c3,full_annotation_v1,A,q_침구_02,이불,생활·마트 중 '침구'를 판매·제공하는 매장,test,침구,T2 동의어,dec2f7bf-3452-42bd-8eaf-eb2fa8fc167d,알레르망스토어,이불,진주 중앙상점가,자율상권구역,경상남도,,,
6e18be858e4f748c9b35,full_annotation_v1,A,q_침구_02,이불,생활·마트 중 '침구'를 판매·제공하는 매장,test,침구,T2 동의어,78849280-f9f4-4478-ac5b-a53fcb2c73b0,쉐모아,이불,대곡시장,전통시장,대구광역시,,,
b8e192c72fc2a4e54b12,full_annotation_v1,A,q_침구_02,이불,생활·마트 중 '침구'를 판매·제공하는 매장,test,침구,T2 동의어,f6645922-9c5b-4a65-a47a-e570093168c2,이브자리,이불,충장로45가 상점가,자율상권구역,광주광역시,,,
2c4ab818da860babb44d,full_annotation_v1,A,q_침구_02,이불,생활·마트 중 '침구'를 판매·제공하는 매장,test,침구,T2 동의어,f8050b0a-0f61-4d0b-aa77-415d8da4200c,백양이불,이불,설악눈메골시장,전통시장,경기도,,,
aacb722235203941451c,full_annotation_v1,A,q_침구_02,이불,생활·마트 중 '침구'를 판매·제공하는 매장,test,침구,T2 동의어,01de114b-b852-4451-bf02-e87d19da999b,유메이트,소매업(이불),안양중앙인정시장,전통시장,경기도,,,
ea0469cc5c9b3376e176,full_annotation_v1,A,q_침구_02,이불,생활·마트 중 '침구'를 판매·제공하는 매장,test,침구,T2 동의어,0168e10e-c168-404c-83b2-0d1fd89d65e6,루디아,혼수 커튼,양동복개상가,전통시장,,,,
58de95ade170a15e19b0,full_annotation_v1,A,q_침구_02,이불,생활·마트 중 '침구'를 판매·제공하는 매장,test,침구,T2 동의어,414ae9d9-178e-4e71-bc5a-20d46c8e8abc,은혜이불,이불,문창시장,전통시장,대전광역시,,,
0bc3544590f5f6a94d32,full_annotation_v1,A,q_침구_02,이불,생활·마트 중 '침구'를 판매·제공하는 매장,test,침구,T2 동의어,d618146d-7642-4b05-bb6f-5aef9c4cb92e,홈패션,이불,원미금강 상점가,자율상권구역,경기도,,,
8bb2ca421d785b914ea8,full_annotation_v1,A,q_침구_02,이불,생활·마트 중 '침구'를 판매·제공하는 매장,test,침구,T2 동의어,623a38fb-ceb5-4005-9f43-5d611e210912,쉐모아,이불,호계중앙 골목형상점가,골목형상점가,울산광역시,,,
6ef0e15564f47372335a,full_annotation_v1,A,q_침구_02,이불,생활·마트 중 '침구'를 판매·제공하는 매장,test,침구,T2 동의어,a147473e-8a96-4f24-8220-1895eb6e6b77,무학 참숯 소갈비살,한식,두산동밤마실거리 골목형상점가,골목형상점가,대구광역시,,,
da04a1c3637e4e9fc8e2,full_annotation_v1,A,q_침구_02,이불,생활·마트 중 '침구'를 판매·제공하는 매장,test,침구,T2 동의어,9af5feb3-3a79-4bb7-8d7b-04f8755bb236,엄마이불,이불,양동복개상가,전통시장,광주광역시,,,
a85ff58046ef438cc807,full_annotation_v1,A,q_침구_02,이불,생활·마트 중 '침구'를 판매·제공하는 매장,test,침구,T2 동의어,7470b831-3dd2-4b0e-9de5-53da2296c5a6,삼우이불,이불,동부시장,전통시장,인천광역시,,,
dbe086a893b0c2bca0e2,full_annotation_v1,A,q_침구_02,이불,생활·마트 중 '침구'를 판매·제공하는 매장,test,침구,T2 동의어,6f6fb733-39d7-4714-b1b7-43c34017a345,알레르망,이불,안산다농마트전통시장,전통시장,경기도,,,
0431f9f0f4b38b4d0d24,full_annotation_v1,A,q_침구_02,이불,생활·마트 중 '침구'를 판매·제공하는 매장,test,침구,T2 동의어,bf573816-30d5-4268-87f9-22e5824bcd62,무안이불마트,이불,밀양 무안시장,전통시장,경상남도,,,
3a1ffb7ec6e3c9b0cfa8,full_annotation_v1,A,q_침구_02,이불,생활·마트 중 '침구'를 판매·제공하는 매장,test,침구,T2 동의어,505754f0-ac77-49e9-9a9c-4b3ffac8bbe5,시몬이불,이불,창동신창시장,전통시장,서울특별시,,,
f599220f6f793445a403,full_annotation_v1,A,q_침구_02,이불,생활·마트 중 '침구'를 판매·제공하는 매장,test,침구,T2 동의어,871456dc-7da2-4db3-8ad4-cf75c984b2ad,예쁜이불,이불,현대 골목형상점가,골목형상점가,전라남도,,,
eaa7df59064d0b0cc05a,full_annotation_v1,A,q_침구_02,이불,생활·마트 중 '침구'를 판매·제공하는 매장,test,침구,T2 동의어,9f1715a4-354e-46f0-a8a9-dd2cf0696aa5,예쁜공주양품,,자유도매시장,전통시장,대전광역시,,,
d3ba0b6cd9557d1b5483,full_annotation_v1,A,q_침구_02,이불,생활·마트 중 '침구'를 판매·제공하는 매장,test,침구,T2 동의어,4d4b14a4-4d26-4855-bc58-9d76e2c671bb,삼덕이불,이불,신정상가시장,전통시장,울산광역시,,,
ce185c0b3c3b6d03b915,full_annotation_v1,A,q_침구_02,이불,생활·마트 중 '침구'를 판매·제공하는 매장,test,침구,T2 동의어,d9d06d49-bc2c-438e-a9b7-32e1d81157eb,궁전이불,이불,군산중앙로 골목형상점가,골목형상점가,전북특별자치도,,,
f88305bf4dbeb17b67eb,full_annotation_v1,A,q_침구_02,이불,생활·마트 중 '침구'를 판매·제공하는 매장,test,침구,T2 동의어,08acf691-26c6-4ee1-9dcf-3bc65d49b836,신월이불,이불,신월3동시장골목형상점가,골목형상점가,서울특별시,,,
811abe05543deac286de,full_annotation_v1,A,q_침구_02,이불,생활·마트 중 '침구'를 판매·제공하는 매장,test,침구,T2 동의어,3ad1ace9-78b2-4252-81e3-6e44185a3d7e,우리황토,이불,엑스포코아 골목형상점가,골목형상점가,대전광역시,,,
3e1a7787516ae1cc529c,full_annotation_v1,A,q_침구_02,이불,생활·마트 중 '침구'를 판매·제공하는 매장,test,침구,T2 동의어,e2729fcb-b32c-4476-9030-30816464189a,아르페지오,이불,용호2동골목시장,기타,부산광역시,,,
42ac1ed736c856571f89,full_annotation_v1,A,q_침구_02,이불,생활·마트 중 '침구'를 판매·제공하는 매장,test,침구,T2 동의어,ed81ddde-9af0-4779-8cd8-0e34356c2ce1,세사리빙,이불,길동복조리시장,전통시장,서울특별시,,,
050ae4c03cc8e9d2561d,full_annotation_v1,A,q_침구_02,이불,생활·마트 중 '침구'를 판매·제공하는 매장,test,침구,T2 동의어,b0930655-5c72-4143-a265-e50910fffee9,블랙박스,의류,춘천지하상가,일반지하상점가,강원특별자치도,,,
312f29521491571148d7,full_annotation_v1,A,q_침구_02,이불,생활·마트 중 '침구'를 판매·제공하는 매장,test,침구,T2 동의어,399b9001-d943-4b2e-9c50-6822a88c4e4a,아르페지오,이불,조치원 전통길 골목형상점가,골목형상점가,세종특별자치시,,,
8c28fc0f3b1c529b7c21,full_annotation_v1,A,q_침구_02,이불,생활·마트 중 '침구'를 판매·제공하는 매장,test,침구,T2 동의어,14c6b7f2-e4e7-4c41-837b-c40f3977819a,우먼로드,이불,수유시장,전통시장,서울특별시,,,
835fe37a7707a90bcc0c,full_annotation_v1,A,q_침구_02,이불,생활·마트 중 '침구'를 판매·제공하는 매장,test,침구,T2 동의어,1bdba918-d059-4779-8ee8-8eb959845968,부산상회,이불,부산진시장,전통시장,부산광역시,,,
cc4392556ff2dded6fed,full_annotation_v1,A,q_침구_02,이불,생활·마트 중 '침구'를 판매·제공하는 매장,test,침구,T2 동의어,019c9868-92c6-4e25-b2ea-903f322c9acf,맡겨봐신발세탁,세탁,임동 골목형상점가,골목형상점가,광주광역시,,,
c71a5de6e0f1c3c8c741,full_annotation_v1,A,q_침구_02,이불,생활·마트 중 '침구'를 판매·제공하는 매장,test,침구,T2 동의어,2219a275-2078-4838-9b00-642ce2838de4,솜씨방이불집,이불,익산장(구 북부장),전통시장,전북특별자치도,,,
9c31ecf4bdf5cb4c98ef,full_annotation_v1,A,q_침구_02,이불,생활·마트 중 '침구'를 판매·제공하는 매장,test,침구,T2 동의어,310c9424-eac7-476a-9a67-c7c75fd071a1,이불,,부산진시장,전통시장,부산광역시,,,
7556b1d71f6103c1c7b5,full_annotation_v1,A,q_침구_02,이불,생활·마트 중 '침구'를 판매·제공하는 매장,test,침구,T2 동의어,88bad2e8-1246-4cc0-b439-9ca7526846d4,쉐모아,이불,섬유제품관,전통시장,대구광역시,,,
7f634afb8eebd9f21283,full_annotation_v1,A,q_침구_02,이불,생활·마트 중 '침구'를 판매·제공하는 매장,test,침구,T2 동의어,00f84355-823b-4c23-bb49-e842bf41a1a3,금호커텐,커튼,양동복개상가,전통시장,,,,
b7a97f66dd2b745ccad6,full_annotation_v1,A,q_침구_02,이불,생활·마트 중 '침구'를 판매·제공하는 매장,test,침구,T2 동의어,c3683497-ab54-4469-818a-9f6196d5f0d6,쉐르빌,이불,목2동시장,전통시장,서울특별시,,,
7cd7ab30290e18615f57,full_annotation_v1,A,q_침구_02,이불,생활·마트 중 '침구'를 판매·제공하는 매장,test,침구,T2 동의어,60bbd1e4-95e3-4a76-8192-b2836cda4c3d,서울상회,이불,진안시장(진안고원시장),전통시장,전북특별자치도,,,
416c0f4c70c8de9ed9a3,full_annotation_v1,A,q_침구_02,이불,생활·마트 중 '침구'를 판매·제공하는 매장,test,침구,T2 동의어,03342e1c-fb74-45a6-b4ef-6d50369c4ae6,요술램프,이불,창원 도계부부시장,전통시장,경상남도,,,
f8822b7dd3d246455754,full_annotation_v1,A,q_침구_02,이불,생활·마트 중 '침구'를 판매·제공하는 매장,test,침구,T2 동의어,ca3c6ecf-6e32-4419-9daa-a9a8ac4f1a02,알레르망,이불,남대문시장,전통시장,서울특별시,,,
6b94a0ea638fa202763e,full_annotation_v1,A,q_침구_02,이불,생활·마트 중 '침구'를 판매·제공하는 매장,test,침구,T2 동의어,aa9e79c8-16f3-4e2b-b7b0-165698e340b8,쉐모아,이불,산성로 상권활성화구역,상권활성화구역,경기도,,,
70687d6c2f2300901def,full_annotation_v1,A,q_침구_02,이불,생활·마트 중 '침구'를 판매·제공하는 매장,test,침구,T2 동의어,0214317c-c9f8-4af4-8b93-7d7d52ee1acb,창과방,커튼,남대문시장,전통시장,서울특별시,,,
c1b7237bd2a3e530f3c5,full_annotation_v1,A,q_침구_02,이불,생활·마트 중 '침구'를 판매·제공하는 매장,test,침구,T2 동의어,40555502-0ca4-4f0a-89cc-2a68be4ac658,진보이불,이불,창원 지귀시장,전통시장,경상남도,,,
400561bb1c3a24578d41,full_annotation_v1,A,q_침구_02,이불,생활·마트 중 '침구'를 판매·제공하는 매장,test,침구,T2 동의어,e936d9eb-5b17-496d-a6ac-c47068918003,금성이불,이불,서문시장 제1지구2층(포목시장),전통시장,대구광역시,,,
737355d6fae209bb3dcf,full_annotation_v1,A,q_침구_02,이불,생활·마트 중 '침구'를 판매·제공하는 매장,test,침구,T2 동의어,173c4f05-ba1c-4cc8-9bce-c32997c05bce,영도이불,이불,군산공설시장,전통시장,전북특별자치도,,,
cd7c510ae0bf162bd431,full_annotation_v1,A,q_침구_02,이불,생활·마트 중 '침구'를 판매·제공하는 매장,test,침구,T2 동의어,bf1143ba-31e9-4842-8efb-1920253442ec,루미에르,미용실,조양타워골목형상점가,골목형상점가,인천광역시,,,
30a90141f6a72479ff5f,full_annotation_v1,A,q_침구_02,이불,생활·마트 중 '침구'를 판매·제공하는 매장,test,침구,T2 동의어,7d8f2d67-f8dc-4e33-ba21-ab1537060ee8,한독이불,이불,송탄시장(송북시장),전통시장,경기도,,,
8eefcad11d541bd49b66,full_annotation_v1,A,q_침구_02,이불,생활·마트 중 '침구'를 판매·제공하는 매장,test,침구,T2 동의어,aa590fe8-fc68-4e09-9012-10fd2bd3dae1,다니엘 이불,이불,"온양온천시장(온양재래시장, 전통시장)",전통시장,충청남도,,,
3a75523ecee79c334341,full_annotation_v1,A,q_침구_02,이불,생활·마트 중 '침구'를 판매·제공하는 매장,test,침구,T2 동의어,0eb187dc-1e99-4170-a6ed-e9dff3d21b6c,은혜이불,이불,문경중앙시장,전통시장,경상북도,,,
dc81d67c7e61fcfebe93,full_annotation_v1,A,q_침구_02,이불,생활·마트 중 '침구'를 판매·제공하는 매장,test,침구,T2 동의어,31af6c1d-5b17-4460-8333-4ed19156929d,서울상회,이불,감전시장,전통시장,부산광역시,,,
898d5f540e8adf78b559,full_annotation_v1,A,q_침구_02,이불,생활·마트 중 '침구'를 판매·제공하는 매장,test,침구,T2 동의어,549d6431-2cd5-49af-99a1-a60a7ff8eca1,행운방이불,이불,경주중앙시장,전통시장,경상북도,,,
6f40c4773b2aeef8aea5,full_annotation_v1,A,q_침구_02,이불,생활·마트 중 '침구'를 판매·제공하는 매장,test,침구,T2 동의어,1bca8ac0-df75-4e45-82ed-d7fc2ef93230,쉐모아,이불,양산 남부시장상가,전통시장,경상남도,,,
5b1cba741c7c4504d7f2,full_annotation_v1,A,q_침구_02,이불,생활·마트 중 '침구'를 판매·제공하는 매장,test,침구,T2 동의어,015d152e-ed78-4d55-a7c5-5c8fce6debf7,후평종합이불,"침구류, 수건",후평일단지시장,전통시장,강원특별자치도,,,
432f43f2628e76bb6a1d,full_annotation_v1,A,q_침구_02,이불,생활·마트 중 '침구'를 판매·제공하는 매장,test,침구,T2 동의어,7c3a6bb3-39e3-4c6a-a12e-a35a1bf8fb85,신앙촌상회,이불,선우시장,전통시장,울산광역시,,,
e416c6d4dbed8dc9dda3,full_annotation_v1,A,q_침구_02,이불,생활·마트 중 '침구'를 판매·제공하는 매장,test,침구,T2 동의어,02149791-6e33-4077-a92d-4f7756bbaa40,잉꼬이불,이불,센트럴프라자,골목형상점가,울산광역시,,,
21df9f22e7a513cd3180,full_annotation_v1,A,q_침구_02,이불,생활·마트 중 '침구'를 판매·제공하는 매장,test,침구,T2 동의어,cf116c04-37ec-475b-a55c-c565b2025e5f,팔도이불,이불,수영팔도시장(구 수영팔도상가시장),전통시장,부산광역시,,,
1b6cee8fe3a5d544a4ca,full_annotation_v1,A,q_침구_02,이불,생활·마트 중 '침구'를 판매·제공하는 매장,test,침구,T2 동의어,acdecf59-0a4e-43d2-8d3d-e3b0a63a47cf,아나이스,이불,엑스포코아 골목형상점가,골목형상점가,대전광역시,,,
f2b44d30aa5b08f4c7a0,full_annotation_v1,A,q_침구_02,이불,생활·마트 중 '침구'를 판매·제공하는 매장,test,침구,T2 동의어,01c8223c-7693-4269-8de1-ef21d68577d4,신흥침구사,침구,중앙신시장,전통시장,경상북도,,,
64bf79c58a6aee1b8289,full_annotation_v1,A,q_침구_02,이불,생활·마트 중 '침구'를 판매·제공하는 매장,test,침구,T2 동의어,baeeaa9d-2665-4d71-82ad-7e00e66a9a0b,세사리빙,이불,흥국상가,자율상권구역,전라남도,,,
43af7a40e47f617ddbaf,full_annotation_v1,A,q_침구_02,이불,생활·마트 중 '침구'를 판매·제공하는 매장,test,침구,T2 동의어,a21dafbc-1d1c-4a1f-b5e4-ac57b3a5623b,대명이불,이불,창원 상남시장,전통시장,경상남도,,,
e0354931c544d3eed29b,full_annotation_v1,A,q_침구_02,이불,생활·마트 중 '침구'를 판매·제공하는 매장,test,침구,T2 동의어,dfc5c005-040b-495b-9966-505a560f2474,대왕이불,이불,망원동월드컵시장,전통시장,서울특별시,,,
5daa076840ff14a12c21,full_annotation_v1,A,q_침구_02,이불,생활·마트 중 '침구'를 판매·제공하는 매장,test,침구,T2 동의어,a9cc3210-4474-4a95-9570-28a1f28beff6,장원침장,이불,서문시장2지구 종합상가,전통시장,대구광역시,,,
0e860ae58c0d702fb0d8,full_annotation_v1,A,q_침구_02,이불,생활·마트 중 '침구'를 판매·제공하는 매장,test,침구,T2 동의어,99c3162c-3ac6-4f50-8622-02b04a5157f8,부성사,이불,문창동 보물찾(Chat)길 골목형상점가,골목형상점가,대전광역시,,,
4319c220ff01c981c156,full_annotation_v1,A,q_침구_02,이불,생활·마트 중 '침구'를 판매·제공하는 매장,test,침구,T2 동의어,012f526e-9f74-4b7a-86ab-887e82649cba,나주커튼,커튼,나주목사고을시장,전통시장,,,,
ba6c94d2563c5a4c649d,full_annotation_v1,A,q_침구_02,이불,생활·마트 중 '침구'를 판매·제공하는 매장,test,침구,T2 동의어,b658c695-42d6-4166-9fd6-69b2acc3abe1,홍옥이불,이불,의정부제일시장,전통시장,경기도,,,
a3877bc54c84c4f36215,full_annotation_v1,A,q_침구_02,이불,생활·마트 중 '침구'를 판매·제공하는 매장,test,침구,T2 동의어,ae553b19-db0f-4366-bd17-950926b3bb51,한국이불,이불,부천자유시장,전통시장,경기도,,,
672ada062c3cf56235b5,full_annotation_v1,A,q_침구_02,이불,생활·마트 중 '침구'를 판매·제공하는 매장,test,침구,T2 동의어,6544663e-0f23-4489-8c5f-4c6e2beb6ffc,디케이베딩,이불,서문시장 제1지구2층(포목시장),전통시장,대구광역시,,,
e2dda0872f28255288be,full_annotation_v1,A,q_침구_02,이불,생활·마트 중 '침구'를 판매·제공하는 매장,test,침구,T2 동의어,fd5b6280-262a-4c3a-942b-b5a8fe0fa0b9,웨스트우드,스포츠의류,장승배기로 골목형상점가,골목형상점가,전북특별자치도,,,
6695289366e58a9f4ce5,full_annotation_v1,A,q_침구_02,이불,생활·마트 중 '침구'를 판매·제공하는 매장,test,침구,T2 동의어,5dc92951-6107-4307-b077-91066beae305,이불공장,이불,하양꿈바우시장,전통시장,경상북도,,,
521c79c765f3dacca1a6,full_annotation_v1,A,q_침구_02,이불,생활·마트 중 '침구'를 판매·제공하는 매장,test,침구,T2 동의어,9507555c-f616-4653-8418-c3c9d75f7ebd,제이디엑스(JDX)전주평화점,스포츠의류,장승배기로 골목형상점가,골목형상점가,전북특별자치도,,,
1cdef088d8357eac927a,full_annotation_v1,A,q_침구_02,이불,생활·마트 중 '침구'를 판매·제공하는 매장,test,침구,T2 동의어,19220ba1-df95-4cbe-8f6b-2ead88996497,이브자리,이불,여주세종시장상점가,자율상권구역,경기도,,,
e3fb253736c70097e7aa,full_annotation_v1,A,q_침구_02,이불,생활·마트 중 '침구'를 판매·제공하는 매장,test,침구,T2 동의어,0829fe47-f308-40f0-a247-23107e05e184,대원이불,이불,사가정시장,전통시장,서울특별시,,,
6d38aec8f8d239d6361c,full_annotation_v1,A,q_침구_02,이불,생활·마트 중 '침구'를 판매·제공하는 매장,test,침구,T2 동의어,0c070458-933d-4b37-93e8-3933daa97cc2,신행상회,이불,김천중앙시장,전통시장,경상북도,,,
c5743db4f351a05b4b7a,full_annotation_v1,A,q_침구_02,이불,생활·마트 중 '침구'를 판매·제공하는 매장,test,침구,T2 동의어,14056dac-abed-4b0b-a498-b2a70207a512,중앙상회,이불,태안동부시장(구 태안특산물전통시장),전통시장,충청남도,,,
422f2de8eb053c11abc2,full_annotation_v1,A,q_침구_02,이불,생활·마트 중 '침구'를 판매·제공하는 매장,test,침구,T2 동의어,eebe2a61-8abd-4556-8d35-f58a5ff997dd,성도이불,이불,서문시장4지구종합대체상가(베네시움),전통시장,대구광역시,,,
4dee1cba1cedf9b8e3eb,full_annotation_v1,A,q_침구_02,이불,생활·마트 중 '침구'를 판매·제공하는 매장,test,침구,T2 동의어,0056f4f0-208d-4d7c-996c-9e6526fea6cf,한일침구,침구,목포원도심상점가,자율상권구역,전라남도,,,
01b97eb30fb31d255774,full_annotation_v1,A,q_침구_02,이불,생활·마트 중 '침구'를 판매·제공하는 매장,test,침구,T2 동의어,0b66bdd9-b27b-4b37-b8a5-1de4e08af5b1,끌레노아,두피미용,조양타워골목형상점가,골목형상점가,인천광역시,,,
3b8a27509ed0732eeec5,full_annotation_v1,A,q_침구_02,이불,생활·마트 중 '침구'를 판매·제공하는 매장,test,침구,T2 동의어,5fc62e9c-0e51-426f-acb2-1d39eea32ba4,덕포이불,이불,복이있는덕포시장,전통시장,부산광역시,,,
c4ebe4bf806d5768e442,full_annotation_v1,A,q_침구_02,이불,생활·마트 중 '침구'를 판매·제공하는 매장,test,침구,T2 동의어,020246a6-0250-41f7-93e8-4b7cbdd9f5e2,덕광상회,이불,금산금빛시장(금산시장),전통시장,충청남도,,,
c24e3a02900e53cb0813,full_annotation_v1,A,q_침구_02,이불,생활·마트 중 '침구'를 판매·제공하는 매장,test,침구,T2 동의어,9007bf7a-4880-417d-a5b5-aa7a26f42b0c,정열침구,이불,울산시장,전통시장,울산광역시,,,
2ddd6873a973f36d6c58,full_annotation_v1,A,q_침구_03,이불가게,생활·마트 중 '침구'를 판매·제공하는 매장,test,침구,T2 동의어,5ba86170-2a4c-41be-a5d9-b118dd0e6b62,오빠가게,야채,남부종합시장,전통시장,인천광역시,,,
882643584511d292f81f,full_annotation_v1,A,q_침구_03,이불가게,생활·마트 중 '침구'를 판매·제공하는 매장,test,침구,T2 동의어,5dc92951-6107-4307-b077-91066beae305,이불공장,이불,하양꿈바우시장,전통시장,경상북도,,,
97487edd964eb406c0cb,full_annotation_v1,A,q_침구_03,이불가게,생활·마트 중 '침구'를 판매·제공하는 매장,test,침구,T2 동의어,ab649915-7ba4-4fcc-9588-daf4702a4eba,김밥가게,김밥,혁신도시5구역골목형상점가,골목형상점가,강원특별자치도,,,
930ad14bfbb257226a95,full_annotation_v1,A,q_침구_03,이불가게,생활·마트 중 '침구'를 판매·제공하는 매장,test,침구,T2 동의어,00c164d0-76c7-4e7a-9676-ecfdbb052077,크린토피아신창점,세탁,신창수문 골목형상점가,골목형상점가,광주광역시,,,
2a1eaa4c0e2102bb6b05,full_annotation_v1,A,q_침구_03,이불가게,생활·마트 중 '침구'를 판매·제공하는 매장,test,침구,T2 동의어,00083664-fb4e-4e3b-bb0a-d9a0a1e8f87f,롯데세탁소,,와룡로 골목형상점가,골목형상점가,전북특별자치도,,,
42618bc224118db72c14,full_annotation_v1,A,q_침구_03,이불가게,생활·마트 중 '침구'를 판매·제공하는 매장,test,침구,T2 동의어,253e10cf-4a33-4db2-8e33-9f947afa0c56,속옷가게,의류,영동전통시장,전통시장,충청북도,,,
0f90f4ea3779ed16fdfb,full_annotation_v1,A,q_침구_03,이불가게,생활·마트 중 '침구'를 판매·제공하는 매장,test,침구,T2 동의어,1455d3de-6673-429e-9ed1-6e81eb1d7d6e,디자인두올(두올장식),커튼 블라인드 소품가구 인테리어,부산자유시장,전통시장,부산광역시,,,
fde1c95015cf90462cf3,full_annotation_v1,A,q_침구_03,이불가게,생활·마트 중 '침구'를 판매·제공하는 매장,test,침구,T2 동의어,b3220c93-8e83-47bc-b3b3-4ff687ec8ec8,입다,여성의류,이도패션거리 골목형상점가,골목형상점가,제주특별자치도,,,
3374879f8f84564ff7a6,full_annotation_v1,A,q_침구_03,이불가게,생활·마트 중 '침구'를 판매·제공하는 매장,test,침구,T2 동의어,4ed4c4e4-eba9-4f13-a775-40b1d4ecfb32,조은가게,야채,한민시장,전통시장,대전광역시,,,
cce7dfe5160add0bd00b,full_annotation_v1,A,q_침구_03,이불가게,생활·마트 중 '침구'를 판매·제공하는 매장,test,침구,T2 동의어,6211dc7f-0197-43bc-af59-9947a638f958,벨네일,네일서비스,어썸시티,골목형상점가,광주광역시,,,
c91c01e924d19b30350f,full_annotation_v1,A,q_침구_03,이불가게,생활·마트 중 '침구'를 판매·제공하는 매장,test,침구,T2 동의어,d59b2475-464c-47de-be2b-ad98fa07ad83,이불창고,이불 및 잡화,빛가람 하나로 골목형상점가,골목형상점가,전라남도,,,
40ceb5beccc15b7c8454,full_annotation_v1,A,q_침구_03,이불가게,생활·마트 중 '침구'를 판매·제공하는 매장,test,침구,T2 동의어,ffa782dc-e0ff-4365-8fd0-3e3c6440106d,요앞떡가게,떡류,장승백이전통시장(구 만수창대시장),전통시장,인천광역시,,,
2c75e93e7ed8d49fdee9,full_annotation_v1,A,q_침구_03,이불가게,생활·마트 중 '침구'를 판매·제공하는 매장,test,침구,T2 동의어,b1eece7f-4a30-4985-8a59-f7b98885ac99,선이가게,수산물,고성시장,전통시장,경상남도,,,
f88d813ff760c1a0a4cf,full_annotation_v1,A,q_침구_03,이불가게,생활·마트 중 '침구'를 판매·제공하는 매장,test,침구,T2 동의어,01c8223c-7693-4269-8de1-ef21d68577d4,신흥침구사,침구,중앙신시장,전통시장,경상북도,,,
a215df009b4965e7da5e,full_annotation_v1,A,q_침구_03,이불가게,생활·마트 중 '침구'를 판매·제공하는 매장,test,침구,T2 동의어,020246a6-0250-41f7-93e8-4b7cbdd9f5e2,덕광상회,이불,금산금빛시장(금산시장),전통시장,충청남도,,,
26c879cea059ee2a402d,full_annotation_v1,A,q_침구_03,이불가게,생활·마트 중 '침구'를 판매·제공하는 매장,test,침구,T2 동의어,7d1f635a-858b-4190-bfa8-12bc824fd3d2,배영민신발가게,신발,남문시장,전통시장,서울특별시,,,
67e9d0c2032eade22029,full_annotation_v1,A,q_침구_03,이불가게,생활·마트 중 '침구'를 판매·제공하는 매장,test,침구,T2 동의어,5f856f68-330e-468a-905b-6973e464efb7,이불장만,이불,춘천풍물시장,전통시장,강원특별자치도,,,
26eeaf6080d71b390e9d,full_annotation_v1,A,q_침구_03,이불가게,생활·마트 중 '침구'를 판매·제공하는 매장,test,침구,T2 동의어,05291547-c22d-430e-95c2-e31bda19a90a,슈퍼타이 본점,세탁,월드시티상가 골목형상점가,골목형상점가,울산광역시,,,
28ef83f7e60a1c2d0f96,full_annotation_v1,A,q_침구_03,이불가게,생활·마트 중 '침구'를 판매·제공하는 매장,test,침구,T2 동의어,b80cb310-b3a1-4388-b3e6-7a07565759ff,이불랜드,수예 이불,서남신시장,전통시장,대구광역시,,,
6720baf89f0c75674212,full_annotation_v1,A,q_침구_03,이불가게,생활·마트 중 '침구'를 판매·제공하는 매장,test,침구,T2 동의어,02149791-6e33-4077-a92d-4f7756bbaa40,잉꼬이불,이불,센트럴프라자,골목형상점가,울산광역시,,,
38bc613f953a05f3276d,full_annotation_v1,A,q_침구_03,이불가게,생활·마트 중 '침구'를 판매·제공하는 매장,test,침구,T2 동의어,0214317c-c9f8-4af4-8b93-7d7d52ee1acb,창과방,커튼,남대문시장,전통시장,서울특별시,,,
e6e2470632b027f2f976,full_annotation_v1,A,q_침구_03,이불가게,생활·마트 중 '침구'를 판매·제공하는 매장,test,침구,T2 동의어,83f233ce-c2c8-4d41-a4ec-3ce48f113c47,장안곱창,곱창,장안마실골목형상점가,골목형상점가,서울특별시,,,
6de9366e280e1379ffa7,full_annotation_v1,A,q_침구_03,이불가게,생활·마트 중 '침구'를 판매·제공하는 매장,test,침구,T2 동의어,7b8995cf-37fc-4f4f-aff3-156ffe3441c7,마실가게,한식,자갈치해안시장,전통시장,부산광역시,,,
32dd550237499c5bbb9e,full_annotation_v1,A,q_침구_03,이불가게,생활·마트 중 '침구'를 판매·제공하는 매장,test,침구,T2 동의어,aa05555d-38e3-46c9-add2-b6f68fcf2214,들령가게,농수산,서귀포매일올레시장,전통시장,제주특별자치도,,,
c58b5593958018991194,full_annotation_v1,A,q_침구_03,이불가게,생활·마트 중 '침구'를 판매·제공하는 매장,test,침구,T2 동의어,3855d21b-a3a8-4881-b987-4eb773721d6a,대륙수산,농축수산품,"안면도수산시장(구, 안면도장터)",전통시장,충청남도,,,
b2c10bcdcde628393cdb,full_annotation_v1,A,q_침구_03,이불가게,생활·마트 중 '침구'를 판매·제공하는 매장,test,침구,T2 동의어,01fa75f4-4cdb-4d62-931a-2b130cdef613,에띠앙이불집,이불,익산장(구 북부장),전통시장,전북특별자치도,,,
8a577d05057582aac66c,full_annotation_v1,A,q_침구_03,이불가게,생활·마트 중 '침구'를 판매·제공하는 매장,test,침구,T2 동의어,6e2bb88e-67bd-4c96-8cab-e2e0a520339b,이불창고,이불잡화,수완이지더원 골목형상점가,골목형상점가,광주광역시,,,
c620a7cea61e6082dad3,full_annotation_v1,A,q_침구_03,이불가게,생활·마트 중 '침구'를 판매·제공하는 매장,test,침구,T2 동의어,009cda97-be64-4deb-8311-f6e42d4eca25,갤러리커튼,커튼블라인드침구,홀릭스,골목형상점가,광주광역시,,,
f0a129249663342902be,full_annotation_v1,A,q_침구_03,이불가게,생활·마트 중 '침구'를 판매·제공하는 매장,test,침구,T2 동의어,151d1698-2503-4ffc-9e3b-bac014989306,싸가지고가게,식품,계양산전통시장,전통시장,인천광역시,,,
e337fde859b2d0e285f9,full_annotation_v1,A,q_침구_03,이불가게,생활·마트 중 '침구'를 판매·제공하는 매장,test,침구,T2 동의어,015d152e-ed78-4d55-a7c5-5c8fce6debf7,후평종합이불,"침구류, 수건",후평일단지시장,전통시장,강원특별자치도,,,
49225be6ee2d327878b9,full_annotation_v1,A,q_침구_03,이불가게,생활·마트 중 '침구'를 판매·제공하는 매장,test,침구,T2 동의어,94962552-a258-4a87-b9db-3686ebedc036,이불창고,이불잡화,영천 골목형상점가,골목형상점가,광주광역시,,,
c2529410b5e2c66654fa,full_annotation_v1,A,q_침구_03,이불가게,생활·마트 중 '침구'를 판매·제공하는 매장,test,침구,T2 동의어,2a007098-b16f-492c-a210-32decb4a5b0e,청아선술,닭볶음탕,염주골상인회 골목형상점가,골목형상점가,광주광역시,,,
26fbbad2d1239b3dda03,full_annotation_v1,A,q_침구_03,이불가게,생활·마트 중 '침구'를 판매·제공하는 매장,test,침구,T2 동의어,fc9df4a0-71ad-43b7-bde4-51b439cdaecc,시슬리 제주점,의류,이도패션거리 골목형상점가,골목형상점가,제주특별자치도,,,
cddbd66b846e25b3ee39,full_annotation_v1,A,q_침구_03,이불가게,생활·마트 중 '침구'를 판매·제공하는 매장,test,침구,T2 동의어,c15b7d24-b90f-4edb-a4d7-38d243dad39e,가게,담배,대명시장,전통시장,대구광역시,,,
3ab457c7162a5ed77597,full_annotation_v1,A,q_침구_03,이불가게,생활·마트 중 '침구'를 판매·제공하는 매장,test,침구,T2 동의어,020bee4a-baa0-4c84-a1d2-1ffe5e745eb7,유영주단,"이불, 한복",대가야 자율상권구역,,경상북도,,,
012bb66058b0986c086e,full_annotation_v1,A,q_침구_03,이불가게,생활·마트 중 '침구'를 판매·제공하는 매장,test,침구,T2 동의어,310c9424-eac7-476a-9a67-c7c75fd071a1,이불,,부산진시장,전통시장,부산광역시,,,
cf14d2d9d8f913bea181,full_annotation_v1,A,q_침구_03,이불가게,생활·마트 중 '침구'를 판매·제공하는 매장,test,침구,T2 동의어,0168e10e-c168-404c-83b2-0d1fd89d65e6,루디아,혼수 커튼,양동복개상가,전통시장,,,,
219db05e001e1cc40a45,full_annotation_v1,A,q_침구_03,이불가게,생활·마트 중 '침구'를 판매·제공하는 매장,test,침구,T2 동의어,9fd1562d-298d-4a18-995a-58b923f8687f,꼬치미,간이음식,화서1동 소상공인 골목형상점가,골목형상점가,경기도,,,
b83aa8e7ad2b7ba3addf,full_annotation_v1,A,q_침구_03,이불가게,생활·마트 중 '침구'를 판매·제공하는 매장,test,침구,T2 동의어,01022b54-7fac-43ff-8e1e-8e0c95d34ac6,아이편한♥소리잠매트,침구 등,성남프라자,전통시장,울산광역시,,,
61e88237e02bfe2d4ef0,full_annotation_v1,A,q_침구_03,이불가게,생활·마트 중 '침구'를 판매·제공하는 매장,test,침구,T2 동의어,53776ad6-4a97-4445-b7f6-e236725c5048,대박옷가게,옷가게,안동광석거리 골목형상점가,골목형상점가,경상북도,,,
c853079be5f2ca39720f,full_annotation_v1,A,q_침구_03,이불가게,생활·마트 중 '침구'를 판매·제공하는 매장,test,침구,T2 동의어,b6930828-0bf6-4236-9e08-7fabf1748282,삼촌가게,커튼,울산시장,전통시장,울산광역시,,,
8bea652902d921a56f97,full_annotation_v1,A,q_침구_03,이불가게,생활·마트 중 '침구'를 판매·제공하는 매장,test,침구,T2 동의어,75704ec2-dcc0-4ae0-9438-3cb8b15e588e,무영월,일식,군분로 골목형상점가,골목형상점가,광주광역시,,,
5c8bef650d09b0975e60,full_annotation_v1,A,q_침구_03,이불가게,생활·마트 중 '침구'를 판매·제공하는 매장,test,침구,T2 동의어,020914cd-8086-4fad-ab39-bbae265d6a60,양진이불,침구,경주성동공설시장,전통시장,경상북도,,,
e081b23ed7f184bd71a3,full_annotation_v1,A,q_침구_03,이불가게,생활·마트 중 '침구'를 판매·제공하는 매장,test,침구,T2 동의어,f12eab0f-9520-4105-9084-8a7ca2e7816a,행복한가게,,상도도깨비골목형상점가,골목형상점가,서울특별시,,,
3ec05bcde0e5543202bd,full_annotation_v1,A,q_침구_03,이불가게,생활·마트 중 '침구'를 판매·제공하는 매장,test,침구,T2 동의어,00f84355-823b-4c23-bb49-e842bf41a1a3,금호커텐,커튼,양동복개상가,전통시장,,,,
d58cf78acb8962cb8b83,full_annotation_v1,A,q_침구_03,이불가게,생활·마트 중 '침구'를 판매·제공하는 매장,test,침구,T2 동의어,e9450f12-25da-4928-90e1-73f1fe0f9d65,이불마루,이불,대송시장,전통시장,울산광역시,,,
37d17e0456bfe288eda9,full_annotation_v1,A,q_침구_03,이불가게,생활·마트 중 '침구'를 판매·제공하는 매장,test,침구,T2 동의어,9ea481ab-2428-47f9-ac8e-b5f9fe09c154,이불하나,,첨단청사초롱길 골목형상점가,골목형상점가,,,,
32c23d8e2813e13768fa,full_annotation_v1,A,q_침구_03,이불가게,생활·마트 중 '침구'를 판매·제공하는 매장,test,침구,T2 동의어,00831337-1223-4dcf-9c42-67ca874b1ef6,무지개,침구류,부산진시장,전통시장,부산광역시,,,
a35d09483fea546c2256,full_annotation_v1,A,q_침구_03,이불가게,생활·마트 중 '침구'를 판매·제공하는 매장,test,침구,T2 동의어,fdb659ed-6903-4c1c-948c-198d6c4a9cb2,이불할인매장,이불,동문동 골목형상점가,골목형상점가,충청남도,,,
ce8ca426910afd26dad5,full_annotation_v1,A,q_침구_03,이불가게,생활·마트 중 '침구'를 판매·제공하는 매장,test,침구,T2 동의어,6ecc78a6-78b8-46e7-a34e-ed11d1911d3f,별상회,한식,청주북부시장,전통시장,충청북도,,,
70224dad25542086ffeb,full_annotation_v1,A,q_침구_03,이불가게,생활·마트 중 '침구'를 판매·제공하는 매장,test,침구,T2 동의어,70811b6e-7893-40f2-8a72-76e1fc41ebe2,마춤이불,이불,마산 수남상가,전통시장,경상남도,,,
b114278ff39a852caeb0,full_annotation_v1,A,q_침구_03,이불가게,생활·마트 중 '침구'를 판매·제공하는 매장,test,침구,T2 동의어,02187a22-27d8-4fad-a650-42495bec004f,부흥상회,이불,용현시장,전통시장,인천광역시,,,
710b8bb20cb8cd6e4ca1,full_annotation_v1,A,q_침구_03,이불가게,생활·마트 중 '침구'를 판매·제공하는 매장,test,침구,T2 동의어,2ea36676-4b7c-44e7-b9d1-3c56a7aae578,컴포즈커피 세종시청점,커피,보람동 골목형상점가,골목형상점가,세종특별자치시,,,
bcee9b23034c83b4bd42,full_annotation_v1,A,q_침구_03,이불가게,생활·마트 중 '침구'를 판매·제공하는 매장,test,침구,T2 동의어,7713a217-9c04-48d2-ada1-0d4b3658687a,유한회사 영광축산,축산물,가락몰골목형상점가,골목형상점가,서울특별시,,,
34ec514ee4cd6c6d1073,full_annotation_v1,A,q_침구_03,이불가게,생활·마트 중 '침구'를 판매·제공하는 매장,test,침구,T2 동의어,08924258-ea57-439b-890c-7549332f776b,행복가게,잡화,중앙로 지하상가 상점가,일반지하상점가,대전광역시,,,
36e3737921fba602c02f,full_annotation_v1,A,q_침구_03,이불가게,생활·마트 중 '침구'를 판매·제공하는 매장,test,침구,T2 동의어,65163e4d-256a-42cf-8e21-9c561289e588,커피가게,커피,광주여대 골목형상점가,골목형상점가,광주광역시,,,
814ca272c1c4b4dc49b5,full_annotation_v1,A,q_침구_03,이불가게,생활·마트 중 '침구'를 판매·제공하는 매장,test,침구,T2 동의어,b0d12be1-8fe8-471e-8108-9c3850098564,꽃옷가게,,낭주골 골목형상점가,골목형상점가,전북특별자치도,,,
606052cf3ecb1d5dc5f6,full_annotation_v1,A,q_침구_03,이불가게,생활·마트 중 '침구'를 판매·제공하는 매장,test,침구,T2 동의어,cacafa3e-a69d-42db-8acd-6713cea63db0,구멍가게,,망원시장,전통시장,서울특별시,,,
531d660270ce8882dec3,full_annotation_v1,A,q_침구_03,이불가게,생활·마트 중 '침구'를 판매·제공하는 매장,test,침구,T2 동의어,6bcb6f87-0565-4425-9ca7-306adeede94f,도담옷가게,의류,카림애비뉴애 골목형상점가,골목형상점가,세종특별자치시,,,
3edaabfc8a8abf4b3004,full_annotation_v1,A,q_침구_03,이불가게,생활·마트 중 '침구'를 판매·제공하는 매장,test,침구,T2 동의어,5c55b609-2e0f-4319-b960-25580e714d4c,차칸가게,과일,일산시장(구 일산전통시장),전통시장,경기도,,,
ba78d2367e9c21c7eec2,full_annotation_v1,A,q_침구_03,이불가게,생활·마트 중 '침구'를 판매·제공하는 매장,test,침구,T2 동의어,75cb857c-894b-48f0-a460-add42ef3f618,이불랑침구,이불,오산오색시장(구 오산중앙시장),전통시장,경기도,,,
e0ac0bafbc669efb6600,full_annotation_v1,A,q_침구_03,이불가게,생활·마트 중 '침구'를 판매·제공하는 매장,test,침구,T2 동의어,019c9868-92c6-4e25-b2ea-903f322c9acf,맡겨봐신발세탁,세탁,임동 골목형상점가,골목형상점가,광주광역시,,,
926ad8d609cee55dadce,full_annotation_v1,A,q_침구_03,이불가게,생활·마트 중 '침구'를 판매·제공하는 매장,test,침구,T2 동의어,b658c695-42d6-4166-9fd6-69b2acc3abe1,홍옥이불,이불,의정부제일시장,전통시장,경기도,,,
4aab2ed25416feb6fc1e,full_annotation_v1,A,q_침구_03,이불가게,생활·마트 중 '침구'를 판매·제공하는 매장,test,침구,T2 동의어,d238e069-7283-40e8-9fd5-9950c4068c7a,처녀이불가게,이불 한복,황지자유시장,전통시장,강원특별자치도,,,
c513170dfaace5ff818c,full_annotation_v1,A,q_침구_03,이불가게,생활·마트 중 '침구'를 판매·제공하는 매장,test,침구,T2 동의어,ea4afa93-6a20-4ec4-8a9e-ad1476951464,가희네수산,도소매(수산물),안양중앙인정시장,전통시장,경기도,,,
e02c963e6201aa210bba,full_annotation_v1,A,q_침구_03,이불가게,생활·마트 중 '침구'를 판매·제공하는 매장,test,침구,T2 동의어,34780809-6672-4380-9290-0663fa132a8f,불가리,의류,신평화패션타운,전통시장,서울특별시,,,
ff6be39c5a4fd821197b,full_annotation_v1,A,q_침구_03,이불가게,생활·마트 중 '침구'를 판매·제공하는 매장,test,침구,T2 동의어,196d4951-c111-4830-86c7-068141d5417c,바다축제(반포점),한식,반드레길골목형상점가,골목형상점가,서울특별시,,,
3dde418f7d9e43dc3057,full_annotation_v1,A,q_침구_03,이불가게,생활·마트 중 '침구'를 판매·제공하는 매장,test,침구,T2 동의어,94c4bf2a-85e8-4856-a125-6d8d04a63c13,모아옷가게,의류,밀양 아리랑시장,전통시장,경상남도,,,
4a8c4616fbe75459956a,full_annotation_v1,A,q_침구_03,이불가게,생활·마트 중 '침구'를 판매·제공하는 매장,test,침구,T2 동의어,cbaa5934-030b-4251-ab20-e97a375bab5a,도환사,이불,수유시장,전통시장,서울특별시,,,
bb179f2a407f9c70b8a5,full_annotation_v1,A,q_침구_03,이불가게,생활·마트 중 '침구'를 판매·제공하는 매장,test,침구,T2 동의어,5964c7cd-bcf5-49dd-8cf5-c5967b0fa149,향기가게,허브용품,안양1번가 상점가,자율상권구역,경기도,,,
988607b3a27e6031e5fe,full_annotation_v1,A,q_침구_03,이불가게,생활·마트 중 '침구'를 판매·제공하는 매장,test,침구,T2 동의어,033fc658-a256-42a6-8ebf-24763bc43ba1,신광컴퓨터세탁소,세탁소,대야 골목형상점가,골목형상점가,전북특별자치도,,,
0ad3235286ca50405cb0,full_annotation_v1,A,q_침구_03,이불가게,생활·마트 중 '침구'를 판매·제공하는 매장,test,침구,T2 동의어,82bfa994-c84b-453c-8abf-8e499bcd1296,명남이불,이불,문막시장,전통시장,강원특별자치도,,,
6788500e1598526a254e,full_annotation_v1,A,q_침구_03,이불가게,생활·마트 중 '침구'를 판매·제공하는 매장,test,침구,T2 동의어,352f1f51-a7ee-4677-9904-29e24ae15b42,이불과화장품,이불및 화장품,유성시장 골목형상점가,골목형상점가,대전광역시,,,
9f477ea2b993cc3925c9,full_annotation_v1,A,q_침구_03,이불가게,생활·마트 중 '침구'를 판매·제공하는 매장,test,침구,T2 동의어,8d41942a-e430-42fd-b6af-0456cae19c91,안인진만이네,생선,강릉중앙시장,전통시장,강원특별자치도,,,
f28d8c3be5c006bb717d,full_annotation_v1,A,q_침구_03,이불가게,생활·마트 중 '침구'를 판매·제공하는 매장,test,침구,T2 동의어,012f526e-9f74-4b7a-86ab-887e82649cba,나주커튼,커튼,나주목사고을시장,전통시장,,,,
88045f3876b448a8e796,full_annotation_v1,A,q_침구_03,이불가게,생활·마트 중 '침구'를 판매·제공하는 매장,test,침구,T2 동의어,0056f4f0-208d-4d7c-996c-9e6526fea6cf,한일침구,침구,목포원도심상점가,자율상권구역,전라남도,,,
342368a9b7947f535467,full_annotation_v1,A,q_침구_03,이불가게,생활·마트 중 '침구'를 판매·제공하는 매장,test,침구,T2 동의어,b618dee1-257d-47f5-b2ce-df34174879d7,스마일꽈배기,꽈배기,장안마실골목형상점가,골목형상점가,서울특별시,,,
d6cba48eca3d4985d10f,full_annotation_v1,A,q_침구_03,이불가게,생활·마트 중 '침구'를 판매·제공하는 매장,test,침구,T2 동의어,01de114b-b852-4451-bf02-e87d19da999b,유메이트,소매업(이불),안양중앙인정시장,전통시장,경기도,,,
3f67e486fb5bc4048d5d,full_annotation_v1,A,q_침구_04,침구류,생활·마트 중 '침구'를 판매·제공하는 매장,test,침구,T2 동의어,e13377d5-f7c7-482f-bf33-2744066d3bfc,리치랜드,침구류,진주 새서부시장,전통시장,경상남도,,,
f14171546354fe067a2e,full_annotation_v1,A,q_침구_04,침구류,생활·마트 중 '침구'를 판매·제공하는 매장,test,침구,T2 동의어,7b4b4692-13db-4053-8a76-855cce2c0918,메리퀸자미온,침구류,전주중산공원 골목형상점가,골목형상점가,전북특별자치도,,,
798664d5a5c86dc6bd8a,full_annotation_v1,A,q_침구_04,침구류,생활·마트 중 '침구'를 판매·제공하는 매장,test,침구,T2 동의어,02149791-6e33-4077-a92d-4f7756bbaa40,잉꼬이불,이불,센트럴프라자,골목형상점가,울산광역시,,,
4b3d8354f60f561ee542,full_annotation_v1,A,q_침구_04,침구류,생활·마트 중 '침구'를 판매·제공하는 매장,test,침구,T2 동의어,01c8223c-7693-4269-8de1-ef21d68577d4,신흥침구사,침구,중앙신시장,전통시장,경상북도,,,
1b8f8994279e279848e3,full_annotation_v1,A,q_침구_04,침구류,생활·마트 중 '침구'를 판매·제공하는 매장,test,침구,T2 동의어,168df2c5-2525-43b4-9d3d-16db71175a13,미유,침구류,창원 성원그랜드쇼핑상가,전통시장,경상남도,,,
78a906e741b97d126315,full_annotation_v1,A,q_침구_04,침구류,생활·마트 중 '침구'를 판매·제공하는 매장,test,침구,T2 동의어,b34670d4-1bae-47ca-9860-78c2aab24447,미광혼수방,침구류,연서시장,전통시장,서울특별시,,,
44ab82322fabe5a890a7,full_annotation_v1,A,q_침구_04,침구류,생활·마트 중 '침구'를 판매·제공하는 매장,test,침구,T2 동의어,09ea3211-60ce-4f0e-9608-9b8f428fbf90,호텔 얌(YAM),모텔 숙박,각화2지구 골목형상점가,골목형상점가,광주광역시,,,
8110296c481f0f6afb16,full_annotation_v1,A,q_침구_04,침구류,생활·마트 중 '침구'를 판매·제공하는 매장,test,침구,T2 동의어,d490e08b-e413-48b0-99ea-a472d9b3940a,다다홈,침구류,암사종합시장,전통시장,서울특별시,,,
32031ec7164ef658a10b,full_annotation_v1,A,q_침구_04,침구류,생활·마트 중 '침구'를 판매·제공하는 매장,test,침구,T2 동의어,d1433a15-3749-40d1-b806-a0d9354a010f,아씨방,침구류,남광주시장,전통시장,,,,
405398fa10989f904c51,full_annotation_v1,A,q_침구_04,침구류,생활·마트 중 '침구'를 판매·제공하는 매장,test,침구,T2 동의어,ad15bd55-aac6-415d-96d5-7648d641116c,소망침구,침구류,고흥전통시장,전통시장,전라남도,,,
38773947bd813d470602,full_annotation_v1,A,q_침구_04,침구류,생활·마트 중 '침구'를 판매·제공하는 매장,test,침구,T2 동의어,5a9b1c82-9675-4f94-bccb-21afc33ee685,이불나라,침구류,중앙전통시장,전통시장,울산광역시,,,
740b14b9b14f497760fa,full_annotation_v1,A,q_침구_04,침구류,생활·마트 중 '침구'를 판매·제공하는 매장,test,침구,T2 동의어,033fc658-a256-42a6-8ebf-24763bc43ba1,신광컴퓨터세탁소,세탁소,대야 골목형상점가,골목형상점가,전북특별자치도,,,
42ddafd0b4ed38505ea1,full_annotation_v1,A,q_침구_04,침구류,생활·마트 중 '침구'를 판매·제공하는 매장,test,침구,T2 동의어,290b1504-b1cb-4e01-85cf-2ca2f9ae5ebc,금빛에스테틱,피부관리 화장품 도소매,오치2동 골목형상점가,골목형상점가,광주광역시,,,
f17e98aec59bdbb4d7ae,full_annotation_v1,A,q_침구_04,침구류,생활·마트 중 '침구'를 판매·제공하는 매장,test,침구,T2 동의어,083fc3f4-8b60-4de0-92fa-71f579f4ff52,장미침구,침구류,인천모래내전통시장,전통시장,인천광역시,,,
c9290b69c26c65eabdf6,full_annotation_v1,A,q_침구_04,침구류,생활·마트 중 '침구'를 판매·제공하는 매장,test,침구,T2 동의어,020914cd-8086-4fad-ab39-bbae265d6a60,양진이불,침구,경주성동공설시장,전통시장,경상북도,,,
30a2a0f386cc98892fd7,full_annotation_v1,A,q_침구_04,침구류,생활·마트 중 '침구'를 판매·제공하는 매장,test,침구,T2 동의어,36d7fe2d-79d6-42a0-8963-606e2ebe2827,청춘,침구류,무주반딧불상권활성화구역,상권활성화구역,전북특별자치도,,,
14553260877a326937d5,full_annotation_v1,A,q_침구_04,침구류,생활·마트 중 '침구'를 판매·제공하는 매장,test,침구,T2 동의어,01022b54-7fac-43ff-8e1e-8e0c95d34ac6,아이편한♥소리잠매트,침구 등,성남프라자,전통시장,울산광역시,,,
a5bdc430a8a4a3651af9,full_annotation_v1,A,q_침구_04,침구류,생활·마트 중 '침구'를 판매·제공하는 매장,test,침구,T2 동의어,27b6a560-9ebe-4a82-aa83-6615bdaced66,유니팝세종반곡미술학원,미술교육,반곡동행복 골목형상점가,골목형상점가,세종특별자치시,,,
ffaecc51ca8f1cffd72a,full_annotation_v1,A,q_침구_04,침구류,생활·마트 중 '침구'를 판매·제공하는 매장,test,침구,T2 동의어,87307e59-31be-43be-9d26-2fcd9ffb36c7,하니침구,침구류,창원 상남시장,전통시장,경상남도,,,
0ebd1404527d0ab692d2,full_annotation_v1,A,q_침구_04,침구류,생활·마트 중 '침구'를 판매·제공하는 매장,test,침구,T2 동의어,00831337-1223-4dcf-9c42-67ca874b1ef6,무지개,침구류,부산진시장,전통시장,부산광역시,,,
22302cdcfdd0615a0c54,full_annotation_v1,A,q_침구_04,침구류,생활·마트 중 '침구'를 판매·제공하는 매장,test,침구,T2 동의어,b67a08cc-913d-4ab8-92ce-5fad58d3040a,더채움,미용시술,반곡동 골목형상점가,골목형상점가,세종특별자치시,,,
7946495e92bd3621037d,full_annotation_v1,A,q_침구_04,침구류,생활·마트 중 '침구'를 판매·제공하는 매장,test,침구,T2 동의어,50a8ad51-8481-4584-a28a-40ef0d4cf550,아르페지오,침구류,경산공설시장,전통시장,경상북도,,,
37663734c8f9062a3189,full_annotation_v1,A,q_침구_04,침구류,생활·마트 중 '침구'를 판매·제공하는 매장,test,침구,T2 동의어,77559c96-3504-468b-b336-12b1dae328fa,강공장_방글침구,침구류,오류골먹자골목 골목형상점가,골목형상점가,서울특별시,,,
d3c3296a85cb9216f7fc,full_annotation_v1,A,q_침구_04,침구류,생활·마트 중 '침구'를 판매·제공하는 매장,test,침구,T2 동의어,b786f7f5-2039-4a1f-b9f1-7677dc8a5510,보드란침구,침구류,석교동 이웃마루 골목형상점가,골목형상점가,대전광역시,,,
e88d6442cab39dde2406,full_annotation_v1,A,q_침구_04,침구류,생활·마트 중 '침구'를 판매·제공하는 매장,test,침구,T2 동의어,262db1be-2719-4b20-bdb2-76a7072a0877,모던센스,침구류,제천시 원도심 상권활성화구역,상권활성화구역,충청북도,,,
e3aaa62da76e74555a1e,full_annotation_v1,A,q_침구_04,침구류,생활·마트 중 '침구'를 판매·제공하는 매장,test,침구,T2 동의어,5a5700fd-dc82-4367-a8b9-11c7a069aee5,아름이불,침구류,임실시장,전통시장,전북특별자치도,,,
31ffc4d2a9f6091d2df2,full_annotation_v1,A,q_침구_04,침구류,생활·마트 중 '침구'를 판매·제공하는 매장,test,침구,T2 동의어,606a2736-548c-4a13-9677-0efa11a4d564,이브자리,침구류,"온양온천시장(온양재래시장, 전통시장)",전통시장,충청남도,,,
249e18efab330b0a647b,full_annotation_v1,A,q_침구_04,침구류,생활·마트 중 '침구'를 판매·제공하는 매장,test,침구,T2 동의어,5ae03f50-8706-4fbd-a77d-7adce514e493,의류몽땅,의류,중앙상가시장,전통시장,대전광역시,,,
74af545f4a4d14e191e2,full_annotation_v1,A,q_침구_04,침구류,생활·마트 중 '침구'를 판매·제공하는 매장,test,침구,T2 동의어,f69e5f27-00ee-4ce8-a428-954c5880e246,아르페지오,침구류,경안안길상점가,자율상권구역,경기도,,,
dc2f3dc9b47959fee4dc,full_annotation_v1,A,q_침구_04,침구류,생활·마트 중 '침구'를 판매·제공하는 매장,test,침구,T2 동의어,96b717d9-d172-4ca4-b625-cd8cdb4dcaf3,남대문이불,침구류,부전마켓타운 시장활성화구역,상권활성화구역,부산광역시,,,
e49fa72c2afe73fe8cd4,full_annotation_v1,A,q_침구_04,침구류,생활·마트 중 '침구'를 판매·제공하는 매장,test,침구,T2 동의어,8f7ec422-e59d-469a-97a3-ae006158af67,행복침구사,침구류,문흥라인아파트 골목형상점가,골목형상점가,광주광역시,,,
fa0de411e2c11aa29643,full_annotation_v1,A,q_침구_04,침구류,생활·마트 중 '침구'를 판매·제공하는 매장,test,침구,T2 동의어,9a2b2819-4ca6-42ec-b979-752e20938a55,제일침구,침구류,남대문시장,전통시장,서울특별시,,,
fc833d416c79eea3c1bd,full_annotation_v1,A,q_침구_04,침구류,생활·마트 중 '침구'를 판매·제공하는 매장,test,침구,T2 동의어,020246a6-0250-41f7-93e8-4b7cbdd9f5e2,덕광상회,이불,금산금빛시장(금산시장),전통시장,충청남도,,,
1ad668a4b57c8f02a8b3,full_annotation_v1,A,q_침구_04,침구류,생활·마트 중 '침구'를 판매·제공하는 매장,test,침구,T2 동의어,019c9868-92c6-4e25-b2ea-903f322c9acf,맡겨봐신발세탁,세탁,임동 골목형상점가,골목형상점가,광주광역시,,,
1579fb167821defc4ba9,full_annotation_v1,A,q_침구_04,침구류,생활·마트 중 '침구'를 판매·제공하는 매장,test,침구,T2 동의어,00083664-fb4e-4e3b-bb0a-d9a0a1e8f87f,롯데세탁소,,와룡로 골목형상점가,골목형상점가,전북특별자치도,,,
e7e0b29681dbed42a034,full_annotation_v1,A,q_침구_04,침구류,생활·마트 중 '침구'를 판매·제공하는 매장,test,침구,T2 동의어,3b03e5a0-06f9-4679-a98c-b0788c7ac603,화천수예점,침구류,화천재래시장,전통시장,강원특별자치도,,,
f0191abe88358a510286,full_annotation_v1,A,q_침구_04,침구류,생활·마트 중 '침구'를 판매·제공하는 매장,test,침구,T2 동의어,fb61618e-cd3f-4523-8e4d-18871044e881,제일침구,침구류,남해전통시장,전통시장,경상남도,,,
7b3408e8aef01e1989d5,full_annotation_v1,A,q_침구_04,침구류,생활·마트 중 '침구'를 판매·제공하는 매장,test,침구,T2 동의어,def51906-455a-4fef-aac9-1c8c7c616770,승리상회,침구류,논산화지중앙시장,전통시장,충청남도,,,
13a3ad9be1b5ab25a2c5,full_annotation_v1,A,q_침구_04,침구류,생활·마트 중 '침구'를 판매·제공하는 매장,test,침구,T2 동의어,16c55f0f-a9cc-4335-a6ae-86d9c661cf3f,에덴한숙이불,침구류,호계공설시장,전통시장,울산광역시,,,
cfc09fee5e0b07286ed7,full_annotation_v1,A,q_침구_04,침구류,생활·마트 중 '침구'를 판매·제공하는 매장,test,침구,T2 동의어,d77d9979-01b7-466e-b03c-dbd27459935d,리치랜드,침구류,부안상설시장,전통시장,전북특별자치도,,,
1f79a15c0ea9f883f119,full_annotation_v1,A,q_침구_04,침구류,생활·마트 중 '침구'를 판매·제공하는 매장,test,침구,T2 동의어,0c410ee7-9a53-4a79-a663-95853895e152,님프만대리점,침구류,진해 군항상권활성화구역,상권활성화구역,경상남도,,,
14c5381dd3651c099d6b,full_annotation_v1,A,q_침구_04,침구류,생활·마트 중 '침구'를 판매·제공하는 매장,test,침구,T2 동의어,410b465a-7263-4dff-8f0f-0102206fab7c,규영혼수,침구류,청주육거리종합시장,전통시장,충청북도,,,
8ef6d06ef2307949a35a,full_annotation_v1,A,q_침구_04,침구류,생활·마트 중 '침구'를 판매·제공하는 매장,test,침구,T2 동의어,01fa75f4-4cdb-4d62-931a-2b130cdef613,에띠앙이불집,이불,익산장(구 북부장),전통시장,전북특별자치도,,,
ba68fe54c6501a5aa809,full_annotation_v1,A,q_침구_04,침구류,생활·마트 중 '침구'를 판매·제공하는 매장,test,침구,T2 동의어,28a023f4-fa9e-4fb4-bc33-3d573bff5b66,왕자상회,침구류,부산진시장,전통시장,부산광역시,,,
04cf9dfe39046bc483f8,full_annotation_v1,A,q_침구_04,침구류,생활·마트 중 '침구'를 판매·제공하는 매장,test,침구,T2 동의어,d1355f99-2bb5-4fd0-83bf-3abc12131783,규수방,침구류,청양전통시장(구 청양상설시장),전통시장,충청남도,,,
8757915110c03a85d280,full_annotation_v1,A,q_침구_04,침구류,생활·마트 중 '침구'를 판매·제공하는 매장,test,침구,T2 동의어,f664e8fc-a2e8-4d41-9c47-53d686031e74,혼수이불,침구류,창원 도계부부시장,전통시장,경상남도,,,
7efb43d9b8b66b87f71b,full_annotation_v1,A,q_침구_04,침구류,생활·마트 중 '침구'를 판매·제공하는 매장,test,침구,T2 동의어,5449e8de-10ec-480a-8c5a-aeca1f154e3f,광목나라,침구류,전통중앙도매상가,전통시장,대전광역시,,,
31532f53589cdb10ec8b,full_annotation_v1,A,q_침구_04,침구류,생활·마트 중 '침구'를 판매·제공하는 매장,test,침구,T2 동의어,cccc5cb1-79fe-4b25-a64d-19c4b00b20f0,사랑자리,침구류,서문시장2지구 종합상가,전통시장,대구광역시,,,
ed273948bab9943c0b1c,full_annotation_v1,A,q_침구_04,침구류,생활·마트 중 '침구'를 판매·제공하는 매장,test,침구,T2 동의어,118b486d-6231-4803-b5de-83e5c6880af5,은혜침구,침구류,원주자유시장,전통시장,강원특별자치도,,,
dbbe7980a08121fc3168,full_annotation_v1,A,q_침구_04,침구류,생활·마트 중 '침구'를 판매·제공하는 매장,test,침구,T2 동의어,0056f4f0-208d-4d7c-996c-9e6526fea6cf,한일침구,침구,목포원도심상점가,자율상권구역,전라남도,,,
290f97f72bb741b95285,full_annotation_v1,A,q_침구_04,침구류,생활·마트 중 '침구'를 판매·제공하는 매장,test,침구,T2 동의어,30be8100-41b7-46b7-818e-4aa463046a12,산격침구,침구류,서문시장2지구 종합상가,전통시장,대구광역시,,,
43161c64aee81c7916ba,full_annotation_v1,A,q_침구_04,침구류,생활·마트 중 '침구'를 판매·제공하는 매장,test,침구,T2 동의어,c76da09a-06c9-49a0-a59d-aa5c12c99c2d,코지,침구류,은마종합상점가,자율상권구역,서울특별시,,,
9a3fe56d336ca224f98a,full_annotation_v1,A,q_침구_04,침구류,생활·마트 중 '침구'를 판매·제공하는 매장,test,침구,T2 동의어,b703e89d-371e-4602-a53e-6f6f487b8af7,이브자리,침구류,당진원시가지상가,자율상권구역,충청남도,,,
94dd2f69d243934cc382,full_annotation_v1,A,q_침구_04,침구류,생활·마트 중 '침구'를 판매·제공하는 매장,test,침구,T2 동의어,e234d442-f7b4-4745-adf7-f4e3b6ad32f4,그리꼬매,침구류,전주한옥마을 골목형상점가,골목형상점가,전북특별자치도,,,
c92011a76035186fed1f,full_annotation_v1,A,q_침구_04,침구류,생활·마트 중 '침구'를 판매·제공하는 매장,test,침구,T2 동의어,f9126798-b624-496e-ac5a-5918e1632867,세사리빙,침구류,김포장기패션아울렛,골목형상점가,경기도,,,
5b948b9ea471194ec0c7,full_annotation_v1,A,q_침구_04,침구류,생활·마트 중 '침구'를 판매·제공하는 매장,test,침구,T2 동의어,518dcc97-25fb-4404-aeb7-da50cca1be2e,매일상회,침구류,해남매일시장,전통시장,전라남도,,,
81051cb67ff3d3c9acde,full_annotation_v1,A,q_침구_04,침구류,생활·마트 중 '침구'를 판매·제공하는 매장,test,침구,T2 동의어,00f84355-823b-4c23-bb49-e842bf41a1a3,금호커텐,커튼,양동복개상가,전통시장,,,,
5a79138fcdf8a9226393,full_annotation_v1,A,q_침구_04,침구류,생활·마트 중 '침구'를 판매·제공하는 매장,test,침구,T2 동의어,ba8b8794-96e2-418d-84e2-decda06b0ebb,맘스베딩,침구류,의왕도깨비시장,전통시장,경기도,,,
7b088cd13bb79bf4a8ae,full_annotation_v1,A,q_침구_04,침구류,생활·마트 중 '침구'를 판매·제공하는 매장,test,침구,T2 동의어,639edc46-13d9-4fa5-a78e-07ac63aadfc4,알레르망스핑크스군산점,침구류,도란도란 골목형상점가,골목형상점가,전북특별자치도,,,
5a9de8fe9c3cba9231d8,full_annotation_v1,A,q_침구_04,침구류,생활·마트 중 '침구'를 판매·제공하는 매장,test,침구,T2 동의어,a022aa61-adea-4196-8a1e-a7529d2d2545,이브자리,침구류,서산동부전통시장,전통시장,충청남도,,,
10242b56181e320ff62d,full_annotation_v1,A,q_침구_04,침구류,생활·마트 중 '침구'를 판매·제공하는 매장,test,침구,T2 동의어,8926cb4a-1556-43c2-922f-0b936e05febc,황궁침구,침구류,전통중앙도매상가,전통시장,대전광역시,,,
e744b54f0d3c5aca0acf,full_annotation_v1,A,q_침구_04,침구류,생활·마트 중 '침구'를 판매·제공하는 매장,test,침구,T2 동의어,59f64e10-e98a-4ea4-a625-236e3f97c9be,마코서산점,의류,서산중심상가,자율상권구역,충청남도,,,
a1fe1c8f55911ac0356d,full_annotation_v1,A,q_침구_04,침구류,생활·마트 중 '침구'를 판매·제공하는 매장,test,침구,T2 동의어,9074a6d9-ace4-4d4b-91bc-10d55dff49e1,이불나라,침구류,충주자유시장,전통시장,충청북도,,,
c3f6555b4e1ec87acd59,full_annotation_v1,A,q_침구_04,침구류,생활·마트 중 '침구'를 판매·제공하는 매장,test,침구,T2 동의어,61d8f9cd-f714-4bb4-b937-5c6c6eec4bcc,이브자리,침구류,월곡1동 골목형상점가,골목형상점가,광주광역시,,,
61ba3fdb72f7646df61a,full_annotation_v1,A,q_침구_04,침구류,생활·마트 중 '침구'를 판매·제공하는 매장,test,침구,T2 동의어,676ef9fb-0c07-4b3b-a9d0-1b63cb5571d6,그린침구,침구류,한빛프라자 골목형상점가,골목형상점가,대전광역시,,,
ee796175078b886deee8,full_annotation_v1,A,q_침구_04,침구류,생활·마트 중 '침구'를 판매·제공하는 매장,test,침구,T2 동의어,f31edd1f-b887-4854-857b-e72af5f71577,엘림이불,침구류,"온양온천시장(온양재래시장, 전통시장)",전통시장,충청남도,,,
702552696480db305b66,full_annotation_v1,A,q_침구_04,침구류,생활·마트 중 '침구'를 판매·제공하는 매장,test,침구,T2 동의어,9448380a-630a-44b6-b596-9ae4cbf8a405,라비로즈,침구류,대왕암 월봉시장,전통시장,울산광역시,,,
6ff38f5765f9c1813b35,full_annotation_v1,A,q_침구_04,침구류,생활·마트 중 '침구'를 판매·제공하는 매장,test,침구,T2 동의어,9dd6977a-ec4a-47d3-a467-85c4cbec568b,현대주단,침구류,안성중앙시장,전통시장,경기도,,,
4a1e934a2381d0ffdddb,full_annotation_v1,A,q_침구_04,침구류,생활·마트 중 '침구'를 판매·제공하는 매장,test,침구,T2 동의어,02187a22-27d8-4fad-a650-42495bec004f,부흥상회,이불,용현시장,전통시장,인천광역시,,,
897d9a31a322976e3d46,full_annotation_v1,A,q_침구_04,침구류,생활·마트 중 '침구'를 판매·제공하는 매장,test,침구,T2 동의어,5805ac79-4a0e-49d9-9c66-ade45d155c77,이불혼수백화점,침구류,중앙1로 천변교 골목형상점가,골목형상점가,전라남도,,,
4475a1c34f98ad16d69e,full_annotation_v1,A,q_침구_04,침구류,생활·마트 중 '침구'를 판매·제공하는 매장,test,침구,T2 동의어,309ae8d2-ac09-4327-af2c-1a7feb1daa9b,도경,침구류,오정시장,전통시장,경기도,,,
3b5a766ed8f4d0a1925d,full_annotation_v1,A,q_침구_04,침구류,생활·마트 중 '침구'를 판매·제공하는 매장,test,침구,T2 동의어,2f32d4a6-f95f-498b-bc6f-f41abb0cea6a,서울침구,침구류,풍납시장,전통시장,서울특별시,,,
600ab88f5963ff80f0f7,full_annotation_v1,A,q_침구_04,침구류,생활·마트 중 '침구'를 판매·제공하는 매장,test,침구,T2 동의어,5bec73d3-3d85-4542-b7bd-c6a415ace4bb,꿈애궁전,침구류,석봉동골목형상점가,골목형상점가,대전광역시,,,
f3e82d2f1b746de5c22c,full_annotation_v1,A,q_침구_04,침구류,생활·마트 중 '침구'를 판매·제공하는 매장,test,침구,T2 동의어,20e29365-80e2-4e59-978e-85742076a9c1,소미침구,침구류,횡성전통시장,전통시장,강원특별자치도,,,
0cc38061b7941623a5fd,full_annotation_v1,A,q_침구_04,침구류,생활·마트 중 '침구'를 판매·제공하는 매장,test,침구,T2 동의어,73f35511-04ca-4e2f-af64-a2bc95ee4fbb,쉐모아,침구류,거마평로 골목형상점가,골목형상점가,전북특별자치도,,,
795bb2b34eb3ee172676,full_annotation_v1,A,q_침구_04,침구류,생활·마트 중 '침구'를 판매·제공하는 매장,test,침구,T2 동의어,00c164d0-76c7-4e7a-9676-ecfdbb052077,크린토피아신창점,세탁,신창수문 골목형상점가,골목형상점가,광주광역시,,,
86ee3808a215b0ec4f58,full_annotation_v1,A,q_침구_04,침구류,생활·마트 중 '침구'를 판매·제공하는 매장,test,침구,T2 동의어,cd4b5f9f-e59a-4587-b62d-bfb54396df16,오복침구,침구류,부산국제시장,전통시장,부산광역시,,,
608b7f51d735753848ab,full_annotation_v1,A,q_침구_04,침구류,생활·마트 중 '침구'를 판매·제공하는 매장,test,침구,T2 동의어,8ca8af63-de1b-4a9a-b244-d298a04213dc,이브자리,침구류,도계전두시장,전통시장,강원특별자치도,,,
e08915081b0513ee8868,full_annotation_v1,A,q_침구_04,침구류,생활·마트 중 '침구'를 판매·제공하는 매장,test,침구,T2 동의어,eea83a00-dad3-4e65-a68d-2d588a8de778,주부침구사,침구류,남항시장,전통시장,부산광역시,,,
b9f4178726e1a265dd91,full_annotation_v1,A,q_침구_04,침구류,생활·마트 중 '침구'를 판매·제공하는 매장,test,침구,T2 동의어,190b8512-79fa-4328-b23a-b28594ef548f,마들렌 상점 퀼트가든,,중화산로 골목형상점가,골목형상점가,전북특별자치도,,,
852a5c734880d60b5df8,full_annotation_v1,A,q_침구_04,침구류,생활·마트 중 '침구'를 판매·제공하는 매장,test,침구,T2 동의어,4a76b51d-a902-4c72-a24d-be68271ef119,동대문자미온,침구류,동대문종합시장 D동상가,전통시장,서울특별시,,,
cd071ad934f4e28de822,full_annotation_v1,A,q_침구_04,침구류,생활·마트 중 '침구'를 판매·제공하는 매장,test,침구,T2 동의어,272c4ef5-14cb-475b-8c0b-5ea184c3e914,영패션,의류,아트프라자,자율상권구역,서울특별시,,,
ebca8967bf1370b5bd03,full_annotation_v1,A,q_침구_04,침구류,생활·마트 중 '침구'를 판매·제공하는 매장,test,침구,T2 동의어,012f526e-9f74-4b7a-86ab-887e82649cba,나주커튼,커튼,나주목사고을시장,전통시장,,,,
05eea98ea5efe7160301,full_annotation_v1,A,q_침구_04,침구류,생활·마트 중 '침구'를 판매·제공하는 매장,test,침구,T2 동의어,7d118582-8ccc-47b1-8314-f79bfbed294b,종합침구,침구류,초량전통시장,전통시장,부산광역시,,,
816cb5a281b0b804ffed,full_annotation_v1,A,q_침구_04,침구류,생활·마트 중 '침구'를 판매·제공하는 매장,test,침구,T2 동의어,6db8379d-89f0-4e0d-8e2e-17374653a160,부산침구,침구류,진주 동부시장,전통시장,경상남도,,,
baec5ebddfd730c563fb,full_annotation_v1,A,q_침구_04,침구류,생활·마트 중 '침구'를 판매·제공하는 매장,test,침구,T2 동의어,97bc02d5-0c95-4f77-a78f-9fe0b279c1f9,울타리손칼국수,음식점,송화벽화시장,전통시장,서울특별시,,,
6d73f43bbcc4a49ac909,full_annotation_v1,A,q_침구_04,침구류,생활·마트 중 '침구'를 판매·제공하는 매장,test,침구,T2 동의어,bfbbea79-4fdc-4c9a-8d8b-9c196993e773,덕성식육점,식육,진주 청과시장,전통시장,경상남도,,,
0228c47218a02c4dfe31,full_annotation_v1,A,q_침구_04,침구류,생활·마트 중 '침구'를 판매·제공하는 매장,test,침구,T2 동의어,35c8225d-a6b8-4660-a86c-30cc51dedfbc,이불사랑,침구류,서천특화시장,전통시장,충청남도,,,
c45d12af9943263138e0,full_annotation_v1,A,q_침구_04,침구류,생활·마트 중 '침구'를 판매·제공하는 매장,test,침구,T2 동의어,5ec6b15e-6edc-4bce-bc87-d6ef399b28eb,보명침구,침구류,부산진시장,전통시장,부산광역시,,,
58ea2299d2e3cfd5c3d2,full_annotation_v1,A,q_침구_04,침구류,생활·마트 중 '침구'를 판매·제공하는 매장,test,침구,T2 동의어,32145665-b1cc-49f1-b172-f43e883d32f5,부광주단,한복,성남프라자,전통시장,울산광역시,,,
faeaa58a5ec1e324623d,full_annotation_v1,A,q_침구_04,침구류,생활·마트 중 '침구'를 판매·제공하는 매장,test,침구,T2 동의어,dae6a236-f706-42f4-a4b9-d0c2f138e716,메리퀸양모이불,침구류,남문로 어울림 골목 골목형상점가,골목형상점가,광주광역시,,,
dfbbdb0b7937c3917033,full_annotation_v1,A,q_침구_04,침구류,생활·마트 중 '침구'를 판매·제공하는 매장,test,침구,T2 동의어,29e4cf87-26ff-4546-b5af-caa0a9d45195,샤롯데,침구류,제일종합시장,전통시장,강원특별자치도,,,
54075a918e4ecdbae3f7,full_annotation_v1,A,q_침구_04,침구류,생활·마트 중 '침구'를 판매·제공하는 매장,test,침구,T2 동의어,6b7df73a-6efa-4ec8-9a2b-529337f5ae7e,예향침구,침구류,장미원골목시장,전통시장,서울특별시,,,
444709a7e6d1b2954a4a,full_annotation_v1,A,q_침구_04,침구류,생활·마트 중 '침구'를 판매·제공하는 매장,test,침구,T2 동의어,5d2b77f4-47b8-4b01-9e73-62fc102fd7c1,신창침구,침구류,진주 논개시장,전통시장,경상남도,,,
cd59cbf1cd530ac07429,full_annotation_v1,A,q_침구_04,침구류,생활·마트 중 '침구'를 판매·제공하는 매장,test,침구,T2 동의어,d6b5d30b-4e74-4df2-8fff-23d9dbaf7a3c,이가이불,침구류,봉우시장골목형상점가,골목형상점가,서울특별시,,,
d731976b9747ec4cce8e,full_annotation_v1,A,q_침구_04,침구류,생활·마트 중 '침구'를 판매·제공하는 매장,test,침구,T2 동의어,0e29a687-6d74-4999-aeab-c929e6736e35,담쟁이침구,침구류,연희로 골목형상점가,골목형상점가,인천광역시,,,
aab68acd927c27aaab7c,full_annotation_v1,A,q_침구_04,침구류,생활·마트 중 '침구'를 판매·제공하는 매장,test,침구,T2 동의어,148efc97-4621-4072-a364-f30154f27a60,슬립파파,침구류,북문대로419번길 골목형상점가,골목형상점가,광주광역시,,,
88df3dd7a696653efbff,full_annotation_v1,A,q_침구_04,침구류,생활·마트 중 '침구'를 판매·제공하는 매장,test,침구,T2 동의어,165ec56a-f3e0-4031-bc6b-4302c3ffcf93,이불나라,침구류,삼성동시장,기타,서울특별시,,,
d9838e9d4dc78e24cc1b,full_annotation_v1,A,q_침구_04,침구류,생활·마트 중 '침구'를 판매·제공하는 매장,test,침구,T2 동의어,5199b659-3eb8-4e20-974a-7d3cd73135d3,예강 침구,침구류,동원전통종합시장,전통시장,서울특별시,,,
a83570a2df6c13f2c751,full_annotation_v1,A,q_침구_04,침구류,생활·마트 중 '침구'를 판매·제공하는 매장,test,침구,T2 동의어,8fc73c98-461e-40f4-9bd0-00ca3caa6b1a,아르페지오,침구류,자마장시장골목형상점가,골목형상점가,서울특별시,,,
e25b0f643e9ce93b5ce9,full_annotation_v1,A,q_침구_04,침구류,생활·마트 중 '침구'를 판매·제공하는 매장,test,침구,T2 동의어,4d5b20e3-b3cf-4f3b-9c95-69bf5bd4516b,명순이랑헤어랑,미용,복대가경시장,전통시장,충청북도,,,
ffb229367ad4edfd6641,full_annotation_v1,A,q_침구_04,침구류,생활·마트 중 '침구'를 판매·제공하는 매장,test,침구,T2 동의어,bc5ac787-c73b-49d9-8e62-66a70a6dbf71,혼수이불,침구류,울산번개시장,전통시장,울산광역시,,,
427d3207498439e3d0a6,full_annotation_v1,A,q_침구_04,침구류,생활·마트 중 '침구'를 판매·제공하는 매장,test,침구,T2 동의어,05291547-c22d-430e-95c2-e31bda19a90a,슈퍼타이 본점,세탁,월드시티상가 골목형상점가,골목형상점가,울산광역시,,,
be69d051e423effb337a,full_annotation_v1,A,q_침구_04,침구류,생활·마트 중 '침구'를 판매·제공하는 매장,test,침구,T2 동의어,96b28627-d3db-4cb9-ade0-f1e0d5641e9e,리치랜드,침구류,제일종합시장,전통시장,강원특별자치도,,,
3e332c2b4c61fa83b52a,full_annotation_v1,A,q_침구_04,침구류,생활·마트 중 '침구'를 판매·제공하는 매장,test,침구,T2 동의어,01de114b-b852-4451-bf02-e87d19da999b,유메이트,소매업(이불),안양중앙인정시장,전통시장,경기도,,,
9b4d908639ab5bb2e3ad,full_annotation_v1,A,q_침구_04,침구류,생활·마트 중 '침구'를 판매·제공하는 매장,test,침구,T2 동의어,d5128ec7-e640-4ec5-91b1-051874405a7e,샬롬,침구류,고투몰(강남터미널지하도상점가),일반지하상점가,서울특별시,,,
16b4e8ad379ce79c1c20,full_annotation_v1,A,q_침구_04,침구류,생활·마트 중 '침구'를 판매·제공하는 매장,test,침구,T2 동의어,73c9270c-5e3e-44da-a550-addf4d45fbd2,음성이불,침구류,음성시장,전통시장,충청북도,,,
df42bd2d9d127e6bdf91,full_annotation_v1,A,q_침구_04,침구류,생활·마트 중 '침구'를 판매·제공하는 매장,test,침구,T2 동의어,b30cb1de-18d4-4d8c-a959-7571be773cdd,혼수방,침구류,광장시장,전통시장,서울특별시,,,
9d7cb09bd14f4fe48830,full_annotation_v1,A,q_침구_04,침구류,생활·마트 중 '침구'를 판매·제공하는 매장,test,침구,T2 동의어,4f4e75d7-3442-43ca-b345-f2e42f5300e8,화성이불,침구류,마천중앙시장,전통시장,서울특별시,,,
7e9f65a63c5e8e829db0,full_annotation_v1,A,q_침구_04,침구류,생활·마트 중 '침구'를 판매·제공하는 매장,test,침구,T2 동의어,015d152e-ed78-4d55-a7c5-5c8fce6debf7,후평종합이불,"침구류, 수건",후평일단지시장,전통시장,강원특별자치도,,,
c3e17d1070adc43a993f,full_annotation_v1,A,q_침구_04,침구류,생활·마트 중 '침구'를 판매·제공하는 매장,test,침구,T2 동의어,75061660-8895-4ddc-81a1-4ffb9af1159a,청영이불,침구류,구미새마을중앙시장,전통시장,경상북도,,,
b0365d5556aaa826747f,full_annotation_v1,A,q_침구_04,침구류,생활·마트 중 '침구'를 판매·제공하는 매장,test,침구,T2 동의어,914f40b8-a367-474d-a401-afb18fe04ea5,현대침구,침구류,서문시장 제1지구1층(직물시장),전통시장,대구광역시,,,
664cfc89914a88961677,full_annotation_v1,A,q_침구_04,침구류,생활·마트 중 '침구'를 판매·제공하는 매장,test,침구,T2 동의어,08fa6a53-d44f-460a-8393-49b31abde4b7,럭키디자인,침구류,다정한 골목형상점가,골목형상점가,세종특별자치시,,,
fd0da44e20eaf44a2ed5,full_annotation_v1,A,q_침구_04,침구류,생활·마트 중 '침구'를 판매·제공하는 매장,test,침구,T2 동의어,3a7f3cb3-6e3a-4ae1-8535-53fcc8067ac4,유안침장,침구류,서문시장2지구 종합상가,전통시장,대구광역시,,,
f1ccdf39d20093a2abbd,full_annotation_v1,A,q_침구_04,침구류,생활·마트 중 '침구'를 판매·제공하는 매장,test,침구,T2 동의어,7d354b0f-9786-405c-bb97-2afa4ad3295a,고흥침구,침구류,동대문종합시장,전통시장,서울특별시,,,
cf360d1492633c2f31d9,full_annotation_v1,A,q_침구_04,침구류,생활·마트 중 '침구'를 판매·제공하는 매장,test,침구,T2 동의어,75ad113a-4a9f-4877-9191-30278c32809a,삼화인쇄,인쇄업,시범길 골목형상점가,골목형상점가,경기도,,,
6995d79e37b75bfcc07f,full_annotation_v1,A,q_침구_04,침구류,생활·마트 중 '침구'를 판매·제공하는 매장,test,침구,T2 동의어,0c5659c0-d5a0-4570-90c7-4fc1feb39ed9,국가대표청과,청과,용현시장,전통시장,인천광역시,,,
0c80c9228851b3394e2d,full_annotation_v1,A,q_침구_04,침구류,생활·마트 중 '침구'를 판매·제공하는 매장,test,침구,T2 동의어,a24b7370-979e-4e16-81b7-d1fcef17d755,다모아이불,침구류,모라전통시장,전통시장,부산광역시,,,
3861dd83c09294ef7673,full_annotation_v1,A,q_침구_04,침구류,생활·마트 중 '침구'를 판매·제공하는 매장,test,침구,T2 동의어,aa2134bc-da93-4c81-b951-42b0672a3f7a,제일침구,침구류,하양꿈바우시장,전통시장,경상북도,,,
069916656248267e8f50,full_annotation_v1,A,q_침구_04,침구류,생활·마트 중 '침구'를 판매·제공하는 매장,test,침구,T2 동의어,4ac21432-8036-48cc-a609-dd9c59af8112,아르페지오,침구류,원주중앙로문화의거리,자율상권구역,강원특별자치도,,,
3c39e20931d662cf4db8,full_annotation_v1,A,q_침구_04,침구류,생활·마트 중 '침구'를 판매·제공하는 매장,test,침구,T2 동의어,ca1a9a97-d6c4-4b38-9dfe-319b265faed1,코코침장,침구류,구역전시장,전통시장,울산광역시,,,
549a75de3e06db485b69,full_annotation_v1,A,q_침구_04,침구류,생활·마트 중 '침구'를 판매·제공하는 매장,test,침구,T2 동의어,93b3e994-e2c1-47f9-8c04-b7a9d4a2d883,꽃샘,침구류,석촌시장,전통시장,서울특별시,,,
0b2e880691bf70224175,full_annotation_v1,A,q_침구_04,침구류,생활·마트 중 '침구'를 판매·제공하는 매장,test,침구,T2 동의어,bc02618e-dd05-4f14-9131-61a2ad243611,에셰트하일,침구류,은마종합상점가,자율상권구역,서울특별시,,,
71f7c64ef4c7d7411d29,full_annotation_v1,A,q_침구_04,침구류,생활·마트 중 '침구'를 판매·제공하는 매장,test,침구,T2 동의어,099d8207-c61e-455c-978b-d7f806382e76,현대침구,침구류,녹동전통시장,전통시장,전라남도,,,
af8392237473d8e1ca70,full_annotation_v1,A,q_침구_04,침구류,생활·마트 중 '침구'를 판매·제공하는 매장,test,침구,T2 동의어,64958a25-763f-4bd4-bdb7-d5ec75db9e24,모든침구,침구류,함안 가야전통시장,전통시장,경상남도,,,
093b7855beb09299fb9d,full_annotation_v1,A,q_침구_04,침구류,생활·마트 중 '침구'를 판매·제공하는 매장,test,침구,T2 동의어,4f766a1b-05fc-4b4a-adc2-655666ef8aef,대양침구,침구류,안양중앙인정시장,전통시장,경기도,,,
cde409fa873e86a7af53,full_annotation_v1,A,q_침구_04,침구류,생활·마트 중 '침구'를 판매·제공하는 매장,test,침구,T2 동의어,95b3a16e-c467-4d05-a798-824370c4dcd7,단장이불,침구류,까치산시장,전통시장,서울특별시,,,
9b23e94883ea142fca7e,full_annotation_v1,A,q_침구_04,침구류,생활·마트 중 '침구'를 판매·제공하는 매장,test,침구,T2 동의어,3685205d-1641-4cef-96d1-52acb03fe527,인일상회,침구류,현대시장,전통시장,인천광역시,,,
ef851a831d63b18e7f97,full_annotation_v1,A,q_침구_04,침구류,생활·마트 중 '침구'를 판매·제공하는 매장,test,침구,T2 동의어,020bee4a-baa0-4c84-a1d2-1ffe5e745eb7,유영주단,"이불, 한복",대가야 자율상권구역,,경상북도,,,
70cf6003d3f65d455249,full_annotation_v1,A,q_침구_04,침구류,생활·마트 중 '침구'를 판매·제공하는 매장,test,침구,T2 동의어,4175df1e-198d-4939-aa6e-0e0d2e5ea8c0,원앙혼수방,침구류,성서와룡시장,전통시장,대구광역시,,,
a5d3f139f609f380e655,full_annotation_v1,A,q_침구_04,침구류,생활·마트 중 '침구'를 판매·제공하는 매장,test,침구,T2 동의어,344d2182-3e23-4a5e-aaa2-945b8ddd7bca,미원터닝침구,침구류,광장시장,전통시장,서울특별시,,,
0257155cc988b11cc057,full_annotation_v1,A,q_침구_04,침구류,생활·마트 중 '침구'를 판매·제공하는 매장,test,침구,T2 동의어,6c8363db-65f7-4fe3-9621-dc3bf45dabfb,이브자리,침구류,거제 고현자율상권,,경상남도,,,
125f563662364f307697,full_annotation_v1,A,q_침구_04,침구류,생활·마트 중 '침구'를 판매·제공하는 매장,test,침구,T2 동의어,0168e10e-c168-404c-83b2-0d1fd89d65e6,루디아,혼수 커튼,양동복개상가,전통시장,,,,
54fa8fd47f078584c39d,full_annotation_v1,A,q_침구_04,침구류,생활·마트 중 '침구'를 판매·제공하는 매장,test,침구,T2 동의어,cd36cbed-7ae0-41d5-a7c4-849417f88ab6,백합주단,침구류,안양중앙인정시장,전통시장,경기도,,,
99660f85b9da584a5742,full_annotation_v1,A,q_침구_04,침구류,생활·마트 중 '침구'를 판매·제공하는 매장,test,침구,T2 동의어,24ab0e2b-3466-41d4-b3b3-1bf293f9f179,솔트밋,샌드위치,안성맞춤시장,전통시장,경기도,,,
ac2f1eda7be9592ba14c,full_annotation_v1,A,q_침구_04,침구류,생활·마트 중 '침구'를 판매·제공하는 매장,test,침구,T2 동의어,3a96e14b-0821-4f4d-8a45-32283148ff2a,홈타운,침구류,태백마루 자율상권,,강원특별자치도,,,
57612f947fa779d5a796,full_annotation_v1,A,q_침구_04,침구류,생활·마트 중 '침구'를 판매·제공하는 매장,test,침구,T2 동의어,6c6a428b-1948-4ab9-8742-8baa716c5146,현대침구,침구류,호계종합시장,전통시장,경기도,,,
35cf8954ca196cab78d1,full_annotation_v1,A,q_침구_04,침구류,생활·마트 중 '침구'를 판매·제공하는 매장,test,침구,T2 동의어,77743384-2bf3-40d8-9f45-91701407937d,순안침구,침구류,자유도매시장,전통시장,대전광역시,,,
8e77bebb48518051b49b,full_annotation_v1,A,q_침구_04,침구류,생활·마트 중 '침구'를 판매·제공하는 매장,test,침구,T2 동의어,6ef525dc-5235-4301-b45f-97f258d80b0e,그린방,침구류,남양주장현전통시장,전통시장,경기도,,,
05ce2ccd9f9aab444c3b,full_annotation_v1,A,q_침구_04,침구류,생활·마트 중 '침구'를 판매·제공하는 매장,test,침구,T2 동의어,66b4faaa-a089-449f-82b3-45b17937c74d,이브자리,침구류,홍천중앙시장(홍천신시장),전통시장,강원특별자치도,,,
d995b65c44d1d8bf1372,full_annotation_v1,A,q_침구_04,침구류,생활·마트 중 '침구'를 판매·제공하는 매장,test,침구,T2 동의어,a56b8211-0829-432d-be68-510de75d468e,리치랜드,침구류,동송전통시장,전통시장,강원특별자치도,,,
2d8f29d371ea1954123b,full_annotation_v1,A,q_침구_04,침구류,생활·마트 중 '침구'를 판매·제공하는 매장,test,침구,T2 동의어,a5609d6e-c540-4cc8-b252-25b1c947084d,포그니스,침구류,신매시장,전통시장,대구광역시,,,
43287223d0c603f99f4f,full_annotation_v1,A,q_침구_04,침구류,생활·마트 중 '침구'를 판매·제공하는 매장,test,침구,T2 동의어,ede851c2-a67e-4db0-88c3-809feaae7b8a,해피론이불,침구류,사직시장(구 사직전통시장),전통시장,충청북도,,,
fb0ea9f9aa5a787ddcae,full_annotation_v1,A,q_침구_04,침구류,생활·마트 중 '침구'를 판매·제공하는 매장,test,침구,T2 동의어,37469472-cea0-4fca-9f0d-b6a47f692ed9,나리침구,침구류,오치주공 골목형상점가,골목형상점가,광주광역시,,,
5f623dee7fd5ecfa14b2,full_annotation_v1,A,q_침구_04,침구류,생활·마트 중 '침구'를 판매·제공하는 매장,test,침구,T2 동의어,009cda97-be64-4deb-8311-f6e42d4eca25,갤러리커튼,커튼블라인드침구,홀릭스,골목형상점가,광주광역시,,,
4bdb3a7ea30469271065,full_annotation_v1,A,q_침구_04,침구류,생활·마트 중 '침구'를 판매·제공하는 매장,test,침구,T2 동의어,f61e3225-8e89-4017-8e0f-4b264772f75a,미니퍼피 강아지분양 가정견사 직영점,,중화산로 골목형상점가,골목형상점가,전북특별자치도,,,
93d0ebaeaf07aad4fccd,full_annotation_v1,A,q_침구_04,침구류,생활·마트 중 '침구'를 판매·제공하는 매장,test,침구,T2 동의어,cb23a156-2de9-4366-9af0-c8132ed3d31b,이불나라,침구류,수원남문패션1번가시장,전통시장,경기도,,,
404c6b4b6755a0f307e7,full_annotation_v1,A,q_침구_04,침구류,생활·마트 중 '침구'를 판매·제공하는 매장,test,침구,T2 동의어,0214317c-c9f8-4af4-8b93-7d7d52ee1acb,창과방,커튼,남대문시장,전통시장,서울특별시,,,
05c736a776a6da2e7a5b,full_annotation_v1,A,q_침구_05,커튼,생활·마트 중 '침구'를 판매·제공하는 매장,test,침구,T2 동의어,8f40138b-7250-4f38-be86-4239b1eec83d,로하스,커튼,부평 문화의거리,전통시장,인천광역시,,,
6efb654d62648eee25d7,full_annotation_v1,A,q_침구_05,커튼,생활·마트 중 '침구'를 판매·제공하는 매장,test,침구,T2 동의어,42406167-d1e3-4640-9ac1-82934bc89a74,수창커튼,커튼,양동복개상가,전통시장,광주광역시,,,
169a0ef17762620b5d0e,full_annotation_v1,A,q_침구_05,커튼,생활·마트 중 '침구'를 판매·제공하는 매장,test,침구,T2 동의어,36cbe430-25d4-4e98-8aab-4907d5a76168,장안식품,두부,장안마실골목형상점가,골목형상점가,서울특별시,,,
a47e09d89738e2c24cce,full_annotation_v1,A,q_침구_05,커튼,생활·마트 중 '침구'를 판매·제공하는 매장,test,침구,T2 동의어,1e8b2732-28f9-47b5-8c65-abb534c866df,달다커튼,커튼,청북가구단지상점가,골목형상점가,경기도,,,
6c082351bc455b998669,full_annotation_v1,A,q_침구_05,커튼,생활·마트 중 '침구'를 판매·제공하는 매장,test,침구,T2 동의어,00083664-fb4e-4e3b-bb0a-d9a0a1e8f87f,롯데세탁소,,와룡로 골목형상점가,골목형상점가,전북특별자치도,,,
cf1b6b92625461140d57,full_annotation_v1,A,q_침구_05,커튼,생활·마트 중 '침구'를 판매·제공하는 매장,test,침구,T2 동의어,ce758c79-89cb-4e7b-aaf4-8d8065fcbea2,카페모아,커피,선화동 골목형상점가,골목형상점가,대전광역시,,,
ffba484b946d3387ed52,full_annotation_v1,A,q_침구_05,커튼,생활·마트 중 '침구'를 판매·제공하는 매장,test,침구,T2 동의어,5bce0fae-1f85-4f94-9cf0-323c8a0cdf01,민지상회,커튼,부산진시장,전통시장,부산광역시,,,
782726f32a7b633230cd,full_annotation_v1,A,q_침구_05,커튼,생활·마트 중 '침구'를 판매·제공하는 매장,test,침구,T2 동의어,6be09d96-ab14-4919-bc4b-458234a0c838,홍성커튼,커튼,홍성상설시장,전통시장,충청남도,,,
e619e62e265288588023,full_annotation_v1,A,q_침구_05,커튼,생활·마트 중 '침구'를 판매·제공하는 매장,test,침구,T2 동의어,0056f4f0-208d-4d7c-996c-9e6526fea6cf,한일침구,침구,목포원도심상점가,자율상권구역,전라남도,,,
e90d22124a4785cae140,full_annotation_v1,A,q_침구_05,커튼,생활·마트 중 '침구'를 판매·제공하는 매장,test,침구,T2 동의어,df70d177-48be-4c9c-9961-fc5337a75be4,청원낙지,한식,동천동 상인회 골목형상점가,골목형상점가,광주광역시,,,
d3babcb7e53a3508c40c,full_annotation_v1,A,q_침구_05,커튼,생활·마트 중 '침구'를 판매·제공하는 매장,test,침구,T2 동의어,eb7b80db-e9c7-41de-a4d1-d810d9749da5,신세계커튼,커튼,부산진시장,전통시장,부산광역시,,,
0085bb38c6daa45b1570,full_annotation_v1,A,q_침구_05,커튼,생활·마트 중 '침구'를 판매·제공하는 매장,test,침구,T2 동의어,afa3efc4-7653-4ac1-9aa4-e4a49b024cf1,선영커텐,커튼,청주육거리종합시장,전통시장,충청북도,,,
921d0dbf89bf60ee18c1,full_annotation_v1,A,q_침구_05,커튼,생활·마트 중 '침구'를 판매·제공하는 매장,test,침구,T2 동의어,938dba1a-d412-49a8-8668-3d4acbe71bbe,작품두나,커튼,국제지하도상가,일반지하상점가,부산광역시,,,
869574ab9d4af59a181e,full_annotation_v1,A,q_침구_05,커튼,생활·마트 중 '침구'를 판매·제공하는 매장,test,침구,T2 동의어,71a33971-d8f7-4305-b187-7c631a26a0b8,빈데코,커튼,섬유제품관,전통시장,대구광역시,,,
6db77ca8f2d4f8752d20,full_annotation_v1,A,q_침구_05,커튼,생활·마트 중 '침구'를 판매·제공하는 매장,test,침구,T2 동의어,66bc36bc-48ed-4d4a-81ef-2f2e5ef24202,버들거텐,커튼,사거리온누리 골목형상점가,골목형상점가,충청남도,,,
2e38dc6088deae37441d,full_annotation_v1,A,q_침구_05,커튼,생활·마트 중 '침구'를 판매·제공하는 매장,test,침구,T2 동의어,0bdcd9a6-bd93-4b5e-83f7-e1c418d0eb4c,화란커텐,커튼,마산 창동통합상가,전통시장,경상남도,,,
13e0eb78e675d9655d4d,full_annotation_v1,A,q_침구_05,커튼,생활·마트 중 '침구'를 판매·제공하는 매장,test,침구,T2 동의어,ad96caae-d010-42c8-94b3-9e1fb37e6a39,리빙하우스,커튼,㈜르네시떼,전통시장,부산광역시,,,
10ddce1216308d2fe37d,full_annotation_v1,A,q_침구_05,커튼,생활·마트 중 '침구'를 판매·제공하는 매장,test,침구,T2 동의어,135bcbb4-3ba8-47a3-85fc-727585446366,예쁜창,커튼,양동복개상가,전통시장,,,,
65ccc76c04cb4e69ba64,full_annotation_v1,A,q_침구_05,커튼,생활·마트 중 '침구'를 판매·제공하는 매장,test,침구,T2 동의어,02149791-6e33-4077-a92d-4f7756bbaa40,잉꼬이불,이불,센트럴프라자,골목형상점가,울산광역시,,,
2fbec1db8619b4c41756,full_annotation_v1,A,q_침구_05,커튼,생활·마트 중 '침구'를 판매·제공하는 매장,test,침구,T2 동의어,9d3429e1-b641-436a-824b-551c2d3c7962,이베트,커튼,울산시장,전통시장,울산광역시,,,
ac793da8fa5637c562b7,full_annotation_v1,A,q_침구_05,커튼,생활·마트 중 '침구'를 판매·제공하는 매장,test,침구,T2 동의어,4bf00542-420d-418e-9c3d-3fb0257eae51,정커텐,커튼,서문시장2지구 종합상가,전통시장,대구광역시,,,
82d4ac0b3f33e55ada41,full_annotation_v1,A,q_침구_05,커튼,생활·마트 중 '침구'를 판매·제공하는 매장,test,침구,T2 동의어,e2c23c31-771a-4ecd-95d2-5cbd164a15b4,인심커텐,커튼,동대문종합시장,전통시장,서울특별시,,,
22a712ccf516a3bcc58a,full_annotation_v1,A,q_침구_05,커튼,생활·마트 중 '침구'를 판매·제공하는 매장,test,침구,T2 동의어,4f14f1b3-788b-45c2-ab7c-37fbc46ece5a,재영커텐,커튼,언양알프스시장,전통시장,울산광역시,,,
071030ae0869269b7c66,full_annotation_v1,A,q_침구_05,커튼,생활·마트 중 '침구'를 판매·제공하는 매장,test,침구,T2 동의어,05291547-c22d-430e-95c2-e31bda19a90a,슈퍼타이 본점,세탁,월드시티상가 골목형상점가,골목형상점가,울산광역시,,,
9b3546ee43d5b8a65ede,full_annotation_v1,A,q_침구_05,커튼,생활·마트 중 '침구'를 판매·제공하는 매장,test,침구,T2 동의어,4e0115f4-a39d-4b51-85cf-0731ae461d3b,경화큰집,,진해 경화시장,전통시장,경상남도,,,
a03f9d21582ec808532d,full_annotation_v1,A,q_침구_05,커튼,생활·마트 중 '침구'를 판매·제공하는 매장,test,침구,T2 동의어,45144539-8ea6-40a5-bba9-31cfb254bf74,가람코텐,커튼,서문시장2지구 종합상가,전통시장,대구광역시,,,
bec37005d0aac696b8f0,full_annotation_v1,A,q_침구_05,커튼,생활·마트 중 '침구'를 판매·제공하는 매장,test,침구,T2 동의어,896e5ba3-b5b7-4b8b-bfdd-05dabe9f199f,꾸밈방,커튼,부산국제시장,전통시장,부산광역시,,,
123e8345d6ef7e38ba6a,full_annotation_v1,A,q_침구_05,커튼,생활·마트 중 '침구'를 판매·제공하는 매장,test,침구,T2 동의어,6abb327d-f81b-4a9a-ba08-d4f3dc591834,커튼이야기,커튼,빛가람 하나로 골목형상점가,골목형상점가,전라남도,,,
4385242cc130909ce93a,full_annotation_v1,A,q_침구_05,커튼,생활·마트 중 '침구'를 판매·제공하는 매장,test,침구,T2 동의어,fb37e0a3-f64c-4f31-8f61-c74962314481,대우커텐,커튼,부산진시장,전통시장,부산광역시,,,
45ebfba41ff35b334b44,full_annotation_v1,A,q_침구_05,커튼,생활·마트 중 '침구'를 판매·제공하는 매장,test,침구,T2 동의어,759beedb-8aef-47e1-a49f-c9afd2b9a379,예쁜창,커튼,구미새마을중앙시장,전통시장,경상북도,,,
71e9ecb5a80594b35542,full_annotation_v1,A,q_침구_05,커튼,생활·마트 중 '침구'를 판매·제공하는 매장,test,침구,T2 동의어,00831337-1223-4dcf-9c42-67ca874b1ef6,무지개,침구류,부산진시장,전통시장,부산광역시,,,
d9941accb95f4586ad0e,full_annotation_v1,A,q_침구_05,커튼,생활·마트 중 '침구'를 판매·제공하는 매장,test,침구,T2 동의어,f076f2a3-d545-4418-b338-ecfddb2f5720,행운커텐,커튼,섬유제품관,전통시장,대구광역시,,,
166ac6acebe95f3a310c,full_annotation_v1,A,q_침구_05,커튼,생활·마트 중 '침구'를 판매·제공하는 매장,test,침구,T2 동의어,5c330924-a710-40c2-998b-6d1a0938e228,중앙커텐,커튼,전주중앙상가시장,전통시장,전북특별자치도,,,
b022d2138e5768f99e03,full_annotation_v1,A,q_침구_05,커튼,생활·마트 중 '침구'를 판매·제공하는 매장,test,침구,T2 동의어,d4a537ae-3a42-475c-ad21-9fc6df89525b,이문상회,소매업(기타)건어물,경동시장,전통시장,서울특별시,,,
aed3bc54f9f8ef82b325,full_annotation_v1,A,q_침구_05,커튼,생활·마트 중 '침구'를 판매·제공하는 매장,test,침구,T2 동의어,3618c110-f79f-47b4-9523-c0eb8db3136a,제이(J)커튼,"커튼, 블라인드",산울림 골목형상점가,골목형상점가,세종특별자치시,,,
85b1c9fb64981124b720,full_annotation_v1,A,q_침구_05,커튼,생활·마트 중 '침구'를 판매·제공하는 매장,test,침구,T2 동의어,020bee4a-baa0-4c84-a1d2-1ffe5e745eb7,유영주단,"이불, 한복",대가야 자율상권구역,,경상북도,,,
fa93754ce5cfdf93364f,full_annotation_v1,A,q_침구_05,커튼,생활·마트 중 '침구'를 판매·제공하는 매장,test,침구,T2 동의어,6ccce905-716a-4ecf-9e5c-b8fe46eca7de,유림선구점,,마산어시장,전통시장,경상남도,,,
d7ab06c94376bbdb34cc,full_annotation_v1,A,q_침구_05,커튼,생활·마트 중 '침구'를 판매·제공하는 매장,test,침구,T2 동의어,9acb74fe-eec1-4043-83c5-7638542d8823,창가네커튼,커튼,과천새서울프라자시장,전통시장,경기도,,,
2632eebb9ec7260f2b3a,full_annotation_v1,A,q_침구_05,커튼,생활·마트 중 '침구'를 판매·제공하는 매장,test,침구,T2 동의어,e4538734-2084-47bb-bf24-d6b4ac89a24d,고은커텐,커튼,양동복개상가,전통시장,광주광역시,,,
fb33e7f8c95fcab3fd15,full_annotation_v1,A,q_침구_05,커튼,생활·마트 중 '침구'를 판매·제공하는 매장,test,침구,T2 동의어,04be6967-cb64-4ff0-98ac-aa97b4095e4e,나비수산,수산,양동수산시장,전통시장,광주광역시,,,
f771cf0f987a88fc4f79,full_annotation_v1,A,q_침구_05,커튼,생활·마트 중 '침구'를 판매·제공하는 매장,test,침구,T2 동의어,5a5f1483-37ae-464b-a911-f6ba840b1ede,소망커텐,커튼,한민시장,전통시장,대전광역시,,,
5f92b4ed8598166c6290,full_annotation_v1,A,q_침구_05,커튼,생활·마트 중 '침구'를 판매·제공하는 매장,test,침구,T2 동의어,dfa923dc-da84-4d0c-b819-8c78a48a94d0,대도커튼,커튼,서문시장 제1지구1층(직물시장),전통시장,대구광역시,,,
2344072b890851479af5,full_annotation_v1,A,q_침구_05,커튼,생활·마트 중 '침구'를 판매·제공하는 매장,test,침구,T2 동의어,074b755c-7f05-42dc-9c6f-5661898ebbeb,엣지하우스,커튼,서문시장2지구 종합상가,전통시장,대구광역시,,,
281921e1c9031d485694,full_annotation_v1,A,q_침구_05,커튼,생활·마트 중 '침구'를 판매·제공하는 매장,test,침구,T2 동의어,f99a593a-5b5c-443c-822f-f95c87e669be,공간사랑,커튼,국제지하도상가,일반지하상점가,부산광역시,,,
a5693152ae3cff6b2fe5,full_annotation_v1,A,q_침구_05,커튼,생활·마트 중 '침구'를 판매·제공하는 매장,test,침구,T2 동의어,009cda97-be64-4deb-8311-f6e42d4eca25,갤러리커튼,커튼블라인드침구,홀릭스,골목형상점가,광주광역시,,,
39b516b9d6e4f3044bf9,full_annotation_v1,A,q_침구_05,커튼,생활·마트 중 '침구'를 판매·제공하는 매장,test,침구,T2 동의어,3ff1d612-350e-4501-a9cd-f8b7a8463c46,한오라기,커튼,양동복개상가,전통시장,광주광역시,,,
8d5f71a86caf25a0994c,full_annotation_v1,A,q_침구_05,커튼,생활·마트 중 '침구'를 판매·제공하는 매장,test,침구,T2 동의어,c5123d40-b261-4736-9174-3bdc15280490,윈도우스토리,커튼,제천시 원도심 상권활성화구역,상권활성화구역,충청북도,,,
f2d57885bd1e3cb5db8d,full_annotation_v1,A,q_침구_05,커튼,생활·마트 중 '침구'를 판매·제공하는 매장,test,침구,T2 동의어,0d661c53-4d64-4b04-a2d5-b9cf25761047,서라벌상회,커튼,부산진시장,전통시장,부산광역시,,,
7045eb90aac664a6327a,full_annotation_v1,A,q_침구_05,커튼,생활·마트 중 '침구'를 판매·제공하는 매장,test,침구,T2 동의어,27fb29c7-617d-406f-9926-6e63e889d4cf,공간커튼,커튼,양동복개상가,전통시장,,,,
5c26b8ea793dde5efb8b,full_annotation_v1,A,q_침구_05,커튼,생활·마트 중 '침구'를 판매·제공하는 매장,test,침구,T2 동의어,e29eed55-c2f8-4373-97db-87833f696040,대우커텐,커튼,안양중앙인정시장,전통시장,경기도,,,
5ebd8e9fa7676b82ac4e,full_annotation_v1,A,q_침구_05,커튼,생활·마트 중 '침구'를 판매·제공하는 매장,test,침구,T2 동의어,25883095-ebb0-439a-9d6d-919487578c11,순이네홈,커튼,양동복개상가,전통시장,광주광역시,,,
983c97cde76b02eac03f,full_annotation_v1,A,q_침구_05,커튼,생활·마트 중 '침구'를 판매·제공하는 매장,test,침구,T2 동의어,a52a4c8a-8e7b-4e85-85ea-44144d9b1990,이든커튼,커튼 소품,창원 성원그랜드쇼핑상가,전통시장,경상남도,,,
df663d2cdc30f2779d15,full_annotation_v1,A,q_침구_05,커튼,생활·마트 중 '침구'를 판매·제공하는 매장,test,침구,T2 동의어,020246a6-0250-41f7-93e8-4b7cbdd9f5e2,덕광상회,이불,금산금빛시장(금산시장),전통시장,충청남도,,,
2161801b79e78acff91f,full_annotation_v1,A,q_침구_05,커튼,생활·마트 중 '침구'를 판매·제공하는 매장,test,침구,T2 동의어,6a6598eb-c125-4e52-997e-27e88def0309,상희네,잡화 내의류,부평깡통시장(구 부산부평시장),전통시장,부산광역시,,,
bffd8875dc15fdc71315,full_annotation_v1,A,q_침구_05,커튼,생활·마트 중 '침구'를 판매·제공하는 매장,test,침구,T2 동의어,fc07ae7e-6438-40d8-94c5-06391d63d4ed,벽창호커튼인테리어,커튼,서광주세무서앞상인회 골목형상점가,골목형상점가,광주광역시,,,
c1d75c9e4cc6ffc4958f,full_annotation_v1,A,q_침구_05,커튼,생활·마트 중 '침구'를 판매·제공하는 매장,test,침구,T2 동의어,3d50e49a-5d6d-4360-996d-33672cf06f66,행복만들기 커튼,,남대문시장,전통시장,서울특별시,,,
5728403b946764aa5ace,full_annotation_v1,A,q_침구_05,커튼,생활·마트 중 '침구'를 판매·제공하는 매장,test,침구,T2 동의어,01c8223c-7693-4269-8de1-ef21d68577d4,신흥침구사,침구,중앙신시장,전통시장,경상북도,,,
e289782a7b2bcdc39e7d,full_annotation_v1,A,q_침구_05,커튼,생활·마트 중 '침구'를 판매·제공하는 매장,test,침구,T2 동의어,31d8fafc-cd6e-48cc-91a1-1ca444da1ba6,신진홈,커튼,천안중앙시장,전통시장,충청남도,,,
d2405767bcfa298d86ec,full_annotation_v1,A,q_침구_05,커튼,생활·마트 중 '침구'를 판매·제공하는 매장,test,침구,T2 동의어,ee406013-de26-4c4d-af00-38190f46c3a9,커튼하우스,이불 커튼,현대시장,전통시장,인천광역시,,,
a191bceddc7d1b80db15,full_annotation_v1,A,q_침구_05,커튼,생활·마트 중 '침구'를 판매·제공하는 매장,test,침구,T2 동의어,9fdddbcf-c375-418a-b814-c0b2181981d1,마야커텐,커튼,서문시장(명품프라자상가),전통시장,대구광역시,,,
1ef764ed43fd32b3f16e,full_annotation_v1,A,q_침구_05,커튼,생활·마트 중 '침구'를 판매·제공하는 매장,test,침구,T2 동의어,aa64c8d7-6946-493a-80dd-347e7d531c48,명품커텐,커튼,부산진시장,전통시장,부산광역시,,,
9f2a3257bc2318bfc354,full_annotation_v1,A,q_침구_05,커튼,생활·마트 중 '침구'를 판매·제공하는 매장,test,침구,T2 동의어,607df75a-cdca-4ec3-93a8-184736d3eb6f,커튼명가,커튼,양동복개상가,전통시장,광주광역시,,,
3ed69daca592da6d248e,full_annotation_v1,A,q_침구_05,커튼,생활·마트 중 '침구'를 판매·제공하는 매장,test,침구,T2 동의어,069212f1-0299-418e-b956-9949d15e8e25,백합커텐,커튼,천안중앙시장,전통시장,충청남도,,,
899bb7f64ebda2fc7c5d,full_annotation_v1,A,q_침구_05,커튼,생활·마트 중 '침구'를 판매·제공하는 매장,test,침구,T2 동의어,01fa75f4-4cdb-4d62-931a-2b130cdef613,에띠앙이불집,이불,익산장(구 북부장),전통시장,전북특별자치도,,,
b73ec7144c6ec3c22ce1,full_annotation_v1,A,q_침구_05,커튼,생활·마트 중 '침구'를 판매·제공하는 매장,test,침구,T2 동의어,1375b342-f218-468b-8d62-5521f2fb1804,풀하우스,커튼,신중앙시장,전통시장,대전광역시,,,
aaeaddd89dd970d176ab,full_annotation_v1,A,q_침구_05,커튼,생활·마트 중 '침구'를 판매·제공하는 매장,test,침구,T2 동의어,a4298544-263f-41e8-8dc1-562b53f9e140,커튼과창,커튼,수완중흥대방 골목형상점가,골목형상점가,광주광역시,,,
e2482fc4616d0964cde8,full_annotation_v1,A,q_침구_05,커튼,생활·마트 중 '침구'를 판매·제공하는 매장,test,침구,T2 동의어,08e00744-486c-42bc-a1ce-7019cbfde486,금비,커튼,양동복개상가,전통시장,광주광역시,,,
f6eaa2c1af820d46a8e6,full_annotation_v1,A,q_침구_05,커튼,생활·마트 중 '침구'를 판매·제공하는 매장,test,침구,T2 동의어,41ab8207-a733-4255-82fd-08ce982a7fc1,미창커튼,커튼,양동복개상가,전통시장,광주광역시,,,
7f88167302254248f991,full_annotation_v1,A,q_침구_05,커튼,생활·마트 중 '침구'를 판매·제공하는 매장,test,침구,T2 동의어,00f84355-823b-4c23-bb49-e842bf41a1a3,금호커텐,커튼,양동복개상가,전통시장,,,,
14fe5502fb5384f9424f,full_annotation_v1,A,q_침구_05,커튼,생활·마트 중 '침구'를 판매·제공하는 매장,test,침구,T2 동의어,a9c1687a-d293-4836-b34c-8e418f346acf,커튼하우스,커튼,송림골 골목형상점가,골목형상점가,인천광역시,,,
0fbbd9f7c1f5973097ec,full_annotation_v1,A,q_침구_05,커튼,생활·마트 중 '침구'를 판매·제공하는 매장,test,침구,T2 동의어,019c9868-92c6-4e25-b2ea-903f322c9acf,맡겨봐신발세탁,세탁,임동 골목형상점가,골목형상점가,광주광역시,,,
ca7a9ee9839ea54af1e4,full_annotation_v1,A,q_침구_05,커튼,생활·마트 중 '침구'를 판매·제공하는 매장,test,침구,T2 동의어,880ace10-f8f1-4267-9837-8efd38bbce28,엘리시아,커튼,창원 성원그랜드쇼핑상가,전통시장,경상남도,,,
0beb8ec0e8b5b0d67402,full_annotation_v1,A,q_침구_05,커튼,생활·마트 중 '침구'를 판매·제공하는 매장,test,침구,T2 동의어,92bf9141-f689-4973-906c-b972999364ff,구가커텐,커튼,서문시장2지구 종합상가,전통시장,대구광역시,,,
e0e8dbe1e8f556d41195,full_annotation_v1,A,q_침구_05,커튼,생활·마트 중 '침구'를 판매·제공하는 매장,test,침구,T2 동의어,58639a7a-d232-4ece-bc7a-3f745b520c9e,해림커튼,커튼,부산진시장,전통시장,부산광역시,,,
fcfd6e5ae9c096c02a0d,full_annotation_v1,A,q_침구_05,커튼,생활·마트 중 '침구'를 판매·제공하는 매장,test,침구,T2 동의어,012f526e-9f74-4b7a-86ab-887e82649cba,나주커튼,커튼,나주목사고을시장,전통시장,,,,
0a6b8f66ae4668684525,full_annotation_v1,A,q_침구_05,커튼,생활·마트 중 '침구'를 판매·제공하는 매장,test,침구,T2 동의어,56d052d6-7a62-4de7-9682-1a5dbe08fa51,소망커텐,커튼,양동복개상가,전통시장,,,,
ccdf000064f003a69866,full_annotation_v1,A,q_침구_05,커튼,생활·마트 중 '침구'를 판매·제공하는 매장,test,침구,T2 동의어,b62df053-e652-4aa6-9c7e-2b6d5f176023,안경마을,안경,금왕중심골목형상점가,골목형상점가,충청북도,,,
7a72b2b3daf077347331,full_annotation_v1,A,q_침구_05,커튼,생활·마트 중 '침구'를 판매·제공하는 매장,test,침구,T2 동의어,6792c457-f247-4b95-b07e-809159b104ae,빛과창,커튼,상무쌍촌역상인회 골목형상점가,골목형상점가,광주광역시,,,
891725d96e50fc3d6b43,full_annotation_v1,A,q_침구_05,커튼,생활·마트 중 '침구'를 판매·제공하는 매장,test,침구,T2 동의어,aba1c08d-2e4e-4943-99a1-5a4a33c8b2e4,맛나식당,한식,전곡로데오거리골목형상점가,골목형상점가,경기도,,,
526bb3e3556c09f232b7,full_annotation_v1,A,q_침구_05,커튼,생활·마트 중 '침구'를 판매·제공하는 매장,test,침구,T2 동의어,d4b4291d-b61d-414d-91c1-c826b6c45fa3,우정국밥,한식,횡성전통시장,전통시장,강원특별자치도,,,
fdb3a09555b1dc7195f8,full_annotation_v1,A,q_침구_05,커튼,생활·마트 중 '침구'를 판매·제공하는 매장,test,침구,T2 동의어,01022b54-7fac-43ff-8e1e-8e0c95d34ac6,아이편한♥소리잠매트,침구 등,성남프라자,전통시장,울산광역시,,,
46e09b38e3afc5ad1c15,full_annotation_v1,A,q_침구_05,커튼,생활·마트 중 '침구'를 판매·제공하는 매장,test,침구,T2 동의어,4e8a7d9b-1d66-4289-bbaa-efd83fbbe256,유진커텐,커튼,전주중앙상가시장,전통시장,전북특별자치도,,,
6bbfb3022cc03470547c,full_annotation_v1,A,q_침구_05,커튼,생활·마트 중 '침구'를 판매·제공하는 매장,test,침구,T2 동의어,3095c4dd-b9e5-40e1-bce3-0d99ce25704c,W창,커튼,치평동아파트연합상인회 골목형상점가,골목형상점가,광주광역시,,,
8b4ac9e612c4b5732e86,full_annotation_v1,A,q_침구_05,커튼,생활·마트 중 '침구'를 판매·제공하는 매장,test,침구,T2 동의어,eb44bcb5-239d-4765-848d-b65a4c448edf,작품하나,커튼,국제지하도상가,일반지하상점가,부산광역시,,,
7f2ac7c1554aed460b08,full_annotation_v1,A,q_침구_05,커튼,생활·마트 중 '침구'를 판매·제공하는 매장,test,침구,T2 동의어,181ff07d-b4d0-4222-984c-bebb6b2f945c,시온커튼,커튼,원동중앙로골목형상점가,골목형상점가,대전광역시,,,
abc004d2c286bef15d64,full_annotation_v1,A,q_침구_05,커튼,생활·마트 중 '침구'를 판매·제공하는 매장,test,침구,T2 동의어,02187a22-27d8-4fad-a650-42495bec004f,부흥상회,이불,용현시장,전통시장,인천광역시,,,
e1fbe11cd44fa3de6361,full_annotation_v1,A,q_침구_05,커튼,생활·마트 중 '침구'를 판매·제공하는 매장,test,침구,T2 동의어,fdf9ddb5-0295-45ee-9a92-10ac119ea23e,행운커텐,커튼,창원 상남시장,전통시장,경상남도,,,
772cda974b112e373a40,full_annotation_v1,A,q_침구_05,커튼,생활·마트 중 '침구'를 판매·제공하는 매장,test,침구,T2 동의어,be4407e8-3b9c-4fa6-8915-74f6c5755da3,웰빙커튼,커튼,양동복개상가,전통시장,,,,
2179f9177e0228d7fb5b,full_annotation_v1,A,q_침구_05,커튼,생활·마트 중 '침구'를 판매·제공하는 매장,test,침구,T2 동의어,6da73773-bc16-4579-96b2-a66d39d3aca2,오늘의 커튼,"커튼, 블라인드",양동복개상가,전통시장,광주광역시,,,
d691a332a48d6282c19c,full_annotation_v1,A,q_침구_05,커튼,생활·마트 중 '침구'를 판매·제공하는 매장,test,침구,T2 동의어,59679e27-12f5-41ad-94df-3779baa39aea,유진커텐,커튼,서문시장 제1지구1층(직물시장),전통시장,대구광역시,,,
d69b7a733aefa32949b7,full_annotation_v1,A,q_침구_05,커튼,생활·마트 중 '침구'를 판매·제공하는 매장,test,침구,T2 동의어,0214317c-c9f8-4af4-8b93-7d7d52ee1acb,창과방,커튼,남대문시장,전통시장,서울특별시,,,
21a375c887b2a4cdce59,full_annotation_v1,A,q_침구_05,커튼,생활·마트 중 '침구'를 판매·제공하는 매장,test,침구,T2 동의어,4b9ea816-dbbb-467b-8062-b045c7931bbb,큐텍스커튼,커튼,서문시장 제1지구1층(직물시장),전통시장,대구광역시,,,
6b3f3c2e5cff4336e65e,full_annotation_v1,A,q_침구_05,커튼,생활·마트 중 '침구'를 판매·제공하는 매장,test,침구,T2 동의어,39b32e8c-ddff-4308-bda7-653f5c53ded2,옥경홈,커튼,양동복개상가,전통시장,광주광역시,,,
128efbbceaa9b46ac52b,full_annotation_v1,A,q_침구_05,커튼,생활·마트 중 '침구'를 판매·제공하는 매장,test,침구,T2 동의어,41989e1e-3b92-48cc-b7da-6564e5423087,조광커텐,커튼,광천문화시장,전통시장,충청남도,,,
3be2a3c22e68476ac21b,full_annotation_v1,A,q_침구_05,커튼,생활·마트 중 '침구'를 판매·제공하는 매장,test,침구,T2 동의어,cffd5832-84ec-4362-a062-c34907ca943b,선경,커튼,영신상가,전통시장,서울특별시,,,
9942373a160a7080f763,full_annotation_v1,A,q_침구_05,커튼,생활·마트 중 '침구'를 판매·제공하는 매장,test,침구,T2 동의어,7782d592-52dd-4ba3-b2d4-a79136f1f38b,믿음커튼,커튼,양동복개상가,전통시장,,,,
9067f9b6c53cc2610ef3,full_annotation_v1,A,q_침구_05,커튼,생활·마트 중 '침구'를 판매·제공하는 매장,test,침구,T2 동의어,30cc95ec-b097-4003-96eb-e851f5f1ddf0,창원커튼,커튼,창원 성원그랜드쇼핑상가,전통시장,경상남도,,,
c96db34f40b8b3f0d4b0,full_annotation_v1,A,q_침구_05,커튼,생활·마트 중 '침구'를 판매·제공하는 매장,test,침구,T2 동의어,400930de-8367-41a2-a8ab-005e5a050233,코디룸커튼,커튼,양동복개상가,전통시장,광주광역시,,,
bfb2c8d03c140207fd6e,full_annotation_v1,A,q_침구_05,커튼,생활·마트 중 '침구'를 판매·제공하는 매장,test,침구,T2 동의어,12390f91-c766-4b69-87e9-8ddd5ccd909c,코오롱커텐,커튼,부평 문화의거리,전통시장,인천광역시,,,
0f4b49e068967ed6e00a,full_annotation_v1,A,q_침구_05,커튼,생활·마트 중 '침구'를 판매·제공하는 매장,test,침구,T2 동의어,25eff861-5379-47db-ab87-3292199682f3,조광커텐,커튼,서문시장 제1지구1층(직물시장),전통시장,대구광역시,,,
e39f5b680e70d05e361f,full_annotation_v1,A,q_침구_05,커튼,생활·마트 중 '침구'를 판매·제공하는 매장,test,침구,T2 동의어,015d152e-ed78-4d55-a7c5-5c8fce6debf7,후평종합이불,"침구류, 수건",후평일단지시장,전통시장,강원특별자치도,,,
29946793a7f5a0f39093,full_annotation_v1,A,q_침구_05,커튼,생활·마트 중 '침구'를 판매·제공하는 매장,test,침구,T2 동의어,6fdafa76-62dc-49bd-a21a-c317949dfdf1,창너머풍경,커튼,빛고을 골목형상점가,골목형상점가,광주광역시,,,
1d335ee29f35948a6bc2,full_annotation_v1,A,q_침구_05,커튼,생활·마트 중 '침구'를 판매·제공하는 매장,test,침구,T2 동의어,6642e5bf-cf55-484d-837c-17a9951d9d9f,테마장식커튼,커튼,양동복개상가,전통시장,광주광역시,,,
2d968b6129efa2a3207e,full_annotation_v1,A,q_침구_05,커튼,생활·마트 중 '침구'를 판매·제공하는 매장,test,침구,T2 동의어,e52333d2-532b-4c00-8e18-977dfc142de3,베스트,커튼,양동복개상가,전통시장,광주광역시,,,
18e691bbd0648fb107d2,full_annotation_v1,A,q_침구_05,커튼,생활·마트 중 '침구'를 판매·제공하는 매장,test,침구,T2 동의어,9c4fe798-176c-4ca5-bcdc-694522ba3876,창커튼,커튼,성정가구거리상점가,자율상권구역,충청남도,,,
9071f3477a8252ba66b5,full_annotation_v1,A,q_침구_05,커튼,생활·마트 중 '침구'를 판매·제공하는 매장,test,침구,T2 동의어,761b185d-5c01-4f8e-ba56-fb9193872817,해마루,커튼,양동복개상가,전통시장,,,,
f93524caf5c4ad7388d5,full_annotation_v1,A,q_침구_05,커튼,생활·마트 중 '침구'를 판매·제공하는 매장,test,침구,T2 동의어,086ce282-c1b2-472e-a604-d4419e782a66,행운커튼,커튼,양동복개상가,전통시장,,,,
f445a0f69d44173e06cd,full_annotation_v1,A,q_침구_05,커튼,생활·마트 중 '침구'를 판매·제공하는 매장,test,침구,T2 동의어,fe52d089-e644-45f0-97ef-2e546c22103a,로얄하모니,커튼,부산진시장,전통시장,부산광역시,,,
efcb0aa9a7a3e48de4e2,full_annotation_v1,A,q_침구_05,커튼,생활·마트 중 '침구'를 판매·제공하는 매장,test,침구,T2 동의어,acac3275-b02a-4d8b-837d-b0cac75f8460,예담화커튼,커튼,서문시장(명품프라자상가),전통시장,대구광역시,,,
a88c44eb7b1e963b90c8,full_annotation_v1,A,q_침구_05,커튼,생활·마트 중 '침구'를 판매·제공하는 매장,test,침구,T2 동의어,01de114b-b852-4451-bf02-e87d19da999b,유메이트,소매업(이불),안양중앙인정시장,전통시장,경기도,,,
63d8c0834f8cd7112356,full_annotation_v1,A,q_침구_05,커튼,생활·마트 중 '침구'를 판매·제공하는 매장,test,침구,T2 동의어,0168e10e-c168-404c-83b2-0d1fd89d65e6,루디아,혼수 커튼,양동복개상가,전통시장,,,,
dabb2dc24bcc57c2a720,full_annotation_v1,A,q_침구_05,커튼,생활·마트 중 '침구'를 판매·제공하는 매장,test,침구,T2 동의어,7154bc90-9464-4edf-a20c-9ecf345f2e00,예쁜집커텐,커튼,양동복개상가,전통시장,광주광역시,,,
a538abfc9edad8d7c186,full_annotation_v1,A,q_침구_05,커튼,생활·마트 중 '침구'를 판매·제공하는 매장,test,침구,T2 동의어,ae4eccdd-8872-4374-a363-4cf3f98d4d3c,한샘이네,한식,목포자유시장,전통시장,전라남도,,,
5e72fe39b592f95c639c,full_annotation_v1,A,q_침구_05,커튼,생활·마트 중 '침구'를 판매·제공하는 매장,test,침구,T2 동의어,6fb8b4a3-0ab0-43e3-8c72-50cb4ee301f1,홈랜드,커튼,계산시장,전통시장,인천광역시,,,
38cfe48e2817c72aa02a,full_annotation_v1,A,q_침구_05,커튼,생활·마트 중 '침구'를 판매·제공하는 매장,test,침구,T2 동의어,f4ccb07f-2447-4e26-a346-756c03636a3f,서울커튼,커튼,양동복개상가,전통시장,광주광역시,,,
80a8df17e9210b026956,full_annotation_v1,A,q_침구_05,커튼,생활·마트 중 '침구'를 판매·제공하는 매장,test,침구,T2 동의어,020914cd-8086-4fad-ab39-bbae265d6a60,양진이불,침구,경주성동공설시장,전통시장,경상북도,,,
5c9c4f339474a5d631f1,full_annotation_v1,A,q_침구_05,커튼,생활·마트 중 '침구'를 판매·제공하는 매장,test,침구,T2 동의어,b6930828-0bf6-4236-9e08-7fabf1748282,삼촌가게,커튼,울산시장,전통시장,울산광역시,,,
fef9f21d28fcca149557,full_annotation_v1,A,q_침구_05,커튼,생활·마트 중 '침구'를 판매·제공하는 매장,test,침구,T2 동의어,469e686d-ea4c-4218-97e0-98723ad0c665,풀하우스,커튼,서순천가구백화점골목형상점가,골목형상점가,전라남도,,,
bb0cc976bfff7e142877,full_annotation_v1,A,q_침구_05,커튼,생활·마트 중 '침구'를 판매·제공하는 매장,test,침구,T2 동의어,0316f00f-03d1-48b6-b0ef-875aaa9d5bc7,진커튼,커튼,부산진시장,전통시장,부산광역시,,,
e9f8c9dc7eac33eb412f,full_annotation_v1,A,q_침구_05,커튼,생활·마트 중 '침구'를 판매·제공하는 매장,test,침구,T2 동의어,46f102f1-8a6a-41d8-8914-07c17447cf48,러브하우스,커튼,부산진시장,전통시장,부산광역시,,,
554ca41a913053912118,full_annotation_v1,A,q_침구_05,커튼,생활·마트 중 '침구'를 판매·제공하는 매장,test,침구,T2 동의어,68dc67ad-e97e-4527-8ee4-3834ae7532e5,명동커튼,커튼,양동복개상가,전통시장,광주광역시,,,
28355960da9c06d1b369,full_annotation_v1,A,q_침구_05,커튼,생활·마트 중 '침구'를 판매·제공하는 매장,test,침구,T2 동의어,033fc658-a256-42a6-8ebf-24763bc43ba1,신광컴퓨터세탁소,세탁소,대야 골목형상점가,골목형상점가,전북특별자치도,,,
cf9f461650e846f85151,full_annotation_v1,A,q_침구_05,커튼,생활·마트 중 '침구'를 판매·제공하는 매장,test,침구,T2 동의어,8a39b38f-a2a7-4f7c-8cc1-e48f08890528,커먼프라자,의류,역전지하상가,일반지하상점가,대전광역시,,,
32d1b405a1d91c91ddaf,full_annotation_v1,A,q_침구_05,커튼,생활·마트 중 '침구'를 판매·제공하는 매장,test,침구,T2 동의어,20758966-4679-46e2-9926-996001a8904e,세림커텐,커튼,서문시장2지구 종합상가,전통시장,대구광역시,,,
05776dc4a9a54d058b95,full_annotation_v1,A,q_침구_05,커튼,생활·마트 중 '침구'를 판매·제공하는 매장,test,침구,T2 동의어,00c164d0-76c7-4e7a-9676-ecfdbb052077,크린토피아신창점,세탁,신창수문 골목형상점가,골목형상점가,광주광역시,,,
7163a0f3425c7cdf5faa,full_annotation_v1,A,q_침구_05,커튼,생활·마트 중 '침구'를 판매·제공하는 매장,test,침구,T2 동의어,4a713c73-48c7-42bf-82b3-5c0aedb7bcd5,행복한배꼽방,온열기,창원 봉곡시장,전통시장,경상남도,,,
981af3745b6d6a0fc872,full_annotation_v1,A,q_침구_05,커튼,생활·마트 중 '침구'를 판매·제공하는 매장,test,침구,T2 동의어,7f884963-cb0b-4fc1-b28e-c0b355ca0daf,커튼스타일,커튼 외,청북가구단지상점가,골목형상점가,경기도,,,
c2517e62dfc0124c5491,full_annotation_v1,A,q_침구_05,커튼,생활·마트 중 '침구'를 판매·제공하는 매장,test,침구,T2 동의어,609da8e7-d3b3-43f5-ab8b-64dfb743dd48,지연커튼,커튼,양동복개상가,전통시장,광주광역시,,,
681dfadb559a15819f70,full_annotation_v1,A,q_침구_05,커튼,생활·마트 중 '침구'를 판매·제공하는 매장,test,침구,T2 동의어,f33a09b4-aab7-45b4-84a3-4f1ea0e484bb,핑크방,커튼,창원 성원그랜드쇼핑상가,전통시장,경상남도,,,
2061f6cb9fced1d64cf0,full_annotation_v1,A,q_침구_05,커튼,생활·마트 중 '침구'를 판매·제공하는 매장,test,침구,T2 동의어,91fa5263-6c10-4af9-b1a4-ad06b754b998,창가애,커튼,섬유제품관,전통시장,대구광역시,,,
138b102f9f1682427ee3,full_annotation_v1,A,q_침구_05,커튼,생활·마트 중 '침구'를 판매·제공하는 매장,test,침구,T2 동의어,ea987224-c04e-4ef3-9d7d-e0b272f6cc12,선경커텐,커튼,태안동부시장(구 태안특산물전통시장),전통시장,충청남도,,,
666f8c859f6d39edb0ba,full_annotation_v1,A,q_침구_05,커튼,생활·마트 중 '침구'를 판매·제공하는 매장,test,침구,T2 동의어,c15162c5-a850-4653-a94e-25d3905a5f66,제일커텐,커튼,서문시장 제1지구1층(직물시장),전통시장,대구광역시,,,
6011b2ffa2c2467aed8a,full_annotation_v1,A,q_침구_05,커튼,생활·마트 중 '침구'를 판매·제공하는 매장,test,침구,T2 동의어,59fcda02-6f49-4e02-83fb-e8de651107c8,벽창호,커튼,구성언남 골목형상점가,골목형상점가,경기도,,,
8390f6335cb5be730ebd,full_annotation_v1,A,q_침구_05,커튼,생활·마트 중 '침구'를 판매·제공하는 매장,test,침구,T2 동의어,c4989eef-7991-403b-8be4-4eec1f9e6a8e,아람장식,커튼,대전중앙활성화구역,상권활성화구역,대전광역시,,,
5979c523a3fecb65de85,full_annotation_v1,A,q_침구_05,커튼,생활·마트 중 '침구'를 판매·제공하는 매장,test,침구,T2 동의어,3ac107f2-45d4-443b-857f-d29fc50566a4,헌터더글라스갤러리광주상무점,커튼,상무쌍촌역상인회 골목형상점가,골목형상점가,광주광역시,,,
726e2966f9b2906e481d,full_annotation_v1,A,q_침구_05,커튼,생활·마트 중 '침구'를 판매·제공하는 매장,test,침구,T2 동의어,42a9b37b-8072-46f7-934b-4bf4a39c7d27,지에스25 문화센트럴,"식품, 잡화, 담배",문화1동 골목형상점가,골목형상점가,대전광역시,,,
4dd233a44830507be8ab,full_annotation_v1,A,q_침구_05,커튼,생활·마트 중 '침구'를 판매·제공하는 매장,test,침구,T2 동의어,95eb5cf9-7aed-4e91-8889-d8be2b67e470,웰빙커튼블라인드,커튼,양동복개상가,전통시장,,,,
ed591090fabffb9679f4,full_annotation_v1,A,q_침구_05,커튼,생활·마트 중 '침구'를 판매·제공하는 매장,test,침구,T2 동의어,a7030991-9201-48ba-8f2c-637cd08f0481,가정커텐,커튼,웃장상가,자율상권구역,전라남도,,,
024b2853d567ae41d25a,full_annotation_v1,A,q_침구_05,커튼,생활·마트 중 '침구'를 판매·제공하는 매장,test,침구,T2 동의어,ef4690ea-104f-41d3-bf20-0c169d63201e,아이미요가,요가,금왕중심골목형상점가,골목형상점가,충청북도,,,
41957e926e807bad96e9,full_annotation_v1,A,q_침구_06,이불 사려면,생활·마트 중 '침구'를 판매·제공하는 매장,test,침구,T4 구어·문장,01fa75f4-4cdb-4d62-931a-2b130cdef613,에띠앙이불집,이불,익산장(구 북부장),전통시장,전북특별자치도,,,
e35dc3a4d443136e0d32,full_annotation_v1,A,q_침구_06,이불 사려면,생활·마트 중 '침구'를 판매·제공하는 매장,test,침구,T4 구어·문장,033fc658-a256-42a6-8ebf-24763bc43ba1,신광컴퓨터세탁소,세탁소,대야 골목형상점가,골목형상점가,전북특별자치도,,,
77efc5aef59abaf931b1,full_annotation_v1,A,q_침구_06,이불 사려면,생활·마트 중 '침구'를 판매·제공하는 매장,test,침구,T4 구어·문장,a1256432-37d6-439e-afd4-37b0ae0da356,이브자리,이불,목동깨비시장(구 목3동시장),전통시장,서울특별시,,,
b3c1c169796233b11eb7,full_annotation_v1,A,q_침구_06,이불 사려면,생활·마트 중 '침구'를 판매·제공하는 매장,test,침구,T4 구어·문장,f723630a-acf2-46ab-a65b-26fe7ad80e5c,이브자리,이불,남부골목시장,전통시장,서울특별시,,,
204f6118debaa2ed4a40,full_annotation_v1,A,q_침구_06,이불 사려면,생활·마트 중 '침구'를 판매·제공하는 매장,test,침구,T4 구어·문장,eaa1408d-eecd-4264-89b9-8788d1e8be05,지호한방삼계탕,한식,평택시배미지구 골목형상점가,골목형상점가,경기도,,,
6eb559e770d92828fd80,full_annotation_v1,A,q_침구_06,이불 사려면,생활·마트 중 '침구'를 판매·제공하는 매장,test,침구,T4 구어·문장,60bbd1e4-95e3-4a76-8192-b2836cda4c3d,서울상회,이불,진안시장(진안고원시장),전통시장,전북특별자치도,,,
19d82598f2ef9348ddaf,full_annotation_v1,A,q_침구_06,이불 사려면,생활·마트 중 '침구'를 판매·제공하는 매장,test,침구,T4 구어·문장,d5896cb3-59f2-4a0f-90cf-dffc4836d261,신양이불,이불,서문시장 제1지구2층(포목시장),전통시장,대구광역시,,,
1c77b69effb5b77e3492,full_annotation_v1,A,q_침구_06,이불 사려면,생활·마트 중 '침구'를 판매·제공하는 매장,test,침구,T4 구어·문장,9bf5ab80-18e9-44ca-8fe8-1056f0ce3da0,성진,이불,영주소백쇼핑몰,전통시장,경상북도,,,
8c3b45c5accc66bbe120,full_annotation_v1,A,q_침구_06,이불 사려면,생활·마트 중 '침구'를 판매·제공하는 매장,test,침구,T4 구어·문장,ec5588d5-5493-4de0-814e-e10f454eccc5,아르페지오,이불,익산매일시장,전통시장,전북특별자치도,,,
be3c5827cd8d128dc40d,full_annotation_v1,A,q_침구_06,이불 사려면,생활·마트 중 '침구'를 판매·제공하는 매장,test,침구,T4 구어·문장,8c86a5ac-7f57-4726-9c0a-3493d712dbcb,세연이불,이불,서문시장 제1지구1층(직물시장),전통시장,대구광역시,,,
d50606f6952a22f4cc5d,full_annotation_v1,A,q_침구_06,이불 사려면,생활·마트 중 '침구'를 판매·제공하는 매장,test,침구,T4 구어·문장,310c9424-eac7-476a-9a67-c7c75fd071a1,이불,,부산진시장,전통시장,부산광역시,,,
597524e0c4e072e24e2d,full_annotation_v1,A,q_침구_06,이불 사려면,생활·마트 중 '침구'를 판매·제공하는 매장,test,침구,T4 구어·문장,fa8608ae-7155-4e49-a3e4-6d7cfb04c48f,영풍이불,이불,중앙메가프라자,전통시장,대전광역시,,,
17ae89710c55bf87258e,full_annotation_v1,A,q_침구_06,이불 사려면,생활·마트 중 '침구'를 판매·제공하는 매장,test,침구,T4 구어·문장,505754f0-ac77-49e9-9a9c-4b3ffac8bbe5,시몬이불,이불,창동신창시장,전통시장,서울특별시,,,
c3fe8c95ab9de687e80f,full_annotation_v1,A,q_침구_06,이불 사려면,생활·마트 중 '침구'를 판매·제공하는 매장,test,침구,T4 구어·문장,cf116c04-37ec-475b-a55c-c565b2025e5f,팔도이불,이불,수영팔도시장(구 수영팔도상가시장),전통시장,부산광역시,,,
6aabe0616cae2207af34,full_annotation_v1,A,q_침구_06,이불 사려면,생활·마트 중 '침구'를 판매·제공하는 매장,test,침구,T4 구어·문장,dec2f7bf-3452-42bd-8eaf-eb2fa8fc167d,알레르망스토어,이불,진주 중앙상점가,자율상권구역,경상남도,,,
5931dfb1b3395b9020fa,full_annotation_v1,A,q_침구_06,이불 사려면,생활·마트 중 '침구'를 판매·제공하는 매장,test,침구,T4 구어·문장,b658c695-42d6-4166-9fd6-69b2acc3abe1,홍옥이불,이불,의정부제일시장,전통시장,경기도,,,
7642493e2868f2f4e545,full_annotation_v1,A,q_침구_06,이불 사려면,생활·마트 중 '침구'를 판매·제공하는 매장,test,침구,T4 구어·문장,03342e1c-fb74-45a6-b4ef-6d50369c4ae6,요술램프,이불,창원 도계부부시장,전통시장,경상남도,,,
565c702a67c8ddf7c0d1,full_annotation_v1,A,q_침구_06,이불 사려면,생활·마트 중 '침구'를 판매·제공하는 매장,test,침구,T4 구어·문장,c081a050-6623-4a34-a742-bb3e7bd2eb06,수브르,의류,제주중앙지하상가,일반지하상점가,제주특별자치도,,,
d4befbbefad48144945d,full_annotation_v1,A,q_침구_06,이불 사려면,생활·마트 중 '침구'를 판매·제공하는 매장,test,침구,T4 구어·문장,c4a53f9a-6f26-42b3-a9ed-3c38cdd92f37,맘스할인마트,슈퍼마켓,북수원시장( 구 파장시장),전통시장,경기도,,,
24f47ae931fee15127ba,full_annotation_v1,A,q_침구_06,이불 사려면,생활·마트 중 '침구'를 판매·제공하는 매장,test,침구,T4 구어·문장,5af18f09-c3a5-4e86-9662-814c1e8ebf5b,쉐모아,이불,양산 남부시장상가,전통시장,경상남도,,,
733c658122ac604a644c,full_annotation_v1,A,q_침구_06,이불 사려면,생활·마트 중 '침구'를 판매·제공하는 매장,test,침구,T4 구어·문장,30ac881c-3756-4aa0-8c03-afa7becdd8ac,차밍홈,이불,안성 전통 옛장터길 골목형상점가,골목형상점가,경기도,,,
9b7f6a1a282f389e9313,full_annotation_v1,A,q_침구_06,이불 사려면,생활·마트 중 '침구'를 판매·제공하는 매장,test,침구,T4 구어·문장,87f6d6ef-48fd-4202-a7e3-6a9bb603c044,이브자리여주375,이불,여주375아울렛상점가,자율상권구역,경기도,,,
436455e93bcfd435278a,full_annotation_v1,A,q_침구_06,이불 사려면,생활·마트 중 '침구'를 판매·제공하는 매장,test,침구,T4 구어·문장,cbaa5934-030b-4251-ab20-e97a375bab5a,도환사,이불,수유시장,전통시장,서울특별시,,,
e55b8ece662da622703f,full_annotation_v1,A,q_침구_06,이불 사려면,생활·마트 중 '침구'를 판매·제공하는 매장,test,침구,T4 구어·문장,820f4134-5a96-43e1-9e9c-a7faae13c973,서울침구,이불,전주풍남문상점가,자율상권구역,전북특별자치도,,,
1c309be08513c2073c54,full_annotation_v1,A,q_침구_06,이불 사려면,생활·마트 중 '침구'를 판매·제공하는 매장,test,침구,T4 구어·문장,bca3d051-9314-442e-aaa7-0a692fb04c04,카페아띠,커피 음료,제천한방마을 골목형상점가,골목형상점가,충청북도,,,
18f3e798e333f7692b9b,full_annotation_v1,A,q_침구_06,이불 사려면,생활·마트 중 '침구'를 판매·제공하는 매장,test,침구,T4 구어·문장,fd1f2de0-f47e-4df2-8e23-8a97ba99e17d,핑크이불,이불,구미새마을중앙시장,전통시장,경상북도,,,
cbf9b250f2f65b39b0d7,full_annotation_v1,A,q_침구_06,이불 사려면,생활·마트 중 '침구'를 판매·제공하는 매장,test,침구,T4 구어·문장,7bec45ea-83a5-4572-8dbd-a8e329081a13,고왕수산,수산물,마산가고파수산시장,전통시장,경상남도,,,
1490d70beb72af71064a,full_annotation_v1,A,q_침구_06,이불 사려면,생활·마트 중 '침구'를 판매·제공하는 매장,test,침구,T4 구어·문장,05291547-c22d-430e-95c2-e31bda19a90a,슈퍼타이 본점,세탁,월드시티상가 골목형상점가,골목형상점가,울산광역시,,,
fcf9ef88741d1c595d78,full_annotation_v1,A,q_침구_06,이불 사려면,생활·마트 중 '침구'를 판매·제공하는 매장,test,침구,T4 구어·문장,1bdba918-d059-4779-8ee8-8eb959845968,부산상회,이불,부산진시장,전통시장,부산광역시,,,
b1ded5264355b2cabb29,full_annotation_v1,A,q_침구_06,이불 사려면,생활·마트 중 '침구'를 판매·제공하는 매장,test,침구,T4 구어·문장,88bad2e8-1246-4cc0-b439-9ca7526846d4,쉐모아,이불,섬유제품관,전통시장,대구광역시,,,
ee336adfb378f6699faf,full_annotation_v1,A,q_침구_06,이불 사려면,생활·마트 중 '침구'를 판매·제공하는 매장,test,침구,T4 구어·문장,5fc62e9c-0e51-426f-acb2-1d39eea32ba4,덕포이불,이불,복이있는덕포시장,전통시장,부산광역시,,,
3f15fb524460afe27bbb,full_annotation_v1,A,q_침구_06,이불 사려면,생활·마트 중 '침구'를 판매·제공하는 매장,test,침구,T4 구어·문장,3c30aa36-0961-4da7-94c8-d1e152110ab7,제일유통,이불,오산오색시장(구 오산중앙시장),전통시장,경기도,,,
1bde8f62224c24b63a15,full_annotation_v1,A,q_침구_06,이불 사려면,생활·마트 중 '침구'를 판매·제공하는 매장,test,침구,T4 구어·문장,01022b54-7fac-43ff-8e1e-8e0c95d34ac6,아이편한♥소리잠매트,침구 등,성남프라자,전통시장,울산광역시,,,
66c4a763b36a006f5258,full_annotation_v1,A,q_침구_06,이불 사려면,생활·마트 중 '침구'를 판매·제공하는 매장,test,침구,T4 구어·문장,6fa9647d-cef1-4bed-b758-2cd57995d9fb,정우이불,이불,밀양 수산시장,전통시장,경상남도,,,
f0f3f108db217a277ce4,full_annotation_v1,A,q_침구_06,이불 사려면,생활·마트 중 '침구'를 판매·제공하는 매장,test,침구,T4 구어·문장,ae8b6297-bb66-45ee-b419-224c758f86c1,실루엣,이불,엑스포코아 골목형상점가,골목형상점가,대전광역시,,,
4e9b25246c55b39e1032,full_annotation_v1,A,q_침구_06,이불 사려면,생활·마트 중 '침구'를 판매·제공하는 매장,test,침구,T4 구어·문장,36605745-783b-45bf-80cf-aa23e5ef2d1f,해전이불,이불,양산 덕계종합상설시장,전통시장,경상남도,,,
773aa1a8af2cb967e9ed,full_annotation_v1,A,q_침구_06,이불 사려면,생활·마트 중 '침구'를 판매·제공하는 매장,test,침구,T4 구어·문장,d618146d-7642-4b05-bb6f-5aef9c4cb92e,홈패션,이불,원미금강 상점가,자율상권구역,경기도,,,
f1f7c56988f788c58903,full_annotation_v1,A,q_침구_06,이불 사려면,생활·마트 중 '침구'를 판매·제공하는 매장,test,침구,T4 구어·문장,6544663e-0f23-4489-8c5f-4c6e2beb6ffc,디케이베딩,이불,서문시장 제1지구2층(포목시장),전통시장,대구광역시,,,
a9c3412cffcab4f70031,full_annotation_v1,A,q_침구_06,이불 사려면,생활·마트 중 '침구'를 판매·제공하는 매장,test,침구,T4 구어·문장,01de114b-b852-4451-bf02-e87d19da999b,유메이트,소매업(이불),안양중앙인정시장,전통시장,경기도,,,
4bb4e147c248c0e36e80,full_annotation_v1,A,q_침구_06,이불 사려면,생활·마트 중 '침구'를 판매·제공하는 매장,test,침구,T4 구어·문장,623a38fb-ceb5-4005-9f43-5d611e210912,쉐모아,이불,호계중앙 골목형상점가,골목형상점가,울산광역시,,,
1f6bbfbed627b93bd69f,full_annotation_v1,A,q_침구_06,이불 사려면,생활·마트 중 '침구'를 판매·제공하는 매장,test,침구,T4 구어·문장,1bca8ac0-df75-4e45-82ed-d7fc2ef93230,쉐모아,이불,양산 남부시장상가,전통시장,경상남도,,,
c738425530070313a8eb,full_annotation_v1,A,q_침구_06,이불 사려면,생활·마트 중 '침구'를 판매·제공하는 매장,test,침구,T4 구어·문장,5f06357b-471f-40d4-a7a6-a31667c5e24b,일번청과,과일,구미시농산물도매시장 골목형상점가,골목형상점가,경상북도,,,
86fb3a6157577abd38c8,full_annotation_v1,A,q_침구_06,이불 사려면,생활·마트 중 '침구'를 판매·제공하는 매장,test,침구,T4 구어·문장,f8050b0a-0f61-4d0b-aa77-415d8da4200c,백양이불,이불,설악눈메골시장,전통시장,경기도,,,
14caf7646d44b3b5f667,full_annotation_v1,A,q_침구_06,이불 사려면,생활·마트 중 '침구'를 판매·제공하는 매장,test,침구,T4 구어·문장,886e74c2-d15d-4142-bf01-acfd5eb1d6f5,아르페지오,이불,소반시장 골목형상점가,골목형상점가,부산광역시,,,
932607a436196d566f63,full_annotation_v1,A,q_침구_06,이불 사려면,생활·마트 중 '침구'를 판매·제공하는 매장,test,침구,T4 구어·문장,00083664-fb4e-4e3b-bb0a-d9a0a1e8f87f,롯데세탁소,,와룡로 골목형상점가,골목형상점가,전북특별자치도,,,
674e915fb1ad64cb2e3c,full_annotation_v1,A,q_침구_06,이불 사려면,생활·마트 중 '침구'를 판매·제공하는 매장,test,침구,T4 구어·문장,82bfa994-c84b-453c-8abf-8e499bcd1296,명남이불,이불,문막시장,전통시장,강원특별자치도,,,
bec9e91133671b3a125a,full_annotation_v1,A,q_침구_06,이불 사려면,생활·마트 중 '침구'를 판매·제공하는 매장,test,침구,T4 구어·문장,b61fa63c-5271-4295-91f5-78ba546dda90,형제랑이불,이불,양동복개상가,전통시장,광주광역시,,,
42bf73978aaf5ba37514,full_annotation_v1,A,q_침구_06,이불 사려면,생활·마트 중 '침구'를 판매·제공하는 매장,test,침구,T4 구어·문장,dfc5c005-040b-495b-9966-505a560f2474,대왕이불,이불,망원동월드컵시장,전통시장,서울특별시,,,
0853c0e6d6a121936d1f,full_annotation_v1,A,q_침구_06,이불 사려면,생활·마트 중 '침구'를 판매·제공하는 매장,test,침구,T4 구어·문장,871456dc-7da2-4db3-8ad4-cf75c984b2ad,예쁜이불,이불,현대 골목형상점가,골목형상점가,전라남도,,,
b12676a66e4c4b7a36c1,full_annotation_v1,A,q_침구_06,이불 사려면,생활·마트 중 '침구'를 판매·제공하는 매장,test,침구,T4 구어·문장,00c164d0-76c7-4e7a-9676-ecfdbb052077,크린토피아신창점,세탁,신창수문 골목형상점가,골목형상점가,광주광역시,,,
1eabf615aa8bd0827c25,full_annotation_v1,A,q_침구_06,이불 사려면,생활·마트 중 '침구'를 판매·제공하는 매장,test,침구,T4 구어·문장,02187a22-27d8-4fad-a650-42495bec004f,부흥상회,이불,용현시장,전통시장,인천광역시,,,
8185cf3ebeebac277667,full_annotation_v1,A,q_침구_06,이불 사려면,생활·마트 중 '침구'를 판매·제공하는 매장,test,침구,T4 구어·문장,14056dac-abed-4b0b-a498-b2a70207a512,중앙상회,이불,태안동부시장(구 태안특산물전통시장),전통시장,충청남도,,,
428d37b89fd814ad0d36,full_annotation_v1,A,q_침구_06,이불 사려면,생활·마트 중 '침구'를 판매·제공하는 매장,test,침구,T4 구어·문장,ed81ddde-9af0-4779-8cd8-0e34356c2ce1,세사리빙,이불,길동복조리시장,전통시장,서울특별시,,,
2e5821ac1288cc8e5ff0,full_annotation_v1,A,q_침구_06,이불 사려면,생활·마트 중 '침구'를 판매·제공하는 매장,test,침구,T4 구어·문장,a21dafbc-1d1c-4a1f-b5e4-ac57b3a5623b,대명이불,이불,창원 상남시장,전통시장,경상남도,,,
01cfd1c87bb78e64cd56,full_annotation_v1,A,q_침구_06,이불 사려면,생활·마트 중 '침구'를 판매·제공하는 매장,test,침구,T4 구어·문장,df4a6af7-f8c1-43a0-b54a-ea295223dd25,산에향기약초,약초,제천한방마을 골목형상점가,골목형상점가,충청북도,,,
d4351e793995d33e3d1c,full_annotation_v1,A,q_침구_06,이불 사려면,생활·마트 중 '침구'를 판매·제공하는 매장,test,침구,T4 구어·문장,dfde276a-2766-4ce7-aec5-e218fa9f05fb,청양수예,이불,청양전통시장(구 청양상설시장),전통시장,충청남도,,,
7f07428dbd1e62454561,full_annotation_v1,A,q_침구_06,이불 사려면,생활·마트 중 '침구'를 판매·제공하는 매장,test,침구,T4 구어·문장,0056f4f0-208d-4d7c-996c-9e6526fea6cf,한일침구,침구,목포원도심상점가,자율상권구역,전라남도,,,
92f0bbeaa743fade243c,full_annotation_v1,A,q_침구_06,이불 사려면,생활·마트 중 '침구'를 판매·제공하는 매장,test,침구,T4 구어·문장,99c3162c-3ac6-4f50-8622-02b04a5157f8,부성사,이불,문창동 보물찾(Chat)길 골목형상점가,골목형상점가,대전광역시,,,
e7666450ab9ba069cd9c,full_annotation_v1,A,q_침구_06,이불 사려면,생활·마트 중 '침구'를 판매·제공하는 매장,test,침구,T4 구어·문장,c77debf9-bc01-4286-89d2-cfef8ee59a88,늘그린스킨,피부관리,금곡 골목형상점가,골목형상점가,경기도,,,
531191e406db84c4ed79,full_annotation_v1,A,q_침구_06,이불 사려면,생활·마트 중 '침구'를 판매·제공하는 매장,test,침구,T4 구어·문장,ec8ce93a-8b7f-46d4-bb89-2a0ebe1a5a5a,핑크이불,이불,마산 대동씨코아상가시장,전통시장,경상남도,,,
02861ab93865d5fb0ef5,full_annotation_v1,A,q_침구_06,이불 사려면,생활·마트 중 '침구'를 판매·제공하는 매장,test,침구,T4 구어·문장,019c9868-92c6-4e25-b2ea-903f322c9acf,맡겨봐신발세탁,세탁,임동 골목형상점가,골목형상점가,광주광역시,,,
1a3c84d2ce453a84b25f,full_annotation_v1,A,q_침구_06,이불 사려면,생활·마트 중 '침구'를 판매·제공하는 매장,test,침구,T4 구어·문장,020246a6-0250-41f7-93e8-4b7cbdd9f5e2,덕광상회,이불,금산금빛시장(금산시장),전통시장,충청남도,,,
8dbca48e7bc980456b5d,full_annotation_v1,A,q_침구_06,이불 사려면,생활·마트 중 '침구'를 판매·제공하는 매장,test,침구,T4 구어·문장,00831337-1223-4dcf-9c42-67ca874b1ef6,무지개,침구류,부산진시장,전통시장,부산광역시,,,
28c160ad1d70cda9e822,full_annotation_v1,A,q_침구_06,이불 사려면,생활·마트 중 '침구'를 판매·제공하는 매장,test,침구,T4 구어·문장,c7a566b0-cbac-48ad-a220-2179af2c01ae,이브자리,이불,서문시장4지구종합대체상가(베네시움),전통시장,대구광역시,,,
139ee43676292b852d1b,full_annotation_v1,A,q_침구_06,이불 사려면,생활·마트 중 '침구'를 판매·제공하는 매장,test,침구,T4 구어·문장,6f6fb733-39d7-4714-b1b7-43c34017a345,알레르망,이불,안산다농마트전통시장,전통시장,경기도,,,
8e057917370f68efa343,full_annotation_v1,A,q_침구_06,이불 사려면,생활·마트 중 '침구'를 판매·제공하는 매장,test,침구,T4 구어·문장,25b6ca34-0472-42f9-a1a5-34665c310fc4,아나이스,이불,노형1 골목형상점가,골목형상점가,제주특별자치도,,,
761ea25401c8ebefff97,full_annotation_v1,A,q_침구_06,이불 사려면,생활·마트 중 '침구'를 판매·제공하는 매장,test,침구,T4 구어·문장,4c673cc5-b0dc-4d23-806d-c8d181d6a286,우먼로드,이불,주안시민지하도상점가,일반지하상점가,인천광역시,,,
686cd11dec966ff3b17c,full_annotation_v1,A,q_침구_06,이불 사려면,생활·마트 중 '침구'를 판매·제공하는 매장,test,침구,T4 구어·문장,88b1f06c-00f2-44f2-9386-314e1be0921f,제일상회,이불,대명여울빛거리시장,전통시장,서울특별시,,,
ed4c28e60bdc5737fb13,full_annotation_v1,A,q_침구_06,이불 사려면,생활·마트 중 '침구'를 판매·제공하는 매장,test,침구,T4 구어·문장,e2729fcb-b32c-4476-9030-30816464189a,아르페지오,이불,용호2동골목시장,기타,부산광역시,,,
4d673e763e45cee76c43,full_annotation_v1,A,q_침구_06,이불 사려면,생활·마트 중 '침구'를 판매·제공하는 매장,test,침구,T4 구어·문장,ae553b19-db0f-4366-bd17-950926b3bb51,한국이불,이불,부천자유시장,전통시장,경기도,,,
7be3df4009e20737ed89,full_annotation_v1,A,q_침구_06,이불 사려면,생활·마트 중 '침구'를 판매·제공하는 매장,test,침구,T4 구어·문장,08acf691-26c6-4ee1-9dcf-3bc65d49b836,신월이불,이불,신월3동시장골목형상점가,골목형상점가,서울특별시,,,
31fe40e7ea726e7f9777,full_annotation_v1,A,q_침구_06,이불 사려면,생활·마트 중 '침구'를 판매·제공하는 매장,test,침구,T4 구어·문장,aa590fe8-fc68-4e09-9012-10fd2bd3dae1,다니엘 이불,이불,"온양온천시장(온양재래시장, 전통시장)",전통시장,충청남도,,,
5534ad97ad6166a607cc,full_annotation_v1,A,q_침구_06,이불 사려면,생활·마트 중 '침구'를 판매·제공하는 매장,test,침구,T4 구어·문장,a07ff670-c264-4a61-925d-9f561036b07b,세사리빙,이불,정이있는 구포시장,전통시장,부산광역시,,,
5c3ee78858c7ef4b7cc9,full_annotation_v1,A,q_침구_06,이불 사려면,생활·마트 중 '침구'를 판매·제공하는 매장,test,침구,T4 구어·문장,0214317c-c9f8-4af4-8b93-7d7d52ee1acb,창과방,커튼,남대문시장,전통시장,서울특별시,,,
253f8e12a903e481cabe,full_annotation_v1,A,q_침구_06,이불 사려면,생활·마트 중 '침구'를 판매·제공하는 매장,test,침구,T4 구어·문장,acdecf59-0a4e-43d2-8d3d-e3b0a63a47cf,아나이스,이불,엑스포코아 골목형상점가,골목형상점가,대전광역시,,,
782935eb0798d190cb1a,full_annotation_v1,A,q_침구_06,이불 사려면,생활·마트 중 '침구'를 판매·제공하는 매장,test,침구,T4 구어·문장,19220ba1-df95-4cbe-8f6b-2ead88996497,이브자리,이불,여주세종시장상점가,자율상권구역,경기도,,,
ba3499efb49f7c670c73,full_annotation_v1,A,q_침구_06,이불 사려면,생활·마트 중 '침구'를 판매·제공하는 매장,test,침구,T4 구어·문장,40555502-0ca4-4f0a-89cc-2a68be4ac658,진보이불,이불,창원 지귀시장,전통시장,경상남도,,,
a413e10a8f3f39b52f97,full_annotation_v1,A,q_침구_06,이불 사려면,생활·마트 중 '침구'를 판매·제공하는 매장,test,침구,T4 구어·문장,2219a275-2078-4838-9b00-642ce2838de4,솜씨방이불집,이불,익산장(구 북부장),전통시장,전북특별자치도,,,
bfa2990bc58178b2348e,full_annotation_v1,A,q_침구_06,이불 사려면,생활·마트 중 '침구'를 판매·제공하는 매장,test,침구,T4 구어·문장,31af6c1d-5b17-4460-8333-4ed19156929d,서울상회,이불,감전시장,전통시장,부산광역시,,,
5fdd54e18e6c0a57d99f,full_annotation_v1,A,q_침구_06,이불 사려면,생활·마트 중 '침구'를 판매·제공하는 매장,test,침구,T4 구어·문장,11b9c399-990c-448b-a915-1e2dd35258d5,우먼로드,이불,원미금강 상점가,자율상권구역,경기도,,,
24f9a2c7912158ea3e05,full_annotation_v1,A,q_침구_06,이불 사려면,생활·마트 중 '침구'를 판매·제공하는 매장,test,침구,T4 구어·문장,012f526e-9f74-4b7a-86ab-887e82649cba,나주커튼,커튼,나주목사고을시장,전통시장,,,,
14f168658200cddf7d68,full_annotation_v1,A,q_침구_06,이불 사려면,생활·마트 중 '침구'를 판매·제공하는 매장,test,침구,T4 구어·문장,5dc92951-6107-4307-b077-91066beae305,이불공장,이불,하양꿈바우시장,전통시장,경상북도,,,
29b91c8297133a8ab989,full_annotation_v1,A,q_침구_06,이불 사려면,생활·마트 중 '침구'를 판매·제공하는 매장,test,침구,T4 구어·문장,aca7a63b-fb6e-4f9e-ba04-1601ad6102af,새로나상회,이불,용현시장,전통시장,인천광역시,,,
930c051881ad8d153d59,full_annotation_v1,A,q_침구_06,이불 사려면,생활·마트 중 '침구'를 판매·제공하는 매장,test,침구,T4 구어·문장,bf573816-30d5-4268-87f9-22e5824bcd62,무안이불마트,이불,밀양 무안시장,전통시장,경상남도,,,
62fc74c88a8ab92d8c03,full_annotation_v1,A,q_침구_06,이불 사려면,생활·마트 중 '침구'를 판매·제공하는 매장,test,침구,T4 구어·문장,78849280-f9f4-4478-ac5b-a53fcb2c73b0,쉐모아,이불,대곡시장,전통시장,대구광역시,,,
eb41b35a99a8b61b0ed1,full_annotation_v1,A,q_침구_06,이불 사려면,생활·마트 중 '침구'를 판매·제공하는 매장,test,침구,T4 구어·문장,4efb8c57-0247-4867-b4f9-594543fb0e50,초량이불마트,이불,초량 이음자율상권,,부산광역시,,,
153d11eea124527d4337,full_annotation_v1,A,q_침구_06,이불 사려면,생활·마트 중 '침구'를 판매·제공하는 매장,test,침구,T4 구어·문장,5c040c58-27f4-480c-9dce-9b4d9822455a,천사이불,이불,남부종합시장,전통시장,인천광역시,,,
d11e33a92f548b0b72a9,full_annotation_v1,A,q_침구_06,이불 사려면,생활·마트 중 '침구'를 판매·제공하는 매장,test,침구,T4 구어·문장,2415c5b4-d696-4804-a6b8-97a7c129666d,행복이불커텐,이불,여수서시장주변시장,전통시장,전라남도,,,
3bfefe16944da1f4022f,full_annotation_v1,A,q_침구_06,이불 사려면,생활·마트 중 '침구'를 판매·제공하는 매장,test,침구,T4 구어·문장,4d4b14a4-4d26-4855-bc58-9d76e2c671bb,삼덕이불,이불,신정상가시장,전통시장,울산광역시,,,
095f54c58fb80c786fc3,full_annotation_v1,A,q_침구_06,이불 사려면,생활·마트 중 '침구'를 판매·제공하는 매장,test,침구,T4 구어·문장,015d152e-ed78-4d55-a7c5-5c8fce6debf7,후평종합이불,"침구류, 수건",후평일단지시장,전통시장,강원특별자치도,,,
34433e7faf5904126abb,full_annotation_v1,A,q_침구_06,이불 사려면,생활·마트 중 '침구'를 판매·제공하는 매장,test,침구,T4 구어·문장,1c8cb171-a0f1-4b64-aea8-94c9bdb8feb3,패션이불,이불,동문시장㈜,전통시장,제주특별자치도,,,
5c0aef106d9a8191676b,full_annotation_v1,A,q_침구_06,이불 사려면,생활·마트 중 '침구'를 판매·제공하는 매장,test,침구,T4 구어·문장,aa9e79c8-16f3-4e2b-b7b0-165698e340b8,쉐모아,이불,산성로 상권활성화구역,상권활성화구역,경기도,,,
3be236fbf1000caa3ca3,full_annotation_v1,A,q_침구_06,이불 사려면,생활·마트 중 '침구'를 판매·제공하는 매장,test,침구,T4 구어·문장,e936d9eb-5b17-496d-a6ac-c47068918003,금성이불,이불,서문시장 제1지구2층(포목시장),전통시장,대구광역시,,,
db0d0324aac2098a0087,full_annotation_v1,A,q_침구_06,이불 사려면,생활·마트 중 '침구'를 판매·제공하는 매장,test,침구,T4 구어·문장,fcf2d023-c5a8-488b-b727-097fbd6f605c,대우이불,이불,군산공설시장,전통시장,전북특별자치도,,,
43b7d6bc79b93f538534,full_annotation_v1,A,q_침구_06,이불 사려면,생활·마트 중 '침구'를 판매·제공하는 매장,test,침구,T4 구어·문장,ce6436ef-caf1-4781-9b02-342ded827d6e,서사라 이불,"이불, 침구류",서문공설시장,전통시장,제주특별자치도,,,
4a0c0d57a6a762c54c32,full_annotation_v1,A,q_침구_06,이불 사려면,생활·마트 중 '침구'를 판매·제공하는 매장,test,침구,T4 구어·문장,3ad1ace9-78b2-4252-81e3-6e44185a3d7e,우리황토,이불,엑스포코아 골목형상점가,골목형상점가,대전광역시,,,
55b942c1b33b56fbb47f,full_annotation_v1,A,q_침구_06,이불 사려면,생활·마트 중 '침구'를 판매·제공하는 매장,test,침구,T4 구어·문장,d9d06d49-bc2c-438e-a9b7-32e1d81157eb,궁전이불,이불,군산중앙로 골목형상점가,골목형상점가,전북특별자치도,,,
8a699e461078b8acf94f,full_annotation_v1,A,q_침구_06,이불 사려면,생활·마트 중 '침구'를 판매·제공하는 매장,test,침구,T4 구어·문장,a2ac0a81-a683-4676-851b-9f055a60f542,파크랜드 장흥점,,장흥중앙로 골목형상점가,골목형상점가,,,,
282090f50c5a71f8f002,full_annotation_v1,A,q_침구_06,이불 사려면,생활·마트 중 '침구'를 판매·제공하는 매장,test,침구,T4 구어·문장,7d8f2d67-f8dc-4e33-ba21-ab1537060ee8,한독이불,이불,송탄시장(송북시장),전통시장,경기도,,,
fe890cfd7f5edb2721f3,full_annotation_v1,A,q_침구_06,이불 사려면,생활·마트 중 '침구'를 판매·제공하는 매장,test,침구,T4 구어·문장,3541cf06-3cc1-4e09-928c-f290cfe20fa8,대구상회,이불,거창 전통시장,전통시장,경상남도,,,
c74322e38de4b6999f9d,full_annotation_v1,A,q_침구_06,이불 사려면,생활·마트 중 '침구'를 판매·제공하는 매장,test,침구,T4 구어·문장,537f0552-416a-4d61-a06e-ebf113c1e7c6,숙이홈,이불,중동사랑시장,전통시장,경기도,,,
bf55348d45bb22e49ac0,full_annotation_v1,A,q_침구_06,이불 사려면,생활·마트 중 '침구'를 판매·제공하는 매장,test,침구,T4 구어·문장,9af5feb3-3a79-4bb7-8d7b-04f8755bb236,엄마이불,이불,양동복개상가,전통시장,광주광역시,,,
26abf6100e7c89396e11,full_annotation_v1,A,q_침구_06,이불 사려면,생활·마트 중 '침구'를 판매·제공하는 매장,test,침구,T4 구어·문장,63be46bc-2b94-45ba-982f-0f95a9562fea,하나축산,육류,청량리전통시장,전통시장,서울특별시,,,
6fc782049aba8c048843,full_annotation_v1,A,q_침구_06,이불 사려면,생활·마트 중 '침구'를 판매·제공하는 매장,test,침구,T4 구어·문장,9c8fbfee-f23b-4412-ac5f-ebdd4b3f8562,쉐모아,이불,범천중앙시장,전통시장,부산광역시,,,
bdbd083c17c744a775fa,full_annotation_v1,A,q_침구_06,이불 사려면,생활·마트 중 '침구'를 판매·제공하는 매장,test,침구,T4 구어·문장,be323dfe-a2c3-41ac-9b5f-b9ce90c712c8,이브자리,이불,선비골전통시장,전통시장,경상북도,,,
83954f0b930f7e05182b,full_annotation_v1,A,q_침구_06,이불 사려면,생활·마트 중 '침구'를 판매·제공하는 매장,test,침구,T4 구어·문장,b0f75e4b-f8e0-4c7e-8b49-4de19f7c8c44,우먼로드,이불,동울산종합시장,전통시장,울산광역시,,,
7887aa77cfea14f7a35a,full_annotation_v1,A,q_침구_06,이불 사려면,생활·마트 중 '침구'를 판매·제공하는 매장,test,침구,T4 구어·문장,7470b831-3dd2-4b0e-9de5-53da2296c5a6,삼우이불,이불,동부시장,전통시장,인천광역시,,,
930c426452ca924b7ac3,full_annotation_v1,A,q_침구_06,이불 사려면,생활·마트 중 '침구'를 판매·제공하는 매장,test,침구,T4 구어·문장,26130dc8-f89b-478d-9c25-35fa1ffd444f,가나이불,이불,군산공설시장,전통시장,전북특별자치도,,,
72a0222721b1833d7d8e,full_annotation_v1,A,q_침구_06,이불 사려면,생활·마트 중 '침구'를 판매·제공하는 매장,test,침구,T4 구어·문장,eebe2a61-8abd-4556-8d35-f58a5ff997dd,성도이불,이불,서문시장4지구종합대체상가(베네시움),전통시장,대구광역시,,,
104e9a0d5b71b5918d51,full_annotation_v1,A,q_침구_06,이불 사려면,생활·마트 중 '침구'를 판매·제공하는 매장,test,침구,T4 구어·문장,173c4f05-ba1c-4cc8-9bce-c32997c05bce,영도이불,이불,군산공설시장,전통시장,전북특별자치도,,,
3a67da6402ce7f986f98,full_annotation_v1,A,q_침구_06,이불 사려면,생활·마트 중 '침구'를 판매·제공하는 매장,test,침구,T4 구어·문장,558a6ab7-7c82-49dd-bbf2-6601a89bb993,대림침구,이불,서면지하도상가 부전몰,일반지하상점가,부산광역시,,,
3a1c24914a69cb4300d6,full_annotation_v1,A,q_침구_06,이불 사려면,생활·마트 중 '침구'를 판매·제공하는 매장,test,침구,T4 구어·문장,0829fe47-f308-40f0-a247-23107e05e184,대원이불,이불,사가정시장,전통시장,서울특별시,,,
8a2244896930294a1f35,full_annotation_v1,A,q_침구_06,이불 사려면,생활·마트 중 '침구'를 판매·제공하는 매장,test,침구,T4 구어·문장,1030c777-5726-42df-8c40-3502f28552f7,후스킨,소매업(화장품),산본로데오거리(구 산본중심상가),자율상권구역,경기도,,,
9bdd4be9921846e7aada,full_annotation_v1,A,q_침구_06,이불 사려면,생활·마트 중 '침구'를 판매·제공하는 매장,test,침구,T4 구어·문장,5f856f68-330e-468a-905b-6973e464efb7,이불장만,이불,춘천풍물시장,전통시장,강원특별자치도,,,
64cf7aba45a47ad7d9c2,full_annotation_v1,A,q_침구_06,이불 사려면,생활·마트 중 '침구'를 판매·제공하는 매장,test,침구,T4 구어·문장,00f84355-823b-4c23-bb49-e842bf41a1a3,금호커텐,커튼,양동복개상가,전통시장,,,,
741cca8750783ff99380,full_annotation_v1,A,q_침구_06,이불 사려면,생활·마트 중 '침구'를 판매·제공하는 매장,test,침구,T4 구어·문장,01c8223c-7693-4269-8de1-ef21d68577d4,신흥침구사,침구,중앙신시장,전통시장,경상북도,,,
c8f8e0e76c4f35d64ae4,full_annotation_v1,A,q_침구_06,이불 사려면,생활·마트 중 '침구'를 판매·제공하는 매장,test,침구,T4 구어·문장,5020a5d2-2fe9-4a27-a622-a7f4e18e8d87,한국약초식품,건강식품,진주 중앙상점가,자율상권구역,경상남도,,,
41ec179e8be0f17ae97a,full_annotation_v1,A,q_침구_06,이불 사려면,생활·마트 중 '침구'를 판매·제공하는 매장,test,침구,T4 구어·문장,14c6b7f2-e4e7-4c41-837b-c40f3977819a,우먼로드,이불,수유시장,전통시장,서울특별시,,,
02e50d910d2ea83e5774,full_annotation_v1,A,q_침구_06,이불 사려면,생활·마트 중 '침구'를 판매·제공하는 매장,test,침구,T4 구어·문장,549d6431-2cd5-49af-99a1-a60a7ff8eca1,행운방이불,이불,경주중앙시장,전통시장,경상북도,,,
2a54ee2f0c62b77b7f6f,full_annotation_v1,A,q_침구_06,이불 사려면,생활·마트 중 '침구'를 판매·제공하는 매장,test,침구,T4 구어·문장,009cda97-be64-4deb-8311-f6e42d4eca25,갤러리커튼,커튼블라인드침구,홀릭스,골목형상점가,광주광역시,,,
ceccbed6ece22d0238cc,full_annotation_v1,A,q_침구_06,이불 사려면,생활·마트 중 '침구'를 판매·제공하는 매장,test,침구,T4 구어·문장,49e2c4e3-327a-4a22-9b61-f02b59367ac4,이브자리,이불,진주 중앙시장,전통시장,경상남도,,,
76093488f0f1aad3965e,full_annotation_v1,A,q_침구_06,이불 사려면,생활·마트 중 '침구'를 판매·제공하는 매장,test,침구,T4 구어·문장,c3683497-ab54-4469-818a-9f6196d5f0d6,쉐르빌,이불,목2동시장,전통시장,서울특별시,,,
40787dc43b68ec753435,full_annotation_v1,A,q_침구_06,이불 사려면,생활·마트 중 '침구'를 판매·제공하는 매장,test,침구,T4 구어·문장,5aed6e39-9cf3-4da2-a031-65e3477bf994,아르페지오,이불,산본로데오거리(구 산본중심상가),자율상권구역,경기도,,,
24f7231bf43c280f7af3,full_annotation_v1,A,q_침구_06,이불 사려면,생활·마트 중 '침구'를 판매·제공하는 매장,test,침구,T4 구어·문장,0168e10e-c168-404c-83b2-0d1fd89d65e6,루디아,혼수 커튼,양동복개상가,전통시장,,,,
4a3550ea97a1aa25ff68,full_annotation_v1,A,q_침구_06,이불 사려면,생활·마트 중 '침구'를 판매·제공하는 매장,test,침구,T4 구어·문장,020bee4a-baa0-4c84-a1d2-1ffe5e745eb7,유영주단,"이불, 한복",대가야 자율상권구역,,경상북도,,,
20b86da4e0889124fe0e,full_annotation_v1,A,q_침구_06,이불 사려면,생활·마트 중 '침구'를 판매·제공하는 매장,test,침구,T4 구어·문장,c751094e-938d-4c1c-ad71-a9cd17bbbfdc,하나청과,과일,구미시농산물도매시장 골목형상점가,골목형상점가,경상북도,,,
ac2f7bd68fd354989994,full_annotation_v1,A,q_침구_06,이불 사려면,생활·마트 중 '침구'를 판매·제공하는 매장,test,침구,T4 구어·문장,1f119a00-ecda-41ab-90c3-95622ee83755,우먼로드,이불,석바위시장,전통시장,인천광역시,,,
84f5e3c83941785c37f1,full_annotation_v1,A,q_침구_06,이불 사려면,생활·마트 중 '침구'를 판매·제공하는 매장,test,침구,T4 구어·문장,926b87ba-aff6-442e-b96e-fbf1258c7426,고기싸롱,한식,덕풍전통시장,전통시장,경기도,,,
315b869d647e34a5beb0,full_annotation_v1,A,q_침구_06,이불 사려면,생활·마트 중 '침구'를 판매·제공하는 매장,test,침구,T4 구어·문장,54abaf1f-833c-4076-9291-08b5bfa38a9b,체이스컬트,,장흥중앙로 골목형상점가,골목형상점가,,,,
882bbaff3dd721db382a,full_annotation_v1,A,q_침구_06,이불 사려면,생활·마트 중 '침구'를 판매·제공하는 매장,test,침구,T4 구어·문장,414ae9d9-178e-4e71-bc5a-20d46c8e8abc,은혜이불,이불,문창시장,전통시장,대전광역시,,,
225c8941bfd9d0ef6ba8,full_annotation_v1,A,q_침구_06,이불 사려면,생활·마트 중 '침구'를 판매·제공하는 매장,test,침구,T4 구어·문장,04c83ac2-c516-48f2-b7f5-c63266277cf2,비엘BB,액세서리,현풍백년도깨비시장,전통시장,대구광역시,,,
3dbaf64adcf12637bb6d,full_annotation_v1,A,q_침구_06,이불 사려면,생활·마트 중 '침구'를 판매·제공하는 매장,test,침구,T4 구어·문장,60d3ec18-b3a9-4c76-9e33-082fa6186545,부림상회,이불,여수서시장주변시장,전통시장,전라남도,,,
d8bd3dd3d83c6206a6cb,full_annotation_v1,A,q_침구_06,이불 사려면,생활·마트 중 '침구'를 판매·제공하는 매장,test,침구,T4 구어·문장,ca3c6ecf-6e32-4419-9daa-a9a8ac4f1a02,알레르망,이불,남대문시장,전통시장,서울특별시,,,
a240c5af2f35f3b7149c,full_annotation_v1,A,q_침구_06,이불 사려면,생활·마트 중 '침구'를 판매·제공하는 매장,test,침구,T4 구어·문장,f6645922-9c5b-4a65-a47a-e570093168c2,이브자리,이불,충장로45가 상점가,자율상권구역,광주광역시,,,
88bbf4a7c84599cabdb6,full_annotation_v1,A,q_침구_06,이불 사려면,생활·마트 중 '침구'를 판매·제공하는 매장,test,침구,T4 구어·문장,7c3a6bb3-39e3-4c6a-a12e-a35a1bf8fb85,신앙촌상회,이불,선우시장,전통시장,울산광역시,,,
1eb9226b525c5bd66dbb,full_annotation_v1,A,q_침구_06,이불 사려면,생활·마트 중 '침구'를 판매·제공하는 매장,test,침구,T4 구어·문장,9007bf7a-4880-417d-a5b5-aa7a26f42b0c,정열침구,이불,울산시장,전통시장,울산광역시,,,
0fd092669b63f5c6fa15,full_annotation_v1,A,q_침구_06,이불 사려면,생활·마트 중 '침구'를 판매·제공하는 매장,test,침구,T4 구어·문장,ff192627-a959-45d8-800e-1592b6c39803,홈사랑,이불,북부중앙 골목형상점가,골목형상점가,경기도,,,
208b5930b1ad59726aca,full_annotation_v1,A,q_침구_06,이불 사려면,생활·마트 중 '침구'를 판매·제공하는 매장,test,침구,T4 구어·문장,0c070458-933d-4b37-93e8-3933daa97cc2,신행상회,이불,김천중앙시장,전통시장,경상북도,,,
10bf7f14d6ae546ca8f5,full_annotation_v1,A,q_침구_06,이불 사려면,생활·마트 중 '침구'를 판매·제공하는 매장,test,침구,T4 구어·문장,02149791-6e33-4077-a92d-4f7756bbaa40,잉꼬이불,이불,센트럴프라자,골목형상점가,울산광역시,,,
189aa991c2aae461e3aa,full_annotation_v1,A,q_침구_06,이불 사려면,생활·마트 중 '침구'를 판매·제공하는 매장,test,침구,T4 구어·문장,020914cd-8086-4fad-ab39-bbae265d6a60,양진이불,침구,경주성동공설시장,전통시장,경상북도,,,
dd4ecf23b0134387c8e0,full_annotation_v1,A,q_침구_06,이불 사려면,생활·마트 중 '침구'를 판매·제공하는 매장,test,침구,T4 구어·문장,70811b6e-7893-40f2-8a72-76e1fc41ebe2,마춤이불,이불,마산 수남상가,전통시장,경상남도,,,
645c4370ab0f8d808dfd,full_annotation_v1,A,q_침구_06,이불 사려면,생활·마트 중 '침구'를 판매·제공하는 매장,test,침구,T4 구어·문장,399b9001-d943-4b2e-9c50-6822a88c4e4a,아르페지오,이불,조치원 전통길 골목형상점가,골목형상점가,세종특별자치시,,,
1329bbce6f88b5f173c5,full_annotation_v1,A,q_침구_06,이불 사려면,생활·마트 중 '침구'를 판매·제공하는 매장,test,침구,T4 구어·문장,75cb857c-894b-48f0-a460-add42ef3f618,이불랑침구,이불,오산오색시장(구 오산중앙시장),전통시장,경기도,,,
96735885d1041f519af3,full_annotation_v1,A,q_침구_06,이불 사려면,생활·마트 중 '침구'를 판매·제공하는 매장,test,침구,T4 구어·문장,baeeaa9d-2665-4d71-82ad-7e00e66a9a0b,세사리빙,이불,흥국상가,자율상권구역,전라남도,,,
e62f0358e4d9df0d9b54,full_annotation_v1,A,q_침구_06,이불 사려면,생활·마트 중 '침구'를 판매·제공하는 매장,test,침구,T4 구어·문장,0eb187dc-1e99-4170-a6ed-e9dff3d21b6c,은혜이불,이불,문경중앙시장,전통시장,경상북도,,,
449b18ff8839168d4963,full_annotation_v1,A,q_침구_06,이불 사려면,생활·마트 중 '침구'를 판매·제공하는 매장,test,침구,T4 구어·문장,a9cc3210-4474-4a95-9570-28a1f28beff6,장원침장,이불,서문시장2지구 종합상가,전통시장,대구광역시,,,
e7df88cd2522a7a422cf,full_annotation_v1,A,q_침구_07,이불 파는 곳,생활·마트 중 '침구'를 판매·제공하는 매장,test,침구,T4 구어·문장,82bfa994-c84b-453c-8abf-8e499bcd1296,명남이불,이불,문막시장,전통시장,강원특별자치도,,,
ac6015c7ae9869e434aa,full_annotation_v1,A,q_침구_07,이불 파는 곳,생활·마트 중 '침구'를 판매·제공하는 매장,test,침구,T4 구어·문장,009cda97-be64-4deb-8311-f6e42d4eca25,갤러리커튼,커튼블라인드침구,홀릭스,골목형상점가,광주광역시,,,
12a57eb0d0d9f880ec0d,full_annotation_v1,A,q_침구_07,이불 파는 곳,생활·마트 중 '침구'를 판매·제공하는 매장,test,침구,T4 구어·문장,76a3551b-dae4-4326-92cc-662015aedbfb,쉴 곳,한식,칠성로상점가,자율상권구역,제주특별자치도,,,
463c682f024e9704281f,full_annotation_v1,A,q_침구_07,이불 파는 곳,생활·마트 중 '침구'를 판매·제공하는 매장,test,침구,T4 구어·문장,ed81ddde-9af0-4779-8cd8-0e34356c2ce1,세사리빙,이불,길동복조리시장,전통시장,서울특별시,,,
dcca3be6670e0c594608,full_annotation_v1,A,q_침구_07,이불 파는 곳,생활·마트 중 '침구'를 판매·제공하는 매장,test,침구,T4 구어·문장,494fb885-17e5-432d-a654-65f48f06e19f,완도수산,,목포청호시장,전통시장,,,,
56a264fb0bf3752b159b,full_annotation_v1,A,q_침구_07,이불 파는 곳,생활·마트 중 '침구'를 판매·제공하는 매장,test,침구,T4 구어·문장,30ac881c-3756-4aa0-8c03-afa7becdd8ac,차밍홈,이불,안성 전통 옛장터길 골목형상점가,골목형상점가,경기도,,,
000cb8885a51909a9b4c,full_annotation_v1,A,q_침구_07,이불 파는 곳,생활·마트 중 '침구'를 판매·제공하는 매장,test,침구,T4 구어·문장,01022b54-7fac-43ff-8e1e-8e0c95d34ac6,아이편한♥소리잠매트,침구 등,성남프라자,전통시장,울산광역시,,,
46567c1e3fb99c6504b7,full_annotation_v1,A,q_침구_07,이불 파는 곳,생활·마트 중 '침구'를 판매·제공하는 매장,test,침구,T4 구어·문장,d618146d-7642-4b05-bb6f-5aef9c4cb92e,홈패션,이불,원미금강 상점가,자율상권구역,경기도,,,
9acc24ea7dcc0846c11e,full_annotation_v1,A,q_침구_07,이불 파는 곳,생활·마트 중 '침구'를 판매·제공하는 매장,test,침구,T4 구어·문장,820f4134-5a96-43e1-9e9c-a7faae13c973,서울침구,이불,전주풍남문상점가,자율상권구역,전북특별자치도,,,
bcd195efc8b7935434c3,full_annotation_v1,A,q_침구_07,이불 파는 곳,생활·마트 중 '침구'를 판매·제공하는 매장,test,침구,T4 구어·문장,019c9868-92c6-4e25-b2ea-903f322c9acf,맡겨봐신발세탁,세탁,임동 골목형상점가,골목형상점가,광주광역시,,,
4baf1e44877c8676e2ed,full_annotation_v1,A,q_침구_07,이불 파는 곳,생활·마트 중 '침구'를 판매·제공하는 매장,test,침구,T4 구어·문장,0214317c-c9f8-4af4-8b93-7d7d52ee1acb,창과방,커튼,남대문시장,전통시장,서울특별시,,,
869e4050585922cd842e,full_annotation_v1,A,q_침구_07,이불 파는 곳,생활·마트 중 '침구'를 판매·제공하는 매장,test,침구,T4 구어·문장,e936d9eb-5b17-496d-a6ac-c47068918003,금성이불,이불,서문시장 제1지구2층(포목시장),전통시장,대구광역시,,,
03d7f7c61244e9f30e7f,full_annotation_v1,A,q_침구_07,이불 파는 곳,생활·마트 중 '침구'를 판매·제공하는 매장,test,침구,T4 구어·문장,c93dd0a0-c9ca-40b6-a8a2-f4f51de8cfb4,에덴주단,이불,공주산성시장,전통시장,충청남도,,,
874e24350b7134eeed5a,full_annotation_v1,A,q_침구_07,이불 파는 곳,생활·마트 중 '침구'를 판매·제공하는 매장,test,침구,T4 구어·문장,99c3162c-3ac6-4f50-8622-02b04a5157f8,부성사,이불,문창동 보물찾(Chat)길 골목형상점가,골목형상점가,대전광역시,,,
9dcc42d0aaa850a2a9ff,full_annotation_v1,A,q_침구_07,이불 파는 곳,생활·마트 중 '침구'를 판매·제공하는 매장,test,침구,T4 구어·문장,aa9e79c8-16f3-4e2b-b7b0-165698e340b8,쉐모아,이불,산성로 상권활성화구역,상권활성화구역,경기도,,,
4e7f1fbf1cd4c53d1898,full_annotation_v1,A,q_침구_07,이불 파는 곳,생활·마트 중 '침구'를 판매·제공하는 매장,test,침구,T4 구어·문장,c1ddef12-1aba-4d2d-b5e8-fa589f52b87c,이쁜이불,이불,필그린쇼핑센타,골목형상점가,울산광역시,,,
99b27c1b370b38e1298b,full_annotation_v1,A,q_침구_07,이불 파는 곳,생활·마트 중 '침구'를 판매·제공하는 매장,test,침구,T4 구어·문장,00831337-1223-4dcf-9c42-67ca874b1ef6,무지개,침구류,부산진시장,전통시장,부산광역시,,,
63346bde0f8f562a823e,full_annotation_v1,A,q_침구_07,이불 파는 곳,생활·마트 중 '침구'를 판매·제공하는 매장,test,침구,T4 구어·문장,00f84355-823b-4c23-bb49-e842bf41a1a3,금호커텐,커튼,양동복개상가,전통시장,,,,
ebecb676015a4193ea0e,full_annotation_v1,A,q_침구_07,이불 파는 곳,생활·마트 중 '침구'를 판매·제공하는 매장,test,침구,T4 구어·문장,0eb187dc-1e99-4170-a6ed-e9dff3d21b6c,은혜이불,이불,문경중앙시장,전통시장,경상북도,,,
c942b9b245020b1d5100,full_annotation_v1,A,q_침구_07,이불 파는 곳,생활·마트 중 '침구'를 판매·제공하는 매장,test,침구,T4 구어·문장,5f856f68-330e-468a-905b-6973e464efb7,이불장만,이불,춘천풍물시장,전통시장,강원특별자치도,,,
b6d0a538f649236947c7,full_annotation_v1,A,q_침구_07,이불 파는 곳,생활·마트 중 '침구'를 판매·제공하는 매장,test,침구,T4 구어·문장,00083664-fb4e-4e3b-bb0a-d9a0a1e8f87f,롯데세탁소,,와룡로 골목형상점가,골목형상점가,전북특별자치도,,,
b28433cc943564e8d0f4,full_annotation_v1,A,q_침구_07,이불 파는 곳,생활·마트 중 '침구'를 판매·제공하는 매장,test,침구,T4 구어·문장,020914cd-8086-4fad-ab39-bbae265d6a60,양진이불,침구,경주성동공설시장,전통시장,경상북도,,,
b780d1c0c2b899e37398,full_annotation_v1,A,q_침구_07,이불 파는 곳,생활·마트 중 '침구'를 판매·제공하는 매장,test,침구,T4 구어·문장,a07ff670-c264-4a61-925d-9f561036b07b,세사리빙,이불,정이있는 구포시장,전통시장,부산광역시,,,
a874c9dd7d9d4d87c6fd,full_annotation_v1,A,q_침구_07,이불 파는 곳,생활·마트 중 '침구'를 판매·제공하는 매장,test,침구,T4 구어·문장,ca3c6ecf-6e32-4419-9daa-a9a8ac4f1a02,알레르망,이불,남대문시장,전통시장,서울특별시,,,
64d973981eb9a7d427e9,full_annotation_v1,A,q_침구_07,이불 파는 곳,생활·마트 중 '침구'를 판매·제공하는 매장,test,침구,T4 구어·문장,2743811c-5e71-4d2b-aa75-1b0147d44f2d,사우 꽃이 피는 곳,꽃,김포 풍년마을 골목형상점가,골목형상점가,경기도,,,
5397599fee44eb0fcd65,full_annotation_v1,A,q_침구_07,이불 파는 곳,생활·마트 중 '침구'를 판매·제공하는 매장,test,침구,T4 구어·문장,871456dc-7da2-4db3-8ad4-cf75c984b2ad,예쁜이불,이불,현대 골목형상점가,골목형상점가,전라남도,,,
f7295c9c4ecb3da550c2,full_annotation_v1,A,q_침구_07,이불 파는 곳,생활·마트 중 '침구'를 판매·제공하는 매장,test,침구,T4 구어·문장,015d152e-ed78-4d55-a7c5-5c8fce6debf7,후평종합이불,"침구류, 수건",후평일단지시장,전통시장,강원특별자치도,,,
05afd1ed5a648f539f2c,full_annotation_v1,A,q_침구_07,이불 파는 곳,생활·마트 중 '침구'를 판매·제공하는 매장,test,침구,T4 구어·문장,f6645922-9c5b-4a65-a47a-e570093168c2,이브자리,이불,충장로45가 상점가,자율상권구역,광주광역시,,,
67fd370df25df01543d7,full_annotation_v1,A,q_침구_07,이불 파는 곳,생활·마트 중 '침구'를 판매·제공하는 매장,test,침구,T4 구어·문장,ec8ce93a-8b7f-46d4-bb89-2a0ebe1a5a5a,핑크이불,이불,마산 대동씨코아상가시장,전통시장,경상남도,,,
caf59e8ab050385d13a4,full_annotation_v1,A,q_침구_07,이불 파는 곳,생활·마트 중 '침구'를 판매·제공하는 매장,test,침구,T4 구어·문장,25b6ca34-0472-42f9-a1a5-34665c310fc4,아나이스,이불,노형1 골목형상점가,골목형상점가,제주특별자치도,,,
4e7c35fc0908cd3fbbb1,full_annotation_v1,A,q_침구_07,이불 파는 곳,생활·마트 중 '침구'를 판매·제공하는 매장,test,침구,T4 구어·문장,fcf2d023-c5a8-488b-b727-097fbd6f605c,대우이불,이불,군산공설시장,전통시장,전북특별자치도,,,
93141d6b1eed22b271ab,full_annotation_v1,A,q_침구_07,이불 파는 곳,생활·마트 중 '침구'를 판매·제공하는 매장,test,침구,T4 구어·문장,c111ac9d-3f3a-405c-a8db-4d127ccda9e2,행복이 있는 곳,잡화,제주로얄쇼핑센터,자율상권구역,제주특별자치도,,,
33d635bd7ca02a005ad3,full_annotation_v1,A,q_침구_07,이불 파는 곳,생활·마트 중 '침구'를 판매·제공하는 매장,test,침구,T4 구어·문장,5d036fa3-c4b2-4304-934e-c3a54e234a69,정순대,"순대, 순대국밥",태평시장,전통시장,대전광역시,,,
1f9bb69e796c9b56428a,full_annotation_v1,A,q_침구_07,이불 파는 곳,생활·마트 중 '침구'를 판매·제공하는 매장,test,침구,T4 구어·문장,7e491d8d-0e32-49f1-a1e9-649aa12c916e,김밥&토스트,휴게음식,법원단지길골목형상점가,골목형상점가,서울특별시,,,
9a9cdde84a7d234d3bbc,full_annotation_v1,A,q_침구_07,이불 파는 곳,생활·마트 중 '침구'를 판매·제공하는 매장,test,침구,T4 구어·문장,1c8cb171-a0f1-4b64-aea8-94c9bdb8feb3,패션이불,이불,동문시장㈜,전통시장,제주특별자치도,,,
66368ec76276772ddd47,full_annotation_v1,A,q_침구_07,이불 파는 곳,생활·마트 중 '침구'를 판매·제공하는 매장,test,침구,T4 구어·문장,3a50643c-2866-40e7-bf25-d69c81903315,일신마트,식료품,첨단쌍이 골목형상점가,골목형상점가,광주광역시,,,
86a33fa9263ef9fe3191,full_annotation_v1,A,q_침구_07,이불 파는 곳,생활·마트 중 '침구'를 판매·제공하는 매장,test,침구,T4 구어·문장,40555502-0ca4-4f0a-89cc-2a68be4ac658,진보이불,이불,창원 지귀시장,전통시장,경상남도,,,
8cc2d984b0e48f7ece9a,full_annotation_v1,A,q_침구_07,이불 파는 곳,생활·마트 중 '침구'를 판매·제공하는 매장,test,침구,T4 구어·문장,4db2ea0e-cc04-4621-9e65-5f30ef8788ca,강남커텐,이불,부천강남시장,전통시장,경기도,,,
5eaaf29ce1bc93b7b750,full_annotation_v1,A,q_침구_07,이불 파는 곳,생활·마트 중 '침구'를 판매·제공하는 매장,test,침구,T4 구어·문장,1bdba918-d059-4779-8ee8-8eb959845968,부산상회,이불,부산진시장,전통시장,부산광역시,,,
c0e66882cee47030b018,full_annotation_v1,A,q_침구_07,이불 파는 곳,생활·마트 중 '침구'를 판매·제공하는 매장,test,침구,T4 구어·문장,1f119a00-ecda-41ab-90c3-95622ee83755,우먼로드,이불,석바위시장,전통시장,인천광역시,,,
db292e1e686e52af4a4f,full_annotation_v1,A,q_침구_07,이불 파는 곳,생활·마트 중 '침구'를 판매·제공하는 매장,test,침구,T4 구어·문장,70811b6e-7893-40f2-8a72-76e1fc41ebe2,마춤이불,이불,마산 수남상가,전통시장,경상남도,,,
623810421958d22a4477,full_annotation_v1,A,q_침구_07,이불 파는 곳,생활·마트 중 '침구'를 판매·제공하는 매장,test,침구,T4 구어·문장,cf116c04-37ec-475b-a55c-c565b2025e5f,팔도이불,이불,수영팔도시장(구 수영팔도상가시장),전통시장,부산광역시,,,
51c101ca408d3d8794fc,full_annotation_v1,A,q_침구_07,이불 파는 곳,생활·마트 중 '침구'를 판매·제공하는 매장,test,침구,T4 구어·문장,dec2f7bf-3452-42bd-8eaf-eb2fa8fc167d,알레르망스토어,이불,진주 중앙상점가,자율상권구역,경상남도,,,
547328eb4975a3a18743,full_annotation_v1,A,q_침구_07,이불 파는 곳,생활·마트 중 '침구'를 판매·제공하는 매장,test,침구,T4 구어·문장,5dc92951-6107-4307-b077-91066beae305,이불공장,이불,하양꿈바우시장,전통시장,경상북도,,,
ff9764237afbde814f9a,full_annotation_v1,A,q_침구_07,이불 파는 곳,생활·마트 중 '침구'를 판매·제공하는 매장,test,침구,T4 구어·문장,505754f0-ac77-49e9-9a9c-4b3ffac8bbe5,시몬이불,이불,창동신창시장,전통시장,서울특별시,,,
51acc872661906fae589,full_annotation_v1,A,q_침구_07,이불 파는 곳,생활·마트 중 '침구'를 판매·제공하는 매장,test,침구,T4 구어·문장,11b9c399-990c-448b-a915-1e2dd35258d5,우먼로드,이불,원미금강 상점가,자율상권구역,경기도,,,
5626e37d9c998f70fb19,full_annotation_v1,A,q_침구_07,이불 파는 곳,생활·마트 중 '침구'를 판매·제공하는 매장,test,침구,T4 구어·문장,7d8f2d67-f8dc-4e33-ba21-ab1537060ee8,한독이불,이불,송탄시장(송북시장),전통시장,경기도,,,
1ab842eb7b5600c3362f,full_annotation_v1,A,q_침구_07,이불 파는 곳,생활·마트 중 '침구'를 판매·제공하는 매장,test,침구,T4 구어·문장,1bca8ac0-df75-4e45-82ed-d7fc2ef93230,쉐모아,이불,양산 남부시장상가,전통시장,경상남도,,,
5cc904f7d44638cc4f90,full_annotation_v1,A,q_침구_07,이불 파는 곳,생활·마트 중 '침구'를 판매·제공하는 매장,test,침구,T4 구어·문장,998b639a-0c32-46ea-aa36-669fb63994c1,귀부인,숙녀복,두암1동군왕로 골목형상점가,골목형상점가,광주광역시,,,
809e8093197480c30ca0,full_annotation_v1,A,q_침구_07,이불 파는 곳,생활·마트 중 '침구'를 판매·제공하는 매장,test,침구,T4 구어·문장,02149791-6e33-4077-a92d-4f7756bbaa40,잉꼬이불,이불,센트럴프라자,골목형상점가,울산광역시,,,
907b84baabaa991b9253,full_annotation_v1,A,q_침구_07,이불 파는 곳,생활·마트 중 '침구'를 판매·제공하는 매장,test,침구,T4 구어·문장,ff192627-a959-45d8-800e-1592b6c39803,홈사랑,이불,북부중앙 골목형상점가,골목형상점가,경기도,,,
24d585d0a8e54a3f4943,full_annotation_v1,A,q_침구_07,이불 파는 곳,생활·마트 중 '침구'를 판매·제공하는 매장,test,침구,T4 구어·문장,a1256432-37d6-439e-afd4-37b0ae0da356,이브자리,이불,목동깨비시장(구 목3동시장),전통시장,서울특별시,,,
0d4a402531dff6d16dc4,full_annotation_v1,A,q_침구_07,이불 파는 곳,생활·마트 중 '침구'를 판매·제공하는 매장,test,침구,T4 구어·문장,d9032428-f20d-4fb2-a9ee-aa556909cad5,푸로티나침구,이불,신중앙시장,전통시장,대전광역시,,,
10f2155bf82ab3154b37,full_annotation_v1,A,q_침구_07,이불 파는 곳,생활·마트 중 '침구'를 판매·제공하는 매장,test,침구,T4 구어·문장,bf573816-30d5-4268-87f9-22e5824bcd62,무안이불마트,이불,밀양 무안시장,전통시장,경상남도,,,
6329097d8907fb3f755d,full_annotation_v1,A,q_침구_07,이불 파는 곳,생활·마트 중 '침구'를 판매·제공하는 매장,test,침구,T4 구어·문장,eebe2a61-8abd-4556-8d35-f58a5ff997dd,성도이불,이불,서문시장4지구종합대체상가(베네시움),전통시장,대구광역시,,,
8b53998a4caa2f7e5cf7,full_annotation_v1,A,q_침구_07,이불 파는 곳,생활·마트 중 '침구'를 판매·제공하는 매장,test,침구,T4 구어·문장,bf6fbba9-9f1d-4cb4-88ad-37cec37406e1,하루,한식,직산읍삼은1번가골목형상점가,골목형상점가,충청남도,,,
ffbcde1f2ac09d8e8491,full_annotation_v1,A,q_침구_07,이불 파는 곳,생활·마트 중 '침구'를 판매·제공하는 매장,test,침구,T4 구어·문장,ac7202c1-b4df-426c-8a11-02780cbbfffe,명자 철물,철물,통영 사량도 진촌상가,골목형상점가,경상남도,,,
909dca0c76faef5253fc,full_annotation_v1,A,q_침구_07,이불 파는 곳,생활·마트 중 '침구'를 판매·제공하는 매장,test,침구,T4 구어·문장,88b1f06c-00f2-44f2-9386-314e1be0921f,제일상회,이불,대명여울빛거리시장,전통시장,서울특별시,,,
973045819d2a4e196610,full_annotation_v1,A,q_침구_07,이불 파는 곳,생활·마트 중 '침구'를 판매·제공하는 매장,test,침구,T4 구어·문장,60bbd1e4-95e3-4a76-8192-b2836cda4c3d,서울상회,이불,진안시장(진안고원시장),전통시장,전북특별자치도,,,
a29b0454610cb198f2d8,full_annotation_v1,A,q_침구_07,이불 파는 곳,생활·마트 중 '침구'를 판매·제공하는 매장,test,침구,T4 구어·문장,7c3a6bb3-39e3-4c6a-a12e-a35a1bf8fb85,신앙촌상회,이불,선우시장,전통시장,울산광역시,,,
2221a0fd532f41ec42eb,full_annotation_v1,A,q_침구_07,이불 파는 곳,생활·마트 중 '침구'를 판매·제공하는 매장,test,침구,T4 구어·문장,9c682638-8555-4836-8071-1b9fc356dbb5,엘케이퀼트,공예,김해 대우유토피아상가,골목형상점가,경상남도,,,
e9c285ad48114cf6e01f,full_annotation_v1,A,q_침구_07,이불 파는 곳,생활·마트 중 '침구'를 판매·제공하는 매장,test,침구,T4 구어·문장,75cb857c-894b-48f0-a460-add42ef3f618,이불랑침구,이불,오산오색시장(구 오산중앙시장),전통시장,경기도,,,
0df9e0c9b2534ec81fc0,full_annotation_v1,A,q_침구_07,이불 파는 곳,생활·마트 중 '침구'를 판매·제공하는 매장,test,침구,T4 구어·문장,01c8223c-7693-4269-8de1-ef21d68577d4,신흥침구사,침구,중앙신시장,전통시장,경상북도,,,
e6f8e7ef543ab1129b46,full_annotation_v1,A,q_침구_07,이불 파는 곳,생활·마트 중 '침구'를 판매·제공하는 매장,test,침구,T4 구어·문장,0168e10e-c168-404c-83b2-0d1fd89d65e6,루디아,혼수 커튼,양동복개상가,전통시장,,,,
b3628504bcc2f858a83f,full_annotation_v1,A,q_침구_07,이불 파는 곳,생활·마트 중 '침구'를 판매·제공하는 매장,test,침구,T4 구어·문장,0c070458-933d-4b37-93e8-3933daa97cc2,신행상회,이불,김천중앙시장,전통시장,경상북도,,,
12e9f299e549a17203dc,full_annotation_v1,A,q_침구_07,이불 파는 곳,생활·마트 중 '침구'를 판매·제공하는 매장,test,침구,T4 구어·문장,be323dfe-a2c3-41ac-9b5f-b9ce90c712c8,이브자리,이불,선비골전통시장,전통시장,경상북도,,,
da2c6f0222e78d480665,full_annotation_v1,A,q_침구_07,이불 파는 곳,생활·마트 중 '침구'를 판매·제공하는 매장,test,침구,T4 구어·문장,31af6c1d-5b17-4460-8333-4ed19156929d,서울상회,이불,감전시장,전통시장,부산광역시,,,
ea03cf1eca0413d600af,full_annotation_v1,A,q_침구_07,이불 파는 곳,생활·마트 중 '침구'를 판매·제공하는 매장,test,침구,T4 구어·문장,05291547-c22d-430e-95c2-e31bda19a90a,슈퍼타이 본점,세탁,월드시티상가 골목형상점가,골목형상점가,울산광역시,,,
0b7ff6b98bb71de959e8,full_annotation_v1,A,q_침구_07,이불 파는 곳,생활·마트 중 '침구'를 판매·제공하는 매장,test,침구,T4 구어·문장,77c0922f-b94b-4392-91a5-8e4c7f895d08,경림혼수,이불,남부종합시장,전통시장,인천광역시,,,
99fd5eba1ab0fe231bbc,full_annotation_v1,A,q_침구_07,이불 파는 곳,생활·마트 중 '침구'를 판매·제공하는 매장,test,침구,T4 구어·문장,012f526e-9f74-4b7a-86ab-887e82649cba,나주커튼,커튼,나주목사고을시장,전통시장,,,,
68313881ccd79c58e066,full_annotation_v1,A,q_침구_07,이불 파는 곳,생활·마트 중 '침구'를 판매·제공하는 매장,test,침구,T4 구어·문장,24456103-f6b8-46af-8655-82e61d7265d8,커피가 머무르는 곳,커피,반드레길골목형상점가,골목형상점가,서울특별시,,,
332eb601f969884070cf,full_annotation_v1,A,q_침구_07,이불 파는 곳,생활·마트 중 '침구'를 판매·제공하는 매장,test,침구,T4 구어·문장,02187a22-27d8-4fad-a650-42495bec004f,부흥상회,이불,용현시장,전통시장,인천광역시,,,
90d136bd728b84c5385a,full_annotation_v1,A,q_침구_07,이불 파는 곳,생활·마트 중 '침구'를 판매·제공하는 매장,test,침구,T4 구어·문장,dfc5c005-040b-495b-9966-505a560f2474,대왕이불,이불,망원동월드컵시장,전통시장,서울특별시,,,
c012f0c66838d42a9489,full_annotation_v1,A,q_침구_07,이불 파는 곳,생활·마트 중 '침구'를 판매·제공하는 매장,test,침구,T4 구어·문장,13ce049a-c554-496f-94a1-2232093180d1,화장품나라,화장품,공주산성시장,전통시장,충청남도,,,
4c00aa6b5d016c1b8491,full_annotation_v1,A,q_침구_07,이불 파는 곳,생활·마트 중 '침구'를 판매·제공하는 매장,test,침구,T4 구어·문장,a21dafbc-1d1c-4a1f-b5e4-ac57b3a5623b,대명이불,이불,창원 상남시장,전통시장,경상남도,,,
d9d4f865999444ed8832,full_annotation_v1,A,q_침구_07,이불 파는 곳,생활·마트 중 '침구'를 판매·제공하는 매장,test,침구,T4 구어·문장,4c673cc5-b0dc-4d23-806d-c8d181d6a286,우먼로드,이불,주안시민지하도상점가,일반지하상점가,인천광역시,,,
7e982ad9f1e15e0d402d,full_annotation_v1,A,q_침구_07,이불 파는 곳,생활·마트 중 '침구'를 판매·제공하는 매장,test,침구,T4 구어·문장,01fa75f4-4cdb-4d62-931a-2b130cdef613,에띠앙이불집,이불,익산장(구 북부장),전통시장,전북특별자치도,,,
d5ce80e6478bd99905db,full_annotation_v1,A,q_침구_07,이불 파는 곳,생활·마트 중 '침구'를 판매·제공하는 매장,test,침구,T4 구어·문장,ce6436ef-caf1-4781-9b02-342ded827d6e,서사라 이불,"이불, 침구류",서문공설시장,전통시장,제주특별자치도,,,
7b5ec3fcac8ed9c2d270,full_annotation_v1,A,q_침구_07,이불 파는 곳,생활·마트 중 '침구'를 판매·제공하는 매장,test,침구,T4 구어·문장,acd6c720-13fe-4271-9c30-388a83a2e102,영희한복,이불,뚝도시장,전통시장,서울특별시,,,
20aa3a8eaf6400c3a45c,full_annotation_v1,A,q_침구_07,이불 파는 곳,생활·마트 중 '침구'를 판매·제공하는 매장,test,침구,T4 구어·문장,d24f5dbc-4207-4f7b-b4a2-52ad1645c0ee,화신침구,이불,대인시장,전통시장,광주광역시,,,
70fbd4975ebe044ffc32,full_annotation_v1,A,q_침구_07,이불 파는 곳,생활·마트 중 '침구'를 판매·제공하는 매장,test,침구,T4 구어·문장,5aed6e39-9cf3-4da2-a031-65e3477bf994,아르페지오,이불,산본로데오거리(구 산본중심상가),자율상권구역,경기도,,,
1b61c1a0af69a080338a,full_annotation_v1,A,q_침구_07,이불 파는 곳,생활·마트 중 '침구'를 판매·제공하는 매장,test,침구,T4 구어·문장,6fa9647d-cef1-4bed-b758-2cd57995d9fb,정우이불,이불,밀양 수산시장,전통시장,경상남도,,,
43d6b609b0355ae5a326,full_annotation_v1,A,q_침구_07,이불 파는 곳,생활·마트 중 '침구'를 판매·제공하는 매장,test,침구,T4 구어·문장,2219a275-2078-4838-9b00-642ce2838de4,솜씨방이불집,이불,익산장(구 북부장),전통시장,전북특별자치도,,,
633e8a39fa7b97dce96f,full_annotation_v1,A,q_침구_07,이불 파는 곳,생활·마트 중 '침구'를 판매·제공하는 매장,test,침구,T4 구어·문장,399b9001-d943-4b2e-9c50-6822a88c4e4a,아르페지오,이불,조치원 전통길 골목형상점가,골목형상점가,세종특별자치시,,,
26a5e9bd5eb8aa17dc75,full_annotation_v1,A,q_침구_07,이불 파는 곳,생활·마트 중 '침구'를 판매·제공하는 매장,test,침구,T4 구어·문장,e2729fcb-b32c-4476-9030-30816464189a,아르페지오,이불,용호2동골목시장,기타,부산광역시,,,
887ca855d82e281b0799,full_annotation_v1,A,q_침구_07,이불 파는 곳,생활·마트 중 '침구'를 판매·제공하는 매장,test,침구,T4 구어·문장,1a167fc7-7653-4323-a74d-56cda6d03fc0,서울침구사,이불,아랫장,전통시장,전라남도,,,
bdca7e24d59700a2da38,full_annotation_v1,A,q_침구_07,이불 파는 곳,생활·마트 중 '침구'를 판매·제공하는 매장,test,침구,T4 구어·문장,36605745-783b-45bf-80cf-aa23e5ef2d1f,해전이불,이불,양산 덕계종합상설시장,전통시장,경상남도,,,
99e46bc5fe4f37b88b6c,full_annotation_v1,A,q_침구_07,이불 파는 곳,생활·마트 중 '침구'를 판매·제공하는 매장,test,침구,T4 구어·문장,6f6fb733-39d7-4714-b1b7-43c34017a345,알레르망,이불,안산다농마트전통시장,전통시장,경기도,,,
3e4df7cb4e2de02e8022,full_annotation_v1,A,q_침구_07,이불 파는 곳,생활·마트 중 '침구'를 판매·제공하는 매장,test,침구,T4 구어·문장,bf1366f9-0511-44fc-a802-46543397296d,다솜혼수이불백화점,이불,광천전통시장,전통시장,충청남도,,,
623c3276bef37a2887ee,full_annotation_v1,A,q_침구_07,이불 파는 곳,생활·마트 중 '침구'를 판매·제공하는 매장,test,침구,T4 구어·문장,7e9e0d07-4a30-4547-94e1-a244774e81d0,우리방,이불,엑스포코아 골목형상점가,골목형상점가,대전광역시,,,
d714b9c8e2c6cda7bec8,full_annotation_v1,A,q_침구_07,이불 파는 곳,생활·마트 중 '침구'를 판매·제공하는 매장,test,침구,T4 구어·문장,7458359f-66eb-48d3-a368-0ba5a6c52756,지엔지 컴퓨터,"컴퓨터, 수리, 판메",봉일천전통시장,전통시장,경기도,,,
b1fe2375adca32629fca,full_annotation_v1,A,q_침구_07,이불 파는 곳,생활·마트 중 '침구'를 판매·제공하는 매장,test,침구,T4 구어·문장,168d1455-a622-43ef-8b61-227659cd30c4,용두동할매쭈꾸미,쭈꾸미 볶음 낙지 볶음,첨단아미 골목형상점가,골목형상점가,광주광역시,,,
e6fd7d7a9a59270ce83e,full_annotation_v1,A,q_침구_07,이불 파는 곳,생활·마트 중 '침구'를 판매·제공하는 매장,test,침구,T4 구어·문장,01de114b-b852-4451-bf02-e87d19da999b,유메이트,소매업(이불),안양중앙인정시장,전통시장,경기도,,,
8d35f2eaa0ef2390b47e,full_annotation_v1,A,q_침구_07,이불 파는 곳,생활·마트 중 '침구'를 판매·제공하는 매장,test,침구,T4 구어·문장,54530994-d98b-4e2f-8f16-d0b2e428cede,서영이네,패류,인천종합어시장,전통시장,인천광역시,,,
922e8e8ce8b79eaba038,full_annotation_v1,A,q_침구_07,이불 파는 곳,생활·마트 중 '침구'를 판매·제공하는 매장,test,침구,T4 구어·문장,a5be34bb-71d7-4359-ac2c-2afbbec0851b,한양상회,이불,완도중앙시장,전통시장,전라남도,,,
db0edde8ede8a883a107,full_annotation_v1,A,q_침구_07,이불 파는 곳,생활·마트 중 '침구'를 판매·제공하는 매장,test,침구,T4 구어·문장,f8050b0a-0f61-4d0b-aa77-415d8da4200c,백양이불,이불,설악눈메골시장,전통시장,경기도,,,
7111a007e1d6acba7e61,full_annotation_v1,A,q_침구_07,이불 파는 곳,생활·마트 중 '침구'를 판매·제공하는 매장,test,침구,T4 구어·문장,3541cf06-3cc1-4e09-928c-f290cfe20fa8,대구상회,이불,거창 전통시장,전통시장,경상남도,,,
e24c74c6b451ec48a17c,full_annotation_v1,A,q_침구_07,이불 파는 곳,생활·마트 중 '침구'를 판매·제공하는 매장,test,침구,T4 구어·문장,19bd58ce-12ad-4621-b034-ffa545aa8a81,인데코,이불,의정부제일시장,전통시장,경기도,,,
f20e49251a346dde8e8c,full_annotation_v1,A,q_침구_07,이불 파는 곳,생활·마트 중 '침구'를 판매·제공하는 매장,test,침구,T4 구어·문장,0de68cb0-4bec-4ae4-bce8-582b9d24ff54,365큰약국,"약국-의약품, 건강기능식품, 의료용품등",두산동밤마실거리 골목형상점가,골목형상점가,대구광역시,,,
26f64339fa5b7c7712a2,full_annotation_v1,A,q_침구_07,이불 파는 곳,생활·마트 중 '침구'를 판매·제공하는 매장,test,침구,T4 구어·문장,ae8b6297-bb66-45ee-b419-224c758f86c1,실루엣,이불,엑스포코아 골목형상점가,골목형상점가,대전광역시,,,
d8f8418b032d11de7984,full_annotation_v1,A,q_침구_07,이불 파는 곳,생활·마트 중 '침구'를 판매·제공하는 매장,test,침구,T4 구어·문장,310c9424-eac7-476a-9a67-c7c75fd071a1,이불,,부산진시장,전통시장,부산광역시,,,
072fb0f3fa0b0b899ef3,full_annotation_v1,A,q_침구_07,이불 파는 곳,생활·마트 중 '침구'를 판매·제공하는 매장,test,침구,T4 구어·문장,b61fa63c-5271-4295-91f5-78ba546dda90,형제랑이불,이불,양동복개상가,전통시장,광주광역시,,,
d57605857354e0894f30,full_annotation_v1,A,q_침구_07,이불 파는 곳,생활·마트 중 '침구'를 판매·제공하는 매장,test,침구,T4 구어·문장,fa8608ae-7155-4e49-a3e4-6d7cfb04c48f,영풍이불,이불,중앙메가프라자,전통시장,대전광역시,,,
3bd9438f7e3728da8d59,full_annotation_v1,A,q_침구_07,이불 파는 곳,생활·마트 중 '침구'를 판매·제공하는 매장,test,침구,T4 구어·문장,fd1f2de0-f47e-4df2-8e23-8a97ba99e17d,핑크이불,이불,구미새마을중앙시장,전통시장,경상북도,,,
e2b1e733d42642c48a4c,full_annotation_v1,A,q_침구_07,이불 파는 곳,생활·마트 중 '침구'를 판매·제공하는 매장,test,침구,T4 구어·문장,19220ba1-df95-4cbe-8f6b-2ead88996497,이브자리,이불,여주세종시장상점가,자율상권구역,경기도,,,
508c5b7254f11b8b8e09,full_annotation_v1,A,q_침구_07,이불 파는 곳,생활·마트 중 '침구'를 판매·제공하는 매장,test,침구,T4 구어·문장,173c4f05-ba1c-4cc8-9bce-c32997c05bce,영도이불,이불,군산공설시장,전통시장,전북특별자치도,,,
da3e2f9524e4d45bff32,full_annotation_v1,A,q_침구_07,이불 파는 곳,생활·마트 중 '침구'를 판매·제공하는 매장,test,침구,T4 구어·문장,7470b831-3dd2-4b0e-9de5-53da2296c5a6,삼우이불,이불,동부시장,전통시장,인천광역시,,,
366ca0bc4dfc1893f5d9,full_annotation_v1,A,q_침구_07,이불 파는 곳,생활·마트 중 '침구'를 판매·제공하는 매장,test,침구,T4 구어·문장,c7a566b0-cbac-48ad-a220-2179af2c01ae,이브자리,이불,서문시장4지구종합대체상가(베네시움),전통시장,대구광역시,,,
b0120a07e360a02f61c8,full_annotation_v1,A,q_침구_07,이불 파는 곳,생활·마트 중 '침구'를 판매·제공하는 매장,test,침구,T4 구어·문장,d202b0fc-1b25-4c3b-88c4-ebd1f0d5c140,제일커텐. 이불,,장흥중앙로 골목형상점가,골목형상점가,,,,
33d63280d804c50ec871,full_annotation_v1,A,q_침구_07,이불 파는 곳,생활·마트 중 '침구'를 판매·제공하는 매장,test,침구,T4 구어·문장,5c040c58-27f4-480c-9dce-9b4d9822455a,천사이불,이불,남부종합시장,전통시장,인천광역시,,,
a74b71262c3e2ac552e7,full_annotation_v1,A,q_침구_07,이불 파는 곳,생활·마트 중 '침구'를 판매·제공하는 매장,test,침구,T4 구어·문장,0056f4f0-208d-4d7c-996c-9e6526fea6cf,한일침구,침구,목포원도심상점가,자율상권구역,전라남도,,,
38471cc05cad9457e270,full_annotation_v1,A,q_침구_07,이불 파는 곳,생활·마트 중 '침구'를 판매·제공하는 매장,test,침구,T4 구어·문장,14056dac-abed-4b0b-a498-b2a70207a512,중앙상회,이불,태안동부시장(구 태안특산물전통시장),전통시장,충청남도,,,
4c9e0fab85b85cdc4851,full_annotation_v1,A,q_침구_07,이불 파는 곳,생활·마트 중 '침구'를 판매·제공하는 매장,test,침구,T4 구어·문장,cbaa5934-030b-4251-ab20-e97a375bab5a,도환사,이불,수유시장,전통시장,서울특별시,,,
b794ddd09b80287f4211,full_annotation_v1,A,q_침구_07,이불 파는 곳,생활·마트 중 '침구'를 판매·제공하는 매장,test,침구,T4 구어·문장,020246a6-0250-41f7-93e8-4b7cbdd9f5e2,덕광상회,이불,금산금빛시장(금산시장),전통시장,충청남도,,,
57dddbbfa32015ca63a0,full_annotation_v1,A,q_침구_07,이불 파는 곳,생활·마트 중 '침구'를 판매·제공하는 매장,test,침구,T4 구어·문장,c1407821-27c2-49a7-ac38-9f2c1d43e743,신안이불,이불,신중앙시장,전통시장,대전광역시,,,
73e43635d6499a346fa5,full_annotation_v1,A,q_침구_07,이불 파는 곳,생활·마트 중 '침구'를 판매·제공하는 매장,test,침구,T4 구어·문장,afa3defd-b22d-4ce4-ab19-3cb1ed75946c,도심상사,침구,두암1동군왕로 골목형상점가,골목형상점가,광주광역시,,,
086bc9310ef6ed1de61c,full_annotation_v1,A,q_침구_07,이불 파는 곳,생활·마트 중 '침구'를 판매·제공하는 매장,test,침구,T4 구어·문장,504c0bf7-9f11-4bc3-94d8-eeb93830cd46,포근한이불,이불,경산공설시장,전통시장,경상북도,,,
a5e71fb9015576cd66ed,full_annotation_v1,A,q_침구_07,이불 파는 곳,생활·마트 중 '침구'를 판매·제공하는 매장,test,침구,T4 구어·문장,d5896cb3-59f2-4a0f-90cf-dffc4836d261,신양이불,이불,서문시장 제1지구2층(포목시장),전통시장,대구광역시,,,
d1e5e92ed3941ede5992,full_annotation_v1,A,q_침구_07,이불 파는 곳,생활·마트 중 '침구'를 판매·제공하는 매장,test,침구,T4 구어·문장,14c6b7f2-e4e7-4c41-837b-c40f3977819a,우먼로드,이불,수유시장,전통시장,서울특별시,,,
94c483f4bab8fb6b4ab1,full_annotation_v1,A,q_침구_07,이불 파는 곳,생활·마트 중 '침구'를 판매·제공하는 매장,test,침구,T4 구어·문장,ae553b19-db0f-4366-bd17-950926b3bb51,한국이불,이불,부천자유시장,전통시장,경기도,,,
92d9c1b7716cf111c79f,full_annotation_v1,A,q_침구_07,이불 파는 곳,생활·마트 중 '침구'를 판매·제공하는 매장,test,침구,T4 구어·문장,549d6431-2cd5-49af-99a1-a60a7ff8eca1,행운방이불,이불,경주중앙시장,전통시장,경상북도,,,
d6f669871858af49bb10,full_annotation_v1,A,q_침구_07,이불 파는 곳,생활·마트 중 '침구'를 판매·제공하는 매장,test,침구,T4 구어·문장,886e74c2-d15d-4142-bf01-acfd5eb1d6f5,아르페지오,이불,소반시장 골목형상점가,골목형상점가,부산광역시,,,
7990663655a968633a5c,full_annotation_v1,A,q_침구_07,이불 파는 곳,생활·마트 중 '침구'를 판매·제공하는 매장,test,침구,T4 구어·문장,aa590fe8-fc68-4e09-9012-10fd2bd3dae1,다니엘 이불,이불,"온양온천시장(온양재래시장, 전통시장)",전통시장,충청남도,,,
c3fc8d863d20f9e34972,full_annotation_v1,A,q_침구_07,이불 파는 곳,생활·마트 중 '침구'를 판매·제공하는 매장,test,침구,T4 구어·문장,023923b8-1217-420d-94da-1dbed6318c95,두올수선,옷수선,부평대아지하상점가,일반지하상점가,인천광역시,,,
08073dd948aa783beaa3,full_annotation_v1,A,q_침구_07,이불 파는 곳,생활·마트 중 '침구'를 판매·제공하는 매장,test,침구,T4 구어·문장,8c86a5ac-7f57-4726-9c0a-3493d712dbcb,세연이불,이불,서문시장 제1지구1층(직물시장),전통시장,대구광역시,,,
7bff9428922d21e24e39,full_annotation_v1,A,q_침구_07,이불 파는 곳,생활·마트 중 '침구'를 판매·제공하는 매장,test,침구,T4 구어·문장,26130dc8-f89b-478d-9c25-35fa1ffd444f,가나이불,이불,군산공설시장,전통시장,전북특별자치도,,,
f669cbce156231bc34a3,full_annotation_v1,A,q_침구_07,이불 파는 곳,생활·마트 중 '침구'를 판매·제공하는 매장,test,침구,T4 구어·문장,baeeaa9d-2665-4d71-82ad-7e00e66a9a0b,세사리빙,이불,흥국상가,자율상권구역,전라남도,,,
6aeef72897bc07783cde,full_annotation_v1,A,q_침구_07,이불 파는 곳,생활·마트 중 '침구'를 판매·제공하는 매장,test,침구,T4 구어·문장,2cd00755-8460-4178-933d-faa7da94974d,신토불이 국민동태탕,한식,유촌동상인회 골목형상점가,골목형상점가,광주광역시,,,
bf4bfed1f701b8f4976a,full_annotation_v1,A,q_침구_07,이불 파는 곳,생활·마트 중 '침구'를 판매·제공하는 매장,test,침구,T4 구어·문장,b658c695-42d6-4166-9fd6-69b2acc3abe1,홍옥이불,이불,의정부제일시장,전통시장,경기도,,,
ece81cfdad658847e11e,full_annotation_v1,A,q_침구_07,이불 파는 곳,생활·마트 중 '침구'를 판매·제공하는 매장,test,침구,T4 구어·문장,0829fe47-f308-40f0-a247-23107e05e184,대원이불,이불,사가정시장,전통시장,서울특별시,,,
5b7d94b992250f2e9cec,full_annotation_v1,A,q_침구_07,이불 파는 곳,생활·마트 중 '침구'를 판매·제공하는 매장,test,침구,T4 구어·문장,ec5588d5-5493-4de0-814e-e10f454eccc5,아르페지오,이불,익산매일시장,전통시장,전북특별자치도,,,
54790c4aa5aaee38a14f,full_annotation_v1,A,q_침구_07,이불 파는 곳,생활·마트 중 '침구'를 판매·제공하는 매장,test,침구,T4 구어·문장,f723630a-acf2-46ab-a65b-26fe7ad80e5c,이브자리,이불,남부골목시장,전통시장,서울특별시,,,
368b460f55cc2b37b7b8,full_annotation_v1,A,q_침구_07,이불 파는 곳,생활·마트 중 '침구'를 판매·제공하는 매장,test,침구,T4 구어·문장,9af5feb3-3a79-4bb7-8d7b-04f8755bb236,엄마이불,이불,양동복개상가,전통시장,광주광역시,,,
6e30a0393d16f606af91,full_annotation_v1,A,q_침구_07,이불 파는 곳,생활·마트 중 '침구'를 판매·제공하는 매장,test,침구,T4 구어·문장,033fc658-a256-42a6-8ebf-24763bc43ba1,신광컴퓨터세탁소,세탁소,대야 골목형상점가,골목형상점가,전북특별자치도,,,
da4847e80bdfd12ca897,full_annotation_v1,A,q_침구_07,이불 파는 곳,생활·마트 중 '침구'를 판매·제공하는 매장,test,침구,T4 구어·문장,49e2c4e3-327a-4a22-9b61-f02b59367ac4,이브자리,이불,진주 중앙시장,전통시장,경상남도,,,
533d925cae61a2a773b2,full_annotation_v1,A,q_침구_07,이불 파는 곳,생활·마트 중 '침구'를 판매·제공하는 매장,test,침구,T4 구어·문장,c161453d-f2c8-4b97-a2c3-a54e0cbdb7e8,생활용품 싸게 파는 집,잡화,안성중앙시장,전통시장,경기도,,,
45f14c7db5a0b9fdbf79,full_annotation_v1,A,q_침구_07,이불 파는 곳,생활·마트 중 '침구'를 판매·제공하는 매장,test,침구,T4 구어·문장,b0f75e4b-f8e0-4c7e-8b49-4de19f7c8c44,우먼로드,이불,동울산종합시장,전통시장,울산광역시,,,
c990d3ea24dcb901a56a,full_annotation_v1,A,q_침구_07,이불 파는 곳,생활·마트 중 '침구'를 판매·제공하는 매장,test,침구,T4 구어·문장,020bee4a-baa0-4c84-a1d2-1ffe5e745eb7,유영주단,"이불, 한복",대가야 자율상권구역,,경상북도,,,
7c09a4f6a6df9f16a66d,full_annotation_v1,A,q_침구_07,이불 파는 곳,생활·마트 중 '침구'를 판매·제공하는 매장,test,침구,T4 구어·문장,00c164d0-76c7-4e7a-9676-ecfdbb052077,크린토피아신창점,세탁,신창수문 골목형상점가,골목형상점가,광주광역시,,,
1c9a0d4d81778988504f,full_annotation_v1,A,q_침구_07,이불 파는 곳,생활·마트 중 '침구'를 판매·제공하는 매장,test,침구,T4 구어·문장,414ae9d9-178e-4e71-bc5a-20d46c8e8abc,은혜이불,이불,문창시장,전통시장,대전광역시,,,
ad8b6fe4232819564842,full_annotation_v1,A,q_침구_08,침구 사는 데,생활·마트 중 '침구'를 판매·제공하는 매장,test,침구,T4 구어·문장,bae7f509-ddfd-4004-99e7-96fd05bb2058,동원수예,침구,광장시장,전통시장,서울특별시,,,
9543a6802320b07a6d3f,full_annotation_v1,A,q_침구_08,침구 사는 데,생활·마트 중 '침구'를 판매·제공하는 매장,test,침구,T4 구어·문장,9868ddf7-d5db-4f8b-963a-c69645474ba0,이브자리,침구,용현시장,전통시장,인천광역시,,,
bf8a6c11ac474fae3098,full_annotation_v1,A,q_침구_08,침구 사는 데,생활·마트 중 '침구'를 판매·제공하는 매장,test,침구,T4 구어·문장,3a29a3a7-18fd-4666-99b1-68f7caee7849,새별침구,침구,서문공설시장,전통시장,제주특별자치도,,,
532fa30c06df50e5442c,full_annotation_v1,A,q_침구_08,침구 사는 데,생활·마트 중 '침구'를 판매·제공하는 매장,test,침구,T4 구어·문장,2eba25e4-bba0-434e-a475-3945548d73a6,세사리빙,침구,㈜르네시떼,전통시장,부산광역시,,,
57226c0adfbfd41c8a43,full_annotation_v1,A,q_침구_08,침구 사는 데,생활·마트 중 '침구'를 판매·제공하는 매장,test,침구,T4 구어·문장,9c344717-bc28-4456-b48a-dd4e5d869df4,니블,침구,북촌계동길골목형상점가,골목형상점가,서울특별시,,,
2cdcb47a460061267dc7,full_annotation_v1,A,q_침구_08,침구 사는 데,생활·마트 중 '침구'를 판매·제공하는 매장,test,침구,T4 구어·문장,52b28c28-3938-42b2-b6c0-3d0279344f72,자미온,침구,화정로상인회 골목형상점가,골목형상점가,광주광역시,,,
cb9d420c1581040a530b,full_annotation_v1,A,q_침구_08,침구 사는 데,생활·마트 중 '침구'를 판매·제공하는 매장,test,침구,T4 구어·문장,356ffabf-042c-464d-897f-b50ef65768ec,아방스,침구,사가정시장,전통시장,서울특별시,,,
20a997a2e28c2a72f50f,full_annotation_v1,A,q_침구_08,침구 사는 데,생활·마트 중 '침구'를 판매·제공하는 매장,test,침구,T4 구어·문장,239f1397-100c-40fe-a7e4-7f56a846a7a0,경원상회,의류.속옷,대전도매시장,전통시장,대전광역시,,,
59e05f773dae2b45209f,full_annotation_v1,A,q_침구_08,침구 사는 데,생활·마트 중 '침구'를 판매·제공하는 매장,test,침구,T4 구어·문장,035b2c82-5e87-47dc-aedf-75253b965cf0,복음누비,침구,중앙시장,전통시장,인천광역시,,,
fb7c596ef23a5206141f,full_annotation_v1,A,q_침구_08,침구 사는 데,생활·마트 중 '침구'를 판매·제공하는 매장,test,침구,T4 구어·문장,01022b54-7fac-43ff-8e1e-8e0c95d34ac6,아이편한♥소리잠매트,침구 등,성남프라자,전통시장,울산광역시,,,
d49332fd70ba42d0ce2b,full_annotation_v1,A,q_침구_08,침구 사는 데,생활·마트 중 '침구'를 판매·제공하는 매장,test,침구,T4 구어·문장,44162f88-abcf-4437-8a89-7e0405060a40,제일침구,침구,양동복개상가,전통시장,,,,
d2ad06e70500370fede2,full_annotation_v1,A,q_침구_08,침구 사는 데,생활·마트 중 '침구'를 판매·제공하는 매장,test,침구,T4 구어·문장,a6f687e3-6ebc-4a7a-9ff9-58c575088ad5,대동침구,침구,수원영동시장,전통시장,경기도,,,
86c9c0bef39bd1b17537,full_annotation_v1,A,q_침구_08,침구 사는 데,생활·마트 중 '침구'를 판매·제공하는 매장,test,침구,T4 구어·문장,462894d4-10a0-4c8a-bb86-86f38691edda,미광침구,침구,남대문시장,전통시장,서울특별시,,,
44747febf4e81e686819,full_annotation_v1,A,q_침구_08,침구 사는 데,생활·마트 중 '침구'를 판매·제공하는 매장,test,침구,T4 구어·문장,015d152e-ed78-4d55-a7c5-5c8fce6debf7,후평종합이불,"침구류, 수건",후평일단지시장,전통시장,강원특별자치도,,,
5b688eafbe86e743db53,full_annotation_v1,A,q_침구_08,침구 사는 데,생활·마트 중 '침구'를 판매·제공하는 매장,test,침구,T4 구어·문장,116fadff-f232-4989-ac57-745e16d1e427,단신혼수방,침구,영주소백쇼핑몰,전통시장,경상북도,,,
2149ca47fcb5ab848c7c,full_annotation_v1,A,q_침구_08,침구 사는 데,생활·마트 중 '침구'를 판매·제공하는 매장,test,침구,T4 구어·문장,6b978c94-cdc0-4212-8524-571079962642,영풍침구,침구,진주 중앙시장,전통시장,경상남도,,,
d078e6ebb3b97dd15468,full_annotation_v1,A,q_침구_08,침구 사는 데,생활·마트 중 '침구'를 판매·제공하는 매장,test,침구,T4 구어·문장,dcd53590-d385-4966-ad73-7f62a348b45b,옵스트,커피,청주시 소나무길 일원 자율상권구역,상권활성화구역,충청북도,,,
358d76d0b83dfcf20b74,full_annotation_v1,A,q_침구_08,침구 사는 데,생활·마트 중 '침구'를 판매·제공하는 매장,test,침구,T4 구어·문장,6c0eacee-745a-4ff0-8dfa-5c464854e301,행복황토침구,침구,양동복개상가,전통시장,,,,
6a3c075bd56efe2da311,full_annotation_v1,A,q_침구_08,침구 사는 데,생활·마트 중 '침구'를 판매·제공하는 매장,test,침구,T4 구어·문장,00083664-fb4e-4e3b-bb0a-d9a0a1e8f87f,롯데세탁소,,와룡로 골목형상점가,골목형상점가,전북특별자치도,,,
07289b37a68c12a45393,full_annotation_v1,A,q_침구_08,침구 사는 데,생활·마트 중 '침구'를 판매·제공하는 매장,test,침구,T4 구어·문장,a5780020-6b18-481e-95a9-fe744ecc0b11,세사리빙,침구,창원 성원그랜드쇼핑상가,전통시장,경상남도,,,
4187dab56fb1606575e7,full_annotation_v1,A,q_침구_08,침구 사는 데,생활·마트 중 '침구'를 판매·제공하는 매장,test,침구,T4 구어·문장,34eb58c4-7805-4adb-a68b-07bf9bdcad60,구로침구,침구,남구로시장,전통시장,서울특별시,,,
a354606519cafb9d3b4c,full_annotation_v1,A,q_침구_08,침구 사는 데,생활·마트 중 '침구'를 판매·제공하는 매장,test,침구,T4 구어·문장,26f9eb40-8bf0-46e2-9e6e-0515cca280cd,중앙침구사,침구,창녕전통시장,전통시장,경상남도,,,
a517e9a63bc8347c474f,full_annotation_v1,A,q_침구_08,침구 사는 데,생활·마트 중 '침구'를 판매·제공하는 매장,test,침구,T4 구어·문장,03c8c5a6-0d2c-40d6-befb-bbe4a1badfc6,현대침구,침구,포항죽도농산물시장,전통시장,경상북도,,,
b982aa831cb4c98ccb66,full_annotation_v1,A,q_침구_08,침구 사는 데,생활·마트 중 '침구'를 판매·제공하는 매장,test,침구,T4 구어·문장,afa3defd-b22d-4ce4-ab19-3cb1ed75946c,도심상사,침구,두암1동군왕로 골목형상점가,골목형상점가,광주광역시,,,
6ec4bcb6d67db9c32a6a,full_annotation_v1,A,q_침구_08,침구 사는 데,생활·마트 중 '침구'를 판매·제공하는 매장,test,침구,T4 구어·문장,0214317c-c9f8-4af4-8b93-7d7d52ee1acb,창과방,커튼,남대문시장,전통시장,서울특별시,,,
eae24be7189095b205e4,full_annotation_v1,A,q_침구_08,침구 사는 데,생활·마트 중 '침구'를 판매·제공하는 매장,test,침구,T4 구어·문장,ab8675c4-135f-4592-8afc-605b7365d856,아랑주,침구,마산 창동통합상가,자율상권구역,경상남도,,,
5e0edfca0c1029b7046c,full_annotation_v1,A,q_침구_08,침구 사는 데,생활·마트 중 '침구'를 판매·제공하는 매장,test,침구,T4 구어·문장,aba76fc2-984e-4030-ba01-e2e7d78264c7,데 아로즈 대전둔산본점,,갈리단길 골목형상점가,골목형상점가,대전광역시,,,
dd9cf8170f76c5b1d708,full_annotation_v1,A,q_침구_08,침구 사는 데,생활·마트 중 '침구'를 판매·제공하는 매장,test,침구,T4 구어·문장,020bee4a-baa0-4c84-a1d2-1ffe5e745eb7,유영주단,"이불, 한복",대가야 자율상권구역,,경상북도,,,
b62ca67b3dcde67702a4,full_annotation_v1,A,q_침구_08,침구 사는 데,생활·마트 중 '침구'를 판매·제공하는 매장,test,침구,T4 구어·문장,a0eb37d3-0907-4438-b912-6f165e1cedff,이브자리,침구,서귀포중심상가번영회,자율상권구역,제주특별자치도,,,
69e38cc1bfd9d18a511e,full_annotation_v1,A,q_침구_08,침구 사는 데,생활·마트 중 '침구'를 판매·제공하는 매장,test,침구,T4 구어·문장,44a50269-98f5-46ed-a9bd-bc1198c5677e,풍기인견,침구,장안동맛의거리골목형상점가,골목형상점가,서울특별시,,,
f203eecdf89e2607e0bd,full_annotation_v1,A,q_침구_08,침구 사는 데,생활·마트 중 '침구'를 판매·제공하는 매장,test,침구,T4 구어·문장,1fdea4c6-fa16-4886-ae32-64259460c6b0,아방스,침구,전주중앙상가시장,전통시장,전북특별자치도,,,
df674e4a53f114d36227,full_annotation_v1,A,q_침구_08,침구 사는 데,생활·마트 중 '침구'를 판매·제공하는 매장,test,침구,T4 구어·문장,08fbc074-0672-46a4-99a3-0ed992143854,칠우박스,"상자, 박스",(주)여수수산시장,전통시장,전라남도,,,
15cd7216dda7afdf34de,full_annotation_v1,A,q_침구_08,침구 사는 데,생활·마트 중 '침구'를 판매·제공하는 매장,test,침구,T4 구어·문장,6a3fee36-545a-4da8-a71d-fb2995040803,침구나라,침구,영등포제일상가,자율상권구역,서울특별시,,,
fae1849b8035c844954b,full_annotation_v1,A,q_침구_08,침구 사는 데,생활·마트 중 '침구'를 판매·제공하는 매장,test,침구,T4 구어·문장,0056f4f0-208d-4d7c-996c-9e6526fea6cf,한일침구,침구,목포원도심상점가,자율상권구역,전라남도,,,
036a1e48480cd09b7682,full_annotation_v1,A,q_침구_08,침구 사는 데,생활·마트 중 '침구'를 판매·제공하는 매장,test,침구,T4 구어·문장,f40bdddc-209f-4785-b2cc-0c4f81fc7500,황실수예,침구,섬유제품관,전통시장,대구광역시,,,
a1e6c23f29b99fac6503,full_annotation_v1,A,q_침구_08,침구 사는 데,생활·마트 중 '침구'를 판매·제공하는 매장,test,침구,T4 구어·문장,67f5d98e-ef04-40f6-b715-a5a3312d1686,장미침구,침구,까치산시장,전통시장,서울특별시,,,
6e2e10c9d8f6c0a6791a,full_annotation_v1,A,q_침구_08,침구 사는 데,생활·마트 중 '침구'를 판매·제공하는 매장,test,침구,T4 구어·문장,be9e14ff-432a-46a0-b756-cc9e85240f00,부영침구,침구,장성읍 골목형상점가,골목형상점가,전라남도,,,
9203efc4a1563d5bddd4,full_annotation_v1,A,q_침구_08,침구 사는 데,생활·마트 중 '침구'를 판매·제공하는 매장,test,침구,T4 구어·문장,b574317c-4a13-4a6c-9927-7cd3fb6e22ee,두레침구,침구,"온양온천시장(온양재래시장, 전통시장)",전통시장,충청남도,,,
9cf0cdcb975b4fbd7fb6,full_annotation_v1,A,q_침구_08,침구 사는 데,생활·마트 중 '침구'를 판매·제공하는 매장,test,침구,T4 구어·문장,355f9a17-48ff-42c0-b20a-e8a2165a422f,이불자리,침구,수정전통시장,전통시장,부산광역시,,,
5e704c734310ce5128ff,full_annotation_v1,A,q_침구_08,침구 사는 데,생활·마트 중 '침구'를 판매·제공하는 매장,test,침구,T4 구어·문장,00c164d0-76c7-4e7a-9676-ecfdbb052077,크린토피아신창점,세탁,신창수문 골목형상점가,골목형상점가,광주광역시,,,
cdb316b40ea285d0cda3,full_annotation_v1,A,q_침구_08,침구 사는 데,생활·마트 중 '침구'를 판매·제공하는 매장,test,침구,T4 구어·문장,6c66511a-7a4f-449a-9159-f134f165e432,동광침구,침구,중앙메가프라자,전통시장,대전광역시,,,
d44806f11920a94a4435,full_annotation_v1,A,q_침구_08,침구 사는 데,생활·마트 중 '침구'를 판매·제공하는 매장,test,침구,T4 구어·문장,00831337-1223-4dcf-9c42-67ca874b1ef6,무지개,침구류,부산진시장,전통시장,부산광역시,,,
d8a1ec3f99e84f70769a,full_annotation_v1,A,q_침구_08,침구 사는 데,생활·마트 중 '침구'를 판매·제공하는 매장,test,침구,T4 구어·문장,9d4838d3-4e8f-4458-aa28-eaeea91189d4,엘르침구,침구,모아패션아울렛 골목형상점가,골목형상점가,경기도,,,
da0e75123e125b1aab86,full_annotation_v1,A,q_침구_08,침구 사는 데,생활·마트 중 '침구'를 판매·제공하는 매장,test,침구,T4 구어·문장,714aba11-7655-4593-8c81-c9e1c63c1f1c,하삼동커피울산달천점,커피,달천상가 골목형상점가,골목형상점가,울산광역시,,,
d49703565ac9a2a57ac9,full_annotation_v1,A,q_침구_08,침구 사는 데,생활·마트 중 '침구'를 판매·제공하는 매장,test,침구,T4 구어·문장,61057e75-4b2e-460d-8dcd-edc88e1a48c6,앤웜,침구,지중해마을 골목형상점가,골목형상점가,충청남도,,,
bef37f1a2a4aec5c6524,full_annotation_v1,A,q_침구_08,침구 사는 데,생활·마트 중 '침구'를 판매·제공하는 매장,test,침구,T4 구어·문장,19b2bf20-9d77-4fe7-a977-98fee8494e37,경주침구,침구,부산진시장,전통시장,부산광역시,,,
bbf33da03b147772b9ea,full_annotation_v1,A,q_침구_08,침구 사는 데,생활·마트 중 '침구'를 판매·제공하는 매장,test,침구,T4 구어·문장,57aad33c-d6bf-4649-9410-afb56e3bb0e3,인드림,침구,영선신시장,전통시장,대구광역시,,,
d9bca7666115b00f7892,full_annotation_v1,A,q_침구_08,침구 사는 데,생활·마트 중 '침구'를 판매·제공하는 매장,test,침구,T4 구어·문장,e915a567-0784-4377-a8a4-b2b950c73b66,피부야놀자,피부미용,학장반도보라상가,전통시장,부산광역시,,,
3a50661cace1b6be95ec,full_annotation_v1,A,q_침구_08,침구 사는 데,생활·마트 중 '침구'를 판매·제공하는 매장,test,침구,T4 구어·문장,a29c5455-3ff5-4ce7-8172-83811d65825f,서울공예,귀금속,골드테마거리,전통시장,부산광역시,,,
2741aa27bc3cbd040ff0,full_annotation_v1,A,q_침구_08,침구 사는 데,생활·마트 중 '침구'를 판매·제공하는 매장,test,침구,T4 구어·문장,41dcb074-843e-4bf3-9d6a-f2bbfc3f95f4,한솜반찬,"분식, 김밥",춘천풍물시장,전통시장,강원특별자치도,,,
a2b2ce3e9a644a4173cd,full_annotation_v1,A,q_침구_08,침구 사는 데,생활·마트 중 '침구'를 판매·제공하는 매장,test,침구,T4 구어·문장,2d04708a-fa05-45b0-8a0a-bd3631a3516d,이브자리,침구,구미역중앙 골목형상점가,골목형상점가,경상북도,,,
3f7ff6a8183c025740f6,full_annotation_v1,A,q_침구_08,침구 사는 데,생활·마트 중 '침구'를 판매·제공하는 매장,test,침구,T4 구어·문장,1f3351af-9fde-45b8-9b28-f51ab06e88a3,디스커버리,스포츠의류,봉담 트레보아울렛 상점가,골목형상점가,경기도,,,
c3c65ac18cbe0603f4c2,full_annotation_v1,A,q_침구_08,침구 사는 데,생활·마트 중 '침구'를 판매·제공하는 매장,test,침구,T4 구어·문장,71848b78-3007-413b-95b1-436a21f2e6c1,이브자리,침구,진부전통시장,전통시장,강원특별자치도,,,
9014511411369492c732,full_annotation_v1,A,q_침구_08,침구 사는 데,생활·마트 중 '침구'를 판매·제공하는 매장,test,침구,T4 구어·문장,499406a6-4d0d-43c1-afbe-0b776d5a690f,물망초,침구,금남시장,전통시장,서울특별시,,,
2dccbdebff97d9a8094f,full_annotation_v1,A,q_침구_08,침구 사는 데,생활·마트 중 '침구'를 판매·제공하는 매장,test,침구,T4 구어·문장,f14df4d3-9858-4a8b-8597-20fd477d8e32,갤러리 데 루치아,가구,용인어정가구단지상점가,자율상권구역,경기도,,,
c1777e14d1e0767331b3,full_annotation_v1,A,q_침구_08,침구 사는 데,생활·마트 중 '침구'를 판매·제공하는 매장,test,침구,T4 구어·문장,009cda97-be64-4deb-8311-f6e42d4eca25,갤러리커튼,커튼블라인드침구,홀릭스,골목형상점가,광주광역시,,,
b44431b0d5c502ab9b97,full_annotation_v1,A,q_침구_08,침구 사는 데,생활·마트 중 '침구'를 판매·제공하는 매장,test,침구,T4 구어·문장,adbeda9c-8800-45c6-86bf-76c5ef3f2f55,부흥포목상회,침구,"온양온천시장(온양재래시장, 전통시장)",전통시장,충청남도,,,
fc567fade714c75c8d69,full_annotation_v1,A,q_침구_08,침구 사는 데,생활·마트 중 '침구'를 판매·제공하는 매장,test,침구,T4 구어·문장,d55bb574-bfa3-42f2-a75d-9ff1b7b86a53,이브자리,침구,동대문종합시장,전통시장,서울특별시,,,
9c8e318dda6ee090a763,full_annotation_v1,A,q_침구_08,침구 사는 데,생활·마트 중 '침구'를 판매·제공하는 매장,test,침구,T4 구어·문장,1c343ff1-89c4-4154-8d9b-ccd29a5df33e,영생상회,기타,부산진시장,전통시장,부산광역시,,,
2432f12a73b0134fbddb,full_annotation_v1,A,q_침구_08,침구 사는 데,생활·마트 중 '침구'를 판매·제공하는 매장,test,침구,T4 구어·문장,685d3a58-291b-42ef-a507-41358e645a42,이불168,침구,아리랑거리,전통시장,부산광역시,,,
4dd109ed85c4a6a491c2,full_annotation_v1,A,q_침구_08,침구 사는 데,생활·마트 중 '침구'를 판매·제공하는 매장,test,침구,T4 구어·문장,cfd3eae3-4daf-4222-86c6-f9fd95f14e3a,현대침구,침구,광장시장,전통시장,서울특별시,,,
7735a6ad99dab2eab168,full_annotation_v1,A,q_침구_08,침구 사는 데,생활·마트 중 '침구'를 판매·제공하는 매장,test,침구,T4 구어·문장,01fa75f4-4cdb-4d62-931a-2b130cdef613,에띠앙이불집,이불,익산장(구 북부장),전통시장,전북특별자치도,,,
f6fa04a9c7d5acbc7868,full_annotation_v1,A,q_침구_08,침구 사는 데,생활·마트 중 '침구'를 판매·제공하는 매장,test,침구,T4 구어·문장,90aad741-5a24-41be-ad5e-8892df348a9d,스와니이불집,침구,전주중앙상가시장,전통시장,전북특별자치도,,,
b1d60af85a193b4091f8,full_annotation_v1,A,q_침구_08,침구 사는 데,생활·마트 중 '침구'를 판매·제공하는 매장,test,침구,T4 구어·문장,9b430b68-2565-46ec-998a-a63d595f412c,신혼방,침구,온택트 괴정스마트 상권활성화구역,상권활성화구역,부산광역시,,,
a1a26b1b648caf51cfab,full_annotation_v1,A,q_침구_08,침구 사는 데,생활·마트 중 '침구'를 판매·제공하는 매장,test,침구,T4 구어·문장,ead700f1-808e-4894-a368-4ecf853aa2ef,이브자리,침구,남대문시장,전통시장,서울특별시,,,
081fe8e3f4ea04b0c797,full_annotation_v1,A,q_침구_08,침구 사는 데,생활·마트 중 '침구'를 판매·제공하는 매장,test,침구,T4 구어·문장,282b0e8b-051c-49f9-a707-b982df803589,까라벨라 데 오르,스파게티,동명동 카페거리 골목형상점가,골목형상점가,광주광역시,,,
cad1061a8f4682c91159,full_annotation_v1,A,q_침구_08,침구 사는 데,생활·마트 중 '침구'를 판매·제공하는 매장,test,침구,T4 구어·문장,bf23ae6d-3be2-48a8-abb5-c87f013dde73,현대매트,침구,영주소백쇼핑몰,전통시장,경상북도,,,
eb202d35e8e1cf687a10,full_annotation_v1,A,q_침구_08,침구 사는 데,생활·마트 중 '침구'를 판매·제공하는 매장,test,침구,T4 구어·문장,6a3a5be4-dd03-4b4f-ab82-3d813177f8c7,보니따데코,침구,서문시장2지구 종합상가,전통시장,대구광역시,,,
13228723ce8ff4ff2d75,full_annotation_v1,A,q_침구_08,침구 사는 데,생활·마트 중 '침구'를 판매·제공하는 매장,test,침구,T4 구어·문장,7ec96234-ba10-4529-a690-bacb20e3e0d5,영남상회,침구,성호시장 골목형상점가,골목형상점가,경기도,,,
42ce782c47f582117225,full_annotation_v1,A,q_침구_08,침구 사는 데,생활·마트 중 '침구'를 판매·제공하는 매장,test,침구,T4 구어·문장,a253a65a-d18a-46db-8f16-14e5abf4639e,올젠,의류,봉담 트레보아울렛 상점가,골목형상점가,경기도,,,
88207f26d0bed932bfdb,full_annotation_v1,A,q_침구_08,침구 사는 데,생활·마트 중 '침구'를 판매·제공하는 매장,test,침구,T4 구어·문장,58309e98-64ce-44e7-ac9f-9fbbf7bb502e,호남상회,침구,공주산성시장,전통시장,충청남도,,,
402b71a690ce81579ac4,full_annotation_v1,A,q_침구_08,침구 사는 데,생활·마트 중 '침구'를 판매·제공하는 매장,test,침구,T4 구어·문장,6e0278b6-3f40-4293-bf54-6d1f47394982,주원,침구,광장시장,전통시장,서울특별시,,,
c55ff15794c965d5df5e,full_annotation_v1,A,q_침구_08,침구 사는 데,생활·마트 중 '침구'를 판매·제공하는 매장,test,침구,T4 구어·문장,6e524b62-7a38-4ee8-8c16-3d6e19d6c0a1,베틀즈,침구,부산진시장,전통시장,부산광역시,,,
c3e3f4c0720413c1bcaa,full_annotation_v1,A,q_침구_08,침구 사는 데,생활·마트 중 '침구'를 판매·제공하는 매장,test,침구,T4 구어·문장,c3cb5733-571e-44d0-b783-3c6625f1ca61,대왕침구,침구,신도봉시장,전통시장,서울특별시,,,
6adacbf786007ca17ae0,full_annotation_v1,A,q_침구_08,침구 사는 데,생활·마트 중 '침구'를 판매·제공하는 매장,test,침구,T4 구어·문장,5d55845e-4d0f-4488-a162-54dc6bff79b9,수정상회,침구,부산진시장,전통시장,부산광역시,,,
80401728b62f8024a491,full_annotation_v1,A,q_침구_08,침구 사는 데,생활·마트 중 '침구'를 판매·제공하는 매장,test,침구,T4 구어·문장,7d3cbed5-f267-48e6-aedf-e326b80468f5,나나스베딩,침구,광교상현역 온누리 골목형상점가,골목형상점가,경기도,,,
af1c408da9d7dd7a1078,full_annotation_v1,A,q_침구_08,침구 사는 데,생활·마트 중 '침구'를 판매·제공하는 매장,test,침구,T4 구어·문장,0f822c7a-7ae1-4224-90af-bc8c5014c8be,이영희침구,침구,섬유제품관,전통시장,대구광역시,,,
0f79bc2e66a886b9fa6f,full_annotation_v1,A,q_침구_08,침구 사는 데,생활·마트 중 '침구'를 판매·제공하는 매장,test,침구,T4 구어·문장,0168e10e-c168-404c-83b2-0d1fd89d65e6,루디아,혼수 커튼,양동복개상가,전통시장,,,,
b3a38d674cfc3c5d1dfc,full_annotation_v1,A,q_침구_08,침구 사는 데,생활·마트 중 '침구'를 판매·제공하는 매장,test,침구,T4 구어·문장,a5317453-ab54-458f-836a-928af69fa75c,한진상회,침구,진주 중앙시장,전통시장,경상남도,,,
b2611fc3d36c8267c0cb,full_annotation_v1,A,q_침구_08,침구 사는 데,생활·마트 중 '침구'를 판매·제공하는 매장,test,침구,T4 구어·문장,5acf7957-13c8-440c-b2b5-1a7cf5a65cef,대구상회,침구,목포항동시장,전통시장,전라남도,,,
2a7566712008de545606,full_annotation_v1,A,q_침구_08,침구 사는 데,생활·마트 중 '침구'를 판매·제공하는 매장,test,침구,T4 구어·문장,0bfa5870-7175-477c-95bc-78faf16682da,형제상회,침구,금남시장,전통시장,서울특별시,,,
d8e6c5921cec6fdcce8e,full_annotation_v1,A,q_침구_08,침구 사는 데,생활·마트 중 '침구'를 판매·제공하는 매장,test,침구,T4 구어·문장,f53c9e54-2ffc-4f71-9d11-4ca295b9fb71,월계수식당 첨단점,한식,첨단동행 골목형상점가,골목형상점가,광주광역시,,,
c88325d11934163eab8a,full_annotation_v1,A,q_침구_08,침구 사는 데,생활·마트 중 '침구'를 판매·제공하는 매장,test,침구,T4 구어·문장,1c2b7408-304f-4ae8-a2e4-e73616d23cfc,슬립앤슬립천안두정점,침구,두정동상점가,자율상권구역,충청남도,,,
da79740b6fbd889b0a8f,full_annotation_v1,A,q_침구_08,침구 사는 데,생활·마트 중 '침구'를 판매·제공하는 매장,test,침구,T4 구어·문장,8232c430-9baa-4c57-9d8d-03b1ff33e66b,홍시,침구,천상일길 골목형상점가,골목형상점가,울산광역시,,,
d2c06e335c2c9b48811b,full_annotation_v1,A,q_침구_08,침구 사는 데,생활·마트 중 '침구'를 판매·제공하는 매장,test,침구,T4 구어·문장,01de114b-b852-4451-bf02-e87d19da999b,유메이트,소매업(이불),안양중앙인정시장,전통시장,경기도,,,
1a65c6a95a90df4cca58,full_annotation_v1,A,q_침구_08,침구 사는 데,생활·마트 중 '침구'를 판매·제공하는 매장,test,침구,T4 구어·문장,80087291-e8ee-4df5-ab78-ce3bbca1b83e,자미온,침구,학동 남문로 골목형상점가,골목형상점가,광주광역시,,,
dcaba8fb154e2194f8a6,full_annotation_v1,A,q_침구_08,침구 사는 데,생활·마트 중 '침구'를 판매·제공하는 매장,test,침구,T4 구어·문장,51491f21-491c-4a9d-aece-15a9af91f0eb,이브자리신정점,침구,신정중앙 골목형상점가,골목형상점가,울산광역시,,,
5a22e5863c391c1deb04,full_annotation_v1,A,q_침구_08,침구 사는 데,생활·마트 중 '침구'를 판매·제공하는 매장,test,침구,T4 구어·문장,020246a6-0250-41f7-93e8-4b7cbdd9f5e2,덕광상회,이불,금산금빛시장(금산시장),전통시장,충청남도,,,
b7c9c703c0317bedaaaf,full_annotation_v1,A,q_침구_08,침구 사는 데,생활·마트 중 '침구'를 판매·제공하는 매장,test,침구,T4 구어·문장,a13342f8-c8e1-4403-8ef2-35578bcc6781,대선침구,침구,김제전통시장,전통시장,전북특별자치도,,,
044446815e29dbdab385,full_annotation_v1,A,q_침구_08,침구 사는 데,생활·마트 중 '침구'를 판매·제공하는 매장,test,침구,T4 구어·문장,1a95ac0b-f903-419e-9b4f-2aa2594ae8a0,이브방,침구,공주산성시장,전통시장,충청남도,,,
48f27832a7d6e8c55e03,full_annotation_v1,A,q_침구_08,침구 사는 데,생활·마트 중 '침구'를 판매·제공하는 매장,test,침구,T4 구어·문장,443decf0-4930-409e-92e2-f6b65434dd21,세사리빙,침구,송천행복로 골목형상점가,골목형상점가,전북특별자치도,,,
0f2ddc861984423b22b1,full_annotation_v1,A,q_침구_08,침구 사는 데,생활·마트 중 '침구'를 판매·제공하는 매장,test,침구,T4 구어·문장,033fc658-a256-42a6-8ebf-24763bc43ba1,신광컴퓨터세탁소,세탁소,대야 골목형상점가,골목형상점가,전북특별자치도,,,
fdd10b8e2e4dfc150a98,full_annotation_v1,A,q_침구_08,침구 사는 데,생활·마트 중 '침구'를 판매·제공하는 매장,test,침구,T4 구어·문장,757cdefc-274b-4d7c-946c-6c68a48cd8ac,신흥사,침구,동대문종합시장,전통시장,서울특별시,,,
baecce67131bbee3844d,full_annotation_v1,A,q_침구_08,침구 사는 데,생활·마트 중 '침구'를 판매·제공하는 매장,test,침구,T4 구어·문장,5a865fdf-1219-4730-b9c2-fe47bad93700,장수상회,침구,안강공설시장,전통시장,경상북도,,,
a336131e73fbabd490e7,full_annotation_v1,A,q_침구_08,침구 사는 데,생활·마트 중 '침구'를 판매·제공하는 매장,test,침구,T4 구어·문장,d562d708-29ca-460f-bd02-e167a1596ed2,휴먼사랑한의원,한의원,효자동4동 후곡길 골목형상점가,골목형상점가,전북특별자치도,,,
8aee9e2cd1964266c864,full_annotation_v1,A,q_침구_08,침구 사는 데,생활·마트 중 '침구'를 판매·제공하는 매장,test,침구,T4 구어·문장,d7ec3d7f-ef6d-4107-8798-c1cafe470dfa,한일패션침구,침구,군산공설시장,전통시장,전북특별자치도,,,
3a403bf8accbc530ec53,full_annotation_v1,A,q_침구_08,침구 사는 데,생활·마트 중 '침구'를 판매·제공하는 매장,test,침구,T4 구어·문장,02149791-6e33-4077-a92d-4f7756bbaa40,잉꼬이불,이불,센트럴프라자,골목형상점가,울산광역시,,,
bc26ed1e4bef57456333,full_annotation_v1,A,q_침구_08,침구 사는 데,생활·마트 중 '침구'를 판매·제공하는 매장,test,침구,T4 구어·문장,124d5d0a-4fe8-438e-a79f-e68d9a91cc03,선경침구,침구,용인중앙시장,전통시장,경기도,,,
f60bcb7d5f71c3f62f8f,full_annotation_v1,A,q_침구_08,침구 사는 데,생활·마트 중 '침구'를 판매·제공하는 매장,test,침구,T4 구어·문장,bd70b396-33c7-4075-a035-a2879ce7545d,엘르 침구,침구,중앙상가시장,전통시장,대전광역시,,,
93b5522f2b2097c8c8fa,full_annotation_v1,A,q_침구_08,침구 사는 데,생활·마트 중 '침구'를 판매·제공하는 매장,test,침구,T4 구어·문장,b890b0bc-f593-4fae-a27f-e404488d3b7f,오롬하우스,침구,고투몰(강남터미널지하도상점가),일반지하상점가,서울특별시,,,
247ab2570eef1da26734,full_annotation_v1,A,q_침구_08,침구 사는 데,생활·마트 중 '침구'를 판매·제공하는 매장,test,침구,T4 구어·문장,1ba0ca44-c59b-4ad8-bad8-0e05114a803f,님프만서귀포대리점,침구,서귀포매일올레시장,전통시장,제주특별자치도,,,
dcc5091794011b794bb4,full_annotation_v1,A,q_침구_08,침구 사는 데,생활·마트 중 '침구'를 판매·제공하는 매장,test,침구,T4 구어·문장,02187a22-27d8-4fad-a650-42495bec004f,부흥상회,이불,용현시장,전통시장,인천광역시,,,
807063d6a3b5441ddcf9,full_annotation_v1,A,q_침구_08,침구 사는 데,생활·마트 중 '침구'를 판매·제공하는 매장,test,침구,T4 구어·문장,05291547-c22d-430e-95c2-e31bda19a90a,슈퍼타이 본점,세탁,월드시티상가 골목형상점가,골목형상점가,울산광역시,,,
812320c8bbf4e8567df1,full_annotation_v1,A,q_침구_08,침구 사는 데,생활·마트 중 '침구'를 판매·제공하는 매장,test,침구,T4 구어·문장,b5182eaa-0eab-4a05-8b53-cff69e548a3d,대창침구,침구,경주성동공설시장,전통시장,경상북도,,,
0ef711d2555f67a885bb,full_annotation_v1,A,q_침구_08,침구 사는 데,생활·마트 중 '침구'를 판매·제공하는 매장,test,침구,T4 구어·문장,23612f83-a2a6-495c-a1fc-f8aca9633bcd,아르페지오,침구,성정가구거리상점가,자율상권구역,충청남도,,,
11c0b58c20d62ea6edc7,full_annotation_v1,A,q_침구_08,침구 사는 데,생활·마트 중 '침구'를 판매·제공하는 매장,test,침구,T4 구어·문장,012f526e-9f74-4b7a-86ab-887e82649cba,나주커튼,커튼,나주목사고을시장,전통시장,,,,
3f3f8b077684daea0b36,full_annotation_v1,A,q_침구_08,침구 사는 데,생활·마트 중 '침구'를 판매·제공하는 매장,test,침구,T4 구어·문장,019c9868-92c6-4e25-b2ea-903f322c9acf,맡겨봐신발세탁,세탁,임동 골목형상점가,골목형상점가,광주광역시,,,
c02ba54fcd25d92519a7,full_annotation_v1,A,q_침구_08,침구 사는 데,생활·마트 중 '침구'를 판매·제공하는 매장,test,침구,T4 구어·문장,01c8223c-7693-4269-8de1-ef21d68577d4,신흥침구사,침구,중앙신시장,전통시장,경상북도,,,
85b952c27aa2e371cf6e,full_annotation_v1,A,q_침구_08,침구 사는 데,생활·마트 중 '침구'를 판매·제공하는 매장,test,침구,T4 구어·문장,a8ff2edd-5dc6-4d8f-a633-b9e292e305fa,보드란침구,침구 잡화,군산중앙로 골목형상점가,골목형상점가,전북특별자치도,,,
7bd51e63bb244bf8ee84,full_annotation_v1,A,q_침구_08,침구 사는 데,생활·마트 중 '침구'를 판매·제공하는 매장,test,침구,T4 구어·문장,bbf606d7-2846-46d0-a50a-15ec46bd4eb2,아이리스,침구,원주자유시장,전통시장,강원특별자치도,,,
85ea6d975b5cc7acda9b,full_annotation_v1,A,q_침구_08,침구 사는 데,생활·마트 중 '침구'를 판매·제공하는 매장,test,침구,T4 구어·문장,1ce7fce6-b899-41ec-85f4-cd65aa04226f,공주침구,침구,구서오시게시장,전통시장,부산광역시,,,
e6189e1f3ad09407f147,full_annotation_v1,A,q_침구_08,침구 사는 데,생활·마트 중 '침구'를 판매·제공하는 매장,test,침구,T4 구어·문장,510e66f5-4114-44f6-9e6c-92c933ecf868,아이시스,침구,서문시장 제1지구1층(직물시장),전통시장,대구광역시,,,
450394d4b5a9fafc68e7,full_annotation_v1,A,q_침구_08,침구 사는 데,생활·마트 중 '침구'를 판매·제공하는 매장,test,침구,T4 구어·문장,7adf6073-7363-453a-84ef-15e76d5cf0e3,이브자리,침구,진주 중앙상점가,자율상권구역,경상남도,,,
2f848ba7cc1d519cbad1,full_annotation_v1,A,q_침구_08,침구 사는 데,생활·마트 중 '침구'를 판매·제공하는 매장,test,침구,T4 구어·문장,3220ecbc-c954-43f8-864f-d8a8b8c65378,신혼침구,침구,신금정시장 골목형 상점가,골목형상점가,부산광역시,,,
13ce67f9c766611cccb7,full_annotation_v1,A,q_침구_08,침구 사는 데,생활·마트 중 '침구'를 판매·제공하는 매장,test,침구,T4 구어·문장,a23beef5-4e7a-4740-a9aa-4c113ed64b3f,이브자리,침구,완산상점가,자율상권구역,경상북도,,,
5a21c3d1a8b05a67fc9b,full_annotation_v1,A,q_침구_08,침구 사는 데,생활·마트 중 '침구'를 판매·제공하는 매장,test,침구,T4 구어·문장,52475ece-386d-439a-a811-67d64a7bbdc1,대원침구,침구,길동복조리시장,전통시장,서울특별시,,,
8135acfb6b4c01254da0,full_annotation_v1,A,q_침구_08,침구 사는 데,생활·마트 중 '침구'를 판매·제공하는 매장,test,침구,T4 구어·문장,f5a1d060-2d2d-42c0-9527-3c97c34fae8a,보보침구,침구,㈜르네시떼,전통시장,부산광역시,,,
cd7cdd70a4deecf28146,full_annotation_v1,A,q_침구_08,침구 사는 데,생활·마트 중 '침구'를 판매·제공하는 매장,test,침구,T4 구어·문장,8d155d58-62e4-43b0-a6da-7080f9063a0b,한일사,침구,새길시장,전통시장,대구광역시,,,
937c65e82ccf43fe112f,full_annotation_v1,A,q_침구_08,침구 사는 데,생활·마트 중 '침구'를 판매·제공하는 매장,test,침구,T4 구어·문장,0a7829cd-024f-4ed3-9746-18a16cc96c4e,왕관상사,침구,자양15번가골목형상점가,골목형상점가,서울특별시,,,
3cd90b9087aedad0e88e,full_annotation_v1,A,q_침구_08,침구 사는 데,생활·마트 중 '침구'를 판매·제공하는 매장,test,침구,T4 구어·문장,25327a13-0917-4bf5-aa19-9f6a3716d595,진경순꼬마김밥,분식,부산대자율상권구역,기타,부산광역시,,,
5251299d3d2b41a6ddce,full_annotation_v1,A,q_침구_08,침구 사는 데,생활·마트 중 '침구'를 판매·제공하는 매장,test,침구,T4 구어·문장,0839e229-cd53-4c9c-b6cd-b22693856b0f,아르페지오,침구,진주 중앙시장,전통시장,경상남도,,,
9a6784de3f906b326928,full_annotation_v1,A,q_침구_08,침구 사는 데,생활·마트 중 '침구'를 판매·제공하는 매장,test,침구,T4 구어·문장,ac3a229e-1705-48fb-ac87-18f1a3c4014e,이브자리,침구,진주 중앙시장,전통시장,경상남도,,,
cfc6e1747781eeccb40e,full_annotation_v1,A,q_침구_08,침구 사는 데,생활·마트 중 '침구'를 판매·제공하는 매장,test,침구,T4 구어·문장,4cb6a0c6-3a11-4894-ac4d-b3ceda71d113,자이침구,침구,신봉동 온누리 골목형상점가,골목형상점가,경기도,,,
80a28423007605a24e56,full_annotation_v1,A,q_침구_08,침구 사는 데,생활·마트 중 '침구'를 판매·제공하는 매장,test,침구,T4 구어·문장,4ce4642b-c58e-491a-be5e-2e2eff885047,샤프란 침구,침구,두류1번가,일반지하상점가,대구광역시,,,
f81e125000f155eddca0,full_annotation_v1,A,q_침구_08,침구 사는 데,생활·마트 중 '침구'를 판매·제공하는 매장,test,침구,T4 구어·문장,c3f14ae2-7b98-4e2a-a1ed-fb6d2c936ce0,이브자리,침구,문흥동 골목형상점가,골목형상점가,광주광역시,,,
b90a6d4bc8d70c8e9b17,full_annotation_v1,A,q_침구_08,침구 사는 데,생활·마트 중 '침구'를 판매·제공하는 매장,test,침구,T4 구어·문장,7615a09b-cb61-48d4-b3f1-8c4071d2624b,성일상회,수산물,중앙선어시장,전통시장,전라남도,,,
e92eee939eef115d5a63,full_annotation_v1,A,q_침구_08,침구 사는 데,생활·마트 중 '침구'를 판매·제공하는 매장,test,침구,T4 구어·문장,ae44497a-78e5-4beb-a8d7-1ec3cf284828,영광침구,침구,광장시장,전통시장,서울특별시,,,
b3eca2e32f352352fbdf,full_annotation_v1,A,q_침구_08,침구 사는 데,생활·마트 중 '침구'를 판매·제공하는 매장,test,침구,T4 구어·문장,00f84355-823b-4c23-bb49-e842bf41a1a3,금호커텐,커튼,양동복개상가,전통시장,,,,
59d7d02f0bed089dc1e4,full_annotation_v1,A,q_침구_08,침구 사는 데,생활·마트 중 '침구'를 판매·제공하는 매장,test,침구,T4 구어·문장,969bc1f1-4c67-4ca1-a688-d5ab022822bc,세사리빙,침구,영주소백쇼핑몰,전통시장,경상북도,,,
79de32da5a85915d14ba,full_annotation_v1,A,q_침구_08,침구 사는 데,생활·마트 중 '침구'를 판매·제공하는 매장,test,침구,T4 구어·문장,020914cd-8086-4fad-ab39-bbae265d6a60,양진이불,침구,경주성동공설시장,전통시장,경상북도,,,
3df55dc13a53c83ce674,full_annotation_v1,A,q_침구_08,침구 사는 데,생활·마트 중 '침구'를 판매·제공하는 매장,test,침구,T4 구어·문장,43eae82c-423a-4568-8f7d-d4b7659aa8f5,루꼬베르,침구,역전지하상가,일반지하상점가,대전광역시,,,
67c42a2a10eb6cfde719,full_annotation_v1,A,q_침구_08,침구 사는 데,생활·마트 중 '침구'를 판매·제공하는 매장,test,침구,T4 구어·문장,940fd7a3-caac-4ca5-bd04-9e4f3a731453,해피론이불,침구,서부시장(서부재래시장),전통시장,충청남도,,,
2a3ae9455dac86a832f4,full_annotation_v1,A,q_침구_08,침구 사는 데,생활·마트 중 '침구'를 판매·제공하는 매장,test,침구,T4 구어·문장,e9bd6316-cd5f-40f3-9be0-4014e059c98c,고성이불,침구,부산진시장,전통시장,부산광역시,,,
4538124a150186bc106f,full_annotation_v1,A,q_침구_08,침구 사는 데,생활·마트 중 '침구'를 판매·제공하는 매장,test,침구,T4 구어·문장,d44697a7-42c1-461a-a7a0-982b41d9d139,메르시,의류,부산평화시장,전통시장,부산광역시,,,
26a297a5f6fcdd0e5217,full_annotation_v1,A,q_침구_08,침구 사는 데,생활·마트 중 '침구'를 판매·제공하는 매장,test,침구,T4 구어·문장,3ff949cf-7d87-4a1d-8048-1f8315cc2468,태양수산,수산물(생선),망미중앙시장,전통시장,부산광역시,,,
ccb165bbae3433b84583,full_annotation_v1,A,q_침구_08,침구 사는 데,생활·마트 중 '침구'를 판매·제공하는 매장,test,침구,T4 구어·문장,27ffa690-fb99-4739-a1ac-bacc9b04c530,영동침구,침구,광장시장,전통시장,서울특별시,,,
75f6b9718320ea63a724,full_annotation_v1,A,q_침구_08,침구 사는 데,생활·마트 중 '침구'를 판매·제공하는 매장,test,침구,T4 구어·문장,114392db-a26e-4759-bd57-ef1ef1020da6,우먼로드,침구,구룡포시장,전통시장,경상북도,,,
b1563dad0d67a21dd3ba,full_annotation_v1,A,q_침구_08,침구 사는 데,생활·마트 중 '침구'를 판매·제공하는 매장,test,침구,T4 구어·문장,aa508e42-7dbe-46ca-b9f0-3a517627e35b,부산상회,침구,서산동부전통시장,전통시장,충청남도,,,
7d4171b381b0f19db53d,full_annotation_v1,A,q_침구_09,침구추천,생활·마트 중 '침구'를 판매·제공하는 매장,test,침구,T6 기계변형,6c0eacee-745a-4ff0-8dfa-5c464854e301,행복황토침구,침구,양동복개상가,전통시장,,,,
c86a464c03df9418ea34,full_annotation_v1,A,q_침구_09,침구추천,생활·마트 중 '침구'를 판매·제공하는 매장,test,침구,T6 기계변형,b786f7f5-2039-4a1f-b9f1-7677dc8a5510,보드란침구,침구류,석교동 이웃마루 골목형상점가,골목형상점가,대전광역시,,,
546aea459f00008e81c8,full_annotation_v1,A,q_침구_09,침구추천,생활·마트 중 '침구'를 판매·제공하는 매장,test,침구,T6 기계변형,02187a22-27d8-4fad-a650-42495bec004f,부흥상회,이불,용현시장,전통시장,인천광역시,,,
538570343aff4d6fd628,full_annotation_v1,A,q_침구_09,침구추천,생활·마트 중 '침구'를 판매·제공하는 매장,test,침구,T6 기계변형,6e0278b6-3f40-4293-bf54-6d1f47394982,주원,침구,광장시장,전통시장,서울특별시,,,
4a3f247700106de569a8,full_annotation_v1,A,q_침구_09,침구추천,생활·마트 중 '침구'를 판매·제공하는 매장,test,침구,T6 기계변형,5a8e890a-d2c8-45f6-bd05-07a650b46c6c,명품경매나라,가방귀금속,대구패션주얼리특구,자율상권구역,대구광역시,,,
5c3e5689be05866992d8,full_annotation_v1,A,q_침구_09,침구추천,생활·마트 중 '침구'를 판매·제공하는 매장,test,침구,T6 기계변형,020bee4a-baa0-4c84-a1d2-1ffe5e745eb7,유영주단,"이불, 한복",대가야 자율상권구역,,경상북도,,,
1897cdbeb7e5acafdfb2,full_annotation_v1,A,q_침구_09,침구추천,생활·마트 중 '침구'를 판매·제공하는 매장,test,침구,T6 기계변형,232416f5-020f-4bc3-bd6f-da0113525b39,새시장참기름,"참기름, 고추가루",야사문화골목형상점가,골목형상점가,경상북도,,,
85dd0caea35f1c51e1ba,full_annotation_v1,A,q_침구_09,침구추천,생활·마트 중 '침구'를 판매·제공하는 매장,test,침구,T6 기계변형,01022b54-7fac-43ff-8e1e-8e0c95d34ac6,아이편한♥소리잠매트,침구 등,성남프라자,전통시장,울산광역시,,,
e9e85a0a82fb6bfe4e5b,full_annotation_v1,A,q_침구_09,침구추천,생활·마트 중 '침구'를 판매·제공하는 매장,test,침구,T6 기계변형,ee5fc899-b6e1-4ed5-b249-18b79ca96b6c,시장식품,야채소매,거창 가조상점가거리,골목형상점가,경상남도,,,
b0270fb3a0261aa51324,full_annotation_v1,A,q_침구_09,침구추천,생활·마트 중 '침구'를 판매·제공하는 매장,test,침구,T6 기계변형,9c344717-bc28-4456-b48a-dd4e5d869df4,니블,침구,북촌계동길골목형상점가,골목형상점가,서울특별시,,,
3933ce5f8ed60ae42b5b,full_annotation_v1,A,q_침구_09,침구추천,생활·마트 중 '침구'를 판매·제공하는 매장,test,침구,T6 기계변형,77743384-2bf3-40d8-9f45-91701407937d,순안침구,침구류,자유도매시장,전통시장,대전광역시,,,
59c2ed0968a06794bd24,full_annotation_v1,A,q_침구_09,침구추천,생활·마트 중 '침구'를 판매·제공하는 매장,test,침구,T6 기계변형,01fa75f4-4cdb-4d62-931a-2b130cdef613,에띠앙이불집,이불,익산장(구 북부장),전통시장,전북특별자치도,,,
4b59bceaff74548d274c,full_annotation_v1,A,q_침구_09,침구추천,생활·마트 중 '침구'를 판매·제공하는 매장,test,침구,T6 기계변형,7d118582-8ccc-47b1-8314-f79bfbed294b,종합침구,침구류,초량전통시장,전통시장,부산광역시,,,
4ae3e337ab516fa47068,full_annotation_v1,A,q_침구_09,침구추천,생활·마트 중 '침구'를 판매·제공하는 매장,test,침구,T6 기계변형,0168e10e-c168-404c-83b2-0d1fd89d65e6,루디아,혼수 커튼,양동복개상가,전통시장,,,,
6833ab722c616eb6660f,full_annotation_v1,A,q_침구_09,침구추천,생활·마트 중 '침구'를 판매·제공하는 매장,test,침구,T6 기계변형,b574317c-4a13-4a6c-9927-7cd3fb6e22ee,두레침구,침구,"온양온천시장(온양재래시장, 전통시장)",전통시장,충청남도,,,
fda053a1f5260ce222b5,full_annotation_v1,A,q_침구_09,침구추천,생활·마트 중 '침구'를 판매·제공하는 매장,test,침구,T6 기계변형,00f84355-823b-4c23-bb49-e842bf41a1a3,금호커텐,커튼,양동복개상가,전통시장,,,,
b6c059b387a8129aa3ee,full_annotation_v1,A,q_침구_09,침구추천,생활·마트 중 '침구'를 판매·제공하는 매장,test,침구,T6 기계변형,124d5d0a-4fe8-438e-a79f-e68d9a91cc03,선경침구,침구,용인중앙시장,전통시장,경기도,,,
b1fe15b63065426a29ff,full_annotation_v1,A,q_침구_09,침구추천,생활·마트 중 '침구'를 판매·제공하는 매장,test,침구,T6 기계변형,4ce4642b-c58e-491a-be5e-2e2eff885047,샤프란 침구,침구,두류1번가,일반지하상점가,대구광역시,,,
35e3ed9809efea7f27be,full_annotation_v1,A,q_침구_09,침구추천,생활·마트 중 '침구'를 판매·제공하는 매장,test,침구,T6 기계변형,ad15bd55-aac6-415d-96d5-7648d641116c,소망침구,침구류,고흥전통시장,전통시장,전라남도,,,
1dbeb6591993ab3ed8c9,full_annotation_v1,A,q_침구_09,침구추천,생활·마트 중 '침구'를 판매·제공하는 매장,test,침구,T6 기계변형,00083664-fb4e-4e3b-bb0a-d9a0a1e8f87f,롯데세탁소,,와룡로 골목형상점가,골목형상점가,전북특별자치도,,,
94dc7a6e28b4b53957a9,full_annotation_v1,A,q_침구_09,침구추천,생활·마트 중 '침구'를 판매·제공하는 매장,test,침구,T6 기계변형,3159f40c-deb1-4e67-bf10-1603aa23243f,크리에이티브로스터스,카페,평촌1번가 상점가,자율상권구역,경기도,,,
dc2ea998e931132aeb94,full_annotation_v1,A,q_침구_09,침구추천,생활·마트 중 '침구'를 판매·제공하는 매장,test,침구,T6 기계변형,a6f687e3-6ebc-4a7a-9ff9-58c575088ad5,대동침구,침구,수원영동시장,전통시장,경기도,,,
1bd4f8a68a1d477a9787,full_annotation_v1,A,q_침구_09,침구추천,생활·마트 중 '침구'를 판매·제공하는 매장,test,침구,T6 기계변형,62c8db12-0955-4f9b-b6a2-45fd42271e29,침구백화점,침구,괴산시장,전통시장,충청북도,,,
9dd2191fb51c6d6b263d,full_annotation_v1,A,q_침구_09,침구추천,생활·마트 중 '침구'를 판매·제공하는 매장,test,침구,T6 기계변형,0a7829cd-024f-4ed3-9746-18a16cc96c4e,왕관상사,침구,자양15번가골목형상점가,골목형상점가,서울특별시,,,
95dfc0a5fcf8f1f75dd2,full_annotation_v1,A,q_침구_09,침구추천,생활·마트 중 '침구'를 판매·제공하는 매장,test,침구,T6 기계변형,57aad33c-d6bf-4649-9410-afb56e3bb0e3,인드림,침구,영선신시장,전통시장,대구광역시,,,
d9c14735f603308ecd0b,full_annotation_v1,A,q_침구_09,침구추천,생활·마트 중 '침구'를 판매·제공하는 매장,test,침구,T6 기계변형,cba3a28a-292f-4d48-9640-522d945928f2,내고향막창,막창,안동시 대안로 골목형상점가,골목형상점가,경상북도,,,
73e2a60f8d6ee75e71d9,full_annotation_v1,A,q_침구_09,침구추천,생활·마트 중 '침구'를 판매·제공하는 매장,test,침구,T6 기계변형,019c9868-92c6-4e25-b2ea-903f322c9acf,맡겨봐신발세탁,세탁,임동 골목형상점가,골목형상점가,광주광역시,,,
c1ba399f831d785be114,full_annotation_v1,A,q_침구_09,침구추천,생활·마트 중 '침구'를 판매·제공하는 매장,test,침구,T6 기계변형,5dcb7c97-70e3-4077-8b0d-adfe485bbeb0,백하,의류,아리랑거리,전통시장,부산광역시,,,
20acd7161cf763324b5d,full_annotation_v1,A,q_침구_09,침구추천,생활·마트 중 '침구'를 판매·제공하는 매장,test,침구,T6 기계변형,015d152e-ed78-4d55-a7c5-5c8fce6debf7,후평종합이불,"침구류, 수건",후평일단지시장,전통시장,강원특별자치도,,,
82bbce12d14083d4aa31,full_annotation_v1,A,q_침구_09,침구추천,생활·마트 중 '침구'를 판매·제공하는 매장,test,침구,T6 기계변형,e8fdca91-aa77-4536-acbe-2e98cc4577fe,빛나 해물,해산물,복이있는덕포시장,전통시장,부산광역시,,,
ad172a4671f1a2012cdf,full_annotation_v1,A,q_침구_09,침구추천,생활·마트 중 '침구'를 판매·제공하는 매장,test,침구,T6 기계변형,5199b659-3eb8-4e20-974a-7d3cd73135d3,예강 침구,침구류,동원전통종합시장,전통시장,서울특별시,,,
8cfb1cef6706e217f8b8,full_annotation_v1,A,q_침구_09,침구추천,생활·마트 중 '침구'를 판매·제공하는 매장,test,침구,T6 기계변형,c3cb5733-571e-44d0-b783-3c6625f1ca61,대왕침구,침구,신도봉시장,전통시장,서울특별시,,,
127c39735bad59ab978c,full_annotation_v1,A,q_침구_09,침구추천,생활·마트 중 '침구'를 판매·제공하는 매장,test,침구,T6 기계변형,020246a6-0250-41f7-93e8-4b7cbdd9f5e2,덕광상회,이불,금산금빛시장(금산시장),전통시장,충청남도,,,
3198035f9e486e178fc1,full_annotation_v1,A,q_침구_09,침구추천,생활·마트 중 '침구'를 판매·제공하는 매장,test,침구,T6 기계변형,6b978c94-cdc0-4212-8524-571079962642,영풍침구,침구,진주 중앙시장,전통시장,경상남도,,,
01eba0633abfb9cab8b7,full_annotation_v1,A,q_침구_09,침구추천,생활·마트 중 '침구'를 판매·제공하는 매장,test,침구,T6 기계변형,27ffa690-fb99-4739-a1ac-bacc9b04c530,영동침구,침구,광장시장,전통시장,서울특별시,,,
d4f2e1872c399ab0ddce,full_annotation_v1,A,q_침구_09,침구추천,생활·마트 중 '침구'를 판매·제공하는 매장,test,침구,T6 기계변형,0056f4f0-208d-4d7c-996c-9e6526fea6cf,한일침구,침구,목포원도심상점가,자율상권구역,전라남도,,,
b23b889b309875f44bbc,full_annotation_v1,A,q_침구_09,침구추천,생활·마트 중 '침구'를 판매·제공하는 매장,test,침구,T6 기계변형,012f526e-9f74-4b7a-86ab-887e82649cba,나주커튼,커튼,나주목사고을시장,전통시장,,,,
2f98863ffe50d9be31da,full_annotation_v1,A,q_침구_09,침구추천,생활·마트 중 '침구'를 판매·제공하는 매장,test,침구,T6 기계변형,0214317c-c9f8-4af4-8b93-7d7d52ee1acb,창과방,커튼,남대문시장,전통시장,서울특별시,,,
f78ed62712d15e4949d4,full_annotation_v1,A,q_침구_09,침구추천,생활·마트 중 '침구'를 판매·제공하는 매장,test,침구,T6 기계변형,05291547-c22d-430e-95c2-e31bda19a90a,슈퍼타이 본점,세탁,월드시티상가 골목형상점가,골목형상점가,울산광역시,,,
33bc18a9f1aee8880eec,full_annotation_v1,A,q_침구_09,침구추천,생활·마트 중 '침구'를 판매·제공하는 매장,test,침구,T6 기계변형,1a95ac0b-f903-419e-9b4f-2aa2594ae8a0,이브방,침구,공주산성시장,전통시장,충청남도,,,
c0dd0ed1da5eb72dcc17,full_annotation_v1,A,q_침구_09,침구추천,생활·마트 중 '침구'를 판매·제공하는 매장,test,침구,T6 기계변형,02149791-6e33-4077-a92d-4f7756bbaa40,잉꼬이불,이불,센트럴프라자,골목형상점가,울산광역시,,,
8d099f552ace61e21448,full_annotation_v1,A,q_침구_09,침구추천,생활·마트 중 '침구'를 판매·제공하는 매장,test,침구,T6 기계변형,6e524b62-7a38-4ee8-8c16-3d6e19d6c0a1,베틀즈,침구,부산진시장,전통시장,부산광역시,,,
906a5a730f264b93bdc1,full_annotation_v1,A,q_침구_09,침구추천,생활·마트 중 '침구'를 판매·제공하는 매장,test,침구,T6 기계변형,7d354b0f-9786-405c-bb97-2afa4ad3295a,고흥침구,침구류,동대문종합시장,전통시장,서울특별시,,,
41708b2d9a6a2cc4c450,full_annotation_v1,A,q_침구_09,침구추천,생활·마트 중 '침구'를 판매·제공하는 매장,test,침구,T6 기계변형,0a0e9849-2d79-4383-967e-f44629e1cd00,갈불놀이,고기,대명여울빛거리시장,전통시장,서울특별시,,,
3bdb4cc0501fca4a04b6,full_annotation_v1,A,q_침구_09,침구추천,생활·마트 중 '침구'를 판매·제공하는 매장,test,침구,T6 기계변형,3a29a3a7-18fd-4666-99b1-68f7caee7849,새별침구,침구,서문공설시장,전통시장,제주특별자치도,,,
58e032dd667f7b1971d3,full_annotation_v1,A,q_침구_09,침구추천,생활·마트 중 '침구'를 판매·제공하는 매장,test,침구,T6 기계변형,009cda97-be64-4deb-8311-f6e42d4eca25,갤러리커튼,커튼블라인드침구,홀릭스,골목형상점가,광주광역시,,,
520962d43c389d4dd26a,full_annotation_v1,A,q_침구_09,침구추천,생활·마트 중 '침구'를 판매·제공하는 매장,test,침구,T6 기계변형,6a3fee36-545a-4da8-a71d-fb2995040803,침구나라,침구,영등포제일상가,자율상권구역,서울특별시,,,
0e62aac2044d100681b1,full_annotation_v1,A,q_침구_09,침구추천,생활·마트 중 '침구'를 판매·제공하는 매장,test,침구,T6 기계변형,00831337-1223-4dcf-9c42-67ca874b1ef6,무지개,침구류,부산진시장,전통시장,부산광역시,,,
ac42b4ac98113e4ddb29,full_annotation_v1,A,q_침구_09,침구추천,생활·마트 중 '침구'를 판매·제공하는 매장,test,침구,T6 기계변형,033fc658-a256-42a6-8ebf-24763bc43ba1,신광컴퓨터세탁소,세탁소,대야 골목형상점가,골목형상점가,전북특별자치도,,,
95908bb342185260bbeb,full_annotation_v1,A,q_침구_09,침구추천,생활·마트 중 '침구'를 판매·제공하는 매장,test,침구,T6 기계변형,020914cd-8086-4fad-ab39-bbae265d6a60,양진이불,침구,경주성동공설시장,전통시장,경상북도,,,
6886d45e127244254335,full_annotation_v1,A,q_침구_09,침구추천,생활·마트 중 '침구'를 판매·제공하는 매장,test,침구,T6 기계변형,2a888309-1059-494f-8855-d8a26b40a0ab,한촌설렁탕 양평용문점,한식,용문천년시장,전통시장,경기도,,,
83ecf3d8da453da64cfa,full_annotation_v1,A,q_침구_09,침구추천,생활·마트 중 '침구'를 판매·제공하는 매장,test,침구,T6 기계변형,01de114b-b852-4451-bf02-e87d19da999b,유메이트,소매업(이불),안양중앙인정시장,전통시장,경기도,,,
33c14fd07ef6dccacdf0,full_annotation_v1,A,q_침구_09,침구추천,생활·마트 중 '침구'를 판매·제공하는 매장,test,침구,T6 기계변형,a13342f8-c8e1-4403-8ef2-35578bcc6781,대선침구,침구,김제전통시장,전통시장,전북특별자치도,,,
dd857651807a385daa18,full_annotation_v1,A,q_침구_09,침구추천,생활·마트 중 '침구'를 판매·제공하는 매장,test,침구,T6 기계변형,bd70b396-33c7-4075-a035-a2879ce7545d,엘르 침구,침구,중앙상가시장,전통시장,대전광역시,,,
447b46894d85b57b684e,full_annotation_v1,A,q_침구_09,침구추천,생활·마트 중 '침구'를 판매·제공하는 매장,test,침구,T6 기계변형,be9e14ff-432a-46a0-b756-cc9e85240f00,부영침구,침구,장성읍 골목형상점가,골목형상점가,전라남도,,,
dd5c55fe0eb55a416c74,full_annotation_v1,A,q_침구_09,침구추천,생활·마트 중 '침구'를 판매·제공하는 매장,test,침구,T6 기계변형,a515464c-c99a-41b0-acfb-92a047a73de1,일향,덮밥,부평 문화의거리,전통시장,인천광역시,,,
a59e6ceeb06b86b35a12,full_annotation_v1,A,q_침구_09,침구추천,생활·마트 중 '침구'를 판매·제공하는 매장,test,침구,T6 기계변형,00c164d0-76c7-4e7a-9676-ecfdbb052077,크린토피아신창점,세탁,신창수문 골목형상점가,골목형상점가,광주광역시,,,
b1d3337b98d1d5613e33,full_annotation_v1,A,q_침구_09,침구추천,생활·마트 중 '침구'를 판매·제공하는 매장,test,침구,T6 기계변형,9d4838d3-4e8f-4458-aa28-eaeea91189d4,엘르침구,침구,모아패션아울렛 골목형상점가,골목형상점가,경기도,,,
6c1519bbe7bf20abbc1a,full_annotation_v1,A,q_침구_09,침구추천,생활·마트 중 '침구'를 판매·제공하는 매장,test,침구,T6 기계변형,676ef9fb-0c07-4b3b-a9d0-1b63cb5571d6,그린침구,침구류,한빛프라자 골목형상점가,골목형상점가,대전광역시,,,
f1f0124c11263da80f84,full_annotation_v1,A,q_침구_09,침구추천,생활·마트 중 '침구'를 판매·제공하는 매장,test,침구,T6 기계변형,5d2b77f4-47b8-4b01-9e73-62fc102fd7c1,신창침구,침구류,진주 논개시장,전통시장,경상남도,,,
e80207dcd0d6aea61ab2,full_annotation_v1,A,q_침구_09,침구추천,생활·마트 중 '침구'를 판매·제공하는 매장,test,침구,T6 기계변형,67f5d98e-ef04-40f6-b715-a5a3312d1686,장미침구,침구,까치산시장,전통시장,서울특별시,,,
b2cb32f5bc69f975e963,full_annotation_v1,A,q_침구_09,침구추천,생활·마트 중 '침구'를 판매·제공하는 매장,test,침구,T6 기계변형,19b2bf20-9d77-4fe7-a977-98fee8494e37,경주침구,침구,부산진시장,전통시장,부산광역시,,,
c5eda0a7dfb5e6bb1dae,full_annotation_v1,A,q_침구_09,침구추천,생활·마트 중 '침구'를 판매·제공하는 매장,test,침구,T6 기계변형,4056bcf1-9875-482d-9400-241c8b215a58,더착한족발,족발,경산중앙상점가,자율상권구역,경상북도,,,
ca5e1f0c5b08690c2e3a,full_annotation_v1,A,q_침구_09,침구추천,생활·마트 중 '침구'를 판매·제공하는 매장,test,침구,T6 기계변형,118b486d-6231-4803-b5de-83e5c6880af5,은혜침구,침구류,원주자유시장,전통시장,강원특별자치도,,,
af09aa4c71e444f7aa00,full_annotation_v1,A,q_침구_09,침구추천,생활·마트 중 '침구'를 판매·제공하는 매장,test,침구,T6 기계변형,63c9da3f-2289-4408-9509-12d09c570304,이니스프리 매곡점,화장품,매곡동 골목형상점가,골목형상점가,광주광역시,,,
fac7640fb654a92a4d26,full_annotation_v1,A,q_침구_09,침구추천,생활·마트 중 '침구'를 판매·제공하는 매장,test,침구,T6 기계변형,6db8379d-89f0-4e0d-8e2e-17374653a160,부산침구,침구류,진주 동부시장,전통시장,경상남도,,,
e239ac9b9ffc5997e643,full_annotation_v1,A,q_침구_09,침구추천,생활·마트 중 '침구'를 판매·제공하는 매장,test,침구,T6 기계변형,f5a1d060-2d2d-42c0-9527-3c97c34fae8a,보보침구,침구,㈜르네시떼,전통시장,부산광역시,,,
bf72d52ff3462c0859ad,full_annotation_v1,A,q_침구_09,침구추천,생활·마트 중 '침구'를 판매·제공하는 매장,test,침구,T6 기계변형,3220ecbc-c954-43f8-864f-d8a8b8c65378,신혼침구,침구,신금정시장 골목형 상점가,골목형상점가,부산광역시,,,
c9afd9f3fa890310e496,full_annotation_v1,A,q_침구_09,침구추천,생활·마트 중 '침구'를 판매·제공하는 매장,test,침구,T6 기계변형,1ce7fce6-b899-41ec-85f4-cd65aa04226f,공주침구,침구,구서오시게시장,전통시장,부산광역시,,,
aa85b7d953ec059d65c0,full_annotation_v1,A,q_침구_09,침구추천,생활·마트 중 '침구'를 판매·제공하는 매장,test,침구,T6 기계변형,e92d6b9c-19cd-4bbe-97f8-6f1d5e4d469f,경성찹쌀꽈배기 권선점,꽈배기,수원아이파크시티8단지상가 골목형상점가,골목형상점가,경기도,,,
175723d399da85b996b4,full_annotation_v1,A,q_침구_09,침구추천,생활·마트 중 '침구'를 판매·제공하는 매장,test,침구,T6 기계변형,34eb58c4-7805-4adb-a68b-07bf9bdcad60,구로침구,침구,남구로시장,전통시장,서울특별시,,,
b41ac91ef87123a078d1,full_annotation_v1,A,q_침구_09,침구추천,생활·마트 중 '침구'를 판매·제공하는 매장,test,침구,T6 기계변형,61057e75-4b2e-460d-8dcd-edc88e1a48c6,앤웜,침구,지중해마을 골목형상점가,골목형상점가,충청남도,,,
66283c2dcd49ba19b3a3,full_annotation_v1,A,q_침구_09,침구추천,생활·마트 중 '침구'를 판매·제공하는 매장,test,침구,T6 기계변형,b5182eaa-0eab-4a05-8b53-cff69e548a3d,대창침구,침구,경주성동공설시장,전통시장,경상북도,,,
cfc24d117c4a7fd08fb3,full_annotation_v1,A,q_침구_09,침구추천,생활·마트 중 '침구'를 판매·제공하는 매장,test,침구,T6 기계변형,083fc3f4-8b60-4de0-92fa-71f579f4ff52,장미침구,침구류,인천모래내전통시장,전통시장,인천광역시,,,
686af0bcb011c7da610f,full_annotation_v1,A,q_침구_09,침구추천,생활·마트 중 '침구'를 판매·제공하는 매장,test,침구,T6 기계변형,4c50201f-b1c2-4ebb-a66e-1fdd9b3d5bc4,히얼이즈커피 명지국제신도시점,커피,명지국제 골목형상점가,골목형상점가,부산광역시,,,
d3f1b6e081164df8b368,full_annotation_v1,A,q_침구_09,침구추천,생활·마트 중 '침구'를 판매·제공하는 매장,test,침구,T6 기계변형,01c8223c-7693-4269-8de1-ef21d68577d4,신흥침구사,침구,중앙신시장,전통시장,경상북도,,,
2db7a22573e5af69bea7,full_annotation_v1,A,q_침구_09,침구추천,생활·마트 중 '침구'를 판매·제공하는 매장,test,침구,T6 기계변형,a81075f6-7751-44ad-b70a-b576ce24614e,본죽앤비빔밥광주수완점,밥 식사,희담길,골목형상점가,광주광역시,,,
6729528081bb0d113a3c,full_annotation_v1,A,q_침구_09,침구추천,생활·마트 중 '침구'를 판매·제공하는 매장,test,침구,T6 기계변형,6ecc6a56-0583-41a7-b3cf-0a680820c25b,고향면식점,분식,남문시장,전통시장,서울특별시,,,
51dd546e4e33fa15586b,full_annotation_v1,A,q_침구_10,침두,생활·마트 중 '침구'를 판매·제공하는 매장,test,침구,T6 기계변형,35b9e8da-b8a6-4851-baf6-2de676c05300,덕보만두,만두,신산격종합시장 골목형상점가,골목형상점가,대구광역시,,,
6d625fc94154b7e0e915,full_annotation_v1,A,q_침구_10,침두,생활·마트 중 '침구'를 판매·제공하는 매장,test,침구,T6 기계변형,00c164d0-76c7-4e7a-9676-ecfdbb052077,크린토피아신창점,세탁,신창수문 골목형상점가,골목형상점가,광주광역시,,,
d74b990f9520b6154715,full_annotation_v1,A,q_침구_10,침두,생활·마트 중 '침구'를 판매·제공하는 매장,test,침구,T6 기계변형,9c45ac41-323f-44cd-8901-7b4f9793b583,이석만두,만두,가수원상점가,자율상권구역,대전광역시,,,
cbe88f0e12c1755e2523,full_annotation_v1,A,q_침구_10,침두,생활·마트 중 '침구'를 판매·제공하는 매장,test,침구,T6 기계변형,015d152e-ed78-4d55-a7c5-5c8fce6debf7,후평종합이불,"침구류, 수건",후평일단지시장,전통시장,강원특별자치도,,,
1aa32ca0b831a844cca4,full_annotation_v1,A,q_침구_10,침두,생활·마트 중 '침구'를 판매·제공하는 매장,test,침구,T6 기계변형,3c3dc3b8-2838-4c77-aeda-6bd7b5882dc3,하까오손만두,만두,부사동 인삼거리 골목형상점가,골목형상점가,대전광역시,,,
ed875fa68f5da029ea77,full_annotation_v1,A,q_침구_10,침두,생활·마트 중 '침구'를 판매·제공하는 매장,test,침구,T6 기계변형,5726305e-0723-4eff-84a4-e6c3f120e980,미성당납작만두,만두,지범골목먹거리타운 골목형상점가,골목형상점가,대구광역시,,,
82db9d70198c9f2f51ce,full_annotation_v1,A,q_침구_10,침두,생활·마트 중 '침구'를 판매·제공하는 매장,test,침구,T6 기계변형,83d83af7-79c7-4dff-9df7-55e7277f48ec,엄마손납작만두,만두,칠성원시장,전통시장,대구광역시,,,
ef15156e7a8c6d23a909,full_annotation_v1,A,q_침구_10,침두,생활·마트 중 '침구'를 판매·제공하는 매장,test,침구,T6 기계변형,e9d4f18a-06b9-4673-8287-8e8017275a76,시장만두,한식,관고전통시장,전통시장,경기도,,,
dce0aeeb754f4a1f9f57,full_annotation_v1,A,q_침구_10,침두,생활·마트 중 '침구'를 판매·제공하는 매장,test,침구,T6 기계변형,020bee4a-baa0-4c84-a1d2-1ffe5e745eb7,유영주단,"이불, 한복",대가야 자율상권구역,,경상북도,,,
6af071ad9558e40521e0,full_annotation_v1,A,q_침구_10,침두,생활·마트 중 '침구'를 판매·제공하는 매장,test,침구,T6 기계변형,6e809521-be1a-46c2-8021-ea8f0d26d9b4,씨유 광주금호모아점,담배 음료 식품 잡화,금화로상인회 골목형상점가,골목형상점가,광주광역시,,,
27b944e61eda3f13fe99,full_annotation_v1,A,q_침구_10,침두,생활·마트 중 '침구'를 판매·제공하는 매장,test,침구,T6 기계변형,2613f2dc-65bb-4746-b383-dfba0ce85bae,옥연만두,만두,청주사창시장,전통시장,충청북도,,,
03d2b3d23ec0a8d6837f,full_annotation_v1,A,q_침구_10,침두,생활·마트 중 '침구'를 판매·제공하는 매장,test,침구,T6 기계변형,6a5a1b04-c6a7-40ce-901f-9f67fd3d76eb,배스킨라빈스 부산대역점,아이스크림,부산대자율상권구역,,부산광역시,,,
0416e2d147cd9dc06523,full_annotation_v1,A,q_침구_10,침두,생활·마트 중 '침구'를 판매·제공하는 매장,test,침구,T6 기계변형,824acad2-b074-4d9d-8519-3bfac266f639,별주부전,분식,수유전통시장(구 수유골목시장),전통시장,서울특별시,,,
b44562d427282cc101e8,full_annotation_v1,A,q_침구_10,침두,생활·마트 중 '침구'를 판매·제공하는 매장,test,침구,T6 기계변형,f12f1f14-4aff-4465-a716-65c90e4239a3,호연만두,만두,초량전통시장,전통시장,부산광역시,,,
17e0a485afd82844eeaf,full_annotation_v1,A,q_침구_10,침두,생활·마트 중 '침구'를 판매·제공하는 매장,test,침구,T6 기계변형,a7b36306-b9cd-4a7b-b0b3-044e82b90810,부흥만두,만두,천안중앙시장,전통시장,충청남도,,,
edb1628d0cb16f65a4e8,full_annotation_v1,A,q_침구_10,침두,생활·마트 중 '침구'를 판매·제공하는 매장,test,침구,T6 기계변형,28eb4b78-419c-4a99-b98c-ba2262f54933,포낙보청기속초센터,보청기,설악로데오거리상점가,자율상권구역,강원특별자치도,,,
09a8cf63506db657781c,full_annotation_v1,A,q_침구_10,침두,생활·마트 중 '침구'를 판매·제공하는 매장,test,침구,T6 기계변형,da266c31-c986-4db3-988f-f273c5e0d479,오복방앗간,떡,예천상설시장,전통시장,경상북도,,,
3af43003021a57179a4d,full_annotation_v1,A,q_침구_10,침두,생활·마트 중 '침구'를 판매·제공하는 매장,test,침구,T6 기계변형,6b3cdd01-9f25-4fa1-afa9-e898a562b503,르벨라네일 광주화정점,,화운로상인회 골목형상점가,골목형상점가,,,,
023952be9a47bf0d522c,full_annotation_v1,A,q_침구_10,침두,생활·마트 중 '침구'를 판매·제공하는 매장,test,침구,T6 기계변형,8d10d3b6-2dad-4572-8752-f523a8471dad,오빠만두,만두,양주옥정호수공원상점가,골목형상점가,경기도,,,
9bb85af074a828b22cf2,full_annotation_v1,A,q_침구_10,침두,생활·마트 중 '침구'를 판매·제공하는 매장,test,침구,T6 기계변형,00083664-fb4e-4e3b-bb0a-d9a0a1e8f87f,롯데세탁소,,와룡로 골목형상점가,골목형상점가,전북특별자치도,,,
f29bd7d6a8db5aed4188,full_annotation_v1,A,q_침구_10,침두,생활·마트 중 '침구'를 판매·제공하는 매장,test,침구,T6 기계변형,b68c105d-fd16-4a58-9349-89e8342795d9,화실만두,만두,원주자유시장,전통시장,강원특별자치도,,,
71fa12d9d29391f652d3,full_annotation_v1,A,q_침구_10,침두,생활·마트 중 '침구'를 판매·제공하는 매장,test,침구,T6 기계변형,01c8223c-7693-4269-8de1-ef21d68577d4,신흥침구사,침구,중앙신시장,전통시장,경상북도,,,
28f7d022fdfce0aabcd7,full_annotation_v1,A,q_침구_10,침두,생활·마트 중 '침구'를 판매·제공하는 매장,test,침구,T6 기계변형,0168e10e-c168-404c-83b2-0d1fd89d65e6,루디아,혼수 커튼,양동복개상가,전통시장,,,,
d11908c9d7fa3d3f9a27,full_annotation_v1,A,q_침구_10,침두,생활·마트 중 '침구'를 판매·제공하는 매장,test,침구,T6 기계변형,033fc658-a256-42a6-8ebf-24763bc43ba1,신광컴퓨터세탁소,세탁소,대야 골목형상점가,골목형상점가,전북특별자치도,,,
39dd7ff2b1a0da343f30,full_annotation_v1,A,q_침구_10,침두,생활·마트 중 '침구'를 판매·제공하는 매장,test,침구,T6 기계변형,5db2393c-54a9-4e60-99dc-a3f9fe8303a7,한끼만두,만두,신도봉시장,전통시장,서울특별시,,,
597e436462da89c20c1c,full_annotation_v1,A,q_침구_10,침두,생활·마트 중 '침구'를 판매·제공하는 매장,test,침구,T6 기계변형,8b895755-0ef5-4501-85d0-d380cbc91b5f,코코네키친,부대찌개,관저동 먹거리 골목형상점가,골목형상점가,대전광역시,,,
bd0f791bf67cd874e268,full_annotation_v1,A,q_침구_10,침두,생활·마트 중 '침구'를 판매·제공하는 매장,test,침구,T6 기계변형,019c9868-92c6-4e25-b2ea-903f322c9acf,맡겨봐신발세탁,세탁,임동 골목형상점가,골목형상점가,광주광역시,,,
9a07fc230e6e671b6aa8,full_annotation_v1,A,q_침구_10,침두,생활·마트 중 '침구'를 판매·제공하는 매장,test,침구,T6 기계변형,92e9e7a1-91a8-4453-868e-bb793ad20293,우리수산,냉동수산물,부산새벽시장,전통시장,부산광역시,,,
27795793af9e63459490,full_annotation_v1,A,q_침구_10,침두,생활·마트 중 '침구'를 판매·제공하는 매장,test,침구,T6 기계변형,2ebf8f15-6463-41f9-b78a-57aa113d8189,다다,미용재료,군분로꽁양상인회 골목형상점가,골목형상점가,광주광역시,,,
61a2ec759e477649903f,full_annotation_v1,A,q_침구_10,침두,생활·마트 중 '침구'를 판매·제공하는 매장,test,침구,T6 기계변형,e16260f5-7339-4832-a204-72d8d3611980,진미전통토굴새우젓,새우젓,광천전통시장,전통시장,충청남도,,,
86e0dd111802c073d405,full_annotation_v1,A,q_침구_10,침두,생활·마트 중 '침구'를 판매·제공하는 매장,test,침구,T6 기계변형,a25a10ae-d54b-4f84-91e3-587ac7bfcd39,모슬포에서,분식,모슬포 중앙시장,전통시장,제주특별자치도,,,
e4554f270bd7fb4b54b4,full_annotation_v1,A,q_침구_10,침두,생활·마트 중 '침구'를 판매·제공하는 매장,test,침구,T6 기계변형,94d2ec71-9ec2-4344-b354-83ed89e054d6,금용만두,만두,구포역세권상점가,자율상권구역,부산광역시,,,
27a30284a12c86cdb0d7,full_annotation_v1,A,q_침구_10,침두,생활·마트 중 '침구'를 판매·제공하는 매장,test,침구,T6 기계변형,020914cd-8086-4fad-ab39-bbae265d6a60,양진이불,침구,경주성동공설시장,전통시장,경상북도,,,
bc616d70a37aca58929f,full_annotation_v1,A,q_침구_10,침두,생활·마트 중 '침구'를 판매·제공하는 매장,test,침구,T6 기계변형,d1075d91-769e-48d8-ace0-b0081423b8b5,모아만두,만두,청주사창시장,전통시장,충청북도,,,
d6a2baf2e92d46aaf1f2,full_annotation_v1,A,q_침구_10,침두,생활·마트 중 '침구'를 판매·제공하는 매장,test,침구,T6 기계변형,01de114b-b852-4451-bf02-e87d19da999b,유메이트,소매업(이불),안양중앙인정시장,전통시장,경기도,,,
e971db32117ed45fa01f,full_annotation_v1,A,q_침구_10,침두,생활·마트 중 '침구'를 판매·제공하는 매장,test,침구,T6 기계변형,d483c4a5-fe54-4b04-b3bf-9e6ad2ffdd04,핸두,만두,효천로 골목형상점가,골목형상점가,광주광역시,,,
ee89e69f2e3b1b41c36c,full_annotation_v1,A,q_침구_10,침두,생활·마트 중 '침구'를 판매·제공하는 매장,test,침구,T6 기계변형,c635f3a4-6304-4497-93d4-033e872387ef,춘만두,한식,역삼동 골목형상점가,골목형상점가,서울특별시,,,
1d15cd5aa904bc35a70e,full_annotation_v1,A,q_침구_10,침두,생활·마트 중 '침구'를 판매·제공하는 매장,test,침구,T6 기계변형,2c385c7e-5a8b-4f70-b4b4-ef1f215b04ae,생생통만두,만두,계양산전통시장,전통시장,인천광역시,,,
777bebf58fae3058f0ce,full_annotation_v1,A,q_침구_10,침두,생활·마트 중 '침구'를 판매·제공하는 매장,test,침구,T6 기계변형,01022b54-7fac-43ff-8e1e-8e0c95d34ac6,아이편한♥소리잠매트,침구 등,성남프라자,전통시장,울산광역시,,,
37658dc48f8913832658,full_annotation_v1,A,q_침구_10,침두,생활·마트 중 '침구'를 판매·제공하는 매장,test,침구,T6 기계변형,06a2e1ce-3b99-4e0f-88de-bc4e31d9f439,짱만두,만두,행복상점가,자율상권구역,경상북도,,,
2f5d18631caf24d31b4d,full_annotation_v1,A,q_침구_10,침두,생활·마트 중 '침구'를 판매·제공하는 매장,test,침구,T6 기계변형,be81d247-2f6e-4668-9231-3123bfc315a7,임계만두,만두,동쪽바다중앙시장(구 동해중앙시장),전통시장,강원특별자치도,,,
2d2f9cd512fcd6da2e38,full_annotation_v1,A,q_침구_10,침두,생활·마트 중 '침구'를 판매·제공하는 매장,test,침구,T6 기계변형,64e5c998-9146-41c6-8bd6-8750f32ad3ca,영선만두,만두,칠성본시장,전통시장,대구광역시,,,
bff8039cf4d36014030a,full_annotation_v1,A,q_침구_10,침두,생활·마트 중 '침구'를 판매·제공하는 매장,test,침구,T6 기계변형,00f84355-823b-4c23-bb49-e842bf41a1a3,금호커텐,커튼,양동복개상가,전통시장,,,,
da6ef183077ae4f76796,full_annotation_v1,A,q_침구_10,침두,생활·마트 중 '침구'를 판매·제공하는 매장,test,침구,T6 기계변형,36bcd0fc-488c-46c9-9f29-e6e27fb0d464,김복남맥주 관저점,일반음식점,관저동 먹거리 골목형상점가,골목형상점가,대전광역시,,,
73e4a2589368a7c5f6e1,full_annotation_v1,A,q_침구_10,침두,생활·마트 중 '침구'를 판매·제공하는 매장,test,침구,T6 기계변형,415808ce-735f-47c0-a5e1-739be2ae8aed,옵서예만두,만두,연산골목시장상점가,자율상권구역,부산광역시,,,
ca12c253d8a59b67be01,full_annotation_v1,A,q_침구_10,침두,생활·마트 중 '침구'를 판매·제공하는 매장,test,침구,T6 기계변형,8d270d18-3a8a-418a-8ea6-eeef4deb63f3,무두,음식,보이저진월 골목형상점가,골목형상점가,광주광역시,,,
47b45f1be8e9ab5b7998,full_annotation_v1,A,q_침구_10,침두,생활·마트 중 '침구'를 판매·제공하는 매장,test,침구,T6 기계변형,00e34fb5-e7d3-43aa-b574-400ee31abae5,은혜만두,만두,북동 골목형상점가,골목형상점가,광주광역시,,,
6cb2b7e94bec103a6694,full_annotation_v1,A,q_침구_10,침두,생활·마트 중 '침구'를 판매·제공하는 매장,test,침구,T6 기계변형,02187a22-27d8-4fad-a650-42495bec004f,부흥상회,이불,용현시장,전통시장,인천광역시,,,
8af70a647c01db08fe39,full_annotation_v1,A,q_침구_10,침두,생활·마트 중 '침구'를 판매·제공하는 매장,test,침구,T6 기계변형,abcc7cbc-f5bd-4367-bc39-17dbc3212bda,진심만두,만두,대전정원시장,전통시장,대전광역시,,,
0b98ae9b436e9f2d93ef,full_annotation_v1,A,q_침구_10,침두,생활·마트 중 '침구'를 판매·제공하는 매장,test,침구,T6 기계변형,01fa75f4-4cdb-4d62-931a-2b130cdef613,에띠앙이불집,이불,익산장(구 북부장),전통시장,전북특별자치도,,,
975af93282245907719b,full_annotation_v1,A,q_침구_10,침두,생활·마트 중 '침구'를 판매·제공하는 매장,test,침구,T6 기계변형,be674521-7e1b-4b30-8ef8-2ca902b64fbc,본만두,만두,예석 골목형상점가,골목형상점가,충청남도,,,
800649d347709f41ad43,full_annotation_v1,A,q_침구_10,침두,생활·마트 중 '침구'를 판매·제공하는 매장,test,침구,T6 기계변형,62f5987d-d546-4824-9f06-56b37ff384c9,서울곱창 대연직영점,음식점,유엔남구 대학로 상권,,부산광역시,,,
9803d3a154ca2ceec33a,full_annotation_v1,A,q_침구_10,침두,생활·마트 중 '침구'를 판매·제공하는 매장,test,침구,T6 기계변형,9954bf0c-4bb6-43e4-97a7-10ca7dcd8524,통큰만두,만두,퐁당거리 골목형상점가,골목형상점가,전라남도,,,
0502a23ebe6b4d7c6a9a,full_annotation_v1,A,q_침구_10,침두,생활·마트 중 '침구'를 판매·제공하는 매장,test,침구,T6 기계변형,f489394a-a57d-48fc-bd75-cf310dc998f2,창민만두,만두,청구시장,전통시장,대구광역시,,,
fb2a2ff7f45a1fc11b63,full_annotation_v1,A,q_침구_10,침두,생활·마트 중 '침구'를 판매·제공하는 매장,test,침구,T6 기계변형,472ef84c-d521-4fd7-9e50-2c489d103e44,대박손만두,만두,청주육거리종합시장,전통시장,충청북도,,,
af7cbf4ad32418528388,full_annotation_v1,A,q_침구_10,침두,생활·마트 중 '침구'를 판매·제공하는 매장,test,침구,T6 기계변형,009cda97-be64-4deb-8311-f6e42d4eca25,갤러리커튼,커튼블라인드침구,홀릭스,골목형상점가,광주광역시,,,
a8aeb9412fff07f794a6,full_annotation_v1,A,q_침구_10,침두,생활·마트 중 '침구'를 판매·제공하는 매장,test,침구,T6 기계변형,3b91ec2a-2606-41d3-9120-a40662269044,호호만두,만두,신창수문 골목형상점가,골목형상점가,광주광역시,,,
f3ef6ad69256935f6809,full_annotation_v1,A,q_침구_10,침두,생활·마트 중 '침구'를 판매·제공하는 매장,test,침구,T6 기계변형,020246a6-0250-41f7-93e8-4b7cbdd9f5e2,덕광상회,이불,금산금빛시장(금산시장),전통시장,충청남도,,,
ea8ec6e48135657a583e,full_annotation_v1,A,q_침구_10,침두,생활·마트 중 '침구'를 판매·제공하는 매장,test,침구,T6 기계변형,05291547-c22d-430e-95c2-e31bda19a90a,슈퍼타이 본점,세탁,월드시티상가 골목형상점가,골목형상점가,울산광역시,,,
6c0c6987efb438584838,full_annotation_v1,A,q_침구_10,침두,생활·마트 중 '침구'를 판매·제공하는 매장,test,침구,T6 기계변형,1a3f8172-6cfa-48c1-934b-3724bd4cd50a,완두,의류,서문시장2지구 종합상가,전통시장,대구광역시,,,
9e626140715c01629530,full_annotation_v1,A,q_침구_10,침두,생활·마트 중 '침구'를 판매·제공하는 매장,test,침구,T6 기계변형,41f7e55d-ee69-431a-b571-6156eed34b3e,감자만두,만두,두호1시장,전통시장,경상북도,,,
a1c641ad2bda19942f55,full_annotation_v1,A,q_침구_10,침두,생활·마트 중 '침구'를 판매·제공하는 매장,test,침구,T6 기계변형,012f526e-9f74-4b7a-86ab-887e82649cba,나주커튼,커튼,나주목사고을시장,전통시장,,,,
894477bde53ea4fa3077,full_annotation_v1,A,q_침구_10,침두,생활·마트 중 '침구'를 판매·제공하는 매장,test,침구,T6 기계변형,01fa5939-6d15-4e37-868b-d7fbea6cb7f0,전국양곡할인판매장,양곡,반송큰시장,전통시장,부산광역시,,,
c24c73ce600bac83026d,full_annotation_v1,A,q_침구_10,침두,생활·마트 중 '침구'를 판매·제공하는 매장,test,침구,T6 기계변형,45225395-481d-48d0-aea9-2f6620231636,우리웰빙만두,만두,대구교동시장,전통시장,대구광역시,,,
b676565386eaa1302867,full_annotation_v1,A,q_침구_10,침두,생활·마트 중 '침구'를 판매·제공하는 매장,test,침구,T6 기계변형,9f32988e-c732-4b7b-a9b0-9c03a8ead883,화정만두,만두,화삼골상인회 골목형상점가,골목형상점가,광주광역시,,,
ddbbcc7e7a38f823dc2b,full_annotation_v1,A,q_침구_10,침두,생활·마트 중 '침구'를 판매·제공하는 매장,test,침구,T6 기계변형,00831337-1223-4dcf-9c42-67ca874b1ef6,무지개,침구류,부산진시장,전통시장,부산광역시,,,
18b0e85cdfe36a9faa8e,full_annotation_v1,A,q_침구_10,침두,생활·마트 중 '침구'를 판매·제공하는 매장,test,침구,T6 기계변형,c72865af-0ec7-488f-9e4e-68cdb0da8f1d,대궐곰만두,,홀릭스,골목형상점가,,,,
814bc7faf6945b39ae78,full_annotation_v1,A,q_침구_10,침두,생활·마트 중 '침구'를 판매·제공하는 매장,test,침구,T6 기계변형,12fcd347-ef90-4012-8d5a-0bf910f3c768,계룡신짬뽕,중식,엄사 골목형상점가,골목형상점가,충청남도,,,
3cfa05916453ec3ebcb2,full_annotation_v1,A,q_침구_10,침두,생활·마트 중 '침구'를 판매·제공하는 매장,test,침구,T6 기계변형,dc92b2eb-5979-4c3b-8d97-a2778cd127d4,삼촌만두,만두,영월종합상가,전통시장,강원특별자치도,,,
4adc97ce7ebcb7898f88,full_annotation_v1,A,q_침구_10,침두,생활·마트 중 '침구'를 판매·제공하는 매장,test,침구,T6 기계변형,0214317c-c9f8-4af4-8b93-7d7d52ee1acb,창과방,커튼,남대문시장,전통시장,서울특별시,,,
2da8eed21edf1b0dfb80,full_annotation_v1,A,q_침구_10,침두,생활·마트 중 '침구'를 판매·제공하는 매장,test,침구,T6 기계변형,b4704186-5a1b-4ecf-b444-9fc86c8e5b74,신영남만두,만두,칠성본시장,전통시장,대구광역시,,,
01bf9330317f42222983,full_annotation_v1,A,q_침구_10,침두,생활·마트 중 '침구'를 판매·제공하는 매장,test,침구,T6 기계변형,9e0359dd-9273-45e4-81f8-1a13e80d9006,모모만두,만두,화서시장,전통시장,경기도,,,
38c277ab4c1e2c935125,full_annotation_v1,A,q_침구_10,침두,생활·마트 중 '침구'를 판매·제공하는 매장,test,침구,T6 기계변형,02149791-6e33-4077-a92d-4f7756bbaa40,잉꼬이불,이불,센트럴프라자,골목형상점가,울산광역시,,,
4f63a4acc6e992169fc0,full_annotation_v1,A,q_침구_10,침두,생활·마트 중 '침구'를 판매·제공하는 매장,test,침구,T6 기계변형,00ac87c2-aed5-4a62-8b09-76cbea625145,내고향청보리한우직판장,소고기 돼지고기,마륵동상인회 골목형상점가,골목형상점가,광주광역시,,,
ab94a4540782d56d27bf,full_annotation_v1,A,q_침구_10,침두,생활·마트 중 '침구'를 판매·제공하는 매장,test,침구,T6 기계변형,d8fea2cf-2aab-4cd7-b933-ef6d2678f5f8,침향귀뜸봉,귀뜸봉,대사동 보문산 골목형상점가,골목형상점가,대전광역시,,,
06b79d9a001144ec8b0a,full_annotation_v1,A,q_침구_10,침두,생활·마트 중 '침구'를 판매·제공하는 매장,test,침구,T6 기계변형,0056f4f0-208d-4d7c-996c-9e6526fea6cf,한일침구,침구,목포원도심상점가,자율상권구역,전라남도,,,
a5ef4f2afc56c79666d4,full_annotation_v1,A,q_침구_10,침두,생활·마트 중 '침구'를 판매·제공하는 매장,test,침구,T6 기계변형,115c11cd-d133-4c97-bc3b-d2157395f565,할매육칼두,한식,지족동 골목형상점가,골목형상점가,대전광역시,,,
60bbdecfc9e38f8de124,full_annotation_v1,A,q_침구_10,침두,생활·마트 중 '침구'를 판매·제공하는 매장,test,침구,T6 기계변형,1b0032f6-1cc3-4466-ba1f-2fc85261315c,복만두,만두,도마큰시장,전통시장,대전광역시,,,
ab0449e6b0b5c74f71bc,full_annotation_v1,A,q_칼국수_01,국수,음식점 중 '칼국수'를 판매·제공하는 매장,test,칼국수,T1 정확표기,00baf772-7ca3-475a-a614-a5dc35286be7,시골막국수와 옹심이 충북혁신도시점,막국수,맹동혁신골목형상점가,골목형상점가,충청북도,,,
ab0b3d545555ff19e2ac,full_annotation_v1,A,q_칼국수_01,국수,음식점 중 '칼국수'를 판매·제공하는 매장,test,칼국수,T1 정확표기,00d50d90-8afb-448e-b0fa-401fedd78dcb,공산성국수,국수,공산성골목형상점가,골목형상점가,충청남도,,,
eab7643de1101b031e15,full_annotation_v1,A,q_칼국수_01,국수,음식점 중 '칼국수'를 판매·제공하는 매장,test,칼국수,T1 정확표기,b9c8dd46-3af9-4559-b1a8-3ce3cdbd3f0a,잔치국수,국수,동해남부재래시장,전통시장,강원특별자치도,,,
607b50d855127d07973d,full_annotation_v1,A,q_칼국수_01,국수,음식점 중 '칼국수'를 판매·제공하는 매장,test,칼국수,T1 정확표기,39d2075a-b00a-4d19-a8ca-221fa0322079,남도식당,국수,이중섭거리 명동로상가,골목형상점가,제주특별자치도,,,
6967c09369792f931db6,full_annotation_v1,A,q_칼국수_01,국수,음식점 중 '칼국수'를 판매·제공하는 매장,test,칼국수,T1 정확표기,369c00db-6623-40ee-befb-7365669c9672,우리국수,국수,진주 새서부시장,전통시장,경상남도,,,
bc66b07bc45cb68205a6,full_annotation_v1,A,q_칼국수_01,국수,음식점 중 '칼국수'를 판매·제공하는 매장,test,칼국수,T1 정확표기,0000a9c5-57f2-4719-9ec3-e5d864c7f008,새여울잔치국수,국수,용정 골목형상점가,골목형상점가,대전광역시,,,
f3c43deb472de2ec8cbf,full_annotation_v1,A,q_칼국수_01,국수,음식점 중 '칼국수'를 판매·제공하는 매장,test,칼국수,T1 정확표기,ef3fdba9-8886-4ab2-ba31-478d531881e9,오엔(ON)국수,국수,강원대학교후문골목형상점가,골목형상점가,강원특별자치도,,,
a6f6b5e17ec3a865f24a,full_annotation_v1,A,q_칼국수_01,국수,음식점 중 '칼국수'를 판매·제공하는 매장,test,칼국수,T1 정확표기,06f75744-2402-4294-b625-ea7e792558a0,시장국수,국수,김천평화시장,전통시장,경상북도,,,
8c87c917d43fb0c3f199,full_annotation_v1,A,q_칼국수_01,국수,음식점 중 '칼국수'를 판매·제공하는 매장,test,칼국수,T1 정확표기,d73effdc-aafc-46b9-b7d3-54597c782abb,만나국수,국수,조암시장,전통시장,경기도,,,
fef15f6f6b042df93c5d,full_annotation_v1,A,q_칼국수_01,국수,음식점 중 '칼국수'를 판매·제공하는 매장,test,칼국수,T1 정확표기,01e8f807-6020-486c-bd59-38a7035bc453,구례밀밭,국수,화엄상가(골목형상점가),골목형상점가,전라남도,,,
7e6ed5eec7764662b784,full_annotation_v1,A,q_칼국수_01,국수,음식점 중 '칼국수'를 판매·제공하는 매장,test,칼국수,T1 정확표기,bcc60ef3-7838-47fa-9437-111414384f94,그날..국수,국수,외대글로벌길 골목형상점가,골목형상점가,경기도,,,
9fb880fcaa863380a9d1,full_annotation_v1,A,q_칼국수_01,국수,음식점 중 '칼국수'를 판매·제공하는 매장,test,칼국수,T1 정확표기,f85f191a-9025-493a-b780-da021d722bca,왕한율,국수,충주무학시장,전통시장,충청북도,,,
206c9484d5e2a184ed61,full_annotation_v1,A,q_칼국수_01,국수,음식점 중 '칼국수'를 판매·제공하는 매장,test,칼국수,T1 정확표기,b58fbae4-374a-49c6-8732-12f9c802556a,산수유국수,국수,지리산나들이장터,전통시장,전라남도,,,
b17893147e3565acf706,full_annotation_v1,A,q_칼국수_01,국수,음식점 중 '칼국수'를 판매·제공하는 매장,test,칼국수,T1 정확표기,b0238905-4861-4ede-975e-788778c27467,진우네집 국수,국수,국수거리 골목형상점가,골목형상점가,전라남도,,,
04e6b428ca2fc2abe9b5,full_annotation_v1,A,q_칼국수_01,국수,음식점 중 '칼국수'를 판매·제공하는 매장,test,칼국수,T1 정확표기,026a0871-a49e-4bdc-b5b8-6aa08f84947a,유정이네 국수,국수,나성동 국세청 골목형상점가,골목형상점가,세종특별자치시,,,
8360af4976d0f8685d09,full_annotation_v1,A,q_칼국수_01,국수,음식점 중 '칼국수'를 판매·제공하는 매장,test,칼국수,T1 정확표기,77f78289-dd6a-4294-9d9d-dfcfca9c88d7,국수,한식,샛강두리골목형상점가,골목형상점가,서울특별시,,,
ae5421b77adf3d60d909,full_annotation_v1,A,q_칼국수_01,국수,음식점 중 '칼국수'를 판매·제공하는 매장,test,칼국수,T1 정확표기,a2b7010a-1e45-4e7f-87e8-a98261b97ae7,산골손두부해물칼국수,국수,으뜸골목형상점가,골목형상점가,강원특별자치도,,,
507c9967fe6ff83f9eea,full_annotation_v1,A,q_칼국수_01,국수,음식점 중 '칼국수'를 판매·제공하는 매장,test,칼국수,T1 정확표기,0182c177-fcc7-47b0-8e12-99eb221aff79,시장초장식당,"칼국수, 열무비빔밥, 국, 반찬",경주중앙시장,전통시장,경상북도,,,
20c84b19b0411e5dfcf7,full_annotation_v1,A,q_칼국수_01,국수,음식점 중 '칼국수'를 판매·제공하는 매장,test,칼국수,T1 정확표기,b62e34e7-4c91-4ca6-866b-bd4b7b451ba9,이모네국수,국수,신봉동 온누리 골목형상점가,골목형상점가,경기도,,,
bb7a1bd45b8022dc1ec9,full_annotation_v1,A,q_칼국수_01,국수,음식점 중 '칼국수'를 판매·제공하는 매장,test,칼국수,T1 정확표기,82b41c7a-8b5b-45f6-a65c-ad856bc09495,대동수예,침구류,중앙메가프라자,전통시장,대전광역시,,,
f7837999f9384b0ad8b4,full_annotation_v1,A,q_칼국수_01,국수,음식점 중 '칼국수'를 판매·제공하는 매장,test,칼국수,T1 정확표기,11ab319b-9ac6-41b7-a464-9f5ab218ca90,지우네반찬,,양산 덕계종합상설시장,전통시장,경상남도,,,
cada1804f567c5033841,full_annotation_v1,A,q_칼국수_01,국수,음식점 중 '칼국수'를 판매·제공하는 매장,test,칼국수,T1 정확표기,0cdea40b-df17-41f5-aad7-8d3cfefc0f89,수제비집,수제비,주막거리상점가,자율상권구역,경기도,,,
1b33f232ea78b6017b59,full_annotation_v1,A,q_칼국수_01,국수,음식점 중 '칼국수'를 판매·제공하는 매장,test,칼국수,T1 정확표기,12f375fa-d6ff-4a26-ac4a-7d81ee955c12,해해김밥*국수,김밥 국수,서천시장거리 골목형상점가,골목형상점가,충청남도,,,
7f2fb3ec1bc7b2766e99,full_annotation_v1,A,q_칼국수_01,국수,음식점 중 '칼국수'를 판매·제공하는 매장,test,칼국수,T1 정확표기,f35b7551-6858-42ac-9bc8-5cb043e836d4,권혁규손국수,국수,부평종합시장,전통시장,인천광역시,,,
772aac70932af5949ecf,full_annotation_v1,A,q_칼국수_01,국수,음식점 중 '칼국수'를 판매·제공하는 매장,test,칼국수,T1 정확표기,01a468d2-cf3e-4db1-826a-771917b2e910,제주일월국수,국수,관평동 골목형상점가,골목형상점가,대전광역시,,,
16f9f46604a114f0ce70,full_annotation_v1,A,q_칼국수_01,국수,음식점 중 '칼국수'를 판매·제공하는 매장,test,칼국수,T1 정확표기,2f3d0c2f-dbd9-4d48-aa2d-7ac54e054219,우암국수,국수,청주북부시장,전통시장,충청북도,,,
2c7b06fd846f0a563537,full_annotation_v1,A,q_칼국수_01,국수,음식점 중 '칼국수'를 판매·제공하는 매장,test,칼국수,T1 정확표기,43e91f9c-1f22-43da-8e26-3b6e409a0df2,동진,국수,동문시장㈜,전통시장,제주특별자치도,,,
3bca5eecce6bb4a4100f,full_annotation_v1,A,q_칼국수_01,국수,음식점 중 '칼국수'를 판매·제공하는 매장,test,칼국수,T1 정확표기,e49786df-877a-4c02-a0f5-24d983848cf4,장터식당,국수,경산공설시장,전통시장,경상북도,,,
70fbe5e3dab3efe32d0c,full_annotation_v1,A,q_칼국수_01,국수,음식점 중 '칼국수'를 판매·제공하는 매장,test,칼국수,T1 정확표기,c23275e4-6a03-4561-b11b-b33de58f670d,들안길,국수,칠성시장,전통시장,대구광역시,,,
3305c5d6f4d6cd5cff63,full_annotation_v1,A,q_칼국수_01,국수,음식점 중 '칼국수'를 판매·제공하는 매장,test,칼국수,T1 정확표기,f35548cc-ee1c-4d7f-a735-cccc40c334c8,충남상회,잡곡,원종종합시장,전통시장,경기도,,,
bd35c0e82e603d676848,full_annotation_v1,A,q_칼국수_01,국수,음식점 중 '칼국수'를 판매·제공하는 매장,test,칼국수,T1 정확표기,ed5693f4-03ca-41c7-844f-3ec47dcf7309,봉평메밀막국수,국수,상현2동 골목형상점가,골목형상점가,경기도,,,
48517b9483bc73fd5024,full_annotation_v1,A,q_칼국수_01,국수,음식점 중 '칼국수'를 판매·제공하는 매장,test,칼국수,T1 정확표기,375e02dc-0bcf-48e9-a1ee-407214a54f94,국수집,국수,조종시장,전통시장,경기도,,,
eb577a26c803735c059f,full_annotation_v1,A,q_칼국수_01,국수,음식점 중 '칼국수'를 판매·제공하는 매장,test,칼국수,T1 정확표기,8d574792-0279-44a2-a4b5-79b10a02b30a,삼청동멸치국수,국수,충장로45가 상점가,자율상권구역,광주광역시,,,
91cef3cd000bd4d90dc6,full_annotation_v1,A,q_칼국수_01,국수,음식점 중 '칼국수'를 판매·제공하는 매장,test,칼국수,T1 정확표기,8580b405-72f3-4a0a-a205-97557fa181aa,이모칼국수,국수,거제시장,전통시장,부산광역시,,,
544ffd4b8e71f76bc3af,full_annotation_v1,A,q_칼국수_01,국수,음식점 중 '칼국수'를 판매·제공하는 매장,test,칼국수,T1 정확표기,0d36cfdd-f8a4-41f1-a864-8a98a8a82fff,우리분식,수제비,포항죽도시장,전통시장,경상북도,,,
3b692aa98acf038ba5ed,full_annotation_v1,A,q_칼국수_01,국수,음식점 중 '칼국수'를 판매·제공하는 매장,test,칼국수,T1 정확표기,91637f11-7748-43b4-9b70-0586da2deb13,예산전통국수,국수,예산상설시장,전통시장,충청남도,,,
334516ce08cd2da43b2d,full_annotation_v1,A,q_칼국수_01,국수,음식점 중 '칼국수'를 판매·제공하는 매장,test,칼국수,T1 정확표기,3dedbbd0-c344-41f6-9219-1a07709d9c7d,낭만국시,국수,춘천중앙시장,전통시장,강원특별자치도,,,
c482dd46ee65bd0ffe8a,full_annotation_v1,A,q_칼국수_01,국수,음식점 중 '칼국수'를 판매·제공하는 매장,test,칼국수,T1 정확표기,6c995fa6-db9e-42ab-a0cd-6b5dbad58c3b,소회네 국수,분식,밀양 내일전통시장,전통시장,경상남도,,,
dfad644303a5e9385599,full_annotation_v1,A,q_칼국수_01,국수,음식점 중 '칼국수'를 판매·제공하는 매장,test,칼국수,T1 정확표기,0b26ec14-485f-4826-8e69-f2e2fd0ef91e,원조어탕,어탕수제비.칼국수,구미 금리단길 골목형상점가,골목형상점가,경상북도,,,
7c80a846d999499dd790,full_annotation_v1,A,q_칼국수_01,국수,음식점 중 '칼국수'를 판매·제공하는 매장,test,칼국수,T1 정확표기,2ed713f1-2bff-4afd-ac91-f80e5c08331f,국수집,국수,호계종합시장,전통시장,경기도,,,
5c0bb0ec29bd3817dd33,full_annotation_v1,A,q_칼국수_01,국수,음식점 중 '칼국수'를 판매·제공하는 매장,test,칼국수,T1 정확표기,c8a24ab8-6e8d-4a54-a023-9d33acb699fe,이정자국수,국수,외대글로벌길 골목형상점가,골목형상점가,경기도,,,
7d41a0a86dabdc010da2,full_annotation_v1,A,q_칼국수_01,국수,음식점 중 '칼국수'를 판매·제공하는 매장,test,칼국수,T1 정확표기,53c75cba-1039-4dfd-b88a-e316fc998187,오천원,한식 음식점,영선신시장,전통시장,대구광역시,,,
0df931aef05a6507ee48,full_annotation_v1,A,q_칼국수_01,국수,음식점 중 '칼국수'를 판매·제공하는 매장,test,칼국수,T1 정확표기,fb138867-9420-4295-a1ea-8846f4c00b03,국수소리,국수,세종대평시장,전통시장,세종특별자치시,,,
087f97ecd0e5558951fa,full_annotation_v1,A,q_칼국수_01,국수,음식점 중 '칼국수'를 판매·제공하는 매장,test,칼국수,T1 정확표기,01204ba5-bc3e-4a17-83cd-1dd9bee98d5e,규수방,국수,대전정원시장,전통시장,대전광역시,,,
b3f7d925dc3d6c5905a5,full_annotation_v1,A,q_칼국수_01,국수,음식점 중 '칼국수'를 판매·제공하는 매장,test,칼국수,T1 정확표기,4f06413d-8bd4-4e47-bf58-5a3e575c3866,소낭국수,국수,외도3 골목형상점가,골목형상점가,제주특별자치도,,,
70f88fdebf23b211b262,full_annotation_v1,A,q_칼국수_01,국수,음식점 중 '칼국수'를 판매·제공하는 매장,test,칼국수,T1 정확표기,a3c0f859-090a-404f-a3a5-e741ae368f89,사창국수,국수,청주사창시장,전통시장,충청북도,,,
44dded79f530efcf7a8e,full_annotation_v1,A,q_칼국수_01,국수,음식점 중 '칼국수'를 판매·제공하는 매장,test,칼국수,T1 정확표기,7c1e1c34-0112-4551-b545-c7be61b87efb,상동국수,국수,부천상동시장,전통시장,경기도,,,
111e4cc6e02cce49b46c,full_annotation_v1,A,q_칼국수_01,국수,음식점 중 '칼국수'를 판매·제공하는 매장,test,칼국수,T1 정확표기,2783796b-a2ef-4e20-a3b2-ca2560fc34fe,큰들국수,국수,진주 자유시장,전통시장,경상남도,,,
0fa26bc36aba6f3011ac,full_annotation_v1,A,q_칼국수_01,국수,음식점 중 '칼국수'를 판매·제공하는 매장,test,칼국수,T1 정확표기,afa8a01d-07e3-4265-b6dc-dc98070ff370,시장칼국수,국수,왜관시장,전통시장,경상북도,,,
72b54ab16509f82d5bcb,full_annotation_v1,A,q_칼국수_01,국수,음식점 중 '칼국수'를 판매·제공하는 매장,test,칼국수,T1 정확표기,9ba2d291-430b-44e0-b4a8-e3da38a38053,백록국수,국수,더센트럴 골목형상점가,골목형상점가,세종특별자치시,,,
02c2761b6feac68a3a84,full_annotation_v1,A,q_칼국수_01,국수,음식점 중 '칼국수'를 판매·제공하는 매장,test,칼국수,T1 정확표기,7e03c7a9-d8a2-4755-81fc-256852e3a5e7,금풍국수,국수,신매시장,전통시장,대구광역시,,,
7fc50ec3a02010a695e9,full_annotation_v1,A,q_칼국수_01,국수,음식점 중 '칼국수'를 판매·제공하는 매장,test,칼국수,T1 정확표기,1decd31b-604b-4a9a-b330-822be87f48f4,국수천국,국수,서변중앙시장,전통시장,대구광역시,,,
843400c2052d5258856f,full_annotation_v1,A,q_칼국수_01,국수,음식점 중 '칼국수'를 판매·제공하는 매장,test,칼국수,T1 정확표기,4c432347-4aca-4daa-9afe-4738285b9024,대광국수상회,국수,정읍샘고을시장,전통시장,전북특별자치도,,,
bbe28fefd8a0de29c3bd,full_annotation_v1,A,q_칼국수_01,국수,음식점 중 '칼국수'를 판매·제공하는 매장,test,칼국수,T1 정확표기,b6a49cf0-6380-48c6-941b-a9a2afc613eb,어사또닷컴,"수산물, 건어물",수원못골종합시장,전통시장,경기도,,,
e4a0faa835d950dfbcf3,full_annotation_v1,A,q_칼국수_01,국수,음식점 중 '칼국수'를 판매·제공하는 매장,test,칼국수,T1 정확표기,feca8c21-4cd2-449a-8b50-6fe1e3276cd8,국수집,국수,1913송정역시장,전통시장,광주광역시,,,
26dc203044c9aa52ddd6,full_annotation_v1,A,q_칼국수_01,국수,음식점 중 '칼국수'를 판매·제공하는 매장,test,칼국수,T1 정확표기,626a3df3-74e2-4158-9e02-967e3d46a21f,시장국수,국수,사천 삼천포중앙시장,전통시장,경상남도,,,
73222cf747247767a530,full_annotation_v1,A,q_칼국수_01,국수,음식점 중 '칼국수'를 판매·제공하는 매장,test,칼국수,T1 정확표기,852f3dd6-f236-4583-80aa-3835e4fed924,메인레인템포,카페,공릉구길골목형상점가,골목형상점가,서울특별시,,,
27d1eda1e9e976e4d670,full_annotation_v1,A,q_칼국수_01,국수,음식점 중 '칼국수'를 판매·제공하는 매장,test,칼국수,T1 정확표기,c08170c1-a728-4e46-aa9f-10da81401046,구수리잔치국수,국수,자양번영로골목형상점가,골목형상점가,서울특별시,,,
f91e7d92c892ac436491,full_annotation_v1,A,q_칼국수_01,국수,음식점 중 '칼국수'를 판매·제공하는 매장,test,칼국수,T1 정확표기,b9999c5b-7169-430b-bda2-49a7819c2adf,고령대장간,"농기구, 생활도구",고령대가야시장,전통시장,경상북도,,,
41bd94a835d195a8dc09,full_annotation_v1,A,q_칼국수_01,국수,음식점 중 '칼국수'를 판매·제공하는 매장,test,칼국수,T1 정확표기,e782a278-2798-4dac-9450-d6e08ef6d436,국수엔 포차,국수,예술광장로상점가,자율상권구역,경기도,,,
f8c61132c879ba5629da,full_annotation_v1,A,q_칼국수_01,국수,음식점 중 '칼국수'를 판매·제공하는 매장,test,칼국수,T1 정확표기,b21217b5-3b7c-42c9-9062-52ea01c636fc,국시,국수,서산시장길 골목형상점가,골목형상점가,충청남도,,,
7d63b403e4bb50fd7dae,full_annotation_v1,A,q_칼국수_01,국수,음식점 중 '칼국수'를 판매·제공하는 매장,test,칼국수,T1 정확표기,f0ea64b8-0bd5-4c7d-8a16-183a8634713d,교대캐롬당구클럽,당구장,영선신시장,전통시장,대구광역시,,,
120ebf546b436e8bb390,full_annotation_v1,A,q_칼국수_01,국수,음식점 중 '칼국수'를 판매·제공하는 매장,test,칼국수,T1 정확표기,57488f1d-c460-48bc-966b-7dc5432011b2,미소댓잎국수 본점,국수,프로방스 골목형상점가,골목형상점가,전라남도,,,
3c1c9939135b2af0cb98,full_annotation_v1,A,q_칼국수_01,국수,음식점 중 '칼국수'를 판매·제공하는 매장,test,칼국수,T1 정확표기,92959d08-16a5-4e94-808c-ffeb5e63dc27,골목집,국수,경동시장,전통시장,서울특별시,,,
21808a86c2d035981b75,full_annotation_v1,A,q_칼국수_01,국수,음식점 중 '칼국수'를 판매·제공하는 매장,test,칼국수,T1 정확표기,e08e4f6c-7033-4c17-b23e-1d3841e5978f,서하국수,국수,상도약수골목형상점가,골목형상점가,서울특별시,,,
e567edb4d681068cbb66,full_annotation_v1,A,q_칼국수_01,국수,음식점 중 '칼국수'를 판매·제공하는 매장,test,칼국수,T1 정확표기,60bb6b44-9232-45aa-8b3c-574f96ef1d1f,국수면가,국수,강진읍시장,전통시장,전라남도,,,
26f7e1d2ae3053a2ebe8,full_annotation_v1,A,q_칼국수_01,국수,음식점 중 '칼국수'를 판매·제공하는 매장,test,칼국수,T1 정확표기,e61077e2-d33e-4664-9143-5587535a88ff,항아리국수집,국수,평택통복시장,전통시장,경기도,,,
4a17e7258d1338817852,full_annotation_v1,A,q_칼국수_01,국수,음식점 중 '칼국수'를 판매·제공하는 매장,test,칼국수,T1 정확표기,637be741-6789-4274-a89e-873cf68f5044,영동국수,국수,영동전통시장,전통시장,서울특별시,,,
34aeb82b61a0df23eecc,full_annotation_v1,A,q_칼국수_01,국수,음식점 중 '칼국수'를 판매·제공하는 매장,test,칼국수,T1 정확표기,9e702db2-1692-4244-8069-f38c65b3e5a0,오늘도 국수,국수,중동효성 골목형상점가,골목형상점가,대구광역시,,,
1e92bfc5f1f887dbfac7,full_annotation_v1,A,q_칼국수_01,국수,음식점 중 '칼국수'를 판매·제공하는 매장,test,칼국수,T1 정확표기,61ed8cc0-52ff-4200-bd6b-48a7b92fabcd,옛날국수,국수,고산구시장 상점가,자율상권구역,전북특별자치도,,,
f23c7d773e74177d2134,full_annotation_v1,A,q_칼국수_01,국수,음식점 중 '칼국수'를 판매·제공하는 매장,test,칼국수,T1 정확표기,bddebdee-3054-4a13-850e-8299332ff239,청년국수,국수,용산용문시장,전통시장,서울특별시,,,
2447dda18af42618f26a,full_annotation_v1,A,q_칼국수_01,국수,음식점 중 '칼국수'를 판매·제공하는 매장,test,칼국수,T1 정확표기,3b486da8-f4cb-4cca-a7c1-f31f705f3201,국수나무,국수,학운동 365 골목형상점가,골목형상점가,광주광역시,,,
cdee2a819312fafa6352,full_annotation_v1,A,q_칼국수_01,국수,음식점 중 '칼국수'를 판매·제공하는 매장,test,칼국수,T1 정확표기,ae5e694a-1209-4f16-b1eb-da09583f9ce4,담양국수,국수,무등산상가거리상점가,자율상권구역,광주광역시,,,
23f6ec64fb183eed2a76,full_annotation_v1,A,q_칼국수_01,국수,음식점 중 '칼국수'를 판매·제공하는 매장,test,칼국수,T1 정확표기,68d6f3f6-4c8b-4cc7-afad-0964a10b0dc0,대백식당,국수,관문상가시장,전통시장,대구광역시,,,
2105831209f246b96d44,full_annotation_v1,A,q_칼국수_01,국수,음식점 중 '칼국수'를 판매·제공하는 매장,test,칼국수,T1 정확표기,275cea6e-73b8-4110-879c-cd7e5c4e96b3,소표국수,국수,석촌시장,전통시장,서울특별시,,,
66f3a8198c8b358766c2,full_annotation_v1,A,q_칼국수_01,국수,음식점 중 '칼국수'를 판매·제공하는 매장,test,칼국수,T1 정확표기,88e7b700-00dc-4ce2-972d-bf6cb521d684,당나귀금거래소,귀금속,부천자유시장,전통시장,경기도,,,
ea3dd96200aa7bff1916,full_annotation_v1,A,q_칼국수_01,국수,음식점 중 '칼국수'를 판매·제공하는 매장,test,칼국수,T1 정확표기,93e08112-f08e-4961-8f88-eb84c6857f5c,고향국수,국수,구월시장,전통시장,인천광역시,,,
cef636907a1149b08100,full_annotation_v1,A,q_칼국수_01,국수,음식점 중 '칼국수'를 판매·제공하는 매장,test,칼국수,T1 정확표기,f5d8333e-cc37-457d-97a1-30c359a25a11,봉황국수,국수,선산봉황시장(구 선산종합시장),전통시장,경상북도,,,
e9a865eb6e5434b9ac8a,full_annotation_v1,A,q_칼국수_01,국수,음식점 중 '칼국수'를 판매·제공하는 매장,test,칼국수,T1 정확표기,5897349e-9a5c-4684-8099-739d1c3a7e21,본가노래연습장,노래방,두정동상점가,자율상권구역,충청남도,,,
abe8b2ae4f54bd5c48b2,full_annotation_v1,A,q_칼국수_01,국수,음식점 중 '칼국수'를 판매·제공하는 매장,test,칼국수,T1 정확표기,b89619af-64c5-4036-b3d9-22c85aeb2578,동진국수,국수,동문재래시장,전통시장,제주특별자치도,,,
98aa23da80b20668baf8,full_annotation_v1,A,q_칼국수_01,국수,음식점 중 '칼국수'를 판매·제공하는 매장,test,칼국수,T1 정확표기,22a3ecd2-9da6-4524-9208-576de347da54,우리할매국수,국수,문지동 골목형상점가,골목형상점가,대전광역시,,,
1946d74130b8bb5f9f6c,full_annotation_v1,A,q_칼국수_01,국수,음식점 중 '칼국수'를 판매·제공하는 매장,test,칼국수,T1 정확표기,00057366-f4a3-4b3b-a763-5545eb9cda8a,구봉국수,잔치국수,여수서시장주변시장,전통시장,전라남도,,,
4e8f2d1ad1906752a84d,full_annotation_v1,A,q_칼국수_01,국수,음식점 중 '칼국수'를 판매·제공하는 매장,test,칼국수,T1 정확표기,e7c9a0f2-05f2-4097-8e1e-b96ad1a14b86,장터국수,국수,영덕시장,전통시장,경상북도,,,
9e5810dacb76bdc017c3,full_annotation_v1,A,q_칼국수_01,국수,음식점 중 '칼국수'를 판매·제공하는 매장,test,칼국수,T1 정확표기,941b8671-65c2-40db-a83d-6622db8a89db,예닮국수,국수,외도4 골목형상점가,골목형상점가,제주특별자치도,,,
4789098190de94bebbe6,full_annotation_v1,A,q_칼국수_01,국수,음식점 중 '칼국수'를 판매·제공하는 매장,test,칼국수,T1 정확표기,bb4744bd-6fed-45ed-83a0-22e36249f6c6,전통민속공예,공예품,하단오일상설시장,전통시장,부산광역시,,,
0c2f9c0890bd77a9396b,full_annotation_v1,A,q_칼국수_01,국수,음식점 중 '칼국수'를 판매·제공하는 매장,test,칼국수,T1 정확표기,ba3493ac-8abd-48c4-96df-b06bfdf15e81,보문국수,국수,대사동 보문산 골목형상점가,골목형상점가,대전광역시,,,
71c397ac1247c1590437,full_annotation_v1,A,q_칼국수_01,국수,음식점 중 '칼국수'를 판매·제공하는 매장,test,칼국수,T1 정확표기,32819aaa-51da-42df-98d3-947df90cf40b,장터국수,국수,오산오색시장(구 오산중앙시장),전통시장,경기도,,,
5945d9abb6c1c066abfe,full_annotation_v1,A,q_칼국수_01,국수,음식점 중 '칼국수'를 판매·제공하는 매장,test,칼국수,T1 정확표기,1515534a-a817-42b1-b9a9-8f7af17f22f0,권오성손국수,국수,용현시장,전통시장,인천광역시,,,
2421542017879729335d,full_annotation_v1,A,q_칼국수_01,국수,음식점 중 '칼국수'를 판매·제공하는 매장,test,칼국수,T1 정확표기,9b340f33-9a5c-4402-9bd9-fca0c4c6efde,수담,국수,백서로 골목형상점가,골목형상점가,광주광역시,,,
199ec264561bea1e4c98,full_annotation_v1,A,q_칼국수_01,국수,음식점 중 '칼국수'를 판매·제공하는 매장,test,칼국수,T1 정확표기,08c5802c-4482-41a0-9ad3-be15877d3753,세종국수,국수,나성동 국세청 골목형상점가,골목형상점가,세종특별자치시,,,
f11be9213ed0b8e180f6,full_annotation_v1,A,q_칼국수_01,국수,음식점 중 '칼국수'를 판매·제공하는 매장,test,칼국수,T1 정확표기,9457e823-49b2-4148-bca9-e2a57f9fc82e,서울소바,국수,풍2동 골목형상점가,골목형상점가,경기도,,,
3e2b87bf16c2cacf4cfb,full_annotation_v1,A,q_칼국수_01,국수,음식점 중 '칼국수'를 판매·제공하는 매장,test,칼국수,T1 정확표기,06c08c2a-1549-4a5b-ab2e-b385ac252f13,방이손칼국수,간이음식 칼국수 수제비,방이시장,전통시장,서울특별시,,,
59cc879edf14b93beb03,full_annotation_v1,A,q_칼국수_01,국수,음식점 중 '칼국수'를 판매·제공하는 매장,test,칼국수,T1 정확표기,302f3444-03a0-4fa9-87ee-daccdacebb21,멸치국수,국수,다산역 로데오 상점가,자율상권구역,경기도,,,
8c1fab74229bc14f0ac8,full_annotation_v1,A,q_칼국수_01,국수,음식점 중 '칼국수'를 판매·제공하는 매장,test,칼국수,T1 정확표기,41ab377e-abb4-4eaf-92d8-1422aa6c78d7,옛날국수,국수,서문시장2지구 종합상가,전통시장,대구광역시,,,
0d57de361a3dfaebfa16,full_annotation_v1,A,q_칼국수_01,국수,음식점 중 '칼국수'를 판매·제공하는 매장,test,칼국수,T1 정확표기,c7d5e0fa-8e75-4624-8dac-9a1f47243e1c,배떡공릉점,한식,공릉구길골목형상점가,골목형상점가,서울특별시,,,
dfa04ff20cdce9003c6d,full_annotation_v1,A,q_칼국수_01,국수,음식점 중 '칼국수'를 판매·제공하는 매장,test,칼국수,T1 정확표기,00cef312-cb5c-4dea-ad69-88c556146024,주산팥죽,"팥죽, 칼국수",부안상설시장,전통시장,전북특별자치도,,,
582086a54952b72e6547,full_annotation_v1,A,q_칼국수_01,국수,음식점 중 '칼국수'를 판매·제공하는 매장,test,칼국수,T1 정확표기,ad7ea2f4-39f5-4bd8-9200-d04ccc1525bb,부부국수,국수,중리시장,전통시장,대전광역시,,,
ccea2148379d4a7ffaa5,full_annotation_v1,A,q_칼국수_01,국수,음식점 중 '칼국수'를 판매·제공하는 매장,test,칼국수,T1 정확표기,29bba3ac-54d3-44f5-b929-7ba27220de4b,차금순 양푼이 국수,국수,고잔뜰 상점가,자율상권구역,경기도,,,
3428621d7cc416dee122,full_annotation_v1,A,q_칼국수_01,국수,음식점 중 '칼국수'를 판매·제공하는 매장,test,칼국수,T1 정확표기,31f43dce-4f2f-443c-814d-4fb1c42867aa,청원모밀,국수,첨단청사초롱길 골목형상점가,골목형상점가,광주광역시,,,
2d51bf531b955734938b,full_annotation_v1,A,q_칼국수_01,국수,음식점 중 '칼국수'를 판매·제공하는 매장,test,칼국수,T1 정확표기,43ceec1c-b33f-4dd3-8560-dd641643d725,멸치국수,국수,동화동골목형상가,골목형상점가,서울특별시,,,
3a0ee95a986e21b6c1ab,full_annotation_v1,A,q_칼국수_01,국수,음식점 중 '칼국수'를 판매·제공하는 매장,test,칼국수,T1 정확표기,789e3c46-51d5-472a-96e8-ee4bf0012fd5,호로록국수,국수,삼천동제일 골목형상점가,골목형상점가,전북특별자치도,,,
38d2795a7acc3556c518,full_annotation_v1,A,q_칼국수_01,국수,음식점 중 '칼국수'를 판매·제공하는 매장,test,칼국수,T1 정확표기,ef84a7fd-7097-43bd-b242-a7c5b6ed01b6,시장국수,국수,대명시장,전통시장,대구광역시,,,
206001ade00b313532a3,full_annotation_v1,A,q_칼국수_01,국수,음식점 중 '칼국수'를 판매·제공하는 매장,test,칼국수,T1 정확표기,8f514998-8561-4690-aaa1-2d8f19d50c71,호야네국수,국수,화원시장,전통시장,대구광역시,,,
98761fb8006c7720d853,full_annotation_v1,A,q_칼국수_01,국수,음식점 중 '칼국수'를 판매·제공하는 매장,test,칼국수,T1 정확표기,a6584e7f-2dca-4e80-9da8-1622a928da84,드숑,빵,동홍8번가 골목형상점가,골목형상점가,제주특별자치도,,,
ba7940b3659e1563c936,full_annotation_v1,A,q_칼국수_01,국수,음식점 중 '칼국수'를 판매·제공하는 매장,test,칼국수,T1 정확표기,b1042929-9921-48c8-86d0-0926ed7ac564,중앙청과,과일,사천 삼천포중앙시장,전통시장,경상남도,,,
3de42284394b9900740f,full_annotation_v1,A,q_칼국수_01,국수,음식점 중 '칼국수'를 판매·제공하는 매장,test,칼국수,T1 정확표기,d25cf338-0a29-4eb5-9572-d159c960d01d,백운면,국수,연지시장,전통시장,부산광역시,,,
b465ed46a394b98afd2e,full_annotation_v1,A,q_칼국수_01,국수,음식점 중 '칼국수'를 판매·제공하는 매장,test,칼국수,T1 정확표기,013fc799-6c55-4fa3-b332-1251f068c422,행복식당,수제비,포항죽도시장,전통시장,경상북도,,,
ef62a16b9d2bca3883c6,full_annotation_v1,A,q_칼국수_01,국수,음식점 중 '칼국수'를 판매·제공하는 매장,test,칼국수,T1 정확표기,68faafb7-2856-4c4c-a32e-ae2f5aaf2e38,상설전집,,양산 덕계종합상설시장,전통시장,경상남도,,,
9795e591267d828f25c4,full_annotation_v1,A,q_칼국수_01,국수,음식점 중 '칼국수'를 판매·제공하는 매장,test,칼국수,T1 정확표기,66240063-ae6c-424c-bbb1-0a4e7040426b,호야네국수,국수,충무자동차거리 상점가,자율상권구역,대전광역시,,,
e330246969b9351fc016,full_annotation_v1,A,q_칼국수_01,국수,음식점 중 '칼국수'를 판매·제공하는 매장,test,칼국수,T1 정확표기,20bc5df6-6fb4-4e6b-bb4b-2c6822e6902d,국수명가,국수,울진시장(울진바지게시장),전통시장,경상북도,,,
26bcf3427a3a4435bc6d,full_annotation_v1,A,q_칼국수_01,국수,음식점 중 '칼국수'를 판매·제공하는 매장,test,칼국수,T1 정확표기,00b090ad-30c0-4573-a43a-123f5116851b,호호정 멸치국수,,그랜드프라자&상용b상가 상점가,골목형상점가,경기도,,,
a83036d22870afe3fba0,full_annotation_v1,A,q_칼국수_01,국수,음식점 중 '칼국수'를 판매·제공하는 매장,test,칼국수,T1 정확표기,df47ed50-573a-4630-8546-1cd8669aaf80,멸치국수집,국수,보라빛거리골목형상점가,골목형상점가,서울특별시,,,
07436f894e89bbea09df,full_annotation_v1,A,q_칼국수_01,국수,음식점 중 '칼국수'를 판매·제공하는 매장,test,칼국수,T1 정확표기,425ef209-938a-4e42-ac62-862e677ecd90,불국시,국수,불국상가시장,전통시장,경상북도,,,
13aaa57e0c2e28411e36,full_annotation_v1,A,q_칼국수_01,국수,음식점 중 '칼국수'를 판매·제공하는 매장,test,칼국수,T1 정확표기,de37d324-1dfa-43d3-a2aa-6318d96024b6,부뚜막,국수,봉덕맛길 골목형상점가,골목형상점가,대구광역시,,,
481e4ff71926f54fe810,full_annotation_v1,A,q_칼국수_01,국수,음식점 중 '칼국수'를 판매·제공하는 매장,test,칼국수,T1 정확표기,e4b7c992-7700-4261-9da2-266100200057,보림상회,외의,부산진시장,전통시장,부산광역시,,,
10f51daa80f303f54a03,full_annotation_v1,A,q_칼국수_01,국수,음식점 중 '칼국수'를 판매·제공하는 매장,test,칼국수,T1 정확표기,8bdfa5eb-6175-4c54-bcfe-6de982a05f75,원조국수,국수,인왕시장,전통시장,서울특별시,,,
8dc99ad9613f5f4967e4,full_annotation_v1,A,q_칼국수_01,국수,음식점 중 '칼국수'를 판매·제공하는 매장,test,칼국수,T1 정확표기,faa22799-2a69-4f73-92d2-63a4a348c277,라은국수,국수,수원남문패션1번가시장,전통시장,경기도,,,
7db82871bbffb7734cb6,full_annotation_v1,A,q_칼국수_01,국수,음식점 중 '칼국수'를 판매·제공하는 매장,test,칼국수,T1 정확표기,ad558338-6921-40fa-9113-c5b53d34e5f3,땡초네,국수,문경전통시장,전통시장,경상북도,,,
6f121b07d499bf28214c,full_annotation_v1,A,q_칼국수_01,국수,음식점 중 '칼국수'를 판매·제공하는 매장,test,칼국수,T1 정확표기,50b2237e-7466-47f9-9c5c-8a9fec5f8c52,시장통옛날국수,국수,상주중앙시장,전통시장,경상북도,,,
e701feeca2880b13886b,full_annotation_v1,A,q_칼국수_01,국수,음식점 중 '칼국수'를 판매·제공하는 매장,test,칼국수,T1 정확표기,5ea8e667-faec-4afa-b3ca-ca835f4400ce,국수장이중앙점,국수,원주중앙시장활성화구역,상권활성화구역,강원특별자치도,,,
1759f0ee75b71caecad7,full_annotation_v1,A,q_칼국수_01,국수,음식점 중 '칼국수'를 판매·제공하는 매장,test,칼국수,T1 정확표기,b28ab3f5-250f-4b9c-8c49-77564e1582d8,맛나분식,국수,칠곡시장,전통시장,대구광역시,,,
f0cfd9a8213ba4baeaf0,full_annotation_v1,A,q_칼국수_01,국수,음식점 중 '칼국수'를 판매·제공하는 매장,test,칼국수,T1 정확표기,8bfd0609-74c8-4bd6-82f9-6eba2f38f78d,꽃뫼국수,국수,홍천중앙시장(홍천신시장),전통시장,강원특별자치도,,,
5e57bf5e664e39e7f2e7,full_annotation_v1,A,q_칼국수_01,국수,음식점 중 '칼국수'를 판매·제공하는 매장,test,칼국수,T1 정확표기,8f4ed9d9-a08b-4fbd-988a-df54fdd0750a,부여국수,국수,산성시장,전통시장,대전광역시,,,
a50da92b8d22b29fefa2,full_annotation_v1,A,q_칼국수_01,국수,음식점 중 '칼국수'를 판매·제공하는 매장,test,칼국수,T1 정확표기,51a8bfd1-8236-4348-bf25-25c1b0df0f74,국수나무,국수,맹동혁신골목형상점가,골목형상점가,충청북도,,,
870e5c9ca3f8e10899cb,full_annotation_v1,A,q_칼국수_01,국수,음식점 중 '칼국수'를 판매·제공하는 매장,test,칼국수,T1 정확표기,4406838b-0e12-4966-8fa4-cb4973375734,춘자네 국수,,대구 삼익 골목형상점가,골목형상점가,대구광역시,,,
dc15d8556dbd1133f6ec,full_annotation_v1,A,q_칼국수_01,국수,음식점 중 '칼국수'를 판매·제공하는 매장,test,칼국수,T1 정확표기,fe61a9cb-e8d9-46ec-aebc-25d33e540939,옛날진미국수,국수,프로방스 골목형상점가,골목형상점가,전라남도,,,
795469dc57d9cd08c4f5,full_annotation_v1,A,q_칼국수_02,칼국수,음식점 중 '칼국수'를 판매·제공하는 매장,test,칼국수,T1 정확표기,3e952070-d850-427a-a5b1-f71a8d235f31,용호울산상회,내의,용호골목시장,전통시장,부산광역시,,,
794069138f79c153f071,full_annotation_v1,A,q_칼국수_02,칼국수,음식점 중 '칼국수'를 판매·제공하는 매장,test,칼국수,T1 정확표기,791dc75a-a886-4272-a03e-b9c5cb1b4175,카페브릭스,,금오골목형상점가,골목형상점가,경기도,,,
d33b88f93a9a9339ba58,full_annotation_v1,A,q_칼국수_02,칼국수,음식점 중 '칼국수'를 판매·제공하는 매장,test,칼국수,T1 정확표기,ac860a7c-4787-468d-9ee7-a1af97d6ac96,성남상회,농산물,대명중앙시장,전통시장,대구광역시,,,
cf616a84e389708597ee,full_annotation_v1,A,q_칼국수_02,칼국수,음식점 중 '칼국수'를 판매·제공하는 매장,test,칼국수,T1 정확표기,7ba5e7d3-cda1-4832-9e57-cdd52e979f7a,오씨칼국수,칼국수,대전중앙활성화구역,상권활성화구역,대전광역시,,,
b709d41307121ec496ed,full_annotation_v1,A,q_칼국수_02,칼국수,음식점 중 '칼국수'를 판매·제공하는 매장,test,칼국수,T1 정확표기,0ddea3d2-1c3f-4468-a0af-da85f47bae26,홍두깨손칼국수,칼국수,안양중앙인정시장,전통시장,경기도,,,
608385a020f6ce66426c,full_annotation_v1,A,q_칼국수_02,칼국수,음식점 중 '칼국수'를 판매·제공하는 매장,test,칼국수,T1 정확표기,86bc9549-d561-4222-8bf5-0c2505373281,석바위칼국수,칼국수,석바위시장,전통시장,인천광역시,,,
9381d9f2ddc8cc831949,full_annotation_v1,A,q_칼국수_02,칼국수,음식점 중 '칼국수'를 판매·제공하는 매장,test,칼국수,T1 정확표기,00057366-f4a3-4b3b-a763-5545eb9cda8a,구봉국수,잔치국수,여수서시장주변시장,전통시장,전라남도,,,
0589bb8c2d7078488c65,full_annotation_v1,A,q_칼국수_02,칼국수,음식점 중 '칼국수'를 판매·제공하는 매장,test,칼국수,T1 정확표기,49735036-77e6-4cb2-9483-0ce564db9982,미소칼국수,칼국수,엄사 골목형상점가,골목형상점가,충청남도,,,
243c2c62cd50dfc22a29,full_annotation_v1,A,q_칼국수_02,칼국수,음식점 중 '칼국수'를 판매·제공하는 매장,test,칼국수,T1 정확표기,01e8f807-6020-486c-bd59-38a7035bc453,구례밀밭,국수,화엄상가(골목형상점가),골목형상점가,전라남도,,,
fe094bec2888017eb21b,full_annotation_v1,A,q_칼국수_02,칼국수,음식점 중 '칼국수'를 판매·제공하는 매장,test,칼국수,T1 정확표기,954717cf-6442-46d7-891c-b8becc8c8316,엄마손칼국수,칼국수,풍암신암상인회 골목형상점가,골목형상점가,광주광역시,,,
29e34ecbb3ea0daa2c0f,full_annotation_v1,A,q_칼국수_02,칼국수,음식점 중 '칼국수'를 판매·제공하는 매장,test,칼국수,T1 정확표기,cb52e6f6-d4d1-4810-8f73-60760fcc7c23,"옹심이 칼국수, 팥죽",칼국수,봉선로19번길 골목형상점가,골목형상점가,광주광역시,,,
7e8c49a217a11057420d,full_annotation_v1,A,q_칼국수_02,칼국수,음식점 중 '칼국수'를 판매·제공하는 매장,test,칼국수,T1 정확표기,711404c8-1a70-45bc-9d85-8ac8ccf0ef19,팔공티,커피 음료,둔촌스포츠거리 골목형상점가,골목형상점가,서울특별시,,,
05cfa3e010cae8bfbbc6,full_annotation_v1,A,q_칼국수_02,칼국수,음식점 중 '칼국수'를 판매·제공하는 매장,test,칼국수,T1 정확표기,65003fde-b128-4c70-a591-ba03804db867,신선칼국수,칼국수,관저동 먹자골목 골목형상점가,골목형상점가,대전광역시,,,
443ca7e9f7b0daffa8c8,full_annotation_v1,A,q_칼국수_02,칼국수,음식점 중 '칼국수'를 판매·제공하는 매장,test,칼국수,T1 정확표기,01a468d2-cf3e-4db1-826a-771917b2e910,제주일월국수,국수,관평동 골목형상점가,골목형상점가,대전광역시,,,
3a4d4fc3c1f959a1fe36,full_annotation_v1,A,q_칼국수_02,칼국수,음식점 중 '칼국수'를 판매·제공하는 매장,test,칼국수,T1 정확표기,377e6aa6-21ed-4466-8e3a-c614baea66b0,칼국'S,칼국수,양양로 골목형상점가,골목형상점가,강원특별자치도,,,
75515ba7115199a2b0e5,full_annotation_v1,A,q_칼국수_02,칼국수,음식점 중 '칼국수'를 판매·제공하는 매장,test,칼국수,T1 정확표기,00baf772-7ca3-475a-a614-a5dc35286be7,시골막국수와 옹심이 충북혁신도시점,막국수,맹동혁신골목형상점가,골목형상점가,충청북도,,,
101253eecfe63cf45735,full_annotation_v1,A,q_칼국수_02,칼국수,음식점 중 '칼국수'를 판매·제공하는 매장,test,칼국수,T1 정확표기,deacdff6-a68e-4d7d-b13f-912cc89e365c,백명애칼국수,칼국수,신안동용봉초 골목형상점가,골목형상점가,광주광역시,,,
79b8606d4151f20c19f7,full_annotation_v1,A,q_칼국수_02,칼국수,음식점 중 '칼국수'를 판매·제공하는 매장,test,칼국수,T1 정확표기,8a4d9b24-19c0-49f7-8107-e1edc3075d7e,단골식당,칼국수,안성맞춤시장,전통시장,경기도,,,
f655785c6e75bd9aca91,full_annotation_v1,A,q_칼국수_02,칼국수,음식점 중 '칼국수'를 판매·제공하는 매장,test,칼국수,T1 정확표기,c1a552e2-28a8-4180-960a-c61dbc4cd1af,파티파티통닭,음식점,경창시장,전통시장,서울특별시,,,
f91f066af0f2fea18f3f,full_annotation_v1,A,q_칼국수_02,칼국수,음식점 중 '칼국수'를 판매·제공하는 매장,test,칼국수,T1 정확표기,cfc4d139-028c-43b9-a2e8-79b5b6bcaa9d,부여칼국수,칼국수,부여중앙시장,전통시장,충청남도,,,
4658cc2b1f84ff1e2cc7,full_annotation_v1,A,q_칼국수_02,칼국수,음식점 중 '칼국수'를 판매·제공하는 매장,test,칼국수,T1 정확표기,3c974a29-c96d-4b75-b311-6939919cea4c,"할매콩나물국밥,칼국수","콩나물국밥, 칼국수",창원 경창상가,전통시장,경상남도,,,
1c7eb74464b5f17d8c2a,full_annotation_v1,A,q_칼국수_02,칼국수,음식점 중 '칼국수'를 판매·제공하는 매장,test,칼국수,T1 정확표기,25e98022-3d18-4a75-bc69-4b1247398959,본채칼국수,칼국수,아름드리 골목형상점가,골목형상점가,세종특별자치시,,,
6c178d98d2cb604687f2,full_annotation_v1,A,q_칼국수_02,칼국수,음식점 중 '칼국수'를 판매·제공하는 매장,test,칼국수,T1 정확표기,4dff02bf-492d-4bec-8665-968dfb0fe9e4,선화스튜디오,,현대테라타워DIMC상점가,골목형상점가,경기도,,,
7697db59604d3e9c38d5,full_annotation_v1,A,q_칼국수_02,칼국수,음식점 중 '칼국수'를 판매·제공하는 매장,test,칼국수,T1 정확표기,2611721d-a975-4f2a-804c-5484406c0846,옛날 손 칼국수,칼국수,안중시장,전통시장,경기도,,,
4e1d8501ada06eec10af,full_annotation_v1,A,q_칼국수_02,칼국수,음식점 중 '칼국수'를 판매·제공하는 매장,test,칼국수,T1 정확표기,de1fe80a-62df-45a7-87ff-077666c5a23b,할머니손칼국시,칼국수,태화시장,전통시장,울산광역시,,,
2ee1df1d9c11983afd2f,full_annotation_v1,A,q_칼국수_02,칼국수,음식점 중 '칼국수'를 판매·제공하는 매장,test,칼국수,T1 정확표기,161646e1-0ab7-438b-bd96-af65799e07d9,해들칼국수,칼국수,보람동 골목형상점가,골목형상점가,세종특별자치시,,,
ab7a5cb7796971ba99c3,full_annotation_v1,A,q_칼국수_02,칼국수,음식점 중 '칼국수'를 판매·제공하는 매장,test,칼국수,T1 정확표기,6ab0d9f3-e9e2-4144-91c5-a4cb20d2f936,강남칼국수,칼국수,송천동1가 골목형상점가,골목형상점가,전북특별자치도,,,
7a6f751a40241c714fa8,full_annotation_v1,A,q_칼국수_02,칼국수,음식점 중 '칼국수'를 판매·제공하는 매장,test,칼국수,T1 정확표기,0442dc06-1ec8-418a-9ec8-b712384f729d,물오름 바지락 칼국수,칼국수,동천동벚꽃길상인회 골목형상점가,골목형상점가,광주광역시,,,
0738716d034871619b28,full_annotation_v1,A,q_칼국수_02,칼국수,음식점 중 '칼국수'를 판매·제공하는 매장,test,칼국수,T1 정확표기,afc65260-b1ca-480e-a362-37093e635c49,바지락칼국수,칼국수,조원복길골목형상점가,골목형상점가,서울특별시,,,
3653ba4384953fabbd89,full_annotation_v1,A,q_칼국수_02,칼국수,음식점 중 '칼국수'를 판매·제공하는 매장,test,칼국수,T1 정확표기,00b090ad-30c0-4573-a43a-123f5116851b,호호정 멸치국수,,그랜드프라자&상용b상가 상점가,골목형상점가,경기도,,,
ffd7f86346d32d43ff2e,full_annotation_v1,A,q_칼국수_02,칼국수,음식점 중 '칼국수'를 판매·제공하는 매장,test,칼국수,T1 정확표기,694748d9-9d59-419d-911f-a89786698ce0,은언칼국수,칼국수,부평깡통시장(구 부산부평시장),전통시장,부산광역시,,,
61ce9fda4d61f4779e64,full_annotation_v1,A,q_칼국수_02,칼국수,음식점 중 '칼국수'를 판매·제공하는 매장,test,칼국수,T1 정확표기,51668cd0-bc11-44bb-b3d3-6b899de88e38,이모네 칼국수,칼국수,문창시장,전통시장,대전광역시,,,
3a4a9038118086d478f0,full_annotation_v1,A,q_칼국수_02,칼국수,음식점 중 '칼국수'를 판매·제공하는 매장,test,칼국수,T1 정확표기,0cdea40b-df17-41f5-aad7-8d3cfefc0f89,수제비집,수제비,주막거리상점가,자율상권구역,경기도,,,
a5cd9a5f8567dba90348,full_annotation_v1,A,q_칼국수_02,칼국수,음식점 중 '칼국수'를 판매·제공하는 매장,test,칼국수,T1 정확표기,9dbbc3e5-cf85-426c-b695-61eb961bda62,우리동네 칼국수,,뚝도시장,전통시장,서울특별시,,,
b364748f1f6c204812c9,full_annotation_v1,A,q_칼국수_02,칼국수,음식점 중 '칼국수'를 판매·제공하는 매장,test,칼국수,T1 정확표기,ce8e3a41-53e7-4322-869c-659542093cf7,오씨칼국수,칼국수,도룡상인회 골목형상점가,골목형상점가,대전광역시,,,
49e664f7a75bdbff11e7,full_annotation_v1,A,q_칼국수_02,칼국수,음식점 중 '칼국수'를 판매·제공하는 매장,test,칼국수,T1 정확표기,aa5b0696-90a6-4e69-935f-f14bc837e9a2,동원 칼국수,칼국수,한솔동4단지상점가,자율상권구역,세종특별자치시,,,
3e21a1b249e5e54b20d9,full_annotation_v1,A,q_칼국수_02,칼국수,음식점 중 '칼국수'를 판매·제공하는 매장,test,칼국수,T1 정확표기,5a258958-73c9-4e83-a2c6-c8c4a1a5d565,명동칼국수,칼국수,동쪽바다중앙시장(구 동해중앙시장),전통시장,강원특별자치도,,,
efbca1b278e849981086,full_annotation_v1,A,q_칼국수_02,칼국수,음식점 중 '칼국수'를 판매·제공하는 매장,test,칼국수,T1 정확표기,f5d30f6a-16ec-4965-8254-ddd379e7784b,강고집 바지락 칼국수,칼국수,촬영소사거리골목형상점가,골목형상점가,서울특별시,,,
d8ebce93f9c85202f8cf,full_annotation_v1,A,q_칼국수_02,칼국수,음식점 중 '칼국수'를 판매·제공하는 매장,test,칼국수,T1 정확표기,eef4d5a1-1f76-4f2b-99df-b8a6eeb5a2ae,샤르르손칼국수,칼국수,대인시장,전통시장,광주광역시,,,
75a99d1fa372699d67d5,full_annotation_v1,A,q_칼국수_02,칼국수,음식점 중 '칼국수'를 판매·제공하는 매장,test,칼국수,T1 정확표기,5815bcfc-8a1b-47b2-bb32-3325136137e6,목도칼국수,칼국수,목도시장,전통시장,충청북도,,,
b3a8f7ecaf6d361d7ad8,full_annotation_v1,A,q_칼국수_02,칼국수,음식점 중 '칼국수'를 판매·제공하는 매장,test,칼국수,T1 정확표기,3e665603-2bde-4c69-9293-96286cd56aac,시장칼국수,칼국수,용호골목시장,전통시장,부산광역시,,,
d2289d240a4aa8ffa776,full_annotation_v1,A,q_칼국수_02,칼국수,음식점 중 '칼국수'를 판매·제공하는 매장,test,칼국수,T1 정확표기,a5e0b7e8-540b-45ce-874b-24164fc6da39,홍두깨칼국수,칼국수,천안중앙시장,전통시장,충청남도,,,
2fdbe10ee2952f0ccd90,full_annotation_v1,A,q_칼국수_02,칼국수,음식점 중 '칼국수'를 판매·제공하는 매장,test,칼국수,T1 정확표기,806415b3-9191-45a9-b75f-32f1d42ed275,안흥칼국수,칼국수,자양전통시장,전통시장,서울특별시,,,
61067537854bb4b73c11,full_annotation_v1,A,q_칼국수_02,칼국수,음식점 중 '칼국수'를 판매·제공하는 매장,test,칼국수,T1 정확표기,f68128de-855c-4ae5-a0d3-03d348d01733,엄마손칼국수,칼국수,금곡골목형상점가,자율상권구역,경기도,,,
16466be7f3cdd1436ce1,full_annotation_v1,A,q_칼국수_02,칼국수,음식점 중 '칼국수'를 판매·제공하는 매장,test,칼국수,T1 정확표기,827f943a-ddce-4bbd-83b9-08ee7a7932c2,이민창칼국수,칼국수,나주 대호동 골목형상점가,골목형상점가,전라남도,,,
359e35039f0a31761998,full_annotation_v1,A,q_칼국수_02,칼국수,음식점 중 '칼국수'를 판매·제공하는 매장,test,칼국수,T1 정확표기,ad0acae0-f6c1-4931-af2c-100596b5b821,삼보칼국수,칼국수,양정 골목형상점가,골목형상점가,울산광역시,,,
f7031f83b9197a7df082,full_annotation_v1,A,q_칼국수_02,칼국수,음식점 중 '칼국수'를 판매·제공하는 매장,test,칼국수,T1 정확표기,bad99154-d43c-4812-b15f-6e9945bbb7b9,물총칼국수,칼국수,송죽만석 골목형상점가,골목형상점가,경기도,,,
d686d2bea3fc98693fc2,full_annotation_v1,A,q_칼국수_02,칼국수,음식점 중 '칼국수'를 판매·제공하는 매장,test,칼국수,T1 정확표기,0b26ec14-485f-4826-8e69-f2e2fd0ef91e,원조어탕,어탕수제비.칼국수,구미 금리단길 골목형상점가,골목형상점가,경상북도,,,
2143b318ba7f4d771ee6,full_annotation_v1,A,q_칼국수_02,칼국수,음식점 중 '칼국수'를 판매·제공하는 매장,test,칼국수,T1 정확표기,beb4a5b7-ae5c-49eb-85b8-e02ff641cab9,총총칼국수,칼국수,구미 금리단길 골목형상점가,골목형상점가,경상북도,,,
b1cb328b3848bafee501,full_annotation_v1,A,q_칼국수_02,칼국수,음식점 중 '칼국수'를 판매·제공하는 매장,test,칼국수,T1 정확표기,9c8ad7a5-e02d-4a3c-8479-34c8324845fe,홍두깨칼국수,칼국수,동원전통시장상점가,자율상권구역,서울특별시,,,
76a9dbf7b1b27ff50e51,full_annotation_v1,A,q_칼국수_02,칼국수,음식점 중 '칼국수'를 판매·제공하는 매장,test,칼국수,T1 정확표기,e6cd9e85-af10-4eaa-948f-00af7ee18be9,행복한 칼국수,칼국수,방이시장,전통시장,서울특별시,,,
ca8219b9bd7e385135cc,full_annotation_v1,A,q_칼국수_02,칼국수,음식점 중 '칼국수'를 판매·제공하는 매장,test,칼국수,T1 정확표기,06c08c2a-1549-4a5b-ab2e-b385ac252f13,방이손칼국수,간이음식 칼국수 수제비,방이시장,전통시장,서울특별시,,,
cccfc36f3d6650ce30be,full_annotation_v1,A,q_칼국수_02,칼국수,음식점 중 '칼국수'를 판매·제공하는 매장,test,칼국수,T1 정확표기,6e5fca87-7567-4adf-8e68-321f9c04c1bf,일신참칼국수,칼국수,동오마을골목형상점가,골목형상점가,경기도,,,
ac315b213f53f89c6f4f,full_annotation_v1,A,q_칼국수_02,칼국수,음식점 중 '칼국수'를 판매·제공하는 매장,test,칼국수,T1 정확표기,4178912d-a0ee-45cc-a04a-8d0b29a39cee,도담얼큰이 칼국수,칼국수,카림애비뉴애 골목형상점가,골목형상점가,세종특별자치시,,,
e1fc6b3ffe8afae0fbcc,full_annotation_v1,A,q_칼국수_02,칼국수,음식점 중 '칼국수'를 판매·제공하는 매장,test,칼국수,T1 정확표기,773bb694-4288-45b3-ae2b-05ae8c444de5,도리깨마당,칼국수,산수 먹자골목 골목형상점가,골목형상점가,광주광역시,,,
b78bbd82370ab2bd73d3,full_annotation_v1,A,q_칼국수_02,칼국수,음식점 중 '칼국수'를 판매·제공하는 매장,test,칼국수,T1 정확표기,e6639878-2227-4156-a3ab-19645c7492fe,옛날칼국수,칼국수,신정상가시장,전통시장,울산광역시,,,
6508576e02e20c74639e,full_annotation_v1,A,q_칼국수_02,칼국수,음식점 중 '칼국수'를 판매·제공하는 매장,test,칼국수,T1 정확표기,d476a12e-8d15-4a22-963c-da683a83a23a,두류칼국수,칼국수,두류신시장,전통시장,대구광역시,,,
7e3cc6b01adf4f5965b2,full_annotation_v1,A,q_칼국수_02,칼국수,음식점 중 '칼국수'를 판매·제공하는 매장,test,칼국수,T1 정확표기,6bfcc1cf-0ba7-41aa-a36d-ee8eb0233acf,홍두깨칼국수,칼국수,역곡상상시장(구 역곡북부시장),전통시장,경기도,,,
c2452d5a74e8cea100f3,full_annotation_v1,A,q_칼국수_02,칼국수,음식점 중 '칼국수'를 판매·제공하는 매장,test,칼국수,T1 정확표기,b9e5d89c-f000-4f24-862a-e18bb037e267,손칼국수개성빈대떡,칼국수,감전시장,전통시장,부산광역시,,,
4987f28610bf16bd4897,full_annotation_v1,A,q_칼국수_02,칼국수,음식점 중 '칼국수'를 판매·제공하는 매장,test,칼국수,T1 정확표기,84a43e31-89e8-4f18-82f6-85d4610acf92,도연칼국수,칼국수,수암종합시장,전통시장,울산광역시,,,
40e89a5803f6919f7372,full_annotation_v1,A,q_칼국수_02,칼국수,음식점 중 '칼국수'를 판매·제공하는 매장,test,칼국수,T1 정확표기,89846048-5314-47c6-8fe6-24d81d7d82c7,지리산회관,칼국수,법동시장,전통시장,대전광역시,,,
3238eec78e6f3fda2f65,full_annotation_v1,A,q_칼국수_02,칼국수,음식점 중 '칼국수'를 판매·제공하는 매장,test,칼국수,T1 정확표기,8dff9166-5872-4d40-a901-3465ae7fcc8c,중앙국수,칼국수,천안중앙시장,전통시장,충청남도,,,
7028ba157333fd9b325f,full_annotation_v1,A,q_칼국수_02,칼국수,음식점 중 '칼국수'를 판매·제공하는 매장,test,칼국수,T1 정확표기,1eae0844-4247-476a-988d-c65b4a03665a,동큐칼국수,칼국수,도마큰시장,전통시장,대전광역시,,,
5ffdb3916e61a040a750,full_annotation_v1,A,q_칼국수_02,칼국수,음식점 중 '칼국수'를 판매·제공하는 매장,test,칼국수,T1 정확표기,24bcdcc8-ff8c-4f51-9070-acdee4b38647,왕칼국수,칼국수,금남시장,전통시장,서울특별시,,,
cae1a2c47419e5f45a01,full_annotation_v1,A,q_칼국수_02,칼국수,음식점 중 '칼국수'를 판매·제공하는 매장,test,칼국수,T1 정확표기,013fc799-6c55-4fa3-b332-1251f068c422,행복식당,수제비,포항죽도시장,전통시장,경상북도,,,
e61a9315d4fd426708b1,full_annotation_v1,A,q_칼국수_02,칼국수,음식점 중 '칼국수'를 판매·제공하는 매장,test,칼국수,T1 정확표기,00d50d90-8afb-448e-b0fa-401fedd78dcb,공산성국수,국수,공산성골목형상점가,골목형상점가,충청남도,,,
2ba24c90b87f4d297ec9,full_annotation_v1,A,q_칼국수_02,칼국수,음식점 중 '칼국수'를 판매·제공하는 매장,test,칼국수,T1 정확표기,28cb7dc4-1f84-422a-a34f-1f4e70c7905f,정성가득,칼국수,초록거리 골목형상점가,골목형상점가,경기도,,,
24c504cbdd8a2fb13430,full_annotation_v1,A,q_칼국수_02,칼국수,음식점 중 '칼국수'를 판매·제공하는 매장,test,칼국수,T1 정확표기,c9b62f39-fcc9-4ca4-9703-ab0adfe248df,갯마을바지락칼국수,칼국수,맹동혁신골목형상점가,골목형상점가,충청북도,,,
e74149e45a641db5e4ff,full_annotation_v1,A,q_칼국수_02,칼국수,음식점 중 '칼국수'를 판매·제공하는 매장,test,칼국수,T1 정확표기,af4cffac-c5c7-4202-b7a0-bda61a9c541e,푸른마트,슈퍼,태화시장,전통시장,울산광역시,,,
cc7e99ec83cd0789621a,full_annotation_v1,A,q_칼국수_02,칼국수,음식점 중 '칼국수'를 판매·제공하는 매장,test,칼국수,T1 정확표기,0d36cfdd-f8a4-41f1-a864-8a98a8a82fff,우리분식,수제비,포항죽도시장,전통시장,경상북도,,,
15533fb5c2a37d2aff91,full_annotation_v1,A,q_칼국수_02,칼국수,음식점 중 '칼국수'를 판매·제공하는 매장,test,칼국수,T1 정확표기,5f6bb9f5-b25b-4f1e-ae2d-513b2e877a17,시장칼국수,칼국수,송화벽화시장,전통시장,서울특별시,,,
96e634ed234d1905e89c,full_annotation_v1,A,q_칼국수_02,칼국수,음식점 중 '칼국수'를 판매·제공하는 매장,test,칼국수,T1 정확표기,2be96f6f-63ce-48fa-a535-bf7746339e20,원조손칼국수,칼국수,열매 골목형상점가,골목형상점가,대전광역시,,,
66f2a21ce0463ce4ff48,full_annotation_v1,A,q_칼국수_02,칼국수,음식점 중 '칼국수'를 판매·제공하는 매장,test,칼국수,T1 정확표기,68b6e1b6-fd6d-4a7c-9dce-478707582c82,이런칼국수를보았나,칼국수,방아머리 골목형상점가,골목형상점가,경기도,,,
b0e1a06fc3b1e4feeeb0,full_annotation_v1,A,q_칼국수_02,칼국수,음식점 중 '칼국수'를 판매·제공하는 매장,test,칼국수,T1 정확표기,654e114c-27c6-4ae1-b005-21c1cc766f8f,하복대 시장파닭,치킨,하복대시장(구 하복대종합시장),전통시장,충청북도,,,
f9e901c33ce75a756be1,full_annotation_v1,A,q_칼국수_02,칼국수,음식점 중 '칼국수'를 판매·제공하는 매장,test,칼국수,T1 정확표기,0c501365-fa6c-43e6-bb7b-a3eb971f2b3f,커피하우스,"차, 음료",양동시장,전통시장,,,,
db72e24a0b65c477d2bf,full_annotation_v1,A,q_칼국수_02,칼국수,음식점 중 '칼국수'를 판매·제공하는 매장,test,칼국수,T1 정확표기,a22a0534-123f-4407-8a5a-22d7525fe3e1,홍두깨,칼국수,방학동도깨비시장,전통시장,서울특별시,,,
740e488eb73150f601a3,full_annotation_v1,A,q_칼국수_02,칼국수,음식점 중 '칼국수'를 판매·제공하는 매장,test,칼국수,T1 정확표기,1fe451c6-aaa1-4e9b-a30a-e3ef0c502407,대화상회,"식품, 잡화",영암5일시장,전통시장,전라남도,,,
3d06c4b517da00de7463,full_annotation_v1,A,q_칼국수_02,칼국수,음식점 중 '칼국수'를 판매·제공하는 매장,test,칼국수,T1 정확표기,0000a9c5-57f2-4719-9ec3-e5d864c7f008,새여울잔치국수,국수,용정 골목형상점가,골목형상점가,대전광역시,,,
6018c44741a66b005879,full_annotation_v1,A,q_칼국수_02,칼국수,음식점 중 '칼국수'를 판매·제공하는 매장,test,칼국수,T1 정확표기,d3dab068-8214-4509-83cf-c51d2542190d,홍두깨,칼국수,군위시장(구 군위전통시장),전통시장,대구광역시,,,
10cbf5f817078ac440a2,full_annotation_v1,A,q_칼국수_02,칼국수,음식점 중 '칼국수'를 판매·제공하는 매장,test,칼국수,T1 정확표기,050e486a-198b-4d6a-8456-5f06dc36423d,임가네칡냉면,음식(한식),조원시장,전통시장,경기도,,,
a5b99598f712428ece89,full_annotation_v1,A,q_칼국수_02,칼국수,음식점 중 '칼국수'를 판매·제공하는 매장,test,칼국수,T1 정확표기,194a6ba3-eb15-4044-bdb9-e05ee54c118a,본촌칼국수,칼국수,금메달 양산택지로 골목형상점가,골목형상점가,광주광역시,,,
960b54b28edf9cc8697f,full_annotation_v1,A,q_칼국수_02,칼국수,음식점 중 '칼국수'를 판매·제공하는 매장,test,칼국수,T1 정확표기,a3ab4c8f-eea8-43e6-bccf-b7ebef972723,엄마손칼국수,칼국수,까치산시장,전통시장,서울특별시,,,
b7377fad141759c83a10,full_annotation_v1,A,q_칼국수_02,칼국수,음식점 중 '칼국수'를 판매·제공하는 매장,test,칼국수,T1 정확표기,01204ba5-bc3e-4a17-83cd-1dd9bee98d5e,규수방,국수,대전정원시장,전통시장,대전광역시,,,
01e02ad576fff8d33d44,full_annotation_v1,A,q_칼국수_02,칼국수,음식점 중 '칼국수'를 판매·제공하는 매장,test,칼국수,T1 정확표기,d511f270-ec84-485f-9cb4-a11a154967a7,오씨 손 칼국수,칼국수,나성동 국세청 골목형상점가,골목형상점가,세종특별자치시,,,
d34d6b3b302e59d3a33a,full_annotation_v1,A,q_칼국수_02,칼국수,음식점 중 '칼국수'를 판매·제공하는 매장,test,칼국수,T1 정확표기,01a9b9f4-ca16-4571-bb85-8a4cd071d003,손칼국수,칼국수,홍천시장(홍천구시장),전통시장,강원특별자치도,,,
3b238977a3e1206a11c5,full_annotation_v1,A,q_칼국수_02,칼국수,음식점 중 '칼국수'를 판매·제공하는 매장,test,칼국수,T1 정확표기,0c9ad644-594c-473d-9376-1c085aed1702,옛날칼국수,칼국수,까치산시장,전통시장,서울특별시,,,
fce03858b3d3922ac05d,full_annotation_v1,A,q_칼국수_02,칼국수,음식점 중 '칼국수'를 판매·제공하는 매장,test,칼국수,T1 정확표기,88f914f8-d6ba-4fb4-ae8b-5e079da306d3,시장칼국수,칼국수,연동골목시장,자율상권구역,부산광역시,,,
a56f6e68758045cd69dc,full_annotation_v1,A,q_칼국수_02,칼국수,음식점 중 '칼국수'를 판매·제공하는 매장,test,칼국수,T1 정확표기,33e63f7a-daed-4724-bd5c-167928399d5d,영시칼국수,칼국수,하양꿈바우시장,전통시장,경상북도,,,
3d5dfc6eff4268383529,full_annotation_v1,A,q_칼국수_02,칼국수,음식점 중 '칼국수'를 판매·제공하는 매장,test,칼국수,T1 정확표기,00cef312-cb5c-4dea-ad69-88c556146024,주산팥죽,"팥죽, 칼국수",부안상설시장,전통시장,전북특별자치도,,,
e41543710f90699f590e,full_annotation_v1,A,q_칼국수_02,칼국수,음식점 중 '칼국수'를 판매·제공하는 매장,test,칼국수,T1 정확표기,1a1b038c-2929-4c34-b2ca-7ce4a362d6c0,동천칼국수,칼국수,백년소상공인,,충청북도,,,
6b0c6bba7968d7756992,full_annotation_v1,A,q_칼국수_02,칼국수,음식점 중 '칼국수'를 판매·제공하는 매장,test,칼국수,T1 정확표기,45bbcd3b-25d6-42da-8ae6-6b7ab83ab896,김강심칼국수,칼국수,매월동상인회 골목형상점가,골목형상점가,광주광역시,,,
480576fc73576c02a942,full_annotation_v1,A,q_칼국수_02,칼국수,음식점 중 '칼국수'를 판매·제공하는 매장,test,칼국수,T1 정확표기,7d34d5af-e6b9-4581-875f-3d688be5d8cf,갈비촌,"소고기, 돼지고기, 탕류, 국류, 식사류, 주류 및 음료",둔촌스포츠거리 골목형상점가,골목형상점가,서울특별시,,,
1cb245f876919d9819c8,full_annotation_v1,A,q_칼국수_02,칼국수,음식점 중 '칼국수'를 판매·제공하는 매장,test,칼국수,T1 정확표기,fb74048d-40cf-4a3d-9760-61387dfa24fe,파장상회야채,농산물,북수원시장( 구 파장시장),전통시장,경기도,,,
f47db43be6ba3cd66951,full_annotation_v1,A,q_칼국수_02,칼국수,음식점 중 '칼국수'를 판매·제공하는 매장,test,칼국수,T1 정확표기,4c9047f1-7a06-4f7c-8cff-572c3abd83a3,이천손칼국수,칼국수,하가지구 골목형상점가,골목형상점가,전북특별자치도,,,
513fbe0de6f8faaab9e9,full_annotation_v1,A,q_칼국수_02,칼국수,음식점 중 '칼국수'를 판매·제공하는 매장,test,칼국수,T1 정확표기,1d4001e1-26d6-4887-8150-32c09eff0275,그린칼국수,칼국수,오천시장,전통시장,경상북도,,,
f956de3c2c7fdc587056,full_annotation_v1,A,q_칼국수_02,칼국수,음식점 중 '칼국수'를 판매·제공하는 매장,test,칼국수,T1 정확표기,7f598a26-3c13-448e-b8b2-d2246a07e735,누이랑 칼국수,칼국수,길동복조리시장,전통시장,서울특별시,,,
77b24dd82b5aa8343136,full_annotation_v1,A,q_칼국수_02,칼국수,음식점 중 '칼국수'를 판매·제공하는 매장,test,칼국수,T1 정확표기,5aeee5be-53fd-449e-a309-539aa2ee2f48,홍두깨칼국수,칼국수,인천모래내전통시장,전통시장,인천광역시,,,
85d57afd8ee202ed92ca,full_annotation_v1,A,q_칼국수_02,칼국수,음식점 중 '칼국수'를 판매·제공하는 매장,test,칼국수,T1 정확표기,1d4ba661-8472-4e63-83f3-c66eb0517dba,온닭,칼국수,쌍학로상인회 골목형상점가,골목형상점가,광주광역시,,,
b44d8db4e99b44edd609,full_annotation_v1,A,q_칼국수_02,칼국수,음식점 중 '칼국수'를 판매·제공하는 매장,test,칼국수,T1 정확표기,56abdac2-b014-4969-b28a-51cb1dfbf74e,홍두깨 칼국수,음식점업(칼국수),평택통복시장,전통시장,경기도,,,
c22d285a40d82293fb62,full_annotation_v1,A,q_칼국수_02,칼국수,음식점 중 '칼국수'를 판매·제공하는 매장,test,칼국수,T1 정확표기,de0f0b46-918f-4a59-9c22-86b65c9b6cba,쌍쌍칼국수,칼국수,쌍리단길상점가,자율상권구역,서울특별시,,,
d847e5e27581a994049b,full_annotation_v1,A,q_칼국수_02,칼국수,음식점 중 '칼국수'를 판매·제공하는 매장,test,칼국수,T1 정확표기,7d66ca30-167c-4796-b6ff-4c3f4e1840a0,태웅칼국수,칼국수,남부골목시장,전통시장,서울특별시,,,
65a769d605fc2e5f6473,full_annotation_v1,A,q_칼국수_02,칼국수,음식점 중 '칼국수'를 판매·제공하는 매장,test,칼국수,T1 정확표기,1b399245-bc37-4316-915b-9c4cafb4485c,껍데기집,"음식점(돼지고기,껍데기)",왕십리도선동상점가,자율상권구역,서울특별시,,,
cafd38ea95782cb20129,full_annotation_v1,A,q_칼국수_02,칼국수,음식점 중 '칼국수'를 판매·제공하는 매장,test,칼국수,T1 정확표기,58952247-4057-4627-b591-076d5f4cbda9,자매식당,칼국수,왜관시장,전통시장,경상북도,,,
96cc77aec512a7060ef4,full_annotation_v1,A,q_칼국수_02,칼국수,음식점 중 '칼국수'를 판매·제공하는 매장,test,칼국수,T1 정확표기,e2174ade-b456-4da8-853c-579a295c068a,수라궁중칼국수,칼국수,느다리 골목형상점가,골목형상점가,대전광역시,,,
cd51e6c3ad1e7252b281,full_annotation_v1,A,q_칼국수_02,칼국수,음식점 중 '칼국수'를 판매·제공하는 매장,test,칼국수,T1 정확표기,d4416584-0ac9-4231-b17a-2b5876adaa51,상우칼국수,칼국수,월산4동 골목형상점가,골목형상점가,광주광역시,,,
bca4c9943ff30e5f7f0b,full_annotation_v1,A,q_칼국수_02,칼국수,음식점 중 '칼국수'를 판매·제공하는 매장,test,칼국수,T1 정확표기,789bcc21-5b34-4b9e-a6b7-60f1fc4f0ea2,허니하우스,"커피, 수제청",명산시장,전통시장,전북특별자치도,,,
646c38ec0b727a7da695,full_annotation_v1,A,q_칼국수_02,칼국수,음식점 중 '칼국수'를 판매·제공하는 매장,test,칼국수,T1 정확표기,6b656c4a-1177-4a45-a687-63deb51c6c80,더맛있는닭칼국수,칼국수,통영 죽림상점가,자율상권구역,경상남도,,,
3e49aa0922287e91ea43,full_annotation_v1,A,q_칼국수_02,칼국수,음식점 중 '칼국수'를 판매·제공하는 매장,test,칼국수,T1 정확표기,09e05b7a-7b3a-496d-97c6-f6f2fd26b1a0,홍두깨손칼국수,칼국수,신기시장,전통시장,인천광역시,,,
dba9b90900ed4843f3c8,full_annotation_v1,A,q_칼국수_02,칼국수,음식점 중 '칼국수'를 판매·제공하는 매장,test,칼국수,T1 정확표기,8282218c-90a5-439a-9d84-66177535d1ac,장기칼국수,칼국수,오천시장,전통시장,경상북도,,,
64b72816b9ad69fbbc21,full_annotation_v1,A,q_칼국수_02,칼국수,음식점 중 '칼국수'를 판매·제공하는 매장,test,칼국수,T1 정확표기,0aa1c4a4-48c0-4eaf-a236-0136965e01a5,신흥칼국수,칼국수,부천신흥시장,전통시장,경기도,,,
8b1b2bcb9ea0590bb00b,full_annotation_v1,A,q_칼국수_02,칼국수,음식점 중 '칼국수'를 판매·제공하는 매장,test,칼국수,T1 정확표기,7a7c51ea-d743-4a7f-a110-dc62e2b28875,홍두깨칼국수,칼국수,석교동 이웃마루 골목형상점가,골목형상점가,대전광역시,,,
012ee5bc3ae88b35cca4,full_annotation_v1,A,q_칼국수_02,칼국수,음식점 중 '칼국수'를 판매·제공하는 매장,test,칼국수,T1 정확표기,c272733e-5237-47a1-8123-15c677fad2d6,순이네칼국수,칼국수,김제전통시장,전통시장,전북특별자치도,,,
a7dcb40e4bf4e91b29e1,full_annotation_v1,A,q_칼국수_02,칼국수,음식점 중 '칼국수'를 판매·제공하는 매장,test,칼국수,T1 정확표기,b16e3e62-e28d-4a76-bbfc-ddc1475b669f,홍두깨,칼국수,수원남문패션1번가시장,전통시장,경기도,,,
f85b2fd3ec5994d5df3b,full_annotation_v1,A,q_칼국수_02,칼국수,음식점 중 '칼국수'를 판매·제공하는 매장,test,칼국수,T1 정확표기,4ee0355a-539f-4973-b2a0-1337c02c6d3b,양반고깃집,칼국수,부여도심 상권활성화구역,상권활성화구역,충청남도,,,
d1e0af2d37db36396127,full_annotation_v1,A,q_칼국수_02,칼국수,음식점 중 '칼국수'를 판매·제공하는 매장,test,칼국수,T1 정확표기,3948ab17-ef32-42ee-a662-707fae6454d9,송미령칼국수,칼국수,부사시장,전통시장,대전광역시,,,
58b4cae7463e5b141391,full_annotation_v1,A,q_칼국수_02,칼국수,음식점 중 '칼국수'를 판매·제공하는 매장,test,칼국수,T1 정확표기,44320be2-de0b-4e4c-a4a3-19b73c24bf61,화봉손칼국수,칼국수,휴먼시아 3단지 골목형상점가,골목형상점가,울산광역시,,,
7ac2ed6378fd4732be8a,full_annotation_v1,A,q_칼국수_02,칼국수,음식점 중 '칼국수'를 판매·제공하는 매장,test,칼국수,T1 정확표기,bc770d28-14c0-41eb-adf8-4ff2e74afd64,명가바지락칼국수,칼국수,중문로 골목형상점가,골목형상점가,광주광역시,,,
93cfa9ea506ec43490a1,full_annotation_v1,A,q_칼국수_02,칼국수,음식점 중 '칼국수'를 판매·제공하는 매장,test,칼국수,T1 정확표기,94095616-66d0-45f0-aad2-c6990e8fa832,조선절면:칼국수,칼국수,노은상가연합 골목형상점가,골목형상점가,대전광역시,,,
199b2e8bb555efd33684,full_annotation_v1,A,q_칼국수_02,칼국수,음식점 중 '칼국수'를 판매·제공하는 매장,test,칼국수,T1 정확표기,0afd7055-8c73-4104-8790-70550bdb04a3,홍두깨 칼국수,칼국수,원종고강제일시장(부천제일시장),전통시장,경기도,,,
36275d15bf4dbfe2d72b,full_annotation_v1,A,q_칼국수_02,칼국수,음식점 중 '칼국수'를 판매·제공하는 매장,test,칼국수,T1 정확표기,b9586798-9aa9-4dd0-b599-da5fcff02eb5,"항아리수제비,칼국수",칼국수,도봉산옛길골목형상점가,골목형상점가,서울특별시,,,
0282c7a4430cda58d5d2,full_annotation_v1,A,q_칼국수_02,칼국수,음식점 중 '칼국수'를 판매·제공하는 매장,test,칼국수,T1 정확표기,0182c177-fcc7-47b0-8e12-99eb221aff79,시장초장식당,"칼국수, 열무비빔밥, 국, 반찬",경주중앙시장,전통시장,경상북도,,,
36c4e4dc39115b414cf9,full_annotation_v1,A,q_칼국수_02,칼국수,음식점 중 '칼국수'를 판매·제공하는 매장,test,칼국수,T1 정확표기,e97259ec-66e3-456d-ab00-a32c60b8d145,성진식품,음식점(김치),은마종합상점가,자율상권구역,서울특별시,,,
e89aed64d07bfcb5347d,full_annotation_v1,A,q_칼국수_02,칼국수,음식점 중 '칼국수'를 판매·제공하는 매장,test,칼국수,T1 정확표기,ca9dc58c-46a7-464a-8327-fd7bc339a366,황가네칼국수,칼국수,세종대평시장,전통시장,세종특별자치시,,,
903987a3fd25e84cded7,full_annotation_v1,A,q_칼국수_02,칼국수,음식점 중 '칼국수'를 판매·제공하는 매장,test,칼국수,T1 정확표기,24e20700-5985-48cb-9d5e-b498ce8f15d4,목포칼국수,칼국수,청량리농수산물시장,전통시장,서울특별시,,,
5085886326e6e0daa317,full_annotation_v1,A,q_칼국수_02,칼국수,음식점 중 '칼국수'를 판매·제공하는 매장,test,칼국수,T1 정확표기,0fa3f1ae-17e9-4b92-9a8e-fa378a9ae05b,대덕칼국수,칼국수,단양구경시장(단양인정시장),전통시장,충청북도,,,
c83b63e85d5e1dbd4caf,full_annotation_v1,A,q_칼국수_02,칼국수,음식점 중 '칼국수'를 판매·제공하는 매장,test,칼국수,T1 정확표기,7176d35a-8154-46de-9b95-7133b97b1020,안골 칼국수,칼국수,어은누리 골목형상점가,골목형상점가,대전광역시,,,
c2603ebae19540432fbd,full_annotation_v1,A,q_칼국수_02,칼국수,음식점 중 '칼국수'를 판매·제공하는 매장,test,칼국수,T1 정확표기,0481f4ab-3e3b-4448-b34a-839dea91b642,경북칼국수,칼국수,신정상가시장,전통시장,울산광역시,,,
95f2b7d99e888cd923a0,full_annotation_v1,A,q_칼국수_02,칼국수,음식점 중 '칼국수'를 판매·제공하는 매장,test,칼국수,T1 정확표기,f2ae92b8-681a-424a-90ff-f317b37231c6,장터 칼국수,,창동신창시장,전통시장,서울특별시,,,
6e682e18e776b965431b,full_annotation_v1,A,q_칼국수_03,국수집,음식점 중 '칼국수'를 판매·제공하는 매장,test,칼국수,T2 동의어,e3260da8-ec85-4a58-b7f8-8fe2f75d4922,장터국수집,한식,유구시장,전통시장,충청남도,,,
98c6b34bf451e4090b76,full_annotation_v1,A,q_칼국수_03,국수집,음식점 중 '칼국수'를 판매·제공하는 매장,test,칼국수,T2 동의어,375e02dc-0bcf-48e9-a1ee-407214a54f94,국수집,국수,조종시장,전통시장,경기도,,,
12a01ac9e057e3c972d2,full_annotation_v1,A,q_칼국수_03,국수집,음식점 중 '칼국수'를 판매·제공하는 매장,test,칼국수,T2 동의어,1dc4d843-0c1e-4121-b57c-805ab7a7f446,공주병,여성의류,미포1길 골목형상점가,골목형상점가,울산광역시,,,
7ca3354ec186bd658799,full_annotation_v1,A,q_칼국수_03,국수집,음식점 중 '칼국수'를 판매·제공하는 매장,test,칼국수,T2 동의어,01a468d2-cf3e-4db1-826a-771917b2e910,제주일월국수,국수,관평동 골목형상점가,골목형상점가,대전광역시,,,
6c69b0e8b36d2d905e76,full_annotation_v1,A,q_칼국수_03,국수집,음식점 중 '칼국수'를 판매·제공하는 매장,test,칼국수,T2 동의어,0b8c3a72-acd7-40fa-9e3f-683fae8f95a9,시장국수집,한식 음식점업,문산자유시장,전통시장,경기도,,,
7d60d9b1f68f0f30ee58,full_annotation_v1,A,q_칼국수_03,국수집,음식점 중 '칼국수'를 판매·제공하는 매장,test,칼국수,T2 동의어,02457d93-c70f-4fee-bbbe-38e35d009983,선유도국수집,음식점,선유도역골목형상점가,골목형상점가,서울특별시,,,
a7f03ec6e4097679a19f,full_annotation_v1,A,q_칼국수_03,국수집,음식점 중 '칼국수'를 판매·제공하는 매장,test,칼국수,T2 동의어,00057366-f4a3-4b3b-a763-5545eb9cda8a,구봉국수,잔치국수,여수서시장주변시장,전통시장,전라남도,,,
8f616bcdea0db7235c9c,full_annotation_v1,A,q_칼국수_03,국수집,음식점 중 '칼국수'를 판매·제공하는 매장,test,칼국수,T2 동의어,0d36cfdd-f8a4-41f1-a864-8a98a8a82fff,우리분식,수제비,포항죽도시장,전통시장,경상북도,,,
8e28dc318ba3b60350ce,full_annotation_v1,A,q_칼국수_03,국수집,음식점 중 '칼국수'를 판매·제공하는 매장,test,칼국수,T2 동의어,d52eb5ce-05bd-4cbb-89a1-fdf8f9ddff29,옛날국수집,국수,부천자유시장,전통시장,경기도,,,
bf25ffe805161f204f4c,full_annotation_v1,A,q_칼국수_03,국수집,음식점 중 '칼국수'를 판매·제공하는 매장,test,칼국수,T2 동의어,23f9a1b1-89e2-4190-a251-f17f3f537227,은분이네 국수집,음식(국수),연일전통시장,전통시장,경상북도,,,
33d830025f5c689aa503,full_annotation_v1,A,q_칼국수_03,국수집,음식점 중 '칼국수'를 판매·제공하는 매장,test,칼국수,T2 동의어,32e26112-f2cd-463d-93b5-4df82925755e,예로체한의원,한약,평촌1번가 상점가,자율상권구역,경기도,,,
b354ef5041859fa8b777,full_annotation_v1,A,q_칼국수_03,국수집,음식점 중 '칼국수'를 판매·제공하는 매장,test,칼국수,T2 동의어,a7727762-becb-4da0-9c2b-16651c88a504,행복한 국수집,한식,오케이 양산동 골목형상점가,골목형상점가,광주광역시,,,
4534174231c48a3d3940,full_annotation_v1,A,q_칼국수_03,국수집,음식점 중 '칼국수'를 판매·제공하는 매장,test,칼국수,T2 동의어,013fc799-6c55-4fa3-b332-1251f068c422,행복식당,수제비,포항죽도시장,전통시장,경상북도,,,
f6e184c9b8ae3e31328a,full_annotation_v1,A,q_칼국수_03,국수집,음식점 중 '칼국수'를 판매·제공하는 매장,test,칼국수,T2 동의어,91128aa8-3f3b-428c-9586-ae12b4379afb,마시왕잔치국수,국수집,성복 온누리 골목형상점가,골목형상점가,경기도,,,
0613036d9c72148756ff,full_annotation_v1,A,q_칼국수_03,국수집,음식점 중 '칼국수'를 판매·제공하는 매장,test,칼국수,T2 동의어,e61077e2-d33e-4664-9143-5587535a88ff,항아리국수집,국수,평택통복시장,전통시장,경기도,,,
4f7ee7ecc0e3acd55a27,full_annotation_v1,A,q_칼국수_03,국수집,음식점 중 '칼국수'를 판매·제공하는 매장,test,칼국수,T2 동의어,f24166f6-8534-4660-a356-9f35ddb40555,꼬끼요&고기요,전기구이바베큐,수유중앙골목시장골목형상점가,골목형상점가,서울특별시,,,
515bdb82c84c88a82461,full_annotation_v1,A,q_칼국수_03,국수집,음식점 중 '칼국수'를 판매·제공하는 매장,test,칼국수,T2 동의어,00b090ad-30c0-4573-a43a-123f5116851b,호호정 멸치국수,,그랜드프라자&상용b상가 상점가,골목형상점가,경기도,,,
9675bbd34f93849bcc25,full_annotation_v1,A,q_칼국수_03,국수집,음식점 중 '칼국수'를 판매·제공하는 매장,test,칼국수,T2 동의어,815af770-71ae-4e59-a4b9-7335baf257cb,모모네국수집,분식,평촌1번가 상점가,자율상권구역,경기도,,,
a7acbc3776f853b6276d,full_annotation_v1,A,q_칼국수_03,국수집,음식점 중 '칼국수'를 판매·제공하는 매장,test,칼국수,T2 동의어,ec88c998-1b87-41be-9f5c-f0aa3ad509c0,만복국수집,만복국수집,포항 쌍사상가 골목형상점가,골목형상점가,경상북도,,,
f1208bcb4ed222ed9f37,full_annotation_v1,A,q_칼국수_03,국수집,음식점 중 '칼국수'를 판매·제공하는 매장,test,칼국수,T2 동의어,ae0b0c09-a041-4b36-a209-9f46f1db8a53,서울혼수집,외의,봉화상설시장,전통시장,경상북도,,,
584c7704cb7de86c3dbf,full_annotation_v1,A,q_칼국수_03,국수집,음식점 중 '칼국수'를 판매·제공하는 매장,test,칼국수,T2 동의어,4f410dde-971b-485a-a66b-d1c36d7a7e9e,행복한국수집,국수,전주중산공원 골목형상점가,골목형상점가,전북특별자치도,,,
482fcf8407671d2b7cf9,full_annotation_v1,A,q_칼국수_03,국수집,음식점 중 '칼국수'를 판매·제공하는 매장,test,칼국수,T2 동의어,0000a9c5-57f2-4719-9ec3-e5d864c7f008,새여울잔치국수,국수,용정 골목형상점가,골목형상점가,대전광역시,,,
1db32599ce384f1891df,full_annotation_v1,A,q_칼국수_03,국수집,음식점 중 '칼국수'를 판매·제공하는 매장,test,칼국수,T2 동의어,0d8fce0a-d4db-4f9d-b3ac-23b11915cf70,할머니국수집,국수,봉동생강골시장,전통시장,전북특별자치도,,,
d0d9bf51061b094efaf6,full_annotation_v1,A,q_칼국수_03,국수집,음식점 중 '칼국수'를 판매·제공하는 매장,test,칼국수,T2 동의어,e7ce3a35-5e5a-4364-922c-c7bcf68771d4,쌀국수집,동남아음식,구미 아카데미상가 골목형상점가,골목형상점가,경상북도,,,
0a8e7f9c55780875b080,full_annotation_v1,A,q_칼국수_03,국수집,음식점 중 '칼국수'를 판매·제공하는 매장,test,칼국수,T2 동의어,b8ec3442-2e1e-45b7-94f3-e8b9fc2dfc7b,소문난 손칼국수집,칼국수,하남시서석바대상점가,자율상권구역,경기도,,,
4229b11dd20bd5d6ce05,full_annotation_v1,A,q_칼국수_03,국수집,음식점 중 '칼국수'를 판매·제공하는 매장,test,칼국수,T2 동의어,7dae17ea-307c-4fd2-9d98-5784294c42f0,김가네국수집,국수 김밥,신도봉시장,전통시장,서울특별시,,,
3c69be6e74f29e4b7b7c,full_annotation_v1,A,q_칼국수_03,국수집,음식점 중 '칼국수'를 판매·제공하는 매장,test,칼국수,T2 동의어,0b26ec14-485f-4826-8e69-f2e2fd0ef91e,원조어탕,어탕수제비.칼국수,구미 금리단길 골목형상점가,골목형상점가,경상북도,,,
ec41d014189af5c04aac,full_annotation_v1,A,q_칼국수_03,국수집,음식점 중 '칼국수'를 판매·제공하는 매장,test,칼국수,T2 동의어,d08a7879-48fe-495f-a7d1-6f7c6cd4a25e,불패칼국수 월피동점,"칼국수, 해물파전, 보리밥",안산다농마트전통시장,전통시장,경기도,,,
bec55ba4e7454874ad59,full_annotation_v1,A,q_칼국수_03,국수집,음식점 중 '칼국수'를 판매·제공하는 매장,test,칼국수,T2 동의어,816a3906-e9c1-4f5a-8bd2-9d5102671b84,부르주하,피부미용,이지더원 골목형 상점가,골목형상점가,충청남도,,,
84acf9d1291ebbe31366,full_annotation_v1,A,q_칼국수_03,국수집,음식점 중 '칼국수'를 판매·제공하는 매장,test,칼국수,T2 동의어,1541aa4d-f5ec-4859-9fb0-526fe494945a,만복국수집,보쌈,장기동 먹거리상가 골목형상점가,골목형상점가,대구광역시,,,
2026df8c66ab7e701e7b,full_annotation_v1,A,q_칼국수_03,국수집,음식점 중 '칼국수'를 판매·제공하는 매장,test,칼국수,T2 동의어,19257d21-0e13-4704-bf7a-85ea7f5070e9,정가네국수집,한식,안동서부시장,전통시장,경상북도,,,
305d2db3b62a03ffbe63,full_annotation_v1,A,q_칼국수_03,국수집,음식점 중 '칼국수'를 판매·제공하는 매장,test,칼국수,T2 동의어,5edae118-f6c3-4ba7-8efc-4a3044cf30fb,어수정국수집,국수,문산자유시장,전통시장,경기도,,,
97dc4a91526ffb6c78fa,full_annotation_v1,A,q_칼국수_03,국수집,음식점 중 '칼국수'를 판매·제공하는 매장,test,칼국수,T2 동의어,1ec4ae2c-dd64-42f8-bccc-369f67ecbd91,보리쭈꾸미,한식,귀인동먹거리촌 골목형상점가,골목형상점가,경기도,,,
2a72a14bf355707843cd,full_annotation_v1,A,q_칼국수_03,국수집,음식점 중 '칼국수'를 판매·제공하는 매장,test,칼국수,T2 동의어,31b77c04-8f4f-45e8-bf2c-a02ca420d6d5,국수포차,,서부시장,전통시장,대구광역시,,,
18ac0b730eb3337045fa,full_annotation_v1,A,q_칼국수_03,국수집,음식점 중 '칼국수'를 판매·제공하는 매장,test,칼국수,T2 동의어,454a7e0a-c814-40d6-9500-cc37197e2bdc,시장국수집,음식점,남부골목시장,전통시장,서울특별시,,,
a065d47cd3e1ca49fe5a,full_annotation_v1,A,q_칼국수_03,국수집,음식점 중 '칼국수'를 판매·제공하는 매장,test,칼국수,T2 동의어,06c08c2a-1549-4a5b-ab2e-b385ac252f13,방이손칼국수,간이음식 칼국수 수제비,방이시장,전통시장,서울특별시,,,
a5dbc8424673c58700b9,full_annotation_v1,A,q_칼국수_03,국수집,음식점 중 '칼국수'를 판매·제공하는 매장,test,칼국수,T2 동의어,00d50d90-8afb-448e-b0fa-401fedd78dcb,공산성국수,국수,공산성골목형상점가,골목형상점가,충청남도,,,
a29caf93de13ff09562b,full_annotation_v1,A,q_칼국수_03,국수집,음식점 중 '칼국수'를 판매·제공하는 매장,test,칼국수,T2 동의어,02f0d2df-412f-4757-9c4c-b3a40267f829,스타무용학원,무용학원,매곡 가인 골목형상점가,골목형상점가,광주광역시,,,
8166fc6460a7a0d91d48,full_annotation_v1,A,q_칼국수_03,국수집,음식점 중 '칼국수'를 판매·제공하는 매장,test,칼국수,T2 동의어,6910f554-a3d1-49f6-9346-cf50f0cd6c5c,고령할매국수집,한식,고령대가야시장,전통시장,경상북도,,,
19f81249142c05d3c2a2,full_annotation_v1,A,q_칼국수_03,국수집,음식점 중 '칼국수'를 판매·제공하는 매장,test,칼국수,T2 동의어,80a55574-a0c3-499a-9783-a74ed70d9c26,만복 국수집(두류점),한식,대구예전우시장,전통시장,대구광역시,,,
cd89947649a9f2e2fc7b,full_annotation_v1,A,q_칼국수_03,국수집,음식점 중 '칼국수'를 판매·제공하는 매장,test,칼국수,T2 동의어,9bd8ff79-5b19-4159-b55a-381931a196cf,고산국밥,국밥 낙지초무침 김치찜,31사단 골목형상점가,골목형상점가,광주광역시,,,
c08ffcf9e609e9ef43ac,full_annotation_v1,A,q_칼국수_03,국수집,음식점 중 '칼국수'를 판매·제공하는 매장,test,칼국수,T2 동의어,97558adf-29b1-42ef-8c31-d45891d4cd2a,작은부엌,한식,통인시장,전통시장,서울특별시,,,
492ddc487b6ee8ec8ab4,full_annotation_v1,A,q_칼국수_03,국수집,음식점 중 '칼국수'를 판매·제공하는 매장,test,칼국수,T2 동의어,b0d9b6b9-9380-48bf-9f0f-227a816c17c7,시장국수집,한식,진보전통시장,전통시장,경상북도,,,
8fbdaefa0bf179dae583,full_annotation_v1,A,q_칼국수_03,국수집,음식점 중 '칼국수'를 판매·제공하는 매장,test,칼국수,T2 동의어,2edb08fa-b9de-45f4-a728-7d0feff49499,영순네국수집,국수,우산청년골목형상점가,골목형상점가,강원특별자치도,,,
6712943263449ad9062d,full_annotation_v1,A,q_칼국수_03,국수집,음식점 중 '칼국수'를 판매·제공하는 매장,test,칼국수,T2 동의어,4ebf1032-1a9f-49f6-b379-c7506be5218c,맨도롱국수집,한식,천지동 아랑조을거리,골목형상점가,제주특별자치도,,,
2190c65b2f4c6bba528e,full_annotation_v1,A,q_칼국수_03,국수집,음식점 중 '칼국수'를 판매·제공하는 매장,test,칼국수,T2 동의어,0182c177-fcc7-47b0-8e12-99eb221aff79,시장초장식당,"칼국수, 열무비빔밥, 국, 반찬",경주중앙시장,전통시장,경상북도,,,
6850c06fe89d99182c6a,full_annotation_v1,A,q_칼국수_03,국수집,음식점 중 '칼국수'를 판매·제공하는 매장,test,칼국수,T2 동의어,cb9053a2-bd18-42a5-b753-d2e518d3f876,안면도전통손칼국수집,한식,성안길상점가,자율상권구역,충청북도,,,
098f46a7ee1af3ea95e1,full_annotation_v1,A,q_칼국수_03,국수집,음식점 중 '칼국수'를 판매·제공하는 매장,test,칼국수,T2 동의어,81d4bf56-6d09-434e-9fc1-d8882f227994,바리,여성의류,매곡동 골목형상점가,골목형상점가,광주광역시,,,
7c807d184d9c95d32029,full_annotation_v1,A,q_칼국수_03,국수집,음식점 중 '칼국수'를 판매·제공하는 매장,test,칼국수,T2 동의어,01204ba5-bc3e-4a17-83cd-1dd9bee98d5e,규수방,국수,대전정원시장,전통시장,대전광역시,,,
c78bc070bf99315ab5af,full_annotation_v1,A,q_칼국수_03,국수집,음식점 중 '칼국수'를 판매·제공하는 매장,test,칼국수,T2 동의어,00baf772-7ca3-475a-a614-a5dc35286be7,시골막국수와 옹심이 충북혁신도시점,막국수,맹동혁신골목형상점가,골목형상점가,충청북도,,,
a7257c228e7d35f66a32,full_annotation_v1,A,q_칼국수_03,국수집,음식점 중 '칼국수'를 판매·제공하는 매장,test,칼국수,T2 동의어,fc54672a-2561-4c0a-be60-f84ee2360df4,성복동 국수집,국수,성복 온누리 골목형상점가,골목형상점가,경기도,,,
b8ee667d6f1f4620a6e9,full_annotation_v1,A,q_칼국수_03,국수집,음식점 중 '칼국수'를 판매·제공하는 매장,test,칼국수,T2 동의어,0dc3ab7d-7bf0-49b3-a1e1-b42c046471ef,국수집,한식,은행나무시장(구시흥중앙시장),전통시장,서울특별시,,,
b96726d5c1595922b377,full_annotation_v1,A,q_칼국수_03,국수집,음식점 중 '칼국수'를 판매·제공하는 매장,test,칼국수,T2 동의어,2ed713f1-2bff-4afd-ac91-f80e5c08331f,국수집,국수,호계종합시장,전통시장,경기도,,,
cffd8b9e692407f8a07e,full_annotation_v1,A,q_칼국수_03,국수집,음식점 중 '칼국수'를 판매·제공하는 매장,test,칼국수,T2 동의어,1f3bd9b3-91ac-44a8-8043-87a3462bff1b,구름한조각,커피디저트,부여중앙시장,전통시장,충청남도,,,
865032c897f1f97367a9,full_annotation_v1,A,q_칼국수_03,국수집,음식점 중 '칼국수'를 판매·제공하는 매장,test,칼국수,T2 동의어,df47ed50-573a-4630-8546-1cd8669aaf80,멸치국수집,국수,보라빛거리골목형상점가,골목형상점가,서울특별시,,,
6ffe3855b97df7d72714,full_annotation_v1,A,q_칼국수_03,국수집,음식점 중 '칼국수'를 판매·제공하는 매장,test,칼국수,T2 동의어,feca8c21-4cd2-449a-8b50-6fe1e3276cd8,국수집,국수,1913송정역시장,전통시장,광주광역시,,,
4209c557cdb7b6089ee7,full_annotation_v1,A,q_칼국수_03,국수집,음식점 중 '칼국수'를 판매·제공하는 매장,test,칼국수,T2 동의어,00cef312-cb5c-4dea-ad69-88c556146024,주산팥죽,"팥죽, 칼국수",부안상설시장,전통시장,전북특별자치도,,,
45dbc495bc269c9fa6dc,full_annotation_v1,A,q_칼국수_03,국수집,음식점 중 '칼국수'를 판매·제공하는 매장,test,칼국수,T2 동의어,df2e608e-4f09-4f5b-a92d-4c70a01052bf,김안과의원,안과,평화시장 닭똥집명물거리 골목형상점가,골목형상점가,대구광역시,,,
513f4a76fdade33c7103,full_annotation_v1,A,q_칼국수_03,국수집,음식점 중 '칼국수'를 판매·제공하는 매장,test,칼국수,T2 동의어,50a24325-a263-4d83-9566-51e410a226b6,미래도국수집,국수,도래미시장,전통시장,강원특별자치도,,,
d203c381d1ec81165e4d,full_annotation_v1,A,q_칼국수_03,국수집,음식점 중 '칼국수'를 판매·제공하는 매장,test,칼국수,T2 동의어,0cdea40b-df17-41f5-aad7-8d3cfefc0f89,수제비집,수제비,주막거리상점가,자율상권구역,경기도,,,
a6abe17b242685c295af,full_annotation_v1,A,q_칼국수_03,국수집,음식점 중 '칼국수'를 판매·제공하는 매장,test,칼국수,T2 동의어,20bc5df6-6fb4-4e6b-bb4b-2c6822e6902d,국수명가,국수,울진시장(울진바지게시장),전통시장,경상북도,,,
2398f7c95ea6faa023a3,full_annotation_v1,A,q_칼국수_03,국수집,음식점 중 '칼국수'를 판매·제공하는 매장,test,칼국수,T2 동의어,87e0ae9d-2b33-442a-8fec-5c9026b435af,편한텔레콤,이동통신서비스,미포1길 골목형상점가,골목형상점가,울산광역시,,,
e723ac74df589fc3f39b,full_annotation_v1,A,q_칼국수_03,국수집,음식점 중 '칼국수'를 판매·제공하는 매장,test,칼국수,T2 동의어,ab277536-269b-4c96-8a54-71f395369781,진주국수집,식당,진해 경화시장,전통시장,경상남도,,,
870f84af8cdf685b14ba,full_annotation_v1,A,q_칼국수_03,국수집,음식점 중 '칼국수'를 판매·제공하는 매장,test,칼국수,T2 동의어,8e908fb1-e865-4502-bbe8-ffd0daa402bc,영옥이네국수집,국수,효자동 신봉길 골목형상점가,골목형상점가,전북특별자치도,,,
61f3ffa043cdf7c5e070,full_annotation_v1,A,q_칼국수_03,국수집,음식점 중 '칼국수'를 판매·제공하는 매장,test,칼국수,T2 동의어,4aeabaa7-5075-4c19-a7c9-c77f0eada671,여수집,한식,개롱골장군거리 골목형상점가,골목형상점가,서울특별시,,,
dafac7c2db483d9007df,full_annotation_v1,A,q_칼국수_03,국수집,음식점 중 '칼국수'를 판매·제공하는 매장,test,칼국수,T2 동의어,ea6bf206-2474-423c-b993-9856916e05d0,도나의집 사회적협동조합,,월배시장,전통시장,대구광역시,,,
3732fae8a2b18826ea5d,full_annotation_v1,A,q_칼국수_03,국수집,음식점 중 '칼국수'를 판매·제공하는 매장,test,칼국수,T2 동의어,01e8f807-6020-486c-bd59-38a7035bc453,구례밀밭,국수,화엄상가(골목형상점가),골목형상점가,전라남도,,,
2a777d73498608fd2818,full_annotation_v1,A,q_칼국수_03,국수집,음식점 중 '칼국수'를 판매·제공하는 매장,test,칼국수,T2 동의어,812f0d17-d37d-4c0b-9f9b-801f25b17ad4,옛날촌국수집,한식,진해 경화시장,전통시장,경상남도,,,
72d3d54e183e8361c555,full_annotation_v1,A,q_칼국수_03,국수집,음식점 중 '칼국수'를 판매·제공하는 매장,test,칼국수,T2 동의어,93cb239b-981c-404d-8b9d-461ac13d536e,동천BYC,속옷,동천동먹자골목1번가상인회 골목형상점가,골목형상점가,광주광역시,,,
771546ccc52d8da2446b,full_annotation_v1,A,q_칼국수_03,국수집,음식점 중 '칼국수'를 판매·제공하는 매장,test,칼국수,T2 동의어,3b1754bb-1bd2-4a1b-bea4-9978244ec55b,국수집,일반음식점,연무 골목형상점가,골목형상점가,경기도,,,
c55c014d80ba7958b9a0,full_annotation_v1,A,q_칼국수_03,국수집,음식점 중 '칼국수'를 판매·제공하는 매장,test,칼국수,T2 동의어,67753060-da6f-48b3-a8be-857a2affb770,대현식당,,동대구시장,전통시장,대구광역시,,,
fbdf67a6ec442c4368b1,full_annotation_v1,A,q_칼국수_04,손칼국수,음식점 중 '칼국수'를 판매·제공하는 매장,test,칼국수,T2 동의어,3c855b86-fbe2-49d3-bfae-01e8bb184b5f,(유)남성유통,축산물,가락몰골목형상점가,골목형상점가,서울특별시,,,
02d322ad2e8ce8525c63,full_annotation_v1,A,q_칼국수_04,손칼국수,음식점 중 '칼국수'를 판매·제공하는 매장,test,칼국수,T2 동의어,08299bfa-36aa-4c4d-a71a-d4bab6d761e9,청해손칼국수,칼국수,상대동 골목형상점가,골목형상점가,대전광역시,,,
0eadd8a8b0e4361ab651,full_annotation_v1,A,q_칼국수_04,손칼국수,음식점 중 '칼국수'를 판매·제공하는 매장,test,칼국수,T2 동의어,2c373081-51e2-41e4-bdad-2e48ff8784b6,서울야채,야채,원당시장(구 원당전통시장),전통시장,경기도,,,
a521df449d30ac064dc9,full_annotation_v1,A,q_칼국수_04,손칼국수,음식점 중 '칼국수'를 판매·제공하는 매장,test,칼국수,T2 동의어,998edd90-4d1d-40f9-b356-35d4407fa67a,똘똘말이 김밥,,낭주골 골목형상점가,골목형상점가,전북특별자치도,,,
24b156e2927aa512ddf6,full_annotation_v1,A,q_칼국수_04,손칼국수,음식점 중 '칼국수'를 판매·제공하는 매장,test,칼국수,T2 동의어,4824ab92-fc99-40f3-b219-4181598dcee8,이모손칼국수,칼국수,진해중앙시장,전통시장,경상남도,,,
8a592c0f7b0c9655fee2,full_annotation_v1,A,q_칼국수_04,손칼국수,음식점 중 '칼국수'를 판매·제공하는 매장,test,칼국수,T2 동의어,b9e5d89c-f000-4f24-862a-e18bb037e267,손칼국수개성빈대떡,칼국수,감전시장,전통시장,부산광역시,,,
ed7c8ef5dc75e109e8b3,full_annotation_v1,A,q_칼국수_04,손칼국수,음식점 중 '칼국수'를 판매·제공하는 매장,test,칼국수,T2 동의어,3ccb7a19-305c-4aab-8325-9cbb63e9239c,옛보리밥손칼국수,한식,선산봉황시장(구 선산종합시장),전통시장,경상북도,,,
9199bd3b68f74395d31f,full_annotation_v1,A,q_칼국수_04,손칼국수,음식점 중 '칼국수'를 판매·제공하는 매장,test,칼국수,T2 동의어,d3913055-56c1-45b0-91d5-6ff9d72b662f,유성 손칼국수,칼국수,구성언남 골목형상점가,골목형상점가,경기도,,,
76329008d5e00f937d6a,full_annotation_v1,A,q_칼국수_04,손칼국수,음식점 중 '칼국수'를 판매·제공하는 매장,test,칼국수,T2 동의어,65040d5a-e39f-4301-a7fa-e19a20b31bb5,빅친구들,의류,창원 상남시장,전통시장,경상남도,,,
03f71b1370a671a99fea,full_annotation_v1,A,q_칼국수_04,손칼국수,음식점 중 '칼국수'를 판매·제공하는 매장,test,칼국수,T2 동의어,e29c4508-b91a-4b02-995f-1df5912a3639,솔샘손칼국수,한식,솔샘시장 골목형상점가,골목형상점가,서울특별시,,,
9485690efd1c22de792a,full_annotation_v1,A,q_칼국수_04,손칼국수,음식점 중 '칼국수'를 판매·제공하는 매장,test,칼국수,T2 동의어,59f7058f-b877-45e7-b60a-d56bf155ddc8,보람손칼국수,국수,정훈한마음골목시장,골목형상점가,서울특별시,,,
80b787ba15e6cc667985,full_annotation_v1,A,q_칼국수_04,손칼국수,음식점 중 '칼국수'를 판매·제공하는 매장,test,칼국수,T2 동의어,0182c177-fcc7-47b0-8e12-99eb221aff79,시장초장식당,"칼국수, 열무비빔밥, 국, 반찬",경주중앙시장,전통시장,경상북도,,,
d7afb869b325cf75bb66,full_annotation_v1,A,q_칼국수_04,손칼국수,음식점 중 '칼국수'를 판매·제공하는 매장,test,칼국수,T2 동의어,792a33e9-3a12-45f5-9bb0-5a48ed34359c,철진상회,채소,역전 뒷골목 상가번영회 골목형상점가,골목형상점가,전라남도,,,
3ae49616b7607932ac81,full_annotation_v1,A,q_칼국수_04,손칼국수,음식점 중 '칼국수'를 판매·제공하는 매장,test,칼국수,T2 동의어,d93c8af7-c86e-41ba-aaae-914b9dc9183e,덕풍손칼국수,손칼국수,덕풍전통시장,전통시장,경기도,,,
46484ca043fb16b8e1e9,full_annotation_v1,A,q_칼국수_04,손칼국수,음식점 중 '칼국수'를 판매·제공하는 매장,test,칼국수,T2 동의어,b37f529e-6a6e-47ae-8178-eade989c724f,세끼중에한끼,분식,내당제일골목형상점가,골목형상점가,대구광역시,,,
34cf56619d5d7e7788be,full_annotation_v1,A,q_칼국수_04,손칼국수,음식점 중 '칼국수'를 판매·제공하는 매장,test,칼국수,T2 동의어,01204ba5-bc3e-4a17-83cd-1dd9bee98d5e,규수방,국수,대전정원시장,전통시장,대전광역시,,,
8449f0c42813a3c6965f,full_annotation_v1,A,q_칼국수_04,손칼국수,음식점 중 '칼국수'를 판매·제공하는 매장,test,칼국수,T2 동의어,285066e9-4529-4f59-a690-9f56579c4336,홍두깨손칼국수,손칼국수,신기시장,전통시장,인천광역시,,,
a60f3f7e9aff3c97d78a,full_annotation_v1,A,q_칼국수_04,손칼국수,음식점 중 '칼국수'를 판매·제공하는 매장,test,칼국수,T2 동의어,a35b79e9-2427-49af-ae34-7f8dfb6bd0a5,웰빙손칼국수,한식,팔등로기부거리,골목형상점가,울산광역시,,,
038f95eca9283cd5925c,full_annotation_v1,A,q_칼국수_04,손칼국수,음식점 중 '칼국수'를 판매·제공하는 매장,test,칼국수,T2 동의어,00d50d90-8afb-448e-b0fa-401fedd78dcb,공산성국수,국수,공산성골목형상점가,골목형상점가,충청남도,,,
2763c98d3e7da7786ae6,full_annotation_v1,A,q_칼국수_04,손칼국수,음식점 중 '칼국수'를 판매·제공하는 매장,test,칼국수,T2 동의어,0297eb2b-0a3e-43e3-a38c-181475cf9cbd,고모네 손칼국수,칼국수,구봉산길 골목형상점가,골목형상점가,대전광역시,,,
f7e9d57bcab26ec9592a,full_annotation_v1,A,q_칼국수_04,손칼국수,음식점 중 '칼국수'를 판매·제공하는 매장,test,칼국수,T2 동의어,989fe1d9-76a4-4585-90ac-60b161aab6d4,대덕수산,수산물,부산공동어시장상점가,자율상권구역,부산광역시,,,
52a9c534620c3d63cddf,full_annotation_v1,A,q_칼국수_04,손칼국수,음식점 중 '칼국수'를 판매·제공하는 매장,test,칼국수,T2 동의어,1d4a6f3b-cc61-42e6-9966-510484a95129,무안손칼국수,,승달 골목형상점가,골목형상점가,,,,
5e2304db498f8044ec68,full_annotation_v1,A,q_칼국수_04,손칼국수,음식점 중 '칼국수'를 판매·제공하는 매장,test,칼국수,T2 동의어,f69ce230-25a6-4334-9a67-e2c9a7a9f558,강대감손칼국수,칼국수,정이있는 구포시장,전통시장,부산광역시,,,
ac1d4f206f7350aa1aba,full_annotation_v1,A,q_칼국수_04,손칼국수,음식점 중 '칼국수'를 판매·제공하는 매장,test,칼국수,T2 동의어,fc6986a6-924b-452b-af06-e21f2cf8eea0,개포동 손칼국수,음식,강남개포시장(구 개포2동중심상점가),자율상권구역,서울특별시,,,
f4800fbbd84996fd07f7,full_annotation_v1,A,q_칼국수_04,손칼국수,음식점 중 '칼국수'를 판매·제공하는 매장,test,칼국수,T2 동의어,51466066-02f8-45c0-ba96-87ddff9307cc,만복이네 손칼국수,분식,괴정골목시장,전통시장,부산광역시,,,
fab0a14893de9ef8a92b,full_annotation_v1,A,q_칼국수_04,손칼국수,음식점 중 '칼국수'를 판매·제공하는 매장,test,칼국수,T2 동의어,b8ec3442-2e1e-45b7-94f3-e8b9fc2dfc7b,소문난 손칼국수집,칼국수,하남시서석바대상점가,자율상권구역,경기도,,,
8b76e5534a8008864cea,full_annotation_v1,A,q_칼국수_04,손칼국수,음식점 중 '칼국수'를 판매·제공하는 매장,test,칼국수,T2 동의어,00baf772-7ca3-475a-a614-a5dc35286be7,시골막국수와 옹심이 충북혁신도시점,막국수,맹동혁신골목형상점가,골목형상점가,충청북도,,,
15a1494619d8852c6808,full_annotation_v1,A,q_칼국수_04,손칼국수,음식점 중 '칼국수'를 판매·제공하는 매장,test,칼국수,T2 동의어,e72ab36a-5ae0-4ecd-b5e7-9c98b1bebf8c,금손칼국수,칼국수,슬기로운 지족역 골목형상점가,골목형상점가,대전광역시,,,
6d33e5d4ae0048aa78f7,full_annotation_v1,A,q_칼국수_04,손칼국수,음식점 중 '칼국수'를 판매·제공하는 매장,test,칼국수,T2 동의어,a723a32a-cdff-4bd3-a096-38bcaeac6989,진주상회,채소,부전시장,전통시장,부산광역시,,,
6c4dc28883e12300b16d,full_annotation_v1,A,q_칼국수_04,손칼국수,음식점 중 '칼국수'를 판매·제공하는 매장,test,칼국수,T2 동의어,06c08c2a-1549-4a5b-ab2e-b385ac252f13,방이손칼국수,간이음식 칼국수 수제비,방이시장,전통시장,서울특별시,,,
f0a0412da49697f5a2b2,full_annotation_v1,A,q_칼국수_04,손칼국수,음식점 중 '칼국수'를 판매·제공하는 매장,test,칼국수,T2 동의어,01e8f807-6020-486c-bd59-38a7035bc453,구례밀밭,국수,화엄상가(골목형상점가),골목형상점가,전라남도,,,
338d86e4572b01f77da4,full_annotation_v1,A,q_칼국수_04,손칼국수,음식점 중 '칼국수'를 판매·제공하는 매장,test,칼국수,T2 동의어,00057366-f4a3-4b3b-a763-5545eb9cda8a,구봉국수,잔치국수,여수서시장주변시장,전통시장,전라남도,,,
72c30b10eeeeb54b0dbe,full_annotation_v1,A,q_칼국수_04,손칼국수,음식점 중 '칼국수'를 판매·제공하는 매장,test,칼국수,T2 동의어,87e716e7-df7c-4046-b5de-8fc4813dc4d3,토함산 손칼국수,한식,불국상가시장,전통시장,경상북도,,,
93699c56a7b634110c9e,full_annotation_v1,A,q_칼국수_04,손칼국수,음식점 중 '칼국수'를 판매·제공하는 매장,test,칼국수,T2 동의어,3ad9bebf-1c31-4923-bf0d-7796c8261237,동원손칼국수,,송강동 골목형상점가,골목형상점가,대전광역시,,,
fa45344fabbf6ed633b3,full_annotation_v1,A,q_칼국수_04,손칼국수,음식점 중 '칼국수'를 판매·제공하는 매장,test,칼국수,T2 동의어,e6dc5d0c-b873-4c91-97ed-d3ee246f05d9,부부손칼국수,음식,창원 성원그랜드쇼핑상가,전통시장,경상남도,,,
53513b3a58e687fb277d,full_annotation_v1,A,q_칼국수_04,손칼국수,음식점 중 '칼국수'를 판매·제공하는 매장,test,칼국수,T2 동의어,cc905c6b-bfac-4c9a-8074-509732f99b7f,베스띠벨리,의류,녹색거리상점가,자율상권구역,경기도,,,
2f35506689ec95c09a69,full_annotation_v1,A,q_칼국수_04,손칼국수,음식점 중 '칼국수'를 판매·제공하는 매장,test,칼국수,T2 동의어,0970464e-23f4-44de-96ce-ab1c3bffecfb,장안손칼국수,한식,모래내골목형상점가,골목형상점가,전북특별자치도,,,
f4b3f75fa8f2a3e5356b,full_annotation_v1,A,q_칼국수_04,손칼국수,음식점 중 '칼국수'를 판매·제공하는 매장,test,칼국수,T2 동의어,e86fe15c-1850-4379-b49a-4919114e566c,엄마손반찬백반,일반음식점,신가동 골목형상점가,골목형상점가,광주광역시,,,
bacff3d4d57b1ebd941f,full_annotation_v1,A,q_칼국수_04,손칼국수,음식점 중 '칼국수'를 판매·제공하는 매장,test,칼국수,T2 동의어,013fc799-6c55-4fa3-b332-1251f068c422,행복식당,수제비,포항죽도시장,전통시장,경상북도,,,
94614d699e6faaf8e0c1,full_annotation_v1,A,q_칼국수_04,손칼국수,음식점 중 '칼국수'를 판매·제공하는 매장,test,칼국수,T2 동의어,2be96f6f-63ce-48fa-a535-bf7746339e20,원조손칼국수,칼국수,열매 골목형상점가,골목형상점가,대전광역시,,,
b6588e22e0e2b1ff4459,full_annotation_v1,A,q_칼국수_04,손칼국수,음식점 중 '칼국수'를 판매·제공하는 매장,test,칼국수,T2 동의어,00b090ad-30c0-4573-a43a-123f5116851b,호호정 멸치국수,,그랜드프라자&상용b상가 상점가,골목형상점가,경기도,,,
3f6dc477cca98cd54985,full_annotation_v1,A,q_칼국수_04,손칼국수,음식점 중 '칼국수'를 판매·제공하는 매장,test,칼국수,T2 동의어,01a468d2-cf3e-4db1-826a-771917b2e910,제주일월국수,국수,관평동 골목형상점가,골목형상점가,대전광역시,,,
9cae15a1ac9960c2cb20,full_annotation_v1,A,q_칼국수_04,손칼국수,음식점 중 '칼국수'를 판매·제공하는 매장,test,칼국수,T2 동의어,1b72a5c9-2712-41aa-8bbf-edce9d238c00,행복손칼국수,칼국수,반곡동행복 골목형상점가,골목형상점가,세종특별자치시,,,
3c8f7e70994749f1d68e,full_annotation_v1,A,q_칼국수_04,손칼국수,음식점 중 '칼국수'를 판매·제공하는 매장,test,칼국수,T2 동의어,44320be2-de0b-4e4c-a4a3-19b73c24bf61,화봉손칼국수,칼국수,휴먼시아 3단지 골목형상점가,골목형상점가,울산광역시,,,
3c87cb705a84d7def660,full_annotation_v1,A,q_칼국수_04,손칼국수,음식점 중 '칼국수'를 판매·제공하는 매장,test,칼국수,T2 동의어,01095557-5374-4194-ad0b-e45c410a675d,반들한식뷔페,음식,서면1번가 자율상권구역,,부산광역시,,,
7d35cdd333b8ba5576b4,full_annotation_v1,A,q_칼국수_04,손칼국수,음식점 중 '칼국수'를 판매·제공하는 매장,test,칼국수,T2 동의어,4aba5b52-3260-4d2b-8738-5dcd94a7359a,데이위크,,낭주골 골목형상점가,골목형상점가,전북특별자치도,,,
e45c8551d638bd0c2122,full_annotation_v1,A,q_칼국수_04,손칼국수,음식점 중 '칼국수'를 판매·제공하는 매장,test,칼국수,T2 동의어,e612f9db-ebf3-46c1-9a44-86b06d769232,황도바지락 손칼국수,분식,BOCA 보카상점가,골목형상점가,경기도,,,
59315d56e917ba78006f,full_annotation_v1,A,q_칼국수_04,손칼국수,음식점 중 '칼국수'를 판매·제공하는 매장,test,칼국수,T2 동의어,2ed772d3-6017-45b1-80c2-addd7e0f3b6d,물치손칼국수,손칼국수,양양로 골목형상점가,골목형상점가,강원특별자치도,,,
e6cd6474135dfda099d4,full_annotation_v1,A,q_칼국수_04,손칼국수,음식점 중 '칼국수'를 판매·제공하는 매장,test,칼국수,T2 동의어,618b1547-16b3-4a60-bff4-477a6eb991c8,이모손칼국수,칼국수,현풍백년도깨비시장,전통시장,대구광역시,,,
76103925aa070c5e365b,full_annotation_v1,A,q_칼국수_04,손칼국수,음식점 중 '칼국수'를 판매·제공하는 매장,test,칼국수,T2 동의어,dc1606fc-6def-4298-947d-35e9591411ab,해드미 손칼국수,칼국수,송죽만석 골목형상점가,골목형상점가,경기도,,,
10a1aff8a3bd734594d7,full_annotation_v1,A,q_칼국수_04,손칼국수,음식점 중 '칼국수'를 판매·제공하는 매장,test,칼국수,T2 동의어,4e4f64b3-364e-4d32-9f56-8d0373b1ce4c,수정손칼국수,칼국수,주문진종합시장,전통시장,강원특별자치도,,,
967b714a8d091b0af142,full_annotation_v1,A,q_칼국수_04,손칼국수,음식점 중 '칼국수'를 판매·제공하는 매장,test,칼국수,T2 동의어,a81710de-f621-4abd-83e4-6fc9affbb035,로이젠운암점,남성정장 겉옷,운암 예술 골목형상점가,골목형상점가,광주광역시,,,
a3f18a148ba75f0f212e,full_annotation_v1,A,q_칼국수_04,손칼국수,음식점 중 '칼국수'를 판매·제공하는 매장,test,칼국수,T2 동의어,b8520047-79eb-433e-b412-e801c27ca8d2,명랑손칼국수,음식,이천중앙로상가,자율상권구역,경기도,,,
d221f1c5a130236a74da,full_annotation_v1,A,q_칼국수_04,손칼국수,음식점 중 '칼국수'를 판매·제공하는 매장,test,칼국수,T2 동의어,ee63d92d-c2b3-4ef5-bf13-b6747045458e,장마루 손칼국수,칼국수,반여2동상가시장,전통시장,부산광역시,,,
2eeb9facfb55510699f3,full_annotation_v1,A,q_칼국수_04,손칼국수,음식점 중 '칼국수'를 판매·제공하는 매장,test,칼국수,T2 동의어,0f48999f-1940-477b-9529-0ec2a79bad85,동호손칼국수,칼국수,신정상가시장,전통시장,울산광역시,,,
8086a7fb565d973f893d,full_annotation_v1,A,q_칼국수_04,손칼국수,음식점 중 '칼국수'를 판매·제공하는 매장,test,칼국수,T2 동의어,4ffd97b3-f448-47fb-b5d2-450ba0218557,고향손칼국수,분식,동매신포동 골목형상점가,골목형상점가,부산광역시,,,
bad49e40814bd404ba24,full_annotation_v1,A,q_칼국수_04,손칼국수,음식점 중 '칼국수'를 판매·제공하는 매장,test,칼국수,T2 동의어,ab7a18f4-8bb6-4ebc-b984-ca5a004fa0e9,손칼국수잘하는집,한식,신림별빛거리골목형상점가,골목형상점가,서울특별시,,,
f0f7f18ad939fc47d5f5,full_annotation_v1,A,q_칼국수_04,손칼국수,음식점 중 '칼국수'를 판매·제공하는 매장,test,칼국수,T2 동의어,ba1dcf7b-457a-41ad-b52e-aad7e34e147a,손칼국수,손칼국수,신평골목시장,전통시장,부산광역시,,,
ad3531f30c25d8809a4d,full_annotation_v1,A,q_칼국수_04,손칼국수,음식점 중 '칼국수'를 판매·제공하는 매장,test,칼국수,T2 동의어,01a9b9f4-ca16-4571-bb85-8a4cd071d003,손칼국수,칼국수,홍천시장(홍천구시장),전통시장,강원특별자치도,,,
c742afcf3f97d4ee9057,full_annotation_v1,A,q_칼국수_04,손칼국수,음식점 중 '칼국수'를 판매·제공하는 매장,test,칼국수,T2 동의어,0d36cfdd-f8a4-41f1-a864-8a98a8a82fff,우리분식,수제비,포항죽도시장,전통시장,경상북도,,,
e4bbb7eb6e4e4d551d57,full_annotation_v1,A,q_칼국수_04,손칼국수,음식점 중 '칼국수'를 판매·제공하는 매장,test,칼국수,T2 동의어,bdcad5c9-b613-4c8c-823f-270bc79641b7,신광주,화장품,전남대 상대 골목형상점가,골목형상점가,광주광역시,,,
fd4f7ba33c8f6b6eee7f,full_annotation_v1,A,q_칼국수_04,손칼국수,음식점 중 '칼국수'를 판매·제공하는 매장,test,칼국수,T2 동의어,452f4009-19e6-4743-98e4-a53b4b51ee01,신토불이농특산물판매장,농산물,단양구경시장(단양인정시장),전통시장,충청북도,,,
e8c634834c62825e1cfc,full_annotation_v1,A,q_칼국수_04,손칼국수,음식점 중 '칼국수'를 판매·제공하는 매장,test,칼국수,T2 동의어,07d72f29-7a6a-45b0-9688-1d692b3bc913,정성슈퍼,슈퍼,전곡시장,전통시장,서울특별시,,,
324e9e3b939dfc515ad3,full_annotation_v1,A,q_칼국수_04,손칼국수,음식점 중 '칼국수'를 판매·제공하는 매장,test,칼국수,T2 동의어,252b7e7f-5526-422e-8113-c3b103e75b1e,한양손칼국수,칼국수,공산성골목형상점가,골목형상점가,충청남도,,,
d45623ad35a4ccd7daf1,full_annotation_v1,A,q_칼국수_04,손칼국수,음식점 중 '칼국수'를 판매·제공하는 매장,test,칼국수,T2 동의어,84426c9f-2cbe-40ac-8bab-e2c80c27d795,둔산손칼국수,칼국수,둔산3동상점가,자율상권구역,대전광역시,,,
cce98fa569b7639e374c,full_annotation_v1,A,q_칼국수_04,손칼국수,음식점 중 '칼국수'를 판매·제공하는 매장,test,칼국수,T2 동의어,0b26ec14-485f-4826-8e69-f2e2fd0ef91e,원조어탕,어탕수제비.칼국수,구미 금리단길 골목형상점가,골목형상점가,경상북도,,,
f92d7fabb5176156acae,full_annotation_v1,A,q_칼국수_04,손칼국수,음식점 중 '칼국수'를 판매·제공하는 매장,test,칼국수,T2 동의어,483548ff-3945-4e53-aac7-4b09bfc167f0,옛맛 손칼국수,,망미정다운 골목형상점가,골목형상점가,부산광역시,,,
4242cb613ca951b4ac16,full_annotation_v1,A,q_칼국수_04,손칼국수,음식점 중 '칼국수'를 판매·제공하는 매장,test,칼국수,T2 동의어,1bf08e40-9b8c-47af-bedf-e7fcd6d6346f,민속손칼국수,한식,남광주시장,전통시장,,,,
14d54d6c96afd4877c4b,full_annotation_v1,A,q_칼국수_04,손칼국수,음식점 중 '칼국수'를 판매·제공하는 매장,test,칼국수,T2 동의어,0cdea40b-df17-41f5-aad7-8d3cfefc0f89,수제비집,수제비,주막거리상점가,자율상권구역,경기도,,,
3fc4e60a917b75d1bfcb,full_annotation_v1,A,q_칼국수_04,손칼국수,음식점 중 '칼국수'를 판매·제공하는 매장,test,칼국수,T2 동의어,00cef312-cb5c-4dea-ad69-88c556146024,주산팥죽,"팥죽, 칼국수",부안상설시장,전통시장,전북특별자치도,,,
6a20ed0f9995ba11ec99,full_annotation_v1,A,q_칼국수_04,손칼국수,음식점 중 '칼국수'를 판매·제공하는 매장,test,칼국수,T2 동의어,0000a9c5-57f2-4719-9ec3-e5d864c7f008,새여울잔치국수,국수,용정 골목형상점가,골목형상점가,대전광역시,,,
7882ccefeb575963a229,full_annotation_v1,A,q_칼국수_05,수제비,음식점 중 '칼국수'를 판매·제공하는 매장,test,칼국수,T2 동의어,c2d2894b-85e6-403b-814b-dcfada308188,신촌수제비,한식,이중섭거리 명동로상가,골목형상점가,제주특별자치도,,,
2ff569e25c7c77d59f49,full_annotation_v1,A,q_칼국수_05,수제비,음식점 중 '칼국수'를 판매·제공하는 매장,test,칼국수,T2 동의어,00cef312-cb5c-4dea-ad69-88c556146024,주산팥죽,"팥죽, 칼국수",부안상설시장,전통시장,전북특별자치도,,,
2f58d92d219743d4a16e,full_annotation_v1,A,q_칼국수_05,수제비,음식점 중 '칼국수'를 판매·제공하는 매장,test,칼국수,T2 동의어,5bd3aa91-bf99-4ae9-a181-6de82660c49e,명동얼큰수제비,음식점,고투몰(강남터미널지하도상점가),일반지하상점가,서울특별시,,,
52251fbba3f29325c042,full_annotation_v1,A,q_칼국수_05,수제비,음식점 중 '칼국수'를 판매·제공하는 매장,test,칼국수,T2 동의어,3f54d9b7-8760-4a18-bafc-89b2a8870889,고을수제비,한식,시티프라자골목형상점가,골목형상점가,전라남도,,,
0baedf08753dc5446559,full_annotation_v1,A,q_칼국수_05,수제비,음식점 중 '칼국수'를 판매·제공하는 매장,test,칼국수,T2 동의어,8e09a5b9-4230-401a-8c6e-84d1fbc46613,진돗가비불쭈꾸미(양주광적점),쭈꾸미 수제비 옹심이 돈까스,양주가래비중앙로상점가,골목형상점가,경기도,,,
ed07113764b34861b053,full_annotation_v1,A,q_칼국수_05,수제비,음식점 중 '칼국수'를 판매·제공하는 매장,test,칼국수,T2 동의어,8aef786a-634a-4fbe-a2ef-87586e867051,밀당 손수제비 전문점,수제비,보람동 골목형상점가,골목형상점가,세종특별자치시,,,
64055bb1275d7d84a824,full_annotation_v1,A,q_칼국수_05,수제비,음식점 중 '칼국수'를 판매·제공하는 매장,test,칼국수,T2 동의어,4f14e13e-b268-4505-ad68-3aa047dc0388,석정식당,음식,오산오색시장(구 오산중앙시장),전통시장,경기도,,,
52edcfc9e99af810d1b8,full_annotation_v1,A,q_칼국수_05,수제비,음식점 중 '칼국수'를 판매·제공하는 매장,test,칼국수,T2 동의어,5a2384f6-dbf4-435d-950c-e63685b8ad4c,이레들깨수제비,,복수동 골목형상점가,골목형상점가,대전광역시,,,
9f2bd1ce5613f0215798,full_annotation_v1,A,q_칼국수_05,수제비,음식점 중 '칼국수'를 판매·제공하는 매장,test,칼국수,T2 동의어,cd9319d0-4d0b-4cbc-a517-a846ce085fcc,부자주걱수제비,분식,논산화지중앙시장,전통시장,충청남도,,,
3a8edca5b28185d5097b,full_annotation_v1,A,q_칼국수_05,수제비,음식점 중 '칼국수'를 판매·제공하는 매장,test,칼국수,T2 동의어,b0c693ad-578a-4f60-9731-8c4122760892,강산수제비,한식,수암상가시장,전통시장,울산광역시,,,
efa62880edeecf7c587d,full_annotation_v1,A,q_칼국수_05,수제비,음식점 중 '칼국수'를 판매·제공하는 매장,test,칼국수,T2 동의어,00057366-f4a3-4b3b-a763-5545eb9cda8a,구봉국수,잔치국수,여수서시장주변시장,전통시장,전라남도,,,
28cb94b1163e927962ee,full_annotation_v1,A,q_칼국수_05,수제비,음식점 중 '칼국수'를 판매·제공하는 매장,test,칼국수,T2 동의어,5b11dd9a-4a6d-4e3b-aaa5-97edeaed3ae0,천일재단소,비닐,팔달신시장,전통시장,대구광역시,,,
81766b092148e833e531,full_annotation_v1,A,q_칼국수_05,수제비,음식점 중 '칼국수'를 판매·제공하는 매장,test,칼국수,T2 동의어,bdc39819-3d54-4a3e-838f-59c6f07dee4d,항아리수제비,한식,목동로데오골목형상점가,골목형상점가,서울특별시,,,
8317db5fa8a133418b1f,full_annotation_v1,A,q_칼국수_05,수제비,음식점 중 '칼국수'를 판매·제공하는 매장,test,칼국수,T2 동의어,c68b7904-dafe-4b5b-9529-f03b6bb21221,동서수제비,수제비,신정상가시장,전통시장,울산광역시,,,
b634059df7b61bb97687,full_annotation_v1,A,q_칼국수_05,수제비,음식점 중 '칼국수'를 판매·제공하는 매장,test,칼국수,T2 동의어,2e528479-17ab-4db5-8233-e21b8bfe7458,칼슨그레이시 세종주짓수(본관),교육서비스,나성동 소방청 골목형상점가,골목형상점가,세종특별자치시,,,
72110c71bbc8afcb5113,full_annotation_v1,A,q_칼국수_05,수제비,음식점 중 '칼국수'를 판매·제공하는 매장,test,칼국수,T2 동의어,93e2e01a-6d16-43a2-90b9-3f2f7cd2e7d5,국수손수제비,칼국수 수제비,대추골골목형상점가,골목형상점가,서울특별시,,,
a3f23955469495f974ea,full_annotation_v1,A,q_칼국수_05,수제비,음식점 중 '칼국수'를 판매·제공하는 매장,test,칼국수,T2 동의어,5e45355b-6f16-4823-bd7a-d7cec006632a,전주MOON호떡,식자재판매,전주남부시장,전통시장,전북특별자치도,,,
2260f346d490892d3c6f,full_annotation_v1,A,q_칼국수_05,수제비,음식점 중 '칼국수'를 판매·제공하는 매장,test,칼국수,T2 동의어,01204ba5-bc3e-4a17-83cd-1dd9bee98d5e,규수방,국수,대전정원시장,전통시장,대전광역시,,,
231c25c95278d8cd6940,full_annotation_v1,A,q_칼국수_05,수제비,음식점 중 '칼국수'를 판매·제공하는 매장,test,칼국수,T2 동의어,e845a302-7aaa-4057-abc9-a15fffa6ce5d,영동참기름,참기름 고추,동구시장,전통시장,대구광역시,,,
953e100b87e8304be8bd,full_annotation_v1,A,q_칼국수_05,수제비,음식점 중 '칼국수'를 판매·제공하는 매장,test,칼국수,T2 동의어,01e8f807-6020-486c-bd59-38a7035bc453,구례밀밭,국수,화엄상가(골목형상점가),골목형상점가,전라남도,,,
ec6a6c50771344f2ffd2,full_annotation_v1,A,q_칼국수_05,수제비,음식점 중 '칼국수'를 판매·제공하는 매장,test,칼국수,T2 동의어,a2def28a-0656-40b7-814a-1a5bb415b215,해피 노래연습장,노래방,영등포 로타리상가 골목형상점가,골목형상점가,서울특별시,,,
ede5090e994f534573f2,full_annotation_v1,A,q_칼국수_05,수제비,음식점 중 '칼국수'를 판매·제공하는 매장,test,칼국수,T2 동의어,e12385f8-57f2-459d-9496-71d1ce695597,영원한 식당,수제비,대룡시장골목형상점가,골목형상점가,인천광역시,,,
9e7a4dc902236729daeb,full_annotation_v1,A,q_칼국수_05,수제비,음식점 중 '칼국수'를 판매·제공하는 매장,test,칼국수,T2 동의어,d61a71af-dba7-47b1-bba2-5f82cda89262,수제비랑 국수랑,수제비 국수,"빛가람 스타타워, 메가티움1차, 메가티움2차 골목형상점가",골목형상점가,전라남도,,,
81828e2649a265f3e162,full_annotation_v1,A,q_칼국수_05,수제비,음식점 중 '칼국수'를 판매·제공하는 매장,test,칼국수,T2 동의어,0182c177-fcc7-47b0-8e12-99eb221aff79,시장초장식당,"칼국수, 열무비빔밥, 국, 반찬",경주중앙시장,전통시장,경상북도,,,
358b99fc88092b5eae9c,full_annotation_v1,A,q_칼국수_05,수제비,음식점 중 '칼국수'를 판매·제공하는 매장,test,칼국수,T2 동의어,7c1191e3-3c80-46c9-9170-23bc5038a212,일미집 영등포점,한식,영등포 로타리상가 골목형상점가,골목형상점가,서울특별시,,,
c34d04f9353eea601d6a,full_annotation_v1,A,q_칼국수_05,수제비,음식점 중 '칼국수'를 판매·제공하는 매장,test,칼국수,T2 동의어,64072346-5c77-402c-9f0d-f7bc5e25fa0b,한아수입상가,일용잡화,부평깡통시장(구 부산부평시장),전통시장,부산광역시,,,
912c2309c1a39c5a562c,full_annotation_v1,A,q_칼국수_05,수제비,음식점 중 '칼국수'를 판매·제공하는 매장,test,칼국수,T2 동의어,f2303db0-efcd-4219-afe0-2f09113313cd,묵은정칼국수&수제비,칼국수수제비,선화맛길 골목형상점가,골목형상점가,대전광역시,,,
edeb74a34716f67a8846,full_annotation_v1,A,q_칼국수_05,수제비,음식점 중 '칼국수'를 판매·제공하는 매장,test,칼국수,T2 동의어,9f426180-85e3-40d3-b3f3-93adec8446ae,엄마손수제비,한식,염매시장(구 덕산시장),전통시장,대구광역시,,,
a43b20e77d7c4c2a52fe,full_annotation_v1,A,q_칼국수_05,수제비,음식점 중 '칼국수'를 판매·제공하는 매장,test,칼국수,T2 동의어,977f2506-a8db-414e-a72e-1fd1bd47b581,박순자 녹두집,수제비,대인동예술담길 골목형상점가,골목형상점가,광주광역시,,,
4fb56b46d1c0882ce88b,full_annotation_v1,A,q_칼국수_05,수제비,음식점 중 '칼국수'를 판매·제공하는 매장,test,칼국수,T2 동의어,45e6c989-a379-4537-9fa4-4e440d09655c,이오헤어,미용,그라운드고척골목형상점가,골목형상점가,서울특별시,,,
bf3bb4a85d8b5d2efa41,full_annotation_v1,A,q_칼국수_05,수제비,음식점 중 '칼국수'를 판매·제공하는 매장,test,칼국수,T2 동의어,40f105d4-f132-4439-bc17-9c0df08a8e3f,소문난명품과일&영순찬,반찬,금호행복시장(금호시장),전통시장,경기도,,,
260ae008efa4029a6310,full_annotation_v1,A,q_칼국수_05,수제비,음식점 중 '칼국수'를 판매·제공하는 매장,test,칼국수,T2 동의어,00d50d90-8afb-448e-b0fa-401fedd78dcb,공산성국수,국수,공산성골목형상점가,골목형상점가,충청남도,,,
42be91a4563b3a787013,full_annotation_v1,A,q_칼국수_05,수제비,음식점 중 '칼국수'를 판매·제공하는 매장,test,칼국수,T2 동의어,4f8a8764-8d60-4cc3-a3a2-de09cdc58bb7,삼례수제비,음식,삼례시장,전통시장,전북특별자치도,,,
41c5fc64bd97c6f7e3af,full_annotation_v1,A,q_칼국수_05,수제비,음식점 중 '칼국수'를 판매·제공하는 매장,test,칼국수,T2 동의어,01a468d2-cf3e-4db1-826a-771917b2e910,제주일월국수,국수,관평동 골목형상점가,골목형상점가,대전광역시,,,
b8d635445d0ff12ee6f5,full_annotation_v1,A,q_칼국수_05,수제비,음식점 중 '칼국수'를 판매·제공하는 매장,test,칼국수,T2 동의어,53b67b85-9729-42f4-a0e5-cea2165ce732,일품 들깨 수제비,한식,양주신산시장마을상점가,골목형상점가,경기도,,,
9aa36fef21017ce0b414,full_annotation_v1,A,q_칼국수_05,수제비,음식점 중 '칼국수'를 판매·제공하는 매장,test,칼국수,T2 동의어,9fa300e1-132a-4993-90e9-704e00b700c3,지니솝,수제비누,북평민속시장(북평민속5일장),전통시장,강원특별자치도,,,
1e75c60e3b7ebb52958e,full_annotation_v1,A,q_칼국수_05,수제비,음식점 중 '칼국수'를 판매·제공하는 매장,test,칼국수,T2 동의어,643cbe42-cd3b-4cff-b9ee-d049a624adb7,강촌 손 수제비,칼국수,나성BRT 골목형상점가,골목형상점가,세종특별자치시,,,
83df9a01b37a906fd1b5,full_annotation_v1,A,q_칼국수_05,수제비,음식점 중 '칼국수'를 판매·제공하는 매장,test,칼국수,T2 동의어,f1ef77cc-0f72-4a62-be96-756ded508a69,회랑수제비,음식,성서용산시장,전통시장,대구광역시,,,
873b7428a2f1db1ede2f,full_annotation_v1,A,q_칼국수_05,수제비,음식점 중 '칼국수'를 판매·제공하는 매장,test,칼국수,T2 동의어,47e22d40-20ee-4dcf-90a4-5b27b6c11e3b,섬진강다슬기수제비,수제비,계수마을상인회 골목형상점가,골목형상점가,광주광역시,,,
4426430d37ebdafee9b4,full_annotation_v1,A,q_칼국수_05,수제비,음식점 중 '칼국수'를 판매·제공하는 매장,test,칼국수,T2 동의어,0b26ec14-485f-4826-8e69-f2e2fd0ef91e,원조어탕,어탕수제비.칼국수,구미 금리단길 골목형상점가,골목형상점가,경상북도,,,
7e6a621947a1c0d8da10,full_annotation_v1,A,q_칼국수_05,수제비,음식점 중 '칼국수'를 판매·제공하는 매장,test,칼국수,T2 동의어,06c08c2a-1549-4a5b-ab2e-b385ac252f13,방이손칼국수,간이음식 칼국수 수제비,방이시장,전통시장,서울특별시,,,
b55715f4bdad4c52dfa4,full_annotation_v1,A,q_칼국수_05,수제비,음식점 중 '칼국수'를 판매·제공하는 매장,test,칼국수,T2 동의어,0000a9c5-57f2-4719-9ec3-e5d864c7f008,새여울잔치국수,국수,용정 골목형상점가,골목형상점가,대전광역시,,,
3f21ca2d50ea064aa918,full_annotation_v1,A,q_칼국수_05,수제비,음식점 중 '칼국수'를 판매·제공하는 매장,test,칼국수,T2 동의어,fb22ff3c-ed74-453f-9d72-53405697c755,만복수제비,,요촌동 골목형상점가,골목형상점가,전북특별자치도,,,
352771c91e043a04cd9a,full_annotation_v1,A,q_칼국수_05,수제비,음식점 중 '칼국수'를 판매·제공하는 매장,test,칼국수,T2 동의어,6aaf882b-4d94-4eee-9554-a1ce9aca22c9,아크테릭스,도소매업(상품대리),여주375아울렛상점가,자율상권구역,경기도,,,
a4a0989844a03def585f,full_annotation_v1,A,q_칼국수_05,수제비,음식점 중 '칼국수'를 판매·제공하는 매장,test,칼국수,T2 동의어,0044ab5a-6bfb-4102-b884-3133ad8308fe,씨유담양백동주공점,,미리산길 골목형상점가,골목형상점가,,,,
2effb01b3eeed24df945,full_annotation_v1,A,q_칼국수_05,수제비,음식점 중 '칼국수'를 판매·제공하는 매장,test,칼국수,T2 동의어,00b090ad-30c0-4573-a43a-123f5116851b,호호정 멸치국수,,그랜드프라자&상용b상가 상점가,골목형상점가,경기도,,,
a01291a11662ba27c37d,full_annotation_v1,A,q_칼국수_05,수제비,음식점 중 '칼국수'를 판매·제공하는 매장,test,칼국수,T2 동의어,b04fdfe0-17fb-4195-a8c9-426ae100db44,칠성수제비,수제비,칠성상가시장,전통시장,대구광역시,,,
4494e31ec3d26e612cba,full_annotation_v1,A,q_칼국수_05,수제비,음식점 중 '칼국수'를 판매·제공하는 매장,test,칼국수,T2 동의어,881b16d0-e525-4886-954b-5e856f12408e,소문난 손수제비,수제비,서현센트럴상점,골목형상점가,경기도,,,
baadec44874ea5faf22e,full_annotation_v1,A,q_칼국수_05,수제비,음식점 중 '칼국수'를 판매·제공하는 매장,test,칼국수,T2 동의어,0d36cfdd-f8a4-41f1-a864-8a98a8a82fff,우리분식,수제비,포항죽도시장,전통시장,경상북도,,,
e66f84c93e98e0106220,full_annotation_v1,A,q_칼국수_05,수제비,음식점 중 '칼국수'를 판매·제공하는 매장,test,칼국수,T2 동의어,5ac7721f-cabc-4150-981b-75a067e7ca84,서순자손수제비,수제비,화원시장,전통시장,대구광역시,,,
119be3f6deb3ceb71fc4,full_annotation_v1,A,q_칼국수_05,수제비,음식점 중 '칼국수'를 판매·제공하는 매장,test,칼국수,T2 동의어,608a6a22-64eb-4476-b1fa-659643480919,수제비 옹심이집,한식,금호행복시장(금호시장),전통시장,경기도,,,
d9efe50bdc3be9fd2644,full_annotation_v1,A,q_칼국수_05,수제비,음식점 중 '칼국수'를 판매·제공하는 매장,test,칼국수,T2 동의어,abf35ef5-d713-4f48-9468-17b1ae9000cb,또바기카페,카페,설성골목형상점가,골목형상점가,충청북도,,,
ec3c29ef39eabedce1e6,full_annotation_v1,A,q_칼국수_05,수제비,음식점 중 '칼국수'를 판매·제공하는 매장,test,칼국수,T2 동의어,a0c4443b-1b77-4304-9648-e169b3765359,부평매운수제비,,사직거인 골목형상점가,골목형상점가,부산광역시,,,
b1006b044a7efcbe2892,full_annotation_v1,A,q_칼국수_05,수제비,음식점 중 '칼국수'를 판매·제공하는 매장,test,칼국수,T2 동의어,a8b43b20-4f88-49ae-ae74-7eec85b181ff,묵돌이,"다슬기탕, 수제비",토지면 섬진강대로 골목형상점가,골목형상점가,전라남도,,,
2145c2cb155c1ffe641a,full_annotation_v1,A,q_칼국수_05,수제비,음식점 중 '칼국수'를 판매·제공하는 매장,test,칼국수,T2 동의어,c664aa58-8fe0-48f1-92ca-0f7ad469f617,쌍둥이네국수,국수 수제비,구미 금리단길 골목형상점가,골목형상점가,경상북도,,,
2324b5efb3fd40c48908,full_annotation_v1,A,q_칼국수_05,수제비,음식점 중 '칼국수'를 판매·제공하는 매장,test,칼국수,T2 동의어,98cb31e7-0f92-4563-a1c8-04aab17a8607,매운수제비,한식,다시남목 골목형상점가,골목형상점가,울산광역시,,,
3a7fdd4df38c85157b13,full_annotation_v1,A,q_칼국수_05,수제비,음식점 중 '칼국수'를 판매·제공하는 매장,test,칼국수,T2 동의어,00baf772-7ca3-475a-a614-a5dc35286be7,시골막국수와 옹심이 충북혁신도시점,막국수,맹동혁신골목형상점가,골목형상점가,충청북도,,,
93ab5272423793f7c9fa,full_annotation_v1,A,q_칼국수_05,수제비,음식점 중 '칼국수'를 판매·제공하는 매장,test,칼국수,T2 동의어,1aafe64e-8190-4033-a526-c8602a48bd3e,제비제비수제비,한식,군산공설시장,전통시장,전북특별자치도,,,
640955d16bb63cdc6262,full_annotation_v1,A,q_칼국수_05,수제비,음식점 중 '칼국수'를 판매·제공하는 매장,test,칼국수,T2 동의어,f905e949-7566-4f60-966f-392d96d2ee3b,동의보감 수제비,한식,건리단길 골목형상점가,골목형상점가,서울특별시,,,
a04cc134a279387c6ddb,full_annotation_v1,A,q_칼국수_05,수제비,음식점 중 '칼국수'를 판매·제공하는 매장,test,칼국수,T2 동의어,02546717-61c4-406f-9f44-3c98659bbb0e,초원집식당,한식,꼼리단길 골목형상점가,골목형상점가,부산광역시,,,
0fc2f68316a0765b5d4d,full_annotation_v1,A,q_칼국수_05,수제비,음식점 중 '칼국수'를 판매·제공하는 매장,test,칼국수,T2 동의어,0cdea40b-df17-41f5-aad7-8d3cfefc0f89,수제비집,수제비,주막거리상점가,자율상권구역,경기도,,,
95e626cd2b95083748b6,full_annotation_v1,A,q_칼국수_05,수제비,음식점 중 '칼국수'를 판매·제공하는 매장,test,칼국수,T2 동의어,b4303a9c-9ddd-4502-86dd-eb87433d3cf7,밀촌,들깨메밀수제비,귀인동먹거리촌 골목형상점가,골목형상점가,경기도,,,
a20d9eb0ce737121a951,full_annotation_v1,A,q_칼국수_05,수제비,음식점 중 '칼국수'를 판매·제공하는 매장,test,칼국수,T2 동의어,82ed7bda-efa2-4ab0-acdf-f7e77005b6c0,고부16,다슬기 수제비,토지면 섬진강대로 골목형상점가,골목형상점가,전라남도,,,
89cc35fed8527dee0437,full_annotation_v1,A,q_칼국수_05,수제비,음식점 중 '칼국수'를 판매·제공하는 매장,test,칼국수,T2 동의어,6fd5ceb6-fe73-4cb9-a3bc-95d64888cc14,주천방앗간,제조(방앗간),관고전통시장,전통시장,경기도,,,
e36e2ea79aec6a31430c,full_annotation_v1,A,q_칼국수_05,수제비,음식점 중 '칼국수'를 판매·제공하는 매장,test,칼국수,T2 동의어,930f0b59-9124-4d2e-9ec5-b33ac32a1cdd,기노에스테틱,피부미용,새샘하루 골목형상점가,골목형상점가,세종특별자치시,,,
0777b301d077c35e40d7,full_annotation_v1,A,q_칼국수_05,수제비,음식점 중 '칼국수'를 판매·제공하는 매장,test,칼국수,T2 동의어,cf3dd1b2-8856-49c2-b77c-24105c74eb39,송가네칼국수제비,칼국수 수제비,백운먹자 골목형상점가,골목형상점가,광주광역시,,,
983febb990daf1aaf0c0,full_annotation_v1,A,q_칼국수_05,수제비,음식점 중 '칼국수'를 판매·제공하는 매장,test,칼국수,T2 동의어,013fc799-6c55-4fa3-b332-1251f068c422,행복식당,수제비,포항죽도시장,전통시장,경상북도,,,
93ea51ca891c489f4ef6,full_annotation_v1,A,q_칼국수_05,수제비,음식점 중 '칼국수'를 판매·제공하는 매장,test,칼국수,T2 동의어,0e7f48a1-addb-45e1-bddb-56a6aa1af25c,바람난 얼큰 수제비,한식,평촌1번가 상점가,자율상권구역,경기도,,,
5584b980a38fa2a3cd58,full_annotation_v1,A,q_칼국수_05,수제비,음식점 중 '칼국수'를 판매·제공하는 매장,test,칼국수,T2 동의어,20fd13f6-b9db-4e2c-9a49-e25e8f22aa53,방실이식당,국수 수제비,구미새마을중앙시장,전통시장,경상북도,,,
b96a9952ad2c66c5d7f4,full_annotation_v1,A,q_칼국수_06,잔치국수,음식점 중 '칼국수'를 판매·제공하는 매장,test,칼국수,T2 동의어,55175438-b00a-43de-b468-efb7b0be9808,주미네보리밥잔치국수,보리밥,간석자유시장,전통시장,인천광역시,,,
d49d4da7cdd9f36fec95,full_annotation_v1,A,q_칼국수_06,잔치국수,음식점 중 '칼국수'를 판매·제공하는 매장,test,칼국수,T2 동의어,0cdea40b-df17-41f5-aad7-8d3cfefc0f89,수제비집,수제비,주막거리상점가,자율상권구역,경기도,,,
a0a0ca00eae3510c95d0,full_annotation_v1,A,q_칼국수_06,잔치국수,음식점 중 '칼국수'를 판매·제공하는 매장,test,칼국수,T2 동의어,00baf772-7ca3-475a-a614-a5dc35286be7,시골막국수와 옹심이 충북혁신도시점,막국수,맹동혁신골목형상점가,골목형상점가,충청북도,,,
27fb6cb59e1a4dfbbbf4,full_annotation_v1,A,q_칼국수_06,잔치국수,음식점 중 '칼국수'를 판매·제공하는 매장,test,칼국수,T2 동의어,60cf82c6-fa62-4266-af46-a1cc18c0f866,토박이 잔치국수,한식 면 요리 전문점,나주 예가람,골목형상점가,전라남도,,,
c99a6ea7ffb859a84519,full_annotation_v1,A,q_칼국수_06,잔치국수,음식점 중 '칼국수'를 판매·제공하는 매장,test,칼국수,T2 동의어,966e75c8-b091-4576-9eb3-8b26458913af,들녁잔치국수,한식,부천자유시장,전통시장,경기도,,,
ed69ee7d4703b7950aa0,full_annotation_v1,A,q_칼국수_06,잔치국수,음식점 중 '칼국수'를 판매·제공하는 매장,test,칼국수,T2 동의어,1196eb27-29e6-4034-a577-6372a80d8201,꼬치구이스토리,김밥 떡볶이 닭꼬치 각종튀김 라면 잔치국수 우동 등 분식류,장대 골목형상점가,골목형상점가,대전광역시,,,
ce68bb1fdabdba12042c,full_annotation_v1,A,q_칼국수_06,잔치국수,음식점 중 '칼국수'를 판매·제공하는 매장,test,칼국수,T2 동의어,d8ab735f-3d95-4054-bab6-71d3edfaecda,연화분식,칼국수 잔치국수,남목전통시장,전통시장,울산광역시,,,
94245f93e2b89bab964d,full_annotation_v1,A,q_칼국수_06,잔치국수,음식점 중 '칼국수'를 판매·제공하는 매장,test,칼국수,T2 동의어,54245fde-3f7f-4127-8320-2eb2840c360c,맛있는 잔치국수,한식,장흥시장 골목형상점가,골목형상점가,전라남도,,,
8e0e2ef0327159b4d7d5,full_annotation_v1,A,q_칼국수_06,잔치국수,음식점 중 '칼국수'를 판매·제공하는 매장,test,칼국수,T2 동의어,9026d4d2-3a33-41be-82f5-71e84e7dcc70,추어탕&잔치국수,한식,정이있는 구포시장,전통시장,부산광역시,,,
7e2324f799b0dfb13b1b,full_annotation_v1,A,q_칼국수_06,잔치국수,음식점 중 '칼국수'를 판매·제공하는 매장,test,칼국수,T2 동의어,182b2bbc-736a-4159-a39c-b7f20f1a2756,능허대계란,계란,옥련시장,전통시장,인천광역시,,,
66b4efd57891e06b06f6,full_annotation_v1,A,q_칼국수_06,잔치국수,음식점 중 '칼국수'를 판매·제공하는 매장,test,칼국수,T2 동의어,655cf6cd-1d47-4ab9-b125-88f566e4626d,오렌지,의류,중앙로 지하상가 상점가,일반지하상점가,대전광역시,,,
bd9da1ba56b086386288,full_annotation_v1,A,q_칼국수_06,잔치국수,음식점 중 '칼국수'를 판매·제공하는 매장,test,칼국수,T2 동의어,91128aa8-3f3b-428c-9586-ae12b4379afb,마시왕잔치국수,국수집,성복 온누리 골목형상점가,골목형상점가,경기도,,,
e05c4834f8bc7bf785e4,full_annotation_v1,A,q_칼국수_06,잔치국수,음식점 중 '칼국수'를 판매·제공하는 매장,test,칼국수,T2 동의어,00057366-f4a3-4b3b-a763-5545eb9cda8a,구봉국수,잔치국수,여수서시장주변시장,전통시장,전라남도,,,
b19104a7701c75e189db,full_annotation_v1,A,q_칼국수_06,잔치국수,음식점 중 '칼국수'를 판매·제공하는 매장,test,칼국수,T2 동의어,62d839ce-356b-43c4-a0c1-2e7cfc72e713,예가잔치국수,국수,메트로센터(반월당지하쇼핑),일반지하상점가,대구광역시,,,
c82a158462253f1baf42,full_annotation_v1,A,q_칼국수_06,잔치국수,음식점 중 '칼국수'를 판매·제공하는 매장,test,칼국수,T2 동의어,8a71c846-01b0-45be-9909-4a578f496b39,스시990원주중앙점,한식,원주중앙로문화의거리,자율상권구역,강원특별자치도,,,
671401aee3ae2f50fe5a,full_annotation_v1,A,q_칼국수_06,잔치국수,음식점 중 '칼국수'를 판매·제공하는 매장,test,칼국수,T2 동의어,507bfce5-b929-4fc8-9598-092a2c29eb64,안동잔치국수,국수,느다리 골목형상점가,골목형상점가,대전광역시,,,
32b4082e7d33c823add1,full_annotation_v1,A,q_칼국수_06,잔치국수,음식점 중 '칼국수'를 판매·제공하는 매장,test,칼국수,T2 동의어,c08170c1-a728-4e46-aa9f-10da81401046,구수리잔치국수,국수,자양번영로골목형상점가,골목형상점가,서울특별시,,,
47f2dcf5f02e40af2feb,full_annotation_v1,A,q_칼국수_06,잔치국수,음식점 중 '칼국수'를 판매·제공하는 매장,test,칼국수,T2 동의어,d0fb5b81-d8f0-4a30-aeff-50b5cbdd4a71,횡성잔치국수,음식,횡성전통시장,전통시장,강원특별자치도,,,
c1136521d259ab7e5217,full_annotation_v1,A,q_칼국수_06,잔치국수,음식점 중 '칼국수'를 판매·제공하는 매장,test,칼국수,T2 동의어,cacfe2f9-5faa-4b16-86bd-5567759f16db,장터멸치국수,한식,원종중앙시장,전통시장,경기도,,,
b460b915138163f2490c,full_annotation_v1,A,q_칼국수_06,잔치국수,음식점 중 '칼국수'를 판매·제공하는 매장,test,칼국수,T2 동의어,1d335b46-9172-439e-ab7f-08d1120608dd,쌍둥이네제주토속잔치국수,국수,이중섭거리 명동로상가,골목형상점가,제주특별자치도,,,
d8371b0f5f791e0fcf85,full_annotation_v1,A,q_칼국수_06,잔치국수,음식점 중 '칼국수'를 판매·제공하는 매장,test,칼국수,T2 동의어,5cb2f08b-a815-4762-b0a8-c4fd39916de2,등촌멸치국수,한식,공항대로골목형상점가,골목형상점가,서울특별시,,,
7950c049fb7e5b5a1a56,full_annotation_v1,A,q_칼국수_06,잔치국수,음식점 중 '칼국수'를 판매·제공하는 매장,test,칼국수,T2 동의어,bb62c6f3-dfec-4eb6-a4bb-a37bc87dbf52,옛날멸치국수,국수,유성신나는 골목형상점가,골목형상점가,대전광역시,,,
c21620d33b9caff39866,full_annotation_v1,A,q_칼국수_06,잔치국수,음식점 중 '칼국수'를 판매·제공하는 매장,test,칼국수,T2 동의어,98245f06-0470-4627-a39b-d1d1e2e4257e,쮸떼므베이커리,제과점,"온양온천시장(온양재래시장, 전통시장)",전통시장,충청남도,,,
aa3ab5d545d2d5d20592,full_annotation_v1,A,q_칼국수_06,잔치국수,음식점 중 '칼국수'를 판매·제공하는 매장,test,칼국수,T2 동의어,2a74fabe-d219-4da7-ac73-6028d64cd00f,제니스(jennis),의류,원주중앙로문화의거리,자율상권구역,강원특별자치도,,,
7768b39d32b2e1ad8f21,full_annotation_v1,A,q_칼국수_06,잔치국수,음식점 중 '칼국수'를 판매·제공하는 매장,test,칼국수,T2 동의어,0d36cfdd-f8a4-41f1-a864-8a98a8a82fff,우리분식,수제비,포항죽도시장,전통시장,경상북도,,,
eb5f4037ecb5dcc7922c,full_annotation_v1,A,q_칼국수_06,잔치국수,음식점 중 '칼국수'를 판매·제공하는 매장,test,칼국수,T2 동의어,01204ba5-bc3e-4a17-83cd-1dd9bee98d5e,규수방,국수,대전정원시장,전통시장,대전광역시,,,
ac08f5c5bfad9f0228e7,full_annotation_v1,A,q_칼국수_06,잔치국수,음식점 중 '칼국수'를 판매·제공하는 매장,test,칼국수,T2 동의어,8d2ed27b-b693-4ce6-b951-3d9f91ee508f,부평멸치국수,국수,효실천거리 골목형상점가,골목형상점가,인천광역시,,,
be9e51439c8c8af7dcaf,full_annotation_v1,A,q_칼국수_06,잔치국수,음식점 중 '칼국수'를 판매·제공하는 매장,test,칼국수,T2 동의어,131c9c80-48f2-4f59-8e0b-fff6649626ea,이모네 잔치국수,,매곡에뜰2차 골목형상점가,골목형상점가,울산광역시,,,
52a8cb035e6c12ae9359,full_annotation_v1,A,q_칼국수_06,잔치국수,음식점 중 '칼국수'를 판매·제공하는 매장,test,칼국수,T2 동의어,013fc799-6c55-4fa3-b332-1251f068c422,행복식당,수제비,포항죽도시장,전통시장,경상북도,,,
7b7253db245d02309930,full_annotation_v1,A,q_칼국수_06,잔치국수,음식점 중 '칼국수'를 판매·제공하는 매장,test,칼국수,T2 동의어,bede7426-cde2-4a2e-8aa2-091ac02f7b1a,유솔,"의류, 잡화, 스포츠용품",진주 비봉시장,전통시장,경상남도,,,
f9f149068b1f850131c9,full_annotation_v1,A,q_칼국수_06,잔치국수,음식점 중 '칼국수'를 판매·제공하는 매장,test,칼국수,T2 동의어,d94728d1-35f6-47d2-bad5-8afc89077191,조은맛집,백반정식 잔치국수 생선구이 등,북평민속시장(북평민속5일장),전통시장,강원특별자치도,,,
8539ecbf80a679312df6,full_annotation_v1,A,q_칼국수_06,잔치국수,음식점 중 '칼국수'를 판매·제공하는 매장,test,칼국수,T2 동의어,cff70e79-89d7-482d-8cf1-bc74143c9a5f,금터잔치국수,분식,신도꼼지락시장,전통시장,대전광역시,,,
3eba96c6247614a78826,full_annotation_v1,A,q_칼국수_06,잔치국수,음식점 중 '칼국수'를 판매·제공하는 매장,test,칼국수,T2 동의어,d8456e70-2f70-4e0d-9b90-6a27c348076e,고향잔치국수,한식점업,초지항아리 골목형상점가,골목형상점가,경기도,,,
ea779cfbd25e75669b30,full_annotation_v1,A,q_칼국수_06,잔치국수,음식점 중 '칼국수'를 판매·제공하는 매장,test,칼국수,T2 동의어,e4ec2c32-3e95-4922-a9b3-e9963504607d,덕성잔치국수,음식점업,다시남목 골목형상점가,골목형상점가,울산광역시,,,
e0cb79004e69a6d4ceb7,full_annotation_v1,A,q_칼국수_06,잔치국수,음식점 중 '칼국수'를 판매·제공하는 매장,test,칼국수,T2 동의어,306b6929-a5c6-4fd4-855f-ae5f76eca9ca,외할머니네,"팥칼국수, 잔치국수, 비빔국수, 열무국수",하남 골목형상점가,골목형상점가,광주광역시,,,
c2baa449b6f83b810041,full_annotation_v1,A,q_칼국수_06,잔치국수,음식점 중 '칼국수'를 판매·제공하는 매장,test,칼국수,T2 동의어,bcd42a58-b46d-4298-8a16-bf58ee54234d,대우닭,,수원못골종합시장,전통시장,경기도,,,
2146d74818c90720d20f,full_annotation_v1,A,q_칼국수_06,잔치국수,음식점 중 '칼국수'를 판매·제공하는 매장,test,칼국수,T2 동의어,812a15cf-1fb3-40d0-912d-3540d3c6f460,잔치국수,한식,일동전통시장,전통시장,경기도,,,
6e7f11ccd4e6df3d99b3,full_annotation_v1,A,q_칼국수_06,잔치국수,음식점 중 '칼국수'를 판매·제공하는 매장,test,칼국수,T2 동의어,0182c177-fcc7-47b0-8e12-99eb221aff79,시장초장식당,"칼국수, 열무비빔밥, 국, 반찬",경주중앙시장,전통시장,경상북도,,,
1b74fbfcc95fff200728,full_annotation_v1,A,q_칼국수_06,잔치국수,음식점 중 '칼국수'를 판매·제공하는 매장,test,칼국수,T2 동의어,0000a9c5-57f2-4719-9ec3-e5d864c7f008,새여울잔치국수,국수,용정 골목형상점가,골목형상점가,대전광역시,,,
7dc9d96d3aa729f97b87,full_annotation_v1,A,q_칼국수_06,잔치국수,음식점 중 '칼국수'를 판매·제공하는 매장,test,칼국수,T2 동의어,0d5281f7-0404-4cb1-af8e-f1349db70f88,쏭스핫도그&떡볶이,,현대시장(분당구),전통시장,경기도,,,
263d803503c70351fff6,full_annotation_v1,A,q_칼국수_06,잔치국수,음식점 중 '칼국수'를 판매·제공하는 매장,test,칼국수,T2 동의어,00d50d90-8afb-448e-b0fa-401fedd78dcb,공산성국수,국수,공산성골목형상점가,골목형상점가,충청남도,,,
c88c817d416552d09ac2,full_annotation_v1,A,q_칼국수_06,잔치국수,음식점 중 '칼국수'를 판매·제공하는 매장,test,칼국수,T2 동의어,aa72e14d-5319-4c76-9f9e-9b42a1549229,여는,카페음료(커피 등),흥덕 다채움 골목형 상점가,골목형상점가,경기도,,,
c2042c28b72634bad1e0,full_annotation_v1,A,q_칼국수_06,잔치국수,음식점 중 '칼국수'를 판매·제공하는 매장,test,칼국수,T2 동의어,f022b538-a91b-4f44-b599-7e45fc5b2c65,베리베리,악세서리,소공 지하쇼핑센터,일반지하상점가,서울특별시,,,
08b3568ba57e20d3e66f,full_annotation_v1,A,q_칼국수_06,잔치국수,음식점 중 '칼국수'를 판매·제공하는 매장,test,칼국수,T2 동의어,717b0710-3f02-4937-931c-c3e87236e107,양산상회,채소,연산골목시장상점가,자율상권구역,부산광역시,,,
754c9c8989eefbb9212d,full_annotation_v1,A,q_칼국수_06,잔치국수,음식점 중 '칼국수'를 판매·제공하는 매장,test,칼국수,T2 동의어,0ba9e757-10d8-4b85-9f62-2e0c8659d0ca,정가네,한식,흥덕 다채움 골목형 상점가,골목형상점가,경기도,,,
01e73c4448b85320f3d8,full_annotation_v1,A,q_칼국수_06,잔치국수,음식점 중 '칼국수'를 판매·제공하는 매장,test,칼국수,T2 동의어,01a468d2-cf3e-4db1-826a-771917b2e910,제주일월국수,국수,관평동 골목형상점가,골목형상점가,대전광역시,,,
e9917e54d4baa5b8a027,full_annotation_v1,A,q_칼국수_06,잔치국수,음식점 중 '칼국수'를 판매·제공하는 매장,test,칼국수,T2 동의어,df5d24d6-da47-4d28-b917-0901b83d2b7f,혜수네 잔치국수,한식,오류골먹자골목 골목형상점가,골목형상점가,서울특별시,,,
f2f0745aa0a75292116f,full_annotation_v1,A,q_칼국수_06,잔치국수,음식점 중 '칼국수'를 판매·제공하는 매장,test,칼국수,T2 동의어,da93354c-a3e6-4275-a9b2-e2ff83e7293f,만원푸드,"잔치국수, 붕어빵 등",춘천번개시장,전통시장,강원특별자치도,,,
0cc4eef8585a216b2e93,full_annotation_v1,A,q_칼국수_06,잔치국수,음식점 중 '칼국수'를 판매·제공하는 매장,test,칼국수,T2 동의어,00b090ad-30c0-4573-a43a-123f5116851b,호호정 멸치국수,,그랜드프라자&상용b상가 상점가,골목형상점가,경기도,,,
29281505f7122b95f516,full_annotation_v1,A,q_칼국수_06,잔치국수,음식점 중 '칼국수'를 판매·제공하는 매장,test,칼국수,T2 동의어,af30af7d-7881-43b4-82e0-cf122a1543af,영화잔치국수,음식(한식),장안문거북시장,전통시장,경기도,,,
1684d886896126342ddc,full_annotation_v1,A,q_칼국수_06,잔치국수,음식점 중 '칼국수'를 판매·제공하는 매장,test,칼국수,T2 동의어,f05c3d33-9f52-4456-8c25-b0ad0849e56c,대동할매국수,잔치국수,안락상가시장,전통시장,부산광역시,,,
9c327edd204a17850a8e,full_annotation_v1,A,q_칼국수_06,잔치국수,음식점 중 '칼국수'를 판매·제공하는 매장,test,칼국수,T2 동의어,1ab61d4f-9ff2-4d7b-aff8-7f18284b9650,산촌잔치국수,분식,남대문시장,전통시장,서울특별시,,,
a1c1c873aeec3878cd71,full_annotation_v1,A,q_칼국수_06,잔치국수,음식점 중 '칼국수'를 판매·제공하는 매장,test,칼국수,T2 동의어,b9c8dd46-3af9-4559-b1a8-3ce3cdbd3f0a,잔치국수,국수,동해남부재래시장,전통시장,강원특별자치도,,,
873a768bd1c15ad1d6b2,full_annotation_v1,A,q_칼국수_06,잔치국수,음식점 중 '칼국수'를 판매·제공하는 매장,test,칼국수,T2 동의어,df9ade1e-d301-4d17-920c-cffafbbebe04,명품잔치국수은평,국수,응암소담길 골목형상점가,골목형상점가,서울특별시,,,
36ca766e880dd13c2dd3,full_annotation_v1,A,q_칼국수_06,잔치국수,음식점 중 '칼국수'를 판매·제공하는 매장,test,칼국수,T2 동의어,44b300d0-b7d2-45a2-ab55-7064db8e96ec,시장잔치국수,음식점업(휴게음식),의왕도깨비시장,전통시장,경기도,,,
4c675bb1e933aaab8351,full_annotation_v1,A,q_칼국수_06,잔치국수,음식점 중 '칼국수'를 판매·제공하는 매장,test,칼국수,T2 동의어,ef4792aa-0ff5-4f8e-8613-7d5280e221e7,소문난잔치국수,음식점업(한식),송탄시장(송북시장),전통시장,경기도,,,
54dc31747ac4e67035d7,full_annotation_v1,A,q_칼국수_06,잔치국수,음식점 중 '칼국수'를 판매·제공하는 매장,test,칼국수,T2 동의어,06c08c2a-1549-4a5b-ab2e-b385ac252f13,방이손칼국수,간이음식 칼국수 수제비,방이시장,전통시장,서울특별시,,,
aed3d5e639d14ba15973,full_annotation_v1,A,q_칼국수_06,잔치국수,음식점 중 '칼국수'를 판매·제공하는 매장,test,칼국수,T2 동의어,e0cde3d2-8ab6-42b8-85d1-cab908834de2,서민식당,잔치국수,온양온천역 골목형 상점가,골목형상점가,충청남도,,,
6b62ad2c8fdc78e37b1c,full_annotation_v1,A,q_칼국수_06,잔치국수,음식점 중 '칼국수'를 판매·제공하는 매장,test,칼국수,T2 동의어,66263de7-3d8d-460a-a279-3d7b78cdda18,금산인삼,인삼,원미종합시장,전통시장,경기도,,,
6cde2e04bb704cbdcf70,full_annotation_v1,A,q_칼국수_06,잔치국수,음식점 중 '칼국수'를 판매·제공하는 매장,test,칼국수,T2 동의어,0662e446-e512-470d-8c71-843284e41524,낙원잔치국수,잔치국수,낙원동골목형상점가,골목형상점가,강원특별자치도,,,
a85092a8483db71b0e16,full_annotation_v1,A,q_칼국수_06,잔치국수,음식점 중 '칼국수'를 판매·제공하는 매장,test,칼국수,T2 동의어,0b26ec14-485f-4826-8e69-f2e2fd0ef91e,원조어탕,어탕수제비.칼국수,구미 금리단길 골목형상점가,골목형상점가,경상북도,,,
36f54196d6c08aa50d8f,full_annotation_v1,A,q_칼국수_06,잔치국수,음식점 중 '칼국수'를 판매·제공하는 매장,test,칼국수,T2 동의어,f70e8bd1-36d9-49bd-80dc-c4391a6871e2,옛맛잔치국수,음식(국수),경창시장,전통시장,서울특별시,,,
151268ac24b22c280c9d,full_annotation_v1,A,q_칼국수_06,잔치국수,음식점 중 '칼국수'를 판매·제공하는 매장,test,칼국수,T2 동의어,128a2745-7b52-4f8e-83d5-ca3c1c36a91b,스파리스 휘트니스,헬스,정왕시장,전통시장,경기도,,,
fada4493b59bbfb5b1d6,full_annotation_v1,A,q_칼국수_06,잔치국수,음식점 중 '칼국수'를 판매·제공하는 매장,test,칼국수,T2 동의어,00cef312-cb5c-4dea-ad69-88c556146024,주산팥죽,"팥죽, 칼국수",부안상설시장,전통시장,전북특별자치도,,,
df839390116416075457,full_annotation_v1,A,q_칼국수_06,잔치국수,음식점 중 '칼국수'를 판매·제공하는 매장,test,칼국수,T2 동의어,ba2210ce-7020-4045-8463-a66dce4d77e0,메종세컨드,,수완아름마을,골목형상점가,,,,
5573fe0137dbcd7e0c24,full_annotation_v1,A,q_칼국수_06,잔치국수,음식점 중 '칼국수'를 판매·제공하는 매장,test,칼국수,T2 동의어,5b6204b7-6a5c-4764-831f-04c1e6ed3cdb,예나,잔치국수,정선아리랑시장,전통시장,강원특별자치도,,,
4bec15c9c4ff0b5fb486,full_annotation_v1,A,q_칼국수_06,잔치국수,음식점 중 '칼국수'를 판매·제공하는 매장,test,칼국수,T2 동의어,c7b9ba6a-437a-4b68-9dfc-0fbf4bc4a0a1,범물본가국수 시지점,잔치국수 돈까스,신매시장,전통시장,대구광역시,,,
dc6de4f9f8766b1f76d8,full_annotation_v1,A,q_칼국수_06,잔치국수,음식점 중 '칼국수'를 판매·제공하는 매장,test,칼국수,T2 동의어,1f38c141-c3d4-4f0f-9a5e-badd144c5c9c,라우헤어 청단힐,미용서비스업,첨단2동 골목형상점가,골목형상점가,광주광역시,,,
9e0d4e0b419423a3009e,full_annotation_v1,A,q_칼국수_06,잔치국수,음식점 중 '칼국수'를 판매·제공하는 매장,test,칼국수,T2 동의어,01e8f807-6020-486c-bd59-38a7035bc453,구례밀밭,국수,화엄상가(골목형상점가),골목형상점가,전라남도,,,
eb6be342548d8e67767f,full_annotation_v1,A,q_칼국수_07,면요리 먹을 곳,음식점 중 '칼국수'를 판매·제공하는 매장,test,칼국수,T4 구어·문장,b804cf3f-f859-49e9-ac04-446dea87c7ef,먹을래싸갈래,분식,국민시장,전통시장,부산광역시,,,
15f4ac1d425ff84cbb1d,full_annotation_v1,A,q_칼국수_07,면요리 먹을 곳,음식점 중 '칼국수'를 판매·제공하는 매장,test,칼국수,T4 구어·문장,dc63224f-52dc-4f44-b291-1b54f2e8df7c,밀과보리칼국수,면요리,홍도동 상점가,자율상권구역,대전광역시,,,
283baea1fd4879294c3d,full_annotation_v1,A,q_칼국수_07,면요리 먹을 곳,음식점 중 '칼국수'를 판매·제공하는 매장,test,칼국수,T4 구어·문장,3be5f54f-9251-4c51-a58e-6bd002a9dc41,단미옥 설곰탕 해장국,"곰탕, 설렁탕",신안동KT 골목형상점가,골목형상점가,광주광역시,,,
8df8ff445c1d02a12714,full_annotation_v1,A,q_칼국수_07,면요리 먹을 곳,음식점 중 '칼국수'를 판매·제공하는 매장,test,칼국수,T4 구어·문장,06c08c2a-1549-4a5b-ab2e-b385ac252f13,방이손칼국수,간이음식 칼국수 수제비,방이시장,전통시장,서울특별시,,,
419a67516dd9f32e3e79,full_annotation_v1,A,q_칼국수_07,면요리 먹을 곳,음식점 중 '칼국수'를 판매·제공하는 매장,test,칼국수,T4 구어·문장,50fe5486-6e1a-44b2-8dce-c01fb7410b3c,남풍큰옷집,의류,신평화패션타운,전통시장,서울특별시,,,
50ff730b4b476e4b6cea,full_annotation_v1,A,q_칼국수_07,면요리 먹을 곳,음식점 중 '칼국수'를 판매·제공하는 매장,test,칼국수,T4 구어·문장,07e6317e-8529-4a99-b6ff-6463affed556,만다리,면요리,두암2동광신맨션주변 골목형상점가,골목형상점가,광주광역시,,,
b9f060159a6fbaccf203,full_annotation_v1,A,q_칼국수_07,면요리 먹을 곳,음식점 중 '칼국수'를 판매·제공하는 매장,test,칼국수,T4 구어·문장,1d8d579f-fef4-4b58-846e-6a7924e3230a,소재,한식코스요리,중흥자재거리 골목형상점가,골목형상점가,광주광역시,,,
ab5fe9e4f9b1083d96ee,full_annotation_v1,A,q_칼국수_07,면요리 먹을 곳,음식점 중 '칼국수'를 판매·제공하는 매장,test,칼국수,T4 구어·문장,984a2d8a-1cc5-4891-b52c-48ed5cbd485c,금강만물사,철물,덕정골목형상점가,골목형상점가,경기도,,,
21d8ace7b7fdba19388d,full_annotation_v1,A,q_칼국수_07,면요리 먹을 곳,음식점 중 '칼국수'를 판매·제공하는 매장,test,칼국수,T4 구어·문장,68b96d7f-0e87-413c-b8e6-4752fabb4340,해랑,음식점업(한식),하남수산물전통시장,전통시장,경기도,,,
6b0db25a7d8303aa2849,full_annotation_v1,A,q_칼국수_07,면요리 먹을 곳,음식점 중 '칼국수'를 판매·제공하는 매장,test,칼국수,T4 구어·문장,00baf772-7ca3-475a-a614-a5dc35286be7,시골막국수와 옹심이 충북혁신도시점,막국수,맹동혁신골목형상점가,골목형상점가,충청북도,,,
fd9728e8e74544c3e1d9,full_annotation_v1,A,q_칼국수_07,면요리 먹을 곳,음식점 중 '칼국수'를 판매·제공하는 매장,test,칼국수,T4 구어·문장,be9f8c61-892c-48ed-a49d-b63bd032c025,소곳,의류,고투몰(강남터미널지하도상점가),일반지하상점가,서울특별시,,,
305422e96ac1db7ecee9,full_annotation_v1,A,q_칼국수_07,면요리 먹을 곳,음식점 중 '칼국수'를 판매·제공하는 매장,test,칼국수,T4 구어·문장,00cef312-cb5c-4dea-ad69-88c556146024,주산팥죽,"팥죽, 칼국수",부안상설시장,전통시장,전북특별자치도,,,
0ced507ae03edafb60d8,full_annotation_v1,A,q_칼국수_07,면요리 먹을 곳,음식점 중 '칼국수'를 판매·제공하는 매장,test,칼국수,T4 구어·문장,4006da5c-bdca-4cac-a2e6-62e108658508,이가동북요리,중식,익산그린상점가,자율상권구역,전북특별자치도,,,
14c10237400dc186a995,full_annotation_v1,A,q_칼국수_07,면요리 먹을 곳,음식점 중 '칼국수'를 판매·제공하는 매장,test,칼국수,T4 구어·문장,c669426f-fb7e-4fe1-bcc0-133f71cfd8f0,족발야시장 세종도담점,족발 보쌈 면요리 전요리 주먹밥 주류 음료,도담동 골목형상점가,골목형상점가,세종특별자치시,,,
1553bd908f8989ea99a3,full_annotation_v1,A,q_칼국수_07,면요리 먹을 곳,음식점 중 '칼국수'를 판매·제공하는 매장,test,칼국수,T4 구어·문장,0d36cfdd-f8a4-41f1-a864-8a98a8a82fff,우리분식,수제비,포항죽도시장,전통시장,경상북도,,,
0e9e1d41e32f924675c3,full_annotation_v1,A,q_칼국수_07,면요리 먹을 곳,음식점 중 '칼국수'를 판매·제공하는 매장,test,칼국수,T4 구어·문장,50076371-efa0-482e-ba76-1f6b2194e659,탄탄면공방 등촌역점,면요리,공항대로골목형상점가,골목형상점가,서울특별시,,,
8b6064ed8d3e7b626eaa,full_annotation_v1,A,q_칼국수_07,면요리 먹을 곳,음식점 중 '칼국수'를 판매·제공하는 매장,test,칼국수,T4 구어·문장,a31b0428-3491-4a68-a74d-63599238ce6c,중화식탁,중화면요리,신토평먹자거리 골목형상점가,골목형상점가,경기도,,,
1054261c5be0d7a647ac,full_annotation_v1,A,q_칼국수_07,면요리 먹을 곳,음식점 중 '칼국수'를 판매·제공하는 매장,test,칼국수,T4 구어·문장,06261986-3eba-4244-b63f-397460d82f4a,이곳,미용,나주혁신도시 골목형상점가,골목형상점가,전라남도,,,
33dd4c11bd1b2f4d073e,full_annotation_v1,A,q_칼국수_07,면요리 먹을 곳,음식점 중 '칼국수'를 판매·제공하는 매장,test,칼국수,T4 구어·문장,2743811c-5e71-4d2b-aa75-1b0147d44f2d,사우 꽃이 피는 곳,꽃,김포 풍년마을 골목형상점가,골목형상점가,경기도,,,
7efdef35c62f93dba15e,full_annotation_v1,A,q_칼국수_07,면요리 먹을 곳,음식점 중 '칼국수'를 판매·제공하는 매장,test,칼국수,T4 구어·문장,2e1ccab1-1759-4b92-bea1-7ec4dd9edfa7,한중요리,한식,도군머리 골목형상점가,골목형상점가,광주광역시,,,
dbbe2296cd48334102bf,full_annotation_v1,A,q_칼국수_07,면요리 먹을 곳,음식점 중 '칼국수'를 판매·제공하는 매장,test,칼국수,T4 구어·문장,e4138765-9ac8-4896-b32a-15043050134a,케이지(KG)유통,의류,부천강남시장,전통시장,경기도,,,
6444c0217baabdd140ee,full_annotation_v1,A,q_칼국수_07,면요리 먹을 곳,음식점 중 '칼국수'를 판매·제공하는 매장,test,칼국수,T4 구어·문장,f8058d71-b413-472c-a80e-164e4ac54967,천지짬뽕,중식,중흥행복마을 골목형상점가,골목형상점가,광주광역시,,,
15c6483799564e8f61b4,full_annotation_v1,A,q_칼국수_07,면요리 먹을 곳,음식점 중 '칼국수'를 판매·제공하는 매장,test,칼국수,T4 구어·문장,76a3551b-dae4-4326-92cc-662015aedbfb,쉴 곳,한식,칠성로상점가,자율상권구역,제주특별자치도,,,
bc7d7d3c68aac86a109a,full_annotation_v1,A,q_칼국수_07,면요리 먹을 곳,음식점 중 '칼국수'를 판매·제공하는 매장,test,칼국수,T4 구어·문장,00d50d90-8afb-448e-b0fa-401fedd78dcb,공산성국수,국수,공산성골목형상점가,골목형상점가,충청남도,,,
41670801f1b568b4f593,full_annotation_v1,A,q_칼국수_07,면요리 먹을 곳,음식점 중 '칼국수'를 판매·제공하는 매장,test,칼국수,T4 구어·문장,00b090ad-30c0-4573-a43a-123f5116851b,호호정 멸치국수,,그랜드프라자&상용b상가 상점가,골목형상점가,경기도,,,
e4a8d88d61dc52f650e8,full_annotation_v1,A,q_칼국수_07,면요리 먹을 곳,음식점 중 '칼국수'를 판매·제공하는 매장,test,칼국수,T4 구어·문장,24456103-f6b8-46af-8655-82e61d7265d8,커피가 머무르는 곳,커피,반드레길골목형상점가,골목형상점가,서울특별시,,,
5fe434170ebeb500451d,full_annotation_v1,A,q_칼국수_07,면요리 먹을 곳,음식점 중 '칼국수'를 판매·제공하는 매장,test,칼국수,T4 구어·문장,0cdea40b-df17-41f5-aad7-8d3cfefc0f89,수제비집,수제비,주막거리상점가,자율상권구역,경기도,,,
17bfe85ab7710da1f43d,full_annotation_v1,A,q_칼국수_07,면요리 먹을 곳,음식점 중 '칼국수'를 판매·제공하는 매장,test,칼국수,T4 구어·문장,462b34b3-17c6-4261-90db-1e10846cac5d,해피로PC인덕원점,피시방,인덕원 골목형상점가,골목형상점가,경기도,,,
0a1c3d5ddd5b3c445534,full_annotation_v1,A,q_칼국수_07,면요리 먹을 곳,음식점 중 '칼국수'를 판매·제공하는 매장,test,칼국수,T4 구어·문장,af841040-0055-4f95-bbe1-b98bb9cf9b59,밀곳,제과,부평깡통시장(구 부산부평시장),전통시장,부산광역시,,,
7af4ec8ad7852a41cf2b,full_annotation_v1,A,q_칼국수_07,면요리 먹을 곳,음식점 중 '칼국수'를 판매·제공하는 매장,test,칼국수,T4 구어·문장,ed6dede5-baee-433a-aedd-0a100ca15766,면박사,한식 면 요리 전문점,용문 골목형상점가,골목형상점가,제주특별자치도,,,
4fd05b980a195d07f5f0,full_annotation_v1,A,q_칼국수_07,면요리 먹을 곳,음식점 중 '칼국수'를 판매·제공하는 매장,test,칼국수,T4 구어·문장,1a03adef-4cb8-42ae-89ab-487ca61d5a35,꿈바우버섯집,버섯요리,하양꿈바우시장,전통시장,경상북도,,,
4d738e9240b431b1613e,full_annotation_v1,A,q_칼국수_07,면요리 먹을 곳,음식점 중 '칼국수'를 판매·제공하는 매장,test,칼국수,T4 구어·문장,8adecf0d-4704-4e39-bdf9-464893460319,카페 비요리,커피,대흥동 특화거리 상점가,자율상권구역,대전광역시,,,
1fab27742793f1f013ea,full_annotation_v1,A,q_칼국수_07,면요리 먹을 곳,음식점 중 '칼국수'를 판매·제공하는 매장,test,칼국수,T4 구어·문장,540c3f3d-5db4-493d-bbfe-78754e50f761,윤가밀냉면,한식 면요리,서대신동골목시장,전통시장,부산광역시,,,
ab7b503890074d10224a,full_annotation_v1,A,q_칼국수_07,면요리 먹을 곳,음식점 중 '칼국수'를 판매·제공하는 매장,test,칼국수,T4 구어·문장,96929dc7-3532-4592-a918-529a77ceac89,고뚱보우육면,면요리,쌍용1번가 골목형상점가,골목형상점가,충청남도,,,
bb34a473e15a309507a2,full_annotation_v1,A,q_칼국수_07,면요리 먹을 곳,음식점 중 '칼국수'를 판매·제공하는 매장,test,칼국수,T4 구어·문장,465db8aa-dcb7-42ef-81c7-c45577529e34,현풍닭칼국수 경산오거리점,한식 면요리,경산중앙로상점가,자율상권구역,경상북도,,,
3e456248f060cfd059df,full_annotation_v1,A,q_칼국수_07,면요리 먹을 곳,음식점 중 '칼국수'를 판매·제공하는 매장,test,칼국수,T4 구어·문장,f0b7a128-54c5-4412-9bc8-621abd6f7c7c,면식당 계명대점,면요리,성서계대로데오거리 골목형상점가,골목형상점가,대구광역시,,,
883c04a5c8726cdf18cc,full_annotation_v1,A,q_칼국수_07,면요리 먹을 곳,음식점 중 '칼국수'를 판매·제공하는 매장,test,칼국수,T4 구어·문장,a8cb49e5-8948-4653-b971-1a174675703d,DINA,귀금속,동송전통시장,전통시장,강원특별자치도,,,
e2429a272ee1d1b253f1,full_annotation_v1,A,q_칼국수_07,면요리 먹을 곳,음식점 중 '칼국수'를 판매·제공하는 매장,test,칼국수,T4 구어·문장,01a468d2-cf3e-4db1-826a-771917b2e910,제주일월국수,국수,관평동 골목형상점가,골목형상점가,대전광역시,,,
f5c1bc6e5325e5314802,full_annotation_v1,A,q_칼국수_07,면요리 먹을 곳,음식점 중 '칼국수'를 판매·제공하는 매장,test,칼국수,T4 구어·문장,3f21ef87-725f-4fa7-87a4-cd5ac3aad800,청와삼대,면 요리,문화1동 골목형상점가,골목형상점가,대전광역시,,,
090d2ab3a7b61082fe07,full_annotation_v1,A,q_칼국수_07,면요리 먹을 곳,음식점 중 '칼국수'를 판매·제공하는 매장,test,칼국수,T4 구어·문장,01204ba5-bc3e-4a17-83cd-1dd9bee98d5e,규수방,국수,대전정원시장,전통시장,대전광역시,,,
c49bd38072405c1e8493,full_annotation_v1,A,q_칼국수_07,면요리 먹을 곳,음식점 중 '칼국수'를 판매·제공하는 매장,test,칼국수,T4 구어·문장,0b26ec14-485f-4826-8e69-f2e2fd0ef91e,원조어탕,어탕수제비.칼국수,구미 금리단길 골목형상점가,골목형상점가,경상북도,,,
9441b6ec492bad79368e,full_annotation_v1,A,q_칼국수_07,면요리 먹을 곳,음식점 중 '칼국수'를 판매·제공하는 매장,test,칼국수,T4 구어·문장,01e8f807-6020-486c-bd59-38a7035bc453,구례밀밭,국수,화엄상가(골목형상점가),골목형상점가,전라남도,,,
e45fd8139be293a84cf6,full_annotation_v1,A,q_칼국수_07,면요리 먹을 곳,음식점 중 '칼국수'를 판매·제공하는 매장,test,칼국수,T4 구어·문장,0df3eced-9f53-4b4c-9218-80455bc5ca93,국수나무(수완점),분식 돈가스 면요리,홀릭스,골목형상점가,광주광역시,,,
d35004aaa37873d28910,full_annotation_v1,A,q_칼국수_07,면요리 먹을 곳,음식점 중 '칼국수'를 판매·제공하는 매장,test,칼국수,T4 구어·문장,d277d9c0-79df-4118-a02c-c8a546a81a8e,진동상회,생선,마산어시장,전통시장,경상남도,,,
5ac7089c4f89a5b97206,full_annotation_v1,A,q_칼국수_07,면요리 먹을 곳,음식점 중 '칼국수'를 판매·제공하는 매장,test,칼국수,T4 구어·문장,eea09970-6660-41da-84b4-3dbad9e180b5,동해반찬,,포항큰동해시장,전통시장,경상북도,,,
75228f07474dcf8afab8,full_annotation_v1,A,q_칼국수_07,면요리 먹을 곳,음식점 중 '칼국수'를 판매·제공하는 매장,test,칼국수,T4 구어·문장,4f20341f-a11c-45c4-ad42-332bea16ee8a,니뽕내뽕,면요리,갈매애비뉴 골목형상점가,골목형상점가,경기도,,,
c5ddb59d267fc94544bb,full_annotation_v1,A,q_칼국수_07,면요리 먹을 곳,음식점 중 '칼국수'를 판매·제공하는 매장,test,칼국수,T4 구어·문장,2056c69e-64b4-4b28-8ce2-800cbcec3e25,먹을꼬얌,음식,산본로데오거리(구 산본중심상가),자율상권구역,경기도,,,
d931cac41d23f748efa5,full_annotation_v1,A,q_칼국수_07,면요리 먹을 곳,음식점 중 '칼국수'를 판매·제공하는 매장,test,칼국수,T4 구어·문장,77dc75d1-1f6e-49a7-bcef-f01e1d4ebae2,강물 위에 쓴 시,,남평 강변도시 골목형상점가,골목형상점가,,,,
67645eb2568e753050ab,full_annotation_v1,A,q_칼국수_07,면요리 먹을 곳,음식점 중 '칼국수'를 판매·제공하는 매장,test,칼국수,T4 구어·문장,7e7573f1-3979-49ff-a02c-54e1f525eb33,코코,가발 미용,인덕원 골목형상점가,골목형상점가,경기도,,,
7c966946d6f33904aed4,full_annotation_v1,A,q_칼국수_07,면요리 먹을 곳,음식점 중 '칼국수'를 판매·제공하는 매장,test,칼국수,T4 구어·문장,ceaffbbf-995f-4cdf-957b-4ac77b2470c4,송산칼국수,한식면요리,사강시장,전통시장,경기도,,,
ff1fd6a9c676b88fc2a1,full_annotation_v1,A,q_칼국수_07,면요리 먹을 곳,음식점 중 '칼국수'를 판매·제공하는 매장,test,칼국수,T4 구어·문장,082318d1-b53c-40e8-9a48-18eb2a490e1a,국수나무,면요리,군산수송 골목형상점가,골목형상점가,전북특별자치도,,,
5b373bafff12309bb382,full_annotation_v1,A,q_칼국수_07,면요리 먹을 곳,음식점 중 '칼국수'를 판매·제공하는 매장,test,칼국수,T4 구어·문장,3086efe6-0293-476f-a32f-35d8522477d2,산수옥모밀,면요리,동림2 골목형상점가,골목형상점가,광주광역시,,,
ca2d16e5e9caaacafddf,full_annotation_v1,A,q_칼국수_07,면요리 먹을 곳,음식점 중 '칼국수'를 판매·제공하는 매장,test,칼국수,T4 구어·문장,bccf2da8-aad7-4c8b-beaf-19a0a0a7eea9,국시집,한식 면 요리 전문점,고흥전통시장,전통시장,전라남도,,,
f98a453d68c8ecc5df3e,full_annotation_v1,A,q_칼국수_07,면요리 먹을 곳,음식점 중 '칼국수'를 판매·제공하는 매장,test,칼국수,T4 구어·문장,2a7ccf62-905c-4f31-9d03-bcafff16f55e,브레드포럼,제과제빵,범일골목시장,전통시장,부산광역시,,,
75cceb3c97acd5a0e100,full_annotation_v1,A,q_칼국수_07,면요리 먹을 곳,음식점 중 '칼국수'를 판매·제공하는 매장,test,칼국수,T4 구어·문장,842f6cf1-6411-4f4b-be23-746d79e31656,섬곳,한식,플레이사계 지오단길 골목형상점가,골목형상점가,제주특별자치도,,,
94f5feeeea0518b8cdca,full_annotation_v1,A,q_칼국수_07,면요리 먹을 곳,음식점 중 '칼국수'를 판매·제공하는 매장,test,칼국수,T4 구어·문장,d18c17e3-9f8f-4dce-bfae-024689a1bdf4,옥이네분식,면요리,중동사랑시장,전통시장,경기도,,,
9739cd7d554ececfdb04,full_annotation_v1,A,q_칼국수_07,면요리 먹을 곳,음식점 중 '칼국수'를 판매·제공하는 매장,test,칼국수,T4 구어·문장,00057366-f4a3-4b3b-a763-5545eb9cda8a,구봉국수,잔치국수,여수서시장주변시장,전통시장,전라남도,,,
31aa136cf7a05df561f9,full_annotation_v1,A,q_칼국수_07,면요리 먹을 곳,음식점 중 '칼국수'를 판매·제공하는 매장,test,칼국수,T4 구어·문장,0182c177-fcc7-47b0-8e12-99eb221aff79,시장초장식당,"칼국수, 열무비빔밥, 국, 반찬",경주중앙시장,전통시장,경상북도,,,
598d285a27cde417812a,full_annotation_v1,A,q_칼국수_07,면요리 먹을 곳,음식점 중 '칼국수'를 판매·제공하는 매장,test,칼국수,T4 구어·문장,90376d82-87fd-4a8d-99b7-9c03ee2815b1,먹을래싸갈래,,사직거인 골목형상점가,골목형상점가,부산광역시,,,
6538d882acf7bd7197d5,full_annotation_v1,A,q_칼국수_07,면요리 먹을 곳,음식점 중 '칼국수'를 판매·제공하는 매장,test,칼국수,T4 구어·문장,c111ac9d-3f3a-405c-a8db-4d127ccda9e2,행복이 있는 곳,잡화,제주로얄쇼핑센터,자율상권구역,제주특별자치도,,,
3a29832fb02d06494a3b,full_annotation_v1,A,q_칼국수_07,면요리 먹을 곳,음식점 중 '칼국수'를 판매·제공하는 매장,test,칼국수,T4 구어·문장,19758ace-fae6-44d0-b938-53721a9302c2,하트헤어,미용,파랑새원룸상인회 골목형상점가,골목형상점가,광주광역시,,,
8632141f8f259bb11a9e,full_annotation_v1,A,q_칼국수_07,면요리 먹을 곳,음식점 중 '칼국수'를 판매·제공하는 매장,test,칼국수,T4 구어·문장,7fde034b-96e4-455a-83e2-7b5692b96a17,먹을터,한식,화성행궁골목형상점가,골목형상점가,경기도,,,
d20821cdf40e494f243e,full_annotation_v1,A,q_칼국수_07,면요리 먹을 곳,음식점 중 '칼국수'를 판매·제공하는 매장,test,칼국수,T4 구어·문장,c2cc2bc0-4145-46ee-8d0b-d896b3678f65,면앤밥,,풍세로세광 골목형상점가,골목형상점가,충청남도,,,
9aa9225fdb80619d2b84,full_annotation_v1,A,q_칼국수_07,면요리 먹을 곳,음식점 중 '칼국수'를 판매·제공하는 매장,test,칼국수,T4 구어·문장,0000a9c5-57f2-4719-9ec3-e5d864c7f008,새여울잔치국수,국수,용정 골목형상점가,골목형상점가,대전광역시,,,
fb41211a26a75114dd0a,full_annotation_v1,A,q_칼국수_07,면요리 먹을 곳,음식점 중 '칼국수'를 판매·제공하는 매장,test,칼국수,T4 구어·문장,1b48a4ae-094d-42ca-a00a-79dad4238a1c,최고당돈가스,돈가스 및 한식 면요리,마북 골목형상점가,골목형상점가,경기도,,,
cdd6405ff148ca7647a5,full_annotation_v1,A,q_칼국수_07,면요리 먹을 곳,음식점 중 '칼국수'를 판매·제공하는 매장,test,칼국수,T4 구어·문장,dde74325-8f92-4321-9ce6-52d069e55acb,어니스트식스티,면요리,나주혁신도시 골목형상점가,골목형상점가,전라남도,,,
15aefab91f6ed46aa574,full_annotation_v1,A,q_칼국수_07,면요리 먹을 곳,음식점 중 '칼국수'를 판매·제공하는 매장,test,칼국수,T4 구어·문장,31886002-601d-4a4e-9eec-fa0ad162e9fd,가야포차선지국밥2,한식,개금골목시장,전통시장,부산광역시,,,
11534180be32e713ba91,full_annotation_v1,A,q_칼국수_07,면요리 먹을 곳,음식점 중 '칼국수'를 판매·제공하는 매장,test,칼국수,T4 구어·문장,a3666bb6-07d6-49b3-b68a-bc8855582f8a,국수나무,면요리,동백 이음길 골목형상점가,골목형상점가,경기도,,,
310f651bb2bc9bd2f57c,full_annotation_v1,A,q_칼국수_07,면요리 먹을 곳,음식점 중 '칼국수'를 판매·제공하는 매장,test,칼국수,T4 구어·문장,013fc799-6c55-4fa3-b332-1251f068c422,행복식당,수제비,포항죽도시장,전통시장,경상북도,,,
bfa5c5ad4c131877bf4c,full_annotation_v1,A,q_칼국수_07,면요리 먹을 곳,음식점 중 '칼국수'를 판매·제공하는 매장,test,칼국수,T4 구어·문장,25f229a5-106a-4934-a43c-1b9fb0af61c5,60계치킨 광천농성점,치킨,늘솔길상인회 골목형상점가,골목형상점가,광주광역시,,,
97d1403fd7f097012822,full_annotation_v1,A,q_칼국수_07,면요리 먹을 곳,음식점 중 '칼국수'를 판매·제공하는 매장,test,칼국수,T4 구어·문장,ca20e919-c230-4065-afc1-e4b2b1ff9ffc,황금맷돌,두부요리,서문대로 골목형상점가,골목형상점가,광주광역시,,,
ac5bccd41d8152bcef00,full_annotation_v1,A,q_칼국수_08,면요리 먹을 데,음식점 중 '칼국수'를 판매·제공하는 매장,test,칼국수,T4 구어·문장,e14c85de-7845-4b2e-b2b4-377d02aa52ce,커먼,의류,상원시장,전통시장,대구광역시,,,
f2cce168b46b1fa3fae1,full_annotation_v1,A,q_칼국수_08,면요리 먹을 데,음식점 중 '칼국수'를 판매·제공하는 매장,test,칼국수,T4 구어·문장,04af378c-87c3-494e-b9b2-1c0232b07f5e,원조강릉칼국수,한식 면 요리,만년동 골목형상점가,골목형상점가,대전광역시,,,
e18930f3f5cbcc028b6e,full_annotation_v1,A,q_칼국수_08,면요리 먹을 데,음식점 중 '칼국수'를 판매·제공하는 매장,test,칼국수,T4 구어·문장,bccf2da8-aad7-4c8b-beaf-19a0a0a7eea9,국시집,한식 면 요리 전문점,고흥전통시장,전통시장,전라남도,,,
8798ebfbd91cfa0356e5,full_annotation_v1,A,q_칼국수_08,면요리 먹을 데,음식점 중 '칼국수'를 판매·제공하는 매장,test,칼국수,T4 구어·문장,a8fc2c12-c470-4555-aa6c-2c798bc42e64,나노포차,한식,호남동 골목형상점가,골목형상점가,광주광역시,,,
f068ce9554cd863d0d79,full_annotation_v1,A,q_칼국수_08,면요리 먹을 데,음식점 중 '칼국수'를 판매·제공하는 매장,test,칼국수,T4 구어·문장,4f20341f-a11c-45c4-ad42-332bea16ee8a,니뽕내뽕,면요리,갈매애비뉴 골목형상점가,골목형상점가,경기도,,,
3556a29a258a2a4a0f46,full_annotation_v1,A,q_칼국수_08,면요리 먹을 데,음식점 중 '칼국수'를 판매·제공하는 매장,test,칼국수,T4 구어·문장,c669426f-fb7e-4fe1-bcc0-133f71cfd8f0,족발야시장 세종도담점,족발 보쌈 면요리 전요리 주먹밥 주류 음료,도담동 골목형상점가,골목형상점가,세종특별자치시,,,
e9484b3e479fba1d8500,full_annotation_v1,A,q_칼국수_08,면요리 먹을 데,음식점 중 '칼국수'를 판매·제공하는 매장,test,칼국수,T4 구어·문장,282b0e8b-051c-49f9-a707-b982df803589,까라벨라 데 오르,스파게티,동명동 카페거리 골목형상점가,골목형상점가,광주광역시,,,
a0d401e9829393c9a7ca,full_annotation_v1,A,q_칼국수_08,면요리 먹을 데,음식점 중 '칼국수'를 판매·제공하는 매장,test,칼국수,T4 구어·문장,62f8146c-aa85-4d94-9947-0f19fd052da5,데즐링,,쌍촌명지상인회 골목형상점가,골목형상점가,,,,
4f30bbd7e056646ba4f0,full_annotation_v1,A,q_칼국수_08,면요리 먹을 데,음식점 중 '칼국수'를 판매·제공하는 매장,test,칼국수,T4 구어·문장,ea978e87-2e72-4f37-a3d1-fc3ec44cc23a,충무칼국수,한식 면 요리 전문점,통영중앙전통시장,전통시장,경상남도,,,
2f01c50a1f5b7c63fd7d,full_annotation_v1,A,q_칼국수_08,면요리 먹을 데,음식점 중 '칼국수'를 판매·제공하는 매장,test,칼국수,T4 구어·문장,1a03adef-4cb8-42ae-89ab-487ca61d5a35,꿈바우버섯집,버섯요리,하양꿈바우시장,전통시장,경상북도,,,
67180423590bd1358043,full_annotation_v1,A,q_칼국수_08,면요리 먹을 데,음식점 중 '칼국수'를 판매·제공하는 매장,test,칼국수,T4 구어·문장,465db8aa-dcb7-42ef-81c7-c45577529e34,현풍닭칼국수 경산오거리점,한식 면요리,경산중앙로상점가,자율상권구역,경상북도,,,
32d62853e5c30e5759ea,full_annotation_v1,A,q_칼국수_08,면요리 먹을 데,음식점 중 '칼국수'를 판매·제공하는 매장,test,칼국수,T4 구어·문장,00d50d90-8afb-448e-b0fa-401fedd78dcb,공산성국수,국수,공산성골목형상점가,골목형상점가,충청남도,,,
6d69fd9e1db0644c5b6e,full_annotation_v1,A,q_칼국수_08,면요리 먹을 데,음식점 중 '칼국수'를 판매·제공하는 매장,test,칼국수,T4 구어·문장,50076371-efa0-482e-ba76-1f6b2194e659,탄탄면공방 등촌역점,면요리,공항대로골목형상점가,골목형상점가,서울특별시,,,
86347e8fe3d084804b66,full_annotation_v1,A,q_칼국수_08,면요리 먹을 데,음식점 중 '칼국수'를 판매·제공하는 매장,test,칼국수,T4 구어·문장,00cef312-cb5c-4dea-ad69-88c556146024,주산팥죽,"팥죽, 칼국수",부안상설시장,전통시장,전북특별자치도,,,
ba5f5c48646d07a81fe5,full_annotation_v1,A,q_칼국수_08,면요리 먹을 데,음식점 중 '칼국수'를 판매·제공하는 매장,test,칼국수,T4 구어·문장,8eb09005-ae96-4b13-af19-a17506756e93,(주)조광청과,농산물,마포농수산물시장,전통시장,서울특별시,,,
a8838488aceaa95aa1d4,full_annotation_v1,A,q_칼국수_08,면요리 먹을 데,음식점 중 '칼국수'를 판매·제공하는 매장,test,칼국수,T4 구어·문장,00057366-f4a3-4b3b-a763-5545eb9cda8a,구봉국수,잔치국수,여수서시장주변시장,전통시장,전라남도,,,
c5fcd6613ca530043c55,full_annotation_v1,A,q_칼국수_08,면요리 먹을 데,음식점 중 '칼국수'를 판매·제공하는 매장,test,칼국수,T4 구어·문장,90376d82-87fd-4a8d-99b7-9c03ee2815b1,먹을래싸갈래,,사직거인 골목형상점가,골목형상점가,부산광역시,,,
279d2b19d5f0990c56d0,full_annotation_v1,A,q_칼국수_08,면요리 먹을 데,음식점 중 '칼국수'를 판매·제공하는 매장,test,칼국수,T4 구어·문장,3f21ef87-725f-4fa7-87a4-cd5ac3aad800,청와삼대,면 요리,문화1동 골목형상점가,골목형상점가,대전광역시,,,
e2be13331aa0202067be,full_annotation_v1,A,q_칼국수_08,면요리 먹을 데,음식점 중 '칼국수'를 판매·제공하는 매장,test,칼국수,T4 구어·문장,01204ba5-bc3e-4a17-83cd-1dd9bee98d5e,규수방,국수,대전정원시장,전통시장,대전광역시,,,
c937868336d5f2473faf,full_annotation_v1,A,q_칼국수_08,면요리 먹을 데,음식점 중 '칼국수'를 판매·제공하는 매장,test,칼국수,T4 구어·문장,55eca75f-830f-40b4-b6fa-72b8a233d51f,아리따움탄방,화장품 향수 방향제,탄방동7번길 상인회,골목형상점가,대전광역시,,,
3cb5ab3dbbaa9fa68fa2,full_annotation_v1,A,q_칼국수_08,면요리 먹을 데,음식점 중 '칼국수'를 판매·제공하는 매장,test,칼국수,T4 구어·문장,ceaffbbf-995f-4cdf-957b-4ac77b2470c4,송산칼국수,한식면요리,사강시장,전통시장,경기도,,,
99041e728d5b25ae177d,full_annotation_v1,A,q_칼국수_08,면요리 먹을 데,음식점 중 '칼국수'를 판매·제공하는 매장,test,칼국수,T4 구어·문장,0182c177-fcc7-47b0-8e12-99eb221aff79,시장초장식당,"칼국수, 열무비빔밥, 국, 반찬",경주중앙시장,전통시장,경상북도,,,
5e0aa788ea8ed2c840dc,full_annotation_v1,A,q_칼국수_08,면요리 먹을 데,음식점 중 '칼국수'를 판매·제공하는 매장,test,칼국수,T4 구어·문장,9e80526e-a253-4bee-bfaa-422df179ae39,멋내기,숙녀복,통영 충무데파트,자율상권구역,경상남도,,,
141f32459d676261504a,full_annotation_v1,A,q_칼국수_08,면요리 먹을 데,음식점 중 '칼국수'를 판매·제공하는 매장,test,칼국수,T4 구어·문장,1d8d579f-fef4-4b58-846e-6a7924e3230a,소재,한식코스요리,중흥자재거리 골목형상점가,골목형상점가,광주광역시,,,
b14c08e629e1de5a52c8,full_annotation_v1,A,q_칼국수_08,면요리 먹을 데,음식점 중 '칼국수'를 판매·제공하는 매장,test,칼국수,T4 구어·문장,f0b7a128-54c5-4412-9bc8-621abd6f7c7c,면식당 계명대점,면요리,성서계대로데오거리 골목형상점가,골목형상점가,대구광역시,,,
88fd8e03b6d9bca31750,full_annotation_v1,A,q_칼국수_08,면요리 먹을 데,음식점 중 '칼국수'를 판매·제공하는 매장,test,칼국수,T4 구어·문장,4006da5c-bdca-4cac-a2e6-62e108658508,이가동북요리,중식,익산그린상점가,자율상권구역,전북특별자치도,,,
366518e124f20b320e4e,full_annotation_v1,A,q_칼국수_08,면요리 먹을 데,음식점 중 '칼국수'를 판매·제공하는 매장,test,칼국수,T4 구어·문장,c894a527-dd8e-4e1b-85fa-f8570ee91304,세련악세사리,가방,성남중앙시장(중앙공설시장),전통시장,경기도,,,
b643ed45506ed8f0c043,full_annotation_v1,A,q_칼국수_08,면요리 먹을 데,음식점 중 '칼국수'를 판매·제공하는 매장,test,칼국수,T4 구어·문장,37f4da31-01d0-4a5e-beb6-00bbe79abc0d,히데,의류,춘천지하상가,일반지하상점가,강원특별자치도,,,
f9e78e3681138be17064,full_annotation_v1,A,q_칼국수_08,면요리 먹을 데,음식점 중 '칼국수'를 판매·제공하는 매장,test,칼국수,T4 구어·문장,ae4039d4-88a1-4f07-a83e-149cba7374b2,다둥이 통신,휴대폰,효자시장,전통시장,경상북도,,,
6843469441015f0b3e21,full_annotation_v1,A,q_칼국수_08,면요리 먹을 데,음식점 중 '칼국수'를 판매·제공하는 매장,test,칼국수,T4 구어·문장,ca20e919-c230-4065-afc1-e4b2b1ff9ffc,황금맷돌,두부요리,서문대로 골목형상점가,골목형상점가,광주광역시,,,
dc6fbaf4102d6daa9ff8,full_annotation_v1,A,q_칼국수_08,면요리 먹을 데,음식점 중 '칼국수'를 판매·제공하는 매장,test,칼국수,T4 구어·문장,b2e0be78-055a-448e-91d0-f4875db85174,피자마루(원주우산점),피자,우산청년골목형상점가,골목형상점가,강원특별자치도,,,
df88931296e5486e7188,full_annotation_v1,A,q_칼국수_08,면요리 먹을 데,음식점 중 '칼국수'를 판매·제공하는 매장,test,칼국수,T4 구어·문장,0b26ec14-485f-4826-8e69-f2e2fd0ef91e,원조어탕,어탕수제비.칼국수,구미 금리단길 골목형상점가,골목형상점가,경상북도,,,
9e5ee0bb40f855b3b3c9,full_annotation_v1,A,q_칼국수_08,면요리 먹을 데,음식점 중 '칼국수'를 판매·제공하는 매장,test,칼국수,T4 구어·문장,dc63224f-52dc-4f44-b291-1b54f2e8df7c,밀과보리칼국수,면요리,홍도동 상점가,자율상권구역,대전광역시,,,
94628645994c4026b0c2,full_annotation_v1,A,q_칼국수_08,면요리 먹을 데,음식점 중 '칼국수'를 판매·제공하는 매장,test,칼국수,T4 구어·문장,32c2f08c-b855-4fe3-92d5-8c569e11e14f,(주)풋마트코리아창원,신발,마산 창동통합상가,자율상권구역,경상남도,,,
d13c542397ef887f5b18,full_annotation_v1,A,q_칼국수_08,면요리 먹을 데,음식점 중 '칼국수'를 판매·제공하는 매장,test,칼국수,T4 구어·문장,0df3eced-9f53-4b4c-9218-80455bc5ca93,국수나무(수완점),분식 돈가스 면요리,홀릭스,골목형상점가,광주광역시,,,
200233e538b0f14bdcf5,full_annotation_v1,A,q_칼국수_08,면요리 먹을 데,음식점 중 '칼국수'를 판매·제공하는 매장,test,칼국수,T4 구어·문장,0d36cfdd-f8a4-41f1-a864-8a98a8a82fff,우리분식,수제비,포항죽도시장,전통시장,경상북도,,,
8f0d3c45a951c1ddaf65,full_annotation_v1,A,q_칼국수_08,면요리 먹을 데,음식점 중 '칼국수'를 판매·제공하는 매장,test,칼국수,T4 구어·문장,082318d1-b53c-40e8-9a48-18eb2a490e1a,국수나무,면요리,군산수송 골목형상점가,골목형상점가,전북특별자치도,,,
404f3124628e09ff7115,full_annotation_v1,A,q_칼국수_08,면요리 먹을 데,음식점 중 '칼국수'를 판매·제공하는 매장,test,칼국수,T4 구어·문장,00b090ad-30c0-4573-a43a-123f5116851b,호호정 멸치국수,,그랜드프라자&상용b상가 상점가,골목형상점가,경기도,,,
1c5d9234ccb073972fe5,full_annotation_v1,A,q_칼국수_08,면요리 먹을 데,음식점 중 '칼국수'를 판매·제공하는 매장,test,칼국수,T4 구어·문장,09c53278-b707-4e43-8b02-89a3230227b0,블루보이즈 베이크샵,제빵 제과 커피,장대동패션상가 골목형상점가,골목형상점가,대전광역시,,,
22b61b34ea96e7884af4,full_annotation_v1,A,q_칼국수_08,면요리 먹을 데,음식점 중 '칼국수'를 판매·제공하는 매장,test,칼국수,T4 구어·문장,d18c17e3-9f8f-4dce-bfae-024689a1bdf4,옥이네분식,면요리,중동사랑시장,전통시장,경기도,,,
2700c98d17d7602b5467,full_annotation_v1,A,q_칼국수_08,면요리 먹을 데,음식점 중 '칼국수'를 판매·제공하는 매장,test,칼국수,T4 구어·문장,01e8f807-6020-486c-bd59-38a7035bc453,구례밀밭,국수,화엄상가(골목형상점가),골목형상점가,전라남도,,,
b25d3cb061746e8ae81d,full_annotation_v1,A,q_칼국수_08,면요리 먹을 데,음식점 중 '칼국수'를 판매·제공하는 매장,test,칼국수,T4 구어·문장,96929dc7-3532-4592-a918-529a77ceac89,고뚱보우육면,면요리,쌍용1번가 골목형상점가,골목형상점가,충청남도,,,
93f1ba363024a9b35169,full_annotation_v1,A,q_칼국수_08,면요리 먹을 데,음식점 중 '칼국수'를 판매·제공하는 매장,test,칼국수,T4 구어·문장,7fde034b-96e4-455a-83e2-7b5692b96a17,먹을터,한식,화성행궁골목형상점가,골목형상점가,경기도,,,
c3aa584b322b5862d914,full_annotation_v1,A,q_칼국수_08,면요리 먹을 데,음식점 중 '칼국수'를 판매·제공하는 매장,test,칼국수,T4 구어·문장,aba76fc2-984e-4030-ba01-e2e7d78264c7,데 아로즈 대전둔산본점,,갈리단길 골목형상점가,골목형상점가,대전광역시,,,
357ca2ed5ea261c2cbf7,full_annotation_v1,A,q_칼국수_08,면요리 먹을 데,음식점 중 '칼국수'를 판매·제공하는 매장,test,칼국수,T4 구어·문장,540c3f3d-5db4-493d-bbfe-78754e50f761,윤가밀냉면,한식 면요리,서대신동골목시장,전통시장,부산광역시,,,
edfeb27b13af72126b98,full_annotation_v1,A,q_칼국수_08,면요리 먹을 데,음식점 중 '칼국수'를 판매·제공하는 매장,test,칼국수,T4 구어·문장,ed6dede5-baee-433a-aedd-0a100ca15766,면박사,한식 면 요리 전문점,용문 골목형상점가,골목형상점가,제주특별자치도,,,
78495aeba15d3c19cb76,full_annotation_v1,A,q_칼국수_08,면요리 먹을 데,음식점 중 '칼국수'를 판매·제공하는 매장,test,칼국수,T4 구어·문장,e84f10ea-1a03-4e21-b777-e72ceb2834e5,뭐먹을래,음식점,의왕예술의거리골목형상점가,골목형상점가,경기도,,,
770e86f54bc0d09b7baf,full_annotation_v1,A,q_칼국수_08,면요리 먹을 데,음식점 중 '칼국수'를 판매·제공하는 매장,test,칼국수,T4 구어·문장,b804cf3f-f859-49e9-ac04-446dea87c7ef,먹을래싸갈래,분식,국민시장,전통시장,부산광역시,,,
4c6ae7d6ce8f09da5542,full_annotation_v1,A,q_칼국수_08,면요리 먹을 데,음식점 중 '칼국수'를 판매·제공하는 매장,test,칼국수,T4 구어·문장,c2cc2bc0-4145-46ee-8d0b-d896b3678f65,면앤밥,,풍세로세광 골목형상점가,골목형상점가,충청남도,,,
8642c58fe51c0402a248,full_annotation_v1,A,q_칼국수_08,면요리 먹을 데,음식점 중 '칼국수'를 판매·제공하는 매장,test,칼국수,T4 구어·문장,1b48a4ae-094d-42ca-a00a-79dad4238a1c,최고당돈가스,돈가스 및 한식 면요리,마북 골목형상점가,골목형상점가,경기도,,,
2bd9347ef5208e98d83e,full_annotation_v1,A,q_칼국수_08,면요리 먹을 데,음식점 중 '칼국수'를 판매·제공하는 매장,test,칼국수,T4 구어·문장,07e6317e-8529-4a99-b6ff-6463affed556,만다리,면요리,두암2동광신맨션주변 골목형상점가,골목형상점가,광주광역시,,,
5ef60a576512c6f5985b,full_annotation_v1,A,q_칼국수_08,면요리 먹을 데,음식점 중 '칼국수'를 판매·제공하는 매장,test,칼국수,T4 구어·문장,01a468d2-cf3e-4db1-826a-771917b2e910,제주일월국수,국수,관평동 골목형상점가,골목형상점가,대전광역시,,,
8d290761f7dbb8ee8b06,full_annotation_v1,A,q_칼국수_08,면요리 먹을 데,음식점 중 '칼국수'를 판매·제공하는 매장,test,칼국수,T4 구어·문장,aa405760-bfe9-433c-8bbc-1be195bb6ced,삼무흑돼지,막창요리,누웨마루거리상점가,자율상권구역,제주특별자치도,,,
4ba7b0c04de6c10cbbef,full_annotation_v1,A,q_칼국수_08,면요리 먹을 데,음식점 중 '칼국수'를 판매·제공하는 매장,test,칼국수,T4 구어·문장,02e76dd7-1ebf-47c9-b755-2e39f6781057,착한정육점,육류,송도 타임스페이스 골목형상점가,골목형상점가,인천광역시,,,
423db1d9062689210825,full_annotation_v1,A,q_칼국수_08,면요리 먹을 데,음식점 중 '칼국수'를 판매·제공하는 매장,test,칼국수,T4 구어·문장,3086efe6-0293-476f-a32f-35d8522477d2,산수옥모밀,면요리,동림2 골목형상점가,골목형상점가,광주광역시,,,
25ce81b3a06938b70e1d,full_annotation_v1,A,q_칼국수_08,면요리 먹을 데,음식점 중 '칼국수'를 판매·제공하는 매장,test,칼국수,T4 구어·문장,2e1ccab1-1759-4b92-bea1-7ec4dd9edfa7,한중요리,한식,도군머리 골목형상점가,골목형상점가,광주광역시,,,
a9554a63a0a414c55037,full_annotation_v1,A,q_칼국수_08,면요리 먹을 데,음식점 중 '칼국수'를 판매·제공하는 매장,test,칼국수,T4 구어·문장,f14df4d3-9858-4a8b-8597-20fd477d8e32,갤러리 데 루치아,가구,용인어정가구단지상점가,자율상권구역,경기도,,,
4d9a6d0985ea68009aa3,full_annotation_v1,A,q_칼국수_08,면요리 먹을 데,음식점 중 '칼국수'를 판매·제공하는 매장,test,칼국수,T4 구어·문장,2056c69e-64b4-4b28-8ce2-800cbcec3e25,먹을꼬얌,음식,산본로데오거리(구 산본중심상가),자율상권구역,경기도,,,
1bd54378c30291fa6544,full_annotation_v1,A,q_칼국수_08,면요리 먹을 데,음식점 중 '칼국수'를 판매·제공하는 매장,test,칼국수,T4 구어·문장,dde74325-8f92-4321-9ce6-52d069e55acb,어니스트식스티,면요리,나주혁신도시 골목형상점가,골목형상점가,전라남도,,,
e103fbf2e7fb5f852947,full_annotation_v1,A,q_칼국수_08,면요리 먹을 데,음식점 중 '칼국수'를 판매·제공하는 매장,test,칼국수,T4 구어·문장,a3511b3a-993b-41c7-8b92-382fdec43e44,새터골농산,농산물,하동 화개장터,전통시장,경상남도,,,
7d861b9874d6bee58fbe,full_annotation_v1,A,q_칼국수_08,면요리 먹을 데,음식점 중 '칼국수'를 판매·제공하는 매장,test,칼국수,T4 구어·문장,0000a9c5-57f2-4719-9ec3-e5d864c7f008,새여울잔치국수,국수,용정 골목형상점가,골목형상점가,대전광역시,,,
4399f538e23db2c4023c,full_annotation_v1,A,q_칼국수_08,면요리 먹을 데,음식점 중 '칼국수'를 판매·제공하는 매장,test,칼국수,T4 구어·문장,a3666bb6-07d6-49b3-b68a-bc8855582f8a,국수나무,면요리,동백 이음길 골목형상점가,골목형상점가,경기도,,,
cb5cc10f6446fa7efb0d,full_annotation_v1,A,q_칼국수_08,면요리 먹을 데,음식점 중 '칼국수'를 판매·제공하는 매장,test,칼국수,T4 구어·문장,1559faa7-5860-4f8f-b25b-03e3d804b1ee,크로싱,커피,호남동 골목형상점가,골목형상점가,광주광역시,,,
565bd25b392ae519533f,full_annotation_v1,A,q_칼국수_08,면요리 먹을 데,음식점 중 '칼국수'를 판매·제공하는 매장,test,칼국수,T4 구어·문장,8f69b854-2bb1-4c60-9270-208d55b08d3f,예쁜데,,골든타임 골목형상점가,골목형상점가,경기도,,,
29b596fb3248ea0e1473,full_annotation_v1,A,q_칼국수_08,면요리 먹을 데,음식점 중 '칼국수'를 판매·제공하는 매장,test,칼국수,T4 구어·문장,9e5c0161-cf4f-477f-b3c0-4f76a08f9b58,강원문구,문구용품,우산청년골목형상점가,골목형상점가,강원특별자치도,,,
5f7bb79d5dff406e0968,full_annotation_v1,A,q_칼국수_08,면요리 먹을 데,음식점 중 '칼국수'를 판매·제공하는 매장,test,칼국수,T4 구어·문장,a31b0428-3491-4a68-a74d-63599238ce6c,중화식탁,중화면요리,신토평먹자거리 골목형상점가,골목형상점가,경기도,,,
e70aad59341ffaf1f53c,full_annotation_v1,A,q_칼국수_08,면요리 먹을 데,음식점 중 '칼국수'를 판매·제공하는 매장,test,칼국수,T4 구어·문장,00baf772-7ca3-475a-a614-a5dc35286be7,시골막국수와 옹심이 충북혁신도시점,막국수,맹동혁신골목형상점가,골목형상점가,충청북도,,,
e947d38508fa5968eb5f,full_annotation_v1,A,q_칼국수_08,면요리 먹을 데,음식점 중 '칼국수'를 판매·제공하는 매장,test,칼국수,T4 구어·문장,06c08c2a-1549-4a5b-ab2e-b385ac252f13,방이손칼국수,간이음식 칼국수 수제비,방이시장,전통시장,서울특별시,,,
d60386d5d25add0c03fb,full_annotation_v1,A,q_칼국수_08,면요리 먹을 데,음식점 중 '칼국수'를 판매·제공하는 매장,test,칼국수,T4 구어·문장,682d05b2-9425-41e1-ac4b-95691f2def91,나카스호르몬,소고기대창막창,개항희망문화상권 상권활성화구역,상권활성화구역,인천광역시,,,
b0badc3a297dcab088ba,full_annotation_v1,A,q_칼국수_08,면요리 먹을 데,음식점 중 '칼국수'를 판매·제공하는 매장,test,칼국수,T4 구어·문장,0cdea40b-df17-41f5-aad7-8d3cfefc0f89,수제비집,수제비,주막거리상점가,자율상권구역,경기도,,,
cd1c1da353882c42a405,full_annotation_v1,A,q_칼국수_08,면요리 먹을 데,음식점 중 '칼국수'를 판매·제공하는 매장,test,칼국수,T4 구어·문장,8adecf0d-4704-4e39-bdf9-464893460319,카페 비요리,커피,대흥동 특화거리 상점가,자율상권구역,대전광역시,,,
19d8ff2d1aa40ff6a3c3,full_annotation_v1,A,q_칼국수_08,면요리 먹을 데,음식점 중 '칼국수'를 판매·제공하는 매장,test,칼국수,T4 구어·문장,013fc799-6c55-4fa3-b332-1251f068c422,행복식당,수제비,포항죽도시장,전통시장,경상북도,,,
dfccd8ce7cf2bbdb837d,full_annotation_v1,A,q_칼국수_08,면요리 먹을 데,음식점 중 '칼국수'를 판매·제공하는 매장,test,칼국수,T4 구어·문장,2dca3187-cb9a-4a1f-a639-7092a0e9fcfb,남도복국,복요리,동화동골목형상가,골목형상점가,서울특별시,,,
febee350c7b158c68187,full_annotation_v1,A,q_칼국수_08,면요리 먹을 데,음식점 중 '칼국수'를 판매·제공하는 매장,test,칼국수,T4 구어·문장,50ffb872-010a-4839-b05e-2e50c7b435fa,산본유니드치과의원,치과,산본로데오거리(구 산본중심상가),자율상권구역,경기도,,,
90969b2607612c48c614,full_annotation_v1,A,q_칼국수_09,칼국구,음식점 중 '칼국수'를 판매·제공하는 매장,test,칼국수,T6 기계변형,24e20700-5985-48cb-9d5e-b498ce8f15d4,목포칼국수,칼국수,청량리농수산물시장,전통시장,서울특별시,,,
4d1c227165e0f6648cc2,full_annotation_v1,A,q_칼국수_09,칼국구,음식점 중 '칼국수'를 판매·제공하는 매장,test,칼국수,T6 기계변형,1395d0a1-1271-4dc7-b667-3e514a02479d,송가,칼국수,혁신도시2구역골목형상점가,골목형상점가,강원특별자치도,,,
6775183771fc89612d89,full_annotation_v1,A,q_칼국수_09,칼국구,음식점 중 '칼국수'를 판매·제공하는 매장,test,칼국수,T6 기계변형,0b26ec14-485f-4826-8e69-f2e2fd0ef91e,원조어탕,어탕수제비.칼국수,구미 금리단길 골목형상점가,골목형상점가,경상북도,,,
54d3d081f45f4e675028,full_annotation_v1,A,q_칼국수_09,칼국구,음식점 중 '칼국수'를 판매·제공하는 매장,test,칼국수,T6 기계변형,8282218c-90a5-439a-9d84-66177535d1ac,장기칼국수,칼국수,오천시장,전통시장,경상북도,,,
b183717545877c123632,full_annotation_v1,A,q_칼국수_09,칼국구,음식점 중 '칼국수'를 판매·제공하는 매장,test,칼국수,T6 기계변형,f39e5d7a-a3bb-40ea-be8e-ac84e458f076,송천수내과,의료서비스,송천중앙로 골목형상점가,골목형상점가,전북특별자치도,,,
9e0c1162eb752f15b9d0,full_annotation_v1,A,q_칼국수_09,칼국구,음식점 중 '칼국수'를 판매·제공하는 매장,test,칼국수,T6 기계변형,dd7d8a3c-d1f2-4f46-a08e-5016d553b0f7,세원수산,어패류,대천항수산시장,전통시장,충청남도,,,
8c4ee473495f92769ce8,full_annotation_v1,A,q_칼국수_09,칼국구,음식점 중 '칼국수'를 판매·제공하는 매장,test,칼국수,T6 기계변형,1eae0844-4247-476a-988d-c65b4a03665a,동큐칼국수,칼국수,도마큰시장,전통시장,대전광역시,,,
40f1cb5420cca72ebd79,full_annotation_v1,A,q_칼국수_09,칼국구,음식점 중 '칼국수'를 판매·제공하는 매장,test,칼국수,T6 기계변형,51668cd0-bc11-44bb-b3d3-6b899de88e38,이모네 칼국수,칼국수,문창시장,전통시장,대전광역시,,,
6ccdbc46e14c32e6b710,full_annotation_v1,A,q_칼국수_09,칼국구,음식점 중 '칼국수'를 판매·제공하는 매장,test,칼국수,T6 기계변형,cfc4d139-028c-43b9-a2e8-79b5b6bcaa9d,부여칼국수,칼국수,부여중앙시장,전통시장,충청남도,,,
65b753d84392fee6ea0e,full_annotation_v1,A,q_칼국수_09,칼국구,음식점 중 '칼국수'를 판매·제공하는 매장,test,칼국수,T6 기계변형,94095616-66d0-45f0-aad2-c6990e8fa832,조선절면:칼국수,칼국수,노은상가연합 골목형상점가,골목형상점가,대전광역시,,,
987e59191ffa025710df,full_annotation_v1,A,q_칼국수_09,칼국구,음식점 중 '칼국수'를 판매·제공하는 매장,test,칼국수,T6 기계변형,013fc799-6c55-4fa3-b332-1251f068c422,행복식당,수제비,포항죽도시장,전통시장,경상북도,,,
bb95cfa13583216aa2f6,full_annotation_v1,A,q_칼국수_09,칼국구,음식점 중 '칼국수'를 판매·제공하는 매장,test,칼국수,T6 기계변형,06c08c2a-1549-4a5b-ab2e-b385ac252f13,방이손칼국수,간이음식 칼국수 수제비,방이시장,전통시장,서울특별시,,,
02ff51740ddd38775fca,full_annotation_v1,A,q_칼국수_09,칼국구,음식점 중 '칼국수'를 판매·제공하는 매장,test,칼국수,T6 기계변형,2f99d1e9-3376-46a4-bcc5-baa8fc42cc42,남향분식,칼국수,호계공설시장,전통시장,울산광역시,,,
995026c9852f8d0d8264,full_annotation_v1,A,q_칼국수_09,칼국구,음식점 중 '칼국수'를 판매·제공하는 매장,test,칼국수,T6 기계변형,02a44d4f-d8fb-4738-9676-3b5c98ddf2ed,아트퀸 부전몰,내의류,서면지하도상가 부전몰,일반지하상점가,부산광역시,,,
7c37651aba5b501a29b3,full_annotation_v1,A,q_칼국수_09,칼국구,음식점 중 '칼국수'를 판매·제공하는 매장,test,칼국수,T6 기계변형,7212d922-60a4-45d2-b754-b5da1572f253,전국구푸드,한식,창원 상남시장,전통시장,경상남도,,,
5ac6d0a76d4fcef4e0a3,full_annotation_v1,A,q_칼국수_09,칼국구,음식점 중 '칼국수'를 판매·제공하는 매장,test,칼국수,T6 기계변형,00baf772-7ca3-475a-a614-a5dc35286be7,시골막국수와 옹심이 충북혁신도시점,막국수,맹동혁신골목형상점가,골목형상점가,충청북도,,,
ce5c7851989b6b155ead,full_annotation_v1,A,q_칼국수_09,칼국구,음식점 중 '칼국수'를 판매·제공하는 매장,test,칼국수,T6 기계변형,0afd7055-8c73-4104-8790-70550bdb04a3,홍두깨 칼국수,칼국수,원종고강제일시장(부천제일시장),전통시장,경기도,,,
5850bec313620eca09ec,full_annotation_v1,A,q_칼국수_09,칼국구,음식점 중 '칼국수'를 판매·제공하는 매장,test,칼국수,T6 기계변형,d476a12e-8d15-4a22-963c-da683a83a23a,두류칼국수,칼국수,두류신시장,전통시장,대구광역시,,,
1cc736f54b1f6f1afa86,full_annotation_v1,A,q_칼국수_09,칼국구,음식점 중 '칼국수'를 판매·제공하는 매장,test,칼국수,T6 기계변형,4f1d8066-68a0-4912-9cd3-1a64dfd1662e,꾸꾸베베,의류,서문시장2지구 종합상가,전통시장,대구광역시,,,
3578bfc935c288fc57ad,full_annotation_v1,A,q_칼국수_09,칼국구,음식점 중 '칼국수'를 판매·제공하는 매장,test,칼국수,T6 기계변형,5baa24e7-8d1f-47c0-be33-9d8579a52372,칼국수방,칼국수,현대유통쇼핑센터,전통시장,경상북도,,,
b3670ec426591f776401,full_annotation_v1,A,q_칼국수_09,칼국구,음식점 중 '칼국수'를 판매·제공하는 매장,test,칼국수,T6 기계변형,0d36cfdd-f8a4-41f1-a864-8a98a8a82fff,우리분식,수제비,포항죽도시장,전통시장,경상북도,,,
85be73f8785e5dfc1be2,full_annotation_v1,A,q_칼국수_09,칼국구,음식점 중 '칼국수'를 판매·제공하는 매장,test,칼국수,T6 기계변형,3889cf34-baf0-49e5-a5d6-d246879d9251,김필훈사진문화원,사진촬영,전주중산공원 골목형상점가,골목형상점가,전북특별자치도,,,
2cd9d9768780337b2732,full_annotation_v1,A,q_칼국수_09,칼국구,음식점 중 '칼국수'를 판매·제공하는 매장,test,칼국수,T6 기계변형,7176d35a-8154-46de-9b95-7133b97b1020,안골 칼국수,칼국수,어은누리 골목형상점가,골목형상점가,대전광역시,,,
9d54544f8a1152ce8922,full_annotation_v1,A,q_칼국수_09,칼국구,음식점 중 '칼국수'를 판매·제공하는 매장,test,칼국수,T6 기계변형,0cdea40b-df17-41f5-aad7-8d3cfefc0f89,수제비집,수제비,주막거리상점가,자율상권구역,경기도,,,
0ad9765f0cc24bb22282,full_annotation_v1,A,q_칼국수_09,칼국구,음식점 중 '칼국수'를 판매·제공하는 매장,test,칼국수,T6 기계변형,1d4ba661-8472-4e63-83f3-c66eb0517dba,온닭,칼국수,쌍학로상인회 골목형상점가,골목형상점가,광주광역시,,,
74362f0c53665577f352,full_annotation_v1,A,q_칼국수_09,칼국구,음식점 중 '칼국수'를 판매·제공하는 매장,test,칼국수,T6 기계변형,2611721d-a975-4f2a-804c-5484406c0846,옛날 손 칼국수,칼국수,안중시장,전통시장,경기도,,,
31d46b770c9a1147b6cf,full_annotation_v1,A,q_칼국수_09,칼국구,음식점 중 '칼국수'를 판매·제공하는 매장,test,칼국수,T6 기계변형,b211f197-7681-4ab5-a6e1-9b94eba86812,손상봉소돼지막창부곡점,막창,부곡맛고을상가,자율상권구역,경상북도,,,
5a9d27d5de326e4bbd89,full_annotation_v1,A,q_칼국수_09,칼국구,음식점 중 '칼국수'를 판매·제공하는 매장,test,칼국수,T6 기계변형,0fa3f1ae-17e9-4b92-9a8e-fa378a9ae05b,대덕칼국수,칼국수,단양구경시장(단양인정시장),전통시장,충청북도,,,
4bdb0455263f222a2ed3,full_annotation_v1,A,q_칼국수_09,칼국구,음식점 중 '칼국수'를 판매·제공하는 매장,test,칼국수,T6 기계변형,9465f8b6-67da-4637-bd6e-0704aeefb763,지산식당,한식,법원후문 골목형상점가,골목형상점가,광주광역시,,,
6c5ed4bb57175876a083,full_annotation_v1,A,q_칼국수_09,칼국구,음식점 중 '칼국수'를 판매·제공하는 매장,test,칼국수,T6 기계변형,d23aeccf-199d-44c3-b116-1d2eab07bfbb,광교 칼국수,,상현 마실로 골목형상점가,골목형상점가,경기도,,,
e67bb335e0289d7cef6c,full_annotation_v1,A,q_칼국수_09,칼국구,음식점 중 '칼국수'를 판매·제공하는 매장,test,칼국수,T6 기계변형,e1c02e0a-9d1a-4a0c-80fb-aa0095408647,미광상회,"건어물, 젓갈류",번개시장,전통시장,대구광역시,,,
ec2f4cbd00fdf2f5acf8,full_annotation_v1,A,q_칼국수_09,칼국구,음식점 중 '칼국수'를 판매·제공하는 매장,test,칼국수,T6 기계변형,01204ba5-bc3e-4a17-83cd-1dd9bee98d5e,규수방,국수,대전정원시장,전통시장,대전광역시,,,
953eeff72463785c58ac,full_annotation_v1,A,q_칼국수_09,칼국구,음식점 중 '칼국수'를 판매·제공하는 매장,test,칼국수,T6 기계변형,24bcdcc8-ff8c-4f51-9070-acdee4b38647,왕칼국수,칼국수,금남시장,전통시장,서울특별시,,,
2e96c8d14f0e8c625c04,full_annotation_v1,A,q_칼국수_09,칼국구,음식점 중 '칼국수'를 판매·제공하는 매장,test,칼국수,T6 기계변형,91452c24-f699-4823-85de-88bd46bacb49,더썬치킨 양곡점,치킨,창원 양곡시장,전통시장,경상남도,,,
b36c412ea369198f5d9a,full_annotation_v1,A,q_칼국수_09,칼국구,음식점 중 '칼국수'를 판매·제공하는 매장,test,칼국수,T6 기계변형,658425a8-3222-40d6-92cb-ef21a5eea465,대성정보통신,핸드폰,학운증심천 골목형상점가,골목형상점가,광주광역시,,,
bfdef5477353db145c90,full_annotation_v1,A,q_칼국수_09,칼국구,음식점 중 '칼국수'를 판매·제공하는 매장,test,칼국수,T6 기계변형,0481f4ab-3e3b-4448-b34a-839dea91b642,경북칼국수,칼국수,신정상가시장,전통시장,울산광역시,,,
71fb1fa558db1a03a683,full_annotation_v1,A,q_칼국수_09,칼국구,음식점 중 '칼국수'를 판매·제공하는 매장,test,칼국수,T6 기계변형,ad0acae0-f6c1-4931-af2c-100596b5b821,삼보칼국수,칼국수,양정 골목형상점가,골목형상점가,울산광역시,,,
d4592e66026213810d53,full_annotation_v1,A,q_칼국수_09,칼국구,음식점 중 '칼국수'를 판매·제공하는 매장,test,칼국수,T6 기계변형,68b6e1b6-fd6d-4a7c-9dce-478707582c82,이런칼국수를보았나,칼국수,방아머리 골목형상점가,골목형상점가,경기도,,,
1ee0146169d7dae2d019,full_annotation_v1,A,q_칼국수_09,칼국구,음식점 중 '칼국수'를 판매·제공하는 매장,test,칼국수,T6 기계변형,01e8f807-6020-486c-bd59-38a7035bc453,구례밀밭,국수,화엄상가(골목형상점가),골목형상점가,전라남도,,,
6a94aa6af561edbc47e9,full_annotation_v1,A,q_칼국수_09,칼국구,음식점 중 '칼국수'를 판매·제공하는 매장,test,칼국수,T6 기계변형,00b090ad-30c0-4573-a43a-123f5116851b,호호정 멸치국수,,그랜드프라자&상용b상가 상점가,골목형상점가,경기도,,,
4b729669db2eb17a4efd,full_annotation_v1,A,q_칼국수_09,칼국구,음식점 중 '칼국수'를 판매·제공하는 매장,test,칼국수,T6 기계변형,beb4a5b7-ae5c-49eb-85b8-e02ff641cab9,총총칼국수,칼국수,구미 금리단길 골목형상점가,골목형상점가,경상북도,,,
d33ebafd6133ae120f07,full_annotation_v1,A,q_칼국수_09,칼국구,음식점 중 '칼국수'를 판매·제공하는 매장,test,칼국수,T6 기계변형,0000a9c5-57f2-4719-9ec3-e5d864c7f008,새여울잔치국수,국수,용정 골목형상점가,골목형상점가,대전광역시,,,
3f2882ae36a17e8ed03a,full_annotation_v1,A,q_칼국수_09,칼국구,음식점 중 '칼국수'를 판매·제공하는 매장,test,칼국수,T6 기계변형,de0f0b46-918f-4a59-9c22-86b65c9b6cba,쌍쌍칼국수,칼국수,쌍리단길상점가,자율상권구역,서울특별시,,,
716e7d9205567c1dd643,full_annotation_v1,A,q_칼국수_09,칼국구,음식점 중 '칼국수'를 판매·제공하는 매장,test,칼국수,T6 기계변형,0182c177-fcc7-47b0-8e12-99eb221aff79,시장초장식당,"칼국수, 열무비빔밥, 국, 반찬",경주중앙시장,전통시장,경상북도,,,
d09d8c489af1467ee0d2,full_annotation_v1,A,q_칼국수_09,칼국구,음식점 중 '칼국수'를 판매·제공하는 매장,test,칼국수,T6 기계변형,00cef312-cb5c-4dea-ad69-88c556146024,주산팥죽,"팥죽, 칼국수",부안상설시장,전통시장,전북특별자치도,,,
d74651bcbf7416c651c2,full_annotation_v1,A,q_칼국수_09,칼국구,음식점 중 '칼국수'를 판매·제공하는 매장,test,칼국수,T6 기계변형,49735036-77e6-4cb2-9483-0ce564db9982,미소칼국수,칼국수,엄사 골목형상점가,골목형상점가,충청남도,,,
8d6f73012d5a336cc402,full_annotation_v1,A,q_칼국수_09,칼국구,음식점 중 '칼국수'를 판매·제공하는 매장,test,칼국수,T6 기계변형,25e98022-3d18-4a75-bc69-4b1247398959,본채칼국수,칼국수,아름드리 골목형상점가,골목형상점가,세종특별자치시,,,
33d2983e80633b2b8703,full_annotation_v1,A,q_칼국수_09,칼국구,음식점 중 '칼국수'를 판매·제공하는 매장,test,칼국수,T6 기계변형,0cde10b1-cc7d-4af8-aa14-fe34e92e38b0,명성사진관,사진촬영 인화,산본로데오거리(구 산본중심상가),자율상권구역,경기도,,,
7ffb08b1bd6f800537a5,full_annotation_v1,A,q_칼국수_09,칼국구,음식점 중 '칼국수'를 판매·제공하는 매장,test,칼국수,T6 기계변형,377e6aa6-21ed-4466-8e3a-c614baea66b0,칼국'S,칼국수,양양로 골목형상점가,골목형상점가,강원특별자치도,,,
bb27e22a52f51ecf4e57,full_annotation_v1,A,q_칼국수_09,칼국구,음식점 중 '칼국수'를 판매·제공하는 매장,test,칼국수,T6 기계변형,d87ff0f6-caf4-418b-98e9-9b1028e748db,글라스스타일의왕,안경 및 렌즈 소매업,의왕예술의거리골목형상점가,골목형상점가,경기도,,,
5db251baebe4bff24613,full_annotation_v1,A,q_칼국수_09,칼국구,음식점 중 '칼국수'를 판매·제공하는 매장,test,칼국수,T6 기계변형,bad99154-d43c-4812-b15f-6e9945bbb7b9,물총칼국수,칼국수,송죽만석 골목형상점가,골목형상점가,경기도,,,
cd8383ec54bff869e0b2,full_annotation_v1,A,q_칼국수_09,칼국구,음식점 중 '칼국수'를 판매·제공하는 매장,test,칼국수,T6 기계변형,deacdff6-a68e-4d7d-b13f-912cc89e365c,백명애칼국수,칼국수,신안동용봉초 골목형상점가,골목형상점가,광주광역시,,,
4ca8f3ce3e6ce5467ea3,full_annotation_v1,A,q_칼국수_09,칼국구,음식점 중 '칼국수'를 판매·제공하는 매장,test,칼국수,T6 기계변형,e6cd9e85-af10-4eaa-948f-00af7ee18be9,행복한 칼국수,칼국수,방이시장,전통시장,서울특별시,,,
08862581525751d83264,full_annotation_v1,A,q_칼국수_09,칼국구,음식점 중 '칼국수'를 판매·제공하는 매장,test,칼국수,T6 기계변형,d3002ca0-cccf-4912-b4eb-c1fadd2c6ac0,은주네,의류,전주남부시장,전통시장,전북특별자치도,,,
0ed098e9b89971e64a03,full_annotation_v1,A,q_칼국수_09,칼국구,음식점 중 '칼국수'를 판매·제공하는 매장,test,칼국수,T6 기계변형,01a468d2-cf3e-4db1-826a-771917b2e910,제주일월국수,국수,관평동 골목형상점가,골목형상점가,대전광역시,,,
44fc9dbd67878f29f030,full_annotation_v1,A,q_칼국수_09,칼국구,음식점 중 '칼국수'를 판매·제공하는 매장,test,칼국수,T6 기계변형,aa5b0696-90a6-4e69-935f-f14bc837e9a2,동원 칼국수,칼국수,한솔동4단지상점가,자율상권구역,세종특별자치시,,,
f96d0367719268bed978,full_annotation_v1,A,q_칼국수_09,칼국구,음식점 중 '칼국수'를 판매·제공하는 매장,test,칼국수,T6 기계변형,9d83f1d9-78a1-4f34-81bc-e4cb4648f51b,한국수산,수산물,내토전통시장,전통시장,충청북도,,,
2731130a025dfea7ecf9,full_annotation_v1,A,q_칼국수_09,칼국구,음식점 중 '칼국수'를 판매·제공하는 매장,test,칼국수,T6 기계변형,33e63f7a-daed-4724-bd5c-167928399d5d,영시칼국수,칼국수,하양꿈바우시장,전통시장,경상북도,,,
7dd8bb75d3ff4cbc2fd6,full_annotation_v1,A,q_칼국수_09,칼국구,음식점 중 '칼국수'를 판매·제공하는 매장,test,칼국수,T6 기계변형,694748d9-9d59-419d-911f-a89786698ce0,은언칼국수,칼국수,부평깡통시장(구 부산부평시장),전통시장,부산광역시,,,
37aab9fb85fcc0708c9c,full_annotation_v1,A,q_칼국수_09,칼국구,음식점 중 '칼국수'를 판매·제공하는 매장,test,칼국수,T6 기계변형,00057366-f4a3-4b3b-a763-5545eb9cda8a,구봉국수,잔치국수,여수서시장주변시장,전통시장,전라남도,,,
46bc1a14e1ead55647d8,full_annotation_v1,A,q_칼국수_09,칼국구,음식점 중 '칼국수'를 판매·제공하는 매장,test,칼국수,T6 기계변형,7ba5e7d3-cda1-4832-9e57-cdd52e979f7a,오씨칼국수,칼국수,대전중앙활성화구역,상권활성화구역,대전광역시,,,
34fa7176e06784b0c3aa,full_annotation_v1,A,q_칼국수_09,칼국구,음식점 중 '칼국수'를 판매·제공하는 매장,test,칼국수,T6 기계변형,0aa1c4a4-48c0-4eaf-a236-0136965e01a5,신흥칼국수,칼국수,부천신흥시장,전통시장,경기도,,,
f832ad667f1d86a4a21a,full_annotation_v1,A,q_칼국수_09,칼국구,음식점 중 '칼국수'를 판매·제공하는 매장,test,칼국수,T6 기계변형,1f6e1a30-54e1-45d3-b86a-7aaa292bfd02,금산피복,도소매(의류),평화시장,전통시장,서울특별시,,,
fcddb1c67def64fef63c,full_annotation_v1,A,q_칼국수_09,칼국구,음식점 중 '칼국수'를 판매·제공하는 매장,test,칼국수,T6 기계변형,7f598a26-3c13-448e-b8b2-d2246a07e735,누이랑 칼국수,칼국수,길동복조리시장,전통시장,서울특별시,,,
30fac51f2c5290e1a937,full_annotation_v1,A,q_칼국수_09,칼국구,음식점 중 '칼국수'를 판매·제공하는 매장,test,칼국수,T6 기계변형,8dff9166-5872-4d40-a901-3465ae7fcc8c,중앙국수,칼국수,천안중앙시장,전통시장,충청남도,,,
d7a33a496d546321e6bc,full_annotation_v1,A,q_칼국수_09,칼국구,음식점 중 '칼국수'를 판매·제공하는 매장,test,칼국수,T6 기계변형,9baaf706-517f-4248-9bf3-ec8de8968caf,더착한커피 안양일번가점,커피,안양1번가 상점가,자율상권구역,경기도,,,
29ba4ae070f84cdf7609,full_annotation_v1,A,q_칼국수_09,칼국구,음식점 중 '칼국수'를 판매·제공하는 매장,test,칼국수,T6 기계변형,ce8e3a41-53e7-4322-869c-659542093cf7,오씨칼국수,칼국수,도룡상인회 골목형상점가,골목형상점가,대전광역시,,,
5502bbcc703235a4d678,full_annotation_v1,A,q_칼국수_09,칼국구,음식점 중 '칼국수'를 판매·제공하는 매장,test,칼국수,T6 기계변형,d511f270-ec84-485f-9cb4-a11a154967a7,오씨 손 칼국수,칼국수,나성동 국세청 골목형상점가,골목형상점가,세종특별자치시,,,
8d3bec2365d2282c385b,full_annotation_v1,A,q_칼국수_09,칼국구,음식점 중 '칼국수'를 판매·제공하는 매장,test,칼국수,T6 기계변형,4178912d-a0ee-45cc-a04a-8d0b29a39cee,도담얼큰이 칼국수,칼국수,카림애비뉴애 골목형상점가,골목형상점가,세종특별자치시,,,
aa5af793c2f7ac6cc1e5,full_annotation_v1,A,q_칼국수_09,칼국구,음식점 중 '칼국수'를 판매·제공하는 매장,test,칼국수,T6 기계변형,00d50d90-8afb-448e-b0fa-401fedd78dcb,공산성국수,국수,공산성골목형상점가,골목형상점가,충청남도,,,
db1ebda11f7912b76961,full_annotation_v1,A,q_칼국수_09,칼국구,음식점 중 '칼국수'를 판매·제공하는 매장,test,칼국수,T6 기계변형,1d4001e1-26d6-4887-8150-32c09eff0275,그린칼국수,칼국수,오천시장,전통시장,경상북도,,,
0e29a242de8e735341e5,full_annotation_v1,A,q_칼국수_10,칼국수추천,음식점 중 '칼국수'를 판매·제공하는 매장,test,칼국수,T6 기계변형,694748d9-9d59-419d-911f-a89786698ce0,은언칼국수,칼국수,부평깡통시장(구 부산부평시장),전통시장,부산광역시,,,
34fef06c9cf4f39cde20,full_annotation_v1,A,q_칼국수_10,칼국수추천,음식점 중 '칼국수'를 판매·제공하는 매장,test,칼국수,T6 기계변형,0cdea40b-df17-41f5-aad7-8d3cfefc0f89,수제비집,수제비,주막거리상점가,자율상권구역,경기도,,,
f94b0c05087c93d843e8,full_annotation_v1,A,q_칼국수_10,칼국수추천,음식점 중 '칼국수'를 판매·제공하는 매장,test,칼국수,T6 기계변형,00d50d90-8afb-448e-b0fa-401fedd78dcb,공산성국수,국수,공산성골목형상점가,골목형상점가,충청남도,,,
1e5644192f866173ca50,full_annotation_v1,A,q_칼국수_10,칼국수추천,음식점 중 '칼국수'를 판매·제공하는 매장,test,칼국수,T6 기계변형,7ba5e7d3-cda1-4832-9e57-cdd52e979f7a,오씨칼국수,칼국수,대전중앙활성화구역,상권활성화구역,대전광역시,,,
f3d77257e52193361989,full_annotation_v1,A,q_칼국수_10,칼국수추천,음식점 중 '칼국수'를 판매·제공하는 매장,test,칼국수,T6 기계변형,1d4ba661-8472-4e63-83f3-c66eb0517dba,온닭,칼국수,쌍학로상인회 골목형상점가,골목형상점가,광주광역시,,,
a52dd7af494e6213693d,full_annotation_v1,A,q_칼국수_10,칼국수추천,음식점 중 '칼국수'를 판매·제공하는 매장,test,칼국수,T6 기계변형,8282218c-90a5-439a-9d84-66177535d1ac,장기칼국수,칼국수,오천시장,전통시장,경상북도,,,
82b36334fd82ff670659,full_annotation_v1,A,q_칼국수_10,칼국수추천,음식점 중 '칼국수'를 판매·제공하는 매장,test,칼국수,T6 기계변형,0d36cfdd-f8a4-41f1-a864-8a98a8a82fff,우리분식,수제비,포항죽도시장,전통시장,경상북도,,,
eec429948361d083c6ba,full_annotation_v1,A,q_칼국수_10,칼국수추천,음식점 중 '칼국수'를 판매·제공하는 매장,test,칼국수,T6 기계변형,ce8e3a41-53e7-4322-869c-659542093cf7,오씨칼국수,칼국수,도룡상인회 골목형상점가,골목형상점가,대전광역시,,,
e1196d577e3555bc3787,full_annotation_v1,A,q_칼국수_10,칼국수추천,음식점 중 '칼국수'를 판매·제공하는 매장,test,칼국수,T6 기계변형,eafb9b72-3aaa-44b3-aa64-0f27fc397f3d,용필이 야채,채소,반송큰시장,전통시장,부산광역시,,,
c171c175b99e1e8dbcd0,full_annotation_v1,A,q_칼국수_10,칼국수추천,음식점 중 '칼국수'를 판매·제공하는 매장,test,칼국수,T6 기계변형,0aa1c4a4-48c0-4eaf-a236-0136965e01a5,신흥칼국수,칼국수,부천신흥시장,전통시장,경기도,,,
4467bb50f2bc7243d8d6,full_annotation_v1,A,q_칼국수_10,칼국수추천,음식점 중 '칼국수'를 판매·제공하는 매장,test,칼국수,T6 기계변형,49735036-77e6-4cb2-9483-0ce564db9982,미소칼국수,칼국수,엄사 골목형상점가,골목형상점가,충청남도,,,
556287226552ca14fd72,full_annotation_v1,A,q_칼국수_10,칼국수추천,음식점 중 '칼국수'를 판매·제공하는 매장,test,칼국수,T6 기계변형,61059263-6ee1-4421-8b33-d846ad4cd5c3,대지식품,"도매및소매업(식자재납품,농,수산물)",평택통복시장,전통시장,경기도,,,
218676f555b34938912b,full_annotation_v1,A,q_칼국수_10,칼국수추천,음식점 중 '칼국수'를 판매·제공하는 매장,test,칼국수,T6 기계변형,8dff9166-5872-4d40-a901-3465ae7fcc8c,중앙국수,칼국수,천안중앙시장,전통시장,충청남도,,,
7a171782211af372445d,full_annotation_v1,A,q_칼국수_10,칼국수추천,음식점 중 '칼국수'를 판매·제공하는 매장,test,칼국수,T6 기계변형,24e20700-5985-48cb-9d5e-b498ce8f15d4,목포칼국수,칼국수,청량리농수산물시장,전통시장,서울특별시,,,
fbe243b13fb5a7532535,full_annotation_v1,A,q_칼국수_10,칼국수추천,음식점 중 '칼국수'를 판매·제공하는 매장,test,칼국수,T6 기계변형,013fc799-6c55-4fa3-b332-1251f068c422,행복식당,수제비,포항죽도시장,전통시장,경상북도,,,
d7c52b2cc39a49b6d488,full_annotation_v1,A,q_칼국수_10,칼국수추천,음식점 중 '칼국수'를 판매·제공하는 매장,test,칼국수,T6 기계변형,00057366-f4a3-4b3b-a763-5545eb9cda8a,구봉국수,잔치국수,여수서시장주변시장,전통시장,전라남도,,,
9ba4a2c3ec8331f8b2d2,full_annotation_v1,A,q_칼국수_10,칼국수추천,음식점 중 '칼국수'를 판매·제공하는 매장,test,칼국수,T6 기계변형,de0f0b46-918f-4a59-9c22-86b65c9b6cba,쌍쌍칼국수,칼국수,쌍리단길상점가,자율상권구역,서울특별시,,,
5e1867a2c6b1c666ea3f,full_annotation_v1,A,q_칼국수_10,칼국수추천,음식점 중 '칼국수'를 판매·제공하는 매장,test,칼국수,T6 기계변형,0000a9c5-57f2-4719-9ec3-e5d864c7f008,새여울잔치국수,국수,용정 골목형상점가,골목형상점가,대전광역시,,,
815966555eb4cbe88537,full_annotation_v1,A,q_칼국수_10,칼국수추천,음식점 중 '칼국수'를 판매·제공하는 매장,test,칼국수,T6 기계변형,1eae0844-4247-476a-988d-c65b4a03665a,동큐칼국수,칼국수,도마큰시장,전통시장,대전광역시,,,
9992c139127ea807241f,full_annotation_v1,A,q_칼국수_10,칼국수추천,음식점 중 '칼국수'를 판매·제공하는 매장,test,칼국수,T6 기계변형,00cef312-cb5c-4dea-ad69-88c556146024,주산팥죽,"팥죽, 칼국수",부안상설시장,전통시장,전북특별자치도,,,
018bd3da5d1605b6b092,full_annotation_v1,A,q_칼국수_10,칼국수추천,음식점 중 '칼국수'를 판매·제공하는 매장,test,칼국수,T6 기계변형,2fd62816-80bf-487b-b420-623ca4608710,일광자석,자석소재,시화공구상가,전통시장,경기도,,,
5b406a773cc96ec57101,full_annotation_v1,A,q_칼국수_10,칼국수추천,음식점 중 '칼국수'를 판매·제공하는 매장,test,칼국수,T6 기계변형,08979ae6-9ff1-4b90-b134-5e364eb174a0,영진5호,수산물,소래포구전통어시장,전통시장,인천광역시,,,
438c11141ddebe84af30,full_annotation_v1,A,q_칼국수_10,칼국수추천,음식점 중 '칼국수'를 판매·제공하는 매장,test,칼국수,T6 기계변형,00b090ad-30c0-4573-a43a-123f5116851b,호호정 멸치국수,,그랜드프라자&상용b상가 상점가,골목형상점가,경기도,,,
03e170a90e2f04d4ae87,full_annotation_v1,A,q_칼국수_10,칼국수추천,음식점 중 '칼국수'를 판매·제공하는 매장,test,칼국수,T6 기계변형,2f99d1e9-3376-46a4-bcc5-baa8fc42cc42,남향분식,칼국수,호계공설시장,전통시장,울산광역시,,,
7dd41cec66e43ca7041f,full_annotation_v1,A,q_칼국수_10,칼국수추천,음식점 중 '칼국수'를 판매·제공하는 매장,test,칼국수,T6 기계변형,806415b3-9191-45a9-b75f-32f1d42ed275,안흥칼국수,칼국수,자양전통시장,전통시장,서울특별시,,,
dbd6030004d2099b90d0,full_annotation_v1,A,q_칼국수_10,칼국수추천,음식점 중 '칼국수'를 판매·제공하는 매장,test,칼국수,T6 기계변형,0b26ec14-485f-4826-8e69-f2e2fd0ef91e,원조어탕,어탕수제비.칼국수,구미 금리단길 골목형상점가,골목형상점가,경상북도,,,
7a0f4c6d78421a6025a6,full_annotation_v1,A,q_칼국수_10,칼국수추천,음식점 중 '칼국수'를 판매·제공하는 매장,test,칼국수,T6 기계변형,31bd74ed-45d6-40dc-82b4-5c005fe88cbc,세원한복,한복,평화 골목장 골목형상점가,골목형상점가,대구광역시,,,
05b03a99fe20fc76c6aa,full_annotation_v1,A,q_칼국수_10,칼국수추천,음식점 중 '칼국수'를 판매·제공하는 매장,test,칼국수,T6 기계변형,827f943a-ddce-4bbd-83b9-08ee7a7932c2,이민창칼국수,칼국수,나주 대호동 골목형상점가,골목형상점가,전라남도,,,
767d4a58b35c9dd70fd5,full_annotation_v1,A,q_칼국수_10,칼국수추천,음식점 중 '칼국수'를 판매·제공하는 매장,test,칼국수,T6 기계변형,d555aab8-2e17-4f80-afb3-f78f1ce0059c,화신양행,귀금속 소매,신천지시장,전통시장,부산광역시,,,
be3d17269b70b4177e1d,full_annotation_v1,A,q_칼국수_10,칼국수추천,음식점 중 '칼국수'를 판매·제공하는 매장,test,칼국수,T6 기계변형,beb4a5b7-ae5c-49eb-85b8-e02ff641cab9,총총칼국수,칼국수,구미 금리단길 골목형상점가,골목형상점가,경상북도,,,
79e866cd111061e4970b,full_annotation_v1,A,q_칼국수_10,칼국수추천,음식점 중 '칼국수'를 판매·제공하는 매장,test,칼국수,T6 기계변형,5baa24e7-8d1f-47c0-be33-9d8579a52372,칼국수방,칼국수,현대유통쇼핑센터,전통시장,경상북도,,,
1a1540e841d16417a4fe,full_annotation_v1,A,q_칼국수_10,칼국수추천,음식점 중 '칼국수'를 판매·제공하는 매장,test,칼국수,T6 기계변형,ff8a5d89-8ec0-496c-a9f0-496d11ec78bf,영림상역,스텐레스주방기구,대전도매시장,전통시장,대전광역시,,,
d23ba022eadfc9d6a764,full_annotation_v1,A,q_칼국수_10,칼국수추천,음식점 중 '칼국수'를 판매·제공하는 매장,test,칼국수,T6 기계변형,7176d35a-8154-46de-9b95-7133b97b1020,안골 칼국수,칼국수,어은누리 골목형상점가,골목형상점가,대전광역시,,,
bbb9799b21a41db7cd4f,full_annotation_v1,A,q_칼국수_10,칼국수추천,음식점 중 '칼국수'를 판매·제공하는 매장,test,칼국수,T6 기계변형,1d4001e1-26d6-4887-8150-32c09eff0275,그린칼국수,칼국수,오천시장,전통시장,경상북도,,,
13243a654c2cbf8daed1,full_annotation_v1,A,q_칼국수_10,칼국수추천,음식점 중 '칼국수'를 판매·제공하는 매장,test,칼국수,T6 기계변형,84a43e31-89e8-4f18-82f6-85d4610acf92,도연칼국수,칼국수,수암종합시장,전통시장,울산광역시,,,
26633f23d6bc3c6e1699,full_annotation_v1,A,q_칼국수_10,칼국수추천,음식점 중 '칼국수'를 판매·제공하는 매장,test,칼국수,T6 기계변형,0257d137-5e72-490e-915d-2435326d3c56,로미오줄리엣,귀금속,성남중앙지하시장,일반지하상점가,경기도,,,
4921247d04ec225809b9,full_annotation_v1,A,q_칼국수_10,칼국수추천,음식점 중 '칼국수'를 판매·제공하는 매장,test,칼국수,T6 기계변형,f7b6b6fa-8d42-4923-8c48-ee4cb44f97f5,서진수산,수산물,소래포구전통어시장,전통시장,인천광역시,,,
18bf7a843d99931c7a9e,full_annotation_v1,A,q_칼국수_10,칼국수추천,음식점 중 '칼국수'를 판매·제공하는 매장,test,칼국수,T6 기계변형,0481f4ab-3e3b-4448-b34a-839dea91b642,경북칼국수,칼국수,신정상가시장,전통시장,울산광역시,,,
ac6c51a84412eb7efdd9,full_annotation_v1,A,q_칼국수_10,칼국수추천,음식점 중 '칼국수'를 판매·제공하는 매장,test,칼국수,T6 기계변형,68b6e1b6-fd6d-4a7c-9dce-478707582c82,이런칼국수를보았나,칼국수,방아머리 골목형상점가,골목형상점가,경기도,,,
0bbe58d29870168e9600,full_annotation_v1,A,q_칼국수_10,칼국수추천,음식점 중 '칼국수'를 판매·제공하는 매장,test,칼국수,T6 기계변형,0e04d685-206b-42fd-b553-79507bdb72ee,헤이키,커피,조대 정문 골목형상점가,골목형상점가,광주광역시,,,
32942e65d790a3ce27eb,full_annotation_v1,A,q_칼국수_10,칼국수추천,음식점 중 '칼국수'를 판매·제공하는 매장,test,칼국수,T6 기계변형,d476a12e-8d15-4a22-963c-da683a83a23a,두류칼국수,칼국수,두류신시장,전통시장,대구광역시,,,
fa70d972ed9a1937cc6c,full_annotation_v1,A,q_칼국수_10,칼국수추천,음식점 중 '칼국수'를 판매·제공하는 매장,test,칼국수,T6 기계변형,1c4d225d-8400-4b40-9e46-d220fdfaecc7,삼신상회,곡물,진주 비봉시장,전통시장,경상남도,,,
5cce3a46f2f82fbd1239,full_annotation_v1,A,q_칼국수_10,칼국수추천,음식점 중 '칼국수'를 판매·제공하는 매장,test,칼국수,T6 기계변형,00baf772-7ca3-475a-a614-a5dc35286be7,시골막국수와 옹심이 충북혁신도시점,막국수,맹동혁신골목형상점가,골목형상점가,충청북도,,,
21a189e25f3d8346674e,full_annotation_v1,A,q_칼국수_10,칼국수추천,음식점 중 '칼국수'를 판매·제공하는 매장,test,칼국수,T6 기계변형,01e8f807-6020-486c-bd59-38a7035bc453,구례밀밭,국수,화엄상가(골목형상점가),골목형상점가,전라남도,,,
757bd09ac04c7644e204,full_annotation_v1,A,q_칼국수_10,칼국수추천,음식점 중 '칼국수'를 판매·제공하는 매장,test,칼국수,T6 기계변형,ff26f04c-52dd-4883-8f5d-a4c500fafa1f,바른정약국,의약품,진주 중앙상권활성화구역,상권활성화구역,경상남도,,,
07311fab002278208bb9,full_annotation_v1,A,q_칼국수_10,칼국수추천,음식점 중 '칼국수'를 판매·제공하는 매장,test,칼국수,T6 기계변형,33e63f7a-daed-4724-bd5c-167928399d5d,영시칼국수,칼국수,하양꿈바우시장,전통시장,경상북도,,,
0a14f935e76300000dd3,full_annotation_v1,A,q_칼국수_10,칼국수추천,음식점 중 '칼국수'를 판매·제공하는 매장,test,칼국수,T6 기계변형,01204ba5-bc3e-4a17-83cd-1dd9bee98d5e,규수방,국수,대전정원시장,전통시장,대전광역시,,,
04e84a8d7333cd49a531,full_annotation_v1,A,q_칼국수_10,칼국수추천,음식점 중 '칼국수'를 판매·제공하는 매장,test,칼국수,T6 기계변형,cfc4d139-028c-43b9-a2e8-79b5b6bcaa9d,부여칼국수,칼국수,부여중앙시장,전통시장,충청남도,,,
f1822043bcd05624df44,full_annotation_v1,A,q_칼국수_10,칼국수추천,음식점 중 '칼국수'를 판매·제공하는 매장,test,칼국수,T6 기계변형,ad0acae0-f6c1-4931-af2c-100596b5b821,삼보칼국수,칼국수,양정 골목형상점가,골목형상점가,울산광역시,,,
fbcc8582b8e0c7286f75,full_annotation_v1,A,q_칼국수_10,칼국수추천,음식점 중 '칼국수'를 판매·제공하는 매장,test,칼국수,T6 기계변형,377e6aa6-21ed-4466-8e3a-c614baea66b0,칼국'S,칼국수,양양로 골목형상점가,골목형상점가,강원특별자치도,,,
9fb64b0e1e3f818089aa,full_annotation_v1,A,q_칼국수_10,칼국수추천,음식점 중 '칼국수'를 판매·제공하는 매장,test,칼국수,T6 기계변형,94095616-66d0-45f0-aad2-c6990e8fa832,조선절면:칼국수,칼국수,노은상가연합 골목형상점가,골목형상점가,대전광역시,,,
ba42277a41a465a47e63,full_annotation_v1,A,q_칼국수_10,칼국수추천,음식점 중 '칼국수'를 판매·제공하는 매장,test,칼국수,T6 기계변형,a24fc147-6576-4442-a2cd-15d4cf092972,남광주한의원,한의원,남문로 어울림 골목 골목형상점가,골목형상점가,광주광역시,,,
4bf11228fe2da6f8bf95,full_annotation_v1,A,q_칼국수_10,칼국수추천,음식점 중 '칼국수'를 판매·제공하는 매장,test,칼국수,T6 기계변형,06c08c2a-1549-4a5b-ab2e-b385ac252f13,방이손칼국수,간이음식 칼국수 수제비,방이시장,전통시장,서울특별시,,,
36c4be402fc26b7ed33c,full_annotation_v1,A,q_칼국수_10,칼국수추천,음식점 중 '칼국수'를 판매·제공하는 매장,test,칼국수,T6 기계변형,01a468d2-cf3e-4db1-826a-771917b2e910,제주일월국수,국수,관평동 골목형상점가,골목형상점가,대전광역시,,,
f73ea2863c2920578f44,full_annotation_v1,A,q_칼국수_10,칼국수추천,음식점 중 '칼국수'를 판매·제공하는 매장,test,칼국수,T6 기계변형,0a9bc278-4b0b-4fc9-b423-4b17151529fc,장수상회,농축수산품,거창 전통시장,전통시장,경상남도,,,
631394bee2809e0a3789,full_annotation_v1,A,q_칼국수_10,칼국수추천,음식점 중 '칼국수'를 판매·제공하는 매장,test,칼국수,T6 기계변형,deacdff6-a68e-4d7d-b13f-912cc89e365c,백명애칼국수,칼국수,신안동용봉초 골목형상점가,골목형상점가,광주광역시,,,
30bf100779e54cab75b2,full_annotation_v1,A,q_칼국수_10,칼국수추천,음식점 중 '칼국수'를 판매·제공하는 매장,test,칼국수,T6 기계변형,25e98022-3d18-4a75-bc69-4b1247398959,본채칼국수,칼국수,아름드리 골목형상점가,골목형상점가,세종특별자치시,,,
b8854ed9cfb245b9b942,full_annotation_v1,A,q_칼국수_10,칼국수추천,음식점 중 '칼국수'를 판매·제공하는 매장,test,칼국수,T6 기계변형,d511f270-ec84-485f-9cb4-a11a154967a7,오씨 손 칼국수,칼국수,나성동 국세청 골목형상점가,골목형상점가,세종특별자치시,,,
e831488253279580c22b,full_annotation_v1,A,q_칼국수_10,칼국수추천,음식점 중 '칼국수'를 판매·제공하는 매장,test,칼국수,T6 기계변형,0fa3f1ae-17e9-4b92-9a8e-fa378a9ae05b,대덕칼국수,칼국수,단양구경시장(단양인정시장),전통시장,충청북도,,,
6b49361fbcd140fbff9e,full_annotation_v1,A,q_칼국수_10,칼국수추천,음식점 중 '칼국수'를 판매·제공하는 매장,test,칼국수,T6 기계변형,f3df23fd-1931-4a6d-98c3-9fd92b44cf88,쎈밤,돼지고기,장기동 먹거리상가 골목형상점가,골목형상점가,대구광역시,,,
c919da8f7c507c14a5dc,full_annotation_v1,A,q_칼국수_10,칼국수추천,음식점 중 '칼국수'를 판매·제공하는 매장,test,칼국수,T6 기계변형,7d66ca30-167c-4796-b6ff-4c3f4e1840a0,태웅칼국수,칼국수,남부골목시장,전통시장,서울특별시,,,
fffb6f238260aabca917,full_annotation_v1,A,q_칼국수_10,칼국수추천,음식점 중 '칼국수'를 판매·제공하는 매장,test,칼국수,T6 기계변형,aa5b0696-90a6-4e69-935f-f14bc837e9a2,동원 칼국수,칼국수,한솔동4단지상점가,자율상권구역,세종특별자치시,,,
995a6edb0792b1835d8c,full_annotation_v1,A,q_칼국수_10,칼국수추천,음식점 중 '칼국수'를 판매·제공하는 매장,test,칼국수,T6 기계변형,51668cd0-bc11-44bb-b3d3-6b899de88e38,이모네 칼국수,칼국수,문창시장,전통시장,대전광역시,,,
870298fb4d85e47e8ca9,full_annotation_v1,A,q_칼국수_10,칼국수추천,음식점 중 '칼국수'를 판매·제공하는 매장,test,칼국수,T6 기계변형,e6cd9e85-af10-4eaa-948f-00af7ee18be9,행복한 칼국수,칼국수,방이시장,전통시장,서울특별시,,,
2f15adf4d83a4d77cedc,full_annotation_v1,A,q_칼국수_10,칼국수추천,음식점 중 '칼국수'를 판매·제공하는 매장,test,칼국수,T6 기계변형,7f598a26-3c13-448e-b8b2-d2246a07e735,누이랑 칼국수,칼국수,길동복조리시장,전통시장,서울특별시,,,
119dab5e10e4a0ccee7a,full_annotation_v1,A,q_칼국수_10,칼국수추천,음식점 중 '칼국수'를 판매·제공하는 매장,test,칼국수,T6 기계변형,3948ab17-ef32-42ee-a662-707fae6454d9,송미령칼국수,칼국수,부사시장,전통시장,대전광역시,,,
2d6cf1c69456a55c5ce6,full_annotation_v1,A,q_칼국수_10,칼국수추천,음식점 중 '칼국수'를 판매·제공하는 매장,test,칼국수,T6 기계변형,5d359b5c-171a-4216-9c35-6db8225dd4ae,곱창이야기,"소곱창, 소대창",장기동 먹거리상가 골목형상점가,골목형상점가,대구광역시,,,
95ac50a211e7526e5258,full_annotation_v1,A,q_칼국수_10,칼국수추천,음식점 중 '칼국수'를 판매·제공하는 매장,test,칼국수,T6 기계변형,0182c177-fcc7-47b0-8e12-99eb221aff79,시장초장식당,"칼국수, 열무비빔밥, 국, 반찬",경주중앙시장,전통시장,경상북도,,,
998d1c7301369d3dcef7,full_annotation_v1,A,q_칼국수_10,칼국수추천,음식점 중 '칼국수'를 판매·제공하는 매장,test,칼국수,T6 기계변형,161646e1-0ab7-438b-bd96-af65799e07d9,해들칼국수,칼국수,보람동 골목형상점가,골목형상점가,세종특별자치시,,,
f8d6e171fbc35d4edda3,full_annotation_v1,A,q_칼국수_10,칼국수추천,음식점 중 '칼국수'를 판매·제공하는 매장,test,칼국수,T6 기계변형,24bcdcc8-ff8c-4f51-9070-acdee4b38647,왕칼국수,칼국수,금남시장,전통시장,서울특별시,,,
2e4c1aabedc398b4ce19,full_annotation_v1,A,q_칼국수_10,칼국수추천,음식점 중 '칼국수'를 판매·제공하는 매장,test,칼국수,T6 기계변형,bad99154-d43c-4812-b15f-6e9945bbb7b9,물총칼국수,칼국수,송죽만석 골목형상점가,골목형상점가,경기도,,,
a6c37cae5d9bb131b017,full_annotation_v1,A,q_커피_01,커피,카페·디저트 중 '커피'를 판매·제공하는 매장,train,커피,T1 정확표기,e9769546-6d5a-42af-85d7-64a026b18a55,호록커피,커피,잠원하길골목형상점가,골목형상점가,서울특별시,,,
674f113c2c0d31434c54,full_annotation_v1,A,q_커피_01,커피,카페·디저트 중 '커피'를 판매·제공하는 매장,train,커피,T1 정확표기,8a10f6b8-0570-4927-aab3-d33275d4368f,하빌커피,커피,선운별 골목형상점가,골목형상점가,광주광역시,,,
8869b17df2d7aa173b13,full_annotation_v1,A,q_커피_01,커피,카페·디저트 중 '커피'를 판매·제공하는 매장,train,커피,T1 정확표기,bff0d9f3-2d22-44be-b351-c1cac2eb4cfe,커피빈’s,커피,법원 앞 사과마을 골목형상점가,골목형상점가,광주광역시,,,
d4f9aca2329eb3ebeb1b,full_annotation_v1,A,q_커피_01,커피,카페·디저트 중 '커피'를 판매·제공하는 매장,train,커피,T1 정확표기,97b4f1a9-34d3-4860-a3aa-6112bd271833,길커피,커피,경주성동공설시장,전통시장,경상북도,,,
975507e334d62da3eb45,full_annotation_v1,A,q_커피_01,커피,카페·디저트 중 '커피'를 판매·제공하는 매장,train,커피,T1 정확표기,2282a99c-2c47-42b9-aacb-71ff5ae9ecbf,커피숲,커피,운암 예술 골목형상점가,골목형상점가,광주광역시,,,
625e867e0604f7c03253,full_annotation_v1,A,q_커피_01,커피,카페·디저트 중 '커피'를 판매·제공하는 매장,train,커피,T1 정확표기,b5696703-4a0a-4d6f-bb5a-c16bbc178a08,커피 베이화성향남점,"커피, 베이커리",향남로 골목형상점가,골목형상점가,경기도,,,
6546e695cb9514029b94,full_annotation_v1,A,q_커피_01,커피,카페·디저트 중 '커피'를 판매·제공하는 매장,train,커피,T1 정확표기,006204f3-b214-4611-a434-f896bf75e919,장터사랑,과일,농성세대공감상인회 골목형상점가,골목형상점가,광주광역시,,,
d1c2c7eb055881b2965e,full_annotation_v1,A,q_커피_01,커피,카페·디저트 중 '커피'를 판매·제공하는 매장,train,커피,T1 정확표기,c41e0540-cdb7-4024-9252-65b2c3f54081,세븐일레븐 고대로데오점,생필품 및 식품,제기동 고대앞마을 골목형상점가,골목형상점가,서울특별시,,,
7cc9d01b69fbb2288cfd,full_annotation_v1,A,q_커피_01,커피,카페·디저트 중 '커피'를 판매·제공하는 매장,train,커피,T1 정확표기,0063671e-77f7-466c-bbc2-223497c0dae4,무가당,카페,세병호 골목형상점가,골목형상점가,전북특별자치도,,,
760f2a43896328c3e3b0,full_annotation_v1,A,q_커피_01,커피,카페·디저트 중 '커피'를 판매·제공하는 매장,train,커피,T1 정확표기,e921b260-00df-403f-bf43-9691ff52e38f,스위치 커피,커피,고운뜰 골목형상점가,골목형상점가,세종특별자치시,,,
ca35caff62e601d64955,full_annotation_v1,A,q_커피_01,커피,카페·디저트 중 '커피'를 판매·제공하는 매장,train,커피,T1 정확표기,f8dbe46a-9b1e-4447-818d-9635ab36bbc6,카페,커피,문산초 골목형상점가,골목형상점가,광주광역시,,,
3c72e572f1c5fd5edc3c,full_annotation_v1,A,q_커피_01,커피,카페·디저트 중 '커피'를 판매·제공하는 매장,train,커피,T1 정확표기,e493e668-16ac-4836-a674-3f81a2663788,컴포즈커피,커피,봉우시장골목형상점가,골목형상점가,서울특별시,,,
ee02c9b6d5978ee78abb,full_annotation_v1,A,q_커피_01,커피,카페·디저트 중 '커피'를 판매·제공하는 매장,train,커피,T1 정확표기,3444199f-b34e-4a71-bb90-8c3aba44acfd,커피볼드,커피,솔올중앞골목형상점가,골목형상점가,강원특별자치도,,,
14d2ca35cb343b5b8d7a,full_annotation_v1,A,q_커피_01,커피,카페·디저트 중 '커피'를 판매·제공하는 매장,train,커피,T1 정확표기,fbc193ac-457d-4c70-a57e-4eac514caa1f,명식당,한식,양평1동어울림골목형상점가,골목형상점가,서울특별시,,,
1b458d4543087cef7237,full_annotation_v1,A,q_커피_01,커피,카페·디저트 중 '커피'를 판매·제공하는 매장,train,커피,T1 정확표기,b0ab2650-9888-45aa-9757-670b8e0c3fd2,컴포즈커피,커피,롯데프라자 골목형상점가,골목형상점가,경기도,,,
ba26618d9a7a726ab73a,full_annotation_v1,A,q_커피_01,커피,카페·디저트 중 '커피'를 판매·제공하는 매장,train,커피,T1 정확표기,6bb57356-8768-49ae-b044-1b94e6ae4d0c,네오방수.리모델링,"집수리, 인테리어공사",가락타운상가시장,전통시장,부산광역시,,,
9ca75d4c29b9a5d7b66f,full_annotation_v1,A,q_커피_01,커피,카페·디저트 중 '커피'를 판매·제공하는 매장,train,커피,T1 정확표기,bf03f773-c3f0-4a31-aeac-3936653d54fb,컴포즈커피,커피,신효천 골목형상점가,골목형상점가,광주광역시,,,
9dbbfe7ab6558a3cabf2,full_annotation_v1,A,q_커피_01,커피,카페·디저트 중 '커피'를 판매·제공하는 매장,train,커피,T1 정확표기,e8c8d59c-3f77-4552-a22e-d147809bbf23,루트 커피,커피,평촌역 상점가,자율상권구역,경기도,,,
e021e4c36254562ee6af,full_annotation_v1,A,q_커피_01,커피,카페·디저트 중 '커피'를 판매·제공하는 매장,train,커피,T1 정확표기,71dffebb-3b6c-437b-b64c-c4e4a25ed7cb,레거시 커피,커피,지산휴먼시아인근 골목형상점가,골목형상점가,광주광역시,,,
315c25b3fc87f3367178,full_annotation_v1,A,q_커피_01,커피,카페·디저트 중 '커피'를 판매·제공하는 매장,train,커피,T1 정확표기,16f4a9c7-500b-44d9-a80e-fa034040ad90,용커피,커피,두마면 계룡역골목형상점가,골목형상점가,충청남도,,,
f228dc789618e287ab6e,full_annotation_v1,A,q_커피_01,커피,카페·디저트 중 '커피'를 판매·제공하는 매장,train,커피,T1 정확표기,bf7bdd9f-ff4c-4793-9a6d-38cd12c2825d,짹짹커피,커피,마산어시장,전통시장,경상남도,,,
2e291ceac1626e3f237c,full_annotation_v1,A,q_커피_01,커피,카페·디저트 중 '커피'를 판매·제공하는 매장,train,커피,T1 정확표기,a483b42b-3360-48fd-86dc-dbe893366661,보피,커피,동구청앞 골목형상점가,골목형상점가,광주광역시,,,
e584ba8d4e8d34b5bc7d,full_annotation_v1,A,q_커피_01,커피,카페·디저트 중 '커피'를 판매·제공하는 매장,train,커피,T1 정확표기,a8130f23-d98f-4305-8654-85aa364acb8f,이디야 커피,커피,밀양 원도심 햇살문화 상권활성화 구역,상권활성화구역,경상남도,,,
8373b2adba3943145472,full_annotation_v1,A,q_커피_01,커피,카페·디저트 중 '커피'를 판매·제공하는 매장,train,커피,T1 정확표기,431f4abc-5614-4ad3-a0ca-80fda7c1d56b,남광청과농산물,농산물,남광주시장,전통시장,광주광역시,,,
aee2cc2c36450a2c2cfc,full_annotation_v1,A,q_커피_01,커피,카페·디저트 중 '커피'를 판매·제공하는 매장,train,커피,T1 정확표기,f8ac0e33-6617-4e54-b76d-d0e30444d48e,컴포즈커피,커피,두암2동 도로변 골목형상점가,골목형상점가,광주광역시,,,
dbcd26cc98c0c1dd2a17,full_annotation_v1,A,q_커피_01,커피,카페·디저트 중 '커피'를 판매·제공하는 매장,train,커피,T1 정확표기,156cd9d8-5fa0-4679-a844-e3d4435c58d4,커피 메모리,커피,반석동 골목형상점가,골목형상점가,대전광역시,,,
578cf346d68d7d89c955,full_annotation_v1,A,q_커피_01,커피,카페·디저트 중 '커피'를 판매·제공하는 매장,train,커피,T1 정확표기,5ff12a9e-fd0e-4223-ba1b-5b2852d34c75,비바두시 커피 스탠드,커피,안녕마을골목형상점가,골목형상점가,대전광역시,,,
d57b04ca2fd2e81bdeba,full_annotation_v1,A,q_커피_01,커피,카페·디저트 중 '커피'를 판매·제공하는 매장,train,커피,T1 정확표기,cfbea746-7c48-450b-b8c7-a2a2afb0279b,리가스토어,리본악세서리,미금현대벤처빌시장,전통시장,경기도,,,
7db9ae56d56a3b31574d,full_annotation_v1,A,q_커피_01,커피,카페·디저트 중 '커피'를 판매·제공하는 매장,train,커피,T1 정확표기,f3af34b8-db53-4d1d-a76d-7a999dd5784a,본커피,커피,괴산시장,전통시장,충청북도,,,
bf716cb3d711d13c2d40,full_annotation_v1,A,q_커피_01,커피,카페·디저트 중 '커피'를 판매·제공하는 매장,train,커피,T1 정확표기,35fa3618-f986-4f69-86f2-20cf1f2553ac,커피 로드뷰 동명점,커피,동명동 카페거리 골목형상점가,골목형상점가,광주광역시,,,
268d1cce00cd285f89f8,full_annotation_v1,A,q_커피_01,커피,카페·디저트 중 '커피'를 판매·제공하는 매장,train,커피,T1 정확표기,b7bab784-a72c-4b91-b5ac-5256594389fd,라임반찬 봉선점,김치절임식품조림류신선편의식품즉석조리식품간편조리세트,봉선로1 골목형상점가,골목형상점가,광주광역시,,,
3fd85eff09937d1ebc85,full_annotation_v1,A,q_커피_01,커피,카페·디저트 중 '커피'를 판매·제공하는 매장,train,커피,T1 정확표기,bc86b5f9-4770-4c21-84f0-848d485f7137,커피 제이 투,커피,매곡 가인 골목형상점가,골목형상점가,광주광역시,,,
cae8bfaadf24ccd03a9b,full_annotation_v1,A,q_커피_01,커피,카페·디저트 중 '커피'를 판매·제공하는 매장,train,커피,T1 정확표기,90c62395-f269-435c-99e4-e48a6af6ed2e,커피퍽,커피,지웰시티자이상가 골목형상점가,골목형상점가,울산광역시,,,
31d80cd7e4e9c92f5b15,full_annotation_v1,A,q_커피_01,커피,카페·디저트 중 '커피'를 판매·제공하는 매장,train,커피,T1 정확표기,0464953f-9774-48ca-9060-17acec93d9b0,한씨네마카롱&커피,커피 마카롱,강릉성남시장,전통시장,강원특별자치도,,,
b96a8edfcec0e6bbd730,full_annotation_v1,A,q_커피_01,커피,카페·디저트 중 '커피'를 판매·제공하는 매장,train,커피,T1 정확표기,8913a56d-8d65-4f74-8e5c-8952a7834bfc,컴포즈커피,커피,화서시장,전통시장,경기도,,,
6b2ecb2ddc13250e4f72,full_annotation_v1,A,q_커피_01,커피,카페·디저트 중 '커피'를 판매·제공하는 매장,train,커피,T1 정확표기,c7ec1ca1-783b-4cd2-bda6-f55d0bf01c48,낼름커피,커피,문화1동 골목형상점가,골목형상점가,대전광역시,,,
04d6621f6124e35c8a1d,full_annotation_v1,A,q_커피_01,커피,카페·디저트 중 '커피'를 판매·제공하는 매장,train,커피,T1 정확표기,00643a05-bc19-4096-bd28-93d17a13a461,스윗앤샷 대전둔산점,커피 및 음료,둔산2동 골목형상점가,골목형상점가,대전광역시,,,
3241ccb3e539a4afbb6d,full_annotation_v1,A,q_커피_01,커피,카페·디저트 중 '커피'를 판매·제공하는 매장,train,커피,T1 정확표기,0042e83d-930b-4d1d-a96f-f1a2691256cd,성화상회,과일,대구능금시장,전통시장,대구광역시,,,
05393b3d6ab7b67f714a,full_annotation_v1,A,q_커피_01,커피,카페·디저트 중 '커피'를 판매·제공하는 매장,train,커피,T1 정확표기,e1c2c1a5-0cb6-4952-bf88-1b04175c90fe,범골커피,커피,망원시장,전통시장,서울특별시,,,
d97a9ed8850942dec8a3,full_annotation_v1,A,q_커피_01,커피,카페·디저트 중 '커피'를 판매·제공하는 매장,train,커피,T1 정확표기,5f44233a-02c8-449a-a0be-ad4e246d0882,아쏘커피,커피,오월첫동네 골목형상점가,골목형상점가,광주광역시,,,
13dd7d0dbe6ad7aee69d,full_annotation_v1,A,q_커피_01,커피,카페·디저트 중 '커피'를 판매·제공하는 매장,train,커피,T1 정확표기,2f585f0d-ed9f-49e8-95a4-1c4fba149f20,대림화원,생화,양정시장,전통시장,부산광역시,,,
d12b7eb066061c952e05,full_annotation_v1,A,q_커피_01,커피,카페·디저트 중 '커피'를 판매·제공하는 매장,train,커피,T1 정확표기,d4d0e35e-7790-468a-a61b-7ac46b0daae5,피츠로이 커피,커피,문정동로데오상점가,자율상권구역,서울특별시,,,
cc4ff71072d20d52d60d,full_annotation_v1,A,q_커피_01,커피,카페·디저트 중 '커피'를 판매·제공하는 매장,train,커피,T1 정확표기,4e425458-a673-4667-bd63-f820409101f5,"커피,하늘",커피,금산금빛시장(금산시장),전통시장,충청남도,,,
331563f6f9a39e1e4cae,full_annotation_v1,A,q_커피_01,커피,카페·디저트 중 '커피'를 판매·제공하는 매장,train,커피,T1 정확표기,a082d7f4-ccc4-40e4-98c1-c3f567024706,아짙으,커피,화원시장,전통시장,대구광역시,,,
71c72544de1545f2a804,full_annotation_v1,A,q_커피_01,커피,카페·디저트 중 '커피'를 판매·제공하는 매장,train,커피,T1 정확표기,00333be0-b70d-4197-aa97-5a277d61e0da,㈜신진후르츠,과일,부전농수산물새벽시장,전통시장,부산광역시,,,
7ff6dbfeefb8a2782c80,full_annotation_v1,A,q_커피_01,커피,카페·디저트 중 '커피'를 판매·제공하는 매장,train,커피,T1 정확표기,8a00e238-cd1d-4416-be50-34830953652f,컴포즈커피,커피,창원 명서시장,전통시장,경상남도,,,
c1338e4cacbcded999f7,full_annotation_v1,A,q_커피_01,커피,카페·디저트 중 '커피'를 판매·제공하는 매장,train,커피,T1 정확표기,33dad3da-52a7-4f23-8334-8717c52d9216,아마존 커피,커피,목행시장,전통시장,충청북도,,,
27ef24e310cba427c1f4,full_annotation_v1,A,q_커피_01,커피,카페·디저트 중 '커피'를 판매·제공하는 매장,train,커피,T1 정확표기,a66e9c96-48e5-4bca-bee9-7676ea0e31b4,시장떡방아간,떡,용문천년시장,전통시장,경기도,,,
a0d1cf3736a866860f51,full_annotation_v1,A,q_커피_01,커피,카페·디저트 중 '커피'를 판매·제공하는 매장,train,커피,T1 정확표기,891c1b8b-3c66-47c2-a497-056936f223a6,소왓커피,커피,성안길상점가,자율상권구역,충청북도,,,
c021f54e33214059c410,full_annotation_v1,A,q_커피_01,커피,카페·디저트 중 '커피'를 판매·제공하는 매장,train,커피,T1 정확표기,5bc4a470-01c7-4491-9010-d8d5b16e8b68,삼양마트(커피),커피,구역전시장,전통시장,울산광역시,,,
d83c7e411ae2aec6cade,full_annotation_v1,A,q_커피_01,커피,카페·디저트 중 '커피'를 판매·제공하는 매장,train,커피,T1 정확표기,1cdbe617-c06e-4652-bbf4-8fd1acd9b1ff,어쓰커피,커피,경대북문 골목형상점가,골목형상점가,대구광역시,,,
e6474105d6b300bc942a,full_annotation_v1,A,q_커피_01,커피,카페·디저트 중 '커피'를 판매·제공하는 매장,train,커피,T1 정확표기,0eb92794-7303-4564-b0e3-dca450e23fed,빅딜커피,커피,호계공설시장,전통시장,울산광역시,,,
78b602898249f286d7bd,full_annotation_v1,A,q_커피_01,커피,카페·디저트 중 '커피'를 판매·제공하는 매장,train,커피,T1 정확표기,cc436fa3-3906-46f0-a0b9-407b784a7b6d,강변로 커피,커피,강변상점가,자율상권구역,경기도,,,
cedcafeb1f18a1f3bfba,full_annotation_v1,A,q_커피_01,커피,카페·디저트 중 '커피'를 판매·제공하는 매장,train,커피,T1 정확표기,57ac0fe3-cb75-4294-850a-9adbe009ee19,이디야 커피,커피,양산동 골목형상점가,골목형상점가,광주광역시,,,
52f58f98ea2e8157f626,full_annotation_v1,A,q_커피_01,커피,카페·디저트 중 '커피'를 판매·제공하는 매장,train,커피,T1 정확표기,002e24d7-e3a9-45fc-aa78-632c2a7899e6,샌디얌,커피,금남로5가 골목형상점가,골목형상점가,광주광역시,,,
ac3b020b2fa4b9f429f0,full_annotation_v1,A,q_커피_01,커피,카페·디저트 중 '커피'를 판매·제공하는 매장,train,커피,T1 정확표기,e4ba6cf2-ce77-40a6-9c9e-a05ff94c7f8b,에픽커피,커피,중흥동광주역 골목형상점가,골목형상점가,광주광역시,,,
3f521b112f321d185558,full_annotation_v1,A,q_커피_01,커피,카페·디저트 중 '커피'를 판매·제공하는 매장,train,커피,T1 정확표기,ae132c00-95ee-4ded-bcee-4c07f6d8ba4f,엑스트라 커피,커피 전문점,테크노밸리 골목형상점가,골목형상점가,대전광역시,,,
611359473663134d4866,full_annotation_v1,A,q_커피_01,커피,카페·디저트 중 '커피'를 판매·제공하는 매장,train,커피,T1 정확표기,9f6992ff-071f-4beb-861e-97cf05fcc1cd,렐러번트 커피,커피,청당1번가 골목형상점가,골목형상점가,충청남도,,,
526eb5979ec7aa638ec0,full_annotation_v1,A,q_커피_01,커피,카페·디저트 중 '커피'를 판매·제공하는 매장,train,커피,T1 정확표기,0018e5c7-fa61-469b-8740-8bafdd196f3b,다소니(DASONI),커피 음료,두암사거리 골목형상점가,골목형상점가,광주광역시,,,
456c2087bedda7f22a48,full_annotation_v1,A,q_커피_01,커피,카페·디저트 중 '커피'를 판매·제공하는 매장,train,커피,T1 정확표기,9b03a9cd-2d39-4bd2-8c73-f0bbbe053da8,컴포즈커피,커피,미라클,골목형상점가,광주광역시,,,
12815e1816f1c4fd565c,full_annotation_v1,A,q_커피_01,커피,카페·디저트 중 '커피'를 판매·제공하는 매장,train,커피,T1 정확표기,003e7ebf-1112-4ab4-a484-67716e4b2a85,이든,카페,원주중앙시장활성화구역,상권활성화구역,강원특별자치도,,,
9fc1714cdc00d66e2697,full_annotation_v1,A,q_커피_01,커피,카페·디저트 중 '커피'를 판매·제공하는 매장,train,커피,T1 정확표기,89dc95d1-315c-4f31-bc47-c96ec3f13296,화이트 365 커피,커피,사근살곶이골목형상점가,골목형상점가,서울특별시,,,
b9f277815f9d3ab2cbc2,full_annotation_v1,A,q_커피_01,커피,카페·디저트 중 '커피'를 판매·제공하는 매장,train,커피,T1 정확표기,58d878ef-b9c2-4ca8-8d22-8fa45441bf25,마쵸커피,커피,공항골목시장골목형상점가,골목형상점가,서울특별시,,,
dc4fe1a864e3d40389d5,full_annotation_v1,A,q_커피_01,커피,카페·디저트 중 '커피'를 판매·제공하는 매장,train,커피,T1 정확표기,8896722f-a836-4980-83a7-fe37d9af3f05,프레피 커피 랩,커피,송도트리플타워골목형상점가,골목형상점가,인천광역시,,,
4db5251cd09c5d3a6ce9,full_annotation_v1,A,q_커피_01,커피,카페·디저트 중 '커피'를 판매·제공하는 매장,train,커피,T1 정확표기,e324ea1e-8aeb-49db-b251-5d24e8a73ef5,하삼동 커피(강서점),커피,강서다온골목형상점가,골목형상점가,충청북도,,,
915d5b3e5329d6bfbcd5,full_annotation_v1,A,q_커피_01,커피,카페·디저트 중 '커피'를 판매·제공하는 매장,train,커피,T1 정확표기,8265aea3-9da4-4a4e-9d84-d1bd36dc4ca0,굿띵커피,커피,강남골목시장 골목형상점가,골목형상점가,서울특별시,,,
86847e69b3604bb2a759,full_annotation_v1,A,q_커피_01,커피,카페·디저트 중 '커피'를 판매·제공하는 매장,train,커피,T1 정확표기,91dca623-25bb-4277-bc1b-5507c60c56f3,"안녕,커피",커피,압촌동 골목형상점가,골목형상점가,광주광역시,,,
17508cc87d47bd402e6f,full_annotation_v1,A,q_커피_01,커피,카페·디저트 중 '커피'를 판매·제공하는 매장,train,커피,T1 정확표기,0ee6fdc3-eee5-41c5-96e6-982d6663aa61,에센자 커피,커피,두암2동광신맨션주변 골목형상점가,골목형상점가,광주광역시,,,
4cf8d859173a041f8870,full_annotation_v1,A,q_커피_01,커피,카페·디저트 중 '커피'를 판매·제공하는 매장,train,커피,T1 정확표기,6c79678f-6374-4b9e-b810-f7c615891242,보배루,중식,두류젊코상권,상권활성화구역,대구광역시,,,
3755f91dc5b08975148c,full_annotation_v1,A,q_커피_01,커피,카페·디저트 중 '커피'를 판매·제공하는 매장,train,커피,T1 정확표기,41a8eb59-3993-4b6a-bcbc-29064c0913e3,칠분통닭 봉선점,치킨,봉선로1 골목형상점가,골목형상점가,광주광역시,,,
8dd2ece15fe172fbbc4e,full_annotation_v1,A,q_커피_01,커피,카페·디저트 중 '커피'를 판매·제공하는 매장,train,커피,T1 정확표기,d2e567ab-943e-4856-b23c-d991e10d0097,"하루,커피",커피,유성문화원 골목형상점가,골목형상점가,대전광역시,,,
701244a454802e26fbbf,full_annotation_v1,A,q_커피_01,커피,카페·디저트 중 '커피'를 판매·제공하는 매장,train,커피,T1 정확표기,d42f8211-cf45-4d09-a9ce-a4cf3a765caf,컴포즈커피,커피,(유)다사소상공인연합,골목형상점가,대구광역시,,,
5d70fb4525f0ef5edae3,full_annotation_v1,A,q_커피_01,커피,카페·디저트 중 '커피'를 판매·제공하는 매장,train,커피,T1 정확표기,000814be-1ad1-4f62-87e7-0e02af595e2f,사사,"샌드위치, 케이크, 커피",나릿재 골목형상점가,골목형상점가,세종특별자치시,,,
14b0f3d01359fc69879f,full_annotation_v1,A,q_커피_01,커피,카페·디저트 중 '커피'를 판매·제공하는 매장,train,커피,T1 정확표기,4b9e35b5-2869-4558-ba30-0cb2e2329b30,빠리안경원,안경,목포원도심상점가,자율상권구역,전라남도,,,
78a268f8fca0d90bbfeb,full_annotation_v1,A,q_커피_01,커피,카페·디저트 중 '커피'를 판매·제공하는 매장,train,커피,T1 정확표기,4ed348f8-e30c-443a-b786-498e498e1568,오펜스,커피,전남여고후문 골목형상점가,골목형상점가,광주광역시,,,
86d1631db908db79e82e,full_annotation_v1,A,q_커피_01,커피,카페·디저트 중 '커피'를 판매·제공하는 매장,train,커피,T1 정확표기,011e2df5-6d25-4553-bfc6-cdf779856853,올데이(All day),카페,남구 용대로 골목형상점가,골목형상점가,광주광역시,,,
c6dbf471a90bc83f8e32,full_annotation_v1,A,q_커피_01,커피,카페·디저트 중 '커피'를 판매·제공하는 매장,train,커피,T1 정확표기,f645ea70-89a2-4517-a947-026a91fae723,에건스,커피,외대글로벌길 골목형상점가,골목형상점가,경기도,,,
d3ceff897af7a573188f,full_annotation_v1,A,q_커피_01,커피,카페·디저트 중 '커피'를 판매·제공하는 매장,train,커피,T1 정확표기,ed59120c-1966-4ee7-a5c4-8cee5f0ad6fc,본커피,커피,남대문시장,전통시장,서울특별시,,,
5e0b7ad91e95d3a1e981,full_annotation_v1,A,q_커피_01,커피,카페·디저트 중 '커피'를 판매·제공하는 매장,train,커피,T1 정확표기,93c9aee8-81e5-4b6b-b687-80169142b0a4,알리바바 커피 광주화정점,커피,화삼골상인회 골목형상점가,골목형상점가,광주광역시,,,
4582782cfe4667373609,full_annotation_v1,A,q_커피_01,커피,카페·디저트 중 '커피'를 판매·제공하는 매장,train,커피,T1 정확표기,ce5dfaaf-4cf4-4003-9b1a-cab0b4ac1c3d,스텁스 커피,,노은1동 골목형상점가,골목형상점가,대전광역시,,,
5ef0ec47d3c18e8cb8ad,full_annotation_v1,A,q_커피_01,커피,카페·디저트 중 '커피'를 판매·제공하는 매장,train,커피,T1 정확표기,ad17737b-ec06-454f-bf82-ef0b2b794dcc,어느꽃집,식물및화초,안녕마을골목형상점가,골목형상점가,대전광역시,,,
7e252e3adbb3e01a163c,full_annotation_v1,A,q_커피_01,커피,카페·디저트 중 '커피'를 판매·제공하는 매장,train,커피,T1 정확표기,2f7bdba1-2bfe-4b70-a6cd-010b98636b50,옥이호프&커피,커피,에버랜드마을 골목형 상점가,골목형상점가,경기도,,,
7fb36bfacb1a332222c9,full_annotation_v1,A,q_커피_01,커피,카페·디저트 중 '커피'를 판매·제공하는 매장,train,커피,T1 정확표기,18978238-73a3-4e26-8940-37edd752912a,컴포즈커피,커피,"온양온천시장(온양재래시장, 전통시장)",전통시장,충청남도,,,
512498de123c934b29a2,full_annotation_v1,A,q_커피_01,커피,카페·디저트 중 '커피'를 판매·제공하는 매장,train,커피,T1 정확표기,f801b84e-d470-4f03-95a8-a1c8f1c199d1,새로나신발,신발,당진원시가지상가,자율상권구역,충청남도,,,
6fc229fe68dae4237efb,full_annotation_v1,A,q_커피_01,커피,카페·디저트 중 '커피'를 판매·제공하는 매장,train,커피,T1 정확표기,b68d48f5-26b1-490d-bb70-e51ccfa31c51,콩고커피,커피,평촌역 상점가,자율상권구역,경기도,,,
d53be58f4cda8b6aedf9,full_annotation_v1,A,q_커피_01,커피,카페·디저트 중 '커피'를 판매·제공하는 매장,train,커피,T1 정확표기,dc0d07f8-d9ba-4c0c-baad-a86b9d744976,반가사유 커피 로스터리,커피,전대병원오거리 골목형상점가,골목형상점가,광주광역시,,,
cd029982f6a181d68e4c,full_annotation_v1,A,q_커피_01,커피,카페·디저트 중 '커피'를 판매·제공하는 매장,train,커피,T1 정확표기,008450bd-f343-47b8-bb6a-826291c52d8f,아이러브클린,준공청소 일반청소 에어컨청소 카페트청소 사무실및 상가청소 바닥청소,금당산길상인회 골목형상점가,골목형상점가,광주광역시,,,
b27fd4dfc39ea3233528,full_annotation_v1,A,q_커피_01,커피,카페·디저트 중 '커피'를 판매·제공하는 매장,train,커피,T1 정확표기,3cf0f3da-eeaf-4e0a-b8a3-a0cd3ed6787c,바이너리 커피,커피,새샘하루 골목형상점가,골목형상점가,세종특별자치시,,,
c91d3b1882aafb6bac25,full_annotation_v1,A,q_커피_01,커피,카페·디저트 중 '커피'를 판매·제공하는 매장,train,커피,T1 정확표기,146f5dc7-e867-45b3-916e-82f4a9dffdb7,컴포즈커피,커피,아진상가,골목형상점가,울산광역시,,,
6efda902c138d970c100,full_annotation_v1,A,q_커피_01,커피,카페·디저트 중 '커피'를 판매·제공하는 매장,train,커피,T1 정확표기,00045dfc-0681-4fb3-8265-33b3df14c289,한라농산,과일,황지시장상점가,자율상권구역,강원특별자치도,,,
b81f11a5cd60f9cad296,full_annotation_v1,A,q_커피_01,커피,카페·디저트 중 '커피'를 판매·제공하는 매장,train,커피,T1 정확표기,f7e9ad8e-9ae1-4c9f-b2a9-3d0cd4dd2875,컴포즈커피,커피,테크노밸리 골목형상점가,골목형상점가,대전광역시,,,
8ab3351f0fb20430ea74,full_annotation_v1,A,q_커피_01,커피,카페·디저트 중 '커피'를 판매·제공하는 매장,train,커피,T1 정확표기,35eac1d6-0646-4ef1-8737-a3da93718e95,해이김밥&커피,"김밥, 커피",산울림 골목형상점가,골목형상점가,세종특별자치시,,,
6aed1f9ff1b3105cc5bc,full_annotation_v1,A,q_커피_01,커피,카페·디저트 중 '커피'를 판매·제공하는 매장,train,커피,T1 정확표기,643d2c1e-faeb-407c-9fdc-46b93e4665df,예셰숄,커피,성수역골목형상점가,골목형상점가,서울특별시,,,
930a958d4792ca10cfdc,full_annotation_v1,A,q_커피_01,커피,카페·디저트 중 '커피'를 판매·제공하는 매장,train,커피,T1 정확표기,001a6b2a-e054-43e1-8e39-3e141a806e7e,마시오커피,커피,대인동예술담길 골목형상점가,골목형상점가,광주광역시,,,
a3949d8113aa4b7c6245,full_annotation_v1,A,q_커피_01,커피,카페·디저트 중 '커피'를 판매·제공하는 매장,train,커피,T1 정확표기,0d04153e-5fc7-4ba1-964c-6b128b2c8a4f,코히-커피,커피,법원 앞 사과마을 골목형상점가,골목형상점가,광주광역시,,,
0f200c5f06baf0d48b30,full_annotation_v1,A,q_커피_01,커피,카페·디저트 중 '커피'를 판매·제공하는 매장,train,커피,T1 정확표기,87bcae45-30b6-446b-bd65-8b2575d3b250,커볶,커피,지산유원지 상점가,자율상권구역,광주광역시,,,
e571b412701ac7f053ec,full_annotation_v1,A,q_커피_01,커피,카페·디저트 중 '커피'를 판매·제공하는 매장,train,커피,T1 정확표기,c6bbdb03-f91c-4ea4-a390-045719eafbdd,송커피,커피,서문시장2지구 종합상가,전통시장,대구광역시,,,
734ee0bddc6888c1b315,full_annotation_v1,A,q_커피_01,커피,카페·디저트 중 '커피'를 판매·제공하는 매장,train,커피,T1 정확표기,8b7378d0-35ec-4ebd-a80d-68e80e160b5c,컴포즈 커피,커피,쫑포상가 골목형상점가,골목형상점가,전라남도,,,
a15e74c027b25d94cca7,full_annotation_v1,A,q_커피_01,커피,카페·디저트 중 '커피'를 판매·제공하는 매장,train,커피,T1 정확표기,005cf715-6b17-4116-a663-d9a56b68ff54,비허밍 스터디카페 (진월),스터디카페,서문대로701번길 골목형상점가,골목형상점가,광주광역시,,,
c924dbc30c33714401e2,full_annotation_v1,A,q_커피_01,커피,카페·디저트 중 '커피'를 판매·제공하는 매장,train,커피,T1 정확표기,1a07ae01-0576-41d4-af8b-cbd44d6193f3,요켈,커피,푸른마을공동체센터 골목형상점가,골목형상점가,광주광역시,,,
49551729cddbc2e1da5f,full_annotation_v1,A,q_커피_01,커피,카페·디저트 중 '커피'를 판매·제공하는 매장,train,커피,T1 정확표기,17f568de-0fa4-4c6f-bd3c-fed93fc110de,선영이 커피,커피,대전정원시장,전통시장,대전광역시,,,
655a0fac5be621132ac6,full_annotation_v1,A,q_커피_01,커피,카페·디저트 중 '커피'를 판매·제공하는 매장,train,커피,T1 정확표기,0a464130-eeac-465a-a897-d358a1572bbf,컴포즈커피,커피,화산로 골목형상점가,골목형상점가,광주광역시,,,
7089dadc3f838328159d,full_annotation_v1,A,q_커피_01,커피,카페·디저트 중 '커피'를 판매·제공하는 매장,train,커피,T1 정확표기,00b6de61-2c2e-4164-aee6-c011f81aec20,파리바게뜨 세종반곡,"베이커리, 케이크, 음료, 커피",반곡동행복 골목형상점가,골목형상점가,세종특별자치시,,,
f861b8f9cc44e722bdf0,full_annotation_v1,A,q_커피_01,커피,카페·디저트 중 '커피'를 판매·제공하는 매장,train,커피,T1 정확표기,ddf3d04f-28ae-4499-9d90-503cd0df68e5,빅커피,커피,하남대로,골목형상점가,광주광역시,,,
77c033e7bf30bbef369a,full_annotation_v1,A,q_커피_01,커피,카페·디저트 중 '커피'를 판매·제공하는 매장,train,커피,T1 정확표기,ef33d434-17aa-46b5-8be7-b12fb852387c,커피&샌드위치 오구오구,커피,금암동 골목형상점가,골목형상점가,충청남도,,,
94dffb72f3153abaefa6,full_annotation_v1,A,q_커피_01,커피,카페·디저트 중 '커피'를 판매·제공하는 매장,train,커피,T1 정확표기,7ffd5c68-1804-4ab0-bee2-b38935b3ddee,커피꼴랑,커피,나성동 소방청 골목형상점가,골목형상점가,세종특별자치시,,,
1ac51edd679d27e5c549,full_annotation_v1,A,q_커피_01,커피,카페·디저트 중 '커피'를 판매·제공하는 매장,train,커피,T1 정확표기,eca7a911-a1b1-41b4-a088-198e3f071451,명품수선,수선,양평1동어울림골목형상점가,골목형상점가,서울특별시,,,
e1e34beab0ff4de0db8e,full_annotation_v1,A,q_커피_01,커피,카페·디저트 중 '커피'를 판매·제공하는 매장,train,커피,T1 정확표기,d0777271-7144-4f74-ae52-63d5577bfff8,바하커피,커피,수암회수산시장,골목형상점가,울산광역시,,,
dd601715bfa566612669,full_annotation_v1,A,q_커피_01,커피,카페·디저트 중 '커피'를 판매·제공하는 매장,train,커피,T1 정확표기,9bf211ee-5b8c-4216-a152-2d4c86662de8,텐퍼센트 커피,커피,서문대로701번길 골목형상점가,골목형상점가,광주광역시,,,
3e73a074973e4b883bb9,full_annotation_v1,A,q_커피_01,커피,카페·디저트 중 '커피'를 판매·제공하는 매장,train,커피,T1 정확표기,9bea613d-12ce-4048-98d5-e96297a837f1,하올람 커피,커피,이중섭거리 명동로상가,골목형상점가,제주특별자치도,,,
ff837399cf344ac3c8fe,full_annotation_v1,A,q_커피_01,커피,카페·디저트 중 '커피'를 판매·제공하는 매장,train,커피,T1 정확표기,0017b31e-27bf-4395-a7b2-ad9bc8554d97,컴포즈커피 충주호암한신더휴점,"커피, 음료",호암사천개로골목형상점가,골목형상점가,충청북도,,,
2e4b8984cd38eb33f1b4,full_annotation_v1,A,q_커피_01,커피,카페·디저트 중 '커피'를 판매·제공하는 매장,train,커피,T1 정확표기,320dc69a-f92b-4ff9-b889-6dd623fa71cd,하옵,커피,위드수암 골목형상점가,골목형상점가,울산광역시,,,
ff18a5a4ebbaf0a34bbb,full_annotation_v1,A,q_커피_01,커피,카페·디저트 중 '커피'를 판매·제공하는 매장,train,커피,T1 정확표기,8791346a-0e70-4d3c-aae0-6f1c36891fa3,컴포즈커피,커피,내상로 골목형상점가,골목형상점가,광주광역시,,,
a66c9505b194a44272b6,full_annotation_v1,A,q_커피_01,커피,카페·디저트 중 '커피'를 판매·제공하는 매장,train,커피,T1 정확표기,c3ca5d63-bb0c-42da-a7c9-fcf9e2e2b04f,그린우드 커피,커피,은구비서로사회적협동조합 골목형상점가,골목형상점가,대전광역시,,,
21c2ef876d1443858be7,full_annotation_v1,A,q_커피_01,커피,카페·디저트 중 '커피'를 판매·제공하는 매장,train,커피,T1 정확표기,00d3ef33-13db-4750-93a0-4b31010fcb70,온유베이크,카페,스타타워1 골목형상점가,골목형상점가,인천광역시,,,
395549b8d2a5c771f4aa,full_annotation_v1,A,q_커피_01,커피,카페·디저트 중 '커피'를 판매·제공하는 매장,train,커피,T1 정확표기,003d7e3f-6459-4018-ac58-7184cd2457d5,눈치 금호점,카페,금호1동상가번영회 골목형상점가,골목형상점가,광주광역시,,,
f666e3d9f47dcffb0543,full_annotation_v1,A,q_커피_01,커피,카페·디저트 중 '커피'를 판매·제공하는 매장,train,커피,T1 정확표기,00468e6b-39c6-4ce1-a534-a6b1eecac01d,태양농산물,과일,정릉서경대길골목형상점가(정릉골),골목형상점가,서울특별시,,,
84839dab712cd2ac14f7,full_annotation_v1,A,q_커피_01,커피,카페·디저트 중 '커피'를 판매·제공하는 매장,train,커피,T1 정확표기,a00404a8-4a9c-4f11-8227-5b070a5fc790,컴포즈커피,커피,서문대로704번길 골목형상점가,골목형상점가,광주광역시,,,
2610531bef6f4ab6afbe,full_annotation_v1,A,q_커피_01,커피,카페·디저트 중 '커피'를 판매·제공하는 매장,train,커피,T1 정확표기,489e1674-1800-4bab-aa6d-afed071ce03e,슬로그 커피 로스터즈,커피,민락2지구골목형상점가,골목형상점가,경기도,,,
5d7416a5c96c75fdbf3c,full_annotation_v1,A,q_커피_01,커피,카페·디저트 중 '커피'를 판매·제공하는 매장,train,커피,T1 정확표기,4758dd5e-303a-470a-a7b2-73dbeb072bec,옹골네 순대국,한식,산본로데오거리(구 산본중심상가),자율상권구역,경기도,,,
06d100fa4b3b7495af75,full_annotation_v1,A,q_커피_01,커피,카페·디저트 중 '커피'를 판매·제공하는 매장,train,커피,T1 정확표기,db120c04-9540-4475-a721-7c0595eb6d07,커피허유,커피,해미읍성전통시장,전통시장,충청남도,,,
b380a139c78142dceaf1,full_annotation_v1,A,q_커피_01,커피,카페·디저트 중 '커피'를 판매·제공하는 매장,train,커피,T1 정확표기,15fd414a-3d05-43c2-8174-e6c56c324124,"커피,오후",커피,운암대자골 골목형상점가,골목형상점가,광주광역시,,,
9fb58fcaff00d9904ae8,full_annotation_v1,A,q_커피_01,커피,카페·디저트 중 '커피'를 판매·제공하는 매장,train,커피,T1 정확표기,1c8fc1a4-fb6d-4b92-a5ab-9d3fb9101506,장비손만두,만두,정남진장흥토요시장,전통시장,전라남도,,,
9abead0a047fc0befbe3,full_annotation_v1,A,q_커피_01,커피,카페·디저트 중 '커피'를 판매·제공하는 매장,train,커피,T1 정확표기,801602eb-9691-42e3-bdd4-63d7056e29c5,컴포즈커피,커피,감전시장,전통시장,부산광역시,,,
6ddfb66037c98963265c,full_annotation_v1,A,q_커피_01,커피,카페·디저트 중 '커피'를 판매·제공하는 매장,train,커피,T1 정확표기,4ca1f419-3918-4eb4-9d58-d611b3602756,커피팜,커피,포항 해도새록새로 골목형상점가,골목형상점가,경상북도,,,
b4d50172e925cd165594,full_annotation_v1,A,q_커피_01,커피,카페·디저트 중 '커피'를 판매·제공하는 매장,train,커피,T1 정확표기,d29afe81-6b3c-48e0-a174-9060ae8503c7,홉커피,커피,전남여고후문 골목형상점가,골목형상점가,광주광역시,,,
18f4663f2f9cc2095541,full_annotation_v1,A,q_커피_01,커피,카페·디저트 중 '커피'를 판매·제공하는 매장,train,커피,T1 정확표기,d53b2b20-b6b7-45c7-8ad1-dcdcc5bba5f3,커피 하모니카,커피,제천시 원도심 상권활성화구역,상권활성화구역,충청북도,,,
a6ff5a1b9904909b3c85,full_annotation_v1,A,q_커피_01,커피,카페·디저트 중 '커피'를 판매·제공하는 매장,train,커피,T1 정확표기,a66e9835-849a-4668-bc0d-e9b323a03c71,에프엑스(FX)커피,커피,석수본동 골목형상점가,골목형상점가,경기도,,,
012464d955639c133910,full_annotation_v1,A,q_커피_01,커피,카페·디저트 중 '커피'를 판매·제공하는 매장,train,커피,T1 정확표기,8db9433a-0c86-4954-8a78-a8d64f3448f2,비읍커피,커피,지중해마을 골목형상점가,골목형상점가,충청남도,,,
f0ec5ed3775da14b81e1,full_annotation_v1,A,q_커피_01,커피,카페·디저트 중 '커피'를 판매·제공하는 매장,train,커피,T1 정확표기,0031ddcb-756f-40bf-ae71-0aa29f780139,더벤티상무점,커피,상무로자율상권,상권활성화구역,광주광역시,,,
1906678b77e35ad171b2,full_annotation_v1,A,q_커피_01,커피,카페·디저트 중 '커피'를 판매·제공하는 매장,train,커피,T1 정확표기,0038b8f8-2bc5-4e28-b122-22a93a38b3b0,컴포즈커피,커피 음료,용흥시장,전통시장,경상북도,,,
1844963ff22c1cfc42cf,full_annotation_v1,A,q_커피_02,음료,카페·디저트 중 '커피'를 판매·제공하는 매장,train,커피,T2 동의어,ada9431a-cbb0-420f-b6c2-b820bf6d133a,흄카페,커피 및 음료,전평제상인회 골목형상점가,골목형상점가,광주광역시,,,
30f865e5cf103d77a892,full_annotation_v1,A,q_커피_02,음료,카페·디저트 중 '커피'를 판매·제공하는 매장,train,커피,T2 동의어,14087df3-788e-4716-b089-7f8a8c2b23a5,미브,음료,의정부제일시장,전통시장,경기도,,,
e910d74e32bf2968408b,full_annotation_v1,A,q_커피_02,음료,카페·디저트 중 '커피'를 판매·제공하는 매장,train,커피,T2 동의어,002e24d7-e3a9-45fc-aa78-632c2a7899e6,샌디얌,커피,금남로5가 골목형상점가,골목형상점가,광주광역시,,,
9c892b6b0b85622a4dd0,full_annotation_v1,A,q_커피_02,음료,카페·디저트 중 '커피'를 판매·제공하는 매장,train,커피,T2 동의어,4ea9eb45-8195-4eac-a731-ea8cce5209a6,카페테라스,음료,"온양온천시장(온양재래시장, 전통시장)",전통시장,충청남도,,,
a213b5e061924e5c1385,full_annotation_v1,A,q_커피_02,음료,카페·디저트 중 '커피'를 판매·제공하는 매장,train,커피,T2 동의어,bb998bc7-fecb-49c1-874d-de1b545f9a9c,까페멜로우,음료,첨단이웃사랑 골목형상점가,골목형상점가,광주광역시,,,
13180232b89d1b11a997,full_annotation_v1,A,q_커피_02,음료,카페·디저트 중 '커피'를 판매·제공하는 매장,train,커피,T2 동의어,00468e6b-39c6-4ce1-a534-a6b1eecac01d,태양농산물,과일,정릉서경대길골목형상점가(정릉골),골목형상점가,서울특별시,,,
87e82b41c43c555279fd,full_annotation_v1,A,q_커피_02,음료,카페·디저트 중 '커피'를 판매·제공하는 매장,train,커피,T2 동의어,001a6b2a-e054-43e1-8e39-3e141a806e7e,마시오커피,커피,대인동예술담길 골목형상점가,골목형상점가,광주광역시,,,
3bbd8933570efb6bfb4d,full_annotation_v1,A,q_커피_02,음료,카페·디저트 중 '커피'를 판매·제공하는 매장,train,커피,T2 동의어,e1492f9b-40d9-4ed2-b731-13ebb7bc0d3f,냥꿀냥꿀,음료,익산 다e로움 상권활성화구역,상권활성화구역,전북특별자치도,,,
47753d475beb96d38170,full_annotation_v1,A,q_커피_02,음료,카페·디저트 중 '커피'를 판매·제공하는 매장,train,커피,T2 동의어,9333cb99-f55e-48da-a4f0-fa3cb3a22c28,카페정원,음료,예술의거리 골목형상점가,골목형상점가,광주광역시,,,
0eaa20384714ca30a6be,full_annotation_v1,A,q_커피_02,음료,카페·디저트 중 '커피'를 판매·제공하는 매장,train,커피,T2 동의어,f02f3ccb-4e79-4d47-9d00-540f7595224d,충금식품,음료,충금지하도상가,일반지하상점가,광주광역시,,,
e53a42ceefb838e17ff5,full_annotation_v1,A,q_커피_02,음료,카페·디저트 중 '커피'를 판매·제공하는 매장,train,커피,T2 동의어,40b61f70-3c81-4776-b8e8-332f59f95ea5,대박마트,음료,충무자동차거리 상점가,자율상권구역,대전광역시,,,
7e915b14b1ac8eaed0cc,full_annotation_v1,A,q_커피_02,음료,카페·디저트 중 '커피'를 판매·제공하는 매장,train,커피,T2 동의어,f96db127-0d1f-4a83-8a0d-ebab76608893,인아워,음료,법원후문 골목형상점가,골목형상점가,광주광역시,,,
c5bc8fa67a3b5f7bf366,full_annotation_v1,A,q_커피_02,음료,카페·디저트 중 '커피'를 판매·제공하는 매장,train,커피,T2 동의어,95d7e101-14ff-4a43-9a80-a72f7df4e5bb,블루2767,음료,수완나들목 골목형상점가,골목형상점가,광주광역시,,,
c4ea53c1c65e2a6c6e6d,full_annotation_v1,A,q_커피_02,음료,카페·디저트 중 '커피'를 판매·제공하는 매장,train,커피,T2 동의어,b0bc8872-a414-4893-8978-43225e8d5bdb,돌담,음료,사직공원 골목형상점가,골목형상점가,광주광역시,,,
2b9f8df166b508cee659,full_annotation_v1,A,q_커피_02,음료,카페·디저트 중 '커피'를 판매·제공하는 매장,train,커피,T2 동의어,10895056-db19-49b9-88b7-fd20a0e0358d,카페맘,음료,오치2동 골목형상점가,골목형상점가,광주광역시,,,
09266733fb6d52ced79e,full_annotation_v1,A,q_커피_02,음료,카페·디저트 중 '커피'를 판매·제공하는 매장,train,커피,T2 동의어,495ea9ea-a01c-48d9-871a-c000a7b53d69,카페숲,음료,경동시장,전통시장,서울특별시,,,
33dd7943d631c48f170c,full_annotation_v1,A,q_커피_02,음료,카페·디저트 중 '커피'를 판매·제공하는 매장,train,커피,T2 동의어,8027c4bd-dda1-498f-99dd-5f5d04923d7d,한옥카페 조견당,음료,주천골목형상점가,골목형상점가,강원특별자치도,,,
0e368d07ef0130270088,full_annotation_v1,A,q_커피_02,음료,카페·디저트 중 '커피'를 판매·제공하는 매장,train,커피,T2 동의어,24b8b4d8-abe6-4f4b-bfd8-a106906c252d,헤이버디,음료,거제 고현자율상권,,경상남도,,,
dab64732f207425b1df6,full_annotation_v1,A,q_커피_02,음료,카페·디저트 중 '커피'를 판매·제공하는 매장,train,커피,T2 동의어,7b7168b6-ef8a-4d10-b427-9a6ac26ab300,KY식품,음료,"온양온천시장(온양재래시장, 전통시장)",전통시장,충청남도,,,
a860f94e6ee18244161a,full_annotation_v1,A,q_커피_02,음료,카페·디저트 중 '커피'를 판매·제공하는 매장,train,커피,T2 동의어,b86a5167-8850-43f4-b12f-a619abe83d1a,씨유 신안사거리점,편의점,신안골 골목형상점가,골목형상점가,광주광역시,,,
6c8ea75f85f9dc545a63,full_annotation_v1,A,q_커피_02,음료,카페·디저트 중 '커피'를 판매·제공하는 매장,train,커피,T2 동의어,36596a96-76fe-4f3b-9627-b403cb961b74,벌크커피동림푸른마을점,음료,동림푸른 골목형상점가,골목형상점가,광주광역시,,,
262dd953a54d71fc4c51,full_annotation_v1,A,q_커피_02,음료,카페·디저트 중 '커피'를 판매·제공하는 매장,train,커피,T2 동의어,2f771827-1f08-48eb-b1e9-933e7fd6d14f,브룸헤어,헤어,봉주 골목형상점가,골목형상점가,광주광역시,,,
afde1c3d81bd81885c35,full_annotation_v1,A,q_커피_02,음료,카페·디저트 중 '커피'를 판매·제공하는 매장,train,커피,T2 동의어,dba4fd77-b768-46dd-bbaf-bdfa4f2fd81f,라빈,음료,원신흥 골목형상점가,골목형상점가,대전광역시,,,
ef3c17b1fbd439edf54f,full_annotation_v1,A,q_커피_02,음료,카페·디저트 중 '커피'를 판매·제공하는 매장,train,커피,T2 동의어,01c9c81d-5da8-4e2a-a424-e29cb472084d,밍기적,음료,회기랑길골목형상점가,골목형상점가,서울특별시,,,
476c01444d71a7f9be61,full_annotation_v1,A,q_커피_02,음료,카페·디저트 중 '커피'를 판매·제공하는 매장,train,커피,T2 동의어,0017b31e-27bf-4395-a7b2-ad9bc8554d97,컴포즈커피 충주호암한신더휴점,"커피, 음료",호암사천개로골목형상점가,골목형상점가,충청북도,,,
0cc741b65fce4764809f,full_annotation_v1,A,q_커피_02,음료,카페·디저트 중 '커피'를 판매·제공하는 매장,train,커피,T2 동의어,dc770e3c-c556-4aef-ad98-fe9cb68f65b8,티나,음료,광탄전통시장,전통시장,경기도,,,
44113af48d28546b348a,full_annotation_v1,A,q_커피_02,음료,카페·디저트 중 '커피'를 판매·제공하는 매장,train,커피,T2 동의어,00b6de61-2c2e-4164-aee6-c011f81aec20,파리바게뜨 세종반곡,"베이커리, 케이크, 음료, 커피",반곡동행복 골목형상점가,골목형상점가,세종특별자치시,,,
e8b03ded7a4518e06521,full_annotation_v1,A,q_커피_02,음료,카페·디저트 중 '커피'를 판매·제공하는 매장,train,커피,T2 동의어,3f91aa9b-a0c4-402a-a003-5b1cdda309a6,텐퍼센트 운남영천마을점,커피 음료 및 디저트,월곡대반 골목형상점가,골목형상점가,광주광역시,,,
f36d9be8646ba613f627,full_annotation_v1,A,q_커피_02,음료,카페·디저트 중 '커피'를 판매·제공하는 매장,train,커피,T2 동의어,eec7a3c4-a01a-4ebb-bf39-2937ed92a8bc,아지트,음료,큰방림길 골목형상점가,골목형상점가,광주광역시,,,
151a39589a2d12d7f72b,full_annotation_v1,A,q_커피_02,음료,카페·디저트 중 '커피'를 판매·제공하는 매장,train,커피,T2 동의어,dd137382-6849-4367-b971-658409f977d3,올레원,음료,서귀포매일올레시장,전통시장,제주특별자치도,,,
fc63bee6c34d3bf18f2d,full_annotation_v1,A,q_커피_02,음료,카페·디저트 중 '커피'를 판매·제공하는 매장,train,커피,T2 동의어,ec6b8a19-b31d-4627-978a-06fdea64d0a4,레인보우,음료,오치주공 골목형상점가,골목형상점가,광주광역시,,,
f13996af10af1428586a,full_annotation_v1,A,q_커피_02,음료,카페·디저트 중 '커피'를 판매·제공하는 매장,train,커피,T2 동의어,ce44a91a-2022-4c50-9c7c-c5d1418f7631,빽다방포항죽도시장점,음료,포항죽도시장,전통시장,경상북도,,,
a9b19a846f8456f3dedd,full_annotation_v1,A,q_커피_02,음료,카페·디저트 중 '커피'를 판매·제공하는 매장,train,커피,T2 동의어,aa0d77d6-43a3-423e-a1cf-a9faf8e37766,물흐르듯,음료,동명동 카페거리 골목형상점가,골목형상점가,광주광역시,,,
1096cfe38ad2e2bffeaf,full_annotation_v1,A,q_커피_02,음료,카페·디저트 중 '커피'를 판매·제공하는 매장,train,커피,T2 동의어,44df2ed8-2232-47d8-babd-2ef8ebaaf546,카페 랑,음료,오!도봉거리상점가,자율상권구역,서울특별시,,,
06ff605201607d631768,full_annotation_v1,A,q_커피_02,음료,카페·디저트 중 '커피'를 판매·제공하는 매장,train,커피,T2 동의어,a50bbaaa-26b1-4f4d-b0c5-7e607368f761,빅딜커피,음료,신화 골목형상점가,골목형상점가,울산광역시,,,
5b40f3b61bcd4d58b65c,full_annotation_v1,A,q_커피_02,음료,카페·디저트 중 '커피'를 판매·제공하는 매장,train,커피,T2 동의어,0018e5c7-fa61-469b-8740-8bafdd196f3b,다소니(DASONI),커피 음료,두암사거리 골목형상점가,골목형상점가,광주광역시,,,
6e2d1707d26cf6787f2a,full_annotation_v1,A,q_커피_02,음료,카페·디저트 중 '커피'를 판매·제공하는 매장,train,커피,T2 동의어,812b8f9e-222d-4e30-b43e-3fb0b1e3c367,맘마음료,음료,석바위시장,전통시장,인천광역시,,,
1e235ea33fa3ef1a880c,full_annotation_v1,A,q_커피_02,음료,카페·디저트 중 '커피'를 판매·제공하는 매장,train,커피,T2 동의어,8a90903f-5399-4afb-9fa7-02bb9887c6bf,커피언니,음료,광명새마을시장,전통시장,경기도,,,
7570e50737f02294d202,full_annotation_v1,A,q_커피_02,음료,카페·디저트 중 '커피'를 판매·제공하는 매장,train,커피,T2 동의어,caf13621-3fbf-499e-b1d7-cd55fe7eb349,한성식품,음료,선비골전통시장,전통시장,경상북도,,,
0956ae3b8588c4a8b8e9,full_annotation_v1,A,q_커피_02,음료,카페·디저트 중 '커피'를 판매·제공하는 매장,train,커피,T2 동의어,0d739a1d-b140-4aa8-919d-ec15117ab24a,킹콩커피,음료,의성중앙상점가(의성읍중앙길상가거리),자율상권구역,경상북도,,,
42514331100ffc78583a,full_annotation_v1,A,q_커피_02,음료,카페·디저트 중 '커피'를 판매·제공하는 매장,train,커피,T2 동의어,64bf70f4-2250-4883-b910-b8cfbeae5bd8,손하커피,음료,동천동먹자골목1번가상인회 골목형상점가,골목형상점가,광주광역시,,,
3792753d47670a3c36a3,full_annotation_v1,A,q_커피_02,음료,카페·디저트 중 '커피'를 판매·제공하는 매장,train,커피,T2 동의어,452161be-48dd-4cc6-9f2b-1f9fefe046a2,영미네제라늄꽃카페,음료,법원후문 골목형상점가,골목형상점가,광주광역시,,,
e18d8ee3d23fedac599d,full_annotation_v1,A,q_커피_02,음료,카페·디저트 중 '커피'를 판매·제공하는 매장,train,커피,T2 동의어,0031ddcb-756f-40bf-ae71-0aa29f780139,더벤티상무점,커피,상무로자율상권,상권활성화구역,광주광역시,,,
deadd8e2b3cfbfdd4052,full_annotation_v1,A,q_커피_02,음료,카페·디저트 중 '커피'를 판매·제공하는 매장,train,커피,T2 동의어,2af63551-6354-41e3-9223-585f4801ecef,전망,한식 음료,전주한옥마을 골목형상점가,골목형상점가,전북특별자치도,,,
2dfae8297bde2df988db,full_annotation_v1,A,q_커피_02,음료,카페·디저트 중 '커피'를 판매·제공하는 매장,train,커피,T2 동의어,dc157752-2c35-409a-93a1-3586cfd531a4,나렌즈(중앙로점),콘택트렌즈,대현프리몰 대구점,일반지하상점가,대구광역시,,,
3ab7bcef7213e59bdb03,full_annotation_v1,A,q_커피_02,음료,카페·디저트 중 '커피'를 판매·제공하는 매장,train,커피,T2 동의어,daeac8f6-8982-4969-a127-3c4ce416b49d,백억커피,음료,구갈상점가,자율상권구역,경기도,,,
6cacca8ea15d25b8a3b5,full_annotation_v1,A,q_커피_02,음료,카페·디저트 중 '커피'를 판매·제공하는 매장,train,커피,T2 동의어,003d7e3f-6459-4018-ac58-7184cd2457d5,눈치 금호점,카페,금호1동상가번영회 골목형상점가,골목형상점가,광주광역시,,,
df904bca6c815ad61795,full_annotation_v1,A,q_커피_02,음료,카페·디저트 중 '커피'를 판매·제공하는 매장,train,커피,T2 동의어,c9060694-1cdb-4735-afaa-3cd5fc6586bc,바리스타빈,음료,궁동 골목형상점가,골목형상점가,대전광역시,,,
01e1793ecb10a84488b9,full_annotation_v1,A,q_커피_02,음료,카페·디저트 중 '커피'를 판매·제공하는 매장,train,커피,T2 동의어,7cfda9e8-8f57-4cb2-930b-4465626dab6a,삼성상회,음료,하동공설시장,전통시장,경상남도,,,
a33a8c9f5bae10b193a1,full_annotation_v1,A,q_커피_02,음료,카페·디저트 중 '커피'를 판매·제공하는 매장,train,커피,T2 동의어,3e8e32d4-12f9-490b-8be1-bc5e27573fff,마이힙독,음료,임방울대로 골목형상점가,골목형상점가,광주광역시,,,
7e3ba5e2944da885b240,full_annotation_v1,A,q_커피_02,음료,카페·디저트 중 '커피'를 판매·제공하는 매장,train,커피,T2 동의어,9fe28642-a665-426b-ab02-7acf178c7519,꽈배기마을,,여의동2가 골목형상점가,골목형상점가,전북특별자치도,,,
d44c462f03a45711f7d1,full_annotation_v1,A,q_커피_02,음료,카페·디저트 중 '커피'를 판매·제공하는 매장,train,커피,T2 동의어,82c4a15d-a23f-4c32-9e1c-a8aded5a5ac0,카툰카페,"책, 음료",금촌명동로시장,전통시장,경기도,,,
9ac39eb559cb72a698f8,full_annotation_v1,A,q_커피_02,음료,카페·디저트 중 '커피'를 판매·제공하는 매장,train,커피,T2 동의어,ee0841cc-46d0-4fb1-b6c8-d1534a0c07ca,이디야,음료,선유로운골목형상점가,골목형상점가,서울특별시,,,
989331dcc5bcc4840381,full_annotation_v1,A,q_커피_02,음료,카페·디저트 중 '커피'를 판매·제공하는 매장,train,커피,T2 동의어,c6c55f3b-79d1-45a5-ba69-c29cfac495e5,우리,음료,하동 화개장터,전통시장,경상남도,,,
a69f7b63f142fe60a475,full_annotation_v1,A,q_커피_02,음료,카페·디저트 중 '커피'를 판매·제공하는 매장,train,커피,T2 동의어,36bbdd44-1e00-4597-806f-f04767ef457c,깻잎분식,,여의동2가 골목형상점가,골목형상점가,전북특별자치도,,,
19d391d270bb3a3903c6,full_annotation_v1,A,q_커피_02,음료,카페·디저트 중 '커피'를 판매·제공하는 매장,train,커피,T2 동의어,b020730d-f262-4483-8ec6-07ec2f51030b,공차광주수완점,음료,홀릭스,골목형상점가,광주광역시,,,
f033f7273d4fbe0164d2,full_annotation_v1,A,q_커피_02,음료,카페·디저트 중 '커피'를 판매·제공하는 매장,train,커피,T2 동의어,008450bd-f343-47b8-bb6a-826291c52d8f,아이러브클린,준공청소 일반청소 에어컨청소 카페트청소 사무실및 상가청소 바닥청소,금당산길상인회 골목형상점가,골목형상점가,광주광역시,,,
c8a721f3eba56d204d48,full_annotation_v1,A,q_커피_02,음료,카페·디저트 중 '커피'를 판매·제공하는 매장,train,커피,T2 동의어,48163c59-7166-463d-b907-0fa047930b86,장안상회,음료,장한평역먹자골목형상점가,골목형상점가,서울특별시,,,
58c2f5c276d4e5ce5589,full_annotation_v1,A,q_커피_02,음료,카페·디저트 중 '커피'를 판매·제공하는 매장,train,커피,T2 동의어,e02aec50-2362-47d6-925a-dfddd4a30749,제이원,음료,태화십리대밭먹거리단지 상점가,자율상권구역,울산광역시,,,
f144dfa5c40fa0f5a139,full_annotation_v1,A,q_커피_02,음료,카페·디저트 중 '커피'를 판매·제공하는 매장,train,커피,T2 동의어,011e2df5-6d25-4553-bfc6-cdf779856853,올데이(All day),카페,남구 용대로 골목형상점가,골목형상점가,광주광역시,,,
df0a36171ba0cc146072,full_annotation_v1,A,q_커피_02,음료,카페·디저트 중 '커피'를 판매·제공하는 매장,train,커피,T2 동의어,323b9664-fcba-4aed-987a-ab58210fe1f1,카페금하,음료,두암2동면앙로 골목형상점가,골목형상점가,광주광역시,,,
373f877394a618fe473e,full_annotation_v1,A,q_커피_02,음료,카페·디저트 중 '커피'를 판매·제공하는 매장,train,커피,T2 동의어,b5ad6c96-cc67-4ce4-a228-cd9ceb407a3b,프레시카페,음료,백서로 골목형상점가,골목형상점가,광주광역시,,,
dcc6a6d469939f51359e,full_annotation_v1,A,q_커피_02,음료,카페·디저트 중 '커피'를 판매·제공하는 매장,train,커피,T2 동의어,b68d2d14-e2a4-4eeb-b62d-3f3dfa2f875c,메가엠지씨커피제주외도점,음료,외도3 골목형상점가,골목형상점가,제주특별자치도,,,
c5fbd5458e15dbd7661d,full_annotation_v1,A,q_커피_02,음료,카페·디저트 중 '커피'를 판매·제공하는 매장,train,커피,T2 동의어,683cb650-2452-48ba-a177-c1d25cd00ac3,잎담,음료,다산역 로데오 상점가,자율상권구역,경기도,,,
1e724c6ee4262d610836,full_annotation_v1,A,q_커피_02,음료,카페·디저트 중 '커피'를 판매·제공하는 매장,train,커피,T2 동의어,2b0acdc8-88b6-495c-b803-7c8b397ae7d6,더벤티,음료,상동역 함께하길 골목형상점가,골목형상점가,경기도,,,
c58469c85495ebc5dd96,full_annotation_v1,A,q_커피_02,음료,카페·디저트 중 '커피'를 판매·제공하는 매장,train,커피,T2 동의어,633f7378-d609-43f3-8bac-e28932656b6f,스위밍차일드 첨단점,수영강습,첨단강변로 골목형상점가,골목형상점가,광주광역시,,,
7cf1d31d120d192ee5ab,full_annotation_v1,A,q_커피_02,음료,카페·디저트 중 '커피'를 판매·제공하는 매장,train,커피,T2 동의어,006204f3-b214-4611-a434-f896bf75e919,장터사랑,과일,농성세대공감상인회 골목형상점가,골목형상점가,광주광역시,,,
421643c71d5790b54c9c,full_annotation_v1,A,q_커피_02,음료,카페·디저트 중 '커피'를 판매·제공하는 매장,train,커피,T2 동의어,dde945d7-8b78-4bb0-8660-590ae2f9bf24,커브,음료,전주교대 골목형상점가,골목형상점가,전북특별자치도,,,
5ffff2749536bfad7c14,full_annotation_v1,A,q_커피_02,음료,카페·디저트 중 '커피'를 판매·제공하는 매장,train,커피,T2 동의어,3e8162a4-d5e0-4960-b4f7-dd37ca1f0e49,싱싱커피,음료,충무동해안시장,전통시장,부산광역시,,,
8bd532e9a66e00879bdc,full_annotation_v1,A,q_커피_02,음료,카페·디저트 중 '커피'를 판매·제공하는 매장,train,커피,T2 동의어,000814be-1ad1-4f62-87e7-0e02af595e2f,사사,"샌드위치, 케이크, 커피",나릿재 골목형상점가,골목형상점가,세종특별자치시,,,
4bce248eb1c299411872,full_annotation_v1,A,q_커피_02,음료,카페·디저트 중 '커피'를 판매·제공하는 매장,train,커피,T2 동의어,763c5bd8-eaa0-4063-83b1-be747807bf6d,라온샌드,음료,농성동벚꽃상인회 골목형상점가,골목형상점가,광주광역시,,,
b21f85149680427a5251,full_annotation_v1,A,q_커피_02,음료,카페·디저트 중 '커피'를 판매·제공하는 매장,train,커피,T2 동의어,0042e83d-930b-4d1d-a96f-f1a2691256cd,성화상회,과일,대구능금시장,전통시장,대구광역시,,,
885a29d8aedaf8e5375a,full_annotation_v1,A,q_커피_02,음료,카페·디저트 중 '커피'를 판매·제공하는 매장,train,커피,T2 동의어,aa414c9e-6082-4154-aa18-41b2c7d9e4df,아리아,음료,무주반딧불상권활성화구역,상권활성화구역,전북특별자치도,,,
a14fbdbb692c357e337c,full_annotation_v1,A,q_커피_02,음료,카페·디저트 중 '커피'를 판매·제공하는 매장,train,커피,T2 동의어,40bda2e7-fb06-4d06-93bd-f2274d9feef9,소수,음료,안녕마을골목형상점가,골목형상점가,대전광역시,,,
5619b147b2df1481c56c,full_annotation_v1,A,q_커피_02,음료,카페·디저트 중 '커피'를 판매·제공하는 매장,train,커피,T2 동의어,73855cbe-f0fe-41e3-9b68-6f065609aa64,공주성연당,음료,공주산성시장,전통시장,충청남도,,,
79f848255dc88251e3e8,full_annotation_v1,A,q_커피_02,음료,카페·디저트 중 '커피'를 판매·제공하는 매장,train,커피,T2 동의어,1d85a709-d0a1-4b37-b10e-6a0d2fc82ccd,쉬멍가,음료,서귀포매일올레시장,전통시장,제주특별자치도,,,
8b1cca3a9a333f1f4bb3,full_annotation_v1,A,q_커피_02,음료,카페·디저트 중 '커피'를 판매·제공하는 매장,train,커피,T2 동의어,61aa89d7-f55b-4efd-9f2b-88b3b31366cf,더벤티,음료,학소로 골목형상점가,골목형상점가,광주광역시,,,
bfe424451852851db09c,full_annotation_v1,A,q_커피_02,음료,카페·디저트 중 '커피'를 판매·제공하는 매장,train,커피,T2 동의어,e4793ee4-c82f-4245-b302-6187fe2fa566,제주스,음료,동문재래시장,전통시장,제주특별자치도,,,
9576e2474d987c3ee41a,full_annotation_v1,A,q_커피_02,음료,카페·디저트 중 '커피'를 판매·제공하는 매장,train,커피,T2 동의어,46819703-9ab2-4e2d-b132-61198a1c81b9,커피하우스,음료,동래시장,전통시장,부산광역시,,,
5be606520de4fd17961e,full_annotation_v1,A,q_커피_02,음료,카페·디저트 중 '커피'를 판매·제공하는 매장,train,커피,T2 동의어,7a67bacd-156f-4f77-9463-3d39950db880,카페폴,음료,노대물빛근린공원 골목형상점가,골목형상점가,광주광역시,,,
f11b8aa15087f03dcac7,full_annotation_v1,A,q_커피_02,음료,카페·디저트 중 '커피'를 판매·제공하는 매장,train,커피,T2 동의어,32d7440e-8d22-4af4-909d-c9e40b42ce23,김프로모터스,자동차수리,봉주 골목형상점가,골목형상점가,광주광역시,,,
274b6ad1b0307bd429a5,full_annotation_v1,A,q_커피_02,음료,카페·디저트 중 '커피'를 판매·제공하는 매장,train,커피,T2 동의어,c790fc58-ddf1-4059-8446-ac37a6092b7e,느낌,음료,유촌동상인회 골목형상점가,골목형상점가,광주광역시,,,
d8ab59320b9f4bcc0a73,full_annotation_v1,A,q_커피_02,음료,카페·디저트 중 '커피'를 판매·제공하는 매장,train,커피,T2 동의어,628975b1-f259-4ef2-89fb-ec8e217d586a,라프르따,음료,산본로데오거리(구 산본중심상가),자율상권구역,경기도,,,
f5ac2790b16b86caf29b,full_annotation_v1,A,q_커피_02,음료,카페·디저트 중 '커피'를 판매·제공하는 매장,train,커피,T2 동의어,8f9712f4-0413-4a89-8f7c-e51aed231ab3,바른식혜,음료,노은상가연합 골목형상점가,골목형상점가,대전광역시,,,
c6bf03b6d13662f4e7a5,full_annotation_v1,A,q_커피_02,음료,카페·디저트 중 '커피'를 판매·제공하는 매장,train,커피,T2 동의어,3c878368-2c4a-4c65-9d98-86728779fbd4,바른곳간 솥밥이야기,한식 일반음식점,홀릭스,골목형상점가,광주광역시,,,
181515a9e3a2842a4c3d,full_annotation_v1,A,q_커피_02,음료,카페·디저트 중 '커피'를 판매·제공하는 매장,train,커피,T2 동의어,3f74c45f-423b-4af8-8810-862c3db9e989,권구성순대국밥 탕정역점,한식,한들물빛도시 골목형 상점가,골목형상점가,충청남도,,,
39c29ceb7e104a711e96,full_annotation_v1,A,q_커피_02,음료,카페·디저트 중 '커피'를 판매·제공하는 매장,train,커피,T2 동의어,e8554c22-058b-4235-bab0-12def2910716,수암약국,약국,안양1번가 상점가,기타,경기도,,,
623944365569ffe56145,full_annotation_v1,A,q_커피_02,음료,카페·디저트 중 '커피'를 판매·제공하는 매장,train,커피,T2 동의어,0063671e-77f7-466c-bbc2-223497c0dae4,무가당,카페,세병호 골목형상점가,골목형상점가,전북특별자치도,,,
e762e3f017f40f30df5e,full_annotation_v1,A,q_커피_02,음료,카페·디저트 중 '커피'를 판매·제공하는 매장,train,커피,T2 동의어,3ffccca4-f366-4649-b65f-cf7ab0b33a92,빽다방종로5가역점,음료,종로5가역일번출구상점가,자율상권구역,서울특별시,,,
4dd69f1fccb767367682,full_annotation_v1,A,q_커피_02,음료,카페·디저트 중 '커피'를 판매·제공하는 매장,train,커피,T2 동의어,62f5253e-3ac1-4adb-9ef9-d982e4e273f1,소미당,음료,두암1동 골목형상점가,골목형상점가,광주광역시,,,
1f756ca6d25e63149c7c,full_annotation_v1,A,q_커피_02,음료,카페·디저트 중 '커피'를 판매·제공하는 매장,train,커피,T2 동의어,4f0e27f9-c8a7-417d-9792-04df0553b934,없음,음료,산업용재관,전통시장,대구광역시,,,
de4bab856fe4e75c3d28,full_annotation_v1,A,q_커피_02,음료,카페·디저트 중 '커피'를 판매·제공하는 매장,train,커피,T2 동의어,a30656d4-2555-4d85-9cab-0b6c0cf04989,청자다방,음료,광천동상인회 골목형상점가,골목형상점가,광주광역시,,,
671b3f60eed766ab4a42,full_annotation_v1,A,q_커피_02,음료,카페·디저트 중 '커피'를 판매·제공하는 매장,train,커피,T2 동의어,ac206c67-ef97-4f98-8f28-0de29fd718a1,공간,음료,고성동벚꽃 골목형상점가,골목형상점가,대구광역시,,,
dfb56c2710ea8105ae14,full_annotation_v1,A,q_커피_02,음료,카페·디저트 중 '커피'를 판매·제공하는 매장,train,커피,T2 동의어,3818a500-3207-4c07-b9de-25a5f1ad9830,바른식혜,음료,용운시장,전통시장,대전광역시,,,
0bb6bdb2f4cadf555d1b,full_annotation_v1,A,q_커피_02,음료,카페·디저트 중 '커피'를 판매·제공하는 매장,train,커피,T2 동의어,0f1606ab-b716-4677-b233-704519f4412f,시장밥집,한식,중앙신시장,전통시장,경상북도,,,
10caf3fb9dfb5a53fa74,full_annotation_v1,A,q_커피_02,음료,카페·디저트 중 '커피'를 판매·제공하는 매장,train,커피,T2 동의어,958d2290-a4e6-4c55-9c09-f042f541bdfb,원두막카페,음료,도농상점가,자율상권구역,경기도,,,
222abc8d41f9567fe1b4,full_annotation_v1,A,q_커피_02,음료,카페·디저트 중 '커피'를 판매·제공하는 매장,train,커피,T2 동의어,98bdd35b-d6bb-4873-956f-fe718089a4d1,우승사,운동용품,팔달문시장,기타,경기도,,,
a436b65370121c21f87a,full_annotation_v1,A,q_커피_02,음료,카페·디저트 중 '커피'를 판매·제공하는 매장,train,커피,T2 동의어,583ec3b8-9c2c-4106-8b0f-75097c4346ec,누뷜,커피 음료,임방울대로 골목형상점가,골목형상점가,광주광역시,,,
b7a23ed3f4692f8df052,full_annotation_v1,A,q_커피_02,음료,카페·디저트 중 '커피'를 판매·제공하는 매장,train,커피,T2 동의어,94143432-ff84-42de-ad6a-30c32e1104eb,이디야커피,음료,문흥2동 골목형상점가,골목형상점가,광주광역시,,,
2437927958eccc5ea000,full_annotation_v1,A,q_커피_02,음료,카페·디저트 중 '커피'를 판매·제공하는 매장,train,커피,T2 동의어,9584373e-19cc-481e-b34b-f39f6f68fb1e,온유하우스,음료,평동 골목형상점가,골목형상점가,광주광역시,,,
6921c2782f0f3985b4a7,full_annotation_v1,A,q_커피_02,음료,카페·디저트 중 '커피'를 판매·제공하는 매장,train,커피,T2 동의어,d0ecdb35-c74a-42ce-8793-59ef075f595b,BULKCOFFEE,음료,임방울거리3구역 골목형상점가,골목형상점가,광주광역시,,,
4920605ed6fdfbb6c8df,full_annotation_v1,A,q_커피_02,음료,카페·디저트 중 '커피'를 판매·제공하는 매장,train,커피,T2 동의어,f35c47a4-7cff-40d9-a90e-9c7800cd1aa9,하삼동커피,음료,첨단중해 골목형상점가,골목형상점가,광주광역시,,,
039f4d62f81989df8eb4,full_annotation_v1,A,q_커피_02,음료,카페·디저트 중 '커피'를 판매·제공하는 매장,train,커피,T2 동의어,a1812857-2f19-4bc7-8b4b-bd672efb5e68,디저트39,음료,더센트럴 골목형상점가,골목형상점가,세종특별자치시,,,
8f9f19357304c63e327e,full_annotation_v1,A,q_커피_02,음료,카페·디저트 중 '커피'를 판매·제공하는 매장,train,커피,T2 동의어,a82631ab-9472-4c19-8f40-3013433161d6,신앙촌상회,음료,청량리농수산물시장,전통시장,서울특별시,,,
22271c8cb94328061995,full_annotation_v1,A,q_커피_02,음료,카페·디저트 중 '커피'를 판매·제공하는 매장,train,커피,T2 동의어,005cf715-6b17-4116-a663-d9a56b68ff54,비허밍 스터디카페 (진월),스터디카페,서문대로701번길 골목형상점가,골목형상점가,광주광역시,,,
a7e5bf9a29095aa13774,full_annotation_v1,A,q_커피_02,음료,카페·디저트 중 '커피'를 판매·제공하는 매장,train,커피,T2 동의어,66639974-2d9d-4cdb-bf53-224f91588619,블랭크테이프,음료,서석초 인근 골목형상점가,골목형상점가,광주광역시,,,
ea191fc8adb4695843fa,full_annotation_v1,A,q_커피_02,음료,카페·디저트 중 '커피'를 판매·제공하는 매장,train,커피,T2 동의어,3181431d-f419-4581-aba6-2be701d33f87,햄튼커피,음료,잠실 장미종합상가 골목형상점가,골목형상점가,서울특별시,,,
afa5d2405aa53cfa9f7d,full_annotation_v1,A,q_커피_02,음료,카페·디저트 중 '커피'를 판매·제공하는 매장,train,커피,T2 동의어,66006954-2dd7-4286-b677-11e3c0dac9c9,팥다담,음료,안양중앙인정시장,전통시장,경기도,,,
0c3078bc02ff74514ed4,full_annotation_v1,A,q_커피_02,음료,카페·디저트 중 '커피'를 판매·제공하는 매장,train,커피,T2 동의어,00d3ef33-13db-4750-93a0-4b31010fcb70,온유베이크,카페,스타타워1 골목형상점가,골목형상점가,인천광역시,,,
3662bbbfac78546ac15b,full_annotation_v1,A,q_커피_02,음료,카페·디저트 중 '커피'를 판매·제공하는 매장,train,커피,T2 동의어,7006a3f9-e853-4a4b-8027-326433bd5c4b,아르티스테마파크,음료,동탄역골목형상점가,골목형상점가,경기도,,,
ebc42d85fa5e94f2394e,full_annotation_v1,A,q_커피_02,음료,카페·디저트 중 '커피'를 판매·제공하는 매장,train,커피,T2 동의어,003e7ebf-1112-4ab4-a484-67716e4b2a85,이든,카페,원주중앙시장활성화구역,상권활성화구역,강원특별자치도,,,
86d31541e7948d129cc7,full_annotation_v1,A,q_커피_02,음료,카페·디저트 중 '커피'를 판매·제공하는 매장,train,커피,T2 동의어,149056d0-2295-40ae-b42e-76ea2140fe79,고망고광주소촌점,음료,소촌골 골목형상점가,골목형상점가,광주광역시,,,
c5ffa179bc266791a97a,full_annotation_v1,A,q_커피_02,음료,카페·디저트 중 '커피'를 판매·제공하는 매장,train,커피,T2 동의어,d0e8d7a3-e01d-452f-806c-a63809c03baa,동아상사,음료,구월도매전통시장,전통시장,인천광역시,,,
382b9cefa98bc080f1a0,full_annotation_v1,A,q_커피_02,음료,카페·디저트 중 '커피'를 판매·제공하는 매장,train,커피,T2 동의어,89772191-3958-41c5-b4fe-f1bd45d8f125,청자다방말바우점,음료,말바우지키미 골목형상점가,골목형상점가,광주광역시,,,
f03719c094e80cc992f1,full_annotation_v1,A,q_커피_02,음료,카페·디저트 중 '커피'를 판매·제공하는 매장,train,커피,T2 동의어,c0983d36-d9cf-49f3-9b84-5f4679363aef,래프허,음료,동천동 상인회 골목형상점가,골목형상점가,광주광역시,,,
2914196bf440b788154a,full_annotation_v1,A,q_커피_02,음료,카페·디저트 중 '커피'를 판매·제공하는 매장,train,커피,T2 동의어,0038b8f8-2bc5-4e28-b122-22a93a38b3b0,컴포즈커피,커피 음료,용흥시장,전통시장,경상북도,,,
9d05cac26fdeacb941c0,full_annotation_v1,A,q_커피_02,음료,카페·디저트 중 '커피'를 판매·제공하는 매장,train,커피,T2 동의어,00045dfc-0681-4fb3-8265-33b3df14c289,한라농산,과일,황지시장상점가,자율상권구역,강원특별자치도,,,
e0e430c0019e0165ae2b,full_annotation_v1,A,q_커피_02,음료,카페·디저트 중 '커피'를 판매·제공하는 매장,train,커피,T2 동의어,0f80d509-1c80-4321-940f-c85154b205f6,한나일본어,일본어,삼성테마트 골목형상점가,골목형상점가,서울특별시,,,
cca8b73aff1f109e1d8f,full_annotation_v1,A,q_커피_02,음료,카페·디저트 중 '커피'를 판매·제공하는 매장,train,커피,T2 동의어,4356eb87-d9c0-4f31-b12c-12a1feaac797,선행담,음료,신창진흥 골목형상점가,골목형상점가,광주광역시,,,
5a7850079c28a533af92,full_annotation_v1,A,q_커피_02,음료,카페·디저트 중 '커피'를 판매·제공하는 매장,train,커피,T2 동의어,a10e2c96-5142-4a1e-8a19-449f33d41bd3,티앗,음료,동명동 카페거리 골목형상점가,골목형상점가,광주광역시,,,
1583b682434a367b700e,full_annotation_v1,A,q_커피_02,음료,카페·디저트 중 '커피'를 판매·제공하는 매장,train,커피,T2 동의어,840ee7b3-cdb3-4e4d-93ab-efaaac6306a4,장수탕제원,음료,호계중앙 골목형상점가,골목형상점가,울산광역시,,,
fac10ee2f6b722dafbb2,full_annotation_v1,A,q_커피_02,음료,카페·디저트 중 '커피'를 판매·제공하는 매장,train,커피,T2 동의어,cfe18ee0-58bb-45da-bacb-f4a4c5a82036,칠성식품,음료,보은전통시장,전통시장,충청북도,,,
e66321b414c99ca24b8b,full_annotation_v1,A,q_커피_02,음료,카페·디저트 중 '커피'를 판매·제공하는 매장,train,커피,T2 동의어,c77f766d-4121-49f7-80f5-b09ca87dcf2d,삼촌네농산,농산물,영천시장,전통시장,서울특별시,,,
a2f8a47cc97033b77038,full_annotation_v1,A,q_커피_02,음료,카페·디저트 중 '커피'를 판매·제공하는 매장,train,커피,T2 동의어,bea97fd5-0cd6-4511-a009-ce1977e004fe,미들커피,커피 및 음료,중앙상가시장,전통시장,대전광역시,,,
2355e89e80ca9e7763bc,full_annotation_v1,A,q_커피_02,음료,카페·디저트 중 '커피'를 판매·제공하는 매장,train,커피,T2 동의어,3c6c8469-d5f8-4ac9-8a71-4e2957b1f50b,히얼이너프,음료,수완머그로 골목형상점가,골목형상점가,광주광역시,,,
f1c5b5534edacfff9f0c,full_annotation_v1,A,q_커피_02,음료,카페·디저트 중 '커피'를 판매·제공하는 매장,train,커피,T2 동의어,e5afa7d8-ec6a-410a-ad56-9f6eb2edb5c1,스테이,음료,세은 골목형상점가,골목형상점가,광주광역시,,,
c2433b9d555a71dd5f2c,full_annotation_v1,A,q_커피_02,음료,카페·디저트 중 '커피'를 판매·제공하는 매장,train,커피,T2 동의어,3a330a6a-5b74-4495-bd51-dfb3952e7e53,팡팡노래연습장,음료,동천동먹자골목2번가상인회 골목형상점가,골목형상점가,광주광역시,,,
b0f1ae3618f24ac30924,full_annotation_v1,A,q_커피_02,음료,카페·디저트 중 '커피'를 판매·제공하는 매장,train,커피,T2 동의어,af698de1-9ffa-4d33-91b4-d3abb95b349f,커프커프하우스,음료,수완머그로 골목형상점가,골목형상점가,광주광역시,,,
c502996537bf42a2f7b5,full_annotation_v1,A,q_커피_02,음료,카페·디저트 중 '커피'를 판매·제공하는 매장,train,커피,T2 동의어,33443374-5910-4207-bba1-bece03309509,자라온아동발달연구소,발달서비스,나성중앙 골목형상점가,골목형상점가,세종특별자치시,,,
b6f9b0c5ec8ae6fe8eb2,full_annotation_v1,A,q_커피_02,음료,카페·디저트 중 '커피'를 판매·제공하는 매장,train,커피,T2 동의어,31249bb3-e680-4d9f-b4cb-d21929b1c7ce,원두막카페,음료,도농상점가,자율상권구역,경기도,,,
f6728e50b247f1ea148b,full_annotation_v1,A,q_커피_02,음료,카페·디저트 중 '커피'를 판매·제공하는 매장,train,커피,T2 동의어,46612b8e-c3e3-43f0-8f8b-8ec89c524581,정독바,음료,삼청정독길골목형상점가,골목형상점가,서울특별시,,,
3fc67cea3ad5e0cf2690,full_annotation_v1,A,q_커피_02,음료,카페·디저트 중 '커피'를 판매·제공하는 매장,train,커피,T2 동의어,33a54eff-1b9e-4bd6-8315-d92d722c8159,피콕,음료,홍리단길 먹자 골목형상점가,골목형상점가,전북특별자치도,,,
4d280143c628e748cdbf,full_annotation_v1,A,q_커피_02,음료,카페·디저트 중 '커피'를 판매·제공하는 매장,train,커피,T2 동의어,6feadca3-4a3c-47f8-bfe9-3eef97fc9858,공차대전도안점,음료,유성도안 골목형상점가,골목형상점가,대전광역시,,,
68ea17d788782760afd8,full_annotation_v1,A,q_커피_02,음료,카페·디저트 중 '커피'를 판매·제공하는 매장,train,커피,T2 동의어,4756fa65-6630-47c2-9022-ebd35f1bb895,소풍카페,음료,정산시장,전통시장,충청남도,,,
1dc16abc60842f347845,full_annotation_v1,A,q_커피_02,음료,카페·디저트 중 '커피'를 판매·제공하는 매장,train,커피,T2 동의어,212303d3-e019-478f-baba-51c4259892ba,알리바이편의점,음료,신안골 골목형상점가,골목형상점가,광주광역시,,,
0a20244f9280dbdecdc2,full_annotation_v1,A,q_커피_02,음료,카페·디저트 중 '커피'를 판매·제공하는 매장,train,커피,T2 동의어,8e499681-1b8d-4aa2-b9e1-8e9edf63185a,미래상회,음료,부산국제시장,전통시장,부산광역시,,,
9ae14280da260285073e,full_annotation_v1,A,q_커피_02,음료,카페·디저트 중 '커피'를 판매·제공하는 매장,train,커피,T2 동의어,7b7a7dd5-be95-468a-85df-c258e3da2665,구름빌리어드,음료,산본로데오거리(구 산본중심상가),자율상권구역,경기도,,,
8d0e9f546976dd563671,full_annotation_v1,A,q_커피_02,음료,카페·디저트 중 '커피'를 판매·제공하는 매장,train,커피,T2 동의어,00333be0-b70d-4197-aa97-5a277d61e0da,㈜신진후르츠,과일,부전농수산물새벽시장,전통시장,부산광역시,,,
a64e8afd07babda5c2e9,full_annotation_v1,A,q_커피_02,음료,카페·디저트 중 '커피'를 판매·제공하는 매장,train,커피,T2 동의어,00643a05-bc19-4096-bd28-93d17a13a461,스윗앤샷 대전둔산점,커피 및 음료,둔산2동 골목형상점가,골목형상점가,대전광역시,,,
89d0d84ac84dd48475bb,full_annotation_v1,A,q_커피_02,음료,카페·디저트 중 '커피'를 판매·제공하는 매장,train,커피,T2 동의어,db23f381-b69a-4f6e-bd96-320d6dac7c9f,콩쥐팥쥐,음료,부평깡통시장(구 부산부평시장),전통시장,부산광역시,,,
0887011cb0d27fdb3728,full_annotation_v1,A,q_커피_03,카페,카페·디저트 중 '커피'를 판매·제공하는 매장,train,커피,T2 동의어,4eaab193-3faa-4006-af09-b7829e85415b,커피마운틴,커피,도군머리 골목형상점가,골목형상점가,광주광역시,,,
a1c71f3ef0e28933078b,full_annotation_v1,A,q_커피_03,카페,카페·디저트 중 '커피'를 판매·제공하는 매장,train,커피,T2 동의어,8628389e-fec1-4e5f-a96d-47f52675502c,"카페,그날","음료, 카페",북평민속시장(북평민속5일장),전통시장,강원특별자치도,,,
e1e200e7c7a593571c45,full_annotation_v1,A,q_커피_03,카페,카페·디저트 중 '커피'를 판매·제공하는 매장,train,커피,T2 동의어,72669e09-e316-4753-b7de-ccaa751a2024,카페 하타,,다정한 가온마을 골목형상점가,골목형상점가,세종특별자치시,,,
a043a225497e3050cba2,full_annotation_v1,A,q_커피_03,카페,카페·디저트 중 '커피'를 판매·제공하는 매장,train,커피,T2 동의어,ab4dbc37-a7af-4f52-9307-35bf84f87450,이디야,카페,종암북바위길골목형상점가,골목형상점가,서울특별시,,,
4e91388a34a572ea275e,full_annotation_v1,A,q_커피_03,카페,카페·디저트 중 '커피'를 판매·제공하는 매장,train,커피,T2 동의어,eabb00d2-4105-4651-a280-fab5b15c938d,카페 높다,카페,오정 어린이공원 골목형상점가,골목형상점가,광주광역시,,,
4b4df114790334325841,full_annotation_v1,A,q_커피_03,카페,카페·디저트 중 '커피'를 판매·제공하는 매장,train,커피,T2 동의어,36f9fe40-fb41-4f53-888d-f35077a12e6f,설빙 호남대점,빙수,선운별 골목형상점가,골목형상점가,광주광역시,,,
2022b2d9a597ede11103,full_annotation_v1,A,q_커피_03,카페,카페·디저트 중 '커피'를 판매·제공하는 매장,train,커피,T2 동의어,dd3dcbdd-0a32-43ce-b20b-61f59b0efda2,더누문,카페,금남로5가 골목형상점가,골목형상점가,광주광역시,,,
52b2e4e37ace50735d25,full_annotation_v1,A,q_커피_03,카페,카페·디저트 중 '커피'를 판매·제공하는 매장,train,커피,T2 동의어,00333be0-b70d-4197-aa97-5a277d61e0da,㈜신진후르츠,과일,부전농수산물새벽시장,전통시장,부산광역시,,,
394cb00f8dd74b1a109c,full_annotation_v1,A,q_커피_03,카페,카페·디저트 중 '커피'를 판매·제공하는 매장,train,커피,T2 동의어,005cf715-6b17-4116-a663-d9a56b68ff54,비허밍 스터디카페 (진월),스터디카페,서문대로701번길 골목형상점가,골목형상점가,광주광역시,,,
c6bf3e350cc36586ff00,full_annotation_v1,A,q_커피_03,카페,카페·디저트 중 '커피'를 판매·제공하는 매장,train,커피,T2 동의어,0017b31e-27bf-4395-a7b2-ad9bc8554d97,컴포즈커피 충주호암한신더휴점,"커피, 음료",호암사천개로골목형상점가,골목형상점가,충청북도,,,
d883652a4d1475042da9,full_annotation_v1,A,q_커피_03,카페,카페·디저트 중 '커피'를 판매·제공하는 매장,train,커피,T2 동의어,042c7ec2-1a1c-4861-ab7e-232b7a89b83b,커피면회소,카페,대명 오손도손 골목형상점가,골목형상점가,전북특별자치도,,,
4cba61a8ad67af1551f9,full_annotation_v1,A,q_커피_03,카페,카페·디저트 중 '커피'를 판매·제공하는 매장,train,커피,T2 동의어,00b6de61-2c2e-4164-aee6-c011f81aec20,파리바게뜨 세종반곡,"베이커리, 케이크, 음료, 커피",반곡동행복 골목형상점가,골목형상점가,세종특별자치시,,,
608c3d9ca1398b4a2b22,full_annotation_v1,A,q_커피_03,카페,카페·디저트 중 '커피'를 판매·제공하는 매장,train,커피,T2 동의어,b15d2f1d-757a-487f-a946-be370475f0c1,카페 점보코코,카페,휴먼시아 3단지 골목형상점가,골목형상점가,울산광역시,,,
be1f6693f6f3e57cd922,full_annotation_v1,A,q_커피_03,카페,카페·디저트 중 '커피'를 판매·제공하는 매장,train,커피,T2 동의어,00d3ef33-13db-4750-93a0-4b31010fcb70,온유베이크,카페,스타타워1 골목형상점가,골목형상점가,인천광역시,,,
c3f9c09caae7efff7f64,full_annotation_v1,A,q_커피_03,카페,카페·디저트 중 '커피'를 판매·제공하는 매장,train,커피,T2 동의어,2604a41c-f63a-487d-818b-c41ea539e74d,카페 드뉴(Denu),카페,광흥창골목형상점가,골목형상점가,서울특별시,,,
2ec1e8218de9dd553472,full_annotation_v1,A,q_커피_03,카페,카페·디저트 중 '커피'를 판매·제공하는 매장,train,커피,T2 동의어,1aa386d3-8379-44ef-8fdb-0fe1c98aa912,쿠자쿠,카페,광주고인근 골목형상점가,골목형상점가,광주광역시,,,
aa1232221a689a150a4c,full_annotation_v1,A,q_커피_03,카페,카페·디저트 중 '커피'를 판매·제공하는 매장,train,커피,T2 동의어,5fb1e8f1-2c72-4e39-9173-24489785cc2f,짙은,카페,순천문화의거리 금꽃예술촌,자율상권구역,전라남도,,,
b387f162085863b05206,full_annotation_v1,A,q_커피_03,카페,카페·디저트 중 '커피'를 판매·제공하는 매장,train,커피,T2 동의어,0038b8f8-2bc5-4e28-b122-22a93a38b3b0,컴포즈커피,커피 음료,용흥시장,전통시장,경상북도,,,
86239696502154341ee4,full_annotation_v1,A,q_커피_03,카페,카페·디저트 중 '커피'를 판매·제공하는 매장,train,커피,T2 동의어,4705259f-33d4-4867-800b-f5b8b5c0ec0d,카페 로마,카페,배밭골골목형상점가,골목형상점가,서울특별시,,,
dafc19c3e4ae1b175f21,full_annotation_v1,A,q_커피_03,카페,카페·디저트 중 '커피'를 판매·제공하는 매장,train,커피,T2 동의어,4f3dff63-d322-453e-bf94-c4309e7cf03d,쿄이,카페,연남동골목형상점가,골목형상점가,서울특별시,,,
691c88dd6e4aef3508e1,full_annotation_v1,A,q_커피_03,카페,카페·디저트 중 '커피'를 판매·제공하는 매장,train,커피,T2 동의어,e8d71812-a078-4cce-8177-51387181bef4,카페 찐쥬스,카페,역전지하상가,일반지하상점가,대전광역시,,,
88ee4ad85c4521f6085e,full_annotation_v1,A,q_커피_03,카페,카페·디저트 중 '커피'를 판매·제공하는 매장,train,커피,T2 동의어,008450bd-f343-47b8-bb6a-826291c52d8f,아이러브클린,준공청소 일반청소 에어컨청소 카페트청소 사무실및 상가청소 바닥청소,금당산길상인회 골목형상점가,골목형상점가,광주광역시,,,
0ee8b03c51bdf566ae42,full_annotation_v1,A,q_커피_03,카페,카페·디저트 중 '커피'를 판매·제공하는 매장,train,커피,T2 동의어,d23617aa-29a3-4989-8aec-225dceed28e8,"좋아라, 카페",카페,한글거리 상점가상인회,자율상권구역,세종특별자치시,,,
a0475884d88b59d3b59f,full_annotation_v1,A,q_커피_03,카페,카페·디저트 중 '커피'를 판매·제공하는 매장,train,커피,T2 동의어,908a9a46-7e46-4a31-befd-79fbeea8e616,한월,카페,전통중앙도매상가,전통시장,대전광역시,,,
8fd8b5e023cae1f5c804,full_annotation_v1,A,q_커피_03,카페,카페·디저트 중 '커피'를 판매·제공하는 매장,train,커피,T2 동의어,5d44e5bd-a4f0-4d49-ba0e-281775f723c1,카페 마실라,카페,주안시민지하도상점가,일반지하상점가,인천광역시,,,
a43d788e3992031c25bc,full_annotation_v1,A,q_커피_03,카페,카페·디저트 중 '커피'를 판매·제공하는 매장,train,커피,T2 동의어,f8dbe46a-9b1e-4447-818d-9635ab36bbc6,카페,커피,문산초 골목형상점가,골목형상점가,광주광역시,,,
5d1bf7a64f56c087067f,full_annotation_v1,A,q_커피_03,카페,카페·디저트 중 '커피'를 판매·제공하는 매장,train,커피,T2 동의어,011e2df5-6d25-4553-bfc6-cdf779856853,올데이(All day),카페,남구 용대로 골목형상점가,골목형상점가,광주광역시,,,
ea7c06288b9f358f8ecf,full_annotation_v1,A,q_커피_03,카페,카페·디저트 중 '커피'를 판매·제공하는 매장,train,커피,T2 동의어,71af8a29-8a96-43f5-b0d4-bd4fc91ad096,카페 칸식스,카페,원종중앙시장,전통시장,경기도,,,
2555b6dc7f18148b596b,full_annotation_v1,A,q_커피_03,카페,카페·디저트 중 '커피'를 판매·제공하는 매장,train,커피,T2 동의어,ba6ffc35-a0eb-448b-825f-2a845d9143db,모이 카페,카페,개롱골장군거리 골목형상점가,골목형상점가,서울특별시,,,
fc38e2f635d4db51dde6,full_annotation_v1,A,q_커피_03,카페,카페·디저트 중 '커피'를 판매·제공하는 매장,train,커피,T2 동의어,000814be-1ad1-4f62-87e7-0e02af595e2f,사사,"샌드위치, 케이크, 커피",나릿재 골목형상점가,골목형상점가,세종특별자치시,,,
f553fc41068ee0f7dd68,full_annotation_v1,A,q_커피_03,카페,카페·디저트 중 '커피'를 판매·제공하는 매장,train,커피,T2 동의어,001a6b2a-e054-43e1-8e39-3e141a806e7e,마시오커피,커피,대인동예술담길 골목형상점가,골목형상점가,광주광역시,,,
de3c084de492fb9b62cc,full_annotation_v1,A,q_커피_03,카페,카페·디저트 중 '커피'를 판매·제공하는 매장,train,커피,T2 동의어,e804dba8-26fd-413a-9f2d-4ea873dc979b,무안요갤러리 카페,카페,예술의거리 골목형상점가,골목형상점가,광주광역시,,,
67ae96c04373868585f0,full_annotation_v1,A,q_커피_03,카페,카페·디저트 중 '커피'를 판매·제공하는 매장,train,커피,T2 동의어,db903978-1412-44fa-b7b0-64ab95329f1a,카페 스테어스,카페,동부시장 백구단길 골목형상점가,골목형상점가,서울특별시,,,
1ea4f00dfe05893b1989,full_annotation_v1,A,q_커피_03,카페,카페·디저트 중 '커피'를 판매·제공하는 매장,train,커피,T2 동의어,5f0bac88-0df8-4e7f-96ba-1f26c1be66d3,카페 깔롱,카페,의성중앙상점가(의성읍중앙길상가거리),자율상권구역,경상북도,,,
a87edb7a4d884e4cbdc2,full_annotation_v1,A,q_커피_03,카페,카페·디저트 중 '커피'를 판매·제공하는 매장,train,커피,T2 동의어,0b96b509-2cdd-4638-bc4c-a632182c1285,카페 봄날,,송하동 골목형상점가,골목형상점가,광주광역시,,,
c2505f95891b9c41815e,full_annotation_v1,A,q_커피_03,카페,카페·디저트 중 '커피'를 판매·제공하는 매장,train,커피,T2 동의어,2b89e4fa-b55a-4110-913a-37d1f5783a19,화채업자,카페,봉선1로 골목형상점가,골목형상점가,광주광역시,,,
ca460d3a8d6018837db0,full_annotation_v1,A,q_커피_03,카페,카페·디저트 중 '커피'를 판매·제공하는 매장,train,커피,T2 동의어,ddb678a3-fec3-48d0-95b1-423d2c5178b3,본헤어,미용실,첨단지구 골목형상점가,골목형상점가,광주광역시,,,
d87c096e70eb85f87ef2,full_annotation_v1,A,q_커피_03,카페,카페·디저트 중 '커피'를 판매·제공하는 매장,train,커피,T2 동의어,003d7e3f-6459-4018-ac58-7184cd2457d5,눈치 금호점,카페,금호1동상가번영회 골목형상점가,골목형상점가,광주광역시,,,
38c7ac2f0a4da5f78ea2,full_annotation_v1,A,q_커피_03,카페,카페·디저트 중 '커피'를 판매·제공하는 매장,train,커피,T2 동의어,2fb184ff-56b9-43b4-b225-84edc50dcc2c,드레스샾,여성의류,화정한울타리상인회 골목형상점가,골목형상점가,광주광역시,,,
d1beecf608bdd74e0de4,full_annotation_v1,A,q_커피_03,카페,카페·디저트 중 '커피'를 판매·제공하는 매장,train,커피,T2 동의어,7867846c-86c8-49dd-9fc0-899bbefb447d,한양떡방,떡,신도꼼지락시장,전통시장,대전광역시,,,
07d8215eaa1c9bbaa929,full_annotation_v1,A,q_커피_03,카페,카페·디저트 중 '커피'를 판매·제공하는 매장,train,커피,T2 동의어,5ec44ea0-6a16-44f5-8d75-d19e0c126210,코커피,카페,전주서곡 골목형상점가,골목형상점가,전북특별자치도,,,
19b90432d12318d6ed31,full_annotation_v1,A,q_커피_03,카페,카페·디저트 중 '커피'를 판매·제공하는 매장,train,커피,T2 동의어,317b1407-0c4a-473e-98cb-af2285412d2e,카페 숲,카페,서부시장상점가(서부시장 통합),전통시장,전북특별자치도,,,
752490d8e0d67db1e536,full_annotation_v1,A,q_커피_03,카페,카페·디저트 중 '커피'를 판매·제공하는 매장,train,커피,T2 동의어,2a439a00-ca24-48da-9367-946618417f10,비쿤즈,카페,명지대앞골목형상점가,골목형상점가,서울특별시,,,
b148217041cf064ec978,full_annotation_v1,A,q_커피_03,카페,카페·디저트 중 '커피'를 판매·제공하는 매장,train,커피,T2 동의어,8f32fd9f-33d1-440f-9ca7-bdf0f89a7602,카페 리가야,카페,원신흥어울림길 골목형상점가,골목형상점가,대전광역시,,,
07f1c05821948f393599,full_annotation_v1,A,q_커피_03,카페,카페·디저트 중 '커피'를 판매·제공하는 매장,train,커피,T2 동의어,ccacce80-7d8e-4cfa-9a59-95553500951c,카페놀다,카페,광흥창골목형상점가,골목형상점가,서울특별시,,,
04981d2a7477697a7920,full_annotation_v1,A,q_커피_03,카페,카페·디저트 중 '커피'를 판매·제공하는 매장,train,커피,T2 동의어,f6fd4b53-a317-44fa-b61c-b8235a16de5c,오리큐,오리,오!도봉거리상점가,자율상권구역,서울특별시,,,
a90dca91957eee6f0d85,full_annotation_v1,A,q_커피_03,카페,카페·디저트 중 '커피'를 판매·제공하는 매장,train,커피,T2 동의어,00045dfc-0681-4fb3-8265-33b3df14c289,한라농산,과일,황지시장상점가,자율상권구역,강원특별자치도,,,
6d5a1aa9296595ecafe8,full_annotation_v1,A,q_커피_03,카페,카페·디저트 중 '커피'를 판매·제공하는 매장,train,커피,T2 동의어,0018e5c7-fa61-469b-8740-8bafdd196f3b,다소니(DASONI),커피 음료,두암사거리 골목형상점가,골목형상점가,광주광역시,,,
15c4ee560af392ebc0be,full_annotation_v1,A,q_커피_03,카페,카페·디저트 중 '커피'를 판매·제공하는 매장,train,커피,T2 동의어,a3de51ae-d04e-4190-be0d-57e7ff0fc419,카페 카멜리아,카페,시흥행궁길골목형상점가,골목형상점가,서울특별시,,,
cb52d77728b3c20fc30c,full_annotation_v1,A,q_커피_03,카페,카페·디저트 중 '커피'를 판매·제공하는 매장,train,커피,T2 동의어,8d38d2aa-76f9-409c-9a13-befbdd004e15,곰손카페,카페,통인시장,전통시장,서울특별시,,,
1dfe7fa1bc5cd087a3cf,full_annotation_v1,A,q_커피_03,카페,카페·디저트 중 '커피'를 판매·제공하는 매장,train,커피,T2 동의어,08442e1a-4163-428d-90b3-3952a5b19330,카페(cafe)0125,카페,완도전통시장(완도5일시장),전통시장,전라남도,,,
29aadd56dc33b6e3e039,full_annotation_v1,A,q_커피_03,카페,카페·디저트 중 '커피'를 판매·제공하는 매장,train,커피,T2 동의어,69da1e57-5e0f-4ff6-84cd-155077ea78df,카페 잇 샌드,카페,담양중앙2번가 골목형상점가,골목형상점가,전라남도,,,
3013124b9ebb6ef2b1f5,full_annotation_v1,A,q_커피_03,카페,카페·디저트 중 '커피'를 판매·제공하는 매장,train,커피,T2 동의어,aa44a821-219c-4dd3-bec7-d1cad53ffc14,제일건강원,건강식품,상주남성시장,전통시장,경상북도,,,
9a1e182cb356419bd0d5,full_annotation_v1,A,q_커피_03,카페,카페·디저트 중 '커피'를 판매·제공하는 매장,train,커피,T2 동의어,34b09895-ebbe-4aa4-9539-8dd761ad643a,더벤티,카페,금구리 골목형상점가,골목형상점가,전북특별자치도,,,
056c347597ed3ce80b01,full_annotation_v1,A,q_커피_03,카페,카페·디저트 중 '커피'를 판매·제공하는 매장,train,커피,T2 동의어,0063671e-77f7-466c-bbc2-223497c0dae4,무가당,카페,세병호 골목형상점가,골목형상점가,전북특별자치도,,,
e98f596ff7824ba67cdb,full_annotation_v1,A,q_커피_03,카페,카페·디저트 중 '커피'를 판매·제공하는 매장,train,커피,T2 동의어,3352d2e2-cfeb-417a-b076-1b1d4a24535e,카페서정적,카페,계림두산위브 골목형상점가,골목형상점가,광주광역시,,,
fca27c0c0dea30243c2c,full_annotation_v1,A,q_커피_03,카페,카페·디저트 중 '커피'를 판매·제공하는 매장,train,커피,T2 동의어,2621f9a5-c792-4a3e-9ef7-7dc53cc4d23d,"카페,사근","커피, 카페",사근살곶이골목형상점가,골목형상점가,서울특별시,,,
c03fe6653cc918069fde,full_annotation_v1,A,q_커피_03,카페,카페·디저트 중 '커피'를 판매·제공하는 매장,train,커피,T2 동의어,44567573-8f6b-4fad-874b-d09323134e10,카페얼티밋,카페,북촌계동길골목형상점가,골목형상점가,서울특별시,,,
3f68d29ad9bd6646d613,full_annotation_v1,A,q_커피_03,카페,카페·디저트 중 '커피'를 판매·제공하는 매장,train,커피,T2 동의어,d456608d-728b-450f-a250-10ae314a0d7a,카페 헤르츠,카페,성남먹자골목,골목형상점가,울산광역시,,,
662d91da951f44200451,full_annotation_v1,A,q_커피_03,카페,카페·디저트 중 '커피'를 판매·제공하는 매장,train,커피,T2 동의어,13ac8eea-3a19-4118-98b0-b5c56187f1b2,청자다방,카페,중랑동부시장,전통시장,서울특별시,,,
9b60dfc6819289c42187,full_annotation_v1,A,q_커피_03,카페,카페·디저트 중 '커피'를 판매·제공하는 매장,train,커피,T2 동의어,37978d28-d708-4812-93bc-08a5f41816d2,보야져스,카페,쌍촌골상인회 골목형상점가,골목형상점가,광주광역시,,,
c1730f28292bd763965c,full_annotation_v1,A,q_커피_03,카페,카페·디저트 중 '커피'를 판매·제공하는 매장,train,커피,T2 동의어,a3cd3b3b-2258-4057-8452-5038a665ce81,세탁의품격,명품의류 명품신발,화삼골상인회 골목형상점가,골목형상점가,광주광역시,,,
3132ec0ca2d4dfdec2a7,full_annotation_v1,A,q_커피_03,카페,카페·디저트 중 '커피'를 판매·제공하는 매장,train,커피,T2 동의어,79e2284e-e369-404a-8b81-ffd912189760,카페 3권역,카페,풍납시장,전통시장,서울특별시,,,
8baeeb4b35c0ab2fc702,full_annotation_v1,A,q_커피_03,카페,카페·디저트 중 '커피'를 판매·제공하는 매장,train,커피,T2 동의어,eb342f74-cce6-4752-b913-4320833236e1,폼폼카페,카페,댕리단길 골목형상점가,골목형상점가,경기도,,,
ee86ab5b814e8428600e,full_annotation_v1,A,q_커피_03,카페,카페·디저트 중 '커피'를 판매·제공하는 매장,train,커피,T2 동의어,35d684b9-ab53-4aab-84cb-c43dac2a6074,구쁨당,카페,송도트리플타워골목형상점가,골목형상점가,인천광역시,,,
52a7e930aa9fbb588a03,full_annotation_v1,A,q_커피_03,카페,카페·디저트 중 '커피'를 판매·제공하는 매장,train,커피,T2 동의어,4602d5d1-ad42-49b0-9eef-948cadd83c79,벧엘상회,"문구, 잡화",해미읍성전통시장,전통시장,충청남도,,,
3474f693c83230e68e91,full_annotation_v1,A,q_커피_03,카페,카페·디저트 중 '커피'를 판매·제공하는 매장,train,커피,T2 동의어,2649267f-3498-4b40-a76d-944cf699ff6d,범피,카페,경리단길 골목형상점가,골목형상점가,서울특별시,,,
f8a8eee55afcebab397a,full_annotation_v1,A,q_커피_03,카페,카페·디저트 중 '커피'를 판매·제공하는 매장,train,커피,T2 동의어,8a3fb8b1-4468-4191-a3f0-bd128719433e,카페 나이아스,카페,청담동골목형상점가,골목형상점가,서울특별시,,,
0a4d7fe5d81b9321312d,full_annotation_v1,A,q_커피_03,카페,카페·디저트 중 '커피'를 판매·제공하는 매장,train,커피,T2 동의어,f8de28a1-9436-4259-9e73-75c49a964753,카페 류우,,용봉지구 골목형상점가,골목형상점가,,,,
ef2194b9693b8a0e661a,full_annotation_v1,A,q_커피_03,카페,카페·디저트 중 '커피'를 판매·제공하는 매장,train,커피,T2 동의어,003e7ebf-1112-4ab4-a484-67716e4b2a85,이든,카페,원주중앙시장활성화구역,상권활성화구역,강원특별자치도,,,
0b14a4d6e377638a00f2,full_annotation_v1,A,q_커피_03,카페,카페·디저트 중 '커피'를 판매·제공하는 매장,train,커피,T2 동의어,a073eb22-e5cd-4c5d-b891-e22d8905b006,유한회사 정금유통,농산물,가락몰골목형상점가,골목형상점가,서울특별시,,,
6ab1dbe7def41594e2a3,full_annotation_v1,A,q_커피_03,카페,카페·디저트 중 '커피'를 판매·제공하는 매장,train,커피,T2 동의어,13b68938-59e6-40d3-82ca-385c52fc41e4,다인 헤어샵,미용,진주 중앙시장,전통시장,경상남도,,,
666176858acd3912b3c5,full_annotation_v1,A,q_커피_03,카페,카페·디저트 중 '커피'를 판매·제공하는 매장,train,커피,T2 동의어,00468e6b-39c6-4ce1-a534-a6b1eecac01d,태양농산물,과일,정릉서경대길골목형상점가(정릉골),골목형상점가,서울특별시,,,
59f7bbefc0ced9e0a594,full_annotation_v1,A,q_커피_03,카페,카페·디저트 중 '커피'를 판매·제공하는 매장,train,커피,T2 동의어,b1c80789-f63f-4d19-89e2-ce63c9601076,카페쏙,카페,월곡달빛오거리골목형상점가,골목형상점가,서울특별시,,,
18246d0ffc09b6d70664,full_annotation_v1,A,q_커피_03,카페,카페·디저트 중 '커피'를 판매·제공하는 매장,train,커피,T2 동의어,55de09f5-9f28-4e8d-a130-bedd385962b8,카페 인,,세지면 골목형상점가,골목형상점가,,,,
7af5762762d5687cf927,full_annotation_v1,A,q_커피_03,카페,카페·디저트 중 '커피'를 판매·제공하는 매장,train,커피,T2 동의어,c2f5ad57-f8df-4340-beef-cc98c74e8c7c,"카페, 작은숲",카페,여주한글시장(여주중앙로상점가),전통시장,경기도,,,
2f7e4c4b04f8e0a39777,full_annotation_v1,A,q_커피_03,카페,카페·디저트 중 '커피'를 판매·제공하는 매장,train,커피,T2 동의어,6e08518c-0e13-4493-8541-2c5c34572560,"카페, 봄날",카페,상공회의소누리상인회 골목형상점가,골목형상점가,광주광역시,,,
cab2b0c65cc514825980,full_annotation_v1,A,q_커피_03,카페,카페·디저트 중 '커피'를 판매·제공하는 매장,train,커피,T2 동의어,ec1fda61-0b16-4768-bbaa-0bf937f38623,카페 테라스,"카페, 디저트",산본로데오거리(구 산본중심상가),자율상권구역,경기도,,,
55bed305881ce55a6868,full_annotation_v1,A,q_커피_03,카페,카페·디저트 중 '커피'를 판매·제공하는 매장,train,커피,T2 동의어,f4abc41c-cf93-4f9b-b262-e3db707dc9be,라빅커피,카페,연신내골목형상점가,골목형상점가,서울특별시,,,
99f368ee49d8c3a9022f,full_annotation_v1,A,q_커피_03,카페,카페·디저트 중 '커피'를 판매·제공하는 매장,train,커피,T2 동의어,752ad6e3-3bd8-40a1-ad9c-418fe73d60b0,괄호,카페,경의숲길서강 골목형상점가,골목형상점가,서울특별시,,,
7b57c00fc6f1beeaaa3c,full_annotation_v1,A,q_커피_03,카페,카페·디저트 중 '커피'를 판매·제공하는 매장,train,커피,T2 동의어,a59b21d1-63a7-4b82-9b56-19019600bc22,감푸디,카페,대전정원시장,전통시장,대전광역시,,,
23931e52a7733a4ea6a1,full_annotation_v1,A,q_커피_03,카페,카페·디저트 중 '커피'를 판매·제공하는 매장,train,커피,T2 동의어,d7e6f07e-425d-488b-bd04-056e26ed4f6c,카페람람,카페,성북천골목형상점가,골목형상점가,서울특별시,,,
fd044e5767a4f4955063,full_annotation_v1,A,q_커피_03,카페,카페·디저트 중 '커피'를 판매·제공하는 매장,train,커피,T2 동의어,4c9383e8-7352-45e3-8913-3452aeb261ba,할로,카페,양평1동어울림골목형상점가,골목형상점가,서울특별시,,,
3334e6b139f4a86c8fdb,full_annotation_v1,A,q_커피_03,카페,카페·디저트 중 '커피'를 판매·제공하는 매장,train,커피,T2 동의어,92c9fa55-f8c3-4148-8daa-5e92712afd36,"카페,매월",카페,서구유통단지상인회 골목형상점가,골목형상점가,광주광역시,,,
95327c3e379e2964637c,full_annotation_v1,A,q_커피_03,카페,카페·디저트 중 '커피'를 판매·제공하는 매장,train,커피,T2 동의어,48430f32-eddc-4711-af14-565111e632b7,카페 티,카페,만년동 골목형상점가,골목형상점가,대전광역시,,,
0973a1f481586f3edcc0,full_annotation_v1,A,q_커피_03,카페,카페·디저트 중 '커피'를 판매·제공하는 매장,train,커피,T2 동의어,006204f3-b214-4611-a434-f896bf75e919,장터사랑,과일,농성세대공감상인회 골목형상점가,골목형상점가,광주광역시,,,
6f1d4c08af53d50a0500,full_annotation_v1,A,q_커피_03,카페,카페·디저트 중 '커피'를 판매·제공하는 매장,train,커피,T2 동의어,8de237b2-907a-40ef-9ef2-ea23232b714e,카페 272,카페,오산오색시장(구 오산중앙시장),전통시장,경기도,,,
c8ed6d9fea8807d981e7,full_annotation_v1,A,q_커피_03,카페,카페·디저트 중 '커피'를 판매·제공하는 매장,train,커피,T2 동의어,4d49ee8e-7ecd-49dc-a898-c0922043b6a6,카페 IN,카페,부여도심 상권활성화구역,상권활성화구역,충청남도,,,
3c758f98d44528946ad6,full_annotation_v1,A,q_커피_03,카페,카페·디저트 중 '커피'를 판매·제공하는 매장,train,커피,T2 동의어,c870353a-71da-4878-8b52-fff987441d03,힐카페,카페,하남시동석바대상점가,자율상권구역,경기도,,,
87be355ebbd959f832f2,full_annotation_v1,A,q_커피_03,카페,카페·디저트 중 '커피'를 판매·제공하는 매장,train,커피,T2 동의어,a5ea943f-1ebb-4111-b25b-9f15d71afedb,카페 지니얼,카페,순헌황귀비길 골목형상점가,골목형상점가,서울특별시,,,
c2c0f19855d275e0bb3f,full_annotation_v1,A,q_커피_03,카페,카페·디저트 중 '커피'를 판매·제공하는 매장,train,커피,T2 동의어,48583d60-479c-470c-88a1-c9c826523b17,그 고깃집,삼겹살,개포동 구마을 골목형상점가,골목형상점가,서울특별시,,,
4bc5393ab2bdfaaf7618,full_annotation_v1,A,q_커피_03,카페,카페·디저트 중 '커피'를 판매·제공하는 매장,train,커피,T2 동의어,002e24d7-e3a9-45fc-aa78-632c2a7899e6,샌디얌,커피,금남로5가 골목형상점가,골목형상점가,광주광역시,,,
b0c8436788e5f978b7b5,full_annotation_v1,A,q_커피_03,카페,카페·디저트 중 '커피'를 판매·제공하는 매장,train,커피,T2 동의어,82aa7d7e-085a-474f-be37-feb253d775ba,카페은경,카페,석소 골목형상점가,골목형상점가,전북특별자치도,,,
abfe9a4ffa8e11a4f261,full_annotation_v1,A,q_커피_03,카페,카페·디저트 중 '커피'를 판매·제공하는 매장,train,커피,T2 동의어,2c27eea1-d81b-47a3-9767-2394141b7c65,선운국밥,국밥,선운별 골목형상점가,골목형상점가,광주광역시,,,
7c8d7d44e50248907990,full_annotation_v1,A,q_커피_03,카페,카페·디저트 중 '커피'를 판매·제공하는 매장,train,커피,T2 동의어,acc8cbee-c22e-4a70-b534-a0acdfc60e25,김밥윤 카페 세종시청점,카페,보람동 골목형상점가,골목형상점가,세종특별자치시,,,
602efc2ece4d6651b27d,full_annotation_v1,A,q_커피_03,카페,카페·디저트 중 '커피'를 판매·제공하는 매장,train,커피,T2 동의어,71034cd7-51de-4cf2-9e06-a3b7ab05aab4,마래당,카페,전주원도심 골목형상점가,골목형상점가,전북특별자치도,,,
1273d64b1df045e8928f,full_annotation_v1,A,q_커피_03,카페,카페·디저트 중 '커피'를 판매·제공하는 매장,train,커피,T2 동의어,7c15760e-9d75-48a6-9e79-d9c8a0145a86,카페톡,카페,노량진만나로골목형상점가,골목형상점가,서울특별시,,,
bcb3e0f96027b4255af7,full_annotation_v1,A,q_커피_03,카페,카페·디저트 중 '커피'를 판매·제공하는 매장,train,커피,T2 동의어,0042e83d-930b-4d1d-a96f-f1a2691256cd,성화상회,과일,대구능금시장,전통시장,대구광역시,,,
003c378d654d5c1b4725,full_annotation_v1,A,q_커피_03,카페,카페·디저트 중 '커피'를 판매·제공하는 매장,train,커피,T2 동의어,5ef663ba-ae01-4672-8d30-17e63b824418,이디야,카페,신사세로수길골목형상점가,골목형상점가,서울특별시,,,
6a347a7d0ddfa885e7ef,full_annotation_v1,A,q_커피_03,카페,카페·디저트 중 '커피'를 판매·제공하는 매장,train,커피,T2 동의어,ae9af7e8-5775-497c-9b99-06ec5089e9c3,풍년상회,채소,곡성기차마을 전통시장,전통시장,전라남도,,,
6cc7668580c48cb3f2fa,full_annotation_v1,A,q_커피_03,카페,카페·디저트 중 '커피'를 판매·제공하는 매장,train,커피,T2 동의어,d13f1ad7-1ec9-4061-939e-4a78b32cc233,원조해장국,한식,도군머리 골목형상점가,골목형상점가,광주광역시,,,
c448dd6b160652ce5bc9,full_annotation_v1,A,q_커피_03,카페,카페·디저트 중 '커피'를 판매·제공하는 매장,train,커피,T2 동의어,398b8e34-93bc-4bad-a088-6ceffa18aee8,윤&담,카페,거창 가조상점가거리,골목형상점가,경상남도,,,
c8013e616d21ca5e722f,full_annotation_v1,A,q_커피_03,카페,카페·디저트 중 '커피'를 판매·제공하는 매장,train,커피,T2 동의어,a893e5c0-444b-4204-99ec-5d9c985bfd3c,노반뚜노,카페,엄사 골목형상점가,골목형상점가,충청남도,,,
bd50c29489f31f29a2e7,full_annotation_v1,A,q_커피_03,카페,카페·디저트 중 '커피'를 판매·제공하는 매장,train,커피,T2 동의어,4378262f-3d46-4165-a1e4-6027f7017b45,카페들랑,카페,정읍샘고을시장,전통시장,전북특별자치도,,,
262644e51c4e9c93c31e,full_annotation_v1,A,q_커피_03,카페,카페·디저트 중 '커피'를 판매·제공하는 매장,train,커피,T2 동의어,9d15cbbb-ab59-4b12-8172-7ecefc07fb7d,로스터리 카페 505,카페,순헌황귀비길 골목형상점가,골목형상점가,서울특별시,,,
72ebf1bf48c31527a291,full_annotation_v1,A,q_커피_03,카페,카페·디저트 중 '커피'를 판매·제공하는 매장,train,커피,T2 동의어,a8065893-8312-48d3-b0d5-95ec80623992,훕,카페,전농로벚꽃상점가,골목형상점가,제주특별자치도,,,
c6791b6950ca3086aac9,full_annotation_v1,A,q_커피_03,카페,카페·디저트 중 '커피'를 판매·제공하는 매장,train,커피,T2 동의어,1d73ee41-ac2d-45dd-960c-686e39be8c1d,카페 하루,,세지면 골목형상점가,골목형상점가,,,,
e260076c2657336ee33b,full_annotation_v1,A,q_커피_03,카페,카페·디저트 중 '커피'를 판매·제공하는 매장,train,커피,T2 동의어,2d7c3318-e581-415b-b4f8-625fec0a2b67,하이아워,카페,서방골 골목형상점가,골목형상점가,광주광역시,,,
ccc3035d56d2ecf23ccb,full_annotation_v1,A,q_커피_03,카페,카페·디저트 중 '커피'를 판매·제공하는 매장,train,커피,T2 동의어,086b8327-9ad9-4eed-8e13-da0eda96a63c,카페 오늘,카페,토지금고시장,전통시장,인천광역시,,,
8ed868006aab1a7252dd,full_annotation_v1,A,q_커피_03,카페,카페·디저트 중 '커피'를 판매·제공하는 매장,train,커피,T2 동의어,00643a05-bc19-4096-bd28-93d17a13a461,스윗앤샷 대전둔산점,커피 및 음료,둔산2동 골목형상점가,골목형상점가,대전광역시,,,
bc1be12511d7c6317ab7,full_annotation_v1,A,q_커피_03,카페,카페·디저트 중 '커피'를 판매·제공하는 매장,train,커피,T2 동의어,0031ddcb-756f-40bf-ae71-0aa29f780139,더벤티상무점,커피,상무로자율상권,상권활성화구역,광주광역시,,,
d0a35e56868fd039e75f,full_annotation_v1,A,q_커피_03,카페,카페·디저트 중 '커피'를 판매·제공하는 매장,train,커피,T2 동의어,3627fc44-ceef-4220-813d-1f89fa87f2aa,하나방침구,소매(이불),여수서시장주변시장,전통시장,전라남도,,,
4de4ae683c713d1aa1e7,full_annotation_v1,A,q_커피_03,카페,카페·디저트 중 '커피'를 판매·제공하는 매장,train,커피,T2 동의어,a9d9062e-8552-4d8c-8d64-97f2f46a5abd,카페 띠에라,카페,동천동 상인회 골목형상점가,골목형상점가,광주광역시,,,
41304cc26a77930de818,full_annotation_v1,A,q_커피_03,카페,카페·디저트 중 '커피'를 판매·제공하는 매장,train,커피,T2 동의어,b948ad13-1eb3-495a-860b-ed48b497e5fd,더 카페,카페,포항죽도농산물시장,전통시장,경상북도,,,
6192cf61716cc7065b25,full_annotation_v1,A,q_커피_03,카페,카페·디저트 중 '커피'를 판매·제공하는 매장,train,커피,T2 동의어,f44c37c9-b976-4b1a-8b12-dea26a8db010,공감,카페,목동로데오골목형상점가,골목형상점가,서울특별시,,,
778eb5269a559060ce9d,full_annotation_v1,A,q_커피_04,카페 가고싶어,카페·디저트 중 '커피'를 판매·제공하는 매장,train,커피,T2 동의어,005cf715-6b17-4116-a663-d9a56b68ff54,비허밍 스터디카페 (진월),스터디카페,서문대로701번길 골목형상점가,골목형상점가,광주광역시,,,
5f44939a757b8ef16310,full_annotation_v1,A,q_커피_04,카페 가고싶어,카페·디저트 중 '커피'를 판매·제공하는 매장,train,커피,T2 동의어,34b09895-ebbe-4aa4-9539-8dd761ad643a,더벤티,카페,금구리 골목형상점가,골목형상점가,전북특별자치도,,,
e4a33720587563a044cb,full_annotation_v1,A,q_커피_04,카페 가고싶어,카페·디저트 중 '커피'를 판매·제공하는 매장,train,커피,T2 동의어,042c7ec2-1a1c-4861-ab7e-232b7a89b83b,커피면회소,카페,대명 오손도손 골목형상점가,골목형상점가,전북특별자치도,,,
a45a36eb6a1e737cd24e,full_annotation_v1,A,q_커피_04,카페 가고싶어,카페·디저트 중 '커피'를 판매·제공하는 매장,train,커피,T2 동의어,69da1e57-5e0f-4ff6-84cd-155077ea78df,카페 잇 샌드,카페,담양중앙2번가 골목형상점가,골목형상점가,전라남도,,,
1f86e2e4ddc2f701f3a3,full_annotation_v1,A,q_커피_04,카페 가고싶어,카페·디저트 중 '커피'를 판매·제공하는 매장,train,커피,T2 동의어,00643a05-bc19-4096-bd28-93d17a13a461,스윗앤샷 대전둔산점,커피 및 음료,둔산2동 골목형상점가,골목형상점가,대전광역시,,,
76f5518ad0b7f3bc3b29,full_annotation_v1,A,q_커피_04,카페 가고싶어,카페·디저트 중 '커피'를 판매·제공하는 매장,train,커피,T2 동의어,8f32fd9f-33d1-440f-9ca7-bdf0f89a7602,카페 리가야,카페,원신흥어울림길 골목형상점가,골목형상점가,대전광역시,,,
6c6a3abd171e97020b89,full_annotation_v1,A,q_커피_04,카페 가고싶어,카페·디저트 중 '커피'를 판매·제공하는 매장,train,커피,T2 동의어,1106c3e8-cbac-4bc2-b2e3-0145d0262770,태백식육점,식육,황지자유시장,전통시장,강원특별자치도,,,
8db8a3aa18c0931db81c,full_annotation_v1,A,q_커피_04,카페 가고싶어,카페·디저트 중 '커피'를 판매·제공하는 매장,train,커피,T2 동의어,76d10e76-7726-4cc3-9d9e-fc74bda328dc,메가박스 pc방,서비스업,운천상무시장 골목형상점가,골목형상점가,광주광역시,,,
8022824ea982377f378d,full_annotation_v1,A,q_커피_04,카페 가고싶어,카페·디저트 중 '커피'를 판매·제공하는 매장,train,커피,T2 동의어,908a9a46-7e46-4a31-befd-79fbeea8e616,한월,카페,전통중앙도매상가,전통시장,대전광역시,,,
50b69e463c388195cb94,full_annotation_v1,A,q_커피_04,카페 가고싶어,카페·디저트 중 '커피'를 판매·제공하는 매장,train,커피,T2 동의어,2ae7bded-ed73-4232-9f6b-165460e5cd04,티오피플라워,꽃,중앙공원상인회 골목형상점가,골목형상점가,광주광역시,,,
28188ef522ece947a7d5,full_annotation_v1,A,q_커피_04,카페 가고싶어,카페·디저트 중 '커피'를 판매·제공하는 매장,train,커피,T2 동의어,011e2df5-6d25-4553-bfc6-cdf779856853,올데이(All day),카페,남구 용대로 골목형상점가,골목형상점가,광주광역시,,,
7c2d506632ed1268029a,full_annotation_v1,A,q_커피_04,카페 가고싶어,카페·디저트 중 '커피'를 판매·제공하는 매장,train,커피,T2 동의어,b1c80789-f63f-4d19-89e2-ce63c9601076,카페쏙,카페,월곡달빛오거리골목형상점가,골목형상점가,서울특별시,,,
40e4743c8fc002923ae1,full_annotation_v1,A,q_커피_04,카페 가고싶어,카페·디저트 중 '커피'를 판매·제공하는 매장,train,커피,T2 동의어,ab4dbc37-a7af-4f52-9307-35bf84f87450,이디야,카페,종암북바위길골목형상점가,골목형상점가,서울특별시,,,
39ce5252accb2349d266,full_annotation_v1,A,q_커피_04,카페 가고싶어,카페·디저트 중 '커피'를 판매·제공하는 매장,train,커피,T2 동의어,f8de28a1-9436-4259-9e73-75c49a964753,카페 류우,,용봉지구 골목형상점가,골목형상점가,,,,
a62cee1f4a6c9ddd48ce,full_annotation_v1,A,q_커피_04,카페 가고싶어,카페·디저트 중 '커피'를 판매·제공하는 매장,train,커피,T2 동의어,0031ddcb-756f-40bf-ae71-0aa29f780139,더벤티상무점,커피,상무로자율상권,상권활성화구역,광주광역시,,,
335ebf07e4673ab7f6a9,full_annotation_v1,A,q_커피_04,카페 가고싶어,카페·디저트 중 '커피'를 판매·제공하는 매장,train,커피,T2 동의어,752ad6e3-3bd8-40a1-ad9c-418fe73d60b0,괄호,카페,경의숲길서강 골목형상점가,골목형상점가,서울특별시,,,
227229b2580b3f51c70b,full_annotation_v1,A,q_커피_04,카페 가고싶어,카페·디저트 중 '커피'를 판매·제공하는 매장,train,커피,T2 동의어,e8d71812-a078-4cce-8177-51387181bef4,카페 찐쥬스,카페,역전지하상가,일반지하상점가,대전광역시,,,
d68c07edfc2ac39707f7,full_annotation_v1,A,q_커피_04,카페 가고싶어,카페·디저트 중 '커피'를 판매·제공하는 매장,train,커피,T2 동의어,006204f3-b214-4611-a434-f896bf75e919,장터사랑,과일,농성세대공감상인회 골목형상점가,골목형상점가,광주광역시,,,
e95838fc8bc69ba5eecb,full_annotation_v1,A,q_커피_04,카페 가고싶어,카페·디저트 중 '커피'를 판매·제공하는 매장,train,커피,T2 동의어,2b89e4fa-b55a-4110-913a-37d1f5783a19,화채업자,카페,봉선1로 골목형상점가,골목형상점가,광주광역시,,,
46b0d0e76c73446761b9,full_annotation_v1,A,q_커피_04,카페 가고싶어,카페·디저트 중 '커피'를 판매·제공하는 매장,train,커피,T2 동의어,8de237b2-907a-40ef-9ef2-ea23232b714e,카페 272,카페,오산오색시장(구 오산중앙시장),전통시장,경기도,,,
79f214ecd946e0109c2e,full_annotation_v1,A,q_커피_04,카페 가고싶어,카페·디저트 중 '커피'를 판매·제공하는 매장,train,커피,T2 동의어,a520cf50-5897-4774-84bb-57052c8fe074,피치에스테틱,,상무원마륵상인회 골목형상점가,골목형상점가,광주광역시,,,
f4abdcbb3bcdad816814,full_annotation_v1,A,q_커피_04,카페 가고싶어,카페·디저트 중 '커피'를 판매·제공하는 매장,train,커피,T2 동의어,b948ad13-1eb3-495a-860b-ed48b497e5fd,더 카페,카페,포항죽도농산물시장,전통시장,경상북도,,,
88bab871ffb0f90d6350,full_annotation_v1,A,q_커피_04,카페 가고싶어,카페·디저트 중 '커피'를 판매·제공하는 매장,train,커피,T2 동의어,0042e83d-930b-4d1d-a96f-f1a2691256cd,성화상회,과일,대구능금시장,전통시장,대구광역시,,,
f498213fcbd2e751c713,full_annotation_v1,A,q_커피_04,카페 가고싶어,카페·디저트 중 '커피'를 판매·제공하는 매장,train,커피,T2 동의어,acc8cbee-c22e-4a70-b534-a0acdfc60e25,김밥윤 카페 세종시청점,카페,보람동 골목형상점가,골목형상점가,세종특별자치시,,,
d25845ea35f35cdb75c3,full_annotation_v1,A,q_커피_04,카페 가고싶어,카페·디저트 중 '커피'를 판매·제공하는 매장,train,커피,T2 동의어,9d15cbbb-ab59-4b12-8172-7ecefc07fb7d,로스터리 카페 505,카페,순헌황귀비길 골목형상점가,골목형상점가,서울특별시,,,
6262656a1956e29c4e09,full_annotation_v1,A,q_커피_04,카페 가고싶어,카페·디저트 중 '커피'를 판매·제공하는 매장,train,커피,T2 동의어,086b8327-9ad9-4eed-8e13-da0eda96a63c,카페 오늘,카페,토지금고시장,전통시장,인천광역시,,,
306ad50807c50f9ff8a6,full_annotation_v1,A,q_커피_04,카페 가고싶어,카페·디저트 중 '커피'를 판매·제공하는 매장,train,커피,T2 동의어,2649267f-3498-4b40-a76d-944cf699ff6d,범피,카페,경리단길 골목형상점가,골목형상점가,서울특별시,,,
251bc6091f3abf9c8b4d,full_annotation_v1,A,q_커피_04,카페 가고싶어,카페·디저트 중 '커피'를 판매·제공하는 매장,train,커피,T2 동의어,c2f5ad57-f8df-4340-beef-cc98c74e8c7c,"카페, 작은숲",카페,여주한글시장(여주중앙로상점가),전통시장,경기도,,,
789421ba9e7e8bd96ed7,full_annotation_v1,A,q_커피_04,카페 가고싶어,카페·디저트 중 '커피'를 판매·제공하는 매장,train,커피,T2 동의어,00b6de61-2c2e-4164-aee6-c011f81aec20,파리바게뜨 세종반곡,"베이커리, 케이크, 음료, 커피",반곡동행복 골목형상점가,골목형상점가,세종특별자치시,,,
1162481f33d0ec200493,full_annotation_v1,A,q_커피_04,카페 가고싶어,카페·디저트 중 '커피'를 판매·제공하는 매장,train,커피,T2 동의어,a6577f42-97bb-4ebc-9068-b1b07635b5ac,수강상회,"생선류, 건어물, 식잡",문경중앙시장,전통시장,경상북도,,,
0a01f8f0aa166387658c,full_annotation_v1,A,q_커피_04,카페 가고싶어,카페·디저트 중 '커피'를 판매·제공하는 매장,train,커피,T2 동의어,a59b21d1-63a7-4b82-9b56-19019600bc22,감푸디,카페,대전정원시장,전통시장,대전광역시,,,
7f1b723c523af1ef6aeb,full_annotation_v1,A,q_커피_04,카페 가고싶어,카페·디저트 중 '커피'를 판매·제공하는 매장,train,커피,T2 동의어,71af8a29-8a96-43f5-b0d4-bd4fc91ad096,카페 칸식스,카페,원종중앙시장,전통시장,경기도,,,
b8be60b85646cb9be971,full_annotation_v1,A,q_커피_04,카페 가고싶어,카페·디저트 중 '커피'를 판매·제공하는 매장,train,커피,T2 동의어,4378262f-3d46-4165-a1e4-6027f7017b45,카페들랑,카페,정읍샘고을시장,전통시장,전북특별자치도,,,
9453c52fe6d2bee2f0e5,full_annotation_v1,A,q_커피_04,카페 가고싶어,카페·디저트 중 '커피'를 판매·제공하는 매장,train,커피,T2 동의어,a5ea943f-1ebb-4111-b25b-9f15d71afedb,카페 지니얼,카페,순헌황귀비길 골목형상점가,골목형상점가,서울특별시,,,
2b2f66be7ca574fb36b3,full_annotation_v1,A,q_커피_04,카페 가고싶어,카페·디저트 중 '커피'를 판매·제공하는 매장,train,커피,T2 동의어,371f032e-2c79-4371-be73-c9a175bdbb88,워니헤어,미용실,충효상점가,자율상권구역,경상북도,,,
6e6cdbdf6f6ccd23146a,full_annotation_v1,A,q_커피_04,카페 가고싶어,카페·디저트 중 '커피'를 판매·제공하는 매장,train,커피,T2 동의어,003d7e3f-6459-4018-ac58-7184cd2457d5,눈치 금호점,카페,금호1동상가번영회 골목형상점가,골목형상점가,광주광역시,,,
3dc0cf26f5420e2c159e,full_annotation_v1,A,q_커피_04,카페 가고싶어,카페·디저트 중 '커피'를 판매·제공하는 매장,train,커피,T2 동의어,5f0bac88-0df8-4e7f-96ba-1f26c1be66d3,카페 깔롱,카페,의성중앙상점가(의성읍중앙길상가거리),자율상권구역,경상북도,,,
3147fdda9f61dee6cf07,full_annotation_v1,A,q_커피_04,카페 가고싶어,카페·디저트 중 '커피'를 판매·제공하는 매장,train,커피,T2 동의어,04458e29-4633-4d8c-9f18-4fc79189274c,띠아모,의류,상무역4번출구상인회 골목형상점가,골목형상점가,광주광역시,,,
c3f3a46a8cbdd51bdf28,full_annotation_v1,A,q_커피_04,카페 가고싶어,카페·디저트 중 '커피'를 판매·제공하는 매장,train,커피,T2 동의어,5ef663ba-ae01-4672-8d30-17e63b824418,이디야,카페,신사세로수길골목형상점가,골목형상점가,서울특별시,,,
fe983a4b3ade4abe0da6,full_annotation_v1,A,q_커피_04,카페 가고싶어,카페·디저트 중 '커피'를 판매·제공하는 매장,train,커피,T2 동의어,8a3fb8b1-4468-4191-a3f0-bd128719433e,카페 나이아스,카페,청담동골목형상점가,골목형상점가,서울특별시,,,
1ff05533fe95e60a10d0,full_annotation_v1,A,q_커피_04,카페 가고싶어,카페·디저트 중 '커피'를 판매·제공하는 매장,train,커피,T2 동의어,0063671e-77f7-466c-bbc2-223497c0dae4,무가당,카페,세병호 골목형상점가,골목형상점가,전북특별자치도,,,
13a038141924674fc92e,full_annotation_v1,A,q_커피_04,카페 가고싶어,카페·디저트 중 '커피'를 판매·제공하는 매장,train,커피,T2 동의어,317b1407-0c4a-473e-98cb-af2285412d2e,카페 숲,카페,서부시장상점가(서부시장 통합),전통시장,전북특별자치도,,,
26a83dbd49f64582fafa,full_annotation_v1,A,q_커피_04,카페 가고싶어,카페·디저트 중 '커피'를 판매·제공하는 매장,train,커피,T2 동의어,72669e09-e316-4753-b7de-ccaa751a2024,카페 하타,,다정한 가온마을 골목형상점가,골목형상점가,세종특별자치시,,,
e2632098602141e5c01d,full_annotation_v1,A,q_커피_04,카페 가고싶어,카페·디저트 중 '커피'를 판매·제공하는 매장,train,커피,T2 동의어,ba6ffc35-a0eb-448b-825f-2a845d9143db,모이 카페,카페,개롱골장군거리 골목형상점가,골목형상점가,서울특별시,,,
8b69fe5947f0f08e1c6a,full_annotation_v1,A,q_커피_04,카페 가고싶어,카페·디저트 중 '커피'를 판매·제공하는 매장,train,커피,T2 동의어,c870353a-71da-4878-8b52-fff987441d03,힐카페,카페,하남시동석바대상점가,자율상권구역,경기도,,,
4e332bbefc5a83330633,full_annotation_v1,A,q_커피_04,카페 가고싶어,카페·디저트 중 '커피'를 판매·제공하는 매장,train,커피,T2 동의어,000814be-1ad1-4f62-87e7-0e02af595e2f,사사,"샌드위치, 케이크, 커피",나릿재 골목형상점가,골목형상점가,세종특별자치시,,,
4dcda30093ba97c8670e,full_annotation_v1,A,q_커피_04,카페 가고싶어,카페·디저트 중 '커피'를 판매·제공하는 매장,train,커피,T2 동의어,a9d9062e-8552-4d8c-8d64-97f2f46a5abd,카페 띠에라,카페,동천동 상인회 골목형상점가,골목형상점가,광주광역시,,,
2c87b55b389c1ddfd805,full_annotation_v1,A,q_커피_04,카페 가고싶어,카페·디저트 중 '커피'를 판매·제공하는 매장,train,커피,T2 동의어,92c9fa55-f8c3-4148-8daa-5e92712afd36,"카페,매월",카페,서구유통단지상인회 골목형상점가,골목형상점가,광주광역시,,,
78ae4ffac50f92618f84,full_annotation_v1,A,q_커피_04,카페 가고싶어,카페·디저트 중 '커피'를 판매·제공하는 매장,train,커피,T2 동의어,506788e5-b1e3-481d-bd3e-fa83515c50a2,농산상회,한약재,울진시장(울진바지게시장),전통시장,경상북도,,,
b9bb6ea880ae2b815b3d,full_annotation_v1,A,q_커피_04,카페 가고싶어,카페·디저트 중 '커피'를 판매·제공하는 매장,train,커피,T2 동의어,eabb00d2-4105-4651-a280-fab5b15c938d,카페 높다,카페,오정 어린이공원 골목형상점가,골목형상점가,광주광역시,,,
3936d64ecd3118295a77,full_annotation_v1,A,q_커피_04,카페 가고싶어,카페·디저트 중 '커피'를 판매·제공하는 매장,train,커피,T2 동의어,003e7ebf-1112-4ab4-a484-67716e4b2a85,이든,카페,원주중앙시장활성화구역,상권활성화구역,강원특별자치도,,,
48b2d71a426c28489190,full_annotation_v1,A,q_커피_04,카페 가고싶어,카페·디저트 중 '커피'를 판매·제공하는 매장,train,커피,T2 동의어,3352d2e2-cfeb-417a-b076-1b1d4a24535e,카페서정적,카페,계림두산위브 골목형상점가,골목형상점가,광주광역시,,,
1d532c0c90b982101630,full_annotation_v1,A,q_커피_04,카페 가고싶어,카페·디저트 중 '커피'를 판매·제공하는 매장,train,커피,T2 동의어,dd3dcbdd-0a32-43ce-b20b-61f59b0efda2,더누문,카페,금남로5가 골목형상점가,골목형상점가,광주광역시,,,
abf99a518cccd3b635ef,full_annotation_v1,A,q_커피_04,카페 가고싶어,카페·디저트 중 '커피'를 판매·제공하는 매장,train,커피,T2 동의어,2604a41c-f63a-487d-818b-c41ea539e74d,카페 드뉴(Denu),카페,광흥창골목형상점가,골목형상점가,서울특별시,,,
feddb69a54f88cc8cbc6,full_annotation_v1,A,q_커피_04,카페 가고싶어,카페·디저트 중 '커피'를 판매·제공하는 매장,train,커피,T2 동의어,1d73ee41-ac2d-45dd-960c-686e39be8c1d,카페 하루,,세지면 골목형상점가,골목형상점가,,,,
2ac88976f8ad3a5777a0,full_annotation_v1,A,q_커피_04,카페 가고싶어,카페·디저트 중 '커피'를 판매·제공하는 매장,train,커피,T2 동의어,5d44e5bd-a4f0-4d49-ba0e-281775f723c1,카페 마실라,카페,주안시민지하도상점가,일반지하상점가,인천광역시,,,
5a1f231d7605ded2644e,full_annotation_v1,A,q_커피_04,카페 가고싶어,카페·디저트 중 '커피'를 판매·제공하는 매장,train,커피,T2 동의어,55de09f5-9f28-4e8d-a130-bedd385962b8,카페 인,,세지면 골목형상점가,골목형상점가,,,,
eda2e14501f6ef67e4c4,full_annotation_v1,A,q_커피_04,카페 가고싶어,카페·디저트 중 '커피'를 판매·제공하는 매장,train,커피,T2 동의어,a3de51ae-d04e-4190-be0d-57e7ff0fc419,카페 카멜리아,카페,시흥행궁길골목형상점가,골목형상점가,서울특별시,,,
c6bcbabfaf38aaa05101,full_annotation_v1,A,q_커피_04,카페 가고싶어,카페·디저트 중 '커피'를 판매·제공하는 매장,train,커피,T2 동의어,eb342f74-cce6-4752-b913-4320833236e1,폼폼카페,카페,댕리단길 골목형상점가,골목형상점가,경기도,,,
7459a63aca3da4f1777b,full_annotation_v1,A,q_커피_04,카페 가고싶어,카페·디저트 중 '커피'를 판매·제공하는 매장,train,커피,T2 동의어,ccacce80-7d8e-4cfa-9a59-95553500951c,카페놀다,카페,광흥창골목형상점가,골목형상점가,서울특별시,,,
36a7e8a960c5300ed617,full_annotation_v1,A,q_커피_04,카페 가고싶어,카페·디저트 중 '커피'를 판매·제공하는 매장,train,커피,T2 동의어,4d79d4b5-53fc-447a-a1df-6f183e521b33,면목그릇마트,그릇,사가정시장,전통시장,서울특별시,,,
fca13738f4bbc165ac24,full_annotation_v1,A,q_커피_04,카페 가고싶어,카페·디저트 중 '커피'를 판매·제공하는 매장,train,커피,T2 동의어,7c15760e-9d75-48a6-9e79-d9c8a0145a86,카페톡,카페,노량진만나로골목형상점가,골목형상점가,서울특별시,,,
bcfa83b97f8a80577627,full_annotation_v1,A,q_커피_04,카페 가고싶어,카페·디저트 중 '커피'를 판매·제공하는 매장,train,커피,T2 동의어,35d684b9-ab53-4aab-84cb-c43dac2a6074,구쁨당,카페,송도트리플타워골목형상점가,골목형상점가,인천광역시,,,
d9a397f750320e8abd17,full_annotation_v1,A,q_커피_04,카페 가고싶어,카페·디저트 중 '커피'를 판매·제공하는 매장,train,커피,T2 동의어,13ac8eea-3a19-4118-98b0-b5c56187f1b2,청자다방,카페,중랑동부시장,전통시장,서울특별시,,,
86446111aa688f411d89,full_annotation_v1,A,q_커피_04,카페 가고싶어,카페·디저트 중 '커피'를 판매·제공하는 매장,train,커피,T2 동의어,0b96b509-2cdd-4638-bc4c-a632182c1285,카페 봄날,,송하동 골목형상점가,골목형상점가,광주광역시,,,
6cf5f894e824761f8daa,full_annotation_v1,A,q_커피_04,카페 가고싶어,카페·디저트 중 '커피'를 판매·제공하는 매장,train,커피,T2 동의어,8d38d2aa-76f9-409c-9a13-befbdd004e15,곰손카페,카페,통인시장,전통시장,서울특별시,,,
91339937df99ce5ce75d,full_annotation_v1,A,q_커피_04,카페 가고싶어,카페·디저트 중 '커피'를 판매·제공하는 매장,train,커피,T2 동의어,48430f32-eddc-4711-af14-565111e632b7,카페 티,카페,만년동 골목형상점가,골목형상점가,대전광역시,,,
aedd6d66d0f4491d2b8f,full_annotation_v1,A,q_커피_04,카페 가고싶어,카페·디저트 중 '커피'를 판매·제공하는 매장,train,커피,T2 동의어,002e24d7-e3a9-45fc-aa78-632c2a7899e6,샌디얌,커피,금남로5가 골목형상점가,골목형상점가,광주광역시,,,
750d2f9480cef7ab4387,full_annotation_v1,A,q_커피_04,카페 가고싶어,카페·디저트 중 '커피'를 판매·제공하는 매장,train,커피,T2 동의어,2d7c3318-e581-415b-b4f8-625fec0a2b67,하이아워,카페,서방골 골목형상점가,골목형상점가,광주광역시,,,
c0da99e3935071a1baf5,full_annotation_v1,A,q_커피_04,카페 가고싶어,카페·디저트 중 '커피'를 판매·제공하는 매장,train,커피,T2 동의어,b15d2f1d-757a-487f-a946-be370475f0c1,카페 점보코코,카페,휴먼시아 3단지 골목형상점가,골목형상점가,울산광역시,,,
d7593c8d29f571a6993c,full_annotation_v1,A,q_커피_04,카페 가고싶어,카페·디저트 중 '커피'를 판매·제공하는 매장,train,커피,T2 동의어,f4abc41c-cf93-4f9b-b262-e3db707dc9be,라빅커피,카페,연신내골목형상점가,골목형상점가,서울특별시,,,
a075da2fa926e235e832,full_annotation_v1,A,q_커피_04,카페 가고싶어,카페·디저트 중 '커피'를 판매·제공하는 매장,train,커피,T2 동의어,d456608d-728b-450f-a250-10ae314a0d7a,카페 헤르츠,카페,성남먹자골목,골목형상점가,울산광역시,,,
47768e467e7b0e80a533,full_annotation_v1,A,q_커피_04,카페 가고싶어,카페·디저트 중 '커피'를 판매·제공하는 매장,train,커피,T2 동의어,2a439a00-ca24-48da-9367-946618417f10,비쿤즈,카페,명지대앞골목형상점가,골목형상점가,서울특별시,,,
1d27b7f638d3939988ac,full_annotation_v1,A,q_커피_04,카페 가고싶어,카페·디저트 중 '커피'를 판매·제공하는 매장,train,커피,T2 동의어,a893e5c0-444b-4204-99ec-5d9c985bfd3c,노반뚜노,카페,엄사 골목형상점가,골목형상점가,충청남도,,,
c4c2f53ba0e5ab45295d,full_annotation_v1,A,q_커피_04,카페 가고싶어,카페·디저트 중 '커피'를 판매·제공하는 매장,train,커피,T2 동의어,5ec44ea0-6a16-44f5-8d75-d19e0c126210,코커피,카페,전주서곡 골목형상점가,골목형상점가,전북특별자치도,,,
9bf086a740934341b605,full_annotation_v1,A,q_커피_04,카페 가고싶어,카페·디저트 중 '커피'를 판매·제공하는 매장,train,커피,T2 동의어,8628389e-fec1-4e5f-a96d-47f52675502c,"카페,그날","음료, 카페",북평민속시장(북평민속5일장),전통시장,강원특별자치도,,,
e2fb70376df75e7e06b2,full_annotation_v1,A,q_커피_04,카페 가고싶어,카페·디저트 중 '커피'를 판매·제공하는 매장,train,커피,T2 동의어,784eb709-17c5-4e30-83de-a109aca3b6a7,집밥처럼,한식,신흥로데오거리상점가,골목형상점가,경기도,,,
856eb332bddaa6e782a8,full_annotation_v1,A,q_커피_04,카페 가고싶어,카페·디저트 중 '커피'를 판매·제공하는 매장,train,커피,T2 동의어,5fb1e8f1-2c72-4e39-9173-24489785cc2f,짙은,카페,순천문화의거리 금꽃예술촌,자율상권구역,전라남도,,,
de5483fc7c82bba5563a,full_annotation_v1,A,q_커피_04,카페 가고싶어,카페·디저트 중 '커피'를 판매·제공하는 매장,train,커피,T2 동의어,ec1fda61-0b16-4768-bbaa-0bf937f38623,카페 테라스,"카페, 디저트",산본로데오거리(구 산본중심상가),자율상권구역,경기도,,,
db0ee34f23ff07d5a459,full_annotation_v1,A,q_커피_04,카페 가고싶어,카페·디저트 중 '커피'를 판매·제공하는 매장,train,커피,T2 동의어,f34d943e-9ce3-4343-806a-3d37022f0f42,바삭튀김,분식,목포청호시장,전통시장,,,,
c7134dfb9f73b55b1060,full_annotation_v1,A,q_커피_04,카페 가고싶어,카페·디저트 중 '커피'를 판매·제공하는 매장,train,커피,T2 동의어,82aa7d7e-085a-474f-be37-feb253d775ba,카페은경,카페,석소 골목형상점가,골목형상점가,전북특별자치도,,,
4ee25a4b60ffa1f26632,full_annotation_v1,A,q_커피_04,카페 가고싶어,카페·디저트 중 '커피'를 판매·제공하는 매장,train,커피,T2 동의어,e804dba8-26fd-413a-9f2d-4ea873dc979b,무안요갤러리 카페,카페,예술의거리 골목형상점가,골목형상점가,광주광역시,,,
93cf2ce8316719a13aae,full_annotation_v1,A,q_커피_04,카페 가고싶어,카페·디저트 중 '커피'를 판매·제공하는 매장,train,커피,T2 동의어,2621f9a5-c792-4a3e-9ef7-7dc53cc4d23d,"카페,사근","커피, 카페",사근살곶이골목형상점가,골목형상점가,서울특별시,,,
62dede844bd3229ac5a3,full_annotation_v1,A,q_커피_04,카페 가고싶어,카페·디저트 중 '커피'를 판매·제공하는 매장,train,커피,T2 동의어,d23617aa-29a3-4989-8aec-225dceed28e8,"좋아라, 카페",카페,한글거리 상점가상인회,자율상권구역,세종특별자치시,,,
8286c42fb5d447e4ed42,full_annotation_v1,A,q_커피_04,카페 가고싶어,카페·디저트 중 '커피'를 판매·제공하는 매장,train,커피,T2 동의어,db903978-1412-44fa-b7b0-64ab95329f1a,카페 스테어스,카페,동부시장 백구단길 골목형상점가,골목형상점가,서울특별시,,,
952941756fe4cc43bacd,full_annotation_v1,A,q_커피_04,카페 가고싶어,카페·디저트 중 '커피'를 판매·제공하는 매장,train,커피,T2 동의어,b0e13527-920f-4953-8ff2-e7bfea96787e,(유)늘봄식품,농산물,가락몰골목형상점가,골목형상점가,서울특별시,,,
e9ff8160e21e368375e8,full_annotation_v1,A,q_커피_04,카페 가고싶어,카페·디저트 중 '커피'를 판매·제공하는 매장,train,커피,T2 동의어,f8dbe46a-9b1e-4447-818d-9635ab36bbc6,카페,커피,문산초 골목형상점가,골목형상점가,광주광역시,,,
23c4f92b911aed64db08,full_annotation_v1,A,q_커피_04,카페 가고싶어,카페·디저트 중 '커피'를 판매·제공하는 매장,train,커피,T2 동의어,398b8e34-93bc-4bad-a088-6ceffa18aee8,윤&담,카페,거창 가조상점가거리,골목형상점가,경상남도,,,
d654434f792c0551e7e7,full_annotation_v1,A,q_커피_04,카페 가고싶어,카페·디저트 중 '커피'를 판매·제공하는 매장,train,커피,T2 동의어,71034cd7-51de-4cf2-9e06-a3b7ab05aab4,마래당,카페,전주원도심 골목형상점가,골목형상점가,전북특별자치도,,,
e8a7c5834b0af193acb1,full_annotation_v1,A,q_커피_04,카페 가고싶어,카페·디저트 중 '커피'를 판매·제공하는 매장,train,커피,T2 동의어,3cd29a7a-3a39-4073-94a6-8f961c8ef7f0,창성상회,곡물,동문공설시장,전통시장,제주특별자치도,,,
bdd4d0094fbfd0683ae0,full_annotation_v1,A,q_커피_04,카페 가고싶어,카페·디저트 중 '커피'를 판매·제공하는 매장,train,커피,T2 동의어,0018e5c7-fa61-469b-8740-8bafdd196f3b,다소니(DASONI),커피 음료,두암사거리 골목형상점가,골목형상점가,광주광역시,,,
13b99a8bef90874db371,full_annotation_v1,A,q_커피_04,카페 가고싶어,카페·디저트 중 '커피'를 판매·제공하는 매장,train,커피,T2 동의어,001a6b2a-e054-43e1-8e39-3e141a806e7e,마시오커피,커피,대인동예술담길 골목형상점가,골목형상점가,광주광역시,,,
369c8e369989873d98f4,full_annotation_v1,A,q_커피_04,카페 가고싶어,카페·디저트 중 '커피'를 판매·제공하는 매장,train,커피,T2 동의어,44567573-8f6b-4fad-874b-d09323134e10,카페얼티밋,카페,북촌계동길골목형상점가,골목형상점가,서울특별시,,,
e090bb79ae58bbcc54e7,full_annotation_v1,A,q_커피_04,카페 가고싶어,카페·디저트 중 '커피'를 판매·제공하는 매장,train,커피,T2 동의어,00333be0-b70d-4197-aa97-5a277d61e0da,㈜신진후르츠,과일,부전농수산물새벽시장,전통시장,부산광역시,,,
b17af08159035262a885,full_annotation_v1,A,q_커피_04,카페 가고싶어,카페·디저트 중 '커피'를 판매·제공하는 매장,train,커피,T2 동의어,0038b8f8-2bc5-4e28-b122-22a93a38b3b0,컴포즈커피,커피 음료,용흥시장,전통시장,경상북도,,,
64ff22667a9c1512d4cc,full_annotation_v1,A,q_커피_04,카페 가고싶어,카페·디저트 중 '커피'를 판매·제공하는 매장,train,커피,T2 동의어,37978d28-d708-4812-93bc-08a5f41816d2,보야져스,카페,쌍촌골상인회 골목형상점가,골목형상점가,광주광역시,,,
90765db7bd99e6256fd1,full_annotation_v1,A,q_커피_04,카페 가고싶어,카페·디저트 중 '커피'를 판매·제공하는 매장,train,커피,T2 동의어,008450bd-f343-47b8-bb6a-826291c52d8f,아이러브클린,준공청소 일반청소 에어컨청소 카페트청소 사무실및 상가청소 바닥청소,금당산길상인회 골목형상점가,골목형상점가,광주광역시,,,
fe6e453292a1164c8005,full_annotation_v1,A,q_커피_04,카페 가고싶어,카페·디저트 중 '커피'를 판매·제공하는 매장,train,커피,T2 동의어,14a9be3d-114c-447d-a580-587aa2813371,신성,속옷,금남지하도상가 1공구,일반지하상점가,광주광역시,,,
fd15a20d00490d07f316,full_annotation_v1,A,q_커피_04,카페 가고싶어,카페·디저트 중 '커피'를 판매·제공하는 매장,train,커피,T2 동의어,d7e6f07e-425d-488b-bd04-056e26ed4f6c,카페람람,카페,성북천골목형상점가,골목형상점가,서울특별시,,,
a95cd62cef8c14ee81b3,full_annotation_v1,A,q_커피_04,카페 가고싶어,카페·디저트 중 '커피'를 판매·제공하는 매장,train,커피,T2 동의어,1aa386d3-8379-44ef-8fdb-0fe1c98aa912,쿠자쿠,카페,광주고인근 골목형상점가,골목형상점가,광주광역시,,,
65ac742578682f8d8a58,full_annotation_v1,A,q_커피_04,카페 가고싶어,카페·디저트 중 '커피'를 판매·제공하는 매장,train,커피,T2 동의어,4f3dff63-d322-453e-bf94-c4309e7cf03d,쿄이,카페,연남동골목형상점가,골목형상점가,서울특별시,,,
c0f4db282078c9027400,full_annotation_v1,A,q_커피_04,카페 가고싶어,카페·디저트 중 '커피'를 판매·제공하는 매장,train,커피,T2 동의어,9cd9e4be-0478-432c-9265-43f841f8f5cb,티각태각계양점,부각,계산시장,전통시장,인천광역시,,,
32737302b1f9eda8c87e,full_annotation_v1,A,q_커피_04,카페 가고싶어,카페·디저트 중 '커피'를 판매·제공하는 매장,train,커피,T2 동의어,4d49ee8e-7ecd-49dc-a898-c0922043b6a6,카페 IN,카페,부여도심 상권활성화구역,상권활성화구역,충청남도,,,
8d448449b1abe2e8f9d6,full_annotation_v1,A,q_커피_04,카페 가고싶어,카페·디저트 중 '커피'를 판매·제공하는 매장,train,커피,T2 동의어,00d3ef33-13db-4750-93a0-4b31010fcb70,온유베이크,카페,스타타워1 골목형상점가,골목형상점가,인천광역시,,,
6afc735e92c4c2886ca3,full_annotation_v1,A,q_커피_04,카페 가고싶어,카페·디저트 중 '커피'를 판매·제공하는 매장,train,커피,T2 동의어,eda5a34a-554a-4a76-88d9-a5e71527bfc1,진경한복,한복,강릉중앙시장,전통시장,강원특별자치도,,,
6880a6ec05026f2abe38,full_annotation_v1,A,q_커피_04,카페 가고싶어,카페·디저트 중 '커피'를 판매·제공하는 매장,train,커피,T2 동의어,4705259f-33d4-4867-800b-f5b8b5c0ec0d,카페 로마,카페,배밭골골목형상점가,골목형상점가,서울특별시,,,
65cf82c1f94a1d8fdfdb,full_annotation_v1,A,q_커피_04,카페 가고싶어,카페·디저트 중 '커피'를 판매·제공하는 매장,train,커피,T2 동의어,f44c37c9-b976-4b1a-8b12-dea26a8db010,공감,카페,목동로데오골목형상점가,골목형상점가,서울특별시,,,
8c7cf533531da45651fe,full_annotation_v1,A,q_커피_04,카페 가고싶어,카페·디저트 중 '커피'를 판매·제공하는 매장,train,커피,T2 동의어,00045dfc-0681-4fb3-8265-33b3df14c289,한라농산,과일,황지시장상점가,자율상권구역,강원특별자치도,,,
8a8c84d358445641d6ed,full_annotation_v1,A,q_커피_04,카페 가고싶어,카페·디저트 중 '커피'를 판매·제공하는 매장,train,커피,T2 동의어,0017b31e-27bf-4395-a7b2-ad9bc8554d97,컴포즈커피 충주호암한신더휴점,"커피, 음료",호암사천개로골목형상점가,골목형상점가,충청북도,,,
21b18bc2449b1159508d,full_annotation_v1,A,q_커피_04,카페 가고싶어,카페·디저트 중 '커피'를 판매·제공하는 매장,train,커피,T2 동의어,4c9383e8-7352-45e3-8913-3452aeb261ba,할로,카페,양평1동어울림골목형상점가,골목형상점가,서울특별시,,,
9fbbdf8473407186a59c,full_annotation_v1,A,q_커피_04,카페 가고싶어,카페·디저트 중 '커피'를 판매·제공하는 매장,train,커피,T2 동의어,6e08518c-0e13-4493-8541-2c5c34572560,"카페, 봄날",카페,상공회의소누리상인회 골목형상점가,골목형상점가,광주광역시,,,
157a330ebe98b35c757a,full_annotation_v1,A,q_커피_04,카페 가고싶어,카페·디저트 중 '커피'를 판매·제공하는 매장,train,커피,T2 동의어,00468e6b-39c6-4ce1-a534-a6b1eecac01d,태양농산물,과일,정릉서경대길골목형상점가(정릉골),골목형상점가,서울특별시,,,
5bd69a251d12275a6c71,full_annotation_v1,A,q_커피_04,카페 가고싶어,카페·디저트 중 '커피'를 판매·제공하는 매장,train,커피,T2 동의어,79e2284e-e369-404a-8b81-ffd912189760,카페 3권역,카페,풍납시장,전통시장,서울특별시,,,
dca20f82390e77dc83d5,full_annotation_v1,A,q_커피_04,카페 가고싶어,카페·디저트 중 '커피'를 판매·제공하는 매장,train,커피,T2 동의어,a8065893-8312-48d3-b0d5-95ec80623992,훕,카페,전농로벚꽃상점가,골목형상점가,제주특별자치도,,,
f1b00eb8603bd448c533,full_annotation_v1,A,q_커피_04,카페 가고싶어,카페·디저트 중 '커피'를 판매·제공하는 매장,train,커피,T2 동의어,08442e1a-4163-428d-90b3-3952a5b19330,카페(cafe)0125,카페,완도전통시장(완도5일시장),전통시장,전라남도,,,
11919846022e43c1e4b7,full_annotation_v1,A,q_커피_05,커피숍,카페·디저트 중 '커피'를 판매·제공하는 매장,train,커피,T2 동의어,94ddff32-6ec6-4540-ae4f-0a739d080bfb,팔랑개비,커피숍,경원동 골목형상점가,골목형상점가,전북특별자치도,,,
8c9c7859b1bfc94f6622,full_annotation_v1,A,q_커피_05,커피숍,카페·디저트 중 '커피'를 판매·제공하는 매장,train,커피,T2 동의어,0017b31e-27bf-4395-a7b2-ad9bc8554d97,컴포즈커피 충주호암한신더휴점,"커피, 음료",호암사천개로골목형상점가,골목형상점가,충청북도,,,
3247eb96aac26aa2bbc8,full_annotation_v1,A,q_커피_05,커피숍,카페·디저트 중 '커피'를 판매·제공하는 매장,train,커피,T2 동의어,f90fed4b-155a-486a-a8f0-703c73e8d5a2,카페레어,커피숍,소나무 골목형상점가,골목형상점가,전북특별자치도,,,
67db21aa34d203962589,full_annotation_v1,A,q_커피_05,커피숍,카페·디저트 중 '커피'를 판매·제공하는 매장,train,커피,T2 동의어,3910e615-ad89-4066-b3b8-34d94f55b77f,커피스토리,커피숍,여의동 골목형상점가,골목형상점가,전북특별자치도,,,
e319723894afcce195f8,full_annotation_v1,A,q_커피_05,커피숍,카페·디저트 중 '커피'를 판매·제공하는 매장,train,커피,T2 동의어,003d7e3f-6459-4018-ac58-7184cd2457d5,눈치 금호점,카페,금호1동상가번영회 골목형상점가,골목형상점가,광주광역시,,,
4878f0799b4572655143,full_annotation_v1,A,q_커피_05,커피숍,카페·디저트 중 '커피'를 판매·제공하는 매장,train,커피,T2 동의어,b3bcf77d-d22e-44d7-a75e-6293d17dafab,카페머그,커피숍,메트로센터(반월당지하쇼핑),일반지하상점가,대구광역시,,,
e51f9dcede1ce3485396,full_annotation_v1,A,q_커피_05,커피숍,카페·디저트 중 '커피'를 판매·제공하는 매장,train,커피,T2 동의어,c2b856e5-4e6b-4d54-ad0e-745fd0b54059,거기커피,커피숍,전북대대학로상점가,자율상권구역,전북특별자치도,,,
00dfb1610c6acdbc5ce4,full_annotation_v1,A,q_커피_05,커피숍,카페·디저트 중 '커피'를 판매·제공하는 매장,train,커피,T2 동의어,003e7ebf-1112-4ab4-a484-67716e4b2a85,이든,카페,원주중앙시장활성화구역,상권활성화구역,강원특별자치도,,,
530182b2567b0b5d767e,full_annotation_v1,A,q_커피_05,커피숍,카페·디저트 중 '커피'를 판매·제공하는 매장,train,커피,T2 동의어,0042e83d-930b-4d1d-a96f-f1a2691256cd,성화상회,과일,대구능금시장,전통시장,대구광역시,,,
e81bd6564bd3492c9124,full_annotation_v1,A,q_커피_05,커피숍,카페·디저트 중 '커피'를 판매·제공하는 매장,train,커피,T2 동의어,33ff8b3d-5529-4d3b-aec5-5162c3f824ab,군산커피가게,커피숍,수송누리 골목형상점가,골목형상점가,전북특별자치도,,,
21298e9300024dedff7e,full_annotation_v1,A,q_커피_05,커피숍,카페·디저트 중 '커피'를 판매·제공하는 매장,train,커피,T2 동의어,276dd94f-90c2-40b4-acd0-e94aed3e7ea1,보드게임카페 홈즈앤루팡 광주첨단점,보드게임방,LC타워거리 골목형상점가,골목형상점가,광주광역시,,,
9de028d882b8d737c599,full_annotation_v1,A,q_커피_05,커피숍,카페·디저트 중 '커피'를 판매·제공하는 매장,train,커피,T2 동의어,6be835ff-5d5e-45a1-a67f-f3c644eaa218,커피815,커피숍,모래내골목형상점가,골목형상점가,전북특별자치도,,,
402d2bc56969091a6096,full_annotation_v1,A,q_커피_05,커피숍,카페·디저트 중 '커피'를 판매·제공하는 매장,train,커피,T2 동의어,072c50af-8cc7-4aa3-9bcc-053c6fce5f50,공감,커피숍,학운 골목형상점가,골목형상점가,광주광역시,,,
b56bb78af50dff84f4cb,full_annotation_v1,A,q_커피_05,커피숍,카페·디저트 중 '커피'를 판매·제공하는 매장,train,커피,T2 동의어,c783a3b9-f9f0-4f3b-9b8b-362b0daab27c,늘봄,의류,진안시장(진안고원시장),전통시장,전북특별자치도,,,
9fcf56a4d1eb98f761bb,full_annotation_v1,A,q_커피_05,커피숍,카페·디저트 중 '커피'를 판매·제공하는 매장,train,커피,T2 동의어,ee0b348f-7489-49bf-9a31-a6001a41fc63,라미카페,커피숍,배밭골골목형상점가,골목형상점가,서울특별시,,,
8de9328ccf4d28fd1e4b,full_annotation_v1,A,q_커피_05,커피숍,카페·디저트 중 '커피'를 판매·제공하는 매장,train,커피,T2 동의어,151cb305-3442-46c1-968c-aceb1ee41424,제이제이커피,커피숍,상공회의소누리상인회 골목형상점가,골목형상점가,광주광역시,,,
550c2772fd83bc65065b,full_annotation_v1,A,q_커피_05,커피숍,카페·디저트 중 '커피'를 판매·제공하는 매장,train,커피,T2 동의어,aa183d58-92a2-4741-9881-c3fa1aae9db6,카페동편,커피숍,동편마을중심상가 골목형상점가,골목형상점가,경기도,,,
6ee66d5cf038a39f298c,full_annotation_v1,A,q_커피_05,커피숍,카페·디저트 중 '커피'를 판매·제공하는 매장,train,커피,T2 동의어,26aef2db-017e-4389-afcc-85d130e952d3,체육관카페,무인카페,말바우우산 골목형상점가,골목형상점가,광주광역시,,,
5a950f2d4debb3db3ae4,full_annotation_v1,A,q_커피_05,커피숍,카페·디저트 중 '커피'를 판매·제공하는 매장,train,커피,T2 동의어,e2720233-5aa8-4eb7-b643-52b0bf536f9f,펭수마트,잡화,메트로프라자,일반지하상점가,대구광역시,,,
dc6a5d7f7077445ebb37,full_annotation_v1,A,q_커피_05,커피숍,카페·디저트 중 '커피'를 판매·제공하는 매장,train,커피,T2 동의어,7bd49af0-8e60-486b-a7ad-5d94fb27e684,훼이보릿커피,커피숍,전남대 상대 골목형상점가,골목형상점가,광주광역시,,,
441c4144da6e99cdb614,full_annotation_v1,A,q_커피_05,커피숍,카페·디저트 중 '커피'를 판매·제공하는 매장,train,커피,T2 동의어,151de08d-7a26-4678-8937-9133dc22852a,부양상사,커피숍,관고전통시장,전통시장,경기도,,,
939fc5cf13191b8c8bd2,full_annotation_v1,A,q_커피_05,커피숍,카페·디저트 중 '커피'를 판매·제공하는 매장,train,커피,T2 동의어,229af645-4cde-41b6-adba-abdfb35ca8b4,라메르,의류,대현프리몰 대구점,일반지하상점가,대구광역시,,,
19201685dcf8c06b0127,full_annotation_v1,A,q_커피_05,커피숍,카페·디저트 중 '커피'를 판매·제공하는 매장,train,커피,T2 동의어,011e2df5-6d25-4553-bfc6-cdf779856853,올데이(All day),카페,남구 용대로 골목형상점가,골목형상점가,광주광역시,,,
26f0fe3adec4e1dc8c19,full_annotation_v1,A,q_커피_05,커피숍,카페·디저트 중 '커피'를 판매·제공하는 매장,train,커피,T2 동의어,00045dfc-0681-4fb3-8265-33b3df14c289,한라농산,과일,황지시장상점가,자율상권구역,강원특별자치도,,,
7d664a0903cce59aad74,full_annotation_v1,A,q_커피_05,커피숍,카페·디저트 중 '커피'를 판매·제공하는 매장,train,커피,T2 동의어,0018e5c7-fa61-469b-8740-8bafdd196f3b,다소니(DASONI),커피 음료,두암사거리 골목형상점가,골목형상점가,광주광역시,,,
9d69ec22149cd552ff1a,full_annotation_v1,A,q_커피_05,커피숍,카페·디저트 중 '커피'를 판매·제공하는 매장,train,커피,T2 동의어,8768c963-2e2e-4869-a446-8566803a5c55,카페 세라빈,커피숍,예스파크 상점가,자율상권구역,경기도,,,
3ae24f3ad9872b1c1d8d,full_annotation_v1,A,q_커피_05,커피숍,카페·디저트 중 '커피'를 판매·제공하는 매장,train,커피,T2 동의어,29d5dd48-1585-4aec-813b-74c8d8a24d84,은쟁반커피,커피숍,황강서원로 골목형상점가,골목형상점가,전북특별자치도,,,
7a187c75f49e77bbeec5,full_annotation_v1,A,q_커피_05,커피숍,카페·디저트 중 '커피'를 판매·제공하는 매장,train,커피,T2 동의어,2cfc4aec-a718-4ff4-9fc0-ff688efd5170,브리스톳카페,커피숍,메트로센터(반월당지하쇼핑),일반지하상점가,대구광역시,,,
d40720cd3d13cb99caf7,full_annotation_v1,A,q_커피_05,커피숍,카페·디저트 중 '커피'를 판매·제공하는 매장,train,커피,T2 동의어,f28c5d02-edf7-4a63-8c6a-06d5b733e1c9,옥천상회,과일,대구능금시장,전통시장,대구광역시,,,
f75a2acd778650676a95,full_annotation_v1,A,q_커피_05,커피숍,카페·디저트 중 '커피'를 판매·제공하는 매장,train,커피,T2 동의어,ad698c89-44fe-4502-ba13-d37d4b309153,커피마마제주연동점,커피숍,누웨마루거리상점가,자율상권구역,제주특별자치도,,,
1d9a2af0551e08b1fd37,full_annotation_v1,A,q_커피_05,커피숍,카페·디저트 중 '커피'를 판매·제공하는 매장,train,커피,T2 동의어,ef15791f-6618-4999-94db-619961d6cd22,예당가구,가구,양동복개상가,전통시장,광주광역시,,,
dec67ea15bbe6e086fea,full_annotation_v1,A,q_커피_05,커피숍,카페·디저트 중 '커피'를 판매·제공하는 매장,train,커피,T2 동의어,b1fd0a45-a269-4ec3-8120-41a58d3992a8,컴포즈 커피숍,커피,주월1동봉선로 골목형상점가,골목형상점가,광주광역시,,,
f14d3f90de0f2eafbe7e,full_annotation_v1,A,q_커피_05,커피숍,카페·디저트 중 '커피'를 판매·제공하는 매장,train,커피,T2 동의어,9d894055-4d6c-4c00-b796-79418071666e,장안떡방앗간,떡,무안전통시장,전통시장,,,,
46ac6a0a2023a2dae239,full_annotation_v1,A,q_커피_05,커피숍,카페·디저트 중 '커피'를 판매·제공하는 매장,train,커피,T2 동의어,006204f3-b214-4611-a434-f896bf75e919,장터사랑,과일,농성세대공감상인회 골목형상점가,골목형상점가,광주광역시,,,
ac4cb2af107bc26fd6d5,full_annotation_v1,A,q_커피_05,커피숍,카페·디저트 중 '커피'를 판매·제공하는 매장,train,커피,T2 동의어,62a5c942-0593-4404-8497-08386f57d3d1,원앤식스,커피숍,강진중앙로상가,자율상권구역,전라남도,,,
b6c0265c9fab69180ea9,full_annotation_v1,A,q_커피_05,커피숍,카페·디저트 중 '커피'를 판매·제공하는 매장,train,커피,T2 동의어,3df54e9f-a439-4692-a752-116fdfd2ec63,모래시계,커피숍,중앙로상점가,자율상권구역,제주특별자치도,,,
d1314bfa26adf7303f75,full_annotation_v1,A,q_커피_05,커피숍,카페·디저트 중 '커피'를 판매·제공하는 매장,train,커피,T2 동의어,1b19f8d0-3e0b-44da-9bb8-8db348d281ee,별다방,커피숍,선운별 골목형상점가,골목형상점가,광주광역시,,,
1623ea52fa3de84b2fad,full_annotation_v1,A,q_커피_05,커피숍,카페·디저트 중 '커피'를 판매·제공하는 매장,train,커피,T2 동의어,1a0b4d50-da37-4db3-a89d-894cec61700c,빽다방,커피숍,메트로센터(반월당지하쇼핑),일반지하상점가,대구광역시,,,
f5f9ec1ec47062ee86c5,full_annotation_v1,A,q_커피_05,커피숍,카페·디저트 중 '커피'를 판매·제공하는 매장,train,커피,T2 동의어,008450bd-f343-47b8-bb6a-826291c52d8f,아이러브클린,준공청소 일반청소 에어컨청소 카페트청소 사무실및 상가청소 바닥청소,금당산길상인회 골목형상점가,골목형상점가,광주광역시,,,
3ef2a1a6c346ea0ee70a,full_annotation_v1,A,q_커피_05,커피숍,카페·디저트 중 '커피'를 판매·제공하는 매장,train,커피,T2 동의어,b380d73b-e8c3-479f-b0d5-5a4be5dcc9f5,크라소,커피숍,양산동 골목형상점가,골목형상점가,광주광역시,,,
ecf6613af94e45bf0b6e,full_annotation_v1,A,q_커피_05,커피숍,카페·디저트 중 '커피'를 판매·제공하는 매장,train,커피,T2 동의어,7b27c5aa-e2ba-4a11-99fd-234d54ca3cb3,메가엠지씨커피세종고운행정복지센터점,커피숍,고운마음 골목형상점가,골목형상점가,세종특별자치시,,,
366bf666a91d373dbd6b,full_annotation_v1,A,q_커피_05,커피숍,카페·디저트 중 '커피'를 판매·제공하는 매장,train,커피,T2 동의어,e8a30838-539c-4b6d-b809-03f1f45e0923,커피앤,커피숍,대명 오손도손 골목형상점가,골목형상점가,전북특별자치도,,,
0ab3b37d7075bb090dbb,full_annotation_v1,A,q_커피_05,커피숍,카페·디저트 중 '커피'를 판매·제공하는 매장,train,커피,T2 동의어,4446fbe1-6da5-4b1b-a27b-70253fedda77,이디야커피전주근영여고점,커피숍,근영누리 골목형상점가,골목형상점가,전북특별자치도,,,
81da1f5b0cee2b9b4411,full_annotation_v1,A,q_커피_05,커피숍,카페·디저트 중 '커피'를 판매·제공하는 매장,train,커피,T2 동의어,2fe2e8b4-b926-4b11-b487-ea3c7143fe63,커피마루,커피숍,거창 가조상점가거리,골목형상점가,경상남도,,,
6041bdaa4f7a57c12517,full_annotation_v1,A,q_커피_05,커피숍,카페·디저트 중 '커피'를 판매·제공하는 매장,train,커피,T2 동의어,ecaf9348-8306-4035-8593-36a786e4108f,서린약국,의약품,밤실로주변 골목형상점가,골목형상점가,광주광역시,,,
4228190b4249b97b9e6a,full_annotation_v1,A,q_커피_05,커피숍,카페·디저트 중 '커피'를 판매·제공하는 매장,train,커피,T2 동의어,0063671e-77f7-466c-bbc2-223497c0dae4,무가당,카페,세병호 골목형상점가,골목형상점가,전북특별자치도,,,
d5536c4368405cdec901,full_annotation_v1,A,q_커피_05,커피숍,카페·디저트 중 '커피'를 판매·제공하는 매장,train,커피,T2 동의어,5968850f-7289-4119-b520-40ef8da138f2,우분투커피숍,커피,대전정원시장,전통시장,대전광역시,,,
406db7b4986b0e516c0d,full_annotation_v1,A,q_커피_05,커피숍,카페·디저트 중 '커피'를 판매·제공하는 매장,train,커피,T2 동의어,faef98a9-3c1b-4d1e-88fd-cd629d0ecd3e,링스,의류,안산패션타운전통시장,전통시장,경기도,,,
4dbac495ea9037d42046,full_annotation_v1,A,q_커피_05,커피숍,카페·디저트 중 '커피'를 판매·제공하는 매장,train,커피,T2 동의어,9518ece1-7733-4259-9a35-d6c7e57bdcd7,원컵오브커피,커피숍,도마큰시장,전통시장,대전광역시,,,
ecbe400e2977180a99c4,full_annotation_v1,A,q_커피_05,커피숍,카페·디저트 중 '커피'를 판매·제공하는 매장,train,커피,T2 동의어,0038b8f8-2bc5-4e28-b122-22a93a38b3b0,컴포즈커피,커피 음료,용흥시장,전통시장,경상북도,,,
3018e60e7f0ac67deeea,full_annotation_v1,A,q_커피_05,커피숍,카페·디저트 중 '커피'를 판매·제공하는 매장,train,커피,T2 동의어,8c0ded1f-e86f-4b8a-a937-303cb2ff78bf,김선장,한식,미라클,골목형상점가,광주광역시,,,
00124d5802f409f3466e,full_annotation_v1,A,q_커피_05,커피숍,카페·디저트 중 '커피'를 판매·제공하는 매장,train,커피,T2 동의어,98e5c500-c228-4f1e-b55b-617e8ce219b2,가람,커피숍,신도봉시장,전통시장,서울특별시,,,
dcd8a1b122b92e0872e6,full_annotation_v1,A,q_커피_05,커피숍,카페·디저트 중 '커피'를 판매·제공하는 매장,train,커피,T2 동의어,0031ddcb-756f-40bf-ae71-0aa29f780139,더벤티상무점,커피,상무로자율상권,상권활성화구역,광주광역시,,,
1015665f541e54ae892a,full_annotation_v1,A,q_커피_05,커피숍,카페·디저트 중 '커피'를 판매·제공하는 매장,train,커피,T2 동의어,8faa02e5-012c-470f-a866-35793d463534,감성커피반월점,커피숍,반월동 골목형상점가,골목형상점가,전북특별자치도,,,
b3694872747ea2bc64a4,full_annotation_v1,A,q_커피_05,커피숍,카페·디저트 중 '커피'를 판매·제공하는 매장,train,커피,T2 동의어,5f72994d-b045-454a-8684-4e3271654620,참맛깔,음식점,동원전통시장상점가,자율상권구역,서울특별시,,,
d7aec9e57001337808c1,full_annotation_v1,A,q_커피_05,커피숍,카페·디저트 중 '커피'를 판매·제공하는 매장,train,커피,T2 동의어,e929fa5d-47c8-48cd-ba6e-843ac7283c5f,에이프로(A프로),의류,동평화시장(동평화패션타운),전통시장,서울특별시,,,
625b6acc166d4d486936,full_annotation_v1,A,q_커피_05,커피숍,카페·디저트 중 '커피'를 판매·제공하는 매장,train,커피,T2 동의어,00643a05-bc19-4096-bd28-93d17a13a461,스윗앤샷 대전둔산점,커피 및 음료,둔산2동 골목형상점가,골목형상점가,대전광역시,,,
67e272d445f498da69e9,full_annotation_v1,A,q_커피_05,커피숍,카페·디저트 중 '커피'를 판매·제공하는 매장,train,커피,T2 동의어,002e24d7-e3a9-45fc-aa78-632c2a7899e6,샌디얌,커피,금남로5가 골목형상점가,골목형상점가,광주광역시,,,
f7d5c051b0036e260f9b,full_annotation_v1,A,q_커피_05,커피숍,카페·디저트 중 '커피'를 판매·제공하는 매장,train,커피,T2 동의어,ee652a90-ed5b-4851-a3b7-ea8a20e47583,할리스커피평촌점,커피숍,평촌역 상점가,자율상권구역,경기도,,,
6eeb03790cd92bef8d7f,full_annotation_v1,A,q_커피_05,커피숍,카페·디저트 중 '커피'를 판매·제공하는 매장,train,커피,T2 동의어,49b2dae2-5838-43c4-a22b-fe5024833241,구트,커피숍,봉산동 골목형상점가,골목형상점가,대전광역시,,,
48046ea0fab0de0b30d7,full_annotation_v1,A,q_커피_05,커피숍,카페·디저트 중 '커피'를 판매·제공하는 매장,train,커피,T2 동의어,2d4ff445-a744-4d59-a59f-6cf15f84922a,위드커피,커피숍,전평제상인회 골목형상점가,골목형상점가,광주광역시,,,
eefdbf6e4cb6d9e323b6,full_annotation_v1,A,q_커피_05,커피숍,카페·디저트 중 '커피'를 판매·제공하는 매장,train,커피,T2 동의어,005cf715-6b17-4116-a663-d9a56b68ff54,비허밍 스터디카페 (진월),스터디카페,서문대로701번길 골목형상점가,골목형상점가,광주광역시,,,
bdaf774910167c58f293,full_annotation_v1,A,q_커피_05,커피숍,카페·디저트 중 '커피'를 판매·제공하는 매장,train,커피,T2 동의어,1d943fd2-d8ba-45da-a5a5-5d68949c0f9e,카페설,커피숍,마산 동마산시장,전통시장,경상남도,,,
f5c27235c082328fe609,full_annotation_v1,A,q_커피_05,커피숍,카페·디저트 중 '커피'를 판매·제공하는 매장,train,커피,T2 동의어,001a6b2a-e054-43e1-8e39-3e141a806e7e,마시오커피,커피,대인동예술담길 골목형상점가,골목형상점가,광주광역시,,,
52c3c762b663f6b4c094,full_annotation_v1,A,q_커피_05,커피숍,카페·디저트 중 '커피'를 판매·제공하는 매장,train,커피,T2 동의어,057d9f63-c36d-4150-b544-c22465c06513,석커피숍,음료,대명여울빛거리시장,전통시장,서울특별시,,,
c3df9b7fbea3bdb7979d,full_annotation_v1,A,q_커피_05,커피숍,카페·디저트 중 '커피'를 판매·제공하는 매장,train,커피,T2 동의어,00468e6b-39c6-4ce1-a534-a6b1eecac01d,태양농산물,과일,정릉서경대길골목형상점가(정릉골),골목형상점가,서울특별시,,,
afc1fad969c1b9801348,full_annotation_v1,A,q_커피_05,커피숍,카페·디저트 중 '커피'를 판매·제공하는 매장,train,커피,T2 동의어,000814be-1ad1-4f62-87e7-0e02af595e2f,사사,"샌드위치, 케이크, 커피",나릿재 골목형상점가,골목형상점가,세종특별자치시,,,
74b9fc158593f032526f,full_annotation_v1,A,q_커피_05,커피숍,카페·디저트 중 '커피'를 판매·제공하는 매장,train,커피,T2 동의어,9a82d286-218b-41dd-9fa9-f637c73df892,전철커피숍,커피숍,덕정골목형상점가,골목형상점가,경기도,,,
1745980c874a3c66c9de,full_annotation_v1,A,q_커피_05,커피숍,카페·디저트 중 '커피'를 판매·제공하는 매장,train,커피,T2 동의어,4ac768f8-6ced-4887-9c8a-58824dd38c40,신민회,커피숍,맛의거리 맛리단길 골목형상점가,골목형상점가,전북특별자치도,,,
d1bb4e991f17d00e3c4f,full_annotation_v1,A,q_커피_05,커피숍,카페·디저트 중 '커피'를 판매·제공하는 매장,train,커피,T2 동의어,35668b78-ca75-4f2e-9058-3802658afcd9,카페 동구,커피숍,예술의거리 골목형상점가,골목형상점가,광주광역시,,,
adac51907fe64991d956,full_annotation_v1,A,q_커피_05,커피숍,카페·디저트 중 '커피'를 판매·제공하는 매장,train,커피,T2 동의어,84485801-ae3b-4c82-9f56-5af4771a1cb7,다빈치,커피숍,메트로센터(반월당지하쇼핑),일반지하상점가,대구광역시,,,
16706a7ef71e267adab4,full_annotation_v1,A,q_커피_05,커피숍,카페·디저트 중 '커피'를 판매·제공하는 매장,train,커피,T2 동의어,3a345085-4203-45af-a0b7-9c156a84212c,박수진카페,커피숍,오산오색시장(구 오산중앙시장),전통시장,경기도,,,
0858c4ce9821991e48e0,full_annotation_v1,A,q_커피_05,커피숍,카페·디저트 중 '커피'를 판매·제공하는 매장,train,커피,T2 동의어,542b227a-09e2-444f-9832-29857e0cfb11,헤리티지,커피숍,전주중산공원 골목형상점가,골목형상점가,전북특별자치도,,,
4b9c8e44e0fc543d67e0,full_annotation_v1,A,q_커피_05,커피숍,카페·디저트 중 '커피'를 판매·제공하는 매장,train,커피,T2 동의어,465bf4b2-dfc8-479c-b28f-5407842c4927,믿음치과,임플란트 틀니 교정 보철치료,신가아름마을,골목형상점가,광주광역시,,,
05bac3a3bd17b6b99157,full_annotation_v1,A,q_커피_05,커피숍,카페·디저트 중 '커피'를 판매·제공하는 매장,train,커피,T2 동의어,90dda6c8-f61e-4272-b73e-688bbf381db5,나의오후,커피숍,안성맞춤시장,전통시장,경기도,,,
338465031b96b4f5a882,full_annotation_v1,A,q_커피_05,커피숍,카페·디저트 중 '커피'를 판매·제공하는 매장,train,커피,T2 동의어,00333be0-b70d-4197-aa97-5a277d61e0da,㈜신진후르츠,과일,부전농수산물새벽시장,전통시장,부산광역시,,,
14d9926945466713bedb,full_annotation_v1,A,q_커피_05,커피숍,카페·디저트 중 '커피'를 판매·제공하는 매장,train,커피,T2 동의어,ba21daf4-efe6-48a0-a7da-8bff4ab70760,주식회사 하노이퍼,쌀국수,봉선먹자골목 골목형상점가,골목형상점가,광주광역시,,,
3078d1dff2b2de82fbcd,full_annotation_v1,A,q_커피_05,커피숍,카페·디저트 중 '커피'를 판매·제공하는 매장,train,커피,T2 동의어,2d99dcc9-d36e-47db-85e6-53682524cfd0,5블럭,커피숍,빛가람 하나로 골목형상점가,골목형상점가,전라남도,,,
0fcff5e6890d88c6e302,full_annotation_v1,A,q_커피_05,커피숍,카페·디저트 중 '커피'를 판매·제공하는 매장,train,커피,T2 동의어,00d3ef33-13db-4750-93a0-4b31010fcb70,온유베이크,카페,스타타워1 골목형상점가,골목형상점가,인천광역시,,,
630b9f64517185ad0f15,full_annotation_v1,A,q_커피_05,커피숍,카페·디저트 중 '커피'를 판매·제공하는 매장,train,커피,T2 동의어,545dd1cf-f6fa-4ec2-b2f2-225d1f50472d,봉's커피,커피숍,군산시 구도심 상권활성화구역,상권활성화구역,전북특별자치도,,,
4494261cb7bbb44543fc,full_annotation_v1,A,q_커피_05,커피숍,카페·디저트 중 '커피'를 판매·제공하는 매장,train,커피,T2 동의어,f20c6770-6708-401e-911e-90afb5436b5a,달리크,커피숍,오산오색시장(구 오산중앙시장),전통시장,경기도,,,
7219eb835d89498f5898,full_annotation_v1,A,q_커피_05,커피숍,카페·디저트 중 '커피'를 판매·제공하는 매장,train,커피,T2 동의어,42519dc4-85f1-4440-943f-bce220a5a2fe,커피향기,커피숍,청주육거리종합시장,전통시장,충청북도,,,
4140df4193dd00455a0c,full_annotation_v1,A,q_커피_05,커피숍,카페·디저트 중 '커피'를 판매·제공하는 매장,train,커피,T2 동의어,00b6de61-2c2e-4164-aee6-c011f81aec20,파리바게뜨 세종반곡,"베이커리, 케이크, 음료, 커피",반곡동행복 골목형상점가,골목형상점가,세종특별자치시,,,
aa3ffc92dd504d8f8c54,full_annotation_v1,A,q_커피_05,커피숍,카페·디저트 중 '커피'를 판매·제공하는 매장,train,커피,T2 동의어,6081d3bd-a8fc-4d59-b714-00278e3a600c,역전우동0410용인중앙점,일반음식점,용인중앙시장,전통시장,경기도,,,
293aaea6d34d59563849,full_annotation_v1,A,q_커피_05,커피숍,카페·디저트 중 '커피'를 판매·제공하는 매장,train,커피,T2 동의어,b3e546e7-59a5-435a-9c3e-e0db6b90212c,달달한카페,커피숍,운암대자골 골목형상점가,골목형상점가,광주광역시,,,
637ae69ae6497ef26453,full_annotation_v1,A,q_커피_05,커피숍,카페·디저트 중 '커피'를 판매·제공하는 매장,train,커피,T2 동의어,cc372481-5e00-4266-b36f-05e4d282c124,밍글파이,커피숍 및 수제파이,과천중앙동상점가,자율상권구역,경기도,,,
b1344a06c801f25290b6,full_annotation_v1,A,q_커피_05,커피숍,카페·디저트 중 '커피'를 판매·제공하는 매장,train,커피,T2 동의어,f604b08c-7c45-44b7-be84-38d2a239b6d9,시장커피숍,커피,경주중앙시장,전통시장,경상북도,,,
2d24a05c300ec3d34d20,full_annotation_v1,A,q_커피_06,커피전문점,카페·디저트 중 '커피'를 판매·제공하는 매장,train,커피,T2 동의어,c0258736-3e71-45a9-a256-a79fd78c638a,카페로몬,커피전문점,장대동패션상가 골목형상점가,골목형상점가,대전광역시,,,
bf759dc5ffaa9f226d89,full_annotation_v1,A,q_커피_06,커피전문점,카페·디저트 중 '커피'를 판매·제공하는 매장,train,커피,T2 동의어,5bdc2d09-942a-49fa-9155-83ab959584fe,지하다방,커피전문점,인천중앙로지하상가,일반지하상점가,인천광역시,,,
798b490613540ffc2fa8,full_annotation_v1,A,q_커피_06,커피전문점,카페·디저트 중 '커피'를 판매·제공하는 매장,train,커피,T2 동의어,cff09982-51b6-4570-add7-518ed2ca2ed5,바우커피,커피전문점,화운로상인회 골목형상점가,골목형상점가,광주광역시,,,
bfd89805358f2733f3fa,full_annotation_v1,A,q_커피_06,커피전문점,카페·디저트 중 '커피'를 판매·제공하는 매장,train,커피,T2 동의어,22c687f6-7110-48cf-b758-3d53bb3b93bc,오쏘헤어라인,,승달 골목형상점가,골목형상점가,,,,
584c0e557dbc95b0b0c5,full_annotation_v1,A,q_커피_06,커피전문점,카페·디저트 중 '커피'를 판매·제공하는 매장,train,커피,T2 동의어,8e9c4e0f-81d2-43c6-b489-2441e6829e1f,정아여성의류,의류,서문시장2지구 종합상가,전통시장,대구광역시,,,
c73f822579a5d62f9ce1,full_annotation_v1,A,q_커피_06,커피전문점,카페·디저트 중 '커피'를 판매·제공하는 매장,train,커피,T2 동의어,e966fd53-424c-4893-af04-f41678239848,통영멍게하우스,꿀빵,통영중앙전통시장,전통시장,경상남도,,,
437bfb4cdb58256207c4,full_annotation_v1,A,q_커피_06,커피전문점,카페·디저트 중 '커피'를 판매·제공하는 매장,train,커피,T2 동의어,644990e2-dc32-4e60-bb80-afea91875108,안전가옥커피,커피전문점,전남대후문골목형상점가,골목형상점가,광주광역시,,,
c95826a390222feef252,full_annotation_v1,A,q_커피_06,커피전문점,카페·디저트 중 '커피'를 판매·제공하는 매장,train,커피,T2 동의어,8fef8790-72c3-4624-9b50-9cd8c61ee246,컾잔,커피전문점,대추골골목형상점가,골목형상점가,서울특별시,,,
6d69a5edcaa25ebd2eb4,full_annotation_v1,A,q_커피_06,커피전문점,카페·디저트 중 '커피'를 판매·제공하는 매장,train,커피,T2 동의어,fe9298b5-2b14-4dd4-9f3a-fda42c8f6216,참한우한돈,식육,새길시장,전통시장,대구광역시,,,
d5586ecb5e6339103aae,full_annotation_v1,A,q_커피_06,커피전문점,카페·디저트 중 '커피'를 판매·제공하는 매장,train,커피,T2 동의어,00045dfc-0681-4fb3-8265-33b3df14c289,한라농산,과일,황지시장상점가,자율상권구역,강원특별자치도,,,
cf5b476c7fb7a6e6413f,full_annotation_v1,A,q_커피_06,커피전문점,카페·디저트 중 '커피'를 판매·제공하는 매장,train,커피,T2 동의어,e2a6ddd1-c896-494a-842c-5085c49398c9,청자다방문흥점,커피전문점,문흥동 골목형상점가,골목형상점가,광주광역시,,,
b185acd5b1b15e5b4a13,full_annotation_v1,A,q_커피_06,커피전문점,카페·디저트 중 '커피'를 판매·제공하는 매장,train,커피,T2 동의어,975dfebb-0d10-4ab8-8d3e-13ea3c4f0da4,요거프레소행복로점,커피전문점,행복로골목형상점가,골목형상점가,경기도,,,
2a608abe381c4d6a7892,full_annotation_v1,A,q_커피_06,커피전문점,카페·디저트 중 '커피'를 판매·제공하는 매장,train,커피,T2 동의어,de68d6fe-f90a-422c-a1a5-59aeae20723b,카페스테이26,커피전문점,상무평화상인회 골목형상점가,골목형상점가,광주광역시,,,
5b8a47f1459b28c95f8b,full_annotation_v1,A,q_커피_06,커피전문점,카페·디저트 중 '커피'를 판매·제공하는 매장,train,커피,T2 동의어,3fafd654-a2cd-472b-859a-29ab841d9485,빽다방대전중앙로지하,커피전문점,중앙로 지하상가 상점가,일반지하상점가,대전광역시,,,
9b0d65ef2d1760feed53,full_annotation_v1,A,q_커피_06,커피전문점,카페·디저트 중 '커피'를 판매·제공하는 매장,train,커피,T2 동의어,ec5f4494-acd8-413c-98be-3bdfffa9e4cb,빽다방,커피전문점,광교상현역 온누리 골목형상점가,골목형상점가,경기도,,,
650142e14dd33083ea34,full_annotation_v1,A,q_커피_06,커피전문점,카페·디저트 중 '커피'를 판매·제공하는 매장,train,커피,T2 동의어,95c74ed8-80f0-47a7-915d-1b0d948b23bb,불로초장터,분식,서귀포매일올레시장,전통시장,제주특별자치도,,,
602ca0faed5ca0a6eb15,full_annotation_v1,A,q_커피_06,커피전문점,카페·디저트 중 '커피'를 판매·제공하는 매장,train,커피,T2 동의어,89bd0719-d12c-4d48-9bfd-b149a6198a38,여음,커피전문점,운암동 대자로 골목형상점가,골목형상점가,광주광역시,,,
aeef3e513d0a5edac4f9,full_annotation_v1,A,q_커피_06,커피전문점,카페·디저트 중 '커피'를 판매·제공하는 매장,train,커피,T2 동의어,dc835701-965c-4910-a33f-8347b3152315,몬트베이글,커피전문점,부리단길 골목형상점가,골목형상점가,부산광역시,,,
41912cd623c03456b9c0,full_annotation_v1,A,q_커피_06,커피전문점,카페·디저트 중 '커피'를 판매·제공하는 매장,train,커피,T2 동의어,813ccabe-b581-46ab-9e03-5532febeb3ba,한울명천약국,의약품,비래동골목형상점가,골목형상점가,대전광역시,,,
176aa1f41d82b6be3e22,full_annotation_v1,A,q_커피_06,커피전문점,카페·디저트 중 '커피'를 판매·제공하는 매장,train,커피,T2 동의어,22fca99b-3dba-41b9-9f45-d04dd37ffac0,올리터카페엔디저트영주점,커피전문점,영주문화시장,전통시장,경상북도,,,
008c47e2899e7c0d7482,full_annotation_v1,A,q_커피_06,커피전문점,카페·디저트 중 '커피'를 판매·제공하는 매장,train,커피,T2 동의어,b33b8064-5f64-4c1c-ab38-80ab05996eba,커피복다,커피전문점,풍암새누리상인회 골목형상점가,골목형상점가,광주광역시,,,
d1eb652d134b2d85e665,full_annotation_v1,A,q_커피_06,커피전문점,카페·디저트 중 '커피'를 판매·제공하는 매장,train,커피,T2 동의어,e29b9a5e-b158-4c45-976b-f014de70e0bd,파우제,커피전문점,백운브릿지 골목형상점가,골목형상점가,광주광역시,,,
2419a7964b813b35e623,full_annotation_v1,A,q_커피_06,커피전문점,카페·디저트 중 '커피'를 판매·제공하는 매장,train,커피,T2 동의어,006204f3-b214-4611-a434-f896bf75e919,장터사랑,과일,농성세대공감상인회 골목형상점가,골목형상점가,광주광역시,,,
4a54e1e5edabe95c5628,full_annotation_v1,A,q_커피_06,커피전문점,카페·디저트 중 '커피'를 판매·제공하는 매장,train,커피,T2 동의어,51ea6877-951d-417b-a40e-ba7a86710145,더벤티전남대점,커피전문점,전남대후문골목형상점가,골목형상점가,광주광역시,,,
19a27f938a21aab2bc38,full_annotation_v1,A,q_커피_06,커피전문점,카페·디저트 중 '커피'를 판매·제공하는 매장,train,커피,T2 동의어,00468e6b-39c6-4ce1-a534-a6b1eecac01d,태양농산물,과일,정릉서경대길골목형상점가(정릉골),골목형상점가,서울특별시,,,
61ac8f4dcee8e8761396,full_annotation_v1,A,q_커피_06,커피전문점,카페·디저트 중 '커피'를 판매·제공하는 매장,train,커피,T2 동의어,8553e7fd-624e-4792-8c3d-e9b935d3bef7,청계열쇠 ·도장 하수구뚫음(고압세척),열쇠,청계면 목대후문 골목형상점가,골목형상점가,전라남도,,,
5b81283acf44a6643688,full_annotation_v1,A,q_커피_06,커피전문점,카페·디저트 중 '커피'를 판매·제공하는 매장,train,커피,T2 동의어,fd2004b8-cb72-4e37-90d6-03419aed012b,#너의온도,커피전문점,백서로 골목형상점가,골목형상점가,광주광역시,,,
274576e67245f273581b,full_annotation_v1,A,q_커피_06,커피전문점,카페·디저트 중 '커피'를 판매·제공하는 매장,train,커피,T2 동의어,0063671e-77f7-466c-bbc2-223497c0dae4,무가당,카페,세병호 골목형상점가,골목형상점가,전북특별자치도,,,
8491c45addda73d00219,full_annotation_v1,A,q_커피_06,커피전문점,카페·디저트 중 '커피'를 판매·제공하는 매장,train,커피,T2 동의어,5e722ba2-494e-47da-a9cd-afc9bdd3366c,딜레이,커피전문점,한대앞역상점가,자율상권구역,경기도,,,
ad5924a2d7c3e3c649cb,full_annotation_v1,A,q_커피_06,커피전문점,카페·디저트 중 '커피'를 판매·제공하는 매장,train,커피,T2 동의어,23d66000-0e2a-4e9c-b8db-f1cba175bdda,메가엠지씨커피광주우산중앙점,커피전문점,서방골 골목형상점가,골목형상점가,광주광역시,,,
bb959fd8f58eebb98fd6,full_annotation_v1,A,q_커피_06,커피전문점,카페·디저트 중 '커피'를 판매·제공하는 매장,train,커피,T2 동의어,a0c62ca0-d740-40f7-91fe-a648669887ad,잽 엔 헨리,커피전문점,대구약령시장,전통시장,대구광역시,,,
78b3888c6a073a130909,full_annotation_v1,A,q_커피_06,커피전문점,카페·디저트 중 '커피'를 판매·제공하는 매장,train,커피,T2 동의어,d5a4006b-9ded-44d3-beb5-381cf7694829,베스티,커피전문점,전주서곡 골목형상점가,골목형상점가,전북특별자치도,,,
bca067d78b91eee9e02e,full_annotation_v1,A,q_커피_06,커피전문점,카페·디저트 중 '커피'를 판매·제공하는 매장,train,커피,T2 동의어,6f7b0559-1d27-40d0-841b-27649db57866,더리터전주모래내점,커피전문점,모래내골목형상점가,골목형상점가,전북특별자치도,,,
0d26b8a58fd261dc3298,full_annotation_v1,A,q_커피_06,커피전문점,카페·디저트 중 '커피'를 판매·제공하는 매장,train,커피,T2 동의어,c4f1939a-19bf-4c1f-8425-7b068bf8c06c,못잊어 손만두,,승달 골목형상점가,골목형상점가,,,,
cea5083ca48786e62e77,full_annotation_v1,A,q_커피_06,커피전문점,카페·디저트 중 '커피'를 판매·제공하는 매장,train,커피,T2 동의어,68cd47eb-0abc-4862-8dd1-c39586cd92e9,히스,커피전문점,장승배기로 골목형상점가,골목형상점가,전북특별자치도,,,
44b89c09b2ec02305684,full_annotation_v1,A,q_커피_06,커피전문점,카페·디저트 중 '커피'를 판매·제공하는 매장,train,커피,T2 동의어,23c893bb-c086-41ff-b598-8b7512988ce6,인생커피,커피전문점,창원 봉곡프라자상가,전통시장,경상남도,,,
23033a0a155ec2056c27,full_annotation_v1,A,q_커피_06,커피전문점,카페·디저트 중 '커피'를 판매·제공하는 매장,train,커피,T2 동의어,1cc6b8cb-0aef-43ce-ba51-a0f549ee0a19,카페문,커피전문점,고산구시장 상점가,자율상권구역,전북특별자치도,,,
9c976403b580b56c39bf,full_annotation_v1,A,q_커피_06,커피전문점,카페·디저트 중 '커피'를 판매·제공하는 매장,train,커피,T2 동의어,001a6b2a-e054-43e1-8e39-3e141a806e7e,마시오커피,커피,대인동예술담길 골목형상점가,골목형상점가,광주광역시,,,
a8f9ec4896628f2709c5,full_annotation_v1,A,q_커피_06,커피전문점,카페·디저트 중 '커피'를 판매·제공하는 매장,train,커피,T2 동의어,5f072fda-dd86-467a-86c0-87ac9fbe547e,오늘,커피전문점,치동천 수변상가,자율상권구역,경기도,,,
e97a7b1c5fa1fd8c2ab8,full_annotation_v1,A,q_커피_06,커피전문점,카페·디저트 중 '커피'를 판매·제공하는 매장,train,커피,T2 동의어,00803611-95a7-472d-9c88-04a3b8aca589,헤바,커피전문점,전주한옥마을 골목형상점가,골목형상점가,전북특별자치도,,,
343325cf97abcb473074,full_annotation_v1,A,q_커피_06,커피전문점,카페·디저트 중 '커피'를 판매·제공하는 매장,train,커피,T2 동의어,6bfe7790-4824-415d-acde-0706a2531886,위드커피,커피전문점,전주중산공원 골목형상점가,골목형상점가,전북특별자치도,,,
d13dc3b38c6017639662,full_annotation_v1,A,q_커피_06,커피전문점,카페·디저트 중 '커피'를 판매·제공하는 매장,train,커피,T2 동의어,a5d40dd4-422a-4323-a98d-4ab0e068909e,메가엠지씨커피광주운암벽산점,커피전문점,벽산블루밍 골목형상점가,골목형상점가,광주광역시,,,
15f72e617809b181dc2f,full_annotation_v1,A,q_커피_06,커피전문점,카페·디저트 중 '커피'를 판매·제공하는 매장,train,커피,T2 동의어,003d7e3f-6459-4018-ac58-7184cd2457d5,눈치 금호점,카페,금호1동상가번영회 골목형상점가,골목형상점가,광주광역시,,,
48723fbc33d055b68af3,full_annotation_v1,A,q_커피_06,커피전문점,카페·디저트 중 '커피'를 판매·제공하는 매장,train,커피,T2 동의어,eb3d9454-ba02-40dc-baa4-d30e5d14e2d6,더커피,커피전문점,성호시장 골목형상점가,골목형상점가,경기도,,,
6ec7922e300ff8345945,full_annotation_v1,A,q_커피_06,커피전문점,카페·디저트 중 '커피'를 판매·제공하는 매장,train,커피,T2 동의어,71d3fe33-2f97-4507-a733-3ffc3a70fa05,브루클린149,커피전문점,남서상점가,자율상권구역,경상북도,,,
46ab6e6c8ae7d620d64f,full_annotation_v1,A,q_커피_06,커피전문점,카페·디저트 중 '커피'를 판매·제공하는 매장,train,커피,T2 동의어,0163f865-f68b-4caa-bf0d-1c35b2a1973d,반가사유카페,커피전문점,전대병원오거리 골목형상점가,골목형상점가,광주광역시,,,
e743691a126de25839a3,full_annotation_v1,A,q_커피_06,커피전문점,카페·디저트 중 '커피'를 판매·제공하는 매장,train,커피,T2 동의어,52e666f3-4f9e-40f6-a502-42bda43f884b,커피아작,커피전문점,나주 대호동 골목형상점가,골목형상점가,전라남도,,,
02e61daf6ea3610b8607,full_annotation_v1,A,q_커피_06,커피전문점,카페·디저트 중 '커피'를 판매·제공하는 매장,train,커피,T2 동의어,730b8de2-1274-43cf-93cf-93f3a78e828f,햄리스,커피전문점,맛의거리 맛리단길 골목형상점가,골목형상점가,전북특별자치도,,,
24ea3a136a2006091a45,full_annotation_v1,A,q_커피_06,커피전문점,카페·디저트 중 '커피'를 판매·제공하는 매장,train,커피,T2 동의어,ac22c595-4441-47ec-abc2-fe7f7af397c1,자바데이브커피전문점,커피전문점,수원남문패션1번가시장,전통시장,경기도,,,
f303e88045301257820c,full_annotation_v1,A,q_커피_06,커피전문점,카페·디저트 중 '커피'를 판매·제공하는 매장,train,커피,T2 동의어,2ffdc321-2b6d-43d2-b50c-017591184878,온더고,커피전문점,법리단길 골목형상점가,골목형상점가,전북특별자치도,,,
7e56841ee73e85555e2a,full_annotation_v1,A,q_커피_06,커피전문점,카페·디저트 중 '커피'를 판매·제공하는 매장,train,커피,T2 동의어,a31e598a-ae3f-4f19-b62f-b447259c1416,흑백화장품,화장품,맘모스상가 골목형상점가,골목형상점가,부산광역시,,,
1f6f36e68b578d515769,full_annotation_v1,A,q_커피_06,커피전문점,카페·디저트 중 '커피'를 판매·제공하는 매장,train,커피,T2 동의어,0017b31e-27bf-4395-a7b2-ad9bc8554d97,컴포즈커피 충주호암한신더휴점,"커피, 음료",호암사천개로골목형상점가,골목형상점가,충청북도,,,
932b7c989b9ec3febd7f,full_annotation_v1,A,q_커피_06,커피전문점,카페·디저트 중 '커피'를 판매·제공하는 매장,train,커피,T2 동의어,7df636bb-fa98-4037-9d77-799fad17d518,어서와U커피,커피전문점,예산상설시장,전통시장,충청남도,,,
832962e4d3af38572f5e,full_annotation_v1,A,q_커피_06,커피전문점,카페·디저트 중 '커피'를 판매·제공하는 매장,train,커피,T2 동의어,76f05e6c-6bde-4d37-893f-ff578f864df5,아리울떡공방,커피전문점,부안마실 상권활성화구역,상권활성화구역,전북특별자치도,,,
79924ac4f3e42c7c819c,full_annotation_v1,A,q_커피_06,커피전문점,카페·디저트 중 '커피'를 판매·제공하는 매장,train,커피,T2 동의어,008450bd-f343-47b8-bb6a-826291c52d8f,아이러브클린,준공청소 일반청소 에어컨청소 카페트청소 사무실및 상가청소 바닥청소,금당산길상인회 골목형상점가,골목형상점가,광주광역시,,,
0cd80e2485b549048f5b,full_annotation_v1,A,q_커피_06,커피전문점,카페·디저트 중 '커피'를 판매·제공하는 매장,train,커피,T2 동의어,33e2530a-3c29-4dc4-9587-00b063e73911,소래,한식,임방울거리3구역 골목형상점가,골목형상점가,광주광역시,,,
3e05924cabab36ce7842,full_annotation_v1,A,q_커피_06,커피전문점,카페·디저트 중 '커피'를 판매·제공하는 매장,train,커피,T2 동의어,6df70aa8-58c6-4cb7-97f2-088275658f3c,미소어묵,어묵,장기동 먹거리상가 골목형상점가,골목형상점가,대구광역시,,,
fa7dc5f15a3c990563d9,full_annotation_v1,A,q_커피_06,커피전문점,카페·디저트 중 '커피'를 판매·제공하는 매장,train,커피,T2 동의어,0031ddcb-756f-40bf-ae71-0aa29f780139,더벤티상무점,커피,상무로자율상권,상권활성화구역,광주광역시,,,
5b410d7b08564679584f,full_annotation_v1,A,q_커피_06,커피전문점,카페·디저트 중 '커피'를 판매·제공하는 매장,train,커피,T2 동의어,3e9107ef-620c-4780-be9b-e744a50615d0,카페205,커피전문점,나성동 국세청 골목형상점가,골목형상점가,세종특별자치시,,,
d4ee918895c5b2011cfc,full_annotation_v1,A,q_커피_06,커피전문점,카페·디저트 중 '커피'를 판매·제공하는 매장,train,커피,T2 동의어,74cce420-3508-4825-af59-cba321863f90,릴리스커피,커피전문점,양수리전통시장(양평양수리시장),전통시장,경기도,,,
a8322c2d32286c209ef7,full_annotation_v1,A,q_커피_06,커피전문점,카페·디저트 중 '커피'를 판매·제공하는 매장,train,커피,T2 동의어,3aaf3d7b-3112-4610-8ac7-406dc2647c53,험프커피,커피전문점,유안초등북길 골목형상점가,골목형상점가,광주광역시,,,
12fc609b71ae129806d1,full_annotation_v1,A,q_커피_06,커피전문점,카페·디저트 중 '커피'를 판매·제공하는 매장,train,커피,T2 동의어,9b535fdb-d63f-47e2-8b45-1ca8f5493674,애니,커피전문점,전평제상인회 골목형상점가,골목형상점가,광주광역시,,,
8319a0419efd8ece366a,full_annotation_v1,A,q_커피_06,커피전문점,카페·디저트 중 '커피'를 판매·제공하는 매장,train,커피,T2 동의어,58205912-28f5-4d3c-b8fc-022dce5452f9,카페비움,커피전문점,부전마켓타운 시장활성화구역,상권활성화구역,부산광역시,,,
aa571ab6bc359cfacab9,full_annotation_v1,A,q_커피_06,커피전문점,카페·디저트 중 '커피'를 판매·제공하는 매장,train,커피,T2 동의어,6a0eb8ba-e15d-432a-9bd4-895364619c03,커피로드뷰,커피전문점,거제 옥빛나 골목형상점가,골목형상점가,경상남도,,,
fd25df6a656f807deef8,full_annotation_v1,A,q_커피_06,커피전문점,카페·디저트 중 '커피'를 판매·제공하는 매장,train,커피,T2 동의어,5dba2cc7-f3c7-4ca2-9e84-29303ff6a088,해이커피,커피전문점,아주대 대학로 골목형상점가,골목형상점가,경기도,,,
4df29ebd9291f0f6286b,full_annotation_v1,A,q_커피_06,커피전문점,카페·디저트 중 '커피'를 판매·제공하는 매장,train,커피,T2 동의어,d8827d58-f51f-4bbb-b628-7c11182794ef,이디야커피숍,커피전문점,전주혁신사랑 골목형상점가,골목형상점가,전북특별자치도,,,
17e369f18b2488ffa9f8,full_annotation_v1,A,q_커피_06,커피전문점,카페·디저트 중 '커피'를 판매·제공하는 매장,train,커피,T2 동의어,3b60468e-eb6f-4913-b4d3-4ca56bbb47d5,킹장어92,한식,창원 사파동성종합상가,전통시장,경상남도,,,
a34505d62148638a305d,full_annotation_v1,A,q_커피_06,커피전문점,카페·디저트 중 '커피'를 판매·제공하는 매장,train,커피,T2 동의어,9c1ed907-377f-4187-822d-f328fd989d0a,나비커피숍,커피전문점,장천동상가,자율상권구역,전라남도,,,
8f473d629e46e0cd6867,full_annotation_v1,A,q_커피_06,커피전문점,카페·디저트 중 '커피'를 판매·제공하는 매장,train,커피,T2 동의어,b0ca7da8-5e63-45cf-b999-db50c4c36e93,임암커피,커피전문점,효안 골목형상점가,골목형상점가,광주광역시,,,
b690391d22bb0003b38f,full_annotation_v1,A,q_커피_06,커피전문점,카페·디저트 중 '커피'를 판매·제공하는 매장,train,커피,T2 동의어,dad58840-7f1f-4764-a6e4-e23a99e5e888,사바나,커피전문점,농성세대공감상인회 골목형상점가,골목형상점가,광주광역시,,,
973b9dfc1e3e26c493ad,full_annotation_v1,A,q_커피_06,커피전문점,카페·디저트 중 '커피'를 판매·제공하는 매장,train,커피,T2 동의어,34d1eebf-dd8c-4e7c-a8fd-87eba7a5ce5c,하지,한식 커피전문점,문흥1동 골목형상점가,골목형상점가,광주광역시,,,
cdc9c417ee47ffb88bad,full_annotation_v1,A,q_커피_06,커피전문점,카페·디저트 중 '커피'를 판매·제공하는 매장,train,커피,T2 동의어,06e5790f-8c0c-4ae6-9197-435e8d241228,감성커피,커피전문점,주월1동독립로 골목형상점가,골목형상점가,광주광역시,,,
092e94923f34eb41ab85,full_annotation_v1,A,q_커피_06,커피전문점,카페·디저트 중 '커피'를 판매·제공하는 매장,train,커피,T2 동의어,87980dff-aaa1-463c-a5c8-aa111006e6c6,이디야나운로데오점,커피전문점,군산동백로 나운상가 골목형상점가,골목형상점가,전북특별자치도,,,
137fa65ac3fb0a514b75,full_annotation_v1,A,q_커피_06,커피전문점,카페·디저트 중 '커피'를 판매·제공하는 매장,train,커피,T2 동의어,00d3ef33-13db-4750-93a0-4b31010fcb70,온유베이크,카페,스타타워1 골목형상점가,골목형상점가,인천광역시,,,
3ad3a4c363e5938710ee,full_annotation_v1,A,q_커피_06,커피전문점,카페·디저트 중 '커피'를 판매·제공하는 매장,train,커피,T2 동의어,b1a0569f-c79e-4156-991d-972229895fcc,"낮이, 커피",커피전문점,세종대평시장,전통시장,세종특별자치시,,,
9b25779c5e3fc77e0d00,full_annotation_v1,A,q_커피_06,커피전문점,카페·디저트 중 '커피'를 판매·제공하는 매장,train,커피,T2 동의어,8c8202e2-fc6c-419f-b91d-bcee987c283b,이디야커피,커피전문점,조종시장,전통시장,경기도,,,
2978c000b3e23a6b150f,full_annotation_v1,A,q_커피_06,커피전문점,카페·디저트 중 '커피'를 판매·제공하는 매장,train,커피,T2 동의어,2da7b5c1-04ac-4e38-853b-adcd19bc130b,커피향,커피전문점,광주고인근 골목형상점가,골목형상점가,광주광역시,,,
5554a9a403d8d4dbc2a0,full_annotation_v1,A,q_커피_06,커피전문점,카페·디저트 중 '커피'를 판매·제공하는 매장,train,커피,T2 동의어,837c5389-c23e-4dcf-9910-8a46ddf5b5df,커피훈 아제,커피전문점,청운시장골목형상점가,골목형상점가,경기도,,,
e64a50ddc5df69b4be54,full_annotation_v1,A,q_커피_06,커피전문점,카페·디저트 중 '커피'를 판매·제공하는 매장,train,커피,T2 동의어,ee50aa14-f958-420c-bf01-1653f72a7057,카페샵,커피전문점,평촌역 상점가,자율상권구역,경기도,,,
01b99196b30596fdf48e,full_annotation_v1,A,q_커피_06,커피전문점,카페·디저트 중 '커피'를 판매·제공하는 매장,train,커피,T2 동의어,0038b8f8-2bc5-4e28-b122-22a93a38b3b0,컴포즈커피,커피 음료,용흥시장,전통시장,경상북도,,,
3fdd6dcb5a8fcdc10a28,full_annotation_v1,A,q_커피_06,커피전문점,카페·디저트 중 '커피'를 판매·제공하는 매장,train,커피,T2 동의어,00643a05-bc19-4096-bd28-93d17a13a461,스윗앤샷 대전둔산점,커피 및 음료,둔산2동 골목형상점가,골목형상점가,대전광역시,,,
dc0046851ed8b4699046,full_annotation_v1,A,q_커피_06,커피전문점,카페·디저트 중 '커피'를 판매·제공하는 매장,train,커피,T2 동의어,32e816ce-adfe-4282-ad09-94589b971a2d,메가엠지씨커피군산디오션G플레이스점,커피전문점,군산디오션시티 G플레이스 골목형상점가,골목형상점가,전북특별자치도,,,
1a5234597d4348d4f790,full_annotation_v1,A,q_커피_06,커피전문점,카페·디저트 중 '커피'를 판매·제공하는 매장,train,커피,T2 동의어,d30f0524-db75-4dcd-93c8-3b72e44aaa8a,커피당번,커피전문점,구즉 골목형상점가,골목형상점가,대전광역시,,,
622a9d17a9158c4188e2,full_annotation_v1,A,q_커피_06,커피전문점,카페·디저트 중 '커피'를 판매·제공하는 매장,train,커피,T2 동의어,000814be-1ad1-4f62-87e7-0e02af595e2f,사사,"샌드위치, 케이크, 커피",나릿재 골목형상점가,골목형상점가,세종특별자치시,,,
02901c007b1d750200de,full_annotation_v1,A,q_커피_06,커피전문점,카페·디저트 중 '커피'를 판매·제공하는 매장,train,커피,T2 동의어,ecc73904-b075-4ed5-9b63-7d7733c817d0,띠앗,커피전문점,한양대앞상점가,자율상권구역,서울특별시,,,
39f80c39953619e8d3e4,full_annotation_v1,A,q_커피_06,커피전문점,카페·디저트 중 '커피'를 판매·제공하는 매장,train,커피,T2 동의어,1b91e99b-45f6-4229-bc53-9f4acb5cf0ce,애당,커피전문점,부평원도심 상권활성화구역,상권활성화구역,인천광역시,,,
8800046ed6d285816385,full_annotation_v1,A,q_커피_06,커피전문점,카페·디저트 중 '커피'를 판매·제공하는 매장,train,커피,T2 동의어,00333be0-b70d-4197-aa97-5a277d61e0da,㈜신진후르츠,과일,부전농수산물새벽시장,전통시장,부산광역시,,,
198ee6f969e00b340f08,full_annotation_v1,A,q_커피_06,커피전문점,카페·디저트 중 '커피'를 판매·제공하는 매장,train,커피,T2 동의어,45b3fa8e-aa37-4adf-b2b6-c6784350ccec,커피원쓰리,커피전문점,꽃밭정이 골목형상점가,골목형상점가,전북특별자치도,,,
b4ffa67e42556efb9869,full_annotation_v1,A,q_커피_06,커피전문점,카페·디저트 중 '커피'를 판매·제공하는 매장,train,커피,T2 동의어,0042e83d-930b-4d1d-a96f-f1a2691256cd,성화상회,과일,대구능금시장,전통시장,대구광역시,,,
6295427ab4245cdf1c4b,full_annotation_v1,A,q_커피_06,커피전문점,카페·디저트 중 '커피'를 판매·제공하는 매장,train,커피,T2 동의어,ee30f38c-3328-4a8d-a6be-4418d1bb2f67,고신,커피전문점,전주한옥마을 골목형상점가,골목형상점가,전북특별자치도,,,
c8f5f6e9af9e656fc5f3,full_annotation_v1,A,q_커피_06,커피전문점,카페·디저트 중 '커피'를 판매·제공하는 매장,train,커피,T2 동의어,011e2df5-6d25-4553-bfc6-cdf779856853,올데이(All day),카페,남구 용대로 골목형상점가,골목형상점가,광주광역시,,,
f8c82b255cf4a3d9eb9f,full_annotation_v1,A,q_커피_06,커피전문점,카페·디저트 중 '커피'를 판매·제공하는 매장,train,커피,T2 동의어,4759f4f0-2540-4148-820e-c62b366eb874,빈앤비노,커피전문점,포항중앙상가,전통시장,경상북도,,,
18d65870fbd2250ee523,full_annotation_v1,A,q_커피_06,커피전문점,카페·디저트 중 '커피'를 판매·제공하는 매장,train,커피,T2 동의어,6c59de3e-c4bc-4157-afe2-6344a8519c09,커피매그넘,커피전문점,풍암금당상인회 골목형상점가,골목형상점가,광주광역시,,,
7727b73d4bbf0531492a,full_annotation_v1,A,q_커피_06,커피전문점,카페·디저트 중 '커피'를 판매·제공하는 매장,train,커피,T2 동의어,d286813f-194d-4641-ad01-cb4c728c5196,대성농산물,고추,진흥종합시장,전통시장,인천광역시,,,
79af4a0c7dedce974ba9,full_annotation_v1,A,q_커피_06,커피전문점,카페·디저트 중 '커피'를 판매·제공하는 매장,train,커피,T2 동의어,002e24d7-e3a9-45fc-aa78-632c2a7899e6,샌디얌,커피,금남로5가 골목형상점가,골목형상점가,광주광역시,,,
6f97b534779622c39fc9,full_annotation_v1,A,q_커피_06,커피전문점,카페·디저트 중 '커피'를 판매·제공하는 매장,train,커피,T2 동의어,0018e5c7-fa61-469b-8740-8bafdd196f3b,다소니(DASONI),커피 음료,두암사거리 골목형상점가,골목형상점가,광주광역시,,,
d32908de10de9ce49302,full_annotation_v1,A,q_커피_06,커피전문점,카페·디저트 중 '커피'를 판매·제공하는 매장,train,커피,T2 동의어,e6a5ce4f-c532-475a-9a52-9123b65fc130,럭스커피,커피전문점,상무연하상인회 골목형상점가,골목형상점가,광주광역시,,,
d326ceb0606f2fead051,full_annotation_v1,A,q_커피_06,커피전문점,카페·디저트 중 '커피'를 판매·제공하는 매장,train,커피,T2 동의어,005cf715-6b17-4116-a663-d9a56b68ff54,비허밍 스터디카페 (진월),스터디카페,서문대로701번길 골목형상점가,골목형상점가,광주광역시,,,
010c1d3f26ee3d868440,full_annotation_v1,A,q_커피_06,커피전문점,카페·디저트 중 '커피'를 판매·제공하는 매장,train,커피,T2 동의어,a16e4943-ff0e-4d93-b96b-b841c98bbf3c,카페봄봄,커피전문점,인천모래내전통시장,전통시장,인천광역시,,,
3f0f4d60ecfea1c26d99,full_annotation_v1,A,q_커피_06,커피전문점,카페·디저트 중 '커피'를 판매·제공하는 매장,train,커피,T2 동의어,46e3ff23-ac9e-49a0-92f2-796153927c2e,조기랑갈치랑(선어도매12호),생선,인천종합어시장,전통시장,인천광역시,,,
a7bee8c4c726e98140f3,full_annotation_v1,A,q_커피_06,커피전문점,카페·디저트 중 '커피'를 판매·제공하는 매장,train,커피,T2 동의어,06f1190e-3aa6-40df-87c8-6c9c83c9e95f,상상커피,커피전문점,창원 상남시장,전통시장,경상남도,,,
5af69053651c3787f2a1,full_annotation_v1,A,q_커피_06,커피전문점,카페·디저트 중 '커피'를 판매·제공하는 매장,train,커피,T2 동의어,f86dcf4e-6873-4ce8-b7fa-b5e6be7ddc36,센스커피,커피전문점,여의동 골목형상점가,골목형상점가,전북특별자치도,,,
4956bcb243b781de6e2f,full_annotation_v1,A,q_커피_06,커피전문점,카페·디저트 중 '커피'를 판매·제공하는 매장,train,커피,T2 동의어,5b4eb679-e03c-46bb-93b3-dc5461d368b2,컴포즈커피,커피전문점,효천2지구 골목형상점가,골목형상점가,광주광역시,,,
421dc5c9f6662c203a08,full_annotation_v1,A,q_커피_06,커피전문점,카페·디저트 중 '커피'를 판매·제공하는 매장,train,커피,T2 동의어,cbbe3b20-c7a5-420d-bb17-239cbf6ad9a8,빨래터민물장어,장어,앞산맛둘레길 골목형상점가,골목형상점가,대구광역시,,,
853c06707df8367b7399,full_annotation_v1,A,q_커피_06,커피전문점,카페·디저트 중 '커피'를 판매·제공하는 매장,train,커피,T2 동의어,00b6de61-2c2e-4164-aee6-c011f81aec20,파리바게뜨 세종반곡,"베이커리, 케이크, 음료, 커피",반곡동행복 골목형상점가,골목형상점가,세종특별자치시,,,
7729058bc302eb7f3bd6,full_annotation_v1,A,q_커피_06,커피전문점,카페·디저트 중 '커피'를 판매·제공하는 매장,train,커피,T2 동의어,85fac7fb-515a-45f6-a50c-b12160f43c55,카페홍시궁인후점,커피전문점,안골사거리 골목형상점가,골목형상점가,전북특별자치도,,,
031a9db4e964f15e26c4,full_annotation_v1,A,q_커피_06,커피전문점,카페·디저트 중 '커피'를 판매·제공하는 매장,train,커피,T2 동의어,dfbb85ec-d2f7-46f2-a885-ded4a8bef4bc,카라헤어,미용,고운동상점가,자율상권구역,세종특별자치시,,,
dd73501977d45635611d,full_annotation_v1,A,q_커피_06,커피전문점,카페·디저트 중 '커피'를 판매·제공하는 매장,train,커피,T2 동의어,003e7ebf-1112-4ab4-a484-67716e4b2a85,이든,카페,원주중앙시장활성화구역,상권활성화구역,강원특별자치도,,,
bbae727b6427c94a8f4a,full_annotation_v1,A,q_커피_06,커피전문점,카페·디저트 중 '커피'를 판매·제공하는 매장,train,커피,T2 동의어,7656c1bf-c177-4de6-8859-eea3d47f96e8,헤세드,커피전문점,문흥1동 골목형상점가,골목형상점가,광주광역시,,,
14241e25417e0fb22a84,full_annotation_v1,A,q_커피_07,디저트,카페·디저트 중 '커피'를 판매·제공하는 매장,train,커피,T3 개념확장,dc4d4b94-6e3b-4d15-837a-ccebf6ca252b,진파트너스,,스타프라자전통시장,전통시장,경기도,,,
1d72befe6daf5dcfc95e,full_annotation_v1,A,q_커피_07,디저트,카페·디저트 중 '커피'를 판매·제공하는 매장,train,커피,T3 개념확장,102d7e58-2535-470e-be80-f53e3b1ca1f2,갸또봉선,디저트,봉선로1 골목형상점가,골목형상점가,광주광역시,,,
32aa7ba81a4bedef54d8,full_annotation_v1,A,q_커피_07,디저트,카페·디저트 중 '커피'를 판매·제공하는 매장,train,커피,T3 개념확장,fff9b2f1-80b1-4088-b018-1fc8ae9fa68c,황남쫀드기,디저트,동성로 상권활성화구역,상권활성화구역,대구광역시,,,
7da226e5fca2385a7263,full_annotation_v1,A,q_커피_07,디저트,카페·디저트 중 '커피'를 판매·제공하는 매장,train,커피,T3 개념확장,28cc1c53-1f61-4646-8f65-44d555d96f1b,금강산갈비,한식,반구시장,전통시장,울산광역시,,,
747696687d6992217bbc,full_annotation_v1,A,q_커피_07,디저트,카페·디저트 중 '커피'를 판매·제공하는 매장,train,커피,T3 개념확장,de74586e-cf7b-40dd-8b3a-dba38c2f5e2a,크레플,디저트,신포상가연합회,자율상권구역,인천광역시,,,
481699376553d3d05451,full_annotation_v1,A,q_커피_07,디저트,카페·디저트 중 '커피'를 판매·제공하는 매장,train,커피,T3 개념확장,4b2d4dbf-977e-4efe-b2ab-9d843a5e3513,오늘그림미술학원,미술학원,운남우방 골목형상점가,골목형상점가,광주광역시,,,
5f2c9baa00cc47778b0c,full_annotation_v1,A,q_커피_07,디저트,카페·디저트 중 '커피'를 판매·제공하는 매장,train,커피,T3 개념확장,ae7773af-a80d-4e6d-af29-3d884bc18acc,요거트아이스크림의정석,디저트,물베기 골목형상점가,골목형상점가,대구광역시,,,
e5445e2ba4eee17237a4,full_annotation_v1,A,q_커피_07,디저트,카페·디저트 중 '커피'를 판매·제공하는 매장,train,커피,T3 개념확장,0884595f-f8a9-4f1d-bf5d-239ba8d1bc67,편애,커피 디저트,주월1동회재로 골목형상점가,골목형상점가,광주광역시,,,
e6fd4ee6ca82682164ab,full_annotation_v1,A,q_커피_07,디저트,카페·디저트 중 '커피'를 판매·제공하는 매장,train,커피,T3 개념확장,52701990-78a3-4deb-9bfd-dc03135e3969,파티스리그리,디저트,효행구봉담상점가,골목형상점가,경기도,,,
7817263c35eb380a9781,full_annotation_v1,A,q_커피_07,디저트,카페·디저트 중 '커피'를 판매·제공하는 매장,train,커피,T3 개념확장,00468e6b-39c6-4ce1-a534-a6b1eecac01d,태양농산물,과일,정릉서경대길골목형상점가(정릉골),골목형상점가,서울특별시,,,
54fdc1d7b599b1a0360a,full_annotation_v1,A,q_커피_07,디저트,카페·디저트 중 '커피'를 판매·제공하는 매장,train,커피,T3 개념확장,3d01d607-787e-4a27-b6b0-a9bdfbc65a93,오늘달당,디저트,신정평화시장,전통시장,울산광역시,,,
c169a39c3e3d18fbb942,full_annotation_v1,A,q_커피_07,디저트,카페·디저트 중 '커피'를 판매·제공하는 매장,train,커피,T3 개념확장,aaa9dfdf-3157-40cc-8dc0-9e93a1e81999,까미노,디저트,철길공원 골목형상점가,골목형상점가,전북특별자치도,,,
75b9423d5e017a9c2c13,full_annotation_v1,A,q_커피_07,디저트,카페·디저트 중 '커피'를 판매·제공하는 매장,train,커피,T3 개념확장,d4997cf8-d9ea-4b9f-b2bb-82655ede1a09,달콤다정,디저트,연남동골목형상점가,골목형상점가,서울특별시,,,
bacbef5646d00cfd20f9,full_annotation_v1,A,q_커피_07,디저트,카페·디저트 중 '커피'를 판매·제공하는 매장,train,커피,T3 개념확장,cb6ad971-1268-403c-b473-f39215a46776,우주디저트카페,디저트,충주자유시장,전통시장,충청북도,,,
3d2a35d9ba733fcbfc4c,full_annotation_v1,A,q_커피_07,디저트,카페·디저트 중 '커피'를 판매·제공하는 매장,train,커피,T3 개념확장,cb9d9b0b-f12a-43cf-9dc5-a2eea6c8f956,윤정활어,활어회,대포항골목형상점가B,골목형상점가,강원특별자치도,,,
d06359badf82575da06d,full_annotation_v1,A,q_커피_07,디저트,카페·디저트 중 '커피'를 판매·제공하는 매장,train,커피,T3 개념확장,31381183-0e61-40b9-ba7b-920a9512eed9,디저트파파,디저트,겸재한신길 골목형상점가,골목형상점가,서울특별시,,,
80df5c8a42add667468e,full_annotation_v1,A,q_커피_07,디저트,카페·디저트 중 '커피'를 판매·제공하는 매장,train,커피,T3 개념확장,6fbad5d5-9f00-47c6-8a2d-25f945a92b6f,뫀커피,커피 디저트,미성동도깨비시장,골목형상점가,서울특별시,,,
98cd5a44fdacd23b789a,full_annotation_v1,A,q_커피_07,디저트,카페·디저트 중 '커피'를 판매·제공하는 매장,train,커피,T3 개념확장,2e9f1a31-af61-4e25-9c47-4d513d9484f0,꼬북쌀빵,디저트,거북시장,전통시장,인천광역시,,,
c5912a9d90bcdd35fff8,full_annotation_v1,A,q_커피_07,디저트,카페·디저트 중 '커피'를 판매·제공하는 매장,train,커피,T3 개념확장,003e7ebf-1112-4ab4-a484-67716e4b2a85,이든,카페,원주중앙시장활성화구역,상권활성화구역,강원특별자치도,,,
710c624babd4d6389e69,full_annotation_v1,A,q_커피_07,디저트,카페·디저트 중 '커피'를 판매·제공하는 매장,train,커피,T3 개념확장,08cfa85f-8796-40d3-8258-778a63469dea,메가커피,"커피, 디저트",남항시장,전통시장,부산광역시,,,
6f23565c804641b461bd,full_annotation_v1,A,q_커피_07,디저트,카페·디저트 중 '커피'를 판매·제공하는 매장,train,커피,T3 개념확장,ee98423f-7f23-4dcd-a5a8-4a54e80d1432,공주보늬밤참,디저트,공산성골목형상점가,골목형상점가,충청남도,,,
421df5d757bc5fb5d459,full_annotation_v1,A,q_커피_07,디저트,카페·디저트 중 '커피'를 판매·제공하는 매장,train,커피,T3 개념확장,5479f4da-905b-433b-829d-9ef64c820bf7,떼구루,디저트,부평 문화의거리,전통시장,인천광역시,,,
68cb8649439dda62685f,full_annotation_v1,A,q_커피_07,디저트,카페·디저트 중 '커피'를 판매·제공하는 매장,train,커피,T3 개념확장,1488340d-6e6c-479b-9650-19e1e616cd72,쌀로,디저트,경동시장,전통시장,서울특별시,,,
2be18390e3b821682812,full_annotation_v1,A,q_커피_07,디저트,카페·디저트 중 '커피'를 판매·제공하는 매장,train,커피,T3 개념확장,e2539275-74f1-407b-bff7-f257c891000a,구움,디저트,위드수암 골목형상점가,골목형상점가,울산광역시,,,
1b0c8c6387424949e16b,full_annotation_v1,A,q_커피_07,디저트,카페·디저트 중 '커피'를 판매·제공하는 매장,train,커피,T3 개념확장,c36f5781-87cc-4946-bc5c-0ae9c027bba0,달달해,디저트,남부골목시장,전통시장,서울특별시,,,
047e619a00ecf93a065e,full_annotation_v1,A,q_커피_07,디저트,카페·디저트 중 '커피'를 판매·제공하는 매장,train,커피,T3 개념확장,c7cf8c31-625e-42af-a9cf-1e64148941a2,우리집으로와,디저트,유성문화원 골목형상점가,골목형상점가,대전광역시,,,
7fe3586e8260f106b1ce,full_annotation_v1,A,q_커피_07,디저트,카페·디저트 중 '커피'를 판매·제공하는 매장,train,커피,T3 개념확장,1967b71f-f1e5-4998-b061-99db76158118,접시꽃,디저트,목포원도심상점가,자율상권구역,전라남도,,,
7f3e413d13d4736b6b01,full_annotation_v1,A,q_커피_07,디저트,카페·디저트 중 '커피'를 판매·제공하는 매장,train,커피,T3 개념확장,00643a05-bc19-4096-bd28-93d17a13a461,스윗앤샷 대전둔산점,커피 및 음료,둔산2동 골목형상점가,골목형상점가,대전광역시,,,
773568bd1cae330355ce,full_annotation_v1,A,q_커피_07,디저트,카페·디저트 중 '커피'를 판매·제공하는 매장,train,커피,T3 개념확장,00d3ef33-13db-4750-93a0-4b31010fcb70,온유베이크,카페,스타타워1 골목형상점가,골목형상점가,인천광역시,,,
c3bdcc939fe7144c9534,full_annotation_v1,A,q_커피_07,디저트,카페·디저트 중 '커피'를 판매·제공하는 매장,train,커피,T3 개념확장,62071661-1728-4b91-9489-c74aa861e43c,크라소,디저트,시청앞사거리 골목형상점가,골목형상점가,충청남도,,,
259f941b3e3a58014c76,full_annotation_v1,A,q_커피_07,디저트,카페·디저트 중 '커피'를 판매·제공하는 매장,train,커피,T3 개념확장,865b5baf-4e68-414c-97fd-0d1bae446cbc,아띠당,디저트,빛가람 로데오 골목형상점가,골목형상점가,전라남도,,,
18e90cec80704613315a,full_annotation_v1,A,q_커피_07,디저트,카페·디저트 중 '커피'를 판매·제공하는 매장,train,커피,T3 개념확장,082b681f-ebb7-46d3-ac4d-64bd7bcf0cef,리코그릭,디저트,은구비서로사회적협동조합 골목형상점가,골목형상점가,대전광역시,,,
c1d88859fa5caab53a21,full_annotation_v1,A,q_커피_07,디저트,카페·디저트 중 '커피'를 판매·제공하는 매장,train,커피,T3 개념확장,ae709a54-0c8f-48ff-8d63-f5689577b7a7,달콤새,디저트,아시아음식문화거리 골목형상점가,골목형상점가,광주광역시,,,
29c10caf9bc5922f73fc,full_annotation_v1,A,q_커피_07,디저트,카페·디저트 중 '커피'를 판매·제공하는 매장,train,커피,T3 개념확장,28228e69-ac20-4bcb-acd4-34d8561b1d06,별난만두cafe,만두,청천시장(구 청천전통시장),전통시장,충청북도,,,
18ae35d18e410475ed2b,full_annotation_v1,A,q_커피_07,디저트,카페·디저트 중 '커피'를 판매·제공하는 매장,train,커피,T3 개념확장,005cf715-6b17-4116-a663-d9a56b68ff54,비허밍 스터디카페 (진월),스터디카페,서문대로701번길 골목형상점가,골목형상점가,광주광역시,,,
e6cc5abb302edd0f4ae2,full_annotation_v1,A,q_커피_07,디저트,카페·디저트 중 '커피'를 판매·제공하는 매장,train,커피,T3 개념확장,6304a3f3-605b-4d3b-b335-0583ab21e72b,켑틀리,커피 디저트,마북 골목형상점가,골목형상점가,경기도,,,
1edb1463e326e9e7f819,full_annotation_v1,A,q_커피_07,디저트,카페·디저트 중 '커피'를 판매·제공하는 매장,train,커피,T3 개념확장,0018e5c7-fa61-469b-8740-8bafdd196f3b,다소니(DASONI),커피 음료,두암사거리 골목형상점가,골목형상점가,광주광역시,,,
8e06a626940b14326ef9,full_annotation_v1,A,q_커피_07,디저트,카페·디저트 중 '커피'를 판매·제공하는 매장,train,커피,T3 개념확장,09c32d29-cf2b-4705-b1cb-8c4c1edebb9e,썸커피,카페 디저트,신세계앞상인회 골목형상점가,골목형상점가,광주광역시,,,
ef4b49a49c1c3e9c8de7,full_annotation_v1,A,q_커피_07,디저트,카페·디저트 중 '커피'를 판매·제공하는 매장,train,커피,T3 개념확장,4006c775-dad9-4f6b-a045-abe3127cd639,디어문,커피 디저트,화정한울타리상인회 골목형상점가,골목형상점가,광주광역시,,,
c36c51de8072df1e3e93,full_annotation_v1,A,q_커피_07,디저트,카페·디저트 중 '커피'를 판매·제공하는 매장,train,커피,T3 개념확장,590706bd-c72d-4bfb-8eaa-f0cb02fc43f8,허니비,디저트,조대 정문 골목형상점가,골목형상점가,광주광역시,,,
386c7adfe2be566945bd,full_annotation_v1,A,q_커피_07,디저트,카페·디저트 중 '커피'를 판매·제공하는 매장,train,커피,T3 개념확장,79512f1a-c13d-4f81-a52c-d2c43cba86df,제이디,디저트,첨단이웃사랑 골목형상점가,골목형상점가,광주광역시,,,
6a2319096a0896a25c7a,full_annotation_v1,A,q_커피_07,디저트,카페·디저트 중 '커피'를 판매·제공하는 매장,train,커피,T3 개념확장,008450bd-f343-47b8-bb6a-826291c52d8f,아이러브클린,준공청소 일반청소 에어컨청소 카페트청소 사무실및 상가청소 바닥청소,금당산길상인회 골목형상점가,골목형상점가,광주광역시,,,
a22e33be3d7c7517192b,full_annotation_v1,A,q_커피_07,디저트,카페·디저트 중 '커피'를 판매·제공하는 매장,train,커피,T3 개념확장,bab34fcd-159f-43eb-bd4d-f915a3928bd6,화룡양꼬치,양꼬치,이중섭거리 명동로상가,골목형상점가,제주특별자치도,,,
820b6b7059ca6f059b7d,full_annotation_v1,A,q_커피_07,디저트,카페·디저트 중 '커피'를 판매·제공하는 매장,train,커피,T3 개념확장,7ab567d5-469e-4e10-9111-eeb15d311a56,오온당,디저트,김대중컨벤션상인회 골목형상점가,골목형상점가,광주광역시,,,
cb29a26b9b56e5b58aef,full_annotation_v1,A,q_커피_07,디저트,카페·디저트 중 '커피'를 판매·제공하는 매장,train,커피,T3 개념확장,b2c21b74-cda7-4216-8f60-ad17f8f22784,오르담,디저트,수완이지더원 골목형상점가,골목형상점가,광주광역시,,,
21bd2445c1a1c8dfb060,full_annotation_v1,A,q_커피_07,디저트,카페·디저트 중 '커피'를 판매·제공하는 매장,train,커피,T3 개념확장,9b131975-c378-4df2-bd5e-8587ce004285,벨롱제과,디저트,고잔뜰 상점가,자율상권구역,경기도,,,
81e09812596da94d7e25,full_annotation_v1,A,q_커피_07,디저트,카페·디저트 중 '커피'를 판매·제공하는 매장,train,커피,T3 개념확장,002e24d7-e3a9-45fc-aa78-632c2a7899e6,샌디얌,커피,금남로5가 골목형상점가,골목형상점가,광주광역시,,,
8e4c3af4ef0522d0e63b,full_annotation_v1,A,q_커피_07,디저트,카페·디저트 중 '커피'를 판매·제공하는 매장,train,커피,T3 개념확장,d2b284eb-caf8-4788-8628-104176141ae0,엘라,,부천역 지하도로 상가,일반지하상점가,경기도,,,
890e50160a05622d5569,full_annotation_v1,A,q_커피_07,디저트,카페·디저트 중 '커피'를 판매·제공하는 매장,train,커피,T3 개념확장,994fc169-74fb-4f59-a767-c3eb7df2f5e2,리틀딜라잇,디저트,안녕마을골목형상점가,골목형상점가,대전광역시,,,
d1fee35813cbb350e3e4,full_annotation_v1,A,q_커피_07,디저트,카페·디저트 중 '커피'를 판매·제공하는 매장,train,커피,T3 개념확장,d05b6e8c-66ab-4b55-868c-991f3da55fac,이디야커피,커피 디저트,씨푸드타운 복합상가상인회 골목형상점가,골목형상점가,전라남도,,,
3a00111100638892485e,full_annotation_v1,A,q_커피_07,디저트,카페·디저트 중 '커피'를 판매·제공하는 매장,train,커피,T3 개념확장,547198dd-153e-45ed-bd34-755b2571bbb8,화곳간,떡 디저트,효천로 골목형상점가,골목형상점가,광주광역시,,,
0ad42314bc6f0194468a,full_annotation_v1,A,q_커피_07,디저트,카페·디저트 중 '커피'를 판매·제공하는 매장,train,커피,T3 개념확장,9909d8fa-125d-44de-b080-7dd6ca9ceeef,부흥의상실,수선,강릉중앙시장,전통시장,강원특별자치도,,,
c0a9cb47892ccaecffec,full_annotation_v1,A,q_커피_07,디저트,카페·디저트 중 '커피'를 판매·제공하는 매장,train,커피,T3 개념확장,06bfa039-6ccd-4277-a3cc-1cd7ddb00906,위캔드,커피 디저트,BOCA 보카상점가,골목형상점가,경기도,,,
4381b50e63e063414b20,full_annotation_v1,A,q_커피_07,디저트,카페·디저트 중 '커피'를 판매·제공하는 매장,train,커피,T3 개념확장,e2a237a2-ea3f-4f86-8a78-f82162ed892d,소담혜,디저트,가좌시장,전통시장,인천광역시,,,
588b8d70b75628732dea,full_annotation_v1,A,q_커피_07,디저트,카페·디저트 중 '커피'를 판매·제공하는 매장,train,커피,T3 개념확장,000814be-1ad1-4f62-87e7-0e02af595e2f,사사,"샌드위치, 케이크, 커피",나릿재 골목형상점가,골목형상점가,세종특별자치시,,,
dc6e27c6c94d431e81f7,full_annotation_v1,A,q_커피_07,디저트,카페·디저트 중 '커피'를 판매·제공하는 매장,train,커피,T3 개념확장,7d579156-789b-4326-ace8-bcc5d9d208af,아따메 디저트(ATTAME),디저트,상무오월로상인회 골목형상점가,골목형상점가,광주광역시,,,
90bd92d68167398b7cef,full_annotation_v1,A,q_커피_07,디저트,카페·디저트 중 '커피'를 판매·제공하는 매장,train,커피,T3 개념확장,a839c9a4-7fc1-48be-a776-a438dde168f3,호두가봉선점,디저트,봉선로1 골목형상점가,골목형상점가,광주광역시,,,
74b7a7de620df3595fdd,full_annotation_v1,A,q_커피_07,디저트,카페·디저트 중 '커피'를 판매·제공하는 매장,train,커피,T3 개념확장,24ddbcba-7454-40bf-972c-45b892b9c203,구스르릉,디저트,수유역골목형상점가,골목형상점가,서울특별시,,,
968c15a6071776f3e632,full_annotation_v1,A,q_커피_07,디저트,카페·디저트 중 '커피'를 판매·제공하는 매장,train,커피,T3 개념확장,006204f3-b214-4611-a434-f896bf75e919,장터사랑,과일,농성세대공감상인회 골목형상점가,골목형상점가,광주광역시,,,
b229a52ab794f7679b20,full_annotation_v1,A,q_커피_07,디저트,카페·디저트 중 '커피'를 판매·제공하는 매장,train,커피,T3 개념확장,911f7082-c7bb-44fc-a87c-c824e9629bbd,체리오오체리,디저트,새마을시장,전통시장,서울특별시,,,
5e5bb97f0cfe258dd010,full_annotation_v1,A,q_커피_07,디저트,카페·디저트 중 '커피'를 판매·제공하는 매장,train,커피,T3 개념확장,7d415f04-2580-40d2-854e-4a2e0f2b4ce2,시스살롱,디저트,동명동 카페거리 골목형상점가,골목형상점가,광주광역시,,,
2006fa74ad337104e65b,full_annotation_v1,A,q_커피_07,디저트,카페·디저트 중 '커피'를 판매·제공하는 매장,train,커피,T3 개념확장,98f202fb-f3d1-466b-bcc7-a6e8fea922f2,금커피별빙수하가점,디저트,하가지구 골목형상점가,골목형상점가,전북특별자치도,,,
43d32fbe74f2de14016e,full_annotation_v1,A,q_커피_07,디저트,카페·디저트 중 '커피'를 판매·제공하는 매장,train,커피,T3 개념확장,84a00b9b-9c0f-4acb-98ec-94e1da48bab8,베스킨라빈스,디저트,금왕중심골목형상점가,골목형상점가,충청북도,,,
e447cb21f9ce0f0fde01,full_annotation_v1,A,q_커피_07,디저트,카페·디저트 중 '커피'를 판매·제공하는 매장,train,커피,T3 개념확장,41c2c413-e218-42ac-a562-758f2990e8cc,씨앤시피솔루션,"유지보수, 복사기",왕십리도선동상점가,자율상권구역,서울특별시,,,
2af38ae7930735a4ab81,full_annotation_v1,A,q_커피_07,디저트,카페·디저트 중 '커피'를 판매·제공하는 매장,train,커피,T3 개념확장,0f140048-9f77-482c-8a05-8007eee54584,하이데이지,디저트,중흥동 큰샘길 골목형상점가,골목형상점가,광주광역시,,,
c6c9a94539488b4e2604,full_annotation_v1,A,q_커피_07,디저트,카페·디저트 중 '커피'를 판매·제공하는 매장,train,커피,T3 개념확장,20250620-6f84-4170-9ce3-c9cf99c245b3,온다디저트,디저트,월산먹자골목 골목형상점가,골목형상점가,광주광역시,,,
a6f07814375312a69def,full_annotation_v1,A,q_커피_07,디저트,카페·디저트 중 '커피'를 판매·제공하는 매장,train,커피,T3 개념확장,11d3196c-7e57-4b39-9279-bc628c9a293a,더플레인,디저트,오월첫동네 골목형상점가,골목형상점가,광주광역시,,,
0d467ff50a4c93b9a4d4,full_annotation_v1,A,q_커피_07,디저트,카페·디저트 중 '커피'를 판매·제공하는 매장,train,커피,T3 개념확장,9f1272b6-97c4-4d17-9025-b4e5e3ae5dcf,하나미용재료,미용재료,춘천지하상가,일반지하상점가,강원특별자치도,,,
2d286e59b0ccf0d13095,full_annotation_v1,A,q_커피_07,디저트,카페·디저트 중 '커피'를 판매·제공하는 매장,train,커피,T3 개념확장,12130219-36bb-41ba-bf30-2d1515fb6719,노옥다,커피 디저트,외대글로벌길 골목형상점가,골목형상점가,경기도,,,
34d809abf990a5d596ba,full_annotation_v1,A,q_커피_07,디저트,카페·디저트 중 '커피'를 판매·제공하는 매장,train,커피,T3 개념확장,e52e5e75-f2f5-4cb7-a764-e708380b9733,파티세리오르,디저트,풍암신암상인회 골목형상점가,골목형상점가,광주광역시,,,
8ab74ce605d94588fa93,full_annotation_v1,A,q_커피_07,디저트,카페·디저트 중 '커피'를 판매·제공하는 매장,train,커피,T3 개념확장,32fbfd8f-92c7-4df5-ac52-782ef61b85f5,알로하니케이크,디저트,루원이음길 골목형상점가,골목형상점가,인천광역시,,,
6c59ca771effdc8e044f,full_annotation_v1,A,q_커피_07,디저트,카페·디저트 중 '커피'를 판매·제공하는 매장,train,커피,T3 개념확장,cc6a6edc-a32c-4da9-af7a-bbc079bf5c96,누리홈,수예품,부산남문시장,전통시장,부산광역시,,,
5e4f5f8ab7f0e5531ba0,full_annotation_v1,A,q_커피_07,디저트,카페·디저트 중 '커피'를 판매·제공하는 매장,train,커피,T3 개념확장,f4d0b1e8-1309-4fbe-9e46-519c2e9c7453,미쁨상점,디저트,첨단이웃사랑 골목형상점가,골목형상점가,광주광역시,,,
0e3cab305bad1e54ebd8,full_annotation_v1,A,q_커피_07,디저트,카페·디저트 중 '커피'를 판매·제공하는 매장,train,커피,T3 개념확장,ab3c51a0-01d7-4625-8a7f-4540a84a8fd2,안심축산물전문점신당동점,축산물,동화동골목형상가,골목형상점가,서울특별시,,,
48baf2de9d955bb64372,full_annotation_v1,A,q_커피_07,디저트,카페·디저트 중 '커피'를 판매·제공하는 매장,train,커피,T3 개념확장,757c1698-a617-4c9d-b265-fc36a3990083,두두보네르,디저트,선교지구 골목형상점가,골목형상점가,광주광역시,,,
6201f7e360e8de438219,full_annotation_v1,A,q_커피_07,디저트,카페·디저트 중 '커피'를 판매·제공하는 매장,train,커피,T3 개념확장,0e49722d-515b-4b37-a0a1-c222cdb52f37,하얀책상,디저트,공주대학로 골목형 상점가,골목형상점가,충청남도,,,
6ed45f8f490aed4e4c60,full_annotation_v1,A,q_커피_07,디저트,카페·디저트 중 '커피'를 판매·제공하는 매장,train,커피,T3 개념확장,0ce2a262-17ab-4195-988c-64a4bd2c36d1,달빛구움,디저트,북항사랑 골목형상점가,골목형상점가,전라남도,,,
3da7a891979a7d8c1751,full_annotation_v1,A,q_커피_07,디저트,카페·디저트 중 '커피'를 판매·제공하는 매장,train,커피,T3 개념확장,f1fb8ae9-475c-4c6c-9e23-4f121fc8ecb7,초코랩,디저트,다정한 골목형상점가,골목형상점가,세종특별자치시,,,
437fe9a5dc07d2ce349b,full_annotation_v1,A,q_커피_07,디저트,카페·디저트 중 '커피'를 판매·제공하는 매장,train,커피,T3 개념확장,1a65e6d4-f4a8-49d2-8221-103fc57d2dc3,꼬모과자점,디저트,수완아름마을,골목형상점가,광주광역시,,,
351428aa75cec91c9154,full_annotation_v1,A,q_커피_07,디저트,카페·디저트 중 '커피'를 판매·제공하는 매장,train,커피,T3 개념확장,45d4d00b-aa66-4f35-a783-3c5410859fa4,블루밍케이크,디저트,새샘하루 골목형상점가,골목형상점가,세종특별자치시,,,
ab8372411602e0d73186,full_annotation_v1,A,q_커피_07,디저트,카페·디저트 중 '커피'를 판매·제공하는 매장,train,커피,T3 개념확장,98d6c5a4-5e76-4ebc-a57a-41dbfbb13091,더줌,디저트,과천스마트케이 골목형상점가,골목형상점가,경기도,,,
eb5dcb5eb3c742b02fab,full_annotation_v1,A,q_커피_07,디저트,카페·디저트 중 '커피'를 판매·제공하는 매장,train,커피,T3 개념확장,001a6b2a-e054-43e1-8e39-3e141a806e7e,마시오커피,커피,대인동예술담길 골목형상점가,골목형상점가,광주광역시,,,
1e9d7ca6ce84d5d7b6cb,full_annotation_v1,A,q_커피_07,디저트,카페·디저트 중 '커피'를 판매·제공하는 매장,train,커피,T3 개념확장,0038b8f8-2bc5-4e28-b122-22a93a38b3b0,컴포즈커피,커피 음료,용흥시장,전통시장,경상북도,,,
8eaf8192e91f15fc5334,full_annotation_v1,A,q_커피_07,디저트,카페·디저트 중 '커피'를 판매·제공하는 매장,train,커피,T3 개념확장,003d7e3f-6459-4018-ac58-7184cd2457d5,눈치 금호점,카페,금호1동상가번영회 골목형상점가,골목형상점가,광주광역시,,,
6e632391bdf2a3337b4a,full_annotation_v1,A,q_커피_07,디저트,카페·디저트 중 '커피'를 판매·제공하는 매장,train,커피,T3 개념확장,a717a000-2d19-457a-a465-f6af1ca0a215,한움큼,디저트,화정한울타리상인회 골목형상점가,골목형상점가,광주광역시,,,
a9ccd5e1243d08385f2c,full_annotation_v1,A,q_커피_07,디저트,카페·디저트 중 '커피'를 판매·제공하는 매장,train,커피,T3 개념확장,5788a725-5473-4bb1-a956-4ec56208f43d,컵희,커피 디저트,평창동 골목형상점가,골목형상점가,서울특별시,,,
c1303b93ca860432d970,full_annotation_v1,A,q_커피_07,디저트,카페·디저트 중 '커피'를 판매·제공하는 매장,train,커피,T3 개념확장,00b6de61-2c2e-4164-aee6-c011f81aec20,파리바게뜨 세종반곡,"베이커리, 케이크, 음료, 커피",반곡동행복 골목형상점가,골목형상점가,세종특별자치시,,,
55d642cadadad96f2492,full_annotation_v1,A,q_커피_07,디저트,카페·디저트 중 '커피'를 판매·제공하는 매장,train,커피,T3 개념확장,fa35fe18-baf8-4a49-a89f-a288cc5ab65e,예산샌드,디저트,예산상설시장,전통시장,충청남도,,,
65be7941d11d7c52f75c,full_annotation_v1,A,q_커피_07,디저트,카페·디저트 중 '커피'를 판매·제공하는 매장,train,커피,T3 개념확장,05275e33-4153-4d58-9ab5-5878ebbc55bd,어스카페,디저트,용인어정가구단지상점가,자율상권구역,경기도,,,
0967c3e38ee7c33ed91d,full_annotation_v1,A,q_커피_07,디저트,카페·디저트 중 '커피'를 판매·제공하는 매장,train,커피,T3 개념확장,5566587d-1e8a-4648-a42d-9a03d338375c,설렌,디저트,선운별 골목형상점가,골목형상점가,광주광역시,,,
589e4f779dfa58e8a54e,full_annotation_v1,A,q_커피_07,디저트,카페·디저트 중 '커피'를 판매·제공하는 매장,train,커피,T3 개념확장,a1ecfd21-79b9-4304-a19b-30b4bf8555e1,북성로공구빵,디저트,대구수제화골목상점가,자율상권구역,대구광역시,,,
25a0342c2c12fb28e8ef,full_annotation_v1,A,q_커피_07,디저트,카페·디저트 중 '커피'를 판매·제공하는 매장,train,커피,T3 개념확장,00333be0-b70d-4197-aa97-5a277d61e0da,㈜신진후르츠,과일,부전농수산물새벽시장,전통시장,부산광역시,,,
aa873bae0e08caabc1e2,full_annotation_v1,A,q_커피_07,디저트,카페·디저트 중 '커피'를 판매·제공하는 매장,train,커피,T3 개념확장,bc80d243-91f8-406e-a44e-1fcc98a9b0bd,로지에,디저트,유촌마을상인회 골목형상점가,골목형상점가,광주광역시,,,
21c51938d686c4f13007,full_annotation_v1,A,q_커피_07,디저트,카페·디저트 중 '커피'를 판매·제공하는 매장,train,커피,T3 개념확장,00045dfc-0681-4fb3-8265-33b3df14c289,한라농산,과일,황지시장상점가,자율상권구역,강원특별자치도,,,
c57adcadea73d12b4d7c,full_annotation_v1,A,q_커피_07,디저트,카페·디저트 중 '커피'를 판매·제공하는 매장,train,커피,T3 개념확장,ac131147-26e2-4eb6-86da-a9993fca6891,여수삼합당,디저트,여수진남상가,자율상권구역,전라남도,,,
8f61dbd511e70d91090f,full_annotation_v1,A,q_커피_07,디저트,카페·디저트 중 '커피'를 판매·제공하는 매장,train,커피,T3 개념확장,011e2df5-6d25-4553-bfc6-cdf779856853,올데이(All day),카페,남구 용대로 골목형상점가,골목형상점가,광주광역시,,,
5f9208a07c9cf32cf86e,full_annotation_v1,A,q_커피_07,디저트,카페·디저트 중 '커피'를 판매·제공하는 매장,train,커피,T3 개념확장,2ec8b7c6-39d5-4454-b548-981ee3b830ce,에에디저트,디저트,오목내길골목형상점가,골목형상점가,서울특별시,,,
2730330bea690e0397d7,full_annotation_v1,A,q_커피_07,디저트,카페·디저트 중 '커피'를 판매·제공하는 매장,train,커피,T3 개념확장,c3bf4308-7b79-4634-a21c-a96268f9a5eb,디저트비결,"커피, 디저트",원신흥어울림길 골목형상점가,골목형상점가,대전광역시,,,
b725b69d24d7798ff944,full_annotation_v1,A,q_커피_07,디저트,카페·디저트 중 '커피'를 판매·제공하는 매장,train,커피,T3 개념확장,0017b31e-27bf-4395-a7b2-ad9bc8554d97,컴포즈커피 충주호암한신더휴점,"커피, 음료",호암사천개로골목형상점가,골목형상점가,충청북도,,,
a0d7db4428811a1b8c8f,full_annotation_v1,A,q_커피_07,디저트,카페·디저트 중 '커피'를 판매·제공하는 매장,train,커피,T3 개념확장,0031ddcb-756f-40bf-ae71-0aa29f780139,더벤티상무점,커피,상무로자율상권,상권활성화구역,광주광역시,,,
820ca552e80ddc86182a,full_annotation_v1,A,q_커피_07,디저트,카페·디저트 중 '커피'를 판매·제공하는 매장,train,커피,T3 개념확장,7ffb0402-7bd7-40e2-9765-f1be42f7ca81,하이프룻,디저트,반드레길골목형상점가,골목형상점가,서울특별시,,,
d1b0aa4fc654a703e223,full_annotation_v1,A,q_커피_07,디저트,카페·디저트 중 '커피'를 판매·제공하는 매장,train,커피,T3 개념확장,3ddad0e9-e57f-4a36-abad-756ff4c500d0,셀케이크,디저트,범양골목형상점가,골목형상점가,인천광역시,,,
4e2aa17d0a32b86b46e3,full_annotation_v1,A,q_커피_07,디저트,카페·디저트 중 '커피'를 판매·제공하는 매장,train,커피,T3 개념확장,661beda8-dcc0-42c1-b0e3-21d642be30fd,뉴옥쟁이 디저트 원주혁신도시점,커피 디저트,혁신도시5구역골목형상점가,골목형상점가,강원특별자치도,,,
348f53f986796beb3e3b,full_annotation_v1,A,q_커피_07,디저트,카페·디저트 중 '커피'를 판매·제공하는 매장,train,커피,T3 개념확장,d56351e7-da0f-40f2-8559-a744cbd05da2,금서제과,디저트,영월중앙시장,자율상권구역,강원특별자치도,,,
c307e609d442bcb429e0,full_annotation_v1,A,q_커피_07,디저트,카페·디저트 중 '커피'를 판매·제공하는 매장,train,커피,T3 개념확장,d3f60bd8-f1e7-442a-8dca-5057ea6e2ecf,하피,커피 디저트,쌍용동 충무로1구역 골목형상점가,골목형상점가,충청남도,,,
f2977f8b4450c1be1693,full_annotation_v1,A,q_커피_07,디저트,카페·디저트 중 '커피'를 판매·제공하는 매장,train,커피,T3 개념확장,17f508ce-311f-4192-9b83-742e98ca07a3,메밀밭에가시리 디저트,디저트,서귀포매일올레시장,전통시장,제주특별자치도,,,
cb20cf2c9a926fb5aa2a,full_annotation_v1,A,q_커피_07,디저트,카페·디저트 중 '커피'를 판매·제공하는 매장,train,커피,T3 개념확장,0180ca71-6b0d-4231-9970-c91907f5b5e6,주식회사 디앤지,,선부광장로상점가,자율상권구역,경기도,,,
a68e1ef59dd563520b27,full_annotation_v1,A,q_커피_07,디저트,카페·디저트 중 '커피'를 판매·제공하는 매장,train,커피,T3 개념확장,e2a9280a-9cd9-4b57-aa6c-463e548d2900,구루구루,디저트,흑석시장골목형상점가,골목형상점가,서울특별시,,,
7aaba7fdbb8a395ac4fc,full_annotation_v1,A,q_커피_07,디저트,카페·디저트 중 '커피'를 판매·제공하는 매장,train,커피,T3 개념확장,31a5af1c-8d51-4f3d-a21d-3b77bb630724,일밀카페,커피 디저트,518먹자골목상인회 골목형상점가,골목형상점가,광주광역시,,,
be5a71344606eb538855,full_annotation_v1,A,q_커피_07,디저트,카페·디저트 중 '커피'를 판매·제공하는 매장,train,커피,T3 개념확장,80332720-7745-4271-8068-269b9bb708e2,개성시대,,부천역 지하도로 상가,일반지하상점가,경기도,,,
672fdd8e6191212afc6a,full_annotation_v1,A,q_커피_07,디저트,카페·디저트 중 '커피'를 판매·제공하는 매장,train,커피,T3 개념확장,27ffa690-fb99-4739-a1ac-bacc9b04c530,영동침구,침구,광장시장,전통시장,서울특별시,,,
62992559b392d7a3c8f6,full_annotation_v1,A,q_커피_07,디저트,카페·디저트 중 '커피'를 판매·제공하는 매장,train,커피,T3 개념확장,5a76c817-5b5d-4256-9c5a-1ea220de0120,애쉬스윗,디저트,춘천번개시장,전통시장,강원특별자치도,,,
64fd0f52d1f4868c79d4,full_annotation_v1,A,q_커피_07,디저트,카페·디저트 중 '커피'를 판매·제공하는 매장,train,커피,T3 개념확장,8c59c207-6a45-4692-bf31-04ebfad8744e,혜피니스케이크,디저트,운천테라스길상인회 골목형상점가,골목형상점가,광주광역시,,,
3e4cb34fceef732ed970,full_annotation_v1,A,q_커피_07,디저트,카페·디저트 중 '커피'를 판매·제공하는 매장,train,커피,T3 개념확장,7b0daf32-c410-4073-b3d0-3cad47f0c2eb,수제디저트달보드레,디저트,양주가래비중앙로상점가,골목형상점가,경기도,,,
dfc5e184482083ce4fe8,full_annotation_v1,A,q_커피_07,디저트,카페·디저트 중 '커피'를 판매·제공하는 매장,train,커피,T3 개념확장,0063671e-77f7-466c-bbc2-223497c0dae4,무가당,카페,세병호 골목형상점가,골목형상점가,전북특별자치도,,,
04187cffb06a87c50df3,full_annotation_v1,A,q_커피_07,디저트,카페·디저트 중 '커피'를 판매·제공하는 매장,train,커피,T3 개념확장,4e4e1f39-3e59-4773-a4b9-6c73810d5035,디저트하리,디저트,구봉산길 골목형상점가,골목형상점가,대전광역시,,,
968fe0c7cc5bff35bc6f,full_annotation_v1,A,q_커피_07,디저트,카페·디저트 중 '커피'를 판매·제공하는 매장,train,커피,T3 개념확장,12d9674d-c2d3-4552-a03a-0d9e973e0485,카니롱디저트,디저트,선부광장로상점가,자율상권구역,경기도,,,
7161f6ffaaf1ad4249b3,full_annotation_v1,A,q_커피_07,디저트,카페·디저트 중 '커피'를 판매·제공하는 매장,train,커피,T3 개념확장,1e1b726c-2231-4c91-971c-14249d1c3bdc,다시봄,디저트,산울림 골목형상점가,골목형상점가,세종특별자치시,,,
f80af53e29217a0b3fc6,full_annotation_v1,A,q_커피_07,디저트,카페·디저트 중 '커피'를 판매·제공하는 매장,train,커피,T3 개념확장,88233c8d-0a8d-48d8-aa31-d72a45ea066c,불광돌쇠닭강정,닭,대조시장,전통시장,서울특별시,,,
c1bcc077197982c74578,full_annotation_v1,A,q_커피_07,디저트,카페·디저트 중 '커피'를 판매·제공하는 매장,train,커피,T3 개념확장,0042e83d-930b-4d1d-a96f-f1a2691256cd,성화상회,과일,대구능금시장,전통시장,대구광역시,,,
416e92ccd520da1293bf,full_annotation_v1,A,q_커피_07,디저트,카페·디저트 중 '커피'를 판매·제공하는 매장,train,커피,T3 개념확장,9f340788-5eb4-49d8-8052-a978a6dee773,렛뎀잇케이크,디저트,은구비서로사회적협동조합 골목형상점가,골목형상점가,대전광역시,,,
5875bce34f2d7791ba77,full_annotation_v1,A,q_커피_08,아메리카노,카페·디저트 중 '커피'를 판매·제공하는 매장,train,커피,T3 개념확장,0dc3e059-18ef-4019-933b-67bb45694d50,킹카노래연습장,노래방,시청역상가번영회 골목형상점가,골목형상점가,광주광역시,,,
bb33f5a60a87d6632073,full_annotation_v1,A,q_커피_08,아메리카노,카페·디저트 중 '커피'를 판매·제공하는 매장,train,커피,T3 개념확장,b850da18-a886-4a4b-8f27-aa83d96aca09,금복통신,핸드폰통신,소촌중앙 골목형상점가,골목형상점가,광주광역시,,,
9e3a6030be9eaf3c7f5e,full_annotation_v1,A,q_커피_08,아메리카노,카페·디저트 중 '커피'를 판매·제공하는 매장,train,커피,T3 개념확장,9030f8dc-f059-4f11-90b2-5b6b7b9a4b3d,아메토스튜디오,,호매실역중심상가 골목형상점가,골목형상점가,경기도,,,
08dda784630dc230b9c0,full_annotation_v1,A,q_커피_08,아메리카노,카페·디저트 중 '커피'를 판매·제공하는 매장,train,커피,T3 개념확장,ad230240-a7d8-4cd9-acc5-0d3d658ababc,아메리칸피자,피자,서영대 먹자 골목형상점가,골목형상점가,광주광역시,,,
85873831f621665d8d62,full_annotation_v1,A,q_커피_08,아메리카노,카페·디저트 중 '커피'를 판매·제공하는 매장,train,커피,T3 개념확장,088c7f3c-bece-40dd-9dd6-1cd63259efe7,리카페,,양산 물금백호마을 골목형상점가,골목형상점가,경상남도,,,
6b854754b282f91b2b84,full_annotation_v1,A,q_커피_08,아메리카노,카페·디저트 중 '커피'를 판매·제공하는 매장,train,커피,T3 개념확장,8d898089-b1a4-4d3e-b0d7-a6bf7656dd08,아메리칸피자 일곡삼각점,피자전문점,삼각동 골목형상점가,골목형상점가,광주광역시,,,
df97103a03cb6c85f804,full_annotation_v1,A,q_커피_08,아메리카노,카페·디저트 중 '커피'를 판매·제공하는 매장,train,커피,T3 개념확장,a893e5c0-444b-4204-99ec-5d9c985bfd3c,노반뚜노,카페,엄사 골목형상점가,골목형상점가,충청남도,,,
fe1d770a2d7732f9b705,full_annotation_v1,A,q_커피_08,아메리카노,카페·디저트 중 '커피'를 판매·제공하는 매장,train,커피,T3 개념확장,003d7e3f-6459-4018-ac58-7184cd2457d5,눈치 금호점,카페,금호1동상가번영회 골목형상점가,골목형상점가,광주광역시,,,
a4d7ce450183d95c6c02,full_annotation_v1,A,q_커피_08,아메리카노,카페·디저트 중 '커피'를 판매·제공하는 매장,train,커피,T3 개념확장,620b4646-204a-4505-8a60-6ed8d68c4bb7,구우움 (참숯초벌구이),참숯구이전문점,운천역상인회 골목형상점가,골목형상점가,광주광역시,,,
5c4250022215d25cd673,full_annotation_v1,A,q_커피_08,아메리카노,카페·디저트 중 '커피'를 판매·제공하는 매장,train,커피,T3 개념확장,00045dfc-0681-4fb3-8265-33b3df14c289,한라농산,과일,황지시장상점가,자율상권구역,강원특별자치도,,,
157900a14a5825cfedbb,full_annotation_v1,A,q_커피_08,아메리카노,카페·디저트 중 '커피'를 판매·제공하는 매장,train,커피,T3 개념확장,ad397112-8b1e-4337-a5e0-2d2de9526de0,캡틴아메리카피자,피자,전남대후문골목형상점가,골목형상점가,광주광역시,,,
6fb504613880f33b7491,full_annotation_v1,A,q_커피_08,아메리카노,카페·디저트 중 '커피'를 판매·제공하는 매장,train,커피,T3 개념확장,003e7ebf-1112-4ab4-a484-67716e4b2a85,이든,카페,원주중앙시장활성화구역,상권활성화구역,강원특별자치도,,,
d3cdb289d957e717edde,full_annotation_v1,A,q_커피_08,아메리카노,카페·디저트 중 '커피'를 판매·제공하는 매장,train,커피,T3 개념확장,ea4b92db-e0f7-4a5a-9e4b-cb884b4ed980,딥시커피로스터스,커피,상무연하상인회 골목형상점가,골목형상점가,광주광역시,,,
1c805fc985275e5d7167,full_annotation_v1,A,q_커피_08,아메리카노,카페·디저트 중 '커피'를 판매·제공하는 매장,train,커피,T3 개념확장,5156e3ff-2bf5-4b53-8696-c55d3dd0ae83,미광지업사,벽지,용운시장,전통시장,대전광역시,,,
cdabf716107ff158f10c,full_annotation_v1,A,q_커피_08,아메리카노,카페·디저트 중 '커피'를 판매·제공하는 매장,train,커피,T3 개념확장,0038b8f8-2bc5-4e28-b122-22a93a38b3b0,컴포즈커피,커피 음료,용흥시장,전통시장,경상북도,,,
76d8a08249454969900e,full_annotation_v1,A,q_커피_08,아메리카노,카페·디저트 중 '커피'를 판매·제공하는 매장,train,커피,T3 개념확장,8533d25e-f62a-40de-a2af-f662b3f1b57f,아메리칸피자 어룡송정점,피자,소촌중앙 골목형상점가,골목형상점가,광주광역시,,,
56a8edd301c72454d3ba,full_annotation_v1,A,q_커피_08,아메리카노,카페·디저트 중 '커피'를 판매·제공하는 매장,train,커피,T3 개념확장,0f777bbc-8ecd-4b7b-a923-02d564767b6b,아메리칸핫도그,핫도그,월곡대반 골목형상점가,골목형상점가,광주광역시,,,
fd1bab35b14d6a65b5bd,full_annotation_v1,A,q_커피_08,아메리카노,카페·디저트 중 '커피'를 판매·제공하는 매장,train,커피,T3 개념확장,54df70b4-42b9-4d9a-b779-73747108fdb4,바렌티노,의류,서산중심상가,자율상권구역,충청남도,,,
2379bbdd1ceab7c29b63,full_annotation_v1,A,q_커피_08,아메리카노,카페·디저트 중 '커피'를 판매·제공하는 매장,train,커피,T3 개념확장,aa4f7c5e-ae14-4642-ae04-a605d302f2bb,아메리칸피자 수완신가점,음식,운수대통 골목형상점가,골목형상점가,광주광역시,,,
13c70969ca8e4aaaa9d6,full_annotation_v1,A,q_커피_08,아메리카노,카페·디저트 중 '커피'를 판매·제공하는 매장,train,커피,T3 개념확장,0f466d16-83ab-45bf-b754-b1a07540bb50,아메리칸핫도그앤커피,핫도그,용봉지구 골목형상점가,골목형상점가,광주광역시,,,
7304f66cda104dbfcb6f,full_annotation_v1,A,q_커피_08,아메리카노,카페·디저트 중 '커피'를 판매·제공하는 매장,train,커피,T3 개념확장,8c67d50c-c7fe-4aa6-b088-cdf65ef2217b,데리카,의류,진주 동성상가,전통시장,경상남도,,,
09c6c3e9743d32d88ff1,full_annotation_v1,A,q_커피_08,아메리카노,카페·디저트 중 '커피'를 판매·제공하는 매장,train,커피,T3 개념확장,7c9047bc-ea9c-4bca-98c7-0276bb8f5c7a,아메리칸피자 풍암금호점,피자,금호푸른상인회 골목형상점가,골목형상점가,광주광역시,,,
5b7e0e19f85447ae0435,full_annotation_v1,A,q_커피_08,아메리카노,카페·디저트 중 '커피'를 판매·제공하는 매장,train,커피,T3 개념확장,0042e83d-930b-4d1d-a96f-f1a2691256cd,성화상회,과일,대구능금시장,전통시장,대구광역시,,,
e544c688045defb82f0e,full_annotation_v1,A,q_커피_08,아메리카노,카페·디저트 중 '커피'를 판매·제공하는 매장,train,커피,T3 개념확장,a105b48e-308b-4548-acba-9a6da8ae68dc,이디야커피 메트로센터점,아메리카노,메트로센터(반월당지하쇼핑),일반지하상점가,대구광역시,,,
f16baf1ffbbf719b79a2,full_annotation_v1,A,q_커피_08,아메리카노,카페·디저트 중 '커피'를 판매·제공하는 매장,train,커피,T3 개념확장,0b8a83a9-b33a-4729-9011-f9eac9379b3f,클란,정장,진주 중앙시장,전통시장,경상남도,,,
15d1a92442746b8300d9,full_annotation_v1,A,q_커피_08,아메리카노,카페·디저트 중 '커피'를 판매·제공하는 매장,train,커피,T3 개념확장,00468e6b-39c6-4ce1-a534-a6b1eecac01d,태양농산물,과일,정릉서경대길골목형상점가(정릉골),골목형상점가,서울특별시,,,
cc25a9de941f5e1a772c,full_annotation_v1,A,q_커피_08,아메리카노,카페·디저트 중 '커피'를 판매·제공하는 매장,train,커피,T3 개념확장,e7806833-2304-4ec7-a0c0-3cca2f04f15e,탱이네빙수집 조치원점,"생과일빙수, 망고빙수, 팥빙수, 초코빙수, 아메리카노, 카페라떼",럭스스퀘어 골목형상점가,골목형상점가,세종특별자치시,,,
9e99156e8a106a8cc61f,full_annotation_v1,A,q_커피_08,아메리카노,카페·디저트 중 '커피'를 판매·제공하는 매장,train,커피,T3 개념확장,dc17a787-8631-449b-8531-afe3e46ffbb9,아메리칸레스토랑,양식,캐롤타운상점가 골목형상점가,골목형상점가,경상북도,,,
a80823dd9c23c24f4884,full_annotation_v1,A,q_커피_08,아메리카노,카페·디저트 중 '커피'를 판매·제공하는 매장,train,커피,T3 개념확장,94a495c9-78a5-42dd-9b0c-fb5c74962f52,만능모터스,자동차부품,둔포전통시장,전통시장,충청남도,,,
f566cc1143fd66039c9f,full_annotation_v1,A,q_커피_08,아메리카노,카페·디저트 중 '커피'를 판매·제공하는 매장,train,커피,T3 개념확장,3dab7d93-f350-4de0-91ff-111f71947db3,저스트라이크유,아메리카노케이크,광복마을5길 골목형상점가,골목형상점가,광주광역시,,,
c28ea12d02042bc00bad,full_annotation_v1,A,q_커피_08,아메리카노,카페·디저트 중 '커피'를 판매·제공하는 매장,train,커피,T3 개념확장,23fd4dd3-0e75-499d-9071-686ae9e0132f,쥬노,의류,부산평화시장,전통시장,부산광역시,,,
52b53aa694cadbe43a00,full_annotation_v1,A,q_커피_08,아메리카노,카페·디저트 중 '커피'를 판매·제공하는 매장,train,커피,T3 개념확장,22e447be-143b-4ae7-ac44-5a725f74e0a3,리노,,순천문화의거리 금꽃예술촌,자율상권구역,,,,
4e35584c819b2b4bd06c,full_annotation_v1,A,q_커피_08,아메리카노,카페·디저트 중 '커피'를 판매·제공하는 매장,train,커피,T3 개념확장,001a6b2a-e054-43e1-8e39-3e141a806e7e,마시오커피,커피,대인동예술담길 골목형상점가,골목형상점가,광주광역시,,,
2b3411c16246f9acf647,full_annotation_v1,A,q_커피_08,아메리카노,카페·디저트 중 '커피'를 판매·제공하는 매장,train,커피,T3 개념확장,8aae0e25-2a66-417c-b950-7a939f21ab65,카페시옷,아메리카노,무등로해피 골목형상점가,골목형상점가,광주광역시,,,
d1445bca57da2a6dcd94,full_annotation_v1,A,q_커피_08,아메리카노,카페·디저트 중 '커피'를 판매·제공하는 매장,train,커피,T3 개념확장,537f04f5-2af4-452f-9de3-1ba174a3fee9,발리,의류 및 잡화,수원남문패션1번가시장,전통시장,경기도,,,
74ea276e9f544fa10742,full_annotation_v1,A,q_커피_08,아메리카노,카페·디저트 중 '커피'를 판매·제공하는 매장,train,커피,T3 개념확장,000814be-1ad1-4f62-87e7-0e02af595e2f,사사,"샌드위치, 케이크, 커피",나릿재 골목형상점가,골목형상점가,세종특별자치시,,,
5e6477597409cc4cebd7,full_annotation_v1,A,q_커피_08,아메리카노,카페·디저트 중 '커피'를 판매·제공하는 매장,train,커피,T3 개념확장,bce290ac-904b-40d7-89fc-a83f05340667,블랙후드커피,아메리카노,신부유람단골목형상점가,골목형상점가,충청남도,,,
8d6284cb027b5321f5b2,full_annotation_v1,A,q_커피_08,아메리카노,카페·디저트 중 '커피'를 판매·제공하는 매장,train,커피,T3 개념확장,005cf715-6b17-4116-a663-d9a56b68ff54,비허밍 스터디카페 (진월),스터디카페,서문대로701번길 골목형상점가,골목형상점가,광주광역시,,,
bddd4351d5331f20a666,full_annotation_v1,A,q_커피_08,아메리카노,카페·디저트 중 '커피'를 판매·제공하는 매장,train,커피,T3 개념확장,1c74ff97-e148-4339-a790-5409d06f0261,아메리칸피자,피자,노암길골목형상점가,골목형상점가,강원특별자치도,,,
97fdd19836f745ff0efb,full_annotation_v1,A,q_커피_08,아메리카노,카페·디저트 중 '커피'를 판매·제공하는 매장,train,커피,T3 개념확장,bbd8cb8b-ad0f-4483-9ff3-51f56d0a9035,아메누,의류,숭례문수입상가,전통시장,서울특별시,,,
12650807bd1a02438e53,full_annotation_v1,A,q_커피_08,아메리카노,카페·디저트 중 '커피'를 판매·제공하는 매장,train,커피,T3 개념확장,5e7ee5b0-c758-4c8b-82f0-5702ff7b9a61,아메리칸피자 용인남사점,,남사한숲 골목형상점가,골목형상점가,경기도,,,
f2ffd61c6d46d2ba8b14,full_annotation_v1,A,q_커피_08,아메리카노,카페·디저트 중 '커피'를 판매·제공하는 매장,train,커피,T3 개념확장,006204f3-b214-4611-a434-f896bf75e919,장터사랑,과일,농성세대공감상인회 골목형상점가,골목형상점가,광주광역시,,,
e97f88109efa0347949f,full_annotation_v1,A,q_커피_08,아메리카노,카페·디저트 중 '커피'를 판매·제공하는 매장,train,커피,T3 개념확장,0c03b5af-6bcc-4845-812a-7a7460599260,주얼리 카노,귀금속,계수마을상인회 골목형상점가,골목형상점가,광주광역시,,,
382a04ce188c0c051578,full_annotation_v1,A,q_커피_08,아메리카노,카페·디저트 중 '커피'를 판매·제공하는 매장,train,커피,T3 개념확장,00b6de61-2c2e-4164-aee6-c011f81aec20,파리바게뜨 세종반곡,"베이커리, 케이크, 음료, 커피",반곡동행복 골목형상점가,골목형상점가,세종특별자치시,,,
e1815b90e3adb14b237d,full_annotation_v1,A,q_커피_08,아메리카노,카페·디저트 중 '커피'를 판매·제공하는 매장,train,커피,T3 개념확장,40ea7c35-a291-4453-9d8e-9339ca77c92d,관평동전자담배 아메리퀴드,전자담배,테크노밸리 골목형상점가,골목형상점가,대전광역시,,,
d3736db52d15e662dbc8,full_annotation_v1,A,q_커피_08,아메리카노,카페·디저트 중 '커피'를 판매·제공하는 매장,train,커피,T3 개념확장,00643a05-bc19-4096-bd28-93d17a13a461,스윗앤샷 대전둔산점,커피 및 음료,둔산2동 골목형상점가,골목형상점가,대전광역시,,,
ae844d655a984c8f570e,full_annotation_v1,A,q_커피_08,아메리카노,카페·디저트 중 '커피'를 판매·제공하는 매장,train,커피,T3 개념확장,32d1e014-0532-462a-a10d-66ef5e0bba12,예스제주하점,의류,제주중앙지하상가,일반지하상점가,제주특별자치도,,,
06b054f3111672a37ead,full_annotation_v1,A,q_커피_08,아메리카노,카페·디저트 중 '커피'를 판매·제공하는 매장,train,커피,T3 개념확장,691870cc-b024-4aa5-bbf2-94a3df6f8d8b,아메리카,신발,청주사창시장,전통시장,충청북도,,,
3481b2720954074c5cdc,full_annotation_v1,A,q_커피_08,아메리카노,카페·디저트 중 '커피'를 판매·제공하는 매장,train,커피,T3 개념확장,011e2df5-6d25-4553-bfc6-cdf779856853,올데이(All day),카페,남구 용대로 골목형상점가,골목형상점가,광주광역시,,,
a0e140889d7024c8ee2c,full_annotation_v1,A,q_커피_08,아메리카노,카페·디저트 중 '커피'를 판매·제공하는 매장,train,커피,T3 개념확장,8d81194b-2d72-442f-99b6-3755b7bead2b,두부콩나물,두부,길동복조리시장,전통시장,서울특별시,,,
c4be8287d0612cdda70a,full_annotation_v1,A,q_커피_08,아메리카노,카페·디저트 중 '커피'를 판매·제공하는 매장,train,커피,T3 개념확장,00333be0-b70d-4197-aa97-5a277d61e0da,㈜신진후르츠,과일,부전농수산물새벽시장,전통시장,부산광역시,,,
8935cf6da36ec26d96a7,full_annotation_v1,A,q_커피_08,아메리카노,카페·디저트 중 '커피'를 판매·제공하는 매장,train,커피,T3 개념확장,36bf2c85-203e-4057-979a-0f8de1dd43b7,전통음식점 원양,음식,양정전통시장,전통시장,부산광역시,,,
4a2bc1456f2ff3850578,full_annotation_v1,A,q_커피_08,아메리카노,카페·디저트 중 '커피'를 판매·제공하는 매장,train,커피,T3 개념확장,c2e3b3ed-bde9-468c-8d52-0ce200a00031,메리,,양정 골목형상점가,골목형상점가,울산광역시,,,
d58cb7386ae162b88626,full_annotation_v1,A,q_커피_08,아메리카노,카페·디저트 중 '커피'를 판매·제공하는 매장,train,커피,T3 개념확장,755a5a5c-460e-4e88-8827-a07413553420,생생상회(생생김밥),식품잡화,부전상가시장,전통시장,부산광역시,,,
a2ebe6a2d55768bd0a96,full_annotation_v1,A,q_커피_08,아메리카노,카페·디저트 중 '커피'를 판매·제공하는 매장,train,커피,T3 개념확장,0018e5c7-fa61-469b-8740-8bafdd196f3b,다소니(DASONI),커피 음료,두암사거리 골목형상점가,골목형상점가,광주광역시,,,
afb1e211a0cc847a1500,full_annotation_v1,A,q_커피_08,아메리카노,카페·디저트 중 '커피'를 판매·제공하는 매장,train,커피,T3 개념확장,2c984724-1e05-42cd-9496-a387f70c7508,리틀 아메리카,피자,평촌1번가 상점가,자율상권구역,경기도,,,
b88c64721ad26aa86c5e,full_annotation_v1,A,q_커피_08,아메리카노,카페·디저트 중 '커피'를 판매·제공하는 매장,train,커피,T3 개념확장,3f403527-4197-4a47-85fc-e31029f8b137,헤어플래너,미용실,수완나들목 골목형상점가,골목형상점가,광주광역시,,,
cd0b787f6cd4f48011e8,full_annotation_v1,A,q_커피_08,아메리카노,카페·디저트 중 '커피'를 판매·제공하는 매장,train,커피,T3 개념확장,0031ddcb-756f-40bf-ae71-0aa29f780139,더벤티상무점,커피,상무로자율상권,상권활성화구역,광주광역시,,,
285965db6a288f5e62c3,full_annotation_v1,A,q_커피_08,아메리카노,카페·디저트 중 '커피'를 판매·제공하는 매장,train,커피,T3 개념확장,8b5a4651-b626-4386-afe4-08be2b79f230,가오동전자담배 아메리퀴드,담배 잡화,가오동 골목형상점가,골목형상점가,대전광역시,,,
3b0364abcff7e4049df4,full_annotation_v1,A,q_커피_08,아메리카노,카페·디저트 중 '커피'를 판매·제공하는 매장,train,커피,T3 개념확장,89ad441a-696c-41a4-9258-90b225475bd9,뉴발란스포항점,스포츠용품,포항중앙상가,전통시장,경상북도,,,
0cd9f2d72a90314422f3,full_annotation_v1,A,q_커피_08,아메리카노,카페·디저트 중 '커피'를 판매·제공하는 매장,train,커피,T3 개념확장,788f81d3-8c94-4595-90f2-3ca70eed6904,세종전자담배 아메리퀴드 나성점,전자담배,나성동 소방청 골목형상점가,골목형상점가,세종특별자치시,,,
444f62eba4088cc6d89b,full_annotation_v1,A,q_커피_08,아메리카노,카페·디저트 중 '커피'를 판매·제공하는 매장,train,커피,T3 개념확장,0063671e-77f7-466c-bbc2-223497c0dae4,무가당,카페,세병호 골목형상점가,골목형상점가,전북특별자치도,,,
20b203f97a3af9411790,full_annotation_v1,A,q_커피_08,아메리카노,카페·디저트 중 '커피'를 판매·제공하는 매장,train,커피,T3 개념확장,008450bd-f343-47b8-bb6a-826291c52d8f,아이러브클린,준공청소 일반청소 에어컨청소 카페트청소 사무실및 상가청소 바닥청소,금당산길상인회 골목형상점가,골목형상점가,광주광역시,,,
046e46b808735bfa40fb,full_annotation_v1,A,q_커피_08,아메리카노,카페·디저트 중 '커피'를 판매·제공하는 매장,train,커피,T3 개념확장,d9a001db-f3cc-496d-83d3-ba99050cbfe0,아메리카무라,의류,신창상가,전통시장,부산광역시,,,
91ab132f45054b1a3271,full_annotation_v1,A,q_커피_08,아메리카노,카페·디저트 중 '커피'를 판매·제공하는 매장,train,커피,T3 개념확장,ed0499f5-5fd5-4676-a0eb-f72560486fa1,아메리칸퀼트갤러리,직물,봉선1로 골목형상점가,골목형상점가,광주광역시,,,
ed7ba9139f45f6674e1b,full_annotation_v1,A,q_커피_08,아메리카노,카페·디저트 중 '커피'를 판매·제공하는 매장,train,커피,T3 개념확장,0017b31e-27bf-4395-a7b2-ad9bc8554d97,컴포즈커피 충주호암한신더휴점,"커피, 음료",호암사천개로골목형상점가,골목형상점가,충청북도,,,
71eb99e9da05a3d09447,full_annotation_v1,A,q_커피_08,아메리카노,카페·디저트 중 '커피'를 판매·제공하는 매장,train,커피,T3 개념확장,713993d5-5d65-48f4-b2fb-bc228db54622,리하분식,분식,소촌중앙 골목형상점가,골목형상점가,광주광역시,,,
63164be3786f084a1276,full_annotation_v1,A,q_커피_08,아메리카노,카페·디저트 중 '커피'를 판매·제공하는 매장,train,커피,T3 개념확장,2bc921d7-1fa4-445d-9d35-60c2fcccf52d,로또김밥,한식,염주포스코상인회 골목형상점가,골목형상점가,광주광역시,,,
1d0b504dad23d8db0b0a,full_annotation_v1,A,q_커피_08,아메리카노,카페·디저트 중 '커피'를 판매·제공하는 매장,train,커피,T3 개념확장,c1618e1c-6a6b-4793-b71a-ed2a7814c230,아메리칸트레일러 수송점,"음료, 디저트",군산수송 골목형상점가,골목형상점가,전북특별자치도,,,
e8fec34b5620cdc239ec,full_annotation_v1,A,q_커피_08,아메리카노,카페·디저트 중 '커피'를 판매·제공하는 매장,train,커피,T3 개념확장,91524354-0ad5-4c1b-bebb-f4858df57991,바노,의류,고투몰(강남터미널지하도상점가),일반지하상점가,서울특별시,,,
22d16ca82bacdcba2f59,full_annotation_v1,A,q_커피_08,아메리카노,카페·디저트 중 '커피'를 판매·제공하는 매장,train,커피,T3 개념확장,00d3ef33-13db-4750-93a0-4b31010fcb70,온유베이크,카페,스타타워1 골목형상점가,골목형상점가,인천광역시,,,
b3b10176be9f3eae0425,full_annotation_v1,A,q_커피_08,아메리카노,카페·디저트 중 '커피'를 판매·제공하는 매장,train,커피,T3 개념확장,002e24d7-e3a9-45fc-aa78-632c2a7899e6,샌디얌,커피,금남로5가 골목형상점가,골목형상점가,광주광역시,,,
c589d24b451b4f4982c2,full_annotation_v1,A,q_커피_08,아메리카노,카페·디저트 중 '커피'를 판매·제공하는 매장,train,커피,T3 개념확장,63a1298e-25dc-44b8-ac13-43a788a08067,아메리칸피자 자양건대점,,뚝섬로52길 골목형상점가,골목형상점가,서울특별시,,,
705f87948612635c38b0,full_annotation_v1,A,q_커피_08,아메리카노,카페·디저트 중 '커피'를 판매·제공하는 매장,train,커피,T3 개념확장,841a61a4-90e1-431d-a582-72ce8da96cff,고노,한식,파랑새원룸상인회 골목형상점가,골목형상점가,광주광역시,,,
b399a97433bf5a0df176,full_annotation_v1,A,q_커피_08,아메리카노,카페·디저트 중 '커피'를 판매·제공하는 매장,train,커피,T3 개념확장,7f4cded7-f38c-4c90-80bd-f466be9cb691,뉴화정자동차공업사(카센타),자동차정비,맛조이상인회 골목형상점가,골목형상점가,광주광역시,,,
f267181589560df4a88b,full_annotation_v1,A,q_커피_08,아메리카노,카페·디저트 중 '커피'를 판매·제공하는 매장,train,커피,T3 개념확장,21d22a05-f85a-4051-be0d-b86defb333ec,아메리칸치킨,치킨,홍도동 상점가,자율상권구역,대전광역시,,,
d914bb26a50d750ec888,full_annotation_v1,A,q_커피_08,아메리카노,카페·디저트 중 '커피'를 판매·제공하는 매장,train,커피,T3 개념확장,6178cda7-d906-4397-9141-9f37f52cedeb,아메리칸피자서구점,피자,쌍촌골상인회 골목형상점가,골목형상점가,광주광역시,,,
565486f516e63e8e3c32,full_annotation_v1,A,q_커피_09,생과일주스 마실 곳,카페·디저트 중 '커피'를 판매·제공하는 매장,train,커피,T4 구어·문장,827c8aaf-ed4d-413a-ad2f-ce07eb2ede48,칸타빌레음악교습소,피아노,상암마을상인회 골목형상점가,골목형상점가,광주광역시,,,
f519652fc89b3b4648d9,full_annotation_v1,A,q_커피_09,생과일주스 마실 곳,카페·디저트 중 '커피'를 판매·제공하는 매장,train,커피,T4 구어·문장,3afaeb7f-abbe-428d-9639-636ea1bf8672,쥬씨&차얌,커피 과일주스,평촌1번가 상점가,자율상권구역,경기도,,,
13356b33b7662de72527,full_annotation_v1,A,q_커피_09,생과일주스 마실 곳,카페·디저트 중 '커피'를 판매·제공하는 매장,train,커피,T4 구어·문장,ac2c91ad-301d-43e9-960f-b6d9ad5f3262,오늘주스,"착즙주스, 생과일주스",엑스포코아 골목형상점가,골목형상점가,대전광역시,,,
49bebc0011504e50af3a,full_annotation_v1,A,q_커피_09,생과일주스 마실 곳,카페·디저트 중 '커피'를 판매·제공하는 매장,train,커피,T4 구어·문장,137b177e-1a8b-45bc-8229-0824af63eadc,마실,두부김치 알탕,화산로31번길 골목형상점가,골목형상점가,광주광역시,,,
907d98502db77d66f147,full_annotation_v1,A,q_커피_09,생과일주스 마실 곳,카페·디저트 중 '커피'를 판매·제공하는 매장,train,커피,T4 구어·문장,672221ca-0a1e-4c12-995d-b78e205721f6,과일담다,"컵과일, 과일도시락, 생과일주스",우림골목시장,전통시장,서울특별시,,,
fc043730a987368dc127,full_annotation_v1,A,q_커피_09,생과일주스 마실 곳,카페·디저트 중 '커피'를 판매·제공하는 매장,train,커피,T4 구어·문장,f251886a-d049-45df-ab67-a03e4909a4e2,달콤달달,과일주스 과일도시락,가경터미널시장,전통시장,충청북도,,,
f350b72d18a62bbf1607,full_annotation_v1,A,q_커피_09,생과일주스 마실 곳,카페·디저트 중 '커피'를 판매·제공하는 매장,train,커피,T4 구어·문장,0038b8f8-2bc5-4e28-b122-22a93a38b3b0,컴포즈커피,커피 음료,용흥시장,전통시장,경상북도,,,
0dcb2e269a7249c47898,full_annotation_v1,A,q_커피_09,생과일주스 마실 곳,카페·디저트 중 '커피'를 판매·제공하는 매장,train,커피,T4 구어·문장,24456103-f6b8-46af-8655-82e61d7265d8,커피가 머무르는 곳,커피,반드레길골목형상점가,골목형상점가,서울특별시,,,
7ba6a4241209bf780def,full_annotation_v1,A,q_커피_09,생과일주스 마실 곳,카페·디저트 중 '커피'를 판매·제공하는 매장,train,커피,T4 구어·문장,f6f1449a-5a40-4c6b-b1a7-5ffb58cec8f2,기영이 숯불두마리치킨 양주옥정점,치킨,옥정메인타워상점가,골목형상점가,경기도,,,
c713096330a9f0036a47,full_annotation_v1,A,q_커피_09,생과일주스 마실 곳,카페·디저트 중 '커피'를 판매·제공하는 매장,train,커피,T4 구어·문장,0042e83d-930b-4d1d-a96f-f1a2691256cd,성화상회,과일,대구능금시장,전통시장,대구광역시,,,
d24794eb91d02c4db5a2,full_annotation_v1,A,q_커피_09,생과일주스 마실 곳,카페·디저트 중 '커피'를 판매·제공하는 매장,train,커피,T4 구어·문장,3f39c61b-7bdf-4105-898c-1ceb5dbe75ae,마실,커,농성누리상인회 골목형상점가,골목형상점가,광주광역시,,,
e840c7f5400560968bd4,full_annotation_v1,A,q_커피_09,생과일주스 마실 곳,카페·디저트 중 '커피'를 판매·제공하는 매장,train,커피,T4 구어·문장,008450bd-f343-47b8-bb6a-826291c52d8f,아이러브클린,준공청소 일반청소 에어컨청소 카페트청소 사무실및 상가청소 바닥청소,금당산길상인회 골목형상점가,골목형상점가,광주광역시,,,
de11c6ab5e7678337fec,full_annotation_v1,A,q_커피_09,생과일주스 마실 곳,카페·디저트 중 '커피'를 판매·제공하는 매장,train,커피,T4 구어·문장,36717e78-b268-4b15-ad11-6c7acf813b01,마실,한식,서부시장,전통시장,대구광역시,,,
243f1406b5ddb05a7f29,full_annotation_v1,A,q_커피_09,생과일주스 마실 곳,카페·디저트 중 '커피'를 판매·제공하는 매장,train,커피,T4 구어·문장,00468e6b-39c6-4ce1-a534-a6b1eecac01d,태양농산물,과일,정릉서경대길골목형상점가(정릉골),골목형상점가,서울특별시,,,
d7fa84afdf8eb5b84ad7,full_annotation_v1,A,q_커피_09,생과일주스 마실 곳,카페·디저트 중 '커피'를 판매·제공하는 매장,train,커피,T4 구어·문장,93439e64-fa00-4733-a539-b41aa4fbd649,맛나쥬's,과일주스 샌드위치 디저트,인현시장 상점가,자율상권구역,서울특별시,,,
0a305521713828ba58b4,full_annotation_v1,A,q_커피_09,생과일주스 마실 곳,카페·디저트 중 '커피'를 판매·제공하는 매장,train,커피,T4 구어·문장,00d3ef33-13db-4750-93a0-4b31010fcb70,온유베이크,카페,스타타워1 골목형상점가,골목형상점가,인천광역시,,,
629d35c864039af45445,full_annotation_v1,A,q_커피_09,생과일주스 마실 곳,카페·디저트 중 '커피'를 판매·제공하는 매장,train,커피,T4 구어·문장,8292dfa0-3539-45ee-911a-986f21e36800,광이네과일과게&주스,생과일주스커피,진천혁신골목형상점가,골목형상점가,충청북도,,,
290c69b8d5892cb1f24d,full_annotation_v1,A,q_커피_09,생과일주스 마실 곳,카페·디저트 중 '커피'를 판매·제공하는 매장,train,커피,T4 구어·문장,418dc089-c55b-4898-ab3f-832620e70114,진향건강원,과일주스,옥과설산골목형상점가,골목형상점가,전라남도,,,
ce4dc3d0076b1e17cb85,full_annotation_v1,A,q_커피_09,생과일주스 마실 곳,카페·디저트 중 '커피'를 판매·제공하는 매장,train,커피,T4 구어·문장,e70c5c92-02c1-4e7a-bb79-175c6713d31c,명주방앗간(분점),키피및과일주스,강릉성남시장,전통시장,강원특별자치도,,,
758dbb8fc2745e5ac234,full_annotation_v1,A,q_커피_09,생과일주스 마실 곳,카페·디저트 중 '커피'를 판매·제공하는 매장,train,커피,T4 구어·문장,2a1c1bf2-511d-4917-baec-f3f9253e76db,마실,한식,용봉IC 골목형상점가,골목형상점가,광주광역시,,,
250ce8d28b29c84046a5,full_annotation_v1,A,q_커피_09,생과일주스 마실 곳,카페·디저트 중 '커피'를 판매·제공하는 매장,train,커피,T4 구어·문장,99c4bd97-e02f-4c4e-871b-bc9c140051c9,마실,기타,부산자유시장,전통시장,부산광역시,,,
d42588d222e58ecd33d6,full_annotation_v1,A,q_커피_09,생과일주스 마실 곳,카페·디저트 중 '커피'를 판매·제공하는 매장,train,커피,T4 구어·문장,a768edbd-008d-4771-9973-e1dd0fe8e632,아마스빈 세종새롬점,"커피, 버블티, 과일주스 등",새롬동 골목형상점가,골목형상점가,세종특별자치시,,,
a6e8eac4f10745a2df89,full_annotation_v1,A,q_커피_09,생과일주스 마실 곳,카페·디저트 중 '커피'를 판매·제공하는 매장,train,커피,T4 구어·문장,2743811c-5e71-4d2b-aa75-1b0147d44f2d,사우 꽃이 피는 곳,꽃,김포 풍년마을 골목형상점가,골목형상점가,경기도,,,
aa0506f94774601f583c,full_annotation_v1,A,q_커피_09,생과일주스 마실 곳,카페·디저트 중 '커피'를 판매·제공하는 매장,train,커피,T4 구어·문장,a294d11c-6802-4988-8d8a-819cd025154c,경인상회,건어물,내토전통시장,전통시장,충청북도,,,
0d1a70591e5f485da286,full_annotation_v1,A,q_커피_09,생과일주스 마실 곳,카페·디저트 중 '커피'를 판매·제공하는 매장,train,커피,T4 구어·문장,c111ac9d-3f3a-405c-a8db-4d127ccda9e2,행복이 있는 곳,잡화,제주로얄쇼핑센터,자율상권구역,제주특별자치도,,,
7de7576032c80596ca2d,full_annotation_v1,A,q_커피_09,생과일주스 마실 곳,카페·디저트 중 '커피'를 판매·제공하는 매장,train,커피,T4 구어·문장,3284a32d-cfa8-422a-8f8c-e18828db694b,20세기의류,의류,서천특화시장,전통시장,충청남도,,,
2618c952aa4756c373e7,full_annotation_v1,A,q_커피_09,생과일주스 마실 곳,카페·디저트 중 '커피'를 판매·제공하는 매장,train,커피,T4 구어·문장,0108e643-fd1b-4a85-b405-4e003d477bc9,(M)마실 파크골프 방배점,서비스,방배카페골목 골목형상점가,골목형상점가,서울특별시,,,
6971e7c4a77f6ae28517,full_annotation_v1,A,q_커피_09,생과일주스 마실 곳,카페·디저트 중 '커피'를 판매·제공하는 매장,train,커피,T4 구어·문장,26e13643-dd8b-4e6d-9498-9cffa17291a6,"카페,선명하다",커피 생과일주스 등,정남진장흥토요시장,전통시장,전라남도,,,
ce485b99699d299682bc,full_annotation_v1,A,q_커피_09,생과일주스 마실 곳,카페·디저트 중 '커피'를 판매·제공하는 매장,train,커피,T4 구어·문장,5fba9d55-38ba-45b8-901d-d7873f5e9bd6,더(the)스시,일식,양원숲길 골목형상점가,골목형상점가,서울특별시,,,
46ccd1d4138279e9e513,full_annotation_v1,A,q_커피_09,생과일주스 마실 곳,카페·디저트 중 '커피'를 판매·제공하는 매장,train,커피,T4 구어·문장,002e24d7-e3a9-45fc-aa78-632c2a7899e6,샌디얌,커피,금남로5가 골목형상점가,골목형상점가,광주광역시,,,
e5a2b42246ae46ac880f,full_annotation_v1,A,q_커피_09,생과일주스 마실 곳,카페·디저트 중 '커피'를 판매·제공하는 매장,train,커피,T4 구어·문장,00b6de61-2c2e-4164-aee6-c011f81aec20,파리바게뜨 세종반곡,"베이커리, 케이크, 음료, 커피",반곡동행복 골목형상점가,골목형상점가,세종특별자치시,,,
4e43feaa39646db58b16,full_annotation_v1,A,q_커피_09,생과일주스 마실 곳,카페·디저트 중 '커피'를 판매·제공하는 매장,train,커피,T4 구어·문장,aa5eda8d-f944-40c3-910f-970e71acb913,반했닭,치킨,방학동도깨비시장,전통시장,서울특별시,,,
be355dfec62ce823c616,full_annotation_v1,A,q_커피_09,생과일주스 마실 곳,카페·디저트 중 '커피'를 판매·제공하는 매장,train,커피,T4 구어·문장,250b83a4-be79-4518-9965-fc9b521f102e,꽃길,꽃 화분,옥정메인타워상점가,골목형상점가,경기도,,,
58ae08c474492fc162f2,full_annotation_v1,A,q_커피_09,생과일주스 마실 곳,카페·디저트 중 '커피'를 판매·제공하는 매장,train,커피,T4 구어·문장,000814be-1ad1-4f62-87e7-0e02af595e2f,사사,"샌드위치, 케이크, 커피",나릿재 골목형상점가,골목형상점가,세종특별자치시,,,
31d5a052451ebbf7a2f5,full_annotation_v1,A,q_커피_09,생과일주스 마실 곳,카페·디저트 중 '커피'를 판매·제공하는 매장,train,커피,T4 구어·문장,10f56da7-d91c-427e-b0d6-47b3a477fe82,마실,의류,서산중심상가,자율상권구역,충청남도,,,
a5830499e4b9e1cb0c0b,full_annotation_v1,A,q_커피_09,생과일주스 마실 곳,카페·디저트 중 '커피'를 판매·제공하는 매장,train,커피,T4 구어·문장,9cc4ec7d-9242-406b-8eb1-fc0b14f9d74f,메가후르츠 원주혁신점,과일도시락 생과일주스 등,혁신도시5구역골목형상점가,골목형상점가,강원특별자치도,,,
73569ec8e49c78245bf7,full_annotation_v1,A,q_커피_09,생과일주스 마실 곳,카페·디저트 중 '커피'를 판매·제공하는 매장,train,커피,T4 구어·문장,20d23562-e5a0-4810-9b59-d88b76a5eb38,마실,한식,대왕암 월봉시장,전통시장,울산광역시,,,
3529e3e9f2eacea5f645,full_annotation_v1,A,q_커피_09,생과일주스 마실 곳,카페·디저트 중 '커피'를 판매·제공하는 매장,train,커피,T4 구어·문장,0f938025-2917-4de2-92fd-d1a7fcc8d4d9,마실,,청마로 골목형상점가,골목형상점가,인천광역시,,,
07451c75cb49a6742e35,full_annotation_v1,A,q_커피_09,생과일주스 마실 곳,카페·디저트 중 '커피'를 판매·제공하는 매장,train,커피,T4 구어·문장,8844bf3f-7743-441a-9c07-6a426119a680,전남친순대 양원역점,한식,양원숲길 골목형상점가,골목형상점가,서울특별시,,,
b44a5425a3f455b88d0f,full_annotation_v1,A,q_커피_09,생과일주스 마실 곳,카페·디저트 중 '커피'를 판매·제공하는 매장,train,커피,T4 구어·문장,4a22af65-7072-46d5-a71f-a4295d795082,시쥬,생과일쥬스,중앙로 지하상가 상점가,일반지하상점가,대전광역시,,,
02726873350d91bc6cbf,full_annotation_v1,A,q_커피_09,생과일주스 마실 곳,카페·디저트 중 '커피'를 판매·제공하는 매장,train,커피,T4 구어·문장,70653d99-666d-410c-866d-57f33ccb8024,마실,,안성맞춤시장,전통시장,경기도,,,
b84353628aa1e83fd738,full_annotation_v1,A,q_커피_09,생과일주스 마실 곳,카페·디저트 중 '커피'를 판매·제공하는 매장,train,커피,T4 구어·문장,db027453-65c9-400a-9561-5926627748f5,얼굴선햅번스타일선유정에스테틱,화장품,상암마을상인회 골목형상점가,골목형상점가,광주광역시,,,
4905cc40c4b546069522,full_annotation_v1,A,q_커피_09,생과일주스 마실 곳,카페·디저트 중 '커피'를 판매·제공하는 매장,train,커피,T4 구어·문장,ed4c68b8-cedd-424b-9c14-90dec2d5784b,쥬씨,과일주스 커피 디저트,두마면 대실골목형상점가,골목형상점가,충청남도,,,
bc50c876c2ca4bbb3b82,full_annotation_v1,A,q_커피_09,생과일주스 마실 곳,카페·디저트 중 '커피'를 판매·제공하는 매장,train,커피,T4 구어·문장,011e2df5-6d25-4553-bfc6-cdf779856853,올데이(All day),카페,남구 용대로 골목형상점가,골목형상점가,광주광역시,,,
ff26f554f484190d4b1e,full_annotation_v1,A,q_커피_09,생과일주스 마실 곳,카페·디저트 중 '커피'를 판매·제공하는 매장,train,커피,T4 구어·문장,1fff646b-9da6-4cf4-9a21-acd904136851,캔모아,생과일,공주대학로 골목형 상점가,골목형상점가,충청남도,,,
a9e5470aae1599e2e667,full_annotation_v1,A,q_커피_09,생과일주스 마실 곳,카페·디저트 중 '커피'를 판매·제공하는 매장,train,커피,T4 구어·문장,005cf715-6b17-4116-a663-d9a56b68ff54,비허밍 스터디카페 (진월),스터디카페,서문대로701번길 골목형상점가,골목형상점가,광주광역시,,,
1ac38694495cb0510aab,full_annotation_v1,A,q_커피_09,생과일주스 마실 곳,카페·디저트 중 '커피'를 판매·제공하는 매장,train,커피,T4 구어·문장,7c573737-7516-475e-9623-ec16a148e6f2,차사랑,"커피, 차",중앙상가시장,전통시장,대전광역시,,,
81fb3e9ea18a5f48717c,full_annotation_v1,A,q_커피_09,생과일주스 마실 곳,카페·디저트 중 '커피'를 판매·제공하는 매장,train,커피,T4 구어·문장,4b0b6c83-717b-4db2-81d1-6bb16b366800,마실,한식,양산길 골목형상점가,골목형상점가,광주광역시,,,
63b5c1e493a97661d44c,full_annotation_v1,A,q_커피_09,생과일주스 마실 곳,카페·디저트 중 '커피'를 판매·제공하는 매장,train,커피,T4 구어·문장,0017b31e-27bf-4395-a7b2-ad9bc8554d97,컴포즈커피 충주호암한신더휴점,"커피, 음료",호암사천개로골목형상점가,골목형상점가,충청북도,,,
fac9b169b19dfff5bf04,full_annotation_v1,A,q_커피_09,생과일주스 마실 곳,카페·디저트 중 '커피'를 판매·제공하는 매장,train,커피,T4 구어·문장,11397d7e-3de2-49b5-8483-fd523ccb3487,마실(MASIL),카페,수완이지더원 골목형상점가,골목형상점가,광주광역시,,,
4ec6759dee217b9d3963,full_annotation_v1,A,q_커피_09,생과일주스 마실 곳,카페·디저트 중 '커피'를 판매·제공하는 매장,train,커피,T4 구어·문장,3f2d05aa-3faa-4fae-acdd-df338b3416da,마실,의류,장량성도시장,전통시장,경상북도,,,
aac28ad965bded5d2263,full_annotation_v1,A,q_커피_09,생과일주스 마실 곳,카페·디저트 중 '커피'를 판매·제공하는 매장,train,커피,T4 구어·문장,34687f80-8c3a-4f5d-b627-7c0808a6d3e4,마실,의류,내수전통시장,전통시장,충청북도,,,
7b6579de3881f68df7cd,full_annotation_v1,A,q_커피_09,생과일주스 마실 곳,카페·디저트 중 '커피'를 판매·제공하는 매장,train,커피,T4 구어·문장,00333be0-b70d-4197-aa97-5a277d61e0da,㈜신진후르츠,과일,부전농수산물새벽시장,전통시장,부산광역시,,,
8717b98dbad71a0d098b,full_annotation_v1,A,q_커피_09,생과일주스 마실 곳,카페·디저트 중 '커피'를 판매·제공하는 매장,train,커피,T4 구어·문장,90754942-5837-4d85-b429-3bfb41827259,벼리마을(안양시장애인보호작업장),제과점,안양중앙인정시장,전통시장,경기도,,,
fc0ddb5eb03c42defbc4,full_annotation_v1,A,q_커피_09,생과일주스 마실 곳,카페·디저트 중 '커피'를 판매·제공하는 매장,train,커피,T4 구어·문장,f0b07279-7be6-4536-b97f-18550dde71d6,카페쉼표,커피디져트과일주스,주월1동독립로 골목형상점가,골목형상점가,광주광역시,,,
711c135bed3245f46ea9,full_annotation_v1,A,q_커피_09,생과일주스 마실 곳,카페·디저트 중 '커피'를 판매·제공하는 매장,train,커피,T4 구어·문장,0031ddcb-756f-40bf-ae71-0aa29f780139,더벤티상무점,커피,상무로자율상권,상권활성화구역,광주광역시,,,
9f4004245510b5f52095,full_annotation_v1,A,q_커피_09,생과일주스 마실 곳,카페·디저트 중 '커피'를 판매·제공하는 매장,train,커피,T4 구어·문장,006204f3-b214-4611-a434-f896bf75e919,장터사랑,과일,농성세대공감상인회 골목형상점가,골목형상점가,광주광역시,,,
69c93b0e02786c2ad5dd,full_annotation_v1,A,q_커피_09,생과일주스 마실 곳,카페·디저트 중 '커피'를 판매·제공하는 매장,train,커피,T4 구어·문장,0018e5c7-fa61-469b-8740-8bafdd196f3b,다소니(DASONI),커피 음료,두암사거리 골목형상점가,골목형상점가,광주광역시,,,
95566fdbaddace38b6ff,full_annotation_v1,A,q_커피_09,생과일주스 마실 곳,카페·디저트 중 '커피'를 판매·제공하는 매장,train,커피,T4 구어·문장,58d09887-0463-4826-a7dd-da2fb3c59742,마실,한식,포항 해도새록새로 골목형상점가,골목형상점가,경상북도,,,
50167a2c833ec7b14d38,full_annotation_v1,A,q_커피_09,생과일주스 마실 곳,카페·디저트 중 '커피'를 판매·제공하는 매장,train,커피,T4 구어·문장,9872a5f6-c21b-4c52-aecf-d072281a02ef,울엄마밥상,한식,중앙상가시장,전통시장,대전광역시,,,
3f1729784d559dedf31e,full_annotation_v1,A,q_커피_09,생과일주스 마실 곳,카페·디저트 중 '커피'를 판매·제공하는 매장,train,커피,T4 구어·문장,ab3ea7b0-faa7-4922-9c22-876be634e751,쥬청과,과일주스,동명동 카페거리 골목형상점가,골목형상점가,광주광역시,,,
99947a358be535d77b68,full_annotation_v1,A,q_커피_09,생과일주스 마실 곳,카페·디저트 중 '커피'를 판매·제공하는 매장,train,커피,T4 구어·문장,4fa2e5c8-3e52-4cbf-9d20-d86095233e64,다인,생과일주스,뒤뜰골목형상점가,골목형상점가,강원특별자치도,,,
0feeaf3676cf68f57605,full_annotation_v1,A,q_커피_09,생과일주스 마실 곳,카페·디저트 중 '커피'를 판매·제공하는 매장,train,커피,T4 구어·문장,76a3551b-dae4-4326-92cc-662015aedbfb,쉴 곳,한식,칠성로상점가,자율상권구역,제주특별자치도,,,
3f4ecc35854ad13ac4a5,full_annotation_v1,A,q_커피_09,생과일주스 마실 곳,카페·디저트 중 '커피'를 판매·제공하는 매장,train,커피,T4 구어·문장,c3c417b2-ab49-4316-86b8-fb6bfb8152be,과일카페190,과일주스,장성중앙시장,전통시장,강원특별자치도,,,
1ca68855a3c905a7073f,full_annotation_v1,A,q_커피_09,생과일주스 마실 곳,카페·디저트 중 '커피'를 판매·제공하는 매장,train,커피,T4 구어·문장,00045dfc-0681-4fb3-8265-33b3df14c289,한라농산,과일,황지시장상점가,자율상권구역,강원특별자치도,,,
7b2e9a52c1b019c5e215,full_annotation_v1,A,q_커피_09,생과일주스 마실 곳,카페·디저트 중 '커피'를 판매·제공하는 매장,train,커피,T4 구어·문장,d4379690-0a04-4294-9b56-edac4629d3fd,마실,의류,홍도동 상점가,자율상권구역,대전광역시,,,
2e29db4aa8e61834bd27,full_annotation_v1,A,q_커피_09,생과일주스 마실 곳,카페·디저트 중 '커피'를 판매·제공하는 매장,train,커피,T4 구어·문장,003d7e3f-6459-4018-ac58-7184cd2457d5,눈치 금호점,카페,금호1동상가번영회 골목형상점가,골목형상점가,광주광역시,,,
9364966f122896f6991f,full_annotation_v1,A,q_커피_09,생과일주스 마실 곳,카페·디저트 중 '커피'를 판매·제공하는 매장,train,커피,T4 구어·문장,94392e34-9f89-4255-a1ef-06a0bfc29665,마실,한식,언양읍성 남문 골목형상점가,골목형상점가,울산광역시,,,
bcd5c321edc6757c4e59,full_annotation_v1,A,q_커피_09,생과일주스 마실 곳,카페·디저트 중 '커피'를 판매·제공하는 매장,train,커피,T4 구어·문장,65cc8e0d-1ba7-4e41-842b-0969a335578c,뿔라헤어컷,미용,"일곡동(제4지역:쌍용,호반,청솔2,호반일신,청솔1)",골목형상점가,광주광역시,,,
7e1232cee1f476b9d051,full_annotation_v1,A,q_커피_09,생과일주스 마실 곳,카페·디저트 중 '커피'를 판매·제공하는 매장,train,커피,T4 구어·문장,a80c82cd-3750-40b7-9da9-8678f0ee9936,전라도맛집,한식,루원이음길 골목형상점가,골목형상점가,인천광역시,,,
da320fe515beb69e0371,full_annotation_v1,A,q_커피_09,생과일주스 마실 곳,카페·디저트 중 '커피'를 판매·제공하는 매장,train,커피,T4 구어·문장,8f8d13f9-a663-4077-bbb2-2d30b533fb58,마실,,동탄그랑파사쥬 상점가,골목형상점가,경기도,,,
dd5fd2d960165182cafe,full_annotation_v1,A,q_커피_09,생과일주스 마실 곳,카페·디저트 중 '커피'를 판매·제공하는 매장,train,커피,T4 구어·문장,003e7ebf-1112-4ab4-a484-67716e4b2a85,이든,카페,원주중앙시장활성화구역,상권활성화구역,강원특별자치도,,,
94971bab4c32290abf7e,full_annotation_v1,A,q_커피_09,생과일주스 마실 곳,카페·디저트 중 '커피'를 판매·제공하는 매장,train,커피,T4 구어·문장,bdf3a400-9d49-4612-88b7-75e08b4d8256,댕마실,,노안면 골목형상점가,골목형상점가,,,,
6bdd0e1812cbb47c6cb0,full_annotation_v1,A,q_커피_09,생과일주스 마실 곳,카페·디저트 중 '커피'를 판매·제공하는 매장,train,커피,T4 구어·문장,7ca77490-7ed1-47f7-abbe-b7cbeb7c9200,마실(봉덕점),일반음식,봉덕맛길 골목형상점가,골목형상점가,대구광역시,,,
2bc41b0dda6a2f0b2873,full_annotation_v1,A,q_커피_09,생과일주스 마실 곳,카페·디저트 중 '커피'를 판매·제공하는 매장,train,커피,T4 구어·문장,72d60c22-a815-4fdf-a7c6-6f84c4ecdbf2,마실,한식,남성역 골목시장,전통시장,서울특별시,,,
c5f0ebd7eb0030e12a29,full_annotation_v1,A,q_커피_09,생과일주스 마실 곳,카페·디저트 중 '커피'를 판매·제공하는 매장,train,커피,T4 구어·문장,c691a22d-7069-467e-8dc2-007300df4e95,마실 잡화점,,부안마실 상권활성화구역,상권활성화구역,전북특별자치도,,,
32af36d892fe371b57db,full_annotation_v1,A,q_커피_09,생과일주스 마실 곳,카페·디저트 중 '커피'를 판매·제공하는 매장,train,커피,T4 구어·문장,001a6b2a-e054-43e1-8e39-3e141a806e7e,마시오커피,커피,대인동예술담길 골목형상점가,골목형상점가,광주광역시,,,
f318d8b967d95a53e5ee,full_annotation_v1,A,q_커피_09,생과일주스 마실 곳,카페·디저트 중 '커피'를 판매·제공하는 매장,train,커피,T4 구어·문장,2b2efd22-554f-4e63-a881-a37882320419,아름다운 동행 마실,한식,칠성로상점가,자율상권구역,제주특별자치도,,,
1d21ff4f2e5a6b2517f3,full_annotation_v1,A,q_커피_09,생과일주스 마실 곳,카페·디저트 중 '커피'를 판매·제공하는 매장,train,커피,T4 구어·문장,5fd51020-d52d-40ce-bcbe-46471bd1b9e8,한아름김밥,음식,진주 자유시장,전통시장,경상남도,,,
05cb197d4bac4a97a391,full_annotation_v1,A,q_커피_09,생과일주스 마실 곳,카페·디저트 중 '커피'를 판매·제공하는 매장,train,커피,T4 구어·문장,8aec65cd-094c-4301-be35-4dff64fd7b82,일곡열쇠철물,열쇠,"일곡동(제4지역:쌍용,호반,청솔2,호반일신,청솔1)",골목형상점가,광주광역시,,,
12e2f71ea55f83db4f54,full_annotation_v1,A,q_커피_09,생과일주스 마실 곳,카페·디저트 중 '커피'를 판매·제공하는 매장,train,커피,T4 구어·문장,00643a05-bc19-4096-bd28-93d17a13a461,스윗앤샷 대전둔산점,커피 및 음료,둔산2동 골목형상점가,골목형상점가,대전광역시,,,
1d273e095d616470a6d7,full_annotation_v1,A,q_커피_09,생과일주스 마실 곳,카페·디저트 중 '커피'를 판매·제공하는 매장,train,커피,T4 구어·문장,0063671e-77f7-466c-bbc2-223497c0dae4,무가당,카페,세병호 골목형상점가,골목형상점가,전북특별자치도,,,
8f2a95f21ab79a7f86d7,full_annotation_v1,A,q_커피_09,생과일주스 마실 곳,카페·디저트 중 '커피'를 판매·제공하는 매장,train,커피,T4 구어·문장,73180191-45a4-4c42-afde-d4356d34edc8,마실,커피,삼례시장,전통시장,전북특별자치도,,,
c2f7bcb087522b0b5d25,full_annotation_v1,A,q_커피_09,생과일주스 마실 곳,카페·디저트 중 '커피'를 판매·제공하는 매장,train,커피,T4 구어·문장,edc8f7be-e896-4bbe-ad68-f925241445bf,쥬씨 산본점,생과일주스,산본로데오거리(구 산본중심상가),자율상권구역,경기도,,,
9806d52e50de6400eb31,full_annotation_v1,A,q_커피_09,생과일주스 마실 곳,카페·디저트 중 '커피'를 판매·제공하는 매장,train,커피,T4 구어·문장,c237aaf3-cefc-46b8-b351-d6524951e404,마실,커피,산본로데오거리(구 산본중심상가),자율상권구역,경기도,,,
e297d765f538c7dce5f9,full_annotation_v1,A,q_커피_10,원두 사는 곳,카페·디저트 중 '커피'를 판매·제공하는 매장,train,커피,T4 구어·문장,c682a985-bec8-47a6-afd1-ace0aa28f13f,원두막,한식,난우길골목형상점가,골목형상점가,서울특별시,,,
7c659149fbbc0bb56a7f,full_annotation_v1,A,q_커피_10,원두 사는 곳,카페·디저트 중 '커피'를 판매·제공하는 매장,train,커피,T4 구어·문장,000814be-1ad1-4f62-87e7-0e02af595e2f,사사,"샌드위치, 케이크, 커피",나릿재 골목형상점가,골목형상점가,세종특별자치시,,,
20de0163e6ed422d77d9,full_annotation_v1,A,q_커피_10,원두 사는 곳,카페·디저트 중 '커피'를 판매·제공하는 매장,train,커피,T4 구어·문장,40fabbc3-2ecc-4d17-8341-9614badc5cc2,원두방,수입생활용품,제주로얄쇼핑센터,자율상권구역,제주특별자치도,,,
39cf90a1ac9b9e492d58,full_annotation_v1,A,q_커피_10,원두 사는 곳,카페·디저트 중 '커피'를 판매·제공하는 매장,train,커피,T4 구어·문장,2f17d8b7-2a36-44ef-99fa-eb61e704c30c,카페탬스로스터리,"커피, 원두, 기타 디져트 및 식음료",대명신시장,전통시장,대구광역시,,,
de14e164cde81434708b,full_annotation_v1,A,q_커피_10,원두 사는 곳,카페·디저트 중 '커피'를 판매·제공하는 매장,train,커피,T4 구어·문장,652dc84d-89fd-4668-978f-91e23ae9c159,CHILLIF,커피 원두 쿠키 등,안녕마을골목형상점가,골목형상점가,대전광역시,,,
876d3adb66537c2e4ed3,full_annotation_v1,A,q_커피_10,원두 사는 곳,카페·디저트 중 '커피'를 판매·제공하는 매장,train,커피,T4 구어·문장,cf9edcff-fd72-4100-95ef-f012247143a8,하우프,경양식원두,스마트허브 골목형상점가,골목형상점가,세종특별자치시,,,
01c9d39cefb18afafcb5,full_annotation_v1,A,q_커피_10,원두 사는 곳,카페·디저트 중 '커피'를 판매·제공하는 매장,train,커피,T4 구어·문장,f57979d3-0014-4e43-9cb9-0b378c019d72,코랑커피 하남점,원두 커피,월빛 골목형상점가,골목형상점가,광주광역시,,,
ca9def9fcfa9f7909c9a,full_annotation_v1,A,q_커피_10,원두 사는 곳,카페·디저트 중 '커피'를 판매·제공하는 매장,train,커피,T4 구어·문장,d8d231a3-b970-4e1f-92d6-d30becc3dac7,약선흑염소 월산점,음식업,군분로 골목형상점가,골목형상점가,광주광역시,,,
106400251d61d0cd841f,full_annotation_v1,A,q_커피_10,원두 사는 곳,카페·디저트 중 '커피'를 판매·제공하는 매장,train,커피,T4 구어·문장,008450bd-f343-47b8-bb6a-826291c52d8f,아이러브클린,준공청소 일반청소 에어컨청소 카페트청소 사무실및 상가청소 바닥청소,금당산길상인회 골목형상점가,골목형상점가,광주광역시,,,
8b39f21f7ee4f90d9752,full_annotation_v1,A,q_커피_10,원두 사는 곳,카페·디저트 중 '커피'를 판매·제공하는 매장,train,커피,T4 구어·문장,6c49bfd6-a039-4f07-938f-d1a1d21a2c7e,플레르드메,화초 및 식물,신부유람단골목형상점가,골목형상점가,충청남도,,,
a28aaaf185bd2b34112e,full_annotation_v1,A,q_커피_10,원두 사는 곳,카페·디저트 중 '커피'를 판매·제공하는 매장,train,커피,T4 구어·문장,a0e83d92-834d-48bf-b22c-ad1da9c3d92c,커피살롱,원두 카페,구미 금리단길 골목형상점가,골목형상점가,경상북도,,,
556af957df60bad65c0e,full_annotation_v1,A,q_커피_10,원두 사는 곳,카페·디저트 중 '커피'를 판매·제공하는 매장,train,커피,T4 구어·문장,06261986-3eba-4244-b63f-397460d82f4a,이곳,미용,나주혁신도시 골목형상점가,골목형상점가,전라남도,,,
17a912d4ffc21acff5c0,full_annotation_v1,A,q_커피_10,원두 사는 곳,카페·디저트 중 '커피'를 판매·제공하는 매장,train,커피,T4 구어·문장,be9f8c61-892c-48ed-a49d-b63bd032c025,소곳,의류,고투몰(강남터미널지하도상점가),일반지하상점가,서울특별시,,,
e00e40015544a30c33c7,full_annotation_v1,A,q_커피_10,원두 사는 곳,카페·디저트 중 '커피'를 판매·제공하는 매장,train,커피,T4 구어·문장,0018e5c7-fa61-469b-8740-8bafdd196f3b,다소니(DASONI),커피 음료,두암사거리 골목형상점가,골목형상점가,광주광역시,,,
a95986fac572ffef3104,full_annotation_v1,A,q_커피_10,원두 사는 곳,카페·디저트 중 '커피'를 판매·제공하는 매장,train,커피,T4 구어·문장,31249bb3-e680-4d9f-b4cb-d21929b1c7ce,원두막카페,음료,도농상점가,자율상권구역,경기도,,,
4dd0de8aecb02ad31474,full_annotation_v1,A,q_커피_10,원두 사는 곳,카페·디저트 중 '커피'를 판매·제공하는 매장,train,커피,T4 구어·문장,005cf715-6b17-4116-a663-d9a56b68ff54,비허밍 스터디카페 (진월),스터디카페,서문대로701번길 골목형상점가,골목형상점가,광주광역시,,,
606fa1cd7bcb97e7f16d,full_annotation_v1,A,q_커피_10,원두 사는 곳,카페·디저트 중 '커피'를 판매·제공하는 매장,train,커피,T4 구어·문장,00468e6b-39c6-4ce1-a534-a6b1eecac01d,태양농산물,과일,정릉서경대길골목형상점가(정릉골),골목형상점가,서울특별시,,,
b103b271f3791d8c4d11,full_annotation_v1,A,q_커피_10,원두 사는 곳,카페·디저트 중 '커피'를 판매·제공하는 매장,train,커피,T4 구어·문장,05034755-ffaf-4291-878e-11babbe3bf74,카페 그로브,"커피, 음료, 원두",송죽만석 골목형상점가,골목형상점가,경기도,,,
95bc007833fe2bbb023e,full_annotation_v1,A,q_커피_10,원두 사는 곳,카페·디저트 중 '커피'를 판매·제공하는 매장,train,커피,T4 구어·문장,4aeda610-962b-4805-bad4-6b60023fedf4,항아리반찬,팥죽 김치 콩물,송도용보 골목형상점가,골목형상점가,광주광역시,,,
59470df1f3baf515845f,full_annotation_v1,A,q_커피_10,원두 사는 곳,카페·디저트 중 '커피'를 판매·제공하는 매장,train,커피,T4 구어·문장,0038b8f8-2bc5-4e28-b122-22a93a38b3b0,컴포즈커피,커피 음료,용흥시장,전통시장,경상북도,,,
28c07748f3dd3bf8b92e,full_annotation_v1,A,q_커피_10,원두 사는 곳,카페·디저트 중 '커피'를 판매·제공하는 매장,train,커피,T4 구어·문장,0031ddcb-756f-40bf-ae71-0aa29f780139,더벤티상무점,커피,상무로자율상권,상권활성화구역,광주광역시,,,
0f62fbba16b51f00245e,full_annotation_v1,A,q_커피_10,원두 사는 곳,카페·디저트 중 '커피'를 판매·제공하는 매장,train,커피,T4 구어·문장,6bd0cab3-c200-4971-a2e4-b465c15eb0d2,커피방앗간,커피 및 음료 원두,성요셉거리 골목형상점가,골목형상점가,서울특별시,,,
d3807ce1ed64f307744e,full_annotation_v1,A,q_커피_10,원두 사는 곳,카페·디저트 중 '커피'를 판매·제공하는 매장,train,커피,T4 구어·문장,3223bfee-8042-4abd-83bb-052f66856609,카페 온도,"커피음료, 원두, 드립백, 더치커피",반석동 골목형상점가,골목형상점가,대전광역시,,,
a2a42d25b1fb8c846f4c,full_annotation_v1,A,q_커피_10,원두 사는 곳,카페·디저트 중 '커피'를 판매·제공하는 매장,train,커피,T4 구어·문장,24456103-f6b8-46af-8655-82e61d7265d8,커피가 머무르는 곳,커피,반드레길골목형상점가,골목형상점가,서울특별시,,,
1a36d260b70113cf54e2,full_annotation_v1,A,q_커피_10,원두 사는 곳,카페·디저트 중 '커피'를 판매·제공하는 매장,train,커피,T4 구어·문장,842f6cf1-6411-4f4b-be23-746d79e31656,섬곳,한식,플레이사계 지오단길 골목형상점가,골목형상점가,제주특별자치도,,,
57589449a067f9f33a2c,full_annotation_v1,A,q_커피_10,원두 사는 곳,카페·디저트 중 '커피'를 판매·제공하는 매장,train,커피,T4 구어·문장,e53ef9c1-7215-4ef7-9b64-ea21357222d8,벤치,커피 차 원두 음료 드립백,진안시장(진안고원시장),전통시장,전북특별자치도,,,
926dee0db8560d82531b,full_annotation_v1,A,q_커피_10,원두 사는 곳,카페·디저트 중 '커피'를 판매·제공하는 매장,train,커피,T4 구어·문장,a07d88e3-17cb-4502-8443-671056381eec,원두&팥,간이음식,진해중앙시장,전통시장,경상남도,,,
aacee3461aa2bcca1649,full_annotation_v1,A,q_커피_10,원두 사는 곳,카페·디저트 중 '커피'를 판매·제공하는 매장,train,커피,T4 구어·문장,001a6b2a-e054-43e1-8e39-3e141a806e7e,마시오커피,커피,대인동예술담길 골목형상점가,골목형상점가,광주광역시,,,
c940837570a2135c6031,full_annotation_v1,A,q_커피_10,원두 사는 곳,카페·디저트 중 '커피'를 판매·제공하는 매장,train,커피,T4 구어·문장,00b6de61-2c2e-4164-aee6-c011f81aec20,파리바게뜨 세종반곡,"베이커리, 케이크, 음료, 커피",반곡동행복 골목형상점가,골목형상점가,세종특별자치시,,,
6252a191d28c5d17fbb4,full_annotation_v1,A,q_커피_10,원두 사는 곳,카페·디저트 중 '커피'를 판매·제공하는 매장,train,커피,T4 구어·문장,0042e83d-930b-4d1d-a96f-f1a2691256cd,성화상회,과일,대구능금시장,전통시장,대구광역시,,,
c1e266a5ba73d428c721,full_annotation_v1,A,q_커피_10,원두 사는 곳,카페·디저트 중 '커피'를 판매·제공하는 매장,train,커피,T4 구어·문장,f7628d80-d8fc-4cc6-8dfc-20b5d32cc282,오브오프(OFOFF),"음료, 원두",송정청춘 골목형상점가,골목형상점가,울산광역시,,,
a96c48c946cd1bf17e29,full_annotation_v1,A,q_커피_10,원두 사는 곳,카페·디저트 중 '커피'를 판매·제공하는 매장,train,커피,T4 구어·문장,b1522d92-8c76-450b-b33e-b93e3e4841f8,자수성家,"음료, 원두, 디저트",죽전동 상생 골목형상점가,골목형상점가,경기도,,,
002cf68171cd4db109ac,full_annotation_v1,A,q_커피_10,원두 사는 곳,카페·디저트 중 '커피'를 판매·제공하는 매장,train,커피,T4 구어·문장,003e7ebf-1112-4ab4-a484-67716e4b2a85,이든,카페,원주중앙시장활성화구역,상권활성화구역,강원특별자치도,,,
4dbcc8192ac857ba0428,full_annotation_v1,A,q_커피_10,원두 사는 곳,카페·디저트 중 '커피'를 판매·제공하는 매장,train,커피,T4 구어·문장,4a22cb83-8836-4d55-9d0d-b539f877bed4,웅크(OONQ),"원두, 음료",유성도안 골목형상점가,골목형상점가,대전광역시,,,
5172b3ff6835027291fc,full_annotation_v1,A,q_커피_10,원두 사는 곳,카페·디저트 중 '커피'를 판매·제공하는 매장,train,커피,T4 구어·문장,b9510b65-33b6-4385-9014-b789b6cb3975,지에스(GS)25 광산구청점,"담배, 스낵, 주류 등",광주송정역세권 상권활성화구역,상권활성화구역,광주광역시,,,
fafd327075c2ec2dfba2,full_annotation_v1,A,q_커피_10,원두 사는 곳,카페·디저트 중 '커피'를 판매·제공하는 매장,train,커피,T4 구어·문장,2543b9f6-7410-419e-9b17-38c20937273b,타이밍커피,"원두, 드립백, 커피",은구비서로사회적협동조합 골목형상점가,골목형상점가,대전광역시,,,
fcd6d89ac2838791cefa,full_annotation_v1,A,q_커피_10,원두 사는 곳,카페·디저트 중 '커피'를 판매·제공하는 매장,train,커피,T4 구어·문장,0063671e-77f7-466c-bbc2-223497c0dae4,무가당,카페,세병호 골목형상점가,골목형상점가,전북특별자치도,,,
be51e942917e3d5037e2,full_annotation_v1,A,q_커피_10,원두 사는 곳,카페·디저트 중 '커피'를 판매·제공하는 매장,train,커피,T4 구어·문장,e0f516fc-8b19-43a7-a2f4-024d4cf52e66,중앙유통,오리닭,진해 군항상권활성화구역,상권활성화구역,경상남도,,,
ccdcc14fedf6084198d4,full_annotation_v1,A,q_커피_10,원두 사는 곳,카페·디저트 중 '커피'를 판매·제공하는 매장,train,커피,T4 구어·문장,ce3088af-1b1a-44c1-a19c-fd471b68aa79,두란노커피,커피 원두,길동복조리시장,전통시장,서울특별시,,,
0ffe4b9f8492b96afe54,full_annotation_v1,A,q_커피_10,원두 사는 곳,카페·디저트 중 '커피'를 판매·제공하는 매장,train,커피,T4 구어·문장,5edab5b2-608f-4426-883e-a40af6e41617,민경이네,한식,신도봉시장,전통시장,서울특별시,,,
fa54ab2d2e4c16eeffeb,full_annotation_v1,A,q_커피_10,원두 사는 곳,카페·디저트 중 '커피'를 판매·제공하는 매장,train,커피,T4 구어·문장,bb01f21e-29bc-4d9f-9978-41748ed67b38,그집커피,커피 원두 차,진주 중앙상점가,자율상권구역,경상남도,,,
664142ce8d94f4d05d1d,full_annotation_v1,A,q_커피_10,원두 사는 곳,카페·디저트 중 '커피'를 판매·제공하는 매장,train,커피,T4 구어·문장,a0337046-494a-44bd-88b0-f8ee928b9a29,벨로드골드,시계 및 귀금속,종로4가지하쇼핑센터,일반지하상점가,서울특별시,,,
7a5822fc4c7d0546d925,full_annotation_v1,A,q_커피_10,원두 사는 곳,카페·디저트 중 '커피'를 판매·제공하는 매장,train,커피,T4 구어·문장,39a89ef1-ccdb-4556-9a47-58ef50c7354b,원두막,한식,치평상무역상인회 골목형상점가,골목형상점가,광주광역시,,,
75137d7e1c64d30b5a6b,full_annotation_v1,A,q_커피_10,원두 사는 곳,카페·디저트 중 '커피'를 판매·제공하는 매장,train,커피,T4 구어·문장,0017b31e-27bf-4395-a7b2-ad9bc8554d97,컴포즈커피 충주호암한신더휴점,"커피, 음료",호암사천개로골목형상점가,골목형상점가,충청북도,,,
cf66b4f5f629681eb152,full_annotation_v1,A,q_커피_10,원두 사는 곳,카페·디저트 중 '커피'를 판매·제공하는 매장,train,커피,T4 구어·문장,2101d0cf-590f-49ed-b3cf-599f816b83a0,백채김치찌개 천안청당점,한식,청당3번가 골목형상점가,골목형상점가,충청남도,,,
074a87861e9befd70d62,full_annotation_v1,A,q_커피_10,원두 사는 곳,카페·디저트 중 '커피'를 판매·제공하는 매장,train,커피,T4 구어·문장,a4c7f141-4b95-4cbb-addc-c04faf521d5d,밀롱커피,양식 커피숍 커피가공 빵 원두,송천동1가 골목형상점가,골목형상점가,전북특별자치도,,,
11d754de82ff78a9165f,full_annotation_v1,A,q_커피_10,원두 사는 곳,카페·디저트 중 '커피'를 판매·제공하는 매장,train,커피,T4 구어·문장,ec0daa01-2ac2-46fa-b6fc-1e4e892a1bc2,루크커피브루어스 포항효자,원두 커피,효자시장,전통시장,경상북도,,,
e5910a4885610a32b93a,full_annotation_v1,A,q_커피_10,원두 사는 곳,카페·디저트 중 '커피'를 판매·제공하는 매장,train,커피,T4 구어·문장,71796ef3-d05b-4c37-b3ab-e70c66ae83ab,보름달,한식,송도용보 골목형상점가,골목형상점가,광주광역시,,,
50be22ba706e0f5cd4ee,full_annotation_v1,A,q_커피_10,원두 사는 곳,카페·디저트 중 '커피'를 판매·제공하는 매장,train,커피,T4 구어·문장,26969e64-9848-47c0-a262-164bad18ec23,원두막청과,,군산역전종합시장,전통시장,전북특별자치도,,,
3d2290ffe9a27f1134e2,full_annotation_v1,A,q_커피_10,원두 사는 곳,카페·디저트 중 '커피'를 판매·제공하는 매장,train,커피,T4 구어·문장,76a3551b-dae4-4326-92cc-662015aedbfb,쉴 곳,한식,칠성로상점가,자율상권구역,제주특별자치도,,,
3fcb5e978be7046380e1,full_annotation_v1,A,q_커피_10,원두 사는 곳,카페·디저트 중 '커피'를 판매·제공하는 매장,train,커피,T4 구어·문장,42e844cd-8c44-4448-8ce1-5b95b5e4b84d,무브스커피,커피 원두,유안초등북길 골목형상점가,골목형상점가,광주광역시,,,
90f55b6e1175e17c1aee,full_annotation_v1,A,q_커피_10,원두 사는 곳,카페·디저트 중 '커피'를 판매·제공하는 매장,train,커피,T4 구어·문장,4e32598a-ff89-4462-b509-d2498b278ae3,원두막포차,한식,행복로골목형상점가,골목형상점가,경기도,,,
60a40d507a2a042c96f3,full_annotation_v1,A,q_커피_10,원두 사는 곳,카페·디저트 중 '커피'를 판매·제공하는 매장,train,커피,T4 구어·문장,1740a79c-4270-42a6-a9b2-a40af7b32e0b,큰손감자탕,한식,충정로56출구 골목형상점가,골목형상점가,서울특별시,,,
f30eb121e82135f1e191,full_annotation_v1,A,q_커피_10,원두 사는 곳,카페·디저트 중 '커피'를 판매·제공하는 매장,train,커피,T4 구어·문장,115a6eb0-e866-4081-9fa8-4c60486995c8,지구별다방,원두,구미제일시장상가,전통시장,경상북도,,,
ec54bf0e48338d481e47,full_annotation_v1,A,q_커피_10,원두 사는 곳,카페·디저트 중 '커피'를 판매·제공하는 매장,train,커피,T4 구어·문장,200d2f7b-fa9a-4c26-97cc-444492b71d3a,아무것도 원두상점,커피,돌고래시장(돌고래종합상가),전통시장,경기도,,,
c3aec29d8c3c7f64621b,full_annotation_v1,A,q_커피_10,원두 사는 곳,카페·디저트 중 '커피'를 판매·제공하는 매장,train,커피,T4 구어·문장,15e9926a-a4fc-42a3-8cf8-83353ffad1b0,원두막청과,청과,화정로상인회 골목형상점가,골목형상점가,광주광역시,,,
a75f3e70de0bf0737392,full_annotation_v1,A,q_커피_10,원두 사는 곳,카페·디저트 중 '커피'를 판매·제공하는 매장,train,커피,T4 구어·문장,c111ac9d-3f3a-405c-a8db-4d127ccda9e2,행복이 있는 곳,잡화,제주로얄쇼핑센터,자율상권구역,제주특별자치도,,,
8385ea6ff9448e437ec8,full_annotation_v1,A,q_커피_10,원두 사는 곳,카페·디저트 중 '커피'를 판매·제공하는 매장,train,커피,T4 구어·문장,00d3ef33-13db-4750-93a0-4b31010fcb70,온유베이크,카페,스타타워1 골목형상점가,골목형상점가,인천광역시,,,
d2a0dece1ac45b541039,full_annotation_v1,A,q_커피_10,원두 사는 곳,카페·디저트 중 '커피'를 판매·제공하는 매장,train,커피,T4 구어·문장,e2b7bcb7-5ffe-4d5b-aa43-feb4ff251538,SIXBOX,커피음료 원두,시청음식문화의거리 골목형상점가,골목형상점가,광주광역시,,,
7c98b7414447b14fcf7f,full_annotation_v1,A,q_커피_10,원두 사는 곳,카페·디저트 중 '커피'를 판매·제공하는 매장,train,커피,T4 구어·문장,cb4c0d75-f6c1-4740-81fc-2451eb999587,로스텔링커피,"커피, 제과, 제빵, 원두",부평 문화의거리,전통시장,인천광역시,,,
12475538d73d528fc6af,full_annotation_v1,A,q_커피_10,원두 사는 곳,카페·디저트 중 '커피'를 판매·제공하는 매장,train,커피,T4 구어·문장,0c58d5d3-e347-4bea-b6ef-35bcb300dafe,더 폼 미술교습소,미술학원,양원숲길 골목형상점가,골목형상점가,서울특별시,,,
1b369f184c0a2c08bf3b,full_annotation_v1,A,q_커피_10,원두 사는 곳,카페·디저트 중 '커피'를 판매·제공하는 매장,train,커피,T4 구어·문장,d9ee3283-bdf3-4d19-b1ae-24d379297d96,미소랑커피시스템,원두,장자호수공원 골목형상점가,골목형상점가,경기도,,,
2adaa8f60e50427ae648,full_annotation_v1,A,q_커피_10,원두 사는 곳,카페·디저트 중 '커피'를 판매·제공하는 매장,train,커피,T4 구어·문장,6cdf895c-fda1-429a-977c-defa5c5094ef,네이쳐썬,원두. 커피머신,해미읍성전통시장,전통시장,충청남도,,,
78978b529b87eab43bdf,full_annotation_v1,A,q_커피_10,원두 사는 곳,카페·디저트 중 '커피'를 판매·제공하는 매장,train,커피,T4 구어·문장,9c495452-0e38-43b9-b2d6-5e55e43681ee,리틀하노이베트남,음식(일반음식),한대앞역상점가,자율상권구역,경기도,,,
ad46ba4aa2cab861aa00,full_annotation_v1,A,q_커피_10,원두 사는 곳,카페·디저트 중 '커피'를 판매·제공하는 매장,train,커피,T4 구어·문장,9702ead4-f2aa-4284-9a2c-bdfb2c86cf9c,베리빈스,"커피, 원두, 디저트",돌고래시장(돌고래종합상가),전통시장,경기도,,,
8d48d4ae5ba1242a769a,full_annotation_v1,A,q_커피_10,원두 사는 곳,카페·디저트 중 '커피'를 판매·제공하는 매장,train,커피,T4 구어·문장,00333be0-b70d-4197-aa97-5a277d61e0da,㈜신진후르츠,과일,부전농수산물새벽시장,전통시장,부산광역시,,,
83d00365d30c7052738d,full_annotation_v1,A,q_커피_10,원두 사는 곳,카페·디저트 중 '커피'를 판매·제공하는 매장,train,커피,T4 구어·문장,648d71a9-7df6-407a-9a5e-59cdee00b534,강경젓갈,젓갈,동원전통종합시장,전통시장,서울특별시,,,
e9f5b70f0b1da72052e8,full_annotation_v1,A,q_커피_10,원두 사는 곳,카페·디저트 중 '커피'를 판매·제공하는 매장,train,커피,T4 구어·문장,f8773536-de8d-4765-955c-1bb8aac709e4,고우네,의류,신정평화시장,전통시장,울산광역시,,,
bababd11925687c95f43,full_annotation_v1,A,q_커피_10,원두 사는 곳,카페·디저트 중 '커피'를 판매·제공하는 매장,train,커피,T4 구어·문장,d0522688-060d-44d6-aecd-23dfa26ccb4c,팜스아일랜드,커피 및 원두,수완나들목 골목형상점가,골목형상점가,광주광역시,,,
a435881500ec1ccf7bee,full_annotation_v1,A,q_커피_10,원두 사는 곳,카페·디저트 중 '커피'를 판매·제공하는 매장,train,커피,T4 구어·문장,b5fe6309-d25e-4fe8-b6bd-bf3cb6763571,교촌치킨 망우본동점,치킨,양원숲길 골목형상점가,골목형상점가,서울특별시,,,
d1c652f7ff411ed6fa2f,full_annotation_v1,A,q_커피_10,원두 사는 곳,카페·디저트 중 '커피'를 판매·제공하는 매장,train,커피,T4 구어·문장,df1d745c-0935-4ce1-aa8c-8485da94ffbb,물고기커피 로스터스,커피 원두,동명동 카페거리 골목형상점가,골목형상점가,광주광역시,,,
e1b82cad864c6f316b88,full_annotation_v1,A,q_커피_10,원두 사는 곳,카페·디저트 중 '커피'를 판매·제공하는 매장,train,커피,T4 구어·문장,a67243b7-5d18-4989-a030-2ef7ae20317b,주식회사 범표원두,커피,초록거리 골목형상점가,골목형상점가,경기도,,,
bdac20f6fa6c37868e15,full_annotation_v1,A,q_커피_10,원두 사는 곳,카페·디저트 중 '커피'를 판매·제공하는 매장,train,커피,T4 구어·문장,2743811c-5e71-4d2b-aa75-1b0147d44f2d,사우 꽃이 피는 곳,꽃,김포 풍년마을 골목형상점가,골목형상점가,경기도,,,
29e27682e244b5f747f0,full_annotation_v1,A,q_커피_10,원두 사는 곳,카페·디저트 중 '커피'를 판매·제공하는 매장,train,커피,T4 구어·문장,e33d90d8-4550-4a49-9500-8ec8b7c6620d,시실리아,"커피, 원두",강원대학교후문골목형상점가,골목형상점가,강원특별자치도,,,
d19890195f86f89fc2d1,full_annotation_v1,A,q_커피_10,원두 사는 곳,카페·디저트 중 '커피'를 판매·제공하는 매장,train,커피,T4 구어·문장,292bd2b0-178d-4d8d-9ac6-e4737eebf04c,원두막과일,과일,진주 새서부시장,전통시장,경상남도,,,
6f79f277ec5e07f70cc9,full_annotation_v1,A,q_커피_10,원두 사는 곳,카페·디저트 중 '커피'를 판매·제공하는 매장,train,커피,T4 구어·문장,002e24d7-e3a9-45fc-aa78-632c2a7899e6,샌디얌,커피,금남로5가 골목형상점가,골목형상점가,광주광역시,,,
42ca66318ae42e66f48c,full_annotation_v1,A,q_커피_10,원두 사는 곳,카페·디저트 중 '커피'를 판매·제공하는 매장,train,커피,T4 구어·문장,00045dfc-0681-4fb3-8265-33b3df14c289,한라농산,과일,황지시장상점가,자율상권구역,강원특별자치도,,,
5b3a1629133faf6f9dbc,full_annotation_v1,A,q_커피_10,원두 사는 곳,카페·디저트 중 '커피'를 판매·제공하는 매장,train,커피,T4 구어·문장,006204f3-b214-4611-a434-f896bf75e919,장터사랑,과일,농성세대공감상인회 골목형상점가,골목형상점가,광주광역시,,,
71ac9fb725d09e6a1ab2,full_annotation_v1,A,q_커피_10,원두 사는 곳,카페·디저트 중 '커피'를 판매·제공하는 매장,train,커피,T4 구어·문장,011e2df5-6d25-4553-bfc6-cdf779856853,올데이(All day),카페,남구 용대로 골목형상점가,골목형상점가,광주광역시,,,
92af65bb49adcdf69ca2,full_annotation_v1,A,q_커피_10,원두 사는 곳,카페·디저트 중 '커피'를 판매·제공하는 매장,train,커피,T4 구어·문장,003d7e3f-6459-4018-ac58-7184cd2457d5,눈치 금호점,카페,금호1동상가번영회 골목형상점가,골목형상점가,광주광역시,,,
1b2f9d19798a62caf027,full_annotation_v1,A,q_커피_10,원두 사는 곳,카페·디저트 중 '커피'를 판매·제공하는 매장,train,커피,T4 구어·문장,00643a05-bc19-4096-bd28-93d17a13a461,스윗앤샷 대전둔산점,커피 및 음료,둔산2동 골목형상점가,골목형상점가,대전광역시,,,
d7a3b7740b8e407e3b1a,full_annotation_v1,A,q_커피_10,원두 사는 곳,카페·디저트 중 '커피'를 판매·제공하는 매장,train,커피,T4 구어·문장,e100a508-5b9a-4110-a667-0d415dcda41a,내셔널지오그래픽여주375아울렛,의류,여주375아울렛상점가,자율상권구역,경기도,,,
b76649230f73ae7a3da5,full_annotation_v1,A,q_커피_10,원두 사는 곳,카페·디저트 중 '커피'를 판매·제공하는 매장,train,커피,T4 구어·문장,85768d90-0cbf-4a1b-a597-5ec0949b52eb,크라운샤이니스,"커피, 음료, 원두",은구비서로사회적협동조합 골목형상점가,골목형상점가,대전광역시,,,
3817afa9dfa490c8ccbe,full_annotation_v1,A,q_커피_10,원두 사는 곳,카페·디저트 중 '커피'를 판매·제공하는 매장,train,커피,T4 구어·문장,958d2290-a4e6-4c55-9c09-f042f541bdfb,원두막카페,음료,도농상점가,자율상권구역,경기도,,,
a67a9f4bdd0365909379,full_annotation_v1,A,q_커피_10,원두 사는 곳,카페·디저트 중 '커피'를 판매·제공하는 매장,train,커피,T4 구어·문장,086b8b8e-ba2a-40b5-aa40-10d54c288704,커피볶는파루니,커피음료 및 원두,선유로운골목형상점가,골목형상점가,서울특별시,,,
2d5600f6bd522ea2d0db,full_annotation_v1,A,q_커피_11,커피 마실 곳,카페·디저트 중 '커피'를 판매·제공하는 매장,train,커피,T4 구어·문장,20d23562-e5a0-4810-9b59-d88b76a5eb38,마실,한식,대왕암 월봉시장,전통시장,울산광역시,,,
2a5603fc31cd64d77be6,full_annotation_v1,A,q_커피_11,커피 마실 곳,카페·디저트 중 '커피'를 판매·제공하는 매장,train,커피,T4 구어·문장,11397d7e-3de2-49b5-8483-fd523ccb3487,마실(MASIL),카페,수완이지더원 골목형상점가,골목형상점가,광주광역시,,,
508da6e112fe98a934b4,full_annotation_v1,A,q_커피_11,커피 마실 곳,카페·디저트 중 '커피'를 판매·제공하는 매장,train,커피,T4 구어·문장,0031ddcb-756f-40bf-ae71-0aa29f780139,더벤티상무점,커피,상무로자율상권,상권활성화구역,광주광역시,,,
b5fce4935adae3e5792e,full_annotation_v1,A,q_커피_11,커피 마실 곳,카페·디저트 중 '커피'를 판매·제공하는 매장,train,커피,T4 구어·문장,45d62901-2b61-493a-b793-53e77a2bf233,광수만두,만두,금호상인회 골목형상점가,골목형상점가,광주광역시,,,
36849e9b61af80515bc2,full_annotation_v1,A,q_커피_11,커피 마실 곳,카페·디저트 중 '커피'를 판매·제공하는 매장,train,커피,T4 구어·문장,90c62395-f269-435c-99e4-e48a6af6ed2e,커피퍽,커피,지웰시티자이상가 골목형상점가,골목형상점가,울산광역시,,,
a359cca9bce723979278,full_annotation_v1,A,q_커피_11,커피 마실 곳,카페·디저트 중 '커피'를 판매·제공하는 매장,train,커피,T4 구어·문장,0ee6fdc3-eee5-41c5-96e6-982d6663aa61,에센자 커피,커피,두암2동광신맨션주변 골목형상점가,골목형상점가,광주광역시,,,
6f1f82595f589ce9474f,full_annotation_v1,A,q_커피_11,커피 마실 곳,카페·디저트 중 '커피'를 판매·제공하는 매장,train,커피,T4 구어·문장,f9c0a20a-02a8-40d5-a2df-300d8cd8b36a,꾸리모아,새화,화정한울타리상인회 골목형상점가,골목형상점가,광주광역시,,,
4959d7a8b98b2c265a27,full_annotation_v1,A,q_커피_11,커피 마실 곳,카페·디저트 중 '커피'를 판매·제공하는 매장,train,커피,T4 구어·문장,10f56da7-d91c-427e-b0d6-47b3a477fe82,마실,의류,서산중심상가,자율상권구역,충청남도,,,
1106cfb0deaef22886c3,full_annotation_v1,A,q_커피_11,커피 마실 곳,카페·디저트 중 '커피'를 판매·제공하는 매장,train,커피,T4 구어·문장,15fd414a-3d05-43c2-8174-e6c56c324124,"커피,오후",커피,운암대자골 골목형상점가,골목형상점가,광주광역시,,,
30ae51326f4e319fcd22,full_annotation_v1,A,q_커피_11,커피 마실 곳,카페·디저트 중 '커피'를 판매·제공하는 매장,train,커피,T4 구어·문장,c44360a2-70d9-4612-bf32-748711f0b131,군자건어물,건어물,안양중앙인정시장,전통시장,경기도,,,
7ac7cec7bc25f1f7b1ff,full_annotation_v1,A,q_커피_11,커피 마실 곳,카페·디저트 중 '커피'를 판매·제공하는 매장,train,커피,T4 구어·문장,9503ca5b-d318-475d-84a2-85e7f5d93d98,예쁜손톱,네일,양산 덕계종합상설시장,전통시장,경상남도,,,
789edd6c3b050e114ba1,full_annotation_v1,A,q_커피_11,커피 마실 곳,카페·디저트 중 '커피'를 판매·제공하는 매장,train,커피,T4 구어·문장,002e24d7-e3a9-45fc-aa78-632c2a7899e6,샌디얌,커피,금남로5가 골목형상점가,골목형상점가,광주광역시,,,
6ee259f272b1f65b2b5e,full_annotation_v1,A,q_커피_11,커피 마실 곳,카페·디저트 중 '커피'를 판매·제공하는 매장,train,커피,T4 구어·문장,003e7ebf-1112-4ab4-a484-67716e4b2a85,이든,카페,원주중앙시장활성화구역,상권활성화구역,강원특별자치도,,,
5c37b38def88cc7418d3,full_annotation_v1,A,q_커피_11,커피 마실 곳,카페·디저트 중 '커피'를 판매·제공하는 매장,train,커피,T4 구어·문장,a8130f23-d98f-4305-8654-85aa364acb8f,이디야 커피,커피,밀양 원도심 햇살문화 상권활성화 구역,상권활성화구역,경상남도,,,
01d75df1afc7844f158e,full_annotation_v1,A,q_커피_11,커피 마실 곳,카페·디저트 중 '커피'를 판매·제공하는 매장,train,커피,T4 구어·문장,386440d5-0e2d-412b-b8f4-3bba380115ef,문화낚시,낚시용품,한울상인회 골목형상점가,골목형상점가,광주광역시,,,
696054b656e1722dcba2,full_annotation_v1,A,q_커피_11,커피 마실 곳,카페·디저트 중 '커피'를 판매·제공하는 매장,train,커피,T4 구어·문장,c237aaf3-cefc-46b8-b351-d6524951e404,마실,커피,산본로데오거리(구 산본중심상가),자율상권구역,경기도,,,
fc426f3712f66924b989,full_annotation_v1,A,q_커피_11,커피 마실 곳,카페·디저트 중 '커피'를 판매·제공하는 매장,train,커피,T4 구어·문장,0042e83d-930b-4d1d-a96f-f1a2691256cd,성화상회,과일,대구능금시장,전통시장,대구광역시,,,
dc881ad895a3e2a30e8b,full_annotation_v1,A,q_커피_11,커피 마실 곳,카페·디저트 중 '커피'를 판매·제공하는 매장,train,커피,T4 구어·문장,a082d7f4-ccc4-40e4-98c1-c3f567024706,아짙으,커피,화원시장,전통시장,대구광역시,,,
d5c1d9eb1b42386a4e9b,full_annotation_v1,A,q_커피_11,커피 마실 곳,카페·디저트 중 '커피'를 판매·제공하는 매장,train,커피,T4 구어·문장,57ac0fe3-cb75-4294-850a-9adbe009ee19,이디야 커피,커피,양산동 골목형상점가,골목형상점가,광주광역시,,,
8e6048ddda49630c6e58,full_annotation_v1,A,q_커피_11,커피 마실 곳,카페·디저트 중 '커피'를 판매·제공하는 매장,train,커피,T4 구어·문장,00045dfc-0681-4fb3-8265-33b3df14c289,한라농산,과일,황지시장상점가,자율상권구역,강원특별자치도,,,
7a9c662e7b5fe30a4740,full_annotation_v1,A,q_커피_11,커피 마실 곳,카페·디저트 중 '커피'를 판매·제공하는 매장,train,커피,T4 구어·문장,891c1b8b-3c66-47c2-a497-056936f223a6,소왓커피,커피,성안길상점가,자율상권구역,충청북도,,,
fbc9554b2ac7afd499a1,full_annotation_v1,A,q_커피_11,커피 마실 곳,카페·디저트 중 '커피'를 판매·제공하는 매장,train,커피,T4 구어·문장,e8c8d59c-3f77-4552-a22e-d147809bbf23,루트 커피,커피,평촌역 상점가,자율상권구역,경기도,,,
27a7fb65072d4492ddb6,full_annotation_v1,A,q_커피_11,커피 마실 곳,카페·디저트 중 '커피'를 판매·제공하는 매장,train,커피,T4 구어·문장,bdf3a400-9d49-4612-88b7-75e08b4d8256,댕마실,,노안면 골목형상점가,골목형상점가,,,,
d41dd8b59b0419c2b214,full_annotation_v1,A,q_커피_11,커피 마실 곳,카페·디저트 중 '커피'를 판매·제공하는 매장,train,커피,T4 구어·문장,bf7bdd9f-ff4c-4793-9a6d-38cd12c2825d,짹짹커피,커피,마산어시장,전통시장,경상남도,,,
813b08de5eeb114ca1dd,full_annotation_v1,A,q_커피_11,커피 마실 곳,카페·디저트 중 '커피'를 판매·제공하는 매장,train,커피,T4 구어·문장,99c4bd97-e02f-4c4e-871b-bc9c140051c9,마실,기타,부산자유시장,전통시장,부산광역시,,,
8d310d5f4eba7c3b6ccb,full_annotation_v1,A,q_커피_11,커피 마실 곳,카페·디저트 중 '커피'를 판매·제공하는 매장,train,커피,T4 구어·문장,e9769546-6d5a-42af-85d7-64a026b18a55,호록커피,커피,잠원하길골목형상점가,골목형상점가,서울특별시,,,
2e090ac172b06900485f,full_annotation_v1,A,q_커피_11,커피 마실 곳,카페·디저트 중 '커피'를 판매·제공하는 매장,train,커피,T4 구어·문장,d29afe81-6b3c-48e0-a174-9060ae8503c7,홉커피,커피,전남여고후문 골목형상점가,골목형상점가,광주광역시,,,
104dec9db3d1c977fd44,full_annotation_v1,A,q_커피_11,커피 마실 곳,카페·디저트 중 '커피'를 판매·제공하는 매장,train,커피,T4 구어·문장,2b2efd22-554f-4e63-a881-a37882320419,아름다운 동행 마실,한식,칠성로상점가,자율상권구역,제주특별자치도,,,
6cd720b7717fdc868ce6,full_annotation_v1,A,q_커피_11,커피 마실 곳,카페·디저트 중 '커피'를 판매·제공하는 매장,train,커피,T4 구어·문장,d09a9865-9fc7-40fd-93e0-b1ae30a28ca9,이부리네,이불,더불어용두 골목형상점가,골목형상점가,광주광역시,,,
36c36757a841747b3d33,full_annotation_v1,A,q_커피_11,커피 마실 곳,카페·디저트 중 '커피'를 판매·제공하는 매장,train,커피,T4 구어·문장,005cf715-6b17-4116-a663-d9a56b68ff54,비허밍 스터디카페 (진월),스터디카페,서문대로701번길 골목형상점가,골목형상점가,광주광역시,,,
64612f0b57e7f8c9e949,full_annotation_v1,A,q_커피_11,커피 마실 곳,카페·디저트 중 '커피'를 판매·제공하는 매장,train,커피,T4 구어·문장,4e425458-a673-4667-bd63-f820409101f5,"커피,하늘",커피,금산금빛시장(금산시장),전통시장,충청남도,,,
a77188acbcf5f59b9b42,full_annotation_v1,A,q_커피_11,커피 마실 곳,카페·디저트 중 '커피'를 판매·제공하는 매장,train,커피,T4 구어·문장,16f4a9c7-500b-44d9-a80e-fa034040ad90,용커피,커피,두마면 계룡역골목형상점가,골목형상점가,충청남도,,,
e0e5a32da545c850495a,full_annotation_v1,A,q_커피_11,커피 마실 곳,카페·디저트 중 '커피'를 판매·제공하는 매장,train,커피,T4 구어·문장,58d09887-0463-4826-a7dd-da2fb3c59742,마실,한식,포항 해도새록새로 골목형상점가,골목형상점가,경상북도,,,
43e79bddd350f6aee09c,full_annotation_v1,A,q_커피_11,커피 마실 곳,카페·디저트 중 '커피'를 판매·제공하는 매장,train,커피,T4 구어·문장,c7ec1ca1-783b-4cd2-bda6-f55d0bf01c48,낼름커피,커피,문화1동 골목형상점가,골목형상점가,대전광역시,,,
0f312358e897b87ed3bf,full_annotation_v1,A,q_커피_11,커피 마실 곳,카페·디저트 중 '커피'를 판매·제공하는 매장,train,커피,T4 구어·문장,001a6b2a-e054-43e1-8e39-3e141a806e7e,마시오커피,커피,대인동예술담길 골목형상점가,골목형상점가,광주광역시,,,
c3fae3a782bc8ce4e715,full_annotation_v1,A,q_커피_11,커피 마실 곳,카페·디저트 중 '커피'를 판매·제공하는 매장,train,커피,T4 구어·문장,f8dbe46a-9b1e-4447-818d-9635ab36bbc6,카페,커피,문산초 골목형상점가,골목형상점가,광주광역시,,,
0664f91bafb4335a6dc3,full_annotation_v1,A,q_커피_11,커피 마실 곳,카페·디저트 중 '커피'를 판매·제공하는 매장,train,커피,T4 구어·문장,00468e6b-39c6-4ce1-a534-a6b1eecac01d,태양농산물,과일,정릉서경대길골목형상점가(정릉골),골목형상점가,서울특별시,,,
b88f229fee0cf937e829,full_annotation_v1,A,q_커피_11,커피 마실 곳,카페·디저트 중 '커피'를 판매·제공하는 매장,train,커피,T4 구어·문장,3444199f-b34e-4a71-bb90-8c3aba44acfd,커피볼드,커피,솔올중앞골목형상점가,골목형상점가,강원특별자치도,,,
822bcac3fb243afa7eb5,full_annotation_v1,A,q_커피_11,커피 마실 곳,카페·디저트 중 '커피'를 판매·제공하는 매장,train,커피,T4 구어·문장,72d60c22-a815-4fdf-a7c6-6f84c4ecdbf2,마실,한식,남성역 골목시장,전통시장,서울특별시,,,
bdca767f7893fe96b708,full_annotation_v1,A,q_커피_11,커피 마실 곳,카페·디저트 중 '커피'를 판매·제공하는 매장,train,커피,T4 구어·문장,24456103-f6b8-46af-8655-82e61d7265d8,커피가 머무르는 곳,커피,반드레길골목형상점가,골목형상점가,서울특별시,,,
e797d8df8a4df883d695,full_annotation_v1,A,q_커피_11,커피 마실 곳,카페·디저트 중 '커피'를 판매·제공하는 매장,train,커피,T4 구어·문장,011e2df5-6d25-4553-bfc6-cdf779856853,올데이(All day),카페,남구 용대로 골목형상점가,골목형상점가,광주광역시,,,
0883053cb526c37feffb,full_annotation_v1,A,q_커피_11,커피 마실 곳,카페·디저트 중 '커피'를 판매·제공하는 매장,train,커피,T4 구어·문장,d0777271-7144-4f74-ae52-63d5577bfff8,바하커피,커피,수암회수산시장,골목형상점가,울산광역시,,,
8e9a367d1f7e369ebc4e,full_annotation_v1,A,q_커피_11,커피 마실 곳,카페·디저트 중 '커피'를 판매·제공하는 매장,train,커피,T4 구어·문장,34687f80-8c3a-4f5d-b627-7c0808a6d3e4,마실,의류,내수전통시장,전통시장,충청북도,,,
8bd52189f44e912f5d63,full_annotation_v1,A,q_커피_11,커피 마실 곳,카페·디저트 중 '커피'를 판매·제공하는 매장,train,커피,T4 구어·문장,008450bd-f343-47b8-bb6a-826291c52d8f,아이러브클린,준공청소 일반청소 에어컨청소 카페트청소 사무실및 상가청소 바닥청소,금당산길상인회 골목형상점가,골목형상점가,광주광역시,,,
c1015660477a59bd702d,full_annotation_v1,A,q_커피_11,커피 마실 곳,카페·디저트 중 '커피'를 판매·제공하는 매장,train,커피,T4 구어·문장,33dad3da-52a7-4f23-8334-8717c52d9216,아마존 커피,커피,목행시장,전통시장,충청북도,,,
0ff200e7fffb1d6d9604,full_annotation_v1,A,q_커피_11,커피 마실 곳,카페·디저트 중 '커피'를 판매·제공하는 매장,train,커피,T4 구어·문장,000814be-1ad1-4f62-87e7-0e02af595e2f,사사,"샌드위치, 케이크, 커피",나릿재 골목형상점가,골목형상점가,세종특별자치시,,,
fd303593ddac9330502a,full_annotation_v1,A,q_커피_11,커피 마실 곳,카페·디저트 중 '커피'를 판매·제공하는 매장,train,커피,T4 구어·문장,8b7378d0-35ec-4ebd-a80d-68e80e160b5c,컴포즈 커피,커피,쫑포상가 골목형상점가,골목형상점가,전라남도,,,
cabe160353705992cc91,full_annotation_v1,A,q_커피_11,커피 마실 곳,카페·디저트 중 '커피'를 판매·제공하는 매장,train,커피,T4 구어·문장,1cdbe617-c06e-4652-bbf4-8fd1acd9b1ff,어쓰커피,커피,경대북문 골목형상점가,골목형상점가,대구광역시,,,
1877bdccbc5e92862de0,full_annotation_v1,A,q_커피_11,커피 마실 곳,카페·디저트 중 '커피'를 판매·제공하는 매장,train,커피,T4 구어·문장,0017b31e-27bf-4395-a7b2-ad9bc8554d97,컴포즈커피 충주호암한신더휴점,"커피, 음료",호암사천개로골목형상점가,골목형상점가,충청북도,,,
4204ee766cc9df2e7ab2,full_annotation_v1,A,q_커피_11,커피 마실 곳,카페·디저트 중 '커피'를 판매·제공하는 매장,train,커피,T4 구어·문장,5dbd16b0-559b-4f67-a174-1b84062ee676,행복한상,한식,농성세대공감상인회 골목형상점가,골목형상점가,광주광역시,,,
c92d96a452ed40e38587,full_annotation_v1,A,q_커피_11,커피 마실 곳,카페·디저트 중 '커피'를 판매·제공하는 매장,train,커피,T4 구어·문장,0f938025-2917-4de2-92fd-d1a7fcc8d4d9,마실,,청마로 골목형상점가,골목형상점가,인천광역시,,,
4b07110ea43e55165873,full_annotation_v1,A,q_커피_11,커피 마실 곳,카페·디저트 중 '커피'를 판매·제공하는 매장,train,커피,T4 구어·문장,edb4467b-99e1-44aa-8a53-94e1bfdab5db,이레,여성의류,서면지하도상가 부전몰,일반지하상점가,부산광역시,,,
937afe781f193c1d11c7,full_annotation_v1,A,q_커피_11,커피 마실 곳,카페·디저트 중 '커피'를 판매·제공하는 매장,train,커피,T4 구어·문장,83aceed1-782d-494d-aeed-79a1a7d86381,고려아트,악세서리,삼익패션타운,전통시장,서울특별시,,,
1a7ce29bd03dbff6cd0b,full_annotation_v1,A,q_커피_11,커피 마실 곳,카페·디저트 중 '커피'를 판매·제공하는 매장,train,커피,T4 구어·문장,d2e567ab-943e-4856-b23c-d991e10d0097,"하루,커피",커피,유성문화원 골목형상점가,골목형상점가,대전광역시,,,
5951e65e65b617c10a99,full_annotation_v1,A,q_커피_11,커피 마실 곳,카페·디저트 중 '커피'를 판매·제공하는 매장,train,커피,T4 구어·문장,00b6de61-2c2e-4164-aee6-c011f81aec20,파리바게뜨 세종반곡,"베이커리, 케이크, 음료, 커피",반곡동행복 골목형상점가,골목형상점가,세종특별자치시,,,
4ddde806d1c67e7e3226,full_annotation_v1,A,q_커피_11,커피 마실 곳,카페·디저트 중 '커피'를 판매·제공하는 매장,train,커피,T4 구어·문장,5f44233a-02c8-449a-a0be-ad4e246d0882,아쏘커피,커피,오월첫동네 골목형상점가,골목형상점가,광주광역시,,,
37e924d9193958d92567,full_annotation_v1,A,q_커피_11,커피 마실 곳,카페·디저트 중 '커피'를 판매·제공하는 매장,train,커피,T4 구어·문장,0038b8f8-2bc5-4e28-b122-22a93a38b3b0,컴포즈커피,커피 음료,용흥시장,전통시장,경상북도,,,
ac5208a224d193a0b271,full_annotation_v1,A,q_커피_11,커피 마실 곳,카페·디저트 중 '커피'를 판매·제공하는 매장,train,커피,T4 구어·문장,003d7e3f-6459-4018-ac58-7184cd2457d5,눈치 금호점,카페,금호1동상가번영회 골목형상점가,골목형상점가,광주광역시,,,
3977753d365a2997a18d,full_annotation_v1,A,q_커피_11,커피 마실 곳,카페·디저트 중 '커피'를 판매·제공하는 매장,train,커피,T4 구어·문장,76a3551b-dae4-4326-92cc-662015aedbfb,쉴 곳,한식,칠성로상점가,자율상권구역,제주특별자치도,,,
6749aa7754ca1bd65cb7,full_annotation_v1,A,q_커피_11,커피 마실 곳,카페·디저트 중 '커피'를 판매·제공하는 매장,train,커피,T4 구어·문장,a49e0a69-d90b-4abd-8ff2-7acb239e4637,동해횟집,수산물,속초종합중앙시장,전통시장,강원특별자치도,,,
57d2130fff070e70c156,full_annotation_v1,A,q_커피_11,커피 마실 곳,카페·디저트 중 '커피'를 판매·제공하는 매장,train,커피,T4 구어·문장,36717e78-b268-4b15-ad11-6c7acf813b01,마실,한식,서부시장,전통시장,대구광역시,,,
a46a8ca5b38ed3871909,full_annotation_v1,A,q_커피_11,커피 마실 곳,카페·디저트 중 '커피'를 판매·제공하는 매장,train,커피,T4 구어·문장,3f2d05aa-3faa-4fae-acdd-df338b3416da,마실,의류,장량성도시장,전통시장,경상북도,,,
2fde31b303d15d867920,full_annotation_v1,A,q_커피_11,커피 마실 곳,카페·디저트 중 '커피'를 판매·제공하는 매장,train,커피,T4 구어·문장,9bea613d-12ce-4048-98d5-e96297a837f1,하올람 커피,커피,이중섭거리 명동로상가,골목형상점가,제주특별자치도,,,
28ec1eb8855e26226dd2,full_annotation_v1,A,q_커피_11,커피 마실 곳,카페·디저트 중 '커피'를 판매·제공하는 매장,train,커피,T4 구어·문장,8a10f6b8-0570-4927-aab3-d33275d4368f,하빌커피,커피,선운별 골목형상점가,골목형상점가,광주광역시,,,
13103c2335216b6a624e,full_annotation_v1,A,q_커피_11,커피 마실 곳,카페·디저트 중 '커피'를 판매·제공하는 매장,train,커피,T4 구어·문장,73180191-45a4-4c42-afde-d4356d34edc8,마실,커피,삼례시장,전통시장,전북특별자치도,,,
f6e1cb8ff64b53e86367,full_annotation_v1,A,q_커피_11,커피 마실 곳,카페·디저트 중 '커피'를 판매·제공하는 매장,train,커피,T4 구어·문장,9f6992ff-071f-4beb-861e-97cf05fcc1cd,렐러번트 커피,커피,청당1번가 골목형상점가,골목형상점가,충청남도,,,
df4485020940d5b1b695,full_annotation_v1,A,q_커피_11,커피 마실 곳,카페·디저트 중 '커피'를 판매·제공하는 매장,train,커피,T4 구어·문장,d4d0e35e-7790-468a-a61b-7ac46b0daae5,피츠로이 커피,커피,문정동로데오상점가,자율상권구역,서울특별시,,,
0cab64d804ddabc22255,full_annotation_v1,A,q_커피_11,커피 마실 곳,카페·디저트 중 '커피'를 판매·제공하는 매장,train,커피,T4 구어·문장,3f39c61b-7bdf-4105-898c-1ceb5dbe75ae,마실,커,농성누리상인회 골목형상점가,골목형상점가,광주광역시,,,
77be655b129fddb3d942,full_annotation_v1,A,q_커피_11,커피 마실 곳,카페·디저트 중 '커피'를 판매·제공하는 매장,train,커피,T4 구어·문장,e921b260-00df-403f-bf43-9691ff52e38f,스위치 커피,커피,고운뜰 골목형상점가,골목형상점가,세종특별자치시,,,
8abb76e0847e1bcf6c72,full_annotation_v1,A,q_커피_11,커피 마실 곳,카페·디저트 중 '커피'를 판매·제공하는 매장,train,커피,T4 구어·문장,7ca77490-7ed1-47f7-abbe-b7cbeb7c9200,마실(봉덕점),일반음식,봉덕맛길 골목형상점가,골목형상점가,대구광역시,,,
9c0a8cf10a2b6cba4b25,full_annotation_v1,A,q_커피_11,커피 마실 곳,카페·디저트 중 '커피'를 판매·제공하는 매장,train,커피,T4 구어·문장,e4ba6cf2-ce77-40a6-9c9e-a05ff94c7f8b,에픽커피,커피,중흥동광주역 골목형상점가,골목형상점가,광주광역시,,,
32c3fac95fedee6ac776,full_annotation_v1,A,q_커피_11,커피 마실 곳,카페·디저트 중 '커피'를 판매·제공하는 매장,train,커피,T4 구어·문장,87bcae45-30b6-446b-bd65-8b2575d3b250,커볶,커피,지산유원지 상점가,자율상권구역,광주광역시,,,
6faa2f47472b128d6612,full_annotation_v1,A,q_커피_11,커피 마실 곳,카페·디저트 중 '커피'를 판매·제공하는 매장,train,커피,T4 구어·문장,0063671e-77f7-466c-bbc2-223497c0dae4,무가당,카페,세병호 골목형상점가,골목형상점가,전북특별자치도,,,
dfcb3374ef14a38304a0,full_annotation_v1,A,q_커피_11,커피 마실 곳,카페·디저트 중 '커피'를 판매·제공하는 매장,train,커피,T4 구어·문장,9bf211ee-5b8c-4216-a152-2d4c86662de8,텐퍼센트 커피,커피,서문대로701번길 골목형상점가,골목형상점가,광주광역시,,,
cb57e638475f502ac7b0,full_annotation_v1,A,q_커피_11,커피 마실 곳,카페·디저트 중 '커피'를 판매·제공하는 매장,train,커피,T4 구어·문장,0108e643-fd1b-4a85-b405-4e003d477bc9,(M)마실 파크골프 방배점,서비스,방배카페골목 골목형상점가,골목형상점가,서울특별시,,,
333962b197f848f701d0,full_annotation_v1,A,q_커피_11,커피 마실 곳,카페·디저트 중 '커피'를 판매·제공하는 매장,train,커피,T4 구어·문장,00d3ef33-13db-4750-93a0-4b31010fcb70,온유베이크,카페,스타타워1 골목형상점가,골목형상점가,인천광역시,,,
71ec7a2613b9e3cac880,full_annotation_v1,A,q_커피_11,커피 마실 곳,카페·디저트 중 '커피'를 판매·제공하는 매장,train,커피,T4 구어·문장,94392e34-9f89-4255-a1ef-06a0bfc29665,마실,한식,언양읍성 남문 골목형상점가,골목형상점가,울산광역시,,,
2ccfad3669140608c240,full_annotation_v1,A,q_커피_11,커피 마실 곳,카페·디저트 중 '커피'를 판매·제공하는 매장,train,커피,T4 구어·문장,79f57b22-918c-4b51-ae7e-10eb50ccd5e2,서동어묵,식품,서동전통골목시장,전통시장,부산광역시,,,
712d71a161a03cb5ec8f,full_annotation_v1,A,q_커피_11,커피 마실 곳,카페·디저트 중 '커피'를 판매·제공하는 매장,train,커피,T4 구어·문장,4bef5d7e-d01e-4d3a-9db8-444d4d13130d,카페룩룩,,울림공원골목형상점가,골목형상점가,부산광역시,,,
fa01f6b39bbeefec76e5,full_annotation_v1,A,q_커피_11,커피 마실 곳,카페·디저트 중 '커피'를 판매·제공하는 매장,train,커피,T4 구어·문장,2a1c1bf2-511d-4917-baec-f3f9253e76db,마실,한식,용봉IC 골목형상점가,골목형상점가,광주광역시,,,
4448c024f44d284f904f,full_annotation_v1,A,q_커피_11,커피 마실 곳,카페·디저트 중 '커피'를 판매·제공하는 매장,train,커피,T4 구어·문장,c691a22d-7069-467e-8dc2-007300df4e95,마실 잡화점,,부안마실 상권활성화구역,상권활성화구역,전북특별자치도,,,
e676c5b2ebd494d7551a,full_annotation_v1,A,q_커피_11,커피 마실 곳,카페·디저트 중 '커피'를 판매·제공하는 매장,train,커피,T4 구어·문장,91dca623-25bb-4277-bc1b-5507c60c56f3,"안녕,커피",커피,압촌동 골목형상점가,골목형상점가,광주광역시,,,
45104916c367c9340ca8,full_annotation_v1,A,q_커피_11,커피 마실 곳,카페·디저트 중 '커피'를 판매·제공하는 매장,train,커피,T4 구어·문장,2743811c-5e71-4d2b-aa75-1b0147d44f2d,사우 꽃이 피는 곳,꽃,김포 풍년마을 골목형상점가,골목형상점가,경기도,,,
1957210a87a875be706c,full_annotation_v1,A,q_커피_11,커피 마실 곳,카페·디저트 중 '커피'를 판매·제공하는 매장,train,커피,T4 구어·문장,006204f3-b214-4611-a434-f896bf75e919,장터사랑,과일,농성세대공감상인회 골목형상점가,골목형상점가,광주광역시,,,
4b1cbb5fa8b77d85feea,full_annotation_v1,A,q_커피_11,커피 마실 곳,카페·디저트 중 '커피'를 판매·제공하는 매장,train,커피,T4 구어·문장,8db9433a-0c86-4954-8a78-a8d64f3448f2,비읍커피,커피,지중해마을 골목형상점가,골목형상점가,충청남도,,,
558d2ca1d283eff70152,full_annotation_v1,A,q_커피_11,커피 마실 곳,카페·디저트 중 '커피'를 판매·제공하는 매장,train,커피,T4 구어·문장,d53b2b20-b6b7-45c7-8ad1-dcdcc5bba5f3,커피 하모니카,커피,제천시 원도심 상권활성화구역,상권활성화구역,충청북도,,,
2f400a9a054584df6d24,full_annotation_v1,A,q_커피_11,커피 마실 곳,카페·디저트 중 '커피'를 판매·제공하는 매장,train,커피,T4 구어·문장,be72e881-371f-4d5f-a663-4857a80672ef,지글 세종시청점,한식,스마트허브 골목형상점가,골목형상점가,세종특별자치시,,,
8a3e9e06015f5e6a969a,full_annotation_v1,A,q_커피_11,커피 마실 곳,카페·디저트 중 '커피'를 판매·제공하는 매장,train,커피,T4 구어·문장,0018e5c7-fa61-469b-8740-8bafdd196f3b,다소니(DASONI),커피 음료,두암사거리 골목형상점가,골목형상점가,광주광역시,,,
e7e468cdc1a3ec6dc8a2,full_annotation_v1,A,q_커피_11,커피 마실 곳,카페·디저트 중 '커피'를 판매·제공하는 매장,train,커피,T4 구어·문장,c111ac9d-3f3a-405c-a8db-4d127ccda9e2,행복이 있는 곳,잡화,제주로얄쇼핑센터,자율상권구역,제주특별자치도,,,
38a0446d9df46ff7ae5e,full_annotation_v1,A,q_커피_11,커피 마실 곳,카페·디저트 중 '커피'를 판매·제공하는 매장,train,커피,T4 구어·문장,d4379690-0a04-4294-9b56-edac4629d3fd,마실,의류,홍도동 상점가,자율상권구역,대전광역시,,,
52433da888d67ef129f0,full_annotation_v1,A,q_커피_11,커피 마실 곳,카페·디저트 중 '커피'를 판매·제공하는 매장,train,커피,T4 구어·문장,c3ca5d63-bb0c-42da-a7c9-fcf9e2e2b04f,그린우드 커피,커피,은구비서로사회적협동조합 골목형상점가,골목형상점가,대전광역시,,,
e7bef4986f3703359feb,full_annotation_v1,A,q_커피_11,커피 마실 곳,카페·디저트 중 '커피'를 판매·제공하는 매장,train,커피,T4 구어·문장,5bc4a470-01c7-4491-9010-d8d5b16e8b68,삼양마트(커피),커피,구역전시장,전통시장,울산광역시,,,
d573aff0ab84c33a537b,full_annotation_v1,A,q_커피_11,커피 마실 곳,카페·디저트 중 '커피'를 판매·제공하는 매장,train,커피,T4 구어·문장,37313237-e239-4af9-bf46-5c2e16ea65f1,페이스클럽,,울림공원골목형상점가,골목형상점가,부산광역시,,,
100ed211bc3e6a618ccd,full_annotation_v1,A,q_커피_11,커피 마실 곳,카페·디저트 중 '커피'를 판매·제공하는 매장,train,커피,T4 구어·문장,4b0b6c83-717b-4db2-81d1-6bb16b366800,마실,한식,양산길 골목형상점가,골목형상점가,광주광역시,,,
7c76727c5b90f0e388a4,full_annotation_v1,A,q_커피_11,커피 마실 곳,카페·디저트 중 '커피'를 판매·제공하는 매장,train,커피,T4 구어·문장,34d7e278-0998-4e6e-bc37-0b8a58fce1d6,천일지업사,벽지,대구남문시장,전통시장,대구광역시,,,
7e1a523a9aef6a5baa73,full_annotation_v1,A,q_커피_11,커피 마실 곳,카페·디저트 중 '커피'를 판매·제공하는 매장,train,커피,T4 구어·문장,137b177e-1a8b-45bc-8229-0824af63eadc,마실,두부김치 알탕,화산로31번길 골목형상점가,골목형상점가,광주광역시,,,
0d22e3b2c95a3a312ef2,full_annotation_v1,A,q_커피_11,커피 마실 곳,카페·디저트 중 '커피'를 판매·제공하는 매장,train,커피,T4 구어·문장,70653d99-666d-410c-866d-57f33ccb8024,마실,,안성맞춤시장,전통시장,경기도,,,
7a58960517b51c51be96,full_annotation_v1,A,q_커피_11,커피 마실 곳,카페·디저트 중 '커피'를 판매·제공하는 매장,train,커피,T4 구어·문장,2f7bdba1-2bfe-4b70-a6cd-010b98636b50,옥이호프&커피,커피,에버랜드마을 골목형 상점가,골목형상점가,경기도,,,
0377cc6fe8202ba75ede,full_annotation_v1,A,q_커피_11,커피 마실 곳,카페·디저트 중 '커피'를 판매·제공하는 매장,train,커피,T4 구어·문장,00333be0-b70d-4197-aa97-5a277d61e0da,㈜신진후르츠,과일,부전농수산물새벽시장,전통시장,부산광역시,,,
71a3c64e56e9d233752f,full_annotation_v1,A,q_커피_11,커피 마실 곳,카페·디저트 중 '커피'를 판매·제공하는 매장,train,커피,T4 구어·문장,00643a05-bc19-4096-bd28-93d17a13a461,스윗앤샷 대전둔산점,커피 및 음료,둔산2동 골목형상점가,골목형상점가,대전광역시,,,
79add9a2ecfc023e9649,full_annotation_v1,A,q_커피_11,커피 마실 곳,카페·디저트 중 '커피'를 판매·제공하는 매장,train,커피,T4 구어·문장,8f8d13f9-a663-4077-bbb2-2d30b533fb58,마실,,동탄그랑파사쥬 상점가,골목형상점가,경기도,,,
79201ff483c2f04c9d5f,full_annotation_v1,A,q_커피_11,커피 마실 곳,카페·디저트 중 '커피'를 판매·제공하는 매장,train,커피,T4 구어·문장,58d878ef-b9c2-4ca8-8d22-8fa45441bf25,마쵸커피,커피,공항골목시장골목형상점가,골목형상점가,서울특별시,,,
a45dc265ae2552de2768,full_annotation_v1,A,q_커피_11,커피 마실 곳,카페·디저트 중 '커피'를 판매·제공하는 매장,train,커피,T4 구어·문장,072fef0c-46de-4d18-bb90-5846c5668c5f,레프트,명함 포스터 리플릿 책자 디자인 및 제작,나성중앙 골목형상점가,골목형상점가,세종특별자치시,,,
3adc8ad7901f58c85eb1,full_annotation_v1,A,q_커피_12,커피 원두 사는 곳,카페·디저트 중 '커피'를 판매·제공하는 매장,train,커피,T4 구어·문장,17f568de-0fa4-4c6f-bd3c-fed93fc110de,선영이 커피,커피,대전정원시장,전통시장,대전광역시,,,
f6a575a05bb41de64a02,full_annotation_v1,A,q_커피_12,커피 원두 사는 곳,카페·디저트 중 '커피'를 판매·제공하는 매장,train,커피,T4 구어·문장,003e7ebf-1112-4ab4-a484-67716e4b2a85,이든,카페,원주중앙시장활성화구역,상권활성화구역,강원특별자치도,,,
46a4d1b488cdf26f6d69,full_annotation_v1,A,q_커피_12,커피 원두 사는 곳,카페·디저트 중 '커피'를 판매·제공하는 매장,train,커피,T4 구어·문장,0038b8f8-2bc5-4e28-b122-22a93a38b3b0,컴포즈커피,커피 음료,용흥시장,전통시장,경상북도,,,
fc4d0a24a5703aecbee7,full_annotation_v1,A,q_커피_12,커피 원두 사는 곳,카페·디저트 중 '커피'를 판매·제공하는 매장,train,커피,T4 구어·문장,57ac0fe3-cb75-4294-850a-9adbe009ee19,이디야 커피,커피,양산동 골목형상점가,골목형상점가,광주광역시,,,
f600e24ab9d734e9766f,full_annotation_v1,A,q_커피_12,커피 원두 사는 곳,카페·디저트 중 '커피'를 판매·제공하는 매장,train,커피,T4 구어·문장,c111ac9d-3f3a-405c-a8db-4d127ccda9e2,행복이 있는 곳,잡화,제주로얄쇼핑센터,자율상권구역,제주특별자치도,,,
722d3fd33085926ce1b2,full_annotation_v1,A,q_커피_12,커피 원두 사는 곳,카페·디저트 중 '커피'를 판매·제공하는 매장,train,커피,T4 구어·문장,002e24d7-e3a9-45fc-aa78-632c2a7899e6,샌디얌,커피,금남로5가 골목형상점가,골목형상점가,광주광역시,,,
b3ee7786c8637842d676,full_annotation_v1,A,q_커피_12,커피 원두 사는 곳,카페·디저트 중 '커피'를 판매·제공하는 매장,train,커피,T4 구어·문장,0063671e-77f7-466c-bbc2-223497c0dae4,무가당,카페,세병호 골목형상점가,골목형상점가,전북특별자치도,,,
3f2d685ef00995950caf,full_annotation_v1,A,q_커피_12,커피 원두 사는 곳,카페·디저트 중 '커피'를 판매·제공하는 매장,train,커피,T4 구어·문장,00045dfc-0681-4fb3-8265-33b3df14c289,한라농산,과일,황지시장상점가,자율상권구역,강원특별자치도,,,
7986002d56455c31768d,full_annotation_v1,A,q_커피_12,커피 원두 사는 곳,카페·디저트 중 '커피'를 판매·제공하는 매장,train,커피,T4 구어·문장,d2e567ab-943e-4856-b23c-d991e10d0097,"하루,커피",커피,유성문화원 골목형상점가,골목형상점가,대전광역시,,,
faf43f83379767e6420a,full_annotation_v1,A,q_커피_12,커피 원두 사는 곳,카페·디저트 중 '커피'를 판매·제공하는 매장,train,커피,T4 구어·문장,e53ef9c1-7215-4ef7-9b64-ea21357222d8,벤치,커피 차 원두 음료 드립백,진안시장(진안고원시장),전통시장,전북특별자치도,,,
30b74ee8ff39496beac2,full_annotation_v1,A,q_커피_12,커피 원두 사는 곳,카페·디저트 중 '커피'를 판매·제공하는 매장,train,커피,T4 구어·문장,6bd0cab3-c200-4971-a2e4-b465c15eb0d2,커피방앗간,커피 및 음료 원두,성요셉거리 골목형상점가,골목형상점가,서울특별시,,,
06301c1dbc8be6239d7e,full_annotation_v1,A,q_커피_12,커피 원두 사는 곳,카페·디저트 중 '커피'를 판매·제공하는 매장,train,커피,T4 구어·문장,85768d90-0cbf-4a1b-a597-5ec0949b52eb,크라운샤이니스,"커피, 음료, 원두",은구비서로사회적협동조합 골목형상점가,골목형상점가,대전광역시,,,
e40d904ff9983f189fdd,full_annotation_v1,A,q_커피_12,커피 원두 사는 곳,카페·디저트 중 '커피'를 판매·제공하는 매장,train,커피,T4 구어·문장,54c3424b-7781-4c02-a239-a980da6d28ed,나비엘안양관양갤러리,"도소매(의료기기,화장품) 도매 및 소매업(건강기능식?",안양관양시장,전통시장,경기도,,,
b9f2e18ee49338cde0c3,full_annotation_v1,A,q_커피_12,커피 원두 사는 곳,카페·디저트 중 '커피'를 판매·제공하는 매장,train,커피,T4 구어·문장,2f17d8b7-2a36-44ef-99fa-eb61e704c30c,카페탬스로스터리,"커피, 원두, 기타 디져트 및 식음료",대명신시장,전통시장,대구광역시,,,
4af038a9ec9e21679d11,full_annotation_v1,A,q_커피_12,커피 원두 사는 곳,카페·디저트 중 '커피'를 판매·제공하는 매장,train,커피,T4 구어·문장,001a6b2a-e054-43e1-8e39-3e141a806e7e,마시오커피,커피,대인동예술담길 골목형상점가,골목형상점가,광주광역시,,,
89bf1ee71c1085383ee1,full_annotation_v1,A,q_커피_12,커피 원두 사는 곳,카페·디저트 중 '커피'를 판매·제공하는 매장,train,커피,T4 구어·문장,58d878ef-b9c2-4ca8-8d22-8fa45441bf25,마쵸커피,커피,공항골목시장골목형상점가,골목형상점가,서울특별시,,,
ec721dc8625ff03d1941,full_annotation_v1,A,q_커피_12,커피 원두 사는 곳,카페·디저트 중 '커피'를 판매·제공하는 매장,train,커피,T4 구어·문장,a0e83d92-834d-48bf-b22c-ad1da9c3d92c,커피살롱,원두 카페,구미 금리단길 골목형상점가,골목형상점가,경상북도,,,
8e1e779c36dd56241034,full_annotation_v1,A,q_커피_12,커피 원두 사는 곳,카페·디저트 중 '커피'를 판매·제공하는 매장,train,커피,T4 구어·문장,24456103-f6b8-46af-8655-82e61d7265d8,커피가 머무르는 곳,커피,반드레길골목형상점가,골목형상점가,서울특별시,,,
e068d9365ed4b59243d5,full_annotation_v1,A,q_커피_12,커피 원두 사는 곳,카페·디저트 중 '커피'를 판매·제공하는 매장,train,커피,T4 구어·문장,a082d7f4-ccc4-40e4-98c1-c3f567024706,아짙으,커피,화원시장,전통시장,대구광역시,,,
c1b201201eaeb9060d45,full_annotation_v1,A,q_커피_12,커피 원두 사는 곳,카페·디저트 중 '커피'를 판매·제공하는 매장,train,커피,T4 구어·문장,005cf715-6b17-4116-a663-d9a56b68ff54,비허밍 스터디카페 (진월),스터디카페,서문대로701번길 골목형상점가,골목형상점가,광주광역시,,,
bfed65cac12087f578aa,full_annotation_v1,A,q_커피_12,커피 원두 사는 곳,카페·디저트 중 '커피'를 판매·제공하는 매장,train,커피,T4 구어·문장,e2b7bcb7-5ffe-4d5b-aa43-feb4ff251538,SIXBOX,커피음료 원두,시청음식문화의거리 골목형상점가,골목형상점가,광주광역시,,,
87857cbee595ba931231,full_annotation_v1,A,q_커피_12,커피 원두 사는 곳,카페·디저트 중 '커피'를 판매·제공하는 매장,train,커피,T4 구어·문장,00643a05-bc19-4096-bd28-93d17a13a461,스윗앤샷 대전둔산점,커피 및 음료,둔산2동 골목형상점가,골목형상점가,대전광역시,,,
1babe586564694bfd72a,full_annotation_v1,A,q_커피_12,커피 원두 사는 곳,카페·디저트 중 '커피'를 판매·제공하는 매장,train,커피,T4 구어·문장,9d8aeb4a-5bd9-4034-9820-79c910abc0bc,우리끼리포차,음힉,도량3주공상점가,골목형상점가,경상북도,,,
b7ba7859fdb662c61763,full_annotation_v1,A,q_커피_12,커피 원두 사는 곳,카페·디저트 중 '커피'를 판매·제공하는 매장,train,커피,T4 구어·문장,d0777271-7144-4f74-ae52-63d5577bfff8,바하커피,커피,수암회수산시장,골목형상점가,울산광역시,,,
9399680bdf6c097b6ccf,full_annotation_v1,A,q_커피_12,커피 원두 사는 곳,카페·디저트 중 '커피'를 판매·제공하는 매장,train,커피,T4 구어·문장,0017b31e-27bf-4395-a7b2-ad9bc8554d97,컴포즈커피 충주호암한신더휴점,"커피, 음료",호암사천개로골목형상점가,골목형상점가,충청북도,,,
64052ffc23b9bd554f1d,full_annotation_v1,A,q_커피_12,커피 원두 사는 곳,카페·디저트 중 '커피'를 판매·제공하는 매장,train,커피,T4 구어·문장,2743811c-5e71-4d2b-aa75-1b0147d44f2d,사우 꽃이 피는 곳,꽃,김포 풍년마을 골목형상점가,골목형상점가,경기도,,,
688f1459a4612e8df143,full_annotation_v1,A,q_커피_12,커피 원두 사는 곳,카페·디저트 중 '커피'를 판매·제공하는 매장,train,커피,T4 구어·문장,05034755-ffaf-4291-878e-11babbe3bf74,카페 그로브,"커피, 음료, 원두",송죽만석 골목형상점가,골목형상점가,경기도,,,
0f0af0705c8f944a39ef,full_annotation_v1,A,q_커피_12,커피 원두 사는 곳,카페·디저트 중 '커피'를 판매·제공하는 매장,train,커피,T4 구어·문장,003d7e3f-6459-4018-ac58-7184cd2457d5,눈치 금호점,카페,금호1동상가번영회 골목형상점가,골목형상점가,광주광역시,,,
7bcf3334fb23639c9ef8,full_annotation_v1,A,q_커피_12,커피 원두 사는 곳,카페·디저트 중 '커피'를 판매·제공하는 매장,train,커피,T4 구어·문장,42e844cd-8c44-4448-8ce1-5b95b5e4b84d,무브스커피,커피 원두,유안초등북길 골목형상점가,골목형상점가,광주광역시,,,
03290651c5673b52329a,full_annotation_v1,A,q_커피_12,커피 원두 사는 곳,카페·디저트 중 '커피'를 판매·제공하는 매장,train,커피,T4 구어·문장,008450bd-f343-47b8-bb6a-826291c52d8f,아이러브클린,준공청소 일반청소 에어컨청소 카페트청소 사무실및 상가청소 바닥청소,금당산길상인회 골목형상점가,골목형상점가,광주광역시,,,
498c12f822d5b6902eec,full_annotation_v1,A,q_커피_12,커피 원두 사는 곳,카페·디저트 중 '커피'를 판매·제공하는 매장,train,커피,T4 구어·문장,e921b260-00df-403f-bf43-9691ff52e38f,스위치 커피,커피,고운뜰 골목형상점가,골목형상점가,세종특별자치시,,,
7930088968b5cfead60d,full_annotation_v1,A,q_커피_12,커피 원두 사는 곳,카페·디저트 중 '커피'를 판매·제공하는 매장,train,커피,T4 구어·문장,802edae9-9f74-4f18-9923-e8ea24de4dc1,하나탁구교실,스포츠시설,당정동한세로 골목형상점가,골목형상점가,경기도,,,
7e5d77d06e6604abb02f,full_annotation_v1,A,q_커피_12,커피 원두 사는 곳,카페·디저트 중 '커피'를 판매·제공하는 매장,train,커피,T4 구어·문장,0042e83d-930b-4d1d-a96f-f1a2691256cd,성화상회,과일,대구능금시장,전통시장,대구광역시,,,
84554e8f485809dd2b70,full_annotation_v1,A,q_커피_12,커피 원두 사는 곳,카페·디저트 중 '커피'를 판매·제공하는 매장,train,커피,T4 구어·문장,e33d90d8-4550-4a49-9500-8ec8b7c6620d,시실리아,"커피, 원두",강원대학교후문골목형상점가,골목형상점가,강원특별자치도,,,
9421777d1c29b2600fb5,full_annotation_v1,A,q_커피_12,커피 원두 사는 곳,카페·디저트 중 '커피'를 판매·제공하는 매장,train,커피,T4 구어·문장,0018e5c7-fa61-469b-8740-8bafdd196f3b,다소니(DASONI),커피 음료,두암사거리 골목형상점가,골목형상점가,광주광역시,,,
3fe0657154c788a5f01c,full_annotation_v1,A,q_커피_12,커피 원두 사는 곳,카페·디저트 중 '커피'를 판매·제공하는 매장,train,커피,T4 구어·문장,200d2f7b-fa9a-4c26-97cc-444492b71d3a,아무것도 원두상점,커피,돌고래시장(돌고래종합상가),전통시장,경기도,,,
39d4591efc76d76c1942,full_annotation_v1,A,q_커피_12,커피 원두 사는 곳,카페·디저트 중 '커피'를 판매·제공하는 매장,train,커피,T4 구어·문장,c3ca5d63-bb0c-42da-a7c9-fcf9e2e2b04f,그린우드 커피,커피,은구비서로사회적협동조합 골목형상점가,골목형상점가,대전광역시,,,
d599c8325583c9ddaa9b,full_annotation_v1,A,q_커피_12,커피 원두 사는 곳,카페·디저트 중 '커피'를 판매·제공하는 매장,train,커피,T4 구어·문장,a4c7f141-4b95-4cbb-addc-c04faf521d5d,밀롱커피,양식 커피숍 커피가공 빵 원두,송천동1가 골목형상점가,골목형상점가,전북특별자치도,,,
aab179d67277854bf6e8,full_annotation_v1,A,q_커피_12,커피 원두 사는 곳,카페·디저트 중 '커피'를 판매·제공하는 매장,train,커피,T4 구어·문장,00333be0-b70d-4197-aa97-5a277d61e0da,㈜신진후르츠,과일,부전농수산물새벽시장,전통시장,부산광역시,,,
39de03170919ce5e31aa,full_annotation_v1,A,q_커피_12,커피 원두 사는 곳,카페·디저트 중 '커피'를 판매·제공하는 매장,train,커피,T4 구어·문장,39673cc5-9cb4-4e44-a2b8-44eeb14bf0a9,네일콕콕,네일미용업,전주중앙상가시장,전통시장,전북특별자치도,,,
8c4f9da361c1edc5858b,full_annotation_v1,A,q_커피_12,커피 원두 사는 곳,카페·디저트 중 '커피'를 판매·제공하는 매장,train,커피,T4 구어·문장,c7ec1ca1-783b-4cd2-bda6-f55d0bf01c48,낼름커피,커피,문화1동 골목형상점가,골목형상점가,대전광역시,,,
47acabc9f1df97095fd0,full_annotation_v1,A,q_커피_12,커피 원두 사는 곳,카페·디저트 중 '커피'를 판매·제공하는 매장,train,커피,T4 구어·문장,00d3ef33-13db-4750-93a0-4b31010fcb70,온유베이크,카페,스타타워1 골목형상점가,골목형상점가,인천광역시,,,
f0168ea65a4151864182,full_annotation_v1,A,q_커피_12,커피 원두 사는 곳,카페·디저트 중 '커피'를 판매·제공하는 매장,train,커피,T4 구어·문장,d0522688-060d-44d6-aecd-23dfa26ccb4c,팜스아일랜드,커피 및 원두,수완나들목 골목형상점가,골목형상점가,광주광역시,,,
a952b1deeb5f9808ac85,full_annotation_v1,A,q_커피_12,커피 원두 사는 곳,카페·디저트 중 '커피'를 판매·제공하는 매장,train,커피,T4 구어·문장,df1d745c-0935-4ce1-aa8c-8485da94ffbb,물고기커피 로스터스,커피 원두,동명동 카페거리 골목형상점가,골목형상점가,광주광역시,,,
017eb25e2941b2bcd79e,full_annotation_v1,A,q_커피_12,커피 원두 사는 곳,카페·디저트 중 '커피'를 판매·제공하는 매장,train,커피,T4 구어·문장,3444199f-b34e-4a71-bb90-8c3aba44acfd,커피볼드,커피,솔올중앞골목형상점가,골목형상점가,강원특별자치도,,,
ff35ce73fcd8b4178935,full_annotation_v1,A,q_커피_12,커피 원두 사는 곳,카페·디저트 중 '커피'를 판매·제공하는 매장,train,커피,T4 구어·문장,15fd414a-3d05-43c2-8174-e6c56c324124,"커피,오후",커피,운암대자골 골목형상점가,골목형상점가,광주광역시,,,
887926e721ed3ed3dd0a,full_annotation_v1,A,q_커피_12,커피 원두 사는 곳,카페·디저트 중 '커피'를 판매·제공하는 매장,train,커피,T4 구어·문장,6cdf895c-fda1-429a-977c-defa5c5094ef,네이쳐썬,원두. 커피머신,해미읍성전통시장,전통시장,충청남도,,,
66cc304af5a0082fb603,full_annotation_v1,A,q_커피_12,커피 원두 사는 곳,카페·디저트 중 '커피'를 판매·제공하는 매장,train,커피,T4 구어·문장,00468e6b-39c6-4ce1-a534-a6b1eecac01d,태양농산물,과일,정릉서경대길골목형상점가(정릉골),골목형상점가,서울특별시,,,
b3a7a9813130206b6ce8,full_annotation_v1,A,q_커피_12,커피 원두 사는 곳,카페·디저트 중 '커피'를 판매·제공하는 매장,train,커피,T4 구어·문장,000814be-1ad1-4f62-87e7-0e02af595e2f,사사,"샌드위치, 케이크, 커피",나릿재 골목형상점가,골목형상점가,세종특별자치시,,,
b27f43919f2121debca4,full_annotation_v1,A,q_커피_12,커피 원두 사는 곳,카페·디저트 중 '커피'를 판매·제공하는 매장,train,커피,T4 구어·문장,a8130f23-d98f-4305-8654-85aa364acb8f,이디야 커피,커피,밀양 원도심 햇살문화 상권활성화 구역,상권활성화구역,경상남도,,,
5f62d0999b78ce7c85b0,full_annotation_v1,A,q_커피_12,커피 원두 사는 곳,카페·디저트 중 '커피'를 판매·제공하는 매장,train,커피,T4 구어·문장,1d280980-4d34-42ed-abb0-21bdc5c4d90b,왕코등갈비,한식,남천바다내음 골목형상점가,골목형상점가,부산광역시,,,
342684c0d3b362d29aea,full_annotation_v1,A,q_커피_12,커피 원두 사는 곳,카페·디저트 중 '커피'를 판매·제공하는 매장,train,커피,T4 구어·문장,d29afe81-6b3c-48e0-a174-9060ae8503c7,홉커피,커피,전남여고후문 골목형상점가,골목형상점가,광주광역시,,,
fe67ffdb81e9595bbffb,full_annotation_v1,A,q_커피_12,커피 원두 사는 곳,카페·디저트 중 '커피'를 판매·제공하는 매장,train,커피,T4 구어·문장,0031ddcb-756f-40bf-ae71-0aa29f780139,더벤티상무점,커피,상무로자율상권,상권활성화구역,광주광역시,,,
a1c1f63865833b97b2f7,full_annotation_v1,A,q_커피_12,커피 원두 사는 곳,카페·디저트 중 '커피'를 판매·제공하는 매장,train,커피,T4 구어·문장,011e2df5-6d25-4553-bfc6-cdf779856853,올데이(All day),카페,남구 용대로 골목형상점가,골목형상점가,광주광역시,,,
902ca7181a98f79d636f,full_annotation_v1,A,q_커피_12,커피 원두 사는 곳,카페·디저트 중 '커피'를 판매·제공하는 매장,train,커피,T4 구어·문장,8db9433a-0c86-4954-8a78-a8d64f3448f2,비읍커피,커피,지중해마을 골목형상점가,골목형상점가,충청남도,,,
8cab8a0b9aa8804edddf,full_annotation_v1,A,q_커피_12,커피 원두 사는 곳,카페·디저트 중 '커피'를 판매·제공하는 매장,train,커피,T4 구어·문장,76a3551b-dae4-4326-92cc-662015aedbfb,쉴 곳,한식,칠성로상점가,자율상권구역,제주특별자치도,,,
f43368dd9ee87e33a5be,full_annotation_v1,A,q_커피_12,커피 원두 사는 곳,카페·디저트 중 '커피'를 판매·제공하는 매장,train,커피,T4 구어·문장,009a2678-bae2-490a-84be-b93a38bc24aa,태후사랑도량점,화장품,도량3주공상점가,골목형상점가,경상북도,,,
62e360c1c35889d7b275,full_annotation_v1,A,q_커피_12,커피 원두 사는 곳,카페·디저트 중 '커피'를 판매·제공하는 매장,train,커피,T4 구어·문장,bb01f21e-29bc-4d9f-9978-41748ed67b38,그집커피,커피 원두 차,진주 중앙상점가,자율상권구역,경상남도,,,
80214dacb36ef62798f6,full_annotation_v1,A,q_커피_12,커피 원두 사는 곳,카페·디저트 중 '커피'를 판매·제공하는 매장,train,커피,T4 구어·문장,a7c5990d-b110-42a0-9162-9313bc7c3621,청춘꼬마김밥 서현점,꼬마김밥,서현센트럴상점,골목형상점가,경기도,,,
76fd9470be65f7954208,full_annotation_v1,A,q_커피_12,커피 원두 사는 곳,카페·디저트 중 '커피'를 판매·제공하는 매장,train,커피,T4 구어·문장,9f6992ff-071f-4beb-861e-97cf05fcc1cd,렐러번트 커피,커피,청당1번가 골목형상점가,골목형상점가,충청남도,,,
601e5fc68384c9996d63,full_annotation_v1,A,q_커피_12,커피 원두 사는 곳,카페·디저트 중 '커피'를 판매·제공하는 매장,train,커피,T4 구어·문장,91dca623-25bb-4277-bc1b-5507c60c56f3,"안녕,커피",커피,압촌동 골목형상점가,골목형상점가,광주광역시,,,
930e4b7d6a075bd14a40,full_annotation_v1,A,q_커피_12,커피 원두 사는 곳,카페·디저트 중 '커피'를 판매·제공하는 매장,train,커피,T4 구어·문장,34fe211d-8e37-4ebf-824e-52f7e63dcc95,오복미역 남천본점,한식,남천바다내음 골목형상점가,골목형상점가,부산광역시,,,
7f76dc8a1f71b4159668,full_annotation_v1,A,q_커피_12,커피 원두 사는 곳,카페·디저트 중 '커피'를 판매·제공하는 매장,train,커피,T4 구어·문장,ec0daa01-2ac2-46fa-b6fc-1e4e892a1bc2,루크커피브루어스 포항효자,원두 커피,효자시장,전통시장,경상북도,,,
aa80163b3cfd93a3a6b7,full_annotation_v1,A,q_커피_12,커피 원두 사는 곳,카페·디저트 중 '커피'를 판매·제공하는 매장,train,커피,T4 구어·문장,361c0d18-2563-47af-a6b9-dd435a455b1f,녹동분식,튀김,녹동전통시장,전통시장,전라남도,,,
f05cad0385ee51c213c4,full_annotation_v1,A,q_커피_12,커피 원두 사는 곳,카페·디저트 중 '커피'를 판매·제공하는 매장,train,커피,T4 구어·문장,f57979d3-0014-4e43-9cb9-0b378c019d72,코랑커피 하남점,원두 커피,월빛 골목형상점가,골목형상점가,광주광역시,,,
14fd3b1cf1b2c9f764e2,full_annotation_v1,A,q_커피_12,커피 원두 사는 곳,카페·디저트 중 '커피'를 판매·제공하는 매장,train,커피,T4 구어·문장,a67243b7-5d18-4989-a030-2ef7ae20317b,주식회사 범표원두,커피,초록거리 골목형상점가,골목형상점가,경기도,,,
9c398c37508bfcf5bd70,full_annotation_v1,A,q_커피_12,커피 원두 사는 곳,카페·디저트 중 '커피'를 판매·제공하는 매장,train,커피,T4 구어·문장,3223bfee-8042-4abd-83bb-052f66856609,카페 온도,"커피음료, 원두, 드립백, 더치커피",반석동 골목형상점가,골목형상점가,대전광역시,,,
996840482328564aebcf,full_annotation_v1,A,q_커피_12,커피 원두 사는 곳,카페·디저트 중 '커피'를 판매·제공하는 매장,train,커피,T4 구어·문장,41c62e2f-4a06-4b38-8fd2-4ca15f91baaa,리폼하우스,의류수선,서현센트럴상점,골목형상점가,경기도,,,
5f5727fd65ebd3df43ce,full_annotation_v1,A,q_커피_12,커피 원두 사는 곳,카페·디저트 중 '커피'를 판매·제공하는 매장,train,커피,T4 구어·문장,87bcae45-30b6-446b-bd65-8b2575d3b250,커볶,커피,지산유원지 상점가,자율상권구역,광주광역시,,,
bc974a35bddcc14d7c56,full_annotation_v1,A,q_커피_12,커피 원두 사는 곳,카페·디저트 중 '커피'를 판매·제공하는 매장,train,커피,T4 구어·문장,f7628d80-d8fc-4cc6-8dfc-20b5d32cc282,오브오프(OFOFF),"음료, 원두",송정청춘 골목형상점가,골목형상점가,울산광역시,,,
ff6c92773106ac473097,full_annotation_v1,A,q_커피_12,커피 원두 사는 곳,카페·디저트 중 '커피'를 판매·제공하는 매장,train,커피,T4 구어·문장,cb4c0d75-f6c1-4740-81fc-2451eb999587,로스텔링커피,"커피, 제과, 제빵, 원두",부평 문화의거리,전통시장,인천광역시,,,
76306d9dd07f9bcb2edc,full_annotation_v1,A,q_커피_12,커피 원두 사는 곳,카페·디저트 중 '커피'를 판매·제공하는 매장,train,커피,T4 구어·문장,e8c8d59c-3f77-4552-a22e-d147809bbf23,루트 커피,커피,평촌역 상점가,자율상권구역,경기도,,,
efaeca89f04ecd2a7e57,full_annotation_v1,A,q_커피_12,커피 원두 사는 곳,카페·디저트 중 '커피'를 판매·제공하는 매장,train,커피,T4 구어·문장,2543b9f6-7410-419e-9b17-38c20937273b,타이밍커피,"원두, 드립백, 커피",은구비서로사회적협동조합 골목형상점가,골목형상점가,대전광역시,,,
014b85ab5436f946b1ee,full_annotation_v1,A,q_커피_12,커피 원두 사는 곳,카페·디저트 중 '커피'를 판매·제공하는 매장,train,커피,T4 구어·문장,891c1b8b-3c66-47c2-a497-056936f223a6,소왓커피,커피,성안길상점가,자율상권구역,충청북도,,,
952590726073a751b4f3,full_annotation_v1,A,q_커피_12,커피 원두 사는 곳,카페·디저트 중 '커피'를 판매·제공하는 매장,train,커피,T4 구어·문장,115a6eb0-e866-4081-9fa8-4c60486995c8,지구별다방,원두,구미제일시장상가,전통시장,경상북도,,,
5f720cc4dcf2bd980841,full_annotation_v1,A,q_커피_12,커피 원두 사는 곳,카페·디저트 중 '커피'를 판매·제공하는 매장,train,커피,T4 구어·문장,91b32f75-b7a9-491b-b6e7-01b71fe81ecd,대명수산,수산물,인천종합어시장,전통시장,인천광역시,,,
17b99896f619904cd94d,full_annotation_v1,A,q_커피_12,커피 원두 사는 곳,카페·디저트 중 '커피'를 판매·제공하는 매장,train,커피,T4 구어·문장,d9ee3283-bdf3-4d19-b1ae-24d379297d96,미소랑커피시스템,원두,장자호수공원 골목형상점가,골목형상점가,경기도,,,
90c3967cf579890832c1,full_annotation_v1,A,q_커피_12,커피 원두 사는 곳,카페·디저트 중 '커피'를 판매·제공하는 매장,train,커피,T4 구어·문장,5f44233a-02c8-449a-a0be-ad4e246d0882,아쏘커피,커피,오월첫동네 골목형상점가,골목형상점가,광주광역시,,,
deb0cd222d8b6c27de47,full_annotation_v1,A,q_커피_12,커피 원두 사는 곳,카페·디저트 중 '커피'를 판매·제공하는 매장,train,커피,T4 구어·문장,e4ba6cf2-ce77-40a6-9c9e-a05ff94c7f8b,에픽커피,커피,중흥동광주역 골목형상점가,골목형상점가,광주광역시,,,
3fad85929feb9406a1a7,full_annotation_v1,A,q_커피_12,커피 원두 사는 곳,카페·디저트 중 '커피'를 판매·제공하는 매장,train,커피,T4 구어·문장,006204f3-b214-4611-a434-f896bf75e919,장터사랑,과일,농성세대공감상인회 골목형상점가,골목형상점가,광주광역시,,,
7bc0110034f2eebd614f,full_annotation_v1,A,q_커피_12,커피 원두 사는 곳,카페·디저트 중 '커피'를 판매·제공하는 매장,train,커피,T4 구어·문장,8a10f6b8-0570-4927-aab3-d33275d4368f,하빌커피,커피,선운별 골목형상점가,골목형상점가,광주광역시,,,
106a0af28ee76670468c,full_annotation_v1,A,q_커피_12,커피 원두 사는 곳,카페·디저트 중 '커피'를 판매·제공하는 매장,train,커피,T4 구어·문장,7e32bfb9-6af3-4e8d-8fa7-bb1807671dd0,궁중깐마늘,마늘,청주육거리종합시장,전통시장,충청북도,,,
1b121f471dc30de12076,full_annotation_v1,A,q_커피_12,커피 원두 사는 곳,카페·디저트 중 '커피'를 판매·제공하는 매장,train,커피,T4 구어·문장,8b7378d0-35ec-4ebd-a80d-68e80e160b5c,컴포즈 커피,커피,쫑포상가 골목형상점가,골목형상점가,전라남도,,,
de8ef2a6a01269e08f54,full_annotation_v1,A,q_커피_12,커피 원두 사는 곳,카페·디저트 중 '커피'를 판매·제공하는 매장,train,커피,T4 구어·문장,a07d88e3-17cb-4502-8443-671056381eec,원두&팥,간이음식,진해중앙시장,전통시장,경상남도,,,
fafce936f601daa16dc1,full_annotation_v1,A,q_커피_12,커피 원두 사는 곳,카페·디저트 중 '커피'를 판매·제공하는 매장,train,커피,T4 구어·문장,9702ead4-f2aa-4284-9a2c-bdfb2c86cf9c,베리빈스,"커피, 원두, 디저트",돌고래시장(돌고래종합상가),전통시장,경기도,,,
ea5ce4ac60f3d9633bce,full_annotation_v1,A,q_커피_12,커피 원두 사는 곳,카페·디저트 중 '커피'를 판매·제공하는 매장,train,커피,T4 구어·문장,4a22cb83-8836-4d55-9d0d-b539f877bed4,웅크(OONQ),"원두, 음료",유성도안 골목형상점가,골목형상점가,대전광역시,,,
6a48489b2e460a94685a,full_annotation_v1,A,q_커피_12,커피 원두 사는 곳,카페·디저트 중 '커피'를 판매·제공하는 매장,train,커피,T4 구어·문장,00b6de61-2c2e-4164-aee6-c011f81aec20,파리바게뜨 세종반곡,"베이커리, 케이크, 음료, 커피",반곡동행복 골목형상점가,골목형상점가,세종특별자치시,,,
68c116a5c74a3eb8b6e8,full_annotation_v1,A,q_커피_12,커피 원두 사는 곳,카페·디저트 중 '커피'를 판매·제공하는 매장,train,커피,T4 구어·문장,cd13df4a-0c11-485c-a765-a75a8b82236c,삼정안경,소매(안경),남대문시장,전통시장,서울특별시,,,
81d8d4bb9642c8a091c0,full_annotation_v1,A,q_커피_12,커피 원두 사는 곳,카페·디저트 중 '커피'를 판매·제공하는 매장,train,커피,T4 구어·문장,ce3088af-1b1a-44c1-a19c-fd471b68aa79,두란노커피,커피 원두,길동복조리시장,전통시장,서울특별시,,,
f03d49c98b468afea4c3,full_annotation_v1,A,q_커피_12,커피 원두 사는 곳,카페·디저트 중 '커피'를 판매·제공하는 매장,train,커피,T4 구어·문장,90c62395-f269-435c-99e4-e48a6af6ed2e,커피퍽,커피,지웰시티자이상가 골목형상점가,골목형상점가,울산광역시,,,
442fbbae6a4a2554f9f0,full_annotation_v1,A,q_커피_12,커피 원두 사는 곳,카페·디저트 중 '커피'를 판매·제공하는 매장,train,커피,T4 구어·문장,bf7bdd9f-ff4c-4793-9a6d-38cd12c2825d,짹짹커피,커피,마산어시장,전통시장,경상남도,,,
4bb835d18d079bf0569a,full_annotation_v1,A,q_커피_12,커피 원두 사는 곳,카페·디저트 중 '커피'를 판매·제공하는 매장,train,커피,T4 구어·문장,086b8b8e-ba2a-40b5-aa40-10d54c288704,커피볶는파루니,커피음료 및 원두,선유로운골목형상점가,골목형상점가,서울특별시,,,
47fd080589894a692780,full_annotation_v1,A,q_커피_12,커피 원두 사는 곳,카페·디저트 중 '커피'를 판매·제공하는 매장,train,커피,T4 구어·문장,9a5a5da8-0354-4c16-a822-8f908dc20c42,윤헤어,미용업,산본사거리 골목형상점가,골목형상점가,경기도,,,
d0aed34fe3122ab28775,full_annotation_v1,A,q_커피_12,커피 원두 사는 곳,카페·디저트 중 '커피'를 판매·제공하는 매장,train,커피,T4 구어·문장,bdfe1549-5e6e-4262-ad09-860e581f72cf,퀸,여성의류,서면지하도상가 부전몰,일반지하상점가,부산광역시,,,
5104e79f532a91a0eb6c,full_annotation_v1,A,q_커피_12,커피 원두 사는 곳,카페·디저트 중 '커피'를 판매·제공하는 매장,train,커피,T4 구어·문장,652dc84d-89fd-4668-978f-91e23ae9c159,CHILLIF,커피 원두 쿠키 등,안녕마을골목형상점가,골목형상점가,대전광역시,,,
0e70e4dff360c66f3895,full_annotation_v1,A,q_커피_12,커피 원두 사는 곳,카페·디저트 중 '커피'를 판매·제공하는 매장,train,커피,T4 구어·문장,b1522d92-8c76-450b-b33e-b93e3e4841f8,자수성家,"음료, 원두, 디저트",죽전동 상생 골목형상점가,골목형상점가,경기도,,,
3344f1aad09315757d4a,full_annotation_v1,A,q_커피_12,커피 원두 사는 곳,카페·디저트 중 '커피'를 판매·제공하는 매장,train,커피,T4 구어·문장,1e8a2700-44f0-49bc-b174-9d577b12ff41,369,의류,충금지하도상가,일반지하상점가,광주광역시,,,
9738c65072bb9bb33624,full_annotation_v1,A,q_커피_12,커피 원두 사는 곳,카페·디저트 중 '커피'를 판매·제공하는 매장,train,커피,T4 구어·문장,9bf211ee-5b8c-4216-a152-2d4c86662de8,텐퍼센트 커피,커피,서문대로701번길 골목형상점가,골목형상점가,광주광역시,,,
e7d6e1a5c7a2b5f6041d,full_annotation_v1,A,q_커피_13,커피 한잔할 데,카페·디저트 중 '커피'를 판매·제공하는 매장,train,커피,T4 구어·문장,006204f3-b214-4611-a434-f896bf75e919,장터사랑,과일,농성세대공감상인회 골목형상점가,골목형상점가,광주광역시,,,
a632d7552b26d055ec5d,full_annotation_v1,A,q_커피_13,커피 한잔할 데,카페·디저트 중 '커피'를 판매·제공하는 매장,train,커피,T4 구어·문장,d0777271-7144-4f74-ae52-63d5577bfff8,바하커피,커피,수암회수산시장,골목형상점가,울산광역시,,,
a93d1e94eb24a08dc46f,full_annotation_v1,A,q_커피_13,커피 한잔할 데,카페·디저트 중 '커피'를 판매·제공하는 매장,train,커피,T4 구어·문장,b0865099-e23b-49fd-ae6b-420c90ee55d5,한잔할까,한식,천상일길 골목형상점가,골목형상점가,울산광역시,,,
82e62bbe7df0c20b7493,full_annotation_v1,A,q_커피_13,커피 한잔할 데,카페·디저트 중 '커피'를 판매·제공하는 매장,train,커피,T4 구어·문장,bff0d9f3-2d22-44be-b351-c1cac2eb4cfe,커피빈’s,커피,법원 앞 사과마을 골목형상점가,골목형상점가,광주광역시,,,
8a8c0ad23786732f121f,full_annotation_v1,A,q_커피_13,커피 한잔할 데,카페·디저트 중 '커피'를 판매·제공하는 매장,train,커피,T4 구어·문장,f68346eb-48bd-4aa4-9bbe-17b6cd964e0e,준모바일,휴대폰,우치서하로 골목형상점가,골목형상점가,광주광역시,,,
eb6cd3140a4be322199b,full_annotation_v1,A,q_커피_13,커피 한잔할 데,카페·디저트 중 '커피'를 판매·제공하는 매장,train,커피,T4 구어·문장,f7e9ad8e-9ae1-4c9f-b2a9-3d0cd4dd2875,컴포즈커피,커피,테크노밸리 골목형상점가,골목형상점가,대전광역시,,,
e61cdcec3ad3d361a811,full_annotation_v1,A,q_커피_13,커피 한잔할 데,카페·디저트 중 '커피'를 판매·제공하는 매장,train,커피,T4 구어·문장,0ce69e8e-4c1c-476f-8d93-d48ccdacbf2f,e-조은치과,치과재료,풍암중앙상인회 골목형상점가,골목형상점가,광주광역시,,,
c906c8ea5237794509b0,full_annotation_v1,A,q_커피_13,커피 한잔할 데,카페·디저트 중 '커피'를 판매·제공하는 매장,train,커피,T4 구어·문장,a66e9835-849a-4668-bc0d-e9b323a03c71,에프엑스(FX)커피,커피,석수본동 골목형상점가,골목형상점가,경기도,,,
7f7bfdb81e638f211a8e,full_annotation_v1,A,q_커피_13,커피 한잔할 데,카페·디저트 중 '커피'를 판매·제공하는 매장,train,커피,T4 구어·문장,011e2df5-6d25-4553-bfc6-cdf779856853,올데이(All day),카페,남구 용대로 골목형상점가,골목형상점가,광주광역시,,,
8d82c299443b95fa3441,full_annotation_v1,A,q_커피_13,커피 한잔할 데,카페·디저트 중 '커피'를 판매·제공하는 매장,train,커피,T4 구어·문장,a483b42b-3360-48fd-86dc-dbe893366661,보피,커피,동구청앞 골목형상점가,골목형상점가,광주광역시,,,
9ea8808a7ae7d3169ad1,full_annotation_v1,A,q_커피_13,커피 한잔할 데,카페·디저트 중 '커피'를 판매·제공하는 매장,train,커피,T4 구어·문장,4ed348f8-e30c-443a-b786-498e498e1568,오펜스,커피,전남여고후문 골목형상점가,골목형상점가,광주광역시,,,
fc93b281daf4ee8db3b4,full_annotation_v1,A,q_커피_13,커피 한잔할 데,카페·디저트 중 '커피'를 판매·제공하는 매장,train,커피,T4 구어·문장,1cdbe617-c06e-4652-bbf4-8fd1acd9b1ff,어쓰커피,커피,경대북문 골목형상점가,골목형상점가,대구광역시,,,
674634bdb478a64a39c0,full_annotation_v1,A,q_커피_13,커피 한잔할 데,카페·디저트 중 '커피'를 판매·제공하는 매장,train,커피,T4 구어·문장,320dc69a-f92b-4ff9-b889-6dd623fa71cd,하옵,커피,위드수암 골목형상점가,골목형상점가,울산광역시,,,
896b42da1951c1ff430b,full_annotation_v1,A,q_커피_13,커피 한잔할 데,카페·디저트 중 '커피'를 판매·제공하는 매장,train,커피,T4 구어·문장,bf7bdd9f-ff4c-4793-9a6d-38cd12c2825d,짹짹커피,커피,마산어시장,전통시장,경상남도,,,
147f0acda67195bc82eb,full_annotation_v1,A,q_커피_13,커피 한잔할 데,카페·디저트 중 '커피'를 판매·제공하는 매장,train,커피,T4 구어·문장,93c9aee8-81e5-4b6b-b687-80169142b0a4,알리바바 커피 광주화정점,커피,화삼골상인회 골목형상점가,골목형상점가,광주광역시,,,
bf51874e533623fef877,full_annotation_v1,A,q_커피_13,커피 한잔할 데,카페·디저트 중 '커피'를 판매·제공하는 매장,train,커피,T4 구어·문장,741af671-731a-4138-8fc2-543a5c18353b,컴포즈커피,커피,서석초 인근 골목형상점가,골목형상점가,광주광역시,,,
f0555a55768231358109,full_annotation_v1,A,q_커피_13,커피 한잔할 데,카페·디저트 중 '커피'를 판매·제공하는 매장,train,커피,T4 구어·문장,9b03a9cd-2d39-4bd2-8c73-f0bbbe053da8,컴포즈커피,커피,미라클,골목형상점가,광주광역시,,,
1815371abcad7dd53c1e,full_annotation_v1,A,q_커피_13,커피 한잔할 데,카페·디저트 중 '커피'를 판매·제공하는 매장,train,커피,T4 구어·문장,605d6892-e9c2-4c87-8237-4577f9b819e1,하삼동커피 동변점,커피,동먹골상가 골목형상점가,골목형상점가,대구광역시,,,
155d83a7a245c3267d20,full_annotation_v1,A,q_커피_13,커피 한잔할 데,카페·디저트 중 '커피'를 판매·제공하는 매장,train,커피,T4 구어·문장,c6bbdb03-f91c-4ea4-a390-045719eafbdd,송커피,커피,서문시장2지구 종합상가,전통시장,대구광역시,,,
a6d7bc460407ca138e34,full_annotation_v1,A,q_커피_13,커피 한잔할 데,카페·디저트 중 '커피'를 판매·제공하는 매장,train,커피,T4 구어·문장,7ffd5c68-1804-4ab0-bee2-b38935b3ddee,커피꼴랑,커피,나성동 소방청 골목형상점가,골목형상점가,세종특별자치시,,,
1e8dae53108d3e75cebf,full_annotation_v1,A,q_커피_13,커피 한잔할 데,카페·디저트 중 '커피'를 판매·제공하는 매장,train,커피,T4 구어·문장,8a00e238-cd1d-4416-be50-34830953652f,컴포즈커피,커피,창원 명서시장,전통시장,경상남도,,,
d992e1f82e23fa01376e,full_annotation_v1,A,q_커피_13,커피 한잔할 데,카페·디저트 중 '커피'를 판매·제공하는 매장,train,커피,T4 구어·문장,33dad3da-52a7-4f23-8334-8717c52d9216,아마존 커피,커피,목행시장,전통시장,충청북도,,,
e8fd9701d9cb7871525e,full_annotation_v1,A,q_커피_13,커피 한잔할 데,카페·디저트 중 '커피'를 판매·제공하는 매장,train,커피,T4 구어·문장,9a7be11f-a74c-4851-bd29-a78e55086f96,한잔포차,한식,강진 서성도담길,골목형상점가,전라남도,,,
689cfc89137b5a351021,full_annotation_v1,A,q_커피_13,커피 한잔할 데,카페·디저트 중 '커피'를 판매·제공하는 매장,train,커피,T4 구어·문장,00333be0-b70d-4197-aa97-5a277d61e0da,㈜신진후르츠,과일,부전농수산물새벽시장,전통시장,부산광역시,,,
3d3e0a1532a3f94f69bc,full_annotation_v1,A,q_커피_13,커피 한잔할 데,카페·디저트 중 '커피'를 판매·제공하는 매장,train,커피,T4 구어·문장,15fd414a-3d05-43c2-8174-e6c56c324124,"커피,오후",커피,운암대자골 골목형상점가,골목형상점가,광주광역시,,,
3633add20c8f9feff584,full_annotation_v1,A,q_커피_13,커피 한잔할 데,카페·디저트 중 '커피'를 판매·제공하는 매장,train,커피,T4 구어·문장,801602eb-9691-42e3-bdd4-63d7056e29c5,컴포즈커피,커피,감전시장,전통시장,부산광역시,,,
6cef4fae8f8ea9d32052,full_annotation_v1,A,q_커피_13,커피 한잔할 데,카페·디저트 중 '커피'를 판매·제공하는 매장,train,커피,T4 구어·문장,0038b8f8-2bc5-4e28-b122-22a93a38b3b0,컴포즈커피,커피 음료,용흥시장,전통시장,경상북도,,,
857d13674ecace48a8be,full_annotation_v1,A,q_커피_13,커피 한잔할 데,카페·디저트 중 '커피'를 판매·제공하는 매장,train,커피,T4 구어·문장,ef33d434-17aa-46b5-8be7-b12fb852387c,커피&샌드위치 오구오구,커피,금암동 골목형상점가,골목형상점가,충청남도,,,
14c2414ed8548d6ce785,full_annotation_v1,A,q_커피_13,커피 한잔할 데,카페·디저트 중 '커피'를 판매·제공하는 매장,train,커피,T4 구어·문장,eadb8089-0281-49ed-8516-694707097a98,빈드럭스,커피,우치서하로 골목형상점가,골목형상점가,광주광역시,,,
715122c31c2950eaf97f,full_annotation_v1,A,q_커피_13,커피 한잔할 데,카페·디저트 중 '커피'를 판매·제공하는 매장,train,커피,T4 구어·문장,87bcae45-30b6-446b-bd65-8b2575d3b250,커볶,커피,지산유원지 상점가,자율상권구역,광주광역시,,,
e61c942131d8969fd0d3,full_annotation_v1,A,q_커피_13,커피 한잔할 데,카페·디저트 중 '커피'를 판매·제공하는 매장,train,커피,T4 구어·문장,0042e83d-930b-4d1d-a96f-f1a2691256cd,성화상회,과일,대구능금시장,전통시장,대구광역시,,,
488ad1ee0f5db2cfbdca,full_annotation_v1,A,q_커피_13,커피 한잔할 데,카페·디저트 중 '커피'를 판매·제공하는 매장,train,커피,T4 구어·문장,f3af34b8-db53-4d1d-a76d-7a999dd5784a,본커피,커피,괴산시장,전통시장,충청북도,,,
6e49fb8dcae79aecb090,full_annotation_v1,A,q_커피_13,커피 한잔할 데,카페·디저트 중 '커피'를 판매·제공하는 매장,train,커피,T4 구어·문장,8791346a-0e70-4d3c-aae0-6f1c36891fa3,컴포즈커피,커피,내상로 골목형상점가,골목형상점가,광주광역시,,,
1a35c3ddbbd37808c059,full_annotation_v1,A,q_커피_13,커피 한잔할 데,카페·디저트 중 '커피'를 판매·제공하는 매장,train,커피,T4 구어·문장,0464953f-9774-48ca-9060-17acec93d9b0,한씨네마카롱&커피,커피 마카롱,강릉성남시장,전통시장,강원특별자치도,,,
f167b20554381832a6c5,full_annotation_v1,A,q_커피_13,커피 한잔할 데,카페·디저트 중 '커피'를 판매·제공하는 매장,train,커피,T4 구어·문장,005cf715-6b17-4116-a663-d9a56b68ff54,비허밍 스터디카페 (진월),스터디카페,서문대로701번길 골목형상점가,골목형상점가,광주광역시,,,
c9dddc7d8180a185e254,full_annotation_v1,A,q_커피_13,커피 한잔할 데,카페·디저트 중 '커피'를 판매·제공하는 매장,train,커피,T4 구어·문장,003d7e3f-6459-4018-ac58-7184cd2457d5,눈치 금호점,카페,금호1동상가번영회 골목형상점가,골목형상점가,광주광역시,,,
0e879821dc1ce3cc85ff,full_annotation_v1,A,q_커피_13,커피 한잔할 데,카페·디저트 중 '커피'를 판매·제공하는 매장,train,커피,T4 구어·문장,81de128f-1849-4f48-ba44-d656bafa3c72,중앙상사,건어물,석바위시장,전통시장,인천광역시,,,
d5aa810405fc5410c7dd,full_annotation_v1,A,q_커피_13,커피 한잔할 데,카페·디저트 중 '커피'를 판매·제공하는 매장,train,커피,T4 구어·문장,b68d48f5-26b1-490d-bb70-e51ccfa31c51,콩고커피,커피,평촌역 상점가,자율상권구역,경기도,,,
d482cbb1c28c913757b1,full_annotation_v1,A,q_커피_13,커피 한잔할 데,카페·디저트 중 '커피'를 판매·제공하는 매장,train,커피,T4 구어·문장,18978238-73a3-4e26-8940-37edd752912a,컴포즈커피,커피,"온양온천시장(온양재래시장, 전통시장)",전통시장,충청남도,,,
6e4fe3e6b1298d063582,full_annotation_v1,A,q_커피_13,커피 한잔할 데,카페·디저트 중 '커피'를 판매·제공하는 매장,train,커피,T4 구어·문장,50eb3fc5-d81d-4848-86a3-0824344b88b2,네파 안산한대점,의류,안산패션타운전통시장,전통시장,경기도,,,
d23f9586a5fd82b92bfa,full_annotation_v1,A,q_커피_13,커피 한잔할 데,카페·디저트 중 '커피'를 판매·제공하는 매장,train,커피,T4 구어·문장,c7ec1ca1-783b-4cd2-bda6-f55d0bf01c48,낼름커피,커피,문화1동 골목형상점가,골목형상점가,대전광역시,,,
a6fd2b13f6acaa01ea85,full_annotation_v1,A,q_커피_13,커피 한잔할 데,카페·디저트 중 '커피'를 판매·제공하는 매장,train,커피,T4 구어·문장,d53b2b20-b6b7-45c7-8ad1-dcdcc5bba5f3,커피 하모니카,커피,제천시 원도심 상권활성화구역,상권활성화구역,충청북도,,,
cd1251c13936f647a0ee,full_annotation_v1,A,q_커피_13,커피 한잔할 데,카페·디저트 중 '커피'를 판매·제공하는 매장,train,커피,T4 구어·문장,a082d7f4-ccc4-40e4-98c1-c3f567024706,아짙으,커피,화원시장,전통시장,대구광역시,,,
c91313a2970c1e6504cd,full_annotation_v1,A,q_커피_13,커피 한잔할 데,카페·디저트 중 '커피'를 판매·제공하는 매장,train,커피,T4 구어·문장,00643a05-bc19-4096-bd28-93d17a13a461,스윗앤샷 대전둔산점,커피 및 음료,둔산2동 골목형상점가,골목형상점가,대전광역시,,,
0573ca192b68042c34a1,full_annotation_v1,A,q_커피_13,커피 한잔할 데,카페·디저트 중 '커피'를 판매·제공하는 매장,train,커피,T4 구어·문장,db120c04-9540-4475-a721-7c0595eb6d07,커피허유,커피,해미읍성전통시장,전통시장,충청남도,,,
3dba52fd90629bfdd862,full_annotation_v1,A,q_커피_13,커피 한잔할 데,카페·디저트 중 '커피'를 판매·제공하는 매장,train,커피,T4 구어·문장,e9769546-6d5a-42af-85d7-64a026b18a55,호록커피,커피,잠원하길골목형상점가,골목형상점가,서울특별시,,,
ae4e84c52ada84b41eda,full_annotation_v1,A,q_커피_13,커피 한잔할 데,카페·디저트 중 '커피'를 판매·제공하는 매장,train,커피,T4 구어·문장,cc436fa3-3906-46f0-a0b9-407b784a7b6d,강변로 커피,커피,강변상점가,자율상권구역,경기도,,,
2fc037080370406f5ad4,full_annotation_v1,A,q_커피_13,커피 한잔할 데,카페·디저트 중 '커피'를 판매·제공하는 매장,train,커피,T4 구어·문장,0017b31e-27bf-4395-a7b2-ad9bc8554d97,컴포즈커피 충주호암한신더휴점,"커피, 음료",호암사천개로골목형상점가,골목형상점가,충청북도,,,
963b8bfc1672946412e0,full_annotation_v1,A,q_커피_13,커피 한잔할 데,카페·디저트 중 '커피'를 판매·제공하는 매장,train,커피,T4 구어·문장,f5f83244-6b34-414a-87bd-48d51fe6564f,푸른동변약국,약,동먹골상가 골목형상점가,골목형상점가,대구광역시,,,
f1eba320877e4534e8ab,full_annotation_v1,A,q_커피_13,커피 한잔할 데,카페·디저트 중 '커피'를 판매·제공하는 매장,train,커피,T4 구어·문장,57ac0fe3-cb75-4294-850a-9adbe009ee19,이디야 커피,커피,양산동 골목형상점가,골목형상점가,광주광역시,,,
40a0449b666d702bc1c5,full_annotation_v1,A,q_커피_13,커피 한잔할 데,카페·디저트 중 '커피'를 판매·제공하는 매장,train,커피,T4 구어·문장,156cd9d8-5fa0-4679-a844-e3d4435c58d4,커피 메모리,커피,반석동 골목형상점가,골목형상점가,대전광역시,,,
70b4c6987c8270681503,full_annotation_v1,A,q_커피_13,커피 한잔할 데,카페·디저트 중 '커피'를 판매·제공하는 매장,train,커피,T4 구어·문장,bf03f773-c3f0-4a31-aeac-3936653d54fb,컴포즈커피,커피,신효천 골목형상점가,골목형상점가,광주광역시,,,
81808df10ae7e63a0666,full_annotation_v1,A,q_커피_13,커피 한잔할 데,카페·디저트 중 '커피'를 판매·제공하는 매장,train,커피,T4 구어·문장,71dffebb-3b6c-437b-b64c-c4e4a25ed7cb,레거시 커피,커피,지산휴먼시아인근 골목형상점가,골목형상점가,광주광역시,,,
7447f8e8de5ea0e8ee30,full_annotation_v1,A,q_커피_13,커피 한잔할 데,카페·디저트 중 '커피'를 판매·제공하는 매장,train,커피,T4 구어·문장,2f7bdba1-2bfe-4b70-a6cd-010b98636b50,옥이호프&커피,커피,에버랜드마을 골목형 상점가,골목형상점가,경기도,,,
ecffbf74b150f0fb4c92,full_annotation_v1,A,q_커피_13,커피 한잔할 데,카페·디저트 중 '커피'를 판매·제공하는 매장,train,커피,T4 구어·문장,00b6de61-2c2e-4164-aee6-c011f81aec20,파리바게뜨 세종반곡,"베이커리, 케이크, 음료, 커피",반곡동행복 골목형상점가,골목형상점가,세종특별자치시,,,
7df6bf8680af5683528d,full_annotation_v1,A,q_커피_13,커피 한잔할 데,카페·디저트 중 '커피'를 판매·제공하는 매장,train,커피,T4 구어·문장,97a34732-4113-48cc-a380-83ff4b953d66,미미,,비카인드 자율상권구역,,경상북도,,,
f05c56e98497716999f1,full_annotation_v1,A,q_커피_13,커피 한잔할 데,카페·디저트 중 '커피'를 판매·제공하는 매장,train,커피,T4 구어·문장,3444199f-b34e-4a71-bb90-8c3aba44acfd,커피볼드,커피,솔올중앞골목형상점가,골목형상점가,강원특별자치도,,,
d7d2365e32757af5788c,full_annotation_v1,A,q_커피_13,커피 한잔할 데,카페·디저트 중 '커피'를 판매·제공하는 매장,train,커피,T4 구어·문장,dc0d07f8-d9ba-4c0c-baad-a86b9d744976,반가사유 커피 로스터리,커피,전대병원오거리 골목형상점가,골목형상점가,광주광역시,,,
be9a8756503538369918,full_annotation_v1,A,q_커피_13,커피 한잔할 데,카페·디저트 중 '커피'를 판매·제공하는 매장,train,커피,T4 구어·문장,58d878ef-b9c2-4ca8-8d22-8fa45441bf25,마쵸커피,커피,공항골목시장골목형상점가,골목형상점가,서울특별시,,,
f8f8ec42d7956a81b2fa,full_annotation_v1,A,q_커피_13,커피 한잔할 데,카페·디저트 중 '커피'를 판매·제공하는 매장,train,커피,T4 구어·문장,8db9433a-0c86-4954-8a78-a8d64f3448f2,비읍커피,커피,지중해마을 골목형상점가,골목형상점가,충청남도,,,
22966b734814c951ee63,full_annotation_v1,A,q_커피_13,커피 한잔할 데,카페·디저트 중 '커피'를 판매·제공하는 매장,train,커피,T4 구어·문장,4e425458-a673-4667-bd63-f820409101f5,"커피,하늘",커피,금산금빛시장(금산시장),전통시장,충청남도,,,
cf181ad8475fa6eff8c5,full_annotation_v1,A,q_커피_13,커피 한잔할 데,카페·디저트 중 '커피'를 판매·제공하는 매장,train,커피,T4 구어·문장,2e6d83e9-fb58-487b-aaff-b01b2cd2b46e,데세르,커피,광양5일시장,전통시장,전라남도,,,
5ffc522a9037c108a095,full_annotation_v1,A,q_커피_13,커피 한잔할 데,카페·디저트 중 '커피'를 판매·제공하는 매장,train,커피,T4 구어·문장,35fa3618-f986-4f69-86f2-20cf1f2553ac,커피 로드뷰 동명점,커피,동명동 카페거리 골목형상점가,골목형상점가,광주광역시,,,
60894ac86e6904b3b8a6,full_annotation_v1,A,q_커피_13,커피 한잔할 데,카페·디저트 중 '커피'를 판매·제공하는 매장,train,커피,T4 구어·문장,00045dfc-0681-4fb3-8265-33b3df14c289,한라농산,과일,황지시장상점가,자율상권구역,강원특별자치도,,,
ad1604ea7e277031ec04,full_annotation_v1,A,q_커피_13,커피 한잔할 데,카페·디저트 중 '커피'를 판매·제공하는 매장,train,커피,T4 구어·문장,c3ca5d63-bb0c-42da-a7c9-fcf9e2e2b04f,그린우드 커피,커피,은구비서로사회적협동조합 골목형상점가,골목형상점가,대전광역시,,,
2ea891d752271e2c4acb,full_annotation_v1,A,q_커피_13,커피 한잔할 데,카페·디저트 중 '커피'를 판매·제공하는 매장,train,커피,T4 구어·문장,e921b260-00df-403f-bf43-9691ff52e38f,스위치 커피,커피,고운뜰 골목형상점가,골목형상점가,세종특별자치시,,,
d868a602bfb4f17c17d9,full_annotation_v1,A,q_커피_13,커피 한잔할 데,카페·디저트 중 '커피'를 판매·제공하는 매장,train,커피,T4 구어·문장,73aa8f18-d2a5-41e6-b4a4-1463f833344a,컴포즈커피,커피,선운 골목형상점가,골목형상점가,광주광역시,,,
6b88c45bd973050ba5ed,full_annotation_v1,A,q_커피_13,커피 한잔할 데,카페·디저트 중 '커피'를 판매·제공하는 매장,train,커피,T4 구어·문장,d50078e1-7cf8-42c5-9502-4e824f084979,헤어아뜰리에,미요업,군분로꽁양상인회 골목형상점가,골목형상점가,광주광역시,,,
7b123955dd3de2b89626,full_annotation_v1,A,q_커피_13,커피 한잔할 데,카페·디저트 중 '커피'를 판매·제공하는 매장,train,커피,T4 구어·문장,f3e2e9b0-76dd-4a6b-b9b7-4361c12c17c7,한잔포차,한식,통진시장,전통시장,경기도,,,
9d787ea737e4a2dd5be8,full_annotation_v1,A,q_커피_13,커피 한잔할 데,카페·디저트 중 '커피'를 판매·제공하는 매장,train,커피,T4 구어·문장,146f5dc7-e867-45b3-916e-82f4a9dffdb7,컴포즈커피,커피,아진상가,골목형상점가,울산광역시,,,
2e9c447a7f3f0957c2b7,full_annotation_v1,A,q_커피_13,커피 한잔할 데,카페·디저트 중 '커피'를 판매·제공하는 매장,train,커피,T4 구어·문장,001a6b2a-e054-43e1-8e39-3e141a806e7e,마시오커피,커피,대인동예술담길 골목형상점가,골목형상점가,광주광역시,,,
2f004471c654dcd922c8,full_annotation_v1,A,q_커피_13,커피 한잔할 데,카페·디저트 중 '커피'를 판매·제공하는 매장,train,커피,T4 구어·문장,97b4f1a9-34d3-4860-a3aa-6112bd271833,길커피,커피,경주성동공설시장,전통시장,경상북도,,,
b1cb228a6318c110e5c3,full_annotation_v1,A,q_커피_13,커피 한잔할 데,카페·디저트 중 '커피'를 판매·제공하는 매장,train,커피,T4 구어·문장,9c507ade-506b-45f7-842a-bc89162fe06b,지코바 양념치킨 매곡점,치킨,월드시티상가 골목형상점가,골목형상점가,울산광역시,,,
237c304e6813b17c42cd,full_annotation_v1,A,q_커피_13,커피 한잔할 데,카페·디저트 중 '커피'를 판매·제공하는 매장,train,커피,T4 구어·문장,9bf211ee-5b8c-4216-a152-2d4c86662de8,텐퍼센트 커피,커피,서문대로701번길 골목형상점가,골목형상점가,광주광역시,,,
34a0404bf0f6b84d1c96,full_annotation_v1,A,q_커피_13,커피 한잔할 데,카페·디저트 중 '커피'를 판매·제공하는 매장,train,커피,T4 구어·문장,643d2c1e-faeb-407c-9fdc-46b93e4665df,예셰숄,커피,성수역골목형상점가,골목형상점가,서울특별시,,,
5a848fcbe7c5a0adbf2b,full_annotation_v1,A,q_커피_13,커피 한잔할 데,카페·디저트 중 '커피'를 판매·제공하는 매장,train,커피,T4 구어·문장,3cf0f3da-eeaf-4e0a-b8a3-a0cd3ed6787c,바이너리 커피,커피,새샘하루 골목형상점가,골목형상점가,세종특별자치시,,,
ac22b97ce02f43e8e09e,full_annotation_v1,A,q_커피_13,커피 한잔할 데,카페·디저트 중 '커피'를 판매·제공하는 매장,train,커피,T4 구어·문장,002e24d7-e3a9-45fc-aa78-632c2a7899e6,샌디얌,커피,금남로5가 골목형상점가,골목형상점가,광주광역시,,,
9a8350b897a407c73ec8,full_annotation_v1,A,q_커피_13,커피 한잔할 데,카페·디저트 중 '커피'를 판매·제공하는 매장,train,커피,T4 구어·문장,008450bd-f343-47b8-bb6a-826291c52d8f,아이러브클린,준공청소 일반청소 에어컨청소 카페트청소 사무실및 상가청소 바닥청소,금당산길상인회 골목형상점가,골목형상점가,광주광역시,,,
53ad15f53dda304e2352,full_annotation_v1,A,q_커피_13,커피 한잔할 데,카페·디저트 중 '커피'를 판매·제공하는 매장,train,커피,T4 구어·문장,05ec11be-d0ce-4efe-9c1f-5de1da552a09,퍼피마미,미용재료,"금남로1,2,3가 골목형상점가",골목형상점가,광주광역시,,,
cbc699803d09dc17aff7,full_annotation_v1,A,q_커피_13,커피 한잔할 데,카페·디저트 중 '커피'를 판매·제공하는 매장,train,커피,T4 구어·문장,1b497a0c-5e28-47a7-8589-b9156a3c9706,하노이쌀국시,쌀국수,토지금고시장,전통시장,인천광역시,,,
6fe7b6f9e9a0c17023bf,full_annotation_v1,A,q_커피_13,커피 한잔할 데,카페·디저트 중 '커피'를 판매·제공하는 매장,train,커피,T4 구어·문장,0ee6fdc3-eee5-41c5-96e6-982d6663aa61,에센자 커피,커피,두암2동광신맨션주변 골목형상점가,골목형상점가,광주광역시,,,
fcaab433c0b3f4e2c268,full_annotation_v1,A,q_커피_13,커피 한잔할 데,카페·디저트 중 '커피'를 판매·제공하는 매장,train,커피,T4 구어·문장,d2e567ab-943e-4856-b23c-d991e10d0097,"하루,커피",커피,유성문화원 골목형상점가,골목형상점가,대전광역시,,,
e097feaa96e5da666972,full_annotation_v1,A,q_커피_13,커피 한잔할 데,카페·디저트 중 '커피'를 판매·제공하는 매장,train,커피,T4 구어·문장,f14df4d3-9858-4a8b-8597-20fd477d8e32,갤러리 데 루치아,가구,용인어정가구단지상점가,자율상권구역,경기도,,,
59fce1bad642e81f22f4,full_annotation_v1,A,q_커피_13,커피 한잔할 데,카페·디저트 중 '커피'를 판매·제공하는 매장,train,커피,T4 구어·문장,8896722f-a836-4980-83a7-fe37d9af3f05,프레피 커피 랩,커피,송도트리플타워골목형상점가,골목형상점가,인천광역시,,,
dd7b3f4b9c9285e735cc,full_annotation_v1,A,q_커피_13,커피 한잔할 데,카페·디저트 중 '커피'를 판매·제공하는 매장,train,커피,T4 구어·문장,e1c2c1a5-0cb6-4952-bf88-1b04175c90fe,범골커피,커피,망원시장,전통시장,서울특별시,,,
bcf897f26e68f2d7cc06,full_annotation_v1,A,q_커피_13,커피 한잔할 데,카페·디저트 중 '커피'를 판매·제공하는 매장,train,커피,T4 구어·문장,90c62395-f269-435c-99e4-e48a6af6ed2e,커피퍽,커피,지웰시티자이상가 골목형상점가,골목형상점가,울산광역시,,,
61239a23ac82530bc700,full_annotation_v1,A,q_커피_13,커피 한잔할 데,카페·디저트 중 '커피'를 판매·제공하는 매장,train,커피,T4 구어·문장,b8c90287-0a38-4576-b573-91dd53fdc062,컴포즈커피,커피,상무중앙로46구역상인회 골목형상점가,골목형상점가,광주광역시,,,
4819aebafb3548fcba7f,full_annotation_v1,A,q_커피_13,커피 한잔할 데,카페·디저트 중 '커피'를 판매·제공하는 매장,train,커피,T4 구어·문장,16f4a9c7-500b-44d9-a80e-fa034040ad90,용커피,커피,두마면 계룡역골목형상점가,골목형상점가,충청남도,,,
ffa316505b51c5dce63a,full_annotation_v1,A,q_커피_13,커피 한잔할 데,카페·디저트 중 '커피'를 판매·제공하는 매장,train,커피,T4 구어·문장,ed59120c-1966-4ee7-a5c4-8cee5f0ad6fc,본커피,커피,남대문시장,전통시장,서울특별시,,,
67e221850892fbf61492,full_annotation_v1,A,q_커피_13,커피 한잔할 데,카페·디저트 중 '커피'를 판매·제공하는 매장,train,커피,T4 구어·문장,87cbe611-d7d1-40c4-9814-0526a139b025,쌍치팥죽,분식,정읍샘고을시장,전통시장,전북특별자치도,,,
a99d92d7489c6883967f,full_annotation_v1,A,q_커피_13,커피 한잔할 데,카페·디저트 중 '커피'를 판매·제공하는 매장,train,커피,T4 구어·문장,00d3ef33-13db-4750-93a0-4b31010fcb70,온유베이크,카페,스타타워1 골목형상점가,골목형상점가,인천광역시,,,
6f45190694c4d618740c,full_annotation_v1,A,q_커피_13,커피 한잔할 데,카페·디저트 중 '커피'를 판매·제공하는 매장,train,커피,T4 구어·문장,a8130f23-d98f-4305-8654-85aa364acb8f,이디야 커피,커피,밀양 원도심 햇살문화 상권활성화 구역,상권활성화구역,경상남도,,,
2f450aacd99cdb6ff33a,full_annotation_v1,A,q_커피_13,커피 한잔할 데,카페·디저트 중 '커피'를 판매·제공하는 매장,train,커피,T4 구어·문장,000814be-1ad1-4f62-87e7-0e02af595e2f,사사,"샌드위치, 케이크, 커피",나릿재 골목형상점가,골목형상점가,세종특별자치시,,,
15a48e6fecd446a9e499,full_annotation_v1,A,q_커피_13,커피 한잔할 데,카페·디저트 중 '커피'를 판매·제공하는 매장,train,커피,T4 구어·문장,e4ba6cf2-ce77-40a6-9c9e-a05ff94c7f8b,에픽커피,커피,중흥동광주역 골목형상점가,골목형상점가,광주광역시,,,
d15811f23af8ba9f3fa5,full_annotation_v1,A,q_커피_13,커피 한잔할 데,카페·디저트 중 '커피'를 판매·제공하는 매장,train,커피,T4 구어·문장,003e7ebf-1112-4ab4-a484-67716e4b2a85,이든,카페,원주중앙시장활성화구역,상권활성화구역,강원특별자치도,,,
44bb657f86f619eeb1a6,full_annotation_v1,A,q_커피_13,커피 한잔할 데,카페·디저트 중 '커피'를 판매·제공하는 매장,train,커피,T4 구어·문장,00e6ab18-463e-4301-8e8f-a5a7f06b69bc,한잔더,,쉬고거리제1골목형상점가,골목형상점가,경기도,,,
a3a27f9df67436661900,full_annotation_v1,A,q_커피_13,커피 한잔할 데,카페·디저트 중 '커피'를 판매·제공하는 매장,train,커피,T4 구어·문장,bc6e319a-f3cc-414f-a13e-4c8298fc041b,주은음악학원,교육,풍암당산상인회 골목형상점가,골목형상점가,광주광역시,,,
1ceea289410eb0ee8ac8,full_annotation_v1,A,q_커피_13,커피 한잔할 데,카페·디저트 중 '커피'를 판매·제공하는 매장,train,커피,T4 구어·문장,d29afe81-6b3c-48e0-a174-9060ae8503c7,홉커피,커피,전남여고후문 골목형상점가,골목형상점가,광주광역시,,,
9b12b14a7e4545eff977,full_annotation_v1,A,q_커피_13,커피 한잔할 데,카페·디저트 중 '커피'를 판매·제공하는 매장,train,커피,T4 구어·문장,9f6992ff-071f-4beb-861e-97cf05fcc1cd,렐러번트 커피,커피,청당1번가 골목형상점가,골목형상점가,충청남도,,,
a03eb0fed93f8b52635a,full_annotation_v1,A,q_커피_13,커피 한잔할 데,카페·디저트 중 '커피'를 판매·제공하는 매장,train,커피,T4 구어·문장,e324ea1e-8aeb-49db-b251-5d24e8a73ef5,하삼동 커피(강서점),커피,강서다온골목형상점가,골목형상점가,충청북도,,,
7ba2f47840a6ff3a7658,full_annotation_v1,A,q_커피_13,커피 한잔할 데,카페·디저트 중 '커피'를 판매·제공하는 매장,train,커피,T4 구어·문장,5bc4a470-01c7-4491-9010-d8d5b16e8b68,삼양마트(커피),커피,구역전시장,전통시장,울산광역시,,,
3739f945f4d16deccafe,full_annotation_v1,A,q_커피_13,커피 한잔할 데,카페·디저트 중 '커피'를 판매·제공하는 매장,train,커피,T4 구어·문장,b5696703-4a0a-4d6f-bb5a-c16bbc178a08,커피 베이화성향남점,"커피, 베이커리",향남로 골목형상점가,골목형상점가,경기도,,,
43bbc681baf2c74b567b,full_annotation_v1,A,q_커피_13,커피 한잔할 데,카페·디저트 중 '커피'를 판매·제공하는 매장,train,커피,T4 구어·문장,0018e5c7-fa61-469b-8740-8bafdd196f3b,다소니(DASONI),커피 음료,두암사거리 골목형상점가,골목형상점가,광주광역시,,,
863fddaecb6eb00ccf42,full_annotation_v1,A,q_커피_13,커피 한잔할 데,카페·디저트 중 '커피'를 판매·제공하는 매장,train,커피,T4 구어·문장,9bea613d-12ce-4048-98d5-e96297a837f1,하올람 커피,커피,이중섭거리 명동로상가,골목형상점가,제주특별자치도,,,
bc85f6aef21d056c9fdb,full_annotation_v1,A,q_커피_13,커피 한잔할 데,카페·디저트 중 '커피'를 판매·제공하는 매장,train,커피,T4 구어·문장,d4d0e35e-7790-468a-a61b-7ac46b0daae5,피츠로이 커피,커피,문정동로데오상점가,자율상권구역,서울특별시,,,
b667cf501b799891d9db,full_annotation_v1,A,q_커피_13,커피 한잔할 데,카페·디저트 중 '커피'를 판매·제공하는 매장,train,커피,T4 구어·문장,0063671e-77f7-466c-bbc2-223497c0dae4,무가당,카페,세병호 골목형상점가,골목형상점가,전북특별자치도,,,
4dd6373489f5c7faeef6,full_annotation_v1,A,q_커피_13,커피 한잔할 데,카페·디저트 중 '커피'를 판매·제공하는 매장,train,커피,T4 구어·문장,8a10f6b8-0570-4927-aab3-d33275d4368f,하빌커피,커피,선운별 골목형상점가,골목형상점가,광주광역시,,,
506b5495e79c8181bcb9,full_annotation_v1,A,q_커피_13,커피 한잔할 데,카페·디저트 중 '커피'를 판매·제공하는 매장,train,커피,T4 구어·문장,282b0e8b-051c-49f9-a707-b982df803589,까라벨라 데 오르,스파게티,동명동 카페거리 골목형상점가,골목형상점가,광주광역시,,,
2a147a6d3e5efc2d1e8c,full_annotation_v1,A,q_커피_13,커피 한잔할 데,카페·디저트 중 '커피'를 판매·제공하는 매장,train,커피,T4 구어·문장,17f568de-0fa4-4c6f-bd3c-fed93fc110de,선영이 커피,커피,대전정원시장,전통시장,대전광역시,,,
041024593db652369dd0,full_annotation_v1,A,q_커피_13,커피 한잔할 데,카페·디저트 중 '커피'를 판매·제공하는 매장,train,커피,T4 구어·문장,00468e6b-39c6-4ce1-a534-a6b1eecac01d,태양농산물,과일,정릉서경대길골목형상점가(정릉골),골목형상점가,서울특별시,,,
85ad0029ffaf17108e19,full_annotation_v1,A,q_커피_13,커피 한잔할 데,카페·디저트 중 '커피'를 판매·제공하는 매장,train,커피,T4 구어·문장,e8c8d59c-3f77-4552-a22e-d147809bbf23,루트 커피,커피,평촌역 상점가,자율상권구역,경기도,,,
6497088a5da652e3e74c,full_annotation_v1,A,q_커피_13,커피 한잔할 데,카페·디저트 중 '커피'를 판매·제공하는 매장,train,커피,T4 구어·문장,891c1b8b-3c66-47c2-a497-056936f223a6,소왓커피,커피,성안길상점가,자율상권구역,충청북도,,,
216b31ef3097e5b21912,full_annotation_v1,A,q_커피_13,커피 한잔할 데,카페·디저트 중 '커피'를 판매·제공하는 매장,train,커피,T4 구어·문장,2b659c57-2aaf-4059-bb53-bf6f98425161,하나약국,,비카인드 자율상권구역,,경상북도,,,
cd2159ada00135f0916f,full_annotation_v1,A,q_커피_13,커피 한잔할 데,카페·디저트 중 '커피'를 판매·제공하는 매장,train,커피,T4 구어·문장,d6848235-dbdc-47ad-a780-dbeb0e054260,월드정육점,육류,월드시티상가 골목형상점가,골목형상점가,울산광역시,,,
41b7a176213b46ffd62b,full_annotation_v1,A,q_커피_13,커피 한잔할 데,카페·디저트 중 '커피'를 판매·제공하는 매장,train,커피,T4 구어·문장,8b7378d0-35ec-4ebd-a80d-68e80e160b5c,컴포즈 커피,커피,쫑포상가 골목형상점가,골목형상점가,전라남도,,,
daf12ee1e02f647a4a0c,full_annotation_v1,A,q_커피_13,커피 한잔할 데,카페·디저트 중 '커피'를 판매·제공하는 매장,train,커피,T4 구어·문장,f8ac0e33-6617-4e54-b76d-d0e30444d48e,컴포즈커피,커피,두암2동 도로변 골목형상점가,골목형상점가,광주광역시,,,
d7631ca901c9646f81ab,full_annotation_v1,A,q_커피_13,커피 한잔할 데,카페·디저트 중 '커피'를 판매·제공하는 매장,train,커피,T4 구어·문장,489e1674-1800-4bab-aa6d-afed071ce03e,슬로그 커피 로스터즈,커피,민락2지구골목형상점가,골목형상점가,경기도,,,
54fc59ac045b1e1af4fb,full_annotation_v1,A,q_커피_13,커피 한잔할 데,카페·디저트 중 '커피'를 판매·제공하는 매장,train,커피,T4 구어·문장,1a07ae01-0576-41d4-af8b-cbd44d6193f3,요켈,커피,푸른마을공동체센터 골목형상점가,골목형상점가,광주광역시,,,
e94d8023cbe28c5fe859,full_annotation_v1,A,q_커피_13,커피 한잔할 데,카페·디저트 중 '커피'를 판매·제공하는 매장,train,커피,T4 구어·문장,0031ddcb-756f-40bf-ae71-0aa29f780139,더벤티상무점,커피,상무로자율상권,상권활성화구역,광주광역시,,,
0a90bcfd9f3a396ccdae,full_annotation_v1,A,q_커피_13,커피 한잔할 데,카페·디저트 중 '커피'를 판매·제공하는 매장,train,커피,T4 구어·문장,ae132c00-95ee-4ded-bcee-4c07f6d8ba4f,엑스트라 커피,커피 전문점,테크노밸리 골목형상점가,골목형상점가,대전광역시,,,
c5eb18dbd22f4cda90ac,full_annotation_v1,A,q_커피_13,커피 한잔할 데,카페·디저트 중 '커피'를 판매·제공하는 매장,train,커피,T4 구어·문장,0d04153e-5fc7-4ba1-964c-6b128b2c8a4f,코히-커피,커피,법원 앞 사과마을 골목형상점가,골목형상점가,광주광역시,,,
d1f84c4551a48179ec19,full_annotation_v1,A,q_커피_13,커피 한잔할 데,카페·디저트 중 '커피'를 판매·제공하는 매장,train,커피,T4 구어·문장,aba76fc2-984e-4030-ba01-e2e7d78264c7,데 아로즈 대전둔산본점,,갈리단길 골목형상점가,골목형상점가,대전광역시,,,
7a7a16adf903b53b23b7,full_annotation_v1,A,q_커피_13,커피 한잔할 데,카페·디저트 중 '커피'를 판매·제공하는 매장,train,커피,T4 구어·문장,bc86b5f9-4770-4c21-84f0-848d485f7137,커피 제이 투,커피,매곡 가인 골목형상점가,골목형상점가,광주광역시,,,
352eb180463cb1fbb0c1,full_annotation_v1,A,q_커피_13,커피 한잔할 데,카페·디저트 중 '커피'를 판매·제공하는 매장,train,커피,T4 구어·문장,ce5dfaaf-4cf4-4003-9b1a-cab0b4ac1c3d,스텁스 커피,,노은1동 골목형상점가,골목형상점가,대전광역시,,,
a63799e716aa172f573d,full_annotation_v1,A,q_커피_13,커피 한잔할 데,카페·디저트 중 '커피'를 판매·제공하는 매장,train,커피,T4 구어·문장,5f44233a-02c8-449a-a0be-ad4e246d0882,아쏘커피,커피,오월첫동네 골목형상점가,골목형상점가,광주광역시,,,
66e662b2e655cb5e3851,full_annotation_v1,A,q_커피_13,커피 한잔할 데,카페·디저트 중 '커피'를 판매·제공하는 매장,train,커피,T4 구어·문장,8265aea3-9da4-4a4e-9d84-d1bd36dc4ca0,굿띵커피,커피,강남골목시장 골목형상점가,골목형상점가,서울특별시,,,
3aac80618528fe66670a,full_annotation_v1,A,q_커피_13,커피 한잔할 데,카페·디저트 중 '커피'를 판매·제공하는 매장,train,커피,T4 구어·문장,f8dbe46a-9b1e-4447-818d-9635ab36bbc6,카페,커피,문산초 골목형상점가,골목형상점가,광주광역시,,,
0de9ce0a55612dddb4d1,full_annotation_v1,A,q_커피_13,커피 한잔할 데,카페·디저트 중 '커피'를 판매·제공하는 매장,train,커피,T4 구어·문장,91dca623-25bb-4277-bc1b-5507c60c56f3,"안녕,커피",커피,압촌동 골목형상점가,골목형상점가,광주광역시,,,
d2982d5a8811902e2cd0,full_annotation_v1,A,q_커피_14,커치,카페·디저트 중 '커피'를 판매·제공하는 매장,train,커피,T6 기계변형,c2ffeb34-073d-4574-9f65-f5d8f78811aa,김옥경김치,김치,태장사거리 골목형상점가,골목형상점가,경기도,,,
69f79845540186bc1e2a,full_annotation_v1,A,q_커피_14,커치,카페·디저트 중 '커피'를 판매·제공하는 매장,train,커피,T6 기계변형,8d1e81f4-c11c-4ab9-bf5c-1dfd58c115a7,아주커치킨,치킨,황계 골목형상점가,골목형상점가,광주광역시,,,
aaa9be23267a7699349e,full_annotation_v1,A,q_커피_14,커치,카페·디저트 중 '커피'를 판매·제공하는 매장,train,커피,T6 기계변형,43f71e8c-d3cc-465c-bc45-5db79ee59fdb,아주커치킨 신가1점,치킨,미라클,골목형상점가,광주광역시,,,
6ffdfecb4aaa9db60354,full_annotation_v1,A,q_커피_14,커치,카페·디저트 중 '커피'를 판매·제공하는 매장,train,커피,T6 기계변형,fdd6c972-26dc-4f20-8a00-86118733a3c6,아주커치킨,치킨,두암2동 골목형상점가,골목형상점가,광주광역시,,,
748b3e859744d819bd12,full_annotation_v1,A,q_커피_14,커치,카페·디저트 중 '커피'를 판매·제공하는 매장,train,커피,T6 기계변형,84520e4a-18c1-4f90-8a7d-9626befbdc67,해남원조국화빵,과일,해남매일시장,전통시장,전라남도,,,
6d0d08077861edb13e03,full_annotation_v1,A,q_커피_14,커치,카페·디저트 중 '커피'를 판매·제공하는 매장,train,커피,T6 기계변형,8d454842-198f-4806-a33c-90e5955d8d47,순화네 건어물,김구이,해남매일시장,전통시장,전라남도,,,
9896c1039c203f61a803,full_annotation_v1,A,q_커피_14,커치,카페·디저트 중 '커피'를 판매·제공하는 매장,train,커피,T6 기계변형,0042e83d-930b-4d1d-a96f-f1a2691256cd,성화상회,과일,대구능금시장,전통시장,대구광역시,,,
5ec7e54ea4aaca6bc714,full_annotation_v1,A,q_커피_14,커치,카페·디저트 중 '커피'를 판매·제공하는 매장,train,커피,T6 기계변형,7e2d1616-1858-440f-a082-4fcbfd0c9882,시장정육식당,한식,공산성골목형상점가,골목형상점가,충청남도,,,
410a75b8795e9989fe04,full_annotation_v1,A,q_커피_14,커치,카페·디저트 중 '커피'를 판매·제공하는 매장,train,커피,T6 기계변형,abdaab45-e7be-4e31-807d-3475998c2489,와커치킨,한식,용현시장,전통시장,인천광역시,,,
437c041afa8e35e0da2a,full_annotation_v1,A,q_커피_14,커치,카페·디저트 중 '커피'를 판매·제공하는 매장,train,커피,T6 기계변형,7b1b8d9b-371c-4f83-96d2-d12f2ffc417e,커피몰,커파,평택국제중앙시장,전통시장,경기도,,,
55c4e60379a3d3d36c8b,full_annotation_v1,A,q_커피_14,커치,카페·디저트 중 '커피'를 판매·제공하는 매장,train,커피,T6 기계변형,ea987d39-783b-48df-a928-209ddc06a8cb,아주커치킨하남2점,치킨,하남 골목형상점가,골목형상점가,광주광역시,,,
ee4687dc2f9681d5ca52,full_annotation_v1,A,q_커피_14,커치,카페·디저트 중 '커피'를 판매·제공하는 매장,train,커피,T6 기계변형,80df7774-88aa-46a1-99be-dcfdec1d5f00,은혜김치,김치,여수교동시장,전통시장,전라남도,,,
6b8638019c158af772f2,full_annotation_v1,A,q_커피_14,커치,카페·디저트 중 '커피'를 판매·제공하는 매장,train,커피,T6 기계변형,6671d3e9-4fbc-422c-8a39-a1cdec485789,우인유통,생닭,신현회화골목형상점가,골목형상점가,인천광역시,,,
a655bb2e91a6386bb0be,full_annotation_v1,A,q_커피_14,커치,카페·디저트 중 '커피'를 판매·제공하는 매장,train,커피,T6 기계변형,006204f3-b214-4611-a434-f896bf75e919,장터사랑,과일,농성세대공감상인회 골목형상점가,골목형상점가,광주광역시,,,
6dd9c0df220eb174f766,full_annotation_v1,A,q_커피_14,커치,카페·디저트 중 '커피'를 판매·제공하는 매장,train,커피,T6 기계변형,c26e6d1e-1a48-4410-ad76-fd51f362bd36,아주커치킨,치킨,유촌동상인회 골목형상점가,골목형상점가,광주광역시,,,
79be98d34b3dfe16ff55,full_annotation_v1,A,q_커피_14,커치,카페·디저트 중 '커피'를 판매·제공하는 매장,train,커피,T6 기계변형,19f2c98f-fd87-4cb2-a4ec-5fd50d906c27,소담정,한식,공산성골목형상점가,골목형상점가,충청남도,,,
7756bd870d8773617f49,full_annotation_v1,A,q_커피_14,커치,카페·디저트 중 '커피'를 판매·제공하는 매장,train,커피,T6 기계변형,73a31ef8-cea4-4d34-b5c1-ebc4aebd4e52,아주커치킨화정1점,치킨,화정소담상인회 골목형상점가,골목형상점가,광주광역시,,,
dd989683a2c1379b6b47,full_annotation_v1,A,q_커피_14,커치,카페·디저트 중 '커피'를 판매·제공하는 매장,train,커피,T6 기계변형,00b6de61-2c2e-4164-aee6-c011f81aec20,파리바게뜨 세종반곡,"베이커리, 케이크, 음료, 커피",반곡동행복 골목형상점가,골목형상점가,세종특별자치시,,,
a54d30b2c5dac920ca85,full_annotation_v1,A,q_커피_14,커치,카페·디저트 중 '커피'를 판매·제공하는 매장,train,커피,T6 기계변형,f928c290-afc2-4088-a359-cbef1005169b,전봇대집,고기구이,마장축산물시장,전통시장,서울특별시,,,
b2ed2ff41b0e26dded70,full_annotation_v1,A,q_커피_14,커치,카페·디저트 중 '커피'를 판매·제공하는 매장,train,커피,T6 기계변형,005cf715-6b17-4116-a663-d9a56b68ff54,비허밍 스터디카페 (진월),스터디카페,서문대로701번길 골목형상점가,골목형상점가,광주광역시,,,
5ccd675dc36755c9db7f,full_annotation_v1,A,q_커피_14,커치,카페·디저트 중 '커피'를 판매·제공하는 매장,train,커피,T6 기계변형,153b1798-31ec-4ce5-ae66-09ff0ece7451,아주커치킨학동점,치킨,학1마을 골목형상점가,골목형상점가,광주광역시,,,
ee8914f66031d7836b80,full_annotation_v1,A,q_커피_14,커치,카페·디저트 중 '커피'를 판매·제공하는 매장,train,커피,T6 기계변형,00333be0-b70d-4197-aa97-5a277d61e0da,㈜신진후르츠,과일,부전농수산물새벽시장,전통시장,부산광역시,,,
c6eee17a1ff6dd352ce7,full_annotation_v1,A,q_커피_14,커치,카페·디저트 중 '커피'를 판매·제공하는 매장,train,커피,T6 기계변형,003d7e3f-6459-4018-ac58-7184cd2457d5,눈치 금호점,카페,금호1동상가번영회 골목형상점가,골목형상점가,광주광역시,,,
4659221ae34c932cbbae,full_annotation_v1,A,q_커피_14,커치,카페·디저트 중 '커피'를 판매·제공하는 매장,train,커피,T6 기계변형,32dc387e-d9ff-4df9-b5f5-18941cb4c042,초원숯불생고기,고기류,태화강국가정원먹거리단지,자율상권구역,울산광역시,,,
0a56f9107972ad1d0592,full_annotation_v1,A,q_커피_14,커치,카페·디저트 중 '커피'를 판매·제공하는 매장,train,커피,T6 기계변형,af358c0c-914c-40a0-8b00-18b5739b0d39,종란김치,김치,신정상가시장,전통시장,울산광역시,,,
2d7574017794c75b7da0,full_annotation_v1,A,q_커피_14,커치,카페·디저트 중 '커피'를 판매·제공하는 매장,train,커피,T6 기계변형,d9ac35a4-f7f7-4c13-a725-e4d0dca61d4f,몰타참치,,도마달 골목형상점가,골목형상점가,대전광역시,,,
abe45f48bdf9c1112c9c,full_annotation_v1,A,q_커피_14,커치,카페·디저트 중 '커피'를 판매·제공하는 매장,train,커피,T6 기계변형,a532ecf2-06e9-4612-985b-bdc91ad38a60,아주커치킨수완1호점,치킨,성덕마을 골목형상점가,골목형상점가,광주광역시,,,
c6ae298192eb380510b6,full_annotation_v1,A,q_커피_14,커치,카페·디저트 중 '커피'를 판매·제공하는 매장,train,커피,T6 기계변형,2efd1e42-5043-4ad0-be9f-9c031c389dd6,율참치,참치,남악시장골목형상점가,골목형상점가,전라남도,,,
4dafdd139127bcbd1639,full_annotation_v1,A,q_커피_14,커치,카페·디저트 중 '커피'를 판매·제공하는 매장,train,커피,T6 기계변형,f6082f3f-175d-4958-8b31-58959d6cad02,설참치,참치,두정동상점가,자율상권구역,충청남도,,,
c30f31394c8b980a533d,full_annotation_v1,A,q_커피_14,커치,카페·디저트 중 '커피'를 판매·제공하는 매장,train,커피,T6 기계변형,00468e6b-39c6-4ce1-a534-a6b1eecac01d,태양농산물,과일,정릉서경대길골목형상점가(정릉골),골목형상점가,서울특별시,,,
3389c334cee562c809c0,full_annotation_v1,A,q_커피_14,커치,카페·디저트 중 '커피'를 판매·제공하는 매장,train,커피,T6 기계변형,63a2ca74-2d1e-4aac-a9ce-281d462ca328,연참치,참치,연제오방 상권활성화구역,상권활성화구역,부산광역시,,,
94f9215144b0aa97c5b2,full_annotation_v1,A,q_커피_14,커치,카페·디저트 중 '커피'를 판매·제공하는 매장,train,커피,T6 기계변형,7a2ff472-02e5-4602-8832-cb5ca0c13545,감성사진관,사진촬영및 편집,은행동상점가(구 으능정이상점가),자율상권구역,대전광역시,,,
e35df3606af6d31b3d4f,full_annotation_v1,A,q_커피_14,커치,카페·디저트 중 '커피'를 판매·제공하는 매장,train,커피,T6 기계변형,001a6b2a-e054-43e1-8e39-3e141a806e7e,마시오커피,커피,대인동예술담길 골목형상점가,골목형상점가,광주광역시,,,
1f4892f416f0424a67c2,full_annotation_v1,A,q_커피_14,커치,카페·디저트 중 '커피'를 판매·제공하는 매장,train,커피,T6 기계변형,90c62395-f269-435c-99e4-e48a6af6ed2e,커피퍽,커피,지웰시티자이상가 골목형상점가,골목형상점가,울산광역시,,,
c87da40452b622bf5ef9,full_annotation_v1,A,q_커피_14,커치,카페·디저트 중 '커피'를 판매·제공하는 매장,train,커피,T6 기계변형,0031ddcb-756f-40bf-ae71-0aa29f780139,더벤티상무점,커피,상무로자율상권,상권활성화구역,광주광역시,,,
eb1dba8a33026f58d46a,full_annotation_v1,A,q_커피_14,커치,카페·디저트 중 '커피'를 판매·제공하는 매장,train,커피,T6 기계변형,a6c27ae4-9480-44f8-8804-3ac622fba8c4,아주커치킨용두본촌점,치킨,건국다복 골목형상점가,골목형상점가,광주광역시,,,
90b794faa7b88ef4bb39,full_annotation_v1,A,q_커피_14,커치,카페·디저트 중 '커피'를 판매·제공하는 매장,train,커피,T6 기계변형,1106cc2f-2977-4a7e-a521-9838069cd8f6,하이라이트,휴대폰,송촌동상점가,자율상권구역,대전광역시,,,
6dab583732364241aec6,full_annotation_v1,A,q_커피_14,커치,카페·디저트 중 '커피'를 판매·제공하는 매장,train,커피,T6 기계변형,f6ea7854-2f58-441b-a070-2dec87f82aaa,부전김치,김치,부전상가시장,전통시장,부산광역시,,,
9a94d67c76bee72c4dfd,full_annotation_v1,A,q_커피_14,커치,카페·디저트 중 '커피'를 판매·제공하는 매장,train,커피,T6 기계변형,28be1f72-518d-48f7-a653-1788fef4b508,아주커치킨금호1점,치킨,금부로상인회 골목형상점가,골목형상점가,광주광역시,,,
7f86890d89322e11e5b8,full_annotation_v1,A,q_커피_14,커치,카페·디저트 중 '커피'를 판매·제공하는 매장,train,커피,T6 기계변형,3444199f-b34e-4a71-bb90-8c3aba44acfd,커피볼드,커피,솔올중앞골목형상점가,골목형상점가,강원특별자치도,,,
73fdfa76f3e3cd1cc099,full_annotation_v1,A,q_커피_14,커치,카페·디저트 중 '커피'를 판매·제공하는 매장,train,커피,T6 기계변형,00643a05-bc19-4096-bd28-93d17a13a461,스윗앤샷 대전둔산점,커피 및 음료,둔산2동 골목형상점가,골목형상점가,대전광역시,,,
36c297253fb79e8971a1,full_annotation_v1,A,q_커피_14,커치,카페·디저트 중 '커피'를 판매·제공하는 매장,train,커피,T6 기계변형,e9fe0b8f-8300-4ca5-8e5c-afb08dcbf985,김문태김치,김치,장위전통시장,전통시장,서울특별시,,,
18ac74af7c5697483982,full_annotation_v1,A,q_커피_14,커치,카페·디저트 중 '커피'를 판매·제공하는 매장,train,커피,T6 기계변형,d377c882-2fc5-43c9-9006-6715b5f647bc,바로커치킨,치킨,고한구공탄시장(고한시장),전통시장,강원특별자치도,,,
cf234b9208428ac8190a,full_annotation_v1,A,q_커피_14,커치,카페·디저트 중 '커피'를 판매·제공하는 매장,train,커피,T6 기계변형,0063671e-77f7-466c-bbc2-223497c0dae4,무가당,카페,세병호 골목형상점가,골목형상점가,전북특별자치도,,,
dd3521ba3eff342f4fef,full_annotation_v1,A,q_커피_14,커치,카페·디저트 중 '커피'를 판매·제공하는 매장,train,커피,T6 기계변형,e4cb0c5f-b368-4e0c-9b7a-e8c3bac8fea1,하점김치,,강화풍물시장,전통시장,인천광역시,,,
797f54eea4f6583049c2,full_annotation_v1,A,q_커피_14,커치,카페·디저트 중 '커피'를 판매·제공하는 매장,train,커피,T6 기계변형,000814be-1ad1-4f62-87e7-0e02af595e2f,사사,"샌드위치, 케이크, 커피",나릿재 골목형상점가,골목형상점가,세종특별자치시,,,
ab03aeb46e189b5e0b71,full_annotation_v1,A,q_커피_14,커치,카페·디저트 중 '커피'를 판매·제공하는 매장,train,커피,T6 기계변형,684904b8-1799-48b3-8dc6-a41085f8076f,황금수산,수산물,군산수산물종합센터,전통시장,전북특별자치도,,,
ef960a3a5f4b457a49a0,full_annotation_v1,A,q_커피_14,커치,카페·디저트 중 '커피'를 판매·제공하는 매장,train,커피,T6 기계변형,0911ff37-7d45-456e-8ff1-ebfd69defc7b,길은엔틱,카메라외 생활소품,광복지하도상가,일반지하상점가,부산광역시,,,
049edbfd8b10144e2daf,full_annotation_v1,A,q_커피_14,커치,카페·디저트 중 '커피'를 판매·제공하는 매장,train,커피,T6 기계변형,008450bd-f343-47b8-bb6a-826291c52d8f,아이러브클린,준공청소 일반청소 에어컨청소 카페트청소 사무실및 상가청소 바닥청소,금당산길상인회 골목형상점가,골목형상점가,광주광역시,,,
2f26257885f413bca5ba,full_annotation_v1,A,q_커피_14,커치,카페·디저트 중 '커피'를 판매·제공하는 매장,train,커피,T6 기계변형,f74b77e3-edc3-4e56-bd67-1092be4c911a,푸치,의류,고투몰(강남터미널지하도상점가),일반지하상점가,서울특별시,,,
a292894e4f6e2916241d,full_annotation_v1,A,q_커피_14,커치,카페·디저트 중 '커피'를 판매·제공하는 매장,train,커피,T6 기계변형,df505ac3-decd-4ba4-8e88-6f66cc958398,나베조,일식,천안신부문화거리상점가,자율상권구역,충청남도,,,
691512e262ae98ceabc5,full_annotation_v1,A,q_커피_14,커치,카페·디저트 중 '커피'를 판매·제공하는 매장,train,커피,T6 기계변형,3904d3e8-9ee2-4f96-8170-f4f423cf9efb,떡잔치,,방배카페골목 골목형상점가,골목형상점가,서울특별시,,,
9f4a88de5b3840016f38,full_annotation_v1,A,q_커피_14,커치,카페·디저트 중 '커피'를 판매·제공하는 매장,train,커피,T6 기계변형,066577aa-6122-49ab-8ae5-f2021bf113be,아주커치킨 화정3점,닭,화정금화로상인회 골목형상점가,골목형상점가,광주광역시,,,
b8b2312432097c24fa53,full_annotation_v1,A,q_커피_14,커치,카페·디저트 중 '커피'를 판매·제공하는 매장,train,커피,T6 기계변형,00d3ef33-13db-4750-93a0-4b31010fcb70,온유베이크,카페,스타타워1 골목형상점가,골목형상점가,인천광역시,,,
f7c532857191997fa5dc,full_annotation_v1,A,q_커피_14,커치,카페·디저트 중 '커피'를 판매·제공하는 매장,train,커피,T6 기계변형,9d839881-ba18-4a0d-842f-d695cb76fd14,중앙김치,김치,서산동부전통시장,전통시장,충청남도,,,
b4bd455a739b4bcf9d93,full_annotation_v1,A,q_커피_14,커치,카페·디저트 중 '커피'를 판매·제공하는 매장,train,커피,T6 기계변형,e921b260-00df-403f-bf43-9691ff52e38f,스위치 커피,커피,고운뜰 골목형상점가,골목형상점가,세종특별자치시,,,
f1493bd683065eb0c85b,full_annotation_v1,A,q_커피_14,커치,카페·디저트 중 '커피'를 판매·제공하는 매장,train,커피,T6 기계변형,9677bf73-9fce-45d6-a671-9b0a1ac5763e,게박사,소매(반찬),관악신사시장,전통시장,서울특별시,,,
0023540d5fe5cfa43c25,full_annotation_v1,A,q_커피_14,커치,카페·디저트 중 '커피'를 판매·제공하는 매장,train,커피,T6 기계변형,1b885c6d-b33b-484b-a2fa-1d373e1e0fe8,커피알람&스위치,커피,잠실역지하쇼핑센터,일반지하상점가,서울특별시,,,
20741e3618a9024091cf,full_annotation_v1,A,q_커피_14,커치,카페·디저트 중 '커피'를 판매·제공하는 매장,train,커피,T6 기계변형,002e24d7-e3a9-45fc-aa78-632c2a7899e6,샌디얌,커피,금남로5가 골목형상점가,골목형상점가,광주광역시,,,
df10e14de7c0b97192bd,full_annotation_v1,A,q_커피_14,커치,카페·디저트 중 '커피'를 판매·제공하는 매장,train,커피,T6 기계변형,06838743-1ed1-4db4-ad22-80e558f5f83c,대원똥집본부앤커치스,한식,평화시장 닭똥집명물거리 골목형상점가,골목형상점가,대구광역시,,,
edd5868b4918d27934d4,full_annotation_v1,A,q_커피_14,커치,카페·디저트 중 '커피'를 판매·제공하는 매장,train,커피,T6 기계변형,5d1e2123-bd92-466c-a2d5-d6dae20dc725,오여사김치,김치,청주사창시장,전통시장,충청북도,,,
a005756359193aa26dd8,full_annotation_v1,A,q_커피_14,커치,카페·디저트 중 '커피'를 판매·제공하는 매장,train,커피,T6 기계변형,0018e5c7-fa61-469b-8740-8bafdd196f3b,다소니(DASONI),커피 음료,두암사거리 골목형상점가,골목형상점가,광주광역시,,,
73b579a9d3a93e8e930e,full_annotation_v1,A,q_커피_14,커치,카페·디저트 중 '커피'를 판매·제공하는 매장,train,커피,T6 기계변형,0017b31e-27bf-4395-a7b2-ad9bc8554d97,컴포즈커피 충주호암한신더휴점,"커피, 음료",호암사천개로골목형상점가,골목형상점가,충청북도,,,
803ee48cbf75f9ac6f7d,full_annotation_v1,A,q_커피_14,커치,카페·디저트 중 '커피'를 판매·제공하는 매장,train,커피,T6 기계변형,88b7d021-9127-4403-b552-2c8bf09dd134,티파라치,커피,상무화원상인회 골목형상점가,골목형상점가,광주광역시,,,
4de4f2f5b04ca50642be,full_annotation_v1,A,q_커피_14,커치,카페·디저트 중 '커피'를 판매·제공하는 매장,train,커피,T6 기계변형,e372f741-d849-4500-a8f5-a666d673a559,윤참치,,성성1번가 골목형상점가,골목형상점가,충청남도,,,
5d5881b047eed4056ae3,full_annotation_v1,A,q_커피_14,커치,카페·디저트 중 '커피'를 판매·제공하는 매장,train,커피,T6 기계변형,0038b8f8-2bc5-4e28-b122-22a93a38b3b0,컴포즈커피,커피 음료,용흥시장,전통시장,경상북도,,,
dc19760c886605d97425,full_annotation_v1,A,q_커피_14,커치,카페·디저트 중 '커피'를 판매·제공하는 매장,train,커피,T6 기계변형,dc160f23-e467-4a1c-b4cd-92f48e6889f5,아주커치킨내남점,치킨,동구책정원 골목형상점가,골목형상점가,광주광역시,,,
a6d9cfd4692be09278a2,full_annotation_v1,A,q_커피_14,커치,카페·디저트 중 '커피'를 판매·제공하는 매장,train,커피,T6 기계변형,21d3777d-2114-4c55-9da8-02afe3fa9b68,주식회사 청운농산,농산물,연동골목시장,자율상권구역,부산광역시,,,
54bf617b29d07711d4f6,full_annotation_v1,A,q_커피_14,커치,카페·디저트 중 '커피'를 판매·제공하는 매장,train,커피,T6 기계변형,042ef482-46dc-4eca-b8e9-bb45dd8b3150,와커치킨,음식점,대림골목시장,전통시장,서울특별시,,,
6771a5c8840b733ea766,full_annotation_v1,A,q_커피_14,커치,카페·디저트 중 '커피'를 판매·제공하는 매장,train,커피,T6 기계변형,00045dfc-0681-4fb3-8265-33b3df14c289,한라농산,과일,황지시장상점가,자율상권구역,강원특별자치도,,,
0ba6b84ad992b66c2d6f,full_annotation_v1,A,q_커피_14,커치,카페·디저트 중 '커피'를 판매·제공하는 매장,train,커피,T6 기계변형,011e2df5-6d25-4553-bfc6-cdf779856853,올데이(All day),카페,남구 용대로 골목형상점가,골목형상점가,광주광역시,,,
2689fac40bd7dd417021,full_annotation_v1,A,q_커피_14,커치,카페·디저트 중 '커피'를 판매·제공하는 매장,train,커피,T6 기계변형,8686cabf-d915-4a52-acba-747dfc55bcb7,M리치,커피,평택시배미지구 골목형상점가,골목형상점가,경기도,,,
931f192e0eba95789ac5,full_annotation_v1,A,q_커피_14,커치,카페·디저트 중 '커피'를 판매·제공하는 매장,train,커피,T6 기계변형,3c0178d7-cff3-4f66-a522-9b4536b56f1d,예천장청과식품,과일,예천중앙시장,전통시장,경상북도,,,
4c5b245f7b97a27d83f6,full_annotation_v1,A,q_커피_14,커치,카페·디저트 중 '커피'를 판매·제공하는 매장,train,커피,T6 기계변형,87bcae45-30b6-446b-bd65-8b2575d3b250,커볶,커피,지산유원지 상점가,자율상권구역,광주광역시,,,
7e58e3631797478d8b1e,full_annotation_v1,A,q_커피_14,커치,카페·디저트 중 '커피'를 판매·제공하는 매장,train,커피,T6 기계변형,003e7ebf-1112-4ab4-a484-67716e4b2a85,이든,카페,원주중앙시장활성화구역,상권활성화구역,강원특별자치도,,,
ecf762eda94e38eea99b,full_annotation_v1,A,q_커피_14,커치,카페·디저트 중 '커피'를 판매·제공하는 매장,train,커피,T6 기계변형,5d0da0c2-cc49-4c2e-9ec9-29aec29f285b,안골,한식,천안신부문화거리상점가,자율상권구역,충청남도,,,
d43e397ee5f6623f447b,full_annotation_v1,A,q_커피_14,커치,카페·디저트 중 '커피'를 판매·제공하는 매장,train,커피,T6 기계변형,cc05275e-104c-4b20-bbd2-21f5b31f8f54,오랜김치,김치,유안초등북길 골목형상점가,골목형상점가,광주광역시,,,
fd4146472eb1b627b20c,full_annotation_v1,A,q_커피_15,커피추천,카페·디저트 중 '커피'를 판매·제공하는 매장,train,커피,T6 기계변형,ce5dfaaf-4cf4-4003-9b1a-cab0b4ac1c3d,스텁스 커피,,노은1동 골목형상점가,골목형상점가,대전광역시,,,
63a7876751fa5f8466de,full_annotation_v1,A,q_커피_15,커피추천,카페·디저트 중 '커피'를 판매·제공하는 매장,train,커피,T6 기계변형,30cb2ab7-37b4-4526-a29e-a16dd012ac08,커피젠,커피,상무로자율상권,상권활성화구역,광주광역시,,,
dac14f309b015f2cdeb4,full_annotation_v1,A,q_커피_15,커피추천,카페·디저트 중 '커피'를 판매·제공하는 매장,train,커피,T6 기계변형,bff0d9f3-2d22-44be-b351-c1cac2eb4cfe,커피빈’s,커피,법원 앞 사과마을 골목형상점가,골목형상점가,광주광역시,,,
ae61674fa96f88d2478c,full_annotation_v1,A,q_커피_15,커피추천,카페·디저트 중 '커피'를 판매·제공하는 매장,train,커피,T6 기계변형,64d6ff76-fcb8-48e4-95aa-6111dfe40b94,커피투제이,커피,갈매애비뉴 골목형상점가,골목형상점가,경기도,,,
79e040c7e56a3fa7d90a,full_annotation_v1,A,q_커피_15,커피추천,카페·디저트 중 '커피'를 판매·제공하는 매장,train,커피,T6 기계변형,00045dfc-0681-4fb3-8265-33b3df14c289,한라농산,과일,황지시장상점가,자율상권구역,강원특별자치도,,,
ee8703bb65bfc8823cd6,full_annotation_v1,A,q_커피_15,커피추천,카페·디저트 중 '커피'를 판매·제공하는 매장,train,커피,T6 기계변형,00b6de61-2c2e-4164-aee6-c011f81aec20,파리바게뜨 세종반곡,"베이커리, 케이크, 음료, 커피",반곡동행복 골목형상점가,골목형상점가,세종특별자치시,,,
1955f2914526c99551f7,full_annotation_v1,A,q_커피_15,커피추천,카페·디저트 중 '커피'를 판매·제공하는 매장,train,커피,T6 기계변형,cac1cbfd-16d8-4153-9a87-f3a28241c3c7,커피포션,커피,동천동벚꽃길상인회 골목형상점가,골목형상점가,광주광역시,,,
729477fc88b5c22a0c9d,full_annotation_v1,A,q_커피_15,커피추천,카페·디저트 중 '커피'를 판매·제공하는 매장,train,커피,T6 기계변형,0f9a3922-ce6c-4dcc-8b64-f474f6ff2498,커피고고,커피,서정리시장(서정시장),전통시장,경기도,,,
73307054ca5671a51989,full_annotation_v1,A,q_커피_15,커피추천,카페·디저트 중 '커피'를 판매·제공하는 매장,train,커피,T6 기계변형,4594e0fb-b651-44ed-8a42-f486f5c97f11,커피핑크,커피,뒤뜰골목형상점가,골목형상점가,강원특별자치도,,,
1cf5eae68b2514ed8824,full_annotation_v1,A,q_커피_15,커피추천,카페·디저트 중 '커피'를 판매·제공하는 매장,train,커피,T6 기계변형,bf7bdd9f-ff4c-4793-9a6d-38cd12c2825d,짹짹커피,커피,마산어시장,전통시장,경상남도,,,
590b16c8cd867f0c7683,full_annotation_v1,A,q_커피_15,커피추천,카페·디저트 중 '커피'를 판매·제공하는 매장,train,커피,T6 기계변형,0038b8f8-2bc5-4e28-b122-22a93a38b3b0,컴포즈커피,커피 음료,용흥시장,전통시장,경상북도,,,
ce533aceb8eb5792d433,full_annotation_v1,A,q_커피_15,커피추천,카페·디저트 중 '커피'를 판매·제공하는 매장,train,커피,T6 기계변형,34fab661-2484-4628-8662-c125c2763cb9,커피정원,커피,"일곡동(제7지역:대림1,현대2,진로,대우,한일)",골목형상점가,광주광역시,,,
e7262884d884b2a8db32,full_annotation_v1,A,q_커피_15,커피추천,카페·디저트 중 '커피'를 판매·제공하는 매장,train,커피,T6 기계변형,3444199f-b34e-4a71-bb90-8c3aba44acfd,커피볼드,커피,솔올중앞골목형상점가,골목형상점가,강원특별자치도,,,
94df244d74402a16bd97,full_annotation_v1,A,q_커피_15,커피추천,카페·디저트 중 '커피'를 판매·제공하는 매장,train,커피,T6 기계변형,008450bd-f343-47b8-bb6a-826291c52d8f,아이러브클린,준공청소 일반청소 에어컨청소 카페트청소 사무실및 상가청소 바닥청소,금당산길상인회 골목형상점가,골목형상점가,광주광역시,,,
b25e56df1a7c0b278439,full_annotation_v1,A,q_커피_15,커피추천,카페·디저트 중 '커피'를 판매·제공하는 매장,train,커피,T6 기계변형,dfe1d5a0-eade-4cdd-9e51-0a26a87aeffd,커피를복당,커피,용정 골목형상점가,골목형상점가,대전광역시,,,
8c1a0d4da6f7ad2eb0ee,full_annotation_v1,A,q_커피_15,커피추천,카페·디저트 중 '커피'를 판매·제공하는 매장,train,커피,T6 기계변형,7b1b8d9b-371c-4f83-96d2-d12f2ffc417e,커피몰,커파,평택국제중앙시장,전통시장,경기도,,,
29a7fdd4b91dc9de9d13,full_annotation_v1,A,q_커피_15,커피추천,카페·디저트 중 '커피'를 판매·제공하는 매장,train,커피,T6 기계변형,de4dd34b-f699-4639-b4a8-773bdc7d9833,커피맛집,커피,문화의거리 상점가,자율상권구역,울산광역시,,,
f1e11275e33be0eb54d6,full_annotation_v1,A,q_커피_15,커피추천,카페·디저트 중 '커피'를 판매·제공하는 매장,train,커피,T6 기계변형,7c7886fb-1c5b-4e89-9cf8-c8be3299574b,스킨새로이,화장품,신창진흥 골목형상점가,골목형상점가,광주광역시,,,
c6aac12adfddcfeff527,full_annotation_v1,A,q_커피_15,커피추천,카페·디저트 중 '커피'를 판매·제공하는 매장,train,커피,T6 기계변형,f5bc9099-0cd0-4601-9d26-a87a01971dfa,커피줌,커피,운리단길골목형상점가,골목형상점가,충청북도,,,
6f9f292637efc4ad0e48,full_annotation_v1,A,q_커피_15,커피추천,카페·디저트 중 '커피'를 판매·제공하는 매장,train,커피,T6 기계변형,003d7e3f-6459-4018-ac58-7184cd2457d5,눈치 금호점,카페,금호1동상가번영회 골목형상점가,골목형상점가,광주광역시,,,
93b6858e5d9d018c0dd0,full_annotation_v1,A,q_커피_15,커피추천,카페·디저트 중 '커피'를 판매·제공하는 매장,train,커피,T6 기계변형,7ac848b7-aade-4499-a310-3b30f68e84fe,슈베베,의류,원주자유시장,전통시장,강원특별자치도,,,
67a635461ee15c4d89d4,full_annotation_v1,A,q_커피_15,커피추천,카페·디저트 중 '커피'를 판매·제공하는 매장,train,커피,T6 기계변형,034097fb-07e1-4322-8e28-d84820f5d80c,고은님,한식,더불어용두 골목형상점가,골목형상점가,광주광역시,,,
a4a20da60ea44654eeeb,full_annotation_v1,A,q_커피_15,커피추천,카페·디저트 중 '커피'를 판매·제공하는 매장,train,커피,T6 기계변형,9f6992ff-071f-4beb-861e-97cf05fcc1cd,렐러번트 커피,커피,청당1번가 골목형상점가,골목형상점가,충청남도,,,
d49b06c82b6c356bf46b,full_annotation_v1,A,q_커피_15,커피추천,카페·디저트 중 '커피'를 판매·제공하는 매장,train,커피,T6 기계변형,2b5498bc-2059-416e-b6f8-112843b7117b,커피퀸,커피,대룡시장골목형상점가,골목형상점가,인천광역시,,,
1691e50e9885fe28c80c,full_annotation_v1,A,q_커피_15,커피추천,카페·디저트 중 '커피'를 판매·제공하는 매장,train,커피,T6 기계변형,0faf448e-b04d-4078-b811-e4ac42695034,돈치킨용인둔전점,치킨,둔전골목형상점가,골목형상점가,경기도,,,
76cc389207036258faf7,full_annotation_v1,A,q_커피_15,커피추천,카페·디저트 중 '커피'를 판매·제공하는 매장,train,커피,T6 기계변형,011e2df5-6d25-4553-bfc6-cdf779856853,올데이(All day),카페,남구 용대로 골목형상점가,골목형상점가,광주광역시,,,
30d88ab16e409da1e361,full_annotation_v1,A,q_커피_15,커피추천,카페·디저트 중 '커피'를 판매·제공하는 매장,train,커피,T6 기계변형,4ca1f419-3918-4eb4-9d58-d611b3602756,커피팜,커피,포항 해도새록새로 골목형상점가,골목형상점가,경상북도,,,
9d84da0831014ce83c1b,full_annotation_v1,A,q_커피_15,커피추천,카페·디저트 중 '커피'를 판매·제공하는 매장,train,커피,T6 기계변형,000814be-1ad1-4f62-87e7-0e02af595e2f,사사,"샌드위치, 케이크, 커피",나릿재 골목형상점가,골목형상점가,세종특별자치시,,,
d2a2390191c9bf405260,full_annotation_v1,A,q_커피_15,커피추천,카페·디저트 중 '커피'를 판매·제공하는 매장,train,커피,T6 기계변형,87bcae45-30b6-446b-bd65-8b2575d3b250,커볶,커피,지산유원지 상점가,자율상권구역,광주광역시,,,
0cafb406954feeebfa05,full_annotation_v1,A,q_커피_15,커피추천,카페·디저트 중 '커피'를 판매·제공하는 매장,train,커피,T6 기계변형,456c02d8-85af-4e4a-823c-508855c8dc25,전주한옥마을빈대떡신사,한식,전주한옥마을 골목형상점가,골목형상점가,전북특별자치도,,,
e49a52bd145c204fcaa1,full_annotation_v1,A,q_커피_15,커피추천,카페·디저트 중 '커피'를 판매·제공하는 매장,train,커피,T6 기계변형,7ffd5c68-1804-4ab0-bee2-b38935b3ddee,커피꼴랑,커피,나성동 소방청 골목형상점가,골목형상점가,세종특별자치시,,,
a81594b4d6bce7827140,full_annotation_v1,A,q_커피_15,커피추천,카페·디저트 중 '커피'를 판매·제공하는 매장,train,커피,T6 기계변형,00468e6b-39c6-4ce1-a534-a6b1eecac01d,태양농산물,과일,정릉서경대길골목형상점가(정릉골),골목형상점가,서울특별시,,,
73da9b90f735a0386109,full_annotation_v1,A,q_커피_15,커피추천,카페·디저트 중 '커피'를 판매·제공하는 매장,train,커피,T6 기계변형,0042e83d-930b-4d1d-a96f-f1a2691256cd,성화상회,과일,대구능금시장,전통시장,대구광역시,,,
4749131fa892cebcd100,full_annotation_v1,A,q_커피_15,커피추천,카페·디저트 중 '커피'를 판매·제공하는 매장,train,커피,T6 기계변형,00d3ef33-13db-4750-93a0-4b31010fcb70,온유베이크,카페,스타타워1 골목형상점가,골목형상점가,인천광역시,,,
b524d22b759b678c1a60,full_annotation_v1,A,q_커피_15,커피추천,카페·디저트 중 '커피'를 판매·제공하는 매장,train,커피,T6 기계변형,003e7ebf-1112-4ab4-a484-67716e4b2a85,이든,카페,원주중앙시장활성화구역,상권활성화구역,강원특별자치도,,,
f78c35eff267c9b90808,full_annotation_v1,A,q_커피_15,커피추천,카페·디저트 중 '커피'를 판매·제공하는 매장,train,커피,T6 기계변형,90c62395-f269-435c-99e4-e48a6af6ed2e,커피퍽,커피,지웰시티자이상가 골목형상점가,골목형상점가,울산광역시,,,
45752526abe78be0e9dd,full_annotation_v1,A,q_커피_15,커피추천,카페·디저트 중 '커피'를 판매·제공하는 매장,train,커피,T6 기계변형,88650685-a655-4db1-89f6-53a69a1d0afd,커피벨,커피,영등포유통상가,전통시장,서울특별시,,,
db41a1c3c8b61e8c2173,full_annotation_v1,A,q_커피_15,커피추천,카페·디저트 중 '커피'를 판매·제공하는 매장,train,커피,T6 기계변형,006204f3-b214-4611-a434-f896bf75e919,장터사랑,과일,농성세대공감상인회 골목형상점가,골목형상점가,광주광역시,,,
4c8a5fe57db6b7a00d31,full_annotation_v1,A,q_커피_15,커피추천,카페·디저트 중 '커피'를 판매·제공하는 매장,train,커피,T6 기계변형,c7ec1ca1-783b-4cd2-bda6-f55d0bf01c48,낼름커피,커피,문화1동 골목형상점가,골목형상점가,대전광역시,,,
557b5207e5f570313230,full_annotation_v1,A,q_커피_15,커피추천,카페·디저트 중 '커피'를 판매·제공하는 매장,train,커피,T6 기계변형,80c4738a-934b-4b41-9de9-a82a5967a614,천외천,한식,상봉먹자골목형상점가,골목형상점가,서울특별시,,,
a654f84e509396f6e3de,full_annotation_v1,A,q_커피_15,커피추천,카페·디저트 중 '커피'를 판매·제공하는 매장,train,커피,T6 기계변형,b233df91-8f3c-4871-8ffa-c4513f37068f,커피블루그린,커피,개포동 구마을 골목형상점가,골목형상점가,서울특별시,,,
9e61af6454bab0ce1d10,full_annotation_v1,A,q_커피_15,커피추천,카페·디저트 중 '커피'를 판매·제공하는 매장,train,커피,T6 기계변형,9bea613d-12ce-4048-98d5-e96297a837f1,하올람 커피,커피,이중섭거리 명동로상가,골목형상점가,제주특별자치도,,,
1157db5c016d86490efa,full_annotation_v1,A,q_커피_15,커피추천,카페·디저트 중 '커피'를 판매·제공하는 매장,train,커피,T6 기계변형,ef1dbefc-91d9-4fc4-afed-c300a3f48e62,대일수산,수산물,인천종합어시장,전통시장,인천광역시,,,
b74b1a7222eedf1dc01e,full_annotation_v1,A,q_커피_15,커피추천,카페·디저트 중 '커피'를 판매·제공하는 매장,train,커피,T6 기계변형,12ed7650-4641-4119-86af-b6a33b9e4edf,커피수혈,커피,황동길 골목형상점가,골목형상점가,전라남도,,,
56272e0bb32aa12d2f63,full_annotation_v1,A,q_커피_15,커피추천,카페·디저트 중 '커피'를 판매·제공하는 매장,train,커피,T6 기계변형,643d2c1e-faeb-407c-9fdc-46b93e4665df,예셰숄,커피,성수역골목형상점가,골목형상점가,서울특별시,,,
3f5a6413eb21c92eb4d6,full_annotation_v1,A,q_커피_15,커피추천,카페·디저트 중 '커피'를 판매·제공하는 매장,train,커피,T6 기계변형,001a6b2a-e054-43e1-8e39-3e141a806e7e,마시오커피,커피,대인동예술담길 골목형상점가,골목형상점가,광주광역시,,,
6b45a66a3b5a500d7d51,full_annotation_v1,A,q_커피_15,커피추천,카페·디저트 중 '커피'를 판매·제공하는 매장,train,커피,T6 기계변형,2282a99c-2c47-42b9-aacb-71ff5ae9ecbf,커피숲,커피,운암 예술 골목형상점가,골목형상점가,광주광역시,,,
b6a394273b1d0d942714,full_annotation_v1,A,q_커피_15,커피추천,카페·디저트 중 '커피'를 판매·제공하는 매장,train,커피,T6 기계변형,66c8a44f-c646-458e-8a75-27581ff9dc3b,동림웰치과의원,치과의료 서비스,동천동먹자골목2번가상인회 골목형상점가,골목형상점가,광주광역시,,,
1a723e84173a6b3942d0,full_annotation_v1,A,q_커피_15,커피추천,카페·디저트 중 '커피'를 판매·제공하는 매장,train,커피,T6 기계변형,db120c04-9540-4475-a721-7c0595eb6d07,커피허유,커피,해미읍성전통시장,전통시장,충청남도,,,
f9027d92c99cb357d858,full_annotation_v1,A,q_커피_15,커피추천,카페·디저트 중 '커피'를 판매·제공하는 매장,train,커피,T6 기계변형,e0f036d0-ecaa-4517-80b6-d512b047ffc4,꼬뱅헤어,미용실,계수마을상인회 골목형상점가,골목형상점가,광주광역시,,,
7d3bd11d9f066527e5f7,full_annotation_v1,A,q_커피_15,커피추천,카페·디저트 중 '커피'를 판매·제공하는 매장,train,커피,T6 기계변형,002e24d7-e3a9-45fc-aa78-632c2a7899e6,샌디얌,커피,금남로5가 골목형상점가,골목형상점가,광주광역시,,,
187914dfcf2030351fb1,full_annotation_v1,A,q_커피_15,커피추천,카페·디저트 중 '커피'를 판매·제공하는 매장,train,커피,T6 기계변형,7662279b-2881-4c80-8c44-a3175a0755f5,톡톡영어교습소,교육서비스,압촌동 골목형상점가,골목형상점가,광주광역시,,,
b5c5d4bbbc833b847c9c,full_annotation_v1,A,q_커피_15,커피추천,카페·디저트 중 '커피'를 판매·제공하는 매장,train,커피,T6 기계변형,00643a05-bc19-4096-bd28-93d17a13a461,스윗앤샷 대전둔산점,커피 및 음료,둔산2동 골목형상점가,골목형상점가,대전광역시,,,
12129c9cdb46c04f973b,full_annotation_v1,A,q_커피_15,커피추천,카페·디저트 중 '커피'를 판매·제공하는 매장,train,커피,T6 기계변형,dc86fc6d-b383-40af-8e84-9e6edb751b74,커피5코너,커피,동명동 아침골목상점가,골목형상점가,전라남도,,,
3e7ec7a56398e66dfb8f,full_annotation_v1,A,q_커피_15,커피추천,카페·디저트 중 '커피'를 판매·제공하는 매장,train,커피,T6 기계변형,8f09e01c-07f1-4e97-b84b-e11eacfa281f,커피밀,,마산 창동통합상가,전통시장,경상남도,,,
80c66f3634e92a2756a9,full_annotation_v1,A,q_커피_15,커피추천,카페·디저트 중 '커피'를 판매·제공하는 매장,train,커피,T6 기계변형,00333be0-b70d-4197-aa97-5a277d61e0da,㈜신진후르츠,과일,부전농수산물새벽시장,전통시장,부산광역시,,,
c54c98de1f3a422a70f3,full_annotation_v1,A,q_커피_15,커피추천,카페·디저트 중 '커피'를 판매·제공하는 매장,train,커피,T6 기계변형,31d22b2b-8612-449e-9078-2ef2944d3b1b,커피씨,커피,임방울거리1구역 골목형상점가,골목형상점가,광주광역시,,,
e9177c05aa18e5245481,full_annotation_v1,A,q_커피_15,커피추천,카페·디저트 중 '커피'를 판매·제공하는 매장,train,커피,T6 기계변형,c7cdee6a-fabb-45f8-8ba0-100e38ea2262,장수약국,,백학시장 상점가,자율상권구역,서울특별시,,,
8caee6692fd43fbc9ee6,full_annotation_v1,A,q_커피_15,커피추천,카페·디저트 중 '커피'를 판매·제공하는 매장,train,커피,T6 기계변형,eb827655-46b0-4d78-93ac-b3ba30f9fb4a,커피리더,커피,오치1동 골목형상점가,골목형상점가,광주광역시,,,
8a0a9384767a87138b27,full_annotation_v1,A,q_커피_15,커피추천,카페·디저트 중 '커피'를 판매·제공하는 매장,train,커피,T6 기계변형,90d1e7c2-7986-40c1-9aeb-5a9b710421ab,노스페이스주월점,의류,주월1동독립로 골목형상점가,골목형상점가,광주광역시,,,
1bd33d193ff254cb0c89,full_annotation_v1,A,q_커피_15,커피추천,카페·디저트 중 '커피'를 판매·제공하는 매장,train,커피,T6 기계변형,1a07ae01-0576-41d4-af8b-cbd44d6193f3,요켈,커피,푸른마을공동체센터 골목형상점가,골목형상점가,광주광역시,,,
fe2746c8fe88f78d6b5e,full_annotation_v1,A,q_커피_15,커피추천,카페·디저트 중 '커피'를 판매·제공하는 매장,train,커피,T6 기계변형,e2ed2a68-ef93-41e9-ba08-8a04c8875265,커피엣마켓,커피,신중앙시장,전통시장,서울특별시,,,
d60365f31ef545421fdf,full_annotation_v1,A,q_커피_15,커피추천,카페·디저트 중 '커피'를 판매·제공하는 매장,train,커피,T6 기계변형,320dc69a-f92b-4ff9-b889-6dd623fa71cd,하옵,커피,위드수암 골목형상점가,골목형상점가,울산광역시,,,
7990fead2f46b8d9d6da,full_annotation_v1,A,q_커피_15,커피추천,카페·디저트 중 '커피'를 판매·제공하는 매장,train,커피,T6 기계변형,97e305e8-ae1f-40bb-93a6-ef21d4ccb59d,대흥해장국,일반음식점,원주남부시장,전통시장,강원특별자치도,,,
54c13c0cd4207e375b98,full_annotation_v1,A,q_커피_15,커피추천,카페·디저트 중 '커피'를 판매·제공하는 매장,train,커피,T6 기계변형,0017b31e-27bf-4395-a7b2-ad9bc8554d97,컴포즈커피 충주호암한신더휴점,"커피, 음료",호암사천개로골목형상점가,골목형상점가,충청북도,,,
23578e7a01704762ba7b,full_annotation_v1,A,q_커피_15,커피추천,카페·디저트 중 '커피'를 판매·제공하는 매장,train,커피,T6 기계변형,0063671e-77f7-466c-bbc2-223497c0dae4,무가당,카페,세병호 골목형상점가,골목형상점가,전북특별자치도,,,
c441779149adc6f989fd,full_annotation_v1,A,q_커피_15,커피추천,카페·디저트 중 '커피'를 판매·제공하는 매장,train,커피,T6 기계변형,d29afe81-6b3c-48e0-a174-9060ae8503c7,홉커피,커피,전남여고후문 골목형상점가,골목형상점가,광주광역시,,,
53defe2c15184dbc6d1d,full_annotation_v1,A,q_커피_15,커피추천,카페·디저트 중 '커피'를 판매·제공하는 매장,train,커피,T6 기계변형,64f8fd8e-aea2-4b17-be10-d1a98cc47dd4,커피일가견,커피,아름동상점가,자율상권구역,세종특별자치시,,,
f86551b278eeaadb486d,full_annotation_v1,A,q_커피_15,커피추천,카페·디저트 중 '커피'를 판매·제공하는 매장,train,커피,T6 기계변형,4ed348f8-e30c-443a-b786-498e498e1568,오펜스,커피,전남여고후문 골목형상점가,골목형상점가,광주광역시,,,
beb50d83e3e0140b00b6,full_annotation_v1,A,q_커피_15,커피추천,카페·디저트 중 '커피'를 판매·제공하는 매장,train,커피,T6 기계변형,944c6978-5f2a-4b7f-997a-766bc3d4de80,용두카클리닉,자동차수리,더불어용두 골목형상점가,골목형상점가,광주광역시,,,
d4b5ceb303859cc6f51f,full_annotation_v1,A,q_커피_15,커피추천,카페·디저트 중 '커피'를 판매·제공하는 매장,train,커피,T6 기계변형,0031ddcb-756f-40bf-ae71-0aa29f780139,더벤티상무점,커피,상무로자율상권,상권활성화구역,광주광역시,,,
34899397a5aebd2d25b6,full_annotation_v1,A,q_커피_15,커피추천,카페·디저트 중 '커피'를 판매·제공하는 매장,train,커피,T6 기계변형,43bbdac4-608f-4b6d-8a32-1a6f1a07ba5f,달인꽈배기1호점,꽈배기,전주한옥마을 골목형상점가,골목형상점가,전북특별자치도,,,
8dbf0647eb89b9234db5,full_annotation_v1,A,q_커피_15,커피추천,카페·디저트 중 '커피'를 판매·제공하는 매장,train,커피,T6 기계변형,0018e5c7-fa61-469b-8740-8bafdd196f3b,다소니(DASONI),커피 음료,두암사거리 골목형상점가,골목형상점가,광주광역시,,,
3ca92d96d79100eaacf5,full_annotation_v1,A,q_커피_15,커피추천,카페·디저트 중 '커피'를 판매·제공하는 매장,train,커피,T6 기계변형,005cf715-6b17-4116-a663-d9a56b68ff54,비허밍 스터디카페 (진월),스터디카페,서문대로701번길 골목형상점가,골목형상점가,광주광역시,,,
c2ae494a5d0737f9dd93,full_annotation_v1,A,q_커피_15,커피추천,카페·디저트 중 '커피'를 판매·제공하는 매장,train,커피,T6 기계변형,21d87ed1-a458-4c36-bc10-ef39d2d5ec6b,민속떡집,떡,평창올림픽시장(평창전통시장),전통시장,강원특별자치도,,,
25a903b94b2221954df7,full_annotation_v1,A,q_커피_15,커피추천,카페·디저트 중 '커피'를 판매·제공하는 매장,train,커피,T6 기계변형,66f680b8-1fec-49ef-a1ce-22fff33ba962,마장식육,축산물,마장축산물시장,전통시장,서울특별시,,,
790dad4ae804626ea0c7,full_annotation_v1,A,q_커피_15,커피추천,카페·디저트 중 '커피'를 판매·제공하는 매장,train,커피,T6 기계변형,a082d7f4-ccc4-40e4-98c1-c3f567024706,아짙으,커피,화원시장,전통시장,대구광역시,,,
882e6f9ba1739371db09,full_annotation_v1,A,q_편의점_01,편의점,생활·마트 중 '편의점'을 판매·제공하는 매장,val,편의점,T1 정확표기,3bde790e-d4d7-4f61-8d83-2898f1acb39a,씨유편의점,편의점,쌍용먹자패션거리 골목형상점가,골목형상점가,충청남도,,,
a785b27a21ad4de6f624,full_annotation_v1,A,q_편의점_01,편의점,생활·마트 중 '편의점'을 판매·제공하는 매장,val,편의점,T1 정확표기,247192b1-0b98-4059-8848-948104589daa,씨유영신점,편의점,영신상가,전통시장,서울특별시,,,
2ce6d81519d60ba8c444,full_annotation_v1,A,q_편의점_01,편의점,생활·마트 중 '편의점'을 판매·제공하는 매장,val,편의점,T1 정확표기,0699e51f-0c1c-416c-b987-55e5ee6c31b0,씨유전주진북우성점,편의점,전주우성타운 골목형상점가,골목형상점가,전북특별자치도,,,
fd81c83a7746c4ab5b6f,full_annotation_v1,A,q_편의점_01,편의점,생활·마트 중 '편의점'을 판매·제공하는 매장,val,편의점,T1 정확표기,4060a200-5975-41a1-870b-5156f9db3764,GS25둔전제일점,편의점,둔전골목형상점가,골목형상점가,경기도,,,
3da5c349735f5325f965,full_annotation_v1,A,q_편의점_01,편의점,생활·마트 중 '편의점'을 판매·제공하는 매장,val,편의점,T1 정확표기,78f48022-f4e2-4958-8f5c-9185121d6851,초원유통,"소금, 인공감미료, 장류",순천역전시장상가,자율상권구역,전라남도,,,
1707e0968558b31328e7,full_annotation_v1,A,q_편의점_01,편의점,생활·마트 중 '편의점'을 판매·제공하는 매장,val,편의점,T1 정확표기,481b4d13-7128-4f25-94f8-7bf2f71a4d8e,주야편의점,편의점,부곡시장,전통시장,경상북도,,,
aecd940fa46523e79967,full_annotation_v1,A,q_편의점_01,편의점,생활·마트 중 '편의점'을 판매·제공하는 매장,val,편의점,T1 정확표기,e03e11c5-770f-4538-92ed-289dce3efa52,지에스25고잔베스트,편의점,도리섬상점가,자율상권구역,경기도,,,
437d7d5ef887eb5c1f16,full_annotation_v1,A,q_편의점_01,편의점,생활·마트 중 '편의점'을 판매·제공하는 매장,val,편의점,T1 정확표기,11bcf74b-12e9-4efa-b294-0dfa7817982c,지에스25자유시장점,편의점,원주중앙시장활성화구역,상권활성화구역,강원특별자치도,,,
82dacc8a346390890fa7,full_annotation_v1,A,q_편의점_01,편의점,생활·마트 중 '편의점'을 판매·제공하는 매장,val,편의점,T1 정확표기,a759e16b-2678-408e-9127-556d7092cc3e,GS25용답로데오점,편의점,성동용답상가시장,전통시장,서울특별시,,,
4d2dc9876f5bb4acc84c,full_annotation_v1,A,q_편의점_01,편의점,생활·마트 중 '편의점'을 판매·제공하는 매장,val,편의점,T1 정확표기,43f8a456-3012-4f4f-beb0-bc85fc1ec2c4,홈웨이편의점,편의점,함평천지 골목형상점가,골목형상점가,전라남도,,,
1d48236c8bd0c574c86d,full_annotation_v1,A,q_편의점_01,편의점,생활·마트 중 '편의점'을 판매·제공하는 매장,val,편의점,T1 정확표기,9297295b-1ad1-4f9b-8034-6265b38f62c2,시장할인마트,편의점,강진읍시장,전통시장,전라남도,,,
71a222d93208b1cd59bd,full_annotation_v1,A,q_편의점_01,편의점,생활·마트 중 '편의점'을 판매·제공하는 매장,val,편의점,T1 정확표기,b87a6d90-69d6-4ad7-b646-e863486748ac,씨유성주찬현점,편의점,성주시장,전통시장,경상북도,,,
b071934362f5b56f0ac1,full_annotation_v1,A,q_편의점_01,편의점,생활·마트 중 '편의점'을 판매·제공하는 매장,val,편의점,T1 정확표기,7903a6ee-8f8b-4834-9d0d-49e364e29427,GS25,편의점,우산동빛고을 골목형상점가,골목형상점가,광주광역시,,,
29b1ede6f7913ad35752,full_annotation_v1,A,q_편의점_01,편의점,생활·마트 중 '편의점'을 판매·제공하는 매장,val,편의점,T1 정확표기,410bd865-49f7-4f8a-bee6-1771574eda45,비케이,의류,을지로지하보도쇼핑센터,일반지하상점가,서울특별시,,,
06079c22daad720df449,full_annotation_v1,A,q_편의점_01,편의점,생활·마트 중 '편의점'을 판매·제공하는 매장,val,편의점,T1 정확표기,06087bd5-698a-4a4b-9812-dc2f59d3cee6,알리바이24시편의점,편의점,굴비골영광시장(구 영광매일시장),전통시장,전라남도,,,
e0eee9db06a85bc2a603,full_annotation_v1,A,q_편의점_01,편의점,생활·마트 중 '편의점'을 판매·제공하는 매장,val,편의점,T1 정확표기,bff53cda-b2b7-4559-abfa-4749c9d54e48,쌍방울,내의,중앙로 지하상가 상점가,일반지하상점가,대전광역시,,,
6cbf952953922a2ee139,full_annotation_v1,A,q_편의점_01,편의점,생활·마트 중 '편의점'을 판매·제공하는 매장,val,편의점,T1 정확표기,4f7a9c06-82e5-4960-9acb-0c3f92655de8,세븐일레븐,편의점,태봉마을 골목형상점가,골목형상점가,경기도,,,
1c60c5cf1092a93319af,full_annotation_v1,A,q_편의점_01,편의점,생활·마트 중 '편의점'을 판매·제공하는 매장,val,편의점,T1 정확표기,9e5ac9b1-ea36-4a9e-a9e2-e2a69d5690ee,CU,편의점,프로방스 골목형상점가,골목형상점가,전라남도,,,
02897f3a674cf0fb9e99,full_annotation_v1,A,q_편의점_01,편의점,생활·마트 중 '편의점'을 판매·제공하는 매장,val,편의점,T1 정확표기,6495c78f-6599-451b-a62f-4af18010417e,영광참기름,참기름 가공유,대인시장,전통시장,,,,
0598ac630fb9acec26d3,full_annotation_v1,A,q_편의점_01,편의점,생활·마트 중 '편의점'을 판매·제공하는 매장,val,편의점,T1 정확표기,01082ac2-3d28-417c-8311-62a9095208e5,신라정선,슈퍼,남부골목시장,전통시장,서울특별시,,,
68d7c0c51680349bcf71,full_annotation_v1,A,q_편의점_01,편의점,생활·마트 중 '편의점'을 판매·제공하는 매장,val,편의점,T1 정확표기,8f9bd309-dd5c-4a32-966c-3e34220e8820,CU신도봉중앙,편의점,신도봉시장,전통시장,서울특별시,,,
e73b451bb5a9a93b28f3,full_annotation_v1,A,q_편의점_01,편의점,생활·마트 중 '편의점'을 판매·제공하는 매장,val,편의점,T1 정확표기,f61d5263-570e-4fb3-b7bc-559f04116757,aGS25,편의점,삼호읍 중앙 골목형상점가,골목형상점가,전라남도,,,
735cf370aa64d1933cc3,full_annotation_v1,A,q_편의점_01,편의점,생활·마트 중 '편의점'을 판매·제공하는 매장,val,편의점,T1 정확표기,bac6cf87-6a05-44b0-a03c-147f15d1602c,편의점,식품 잡화,운수대통 골목형상점가,골목형상점가,광주광역시,,,
ae0d92488414a089166c,full_annotation_v1,A,q_편의점_01,편의점,생활·마트 중 '편의점'을 판매·제공하는 매장,val,편의점,T1 정확표기,9e51cb4f-dfd8-4749-8064-b2c4e87a8fbe,cu광주엠플러스점,편의점,매월동상인회 골목형상점가,골목형상점가,광주광역시,,,
26067b91033529783f6f,full_annotation_v1,A,q_편의점_01,편의점,생활·마트 중 '편의점'을 판매·제공하는 매장,val,편의점,T1 정확표기,810e1dcf-26b5-4f49-9f78-41262dc7c283,CU만촌동신교회앞점,편의점,만촌시장,전통시장,대구광역시,,,
2ec9457bd616571b3c3c,full_annotation_v1,A,q_편의점_01,편의점,생활·마트 중 '편의점'을 판매·제공하는 매장,val,편의점,T1 정확표기,44514a0f-3971-4be8-9d1d-37e043b0d361,거부기편의점,편의점,거북시장,전통시장,인천광역시,,,
8fea2ffbeecc8980f7be,full_annotation_v1,A,q_편의점_01,편의점,생활·마트 중 '편의점'을 판매·제공하는 매장,val,편의점,T1 정확표기,816a667e-53ed-4753-8fd5-1b908d6bc75d,해빛편의점,편의점 기타 잡화,전평제상인회 골목형상점가,골목형상점가,광주광역시,,,
5a7fd68d565851663e58,full_annotation_v1,A,q_편의점_01,편의점,생활·마트 중 '편의점'을 판매·제공하는 매장,val,편의점,T1 정확표기,43245805-c89c-4e87-8ea0-e8843e1613c0,세븐일레븐,편의점,옥계 600,골목형상점가,경상북도,,,
6f1110cd74c6ada45f86,full_annotation_v1,A,q_편의점_01,편의점,생활·마트 중 '편의점'을 판매·제공하는 매장,val,편의점,T1 정확표기,6998d38d-bef5-4934-8b6e-5253b5295bca,씨유전주호성센터점,편의점,"호성2길, 3길 골목형상점가",골목형상점가,전북특별자치도,,,
334107464b6a704b2401,full_annotation_v1,A,q_편의점_01,편의점,생활·마트 중 '편의점'을 판매·제공하는 매장,val,편의점,T1 정확표기,88431df8-90b4-4fb1-9d80-7b0ce9a4610d,현대25시 편의점,편의점 복권,봉일천전통시장,전통시장,경기도,,,
f05113ce83bf59c03a1a,full_annotation_v1,A,q_편의점_01,편의점,생활·마트 중 '편의점'을 판매·제공하는 매장,val,편의점,T1 정확표기,001bacc9-5a95-4049-babd-6691512d8da0,백두사,잡화,장량성도시장,전통시장,경상북도,,,
f330fcda084e2a650b59,full_annotation_v1,A,q_편의점_01,편의점,생활·마트 중 '편의점'을 판매·제공하는 매장,val,편의점,T1 정확표기,2c949275-a21f-4224-ace5-06dea1b955a3,이마트24,편의점,하남진곡 골목형상점가,골목형상점가,광주광역시,,,
2fe841f44d72e1f7b812,full_annotation_v1,A,q_편의점_01,편의점,생활·마트 중 '편의점'을 판매·제공하는 매장,val,편의점,T1 정확표기,dc236aa0-df7a-4ea4-a73d-afe846bdadc1,Gs편의점농성대남점,편의점,상공회의소누리상인회 골목형상점가,골목형상점가,광주광역시,,,
2c88298190b1191ebab4,full_annotation_v1,A,q_편의점_01,편의점,생활·마트 중 '편의점'을 판매·제공하는 매장,val,편의점,T1 정확표기,5b96256c-d213-4d0e-92fe-389dc7cc6681,CU,편의점,하남진곡 골목형상점가,골목형상점가,광주광역시,,,
366d9046257e7b27edb1,full_annotation_v1,A,q_편의점_01,편의점,생활·마트 중 '편의점'을 판매·제공하는 매장,val,편의점,T1 정확표기,13188ea7-21b5-46a7-a038-8f81ebadbfd1,밀결,도소매,원,골목형상점가,광주광역시,,,
b1553462ab937a3c34e8,full_annotation_v1,A,q_편의점_01,편의점,생활·마트 중 '편의점'을 판매·제공하는 매장,val,편의점,T1 정확표기,4e97a3d4-d769-45a9-8ed4-651e115810b4,알리바이24시편의점,편의점,늘솔길상인회 골목형상점가,골목형상점가,광주광역시,,,
fe182fe684a4b256f2a3,full_annotation_v1,A,q_편의점_01,편의점,생활·마트 중 '편의점'을 판매·제공하는 매장,val,편의점,T1 정확표기,5589af27-8a43-41e8-977c-35759e02fc6a,미래편의점,편의점,운남골목 골목형상점가,골목형상점가,광주광역시,,,
b01f4e74e0f27d7042de,full_annotation_v1,A,q_편의점_01,편의점,생활·마트 중 '편의점'을 판매·제공하는 매장,val,편의점,T1 정확표기,15d044c5-0f5c-4410-b98b-bff87e4f08df,우리편의점,편의점,산본로데오거리(구 산본중심상가),자율상권구역,경기도,,,
c863c778d4a752c5825e,full_annotation_v1,A,q_편의점_01,편의점,생활·마트 중 '편의점'을 판매·제공하는 매장,val,편의점,T1 정확표기,003d5df8-0856-45e0-a11e-5098cf70541e,앨리스리본&공방,"공방, 잡화",봉화내성시장,전통시장,경상북도,,,
7c9a3e6684f0a2a7c348,full_annotation_v1,A,q_편의점_01,편의점,생활·마트 중 '편의점'을 판매·제공하는 매장,val,편의점,T1 정확표기,02656399-5272-4d95-93ce-aa699e13cfdb,우리홈마트,,중화산로 골목형상점가,골목형상점가,전북특별자치도,,,
abda3b6f8e4fd36411cf,full_annotation_v1,A,q_편의점_01,편의점,생활·마트 중 '편의점'을 판매·제공하는 매장,val,편의점,T1 정확표기,1a396e26-0cef-46d4-bede-4e14fbf8562f,대박상회,,제천고추시장,전통시장,충청북도,,,
dec09820d87d06b3e1c6,full_annotation_v1,A,q_편의점_01,편의점,생활·마트 중 '편의점'을 판매·제공하는 매장,val,편의점,T1 정확표기,afed0a43-18a5-4c03-9088-ae6fe3544e45,지에스25마산구암시장점,편의점,마산 구암현대시장,전통시장,경상남도,,,
63c5947665449e8e9420,full_annotation_v1,A,q_편의점_01,편의점,생활·마트 중 '편의점'을 판매·제공하는 매장,val,편의점,T1 정확표기,e9955c1e-cb23-417e-8c16-c97358348d1a,세븐일레븐전주뉴비사벌점,편의점,당산로 골목형상점가,골목형상점가,전북특별자치도,,,
fa95332f864e5ee95387,full_annotation_v1,A,q_편의점_01,편의점,생활·마트 중 '편의점'을 판매·제공하는 매장,val,편의점,T1 정확표기,babdb769-d75b-4fa3-bf1c-51280c766735,편의점사랑,편의점,의왕역 골목형상점가,골목형상점가,경기도,,,
f58a2f9eadb1ca8afeea,full_annotation_v1,A,q_편의점_01,편의점,생활·마트 중 '편의점'을 판매·제공하는 매장,val,편의점,T1 정확표기,b1c4d2e9-e456-44b8-b077-85b0fd4afc52,GS25전북대학로점,편의점,전북대대학로상점가,자율상권구역,전북특별자치도,,,
8944606adc8ace6cf40e,full_annotation_v1,A,q_편의점_01,편의점,생활·마트 중 '편의점'을 판매·제공하는 매장,val,편의점,T1 정확표기,0127440f-2d8b-45f0-b518-a19665d3d5a8,나들가게서교하이퍼,소매(슈퍼),서교시장,전통시장,서울특별시,,,
76c26e9691a8e428ecde,full_annotation_v1,A,q_편의점_01,편의점,생활·마트 중 '편의점'을 판매·제공하는 매장,val,편의점,T1 정확표기,37033488-7a37-4985-9a3c-180b45f7799b,도로마트,편의점,성안길상점가,자율상권구역,충청북도,,,
04115d825662bf52b107,full_annotation_v1,A,q_편의점_01,편의점,생활·마트 중 '편의점'을 판매·제공하는 매장,val,편의점,T1 정확표기,2644e238-a7c8-41b1-8c79-cb2f76d08a15,동일마트,편의점,김해 삼방전통시장,전통시장,경상남도,,,
cc573349970960bfb00b,full_annotation_v1,A,q_편의점_01,편의점,생활·마트 중 '편의점'을 판매·제공하는 매장,val,편의점,T1 정확표기,8d41d347-746c-48ab-9978-752872a84758,명진상회,건강생활용품,진주 논개시장,전통시장,경상남도,,,
74787178eae5bd446492,full_annotation_v1,A,q_편의점_01,편의점,생활·마트 중 '편의점'을 판매·제공하는 매장,val,편의점,T1 정확표기,560a1f49-00ef-4de6-a8dc-de4b635be082,씨유대전괴정온누리점,편의점,괴정가장로 골목형상점가,골목형상점가,대전광역시,,,
18abb96958f57ccd0336,full_annotation_v1,A,q_편의점_01,편의점,생활·마트 중 '편의점'을 판매·제공하는 매장,val,편의점,T1 정확표기,f49a524f-1de6-4c8d-bdfa-694328f5409c,축협알뜰편의점,편의점,새영주시장,전통시장,부산광역시,,,
ce2744ef2bcd30359ff4,full_annotation_v1,A,q_편의점_01,편의점,생활·마트 중 '편의점'을 판매·제공하는 매장,val,편의점,T1 정확표기,7776d73b-aeb7-47b7-95e7-cae07da95816,대박농산,,제천고추시장,전통시장,충청북도,,,
9c46794a31c811ecdb89,full_annotation_v1,A,q_편의점_01,편의점,생활·마트 중 '편의점'을 판매·제공하는 매장,val,편의점,T1 정확표기,ea47d538-c0a1-4e28-853d-781913295f37,씨유관악당곡점,편의점,보라빛거리골목형상점가,골목형상점가,서울특별시,,,
cf4f8853357ec9fdc894,full_annotation_v1,A,q_편의점_01,편의점,생활·마트 중 '편의점'을 판매·제공하는 매장,val,편의점,T1 정확표기,9331b39b-d923-4ec3-9203-fffe2e3df532,나우리편의점,편의점,거제 고현자율상권,,경상남도,,,
e95d21a2809da09d01b9,full_annotation_v1,A,q_편의점_01,편의점,생활·마트 중 '편의점'을 판매·제공하는 매장,val,편의점,T1 정확표기,8fd00862-9e0e-4700-a0ac-71aeae1a6f90,세븐일레븐인제기린점,편의점,기린전통시장,전통시장,강원특별자치도,,,
2e44a7e8bfa1952a5586,full_annotation_v1,A,q_편의점_01,편의점,생활·마트 중 '편의점'을 판매·제공하는 매장,val,편의점,T1 정확표기,0826c359-50b2-4fd5-b9b6-b6db1d114b42,GS25조대후문점,편의점,조대장미의거리 상점가,자율상권구역,광주광역시,,,
da6b9611b09b9e4b8df8,full_annotation_v1,A,q_편의점_01,편의점,생활·마트 중 '편의점'을 판매·제공하는 매장,val,편의점,T1 정확표기,56ca903f-73c0-4df2-98fe-dfc0b4fcaa87,신한어패럴,의류,문정동로데오상점가,자율상권구역,서울특별시,,,
60698ad3fc731e39dc59,full_annotation_v1,A,q_편의점_01,편의점,생활·마트 중 '편의점'을 판매·제공하는 매장,val,편의점,T1 정확표기,01ca51d4-ae25-4b4f-86b6-d8461d581a02,영광슈퍼,소매업(슈퍼),신원시장,전통시장,서울특별시,,,
98cd2d9b40995d54a7f8,full_annotation_v1,A,q_편의점_01,편의점,생활·마트 중 '편의점'을 판매·제공하는 매장,val,편의점,T1 정확표기,a14acd0f-db3b-4750-876b-796b5294b5ef,씨유마산M호텔점,편의점,마산 오동동 창동 어시장 상권활성화구역,상권활성화구역,경상남도,,,
b39f7bc2d0c2936a0f30,full_annotation_v1,A,q_편의점_01,편의점,생활·마트 중 '편의점'을 판매·제공하는 매장,val,편의점,T1 정확표기,7bbb1ed7-c3d8-4905-b02e-4da632aa2cf6,GS25,편의점,하남진곡 골목형상점가,골목형상점가,광주광역시,,,
c579b53fbd3935b93f49,full_annotation_v1,A,q_편의점_01,편의점,생활·마트 중 '편의점'을 판매·제공하는 매장,val,편의점,T1 정확표기,cff06b48-54d4-4423-b9a3-5c6ba4657d39,GS25,편의점,아진상가,골목형상점가,울산광역시,,,
615069b2086cc1d7c730,full_annotation_v1,A,q_편의점_01,편의점,생활·마트 중 '편의점'을 판매·제공하는 매장,val,편의점,T1 정확표기,7234c934-81df-4950-b694-f81a5a59f7aa,대박마트,편의점,호매실역중심상가 골목형상점가,골목형상점가,경기도,,,
0bdd96f1970b82b042e4,full_annotation_v1,A,q_편의점_01,편의점,생활·마트 중 '편의점'을 판매·제공하는 매장,val,편의점,T1 정확표기,75185668-0bba-4930-8210-d43b6d469416,씨유석계본점,편의점,석계음식문화거리골목형상점가,골목형상점가,서울특별시,,,
ea250950e04dc0788caf,full_annotation_v1,A,q_편의점_01,편의점,생활·마트 중 '편의점'을 판매·제공하는 매장,val,편의점,T1 정확표기,003683a7-fde1-46b0-8421-08210268e2b0,이마트24 광주일곡엘리체점,,삼각동 골목형상점가,골목형상점가,,,,
27871d746e9dc0452559,full_annotation_v1,A,q_편의점_01,편의점,생활·마트 중 '편의점'을 판매·제공하는 매장,val,편의점,T1 정확표기,08cfcf2b-d755-4716-a3fb-9f199ed70b04,씨유주문진항,편의점,주문진건어물시장,전통시장,강원특별자치도,,,
71589eaca8ca9686568a,full_annotation_v1,A,q_편의점_01,편의점,생활·마트 중 '편의점'을 판매·제공하는 매장,val,편의점,T1 정확표기,ab940518-86dd-4359-af59-aa51f85e8597,CU괘법중앙점,편의점,사상시장,전통시장,부산광역시,,,
d351720765f16bf8f05f,full_annotation_v1,A,q_편의점_01,편의점,생활·마트 중 '편의점'을 판매·제공하는 매장,val,편의점,T1 정확표기,e90fa987-02cd-403e-baa7-989de65b2038,씨유일곡송해로점,편의점,일곡동 골목형상점가,골목형상점가,광주광역시,,,
b694628a5ac0ea07f68d,full_annotation_v1,A,q_편의점_01,편의점,생활·마트 중 '편의점'을 판매·제공하는 매장,val,편의점,T1 정확표기,0054b824-eb72-4efa-a1ba-40d467c899a5,수정상회,잡화,중앙전통시장,전통시장,울산광역시,,,
a749092db4ceae162e88,full_annotation_v1,A,q_편의점_01,편의점,생활·마트 중 '편의점'을 판매·제공하는 매장,val,편의점,T1 정확표기,00242042-f371-486a-a1fc-b85de093edbf,슈올즈 이천점,"신발, 잡화",장터거리시장 골목형상점가,골목형상점가,경기도,,,
c7cdc9bfa03610f35bf7,full_annotation_v1,A,q_편의점_01,편의점,생활·마트 중 '편의점'을 판매·제공하는 매장,val,편의점,T1 정확표기,a7783e2f-33b3-4ba9-949b-7a16ac383f78,안흥찐빵,음식점,석촌시장,전통시장,서울특별시,,,
155b22ad0bf257f3c170,full_annotation_v1,A,q_편의점_01,편의점,생활·마트 중 '편의점'을 판매·제공하는 매장,val,편의점,T1 정확표기,03780e38-19c3-41dd-b0ba-81ce325c40d6,한국상담센터,상담서비스,희담길,골목형상점가,광주광역시,,,
015e51cf1915a746656e,full_annotation_v1,A,q_편의점_01,편의점,생활·마트 중 '편의점'을 판매·제공하는 매장,val,편의점,T1 정확표기,712d6dcb-74c6-423a-aa2b-26812c0bf338,씨유우정선경점,편의점,우정골목 골목형상점가,골목형상점가,울산광역시,,,
7ef5919a70b07d878fee,full_annotation_v1,A,q_편의점_01,편의점,생활·마트 중 '편의점'을 판매·제공하는 매장,val,편의점,T1 정확표기,b1f52958-5097-4fff-a74d-c05b194d89a3,세븐일레븐,편의점,풍암1로상인회 골목형상점가,골목형상점가,광주광역시,,,
ea9f2370b1e9d480d493,full_annotation_v1,A,q_편의점_01,편의점,생활·마트 중 '편의점'을 판매·제공하는 매장,val,편의점,T1 정확표기,faa75041-4bdb-4e87-85e3-1db953a5bf21,GS25,편의점,메트로센터(반월당지하쇼핑),일반지하상점가,대구광역시,,,
791603f17c5a32814f3e,full_annotation_v1,A,q_편의점_01,편의점,생활·마트 중 '편의점'을 판매·제공하는 매장,val,편의점,T1 정확표기,90c276ff-b890-446d-bb81-9598c0657dd8,류카츠 광주첨단점,돈까스,정부청사 골목형상점가,골목형상점가,광주광역시,,,
f935cbdc5b0aebf6fb5c,full_annotation_v1,A,q_편의점_01,편의점,생활·마트 중 '편의점'을 판매·제공하는 매장,val,편의점,T1 정확표기,27427669-324a-4fc4-94c7-d7b68ff134b2,알리바이,편의점,두암1동군왕로 골목형상점가,골목형상점가,광주광역시,,,
a89b71210c37274af4af,full_annotation_v1,A,q_편의점_01,편의점,생활·마트 중 '편의점'을 판매·제공하는 매장,val,편의점,T1 정확표기,a9895d16-2a13-44a4-908b-9a8c2936840a,씨유서부율전점,편의점,명덕마을 골목형상점가,골목형상점가,울산광역시,,,
57b4d9d0d392d5eb5964,full_annotation_v1,A,q_편의점_01,편의점,생활·마트 중 '편의점'을 판매·제공하는 매장,val,편의점,T1 정확표기,0015ea0b-d565-4d75-bbfb-1198daeb0b0c,나이스마트청라자이점,,청라언덕 골목형상점가,골목형상점가,대구광역시,,,
08fac7d3c785adfd7e4d,full_annotation_v1,A,q_편의점_01,편의점,생활·마트 중 '편의점'을 판매·제공하는 매장,val,편의점,T1 정확표기,ace96847-ba1f-4f6b-bc69-60b8124938a4,Cu광주무등시장,편의점,세은 골목형상점가,골목형상점가,광주광역시,,,
02c80c40a8cbd2740537,full_annotation_v1,A,q_편의점_01,편의점,생활·마트 중 '편의점'을 판매·제공하는 매장,val,편의점,T1 정확표기,01790f65-6bd3-405b-9ef4-493889531486,세븐일레븐자양으뜸2호점,편의점,자양로13길골목형상점가,골목형상점가,서울특별시,,,
71dc419ac399a480ed52,full_annotation_v1,A,q_편의점_01,편의점,생활·마트 중 '편의점'을 판매·제공하는 매장,val,편의점,T1 정확표기,4fd52971-9fd4-4e96-80be-1212859de6f9,골뱅이마트,편의점,송내영화의거리 골목형상점가,골목형상점가,경기도,,,
fe3374c7b4d53f649a66,full_annotation_v1,A,q_편의점_01,편의점,생활·마트 중 '편의점'을 판매·제공하는 매장,val,편의점,T1 정확표기,7958d4df-3a3b-4371-b6a1-669e224c263c,지에스25상무대라수점,편의점,치평1230상인회 골목형상점가,골목형상점가,광주광역시,,,
5197c3633e607423152d,full_annotation_v1,A,q_편의점_01,편의점,생활·마트 중 '편의점'을 판매·제공하는 매장,val,편의점,T1 정확표기,fee76baf-6062-4740-a214-fbae8ab4ec9c,GS25,편의점,신창진흥 골목형상점가,골목형상점가,광주광역시,,,
5619cf6be17a16cf59b7,full_annotation_v1,A,q_편의점_01,편의점,생활·마트 중 '편의점'을 판매·제공하는 매장,val,편의점,T1 정확표기,4a3fd4de-8011-4f2e-a870-f081df997e08,세븐일레븐,편의점,지웰시티자이상가 골목형상점가,골목형상점가,울산광역시,,,
fd68fe86021115dd9a52,full_annotation_v1,A,q_편의점_01,편의점,생활·마트 중 '편의점'을 판매·제공하는 매장,val,편의점,T1 정확표기,01d01063-d46f-4d55-991f-bd03c55392f8,씨유 사상중흥센터,편의점,중흥 골목형상점가,골목형상점가,부산광역시,,,
3562056dd6869f7f13f7,full_annotation_v1,A,q_편의점_01,편의점,생활·마트 중 '편의점'을 판매·제공하는 매장,val,편의점,T1 정확표기,dff0c0d4-843d-404b-a3f1-4e7eebdac79d,씨유조종승리점,편의점,조종시장,전통시장,경기도,,,
941697932e628630da8d,full_annotation_v1,A,q_편의점_01,편의점,생활·마트 중 '편의점'을 판매·제공하는 매장,val,편의점,T1 정확표기,94ed11b4-4849-453d-9204-5d1f82d91a1b,CU용봉용주점,편의점,용봉우치로 골목형상점가,골목형상점가,광주광역시,,,
e9ccadff49d222399916,full_annotation_v1,A,q_편의점_01,편의점,생활·마트 중 '편의점'을 판매·제공하는 매장,val,편의점,T1 정확표기,f8ca399a-6a3c-428a-9f5e-0e32b4bd2844,성원편의점,편의점,창원 성원3차종합상가,전통시장,경상남도,,,
bf30748e39d785f79dee,full_annotation_v1,A,q_편의점_01,편의점,생활·마트 중 '편의점'을 판매·제공하는 매장,val,편의점,T1 정확표기,733e34a6-f6aa-482c-805e-74d6f6d3c6a3,이마트24광주흑석로또점,편의점,수완이지더원 골목형상점가,골목형상점가,광주광역시,,,
38cf3d71450623776bb5,full_annotation_v1,A,q_편의점_01,편의점,생활·마트 중 '편의점'을 판매·제공하는 매장,val,편의점,T1 정확표기,67966843-0bae-413f-ab3f-1534fee18c25,간식창고,편의점,빛가람 중흥 골목형상점가,골목형상점가,전라남도,,,
376dfbfc95902b488dbd,full_annotation_v1,A,q_편의점_01,편의점,생활·마트 중 '편의점'을 판매·제공하는 매장,val,편의점,T1 정확표기,92032bab-a1e8-4c8d-b4c0-2198a340c66f,씨유창원지귀점,편의점,창원 지귀시장,전통시장,경상남도,,,
c41bcb247efa155701ff,full_annotation_v1,A,q_편의점_01,편의점,생활·마트 중 '편의점'을 판매·제공하는 매장,val,편의점,T1 정확표기,9812332a-b8e1-406c-b89b-71f2ccec3be2,세븐일레븐,편의점,둔전골목형상점가,골목형상점가,경기도,,,
27588de2ee252b3a28ab,full_annotation_v1,A,q_편의점_01,편의점,생활·마트 중 '편의점'을 판매·제공하는 매장,val,편의점,T1 정확표기,301b84b1-87af-4d85-9cd1-4c0f6b4b8f1f,하나편의점,편의점,치평상무역상인회 골목형상점가,골목형상점가,광주광역시,,,
e5a3731236298b2ce7c6,full_annotation_v1,A,q_편의점_01,편의점,생활·마트 중 '편의점'을 판매·제공하는 매장,val,편의점,T1 정확표기,4b587f22-51e9-4aa3-8487-68f18a9ca37c,씨유서현스타점,편의점,미래타운제2종합시장,전통시장,경기도,,,
01c9ae11bee1c22ec3a9,full_annotation_v1,A,q_편의점_01,편의점,생활·마트 중 '편의점'을 판매·제공하는 매장,val,편의점,T1 정확표기,040ee458-5684-4428-ba61-b1640caf3093,씨유울산성남젊음의거리점,편의점,젊음의거리 상점가,자율상권구역,울산광역시,,,
4ddd9878e9659fdbe582,full_annotation_v1,A,q_편의점_01,편의점,생활·마트 중 '편의점'을 판매·제공하는 매장,val,편의점,T1 정확표기,4d492655-e03a-4324-a313-78d849318719,대영상회,편의점,도화종합시장,기타,인천광역시,,,
950c6b4e198b1f0e9952,full_annotation_v1,A,q_편의점_01,편의점,생활·마트 중 '편의점'을 판매·제공하는 매장,val,편의점,T1 정확표기,6b05622d-1506-4162-8b5f-a4ec233cbe5a,CU하남수산물시장점,편의점,하남수산물전통시장,전통시장,경기도,,,
efb5048fbeeb5db01cae,full_annotation_v1,A,q_편의점_01,편의점,생활·마트 중 '편의점'을 판매·제공하는 매장,val,편의점,T1 정확표기,482cbb20-74a8-4251-ac9a-b0efcc6d72b5,모아편의점,편의점,풍암금당상인회 골목형상점가,골목형상점가,광주광역시,,,
b790bcc4e408e0f08891,full_annotation_v1,A,q_편의점_01,편의점,생활·마트 중 '편의점'을 판매·제공하는 매장,val,편의점,T1 정확표기,c901e4da-c0b3-4ce5-8c88-59a7c7ff1640,씨유창평아름점,편의점,슬로시티창평 골목형상점가,골목형상점가,전라남도,,,
2714aa8eedd8e2a6fcca,full_annotation_v1,A,q_편의점_01,편의점,생활·마트 중 '편의점'을 판매·제공하는 매장,val,편의점,T1 정확표기,bc539cce-1727-4192-9ca3-8ef8baf19e4f,GS25,편의점,임방울거리3구역 골목형상점가,골목형상점가,광주광역시,,,
b3bca098757cd37f3784,full_annotation_v1,A,q_편의점_01,편의점,생활·마트 중 '편의점'을 판매·제공하는 매장,val,편의점,T1 정확표기,38ff9882-e7c6-42be-8600-bb5fa4c90da0,광산프레시점,편의점,빛고을수완 골목형상점가,골목형상점가,광주광역시,,,
34b898d4d30aab6001ec,full_annotation_v1,A,q_편의점_01,편의점,생활·마트 중 '편의점'을 판매·제공하는 매장,val,편의점,T1 정확표기,384de038-e0eb-4dff-97fa-ad13ac3730e9,관방천편의점,편의점,국수거리 골목형상점가,골목형상점가,전라남도,,,
3c09e8a0fb0e0ba62f29,full_annotation_v1,A,q_편의점_01,편의점,생활·마트 중 '편의점'을 판매·제공하는 매장,val,편의점,T1 정확표기,e8cf0d0a-9515-45aa-bcef-0c4b2346fe7b,지에스25봉선더샵점,편의점,용대로53번길 골목형상점가,골목형상점가,광주광역시,,,
18e26f478ce24afd69a1,full_annotation_v1,A,q_편의점_01,편의점,생활·마트 중 '편의점'을 판매·제공하는 매장,val,편의점,T1 정확표기,01b2c972-f367-47e6-b3d2-11585175a7c1,명동슈퍼,슈퍼,신대방1동온누리길골목형상점가,골목형상점가,서울특별시,,,
7aa1c031e5c50a6eb0a0,full_annotation_v1,A,q_편의점_01,편의점,생활·마트 중 '편의점'을 판매·제공하는 매장,val,편의점,T1 정확표기,7633618a-0a3e-4965-bf15-c343d62383bb,이마트24광주첨단본점,편의점,첨단시리단길,골목형상점가,광주광역시,,,
1a300547e6a28742c4b7,full_annotation_v1,A,q_편의점_01,편의점,생활·마트 중 '편의점'을 판매·제공하는 매장,val,편의점,T1 정확표기,5c075211-d790-485f-8def-67e24a561bbc,마곡편의점,편의점,공산성골목형상점가,골목형상점가,충청남도,,,
349cc80a8ac9cbb929f6,full_annotation_v1,A,q_편의점_01,편의점,생활·마트 중 '편의점'을 판매·제공하는 매장,val,편의점,T1 정확표기,006f9082-b590-49e3-baf4-f72dc203a510,CU풍암주은모아점,편의점,풍암당산상인회 골목형상점가,골목형상점가,광주광역시,,,
4685a542deae2157add9,full_annotation_v1,A,q_편의점_01,편의점,생활·마트 중 '편의점'을 판매·제공하는 매장,val,편의점,T1 정확표기,30b5222b-2253-4953-8056-dbb3fa7bb85f,GS25광주새우리점,편의점,화정동 서부시장,전통시장,광주광역시,,,
a951f9d7b06678b40954,full_annotation_v1,A,q_편의점_01,편의점,생활·마트 중 '편의점'을 판매·제공하는 매장,val,편의점,T1 정확표기,003747e4-8102-4296-bfdf-b7ca7c1f83fa,평화잡화,잡화,부산평화시장,전통시장,부산광역시,,,
4a54f3b005a515c4a930,full_annotation_v1,A,q_편의점_01,편의점,생활·마트 중 '편의점'을 판매·제공하는 매장,val,편의점,T1 정확표기,e47288cc-6ac7-4b2d-9a64-4e66b39990ab,CU주엽효원점,편의점,주엽역 골목형상점가,골목형상점가,경기도,,,
c8c6bed629902a8e9acb,full_annotation_v1,A,q_편의점_01,편의점,생활·마트 중 '편의점'을 판매·제공하는 매장,val,편의점,T1 정확표기,1e5b94d0-c710-4431-9708-3c1bb41df231,지에스25광주대중,편의점,한미쇼핑사거리 골목형상점가,골목형상점가,광주광역시,,,
2425444f8eb4c2756d26,full_annotation_v1,A,q_편의점_01,편의점,생활·마트 중 '편의점'을 판매·제공하는 매장,val,편의점,T1 정확표기,a68907fa-94e6-48e2-8039-7a7c991bd388,CU의정부제일시장점,편의점,의정부제일시장,전통시장,경기도,,,
1b90b705bb5e7ba7faa3,full_annotation_v1,A,q_편의점_01,편의점,생활·마트 중 '편의점'을 판매·제공하는 매장,val,편의점,T1 정확표기,76e431ee-1f0b-429d-96b7-420d05d40699,153갤러리,의복,두암사거리 골목형상점가,골목형상점가,광주광역시,,,
cb6cd69f40db7d46fbde,full_annotation_v1,A,q_편의점_01,편의점,생활·마트 중 '편의점'을 판매·제공하는 매장,val,편의점,T1 정확표기,2ee5517b-59f3-4deb-8fc0-49bcf8874d1e,CU외대글로벌점,편의점,외대글로벌길 골목형상점가,골목형상점가,경기도,,,
0054eb4ee6a2a59c2404,full_annotation_v1,A,q_편의점_01,편의점,생활·마트 중 '편의점'을 판매·제공하는 매장,val,편의점,T1 정확표기,4d0d5ff3-d1e3-4f99-995a-ab125e18d239,지에스25자유시장점,편의점,원주자유시장,전통시장,강원특별자치도,,,
a5fe5f1c43a3db08e6cc,full_annotation_v1,A,q_편의점_01,편의점,생활·마트 중 '편의점'을 판매·제공하는 매장,val,편의점,T1 정확표기,e734717c-7370-4950-8142-9fdbcf1efa12,Gs25,편의점,옥천영춘 골목형상점가,골목형상점가,전라남도,,,
a9166fd78dd83557d80f,full_annotation_v1,A,q_편의점_01,편의점,생활·마트 중 '편의점'을 판매·제공하는 매장,val,편의점,T1 정확표기,3c4a2539-7dfa-4768-a3b1-093ff9a0eba7,씨유장대스토리점,편의점,장대동패션상가 골목형상점가,골목형상점가,대전광역시,,,
6b7fb8e7b27d85970576,full_annotation_v1,A,q_편의점_01,편의점,생활·마트 중 '편의점'을 판매·제공하는 매장,val,편의점,T1 정확표기,67e246e9-09f0-4556-aa8c-cfc097e5a380,세븐일레븐편의점,편의점,88글러브 골목형상점가,골목형상점가,대전광역시,,,
9d9d21a683b1b0052a3d,full_annotation_v1,A,q_편의점_01,편의점,생활·마트 중 '편의점'을 판매·제공하는 매장,val,편의점,T1 정확표기,01a0efe3-6970-4157-9177-c25358a4f8a6,유한회사 도민유통(와이마트),슈퍼마켓,용봉지구 골목형상점가,골목형상점가,광주광역시,,,
3849b68fa18b41ce8332,full_annotation_v1,A,q_편의점_01,편의점,생활·마트 중 '편의점'을 판매·제공하는 매장,val,편의점,T1 정확표기,1d2c609a-37d6-4073-b72a-91236a3d4ebe,지에스25문흥모아점,편의점,문흥동 골목형상점가,골목형상점가,광주광역시,,,
1fd750c707491ac1b483,full_annotation_v1,A,q_편의점_01,편의점,생활·마트 중 '편의점'을 판매·제공하는 매장,val,편의점,T1 정확표기,1f8b5fcf-5de7-42a2-99a4-d06732b0be4b,CU서문시장점,편의점,서문시장건해산물상가,전통시장,대구광역시,,,
71a3f7e9468d493d7f01,full_annotation_v1,A,q_편의점_01,편의점,생활·마트 중 '편의점'을 판매·제공하는 매장,val,편의점,T1 정확표기,9b067b75-2141-4fc1-a064-d0986c6dc263,세븐일레븐,편의점,두암1동행정복지센터주변 골목형상점가,골목형상점가,광주광역시,,,
45aa56a98df56477d20e,full_annotation_v1,A,q_편의점_01,편의점,생활·마트 중 '편의점'을 판매·제공하는 매장,val,편의점,T1 정확표기,43785cda-0f8f-4dc6-9358-c5f4d32a5c51,씨유산수에이스점,편의점,장원촌 골목형상점가,골목형상점가,광주광역시,,,
a3428d816b04abef49e5,full_annotation_v1,A,q_편의점_01,편의점,생활·마트 중 '편의점'을 판매·제공하는 매장,val,편의점,T1 정확표기,023e5716-7bdc-42c7-9c7e-a9a4f0f23a8b,이마트24 광주하남금호점,,한마음,골목형상점가,,,,
bce33fefc93b0e5792db,full_annotation_v1,A,q_편의점_01,편의점,생활·마트 중 '편의점'을 판매·제공하는 매장,val,편의점,T1 정확표기,474d1e82-32df-40a4-8698-fb3d35552ba3,emart24,편의점,임방울거리2구역 골목형상점가,골목형상점가,광주광역시,,,
003c5085b70d34d52c8e,full_annotation_v1,A,q_편의점_01,편의점,생활·마트 중 '편의점'을 판매·제공하는 매장,val,편의점,T1 정확표기,b2c5a280-dd58-4be9-90af-e072566b0545,섬진강,잡화,송정5일시장,전통시장,광주광역시,,,
9f5f7a019ae045088493,full_annotation_v1,A,q_편의점_01,편의점,생활·마트 중 '편의점'을 판매·제공하는 매장,val,편의점,T1 정확표기,02ab118f-aa08-483e-b7d3-93768e12c1be,이마트24옥정엠시티점,,파스텔시티2차상점가,골목형상점가,경기도,,,
d1b85de477f44edbb9cb,full_annotation_v1,A,q_편의점_01,편의점,생활·마트 중 '편의점'을 판매·제공하는 매장,val,편의점,T1 정확표기,72ce51d0-426b-42c9-b14f-5cbe565f2083,석양식당,양식,봉리단길골목형상점가,골목형상점가,서울특별시,,,
454e48e6862e21800463,full_annotation_v1,A,q_편의점_01,편의점,생활·마트 중 '편의점'을 판매·제공하는 매장,val,편의점,T1 정확표기,ec011a7f-6dba-4811-aa9a-b80c415e4c59,CU점촌역,편의점,점촌역전상점가,자율상권구역,경상북도,,,
02a85c0633c2a66cb05e,full_annotation_v1,A,q_편의점_01,편의점,생활·마트 중 '편의점'을 판매·제공하는 매장,val,편의점,T1 정확표기,e0d056f4-47ed-4661-a9f1-e06d3e6056ac,세븐일레븐,편의점,강원대학교후문골목형상점가,골목형상점가,강원특별자치도,,,
ab7182fef85bafd76a66,full_annotation_v1,A,q_편의점_01,편의점,생활·마트 중 '편의점'을 판매·제공하는 매장,val,편의점,T1 정확표기,88acd2dc-7a20-4162-804a-15e5555372f0,CU,편의점,프로방스 골목형상점가,골목형상점가,전라남도,,,
ae75c3efeff6f838ab7f,full_annotation_v1,A,q_편의점_01,편의점,생활·마트 중 '편의점'을 판매·제공하는 매장,val,편의점,T1 정확표기,d2771b5e-371b-4ee1-91ad-b74c00d9d847,GS25,편의점,중앙로 백운1동 골목형상점가,골목형상점가,광주광역시,,,
c72bf99a31f0ec0369e9,full_annotation_v1,A,q_편의점_01,편의점,생활·마트 중 '편의점'을 판매·제공하는 매장,val,편의점,T1 정확표기,f1dabe30-0af9-4118-8e95-a1110a68f5c0,씨유두류명동점,편의점,두류젊코상권,상권활성화구역,대구광역시,,,
d182b5f4dd524ab42342,full_annotation_v1,A,q_편의점_01,편의점,생활·마트 중 '편의점'을 판매·제공하는 매장,val,편의점,T1 정확표기,23bf18ec-9f0a-4b57-a60f-f48e19aa1e14,세븐일레븐월곡영천점,편의점,월곡1동 골목형상점가,골목형상점가,광주광역시,,,
a0e67c648447d3587ba4,full_annotation_v1,A,q_편의점_01,편의점,생활·마트 중 '편의점'을 판매·제공하는 매장,val,편의점,T1 정확표기,017a2c54-999b-4850-993e-cac5169d3aec,지에스25 원주황금점,편의점,혁신도시1구역골목형상점가,골목형상점가,강원특별자치도,,,
e68c61042682872f68ed,full_annotation_v1,A,q_편의점_01,편의점,생활·마트 중 '편의점'을 판매·제공하는 매장,val,편의점,T1 정확표기,e8e9c9ac-afdd-4b70-8bf7-78ec9775281c,프랜드편의점,편의점,발안만세시장(구 발안시장),전통시장,경기도,,,
791ba6bd591637150755,full_annotation_v1,A,q_편의점_01,편의점,생활·마트 중 '편의점'을 판매·제공하는 매장,val,편의점,T1 정확표기,3649476e-6cb0-48ae-8bed-26ee4fcb9512,씨유정읍역점,편의점,정읍연지상점가,자율상권구역,전북특별자치도,,,
58390a6c652becc52ad4,full_annotation_v1,A,q_편의점_01,편의점,생활·마트 중 '편의점'을 판매·제공하는 매장,val,편의점,T1 정확표기,ea8a403a-5b41-4492-8a4b-c79797e78966,씨유정읍인네점,편의점,정읍중앙로상점가,자율상권구역,전북특별자치도,,,
0e898ee0c306a7891a9c,full_annotation_v1,A,q_편의점_01,편의점,생활·마트 중 '편의점'을 판매·제공하는 매장,val,편의점,T1 정확표기,001906f9-c5ab-4432-9e3a-be3af3f08aeb,씨유 원주혁신점,편의점,혁신도시5구역골목형상점가,골목형상점가,강원특별자치도,,,
9cdc09ce06458aeaa119,full_annotation_v1,A,q_편의점_01,편의점,생활·마트 중 '편의점'을 판매·제공하는 매장,val,편의점,T1 정확표기,ff8cfdb5-2023-45a5-83f7-3171e2d27ff3,샐러디 불광역점,샐러드,불광먹자골목 골목형상점가,골목형상점가,서울특별시,,,
65ea9654321e746a83d0,full_annotation_v1,A,q_편의점_01,편의점,생활·마트 중 '편의점'을 판매·제공하는 매장,val,편의점,T1 정확표기,6c53ada8-c7b8-4bb3-97d9-0d14830c023f,emart24,편의점,죽녹원 북문 골목형상점가,골목형상점가,전라남도,,,
c2c2798bf84edde67c3c,full_annotation_v1,A,q_편의점_01,편의점,생활·마트 중 '편의점'을 판매·제공하는 매장,val,편의점,T1 정확표기,0988667a-cf9e-456b-8122-1d8b35160864,CU해남땅끝점,편의점,땅끝마을 상점가,골목형상점가,전라남도,,,
e948f2ae110bd1fcc49c,full_annotation_v1,A,q_편의점_01,편의점,생활·마트 중 '편의점'을 판매·제공하는 매장,val,편의점,T1 정확표기,ed0a54eb-475a-4dc2-9746-5a8c51700598,세븐일레븐,편의점,메트로센터(반월당지하쇼핑),일반지하상점가,대구광역시,,,
2b52502d90709d8284b3,full_annotation_v1,A,q_편의점_02,마트,생활·마트 중 '편의점'을 판매·제공하는 매장,val,편의점,T2 동의어,27e3d614-cdaa-4bf1-aa34-7977b2dd1928,보물마트,마트,역곡상상시장(구 역곡북부시장),전통시장,경기도,,,
91f67a8881f69df6b8cd,full_annotation_v1,A,q_편의점_02,마트,생활·마트 중 '편의점'을 판매·제공하는 매장,val,편의점,T2 동의어,374fa6e0-deb2-4a7c-b4e1-0a9825641d51,궁동할인마트,마트,오류골먹자골목 골목형상점가,골목형상점가,서울특별시,,,
f7460072302e4aa4b075,full_annotation_v1,A,q_편의점_02,마트,생활·마트 중 '편의점'을 판매·제공하는 매장,val,편의점,T2 동의어,001906f9-c5ab-4432-9e3a-be3af3f08aeb,씨유 원주혁신점,편의점,혁신도시5구역골목형상점가,골목형상점가,강원특별자치도,,,
493718eaa3325f6c7939,full_annotation_v1,A,q_편의점_02,마트,생활·마트 중 '편의점'을 판매·제공하는 매장,val,편의점,T2 동의어,debf07ff-545a-47f1-b562-d778d37500be,드림마트,마트,금부로상인회 골목형상점가,골목형상점가,광주광역시,,,
0c829df70a2ad0f9b8fa,full_annotation_v1,A,q_편의점_02,마트,생활·마트 중 '편의점'을 판매·제공하는 매장,val,편의점,T2 동의어,18887c32-91d9-4e85-a65b-6e503636d274,시장마트,마트,익산중앙시장,전통시장,전북특별자치도,,,
a6b6dafdc894ddf81eac,full_annotation_v1,A,q_편의점_02,마트,생활·마트 중 '편의점'을 판매·제공하는 매장,val,편의점,T2 동의어,18077e07-f230-44d6-a812-d76984d3ed5a,인이네옷장,아동복여성복,공주산성시장,전통시장,충청남도,,,
27a0b9e13080eb4f8f9d,full_annotation_v1,A,q_편의점_02,마트,생활·마트 중 '편의점'을 판매·제공하는 매장,val,편의점,T2 동의어,f3f220bc-0e3d-4f32-9e5a-f98946bb50ec,디-마트,,미원전통시장,기타,충청북도,,,
4d9bbcf55501fec99bb2,full_annotation_v1,A,q_편의점_02,마트,생활·마트 중 '편의점'을 판매·제공하는 매장,val,편의점,T2 동의어,1b08e179-53b0-4806-bfde-a5da33aa5e1e,너프너프,양식,구미 금리단길 골목형상점가,골목형상점가,경상북도,,,
c41113149b6e5f29296d,full_annotation_v1,A,q_편의점_02,마트,생활·마트 중 '편의점'을 판매·제공하는 매장,val,편의점,T2 동의어,562c9b4e-0868-462b-9094-7c074db2c6eb,탑플러스마트,마트,대왕암 월봉시장,전통시장,울산광역시,,,
4bfaf6cc1ef8b5e76ea1,full_annotation_v1,A,q_편의점_02,마트,생활·마트 중 '편의점'을 판매·제공하는 매장,val,편의점,T2 동의어,748ab80d-40eb-4130-866b-46e33662d702,홈마트,마트,비아로 골목형상점가,골목형상점가,광주광역시,,,
3b00a5ebda3b09255482,full_annotation_v1,A,q_편의점_02,마트,생활·마트 중 '편의점'을 판매·제공하는 매장,val,편의점,T2 동의어,85e9fe0c-f574-4679-827f-7688b75c3aff,중리할인마트,마트,중리시장,전통시장,대전광역시,,,
340c36a75feb3841f449,full_annotation_v1,A,q_편의점_02,마트,생활·마트 중 '편의점'을 판매·제공하는 매장,val,편의점,T2 동의어,a9f3b976-2f06-4811-8973-e7fba8ab8c18,칸마트,마트,수정전통시장,전통시장,부산광역시,,,
978cabe8a15abe4478de,full_annotation_v1,A,q_편의점_02,마트,생활·마트 중 '편의점'을 판매·제공하는 매장,val,편의점,T2 동의어,b1ba5e9a-d3f9-4dc4-ab86-df3050342abc,동양마트,마트,광주대 골목형상점가,골목형상점가,광주광역시,,,
5ecb71e1737a1528587e,full_annotation_v1,A,q_편의점_02,마트,생활·마트 중 '편의점'을 판매·제공하는 매장,val,편의점,T2 동의어,104c6b5c-70a9-40bf-a11f-4e99b1ded440,명성슈퍼,마트,봉선중앙로 골목형상점가,골목형상점가,광주광역시,,,
f5769fc5befb6914434f,full_annotation_v1,A,q_편의점_02,마트,생활·마트 중 '편의점'을 판매·제공하는 매장,val,편의점,T2 동의어,0c2c2ca0-e8c5-40bf-bc2a-a3b2d7e7f0b8,관광마트,마트,신진항 골목형상점가,골목형상점가,충청남도,,,
eb71e923655012f11f2e,full_annotation_v1,A,q_편의점_02,마트,생활·마트 중 '편의점'을 판매·제공하는 매장,val,편의점,T2 동의어,73d9d869-72b2-4427-9b69-6f2b5479d168,한성마트,마트,평창올림픽시장(평창전통시장),전통시장,강원특별자치도,,,
1bc2f653df34a8e1882a,full_annotation_v1,A,q_편의점_02,마트,생활·마트 중 '편의점'을 판매·제공하는 매장,val,편의점,T2 동의어,aa0639e2-a438-4299-8cfd-94e48d7c3d76,군포역전시장마트,마트,군포역전전통시장,전통시장,경기도,,,
f0ff8afb41725eb8a228,full_annotation_v1,A,q_편의점_02,마트,생활·마트 중 '편의점'을 판매·제공하는 매장,val,편의점,T2 동의어,8e60b1b6-eff5-45cd-8a5e-b715fbe6e1fb,진로마트,마트,도봉산옛길골목형상점가,골목형상점가,서울특별시,,,
3658ecc34f42f4d710d2,full_annotation_v1,A,q_편의점_02,마트,생활·마트 중 '편의점'을 판매·제공하는 매장,val,편의점,T2 동의어,01ca51d4-ae25-4b4f-86b6-d8461d581a02,영광슈퍼,소매업(슈퍼),신원시장,전통시장,서울특별시,,,
2ab1d9c08711d6baf055,full_annotation_v1,A,q_편의점_02,마트,생활·마트 중 '편의점'을 판매·제공하는 매장,val,편의점,T2 동의어,64055e05-8be9-42b5-a6f3-406cfcf145ac,굿마트,마트,가수원상점가,자율상권구역,대전광역시,,,
dd85220a191154386c77,full_annotation_v1,A,q_편의점_02,마트,생활·마트 중 '편의점'을 판매·제공하는 매장,val,편의점,T2 동의어,f1b63468-aab6-4e94-8494-993003779c57,자이마트,마트,민락골목시장,전통시장,부산광역시,,,
3fdd75400998f6a10ee9,full_annotation_v1,A,q_편의점_02,마트,생활·마트 중 '편의점'을 판매·제공하는 매장,val,편의점,T2 동의어,0e60433e-5370-404f-89ac-6a8781407eb4,우리마트,마트,일신시장(舊 부일종합시장),전통시장,인천광역시,,,
8c73be11444f5ecbfa02,full_annotation_v1,A,q_편의점_02,마트,생활·마트 중 '편의점'을 판매·제공하는 매장,val,편의점,T2 동의어,ef07de58-ff7e-47c8-a687-8152d55a0d41,경남상회,마트,고성시장,전통시장,경상남도,,,
5eef1b4026b83a349f91,full_annotation_v1,A,q_편의점_02,마트,생활·마트 중 '편의점'을 판매·제공하는 매장,val,편의점,T2 동의어,49e17e42-e1b5-4d8a-93b2-b6169d389947,삼호마트,마트,"일곡동(제8지역:롯데,벽산,동아,삼호,월드스파)",골목형상점가,광주광역시,,,
2d2ab683fb043d391671,full_annotation_v1,A,q_편의점_02,마트,생활·마트 중 '편의점'을 판매·제공하는 매장,val,편의점,T2 동의어,5836065f-6522-4c9b-817c-a5371854771e,어라운드가든,남성의류,첨단시리단길,골목형상점가,광주광역시,,,
804b310f4ef0f72bbe94,full_annotation_v1,A,q_편의점_02,마트,생활·마트 중 '편의점'을 판매·제공하는 매장,val,편의점,T2 동의어,42de9b6f-6ee8-4620-b1dd-340c0de13780,드림콘서트노래연습장,노래연습장,월드상가골목형상점가,골목형상점가,인천광역시,,,
80bd8fea342907eca5ed,full_annotation_v1,A,q_편의점_02,마트,생활·마트 중 '편의점'을 판매·제공하는 매장,val,편의점,T2 동의어,230f017b-c3e5-487d-b967-ce27ff1ce7e9,진성마트,마트,장안마실골목형상점가,골목형상점가,서울특별시,,,
96d73e94d99625701c14,full_annotation_v1,A,q_편의점_02,마트,생활·마트 중 '편의점'을 판매·제공하는 매장,val,편의점,T2 동의어,1f679bc8-efab-4d97-9838-801f15b5bc60,디씨마트,마트,통진시장,전통시장,경기도,,,
7fd28cbb008b3ef7a8dd,full_annotation_v1,A,q_편의점_02,마트,생활·마트 중 '편의점'을 판매·제공하는 매장,val,편의점,T2 동의어,bd10d6f1-bc72-47c8-83b6-71eb90082367,정일DC마트,마트,안양중앙인정시장,전통시장,경기도,,,
281fb0133a0ab626431e,full_annotation_v1,A,q_편의점_02,마트,생활·마트 중 '편의점'을 판매·제공하는 매장,val,편의점,T2 동의어,a48728a6-de7c-4753-afd7-90ec6ab890e0,대경마트,마트,수성현대시장,전통시장,대구광역시,,,
94c423fab32dda0d68a2,full_annotation_v1,A,q_편의점_02,마트,생활·마트 중 '편의점'을 판매·제공하는 매장,val,편의점,T2 동의어,25f41181-bb6a-4b83-8912-30aefe0e52a7,진마트,마트,무안전통시장,전통시장,전라남도,,,
98803268a82e47cffcf8,full_annotation_v1,A,q_편의점_02,마트,생활·마트 중 '편의점'을 판매·제공하는 매장,val,편의점,T2 동의어,003683a7-fde1-46b0-8421-08210268e2b0,이마트24 광주일곡엘리체점,,삼각동 골목형상점가,골목형상점가,,,,
da26e4beb204415772c6,full_annotation_v1,A,q_편의점_02,마트,생활·마트 중 '편의점'을 판매·제공하는 매장,val,편의점,T2 동의어,5aef2612-98fa-46ea-bfc0-1213f85260a9,당산할인마트,마트,당산이음 골목형상점가,골목형상점가,서울특별시,,,
53d0873a53d44b387643,full_annotation_v1,A,q_편의점_02,마트,생활·마트 중 '편의점'을 판매·제공하는 매장,val,편의점,T2 동의어,00242042-f371-486a-a1fc-b85de093edbf,슈올즈 이천점,"신발, 잡화",장터거리시장 골목형상점가,골목형상점가,경기도,,,
570d6164783366514a4b,full_annotation_v1,A,q_편의점_02,마트,생활·마트 중 '편의점'을 판매·제공하는 매장,val,편의점,T2 동의어,af38492c-e693-4172-ab75-94f2679589c1,쿨 마트,,갈리단길 골목형상점가,골목형상점가,대전광역시,,,
362cc6af8830752138fe,full_annotation_v1,A,q_편의점_02,마트,생활·마트 중 '편의점'을 판매·제공하는 매장,val,편의점,T2 동의어,8c3f9737-290d-4576-b455-77fce0907831,세종 케이(K) - 마트,마트,고운동상점가,자율상권구역,세종특별자치시,,,
5f9697c8aac39e9cde56,full_annotation_v1,A,q_편의점_02,마트,생활·마트 중 '편의점'을 판매·제공하는 매장,val,편의점,T2 동의어,bf489167-bae8-4d85-906b-e2dae878eac7,대흥마트,마트,영등포구청역 3번출구 골목형상점가,골목형상점가,서울특별시,,,
f2447819205efcf0675f,full_annotation_v1,A,q_편의점_02,마트,생활·마트 중 '편의점'을 판매·제공하는 매장,val,편의점,T2 동의어,a237a730-6570-42a4-bfa6-c2758cb783ee,수내닭꼬치신흥점,닭꼬치,산성로 상권활성화구역,상권활성화구역,경기도,,,
f77263fa30dce9d375e0,full_annotation_v1,A,q_편의점_02,마트,생활·마트 중 '편의점'을 판매·제공하는 매장,val,편의점,T2 동의어,c9987f24-6572-4e32-850c-f48293cf0875,아시아마트,마트,전주신중앙시장(구 중앙버드나무시장),전통시장,전북특별자치도,,,
51de47242a10bab53564,full_annotation_v1,A,q_편의점_02,마트,생활·마트 중 '편의점'을 판매·제공하는 매장,val,편의점,T2 동의어,c6c348ac-1950-4880-a575-fac62b94e061,유명마트,마트,전주모래내시장,전통시장,전북특별자치도,,,
81c6791cbfac51249458,full_annotation_v1,A,q_편의점_02,마트,생활·마트 중 '편의점'을 판매·제공하는 매장,val,편의점,T2 동의어,28918cdf-8e06-4da7-b653-70aee863ecb6,에덴마트,마트,챔피언스거리 골목형상점가,골목형상점가,광주광역시,,,
acaa9aff20809e0ed20f,full_annotation_v1,A,q_편의점_02,마트,생활·마트 중 '편의점'을 판매·제공하는 매장,val,편의점,T2 동의어,bb4cd6f2-0f3c-467c-a9f4-4820bf8ca759,금성상회,잡화,통영 서호전통시장,전통시장,경상남도,,,
e953524657c6f7ee132a,full_annotation_v1,A,q_편의점_02,마트,생활·마트 중 '편의점'을 판매·제공하는 매장,val,편의점,T2 동의어,95037a01-836c-4dac-be6d-55cb875625d8,신동방마트,마트,전하이편한세상2단지 골목형상점가,골목형상점가,울산광역시,,,
a82401bdcc1871375bc3,full_annotation_v1,A,q_편의점_02,마트,생활·마트 중 '편의점'을 판매·제공하는 매장,val,편의점,T2 동의어,7810ac1b-53cc-43c5-998f-91e61ae2ee31,아시아마트,마트,사천 삼천포중앙시장,전통시장,경상남도,,,
bcfa64075697d58534ad,full_annotation_v1,A,q_편의점_02,마트,생활·마트 중 '편의점'을 판매·제공하는 매장,val,편의점,T2 동의어,df9f3163-e5f7-4100-9389-c0a875f9703f,아시아마트,마트,사천읍시장,전통시장,경상남도,,,
294c13ee0473c24455c0,full_annotation_v1,A,q_편의점_02,마트,생활·마트 중 '편의점'을 판매·제공하는 매장,val,편의점,T2 동의어,d2ad03bf-7f20-4dce-82a3-e0b635f2f7ea,그린마트,마트,우수영 골목형상점가,골목형상점가,전라남도,,,
b793ac8951536c04e9ee,full_annotation_v1,A,q_편의점_02,마트,생활·마트 중 '편의점'을 판매·제공하는 매장,val,편의점,T2 동의어,01082ac2-3d28-417c-8311-62a9095208e5,신라정선,슈퍼,남부골목시장,전통시장,서울특별시,,,
a9627c2fa130572ebf38,full_annotation_v1,A,q_편의점_02,마트,생활·마트 중 '편의점'을 판매·제공하는 매장,val,편의점,T2 동의어,362f9bc5-aa9a-4349-98b8-50abdc2419be,비나마트,마트,성서와룡시장,전통시장,대구광역시,,,
dd185fa3acc20afd6795,full_annotation_v1,A,q_편의점_02,마트,생활·마트 중 '편의점'을 판매·제공하는 매장,val,편의점,T2 동의어,a379d954-174b-4c49-9e32-6268652b3da9,에스마트,마트,창동골목시장,전통시장,서울특별시,,,
380b9bf1e909a4d9e629,full_annotation_v1,A,q_편의점_02,마트,생활·마트 중 '편의점'을 판매·제공하는 매장,val,편의점,T2 동의어,7e5065a3-9695-4429-9f9b-68d25cd50835,나나마트옥동점,마트,평동 골목형상점가,골목형상점가,광주광역시,,,
243106245381376d0aeb,full_annotation_v1,A,q_편의점_02,마트,생활·마트 중 '편의점'을 판매·제공하는 매장,val,편의점,T2 동의어,01790f65-6bd3-405b-9ef4-493889531486,세븐일레븐자양으뜸2호점,편의점,자양로13길골목형상점가,골목형상점가,서울특별시,,,
38d60f2a4f9d586c4f96,full_annotation_v1,A,q_편의점_02,마트,생활·마트 중 '편의점'을 판매·제공하는 매장,val,편의점,T2 동의어,122ff1d2-2882-4a39-8d0c-782dacefd62c,우림시장식자재마트,마트,우림골목시장,전통시장,서울특별시,,,
a3a4d2112559bf713a11,full_annotation_v1,A,q_편의점_02,마트,생활·마트 중 '편의점'을 판매·제공하는 매장,val,편의점,T2 동의어,0054b824-eb72-4efa-a1ba-40d467c899a5,수정상회,잡화,중앙전통시장,전통시장,울산광역시,,,
6d9c4abee5263afaa7b9,full_annotation_v1,A,q_편의점_02,마트,생활·마트 중 '편의점'을 판매·제공하는 매장,val,편의점,T2 동의어,a44296aa-8738-4de2-9a98-9df9b54361f4,월드마트,마트,남현동예술인마을골목형상점가,골목형상점가,서울특별시,,,
a8b253f72cf3b7af9a1b,full_annotation_v1,A,q_편의점_02,마트,생활·마트 중 '편의점'을 판매·제공하는 매장,val,편의점,T2 동의어,a53d1b09-36e6-4e17-8d41-135a77785f1a,우리마트,마트,신금호역골목형상점가,골목형상점가,서울특별시,,,
7f024cc64e7cf9905b4d,full_annotation_v1,A,q_편의점_02,마트,생활·마트 중 '편의점'을 판매·제공하는 매장,val,편의점,T2 동의어,d0fdb0cf-809d-4253-bfad-e42b995a4323,시장마트,마트,녹동전통시장,전통시장,전라남도,,,
4b2585d9ddfe8185bb1a,full_annotation_v1,A,q_편의점_02,마트,생활·마트 중 '편의점'을 판매·제공하는 매장,val,편의점,T2 동의어,006f9082-b590-49e3-baf4-f72dc203a510,CU풍암주은모아점,편의점,풍암당산상인회 골목형상점가,골목형상점가,광주광역시,,,
56f1d742ee1dc22734e0,full_annotation_v1,A,q_편의점_02,마트,생활·마트 중 '편의점'을 판매·제공하는 매장,val,편의점,T2 동의어,f7fcfdaf-a4ab-4f70-935d-9802c173fc3a,홈마트,마트,88글러브 골목형상점가,골목형상점가,대전광역시,,,
5123b0dd09c3485d4bbf,full_annotation_v1,A,q_편의점_02,마트,생활·마트 중 '편의점'을 판매·제공하는 매장,val,편의점,T2 동의어,46992d2e-b426-4532-a4cb-f1df9b0da06c,우리들마트,마트,영도봉래시장,전통시장,부산광역시,,,
270a35fb2a4841090379,full_annotation_v1,A,q_편의점_02,마트,생활·마트 중 '편의점'을 판매·제공하는 매장,val,편의점,T2 동의어,ca5f5bf6-1cd4-48d9-ae4c-4440dff74009,골드마트,마트,만리시장,전통시장,서울특별시,,,
a3103e4b31d0cd376060,full_annotation_v1,A,q_편의점_02,마트,생활·마트 중 '편의점'을 판매·제공하는 매장,val,편의점,T2 동의어,8cbbff68-6ed3-499a-8c58-2e5fb093ecc2,금메달 마트,마트,두암타운 골목형상점가,골목형상점가,광주광역시,,,
02b2c963b27fadfcc413,full_annotation_v1,A,q_편의점_02,마트,생활·마트 중 '편의점'을 판매·제공하는 매장,val,편의점,T2 동의어,71ae83af-fe0b-4a18-a802-8200ffa26a9a,대우홈마트,마트,신성전통시장,전통시장,서울특별시,,,
6cbf8d1f28b330ca289e,full_annotation_v1,A,q_편의점_02,마트,생활·마트 중 '편의점'을 판매·제공하는 매장,val,편의점,T2 동의어,15197e76-4801-42d8-8838-1a05f510991f,이마트24 첨단에디케어점,편의점품목,첨단하나로,골목형상점가,광주광역시,,,
cd5cf5aa3f4a2afdd730,full_annotation_v1,A,q_편의점_02,마트,생활·마트 중 '편의점'을 판매·제공하는 매장,val,편의점,T2 동의어,26d682c2-b995-4cc2-bebc-c1ba2de8a09e,경북마트,마트,지동시장,전통시장,경기도,,,
d4c16b4cd267b2f11309,full_annotation_v1,A,q_편의점_02,마트,생활·마트 중 '편의점'을 판매·제공하는 매장,val,편의점,T2 동의어,fb9b76aa-18e3-41f3-8664-a4b5573dd864,장안마트,마트,무안전통시장,전통시장,,,,
046406c5f0571783df51,full_annotation_v1,A,q_편의점_02,마트,생활·마트 중 '편의점'을 판매·제공하는 매장,val,편의점,T2 동의어,cb37f75c-2b50-4463-8eac-bf649315271e,홈마트,마트,광양매일시장(광양상설시장),전통시장,전라남도,,,
5cf51cf4f0e49baa020f,full_annotation_v1,A,q_편의점_02,마트,생활·마트 중 '편의점'을 판매·제공하는 매장,val,편의점,T2 동의어,b2d699d2-2ee4-4a24-851c-3b334521d484,신우림서점,서적 문구용품,포항 대이상가 골목형상점가,골목형상점가,경상북도,,,
73be75ea55e9c87c70e7,full_annotation_v1,A,q_편의점_02,마트,생활·마트 중 '편의점'을 판매·제공하는 매장,val,편의점,T2 동의어,72f29181-8fb0-4d54-aea8-70a28d9b0b15,부산상회,마트,충무동골목시장,전통시장,부산광역시,,,
5fab279d2f869a592316,full_annotation_v1,A,q_편의점_02,마트,생활·마트 중 '편의점'을 판매·제공하는 매장,val,편의점,T2 동의어,ad00904e-c052-4998-a590-13c58fdb1965,부산마트,마트,경산공설시장,전통시장,경상북도,,,
1f60ae03644878f8647d,full_annotation_v1,A,q_편의점_02,마트,생활·마트 중 '편의점'을 판매·제공하는 매장,val,편의점,T2 동의어,4be9ca0a-458d-4a38-a556-36a4d4dfa2e3,뉴킹마트,마트,거제 상동 골목형상점가,골목형상점가,경상남도,,,
88a3cc776d43337ed878,full_annotation_v1,A,q_편의점_02,마트,생활·마트 중 '편의점'을 판매·제공하는 매장,val,편의점,T2 동의어,7e9e71d0-6835-401a-9a5e-829b95d23236,선화인삼사,인삼제품,풍기선비골인삼시장,전통시장,경상북도,,,
e4d18f8723d88b2af2eb,full_annotation_v1,A,q_편의점_02,마트,생활·마트 중 '편의점'을 판매·제공하는 매장,val,편의점,T2 동의어,32da6e08-efb3-460e-b9f8-3408d1dcb500,퀸마트,마트,진보전통시장,전통시장,경상북도,,,
5c0e0c3b3fe1adba06d9,full_annotation_v1,A,q_편의점_02,마트,생활·마트 중 '편의점'을 판매·제공하는 매장,val,편의점,T2 동의어,f6bbca97-abc4-4d09-aa8e-776f7b115cb8,디시마트,마트,중앙식료시장(중앙먹통시장),전통시장,전라남도,,,
4efed4e2bf2a676f1045,full_annotation_v1,A,q_편의점_02,마트,생활·마트 중 '편의점'을 판매·제공하는 매장,val,편의점,T2 동의어,c758bb2d-6ce7-4413-bacf-e5fc5f5b25bf,그린마트,마트,쌍문시장(쌍문역골목시장),전통시장,서울특별시,,,
a81ae9dab7f5cef3a089,full_annotation_v1,A,q_편의점_02,마트,생활·마트 중 '편의점'을 판매·제공하는 매장,val,편의점,T2 동의어,acced4c3-7fd2-4769-b679-1daae73871ba,세용마트,마트,대신시장,전통시장,부산광역시,,,
09e6b73c6be8a068552b,full_annotation_v1,A,q_편의점_02,마트,생활·마트 중 '편의점'을 판매·제공하는 매장,val,편의점,T2 동의어,003747e4-8102-4296-bfdf-b7ca7c1f83fa,평화잡화,잡화,부산평화시장,전통시장,부산광역시,,,
f0fe8ab8424854f9d88c,full_annotation_v1,A,q_편의점_02,마트,생활·마트 중 '편의점'을 판매·제공하는 매장,val,편의점,T2 동의어,14dc5002-7fc4-464f-9adb-5197f39d3b4c,알마트,마트,강구시장,전통시장,경상북도,,,
dd3a30de7d0b3914a36b,full_annotation_v1,A,q_편의점_02,마트,생활·마트 중 '편의점'을 판매·제공하는 매장,val,편의점,T2 동의어,0f43307b-d30c-4f6a-9300-f563cadbb40d,하남유통마트,마트,우산매일시장,전통시장,광주광역시,,,
f7153ac12bc179c2d86c,full_annotation_v1,A,q_편의점_02,마트,생활·마트 중 '편의점'을 판매·제공하는 매장,val,편의점,T2 동의어,400f9e07-f493-4624-8363-83d8983c3d25,대덕도매마트,마트,대전정원시장,전통시장,대전광역시,,,
aa7c4ba347ef9d5f2f54,full_annotation_v1,A,q_편의점_02,마트,생활·마트 중 '편의점'을 판매·제공하는 매장,val,편의점,T2 동의어,aa02974c-a74b-43c3-bb54-f8105fc7d193,킹마트,마트,성서중심시장(성서시장문화의거리 통합),전통시장,충청북도,,,
3b71d1e188d8f658dd96,full_annotation_v1,A,q_편의점_02,마트,생활·마트 중 '편의점'을 판매·제공하는 매장,val,편의점,T2 동의어,700843fb-b514-4517-8af9-dcf37fcf909f,현대마트,마트,용인중앙시장,전통시장,경기도,,,
36c0e95725f3230e69b2,full_annotation_v1,A,q_편의점_02,마트,생활·마트 중 '편의점'을 판매·제공하는 매장,val,편의점,T2 동의어,bc091edd-96e6-4cbf-a173-1fb13101f13f,S. M. 마트,마트,동림동 골목형상점가,골목형상점가,광주광역시,,,
be1de69a503f4e5fa896,full_annotation_v1,A,q_편의점_02,마트,생활·마트 중 '편의점'을 판매·제공하는 매장,val,편의점,T2 동의어,01a0efe3-6970-4157-9177-c25358a4f8a6,유한회사 도민유통(와이마트),슈퍼마켓,용봉지구 골목형상점가,골목형상점가,광주광역시,,,
3becbef9dcb6d18cb14a,full_annotation_v1,A,q_편의점_02,마트,생활·마트 중 '편의점'을 판매·제공하는 매장,val,편의점,T2 동의어,bdf630a2-211e-4f0a-8e68-ad2a77cc8a9c,한솔약국,의약품,조암시장,전통시장,경기도,,,
c59b89e6479584ee3cd4,full_annotation_v1,A,q_편의점_02,마트,생활·마트 중 '편의점'을 판매·제공하는 매장,val,편의점,T2 동의어,7a91e589-362d-47ca-a147-1916a491ffb6,헬로우 마트,마트,삼성면 원도심 자율상권구역,상권활성화구역,충청북도,,,
ed902b414b43e175846a,full_annotation_v1,A,q_편의점_02,마트,생활·마트 중 '편의점'을 판매·제공하는 매장,val,편의점,T2 동의어,c7ee054d-14b5-4a2a-82c8-1ca38892229f,하누리 식자재 마트,마트,연일전통시장,전통시장,경상북도,,,
4f8f3309868ccf778cd7,full_annotation_v1,A,q_편의점_02,마트,생활·마트 중 '편의점'을 판매·제공하는 매장,val,편의점,T2 동의어,41a44ad1-050a-4b87-afd7-28ee50417d51,㈜태양유통,마트,약수시장골목형상점가,골목형상점가,서울특별시,,,
ba8f66b439c4e0b65542,full_annotation_v1,A,q_편의점_02,마트,생활·마트 중 '편의점'을 판매·제공하는 매장,val,편의점,T2 동의어,003d5df8-0856-45e0-a11e-5098cf70541e,앨리스리본&공방,"공방, 잡화",봉화내성시장,전통시장,경상북도,,,
c0e54b92d986b69263d6,full_annotation_v1,A,q_편의점_02,마트,생활·마트 중 '편의점'을 판매·제공하는 매장,val,편의점,T2 동의어,0015ea0b-d565-4d75-bbfb-1198daeb0b0c,나이스마트청라자이점,,청라언덕 골목형상점가,골목형상점가,대구광역시,,,
5a5254d4560d7e46f613,full_annotation_v1,A,q_편의점_02,마트,생활·마트 중 '편의점'을 판매·제공하는 매장,val,편의점,T2 동의어,b4644053-6acc-4b0c-a1ec-9f939010733b,현대 일등 마트,마트,강진읍 상권활성화구역,상권활성화구역,전라남도,,,
c14706db61b8e56072de,full_annotation_v1,A,q_편의점_02,마트,생활·마트 중 '편의점'을 판매·제공하는 매장,val,편의점,T2 동의어,023e5716-7bdc-42c7-9c7e-a9a4f0f23a8b,이마트24 광주하남금호점,,한마음,골목형상점가,,,,
c113e806effde716a17f,full_annotation_v1,A,q_편의점_02,마트,생활·마트 중 '편의점'을 판매·제공하는 매장,val,편의점,T2 동의어,8119d5f7-ebad-4432-96b0-32b7a1c6facd,성대지마트,마트,성대건물시장,전통시장,서울특별시,,,
cf7bd087398a3f898e8c,full_annotation_v1,A,q_편의점_02,마트,생활·마트 중 '편의점'을 판매·제공하는 매장,val,편의점,T2 동의어,3491abcb-c1ed-4257-ba73-e782b5be858d,장성슈퍼,마트,강북북부골목시장 골목형상점가,골목형상점가,서울특별시,,,
87bae97ff0a6e019b49c,full_annotation_v1,A,q_편의점_02,마트,생활·마트 중 '편의점'을 판매·제공하는 매장,val,편의점,T2 동의어,e300db61-34f6-49b3-8fa3-e9308741ab2e,그린마트,마트,월산4동 골목형상점가,골목형상점가,광주광역시,,,
fce4cbdb34b7bd738b7d,full_annotation_v1,A,q_편의점_02,마트,생활·마트 중 '편의점'을 판매·제공하는 매장,val,편의점,T2 동의어,505c33f9-7a19-4462-adb4-4421e3ba2c74,동원마트,마트,우림골목시장,전통시장,서울특별시,,,
f8dec50ed74e9b82aa85,full_annotation_v1,A,q_편의점_02,마트,생활·마트 중 '편의점'을 판매·제공하는 매장,val,편의점,T2 동의어,653b3134-04aa-4f7f-912e-5d610964d461,대륙마트,마트,마포시장,전통시장,서울특별시,,,
8ffb61ed3e54e5071c85,full_annotation_v1,A,q_편의점_02,마트,생활·마트 중 '편의점'을 판매·제공하는 매장,val,편의점,T2 동의어,716b424f-5a70-479e-bbdb-6eb536bbb680,대들보함흥면옥,한식,백년소상공인,기타,대전광역시,,,
4cdd614f933a9fdca974,full_annotation_v1,A,q_편의점_02,마트,생활·마트 중 '편의점'을 판매·제공하는 매장,val,편의점,T2 동의어,9d12d102-59e0-4663-b4c8-4ef131a8a6f2,아시아 마트,,진보전통시장,전통시장,경상북도,,,
44af404bed5c6e733bda,full_annotation_v1,A,q_편의점_02,마트,생활·마트 중 '편의점'을 판매·제공하는 매장,val,편의점,T2 동의어,bb105237-b61f-4a96-bf6a-be9fe41a48ce,금주네식당,한식,양정 골목형상점가,골목형상점가,울산광역시,,,
da659581b296d3e4ea6c,full_annotation_v1,A,q_편의점_02,마트,생활·마트 중 '편의점'을 판매·제공하는 매장,val,편의점,T2 동의어,3386bf00-7c8d-41b5-908c-26f00731fd3b,대백마트반야월점,마트,목련시장,전통시장,대구광역시,,,
f7e8059b1404d98fef2f,full_annotation_v1,A,q_편의점_02,마트,생활·마트 중 '편의점'을 판매·제공하는 매장,val,편의점,T2 동의어,859f92b6-3f2e-4f3e-9496-d02696982841,사당시장마트,마트,사당시장,전통시장,서울특별시,,,
f01002c967d7739fcb46,full_annotation_v1,A,q_편의점_02,마트,생활·마트 중 '편의점'을 판매·제공하는 매장,val,편의점,T2 동의어,72d16c53-7380-4d56-8d69-d34b55e24dca,송월알짜마트,마트,차이나타운로 상점가,자율상권구역,인천광역시,,,
258bf0d3adc88699d7b4,full_annotation_v1,A,q_편의점_02,마트,생활·마트 중 '편의점'을 판매·제공하는 매장,val,편의점,T2 동의어,5a476853-c1f1-4daf-908a-17e93f487d83,해태마트,마트,담양중앙3번가 골목형상점가,골목형상점가,전라남도,,,
2b1c99862da33f770ed2,full_annotation_v1,A,q_편의점_02,마트,생활·마트 중 '편의점'을 판매·제공하는 매장,val,편의점,T2 동의어,febca622-334a-427b-abf0-0c7dd96aeb1b,아시아마트,마트,호계공설시장,전통시장,울산광역시,,,
44b9e92fb636884f9876,full_annotation_v1,A,q_편의점_02,마트,생활·마트 중 '편의점'을 판매·제공하는 매장,val,편의점,T2 동의어,8cccd6a6-a39f-40e4-88d8-8f5f4763b57f,우리마트,마트,중앙선어시장,전통시장,전라남도,,,
a8bc2c9fb6e20080cf14,full_annotation_v1,A,q_편의점_02,마트,생활·마트 중 '편의점'을 판매·제공하는 매장,val,편의점,T2 동의어,678cff8d-766c-46bc-ada3-078497827105,디씨마트,마트,원미종합시장,전통시장,경기도,,,
8cf0c7ba493048ab52ac,full_annotation_v1,A,q_편의점_02,마트,생활·마트 중 '편의점'을 판매·제공하는 매장,val,편의점,T2 동의어,174993f5-654e-4b81-9069-f4278a701d9b,아시아마트,마트,고성시장,전통시장,경상남도,,,
aca8bf5a225aa419846d,full_annotation_v1,A,q_편의점_02,마트,생활·마트 중 '편의점'을 판매·제공하는 매장,val,편의점,T2 동의어,01d01063-d46f-4d55-991f-bd03c55392f8,씨유 사상중흥센터,편의점,중흥 골목형상점가,골목형상점가,부산광역시,,,
96f17f4718278d0be102,full_annotation_v1,A,q_편의점_02,마트,생활·마트 중 '편의점'을 판매·제공하는 매장,val,편의점,T2 동의어,01b2c972-f367-47e6-b3d2-11585175a7c1,명동슈퍼,슈퍼,신대방1동온누리길골목형상점가,골목형상점가,서울특별시,,,
6cf8b4a5508f2fe09273,full_annotation_v1,A,q_편의점_02,마트,생활·마트 중 '편의점'을 판매·제공하는 매장,val,편의점,T2 동의어,0127440f-2d8b-45f0-b518-a19665d3d5a8,나들가게서교하이퍼,소매(슈퍼),서교시장,전통시장,서울특별시,,,
baf54bac39a69e368a42,full_annotation_v1,A,q_편의점_02,마트,생활·마트 중 '편의점'을 판매·제공하는 매장,val,편의점,T2 동의어,e155a103-3e56-45de-beca-04f56dace7e8,싸다김밥 대전둔산점,분식,둔산2동 골목형상점가,골목형상점가,대전광역시,,,
c2cbae2da83a57fe6327,full_annotation_v1,A,q_편의점_02,마트,생활·마트 중 '편의점'을 판매·제공하는 매장,val,편의점,T2 동의어,9bba9c8e-d5d9-4571-868a-2d8ca9cda2bd,우성굿모닝마트,마트,전주우성타운 골목형상점가,골목형상점가,전북특별자치도,,,
aba5ea9b3b95a4175c43,full_annotation_v1,A,q_편의점_02,마트,생활·마트 중 '편의점'을 판매·제공하는 매장,val,편의점,T2 동의어,4dc9a420-572b-46de-944b-a5e4696e3b10,비비마트,마트,계산동 골목형상점가,골목형상점가,대전광역시,,,
fccd2db3462d73d3fc83,full_annotation_v1,A,q_편의점_02,마트,생활·마트 중 '편의점'을 판매·제공하는 매장,val,편의점,T2 동의어,02656399-5272-4d95-93ce-aa699e13cfdb,우리홈마트,,중화산로 골목형상점가,골목형상점가,전북특별자치도,,,
94aeb1f863c3a057670a,full_annotation_v1,A,q_편의점_02,마트,생활·마트 중 '편의점'을 판매·제공하는 매장,val,편의점,T2 동의어,542ca8de-edfd-44bf-8917-f5e31536bf5a,그린마켓,마트,하가지구 골목형상점가,골목형상점가,전북특별자치도,,,
6fde5dd1fd4ccfbd87de,full_annotation_v1,A,q_편의점_02,마트,생활·마트 중 '편의점'을 판매·제공하는 매장,val,편의점,T2 동의어,02ab118f-aa08-483e-b7d3-93768e12c1be,이마트24옥정엠시티점,,파스텔시티2차상점가,골목형상점가,경기도,,,
ed604c8e716b42cd8560,full_annotation_v1,A,q_편의점_02,마트,생활·마트 중 '편의점'을 판매·제공하는 매장,val,편의점,T2 동의어,51808c14-2ade-458b-9f2e-3750a47d35fd,케이(K)마트,마트,성황당길골목형상점가,골목형상점가,서울특별시,,,
3acfc7561dd73609d9de,full_annotation_v1,A,q_편의점_02,마트,생활·마트 중 '편의점'을 판매·제공하는 매장,val,편의점,T2 동의어,23e05f69-169a-4b88-81df-1b80c2c73ccd,곰마트,마트,월정로시장,기타,서울특별시,,,
eb3ac24bb59f026d891a,full_annotation_v1,A,q_편의점_02,마트,생활·마트 중 '편의점'을 판매·제공하는 매장,val,편의점,T2 동의어,e2ad8f72-93a0-4f4e-9e0d-9c31c64d3c47,대신마트,마트,영일대북부시장(구 북부시장),전통시장,경상북도,,,
46aa9208a591e57b62ea,full_annotation_v1,A,q_편의점_02,마트,생활·마트 중 '편의점'을 판매·제공하는 매장,val,편의점,T2 동의어,356e65a5-6bbf-4dd8-a8bf-508d98011cfa,탑플러스마트,마트,진해 중부시장,전통시장,경상남도,,,
941592a6aa83fa91fffc,full_annotation_v1,A,q_편의점_02,마트,생활·마트 중 '편의점'을 판매·제공하는 매장,val,편의점,T2 동의어,017a2c54-999b-4850-993e-cac5169d3aec,지에스25 원주황금점,편의점,혁신도시1구역골목형상점가,골목형상점가,강원특별자치도,,,
8a553c504c66412adadb,full_annotation_v1,A,q_편의점_02,마트,생활·마트 중 '편의점'을 판매·제공하는 매장,val,편의점,T2 동의어,57e086a4-e92c-4f7e-b66d-d7b2b2ad899b,중국식품,마트,문산자유시장,전통시장,경기도,,,
b215314880f971442615,full_annotation_v1,A,q_편의점_02,마트,생활·마트 중 '편의점'을 판매·제공하는 매장,val,편의점,T2 동의어,6d9af10f-aeb1-4d86-bd76-dbfca0150dcb,가이아헤어,미용업,LC타워거리 골목형상점가,골목형상점가,광주광역시,,,
2d58b4b5a19c47955b94,full_annotation_v1,A,q_편의점_02,마트,생활·마트 중 '편의점'을 판매·제공하는 매장,val,편의점,T2 동의어,001bacc9-5a95-4049-babd-6691512d8da0,백두사,잡화,장량성도시장,전통시장,경상북도,,,
969272025057bd34fc1f,full_annotation_v1,A,q_편의점_02,마트,생활·마트 중 '편의점'을 판매·제공하는 매장,val,편의점,T2 동의어,28d8bccd-84e6-462a-9cdd-3d786decb970,백할매고기집,마트,정릉시장,전통시장,서울특별시,,,
f47e295b70eba8c88bde,full_annotation_v1,A,q_편의점_02,마트,생활·마트 중 '편의점'을 판매·제공하는 매장,val,편의점,T2 동의어,6aa71532-ea18-448b-b2c9-b1c6b153d50d,원마트,마트,일우연동시장 골목형상점가,전통시장,제주특별자치도,,,
eabc5098b3bed4b763d7,full_annotation_v1,A,q_편의점_02,마트,생활·마트 중 '편의점'을 판매·제공하는 매장,val,편의점,T2 동의어,1edc879c-81df-44a1-a5a5-261312c9e636,축협마트,마트,복이있는덕포시장,전통시장,부산광역시,,,
cefaae9f08e6d514e3b1,full_annotation_v1,A,q_편의점_02,마트,생활·마트 중 '편의점'을 판매·제공하는 매장,val,편의점,T2 동의어,c343a5da-5c46-49d6-8c54-b88f7bb05d62,드림마트,마트,비아로 골목형상점가,골목형상점가,광주광역시,,,
45cf062485bc30b553c2,full_annotation_v1,A,q_편의점_02,마트,생활·마트 중 '편의점'을 판매·제공하는 매장,val,편의점,T2 동의어,ce6a1d46-c048-475e-9626-acc530159c6a,대농마트,마트,동원전통종합시장,전통시장,서울특별시,,,
f2267e3b404aa82fa9ad,full_annotation_v1,A,q_편의점_02,마트,생활·마트 중 '편의점'을 판매·제공하는 매장,val,편의점,T2 동의어,5f8a8fbb-b6ed-4ced-a13d-ba49e741bdc5,시장떡방앗간,떡,서대신동골목시장,전통시장,부산광역시,,,
cf7464249ceff1f8133e,full_annotation_v1,A,q_편의점_02,마트,생활·마트 중 '편의점'을 판매·제공하는 매장,val,편의점,T2 동의어,8867ce62-6332-476b-9c41-9067d84f096d,도마보부상마트,마트,도마큰시장,전통시장,대전광역시,,,
6056d7087931b1e118d5,full_annotation_v1,A,q_편의점_02,마트,생활·마트 중 '편의점'을 판매·제공하는 매장,val,편의점,T2 동의어,979f1787-0ddf-4e4e-833a-381ab7454d4b,소현명가,한식,백석한들1번가 골목형상점가,골목형상점가,충청남도,,,
31ab1658bd01623dd373,full_annotation_v1,A,q_편의점_02,마트,생활·마트 중 '편의점'을 판매·제공하는 매장,val,편의점,T2 동의어,fc3c91bd-9f79-42d4-9c03-4e4332821b21,스타마트,마트,스타프라자전통시장,전통시장,경기도,,,
2ee8d4a73c371e30e710,full_annotation_v1,A,q_편의점_02,마트,생활·마트 중 '편의점'을 판매·제공하는 매장,val,편의점,T2 동의어,96edc3a3-d4ca-45af-94b8-9f317fcd770a,에덴무인마트,마트,안동구시장,전통시장,경상북도,,,
1f2cda4e2b0c629751db,full_annotation_v1,A,q_편의점_02,마트,생활·마트 중 '편의점'을 판매·제공하는 매장,val,편의점,T2 동의어,6caf85f8-023c-4632-872e-aba1230c6ccf,민락세일마트,마트,민락골목시장,전통시장,부산광역시,,,
73fd3bad482a66ada417,full_annotation_v1,A,q_편의점_02,마트,생활·마트 중 '편의점'을 판매·제공하는 매장,val,편의점,T2 동의어,491cf1bd-05b0-41e6-93d8-7eabd7ac7d7e,정담은 마트,,남창마을 골목형상점가,골목형상점가,,,,
3638e0d9f5e2f90f924e,full_annotation_v1,A,q_편의점_02,마트,생활·마트 중 '편의점'을 판매·제공하는 매장,val,편의점,T2 동의어,c1c0b0e5-a568-486b-b073-245dac3aa8aa,홈마트,마트,명덕시장,전통시장,대구광역시,,,
cac81f458d6b9254d62f,full_annotation_v1,A,q_편의점_02,마트,생활·마트 중 '편의점'을 판매·제공하는 매장,val,편의점,T2 동의어,4341f57f-c339-43ac-8b86-79dd0c5fba0c,베스트아울렛DC마트,마트,오류버들시장골목형상점가,골목형상점가,서울특별시,,,
5522c51e636c1cf8f2c3,full_annotation_v1,A,q_편의점_03,슈퍼,생활·마트 중 '편의점'을 판매·제공하는 매장,val,편의점,T2 동의어,c7640e96-89de-48b2-98b1-ef171924fea9,에스에스유통주식회사,슈퍼,신성전통시장,전통시장,서울특별시,,,
833eb54e2741fcbdd0dd,full_annotation_v1,A,q_편의점_03,슈퍼,생활·마트 중 '편의점'을 판매·제공하는 매장,val,편의점,T2 동의어,017a2c54-999b-4850-993e-cac5169d3aec,지에스25 원주황금점,편의점,혁신도시1구역골목형상점가,골목형상점가,강원특별자치도,,,
a5d5f479c74463d6ae10,full_annotation_v1,A,q_편의점_03,슈퍼,생활·마트 중 '편의점'을 판매·제공하는 매장,val,편의점,T2 동의어,91384d11-1349-47c4-881e-f714adf4a413,혜미농산,슈퍼,경의숲길서강 골목형상점가,골목형상점가,서울특별시,,,
d692a06dc075902cac3c,full_annotation_v1,A,q_편의점_03,슈퍼,생활·마트 중 '편의점'을 판매·제공하는 매장,val,편의점,T2 동의어,c99f9b73-c4d2-44aa-96b7-f802d01ae33a,리빙아울렛,슈퍼,상도약수골목형상점가,골목형상점가,서울특별시,,,
04d8ef9e6ebe01a02198,full_annotation_v1,A,q_편의점_03,슈퍼,생활·마트 중 '편의점'을 판매·제공하는 매장,val,편의점,T2 동의어,7e58ba96-67b1-4802-8cfd-22603e71764f,원마트,슈퍼,관문상가시장,전통시장,대구광역시,,,
b7e248dba899df22a04c,full_annotation_v1,A,q_편의점_03,슈퍼,생활·마트 중 '편의점'을 판매·제공하는 매장,val,편의점,T2 동의어,0127440f-2d8b-45f0-b518-a19665d3d5a8,나들가게서교하이퍼,소매(슈퍼),서교시장,전통시장,서울특별시,,,
369940b187b7c7c0cbc9,full_annotation_v1,A,q_편의점_03,슈퍼,생활·마트 중 '편의점'을 판매·제공하는 매장,val,편의점,T2 동의어,a43d722e-cad8-40df-b722-a11272d3d96c,J마트,슈퍼,남구로시장,전통시장,서울특별시,,,
afd3a9db94647449698d,full_annotation_v1,A,q_편의점_03,슈퍼,생활·마트 중 '편의점'을 판매·제공하는 매장,val,편의점,T2 동의어,e37f84bb-63b7-47ed-8f3a-8ef6bbaa3f8a,에이스마트계산시장점,슈퍼,계산시장,전통시장,인천광역시,,,
bd84c85a86acf2323e88,full_annotation_v1,A,q_편의점_03,슈퍼,생활·마트 중 '편의점'을 판매·제공하는 매장,val,편의점,T2 동의어,e2d90987-fc48-413f-9d5f-e37f198eeb4b,원마트,슈퍼,정이있는 구포시장,전통시장,부산광역시,,,
5ba40406fb78df91e797,full_annotation_v1,A,q_편의점_03,슈퍼,생활·마트 중 '편의점'을 판매·제공하는 매장,val,편의점,T2 동의어,96e7a0f9-f0a9-46de-8089-ea59d8c85223,동서슈퍼,슈퍼,이촌종합시장,전통시장,서울특별시,,,
73c64cbb56af22d6b297,full_annotation_v1,A,q_편의점_03,슈퍼,생활·마트 중 '편의점'을 판매·제공하는 매장,val,편의점,T2 동의어,9e92809f-3aee-4045-ae52-c9967dbb892d,대흥상회,슈퍼,신탄진시장,전통시장,대전광역시,,,
c6eb3c56e34784c91653,full_annotation_v1,A,q_편의점_03,슈퍼,생활·마트 중 '편의점'을 판매·제공하는 매장,val,편의점,T2 동의어,cde787e8-afb5-44c6-8183-8124b876de5e,도봉슈퍼,슈퍼,도봉산옛길골목형상점가,골목형상점가,서울특별시,,,
97acc0e40a666b3a9413,full_annotation_v1,A,q_편의점_03,슈퍼,생활·마트 중 '편의점'을 판매·제공하는 매장,val,편의점,T2 동의어,82654aca-a77c-4b14-8f47-3d6b83dea558,해바라기마트,슈퍼,신기시장,전통시장,인천광역시,,,
6ec370021e669f327043,full_annotation_v1,A,q_편의점_03,슈퍼,생활·마트 중 '편의점'을 판매·제공하는 매장,val,편의점,T2 동의어,a0da2c43-eff1-4093-bc93-5fa84a70b868,대륜,슈퍼,김천황금시장,전통시장,경상북도,,,
890f9e1620ad22020018,full_annotation_v1,A,q_편의점_03,슈퍼,생활·마트 중 '편의점'을 판매·제공하는 매장,val,편의점,T2 동의어,a164c890-fa49-46f7-846b-35bb872a6fb0,가지가지만물상,슈퍼,충주자유시장,전통시장,충청북도,,,
f47d6feb040f511ce720,full_annotation_v1,A,q_편의점_03,슈퍼,생활·마트 중 '편의점'을 판매·제공하는 매장,val,편의점,T2 동의어,4f26eac6-8dff-4aa9-9d15-86b60a393ca6,중원 슈퍼,슈퍼,영주공설시장,전통시장,경상북도,,,
af537a713600d37eeedd,full_annotation_v1,A,q_편의점_03,슈퍼,생활·마트 중 '편의점'을 판매·제공하는 매장,val,편의점,T2 동의어,9953a9e3-ab6f-4f80-a74d-f586212dc159,시장상회,슈퍼,언양알프스시장,전통시장,울산광역시,,,
b9df8a50dcbea1f0466f,full_annotation_v1,A,q_편의점_03,슈퍼,생활·마트 중 '편의점'을 판매·제공하는 매장,val,편의점,T2 동의어,103a340b-bc7f-4d9c-b98b-3469925aad52,삼성사,슈퍼,횡성전통시장,전통시장,강원특별자치도,,,
ed71d3327bb62db899fb,full_annotation_v1,A,q_편의점_03,슈퍼,생활·마트 중 '편의점'을 판매·제공하는 매장,val,편의점,T2 동의어,2d241e5e-fca8-4801-bdb3-bd093deedadb,월드마트,슈퍼,영해만세시장(구 영해시장),전통시장,경상북도,,,
8f648fad61fe2a1b7b07,full_annotation_v1,A,q_편의점_03,슈퍼,생활·마트 중 '편의점'을 판매·제공하는 매장,val,편의점,T2 동의어,e48ececd-3f96-4773-93dd-ade9bcee98af,원마트,슈퍼,포항중앙상가,전통시장,경상북도,,,
792fa92ff7dfa096ac46,full_annotation_v1,A,q_편의점_03,슈퍼,생활·마트 중 '편의점'을 판매·제공하는 매장,val,편의점,T2 동의어,9d0dcf4d-3e15-4f76-b1d0-bd2bdfa126bb,영광할인마트,슈퍼,청학시장,전통시장,부산광역시,,,
c4b9a76d92fb8ca36cd9,full_annotation_v1,A,q_편의점_03,슈퍼,생활·마트 중 '편의점'을 판매·제공하는 매장,val,편의점,T2 동의어,3322b6b9-4eb9-436b-add4-f59ae6bf6438,근대화,슈퍼,정이있는 구포시장,전통시장,부산광역시,,,
ba52957a4d4d51a06885,full_annotation_v1,A,q_편의점_03,슈퍼,생활·마트 중 '편의점'을 판매·제공하는 매장,val,편의점,T2 동의어,5fd8af8f-4e3d-42b8-9fdf-31d445390efd,중국식품,슈퍼,원미부흥시장,전통시장,경기도,,,
3867ab51047be195c9a9,full_annotation_v1,A,q_편의점_03,슈퍼,생활·마트 중 '편의점'을 판매·제공하는 매장,val,편의점,T2 동의어,2d3da040-9e4e-4496-ad81-ea9b4cee0975,문화유통,슈퍼,목행시장,전통시장,충청북도,,,
6d8294c12f5bd238c842,full_annotation_v1,A,q_편의점_03,슈퍼,생활·마트 중 '편의점'을 판매·제공하는 매장,val,편의점,T2 동의어,385c665c-9155-4989-95e4-8ebf7f9fcc51,오복상회,슈퍼,홍성전통시장(구 홍성정기시장),전통시장,충청남도,,,
cb28d91a1f2d402344a4,full_annotation_v1,A,q_편의점_03,슈퍼,생활·마트 중 '편의점'을 판매·제공하는 매장,val,편의점,T2 동의어,92b1100e-5f75-44f8-af7c-ded14c9e0149,삼강슈퍼,슈퍼,동해묵호시장,전통시장,강원특별자치도,,,
7c1031fff995d343037c,full_annotation_v1,A,q_편의점_03,슈퍼,생활·마트 중 '편의점'을 판매·제공하는 매장,val,편의점,T2 동의어,01b2c972-f367-47e6-b3d2-11585175a7c1,명동슈퍼,슈퍼,신대방1동온누리길골목형상점가,골목형상점가,서울특별시,,,
da45bc18806a8273d4fa,full_annotation_v1,A,q_편의점_03,슈퍼,생활·마트 중 '편의점'을 판매·제공하는 매장,val,편의점,T2 동의어,4afbaa83-e4f4-481f-8b00-0e1aad3c9b06,삼창마트,슈퍼,미원전통시장,기타,충청북도,,,
d49fc317775da0c81d49,full_annotation_v1,A,q_편의점_03,슈퍼,생활·마트 중 '편의점'을 판매·제공하는 매장,val,편의점,T2 동의어,23d58adf-154d-454c-befd-7d9bc16e2f9c,씨유수완포유점,편의용품,장덕투게더 골목형상점가,골목형상점가,광주광역시,,,
5e7391370643e734b39a,full_annotation_v1,A,q_편의점_03,슈퍼,생활·마트 중 '편의점'을 판매·제공하는 매장,val,편의점,T2 동의어,0be57939-afdd-41d6-b929-ad397b848623,행운슈퍼,슈퍼,제2경주중심상가시장(경주봉황중심상가시장),전통시장,경상북도,,,
a7e63ed26147ae8ef031,full_annotation_v1,A,q_편의점_03,슈퍼,생활·마트 중 '편의점'을 판매·제공하는 매장,val,편의점,T2 동의어,4cee6e40-1835-4040-8694-c86e888a883a,슈퍼,의류잡화,부평대아지하상점가,일반지하상점가,인천광역시,,,
62067189df835d102510,full_annotation_v1,A,q_편의점_03,슈퍼,생활·마트 중 '편의점'을 판매·제공하는 매장,val,편의점,T2 동의어,75b3330d-7cbb-421c-a0bc-fb73f4334b39,태평떡집,떡,염주먹자골목A구역상인회 골목형상점가,골목형상점가,광주광역시,,,
0f74187c0a92461b403e,full_annotation_v1,A,q_편의점_03,슈퍼,생활·마트 중 '편의점'을 판매·제공하는 매장,val,편의점,T2 동의어,480a0754-5fae-49ec-a592-c2c8518993fa,홍익슈퍼,슈퍼,왕십리도선동상점가,자율상권구역,서울특별시,,,
4096a22723d38aa1e2cf,full_annotation_v1,A,q_편의점_03,슈퍼,생활·마트 중 '편의점'을 판매·제공하는 매장,val,편의점,T2 동의어,02656399-5272-4d95-93ce-aa699e13cfdb,우리홈마트,,중화산로 골목형상점가,골목형상점가,전북특별자치도,,,
7c7fc249bea3e4286f41,full_annotation_v1,A,q_편의점_03,슈퍼,생활·마트 중 '편의점'을 판매·제공하는 매장,val,편의점,T2 동의어,699f43a0-cf52-485c-a7b4-b5120c2f2141,하루엔소쿠세종보람점,,보람동 호려울 골목형상점가,골목형상점가,세종특별자치시,,,
ac0b149e618efcb772cd,full_annotation_v1,A,q_편의점_03,슈퍼,생활·마트 중 '편의점'을 판매·제공하는 매장,val,편의점,T2 동의어,d277bf94-3801-4760-b4f9-692a2832b224,서울슈퍼,슈퍼,용산용문시장,전통시장,서울특별시,,,
d3cc119db727e192398e,full_annotation_v1,A,q_편의점_03,슈퍼,생활·마트 중 '편의점'을 판매·제공하는 매장,val,편의점,T2 동의어,c8d90a9f-73c4-4def-b07c-9dbb8e5a467d,유한슈퍼,슈퍼,관고전통시장,전통시장,경기도,,,
f2c3c48ed58d0e9c548b,full_annotation_v1,A,q_편의점_03,슈퍼,생활·마트 중 '편의점'을 판매·제공하는 매장,val,편의점,T2 동의어,1011ab84-a819-42f3-a95f-d1549a857511,슈퍼,베트남음식,송죽솔대 골목형상점가,골목형상점가,경기도,,,
ed3b27d19da50a663807,full_annotation_v1,A,q_편의점_03,슈퍼,생활·마트 중 '편의점'을 판매·제공하는 매장,val,편의점,T2 동의어,1f29409c-bc92-4cdf-88f1-3b36b0d76719,24시슈퍼,슈퍼,산본로데오거리(구 산본중심상가),자율상권구역,경기도,,,
1f36bff94f2bc608f831,full_annotation_v1,A,q_편의점_03,슈퍼,생활·마트 중 '편의점'을 판매·제공하는 매장,val,편의점,T2 동의어,c2630823-f1ec-4bc9-9b7d-e11aeca1d911,영락슈퍼,슈퍼,청학시장,전통시장,부산광역시,,,
f757d523c20197ac6625,full_annotation_v1,A,q_편의점_03,슈퍼,생활·마트 중 '편의점'을 판매·제공하는 매장,val,편의점,T2 동의어,90e22c09-ec1c-4a0b-b90f-38d40afab321,우리유통,슈퍼,충주자유시장,전통시장,충청북도,,,
67b812a8f9acc5ca27ba,full_annotation_v1,A,q_편의점_03,슈퍼,생활·마트 중 '편의점'을 판매·제공하는 매장,val,편의점,T2 동의어,85ba0ac2-3781-47a3-aa49-16086ad9d433,팜스마트,슈퍼,장미제일시장,전통시장,서울특별시,,,
7d6a3bfcc364d021451e,full_annotation_v1,A,q_편의점_03,슈퍼,생활·마트 중 '편의점'을 판매·제공하는 매장,val,편의점,T2 동의어,7214ddaf-d7cb-4d7a-b63c-2bff4a1a2f9d,마트와,슈퍼,포항 대이상가 골목형상점가,골목형상점가,경상북도,,,
f1077441de90a6e5f504,full_annotation_v1,A,q_편의점_03,슈퍼,생활·마트 중 '편의점'을 판매·제공하는 매장,val,편의점,T2 동의어,01790f65-6bd3-405b-9ef4-493889531486,세븐일레븐자양으뜸2호점,편의점,자양로13길골목형상점가,골목형상점가,서울특별시,,,
badcf4317f4325e46e56,full_annotation_v1,A,q_편의점_03,슈퍼,생활·마트 중 '편의점'을 판매·제공하는 매장,val,편의점,T2 동의어,5b7b649e-5850-48b9-9a01-8a6287065261,화순슈퍼,슈퍼,산수시장,전통시장,광주광역시,,,
f0ba4141aa8e434d9290,full_annotation_v1,A,q_편의점_03,슈퍼,생활·마트 중 '편의점'을 판매·제공하는 매장,val,편의점,T2 동의어,2d4f268c-4a99-4370-b1eb-db9bf23c7ad9,희망슈퍼,슈퍼,동해묵호시장,전통시장,강원특별자치도,,,
fb31e2ffe325f47b125e,full_annotation_v1,A,q_편의점_03,슈퍼,생활·마트 중 '편의점'을 판매·제공하는 매장,val,편의점,T2 동의어,199e6005-6972-4653-adaf-2a55b4cab114,거맥집,슈퍼,거제 능포 골목형상점가,골목형상점가,경상남도,,,
16d806dc0bc83aee1c27,full_annotation_v1,A,q_편의점_03,슈퍼,생활·마트 중 '편의점'을 판매·제공하는 매장,val,편의점,T2 동의어,4d697e64-7f5b-4eab-bc21-d7e5e80da210,황금슈퍼,슈퍼,두암1동 골목형상점가,골목형상점가,광주광역시,,,
8e7d163e23b51d7d6d8c,full_annotation_v1,A,q_편의점_03,슈퍼,생활·마트 중 '편의점'을 판매·제공하는 매장,val,편의점,T2 동의어,727a4a61-d048-4cfb-8111-7e21f10c828e,성신슈퍼,슈퍼,평택국제중앙시장,전통시장,경기도,,,
0d8b26bd8534e7704668,full_annotation_v1,A,q_편의점_03,슈퍼,생활·마트 중 '편의점'을 판매·제공하는 매장,val,편의점,T2 동의어,13b2faee-eeb9-4b77-9bee-8cd8b527c4bc,동성 슈퍼,슈퍼,다시남목 골목형상점가,골목형상점가,울산광역시,,,
523b28075ccdb65048fe,full_annotation_v1,A,q_편의점_03,슈퍼,생활·마트 중 '편의점'을 판매·제공하는 매장,val,편의점,T2 동의어,5bad7819-e52a-43bc-a580-25deba0127ef,현대마트,슈퍼,영해만세시장(구 영해시장),전통시장,경상북도,,,
66324994b16ae205d8c7,full_annotation_v1,A,q_편의점_03,슈퍼,생활·마트 중 '편의점'을 판매·제공하는 매장,val,편의점,T2 동의어,90c9a24a-cb6f-496a-9418-7aca550ecefe,원보슈퍼,슈퍼,서귀포매일올레시장,전통시장,제주특별자치도,,,
84c37e0e2e33e3398ea4,full_annotation_v1,A,q_편의점_03,슈퍼,생활·마트 중 '편의점'을 판매·제공하는 매장,val,편의점,T2 동의어,00242042-f371-486a-a1fc-b85de093edbf,슈올즈 이천점,"신발, 잡화",장터거리시장 골목형상점가,골목형상점가,경기도,,,
b28b1cb2a85f5ed46aeb,full_annotation_v1,A,q_편의점_03,슈퍼,생활·마트 중 '편의점'을 판매·제공하는 매장,val,편의점,T2 동의어,d9b248c1-cf3b-453f-b350-9bf163abc12c,현욱수퍼,슈퍼,장성읍 골목형상점가,골목형상점가,전라남도,,,
ba5588a447e00d40e2d1,full_annotation_v1,A,q_편의점_03,슈퍼,생활·마트 중 '편의점'을 판매·제공하는 매장,val,편의점,T2 동의어,27d931b5-e573-4193-ac2b-7c4c2dfd76a1,피부힐링,화장품,화정한울타리상인회 골목형상점가,골목형상점가,광주광역시,,,
d65002167a559fb42850,full_annotation_v1,A,q_편의점_03,슈퍼,생활·마트 중 '편의점'을 판매·제공하는 매장,val,편의점,T2 동의어,f28ce83b-9934-42a6-8eec-840bb124a97f,제이마트,슈퍼,남성역 골목시장,전통시장,서울특별시,,,
8506d2cb502d47fe5ce5,full_annotation_v1,A,q_편의점_03,슈퍼,생활·마트 중 '편의점'을 판매·제공하는 매장,val,편의점,T2 동의어,d49459c5-0ffa-41de-b638-13fa33ebb97c,한도슈퍼,슈퍼,배방상점가,자율상권구역,충청남도,,,
2bfefa2b9aace9afcc77,full_annotation_v1,A,q_편의점_03,슈퍼,생활·마트 중 '편의점'을 판매·제공하는 매장,val,편의점,T2 동의어,f4ca1c8a-01d8-46be-9cd9-ebb1ef01570e,새벽옛날통닭,치킨,오창전통시장,전통시장,충청북도,,,
15d1675cc962704afbdd,full_annotation_v1,A,q_편의점_03,슈퍼,생활·마트 중 '편의점'을 판매·제공하는 매장,val,편의점,T2 동의어,789f5a93-e607-45a3-bef6-f5120726226a,도평슈퍼,슈퍼,도평(현동)전통시장,전통시장,경상북도,,,
7bf26e90afaeece64647,full_annotation_v1,A,q_편의점_03,슈퍼,생활·마트 중 '편의점'을 판매·제공하는 매장,val,편의점,T2 동의어,b03b244f-938b-4629-b4d8-dbe5813cbc96,칠우대패삼겹(신가점),삼겹살,신가동 골목형상점가,골목형상점가,광주광역시,,,
59eff2dac1fde0f0b33c,full_annotation_v1,A,q_편의점_03,슈퍼,생활·마트 중 '편의점'을 판매·제공하는 매장,val,편의점,T2 동의어,006f9082-b590-49e3-baf4-f72dc203a510,CU풍암주은모아점,편의점,풍암당산상인회 골목형상점가,골목형상점가,광주광역시,,,
37fb56ed5b43c0a615ea,full_annotation_v1,A,q_편의점_03,슈퍼,생활·마트 중 '편의점'을 판매·제공하는 매장,val,편의점,T2 동의어,f939af0d-cd3f-4dd5-b4cf-7f7303121635,원,슈퍼,도남시장,전통시장,제주특별자치도,,,
e5da941ad92e6fddef93,full_annotation_v1,A,q_편의점_03,슈퍼,생활·마트 중 '편의점'을 판매·제공하는 매장,val,편의점,T2 동의어,881ba1c0-ee92-447a-af0f-8cc14317257b,슈퍼,슈퍼,발안만세시장(구 발안시장),전통시장,경기도,,,
945676e08bf69f68ff4c,full_annotation_v1,A,q_편의점_03,슈퍼,생활·마트 중 '편의점'을 판매·제공하는 매장,val,편의점,T2 동의어,b4e94e12-e56d-479a-9080-7dae2afcdce1,텐퍼센트커피,커피 및 음료,용봉지구 골목형상점가,골목형상점가,광주광역시,,,
09cf187a8e1167620bb7,full_annotation_v1,A,q_편의점_03,슈퍼,생활·마트 중 '편의점'을 판매·제공하는 매장,val,편의점,T2 동의어,f5121e05-0a86-4424-ba47-798b8dcdb561,보떼,화장품,신가동 골목형상점가,골목형상점가,광주광역시,,,
5c01da4709a19ce26ffa,full_annotation_v1,A,q_편의점_03,슈퍼,생활·마트 중 '편의점'을 판매·제공하는 매장,val,편의점,T2 동의어,023e5716-7bdc-42c7-9c7e-a9a4f0f23a8b,이마트24 광주하남금호점,,한마음,골목형상점가,,,,
4381d95ad735ddec0732,full_annotation_v1,A,q_편의점_03,슈퍼,생활·마트 중 '편의점'을 판매·제공하는 매장,val,편의점,T2 동의어,01a0efe3-6970-4157-9177-c25358a4f8a6,유한회사 도민유통(와이마트),슈퍼마켓,용봉지구 골목형상점가,골목형상점가,광주광역시,,,
4a29fd6a109d2d4e41da,full_annotation_v1,A,q_편의점_03,슈퍼,생활·마트 중 '편의점'을 판매·제공하는 매장,val,편의점,T2 동의어,ca2d9835-35fb-419e-89f6-381044f1235c,승희수퍼,슈퍼,와우로 골목형상점가,골목형상점가,광주광역시,,,
b3d7652bf17cae2b5f58,full_annotation_v1,A,q_편의점_03,슈퍼,생활·마트 중 '편의점'을 판매·제공하는 매장,val,편의점,T2 동의어,8e594033-f06e-4e31-a21d-5adf97b6d81e,월드마트,슈퍼,창원 명서시장,전통시장,경상남도,,,
bdfdd81cb4cbdc64ab8c,full_annotation_v1,A,q_편의점_03,슈퍼,생활·마트 중 '편의점'을 판매·제공하는 매장,val,편의점,T2 동의어,617c754f-5cc8-44ac-aa47-d52f21ddb2e9,닭새게,슈퍼,전주남부시장,전통시장,전북특별자치도,,,
1536b6ecd215eb69010e,full_annotation_v1,A,q_편의점_03,슈퍼,생활·마트 중 '편의점'을 판매·제공하는 매장,val,편의점,T2 동의어,a454d027-e2aa-4bd2-9189-0c6005e69d23,계짱치킨,치킨,도군머리 골목형상점가,골목형상점가,광주광역시,,,
f26ecb2a3b537d01d3dc,full_annotation_v1,A,q_편의점_03,슈퍼,생활·마트 중 '편의점'을 판매·제공하는 매장,val,편의점,T2 동의어,eb1db884-aa18-4489-a5b1-7050b37ee903,홈마트,슈퍼,대동시장,전통시장,대구광역시,,,
1f6841c930c3aeaf871f,full_annotation_v1,A,q_편의점_03,슈퍼,생활·마트 중 '편의점'을 판매·제공하는 매장,val,편의점,T2 동의어,24752d3d-d751-4fa3-bc40-4a5f3ac77214,홈마트,슈퍼,조대장미의거리 상점가,자율상권구역,광주광역시,,,
229595f6e787facac58f,full_annotation_v1,A,q_편의점_03,슈퍼,생활·마트 중 '편의점'을 판매·제공하는 매장,val,편의점,T2 동의어,f59ba074-9ccc-4534-8d22-8ac30ebdc5de,빡센민물장어 송정역점,장어,광주송정역세권 상권활성화구역,상권활성화구역,광주광역시,,,
d584168120d674870960,full_annotation_v1,A,q_편의점_03,슈퍼,생활·마트 중 '편의점'을 판매·제공하는 매장,val,편의점,T2 동의어,d919d394-43e2-499e-8907-64123c8cb550,국제슈퍼,슈퍼,충주자유시장,전통시장,충청북도,,,
62352bb0f18fac815dde,full_annotation_v1,A,q_편의점_03,슈퍼,생활·마트 중 '편의점'을 판매·제공하는 매장,val,편의점,T2 동의어,e429261f-bbde-443d-b689-7830f7650cba,지에스더프레시지웰자이점,슈퍼,지웰시티자이상가 골목형상점가,골목형상점가,울산광역시,,,
2c9830a2c7a679c13699,full_annotation_v1,A,q_편의점_03,슈퍼,생활·마트 중 '편의점'을 판매·제공하는 매장,val,편의점,T2 동의어,85167b11-b903-4856-93b3-7ae901b1cc17,샘슈퍼,슈퍼,통영 사량도 진촌상가,골목형상점가,경상남도,,,
4d415ffbe0134f74fe99,full_annotation_v1,A,q_편의점_03,슈퍼,생활·마트 중 '편의점'을 판매·제공하는 매장,val,편의점,T2 동의어,386f9cc9-3989-4b72-bd13-bf89f997a6dd,화곡슈퍼,슈퍼,화곡본동시장,전통시장,서울특별시,,,
33a7f33c7c840c73117e,full_annotation_v1,A,q_편의점_03,슈퍼,생활·마트 중 '편의점'을 판매·제공하는 매장,val,편의점,T2 동의어,dcac1941-0165-44a4-b4ec-4bcf0aa739b0,아임일리터 집현점,,집현동 골목형상점가,골목형상점가,세종특별자치시,,,
27a8f72fbfec6f7fc121,full_annotation_v1,A,q_편의점_03,슈퍼,생활·마트 중 '편의점'을 판매·제공하는 매장,val,편의점,T2 동의어,97285990-e6e1-4164-be65-acc5369a1830,아시아마트,슈퍼,구룡포시장,전통시장,경상북도,,,
b3474b1350b971113bcd,full_annotation_v1,A,q_편의점_03,슈퍼,생활·마트 중 '편의점'을 판매·제공하는 매장,val,편의점,T2 동의어,734786b9-8da8-44bc-9308-f985170442a2,한마음슈퍼,슈퍼,흑석시장골목형상점가,골목형상점가,서울특별시,,,
7e56a60e09dd116680d4,full_annotation_v1,A,q_편의점_03,슈퍼,생활·마트 중 '편의점'을 판매·제공하는 매장,val,편의점,T2 동의어,6738ea6e-6726-4df1-bc01-acce39a03d4a,솔밭슈퍼,슈퍼,대사동 보문산 골목형상점가,골목형상점가,대전광역시,,,
6c518bf306259810545e,full_annotation_v1,A,q_편의점_03,슈퍼,생활·마트 중 '편의점'을 판매·제공하는 매장,val,편의점,T2 동의어,003683a7-fde1-46b0-8421-08210268e2b0,이마트24 광주일곡엘리체점,,삼각동 골목형상점가,골목형상점가,,,,
b7b4ebde48556bedd23d,full_annotation_v1,A,q_편의점_03,슈퍼,생활·마트 중 '편의점'을 판매·제공하는 매장,val,편의점,T2 동의어,11470baa-e394-4679-8f7b-4ab7d5ee8829,현대마트,슈퍼,마장동 현대상가,기타,서울특별시,,,
e5f7cd637588c193c1c7,full_annotation_v1,A,q_편의점_03,슈퍼,생활·마트 중 '편의점'을 판매·제공하는 매장,val,편의점,T2 동의어,55814423-5121-4758-bb79-10500b058751,씨유안양호계중앙점,슈퍼,호계종합시장,전통시장,경기도,,,
d5a773052be8394d06d7,full_annotation_v1,A,q_편의점_03,슈퍼,생활·마트 중 '편의점'을 판매·제공하는 매장,val,편의점,T2 동의어,0015ea0b-d565-4d75-bbfb-1198daeb0b0c,나이스마트청라자이점,,청라언덕 골목형상점가,골목형상점가,대구광역시,,,
b2d3c8873ff591d39d0d,full_annotation_v1,A,q_편의점_03,슈퍼,생활·마트 중 '편의점'을 판매·제공하는 매장,val,편의점,T2 동의어,81251a7a-1658-4f47-a54b-3b6180447553,이레슈퍼,슈퍼,춘천지하상가,일반지하상점가,강원특별자치도,,,
e89c0e4db9eb52812ecc,full_annotation_v1,A,q_편의점_03,슈퍼,생활·마트 중 '편의점'을 판매·제공하는 매장,val,편의점,T2 동의어,0f837dc4-34cd-4ffa-ac86-b43168f7c16c,소백슈퍼,슈퍼,풍기인삼시장,전통시장,경상북도,,,
6bdeaa3cb61acb9f57fa,full_annotation_v1,A,q_편의점_03,슈퍼,생활·마트 중 '편의점'을 판매·제공하는 매장,val,편의점,T2 동의어,01ca51d4-ae25-4b4f-86b6-d8461d581a02,영광슈퍼,소매업(슈퍼),신원시장,전통시장,서울특별시,,,
9dffbed15c048ffd34e1,full_annotation_v1,A,q_편의점_03,슈퍼,생활·마트 중 '편의점'을 판매·제공하는 매장,val,편의점,T2 동의어,27e52468-1ba6-4158-bde7-431ced44eae0,중앙슈퍼,슈퍼,충주자유시장,전통시장,충청북도,,,
613728dded7482bd6b83,full_annotation_v1,A,q_편의점_03,슈퍼,생활·마트 중 '편의점'을 판매·제공하는 매장,val,편의점,T2 동의어,26b4638e-292c-49db-a0e2-63590dcf0b22,맛나슈퍼,슈퍼,신현회화골목형상점가,골목형상점가,인천광역시,,,
4c9d1e57ccd0dfab4969,full_annotation_v1,A,q_편의점_03,슈퍼,생활·마트 중 '편의점'을 판매·제공하는 매장,val,편의점,T2 동의어,4566fbfe-d088-46c5-a072-8fe278cdb288,삼오슈퍼,슈퍼,수유북부시장,전통시장,서울특별시,,,
25e4e382026c99c23745,full_annotation_v1,A,q_편의점_03,슈퍼,생활·마트 중 '편의점'을 판매·제공하는 매장,val,편의점,T2 동의어,003d5df8-0856-45e0-a11e-5098cf70541e,앨리스리본&공방,"공방, 잡화",봉화내성시장,전통시장,경상북도,,,
c3734d92d9dd6f122a67,full_annotation_v1,A,q_편의점_03,슈퍼,생활·마트 중 '편의점'을 판매·제공하는 매장,val,편의점,T2 동의어,1485ae5e-aeae-4fa8-ae36-4cad661538f9,아시아마트,슈퍼,산정상인회 골목형상점가,골목형상점가,광주광역시,,,
9e88e8c35f886c057d40,full_annotation_v1,A,q_편의점_03,슈퍼,생활·마트 중 '편의점'을 판매·제공하는 매장,val,편의점,T2 동의어,003747e4-8102-4296-bfdf-b7ca7c1f83fa,평화잡화,잡화,부산평화시장,전통시장,부산광역시,,,
300146f8481dcda10363,full_annotation_v1,A,q_편의점_03,슈퍼,생활·마트 중 '편의점'을 판매·제공하는 매장,val,편의점,T2 동의어,b534b0ef-7c8f-41ea-b9a2-30e5f0f3cd3e,탑가정의학과의원,의원,노대물빛근린공원 골목형상점가,골목형상점가,광주광역시,,,
fe2273b820c6a3986b7b,full_annotation_v1,A,q_편의점_03,슈퍼,생활·마트 중 '편의점'을 판매·제공하는 매장,val,편의점,T2 동의어,1349791e-b84d-46c0-af0a-4d724784b5ff,경남상회,슈퍼,부전농수산물새벽시장,전통시장,부산광역시,,,
fa1fce7aafc12bd4c85f,full_annotation_v1,A,q_편의점_03,슈퍼,생활·마트 중 '편의점'을 판매·제공하는 매장,val,편의점,T2 동의어,0054b824-eb72-4efa-a1ba-40d467c899a5,수정상회,잡화,중앙전통시장,전통시장,울산광역시,,,
41816cec43d151f855f8,full_annotation_v1,A,q_편의점_03,슈퍼,생활·마트 중 '편의점'을 판매·제공하는 매장,val,편의점,T2 동의어,087f5681-a1c4-4ed1-b623-224dfe4c6246,계명마트,슈퍼,옹달샘시장(구 충주남부시장),전통시장,충청북도,,,
59f20c4df1b6d45a7189,full_annotation_v1,A,q_편의점_03,슈퍼,생활·마트 중 '편의점'을 판매·제공하는 매장,val,편의점,T2 동의어,a8beca88-5790-4ba8-bee8-00832d2898f9,팔반슈퍼,슈퍼,목련시장,전통시장,대구광역시,,,
7653df9968d383673a4f,full_annotation_v1,A,q_편의점_03,슈퍼,생활·마트 중 '편의점'을 판매·제공하는 매장,val,편의점,T2 동의어,f442f833-9147-47a9-8a2d-054c9e6a0b4d,오늘도전,음식,안동시옥동 골목형상점가,골목형상점가,경상북도,,,
06a388964382c94c6d00,full_annotation_v1,A,q_편의점_03,슈퍼,생활·마트 중 '편의점'을 판매·제공하는 매장,val,편의점,T2 동의어,3f924741-d871-4954-95d5-30b4a27e9982,영진상회,슈퍼,화천재래시장,전통시장,강원특별자치도,,,
bde53b6f2b9cb8fa8164,full_annotation_v1,A,q_편의점_03,슈퍼,생활·마트 중 '편의점'을 판매·제공하는 매장,val,편의점,T2 동의어,63736a87-94fb-4dd0-9a2b-6a9549eaa66a,가나슈퍼,슈퍼,웅천시장,전통시장,충청남도,,,
4376b8bc153c653aba69,full_annotation_v1,A,q_편의점_03,슈퍼,생활·마트 중 '편의점'을 판매·제공하는 매장,val,편의점,T2 동의어,6570c8ad-aa11-4cff-b380-b00d1ba758d1,삼성제일유통,슈퍼,거제시장,전통시장,부산광역시,,,
69344107066035e7ebd0,full_annotation_v1,A,q_편의점_03,슈퍼,생활·마트 중 '편의점'을 판매·제공하는 매장,val,편의점,T2 동의어,001bacc9-5a95-4049-babd-6691512d8da0,백두사,잡화,장량성도시장,전통시장,경상북도,,,
f8c7659695869e612d1a,full_annotation_v1,A,q_편의점_03,슈퍼,생활·마트 중 '편의점'을 판매·제공하는 매장,val,편의점,T2 동의어,4e2e2bef-5503-416e-92a0-d6c7ead06305,태광그린슈퍼,슈퍼,"임계사통팔달시장(임계시장, 송계5일장)",전통시장,강원특별자치도,,,
cc8df55b3efa0530a908,full_annotation_v1,A,q_편의점_03,슈퍼,생활·마트 중 '편의점'을 판매·제공하는 매장,val,편의점,T2 동의어,01082ac2-3d28-417c-8311-62a9095208e5,신라정선,슈퍼,남부골목시장,전통시장,서울특별시,,,
076de945ac412822da31,full_annotation_v1,A,q_편의점_03,슈퍼,생활·마트 중 '편의점'을 판매·제공하는 매장,val,편의점,T2 동의어,df3c1b45-b584-4103-827b-fafb3023dfe0,컴포즈커피 봉선중앙로점,커피 및 디저트,봉선먹자골목 골목형상점가,골목형상점가,광주광역시,,,
20c18b97c331a6dd5df3,full_annotation_v1,A,q_편의점_03,슈퍼,생활·마트 중 '편의점'을 판매·제공하는 매장,val,편의점,T2 동의어,19f81b74-d597-4693-986e-3e423e60ffec,㈜성웅유통,슈퍼,봉천중앙시장,전통시장,서울특별시,,,
c91b4583d2110ebc2a22,full_annotation_v1,A,q_편의점_03,슈퍼,생활·마트 중 '편의점'을 판매·제공하는 매장,val,편의점,T2 동의어,107e4a8f-88d5-4430-87e7-7a55289847bd,대성슈퍼,슈퍼,촬영소사거리골목형상점가,골목형상점가,서울특별시,,,
52a8e95570fff0d86a75,full_annotation_v1,A,q_편의점_03,슈퍼,생활·마트 중 '편의점'을 판매·제공하는 매장,val,편의점,T2 동의어,c6c4797d-0761-44c9-b2c9-66572fabfb83,원마트,슈퍼,속초중앙전통시장,전통시장,강원특별자치도,,,
65cda943bbca341865a3,full_annotation_v1,A,q_편의점_03,슈퍼,생활·마트 중 '편의점'을 판매·제공하는 매장,val,편의점,T2 동의어,07d72f29-7a6a-45b0-9688-1d692b3bc913,정성슈퍼,슈퍼,전곡시장,전통시장,서울특별시,,,
23f97e0e0a67d3ab5674,full_annotation_v1,A,q_편의점_03,슈퍼,생활·마트 중 '편의점'을 판매·제공하는 매장,val,편의점,T2 동의어,4b5faf12-04f7-42f4-8ae0-0ebaf60146ec,원마트,슈퍼,성당시장,전통시장,대구광역시,,,
bf245b13c5b514605b3e,full_annotation_v1,A,q_편의점_03,슈퍼,생활·마트 중 '편의점'을 판매·제공하는 매장,val,편의점,T2 동의어,516c5277-d25b-480a-89dd-2e963d410bb0,나이스푸드마켓,슈퍼,고성동벚꽃 골목형상점가,골목형상점가,대구광역시,,,
81bc6a56678b98d3c2f0,full_annotation_v1,A,q_편의점_03,슈퍼,생활·마트 중 '편의점'을 판매·제공하는 매장,val,편의점,T2 동의어,eebf683b-19d1-4247-8590-b89399f3051e,모퉁이슈퍼,슈퍼,안동광석거리 골목형상점가,골목형상점가,경상북도,,,
664511349d92f3ffabcc,full_annotation_v1,A,q_편의점_03,슈퍼,생활·마트 중 '편의점'을 판매·제공하는 매장,val,편의점,T2 동의어,2784a48e-72d4-4972-8973-bf68a73fd49e,소복한닭곰탕,한식,신산격종합시장 골목형상점가,골목형상점가,대구광역시,,,
32eba431e759a61025d0,full_annotation_v1,A,q_편의점_03,슈퍼,생활·마트 중 '편의점'을 판매·제공하는 매장,val,편의점,T2 동의어,41271861-14f4-4a1f-aa2a-17e41c84d24f,보배유통,슈퍼,쌍정 골목형상점가,골목형상점가,전라남도,,,
53e1886845939e324297,full_annotation_v1,A,q_편의점_03,슈퍼,생활·마트 중 '편의점'을 판매·제공하는 매장,val,편의점,T2 동의어,22100451-6c7a-488e-9d41-f6f53f69a85b,대덕슈퍼,슈퍼,영등포양평시장,기타,서울특별시,,,
035179e6a3d21099c67f,full_annotation_v1,A,q_편의점_03,슈퍼,생활·마트 중 '편의점'을 판매·제공하는 매장,val,편의점,T2 동의어,e52664e1-fddb-41d0-b480-9950bbc4affb,원마트,슈퍼,부전상가시장,전통시장,부산광역시,,,
fd91dcb4f002cfdbf75e,full_annotation_v1,A,q_편의점_03,슈퍼,생활·마트 중 '편의점'을 판매·제공하는 매장,val,편의점,T2 동의어,fc5a4c4f-b286-4277-beb1-e5e0731ad5e1,모나플로스,꽃,포수말 골목형상점가,골목형상점가,서울특별시,,,
f66300c312e49da0c4e1,full_annotation_v1,A,q_편의점_03,슈퍼,생활·마트 중 '편의점'을 판매·제공하는 매장,val,편의점,T2 동의어,e8d5de3d-e911-415f-942c-982bde7ed02a,승리마트,슈퍼,매산시장,전통시장,경기도,,,
3f84ef62441adec0eac8,full_annotation_v1,A,q_편의점_03,슈퍼,생활·마트 중 '편의점'을 판매·제공하는 매장,val,편의점,T2 동의어,21f07841-1b93-4e20-bd36-b760df55e823,서울슈퍼,슈퍼,영주공설시장,전통시장,경상북도,,,
cd89eb4107c2c91df41f,full_annotation_v1,A,q_편의점_03,슈퍼,생활·마트 중 '편의점'을 판매·제공하는 매장,val,편의점,T2 동의어,dd670eca-6028-4d89-b821-bef9b940fce6,현대마트,슈퍼,신내당시장,전통시장,대구광역시,,,
7624a3a11a8835698a68,full_annotation_v1,A,q_편의점_03,슈퍼,생활·마트 중 '편의점'을 판매·제공하는 매장,val,편의점,T2 동의어,d2695052-ec70-4cf7-a9a7-68819449e466,만물상회,슈퍼,서귀포매일올레시장,전통시장,제주특별자치도,,,
715e8f036233d9e55395,full_annotation_v1,A,q_편의점_03,슈퍼,생활·마트 중 '편의점'을 판매·제공하는 매장,val,편의점,T2 동의어,9f5f4aab-11cf-48ec-b1a2-cb37512ebc69,대한슈퍼,슈퍼,용궁시장,전통시장,경상북도,,,
388754708193dee43120,full_annotation_v1,A,q_편의점_03,슈퍼,생활·마트 중 '편의점'을 판매·제공하는 매장,val,편의점,T2 동의어,bb02cd5e-d7a9-44cf-ae5e-0cfaad09d7f3,빅마트,슈퍼,금촌전통시장,전통시장,경기도,,,
d557f650f1344835033e,full_annotation_v1,A,q_편의점_03,슈퍼,생활·마트 중 '편의점'을 판매·제공하는 매장,val,편의점,T2 동의어,b03e3e87-1c49-48e1-bbb2-afbb6bf0bc61,LH슈퍼,슈퍼,함창시장,전통시장,경상북도,,,
7491bd8dd511701f477e,full_annotation_v1,A,q_편의점_03,슈퍼,생활·마트 중 '편의점'을 판매·제공하는 매장,val,편의점,T2 동의어,ee2fbc84-1f0d-4216-afa9-e222c2f506b5,우리홈마트,슈퍼,풍납시장,전통시장,서울특별시,,,
dd3ccc28b3da5a67320e,full_annotation_v1,A,q_편의점_03,슈퍼,생활·마트 중 '편의점'을 판매·제공하는 매장,val,편의점,T2 동의어,001906f9-c5ab-4432-9e3a-be3af3f08aeb,씨유 원주혁신점,편의점,혁신도시5구역골목형상점가,골목형상점가,강원특별자치도,,,
3dc019eb3394176ed58f,full_annotation_v1,A,q_편의점_03,슈퍼,생활·마트 중 '편의점'을 판매·제공하는 매장,val,편의점,T2 동의어,6b087398-e22c-4625-9ea6-5524ba825154,코사마트,슈퍼,서재소상공인연합회,골목형상점가,대구광역시,,,
a44a2f9ea090260a001b,full_annotation_v1,A,q_편의점_03,슈퍼,생활·마트 중 '편의점'을 판매·제공하는 매장,val,편의점,T2 동의어,ec5e8e64-5693-4bdc-a9f6-1d9edaaca232,㈜빅싸게마트,슈퍼,수안인정시장,전통시장,부산광역시,,,
4bda7a1222768b6cd127,full_annotation_v1,A,q_편의점_03,슈퍼,생활·마트 중 '편의점'을 판매·제공하는 매장,val,편의점,T2 동의어,12f6e2f5-2990-4ed9-9bc6-a98cc1a3d7e8,선홍슈퍼,슈퍼,풍산시장,전통시장,경상북도,,,
c0e8512a622a6a6c0a90,full_annotation_v1,A,q_편의점_03,슈퍼,생활·마트 중 '편의점'을 판매·제공하는 매장,val,편의점,T2 동의어,7bff5fe9-6f12-4884-b6ed-e8ad8196c4bb,중앙슈퍼,슈퍼,김제금만시장,전통시장,전북특별자치도,,,
b35a7f93e3acea144ae7,full_annotation_v1,A,q_편의점_03,슈퍼,생활·마트 중 '편의점'을 판매·제공하는 매장,val,편의점,T2 동의어,01d01063-d46f-4d55-991f-bd03c55392f8,씨유 사상중흥센터,편의점,중흥 골목형상점가,골목형상점가,부산광역시,,,
825e83e5cc07fdf4e9aa,full_annotation_v1,A,q_편의점_03,슈퍼,생활·마트 중 '편의점'을 판매·제공하는 매장,val,편의점,T2 동의어,02aa03ee-0acd-4df8-b4f6-0ae0cb828201,대성슈퍼,슈퍼,인제시장,전통시장,강원특별자치도,,,
1fda48a4302657a0612b,full_annotation_v1,A,q_편의점_03,슈퍼,생활·마트 중 '편의점'을 판매·제공하는 매장,val,편의점,T2 동의어,47ac6f26-0dd7-4c39-b7a0-90cba8098b00,쉼터,슈퍼,역전시장 상점가,자율상권구역,대전광역시,,,
2eb316eb5ca31ec79745,full_annotation_v1,A,q_편의점_03,슈퍼,생활·마트 중 '편의점'을 판매·제공하는 매장,val,편의점,T2 동의어,02ab118f-aa08-483e-b7d3-93768e12c1be,이마트24옥정엠시티점,,파스텔시티2차상점가,골목형상점가,경기도,,,
d02fbc70188a6e95e418,full_annotation_v1,A,q_편의점_03,슈퍼,생활·마트 중 '편의점'을 판매·제공하는 매장,val,편의점,T2 동의어,c68571ea-85f3-49a0-b434-b714ad268ca6,참마트,슈퍼,아랫장,전통시장,전라남도,,,
3280269fe0139aa23fc3,full_annotation_v1,A,q_편의점_03,슈퍼,생활·마트 중 '편의점'을 판매·제공하는 매장,val,편의점,T2 동의어,b8d64ccd-887a-4156-9486-f30589ed98ea,마을수퍼,슈퍼,석곡동 골목형상점가,골목형상점가,광주광역시,,,
715486de415e308ce0b0,full_annotation_v1,A,q_편의점_03,슈퍼,생활·마트 중 '편의점'을 판매·제공하는 매장,val,편의점,T2 동의어,72d1dfdf-b27d-4414-be97-a406473c7979,홈마트,슈퍼,관문상가시장,전통시장,대구광역시,,,
a1d3ad26ea21a14f84d2,full_annotation_v1,A,q_편의점_03,슈퍼,생활·마트 중 '편의점'을 판매·제공하는 매장,val,편의점,T2 동의어,c7677540-436f-4313-8644-9db9146ed00b,대성슈퍼,슈퍼,억지춘향시장(구 봉화춘향시장),전통시장,경상북도,,,
3f5f164f737fe38ccfb9,full_annotation_v1,A,q_편의점_03,슈퍼,생활·마트 중 '편의점'을 판매·제공하는 매장,val,편의점,T2 동의어,7c8bfb58-6033-4291-8328-50307c044bc3,중국식품,슈퍼,간석자유시장,전통시장,인천광역시,,,
609d54fb7e6bf6680ae7,full_annotation_v1,A,q_편의점_03,슈퍼,생활·마트 중 '편의점'을 판매·제공하는 매장,val,편의점,T2 동의어,f6ea4f26-3176-4fcc-a29a-e801b0e6bbcc,현대상회,슈퍼,충주무학시장,전통시장,충청북도,,,
02b4900e3914b6314645,full_annotation_v1,A,q_편의점_03,슈퍼,생활·마트 중 '편의점'을 판매·제공하는 매장,val,편의점,T2 동의어,5b8639cc-624d-4e1f-94e4-78127ac79c34,쌩마트,슈퍼,거제 장평종합시장,전통시장,경상남도,,,
7ccfbb8e1eb0d947da55,full_annotation_v1,A,q_편의점_03,슈퍼,생활·마트 중 '편의점'을 판매·제공하는 매장,val,편의점,T2 동의어,29395419-c296-4e86-91d9-ddb8ad6138a6,중앙슈퍼,슈퍼,청주중앙시장,전통시장,충청북도,,,
8ee295ddb8961be276de,full_annotation_v1,A,q_편의점_03,슈퍼,생활·마트 중 '편의점'을 판매·제공하는 매장,val,편의점,T2 동의어,f04b9c8c-7ddc-48a3-ba98-5aaa7baf0327,대성슈퍼,슈퍼,백운 대성시장 골목형상점가,골목형상점가,광주광역시,,,
0512d296f7b3bfda6e69,full_annotation_v1,A,q_편의점_03,슈퍼,생활·마트 중 '편의점'을 판매·제공하는 매장,val,편의점,T2 동의어,8d527664-0256-4f99-ba04-2d44bf2ceb84,현대마트,슈퍼,두암1동 골목형상점가,골목형상점가,광주광역시,,,
9e46977649b65d137b8a,full_annotation_v1,A,q_편의점_04,편의점 매장,생활·마트 중 '편의점'을 판매·제공하는 매장,val,편의점,T2 동의어,43f8a456-3012-4f4f-beb0-bc85fc1ec2c4,홈웨이편의점,편의점,함평천지 골목형상점가,골목형상점가,전라남도,,,
4649423f609c29e1833b,full_annotation_v1,A,q_편의점_04,편의점 매장,생활·마트 중 '편의점'을 판매·제공하는 매장,val,편의점,T2 동의어,02656399-5272-4d95-93ce-aa699e13cfdb,우리홈마트,,중화산로 골목형상점가,골목형상점가,전북특별자치도,,,
0a48a0e82f9dd154437c,full_annotation_v1,A,q_편의점_04,편의점 매장,생활·마트 중 '편의점'을 판매·제공하는 매장,val,편의점,T2 동의어,67e246e9-09f0-4556-aa8c-cfc097e5a380,세븐일레븐편의점,편의점,88글러브 골목형상점가,골목형상점가,대전광역시,,,
8a9960af06538d7be648,full_annotation_v1,A,q_편의점_04,편의점 매장,생활·마트 중 '편의점'을 판매·제공하는 매장,val,편의점,T2 동의어,95cce0a4-2f73-4e0c-91eb-6657686b45c9,세븐일레븐거제신현점,편의점,거제 고현시장,전통시장,경상남도,,,
6e28aa173a4301cd6649,full_annotation_v1,A,q_편의점_04,편의점 매장,생활·마트 중 '편의점'을 판매·제공하는 매장,val,편의점,T2 동의어,72329e11-90b0-4923-87b7-161cfaeadd19,호남복사인쇄,복사서비스,전북대대학로상점가,자율상권구역,전북특별자치도,,,
c99d6577241c30561fef,full_annotation_v1,A,q_편의점_04,편의점 매장,생활·마트 중 '편의점'을 판매·제공하는 매장,val,편의점,T2 동의어,3649476e-6cb0-48ae-8bed-26ee4fcb9512,씨유정읍역점,편의점,정읍연지상점가,자율상권구역,전북특별자치도,,,
72cbe6e6c346eb2307e3,full_annotation_v1,A,q_편의점_04,편의점 매장,생활·마트 중 '편의점'을 판매·제공하는 매장,val,편의점,T2 동의어,481b4d13-7128-4f25-94f8-7bf2f71a4d8e,주야편의점,편의점,부곡시장,전통시장,경상북도,,,
08fe205949a154f112ce,full_annotation_v1,A,q_편의점_04,편의점 매장,생활·마트 중 '편의점'을 판매·제공하는 매장,val,편의점,T2 동의어,3bde790e-d4d7-4f61-8d83-2898f1acb39a,씨유편의점,편의점,쌍용먹자패션거리 골목형상점가,골목형상점가,충청남도,,,
699c42c65387bd98530b,full_annotation_v1,A,q_편의점_04,편의점 매장,생활·마트 중 '편의점'을 판매·제공하는 매장,val,편의점,T2 동의어,384de038-e0eb-4dff-97fa-ad13ac3730e9,관방천편의점,편의점,국수거리 골목형상점가,골목형상점가,전라남도,,,
e6ae11e021f0eb9405e0,full_annotation_v1,A,q_편의점_04,편의점 매장,생활·마트 중 '편의점'을 판매·제공하는 매장,val,편의점,T2 동의어,90b3d04f-3a87-4d2a-9ebe-d54f5368e1b3,CU월산금화점,편의점,도군머리 골목형상점가,골목형상점가,광주광역시,,,
0c5d67591ed53bc80d0f,full_annotation_v1,A,q_편의점_04,편의점 매장,생활·마트 중 '편의점'을 판매·제공하는 매장,val,편의점,T2 동의어,4cb69cb4-806b-48de-a699-74dd3df33ecd,달달한온도(용봉점),커피 및 음료 디저트 과일,용봉지구 골목형상점가,골목형상점가,광주광역시,,,
92ef72ba958a8b03b28a,full_annotation_v1,A,q_편의점_04,편의점 매장,생활·마트 중 '편의점'을 판매·제공하는 매장,val,편의점,T2 동의어,bc4d0206-54b1-4f0d-8151-fbe8f5ef08ff,GS25풍암원룸점,편의점,풍암운리중상인회 골목형상점가,골목형상점가,광주광역시,,,
a96bfd83c728eb6c70bb,full_annotation_v1,A,q_편의점_04,편의점 매장,생활·마트 중 '편의점'을 판매·제공하는 매장,val,편의점,T2 동의어,e033dd8b-4c27-4ce8-8ff8-099f068e02ae,씨유하가중앙점,편의점,하가 골목형상점가,골목형상점가,전북특별자치도,,,
924f8d99bb2962b4d8bf,full_annotation_v1,A,q_편의점_04,편의점 매장,생활·마트 중 '편의점'을 판매·제공하는 매장,val,편의점,T2 동의어,08cfcf2b-d755-4716-a3fb-9f199ed70b04,씨유주문진항,편의점,주문진건어물시장,전통시장,강원특별자치도,,,
748b7e9e05b76306316f,full_annotation_v1,A,q_편의점_04,편의점 매장,생활·마트 중 '편의점'을 판매·제공하는 매장,val,편의점,T2 동의어,3c4a2539-7dfa-4768-a3b1-093ff9a0eba7,씨유장대스토리점,편의점,장대동패션상가 골목형상점가,골목형상점가,대전광역시,,,
756ba4f9451998a31ab7,full_annotation_v1,A,q_편의점_04,편의점 매장,생활·마트 중 '편의점'을 판매·제공하는 매장,val,편의점,T2 동의어,0abbc6fb-212a-4d54-b372-9f4547956bc9,Gs25고암두언점,편의점,엄상마을상점가,골목형상점가,경기도,,,
ae5a144cb2e562a6bc7c,full_annotation_v1,A,q_편의점_04,편의점 매장,생활·마트 중 '편의점'을 판매·제공하는 매장,val,편의점,T2 동의어,6b05622d-1506-4162-8b5f-a4ec233cbe5a,CU하남수산물시장점,편의점,하남수산물전통시장,전통시장,경기도,,,
a93142ea55a3982151a3,full_annotation_v1,A,q_편의점_04,편의점 매장,생활·마트 중 '편의점'을 판매·제공하는 매장,val,편의점,T2 동의어,6c53ada8-c7b8-4bb3-97d9-0d14830c023f,emart24,편의점,죽녹원 북문 골목형상점가,골목형상점가,전라남도,,,
62285c8b8df60f11d250,full_annotation_v1,A,q_편의점_04,편의점 매장,생활·마트 중 '편의점'을 판매·제공하는 매장,val,편의점,T2 동의어,01b2c972-f367-47e6-b3d2-11585175a7c1,명동슈퍼,슈퍼,신대방1동온누리길골목형상점가,골목형상점가,서울특별시,,,
d405d4e18b32c5ecba2e,full_annotation_v1,A,q_편의점_04,편의점 매장,생활·마트 중 '편의점'을 판매·제공하는 매장,val,편의점,T2 동의어,5b96256c-d213-4d0e-92fe-389dc7cc6681,CU,편의점,하남진곡 골목형상점가,골목형상점가,광주광역시,,,
f2f5093f3c2fd5ae9643,full_annotation_v1,A,q_편의점_04,편의점 매장,생활·마트 중 '편의점'을 판매·제공하는 매장,val,편의점,T2 동의어,ace96847-ba1f-4f6b-bc69-60b8124938a4,Cu광주무등시장,편의점,세은 골목형상점가,골목형상점가,광주광역시,,,
e13b0b133f7b9d1f2a78,full_annotation_v1,A,q_편의점_04,편의점 매장,생활·마트 중 '편의점'을 판매·제공하는 매장,val,편의점,T2 동의어,003683a7-fde1-46b0-8421-08210268e2b0,이마트24 광주일곡엘리체점,,삼각동 골목형상점가,골목형상점가,,,,
b417673ed8c11aae8e30,full_annotation_v1,A,q_편의점_04,편의점 매장,생활·마트 중 '편의점'을 판매·제공하는 매장,val,편의점,T2 동의어,9297295b-1ad1-4f9b-8034-6265b38f62c2,시장할인마트,편의점,강진읍시장,전통시장,전라남도,,,
db18db57dd5dba759bfd,full_annotation_v1,A,q_편의점_04,편의점 매장,생활·마트 중 '편의점'을 판매·제공하는 매장,val,편의점,T2 동의어,a68907fa-94e6-48e2-8039-7a7c991bd388,CU의정부제일시장점,편의점,의정부제일시장,전통시장,경기도,,,
89cc9780906de50ebfa0,full_annotation_v1,A,q_편의점_04,편의점 매장,생활·마트 중 '편의점'을 판매·제공하는 매장,val,편의점,T2 동의어,1e5b94d0-c710-4431-9708-3c1bb41df231,지에스25광주대중,편의점,한미쇼핑사거리 골목형상점가,골목형상점가,광주광역시,,,
5f2dc5f48dce4fd14a8e,full_annotation_v1,A,q_편의점_04,편의점 매장,생활·마트 중 '편의점'을 판매·제공하는 매장,val,편의점,T2 동의어,482cbb20-74a8-4251-ac9a-b0efcc6d72b5,모아편의점,편의점,풍암금당상인회 골목형상점가,골목형상점가,광주광역시,,,
a7d4d83a2057a11998e2,full_annotation_v1,A,q_편의점_04,편의점 매장,생활·마트 중 '편의점'을 판매·제공하는 매장,val,편의점,T2 동의어,560a1f49-00ef-4de6-a8dc-de4b635be082,씨유대전괴정온누리점,편의점,괴정가장로 골목형상점가,골목형상점가,대전광역시,,,
d3737d189b9bd81e9f3b,full_annotation_v1,A,q_편의점_04,편의점 매장,생활·마트 중 '편의점'을 판매·제공하는 매장,val,편의점,T2 동의어,01ca51d4-ae25-4b4f-86b6-d8461d581a02,영광슈퍼,소매업(슈퍼),신원시장,전통시장,서울특별시,,,
643b7aa68054c1ca17d2,full_annotation_v1,A,q_편의점_04,편의점 매장,생활·마트 중 '편의점'을 판매·제공하는 매장,val,편의점,T2 동의어,15d044c5-0f5c-4410-b98b-bff87e4f08df,우리편의점,편의점,산본로데오거리(구 산본중심상가),자율상권구역,경기도,,,
6e72ac3735a26cdf2f8f,full_annotation_v1,A,q_편의점_04,편의점 매장,생활·마트 중 '편의점'을 판매·제공하는 매장,val,편의점,T2 동의어,4eb0db80-52ed-4f25-894b-381b3ba0084b,더글라스 문흥점,"안경, 콘택트",문흥2동 골목형상점가,골목형상점가,광주광역시,,,
98fe69c07c3bbc2462a7,full_annotation_v1,A,q_편의점_04,편의점 매장,생활·마트 중 '편의점'을 판매·제공하는 매장,val,편의점,T2 동의어,dc236aa0-df7a-4ea4-a73d-afe846bdadc1,Gs편의점농성대남점,편의점,상공회의소누리상인회 골목형상점가,골목형상점가,광주광역시,,,
48710669d3600a39f33e,full_annotation_v1,A,q_편의점_04,편의점 매장,생활·마트 중 '편의점'을 판매·제공하는 매장,val,편의점,T2 동의어,9331b39b-d923-4ec3-9203-fffe2e3df532,나우리편의점,편의점,거제 고현자율상권,,경상남도,,,
6752cdc404e89984574f,full_annotation_v1,A,q_편의점_04,편의점 매장,생활·마트 중 '편의점'을 판매·제공하는 매장,val,편의점,T2 동의어,453c7257-40ca-4674-9958-4a04b5f91301,세븐일레븐 숭덕2점,편의점 매장,첨단이웃사랑 골목형상점가,골목형상점가,광주광역시,,,
1b1c5c42cef969288832,full_annotation_v1,A,q_편의점_04,편의점 매장,생활·마트 중 '편의점'을 판매·제공하는 매장,val,편의점,T2 동의어,003747e4-8102-4296-bfdf-b7ca7c1f83fa,평화잡화,잡화,부산평화시장,전통시장,부산광역시,,,
e0f7e3fc3e6e9b4624d0,full_annotation_v1,A,q_편의점_04,편의점 매장,생활·마트 중 '편의점'을 판매·제공하는 매장,val,편의점,T2 동의어,6c7c6afd-4d18-4cc2-bf91-f8e4b030c95e,마음 체크인 심리상담센터,,노은역 골목형상점가,골목형상점가,대전광역시,,,
70f7f35fd1ae1a38c24d,full_annotation_v1,A,q_편의점_04,편의점 매장,생활·마트 중 '편의점'을 판매·제공하는 매장,val,편의점,T2 동의어,001bacc9-5a95-4049-babd-6691512d8da0,백두사,잡화,장량성도시장,전통시장,경상북도,,,
e0d6424b5e8e29c51d41,full_annotation_v1,A,q_편의점_04,편의점 매장,생활·마트 중 '편의점'을 판매·제공하는 매장,val,편의점,T2 동의어,9e51cb4f-dfd8-4749-8064-b2c4e87a8fbe,cu광주엠플러스점,편의점,매월동상인회 골목형상점가,골목형상점가,광주광역시,,,
1dbb89cea4b761ca0752,full_annotation_v1,A,q_편의점_04,편의점 매장,생활·마트 중 '편의점'을 판매·제공하는 매장,val,편의점,T2 동의어,ed0a54eb-475a-4dc2-9746-5a8c51700598,세븐일레븐,편의점,메트로센터(반월당지하쇼핑),일반지하상점가,대구광역시,,,
4dd094e2d787cc4d6b02,full_annotation_v1,A,q_편의점_04,편의점 매장,생활·마트 중 '편의점'을 판매·제공하는 매장,val,편의점,T2 동의어,7bbb1ed7-c3d8-4905-b02e-4da632aa2cf6,GS25,편의점,하남진곡 골목형상점가,골목형상점가,광주광역시,,,
14439549dcea00378c88,full_annotation_v1,A,q_편의점_04,편의점 매장,생활·마트 중 '편의점'을 판매·제공하는 매장,val,편의점,T2 동의어,4a3fd4de-8011-4f2e-a870-f081df997e08,세븐일레븐,편의점,지웰시티자이상가 골목형상점가,골목형상점가,울산광역시,,,
5c8c2104ed4a492ec9ca,full_annotation_v1,A,q_편의점_04,편의점 매장,생활·마트 중 '편의점'을 판매·제공하는 매장,val,편의점,T2 동의어,02ab118f-aa08-483e-b7d3-93768e12c1be,이마트24옥정엠시티점,,파스텔시티2차상점가,골목형상점가,경기도,,,
03840589198462ec2a60,full_annotation_v1,A,q_편의점_04,편의점 매장,생활·마트 중 '편의점'을 판매·제공하는 매장,val,편의점,T2 동의어,88431df8-90b4-4fb1-9d80-7b0ce9a4610d,현대25시 편의점,편의점 복권,봉일천전통시장,전통시장,경기도,,,
2012bc64cd8abe86f958,full_annotation_v1,A,q_편의점_04,편의점 매장,생활·마트 중 '편의점'을 판매·제공하는 매장,val,편의점,T2 동의어,4060a200-5975-41a1-870b-5156f9db3764,GS25둔전제일점,편의점,둔전골목형상점가,골목형상점가,경기도,,,
1fb2449c45cd33d761a9,full_annotation_v1,A,q_편의점_04,편의점 매장,생활·마트 중 '편의점'을 판매·제공하는 매장,val,편의점,T2 동의어,bc539cce-1727-4192-9ca3-8ef8baf19e4f,GS25,편의점,임방울거리3구역 골목형상점가,골목형상점가,광주광역시,,,
ae9b829bfd449e4c30d0,full_annotation_v1,A,q_편의점_04,편의점 매장,생활·마트 중 '편의점'을 판매·제공하는 매장,val,편의점,T2 동의어,43245805-c89c-4e87-8ea0-e8843e1613c0,세븐일레븐,편의점,옥계 600,골목형상점가,경상북도,,,
93d920a637f561e7fc58,full_annotation_v1,A,q_편의점_04,편의점 매장,생활·마트 중 '편의점'을 판매·제공하는 매장,val,편의점,T2 동의어,a4b20e2f-e133-4089-bfd2-d6ec47c8ae0f,GS25송도커낼워크점,편의점,커낼워크상점가,골목형상점가,인천광역시,,,
4bbd972b98684bd6163b,full_annotation_v1,A,q_편의점_04,편의점 매장,생활·마트 중 '편의점'을 판매·제공하는 매장,val,편의점,T2 동의어,e47288cc-6ac7-4b2d-9a64-4e66b39990ab,CU주엽효원점,편의점,주엽역 골목형상점가,골목형상점가,경기도,,,
9857bd7829116f9ee1c6,full_annotation_v1,A,q_편의점_04,편의점 매장,생활·마트 중 '편의점'을 판매·제공하는 매장,val,편의점,T2 동의어,001906f9-c5ab-4432-9e3a-be3af3f08aeb,씨유 원주혁신점,편의점,혁신도시5구역골목형상점가,골목형상점가,강원특별자치도,,,
05de18bcd20855aa5020,full_annotation_v1,A,q_편의점_04,편의점 매장,생활·마트 중 '편의점'을 판매·제공하는 매장,val,편의점,T2 동의어,f49a524f-1de6-4c8d-bdfa-694328f5409c,축협알뜰편의점,편의점,새영주시장,전통시장,부산광역시,,,
843bbc4563731eba3366,full_annotation_v1,A,q_편의점_04,편의점 매장,생활·마트 중 '편의점'을 판매·제공하는 매장,val,편의점,T2 동의어,cff06b48-54d4-4423-b9a3-5c6ba4657d39,GS25,편의점,아진상가,골목형상점가,울산광역시,,,
87a73d383d24461ea983,full_annotation_v1,A,q_편의점_04,편의점 매장,생활·마트 중 '편의점'을 판매·제공하는 매장,val,편의점,T2 동의어,70b719cb-1256-4dd0-977d-cf50aa1d3d1a,유진 가구,"철재가구, 가구소품",창원 팔용가구거리,자율상권구역,경상남도,,,
8a52ac6840302694ce77,full_annotation_v1,A,q_편의점_04,편의점 매장,생활·마트 중 '편의점'을 판매·제공하는 매장,val,편의점,T2 동의어,136a1420-596f-4e81-a7c7-fdbc589c9621,어반,,원신흥 골목형상점가,골목형상점가,대전광역시,,,
9379d369244964ae310d,full_annotation_v1,A,q_편의점_04,편의점 매장,생활·마트 중 '편의점'을 판매·제공하는 매장,val,편의점,T2 동의어,b87a6d90-69d6-4ad7-b646-e863486748ac,씨유성주찬현점,편의점,성주시장,전통시장,경상북도,,,
7309e5f44450228c7812,full_annotation_v1,A,q_편의점_04,편의점 매장,생활·마트 중 '편의점'을 판매·제공하는 매장,val,편의점,T2 동의어,2644e238-a7c8-41b1-8c79-cb2f76d08a15,동일마트,편의점,김해 삼방전통시장,전통시장,경상남도,,,
c46709ad2d004a1a034d,full_annotation_v1,A,q_편의점_04,편의점 매장,생활·마트 중 '편의점'을 판매·제공하는 매장,val,편의점,T2 동의어,0127440f-2d8b-45f0-b518-a19665d3d5a8,나들가게서교하이퍼,소매(슈퍼),서교시장,전통시장,서울특별시,,,
43a4365c790c52de210f,full_annotation_v1,A,q_편의점_04,편의점 매장,생활·마트 중 '편의점'을 판매·제공하는 매장,val,편의점,T2 동의어,3af2ab7d-0bc5-4de8-951d-7a26f17a8024,무등태권도장,태권도,대주먹자골목 골목형상점가,골목형상점가,광주광역시,,,
c56424d23c8a226aa926,full_annotation_v1,A,q_편의점_04,편의점 매장,생활·마트 중 '편의점'을 판매·제공하는 매장,val,편의점,T2 동의어,0988667a-cf9e-456b-8122-1d8b35160864,CU해남땅끝점,편의점,땅끝마을 상점가,골목형상점가,전라남도,,,
7249fde2787b0d1e3cfd,full_annotation_v1,A,q_편의점_04,편의점 매장,생활·마트 중 '편의점'을 판매·제공하는 매장,val,편의점,T2 동의어,cb984887-fe30-4ba4-9f05-aa9664395f64,지에스25월계크라운점,편의점,첨단이웃사랑 골목형상점가,골목형상점가,광주광역시,,,
74656b9f08fc526349f0,full_annotation_v1,A,q_편의점_04,편의점 매장,생활·마트 중 '편의점'을 판매·제공하는 매장,val,편의점,T2 동의어,ec011a7f-6dba-4811-aa9a-b80c415e4c59,CU점촌역,편의점,점촌역전상점가,자율상권구역,경상북도,,,
48d2589821902e8df905,full_annotation_v1,A,q_편의점_04,편의점 매장,생활·마트 중 '편의점'을 판매·제공하는 매장,val,편의점,T2 동의어,38bd4927-866b-4a69-99b2-11549a92febc,둘리점인더라인25시,편의점,신현회화골목형상점가,골목형상점가,인천광역시,,,
70aa1e2c44709172c2fa,full_annotation_v1,A,q_편의점_04,편의점 매장,생활·마트 중 '편의점'을 판매·제공하는 매장,val,편의점,T2 동의어,c0933a71-92d8-46da-85f0-017c515458ec,다원유통(비와이씨 매장),속옷,대성상가 골목형상점가,골목형상점가,부산광역시,,,
ca2d0fcdec0dded86290,full_annotation_v1,A,q_편의점_04,편의점 매장,생활·마트 중 '편의점'을 판매·제공하는 매장,val,편의점,T2 동의어,dd5dbdfe-93a2-425c-b281-143ce1123a43,세븐일레븐전주여의제일점,편의점,여의동 골목형상점가,골목형상점가,전북특별자치도,,,
dcf084f99c3de9b64786,full_annotation_v1,A,q_편의점_04,편의점 매장,생활·마트 중 '편의점'을 판매·제공하는 매장,val,편의점,T2 동의어,75185668-0bba-4930-8210-d43b6d469416,씨유석계본점,편의점,석계음식문화거리골목형상점가,골목형상점가,서울특별시,,,
cc6cad317492dca29f4b,full_annotation_v1,A,q_편의점_04,편의점 매장,생활·마트 중 '편의점'을 판매·제공하는 매장,val,편의점,T2 동의어,b4780de6-84fc-466c-a59d-fb41b3eae46b,GS25김천황금점,편의점,김천황금시장,전통시장,경상북도,,,
cdd1f8409e302cbe23f4,full_annotation_v1,A,q_편의점_04,편의점 매장,생활·마트 중 '편의점'을 판매·제공하는 매장,val,편의점,T2 동의어,003d5df8-0856-45e0-a11e-5098cf70541e,앨리스리본&공방,"공방, 잡화",봉화내성시장,전통시장,경상북도,,,
c501dba464ac73192805,full_annotation_v1,A,q_편의점_04,편의점 매장,생활·마트 중 '편의점'을 판매·제공하는 매장,val,편의점,T2 동의어,0015ea0b-d565-4d75-bbfb-1198daeb0b0c,나이스마트청라자이점,,청라언덕 골목형상점가,골목형상점가,대구광역시,,,
761f1ade7442c3870ad6,full_annotation_v1,A,q_편의점_04,편의점 매장,생활·마트 중 '편의점'을 판매·제공하는 매장,val,편의점,T2 동의어,4b9f6178-301b-4b50-80d3-6f8b505a2893,GS25연제새한점,편의점,양산제로 골목형상점가,골목형상점가,광주광역시,,,
ffead08d3bd0dda30756,full_annotation_v1,A,q_편의점_04,편의점 매장,생활·마트 중 '편의점'을 판매·제공하는 매장,val,편의점,T2 동의어,01d01063-d46f-4d55-991f-bd03c55392f8,씨유 사상중흥센터,편의점,중흥 골목형상점가,골목형상점가,부산광역시,,,
4b3d44c5d62251921d9b,full_annotation_v1,A,q_편의점_04,편의점 매장,생활·마트 중 '편의점'을 판매·제공하는 매장,val,편의점,T2 동의어,06087bd5-698a-4a4b-9812-dc2f59d3cee6,알리바이24시편의점,편의점,굴비골영광시장(구 영광매일시장),전통시장,전라남도,,,
dd92ff842e7177f36a94,full_annotation_v1,A,q_편의점_04,편의점 매장,생활·마트 중 '편의점'을 판매·제공하는 매장,val,편의점,T2 동의어,01a0efe3-6970-4157-9177-c25358a4f8a6,유한회사 도민유통(와이마트),슈퍼마켓,용봉지구 골목형상점가,골목형상점가,광주광역시,,,
8c93eb1ccc98cf19b678,full_annotation_v1,A,q_편의점_04,편의점 매장,생활·마트 중 '편의점'을 판매·제공하는 매장,val,편의점,T2 동의어,ab940518-86dd-4359-af59-aa51f85e8597,CU괘법중앙점,편의점,사상시장,전통시장,부산광역시,,,
0fb887714b871163d2b9,full_annotation_v1,A,q_편의점_04,편의점 매장,생활·마트 중 '편의점'을 판매·제공하는 매장,val,편의점,T2 동의어,fdb8da00-0ee5-457d-a8fc-8415207db81f,덕성상회,곡물,남원공설시장,전통시장,전북특별자치도,,,
b652f374a46be4af0d91,full_annotation_v1,A,q_편의점_04,편의점 매장,생활·마트 중 '편의점'을 판매·제공하는 매장,val,편의점,T2 동의어,b1f52958-5097-4fff-a74d-c05b194d89a3,세븐일레븐,편의점,풍암1로상인회 골목형상점가,골목형상점가,광주광역시,,,
34c53e68c77904fafd74,full_annotation_v1,A,q_편의점_04,편의점 매장,생활·마트 중 '편의점'을 판매·제공하는 매장,val,편의점,T2 동의어,2c949275-a21f-4224-ace5-06dea1b955a3,이마트24,편의점,하남진곡 골목형상점가,골목형상점가,광주광역시,,,
b1127cdacebd79ec8d86,full_annotation_v1,A,q_편의점_04,편의점 매장,생활·마트 중 '편의점'을 판매·제공하는 매장,val,편의점,T2 동의어,4f7a9c06-82e5-4960-9acb-0c3f92655de8,세븐일레븐,편의점,태봉마을 골목형상점가,골목형상점가,경기도,,,
dec9aa08446836a66536,full_annotation_v1,A,q_편의점_04,편의점 매장,생활·마트 중 '편의점'을 판매·제공하는 매장,val,편의점,T2 동의어,0054b824-eb72-4efa-a1ba-40d467c899a5,수정상회,잡화,중앙전통시장,전통시장,울산광역시,,,
9d44c1f63d6ba7f5d397,full_annotation_v1,A,q_편의점_04,편의점 매장,생활·마트 중 '편의점'을 판매·제공하는 매장,val,편의점,T2 동의어,44514a0f-3971-4be8-9d1d-37e043b0d361,거부기편의점,편의점,거북시장,전통시장,인천광역시,,,
390960d912f45e9231ca,full_annotation_v1,A,q_편의점_04,편의점 매장,생활·마트 중 '편의점'을 판매·제공하는 매장,val,편의점,T2 동의어,88acd2dc-7a20-4162-804a-15e5555372f0,CU,편의점,프로방스 골목형상점가,골목형상점가,전라남도,,,
41f01baa7ecaca39c013,full_annotation_v1,A,q_편의점_04,편의점 매장,생활·마트 중 '편의점'을 판매·제공하는 매장,val,편의점,T2 동의어,e8cf0d0a-9515-45aa-bcef-0c4b2346fe7b,지에스25봉선더샵점,편의점,용대로53번길 골목형상점가,골목형상점가,광주광역시,,,
a56f2281785a4f9efb82,full_annotation_v1,A,q_편의점_04,편의점 매장,생활·마트 중 '편의점'을 판매·제공하는 매장,val,편의점,T2 동의어,017a2c54-999b-4850-993e-cac5169d3aec,지에스25 원주황금점,편의점,혁신도시1구역골목형상점가,골목형상점가,강원특별자치도,,,
8ed654e06b99b9e0303c,full_annotation_v1,A,q_편의점_04,편의점 매장,생활·마트 중 '편의점'을 판매·제공하는 매장,val,편의점,T2 동의어,e0d056f4-47ed-4661-a9f1-e06d3e6056ac,세븐일레븐,편의점,강원대학교후문골목형상점가,골목형상점가,강원특별자치도,,,
5067b1273e7e36ffe6ec,full_annotation_v1,A,q_편의점_04,편의점 매장,생활·마트 중 '편의점'을 판매·제공하는 매장,val,편의점,T2 동의어,9e5ac9b1-ea36-4a9e-a9e2-e2a69d5690ee,CU,편의점,프로방스 골목형상점가,골목형상점가,전라남도,,,
b3937f6ace0aa90852d6,full_annotation_v1,A,q_편의점_04,편의점 매장,생활·마트 중 '편의점'을 판매·제공하는 매장,val,편의점,T2 동의어,a9895d16-2a13-44a4-908b-9a8c2936840a,씨유서부율전점,편의점,명덕마을 골목형상점가,골목형상점가,울산광역시,,,
de332269c604a17f91f7,full_annotation_v1,A,q_편의점_04,편의점 매장,생활·마트 중 '편의점'을 판매·제공하는 매장,val,편의점,T2 동의어,fc75b376-03e2-410f-b75a-bc8ea2a1a9b8,이이지에이마트광탄점,편의점,광탄전통시장,전통시장,경기도,,,
b544baedcbf039978b0c,full_annotation_v1,A,q_편의점_04,편의점 매장,생활·마트 중 '편의점'을 판매·제공하는 매장,val,편의점,T2 동의어,4d492655-e03a-4324-a313-78d849318719,대영상회,편의점,도화종합시장,기타,인천광역시,,,
dbc648f00647ce8f76c5,full_annotation_v1,A,q_편의점_04,편의점 매장,생활·마트 중 '편의점'을 판매·제공하는 매장,val,편의점,T2 동의어,7903a6ee-8f8b-4834-9d0d-49e364e29427,GS25,편의점,우산동빛고을 골목형상점가,골목형상점가,광주광역시,,,
9f8ebd528149dc9948b7,full_annotation_v1,A,q_편의점_04,편의점 매장,생활·마트 중 '편의점'을 판매·제공하는 매장,val,편의점,T2 동의어,11bcf74b-12e9-4efa-b294-0dfa7817982c,지에스25자유시장점,편의점,원주중앙시장활성화구역,상권활성화구역,강원특별자치도,,,
5aa1cfb6b9e1ec2de070,full_annotation_v1,A,q_편의점_04,편의점 매장,생활·마트 중 '편의점'을 판매·제공하는 매장,val,편의점,T2 동의어,27427669-324a-4fc4-94c7-d7b68ff134b2,알리바이,편의점,두암1동군왕로 골목형상점가,골목형상점가,광주광역시,,,
53ec8dbfe86b2f728dc9,full_annotation_v1,A,q_편의점_04,편의점 매장,생활·마트 중 '편의점'을 판매·제공하는 매장,val,편의점,T2 동의어,e3aaac51-fe11-4c47-9743-1a01dad9b13a,씨유경희대점,편의점,회기랑길골목형상점가,골목형상점가,서울특별시,,,
e769d7736fd3173e8156,full_annotation_v1,A,q_편의점_04,편의점 매장,생활·마트 중 '편의점'을 판매·제공하는 매장,val,편의점,T2 동의어,f511a360-05c1-4bee-bc20-01394e75d7b8,H스토리,샴푸,광복마을3-4길 골목형상점가,골목형상점가,광주광역시,,,
fcf4019febb3373d52ce,full_annotation_v1,A,q_편의점_04,편의점 매장,생활·마트 중 '편의점'을 판매·제공하는 매장,val,편의점,T2 동의어,dff0c0d4-843d-404b-a3f1-4e7eebdac79d,씨유조종승리점,편의점,조종시장,전통시장,경기도,,,
8d0685bcb0b1af1534c2,full_annotation_v1,A,q_편의점_04,편의점 매장,생활·마트 중 '편의점'을 판매·제공하는 매장,val,편의점,T2 동의어,ea47d538-c0a1-4e28-853d-781913295f37,씨유관악당곡점,편의점,보라빛거리골목형상점가,골목형상점가,서울특별시,,,
5c9624a1e3d7c3c5d120,full_annotation_v1,A,q_편의점_04,편의점 매장,생활·마트 중 '편의점'을 판매·제공하는 매장,val,편의점,T2 동의어,babdb769-d75b-4fa3-bf1c-51280c766735,편의점사랑,편의점,의왕역 골목형상점가,골목형상점가,경기도,,,
ea283e2e86463153d704,full_annotation_v1,A,q_편의점_04,편의점 매장,생활·마트 중 '편의점'을 판매·제공하는 매장,val,편의점,T2 동의어,006f9082-b590-49e3-baf4-f72dc203a510,CU풍암주은모아점,편의점,풍암당산상인회 골목형상점가,골목형상점가,광주광역시,,,
dfed299d21f7bb1989c2,full_annotation_v1,A,q_편의점_04,편의점 매장,생활·마트 중 '편의점'을 판매·제공하는 매장,val,편의점,T2 동의어,7234c934-81df-4950-b694-f81a5a59f7aa,대박마트,편의점,호매실역중심상가 골목형상점가,골목형상점가,경기도,,,
b1d21525157f2da2c668,full_annotation_v1,A,q_편의점_04,편의점 매장,생활·마트 중 '편의점'을 판매·제공하는 매장,val,편의점,T2 동의어,2716a755-6a58-4644-8acc-e03c0a681780,무등관,한식,대주먹자골목 골목형상점가,골목형상점가,광주광역시,,,
8281f84cd041b53be489,full_annotation_v1,A,q_편의점_04,편의점 매장,생활·마트 중 '편의점'을 판매·제공하는 매장,val,편의점,T2 동의어,e8e9c9ac-afdd-4b70-8bf7-78ec9775281c,프랜드편의점,편의점,발안만세시장(구 발안시장),전통시장,경기도,,,
8cb24ffb8b45124a567f,full_annotation_v1,A,q_편의점_04,편의점 매장,생활·마트 중 '편의점'을 판매·제공하는 매장,val,편의점,T2 동의어,1d2c609a-37d6-4073-b72a-91236a3d4ebe,지에스25문흥모아점,편의점,문흥동 골목형상점가,골목형상점가,광주광역시,,,
95b2dd891e5bf58557c4,full_annotation_v1,A,q_편의점_04,편의점 매장,생활·마트 중 '편의점'을 판매·제공하는 매장,val,편의점,T2 동의어,bac6cf87-6a05-44b0-a03c-147f15d1602c,편의점,식품 잡화,운수대통 골목형상점가,골목형상점가,광주광역시,,,
90b2f9cd98004a3c08ff,full_annotation_v1,A,q_편의점_04,편의점 매장,생활·마트 중 '편의점'을 판매·제공하는 매장,val,편의점,T2 동의어,faa75041-4bdb-4e87-85e3-1db953a5bf21,GS25,편의점,메트로센터(반월당지하쇼핑),일반지하상점가,대구광역시,,,
749a121f73f7450f3727,full_annotation_v1,A,q_편의점_04,편의점 매장,생활·마트 중 '편의점'을 판매·제공하는 매장,val,편의점,T2 동의어,816a667e-53ed-4753-8fd5-1b908d6bc75d,해빛편의점,편의점 기타 잡화,전평제상인회 골목형상점가,골목형상점가,광주광역시,,,
75bb60716146029e87d7,full_annotation_v1,A,q_편의점_04,편의점 매장,생활·마트 중 '편의점'을 판매·제공하는 매장,val,편의점,T2 동의어,4e97a3d4-d769-45a9-8ed4-651e115810b4,알리바이24시편의점,편의점,늘솔길상인회 골목형상점가,골목형상점가,광주광역시,,,
7a91c5cb371a76719a05,full_annotation_v1,A,q_편의점_04,편의점 매장,생활·마트 중 '편의점'을 판매·제공하는 매장,val,편의점,T2 동의어,ebbbb80f-e0b5-453f-b1d5-0debd463c3a2,가챠쿠지야,"게임용구, 인형 및 장난감",여수진남상가,자율상권구역,전라남도,,,
39fe46d4e5ebe81ee7d2,full_annotation_v1,A,q_편의점_04,편의점 매장,생활·마트 중 '편의점'을 판매·제공하는 매장,val,편의점,T2 동의어,db992c54-9c6b-403a-a999-0b48fcce8539,세븐일레븐음성읍내중앙점,편의점,음성시장,전통시장,충청북도,,,
97517d60a040fb678723,full_annotation_v1,A,q_편의점_04,편의점 매장,생활·마트 중 '편의점'을 판매·제공하는 매장,val,편의점,T2 동의어,023e5716-7bdc-42c7-9c7e-a9a4f0f23a8b,이마트24 광주하남금호점,,한마음,골목형상점가,,,,
b51f7f6dfe7e9105b615,full_annotation_v1,A,q_편의점_04,편의점 매장,생활·마트 중 '편의점'을 판매·제공하는 매장,val,편의점,T2 동의어,5c075211-d790-485f-8def-67e24a561bbc,마곡편의점,편의점,공산성골목형상점가,골목형상점가,충청남도,,,
e131947742616880e7de,full_annotation_v1,A,q_편의점_04,편의점 매장,생활·마트 중 '편의점'을 판매·제공하는 매장,val,편의점,T2 동의어,ea8a403a-5b41-4492-8a4b-c79797e78966,씨유정읍인네점,편의점,정읍중앙로상점가,자율상권구역,전북특별자치도,,,
efc569a94dc10b829d8e,full_annotation_v1,A,q_편의점_04,편의점 매장,생활·마트 중 '편의점'을 판매·제공하는 매장,val,편의점,T2 동의어,4d0d5ff3-d1e3-4f99-995a-ab125e18d239,지에스25자유시장점,편의점,원주자유시장,전통시장,강원특별자치도,,,
b7cfcf2e1d0272f1eb86,full_annotation_v1,A,q_편의점_04,편의점 매장,생활·마트 중 '편의점'을 판매·제공하는 매장,val,편의점,T2 동의어,e734717c-7370-4950-8142-9fdbcf1efa12,Gs25,편의점,옥천영춘 골목형상점가,골목형상점가,전라남도,,,
617fb90c46536f91434b,full_annotation_v1,A,q_편의점_04,편의점 매장,생활·마트 중 '편의점'을 판매·제공하는 매장,val,편의점,T2 동의어,f8ca399a-6a3c-428a-9f5e-0e32b4bd2844,성원편의점,편의점,창원 성원3차종합상가,전통시장,경상남도,,,
305f50722ed3527eb1f5,full_annotation_v1,A,q_편의점_04,편의점 매장,생활·마트 중 '편의점'을 판매·제공하는 매장,val,편의점,T2 동의어,e90fa987-02cd-403e-baa7-989de65b2038,씨유일곡송해로점,편의점,일곡동 골목형상점가,골목형상점가,광주광역시,,,
5975da5e41a9bea820a3,full_annotation_v1,A,q_편의점_04,편의점 매장,생활·마트 중 '편의점'을 판매·제공하는 매장,val,편의점,T2 동의어,247192b1-0b98-4059-8848-948104589daa,씨유영신점,편의점,영신상가,전통시장,서울특별시,,,
aeef493b3ac20a950de9,full_annotation_v1,A,q_편의점_04,편의점 매장,생활·마트 중 '편의점'을 판매·제공하는 매장,val,편의점,T2 동의어,9812332a-b8e1-406c-b89b-71f2ccec3be2,세븐일레븐,편의점,둔전골목형상점가,골목형상점가,경기도,,,
2654d4de1ed4b33e077f,full_annotation_v1,A,q_편의점_04,편의점 매장,생활·마트 중 '편의점'을 판매·제공하는 매장,val,편의점,T2 동의어,5589af27-8a43-41e8-977c-35759e02fc6a,미래편의점,편의점,운남골목 골목형상점가,골목형상점가,광주광역시,,,
f3675510c6b1cfbcabb3,full_annotation_v1,A,q_편의점_04,편의점 매장,생활·마트 중 '편의점'을 판매·제공하는 매장,val,편의점,T2 동의어,94ed11b4-4849-453d-9204-5d1f82d91a1b,CU용봉용주점,편의점,용봉우치로 골목형상점가,골목형상점가,광주광역시,,,
2a5ab9dbb9b8c8cbdd0d,full_annotation_v1,A,q_편의점_04,편의점 매장,생활·마트 중 '편의점'을 판매·제공하는 매장,val,편의점,T2 동의어,080ba4db-baaa-4f9e-a1a2-4792087b6ba4,먹자분식,한식,평택국제중앙시장,전통시장,경기도,,,
0b77def2318ae4134df2,full_annotation_v1,A,q_편의점_04,편의점 매장,생활·마트 중 '편의점'을 판매·제공하는 매장,val,편의점,T2 동의어,84ec3006-2f82-40c1-9a8c-9cca45bba004,CU장현중앙점,편의점,남양주장현전통시장,전통시장,경기도,,,
2d9fc21772114152a994,full_annotation_v1,A,q_편의점_04,편의점 매장,생활·마트 중 '편의점'을 판매·제공하는 매장,val,편의점,T2 동의어,30b5222b-2253-4953-8056-dbb3fa7bb85f,GS25광주새우리점,편의점,화정동 서부시장,전통시장,광주광역시,,,
1af3fc05c665715cab58,full_annotation_v1,A,q_편의점_04,편의점 매장,생활·마트 중 '편의점'을 판매·제공하는 매장,val,편의점,T2 동의어,f8be60ff-eca7-4fca-adb3-0e7b267fd34c,CU목포산정점,편의점,뒷개로청춘골목상점가,골목형상점가,전라남도,,,
f906326137c867867474,full_annotation_v1,A,q_편의점_04,편의점 매장,생활·마트 중 '편의점'을 판매·제공하는 매장,val,편의점,T2 동의어,733e34a6-f6aa-482c-805e-74d6f6d3c6a3,이마트24광주흑석로또점,편의점,수완이지더원 골목형상점가,골목형상점가,광주광역시,,,
5bab245d6513cf835135,full_annotation_v1,A,q_편의점_04,편의점 매장,생활·마트 중 '편의점'을 판매·제공하는 매장,val,편의점,T2 동의어,69e68669-aa09-4e98-bff1-e5cb3e75ef14,폰케이스 매장,폰케이스,메트로센터(반월당지하쇼핑),일반지하상점가,대구광역시,,,
073fc1ef8366b0bd7cd9,full_annotation_v1,A,q_편의점_04,편의점 매장,생활·마트 중 '편의점'을 판매·제공하는 매장,val,편의점,T2 동의어,a9c5fab8-9c86-409e-be3c-f59f9cbfb260,GS우산중앙로점,편의점,우산동 골목형상점가,골목형상점가,광주광역시,,,
119928dba92b95442db1,full_annotation_v1,A,q_편의점_04,편의점 매장,생활·마트 중 '편의점'을 판매·제공하는 매장,val,편의점,T2 동의어,f8ebf131-e935-4c3f-ae1f-baf3bee6bdef,GS25광주신창점,편의점,미라클,골목형상점가,광주광역시,,,
319bbf62f91cd558b99b,full_annotation_v1,A,q_편의점_04,편의점 매장,생활·마트 중 '편의점'을 판매·제공하는 매장,val,편의점,T2 동의어,301b84b1-87af-4d85-9cd1-4c0f6b4b8f1f,하나편의점,편의점,치평상무역상인회 골목형상점가,골목형상점가,광주광역시,,,
339300c549ac0138f376,full_annotation_v1,A,q_편의점_04,편의점 매장,생활·마트 중 '편의점'을 판매·제공하는 매장,val,편의점,T2 동의어,00242042-f371-486a-a1fc-b85de093edbf,슈올즈 이천점,"신발, 잡화",장터거리시장 골목형상점가,골목형상점가,경기도,,,
c71c1698434a76c8483b,full_annotation_v1,A,q_편의점_04,편의점 매장,생활·마트 중 '편의점'을 판매·제공하는 매장,val,편의점,T2 동의어,7e0b76f9-dc89-43c1-8245-2af342b97b01,김밥나라효천점,김밥및 분식,효천로 골목형상점가,골목형상점가,광주광역시,,,
6edea4f852452f3c1b99,full_annotation_v1,A,q_편의점_04,편의점 매장,생활·마트 중 '편의점'을 판매·제공하는 매장,val,편의점,T2 동의어,d2771b5e-371b-4ee1-91ad-b74c00d9d847,GS25,편의점,중앙로 백운1동 골목형상점가,골목형상점가,광주광역시,,,
b1ad880d676cc12a64be,full_annotation_v1,A,q_편의점_04,편의점 매장,생활·마트 중 '편의점'을 판매·제공하는 매장,val,편의점,T2 동의어,9b067b75-2141-4fc1-a064-d0986c6dc263,세븐일레븐,편의점,두암1동행정복지센터주변 골목형상점가,골목형상점가,광주광역시,,,
8f41664abc45d7a8bd83,full_annotation_v1,A,q_편의점_04,편의점 매장,생활·마트 중 '편의점'을 판매·제공하는 매장,val,편의점,T2 동의어,dbe579e0-b70f-4ebf-af26-18ad18c47624,수수한꽃,화훼 식물,삼례시장,전통시장,전북특별자치도,,,
b8c0cbeb37f107cc2ba5,full_annotation_v1,A,q_편의점_04,편의점 매장,생활·마트 중 '편의점'을 판매·제공하는 매장,val,편의점,T2 동의어,7958d4df-3a3b-4371-b6a1-669e224c263c,지에스25상무대라수점,편의점,치평1230상인회 골목형상점가,골목형상점가,광주광역시,,,
04d4337b125cb0b45b1f,full_annotation_v1,A,q_편의점_04,편의점 매장,생활·마트 중 '편의점'을 판매·제공하는 매장,val,편의점,T2 동의어,0699e51f-0c1c-416c-b987-55e5ee6c31b0,씨유전주진북우성점,편의점,전주우성타운 골목형상점가,골목형상점가,전북특별자치도,,,
72f25207f368984810b0,full_annotation_v1,A,q_편의점_04,편의점 매장,생활·마트 중 '편의점'을 판매·제공하는 매장,val,편의점,T2 동의어,b2a4bd9f-6f25-476d-83f8-3154e3b17a12,지에스25광주여대타운점,편의점,광주여대 골목형상점가,골목형상점가,광주광역시,,,
36a6081c8d4eaa2e417c,full_annotation_v1,A,q_편의점_04,편의점 매장,생활·마트 중 '편의점'을 판매·제공하는 매장,val,편의점,T2 동의어,474d1e82-32df-40a4-8698-fb3d35552ba3,emart24,편의점,임방울거리2구역 골목형상점가,골목형상점가,광주광역시,,,
becc19f242d3faddca65,full_annotation_v1,A,q_편의점_04,편의점 매장,생활·마트 중 '편의점'을 판매·제공하는 매장,val,편의점,T2 동의어,1826f6a7-02fd-48c9-9822-62794a934bf0,장터먹거리,한식,춘천풍물시장,전통시장,강원특별자치도,,,
32e6fd5ab42a7ce9070c,full_annotation_v1,A,q_편의점_04,편의점 매장,생활·마트 중 '편의점'을 판매·제공하는 매장,val,편의점,T2 동의어,dbf595a7-f31c-4a85-87a8-d27efeea77e3,동읍생선,수산물,창원 도계부부시장,전통시장,경상남도,,,
125c1420aa8b12e2debb,full_annotation_v1,A,q_편의점_04,편의점 매장,생활·마트 중 '편의점'을 판매·제공하는 매장,val,편의점,T2 동의어,0202b144-205c-45d5-99b8-aa1fc94b68e4,지에스25쌍용해누리점,편의점,쌍용동 충무로1구역 골목형상점가,골목형상점가,충청남도,,,
33ad83e5a778422f672e,full_annotation_v1,A,q_편의점_04,편의점 매장,생활·마트 중 '편의점'을 판매·제공하는 매장,val,편의점,T2 동의어,01790f65-6bd3-405b-9ef4-493889531486,세븐일레븐자양으뜸2호점,편의점,자양로13길골목형상점가,골목형상점가,서울특별시,,,
324fde8d47fed440ff6b,full_annotation_v1,A,q_편의점_04,편의점 매장,생활·마트 중 '편의점'을 판매·제공하는 매장,val,편의점,T2 동의어,fee76baf-6062-4740-a214-fbae8ab4ec9c,GS25,편의점,신창진흥 골목형상점가,골목형상점가,광주광역시,,,
491feba7d148098ddc29,full_annotation_v1,A,q_편의점_04,편의점 매장,생활·마트 중 '편의점'을 판매·제공하는 매장,val,편의점,T2 동의어,01082ac2-3d28-417c-8311-62a9095208e5,신라정선,슈퍼,남부골목시장,전통시장,서울특별시,,,
d50d284f34e838dbc31c,full_annotation_v1,A,q_편의점_05,생활용품,생활·마트 중 '편의점'을 판매·제공하는 매장,val,편의점,T3 개념확장,9012e7b5-68cc-4579-81c5-2d62a2d7e53a,땡시장,생활용품,송강동 골목형상점가,골목형상점가,대전광역시,,,
09bd2ba5c9ae639e456b,full_annotation_v1,A,q_편의점_05,생활용품,생활·마트 중 '편의점'을 판매·제공하는 매장,val,편의점,T3 개념확장,723a71e5-3c6d-4075-9adc-ba2718f4168f,디씨센타,생활용품,부평 문화의거리,전통시장,인천광역시,,,
988d565c9f9eb54740ae,full_annotation_v1,A,q_편의점_05,생활용품,생활·마트 중 '편의점'을 판매·제공하는 매장,val,편의점,T3 개념확장,c16d7193-bd8c-4b15-9fb0-66a273c778bf,쎈스,생활용품,전주모래내시장,전통시장,전북특별자치도,,,
b808621f5a7d868bd223,full_annotation_v1,A,q_편의점_05,생활용품,생활·마트 중 '편의점'을 판매·제공하는 매장,val,편의점,T3 개념확장,003683a7-fde1-46b0-8421-08210268e2b0,이마트24 광주일곡엘리체점,,삼각동 골목형상점가,골목형상점가,,,,
304603d7c2bcbf829b6c,full_annotation_v1,A,q_편의점_05,생활용품,생활·마트 중 '편의점'을 판매·제공하는 매장,val,편의점,T3 개념확장,13f07125-b7db-4a20-8091-0d77b6567fa2,아민,생활용품,수원남문패션1번가시장,전통시장,경기도,,,
678e60a3a466adfce3dc,full_annotation_v1,A,q_편의점_05,생활용품,생활·마트 중 '편의점'을 판매·제공하는 매장,val,편의점,T3 개념확장,3f27806b-6e86-46fe-b68d-692808206f99,더생활+,생활용품,청주사창시장,전통시장,충청북도,,,
01388d9b7754cb292935,full_annotation_v1,A,q_편의점_05,생활용품,생활·마트 중 '편의점'을 판매·제공하는 매장,val,편의점,T3 개념확장,235b2826-e830-4d7c-b5e5-a099cc5906d3,코지하우스,가구,양주소풍가구단지상점가,자율상권구역,경기도,,,
45b97489fc799eca1dbc,full_annotation_v1,A,q_편의점_05,생활용품,생활·마트 중 '편의점'을 판매·제공하는 매장,val,편의점,T3 개념확장,01a0efe3-6970-4157-9177-c25358a4f8a6,유한회사 도민유통(와이마트),슈퍼마켓,용봉지구 골목형상점가,골목형상점가,광주광역시,,,
24d224d5e81429ffa0c5,full_annotation_v1,A,q_편의점_05,생활용품,생활·마트 중 '편의점'을 판매·제공하는 매장,val,편의점,T3 개념확장,76e06374-3f5a-466a-a6a9-cde5fd5a42d4,월드마트,생활용품,"우산주공1,2단지 골목형상점가",골목형상점가,광주광역시,,,
52ef44d73ce3cd1074e5,full_annotation_v1,A,q_편의점_05,생활용품,생활·마트 중 '편의점'을 판매·제공하는 매장,val,편의점,T3 개념확장,7e253877-940a-4d6f-a8c1-e1b268ab7a0f,생활용품할인매장,생활용품,왜관시장,전통시장,경상북도,,,
f788b866ca7aa1a90d31,full_annotation_v1,A,q_편의점_05,생활용품,생활·마트 중 '편의점'을 판매·제공하는 매장,val,편의점,T3 개념확장,c0331f62-657f-4dd7-a5dd-b455d0683462,샤넬상사,생활용품,청주직지시장(구 청주운천시장),전통시장,충청북도,,,
0331288ef68911f537c0,full_annotation_v1,A,q_편의점_05,생활용품,생활·마트 중 '편의점'을 판매·제공하는 매장,val,편의점,T3 개념확장,7469e763-fa60-41f9-9d15-c11e34727d80,하나쇼핑,생활용품,마산 부림시장,전통시장,경상남도,,,
113b531a413e009bea13,full_annotation_v1,A,q_편의점_05,생활용품,생활·마트 중 '편의점'을 판매·제공하는 매장,val,편의점,T3 개념확장,af194218-228b-40eb-8f67-4fe3c3eb0c27,땡마트,생활용품,정자시장,전통시장,경기도,,,
2cbe1eb42b5b1e99fc6f,full_annotation_v1,A,q_편의점_05,생활용품,생활·마트 중 '편의점'을 판매·제공하는 매장,val,편의점,T3 개념확장,ac18ca20-d610-4a3b-9858-3da5a5773948,그린마트,생활용품,인덕원 골목형상점가,골목형상점가,경기도,,,
e93c6f422ee3d88120a0,full_annotation_v1,A,q_편의점_05,생활용품,생활·마트 중 '편의점'을 판매·제공하는 매장,val,편의점,T3 개념확장,3d01e132-41b8-496e-bb3b-e2fade8fbdcf,생활용품할인매장,생활용품,비단길현대시장,전통시장,서울특별시,,,
616b6a2e33e637ee46b7,full_annotation_v1,A,q_편의점_05,생활용품,생활·마트 중 '편의점'을 판매·제공하는 매장,val,편의점,T3 개념확장,d1b6709d-6a04-41d3-aa25-e07533a0dc95,신선마트,생활용품,대남숨길 골목형상점가,골목형상점가,광주광역시,,,
fdd0ff4222920b098fac,full_annotation_v1,A,q_편의점_05,생활용품,생활·마트 중 '편의점'을 판매·제공하는 매장,val,편의점,T3 개념확장,a971dfe1-3da9-46a9-a5c9-7330b0dd35c3,대원상회,생활용품,간성전통시장(구 천년고성시장),전통시장,강원특별자치도,,,
48e7e30ceea33e908a4a,full_annotation_v1,A,q_편의점_05,생활용품,생활·마트 중 '편의점'을 판매·제공하는 매장,val,편의점,T3 개념확장,78c7e812-3edb-4fb7-9cbe-25c2bf746c79,지에스25,생활용품,독립로 백운1동 골목형상점가,골목형상점가,광주광역시,,,
51f0a04a6f04d5e87080,full_annotation_v1,A,q_편의점_05,생활용품,생활·마트 중 '편의점'을 판매·제공하는 매장,val,편의점,T3 개념확장,dad3f323-1b58-4006-9c77-c50001d31414,싸요사,생활용품 소매업,장승백이전통시장(구 만수창대시장),전통시장,인천광역시,,,
fd2c2bc25724c22acc90,full_annotation_v1,A,q_편의점_05,생활용품,생활·마트 중 '편의점'을 판매·제공하는 매장,val,편의점,T3 개념확장,10523312-4545-447f-a8da-aa9da0749482,다모아,생활용품,덕산전통시장,전통시장,충청북도,,,
16db1929532a90437718,full_annotation_v1,A,q_편의점_05,생활용품,생활·마트 중 '편의점'을 판매·제공하는 매장,val,편의점,T3 개념확장,01d01063-d46f-4d55-991f-bd03c55392f8,씨유 사상중흥센터,편의점,중흥 골목형상점가,골목형상점가,부산광역시,,,
bbd124bc95d026254ca6,full_annotation_v1,A,q_편의점_05,생활용품,생활·마트 중 '편의점'을 판매·제공하는 매장,val,편의점,T3 개념확장,407d974c-20a7-4915-9217-3c449b3f7119,한일,생활용품,우이골목시장골목형상점가,골목형상점가,서울특별시,,,
acf00e531907337d48cb,full_annotation_v1,A,q_편의점_05,생활용품,생활·마트 중 '편의점'을 판매·제공하는 매장,val,편의점,T3 개념확장,adfaaaaa-6802-410e-8301-76803cab23dd,생활용품,도서,백운시장,전통시장,서울특별시,,,
2751dfaf0d8a22284467,full_annotation_v1,A,q_편의점_05,생활용품,생활·마트 중 '편의점'을 판매·제공하는 매장,val,편의점,T3 개념확장,21d54cd6-3ccc-4761-a99e-07c6d2043666,다모아,생활용품,반여2동상가시장,전통시장,부산광역시,,,
c190fa0927ebb43944f4,full_annotation_v1,A,q_편의점_05,생활용품,생활·마트 중 '편의점'을 판매·제공하는 매장,val,편의점,T3 개념확장,7a8adaea-2482-4086-a2dd-bf34fd8ba3c6,세븐일레븐,생활용품,지중해마을 골목형상점가,골목형상점가,충청남도,,,
02dfe887f6e8c87aa93a,full_annotation_v1,A,q_편의점_05,생활용품,생활·마트 중 '편의점'을 판매·제공하는 매장,val,편의점,T3 개념확장,fd25f677-97af-4870-a190-34b81e39e91c,경북상회,참기름,수안인정시장,전통시장,부산광역시,,,
c9833c159e6d26bf6f46,full_annotation_v1,A,q_편의점_05,생활용품,생활·마트 중 '편의점'을 판매·제공하는 매장,val,편의점,T3 개념확장,fea54efb-b01c-41f0-a901-69c5340d7266,우리동네DC마트,생활용품,늘해랑상인회 골목형상점가,골목형상점가,광주광역시,,,
178728342344f61eb62c,full_annotation_v1,A,q_편의점_05,생활용품,생활·마트 중 '편의점'을 판매·제공하는 매장,val,편의점,T3 개념확장,72d62770-8ddb-47bb-9068-7c1bb6e39ea5,누리달,생활용품,팔달문시장,전통시장,경기도,,,
c274a3730488aac66cc8,full_annotation_v1,A,q_편의점_05,생활용품,생활·마트 중 '편의점'을 판매·제공하는 매장,val,편의점,T3 개념확장,10354a54-94b5-4c6a-87f4-880014a00fa6,하남DC,생활용품,우산매일시장,전통시장,광주광역시,,,
43b71fb1ccebc030b7f2,full_annotation_v1,A,q_편의점_05,생활용품,생활·마트 중 '편의점'을 판매·제공하는 매장,val,편의점,T3 개념확장,c3da077b-5bb6-4a61-b535-eda2134de175,돌체카사,생활용품,연남동골목형상점가,골목형상점가,서울특별시,,,
8624f14ed032fff6ac27,full_annotation_v1,A,q_편의점_05,생활용품,생활·마트 중 '편의점'을 판매·제공하는 매장,val,편의점,T3 개념확장,b78ab1ab-65bd-4a70-b0fc-5497789acd73,수려재,생활용품,국수거리 골목형상점가,골목형상점가,전라남도,,,
bf5731dc67cb82dfb8e3,full_annotation_v1,A,q_편의점_05,생활용품,생활·마트 중 '편의점'을 판매·제공하는 매장,val,편의점,T3 개념확장,00295b4a-ed81-4dfb-90a3-70fdd5cb27f1,생활용품할인매장,생활용품,계산시장,전통시장,인천광역시,,,
a2b73b5c181d6b11aa23,full_annotation_v1,A,q_편의점_05,생활용품,생활·마트 중 '편의점'을 판매·제공하는 매장,val,편의점,T3 개념확장,023e5716-7bdc-42c7-9c7e-a9a4f0f23a8b,이마트24 광주하남금호점,,한마음,골목형상점가,,,,
ad200c9dd56d37230868,full_annotation_v1,A,q_편의점_05,생활용품,생활·마트 중 '편의점'을 판매·제공하는 매장,val,편의점,T3 개념확장,2ffb5b9a-385a-4f8e-8249-6b1a15790d1d,수양,생활용품,부전시장,전통시장,부산광역시,,,
ea892469a3cf6f8c0733,full_annotation_v1,A,q_편의점_05,생활용품,생활·마트 중 '편의점'을 판매·제공하는 매장,val,편의점,T3 개념확장,0d18c4b7-a2ee-4b56-bb47-f46ff2339a81,해피1000,생활용품,유안초등북길 골목형상점가,골목형상점가,광주광역시,,,
6575e290f01c40ab4492,full_annotation_v1,A,q_편의점_05,생활용품,생활·마트 중 '편의점'을 판매·제공하는 매장,val,편의점,T3 개념확장,7e39a6c8-360e-4777-892c-25e034d1a209,자이 생활용품 할인매장,생활용품,계양산전통시장,전통시장,인천광역시,,,
483707fb4accca74a985,full_annotation_v1,A,q_편의점_05,생활용품,생활·마트 중 '편의점'을 판매·제공하는 매장,val,편의점,T3 개념확장,1918058a-ce23-4796-832e-3e7a53f15e36,동남,생활용품,감전시장,전통시장,부산광역시,,,
11ffef66baee0f7c116e,full_annotation_v1,A,q_편의점_05,생활용품,생활·마트 중 '편의점'을 판매·제공하는 매장,val,편의점,T3 개념확장,655c1918-492a-402d-9c7d-ca1aa23b445f,대영상회,생활용품,우이골목시장골목형상점가,골목형상점가,서울특별시,,,
5f30e556d85c3b746ef8,full_annotation_v1,A,q_편의점_05,생활용품,생활·마트 중 '편의점'을 판매·제공하는 매장,val,편의점,T3 개념확장,4b1d7b65-c639-49a8-9ced-5326306ce2d5,생활용품,생활용품,전주모래내시장,전통시장,전북특별자치도,,,
b54a27ff15b3a013927e,full_annotation_v1,A,q_편의점_05,생활용품,생활·마트 중 '편의점'을 판매·제공하는 매장,val,편의점,T3 개념확장,f8ac88b6-a505-4d41-8051-c5813f84c129,포인트,생활용품,영주문화시장,전통시장,경상북도,,,
4a213cd4949e5d3571c4,full_annotation_v1,A,q_편의점_05,생활용품,생활·마트 중 '편의점'을 판매·제공하는 매장,val,편의점,T3 개념확장,385acb96-39ff-4895-ab6e-bf2a94db032b,땡마트,생활용품,마천중앙시장,전통시장,서울특별시,,,
a72b1333820d52fd7df7,full_annotation_v1,A,q_편의점_05,생활용품,생활·마트 중 '편의점'을 판매·제공하는 매장,val,편의점,T3 개념확장,50a95480-d03c-44b7-ba8a-3663b0346f5f,하루,생활용품,문흥2동 골목형상점가,골목형상점가,광주광역시,,,
fd8de6e6de704069d8fb,full_annotation_v1,A,q_편의점_05,생활용품,생활·마트 중 '편의점'을 판매·제공하는 매장,val,편의점,T3 개념확장,b29b57b4-80a9-470b-8811-d75eb7e71ddf,더조은마트,생활용품,석바위시장,전통시장,인천광역시,,,
7e20028a0494ab325e40,full_annotation_v1,A,q_편의점_05,생활용품,생활·마트 중 '편의점'을 판매·제공하는 매장,val,편의점,T3 개념확장,e4bef4bd-537b-4f55-bbb3-caacc24dd584,우유상점,생활용품,다모아상가 골목형상점가,골목형상점가,대전광역시,,,
5f979a1896b06d6d5418,full_annotation_v1,A,q_편의점_05,생활용품,생활·마트 중 '편의점'을 판매·제공하는 매장,val,편의점,T3 개념확장,ce1c8121-ba21-44a0-b473-4d97247693d0,정림스토아내동점,생활용품,롯데 리치빌골목형상점가,골목형상점가,대전광역시,,,
2df871332b5e058f9308,full_annotation_v1,A,q_편의점_05,생활용품,생활·마트 중 '편의점'을 판매·제공하는 매장,val,편의점,T3 개념확장,6c49c0a1-e39e-43dd-bab3-29ba0613fb0b,더좋은생활용품,생활용품,경산중앙로상점가,자율상권구역,경상북도,,,
db41b443874fda3c9e35,full_annotation_v1,A,q_편의점_05,생활용품,생활·마트 중 '편의점'을 판매·제공하는 매장,val,편의점,T3 개념확장,c21a3af7-c09e-40fe-8d5f-73cc23cd39a5,씨유,생활용품,탕정미래 골목형상점가,골목형상점가,충청남도,,,
dbf3dc8b10c145be43fd,full_annotation_v1,A,q_편의점_05,생활용품,생활·마트 중 '편의점'을 판매·제공하는 매장,val,편의점,T3 개념확장,e804b900-43fa-4e21-b40b-8aa7ef9c210c,다이소,생활용품,효천로 골목형상점가,골목형상점가,광주광역시,,,
37a3f1c7aa04c66674f0,full_annotation_v1,A,q_편의점_05,생활용품,생활·마트 중 '편의점'을 판매·제공하는 매장,val,편의점,T3 개념확장,f3f8aead-b4ca-4a6d-84aa-ea0385957c66,옛날과자,과자류,평택통복시장,전통시장,경기도,,,
b4b42f038c132db8f11a,full_annotation_v1,A,q_편의점_05,생활용품,생활·마트 중 '편의점'을 판매·제공하는 매장,val,편의점,T3 개념확장,914fe1d0-090d-45ff-b7cb-d181749ca5d8,신앙촌상회,생활용품,샛강두리골목형상점가,골목형상점가,서울특별시,,,
96621a280807f30b0199,full_annotation_v1,A,q_편의점_05,생활용품,생활·마트 중 '편의점'을 판매·제공하는 매장,val,편의점,T3 개념확장,956424bd-45ed-495b-b897-1dd76602b0b6,생활용품할인매장,생활용품,진해중앙시장,전통시장,경상남도,,,
1b6625e9228f421bec73,full_annotation_v1,A,q_편의점_05,생활용품,생활·마트 중 '편의점'을 판매·제공하는 매장,val,편의점,T3 개념확장,4bd6bf08-fcce-4f98-8723-1f9e44dc915b,리치,생활용품,안동음식의거리 골목형상점가,골목형상점가,경상북도,,,
36e0a58c7143afc6016e,full_annotation_v1,A,q_편의점_05,생활용품,생활·마트 중 '편의점'을 판매·제공하는 매장,val,편의점,T3 개념확장,00242042-f371-486a-a1fc-b85de093edbf,슈올즈 이천점,"신발, 잡화",장터거리시장 골목형상점가,골목형상점가,경기도,,,
0d92ed2a0e684ef6aa2a,full_annotation_v1,A,q_편의점_05,생활용품,생활·마트 중 '편의점'을 판매·제공하는 매장,val,편의점,T3 개념확장,9c6ba2cd-a1a5-48f4-b0ad-daa945791212,일줄일세계,생활용품,남문시장,전통시장,서울특별시,,,
9ef817cc66d0edefed38,full_annotation_v1,A,q_편의점_05,생활용품,생활·마트 중 '편의점'을 판매·제공하는 매장,val,편의점,T3 개념확장,7bb2e8fd-c122-4c7a-aca0-1bedac6ec154,인즈,식품 생활용품 외,서울중부시장,전통시장,서울특별시,,,
a26b86e464b52d6eda94,full_annotation_v1,A,q_편의점_05,생활용품,생활·마트 중 '편의점'을 판매·제공하는 매장,val,편의점,T3 개념확장,f977232a-bedc-4a2b-99db-19ab696192b2,떼소로,생활용품,양림공예거리 골목형상점가,골목형상점가,광주광역시,,,
3ab476132fcd29645ca3,full_annotation_v1,A,q_편의점_05,생활용품,생활·마트 중 '편의점'을 판매·제공하는 매장,val,편의점,T3 개념확장,66215c49-63be-41b3-905a-7da1a9257b44,빛나리종합전자,중고가전,칠성전자주방시장,전통시장,대구광역시,,,
973a1b952d0435b638fa,full_annotation_v1,A,q_편의점_05,생활용품,생활·마트 중 '편의점'을 판매·제공하는 매장,val,편의점,T3 개념확장,a9ebb166-bec2-4760-9085-6ee5c3e103eb,코카콜라,생활용품,금산중앙로상점가,자율상권구역,충청남도,,,
a24c050145a020551921,full_annotation_v1,A,q_편의점_05,생활용품,생활·마트 중 '편의점'을 판매·제공하는 매장,val,편의점,T3 개념확장,20b6e5a6-f21d-47c8-8603-2dcb9e9886f1,대성상회,생활용품,구역전전통시장,전통시장,울산광역시,,,
6cc53216b982a593c3b2,full_annotation_v1,A,q_편의점_05,생활용품,생활·마트 중 '편의점'을 판매·제공하는 매장,val,편의점,T3 개념확장,ff7ff190-769a-49b7-bba3-0e243805a5a2,샤론생활용품,생활용품,유촌마을상인회 골목형상점가,골목형상점가,광주광역시,,,
09ad83799ca12fc88ae8,full_annotation_v1,A,q_편의점_05,생활용품,생활·마트 중 '편의점'을 판매·제공하는 매장,val,편의점,T3 개념확장,001bacc9-5a95-4049-babd-6691512d8da0,백두사,잡화,장량성도시장,전통시장,경상북도,,,
2a11d3a4dd4912d2f0fc,full_annotation_v1,A,q_편의점_05,생활용품,생활·마트 중 '편의점'을 판매·제공하는 매장,val,편의점,T3 개념확장,46a02b8a-bbc1-4840-8e04-258f686f6d58,더줌마켓,생활용품,첨단하나로,골목형상점가,광주광역시,,,
c1628dcaa628ee240ad9,full_annotation_v1,A,q_편의점_05,생활용품,생활·마트 중 '편의점'을 판매·제공하는 매장,val,편의점,T3 개념확장,5019be8c-bd98-459e-960d-2fce5a5fcd5e,진미생활용품,생활용품,포항죽도시장,전통시장,경상북도,,,
9ae9de92706fe00d6b53,full_annotation_v1,A,q_편의점_05,생활용품,생활·마트 중 '편의점'을 판매·제공하는 매장,val,편의점,T3 개념확장,38d7dfbf-19db-4901-97a9-16f1444fddd1,백조슈퍼,생활용품,망미정다운 골목형상점가,골목형상점가,부산광역시,,,
a2d4a983ec15639c832b,full_annotation_v1,A,q_편의점_05,생활용품,생활·마트 중 '편의점'을 판매·제공하는 매장,val,편의점,T3 개념확장,1e5fbc67-01cc-4146-af63-70686e4c57d4,땡마트,생활용품,한민시장,전통시장,대전광역시,,,
b64cf73182940d2860e6,full_annotation_v1,A,q_편의점_05,생활용품,생활·마트 중 '편의점'을 판매·제공하는 매장,val,편의점,T3 개념확장,02ab118f-aa08-483e-b7d3-93768e12c1be,이마트24옥정엠시티점,,파스텔시티2차상점가,골목형상점가,경기도,,,
d8a47e907bffa6c52042,full_annotation_v1,A,q_편의점_05,생활용품,생활·마트 중 '편의점'을 판매·제공하는 매장,val,편의점,T3 개념확장,ae65f4c5-9cb0-4abb-b955-f9ec1515f7fd,베트남노상식당,아시아음식,다산예스프라자 골목형상점가,골목형상점가,경기도,,,
3edd57fb39c7908b6ba8,full_annotation_v1,A,q_편의점_05,생활용품,생활·마트 중 '편의점'을 판매·제공하는 매장,val,편의점,T3 개념확장,e2ad8db8-132e-425b-930b-5cc3d047eb38,장원포차,한식,권선종합시장,전통시장,경기도,,,
11deaea8658ad3a19b34,full_annotation_v1,A,q_편의점_05,생활용품,생활·마트 중 '편의점'을 판매·제공하는 매장,val,편의점,T3 개념확장,006f9082-b590-49e3-baf4-f72dc203a510,CU풍암주은모아점,편의점,풍암당산상인회 골목형상점가,골목형상점가,광주광역시,,,
77e826ca24c48a769182,full_annotation_v1,A,q_편의점_05,생활용품,생활·마트 중 '편의점'을 판매·제공하는 매장,val,편의점,T3 개념확장,003d5df8-0856-45e0-a11e-5098cf70541e,앨리스리본&공방,"공방, 잡화",봉화내성시장,전통시장,경상북도,,,
f4a8565c700032f0a246,full_annotation_v1,A,q_편의점_05,생활용품,생활·마트 중 '편의점'을 판매·제공하는 매장,val,편의점,T3 개념확장,02656399-5272-4d95-93ce-aa699e13cfdb,우리홈마트,,중화산로 골목형상점가,골목형상점가,전북특별자치도,,,
6633d2b1ef626319b6b9,full_annotation_v1,A,q_편의점_05,생활용품,생활·마트 중 '편의점'을 판매·제공하는 매장,val,편의점,T3 개념확장,147101c7-304d-47ce-a911-014c1620102f,제일생활용품,생활용품,까치산시장,전통시장,서울특별시,,,
5cf7d9ea6c1cda27629f,full_annotation_v1,A,q_편의점_05,생활용품,생활·마트 중 '편의점'을 판매·제공하는 매장,val,편의점,T3 개념확장,3cce8e7c-baa9-4701-98f6-3a60cb346f83,테크노생활용품,생활용품,남양시장골목형상점가,골목형상점가,경기도,,,
bd246c2c4a00c0ce9d9f,full_annotation_v1,A,q_편의점_05,생활용품,생활·마트 중 '편의점'을 판매·제공하는 매장,val,편의점,T3 개념확장,e578e5eb-c319-47fa-b4be-a2a69e767caa,알리바이서강대점,생활용품,서영대 먹자 골목형상점가,골목형상점가,광주광역시,,,
bee0124f3a5c9282ce9b,full_annotation_v1,A,q_편의점_05,생활용품,생활·마트 중 '편의점'을 판매·제공하는 매장,val,편의점,T3 개념확장,13ae13d3-b0e5-4796-b5a0-cc479ba8186c,우리동네,생활용품,학운 골목형상점가,골목형상점가,광주광역시,,,
c10945b74987590cf0f5,full_annotation_v1,A,q_편의점_05,생활용품,생활·마트 중 '편의점'을 판매·제공하는 매장,val,편의점,T3 개념확장,c88f9ea2-198e-4779-bdf2-65f953ddac89,부산상회,생활용품,부산진시장,전통시장,부산광역시,,,
8fc923b733cd763df5b5,full_annotation_v1,A,q_편의점_05,생활용품,생활·마트 중 '편의점'을 판매·제공하는 매장,val,편의점,T3 개념확장,1a782e14-f065-446c-8880-1ed2b5f4b567,병운생활마트,생활용품,밤고개자연시장(내덕자연시장),전통시장,충청북도,,,
445e92322ad98174fe5d,full_annotation_v1,A,q_편의점_05,생활용품,생활·마트 중 '편의점'을 판매·제공하는 매장,val,편의점,T3 개념확장,685b554f-d33e-4ff6-9790-ac10d2db8416,지에스25광주신우점,생활용품,대남숨길 골목형상점가,골목형상점가,광주광역시,,,
0aefbd418533d7858eb5,full_annotation_v1,A,q_편의점_05,생활용품,생활·마트 중 '편의점'을 판매·제공하는 매장,val,편의점,T3 개념확장,0e04f40c-a08d-4f98-9f83-1e72238c7263,대림상회,생활용품,대림중앙시장,전통시장,서울특별시,,,
0c2d00d9566b5ddba6fc,full_annotation_v1,A,q_편의점_05,생활용품,생활·마트 중 '편의점'을 판매·제공하는 매장,val,편의점,T3 개념확장,01790f65-6bd3-405b-9ef4-493889531486,세븐일레븐자양으뜸2호점,편의점,자양로13길골목형상점가,골목형상점가,서울특별시,,,
af22652b05844b630d2a,full_annotation_v1,A,q_편의점_05,생활용품,생활·마트 중 '편의점'을 판매·제공하는 매장,val,편의점,T3 개념확장,017a2c54-999b-4850-993e-cac5169d3aec,지에스25 원주황금점,편의점,혁신도시1구역골목형상점가,골목형상점가,강원특별자치도,,,
7a6057067d337bb19085,full_annotation_v1,A,q_편의점_05,생활용품,생활·마트 중 '편의점'을 판매·제공하는 매장,val,편의점,T3 개념확장,b193be0f-ecae-4728-9a10-ab11d6b4d70e,해피1000,생활용품,운천상무시장 골목형상점가,골목형상점가,광주광역시,,,
9ed2a14e30278f7b9695,full_annotation_v1,A,q_편의점_05,생활용품,생활·마트 중 '편의점'을 판매·제공하는 매장,val,편의점,T3 개념확장,b66b9db0-5bb9-413e-aba3-530b92447a91,행복DC마트,생활용품,시흥삼미시장,전통시장,경기도,,,
8dffdcabf9ba2c24b7e2,full_annotation_v1,A,q_편의점_05,생활용품,생활·마트 중 '편의점'을 판매·제공하는 매장,val,편의점,T3 개념확장,3023fda7-18da-4c10-b137-dddc4db240b1,생활용품 DC 아울렛,생활용품,당정동한세로 골목형상점가,골목형상점가,경기도,,,
ee29e581905a0cb2d5f7,full_annotation_v1,A,q_편의점_05,생활용품,생활·마트 중 '편의점'을 판매·제공하는 매장,val,편의점,T3 개념확장,b423907e-d267-4391-b7da-e84d07ccce95,DC마트,생활용품,대송시장,전통시장,울산광역시,,,
a89b46d8d0865f9f3a95,full_annotation_v1,A,q_편의점_05,생활용품,생활·마트 중 '편의점'을 판매·제공하는 매장,val,편의점,T3 개념확장,efab74e5-5964-42a4-8b12-da5df5672ac7,맘스터치 밀양중앙점,햄버거 및 치킨,밀양 원도심 햇살문화 상권활성화 구역,상권활성화구역,경상남도,,,
94ebf0ba68ab500fa87e,full_annotation_v1,A,q_편의점_05,생활용품,생활·마트 중 '편의점'을 판매·제공하는 매장,val,편의점,T3 개념확장,5920d20a-82e6-4522-8a9a-cfb1b0f6b0e8,신일유통,생활용품,주문진종합시장,전통시장,강원특별자치도,,,
8954efce0a3b9eebb9bd,full_annotation_v1,A,q_편의점_05,생활용품,생활·마트 중 '편의점'을 판매·제공하는 매장,val,편의점,T3 개념확장,0850fe44-929b-4195-8145-48c9d43bc88e,동성루,중식,밀양 내일전통시장,전통시장,경상남도,,,
4da4e0c6b76f4632f0e9,full_annotation_v1,A,q_편의점_05,생활용품,생활·마트 중 '편의점'을 판매·제공하는 매장,val,편의점,T3 개념확장,36486448-dab4-4ff4-b195-ff988a8ae493,판다판다,생활용품,평동 골목형상점가,골목형상점가,광주광역시,,,
ca5b2363e9f2f72b65fd,full_annotation_v1,A,q_편의점_05,생활용품,생활·마트 중 '편의점'을 판매·제공하는 매장,val,편의점,T3 개념확장,44286a79-63ba-4522-8246-c53994f4d187,겔마미라클가호방신가점,생활용품,신가동 골목형상점가,골목형상점가,광주광역시,,,
f384703ae146605f2d10,full_annotation_v1,A,q_편의점_05,생활용품,생활·마트 중 '편의점'을 판매·제공하는 매장,val,편의점,T3 개념확장,1089b147-71de-41d0-8c48-2d130147221e,생활용품 할인점,생활용품,대인제봉 골목형상점가,골목형상점가,광주광역시,,,
3069a8faccb4a1a26483,full_annotation_v1,A,q_편의점_05,생활용품,생활·마트 중 '편의점'을 판매·제공하는 매장,val,편의점,T3 개념확장,2e41ce44-23dd-452c-89af-f1915fb1197e,꽃샘상사,생활용품,대신지하상가,일반지하상점가,대구광역시,,,
6a6f0457367650d970fd,full_annotation_v1,A,q_편의점_05,생활용품,생활·마트 중 '편의점'을 판매·제공하는 매장,val,편의점,T3 개념확장,ddfa0780-52c3-4363-9717-92ec7b4e4aed,비타민,"의류, 악세서리",달아실 골목형상점가,골목형상점가,광주광역시,,,
a64d096bcac60ecfe8df,full_annotation_v1,A,q_편의점_05,생활용품,생활·마트 중 '편의점'을 판매·제공하는 매장,val,편의점,T3 개념확장,d4fa45e6-421a-4b75-ba0f-8ed7a10c29e1,우리마트,생활용품,순천중앙시장,전통시장,전라남도,,,
c731aa7198830b6c4aaa,full_annotation_v1,A,q_편의점_05,생활용품,생활·마트 중 '편의점'을 판매·제공하는 매장,val,편의점,T3 개념확장,4fec6a55-06cb-407f-b590-6aa129424d7a,알파디씨마트,생활용품,새마을시장,전통시장,서울특별시,,,
2dd681e61c128d89e3c3,full_annotation_v1,A,q_편의점_05,생활용품,생활·마트 중 '편의점'을 판매·제공하는 매장,val,편의점,T3 개념확장,6b4f6b44-c312-4506-a845-7bba69751c79,다나와생활용품망원점,생활용품,망원동월드컵시장,전통시장,서울특별시,,,
910316e104a0d0d9790c,full_annotation_v1,A,q_편의점_05,생활용품,생활·마트 중 '편의점'을 판매·제공하는 매장,val,편의점,T3 개념확장,01082ac2-3d28-417c-8311-62a9095208e5,신라정선,슈퍼,남부골목시장,전통시장,서울특별시,,,
7eded5cf65aceab7e1e6,full_annotation_v1,A,q_편의점_05,생활용품,생활·마트 중 '편의점'을 판매·제공하는 매장,val,편의점,T3 개념확장,0015ea0b-d565-4d75-bbfb-1198daeb0b0c,나이스마트청라자이점,,청라언덕 골목형상점가,골목형상점가,대구광역시,,,
67d4e6a0612d2f998022,full_annotation_v1,A,q_편의점_05,생활용품,생활·마트 중 '편의점'을 판매·제공하는 매장,val,편의점,T3 개념확장,f0d0ac31-9037-4592-8f55-771657f906f4,해피1000,생활용품,문흥동 골목형상점가,골목형상점가,광주광역시,,,
e6f86d8d9a7ebaa55e54,full_annotation_v1,A,q_편의점_05,생활용품,생활·마트 중 '편의점'을 판매·제공하는 매장,val,편의점,T3 개념확장,c6d0f5e0-8543-40f8-9b3a-f6a63aa8e73a,거창상회,생활용품,주문진종합시장,전통시장,강원특별자치도,,,
fcdfc415d1284f082c47,full_annotation_v1,A,q_편의점_05,생활용품,생활·마트 중 '편의점'을 판매·제공하는 매장,val,편의점,T3 개념확장,003747e4-8102-4296-bfdf-b7ca7c1f83fa,평화잡화,잡화,부산평화시장,전통시장,부산광역시,,,
0042b9850f33a69acbec,full_annotation_v1,A,q_편의점_05,생활용품,생활·마트 중 '편의점'을 판매·제공하는 매장,val,편의점,T3 개념확장,001906f9-c5ab-4432-9e3a-be3af3f08aeb,씨유 원주혁신점,편의점,혁신도시5구역골목형상점가,골목형상점가,강원특별자치도,,,
c2b8fad86a49128d603b,full_annotation_v1,A,q_편의점_05,생활용품,생활·마트 중 '편의점'을 판매·제공하는 매장,val,편의점,T3 개념확장,1fac5193-147c-43cd-9a8d-c274374db096,시장문어,,주문진수산시장,전통시장,강원특별자치도,,,
f170404f5e169a504176,full_annotation_v1,A,q_편의점_05,생활용품,생활·마트 중 '편의점'을 판매·제공하는 매장,val,편의점,T3 개념확장,0a3e336b-a96d-4cec-8d80-0badcaa71cfe,센트럴천양백화점,생활용품,평택통복시장,전통시장,경기도,,,
7fd61020c6e181558e36,full_annotation_v1,A,q_편의점_05,생활용품,생활·마트 중 '편의점'을 판매·제공하는 매장,val,편의점,T3 개념확장,23aabada-40bf-421f-8c47-519be00a9941,인생돼지,한식,시청음식문화의거리 골목형상점가,골목형상점가,광주광역시,,,
eb34165afe9e90eee475,full_annotation_v1,A,q_편의점_05,생활용품,생활·마트 중 '편의점'을 판매·제공하는 매장,val,편의점,T3 개념확장,a543ee22-7a61-4cdb-ba91-86b039b52155,씨유동백호수점,생활용품,동백역 골목형상점가,골목형상점가,경기도,,,
d34f49dd7a48a01887a7,full_annotation_v1,A,q_편의점_05,생활용품,생활·마트 중 '편의점'을 판매·제공하는 매장,val,편의점,T3 개념확장,21f51f3c-b7fd-4400-bdf9-bf61b4bf4f0f,CU운암동운로점,생활용품,운암 동운로 골목형상점가,골목형상점가,광주광역시,,,
3126f60e07c2c199ddac,full_annotation_v1,A,q_편의점_05,생활용품,생활·마트 중 '편의점'을 판매·제공하는 매장,val,편의점,T3 개념확장,350add31-77c9-4ddf-8ecf-17593d76dca8,해피1000,생활용품,양림동 골목형상점가,골목형상점가,광주광역시,,,
07d2c26651fdeb6c023a,full_annotation_v1,A,q_편의점_05,생활용품,생활·마트 중 '편의점'을 판매·제공하는 매장,val,편의점,T3 개념확장,80dd7de9-0afb-40e6-bdd5-71ce5c22e648,색동상회,직물,서문시장 제1지구1층(직물시장),전통시장,대구광역시,,,
c76936b1ffbd46e371f2,full_annotation_v1,A,q_편의점_05,생활용품,생활·마트 중 '편의점'을 판매·제공하는 매장,val,편의점,T3 개념확장,74cb6ea9-d2f7-45c9-9d93-1cce6d46297a,리빙명동,생활용품,거제 고현시장,전통시장,경상남도,,,
4e12d8002333f0afc907,full_annotation_v1,A,q_편의점_05,생활용품,생활·마트 중 '편의점'을 판매·제공하는 매장,val,편의점,T3 개념확장,94a6fd15-57f2-4216-b409-cf90f16c6349,충북상회,생활용품,평창올림픽시장(평창전통시장),전통시장,강원특별자치도,,,
a588150a945fcfe8c1e9,full_annotation_v1,A,q_편의점_05,생활용품,생활·마트 중 '편의점'을 판매·제공하는 매장,val,편의점,T3 개념확장,39fdab5c-6529-47ab-ae04-969c925186c3,유쾌한김치,반찬류,신영시장,전통시장,서울특별시,,,
77f4e2b555e574466edb,full_annotation_v1,A,q_편의점_05,생활용품,생활·마트 중 '편의점'을 판매·제공하는 매장,val,편의점,T3 개념확장,f27ce41e-4954-4240-9167-1642365e435f,나로웰텍,용접기 등,시화공구상가,전통시장,경기도,,,
83e337fb0219543a6870,full_annotation_v1,A,q_편의점_05,생활용품,생활·마트 중 '편의점'을 판매·제공하는 매장,val,편의점,T3 개념확장,d68b3669-3563-44e6-86d3-74815c6b4561,클라라,의류,신매시장,전통시장,대구광역시,,,
85bf31d30c08656d3f8c,full_annotation_v1,A,q_편의점_05,생활용품,생활·마트 중 '편의점'을 판매·제공하는 매장,val,편의점,T3 개념확장,9de1b779-c510-4268-9fb3-724cd0f5dbe2,주식회사각화365마트,생활용품,각화주공사거리 골목형상점가,골목형상점가,광주광역시,,,
a5f42ff15c6f58ff57a6,full_annotation_v1,A,q_편의점_05,생활용품,생활·마트 중 '편의점'을 판매·제공하는 매장,val,편의점,T3 개념확장,83c03bcb-b6da-4f87-bdaa-dac59a36bc19,생활용품,가정생활용품,용현시장,전통시장,인천광역시,,,
bf966724e42812deed05,full_annotation_v1,A,q_편의점_05,생활용품,생활·마트 중 '편의점'을 판매·제공하는 매장,val,편의점,T3 개념확장,01b2c972-f367-47e6-b3d2-11585175a7c1,명동슈퍼,슈퍼,신대방1동온누리길골목형상점가,골목형상점가,서울특별시,,,
2a18824ce5eb86cb9bd5,full_annotation_v1,A,q_편의점_05,생활용품,생활·마트 중 '편의점'을 판매·제공하는 매장,val,편의점,T3 개념확장,7ed93da1-ed14-421d-9228-fdd15719b07b,세븐일레븐,생활용품,대인동예술담길 골목형상점가,골목형상점가,광주광역시,,,
7d233c09ff0a7ca1416c,full_annotation_v1,A,q_편의점_05,생활용품,생활·마트 중 '편의점'을 판매·제공하는 매장,val,편의점,T3 개념확장,08bba7fa-6afb-41ac-adbb-8d555921bdfe,소소한행복,생활용품,강릉성남시장,전통시장,강원특별자치도,,,
bc7eb724d069b743314e,full_annotation_v1,A,q_편의점_05,생활용품,생활·마트 중 '편의점'을 판매·제공하는 매장,val,편의점,T3 개념확장,0054b824-eb72-4efa-a1ba-40d467c899a5,수정상회,잡화,중앙전통시장,전통시장,울산광역시,,,
4e7c2412b92526d734ed,full_annotation_v1,A,q_편의점_05,생활용품,생활·마트 중 '편의점'을 판매·제공하는 매장,val,편의점,T3 개념확장,0208910e-5a87-481b-8c22-0cb0cb1d7c62,세븐일레븐,생활용품,파랑새원룸상인회 골목형상점가,골목형상점가,광주광역시,,,
726acbffae64e7cd104b,full_annotation_v1,A,q_편의점_05,생활용품,생활·마트 중 '편의점'을 판매·제공하는 매장,val,편의점,T3 개념확장,1e27652e-0035-49d0-91be-61faa37760bb,세븐일레븐,생활용품,신가드림 골목형상점가,골목형상점가,광주광역시,,,
207c902da88ba93d8680,full_annotation_v1,A,q_편의점_05,생활용품,생활·마트 중 '편의점'을 판매·제공하는 매장,val,편의점,T3 개념확장,c28f3839-0f4c-476f-84c5-e280b880dec4,모두아생활용품,생활용품,구월시장,전통시장,인천광역시,,,
92ef023b95daaa4e4ec9,full_annotation_v1,A,q_편의점_05,생활용품,생활·마트 중 '편의점'을 판매·제공하는 매장,val,편의점,T3 개념확장,e3fda62c-33bf-46b0-86d5-31a89fc40c70,횡성메밀,한식,횡성전통시장,전통시장,강원특별자치도,,,
52ba271406592f262e61,full_annotation_v1,A,q_편의점_05,생활용품,생활·마트 중 '편의점'을 판매·제공하는 매장,val,편의점,T3 개념확장,d710d2f0-5482-4996-b441-a7c5fed6c83d,라라샵,생활용품,명덕마을 골목형상점가,골목형상점가,울산광역시,,,
9a028efe5f6ff99c6d7e,full_annotation_v1,A,q_편의점_05,생활용품,생활·마트 중 '편의점'을 판매·제공하는 매장,val,편의점,T3 개념확장,c1938450-ef47-4825-85eb-e0ef5a6593e2,귀덕상회,생활용품,영광터미널시장,전통시장,전라남도,,,
c23bf70aed7582700e6c,full_annotation_v1,A,q_편의점_05,생활용품,생활·마트 중 '편의점'을 판매·제공하는 매장,val,편의점,T3 개념확장,f979048f-a5b2-43bf-b2a0-ae0fbdd9fa0b,주니,생활용품,숭례문수입상가,전통시장,서울특별시,,,
83de9ec6f0322d4fe8f8,full_annotation_v1,A,q_편의점_05,생활용품,생활·마트 중 '편의점'을 판매·제공하는 매장,val,편의점,T3 개념확장,0127440f-2d8b-45f0-b518-a19665d3d5a8,나들가게서교하이퍼,소매(슈퍼),서교시장,전통시장,서울특별시,,,
4e297b733e0390e88839,full_annotation_v1,A,q_편의점_05,생활용품,생활·마트 중 '편의점'을 판매·제공하는 매장,val,편의점,T3 개념확장,95965633-ff69-479a-85c1-9638fc9b2531,우성생활용품,생활용품,마산 부림시장,전통시장,경상남도,,,
70580a1afef165ce72d7,full_annotation_v1,A,q_편의점_05,생활용품,생활·마트 중 '편의점'을 판매·제공하는 매장,val,편의점,T3 개념확장,a2bca1fa-91ad-4187-a29e-600e2fb57769,더허브샵,생활용품,칠성로상점가,자율상권구역,제주특별자치도,,,
a328bfcc09d096418b3f,full_annotation_v1,A,q_편의점_05,생활용품,생활·마트 중 '편의점'을 판매·제공하는 매장,val,편의점,T3 개념확장,fca773c7-ac6a-4bed-84ee-2bcd284a83dd,만물상,생활용품,신평리시장,전통시장,대구광역시,,,
d08ef8bdd5e96a5ff4ed,full_annotation_v1,A,q_편의점_05,생활용품,생활·마트 중 '편의점'을 판매·제공하는 매장,val,편의점,T3 개념확장,9d8e135b-879d-4d7f-9973-d3a6e70b2318,생활용품 디씨마트,생활용품,"온양온천시장(온양재래시장, 전통시장)",전통시장,충청남도,,,
7184c63c6943c2bd942d,full_annotation_v1,A,q_편의점_05,생활용품,생활·마트 중 '편의점'을 판매·제공하는 매장,val,편의점,T3 개념확장,01ca51d4-ae25-4b4f-86b6-d8461d581a02,영광슈퍼,소매업(슈퍼),신원시장,전통시장,서울특별시,,,
aea60daacb73749226a2,full_annotation_v1,A,q_편의점_06,편의점 갈 데,생활·마트 중 '편의점'을 판매·제공하는 매장,val,편의점,T4 구어·문장,5b96256c-d213-4d0e-92fe-389dc7cc6681,CU,편의점,하남진곡 골목형상점가,골목형상점가,광주광역시,,,
00335c46fb8aa8e57c14,full_annotation_v1,A,q_편의점_06,편의점 갈 데,생활·마트 중 '편의점'을 판매·제공하는 매장,val,편의점,T4 구어·문장,db992c54-9c6b-403a-a999-0b48fcce8539,세븐일레븐음성읍내중앙점,편의점,음성시장,전통시장,충청북도,,,
227a0f4b620c31b29776,full_annotation_v1,A,q_편의점_06,편의점 갈 데,생활·마트 중 '편의점'을 판매·제공하는 매장,val,편의점,T4 구어·문장,7bbb1ed7-c3d8-4905-b02e-4da632aa2cf6,GS25,편의점,하남진곡 골목형상점가,골목형상점가,광주광역시,,,
84fa27fab722a408afa4,full_annotation_v1,A,q_편의점_06,편의점 갈 데,생활·마트 중 '편의점'을 판매·제공하는 매장,val,편의점,T4 구어·문장,4a3fd4de-8011-4f2e-a870-f081df997e08,세븐일레븐,편의점,지웰시티자이상가 골목형상점가,골목형상점가,울산광역시,,,
1adfc72f21c7d7767716,full_annotation_v1,A,q_편의점_06,편의점 갈 데,생활·마트 중 '편의점'을 판매·제공하는 매장,val,편의점,T4 구어·문장,a68907fa-94e6-48e2-8039-7a7c991bd388,CU의정부제일시장점,편의점,의정부제일시장,전통시장,경기도,,,
2d8956f70de86c36b8c7,full_annotation_v1,A,q_편의점_06,편의점 갈 데,생활·마트 중 '편의점'을 판매·제공하는 매장,val,편의점,T4 구어·문장,9e51cb4f-dfd8-4749-8064-b2c4e87a8fbe,cu광주엠플러스점,편의점,매월동상인회 골목형상점가,골목형상점가,광주광역시,,,
c9dde1f37fb274091be5,full_annotation_v1,A,q_편의점_06,편의점 갈 데,생활·마트 중 '편의점'을 판매·제공하는 매장,val,편의점,T4 구어·문장,f49a524f-1de6-4c8d-bdfa-694328f5409c,축협알뜰편의점,편의점,새영주시장,전통시장,부산광역시,,,
2d660c4d1dcded334e1f,full_annotation_v1,A,q_편의점_06,편의점 갈 데,생활·마트 중 '편의점'을 판매·제공하는 매장,val,편의점,T4 구어·문장,0202b144-205c-45d5-99b8-aa1fc94b68e4,지에스25쌍용해누리점,편의점,쌍용동 충무로1구역 골목형상점가,골목형상점가,충청남도,,,
08177b3652e3c9c2b87d,full_annotation_v1,A,q_편의점_06,편의점 갈 데,생활·마트 중 '편의점'을 판매·제공하는 매장,val,편의점,T4 구어·문장,08cfcf2b-d755-4716-a3fb-9f199ed70b04,씨유주문진항,편의점,주문진건어물시장,전통시장,강원특별자치도,,,
322b99b53d6f71ad397b,full_annotation_v1,A,q_편의점_06,편의점 갈 데,생활·마트 중 '편의점'을 판매·제공하는 매장,val,편의점,T4 구어·문장,01a0efe3-6970-4157-9177-c25358a4f8a6,유한회사 도민유통(와이마트),슈퍼마켓,용봉지구 골목형상점가,골목형상점가,광주광역시,,,
69c0e113446d5e6beb2a,full_annotation_v1,A,q_편의점_06,편의점 갈 데,생활·마트 중 '편의점'을 판매·제공하는 매장,val,편의점,T4 구어·문장,103a340b-bc7f-4d9c-b98b-3469925aad52,삼성사,슈퍼,횡성전통시장,전통시장,강원특별자치도,,,
6bc23ce757af1fbc7172,full_annotation_v1,A,q_편의점_06,편의점 갈 데,생활·마트 중 '편의점'을 판매·제공하는 매장,val,편의점,T4 구어·문장,08b606b4-47e5-4bad-b19d-0de7b8a7ebc9,GS25광주노대점,편의점,노대물빛근린공원 골목형상점가,골목형상점가,광주광역시,,,
f4f32b30e868e3d6b7f5,full_annotation_v1,A,q_편의점_06,편의점 갈 데,생활·마트 중 '편의점'을 판매·제공하는 매장,val,편의점,T4 구어·문장,75185668-0bba-4930-8210-d43b6d469416,씨유석계본점,편의점,석계음식문화거리골목형상점가,골목형상점가,서울특별시,,,
505f5e6223ad09feb15e,full_annotation_v1,A,q_편의점_06,편의점 갈 데,생활·마트 중 '편의점'을 판매·제공하는 매장,val,편의점,T4 구어·문장,b2a4bd9f-6f25-476d-83f8-3154e3b17a12,지에스25광주여대타운점,편의점,광주여대 골목형상점가,골목형상점가,광주광역시,,,
fbf6c50155a20463a90e,full_annotation_v1,A,q_편의점_06,편의점 갈 데,생활·마트 중 '편의점'을 판매·제공하는 매장,val,편의점,T4 구어·문장,faa75041-4bdb-4e87-85e3-1db953a5bf21,GS25,편의점,메트로센터(반월당지하쇼핑),일반지하상점가,대구광역시,,,
ee2a4411d3e0a9ef6beb,full_annotation_v1,A,q_편의점_06,편의점 갈 데,생활·마트 중 '편의점'을 판매·제공하는 매장,val,편의점,T4 구어·문장,d2771b5e-371b-4ee1-91ad-b74c00d9d847,GS25,편의점,중앙로 백운1동 골목형상점가,골목형상점가,광주광역시,,,
f0401f0fd1b02f492db8,full_annotation_v1,A,q_편의점_06,편의점 갈 데,생활·마트 중 '편의점'을 판매·제공하는 매장,val,편의점,T4 구어·문장,4d492655-e03a-4324-a313-78d849318719,대영상회,편의점,도화종합시장,기타,인천광역시,,,
1d8e1166935e83394ae2,full_annotation_v1,A,q_편의점_06,편의점 갈 데,생활·마트 중 '편의점'을 판매·제공하는 매장,val,편의점,T4 구어·문장,560a1f49-00ef-4de6-a8dc-de4b635be082,씨유대전괴정온누리점,편의점,괴정가장로 골목형상점가,골목형상점가,대전광역시,,,
6667c76ab80f22597b8a,full_annotation_v1,A,q_편의점_06,편의점 갈 데,생활·마트 중 '편의점'을 판매·제공하는 매장,val,편의점,T4 구어·문장,017a2c54-999b-4850-993e-cac5169d3aec,지에스25 원주황금점,편의점,혁신도시1구역골목형상점가,골목형상점가,강원특별자치도,,,
ac814ddc58cc13201b14,full_annotation_v1,A,q_편의점_06,편의점 갈 데,생활·마트 중 '편의점'을 판매·제공하는 매장,val,편의점,T4 구어·문장,e8cf0d0a-9515-45aa-bcef-0c4b2346fe7b,지에스25봉선더샵점,편의점,용대로53번길 골목형상점가,골목형상점가,광주광역시,,,
bf0999a51d84b518fae5,full_annotation_v1,A,q_편의점_06,편의점 갈 데,생활·마트 중 '편의점'을 판매·제공하는 매장,val,편의점,T4 구어·문장,44514a0f-3971-4be8-9d1d-37e043b0d361,거부기편의점,편의점,거북시장,전통시장,인천광역시,,,
e0ca12c52b91a96fa336,full_annotation_v1,A,q_편의점_06,편의점 갈 데,생활·마트 중 '편의점'을 판매·제공하는 매장,val,편의점,T4 구어·문장,247192b1-0b98-4059-8848-948104589daa,씨유영신점,편의점,영신상가,전통시장,서울특별시,,,
14fd75fa866e5508dc03,full_annotation_v1,A,q_편의점_06,편의점 갈 데,생활·마트 중 '편의점'을 판매·제공하는 매장,val,편의점,T4 구어·문장,43245805-c89c-4e87-8ea0-e8843e1613c0,세븐일레븐,편의점,옥계 600,골목형상점가,경상북도,,,
58b7558c6adb564a78ab,full_annotation_v1,A,q_편의점_06,편의점 갈 데,생활·마트 중 '편의점'을 판매·제공하는 매장,val,편의점,T4 구어·문장,88acd2dc-7a20-4162-804a-15e5555372f0,CU,편의점,프로방스 골목형상점가,골목형상점가,전라남도,,,
5b03e32e31345ad52e81,full_annotation_v1,A,q_편의점_06,편의점 갈 데,생활·마트 중 '편의점'을 판매·제공하는 매장,val,편의점,T4 구어·문장,a4b20e2f-e133-4089-bfd2-d6ec47c8ae0f,GS25송도커낼워크점,편의점,커낼워크상점가,골목형상점가,인천광역시,,,
70945ce2264e329faace,full_annotation_v1,A,q_편의점_06,편의점 갈 데,생활·마트 중 '편의점'을 판매·제공하는 매장,val,편의점,T4 구어·문장,4e97a3d4-d769-45a9-8ed4-651e115810b4,알리바이24시편의점,편의점,늘솔길상인회 골목형상점가,골목형상점가,광주광역시,,,
58494a79f96cf1397e97,full_annotation_v1,A,q_편의점_06,편의점 갈 데,생활·마트 중 '편의점'을 판매·제공하는 매장,val,편의점,T4 구어·문장,01ca51d4-ae25-4b4f-86b6-d8461d581a02,영광슈퍼,소매업(슈퍼),신원시장,전통시장,서울특별시,,,
318057d9a6b49fe175e8,full_annotation_v1,A,q_편의점_06,편의점 갈 데,생활·마트 중 '편의점'을 판매·제공하는 매장,val,편의점,T4 구어·문장,9331b39b-d923-4ec3-9203-fffe2e3df532,나우리편의점,편의점,거제 고현자율상권,,경상남도,,,
72c3c7ebd23753e698de,full_annotation_v1,A,q_편의점_06,편의점 갈 데,생활·마트 중 '편의점'을 판매·제공하는 매장,val,편의점,T4 구어·문장,f1dabe30-0af9-4118-8e95-a1110a68f5c0,씨유두류명동점,편의점,두류젊코상권,상권활성화구역,대구광역시,,,
1781500b6150ae39b9e3,full_annotation_v1,A,q_편의점_06,편의점 갈 데,생활·마트 중 '편의점'을 판매·제공하는 매장,val,편의점,T4 구어·문장,02656399-5272-4d95-93ce-aa699e13cfdb,우리홈마트,,중화산로 골목형상점가,골목형상점가,전북특별자치도,,,
3fd2ef26a1e78895bd49,full_annotation_v1,A,q_편의점_06,편의점 갈 데,생활·마트 중 '편의점'을 판매·제공하는 매장,val,편의점,T4 구어·문장,0015ea0b-d565-4d75-bbfb-1198daeb0b0c,나이스마트청라자이점,,청라언덕 골목형상점가,골목형상점가,대구광역시,,,
2258b8c9664dde2ee9ab,full_annotation_v1,A,q_편의점_06,편의점 갈 데,생활·마트 중 '편의점'을 판매·제공하는 매장,val,편의점,T4 구어·문장,30b5222b-2253-4953-8056-dbb3fa7bb85f,GS25광주새우리점,편의점,화정동 서부시장,전통시장,광주광역시,,,
c362525f8e88ec1f39c1,full_annotation_v1,A,q_편의점_06,편의점 갈 데,생활·마트 중 '편의점'을 판매·제공하는 매장,val,편의점,T4 구어·문장,f8ebf131-e935-4c3f-ae1f-baf3bee6bdef,GS25광주신창점,편의점,미라클,골목형상점가,광주광역시,,,
c4675ad82f818c0f4fbf,full_annotation_v1,A,q_편의점_06,편의점 갈 데,생활·마트 중 '편의점'을 판매·제공하는 매장,val,편의점,T4 구어·문장,301b84b1-87af-4d85-9cd1-4c0f6b4b8f1f,하나편의점,편의점,치평상무역상인회 골목형상점가,골목형상점가,광주광역시,,,
6408aad47713f4579f57,full_annotation_v1,A,q_편의점_06,편의점 갈 데,생활·마트 중 '편의점'을 판매·제공하는 매장,val,편의점,T4 구어·문장,1e5b94d0-c710-4431-9708-3c1bb41df231,지에스25광주대중,편의점,한미쇼핑사거리 골목형상점가,골목형상점가,광주광역시,,,
3f15ce7ed77cf464e0e0,full_annotation_v1,A,q_편의점_06,편의점 갈 데,생활·마트 중 '편의점'을 판매·제공하는 매장,val,편의점,T4 구어·문장,fee76baf-6062-4740-a214-fbae8ab4ec9c,GS25,편의점,신창진흥 골목형상점가,골목형상점가,광주광역시,,,
520059addf895322ac90,full_annotation_v1,A,q_편의점_06,편의점 갈 데,생활·마트 중 '편의점'을 판매·제공하는 매장,val,편의점,T4 구어·문장,7903a6ee-8f8b-4834-9d0d-49e364e29427,GS25,편의점,우산동빛고을 골목형상점가,골목형상점가,광주광역시,,,
769b90b3a52c65526bf5,full_annotation_v1,A,q_편의점_06,편의점 갈 데,생활·마트 중 '편의점'을 판매·제공하는 매장,val,편의점,T4 구어·문장,67e246e9-09f0-4556-aa8c-cfc097e5a380,세븐일레븐편의점,편의점,88글러브 골목형상점가,골목형상점가,대전광역시,,,
7752cf24cc19572ebb8b,full_annotation_v1,A,q_편의점_06,편의점 갈 데,생활·마트 중 '편의점'을 판매·제공하는 매장,val,편의점,T4 구어·문장,aba76fc2-984e-4030-ba01-e2e7d78264c7,데 아로즈 대전둔산본점,,갈리단길 골목형상점가,골목형상점가,대전광역시,,,
16e80734f02fadfe7af2,full_annotation_v1,A,q_편의점_06,편의점 갈 데,생활·마트 중 '편의점'을 판매·제공하는 매장,val,편의점,T4 구어·문장,8f32c27a-27d9-48a5-b5ed-ac033d43d4b2,씨유고한배달점,편의점,고한구공탄시장(고한시장),전통시장,강원특별자치도,,,
69f854e617a59b249c40,full_annotation_v1,A,q_편의점_06,편의점 갈 데,생활·마트 중 '편의점'을 판매·제공하는 매장,val,편의점,T4 구어·문장,e8e9c9ac-afdd-4b70-8bf7-78ec9775281c,프랜드편의점,편의점,발안만세시장(구 발안시장),전통시장,경기도,,,
f7d8129707b6fd096fd5,full_annotation_v1,A,q_편의점_06,편의점 갈 데,생활·마트 중 '편의점'을 판매·제공하는 매장,val,편의점,T4 구어·문장,b1f52958-5097-4fff-a74d-c05b194d89a3,세븐일레븐,편의점,풍암1로상인회 골목형상점가,골목형상점가,광주광역시,,,
6c96327c4bb8a9c9a9b3,full_annotation_v1,A,q_편의점_06,편의점 갈 데,생활·마트 중 '편의점'을 판매·제공하는 매장,val,편의점,T4 구어·문장,01b2c972-f367-47e6-b3d2-11585175a7c1,명동슈퍼,슈퍼,신대방1동온누리길골목형상점가,골목형상점가,서울특별시,,,
94d3e259c9aea37b2e2d,full_annotation_v1,A,q_편의점_06,편의점 갈 데,생활·마트 중 '편의점'을 판매·제공하는 매장,val,편의점,T4 구어·문장,cc078dab-a350-4ad2-b066-8170bc94f34e,기분좋은날 헤어염색,,"지웰시티몰 1,2단지 골목형상점가",골목형상점가,충청남도,,,
1d2295e77d35f629ba77,full_annotation_v1,A,q_편의점_06,편의점 갈 데,생활·마트 중 '편의점'을 판매·제공하는 매장,val,편의점,T4 구어·문장,7234c934-81df-4950-b694-f81a5a59f7aa,대박마트,편의점,호매실역중심상가 골목형상점가,골목형상점가,경기도,,,
7e727d4365b70e243545,full_annotation_v1,A,q_편의점_06,편의점 갈 데,생활·마트 중 '편의점'을 판매·제공하는 매장,val,편의점,T4 구어·문장,1d2c609a-37d6-4073-b72a-91236a3d4ebe,지에스25문흥모아점,편의점,문흥동 골목형상점가,골목형상점가,광주광역시,,,
98894c6f75365a437dc5,full_annotation_v1,A,q_편의점_06,편의점 갈 데,생활·마트 중 '편의점'을 판매·제공하는 매장,val,편의점,T4 구어·문장,bac6cf87-6a05-44b0-a03c-147f15d1602c,편의점,식품 잡화,운수대통 골목형상점가,골목형상점가,광주광역시,,,
17d4d722b7496fb49950,full_annotation_v1,A,q_편의점_06,편의점 갈 데,생활·마트 중 '편의점'을 판매·제공하는 매장,val,편의점,T4 구어·문장,afed0a43-18a5-4c03-9088-ae6fe3544e45,지에스25마산구암시장점,편의점,마산 구암현대시장,전통시장,경상남도,,,
1111d492710f3a208e4f,full_annotation_v1,A,q_편의점_06,편의점 갈 데,생활·마트 중 '편의점'을 판매·제공하는 매장,val,편의점,T4 구어·문장,bc539cce-1727-4192-9ca3-8ef8baf19e4f,GS25,편의점,임방울거리3구역 골목형상점가,골목형상점가,광주광역시,,,
b19d85a98a299a82179e,full_annotation_v1,A,q_편의점_06,편의점 갈 데,생활·마트 중 '편의점'을 판매·제공하는 매장,val,편의점,T4 구어·문장,4f7a9c06-82e5-4960-9acb-0c3f92655de8,세븐일레븐,편의점,태봉마을 골목형상점가,골목형상점가,경기도,,,
65f404428757bbb5a6d6,full_annotation_v1,A,q_편의점_06,편의점 갈 데,생활·마트 중 '편의점'을 판매·제공하는 매장,val,편의점,T4 구어·문장,38bd4927-866b-4a69-99b2-11549a92febc,둘리점인더라인25시,편의점,신현회화골목형상점가,골목형상점가,인천광역시,,,
c61c0d29d0cf1f7d3594,full_annotation_v1,A,q_편의점_06,편의점 갈 데,생활·마트 중 '편의점'을 판매·제공하는 매장,val,편의점,T4 구어·문장,481b4d13-7128-4f25-94f8-7bf2f71a4d8e,주야편의점,편의점,부곡시장,전통시장,경상북도,,,
e12a16f25f72063dc4f4,full_annotation_v1,A,q_편의점_06,편의점 갈 데,생활·마트 중 '편의점'을 판매·제공하는 매장,val,편의점,T4 구어·문장,11bcf74b-12e9-4efa-b294-0dfa7817982c,지에스25자유시장점,편의점,원주중앙시장활성화구역,상권활성화구역,강원특별자치도,,,
9e8002a098022491f8ea,full_annotation_v1,A,q_편의점_06,편의점 갈 데,생활·마트 중 '편의점'을 판매·제공하는 매장,val,편의점,T4 구어·문장,4d0d5ff3-d1e3-4f99-995a-ab125e18d239,지에스25자유시장점,편의점,원주자유시장,전통시장,강원특별자치도,,,
f375b0aba20f0931ccb8,full_annotation_v1,A,q_편의점_06,편의점 갈 데,생활·마트 중 '편의점'을 판매·제공하는 매장,val,편의점,T4 구어·문장,43f8a456-3012-4f4f-beb0-bc85fc1ec2c4,홈웨이편의점,편의점,함평천지 골목형상점가,골목형상점가,전라남도,,,
240f51ac5a1b3848c4b8,full_annotation_v1,A,q_편의점_06,편의점 갈 데,생활·마트 중 '편의점'을 판매·제공하는 매장,val,편의점,T4 구어·문장,00242042-f371-486a-a1fc-b85de093edbf,슈올즈 이천점,"신발, 잡화",장터거리시장 골목형상점가,골목형상점가,경기도,,,
f233e1dd9cd667c21e4c,full_annotation_v1,A,q_편의점_06,편의점 갈 데,생활·마트 중 '편의점'을 판매·제공하는 매장,val,편의점,T4 구어·문장,4b9f6178-301b-4b50-80d3-6f8b505a2893,GS25연제새한점,편의점,양산제로 골목형상점가,골목형상점가,광주광역시,,,
b88fe5515af0c0eb7207,full_annotation_v1,A,q_편의점_06,편의점 갈 데,생활·마트 중 '편의점'을 판매·제공하는 매장,val,편의점,T4 구어·문장,2ee5517b-59f3-4deb-8fc0-49bcf8874d1e,CU외대글로벌점,편의점,외대글로벌길 골목형상점가,골목형상점가,경기도,,,
624806fb1981a7177eb1,full_annotation_v1,A,q_편의점_06,편의점 갈 데,생활·마트 중 '편의점'을 판매·제공하는 매장,val,편의점,T4 구어·문장,733e34a6-f6aa-482c-805e-74d6f6d3c6a3,이마트24광주흑석로또점,편의점,수완이지더원 골목형상점가,골목형상점가,광주광역시,,,
accb75cda8ecd4ab70ab,full_annotation_v1,A,q_편의점_06,편의점 갈 데,생활·마트 중 '편의점'을 판매·제공하는 매장,val,편의점,T4 구어·문장,e6cc61b6-40b3-424b-a854-961026709c1c,제일큰마트,종합식품,충주농산물종합시장(구 중앙청과시장),전통시장,충청북도,,,
17149949075256fa7316,full_annotation_v1,A,q_편의점_06,편의점 갈 데,생활·마트 중 '편의점'을 판매·제공하는 매장,val,편의점,T4 구어·문장,9812332a-b8e1-406c-b89b-71f2ccec3be2,세븐일레븐,편의점,둔전골목형상점가,골목형상점가,경기도,,,
caaeca7cf8fec1b254c4,full_annotation_v1,A,q_편의점_06,편의점 갈 데,생활·마트 중 '편의점'을 판매·제공하는 매장,val,편의점,T4 구어·문장,3c4a2539-7dfa-4768-a3b1-093ff9a0eba7,씨유장대스토리점,편의점,장대동패션상가 골목형상점가,골목형상점가,대전광역시,,,
25b067e177ae924b221b,full_annotation_v1,A,q_편의점_06,편의점 갈 데,생활·마트 중 '편의점'을 판매·제공하는 매장,val,편의점,T4 구어·문장,02ab118f-aa08-483e-b7d3-93768e12c1be,이마트24옥정엠시티점,,파스텔시티2차상점가,골목형상점가,경기도,,,
5398a8fa93acbe2bad4b,full_annotation_v1,A,q_편의점_06,편의점 갈 데,생활·마트 중 '편의점'을 판매·제공하는 매장,val,편의점,T4 구어·문장,01082ac2-3d28-417c-8311-62a9095208e5,신라정선,슈퍼,남부골목시장,전통시장,서울특별시,,,
c5709d1f1416f071c8f7,full_annotation_v1,A,q_편의점_06,편의점 갈 데,생활·마트 중 '편의점'을 판매·제공하는 매장,val,편의점,T4 구어·문장,cb984887-fe30-4ba4-9f05-aa9664395f64,지에스25월계크라운점,편의점,첨단이웃사랑 골목형상점가,골목형상점가,광주광역시,,,
061e08343adf3cca5795,full_annotation_v1,A,q_편의점_06,편의점 갈 데,생활·마트 중 '편의점'을 판매·제공하는 매장,val,편의점,T4 구어·문장,9b067b75-2141-4fc1-a064-d0986c6dc263,세븐일레븐,편의점,두암1동행정복지센터주변 골목형상점가,골목형상점가,광주광역시,,,
b5d4042af830cfc9d703,full_annotation_v1,A,q_편의점_06,편의점 갈 데,생활·마트 중 '편의점'을 판매·제공하는 매장,val,편의점,T4 구어·문장,f14df4d3-9858-4a8b-8597-20fd477d8e32,갤러리 데 루치아,가구,용인어정가구단지상점가,자율상권구역,경기도,,,
7ad17e671e57fb158acb,full_annotation_v1,A,q_편의점_06,편의점 갈 데,생활·마트 중 '편의점'을 판매·제공하는 매장,val,편의점,T4 구어·문장,5c075211-d790-485f-8def-67e24a561bbc,마곡편의점,편의점,공산성골목형상점가,골목형상점가,충청남도,,,
6947ebbb72fbc84ae37b,full_annotation_v1,A,q_편의점_06,편의점 갈 데,생활·마트 중 '편의점'을 판매·제공하는 매장,val,편의점,T4 구어·문장,0abbc6fb-212a-4d54-b372-9f4547956bc9,Gs25고암두언점,편의점,엄상마을상점가,골목형상점가,경기도,,,
0ee2a46bc4bb91f9e060,full_annotation_v1,A,q_편의점_06,편의점 갈 데,생활·마트 중 '편의점'을 판매·제공하는 매장,val,편의점,T4 구어·문장,0988667a-cf9e-456b-8122-1d8b35160864,CU해남땅끝점,편의점,땅끝마을 상점가,골목형상점가,전라남도,,,
9a4bebe7111b5a043f5d,full_annotation_v1,A,q_편의점_06,편의점 갈 데,생활·마트 중 '편의점'을 판매·제공하는 매장,val,편의점,T4 구어·문장,9e5ac9b1-ea36-4a9e-a9e2-e2a69d5690ee,CU,편의점,프로방스 골목형상점가,골목형상점가,전라남도,,,
d20a0fc9499e59aa16af,full_annotation_v1,A,q_편의점_06,편의점 갈 데,생활·마트 중 '편의점'을 판매·제공하는 매장,val,편의점,T4 구어·문장,a9895d16-2a13-44a4-908b-9a8c2936840a,씨유서부율전점,편의점,명덕마을 골목형상점가,골목형상점가,울산광역시,,,
f65b2701d490a981e498,full_annotation_v1,A,q_편의점_06,편의점 갈 데,생활·마트 중 '편의점'을 판매·제공하는 매장,val,편의점,T4 구어·문장,e90fa987-02cd-403e-baa7-989de65b2038,씨유일곡송해로점,편의점,일곡동 골목형상점가,골목형상점가,광주광역시,,,
b8efce1af4ddf8f87314,full_annotation_v1,A,q_편의점_06,편의점 갈 데,생활·마트 중 '편의점'을 판매·제공하는 매장,val,편의점,T4 구어·문장,84ec3006-2f82-40c1-9a8c-9cca45bba004,CU장현중앙점,편의점,남양주장현전통시장,전통시장,경기도,,,
ade3441e9504369803a3,full_annotation_v1,A,q_편의점_06,편의점 갈 데,생활·마트 중 '편의점'을 판매·제공하는 매장,val,편의점,T4 구어·문장,006f9082-b590-49e3-baf4-f72dc203a510,CU풍암주은모아점,편의점,풍암당산상인회 골목형상점가,골목형상점가,광주광역시,,,
bd0108f2be344471e34b,full_annotation_v1,A,q_편의점_06,편의점 갈 데,생활·마트 중 '편의점'을 판매·제공하는 매장,val,편의점,T4 구어·문장,83d234ae-2eee-4b03-ab63-52232834c8f2,그린홈스,커튼,서문시장2지구 종합상가,전통시장,대구광역시,,,
4dc19a8374ddec3db84a,full_annotation_v1,A,q_편의점_06,편의점 갈 데,생활·마트 중 '편의점'을 판매·제공하는 매장,val,편의점,T4 구어·문장,95cce0a4-2f73-4e0c-91eb-6657686b45c9,세븐일레븐거제신현점,편의점,거제 고현시장,전통시장,경상남도,,,
53e1fabd5353836d7d26,full_annotation_v1,A,q_편의점_06,편의점 갈 데,생활·마트 중 '편의점'을 판매·제공하는 매장,val,편의점,T4 구어·문장,88431df8-90b4-4fb1-9d80-7b0ce9a4610d,현대25시 편의점,편의점 복권,봉일천전통시장,전통시장,경기도,,,
a82fa67352cc3b79b525,full_annotation_v1,A,q_편의점_06,편의점 갈 데,생활·마트 중 '편의점'을 판매·제공하는 매장,val,편의점,T4 구어·문장,001bacc9-5a95-4049-babd-6691512d8da0,백두사,잡화,장량성도시장,전통시장,경상북도,,,
83665dce15e1191c1025,full_annotation_v1,A,q_편의점_06,편의점 갈 데,생활·마트 중 '편의점'을 판매·제공하는 매장,val,편의점,T4 구어·문장,bc4d0206-54b1-4f0d-8151-fbe8f5ef08ff,GS25풍암원룸점,편의점,풍암운리중상인회 골목형상점가,골목형상점가,광주광역시,,,
982e5fa9f0472f7e028b,full_annotation_v1,A,q_편의점_06,편의점 갈 데,생활·마트 중 '편의점'을 판매·제공하는 매장,val,편의점,T4 구어·문장,482cbb20-74a8-4251-ac9a-b0efcc6d72b5,모아편의점,편의점,풍암금당상인회 골목형상점가,골목형상점가,광주광역시,,,
11dadd0c0e03a8e97f38,full_annotation_v1,A,q_편의점_06,편의점 갈 데,생활·마트 중 '편의점'을 판매·제공하는 매장,val,편의점,T4 구어·문장,cff06b48-54d4-4423-b9a3-5c6ba4657d39,GS25,편의점,아진상가,골목형상점가,울산광역시,,,
b1b5efcf0a361b82e673,full_annotation_v1,A,q_편의점_06,편의점 갈 데,생활·마트 중 '편의점'을 판매·제공하는 매장,val,편의점,T4 구어·문장,2644e238-a7c8-41b1-8c79-cb2f76d08a15,동일마트,편의점,김해 삼방전통시장,전통시장,경상남도,,,
d1064fd3ef57106d9b51,full_annotation_v1,A,q_편의점_06,편의점 갈 데,생활·마트 중 '편의점'을 판매·제공하는 매장,val,편의점,T4 구어·문장,e47288cc-6ac7-4b2d-9a64-4e66b39990ab,CU주엽효원점,편의점,주엽역 골목형상점가,골목형상점가,경기도,,,
4ee2197b3cc384e2d12b,full_annotation_v1,A,q_편의점_06,편의점 갈 데,생활·마트 중 '편의점'을 판매·제공하는 매장,val,편의점,T4 구어·문장,ab940518-86dd-4359-af59-aa51f85e8597,CU괘법중앙점,편의점,사상시장,전통시장,부산광역시,,,
fe33e107c11a7eaa3194,full_annotation_v1,A,q_편의점_06,편의점 갈 데,생활·마트 중 '편의점'을 판매·제공하는 매장,val,편의점,T4 구어·문장,6b05622d-1506-4162-8b5f-a4ec233cbe5a,CU하남수산물시장점,편의점,하남수산물전통시장,전통시장,경기도,,,
f34f6134e0f344bf0369,full_annotation_v1,A,q_편의점_06,편의점 갈 데,생활·마트 중 '편의점'을 판매·제공하는 매장,val,편의점,T4 구어·문장,ea47d538-c0a1-4e28-853d-781913295f37,씨유관악당곡점,편의점,보라빛거리골목형상점가,골목형상점가,서울특별시,,,
0f833a1839320d9558df,full_annotation_v1,A,q_편의점_06,편의점 갈 데,생활·마트 중 '편의점'을 판매·제공하는 매장,val,편의점,T4 구어·문장,6c53ada8-c7b8-4bb3-97d9-0d14830c023f,emart24,편의점,죽녹원 북문 골목형상점가,골목형상점가,전라남도,,,
9fd0cef74ff8941ae9b8,full_annotation_v1,A,q_편의점_06,편의점 갈 데,생활·마트 중 '편의점'을 판매·제공하는 매장,val,편의점,T4 구어·문장,dd5dbdfe-93a2-425c-b281-143ce1123a43,세븐일레븐전주여의제일점,편의점,여의동 골목형상점가,골목형상점가,전북특별자치도,,,
a5e2abdf301fc3548df5,full_annotation_v1,A,q_편의점_06,편의점 갈 데,생활·마트 중 '편의점'을 판매·제공하는 매장,val,편의점,T4 구어·문장,816a667e-53ed-4753-8fd5-1b908d6bc75d,해빛편의점,편의점 기타 잡화,전평제상인회 골목형상점가,골목형상점가,광주광역시,,,
28bdaa43a2919f93ef0d,full_annotation_v1,A,q_편의점_06,편의점 갈 데,생활·마트 중 '편의점'을 판매·제공하는 매장,val,편의점,T4 구어·문장,474d1e82-32df-40a4-8698-fb3d35552ba3,emart24,편의점,임방울거리2구역 골목형상점가,골목형상점가,광주광역시,,,
9c9dca62e84b76e0599a,full_annotation_v1,A,q_편의점_06,편의점 갈 데,생활·마트 중 '편의점'을 판매·제공하는 매장,val,편의점,T4 구어·문장,01d01063-d46f-4d55-991f-bd03c55392f8,씨유 사상중흥센터,편의점,중흥 골목형상점가,골목형상점가,부산광역시,,,
a32da15fb751165e1227,full_annotation_v1,A,q_편의점_06,편의점 갈 데,생활·마트 중 '편의점'을 판매·제공하는 매장,val,편의점,T4 구어·문장,5589af27-8a43-41e8-977c-35759e02fc6a,미래편의점,편의점,운남골목 골목형상점가,골목형상점가,광주광역시,,,
3a7c8f7269d714343d77,full_annotation_v1,A,q_편의점_06,편의점 갈 데,생활·마트 중 '편의점'을 판매·제공하는 매장,val,편의점,T4 구어·문장,babdb769-d75b-4fa3-bf1c-51280c766735,편의점사랑,편의점,의왕역 골목형상점가,골목형상점가,경기도,,,
0947c3fb223addc7dd99,full_annotation_v1,A,q_편의점_06,편의점 갈 데,생활·마트 중 '편의점'을 판매·제공하는 매장,val,편의점,T4 구어·문장,06087bd5-698a-4a4b-9812-dc2f59d3cee6,알리바이24시편의점,편의점,굴비골영광시장(구 영광매일시장),전통시장,전라남도,,,
07f8e017a6058f8ec69e,full_annotation_v1,A,q_편의점_06,편의점 갈 데,생활·마트 중 '편의점'을 판매·제공하는 매장,val,편의점,T4 구어·문장,ea8a403a-5b41-4492-8a4b-c79797e78966,씨유정읍인네점,편의점,정읍중앙로상점가,자율상권구역,전북특별자치도,,,
62e7a536ea328825d08b,full_annotation_v1,A,q_편의점_06,편의점 갈 데,생활·마트 중 '편의점'을 판매·제공하는 매장,val,편의점,T4 구어·문장,f8ca399a-6a3c-428a-9f5e-0e32b4bd2844,성원편의점,편의점,창원 성원3차종합상가,전통시장,경상남도,,,
b5c9b1e9a6c23b75d7be,full_annotation_v1,A,q_편의점_06,편의점 갈 데,생활·마트 중 '편의점'을 판매·제공하는 매장,val,편의점,T4 구어·문장,0054b824-eb72-4efa-a1ba-40d467c899a5,수정상회,잡화,중앙전통시장,전통시장,울산광역시,,,
0138ff15f362e87f86a9,full_annotation_v1,A,q_편의점_06,편의점 갈 데,생활·마트 중 '편의점'을 판매·제공하는 매장,val,편의점,T4 구어·문장,15d044c5-0f5c-4410-b98b-bff87e4f08df,우리편의점,편의점,산본로데오거리(구 산본중심상가),자율상권구역,경기도,,,
e1ffe780248f0ba0bb8d,full_annotation_v1,A,q_편의점_06,편의점 갈 데,생활·마트 중 '편의점'을 판매·제공하는 매장,val,편의점,T4 구어·문장,282b0e8b-051c-49f9-a707-b982df803589,까라벨라 데 오르,스파게티,동명동 카페거리 골목형상점가,골목형상점가,광주광역시,,,
f795e66ce35c6a578182,full_annotation_v1,A,q_편의점_06,편의점 갈 데,생활·마트 중 '편의점'을 판매·제공하는 매장,val,편의점,T4 구어·문장,e3aaac51-fe11-4c47-9743-1a01dad9b13a,씨유경희대점,편의점,회기랑길골목형상점가,골목형상점가,서울특별시,,,
293c929b0e234eeee1ad,full_annotation_v1,A,q_편의점_06,편의점 갈 데,생활·마트 중 '편의점'을 판매·제공하는 매장,val,편의점,T4 구어·문장,27427669-324a-4fc4-94c7-d7b68ff134b2,알리바이,편의점,두암1동군왕로 골목형상점가,골목형상점가,광주광역시,,,
de57e9bbcfe47b851aa1,full_annotation_v1,A,q_편의점_06,편의점 갈 데,생활·마트 중 '편의점'을 판매·제공하는 매장,val,편의점,T4 구어·문장,003d5df8-0856-45e0-a11e-5098cf70541e,앨리스리본&공방,"공방, 잡화",봉화내성시장,전통시장,경상북도,,,
014ed83149b591090791,full_annotation_v1,A,q_편의점_06,편의점 갈 데,생활·마트 중 '편의점'을 판매·제공하는 매장,val,편의점,T4 구어·문장,dff0c0d4-843d-404b-a3f1-4e7eebdac79d,씨유조종승리점,편의점,조종시장,전통시장,경기도,,,
c7342b6049f267448ec7,full_annotation_v1,A,q_편의점_06,편의점 갈 데,생활·마트 중 '편의점'을 판매·제공하는 매장,val,편의점,T4 구어·문장,003683a7-fde1-46b0-8421-08210268e2b0,이마트24 광주일곡엘리체점,,삼각동 골목형상점가,골목형상점가,,,,
d9122bf62c1dff5c9ac9,full_annotation_v1,A,q_편의점_06,편의점 갈 데,생활·마트 중 '편의점'을 판매·제공하는 매장,val,편의점,T4 구어·문장,1f783869-e8a6-490d-85ff-43827b8c5aad,붐비나,소매,운암시장,전통시장,광주광역시,,,
3ba525822f36d0592199,full_annotation_v1,A,q_편의점_06,편의점 갈 데,생활·마트 중 '편의점'을 판매·제공하는 매장,val,편의점,T4 구어·문장,3649476e-6cb0-48ae-8bed-26ee4fcb9512,씨유정읍역점,편의점,정읍연지상점가,자율상권구역,전북특별자치도,,,
cbccef61ce4aa60b7c61,full_annotation_v1,A,q_편의점_06,편의점 갈 데,생활·마트 중 '편의점'을 판매·제공하는 매장,val,편의점,T4 구어·문장,d9db77fa-753e-4a61-84e0-75c38ac1cabc,진유통,"농산물, 수산물",서천특화시장,전통시장,충청남도,,,
bb4278824d3961f3f974,full_annotation_v1,A,q_편의점_06,편의점 갈 데,생활·마트 중 '편의점'을 판매·제공하는 매장,val,편의점,T4 구어·문장,451184f9-72f3-45ba-8cf0-34ddc44bd7e3,대왕뼈해장국,한식,군분로 골목형상점가,골목형상점가,광주광역시,,,
3e2cfb6d5013091ba2e5,full_annotation_v1,A,q_편의점_06,편의점 갈 데,생활·마트 중 '편의점'을 판매·제공하는 매장,val,편의점,T4 구어·문장,fc75b376-03e2-410f-b75a-bc8ea2a1a9b8,이이지에이마트광탄점,편의점,광탄전통시장,전통시장,경기도,,,
2e821fcd693f86b88cf9,full_annotation_v1,A,q_편의점_06,편의점 갈 데,생활·마트 중 '편의점'을 판매·제공하는 매장,val,편의점,T4 구어·문장,b87a6d90-69d6-4ad7-b646-e863486748ac,씨유성주찬현점,편의점,성주시장,전통시장,경상북도,,,
b67063766d8fdf08d9f4,full_annotation_v1,A,q_편의점_06,편의점 갈 데,생활·마트 중 '편의점'을 판매·제공하는 매장,val,편의점,T4 구어·문장,dc236aa0-df7a-4ea4-a73d-afe846bdadc1,Gs편의점농성대남점,편의점,상공회의소누리상인회 골목형상점가,골목형상점가,광주광역시,,,
5798ee62e990795a9771,full_annotation_v1,A,q_편의점_06,편의점 갈 데,생활·마트 중 '편의점'을 판매·제공하는 매장,val,편의점,T4 구어·문장,3bde790e-d4d7-4f61-8d83-2898f1acb39a,씨유편의점,편의점,쌍용먹자패션거리 골목형상점가,골목형상점가,충청남도,,,
b0e21953929f12b201e6,full_annotation_v1,A,q_편의점_06,편의점 갈 데,생활·마트 중 '편의점'을 판매·제공하는 매장,val,편의점,T4 구어·문장,023e5716-7bdc-42c7-9c7e-a9a4f0f23a8b,이마트24 광주하남금호점,,한마음,골목형상점가,,,,
53d4775e1f838a2af1d3,full_annotation_v1,A,q_편의점_06,편의점 갈 데,생활·마트 중 '편의점'을 판매·제공하는 매장,val,편의점,T4 구어·문장,7958d4df-3a3b-4371-b6a1-669e224c263c,지에스25상무대라수점,편의점,치평1230상인회 골목형상점가,골목형상점가,광주광역시,,,
e1732cc9b9e74226480d,full_annotation_v1,A,q_편의점_06,편의점 갈 데,생활·마트 중 '편의점'을 판매·제공하는 매장,val,편의점,T4 구어·문장,003747e4-8102-4296-bfdf-b7ca7c1f83fa,평화잡화,잡화,부산평화시장,전통시장,부산광역시,,,
d6909aad24ed784ebd7f,full_annotation_v1,A,q_편의점_06,편의점 갈 데,생활·마트 중 '편의점'을 판매·제공하는 매장,val,편의점,T4 구어·문장,001906f9-c5ab-4432-9e3a-be3af3f08aeb,씨유 원주혁신점,편의점,혁신도시5구역골목형상점가,골목형상점가,강원특별자치도,,,
a0b596c1035d5bf63d1f,full_annotation_v1,A,q_편의점_06,편의점 갈 데,생활·마트 중 '편의점'을 판매·제공하는 매장,val,편의점,T4 구어·문장,e0d056f4-47ed-4661-a9f1-e06d3e6056ac,세븐일레븐,편의점,강원대학교후문골목형상점가,골목형상점가,강원특별자치도,,,
6d503b100673d348bd20,full_annotation_v1,A,q_편의점_06,편의점 갈 데,생활·마트 중 '편의점'을 판매·제공하는 매장,val,편의점,T4 구어·문장,f8be60ff-eca7-4fca-adb3-0e7b267fd34c,CU목포산정점,편의점,뒷개로청춘골목상점가,골목형상점가,전라남도,,,
5f99fadc9b474d06c1e1,full_annotation_v1,A,q_편의점_06,편의점 갈 데,생활·마트 중 '편의점'을 판매·제공하는 매장,val,편의점,T4 구어·문장,56dfedcb-b1a7-4ec4-bc45-722cdbe5e676,스카이스크린골프,스크린골프,참샘상인회 골목형상점가,골목형상점가,광주광역시,,,
315cd570903469f4c6c0,full_annotation_v1,A,q_편의점_06,편의점 갈 데,생활·마트 중 '편의점'을 판매·제공하는 매장,val,편의점,T4 구어·문장,e734717c-7370-4950-8142-9fdbcf1efa12,Gs25,편의점,옥천영춘 골목형상점가,골목형상점가,전라남도,,,
fa13e100ae27c4eeb664,full_annotation_v1,A,q_편의점_06,편의점 갈 데,생활·마트 중 '편의점'을 판매·제공하는 매장,val,편의점,T4 구어·문장,99b0a1af-9d74-4cdb-828c-266f1be41666,신도식당,"해장국, 치킨",신도꼼지락시장,전통시장,대전광역시,,,
8b7dccb8701804756e6c,full_annotation_v1,A,q_편의점_06,편의점 갈 데,생활·마트 중 '편의점'을 판매·제공하는 매장,val,편의점,T4 구어·문장,0699e51f-0c1c-416c-b987-55e5ee6c31b0,씨유전주진북우성점,편의점,전주우성타운 골목형상점가,골목형상점가,전북특별자치도,,,
02e403a2c51d0a9bb26a,full_annotation_v1,A,q_편의점_06,편의점 갈 데,생활·마트 중 '편의점'을 판매·제공하는 매장,val,편의점,T4 구어·문장,9297295b-1ad1-4f9b-8034-6265b38f62c2,시장할인마트,편의점,강진읍시장,전통시장,전라남도,,,
7fe7b5e2092299b71f95,full_annotation_v1,A,q_편의점_06,편의점 갈 데,생활·마트 중 '편의점'을 판매·제공하는 매장,val,편의점,T4 구어·문장,d44492a7-a793-43d1-aec2-0e646314ac8e,감탄떡볶이 신 갈 점,,새천년 골목형상점가,골목형상점가,경기도,,,
86b40cfa116977ffb1a4,full_annotation_v1,A,q_편의점_06,편의점 갈 데,생활·마트 중 '편의점'을 판매·제공하는 매장,val,편의점,T4 구어·문장,94ed11b4-4849-453d-9204-5d1f82d91a1b,CU용봉용주점,편의점,용봉우치로 골목형상점가,골목형상점가,광주광역시,,,
987b1af349c99f79f808,full_annotation_v1,A,q_편의점_06,편의점 갈 데,생활·마트 중 '편의점'을 판매·제공하는 매장,val,편의점,T4 구어·문장,dbedfe22-854a-45e3-894c-81f32aa0367f,비트로스포츠,스포츠의류,고성동벚꽃 골목형상점가,골목형상점가,대구광역시,,,
65b707a48ad07bbbfbce,full_annotation_v1,A,q_편의점_06,편의점 갈 데,생활·마트 중 '편의점'을 판매·제공하는 매장,val,편의점,T4 구어·문장,ace96847-ba1f-4f6b-bc69-60b8124938a4,Cu광주무등시장,편의점,세은 골목형상점가,골목형상점가,광주광역시,,,
e426d9f4bf5dcc7c426b,full_annotation_v1,A,q_편의점_06,편의점 갈 데,생활·마트 중 '편의점'을 판매·제공하는 매장,val,편의점,T4 구어·문장,01790f65-6bd3-405b-9ef4-493889531486,세븐일레븐자양으뜸2호점,편의점,자양로13길골목형상점가,골목형상점가,서울특별시,,,
64d19a85173426d34e25,full_annotation_v1,A,q_편의점_06,편의점 갈 데,생활·마트 중 '편의점'을 판매·제공하는 매장,val,편의점,T4 구어·문장,5980a84e-59b7-49c5-8cea-127b6cfd17da,봉산순대국밥,순대국밥,송강전통시장,전통시장,대전광역시,,,
bce8090e2d1a51a500c1,full_annotation_v1,A,q_편의점_06,편의점 갈 데,생활·마트 중 '편의점'을 판매·제공하는 매장,val,편의점,T4 구어·문장,0127440f-2d8b-45f0-b518-a19665d3d5a8,나들가게서교하이퍼,소매(슈퍼),서교시장,전통시장,서울특별시,,,
9d878fa0c4533c7087a3,full_annotation_v1,A,q_편의점_06,편의점 갈 데,생활·마트 중 '편의점'을 판매·제공하는 매장,val,편의점,T4 구어·문장,ed0a54eb-475a-4dc2-9746-5a8c51700598,세븐일레븐,편의점,메트로센터(반월당지하쇼핑),일반지하상점가,대구광역시,,,
118466ea343a3b1560e3,full_annotation_v1,A,q_편의점_06,편의점 갈 데,생활·마트 중 '편의점'을 판매·제공하는 매장,val,편의점,T4 구어·문장,2c949275-a21f-4224-ace5-06dea1b955a3,이마트24,편의점,하남진곡 골목형상점가,골목형상점가,광주광역시,,,
aeb165e52492ff1c0189,full_annotation_v1,A,q_편의점_06,편의점 갈 데,생활·마트 중 '편의점'을 판매·제공하는 매장,val,편의점,T4 구어·문장,77f36e3e-5929-4768-ad90-f0791512153c,송북축산,도매및소매업(육류판매업),송탄시장(송북시장),전통시장,경기도,,,
130e28736adc4d69491f,full_annotation_v1,A,q_편의점_06,편의점 갈 데,생활·마트 중 '편의점'을 판매·제공하는 매장,val,편의점,T4 구어·문장,ec011a7f-6dba-4811-aa9a-b80c415e4c59,CU점촌역,편의점,점촌역전상점가,자율상권구역,경상북도,,,
27a2752ef9d9e388debb,full_annotation_v1,A,q_편의점_06,편의점 갈 데,생활·마트 중 '편의점'을 판매·제공하는 매장,val,편의점,T4 구어·문장,d623a489-9439-4ef4-84f0-99c48f6fe42d,명품노래연습장,노래방,참샘상인회 골목형상점가,골목형상점가,광주광역시,,,
d3302325133f53bd10dd,full_annotation_v1,A,q_편의점_06,편의점 갈 데,생활·마트 중 '편의점'을 판매·제공하는 매장,val,편의점,T4 구어·문장,384de038-e0eb-4dff-97fa-ad13ac3730e9,관방천편의점,편의점,국수거리 골목형상점가,골목형상점가,전라남도,,,
ba03c1c957611b884d91,full_annotation_v1,A,q_편의점_06,편의점 갈 데,생활·마트 중 '편의점'을 판매·제공하는 매장,val,편의점,T4 구어·문장,164666ec-be0a-4c47-b673-9ab7000e37c9,에스,옷,중앙로 지하상가 상점가,일반지하상점가,대전광역시,,,
ecd0fa68dbc1eff8c3f3,full_annotation_v1,A,q_편의점_06,편의점 갈 데,생활·마트 중 '편의점'을 판매·제공하는 매장,val,편의점,T4 구어·문장,6d878f60-f945-4d67-8d88-d983e049da80,삼미회식당,식당,죽도어시장,전통시장,경상북도,,,
aebbefb71dae9bc6f2f0,full_annotation_v1,A,q_편의점_06,편의점 갈 데,생활·마트 중 '편의점'을 판매·제공하는 매장,val,편의점,T4 구어·문장,07009462-6c64-4dd9-8fd9-a885fe4b203c,예쁘니까또,의류,중앙로 지하상가 상점가,일반지하상점가,대전광역시,,,
99d311ac2daede62cc86,full_annotation_v1,A,q_편의점_07,편의점 찾는 곳,생활·마트 중 '편의점'을 판매·제공하는 매장,val,편의점,T4 구어·문장,003683a7-fde1-46b0-8421-08210268e2b0,이마트24 광주일곡엘리체점,,삼각동 골목형상점가,골목형상점가,,,,
a991cd428e5fbdb55f7a,full_annotation_v1,A,q_편의점_07,편의점 찾는 곳,생활·마트 중 '편의점'을 판매·제공하는 매장,val,편의점,T4 구어·문장,6c53ada8-c7b8-4bb3-97d9-0d14830c023f,emart24,편의점,죽녹원 북문 골목형상점가,골목형상점가,전라남도,,,
01198d79c42f2f2ae9d8,full_annotation_v1,A,q_편의점_07,편의점 찾는 곳,생활·마트 중 '편의점'을 판매·제공하는 매장,val,편의점,T4 구어·문장,01ca51d4-ae25-4b4f-86b6-d8461d581a02,영광슈퍼,소매업(슈퍼),신원시장,전통시장,서울특별시,,,
301c8298c34375b872da,full_annotation_v1,A,q_편의점_07,편의점 찾는 곳,생활·마트 중 '편의점'을 판매·제공하는 매장,val,편의점,T4 구어·문장,c691a22d-7069-467e-8dc2-007300df4e95,마실 잡화점,,부안마실 상권활성화구역,상권활성화구역,전북특별자치도,,,
5d3c4aa3c5c397426db9,full_annotation_v1,A,q_편의점_07,편의점 찾는 곳,생활·마트 중 '편의점'을 판매·제공하는 매장,val,편의점,T4 구어·문장,27427669-324a-4fc4-94c7-d7b68ff134b2,알리바이,편의점,두암1동군왕로 골목형상점가,골목형상점가,광주광역시,,,
8e28b26907f40ef0e672,full_annotation_v1,A,q_편의점_07,편의점 찾는 곳,생활·마트 중 '편의점'을 판매·제공하는 매장,val,편의점,T4 구어·문장,0015ea0b-d565-4d75-bbfb-1198daeb0b0c,나이스마트청라자이점,,청라언덕 골목형상점가,골목형상점가,대구광역시,,,
23b76f31e23debc0718b,full_annotation_v1,A,q_편의점_07,편의점 찾는 곳,생활·마트 중 '편의점'을 판매·제공하는 매장,val,편의점,T4 구어·문장,0054b824-eb72-4efa-a1ba-40d467c899a5,수정상회,잡화,중앙전통시장,전통시장,울산광역시,,,
d5061277151899ee3146,full_annotation_v1,A,q_편의점_07,편의점 찾는 곳,생활·마트 중 '편의점'을 판매·제공하는 매장,val,편의점,T4 구어·문장,95cce0a4-2f73-4e0c-91eb-6657686b45c9,세븐일레븐거제신현점,편의점,거제 고현시장,전통시장,경상남도,,,
364b2653df0c75afe12d,full_annotation_v1,A,q_편의점_07,편의점 찾는 곳,생활·마트 중 '편의점'을 판매·제공하는 매장,val,편의점,T4 구어·문장,f49a524f-1de6-4c8d-bdfa-694328f5409c,축협알뜰편의점,편의점,새영주시장,전통시장,부산광역시,,,
4755dcafdb8e3f6ac68d,full_annotation_v1,A,q_편의점_07,편의점 찾는 곳,생활·마트 중 '편의점'을 판매·제공하는 매장,val,편의점,T4 구어·문장,4d0d5ff3-d1e3-4f99-995a-ab125e18d239,지에스25자유시장점,편의점,원주자유시장,전통시장,강원특별자치도,,,
6be9d1fa1c6c77019ded,full_annotation_v1,A,q_편의점_07,편의점 찾는 곳,생활·마트 중 '편의점'을 판매·제공하는 매장,val,편의점,T4 구어·문장,001906f9-c5ab-4432-9e3a-be3af3f08aeb,씨유 원주혁신점,편의점,혁신도시5구역골목형상점가,골목형상점가,강원특별자치도,,,
eb0ea923d19680a09853,full_annotation_v1,A,q_편의점_07,편의점 찾는 곳,생활·마트 중 '편의점'을 판매·제공하는 매장,val,편의점,T4 구어·문장,0184ed05-765c-4947-bbf8-dff527177252,안경을 찾는 사람들,안경,발안만세시장(구 발안시장),전통시장,경기도,,,
1440db7f884390852109,full_annotation_v1,A,q_편의점_07,편의점 찾는 곳,생활·마트 중 '편의점'을 판매·제공하는 매장,val,편의점,T4 구어·문장,7234c934-81df-4950-b694-f81a5a59f7aa,대박마트,편의점,호매실역중심상가 골목형상점가,골목형상점가,경기도,,,
fa66d39706f9dd621efe,full_annotation_v1,A,q_편의점_07,편의점 찾는 곳,생활·마트 중 '편의점'을 판매·제공하는 매장,val,편의점,T4 구어·문장,482cbb20-74a8-4251-ac9a-b0efcc6d72b5,모아편의점,편의점,풍암금당상인회 골목형상점가,골목형상점가,광주광역시,,,
f044cffa9e6d12ffce68,full_annotation_v1,A,q_편의점_07,편의점 찾는 곳,생활·마트 중 '편의점'을 판매·제공하는 매장,val,편의점,T4 구어·문장,84ec3006-2f82-40c1-9a8c-9cca45bba004,CU장현중앙점,편의점,남양주장현전통시장,전통시장,경기도,,,
ce9edf6498c3c667c1da,full_annotation_v1,A,q_편의점_07,편의점 찾는 곳,생활·마트 중 '편의점'을 판매·제공하는 매장,val,편의점,T4 구어·문장,003d5df8-0856-45e0-a11e-5098cf70541e,앨리스리본&공방,"공방, 잡화",봉화내성시장,전통시장,경상북도,,,
9754369e7862cd0b6849,full_annotation_v1,A,q_편의점_07,편의점 찾는 곳,생활·마트 중 '편의점'을 판매·제공하는 매장,val,편의점,T4 구어·문장,02656399-5272-4d95-93ce-aa699e13cfdb,우리홈마트,,중화산로 골목형상점가,골목형상점가,전북특별자치도,,,
ad8988f89111945a0e72,full_annotation_v1,A,q_편의점_07,편의점 찾는 곳,생활·마트 중 '편의점'을 판매·제공하는 매장,val,편의점,T4 구어·문장,a9895d16-2a13-44a4-908b-9a8c2936840a,씨유서부율전점,편의점,명덕마을 골목형상점가,골목형상점가,울산광역시,,,
b0250e34945974da6c2a,full_annotation_v1,A,q_편의점_07,편의점 찾는 곳,생활·마트 중 '편의점'을 판매·제공하는 매장,val,편의점,T4 구어·문장,ee99d7d7-f4eb-46b0-8771-6334dbabb8d8,산을 찾는 사람들,임산물,원고개시장,전통시장,대구광역시,,,
511134fb2cea84a6c9c9,full_annotation_v1,A,q_편의점_07,편의점 찾는 곳,생활·마트 중 '편의점'을 판매·제공하는 매장,val,편의점,T4 구어·문장,e8e9c9ac-afdd-4b70-8bf7-78ec9775281c,프랜드편의점,편의점,발안만세시장(구 발안시장),전통시장,경기도,,,
c2333f2d5f182dff09e9,full_annotation_v1,A,q_편의점_07,편의점 찾는 곳,생활·마트 중 '편의점'을 판매·제공하는 매장,val,편의점,T4 구어·문장,54d7974a-c195-4d3c-9cd1-6e66f71d9fd2,GS25성애병원점,편의점,신길성애 골목형상점가,골목형상점가,서울특별시,,,
2d7fcf77557051d82488,full_annotation_v1,A,q_편의점_07,편의점 찾는 곳,생활·마트 중 '편의점'을 판매·제공하는 매장,val,편의점,T4 구어·문장,67e246e9-09f0-4556-aa8c-cfc097e5a380,세븐일레븐편의점,편의점,88글러브 골목형상점가,골목형상점가,대전광역시,,,
fb57e1ec5efbd1c89e68,full_annotation_v1,A,q_편의점_07,편의점 찾는 곳,생활·마트 중 '편의점'을 판매·제공하는 매장,val,편의점,T4 구어·문장,01b2c972-f367-47e6-b3d2-11585175a7c1,명동슈퍼,슈퍼,신대방1동온누리길골목형상점가,골목형상점가,서울특별시,,,
53f8da6fa4e2d2b5a24a,full_annotation_v1,A,q_편의점_07,편의점 찾는 곳,생활·마트 중 '편의점'을 판매·제공하는 매장,val,편의점,T4 구어·문장,0988667a-cf9e-456b-8122-1d8b35160864,CU해남땅끝점,편의점,땅끝마을 상점가,골목형상점가,전라남도,,,
04eb701165f0812b39d8,full_annotation_v1,A,q_편의점_07,편의점 찾는 곳,생활·마트 중 '편의점'을 판매·제공하는 매장,val,편의점,T4 구어·문장,c9fd195e-74f7-4068-8ae6-3e3bc6a5380d,프라임누가약국,의약품,전대병원오거리 골목형상점가,골목형상점가,광주광역시,,,
b2996b7f409f2faaae1c,full_annotation_v1,A,q_편의점_07,편의점 찾는 곳,생활·마트 중 '편의점'을 판매·제공하는 매장,val,편의점,T4 구어·문장,017a2c54-999b-4850-993e-cac5169d3aec,지에스25 원주황금점,편의점,혁신도시1구역골목형상점가,골목형상점가,강원특별자치도,,,
fe1083b8498594df9cf9,full_annotation_v1,A,q_편의점_07,편의점 찾는 곳,생활·마트 중 '편의점'을 판매·제공하는 매장,val,편의점,T4 구어·문장,7ee1e2e0-e073-4dca-96ba-036ad4fa8092,중앙서림,서적,순천연향패션상가,자율상권구역,전라남도,,,
f553b06369c69b2f189b,full_annotation_v1,A,q_편의점_07,편의점 찾는 곳,생활·마트 중 '편의점'을 판매·제공하는 매장,val,편의점,T4 구어·문장,fee76baf-6062-4740-a214-fbae8ab4ec9c,GS25,편의점,신창진흥 골목형상점가,골목형상점가,광주광역시,,,
9d8f5b74587e09fb45ff,full_annotation_v1,A,q_편의점_07,편의점 찾는 곳,생활·마트 중 '편의점'을 판매·제공하는 매장,val,편의점,T4 구어·문장,75185668-0bba-4930-8210-d43b6d469416,씨유석계본점,편의점,석계음식문화거리골목형상점가,골목형상점가,서울특별시,,,
e4652eca1e073ea55fb0,full_annotation_v1,A,q_편의점_07,편의점 찾는 곳,생활·마트 중 '편의점'을 판매·제공하는 매장,val,편의점,T4 구어·문장,ea47d538-c0a1-4e28-853d-781913295f37,씨유관악당곡점,편의점,보라빛거리골목형상점가,골목형상점가,서울특별시,,,
6ea729e7dad30b23eff8,full_annotation_v1,A,q_편의점_07,편의점 찾는 곳,생활·마트 중 '편의점'을 판매·제공하는 매장,val,편의점,T4 구어·문장,ea8a403a-5b41-4492-8a4b-c79797e78966,씨유정읍인네점,편의점,정읍중앙로상점가,자율상권구역,전북특별자치도,,,
9c445e03c83b98e6553b,full_annotation_v1,A,q_편의점_07,편의점 찾는 곳,생활·마트 중 '편의점'을 판매·제공하는 매장,val,편의점,T4 구어·문장,76a3551b-dae4-4326-92cc-662015aedbfb,쉴 곳,한식,칠성로상점가,자율상권구역,제주특별자치도,,,
2247c93d9265682e92ad,full_annotation_v1,A,q_편의점_07,편의점 찾는 곳,생활·마트 중 '편의점'을 판매·제공하는 매장,val,편의점,T4 구어·문장,db992c54-9c6b-403a-a999-0b48fcce8539,세븐일레븐음성읍내중앙점,편의점,음성시장,전통시장,충청북도,,,
fa9654cef2677153dc1d,full_annotation_v1,A,q_편의점_07,편의점 찾는 곳,생활·마트 중 '편의점'을 판매·제공하는 매장,val,편의점,T4 구어·문장,6b05622d-1506-4162-8b5f-a4ec233cbe5a,CU하남수산물시장점,편의점,하남수산물전통시장,전통시장,경기도,,,
8a6944808e11bca4518d,full_annotation_v1,A,q_편의점_07,편의점 찾는 곳,생활·마트 중 '편의점'을 판매·제공하는 매장,val,편의점,T4 구어·문장,e47288cc-6ac7-4b2d-9a64-4e66b39990ab,CU주엽효원점,편의점,주엽역 골목형상점가,골목형상점가,경기도,,,
3c573eb9a77a293537af,full_annotation_v1,A,q_편의점_07,편의점 찾는 곳,생활·마트 중 '편의점'을 판매·제공하는 매장,val,편의점,T4 구어·문장,ace96847-ba1f-4f6b-bc69-60b8124938a4,Cu광주무등시장,편의점,세은 골목형상점가,골목형상점가,광주광역시,,,
1df1b43c21b7b1d0d763,full_annotation_v1,A,q_편의점_07,편의점 찾는 곳,생활·마트 중 '편의점'을 판매·제공하는 매장,val,편의점,T4 구어·문장,e8cf0d0a-9515-45aa-bcef-0c4b2346fe7b,지에스25봉선더샵점,편의점,용대로53번길 골목형상점가,골목형상점가,광주광역시,,,
ad2fbef7b436ec26ff7a,full_annotation_v1,A,q_편의점_07,편의점 찾는 곳,생활·마트 중 '편의점'을 판매·제공하는 매장,val,편의점,T4 구어·문장,f8be60ff-eca7-4fca-adb3-0e7b267fd34c,CU목포산정점,편의점,뒷개로청춘골목상점가,골목형상점가,전라남도,,,
571e6d93130f6fe75f5e,full_annotation_v1,A,q_편의점_07,편의점 찾는 곳,생활·마트 중 '편의점'을 판매·제공하는 매장,val,편의점,T4 구어·문장,e0d056f4-47ed-4661-a9f1-e06d3e6056ac,세븐일레븐,편의점,강원대학교후문골목형상점가,골목형상점가,강원특별자치도,,,
d963074b7a7c79cb7fff,full_annotation_v1,A,q_편의점_07,편의점 찾는 곳,생활·마트 중 '편의점'을 판매·제공하는 매장,val,편의점,T4 구어·문장,cb984887-fe30-4ba4-9f05-aa9664395f64,지에스25월계크라운점,편의점,첨단이웃사랑 골목형상점가,골목형상점가,광주광역시,,,
533cd6ad21d425159052,full_annotation_v1,A,q_편의점_07,편의점 찾는 곳,생활·마트 중 '편의점'을 판매·제공하는 매장,val,편의점,T4 구어·문장,bac6cf87-6a05-44b0-a03c-147f15d1602c,편의점,식품 잡화,운수대통 골목형상점가,골목형상점가,광주광역시,,,
af4a1e0eae8ca2996251,full_annotation_v1,A,q_편의점_07,편의점 찾는 곳,생활·마트 중 '편의점'을 판매·제공하는 매장,val,편의점,T4 구어·문장,dff0c0d4-843d-404b-a3f1-4e7eebdac79d,씨유조종승리점,편의점,조종시장,전통시장,경기도,,,
8815ea7347a544c5ca4b,full_annotation_v1,A,q_편의점_07,편의점 찾는 곳,생활·마트 중 '편의점'을 판매·제공하는 매장,val,편의점,T4 구어·문장,01a0efe3-6970-4157-9177-c25358a4f8a6,유한회사 도민유통(와이마트),슈퍼마켓,용봉지구 골목형상점가,골목형상점가,광주광역시,,,
24a8321305c463fd9c14,full_annotation_v1,A,q_편의점_07,편의점 찾는 곳,생활·마트 중 '편의점'을 판매·제공하는 매장,val,편의점,T4 구어·문장,e90fa987-02cd-403e-baa7-989de65b2038,씨유일곡송해로점,편의점,일곡동 골목형상점가,골목형상점가,광주광역시,,,
efc6e1b0d8a42988d02a,full_annotation_v1,A,q_편의점_07,편의점 찾는 곳,생활·마트 중 '편의점'을 판매·제공하는 매장,val,편의점,T4 구어·문장,4e97a3d4-d769-45a9-8ed4-651e115810b4,알리바이24시편의점,편의점,늘솔길상인회 골목형상점가,골목형상점가,광주광역시,,,
9168c2ebbeeff36a103c,full_annotation_v1,A,q_편의점_07,편의점 찾는 곳,생활·마트 중 '편의점'을 판매·제공하는 매장,val,편의점,T4 구어·문장,9297295b-1ad1-4f9b-8034-6265b38f62c2,시장할인마트,편의점,강진읍시장,전통시장,전라남도,,,
d0223b9dd5b7faa0dd40,full_annotation_v1,A,q_편의점_07,편의점 찾는 곳,생활·마트 중 '편의점'을 판매·제공하는 매장,val,편의점,T4 구어·문장,2c949275-a21f-4224-ace5-06dea1b955a3,이마트24,편의점,하남진곡 골목형상점가,골목형상점가,광주광역시,,,
122b00093bf055cfe534,full_annotation_v1,A,q_편의점_07,편의점 찾는 곳,생활·마트 중 '편의점'을 판매·제공하는 매장,val,편의점,T4 구어·문장,6825e207-6612-42ca-80fd-b6466d73274c,볼빨간 떡볶이,,부안마실 상권활성화구역,상권활성화구역,전북특별자치도,,,
39fc9895cf39a6d95ad1,full_annotation_v1,A,q_편의점_07,편의점 찾는 곳,생활·마트 중 '편의점'을 판매·제공하는 매장,val,편의점,T4 구어·문장,c111ac9d-3f3a-405c-a8db-4d127ccda9e2,행복이 있는 곳,잡화,제주로얄쇼핑센터,자율상권구역,제주특별자치도,,,
9e157382c6151e66b08d,full_annotation_v1,A,q_편의점_07,편의점 찾는 곳,생활·마트 중 '편의점'을 판매·제공하는 매장,val,편의점,T4 구어·문장,3bde790e-d4d7-4f61-8d83-2898f1acb39a,씨유편의점,편의점,쌍용먹자패션거리 골목형상점가,골목형상점가,충청남도,,,
905651fb9ddb99d0b563,full_annotation_v1,A,q_편의점_07,편의점 찾는 곳,생활·마트 중 '편의점'을 판매·제공하는 매장,val,편의점,T4 구어·문장,9e51cb4f-dfd8-4749-8064-b2c4e87a8fbe,cu광주엠플러스점,편의점,매월동상인회 골목형상점가,골목형상점가,광주광역시,,,
9fe05d684dcf0ad31dd0,full_annotation_v1,A,q_편의점_07,편의점 찾는 곳,생활·마트 중 '편의점'을 판매·제공하는 매장,val,편의점,T4 구어·문장,733e34a6-f6aa-482c-805e-74d6f6d3c6a3,이마트24광주흑석로또점,편의점,수완이지더원 골목형상점가,골목형상점가,광주광역시,,,
a9b0c81d29a93bb30fb4,full_annotation_v1,A,q_편의점_07,편의점 찾는 곳,생활·마트 중 '편의점'을 판매·제공하는 매장,val,편의점,T4 구어·문장,5a1dd941-7db2-4870-8d6c-a4a792fe55cb,드림정육점,소돼지닭오리,수안인정시장,전통시장,부산광역시,,,
70afa1ea36aa55651e98,full_annotation_v1,A,q_편의점_07,편의점 찾는 곳,생활·마트 중 '편의점'을 판매·제공하는 매장,val,편의점,T4 구어·문장,15d044c5-0f5c-4410-b98b-bff87e4f08df,우리편의점,편의점,산본로데오거리(구 산본중심상가),자율상권구역,경기도,,,
5cb7c8f8c71155af6ee9,full_annotation_v1,A,q_편의점_07,편의점 찾는 곳,생활·마트 중 '편의점'을 판매·제공하는 매장,val,편의점,T4 구어·문장,006f9082-b590-49e3-baf4-f72dc203a510,CU풍암주은모아점,편의점,풍암당산상인회 골목형상점가,골목형상점가,광주광역시,,,
1dd3631fac2f510b3eb0,full_annotation_v1,A,q_편의점_07,편의점 찾는 곳,생활·마트 중 '편의점'을 판매·제공하는 매장,val,편의점,T4 구어·문장,01790f65-6bd3-405b-9ef4-493889531486,세븐일레븐자양으뜸2호점,편의점,자양로13길골목형상점가,골목형상점가,서울특별시,,,
7cd533bdb0cae82a3a10,full_annotation_v1,A,q_편의점_07,편의점 찾는 곳,생활·마트 중 '편의점'을 판매·제공하는 매장,val,편의점,T4 구어·문장,3649476e-6cb0-48ae-8bed-26ee4fcb9512,씨유정읍역점,편의점,정읍연지상점가,자율상권구역,전북특별자치도,,,
1eebe07a2596cf3735cb,full_annotation_v1,A,q_편의점_07,편의점 찾는 곳,생활·마트 중 '편의점'을 판매·제공하는 매장,val,편의점,T4 구어·문장,4060a200-5975-41a1-870b-5156f9db3764,GS25둔전제일점,편의점,둔전골목형상점가,골목형상점가,경기도,,,
66c1b993d2af8448b851,full_annotation_v1,A,q_편의점_07,편의점 찾는 곳,생활·마트 중 '편의점'을 판매·제공하는 매장,val,편의점,T4 구어·문장,9331b39b-d923-4ec3-9203-fffe2e3df532,나우리편의점,편의점,거제 고현자율상권,,경상남도,,,
9102217a71de5f327c8a,full_annotation_v1,A,q_편의점_07,편의점 찾는 곳,생활·마트 중 '편의점'을 판매·제공하는 매장,val,편의점,T4 구어·문장,a68907fa-94e6-48e2-8039-7a7c991bd388,CU의정부제일시장점,편의점,의정부제일시장,전통시장,경기도,,,
754453051764eb90497e,full_annotation_v1,A,q_편의점_07,편의점 찾는 곳,생활·마트 중 '편의점'을 판매·제공하는 매장,val,편의점,T4 구어·문장,0aae9238-2b11-4d52-8c4d-0414f295200f,슈퍼크리스피광주신창점,햄버거 치킨,신창 골목형상점가,골목형상점가,광주광역시,,,
f61b168688a98489a6c1,full_annotation_v1,A,q_편의점_07,편의점 찾는 곳,생활·마트 중 '편의점'을 판매·제공하는 매장,val,편의점,T4 구어·문장,247192b1-0b98-4059-8848-948104589daa,씨유영신점,편의점,영신상가,전통시장,서울특별시,,,
83285911cc14c3a2932e,full_annotation_v1,A,q_편의점_07,편의점 찾는 곳,생활·마트 중 '편의점'을 판매·제공하는 매장,val,편의점,T4 구어·문장,816a667e-53ed-4753-8fd5-1b908d6bc75d,해빛편의점,편의점 기타 잡화,전평제상인회 골목형상점가,골목형상점가,광주광역시,,,
9e3cd1d786abda68753b,full_annotation_v1,A,q_편의점_07,편의점 찾는 곳,생활·마트 중 '편의점'을 판매·제공하는 매장,val,편의점,T4 구어·문장,08cfcf2b-d755-4716-a3fb-9f199ed70b04,씨유주문진항,편의점,주문진건어물시장,전통시장,강원특별자치도,,,
6f03439a74e602fa4a53,full_annotation_v1,A,q_편의점_07,편의점 찾는 곳,생활·마트 중 '편의점'을 판매·제공하는 매장,val,편의점,T4 구어·문장,babdb769-d75b-4fa3-bf1c-51280c766735,편의점사랑,편의점,의왕역 골목형상점가,골목형상점가,경기도,,,
44bd64e40995bc80a66e,full_annotation_v1,A,q_편의점_07,편의점 찾는 곳,생활·마트 중 '편의점'을 판매·제공하는 매장,val,편의점,T4 구어·문장,02ab118f-aa08-483e-b7d3-93768e12c1be,이마트24옥정엠시티점,,파스텔시티2차상점가,골목형상점가,경기도,,,
35ec086e5e82e81354b6,full_annotation_v1,A,q_편의점_07,편의점 찾는 곳,생활·마트 중 '편의점'을 판매·제공하는 매장,val,편의점,T4 구어·문장,2ee5517b-59f3-4deb-8fc0-49bcf8874d1e,CU외대글로벌점,편의점,외대글로벌길 골목형상점가,골목형상점가,경기도,,,
b0927b5bb60acfdcc736,full_annotation_v1,A,q_편의점_07,편의점 찾는 곳,생활·마트 중 '편의점'을 판매·제공하는 매장,val,편의점,T4 구어·문장,1d2c609a-37d6-4073-b72a-91236a3d4ebe,지에스25문흥모아점,편의점,문흥동 골목형상점가,골목형상점가,광주광역시,,,
78aee6c9bf244acbea3e,full_annotation_v1,A,q_편의점_07,편의점 찾는 곳,생활·마트 중 '편의점'을 판매·제공하는 매장,val,편의점,T4 구어·문장,ed0a54eb-475a-4dc2-9746-5a8c51700598,세븐일레븐,편의점,메트로센터(반월당지하쇼핑),일반지하상점가,대구광역시,,,
48d37ace602aa2845b41,full_annotation_v1,A,q_편의점_07,편의점 찾는 곳,생활·마트 중 '편의점'을 판매·제공하는 매장,val,편의점,T4 구어·문장,e3aaac51-fe11-4c47-9743-1a01dad9b13a,씨유경희대점,편의점,회기랑길골목형상점가,골목형상점가,서울특별시,,,
e30d4378db9b70b5b406,full_annotation_v1,A,q_편의점_07,편의점 찾는 곳,생활·마트 중 '편의점'을 판매·제공하는 매장,val,편의점,T4 구어·문장,de45a295-3b75-43e8-9eaa-d393e45165e5,신광공예사,공예품,㈜여수중앙시장,전통시장,전라남도,,,
3f8e3bf8387bb64299c8,full_annotation_v1,A,q_편의점_07,편의점 찾는 곳,생활·마트 중 '편의점'을 판매·제공하는 매장,val,편의점,T4 구어·문장,ded4a7c5-0f38-4b42-a4c2-5086c530677d,벧엘옷수선,옷수선,신창 골목형상점가,골목형상점가,광주광역시,,,
7333c62248fbf4a660e4,full_annotation_v1,A,q_편의점_07,편의점 찾는 곳,생활·마트 중 '편의점'을 판매·제공하는 매장,val,편의점,T4 구어·문장,8e70ba4b-c1fc-4fb1-a868-5ecb527e398e,굽네치킨송천에코,치킨,송천동1가 골목형상점가,골목형상점가,전북특별자치도,,,
d73b0a6050f3be96353d,full_annotation_v1,A,q_편의점_07,편의점 찾는 곳,생활·마트 중 '편의점'을 판매·제공하는 매장,val,편의점,T4 구어·문장,88431df8-90b4-4fb1-9d80-7b0ce9a4610d,현대25시 편의점,편의점 복권,봉일천전통시장,전통시장,경기도,,,
17d00fe51eac1babe89f,full_annotation_v1,A,q_편의점_07,편의점 찾는 곳,생활·마트 중 '편의점'을 판매·제공하는 매장,val,편의점,T4 구어·문장,38bd4927-866b-4a69-99b2-11549a92febc,둘리점인더라인25시,편의점,신현회화골목형상점가,골목형상점가,인천광역시,,,
b29f6559f598689344bb,full_annotation_v1,A,q_편의점_07,편의점 찾는 곳,생활·마트 중 '편의점'을 판매·제공하는 매장,val,편의점,T4 구어·문장,5a51db8c-2ec2-406e-9377-5a31c2f230e7,드림컴퓨터,컴퓨터관련,강화중앙시장(A·B동),전통시장,인천광역시,,,
deacf7e70179b4c835f3,full_annotation_v1,A,q_편의점_07,편의점 찾는 곳,생활·마트 중 '편의점'을 판매·제공하는 매장,val,편의점,T4 구어·문장,30b5222b-2253-4953-8056-dbb3fa7bb85f,GS25광주새우리점,편의점,화정동 서부시장,전통시장,광주광역시,,,
7e0c3bcc523b353fe4de,full_annotation_v1,A,q_편의점_07,편의점 찾는 곳,생활·마트 중 '편의점'을 판매·제공하는 매장,val,편의점,T4 구어·문장,384de038-e0eb-4dff-97fa-ad13ac3730e9,관방천편의점,편의점,국수거리 골목형상점가,골목형상점가,전라남도,,,
2e4c4d27e6bf733ab4bc,full_annotation_v1,A,q_편의점_07,편의점 찾는 곳,생활·마트 중 '편의점'을 판매·제공하는 매장,val,편의점,T4 구어·문장,94ed11b4-4849-453d-9204-5d1f82d91a1b,CU용봉용주점,편의점,용봉우치로 골목형상점가,골목형상점가,광주광역시,,,
650c34779f73df972151,full_annotation_v1,A,q_편의점_07,편의점 찾는 곳,생활·마트 중 '편의점'을 판매·제공하는 매장,val,편의점,T4 구어·문장,c901e4da-c0b3-4ce5-8c88-59a7c7ff1640,씨유창평아름점,편의점,슬로시티창평 골목형상점가,골목형상점가,전라남도,,,
7e2657384882d8e10f5e,full_annotation_v1,A,q_편의점_07,편의점 찾는 곳,생활·마트 중 '편의점'을 판매·제공하는 매장,val,편의점,T4 구어·문장,481b4d13-7128-4f25-94f8-7bf2f71a4d8e,주야편의점,편의점,부곡시장,전통시장,경상북도,,,
1b9837c8cdb4056a62f8,full_annotation_v1,A,q_편의점_07,편의점 찾는 곳,생활·마트 중 '편의점'을 판매·제공하는 매장,val,편의점,T4 구어·문장,4f7a9c06-82e5-4960-9acb-0c3f92655de8,세븐일레븐,편의점,태봉마을 골목형상점가,골목형상점가,경기도,,,
f6abeacbfb3672625fe2,full_annotation_v1,A,q_편의점_07,편의점 찾는 곳,생활·마트 중 '편의점'을 판매·제공하는 매장,val,편의점,T4 구어·문장,0127440f-2d8b-45f0-b518-a19665d3d5a8,나들가게서교하이퍼,소매(슈퍼),서교시장,전통시장,서울특별시,,,
9bea8cfca3363779787b,full_annotation_v1,A,q_편의점_07,편의점 찾는 곳,생활·마트 중 '편의점'을 판매·제공하는 매장,val,편의점,T4 구어·문장,2743811c-5e71-4d2b-aa75-1b0147d44f2d,사우 꽃이 피는 곳,꽃,김포 풍년마을 골목형상점가,골목형상점가,경기도,,,
1c076f8ae99d5d6f078e,full_annotation_v1,A,q_편의점_07,편의점 찾는 곳,생활·마트 중 '편의점'을 판매·제공하는 매장,val,편의점,T4 구어·문장,90448197-7d38-4129-b896-e2f9945a8cfd,충인양품,의류정장,충주자유시장,전통시장,충청북도,,,
9653e9a3b72213b80f9a,full_annotation_v1,A,q_편의점_07,편의점 찾는 곳,생활·마트 중 '편의점'을 판매·제공하는 매장,val,편의점,T4 구어·문장,9e5ac9b1-ea36-4a9e-a9e2-e2a69d5690ee,CU,편의점,프로방스 골목형상점가,골목형상점가,전라남도,,,
9fee19d74cd002f26ea5,full_annotation_v1,A,q_편의점_07,편의점 찾는 곳,생활·마트 중 '편의점'을 판매·제공하는 매장,val,편의점,T4 구어·문장,474d1e82-32df-40a4-8698-fb3d35552ba3,emart24,편의점,임방울거리2구역 골목형상점가,골목형상점가,광주광역시,,,
c3f2e291aa68c4156152,full_annotation_v1,A,q_편의점_07,편의점 찾는 곳,생활·마트 중 '편의점'을 판매·제공하는 매장,val,편의점,T4 구어·문장,ec011a7f-6dba-4811-aa9a-b80c415e4c59,CU점촌역,편의점,점촌역전상점가,자율상권구역,경상북도,,,
69bd65f0c2a63ba84f81,full_annotation_v1,A,q_편의점_07,편의점 찾는 곳,생활·마트 중 '편의점'을 판매·제공하는 매장,val,편의점,T4 구어·문장,faa75041-4bdb-4e87-85e3-1db953a5bf21,GS25,편의점,메트로센터(반월당지하쇼핑),일반지하상점가,대구광역시,,,
18f9eec4c4affe1d0def,full_annotation_v1,A,q_편의점_07,편의점 찾는 곳,생활·마트 중 '편의점'을 판매·제공하는 매장,val,편의점,T4 구어·문장,023e5716-7bdc-42c7-9c7e-a9a4f0f23a8b,이마트24 광주하남금호점,,한마음,골목형상점가,,,,
8373caee69fe59ced646,full_annotation_v1,A,q_편의점_07,편의점 찾는 곳,생활·마트 중 '편의점'을 판매·제공하는 매장,val,편의점,T4 구어·문장,003747e4-8102-4296-bfdf-b7ca7c1f83fa,평화잡화,잡화,부산평화시장,전통시장,부산광역시,,,
a90dd2f47d0334fdccf6,full_annotation_v1,A,q_편의점_07,편의점 찾는 곳,생활·마트 중 '편의점'을 판매·제공하는 매장,val,편의점,T4 구어·문장,fc75b376-03e2-410f-b75a-bc8ea2a1a9b8,이이지에이마트광탄점,편의점,광탄전통시장,전통시장,경기도,,,
48d773b6985c92b5bcdb,full_annotation_v1,A,q_편의점_07,편의점 찾는 곳,생활·마트 중 '편의점'을 판매·제공하는 매장,val,편의점,T4 구어·문장,75f525f9-a533-47a7-8646-c12c7b4b8c28,더나은약국,의약품,남문로 어울림 골목 골목형상점가,골목형상점가,광주광역시,,,
2750479f191a6277ead2,full_annotation_v1,A,q_편의점_07,편의점 찾는 곳,생활·마트 중 '편의점'을 판매·제공하는 매장,val,편의점,T4 구어·문장,dc236aa0-df7a-4ea4-a73d-afe846bdadc1,Gs편의점농성대남점,편의점,상공회의소누리상인회 골목형상점가,골목형상점가,광주광역시,,,
e520c2f9f54d09b1f88c,full_annotation_v1,A,q_편의점_07,편의점 찾는 곳,생활·마트 중 '편의점'을 판매·제공하는 매장,val,편의점,T4 구어·문장,301b84b1-87af-4d85-9cd1-4c0f6b4b8f1f,하나편의점,편의점,치평상무역상인회 골목형상점가,골목형상점가,광주광역시,,,
eae7bd8d8ce6ee31abb6,full_annotation_v1,A,q_편의점_07,편의점 찾는 곳,생활·마트 중 '편의점'을 판매·제공하는 매장,val,편의점,T4 구어·문장,560a1f49-00ef-4de6-a8dc-de4b635be082,씨유대전괴정온누리점,편의점,괴정가장로 골목형상점가,골목형상점가,대전광역시,,,
7b6f10786cd313002086,full_annotation_v1,A,q_편의점_07,편의점 찾는 곳,생활·마트 중 '편의점'을 판매·제공하는 매장,val,편의점,T4 구어·문장,4b9f6178-301b-4b50-80d3-6f8b505a2893,GS25연제새한점,편의점,양산제로 골목형상점가,골목형상점가,광주광역시,,,
059e195a9c4043cf8cf9,full_annotation_v1,A,q_편의점_07,편의점 찾는 곳,생활·마트 중 '편의점'을 판매·제공하는 매장,val,편의점,T4 구어·문장,001bacc9-5a95-4049-babd-6691512d8da0,백두사,잡화,장량성도시장,전통시장,경상북도,,,
660965fcf8cc71fffeb2,full_annotation_v1,A,q_편의점_07,편의점 찾는 곳,생활·마트 중 '편의점'을 판매·제공하는 매장,val,편의점,T4 구어·문장,5b96256c-d213-4d0e-92fe-389dc7cc6681,CU,편의점,하남진곡 골목형상점가,골목형상점가,광주광역시,,,
29f29c7c3cefca49824e,full_annotation_v1,A,q_편의점_07,편의점 찾는 곳,생활·마트 중 '편의점'을 판매·제공하는 매장,val,편의점,T4 구어·문장,01d01063-d46f-4d55-991f-bd03c55392f8,씨유 사상중흥센터,편의점,중흥 골목형상점가,골목형상점가,부산광역시,,,
3316af402b8aa8e3dd0a,full_annotation_v1,A,q_편의점_07,편의점 찾는 곳,생활·마트 중 '편의점'을 판매·제공하는 매장,val,편의점,T4 구어·문장,b87a6d90-69d6-4ad7-b646-e863486748ac,씨유성주찬현점,편의점,성주시장,전통시장,경상북도,,,
5d28543f8d294bc8ab10,full_annotation_v1,A,q_편의점_07,편의점 찾는 곳,생활·마트 중 '편의점'을 판매·제공하는 매장,val,편의점,T4 구어·문장,ff85f7ad-3a83-40a7-8bbf-69104afc645a,이마트24전주금암대로점,편의점,거북바위 골목형상점가,골목형상점가,전북특별자치도,,,
149da2dad63b3273a54d,full_annotation_v1,A,q_편의점_07,편의점 찾는 곳,생활·마트 중 '편의점'을 판매·제공하는 매장,val,편의점,T4 구어·문장,9812332a-b8e1-406c-b89b-71f2ccec3be2,세븐일레븐,편의점,둔전골목형상점가,골목형상점가,경기도,,,
6af59ab6731322df5134,full_annotation_v1,A,q_편의점_07,편의점 찾는 곳,생활·마트 중 '편의점'을 판매·제공하는 매장,val,편의점,T4 구어·문장,7903a6ee-8f8b-4834-9d0d-49e364e29427,GS25,편의점,우산동빛고을 골목형상점가,골목형상점가,광주광역시,,,
accab5d00843fa02469e,full_annotation_v1,A,q_편의점_07,편의점 찾는 곳,생활·마트 중 '편의점'을 판매·제공하는 매장,val,편의점,T4 구어·문장,11bcf74b-12e9-4efa-b294-0dfa7817982c,지에스25자유시장점,편의점,원주중앙시장활성화구역,상권활성화구역,강원특별자치도,,,
d2fb60241578a75093ee,full_annotation_v1,A,q_편의점_07,편의점 찾는 곳,생활·마트 중 '편의점'을 판매·제공하는 매장,val,편의점,T4 구어·문장,06087bd5-698a-4a4b-9812-dc2f59d3cee6,알리바이24시편의점,편의점,굴비골영광시장(구 영광매일시장),전통시장,전라남도,,,
1a47f685d8edf7c299ff,full_annotation_v1,A,q_편의점_07,편의점 찾는 곳,생활·마트 중 '편의점'을 판매·제공하는 매장,val,편의점,T4 구어·문장,9b067b75-2141-4fc1-a064-d0986c6dc263,세븐일레븐,편의점,두암1동행정복지센터주변 골목형상점가,골목형상점가,광주광역시,,,
12b9c22c66211084eebe,full_annotation_v1,A,q_편의점_07,편의점 찾는 곳,생활·마트 중 '편의점'을 판매·제공하는 매장,val,편의점,T4 구어·문장,b1f52958-5097-4fff-a74d-c05b194d89a3,세븐일레븐,편의점,풍암1로상인회 골목형상점가,골목형상점가,광주광역시,,,
65043c856893fa5105e7,full_annotation_v1,A,q_편의점_07,편의점 찾는 곳,생활·마트 중 '편의점'을 판매·제공하는 매장,val,편의점,T4 구어·문장,f8ca399a-6a3c-428a-9f5e-0e32b4bd2844,성원편의점,편의점,창원 성원3차종합상가,전통시장,경상남도,,,
f7f066bf64bc084e0fd2,full_annotation_v1,A,q_편의점_07,편의점 찾는 곳,생활·마트 중 '편의점'을 판매·제공하는 매장,val,편의점,T4 구어·문장,2644e238-a7c8-41b1-8c79-cb2f76d08a15,동일마트,편의점,김해 삼방전통시장,전통시장,경상남도,,,
df4da0b61f4c8ebf52ec,full_annotation_v1,A,q_편의점_07,편의점 찾는 곳,생활·마트 중 '편의점'을 판매·제공하는 매장,val,편의점,T4 구어·문장,bc539cce-1727-4192-9ca3-8ef8baf19e4f,GS25,편의점,임방울거리3구역 골목형상점가,골목형상점가,광주광역시,,,
000776d4897907ffc758,full_annotation_v1,A,q_편의점_07,편의점 찾는 곳,생활·마트 중 '편의점'을 판매·제공하는 매장,val,편의점,T4 구어·문장,88acd2dc-7a20-4162-804a-15e5555372f0,CU,편의점,프로방스 골목형상점가,골목형상점가,전라남도,,,
b453e5bcfa9a23f67d4b,full_annotation_v1,A,q_편의점_07,편의점 찾는 곳,생활·마트 중 '편의점'을 판매·제공하는 매장,val,편의점,T4 구어·문장,00242042-f371-486a-a1fc-b85de093edbf,슈올즈 이천점,"신발, 잡화",장터거리시장 골목형상점가,골목형상점가,경기도,,,
e38c107b804eb9257b3c,full_annotation_v1,A,q_편의점_07,편의점 찾는 곳,생활·마트 중 '편의점'을 판매·제공하는 매장,val,편의점,T4 구어·문장,a4b20e2f-e133-4089-bfd2-d6ec47c8ae0f,GS25송도커낼워크점,편의점,커낼워크상점가,골목형상점가,인천광역시,,,
57b0d489dba5c0f405ae,full_annotation_v1,A,q_편의점_07,편의점 찾는 곳,생활·마트 중 '편의점'을 판매·제공하는 매장,val,편의점,T4 구어·문장,4a3fd4de-8011-4f2e-a870-f081df997e08,세븐일레븐,편의점,지웰시티자이상가 골목형상점가,골목형상점가,울산광역시,,,
c8a690ae84915b81a0ff,full_annotation_v1,A,q_편의점_07,편의점 찾는 곳,생활·마트 중 '편의점'을 판매·제공하는 매장,val,편의점,T4 구어·문장,44514a0f-3971-4be8-9d1d-37e043b0d361,거부기편의점,편의점,거북시장,전통시장,인천광역시,,,
d6949985aed500e283f6,full_annotation_v1,A,q_편의점_07,편의점 찾는 곳,생활·마트 중 '편의점'을 판매·제공하는 매장,val,편의점,T4 구어·문장,e23412d3-e90c-4202-8139-0626bd87c1f3,신친천막,고급카페트,강진읍 상권활성화구역,상권활성화구역,전라남도,,,
e81cdb223ded2c1e64c2,full_annotation_v1,A,q_편의점_07,편의점 찾는 곳,생활·마트 중 '편의점'을 판매·제공하는 매장,val,편의점,T4 구어·문장,ab940518-86dd-4359-af59-aa51f85e8597,CU괘법중앙점,편의점,사상시장,전통시장,부산광역시,,,
52896b88d2e7ec514745,full_annotation_v1,A,q_편의점_07,편의점 찾는 곳,생활·마트 중 '편의점'을 판매·제공하는 매장,val,편의점,T4 구어·문장,1e5b94d0-c710-4431-9708-3c1bb41df231,지에스25광주대중,편의점,한미쇼핑사거리 골목형상점가,골목형상점가,광주광역시,,,
8060036a51a1fe092ed3,full_annotation_v1,A,q_편의점_07,편의점 찾는 곳,생활·마트 중 '편의점'을 판매·제공하는 매장,val,편의점,T4 구어·문장,5ae8d413-51d8-41f7-8491-327ff00ed789,울릉도산채상회,야채,초량전통시장,전통시장,부산광역시,,,
f00760bc3321eb48aebc,full_annotation_v1,A,q_편의점_07,편의점 찾는 곳,생활·마트 중 '편의점'을 판매·제공하는 매장,val,편의점,T4 구어·문장,24456103-f6b8-46af-8655-82e61d7265d8,커피가 머무르는 곳,커피,반드레길골목형상점가,골목형상점가,서울특별시,,,
c07a46f669168cbb6b70,full_annotation_v1,A,q_편의점_07,편의점 찾는 곳,생활·마트 중 '편의점'을 판매·제공하는 매장,val,편의점,T4 구어·문장,5c075211-d790-485f-8def-67e24a561bbc,마곡편의점,편의점,공산성골목형상점가,골목형상점가,충청남도,,,
91f03624160abe800a89,full_annotation_v1,A,q_편의점_07,편의점 찾는 곳,생활·마트 중 '편의점'을 판매·제공하는 매장,val,편의점,T4 구어·문장,f8ebf131-e935-4c3f-ae1f-baf3bee6bdef,GS25광주신창점,편의점,미라클,골목형상점가,광주광역시,,,
97170890b93c355c32a5,full_annotation_v1,A,q_편의점_07,편의점 찾는 곳,생활·마트 중 '편의점'을 판매·제공하는 매장,val,편의점,T4 구어·문장,0699e51f-0c1c-416c-b987-55e5ee6c31b0,씨유전주진북우성점,편의점,전주우성타운 골목형상점가,골목형상점가,전북특별자치도,,,
3095126729f99774a01a,full_annotation_v1,A,q_편의점_07,편의점 찾는 곳,생활·마트 중 '편의점'을 판매·제공하는 매장,val,편의점,T4 구어·문장,3c4a2539-7dfa-4768-a3b1-093ff9a0eba7,씨유장대스토리점,편의점,장대동패션상가 골목형상점가,골목형상점가,대전광역시,,,
6fe938cf7330154cb0c5,full_annotation_v1,A,q_편의점_07,편의점 찾는 곳,생활·마트 중 '편의점'을 판매·제공하는 매장,val,편의점,T4 구어·문장,43f8a456-3012-4f4f-beb0-bc85fc1ec2c4,홈웨이편의점,편의점,함평천지 골목형상점가,골목형상점가,전라남도,,,
b92637e1af98eac9ae15,full_annotation_v1,A,q_편의점_07,편의점 찾는 곳,생활·마트 중 '편의점'을 판매·제공하는 매장,val,편의점,T4 구어·문장,27f735e2-5a36-48e2-9039-acac3d83ddc9,송천청마루정육식당,한식 경미한공사 에어컨설치,송천동1가 골목형상점가,골목형상점가,전북특별자치도,,,
ca3f8316f98bbb0fba0e,full_annotation_v1,A,q_편의점_07,편의점 찾는 곳,생활·마트 중 '편의점'을 판매·제공하는 매장,val,편의점,T4 구어·문장,4d492655-e03a-4324-a313-78d849318719,대영상회,편의점,도화종합시장,기타,인천광역시,,,
01b911f8c0eeae2a325e,full_annotation_v1,A,q_편의점_07,편의점 찾는 곳,생활·마트 중 '편의점'을 판매·제공하는 매장,val,편의점,T4 구어·문장,43245805-c89c-4e87-8ea0-e8843e1613c0,세븐일레븐,편의점,옥계 600,골목형상점가,경상북도,,,
0e35c4dc2e2de75682cf,full_annotation_v1,A,q_편의점_07,편의점 찾는 곳,생활·마트 중 '편의점'을 판매·제공하는 매장,val,편의점,T4 구어·문장,e734717c-7370-4950-8142-9fdbcf1efa12,Gs25,편의점,옥천영춘 골목형상점가,골목형상점가,전라남도,,,
52f9e91d9bfafa216f8c,full_annotation_v1,A,q_편의점_07,편의점 찾는 곳,생활·마트 중 '편의점'을 판매·제공하는 매장,val,편의점,T4 구어·문장,d2771b5e-371b-4ee1-91ad-b74c00d9d847,GS25,편의점,중앙로 백운1동 골목형상점가,골목형상점가,광주광역시,,,
b37e0fdc3a8db98d3830,full_annotation_v1,A,q_편의점_07,편의점 찾는 곳,생활·마트 중 '편의점'을 판매·제공하는 매장,val,편의점,T4 구어·문장,cff06b48-54d4-4423-b9a3-5c6ba4657d39,GS25,편의점,아진상가,골목형상점가,울산광역시,,,
f1822c243b1578cb9579,full_annotation_v1,A,q_편의점_07,편의점 찾는 곳,생활·마트 중 '편의점'을 판매·제공하는 매장,val,편의점,T4 구어·문장,01082ac2-3d28-417c-8311-62a9095208e5,신라정선,슈퍼,남부골목시장,전통시장,서울특별시,,,
5ea282a145e7cea3e443,full_annotation_v1,A,q_편의점_07,편의점 찾는 곳,생활·마트 중 '편의점'을 판매·제공하는 매장,val,편의점,T4 구어·문장,7ef10b79-929d-461a-aa5d-6c1c841a1820,엘비스 갈랑,"소매(신발,의류)",고투몰(강남터미널지하도상점가),일반지하상점가,서울특별시,,,
406a0166101dbb5fe875,full_annotation_v1,A,q_편의점_07,편의점 찾는 곳,생활·마트 중 '편의점'을 판매·제공하는 매장,val,편의점,T4 구어·문장,5589af27-8a43-41e8-977c-35759e02fc6a,미래편의점,편의점,운남골목 골목형상점가,골목형상점가,광주광역시,,,
64d91818c37fd7e4cee9,full_annotation_v1,A,q_편의점_07,편의점 찾는 곳,생활·마트 중 '편의점'을 판매·제공하는 매장,val,편의점,T4 구어·문장,7bbb1ed7-c3d8-4905-b02e-4da632aa2cf6,GS25,편의점,하남진곡 골목형상점가,골목형상점가,광주광역시,,,
f72de885909ee52b8830,full_annotation_v1,A,q_편의점_08,편의전,생활·마트 중 '편의점'을 판매·제공하는 매장,val,편의점,T6 기계변형,ec011a7f-6dba-4811-aa9a-b80c415e4c59,CU점촌역,편의점,점촌역전상점가,자율상권구역,경상북도,,,
246fe4fb46f107255988,full_annotation_v1,A,q_편의점_08,편의전,생활·마트 중 '편의점'을 판매·제공하는 매장,val,편의점,T6 기계변형,5b96256c-d213-4d0e-92fe-389dc7cc6681,CU,편의점,하남진곡 골목형상점가,골목형상점가,광주광역시,,,
4142518e2b7127a9e3aa,full_annotation_v1,A,q_편의점_08,편의전,생활·마트 중 '편의점'을 판매·제공하는 매장,val,편의점,T6 기계변형,dff0c0d4-843d-404b-a3f1-4e7eebdac79d,씨유조종승리점,편의점,조종시장,전통시장,경기도,,,
967b77b150f8157db8ea,full_annotation_v1,A,q_편의점_08,편의전,생활·마트 중 '편의점'을 판매·제공하는 매장,val,편의점,T6 기계변형,cc2332b4-a32c-4ed7-a0b1-d42d274ba5c3,쫑의전쟁,당구장,연신내골목형상점가,골목형상점가,서울특별시,,,
4b5cfce30520a8ca879e,full_annotation_v1,A,q_편의점_08,편의전,생활·마트 중 '편의점'을 판매·제공하는 매장,val,편의점,T6 기계변형,5e074fa0-27bd-420f-95f6-bce12d9071c2,황가네정육점,육류,양곡오라니장터시장(양곡장터시장),전통시장,경기도,,,
88b2d7a35eae5573e6dd,full_annotation_v1,A,q_편의점_08,편의전,생활·마트 중 '편의점'을 판매·제공하는 매장,val,편의점,T6 기계변형,7fad6758-78b6-4f5e-85b3-e0acfcc8a1ff,다전,한식,난우길골목형상점가,골목형상점가,서울특별시,,,
81fc440aa487e2467ac3,full_annotation_v1,A,q_편의점_08,편의전,생활·마트 중 '편의점'을 판매·제공하는 매장,val,편의점,T6 기계변형,0127440f-2d8b-45f0-b518-a19665d3d5a8,나들가게서교하이퍼,소매(슈퍼),서교시장,전통시장,서울특별시,,,
0c4d02778352ac2b63ec,full_annotation_v1,A,q_편의점_08,편의전,생활·마트 중 '편의점'을 판매·제공하는 매장,val,편의점,T6 기계변형,001bacc9-5a95-4049-babd-6691512d8da0,백두사,잡화,장량성도시장,전통시장,경상북도,,,
83e81de0eb3e8e2f6de9,full_annotation_v1,A,q_편의점_08,편의전,생활·마트 중 '편의점'을 판매·제공하는 매장,val,편의점,T6 기계변형,3c4a2539-7dfa-4768-a3b1-093ff9a0eba7,씨유장대스토리점,편의점,장대동패션상가 골목형상점가,골목형상점가,대전광역시,,,
c6543a3150108c717aaa,full_annotation_v1,A,q_편의점_08,편의전,생활·마트 중 '편의점'을 판매·제공하는 매장,val,편의점,T6 기계변형,ea47d538-c0a1-4e28-853d-781913295f37,씨유관악당곡점,편의점,보라빛거리골목형상점가,골목형상점가,서울특별시,,,
af9702d31cee9fc8065c,full_annotation_v1,A,q_편의점_08,편의전,생활·마트 중 '편의점'을 판매·제공하는 매장,val,편의점,T6 기계변형,e90fa987-02cd-403e-baa7-989de65b2038,씨유일곡송해로점,편의점,일곡동 골목형상점가,골목형상점가,광주광역시,,,
ce05f0f41fb0c9486ba3,full_annotation_v1,A,q_편의점_08,편의전,생활·마트 중 '편의점'을 판매·제공하는 매장,val,편의점,T6 기계변형,5c075211-d790-485f-8def-67e24a561bbc,마곡편의점,편의점,공산성골목형상점가,골목형상점가,충청남도,,,
f91178be1e1fc3aa9caa,full_annotation_v1,A,q_편의점_08,편의전,생활·마트 중 '편의점'을 판매·제공하는 매장,val,편의점,T6 기계변형,247192b1-0b98-4059-8848-948104589daa,씨유영신점,편의점,영신상가,전통시장,서울특별시,,,
c99cac3de88b254243da,full_annotation_v1,A,q_편의점_08,편의전,생활·마트 중 '편의점'을 판매·제공하는 매장,val,편의점,T6 기계변형,75185668-0bba-4930-8210-d43b6d469416,씨유석계본점,편의점,석계음식문화거리골목형상점가,골목형상점가,서울특별시,,,
90adaa4098231ba7260c,full_annotation_v1,A,q_편의점_08,편의전,생활·마트 중 '편의점'을 판매·제공하는 매장,val,편의점,T6 기계변형,0015ea0b-d565-4d75-bbfb-1198daeb0b0c,나이스마트청라자이점,,청라언덕 골목형상점가,골목형상점가,대구광역시,,,
8d0bb1af0d5139dce0d7,full_annotation_v1,A,q_편의점_08,편의전,생활·마트 중 '편의점'을 판매·제공하는 매장,val,편의점,T6 기계변형,f8ca399a-6a3c-428a-9f5e-0e32b4bd2844,성원편의점,편의점,창원 성원3차종합상가,전통시장,경상남도,,,
91c2f8e5448c0381114c,full_annotation_v1,A,q_편의점_08,편의전,생활·마트 중 '편의점'을 판매·제공하는 매장,val,편의점,T6 기계변형,b29b268a-8ff4-48c1-b046-ff2d41164d50,곱전,,쌍용레이단길 골목형상점가,골목형상점가,부산광역시,,,
8408cf8105344adc87e4,full_annotation_v1,A,q_편의점_08,편의전,생활·마트 중 '편의점'을 판매·제공하는 매장,val,편의점,T6 기계변형,0054b824-eb72-4efa-a1ba-40d467c899a5,수정상회,잡화,중앙전통시장,전통시장,울산광역시,,,
b80a1e4988353158b647,full_annotation_v1,A,q_편의점_08,편의전,생활·마트 중 '편의점'을 판매·제공하는 매장,val,편의점,T6 기계변형,88acd2dc-7a20-4162-804a-15e5555372f0,CU,편의점,프로방스 골목형상점가,골목형상점가,전라남도,,,
4456fb47d4866f6244df,full_annotation_v1,A,q_편의점_08,편의전,생활·마트 중 '편의점'을 판매·제공하는 매장,val,편의점,T6 기계변형,01ca51d4-ae25-4b4f-86b6-d8461d581a02,영광슈퍼,소매업(슈퍼),신원시장,전통시장,서울특별시,,,
6da2731570fd4f9fe4dc,full_annotation_v1,A,q_편의점_08,편의전,생활·마트 중 '편의점'을 판매·제공하는 매장,val,편의점,T6 기계변형,a9895d16-2a13-44a4-908b-9a8c2936840a,씨유서부율전점,편의점,명덕마을 골목형상점가,골목형상점가,울산광역시,,,
787b1fc415d457b54090,full_annotation_v1,A,q_편의점_08,편의전,생활·마트 중 '편의점'을 판매·제공하는 매장,val,편의점,T6 기계변형,9e5ac9b1-ea36-4a9e-a9e2-e2a69d5690ee,CU,편의점,프로방스 골목형상점가,골목형상점가,전라남도,,,
b2d2efd7275f23f64d74,full_annotation_v1,A,q_편의점_08,편의전,생활·마트 중 '편의점'을 판매·제공하는 매장,val,편의점,T6 기계변형,ae9b5477-79d3-4d44-926b-9e905f287764,봉평골메밀막국수,막국수,전곡골목형상점가,골목형상점가,서울특별시,,,
725a9f6ae93f2b3f5bab,full_annotation_v1,A,q_편의점_08,편의전,생활·마트 중 '편의점'을 판매·제공하는 매장,val,편의점,T6 기계변형,ebcc797c-96b1-4e67-af54-bcd839ac2946,근이네,꽃게새우,소래포구전통어시장,전통시장,인천광역시,,,
2e9c19470f3f3a3d1f3a,full_annotation_v1,A,q_편의점_08,편의전,생활·마트 중 '편의점'을 판매·제공하는 매장,val,편의점,T6 기계변형,481b4d13-7128-4f25-94f8-7bf2f71a4d8e,주야편의점,편의점,부곡시장,전통시장,경상북도,,,
0b3c0e0220d032725405,full_annotation_v1,A,q_편의점_08,편의전,생활·마트 중 '편의점'을 판매·제공하는 매장,val,편의점,T6 기계변형,01b2c972-f367-47e6-b3d2-11585175a7c1,명동슈퍼,슈퍼,신대방1동온누리길골목형상점가,골목형상점가,서울특별시,,,
e661d21d16c3eaa644d6,full_annotation_v1,A,q_편의점_08,편의전,생활·마트 중 '편의점'을 판매·제공하는 매장,val,편의점,T6 기계변형,3649476e-6cb0-48ae-8bed-26ee4fcb9512,씨유정읍역점,편의점,정읍연지상점가,자율상권구역,전북특별자치도,,,
c3ecf83ea0bbc5cb2588,full_annotation_v1,A,q_편의점_08,편의전,생활·마트 중 '편의점'을 판매·제공하는 매장,val,편의점,T6 기계변형,482cbb20-74a8-4251-ac9a-b0efcc6d72b5,모아편의점,편의점,풍암금당상인회 골목형상점가,골목형상점가,광주광역시,,,
bb9b81e0d47662d4c091,full_annotation_v1,A,q_편의점_08,편의전,생활·마트 중 '편의점'을 판매·제공하는 매장,val,편의점,T6 기계변형,cc8eda89-ace2-4089-adc6-14bada4961be,명가반점,음식,산본로데오거리(구 산본중심상가),자율상권구역,경기도,,,
5065d839ab5e5f136d2f,full_annotation_v1,A,q_편의점_08,편의전,생활·마트 중 '편의점'을 판매·제공하는 매장,val,편의점,T6 기계변형,15d044c5-0f5c-4410-b98b-bff87e4f08df,우리편의점,편의점,산본로데오거리(구 산본중심상가),자율상권구역,경기도,,,
43214b9de941736334db,full_annotation_v1,A,q_편의점_08,편의전,생활·마트 중 '편의점'을 판매·제공하는 매장,val,편의점,T6 기계변형,301b84b1-87af-4d85-9cd1-4c0f6b4b8f1f,하나편의점,편의점,치평상무역상인회 골목형상점가,골목형상점가,광주광역시,,,
43e7c65066987b9683d8,full_annotation_v1,A,q_편의점_08,편의전,생활·마트 중 '편의점'을 판매·제공하는 매장,val,편의점,T6 기계변형,4ad1d238-2bbb-4917-bdba-5e99b031b365,부산홍떡,임가공제분,망미중앙시장,전통시장,부산광역시,,,
297c3c0434ba283f15f9,full_annotation_v1,A,q_편의점_08,편의전,생활·마트 중 '편의점'을 판매·제공하는 매장,val,편의점,T6 기계변형,001906f9-c5ab-4432-9e3a-be3af3f08aeb,씨유 원주혁신점,편의점,혁신도시5구역골목형상점가,골목형상점가,강원특별자치도,,,
1638cff462c474dc2683,full_annotation_v1,A,q_편의점_08,편의전,생활·마트 중 '편의점'을 판매·제공하는 매장,val,편의점,T6 기계변형,023e5716-7bdc-42c7-9c7e-a9a4f0f23a8b,이마트24 광주하남금호점,,한마음,골목형상점가,,,,
b4c72bc89aea47678fe6,full_annotation_v1,A,q_편의점_08,편의전,생활·마트 중 '편의점'을 판매·제공하는 매장,val,편의점,T6 기계변형,003683a7-fde1-46b0-8421-08210268e2b0,이마트24 광주일곡엘리체점,,삼각동 골목형상점가,골목형상점가,,,,
487f5c2c23843775b970,full_annotation_v1,A,q_편의점_08,편의전,생활·마트 중 '편의점'을 판매·제공하는 매장,val,편의점,T6 기계변형,816a667e-53ed-4753-8fd5-1b908d6bc75d,해빛편의점,편의점 기타 잡화,전평제상인회 골목형상점가,골목형상점가,광주광역시,,,
b53f02e8136db2ee56d8,full_annotation_v1,A,q_편의점_08,편의전,생활·마트 중 '편의점'을 판매·제공하는 매장,val,편의점,T6 기계변형,003747e4-8102-4296-bfdf-b7ca7c1f83fa,평화잡화,잡화,부산평화시장,전통시장,부산광역시,,,
b426ee502670864683bd,full_annotation_v1,A,q_편의점_08,편의전,생활·마트 중 '편의점'을 판매·제공하는 매장,val,편의점,T6 기계변형,dd3ef135-3205-4022-9cc0-eb864ff9ca76,CU수완탑점,편의정,수완머그로 골목형상점가,골목형상점가,광주광역시,,,
e77b1003d259162ad4ba,full_annotation_v1,A,q_편의점_08,편의전,생활·마트 중 '편의점'을 판매·제공하는 매장,val,편의점,T6 기계변형,384de038-e0eb-4dff-97fa-ad13ac3730e9,관방천편의점,편의점,국수거리 골목형상점가,골목형상점가,전라남도,,,
655d77ef75cdd6cb51be,full_annotation_v1,A,q_편의점_08,편의전,생활·마트 중 '편의점'을 판매·제공하는 매장,val,편의점,T6 기계변형,94ed11b4-4849-453d-9204-5d1f82d91a1b,CU용봉용주점,편의점,용봉우치로 골목형상점가,골목형상점가,광주광역시,,,
673eb16c906e38c3daf2,full_annotation_v1,A,q_편의점_08,편의전,생활·마트 중 '편의점'을 판매·제공하는 매장,val,편의점,T6 기계변형,003d5df8-0856-45e0-a11e-5098cf70541e,앨리스리본&공방,"공방, 잡화",봉화내성시장,전통시장,경상북도,,,
b8e61ae1aa4ccbd58633,full_annotation_v1,A,q_편의점_08,편의전,생활·마트 중 '편의점'을 판매·제공하는 매장,val,편의점,T6 기계변형,017a2c54-999b-4850-993e-cac5169d3aec,지에스25 원주황금점,편의점,혁신도시1구역골목형상점가,골목형상점가,강원특별자치도,,,
8fb7e4ab0a7fd96cb1e7,full_annotation_v1,A,q_편의점_08,편의전,생활·마트 중 '편의점'을 판매·제공하는 매장,val,편의점,T6 기계변형,40605722-6aa6-43c5-8eb0-7d1d1a9f0530,옷이날개,의류,전곡골목형상점가,골목형상점가,서울특별시,,,
272a581089b1331472f1,full_annotation_v1,A,q_편의점_08,편의전,생활·마트 중 '편의점'을 판매·제공하는 매장,val,편의점,T6 기계변형,01d01063-d46f-4d55-991f-bd03c55392f8,씨유 사상중흥센터,편의점,중흥 골목형상점가,골목형상점가,부산광역시,,,
5143de8a7e6a5d77dbf2,full_annotation_v1,A,q_편의점_08,편의전,생활·마트 중 '편의점'을 판매·제공하는 매장,val,편의점,T6 기계변형,3bde790e-d4d7-4f61-8d83-2898f1acb39a,씨유편의점,편의점,쌍용먹자패션거리 골목형상점가,골목형상점가,충청남도,,,
60539fa0bf07f5a855c7,full_annotation_v1,A,q_편의점_08,편의전,생활·마트 중 '편의점'을 판매·제공하는 매장,val,편의점,T6 기계변형,5589af27-8a43-41e8-977c-35759e02fc6a,미래편의점,편의점,운남골목 골목형상점가,골목형상점가,광주광역시,,,
a1c8b30a62cba4d44310,full_annotation_v1,A,q_편의점_08,편의전,생활·마트 중 '편의점'을 판매·제공하는 매장,val,편의점,T6 기계변형,44514a0f-3971-4be8-9d1d-37e043b0d361,거부기편의점,편의점,거북시장,전통시장,인천광역시,,,
aac558422eedfd1e5fbb,full_annotation_v1,A,q_편의점_08,편의전,생활·마트 중 '편의점'을 판매·제공하는 매장,val,편의점,T6 기계변형,ab940518-86dd-4359-af59-aa51f85e8597,CU괘법중앙점,편의점,사상시장,전통시장,부산광역시,,,
8fa57f0d7a8f192c959a,full_annotation_v1,A,q_편의점_08,편의전,생활·마트 중 '편의점'을 판매·제공하는 매장,val,편의점,T6 기계변형,006f9082-b590-49e3-baf4-f72dc203a510,CU풍암주은모아점,편의점,풍암당산상인회 골목형상점가,골목형상점가,광주광역시,,,
c2dc4617761b84878c21,full_annotation_v1,A,q_편의점_08,편의전,생활·마트 중 '편의점'을 판매·제공하는 매장,val,편의점,T6 기계변형,0988667a-cf9e-456b-8122-1d8b35160864,CU해남땅끝점,편의점,땅끝마을 상점가,골목형상점가,전라남도,,,
7e0ff5994957f762d08a,full_annotation_v1,A,q_편의점_08,편의전,생활·마트 중 '편의점'을 판매·제공하는 매장,val,편의점,T6 기계변형,e8e9c9ac-afdd-4b70-8bf7-78ec9775281c,프랜드편의점,편의점,발안만세시장(구 발안시장),전통시장,경기도,,,
bc2857f8c754d196e8b1,full_annotation_v1,A,q_편의점_08,편의전,생활·마트 중 '편의점'을 판매·제공하는 매장,val,편의점,T6 기계변형,6f96d1f6-967c-4510-8c38-1fe814dd5eb4,서은조헤어,,비카인드 자율상권구역,,경상북도,,,
5957365a0a64459bc2fd,full_annotation_v1,A,q_편의점_08,편의전,생활·마트 중 '편의점'을 판매·제공하는 매장,val,편의점,T6 기계변형,01a0efe3-6970-4157-9177-c25358a4f8a6,유한회사 도민유통(와이마트),슈퍼마켓,용봉지구 골목형상점가,골목형상점가,광주광역시,,,
5aa29bf9e3968326219d,full_annotation_v1,A,q_편의점_08,편의전,생활·마트 중 '편의점'을 판매·제공하는 매장,val,편의점,T6 기계변형,bac6cf87-6a05-44b0-a03c-147f15d1602c,편의점,식품 잡화,운수대통 골목형상점가,골목형상점가,광주광역시,,,
63a5d5e68e4c03dca9f1,full_annotation_v1,A,q_편의점_08,편의전,생활·마트 중 '편의점'을 판매·제공하는 매장,val,편의점,T6 기계변형,4134f2b2-1587-4a7f-9740-f63a5f9bb65b,오렌지패션,의류,공주산성시장,전통시장,충청남도,,,
414de320a79ccd851894,full_annotation_v1,A,q_편의점_08,편의전,생활·마트 중 '편의점'을 판매·제공하는 매장,val,편의점,T6 기계변형,01790f65-6bd3-405b-9ef4-493889531486,세븐일레븐자양으뜸2호점,편의점,자양로13길골목형상점가,골목형상점가,서울특별시,,,
0c2e8a1e4d119f3a4ad7,full_annotation_v1,A,q_편의점_08,편의전,생활·마트 중 '편의점'을 판매·제공하는 매장,val,편의점,T6 기계변형,9331b39b-d923-4ec3-9203-fffe2e3df532,나우리편의점,편의점,거제 고현자율상권,,경상남도,,,
ff5f90e5335a25a9a70c,full_annotation_v1,A,q_편의점_08,편의전,생활·마트 중 '편의점'을 판매·제공하는 매장,val,편의점,T6 기계변형,01082ac2-3d28-417c-8311-62a9095208e5,신라정선,슈퍼,남부골목시장,전통시장,서울특별시,,,
dec8bc23ca344a2a62a1,full_annotation_v1,A,q_편의점_08,편의전,생활·마트 중 '편의점'을 판매·제공하는 매장,val,편의점,T6 기계변형,3c876357-be7b-43b4-b287-4fb09785f418,보성유통,과일,청량리종합시장,전통시장,서울특별시,,,
cf8bba12dc5bcfba9dcd,full_annotation_v1,A,q_편의점_08,편의전,생활·마트 중 '편의점'을 판매·제공하는 매장,val,편의점,T6 기계변형,8eacaaaa-3424-43ee-a250-580b40a7bf26,통기타 스토리,악기,마재상인회 골목형상점가,골목형상점가,광주광역시,,,
cbfaf043098243c692e8,full_annotation_v1,A,q_편의점_08,편의전,생활·마트 중 '편의점'을 판매·제공하는 매장,val,편의점,T6 기계변형,e47288cc-6ac7-4b2d-9a64-4e66b39990ab,CU주엽효원점,편의점,주엽역 골목형상점가,골목형상점가,경기도,,,
2e47e62b4193e2f93460,full_annotation_v1,A,q_편의점_08,편의전,생활·마트 중 '편의점'을 판매·제공하는 매장,val,편의점,T6 기계변형,02ab118f-aa08-483e-b7d3-93768e12c1be,이마트24옥정엠시티점,,파스텔시티2차상점가,골목형상점가,경기도,,,
f6a04ba631e1a8ca12ba,full_annotation_v1,A,q_편의점_08,편의전,생활·마트 중 '편의점'을 판매·제공하는 매장,val,편의점,T6 기계변형,babdb769-d75b-4fa3-bf1c-51280c766735,편의점사랑,편의점,의왕역 골목형상점가,골목형상점가,경기도,,,
f0e18a0303534a7c0302,full_annotation_v1,A,q_편의점_08,편의전,생활·마트 중 '편의점'을 판매·제공하는 매장,val,편의점,T6 기계변형,848acabf-af64-441f-987e-9859c30cfb6a,맛의전쟁,한식,단국대 앞 골목형상점가,골목형상점가,경기도,,,
93c8f0b7dd8543d6e6f4,full_annotation_v1,A,q_편의점_08,편의전,생활·마트 중 '편의점'을 판매·제공하는 매장,val,편의점,T6 기계변형,e1ba6e10-38b7-4795-b312-be6b44366945,한스브레드,제과,한글거리 상점가상인회,자율상권구역,세종특별자치시,,,
84de7e6c46fe92c8b184,full_annotation_v1,A,q_편의점_08,편의전,생활·마트 중 '편의점'을 판매·제공하는 매장,val,편의점,T6 기계변형,41fe454e-8f96-413d-b59e-53d6a314299f,전투전,,뚝섬로52길 골목형상점가,골목형상점가,서울특별시,,,
58c0dcc252edaf7ebf22,full_annotation_v1,A,q_편의점_08,편의전,생활·마트 중 '편의점'을 판매·제공하는 매장,val,편의점,T6 기계변형,90f28151-1690-4774-b678-57c421da04a3,정진약국,양약,정훈한마음골목시장,골목형상점가,서울특별시,,,
0791e3e3d1c7219ebfda,full_annotation_v1,A,q_편의점_08,편의전,생활·마트 중 '편의점'을 판매·제공하는 매장,val,편의점,T6 기계변형,1f6069ec-8cd1-4f8a-8047-ac4c9c90c9f6,명성전자담배,,비카인드 자율상권구역,,경상북도,,,
c6e087279e7fba471bdf,full_annotation_v1,A,q_편의점_08,편의전,생활·마트 중 '편의점'을 판매·제공하는 매장,val,편의점,T6 기계변형,179850e5-51d8-4f42-8885-cedc3932263a,청려원동물병원,수의사업,수원남문로데오시장,전통시장,경기도,,,
c1a6b3a7e80e058cc8d3,full_annotation_v1,A,q_편의점_08,편의전,생활·마트 중 '편의점'을 판매·제공하는 매장,val,편의점,T6 기계변형,dc236aa0-df7a-4ea4-a73d-afe846bdadc1,Gs편의점농성대남점,편의점,상공회의소누리상인회 골목형상점가,골목형상점가,광주광역시,,,
451e6976a37bf977d542,full_annotation_v1,A,q_편의점_08,편의전,생활·마트 중 '편의점'을 판매·제공하는 매장,val,편의점,T6 기계변형,f49a524f-1de6-4c8d-bdfa-694328f5409c,축협알뜰편의점,편의점,새영주시장,전통시장,부산광역시,,,
d63d402d3daff00d7227,full_annotation_v1,A,q_편의점_08,편의전,생활·마트 중 '편의점'을 판매·제공하는 매장,val,편의점,T6 기계변형,e00c75a3-f93d-4158-912a-2fd82cc97bd5,남매사,란제리,서문시장 제5지구,전통시장,대구광역시,,,
01fa2b6dd58c6cd88f92,full_annotation_v1,A,q_편의점_08,편의전,생활·마트 중 '편의점'을 판매·제공하는 매장,val,편의점,T6 기계변형,88431df8-90b4-4fb1-9d80-7b0ce9a4610d,현대25시 편의점,편의점 복권,봉일천전통시장,전통시장,경기도,,,
c8c985975221a7f9e95f,full_annotation_v1,A,q_편의점_08,편의전,생활·마트 중 '편의점'을 판매·제공하는 매장,val,편의점,T6 기계변형,1310e4cf-b5f1-4dac-9a2a-dfdeb03cdfe8,흙삶추주식회사,도소매(농산물),영등포청과시장,자율상권구역,서울특별시,,,
4d128fbd7727d724f8d8,full_annotation_v1,A,q_편의점_08,편의전,생활·마트 중 '편의점'을 판매·제공하는 매장,val,편의점,T6 기계변형,02656399-5272-4d95-93ce-aa699e13cfdb,우리홈마트,,중화산로 골목형상점가,골목형상점가,전북특별자치도,,,
cb2310820372df80ba28,full_annotation_v1,A,q_편의점_08,편의전,생활·마트 중 '편의점'을 판매·제공하는 매장,val,편의점,T6 기계변형,00242042-f371-486a-a1fc-b85de093edbf,슈올즈 이천점,"신발, 잡화",장터거리시장 골목형상점가,골목형상점가,경기도,,,
309c82e22371c26a81d1,full_annotation_v1,A,q_편의점_09,편의점추천,생활·마트 중 '편의점'을 판매·제공하는 매장,val,편의점,T6 기계변형,01ca51d4-ae25-4b4f-86b6-d8461d581a02,영광슈퍼,소매업(슈퍼),신원시장,전통시장,서울특별시,,,
9b81a42c60189bd4446f,full_annotation_v1,A,q_편의점_09,편의점추천,생활·마트 중 '편의점'을 판매·제공하는 매장,val,편의점,T6 기계변형,02ab118f-aa08-483e-b7d3-93768e12c1be,이마트24옥정엠시티점,,파스텔시티2차상점가,골목형상점가,경기도,,,
15f4ed9038754aa96b88,full_annotation_v1,A,q_편의점_09,편의점추천,생활·마트 중 '편의점'을 판매·제공하는 매장,val,편의점,T6 기계변형,f8ca399a-6a3c-428a-9f5e-0e32b4bd2844,성원편의점,편의점,창원 성원3차종합상가,전통시장,경상남도,,,
b42387a44d8a5d877fb4,full_annotation_v1,A,q_편의점_09,편의점추천,생활·마트 중 '편의점'을 판매·제공하는 매장,val,편의점,T6 기계변형,0015ea0b-d565-4d75-bbfb-1198daeb0b0c,나이스마트청라자이점,,청라언덕 골목형상점가,골목형상점가,대구광역시,,,
87a1e14ae587b8ccc02e,full_annotation_v1,A,q_편의점_09,편의점추천,생활·마트 중 '편의점'을 판매·제공하는 매장,val,편의점,T6 기계변형,0127440f-2d8b-45f0-b518-a19665d3d5a8,나들가게서교하이퍼,소매(슈퍼),서교시장,전통시장,서울특별시,,,
1fda07a503ab293b7ce0,full_annotation_v1,A,q_편의점_09,편의점추천,생활·마트 중 '편의점'을 판매·제공하는 매장,val,편의점,T6 기계변형,b16cbfb1-842f-492c-a700-7be152571080,원조옥수사,킬국수,천안중앙시장,전통시장,충청남도,,,
2b3b9f84b946f59b5ef2,full_annotation_v1,A,q_편의점_09,편의점추천,생활·마트 중 '편의점'을 판매·제공하는 매장,val,편의점,T6 기계변형,a9895d16-2a13-44a4-908b-9a8c2936840a,씨유서부율전점,편의점,명덕마을 골목형상점가,골목형상점가,울산광역시,,,
b4e2f1c40881d12f2875,full_annotation_v1,A,q_편의점_09,편의점추천,생활·마트 중 '편의점'을 판매·제공하는 매장,val,편의점,T6 기계변형,01082ac2-3d28-417c-8311-62a9095208e5,신라정선,슈퍼,남부골목시장,전통시장,서울특별시,,,
d9e8aff7c08a2c9aad2d,full_annotation_v1,A,q_편의점_09,편의점추천,생활·마트 중 '편의점'을 판매·제공하는 매장,val,편의점,T6 기계변형,44514a0f-3971-4be8-9d1d-37e043b0d361,거부기편의점,편의점,거북시장,전통시장,인천광역시,,,
3b71cdb85e2a69706bf6,full_annotation_v1,A,q_편의점_09,편의점추천,생활·마트 중 '편의점'을 판매·제공하는 매장,val,편의점,T6 기계변형,02656399-5272-4d95-93ce-aa699e13cfdb,우리홈마트,,중화산로 골목형상점가,골목형상점가,전북특별자치도,,,
4439e23b972db5caaadf,full_annotation_v1,A,q_편의점_09,편의점추천,생활·마트 중 '편의점'을 판매·제공하는 매장,val,편의점,T6 기계변형,9e5ac9b1-ea36-4a9e-a9e2-e2a69d5690ee,CU,편의점,프로방스 골목형상점가,골목형상점가,전라남도,,,
2c708a8a9529ffd914fd,full_annotation_v1,A,q_편의점_09,편의점추천,생활·마트 중 '편의점'을 판매·제공하는 매장,val,편의점,T6 기계변형,5b96256c-d213-4d0e-92fe-389dc7cc6681,CU,편의점,하남진곡 골목형상점가,골목형상점가,광주광역시,,,
59f472ea68cb4749eeb2,full_annotation_v1,A,q_편의점_09,편의점추천,생활·마트 중 '편의점'을 판매·제공하는 매장,val,편의점,T6 기계변형,ec011a7f-6dba-4811-aa9a-b80c415e4c59,CU점촌역,편의점,점촌역전상점가,자율상권구역,경상북도,,,
74f0dfb953752ac95651,full_annotation_v1,A,q_편의점_09,편의점추천,생활·마트 중 '편의점'을 판매·제공하는 매장,val,편의점,T6 기계변형,23b8bd32-a9b4-45b1-839a-78e8631a6615,대풍상회,곡물,대전상가,전통시장,대전광역시,,,
011b55d30d239bec78d8,full_annotation_v1,A,q_편의점_09,편의점추천,생활·마트 중 '편의점'을 판매·제공하는 매장,val,편의점,T6 기계변형,67e246e9-09f0-4556-aa8c-cfc097e5a380,세븐일레븐편의점,편의점,88글러브 골목형상점가,골목형상점가,대전광역시,,,
db492c7592cb9fa3550a,full_annotation_v1,A,q_편의점_09,편의점추천,생활·마트 중 '편의점'을 판매·제공하는 매장,val,편의점,T6 기계변형,01d01063-d46f-4d55-991f-bd03c55392f8,씨유 사상중흥센터,편의점,중흥 골목형상점가,골목형상점가,부산광역시,,,
66a1cfe1aaf9109f22d6,full_annotation_v1,A,q_편의점_09,편의점추천,생활·마트 중 '편의점'을 판매·제공하는 매장,val,편의점,T6 기계변형,dc236aa0-df7a-4ea4-a73d-afe846bdadc1,Gs편의점농성대남점,편의점,상공회의소누리상인회 골목형상점가,골목형상점가,광주광역시,,,
e877717fc685c0c971e2,full_annotation_v1,A,q_편의점_09,편의점추천,생활·마트 중 '편의점'을 판매·제공하는 매장,val,편의점,T6 기계변형,ab940518-86dd-4359-af59-aa51f85e8597,CU괘법중앙점,편의점,사상시장,전통시장,부산광역시,,,
56e6d6491be29e3d19d3,full_annotation_v1,A,q_편의점_09,편의점추천,생활·마트 중 '편의점'을 판매·제공하는 매장,val,편의점,T6 기계변형,bac6cf87-6a05-44b0-a03c-147f15d1602c,편의점,식품 잡화,운수대통 골목형상점가,골목형상점가,광주광역시,,,
0dbcaaeee05794c79530,full_annotation_v1,A,q_편의점_09,편의점추천,생활·마트 중 '편의점'을 판매·제공하는 매장,val,편의점,T6 기계변형,384de038-e0eb-4dff-97fa-ad13ac3730e9,관방천편의점,편의점,국수거리 골목형상점가,골목형상점가,전라남도,,,
7bda45c3769402922d75,full_annotation_v1,A,q_편의점_09,편의점추천,생활·마트 중 '편의점'을 판매·제공하는 매장,val,편의점,T6 기계변형,e8e9c9ac-afdd-4b70-8bf7-78ec9775281c,프랜드편의점,편의점,발안만세시장(구 발안시장),전통시장,경기도,,,
d0013c8afbb35807d32a,full_annotation_v1,A,q_편의점_09,편의점추천,생활·마트 중 '편의점'을 판매·제공하는 매장,val,편의점,T6 기계변형,3649476e-6cb0-48ae-8bed-26ee4fcb9512,씨유정읍역점,편의점,정읍연지상점가,자율상권구역,전북특별자치도,,,
85ad915d46e3944afcae,full_annotation_v1,A,q_편의점_09,편의점추천,생활·마트 중 '편의점'을 판매·제공하는 매장,val,편의점,T6 기계변형,003747e4-8102-4296-bfdf-b7ca7c1f83fa,평화잡화,잡화,부산평화시장,전통시장,부산광역시,,,
ababc272fb1ffc644de8,full_annotation_v1,A,q_편의점_09,편의점추천,생활·마트 중 '편의점'을 판매·제공하는 매장,val,편의점,T6 기계변형,95c74ed8-80f0-47a7-915d-1b0d948b23bb,불로초장터,분식,서귀포매일올레시장,전통시장,제주특별자치도,,,
caeaea2a7ddbca44a5d7,full_annotation_v1,A,q_편의점_09,편의점추천,생활·마트 중 '편의점'을 판매·제공하는 매장,val,편의점,T6 기계변형,ab49c0f2-e5d9-46e9-80eb-47323e4162d5,줌마렐라,,정읍샘고을시장,전통시장,전북특별자치도,,,
3d05fe7041b17cf26ac9,full_annotation_v1,A,q_편의점_09,편의점추천,생활·마트 중 '편의점'을 판매·제공하는 매장,val,편의점,T6 기계변형,1c173b03-e57b-4ca5-a897-51e2f9a26bc8,세종가구백화점,가구,퍼스트원 골목형상점가,골목형상점가,세종특별자치시,,,
99469b6e57c0788c1e33,full_annotation_v1,A,q_편의점_09,편의점추천,생활·마트 중 '편의점'을 판매·제공하는 매장,val,편의점,T6 기계변형,88431df8-90b4-4fb1-9d80-7b0ce9a4610d,현대25시 편의점,편의점 복권,봉일천전통시장,전통시장,경기도,,,
861a3936b4a3a7a2dbd3,full_annotation_v1,A,q_편의점_09,편의점추천,생활·마트 중 '편의점'을 판매·제공하는 매장,val,편의점,T6 기계변형,6eab12a8-3ab8-494f-b638-e8b02ebe47ab,훈스타일,미용,아현동손기정길골목형상점가,골목형상점가,서울특별시,,,
1661f400b4249f0704e1,full_annotation_v1,A,q_편의점_09,편의점추천,생활·마트 중 '편의점'을 판매·제공하는 매장,val,편의점,T6 기계변형,79732bce-9e9c-487b-996c-4f3be0465653,지에스25 광주대정문점,편의점,광주대 골목형상점가,골목형상점가,광주광역시,,,
f7d8f2976e81804ba45e,full_annotation_v1,A,q_편의점_09,편의점추천,생활·마트 중 '편의점'을 판매·제공하는 매장,val,편의점,T6 기계변형,5589af27-8a43-41e8-977c-35759e02fc6a,미래편의점,편의점,운남골목 골목형상점가,골목형상점가,광주광역시,,,
2af42d68b1e2f3e91236,full_annotation_v1,A,q_편의점_09,편의점추천,생활·마트 중 '편의점'을 판매·제공하는 매장,val,편의점,T6 기계변형,37033488-7a37-4985-9a3c-180b45f7799b,도로마트,편의점,성안길상점가,자율상권구역,충청북도,,,
94791ad9a6c6155f0e21,full_annotation_v1,A,q_편의점_09,편의점추천,생활·마트 중 '편의점'을 판매·제공하는 매장,val,편의점,T6 기계변형,482cbb20-74a8-4251-ac9a-b0efcc6d72b5,모아편의점,편의점,풍암금당상인회 골목형상점가,골목형상점가,광주광역시,,,
455b8e2f3ee377b6ef8d,full_annotation_v1,A,q_편의점_09,편의점추천,생활·마트 중 '편의점'을 판매·제공하는 매장,val,편의점,T6 기계변형,003d5df8-0856-45e0-a11e-5098cf70541e,앨리스리본&공방,"공방, 잡화",봉화내성시장,전통시장,경상북도,,,
24562f716741aada968c,full_annotation_v1,A,q_편의점_09,편의점추천,생활·마트 중 '편의점'을 판매·제공하는 매장,val,편의점,T6 기계변형,003683a7-fde1-46b0-8421-08210268e2b0,이마트24 광주일곡엘리체점,,삼각동 골목형상점가,골목형상점가,,,,
667c14e4f44d65cf7f20,full_annotation_v1,A,q_편의점_09,편의점추천,생활·마트 중 '편의점'을 판매·제공하는 매장,val,편의점,T6 기계변형,301b84b1-87af-4d85-9cd1-4c0f6b4b8f1f,하나편의점,편의점,치평상무역상인회 골목형상점가,골목형상점가,광주광역시,,,
030f146794798af6a046,full_annotation_v1,A,q_편의점_09,편의점추천,생활·마트 중 '편의점'을 판매·제공하는 매장,val,편의점,T6 기계변형,2353bc2c-523e-46c9-b058-90cb4cc067e8,등용 솥뚜껑 생선구이,생선구이,청주서문시장,전통시장,충청북도,,,
add851d43c5338f9bcb4,full_annotation_v1,A,q_편의점_09,편의점추천,생활·마트 중 '편의점'을 판매·제공하는 매장,val,편의점,T6 기계변형,81cbd8c7-ecaa-4fb4-ad84-a86f3043d56e,신영수산,수산물,신영시장,전통시장,서울특별시,,,
99efa66bc82c1f1d457b,full_annotation_v1,A,q_편의점_09,편의점추천,생활·마트 중 '편의점'을 판매·제공하는 매장,val,편의점,T6 기계변형,01a0efe3-6970-4157-9177-c25358a4f8a6,유한회사 도민유통(와이마트),슈퍼마켓,용봉지구 골목형상점가,골목형상점가,광주광역시,,,
d494590aec8fca80ce1d,full_annotation_v1,A,q_편의점_09,편의점추천,생활·마트 중 '편의점'을 판매·제공하는 매장,val,편의점,T6 기계변형,575e27d2-1951-4441-87b5-5b4337420455,자뎅드모네,생화,상동역 골목형상점가,골목형상점가,경기도,,,
347869db0506507dc0e0,full_annotation_v1,A,q_편의점_09,편의점추천,생활·마트 중 '편의점'을 판매·제공하는 매장,val,편의점,T6 기계변형,0054b824-eb72-4efa-a1ba-40d467c899a5,수정상회,잡화,중앙전통시장,전통시장,울산광역시,,,
303c4ceef58db1e937ca,full_annotation_v1,A,q_편의점_09,편의점추천,생활·마트 중 '편의점'을 판매·제공하는 매장,val,편의점,T6 기계변형,16c828d2-bf72-47fe-8015-3ad256fa690b,노멀리즈에스테틱,화장품,대봉동웨딩거리상점가,자율상권구역,대구광역시,,,
56f3955dfd98d7a7ab61,full_annotation_v1,A,q_편의점_09,편의점추천,생활·마트 중 '편의점'을 판매·제공하는 매장,val,편의점,T6 기계변형,88acd2dc-7a20-4162-804a-15e5555372f0,CU,편의점,프로방스 골목형상점가,골목형상점가,전라남도,,,
d86a1ffa0f49d9ef63a2,full_annotation_v1,A,q_편의점_09,편의점추천,생활·마트 중 '편의점'을 판매·제공하는 매장,val,편의점,T6 기계변형,5c075211-d790-485f-8def-67e24a561bbc,마곡편의점,편의점,공산성골목형상점가,골목형상점가,충청남도,,,
afdffa00bfb5191e6ce6,full_annotation_v1,A,q_편의점_09,편의점추천,생활·마트 중 '편의점'을 판매·제공하는 매장,val,편의점,T6 기계변형,00242042-f371-486a-a1fc-b85de093edbf,슈올즈 이천점,"신발, 잡화",장터거리시장 골목형상점가,골목형상점가,경기도,,,
ccea9687c33b9e49a3d1,full_annotation_v1,A,q_편의점_09,편의점추천,생활·마트 중 '편의점'을 판매·제공하는 매장,val,편의점,T6 기계변형,94ed11b4-4849-453d-9204-5d1f82d91a1b,CU용봉용주점,편의점,용봉우치로 골목형상점가,골목형상점가,광주광역시,,,
01004cdfea529c8e30c1,full_annotation_v1,A,q_편의점_09,편의점추천,생활·마트 중 '편의점'을 판매·제공하는 매장,val,편의점,T6 기계변형,f49a524f-1de6-4c8d-bdfa-694328f5409c,축협알뜰편의점,편의점,새영주시장,전통시장,부산광역시,,,
aedadb3ccf46200f2caf,full_annotation_v1,A,q_편의점_09,편의점추천,생활·마트 중 '편의점'을 판매·제공하는 매장,val,편의점,T6 기계변형,953e8f97-01bc-43b2-b8f9-c849d41e99eb,비턴 대전탄방점,한식,탄방동7번길 상인회,골목형상점가,대전광역시,,,
e62048f8f4a0e61880c5,full_annotation_v1,A,q_편의점_09,편의점추천,생활·마트 중 '편의점'을 판매·제공하는 매장,val,편의점,T6 기계변형,9bbf1533-a2b3-4208-af15-38ecc7b880a7,더오드리,의류,신가동 골목형상점가,골목형상점가,광주광역시,,,
52c51d0f58d399ef0ae0,full_annotation_v1,A,q_편의점_09,편의점추천,생활·마트 중 '편의점'을 판매·제공하는 매장,val,편의점,T6 기계변형,b87a6d90-69d6-4ad7-b646-e863486748ac,씨유성주찬현점,편의점,성주시장,전통시장,경상북도,,,
21c08ef10647e63e1005,full_annotation_v1,A,q_편의점_09,편의점추천,생활·마트 중 '편의점'을 판매·제공하는 매장,val,편의점,T6 기계변형,816a667e-53ed-4753-8fd5-1b908d6bc75d,해빛편의점,편의점 기타 잡화,전평제상인회 골목형상점가,골목형상점가,광주광역시,,,
4faa50aed98019cc2117,full_annotation_v1,A,q_편의점_09,편의점추천,생활·마트 중 '편의점'을 판매·제공하는 매장,val,편의점,T6 기계변형,3ee6654a-0ceb-40ee-841a-dc62db37dbb3,씨유 남천 수영로,편의점,어울림마당 골목형상점가,골목형상점가,부산광역시,,,
9e644036ea3e5a4f619a,full_annotation_v1,A,q_편의점_09,편의점추천,생활·마트 중 '편의점'을 판매·제공하는 매장,val,편의점,T6 기계변형,43f8a456-3012-4f4f-beb0-bc85fc1ec2c4,홈웨이편의점,편의점,함평천지 골목형상점가,골목형상점가,전라남도,,,
49178e21ad909b2a36be,full_annotation_v1,A,q_편의점_09,편의점추천,생활·마트 중 '편의점'을 판매·제공하는 매장,val,편의점,T6 기계변형,26e570d3-8535-4d23-a315-ec1b29b5f244,가장맛있는 뒷고기,한식,탄방동7번길 상인회,골목형상점가,대전광역시,,,
0ce8a0f041440eb54966,full_annotation_v1,A,q_편의점_09,편의점추천,생활·마트 중 '편의점'을 판매·제공하는 매장,val,편의점,T6 기계변형,15d044c5-0f5c-4410-b98b-bff87e4f08df,우리편의점,편의점,산본로데오거리(구 산본중심상가),자율상권구역,경기도,,,
3e1ff29cd2255cd9d8bd,full_annotation_v1,A,q_편의점_09,편의점추천,생활·마트 중 '편의점'을 판매·제공하는 매장,val,편의점,T6 기계변형,247192b1-0b98-4059-8848-948104589daa,씨유영신점,편의점,영신상가,전통시장,서울특별시,,,
e5d43bf2b44d9c3aa6a4,full_annotation_v1,A,q_편의점_09,편의점추천,생활·마트 중 '편의점'을 판매·제공하는 매장,val,편의점,T6 기계변형,001906f9-c5ab-4432-9e3a-be3af3f08aeb,씨유 원주혁신점,편의점,혁신도시5구역골목형상점가,골목형상점가,강원특별자치도,,,
6cf68cda5ff43e3eeca8,full_annotation_v1,A,q_편의점_09,편의점추천,생활·마트 중 '편의점'을 판매·제공하는 매장,val,편의점,T6 기계변형,9331b39b-d923-4ec3-9203-fffe2e3df532,나우리편의점,편의점,거제 고현자율상권,,경상남도,,,
f1e9b6437ebf6a4186be,full_annotation_v1,A,q_편의점_09,편의점추천,생활·마트 중 '편의점'을 판매·제공하는 매장,val,편의점,T6 기계변형,75185668-0bba-4930-8210-d43b6d469416,씨유석계본점,편의점,석계음식문화거리골목형상점가,골목형상점가,서울특별시,,,
830ee8f4fe204df15528,full_annotation_v1,A,q_편의점_09,편의점추천,생활·마트 중 '편의점'을 판매·제공하는 매장,val,편의점,T6 기계변형,017a2c54-999b-4850-993e-cac5169d3aec,지에스25 원주황금점,편의점,혁신도시1구역골목형상점가,골목형상점가,강원특별자치도,,,
0eceb3f26a582fe0f6d0,full_annotation_v1,A,q_편의점_09,편의점추천,생활·마트 중 '편의점'을 판매·제공하는 매장,val,편의점,T6 기계변형,481b4d13-7128-4f25-94f8-7bf2f71a4d8e,주야편의점,편의점,부곡시장,전통시장,경상북도,,,
8641e2eb9e3d1d289ae8,full_annotation_v1,A,q_편의점_09,편의점추천,생활·마트 중 '편의점'을 판매·제공하는 매장,val,편의점,T6 기계변형,01790f65-6bd3-405b-9ef4-493889531486,세븐일레븐자양으뜸2호점,편의점,자양로13길골목형상점가,골목형상점가,서울특별시,,,
31eed85bbd8567aad973,full_annotation_v1,A,q_편의점_09,편의점추천,생활·마트 중 '편의점'을 판매·제공하는 매장,val,편의점,T6 기계변형,3c4a2539-7dfa-4768-a3b1-093ff9a0eba7,씨유장대스토리점,편의점,장대동패션상가 골목형상점가,골목형상점가,대전광역시,,,
4a460c4ec99dd4fc42af,full_annotation_v1,A,q_편의점_09,편의점추천,생활·마트 중 '편의점'을 판매·제공하는 매장,val,편의점,T6 기계변형,dff0c0d4-843d-404b-a3f1-4e7eebdac79d,씨유조종승리점,편의점,조종시장,전통시장,경기도,,,
bb262a2a43f0fb98d007,full_annotation_v1,A,q_편의점_09,편의점추천,생활·마트 중 '편의점'을 판매·제공하는 매장,val,편의점,T6 기계변형,001bacc9-5a95-4049-babd-6691512d8da0,백두사,잡화,장량성도시장,전통시장,경상북도,,,
23aa2954d9f07861c9df,full_annotation_v1,A,q_편의점_09,편의점추천,생활·마트 중 '편의점'을 판매·제공하는 매장,val,편의점,T6 기계변형,006f9082-b590-49e3-baf4-f72dc203a510,CU풍암주은모아점,편의점,풍암당산상인회 골목형상점가,골목형상점가,광주광역시,,,
639c11bd0951f32d3e17,full_annotation_v1,A,q_편의점_09,편의점추천,생활·마트 중 '편의점'을 판매·제공하는 매장,val,편의점,T6 기계변형,e90fa987-02cd-403e-baa7-989de65b2038,씨유일곡송해로점,편의점,일곡동 골목형상점가,골목형상점가,광주광역시,,,
f03bbd4ae9bb348e43ef,full_annotation_v1,A,q_편의점_09,편의점추천,생활·마트 중 '편의점'을 판매·제공하는 매장,val,편의점,T6 기계변형,0988667a-cf9e-456b-8122-1d8b35160864,CU해남땅끝점,편의점,땅끝마을 상점가,골목형상점가,전라남도,,,
25499d75687464a0c358,full_annotation_v1,A,q_편의점_09,편의점추천,생활·마트 중 '편의점'을 판매·제공하는 매장,val,편의점,T6 기계변형,3bde790e-d4d7-4f61-8d83-2898f1acb39a,씨유편의점,편의점,쌍용먹자패션거리 골목형상점가,골목형상점가,충청남도,,,
983ab29559985a6cad3c,full_annotation_v1,A,q_편의점_09,편의점추천,생활·마트 중 '편의점'을 판매·제공하는 매장,val,편의점,T6 기계변형,6fa03fa6-79b8-4900-afe6-8af0d44cb28b,중원한의원,한의원,설악로데오거리상점가,자율상권구역,강원특별자치도,,,
f6da1c3b4c386bdafd3d,full_annotation_v1,A,q_편의점_09,편의점추천,생활·마트 중 '편의점'을 판매·제공하는 매장,val,편의점,T6 기계변형,2644e238-a7c8-41b1-8c79-cb2f76d08a15,동일마트,편의점,김해 삼방전통시장,전통시장,경상남도,,,
2d9fb8e18590813c6fb0,full_annotation_v1,A,q_편의점_09,편의점추천,생활·마트 중 '편의점'을 판매·제공하는 매장,val,편의점,T6 기계변형,023e5716-7bdc-42c7-9c7e-a9a4f0f23a8b,이마트24 광주하남금호점,,한마음,골목형상점가,,,,
7ad02984d44310a6a064,full_annotation_v1,A,q_편의점_09,편의점추천,생활·마트 중 '편의점'을 판매·제공하는 매장,val,편의점,T6 기계변형,3cf0ed13-726e-4f37-8863-7d4c8423dd2f,마담실루엣,의류수선,서산중심상가,자율상권구역,충청남도,,,
8ec4d5fc922f658eafd2,full_annotation_v1,A,q_편의점_09,편의점추천,생활·마트 중 '편의점'을 판매·제공하는 매장,val,편의점,T6 기계변형,e47288cc-6ac7-4b2d-9a64-4e66b39990ab,CU주엽효원점,편의점,주엽역 골목형상점가,골목형상점가,경기도,,,
b52715ef3e080b51abbb,full_annotation_v1,A,q_편의점_09,편의점추천,생활·마트 중 '편의점'을 판매·제공하는 매장,val,편의점,T6 기계변형,ea47d538-c0a1-4e28-853d-781913295f37,씨유관악당곡점,편의점,보라빛거리골목형상점가,골목형상점가,서울특별시,,,
8594c855d4a6cbc197e4,full_annotation_v1,A,q_편의점_09,편의점추천,생활·마트 중 '편의점'을 판매·제공하는 매장,val,편의점,T6 기계변형,babdb769-d75b-4fa3-bf1c-51280c766735,편의점사랑,편의점,의왕역 골목형상점가,골목형상점가,경기도,,,
eb3c75e4b20d7cfdd253,full_annotation_v1,A,q_편의점_09,편의점추천,생활·마트 중 '편의점'을 판매·제공하는 매장,val,편의점,T6 기계변형,01b2c972-f367-47e6-b3d2-11585175a7c1,명동슈퍼,슈퍼,신대방1동온누리길골목형상점가,골목형상점가,서울특별시,,,
822b67dbedce5391f31f,full_annotation_v1,A,q_피부관리_01,피부관리,뷰티·미용 중 '피부관리'를 판매·제공하는 매장,test,피부관리,T1 정확표기,fe969718-772c-4af3-bf2a-2fd8a8908ce4,올리브 피부관리,,발섬 골목형상점가,골목형상점가,,,,
750a4cf97bb98383c8b8,full_annotation_v1,A,q_피부관리_01,피부관리,뷰티·미용 중 '피부관리'를 판매·제공하는 매장,test,피부관리,T1 정확표기,3990d086-cf5e-472f-b34f-238c3ca2eda5,안은실피부관리,피부관리,매봉 골목형상점가,골목형상점가,광주광역시,,,
96db5244a7afc9f24ce1,full_annotation_v1,A,q_피부관리_01,피부관리,뷰티·미용 중 '피부관리'를 판매·제공하는 매장,test,피부관리,T1 정확표기,99698999-327a-49d7-9692-b8e31cb8ae35,힐링스킨케어,피부관리,두암2동면앙로 골목형상점가,골목형상점가,광주광역시,,,
9cb7811052593be56c93,full_annotation_v1,A,q_피부관리_01,피부관리,뷰티·미용 중 '피부관리'를 판매·제공하는 매장,test,피부관리,T1 정확표기,7eac69f4-908f-47cc-b82a-c268fb2b4c7e,피부미인,피부관리,맛조이상인회 골목형상점가,골목형상점가,광주광역시,,,
2a60e233b922461dfe72,full_annotation_v1,A,q_피부관리_01,피부관리,뷰티·미용 중 '피부관리'를 판매·제공하는 매장,test,피부관리,T1 정확표기,ff70fe3d-c564-4e63-9381-b4e9a7a6bbe5,뷰티라운지,피부관리,포항 대이상가 골목형상점가,골목형상점가,경상북도,,,
54c4cef0019967fd2550,full_annotation_v1,A,q_피부관리_01,피부관리,뷰티·미용 중 '피부관리'를 판매·제공하는 매장,test,피부관리,T1 정확표기,cf27f2ff-a277-41bd-b629-929a443b9d4c,윤미네식당,음식점,세종전통시장,전통시장,세종특별자치시,,,
81f8d365d322d0bcf5d3,full_annotation_v1,A,q_피부관리_01,피부관리,뷰티·미용 중 '피부관리'를 판매·제공하는 매장,test,피부관리,T1 정확표기,54c04d3b-a682-4ca9-8c00-61dc5cc4a8e8,메이다움,피부관리,빛가람 상리단길 골목형상점가,골목형상점가,전라남도,,,
3b9cc0f8c74b1b1de360,full_annotation_v1,A,q_피부관리_01,피부관리,뷰티·미용 중 '피부관리'를 판매·제공하는 매장,test,피부관리,T1 정확표기,00286d17-4dd8-4803-9e0d-4ce25169c0f7,에이치컬링,눈썹,약수초등길 중산 골목형상점가,골목형상점가,울산광역시,,,
bb7ff699571626e25cbf,full_annotation_v1,A,q_피부관리_01,피부관리,뷰티·미용 중 '피부관리'를 판매·제공하는 매장,test,피부관리,T1 정확표기,5b50fe3e-f7dd-4723-b4d8-21da2e3069b0,최혜경 피부관리,피부관리,지족반석 골목형상점가,골목형상점가,대전광역시,,,
94eb9b75f2e186584740,full_annotation_v1,A,q_피부관리_01,피부관리,뷰티·미용 중 '피부관리'를 판매·제공하는 매장,test,피부관리,T1 정확표기,04e23271-38ff-40c1-92b8-657773758b60,무아르왁싱,"왁싱, 제모",과천스마트케이 골목형상점가,골목형상점가,경기도,,,
c2ff03a4571dbd1684d5,full_annotation_v1,A,q_피부관리_01,피부관리,뷰티·미용 중 '피부관리'를 판매·제공하는 매장,test,피부관리,T1 정확표기,2161e91d-1b65-4ee4-b517-2a2a02c02056,카페요아정,아이스크림,상암마을상인회 골목형상점가,골목형상점가,광주광역시,,,
bce9aea7333f78ce4133,full_annotation_v1,A,q_피부관리_01,피부관리,뷰티·미용 중 '피부관리'를 판매·제공하는 매장,test,피부관리,T1 정확표기,aad6b808-a5fd-432a-bfa4-3a6de6caefd9,정윤식당,,금오골목형상점가,골목형상점가,경기도,,,
52ae7c954a597ae5b29c,full_annotation_v1,A,q_피부관리_01,피부관리,뷰티·미용 중 '피부관리'를 판매·제공하는 매장,test,피부관리,T1 정확표기,7103f85e-1715-42c0-9dac-2d009dfb6667,지수 피부,피부관리,한들물빛도시 골목형 상점가,골목형상점가,충청남도,,,
6717e259c93bf9c5e2a4,full_annotation_v1,A,q_피부관리_01,피부관리,뷰티·미용 중 '피부관리'를 판매·제공하는 매장,test,피부관리,T1 정확표기,b6f1730c-189c-4570-93eb-2f48572784d7,뷰니크,피부관리,모란시장 쉼터길 골목형상점가,골목형상점가,경기도,,,
600830acea9e02b0e401,full_annotation_v1,A,q_피부관리_01,피부관리,뷰티·미용 중 '피부관리'를 판매·제공하는 매장,test,피부관리,T1 정확표기,aae86460-1a1a-47ac-8af2-aa553f81cb1c,가위소리,미용,홍천중앙시장(홍천신시장),전통시장,강원특별자치도,,,
d7127dfe98ae22cb24c5,full_annotation_v1,A,q_피부관리_01,피부관리,뷰티·미용 중 '피부관리'를 판매·제공하는 매장,test,피부관리,T1 정확표기,0017ec9c-4997-4ef5-a552-7fffc7dd149c,아리따움 진주서부점,화장품,진주 새서부시장,전통시장,경상남도,,,
8b9112c0168ed2912370,full_annotation_v1,A,q_피부관리_01,피부관리,뷰티·미용 중 '피부관리'를 판매·제공하는 매장,test,피부관리,T1 정확표기,ed776ea2-48e0-4240-a74f-24847112201b,프와,피부관리,첨단강변로 골목형상점가,골목형상점가,광주광역시,,,
b0ceadaddf92442e2e77,full_annotation_v1,A,q_피부관리_01,피부관리,뷰티·미용 중 '피부관리'를 판매·제공하는 매장,test,피부관리,T1 정확표기,f9873286-d68d-4233-a493-d2f0e61188af,고운피부,피부관리,송도용보 골목형상점가,골목형상점가,광주광역시,,,
80bad916ccead62952df,full_annotation_v1,A,q_피부관리_01,피부관리,뷰티·미용 중 '피부관리'를 판매·제공하는 매장,test,피부관리,T1 정확표기,04197336-2bd8-40eb-95d9-f9bd1d83b049,아온에스테틱,,대방디엠시티 골목형상점가,골목형상점가,전북특별자치도,,,
a4c6b5836739bde46298,full_annotation_v1,A,q_피부관리_01,피부관리,뷰티·미용 중 '피부관리'를 판매·제공하는 매장,test,피부관리,T1 정확표기,32afc8f6-cff0-4323-bb79-ece78e9cd928,퍼스트뷰티,피부관리,나성중앙 골목형상점가,골목형상점가,세종특별자치시,,,
a091a627f58ca4500da3,full_annotation_v1,A,q_피부관리_01,피부관리,뷰티·미용 중 '피부관리'를 판매·제공하는 매장,test,피부관리,T1 정확표기,c77debf9-bc01-4286-89d2-cfef8ee59a88,늘그린스킨,피부관리,금곡 골목형상점가,골목형상점가,경기도,,,
28bc2cdfe3820564fc3b,full_annotation_v1,A,q_피부관리_01,피부관리,뷰티·미용 중 '피부관리'를 판매·제공하는 매장,test,피부관리,T1 정확표기,0c3f6ae1-9bec-46f1-a43a-b61009758761,세종왁싱 보람뷰티,왁싱 속눈썹펌,보람동 골목형상점가,골목형상점가,세종특별자치시,,,
6858a660439f4f50ae62,full_annotation_v1,A,q_피부관리_01,피부관리,뷰티·미용 중 '피부관리'를 판매·제공하는 매장,test,피부관리,T1 정확표기,eb96c1aa-4621-4fdf-92e0-2e360eba5c1e,선물뷰티,피부관리,군분로꽁양상인회 골목형상점가,골목형상점가,광주광역시,,,
c23c9e33f6851b41a97c,full_annotation_v1,A,q_피부관리_01,피부관리,뷰티·미용 중 '피부관리'를 판매·제공하는 매장,test,피부관리,T1 정확표기,14f45676-ca6f-4fcb-aea7-c6b95ac1a077,루아 휴 헤드스파&에스테틱,,퍼스트원 골목형상점가,골목형상점가,세종특별자치시,,,
f36e44c11b916e41b587,full_annotation_v1,A,q_피부관리_01,피부관리,뷰티·미용 중 '피부관리'를 판매·제공하는 매장,test,피부관리,T1 정확표기,aa443186-5679-427e-b092-f3d22703db7e,아레테스킨앤바디,피부관리,염주상인회 골목형상점가,골목형상점가,광주광역시,,,
614a0844a896c47105e2,full_annotation_v1,A,q_피부관리_01,피부관리,뷰티·미용 중 '피부관리'를 판매·제공하는 매장,test,피부관리,T1 정확표기,7738bbc8-09e9-458f-bd80-d034cae00d6b,원조불닭,한식,하남시동석바대상점가,자율상권구역,경기도,,,
4d5fbde15b06d9340512,full_annotation_v1,A,q_피부관리_01,피부관리,뷰티·미용 중 '피부관리'를 판매·제공하는 매장,test,피부관리,T1 정확표기,00131122-77cf-4772-b141-202f0f950f5c,라라샵,화장품,유성신나는 골목형상점가,골목형상점가,대전광역시,,,
a2bc39f6568c2e1bd781,full_annotation_v1,A,q_피부관리_01,피부관리,뷰티·미용 중 '피부관리'를 판매·제공하는 매장,test,피부관리,T1 정확표기,c63f57db-8317-4837-9c2f-78359ed1f2af,피부미인,피부관리,하남시서석바대상점가,자율상권구역,경기도,,,
2c13e9ca9e5ab8339083,full_annotation_v1,A,q_피부관리_01,피부관리,뷰티·미용 중 '피부관리'를 판매·제공하는 매장,test,피부관리,T1 정확표기,6481fbb1-f7bc-4157-9a12-6f598de05fab,더화율,피부관리,동운초 골목형상점가,골목형상점가,광주광역시,,,
86adde80ec3eeb9d02b4,full_annotation_v1,A,q_피부관리_01,피부관리,뷰티·미용 중 '피부관리'를 판매·제공하는 매장,test,피부관리,T1 정확표기,e166b4dd-b4a2-42a2-885e-e2b325e944ff,연에스테틱,피부관리,한마음,골목형상점가,광주광역시,,,
59de5c1c33ff169db679,full_annotation_v1,A,q_피부관리_01,피부관리,뷰티·미용 중 '피부관리'를 판매·제공하는 매장,test,피부관리,T1 정확표기,b9a796bc-35e2-4159-9289-2f88afa1b4e2,비비안명동점,속옷,춘천명동상점가,자율상권구역,강원특별자치도,,,
a0467d54b4c0d8dd9276,full_annotation_v1,A,q_피부관리_01,피부관리,뷰티·미용 중 '피부관리'를 판매·제공하는 매장,test,피부관리,T1 정확표기,64b327fa-766f-42a3-bc26-720632bacfa4,종로주단,포목,전주남부시장,전통시장,전북특별자치도,,,
3ac21c48a70667196507,full_annotation_v1,A,q_피부관리_01,피부관리,뷰티·미용 중 '피부관리'를 판매·제공하는 매장,test,피부관리,T1 정확표기,9e21cfb2-807c-47e7-9481-7df84118cb34,핫뷰티,피부관리,고은상인회 골목형상점가,골목형상점가,광주광역시,,,
3893c3aaf0251f72699c,full_annotation_v1,A,q_피부관리_01,피부관리,뷰티·미용 중 '피부관리'를 판매·제공하는 매장,test,피부관리,T1 정확표기,546621d6-4b9b-4fc9-bb2d-230b4e94f7b0,고운뷰티,피부관리,쌍리단길상점가,자율상권구역,서울특별시,,,
b2aec1b1ad021a08086e,full_annotation_v1,A,q_피부관리_01,피부관리,뷰티·미용 중 '피부관리'를 판매·제공하는 매장,test,피부관리,T1 정확표기,dcb1e883-5afe-42b8-bf67-39c010f6c686,퓨어에스테틱,피부관리,서현센트럴상점,골목형상점가,경기도,,,
cb7cb99c04a2c72415c3,full_annotation_v1,A,q_피부관리_01,피부관리,뷰티·미용 중 '피부관리'를 판매·제공하는 매장,test,피부관리,T1 정확표기,ccaa4789-23bb-4d6b-83c0-fd9793e07e62,고궁피부관리,피부관리,뒤뜰골목형상점가,골목형상점가,강원특별자치도,,,
4d51a8aa24fe59300a6f,full_annotation_v1,A,q_피부관리_01,피부관리,뷰티·미용 중 '피부관리'를 판매·제공하는 매장,test,피부관리,T1 정확표기,1ac4ae73-6d9b-4466-8bd3-9c4edcc910ec,솔비쥬,피부관리,산본로데오거리(구 산본중심상가),자율상권구역,경기도,,,
9320dee5177e88ea6540,full_annotation_v1,A,q_피부관리_01,피부관리,뷰티·미용 중 '피부관리'를 판매·제공하는 매장,test,피부관리,T1 정확표기,00998e68-6f7e-4b3f-9476-72ba1ac3466e,라테라스 테라피,피부관리,치평1230상인회 골목형상점가,골목형상점가,광주광역시,,,
62bbe913c756516f25e1,full_annotation_v1,A,q_피부관리_01,피부관리,뷰티·미용 중 '피부관리'를 판매·제공하는 매장,test,피부관리,T1 정확표기,22bab0b6-b1a0-4a03-9332-f121f20a75cb,키웰,피부관리,평촌1번가 상점가,자율상권구역,경기도,,,
ccc278b1145ade759651,full_annotation_v1,A,q_피부관리_01,피부관리,뷰티·미용 중 '피부관리'를 판매·제공하는 매장,test,피부관리,T1 정확표기,eee4cb9a-447f-4e24-b168-de011b68be72,찬란하다,피부관리,힐스테이트에코 골목형상점가,골목형상점가,경기도,,,
8fe06016e7fc411a0477,full_annotation_v1,A,q_피부관리_01,피부관리,뷰티·미용 중 '피부관리'를 판매·제공하는 매장,test,피부관리,T1 정확표기,943aa54a-f263-4742-99c9-4ef4acc9712a,플로렌스,피부관리,화정한울타리상인회 골목형상점가,골목형상점가,광주광역시,,,
da35d456a933417329c9,full_annotation_v1,A,q_피부관리_01,피부관리,뷰티·미용 중 '피부관리'를 판매·제공하는 매장,test,피부관리,T1 정확표기,518e5458-7da9-4117-adc2-ba18b35ed2c0,이쁘지오 피부관리,,구미형곡시장프라자,전통시장,경상북도,,,
d0dbfbc76406b0a09118,full_annotation_v1,A,q_피부관리_01,피부관리,뷰티·미용 중 '피부관리'를 판매·제공하는 매장,test,피부관리,T1 정확표기,fff12d89-d679-4847-a46a-5ecd19026fcb,다미노뷰티,피부관리,서재소상공인연합회,골목형상점가,대구광역시,,,
84bec57234cab23b2258,full_annotation_v1,A,q_피부관리_01,피부관리,뷰티·미용 중 '피부관리'를 판매·제공하는 매장,test,피부관리,T1 정확표기,fd8d72f6-c777-4375-abff-406318d1ab15,궁화피부관리,피부관리,원주중앙로문화의거리,자율상권구역,강원특별자치도,,,
9a6b03c6c348206059e4,full_annotation_v1,A,q_피부관리_01,피부관리,뷰티·미용 중 '피부관리'를 판매·제공하는 매장,test,피부관리,T1 정확표기,ffa93d92-c595-46a3-b762-ad12e50d4502,다올에스테틱,피부관리,도룡상인회 골목형상점가,골목형상점가,대전광역시,,,
e66fe65ed7ac115204c8,full_annotation_v1,A,q_피부관리_01,피부관리,뷰티·미용 중 '피부관리'를 판매·제공하는 매장,test,피부관리,T1 정확표기,0145ebc4-2c3b-48a5-bdee-30b3cbffc69a,비바뷰티왁싱스튜디오,왁싱,백운진다리 골목형상점가,골목형상점가,광주광역시,,,
c61cf493cb4872558c71,full_annotation_v1,A,q_피부관리_01,피부관리,뷰티·미용 중 '피부관리'를 판매·제공하는 매장,test,피부관리,T1 정확표기,8ef98dba-e7fe-4b9e-b3c6-9efbc180d7f2,소담에스테틱,피부관리,신용동 골목형상점가,골목형상점가,광주광역시,,,
6f5d29f8f05045c2ec13,full_annotation_v1,A,q_피부관리_01,피부관리,뷰티·미용 중 '피부관리'를 판매·제공하는 매장,test,피부관리,T1 정확표기,ed7860ef-954d-4d1d-aef4-71b97202d08e,코샤뷰티,피부관리,나성동 골목형상점가,골목형상점가,세종특별자치시,,,
cb9aade6b1fb8d5ba993,full_annotation_v1,A,q_피부관리_01,피부관리,뷰티·미용 중 '피부관리'를 판매·제공하는 매장,test,피부관리,T1 정확표기,25a3fec3-45ae-4770-85fa-e7fe2ac4fbaf,마르샤,피부관리,박달시장,전통시장,경기도,,,
df82a4778394d796be28,full_annotation_v1,A,q_피부관리_01,피부관리,뷰티·미용 중 '피부관리'를 판매·제공하는 매장,test,피부관리,T1 정확표기,c52e8d11-8f7e-49aa-b31a-3be54465f973,꼬모에스테틱,피부관리,흑석동 골목형상점가,골목형상점가,광주광역시,,,
8a39ce2da7c19caa69a7,full_annotation_v1,A,q_피부관리_01,피부관리,뷰티·미용 중 '피부관리'를 판매·제공하는 매장,test,피부관리,T1 정확표기,ca31bfdd-9dae-4364-90ed-0e17dd874dce,미서뷰티케어,피부관리,주막거리상점가,자율상권구역,경기도,,,
a29f54a25bfb772e051b,full_annotation_v1,A,q_피부관리_01,피부관리,뷰티·미용 중 '피부관리'를 판매·제공하는 매장,test,피부관리,T1 정확표기,e6996bf0-aedf-4c5c-a6de-0c0e951326b6,맑은피부관리,피부관리,매곡 가인 골목형상점가,골목형상점가,광주광역시,,,
65d1ddaa80e2bfcc2e7e,full_annotation_v1,A,q_피부관리_01,피부관리,뷰티·미용 중 '피부관리'를 판매·제공하는 매장,test,피부관리,T1 정확표기,372f1714-6cef-4d7a-8a96-94a41e487d35,동탄 피부관리 더마라보떼,피부관리,북광장상가,자율상권구역,경기도,,,
3f15fbbd7466e7d4f299,full_annotation_v1,A,q_피부관리_01,피부관리,뷰티·미용 중 '피부관리'를 판매·제공하는 매장,test,피부관리,T1 정확표기,1fff1a97-19a3-4140-b0a1-443bbd619473,시월뷰티,피부관리,해남읍 원도심 상권활성화구역,상권활성화구역,전라남도,,,
0ad2247b599be40faf48,full_annotation_v1,A,q_피부관리_01,피부관리,뷰티·미용 중 '피부관리'를 판매·제공하는 매장,test,피부관리,T1 정확표기,0b94582b-4b8b-4e59-81b0-fd8cae52bab7,김서이피부연구소,피부관리,동해남부재래시장,전통시장,강원특별자치도,,,
972a4aafbeb2ee30c58b,full_annotation_v1,A,q_피부관리_01,피부관리,뷰티·미용 중 '피부관리'를 판매·제공하는 매장,test,피부관리,T1 정확표기,00265f28-b733-4489-86bc-b86339c2f6c0,이비속눈썹,속눈썹연장,추억담은광주역뒷길 골목형상점가,골목형상점가,광주광역시,,,
2d098f4e8b0055205f27,full_annotation_v1,A,q_피부관리_01,피부관리,뷰티·미용 중 '피부관리'를 판매·제공하는 매장,test,피부관리,T1 정확표기,18997afe-567b-4f26-82b4-afda1db27ffb,아름다운세상,피부관리,상무역4번출구상인회 골목형상점가,골목형상점가,광주광역시,,,
af5da58586034bbef13b,full_annotation_v1,A,q_피부관리_01,피부관리,뷰티·미용 중 '피부관리'를 판매·제공하는 매장,test,피부관리,T1 정확표기,d19a8385-3d8d-42fb-9e55-967e14eff620,비너스피부샵,피부관리,창원 성원3차종합상가,전통시장,경상남도,,,
d2803367796892298822,full_annotation_v1,A,q_피부관리_01,피부관리,뷰티·미용 중 '피부관리'를 판매·제공하는 매장,test,피부관리,T1 정확표기,01c0d290-258d-473d-b10e-ab313f96502b,연에스테틱,,유촌동상인회 골목형상점가,골목형상점가,광주광역시,,,
da333acf8ed13d55db51,full_annotation_v1,A,q_피부관리_01,피부관리,뷰티·미용 중 '피부관리'를 판매·제공하는 매장,test,피부관리,T1 정확표기,f6bdfc7c-65b6-4a36-9aba-b8b6a05db8f4,더향기,피부관리,과천중앙동상점가,자율상권구역,경기도,,,
699ed7e28c9f1678ba6d,full_annotation_v1,A,q_피부관리_01,피부관리,뷰티·미용 중 '피부관리'를 판매·제공하는 매장,test,피부관리,T1 정확표기,4715b54a-3475-4c0a-90b3-2f0f9023f1db,뾰샤시,피부관리,부평문화인의거리골목형상점가,골목형상점가,인천광역시,,,
2707bdf14240df6ddcfe,full_annotation_v1,A,q_피부관리_01,피부관리,뷰티·미용 중 '피부관리'를 판매·제공하는 매장,test,피부관리,T1 정확표기,4fbd47da-8063-499e-b295-2b60d49cc7ee,얼굴스케치,피부관리,삼익사거리 골목형상점가,골목형상점가,광주광역시,,,
b1a8fa9fa419e018e260,full_annotation_v1,A,q_피부관리_01,피부관리,뷰티·미용 중 '피부관리'를 판매·제공하는 매장,test,피부관리,T1 정확표기,0362c703-26db-4c2a-8fea-b78f4047331d,에스콰이아팩토리,제화,태전패션거리 골목형상점가,골목형상점가,대구광역시,,,
9f327ec4e50a38931192,full_annotation_v1,A,q_피부관리_01,피부관리,뷰티·미용 중 '피부관리'를 판매·제공하는 매장,test,피부관리,T1 정확표기,e5eabd81-2e89-43a7-8ad2-8be1fa6c8a05,더빛날,피부관리,양산동 행복 골목형상점가,골목형상점가,광주광역시,,,
dc1ff27c5b24509ca105,full_annotation_v1,A,q_피부관리_01,피부관리,뷰티·미용 중 '피부관리'를 판매·제공하는 매장,test,피부관리,T1 정확표기,0b781873-4848-440d-9845-519fe314cb94,비비한 뷰티&왁싱,피부왁싱,호남동불로동천변 골목형상점가,골목형상점가,광주광역시,,,
becc5580dfa25da41cc0,full_annotation_v1,A,q_피부관리_01,피부관리,뷰티·미용 중 '피부관리'를 판매·제공하는 매장,test,피부관리,T1 정확표기,ed40e867-d5f3-47ae-860d-0d50c17a1182,디에뜨샵,피부관리,목원대 골목형상점가,골목형상점가,대전광역시,,,
535fffc16fd817c794ea,full_annotation_v1,A,q_피부관리_01,피부관리,뷰티·미용 중 '피부관리'를 판매·제공하는 매장,test,피부관리,T1 정확표기,bfd410ab-f21e-4bf8-9523-9756fca23833,안리에스테틱,피부관리,남천동로108번길 골목형상점가,골목형상점가,부산광역시,,,
79ed955bdc6a60ef68b9,full_annotation_v1,A,q_피부관리_01,피부관리,뷰티·미용 중 '피부관리'를 판매·제공하는 매장,test,피부관리,T1 정확표기,1a681c06-0928-45ee-93e5-5e3402445f56,풀리네바디앤스킨,피부관리,산본로데오거리(구 산본중심상가),자율상권구역,경기도,,,
6ff81db5c9087b78bcc1,full_annotation_v1,A,q_피부관리_01,피부관리,뷰티·미용 중 '피부관리'를 판매·제공하는 매장,test,피부관리,T1 정확표기,c723bfc9-1a40-4c04-aa82-71b4b1d4b975,뉴헤어,헤어,두마면 대실골목형상점가,골목형상점가,충청남도,,,
d323f369de9b3f3f86a3,full_annotation_v1,A,q_피부관리_01,피부관리,뷰티·미용 중 '피부관리'를 판매·제공하는 매장,test,피부관리,T1 정확표기,269b24fb-d391-4a79-bf87-61c75389bfcc,리페어랩,악기수리업,중흥자재거리 골목형상점가,골목형상점가,광주광역시,,,
7a7fc95a1632738ca756,full_annotation_v1,A,q_피부관리_01,피부관리,뷰티·미용 중 '피부관리'를 판매·제공하는 매장,test,피부관리,T1 정확표기,9de4b13f-f088-40b5-b0f1-8f889aebc836,순,피부관리,남천바다내음 골목형상점가,골목형상점가,부산광역시,,,
e16b90556b5c14ca8a14,full_annotation_v1,A,q_피부관리_01,피부관리,뷰티·미용 중 '피부관리'를 판매·제공하는 매장,test,피부관리,T1 정확표기,046c8087-df4f-4578-bcf6-ddb6ac06bd93,아나토미 에스테틱 천안점,에스테틱,불당1번가골목형상점가,골목형상점가,충청남도,,,
50f94f5f52fa106efa02,full_annotation_v1,A,q_피부관리_01,피부관리,뷰티·미용 중 '피부관리'를 판매·제공하는 매장,test,피부관리,T1 정확표기,8ee98680-6fb0-4199-bb92-76b7531b78dd,힐링스킨케어,피부관리,학운 골목형상점가,골목형상점가,광주광역시,,,
ec751d5df3d4e452d46c,full_annotation_v1,A,q_피부관리_01,피부관리,뷰티·미용 중 '피부관리'를 판매·제공하는 매장,test,피부관리,T1 정확표기,02288afa-ef79-4f20-a297-bf30982d8a6b,제이지니테라피,피부관리. 윤곽. 비대칭관리,부천 옥길 골목형상점가,골목형상점가,경기도,,,
a29a10e1deaad75b1f7a,full_annotation_v1,A,q_피부관리_01,피부관리,뷰티·미용 중 '피부관리'를 판매·제공하는 매장,test,피부관리,T1 정확표기,031f5ecb-08f7-4c58-bf2e-694c3f2c2210,뷰티명가,피부관리,사리골상점가,자율상권구역,경기도,,,
7137f1dcd07d44cb39d4,full_annotation_v1,A,q_피부관리_01,피부관리,뷰티·미용 중 '피부관리'를 판매·제공하는 매장,test,피부관리,T1 정확표기,45ca7ab3-31ac-4c06-8286-3a019b090424,피부가꿈,피부관리,신안동서암대로 골목형상점가,골목형상점가,광주광역시,,,
bfde153500253de6eb3f,full_annotation_v1,A,q_피부관리_01,피부관리,뷰티·미용 중 '피부관리'를 판매·제공하는 매장,test,피부관리,T1 정확표기,4027331f-cc97-4fab-83e1-e494b22d77f0,에스,피부관리,남봉덕 골목형상점가,골목형상점가,대구광역시,,,
3d770c8a75a3e19ad36c,full_annotation_v1,A,q_피부관리_01,피부관리,뷰티·미용 중 '피부관리'를 판매·제공하는 매장,test,피부관리,T1 정확표기,bc75484f-389c-4f7b-ba5d-164ca56ac6df,피부힐링순,피부관리,세은 골목형상점가,골목형상점가,광주광역시,,,
3f065f42af4ac9369d7c,full_annotation_v1,A,q_피부관리_01,피부관리,뷰티·미용 중 '피부관리'를 판매·제공하는 매장,test,피부관리,T1 정확표기,739edd94-92f0-4eee-84ac-9b5c8da2322e,뉴시애틀,카페,용봉지구 골목형상점가,골목형상점가,광주광역시,,,
fcd612d976b274bdc05b,full_annotation_v1,A,q_피부관리_01,피부관리,뷰티·미용 중 '피부관리'를 판매·제공하는 매장,test,피부관리,T1 정확표기,008c73ed-3ece-452b-aa49-b96b73ff1ba1,온결 스킨앤바디,화장품,가재마을 골목형상점가,골목형상점가,세종특별자치시,,,
12b180a475ff0ea39179,full_annotation_v1,A,q_피부관리_01,피부관리,뷰티·미용 중 '피부관리'를 판매·제공하는 매장,test,피부관리,T1 정확표기,b4d2891d-3bc5-4eb0-b16b-40ec831a9162,두얼몸짱,피부관리,건국다복 골목형상점가,골목형상점가,광주광역시,,,
90723d1202eb0d3689a7,full_annotation_v1,A,q_피부관리_01,피부관리,뷰티·미용 중 '피부관리'를 판매·제공하는 매장,test,피부관리,T1 정확표기,003cdc8a-95fe-43ea-8350-f4c63913a6f8,정선화장품,화장품,오천시장,전통시장,경상북도,,,
71826402a84f5e8d38c9,full_annotation_v1,A,q_피부관리_01,피부관리,뷰티·미용 중 '피부관리'를 판매·제공하는 매장,test,피부관리,T1 정확표기,41634bff-1c2e-4bc2-b8a7-bbe6516d0863,민스킨앤바디,피부관리,리버파크 골목형상점가,골목형상점가,광주광역시,,,
c8963161c19ab9bd46a3,full_annotation_v1,A,q_피부관리_01,피부관리,뷰티·미용 중 '피부관리'를 판매·제공하는 매장,test,피부관리,T1 정확표기,00222f52-5d1f-4fb1-b0a6-7b4864ce177f,아리따움서대문연희점,화장품,연희사러가,전통시장,서울특별시,,,
cb70cb21de7ad02744e3,full_annotation_v1,A,q_피부관리_01,피부관리,뷰티·미용 중 '피부관리'를 판매·제공하는 매장,test,피부관리,T1 정확표기,2941cb5a-c87c-464b-9e96-e52a65291485,약손명가에스테틱,피부관리,유안 골목형상점가,골목형상점가,광주광역시,,,
c784266a0e448386d2e8,full_annotation_v1,A,q_피부관리_01,피부관리,뷰티·미용 중 '피부관리'를 판매·제공하는 매장,test,피부관리,T1 정확표기,8ef4c862-812b-4a81-87a4-dfadbf0360cf,라라뷰티,피부관리,양산 나래메트로시티 골목형상점가,골목형상점가,경상남도,,,
e839369f90dd02539f75,full_annotation_v1,A,q_피부관리_01,피부관리,뷰티·미용 중 '피부관리'를 판매·제공하는 매장,test,피부관리,T1 정확표기,006a03c8-0b03-4a37-bab3-4d9d608fbc7b,디바스킨 본점,피부관리,나주혁신도시 골목형상점가,골목형상점가,전라남도,,,
76286d601c0a82d39d01,full_annotation_v1,A,q_피부관리_01,피부관리,뷰티·미용 중 '피부관리'를 판매·제공하는 매장,test,피부관리,T1 정확표기,ff4e6f5e-fc14-4371-a58c-a1a98c2b6d14,블링뷰티,피부관리,광주송정역세권 상권활성화구역,상권활성화구역,광주광역시,,,
2550683766d2ab91fda7,full_annotation_v1,A,q_피부관리_01,피부관리,뷰티·미용 중 '피부관리'를 판매·제공하는 매장,test,피부관리,T1 정확표기,5e8047ea-4879-4f80-bd71-351dfa01f818,피부봐요,피부관리,문흥라인아파트 골목형상점가,골목형상점가,광주광역시,,,
0a398a0c04b7c9af85e6,full_annotation_v1,A,q_피부관리_01,피부관리,뷰티·미용 중 '피부관리'를 판매·제공하는 매장,test,피부관리,T1 정확표기,013c7cfa-cbf1-4606-bfd2-cae2985377c0,피크래쉬룸(PEAK LASH ROOM),"메이크업, 속눈썹",금암동 골목형상점가,골목형상점가,충청남도,,,
a57f597bb55d512b6daa,full_annotation_v1,A,q_피부관리_01,피부관리,뷰티·미용 중 '피부관리'를 판매·제공하는 매장,test,피부관리,T1 정확표기,b063f189-54b4-4f60-adbf-58b076d18b76,로즈관리샵,피부관리,마산 구암시장,전통시장,경상남도,,,
4ee0918b71ec751d6d3e,full_annotation_v1,A,q_피부관리_01,피부관리,뷰티·미용 중 '피부관리'를 판매·제공하는 매장,test,피부관리,T1 정확표기,7f6e0142-9365-4e36-b1f3-73593c87bff6,선피부앤바디,피부관리,첨단하나로,골목형상점가,광주광역시,,,
02ee46c7831a817fae66,full_annotation_v1,A,q_피부관리_01,피부관리,뷰티·미용 중 '피부관리'를 판매·제공하는 매장,test,피부관리,T1 정확표기,910eff81-e6cc-4bfa-80ef-998c616430e4,휴스킨,피부관리,한듬레포츠,골목형상점가,광주광역시,,,
85a7d474f22ca0ae73ce,full_annotation_v1,A,q_피부관리_01,피부관리,뷰티·미용 중 '피부관리'를 판매·제공하는 매장,test,피부관리,T1 정확표기,36550d25-2c6c-4354-9a60-db04bfeaa620,노은동최승희피부관리,피부관리,노은역 골목형상점가,골목형상점가,대전광역시,,,
32d45a5387617d64eef5,full_annotation_v1,A,q_피부관리_01,피부관리,뷰티·미용 중 '피부관리'를 판매·제공하는 매장,test,피부관리,T1 정확표기,fd02d346-4472-493a-be0a-f1e9cf21e147,란뷰티샵,피부관리,보라매다올길골목형상점가,골목형상점가,서울특별시,,,
7fc00ea54cb4ab3e441d,full_annotation_v1,A,q_피부관리_01,피부관리,뷰티·미용 중 '피부관리'를 판매·제공하는 매장,test,피부관리,T1 정확표기,c56789b1-3c1f-49b0-85ec-3508df2123a9,부곡정,백숙 및 찌개류,무등산상가거리상점가,자율상권구역,광주광역시,,,
e07b20eb869ba90d2456,full_annotation_v1,A,q_피부관리_01,피부관리,뷰티·미용 중 '피부관리'를 판매·제공하는 매장,test,피부관리,T1 정확표기,fd5504b4-1c87-4515-8211-06fd9d6576eb,오마이래쉬,피부관리,호매실역중심상가 골목형상점가,골목형상점가,경기도,,,
72a5b0f89ec6c2889adc,full_annotation_v1,A,q_피부관리_01,피부관리,뷰티·미용 중 '피부관리'를 판매·제공하는 매장,test,피부관리,T1 정확표기,88e4d435-f332-46ec-8045-5b471b89d06c,뷰티더피오르다,피부관리,하남3지구 골목형상점가,골목형상점가,광주광역시,,,
9fff67846b9d56b0047a,full_annotation_v1,A,q_피부관리_01,피부관리,뷰티·미용 중 '피부관리'를 판매·제공하는 매장,test,피부관리,T1 정확표기,f76afa0e-705c-43f8-adbf-6a7bee257190,피부The빛나,피부관리,노블레스 골목형상점가,골목형상점가,경기도,,,
8b322abb1b2a512a3185,full_annotation_v1,A,q_피부관리_01,피부관리,뷰티·미용 중 '피부관리'를 판매·제공하는 매장,test,피부관리,T1 정확표기,ccd3c493-e386-4a56-90d2-a63ea7d38739,미플러스,피부관리,은구비서로사회적협동조합 골목형상점가,골목형상점가,대전광역시,,,
1ab0f48d14aafd01b8af,full_annotation_v1,A,q_피부관리_01,피부관리,뷰티·미용 중 '피부관리'를 판매·제공하는 매장,test,피부관리,T1 정확표기,022f921a-9545-4be5-a4ce-d628a782c282,마이뷰티,피부관리 왁싱 속눈썹,마산 오동동 창동 어시장 상권활성화구역,상권활성화구역,경상남도,,,
10a229b743b7b50537c6,full_annotation_v1,A,q_피부관리_01,피부관리,뷰티·미용 중 '피부관리'를 판매·제공하는 매장,test,피부관리,T1 정확표기,368fd864-69b1-4340-a16d-ca56bf7d16f9,엠엘비질곡,스포츠의류및용품,태전패션거리 골목형상점가,골목형상점가,대구광역시,,,
82b956fa3a1e0975b67e,full_annotation_v1,A,q_피부관리_01,피부관리,뷰티·미용 중 '피부관리'를 판매·제공하는 매장,test,피부관리,T1 정확표기,eb802516-84bf-46b3-8363-8d1b22ce2f72,바림,피부관리,우산중흥에쓰클래스 골목형상점가,골목형상점가,광주광역시,,,
252fd4f128b161eec7ac,full_annotation_v1,A,q_피부관리_01,피부관리,뷰티·미용 중 '피부관리'를 판매·제공하는 매장,test,피부관리,T1 정확표기,09e962f0-1376-4347-b30e-60edd1ef994c,미소뷰티,피부관리,정 있는 서암대로 골목형상점가,골목형상점가,광주광역시,,,
953927e64afb6edd4772,full_annotation_v1,A,q_피부관리_01,피부관리,뷰티·미용 중 '피부관리'를 판매·제공하는 매장,test,피부관리,T1 정확표기,3fa4f182-a366-486a-b16d-bd753e333230,피부미인,피부관리,문흥동 골목형상점가,골목형상점가,광주광역시,,,
b3bc55eea7c9cd3475f2,full_annotation_v1,A,q_피부관리_01,피부관리,뷰티·미용 중 '피부관리'를 판매·제공하는 매장,test,피부관리,T1 정확표기,0133de50-f3d8-44d7-99fb-0a05f3b2b13e,졔졔살롱,속눈썹미용,운암이 골목형상점가,골목형상점가,광주광역시,,,
a582b54904a7c42b48d0,full_annotation_v1,A,q_피부관리_01,피부관리,뷰티·미용 중 '피부관리'를 판매·제공하는 매장,test,피부관리,T1 정확표기,183723cf-0dca-4954-bd5c-21915fc6eda7,허브피부관리,피부관리,남성역먹거리골목형상점가,골목형상점가,서울특별시,,,
01c69527b302486671a4,full_annotation_v1,A,q_피부관리_01,피부관리,뷰티·미용 중 '피부관리'를 판매·제공하는 매장,test,피부관리,T1 정확표기,b8594c02-55cb-40fe-aa98-34dfd4fc19be,나보네에스테틱,피부관리,평촌역 상점가,자율상권구역,경기도,,,
69fafa1cc6468296ede1,full_annotation_v1,A,q_피부관리_01,피부관리,뷰티·미용 중 '피부관리'를 판매·제공하는 매장,test,피부관리,T1 정확표기,27c23402-9b12-495b-8c4e-ce1b71ce39dc,스킨스케치,피부관리,서초쇼핑골목형상점가,골목형상점가,서울특별시,,,
b1da80d0431aee04f37f,full_annotation_v1,A,q_피부관리_01,피부관리,뷰티·미용 중 '피부관리'를 판매·제공하는 매장,test,피부관리,T1 정확표기,1bed0a4f-6ce9-4f46-a9f3-dfe7ccd9272a,은피부관리,피부관리,까치산시장,전통시장,서울특별시,,,
0951bb65c9e8ac8b3d08,full_annotation_v1,A,q_피부관리_01,피부관리,뷰티·미용 중 '피부관리'를 판매·제공하는 매장,test,피부관리,T1 정확표기,8bd54dbe-3270-4c41-a54c-2303470d6eb6,약손테라피,피부관리,민락2지구골목형상점가,골목형상점가,경기도,,,
b53d9b6db8137e9fab30,full_annotation_v1,A,q_피부관리_01,피부관리,뷰티·미용 중 '피부관리'를 판매·제공하는 매장,test,피부관리,T1 정확표기,1d39494e-cc63-4ac2-af0f-0f349de60e56,르주비아 에스테틱,,포항중앙상가,전통시장,경상북도,,,
b41bf1d75d61cf72c61f,full_annotation_v1,A,q_피부관리_01,피부관리,뷰티·미용 중 '피부관리'를 판매·제공하는 매장,test,피부관리,T1 정확표기,b3011071-d6ab-453d-9973-375e91ef10e8,순수정원에스테틱,피부관리,창원 토월복합상가시장,전통시장,경상남도,,,
ae1aea4432af66fdf5b1,full_annotation_v1,A,q_피부관리_01,피부관리,뷰티·미용 중 '피부관리'를 판매·제공하는 매장,test,피부관리,T1 정확표기,b399d6c9-0372-45d6-ac0e-1626b7693823,중앙뷰티,피부관리,장미제일시장,전통시장,서울특별시,,,
c18b84ef9e0e01d74eb3,full_annotation_v1,A,q_피부관리_01,피부관리,뷰티·미용 중 '피부관리'를 판매·제공하는 매장,test,피부관리,T1 정확표기,670e7311-d73b-4c4f-8c97-a306b4a212e1,김은영피부관리,피부관리,치평상무역상인회 골목형상점가,골목형상점가,광주광역시,,,
bf4761b6d6768c71c7c0,full_annotation_v1,A,q_피부관리_01,피부관리,뷰티·미용 중 '피부관리'를 판매·제공하는 매장,test,피부관리,T1 정확표기,d262d958-329b-4f47-98ec-88185cad54b4,글래드아이 안경원,,라베니체 골목형상점가,골목형상점가,경기도,,,
49afa0bbc7a2e5525133,full_annotation_v1,A,q_피부관리_01,피부관리,뷰티·미용 중 '피부관리'를 판매·제공하는 매장,test,피부관리,T1 정확표기,58fe0dbf-35cf-4fb6-94d5-f53c69aa86a9,영생당건재,한약방,각화주공사거리 골목형상점가,골목형상점가,광주광역시,,,
9ce3196d16d16b9de16f,full_annotation_v1,A,q_피부관리_01,피부관리,뷰티·미용 중 '피부관리'를 판매·제공하는 매장,test,피부관리,T1 정확표기,969a437d-d982-4fd8-825a-e9995aeefb86,뉴더운스킨케어,피부관리,동해남부재래시장,전통시장,강원특별자치도,,,
e5a76906228191de7b66,full_annotation_v1,A,q_피부관리_01,피부관리,뷰티·미용 중 '피부관리'를 판매·제공하는 매장,test,피부관리,T1 정확표기,2256f2b2-62e3-4b64-b370-3342f9b0cdfa,선피부관리,피부관리 화장품,문흥1동 골목형상점가,골목형상점가,광주광역시,,,
8c987786241d2ef77f1f,full_annotation_v1,A,q_피부관리_01,피부관리,뷰티·미용 중 '피부관리'를 판매·제공하는 매장,test,피부관리,T1 정확표기,40716905-17e7-49c0-b1a6-355f09c102ba,시너지플레이스 쌍촌점,카페,화정로상가상인회 골목형상점가,골목형상점가,광주광역시,,,
caed1660f19e7074ddda,full_annotation_v1,A,q_피부관리_01,피부관리,뷰티·미용 중 '피부관리'를 판매·제공하는 매장,test,피부관리,T1 정확표기,4a57a9fa-cdd9-4981-84b2-4deba0d69ba4,피부튼튼e,피부관리,오목교역8번출구골목형상점가,골목형상점가,서울특별시,,,
439db3f43cd581a2bc69,full_annotation_v1,A,q_피부관리_01,피부관리,뷰티·미용 중 '피부관리'를 판매·제공하는 매장,test,피부관리,T1 정확표기,9585e3ae-1180-436e-b1c7-614be585c054,장현미뷰티샵,피부관리,홍성명동상가,자율상권구역,충청남도,,,
b88502399835b6216b84,full_annotation_v1,A,q_피부관리_01,피부관리,뷰티·미용 중 '피부관리'를 판매·제공하는 매장,test,피부관리,T1 정확표기,004a8de5-69c1-4c55-a507-54e016703431,마중물뷰티동,소매(화장품),은마종합상점가,자율상권구역,서울특별시,,,
2ed984c5f8c21e5adc33,full_annotation_v1,A,q_피부관리_01,피부관리,뷰티·미용 중 '피부관리'를 판매·제공하는 매장,test,피부관리,T1 정확표기,8cce8d91-4e09-4abc-80b6-10e5d81c15f7,모앤시에스테틱,피부관리,이도패션거리 골목형상점가,골목형상점가,제주특별자치도,,,
13c31a179e05b761dda2,full_annotation_v1,A,q_피부관리_01,피부관리,뷰티·미용 중 '피부관리'를 판매·제공하는 매장,test,피부관리,T1 정확표기,bec407e0-5b79-4f50-ad6d-8f78de1ed681,나나살롱,피부관리,석계음식문화거리골목형상점가,골목형상점가,서울특별시,,,
4c0bee325a4e78bb28a2,full_annotation_v1,A,q_피부관리_01,피부관리,뷰티·미용 중 '피부관리'를 판매·제공하는 매장,test,피부관리,T1 정확표기,006a3db3-f148-48fb-a3ac-1a758ffae755,제이솜에스테틱,피부관리,효행구봉담상점가,골목형상점가,경기도,,,
95c4bc47b9e866a5096e,full_annotation_v1,A,q_피부관리_02,속눈썹,뷰티·미용 중 '피부관리'를 판매·제공하는 매장,test,피부관리,T2 동의어,5e0c3ceb-c480-4a40-801b-d0f5d3d07efb,두포옥,순두부,두류젊코상권,상권활성화구역,대구광역시,,,
edb444f916c582ece9ca,full_annotation_v1,A,q_피부관리_02,속눈썹,뷰티·미용 중 '피부관리'를 판매·제공하는 매장,test,피부관리,T2 동의어,003cdc8a-95fe-43ea-8350-f4c63913a6f8,정선화장품,화장품,오천시장,전통시장,경상북도,,,
5f5d4b83b7322478d6e9,full_annotation_v1,A,q_피부관리_02,속눈썹,뷰티·미용 중 '피부관리'를 판매·제공하는 매장,test,피부관리,T2 동의어,34452c9a-739f-49d8-9944-a087b544e818,까망뷰티,속눈썹,화성향남2지구상점가,자율상권구역,경기도,,,
15f6c6f2ed98bc7b6f79,full_annotation_v1,A,q_피부관리_02,속눈썹,뷰티·미용 중 '피부관리'를 판매·제공하는 매장,test,피부관리,T2 동의어,008c73ed-3ece-452b-aa49-b96b73ff1ba1,온결 스킨앤바디,화장품,가재마을 골목형상점가,골목형상점가,세종특별자치시,,,
e21445a8553cd10b5e2d,full_annotation_v1,A,q_피부관리_02,속눈썹,뷰티·미용 중 '피부관리'를 판매·제공하는 매장,test,피부관리,T2 동의어,0ed827bf-beec-4e81-b4c8-9520b217bc47,더재인,미용 속눈썹,산본로데오거리(구 산본중심상가),자율상권구역,경기도,,,
9cfe165edc46f960b81a,full_annotation_v1,A,q_피부관리_02,속눈썹,뷰티·미용 중 '피부관리'를 판매·제공하는 매장,test,피부관리,T2 동의어,bfb5910c-9bf5-4ff4-9867-6e27ac750c88,퓨어미,속눈썹,월곡달빛오거리골목형상점가,골목형상점가,서울특별시,,,
45d842f79c67e4c54e7b,full_annotation_v1,A,q_피부관리_02,속눈썹,뷰티·미용 중 '피부관리'를 판매·제공하는 매장,test,피부관리,T2 동의어,01c0d290-258d-473d-b10e-ab313f96502b,연에스테틱,,유촌동상인회 골목형상점가,골목형상점가,광주광역시,,,
ca5d759b6b327a623586,full_annotation_v1,A,q_피부관리_02,속눈썹,뷰티·미용 중 '피부관리'를 판매·제공하는 매장,test,피부관리,T2 동의어,5acc7359-7911-41b1-875a-82af4bcf3273,아임래쉬,속눈썹,목대온기 골목형상점가,골목형상점가,대전광역시,,,
21389a71610dfd45338a,full_annotation_v1,A,q_피부관리_02,속눈썹,뷰티·미용 중 '피부관리'를 판매·제공하는 매장,test,피부관리,T2 동의어,30271eca-614e-4bb6-bd06-20d0b13608f5,벨린뷰티,속눈썹 펌,하당꽃길1가 골목형상점가,골목형상점가,전라남도,,,
0b97df9b17770d70e822,full_annotation_v1,A,q_피부관리_02,속눈썹,뷰티·미용 중 '피부관리'를 판매·제공하는 매장,test,피부관리,T2 동의어,bb777c49-f9b5-41ed-bdec-7ed435545f07,여기래쉬,속눈썹,선운별 골목형상점가,골목형상점가,광주광역시,,,
afb266e34ff18640aa40,full_annotation_v1,A,q_피부관리_02,속눈썹,뷰티·미용 중 '피부관리'를 판매·제공하는 매장,test,피부관리,T2 동의어,33a3f7f0-a5ad-4f75-921f-49e851d82fae,트웬티뷰티,속눈썹,하남3지구 골목형상점가,골목형상점가,광주광역시,,,
a58586b731a7997319ac,full_annotation_v1,A,q_피부관리_02,속눈썹,뷰티·미용 중 '피부관리'를 판매·제공하는 매장,test,피부관리,T2 동의어,0c3f6ae1-9bec-46f1-a43a-b61009758761,세종왁싱 보람뷰티,왁싱 속눈썹펌,보람동 골목형상점가,골목형상점가,세종특별자치시,,,
b0f6111de6e6ffc5bb70,full_annotation_v1,A,q_피부관리_02,속눈썹,뷰티·미용 중 '피부관리'를 판매·제공하는 매장,test,피부관리,T2 동의어,bc03a335-853d-43eb-9b77-eb5027b1c6da,유어데이,속눈썹,원,골목형상점가,광주광역시,,,
a51714f10bea04f6de60,full_annotation_v1,A,q_피부관리_02,속눈썹,뷰티·미용 중 '피부관리'를 판매·제공하는 매장,test,피부관리,T2 동의어,9fbf80e2-95e3-4eff-940c-61a0c0afa0bb,한가네 숯불 닭갈비,한식,초지항아리 골목형상점가,골목형상점가,경기도,,,
f0ef1087609360c1bb1d,full_annotation_v1,A,q_피부관리_02,속눈썹,뷰티·미용 중 '피부관리'를 판매·제공하는 매장,test,피부관리,T2 동의어,022f921a-9545-4be5-a4ce-d628a782c282,마이뷰티,피부관리 왁싱 속눈썹,마산 오동동 창동 어시장 상권활성화구역,상권활성화구역,경상남도,,,
e36ef8a288a78fcb2e95,full_annotation_v1,A,q_피부관리_02,속눈썹,뷰티·미용 중 '피부관리'를 판매·제공하는 매장,test,피부관리,T2 동의어,9a59666b-28f6-41a1-8c0d-1ff47312c3ab,본죽&비빔밥 광주 봉선점,즉비빔밥,봉선로1 골목형상점가,골목형상점가,광주광역시,,,
99fe445c93d5a19473d5,full_annotation_v1,A,q_피부관리_02,속눈썹,뷰티·미용 중 '피부관리'를 판매·제공하는 매장,test,피부관리,T2 동의어,fa081d92-8633-4b9f-b3b5-9498a6c14ef8,래쉬무아르,속눈썹,야탑 골목형상점가,골목형상점가,경기도,,,
ece6745eec74f2e2ac79,full_annotation_v1,A,q_피부관리_02,속눈썹,뷰티·미용 중 '피부관리'를 판매·제공하는 매장,test,피부관리,T2 동의어,2a0026d0-ce28-4b1a-b574-cec645ea0a40,퀸뷰티샵,속눈썹,성남중앙지하시장,일반지하상점가,경기도,,,
7e1180678f318f67de44,full_annotation_v1,A,q_피부관리_02,속눈썹,뷰티·미용 중 '피부관리'를 판매·제공하는 매장,test,피부관리,T2 동의어,7e65ac17-c67c-43d2-a5ed-e11400427b93,로즈드엘,속눈썹,온새미로상인회 골목형상점가,골목형상점가,광주광역시,,,
de643550ae41f9c90950,full_annotation_v1,A,q_피부관리_02,속눈썹,뷰티·미용 중 '피부관리'를 판매·제공하는 매장,test,피부관리,T2 동의어,cfbfa154-4e68-46f6-9f8f-6934e4bac398,라라뷰티,속눈썹,창원 성원그랜드쇼핑상가,전통시장,경상남도,,,
9bc3fd2cc911e80a1b8c,full_annotation_v1,A,q_피부관리_02,속눈썹,뷰티·미용 중 '피부관리'를 판매·제공하는 매장,test,피부관리,T2 동의어,ae8f0b6b-7de2-471a-b25e-333aa6e25afd,이끌레르,속눈썹,풍암호수앞상인회 골목형상점가,골목형상점가,광주광역시,,,
f74bd731ffc7b11aa80a,full_annotation_v1,A,q_피부관리_02,속눈썹,뷰티·미용 중 '피부관리'를 판매·제공하는 매장,test,피부관리,T2 동의어,43c0695e-ce0d-4362-8a55-25432982e52e,삼삼슈퍼,기타음식료품및일용잡화,서부시장(서부재래시장),전통시장,충청남도,,,
c6fd0956886af1edf7e8,full_annotation_v1,A,q_피부관리_02,속눈썹,뷰티·미용 중 '피부관리'를 판매·제공하는 매장,test,피부관리,T2 동의어,925802dd-9547-4929-ac67-788503463cb9,한올hanol,속눈썹,연제주공 골목형상점가,골목형상점가,광주광역시,,,
0f45b3983ab6aa749dfa,full_annotation_v1,A,q_피부관리_02,속눈썹,뷰티·미용 중 '피부관리'를 판매·제공하는 매장,test,피부관리,T2 동의어,dd612da9-f87c-431c-b9c1-f83e7074005f,송아이래쉬,속눈썹,엄사 골목형상점가,골목형상점가,충청남도,,,
c38bbe9798fd2d54a168,full_annotation_v1,A,q_피부관리_02,속눈썹,뷰티·미용 중 '피부관리'를 판매·제공하는 매장,test,피부관리,T2 동의어,56856f3c-ae37-4b21-b0f8-c76e8668cff4,젤리브로우,속눈썹,만년동 골목형상점가,골목형상점가,대전광역시,,,
de0d29a242348eca0371,full_annotation_v1,A,q_피부관리_02,속눈썹,뷰티·미용 중 '피부관리'를 판매·제공하는 매장,test,피부관리,T2 동의어,95c04d45-f80d-4cea-9030-672405d4fa86,윤이크,속눈썹,첨단이웃사랑 골목형상점가,골목형상점가,광주광역시,,,
d3587a2d4d75eee8f92f,full_annotation_v1,A,q_피부관리_02,속눈썹,뷰티·미용 중 '피부관리'를 판매·제공하는 매장,test,피부관리,T2 동의어,00998e68-6f7e-4b3f-9476-72ba1ac3466e,라테라스 테라피,피부관리,치평1230상인회 골목형상점가,골목형상점가,광주광역시,,,
3da10ac0d80ee282c210,full_annotation_v1,A,q_피부관리_02,속눈썹,뷰티·미용 중 '피부관리'를 판매·제공하는 매장,test,피부관리,T2 동의어,004a8de5-69c1-4c55-a507-54e016703431,마중물뷰티동,소매(화장품),은마종합상점가,자율상권구역,서울특별시,,,
9d212db2218882ddd09b,full_annotation_v1,A,q_피부관리_02,속눈썹,뷰티·미용 중 '피부관리'를 판매·제공하는 매장,test,피부관리,T2 동의어,bce5cf67-6304-400c-a580-7e3028052a37,유위드,속눈썹,중외공원길 골목형상점가,골목형상점가,광주광역시,,,
dcc237ca0a6aa3b947ef,full_annotation_v1,A,q_피부관리_02,속눈썹,뷰티·미용 중 '피부관리'를 판매·제공하는 매장,test,피부관리,T2 동의어,f89160cf-0788-440d-a56c-648d13736392,설라인,속눈썹,첨단청사초롱길 골목형상점가,골목형상점가,광주광역시,,,
a9d0544f840b69703bba,full_annotation_v1,A,q_피부관리_02,속눈썹,뷰티·미용 중 '피부관리'를 판매·제공하는 매장,test,피부관리,T2 동의어,7a4d5783-53ec-4dc8-9a3d-2aacf7ce16fc,디어써니,속눈썹,월곡달빛오거리골목형상점가,골목형상점가,서울특별시,,,
76f7096e7e7bf8cf4bdb,full_annotation_v1,A,q_피부관리_02,속눈썹,뷰티·미용 중 '피부관리'를 판매·제공하는 매장,test,피부관리,T2 동의어,2f00ece4-9af9-47f6-9c92-632c753d9f5a,비바인터넷노래연습장 동천점,노래연습장,동천동먹자골목1번가상인회 골목형상점가,골목형상점가,광주광역시,,,
1b1eff74dd4d20b2b460,full_annotation_v1,A,q_피부관리_02,속눈썹,뷰티·미용 중 '피부관리'를 판매·제공하는 매장,test,피부관리,T2 동의어,a820828c-4342-42f4-8e13-5044156cee6e,파머스 마켓,마트,용봉지구 골목형상점가,골목형상점가,광주광역시,,,
c7eeb65201f7975908f7,full_annotation_v1,A,q_피부관리_02,속눈썹,뷰티·미용 중 '피부관리'를 판매·제공하는 매장,test,피부관리,T2 동의어,96e1ac48-8c39-43c1-a6f5-7bcc7d02df1d,비니속눈썹,속눈썹,웰컴시티,전통시장,울산광역시,,,
92943a279c0b22dac4c2,full_annotation_v1,A,q_피부관리_02,속눈썹,뷰티·미용 중 '피부관리'를 판매·제공하는 매장,test,피부관리,T2 동의어,8c356246-8217-4be0-ac0f-28918d1fcabc,첫눈애 속눈썹,속눈썹,현대센트럴스퀘어,골목형상점가,경기도,,,
6d7da5559344598268f2,full_annotation_v1,A,q_피부관리_02,속눈썹,뷰티·미용 중 '피부관리'를 판매·제공하는 매장,test,피부관리,T2 동의어,ed40d36d-4571-4fdb-b216-a7cbb6037dd8,포유뷰티크,속눈썹,봉선1로 골목형상점가,골목형상점가,광주광역시,,,
0c6fa3a63832ffdc7ec8,full_annotation_v1,A,q_피부관리_02,속눈썹,뷰티·미용 중 '피부관리'를 판매·제공하는 매장,test,피부관리,T2 동의어,9e129584-e199-413a-872e-367b458fe514,자연스런눈썹,속눈썹,마륵동상인회 골목형상점가,골목형상점가,광주광역시,,,
0793babfd62943f84500,full_annotation_v1,A,q_피부관리_02,속눈썹,뷰티·미용 중 '피부관리'를 판매·제공하는 매장,test,피부관리,T2 동의어,70d8d6c9-b9e0-47bd-946a-e35eced03dd4,래쉬래빗,속눈썹,성남중앙지하시장,일반지하상점가,경기도,,,
c31d69cd31ba73b3bc99,full_annotation_v1,A,q_피부관리_02,속눈썹,뷰티·미용 중 '피부관리'를 판매·제공하는 매장,test,피부관리,T2 동의어,f9994d42-529d-40bf-9fdf-3242a4ac854c,유앤미뷰티,속눈썹,신세계앞상인회 골목형상점가,골목형상점가,광주광역시,,,
2f7d564e72215f2b6234,full_annotation_v1,A,q_피부관리_02,속눈썹,뷰티·미용 중 '피부관리'를 판매·제공하는 매장,test,피부관리,T2 동의어,1ff24046-8f14-497d-b46a-33df195c7d1a,톡톡뷰티센터,속눈썹,무진중오거리 골목형상점가,골목형상점가,광주광역시,,,
6b6626a4283daa89743f,full_annotation_v1,A,q_피부관리_02,속눈썹,뷰티·미용 중 '피부관리'를 판매·제공하는 매장,test,피부관리,T2 동의어,79e37c2d-6053-45c7-aa67-baf0eef7591f,오베아(OBEA),"속눈썹 연장, 속눈썹 펌",북구빛나는 골목형상점가,골목형상점가,광주광역시,,,
e11074b2099d36157687,full_annotation_v1,A,q_피부관리_02,속눈썹,뷰티·미용 중 '피부관리'를 판매·제공하는 매장,test,피부관리,T2 동의어,1605747c-d46b-4f80-8777-1308d3ff625e,아이레이디,속눈썹,신용동 골목형상점가,골목형상점가,광주광역시,,,
f6dfd67360401b7f55ef,full_annotation_v1,A,q_피부관리_02,속눈썹,뷰티·미용 중 '피부관리'를 판매·제공하는 매장,test,피부관리,T2 동의어,006a03c8-0b03-4a37-bab3-4d9d608fbc7b,디바스킨 본점,피부관리,나주혁신도시 골목형상점가,골목형상점가,전라남도,,,
04b7ff55d2151cbaeb4c,full_annotation_v1,A,q_피부관리_02,속눈썹,뷰티·미용 중 '피부관리'를 판매·제공하는 매장,test,피부관리,T2 동의어,00222f52-5d1f-4fb1-b0a6-7b4864ce177f,아리따움서대문연희점,화장품,연희사러가,전통시장,서울특별시,,,
f28f92f09e4c6fdcc273,full_annotation_v1,A,q_피부관리_02,속눈썹,뷰티·미용 중 '피부관리'를 판매·제공하는 매장,test,피부관리,T2 동의어,f78b58d4-5939-40ec-9683-2b415c5ec0f8,뷰티더비,속눈썹,광복마을길 골목형상점가,골목형상점가,광주광역시,,,
db221313c82c0d3b5926,full_annotation_v1,A,q_피부관리_02,속눈썹,뷰티·미용 중 '피부관리'를 판매·제공하는 매장,test,피부관리,T2 동의어,ec3bbd0c-0803-4d1d-b194-c19030ba4cf1,글라스온안경,안경,동천동먹자골목1번가상인회 골목형상점가,골목형상점가,광주광역시,,,
96a3ed6f87c8a29e35c3,full_annotation_v1,A,q_피부관리_02,속눈썹,뷰티·미용 중 '피부관리'를 판매·제공하는 매장,test,피부관리,T2 동의어,157375fb-7371-4b53-a24d-aeba12ab031b,삼성 식당,한식,주문진종합시장,전통시장,강원특별자치도,,,
536696929532ddec7967,full_annotation_v1,A,q_피부관리_02,속눈썹,뷰티·미용 중 '피부관리'를 판매·제공하는 매장,test,피부관리,T2 동의어,de2a8ffd-dcd1-46ae-a0de-4b24cbaaafd1,또오다래쉬,속눈썹,정선사북시장,전통시장,강원특별자치도,,,
cd20dcaee65fd7b377b0,full_annotation_v1,A,q_피부관리_02,속눈썹,뷰티·미용 중 '피부관리'를 판매·제공하는 매장,test,피부관리,T2 동의어,35668b78-ca75-4f2e-9058-3802658afcd9,카페 동구,커피숍,예술의거리 골목형상점가,골목형상점가,광주광역시,,,
6477f5e8bec394e65df9,full_annotation_v1,A,q_피부관리_02,속눈썹,뷰티·미용 중 '피부관리'를 판매·제공하는 매장,test,피부관리,T2 동의어,e84b16f9-d996-45e6-8b9c-64729925a62a,퀸비속눈썹,속눈썹,금산프라자 골목형상점가,골목형상점가,경기도,,,
d20469cb192f652ea33d,full_annotation_v1,A,q_피부관리_02,속눈썹,뷰티·미용 중 '피부관리'를 판매·제공하는 매장,test,피부관리,T2 동의어,4400fabe-152a-41d2-bca0-85027c09fb15,이담뷰티,속눈썹,제니스 골목형상점가,골목형상점가,광주광역시,,,
06d1101c1697cf9ef2e6,full_annotation_v1,A,q_피부관리_02,속눈썹,뷰티·미용 중 '피부관리'를 판매·제공하는 매장,test,피부관리,T2 동의어,0017ec9c-4997-4ef5-a552-7fffc7dd149c,아리따움 진주서부점,화장품,진주 새서부시장,전통시장,경상남도,,,
555f2d1c8b232017eb81,full_annotation_v1,A,q_피부관리_02,속눈썹,뷰티·미용 중 '피부관리'를 판매·제공하는 매장,test,피부관리,T2 동의어,00286d17-4dd8-4803-9e0d-4ce25169c0f7,에이치컬링,눈썹,약수초등길 중산 골목형상점가,골목형상점가,울산광역시,,,
d3f1fcbe790bf1435df0,full_annotation_v1,A,q_피부관리_02,속눈썹,뷰티·미용 중 '피부관리'를 판매·제공하는 매장,test,피부관리,T2 동의어,7aa59cee-5e9d-4e7b-b415-05e1f2d271bf,오늘the예쁜눈썹,속눈썹,서방골 골목형상점가,골목형상점가,광주광역시,,,
e347f915a8217159ee83,full_annotation_v1,A,q_피부관리_02,속눈썹,뷰티·미용 중 '피부관리'를 판매·제공하는 매장,test,피부관리,T2 동의어,16159cfe-55e0-46d6-8fb7-83578471099d,주주브로우,속눈썹,해오름 골목형상점가,골목형상점가,경기도,,,
8bbb17ac7934ab8da2c4,full_annotation_v1,A,q_피부관리_02,속눈썹,뷰티·미용 중 '피부관리'를 판매·제공하는 매장,test,피부관리,T2 동의어,0133de50-f3d8-44d7-99fb-0a05f3b2b13e,졔졔살롱,속눈썹미용,운암이 골목형상점가,골목형상점가,광주광역시,,,
0f61ae237f034c1de0ee,full_annotation_v1,A,q_피부관리_02,속눈썹,뷰티·미용 중 '피부관리'를 판매·제공하는 매장,test,피부관리,T2 동의어,fa2edafb-65de-4168-8473-1efe2f062f41,바이준래쉬,속눈썹,하남 골목형상점가,골목형상점가,광주광역시,,,
323283967de5760a3c29,full_annotation_v1,A,q_피부관리_02,속눈썹,뷰티·미용 중 '피부관리'를 판매·제공하는 매장,test,피부관리,T2 동의어,006a3db3-f148-48fb-a3ac-1a758ffae755,제이솜에스테틱,피부관리,효행구봉담상점가,골목형상점가,경기도,,,
3aaa32da1bdec9f7a2bd,full_annotation_v1,A,q_피부관리_02,속눈썹,뷰티·미용 중 '피부관리'를 판매·제공하는 매장,test,피부관리,T2 동의어,5af2c705-04bc-45a4-bc3c-e8db03ecb96d,이엘래쉬,속눈썹,신림별빛거리골목형상점가,골목형상점가,서울특별시,,,
9fb6c3387f7a59cf00d4,full_annotation_v1,A,q_피부관리_02,속눈썹,뷰티·미용 중 '피부관리'를 판매·제공하는 매장,test,피부관리,T2 동의어,e1cdbf9f-4048-4c51-9e69-fe2aa3f66d3e,도네누,한식,성동용답상가시장,전통시장,서울특별시,,,
9e53acafc2967c17dcce,full_annotation_v1,A,q_피부관리_02,속눈썹,뷰티·미용 중 '피부관리'를 판매·제공하는 매장,test,피부관리,T2 동의어,013c7cfa-cbf1-4606-bfd2-cae2985377c0,피크래쉬룸(PEAK LASH ROOM),"메이크업, 속눈썹",금암동 골목형상점가,골목형상점가,충청남도,,,
e067d9cd9b6f298ad89a,full_annotation_v1,A,q_피부관리_02,속눈썹,뷰티·미용 중 '피부관리'를 판매·제공하는 매장,test,피부관리,T2 동의어,3a73a207-a135-4e50-9df9-58bd8ea30785,제이유래쉬,속눈썹,호매실역중심상가 골목형상점가,골목형상점가,경기도,,,
4b7265a0bd18a02c0d8a,full_annotation_v1,A,q_피부관리_02,속눈썹,뷰티·미용 중 '피부관리'를 판매·제공하는 매장,test,피부관리,T2 동의어,14f45676-ca6f-4fcb-aea7-c6b95ac1a077,루아 휴 헤드스파&에스테틱,,퍼스트원 골목형상점가,골목형상점가,세종특별자치시,,,
cf5b1a171a9dc83e96ce,full_annotation_v1,A,q_피부관리_02,속눈썹,뷰티·미용 중 '피부관리'를 판매·제공하는 매장,test,피부관리,T2 동의어,3ca53069-4538-4364-8c8f-16aec5a2da17,이루다해장국,한식,평택국제중앙시장,전통시장,경기도,,,
b9702286ac74150b3b4c,full_annotation_v1,A,q_피부관리_02,속눈썹,뷰티·미용 중 '피부관리'를 판매·제공하는 매장,test,피부관리,T2 동의어,00265f28-b733-4489-86bc-b86339c2f6c0,이비속눈썹,속눈썹연장,추억담은광주역뒷길 골목형상점가,골목형상점가,광주광역시,,,
bc590c154bef0a144a7e,full_annotation_v1,A,q_피부관리_02,속눈썹,뷰티·미용 중 '피부관리'를 판매·제공하는 매장,test,피부관리,T2 동의어,2f0a3579-ecfa-49a1-bf9e-55512757d117,탑퀄래쉬,속눈썹,운암 예술 골목형상점가,골목형상점가,광주광역시,,,
f36d8b6bd0b6d59e046e,full_annotation_v1,A,q_피부관리_02,속눈썹,뷰티·미용 중 '피부관리'를 판매·제공하는 매장,test,피부관리,T2 동의어,93795f0e-5c8b-4e75-bc62-66a306c9775c,버블래쉬,속눈썹,평촌1번가 상점가,자율상권구역,경기도,,,
db0e4a473e5d6d86cbf1,full_annotation_v1,A,q_피부관리_02,속눈썹,뷰티·미용 중 '피부관리'를 판매·제공하는 매장,test,피부관리,T2 동의어,1d8563a3-6453-4917-8557-2e0f451878cf,뮤트온,속눈썹,양림공예거리 골목형상점가,골목형상점가,광주광역시,,,
fdd85a436603580d2a5d,full_annotation_v1,A,q_피부관리_02,속눈썹,뷰티·미용 중 '피부관리'를 판매·제공하는 매장,test,피부관리,T2 동의어,490473b5-6838-46e5-915e-9c97344e4fcf,섬세희,속눈썹,무등산그린웰로제비앙 골목형상점가,골목형상점가,광주광역시,,,
21a49b7bb1dbec87dda1,full_annotation_v1,A,q_피부관리_02,속눈썹,뷰티·미용 중 '피부관리'를 판매·제공하는 매장,test,피부관리,T2 동의어,bc933edc-4f95-4110-aa31-eb1a34865838,누니브로우,속눈썹,설악로데오거리상점가,자율상권구역,강원특별자치도,,,
985c3c5579ce1ee8f60d,full_annotation_v1,A,q_피부관리_02,속눈썹,뷰티·미용 중 '피부관리'를 판매·제공하는 매장,test,피부관리,T2 동의어,f62e4a2d-6c0b-48d7-909a-6c3a2d16d72d,레이디스,속눈썹 연장 속눈썹 펌,부평 문화의거리,전통시장,인천광역시,,,
0440f3bdcbc12dbfc2fd,full_annotation_v1,A,q_피부관리_02,속눈썹,뷰티·미용 중 '피부관리'를 판매·제공하는 매장,test,피부관리,T2 동의어,04e23271-38ff-40c1-92b8-657773758b60,무아르왁싱,"왁싱, 제모",과천스마트케이 골목형상점가,골목형상점가,경기도,,,
b0a6915418b9a4450823,full_annotation_v1,A,q_피부관리_02,속눈썹,뷰티·미용 중 '피부관리'를 판매·제공하는 매장,test,피부관리,T2 동의어,be24c122-c870-4055-a72c-f00ecdaf97fe,까꾸뽀꾸헤어샵,미용,봉선중길 골목형상점가,골목형상점가,광주광역시,,,
84231a10c51f6a87c869,full_annotation_v1,A,q_피부관리_02,속눈썹,뷰티·미용 중 '피부관리'를 판매·제공하는 매장,test,피부관리,T2 동의어,02288afa-ef79-4f20-a297-bf30982d8a6b,제이지니테라피,피부관리. 윤곽. 비대칭관리,부천 옥길 골목형상점가,골목형상점가,경기도,,,
774274597804bb43c304,full_annotation_v1,A,q_피부관리_02,속눈썹,뷰티·미용 중 '피부관리'를 판매·제공하는 매장,test,피부관리,T2 동의어,c3dd7319-73f4-4aa4-8a6e-e54ccbba4705,미미샾,속눈썹,의정부역지하상가,일반지하상점가,경기도,,,
c1fc7ed359aec8edc648,full_annotation_v1,A,q_피부관리_02,속눈썹,뷰티·미용 중 '피부관리'를 판매·제공하는 매장,test,피부관리,T2 동의어,02b5f100-6c5a-4a08-8642-89a758fee186,호성농산,농산물,강릉중앙시장,전통시장,강원특별자치도,,,
21c9dd05a86013245034,full_annotation_v1,A,q_피부관리_02,속눈썹,뷰티·미용 중 '피부관리'를 판매·제공하는 매장,test,피부관리,T2 동의어,8a74d230-4cd5-4295-8b83-887fe2c8076d,금성,의류,부산자유시장,전통시장,부산광역시,,,
55d1836df17ffb742934,full_annotation_v1,A,q_피부관리_02,속눈썹,뷰티·미용 중 '피부관리'를 판매·제공하는 매장,test,피부관리,T2 동의어,667d0346-b37a-473f-b064-6f16af851967,미인만들기,속눈썹,맘모스상가 골목형상점가,골목형상점가,부산광역시,,,
e7e28f29425833aa6326,full_annotation_v1,A,q_피부관리_02,속눈썹,뷰티·미용 중 '피부관리'를 판매·제공하는 매장,test,피부관리,T2 동의어,0145ebc4-2c3b-48a5-bdee-30b3cbffc69a,비바뷰티왁싱스튜디오,왁싱,백운진다리 골목형상점가,골목형상점가,광주광역시,,,
9afad00555ec7a141e67,full_annotation_v1,A,q_피부관리_02,속눈썹,뷰티·미용 중 '피부관리'를 판매·제공하는 매장,test,피부관리,T2 동의어,b1160ab1-25f8-42ac-b60c-8f9f30d5218b,브로아,속눈썹,삼각동 골목형상점가,골목형상점가,광주광역시,,,
f4bc19edac9ef5f9a547,full_annotation_v1,A,q_피부관리_02,속눈썹,뷰티·미용 중 '피부관리'를 판매·제공하는 매장,test,피부관리,T2 동의어,04197336-2bd8-40eb-95d9-f9bd1d83b049,아온에스테틱,,대방디엠시티 골목형상점가,골목형상점가,전북특별자치도,,,
647a1459164b15998221,full_annotation_v1,A,q_피부관리_02,속눈썹,뷰티·미용 중 '피부관리'를 판매·제공하는 매장,test,피부관리,T2 동의어,af9480e0-f8da-41cb-9933-018d12a0748c,과일바구니,과일,운암대자골 골목형상점가,골목형상점가,광주광역시,,,
6e31a7a01296cbefaa99,full_annotation_v1,A,q_피부관리_02,속눈썹,뷰티·미용 중 '피부관리'를 판매·제공하는 매장,test,피부관리,T2 동의어,ce83ca58-a7e6-4713-8b4f-64ec89b465bd,뷰티끄혜,속눈썹,문정동로데오상점가,자율상권구역,서울특별시,,,
8e0c4d76b38948df6b2d,full_annotation_v1,A,q_피부관리_02,속눈썹,뷰티·미용 중 '피부관리'를 판매·제공하는 매장,test,피부관리,T2 동의어,6e8cf584-d574-423a-9a7c-479341a6e4a1,눈썹공쥬,속눈썹,봉선1로 골목형상점가,골목형상점가,광주광역시,,,
bef23e9ac408617293a1,full_annotation_v1,A,q_피부관리_02,속눈썹,뷰티·미용 중 '피부관리'를 판매·제공하는 매장,test,피부관리,T2 동의어,eb80cdec-f33b-4cd4-a2b0-aeff52b7dbeb,이유엘,속눈썹,오케이 양산동 골목형상점가,골목형상점가,광주광역시,,,
7e0d2e342a0c4f1af10b,full_annotation_v1,A,q_피부관리_02,속눈썹,뷰티·미용 중 '피부관리'를 판매·제공하는 매장,test,피부관리,T2 동의어,820c3557-bbb6-4914-b19a-343b1537be16,김대리뷰티랩,"속눈썹 펌, 속눈썹 연장",태장사거리 골목형상점가,골목형상점가,경기도,,,
05afe6f27c3f9514d9a1,full_annotation_v1,A,q_피부관리_02,속눈썹,뷰티·미용 중 '피부관리'를 판매·제공하는 매장,test,피부관리,T2 동의어,42dbdde7-ae1d-413e-a6f9-e13a277be2e5,이엠뷰티,속눈썹,야탑 골목형상점가,골목형상점가,경기도,,,
ad8a1925124d1163155a,full_annotation_v1,A,q_피부관리_02,속눈썹,뷰티·미용 중 '피부관리'를 판매·제공하는 매장,test,피부관리,T2 동의어,c2c425c3-02e8-4f4b-8f82-50fb65c35a51,써니 속눈썹,속눈썹,첨단시네파크 골목형상점가,골목형상점가,광주광역시,,,
68010bedb069d8e19268,full_annotation_v1,A,q_피부관리_02,속눈썹,뷰티·미용 중 '피부관리'를 판매·제공하는 매장,test,피부관리,T2 동의어,00131122-77cf-4772-b141-202f0f950f5c,라라샵,화장품,유성신나는 골목형상점가,골목형상점가,대전광역시,,,
f18c5cd66b4bc51012f4,full_annotation_v1,A,q_피부관리_02,속눈썹,뷰티·미용 중 '피부관리'를 판매·제공하는 매장,test,피부관리,T2 동의어,ec0b938b-cbe0-4a08-9425-2483303b56aa,스튜디오헨,속눈썹 미용,산본로데오거리(구 산본중심상가),자율상권구역,경기도,,,
e2ebdebd2e1d82c76c39,full_annotation_v1,A,q_피부관리_02,속눈썹,뷰티·미용 중 '피부관리'를 판매·제공하는 매장,test,피부관리,T2 동의어,f4efb8a0-d62e-412a-9f9d-0e60ab022141,슈속눈썹,속눈썹 미용업,거제 장평종합시장,전통시장,경상남도,,,
7468867133aecfbac853,full_annotation_v1,A,q_피부관리_02,속눈썹,뷰티·미용 중 '피부관리'를 판매·제공하는 매장,test,피부관리,T2 동의어,046c8087-df4f-4578-bcf6-ddb6ac06bd93,아나토미 에스테틱 천안점,에스테틱,불당1번가골목형상점가,골목형상점가,충청남도,,,
04b94fd1ba8a4b41f730,full_annotation_v1,A,q_피부관리_02,속눈썹,뷰티·미용 중 '피부관리'를 판매·제공하는 매장,test,피부관리,T2 동의어,675e9c3f-b2a8-4ff7-ba86-baa0d692968c,달다뷰티,속눈썹,나주혁신도시 골목형상점가,골목형상점가,전라남도,,,
34b1583480dcef8a2cde,full_annotation_v1,A,q_피부관리_02,속눈썹,뷰티·미용 중 '피부관리'를 판매·제공하는 매장,test,피부관리,T2 동의어,52601f73-99b1-4f51-9043-ef7afee396ed,"네일도,속눈썹","속눈썹, 네일",하단자율상권구역,기타,부산광역시,,,
467631f824a5d7cfa441,full_annotation_v1,A,q_피부관리_02,속눈썹,뷰티·미용 중 '피부관리'를 판매·제공하는 매장,test,피부관리,T2 동의어,0b781873-4848-440d-9845-519fe314cb94,비비한 뷰티&왁싱,피부왁싱,호남동불로동천변 골목형상점가,골목형상점가,광주광역시,,,
c7fc7f1012ac09979c8b,full_annotation_v1,A,q_피부관리_02,속눈썹,뷰티·미용 중 '피부관리'를 판매·제공하는 매장,test,피부관리,T2 동의어,9061d35e-f59a-4bee-8bbf-f6abe7af9103,동아상회,채소,진주 청과시장,전통시장,경상남도,,,
77e1fa0e937525c2b7f3,full_annotation_v1,A,q_피부관리_02,속눈썹,뷰티·미용 중 '피부관리'를 판매·제공하는 매장,test,피부관리,T2 동의어,1d39494e-cc63-4ac2-af0f-0f349de60e56,르주비아 에스테틱,,포항중앙상가,전통시장,경상북도,,,
435874550057783c3afc,full_annotation_v1,A,q_피부관리_03,에스테틱,뷰티·미용 중 '피부관리'를 판매·제공하는 매장,test,피부관리,T2 동의어,0b781873-4848-440d-9845-519fe314cb94,비비한 뷰티&왁싱,피부왁싱,호남동불로동천변 골목형상점가,골목형상점가,광주광역시,,,
6500c2a698cfbdebbb0b,full_annotation_v1,A,q_피부관리_03,에스테틱,뷰티·미용 중 '피부관리'를 판매·제공하는 매장,test,피부관리,T2 동의어,65850af6-ca33-4bec-a5e6-5e8fdb3003c4,에스테틱 핸즈온유,,한뜰누리 골목형상점가,골목형상점가,세종특별자치시,,,
e7eeefd35360860421b4,full_annotation_v1,A,q_피부관리_03,에스테틱,뷰티·미용 중 '피부관리'를 판매·제공하는 매장,test,피부관리,T2 동의어,c9807917-2e3c-4cb6-97c2-5f2e6a8e3e6b,한비 에스테틱,피부관리,전남대 상대 골목형상점가,골목형상점가,광주광역시,,,
27fca76147ccda2d9f97,full_annotation_v1,A,q_피부관리_03,에스테틱,뷰티·미용 중 '피부관리'를 판매·제공하는 매장,test,피부관리,T2 동의어,03d1cc56-4ab0-4784-8dfa-bcae8e0a5fec,듀엘 에스테틱,피부관리,신림별빛거리골목형상점가,골목형상점가,서울특별시,,,
401610661b42030ab6dd,full_annotation_v1,A,q_피부관리_03,에스테틱,뷰티·미용 중 '피부관리'를 판매·제공하는 매장,test,피부관리,T2 동의어,00265f28-b733-4489-86bc-b86339c2f6c0,이비속눈썹,속눈썹연장,추억담은광주역뒷길 골목형상점가,골목형상점가,광주광역시,,,
c6c8e6dd2fc0b178e031,full_annotation_v1,A,q_피부관리_03,에스테틱,뷰티·미용 중 '피부관리'를 판매·제공하는 매장,test,피부관리,T2 동의어,04e23271-38ff-40c1-92b8-657773758b60,무아르왁싱,"왁싱, 제모",과천스마트케이 골목형상점가,골목형상점가,경기도,,,
7317ec0ce6dc5e34ab5a,full_annotation_v1,A,q_피부관리_03,에스테틱,뷰티·미용 중 '피부관리'를 판매·제공하는 매장,test,피부관리,T2 동의어,1f6f8f5a-ec51-4dab-b14f-ee796b8f1716,아음 에스테틱,피부미용,영통역아이파크 골목형상점가,골목형상점가,경기도,,,
c80559f1cc29c8ffb5ee,full_annotation_v1,A,q_피부관리_03,에스테틱,뷰티·미용 중 '피부관리'를 판매·제공하는 매장,test,피부관리,T2 동의어,0c3f6ae1-9bec-46f1-a43a-b61009758761,세종왁싱 보람뷰티,왁싱 속눈썹펌,보람동 골목형상점가,골목형상점가,세종특별자치시,,,
b21e304a6a9d1f3bb09e,full_annotation_v1,A,q_피부관리_03,에스테틱,뷰티·미용 중 '피부관리'를 판매·제공하는 매장,test,피부관리,T2 동의어,022f921a-9545-4be5-a4ce-d628a782c282,마이뷰티,피부관리 왁싱 속눈썹,마산 오동동 창동 어시장 상권활성화구역,상권활성화구역,경상남도,,,
86f6d1fae5a6bc50ffc7,full_annotation_v1,A,q_피부관리_03,에스테틱,뷰티·미용 중 '피부관리'를 판매·제공하는 매장,test,피부관리,T2 동의어,d37407b5-f03f-4f56-8aa3-13ce75d21bfe,김영아 에스테틱,,사직거인 골목형상점가,골목형상점가,부산광역시,,,
fad64192ed37c748708e,full_annotation_v1,A,q_피부관리_03,에스테틱,뷰티·미용 중 '피부관리'를 판매·제공하는 매장,test,피부관리,T2 동의어,81d31250-2aa1-4db2-85ea-90b6a0371db7,에제르 에스테틱,피부미용,범한프라자시장,전통시장,경기도,,,
28512555f3740212e922,full_annotation_v1,A,q_피부관리_03,에스테틱,뷰티·미용 중 '피부관리'를 판매·제공하는 매장,test,피부관리,T2 동의어,cabf3a35-5940-43b8-877d-09b8d23c478a,오늘 에스테틱,미용 화장품,월산상가 골목형 상점가,골목형상점가,충청남도,,,
4a30c64b36fa45940dc3,full_annotation_v1,A,q_피부관리_03,에스테틱,뷰티·미용 중 '피부관리'를 판매·제공하는 매장,test,피부관리,T2 동의어,c1adb617-05b5-4188-a2d0-b3a318dba438,오렌즈 상동점,콘택트렌즈,상동역 골목형상점가,골목형상점가,경기도,,,
c32dde8ea250cd9926f9,full_annotation_v1,A,q_피부관리_03,에스테틱,뷰티·미용 중 '피부관리'를 판매·제공하는 매장,test,피부관리,T2 동의어,d90c39ce-bf11-4ad2-b63e-3c3474a38393,네이쳐스영 지역본부,,마산어시장,전통시장,경상남도,,,
0631bb2bbeb3e7ab60c3,full_annotation_v1,A,q_피부관리_03,에스테틱,뷰티·미용 중 '피부관리'를 판매·제공하는 매장,test,피부관리,T2 동의어,4e0d2f06-cef2-4484-99e9-cbcc3d46e5d6,이연희 에스테틱,피부미용,사리골상점가,자율상권구역,경기도,,,
5af9b2ca08a5cb37852f,full_annotation_v1,A,q_피부관리_03,에스테틱,뷰티·미용 중 '피부관리'를 판매·제공하는 매장,test,피부관리,T2 동의어,46b5b700-a2fa-4241-97e3-e1c100784b13,원 에프에스(FS),"식자재, 집단급식소식품판매",마산어시장,전통시장,경상남도,,,
229f739d9a0ce3d1e40a,full_annotation_v1,A,q_피부관리_03,에스테틱,뷰티·미용 중 '피부관리'를 판매·제공하는 매장,test,피부관리,T2 동의어,008c73ed-3ece-452b-aa49-b96b73ff1ba1,온결 스킨앤바디,화장품,가재마을 골목형상점가,골목형상점가,세종특별자치시,,,
153f84ae1a344ef8cf4b,full_annotation_v1,A,q_피부관리_03,에스테틱,뷰티·미용 중 '피부관리'를 판매·제공하는 매장,test,피부관리,T2 동의어,3a44a587-1ca3-4209-afad-dea190f3fb96,와드 에스테틱,미용,신사세로수길골목형상점가,골목형상점가,서울특별시,,,
d922f31fda792fc2efdd,full_annotation_v1,A,q_피부관리_03,에스테틱,뷰티·미용 중 '피부관리'를 판매·제공하는 매장,test,피부관리,T2 동의어,659ee2fd-cd1f-45e1-b4d7-b7b9c8e8af37,휴에스테틱,미용,지웰시티자이상가 골목형상점가,골목형상점가,울산광역시,,,
298c066a2358265124b9,full_annotation_v1,A,q_피부관리_03,에스테틱,뷰티·미용 중 '피부관리'를 판매·제공하는 매장,test,피부관리,T2 동의어,51fe0412-c586-462a-8feb-21c94bc423b0,혜아리움 에스테틱,,선부광장로상점가,자율상권구역,경기도,,,
39ca305d6ba6a05a1eec,full_annotation_v1,A,q_피부관리_03,에스테틱,뷰티·미용 중 '피부관리'를 판매·제공하는 매장,test,피부관리,T2 동의어,0133de50-f3d8-44d7-99fb-0a05f3b2b13e,졔졔살롱,속눈썹미용,운암이 골목형상점가,골목형상점가,광주광역시,,,
ce9cd48d1f4e523eba5a,full_annotation_v1,A,q_피부관리_03,에스테틱,뷰티·미용 중 '피부관리'를 판매·제공하는 매장,test,피부관리,T2 동의어,27ab6aeb-80a7-42ae-bf92-1ad49d110100,수수한 에스테틱,서비스,옛 경양방죽 골목형상점가,골목형상점가,광주광역시,,,
8bf315c2861debc7c842,full_annotation_v1,A,q_피부관리_03,에스테틱,뷰티·미용 중 '피부관리'를 판매·제공하는 매장,test,피부관리,T2 동의어,189373fe-0b87-46cc-8260-c73318026f00,렌 에스테틱,피부관리,효천로 골목형상점가,골목형상점가,광주광역시,,,
10776e1a2e422007c948,full_annotation_v1,A,q_피부관리_03,에스테틱,뷰티·미용 중 '피부관리'를 판매·제공하는 매장,test,피부관리,T2 동의어,9e362ea8-3592-49a7-89ec-4fc18a85c0dd,에르떼 에스테틱,미용,양원숲길 골목형상점가,골목형상점가,서울특별시,,,
96435bc2ddb1f676636a,full_annotation_v1,A,q_피부관리_03,에스테틱,뷰티·미용 중 '피부관리'를 판매·제공하는 매장,test,피부관리,T2 동의어,006a3db3-f148-48fb-a3ac-1a758ffae755,제이솜에스테틱,피부관리,효행구봉담상점가,골목형상점가,경기도,,,
9d94f89ff89ee9a36549,full_annotation_v1,A,q_피부관리_03,에스테틱,뷰티·미용 중 '피부관리'를 판매·제공하는 매장,test,피부관리,T2 동의어,56fc6689-0ef2-4263-960c-ce42bb768410,에스테틱 영온,피부관리,송정우정 골목형상점가,골목형상점가,광주광역시,,,
79b5213341258522a3ff,full_annotation_v1,A,q_피부관리_03,에스테틱,뷰티·미용 중 '피부관리'를 판매·제공하는 매장,test,피부관리,T2 동의어,00998e68-6f7e-4b3f-9476-72ba1ac3466e,라테라스 테라피,피부관리,치평1230상인회 골목형상점가,골목형상점가,광주광역시,,,
60a2db868d81af47ae6e,full_annotation_v1,A,q_피부관리_03,에스테틱,뷰티·미용 중 '피부관리'를 판매·제공하는 매장,test,피부관리,T2 동의어,348abb9a-3616-4959-8b94-91a56f2c2198,빛나는여정 에스테틱,피부관리,퍼스트원 골목형상점가,골목형상점가,세종특별자치시,,,
06af027978db2c2c2df5,full_annotation_v1,A,q_피부관리_03,에스테틱,뷰티·미용 중 '피부관리'를 판매·제공하는 매장,test,피부관리,T2 동의어,da19e724-97b0-4ddf-9d78-7c51fc95d066,코샤 에스테틱,피부미용,나성동 골목형상점가,골목형상점가,세종특별자치시,,,
4baff793dcba32565003,full_annotation_v1,A,q_피부관리_03,에스테틱,뷰티·미용 중 '피부관리'를 판매·제공하는 매장,test,피부관리,T2 동의어,295d3cd1-bd85-4b19-9310-97247e7c18e7,약손명가 에스테틱,화장품,순천연향패션상가,자율상권구역,전라남도,,,
b7c125cd8ffcd247a330,full_annotation_v1,A,q_피부관리_03,에스테틱,뷰티·미용 중 '피부관리'를 판매·제공하는 매장,test,피부관리,T2 동의어,01e7b141-ae3b-42a3-9322-65f1223986b0,에일린 에스테틱,미용,포항 대이상가 골목형상점가,골목형상점가,경상북도,,,
2a5e7f22c7e7f46cd273,full_annotation_v1,A,q_피부관리_03,에스테틱,뷰티·미용 중 '피부관리'를 판매·제공하는 매장,test,피부관리,T2 동의어,5153537b-c5da-4e09-85ea-06e34b23d372,왕림상회,"면, 무지",서문시장2지구 종합상가,전통시장,대구광역시,,,
f5a5ae00faae2cf5399c,full_annotation_v1,A,q_피부관리_03,에스테틱,뷰티·미용 중 '피부관리'를 판매·제공하는 매장,test,피부관리,T2 동의어,dd4b390c-1a76-4f09-ade3-d184a3f6f438,카라 에스테틱,,반도 골목형상점가,골목형상점가,충청남도,,,
bce77981739dd4e76ae6,full_annotation_v1,A,q_피부관리_03,에스테틱,뷰티·미용 중 '피부관리'를 판매·제공하는 매장,test,피부관리,T2 동의어,14f45676-ca6f-4fcb-aea7-c6b95ac1a077,루아 휴 헤드스파&에스테틱,,퍼스트원 골목형상점가,골목형상점가,세종특별자치시,,,
c08612e9de0258516bfb,full_annotation_v1,A,q_피부관리_03,에스테틱,뷰티·미용 중 '피부관리'를 판매·제공하는 매장,test,피부관리,T2 동의어,ce89996a-0f72-478f-b10a-ed8e5e2ef269,아미가 에스테틱,,잠실 장미종합상가 골목형상점가,골목형상점가,서울특별시,,,
95d133548c2dab6d2d25,full_annotation_v1,A,q_피부관리_03,에스테틱,뷰티·미용 중 '피부관리'를 판매·제공하는 매장,test,피부관리,T2 동의어,82d76546-9bbf-451c-b801-71a696591b2f,한국인삼,"인삼, 홍삼, 흑삼 및 건강 보조 식품",진주 논개시장,전통시장,경상남도,,,
31637e9f905bbeb09a3f,full_annotation_v1,A,q_피부관리_03,에스테틱,뷰티·미용 중 '피부관리'를 판매·제공하는 매장,test,피부관리,T2 동의어,8d20d015-cc46-4f21-9b9e-46953967b28a,트레몰로 용인죽전점,의류,죽전로데오상점가,전통시장,경기도,,,
18d187e4f3beda5b3ea6,full_annotation_v1,A,q_피부관리_03,에스테틱,뷰티·미용 중 '피부관리'를 판매·제공하는 매장,test,피부관리,T2 동의어,1d39494e-cc63-4ac2-af0f-0f349de60e56,르주비아 에스테틱,,포항중앙상가,전통시장,경상북도,,,
7a77352bc5606c12bc14,full_annotation_v1,A,q_피부관리_03,에스테틱,뷰티·미용 중 '피부관리'를 판매·제공하는 매장,test,피부관리,T2 동의어,541a4a0e-99f8-4beb-b6e8-2351362277b8,언트 에스테틱,피부미용,평촌1번가 상점가,자율상권구역,경기도,,,
b0fe871d3cf2ada8265d,full_annotation_v1,A,q_피부관리_03,에스테틱,뷰티·미용 중 '피부관리'를 판매·제공하는 매장,test,피부관리,T2 동의어,7d2706fd-d1df-405e-aad5-ca7b7151b307,맨얼굴미인,화장품,계수마을상인회 골목형상점가,골목형상점가,광주광역시,,,
46582542d8664bafbd9c,full_annotation_v1,A,q_피부관리_03,에스테틱,뷰티·미용 중 '피부관리'를 판매·제공하는 매장,test,피부관리,T2 동의어,013c7cfa-cbf1-4606-bfd2-cae2985377c0,피크래쉬룸(PEAK LASH ROOM),"메이크업, 속눈썹",금암동 골목형상점가,골목형상점가,충청남도,,,
4f07ecacda55dae21a08,full_annotation_v1,A,q_피부관리_03,에스테틱,뷰티·미용 중 '피부관리'를 판매·제공하는 매장,test,피부관리,T2 동의어,b17fef52-338c-4c31-9c00-236b4f8cbdc4,뮤즈(에스테틱),피부미용,"가락마을 1,2단지 골목형상점가(가락마을 1,2단지 상인회)",골목형상점가,세종특별자치시,,,
b1312bbedc4a32a48a96,full_annotation_v1,A,q_피부관리_03,에스테틱,뷰티·미용 중 '피부관리'를 판매·제공하는 매장,test,피부관리,T2 동의어,04197336-2bd8-40eb-95d9-f9bd1d83b049,아온에스테틱,,대방디엠시티 골목형상점가,골목형상점가,전북특별자치도,,,
20b748e653cddce70636,full_annotation_v1,A,q_피부관리_03,에스테틱,뷰티·미용 중 '피부관리'를 판매·제공하는 매장,test,피부관리,T2 동의어,b5e027e9-0b89-4a1e-835a-bca919eb9541,예지미 에스테틱,미용,산본로데오거리(구 산본중심상가),자율상권구역,경기도,,,
6fe1700d31b4936fb9ac,full_annotation_v1,A,q_피부관리_03,에스테틱,뷰티·미용 중 '피부관리'를 판매·제공하는 매장,test,피부관리,T2 동의어,e4ce4778-6726-45be-ac95-528d3c72e35b,르올 에스테틱,피부 미용업,유성문화원 골목형상점가,골목형상점가,대전광역시,,,
b3ed2ab768eaba9b9f10,full_annotation_v1,A,q_피부관리_03,에스테틱,뷰티·미용 중 '피부관리'를 판매·제공하는 매장,test,피부관리,T2 동의어,5452f66d-e187-4ee9-be07-8e272b68980f,에스테틱 은보떼,,첨단쌍이 골목형상점가,골목형상점가,광주광역시,,,
775056cedc910cd29b0d,full_annotation_v1,A,q_피부관리_03,에스테틱,뷰티·미용 중 '피부관리'를 판매·제공하는 매장,test,피부관리,T2 동의어,9b369eb1-bd43-413a-bd34-c25407c0c5d0,현에스테틱,,용대로119번길 골목형상점가,골목형상점가,,,,
fd431f7ea5ad8c84e2ed,full_annotation_v1,A,q_피부관리_03,에스테틱,뷰티·미용 중 '피부관리'를 판매·제공하는 매장,test,피부관리,T2 동의어,046c8087-df4f-4578-bcf6-ddb6ac06bd93,아나토미 에스테틱 천안점,에스테틱,불당1번가골목형상점가,골목형상점가,충청남도,,,
702514a8ce9b930e8363,full_annotation_v1,A,q_피부관리_03,에스테틱,뷰티·미용 중 '피부관리'를 판매·제공하는 매장,test,피부관리,T2 동의어,4bf3d422-841c-4f45-aa1a-aa1b0d319dfb,자연속에 에스테틱,피부미용,나성동 골목형상점가,골목형상점가,세종특별자치시,,,
59ff8ed1b1b9e650b51f,full_annotation_v1,A,q_피부관리_03,에스테틱,뷰티·미용 중 '피부관리'를 판매·제공하는 매장,test,피부관리,T2 동의어,dd7648f7-5e81-4e60-bf23-1c3b507fc0c9,머바르니스파&에스테틱,화장품,누리 골목형상점가,골목형상점가,경기도,,,
dabf141eb7fec1a583e3,full_annotation_v1,A,q_피부관리_03,에스테틱,뷰티·미용 중 '피부관리'를 판매·제공하는 매장,test,피부관리,T2 동의어,3c0c2401-62bf-450c-82c1-d4893734a914,버블랙컴퍼니,애니메이셔 영상 제작,"금남로1,2,3가 골목형상점가",골목형상점가,광주광역시,,,
bb14825b612ea3245e7e,full_annotation_v1,A,q_피부관리_03,에스테틱,뷰티·미용 중 '피부관리'를 판매·제공하는 매장,test,피부관리,T2 동의어,cf6d06e8-aeb0-412c-8c1b-cbb28f2e11d3,트리엘 에스테틱,피부,중흥동 큰샘길 골목형상점가,골목형상점가,광주광역시,,,
1ec1e14281e3ec86647a,full_annotation_v1,A,q_피부관리_03,에스테틱,뷰티·미용 중 '피부관리'를 판매·제공하는 매장,test,피부관리,T2 동의어,6694bbf7-95a6-479a-b3df-9a95642d4389,웰 에스테틱,화장품,엄사 골목형상점가,골목형상점가,충청남도,,,
b5fa9f13f9c2d0841537,full_annotation_v1,A,q_피부관리_03,에스테틱,뷰티·미용 중 '피부관리'를 판매·제공하는 매장,test,피부관리,T2 동의어,02288afa-ef79-4f20-a297-bf30982d8a6b,제이지니테라피,피부관리. 윤곽. 비대칭관리,부천 옥길 골목형상점가,골목형상점가,경기도,,,
6aaca82f0cbf5246d328,full_annotation_v1,A,q_피부관리_03,에스테틱,뷰티·미용 중 '피부관리'를 판매·제공하는 매장,test,피부관리,T2 동의어,8cf3b743-a6a1-41a5-b303-d0fefc559974,약손명가 에스테틱,피부관리,퍼스트원 골목형상점가,골목형상점가,세종특별자치시,,,
5c4f53ef1b02f63316ca,full_annotation_v1,A,q_피부관리_03,에스테틱,뷰티·미용 중 '피부관리'를 판매·제공하는 매장,test,피부관리,T2 동의어,64add4c3-6cb7-4342-bec9-6912a6f94f40,우리약국,의약품,칠성종합 상권활성화구역,상권활성화구역,대구광역시,,,
1570d39a5641ec821e01,full_annotation_v1,A,q_피부관리_03,에스테틱,뷰티·미용 중 '피부관리'를 판매·제공하는 매장,test,피부관리,T2 동의어,fe483c7a-5ea7-4613-9254-d49fa22d9968,룬 에스테틱,피부미용,현대센트럴스퀘어,골목형상점가,경기도,,,
1c9f87b463e2ae078985,full_annotation_v1,A,q_피부관리_03,에스테틱,뷰티·미용 중 '피부관리'를 판매·제공하는 매장,test,피부관리,T2 동의어,f37f8d01-cc61-4609-be45-b313236c4eab,루아 에스테틱,피부미용,하안10단지 골목형상점가,골목형상점가,경기도,,,
da954c29b5f376302c7c,full_annotation_v1,A,q_피부관리_03,에스테틱,뷰티·미용 중 '피부관리'를 판매·제공하는 매장,test,피부관리,T2 동의어,7fd8806c-9066-4414-b4d8-1d49fc12bff2,바니 에스테틱,,한들물빛도시 골목형 상점가,골목형상점가,충청남도,,,
7c12875769ab5c5e99d0,full_annotation_v1,A,q_피부관리_03,에스테틱,뷰티·미용 중 '피부관리'를 판매·제공하는 매장,test,피부관리,T2 동의어,0145ebc4-2c3b-48a5-bdee-30b3cbffc69a,비바뷰티왁싱스튜디오,왁싱,백운진다리 골목형상점가,골목형상점가,광주광역시,,,
2256e5b1e74f4a6c3b6d,full_annotation_v1,A,q_피부관리_03,에스테틱,뷰티·미용 중 '피부관리'를 판매·제공하는 매장,test,피부관리,T2 동의어,fd9ce628-cbdd-4b82-a9b8-2b8ce1ba9a6a,안서윤 에스테틱,피부미용,다정한 골목형상점가,골목형상점가,세종특별자치시,,,
e389b8412943d27d7acf,full_annotation_v1,A,q_피부관리_03,에스테틱,뷰티·미용 중 '피부관리'를 판매·제공하는 매장,test,피부관리,T2 동의어,8c313f00-20e8-488a-a356-1c522db9e696,아우라뷰티&에스테틱,피부관리,강동HS 골목형상점가,골목형상점가,울산광역시,,,
b3abd5b9b82b123259d7,full_annotation_v1,A,q_피부관리_03,에스테틱,뷰티·미용 중 '피부관리'를 판매·제공하는 매장,test,피부관리,T2 동의어,f5414291-e36f-4f69-b21c-6115ef871b5f,톤에스테틱,,어진동 골목형상점가,골목형상점가,세종특별자치시,,,
46e6e68568df40f77b7d,full_annotation_v1,A,q_피부관리_03,에스테틱,뷰티·미용 중 '피부관리'를 판매·제공하는 매장,test,피부관리,T2 동의어,0017ec9c-4997-4ef5-a552-7fffc7dd149c,아리따움 진주서부점,화장품,진주 새서부시장,전통시장,경상남도,,,
e18a1f9c8405227d2fdf,full_annotation_v1,A,q_피부관리_03,에스테틱,뷰티·미용 중 '피부관리'를 판매·제공하는 매장,test,피부관리,T2 동의어,fc5e21fc-37a7-435e-b959-c34b88c8d53c,꿈의용주태권도,태권도,전남대 상대 골목형상점가,골목형상점가,광주광역시,,,
10e8319b6ad7bf00d640,full_annotation_v1,A,q_피부관리_03,에스테틱,뷰티·미용 중 '피부관리'를 판매·제공하는 매장,test,피부관리,T2 동의어,003cdc8a-95fe-43ea-8350-f4c63913a6f8,정선화장품,화장품,오천시장,전통시장,경상북도,,,
3d08388abb37c1b4c5a6,full_annotation_v1,A,q_피부관리_03,에스테틱,뷰티·미용 중 '피부관리'를 판매·제공하는 매장,test,피부관리,T2 동의어,e8549c75-d81d-4d9a-bfea-0c25fccd6a12,씨앤씨(C&C)에스테틱,에스테틱,마산 대동씨코아상가시장,전통시장,경상남도,,,
b8d71c6c7dd5a9c49651,full_annotation_v1,A,q_피부관리_03,에스테틱,뷰티·미용 중 '피부관리'를 판매·제공하는 매장,test,피부관리,T2 동의어,f6092160-57a9-42eb-92a6-dd6783f3840c,보다 에스테틱,피부,동탄상가,자율상권구역,경기도,,,
665171d0f8b72df46e83,full_annotation_v1,A,q_피부관리_03,에스테틱,뷰티·미용 중 '피부관리'를 판매·제공하는 매장,test,피부관리,T2 동의어,36ea9fc8-bb47-4653-9507-3ac9f2e2791a,르블랑 에스테틱,피부관리,군산디오션시티 G플레이스 골목형상점가,골목형상점가,전북특별자치도,,,
113452cf40a39fa01219,full_annotation_v1,A,q_피부관리_03,에스테틱,뷰티·미용 중 '피부관리'를 판매·제공하는 매장,test,피부관리,T2 동의어,177d0d8a-93c5-4ed5-a959-545c6b2995ed,손길 에스테틱,피부 미용업,다정중앙 골목형상점가,골목형상점가,세종특별자치시,,,
ec90031ae6781ed9880b,full_annotation_v1,A,q_피부관리_03,에스테틱,뷰티·미용 중 '피부관리'를 판매·제공하는 매장,test,피부관리,T2 동의어,a45bcc00-3c9d-409d-ab15-ce82186310df,고운 에스테틱,,화정현대 골목형상점가,골목형상점가,경기도,,,
e270d7053211f3d9094c,full_annotation_v1,A,q_피부관리_03,에스테틱,뷰티·미용 중 '피부관리'를 판매·제공하는 매장,test,피부관리,T2 동의어,7f3c6716-5d9d-488f-ac18-fd623c2d788d,더라인미 에스테틱,미용,탕정역 지웰시티몰 3단지 골목형상점가,골목형상점가,충청남도,,,
f5d9794023bedc621f2b,full_annotation_v1,A,q_피부관리_03,에스테틱,뷰티·미용 중 '피부관리'를 판매·제공하는 매장,test,피부관리,T2 동의어,f32a92fa-2031-43c9-98e3-cfb6f3ec69d0,삼익정육점,정육,서구시장,전통시장,대구광역시,,,
13b7a901b23f471f5982,full_annotation_v1,A,q_피부관리_03,에스테틱,뷰티·미용 중 '피부관리'를 판매·제공하는 매장,test,피부관리,T2 동의어,2b4454b7-7267-4b79-8957-7c550776fa8e,탱네일,네일아트,운정역 중심상가 골목형상점가,골목형상점가,경기도,,,
5821cc239f4c690ca615,full_annotation_v1,A,q_피부관리_03,에스테틱,뷰티·미용 중 '피부관리'를 판매·제공하는 매장,test,피부관리,T2 동의어,0f8c4841-d042-4c96-bfe3-288d846dffbb,화이트 에스테틱,화장품,반곡동행복 골목형상점가,골목형상점가,세종특별자치시,,,
382164240ad99a076d72,full_annotation_v1,A,q_피부관리_03,에스테틱,뷰티·미용 중 '피부관리'를 판매·제공하는 매장,test,피부관리,T2 동의어,0f0e7bbd-7769-4663-a4ab-c5cfee7bb6c8,골드라인 에스테틱,피부미용,노블레스 골목형상점가,골목형상점가,경기도,,,
4c9dd49689c47bb4bccf,full_annotation_v1,A,q_피부관리_03,에스테틱,뷰티·미용 중 '피부관리'를 판매·제공하는 매장,test,피부관리,T2 동의어,01c0d290-258d-473d-b10e-ab313f96502b,연에스테틱,,유촌동상인회 골목형상점가,골목형상점가,광주광역시,,,
a913a5958fbcf08e5913,full_annotation_v1,A,q_피부관리_03,에스테틱,뷰티·미용 중 '피부관리'를 판매·제공하는 매장,test,피부관리,T2 동의어,004a8de5-69c1-4c55-a507-54e016703431,마중물뷰티동,소매(화장품),은마종합상점가,자율상권구역,서울특별시,,,
e85f8ded5a193a233fb1,full_annotation_v1,A,q_피부관리_03,에스테틱,뷰티·미용 중 '피부관리'를 판매·제공하는 매장,test,피부관리,T2 동의어,74934c7d-39ef-44b6-b646-5f1e0527e608,더조은결 에스테틱,피부관리,치평동아파트연합상인회 골목형상점가,골목형상점가,광주광역시,,,
2a3d873ad230d5faa0e0,full_annotation_v1,A,q_피부관리_03,에스테틱,뷰티·미용 중 '피부관리'를 판매·제공하는 매장,test,피부관리,T2 동의어,00131122-77cf-4772-b141-202f0f950f5c,라라샵,화장품,유성신나는 골목형상점가,골목형상점가,대전광역시,,,
22d86b0aa5f849d9b69f,full_annotation_v1,A,q_피부관리_03,에스테틱,뷰티·미용 중 '피부관리'를 판매·제공하는 매장,test,피부관리,T2 동의어,00222f52-5d1f-4fb1-b0a6-7b4864ce177f,아리따움서대문연희점,화장품,연희사러가,전통시장,서울특별시,,,
2ad05893716aaa5ec76c,full_annotation_v1,A,q_피부관리_03,에스테틱,뷰티·미용 중 '피부관리'를 판매·제공하는 매장,test,피부관리,T2 동의어,d018bbf4-d010-4787-bd6f-6a44a289787f,모던성형외과의원,보건업,상무연하상인회 골목형상점가,골목형상점가,광주광역시,,,
2a5c62dc104cb4377cf3,full_annotation_v1,A,q_피부관리_03,에스테틱,뷰티·미용 중 '피부관리'를 판매·제공하는 매장,test,피부관리,T2 동의어,44a531c8-f036-439d-80e2-ac36cae08178,이수진 에스테틱,피부관리,보람동 골목형상점가,골목형상점가,세종특별자치시,,,
1c47ed193957e106c8cb,full_annotation_v1,A,q_피부관리_03,에스테틱,뷰티·미용 중 '피부관리'를 판매·제공하는 매장,test,피부관리,T2 동의어,d68b48a9-a454-4afd-a443-2b77d5d65e96,맵시,의류,제일종합시장,전통시장,강원특별자치도,,,
58620084fd66221056b6,full_annotation_v1,A,q_피부관리_03,에스테틱,뷰티·미용 중 '피부관리'를 판매·제공하는 매장,test,피부관리,T2 동의어,46548400-b0ff-4d19-9aa3-523e048fb98b,반 에스테틱,피부미용,온누리상인회 골목형상점가,골목형상점가,광주광역시,,,
294d521c8a428aadbf4d,full_annotation_v1,A,q_피부관리_03,에스테틱,뷰티·미용 중 '피부관리'를 판매·제공하는 매장,test,피부관리,T2 동의어,4b305cfb-defb-497e-8f47-8b272e9067c1,수예담 에스테틱,,보람동 골목형상점가,골목형상점가,세종특별자치시,,,
517cd211338f6bc74124,full_annotation_v1,A,q_피부관리_03,에스테틱,뷰티·미용 중 '피부관리'를 판매·제공하는 매장,test,피부관리,T2 동의어,00286d17-4dd8-4803-9e0d-4ce25169c0f7,에이치컬링,눈썹,약수초등길 중산 골목형상점가,골목형상점가,울산광역시,,,
fddf0840ca00c9749de4,full_annotation_v1,A,q_피부관리_03,에스테틱,뷰티·미용 중 '피부관리'를 판매·제공하는 매장,test,피부관리,T2 동의어,816db58f-a751-40a2-b6c1-0604aaa43837,에스테틱:맑음,피부미용,삼정코아 골목형상점가,골목형상점가,부산광역시,,,
420f8a1864a645436278,full_annotation_v1,A,q_피부관리_03,에스테틱,뷰티·미용 중 '피부관리'를 판매·제공하는 매장,test,피부관리,T2 동의어,4948ea41-d83f-4692-9e85-e8fa95e825f5,도도에스테틱,,도안우미 골목형상점가,골목형상점가,대전광역시,,,
488615f8d0be5a032d04,full_annotation_v1,A,q_피부관리_03,에스테틱,뷰티·미용 중 '피부관리'를 판매·제공하는 매장,test,피부관리,T2 동의어,341b6307-28a3-4788-9c01-f63d46d288d2,서희영 에스테틱,,용산동 골목형상점가,골목형상점가,대전광역시,,,
14ddde77e0bd9aad8cfb,full_annotation_v1,A,q_피부관리_03,에스테틱,뷰티·미용 중 '피부관리'를 판매·제공하는 매장,test,피부관리,T2 동의어,67ed2c05-6593-4c00-aa63-64773e192040,주언 헤어 에스테틱,미용,장안마실골목형상점가,골목형상점가,서울특별시,,,
e7c5245f7f8143b9d803,full_annotation_v1,A,q_피부관리_03,에스테틱,뷰티·미용 중 '피부관리'를 판매·제공하는 매장,test,피부관리,T2 동의어,f6ddaee4-3a22-4ab9-b092-c8c579d04dbb,수성한우숯불구이,,원주미로예술중앙시장(원주중앙시장),전통시장,강원특별자치도,,,
4b73919ba6116a24554c,full_annotation_v1,A,q_피부관리_03,에스테틱,뷰티·미용 중 '피부관리'를 판매·제공하는 매장,test,피부관리,T2 동의어,04c2d927-b504-4378-a924-b196a3876f91,진심 에스테틱,피부미용,새샘하루 골목형상점가,골목형상점가,세종특별자치시,,,
1c4db148327bd1e46c3b,full_annotation_v1,A,q_피부관리_03,에스테틱,뷰티·미용 중 '피부관리'를 판매·제공하는 매장,test,피부관리,T2 동의어,006a03c8-0b03-4a37-bab3-4d9d608fbc7b,디바스킨 본점,피부관리,나주혁신도시 골목형상점가,골목형상점가,전라남도,,,
868f9adb45e86cafc20a,full_annotation_v1,A,q_피부관리_03,에스테틱,뷰티·미용 중 '피부관리'를 판매·제공하는 매장,test,피부관리,T2 동의어,6dea575e-e0bc-4a80-877a-7805019b89f2,메이블 에스테틱,피부미용,화정금화로상인회 골목형상점가,골목형상점가,광주광역시,,,
c7a6abdfac2a5f72646f,full_annotation_v1,A,q_피부관리_03,에스테틱,뷰티·미용 중 '피부관리'를 판매·제공하는 매장,test,피부관리,T2 동의어,1e946cea-1054-418c-a56c-d12ea2a79387,맑을린 에스테틱,피부미용업,계림아이파크SK뷰 골목형상점가,골목형상점가,광주광역시,,,
aaa500dd08c8beb642a9,full_annotation_v1,A,q_피부관리_03,에스테틱,뷰티·미용 중 '피부관리'를 판매·제공하는 매장,test,피부관리,T2 동의어,b0411d92-b9c4-4683-97c9-34f2305dbc97,더제니스,의류,사직시장(구 사직전통시장),전통시장,충청북도,,,
0ad38e5312eef3952ddc,full_annotation_v1,A,q_피부관리_04,왁싱,뷰티·미용 중 '피부관리'를 판매·제공하는 매장,test,피부관리,T2 동의어,508ecebe-9c67-40f2-89c0-d6b3b36eed72,"안녕,예쁜사람",왁싱,화정금화로상인회 골목형상점가,골목형상점가,광주광역시,,,
738206aa06a09b046b56,full_annotation_v1,A,q_피부관리_04,왁싱,뷰티·미용 중 '피부관리'를 판매·제공하는 매장,test,피부관리,T2 동의어,006a3db3-f148-48fb-a3ac-1a758ffae755,제이솜에스테틱,피부관리,효행구봉담상점가,골목형상점가,경기도,,,
2f8800cf0d8f9a42171b,full_annotation_v1,A,q_피부관리_04,왁싱,뷰티·미용 중 '피부관리'를 판매·제공하는 매장,test,피부관리,T2 동의어,0fdc9c25-c93f-4614-ad04-089e2f862540,조이뷰티&왁싱,피부미용,왕지상가,자율상권구역,전라남도,,,
abf4d25cdc3ecf0a25cf,full_annotation_v1,A,q_피부관리_04,왁싱,뷰티·미용 중 '피부관리'를 판매·제공하는 매장,test,피부관리,T2 동의어,00286d17-4dd8-4803-9e0d-4ce25169c0f7,에이치컬링,눈썹,약수초등길 중산 골목형상점가,골목형상점가,울산광역시,,,
492e88ca7eac866eee36,full_annotation_v1,A,q_피부관리_04,왁싱,뷰티·미용 중 '피부관리'를 판매·제공하는 매장,test,피부관리,T2 동의어,792178f1-96e6-46d7-962a-a772387e2ae3,왁싱오브나이팅게일 광주점,왁싱,첨단강변로 골목형상점가,골목형상점가,광주광역시,,,
339b55a27d942f1681bb,full_annotation_v1,A,q_피부관리_04,왁싱,뷰티·미용 중 '피부관리'를 판매·제공하는 매장,test,피부관리,T2 동의어,ed4bda7c-9b70-4be1-83c2-868dee1d6182,네일바이슬,네일 왁싱,신창동가구의거리일번국도상점가,자율상권구역,광주광역시,,,
f83240db7e4549da7eac,full_annotation_v1,A,q_피부관리_04,왁싱,뷰티·미용 중 '피부관리'를 판매·제공하는 매장,test,피부관리,T2 동의어,e4e45f1d-ac84-4cfd-abdd-e21785767241,22뷰티,속눈썹 왁싱,우산동상인회 골목형상점가,골목형상점가,광주광역시,,,
fccbc31ba7ca1c98d39b,full_annotation_v1,A,q_피부관리_04,왁싱,뷰티·미용 중 '피부관리'를 판매·제공하는 매장,test,피부관리,T2 동의어,2c83f6bf-df2e-4af4-a24e-fccca93ae95e,디어모왁싱,속눈썹 왁싱,온누리상인회 골목형상점가,골목형상점가,광주광역시,,,
8fa2910bac6ea7941bf8,full_annotation_v1,A,q_피부관리_04,왁싱,뷰티·미용 중 '피부관리'를 판매·제공하는 매장,test,피부관리,T2 동의어,2078c731-a9cf-4370-b73a-5e44cc885e3c,왁싱탑탠,피부미용왁싱,배방상점가,자율상권구역,충청남도,,,
78c9104985ab402f5c7b,full_annotation_v1,A,q_피부관리_04,왁싱,뷰티·미용 중 '피부관리'를 판매·제공하는 매장,test,피부관리,T2 동의어,003cdc8a-95fe-43ea-8350-f4c63913a6f8,정선화장품,화장품,오천시장,전통시장,경상북도,,,
8c4e625fc674c2ebe9e4,full_annotation_v1,A,q_피부관리_04,왁싱,뷰티·미용 중 '피부관리'를 판매·제공하는 매장,test,피부관리,T2 동의어,75a29b8e-f049-4a06-b63c-58302e3ec15b,셀렉왁싱,왁싱,화삼골상인회 골목형상점가,골목형상점가,광주광역시,,,
2c15a34133090300ae85,full_annotation_v1,A,q_피부관리_04,왁싱,뷰티·미용 중 '피부관리'를 판매·제공하는 매장,test,피부관리,T2 동의어,6f21d7c7-b93b-45e4-b11e-2c377fa80475,왁싱유,왁싱,운남우방 골목형상점가,골목형상점가,광주광역시,,,
9b0ab2a0e2b21f22875c,full_annotation_v1,A,q_피부관리_04,왁싱,뷰티·미용 중 '피부관리'를 판매·제공하는 매장,test,피부관리,T2 동의어,c4b124ec-f711-4b5a-8e99-daed2da2c935,제이비뷰티,속눈썹 왁싱,계림아이파크SK뷰 골목형상점가,골목형상점가,광주광역시,,,
f0fae8062640ab37f9bb,full_annotation_v1,A,q_피부관리_04,왁싱,뷰티·미용 중 '피부관리'를 판매·제공하는 매장,test,피부관리,T2 동의어,727bf6a6-cc97-4393-aec4-8444ecae2943,뺑이식당,한식,정이있는 구포시장,전통시장,부산광역시,,,
1d64de6db27fae7e250d,full_annotation_v1,A,q_피부관리_04,왁싱,뷰티·미용 중 '피부관리'를 판매·제공하는 매장,test,피부관리,T2 동의어,0a73dbd1-eb6d-4ebd-9ddb-9ad369a823b8,하늘빛합기도,교육서비스,새샘하루 골목형상점가,골목형상점가,세종특별자치시,,,
682075b4807d0b3146f2,full_annotation_v1,A,q_피부관리_04,왁싱,뷰티·미용 중 '피부관리'를 판매·제공하는 매장,test,피부관리,T2 동의어,2409d003-e94b-44f6-8128-bbdcfca5c184,클리어왁싱,왁싱,한들물빛도시 골목형 상점가,골목형상점가,충청남도,,,
63a9794d01bb47afb511,full_annotation_v1,A,q_피부관리_04,왁싱,뷰티·미용 중 '피부관리'를 판매·제공하는 매장,test,피부관리,T2 동의어,e3110c4a-1b62-41be-8cca-9e19061e6019,왁싱킴,화장품 왁싱 속눈썹,두정동상점가,자율상권구역,충청남도,,,
52e3d5fcaf65fab1704a,full_annotation_v1,A,q_피부관리_04,왁싱,뷰티·미용 중 '피부관리'를 판매·제공하는 매장,test,피부관리,T2 동의어,1d39494e-cc63-4ac2-af0f-0f349de60e56,르주비아 에스테틱,,포항중앙상가,전통시장,경상북도,,,
05a62b658c925ab942cd,full_annotation_v1,A,q_피부관리_04,왁싱,뷰티·미용 중 '피부관리'를 판매·제공하는 매장,test,피부관리,T2 동의어,75dd044b-1bf5-42f7-8469-b2123423fe9f,효즈네일&속눈썹&왁싱,,인하문화의거리 골목형상점가,골목형상점가,인천광역시,,,
64359f0251baf0fea32c,full_annotation_v1,A,q_피부관리_04,왁싱,뷰티·미용 중 '피부관리'를 판매·제공하는 매장,test,피부관리,T2 동의어,ba789b75-3e54-42ac-a83f-e3b4d2f95912,배스킨라빈스 (목포 하당),아이스크림,하당꽃길1가 골목형상점가,골목형상점가,전라남도,,,
5aee1c74f2318a45b974,full_annotation_v1,A,q_피부관리_04,왁싱,뷰티·미용 중 '피부관리'를 판매·제공하는 매장,test,피부관리,T2 동의어,e6f49270-89f4-43f5-80e1-08de0908b363,무르,피부미용 및 왁싱,치평동아파트연합상인회 골목형상점가,골목형상점가,광주광역시,,,
3e6a4a5e24b8afe62472,full_annotation_v1,A,q_피부관리_04,왁싱,뷰티·미용 중 '피부관리'를 판매·제공하는 매장,test,피부관리,T2 동의어,c8411f4b-bbc5-4031-9407-303225905209,맨즈우먼 태닝&왁싱,왁싱,치평광명상가상인회 골목형상점가,골목형상점가,광주광역시,,,
4a4c3999dccaa7e805ec,full_annotation_v1,A,q_피부관리_04,왁싱,뷰티·미용 중 '피부관리'를 판매·제공하는 매장,test,피부관리,T2 동의어,00222f52-5d1f-4fb1-b0a6-7b4864ce177f,아리따움서대문연희점,화장품,연희사러가,전통시장,서울특별시,,,
b02868368d9929931b02,full_annotation_v1,A,q_피부관리_04,왁싱,뷰티·미용 중 '피부관리'를 판매·제공하는 매장,test,피부관리,T2 동의어,ad2f7acc-6eb1-4d5d-a614-c5fc0f8741ce,더블리스왁싱 광주첨단점,왁싱,첨단이웃사랑 골목형상점가,골목형상점가,광주광역시,,,
c5e55b3d230248e37fb7,full_annotation_v1,A,q_피부관리_04,왁싱,뷰티·미용 중 '피부관리'를 판매·제공하는 매장,test,피부관리,T2 동의어,7cfc8ffb-e1dc-4e4b-8dd8-5409aef83dca,결,여성의류,부산진시장,전통시장,부산광역시,,,
fc7a14635010f85adbae,full_annotation_v1,A,q_피부관리_04,왁싱,뷰티·미용 중 '피부관리'를 판매·제공하는 매장,test,피부관리,T2 동의어,181d4438-dacd-4334-9f8c-cce671bb5f00,모넌왁싱,왁싱,성수역골목형상점가,골목형상점가,서울특별시,,,
44876e5895a673443d7a,full_annotation_v1,A,q_피부관리_04,왁싱,뷰티·미용 중 '피부관리'를 판매·제공하는 매장,test,피부관리,T2 동의어,04197336-2bd8-40eb-95d9-f9bd1d83b049,아온에스테틱,,대방디엠시티 골목형상점가,골목형상점가,전북특별자치도,,,
11465b77dea6409b825a,full_annotation_v1,A,q_피부관리_04,왁싱,뷰티·미용 중 '피부관리'를 판매·제공하는 매장,test,피부관리,T2 동의어,00998e68-6f7e-4b3f-9476-72ba1ac3466e,라테라스 테라피,피부관리,치평1230상인회 골목형상점가,골목형상점가,광주광역시,,,
c6498e8f19d979efb7c5,full_annotation_v1,A,q_피부관리_04,왁싱,뷰티·미용 중 '피부관리'를 판매·제공하는 매장,test,피부관리,T2 동의어,00131122-77cf-4772-b141-202f0f950f5c,라라샵,화장품,유성신나는 골목형상점가,골목형상점가,대전광역시,,,
90f84180412843ab3ea3,full_annotation_v1,A,q_피부관리_04,왁싱,뷰티·미용 중 '피부관리'를 판매·제공하는 매장,test,피부관리,T2 동의어,3ff9318c-0584-4ce6-ad90-72f7bf218d71,원오브왁싱,왁싱,각화2지구 골목형상점가,골목형상점가,광주광역시,,,
b85b747720303aaa6e36,full_annotation_v1,A,q_피부관리_04,왁싱,뷰티·미용 중 '피부관리'를 판매·제공하는 매장,test,피부관리,T2 동의어,c7d4cf3e-4c1a-4f55-853d-125f7e698fcc,브리엘 왁싱,피부미용,보정중심 골목형상점가,골목형상점가,경기도,,,
814dcda4579487687646,full_annotation_v1,A,q_피부관리_04,왁싱,뷰티·미용 중 '피부관리'를 판매·제공하는 매장,test,피부관리,T2 동의어,d395dc55-a8b8-406a-a427-a83efe82613b,BHC,치킨,외대글로벌길 골목형상점가,골목형상점가,경기도,,,
bf4208da0827d5a12080,full_annotation_v1,A,q_피부관리_04,왁싱,뷰티·미용 중 '피부관리'를 판매·제공하는 매장,test,피부관리,T2 동의어,e4a314a2-50af-4a2b-98be-4851832ff3a6,써니왁싱,"피부관리, 왁싱",흥국상가,자율상권구역,전라남도,,,
121a4cdf1f35c1e263e5,full_annotation_v1,A,q_피부관리_04,왁싱,뷰티·미용 중 '피부관리'를 판매·제공하는 매장,test,피부관리,T2 동의어,355201b1-2e5c-49db-8cef-c4c37161a8bd,레브뷰티,피부 왁싱,계림그랜드센트럴 골목형상점가,골목형상점가,광주광역시,,,
862c312172b1b90063a7,full_annotation_v1,A,q_피부관리_04,왁싱,뷰티·미용 중 '피부관리'를 판매·제공하는 매장,test,피부관리,T2 동의어,d7686848-a967-4ba9-9dad-0d44b604d493,터치라인,속눈썹 왁싱,BOCA 보카상점가,골목형상점가,경기도,,,
03ccc3ad1eabf026efa0,full_annotation_v1,A,q_피부관리_04,왁싱,뷰티·미용 중 '피부관리'를 판매·제공하는 매장,test,피부관리,T2 동의어,5ef0f7c7-1082-4d0f-9236-4eb01b4e20a9,슈가앤필,왁싱,계림그랜드센트럴 골목형상점가,골목형상점가,광주광역시,,,
524cbec37cbc06b3f717,full_annotation_v1,A,q_피부관리_04,왁싱,뷰티·미용 중 '피부관리'를 판매·제공하는 매장,test,피부관리,T2 동의어,0c3f6ae1-9bec-46f1-a43a-b61009758761,세종왁싱 보람뷰티,왁싱 속눈썹펌,보람동 골목형상점가,골목형상점가,세종특별자치시,,,
b3d97bd2abcdcc30a430,full_annotation_v1,A,q_피부관리_04,왁싱,뷰티·미용 중 '피부관리'를 판매·제공하는 매장,test,피부관리,T2 동의어,49b731ab-4875-4e93-a289-2af3ae8e8a05,퀸스킨&왁싱,스킨케어,솔올중앞골목형상점가,골목형상점가,강원특별자치도,,,
3bf0898211251a36bf20,full_annotation_v1,A,q_피부관리_04,왁싱,뷰티·미용 중 '피부관리'를 판매·제공하는 매장,test,피부관리,T2 동의어,9c78e6fd-7b0e-45e2-ac4c-76e60629b88b,비아살롱,네일 왁싱,약수시장골목형상점가,골목형상점가,서울특별시,,,
52bdb04e4a5f1e6043c2,full_annotation_v1,A,q_피부관리_04,왁싱,뷰티·미용 중 '피부관리'를 판매·제공하는 매장,test,피부관리,T2 동의어,f905d64e-cc92-440c-9928-63e01fafdad1,엄지뷰티 왁싱&토탈샵 담양본점,왁싱,담양중앙 골목형상점가,골목형상점가,전라남도,,,
627a14b501a302f24aed,full_annotation_v1,A,q_피부관리_04,왁싱,뷰티·미용 중 '피부관리'를 판매·제공하는 매장,test,피부관리,T2 동의어,5605e0db-bcab-4881-8c8b-86726ffaf03d,도미노피자,피자,뒷개로청춘골목상점가,골목형상점가,전라남도,,,
550e932ba280649f185c,full_annotation_v1,A,q_피부관리_04,왁싱,뷰티·미용 중 '피부관리'를 판매·제공하는 매장,test,피부관리,T2 동의어,b9675871-9830-4ab9-8292-2f5e44c798c3,아야나뷰티 세종점 속눈썹&왁싱,속눈썹 왁싱,나성동 소방청 골목형상점가,골목형상점가,세종특별자치시,,,
287a09ed90188d07163f,full_annotation_v1,A,q_피부관리_04,왁싱,뷰티·미용 중 '피부관리'를 판매·제공하는 매장,test,피부관리,T2 동의어,0d176e2a-696f-4810-8a90-2054d23c6078,아이리스,왁싱,엄사 골목형상점가,골목형상점가,충청남도,,,
937037f49f2d1e2854d3,full_annotation_v1,A,q_피부관리_04,왁싱,뷰티·미용 중 '피부관리'를 판매·제공하는 매장,test,피부관리,T2 동의어,8d563b3e-79b3-4cf5-a172-da254d19e7aa,영글로우 슈가링,왁싱,나주혁신도시 골목형상점가,골목형상점가,전라남도,,,
2d977ec4ffec95c36919,full_annotation_v1,A,q_피부관리_04,왁싱,뷰티·미용 중 '피부관리'를 판매·제공하는 매장,test,피부관리,T2 동의어,00265f28-b733-4489-86bc-b86339c2f6c0,이비속눈썹,속눈썹연장,추억담은광주역뒷길 골목형상점가,골목형상점가,광주광역시,,,
0546c438fa76c8ea8da1,full_annotation_v1,A,q_피부관리_04,왁싱,뷰티·미용 중 '피부관리'를 판매·제공하는 매장,test,피부관리,T2 동의어,c8d59ce9-cec3-486b-9375-4f0f7c116e65,남산중앙약국,의약품,천안중앙시장,전통시장,충청남도,,,
0679083c880653c8014f,full_annotation_v1,A,q_피부관리_04,왁싱,뷰티·미용 중 '피부관리'를 판매·제공하는 매장,test,피부관리,T2 동의어,ff411902-2ea6-4b4a-b89b-c171c59304a7,아몰리왁싱,왁싱,옥정폴리플라자5차상점가,골목형상점가,경기도,,,
b7a1a4ac34ec71401d11,full_annotation_v1,A,q_피부관리_04,왁싱,뷰티·미용 중 '피부관리'를 판매·제공하는 매장,test,피부관리,T2 동의어,365f59e4-1034-415c-ba9c-5848e4e0f3d1,야미마라탕,마라탕,외대글로벌길 골목형상점가,골목형상점가,경기도,,,
e6d68232e259282238b2,full_annotation_v1,A,q_피부관리_04,왁싱,뷰티·미용 중 '피부관리'를 판매·제공하는 매장,test,피부관리,T2 동의어,0017ec9c-4997-4ef5-a552-7fffc7dd149c,아리따움 진주서부점,화장품,진주 새서부시장,전통시장,경상남도,,,
2e21b310c9e6be243a80,full_annotation_v1,A,q_피부관리_04,왁싱,뷰티·미용 중 '피부관리'를 판매·제공하는 매장,test,피부관리,T2 동의어,8e0250f4-fc7c-400c-9a62-736ec26d7213,키코왁싱,왁싱,도화동상점가,자율상권구역,서울특별시,,,
a6bbed2cc10120b3ab57,full_annotation_v1,A,q_피부관리_04,왁싱,뷰티·미용 중 '피부관리'를 판매·제공하는 매장,test,피부관리,T2 동의어,c021a580-bbe5-4118-b147-7bbb6c4d1bae,모왁싱,왁싱,보람동 골목형상점가,골목형상점가,세종특별자치시,,,
c75fda17b6e5475bdb69,full_annotation_v1,A,q_피부관리_04,왁싱,뷰티·미용 중 '피부관리'를 판매·제공하는 매장,test,피부관리,T2 동의어,013c7cfa-cbf1-4606-bfd2-cae2985377c0,피크래쉬룸(PEAK LASH ROOM),"메이크업, 속눈썹",금암동 골목형상점가,골목형상점가,충청남도,,,
ea06767681dbff02cc59,full_annotation_v1,A,q_피부관리_04,왁싱,뷰티·미용 중 '피부관리'를 판매·제공하는 매장,test,피부관리,T2 동의어,4460041f-3a67-40ed-a092-0a7e516711f5,모모랩 김언니네 왁싱,바디왁싱,장동로터리 골목형상점가,골목형상점가,광주광역시,,,
c0ea9eaf9d0c0a34a789,full_annotation_v1,A,q_피부관리_04,왁싱,뷰티·미용 중 '피부관리'를 판매·제공하는 매장,test,피부관리,T2 동의어,532ad209-c36b-4157-b407-1aed4eb4f490,돌다리 자갈치꼼장어 & 솥뚜껑삼겹살,한식,구리전통시장,전통시장,경기도,,,
16771923d9769f1537d2,full_annotation_v1,A,q_피부관리_04,왁싱,뷰티·미용 중 '피부관리'를 판매·제공하는 매장,test,피부관리,T2 동의어,56b93bcc-e682-423c-a37e-18ddbb59928d,명심이족발,한식,양정전통시장,전통시장,부산광역시,,,
def884ffe0afec0e6489,full_annotation_v1,A,q_피부관리_04,왁싱,뷰티·미용 중 '피부관리'를 판매·제공하는 매장,test,피부관리,T2 동의어,008c73ed-3ece-452b-aa49-b96b73ff1ba1,온결 스킨앤바디,화장품,가재마을 골목형상점가,골목형상점가,세종특별자치시,,,
85d39aa3e085643d948e,full_annotation_v1,A,q_피부관리_04,왁싱,뷰티·미용 중 '피부관리'를 판매·제공하는 매장,test,피부관리,T2 동의어,3ed4cb5f-704c-48a4-9aaa-f9b794a56044,광주왁싱 무어시든,왁싱,중흥동 큰샘길 골목형상점가,골목형상점가,광주광역시,,,
812d02be6c6f16b260df,full_annotation_v1,A,q_피부관리_04,왁싱,뷰티·미용 중 '피부관리'를 판매·제공하는 매장,test,피부관리,T2 동의어,ece0f6c3-aa23-432c-9c05-aa7a5bb3ce69,춘심살롱,왁싱 피부,카림애비뉴애 골목형상점가,골목형상점가,세종특별자치시,,,
0dfaf014b61e6163f0ec,full_annotation_v1,A,q_피부관리_04,왁싱,뷰티·미용 중 '피부관리'를 판매·제공하는 매장,test,피부관리,T2 동의어,5e63146f-041d-4250-84b3-2ba606a10fd8,케이네일 앤 왁싱,,남악중앙 골목형상점가,골목형상점가,,,,
791daec135db7792c750,full_annotation_v1,A,q_피부관리_04,왁싱,뷰티·미용 중 '피부관리'를 판매·제공하는 매장,test,피부관리,T2 동의어,9ffd62f9-4547-4c91-8d41-20cb95323c74,오늘애김밥 광주수완점,분식,장덕로 골목형상점가,골목형상점가,광주광역시,,,
94b21dc3897c658eb752,full_annotation_v1,A,q_피부관리_04,왁싱,뷰티·미용 중 '피부관리'를 판매·제공하는 매장,test,피부관리,T2 동의어,31c00244-dec6-4577-85fc-7bfb56432a69,한가을헤어샵,,사동로 골목형상점가,골목형상점가,,,,
2e328a57ac59745436e3,full_annotation_v1,A,q_피부관리_04,왁싱,뷰티·미용 중 '피부관리'를 판매·제공하는 매장,test,피부관리,T2 동의어,f2057194-7fc8-4350-9a47-041fa2697a8a,뷰네뜨,왁싱,월산상가 골목형 상점가,골목형상점가,충청남도,,,
9aa34c506e3c7fd95be7,full_annotation_v1,A,q_피부관리_04,왁싱,뷰티·미용 중 '피부관리'를 판매·제공하는 매장,test,피부관리,T2 동의어,45a7e861-c278-46b9-b36a-fa227c5a39c1,라무드슈가링왁싱천안두정점,왁싱,두정동상점가,자율상권구역,충청남도,,,
f784d7b5443edf9e43e7,full_annotation_v1,A,q_피부관리_04,왁싱,뷰티·미용 중 '피부관리'를 판매·제공하는 매장,test,피부관리,T2 동의어,2f3b4b34-0392-42ac-8d20-367ca5b1daa6,브리예속눈썹왁싱,속눈썹 왁싱,의왕가구거리 골목형상점가,골목형상점가,경기도,,,
28ad088f683f4b590426,full_annotation_v1,A,q_피부관리_04,왁싱,뷰티·미용 중 '피부관리'를 판매·제공하는 매장,test,피부관리,T2 동의어,318480b4-a38c-4b2c-a5f6-022a771ce37a,드리다뷰티&왁싱,미용,늘솔길상인회 골목형상점가,골목형상점가,광주광역시,,,
832326c2a69744c0567f,full_annotation_v1,A,q_피부관리_04,왁싱,뷰티·미용 중 '피부관리'를 판매·제공하는 매장,test,피부관리,T2 동의어,b06e4b11-3b91-4046-97b2-2a99e46c9921,슈하링 왁싱,피부 미용업,대남숨길 골목형상점가,골목형상점가,광주광역시,,,
a7539c9f62c81920d7bd,full_annotation_v1,A,q_피부관리_04,왁싱,뷰티·미용 중 '피부관리'를 판매·제공하는 매장,test,피부관리,T2 동의어,476a7e22-7b21-4b82-b2c8-22255d498353,지니스세종소담동주민센터앞점,안경 및 렌즈,새샘하루 골목형상점가,골목형상점가,세종특별자치시,,,
162a16cae4dfb7abd029,full_annotation_v1,A,q_피부관리_04,왁싱,뷰티·미용 중 '피부관리'를 판매·제공하는 매장,test,피부관리,T2 동의어,006a03c8-0b03-4a37-bab3-4d9d608fbc7b,디바스킨 본점,피부관리,나주혁신도시 골목형상점가,골목형상점가,전라남도,,,
93678dcb514ff9e1ba6b,full_annotation_v1,A,q_피부관리_04,왁싱,뷰티·미용 중 '피부관리'를 판매·제공하는 매장,test,피부관리,T2 동의어,640b7b57-a0f2-4e6f-b2d2-49c7867af968,브로우죠닝,왁싱,LC타워거리 골목형상점가,골목형상점가,광주광역시,,,
8d43936eef6867834ef9,full_annotation_v1,A,q_피부관리_04,왁싱,뷰티·미용 중 '피부관리'를 판매·제공하는 매장,test,피부관리,T2 동의어,0b781873-4848-440d-9845-519fe314cb94,비비한 뷰티&왁싱,피부왁싱,호남동불로동천변 골목형상점가,골목형상점가,광주광역시,,,
50fc7da2712ce8331fe5,full_annotation_v1,A,q_피부관리_04,왁싱,뷰티·미용 중 '피부관리'를 판매·제공하는 매장,test,피부관리,T2 동의어,c410b9a6-8ba0-4778-acbb-7dd644472dc5,온미왁싱,왁싱 피부미용,다산중앙로 상점가,자율상권구역,경기도,,,
3434a8b0e6ee94f6a336,full_annotation_v1,A,q_피부관리_04,왁싱,뷰티·미용 중 '피부관리'를 판매·제공하는 매장,test,피부관리,T2 동의어,2abefd73-aa57-4d3e-a10e-4fd69c62eb3f,제이왁싱,왁싱,성남중앙지하시장,일반지하상점가,경기도,,,
12f297368a0e334b7244,full_annotation_v1,A,q_피부관리_04,왁싱,뷰티·미용 중 '피부관리'를 판매·제공하는 매장,test,피부관리,T2 동의어,797af1c2-91ea-43a1-99cc-c4ebe702b388,하파데이,,사동로 골목형상점가,골목형상점가,,,,
2341fc6ef47ba50141fb,full_annotation_v1,A,q_피부관리_04,왁싱,뷰티·미용 중 '피부관리'를 판매·제공하는 매장,test,피부관리,T2 동의어,cd403c1a-d796-4de0-b7c2-c704ac223cdf,미령뷰티&왁싱,피부미용,참샘상인회 골목형상점가,골목형상점가,광주광역시,,,
b2d93c2b85cda59a0806,full_annotation_v1,A,q_피부관리_04,왁싱,뷰티·미용 중 '피부관리'를 판매·제공하는 매장,test,피부관리,T2 동의어,04e23271-38ff-40c1-92b8-657773758b60,무아르왁싱,"왁싱, 제모",과천스마트케이 골목형상점가,골목형상점가,경기도,,,
d907ffa4314e682da6b2,full_annotation_v1,A,q_피부관리_04,왁싱,뷰티·미용 중 '피부관리'를 판매·제공하는 매장,test,피부관리,T2 동의어,44d42965-b8d7-4f62-b89f-99693829bdfb,멜로우왁싱피부광주전대점,피부 왁싱,전남대후문골목형상점가,골목형상점가,광주광역시,,,
2e0f2cea8b622c04e0f7,full_annotation_v1,A,q_피부관리_04,왁싱,뷰티·미용 중 '피부관리'를 판매·제공하는 매장,test,피부관리,T2 동의어,14f45676-ca6f-4fcb-aea7-c6b95ac1a077,루아 휴 헤드스파&에스테틱,,퍼스트원 골목형상점가,골목형상점가,세종특별자치시,,,
2f18fb586b3c252f8965,full_annotation_v1,A,q_피부관리_04,왁싱,뷰티·미용 중 '피부관리'를 판매·제공하는 매장,test,피부관리,T2 동의어,db9af001-9d88-4871-b708-b470085903c1,리포윅스슈가링왁싱 전대점,왁싱,전남대후문골목형상점가,골목형상점가,광주광역시,,,
21d9b5f3f58bccb1011f,full_annotation_v1,A,q_피부관리_04,왁싱,뷰티·미용 중 '피부관리'를 판매·제공하는 매장,test,피부관리,T2 동의어,1b13ec1f-7859-45cf-a003-9f266882dbfa,김포속눈썹&왁싱 투앤투뷰티,"속눈썹, 피부, 왁싱",현대센트럴스퀘어,골목형상점가,경기도,,,
81d90e327c1452e46805,full_annotation_v1,A,q_피부관리_04,왁싱,뷰티·미용 중 '피부관리'를 판매·제공하는 매장,test,피부관리,T2 동의어,7e916dfa-c2da-4870-9498-3f9a3983f190,왁싱샵입니다,왁싱,천안신부문화거리상점가,자율상권구역,충청남도,,,
b3767c3d2caa0695f645,full_annotation_v1,A,q_피부관리_04,왁싱,뷰티·미용 중 '피부관리'를 판매·제공하는 매장,test,피부관리,T2 동의어,02288afa-ef79-4f20-a297-bf30982d8a6b,제이지니테라피,피부관리. 윤곽. 비대칭관리,부천 옥길 골목형상점가,골목형상점가,경기도,,,
f5d7e2b6b9dfd0ac3a12,full_annotation_v1,A,q_피부관리_04,왁싱,뷰티·미용 중 '피부관리'를 판매·제공하는 매장,test,피부관리,T2 동의어,0133de50-f3d8-44d7-99fb-0a05f3b2b13e,졔졔살롱,속눈썹미용,운암이 골목형상점가,골목형상점가,광주광역시,,,
f2a7afc8786e173670ee,full_annotation_v1,A,q_피부관리_04,왁싱,뷰티·미용 중 '피부관리'를 판매·제공하는 매장,test,피부관리,T2 동의어,8b95ed41-ca3f-4719-ac96-06b99b8dcf65,하이슈가왁싱,왁싱,나주혁신도시 골목형상점가,골목형상점가,전라남도,,,
5d64e3fff71260ec0b6a,full_annotation_v1,A,q_피부관리_04,왁싱,뷰티·미용 중 '피부관리'를 판매·제공하는 매장,test,피부관리,T2 동의어,2a40f421-c1f9-42a6-ab0c-5680fd7cfe60,비나이다,"커피, 디저트",대구예전우시장,전통시장,대구광역시,,,
48c8446f2ecaffecef8c,full_annotation_v1,A,q_피부관리_04,왁싱,뷰티·미용 중 '피부관리'를 판매·제공하는 매장,test,피부관리,T2 동의어,c01eaf1d-d41e-4a31-bab3-d055aedb4145,시링,왁싱,맛조이상인회 골목형상점가,골목형상점가,광주광역시,,,
474299a6afb8b56468a3,full_annotation_v1,A,q_피부관리_04,왁싱,뷰티·미용 중 '피부관리'를 판매·제공하는 매장,test,피부관리,T2 동의어,0145ebc4-2c3b-48a5-bdee-30b3cbffc69a,비바뷰티왁싱스튜디오,왁싱,백운진다리 골목형상점가,골목형상점가,광주광역시,,,
41ad3c216d9532015198,full_annotation_v1,A,q_피부관리_04,왁싱,뷰티·미용 중 '피부관리'를 판매·제공하는 매장,test,피부관리,T2 동의어,01c0d290-258d-473d-b10e-ab313f96502b,연에스테틱,,유촌동상인회 골목형상점가,골목형상점가,광주광역시,,,
b8bc4e6b478c56ded1b1,full_annotation_v1,A,q_피부관리_04,왁싱,뷰티·미용 중 '피부관리'를 판매·제공하는 매장,test,피부관리,T2 동의어,1060f6c9-0b6c-4684-a1c2-5e251173af7d,왁싱쿤,왁싱서비스,상무1동아파트상인회 골목형상점가,골목형상점가,광주광역시,,,
718faa8ad5b5b3544d4b,full_annotation_v1,A,q_피부관리_04,왁싱,뷰티·미용 중 '피부관리'를 판매·제공하는 매장,test,피부관리,T2 동의어,046c8087-df4f-4578-bcf6-ddb6ac06bd93,아나토미 에스테틱 천안점,에스테틱,불당1번가골목형상점가,골목형상점가,충청남도,,,
28278e1a8a96cfeeeebb,full_annotation_v1,A,q_피부관리_04,왁싱,뷰티·미용 중 '피부관리'를 판매·제공하는 매장,test,피부관리,T2 동의어,c94f5dbf-55e3-4e54-96f0-dc9f8512f5ff,리아트뷰티&왁싱,피부미용속눈썹 왁싱,어썸시티,골목형상점가,광주광역시,,,
4eba3300984eb82f65cd,full_annotation_v1,A,q_피부관리_04,왁싱,뷰티·미용 중 '피부관리'를 판매·제공하는 매장,test,피부관리,T2 동의어,bab95ca3-697c-4323-8641-d36c36b1f326,벨로티뷰티,"속눈썹, 왁싱",양산동 골목형상점가,골목형상점가,광주광역시,,,
2e61ad5c616fee36ac4b,full_annotation_v1,A,q_피부관리_04,왁싱,뷰티·미용 중 '피부관리'를 판매·제공하는 매장,test,피부관리,T2 동의어,beb61fdc-cc08-40f0-ac60-27d3c6c2222b,하동반찬,반찬,관문상가시장,전통시장,대구광역시,,,
4a18d1225233b8399d00,full_annotation_v1,A,q_피부관리_04,왁싱,뷰티·미용 중 '피부관리'를 판매·제공하는 매장,test,피부관리,T2 동의어,bde1528f-c826-469d-9e07-294c3837c3d3,라벨르,왁싱,평촌1번가 상점가,자율상권구역,경기도,,,
b8bc25a44b7d6eadb053,full_annotation_v1,A,q_피부관리_04,왁싱,뷰티·미용 중 '피부관리'를 판매·제공하는 매장,test,피부관리,T2 동의어,ce43a80b-3f17-4a51-8eba-339bf1ef66db,by담아,속눈썹펌 왁싱,하남 골목형상점가,골목형상점가,광주광역시,,,
5c0bfc80ec89349d7ed0,full_annotation_v1,A,q_피부관리_04,왁싱,뷰티·미용 중 '피부관리'를 판매·제공하는 매장,test,피부관리,T2 동의어,d5fe2818-0f26-4d93-91bd-25b6704063fc,원라벨뷰티&왁싱,왁싱,설죽로 패션의거리 골목형상점가,골목형상점가,광주광역시,,,
757caf91be179959eb28,full_annotation_v1,A,q_피부관리_04,왁싱,뷰티·미용 중 '피부관리'를 판매·제공하는 매장,test,피부관리,T2 동의어,28a1f173-0c6c-496b-a041-ab3c607d6b72,유즈 왁싱&뷰티,왁싱,쌍촌역상인회 골목형상점가,골목형상점가,광주광역시,,,
86a9f29549c01a878ccb,full_annotation_v1,A,q_피부관리_04,왁싱,뷰티·미용 중 '피부관리'를 판매·제공하는 매장,test,피부관리,T2 동의어,022f921a-9545-4be5-a4ce-d628a782c282,마이뷰티,피부관리 왁싱 속눈썹,마산 오동동 창동 어시장 상권활성화구역,상권활성화구역,경상남도,,,
335d4ebe0d68ec3db8bd,full_annotation_v1,A,q_피부관리_04,왁싱,뷰티·미용 중 '피부관리'를 판매·제공하는 매장,test,피부관리,T2 동의어,004a8de5-69c1-4c55-a507-54e016703431,마중물뷰티동,소매(화장품),은마종합상점가,자율상권구역,서울특별시,,,
d30882910e02f581f2bc,full_annotation_v1,A,q_피부관리_04,왁싱,뷰티·미용 중 '피부관리'를 판매·제공하는 매장,test,피부관리,T2 동의어,2215daf5-066c-467d-bdb2-dda228bbd030,아이유 왁싱,,안흥초교 사거리 골목형상점가,골목형상점가,경기도,,,
8d8413b4e51ff0e16181,full_annotation_v1,A,q_피부관리_04,왁싱,뷰티·미용 중 '피부관리'를 판매·제공하는 매장,test,피부관리,T2 동의어,28123165-7bde-494a-8480-ccf0ed222dba,브리즈비,왁싱 피부관리,의정부로데오상점가,자율상권구역,경기도,,,
d6d9c55606a0bc190d9f,full_annotation_v1,A,q_피부관리_05,속눈썹 연장,뷰티·미용 중 '피부관리'를 판매·제공하는 매장,test,피부관리,T5 서비스,34452c9a-739f-49d8-9944-a087b544e818,까망뷰티,속눈썹,화성향남2지구상점가,자율상권구역,경기도,,,
f79d23667fd1fd285930,full_annotation_v1,A,q_피부관리_05,속눈썹 연장,뷰티·미용 중 '피부관리'를 판매·제공하는 매장,test,피부관리,T5 서비스,667d0346-b37a-473f-b064-6f16af851967,미인만들기,속눈썹,맘모스상가 골목형상점가,골목형상점가,부산광역시,,,
09665b5688c165c6ddcd,full_annotation_v1,A,q_피부관리_05,속눈썹 연장,뷰티·미용 중 '피부관리'를 판매·제공하는 매장,test,피부관리,T5 서비스,5af2c705-04bc-45a4-bc3c-e8db03ecb96d,이엘래쉬,속눈썹,신림별빛거리골목형상점가,골목형상점가,서울특별시,,,
1d626883e6430da74524,full_annotation_v1,A,q_피부관리_05,속눈썹 연장,뷰티·미용 중 '피부관리'를 판매·제공하는 매장,test,피부관리,T5 서비스,3ce13656-1891-40be-ac0f-80ae1d5ca29a,스타속눈썹,속눈썹연장,매봉 골목형상점가,골목형상점가,광주광역시,,,
a6259fb660d83f35c0b2,full_annotation_v1,A,q_피부관리_05,속눈썹 연장,뷰티·미용 중 '피부관리'를 판매·제공하는 매장,test,피부관리,T5 서비스,00222f52-5d1f-4fb1-b0a6-7b4864ce177f,아리따움서대문연희점,화장품,연희사러가,전통시장,서울특별시,,,
6442136a05bcc64f92a8,full_annotation_v1,A,q_피부관리_05,속눈썹 연장,뷰티·미용 중 '피부관리'를 판매·제공하는 매장,test,피부관리,T5 서비스,de2a8ffd-dcd1-46ae-a0de-4b24cbaaafd1,또오다래쉬,속눈썹,정선사북시장,전통시장,강원특별자치도,,,
a83590379b4d1a85e2b7,full_annotation_v1,A,q_피부관리_05,속눈썹 연장,뷰티·미용 중 '피부관리'를 판매·제공하는 매장,test,피부관리,T5 서비스,93795f0e-5c8b-4e75-bc62-66a306c9775c,버블래쉬,속눈썹,평촌1번가 상점가,자율상권구역,경기도,,,
a265eebe2710ba530f46,full_annotation_v1,A,q_피부관리_05,속눈썹 연장,뷰티·미용 중 '피부관리'를 판매·제공하는 매장,test,피부관리,T5 서비스,5acc7359-7911-41b1-875a-82af4bcf3273,아임래쉬,속눈썹,목대온기 골목형상점가,골목형상점가,대전광역시,,,
5e56f721ca74c10059c7,full_annotation_v1,A,q_피부관리_05,속눈썹 연장,뷰티·미용 중 '피부관리'를 판매·제공하는 매장,test,피부관리,T5 서비스,8c356246-8217-4be0-ac0f-28918d1fcabc,첫눈애 속눈썹,속눈썹,현대센트럴스퀘어,골목형상점가,경기도,,,
d48be5ee480dfba91c64,full_annotation_v1,A,q_피부관리_05,속눈썹 연장,뷰티·미용 중 '피부관리'를 판매·제공하는 매장,test,피부관리,T5 서비스,f148ed2e-3476-4a99-822f-5f4015fa81eb,조이뷰티,속눈썹증모 연장,정부청사 골목형상점가,골목형상점가,광주광역시,,,
435930ec8bece9339411,full_annotation_v1,A,q_피부관리_05,속눈썹 연장,뷰티·미용 중 '피부관리'를 판매·제공하는 매장,test,피부관리,T5 서비스,96435949-602a-47dc-a1ba-f50677d68436,복주는뷰티샵,메이크업속눈썹펌 연장,선운별 골목형상점가,골목형상점가,광주광역시,,,
0e0568554107104c4e36,full_annotation_v1,A,q_피부관리_05,속눈썹 연장,뷰티·미용 중 '피부관리'를 판매·제공하는 매장,test,피부관리,T5 서비스,eb80cdec-f33b-4cd4-a2b0-aeff52b7dbeb,이유엘,속눈썹,오케이 양산동 골목형상점가,골목형상점가,광주광역시,,,
8899fe3e6e3f9851cc4d,full_annotation_v1,A,q_피부관리_05,속눈썹 연장,뷰티·미용 중 '피부관리'를 판매·제공하는 매장,test,피부관리,T5 서비스,b62e6eef-2d66-401b-a058-b930e3410340,베어래쉬,속눈썹 연장,평촌1번가 상점가,자율상권구역,경기도,,,
e22be10aed5081596d18,full_annotation_v1,A,q_피부관리_05,속눈썹 연장,뷰티·미용 중 '피부관리'를 판매·제공하는 매장,test,피부관리,T5 서비스,bc933edc-4f95-4110-aa31-eb1a34865838,누니브로우,속눈썹,설악로데오거리상점가,자율상권구역,강원특별자치도,,,
f85fea2b241c7d0fd35e,full_annotation_v1,A,q_피부관리_05,속눈썹 연장,뷰티·미용 중 '피부관리'를 판매·제공하는 매장,test,피부관리,T5 서비스,ae8f0b6b-7de2-471a-b25e-333aa6e25afd,이끌레르,속눈썹,풍암호수앞상인회 골목형상점가,골목형상점가,광주광역시,,,
4e195bcd7dcdb5076735,full_annotation_v1,A,q_피부관리_05,속눈썹 연장,뷰티·미용 중 '피부관리'를 판매·제공하는 매장,test,피부관리,T5 서비스,7c92e237-f215-4b1c-a700-d2e3c2023b1b,조밭골,한식,명덕마을 골목형상점가,골목형상점가,울산광역시,,,
bbbdd374623352389b51,full_annotation_v1,A,q_피부관리_05,속눈썹 연장,뷰티·미용 중 '피부관리'를 판매·제공하는 매장,test,피부관리,T5 서비스,00286d17-4dd8-4803-9e0d-4ce25169c0f7,에이치컬링,눈썹,약수초등길 중산 골목형상점가,골목형상점가,울산광역시,,,
085b671a703ab204715b,full_annotation_v1,A,q_피부관리_05,속눈썹 연장,뷰티·미용 중 '피부관리'를 판매·제공하는 매장,test,피부관리,T5 서비스,95608a5f-fb23-4777-8f91-e25e035c30ea,고향순대,순대국,공주산성시장,전통시장,충청남도,,,
1558016c058e1522fd8e,full_annotation_v1,A,q_피부관리_05,속눈썹 연장,뷰티·미용 중 '피부관리'를 판매·제공하는 매장,test,피부관리,T5 서비스,79a75239-9ec0-4d83-8aac-0c05e8498ee1,바림브로우 양주옥정점,속눈썹 펌 연장,옥정폴리플라자5차상점가,골목형상점가,경기도,,,
8207bd5a4989daf632f3,full_annotation_v1,A,q_피부관리_05,속눈썹 연장,뷰티·미용 중 '피부관리'를 판매·제공하는 매장,test,피부관리,T5 서비스,e1deb9af-d181-40c6-90f0-ed47e95d52e9,홍뷰티샵,속눈썹 연장 증모,화성향남2지구상점가,자율상권구역,경기도,,,
473a0d3c7724d792dd08,full_annotation_v1,A,q_피부관리_05,속눈썹 연장,뷰티·미용 중 '피부관리'를 판매·제공하는 매장,test,피부관리,T5 서비스,01c0d290-258d-473d-b10e-ab313f96502b,연에스테틱,,유촌동상인회 골목형상점가,골목형상점가,광주광역시,,,
1081db8f2d82c402fab3,full_annotation_v1,A,q_피부관리_05,속눈썹 연장,뷰티·미용 중 '피부관리'를 판매·제공하는 매장,test,피부관리,T5 서비스,c0f45014-2374-4520-ba70-f27370d78915,브라이드마리,웨딩드레스,백석역 골목형상점가,골목형상점가,경기도,,,
79b2e32d08baba8408bd,full_annotation_v1,A,q_피부관리_05,속눈썹 연장,뷰티·미용 중 '피부관리'를 판매·제공하는 매장,test,피부관리,T5 서비스,0017ec9c-4997-4ef5-a552-7fffc7dd149c,아리따움 진주서부점,화장품,진주 새서부시장,전통시장,경상남도,,,
ebdf9152fb3a713cc6b7,full_annotation_v1,A,q_피부관리_05,속눈썹 연장,뷰티·미용 중 '피부관리'를 판매·제공하는 매장,test,피부관리,T5 서비스,046c8087-df4f-4578-bcf6-ddb6ac06bd93,아나토미 에스테틱 천안점,에스테틱,불당1번가골목형상점가,골목형상점가,충청남도,,,
1647bfc4b7859c1e651c,full_annotation_v1,A,q_피부관리_05,속눈썹 연장,뷰티·미용 중 '피부관리'를 판매·제공하는 매장,test,피부관리,T5 서비스,75acd15b-35d1-4b9a-bb99-68e41731d19f,이프라인,속눈썹,나성동 골목형상점가,골목형상점가,세종특별자치시,,,
5c757a3b93078ed541fd,full_annotation_v1,A,q_피부관리_05,속눈썹 연장,뷰티·미용 중 '피부관리'를 판매·제공하는 매장,test,피부관리,T5 서비스,7aa59cee-5e9d-4e7b-b415-05e1f2d271bf,오늘the예쁜눈썹,속눈썹,서방골 골목형상점가,골목형상점가,광주광역시,,,
3c47374dd4d372c1e899,full_annotation_v1,A,q_피부관리_05,속눈썹 연장,뷰티·미용 중 '피부관리'를 판매·제공하는 매장,test,피부관리,T5 서비스,1d8563a3-6453-4917-8557-2e0f451878cf,뮤트온,속눈썹,양림공예거리 골목형상점가,골목형상점가,광주광역시,,,
54cd12da44faf543a52a,full_annotation_v1,A,q_피부관리_05,속눈썹 연장,뷰티·미용 중 '피부관리'를 판매·제공하는 매장,test,피부관리,T5 서비스,f4efb8a0-d62e-412a-9f9d-0e60ab022141,슈속눈썹,속눈썹 미용업,거제 장평종합시장,전통시장,경상남도,,,
42c6493f0db44fa8332b,full_annotation_v1,A,q_피부관리_05,속눈썹 연장,뷰티·미용 중 '피부관리'를 판매·제공하는 매장,test,피부관리,T5 서비스,7530b294-47f4-4aaa-b668-a7aaf2bca105,제니래쉬,속눈썹 연장 펌 화장품 소매업,산수초앞 골목형상점가,골목형상점가,광주광역시,,,
8bc524ba6af57666ee6d,full_annotation_v1,A,q_피부관리_05,속눈썹 연장,뷰티·미용 중 '피부관리'를 판매·제공하는 매장,test,피부관리,T5 서비스,df5901c8-6791-4e1a-b1b5-ff83de0f2b2b,블링블링네일샵,"네일관리, 속눈썹 연장, 페디큐어, 젤네일, 손발톱손질",별내별가람역상점가,골목형상점가,경기도,,,
d14b32b8878d30d4d019,full_annotation_v1,A,q_피부관리_05,속눈썹 연장,뷰티·미용 중 '피부관리'를 판매·제공하는 매장,test,피부관리,T5 서비스,bc03a335-853d-43eb-9b77-eb5027b1c6da,유어데이,속눈썹,원,골목형상점가,광주광역시,,,
9fa379c7f42cf18c97d0,full_annotation_v1,A,q_피부관리_05,속눈썹 연장,뷰티·미용 중 '피부관리'를 판매·제공하는 매장,test,피부관리,T5 서비스,b9494bed-d2fb-427a-b75c-5b42433fdb67,에이(A)4돈까스,한식,이천중앙로상가,자율상권구역,경기도,,,
6244bf1ce97abf04e906,full_annotation_v1,A,q_피부관리_05,속눈썹 연장,뷰티·미용 중 '피부관리'를 판매·제공하는 매장,test,피부관리,T5 서비스,d179a423-0259-4806-9016-5127cfbbeaa1,지코바숯불치킨,치킨,명덕마을 골목형상점가,골목형상점가,울산광역시,,,
e1ca57526538989060d4,full_annotation_v1,A,q_피부관리_05,속눈썹 연장,뷰티·미용 중 '피부관리'를 판매·제공하는 매장,test,피부관리,T5 서비스,0b781873-4848-440d-9845-519fe314cb94,비비한 뷰티&왁싱,피부왁싱,호남동불로동천변 골목형상점가,골목형상점가,광주광역시,,,
6bab292f722b3c4028ab,full_annotation_v1,A,q_피부관리_05,속눈썹 연장,뷰티·미용 중 '피부관리'를 판매·제공하는 매장,test,피부관리,T5 서비스,00998e68-6f7e-4b3f-9476-72ba1ac3466e,라테라스 테라피,피부관리,치평1230상인회 골목형상점가,골목형상점가,광주광역시,,,
f9dab2f447ffc65282ea,full_annotation_v1,A,q_피부관리_05,속눈썹 연장,뷰티·미용 중 '피부관리'를 판매·제공하는 매장,test,피부관리,T5 서비스,bfb5910c-9bf5-4ff4-9867-6e27ac750c88,퓨어미,속눈썹,월곡달빛오거리골목형상점가,골목형상점가,서울특별시,,,
ee028113a7636af8a5f2,full_annotation_v1,A,q_피부관리_05,속눈썹 연장,뷰티·미용 중 '피부관리'를 판매·제공하는 매장,test,피부관리,T5 서비스,004a8de5-69c1-4c55-a507-54e016703431,마중물뷰티동,소매(화장품),은마종합상점가,자율상권구역,서울특별시,,,
45323948c1b704f54971,full_annotation_v1,A,q_피부관리_05,속눈썹 연장,뷰티·미용 중 '피부관리'를 판매·제공하는 매장,test,피부관리,T5 서비스,cdde0755-9275-4ac1-81b3-5f197fd92456,아토(Atto),속눈썹 연장 펌,능동상가,자율상권구역,경기도,,,
011439fa0e30a43565cc,full_annotation_v1,A,q_피부관리_05,속눈썹 연장,뷰티·미용 중 '피부관리'를 판매·제공하는 매장,test,피부관리,T5 서비스,f78b58d4-5939-40ec-9683-2b415c5ec0f8,뷰티더비,속눈썹,광복마을길 골목형상점가,골목형상점가,광주광역시,,,
0787cd49bb450c7790bc,full_annotation_v1,A,q_피부관리_05,속눈썹 연장,뷰티·미용 중 '피부관리'를 판매·제공하는 매장,test,피부관리,T5 서비스,5cace896-d37b-4e1c-aa6a-1fd1ccf23540,밥끼,편의점물품,광탄전통시장,전통시장,경기도,,,
a4c76c82ca8486d53deb,full_annotation_v1,A,q_피부관리_05,속눈썹 연장,뷰티·미용 중 '피부관리'를 판매·제공하는 매장,test,피부관리,T5 서비스,dd612da9-f87c-431c-b9c1-f83e7074005f,송아이래쉬,속눈썹,엄사 골목형상점가,골목형상점가,충청남도,,,
276fa6380c616a117587,full_annotation_v1,A,q_피부관리_05,속눈썹 연장,뷰티·미용 중 '피부관리'를 판매·제공하는 매장,test,피부관리,T5 서비스,9e129584-e199-413a-872e-367b458fe514,자연스런눈썹,속눈썹,마륵동상인회 골목형상점가,골목형상점가,광주광역시,,,
1411fc71959c2ee00a9d,full_annotation_v1,A,q_피부관리_05,속눈썹 연장,뷰티·미용 중 '피부관리'를 판매·제공하는 매장,test,피부관리,T5 서비스,52601f73-99b1-4f51-9043-ef7afee396ed,"네일도,속눈썹","속눈썹, 네일",하단자율상권구역,기타,부산광역시,,,
e5e0e6c46b1f92522dea,full_annotation_v1,A,q_피부관리_05,속눈썹 연장,뷰티·미용 중 '피부관리'를 판매·제공하는 매장,test,피부관리,T5 서비스,2a0026d0-ce28-4b1a-b574-cec645ea0a40,퀸뷰티샵,속눈썹,성남중앙지하시장,일반지하상점가,경기도,,,
2b8546b4afca0ded94d0,full_annotation_v1,A,q_피부관리_05,속눈썹 연장,뷰티·미용 중 '피부관리'를 판매·제공하는 매장,test,피부관리,T5 서비스,db7ffc4b-3314-4470-b3dd-a3f79c92201f,크리스탈아이래쉬,속눈썹펌 연장,평촌역 상점가,자율상권구역,경기도,,,
93b6b7e0fdba59203aa1,full_annotation_v1,A,q_피부관리_05,속눈썹 연장,뷰티·미용 중 '피부관리'를 판매·제공하는 매장,test,피부관리,T5 서비스,f9994d42-529d-40bf-9fdf-3242a4ac854c,유앤미뷰티,속눈썹,신세계앞상인회 골목형상점가,골목형상점가,광주광역시,,,
0708c020fddeffe0df61,full_annotation_v1,A,q_피부관리_05,속눈썹 연장,뷰티·미용 중 '피부관리'를 판매·제공하는 매장,test,피부관리,T5 서비스,1605747c-d46b-4f80-8777-1308d3ff625e,아이레이디,속눈썹,신용동 골목형상점가,골목형상점가,광주광역시,,,
e30bdde5b9ab217b2e67,full_annotation_v1,A,q_피부관리_05,속눈썹 연장,뷰티·미용 중 '피부관리'를 판매·제공하는 매장,test,피부관리,T5 서비스,008c73ed-3ece-452b-aa49-b96b73ff1ba1,온결 스킨앤바디,화장품,가재마을 골목형상점가,골목형상점가,세종특별자치시,,,
b80c8723203fb2747337,full_annotation_v1,A,q_피부관리_05,속눈썹 연장,뷰티·미용 중 '피부관리'를 판매·제공하는 매장,test,피부관리,T5 서비스,04e23271-38ff-40c1-92b8-657773758b60,무아르왁싱,"왁싱, 제모",과천스마트케이 골목형상점가,골목형상점가,경기도,,,
55fa499dab800a951169,full_annotation_v1,A,q_피부관리_05,속눈썹 연장,뷰티·미용 중 '피부관리'를 판매·제공하는 매장,test,피부관리,T5 서비스,c3dd7319-73f4-4aa4-8a6e-e54ccbba4705,미미샾,속눈썹,의정부역지하상가,일반지하상점가,경기도,,,
c487ea63defb781629b5,full_annotation_v1,A,q_피부관리_05,속눈썹 연장,뷰티·미용 중 '피부관리'를 판매·제공하는 매장,test,피부관리,T5 서비스,0133de50-f3d8-44d7-99fb-0a05f3b2b13e,졔졔살롱,속눈썹미용,운암이 골목형상점가,골목형상점가,광주광역시,,,
f1061e4fd70d8a96127f,full_annotation_v1,A,q_피부관리_05,속눈썹 연장,뷰티·미용 중 '피부관리'를 판매·제공하는 매장,test,피부관리,T5 서비스,6e8cf584-d574-423a-9a7c-479341a6e4a1,눈썹공쥬,속눈썹,봉선1로 골목형상점가,골목형상점가,광주광역시,,,
fc3396ed976e95c00430,full_annotation_v1,A,q_피부관리_05,속눈썹 연장,뷰티·미용 중 '피부관리'를 판매·제공하는 매장,test,피부관리,T5 서비스,bb777c49-f9b5-41ed-bdec-7ed435545f07,여기래쉬,속눈썹,선운별 골목형상점가,골목형상점가,광주광역시,,,
a07a53b41aa4d2bf07b6,full_annotation_v1,A,q_피부관리_05,속눈썹 연장,뷰티·미용 중 '피부관리'를 판매·제공하는 매장,test,피부관리,T5 서비스,7a4d5783-53ec-4dc8-9a3d-2aacf7ce16fc,디어써니,속눈썹,월곡달빛오거리골목형상점가,골목형상점가,서울특별시,,,
0b47cbe323d6276a9a1d,full_annotation_v1,A,q_피부관리_05,속눈썹 연장,뷰티·미용 중 '피부관리'를 판매·제공하는 매장,test,피부관리,T5 서비스,675e9c3f-b2a8-4ff7-ba86-baa0d692968c,달다뷰티,속눈썹,나주혁신도시 골목형상점가,골목형상점가,전라남도,,,
4ec3bae87fa632b5b206,full_annotation_v1,A,q_피부관리_05,속눈썹 연장,뷰티·미용 중 '피부관리'를 판매·제공하는 매장,test,피부관리,T5 서비스,6fd0a33a-8fc1-436e-a2b0-891c4b3cbfac,플라이래쉬,속눈썹 연장 피부미용,운천상무시장 골목형상점가,골목형상점가,광주광역시,,,
677d5b2b4ca4a1c0896d,full_annotation_v1,A,q_피부관리_05,속눈썹 연장,뷰티·미용 중 '피부관리'를 판매·제공하는 매장,test,피부관리,T5 서비스,bce5cf67-6304-400c-a580-7e3028052a37,유위드,속눈썹,중외공원길 골목형상점가,골목형상점가,광주광역시,,,
5edd342bcfba38777a39,full_annotation_v1,A,q_피부관리_05,속눈썹 연장,뷰티·미용 중 '피부관리'를 판매·제공하는 매장,test,피부관리,T5 서비스,14f45676-ca6f-4fcb-aea7-c6b95ac1a077,루아 휴 헤드스파&에스테틱,,퍼스트원 골목형상점가,골목형상점가,세종특별자치시,,,
10d1e847717586053b18,full_annotation_v1,A,q_피부관리_05,속눈썹 연장,뷰티·미용 중 '피부관리'를 판매·제공하는 매장,test,피부관리,T5 서비스,f3c5e771-269b-4a35-a996-b6da6b7b864a,비앙카뷰티 본점,미용서비스,백석역 골목형상점가,골목형상점가,경기도,,,
8dc70af4fbc37ea795ce,full_annotation_v1,A,q_피부관리_05,속눈썹 연장,뷰티·미용 중 '피부관리'를 판매·제공하는 매장,test,피부관리,T5 서비스,3a73a207-a135-4e50-9df9-58bd8ea30785,제이유래쉬,속눈썹,호매실역중심상가 골목형상점가,골목형상점가,경기도,,,
2b10504961f443af6e72,full_annotation_v1,A,q_피부관리_05,속눈썹 연장,뷰티·미용 중 '피부관리'를 판매·제공하는 매장,test,피부관리,T5 서비스,7c7eb950-f7e4-45f4-938b-4947ab1c0e5b,블루밍아이래쉬,속눈썹증모 연장,혁신도시5구역골목형상점가,골목형상점가,강원특별자치도,,,
662c7fcc63da07e98664,full_annotation_v1,A,q_피부관리_05,속눈썹 연장,뷰티·미용 중 '피부관리'를 판매·제공하는 매장,test,피부관리,T5 서비스,02288afa-ef79-4f20-a297-bf30982d8a6b,제이지니테라피,피부관리. 윤곽. 비대칭관리,부천 옥길 골목형상점가,골목형상점가,경기도,,,
3db7d65ec6d8759c151c,full_annotation_v1,A,q_피부관리_05,속눈썹 연장,뷰티·미용 중 '피부관리'를 판매·제공하는 매장,test,피부관리,T5 서비스,c2c425c3-02e8-4f4b-8f82-50fb65c35a51,써니 속눈썹,속눈썹,첨단시네파크 골목형상점가,골목형상점가,광주광역시,,,
ef945c3920188dc5c712,full_annotation_v1,A,q_피부관리_05,속눈썹 연장,뷰티·미용 중 '피부관리'를 판매·제공하는 매장,test,피부관리,T5 서비스,013c7cfa-cbf1-4606-bfd2-cae2985377c0,피크래쉬룸(PEAK LASH ROOM),"메이크업, 속눈썹",금암동 골목형상점가,골목형상점가,충청남도,,,
a1e199e200663ea92ffd,full_annotation_v1,A,q_피부관리_05,속눈썹 연장,뷰티·미용 중 '피부관리'를 판매·제공하는 매장,test,피부관리,T5 서비스,951d147c-f2ee-4c1c-a2a4-87b1f6218dec,아벨라헤어,미용실,샘머리 골목형상점가,골목형상점가,대전광역시,,,
23810d9dff5f5429eb04,full_annotation_v1,A,q_피부관리_05,속눈썹 연장,뷰티·미용 중 '피부관리'를 판매·제공하는 매장,test,피부관리,T5 서비스,0145ebc4-2c3b-48a5-bdee-30b3cbffc69a,비바뷰티왁싱스튜디오,왁싱,백운진다리 골목형상점가,골목형상점가,광주광역시,,,
f4d7ced4b142089751af,full_annotation_v1,A,q_피부관리_05,속눈썹 연장,뷰티·미용 중 '피부관리'를 판매·제공하는 매장,test,피부관리,T5 서비스,e84b16f9-d996-45e6-8b9c-64729925a62a,퀸비속눈썹,속눈썹,금산프라자 골목형상점가,골목형상점가,경기도,,,
14e9e2a8ac3aeed9db1a,full_annotation_v1,A,q_피부관리_05,속눈썹 연장,뷰티·미용 중 '피부관리'를 판매·제공하는 매장,test,피부관리,T5 서비스,f62e4a2d-6c0b-48d7-909a-6c3a2d16d72d,레이디스,속눈썹 연장 속눈썹 펌,부평 문화의거리,전통시장,인천광역시,,,
fadcdd376b03d671d2a7,full_annotation_v1,A,q_피부관리_05,속눈썹 연장,뷰티·미용 중 '피부관리'를 판매·제공하는 매장,test,피부관리,T5 서비스,7e65ac17-c67c-43d2-a5ed-e11400427b93,로즈드엘,속눈썹,온새미로상인회 골목형상점가,골목형상점가,광주광역시,,,
166d69f0213b206213dd,full_annotation_v1,A,q_피부관리_05,속눈썹 연장,뷰티·미용 중 '피부관리'를 판매·제공하는 매장,test,피부관리,T5 서비스,cfbfa154-4e68-46f6-9f8f-6934e4bac398,라라뷰티,속눈썹,창원 성원그랜드쇼핑상가,전통시장,경상남도,,,
da20e2653d37d72566f6,full_annotation_v1,A,q_피부관리_05,속눈썹 연장,뷰티·미용 중 '피부관리'를 판매·제공하는 매장,test,피부관리,T5 서비스,95c04d45-f80d-4cea-9030-672405d4fa86,윤이크,속눈썹,첨단이웃사랑 골목형상점가,골목형상점가,광주광역시,,,
12e0c4978d1f07f0034f,full_annotation_v1,A,q_피부관리_05,속눈썹 연장,뷰티·미용 중 '피부관리'를 판매·제공하는 매장,test,피부관리,T5 서비스,072ec852-5c33-4a82-b557-89a2925dff58,빽보이피자전주효자점,양식 피자 서양식,봉곡우전로 골목형상점가,골목형상점가,전북특별자치도,,,
ea008e5b4412dc496ff0,full_annotation_v1,A,q_피부관리_05,속눈썹 연장,뷰티·미용 중 '피부관리'를 판매·제공하는 매장,test,피부관리,T5 서비스,006a03c8-0b03-4a37-bab3-4d9d608fbc7b,디바스킨 본점,피부관리,나주혁신도시 골목형상점가,골목형상점가,전라남도,,,
4667fc0fbfbd8a5a9bda,full_annotation_v1,A,q_피부관리_05,속눈썹 연장,뷰티·미용 중 '피부관리'를 판매·제공하는 매장,test,피부관리,T5 서비스,f89160cf-0788-440d-a56c-648d13736392,설라인,속눈썹,첨단청사초롱길 골목형상점가,골목형상점가,광주광역시,,,
e9809f17a04095144582,full_annotation_v1,A,q_피부관리_05,속눈썹 연장,뷰티·미용 중 '피부관리'를 판매·제공하는 매장,test,피부관리,T5 서비스,2f0a3579-ecfa-49a1-bf9e-55512757d117,탑퀄래쉬,속눈썹,운암 예술 골목형상점가,골목형상점가,광주광역시,,,
e3c1f653eb175238bf2e,full_annotation_v1,A,q_피부관리_05,속눈썹 연장,뷰티·미용 중 '피부관리'를 판매·제공하는 매장,test,피부관리,T5 서비스,1f510dfe-dfbd-459e-ab50-7fbdb8944756,빨간여우,의류,하이닉스골목형상점가,골목형상점가,경기도,,,
5b171746c1bfe6a75339,full_annotation_v1,A,q_피부관리_05,속눈썹 연장,뷰티·미용 중 '피부관리'를 판매·제공하는 매장,test,피부관리,T5 서비스,00131122-77cf-4772-b141-202f0f950f5c,라라샵,화장품,유성신나는 골목형상점가,골목형상점가,대전광역시,,,
89bffc58b1984cbe1534,full_annotation_v1,A,q_피부관리_05,속눈썹 연장,뷰티·미용 중 '피부관리'를 판매·제공하는 매장,test,피부관리,T5 서비스,8568fcc6-c096-4f6c-97dd-a0d8d563c35a,루시아이,속눈썹연장 및 속눈썹 펌,신가동 골목형상점가,골목형상점가,광주광역시,,,
d58ba7b3d8b83085912e,full_annotation_v1,A,q_피부관리_05,속눈썹 연장,뷰티·미용 중 '피부관리'를 판매·제공하는 매장,test,피부관리,T5 서비스,18cee621-63d6-44b1-aea3-44133ddbc2bf,아름다운속눈썹,피부미용,봉곡우전로 골목형상점가,골목형상점가,전북특별자치도,,,
8e982dfccfb8e1dcfe62,full_annotation_v1,A,q_피부관리_05,속눈썹 연장,뷰티·미용 중 '피부관리'를 판매·제공하는 매장,test,피부관리,T5 서비스,490473b5-6838-46e5-915e-9c97344e4fcf,섬세희,속눈썹,무등산그린웰로제비앙 골목형상점가,골목형상점가,광주광역시,,,
acb19e23a7cf4b1c6b28,full_annotation_v1,A,q_피부관리_05,속눈썹 연장,뷰티·미용 중 '피부관리'를 판매·제공하는 매장,test,피부관리,T5 서비스,33a3f7f0-a5ad-4f75-921f-49e851d82fae,트웬티뷰티,속눈썹,하남3지구 골목형상점가,골목형상점가,광주광역시,,,
08e69aff01119976dd10,full_annotation_v1,A,q_피부관리_05,속눈썹 연장,뷰티·미용 중 '피부관리'를 판매·제공하는 매장,test,피부관리,T5 서비스,5d1d11d7-1a05-4f3f-a7bf-e91324f4231c,아이라이트,속눈썹 연장 및 속눈썹 펌 시술,정부청사 골목형상점가,골목형상점가,광주광역시,,,
acfb0adc6461f0cc3faa,full_annotation_v1,A,q_피부관리_05,속눈썹 연장,뷰티·미용 중 '피부관리'를 판매·제공하는 매장,test,피부관리,T5 서비스,96e1ac48-8c39-43c1-a6f5-7bcc7d02df1d,비니속눈썹,속눈썹,웰컴시티,전통시장,울산광역시,,,
74eeb9d6e1105a5c91ee,full_annotation_v1,A,q_피부관리_05,속눈썹 연장,뷰티·미용 중 '피부관리'를 판매·제공하는 매장,test,피부관리,T5 서비스,4afddc58-8c9c-4ee8-a6e4-251aca1ed73c,진부BYC,속옷,진부전통시장,전통시장,강원특별자치도,,,
7009839d6177a09deb62,full_annotation_v1,A,q_피부관리_05,속눈썹 연장,뷰티·미용 중 '피부관리'를 판매·제공하는 매장,test,피부관리,T5 서비스,23108fbc-db09-4922-8273-effe64c8a090,대구유통원고개점,슈퍼,원고개시장,전통시장,대구광역시,,,
90efd3e400bcacdf2785,full_annotation_v1,A,q_피부관리_05,속눈썹 연장,뷰티·미용 중 '피부관리'를 판매·제공하는 매장,test,피부관리,T5 서비스,a4eb3f39-7886-413f-a3e6-a10385d06c39,아이보라,속눈썹 연장,광천동상인회 골목형상점가,골목형상점가,광주광역시,,,
78ca71dd3262282e62e9,full_annotation_v1,A,q_피부관리_05,속눈썹 연장,뷰티·미용 중 '피부관리'를 판매·제공하는 매장,test,피부관리,T5 서비스,e955fa96-9787-4815-a92a-f2faeb328ac2,하나로축산,식육,샘머리 골목형상점가,골목형상점가,대전광역시,,,
ba1eab5cab132d78325b,full_annotation_v1,A,q_피부관리_05,속눈썹 연장,뷰티·미용 중 '피부관리'를 판매·제공하는 매장,test,피부관리,T5 서비스,04197336-2bd8-40eb-95d9-f9bd1d83b049,아온에스테틱,,대방디엠시티 골목형상점가,골목형상점가,전북특별자치도,,,
c0abfa876150fa0b2d38,full_annotation_v1,A,q_피부관리_05,속눈썹 연장,뷰티·미용 중 '피부관리'를 판매·제공하는 매장,test,피부관리,T5 서비스,42dbdde7-ae1d-413e-a6f9-e13a277be2e5,이엠뷰티,속눈썹,야탑 골목형상점가,골목형상점가,경기도,,,
38338ab7ee42d3aff174,full_annotation_v1,A,q_피부관리_05,속눈썹 연장,뷰티·미용 중 '피부관리'를 판매·제공하는 매장,test,피부관리,T5 서비스,0ed827bf-beec-4e81-b4c8-9520b217bc47,더재인,미용 속눈썹,산본로데오거리(구 산본중심상가),자율상권구역,경기도,,,
2c5d0b854b3061d247dd,full_annotation_v1,A,q_피부관리_05,속눈썹 연장,뷰티·미용 중 '피부관리'를 판매·제공하는 매장,test,피부관리,T5 서비스,820c3557-bbb6-4914-b19a-343b1537be16,김대리뷰티랩,"속눈썹 펌, 속눈썹 연장",태장사거리 골목형상점가,골목형상점가,경기도,,,
4a2071dc9d7a52cb627e,full_annotation_v1,A,q_피부관리_05,속눈썹 연장,뷰티·미용 중 '피부관리'를 판매·제공하는 매장,test,피부관리,T5 서비스,5d6d12db-4046-4822-86b1-c985786ab845,썸래쉬,속눈썹 연장,매곡 골목형상점가,골목형상점가,대구광역시,,,
4a36c6d29136cd5d56fe,full_annotation_v1,A,q_피부관리_05,속눈썹 연장,뷰티·미용 중 '피부관리'를 판매·제공하는 매장,test,피부관리,T5 서비스,1d39494e-cc63-4ac2-af0f-0f349de60e56,르주비아 에스테틱,,포항중앙상가,전통시장,경상북도,,,
6e8328b734718e81f538,full_annotation_v1,A,q_피부관리_05,속눈썹 연장,뷰티·미용 중 '피부관리'를 판매·제공하는 매장,test,피부관리,T5 서비스,79e37c2d-6053-45c7-aa67-baf0eef7591f,오베아(OBEA),"속눈썹 연장, 속눈썹 펌",북구빛나는 골목형상점가,골목형상점가,광주광역시,,,
eea3102346ecd74bf851,full_annotation_v1,A,q_피부관리_05,속눈썹 연장,뷰티·미용 중 '피부관리'를 판매·제공하는 매장,test,피부관리,T5 서비스,00265f28-b733-4489-86bc-b86339c2f6c0,이비속눈썹,속눈썹연장,추억담은광주역뒷길 골목형상점가,골목형상점가,광주광역시,,,
9f4e02ff498e1f74f941,full_annotation_v1,A,q_피부관리_05,속눈썹 연장,뷰티·미용 중 '피부관리'를 판매·제공하는 매장,test,피부관리,T5 서비스,56856f3c-ae37-4b21-b0f8-c76e8668cff4,젤리브로우,속눈썹,만년동 골목형상점가,골목형상점가,대전광역시,,,
e14e64f704541cd98093,full_annotation_v1,A,q_피부관리_05,속눈썹 연장,뷰티·미용 중 '피부관리'를 판매·제공하는 매장,test,피부관리,T5 서비스,b3d84c5f-1b55-4d32-bfdb-3b3c83e79c7d,청다롱,한식,두암1동 골목형상점가,골목형상점가,광주광역시,,,
e659cb730d5f9dff3474,full_annotation_v1,A,q_피부관리_05,속눈썹 연장,뷰티·미용 중 '피부관리'를 판매·제공하는 매장,test,피부관리,T5 서비스,006a3db3-f148-48fb-a3ac-1a758ffae755,제이솜에스테틱,피부관리,효행구봉담상점가,골목형상점가,경기도,,,
1f3e250935e381da3a82,full_annotation_v1,A,q_피부관리_05,속눈썹 연장,뷰티·미용 중 '피부관리'를 판매·제공하는 매장,test,피부관리,T5 서비스,0c3f6ae1-9bec-46f1-a43a-b61009758761,세종왁싱 보람뷰티,왁싱 속눈썹펌,보람동 골목형상점가,골목형상점가,세종특별자치시,,,
786b14b00b2e3848321f,full_annotation_v1,A,q_피부관리_05,속눈썹 연장,뷰티·미용 중 '피부관리'를 판매·제공하는 매장,test,피부관리,T5 서비스,03cf417c-a1dd-423e-ab5a-eb127713f806,지뎅,,상지대길골목형상점가,골목형상점가,강원특별자치도,,,
a1b5b2cb3c508df1cce5,full_annotation_v1,A,q_피부관리_05,속눈썹 연장,뷰티·미용 중 '피부관리'를 판매·제공하는 매장,test,피부관리,T5 서비스,925802dd-9547-4929-ac67-788503463cb9,한올hanol,속눈썹,연제주공 골목형상점가,골목형상점가,광주광역시,,,
603b08d49a9ff334eac2,full_annotation_v1,A,q_피부관리_05,속눈썹 연장,뷰티·미용 중 '피부관리'를 판매·제공하는 매장,test,피부관리,T5 서비스,003cdc8a-95fe-43ea-8350-f4c63913a6f8,정선화장품,화장품,오천시장,전통시장,경상북도,,,
da57bfbb18592ecfd374,full_annotation_v1,A,q_피부관리_05,속눈썹 연장,뷰티·미용 중 '피부관리'를 판매·제공하는 매장,test,피부관리,T5 서비스,022f921a-9545-4be5-a4ce-d628a782c282,마이뷰티,피부관리 왁싱 속눈썹,마산 오동동 창동 어시장 상권활성화구역,상권활성화구역,경상남도,,,
069c218cc5316b541a11,full_annotation_v1,A,q_피부관리_06,피부관리 받는 곳,뷰티·미용 중 '피부관리'를 판매·제공하는 매장,test,피부관리,T5 서비스,c77debf9-bc01-4286-89d2-cfef8ee59a88,늘그린스킨,피부관리,금곡 골목형상점가,골목형상점가,경기도,,,
727f5cfb5382a191194d,full_annotation_v1,A,q_피부관리_06,피부관리 받는 곳,뷰티·미용 중 '피부관리'를 판매·제공하는 매장,test,피부관리,T5 서비스,bec407e0-5b79-4f50-ad6d-8f78de1ed681,나나살롱,피부관리,석계음식문화거리골목형상점가,골목형상점가,서울특별시,,,
f9ea85ab6cd0e0be1713,full_annotation_v1,A,q_피부관리_06,피부관리 받는 곳,뷰티·미용 중 '피부관리'를 판매·제공하는 매장,test,피부관리,T5 서비스,00131122-77cf-4772-b141-202f0f950f5c,라라샵,화장품,유성신나는 골목형상점가,골목형상점가,대전광역시,,,
8339e22acba33ac70c4c,full_annotation_v1,A,q_피부관리_06,피부관리 받는 곳,뷰티·미용 중 '피부관리'를 판매·제공하는 매장,test,피부관리,T5 서비스,013c7cfa-cbf1-4606-bfd2-cae2985377c0,피크래쉬룸(PEAK LASH ROOM),"메이크업, 속눈썹",금암동 골목형상점가,골목형상점가,충청남도,,,
8f14010797e495a2196e,full_annotation_v1,A,q_피부관리_06,피부관리 받는 곳,뷰티·미용 중 '피부관리'를 판매·제공하는 매장,test,피부관리,T5 서비스,670e7311-d73b-4c4f-8c97-a306b4a212e1,김은영피부관리,피부관리,치평상무역상인회 골목형상점가,골목형상점가,광주광역시,,,
2a29da65e67ef85de268,full_annotation_v1,A,q_피부관리_06,피부관리 받는 곳,뷰티·미용 중 '피부관리'를 판매·제공하는 매장,test,피부관리,T5 서비스,8ee98680-6fb0-4199-bb92-76b7531b78dd,힐링스킨케어,피부관리,학운 골목형상점가,골목형상점가,광주광역시,,,
afecba6f9aae7313c814,full_annotation_v1,A,q_피부관리_06,피부관리 받는 곳,뷰티·미용 중 '피부관리'를 판매·제공하는 매장,test,피부관리,T5 서비스,e6996bf0-aedf-4c5c-a6de-0c0e951326b6,맑은피부관리,피부관리,매곡 가인 골목형상점가,골목형상점가,광주광역시,,,
9c24f90e41b8cf975dda,full_annotation_v1,A,q_피부관리_06,피부관리 받는 곳,뷰티·미용 중 '피부관리'를 판매·제공하는 매장,test,피부관리,T5 서비스,23fa1aa8-ccf5-4501-82ee-d9af496b59f8,메이스킨클리닉,피부관리,평촌1번가 상점가,자율상권구역,경기도,,,
b160394d5cbe07b3f5b9,full_annotation_v1,A,q_피부관리_06,피부관리 받는 곳,뷰티·미용 중 '피부관리'를 판매·제공하는 매장,test,피부관리,T5 서비스,24456103-f6b8-46af-8655-82e61d7265d8,커피가 머무르는 곳,커피,반드레길골목형상점가,골목형상점가,서울특별시,,,
ebd4ff7bb38cca5da342,full_annotation_v1,A,q_피부관리_06,피부관리 받는 곳,뷰티·미용 중 '피부관리'를 판매·제공하는 매장,test,피부관리,T5 서비스,046c8087-df4f-4578-bcf6-ddb6ac06bd93,아나토미 에스테틱 천안점,에스테틱,불당1번가골목형상점가,골목형상점가,충청남도,,,
acb7e35e538e13dca4d9,full_annotation_v1,A,q_피부관리_06,피부관리 받는 곳,뷰티·미용 중 '피부관리'를 판매·제공하는 매장,test,피부관리,T5 서비스,ff0b0947-0af2-4943-9130-6c55e50d9b4f,미원방앗간,방앗간,청주육거리종합시장,전통시장,충청북도,,,
f6bf2149704d2e6c1160,full_annotation_v1,A,q_피부관리_06,피부관리 받는 곳,뷰티·미용 중 '피부관리'를 판매·제공하는 매장,test,피부관리,T5 서비스,ff1a9c86-6703-4167-b07c-a522e4d347ce,창조페이스바디,피부관리,반석동 골목형상점가,골목형상점가,대전광역시,,,
0b02785b04663c7e3b4f,full_annotation_v1,A,q_피부관리_06,피부관리 받는 곳,뷰티·미용 중 '피부관리'를 판매·제공하는 매장,test,피부관리,T5 서비스,eb802516-84bf-46b3-8363-8d1b22ce2f72,바림,피부관리,우산중흥에쓰클래스 골목형상점가,골목형상점가,광주광역시,,,
72928a5d943362f909de,full_annotation_v1,A,q_피부관리_06,피부관리 받는 곳,뷰티·미용 중 '피부관리'를 판매·제공하는 매장,test,피부관리,T5 서비스,4a57a9fa-cdd9-4981-84b2-4deba0d69ba4,피부튼튼e,피부관리,오목교역8번출구골목형상점가,골목형상점가,서울특별시,,,
90e83f4ca6a54dccf8c1,full_annotation_v1,A,q_피부관리_06,피부관리 받는 곳,뷰티·미용 중 '피부관리'를 판매·제공하는 매장,test,피부관리,T5 서비스,01c0d290-258d-473d-b10e-ab313f96502b,연에스테틱,,유촌동상인회 골목형상점가,골목형상점가,광주광역시,,,
97972aad9c2fcc1c81d1,full_annotation_v1,A,q_피부관리_06,피부관리 받는 곳,뷰티·미용 중 '피부관리'를 판매·제공하는 매장,test,피부관리,T5 서비스,0c3f6ae1-9bec-46f1-a43a-b61009758761,세종왁싱 보람뷰티,왁싱 속눈썹펌,보람동 골목형상점가,골목형상점가,세종특별자치시,,,
51c29306f4527f212a80,full_annotation_v1,A,q_피부관리_06,피부관리 받는 곳,뷰티·미용 중 '피부관리'를 판매·제공하는 매장,test,피부관리,T5 서비스,14f45676-ca6f-4fcb-aea7-c6b95ac1a077,루아 휴 헤드스파&에스테틱,,퍼스트원 골목형상점가,골목형상점가,세종특별자치시,,,
1b920a41a3a507b449f5,full_annotation_v1,A,q_피부관리_06,피부관리 받는 곳,뷰티·미용 중 '피부관리'를 판매·제공하는 매장,test,피부관리,T5 서비스,eee4cb9a-447f-4e24-b168-de011b68be72,찬란하다,피부관리,힐스테이트에코 골목형상점가,골목형상점가,경기도,,,
9300733e7ad3a999fa41,full_annotation_v1,A,q_피부관리_06,피부관리 받는 곳,뷰티·미용 중 '피부관리'를 판매·제공하는 매장,test,피부관리,T5 서비스,fd5504b4-1c87-4515-8211-06fd9d6576eb,오마이래쉬,피부관리,호매실역중심상가 골목형상점가,골목형상점가,경기도,,,
2ea743b36ce39a1fc222,full_annotation_v1,A,q_피부관리_06,피부관리 받는 곳,뷰티·미용 중 '피부관리'를 판매·제공하는 매장,test,피부관리,T5 서비스,ccd3c493-e386-4a56-90d2-a63ea7d38739,미플러스,피부관리,은구비서로사회적협동조합 골목형상점가,골목형상점가,대전광역시,,,
8146d79d6a849622b45d,full_annotation_v1,A,q_피부관리_06,피부관리 받는 곳,뷰티·미용 중 '피부관리'를 판매·제공하는 매장,test,피부관리,T5 서비스,04e23271-38ff-40c1-92b8-657773758b60,무아르왁싱,"왁싱, 제모",과천스마트케이 골목형상점가,골목형상점가,경기도,,,
9158bc9ee8d52bdb802d,full_annotation_v1,A,q_피부관리_06,피부관리 받는 곳,뷰티·미용 중 '피부관리'를 판매·제공하는 매장,test,피부관리,T5 서비스,00222f52-5d1f-4fb1-b0a6-7b4864ce177f,아리따움서대문연희점,화장품,연희사러가,전통시장,서울특별시,,,
cb600d35e6c10c39a6d2,full_annotation_v1,A,q_피부관리_06,피부관리 받는 곳,뷰티·미용 중 '피부관리'를 판매·제공하는 매장,test,피부관리,T5 서비스,76a3551b-dae4-4326-92cc-662015aedbfb,쉴 곳,한식,칠성로상점가,자율상권구역,제주특별자치도,,,
4e32ddcfe55af7f10b8f,full_annotation_v1,A,q_피부관리_06,피부관리 받는 곳,뷰티·미용 중 '피부관리'를 판매·제공하는 매장,test,피부관리,T5 서비스,518e5458-7da9-4117-adc2-ba18b35ed2c0,이쁘지오 피부관리,,구미형곡시장프라자,전통시장,경상북도,,,
524ce0856eb4e49e7221,full_annotation_v1,A,q_피부관리_06,피부관리 받는 곳,뷰티·미용 중 '피부관리'를 판매·제공하는 매장,test,피부관리,T5 서비스,bfd410ab-f21e-4bf8-9523-9756fca23833,안리에스테틱,피부관리,남천동로108번길 골목형상점가,골목형상점가,부산광역시,,,
fc2c4c07d6d1b19d9ccf,full_annotation_v1,A,q_피부관리_06,피부관리 받는 곳,뷰티·미용 중 '피부관리'를 판매·제공하는 매장,test,피부관리,T5 서비스,7103f85e-1715-42c0-9dac-2d009dfb6667,지수 피부,피부관리,한들물빛도시 골목형 상점가,골목형상점가,충청남도,,,
afe15d9fc5d5fc94edfd,full_annotation_v1,A,q_피부관리_06,피부관리 받는 곳,뷰티·미용 중 '피부관리'를 판매·제공하는 매장,test,피부관리,T5 서비스,5a7b8116-b61e-44bd-ac0e-247581eb971e,태권호걸,태권도,신용동 골목형상점가,골목형상점가,광주광역시,,,
386863cfe437913e917f,full_annotation_v1,A,q_피부관리_06,피부관리 받는 곳,뷰티·미용 중 '피부관리'를 판매·제공하는 매장,test,피부관리,T5 서비스,9de4b13f-f088-40b5-b0f1-8f889aebc836,순,피부관리,남천바다내음 골목형상점가,골목형상점가,부산광역시,,,
88aac6f0917630ee9411,full_annotation_v1,A,q_피부관리_06,피부관리 받는 곳,뷰티·미용 중 '피부관리'를 판매·제공하는 매장,test,피부관리,T5 서비스,2941cb5a-c87c-464b-9e96-e52a65291485,약손명가에스테틱,피부관리,유안 골목형상점가,골목형상점가,광주광역시,,,
6a834a7934917b29ae58,full_annotation_v1,A,q_피부관리_06,피부관리 받는 곳,뷰티·미용 중 '피부관리'를 판매·제공하는 매장,test,피부관리,T5 서비스,f1da038b-03e1-4e1a-9d04-04c5d6a483fa,오복슈퍼,"식품, 잡화, 슈퍼",증평장뜰재래시장,전통시장,충청북도,,,
48be28dc2bc8a8bde25f,full_annotation_v1,A,q_피부관리_06,피부관리 받는 곳,뷰티·미용 중 '피부관리'를 판매·제공하는 매장,test,피부관리,T5 서비스,b8594c02-55cb-40fe-aa98-34dfd4fc19be,나보네에스테틱,피부관리,평촌역 상점가,자율상권구역,경기도,,,
5fe8068ab249df0b2325,full_annotation_v1,A,q_피부관리_06,피부관리 받는 곳,뷰티·미용 중 '피부관리'를 판매·제공하는 매장,test,피부관리,T5 서비스,943aa54a-f263-4742-99c9-4ef4acc9712a,플로렌스,피부관리,화정한울타리상인회 골목형상점가,골목형상점가,광주광역시,,,
38d5a2b5691c69b87e9b,full_annotation_v1,A,q_피부관리_06,피부관리 받는 곳,뷰티·미용 중 '피부관리'를 판매·제공하는 매장,test,피부관리,T5 서비스,5e8047ea-4879-4f80-bd71-351dfa01f818,피부봐요,피부관리,문흥라인아파트 골목형상점가,골목형상점가,광주광역시,,,
f18b11e5d213dd9b3a54,full_annotation_v1,A,q_피부관리_06,피부관리 받는 곳,뷰티·미용 중 '피부관리'를 판매·제공하는 매장,test,피부관리,T5 서비스,1d39494e-cc63-4ac2-af0f-0f349de60e56,르주비아 에스테틱,,포항중앙상가,전통시장,경상북도,,,
0f7892677357b8c3e3cf,full_annotation_v1,A,q_피부관리_06,피부관리 받는 곳,뷰티·미용 중 '피부관리'를 판매·제공하는 매장,test,피부관리,T5 서비스,b4d2891d-3bc5-4eb0-b16b-40ec831a9162,두얼몸짱,피부관리,건국다복 골목형상점가,골목형상점가,광주광역시,,,
6c8abcc551b66c73f49b,full_annotation_v1,A,q_피부관리_06,피부관리 받는 곳,뷰티·미용 중 '피부관리'를 판매·제공하는 매장,test,피부관리,T5 서비스,e166b4dd-b4a2-42a2-885e-e2b325e944ff,연에스테틱,피부관리,한마음,골목형상점가,광주광역시,,,
98487d31c1421f8aa3a6,full_annotation_v1,A,q_피부관리_06,피부관리 받는 곳,뷰티·미용 중 '피부관리'를 판매·제공하는 매장,test,피부관리,T5 서비스,2743811c-5e71-4d2b-aa75-1b0147d44f2d,사우 꽃이 피는 곳,꽃,김포 풍년마을 골목형상점가,골목형상점가,경기도,,,
b45b4f4988a9bf146b70,full_annotation_v1,A,q_피부관리_06,피부관리 받는 곳,뷰티·미용 중 '피부관리'를 판매·제공하는 매장,test,피부관리,T5 서비스,34797513-fc4e-4e04-945e-47790cb75025,셀디스터디카페 전남대후문점,스터디카페 이용권,전남대후문골목형상점가,골목형상점가,광주광역시,,,
60c01379e7ba99eb563c,full_annotation_v1,A,q_피부관리_06,피부관리 받는 곳,뷰티·미용 중 '피부관리'를 판매·제공하는 매장,test,피부관리,T5 서비스,d19a8385-3d8d-42fb-9e55-967e14eff620,비너스피부샵,피부관리,창원 성원3차종합상가,전통시장,경상남도,,,
132e3bf6d87c1729e1c8,full_annotation_v1,A,q_피부관리_06,피부관리 받는 곳,뷰티·미용 중 '피부관리'를 판매·제공하는 매장,test,피부관리,T5 서비스,fe969718-772c-4af3-bf2a-2fd8a8908ce4,올리브 피부관리,,발섬 골목형상점가,골목형상점가,,,,
33f566901d8bcb758a63,full_annotation_v1,A,q_피부관리_06,피부관리 받는 곳,뷰티·미용 중 '피부관리'를 판매·제공하는 매장,test,피부관리,T5 서비스,18997afe-567b-4f26-82b4-afda1db27ffb,아름다운세상,피부관리,상무역4번출구상인회 골목형상점가,골목형상점가,광주광역시,,,
50f5c47cbd20ad4fe960,full_annotation_v1,A,q_피부관리_06,피부관리 받는 곳,뷰티·미용 중 '피부관리'를 판매·제공하는 매장,test,피부관리,T5 서비스,6f8fd29a-9b7f-4e16-b893-48df73a6c046,벌크커피 운암문예회관점,커피 음료,운암 북문대로1 골목형상점가,골목형상점가,광주광역시,,,
b7ecaf6f8e84010ca8d6,full_annotation_v1,A,q_피부관리_06,피부관리 받는 곳,뷰티·미용 중 '피부관리'를 판매·제공하는 매장,test,피부관리,T5 서비스,006a03c8-0b03-4a37-bab3-4d9d608fbc7b,디바스킨 본점,피부관리,나주혁신도시 골목형상점가,골목형상점가,전라남도,,,
cbb9c1bf49300b2489ed,full_annotation_v1,A,q_피부관리_06,피부관리 받는 곳,뷰티·미용 중 '피부관리'를 판매·제공하는 매장,test,피부관리,T5 서비스,0b781873-4848-440d-9845-519fe314cb94,비비한 뷰티&왁싱,피부왁싱,호남동불로동천변 골목형상점가,골목형상점가,광주광역시,,,
5bbb5b6af808358f7ac8,full_annotation_v1,A,q_피부관리_06,피부관리 받는 곳,뷰티·미용 중 '피부관리'를 판매·제공하는 매장,test,피부관리,T5 서비스,b5d3181b-c97b-4bc8-9887-89adc0880564,나유식품,생닭,공주산성시장,전통시장,충청남도,,,
058f3c45c4e945e4021c,full_annotation_v1,A,q_피부관리_06,피부관리 받는 곳,뷰티·미용 중 '피부관리'를 판매·제공하는 매장,test,피부관리,T5 서비스,372f1714-6cef-4d7a-8a96-94a41e487d35,동탄 피부관리 더마라보떼,피부관리,북광장상가,자율상권구역,경기도,,,
b6a03e20f59db339a8eb,full_annotation_v1,A,q_피부관리_06,피부관리 받는 곳,뷰티·미용 중 '피부관리'를 판매·제공하는 매장,test,피부관리,T5 서비스,86be33e7-a275-4de4-94f2-2c9528ae0853,전라우수영,한식,안골사거리 골목형상점가,골목형상점가,전북특별자치도,,,
23dbe5da22aace6a0aca,full_annotation_v1,A,q_피부관리_06,피부관리 받는 곳,뷰티·미용 중 '피부관리'를 판매·제공하는 매장,test,피부관리,T5 서비스,2256f2b2-62e3-4b64-b370-3342f9b0cdfa,선피부관리,피부관리 화장품,문흥1동 골목형상점가,골목형상점가,광주광역시,,,
26019989c1d8d643fe52,full_annotation_v1,A,q_피부관리_06,피부관리 받는 곳,뷰티·미용 중 '피부관리'를 판매·제공하는 매장,test,피부관리,T5 서비스,25a3fec3-45ae-4770-85fa-e7fe2ac4fbaf,마르샤,피부관리,박달시장,전통시장,경기도,,,
c9fc9a377ff29f6e322d,full_annotation_v1,A,q_피부관리_06,피부관리 받는 곳,뷰티·미용 중 '피부관리'를 판매·제공하는 매장,test,피부관리,T5 서비스,eb96c1aa-4621-4fdf-92e0-2e360eba5c1e,선물뷰티,피부관리,군분로꽁양상인회 골목형상점가,골목형상점가,광주광역시,,,
75f79d712ccdac650b58,full_annotation_v1,A,q_피부관리_06,피부관리 받는 곳,뷰티·미용 중 '피부관리'를 판매·제공하는 매장,test,피부관리,T5 서비스,006a3db3-f148-48fb-a3ac-1a758ffae755,제이솜에스테틱,피부관리,효행구봉담상점가,골목형상점가,경기도,,,
a9769417f7aff031893d,full_annotation_v1,A,q_피부관리_06,피부관리 받는 곳,뷰티·미용 중 '피부관리'를 판매·제공하는 매장,test,피부관리,T5 서비스,e5eabd81-2e89-43a7-8ad2-8be1fa6c8a05,더빛날,피부관리,양산동 행복 골목형상점가,골목형상점가,광주광역시,,,
eea2ceb90f925bba3a72,full_annotation_v1,A,q_피부관리_06,피부관리 받는 곳,뷰티·미용 중 '피부관리'를 판매·제공하는 매장,test,피부관리,T5 서비스,ff70fe3d-c564-4e63-9381-b4e9a7a6bbe5,뷰티라운지,피부관리,포항 대이상가 골목형상점가,골목형상점가,경상북도,,,
564c26fcbd123ca5ce3c,full_annotation_v1,A,q_피부관리_06,피부관리 받는 곳,뷰티·미용 중 '피부관리'를 판매·제공하는 매장,test,피부관리,T5 서비스,8cce8d91-4e09-4abc-80b6-10e5d81c15f7,모앤시에스테틱,피부관리,이도패션거리 골목형상점가,골목형상점가,제주특별자치도,,,
846937d354e4d7110a53,full_annotation_v1,A,q_피부관리_06,피부관리 받는 곳,뷰티·미용 중 '피부관리'를 판매·제공하는 매장,test,피부관리,T5 서비스,0133de50-f3d8-44d7-99fb-0a05f3b2b13e,졔졔살롱,속눈썹미용,운암이 골목형상점가,골목형상점가,광주광역시,,,
cf4aac752f20f93ae9f5,full_annotation_v1,A,q_피부관리_06,피부관리 받는 곳,뷰티·미용 중 '피부관리'를 판매·제공하는 매장,test,피부관리,T5 서비스,8ef4c862-812b-4a81-87a4-dfadbf0360cf,라라뷰티,피부관리,양산 나래메트로시티 골목형상점가,골목형상점가,경상남도,,,
36406e570760715a3906,full_annotation_v1,A,q_피부관리_06,피부관리 받는 곳,뷰티·미용 중 '피부관리'를 판매·제공하는 매장,test,피부관리,T5 서비스,dcb1e883-5afe-42b8-bf67-39c010f6c686,퓨어에스테틱,피부관리,서현센트럴상점,골목형상점가,경기도,,,
82967ae59b53f727c0ca,full_annotation_v1,A,q_피부관리_06,피부관리 받는 곳,뷰티·미용 중 '피부관리'를 판매·제공하는 매장,test,피부관리,T5 서비스,4027331f-cc97-4fab-83e1-e494b22d77f0,에스,피부관리,남봉덕 골목형상점가,골목형상점가,대구광역시,,,
5b264b0d33a02d5e912c,full_annotation_v1,A,q_피부관리_06,피부관리 받는 곳,뷰티·미용 중 '피부관리'를 판매·제공하는 매장,test,피부관리,T5 서비스,0017ec9c-4997-4ef5-a552-7fffc7dd149c,아리따움 진주서부점,화장품,진주 새서부시장,전통시장,경상남도,,,
36487e493860b4f7dfaa,full_annotation_v1,A,q_피부관리_06,피부관리 받는 곳,뷰티·미용 중 '피부관리'를 판매·제공하는 매장,test,피부관리,T5 서비스,1bed0a4f-6ce9-4f46-a9f3-dfe7ccd9272a,은피부관리,피부관리,까치산시장,전통시장,서울특별시,,,
442c3a15e770a0be76f5,full_annotation_v1,A,q_피부관리_06,피부관리 받는 곳,뷰티·미용 중 '피부관리'를 판매·제공하는 매장,test,피부관리,T5 서비스,4715b54a-3475-4c0a-90b3-2f0f9023f1db,뾰샤시,피부관리,부평문화인의거리골목형상점가,골목형상점가,인천광역시,,,
651feb3b4a12297d1ea1,full_annotation_v1,A,q_피부관리_06,피부관리 받는 곳,뷰티·미용 중 '피부관리'를 판매·제공하는 매장,test,피부관리,T5 서비스,183723cf-0dca-4954-bd5c-21915fc6eda7,허브피부관리,피부관리,남성역먹거리골목형상점가,골목형상점가,서울특별시,,,
e487385522b53c45dc41,full_annotation_v1,A,q_피부관리_06,피부관리 받는 곳,뷰티·미용 중 '피부관리'를 판매·제공하는 매장,test,피부관리,T5 서비스,969a437d-d982-4fd8-825a-e9995aeefb86,뉴더운스킨케어,피부관리,동해남부재래시장,전통시장,강원특별자치도,,,
c5fb61872698fcfa1d97,full_annotation_v1,A,q_피부관리_06,피부관리 받는 곳,뷰티·미용 중 '피부관리'를 판매·제공하는 매장,test,피부관리,T5 서비스,3f7c56b9-30be-4893-9dbf-7c043eb88646,다온 남성헤어,,백두 골목형상점가,골목형상점가,대구광역시,,,
0e4773c0663a300bdf78,full_annotation_v1,A,q_피부관리_06,피부관리 받는 곳,뷰티·미용 중 '피부관리'를 판매·제공하는 매장,test,피부관리,T5 서비스,1ac4ae73-6d9b-4466-8bd3-9c4edcc910ec,솔비쥬,피부관리,산본로데오거리(구 산본중심상가),자율상권구역,경기도,,,
3bff39925301f6dfdbdc,full_annotation_v1,A,q_피부관리_06,피부관리 받는 곳,뷰티·미용 중 '피부관리'를 판매·제공하는 매장,test,피부관리,T5 서비스,27c23402-9b12-495b-8c4e-ce1b71ce39dc,스킨스케치,피부관리,서초쇼핑골목형상점가,골목형상점가,서울특별시,,,
495070a951367ae0d79c,full_annotation_v1,A,q_피부관리_06,피부관리 받는 곳,뷰티·미용 중 '피부관리'를 판매·제공하는 매장,test,피부관리,T5 서비스,45ca7ab3-31ac-4c06-8286-3a019b090424,피부가꿈,피부관리,신안동서암대로 골목형상점가,골목형상점가,광주광역시,,,
907f07b32244026d9642,full_annotation_v1,A,q_피부관리_06,피부관리 받는 곳,뷰티·미용 중 '피부관리'를 판매·제공하는 매장,test,피부관리,T5 서비스,a68980b7-f254-4292-a44f-28d7638204fb,로얄악기,종합악기,전남대후문골목형상점가,골목형상점가,광주광역시,,,
aade8c9282b13902d134,full_annotation_v1,A,q_피부관리_06,피부관리 받는 곳,뷰티·미용 중 '피부관리'를 판매·제공하는 매장,test,피부관리,T5 서비스,02288afa-ef79-4f20-a297-bf30982d8a6b,제이지니테라피,피부관리. 윤곽. 비대칭관리,부천 옥길 골목형상점가,골목형상점가,경기도,,,
7e9704a3fa51bf16e19d,full_annotation_v1,A,q_피부관리_06,피부관리 받는 곳,뷰티·미용 중 '피부관리'를 판매·제공하는 매장,test,피부관리,T5 서비스,c63f57db-8317-4837-9c2f-78359ed1f2af,피부미인,피부관리,하남시서석바대상점가,자율상권구역,경기도,,,
c67e8d81e07180f0c484,full_annotation_v1,A,q_피부관리_06,피부관리 받는 곳,뷰티·미용 중 '피부관리'를 판매·제공하는 매장,test,피부관리,T5 서비스,b399d6c9-0372-45d6-ac0e-1626b7693823,중앙뷰티,피부관리,장미제일시장,전통시장,서울특별시,,,
e989dc693ffef08513c8,full_annotation_v1,A,q_피부관리_06,피부관리 받는 곳,뷰티·미용 중 '피부관리'를 판매·제공하는 매장,test,피부관리,T5 서비스,fd02d346-4472-493a-be0a-f1e9cf21e147,란뷰티샵,피부관리,보라매다올길골목형상점가,골목형상점가,서울특별시,,,
f694b937fc7392e5381a,full_annotation_v1,A,q_피부관리_06,피부관리 받는 곳,뷰티·미용 중 '피부관리'를 판매·제공하는 매장,test,피부관리,T5 서비스,f9873286-d68d-4233-a493-d2f0e61188af,고운피부,피부관리,송도용보 골목형상점가,골목형상점가,광주광역시,,,
bd6fb0224520fc0538d1,full_annotation_v1,A,q_피부관리_06,피부관리 받는 곳,뷰티·미용 중 '피부관리'를 판매·제공하는 매장,test,피부관리,T5 서비스,ed776ea2-48e0-4240-a74f-24847112201b,프와,피부관리,첨단강변로 골목형상점가,골목형상점가,광주광역시,,,
045b53405a131e2e4ec3,full_annotation_v1,A,q_피부관리_06,피부관리 받는 곳,뷰티·미용 중 '피부관리'를 판매·제공하는 매장,test,피부관리,T5 서비스,1fff1a97-19a3-4140-b0a1-443bbd619473,시월뷰티,피부관리,해남읍 원도심 상권활성화구역,상권활성화구역,전라남도,,,
9795a9f58157dee8c8b0,full_annotation_v1,A,q_피부관리_06,피부관리 받는 곳,뷰티·미용 중 '피부관리'를 판매·제공하는 매장,test,피부관리,T5 서비스,c52e8d11-8f7e-49aa-b31a-3be54465f973,꼬모에스테틱,피부관리,흑석동 골목형상점가,골목형상점가,광주광역시,,,
b8725ad9b48abd5a3276,full_annotation_v1,A,q_피부관리_06,피부관리 받는 곳,뷰티·미용 중 '피부관리'를 판매·제공하는 매장,test,피부관리,T5 서비스,9e21cfb2-807c-47e7-9481-7df84118cb34,핫뷰티,피부관리,고은상인회 골목형상점가,골목형상점가,광주광역시,,,
c3baccdb418c01163a70,full_annotation_v1,A,q_피부관리_06,피부관리 받는 곳,뷰티·미용 중 '피부관리'를 판매·제공하는 매장,test,피부관리,T5 서비스,1a3a955a-8899-4f65-a75b-2a1b57164e2c,오브제뷰티,피부관리,첨단하나로,골목형상점가,광주광역시,,,
865d577c53893b9ee3cb,full_annotation_v1,A,q_피부관리_06,피부관리 받는 곳,뷰티·미용 중 '피부관리'를 판매·제공하는 매장,test,피부관리,T5 서비스,36550d25-2c6c-4354-9a60-db04bfeaa620,노은동최승희피부관리,피부관리,노은역 골목형상점가,골목형상점가,대전광역시,,,
5a52045f976152d15c7c,full_annotation_v1,A,q_피부관리_06,피부관리 받는 곳,뷰티·미용 중 '피부관리'를 판매·제공하는 매장,test,피부관리,T5 서비스,bc75484f-389c-4f7b-ba5d-164ca56ac6df,피부힐링순,피부관리,세은 골목형상점가,골목형상점가,광주광역시,,,
88ca2c2d63d3bf676261,full_annotation_v1,A,q_피부관리_06,피부관리 받는 곳,뷰티·미용 중 '피부관리'를 판매·제공하는 매장,test,피부관리,T5 서비스,22bab0b6-b1a0-4a03-9332-f121f20a75cb,키웰,피부관리,평촌1번가 상점가,자율상권구역,경기도,,,
bf4eb19f22f3728551d0,full_annotation_v1,A,q_피부관리_06,피부관리 받는 곳,뷰티·미용 중 '피부관리'를 판매·제공하는 매장,test,피부관리,T5 서비스,fff12d89-d679-4847-a46a-5ecd19026fcb,다미노뷰티,피부관리,서재소상공인연합회,골목형상점가,대구광역시,,,
9703f3436dbe7bbf46cd,full_annotation_v1,A,q_피부관리_06,피부관리 받는 곳,뷰티·미용 중 '피부관리'를 판매·제공하는 매장,test,피부관리,T5 서비스,32afc8f6-cff0-4323-bb79-ece78e9cd928,퍼스트뷰티,피부관리,나성중앙 골목형상점가,골목형상점가,세종특별자치시,,,
673c505f71f4a5e3dd6d,full_annotation_v1,A,q_피부관리_06,피부관리 받는 곳,뷰티·미용 중 '피부관리'를 판매·제공하는 매장,test,피부관리,T5 서비스,ffa93d92-c595-46a3-b762-ad12e50d4502,다올에스테틱,피부관리,도룡상인회 골목형상점가,골목형상점가,대전광역시,,,
2b1df263bde2fd9a3ac4,full_annotation_v1,A,q_피부관리_06,피부관리 받는 곳,뷰티·미용 중 '피부관리'를 판매·제공하는 매장,test,피부관리,T5 서비스,0b94582b-4b8b-4e59-81b0-fd8cae52bab7,김서이피부연구소,피부관리,동해남부재래시장,전통시장,강원특별자치도,,,
119d13de46d4a29e9401,full_annotation_v1,A,q_피부관리_06,피부관리 받는 곳,뷰티·미용 중 '피부관리'를 판매·제공하는 매장,test,피부관리,T5 서비스,8fd6301a-9a97-47b1-8285-7e513fba86c7,모노프레임스튜디오,사진촬영,운암 북문대로1 골목형상점가,골목형상점가,광주광역시,,,
016ad10271c7c93948fa,full_annotation_v1,A,q_피부관리_06,피부관리 받는 곳,뷰티·미용 중 '피부관리'를 판매·제공하는 매장,test,피부관리,T5 서비스,55cadf2e-ffbf-4100-8f3d-8c195d075a17,청년떡볶이,떡볶이,왕지상가,자율상권구역,전라남도,,,
903a1d11f843844637b7,full_annotation_v1,A,q_피부관리_06,피부관리 받는 곳,뷰티·미용 중 '피부관리'를 판매·제공하는 매장,test,피부관리,T5 서비스,3fa4f182-a366-486a-b16d-bd753e333230,피부미인,피부관리,문흥동 골목형상점가,골목형상점가,광주광역시,,,
c671e762346983ea4b36,full_annotation_v1,A,q_피부관리_06,피부관리 받는 곳,뷰티·미용 중 '피부관리'를 판매·제공하는 매장,test,피부관리,T5 서비스,8bd54dbe-3270-4c41-a54c-2303470d6eb6,약손테라피,피부관리,민락2지구골목형상점가,골목형상점가,경기도,,,
fe27839f1ee7c2930dc8,full_annotation_v1,A,q_피부관리_06,피부관리 받는 곳,뷰티·미용 중 '피부관리'를 판매·제공하는 매장,test,피부관리,T5 서비스,00286d17-4dd8-4803-9e0d-4ce25169c0f7,에이치컬링,눈썹,약수초등길 중산 골목형상점가,골목형상점가,울산광역시,,,
b3d2841a0bbced818e71,full_annotation_v1,A,q_피부관리_06,피부관리 받는 곳,뷰티·미용 중 '피부관리'를 판매·제공하는 매장,test,피부관리,T5 서비스,fd8d72f6-c777-4375-abff-406318d1ab15,궁화피부관리,피부관리,원주중앙로문화의거리,자율상권구역,강원특별자치도,,,
17b00100c329fab53312,full_annotation_v1,A,q_피부관리_06,피부관리 받는 곳,뷰티·미용 중 '피부관리'를 판매·제공하는 매장,test,피부관리,T5 서비스,8ef98dba-e7fe-4b9e-b3c6-9efbc180d7f2,소담에스테틱,피부관리,신용동 골목형상점가,골목형상점가,광주광역시,,,
27d28810cfb3b4870d11,full_annotation_v1,A,q_피부관리_06,피부관리 받는 곳,뷰티·미용 중 '피부관리'를 판매·제공하는 매장,test,피부관리,T5 서비스,09e962f0-1376-4347-b30e-60edd1ef994c,미소뷰티,피부관리,정 있는 서암대로 골목형상점가,골목형상점가,광주광역시,,,
031ea260597ec692a328,full_annotation_v1,A,q_피부관리_06,피부관리 받는 곳,뷰티·미용 중 '피부관리'를 판매·제공하는 매장,test,피부관리,T5 서비스,00998e68-6f7e-4b3f-9476-72ba1ac3466e,라테라스 테라피,피부관리,치평1230상인회 골목형상점가,골목형상점가,광주광역시,,,
a9675265cb6ca54c9fee,full_annotation_v1,A,q_피부관리_06,피부관리 받는 곳,뷰티·미용 중 '피부관리'를 판매·제공하는 매장,test,피부관리,T5 서비스,4fbd47da-8063-499e-b295-2b60d49cc7ee,얼굴스케치,피부관리,삼익사거리 골목형상점가,골목형상점가,광주광역시,,,
577d136316f24eb35ddc,full_annotation_v1,A,q_피부관리_06,피부관리 받는 곳,뷰티·미용 중 '피부관리'를 판매·제공하는 매장,test,피부관리,T5 서비스,54c04d3b-a682-4ca9-8c00-61dc5cc4a8e8,메이다움,피부관리,빛가람 상리단길 골목형상점가,골목형상점가,전라남도,,,
c3f216f80c094d20b67a,full_annotation_v1,A,q_피부관리_06,피부관리 받는 곳,뷰티·미용 중 '피부관리'를 판매·제공하는 매장,test,피부관리,T5 서비스,d1cfdf5b-3709-4810-95ef-972a38fc4ac8,그집마늘치킨,,백두 골목형상점가,골목형상점가,대구광역시,,,
e0941215253ae099475e,full_annotation_v1,A,q_피부관리_06,피부관리 받는 곳,뷰티·미용 중 '피부관리'를 판매·제공하는 매장,test,피부관리,T5 서비스,9585e3ae-1180-436e-b1c7-614be585c054,장현미뷰티샵,피부관리,홍성명동상가,자율상권구역,충청남도,,,
8f4d8f744801ef6e93b4,full_annotation_v1,A,q_피부관리_06,피부관리 받는 곳,뷰티·미용 중 '피부관리'를 판매·제공하는 매장,test,피부관리,T5 서비스,10a75492-cc23-46d2-847a-563591ad8cb1,봉투총판,비닐,부산국제시장,전통시장,부산광역시,,,
136423a80055635b243c,full_annotation_v1,A,q_피부관리_06,피부관리 받는 곳,뷰티·미용 중 '피부관리'를 판매·제공하는 매장,test,피부관리,T5 서비스,003cdc8a-95fe-43ea-8350-f4c63913a6f8,정선화장품,화장품,오천시장,전통시장,경상북도,,,
f6abc6d7b0119c27bdbe,full_annotation_v1,A,q_피부관리_06,피부관리 받는 곳,뷰티·미용 중 '피부관리'를 판매·제공하는 매장,test,피부관리,T5 서비스,ff4e6f5e-fc14-4371-a58c-a1a98c2b6d14,블링뷰티,피부관리,광주송정역세권 상권활성화구역,상권활성화구역,광주광역시,,,
7ddb26346f020ba43d35,full_annotation_v1,A,q_피부관리_06,피부관리 받는 곳,뷰티·미용 중 '피부관리'를 판매·제공하는 매장,test,피부관리,T5 서비스,1a681c06-0928-45ee-93e5-5e3402445f56,풀리네바디앤스킨,피부관리,산본로데오거리(구 산본중심상가),자율상권구역,경기도,,,
e939abb584d3e2bd4986,full_annotation_v1,A,q_피부관리_06,피부관리 받는 곳,뷰티·미용 중 '피부관리'를 판매·제공하는 매장,test,피부관리,T5 서비스,0145ebc4-2c3b-48a5-bdee-30b3cbffc69a,비바뷰티왁싱스튜디오,왁싱,백운진다리 골목형상점가,골목형상점가,광주광역시,,,
ae7d61aca7e201606b21,full_annotation_v1,A,q_피부관리_06,피부관리 받는 곳,뷰티·미용 중 '피부관리'를 판매·제공하는 매장,test,피부관리,T5 서비스,ce1f9314-bfff-4ab1-a5f6-c7df5c73a197,야누스색소폰·드럼전문학원,색소폰 드럼학원,안골사거리 골목형상점가,골목형상점가,전북특별자치도,,,
dc55c30e1a0a39073642,full_annotation_v1,A,q_피부관리_06,피부관리 받는 곳,뷰티·미용 중 '피부관리'를 판매·제공하는 매장,test,피부관리,T5 서비스,a27607bc-0a89-424f-8633-f6f1f4053bff,북면쌀상회,쌀,창원 소답시장,전통시장,경상남도,,,
f484c9294d79caa37e2f,full_annotation_v1,A,q_피부관리_06,피부관리 받는 곳,뷰티·미용 중 '피부관리'를 판매·제공하는 매장,test,피부관리,T5 서비스,004a8de5-69c1-4c55-a507-54e016703431,마중물뷰티동,소매(화장품),은마종합상점가,자율상권구역,서울특별시,,,
35c1fe52af92986d81c6,full_annotation_v1,A,q_피부관리_06,피부관리 받는 곳,뷰티·미용 중 '피부관리'를 판매·제공하는 매장,test,피부관리,T5 서비스,f76afa0e-705c-43f8-adbf-6a7bee257190,피부The빛나,피부관리,노블레스 골목형상점가,골목형상점가,경기도,,,
90844ff41538ec8a3a51,full_annotation_v1,A,q_피부관리_06,피부관리 받는 곳,뷰티·미용 중 '피부관리'를 판매·제공하는 매장,test,피부관리,T5 서비스,008c73ed-3ece-452b-aa49-b96b73ff1ba1,온결 스킨앤바디,화장품,가재마을 골목형상점가,골목형상점가,세종특별자치시,,,
0aa89db3f28f64773a28,full_annotation_v1,A,q_피부관리_06,피부관리 받는 곳,뷰티·미용 중 '피부관리'를 판매·제공하는 매장,test,피부관리,T5 서비스,546621d6-4b9b-4fc9-bb2d-230b4e94f7b0,고운뷰티,피부관리,쌍리단길상점가,자율상권구역,서울특별시,,,
8828d7a76dbd71f4e158,full_annotation_v1,A,q_피부관리_06,피부관리 받는 곳,뷰티·미용 중 '피부관리'를 판매·제공하는 매장,test,피부관리,T5 서비스,ed7860ef-954d-4d1d-aef4-71b97202d08e,코샤뷰티,피부관리,나성동 골목형상점가,골목형상점가,세종특별자치시,,,
1842118b1080e340ed45,full_annotation_v1,A,q_피부관리_06,피부관리 받는 곳,뷰티·미용 중 '피부관리'를 판매·제공하는 매장,test,피부관리,T5 서비스,ccaa4789-23bb-4d6b-83c0-fd9793e07e62,고궁피부관리,피부관리,뒤뜰골목형상점가,골목형상점가,강원특별자치도,,,
f12f564bd7565811ba82,full_annotation_v1,A,q_피부관리_06,피부관리 받는 곳,뷰티·미용 중 '피부관리'를 판매·제공하는 매장,test,피부관리,T5 서비스,910eff81-e6cc-4bfa-80ef-998c616430e4,휴스킨,피부관리,한듬레포츠,골목형상점가,광주광역시,,,
a924bb69f77fdcea2259,full_annotation_v1,A,q_피부관리_06,피부관리 받는 곳,뷰티·미용 중 '피부관리'를 판매·제공하는 매장,test,피부관리,T5 서비스,b063f189-54b4-4f60-adbf-58b076d18b76,로즈관리샵,피부관리,마산 구암시장,전통시장,경상남도,,,
9e225e53cd032f9c5013,full_annotation_v1,A,q_피부관리_06,피부관리 받는 곳,뷰티·미용 중 '피부관리'를 판매·제공하는 매장,test,피부관리,T5 서비스,031f5ecb-08f7-4c58-bf2e-694c3f2c2210,뷰티명가,피부관리,사리골상점가,자율상권구역,경기도,,,
6f8c3f8887f4ee1a4c47,full_annotation_v1,A,q_피부관리_06,피부관리 받는 곳,뷰티·미용 중 '피부관리'를 판매·제공하는 매장,test,피부관리,T5 서비스,cd8feb7f-b6dc-45bd-910b-9a0d416d3874,누나홀닭순천왕지점,치킨,왕지상가,자율상권구역,전라남도,,,
a6cf0e25fa785762cecd,full_annotation_v1,A,q_피부관리_06,피부관리 받는 곳,뷰티·미용 중 '피부관리'를 판매·제공하는 매장,test,피부관리,T5 서비스,5b50fe3e-f7dd-4723-b4d8-21da2e3069b0,최혜경 피부관리,피부관리,지족반석 골목형상점가,골목형상점가,대전광역시,,,
33de7637a68ff8874935,full_annotation_v1,A,q_피부관리_06,피부관리 받는 곳,뷰티·미용 중 '피부관리'를 판매·제공하는 매장,test,피부관리,T5 서비스,ca31bfdd-9dae-4364-90ed-0e17dd874dce,미서뷰티케어,피부관리,주막거리상점가,자율상권구역,경기도,,,
d14d5084812df476d5e9,full_annotation_v1,A,q_피부관리_06,피부관리 받는 곳,뷰티·미용 중 '피부관리'를 판매·제공하는 매장,test,피부관리,T5 서비스,022f921a-9545-4be5-a4ce-d628a782c282,마이뷰티,피부관리 왁싱 속눈썹,마산 오동동 창동 어시장 상권활성화구역,상권활성화구역,경상남도,,,
98b0c7d7a36cb0405932,full_annotation_v1,A,q_피부관리_06,피부관리 받는 곳,뷰티·미용 중 '피부관리'를 판매·제공하는 매장,test,피부관리,T5 서비스,3990d086-cf5e-472f-b34f-238c3ca2eda5,안은실피부관리,피부관리,매봉 골목형상점가,골목형상점가,광주광역시,,,
3d63acb1f1a374ff411c,full_annotation_v1,A,q_피부관리_06,피부관리 받는 곳,뷰티·미용 중 '피부관리'를 판매·제공하는 매장,test,피부관리,T5 서비스,99698999-327a-49d7-9692-b8e31cb8ae35,힐링스킨케어,피부관리,두암2동면앙로 골목형상점가,골목형상점가,광주광역시,,,
f6a546cd5bc901c478ba,full_annotation_v1,A,q_피부관리_06,피부관리 받는 곳,뷰티·미용 중 '피부관리'를 판매·제공하는 매장,test,피부관리,T5 서비스,00265f28-b733-4489-86bc-b86339c2f6c0,이비속눈썹,속눈썹연장,추억담은광주역뒷길 골목형상점가,골목형상점가,광주광역시,,,
5f00b60458cc963b4714,full_annotation_v1,A,q_피부관리_06,피부관리 받는 곳,뷰티·미용 중 '피부관리'를 판매·제공하는 매장,test,피부관리,T5 서비스,6481fbb1-f7bc-4157-9a12-6f598de05fab,더화율,피부관리,동운초 골목형상점가,골목형상점가,광주광역시,,,
48f3158e9179f1d8a1a1,full_annotation_v1,A,q_피부관리_06,피부관리 받는 곳,뷰티·미용 중 '피부관리'를 판매·제공하는 매장,test,피부관리,T5 서비스,04197336-2bd8-40eb-95d9-f9bd1d83b049,아온에스테틱,,대방디엠시티 골목형상점가,골목형상점가,전북특별자치도,,,
1f786477254c88249fe0,full_annotation_v1,A,q_피부관리_06,피부관리 받는 곳,뷰티·미용 중 '피부관리'를 판매·제공하는 매장,test,피부관리,T5 서비스,b6f1730c-189c-4570-93eb-2f48572784d7,뷰니크,피부관리,모란시장 쉼터길 골목형상점가,골목형상점가,경기도,,,
58a647c60323185b563d,full_annotation_v1,A,q_피부관리_06,피부관리 받는 곳,뷰티·미용 중 '피부관리'를 판매·제공하는 매장,test,피부관리,T5 서비스,ed40e867-d5f3-47ae-860d-0d50c17a1182,디에뜨샵,피부관리,목원대 골목형상점가,골목형상점가,대전광역시,,,
c50525361f8a135e9645,full_annotation_v1,A,q_피부관리_06,피부관리 받는 곳,뷰티·미용 중 '피부관리'를 판매·제공하는 매장,test,피부관리,T5 서비스,7eac69f4-908f-47cc-b82a-c268fb2b4c7e,피부미인,피부관리,맛조이상인회 골목형상점가,골목형상점가,광주광역시,,,
0bba8b03dfd20bfdf17f,full_annotation_v1,A,q_피부관리_06,피부관리 받는 곳,뷰티·미용 중 '피부관리'를 판매·제공하는 매장,test,피부관리,T5 서비스,f6bdfc7c-65b6-4a36-9aba-b8b6a05db8f4,더향기,피부관리,과천중앙동상점가,자율상권구역,경기도,,,
20719dac3b60436e18ac,full_annotation_v1,A,q_피부관리_06,피부관리 받는 곳,뷰티·미용 중 '피부관리'를 판매·제공하는 매장,test,피부관리,T5 서비스,c111ac9d-3f3a-405c-a8db-4d127ccda9e2,행복이 있는 곳,잡화,제주로얄쇼핑센터,자율상권구역,제주특별자치도,,,
95893fbe3722fc95ac4a,full_annotation_v1,A,q_피부관리_07,피부 관리,뷰티·미용 중 '피부관리'를 판매·제공하는 매장,test,피부관리,T6 기계변형,0ff0e53b-2808-4de1-a38a-0e15d674f208,계영유통,건어물,부전상가시장,전통시장,부산광역시,,,
55cc470158baebe244ac,full_annotation_v1,A,q_피부관리_07,피부 관리,뷰티·미용 중 '피부관리'를 판매·제공하는 매장,test,피부관리,T6 기계변형,5e8047ea-4879-4f80-bd71-351dfa01f818,피부봐요,피부관리,문흥라인아파트 골목형상점가,골목형상점가,광주광역시,,,
46b2cb0e36f44693310f,full_annotation_v1,A,q_피부관리_07,피부 관리,뷰티·미용 중 '피부관리'를 판매·제공하는 매장,test,피부관리,T6 기계변형,8d1f31d1-48f8-49d4-aaa4-e74c1d1c753e,은선상회,"식잡, 야채",강진읍시장,전통시장,전라남도,,,
7d8e78b4a5248fed883b,full_annotation_v1,A,q_피부관리_07,피부 관리,뷰티·미용 중 '피부관리'를 판매·제공하는 매장,test,피부관리,T6 기계변형,0133de50-f3d8-44d7-99fb-0a05f3b2b13e,졔졔살롱,속눈썹미용,운암이 골목형상점가,골목형상점가,광주광역시,,,
163fc2f8b166a7b58e37,full_annotation_v1,A,q_피부관리_07,피부 관리,뷰티·미용 중 '피부관리'를 판매·제공하는 매장,test,피부관리,T6 기계변형,dac2cb07-7728-4595-97ad-b0fd6f41f08b,푸르던뷰티 에스테틱,피부미용 관리 서비스,신가동 골목형상점가,골목형상점가,광주광역시,,,
ba56e0f156eb608ed664,full_annotation_v1,A,q_피부관리_07,피부 관리,뷰티·미용 중 '피부관리'를 판매·제공하는 매장,test,피부관리,T6 기계변형,25eb70e4-859a-4850-8903-702413d9a87d,수향수산횟집,수산물,주문진건어물시장,전통시장,강원특별자치도,,,
0c13aa606f43a3bf7e51,full_annotation_v1,A,q_피부관리_07,피부 관리,뷰티·미용 중 '피부관리'를 판매·제공하는 매장,test,피부관리,T6 기계변형,fcb992cc-1d94-4093-b776-2a234ccc4139,가온뷰티라인,피부,유촌동상인회 골목형상점가,골목형상점가,광주광역시,,,
ca6195ddd9eb32f4ab52,full_annotation_v1,A,q_피부관리_07,피부 관리,뷰티·미용 중 '피부관리'를 판매·제공하는 매장,test,피부관리,T6 기계변형,9e491526-e765-4456-a8fd-69a4e6c63277,푸른아로마,피부마사지 관리,서영대 먹자 골목형상점가,골목형상점가,광주광역시,,,
9ea03518acaf7e671dfe,full_annotation_v1,A,q_피부관리_07,피부 관리,뷰티·미용 중 '피부관리'를 판매·제공하는 매장,test,피부관리,T6 기계변형,1cf25a88-fd6d-4d4d-b821-cc8c3bdcd632,피자스쿨의정부금오,피자,금오골목형상점가,골목형상점가,경기도,,,
be6632a47c0da3dfd0ae,full_annotation_v1,A,q_피부관리_07,피부 관리,뷰티·미용 중 '피부관리'를 판매·제공하는 매장,test,피부관리,T6 기계변형,0145ebc4-2c3b-48a5-bdee-30b3cbffc69a,비바뷰티왁싱스튜디오,왁싱,백운진다리 골목형상점가,골목형상점가,광주광역시,,,
74eb43e48d859602d504,full_annotation_v1,A,q_피부관리_07,피부 관리,뷰티·미용 중 '피부관리'를 판매·제공하는 매장,test,피부관리,T6 기계변형,1d39494e-cc63-4ac2-af0f-0f349de60e56,르주비아 에스테틱,,포항중앙상가,전통시장,경상북도,,,
08915b3e0ffe0a6fbc06,full_annotation_v1,A,q_피부관리_07,피부 관리,뷰티·미용 중 '피부관리'를 판매·제공하는 매장,test,피부관리,T6 기계변형,00998e68-6f7e-4b3f-9476-72ba1ac3466e,라테라스 테라피,피부관리,치평1230상인회 골목형상점가,골목형상점가,광주광역시,,,
65d790dcf621807e47d6,full_annotation_v1,A,q_피부관리_07,피부 관리,뷰티·미용 중 '피부관리'를 판매·제공하는 매장,test,피부관리,T6 기계변형,006a3db3-f148-48fb-a3ac-1a758ffae755,제이솜에스테틱,피부관리,효행구봉담상점가,골목형상점가,경기도,,,
9621283353d8f33d0f47,full_annotation_v1,A,q_피부관리_07,피부 관리,뷰티·미용 중 '피부관리'를 판매·제공하는 매장,test,피부관리,T6 기계변형,14ecd542-a1bb-475f-b26c-3e807e0f9e16,고양이속눈썹,관리,소촌중앙 골목형상점가,골목형상점가,광주광역시,,,
e38030087285d75c4a82,full_annotation_v1,A,q_피부관리_07,피부 관리,뷰티·미용 중 '피부관리'를 판매·제공하는 매장,test,피부관리,T6 기계변형,00265f28-b733-4489-86bc-b86339c2f6c0,이비속눈썹,속눈썹연장,추억담은광주역뒷길 골목형상점가,골목형상점가,광주광역시,,,
b09d6bcbf97a006f0cbb,full_annotation_v1,A,q_피부관리_07,피부 관리,뷰티·미용 중 '피부관리'를 판매·제공하는 매장,test,피부관리,T6 기계변형,00131122-77cf-4772-b141-202f0f950f5c,라라샵,화장품,유성신나는 골목형상점가,골목형상점가,대전광역시,,,
fc377d2c32290eee4591,full_annotation_v1,A,q_피부관리_07,피부 관리,뷰티·미용 중 '피부관리'를 판매·제공하는 매장,test,피부관리,T6 기계변형,14f45676-ca6f-4fcb-aea7-c6b95ac1a077,루아 휴 헤드스파&에스테틱,,퍼스트원 골목형상점가,골목형상점가,세종특별자치시,,,
a19c8fa667f0d92eb9d5,full_annotation_v1,A,q_피부관리_07,피부 관리,뷰티·미용 중 '피부관리'를 판매·제공하는 매장,test,피부관리,T6 기계변형,4a57a9fa-cdd9-4981-84b2-4deba0d69ba4,피부튼튼e,피부관리,오목교역8번출구골목형상점가,골목형상점가,서울특별시,,,
344cf8b77e2a121fc438,full_annotation_v1,A,q_피부관리_07,피부 관리,뷰티·미용 중 '피부관리'를 판매·제공하는 매장,test,피부관리,T6 기계변형,04197336-2bd8-40eb-95d9-f9bd1d83b049,아온에스테틱,,대방디엠시티 골목형상점가,골목형상점가,전북특별자치도,,,
84ff84b51d14de19aba4,full_annotation_v1,A,q_피부관리_07,피부 관리,뷰티·미용 중 '피부관리'를 판매·제공하는 매장,test,피부관리,T6 기계변형,1ad94899-10c4-4f6b-b78b-28c1c27a17a2,더블린의원,피부,상무평화상인회 골목형상점가,골목형상점가,광주광역시,,,
e499376d8fd477ee03aa,full_annotation_v1,A,q_피부관리_07,피부 관리,뷰티·미용 중 '피부관리'를 판매·제공하는 매장,test,피부관리,T6 기계변형,bae5b4ac-2e89-4bb0-8962-b0c8077f7ec1,수힐링테라피,피부 관리 용품,노대물빛근린공원 골목형상점가,골목형상점가,광주광역시,,,
c44edbe00ddca4f320dd,full_annotation_v1,A,q_피부관리_07,피부 관리,뷰티·미용 중 '피부관리'를 판매·제공하는 매장,test,피부관리,T6 기계변형,f18fdab0-fc3e-46b2-b3aa-66a10c5bc1ec,동안피부,피부관리 화장품,주안시민지하도상점가,일반지하상점가,인천광역시,,,
34525011d122b3d34340,full_annotation_v1,A,q_피부관리_07,피부 관리,뷰티·미용 중 '피부관리'를 판매·제공하는 매장,test,피부관리,T6 기계변형,02288afa-ef79-4f20-a297-bf30982d8a6b,제이지니테라피,피부관리. 윤곽. 비대칭관리,부천 옥길 골목형상점가,골목형상점가,경기도,,,
2fb71d81e100528af27f,full_annotation_v1,A,q_피부관리_07,피부 관리,뷰티·미용 중 '피부관리'를 판매·제공하는 매장,test,피부관리,T6 기계변형,fdef9f44-8108-4a37-b338-1766920bbf67,리빙피부관리,피부 미용,"일곡동(제4지역:쌍용,호반,청솔2,호반일신,청솔1)",골목형상점가,광주광역시,,,
790b46cfdb2fd1996128,full_annotation_v1,A,q_피부관리_07,피부 관리,뷰티·미용 중 '피부관리'를 판매·제공하는 매장,test,피부관리,T6 기계변형,46bda15c-5b01-463a-a0e9-21e33dd45091,라온풋살파크,풋살장운영,혁신도시 대림동 골목형상점가,골목형상점가,대구광역시,,,
36e80818607652b48ff0,full_annotation_v1,A,q_피부관리_07,피부 관리,뷰티·미용 중 '피부관리'를 판매·제공하는 매장,test,피부관리,T6 기계변형,248cd01f-7e85-424a-b3c0-8c72f4333aa4,하슬라에코,정수기 렌탈 관리,노암길골목형상점가,골목형상점가,강원특별자치도,,,
59e618ce69846024da9f,full_annotation_v1,A,q_피부관리_07,피부 관리,뷰티·미용 중 '피부관리'를 판매·제공하는 매장,test,피부관리,T6 기계변형,075dd0b8-961e-4f84-9d18-1c4645f65ef6,부경야채,야채,마포시장,전통시장,서울특별시,,,
fb765c0b1eb8c7040f2a,full_annotation_v1,A,q_피부관리_07,피부 관리,뷰티·미용 중 '피부관리'를 판매·제공하는 매장,test,피부관리,T6 기계변형,013c7cfa-cbf1-4606-bfd2-cae2985377c0,피크래쉬룸(PEAK LASH ROOM),"메이크업, 속눈썹",금암동 골목형상점가,골목형상점가,충청남도,,,
7d9f4297ab37253cea06,full_annotation_v1,A,q_피부관리_07,피부 관리,뷰티·미용 중 '피부관리'를 판매·제공하는 매장,test,피부관리,T6 기계변형,ceae1045-caed-44ae-8205-342f26fa7763,제이알스킨앤바디,피부,신가동 골목형상점가,골목형상점가,광주광역시,,,
a5e7d3ec3a22a3908422,full_annotation_v1,A,q_피부관리_07,피부 관리,뷰티·미용 중 '피부관리'를 판매·제공하는 매장,test,피부관리,T6 기계변형,29740d61-5101-40cd-9383-0f1a47d1b0cd,러블리뷰티,피부,동해남부재래시장,전통시장,강원특별자치도,,,
365d0b478f3adc037aa9,full_annotation_v1,A,q_피부관리_07,피부 관리,뷰티·미용 중 '피부관리'를 판매·제공하는 매장,test,피부관리,T6 기계변형,3e89449e-4eb7-41e7-b24e-73cad1f014f3,삼성미의원,피부,가재마을 골목형상점가,골목형상점가,세종특별자치시,,,
26fd00393a45cfc9f4fb,full_annotation_v1,A,q_피부관리_07,피부 관리,뷰티·미용 중 '피부관리'를 판매·제공하는 매장,test,피부관리,T6 기계변형,1f65176b-ceff-4765-b3d8-f6f53d19e70a,아빠손약손,피부,왕십리도선동상점가,자율상권구역,서울특별시,,,
efa0302be8da9e124076,full_annotation_v1,A,q_피부관리_07,피부 관리,뷰티·미용 중 '피부관리'를 판매·제공하는 매장,test,피부관리,T6 기계변형,b4274a9d-7490-4f4c-a784-136b4087b937,벨르왁싱,피부,BOCA 보카상점가,골목형상점가,경기도,,,
13ceebcb9a5d59bdd7fd,full_annotation_v1,A,q_피부관리_07,피부 관리,뷰티·미용 중 '피부관리'를 판매·제공하는 매장,test,피부관리,T6 기계변형,9910a278-ce4e-4ae2-b3b2-91721d18f762,하울,피부,도군머리 골목형상점가,골목형상점가,광주광역시,,,
70f1941260b616b7a41f,full_annotation_v1,A,q_피부관리_07,피부 관리,뷰티·미용 중 '피부관리'를 판매·제공하는 매장,test,피부관리,T6 기계변형,0c3f6ae1-9bec-46f1-a43a-b61009758761,세종왁싱 보람뷰티,왁싱 속눈썹펌,보람동 골목형상점가,골목형상점가,세종특별자치시,,,
d2fd155712d12f853e28,full_annotation_v1,A,q_피부관리_07,피부 관리,뷰티·미용 중 '피부관리'를 판매·제공하는 매장,test,피부관리,T6 기계변형,7b1a1c5e-075d-4566-b91d-9dd73445a836,안나래쉬,피부,세은 골목형상점가,골목형상점가,광주광역시,,,
812f78b477670b56246d,full_annotation_v1,A,q_피부관리_07,피부 관리,뷰티·미용 중 '피부관리'를 판매·제공하는 매장,test,피부관리,T6 기계변형,771570be-0573-4316-9129-3f3339751d26,예쁜피부,피부,신가동 골목형상점가,골목형상점가,광주광역시,,,
9369daee1c0ac30f3b60,full_annotation_v1,A,q_피부관리_07,피부 관리,뷰티·미용 중 '피부관리'를 판매·제공하는 매장,test,피부관리,T6 기계변형,77c0bc32-91bd-4246-b7b0-81a71ad51037,오늘 도마순대국 이천하이닉스점,한식,하이닉스골목형상점가,골목형상점가,경기도,,,
f5d0da586a01af327e5a,full_annotation_v1,A,q_피부관리_07,피부 관리,뷰티·미용 중 '피부관리'를 판매·제공하는 매장,test,피부관리,T6 기계변형,2a640150-32c1-4a8f-88ce-69536d215619,GS25 금오현대,"식품, 주류, 의양품",금오골목형상점가,골목형상점가,경기도,,,
cfcd552b6ae8a75cf9a6,full_annotation_v1,A,q_피부관리_07,피부 관리,뷰티·미용 중 '피부관리'를 판매·제공하는 매장,test,피부관리,T6 기계변형,45323599-97a8-4945-8067-a8ea77bf0ff0,프로카케어,자동차 관리,서구청먹자골목상인회 골목형상점가,골목형상점가,광주광역시,,,
4474013c2e29e2cc3e2b,full_annotation_v1,A,q_피부관리_07,피부 관리,뷰티·미용 중 '피부관리'를 판매·제공하는 매장,test,피부관리,T6 기계변형,e1940356-1b4b-440f-85ab-14f9f493e821,탁뷰티,피부 미용,신창진흥 골목형상점가,골목형상점가,광주광역시,,,
b9cf4097b6bd1c4f8f4d,full_annotation_v1,A,q_피부관리_07,피부 관리,뷰티·미용 중 '피부관리'를 판매·제공하는 매장,test,피부관리,T6 기계변형,9231f366-a829-48e1-b372-c3e8c4476cd2,다뮤브로우,피부 미용,운정역 중심상가 골목형상점가,골목형상점가,경기도,,,
aafc6dfdfb912b7a6838,full_annotation_v1,A,q_피부관리_07,피부 관리,뷰티·미용 중 '피부관리'를 판매·제공하는 매장,test,피부관리,T6 기계변형,924e18c7-f00a-4a43-adf6-3fcfbb7cce32,뽀용왁싱,피부 미용,매봉 골목형상점가,골목형상점가,광주광역시,,,
eb107c2adf6a19c1f6a7,full_annotation_v1,A,q_피부관리_07,피부 관리,뷰티·미용 중 '피부관리'를 판매·제공하는 매장,test,피부관리,T6 기계변형,c8d90403-d778-42b6-b99f-62bc9e7c9948,모모뷰티,피부 관리,운암북문대로 골목형상점가,골목형상점가,광주광역시,,,
041284ef769ad693a301,full_annotation_v1,A,q_피부관리_07,피부 관리,뷰티·미용 중 '피부관리'를 판매·제공하는 매장,test,피부관리,T6 기계변형,be4a1a2d-9b9a-4e95-8a8e-c5bf5ad9fc4f,윤정헤어샵,"일반미용업, 의류",문경중앙시장,전통시장,경상북도,,,
c08d059dba56f7b0df88,full_annotation_v1,A,q_피부관리_07,피부 관리,뷰티·미용 중 '피부관리'를 판매·제공하는 매장,test,피부관리,T6 기계변형,bf0c52c8-2289-4d18-9b0d-31afa1050d5b,제이샵뷰티,피부,양산동 골목형상점가,골목형상점가,광주광역시,,,
3f9db7327cfabee801f4,full_annotation_v1,A,q_피부관리_07,피부 관리,뷰티·미용 중 '피부관리'를 판매·제공하는 매장,test,피부관리,T6 기계변형,6d2db3bc-9183-4c99-b11f-2ef9cd0f9dbf,한스킨,피부,금부로상인회 골목형상점가,골목형상점가,광주광역시,,,
9edaed50cdb39be54394,full_annotation_v1,A,q_피부관리_07,피부 관리,뷰티·미용 중 '피부관리'를 판매·제공하는 매장,test,피부관리,T6 기계변형,8dce8af7-7c12-48b6-a6d0-41492809ba81,피우리,피부 미용 네일,남구 용대로 골목형상점가,골목형상점가,광주광역시,,,
7d7785a75019a8952bb4,full_annotation_v1,A,q_피부관리_07,피부 관리,뷰티·미용 중 '피부관리'를 판매·제공하는 매장,test,피부관리,T6 기계변형,7507af5d-dcb0-4f35-a5b5-ecd1b2a3f3e0,더헤스트,피부 관리,경신사거리 골목형상점가,골목형상점가,광주광역시,,,
043d19b156d7ac81041e,full_annotation_v1,A,q_피부관리_07,피부 관리,뷰티·미용 중 '피부관리'를 판매·제공하는 매장,test,피부관리,T6 기계변형,69f06ad8-03b1-4e7a-aa1d-ac227d208edc,리엔왁싱,피부 미용,두정로 두정상가길 골목형상점가,골목형상점가,충청남도,,,
67c69fdc40cd2d8d821a,full_annotation_v1,A,q_피부관리_07,피부 관리,뷰티·미용 중 '피부관리'를 판매·제공하는 매장,test,피부관리,T6 기계변형,f004b52b-c101-4f0f-aa4d-bd2dfcaed33e,하진뷰티,피부,나주혁신도시 골목형상점가,골목형상점가,전라남도,,,
b32e3bbc591fc053132e,full_annotation_v1,A,q_피부관리_07,피부 관리,뷰티·미용 중 '피부관리'를 판매·제공하는 매장,test,피부관리,T6 기계변형,ee7be07a-9d93-47ec-aa6e-79b5d6ac0408,이안두피탈모,두피 탈모 관리,나성중앙 골목형상점가,골목형상점가,세종특별자치시,,,
656a052cbd27f74e56dd,full_annotation_v1,A,q_피부관리_07,피부 관리,뷰티·미용 중 '피부관리'를 판매·제공하는 매장,test,피부관리,T6 기계변형,c498bc87-cb1f-44cf-a970-ed675cb48909,유앤지의원,피부,남이동길골목형상점가,골목형상점가,서울특별시,,,
90563d9168f0fd3c29ed,full_annotation_v1,A,q_피부관리_07,피부 관리,뷰티·미용 중 '피부관리'를 판매·제공하는 매장,test,피부관리,T6 기계변형,1e474bbc-cbfb-4f3f-bf02-f17f7432010f,윤에스테틱,피부 관리업,다산역 로데오 상점가,자율상권구역,경기도,,,
6e326123d515a6992cd2,full_annotation_v1,A,q_피부관리_07,피부 관리,뷰티·미용 중 '피부관리'를 판매·제공하는 매장,test,피부관리,T6 기계변형,f2c999e3-8321-45aa-956c-5d6e366d4947,온리피부관리,피부 미용,매곡 사랑길 골목형상점가,골목형상점가,광주광역시,,,
ff8ab2d2d609f95056bc,full_annotation_v1,A,q_피부관리_07,피부 관리,뷰티·미용 중 '피부관리'를 판매·제공하는 매장,test,피부관리,T6 기계변형,56197780-5425-480c-a2fa-f31ba0d5798e,부영만두,만두 관리 거리가게,창원 명서시장,전통시장,경상남도,,,
b2bf656794756d130c79,full_annotation_v1,A,q_피부관리_07,피부 관리,뷰티·미용 중 '피부관리'를 판매·제공하는 매장,test,피부관리,T6 기계변형,7103f85e-1715-42c0-9dac-2d009dfb6667,지수 피부,피부관리,한들물빛도시 골목형 상점가,골목형상점가,충청남도,,,
b9ec0793f6a15b4064ca,full_annotation_v1,A,q_피부관리_07,피부 관리,뷰티·미용 중 '피부관리'를 판매·제공하는 매장,test,피부관리,T6 기계변형,0b781873-4848-440d-9845-519fe314cb94,비비한 뷰티&왁싱,피부왁싱,호남동불로동천변 골목형상점가,골목형상점가,광주광역시,,,
4c268a670cffa1c1101f,full_annotation_v1,A,q_피부관리_07,피부 관리,뷰티·미용 중 '피부관리'를 판매·제공하는 매장,test,피부관리,T6 기계변형,4665a5c0-b936-4c72-a6a9-6efc4154cd3e,미소피부관샵,피부,신세계앞상인회 골목형상점가,골목형상점가,광주광역시,,,
d0578576f19945a74657,full_annotation_v1,A,q_피부관리_07,피부 관리,뷰티·미용 중 '피부관리'를 판매·제공하는 매장,test,피부관리,T6 기계변형,d3610e57-8a1c-449e-87af-29265416a558,라뷰티크,피부,쌍촌골상인회 골목형상점가,골목형상점가,광주광역시,,,
8ff74c881ef4135d5767,full_annotation_v1,A,q_피부관리_07,피부 관리,뷰티·미용 중 '피부관리'를 판매·제공하는 매장,test,피부관리,T6 기계변형,8eafd9ef-fd02-4f9f-9365-b0e190aa2d82,나이스의원,피부,더불어용두 골목형상점가,골목형상점가,광주광역시,,,
924fd237238c46b8a1af,full_annotation_v1,A,q_피부관리_07,피부 관리,뷰티·미용 중 '피부관리'를 판매·제공하는 매장,test,피부관리,T6 기계변형,e35684c1-d650-4248-a2b2-6b272d10fa7e,보성짬뽕,음식,섬유제품관,전통시장,대구광역시,,,
a59ae67fefcfd5dc3960,full_annotation_v1,A,q_피부관리_07,피부 관리,뷰티·미용 중 '피부관리'를 판매·제공하는 매장,test,피부관리,T6 기계변형,a2acae9d-aa09-4abd-8dc3-f30beb3e42a3,유뷰티샵,피부,허드슨1041 골목형상점가,골목형상점가,광주광역시,,,
7e86c7422dfd557b1ca4,full_annotation_v1,A,q_피부관리_07,피부 관리,뷰티·미용 중 '피부관리'를 판매·제공하는 매장,test,피부관리,T6 기계변형,3fcd7a05-a009-4d65-849b-6f878915d757,위즈뷰,피부,신용동 골목형상점가,골목형상점가,광주광역시,,,
bc76c2a56b81acc63c79,full_annotation_v1,A,q_피부관리_07,피부 관리,뷰티·미용 중 '피부관리'를 판매·제공하는 매장,test,피부관리,T6 기계변형,0017ec9c-4997-4ef5-a552-7fffc7dd149c,아리따움 진주서부점,화장품,진주 새서부시장,전통시장,경상남도,,,
d5cd70c37648803a7053,full_annotation_v1,A,q_피부관리_07,피부 관리,뷰티·미용 중 '피부관리'를 판매·제공하는 매장,test,피부관리,T6 기계변형,a97cad62-ba63-444f-a318-1d5e64197c37,반한피부,피부관리,방이시장,전통시장,서울특별시,,,
bcb54e5b26e0c201d48f,full_annotation_v1,A,q_피부관리_07,피부 관리,뷰티·미용 중 '피부관리'를 판매·제공하는 매장,test,피부관리,T6 기계변형,9ef8fc08-8ba8-4489-9249-713e06360aca,"피부,꽃피다",피부,상무오월로상인회 골목형상점가,골목형상점가,광주광역시,,,
bf6a2b61ca8424193e30,full_annotation_v1,A,q_피부관리_07,피부 관리,뷰티·미용 중 '피부관리'를 판매·제공하는 매장,test,피부관리,T6 기계변형,6c09e698-19e4-4522-990b-f4904a65ba38,플로르네일,손발톱 관리,월빛 골목형상점가,골목형상점가,광주광역시,,,
1756633cb59c6eca65d9,full_annotation_v1,A,q_피부관리_07,피부 관리,뷰티·미용 중 '피부관리'를 판매·제공하는 매장,test,피부관리,T6 기계변형,00222f52-5d1f-4fb1-b0a6-7b4864ce177f,아리따움서대문연희점,화장품,연희사러가,전통시장,서울특별시,,,
fdcec23bc53aa74534b8,full_annotation_v1,A,q_피부관리_07,피부 관리,뷰티·미용 중 '피부관리'를 판매·제공하는 매장,test,피부관리,T6 기계변형,004a8de5-69c1-4c55-a507-54e016703431,마중물뷰티동,소매(화장품),은마종합상점가,자율상권구역,서울특별시,,,
d25af0a265fb125d0b9f,full_annotation_v1,A,q_피부관리_07,피부 관리,뷰티·미용 중 '피부관리'를 판매·제공하는 매장,test,피부관리,T6 기계변형,006a03c8-0b03-4a37-bab3-4d9d608fbc7b,디바스킨 본점,피부관리,나주혁신도시 골목형상점가,골목형상점가,전라남도,,,
5464472e00afd38c4d14,full_annotation_v1,A,q_피부관리_07,피부 관리,뷰티·미용 중 '피부관리'를 판매·제공하는 매장,test,피부관리,T6 기계변형,003cdc8a-95fe-43ea-8350-f4c63913a6f8,정선화장품,화장품,오천시장,전통시장,경상북도,,,
7f44e46e7d054fc7af6a,full_annotation_v1,A,q_피부관리_07,피부 관리,뷰티·미용 중 '피부관리'를 판매·제공하는 매장,test,피부관리,T6 기계변형,99973d84-7f47-4547-b51f-169ec7a326e1,위드제이뷰티,"피부, 바디 관리",포일중앙 골목형상점가,골목형상점가,경기도,,,
38b961e8cacfc334208a,full_annotation_v1,A,q_피부관리_07,피부 관리,뷰티·미용 중 '피부관리'를 판매·제공하는 매장,test,피부관리,T6 기계변형,046c8087-df4f-4578-bcf6-ddb6ac06bd93,아나토미 에스테틱 천안점,에스테틱,불당1번가골목형상점가,골목형상점가,충청남도,,,
cfc0ce9b10dc2fc55702,full_annotation_v1,A,q_피부관리_07,피부 관리,뷰티·미용 중 '피부관리'를 판매·제공하는 매장,test,피부관리,T6 기계변형,d0c07fb7-168b-4648-b0e4-20393e6023ed,플뢰르,피부 미용,나성동 소방청 골목형상점가,골목형상점가,세종특별자치시,,,
443324b346a1e421b0a2,full_annotation_v1,A,q_피부관리_07,피부 관리,뷰티·미용 중 '피부관리'를 판매·제공하는 매장,test,피부관리,T6 기계변형,4d44e06e-fb79-4864-a05c-49e23ae0a595,미엘멜로우,피부,상무평화상인회 골목형상점가,골목형상점가,광주광역시,,,
9463aeb5f2c947a5f9af,full_annotation_v1,A,q_피부관리_07,피부 관리,뷰티·미용 중 '피부관리'를 판매·제공하는 매장,test,피부관리,T6 기계변형,a0eeea45-1944-4015-9666-60d5df561ad0,형제정식한상,한식,조종시장,전통시장,경기도,,,
dc80c6ef6544f1faae30,full_annotation_v1,A,q_피부관리_07,피부 관리,뷰티·미용 중 '피부관리'를 판매·제공하는 매장,test,피부관리,T6 기계변형,d7bcfb60-e37c-4988-bc5c-69c84bcb32f5,더샵스킨앤바디상무점,피부,치평1230상인회 골목형상점가,골목형상점가,광주광역시,,,
91c70445bbe1f592b211,full_annotation_v1,A,q_피부관리_07,피부 관리,뷰티·미용 중 '피부관리'를 판매·제공하는 매장,test,피부관리,T6 기계변형,ece0f6c3-aa23-432c-9c05-aa7a5bb3ce69,춘심살롱,왁싱 피부,카림애비뉴애 골목형상점가,골목형상점가,세종특별자치시,,,
c19905a53abeee5ad038,full_annotation_v1,A,q_피부관리_07,피부 관리,뷰티·미용 중 '피부관리'를 판매·제공하는 매장,test,피부관리,T6 기계변형,340ac757-2017-410b-8327-2b0286767291,성남준포스처,바른자세 관리,야탑 골목형상점가,골목형상점가,경기도,,,
7885a0f3309f4c0bca8e,full_annotation_v1,A,q_피부관리_07,피부 관리,뷰티·미용 중 '피부관리'를 판매·제공하는 매장,test,피부관리,T6 기계변형,3d778712-776f-4080-8b70-08de5c9f6770,예손피부,피부관리,금호아파트상인회 골목형상점가,골목형상점가,광주광역시,,,
eddf84be635c3de5f3d1,full_annotation_v1,A,q_피부관리_07,피부 관리,뷰티·미용 중 '피부관리'를 판매·제공하는 매장,test,피부관리,T6 기계변형,f8309725-44a0-4027-98a6-1eff561f1bd2,꼼브레,피부,계림두산위브 골목형상점가,골목형상점가,광주광역시,,,
624e5a2155408a75608e,full_annotation_v1,A,q_피부관리_07,피부 관리,뷰티·미용 중 '피부관리'를 판매·제공하는 매장,test,피부관리,T6 기계변형,b5742c2b-f1a2-41ab-96fd-84bdcb5207ea,칭따오양꼬치,음식,함송상가,골목형상점가,경기도,,,
59b77d737d725aca7722,full_annotation_v1,A,q_피부관리_07,피부 관리,뷰티·미용 중 '피부관리'를 판매·제공하는 매장,test,피부관리,T6 기계변형,e0ba60d3-9ba3-4293-9c95-1278328aae97,은정상회,생선,강진읍시장,전통시장,전라남도,,,
89d42a6f81677c04c688,full_annotation_v1,A,q_피부관리_07,피부 관리,뷰티·미용 중 '피부관리'를 판매·제공하는 매장,test,피부관리,T6 기계변형,7eca7da4-5843-4163-b3a8-215a75d557c2,장날소머리국밥,한식,고성시장,전통시장,경상남도,,,
71c1a237ce95ecff7bde,full_annotation_v1,A,q_피부관리_07,피부 관리,뷰티·미용 중 '피부관리'를 판매·제공하는 매장,test,피부관리,T6 기계변형,d50c7cf2-6135-4da0-847b-464b19bd31ef,뷰린,피부,신창 골목형상점가,골목형상점가,광주광역시,,,
eb66279a50477a145f3b,full_annotation_v1,A,q_피부관리_07,피부 관리,뷰티·미용 중 '피부관리'를 판매·제공하는 매장,test,피부관리,T6 기계변형,886f5eb3-47a7-4670-b4bf-e72bdd3acfd3,콜마르브레드,제과,어은누리 골목형상점가,골목형상점가,대전광역시,,,
3ab84d4ecbdc88110b5d,full_annotation_v1,A,q_피부관리_07,피부 관리,뷰티·미용 중 '피부관리'를 판매·제공하는 매장,test,피부관리,T6 기계변형,e1ef4f13-83c7-402e-97a3-47b88a065eb0,고은피부,피부 관리,풍암신암상인회 골목형상점가,골목형상점가,광주광역시,,,
d719993dd6aec049559e,full_annotation_v1,A,q_피부관리_07,피부 관리,뷰티·미용 중 '피부관리'를 판매·제공하는 매장,test,피부관리,T6 기계변형,2fa9718a-9609-4282-9163-76a9f303987f,조은선피부앤바디,피부,마재상인회 골목형상점가,골목형상점가,광주광역시,,,
00d7e6ff6714804982d8,full_annotation_v1,A,q_피부관리_07,피부 관리,뷰티·미용 중 '피부관리'를 판매·제공하는 매장,test,피부관리,T6 기계변형,008c73ed-3ece-452b-aa49-b96b73ff1ba1,온결 스킨앤바디,화장품,가재마을 골목형상점가,골목형상점가,세종특별자치시,,,
a6e948429b264a46e3d3,full_annotation_v1,A,q_피부관리_07,피부 관리,뷰티·미용 중 '피부관리'를 판매·제공하는 매장,test,피부관리,T6 기계변형,8b4f6dea-1867-4b79-adcc-fd38f9808184,체이스컬트,의류,원주중앙시장활성화구역,상권활성화구역,강원특별자치도,,,
c592df11b7f66ba5ff39,full_annotation_v1,A,q_피부관리_07,피부 관리,뷰티·미용 중 '피부관리'를 판매·제공하는 매장,test,피부관리,T6 기계변형,6e44499e-52d2-4784-b2d7-a4533f891627,스킨쓰담,피부 미용,사당1동 먹자골목 상점가,자율상권구역,서울특별시,,,
465223362d2bee3d90a0,full_annotation_v1,A,q_피부관리_07,피부 관리,뷰티·미용 중 '피부관리'를 판매·제공하는 매장,test,피부관리,T6 기계변형,0837f571-cf88-47c4-99a7-2a77d609a62b,플투레,피부 미용,강진읍 상권활성화구역,상권활성화구역,전라남도,,,
1233e75d4863d74a150e,full_annotation_v1,A,q_피부관리_07,피부 관리,뷰티·미용 중 '피부관리'를 판매·제공하는 매장,test,피부관리,T6 기계변형,d5e4476f-d880-40fb-b0c6-ec47a58671b7,가령헤어샵,피부,성주시장,전통시장,경상북도,,,
5ee85a151c92142390c9,full_annotation_v1,A,q_피부관리_07,피부 관리,뷰티·미용 중 '피부관리'를 판매·제공하는 매장,test,피부관리,T6 기계변형,022f921a-9545-4be5-a4ce-d628a782c282,마이뷰티,피부관리 왁싱 속눈썹,마산 오동동 창동 어시장 상권활성화구역,상권활성화구역,경상남도,,,
34582ddf9820d7a717ed,full_annotation_v1,A,q_피부관리_07,피부 관리,뷰티·미용 중 '피부관리'를 판매·제공하는 매장,test,피부관리,T6 기계변형,04e23271-38ff-40c1-92b8-657773758b60,무아르왁싱,"왁싱, 제모",과천스마트케이 골목형상점가,골목형상점가,경기도,,,
43e65be040d8e45d4be4,full_annotation_v1,A,q_피부관리_07,피부 관리,뷰티·미용 중 '피부관리'를 판매·제공하는 매장,test,피부관리,T6 기계변형,00286d17-4dd8-4803-9e0d-4ce25169c0f7,에이치컬링,눈썹,약수초등길 중산 골목형상점가,골목형상점가,울산광역시,,,
e71913b6088215a9bd92,full_annotation_v1,A,q_피부관리_07,피부 관리,뷰티·미용 중 '피부관리'를 판매·제공하는 매장,test,피부관리,T6 기계변형,b82bdc75-124f-44b3-bb3f-87f8ac0a3b5f,지윤의 자연피부,피부,하안10단지 골목형상점가,골목형상점가,경기도,,,
3eacac2cf8c047cf0a4e,full_annotation_v1,A,q_피부관리_07,피부 관리,뷰티·미용 중 '피부관리'를 판매·제공하는 매장,test,피부관리,T6 기계변형,c3e56c3e-e16b-4106-b86c-17ca29d43e1f,맑은피부과의원,피부,행복 북문대로2 골목형상점가,골목형상점가,광주광역시,,,
690734605a2ca6260e50,full_annotation_v1,A,q_피부관리_07,피부 관리,뷰티·미용 중 '피부관리'를 판매·제공하는 매장,test,피부관리,T6 기계변형,94c51132-ae33-4b02-83a7-f2825f636cd1,윤블리,미용 피부,문학로 골목형상점가,골목형상점가,전북특별자치도,,,
b82d39d9914e55cea181,full_annotation_v1,A,q_피부관리_07,피부 관리,뷰티·미용 중 '피부관리'를 판매·제공하는 매장,test,피부관리,T6 기계변형,01c0d290-258d-473d-b10e-ab313f96502b,연에스테틱,,유촌동상인회 골목형상점가,골목형상점가,광주광역시,,,
eac7781b8032105feaa2,full_annotation_v1,A,q_피부관리_07,피부 관리,뷰티·미용 중 '피부관리'를 판매·제공하는 매장,test,피부관리,T6 기계변형,dea099a4-1ca1-4348-b55b-3681daabcc7d,러블리,손발톱 관리,포항 대이상가 골목형상점가,골목형상점가,경상북도,,,
634cc41333b94541f442,full_annotation_v1,A,q_피부관리_08,피부관이,뷰티·미용 중 '피부관리'를 판매·제공하는 매장,test,피부관리,T6 기계변형,bc75484f-389c-4f7b-ba5d-164ca56ac6df,피부힐링순,피부관리,세은 골목형상점가,골목형상점가,광주광역시,,,
4031cf9dc2e00f4a5c72,full_annotation_v1,A,q_피부관리_08,피부관이,뷰티·미용 중 '피부관리'를 판매·제공하는 매장,test,피부관리,T6 기계변형,02288afa-ef79-4f20-a297-bf30982d8a6b,제이지니테라피,피부관리. 윤곽. 비대칭관리,부천 옥길 골목형상점가,골목형상점가,경기도,,,
200db5741d505327bff8,full_annotation_v1,A,q_피부관리_08,피부관이,뷰티·미용 중 '피부관리'를 판매·제공하는 매장,test,피부관리,T6 기계변형,1fff1a97-19a3-4140-b0a1-443bbd619473,시월뷰티,피부관리,해남읍 원도심 상권활성화구역,상권활성화구역,전라남도,,,
9211c7c5011f265b4809,full_annotation_v1,A,q_피부관리_08,피부관이,뷰티·미용 중 '피부관리'를 판매·제공하는 매장,test,피부관리,T6 기계변형,006a03c8-0b03-4a37-bab3-4d9d608fbc7b,디바스킨 본점,피부관리,나주혁신도시 골목형상점가,골목형상점가,전라남도,,,
984ea0affec6b932c4bf,full_annotation_v1,A,q_피부관리_08,피부관이,뷰티·미용 중 '피부관리'를 판매·제공하는 매장,test,피부관리,T6 기계변형,dc8543a4-d853-4c9a-8e87-0d48d5424f2a,청호닭집,닭 오리,목포청호시장,전통시장,전라남도,,,
2ffe0990ccf752ce5324,full_annotation_v1,A,q_피부관리_08,피부관이,뷰티·미용 중 '피부관리'를 판매·제공하는 매장,test,피부관리,T6 기계변형,003cdc8a-95fe-43ea-8350-f4c63913a6f8,정선화장품,화장품,오천시장,전통시장,경상북도,,,
7e6b3a87c1302f875d03,full_annotation_v1,A,q_피부관리_08,피부관이,뷰티·미용 중 '피부관리'를 판매·제공하는 매장,test,피부관리,T6 기계변형,008c73ed-3ece-452b-aa49-b96b73ff1ba1,온결 스킨앤바디,화장품,가재마을 골목형상점가,골목형상점가,세종특별자치시,,,
24e1a2fe6176b4c84d99,full_annotation_v1,A,q_피부관리_08,피부관이,뷰티·미용 중 '피부관리'를 판매·제공하는 매장,test,피부관리,T6 기계변형,546621d6-4b9b-4fc9-bb2d-230b4e94f7b0,고운뷰티,피부관리,쌍리단길상점가,자율상권구역,서울특별시,,,
cc94b0836759b148c2f0,full_annotation_v1,A,q_피부관리_08,피부관이,뷰티·미용 중 '피부관리'를 판매·제공하는 매장,test,피부관리,T6 기계변형,0c3f6ae1-9bec-46f1-a43a-b61009758761,세종왁싱 보람뷰티,왁싱 속눈썹펌,보람동 골목형상점가,골목형상점가,세종특별자치시,,,
5e068c4366d650af0765,full_annotation_v1,A,q_피부관리_08,피부관이,뷰티·미용 중 '피부관리'를 판매·제공하는 매장,test,피부관리,T6 기계변형,2c2eec55-fd91-4353-ae07-aeed444c0211,성인쇼파,쇼파수리업,두암시장주변 골목형상점가,골목형상점가,광주광역시,,,
3721262347b71cb77dc2,full_annotation_v1,A,q_피부관리_08,피부관이,뷰티·미용 중 '피부관리'를 판매·제공하는 매장,test,피부관리,T6 기계변형,183723cf-0dca-4954-bd5c-21915fc6eda7,허브피부관리,피부관리,남성역먹거리골목형상점가,골목형상점가,서울특별시,,,
f4c3e9dabbd71cc6ef9b,full_annotation_v1,A,q_피부관리_08,피부관이,뷰티·미용 중 '피부관리'를 판매·제공하는 매장,test,피부관리,T6 기계변형,22bab0b6-b1a0-4a03-9332-f121f20a75cb,키웰,피부관리,평촌1번가 상점가,자율상권구역,경기도,,,
e9c1b004b5f02b0ddf71,full_annotation_v1,A,q_피부관리_08,피부관이,뷰티·미용 중 '피부관리'를 판매·제공하는 매장,test,피부관리,T6 기계변형,046c8087-df4f-4578-bcf6-ddb6ac06bd93,아나토미 에스테틱 천안점,에스테틱,불당1번가골목형상점가,골목형상점가,충청남도,,,
2578c1aa1f8c9d95b6bd,full_annotation_v1,A,q_피부관리_08,피부관이,뷰티·미용 중 '피부관리'를 판매·제공하는 매장,test,피부관리,T6 기계변형,1d39494e-cc63-4ac2-af0f-0f349de60e56,르주비아 에스테틱,,포항중앙상가,전통시장,경상북도,,,
b82f45d7b1b42baa71df,full_annotation_v1,A,q_피부관리_08,피부관이,뷰티·미용 중 '피부관리'를 판매·제공하는 매장,test,피부관리,T6 기계변형,f6bdfc7c-65b6-4a36-9aba-b8b6a05db8f4,더향기,피부관리,과천중앙동상점가,자율상권구역,경기도,,,
8e96121e5f609d1299b2,full_annotation_v1,A,q_피부관리_08,피부관이,뷰티·미용 중 '피부관리'를 판매·제공하는 매장,test,피부관리,T6 기계변형,ed40e867-d5f3-47ae-860d-0d50c17a1182,디에뜨샵,피부관리,목원대 골목형상점가,골목형상점가,대전광역시,,,
89c52c72b238d18401a1,full_annotation_v1,A,q_피부관리_08,피부관이,뷰티·미용 중 '피부관리'를 판매·제공하는 매장,test,피부관리,T6 기계변형,ed7860ef-954d-4d1d-aef4-71b97202d08e,코샤뷰티,피부관리,나성동 골목형상점가,골목형상점가,세종특별자치시,,,
f6260eb16dc38fc455c9,full_annotation_v1,A,q_피부관리_08,피부관이,뷰티·미용 중 '피부관리'를 판매·제공하는 매장,test,피부관리,T6 기계변형,00998e68-6f7e-4b3f-9476-72ba1ac3466e,라테라스 테라피,피부관리,치평1230상인회 골목형상점가,골목형상점가,광주광역시,,,
b7d30aff20516580bdfb,full_annotation_v1,A,q_피부관리_08,피부관이,뷰티·미용 중 '피부관리'를 판매·제공하는 매장,test,피부관리,T6 기계변형,92549cd0-6310-499e-a375-e22ff9cd8155,우신이네정육식당,한식,광탄전통시장,전통시장,경기도,,,
c84ef6981a73e188f316,full_annotation_v1,A,q_피부관리_08,피부관이,뷰티·미용 중 '피부관리'를 판매·제공하는 매장,test,피부관리,T6 기계변형,09e962f0-1376-4347-b30e-60edd1ef994c,미소뷰티,피부관리,정 있는 서암대로 골목형상점가,골목형상점가,광주광역시,,,
25adca8df93a50c9a918,full_annotation_v1,A,q_피부관리_08,피부관이,뷰티·미용 중 '피부관리'를 판매·제공하는 매장,test,피부관리,T6 기계변형,4665a5c0-b936-4c72-a6a9-6efc4154cd3e,미소피부관샵,피부,신세계앞상인회 골목형상점가,골목형상점가,광주광역시,,,
0fc72be06e6ff87b042c,full_annotation_v1,A,q_피부관리_08,피부관이,뷰티·미용 중 '피부관리'를 판매·제공하는 매장,test,피부관리,T6 기계변형,022f921a-9545-4be5-a4ce-d628a782c282,마이뷰티,피부관리 왁싱 속눈썹,마산 오동동 창동 어시장 상권활성화구역,상권활성화구역,경상남도,,,
e4f0e06c4a06dd60d47d,full_annotation_v1,A,q_피부관리_08,피부관이,뷰티·미용 중 '피부관리'를 판매·제공하는 매장,test,피부관리,T6 기계변형,eb96c1aa-4621-4fdf-92e0-2e360eba5c1e,선물뷰티,피부관리,군분로꽁양상인회 골목형상점가,골목형상점가,광주광역시,,,
6d694f8dfd9a6a386395,full_annotation_v1,A,q_피부관리_08,피부관이,뷰티·미용 중 '피부관리'를 판매·제공하는 매장,test,피부관리,T6 기계변형,b6f1730c-189c-4570-93eb-2f48572784d7,뷰니크,피부관리,모란시장 쉼터길 골목형상점가,골목형상점가,경기도,,,
8e6b4200e246c6ad34a8,full_annotation_v1,A,q_피부관리_08,피부관이,뷰티·미용 중 '피부관리'를 판매·제공하는 매장,test,피부관리,T6 기계변형,ff4e6f5e-fc14-4371-a58c-a1a98c2b6d14,블링뷰티,피부관리,광주송정역세권 상권활성화구역,상권활성화구역,광주광역시,,,
2377c1cf84a3a0f827ee,full_annotation_v1,A,q_피부관리_08,피부관이,뷰티·미용 중 '피부관리'를 판매·제공하는 매장,test,피부관리,T6 기계변형,0133de50-f3d8-44d7-99fb-0a05f3b2b13e,졔졔살롱,속눈썹미용,운암이 골목형상점가,골목형상점가,광주광역시,,,
8f9d8dcc338f20787817,full_annotation_v1,A,q_피부관리_08,피부관이,뷰티·미용 중 '피부관리'를 판매·제공하는 매장,test,피부관리,T6 기계변형,29e03f7f-9231-4e67-a68f-a2b4be606245,창원피부관리다올,피부관리,창원 대동중앙상가,전통시장,경상남도,,,
2f48ff696f80a3bf7051,full_annotation_v1,A,q_피부관리_08,피부관이,뷰티·미용 중 '피부관리'를 판매·제공하는 매장,test,피부관리,T6 기계변형,2c573744-c77e-49a1-ad3c-2c70743c0fb1,아뜨레헤어,두발,두암사거리 골목형상점가,골목형상점가,광주광역시,,,
4938d5bdcd4eb39ebf59,full_annotation_v1,A,q_피부관리_08,피부관이,뷰티·미용 중 '피부관리'를 판매·제공하는 매장,test,피부관리,T6 기계변형,031f5ecb-08f7-4c58-bf2e-694c3f2c2210,뷰티명가,피부관리,사리골상점가,자율상권구역,경기도,,,
f1b98d710a20eb80c61f,full_annotation_v1,A,q_피부관리_08,피부관이,뷰티·미용 중 '피부관리'를 판매·제공하는 매장,test,피부관리,T6 기계변형,04e23271-38ff-40c1-92b8-657773758b60,무아르왁싱,"왁싱, 제모",과천스마트케이 골목형상점가,골목형상점가,경기도,,,
ccc0e2568bb587def5de,full_annotation_v1,A,q_피부관리_08,피부관이,뷰티·미용 중 '피부관리'를 판매·제공하는 매장,test,피부관리,T6 기계변형,abd220f5-aa3b-48cf-aad2-900c1a588d07,시장닭집,닭,봉화상설시장,전통시장,경상북도,,,
b825cacd112c126018b1,full_annotation_v1,A,q_피부관리_08,피부관이,뷰티·미용 중 '피부관리'를 판매·제공하는 매장,test,피부관리,T6 기계변형,7103f85e-1715-42c0-9dac-2d009dfb6667,지수 피부,피부관리,한들물빛도시 골목형 상점가,골목형상점가,충청남도,,,
ff235ae0b60b86bd0285,full_annotation_v1,A,q_피부관리_08,피부관이,뷰티·미용 중 '피부관리'를 판매·제공하는 매장,test,피부관리,T6 기계변형,910eff81-e6cc-4bfa-80ef-998c616430e4,휴스킨,피부관리,한듬레포츠,골목형상점가,광주광역시,,,
43cd15ee595b1e36265a,full_annotation_v1,A,q_피부관리_08,피부관이,뷰티·미용 중 '피부관리'를 판매·제공하는 매장,test,피부관리,T6 기계변형,ccaa4789-23bb-4d6b-83c0-fd9793e07e62,고궁피부관리,피부관리,뒤뜰골목형상점가,골목형상점가,강원특별자치도,,,
f601ee971880dd3d3ec1,full_annotation_v1,A,q_피부관리_08,피부관이,뷰티·미용 중 '피부관리'를 판매·제공하는 매장,test,피부관리,T6 기계변형,4a57a9fa-cdd9-4981-84b2-4deba0d69ba4,피부튼튼e,피부관리,오목교역8번출구골목형상점가,골목형상점가,서울특별시,,,
d81453bc25caa862e99c,full_annotation_v1,A,q_피부관리_08,피부관이,뷰티·미용 중 '피부관리'를 판매·제공하는 매장,test,피부관리,T6 기계변형,0017ec9c-4997-4ef5-a552-7fffc7dd149c,아리따움 진주서부점,화장품,진주 새서부시장,전통시장,경상남도,,,
9f0653272eb892eb7337,full_annotation_v1,A,q_피부관리_08,피부관이,뷰티·미용 중 '피부관리'를 판매·제공하는 매장,test,피부관리,T6 기계변형,e5eabd81-2e89-43a7-8ad2-8be1fa6c8a05,더빛날,피부관리,양산동 행복 골목형상점가,골목형상점가,광주광역시,,,
0132b97a825dbef2ab3c,full_annotation_v1,A,q_피부관리_08,피부관이,뷰티·미용 중 '피부관리'를 판매·제공하는 매장,test,피부관리,T6 기계변형,5f9eb1c5-c478-4a33-8a62-08861fdde1fd,아사커피랩 광주광천점,커피 외,광천동상인회 골목형상점가,골목형상점가,광주광역시,,,
ec09af173107ab86257f,full_annotation_v1,A,q_피부관리_08,피부관이,뷰티·미용 중 '피부관리'를 판매·제공하는 매장,test,피부관리,T6 기계변형,00131122-77cf-4772-b141-202f0f950f5c,라라샵,화장품,유성신나는 골목형상점가,골목형상점가,대전광역시,,,
c1337ee01eafad78ed94,full_annotation_v1,A,q_피부관리_08,피부관이,뷰티·미용 중 '피부관리'를 판매·제공하는 매장,test,피부관리,T6 기계변형,01c0d290-258d-473d-b10e-ab313f96502b,연에스테틱,,유촌동상인회 골목형상점가,골목형상점가,광주광역시,,,
1dedded4703a9345df44,full_annotation_v1,A,q_피부관리_08,피부관이,뷰티·미용 중 '피부관리'를 판매·제공하는 매장,test,피부관리,T6 기계변형,5e8047ea-4879-4f80-bd71-351dfa01f818,피부봐요,피부관리,문흥라인아파트 골목형상점가,골목형상점가,광주광역시,,,
00d01deae68668d17c41,full_annotation_v1,A,q_피부관리_08,피부관이,뷰티·미용 중 '피부관리'를 판매·제공하는 매장,test,피부관리,T6 기계변형,eee4cb9a-447f-4e24-b168-de011b68be72,찬란하다,피부관리,힐스테이트에코 골목형상점가,골목형상점가,경기도,,,
4228250945d246d2178f,full_annotation_v1,A,q_피부관리_08,피부관이,뷰티·미용 중 '피부관리'를 판매·제공하는 매장,test,피부관리,T6 기계변형,1ac4ae73-6d9b-4466-8bd3-9c4edcc910ec,솔비쥬,피부관리,산본로데오거리(구 산본중심상가),자율상권구역,경기도,,,
1dcf5b40a43d36892510,full_annotation_v1,A,q_피부관리_08,피부관이,뷰티·미용 중 '피부관리'를 판매·제공하는 매장,test,피부관리,T6 기계변형,00286d17-4dd8-4803-9e0d-4ce25169c0f7,에이치컬링,눈썹,약수초등길 중산 골목형상점가,골목형상점가,울산광역시,,,
6a25c572cea95bb5af18,full_annotation_v1,A,q_피부관리_08,피부관이,뷰티·미용 중 '피부관리'를 판매·제공하는 매장,test,피부관리,T6 기계변형,9a9fcdc4-67c0-419c-bebd-e0474c590ad5,블루마린,의류,서면지하도상가 부전몰,일반지하상점가,부산광역시,,,
fd7df085812a8ad2225a,full_annotation_v1,A,q_피부관리_08,피부관이,뷰티·미용 중 '피부관리'를 판매·제공하는 매장,test,피부관리,T6 기계변형,00265f28-b733-4489-86bc-b86339c2f6c0,이비속눈썹,속눈썹연장,추억담은광주역뒷길 골목형상점가,골목형상점가,광주광역시,,,
d7c07948812462b9b971,full_annotation_v1,A,q_피부관리_08,피부관이,뷰티·미용 중 '피부관리'를 판매·제공하는 매장,test,피부관리,T6 기계변형,3990d086-cf5e-472f-b34f-238c3ca2eda5,안은실피부관리,피부관리,매봉 골목형상점가,골목형상점가,광주광역시,,,
f1a39f7908f97c80b372,full_annotation_v1,A,q_피부관리_08,피부관이,뷰티·미용 중 '피부관리'를 판매·제공하는 매장,test,피부관리,T6 기계변형,14f45676-ca6f-4fcb-aea7-c6b95ac1a077,루아 휴 헤드스파&에스테틱,,퍼스트원 골목형상점가,골목형상점가,세종특별자치시,,,
55252d68ed149ad65417,full_annotation_v1,A,q_피부관리_08,피부관이,뷰티·미용 중 '피부관리'를 판매·제공하는 매장,test,피부관리,T6 기계변형,87b7601d-e478-4a1b-bf9f-bb0930fd613b,카페포스트 농성점,무인커피전문점,서구청먹자골목상인회 골목형상점가,골목형상점가,광주광역시,,,
69b0df83c0e196fa1eb2,full_annotation_v1,A,q_피부관리_08,피부관이,뷰티·미용 중 '피부관리'를 판매·제공하는 매장,test,피부관리,T6 기계변형,9de4b13f-f088-40b5-b0f1-8f889aebc836,순,피부관리,남천바다내음 골목형상점가,골목형상점가,부산광역시,,,
1f4d5ae75bd353f1f7b1,full_annotation_v1,A,q_피부관리_08,피부관이,뷰티·미용 중 '피부관리'를 판매·제공하는 매장,test,피부관리,T6 기계변형,013c7cfa-cbf1-4606-bfd2-cae2985377c0,피크래쉬룸(PEAK LASH ROOM),"메이크업, 속눈썹",금암동 골목형상점가,골목형상점가,충청남도,,,
ebc73524c37ddab1e132,full_annotation_v1,A,q_피부관리_08,피부관이,뷰티·미용 중 '피부관리'를 판매·제공하는 매장,test,피부관리,T6 기계변형,0b781873-4848-440d-9845-519fe314cb94,비비한 뷰티&왁싱,피부왁싱,호남동불로동천변 골목형상점가,골목형상점가,광주광역시,,,
4114acb815c35560f961,full_annotation_v1,A,q_피부관리_08,피부관이,뷰티·미용 중 '피부관리'를 판매·제공하는 매장,test,피부관리,T6 기계변형,006a3db3-f148-48fb-a3ac-1a758ffae755,제이솜에스테틱,피부관리,효행구봉담상점가,골목형상점가,경기도,,,
2178b13e5b91859a18ce,full_annotation_v1,A,q_피부관리_08,피부관이,뷰티·미용 중 '피부관리'를 판매·제공하는 매장,test,피부관리,T6 기계변형,5c36a070-8e45-4501-a617-dbbf14e85f1c,화신유통,식품,동부시장,전통시장,광주광역시,,,
a8d771c09b5186a8b6fd,full_annotation_v1,A,q_피부관리_08,피부관이,뷰티·미용 중 '피부관리'를 판매·제공하는 매장,test,피부관리,T6 기계변형,3d778712-776f-4080-8b70-08de5c9f6770,예손피부,피부관리,금호아파트상인회 골목형상점가,골목형상점가,광주광역시,,,
5bb49a2d88677bb401e2,full_annotation_v1,A,q_피부관리_08,피부관이,뷰티·미용 중 '피부관리'를 판매·제공하는 매장,test,피부관리,T6 기계변형,9e21cfb2-807c-47e7-9481-7df84118cb34,핫뷰티,피부관리,고은상인회 골목형상점가,골목형상점가,광주광역시,,,
f671f2e773c48d7e5a80,full_annotation_v1,A,q_피부관리_08,피부관이,뷰티·미용 중 '피부관리'를 판매·제공하는 매장,test,피부관리,T6 기계변형,04197336-2bd8-40eb-95d9-f9bd1d83b049,아온에스테틱,,대방디엠시티 골목형상점가,골목형상점가,전북특별자치도,,,
2481ca9c09dcdeed8b55,full_annotation_v1,A,q_피부관리_08,피부관이,뷰티·미용 중 '피부관리'를 판매·제공하는 매장,test,피부관리,T6 기계변형,ed776ea2-48e0-4240-a74f-24847112201b,프와,피부관리,첨단강변로 골목형상점가,골목형상점가,광주광역시,,,
d38aaf78a74338b113ea,full_annotation_v1,A,q_피부관리_08,피부관이,뷰티·미용 중 '피부관리'를 판매·제공하는 매장,test,피부관리,T6 기계변형,41cc0830-d452-40fe-bc6c-8918eccc6003,다온 안경원,안경,호매실역중심상가 골목형상점가,골목형상점가,경기도,,,
8f1345b5a80f8a603385,full_annotation_v1,A,q_피부관리_08,피부관이,뷰티·미용 중 '피부관리'를 판매·제공하는 매장,test,피부관리,T6 기계변형,1bed0a4f-6ce9-4f46-a9f3-dfe7ccd9272a,은피부관리,피부관리,까치산시장,전통시장,서울특별시,,,
686f65df3b076916210e,full_annotation_v1,A,q_피부관리_08,피부관이,뷰티·미용 중 '피부관리'를 판매·제공하는 매장,test,피부관리,T6 기계변형,8f667a30-9c70-4c49-9810-ab730ed677d1,사랑회요,일식,동홍8번가 골목형상점가,골목형상점가,제주특별자치도,,,
a8026c3b8b089188ccf4,full_annotation_v1,A,q_피부관리_08,피부관이,뷰티·미용 중 '피부관리'를 판매·제공하는 매장,test,피부관리,T6 기계변형,d4d9ac61-b645-4356-b0e3-32d58e177ce7,예스농산,농산물,포항죽도농산물시장,전통시장,경상북도,,,
07cb0a7f7684a6767fff,full_annotation_v1,A,q_피부관리_08,피부관이,뷰티·미용 중 '피부관리'를 판매·제공하는 매장,test,피부관리,T6 기계변형,bb337b6e-666a-4954-812d-5ea105c190f8,예쁜공주 피부관리실,피부관리,송정 다누리 골목형상점가,골목형상점가,광주광역시,,,
99de7f0a52350271ce09,full_annotation_v1,A,q_피부관리_08,피부관이,뷰티·미용 중 '피부관리'를 판매·제공하는 매장,test,피부관리,T6 기계변형,5b50fe3e-f7dd-4723-b4d8-21da2e3069b0,최혜경 피부관리,피부관리,지족반석 골목형상점가,골목형상점가,대전광역시,,,
dc0d3049d449752effea,full_annotation_v1,A,q_피부관리_08,피부관이,뷰티·미용 중 '피부관리'를 판매·제공하는 매장,test,피부관리,T6 기계변형,6481fbb1-f7bc-4157-9a12-6f598de05fab,더화율,피부관리,동운초 골목형상점가,골목형상점가,광주광역시,,,
2c540ef378342f81a9f4,full_annotation_v1,A,q_피부관리_08,피부관이,뷰티·미용 중 '피부관리'를 판매·제공하는 매장,test,피부관리,T6 기계변형,f76afa0e-705c-43f8-adbf-6a7bee257190,피부The빛나,피부관리,노블레스 골목형상점가,골목형상점가,경기도,,,
2274a31183cf03e18f7e,full_annotation_v1,A,q_피부관리_08,피부관이,뷰티·미용 중 '피부관리'를 판매·제공하는 매장,test,피부관리,T6 기계변형,4715b54a-3475-4c0a-90b3-2f0f9023f1db,뾰샤시,피부관리,부평문화인의거리골목형상점가,골목형상점가,인천광역시,,,
0efdf0288929102fa1a2,full_annotation_v1,A,q_피부관리_08,피부관이,뷰티·미용 중 '피부관리'를 판매·제공하는 매장,test,피부관리,T6 기계변형,49f79d6a-37b0-42c0-b809-365497639c1d,아인스토어,가전제품,대구종합유통단지전자관사업협동조합,전통시장,대구광역시,,,
e2769213cee153155bb7,full_annotation_v1,A,q_피부관리_08,피부관이,뷰티·미용 중 '피부관리'를 판매·제공하는 매장,test,피부관리,T6 기계변형,0145ebc4-2c3b-48a5-bdee-30b3cbffc69a,비바뷰티왁싱스튜디오,왁싱,백운진다리 골목형상점가,골목형상점가,광주광역시,,,
16a301a026966b8c4c18,full_annotation_v1,A,q_피부관리_08,피부관이,뷰티·미용 중 '피부관리'를 판매·제공하는 매장,test,피부관리,T6 기계변형,fd8d72f6-c777-4375-abff-406318d1ab15,궁화피부관리,피부관리,원주중앙로문화의거리,자율상권구역,강원특별자치도,,,
941ce4923614b855a599,full_annotation_v1,A,q_피부관리_08,피부관이,뷰티·미용 중 '피부관리'를 판매·제공하는 매장,test,피부관리,T6 기계변형,00222f52-5d1f-4fb1-b0a6-7b4864ce177f,아리따움서대문연희점,화장품,연희사러가,전통시장,서울특별시,,,
dffef31b2b47761a03d8,full_annotation_v1,A,q_피부관리_08,피부관이,뷰티·미용 중 '피부관리'를 판매·제공하는 매장,test,피부관리,T6 기계변형,eb802516-84bf-46b3-8363-8d1b22ce2f72,바림,피부관리,우산중흥에쓰클래스 골목형상점가,골목형상점가,광주광역시,,,
dbf71e2672369344581f,full_annotation_v1,A,q_피부관리_08,피부관이,뷰티·미용 중 '피부관리'를 판매·제공하는 매장,test,피부관리,T6 기계변형,45ca7ab3-31ac-4c06-8286-3a019b090424,피부가꿈,피부관리,신안동서암대로 골목형상점가,골목형상점가,광주광역시,,,
2c3fae873b9674604493,full_annotation_v1,A,q_피부관리_08,피부관이,뷰티·미용 중 '피부관리'를 판매·제공하는 매장,test,피부관리,T6 기계변형,adf9e7e4-69be-4af3-a108-7347f5a39176,참숯불에 꾸운닭,치킨,금호1동상가번영회 골목형상점가,골목형상점가,광주광역시,,,
5879d66856dcdf544c8f,full_annotation_v1,A,q_피부관리_08,피부관이,뷰티·미용 중 '피부관리'를 판매·제공하는 매장,test,피부관리,T6 기계변형,4027331f-cc97-4fab-83e1-e494b22d77f0,에스,피부관리,남봉덕 골목형상점가,골목형상점가,대구광역시,,,
f17bd43c6543e6b4e127,full_annotation_v1,A,q_피부관리_08,피부관이,뷰티·미용 중 '피부관리'를 판매·제공하는 매장,test,피부관리,T6 기계변형,004a8de5-69c1-4c55-a507-54e016703431,마중물뷰티동,소매(화장품),은마종합상점가,자율상권구역,서울특별시,,,
3c5274bda3bc9b3f6928,full_annotation_v1,A,q_피부관리_08,피부관이,뷰티·미용 중 '피부관리'를 판매·제공하는 매장,test,피부관리,T6 기계변형,b399d6c9-0372-45d6-ac0e-1626b7693823,중앙뷰티,피부관리,장미제일시장,전통시장,서울특별시,,,
78b52fd56b5890adc4ca,full_annotation_v1,A,q_피부관리_08,피부관이,뷰티·미용 중 '피부관리'를 판매·제공하는 매장,test,피부관리,T6 기계변형,ed579338-247e-4ad1-b16b-f5368f8553e6,연일사,의류,부산자유시장,전통시장,부산광역시,,,
53845d501a320e54e7fa,full_annotation_v1,A,q_피부관리_08,피부관이,뷰티·미용 중 '피부관리'를 판매·제공하는 매장,test,피부관리,T6 기계변형,b4d2891d-3bc5-4eb0-b16b-40ec831a9162,두얼몸짱,피부관리,건국다복 골목형상점가,골목형상점가,광주광역시,,,
a6539ff628bfb31d7218,full_annotation_v1,A,q_피부관리_08,피부관이,뷰티·미용 중 '피부관리'를 판매·제공하는 매장,test,피부관리,T6 기계변형,f4e0bf24-b7d8-498f-81c0-9ffbdd5520d6,신제일횟집,한식,마산어시장,전통시장,경상남도,,,
ce35386144a3929a06b2,full_annotation_v1,A,q_피자_01,피자,음식점 중 '피자'를 판매·제공하는 매장,train,피자,T1 정확표기,271cf406-a2f3-4b72-aef0-13f172634390,피자스쿨,피자,상무역4번출구상인회 골목형상점가,골목형상점가,광주광역시,,,
c0f2346dfb64479a3e64,full_annotation_v1,A,q_피자_01,피자,음식점 중 '피자'를 판매·제공하는 매장,train,피자,T1 정확표기,8fc5d2fa-99ad-4407-b685-087983d63ffc,피자스쿨,피자,유촌동상인회 골목형상점가,골목형상점가,광주광역시,,,
31002e74b90e1f00cd2e,full_annotation_v1,A,q_피자_01,피자,음식점 중 '피자'를 판매·제공하는 매장,train,피자,T1 정확표기,b6fc83d1-bc1b-420b-bb92-df574d0f7654,이수열피자,피자,효자2동 골목형상점가,골목형상점가,전북특별자치도,,,
63b50e0d036f96232c50,full_annotation_v1,A,q_피자_01,피자,음식점 중 '피자'를 판매·제공하는 매장,train,피자,T1 정확표기,6d64f878-f93f-46ee-9720-5dc966222a69,몽S피자,피자,설악눈메골시장,전통시장,경기도,,,
731b3bb30e976ae6a3ac,full_annotation_v1,A,q_피자_01,피자,음식점 중 '피자'를 판매·제공하는 매장,train,피자,T1 정확표기,1d36414b-66a1-476f-87ef-228af142f9e4,노랑통닭 정읍중앙점,치킨,정읍연지상점가,자율상권구역,전북특별자치도,,,
f64c226f7f038a7d1569,full_annotation_v1,A,q_피자_01,피자,음식점 중 '피자'를 판매·제공하는 매장,train,피자,T1 정확표기,8d28ba03-5c0c-4149-a727-6d8dae37fee8,피자마루,피자,계림아이파크SK뷰 골목형상점가,골목형상점가,광주광역시,,,
75e3ea6dcdc4915e3c46,full_annotation_v1,A,q_피자_01,피자,음식점 중 '피자'를 판매·제공하는 매장,train,피자,T1 정확표기,53292391-977f-4287-8e60-54150edafda2,피자런,피자,루원음식문화거리,골목형상점가,인천광역시,,,
b3dfa7687207602a782b,full_annotation_v1,A,q_피자_01,피자,음식점 중 '피자'를 판매·제공하는 매장,train,피자,T1 정확표기,013fb547-74df-454c-8f8b-f05628a55cd5,7번가피자,피자,화정금화로상인회 골목형상점가,골목형상점가,광주광역시,,,
efdea3312c5ca88dca9c,full_annotation_v1,A,q_피자_01,피자,음식점 중 '피자'를 판매·제공하는 매장,train,피자,T1 정확표기,f75c86b0-4255-4206-8690-d36f24c3ba58,원피자,피자,인하문화의거리 골목형상점가,골목형상점가,인천광역시,,,
c010e81aa589edffe45b,full_annotation_v1,A,q_피자_01,피자,음식점 중 '피자'를 판매·제공하는 매장,train,피자,T1 정확표기,3ce9ab54-4adf-4bf1-aaf7-f444bdce3a39,피자엉클,피자,송정벚꽃골목형상점가,골목형상점가,서울특별시,,,
7b1fcedbdf164dfd7c90,full_annotation_v1,A,q_피자_01,피자,음식점 중 '피자'를 판매·제공하는 매장,train,피자,T1 정확표기,ee1d9f19-0756-4e61-9c90-7dab30471f24,피자 알볼로,피자,개롱골장군거리 골목형상점가,골목형상점가,서울특별시,,,
a66b3175de1e74f33c23,full_annotation_v1,A,q_피자_01,피자,음식점 중 '피자'를 판매·제공하는 매장,train,피자,T1 정확표기,035f9cc5-1357-4bbd-b76c-646b5da39aaa,홍약국,의약품,사가정면목로골목형상점가,골목형상점가,서울특별시,,,
536ff9e523e934496140,full_annotation_v1,A,q_피자_01,피자,음식점 중 '피자'를 판매·제공하는 매장,train,피자,T1 정확표기,9fa92010-4783-4070-9c85-c1a9624b4628,난타5000 피자,피자,양산동 골목형상점가,골목형상점가,광주광역시,,,
62311590868af4f946cd,full_annotation_v1,A,q_피자_01,피자,음식점 중 '피자'를 판매·제공하는 매장,train,피자,T1 정확표기,63266e6d-a299-4e49-814f-b5b1399ca86e,피자스쿨,피자,동천동먹자골목2번가상인회 골목형상점가,골목형상점가,광주광역시,,,
1f733be48c37a2421baf,full_annotation_v1,A,q_피자_01,피자,음식점 중 '피자'를 판매·제공하는 매장,train,피자,T1 정확표기,f34ac804-049e-4e41-a2d3-c9f7fefb5845,오구피자,피자,신 강남시장,전통시장,인천광역시,,,
c4d4c036b9d8dd95596f,full_annotation_v1,A,q_피자_01,피자,음식점 중 '피자'를 판매·제공하는 매장,train,피자,T1 정확표기,176c91b5-a569-466a-ac2d-59f06efd2028,광주아이맘케어,산후도우미,운남골목 골목형상점가,골목형상점가,광주광역시,,,
f6655b5686fe8ea30c94,full_annotation_v1,A,q_피자_01,피자,음식점 중 '피자'를 판매·제공하는 매장,train,피자,T1 정확표기,0b5e2327-bc7a-4f8d-a701-6ae4f0fba743,샘골한과,치즈 강정,화서시장,전통시장,경기도,,,
354464b7e77bbf2068fc,full_annotation_v1,A,q_피자_01,피자,음식점 중 '피자'를 판매·제공하는 매장,train,피자,T1 정확표기,6fffe22e-5ab7-4dec-a8bc-44231f73b1f4,피자원,피자,가재울 골목형상점가,골목형상점가,인천광역시,,,
d79581bde196667ae88c,full_annotation_v1,A,q_피자_01,피자,음식점 중 '피자'를 판매·제공하는 매장,train,피자,T1 정확표기,3e679244-f44d-4014-94be-44b39b92d927,피자스쿨,피자,공주대학로 골목형 상점가,골목형상점가,충청남도,,,
550fd2c9250418ce1f3b,full_annotation_v1,A,q_피자_01,피자,음식점 중 '피자'를 판매·제공하는 매장,train,피자,T1 정확표기,98798b44-4dda-48e4-9082-c03f8cbf7b5b,7번가피자,피자,용봉지구 골목형상점가,골목형상점가,광주광역시,,,
3e735009b799e5a6de48,full_annotation_v1,A,q_피자_01,피자,음식점 중 '피자'를 판매·제공하는 매장,train,피자,T1 정확표기,1d89f31a-a76b-4414-9539-863d6852482f,피잇짜,피자,성수역골목형상점가,골목형상점가,서울특별시,,,
6ab1dfd569c3cf574bc4,full_annotation_v1,A,q_피자_01,피자,음식점 중 '피자'를 판매·제공하는 매장,train,피자,T1 정확표기,2623a1f8-4fb3-44e1-bdcd-96c0ee537251,임실치즈피자 미스터파파,,승달 골목형상점가,골목형상점가,,,,
34b0857b8e9a9e6c19d2,full_annotation_v1,A,q_피자_01,피자,음식점 중 '피자'를 판매·제공하는 매장,train,피자,T1 정확표기,da20778e-1f92-41b8-af45-ca29305b0556,수피자,피자,노대물빛근린공원 골목형상점가,골목형상점가,광주광역시,,,
b9b657a9b61651a773d7,full_annotation_v1,A,q_피자_01,피자,음식점 중 '피자'를 판매·제공하는 매장,train,피자,T1 정확표기,013420d6-557d-45f7-9c34-e9fb1e490077,올리브 피자,피자,매곡 골목형상점가,골목형상점가,대구광역시,,,
aa2db4f8e4d956535ed1,full_annotation_v1,A,q_피자_01,피자,음식점 중 '피자'를 판매·제공하는 매장,train,피자,T1 정확표기,dee000fe-923b-4fa8-8cec-023f633612c9,피자어셈블,피자,동백중심상가 골목형상점가,골목형상점가,경기도,,,
4345ecceba9475d769dc,full_annotation_v1,A,q_피자_01,피자,음식점 중 '피자'를 판매·제공하는 매장,train,피자,T1 정확표기,421a23fe-c648-48a6-a996-f0d60dae66d3,마터케어,가정방문 산후도우미 서비스,김해 대우유토피아상가,골목형상점가,경상남도,,,
44809337b1940d8e7191,full_annotation_v1,A,q_피자_01,피자,음식점 중 '피자'를 판매·제공하는 매장,train,피자,T1 정확표기,00f98bb9-7973-4aef-97f9-9a91ac74e6d0,반올림 피자 세종점,피자,다정중앙 골목형상점가,골목형상점가,세종특별자치시,,,
99b650a46bf88677502c,full_annotation_v1,A,q_피자_01,피자,음식점 중 '피자'를 판매·제공하는 매장,train,피자,T1 정확표기,c6ad4f91-63f6-490d-bc96-a29ae9316134,또또아구찜,한식,첨단강변로 골목형상점가,골목형상점가,광주광역시,,,
136e9f08d405264f3ea7,full_annotation_v1,A,q_피자_01,피자,음식점 중 '피자'를 판매·제공하는 매장,train,피자,T1 정확표기,5763f503-15b5-45a7-b41d-305b79d9a0fa,소문난 도우분식,,모라전통시장,전통시장,부산광역시,,,
a9a24059d2a7c574ebe1,full_annotation_v1,A,q_피자_01,피자,음식점 중 '피자'를 판매·제공하는 매장,train,피자,T1 정확표기,f7b515d5-a20b-4355-82d7-b6f3cbf8605c,피자스쿨,피자,아름다운삼정로 골목형상점가,골목형상점가,광주광역시,,,
6d675559bf4d8889e2ac,full_annotation_v1,A,q_피자_01,피자,음식점 중 '피자'를 판매·제공하는 매장,train,피자,T1 정확표기,bd3d02d7-b04a-4fe8-8e1a-f656b91ca63d,피자빙고점촌점,피자,행복상점가,자율상권구역,경상북도,,,
9b3320ca20dcff0c80ee,full_annotation_v1,A,q_피자_01,피자,음식점 중 '피자'를 판매·제공하는 매장,train,피자,T1 정확표기,1b568074-c399-4017-b605-85cdecb26686,피자마루,피자,봉선중길 골목형상점가,골목형상점가,광주광역시,,,
6e4624753dd426f3f8ba,full_annotation_v1,A,q_피자_01,피자,음식점 중 '피자'를 판매·제공하는 매장,train,피자,T1 정확표기,75ed1360-4570-4fef-a6dc-e8cfb95a9db3,강태문피자,피자,장기동 먹거리상가 골목형상점가,골목형상점가,대구광역시,,,
b944bdf151a149be45d6,full_annotation_v1,A,q_피자_01,피자,음식점 중 '피자'를 판매·제공하는 매장,train,피자,T1 정확표기,b07f1cbf-3655-4a07-8de2-dfa245d76faa,탐나는 피자,피자,무거현대시장,골목형상점가,울산광역시,,,
0efcf164fd873c4e5d66,full_annotation_v1,A,q_피자_01,피자,음식점 중 '피자'를 판매·제공하는 매장,train,피자,T1 정확표기,92eb76fe-c8a2-4772-931a-1557d6906650,7번가피자,피자,노은상가연합 골목형상점가,골목형상점가,대전광역시,,,
09afbd67eb1007685eee,full_annotation_v1,A,q_피자_01,피자,음식점 중 '피자'를 판매·제공하는 매장,train,피자,T1 정확표기,38b9ea42-90e7-4f3e-b81f-81df9e9f7143,파파존스 피자 목포점,피자,포르모큐브 골목형상점가,골목형상점가,전라남도,,,
69af6d0d125e62af74c3,full_annotation_v1,A,q_피자_01,피자,음식점 중 '피자'를 판매·제공하는 매장,train,피자,T1 정확표기,7209ab0e-ac7b-4cea-9df7-aeae728a6421,피자굽는곰아저씨외도점,피자,외도4 골목형상점가,골목형상점가,제주특별자치도,,,
cc57bccb2e4b99b8f1a6,full_annotation_v1,A,q_피자_01,피자,음식점 중 '피자'를 판매·제공하는 매장,train,피자,T1 정확표기,c09ac229-ff98-44dd-af9a-90824b2f68d0,피자스쿨홍성상설시장점,피자,홍성명동상가,자율상권구역,충청남도,,,
bf498c34615a2f92b603,full_annotation_v1,A,q_피자_01,피자,음식점 중 '피자'를 판매·제공하는 매장,train,피자,T1 정확표기,1608ccbd-1106-4a49-aa3c-fe0fe8d0c0a1,피자마루,피자,정훈한마음골목시장,골목형상점가,서울특별시,,,
2e5552210428e859101e,full_annotation_v1,A,q_피자_01,피자,음식점 중 '피자'를 판매·제공하는 매장,train,피자,T1 정확표기,28e2c1c4-3bc6-4279-9c60-448d19b0ab34,피자마루,피자,송강전통시장,전통시장,대전광역시,,,
0ae60a9b5916144edce4,full_annotation_v1,A,q_피자_01,피자,음식점 중 '피자'를 판매·제공하는 매장,train,피자,T1 정확표기,ec9be9d5-94f3-455c-bb99-1c894d5eb597,피자스쿨,피자,봉선중길 골목형상점가,골목형상점가,광주광역시,,,
dedb9d35e3eb357f2940,full_annotation_v1,A,q_피자_01,피자,음식점 중 '피자'를 판매·제공하는 매장,train,피자,T1 정확표기,1606b925-771c-43a1-9127-952b846f3bac,꼼꼼화당,크림치즈,충효어린이공원 골목형상점가,골목형상점가,광주광역시,,,
cd9c737c197d1435249f,full_annotation_v1,A,q_피자_01,피자,음식점 중 '피자'를 판매·제공하는 매장,train,피자,T1 정확표기,c16732b0-6bfc-418e-9bf4-d963458e5b6f,이마트24시부평시장길,편의즴,부평깡시장,전통시장,인천광역시,,,
cab2e5036a4b24882035,full_annotation_v1,A,q_피자_01,피자,음식점 중 '피자'를 판매·제공하는 매장,train,피자,T1 정확표기,0025d0e7-ab79-46b7-9348-33134ef3d057,왕손피자,피자,양동역별빛시장(양동쌍학시장),전통시장,경기도,,,
c42a7cbb2065d41e8994,full_annotation_v1,A,q_피자_01,피자,음식점 중 '피자'를 판매·제공하는 매장,train,피자,T1 정확표기,dc0c280a-bb4f-49c5-bf4c-623e37417415,푸른유통,식육,김해 주촌축산물시장,전통시장,경상남도,,,
5ff73f447d159b021dc6,full_annotation_v1,A,q_피자_01,피자,음식점 중 '피자'를 판매·제공하는 매장,train,피자,T1 정확표기,edfb5308-d4da-4f02-b477-0712955f625d,피자헐,피자,병점중심상가,자율상권구역,경기도,,,
d11a188ee04677eb833d,full_annotation_v1,A,q_피자_01,피자,음식점 중 '피자'를 판매·제공하는 매장,train,피자,T1 정확표기,c5a399a4-9a8c-456d-b029-0c423415279b,가성 빛 피자,피자,남현동예술인마을골목형상점가,골목형상점가,서울특별시,,,
1b4707b58f3b1760fde3,full_annotation_v1,A,q_피자_01,피자,음식점 중 '피자'를 판매·제공하는 매장,train,피자,T1 정확표기,fae2d562-3505-41e5-94df-965d7ebe9b7b,드슈피자,피자,쌍용1번가 골목형상점가,골목형상점가,충청남도,,,
61ea2815f8c251926d24,full_annotation_v1,A,q_피자_01,피자,음식점 중 '피자'를 판매·제공하는 매장,train,피자,T1 정확표기,b0624dfd-7be6-404e-9c3c-68d5cb599764,피자오,피자,해방촌 골목형상점가,골목형상점가,서울특별시,,,
2e40d9d77de3e557ad09,full_annotation_v1,A,q_피자_01,피자,음식점 중 '피자'를 판매·제공하는 매장,train,피자,T1 정확표기,0d2e5181-d9ae-40d2-9b17-f7f0249d9fe0,피자마루,피자,반석동 골목형상점가,골목형상점가,대전광역시,,,
d909ee952ced063b2429,full_annotation_v1,A,q_피자_01,피자,음식점 중 '피자'를 판매·제공하는 매장,train,피자,T1 정확표기,f3f51e88-8e76-4521-bcd7-f0892d093e19,라쿤피자,피자,용강동상점가,자율상권구역,서울특별시,,,
5936722b953a7954b39c,full_annotation_v1,A,q_피자_01,피자,음식점 중 '피자'를 판매·제공하는 매장,train,피자,T1 정확표기,35586e2f-08bf-493f-8667-246042bdd8fd,피자스쿨,피자,호계중앙 골목형상점가,골목형상점가,울산광역시,,,
4491cfdf56d1568242ca,full_annotation_v1,A,q_피자_01,피자,음식점 중 '피자'를 판매·제공하는 매장,train,피자,T1 정확표기,e5c70d25-c43f-4fe1-a0f3-da8fcb5f2682,피자스쿨,피자,풍암중앙상인회 골목형상점가,골목형상점가,광주광역시,,,
842ce49af4a998769899,full_annotation_v1,A,q_피자_01,피자,음식점 중 '피자'를 판매·제공하는 매장,train,피자,T1 정확표기,122e3089-73f4-4a29-9f04-6088b95b16eb,네네치킨,치킨,풍암신암상인회 골목형상점가,골목형상점가,광주광역시,,,
01ade34c6664c07b7d1c,full_annotation_v1,A,q_피자_01,피자,음식점 중 '피자'를 판매·제공하는 매장,train,피자,T1 정확표기,7c758a6b-d59b-4892-a53c-d68ce1fb7b83,피자스쿨울산남목3동점,피자,다시남목 골목형상점가,골목형상점가,울산광역시,,,
ae4f9b1260d966d1d1a6,full_annotation_v1,A,q_피자_01,피자,음식점 중 '피자'를 판매·제공하는 매장,train,피자,T1 정확표기,54e81477-8969-4bd2-95d9-9ce5bbd0d6f6,미쎄스피자,피자,봉일천전통시장,전통시장,경기도,,,
4c09b5b5fcbca9c3b1a3,full_annotation_v1,A,q_피자_01,피자,음식점 중 '피자'를 판매·제공하는 매장,train,피자,T1 정확표기,87732cce-01af-4f19-bf7b-bc22434cd904,피자얌,피자,상계중앙시장,전통시장,서울특별시,,,
4b065e0eeff8935f1a25,full_annotation_v1,A,q_피자_01,피자,음식점 중 '피자'를 판매·제공하는 매장,train,피자,T1 정확표기,5d8115f1-46fe-49fb-94d0-7be256af703e,스페이스 피자(SPACEPIZZA),피자,청주소나무길 골목형상점가,골목형상점가,충청북도,,,
259ff6c5f78812112bc1,full_annotation_v1,A,q_피자_01,피자,음식점 중 '피자'를 판매·제공하는 매장,train,피자,T1 정확표기,11802797-6d56-47f9-b554-6150aa2495e6,김종근의 달구마실,"닭갈비, 치즈닭갋",아주대 대학로 골목형상점가,골목형상점가,경기도,,,
ff23c24e782b0f4838b7,full_annotation_v1,A,q_피자_01,피자,음식점 중 '피자'를 판매·제공하는 매장,train,피자,T1 정확표기,de7a84a8-1d72-4831-88b7-02010c5af08c,피자박스,피자,양산 나래메트로시티 골목형상점가,골목형상점가,경상남도,,,
961a792ad645e119e4ff,full_annotation_v1,A,q_피자_01,피자,음식점 중 '피자'를 판매·제공하는 매장,train,피자,T1 정확표기,13cd2c30-8314-49f2-8405-859b4a2b6719,엠브이 피자 익산점,피자,익산 다e로움 상권활성화구역,상권활성화구역,전북특별자치도,,,
5e6085beedd7ef81afe1,full_annotation_v1,A,q_피자_01,피자,음식점 중 '피자'를 판매·제공하는 매장,train,피자,T1 정확표기,47a9f6e5-fa52-4983-b44b-ccd2a6930907,피자마루,피자,연무안심시장,전통시장,충청남도,,,
0cdc54876af0262a2c87,full_annotation_v1,A,q_피자_01,피자,음식점 중 '피자'를 판매·제공하는 매장,train,피자,T1 정확표기,8eda080f-0523-4f84-8bb4-2a5d47dd9475,피자스쿨광주일곡점,피자,일곡동 골목형상점가,골목형상점가,광주광역시,,,
32d89e2e5408c8ce7a92,full_annotation_v1,A,q_피자_01,피자,음식점 중 '피자'를 판매·제공하는 매장,train,피자,T1 정확표기,a0d634f8-ae7c-4f42-9622-03855befe54e,윤가츠당,일식돈까스,"우산주공1,2단지 골목형상점가",골목형상점가,광주광역시,,,
c58ca66b170cafa1da67,full_annotation_v1,A,q_피자_01,피자,음식점 중 '피자'를 판매·제공하는 매장,train,피자,T1 정확표기,08569b8f-d305-4b6b-92f0-80902db090c8,피자스쿨,피자,동명동 카페거리 골목형상점가,골목형상점가,광주광역시,,,
87ae6ee50c763715c56f,full_annotation_v1,A,q_피자_01,피자,음식점 중 '피자'를 판매·제공하는 매장,train,피자,T1 정확표기,806a4f97-f01f-4744-af66-634815a5f71c,빡보이 피자 광주화정점,피자,화정금화로상인회 골목형상점가,골목형상점가,광주광역시,,,
12e4e715772411771a60,full_annotation_v1,A,q_피자_01,피자,음식점 중 '피자'를 판매·제공하는 매장,train,피자,T1 정확표기,239c1740-a51a-41fd-8999-e77e6dde1625,차올라피자,피자,둔산2동 골목형상점가,골목형상점가,대전광역시,,,
9a038aec3432997361ec,full_annotation_v1,A,q_피자_01,피자,음식점 중 '피자'를 판매·제공하는 매장,train,피자,T1 정확표기,16bfa8ef-6f8f-4407-b1c6-ef562eede4d6,친정맘산후관리,산후도우미 직업소개소,양림동 골목형상점가,골목형상점가,광주광역시,,,
a5df43231ea1ca11621e,full_annotation_v1,A,q_피자_01,피자,음식점 중 '피자'를 판매·제공하는 매장,train,피자,T1 정확표기,94e0c22c-d7f9-4988-a18e-322ccdb8db75,샤불라피자,피자,울진후포시장,전통시장,경상북도,,,
b8b7545f2fbbed9c48ee,full_annotation_v1,A,q_피자_01,피자,음식점 중 '피자'를 판매·제공하는 매장,train,피자,T1 정확표기,a7112e8a-d7aa-4d2e-a5fe-21312b42487b,자피아나 피자,피자,부전마켓타운 시장활성화구역,상권활성화구역,부산광역시,,,
716a302938c4b2bc9765,full_annotation_v1,A,q_피자_01,피자,음식점 중 '피자'를 판매·제공하는 매장,train,피자,T1 정확표기,4dc8b6d5-1ca9-4753-b42c-f04da92490a7,피자스쿨,피자,금곡 홍유릉상점가,자율상권구역,경기도,,,
4b116c82e99907c86183,full_annotation_v1,A,q_피자_01,피자,음식점 중 '피자'를 판매·제공하는 매장,train,피자,T1 정확표기,8b97a73d-184e-44f6-b82f-8c46ac9fe9e9,임실치즈피자미스터파,피자,선산봉황시장(구 선산종합시장),전통시장,경상북도,,,
d681852d0e6d74321ce6,full_annotation_v1,A,q_피자_01,피자,음식점 중 '피자'를 판매·제공하는 매장,train,피자,T1 정확표기,72b5d2ff-946e-4120-80e5-82763edfd6f0,피자스쿨,피자,봉천중앙시장,전통시장,서울특별시,,,
fd03435a520f80e5075d,full_annotation_v1,A,q_피자_01,피자,음식점 중 '피자'를 판매·제공하는 매장,train,피자,T1 정확표기,4bbd141f-54d7-4608-87dd-36ce0e35d628,이석민 피자,,발안만세시장(구 발안시장),전통시장,경기도,,,
e97fa7e3fe0a5f77afa4,full_annotation_v1,A,q_피자_01,피자,음식점 중 '피자'를 판매·제공하는 매장,train,피자,T1 정확표기,4209d884-013a-4299-a7b7-242cbbf8ed42,빽보이 피자 광주금호점,피자,중앙상인회 골목형상점가,골목형상점가,광주광역시,,,
b1df578e14fa85da52e7,full_annotation_v1,A,q_피자_01,피자,음식점 중 '피자'를 판매·제공하는 매장,train,피자,T1 정확표기,157fc9e0-fc3e-4bee-8790-78d06ebf6dc1,시장피자,피자,장미제일시장,전통시장,서울특별시,,,
252e48afb154b201692b,full_annotation_v1,A,q_피자_01,피자,음식점 중 '피자'를 판매·제공하는 매장,train,피자,T1 정확표기,80e3a7e4-1d07-42a3-bc74-ab7f2bc71a8c,미뜨레피자,피자,화서시장,전통시장,경기도,,,
b20c5d84a13b645625cf,full_annotation_v1,A,q_피자_01,피자,음식점 중 '피자'를 판매·제공하는 매장,train,피자,T1 정확표기,6f38857c-3541-4a52-a0da-fc6a9ea81019,빽보이피자,피자,하당꽃길1가 골목형상점가,골목형상점가,전라남도,,,
60c523f644668b816fbf,full_annotation_v1,A,q_피자_01,피자,음식점 중 '피자'를 판매·제공하는 매장,train,피자,T1 정확표기,059168b1-6ec5-4efb-a5e0-2b2c3b9b3003,제일방앗간,참기름,해제면5일시장,기타,전라남도,,,
d2c05e4f5b658d10b715,full_annotation_v1,A,q_피자_01,피자,음식점 중 '피자'를 판매·제공하는 매장,train,피자,T1 정확표기,29c3339f-e9ae-4863-9054-e49c76621671,빨간고추피자,피자,계산시장,전통시장,인천광역시,,,
fdda39bce81ed3b9bcbf,full_annotation_v1,A,q_피자_01,피자,음식점 중 '피자'를 판매·제공하는 매장,train,피자,T1 정확표기,79759496-10e5-4897-8c0a-2333bf2c8dea,은행약국,전문의약품 건강기능식품,운남동우체국 골목형상점가,골목형상점가,광주광역시,,,
95cfe0dbd028fd7d9c4f,full_annotation_v1,A,q_피자_01,피자,음식점 중 '피자'를 판매·제공하는 매장,train,피자,T1 정확표기,e97d56e2-8cd4-4297-a056-87b58809d763,59쌀피자경서점,피자,경서골목형상점가,골목형상점가,인천광역시,,,
2df3333c5380a19fbcd9,full_annotation_v1,A,q_피자_01,피자,음식점 중 '피자'를 판매·제공하는 매장,train,피자,T1 정확표기,00d91b69-56c3-403f-9863-3a51d71c8f84,킹크랩치즈그라탕,킹크랩치즈그라탕,서귀포매일올레시장,전통시장,제주특별자치도,,,
fcd1f95a8b61c948f5eb,full_annotation_v1,A,q_피자_01,피자,음식점 중 '피자'를 판매·제공하는 매장,train,피자,T1 정확표기,8498dbec-5729-4fc3-8311-8d04f6942df5,피자스쿨문경점촌점,피자,행복상점가,자율상권구역,경상북도,,,
648ca5a0ec340e6b2697,full_annotation_v1,A,q_피자_01,피자,음식점 중 '피자'를 판매·제공하는 매장,train,피자,T1 정확표기,8d52c07c-117d-450e-96a5-6127031b2c9b,피자행투,피자,장성읍 골목형상점가,골목형상점가,전라남도,,,
79ebab8fbe026e45d13d,full_annotation_v1,A,q_피자_01,피자,음식점 중 '피자'를 판매·제공하는 매장,train,피자,T1 정확표기,f5a3af88-3b38-47da-a742-0de96057646d,화덕꽃피자,피자,앞산맛둘레길 골목형상점가,골목형상점가,대구광역시,,,
7f7d3791360ac43693c8,full_annotation_v1,A,q_피자_01,피자,음식점 중 '피자'를 판매·제공하는 매장,train,피자,T1 정확표기,7703d92d-b05e-4e29-a1c9-5482843b1271,교촌치킨 평촌1호점,치킨,귀인동먹거리촌 골목형상점가,골목형상점가,경기도,,,
091630648bea44ffaadc,full_annotation_v1,A,q_피자_01,피자,음식점 중 '피자'를 판매·제공하는 매장,train,피자,T1 정확표기,d3aa7b6a-268a-4544-a551-42c9442b08c3,피자스쿨,피자,첨단이웃사랑 골목형상점가,골목형상점가,광주광역시,,,
56b35131c6991b151e68,full_annotation_v1,A,q_피자_01,피자,음식점 중 '피자'를 판매·제공하는 매장,train,피자,T1 정확표기,7f03b2e6-c8c1-4c96-8cc4-0a036408acd2,"샬롱(salon), 248",미용실,보세거리 상점가,자율상권구역,울산광역시,,,
fe2bfa053feec4d0d627,full_annotation_v1,A,q_피자_01,피자,음식점 중 '피자'를 판매·제공하는 매장,train,피자,T1 정확표기,0e76f5e6-49ad-4291-9d95-a4eff7a8ccb5,오르새피자,피자,문정동로데오상점가,자율상권구역,서울특별시,,,
6a35373e85de69571093,full_annotation_v1,A,q_피자_01,피자,음식점 중 '피자'를 판매·제공하는 매장,train,피자,T1 정확표기,4173b56a-7292-46ba-a9a6-44ca1a980b0a,지리산봉성피자,피자,지리산나들이장터,전통시장,전라남도,,,
95b2154c19bdd6f4f47a,full_annotation_v1,A,q_피자_01,피자,음식점 중 '피자'를 판매·제공하는 매장,train,피자,T1 정확표기,327bcf9a-1782-466e-85d8-d68e4568a149,피자마루,피자,자운대 골목형상점가,골목형상점가,대전광역시,,,
40ce1513b1336a5b1a43,full_annotation_v1,A,q_피자_01,피자,음식점 중 '피자'를 판매·제공하는 매장,train,피자,T1 정확표기,164695db-57cb-4270-b56e-4206d71d2c5a,피자뉴스,피자,유성문화원 골목형상점가,골목형상점가,대전광역시,,,
185249df68879d347192,full_annotation_v1,A,q_피자_01,피자,음식점 중 '피자'를 판매·제공하는 매장,train,피자,T1 정확표기,6d452665-0df8-47f8-81d3-4c5db1333c53,피자마루노은점,피자,노은상가연합 골목형상점가,골목형상점가,대전광역시,,,
4e67c80c46ef9b1f946f,full_annotation_v1,A,q_피자_01,피자,음식점 중 '피자'를 판매·제공하는 매장,train,피자,T1 정확표기,ac2dff04-03da-4d3f-b6e7-4c8e0ee5c327,옛날홍두깨손칼국수,음식점,약수시장골목형상점가,골목형상점가,서울특별시,,,
2845d80f2d634f1db7b2,full_annotation_v1,A,q_피자_01,피자,음식점 중 '피자'를 판매·제공하는 매장,train,피자,T1 정확표기,605719d3-47d2-45a4-b4de-7c0aa9e45991,피자마루천안직산점,피자,직산읍삼은1번가골목형상점가,골목형상점가,충청남도,,,
e1f18ebfcc0883af337d,full_annotation_v1,A,q_피자_01,피자,음식점 중 '피자'를 판매·제공하는 매장,train,피자,T1 정확표기,2bbb35e5-c07b-4878-a27c-0ad2922d2e9b,7번가 피자 금호점,피자,중앙상인회 골목형상점가,골목형상점가,광주광역시,,,
53501b5abd0fbb25e6a9,full_annotation_v1,A,q_피자_01,피자,음식점 중 '피자'를 판매·제공하는 매장,train,피자,T1 정확표기,0192b290-81c9-4c12-a7ac-6e280f467e17,피자스쿨동탄호수공원점,피자,동탄 호수공원 상점가,골목형상점가,경기도,,,
dce134f639994fb4b3f1,full_annotation_v1,A,q_피자_01,피자,음식점 중 '피자'를 판매·제공하는 매장,train,피자,T1 정확표기,00446094-b7f5-42de-acfa-7e4cba20d7ad,투게더피치우산점,피자 치킨,으뜸골목형상점가,골목형상점가,강원특별자치도,,,
26e181dbb30653240b74,full_annotation_v1,A,q_피자_01,피자,음식점 중 '피자'를 판매·제공하는 매장,train,피자,T1 정확표기,60a17f1b-8367-4c87-97cb-dc6e29e160a0,피자마루,피자,용정 골목형상점가,골목형상점가,대전광역시,,,
fea40e73465f8cd4a34c,full_annotation_v1,A,q_피자_01,피자,음식점 중 '피자'를 판매·제공하는 매장,train,피자,T1 정확표기,c82d422b-5992-4d73-a292-607a1fac0842,피자마루,피자,진잠 골목형상점가,골목형상점가,대전광역시,,,
8a6b0454c64069858f10,full_annotation_v1,A,q_피자_01,피자,음식점 중 '피자'를 판매·제공하는 매장,train,피자,T1 정확표기,eaa743b8-fb4d-4408-9be3-c728c76f9678,7번가피자,피자,운암제일 골목형상점가,골목형상점가,광주광역시,,,
ddaef71278f84a0d4fcb,full_annotation_v1,A,q_피자_01,피자,음식점 중 '피자'를 판매·제공하는 매장,train,피자,T1 정확표기,1e7add31-d217-41ad-acd5-f031c18dba28,선우맞춤형산후케어광주광역시지사,산후도우미 서비스,우산행복주택,골목형상점가,광주광역시,,,
62e0cf42762f48154b93,full_annotation_v1,A,q_피자_01,피자,음식점 중 '피자'를 판매·제공하는 매장,train,피자,T1 정확표기,80354dfe-55b9-4e77-bd2e-016e45fc1e45,유메홈,의류소품,서문시장2지구 종합상가,전통시장,대구광역시,,,
98b0d1e4ce9a6914272e,full_annotation_v1,A,q_피자_01,피자,음식점 중 '피자'를 판매·제공하는 매장,train,피자,T1 정확표기,4fbabc49-4ebc-4e5c-a8de-37304dae95de,피자마루,피자,무거현대시장,골목형상점가,울산광역시,,,
43df3c97f0afb8cb755b,full_annotation_v1,A,q_피자_01,피자,음식점 중 '피자'를 판매·제공하는 매장,train,피자,T1 정확표기,5799098b-8df3-421d-9239-c4d2d3dc3337,피자랑쥬,피자,청평여울시장,전통시장,경기도,,,
278e4ad70ccff04dc392,full_annotation_v1,A,q_피자_01,피자,음식점 중 '피자'를 판매·제공하는 매장,train,피자,T1 정확표기,d2018ece-9253-4471-aecc-efa8ec11af92,피자마루,피자,천천중심상가 골목형상점가,골목형상점가,경기도,,,
8ea8672292633994ef67,full_annotation_v1,A,q_피자_01,피자,음식점 중 '피자'를 판매·제공하는 매장,train,피자,T1 정확표기,4132feeb-e165-4e87-a835-dd16090f3e60,컬투치킨&피자,"치킨, 피자",신안골 골목형상점가,골목형상점가,광주광역시,,,
e7c17a3258125e372b1d,full_annotation_v1,A,q_피자_01,피자,음식점 중 '피자'를 판매·제공하는 매장,train,피자,T1 정확표기,52dea2dc-3d7b-47e8-9b5d-7ff15ee57290,정광석항아리보쌈첨단점,보쌈,첨단강변로 골목형상점가,골목형상점가,광주광역시,,,
a9cdd5dc0fbbcc654d92,full_annotation_v1,A,q_피자_01,피자,음식점 중 '피자'를 판매·제공하는 매장,train,피자,T1 정확표기,0ad68a4d-5378-47e6-a945-4390840caac9,7번가피자,피자,두암3동 먹자골목 골목형상점가,골목형상점가,광주광역시,,,
aaadbe966da800679f4e,full_annotation_v1,A,q_피자_01,피자,음식점 중 '피자'를 판매·제공하는 매장,train,피자,T1 정확표기,3c6fdfe4-a9c3-4300-88ee-5f48b35d9334,피자는치즈빨,피자,두암2동면앙로 골목형상점가,골목형상점가,광주광역시,,,
d079e76610264bb2abe1,full_annotation_v1,A,q_피자_01,피자,음식점 중 '피자'를 판매·제공하는 매장,train,피자,T1 정확표기,b8defc09-3d3d-49b7-a383-a9d516bc6203,피자캣,피자,덕풍전통시장,전통시장,경기도,,,
3dfbf9ef9135e2a99ced,full_annotation_v1,A,q_피자_01,피자,음식점 중 '피자'를 판매·제공하는 매장,train,피자,T1 정확표기,56f444ba-1f19-47dd-a5a1-c1cd56632d88,오르새피자,피자,마산 구암시장,전통시장,경상남도,,,
0206ee1fcf758300a4c0,full_annotation_v1,A,q_피자_01,피자,음식점 중 '피자'를 판매·제공하는 매장,train,피자,T1 정확표기,a7bd0400-e10a-43e9-9b38-07131b628d57,피자마루,피자,휴먼시아 3단지 골목형상점가,골목형상점가,울산광역시,,,
b05b8c8cd0b4e0fa222c,full_annotation_v1,A,q_피자_01,피자,음식점 중 '피자'를 판매·제공하는 매장,train,피자,T1 정확표기,b3c572ed-b0ca-465c-8308-70b53a03bf1d,나너 댄스스포츠,댄스스포츠,사가정면목로골목형상점가,골목형상점가,서울특별시,,,
f207cd28fa8ebe4c7a54,full_annotation_v1,A,q_피자_01,피자,음식점 중 '피자'를 판매·제공하는 매장,train,피자,T1 정확표기,011400a1-5326-46ef-9e42-af0d9fb8e774,피자스쿨 수원영통점,피자,롯데프라자 골목형상점가,골목형상점가,경기도,,,
d2cb584ab8ae6f76f857,full_annotation_v1,A,q_피자_01,피자,음식점 중 '피자'를 판매·제공하는 매장,train,피자,T1 정확표기,00d5ec26-bcc1-4e53-818c-e6c26dc522f6,7번가피자,피자,오치 스쿨존 골목형상점가,골목형상점가,광주광역시,,,
712bd24759b05abbe5c8,full_annotation_v1,A,q_피자_01,피자,음식점 중 '피자'를 판매·제공하는 매장,train,피자,T1 정확표기,068adc84-fef9-4327-af24-3bb532b145d1,모닝피자,피자,시흥행궁길골목형상점가,골목형상점가,서울특별시,,,
1037c50ec9ef949f7e1f,full_annotation_v1,A,q_피자_01,피자,음식점 중 '피자'를 판매·제공하는 매장,train,피자,T1 정확표기,c77c7c23-34bd-439f-9daf-4c86bd46a4d0,피자클럽,피자,진다리로 백운1동 골목형상점가,골목형상점가,광주광역시,,,
d8ab7371da5334ffbbd2,full_annotation_v1,A,q_피자_01,피자,음식점 중 '피자'를 판매·제공하는 매장,train,피자,T1 정확표기,e2ca0a6b-7bcf-4185-95af-4affd38fc44a,세종커피,휴게음식,첨단동행 골목형상점가,골목형상점가,광주광역시,,,
bdc0970ee7aaadd7ea13,full_annotation_v1,A,q_피자_01,피자,음식점 중 '피자'를 판매·제공하는 매장,train,피자,T1 정확표기,d368ca54-37ea-4624-b5b4-d393a9c0c60a,탑피자,피자,화순중앙로골목형상점가,골목형상점가,전라남도,,,
de70ea98134f097c0d93,full_annotation_v1,A,q_피자_01,피자,음식점 중 '피자'를 판매·제공하는 매장,train,피자,T1 정확표기,2cffd3ca-481a-4ef7-8239-e65c0d774f8e,피자코코,피자,장미꽃빛거리 골목형상점가,골목형상점가,서울특별시,,,
095bc58016cf7afb4614,full_annotation_v1,A,q_피자_01,피자,음식점 중 '피자'를 판매·제공하는 매장,train,피자,T1 정확표기,24e1d92f-9ba6-436a-89d9-ad3382608e5c,피자굼터,피자,군포당동로시장상점가,골목형상점가,경기도,,,
09aba6fdafd0fa2f16ab,full_annotation_v1,A,q_피자_01,피자,음식점 중 '피자'를 판매·제공하는 매장,train,피자,T1 정확표기,2f38c6db-8998-40ae-9edc-d11122415d22,피자는치즈빨,피자,쌍촌로상인회 골목형상점가,골목형상점가,광주광역시,,,
093a47970d07ae513acb,full_annotation_v1,A,q_피자_01,피자,음식점 중 '피자'를 판매·제공하는 매장,train,피자,T1 정확표기,82005d54-78ce-4729-9eb6-2b09fd7a5300,용쓰피자,피자,백사장항 골목형상점가,골목형상점가,충청남도,,,
9153fb6fbe309dd2393a,full_annotation_v1,A,q_피자_01,피자,음식점 중 '피자'를 판매·제공하는 매장,train,피자,T1 정확표기,c49501f3-cb59-409e-83cf-9c2ddc6b299b,피자먹다덕진점,피자,하가지구 골목형상점가,골목형상점가,전북특별자치도,,,
d53c0a80e9d545cf9b74,full_annotation_v1,A,q_피자_01,피자,음식점 중 '피자'를 판매·제공하는 매장,train,피자,T1 정확표기,eb97c80c-95c2-4516-83e8-d181334afb44,피자스쿨,피자,성덕중사거리,골목형상점가,광주광역시,,,
4f93fad507015842f5f1,full_annotation_v1,A,q_피자_01,피자,음식점 중 '피자'를 판매·제공하는 매장,train,피자,T1 정확표기,1e305b3d-87f9-4b8e-9c4c-52550a958ed7,피자랑,피자,사근살곶이골목형상점가,골목형상점가,서울특별시,,,
0fdd240b18ff6fb550f7,full_annotation_v1,A,q_피자_01,피자,음식점 중 '피자'를 판매·제공하는 매장,train,피자,T1 정확표기,2c0f03e7-8a31-43a2-96b0-eb59142155e2,피자마루,피자,천상천 골목형상점가,골목형상점가,울산광역시,,,
5f7e921defc3535afbc1,full_annotation_v1,A,q_피자_01,피자,음식점 중 '피자'를 판매·제공하는 매장,train,피자,T1 정확표기,59eec93e-2d99-4dcf-94f3-e9a630df2b91,피자스쿨전대상대점,피자,전남대 상대 골목형상점가,골목형상점가,광주광역시,,,
945c4cb1c03497677b02,full_annotation_v1,A,q_피자_01,피자,음식점 중 '피자'를 판매·제공하는 매장,train,피자,T1 정확표기,670321d0-6986-48d9-badf-da51a1db1f31,피자 사전,피자,녹두S밸리골목형상점가,골목형상점가,서울특별시,,,
6f427dfd7f26626460d1,full_annotation_v1,A,q_피자_01,피자,음식점 중 '피자'를 판매·제공하는 매장,train,피자,T1 정확표기,d0748c55-21ac-441e-9ed5-bbc001435913,비버 피자,피자,의왕예술의거리골목형상점가,골목형상점가,경기도,,,
b3049026ed11c3222401,full_annotation_v1,A,q_피자_01,피자,음식점 중 '피자'를 판매·제공하는 매장,train,피자,T1 정확표기,70e102b2-70aa-4e1c-92fc-c52d3c9fd891,빨간토마토 피자 대촌점,피자,지석사거리 골목형상점가,골목형상점가,광주광역시,,,
1984aac12b9121cbfeea,full_annotation_v1,A,q_피자_02,도우,음식점 중 '피자'를 판매·제공하는 매장,train,피자,T2 동의어,c16094eb-686f-4ffa-99a1-bbe4f7452631,슌우,일식,망리단길골목형상점가,골목형상점가,서울특별시,,,
51d5be05d1a6673b604c,full_annotation_v1,A,q_피자_02,도우,음식점 중 '피자'를 판매·제공하는 매장,train,피자,T2 동의어,82c48800-9e55-4d1e-952d-91a4b1c26308,동백한우,한우,시청먹자골목,골목형상점가,부산광역시,,,
108e3713e63298cd4ad7,full_annotation_v1,A,q_피자_02,도우,음식점 중 '피자'를 판매·제공하는 매장,train,피자,T2 동의어,56bf3c2d-71d0-4fd7-a2ca-54dc5a20cea1,돈큐우,한식,반드레길골목형상점가,골목형상점가,서울특별시,,,
d6078eb3c1e77993e6da,full_annotation_v1,A,q_피자_02,도우,음식점 중 '피자'를 판매·제공하는 매장,train,피자,T2 동의어,421a23fe-c648-48a6-a996-f0d60dae66d3,마터케어,가정방문 산후도우미 서비스,김해 대우유토피아상가,골목형상점가,경상남도,,,
e7133418a7c44d12abb9,full_annotation_v1,A,q_피자_02,도우,음식점 중 '피자'를 판매·제공하는 매장,train,피자,T2 동의어,5e9b41e2-d795-4b69-af26-2e76bb6a3584,게새우,,도안우미 골목형상점가,골목형상점가,대전광역시,,,
0ec01fecf07670401ad7,full_annotation_v1,A,q_피자_02,도우,음식점 중 '피자'를 판매·제공하는 매장,train,피자,T2 동의어,11802797-6d56-47f9-b554-6150aa2495e6,김종근의 달구마실,"닭갈비, 치즈닭갋",아주대 대학로 골목형상점가,골목형상점가,경기도,,,
6c7915fed1ce1bdedc37,full_annotation_v1,A,q_피자_02,도우,음식점 중 '피자'를 판매·제공하는 매장,train,피자,T2 동의어,bc119efb-b452-4790-bf1b-97a84d1e34dd,도담도담산후도우미,산후도우미,서산중앙상가,자율상권구역,충청남도,,,
0cb62f4e91406eef412e,full_annotation_v1,A,q_피자_02,도우,음식점 중 '피자'를 판매·제공하는 매장,train,피자,T2 동의어,211c978c-231c-4d57-93de-633b4a8feda4,콩숙이꼬마김밥,분식,동천동먹자골목1번가상인회 골목형상점가,골목형상점가,광주광역시,,,
ef735d1476bf67444a19,full_annotation_v1,A,q_피자_02,도우,음식점 중 '피자'를 판매·제공하는 매장,train,피자,T2 동의어,7ea9f190-9fce-43dc-8ccd-651be9a44973,(주)효성푸드빌,축산물,마장축산물시장,전통시장,서울특별시,,,
60c3d71fa680bb2d7e33,full_annotation_v1,A,q_피자_02,도우,음식점 중 '피자'를 판매·제공하는 매장,train,피자,T2 동의어,aea5262d-6d95-4d1f-8160-e82ef1408402,참신한우,한우,보정중심 골목형상점가,골목형상점가,경기도,,,
64f1b6de55bbb7d8e4ee,full_annotation_v1,A,q_피자_02,도우,음식점 중 '피자'를 판매·제공하는 매장,train,피자,T2 동의어,2623a1f8-4fb3-44e1-bdcd-96c0ee537251,임실치즈피자 미스터파파,,승달 골목형상점가,골목형상점가,,,,
9ee470d2b2462c5d6ea9,full_annotation_v1,A,q_피자_02,도우,음식점 중 '피자'를 판매·제공하는 매장,train,피자,T2 동의어,8ade5b91-a7a3-4cc2-8965-31466cb230a7,도우앤듀,"제빵, 제과, 커피 등",부평 문화의거리,전통시장,인천광역시,,,
dca96f0aefab37f224a7,full_annotation_v1,A,q_피자_02,도우,음식점 중 '피자'를 판매·제공하는 매장,train,피자,T2 동의어,cf2b98d5-53e5-4c05-8df3-9515ddebdbd5,신창전자,가전제품,교동시장1길 상점가,자율상권구역,대구광역시,,,
146352b9e900a84e9c63,full_annotation_v1,A,q_피자_02,도우,음식점 중 '피자'를 판매·제공하는 매장,train,피자,T2 동의어,77b18ba8-c7f3-48ed-b517-7df5c3cec4c5,도우리아나구,한식,"산북,소룡 골목형상점가",골목형상점가,전북특별자치도,,,
3237c97fbaf63de145d4,full_annotation_v1,A,q_피자_02,도우,음식점 중 '피자'를 판매·제공하는 매장,train,피자,T2 동의어,4a359a2d-53c6-4736-b643-5aa7f7f77d6d,구쁘한우,,정남진장흥토요시장,전통시장,전라남도,,,
0cf24bfba3acc7d612c9,full_annotation_v1,A,q_피자_02,도우,음식점 중 '피자'를 판매·제공하는 매장,train,피자,T2 동의어,5d28cd94-ef8c-4107-b15a-2afa429b8722,서서히,사워도우빵 호두파이 등,문정동로데오상점가,자율상권구역,서울특별시,,,
59931ed55ec757f7e42f,full_annotation_v1,A,q_피자_02,도우,음식점 중 '피자'를 판매·제공하는 매장,train,피자,T2 동의어,8d0a8596-fb38-4495-96ff-46246d7ca2ce,산우,한식,월산상가 골목형 상점가,골목형상점가,충청남도,,,
482f7d65447829ff7a29,full_annotation_v1,A,q_피자_02,도우,음식점 중 '피자'를 판매·제공하는 매장,train,피자,T2 동의어,16bfa8ef-6f8f-4407-b1c6-ef562eede4d6,친정맘산후관리,산후도우미 직업소개소,양림동 골목형상점가,골목형상점가,광주광역시,,,
ed95ae27c5a23a53614a,full_annotation_v1,A,q_피자_02,도우,음식점 중 '피자'를 판매·제공하는 매장,train,피자,T2 동의어,d49becc7-5e5d-41de-b20d-f649645b4fe0,까르르치킨호프,치킨,첨단2지구 골목형상점가,골목형상점가,광주광역시,,,
0f2fb2aca6c520c367ca,full_annotation_v1,A,q_피자_02,도우,음식점 중 '피자'를 판매·제공하는 매장,train,피자,T2 동의어,1606b925-771c-43a1-9127-952b846f3bac,꼼꼼화당,크림치즈,충효어린이공원 골목형상점가,골목형상점가,광주광역시,,,
7a7d81d045080794ec72,full_annotation_v1,A,q_피자_02,도우,음식점 중 '피자'를 판매·제공하는 매장,train,피자,T2 동의어,08b9cb95-97a7-4a5e-ac70-c12ee572dcdb,미니골드,,잠실역지하쇼핑센터,일반지하상점가,서울특별시,,,
f801aa31486c9374adb5,full_annotation_v1,A,q_피자_02,도우,음식점 중 '피자'를 판매·제공하는 매장,train,피자,T2 동의어,00f98bb9-7973-4aef-97f9-9a91ac74e6d0,반올림 피자 세종점,피자,다정중앙 골목형상점가,골목형상점가,세종특별자치시,,,
d40f3b6ad9d2fe5b8b97,full_annotation_v1,A,q_피자_02,도우,음식점 중 '피자'를 판매·제공하는 매장,train,피자,T2 동의어,9dfbe29c-b27a-49fa-b436-a7e52cd694cf,해피맘산모도우미,방문케어,삼각동 골목형상점가,골목형상점가,광주광역시,,,
48e4785e33f06ae013b7,full_annotation_v1,A,q_피자_02,도우,음식점 중 '피자'를 판매·제공하는 매장,train,피자,T2 동의어,fa79476f-6e41-4e44-ba2b-20a966f5030b,용한우,한우,어울림마당 골목형상점가,골목형상점가,부산광역시,,,
5a3cfdbab550248a9b19,full_annotation_v1,A,q_피자_02,도우,음식점 중 '피자'를 판매·제공하는 매장,train,피자,T2 동의어,e1c04a5a-0762-4394-81aa-d64e514bf662,이대칡냉면,냉면,구미인동시장,전통시장,경상북도,,,
37c1bcd3de385e12bb2d,full_annotation_v1,A,q_피자_02,도우,음식점 중 '피자'를 판매·제공하는 매장,train,피자,T2 동의어,0b5e2327-bc7a-4f8d-a701-6ae4f0fba743,샘골한과,치즈 강정,화서시장,전통시장,경기도,,,
da458dacfe1a659cd838,full_annotation_v1,A,q_피자_02,도우,음식점 중 '피자'를 판매·제공하는 매장,train,피자,T2 동의어,80c1b6c2-cb4b-4a70-860c-c74b337bcf2d,무한리필,한식,정릉시장,전통시장,서울특별시,,,
ece7453a207701e42552,full_annotation_v1,A,q_피자_02,도우,음식점 중 '피자'를 판매·제공하는 매장,train,피자,T2 동의어,2cf5617d-9f69-45aa-8c94-8ccb7116cda5,타이틀복싱클럽,복싱,왕지상가,자율상권구역,전라남도,,,
855ddb224e765df8dc1e,full_annotation_v1,A,q_피자_02,도우,음식점 중 '피자'를 판매·제공하는 매장,train,피자,T2 동의어,c12e449f-8d79-42e0-b989-a60c07b9b219,금갑한우,한식,원주미로예술중앙시장(원주중앙시장),전통시장,강원특별자치도,,,
af2440612740d2c8aa4f,full_annotation_v1,A,q_피자_02,도우,음식점 중 '피자'를 판매·제공하는 매장,train,피자,T2 동의어,674151d1-2b7a-4955-b2fb-73d404c21119,보성약국,양약,김천황금시장,전통시장,경상북도,,,
35ed91ab7abc74af9493,full_annotation_v1,A,q_피자_02,도우,음식점 중 '피자'를 판매·제공하는 매장,train,피자,T2 동의어,59e76f38-204f-4371-895b-07031402ab5a,우,한식,전남여고후문 골목형상점가,골목형상점가,광주광역시,,,
7de8350e72f4fbbb6518,full_annotation_v1,A,q_피자_02,도우,음식점 중 '피자'를 판매·제공하는 매장,train,피자,T2 동의어,003d2015-a21c-44e2-9d66-c6f97ba3c296,집중호우,한우,하단자율상권구역,기타,부산광역시,,,
d60943867f83863c5933,full_annotation_v1,A,q_피자_02,도우,음식점 중 '피자'를 판매·제공하는 매장,train,피자,T2 동의어,aadbb9fa-00a7-44ac-885f-802c527cb1fc,푸우,의류,동산상가,전통시장,대구광역시,,,
838bc37992c432f96c46,full_annotation_v1,A,q_피자_02,도우,음식점 중 '피자'를 판매·제공하는 매장,train,피자,T2 동의어,7ced93ef-5bc4-4873-be78-c5ed9a38b298,고서한우,한우,문흥2동 골목형상점가,골목형상점가,광주광역시,,,
c0c014416b6b2767e5e9,full_annotation_v1,A,q_피자_02,도우,음식점 중 '피자'를 판매·제공하는 매장,train,피자,T2 동의어,841f8dfe-7a0c-4778-ab24-65e5218c432f,영도우리약국,약국,영도봉래시장,기타,부산광역시,,,
6b9c6d828fad3cc079dd,full_annotation_v1,A,q_피자_02,도우,음식점 중 '피자'를 판매·제공하는 매장,train,피자,T2 동의어,0025d0e7-ab79-46b7-9348-33134ef3d057,왕손피자,피자,양동역별빛시장(양동쌍학시장),전통시장,경기도,,,
cb44b624e817a969cd60,full_annotation_v1,A,q_피자_02,도우,음식점 중 '피자'를 판매·제공하는 매장,train,피자,T2 동의어,69792e75-328e-45f3-85d5-23430db83494,도우도우,양식,청주시 소나무길 일원 자율상권구역,상권활성화구역,충청북도,,,
57967f6c79f3bf19f0be,full_annotation_v1,A,q_피자_02,도우,음식점 중 '피자'를 판매·제공하는 매장,train,피자,T2 동의어,5763f503-15b5-45a7-b41d-305b79d9a0fa,소문난 도우분식,,모라전통시장,전통시장,부산광역시,,,
94bfc408b315dacb86ae,full_annotation_v1,A,q_피자_02,도우,음식점 중 '피자'를 판매·제공하는 매장,train,피자,T2 동의어,411ffb15-bc43-456a-83b9-04c1d064a0cd,도우정,바다회,관저동 먹자골목 골목형상점가,골목형상점가,대전광역시,,,
2dae88d5b364b86d5a63,full_annotation_v1,A,q_피자_02,도우,음식점 중 '피자'를 판매·제공하는 매장,train,피자,T2 동의어,3ee7c8c1-fec2-4662-9181-31455cd41b24,스타일윈도우,"의류, 잡화","온양온천시장(온양재래시장, 전통시장)",전통시장,충청남도,,,
fdf5aac0df3285edde64,full_annotation_v1,A,q_피자_02,도우,음식점 중 '피자'를 판매·제공하는 매장,train,피자,T2 동의어,011400a1-5326-46ef-9e42-af0d9fb8e774,피자스쿨 수원영통점,피자,롯데프라자 골목형상점가,골목형상점가,경기도,,,
420d25f5591fd0a0eddb,full_annotation_v1,A,q_피자_02,도우,음식점 중 '피자'를 판매·제공하는 매장,train,피자,T2 동의어,b9f88785-7d24-4bdb-b6a8-8ee6f5a14d59,더샵 (서미컬렉션 ),악세사리 잡화 의류,매봉 골목형상점가,골목형상점가,광주광역시,,,
563f55e379551571c54c,full_annotation_v1,A,q_피자_02,도우,음식점 중 '피자'를 판매·제공하는 매장,train,피자,T2 동의어,176c91b5-a569-466a-ac2d-59f06efd2028,광주아이맘케어,산후도우미,운남골목 골목형상점가,골목형상점가,광주광역시,,,
39a6288e17aac013d77e,full_annotation_v1,A,q_피자_02,도우,음식점 중 '피자'를 판매·제공하는 매장,train,피자,T2 동의어,2f04c168-6265-416e-a790-fad799b358bc,도우카부분정비,자동차정비,신창 골목형상점가,골목형상점가,광주광역시,,,
ac79099cba4fef223e28,full_annotation_v1,A,q_피자_02,도우,음식점 중 '피자'를 판매·제공하는 매장,train,피자,T2 동의어,3da5075b-8c55-43f0-8763-a729c8983bb0,호반필음악학원,피아노,동천동먹자골목1번가상인회 골목형상점가,골목형상점가,광주광역시,,,
64eadc7531910b2eaa59,full_annotation_v1,A,q_피자_02,도우,음식점 중 '피자'를 판매·제공하는 매장,train,피자,T2 동의어,ab3d67e3-de00-4cb0-9a6d-01ba12f07ea4,도빈,의류,부산평화시장,전통시장,부산광역시,,,
3bc5b173f787f036d764,full_annotation_v1,A,q_피자_02,도우,음식점 중 '피자'를 판매·제공하는 매장,train,피자,T2 동의어,c1ad4d6a-705b-4b6e-9766-9361b5b5a485,선씨한우,한식,우산동 골목형상점가,골목형상점가,광주광역시,,,
eb4edec2c88082c23fed,full_annotation_v1,A,q_피자_02,도우,음식점 중 '피자'를 판매·제공하는 매장,train,피자,T2 동의어,145ecb7e-41ce-401b-8243-be034993878b,청자다방 중앙점,커피,순천원도심상점가,자율상권구역,전라남도,,,
06cffecd4c46e96149c0,full_annotation_v1,A,q_피자_02,도우,음식점 중 '피자'를 판매·제공하는 매장,train,피자,T2 동의어,013420d6-557d-45f7-9c34-e9fb1e490077,올리브 피자,피자,매곡 골목형상점가,골목형상점가,대구광역시,,,
e4729e3ca4757e05597d,full_annotation_v1,A,q_피자_02,도우,음식점 중 '피자'를 판매·제공하는 매장,train,피자,T2 동의어,e26c99df-7779-409e-b6be-b45a5d20e831,밀물 베이커리,"바게트, 사워도우 등 빵류",신원권율4 골목형상점가,골목형상점가,경기도,,,
6fc54a13a85c3614c60f,full_annotation_v1,A,q_피자_02,도우,음식점 중 '피자'를 판매·제공하는 매장,train,피자,T2 동의어,07cf4791-30ed-41ac-9fff-d110b9349923,도우자동차용품백화점,자동차용품,자동차의거리,자율상권구역,광주광역시,,,
97c2ad6fbd48b5068164,full_annotation_v1,A,q_피자_02,도우,음식점 중 '피자'를 판매·제공하는 매장,train,피자,T2 동의어,3c4b9602-e68b-4149-95e1-fe5528416453,도우래떡고추방앗간,방앗간,거제 읍내시장,전통시장,경상남도,,,
84f30b1dd9f19fc7419b,full_annotation_v1,A,q_피자_02,도우,음식점 중 '피자'를 판매·제공하는 매장,train,피자,T2 동의어,d976be08-3f16-49a2-8c1e-8cc9186a0eae,광장유통,의류 잡화,문흥진달래공원 골목형상점가,골목형상점가,광주광역시,,,
7a3556de152d63510861,full_annotation_v1,A,q_피자_02,도우,음식점 중 '피자'를 판매·제공하는 매장,train,피자,T2 동의어,56371c69-3eb4-48fc-9e25-730cb3fc0817,도우네분식,한식,돈암시장,전통시장,서울특별시,,,
e33c48fc492332708705,full_annotation_v1,A,q_피자_02,도우,음식점 중 '피자'를 판매·제공하는 매장,train,피자,T2 동의어,dae81747-d561-40c7-841e-21aa6b862869,시네라리아공방,방향제 및 디퓨저 제조,오치서산초 골목형상점가,골목형상점가,광주광역시,,,
09aa44db2b23dd21e6de,full_annotation_v1,A,q_피자_02,도우,음식점 중 '피자'를 판매·제공하는 매장,train,피자,T2 동의어,1e7add31-d217-41ad-acd5-f031c18dba28,선우맞춤형산후케어광주광역시지사,산후도우미 서비스,우산행복주택,골목형상점가,광주광역시,,,
6e8a1a39909fedde26f8,full_annotation_v1,A,q_피자_02,도우,음식점 중 '피자'를 판매·제공하는 매장,train,피자,T2 동의어,68ed4f29-502a-4896-ac5b-71ccc05dcbe6,온우,한식,동명동 카페거리 골목형상점가,골목형상점가,광주광역시,,,
706e8dcc0d79ae1ffd8c,full_annotation_v1,A,q_피자_02,도우,음식점 중 '피자'를 판매·제공하는 매장,train,피자,T2 동의어,be9a70d3-838f-4ef2-a55e-eea38701d2e2,도우탄 정육점,,중곡제일골목시장(중곡제일전통시장),전통시장,서울특별시,,,
9f0d19170320b0b677da,full_annotation_v1,A,q_피자_02,도우,음식점 중 '피자'를 판매·제공하는 매장,train,피자,T2 동의어,de5d7382-858f-47de-b0f1-9044c93cf696,카페도우,,대방디엠시티 골목형상점가,골목형상점가,전북특별자치도,,,
aae4a7b723dd9326edf1,full_annotation_v1,A,q_피자_02,도우,음식점 중 '피자'를 판매·제공하는 매장,train,피자,T2 동의어,8c25876d-a646-4fa5-a874-7bc96f9ed588,송도우정약국,의약품,송도랜드마크시티 센트럴더샵 골목형상점가,골목형상점가,인천광역시,,,
6a16d5de3b0ee4fbf184,full_annotation_v1,A,q_피자_02,도우,음식점 중 '피자'를 판매·제공하는 매장,train,피자,T2 동의어,00d5ec26-bcc1-4e53-818c-e6c26dc522f6,7번가피자,피자,오치 스쿨존 골목형상점가,골목형상점가,광주광역시,,,
b1703a400a99660ce23c,full_annotation_v1,A,q_피자_02,도우,음식점 중 '피자'를 판매·제공하는 매장,train,피자,T2 동의어,2fa0cebe-ea4a-439a-b769-a283229714f8,윈도우 스토리,커튼,배방공수 골목형상점가,골목형상점가,충청남도,,,
58cd60929b3fceadba8b,full_annotation_v1,A,q_피자_02,도우,음식점 중 '피자'를 판매·제공하는 매장,train,피자,T2 동의어,ea0b2322-2adf-4d2c-a763-d5409c038500,도우미미용실,미용,영해만세시장(구 영해시장),전통시장,경상북도,,,
1a32a4135ebe47a83870,full_annotation_v1,A,q_피자_02,도우,음식점 중 '피자'를 판매·제공하는 매장,train,피자,T2 동의어,a581b870-e4db-43fb-baa5-5fa918bdaadc,불여우,,울산대바보사거리 골목형상점가,골목형상점가,울산광역시,,,
5683663fe57b53ecc8ba,full_annotation_v1,A,q_피자_02,도우,음식점 중 '피자'를 판매·제공하는 매장,train,피자,T2 동의어,739da621-c71b-469b-85a9-1a48783398e0,강릉한우,한우,포남용마거리골목형상점가,골목형상점가,강원특별자치도,,,
d21cbe3f1c45f8b35426,full_annotation_v1,A,q_피자_02,도우,음식점 중 '피자'를 판매·제공하는 매장,train,피자,T2 동의어,00446094-b7f5-42de-acfa-7e4cba20d7ad,투게더피치우산점,피자 치킨,으뜸골목형상점가,골목형상점가,강원특별자치도,,,
ddd0c114223d4e684747,full_annotation_v1,A,q_피자_02,도우,음식점 중 '피자'를 판매·제공하는 매장,train,피자,T2 동의어,00d91b69-56c3-403f-9863-3a51d71c8f84,킹크랩치즈그라탕,킹크랩치즈그라탕,서귀포매일올레시장,전통시장,제주특별자치도,,,
8555f5190f43a4e5f3bc,full_annotation_v1,A,q_피자_02,도우,음식점 중 '피자'를 판매·제공하는 매장,train,피자,T2 동의어,8d88ec0c-2f2d-40ce-921c-b87d656cdbda,도우다베이커리,빵 커피,신림별빛거리골목형상점가,골목형상점가,서울특별시,,,
f9be7fa104de35ab1090,full_annotation_v1,A,q_피자_02,도우,음식점 중 '피자'를 판매·제공하는 매장,train,피자,T2 동의어,8176d765-d2f5-4247-a8e6-658cbea250fe,그린도우미화장품,화장품,울산번개시장,전통시장,울산광역시,,,
816c88da7566f98e0e5d,full_annotation_v1,A,q_피자_02,도우,음식점 중 '피자'를 판매·제공하는 매장,train,피자,T2 동의어,44f9c963-0dc1-407b-9c8c-f1052b67fb3b,가득피자,일반음식점,고성시장,전통시장,경상남도,,,
c8efc5873031b96ad041,full_annotation_v1,A,q_피자_02,도우,음식점 중 '피자'를 판매·제공하는 매장,train,피자,T2 동의어,45a09330-9153-49d1-9a60-11771ff6f7f0,우둥한우 정육,한우,빛가람 하나로 골목형상점가,골목형상점가,전라남도,,,
a0289a0cfc1a7b83c5e6,full_annotation_v1,A,q_피자_03,치즈,음식점 중 '피자'를 판매·제공하는 매장,train,피자,T2 동의어,0061123f-a676-4556-9633-5fbc4ecaf6ef,치즈케익카스테라카페,제과,북가좌동 골목형상점가,골목형상점가,서울특별시,,,
bb9c31fcf46668a9fc8b,full_annotation_v1,A,q_피자_03,치즈,음식점 중 '피자'를 판매·제공하는 매장,train,피자,T2 동의어,6fce6925-826e-48f8-95db-90086eb85814,빈팩토리커피,커피,장자호수공원 골목형상점가,골목형상점가,경기도,,,
17ebd99ccde973a57146,full_annotation_v1,A,q_피자_03,치즈,음식점 중 '피자'를 판매·제공하는 매장,train,피자,T2 동의어,f2d9629a-b75e-428b-98fe-71d9da06500c,다모아기계 커피머신,업소용기계,풍향골 골목형상점가,골목형상점가,광주광역시,,,
673a2e6314543659e774,full_annotation_v1,A,q_피자_03,치즈,음식점 중 '피자'를 판매·제공하는 매장,train,피자,T2 동의어,388d2940-646a-4993-b2c3-52a14aee208b,수녹,음식점,강남개포시장(구 개포2동중심상점가),자율상권구역,서울특별시,,,
81777c3f367bc0121dfd,full_annotation_v1,A,q_피자_03,치즈,음식점 중 '피자'를 판매·제공하는 매장,train,피자,T2 동의어,acb060e9-bda4-4cbd-910b-007c5beb8afc,치즈실내복 대구서문시장점,실내복,동산상가,전통시장,대구광역시,,,
c95b0c6ce468c835e856,full_annotation_v1,A,q_피자_03,치즈,음식점 중 '피자'를 판매·제공하는 매장,train,피자,T2 동의어,5763f503-15b5-45a7-b41d-305b79d9a0fa,소문난 도우분식,,모라전통시장,전통시장,부산광역시,,,
8be1ec7156c9ac3bff58,full_annotation_v1,A,q_피자_03,치즈,음식점 중 '피자'를 판매·제공하는 매장,train,피자,T2 동의어,e0b23848-6e17-4674-b4c0-97b245b3eae5,치즈당 천안불당점,제과점,시청앞 골목형상점가,골목형상점가,충청남도,,,
d05b88ab3020b42ef6ae,full_annotation_v1,A,q_피자_03,치즈,음식점 중 '피자'를 판매·제공하는 매장,train,피자,T2 동의어,ed72eb6b-8308-477d-80ef-de8af58c61f7,치즈당 용인상현점,,상현 마실로 골목형상점가,골목형상점가,경기도,,,
82ab5f3466d32e266c0b,full_annotation_v1,A,q_피자_03,치즈,음식점 중 '피자'를 판매·제공하는 매장,train,피자,T2 동의어,1e7add31-d217-41ad-acd5-f031c18dba28,선우맞춤형산후케어광주광역시지사,산후도우미 서비스,우산행복주택,골목형상점가,광주광역시,,,
832c344a7c61ac70355f,full_annotation_v1,A,q_피자_03,치즈,음식점 중 '피자'를 판매·제공하는 매장,train,피자,T2 동의어,a5a49372-6fce-49ca-aafe-b29665239925,뱅포레,스위스가정식 라끌렛 치즈,평택통복시장,전통시장,경기도,,,
09e6e11d25fc7c8e0eff,full_annotation_v1,A,q_피자_03,치즈,음식점 중 '피자'를 판매·제공하는 매장,train,피자,T2 동의어,11802797-6d56-47f9-b554-6150aa2495e6,김종근의 달구마실,"닭갈비, 치즈닭갋",아주대 대학로 골목형상점가,골목형상점가,경기도,,,
6a77a51de93607b7d059,full_annotation_v1,A,q_피자_03,치즈,음식점 중 '피자'를 판매·제공하는 매장,train,피자,T2 동의어,28fa6fe9-80e2-4966-8a04-ff9cd52051b2,치즈실내복 대구서문시장점,,동산상가,전통시장,대구광역시,,,
61d4eeef5f8ed0dae856,full_annotation_v1,A,q_피자_03,치즈,음식점 중 '피자'를 판매·제공하는 매장,train,피자,T2 동의어,0025d0e7-ab79-46b7-9348-33134ef3d057,왕손피자,피자,양동역별빛시장(양동쌍학시장),전통시장,경기도,,,
955eecb4501f19cd7cc1,full_annotation_v1,A,q_피자_03,치즈,음식점 중 '피자'를 판매·제공하는 매장,train,피자,T2 동의어,ae8c2660-167e-4f09-a2ec-8363601033ea,비노테이블,"파스타, 하몽, 치즈, 와인",봉천제일종합시장,전통시장,서울특별시,,,
f4fc5a33a9416ad45319,full_annotation_v1,A,q_피자_03,치즈,음식점 중 '피자'를 판매·제공하는 매장,train,피자,T2 동의어,8a5384d9-45f8-4b4b-bdac-e743dde4a299,치즈,여성 옷,금호행복시장(금호시장),전통시장,경기도,,,
7f223d7d376e37361b05,full_annotation_v1,A,q_피자_03,치즈,음식점 중 '피자'를 판매·제공하는 매장,train,피자,T2 동의어,00f98bb9-7973-4aef-97f9-9a91ac74e6d0,반올림 피자 세종점,피자,다정중앙 골목형상점가,골목형상점가,세종특별자치시,,,
6d9bee4037bf35b235a7,full_annotation_v1,A,q_피자_03,치즈,음식점 중 '피자'를 판매·제공하는 매장,train,피자,T2 동의어,7668cb2d-3380-4635-adc8-5844bea0d61a,치즈엔돈까스,"한식, 양식",임실시장,전통시장,전북특별자치도,,,
58388498787de644aa2b,full_annotation_v1,A,q_피자_03,치즈,음식점 중 '피자'를 판매·제공하는 매장,train,피자,T2 동의어,af48930a-80a5-4d37-a346-aa9f6fc2263d,카페뭉즈,,산내마을 골목형상점가,골목형상점가,경기도,,,
cdb1249571e202a2b140,full_annotation_v1,A,q_피자_03,치즈,음식점 중 '피자'를 판매·제공하는 매장,train,피자,T2 동의어,9d315fc8-de45-4698-8d6c-aa8d465f5a63,백제곱창,한식,아차산등산로골목형상점가,골목형상점가,서울특별시,,,
c388340ef86091681017,full_annotation_v1,A,q_피자_03,치즈,음식점 중 '피자'를 판매·제공하는 매장,train,피자,T2 동의어,ac57e732-d3ab-4b6f-8703-5374964235ae,안동고추상회,채소,진주 논개시장,전통시장,경상남도,,,
1fb4bce77c4786f72453,full_annotation_v1,A,q_피자_03,치즈,음식점 중 '피자'를 판매·제공하는 매장,train,피자,T2 동의어,16bfa8ef-6f8f-4407-b1c6-ef562eede4d6,친정맘산후관리,산후도우미 직업소개소,양림동 골목형상점가,골목형상점가,광주광역시,,,
2b8e91deabd3c2a4eda6,full_annotation_v1,A,q_피자_03,치즈,음식점 중 '피자'를 판매·제공하는 매장,train,피자,T2 동의어,f6435478-0fc7-46aa-8e34-b8fd53b6b714,역전할머니맥주,치즈떡볶이라면 치킨,세은 골목형상점가,골목형상점가,광주광역시,,,
cedbf91e8087391a978b,full_annotation_v1,A,q_피자_03,치즈,음식점 중 '피자'를 판매·제공하는 매장,train,피자,T2 동의어,00d91b69-56c3-403f-9863-3a51d71c8f84,킹크랩치즈그라탕,킹크랩치즈그라탕,서귀포매일올레시장,전통시장,제주특별자치도,,,
2eccfde84e709aa7bad1,full_annotation_v1,A,q_피자_03,치즈,음식점 중 '피자'를 판매·제공하는 매장,train,피자,T2 동의어,176c91b5-a569-466a-ac2d-59f06efd2028,광주아이맘케어,산후도우미,운남골목 골목형상점가,골목형상점가,광주광역시,,,
1c6f2ed72c8efc9a442f,full_annotation_v1,A,q_피자_03,치즈,음식점 중 '피자'를 판매·제공하는 매장,train,피자,T2 동의어,6e058c90-7977-4462-a468-6f2b8b350133,아가페,카페 과일청 크림치즈 잼,전주혁신사랑 골목형상점가,골목형상점가,전북특별자치도,,,
e45379d29401845f3729,full_annotation_v1,A,q_피자_03,치즈,음식점 중 '피자'를 판매·제공하는 매장,train,피자,T2 동의어,3fdd012b-8ecd-4ea5-96cf-ed724d69bff5,올리베,의류,동산상가,전통시장,대구광역시,,,
e47c816bc899bb70dcf0,full_annotation_v1,A,q_피자_03,치즈,음식점 중 '피자'를 판매·제공하는 매장,train,피자,T2 동의어,dc778cd2-0a62-4f7a-804d-50ddfd61cc8d,비터필즈,의류,안동구시장,전통시장,경상북도,,,
1bf0946a994b86747f00,full_annotation_v1,A,q_피자_03,치즈,음식점 중 '피자'를 판매·제공하는 매장,train,피자,T2 동의어,a080fce6-80ac-45bf-bc88-784c0c421af9,치즈,의류,의정부역지하상가,일반지하상점가,경기도,,,
e6eb0f01e8c29cbfca3d,full_annotation_v1,A,q_피자_03,치즈,음식점 중 '피자'를 판매·제공하는 매장,train,피자,T2 동의어,2432cdce-c0e3-4937-be2f-49511bd9c584,치즈당 전남광양점,카스테라,시티프라자골목형상점가,골목형상점가,전라남도,,,
90456427c31f27a805bb,full_annotation_v1,A,q_피자_03,치즈,음식점 중 '피자'를 판매·제공하는 매장,train,피자,T2 동의어,00446094-b7f5-42de-acfa-7e4cba20d7ad,투게더피치우산점,피자 치킨,으뜸골목형상점가,골목형상점가,강원특별자치도,,,
63b583f269cbe9e1ca32,full_annotation_v1,A,q_피자_03,치즈,음식점 중 '피자'를 판매·제공하는 매장,train,피자,T2 동의어,00d5ec26-bcc1-4e53-818c-e6c26dc522f6,7번가피자,피자,오치 스쿨존 골목형상점가,골목형상점가,광주광역시,,,
aedc5783d7d22bc8aef7,full_annotation_v1,A,q_피자_03,치즈,음식점 중 '피자'를 판매·제공하는 매장,train,피자,T2 동의어,5bf3b8de-0c2e-4476-b836-90b3915fe58b,간식여왕,"상품중개업, 건어물, 건조과일칩, 스넥, 치즈, 전자상거래업, 카페디저트",수원영동시장,전통시장,경기도,,,
54846139eb87f5b9f766,full_annotation_v1,A,q_피자_03,치즈,음식점 중 '피자'를 판매·제공하는 매장,train,피자,T2 동의어,aa20f13f-de2a-43d9-b168-8e38c829d545,무즈,의류,부산평화시장,전통시장,부산광역시,,,
64d6d7216421eb3e4ae6,full_annotation_v1,A,q_피자_03,치즈,음식점 중 '피자'를 판매·제공하는 매장,train,피자,T2 동의어,5bbc8cf9-7217-4009-a406-7215a993de50,선산수산,수산물,구미새마을중앙시장,전통시장,경상북도,,,
900202f9216a7a5af14e,full_annotation_v1,A,q_피자_03,치즈,음식점 중 '피자'를 판매·제공하는 매장,train,피자,T2 동의어,7a81a609-dd16-47b3-adf5-0220439a6f74,치즈사진관,사진촬영업,아름동상점가,자율상권구역,세종특별자치시,,,
0ae9de394ad443f48948,full_annotation_v1,A,q_피자_03,치즈,음식점 중 '피자'를 판매·제공하는 매장,train,피자,T2 동의어,013420d6-557d-45f7-9c34-e9fb1e490077,올리브 피자,피자,매곡 골목형상점가,골목형상점가,대구광역시,,,
bfa07adebfe61b9c7f29,full_annotation_v1,A,q_피자_03,치즈,음식점 중 '피자'를 판매·제공하는 매장,train,피자,T2 동의어,da11a1ac-1f61-4723-a253-c09d4b2440c5,안경세상,안경,개금골목시장,전통시장,부산광역시,,,
a2c69b5330d8e9a0f7ac,full_annotation_v1,A,q_피자_03,치즈,음식점 중 '피자'를 판매·제공하는 매장,train,피자,T2 동의어,58635cf1-b5d1-49d8-abb1-5e5fa629584c,고향소갈비찜,소갈비찜,창원 경창상가,전통시장,경상남도,,,
09224098bc85d591ea50,full_annotation_v1,A,q_피자_03,치즈,음식점 중 '피자'를 판매·제공하는 매장,train,피자,T2 동의어,5a65dba9-31ef-4489-9ec7-d232d601b273,임실치즈,치즈,신포시장,전통시장,인천광역시,,,
3ce338670dd7a5f1c21e,full_annotation_v1,A,q_피자_03,치즈,음식점 중 '피자'를 판매·제공하는 매장,train,피자,T2 동의어,300e63f1-c04f-49e3-aa1c-904e4e6071c7,불닭치즈,분식,서문시장야시장,상권활성화구역,대구광역시,,,
d93c2eae20a0a0d466e6,full_annotation_v1,A,q_피자_03,치즈,음식점 중 '피자'를 판매·제공하는 매장,train,피자,T2 동의어,d47fbed7-a2c9-4c84-8fee-af4788d38ee0,더희즈,의류,신남네거리상점가,자율상권구역,대구광역시,,,
6353834db8f152dd6058,full_annotation_v1,A,q_피자_03,치즈,음식점 중 '피자'를 판매·제공하는 매장,train,피자,T2 동의어,0b5e2327-bc7a-4f8d-a701-6ae4f0fba743,샘골한과,치즈 강정,화서시장,전통시장,경기도,,,
eb29d949e0989befed75,full_annotation_v1,A,q_피자_03,치즈,음식점 중 '피자'를 판매·제공하는 매장,train,피자,T2 동의어,cce66dd0-a01a-4c86-a7df-92e68a9c3d94,조은고기판매장,정육,각화도매 골목형상점가,골목형상점가,광주광역시,,,
85aae4765312163c8d8b,full_annotation_v1,A,q_피자_03,치즈,음식점 중 '피자'를 판매·제공하는 매장,train,피자,T2 동의어,e6b1e758-460c-42b9-b425-cc86f9e2d42d,하루계란 아산탕정점,계란 사과 치즈,한들물빛도시 골목형 상점가,골목형상점가,충청남도,,,
75ed51be2c08cfe69aff,full_annotation_v1,A,q_피자_03,치즈,음식점 중 '피자'를 판매·제공하는 매장,train,피자,T2 동의어,e300db61-34f6-49b3-8fa3-e9308741ab2e,그린마트,마트,월산4동 골목형상점가,골목형상점가,광주광역시,,,
cb9c62ffaaad08e75eb5,full_annotation_v1,A,q_피자_03,치즈,음식점 중 '피자'를 판매·제공하는 매장,train,피자,T2 동의어,1d789a7f-f0f6-4047-ba0a-5631e8b0f92b,치즈밥있슈,한식,제기동 고대앞마을 골목형상점가,골목형상점가,서울특별시,,,
598f3fa5eeee13a1f321,full_annotation_v1,A,q_피자_03,치즈,음식점 중 '피자'를 판매·제공하는 매장,train,피자,T2 동의어,011400a1-5326-46ef-9e42-af0d9fb8e774,피자스쿨 수원영통점,피자,롯데프라자 골목형상점가,골목형상점가,경기도,,,
889cecdadf8705813dda,full_annotation_v1,A,q_피자_03,치즈,음식점 중 '피자'를 판매·제공하는 매장,train,피자,T2 동의어,421a23fe-c648-48a6-a996-f0d60dae66d3,마터케어,가정방문 산후도우미 서비스,김해 대우유토피아상가,골목형상점가,경상남도,,,
b787bb7630ca479c741a,full_annotation_v1,A,q_피자_03,치즈,음식점 중 '피자'를 판매·제공하는 매장,train,피자,T2 동의어,12c4020a-283c-447f-b079-4d80dca8a463,조이치즈 스튜디오,사진,중앙상인회 골목형상점가,골목형상점가,광주광역시,,,
11529556dca51eaab43e,full_annotation_v1,A,q_피자_03,치즈,음식점 중 '피자'를 판매·제공하는 매장,train,피자,T2 동의어,1b2e70f4-184b-427e-9124-bf325d719686,밀즈,의류,전남대후문골목형상점가,골목형상점가,광주광역시,,,
198e3085e1dde103848d,full_annotation_v1,A,q_피자_03,치즈,음식점 중 '피자'를 판매·제공하는 매장,train,피자,T2 동의어,fb14f611-6a16-4036-a180-6ad2d5638487,인삼코리아창원점,조제건강식품,창원 소답시장,전통시장,경상남도,,,
84acf41f8a78c64050d4,full_annotation_v1,A,q_피자_03,치즈,음식점 중 '피자'를 판매·제공하는 매장,train,피자,T2 동의어,3e1dea7a-260b-4f4d-8ad1-eef49ca8714a,치즈당대왕카스테라광주수완점,카스테라,운수대통 골목형상점가,골목형상점가,광주광역시,,,
295512ddfc88143e4058,full_annotation_v1,A,q_피자_03,치즈,음식점 중 '피자'를 판매·제공하는 매장,train,피자,T2 동의어,1c9ffd03-8c86-4da6-b4b5-0125631f324a,치이즈,양식,소담마실길 골목형상점가,골목형상점가,세종특별자치시,,,
993049139f79409839aa,full_annotation_v1,A,q_피자_03,치즈,음식점 중 '피자'를 판매·제공하는 매장,train,피자,T2 동의어,b8ee6249-dd14-4783-b74e-c80777945aa9,치즈보드게임카페,보드게임카페,문정동로데오상점가,자율상권구역,서울특별시,,,
ce242500d98c9cba6531,full_annotation_v1,A,q_피자_03,치즈,음식점 중 '피자'를 판매·제공하는 매장,train,피자,T2 동의어,8538124c-fa88-4cd1-b88c-bddbcaaa196a,디자인바이치즈,전자상거래업,민락2지구골목형상점가,골목형상점가,경기도,,,
f5a0368ebb01ccb4a5f7,full_annotation_v1,A,q_피자_03,치즈,음식점 중 '피자'를 판매·제공하는 매장,train,피자,T2 동의어,7955d890-dbfc-4341-b187-1f64ad36505b,월드크리닝창원신촌점,세탁물중개,창원 양곡시장,전통시장,경상남도,,,
2eb4ee12cff11c538b02,full_annotation_v1,A,q_피자_03,치즈,음식점 중 '피자'를 판매·제공하는 매장,train,피자,T2 동의어,5a6c74b4-e010-4ccd-801e-dfe07b5a9717,치즈,의류,전남대후문골목형상점가,골목형상점가,광주광역시,,,
5c436118d2d723c8720e,full_annotation_v1,A,q_피자_03,치즈,음식점 중 '피자'를 판매·제공하는 매장,train,피자,T2 동의어,3c6fdfe4-a9c3-4300-88ee-5f48b35d9334,피자는치즈빨,피자,두암2동면앙로 골목형상점가,골목형상점가,광주광역시,,,
99b1e9eeaeff686fe707,full_annotation_v1,A,q_피자_03,치즈,음식점 중 '피자'를 판매·제공하는 매장,train,피자,T2 동의어,2f38c6db-8998-40ae-9edc-d11122415d22,피자는치즈빨,피자,쌍촌로상인회 골목형상점가,골목형상점가,광주광역시,,,
7058c7bb57915ea2545d,full_annotation_v1,A,q_피자_03,치즈,음식점 중 '피자'를 판매·제공하는 매장,train,피자,T2 동의어,8c31eece-5883-4daf-91d0-18a8d1617e81,와인아띠,와인 치즈,518먹자골목상인회 골목형상점가,골목형상점가,광주광역시,,,
99dfaf293e2e4eec1883,full_annotation_v1,A,q_피자_03,치즈,음식점 중 '피자'를 판매·제공하는 매장,train,피자,T2 동의어,c1245339-9930-4e29-a687-50ce4a24ca91,치즈를사랑한찜닭,음식,남천 상점가,자율상권구역,경기도,,,
74843a4883803758fd40,full_annotation_v1,A,q_피자_03,치즈,음식점 중 '피자'를 판매·제공하는 매장,train,피자,T2 동의어,798e5989-b23a-4be8-a90b-0058d2702d59,본도시락 과천점,도시락,과천중앙동상점가,자율상권구역,경기도,,,
4ff153aca38cf1ad11c6,full_annotation_v1,A,q_피자_03,치즈,음식점 중 '피자'를 판매·제공하는 매장,train,피자,T2 동의어,9d617a6e-863a-48a9-9ddb-849ddd7205f2,타누키 치즈케이크,케이크 음료,동성로 상권활성화구역,상권활성화구역,대구광역시,,,
6cb8628e3e945f9242b2,full_annotation_v1,A,q_피자_03,치즈,음식점 중 '피자'를 판매·제공하는 매장,train,피자,T2 동의어,c5e49c97-88c2-4743-8355-419911b6e288,오토마스타,자동차 정비,동오마을골목형상점가,골목형상점가,경기도,,,
7c54084919daf76f7193,full_annotation_v1,A,q_피자_03,치즈,음식점 중 '피자'를 판매·제공하는 매장,train,피자,T2 동의어,17544ef3-49d8-45c0-a50b-4bfd7262548b,빵위에치즈 서산점,피자,서산번화2로,자율상권구역,충청남도,,,
fefc383a54077d7dfb87,full_annotation_v1,A,q_피자_03,치즈,음식점 중 '피자'를 판매·제공하는 매장,train,피자,T2 동의어,1606b925-771c-43a1-9127-952b846f3bac,꼼꼼화당,크림치즈,충효어린이공원 골목형상점가,골목형상점가,광주광역시,,,
117b94fb4427e01b0916,full_annotation_v1,A,q_피자_03,치즈,음식점 중 '피자'를 판매·제공하는 매장,train,피자,T2 동의어,2623a1f8-4fb3-44e1-bdcd-96c0ee537251,임실치즈피자 미스터파파,,승달 골목형상점가,골목형상점가,,,,
d131a35c8904e7342ba9,full_annotation_v1,A,q_피자_03,치즈,음식점 중 '피자'를 판매·제공하는 매장,train,피자,T2 동의어,1909b10c-bd65-48d7-871e-d72a8bf0ffff,치즈당,카스테라,연신내골목형상점가,골목형상점가,서울특별시,,,
69655b72f14a1bf1d3a1,full_annotation_v1,A,q_피자_03,치즈,음식점 중 '피자'를 판매·제공하는 매장,train,피자,T2 동의어,e17d7377-91ec-4810-a72e-e681e1df1727,유성종합철물상사,공구,월산4동 골목형상점가,골목형상점가,광주광역시,,,
b2358210a0ed8727f24a,full_annotation_v1,A,q_피자_03,치즈,음식점 중 '피자'를 판매·제공하는 매장,train,피자,T2 동의어,7eed6df7-dc22-4088-add8-2e9445308dff,치즈품은동전빵,휴게음식점,용인중앙시장,전통시장,경기도,,,
4b3bf5c50a33cee548de,full_annotation_v1,A,q_피자_04,피자집,음식점 중 '피자'를 판매·제공하는 매장,train,피자,T2 동의어,7a62b199-47fb-4925-9846-b2292312713e,용천통닭 용두점,치킨,더불어용두 골목형상점가,골목형상점가,광주광역시,,,
960dd3a1cc82cefa6ede,full_annotation_v1,A,q_피자_04,피자집,음식점 중 '피자'를 판매·제공하는 매장,train,피자,T2 동의어,5763f503-15b5-45a7-b41d-305b79d9a0fa,소문난 도우분식,,모라전통시장,전통시장,부산광역시,,,
d7b34ad386cb2e59a664,full_annotation_v1,A,q_피자_04,피자집,음식점 중 '피자'를 판매·제공하는 매장,train,피자,T2 동의어,ec7e0b04-5413-4922-b9c7-d55879376a58,민물장어포차,장어,자마장시장골목형상점가,골목형상점가,서울특별시,,,
af069eccd100ca441582,full_annotation_v1,A,q_피자_04,피자집,음식점 중 '피자'를 판매·제공하는 매장,train,피자,T2 동의어,176c91b5-a569-466a-ac2d-59f06efd2028,광주아이맘케어,산후도우미,운남골목 골목형상점가,골목형상점가,광주광역시,,,
b4541dfeaa7de1f0a265,full_annotation_v1,A,q_피자_04,피자집,음식점 중 '피자'를 판매·제공하는 매장,train,피자,T2 동의어,013420d6-557d-45f7-9c34-e9fb1e490077,올리브 피자,피자,매곡 골목형상점가,골목형상점가,대구광역시,,,
1302367bfd86221cf6a5,full_annotation_v1,A,q_피자_04,피자집,음식점 중 '피자'를 판매·제공하는 매장,train,피자,T2 동의어,3c6fdfe4-a9c3-4300-88ee-5f48b35d9334,피자는치즈빨,피자,두암2동면앙로 골목형상점가,골목형상점가,광주광역시,,,
078e3e7837e6dadfad91,full_annotation_v1,A,q_피자_04,피자집,음식점 중 '피자'를 판매·제공하는 매장,train,피자,T2 동의어,cd78f515-07c3-4a3f-9bb7-c10b58ea0a2a,삼부자청과,"과일, 채소",산본로데오거리(구 산본중심상가),자율상권구역,경기도,,,
f127735fda9523369129,full_annotation_v1,A,q_피자_04,피자집,음식점 중 '피자'를 판매·제공하는 매장,train,피자,T2 동의어,5799098b-8df3-421d-9239-c4d2d3dc3337,피자랑쥬,피자,청평여울시장,전통시장,경기도,,,
32194d5dd198dfa18631,full_annotation_v1,A,q_피자_04,피자집,음식점 중 '피자'를 판매·제공하는 매장,train,피자,T2 동의어,3ce9ab54-4adf-4bf1-aaf7-f444bdce3a39,피자엉클,피자,송정벚꽃골목형상점가,골목형상점가,서울특별시,,,
f7dcfa69656a7d2d184d,full_annotation_v1,A,q_피자_04,피자집,음식점 중 '피자'를 판매·제공하는 매장,train,피자,T2 동의어,0025d0e7-ab79-46b7-9348-33134ef3d057,왕손피자,피자,양동역별빛시장(양동쌍학시장),전통시장,경기도,,,
aeaabd6700896538a9b7,full_annotation_v1,A,q_피자_04,피자집,음식점 중 '피자'를 판매·제공하는 매장,train,피자,T2 동의어,1f2c708b-c369-4824-9abb-58a1ab3770b6,피자하우스,피자,김천황금시장,전통시장,경상북도,,,
334dc6327e0689f3ddd3,full_annotation_v1,A,q_피자_04,피자집,음식점 중 '피자'를 판매·제공하는 매장,train,피자,T2 동의어,c84da8c2-2b38-48c6-8c15-235a93071f57,부자집,반찬,반송큰시장,전통시장,부산광역시,,,
9b5cb45d0077b3918bf3,full_annotation_v1,A,q_피자_04,피자집,음식점 중 '피자'를 판매·제공하는 매장,train,피자,T2 동의어,1e7add31-d217-41ad-acd5-f031c18dba28,선우맞춤형산후케어광주광역시지사,산후도우미 서비스,우산행복주택,골목형상점가,광주광역시,,,
aee7690e893f54ce3d53,full_annotation_v1,A,q_피자_04,피자집,음식점 중 '피자'를 판매·제공하는 매장,train,피자,T2 동의어,ffd806c9-5008-4e5d-bc51-ae85ac1e5a9d,피자보이,피자 치킨,외대글로벌길 골목형상점가,골목형상점가,경기도,,,
a93cbf2bf648bed246fe,full_annotation_v1,A,q_피자_04,피자집,음식점 중 '피자'를 판매·제공하는 매장,train,피자,T2 동의어,2cffd3ca-481a-4ef7-8239-e65c0d774f8e,피자코코,피자,장미꽃빛거리 골목형상점가,골목형상점가,서울특별시,,,
09f5f4ada71c905beaf3,full_annotation_v1,A,q_피자_04,피자집,음식점 중 '피자'를 판매·제공하는 매장,train,피자,T2 동의어,f7ca6afb-e92d-4158-a75a-e696454d1896,피자런 한밭대점,피자,계산동 골목형상점가,골목형상점가,대전광역시,,,
01808880a84c3ed870fb,full_annotation_v1,A,q_피자_04,피자집,음식점 중 '피자'를 판매·제공하는 매장,train,피자,T2 동의어,011400a1-5326-46ef-9e42-af0d9fb8e774,피자스쿨 수원영통점,피자,롯데프라자 골목형상점가,골목형상점가,경기도,,,
888b1f59cba4efe2289e,full_annotation_v1,A,q_피자_04,피자집,음식점 중 '피자'를 판매·제공하는 매장,train,피자,T2 동의어,8d52c07c-117d-450e-96a5-6127031b2c9b,피자행투,피자,장성읍 골목형상점가,골목형상점가,전라남도,,,
7c0628147fb6d013595e,full_annotation_v1,A,q_피자_04,피자집,음식점 중 '피자'를 판매·제공하는 매장,train,피자,T2 동의어,1e305b3d-87f9-4b8e-9c4c-52550a958ed7,피자랑,피자,사근살곶이골목형상점가,골목형상점가,서울특별시,,,
96a0f48ab223802ab2c2,full_annotation_v1,A,q_피자_04,피자집,음식점 중 '피자'를 판매·제공하는 매장,train,피자,T2 동의어,e10ec94d-87c6-4125-ae04-62ab2767dee2,농가진미축산유통,식육,진해중앙시장,전통시장,경상남도,,,
d98a69b68af747536a9d,full_annotation_v1,A,q_피자_04,피자집,음식점 중 '피자'를 판매·제공하는 매장,train,피자,T2 동의어,84d77a8c-5162-4675-9c17-d814680dea0d,그럴만두,음식,해광한신상가번영회 골목형상점가,골목형상점가,광주광역시,,,
fbc62b9efd4460080320,full_annotation_v1,A,q_피자_04,피자집,음식점 중 '피자'를 판매·제공하는 매장,train,피자,T2 동의어,2623a1f8-4fb3-44e1-bdcd-96c0ee537251,임실치즈피자 미스터파파,,승달 골목형상점가,골목형상점가,,,,
823413fc4b9c2e0927dd,full_annotation_v1,A,q_피자_04,피자집,음식점 중 '피자'를 판매·제공하는 매장,train,피자,T2 동의어,c5280d71-7313-4b40-a401-34a2a53e98d7,다모아먹자집,음식(한식),둔촌역전통시장,전통시장,서울특별시,,,
f5f93eb8994ac06dc4e4,full_annotation_v1,A,q_피자_04,피자집,음식점 중 '피자'를 판매·제공하는 매장,train,피자,T2 동의어,e9b7c328-adca-48e4-9ffb-0407efa2c158,바이연뷰티,,중앙로 지하상가 상점가,일반지하상점가,대전광역시,,,
d40cc6c491ad14f4ec91,full_annotation_v1,A,q_피자_04,피자집,음식점 중 '피자'를 판매·제공하는 매장,train,피자,T2 동의어,5d5ea7b5-1fab-4b62-9cb8-e25d16908385,피자스웨그,피자,대왕암사거리 골목형상점가,골목형상점가,울산광역시,,,
3a86fcba63ca8e1a2ddc,full_annotation_v1,A,q_피자_04,피자집,음식점 중 '피자'를 판매·제공하는 매장,train,피자,T2 동의어,87732cce-01af-4f19-bf7b-bc22434cd904,피자얌,피자,상계중앙시장,전통시장,서울특별시,,,
b034a75eb57e6c58ae35,full_annotation_v1,A,q_피자_04,피자집,음식점 중 '피자'를 판매·제공하는 매장,train,피자,T2 동의어,6f1e2aa4-5ed0-41b5-b3fd-8f56d8786d95,피자탑,피자,전남대후문골목형상점가,골목형상점가,광주광역시,,,
4bf0c109f3082f2dab4f,full_annotation_v1,A,q_피자_04,피자집,음식점 중 '피자'를 판매·제공하는 매장,train,피자,T2 동의어,00d5ec26-bcc1-4e53-818c-e6c26dc522f6,7번가피자,피자,오치 스쿨존 골목형상점가,골목형상점가,광주광역시,,,
7a5639c09745e28cc4f2,full_annotation_v1,A,q_피자_04,피자집,음식점 중 '피자'를 판매·제공하는 매장,train,피자,T2 동의어,de7a84a8-1d72-4831-88b7-02010c5af08c,피자박스,피자,양산 나래메트로시티 골목형상점가,골목형상점가,경상남도,,,
f5fa0b6ef7378a8975d1,full_annotation_v1,A,q_피자_04,피자집,음식점 중 '피자'를 판매·제공하는 매장,train,피자,T2 동의어,670321d0-6986-48d9-badf-da51a1db1f31,피자 사전,피자,녹두S밸리골목형상점가,골목형상점가,서울특별시,,,
5edb06c23897fc6f96ab,full_annotation_v1,A,q_피자_04,피자집,음식점 중 '피자'를 판매·제공하는 매장,train,피자,T2 동의어,fdb99905-6f4f-4dd3-bd68-f2673fec8958,피자빨간고추,피자,석계음식문화거리골목형상점가,골목형상점가,서울특별시,,,
905da1bbd35d35d6e062,full_annotation_v1,A,q_피자_04,피자집,음식점 중 '피자'를 판매·제공하는 매장,train,피자,T2 동의어,53292391-977f-4287-8e60-54150edafda2,피자런,피자,루원음식문화거리,골목형상점가,인천광역시,,,
28e896d7d55f24632689,full_annotation_v1,A,q_피자_04,피자집,음식점 중 '피자'를 판매·제공하는 매장,train,피자,T2 동의어,164695db-57cb-4270-b56e-4206d71d2c5a,피자뉴스,피자,유성문화원 골목형상점가,골목형상점가,대전광역시,,,
2f5f3102665c6be54c79,full_annotation_v1,A,q_피자_04,피자집,음식점 중 '피자'를 판매·제공하는 매장,train,피자,T2 동의어,a2fbc5f2-ae3a-480f-97be-2d9834d1a737,피자나눔터,피자,양주가래비중앙로상점가,골목형상점가,경기도,,,
955df3847aa27ee1e5a9,full_annotation_v1,A,q_피자_04,피자집,음식점 중 '피자'를 판매·제공하는 매장,train,피자,T2 동의어,421a23fe-c648-48a6-a996-f0d60dae66d3,마터케어,가정방문 산후도우미 서비스,김해 대우유토피아상가,골목형상점가,경상남도,,,
451e90c1fe991a9bf64a,full_annotation_v1,A,q_피자_04,피자집,음식점 중 '피자'를 판매·제공하는 매장,train,피자,T2 동의어,8cca2318-00f8-464c-8803-04d5c137e3c7,미도상회,농산물,칠성원시장,전통시장,대구광역시,,,
ab847ba7ddc03fcfb741,full_annotation_v1,A,q_피자_04,피자집,음식점 중 '피자'를 판매·제공하는 매장,train,피자,T2 동의어,c77c7c23-34bd-439f-9daf-4c86bd46a4d0,피자클럽,피자,진다리로 백운1동 골목형상점가,골목형상점가,광주광역시,,,
8ca7d5963024fbe31460,full_annotation_v1,A,q_피자_04,피자집,음식점 중 '피자'를 판매·제공하는 매장,train,피자,T2 동의어,16bfa8ef-6f8f-4407-b1c6-ef562eede4d6,친정맘산후관리,산후도우미 직업소개소,양림동 골목형상점가,골목형상점가,광주광역시,,,
371b9e7e212e1d155010,full_annotation_v1,A,q_피자_04,피자집,음식점 중 '피자'를 판매·제공하는 매장,train,피자,T2 동의어,912261b9-c002-4cbb-a523-cc00db82f4f7,피자풀동구점,피자,계림오거리 골목형상점가,골목형상점가,광주광역시,,,
435356b178a8c68bad08,full_annotation_v1,A,q_피자_04,피자집,음식점 중 '피자'를 판매·제공하는 매장,train,피자,T2 동의어,83857897-90b6-4221-a78c-311fa6b33900,피자생각,피자,무주반딧불상권활성화구역,상권활성화구역,전북특별자치도,,,
5a87286796253f1a5aa0,full_annotation_v1,A,q_피자_04,피자집,음식점 중 '피자'를 판매·제공하는 매장,train,피자,T2 동의어,d4389632-0445-4aa1-83d4-64cb92143d94,피자보이시나,피자,노량진만나로골목형상점가,골목형상점가,서울특별시,,,
02c7b3b6c418c3a0aea6,full_annotation_v1,A,q_피자_04,피자집,음식점 중 '피자'를 판매·제공하는 매장,train,피자,T2 동의어,0f1ca68f-81d5-4bb9-9b27-e8dd79bb46bc,일성유통,김 자반 멸치 건어물등,매월동상인회 골목형상점가,골목형상점가,광주광역시,,,
fb32d717d50421360bde,full_annotation_v1,A,q_피자_04,피자집,음식점 중 '피자'를 판매·제공하는 매장,train,피자,T2 동의어,b0624dfd-7be6-404e-9c3c-68d5cb599764,피자오,피자,해방촌 골목형상점가,골목형상점가,서울특별시,,,
abb0d2681588771ddf7d,full_annotation_v1,A,q_피자_04,피자집,음식점 중 '피자'를 판매·제공하는 매장,train,피자,T2 동의어,6fffe22e-5ab7-4dec-a8bc-44231f73b1f4,피자원,피자,가재울 골목형상점가,골목형상점가,인천광역시,,,
3771b0faef08e9500e94,full_annotation_v1,A,q_피자_04,피자집,음식점 중 '피자'를 판매·제공하는 매장,train,피자,T2 동의어,6d64f878-f93f-46ee-9720-5dc966222a69,몽S피자,피자,설악눈메골시장,전통시장,경기도,,,
a9987c3ccec25b6def08,full_annotation_v1,A,q_피자_04,피자집,음식점 중 '피자'를 판매·제공하는 매장,train,피자,T2 동의어,8972f6d7-23a1-4c45-a2a1-04c6a2dcc19a,병방시장할인마트,슈퍼,계양산전통시장,전통시장,인천광역시,,,
4a63112c04efbb29db08,full_annotation_v1,A,q_피자_04,피자집,음식점 중 '피자'를 판매·제공하는 매장,train,피자,T2 동의어,b7da747b-6248-4f61-b835-3f5c59bb6661,딸부자집,한식,공주대학로 골목형 상점가,골목형상점가,충청남도,,,
e6e3a9a9b0ba575c867a,full_annotation_v1,A,q_피자_04,피자집,음식점 중 '피자'를 판매·제공하는 매장,train,피자,T2 동의어,2fdb5acb-69a8-41e3-9e93-9da75640061c,빨강모자집,건어물,대천항수산시장,전통시장,충청남도,,,
dce28ad8cf69bf25d449,full_annotation_v1,A,q_피자_04,피자집,음식점 중 '피자'를 판매·제공하는 매장,train,피자,T2 동의어,b8defc09-3d3d-49b7-a383-a9d516bc6203,피자캣,피자,덕풍전통시장,전통시장,경기도,,,
0db5168a9bb63351052e,full_annotation_v1,A,q_피자_04,피자집,음식점 중 '피자'를 판매·제공하는 매장,train,피자,T2 동의어,baf84a11-bb3e-49ea-97d8-25d18ed501cd,날개,양말,토지금고시장,전통시장,인천광역시,,,
197d933d9a5ae36549b9,full_annotation_v1,A,q_피자_04,피자집,음식점 중 '피자'를 판매·제공하는 매장,train,피자,T2 동의어,c7a2c402-dedc-4262-9823-46ced788a0bf,이서뽕잎칼국수,한식,군분로 골목형상점가,골목형상점가,광주광역시,,,
54127c633435082a1451,full_annotation_v1,A,q_피자_04,피자집,음식점 중 '피자'를 판매·제공하는 매장,train,피자,T2 동의어,dee000fe-923b-4fa8-8cec-023f633612c9,피자어셈블,피자,동백중심상가 골목형상점가,골목형상점가,경기도,,,
d3cfcc36f06431efad57,full_annotation_v1,A,q_피자_04,피자집,음식점 중 '피자'를 판매·제공하는 매장,train,피자,T2 동의어,c1c61ebc-b0e0-4d3c-939b-7392ff4db9ba,사천산자집,과자,사천읍시장,전통시장,경상남도,,,
f3e8df9b6494554d51ac,full_annotation_v1,A,q_피자_04,피자집,음식점 중 '피자'를 판매·제공하는 매장,train,피자,T2 동의어,edfb5308-d4da-4f02-b477-0712955f625d,피자헐,피자,병점중심상가,자율상권구역,경기도,,,
6b8ce3f2bfb6cdf36250,full_annotation_v1,A,q_피자_04,피자집,음식점 중 '피자'를 판매·제공하는 매장,train,피자,T2 동의어,1606b925-771c-43a1-9127-952b846f3bac,꼼꼼화당,크림치즈,충효어린이공원 골목형상점가,골목형상점가,광주광역시,,,
bd9c530e00cfcdf4441a,full_annotation_v1,A,q_피자_04,피자집,음식점 중 '피자'를 판매·제공하는 매장,train,피자,T2 동의어,00446094-b7f5-42de-acfa-7e4cba20d7ad,투게더피치우산점,피자 치킨,으뜸골목형상점가,골목형상점가,강원특별자치도,,,
73d1afa01c544f3feaf1,full_annotation_v1,A,q_피자_04,피자집,음식점 중 '피자'를 판매·제공하는 매장,train,피자,T2 동의어,f3f51e88-8e76-4521-bcd7-f0892d093e19,라쿤피자,피자,용강동상점가,자율상권구역,서울특별시,,,
1a01ce7fd8e64f2bad44,full_annotation_v1,A,q_피자_04,피자집,음식점 중 '피자'를 판매·제공하는 매장,train,피자,T2 동의어,00f98bb9-7973-4aef-97f9-9a91ac74e6d0,반올림 피자 세종점,피자,다정중앙 골목형상점가,골목형상점가,세종특별자치시,,,
89796bc5fe96f1379d76,full_annotation_v1,A,q_피자_04,피자집,음식점 중 '피자'를 판매·제공하는 매장,train,피자,T2 동의어,1d89f31a-a76b-4414-9539-863d6852482f,피잇짜,피자,성수역골목형상점가,골목형상점가,서울특별시,,,
b22d96b4830254158062,full_annotation_v1,A,q_피자_04,피자집,음식점 중 '피자'를 판매·제공하는 매장,train,피자,T2 동의어,f4109dcc-4f52-4456-99bd-701b32c95d4a,연우수산회도매센타,"한식, 활어회",도마큰시장,전통시장,대전광역시,,,
9865c81cc11c07b86232,full_annotation_v1,A,q_피자_04,피자집,음식점 중 '피자'를 판매·제공하는 매장,train,피자,T2 동의어,0b5e2327-bc7a-4f8d-a701-6ae4f0fba743,샘골한과,치즈 강정,화서시장,전통시장,경기도,,,
195a111bddbff917d334,full_annotation_v1,A,q_피자_04,피자집,음식점 중 '피자'를 판매·제공하는 매장,train,피자,T2 동의어,2f38c6db-8998-40ae-9edc-d11122415d22,피자는치즈빨,피자,쌍촌로상인회 골목형상점가,골목형상점가,광주광역시,,,
63ae04de651723ca0ce9,full_annotation_v1,A,q_피자_04,피자집,음식점 중 '피자'를 판매·제공하는 매장,train,피자,T2 동의어,00d91b69-56c3-403f-9863-3a51d71c8f84,킹크랩치즈그라탕,킹크랩치즈그라탕,서귀포매일올레시장,전통시장,제주특별자치도,,,
11fb2faa041d4c4169bc,full_annotation_v1,A,q_피자_04,피자집,음식점 중 '피자'를 판매·제공하는 매장,train,피자,T2 동의어,d368ca54-37ea-4624-b5b4-d393a9c0c60a,탑피자,피자,화순중앙로골목형상점가,골목형상점가,전라남도,,,
52507df97e712c85b899,full_annotation_v1,A,q_피자_04,피자집,음식점 중 '피자'를 판매·제공하는 매장,train,피자,T2 동의어,bdb6b464-7231-4ceb-9875-0573c7c039fb,피자명인,피자,대소시장,전통시장,충청북도,,,
da0b64307f57681f4fe7,full_annotation_v1,A,q_피자_04,피자집,음식점 중 '피자'를 판매·제공하는 매장,train,피자,T2 동의어,507a272c-d8b9-4254-be6e-e388bb09379f,피자마켓,피자,서부시장,전통시장,대구광역시,,,
a2e6110dc47f5f28793a,full_annotation_v1,A,q_피자_04,피자집,음식점 중 '피자'를 판매·제공하는 매장,train,피자,T2 동의어,973db6fd-bcd4-41eb-843f-00d4e5aba396,우키샌드위치2호점,"샌드위치, 샐러드, 커피 음식점업",산본로데오거리(구 산본중심상가),자율상권구역,경기도,,,
765e814446621def82dc,full_annotation_v1,A,q_피자_04,피자집,음식점 중 '피자'를 판매·제공하는 매장,train,피자,T2 동의어,24e1d92f-9ba6-436a-89d9-ad3382608e5c,피자굼터,피자,군포당동로시장상점가,골목형상점가,경기도,,,
c6ffacb9df7d78c910b1,full_annotation_v1,A,q_피자_04,피자집,음식점 중 '피자'를 판매·제공하는 매장,train,피자,T2 동의어,11802797-6d56-47f9-b554-6150aa2495e6,김종근의 달구마실,"닭갈비, 치즈닭갋",아주대 대학로 골목형상점가,골목형상점가,경기도,,,
5d1db61d7cd195400455,full_annotation_v1,A,q_피자_04,피자집,음식점 중 '피자'를 판매·제공하는 매장,train,피자,T2 동의어,4c6210ed-26be-48c1-9f8d-d52f2edf6533,심청이포차,수산물,용현시장,전통시장,인천광역시,,,
571c6318e7045da1ffd9,full_annotation_v1,A,q_피자_04,피자집,음식점 중 '피자'를 판매·제공하는 매장,train,피자,T2 동의어,d5081fbf-786f-4fe6-8989-79424266c776,손씨생선,생선,언양알프스시장,전통시장,울산광역시,,,
7b2bce4eeb6276b920a8,full_annotation_v1,A,q_피자_04,피자집,음식점 중 '피자'를 판매·제공하는 매장,train,피자,T2 동의어,55db87eb-c536-4e1b-9aa4-d64e4c75921d,행진푸드,,울산대바보사거리 골목형상점가,골목형상점가,울산광역시,,,
f8769967ce2febf2a05d,full_annotation_v1,A,q_피자_05,피자 먹을 데,음식점 중 '피자'를 판매·제공하는 매장,train,피자,T4 구어·문장,2cffd3ca-481a-4ef7-8239-e65c0d774f8e,피자코코,피자,장미꽃빛거리 골목형상점가,골목형상점가,서울특별시,,,
d4fa4a1f9f0ac157b504,full_annotation_v1,A,q_피자_05,피자 먹을 데,음식점 중 '피자'를 판매·제공하는 매장,train,피자,T4 구어·문장,f7f43515-a48e-4038-9428-75fd996f018e,지정환임실치즈피자,피자,부안석정 골목형상점가,골목형상점가,전북특별자치도,,,
8c3365c65a7c578df687,full_annotation_v1,A,q_피자_05,피자 먹을 데,음식점 중 '피자'를 판매·제공하는 매장,train,피자,T4 구어·문장,eb97c80c-95c2-4516-83e8-d181334afb44,피자스쿨,피자,성덕중사거리,골목형상점가,광주광역시,,,
673557a342a269d38c17,full_annotation_v1,A,q_피자_05,피자 먹을 데,음식점 중 '피자'를 판매·제공하는 매장,train,피자,T4 구어·문장,32236125-57b5-49f9-9470-dcf5cfcc8a33,펍피맥,피자,국제음식문화거리 골목형상점가,골목형상점가,서울특별시,,,
55d94c80349da3335799,full_annotation_v1,A,q_피자_05,피자 먹을 데,음식점 중 '피자'를 판매·제공하는 매장,train,피자,T4 구어·문장,1b568074-c399-4017-b605-85cdecb26686,피자마루,피자,봉선중길 골목형상점가,골목형상점가,광주광역시,,,
b70a98600d810e17933d,full_annotation_v1,A,q_피자_05,피자 먹을 데,음식점 중 '피자'를 판매·제공하는 매장,train,피자,T4 구어·문장,38b9ea42-90e7-4f3e-b81f-81df9e9f7143,파파존스 피자 목포점,피자,포르모큐브 골목형상점가,골목형상점가,전라남도,,,
8fc22f8a4dfadc82ec18,full_annotation_v1,A,q_피자_05,피자 먹을 데,음식점 중 '피자'를 판매·제공하는 매장,train,피자,T4 구어·문장,87732cce-01af-4f19-bf7b-bc22434cd904,피자얌,피자,상계중앙시장,전통시장,서울특별시,,,
fca089408d921fae2ef6,full_annotation_v1,A,q_피자_05,피자 먹을 데,음식점 중 '피자'를 판매·제공하는 매장,train,피자,T4 구어·문장,1d89f31a-a76b-4414-9539-863d6852482f,피잇짜,피자,성수역골목형상점가,골목형상점가,서울특별시,,,
e1d38cf5f43d551a360a,full_annotation_v1,A,q_피자_05,피자 먹을 데,음식점 중 '피자'를 판매·제공하는 매장,train,피자,T4 구어·문장,c77c7c23-34bd-439f-9daf-4c86bd46a4d0,피자클럽,피자,진다리로 백운1동 골목형상점가,골목형상점가,광주광역시,,,
b3cc981350b78cddfb5b,full_annotation_v1,A,q_피자_05,피자 먹을 데,음식점 중 '피자'를 판매·제공하는 매장,train,피자,T4 구어·문장,16bfa8ef-6f8f-4407-b1c6-ef562eede4d6,친정맘산후관리,산후도우미 직업소개소,양림동 골목형상점가,골목형상점가,광주광역시,,,
421ddd946ff486d204b8,full_annotation_v1,A,q_피자_05,피자 먹을 데,음식점 중 '피자'를 판매·제공하는 매장,train,피자,T4 구어·문장,f75c86b0-4255-4206-8690-d36f24c3ba58,원피자,피자,인하문화의거리 골목형상점가,골목형상점가,인천광역시,,,
58a8ad2ddd4a971f920a,full_annotation_v1,A,q_피자_05,피자 먹을 데,음식점 중 '피자'를 판매·제공하는 매장,train,피자,T4 구어·문장,e5c70d25-c43f-4fe1-a0f3-da8fcb5f2682,피자스쿨,피자,풍암중앙상인회 골목형상점가,골목형상점가,광주광역시,,,
cc2d87937967dfcffa2c,full_annotation_v1,A,q_피자_05,피자 먹을 데,음식점 중 '피자'를 판매·제공하는 매장,train,피자,T4 구어·문장,4dc8b6d5-1ca9-4753-b42c-f04da92490a7,피자스쿨,피자,금곡 홍유릉상점가,자율상권구역,경기도,,,
ab8b85b1426b27cdeaff,full_annotation_v1,A,q_피자_05,피자 먹을 데,음식점 중 '피자'를 판매·제공하는 매장,train,피자,T4 구어·문장,f3f51e88-8e76-4521-bcd7-f0892d093e19,라쿤피자,피자,용강동상점가,자율상권구역,서울특별시,,,
2e01563ac18a707998dd,full_annotation_v1,A,q_피자_05,피자 먹을 데,음식점 중 '피자'를 판매·제공하는 매장,train,피자,T4 구어·문장,7df6a3c2-035f-4eb6-b497-ed051a26ad9f,대왕홉스철물,철물,거창 전통시장,전통시장,경상남도,,,
1f8d56de11ca09fde280,full_annotation_v1,A,q_피자_05,피자 먹을 데,음식점 중 '피자'를 판매·제공하는 매장,train,피자,T4 구어·문장,8d52c07c-117d-450e-96a5-6127031b2c9b,피자행투,피자,장성읍 골목형상점가,골목형상점가,전라남도,,,
a09fbdd917bbd150b0a9,full_annotation_v1,A,q_피자_05,피자 먹을 데,음식점 중 '피자'를 판매·제공하는 매장,train,피자,T4 구어·문장,a905ef2b-9ae1-457e-8368-54e2aa25439c,빽보이피자,피자,오전모락골목형상점가,골목형상점가,경기도,,,
11ff1c02e71e943f3e91,full_annotation_v1,A,q_피자_05,피자 먹을 데,음식점 중 '피자'를 판매·제공하는 매장,train,피자,T4 구어·문장,80e3a7e4-1d07-42a3-bc74-ab7f2bc71a8c,미뜨레피자,피자,화서시장,전통시장,경기도,,,
d19f39f067ca910f9665,full_annotation_v1,A,q_피자_05,피자 먹을 데,음식점 중 '피자'를 판매·제공하는 매장,train,피자,T4 구어·문장,0d2e5181-d9ae-40d2-9b17-f7f0249d9fe0,피자마루,피자,반석동 골목형상점가,골목형상점가,대전광역시,,,
8b15ecbe80f125c50b5b,full_annotation_v1,A,q_피자_05,피자 먹을 데,음식점 중 '피자'를 판매·제공하는 매장,train,피자,T4 구어·문장,1ffc8675-dd73-468a-a79d-14c79a62bfb8,어피자,피자,목2동시장,전통시장,서울특별시,,,
057e52b18ebe9cbd86eb,full_annotation_v1,A,q_피자_05,피자 먹을 데,음식점 중 '피자'를 판매·제공하는 매장,train,피자,T4 구어·문장,54e81477-8969-4bd2-95d9-9ce5bbd0d6f6,미쎄스피자,피자,봉일천전통시장,전통시장,경기도,,,
d9459bb93cc2d37bec71,full_annotation_v1,A,q_피자_05,피자 먹을 데,음식점 중 '피자'를 판매·제공하는 매장,train,피자,T4 구어·문장,1be71695-f6b7-4739-99c9-521a1310fec2,규리잉어빵,"분식, 찐빵",작전시장,전통시장,인천광역시,,,
1312bde52f60f23703e6,full_annotation_v1,A,q_피자_05,피자 먹을 데,음식점 중 '피자'를 판매·제공하는 매장,train,피자,T4 구어·문장,a3e931f1-5c03-46c3-8ccd-77d17fba4dd6,호샤,악세사리,의정부역지하상가,일반지하상점가,경기도,,,
56d3f2ac91c7705896d3,full_annotation_v1,A,q_피자_05,피자 먹을 데,음식점 중 '피자'를 판매·제공하는 매장,train,피자,T4 구어·문장,2bbb35e5-c07b-4878-a27c-0ad2922d2e9b,7번가 피자 금호점,피자,중앙상인회 골목형상점가,골목형상점가,광주광역시,,,
25cc90ac5c410ec613cb,full_annotation_v1,A,q_피자_05,피자 먹을 데,음식점 중 '피자'를 판매·제공하는 매장,train,피자,T4 구어·문장,3142a4d7-e7c2-4987-a003-69a64b3beabc,행운상회,건어물,마산어시장,전통시장,경상남도,,,
819df9f38f5cb1cf6c82,full_annotation_v1,A,q_피자_05,피자 먹을 데,음식점 중 '피자'를 판매·제공하는 매장,train,피자,T4 구어·문장,165eb204-072e-421e-9ed0-724286f537a2,오니,일식,평화광장 먹자골목상점가,골목형상점가,전라남도,,,
f6a18f8b3f13b0ff9a1d,full_annotation_v1,A,q_피자_05,피자 먹을 데,음식점 중 '피자'를 판매·제공하는 매장,train,피자,T4 구어·문장,94e0c22c-d7f9-4988-a18e-322ccdb8db75,샤불라피자,피자,울진후포시장,전통시장,경상북도,,,
5aa45e8f9e66abe9f58f,full_annotation_v1,A,q_피자_05,피자 먹을 데,음식점 중 '피자'를 판매·제공하는 매장,train,피자,T4 구어·문장,35586e2f-08bf-493f-8667-246042bdd8fd,피자스쿨,피자,호계중앙 골목형상점가,골목형상점가,울산광역시,,,
3c78b9f6b0fa13c62f96,full_annotation_v1,A,q_피자_05,피자 먹을 데,음식점 중 '피자'를 판매·제공하는 매장,train,피자,T4 구어·문장,eaa743b8-fb4d-4408-9be3-c728c76f9678,7번가피자,피자,운암제일 골목형상점가,골목형상점가,광주광역시,,,
6e743ef7e8294113be68,full_annotation_v1,A,q_피자_05,피자 먹을 데,음식점 중 '피자'를 판매·제공하는 매장,train,피자,T4 구어·문장,fae2d562-3505-41e5-94df-965d7ebe9b7b,드슈피자,피자,쌍용1번가 골목형상점가,골목형상점가,충청남도,,,
e98c894fb70210c89c03,full_annotation_v1,A,q_피자_05,피자 먹을 데,음식점 중 '피자'를 판매·제공하는 매장,train,피자,T4 구어·문장,c82d422b-5992-4d73-a292-607a1fac0842,피자마루,피자,진잠 골목형상점가,골목형상점가,대전광역시,,,
e3f1e6b087f3fb515fd8,full_annotation_v1,A,q_피자_05,피자 먹을 데,음식점 중 '피자'를 판매·제공하는 매장,train,피자,T4 구어·문장,9fa92010-4783-4070-9c85-c1a9624b4628,난타5000 피자,피자,양산동 골목형상점가,골목형상점가,광주광역시,,,
6468462cb1fd965085c5,full_annotation_v1,A,q_피자_05,피자 먹을 데,음식점 중 '피자'를 판매·제공하는 매장,train,피자,T4 구어·문장,239c1740-a51a-41fd-8999-e77e6dde1625,차올라피자,피자,둔산2동 골목형상점가,골목형상점가,대전광역시,,,
d032710e2f5a2e7c4759,full_annotation_v1,A,q_피자_05,피자 먹을 데,음식점 중 '피자'를 판매·제공하는 매장,train,피자,T4 구어·문장,5d8115f1-46fe-49fb-94d0-7be256af703e,스페이스 피자(SPACEPIZZA),피자,청주소나무길 골목형상점가,골목형상점가,충청북도,,,
361782808a23c4fe80b2,full_annotation_v1,A,q_피자_05,피자 먹을 데,음식점 중 '피자'를 판매·제공하는 매장,train,피자,T4 구어·문장,00d5ec26-bcc1-4e53-818c-e6c26dc522f6,7번가피자,피자,오치 스쿨존 골목형상점가,골목형상점가,광주광역시,,,
71ded3d482a0efe37496,full_annotation_v1,A,q_피자_05,피자 먹을 데,음식점 중 '피자'를 판매·제공하는 매장,train,피자,T4 구어·문장,ee1d9f19-0756-4e61-9c90-7dab30471f24,피자 알볼로,피자,개롱골장군거리 골목형상점가,골목형상점가,서울특별시,,,
d2e611e72365cc9e60b2,full_annotation_v1,A,q_피자_05,피자 먹을 데,음식점 중 '피자'를 판매·제공하는 매장,train,피자,T4 구어·문장,53292391-977f-4287-8e60-54150edafda2,피자런,피자,루원음식문화거리,골목형상점가,인천광역시,,,
db9afe9038756d5bbe7a,full_annotation_v1,A,q_피자_05,피자 먹을 데,음식점 중 '피자'를 판매·제공하는 매장,train,피자,T4 구어·문장,92eb76fe-c8a2-4772-931a-1557d6906650,7번가피자,피자,노은상가연합 골목형상점가,골목형상점가,대전광역시,,,
6a264afa2989641bc6b9,full_annotation_v1,A,q_피자_05,피자 먹을 데,음식점 중 '피자'를 판매·제공하는 매장,train,피자,T4 구어·문장,70e102b2-70aa-4e1c-92fc-c52d3c9fd891,빨간토마토 피자 대촌점,피자,지석사거리 골목형상점가,골목형상점가,광주광역시,,,
d0489a20d6575a3c3f64,full_annotation_v1,A,q_피자_05,피자 먹을 데,음식점 중 '피자'를 판매·제공하는 매장,train,피자,T4 구어·문장,28e2c1c4-3bc6-4279-9c60-448d19b0ab34,피자마루,피자,송강전통시장,전통시장,대전광역시,,,
89398b30f2f74c9b7f96,full_annotation_v1,A,q_피자_05,피자 먹을 데,음식점 중 '피자'를 판매·제공하는 매장,train,피자,T4 구어·문장,cd98c27a-3a35-4cc0-a66f-d767b3785d78,피자나라치킨공주,피자,시흥행궁길골목형상점가,골목형상점가,서울특별시,,,
713f0bfd0e3b02139d42,full_annotation_v1,A,q_피자_05,피자 먹을 데,음식점 중 '피자'를 판매·제공하는 매장,train,피자,T4 구어·문장,47a9f6e5-fa52-4983-b44b-ccd2a6930907,피자마루,피자,연무안심시장,전통시장,충청남도,,,
68b3733820b046dc5366,full_annotation_v1,A,q_피자_05,피자 먹을 데,음식점 중 '피자'를 판매·제공하는 매장,train,피자,T4 구어·문장,75ed1360-4570-4fef-a6dc-e8cfb95a9db3,강태문피자,피자,장기동 먹거리상가 골목형상점가,골목형상점가,대구광역시,,,
9bea0d7f6577d8de121a,full_annotation_v1,A,q_피자_05,피자 먹을 데,음식점 중 '피자'를 판매·제공하는 매장,train,피자,T4 구어·문장,8b5eab44-953b-44ff-b5df-ca8e0eafae85,피자스쿨부안점,피자,부안석정 골목형상점가,골목형상점가,전북특별자치도,,,
4486eaefb92edff45386,full_annotation_v1,A,q_피자_05,피자 먹을 데,음식점 중 '피자'를 판매·제공하는 매장,train,피자,T4 구어·문장,4fbabc49-4ebc-4e5c-a8de-37304dae95de,피자마루,피자,무거현대시장,골목형상점가,울산광역시,,,
9807b10e831cbf7f5401,full_annotation_v1,A,q_피자_05,피자 먹을 데,음식점 중 '피자'를 판매·제공하는 매장,train,피자,T4 구어·문장,421a23fe-c648-48a6-a996-f0d60dae66d3,마터케어,가정방문 산후도우미 서비스,김해 대우유토피아상가,골목형상점가,경상남도,,,
bfdc6dd0cc9425ce5d87,full_annotation_v1,A,q_피자_05,피자 먹을 데,음식점 중 '피자'를 판매·제공하는 매장,train,피자,T4 구어·문장,ec9be9d5-94f3-455c-bb99-1c894d5eb597,피자스쿨,피자,봉선중길 골목형상점가,골목형상점가,광주광역시,,,
db128729303fef8e19ac,full_annotation_v1,A,q_피자_05,피자 먹을 데,음식점 중 '피자'를 판매·제공하는 매장,train,피자,T4 구어·문장,b6fc83d1-bc1b-420b-bb92-df574d0f7654,이수열피자,피자,효자2동 골목형상점가,골목형상점가,전북특별자치도,,,
78e53d4a4ccc6bf8aa53,full_annotation_v1,A,q_피자_05,피자 먹을 데,음식점 중 '피자'를 판매·제공하는 매장,train,피자,T4 구어·문장,f5a3af88-3b38-47da-a742-0de96057646d,화덕꽃피자,피자,앞산맛둘레길 골목형상점가,골목형상점가,대구광역시,,,
0502accca01e8a9fedb6,full_annotation_v1,A,q_피자_05,피자 먹을 데,음식점 중 '피자'를 판매·제공하는 매장,train,피자,T4 구어·문장,b8defc09-3d3d-49b7-a383-a9d516bc6203,피자캣,피자,덕풍전통시장,전통시장,경기도,,,
7f50441af34d4a5a976b,full_annotation_v1,A,q_피자_05,피자 먹을 데,음식점 중 '피자'를 판매·제공하는 매장,train,피자,T4 구어·문장,3c6fdfe4-a9c3-4300-88ee-5f48b35d9334,피자는치즈빨,피자,두암2동면앙로 골목형상점가,골목형상점가,광주광역시,,,
60201cb567e2fc619fe6,full_annotation_v1,A,q_피자_05,피자 먹을 데,음식점 중 '피자'를 판매·제공하는 매장,train,피자,T4 구어·문장,4209d884-013a-4299-a7b7-242cbbf8ed42,빽보이 피자 광주금호점,피자,중앙상인회 골목형상점가,골목형상점가,광주광역시,,,
2eac113bd5082cd91f84,full_annotation_v1,A,q_피자_05,피자 먹을 데,음식점 중 '피자'를 판매·제공하는 매장,train,피자,T4 구어·문장,d368ca54-37ea-4624-b5b4-d393a9c0c60a,탑피자,피자,화순중앙로골목형상점가,골목형상점가,전라남도,,,
4f188be8ae7c3b2bdd20,full_annotation_v1,A,q_피자_05,피자 먹을 데,음식점 중 '피자'를 판매·제공하는 매장,train,피자,T4 구어·문장,327bcf9a-1782-466e-85d8-d68e4568a149,피자마루,피자,자운대 골목형상점가,골목형상점가,대전광역시,,,
842debb4a07dd33bd5e0,full_annotation_v1,A,q_피자_05,피자 먹을 데,음식점 중 '피자'를 판매·제공하는 매장,train,피자,T4 구어·문장,4132feeb-e165-4e87-a835-dd16090f3e60,컬투치킨&피자,"치킨, 피자",신안골 골목형상점가,골목형상점가,광주광역시,,,
84f92f8ff52d2cd32e75,full_annotation_v1,A,q_피자_05,피자 먹을 데,음식점 중 '피자'를 판매·제공하는 매장,train,피자,T4 구어·문장,a7112e8a-d7aa-4d2e-a5fe-21312b42487b,자피아나 피자,피자,부전마켓타운 시장활성화구역,상권활성화구역,부산광역시,,,
25bd4b5ff0ac682646cf,full_annotation_v1,A,q_피자_05,피자 먹을 데,음식점 중 '피자'를 판매·제공하는 매장,train,피자,T4 구어·문장,1e305b3d-87f9-4b8e-9c4c-52550a958ed7,피자랑,피자,사근살곶이골목형상점가,골목형상점가,서울특별시,,,
191e410f0477b0891d37,full_annotation_v1,A,q_피자_05,피자 먹을 데,음식점 중 '피자'를 판매·제공하는 매장,train,피자,T4 구어·문장,11802797-6d56-47f9-b554-6150aa2495e6,김종근의 달구마실,"닭갈비, 치즈닭갋",아주대 대학로 골목형상점가,골목형상점가,경기도,,,
30a95772438ce92340b7,full_annotation_v1,A,q_피자_05,피자 먹을 데,음식점 중 '피자'를 판매·제공하는 매장,train,피자,T4 구어·문장,2f38c6db-8998-40ae-9edc-d11122415d22,피자는치즈빨,피자,쌍촌로상인회 골목형상점가,골목형상점가,광주광역시,,,
67934a6f8b90fdde644f,full_annotation_v1,A,q_피자_05,피자 먹을 데,음식점 중 '피자'를 판매·제공하는 매장,train,피자,T4 구어·문장,5763f503-15b5-45a7-b41d-305b79d9a0fa,소문난 도우분식,,모라전통시장,전통시장,부산광역시,,,
bfafd2a45460893b4938,full_annotation_v1,A,q_피자_05,피자 먹을 데,음식점 중 '피자'를 판매·제공하는 매장,train,피자,T4 구어·문장,de7a84a8-1d72-4831-88b7-02010c5af08c,피자박스,피자,양산 나래메트로시티 골목형상점가,골목형상점가,경상남도,,,
8185238a37d3f2994530,full_annotation_v1,A,q_피자_05,피자 먹을 데,음식점 중 '피자'를 판매·제공하는 매장,train,피자,T4 구어·문장,6d452665-0df8-47f8-81d3-4c5db1333c53,피자마루노은점,피자,노은상가연합 골목형상점가,골목형상점가,대전광역시,,,
9f21a9567d0a423f7c41,full_annotation_v1,A,q_피자_05,피자 먹을 데,음식점 중 '피자'를 판매·제공하는 매장,train,피자,T4 구어·문장,0025d0e7-ab79-46b7-9348-33134ef3d057,왕손피자,피자,양동역별빛시장(양동쌍학시장),전통시장,경기도,,,
1a20338dd687684d8d32,full_annotation_v1,A,q_피자_05,피자 먹을 데,음식점 중 '피자'를 판매·제공하는 매장,train,피자,T4 구어·문장,8fc5d2fa-99ad-4407-b685-087983d63ffc,피자스쿨,피자,유촌동상인회 골목형상점가,골목형상점가,광주광역시,,,
848277a3bf7efc2fc10e,full_annotation_v1,A,q_피자_05,피자 먹을 데,음식점 중 '피자'를 판매·제공하는 매장,train,피자,T4 구어·문장,282b0e8b-051c-49f9-a707-b982df803589,까라벨라 데 오르,스파게티,동명동 카페거리 골목형상점가,골목형상점가,광주광역시,,,
f400dc935a8d3930fd28,full_annotation_v1,A,q_피자_05,피자 먹을 데,음식점 중 '피자'를 판매·제공하는 매장,train,피자,T4 구어·문장,1608ccbd-1106-4a49-aa3c-fe0fe8d0c0a1,피자마루,피자,정훈한마음골목시장,골목형상점가,서울특별시,,,
feb0daaa86fbcb85acdd,full_annotation_v1,A,q_피자_05,피자 먹을 데,음식점 중 '피자'를 판매·제공하는 매장,train,피자,T4 구어·문장,aba76fc2-984e-4030-ba01-e2e7d78264c7,데 아로즈 대전둔산본점,,갈리단길 골목형상점가,골목형상점가,대전광역시,,,
969787378a2e01efd9df,full_annotation_v1,A,q_피자_05,피자 먹을 데,음식점 중 '피자'를 판매·제공하는 매장,train,피자,T4 구어·문장,7fde034b-96e4-455a-83e2-7b5692b96a17,먹을터,한식,화성행궁골목형상점가,골목형상점가,경기도,,,
59d2963a3dcafa8a4dc2,full_annotation_v1,A,q_피자_05,피자 먹을 데,음식점 중 '피자'를 판매·제공하는 매장,train,피자,T4 구어·문장,3e679244-f44d-4014-94be-44b39b92d927,피자스쿨,피자,공주대학로 골목형 상점가,골목형상점가,충청남도,,,
dae39a9915a15fa188a0,full_annotation_v1,A,q_피자_05,피자 먹을 데,음식점 중 '피자'를 판매·제공하는 매장,train,피자,T4 구어·문장,164695db-57cb-4270-b56e-4206d71d2c5a,피자뉴스,피자,유성문화원 골목형상점가,골목형상점가,대전광역시,,,
27c6d0b44f528b66b41f,full_annotation_v1,A,q_피자_05,피자 먹을 데,음식점 중 '피자'를 판매·제공하는 매장,train,피자,T4 구어·문장,806a4f97-f01f-4744-af66-634815a5f71c,빡보이 피자 광주화정점,피자,화정금화로상인회 골목형상점가,골목형상점가,광주광역시,,,
917fa44fa00cc34e27b3,full_annotation_v1,A,q_피자_05,피자 먹을 데,음식점 중 '피자'를 판매·제공하는 매장,train,피자,T4 구어·문장,a7bd0400-e10a-43e9-9b38-07131b628d57,피자마루,피자,휴먼시아 3단지 골목형상점가,골목형상점가,울산광역시,,,
727ae71fcb7bbcfee501,full_annotation_v1,A,q_피자_05,피자 먹을 데,음식점 중 '피자'를 판매·제공하는 매장,train,피자,T4 구어·문장,d2018ece-9253-4471-aecc-efa8ec11af92,피자마루,피자,천천중심상가 골목형상점가,골목형상점가,경기도,,,
3b77b7e13e31f93632e1,full_annotation_v1,A,q_피자_05,피자 먹을 데,음식점 중 '피자'를 판매·제공하는 매장,train,피자,T4 구어·문장,edfb5308-d4da-4f02-b477-0712955f625d,피자헐,피자,병점중심상가,자율상권구역,경기도,,,
cd3dcb9f8855f8c80a56,full_annotation_v1,A,q_피자_05,피자 먹을 데,음식점 중 '피자'를 판매·제공하는 매장,train,피자,T4 구어·문장,da20778e-1f92-41b8-af45-ca29305b0556,수피자,피자,노대물빛근린공원 골목형상점가,골목형상점가,광주광역시,,,
fd83c040363d8472842a,full_annotation_v1,A,q_피자_05,피자 먹을 데,음식점 중 '피자'를 판매·제공하는 매장,train,피자,T4 구어·문장,72b5d2ff-946e-4120-80e5-82763edfd6f0,피자스쿨,피자,봉천중앙시장,전통시장,서울특별시,,,
831bab5b1997a54534c9,full_annotation_v1,A,q_피자_05,피자 먹을 데,음식점 중 '피자'를 판매·제공하는 매장,train,피자,T4 구어·문장,9393cecb-f792-4135-aec6-5d7883086f3f,59쌀피자미장점,피자,미장상가 골목형상점가,골목형상점가,전북특별자치도,,,
e16d44f0e07eb433310b,full_annotation_v1,A,q_피자_05,피자 먹을 데,음식점 중 '피자'를 판매·제공하는 매장,train,피자,T4 구어·문장,63266e6d-a299-4e49-814f-b5b1399ca86e,피자스쿨,피자,동천동먹자골목2번가상인회 골목형상점가,골목형상점가,광주광역시,,,
56b528452d6a15f90d44,full_annotation_v1,A,q_피자_05,피자 먹을 데,음식점 중 '피자'를 판매·제공하는 매장,train,피자,T4 구어·문장,670321d0-6986-48d9-badf-da51a1db1f31,피자 사전,피자,녹두S밸리골목형상점가,골목형상점가,서울특별시,,,
b56ab92d52c3fd2182ea,full_annotation_v1,A,q_피자_05,피자 먹을 데,음식점 중 '피자'를 판매·제공하는 매장,train,피자,T4 구어·문장,271cf406-a2f3-4b72-aef0-13f172634390,피자스쿨,피자,상무역4번출구상인회 골목형상점가,골목형상점가,광주광역시,,,
538fc1d9cbbc7c462deb,full_annotation_v1,A,q_피자_05,피자 먹을 데,음식점 중 '피자'를 판매·제공하는 매장,train,피자,T4 구어·문장,0b5e2327-bc7a-4f8d-a701-6ae4f0fba743,샘골한과,치즈 강정,화서시장,전통시장,경기도,,,
7727c3c4ec834eebbec5,full_annotation_v1,A,q_피자_05,피자 먹을 데,음식점 중 '피자'를 판매·제공하는 매장,train,피자,T4 구어·문장,b1ecfb07-6a6c-4a6c-bfad-08991bdef52b,동림약업사,임농산물,서울약령시장,전통시장,서울특별시,,,
087058b9c6e245c2c4c9,full_annotation_v1,A,q_피자_05,피자 먹을 데,음식점 중 '피자'를 판매·제공하는 매장,train,피자,T4 구어·문장,56f444ba-1f19-47dd-a5a1-c1cd56632d88,오르새피자,피자,마산 구암시장,전통시장,경상남도,,,
22d288cd35b91706cbc8,full_annotation_v1,A,q_피자_05,피자 먹을 데,음식점 중 '피자'를 판매·제공하는 매장,train,피자,T4 구어·문장,1e7add31-d217-41ad-acd5-f031c18dba28,선우맞춤형산후케어광주광역시지사,산후도우미 서비스,우산행복주택,골목형상점가,광주광역시,,,
b65e252941d0c1c350a0,full_annotation_v1,A,q_피자_05,피자 먹을 데,음식점 중 '피자'를 판매·제공하는 매장,train,피자,T4 구어·문장,f14df4d3-9858-4a8b-8597-20fd477d8e32,갤러리 데 루치아,가구,용인어정가구단지상점가,자율상권구역,경기도,,,
5d64e8d3d656ad11bee4,full_annotation_v1,A,q_피자_05,피자 먹을 데,음식점 중 '피자'를 판매·제공하는 매장,train,피자,T4 구어·문장,b0624dfd-7be6-404e-9c3c-68d5cb599764,피자오,피자,해방촌 골목형상점가,골목형상점가,서울특별시,,,
ae72ac9b4fb0c8154681,full_annotation_v1,A,q_피자_05,피자 먹을 데,음식점 중 '피자'를 판매·제공하는 매장,train,피자,T4 구어·문장,73da1adf-c699-4a0b-bb24-c44b991dcd34,숙녀복5호,의류,마산 부림시장,전통시장,경상남도,,,
1712212776405851760b,full_annotation_v1,A,q_피자_05,피자 먹을 데,음식점 중 '피자'를 판매·제공하는 매장,train,피자,T4 구어·문장,a6f79546-84b4-4d35-a505-518256cf051d,구해줘 식재료,농산물,영일시장,전통시장,서울특별시,,,
5135a810fa2fa4fa8d6a,full_annotation_v1,A,q_피자_05,피자 먹을 데,음식점 중 '피자'를 판매·제공하는 매장,train,피자,T4 구어·문장,176c91b5-a569-466a-ac2d-59f06efd2028,광주아이맘케어,산후도우미,운남골목 골목형상점가,골목형상점가,광주광역시,,,
10cd04c06f39dd891916,full_annotation_v1,A,q_피자_05,피자 먹을 데,음식점 중 '피자'를 판매·제공하는 매장,train,피자,T4 구어·문장,6d64f878-f93f-46ee-9720-5dc966222a69,몽S피자,피자,설악눈메골시장,전통시장,경기도,,,
a4dda27f0d599a82fd23,full_annotation_v1,A,q_피자_05,피자 먹을 데,음식점 중 '피자'를 판매·제공하는 매장,train,피자,T4 구어·문장,068adc84-fef9-4327-af24-3bb532b145d1,모닝피자,피자,시흥행궁길골목형상점가,골목형상점가,서울특별시,,,
4fb4734c7620eada8d50,full_annotation_v1,A,q_피자_05,피자 먹을 데,음식점 중 '피자'를 판매·제공하는 매장,train,피자,T4 구어·문장,a566378a-36fe-4348-8e58-3d26cb32e075,피자마루난곡점,피자,난우길골목형상점가,골목형상점가,서울특별시,,,
47a77f10699791b0db1f,full_annotation_v1,A,q_피자_05,피자 먹을 데,음식점 중 '피자'를 판매·제공하는 매장,train,피자,T4 구어·문장,b552bc00-72da-4f14-a529-4c10ca4f48f7,고촌검도관,검도,고촌 행정타운 골목형상점가,골목형상점가,경기도,,,
df67de1a7f1971a0fdee,full_annotation_v1,A,q_피자_05,피자 먹을 데,음식점 중 '피자'를 판매·제공하는 매장,train,피자,T4 구어·문장,82005d54-78ce-4729-9eb6-2b09fd7a5300,용쓰피자,피자,백사장항 골목형상점가,골목형상점가,충청남도,,,
e955de63300411a98843,full_annotation_v1,A,q_피자_05,피자 먹을 데,음식점 중 '피자'를 판매·제공하는 매장,train,피자,T4 구어·문장,a70b7257-bd40-4a52-adb4-45d2295f45a0,고촌노래연습장,노래방,고촌 행정타운 골목형상점가,골목형상점가,경기도,,,
76f80c4767e18b2b1cad,full_annotation_v1,A,q_피자_05,피자 먹을 데,음식점 중 '피자'를 판매·제공하는 매장,train,피자,T4 구어·문장,f7b515d5-a20b-4355-82d7-b6f3cbf8605c,피자스쿨,피자,아름다운삼정로 골목형상점가,골목형상점가,광주광역시,,,
1612380202eee2ec9d1b,full_annotation_v1,A,q_피자_05,피자 먹을 데,음식점 중 '피자'를 판매·제공하는 매장,train,피자,T4 구어·문장,011400a1-5326-46ef-9e42-af0d9fb8e774,피자스쿨 수원영통점,피자,롯데프라자 골목형상점가,골목형상점가,경기도,,,
23ab7c10859fbe8015cb,full_annotation_v1,A,q_피자_05,피자 먹을 데,음식점 중 '피자'를 판매·제공하는 매장,train,피자,T4 구어·문장,30b55019-b21a-4e71-bbff-a562872140fb,지정환임실치즈피자,피자,별양동상점가,자율상권구역,경기도,,,
7949271cc89665b85492,full_annotation_v1,A,q_피자_05,피자 먹을 데,음식점 중 '피자'를 판매·제공하는 매장,train,피자,T4 구어·문장,13cd2c30-8314-49f2-8405-859b4a2b6719,엠브이 피자 익산점,피자,익산 다e로움 상권활성화구역,상권활성화구역,전북특별자치도,,,
fa6c5b4f3533d03c140e,full_annotation_v1,A,q_피자_05,피자 먹을 데,음식점 중 '피자'를 판매·제공하는 매장,train,피자,T4 구어·문장,12f1f78e-5e42-48c4-841e-d25f18c1240c,영구스까사맘피자,피자,풍암동부상인회 골목형상점가,골목형상점가,광주광역시,,,
4117e8be3590be4f35a4,full_annotation_v1,A,q_피자_05,피자 먹을 데,음식점 중 '피자'를 판매·제공하는 매장,train,피자,T4 구어·문장,5605e0db-bcab-4881-8c8b-86726ffaf03d,도미노피자,피자,뒷개로청춘골목상점가,골목형상점가,전라남도,,,
8217ca3a26c438f763bd,full_annotation_v1,A,q_피자_05,피자 먹을 데,음식점 중 '피자'를 판매·제공하는 매장,train,피자,T4 구어·문장,2c0f03e7-8a31-43a2-96b0-eb59142155e2,피자마루,피자,천상천 골목형상점가,골목형상점가,울산광역시,,,
9c9174944445aac144c7,full_annotation_v1,A,q_피자_05,피자 먹을 데,음식점 중 '피자'를 판매·제공하는 매장,train,피자,T4 구어·문장,b1db6c58-1782-467c-87b6-eb175e30ddfa,화덕피자올라,피자,목2동시장,전통시장,서울특별시,,,
8de56922f5120d37a5b1,full_annotation_v1,A,q_피자_05,피자 먹을 데,음식점 중 '피자'를 판매·제공하는 매장,train,피자,T4 구어·문장,08569b8f-d305-4b6b-92f0-80902db090c8,피자스쿨,피자,동명동 카페거리 골목형상점가,골목형상점가,광주광역시,,,
0606eaf49eff49b14f70,full_annotation_v1,A,q_피자_05,피자 먹을 데,음식점 중 '피자'를 판매·제공하는 매장,train,피자,T4 구어·문장,98798b44-4dda-48e4-9082-c03f8cbf7b5b,7번가피자,피자,용봉지구 골목형상점가,골목형상점가,광주광역시,,,
9388685bef65e69b0fe5,full_annotation_v1,A,q_피자_05,피자 먹을 데,음식점 중 '피자'를 판매·제공하는 매장,train,피자,T4 구어·문장,dee000fe-923b-4fa8-8cec-023f633612c9,피자어셈블,피자,동백중심상가 골목형상점가,골목형상점가,경기도,,,
7fe459aa848c1f9ceef0,full_annotation_v1,A,q_피자_05,피자 먹을 데,음식점 중 '피자'를 판매·제공하는 매장,train,피자,T4 구어·문장,b07f1cbf-3655-4a07-8de2-dfa245d76faa,탐나는 피자,피자,무거현대시장,골목형상점가,울산광역시,,,
569f8960775bf5650bee,full_annotation_v1,A,q_피자_05,피자 먹을 데,음식점 중 '피자'를 판매·제공하는 매장,train,피자,T4 구어·문장,00f98bb9-7973-4aef-97f9-9a91ac74e6d0,반올림 피자 세종점,피자,다정중앙 골목형상점가,골목형상점가,세종특별자치시,,,
2767795e33e371414a82,full_annotation_v1,A,q_피자_05,피자 먹을 데,음식점 중 '피자'를 판매·제공하는 매장,train,피자,T4 구어·문장,5ca2b21b-f792-4aae-83d7-1b03d841cbf0,꼼빠니아,여성복,대명여울빛거리시장,전통시장,서울특별시,,,
689f5cc1491af8132f58,full_annotation_v1,A,q_피자_05,피자 먹을 데,음식점 중 '피자'를 판매·제공하는 매장,train,피자,T4 구어·문장,e97d56e2-8cd4-4297-a056-87b58809d763,59쌀피자경서점,피자,경서골목형상점가,골목형상점가,인천광역시,,,
c91b9fcf8e1db0b00b39,full_annotation_v1,A,q_피자_05,피자 먹을 데,음식점 중 '피자'를 판매·제공하는 매장,train,피자,T4 구어·문장,712328a5-2547-4368-9492-be23498af524,컴포즈커피목포평화광장점,휴게음식점,평화광장 먹자골목상점가,골목형상점가,전라남도,,,
645fe935c90ced08b4c3,full_annotation_v1,A,q_피자_05,피자 먹을 데,음식점 중 '피자'를 판매·제공하는 매장,train,피자,T4 구어·문장,45656f34-0b1c-438d-be5b-e7f7508b694e,온프린트 오송점,인쇄,오송1산단오스코로골목형상점가,골목형상점가,충청북도,,,
85403d7a0f229bd441fd,full_annotation_v1,A,q_피자_05,피자 먹을 데,음식점 중 '피자'를 판매·제공하는 매장,train,피자,T4 구어·문장,89540fc3-4a28-4143-a24a-c1e7bd3048a6,설화냉동,생선,마산어시장,전통시장,경상남도,,,
6f1c2844a28adb3e7f30,full_annotation_v1,A,q_피자_05,피자 먹을 데,음식점 중 '피자'를 판매·제공하는 매장,train,피자,T4 구어·문장,60a17f1b-8367-4c87-97cb-dc6e29e160a0,피자마루,피자,용정 골목형상점가,골목형상점가,대전광역시,,,
f51778b7b00461410522,full_annotation_v1,A,q_피자_05,피자 먹을 데,음식점 중 '피자'를 판매·제공하는 매장,train,피자,T4 구어·문장,3ce9ab54-4adf-4bf1-aaf7-f444bdce3a39,피자엉클,피자,송정벚꽃골목형상점가,골목형상점가,서울특별시,,,
f275948211c02d42edab,full_annotation_v1,A,q_피자_05,피자 먹을 데,음식점 중 '피자'를 판매·제공하는 매장,train,피자,T4 구어·문장,fcfcf26b-559c-4a1c-8223-885d34586ec0,바오짐,체육시설업 복싱,문정동로데오상점가,자율상권구역,서울특별시,,,
1dd910f5761b22f97f79,full_annotation_v1,A,q_피자_05,피자 먹을 데,음식점 중 '피자'를 판매·제공하는 매장,train,피자,T4 구어·문장,d3aa7b6a-268a-4544-a551-42c9442b08c3,피자스쿨,피자,첨단이웃사랑 골목형상점가,골목형상점가,광주광역시,,,
4fdf7bdcbddc19d6ed02,full_annotation_v1,A,q_피자_05,피자 먹을 데,음식점 중 '피자'를 판매·제공하는 매장,train,피자,T4 구어·문장,c5a399a4-9a8c-456d-b029-0c423415279b,가성 빛 피자,피자,남현동예술인마을골목형상점가,골목형상점가,서울특별시,,,
8e02d8820c831ff58abb,full_annotation_v1,A,q_피자_05,피자 먹을 데,음식점 중 '피자'를 판매·제공하는 매장,train,피자,T4 구어·문장,24e1d92f-9ba6-436a-89d9-ad3382608e5c,피자굼터,피자,군포당동로시장상점가,골목형상점가,경기도,,,
172f155b43e0a472fdbc,full_annotation_v1,A,q_피자_05,피자 먹을 데,음식점 중 '피자'를 판매·제공하는 매장,train,피자,T4 구어·문장,1606b925-771c-43a1-9127-952b846f3bac,꼼꼼화당,크림치즈,충효어린이공원 골목형상점가,골목형상점가,광주광역시,,,
e6f73e191aef62f0b231,full_annotation_v1,A,q_피자_05,피자 먹을 데,음식점 중 '피자'를 판매·제공하는 매장,train,피자,T4 구어·문장,013420d6-557d-45f7-9c34-e9fb1e490077,올리브 피자,피자,매곡 골목형상점가,골목형상점가,대구광역시,,,
992e734a5980004e2c5d,full_annotation_v1,A,q_피자_05,피자 먹을 데,음식점 중 '피자'를 판매·제공하는 매장,train,피자,T4 구어·문장,00446094-b7f5-42de-acfa-7e4cba20d7ad,투게더피치우산점,피자 치킨,으뜸골목형상점가,골목형상점가,강원특별자치도,,,
5f7c577594c992911936,full_annotation_v1,A,q_피자_05,피자 먹을 데,음식점 중 '피자'를 판매·제공하는 매장,train,피자,T4 구어·문장,6fffe22e-5ab7-4dec-a8bc-44231f73b1f4,피자원,피자,가재울 골목형상점가,골목형상점가,인천광역시,,,
2d879dfa8b84026c4c7e,full_annotation_v1,A,q_피자_05,피자 먹을 데,음식점 중 '피자'를 판매·제공하는 매장,train,피자,T4 구어·문장,d0748c55-21ac-441e-9ed5-bbc001435913,비버 피자,피자,의왕예술의거리골목형상점가,골목형상점가,경기도,,,
835be8a4dbf454c61739,full_annotation_v1,A,q_피자_05,피자 먹을 데,음식점 중 '피자'를 판매·제공하는 매장,train,피자,T4 구어·문장,8d28ba03-5c0c-4149-a727-6d8dae37fee8,피자마루,피자,계림아이파크SK뷰 골목형상점가,골목형상점가,광주광역시,,,
caa8dfcb86b1ee60d823,full_annotation_v1,A,q_피자_05,피자 먹을 데,음식점 중 '피자'를 판매·제공하는 매장,train,피자,T4 구어·문장,00d91b69-56c3-403f-9863-3a51d71c8f84,킹크랩치즈그라탕,킹크랩치즈그라탕,서귀포매일올레시장,전통시장,제주특별자치도,,,
64fa9226c073585bfd1d,full_annotation_v1,A,q_피자_05,피자 먹을 데,음식점 중 '피자'를 판매·제공하는 매장,train,피자,T4 구어·문장,cb44d668-929b-4389-bc87-0641ea03e688,슬로우캘리 오송점,샐러드,오송1산단오스코로골목형상점가,골목형상점가,충청북도,,,
0b3e661f277a7c88d049,full_annotation_v1,A,q_피자_05,피자 먹을 데,음식점 중 '피자'를 판매·제공하는 매장,train,피자,T4 구어·문장,0e76f5e6-49ad-4291-9d95-a4eff7a8ccb5,오르새피자,피자,문정동로데오상점가,자율상권구역,서울특별시,,,
8f7dddb3cc345183bd35,full_annotation_v1,A,q_피자_05,피자 먹을 데,음식점 중 '피자'를 판매·제공하는 매장,train,피자,T4 구어·문장,0192b290-81c9-4c12-a7ac-6e280f467e17,피자스쿨동탄호수공원점,피자,동탄 호수공원 상점가,골목형상점가,경기도,,,
9473d9a5aed2c37b2bea,full_annotation_v1,A,q_피자_05,피자 먹을 데,음식점 중 '피자'를 판매·제공하는 매장,train,피자,T4 구어·문장,1cc8f93c-0797-4af9-9de0-0573ba23dddf,피자마루서부점,피자,명덕마을 골목형상점가,골목형상점가,울산광역시,,,
fb9efc1a9502532eb2b1,full_annotation_v1,A,q_피자_05,피자 먹을 데,음식점 중 '피자'를 판매·제공하는 매장,train,피자,T4 구어·문장,2623a1f8-4fb3-44e1-bdcd-96c0ee537251,임실치즈피자 미스터파파,,승달 골목형상점가,골목형상점가,,,,
74014725d5e6c305a622,full_annotation_v1,A,q_피자_06,피자 파는 곳,음식점 중 '피자'를 판매·제공하는 매장,train,피자,T4 구어·문장,ebd1c3d8-3dfd-4e09-b87e-220fa7640612,이가네,한식,맹동혁신골목형상점가,골목형상점가,충청북도,,,
a5cc8fee71bc71086194,full_annotation_v1,A,q_피자_06,피자 파는 곳,음식점 중 '피자'를 판매·제공하는 매장,train,피자,T4 구어·문장,421a23fe-c648-48a6-a996-f0d60dae66d3,마터케어,가정방문 산후도우미 서비스,김해 대우유토피아상가,골목형상점가,경상남도,,,
d162ac60e3bcfc029936,full_annotation_v1,A,q_피자_06,피자 파는 곳,음식점 중 '피자'를 판매·제공하는 매장,train,피자,T4 구어·문장,4fbabc49-4ebc-4e5c-a8de-37304dae95de,피자마루,피자,무거현대시장,골목형상점가,울산광역시,,,
fa669d81393a9bd4ebb6,full_annotation_v1,A,q_피자_06,피자 파는 곳,음식점 중 '피자'를 판매·제공하는 매장,train,피자,T4 구어·문장,8d28ba03-5c0c-4149-a727-6d8dae37fee8,피자마루,피자,계림아이파크SK뷰 골목형상점가,골목형상점가,광주광역시,,,
ccd42023f5f89ba3853d,full_annotation_v1,A,q_피자_06,피자 파는 곳,음식점 중 '피자'를 판매·제공하는 매장,train,피자,T4 구어·문장,5605e0db-bcab-4881-8c8b-86726ffaf03d,도미노피자,피자,뒷개로청춘골목상점가,골목형상점가,전라남도,,,
a5bd510fb55d9471bc8b,full_annotation_v1,A,q_피자_06,피자 파는 곳,음식점 중 '피자'를 판매·제공하는 매장,train,피자,T4 구어·문장,d368ca54-37ea-4624-b5b4-d393a9c0c60a,탑피자,피자,화순중앙로골목형상점가,골목형상점가,전라남도,,,
dd9d5087218c092d4353,full_annotation_v1,A,q_피자_06,피자 파는 곳,음식점 중 '피자'를 판매·제공하는 매장,train,피자,T4 구어·문장,6cfd0d20-6f47-484e-9e5b-0eddbb25c445,미사랑임실치즈피자,피자,고한구공탄시장(고한시장),전통시장,강원특별자치도,,,
ab6a374b4a3d1403279c,full_annotation_v1,A,q_피자_06,피자 파는 곳,음식점 중 '피자'를 판매·제공하는 매장,train,피자,T4 구어·문장,9fa92010-4783-4070-9c85-c1a9624b4628,난타5000 피자,피자,양산동 골목형상점가,골목형상점가,광주광역시,,,
9f58ea508aa197ad2078,full_annotation_v1,A,q_피자_06,피자 파는 곳,음식점 중 '피자'를 판매·제공하는 매장,train,피자,T4 구어·문장,b0624dfd-7be6-404e-9c3c-68d5cb599764,피자오,피자,해방촌 골목형상점가,골목형상점가,서울특별시,,,
fa21db74e5eab278f6d8,full_annotation_v1,A,q_피자_06,피자 파는 곳,음식점 중 '피자'를 판매·제공하는 매장,train,피자,T4 구어·문장,c82d422b-5992-4d73-a292-607a1fac0842,피자마루,피자,진잠 골목형상점가,골목형상점가,대전광역시,,,
b4a7fc9d5fc335a1c568,full_annotation_v1,A,q_피자_06,피자 파는 곳,음식점 중 '피자'를 판매·제공하는 매장,train,피자,T4 구어·문장,1606b925-771c-43a1-9127-952b846f3bac,꼼꼼화당,크림치즈,충효어린이공원 골목형상점가,골목형상점가,광주광역시,,,
465caf33c7920f9199ad,full_annotation_v1,A,q_피자_06,피자 파는 곳,음식점 중 '피자'를 판매·제공하는 매장,train,피자,T4 구어·문장,2c0f03e7-8a31-43a2-96b0-eb59142155e2,피자마루,피자,천상천 골목형상점가,골목형상점가,울산광역시,,,
54c34dd3f2f09b5379c1,full_annotation_v1,A,q_피자_06,피자 파는 곳,음식점 중 '피자'를 판매·제공하는 매장,train,피자,T4 구어·문장,011400a1-5326-46ef-9e42-af0d9fb8e774,피자스쿨 수원영통점,피자,롯데프라자 골목형상점가,골목형상점가,경기도,,,
6ce804a3f87159f0109b,full_annotation_v1,A,q_피자_06,피자 파는 곳,음식점 중 '피자'를 판매·제공하는 매장,train,피자,T4 구어·문장,2cffd3ca-481a-4ef7-8239-e65c0d774f8e,피자코코,피자,장미꽃빛거리 골목형상점가,골목형상점가,서울특별시,,,
12c057624a04a1af407c,full_annotation_v1,A,q_피자_06,피자 파는 곳,음식점 중 '피자'를 판매·제공하는 매장,train,피자,T4 구어·문장,da20778e-1f92-41b8-af45-ca29305b0556,수피자,피자,노대물빛근린공원 골목형상점가,골목형상점가,광주광역시,,,
4a163e0eba61d043dfe0,full_annotation_v1,A,q_피자_06,피자 파는 곳,음식점 중 '피자'를 판매·제공하는 매장,train,피자,T4 구어·문장,b07f1cbf-3655-4a07-8de2-dfa245d76faa,탐나는 피자,피자,무거현대시장,골목형상점가,울산광역시,,,
434c0d53180385cd61f2,full_annotation_v1,A,q_피자_06,피자 파는 곳,음식점 중 '피자'를 판매·제공하는 매장,train,피자,T4 구어·문장,fe586ef0-79d4-470f-b0b1-57a87471e8ed,시장피자,피자,음성시장,전통시장,충청북도,,,
8a648fcda405c071adca,full_annotation_v1,A,q_피자_06,피자 파는 곳,음식점 중 '피자'를 판매·제공하는 매장,train,피자,T4 구어·문장,6d64f878-f93f-46ee-9720-5dc966222a69,몽S피자,피자,설악눈메골시장,전통시장,경기도,,,
b091d594a2ddcbb00225,full_annotation_v1,A,q_피자_06,피자 파는 곳,음식점 중 '피자'를 판매·제공하는 매장,train,피자,T4 구어·문장,80e3a7e4-1d07-42a3-bc74-ab7f2bc71a8c,미뜨레피자,피자,화서시장,전통시장,경기도,,,
7476e2c0e99118befee1,full_annotation_v1,A,q_피자_06,피자 파는 곳,음식점 중 '피자'를 판매·제공하는 매장,train,피자,T4 구어·문장,00446094-b7f5-42de-acfa-7e4cba20d7ad,투게더피치우산점,피자 치킨,으뜸골목형상점가,골목형상점가,강원특별자치도,,,
0451bff6061c578ceea5,full_annotation_v1,A,q_피자_06,피자 파는 곳,음식점 중 '피자'를 판매·제공하는 매장,train,피자,T4 구어·문장,1608ccbd-1106-4a49-aa3c-fe0fe8d0c0a1,피자마루,피자,정훈한마음골목시장,골목형상점가,서울특별시,,,
09071297def3ef778c08,full_annotation_v1,A,q_피자_06,피자 파는 곳,음식점 중 '피자'를 판매·제공하는 매장,train,피자,T4 구어·문장,2623a1f8-4fb3-44e1-bdcd-96c0ee537251,임실치즈피자 미스터파파,,승달 골목형상점가,골목형상점가,,,,
f7bd8ba9208c5f53ac89,full_annotation_v1,A,q_피자_06,피자 파는 곳,음식점 중 '피자'를 판매·제공하는 매장,train,피자,T4 구어·문장,806a4f97-f01f-4744-af66-634815a5f71c,빡보이 피자 광주화정점,피자,화정금화로상인회 골목형상점가,골목형상점가,광주광역시,,,
b5fe40dafa17eba818a4,full_annotation_v1,A,q_피자_06,피자 파는 곳,음식점 중 '피자'를 판매·제공하는 매장,train,피자,T4 구어·문장,f4a05fcf-bbba-4565-a7b3-db9fdf16a87d,자주고름,한복,백운브릿지 골목형상점가,골목형상점가,광주광역시,,,
28599923bb0a1fd691af,full_annotation_v1,A,q_피자_06,피자 파는 곳,음식점 중 '피자'를 판매·제공하는 매장,train,피자,T4 구어·문장,ee1d9f19-0756-4e61-9c90-7dab30471f24,피자 알볼로,피자,개롱골장군거리 골목형상점가,골목형상점가,서울특별시,,,
b5f8ea6b19d93b8dbf2b,full_annotation_v1,A,q_피자_06,피자 파는 곳,음식점 중 '피자'를 판매·제공하는 매장,train,피자,T4 구어·문장,08569b8f-d305-4b6b-92f0-80902db090c8,피자스쿨,피자,동명동 카페거리 골목형상점가,골목형상점가,광주광역시,,,
4d929b105c95366146bc,full_annotation_v1,A,q_피자_06,피자 파는 곳,음식점 중 '피자'를 판매·제공하는 매장,train,피자,T4 구어·문장,e47bcdf0-411e-4195-a4ed-87faf4b696ed,통발,해산물 조개류,구미 진평음식문화특화거리 골목형상점가,골목형상점가,경상북도,,,
0937eb8b7dc6c78f30c4,full_annotation_v1,A,q_피자_06,피자 파는 곳,음식점 중 '피자'를 판매·제공하는 매장,train,피자,T4 구어·문장,b8b77dca-47d0-45ee-aa62-065d7f126748,리얼 Swag GYM,실내체육시설,동광주 골목형상점가,골목형상점가,광주광역시,,,
da94b6589aa1ee557f25,full_annotation_v1,A,q_피자_06,피자 파는 곳,음식점 중 '피자'를 판매·제공하는 매장,train,피자,T4 구어·문장,75ed1360-4570-4fef-a6dc-e8cfb95a9db3,강태문피자,피자,장기동 먹거리상가 골목형상점가,골목형상점가,대구광역시,,,
fef0642f725fe498c269,full_annotation_v1,A,q_피자_06,피자 파는 곳,음식점 중 '피자'를 판매·제공하는 매장,train,피자,T4 구어·문장,8d52c07c-117d-450e-96a5-6127031b2c9b,피자행투,피자,장성읍 골목형상점가,골목형상점가,전라남도,,,
51e47bbc91084e170d67,full_annotation_v1,A,q_피자_06,피자 파는 곳,음식점 중 '피자'를 판매·제공하는 매장,train,피자,T4 구어·문장,2bbb35e5-c07b-4878-a27c-0ad2922d2e9b,7번가 피자 금호점,피자,중앙상인회 골목형상점가,골목형상점가,광주광역시,,,
28cbca488b197590c637,full_annotation_v1,A,q_피자_06,피자 파는 곳,음식점 중 '피자'를 판매·제공하는 매장,train,피자,T4 구어·문장,068adc84-fef9-4327-af24-3bb532b145d1,모닝피자,피자,시흥행궁길골목형상점가,골목형상점가,서울특별시,,,
8b3e405e9e04917771a7,full_annotation_v1,A,q_피자_06,피자 파는 곳,음식점 중 '피자'를 판매·제공하는 매장,train,피자,T4 구어·문장,d0748c55-21ac-441e-9ed5-bbc001435913,비버 피자,피자,의왕예술의거리골목형상점가,골목형상점가,경기도,,,
cb93a05094fa5e48de1e,full_annotation_v1,A,q_피자_06,피자 파는 곳,음식점 중 '피자'를 판매·제공하는 매장,train,피자,T4 구어·문장,bcce7f03-4b4e-4d1f-add5-5be3b24b9fa9,수진쌀상회,쌀 곡물,김해 진영전통시장,전통시장,경상남도,,,
7c6ce67a1a2c89ab814b,full_annotation_v1,A,q_피자_06,피자 파는 곳,음식점 중 '피자'를 판매·제공하는 매장,train,피자,T4 구어·문장,63266e6d-a299-4e49-814f-b5b1399ca86e,피자스쿨,피자,동천동먹자골목2번가상인회 골목형상점가,골목형상점가,광주광역시,,,
8a361dfc91880b734c5b,full_annotation_v1,A,q_피자_06,피자 파는 곳,음식점 중 '피자'를 판매·제공하는 매장,train,피자,T4 구어·문장,dee000fe-923b-4fa8-8cec-023f633612c9,피자어셈블,피자,동백중심상가 골목형상점가,골목형상점가,경기도,,,
6d3934ab4e2f610c9fe2,full_annotation_v1,A,q_피자_06,피자 파는 곳,음식점 중 '피자'를 판매·제공하는 매장,train,피자,T4 구어·문장,f75c86b0-4255-4206-8690-d36f24c3ba58,원피자,피자,인하문화의거리 골목형상점가,골목형상점가,인천광역시,,,
3776e80ee5d7dafe74bf,full_annotation_v1,A,q_피자_06,피자 파는 곳,음식점 중 '피자'를 판매·제공하는 매장,train,피자,T4 구어·문장,4dc8b6d5-1ca9-4753-b42c-f04da92490a7,피자스쿨,피자,금곡 홍유릉상점가,자율상권구역,경기도,,,
9928b49a0eb483914361,full_annotation_v1,A,q_피자_06,피자 파는 곳,음식점 중 '피자'를 판매·제공하는 매장,train,피자,T4 구어·문장,271cf406-a2f3-4b72-aef0-13f172634390,피자스쿨,피자,상무역4번출구상인회 골목형상점가,골목형상점가,광주광역시,,,
d5ea126e329cf4d0519f,full_annotation_v1,A,q_피자_06,피자 파는 곳,음식점 중 '피자'를 판매·제공하는 매장,train,피자,T4 구어·문장,35586e2f-08bf-493f-8667-246042bdd8fd,피자스쿨,피자,호계중앙 골목형상점가,골목형상점가,울산광역시,,,
5323c46bea742dbc1678,full_annotation_v1,A,q_피자_06,피자 파는 곳,음식점 중 '피자'를 판매·제공하는 매장,train,피자,T4 구어·문장,60a17f1b-8367-4c87-97cb-dc6e29e160a0,피자마루,피자,용정 골목형상점가,골목형상점가,대전광역시,,,
bfd29c5fce4d4a196ae4,full_annotation_v1,A,q_피자_06,피자 파는 곳,음식점 중 '피자'를 판매·제공하는 매장,train,피자,T4 구어·문장,3c6fdfe4-a9c3-4300-88ee-5f48b35d9334,피자는치즈빨,피자,두암2동면앙로 골목형상점가,골목형상점가,광주광역시,,,
beb5d756661bc669e6f4,full_annotation_v1,A,q_피자_06,피자 파는 곳,음식점 중 '피자'를 판매·제공하는 매장,train,피자,T4 구어·문장,2cf20b07-7876-4144-b058-d9d8f693e132,피자스쿨산본시장점,피자,산본전통시장(구 군포산본시장),전통시장,경기도,,,
0dd4bcce05c662c143ca,full_annotation_v1,A,q_피자_06,피자 파는 곳,음식점 중 '피자'를 판매·제공하는 매장,train,피자,T4 구어·문장,c8eee3f7-84b0-41ee-90d9-f28e091fa270,연희중식,중식,합정동먹자골목골목형상점가,골목형상점가,서울특별시,,,
1bbf7b579e14d1667131,full_annotation_v1,A,q_피자_06,피자 파는 곳,음식점 중 '피자'를 판매·제공하는 매장,train,피자,T4 구어·문장,24456103-f6b8-46af-8655-82e61d7265d8,커피가 머무르는 곳,커피,반드레길골목형상점가,골목형상점가,서울특별시,,,
616ab7c923b222d53304,full_annotation_v1,A,q_피자_06,피자 파는 곳,음식점 중 '피자'를 판매·제공하는 매장,train,피자,T4 구어·문장,01c9c81d-5da8-4e2a-a424-e29cb472084d,밍기적,음료,회기랑길골목형상점가,골목형상점가,서울특별시,,,
6acb2d0a24f1a1a439fb,full_annotation_v1,A,q_피자_06,피자 파는 곳,음식점 중 '피자'를 판매·제공하는 매장,train,피자,T4 구어·문장,72b5d2ff-946e-4120-80e5-82763edfd6f0,피자스쿨,피자,봉천중앙시장,전통시장,서울특별시,,,
35f3bd23900653d72764,full_annotation_v1,A,q_피자_06,피자 파는 곳,음식점 중 '피자'를 판매·제공하는 매장,train,피자,T4 구어·문장,38b9ea42-90e7-4f3e-b81f-81df9e9f7143,파파존스 피자 목포점,피자,포르모큐브 골목형상점가,골목형상점가,전라남도,,,
c5995bfbeea51ca51ef0,full_annotation_v1,A,q_피자_06,피자 파는 곳,음식점 중 '피자'를 판매·제공하는 매장,train,피자,T4 구어·문장,87732cce-01af-4f19-bf7b-bc22434cd904,피자얌,피자,상계중앙시장,전통시장,서울특별시,,,
edba542f5d12d15645d3,full_annotation_v1,A,q_피자_06,피자 파는 곳,음식점 중 '피자'를 판매·제공하는 매장,train,피자,T4 구어·문장,1d89f31a-a76b-4414-9539-863d6852482f,피잇짜,피자,성수역골목형상점가,골목형상점가,서울특별시,,,
07c4e9f8ca208753492b,full_annotation_v1,A,q_피자_06,피자 파는 곳,음식점 중 '피자'를 판매·제공하는 매장,train,피자,T4 구어·문장,0c84dc13-27bf-430a-9f88-1434a2840905,노모어피자,피자,약수시장골목형상점가,골목형상점가,서울특별시,,,
a1f0c1b20e9c99e17a14,full_annotation_v1,A,q_피자_06,피자 파는 곳,음식점 중 '피자'를 판매·제공하는 매장,train,피자,T4 구어·문장,3e679244-f44d-4014-94be-44b39b92d927,피자스쿨,피자,공주대학로 골목형 상점가,골목형상점가,충청남도,,,
0622fb330630a7d32281,full_annotation_v1,A,q_피자_06,피자 파는 곳,음식점 중 '피자'를 판매·제공하는 매장,train,피자,T4 구어·문장,51e76f85-bdc6-4cd5-a59d-53ac2bbbd304,피엠푸드,피자,부천강남시장,전통시장,경기도,,,
78b92a1972c75012bf29,full_annotation_v1,A,q_피자_06,피자 파는 곳,음식점 중 '피자'를 판매·제공하는 매장,train,피자,T4 구어·문장,1e305b3d-87f9-4b8e-9c4c-52550a958ed7,피자랑,피자,사근살곶이골목형상점가,골목형상점가,서울특별시,,,
95e92050e3ff45661a47,full_annotation_v1,A,q_피자_06,피자 파는 곳,음식점 중 '피자'를 판매·제공하는 매장,train,피자,T4 구어·문장,c5a399a4-9a8c-456d-b029-0c423415279b,가성 빛 피자,피자,남현동예술인마을골목형상점가,골목형상점가,서울특별시,,,
b7992f8011970cea7e43,full_annotation_v1,A,q_피자_06,피자 파는 곳,음식점 중 '피자'를 판매·제공하는 매장,train,피자,T4 구어·문장,6fffe22e-5ab7-4dec-a8bc-44231f73b1f4,피자원,피자,가재울 골목형상점가,골목형상점가,인천광역시,,,
50d55d92c289eb6252b7,full_annotation_v1,A,q_피자_06,피자 파는 곳,음식점 중 '피자'를 판매·제공하는 매장,train,피자,T4 구어·문장,2743811c-5e71-4d2b-aa75-1b0147d44f2d,사우 꽃이 피는 곳,꽃,김포 풍년마을 골목형상점가,골목형상점가,경기도,,,
473eec080eb527fa154b,full_annotation_v1,A,q_피자_06,피자 파는 곳,음식점 중 '피자'를 판매·제공하는 매장,train,피자,T4 구어·문장,c77c7c23-34bd-439f-9daf-4c86bd46a4d0,피자클럽,피자,진다리로 백운1동 골목형상점가,골목형상점가,광주광역시,,,
538fe5950854841118ef,full_annotation_v1,A,q_피자_06,피자 파는 곳,음식점 중 '피자'를 판매·제공하는 매장,train,피자,T4 구어·문장,0d2e5181-d9ae-40d2-9b17-f7f0249d9fe0,피자마루,피자,반석동 골목형상점가,골목형상점가,대전광역시,,,
7aaabfd10b3ca7b88898,full_annotation_v1,A,q_피자_06,피자 파는 곳,음식점 중 '피자'를 판매·제공하는 매장,train,피자,T4 구어·문장,1cf25a88-fd6d-4d4d-b821-cc8c3bdcd632,피자스쿨의정부금오,피자,금오골목형상점가,골목형상점가,경기도,,,
b09f3fe5569acc732f55,full_annotation_v1,A,q_피자_06,피자 파는 곳,음식점 중 '피자'를 판매·제공하는 매장,train,피자,T4 구어·문장,fae2d562-3505-41e5-94df-965d7ebe9b7b,드슈피자,피자,쌍용1번가 골목형상점가,골목형상점가,충청남도,,,
ab90440993756552522d,full_annotation_v1,A,q_피자_06,피자 파는 곳,음식점 중 '피자'를 판매·제공하는 매장,train,피자,T4 구어·문장,e5175862-05e1-417a-8787-6c5686078db5,59쌀피자,피자,쌍문시장(쌍문역골목시장),전통시장,서울특별시,,,
ba1de2ef3f17ce3a910f,full_annotation_v1,A,q_피자_06,피자 파는 곳,음식점 중 '피자'를 판매·제공하는 매장,train,피자,T4 구어·문장,93381f15-1c83-4f0e-8f8f-438dbb1aa17a,고피자광주첨단점,피자,신용동 골목형상점가,골목형상점가,광주광역시,,,
2e6c8f1c59a89fe06e45,full_annotation_v1,A,q_피자_06,피자 파는 곳,음식점 중 '피자'를 판매·제공하는 매장,train,피자,T4 구어·문장,e5c70d25-c43f-4fe1-a0f3-da8fcb5f2682,피자스쿨,피자,풍암중앙상인회 골목형상점가,골목형상점가,광주광역시,,,
144520a642c40bbd923d,full_annotation_v1,A,q_피자_06,피자 파는 곳,음식점 중 '피자'를 판매·제공하는 매장,train,피자,T4 구어·문장,24e1d92f-9ba6-436a-89d9-ad3382608e5c,피자굼터,피자,군포당동로시장상점가,골목형상점가,경기도,,,
efeaa5c089f7ec750c1a,full_annotation_v1,A,q_피자_06,피자 파는 곳,음식점 중 '피자'를 판매·제공하는 매장,train,피자,T4 구어·문장,9393cecb-f792-4135-aec6-5d7883086f3f,59쌀피자미장점,피자,미장상가 골목형상점가,골목형상점가,전북특별자치도,,,
c9d8973f7b1130fea345,full_annotation_v1,A,q_피자_06,피자 파는 곳,음식점 중 '피자'를 판매·제공하는 매장,train,피자,T4 구어·문장,670321d0-6986-48d9-badf-da51a1db1f31,피자 사전,피자,녹두S밸리골목형상점가,골목형상점가,서울특별시,,,
8ca966da090fcdfe9bff,full_annotation_v1,A,q_피자_06,피자 파는 곳,음식점 중 '피자'를 판매·제공하는 매장,train,피자,T4 구어·문장,f7b515d5-a20b-4355-82d7-b6f3cbf8605c,피자스쿨,피자,아름다운삼정로 골목형상점가,골목형상점가,광주광역시,,,
2380d81a8a70e85dcb50,full_annotation_v1,A,q_피자_06,피자 파는 곳,음식점 중 '피자'를 판매·제공하는 매장,train,피자,T4 구어·문장,775f5540-934f-40a1-a0b5-9f7e4ee71dc7,피자스쿨덕성여대점,피자,백운시장,전통시장,서울특별시,,,
64fcd4f726192b9a1404,full_annotation_v1,A,q_피자_06,피자 파는 곳,음식점 중 '피자'를 판매·제공하는 매장,train,피자,T4 구어·문장,4fb283f9-caf9-4402-98d2-dde1c1ec9b77,명진통닭,음식,김해 장유전통시장,전통시장,경상남도,,,
3c007e2812118aa0cb5a,full_annotation_v1,A,q_피자_06,피자 파는 곳,음식점 중 '피자'를 판매·제공하는 매장,train,피자,T4 구어·문장,4209d884-013a-4299-a7b7-242cbbf8ed42,빽보이 피자 광주금호점,피자,중앙상인회 골목형상점가,골목형상점가,광주광역시,,,
93988cde90e6ea3c5d22,full_annotation_v1,A,q_피자_06,피자 파는 곳,음식점 중 '피자'를 판매·제공하는 매장,train,피자,T4 구어·문장,126f29b7-6123-4b71-95f6-63237c01c85c,크린위드,세탁물,백운브릿지 골목형상점가,골목형상점가,광주광역시,,,
ae6aec18773c9fd60108,full_annotation_v1,A,q_피자_06,피자 파는 곳,음식점 중 '피자'를 판매·제공하는 매장,train,피자,T4 구어·문장,176c91b5-a569-466a-ac2d-59f06efd2028,광주아이맘케어,산후도우미,운남골목 골목형상점가,골목형상점가,광주광역시,,,
e6734365ec43c994b583,full_annotation_v1,A,q_피자_06,피자 파는 곳,음식점 중 '피자'를 판매·제공하는 매장,train,피자,T4 구어·문장,edfb5308-d4da-4f02-b477-0712955f625d,피자헐,피자,병점중심상가,자율상권구역,경기도,,,
bebba3e04e86da95d6e1,full_annotation_v1,A,q_피자_06,피자 파는 곳,음식점 중 '피자'를 판매·제공하는 매장,train,피자,T4 구어·문장,d3aa7b6a-268a-4544-a551-42c9442b08c3,피자스쿨,피자,첨단이웃사랑 골목형상점가,골목형상점가,광주광역시,,,
9a9aaf746f0554c26699,full_annotation_v1,A,q_피자_06,피자 파는 곳,음식점 중 '피자'를 판매·제공하는 매장,train,피자,T4 구어·문장,1b568074-c399-4017-b605-85cdecb26686,피자마루,피자,봉선중길 골목형상점가,골목형상점가,광주광역시,,,
2c376d99035dedad2ce9,full_annotation_v1,A,q_피자_06,피자 파는 곳,음식점 중 '피자'를 판매·제공하는 매장,train,피자,T4 구어·문장,5763f503-15b5-45a7-b41d-305b79d9a0fa,소문난 도우분식,,모라전통시장,전통시장,부산광역시,,,
473e92fcd62460d222de,full_annotation_v1,A,q_피자_06,피자 파는 곳,음식점 중 '피자'를 판매·제공하는 매장,train,피자,T4 구어·문장,4536b718-e667-4304-81c8-680c57ee3dd4,피자마루풍남점,피자,풍납시장,전통시장,서울특별시,,,
cad9c02e083d34aa9418,full_annotation_v1,A,q_피자_06,피자 파는 곳,음식점 중 '피자'를 판매·제공하는 매장,train,피자,T4 구어·문장,013420d6-557d-45f7-9c34-e9fb1e490077,올리브 피자,피자,매곡 골목형상점가,골목형상점가,대구광역시,,,
4dc35776e4612116f0b5,full_annotation_v1,A,q_피자_06,피자 파는 곳,음식점 중 '피자'를 판매·제공하는 매장,train,피자,T4 구어·문장,00d91b69-56c3-403f-9863-3a51d71c8f84,킹크랩치즈그라탕,킹크랩치즈그라탕,서귀포매일올레시장,전통시장,제주특별자치도,,,
9e5a3df4188aa7b43856,full_annotation_v1,A,q_피자_06,피자 파는 곳,음식점 중 '피자'를 판매·제공하는 매장,train,피자,T4 구어·문장,05f6f4bb-258b-4b9a-8bfc-0bfe4cca09af,대천항회타운,음식,대천항수산시장,전통시장,충청남도,,,
52aab1586c2c05ffcd5c,full_annotation_v1,A,q_피자_06,피자 파는 곳,음식점 중 '피자'를 판매·제공하는 매장,train,피자,T4 구어·문장,94e0c22c-d7f9-4988-a18e-322ccdb8db75,샤불라피자,피자,울진후포시장,전통시장,경상북도,,,
783fd14475df0074391f,full_annotation_v1,A,q_피자_06,피자 파는 곳,음식점 중 '피자'를 판매·제공하는 매장,train,피자,T4 구어·문장,54e81477-8969-4bd2-95d9-9ce5bbd0d6f6,미쎄스피자,피자,봉일천전통시장,전통시장,경기도,,,
70cbfb13890fb4cc4278,full_annotation_v1,A,q_피자_06,피자 파는 곳,음식점 중 '피자'를 판매·제공하는 매장,train,피자,T4 구어·문장,0e76f5e6-49ad-4291-9d95-a4eff7a8ccb5,오르새피자,피자,문정동로데오상점가,자율상권구역,서울특별시,,,
da78dc1b9815f2997930,full_annotation_v1,A,q_피자_06,피자 파는 곳,음식점 중 '피자'를 판매·제공하는 매장,train,피자,T4 구어·문장,00d5ec26-bcc1-4e53-818c-e6c26dc522f6,7번가피자,피자,오치 스쿨존 골목형상점가,골목형상점가,광주광역시,,,
d275c400a5cc969aaaff,full_annotation_v1,A,q_피자_06,피자 파는 곳,음식점 중 '피자'를 판매·제공하는 매장,train,피자,T4 구어·문장,11802797-6d56-47f9-b554-6150aa2495e6,김종근의 달구마실,"닭갈비, 치즈닭갋",아주대 대학로 골목형상점가,골목형상점가,경기도,,,
74837798dbee3898f5ba,full_annotation_v1,A,q_피자_06,피자 파는 곳,음식점 중 '피자'를 판매·제공하는 매장,train,피자,T4 구어·문장,a7bd0400-e10a-43e9-9b38-07131b628d57,피자마루,피자,휴먼시아 3단지 골목형상점가,골목형상점가,울산광역시,,,
df4ab3907974dc210899,full_annotation_v1,A,q_피자_06,피자 파는 곳,음식점 중 '피자'를 판매·제공하는 매장,train,피자,T4 구어·문장,239c1740-a51a-41fd-8999-e77e6dde1625,차올라피자,피자,둔산2동 골목형상점가,골목형상점가,대전광역시,,,
1b4cf43386450efd1bce,full_annotation_v1,A,q_피자_06,피자 파는 곳,음식점 중 '피자'를 판매·제공하는 매장,train,피자,T4 구어·문장,fafd85b5-2b2a-4a81-b786-a4be05ef81f8,유빈디자인,옥외광고물,맹동혁신골목형상점가,골목형상점가,충청북도,,,
ebc759c9181153533152,full_annotation_v1,A,q_피자_06,피자 파는 곳,음식점 중 '피자'를 판매·제공하는 매장,train,피자,T4 구어·문장,00f98bb9-7973-4aef-97f9-9a91ac74e6d0,반올림 피자 세종점,피자,다정중앙 골목형상점가,골목형상점가,세종특별자치시,,,
6db115dabc813080e026,full_annotation_v1,A,q_피자_06,피자 파는 곳,음식점 중 '피자'를 판매·제공하는 매장,train,피자,T4 구어·문장,47a9f6e5-fa52-4983-b44b-ccd2a6930907,피자마루,피자,연무안심시장,전통시장,충청남도,,,
7cd080b91400f4694142,full_annotation_v1,A,q_피자_06,피자 파는 곳,음식점 중 '피자'를 판매·제공하는 매장,train,피자,T4 구어·문장,1e7add31-d217-41ad-acd5-f031c18dba28,선우맞춤형산후케어광주광역시지사,산후도우미 서비스,우산행복주택,골목형상점가,광주광역시,,,
33761c09878b729f4575,full_annotation_v1,A,q_피자_06,피자 파는 곳,음식점 중 '피자'를 판매·제공하는 매장,train,피자,T4 구어·문장,76a3551b-dae4-4326-92cc-662015aedbfb,쉴 곳,한식,칠성로상점가,자율상권구역,제주특별자치도,,,
6e608883083062e96e6f,full_annotation_v1,A,q_피자_06,피자 파는 곳,음식점 중 '피자'를 판매·제공하는 매장,train,피자,T4 구어·문장,c111ac9d-3f3a-405c-a8db-4d127ccda9e2,행복이 있는 곳,잡화,제주로얄쇼핑센터,자율상권구역,제주특별자치도,,,
cd40c843c6e512499f28,full_annotation_v1,A,q_피자_06,피자 파는 곳,음식점 중 '피자'를 판매·제공하는 매장,train,피자,T4 구어·문장,b05becc2-3c80-4405-97d2-1e2cdccdeecc,텐퍼센트커피 아산배방역점,커피,배방공수 골목형상점가,골목형상점가,충청남도,,,
98ef6243fcf4b7289f2f,full_annotation_v1,A,q_피자_06,피자 파는 곳,음식점 중 '피자'를 판매·제공하는 매장,train,피자,T4 구어·문장,56f444ba-1f19-47dd-a5a1-c1cd56632d88,오르새피자,피자,마산 구암시장,전통시장,경상남도,,,
34ab594d013e15daa221,full_annotation_v1,A,q_피자_06,피자 파는 곳,음식점 중 '피자'를 판매·제공하는 매장,train,피자,T4 구어·문장,13cd2c30-8314-49f2-8405-859b4a2b6719,엠브이 피자 익산점,피자,익산 다e로움 상권활성화구역,상권활성화구역,전북특별자치도,,,
a20c365f725571abee6e,full_annotation_v1,A,q_피자_06,피자 파는 곳,음식점 중 '피자'를 판매·제공하는 매장,train,피자,T4 구어·문장,70e102b2-70aa-4e1c-92fc-c52d3c9fd891,빨간토마토 피자 대촌점,피자,지석사거리 골목형상점가,골목형상점가,광주광역시,,,
11e6f5c07274e3928915,full_annotation_v1,A,q_피자_06,피자 파는 곳,음식점 중 '피자'를 판매·제공하는 매장,train,피자,T4 구어·문장,19d08ce8-57cc-46f5-88dd-b67a97121c6c,쌍둥이상회,수산물,노량진수산시장골목형상점가,골목형상점가,서울특별시,,,
ed322dac30249c412cd2,full_annotation_v1,A,q_피자_06,피자 파는 곳,음식점 중 '피자'를 판매·제공하는 매장,train,피자,T4 구어·문장,f3f51e88-8e76-4521-bcd7-f0892d093e19,라쿤피자,피자,용강동상점가,자율상권구역,서울특별시,,,
62b856dc290eb9adf324,full_annotation_v1,A,q_피자_06,피자 파는 곳,음식점 중 '피자'를 판매·제공하는 매장,train,피자,T4 구어·문장,28e2c1c4-3bc6-4279-9c60-448d19b0ab34,피자마루,피자,송강전통시장,전통시장,대전광역시,,,
330ed9452b0d486a49f3,full_annotation_v1,A,q_피자_06,피자 파는 곳,음식점 중 '피자'를 판매·제공하는 매장,train,피자,T4 구어·문장,0025d0e7-ab79-46b7-9348-33134ef3d057,왕손피자,피자,양동역별빛시장(양동쌍학시장),전통시장,경기도,,,
7da33f6fde66eb7abae1,full_annotation_v1,A,q_피자_06,피자 파는 곳,음식점 중 '피자'를 판매·제공하는 매장,train,피자,T4 구어·문장,ec9be9d5-94f3-455c-bb99-1c894d5eb597,피자스쿨,피자,봉선중길 골목형상점가,골목형상점가,광주광역시,,,
c0ae1df606632e271609,full_annotation_v1,A,q_피자_06,피자 파는 곳,음식점 중 '피자'를 판매·제공하는 매장,train,피자,T4 구어·문장,d2018ece-9253-4471-aecc-efa8ec11af92,피자마루,피자,천천중심상가 골목형상점가,골목형상점가,경기도,,,
6f3f8f7ce5d8834c0c3b,full_annotation_v1,A,q_피자_06,피자 파는 곳,음식점 중 '피자'를 판매·제공하는 매장,train,피자,T4 구어·문장,32236125-57b5-49f9-9470-dcf5cfcc8a33,펍피맥,피자,국제음식문화거리 골목형상점가,골목형상점가,서울특별시,,,
d336764f25760cd400f3,full_annotation_v1,A,q_피자_06,피자 파는 곳,음식점 중 '피자'를 판매·제공하는 매장,train,피자,T4 구어·문장,a7112e8a-d7aa-4d2e-a5fe-21312b42487b,자피아나 피자,피자,부전마켓타운 시장활성화구역,상권활성화구역,부산광역시,,,
31133c8860748cfbf60d,full_annotation_v1,A,q_피자_06,피자 파는 곳,음식점 중 '피자'를 판매·제공하는 매장,train,피자,T4 구어·문장,de7a84a8-1d72-4831-88b7-02010c5af08c,피자박스,피자,양산 나래메트로시티 골목형상점가,골목형상점가,경상남도,,,
599b3c167f3f1865b22b,full_annotation_v1,A,q_피자_06,피자 파는 곳,음식점 중 '피자'를 판매·제공하는 매장,train,피자,T4 구어·문장,f1b55d32-573d-4068-935d-d3dd3b40a163,성신상회,채소,세종대평시장,전통시장,세종특별자치시,,,
60d98428ad6c1fb63969,full_annotation_v1,A,q_피자_06,피자 파는 곳,음식점 중 '피자'를 판매·제공하는 매장,train,피자,T4 구어·문장,c161453d-f2c8-4b97-a2c3-a54e0cbdb7e8,생활용품 싸게 파는 집,잡화,안성중앙시장,전통시장,경기도,,,
bb98b6e4c3fb819d281b,full_annotation_v1,A,q_피자_06,피자 파는 곳,음식점 중 '피자'를 판매·제공하는 매장,train,피자,T4 구어·문장,3daf1c39-284b-40d4-a864-553b38fc4a2e,르헤브 스킨케어,피부미용,상무1동아파트상인회 골목형상점가,골목형상점가,광주광역시,,,
28cb5ce7966967175aa9,full_annotation_v1,A,q_피자_06,피자 파는 곳,음식점 중 '피자'를 판매·제공하는 매장,train,피자,T4 구어·문장,4132feeb-e165-4e87-a835-dd16090f3e60,컬투치킨&피자,"치킨, 피자",신안골 골목형상점가,골목형상점가,광주광역시,,,
ba1eb5a3baf7909f848d,full_annotation_v1,A,q_피자_06,피자 파는 곳,음식점 중 '피자'를 판매·제공하는 매장,train,피자,T4 구어·문장,327bcf9a-1782-466e-85d8-d68e4568a149,피자마루,피자,자운대 골목형상점가,골목형상점가,대전광역시,,,
0a4a12dd460ea52c95d3,full_annotation_v1,A,q_피자_06,피자 파는 곳,음식점 중 '피자'를 판매·제공하는 매장,train,피자,T4 구어·문장,0b5e2327-bc7a-4f8d-a701-6ae4f0fba743,샘골한과,치즈 강정,화서시장,전통시장,경기도,,,
bfb8d39f32a64058b10d,full_annotation_v1,A,q_피자_06,피자 파는 곳,음식점 중 '피자'를 판매·제공하는 매장,train,피자,T4 구어·문장,8fc5d2fa-99ad-4407-b685-087983d63ffc,피자스쿨,피자,유촌동상인회 골목형상점가,골목형상점가,광주광역시,,,
f2bdc4492f79d60fb7f7,full_annotation_v1,A,q_피자_06,피자 파는 곳,음식점 중 '피자'를 판매·제공하는 매장,train,피자,T4 구어·문장,5d8115f1-46fe-49fb-94d0-7be256af703e,스페이스 피자(SPACEPIZZA),피자,청주소나무길 골목형상점가,골목형상점가,충청북도,,,
4fc6f2f4a3f9acc32d06,full_annotation_v1,A,q_피자_06,피자 파는 곳,음식점 중 '피자'를 판매·제공하는 매장,train,피자,T4 구어·문장,eb97c80c-95c2-4516-83e8-d181334afb44,피자스쿨,피자,성덕중사거리,골목형상점가,광주광역시,,,
faf0324d96af9edda45c,full_annotation_v1,A,q_피자_06,피자 파는 곳,음식점 중 '피자'를 판매·제공하는 매장,train,피자,T4 구어·문장,164695db-57cb-4270-b56e-4206d71d2c5a,피자뉴스,피자,유성문화원 골목형상점가,골목형상점가,대전광역시,,,
438fc0245a47b23638f8,full_annotation_v1,A,q_피자_06,피자 파는 곳,음식점 중 '피자'를 판매·제공하는 매장,train,피자,T4 구어·문장,3ce9ab54-4adf-4bf1-aaf7-f444bdce3a39,피자엉클,피자,송정벚꽃골목형상점가,골목형상점가,서울특별시,,,
79aa9cede69986a93c28,full_annotation_v1,A,q_피자_06,피자 파는 곳,음식점 중 '피자'를 판매·제공하는 매장,train,피자,T4 구어·문장,16bfa8ef-6f8f-4407-b1c6-ef562eede4d6,친정맘산후관리,산후도우미 직업소개소,양림동 골목형상점가,골목형상점가,광주광역시,,,
dfcc3177bc1900a8bec0,full_annotation_v1,A,q_피자_06,피자 파는 곳,음식점 중 '피자'를 판매·제공하는 매장,train,피자,T4 구어·문장,b6fc83d1-bc1b-420b-bb92-df574d0f7654,이수열피자,피자,효자2동 골목형상점가,골목형상점가,전북특별자치도,,,
a53aa7ec80c6a48d7331,full_annotation_v1,A,q_피자_06,피자 파는 곳,음식점 중 '피자'를 판매·제공하는 매장,train,피자,T4 구어·문장,fdc16ee2-d1dd-4493-8588-6c88032aa144,에이스 당구클럽,당구장,신도봉시장,전통시장,서울특별시,,,
03ca98a0701bcd39e856,full_annotation_v1,A,q_피자_06,피자 파는 곳,음식점 중 '피자'를 판매·제공하는 매장,train,피자,T4 구어·문장,53292391-977f-4287-8e60-54150edafda2,피자런,피자,루원음식문화거리,골목형상점가,인천광역시,,,
8c84f8e71ee8e1f53592,full_annotation_v1,A,q_피자_06,피자 파는 곳,음식점 중 '피자'를 판매·제공하는 매장,train,피자,T4 구어·문장,b8defc09-3d3d-49b7-a383-a9d516bc6203,피자캣,피자,덕풍전통시장,전통시장,경기도,,,
833749c723ed35bc5a46,full_annotation_v1,A,q_피자_06,피자 파는 곳,음식점 중 '피자'를 판매·제공하는 매장,train,피자,T4 구어·문장,7209ab0e-ac7b-4cea-9df7-aeae728a6421,피자굽는곰아저씨외도점,피자,외도4 골목형상점가,골목형상점가,제주특별자치도,,,
26e32ff68c3108efb133,full_annotation_v1,A,q_피자_07,피바,음식점 중 '피자'를 판매·제공하는 매장,train,피자,T6 기계변형,a8ce339a-175c-4d0b-952f-014515e49794,사우커피바 SAU Cofee bar,카페,역삼동 골목형상점가,골목형상점가,서울특별시,,,
080c494269ef63a7150e,full_annotation_v1,A,q_피자_07,피바,음식점 중 '피자'를 판매·제공하는 매장,train,피자,T6 기계변형,16bb30b8-675b-4cc0-ba92-c2e124a0d1f1,투움바,양식,영선신시장,전통시장,대구광역시,,,
94ab23f7e6e71431a928,full_annotation_v1,A,q_피자_07,피바,음식점 중 '피자'를 판매·제공하는 매장,train,피자,T6 기계변형,2a8cd7c0-408a-4f17-a9f7-d067bdac4642,순애네활어,활어,통영중앙전통시장,전통시장,경상남도,,,
cf5d1bae501da43b36c2,full_annotation_v1,A,q_피자_07,피바,음식점 중 '피자'를 판매·제공하는 매장,train,피자,T6 기계변형,013420d6-557d-45f7-9c34-e9fb1e490077,올리브 피자,피자,매곡 골목형상점가,골목형상점가,대구광역시,,,
7536c52d706cfdd40795,full_annotation_v1,A,q_피자_07,피바,음식점 중 '피자'를 판매·제공하는 매장,train,피자,T6 기계변형,ef5b307f-dcd2-487d-9ce9-490abc1797f3,둡바,,신당오길골목형상점가,골목형상점가,서울특별시,,,
b46e2f864689ace4cf62,full_annotation_v1,A,q_피자_07,피바,음식점 중 '피자'를 판매·제공하는 매장,train,피자,T6 기계변형,0025d0e7-ab79-46b7-9348-33134ef3d057,왕손피자,피자,양동역별빛시장(양동쌍학시장),전통시장,경기도,,,
da8b93321a7d35970af8,full_annotation_v1,A,q_피자_07,피바,음식점 중 '피자'를 판매·제공하는 매장,train,피자,T6 기계변형,006f4df6-3bcc-48ba-8bb9-0656522ea424,득량회무침,한식,오치주공 골목형상점가,골목형상점가,광주광역시,,,
983b633fcc49df097cb9,full_annotation_v1,A,q_피자_07,피바,음식점 중 '피자'를 판매·제공하는 매장,train,피자,T6 기계변형,e4e84c3e-a20d-459f-ad66-401a0b4744ab,뮤뮤앤바바,의류,남대문시장,전통시장,서울특별시,,,
7594832a959b960187bc,full_annotation_v1,A,q_피자_07,피바,음식점 중 '피자'를 판매·제공하는 매장,train,피자,T6 기계변형,dc750523-5968-4653-95b2-a79da847447f,로버커피바,커피 음료 디저트,자양번영로골목형상점가,골목형상점가,서울특별시,,,
d9e02e5dec531acf9696,full_annotation_v1,A,q_피자_07,피바,음식점 중 '피자'를 판매·제공하는 매장,train,피자,T6 기계변형,50bca7c8-9740-4b3b-8bb8-5df0937cc08d,노바,의류,신평화패션타운,전통시장,서울특별시,,,
d50e0aa6632002658944,full_annotation_v1,A,q_피자_07,피바,음식점 중 '피자'를 판매·제공하는 매장,train,피자,T6 기계변형,9492e6c6-8b70-4241-a2b6-274904667ac1,만석꾼,,혁신도시6구역골목형상점가,골목형상점가,강원특별자치도,,,
3adfa0751725f83fe0b1,full_annotation_v1,A,q_피자_07,피바,음식점 중 '피자'를 판매·제공하는 매장,train,피자,T6 기계변형,d0cef900-6d87-4697-9c9a-d692e765a767,커피바라기,커피,짚봉산상인회 골목형상점가,골목형상점가,광주광역시,,,
5e2718b489abc7d0f3c0,full_annotation_v1,A,q_피자_07,피바,음식점 중 '피자'를 판매·제공하는 매장,train,피자,T6 기계변형,00446094-b7f5-42de-acfa-7e4cba20d7ad,투게더피치우산점,피자 치킨,으뜸골목형상점가,골목형상점가,강원특별자치도,,,
b3d807c18b5ca708d49b,full_annotation_v1,A,q_피자_07,피바,음식점 중 '피자'를 판매·제공하는 매장,train,피자,T6 기계변형,b9cdfb0c-2abc-43ca-8138-eed17c939275,꾸리찌바,제과,송정벚꽃골목형상점가,골목형상점가,서울특별시,,,
e0d25c811807ef0043d0,full_annotation_v1,A,q_피자_07,피바,음식점 중 '피자'를 판매·제공하는 매장,train,피자,T6 기계변형,f363e09b-85e8-48ff-8cb7-13f6fce40843,헤어봄,,문막시장,전통시장,강원특별자치도,,,
86bf29f90b90b921764b,full_annotation_v1,A,q_피자_07,피바,음식점 중 '피자'를 판매·제공하는 매장,train,피자,T6 기계변형,01749205-4eb3-463d-a791-84ddbb8e8661,진소바,한식,부송동 골목형상점가,골목형상점가,전북특별자치도,,,
846213c1711b49b2c322,full_annotation_v1,A,q_피자_07,피바,음식점 중 '피자'를 판매·제공하는 매장,train,피자,T6 기계변형,3da3cd00-06b9-4c6e-aa24-1016b40cca90,세바,의류,아트프라자,자율상권구역,서울특별시,,,
f596bf9e556e3fe9ac71,full_annotation_v1,A,q_피자_07,피바,음식점 중 '피자'를 판매·제공하는 매장,train,피자,T6 기계변형,be110b72-95c8-4022-bf83-22edd8d2804d,메종노바,,뚝섬로52길 골목형상점가,골목형상점가,서울특별시,,,
64cb527a3557dfb69067,full_annotation_v1,A,q_피자_07,피바,음식점 중 '피자'를 판매·제공하는 매장,train,피자,T6 기계변형,22a939a5-dd57-476c-acd5-4c40c7b522a6,어닝바,분식,중랑동부시장,전통시장,서울특별시,,,
7df8be58faaf7e64b04e,full_annotation_v1,A,q_피자_07,피바,음식점 중 '피자'를 판매·제공하는 매장,train,피자,T6 기계변형,bddc4b9e-843d-459b-beb5-d82803ad64f6,바나바,의류,남대문시장,전통시장,서울특별시,,,
213264c1b0b0918332c8,full_annotation_v1,A,q_피자_07,피바,음식점 중 '피자'를 판매·제공하는 매장,train,피자,T6 기계변형,6eab729d-fea9-4257-83d6-ec575a35e9f2,에바,의류,서초쇼핑골목형상점가,골목형상점가,서울특별시,,,
aafb0a6c4b53c01625cc,full_annotation_v1,A,q_피자_07,피바,음식점 중 '피자'를 판매·제공하는 매장,train,피자,T6 기계변형,2b5b928b-01a9-4356-8a91-7cb16504c06a,황제소바,소바,서구청먹자골목상인회 골목형상점가,골목형상점가,광주광역시,,,
35a399e77caf0a56f864,full_annotation_v1,A,q_피자_07,피바,음식점 중 '피자'를 판매·제공하는 매장,train,피자,T6 기계변형,5b78b4a7-4e5d-4672-a73c-36416917d237,U2헤어,미용업,신창부영 골목형상점가,골목형상점가,광주광역시,,,
a3b85b2c2c48da53dcab,full_annotation_v1,A,q_피자_07,피바,음식점 중 '피자'를 판매·제공하는 매장,train,피자,T6 기계변형,564b93b5-c7d9-4139-a0aa-1fea77f869af,창동리커피바,커피,증평군 중앙로 골목형상점가,골목형상점가,충청북도,,,
97c3268c4633337ad56e,full_annotation_v1,A,q_피자_07,피바,음식점 중 '피자'를 판매·제공하는 매장,train,피자,T6 기계변형,6c365d7e-1c7a-475c-9579-a00c78463021,증산클라비어음악학원,음악학원,양산 나래메트로시티 골목형상점가,골목형상점가,경상남도,,,
ddf62da6cbe1ffa1453f,full_annotation_v1,A,q_피자_07,피바,음식점 중 '피자'를 판매·제공하는 매장,train,피자,T6 기계변형,1e7add31-d217-41ad-acd5-f031c18dba28,선우맞춤형산후케어광주광역시지사,산후도우미 서비스,우산행복주택,골목형상점가,광주광역시,,,
bd0b62b0de3341de3129,full_annotation_v1,A,q_피자_07,피바,음식점 중 '피자'를 판매·제공하는 매장,train,피자,T6 기계변형,f6946d21-1d40-4719-892f-98a9d1c74c0c,투프커피바,카페,구갈상점가,자율상권구역,경기도,,,
3dd9311a69112f32b5c4,full_annotation_v1,A,q_피자_07,피바,음식점 중 '피자'를 판매·제공하는 매장,train,피자,T6 기계변형,364a4131-f6d3-4ffb-b152-10600620215f,정원심리상담센터,언어치료,신창부영 골목형상점가,골목형상점가,광주광역시,,,
0bfd32ed66c31a0fd0fc,full_annotation_v1,A,q_피자_07,피바,음식점 중 '피자'를 판매·제공하는 매장,train,피자,T6 기계변형,50fc7127-144e-42bf-99b7-a4f001c31476,피턴진,,서면지하도상가 부전몰,일반지하상점가,부산광역시,,,
969a3460ba085f895db3,full_annotation_v1,A,q_피자_07,피바,음식점 중 '피자'를 판매·제공하는 매장,train,피자,T6 기계변형,5241f4de-3e7a-4440-89fa-a529e66f2563,까치 커피바,커피,유성문화원 골목형상점가,골목형상점가,대전광역시,,,
3be888271b0887bc2390,full_annotation_v1,A,q_피자_07,피바,음식점 중 '피자'를 판매·제공하는 매장,train,피자,T6 기계변형,be855c99-10a3-4817-844e-f3319c64509d,이버바,의류,의정부역지하상가,일반지하상점가,경기도,,,
36453837ed6b21447b9e,full_annotation_v1,A,q_피자_07,피바,음식점 중 '피자'를 판매·제공하는 매장,train,피자,T6 기계변형,0b5e2327-bc7a-4f8d-a701-6ae4f0fba743,샘골한과,치즈 강정,화서시장,전통시장,경기도,,,
0d37ccf8f2b9988488a3,full_annotation_v1,A,q_피자_07,피바,음식점 중 '피자'를 판매·제공하는 매장,train,피자,T6 기계변형,1452f29c-31f4-4cde-ab50-168fd3714eb2,와룡소바,,와룡로 골목형상점가,골목형상점가,전북특별자치도,,,
3e7db91836fdb8aa020d,full_annotation_v1,A,q_피자_07,피바,음식점 중 '피자'를 판매·제공하는 매장,train,피자,T6 기계변형,107d1170-9448-460b-aa8d-b22555680c4d,꽃디바,의류,고투몰(강남터미널지하도상점가),일반지하상점가,서울특별시,,,
0b26d99d1ee20f39d4d1,full_annotation_v1,A,q_피자_07,피바,음식점 중 '피자'를 판매·제공하는 매장,train,피자,T6 기계변형,44f946c5-2c02-4e60-9aef-49a2133ac5a2,토바,의류,스타프라자전통시장,전통시장,경기도,,,
09f3f5ea21f3dab6460c,full_annotation_v1,A,q_피자_07,피바,음식점 중 '피자'를 판매·제공하는 매장,train,피자,T6 기계변형,4b9584a3-ef61-4df2-adef-4b0a7ee804f8,영호상회,채소,팔달신시장,전통시장,대구광역시,,,
cd972a18c3d34ae18d4d,full_annotation_v1,A,q_피자_07,피바,음식점 중 '피자'를 판매·제공하는 매장,train,피자,T6 기계변형,46612b8e-c3e3-43f0-8f8b-8ec89c524581,정독바,음료,삼청정독길골목형상점가,골목형상점가,서울특별시,,,
67cd805bc47813f608b5,full_annotation_v1,A,q_피자_07,피바,음식점 중 '피자'를 판매·제공하는 매장,train,피자,T6 기계변형,fb3ea73c-0cd3-40db-9ed4-dea3136875cc,토리바,,솔내이음골목형상점가,골목형상점가,전북특별자치도,,,
aae0b77473b3347cb709,full_annotation_v1,A,q_피자_07,피바,음식점 중 '피자'를 판매·제공하는 매장,train,피자,T6 기계변형,56d83851-585a-42df-a322-e9382664029f,모고바,반찬,다정한 골목형상점가,골목형상점가,세종특별자치시,,,
250729f8aa173b5a4d53,full_annotation_v1,A,q_피자_07,피바,음식점 중 '피자'를 판매·제공하는 매장,train,피자,T6 기계변형,11d29a93-7962-4834-bd9d-b84a04530f3d,제비노래방,노래방,연신내골목형상점가,골목형상점가,서울특별시,,,
8219a3efc9d6ad27d70e,full_annotation_v1,A,q_피자_07,피바,음식점 중 '피자'를 판매·제공하는 매장,train,피자,T6 기계변형,00d91b69-56c3-403f-9863-3a51d71c8f84,킹크랩치즈그라탕,킹크랩치즈그라탕,서귀포매일올레시장,전통시장,제주특별자치도,,,
e4790eb3c46331dffa00,full_annotation_v1,A,q_피자_07,피바,음식점 중 '피자'를 판매·제공하는 매장,train,피자,T6 기계변형,f86bd46a-f77b-4a5b-9a3a-24a07dc96ac0,알보커피바,카페,효자동 신봉길 골목형상점가,골목형상점가,전북특별자치도,,,
e9779bfbf96d6432a346,full_annotation_v1,A,q_피자_07,피바,음식점 중 '피자'를 판매·제공하는 매장,train,피자,T6 기계변형,13cdbe48-b277-48b5-b745-e05e1c9f4cc3,타이디,의류,㈜르네시떼,전통시장,부산광역시,,,
ccf497d1b97c0c6369bd,full_annotation_v1,A,q_피자_07,피바,음식점 중 '피자'를 판매·제공하는 매장,train,피자,T6 기계변형,421a23fe-c648-48a6-a996-f0d60dae66d3,마터케어,가정방문 산후도우미 서비스,김해 대우유토피아상가,골목형상점가,경상남도,,,
dfc45561e29d1cc331e8,full_annotation_v1,A,q_피자_07,피바,음식점 중 '피자'를 판매·제공하는 매장,train,피자,T6 기계변형,5b6c9005-34ad-43f7-b590-a52224e7376b,미스바,의류,익산매일시장,전통시장,전북특별자치도,,,
85206784e65a346b2250,full_annotation_v1,A,q_피자_07,피바,음식점 중 '피자'를 판매·제공하는 매장,train,피자,T6 기계변형,11802797-6d56-47f9-b554-6150aa2495e6,김종근의 달구마실,"닭갈비, 치즈닭갋",아주대 대학로 골목형상점가,골목형상점가,경기도,,,
2253953c73c3b9899bc2,full_annotation_v1,A,q_피자_07,피바,음식점 중 '피자'를 판매·제공하는 매장,train,피자,T6 기계변형,8e64db1b-04a4-4286-af22-1511603e3cc2,피놀리,,가평잣고을시장,전통시장,경기도,,,
3d1a94f6d0c04189e2fe,full_annotation_v1,A,q_피자_07,피바,음식점 중 '피자'를 판매·제공하는 매장,train,피자,T6 기계변형,5763f503-15b5-45a7-b41d-305b79d9a0fa,소문난 도우분식,,모라전통시장,전통시장,부산광역시,,,
13362cebfd8e0834d9ef,full_annotation_v1,A,q_피자_07,피바,음식점 중 '피자'를 판매·제공하는 매장,train,피자,T6 기계변형,2623a1f8-4fb3-44e1-bdcd-96c0ee537251,임실치즈피자 미스터파파,,승달 골목형상점가,골목형상점가,,,,
2b6699f55f442dcf0a96,full_annotation_v1,A,q_피자_07,피바,음식점 중 '피자'를 판매·제공하는 매장,train,피자,T6 기계변형,a40e316a-6b04-490a-811a-60c8fb3aabed,스펙스커피바,커피,돈암시장,전통시장,서울특별시,,,
464569574fd81a87a52f,full_annotation_v1,A,q_피자_07,피바,음식점 중 '피자'를 판매·제공하는 매장,train,피자,T6 기계변형,aadd328d-923b-4448-8eda-24ab48eb1df0,모먼트랩 스튜디오,스튜디오,연신내골목형상점가,골목형상점가,서울특별시,,,
f78cb495374adc07ef1a,full_annotation_v1,A,q_피자_07,피바,음식점 중 '피자'를 판매·제공하는 매장,train,피자,T6 기계변형,2da9c854-4dbb-4411-9995-e76b802d8214,에바,의류,창원 성원그랜드쇼핑상가,전통시장,경상남도,,,
a115bcbd5d244642b88e,full_annotation_v1,A,q_피자_07,피바,음식점 중 '피자'를 판매·제공하는 매장,train,피자,T6 기계변형,1c50b387-120b-4d10-aa80-44bac01495e1,돌담마루 커피바,,망원사랑골목형상점가,골목형상점가,서울특별시,,,
8d86401648efd22bec22,full_annotation_v1,A,q_피자_07,피바,음식점 중 '피자'를 판매·제공하는 매장,train,피자,T6 기계변형,bce70e46-90c2-4a39-95cf-82c36f90d3a9,도하커피바,커피,빛가람 로데오 골목형상점가,골목형상점가,전라남도,,,
d1a858a9c43a5834787b,full_annotation_v1,A,q_피자_07,피바,음식점 중 '피자'를 판매·제공하는 매장,train,피자,T6 기계변형,00f98bb9-7973-4aef-97f9-9a91ac74e6d0,반올림 피자 세종점,피자,다정중앙 골목형상점가,골목형상점가,세종특별자치시,,,
6efc80d09f9c1f5450a9,full_annotation_v1,A,q_피자_07,피바,음식점 중 '피자'를 판매·제공하는 매장,train,피자,T6 기계변형,1606b925-771c-43a1-9127-952b846f3bac,꼼꼼화당,크림치즈,충효어린이공원 골목형상점가,골목형상점가,광주광역시,,,
099df76e32a63def5326,full_annotation_v1,A,q_피자_07,피바,음식점 중 '피자'를 판매·제공하는 매장,train,피자,T6 기계변형,011400a1-5326-46ef-9e42-af0d9fb8e774,피자스쿨 수원영통점,피자,롯데프라자 골목형상점가,골목형상점가,경기도,,,
8430c41b15f1fd7aea0a,full_annotation_v1,A,q_피자_07,피바,음식점 중 '피자'를 판매·제공하는 매장,train,피자,T6 기계변형,95de27e8-1e3e-4c86-8d86-1e47ea35fe69,레고 매니악스,레고,매곡 골목형상점가,골목형상점가,대구광역시,,,
5345a6f46952f130f9ed,full_annotation_v1,A,q_피자_07,피바,음식점 중 '피자'를 판매·제공하는 매장,train,피자,T6 기계변형,f0bedc80-d9da-4215-b136-d8ec380949d3,한양소바,,삼사 골목형상점가,골목형상점가,전북특별자치도,,,
f20cec8c9dbbf438c6fd,full_annotation_v1,A,q_피자_07,피바,음식점 중 '피자'를 판매·제공하는 매장,train,피자,T6 기계변형,16bfa8ef-6f8f-4407-b1c6-ef562eede4d6,친정맘산후관리,산후도우미 직업소개소,양림동 골목형상점가,골목형상점가,광주광역시,,,
039195f7b7906570fe14,full_annotation_v1,A,q_피자_07,피바,음식점 중 '피자'를 판매·제공하는 매장,train,피자,T6 기계변형,6754c53e-d002-4fa3-91a0-67390b219b2f,인썸니악 커피바 송도,커피,송도 아트포레 판매시설 골목형상점가,골목형상점가,인천광역시,,,
3484ba08154d73dccbc5,full_annotation_v1,A,q_피자_07,피바,음식점 중 '피자'를 판매·제공하는 매장,train,피자,T6 기계변형,14c8b140-ce27-4a4b-8557-6cbcbe91959f,라오니피자 다사점,피자,매곡 골목형상점가,골목형상점가,대구광역시,,,
9e40ddd858c406575200,full_annotation_v1,A,q_피자_07,피바,음식점 중 '피자'를 판매·제공하는 매장,train,피자,T6 기계변형,9db71030-516e-4874-b16b-07f12c180caa,프레스커피바,카페,충무로골목형상점가,골목형상점가,서울특별시,,,
0458296998ea16f3bc82,full_annotation_v1,A,q_피자_07,피바,음식점 중 '피자'를 판매·제공하는 매장,train,피자,T6 기계변형,36775eb6-7da1-4a9d-b939-5a6c42110412,키바,의류,평화시장,전통시장,서울특별시,,,
19ed615fd60608e6326d,full_annotation_v1,A,q_피자_07,피바,음식점 중 '피자'를 판매·제공하는 매장,train,피자,T6 기계변형,29805dd8-529a-4278-ada0-5063fc8a5308,일품대패,한식,오치주공 골목형상점가,골목형상점가,광주광역시,,,
3bf86a94ca205db75c24,full_annotation_v1,A,q_피자_07,피바,음식점 중 '피자'를 판매·제공하는 매장,train,피자,T6 기계변형,00d5ec26-bcc1-4e53-818c-e6c26dc522f6,7번가피자,피자,오치 스쿨존 골목형상점가,골목형상점가,광주광역시,,,
0e94f570897dfb84f75f,full_annotation_v1,A,q_피자_07,피바,음식점 중 '피자'를 판매·제공하는 매장,train,피자,T6 기계변형,5be8c07c-5bf6-4450-811c-cf9e18ab667e,아바,커피,창신골목시장,자율상권구역,서울특별시,,,
90d6d9e677ee4ffb0665,full_annotation_v1,A,q_피자_07,피바,음식점 중 '피자'를 판매·제공하는 매장,train,피자,T6 기계변형,176c91b5-a569-466a-ac2d-59f06efd2028,광주아이맘케어,산후도우미,운남골목 골목형상점가,골목형상점가,광주광역시,,,
be6404a107b09318c923,full_annotation_v1,A,q_피자_07,피바,음식점 중 '피자'를 판매·제공하는 매장,train,피자,T6 기계변형,4e61fffd-62e4-4bd5-adae-04adb1712241,펙토커피바,커피 음료,은구비서로사회적협동조합 골목형상점가,골목형상점가,대전광역시,,,
d385a0deb38a7f511051,full_annotation_v1,A,q_피자_07,피바,음식점 중 '피자'를 판매·제공하는 매장,train,피자,T6 기계변형,d23617aa-29a3-4989-8aec-225dceed28e8,"좋아라, 카페",카페,한글거리 상점가상인회,자율상권구역,세종특별자치시,,,
4e52cfc9bc2ad8b34605,full_annotation_v1,A,q_피자_07,피바,음식점 중 '피자'를 판매·제공하는 매장,train,피자,T6 기계변형,7c426142-7f21-450a-a96f-05dbceec2293,쥬벤쿠바,양식,샤로수길골목형상점가,골목형상점가,서울특별시,,,
8ff13fe5be03ac102d51,full_annotation_v1,A,q_피자_07,피바,음식점 중 '피자'를 판매·제공하는 매장,train,피자,T6 기계변형,bfcd132c-a88b-4d9a-a652-1e409f850283,부산오뎅,어묵,기장시장 일원 자율상권구역,상권활성화구역,부산광역시,,,
b86bc8234b28c51b97bd,full_annotation_v1,A,q_피자_08,피자추천,음식점 중 '피자'를 판매·제공하는 매장,train,피자,T6 기계변형,df9a2f27-c0e0-40fc-b3c8-1e15b7c3d072,예쁜양말멋진속옷,"양말, 속옷",스타프라자전통시장,전통시장,경기도,,,
bc25fc4874a352490c43,full_annotation_v1,A,q_피자_08,피자추천,음식점 중 '피자'를 판매·제공하는 매장,train,피자,T6 기계변형,507a272c-d8b9-4254-be6e-e388bb09379f,피자마켓,피자,서부시장,전통시장,대구광역시,,,
0d8d47247b354531ddb8,full_annotation_v1,A,q_피자_08,피자추천,음식점 중 '피자'를 판매·제공하는 매장,train,피자,T6 기계변형,2623a1f8-4fb3-44e1-bdcd-96c0ee537251,임실치즈피자 미스터파파,,승달 골목형상점가,골목형상점가,,,,
cb19f2073608a648e2a9,full_annotation_v1,A,q_피자_08,피자추천,음식점 중 '피자'를 판매·제공하는 매장,train,피자,T6 기계변형,1606b925-771c-43a1-9127-952b846f3bac,꼼꼼화당,크림치즈,충효어린이공원 골목형상점가,골목형상점가,광주광역시,,,
e856ba2ce58e57b8ce7e,full_annotation_v1,A,q_피자_08,피자추천,음식점 중 '피자'를 판매·제공하는 매장,train,피자,T6 기계변형,b0624dfd-7be6-404e-9c3c-68d5cb599764,피자오,피자,해방촌 골목형상점가,골목형상점가,서울특별시,,,
8776968d963dcdab1a0f,full_annotation_v1,A,q_피자_08,피자추천,음식점 중 '피자'를 판매·제공하는 매장,train,피자,T6 기계변형,1f2c708b-c369-4824-9abb-58a1ab3770b6,피자하우스,피자,김천황금시장,전통시장,경상북도,,,
52c029359a0db82f6344,full_annotation_v1,A,q_피자_08,피자추천,음식점 중 '피자'를 판매·제공하는 매장,train,피자,T6 기계변형,6f1e2aa4-5ed0-41b5-b3fd-8f56d8786d95,피자탑,피자,전남대후문골목형상점가,골목형상점가,광주광역시,,,
92da3ed1a7c74481ada4,full_annotation_v1,A,q_피자_08,피자추천,음식점 중 '피자'를 판매·제공하는 매장,train,피자,T6 기계변형,fdb99905-6f4f-4dd3-bd68-f2673fec8958,피자빨간고추,피자,석계음식문화거리골목형상점가,골목형상점가,서울특별시,,,
579e1f0b022b572ead63,full_annotation_v1,A,q_피자_08,피자추천,음식점 중 '피자'를 판매·제공하는 매장,train,피자,T6 기계변형,7efe5388-897a-42bb-b64c-663306112a0a,광주보일러,보일러,패션의거리,자율상권구역,광주광역시,,,
e4f3589170eecc3ccfc0,full_annotation_v1,A,q_피자_08,피자추천,음식점 중 '피자'를 판매·제공하는 매장,train,피자,T6 기계변형,912261b9-c002-4cbb-a523-cc00db82f4f7,피자풀동구점,피자,계림오거리 골목형상점가,골목형상점가,광주광역시,,,
b8f15ed24ab10ce5b056,full_annotation_v1,A,q_피자_08,피자추천,음식점 중 '피자'를 판매·제공하는 매장,train,피자,T6 기계변형,6fffe22e-5ab7-4dec-a8bc-44231f73b1f4,피자원,피자,가재울 골목형상점가,골목형상점가,인천광역시,,,
b267a2f1fb8298b6b65b,full_annotation_v1,A,q_피자_08,피자추천,음식점 중 '피자'를 판매·제공하는 매장,train,피자,T6 기계변형,00d91b69-56c3-403f-9863-3a51d71c8f84,킹크랩치즈그라탕,킹크랩치즈그라탕,서귀포매일올레시장,전통시장,제주특별자치도,,,
1a589ccdebb9eb67249d,full_annotation_v1,A,q_피자_08,피자추천,음식점 중 '피자'를 판매·제공하는 매장,train,피자,T6 기계변형,8409fa41-e71a-4406-87dd-45f9f78020b1,금메달유통(주),마트,정릉시장,전통시장,서울특별시,,,
de1d7b36f21229b86b7e,full_annotation_v1,A,q_피자_08,피자추천,음식점 중 '피자'를 판매·제공하는 매장,train,피자,T6 기계변형,3489ffd8-2c36-4174-9eb9-229c46b558f2,웨스트우드 통영점,"등산, 스포츠의류용품",통영 북신전통시장,전통시장,경상남도,,,
4f833bfc86bbc8e59c50,full_annotation_v1,A,q_피자_08,피자추천,음식점 중 '피자'를 판매·제공하는 매장,train,피자,T6 기계변형,a80c8b5b-623c-4bc4-9039-c3edebeaec42,민속떡집,떡,동송전통시장,전통시장,강원특별자치도,,,
bc4dd09bbda264dd216f,full_annotation_v1,A,q_피자_08,피자추천,음식점 중 '피자'를 판매·제공하는 매장,train,피자,T6 기계변형,9156dd3c-7d7e-47e9-9e1f-6b24cb82e341,광안식품,두부 족발,광안시장,전통시장,부산광역시,,,
0b307f6b6e066a151c4f,full_annotation_v1,A,q_피자_08,피자추천,음식점 중 '피자'를 판매·제공하는 매장,train,피자,T6 기계변형,3c6fdfe4-a9c3-4300-88ee-5f48b35d9334,피자는치즈빨,피자,두암2동면앙로 골목형상점가,골목형상점가,광주광역시,,,
439ebbfe1250266c74fe,full_annotation_v1,A,q_피자_08,피자추천,음식점 중 '피자'를 판매·제공하는 매장,train,피자,T6 기계변형,24e1d92f-9ba6-436a-89d9-ad3382608e5c,피자굼터,피자,군포당동로시장상점가,골목형상점가,경기도,,,
d1d79ce2835c005273cc,full_annotation_v1,A,q_피자_08,피자추천,음식점 중 '피자'를 판매·제공하는 매장,train,피자,T6 기계변형,23da7e32-1593-4a74-89cd-bc3b55088eeb,딱좋아뼈다귀천국,뼈해장국 뼈구이,동송전통시장,전통시장,강원특별자치도,,,
b6cb7afdab664fc175a7,full_annotation_v1,A,q_피자_08,피자추천,음식점 중 '피자'를 판매·제공하는 매장,train,피자,T6 기계변형,5acd8d06-3efb-43ec-9018-5f1fed283f5b,피자덕화봉송정점,피자,신화 골목형상점가,골목형상점가,울산광역시,,,
b1fbabafe45b562d4697,full_annotation_v1,A,q_피자_08,피자추천,음식점 중 '피자'를 판매·제공하는 매장,train,피자,T6 기계변형,ef74feec-f2e2-485e-863b-4d85eec3a7c8,한우촌정육점,소매업(정육점),조공시장,전통시장,경기도,,,
1bf77a120b837a717b12,full_annotation_v1,A,q_피자_08,피자추천,음식점 중 '피자'를 판매·제공하는 매장,train,피자,T6 기계변형,670321d0-6986-48d9-badf-da51a1db1f31,피자 사전,피자,녹두S밸리골목형상점가,골목형상점가,서울특별시,,,
0495293954f1efe3e2ea,full_annotation_v1,A,q_피자_08,피자추천,음식점 중 '피자'를 판매·제공하는 매장,train,피자,T6 기계변형,5799098b-8df3-421d-9239-c4d2d3dc3337,피자랑쥬,피자,청평여울시장,전통시장,경기도,,,
a56b3e78688c3110c1b2,full_annotation_v1,A,q_피자_08,피자추천,음식점 중 '피자'를 판매·제공하는 매장,train,피자,T6 기계변형,bdb6b464-7231-4ceb-9875-0573c7c039fb,피자명인,피자,대소시장,전통시장,충청북도,,,
df6ecb6a2280a2160d69,full_annotation_v1,A,q_피자_08,피자추천,음식점 중 '피자'를 판매·제공하는 매장,train,피자,T6 기계변형,c5a399a4-9a8c-456d-b029-0c423415279b,가성 빛 피자,피자,남현동예술인마을골목형상점가,골목형상점가,서울특별시,,,
37c96d5e23fa3668375d,full_annotation_v1,A,q_피자_08,피자추천,음식점 중 '피자'를 판매·제공하는 매장,train,피자,T6 기계변형,00d5ec26-bcc1-4e53-818c-e6c26dc522f6,7번가피자,피자,오치 스쿨존 골목형상점가,골목형상점가,광주광역시,,,
ac510b7abbab5509aeb7,full_annotation_v1,A,q_피자_08,피자추천,음식점 중 '피자'를 판매·제공하는 매장,train,피자,T6 기계변형,11802797-6d56-47f9-b554-6150aa2495e6,김종근의 달구마실,"닭갈비, 치즈닭갋",아주대 대학로 골목형상점가,골목형상점가,경기도,,,
9cf97617c98cb3de4468,full_annotation_v1,A,q_피자_08,피자추천,음식점 중 '피자'를 판매·제공하는 매장,train,피자,T6 기계변형,1d89f31a-a76b-4414-9539-863d6852482f,피잇짜,피자,성수역골목형상점가,골목형상점가,서울특별시,,,
5dd9348e175f272b3dce,full_annotation_v1,A,q_피자_08,피자추천,음식점 중 '피자'를 판매·제공하는 매장,train,피자,T6 기계변형,2f38c6db-8998-40ae-9edc-d11122415d22,피자는치즈빨,피자,쌍촌로상인회 골목형상점가,골목형상점가,광주광역시,,,
732836d6d0d6e0152944,full_annotation_v1,A,q_피자_08,피자추천,음식점 중 '피자'를 판매·제공하는 매장,train,피자,T6 기계변형,5d5ea7b5-1fab-4b62-9cb8-e25d16908385,피자스웨그,피자,대왕암사거리 골목형상점가,골목형상점가,울산광역시,,,
8e48f210948795911698,full_annotation_v1,A,q_피자_08,피자추천,음식점 중 '피자'를 판매·제공하는 매장,train,피자,T6 기계변형,00446094-b7f5-42de-acfa-7e4cba20d7ad,투게더피치우산점,피자 치킨,으뜸골목형상점가,골목형상점가,강원특별자치도,,,
913b73eb05c076023a32,full_annotation_v1,A,q_피자_08,피자추천,음식점 중 '피자'를 판매·제공하는 매장,train,피자,T6 기계변형,0025d0e7-ab79-46b7-9348-33134ef3d057,왕손피자,피자,양동역별빛시장(양동쌍학시장),전통시장,경기도,,,
440d8b9fa8920e1d4336,full_annotation_v1,A,q_피자_08,피자추천,음식점 중 '피자'를 판매·제공하는 매장,train,피자,T6 기계변형,176c91b5-a569-466a-ac2d-59f06efd2028,광주아이맘케어,산후도우미,운남골목 골목형상점가,골목형상점가,광주광역시,,,
725799059fee191af0b5,full_annotation_v1,A,q_피자_08,피자추천,음식점 중 '피자'를 판매·제공하는 매장,train,피자,T6 기계변형,d4389632-0445-4aa1-83d4-64cb92143d94,피자보이시나,피자,노량진만나로골목형상점가,골목형상점가,서울특별시,,,
86a1c7058103f5a8014d,full_annotation_v1,A,q_피자_08,피자추천,음식점 중 '피자'를 판매·제공하는 매장,train,피자,T6 기계변형,ff936d53-74c7-41c0-9495-1c7071b82898,싱싱과일채소,"과일, 채소",진주 중앙시장,전통시장,경상남도,,,
95c4b8f108ced18417f4,full_annotation_v1,A,q_피자_08,피자추천,음식점 중 '피자'를 판매·제공하는 매장,train,피자,T6 기계변형,83857897-90b6-4221-a78c-311fa6b33900,피자생각,피자,무주반딧불상권활성화구역,상권활성화구역,전북특별자치도,,,
69da80d5386fe6213f55,full_annotation_v1,A,q_피자_08,피자추천,음식점 중 '피자'를 판매·제공하는 매장,train,피자,T6 기계변형,011400a1-5326-46ef-9e42-af0d9fb8e774,피자스쿨 수원영통점,피자,롯데프라자 골목형상점가,골목형상점가,경기도,,,
ae8b51a6289d0e67fd53,full_annotation_v1,A,q_피자_08,피자추천,음식점 중 '피자'를 판매·제공하는 매장,train,피자,T6 기계변형,20399340-c729-4d70-92ce-1b673f997131,농업회사법인 주식회사 제주늘랑,"감귤, 한라봉.애플망고",동문재래시장,전통시장,제주특별자치도,,,
e129700e9c3eb853420a,full_annotation_v1,A,q_피자_08,피자추천,음식점 중 '피자'를 판매·제공하는 매장,train,피자,T6 기계변형,00f98bb9-7973-4aef-97f9-9a91ac74e6d0,반올림 피자 세종점,피자,다정중앙 골목형상점가,골목형상점가,세종특별자치시,,,
ec708257d597cd017647,full_annotation_v1,A,q_피자_08,피자추천,음식점 중 '피자'를 판매·제공하는 매장,train,피자,T6 기계변형,36d4a6b7-f286-4dc5-8438-b9fe225903c5,해영이네 과일가게,과일,연산골목시장상점가,자율상권구역,부산광역시,,,
d40f77570eb9a4b1f616,full_annotation_v1,A,q_피자_08,피자추천,음식점 중 '피자'를 판매·제공하는 매장,train,피자,T6 기계변형,ffd806c9-5008-4e5d-bc51-ae85ac1e5a9d,피자보이,피자 치킨,외대글로벌길 골목형상점가,골목형상점가,경기도,,,
ea6aa9e922a05fa85675,full_annotation_v1,A,q_피자_08,피자추천,음식점 중 '피자'를 판매·제공하는 매장,train,피자,T6 기계변형,b8defc09-3d3d-49b7-a383-a9d516bc6203,피자캣,피자,덕풍전통시장,전통시장,경기도,,,
0af91322fd4c708b9213,full_annotation_v1,A,q_피자_08,피자추천,음식점 중 '피자'를 판매·제공하는 매장,train,피자,T6 기계변형,87732cce-01af-4f19-bf7b-bc22434cd904,피자얌,피자,상계중앙시장,전통시장,서울특별시,,,
402adfc98bf6ceb1e948,full_annotation_v1,A,q_피자_08,피자추천,음식점 중 '피자'를 판매·제공하는 매장,train,피자,T6 기계변형,6d64f878-f93f-46ee-9720-5dc966222a69,몽S피자,피자,설악눈메골시장,전통시장,경기도,,,
e55fcd18d56ac12ebf43,full_annotation_v1,A,q_피자_08,피자추천,음식점 중 '피자'를 판매·제공하는 매장,train,피자,T6 기계변형,0b5e2327-bc7a-4f8d-a701-6ae4f0fba743,샘골한과,치즈 강정,화서시장,전통시장,경기도,,,
9021c046d8629101ad87,full_annotation_v1,A,q_피자_08,피자추천,음식점 중 '피자'를 판매·제공하는 매장,train,피자,T6 기계변형,f7ca6afb-e92d-4158-a75a-e696454d1896,피자런 한밭대점,피자,계산동 골목형상점가,골목형상점가,대전광역시,,,
eb319afc11eb8f5bae9e,full_annotation_v1,A,q_피자_08,피자추천,음식점 중 '피자'를 판매·제공하는 매장,train,피자,T6 기계변형,1e7add31-d217-41ad-acd5-f031c18dba28,선우맞춤형산후케어광주광역시지사,산후도우미 서비스,우산행복주택,골목형상점가,광주광역시,,,
7a2c206a90371b13d1be,full_annotation_v1,A,q_피자_08,피자추천,음식점 중 '피자'를 판매·제공하는 매장,train,피자,T6 기계변형,d0748c55-21ac-441e-9ed5-bbc001435913,비버 피자,피자,의왕예술의거리골목형상점가,골목형상점가,경기도,,,
1104a04370b32d46b6d1,full_annotation_v1,A,q_피자_08,피자추천,음식점 중 '피자'를 판매·제공하는 매장,train,피자,T6 기계변형,013420d6-557d-45f7-9c34-e9fb1e490077,올리브 피자,피자,매곡 골목형상점가,골목형상점가,대구광역시,,,
948af01881cb39f6ebbd,full_annotation_v1,A,q_피자_08,피자추천,음식점 중 '피자'를 판매·제공하는 매장,train,피자,T6 기계변형,d368ca54-37ea-4624-b5b4-d393a9c0c60a,탑피자,피자,화순중앙로골목형상점가,골목형상점가,전라남도,,,
826963c103c63f5743a9,full_annotation_v1,A,q_피자_08,피자추천,음식점 중 '피자'를 판매·제공하는 매장,train,피자,T6 기계변형,2cffd3ca-481a-4ef7-8239-e65c0d774f8e,피자코코,피자,장미꽃빛거리 골목형상점가,골목형상점가,서울특별시,,,
b13350cc31a125fc7b98,full_annotation_v1,A,q_피자_08,피자추천,음식점 중 '피자'를 판매·제공하는 매장,train,피자,T6 기계변형,53292391-977f-4287-8e60-54150edafda2,피자런,피자,루원음식문화거리,골목형상점가,인천광역시,,,
10f326e4e08d516b0b2e,full_annotation_v1,A,q_피자_08,피자추천,음식점 중 '피자'를 판매·제공하는 매장,train,피자,T6 기계변형,a7112e8a-d7aa-4d2e-a5fe-21312b42487b,자피아나 피자,피자,부전마켓타운 시장활성화구역,상권활성화구역,부산광역시,,,
6a449b19a76da140a92b,full_annotation_v1,A,q_피자_08,피자추천,음식점 중 '피자'를 판매·제공하는 매장,train,피자,T6 기계변형,433b5964-3116-40d7-ab3a-9cd16fc0ff75,피자에꿈,피자,참샘상인회 골목형상점가,골목형상점가,광주광역시,,,
276bca995f9f7bd64cf4,full_annotation_v1,A,q_피자_08,피자추천,음식점 중 '피자'를 판매·제공하는 매장,train,피자,T6 기계변형,f2a6ed61-7dad-486d-96f5-c24fe108f9e1,남대문정육점,육류,남대문시장,전통시장,서울특별시,,,
47f1a750d20d3025a940,full_annotation_v1,A,q_피자_08,피자추천,음식점 중 '피자'를 판매·제공하는 매장,train,피자,T6 기계변형,726bd2e7-098f-40a3-ae9b-7cfe6a6f689f,주노구두,구두,청주서문시장,전통시장,충청북도,,,
4f05a863ca0ebb49d87d,full_annotation_v1,A,q_피자_08,피자추천,음식점 중 '피자'를 판매·제공하는 매장,train,피자,T6 기계변형,edfb5308-d4da-4f02-b477-0712955f625d,피자헐,피자,병점중심상가,자율상권구역,경기도,,,
cc0472f61ad60218024f,full_annotation_v1,A,q_피자_08,피자추천,음식점 중 '피자'를 판매·제공하는 매장,train,피자,T6 기계변형,de7a84a8-1d72-4831-88b7-02010c5af08c,피자박스,피자,양산 나래메트로시티 골목형상점가,골목형상점가,경상남도,,,
0662216bb5af8cda1324,full_annotation_v1,A,q_피자_08,피자추천,음식점 중 '피자'를 판매·제공하는 매장,train,피자,T6 기계변형,f3f51e88-8e76-4521-bcd7-f0892d093e19,라쿤피자,피자,용강동상점가,자율상권구역,서울특별시,,,
053deb3da0a6319ae79d,full_annotation_v1,A,q_피자_08,피자추천,음식점 중 '피자'를 판매·제공하는 매장,train,피자,T6 기계변형,16bfa8ef-6f8f-4407-b1c6-ef562eede4d6,친정맘산후관리,산후도우미 직업소개소,양림동 골목형상점가,골목형상점가,광주광역시,,,
68ae363c6a46ee25198b,full_annotation_v1,A,q_피자_08,피자추천,음식점 중 '피자'를 판매·제공하는 매장,train,피자,T6 기계변형,dee000fe-923b-4fa8-8cec-023f633612c9,피자어셈블,피자,동백중심상가 골목형상점가,골목형상점가,경기도,,,
8636166cf0fcfe764ec6,full_annotation_v1,A,q_피자_08,피자추천,음식점 중 '피자'를 판매·제공하는 매장,train,피자,T6 기계변형,164695db-57cb-4270-b56e-4206d71d2c5a,피자뉴스,피자,유성문화원 골목형상점가,골목형상점가,대전광역시,,,
b5ff6839ba4e7ba40064,full_annotation_v1,A,q_피자_08,피자추천,음식점 중 '피자'를 판매·제공하는 매장,train,피자,T6 기계변형,a2fbc5f2-ae3a-480f-97be-2d9834d1a737,피자나눔터,피자,양주가래비중앙로상점가,골목형상점가,경기도,,,
815d059be43cdcda18bb,full_annotation_v1,A,q_피자_08,피자추천,음식점 중 '피자'를 판매·제공하는 매장,train,피자,T6 기계변형,209174a7-aea9-4ad2-88e2-e430cfdee24c,신뿌리백화점,신발,부천자유시장,전통시장,경기도,,,
41e614caf1d919eb6d6e,full_annotation_v1,A,q_피자_08,피자추천,음식점 중 '피자'를 판매·제공하는 매장,train,피자,T6 기계변형,bb01846e-36f6-483d-a257-d27888618fb4,나라서적,서적,흥국상가,자율상권구역,전라남도,,,
f3eede6cbec0a3d51234,full_annotation_v1,A,q_피자_08,피자추천,음식점 중 '피자'를 판매·제공하는 매장,train,피자,T6 기계변형,421a23fe-c648-48a6-a996-f0d60dae66d3,마터케어,가정방문 산후도우미 서비스,김해 대우유토피아상가,골목형상점가,경상남도,,,
84546b698e4107348d36,full_annotation_v1,A,q_피자_08,피자추천,음식점 중 '피자'를 판매·제공하는 매장,train,피자,T6 기계변형,3ce9ab54-4adf-4bf1-aaf7-f444bdce3a39,피자엉클,피자,송정벚꽃골목형상점가,골목형상점가,서울특별시,,,
544f9ec1a6625dc28461,full_annotation_v1,A,q_피자_08,피자추천,음식점 중 '피자'를 판매·제공하는 매장,train,피자,T6 기계변형,8d52c07c-117d-450e-96a5-6127031b2c9b,피자행투,피자,장성읍 골목형상점가,골목형상점가,전라남도,,,
15bc1b0fc72057ed33ce,full_annotation_v1,A,q_피자_08,피자추천,음식점 중 '피자'를 판매·제공하는 매장,train,피자,T6 기계변형,1e305b3d-87f9-4b8e-9c4c-52550a958ed7,피자랑,피자,사근살곶이골목형상점가,골목형상점가,서울특별시,,,
33f6a506b03915cf4f1c,full_annotation_v1,A,q_피자_08,피자추천,음식점 중 '피자'를 판매·제공하는 매장,train,피자,T6 기계변형,62cb4272-6ff8-4b75-ae38-a0d74eee39f3,미스터피자 서광주점,피자,화삼골상인회 골목형상점가,골목형상점가,광주광역시,,,
6ac94d2c626a8bc56b93,full_annotation_v1,A,q_피자_08,피자추천,음식점 중 '피자'를 판매·제공하는 매장,train,피자,T6 기계변형,c77c7c23-34bd-439f-9daf-4c86bd46a4d0,피자클럽,피자,진다리로 백운1동 골목형상점가,골목형상점가,광주광역시,,,
0ce765d1dc2b4f4a3b8a,full_annotation_v1,A,q_피자_08,피자추천,음식점 중 '피자'를 판매·제공하는 매장,train,피자,T6 기계변형,5763f503-15b5-45a7-b41d-305b79d9a0fa,소문난 도우분식,,모라전통시장,전통시장,부산광역시,,,
1f082ad3d0fb60e91aac,full_annotation_v1,A,q_한복_01,한복,패션·잡화 중 '한복'을 판매·제공하는 매장,test,한복,T4 구어·문장,00ac3078-caa7-424e-9231-c68b60f56f92,세이웨딩,웨딩드레스대여,송도 아트포레 판매시설 골목형상점가,골목형상점가,인천광역시,,,
bb876a0e2e5325bbbca5,full_annotation_v1,A,q_한복_01,한복,패션·잡화 중 '한복'을 판매·제공하는 매장,test,한복,T4 구어·문장,a712bc19-5ed1-458f-ac23-240e8efb089c,더리터 수원경기대점,커피,연무 골목형상점가,골목형상점가,경기도,,,
087edba28907bf9bfb7b,full_annotation_v1,A,q_한복_01,한복,패션·잡화 중 '한복'을 판매·제공하는 매장,test,한복,T4 구어·문장,0d036f3d-df0d-4ed6-a573-a18b1de39811,장미한복,한복,길음시장,전통시장,서울특별시,,,
632c21b74c8e7247a480,full_annotation_v1,A,q_한복_01,한복,패션·잡화 중 '한복'을 판매·제공하는 매장,test,한복,T4 구어·문장,b1ccb14d-a476-4f9c-9691-ca1e3a6a28c5,합천상회,한복,서문시장 제1지구2층(포목시장),전통시장,대구광역시,,,
f0f4d6f513bae9319505,full_annotation_v1,A,q_한복_01,한복,패션·잡화 중 '한복'을 판매·제공하는 매장,test,한복,T4 구어·문장,06b5ffc0-e544-4cf8-9642-f394c7327682,미광상회,한복,순천원도심상점가,자율상권구역,전라남도,,,
6ee1f3668d24bcd2bc81,full_annotation_v1,A,q_한복_01,한복,패션·잡화 중 '한복'을 판매·제공하는 매장,test,한복,T4 구어·문장,c3c0833f-7e9f-468e-8e86-04ba74725dd0,김현아한복,한복,근영누리 골목형상점가,골목형상점가,전북특별자치도,,,
471411244ec12fd9b568,full_annotation_v1,A,q_한복_01,한복,패션·잡화 중 '한복'을 판매·제공하는 매장,test,한복,T4 구어·문장,11669cd1-e65d-4539-92be-bc35ba91737c,원더풀웨딩,,대봉서한포레스트,골목형상점가,대구광역시,,,
0f004e83a6b2473a04f4,full_annotation_v1,A,q_한복_01,한복,패션·잡화 중 '한복'을 판매·제공하는 매장,test,한복,T4 구어·문장,f088cbb9-71f2-4f1f-a348-88e8131e66b1,청실홍실,한복,양동시장,전통시장,,,,
a0d610f60a00795c5f25,full_annotation_v1,A,q_한복_01,한복,패션·잡화 중 '한복'을 판매·제공하는 매장,test,한복,T4 구어·문장,825b4f00-cdd1-4cbf-8018-8b9678f43c60,서울한복,한복,공주산성시장,전통시장,충청남도,,,
0b007bee12ea3e732c2c,full_annotation_v1,A,q_한복_01,한복,패션·잡화 중 '한복'을 판매·제공하는 매장,test,한복,T4 구어·문장,97c62e8c-1aaa-4ba6-8553-55546ba69f0d,한복우영경,한복,마산 오동동 창동 어시장 상권활성화구역,상권활성화구역,경상남도,,,
e92118201f0d6c508a1e,full_annotation_v1,A,q_한복_01,한복,패션·잡화 중 '한복'을 판매·제공하는 매장,test,한복,T4 구어·문장,2d2ea938-e325-4400-80dd-4f6f667f2057,한복마루,한복,종로5가역일번출구상점가,자율상권구역,서울특별시,,,
cc38eca41a258a14a734,full_annotation_v1,A,q_한복_01,한복,패션·잡화 중 '한복'을 판매·제공하는 매장,test,한복,T4 구어·문장,79179220-14e2-48ae-931d-dc44207cc834,한복1호,한복,춘천중앙시장,전통시장,강원특별자치도,,,
d9da48b63911ee152428,full_annotation_v1,A,q_한복_01,한복,패션·잡화 중 '한복'을 판매·제공하는 매장,test,한복,T4 구어·문장,f5dae12a-2ec0-49c9-9ce7-f801e244b34f,제주돈갈비,한식,태봉마을 골목형상점가,골목형상점가,경기도,,,
cf965e5ca15051aa4f39,full_annotation_v1,A,q_한복_01,한복,패션·잡화 중 '한복'을 판매·제공하는 매장,test,한복,T4 구어·문장,47f0a0f4-a630-4f70-bbdc-dc6001056698,청실한복,한복,길음시장,전통시장,서울특별시,,,
bbd1cf8e52be84d8de9a,full_annotation_v1,A,q_한복_01,한복,패션·잡화 중 '한복'을 판매·제공하는 매장,test,한복,T4 구어·문장,038882ae-58c6-440b-aa4f-184bc2f4223d,보네르웨딩 대구점,,대봉모리 골목형상점가,골목형상점가,대구광역시,,,
870e23853375f6a934e4,full_annotation_v1,A,q_한복_01,한복,패션·잡화 중 '한복'을 판매·제공하는 매장,test,한복,T4 구어·문장,00c3c29f-87af-47fd-8ff7-0388875001b3,송한복,한복,김해 동상전통시장,전통시장,경상남도,,,
1c3a1bc733a2952ff82f,full_annotation_v1,A,q_한복_01,한복,패션·잡화 중 '한복'을 판매·제공하는 매장,test,한복,T4 구어·문장,7902d12b-9644-4295-808f-00f61c5bdc4f,청도상회,한복,부산진시장,전통시장,부산광역시,,,
5dbea03330691816b1f6,full_annotation_v1,A,q_한복_01,한복,패션·잡화 중 '한복'을 판매·제공하는 매장,test,한복,T4 구어·문장,30dad1ce-725e-42d0-b7e7-bd23199d7735,장미한복,한복,반송큰시장,전통시장,부산광역시,,,
1c0be09358fdb56d234f,full_annotation_v1,A,q_한복_01,한복,패션·잡화 중 '한복'을 판매·제공하는 매장,test,한복,T4 구어·문장,01e74fa1-18aa-4637-8924-300b81159fb9,목화주단,한복,장천동상가,자율상권구역,전라남도,,,
3e4b36406a08a703191f,full_annotation_v1,A,q_한복_01,한복,패션·잡화 중 '한복'을 판매·제공하는 매장,test,한복,T4 구어·문장,8e88490b-c9a1-448c-b991-a4588bc849e8,청실홍실,한복,마산 부림시장,전통시장,경상남도,,,
eeced9081a841441742e,full_annotation_v1,A,q_한복_01,한복,패션·잡화 중 '한복'을 판매·제공하는 매장,test,한복,T4 구어·문장,2f3e3ec3-6bea-4bb1-9f93-3934ab5f370d,한목,한복,원주자유시장,전통시장,강원특별자치도,,,
c427a501b0d64a17c659,full_annotation_v1,A,q_한복_01,한복,패션·잡화 중 '한복'을 판매·제공하는 매장,test,한복,T4 구어·문장,5bd2611a-cf96-402d-8b3d-2fd25159b5ea,아형한복,한복,광장시장,전통시장,서울특별시,,,
a560fe4dfbf2a1c93ee6,full_annotation_v1,A,q_한복_01,한복,패션·잡화 중 '한복'을 판매·제공하는 매장,test,한복,T4 구어·문장,9d1474f0-e211-4995-bd4d-b1de7408ab3f,더날,한복,석세스,골목형상점가,광주광역시,,,
831509f94e3aa6c5e8dd,full_annotation_v1,A,q_한복_01,한복,패션·잡화 중 '한복'을 판매·제공하는 매장,test,한복,T4 구어·문장,8cfc7a63-ba96-4a29-8a4d-0ca814d3e5bb,대영신발,신발,정서진중앙시장(구 서구중앙시장),전통시장,인천광역시,,,
cf60051e2705dcf11ee4,full_annotation_v1,A,q_한복_01,한복,패션·잡화 중 '한복'을 판매·제공하는 매장,test,한복,T4 구어·문장,02dddce0-2593-41db-96c4-c67c3cf0bb09,동진상회,한복,서문시장 제1지구1층(직물시장),전통시장,대구광역시,,,
14f76149ee4bfaee70f7,full_annotation_v1,A,q_한복_01,한복,패션·잡화 중 '한복'을 판매·제공하는 매장,test,한복,T4 구어·문장,73905162-bbb9-48a1-a840-6d3a911124df,이화주단,한복,횡성전통시장,전통시장,강원특별자치도,,,
c0966c1efe30061a4f0f,full_annotation_v1,A,q_한복_01,한복,패션·잡화 중 '한복'을 판매·제공하는 매장,test,한복,T4 구어·문장,00c1d894-3324-4f16-aeb3-a94ca47af3ac,금실주단,한복,서문시장 제1지구1층(직물시장),전통시장,대구광역시,,,
915cbe9f4f64806f0d67,full_annotation_v1,A,q_한복_01,한복,패션·잡화 중 '한복'을 판매·제공하는 매장,test,한복,T4 구어·문장,a75f0684-c4de-455b-b62b-ebfa233b102e,장미한복,한복,거제 고현종합시장,전통시장,경상남도,,,
8189a4a710273dec2075,full_annotation_v1,A,q_한복_01,한복,패션·잡화 중 '한복'을 판매·제공하는 매장,test,한복,T4 구어·문장,25c23a24-9785-45ff-8c64-797b9d6fbe39,명문주단,한복,광장시장,전통시장,서울특별시,,,
a1d9156345194e45dc6f,full_annotation_v1,A,q_한복_01,한복,패션·잡화 중 '한복'을 판매·제공하는 매장,test,한복,T4 구어·문장,ba1b3b4c-c585-40ee-a1e5-0bdc7e91f6f7,라연,한복,보람동 골목형상점가,골목형상점가,세종특별자치시,,,
aee5bd163933475c2a2c,full_annotation_v1,A,q_한복_01,한복,패션·잡화 중 '한복'을 판매·제공하는 매장,test,한복,T4 구어·문장,a0184390-bf89-4ec7-bc85-693d14c89fc1,서울한복,한복,부산진시장,전통시장,부산광역시,,,
d17c71009173f8a6fb25,full_annotation_v1,A,q_한복_01,한복,패션·잡화 중 '한복'을 판매·제공하는 매장,test,한복,T4 구어·문장,af94883e-a07f-4ba6-b177-bb41d3759f65,평화상회,한복,부산진시장,전통시장,부산광역시,,,
502ae934f71d578430b2,full_annotation_v1,A,q_한복_01,한복,패션·잡화 중 '한복'을 판매·제공하는 매장,test,한복,T4 구어·문장,d40ad0d1-3b26-4dd2-ace2-14ae1a9857b9,데레사한복,한복,강화중앙시장(A·B동),전통시장,인천광역시,,,
5294fbce6e00b303ce61,full_annotation_v1,A,q_한복_01,한복,패션·잡화 중 '한복'을 판매·제공하는 매장,test,한복,T4 구어·문장,75003a5f-2dfe-4f87-8672-ed3df170f642,청실주단,한복,종오지하쇼핑센터,일반지하상점가,서울특별시,,,
c9f6b4879621eb900df8,full_annotation_v1,A,q_한복_01,한복,패션·잡화 중 '한복'을 판매·제공하는 매장,test,한복,T4 구어·문장,e73be00c-0698-409a-8edb-dd025b035793,대우상회,한복,부산진시장,전통시장,부산광역시,,,
0728b4878baab5e88f71,full_annotation_v1,A,q_한복_01,한복,패션·잡화 중 '한복'을 판매·제공하는 매장,test,한복,T4 구어·문장,56578280-77c2-43bf-b6fc-7e526c4b238e,수진상회,한복,성남프라자,전통시장,울산광역시,,,
74419be691c5bbe0298d,full_annotation_v1,A,q_한복_01,한복,패션·잡화 중 '한복'을 판매·제공하는 매장,test,한복,T4 구어·문장,da5f9fea-1598-40db-8755-02ff1f454032,름한복,한복,부산진시장,전통시장,부산광역시,,,
d31df4c27cbea4754144,full_annotation_v1,A,q_한복_01,한복,패션·잡화 중 '한복'을 판매·제공하는 매장,test,한복,T4 구어·문장,db482f5b-58b8-45f8-884f-6b236f7f1d91,명훈상회,한복,성남프라자,전통시장,울산광역시,,,
b88073ac2036008ea293,full_annotation_v1,A,q_한복_01,한복,패션·잡화 중 '한복'을 판매·제공하는 매장,test,한복,T4 구어·문장,0f3a8ff9-2e83-48dd-9bad-88969584a132,원 웨딩컨설팅,웨딩컨설팅,호남동불로동천변 골목형상점가,골목형상점가,광주광역시,,,
40916a60fcb1db94ef36,full_annotation_v1,A,q_한복_01,한복,패션·잡화 중 '한복'을 판매·제공하는 매장,test,한복,T4 구어·문장,a34949f9-89e8-4ed3-a8fb-c6172ab2f81a,보은상회,한복,부산진시장,전통시장,부산광역시,,,
a6f21813e43b6746932d,full_annotation_v1,A,q_한복_01,한복,패션·잡화 중 '한복'을 판매·제공하는 매장,test,한복,T4 구어·문장,067f6264-4724-41fa-aeb2-98bec9f1f517,(주)더그린컴퍼니,웨딩컨설팅,송도 아트포레 판매시설 골목형상점가,골목형상점가,인천광역시,,,
78a3196cc67904eb69c5,full_annotation_v1,A,q_한복_01,한복,패션·잡화 중 '한복'을 판매·제공하는 매장,test,한복,T4 구어·문장,154d22b0-7ea3-483f-887a-d58660ce890c,백색지한복,한복,운천상무시장 골목형상점가,골목형상점가,광주광역시,,,
13a623879c5d162a477c,full_annotation_v1,A,q_한복_01,한복,패션·잡화 중 '한복'을 판매·제공하는 매장,test,한복,T4 구어·문장,621d0939-e321-49fe-9eab-e43b7d8add43,들풀,한복,성남중앙지하시장,일반지하상점가,경기도,,,
0e3c5e442cd8e7291533,full_annotation_v1,A,q_한복_01,한복,패션·잡화 중 '한복'을 판매·제공하는 매장,test,한복,T4 구어·문장,d76b6fda-4f75-4662-b5b4-4a7376d039a3,금성상회,한복,횡성전통시장,전통시장,강원특별자치도,,,
d5cf5680f7ed32df3790,full_annotation_v1,A,q_한복_01,한복,패션·잡화 중 '한복'을 판매·제공하는 매장,test,한복,T4 구어·문장,0bd002b4-f2c5-412e-a911-120fd6233ce3,이룸한복,한복,호남동불로동천변 골목형상점가,골목형상점가,광주광역시,,,
c718213fc79f11e2cbdc,full_annotation_v1,A,q_한복_01,한복,패션·잡화 중 '한복'을 판매·제공하는 매장,test,한복,T4 구어·문장,ef47be0c-4ed5-4ed6-ac7f-834a0a5d6cd3,한복파랑,한복,청계5가 쇼핑센터,일반지하상점가,서울특별시,,,
4f74c4838668711055e1,full_annotation_v1,A,q_한복_01,한복,패션·잡화 중 '한복'을 판매·제공하는 매장,test,한복,T4 구어·문장,d4d3d0bd-d199-49a9-afee-421bbf6dd9e9,고려한복,한복,남해전통시장,전통시장,경상남도,,,
6e8669b69ac7e6b12057,full_annotation_v1,A,q_한복_01,한복,패션·잡화 중 '한복'을 판매·제공하는 매장,test,한복,T4 구어·문장,45a8ca70-99dd-40c4-b55d-e7db45a7d2e4,희한복,한복,커낼워크상점가,골목형상점가,인천광역시,,,
d9da9e9a82b63ac88e22,full_annotation_v1,A,q_한복_01,한복,패션·잡화 중 '한복'을 판매·제공하는 매장,test,한복,T4 구어·문장,c1b44ef9-f6aa-4eca-b696-dde96f2cf597,환주한복,한복,선산봉황시장(구 선산종합시장),전통시장,경상북도,,,
0e5d9e65fdc280bf4619,full_annotation_v1,A,q_한복_01,한복,패션·잡화 중 '한복'을 판매·제공하는 매장,test,한복,T4 구어·문장,11b7c727-73ee-4cc7-b331-8c87a0e2e0b2,온,한복,문지동 골목형상점가,골목형상점가,대전광역시,,,
6b4fec5c55423b731797,full_annotation_v1,A,q_한복_01,한복,패션·잡화 중 '한복'을 판매·제공하는 매장,test,한복,T4 구어·문장,e287bd42-b193-4df5-b187-360ee1df39f4,사임당한복,한복,사거리온누리 골목형상점가,골목형상점가,충청남도,,,
a564852a9a473b4d3692,full_annotation_v1,A,q_한복_01,한복,패션·잡화 중 '한복'을 판매·제공하는 매장,test,한복,T4 구어·문장,66dfe2b5-55f2-4bb3-9b9e-105261d33358,미림한복,한복,동문시장㈜,전통시장,제주특별자치도,,,
bf410beb76b48a6c915f,full_annotation_v1,A,q_한복_01,한복,패션·잡화 중 '한복'을 판매·제공하는 매장,test,한복,T4 구어·문장,18acff46-9084-4a88-b5e8-ad94c0f66974,이쁜한복,한복,전주한옥마을 골목형상점가,골목형상점가,전북특별자치도,,,
14d15776dbd3602c7c41,full_annotation_v1,A,q_한복_01,한복,패션·잡화 중 '한복'을 판매·제공하는 매장,test,한복,T4 구어·문장,4af0e3d9-2b15-4c5c-b53b-60dafea8ae77,광주상회,한복,양동시장,전통시장,광주광역시,,,
240f8ece46067328ba8a,full_annotation_v1,A,q_한복_01,한복,패션·잡화 중 '한복'을 판매·제공하는 매장,test,한복,T4 구어·문장,b4f01ee6-846d-4728-9d19-236f460d46d7,수련한복,한복,무주반딧불상권활성화구역,상권활성화구역,전북특별자치도,,,
752ff804b11f7f7934db,full_annotation_v1,A,q_한복_01,한복,패션·잡화 중 '한복'을 판매·제공하는 매장,test,한복,T4 구어·문장,c20d2783-2dfd-47b0-aff1-64035d5a2c62,충남한복,한복,일산서문상점가,자율상권구역,경기도,,,
b214c05268f0295f1f91,full_annotation_v1,A,q_한복_01,한복,패션·잡화 중 '한복'을 판매·제공하는 매장,test,한복,T4 구어·문장,976e88f2-7515-40ab-a495-8223ef1d7b20,한복,한복,종오지하쇼핑센터,일반지하상점가,서울특별시,,,
ab8ff668c28919f80135,full_annotation_v1,A,q_한복_01,한복,패션·잡화 중 '한복'을 판매·제공하는 매장,test,한복,T4 구어·문장,ec3f3e08-d35e-43d3-9064-0041064b65b5,성민실크,한복,서문시장 제1지구1층(직물시장),전통시장,대구광역시,,,
dbd231ec3380bd67f208,full_annotation_v1,A,q_한복_01,한복,패션·잡화 중 '한복'을 판매·제공하는 매장,test,한복,T4 구어·문장,04b71878-8fd2-497b-ae87-157151589255,신부클럽(한복),한복,정서진중앙시장(구 서구중앙시장),전통시장,인천광역시,,,
027886c9c304d237606b,full_annotation_v1,A,q_한복_01,한복,패션·잡화 중 '한복'을 판매·제공하는 매장,test,한복,T4 구어·문장,e8678447-f62c-491d-9476-e212cc4629ad,여원주단. 한복,소매(한복),군산공설시장,전통시장,전북특별자치도,,,
4c7627491835adf9801f,full_annotation_v1,A,q_한복_01,한복,패션·잡화 중 '한복'을 판매·제공하는 매장,test,한복,T4 구어·문장,d9b5bf6c-028e-4334-9526-2443baff809d,대궁한복,한복,포항죽도시장,전통시장,경상북도,,,
4ec2cbd6e5a6fd83d7cc,full_annotation_v1,A,q_한복_01,한복,패션·잡화 중 '한복'을 판매·제공하는 매장,test,한복,T4 구어·문장,71218425-a420-4f89-8f4b-8b81ef735747,비담한복,한복,두암지구입구 골목형상점가,골목형상점가,광주광역시,,,
d08c305fbc1f7669bc13,full_annotation_v1,A,q_한복_01,한복,패션·잡화 중 '한복'을 판매·제공하는 매장,test,한복,T4 구어·문장,f8c405a3-c7a8-4d79-91d6-fa55815060f1,개미한복,한복,광복지하도상가,일반지하상점가,부산광역시,,,
7a420f07a8b50e51b5af,full_annotation_v1,A,q_한복_01,한복,패션·잡화 중 '한복'을 판매·제공하는 매장,test,한복,T4 구어·문장,7d4e9c8e-40fd-41bf-a0a4-eff725e96bf9,밀각시베이커리,제빵,반딧불이연무시장,전통시장,경기도,,,
c1c59c87ebeefb6a9899,full_annotation_v1,A,q_한복_01,한복,패션·잡화 중 '한복'을 판매·제공하는 매장,test,한복,T4 구어·문장,6fe46b2a-e989-409f-9551-3d174d064dbc,이브자리,한복,진천중앙시장,전통시장,충청북도,,,
976b09b872834dcf4090,full_annotation_v1,A,q_한복_01,한복,패션·잡화 중 '한복'을 판매·제공하는 매장,test,한복,T4 구어·문장,93b04b72-7d20-4a9f-afd9-7b617856ed06,뉘앙스,의류,인천중앙로지하상가,일반지하상점가,인천광역시,,,
85074be18a1bab457502,full_annotation_v1,A,q_한복_01,한복,패션·잡화 중 '한복'을 판매·제공하는 매장,test,한복,T4 구어·문장,2806002e-a76e-4437-ba05-3e410d3ef814,최은희 한복,한복,안양중앙인정시장,전통시장,경기도,,,
8a5336ccdb7f35119fb1,full_annotation_v1,A,q_한복_01,한복,패션·잡화 중 '한복'을 판매·제공하는 매장,test,한복,T4 구어·문장,3ba5561b-a671-4b73-a052-99000d7a1df6,하동상회,한복,부산진시장,전통시장,부산광역시,,,
4e2b0b31ca2b537253ae,full_annotation_v1,A,q_한복_01,한복,패션·잡화 중 '한복'을 판매·제공하는 매장,test,한복,T4 구어·문장,833fe49c-860b-4cf4-889e-86e51a68d91c,누리달한복공방,한복,경동시장,전통시장,서울특별시,,,
273d568d0137107787d3,full_annotation_v1,A,q_한복_01,한복,패션·잡화 중 '한복'을 판매·제공하는 매장,test,한복,T4 구어·문장,fcc4f6e6-bdce-44b7-85d2-f86770970597,현대상회,채소,팔달신시장,전통시장,대구광역시,,,
503fd3c9934e92264c78,full_annotation_v1,A,q_한복_01,한복,패션·잡화 중 '한복'을 판매·제공하는 매장,test,한복,T4 구어·문장,5060fe21-3227-4aad-a62f-94bc94d84d1a,대창상회,한복,서문시장 제1지구1층(직물시장),전통시장,대구광역시,,,
a36801f5bd913d3b931b,full_annotation_v1,A,q_한복_01,한복,패션·잡화 중 '한복'을 판매·제공하는 매장,test,한복,T4 구어·문장,f4255a10-d10e-44c1-9a6d-4886426d24e7,수정상회,한복,부산진시장,전통시장,부산광역시,,,
4309f85384837a35390d,full_annotation_v1,A,q_한복_01,한복,패션·잡화 중 '한복'을 판매·제공하는 매장,test,한복,T4 구어·문장,906d5b84-9fd4-44a8-aaed-d0d5ee72d28f,서울한복,한복,고산구시장 상점가,자율상권구역,전북특별자치도,,,
2f6a506653be95749243,full_annotation_v1,A,q_한복_01,한복,패션·잡화 중 '한복'을 판매·제공하는 매장,test,한복,T4 구어·문장,202d5983-ad00-4a2d-ad35-dba7d65bbc0a,형제상회,한복,포항죽도시장,전통시장,경상북도,,,
e3f5de2187f0395e09ff,full_annotation_v1,A,q_한복_01,한복,패션·잡화 중 '한복'을 판매·제공하는 매장,test,한복,T4 구어·문장,804d54a7-89b6-4236-8ea9-7a20833e8c67,안동상회,한복,부산진시장,전통시장,부산광역시,,,
50112265921bc5b5bfb5,full_annotation_v1,A,q_한복_01,한복,패션·잡화 중 '한복'을 판매·제공하는 매장,test,한복,T4 구어·문장,7114e24d-8f88-45c0-a80c-6a13de2e5e8e,누리개량한복,한복,자유도매시장,전통시장,대전광역시,,,
f24a65148569e04dad85,full_annotation_v1,A,q_한복_01,한복,패션·잡화 중 '한복'을 판매·제공하는 매장,test,한복,T4 구어·문장,ca7b87f4-bed8-4afd-9d19-6f6b18dc4b9f,수한복,한복,종오지하쇼핑센터,일반지하상점가,서울특별시,,,
0fe1f9fe47ff8f20b4ab,full_annotation_v1,A,q_한복_01,한복,패션·잡화 중 '한복'을 판매·제공하는 매장,test,한복,T4 구어·문장,8f28c77f-9b9a-4667-9353-571994b3e4e0,공주상회,한복,서문시장 제1지구1층(직물시장),전통시장,대구광역시,,,
4c5af79e8f235f7ddf5a,full_annotation_v1,A,q_한복_01,한복,패션·잡화 중 '한복'을 판매·제공하는 매장,test,한복,T4 구어·문장,bcdd760b-1226-415c-9809-b59d0d695aa0,유니한복,한복,대봉동웨딩거리상점가,자율상권구역,대구광역시,,,
202b10af9cef10d77a11,full_annotation_v1,A,q_한복_01,한복,패션·잡화 중 '한복'을 판매·제공하는 매장,test,한복,T4 구어·문장,63e92035-d2b0-4f46-8e3a-76d6c9db8724,이지현 한복,한복,서문시장 제1지구1층(직물시장),전통시장,대구광역시,,,
2edf6f5ab1d7c2933fcb,full_annotation_v1,A,q_한복_01,한복,패션·잡화 중 '한복'을 판매·제공하는 매장,test,한복,T4 구어·문장,6b9cec79-6338-42dd-a4a9-2a080a07a975,대동한복,한복,진도 남문로 상권활성화구역,상권활성화구역,전라남도,,,
c361f72ab74f395049d4,full_annotation_v1,A,q_한복_01,한복,패션·잡화 중 '한복'을 판매·제공하는 매장,test,한복,T4 구어·문장,5d05b651-bc1b-41f1-a8d7-49c61003712c,고현미한복집,한복,광명전통시장,전통시장,경기도,,,
76393ffbc16bc65b5153,full_annotation_v1,A,q_한복_01,한복,패션·잡화 중 '한복'을 판매·제공하는 매장,test,한복,T4 구어·문장,173f447d-b504-44d2-9bdd-b0153777824b,영광한복,한복,마산 부림시장,전통시장,경상남도,,,
cd3e2d1b17ef109ad937,full_annotation_v1,A,q_한복_01,한복,패션·잡화 중 '한복'을 판매·제공하는 매장,test,한복,T4 구어·문장,5b74722e-0b6d-4e89-b6ef-18324b54ccde,서울한복,한복,용현시장,전통시장,인천광역시,,,
1c246ac5d4256bfcc33f,full_annotation_v1,A,q_한복_01,한복,패션·잡화 중 '한복'을 판매·제공하는 매장,test,한복,T4 구어·문장,e3fb0bf5-0e37-45a1-a132-47c523c9725f,진아,한복,공주산성시장,전통시장,충청남도,,,
e1202853e847ccacbaa5,full_annotation_v1,A,q_한복_01,한복,패션·잡화 중 '한복'을 판매·제공하는 매장,test,한복,T4 구어·문장,0ed3ad4f-b3a2-42be-9675-7bab187c7dc7,현대상회,한복,부산진시장,전통시장,부산광역시,,,
9b14ec695ec018464d7e,full_annotation_v1,A,q_한복_01,한복,패션·잡화 중 '한복'을 판매·제공하는 매장,test,한복,T4 구어·문장,7965649a-0877-43ec-8edd-abdab37afa32,한복촌,한복,의정부제일시장,전통시장,경기도,,,
ce551d62b61decfda066,full_annotation_v1,A,q_한복_01,한복,패션·잡화 중 '한복'을 판매·제공하는 매장,test,한복,T4 구어·문장,00245c02-047e-4e41-8165-b7cb89adff8d,고전사랑,한복,서문시장 제1지구1층(직물시장),전통시장,대구광역시,,,
0f1b6ac053156a95dfef,full_annotation_v1,A,q_한복_01,한복,패션·잡화 중 '한복'을 판매·제공하는 매장,test,한복,T4 구어·문장,5a6afcbe-49ff-416f-b13a-06611a221c9a,태왕주단,한복,충장로45가 상점가,자율상권구역,광주광역시,,,
8674c7899975b6334a94,full_annotation_v1,A,q_한복_01,한복,패션·잡화 중 '한복'을 판매·제공하는 매장,test,한복,T4 구어·문장,69e3eb67-5f64-472a-86b7-bfee986a4fd1,라경한복,한복,중앙메가프라자,전통시장,대전광역시,,,
2e1bbfeb972115f23891,full_annotation_v1,A,q_한복_01,한복,패션·잡화 중 '한복'을 판매·제공하는 매장,test,한복,T4 구어·문장,3db39b44-055b-47cc-a67d-7d87406614c1,김진숙한복,한복,성안길상점가,자율상권구역,충청북도,,,
55dc28d2fc1e81cc4d1f,full_annotation_v1,A,q_한복_01,한복,패션·잡화 중 '한복'을 판매·제공하는 매장,test,한복,T4 구어·문장,1b1e1182-fcb4-4f3a-80d1-ebc82ac0b82a,덕선한복,한복,부산진시장,전통시장,부산광역시,,,
90de4e76baed18221f9d,full_annotation_v1,A,q_한복_01,한복,패션·잡화 중 '한복'을 판매·제공하는 매장,test,한복,T4 구어·문장,bb8d1039-d774-4c5c-b577-ec71694878b3,강경상회,미곡,대전상가,전통시장,대전광역시,,,
c0e00d0fab1f8f9e5f80,full_annotation_v1,A,q_한복_01,한복,패션·잡화 중 '한복'을 판매·제공하는 매장,test,한복,T4 구어·문장,564ff050-c82e-4c40-a402-2c956ac55c5e,경주건어물,건어물,오천시장,전통시장,경상북도,,,
036640324079b5f3e44e,full_annotation_v1,A,q_한복_01,한복,패션·잡화 중 '한복'을 판매·제공하는 매장,test,한복,T4 구어·문장,ffa0962f-36c6-4c1b-a42a-543b28ec0e14,한지숙한복,한복,부천자유시장,전통시장,경기도,,,
7805463f8e9f86fc2ee4,full_annotation_v1,A,q_한복_01,한복,패션·잡화 중 '한복'을 판매·제공하는 매장,test,한복,T4 구어·문장,4ec4e106-aa5c-48c4-8876-df2d10d5ef0c,서울한복,한복,왜관시장,전통시장,경상북도,,,
f43384b0341a2e8e5720,full_annotation_v1,A,q_한복_01,한복,패션·잡화 중 '한복'을 판매·제공하는 매장,test,한복,T4 구어·문장,9b659c8c-85d1-4274-831c-dc610df0ea1d,미광한복,한복,구미종합제일시장,전통시장,경상북도,,,
ac469a477ddf045b68ab,full_annotation_v1,A,q_한복_01,한복,패션·잡화 중 '한복'을 판매·제공하는 매장,test,한복,T4 구어·문장,9f515a94-4102-4c42-a697-4b55687d1af7,성진상회,한복,서문시장 제1지구1층(직물시장),전통시장,대구광역시,,,
533ffc7099b26fb0cf6f,full_annotation_v1,A,q_한복_01,한복,패션·잡화 중 '한복'을 판매·제공하는 매장,test,한복,T4 구어·문장,c251dc36-a60a-44e8-942b-502b25ea74be,진주한복,한복,부산진시장,전통시장,부산광역시,,,
7ed217090d9b356feb08,full_annotation_v1,A,q_한복_01,한복,패션·잡화 중 '한복'을 판매·제공하는 매장,test,한복,T4 구어·문장,8591e5a8-ff00-4e9a-8a5c-f6c9fcf97521,샤론한복,한복,중앙시장,전통시장,인천광역시,,,
90599a67c75d3ab7176f,full_annotation_v1,A,q_한복_01,한복,패션·잡화 중 '한복'을 판매·제공하는 매장,test,한복,T4 구어·문장,df989012-341a-41f7-8d28-81610521800c,상주상회,한복,중앙종합시장,전통시장,대전광역시,,,
50020f746a59501c99bc,full_annotation_v1,A,q_한복_01,한복,패션·잡화 중 '한복'을 판매·제공하는 매장,test,한복,T4 구어·문장,32ba7a97-4240-4157-9d9a-4607a526483a,명승주단,한복,구례5일시장,전통시장,전라남도,,,
c2ab7f13673efc57f065,full_annotation_v1,A,q_한복_01,한복,패션·잡화 중 '한복'을 판매·제공하는 매장,test,한복,T4 구어·문장,82116e88-302c-40a8-adb8-46cfdd91b7db,두꺼비직물,한복,광장시장,전통시장,서울특별시,,,
1f0fe90e9850b6baa17e,full_annotation_v1,A,q_한복_01,한복,패션·잡화 중 '한복'을 판매·제공하는 매장,test,한복,T4 구어·문장,9513c77f-d186-48b4-a0a9-750cc4a1e6cb,금림,한복,제2경주중심상가시장(경주봉황중심상가시장),전통시장,경상북도,,,
7b4786809425afe7202c,full_annotation_v1,A,q_한복_01,한복,패션·잡화 중 '한복'을 판매·제공하는 매장,test,한복,T4 구어·문장,e35713ae-00ff-4204-8461-498e375da127,하나한복,한복,군산공설시장,전통시장,전북특별자치도,,,
1afe2e91a6440b075e4c,full_annotation_v1,A,q_한복_01,한복,패션·잡화 중 '한복'을 판매·제공하는 매장,test,한복,T4 구어·문장,d42fd0b6-3a11-47e7-9b29-ed1bbbc7e2d3,나비한복,한복,서문시장 제1지구2층(포목시장),전통시장,대구광역시,,,
4cde6a1b28f4f6e53032,full_annotation_v1,A,q_한복_01,한복,패션·잡화 중 '한복'을 판매·제공하는 매장,test,한복,T4 구어·문장,da02ab00-3b4f-41bc-b9e5-13ac29cee895,진여한복,한복,장천동상가,자율상권구역,전라남도,,,
f899690f9b098423bb85,full_annotation_v1,A,q_한복_01,한복,패션·잡화 중 '한복'을 판매·제공하는 매장,test,한복,T4 구어·문장,cabf5244-6aea-4396-86ab-78bbd6c81b44,형제상회,한복,부산진시장,전통시장,부산광역시,,,
e6b91b778aca772b6cb7,full_annotation_v1,A,q_한복_01,한복,패션·잡화 중 '한복'을 판매·제공하는 매장,test,한복,T4 구어·문장,927b3439-70a2-4aa2-ba85-13482a879854,별고전한복,한복,의정부제일시장,전통시장,경기도,,,
603aa27f8dd57c79437f,full_annotation_v1,A,q_한복_01,한복,패션·잡화 중 '한복'을 판매·제공하는 매장,test,한복,T4 구어·문장,61ca0e89-1c70-47e5-860e-e4b4e12460be,대천주단,한복,서문시장 제1지구2층(포목시장),전통시장,대구광역시,,,
cc4d2c41833840a84ec5,full_annotation_v1,A,q_한복_01,한복,패션·잡화 중 '한복'을 판매·제공하는 매장,test,한복,T4 구어·문장,5bdb748c-8e3a-4037-b681-a8180fe646b7,예원(한복),"한복, 이불",춘천중앙시장,전통시장,강원특별자치도,,,
1e5666836cd55bf102c1,full_annotation_v1,A,q_한복_01,한복,패션·잡화 중 '한복'을 판매·제공하는 매장,test,한복,T4 구어·문장,157f82ea-dacb-416f-9efa-bac3fb738169,다온한복,한복,원주중앙로문화의거리,자율상권구역,강원특별자치도,,,
d47b0d3432b9f0d8191c,full_annotation_v1,A,q_한복_01,한복,패션·잡화 중 '한복'을 판매·제공하는 매장,test,한복,T4 구어·문장,e878b64c-4a23-4720-8a52-1fbb97b7b522,함지박주단,한복,동대문지하상가(구 동대문지하쇼핑센터),일반지하상점가,서울특별시,,,
1473d6a2389f4bee6855,full_annotation_v1,A,q_한복_01,한복,패션·잡화 중 '한복'을 판매·제공하는 매장,test,한복,T4 구어·문장,7508a835-91ed-44d2-beb3-3fefd363f303,장미한복,한복,수영팔도시장(구 수영팔도상가시장),전통시장,부산광역시,,,
98bff2e349375b9bca77,full_annotation_v1,A,q_한복_01,한복,패션·잡화 중 '한복'을 판매·제공하는 매장,test,한복,T4 구어·문장,01a85ccc-159c-4ee6-9351-fc0447f12c33,목화상회,한복,송정매일시장,전통시장,광주광역시,,,
6d6f371c06121c2412b3,full_annotation_v1,A,q_한복_01,한복,패션·잡화 중 '한복'을 판매·제공하는 매장,test,한복,T4 구어·문장,8d9501bd-9a6d-4905-9933-35126ec73b36,대창상회,한복,하양꿈바우시장,전통시장,경상북도,,,
a7c37b606a52bcfe5deb,full_annotation_v1,A,q_한복_01,한복,패션·잡화 중 '한복'을 판매·제공하는 매장,test,한복,T4 구어·문장,80339c73-c918-4ed2-b4e8-f024600ab185,대구청담채한복,한복,대봉청 골목형상점가,골목형상점가,대구광역시,,,
f345368e019859c48d5e,full_annotation_v1,A,q_한복_01,한복,패션·잡화 중 '한복'을 판매·제공하는 매장,test,한복,T4 구어·문장,9c8a6b98-f2cb-4996-98e5-2ddb81e56094,서순령 한복,한복,삼산가구전문거리,골목형상점가,울산광역시,,,
a990130d3c0346e84ed0,full_annotation_v1,A,q_한복_01,한복,패션·잡화 중 '한복'을 판매·제공하는 매장,test,한복,T4 구어·문장,19f43ad8-6264-49d4-ba59-d2a44ebfda58,더고운,한복,하단자율상권구역,,부산광역시,,,
a842c3476cb6232385a4,full_annotation_v1,A,q_한복_01,한복,패션·잡화 중 '한복'을 판매·제공하는 매장,test,한복,T4 구어·문장,241eeeba-59f0-45c7-aff2-5b90b285b0f7,부산상회,한복,동래시장,전통시장,부산광역시,,,
3c68f4b459af2eebd440,full_annotation_v1,A,q_한복_02,한복 맞추는 곳,패션·잡화 중 '한복'을 판매·제공하는 매장,test,한복,T4 구어·문장,906d5b84-9fd4-44a8-aaed-d0d5ee72d28f,서울한복,한복,고산구시장 상점가,자율상권구역,전북특별자치도,,,
50ce91d0616c1cf939a5,full_annotation_v1,A,q_한복_02,한복 맞추는 곳,패션·잡화 중 '한복'을 판매·제공하는 매장,test,한복,T4 구어·문장,11b7c727-73ee-4cc7-b331-8c87a0e2e0b2,온,한복,문지동 골목형상점가,골목형상점가,대전광역시,,,
a04315105cc3c40fbe89,full_annotation_v1,A,q_한복_02,한복 맞추는 곳,패션·잡화 중 '한복'을 판매·제공하는 매장,test,한복,T4 구어·문장,3039feb4-8557-498c-8d54-ad413af18bfb,베다니한복,한복,의정부제일시장,전통시장,경기도,,,
be559f30f14fded8df39,full_annotation_v1,A,q_한복_02,한복 맞추는 곳,패션·잡화 중 '한복'을 판매·제공하는 매장,test,한복,T4 구어·문장,154d22b0-7ea3-483f-887a-d58660ce890c,백색지한복,한복,운천상무시장 골목형상점가,골목형상점가,광주광역시,,,
f88ad4a3f8463a9d4128,full_annotation_v1,A,q_한복_02,한복 맞추는 곳,패션·잡화 중 '한복'을 판매·제공하는 매장,test,한복,T4 구어·문장,9b659c8c-85d1-4274-831c-dc610df0ea1d,미광한복,한복,구미종합제일시장,전통시장,경상북도,,,
a6298460207dd2bd75ed,full_annotation_v1,A,q_한복_02,한복 맞추는 곳,패션·잡화 중 '한복'을 판매·제공하는 매장,test,한복,T4 구어·문장,9c8a6b98-f2cb-4996-98e5-2ddb81e56094,서순령 한복,한복,삼산가구전문거리,골목형상점가,울산광역시,,,
b0e6d99d51e9738b90fb,full_annotation_v1,A,q_한복_02,한복 맞추는 곳,패션·잡화 중 '한복'을 판매·제공하는 매장,test,한복,T4 구어·문장,da5f9fea-1598-40db-8755-02ff1f454032,름한복,한복,부산진시장,전통시장,부산광역시,,,
ad27d1acdc91702b54db,full_annotation_v1,A,q_한복_02,한복 맞추는 곳,패션·잡화 중 '한복'을 판매·제공하는 매장,test,한복,T4 구어·문장,24456103-f6b8-46af-8655-82e61d7265d8,커피가 머무르는 곳,커피,반드레길골목형상점가,골목형상점가,서울특별시,,,
d82b8863960d2b139fd3,full_annotation_v1,A,q_한복_02,한복 맞추는 곳,패션·잡화 중 '한복'을 판매·제공하는 매장,test,한복,T4 구어·문장,8e88490b-c9a1-448c-b991-a4588bc849e8,청실홍실,한복,마산 부림시장,전통시장,경상남도,,,
03d44be732840c483115,full_annotation_v1,A,q_한복_02,한복 맞추는 곳,패션·잡화 중 '한복'을 판매·제공하는 매장,test,한복,T4 구어·문장,f088cbb9-71f2-4f1f-a348-88e8131e66b1,청실홍실,한복,양동시장,전통시장,,,,
0581f9e6296cf0505c4b,full_annotation_v1,A,q_한복_02,한복 맞추는 곳,패션·잡화 중 '한복'을 판매·제공하는 매장,test,한복,T4 구어·문장,dc03f761-e1c3-4dbe-b6f7-47ddfbaafba3,조원숙한복연구소,한복,계산시장,전통시장,인천광역시,,,
f5d9215326c90a340ea7,full_annotation_v1,A,q_한복_02,한복 맞추는 곳,패션·잡화 중 '한복'을 판매·제공하는 매장,test,한복,T4 구어·문장,763e6471-67b1-4be4-bd92-6193bbad0b60,정서진손칼국수,국수,정서진중앙시장(구 서구중앙시장),전통시장,인천광역시,,,
aac0612d50ca7cf4efd9,full_annotation_v1,A,q_한복_02,한복 맞추는 곳,패션·잡화 중 '한복'을 판매·제공하는 매장,test,한복,T4 구어·문장,25c23a24-9785-45ff-8c64-797b9d6fbe39,명문주단,한복,광장시장,전통시장,서울특별시,,,
baa4b1c44c41f064b44e,full_annotation_v1,A,q_한복_02,한복 맞추는 곳,패션·잡화 중 '한복'을 판매·제공하는 매장,test,한복,T4 구어·문장,4af0e3d9-2b15-4c5c-b53b-60dafea8ae77,광주상회,한복,양동시장,전통시장,광주광역시,,,
398878b7782b7fdeec07,full_annotation_v1,A,q_한복_02,한복 맞추는 곳,패션·잡화 중 '한복'을 판매·제공하는 매장,test,한복,T4 구어·문장,a99aa07e-2b1d-47b0-b2c7-2735d7ab3dc7,이지의상실,한복,광장전통시장,자율상권구역,서울특별시,,,
d9d25b3f87f02e1dc85a,full_annotation_v1,A,q_한복_02,한복 맞추는 곳,패션·잡화 중 '한복'을 판매·제공하는 매장,test,한복,T4 구어·문장,0d036f3d-df0d-4ed6-a573-a18b1de39811,장미한복,한복,길음시장,전통시장,서울특별시,,,
3ae4e6e687d81d3ff4af,full_annotation_v1,A,q_한복_02,한복 맞추는 곳,패션·잡화 중 '한복'을 판매·제공하는 매장,test,한복,T4 구어·문장,00ac3078-caa7-424e-9231-c68b60f56f92,세이웨딩,웨딩드레스대여,송도 아트포레 판매시설 골목형상점가,골목형상점가,인천광역시,,,
c0e2222cc258338b96d5,full_annotation_v1,A,q_한복_02,한복 맞추는 곳,패션·잡화 중 '한복'을 판매·제공하는 매장,test,한복,T4 구어·문장,0f3a8ff9-2e83-48dd-9bad-88969584a132,원 웨딩컨설팅,웨딩컨설팅,호남동불로동천변 골목형상점가,골목형상점가,광주광역시,,,
82ea68bae0d2e7722362,full_annotation_v1,A,q_한복_02,한복 맞추는 곳,패션·잡화 중 '한복'을 판매·제공하는 매장,test,한복,T4 구어·문장,4ec4e106-aa5c-48c4-8876-df2d10d5ef0c,서울한복,한복,왜관시장,전통시장,경상북도,,,
a972025546af15d2705d,full_annotation_v1,A,q_한복_02,한복 맞추는 곳,패션·잡화 중 '한복'을 판매·제공하는 매장,test,한복,T4 구어·문장,63e92035-d2b0-4f46-8e3a-76d6c9db8724,이지현 한복,한복,서문시장 제1지구1층(직물시장),전통시장,대구광역시,,,
71190ec01a5f52adc2df,full_annotation_v1,A,q_한복_02,한복 맞추는 곳,패션·잡화 중 '한복'을 판매·제공하는 매장,test,한복,T4 구어·문장,2806002e-a76e-4437-ba05-3e410d3ef814,최은희 한복,한복,안양중앙인정시장,전통시장,경기도,,,
739642c57597592c6824,full_annotation_v1,A,q_한복_02,한복 맞추는 곳,패션·잡화 중 '한복'을 판매·제공하는 매장,test,한복,T4 구어·문장,7114e24d-8f88-45c0-a80c-6a13de2e5e8e,누리개량한복,한복,자유도매시장,전통시장,대전광역시,,,
6d24b5a90a87aefe8c04,full_annotation_v1,A,q_한복_02,한복 맞추는 곳,패션·잡화 중 '한복'을 판매·제공하는 매장,test,한복,T4 구어·문장,1b1e1182-fcb4-4f3a-80d1-ebc82ac0b82a,덕선한복,한복,부산진시장,전통시장,부산광역시,,,
f0da2290bdf882ea4788,full_annotation_v1,A,q_한복_02,한복 맞추는 곳,패션·잡화 중 '한복'을 판매·제공하는 매장,test,한복,T4 구어·문장,8d727c8d-54f8-4965-b6bb-2922d613d53a,금영코리아,,"금남로4,5가 골목형상점가",골목형상점가,,,,
eaa03221305b7a544bec,full_annotation_v1,A,q_한복_02,한복 맞추는 곳,패션·잡화 중 '한복'을 판매·제공하는 매장,test,한복,T4 구어·문장,b1ccb14d-a476-4f9c-9691-ca1e3a6a28c5,합천상회,한복,서문시장 제1지구2층(포목시장),전통시장,대구광역시,,,
92545e71780085a0ff4d,full_annotation_v1,A,q_한복_02,한복 맞추는 곳,패션·잡화 중 '한복'을 판매·제공하는 매장,test,한복,T4 구어·문장,8a43ed94-e92a-4357-ae0f-910c2cffd671,한라주단,한복,광장시장,전통시장,서울특별시,,,
8a15d7ba6dcc41151b4d,full_annotation_v1,A,q_한복_02,한복 맞추는 곳,패션·잡화 중 '한복'을 판매·제공하는 매장,test,한복,T4 구어·문장,ca7b87f4-bed8-4afd-9d19-6f6b18dc4b9f,수한복,한복,종오지하쇼핑센터,일반지하상점가,서울특별시,,,
0a7cb50ec04912321f4e,full_annotation_v1,A,q_한복_02,한복 맞추는 곳,패션·잡화 중 '한복'을 판매·제공하는 매장,test,한복,T4 구어·문장,5bdb748c-8e3a-4037-b681-a8180fe646b7,예원(한복),"한복, 이불",춘천중앙시장,전통시장,강원특별자치도,,,
5adbcfbac18d470cd26e,full_annotation_v1,A,q_한복_02,한복 맞추는 곳,패션·잡화 중 '한복'을 판매·제공하는 매장,test,한복,T4 구어·문장,d76b6fda-4f75-4662-b5b4-4a7376d039a3,금성상회,한복,횡성전통시장,전통시장,강원특별자치도,,,
b2c3261de3b457eab5c9,full_annotation_v1,A,q_한복_02,한복 맞추는 곳,패션·잡화 중 '한복'을 판매·제공하는 매장,test,한복,T4 구어·문장,76a3551b-dae4-4326-92cc-662015aedbfb,쉴 곳,한식,칠성로상점가,자율상권구역,제주특별자치도,,,
6b7e604c074f1e0bfb2d,full_annotation_v1,A,q_한복_02,한복 맞추는 곳,패션·잡화 중 '한복'을 판매·제공하는 매장,test,한복,T4 구어·문장,30dad1ce-725e-42d0-b7e7-bd23199d7735,장미한복,한복,반송큰시장,전통시장,부산광역시,,,
c239bbc74216c15b5a88,full_annotation_v1,A,q_한복_02,한복 맞추는 곳,패션·잡화 중 '한복'을 판매·제공하는 매장,test,한복,T4 구어·문장,88c42e86-6cdf-4519-aa90-eb2168de4d5a,우리옷명인,한복,서문시장 제1지구1층(직물시장),전통시장,대구광역시,,,
91368c469ce60f01c92d,full_annotation_v1,A,q_한복_02,한복 맞추는 곳,패션·잡화 중 '한복'을 판매·제공하는 매장,test,한복,T4 구어·문장,0ed3ad4f-b3a2-42be-9675-7bab187c7dc7,현대상회,한복,부산진시장,전통시장,부산광역시,,,
a812f6a27fa1d9de5d53,full_annotation_v1,A,q_한복_02,한복 맞추는 곳,패션·잡화 중 '한복'을 판매·제공하는 매장,test,한복,T4 구어·문장,241eeeba-59f0-45c7-aff2-5b90b285b0f7,부산상회,한복,동래시장,전통시장,부산광역시,,,
105bff116ac2ebefe2ac,full_annotation_v1,A,q_한복_02,한복 맞추는 곳,패션·잡화 중 '한복'을 판매·제공하는 매장,test,한복,T4 구어·문장,ec3f3e08-d35e-43d3-9064-0041064b65b5,성민실크,한복,서문시장 제1지구1층(직물시장),전통시장,대구광역시,,,
9e23ffa08445a3ba8dbc,full_annotation_v1,A,q_한복_02,한복 맞추는 곳,패션·잡화 중 '한복'을 판매·제공하는 매장,test,한복,T4 구어·문장,05f61aac-89ed-4dcb-a65b-bec44db79e2e,만수무강,한복,패션의거리,자율상권구역,광주광역시,,,
8d714a3649478ba701f0,full_annotation_v1,A,q_한복_02,한복 맞추는 곳,패션·잡화 중 '한복'을 판매·제공하는 매장,test,한복,T4 구어·문장,7965649a-0877-43ec-8edd-abdab37afa32,한복촌,한복,의정부제일시장,전통시장,경기도,,,
0b1109888166df3aa5c3,full_annotation_v1,A,q_한복_02,한복 맞추는 곳,패션·잡화 중 '한복'을 판매·제공하는 매장,test,한복,T4 구어·문장,04b71878-8fd2-497b-ae87-157151589255,신부클럽(한복),한복,정서진중앙시장(구 서구중앙시장),전통시장,인천광역시,,,
2ea42da47200966a028d,full_annotation_v1,A,q_한복_02,한복 맞추는 곳,패션·잡화 중 '한복'을 판매·제공하는 매장,test,한복,T4 구어·문장,0bd002b4-f2c5-412e-a911-120fd6233ce3,이룸한복,한복,호남동불로동천변 골목형상점가,골목형상점가,광주광역시,,,
fe4dec47c2eee4e92b7f,full_annotation_v1,A,q_한복_02,한복 맞추는 곳,패션·잡화 중 '한복'을 판매·제공하는 매장,test,한복,T4 구어·문장,e8678447-f62c-491d-9476-e212cc4629ad,여원주단. 한복,소매(한복),군산공설시장,전통시장,전북특별자치도,,,
d1fcbde22fdded6cf5d3,full_annotation_v1,A,q_한복_02,한복 맞추는 곳,패션·잡화 중 '한복'을 판매·제공하는 매장,test,한복,T4 구어·문장,95771270-2aad-4c54-b0d1-c02482c70a8d,우도돼지네땅콩만두올레본점,즉석식품제조(만두),서귀포매일올레시장,전통시장,제주특별자치도,,,
df19521631c9d4113636,full_annotation_v1,A,q_한복_02,한복 맞추는 곳,패션·잡화 중 '한복'을 판매·제공하는 매장,test,한복,T4 구어·문장,8591e5a8-ff00-4e9a-8a5c-f6c9fcf97521,샤론한복,한복,중앙시장,전통시장,인천광역시,,,
b78c2b3c7603f0da09ab,full_annotation_v1,A,q_한복_02,한복 맞추는 곳,패션·잡화 중 '한복'을 판매·제공하는 매장,test,한복,T4 구어·문장,a75f0684-c4de-455b-b62b-ebfa233b102e,장미한복,한복,거제 고현종합시장,전통시장,경상남도,,,
34710ac4ff4672cb49ba,full_annotation_v1,A,q_한복_02,한복 맞추는 곳,패션·잡화 중 '한복'을 판매·제공하는 매장,test,한복,T4 구어·문장,825b4f00-cdd1-4cbf-8018-8b9678f43c60,서울한복,한복,공주산성시장,전통시장,충청남도,,,
c9f09a1cb490bbaa2d28,full_annotation_v1,A,q_한복_02,한복 맞추는 곳,패션·잡화 중 '한복'을 판매·제공하는 매장,test,한복,T4 구어·문장,6ec634f7-8f9e-4d14-a5d7-32018a6000bd,유인상회,농산물,관고전통시장,전통시장,경기도,,,
139f4c28c9f800ba8ed0,full_annotation_v1,A,q_한복_02,한복 맞추는 곳,패션·잡화 중 '한복'을 판매·제공하는 매장,test,한복,T4 구어·문장,00245c02-047e-4e41-8165-b7cb89adff8d,고전사랑,한복,서문시장 제1지구1층(직물시장),전통시장,대구광역시,,,
e8297ac6fec1952c2f8f,full_annotation_v1,A,q_한복_02,한복 맞추는 곳,패션·잡화 중 '한복'을 판매·제공하는 매장,test,한복,T4 구어·문장,c251dc36-a60a-44e8-942b-502b25ea74be,진주한복,한복,부산진시장,전통시장,부산광역시,,,
9d03386f85d241dda2cc,full_annotation_v1,A,q_한복_02,한복 맞추는 곳,패션·잡화 중 '한복'을 판매·제공하는 매장,test,한복,T4 구어·문장,9d1474f0-e211-4995-bd4d-b1de7408ab3f,더날,한복,석세스,골목형상점가,광주광역시,,,
50a049eb75220d4974b3,full_annotation_v1,A,q_한복_02,한복 맞추는 곳,패션·잡화 중 '한복'을 판매·제공하는 매장,test,한복,T4 구어·문장,00c1d894-3324-4f16-aeb3-a94ca47af3ac,금실주단,한복,서문시장 제1지구1층(직물시장),전통시장,대구광역시,,,
dfffbf949c5d481804af,full_annotation_v1,A,q_한복_02,한복 맞추는 곳,패션·잡화 중 '한복'을 판매·제공하는 매장,test,한복,T4 구어·문장,da02ab00-3b4f-41bc-b9e5-13ac29cee895,진여한복,한복,장천동상가,자율상권구역,전라남도,,,
0c6348d0ddb5ca0263db,full_annotation_v1,A,q_한복_02,한복 맞추는 곳,패션·잡화 중 '한복'을 판매·제공하는 매장,test,한복,T4 구어·문장,5bd2611a-cf96-402d-8b3d-2fd25159b5ea,아형한복,한복,광장시장,전통시장,서울특별시,,,
9f60f3439ad1264d5991,full_annotation_v1,A,q_한복_02,한복 맞추는 곳,패션·잡화 중 '한복'을 판매·제공하는 매장,test,한복,T4 구어·문장,7508a835-91ed-44d2-beb3-3fefd363f303,장미한복,한복,수영팔도시장(구 수영팔도상가시장),전통시장,부산광역시,,,
abe6456f5bd71afe0496,full_annotation_v1,A,q_한복_02,한복 맞추는 곳,패션·잡화 중 '한복'을 판매·제공하는 매장,test,한복,T4 구어·문장,3ba5561b-a671-4b73-a052-99000d7a1df6,하동상회,한복,부산진시장,전통시장,부산광역시,,,
b9955f761827b29cafe4,full_annotation_v1,A,q_한복_02,한복 맞추는 곳,패션·잡화 중 '한복'을 판매·제공하는 매장,test,한복,T4 구어·문장,ba1b3b4c-c585-40ee-a1e5-0bdc7e91f6f7,라연,한복,보람동 골목형상점가,골목형상점가,세종특별자치시,,,
94b1355e0d8672af23a3,full_annotation_v1,A,q_한복_02,한복 맞추는 곳,패션·잡화 중 '한복'을 판매·제공하는 매장,test,한복,T4 구어·문장,f4255a10-d10e-44c1-9a6d-4886426d24e7,수정상회,한복,부산진시장,전통시장,부산광역시,,,
de3beddb81cac25e73ea,full_annotation_v1,A,q_한복_02,한복 맞추는 곳,패션·잡화 중 '한복'을 판매·제공하는 매장,test,한복,T4 구어·문장,d40ad0d1-3b26-4dd2-ace2-14ae1a9857b9,데레사한복,한복,강화중앙시장(A·B동),전통시장,인천광역시,,,
63a3034adf256820f39d,full_annotation_v1,A,q_한복_02,한복 맞추는 곳,패션·잡화 중 '한복'을 판매·제공하는 매장,test,한복,T4 구어·문장,45a8ca70-99dd-40c4-b55d-e7db45a7d2e4,희한복,한복,커낼워크상점가,골목형상점가,인천광역시,,,
4c89d0f6ed0ebf8090a6,full_annotation_v1,A,q_한복_02,한복 맞추는 곳,패션·잡화 중 '한복'을 판매·제공하는 매장,test,한복,T4 구어·문장,e35713ae-00ff-4204-8461-498e375da127,하나한복,한복,군산공설시장,전통시장,전북특별자치도,,,
00aee0ad51f93c57d47a,full_annotation_v1,A,q_한복_02,한복 맞추는 곳,패션·잡화 중 '한복'을 판매·제공하는 매장,test,한복,T4 구어·문장,63a223d4-d125-4111-83ee-b1c53f792152,안선희주단,한복,하양꿈바우시장,전통시장,경상북도,,,
cf983f0c0847ca6931d7,full_annotation_v1,A,q_한복_02,한복 맞추는 곳,패션·잡화 중 '한복'을 판매·제공하는 매장,test,한복,T4 구어·문장,2743811c-5e71-4d2b-aa75-1b0147d44f2d,사우 꽃이 피는 곳,꽃,김포 풍년마을 골목형상점가,골목형상점가,경기도,,,
ec6960ca475f7c8eac53,full_annotation_v1,A,q_한복_02,한복 맞추는 곳,패션·잡화 중 '한복'을 판매·제공하는 매장,test,한복,T4 구어·문장,d12d0460-1373-4995-a893-279be2ef1bfa,승희한복,한복,㈜신정시장,전통시장,울산광역시,,,
a24f4eb0bee75e992657,full_annotation_v1,A,q_한복_02,한복 맞추는 곳,패션·잡화 중 '한복'을 판매·제공하는 매장,test,한복,T4 구어·문장,3a785855-e22c-470d-bd44-725b8297a95d,오늘집밥,한식,가오리골목형상점가,골목형상점가,서울특별시,,,
c2f8fb1ef50b607b8cb9,full_annotation_v1,A,q_한복_02,한복 맞추는 곳,패션·잡화 중 '한복'을 판매·제공하는 매장,test,한복,T4 구어·문장,9f515a94-4102-4c42-a697-4b55687d1af7,성진상회,한복,서문시장 제1지구1층(직물시장),전통시장,대구광역시,,,
332f4304500e08f87672,full_annotation_v1,A,q_한복_02,한복 맞추는 곳,패션·잡화 중 '한복'을 판매·제공하는 매장,test,한복,T4 구어·문장,8d9501bd-9a6d-4905-9933-35126ec73b36,대창상회,한복,하양꿈바우시장,전통시장,경상북도,,,
76bd2a9f6cddbf6ccc7b,full_annotation_v1,A,q_한복_02,한복 맞추는 곳,패션·잡화 중 '한복'을 판매·제공하는 매장,test,한복,T4 구어·문장,cfdd31be-dd9a-4699-9ee3-5261bc95998a,고전한복,한복,진주 중앙시장,전통시장,경상남도,,,
2c5bde0bbf78ea21011e,full_annotation_v1,A,q_한복_02,한복 맞추는 곳,패션·잡화 중 '한복'을 판매·제공하는 매장,test,한복,T4 구어·문장,df989012-341a-41f7-8d28-81610521800c,상주상회,한복,중앙종합시장,전통시장,대전광역시,,,
4ce046c39b4f903e8e87,full_annotation_v1,A,q_한복_02,한복 맞추는 곳,패션·잡화 중 '한복'을 판매·제공하는 매장,test,한복,T4 구어·문장,82116e88-302c-40a8-adb8-46cfdd91b7db,두꺼비직물,한복,광장시장,전통시장,서울특별시,,,
db734a00bdadc0a4ac16,full_annotation_v1,A,q_한복_02,한복 맞추는 곳,패션·잡화 중 '한복'을 판매·제공하는 매장,test,한복,T4 구어·문장,2d2ea938-e325-4400-80dd-4f6f667f2057,한복마루,한복,종로5가역일번출구상점가,자율상권구역,서울특별시,,,
a0cc53075698df5e94fd,full_annotation_v1,A,q_한복_02,한복 맞추는 곳,패션·잡화 중 '한복'을 판매·제공하는 매장,test,한복,T4 구어·문장,66dfe2b5-55f2-4bb3-9b9e-105261d33358,미림한복,한복,동문시장㈜,전통시장,제주특별자치도,,,
7665bf213a1cc28ae0da,full_annotation_v1,A,q_한복_02,한복 맞추는 곳,패션·잡화 중 '한복'을 판매·제공하는 매장,test,한복,T4 구어·문장,833fe49c-860b-4cf4-889e-86e51a68d91c,누리달한복공방,한복,경동시장,전통시장,서울특별시,,,
6ec13d975b907d95d578,full_annotation_v1,A,q_한복_02,한복 맞추는 곳,패션·잡화 중 '한복'을 판매·제공하는 매장,test,한복,T4 구어·문장,ef47be0c-4ed5-4ed6-ac7f-834a0a5d6cd3,한복파랑,한복,청계5가 쇼핑센터,일반지하상점가,서울특별시,,,
d59a2c71fc94c06932dd,full_annotation_v1,A,q_한복_02,한복 맞추는 곳,패션·잡화 중 '한복'을 판매·제공하는 매장,test,한복,T4 구어·문장,7bec45ea-83a5-4572-8dbd-a8e329081a13,고왕수산,수산물,마산가고파수산시장,전통시장,경상남도,,,
21d7997a3c670fc84089,full_annotation_v1,A,q_한복_02,한복 맞추는 곳,패션·잡화 중 '한복'을 판매·제공하는 매장,test,한복,T4 구어·문장,0fe46bd9-5077-4395-b7e9-7dbd41d4d8f5,만만한복,한복,칠성로상점가,자율상권구역,제주특별자치도,,,
5be518fc9fc68d708062,full_annotation_v1,A,q_한복_02,한복 맞추는 곳,패션·잡화 중 '한복'을 판매·제공하는 매장,test,한복,T4 구어·문장,c111ac9d-3f3a-405c-a8db-4d127ccda9e2,행복이 있는 곳,잡화,제주로얄쇼핑센터,자율상권구역,제주특별자치도,,,
d104dcd34c1192232640,full_annotation_v1,A,q_한복_02,한복 맞추는 곳,패션·잡화 중 '한복'을 판매·제공하는 매장,test,한복,T4 구어·문장,8f28c77f-9b9a-4667-9353-571994b3e4e0,공주상회,한복,서문시장 제1지구1층(직물시장),전통시장,대구광역시,,,
0f3994c58bdacdb5eb83,full_annotation_v1,A,q_한복_02,한복 맞추는 곳,패션·잡화 중 '한복'을 판매·제공하는 매장,test,한복,T4 구어·문장,01a85ccc-159c-4ee6-9351-fc0447f12c33,목화상회,한복,송정매일시장,전통시장,광주광역시,,,
1f6b3c4695db3ff681a8,full_annotation_v1,A,q_한복_02,한복 맞추는 곳,패션·잡화 중 '한복'을 판매·제공하는 매장,test,한복,T4 구어·문장,b4f01ee6-846d-4728-9d19-236f460d46d7,수련한복,한복,무주반딧불상권활성화구역,상권활성화구역,전북특별자치도,,,
7cceab93a82466cf8fea,full_annotation_v1,A,q_한복_02,한복 맞추는 곳,패션·잡화 중 '한복'을 판매·제공하는 매장,test,한복,T4 구어·문장,7902d12b-9644-4295-808f-00f61c5bdc4f,청도상회,한복,부산진시장,전통시장,부산광역시,,,
fc72b2555c21c6292e58,full_annotation_v1,A,q_한복_02,한복 맞추는 곳,패션·잡화 중 '한복'을 판매·제공하는 매장,test,한복,T4 구어·문장,2f3e3ec3-6bea-4bb1-9f93-3934ab5f370d,한목,한복,원주자유시장,전통시장,강원특별자치도,,,
48d65a4435dfb2e7fc41,full_annotation_v1,A,q_한복_02,한복 맞추는 곳,패션·잡화 중 '한복'을 판매·제공하는 매장,test,한복,T4 구어·문장,6fe46b2a-e989-409f-9551-3d174d064dbc,이브자리,한복,진천중앙시장,전통시장,충청북도,,,
03e5f3bee225f87fdb71,full_annotation_v1,A,q_한복_02,한복 맞추는 곳,패션·잡화 중 '한복'을 판매·제공하는 매장,test,한복,T4 구어·문장,5a6afcbe-49ff-416f-b13a-06611a221c9a,태왕주단,한복,충장로45가 상점가,자율상권구역,광주광역시,,,
3347d9e70dab62270b45,full_annotation_v1,A,q_한복_02,한복 맞추는 곳,패션·잡화 중 '한복'을 판매·제공하는 매장,test,한복,T4 구어·문장,621d0939-e321-49fe-9eab-e43b7d8add43,들풀,한복,성남중앙지하시장,일반지하상점가,경기도,,,
1612f9eaa60f2216b6b0,full_annotation_v1,A,q_한복_02,한복 맞추는 곳,패션·잡화 중 '한복'을 판매·제공하는 매장,test,한복,T4 구어·문장,c20d2783-2dfd-47b0-aff1-64035d5a2c62,충남한복,한복,일산서문상점가,자율상권구역,경기도,,,
1f8bd75ade88548647b3,full_annotation_v1,A,q_한복_02,한복 맞추는 곳,패션·잡화 중 '한복'을 판매·제공하는 매장,test,한복,T4 구어·문장,173f447d-b504-44d2-9bdd-b0153777824b,영광한복,한복,마산 부림시장,전통시장,경상남도,,,
924efb0fb9906ee0f9c3,full_annotation_v1,A,q_한복_02,한복 맞추는 곳,패션·잡화 중 '한복'을 판매·제공하는 매장,test,한복,T4 구어·문장,5060fe21-3227-4aad-a62f-94bc94d84d1a,대창상회,한복,서문시장 제1지구1층(직물시장),전통시장,대구광역시,,,
a6a32dfb59485d55d80a,full_annotation_v1,A,q_한복_02,한복 맞추는 곳,패션·잡화 중 '한복'을 판매·제공하는 매장,test,한복,T4 구어·문장,9513c77f-d186-48b4-a0a9-750cc4a1e6cb,금림,한복,제2경주중심상가시장(경주봉황중심상가시장),전통시장,경상북도,,,
11bdff71e12867025b80,full_annotation_v1,A,q_한복_02,한복 맞추는 곳,패션·잡화 중 '한복'을 판매·제공하는 매장,test,한복,T4 구어·문장,04fb041f-d976-40db-bbbe-e7d9260cfc5a,홍성내포서점,서적,내포 청사로 골목형 상점가,골목형상점가,충청남도,,,
14456df5d9563d125dc7,full_annotation_v1,A,q_한복_02,한복 맞추는 곳,패션·잡화 중 '한복'을 판매·제공하는 매장,test,한복,T4 구어·문장,d9b5bf6c-028e-4334-9526-2443baff809d,대궁한복,한복,포항죽도시장,전통시장,경상북도,,,
2c9f89ec92d685afb382,full_annotation_v1,A,q_한복_02,한복 맞추는 곳,패션·잡화 중 '한복'을 판매·제공하는 매장,test,한복,T4 구어·문장,976e88f2-7515-40ab-a495-8223ef1d7b20,한복,한복,종오지하쇼핑센터,일반지하상점가,서울특별시,,,
30e62eaf4e30c949f74a,full_annotation_v1,A,q_한복_02,한복 맞추는 곳,패션·잡화 중 '한복'을 판매·제공하는 매장,test,한복,T4 구어·문장,e287bd42-b193-4df5-b187-360ee1df39f4,사임당한복,한복,사거리온누리 골목형상점가,골목형상점가,충청남도,,,
f6df8339cd329ea5189e,full_annotation_v1,A,q_한복_02,한복 맞추는 곳,패션·잡화 중 '한복'을 판매·제공하는 매장,test,한복,T4 구어·문장,157f82ea-dacb-416f-9efa-bac3fb738169,다온한복,한복,원주중앙로문화의거리,자율상권구역,강원특별자치도,,,
1ccf99871d4c86a3229e,full_annotation_v1,A,q_한복_02,한복 맞추는 곳,패션·잡화 중 '한복'을 판매·제공하는 매장,test,한복,T4 구어·문장,f4cff1d8-e8a1-41e6-bebf-4e89ba854e23,영도주단,한복,충장로45가 상점가,자율상권구역,광주광역시,,,
948e729e4b16b1a45749,full_annotation_v1,A,q_한복_02,한복 맞추는 곳,패션·잡화 중 '한복'을 판매·제공하는 매장,test,한복,T4 구어·문장,067f6264-4724-41fa-aeb2-98bec9f1f517,(주)더그린컴퍼니,웨딩컨설팅,송도 아트포레 판매시설 골목형상점가,골목형상점가,인천광역시,,,
67335d36b236b0245fd2,full_annotation_v1,A,q_한복_02,한복 맞추는 곳,패션·잡화 중 '한복'을 판매·제공하는 매장,test,한복,T4 구어·문장,18acff46-9084-4a88-b5e8-ad94c0f66974,이쁜한복,한복,전주한옥마을 골목형상점가,골목형상점가,전북특별자치도,,,
a2b42ca5c17fe8533cb1,full_annotation_v1,A,q_한복_02,한복 맞추는 곳,패션·잡화 중 '한복'을 판매·제공하는 매장,test,한복,T4 구어·문장,71218425-a420-4f89-8f4b-8b81ef735747,비담한복,한복,두암지구입구 골목형상점가,골목형상점가,광주광역시,,,
4e0cfb5b70079b658c1c,full_annotation_v1,A,q_한복_02,한복 맞추는 곳,패션·잡화 중 '한복'을 판매·제공하는 매장,test,한복,T4 구어·문장,2d52a875-b38f-4104-bf1a-fdc6f7ad2749,미화한복,한복,음성시장,전통시장,충청북도,,,
a6dd5e115be29b6c5ca7,full_annotation_v1,A,q_한복_02,한복 맞추는 곳,패션·잡화 중 '한복'을 판매·제공하는 매장,test,한복,T4 구어·문장,ba63bdee-0c1d-4575-a33b-f8a6bc3afc88,처음한복,한복,수완나들목 골목형상점가,골목형상점가,광주광역시,,,
5a32ec0e707b3403567e,full_annotation_v1,A,q_한복_02,한복 맞추는 곳,패션·잡화 중 '한복'을 판매·제공하는 매장,test,한복,T4 구어·문장,cabf5244-6aea-4396-86ab-78bbd6c81b44,형제상회,한복,부산진시장,전통시장,부산광역시,,,
8e54ea038c9d84266aa8,full_annotation_v1,A,q_한복_02,한복 맞추는 곳,패션·잡화 중 '한복'을 판매·제공하는 매장,test,한복,T4 구어·문장,778ef150-96a1-4775-892f-23e90090439c,라라한복,한복,대봉애 골목형상점가,골목형상점가,대구광역시,,,
e48a80db63bad18ac0ec,full_annotation_v1,A,q_한복_02,한복 맞추는 곳,패션·잡화 중 '한복'을 판매·제공하는 매장,test,한복,T4 구어·문장,5b74722e-0b6d-4e89-b6ef-18324b54ccde,서울한복,한복,용현시장,전통시장,인천광역시,,,
6cce931b8f227157d893,full_annotation_v1,A,q_한복_02,한복 맞추는 곳,패션·잡화 중 '한복'을 판매·제공하는 매장,test,한복,T4 구어·문장,927b3439-70a2-4aa2-ba85-13482a879854,별고전한복,한복,의정부제일시장,전통시장,경기도,,,
313ead8c2e52aa62747b,full_annotation_v1,A,q_한복_02,한복 맞추는 곳,패션·잡화 중 '한복'을 판매·제공하는 매장,test,한복,T4 구어·문장,8caecdd5-c7e4-4869-b9cb-d94af05e104e,십이도씨,한복,광장전통시장,자율상권구역,서울특별시,,,
bd7b5c2547f7b938b655,full_annotation_v1,A,q_한복_02,한복 맞추는 곳,패션·잡화 중 '한복'을 판매·제공하는 매장,test,한복,T4 구어·문장,202d5983-ad00-4a2d-ad35-dba7d65bbc0a,형제상회,한복,포항죽도시장,전통시장,경상북도,,,
6e64a52dc10e0a092c12,full_annotation_v1,A,q_한복_02,한복 맞추는 곳,패션·잡화 중 '한복'을 판매·제공하는 매장,test,한복,T4 구어·문장,37869483-b442-4f28-a63d-37f92629c060,갈채,악세사리의류,미금현대벤처빌시장,전통시장,경기도,,,
678582eb3157af87b280,full_annotation_v1,A,q_한복_02,한복 맞추는 곳,패션·잡화 중 '한복'을 판매·제공하는 매장,test,한복,T4 구어·문장,97c62e8c-1aaa-4ba6-8553-55546ba69f0d,한복우영경,한복,마산 오동동 창동 어시장 상권활성화구역,상권활성화구역,경상남도,,,
49aac5165777a2f49513,full_annotation_v1,A,q_한복_02,한복 맞추는 곳,패션·잡화 중 '한복'을 판매·제공하는 매장,test,한복,T4 구어·문장,79179220-14e2-48ae-931d-dc44207cc834,한복1호,한복,춘천중앙시장,전통시장,강원특별자치도,,,
20115a92baabf8a46390,full_annotation_v1,A,q_한복_02,한복 맞추는 곳,패션·잡화 중 '한복'을 판매·제공하는 매장,test,한복,T4 구어·문장,038882ae-58c6-440b-aa4f-184bc2f4223d,보네르웨딩 대구점,,대봉모리 골목형상점가,골목형상점가,대구광역시,,,
28bbc209708f27e44b16,full_annotation_v1,A,q_한복_02,한복 맞추는 곳,패션·잡화 중 '한복'을 판매·제공하는 매장,test,한복,T4 구어·문장,69e3eb67-5f64-472a-86b7-bfee986a4fd1,라경한복,한복,중앙메가프라자,전통시장,대전광역시,,,
22287187fb451124b017,full_annotation_v1,A,q_한복_02,한복 맞추는 곳,패션·잡화 중 '한복'을 판매·제공하는 매장,test,한복,T4 구어·문장,804d54a7-89b6-4236-8ea9-7a20833e8c67,안동상회,한복,부산진시장,전통시장,부산광역시,,,
33499ea89faf4d13a682,full_annotation_v1,A,q_한복_02,한복 맞추는 곳,패션·잡화 중 '한복'을 판매·제공하는 매장,test,한복,T4 구어·문장,11669cd1-e65d-4539-92be-bc35ba91737c,원더풀웨딩,,대봉서한포레스트,골목형상점가,대구광역시,,,
e4b9915effb9ffa2cfbe,full_annotation_v1,A,q_한복_02,한복 맞추는 곳,패션·잡화 중 '한복'을 판매·제공하는 매장,test,한복,T4 구어·문장,af94883e-a07f-4ba6-b177-bb41d3759f65,평화상회,한복,부산진시장,전통시장,부산광역시,,,
3aaa9acc0b37ff41bf13,full_annotation_v1,A,q_한복_02,한복 맞추는 곳,패션·잡화 중 '한복'을 판매·제공하는 매장,test,한복,T4 구어·문장,a0184390-bf89-4ec7-bc85-693d14c89fc1,서울한복,한복,부산진시장,전통시장,부산광역시,,,
2c6e952e5ab02e9d2e5f,full_annotation_v1,A,q_한복_02,한복 맞추는 곳,패션·잡화 중 '한복'을 판매·제공하는 매장,test,한복,T4 구어·문장,00c3c29f-87af-47fd-8ff7-0388875001b3,송한복,한복,김해 동상전통시장,전통시장,경상남도,,,
e570a5bce0c17dfd38ab,full_annotation_v1,A,q_한복_02,한복 맞추는 곳,패션·잡화 중 '한복'을 판매·제공하는 매장,test,한복,T4 구어·문장,01e74fa1-18aa-4637-8924-300b81159fb9,목화주단,한복,장천동상가,자율상권구역,전라남도,,,
7dac26a976b05848a909,full_annotation_v1,A,q_한복_02,한복 맞추는 곳,패션·잡화 중 '한복'을 판매·제공하는 매장,test,한복,T4 구어·문장,a54d36ad-0eff-4717-a434-fa804796d3de,유명해한복,한복,군산역전종합시장,전통시장,전북특별자치도,,,
bbe7e220611cca9cecec,full_annotation_v1,A,q_한식_01,한식,음식점 중 '한식'을 판매·제공하는 매장,train,한식,T1 정확표기,fd4bf706-38e0-4067-930b-f69d5e28cffb,김밥천국,한식,발안만세시장(구 발안시장),전통시장,경기도,,,
1208b911c7a1e750bd5e,full_annotation_v1,A,q_한식_01,한식,음식점 중 '한식'을 판매·제공하는 매장,train,한식,T1 정확표기,01b4b567-78d4-4fa1-9bff-25fd01fb1a4c,소문난김치집,김치,중앙먹거리 상인회 골목형상점가,골목형상점가,전라남도,,,
72c1fe85ca0510aad167,full_annotation_v1,A,q_한식_01,한식,음식점 중 '한식'을 판매·제공하는 매장,train,한식,T1 정확표기,00066748-bce9-4daa-b881-7902dad46f14,하단맛집,한식,하단자율상권구역,,부산광역시,,,
85dfb054e60560d4d78a,full_annotation_v1,A,q_한식_01,한식,음식점 중 '한식'을 판매·제공하는 매장,train,한식,T1 정확표기,001a2d82-c062-406b-b63c-9a8f8a4c86fa,열린부뚜막협동조합,"한식뷔페, 도시락, 케이터링, 요리강좌, 창업컨설팅, 행사기획",슬기로운 지족역 골목형상점가,골목형상점가,대전광역시,,,
6c18eb913f932737ac18,full_annotation_v1,A,q_한식_01,한식,음식점 중 '한식'을 판매·제공하는 매장,train,한식,T1 정확표기,7c8db53f-5518-4b9b-94fe-df196c885e8c,김밥천국,한식,성복 온누리 골목형상점가,골목형상점가,경기도,,,
7083f74d49ade1e7b5ab,full_annotation_v1,A,q_한식_01,한식,음식점 중 '한식'을 판매·제공하는 매장,train,한식,T1 정확표기,769c42de-80d5-487f-9344-fd092ace837b,오얏,한식,아시아음식문화거리 골목형상점가,골목형상점가,광주광역시,,,
fbbab4e2f9e933234b27,full_annotation_v1,A,q_한식_01,한식,음식점 중 '한식'을 판매·제공하는 매장,train,한식,T1 정확표기,7b548b31-3c12-4cf5-9a76-bc2026144283,꼬엥,한식,중앙로상점가,자율상권구역,제주특별자치도,,,
789bd977615e3b61f3f3,full_annotation_v1,A,q_한식_01,한식,음식점 중 '한식'을 판매·제공하는 매장,train,한식,T1 정확표기,9f1c56f7-b517-41ed-a48b-b47c5a3a61f5,투다리신창부영2호점,꼬치전문점,신가동 골목형상점가,골목형상점가,광주광역시,,,
eb56db62a7b271623964,full_annotation_v1,A,q_한식_01,한식,음식점 중 '한식'을 판매·제공하는 매장,train,한식,T1 정확표기,2ce9b071-684d-4602-ad76-b7aa13df94c1,김밥천국,한식,양수리전통시장(양평양수리시장),전통시장,경기도,,,
2f3ef3c68c93ee8dc694,full_annotation_v1,A,q_한식_01,한식,음식점 중 '한식'을 판매·제공하는 매장,train,한식,T1 정확표기,d13253c4-97c2-417f-93f2-c17b7b63f808,김밥천국,한식,양주가래비중앙로상점가,골목형상점가,경기도,,,
e627d63695fdb22f3a9d,full_annotation_v1,A,q_한식_01,한식,음식점 중 '한식'을 판매·제공하는 매장,train,한식,T1 정확표기,01f160fc-531c-4191-aa22-453462e0f38a,천년,김치,오정동상점가,자율상권구역,대전광역시,,,
aeef0148ad8e2161b3df,full_annotation_v1,A,q_한식_01,한식,음식점 중 '한식'을 판매·제공하는 매장,train,한식,T1 정확표기,41ad4d43-74ed-4dc8-b709-719d58726eba,채아,한식,남사한숲 골목형상점가,골목형상점가,경기도,,,
a78e6c303c37910d3f19,full_annotation_v1,A,q_한식_01,한식,음식점 중 '한식'을 판매·제공하는 매장,train,한식,T1 정확표기,51365e0e-5534-40a7-b8f8-9d2dacde2cbb,동아리,한식,치평동중흥상가상인회 골목형상점가,골목형상점가,광주광역시,,,
b0561eda0dcd2cdf8e3d,full_annotation_v1,A,q_한식_01,한식,음식점 중 '한식'을 판매·제공하는 매장,train,한식,T1 정확표기,01465138-3544-40c5-a4db-860c2bb8c959,군산수산물종합센터내)매점,매점,군산수산물종합센터,전통시장,전북특별자치도,,,
5477806aa104f75ef2ee,full_annotation_v1,A,q_한식_01,한식,음식점 중 '한식'을 판매·제공하는 매장,train,한식,T1 정확표기,783b2fa2-3705-45b0-a51a-67f96efd78f0,서라벌아들,"한식, 음식(한식)",양수리전통시장(양평양수리시장),전통시장,경기도,,,
0e0960ba50f90b3a17e3,full_annotation_v1,A,q_한식_01,한식,음식점 중 '한식'을 판매·제공하는 매장,train,한식,T1 정확표기,c8c6555e-16ce-4ae6-91bb-ccb7f82fed43,삼윤당,한식,세종전통시장,전통시장,세종특별자치시,,,
e4d4e419e985be331399,full_annotation_v1,A,q_한식_01,한식,음식점 중 '한식'을 판매·제공하는 매장,train,한식,T1 정확표기,00181552-6cc5-406b-ac59-bf9816f61398,갓지은밥,한식,남광주시장,전통시장,,,,
656a5d91bca18cdcc4ec,full_annotation_v1,A,q_한식_01,한식,음식점 중 '한식'을 판매·제공하는 매장,train,한식,T1 정확표기,003003dc-6951-4f07-8cf2-f31334c0b27d,미향반찬,반찬,신안코아,전통시장,경기도,,,
55132d6542b6d58fe811,full_annotation_v1,A,q_한식_01,한식,음식점 중 '한식'을 판매·제공하는 매장,train,한식,T1 정확표기,7a382707-d75e-4f83-9ace-6f0c303ae305,남도계절포차,한식,운리공원상인회 골목형상점가,골목형상점가,광주광역시,,,
0bad6ccd8bf18f31b2ce,full_annotation_v1,A,q_한식_01,한식,음식점 중 '한식'을 판매·제공하는 매장,train,한식,T1 정확표기,d6dd93d8-2fb6-45af-9df6-ddca8e09a1cd,보그샵,숙녀화,양산동 골목형상점가,골목형상점가,광주광역시,,,
0621b516be5420274449,full_annotation_v1,A,q_한식_01,한식,음식점 중 '한식'을 판매·제공하는 매장,train,한식,T1 정확표기,bbd78bcb-18ed-449a-b7ea-9336d32e9389,김밥천국,한식,선부광장로상점가,자율상권구역,경기도,,,
e9c647fd001f8470b558,full_annotation_v1,A,q_한식_01,한식,음식점 중 '한식'을 판매·제공하는 매장,train,한식,T1 정확표기,6036fa29-8800-4881-8efe-d78287b443da,덕임추어탕,한식,현풍백년도깨비시장,전통시장,대구광역시,,,
18c0c6e98719c3c6206f,full_annotation_v1,A,q_한식_01,한식,음식점 중 '한식'을 판매·제공하는 매장,train,한식,T1 정확표기,001053bb-9a4d-431c-8073-f2204c857265,유달식당,한식,노량진수산시장골목형상점가,골목형상점가,서울특별시,,,
6f092c6b2ce90d5e19a3,full_annotation_v1,A,q_한식_01,한식,음식점 중 '한식'을 판매·제공하는 매장,train,한식,T1 정확표기,01b7e8c6-feb8-4cff-a63e-2376ae18dd41,원조생굴뚝배기,국밥,고령대가야시장,전통시장,경상북도,,,
51a5bbaaf3b3f54056f7,full_annotation_v1,A,q_한식_01,한식,음식점 중 '한식'을 판매·제공하는 매장,train,한식,T1 정확표기,40661d78-9f10-4dde-8df6-7dda64daf9a7,김여사봉화국수,한식,동대구신시장,전통시장,대구광역시,,,
29ed1f80f2d87ec3dd34,full_annotation_v1,A,q_한식_01,한식,음식점 중 '한식'을 판매·제공하는 매장,train,한식,T1 정확표기,04961d72-f5b3-4605-86f3-8130ded3e312,본도시락성서점,,성서우방 골목형상점가,골목형상점가,대구광역시,,,
952e3e81aa272333ca18,full_annotation_v1,A,q_한식_01,한식,음식점 중 '한식'을 판매·제공하는 매장,train,한식,T1 정확표기,9da3903c-ad7e-4b35-a09a-ca470c544380,장각집,한식,원마루시장,전통시장,충청북도,,,
7460bbfb90a05c680796,full_annotation_v1,A,q_한식_01,한식,음식점 중 '한식'을 판매·제공하는 매장,train,한식,T1 정확표기,01e8dcda-39f2-4df9-a2e4-2e63e8a9f480,두꺼비부대찌개,부대찌개,신중동문화거리상점가,자율상권구역,경기도,,,
844f1f0678ca2562cd72,full_annotation_v1,A,q_한식_01,한식,음식점 중 '한식'을 판매·제공하는 매장,train,한식,T1 정확표기,53f29d0c-ba02-4b0c-a0ea-7c7b189a1fce,김밥나라,한식,"온양온천시장(온양재래시장, 전통시장)",전통시장,충청남도,,,
1c55af9d6177e993d6ca,full_annotation_v1,A,q_한식_01,한식,음식점 중 '한식'을 판매·제공하는 매장,train,한식,T1 정확표기,006895c5-d037-4e3d-9cfb-6972007a350a,반찬사랑,반찬,오치2동 골목형상점가,골목형상점가,광주광역시,,,
c70ed009f335a8360a26,full_annotation_v1,A,q_한식_01,한식,음식점 중 '한식'을 판매·제공하는 매장,train,한식,T1 정확표기,64f91911-b0da-4f34-9589-3b46389ebe21,삼어,한식,격포어촌계 골목형상점가,골목형상점가,전북특별자치도,,,
2739a332bbb3d07e1d62,full_annotation_v1,A,q_한식_01,한식,음식점 중 '한식'을 판매·제공하는 매장,train,한식,T1 정확표기,6285dd26-4a6a-4ec3-a1ae-8aa0a9260095,만양맛값,한식,포남용마거리골목형상점가,골목형상점가,강원특별자치도,,,
5f033b07eb1156f03175,full_annotation_v1,A,q_한식_01,한식,음식점 중 '한식'을 판매·제공하는 매장,train,한식,T1 정확표기,0182c177-fcc7-47b0-8e12-99eb221aff79,시장초장식당,"칼국수, 열무비빔밥, 국, 반찬",경주중앙시장,전통시장,경상북도,,,
de8ec3404e66e525d8ee,full_annotation_v1,A,q_한식_01,한식,음식점 중 '한식'을 판매·제공하는 매장,train,한식,T1 정확표기,b15508c4-4dbf-419d-a7fa-172a84e15f33,번영수산,수산물,마포농수산물시장,전통시장,서울특별시,,,
a0d56bfd88bad9d2149d,full_annotation_v1,A,q_한식_01,한식,음식점 중 '한식'을 판매·제공하는 매장,train,한식,T1 정확표기,30a0bc35-f0d1-4d5d-9826-8d498122538a,밥집,,고창전통시장,전통시장,전북특별자치도,,,
5ea2d04bf2c035490c2d,full_annotation_v1,A,q_한식_01,한식,음식점 중 '한식'을 판매·제공하는 매장,train,한식,T1 정확표기,0e3c7fa6-61b7-435a-9f85-476839b53790,온양식당,한식,대명시장,전통시장,대구광역시,,,
1ba2857dc463736f07eb,full_annotation_v1,A,q_한식_01,한식,음식점 중 '한식'을 판매·제공하는 매장,train,한식,T1 정확표기,16531b04-dc57-4560-bc59-efe6c3998051,돈쭐,한식,광사먹골골목형상점가,골목형상점가,경기도,,,
83bcfd4d25c6245a2899,full_annotation_v1,A,q_한식_01,한식,음식점 중 '한식'을 판매·제공하는 매장,train,한식,T1 정확표기,f41c71c5-f31b-4bec-afa9-bfef7fe018bf,김밥나라,한식,팔등로기부거리,골목형상점가,울산광역시,,,
2b4a1859af70edc4cea6,full_annotation_v1,A,q_한식_01,한식,음식점 중 '한식'을 판매·제공하는 매장,train,한식,T1 정확표기,0239c4e7-2ae3-4f29-8952-19c6d9d1d9a9,세번째집,순대국밥,성환이화시장,전통시장,충청남도,,,
daeedf1fcf77935d2487,full_annotation_v1,A,q_한식_01,한식,음식점 중 '한식'을 판매·제공하는 매장,train,한식,T1 정확표기,2be58e5e-7968-4a0f-8822-0a323a490383,독특,한식,신가동 골목형상점가,골목형상점가,광주광역시,,,
1c2904b18bef5bf70226,full_annotation_v1,A,q_한식_01,한식,음식점 중 '한식'을 판매·제공하는 매장,train,한식,T1 정확표기,010b729e-dfdc-4b2c-ac41-376db70ef2c0,우여사애찬방,반찬,안동광석거리 골목형상점가,골목형상점가,경상북도,,,
7531f11096a99f50edde,full_annotation_v1,A,q_한식_01,한식,음식점 중 '한식'을 판매·제공하는 매장,train,한식,T1 정확표기,3c4aed4b-fb39-45a4-a483-850adb00ea42,한향,한식,전남대 상대 골목형상점가,골목형상점가,광주광역시,,,
6aaae8101b82e0b01f7c,full_annotation_v1,A,q_한식_01,한식,음식점 중 '한식'을 판매·제공하는 매장,train,한식,T1 정확표기,eb20a0c6-06b9-4b6e-bda6-c44f28b29ebb,포항식당,한식,신동아수산물종합시장,전통시장,부산광역시,,,
32f5b4ad00ef556014b9,full_annotation_v1,A,q_한식_01,한식,음식점 중 '한식'을 판매·제공하는 매장,train,한식,T1 정확표기,8aef3855-a0b7-4f05-8776-f79fca3fc2df,김밥천국,한식,대주먹자골목 골목형상점가,골목형상점가,광주광역시,,,
48d56ae349e2da2c217c,full_annotation_v1,A,q_한식_01,한식,음식점 중 '한식'을 판매·제공하는 매장,train,한식,T1 정확표기,ac8cb6f5-6375-4502-8e03-6dfbcceb2b9c,아로,잡화,광주송정역세권 상권활성화구역,상권활성화구역,광주광역시,,,
fc13de6c90827e2dfcda,full_annotation_v1,A,q_한식_01,한식,음식점 중 '한식'을 판매·제공하는 매장,train,한식,T1 정확표기,3944777f-592a-46d4-b58c-4dec9aff5516,남양뼈해장국,한식,남광주시장,전통시장,광주광역시,,,
08fcd6c95b3ba8675cc4,full_annotation_v1,A,q_한식_01,한식,음식점 중 '한식'을 판매·제공하는 매장,train,한식,T1 정확표기,0863b60f-7f58-4d1a-8541-b012e0e6493f,연하집,한식,영월중앙시장,자율상권구역,강원특별자치도,,,
5d184b1381aa67680bdf,full_annotation_v1,A,q_한식_01,한식,음식점 중 '한식'을 판매·제공하는 매장,train,한식,T1 정확표기,f650a79a-ce87-4ff0-8847-6a6943656d5f,둥지해장국,한식,임방울거리1구역 골목형상점가,골목형상점가,광주광역시,,,
0074e684e39fd64f57f9,full_annotation_v1,A,q_한식_01,한식,음식점 중 '한식'을 판매·제공하는 매장,train,한식,T1 정확표기,39f68902-705e-4ce5-8f25-a9d0ac8919ec,다올,한식,사리골상점가,자율상권구역,경기도,,,
5a620b872d26fbe4c39a,full_annotation_v1,A,q_한식_01,한식,음식점 중 '한식'을 판매·제공하는 매장,train,한식,T1 정확표기,17352706-df34-4921-915a-7c8231e5dd83,장끄방,한식,광복마을길 골목형상점가,골목형상점가,광주광역시,,,
9dd224fb108cd7c02211,full_annotation_v1,A,q_한식_01,한식,음식점 중 '한식'을 판매·제공하는 매장,train,한식,T1 정확표기,9477efc1-15b1-4520-b93c-e34bf529e9ae,원조옛날할매곰탕,한식,신창진흥 골목형상점가,골목형상점가,광주광역시,,,
eeb5c7a31f0d46486b96,full_annotation_v1,A,q_한식_01,한식,음식점 중 '한식'을 판매·제공하는 매장,train,한식,T1 정확표기,e73bea05-70e1-44a3-908a-5e0fd315e3d2,김밥나라,한식,양양로 골목형상점가,골목형상점가,강원특별자치도,,,
c9dcbc9a45932576a3b7,full_annotation_v1,A,q_한식_01,한식,음식점 중 '한식'을 판매·제공하는 매장,train,한식,T1 정확표기,ad93d088-08ca-423b-bd01-ae0ff7c1f9c8,우녁집,한식,이중섭거리 명동로상가,골목형상점가,제주특별자치도,,,
be2e2d7a7cb4fea55844,full_annotation_v1,A,q_한식_01,한식,음식점 중 '한식'을 판매·제공하는 매장,train,한식,T1 정확표기,049da728-3dd8-43a4-a43b-1beec22fee55,소쇄원,한식,조대장미의거리 상점가,자율상권구역,광주광역시,,,
9c2955e7fa33588c5663,full_annotation_v1,A,q_한식_01,한식,음식점 중 '한식'을 판매·제공하는 매장,train,한식,T1 정확표기,af48c583-3eeb-4b5b-aa97-c3943c95a265,김밥천국,한식,장승백이전통시장(구 만수창대시장),전통시장,인천광역시,,,
41ea45531b9b0fa7d817,full_annotation_v1,A,q_한식_01,한식,음식점 중 '한식'을 판매·제공하는 매장,train,한식,T1 정확표기,030bc960-9493-4dd5-93ea-5b56023601af,왕돼지 김치찌개,김치찌개,쌍정 골목형상점가,골목형상점가,전라남도,,,
414331b4539b10069f08,full_annotation_v1,A,q_한식_01,한식,음식점 중 '한식'을 판매·제공하는 매장,train,한식,T1 정확표기,103d8e78-0add-4b36-9000-7ae3cfa2fd1c,서록장,한식,소나무 골목형상점가,골목형상점가,전북특별자치도,,,
d2ebb5e1f21a3b3ba09e,full_annotation_v1,A,q_한식_01,한식,음식점 중 '한식'을 판매·제공하는 매장,train,한식,T1 정확표기,ebfc9ee5-37c5-4d7c-9781-a42aa3af673f,옹이네,한식,군포당동로시장상점가,골목형상점가,경기도,,,
c1e9e429149be9fa2303,full_annotation_v1,A,q_한식_01,한식,음식점 중 '한식'을 판매·제공하는 매장,train,한식,T1 정확표기,667b6dae-77b3-4294-8a93-fa5853e7aeb5,세엄찬,한식,창원 북동시장,전통시장,경상남도,,,
74c719d9d233b2279d4e,full_annotation_v1,A,q_한식_01,한식,음식점 중 '한식'을 판매·제공하는 매장,train,한식,T1 정확표기,01cb3652-fa58-417b-a2fd-2aa0a54fae0a,해밍턴 부대찌개 세종다정점,부대찌개한식,다정중앙 골목형상점가,골목형상점가,세종특별자치시,,,
ef738c18f1efecc87a60,full_annotation_v1,A,q_한식_01,한식,음식점 중 '한식'을 판매·제공하는 매장,train,한식,T1 정확표기,0a1e5f72-2ca5-49d3-9483-b71bd74c9f9b,점심엔 상무밥집24시,,상무연하상인회 골목형상점가,골목형상점가,광주광역시,,,
2389784db21f767ebc48,full_annotation_v1,A,q_한식_01,한식,음식점 중 '한식'을 판매·제공하는 매장,train,한식,T1 정확표기,66e4f4b3-410f-417b-b7a6-36b5c3f4b4a6,깃발,한식,오류전통시장(오류빤짝시장),전통시장,대전광역시,,,
f89adc0d5d236e26abae,full_annotation_v1,A,q_한식_01,한식,음식점 중 '한식'을 판매·제공하는 매장,train,한식,T1 정확표기,bcf2ddc4-3a81-4e0a-85cd-7fab4b7dba62,일공공편백샤브서귀포점,한식,동홍8번가 골목형상점가,골목형상점가,제주특별자치도,,,
60c08ab48683f35b00b7,full_annotation_v1,A,q_한식_01,한식,음식점 중 '한식'을 판매·제공하는 매장,train,한식,T1 정확표기,e3b0ace9-b7ba-4783-ac55-d62aa8ef5ed5,맥적,한식,단양구경시장(단양인정시장),전통시장,충청북도,,,
de038f15a927122a62ac,full_annotation_v1,A,q_한식_01,한식,음식점 중 '한식'을 판매·제공하는 매장,train,한식,T1 정확표기,01b06c58-1a16-4bd9-81a5-ad284e01da10,신바람국밥,,운암대자골 골목형상점가,골목형상점가,,,,
11e9e95ddb3fee61534c,full_annotation_v1,A,q_한식_01,한식,음식점 중 '한식'을 판매·제공하는 매장,train,한식,T1 정확표기,01c857cd-3f28-4d83-8fa4-e0abcfb44fbd,수연국밥,국밥,두암사거리 골목형상점가,골목형상점가,광주광역시,,,
01b926986d2b9ad5ba16,full_annotation_v1,A,q_한식_01,한식,음식점 중 '한식'을 판매·제공하는 매장,train,한식,T1 정확표기,5183722c-fc41-4f7d-a3fa-770b091dbacf,김밥나라,한식,신금정시장 골목형 상점가,골목형상점가,부산광역시,,,
7e7d25fe4a6f37c42ecd,full_annotation_v1,A,q_한식_01,한식,음식점 중 '한식'을 판매·제공하는 매장,train,한식,T1 정확표기,b8fed216-15a2-4ffc-aae2-2372d8b33e38,전주식당,한식,남대문시장,전통시장,서울특별시,,,
5cf5218c994643a7ad1b,full_annotation_v1,A,q_한식_01,한식,음식점 중 '한식'을 판매·제공하는 매장,train,한식,T1 정확표기,89493513-9dee-49a6-a3e2-db40e4eb5514,플로니플라워,생화,월곡대반 골목형상점가,골목형상점가,광주광역시,,,
f97c251685ac74849df2,full_annotation_v1,A,q_한식_01,한식,음식점 중 '한식'을 판매·제공하는 매장,train,한식,T1 정확표기,51583374-29aa-46a4-8c4c-0684de4d6cf6,봉봉씨의 유쾌한 김밥집,,솔매사랑길 골목형상점가,골목형상점가,서울특별시,,,
4b68499edba38f0f7421,full_annotation_v1,A,q_한식_01,한식,음식점 중 '한식'을 판매·제공하는 매장,train,한식,T1 정확표기,cb75f477-e6fd-4024-a1c5-1a33872fb95b,하당먹거리,한식,달아실 골목형상점가,골목형상점가,광주광역시,,,
b45382f36811894c60b9,full_annotation_v1,A,q_한식_01,한식,음식점 중 '한식'을 판매·제공하는 매장,train,한식,T1 정확표기,32edc483-f176-49e2-b82a-776d54c8faa9,김밥천국,한식,동쪽바다중앙시장(구 동해중앙시장),전통시장,강원특별자치도,,,
b5587a807151e40a319d,full_annotation_v1,A,q_한식_01,한식,음식점 중 '한식'을 판매·제공하는 매장,train,한식,T1 정확표기,f7fd7f3a-3f34-4d54-b652-dbe552b6b940,냐미냐미,한식,방어진항 골목형상점가,골목형상점가,울산광역시,,,
90bc79ec078e0ad7059d,full_annotation_v1,A,q_한식_01,한식,음식점 중 '한식'을 판매·제공하는 매장,train,한식,T1 정확표기,60fbcb89-9e0b-4311-a98f-3b9e78dedb6c,고기,한식,월곡달빛오거리골목형상점가,골목형상점가,서울특별시,,,
5d0ceb2c746fce132eed,full_annotation_v1,A,q_한식_01,한식,음식점 중 '한식'을 판매·제공하는 매장,train,한식,T1 정확표기,1af864e9-af69-4ee2-88ae-f8228ee0c0b5,고롭,한식,봉곡우전로 골목형상점가,골목형상점가,전북특별자치도,,,
f160e7ba18654891f759,full_annotation_v1,A,q_한식_01,한식,음식점 중 '한식'을 판매·제공하는 매장,train,한식,T1 정확표기,0368737b-d742-4c88-9327-f02405a8a6f7,김밥나라,한식,큰방림길 골목형상점가,골목형상점가,광주광역시,,,
46bf5ca4aa38397be22e,full_annotation_v1,A,q_한식_01,한식,음식점 중 '한식'을 판매·제공하는 매장,train,한식,T1 정확표기,03b1097e-2534-4cd2-aeb4-de3ba3f8f79a,엄마손식당,한식,한림대골목형상점가,골목형상점가,강원특별자치도,,,
aa0791cb70bfa4bc52d7,full_annotation_v1,A,q_한식_01,한식,음식점 중 '한식'을 판매·제공하는 매장,train,한식,T1 정확표기,05053590-ec6f-49ed-b23a-c60ecfc9cc33,김밥천국,한식,성안길상점가,자율상권구역,충청북도,,,
cea6c45d981d27d49419,full_annotation_v1,A,q_한식_01,한식,음식점 중 '한식'을 판매·제공하는 매장,train,한식,T1 정확표기,81c11761-89dc-40c1-ae0b-3db55a60b6ff,만남노래연습장,노래연습장,창원 가음시장대상가,전통시장,경상남도,,,
5f43afd343beeae59078,full_annotation_v1,A,q_한식_01,한식,음식점 중 '한식'을 판매·제공하는 매장,train,한식,T1 정확표기,24f0548f-89b9-4342-b0d6-ba9b223eac58,민들레,한식,한마음,골목형상점가,광주광역시,,,
83a7c141c35dd1caba21,full_annotation_v1,A,q_한식_01,한식,음식점 중 '한식'을 판매·제공하는 매장,train,한식,T1 정확표기,fbd4db3b-ce7e-42fe-88d0-90a1e4c8d691,대주식육식당,한식,운암 서암대로1 골목형상점가,골목형상점가,광주광역시,,,
7fe00c3932c41a4bb548,full_annotation_v1,A,q_한식_01,한식,음식점 중 '한식'을 판매·제공하는 매장,train,한식,T1 정확표기,2c548bee-4681-4741-a218-f4284e79a9ea,제령집,한식,삼양시장골목형상점가,골목형상점가,서울특별시,,,
331d210b6230a6e30cc1,full_annotation_v1,A,q_한식_01,한식,음식점 중 '한식'을 판매·제공하는 매장,train,한식,T1 정확표기,25d8323e-bf6a-484a-8996-ebb97b938155,OK스시,초밥집,대림시장,전통시장,서울특별시,,,
657362b17e5f65f2b7c6,full_annotation_v1,A,q_한식_01,한식,음식점 중 '한식'을 판매·제공하는 매장,train,한식,T1 정확표기,03bba86e-80c4-42b0-8688-a0c912abdb07,돼지고기김치찌개,김치찌개,도담동 골목형상점가,골목형상점가,세종특별자치시,,,
8164866728b41c89c2d2,full_annotation_v1,A,q_한식_01,한식,음식점 중 '한식'을 판매·제공하는 매장,train,한식,T1 정확표기,847a059e-28db-41aa-938d-b1931a941d70,돈쫄,한식,김천평화시장,전통시장,경상북도,,,
f7d8d341334831c00564,full_annotation_v1,A,q_한식_01,한식,음식점 중 '한식'을 판매·제공하는 매장,train,한식,T1 정확표기,6cf98418-9bbc-4f02-a94e-196d840d78c5,통일식당,한식,청주서문시장,전통시장,충청북도,,,
fcf98130e4c3c6672c84,full_annotation_v1,A,q_한식_01,한식,음식점 중 '한식'을 판매·제공하는 매장,train,한식,T1 정확표기,0741bfd3-b940-4386-9f39-8dd006d28352,한솥도시락 부천시청점,도시락,길주로 골목형상점가,골목형상점가,경기도,,,
c36b830b54577fd70553,full_annotation_v1,A,q_한식_01,한식,음식점 중 '한식'을 판매·제공하는 매장,train,한식,T1 정확표기,bb9657e5-4478-486f-ad4e-512feddd6fd2,부산떡볶이,떡볶이,창원 명서시장,전통시장,경상남도,,,
46c7be801998620bf418,full_annotation_v1,A,q_한식_01,한식,음식점 중 '한식'을 판매·제공하는 매장,train,한식,T1 정확표기,94e6156e-23e1-42eb-8ede-91d82ff50a34,대박왕족발,한식,세종전통시장,전통시장,세종특별자치시,,,
295a1f53068339bd397a,full_annotation_v1,A,q_한식_01,한식,음식점 중 '한식'을 판매·제공하는 매장,train,한식,T1 정확표기,7b556e6b-9591-4667-bb1b-f281dd90a2ae,땅끝마을 한식,한식,고잔뜰 상점가,자율상권구역,경기도,,,
90e3908c22e56bef5fc6,full_annotation_v1,A,q_한식_01,한식,음식점 중 '한식'을 판매·제공하는 매장,train,한식,T1 정확표기,1506f3e7-b5e9-4f6c-b0bc-5de499b3e019,아구랑생태랑,한식,산수시장,전통시장,광주광역시,,,
ea6437df64e22d46d7a6,full_annotation_v1,A,q_한식_01,한식,음식점 중 '한식'을 판매·제공하는 매장,train,한식,T1 정확표기,d23c4300-bd2e-4570-bd39-dded1d36b103,솥뚜껑생삼겹살,한식,용해동 포미타운 골목형상점가,골목형상점가,전라남도,,,
8b5a16158efec88a116c,full_annotation_v1,A,q_한식_01,한식,음식점 중 '한식'을 판매·제공하는 매장,train,한식,T1 정확표기,4c596731-089c-4bcf-8abd-c336c1539e1e,김밥천국,한식,주안시민지하도상점가,일반지하상점가,인천광역시,,,
fa1a9bcbbc191585f189,full_annotation_v1,A,q_한식_01,한식,음식점 중 '한식'을 판매·제공하는 매장,train,한식,T1 정확표기,ca51ce69-0d20-47e5-8b94-d4d1cc4a2918,하녹집,한식,신창 골목형상점가,골목형상점가,광주광역시,,,
90beb728ed42a4e41abd,full_annotation_v1,A,q_한식_01,한식,음식점 중 '한식'을 판매·제공하는 매장,train,한식,T1 정확표기,312c4739-a6ff-4d48-801c-abdc740ad035,김밥나라,한식,동천동 상인회 골목형상점가,골목형상점가,광주광역시,,,
9076bdc7a1c867ed4ca7,full_annotation_v1,A,q_한식_01,한식,음식점 중 '한식'을 판매·제공하는 매장,train,한식,T1 정확표기,e3d540d5-6a7f-4a7b-b48f-52bab1b5aa71,김밥천국,한식,비단길현대시장,전통시장,서울특별시,,,
cd26c9e7b8569713907f,full_annotation_v1,A,q_한식_01,한식,음식점 중 '한식'을 판매·제공하는 매장,train,한식,T1 정확표기,fc916dd1-b3c6-4f90-b6c3-662cf4f80803,추어탕,한식,아현시장,전통시장,서울특별시,,,
3bd45c5f793e43617661,full_annotation_v1,A,q_한식_01,한식,음식점 중 '한식'을 판매·제공하는 매장,train,한식,T1 정확표기,8ab201d7-aa58-43a1-8052-eccfd92a04df,김밥천국,한식,금곡골목형상점가,자율상권구역,경기도,,,
245224c5c657aed00bae,full_annotation_v1,A,q_한식_01,한식,음식점 중 '한식'을 판매·제공하는 매장,train,한식,T1 정확표기,59ab4fa1-5e4b-4b21-9000-3b78a18a9890,감미식당,한식,남해전통시장,전통시장,경상남도,,,
9969b3fef65a7fcf9fbf,full_annotation_v1,A,q_한식_01,한식,음식점 중 '한식'을 판매·제공하는 매장,train,한식,T1 정확표기,87f0d820-2c57-4ba1-a342-5edabff7993d,써니네,한식,군산수산물종합센터,전통시장,전북특별자치도,,,
756be9eb70b50e1f453e,full_annotation_v1,A,q_한식_01,한식,음식점 중 '한식'을 판매·제공하는 매장,train,한식,T1 정확표기,264391f6-762f-4421-a62f-fbbadcb2caef,삼굽당,한식,탕정역 지웰시티몰 3단지 골목형상점가,골목형상점가,충청남도,,,
191bce779055d7f1b2c7,full_annotation_v1,A,q_한식_01,한식,음식점 중 '한식'을 판매·제공하는 매장,train,한식,T1 정확표기,c95bcaf2-4b74-4828-a1b7-7537568c6af9,뜻밖,한식,탕정미래 골목형상점가,골목형상점가,충청남도,,,
85bb5185d02def23a4df,full_annotation_v1,A,q_한식_01,한식,음식점 중 '한식'을 판매·제공하는 매장,train,한식,T1 정확표기,03a6e716-3825-40e3-ba06-e047ee5e5483,부일반찬,김치,초량전통시장,전통시장,부산광역시,,,
9bd890f01660a83ad4c7,full_annotation_v1,A,q_한식_01,한식,음식점 중 '한식'을 판매·제공하는 매장,train,한식,T1 정확표기,00118834-a0f4-4127-ba7d-f7908ced2e1d,골목집,한식,대흥낭만거리 골목형상점가,골목형상점가,대전광역시,,,
e562ca833986f41dae71,full_annotation_v1,A,q_한식_01,한식,음식점 중 '한식'을 판매·제공하는 매장,train,한식,T1 정확표기,b2d0e9d0-3930-4fea-895a-6b51bac5c966,가장맛있는족발익산영등점,한식,백제상점가,자율상권구역,전북특별자치도,,,
f910978857298c112c2e,full_annotation_v1,A,q_한식_01,한식,음식점 중 '한식'을 판매·제공하는 매장,train,한식,T1 정확표기,022aa88a-4fef-445a-baba-83a8de201d44,돈까스,한식,우림맛솜씨길골목형상점가,골목형상점가,서울특별시,,,
6d9b8e98a1fc795c9014,full_annotation_v1,A,q_한식_01,한식,음식점 중 '한식'을 판매·제공하는 매장,train,한식,T1 정확표기,d495f4e2-492e-4a8d-9a3d-bc9039d52f41,담선,한식,원대가구명물거리 골목형상점가,골목형상점가,대구광역시,,,
6fabdda4bd5e94ca7bf9,full_annotation_v1,A,q_한식_01,한식,음식점 중 '한식'을 판매·제공하는 매장,train,한식,T1 정확표기,598fbb59-5704-48a7-b6e0-348735c00c23,겸상,한식,과천스마트케이 골목형상점가,골목형상점가,경기도,,,
5519159397f76ac15969,full_annotation_v1,A,q_한식_01,한식,음식점 중 '한식'을 판매·제공하는 매장,train,한식,T1 정확표기,c973dd0b-bfa9-49e0-be9d-c3adb5e7b9c6,육꼬집,한식,수문통 골목형상점가,골목형상점가,인천광역시,,,
4c7e81356f29b04166ee,full_annotation_v1,A,q_한식_01,한식,음식점 중 '한식'을 판매·제공하는 매장,train,한식,T1 정확표기,0111a38b-8df8-43ae-9c16-778c27352864,본도시락,도시락,배방월천 골목형상점가,골목형상점가,충청남도,,,
87c26e0ae3ca3ad58604,full_annotation_v1,A,q_한식_01,한식,음식점 중 '한식'을 판매·제공하는 매장,train,한식,T1 정확표기,df5d00eb-f013-4967-8b05-b08e5b94c4f6,김밥천국,한식,여수진남상가,자율상권구역,전라남도,,,
9ff148891bd115d78176,full_annotation_v1,A,q_한식_01,한식,음식점 중 '한식'을 판매·제공하는 매장,train,한식,T1 정확표기,05530d0f-82ed-47a1-8015-32b6c30e3752,진수산삼다식품,"젓갈류, 김치, 수산물",동문재래시장,전통시장,제주특별자치도,,,
a62f18a264fa778c6207,full_annotation_v1,A,q_한식_01,한식,음식점 중 '한식'을 판매·제공하는 매장,train,한식,T1 정확표기,8a1ccb5a-2da2-4294-aa53-26a7b00ce7e7,장녹수,한식,결초보은시장(구 보은종합시장),전통시장,충청북도,,,
ffaed83999e6ae6140fb,full_annotation_v1,A,q_한식_01,한식,음식점 중 '한식'을 판매·제공하는 매장,train,한식,T1 정확표기,31a675ed-383d-4278-97c8-5949eb3fc747,우동김밥집,,비카인드 자율상권구역,,경상북도,,,
73285c851eb3698e81d2,full_annotation_v1,A,q_한식_01,한식,음식점 중 '한식'을 판매·제공하는 매장,train,한식,T1 정확표기,b45ff622-938c-4351-9db8-c131068d1ca4,해실달실,한식,운암대자골 골목형상점가,골목형상점가,광주광역시,,,
d9335e98ac85b2b87598,full_annotation_v1,A,q_한식_01,한식,음식점 중 '한식'을 판매·제공하는 매장,train,한식,T1 정확표기,8cdd9fc6-51be-4eab-ac85-c014f234ba18,김뽁김뽁,한식,청림로드골목형상점가,골목형상점가,서울특별시,,,
480e523f013f2da58cf3,full_annotation_v1,A,q_한식_01,한식,음식점 중 '한식'을 판매·제공하는 매장,train,한식,T1 정확표기,00f60c16-d8be-497f-80f2-aab3209a8d0e,포카포카,식당,전남여고후문 골목형상점가,골목형상점가,광주광역시,,,
dfba7696c0173e942e3f,full_annotation_v1,A,q_한식_01,한식,음식점 중 '한식'을 판매·제공하는 매장,train,한식,T1 정확표기,5f201ed4-130d-4bb5-a9a0-6daaba529a61,김밥나라,한식,동천동먹자골목2번가상인회 골목형상점가,골목형상점가,광주광역시,,,
2974de3b7f6c1b4e6cbf,full_annotation_v1,A,q_한식_01,한식,음식점 중 '한식'을 판매·제공하는 매장,train,한식,T1 정확표기,3e1294f8-c8f4-4242-acd1-b5d8357555f4,김밥천국,한식,완도중앙시장,전통시장,전라남도,,,
e3dead10326bd45a95cc,full_annotation_v1,A,q_한식_01,한식,음식점 중 '한식'을 판매·제공하는 매장,train,한식,T1 정확표기,eac0b240-8458-4619-9c46-d8ab9d0a1f5d,김밥나라,한식,선부광장로상점가,자율상권구역,경기도,,,
5d99a19a83aa45866ee1,full_annotation_v1,A,q_한식_01,한식,음식점 중 '한식'을 판매·제공하는 매장,train,한식,T1 정확표기,ec848c14-ae67-4288-8f49-4c398097b211,전주식당,한식,온수골 골목형상점가,골목형상점가,서울특별시,,,
39317a2f7d7d81f45a94,full_annotation_v1,A,q_한식_01,한식,음식점 중 '한식'을 판매·제공하는 매장,train,한식,T1 정확표기,f315960a-339d-4dc9-8599-2fea6bea8208,우리식당,,영산포 골목형상점가,골목형상점가,,,,
130ded44d7c102c33e09,full_annotation_v1,A,q_한식_01,한식,음식점 중 '한식'을 판매·제공하는 매장,train,한식,T1 정확표기,e0d45b49-237f-433c-9fb5-6c603b8ed06d,김밥천국,한식,"온양온천시장(온양재래시장, 전통시장)",전통시장,충청남도,,,
85a4b3e2c7f7d02e5fb4,full_annotation_v1,A,q_한식_01,한식,음식점 중 '한식'을 판매·제공하는 매장,train,한식,T1 정확표기,daaa54c5-6fa0-4865-a33d-67a7ccf8abb5,중경삼림,한식,북촌계동길골목형상점가,골목형상점가,서울특별시,,,
ca401a89ea482c7e8d12,full_annotation_v1,A,q_한식_01,한식,음식점 중 '한식'을 판매·제공하는 매장,train,한식,T1 정확표기,03b84056-803d-4bd8-8a8b-f3d19815797b,땅스부댜찌개,즉석판매찌개,바람골골목형상점가,골목형상점가,충청북도,,,
d390310d05d1ba17b61e,full_annotation_v1,A,q_한식_01,한식,음식점 중 '한식'을 판매·제공하는 매장,train,한식,T1 정확표기,0130dbd3-b9ea-43f4-98fd-26d8afd90b78,모래내시장순대,식당,전주모래내시장,전통시장,전북특별자치도,,,
0cfd2d20a3984fe8b49f,full_annotation_v1,A,q_한식_01,한식,음식점 중 '한식'을 판매·제공하는 매장,train,한식,T1 정확표기,54c3c8fe-ed40-44c4-a6f1-9cf48dbd52db,김밥천국,한식,석수본동 골목형상점가,골목형상점가,경기도,,,
894107a4c276f1295b61,full_annotation_v1,A,q_한식_01,한식,음식점 중 '한식'을 판매·제공하는 매장,train,한식,T1 정확표기,52c60fe4-cd4b-457c-b002-7f8a5ef71d13,홍애집,한식,쌍촌명지상인회 골목형상점가,골목형상점가,광주광역시,,,
19a5f0a854f0dd194970,full_annotation_v1,A,q_한식_01,한식,음식점 중 '한식'을 판매·제공하는 매장,train,한식,T1 정확표기,01186127-94c8-40c4-8d08-9f84a76c77b0,짱아식당,,다향보성 골목형상점가,골목형상점가,,,,
c3a677e9139439aa91b7,full_annotation_v1,A,q_한식_01,한식,음식점 중 '한식'을 판매·제공하는 매장,train,한식,T1 정확표기,000a95c4-e0a6-4011-86fb-04307bcfae38,황갈비,한식,김천황금시장,전통시장,경상북도,,,
4198d7077014e588eb80,full_annotation_v1,A,q_한식_01,한식,음식점 중 '한식'을 판매·제공하는 매장,train,한식,T1 정확표기,cf7eab5d-a1bb-41b2-bcec-517fa4e2a887,굣간,한식,대흥동 특화거리 상점가,자율상권구역,대전광역시,,,
ea2a88af46ff2dc65973,full_annotation_v1,A,q_한식_01,한식,음식점 중 '한식'을 판매·제공하는 매장,train,한식,T1 정확표기,6bbb7165-65bb-4b5d-bf42-6e42c4d4893c,이디야 안성명동점,커피 등,안성명동거리 골목형상점가,골목형상점가,경기도,,,
2cf52f53cc996e3529bc,full_annotation_v1,A,q_한식_01,한식,음식점 중 '한식'을 판매·제공하는 매장,train,한식,T1 정확표기,430e361e-0788-4025-87f3-27207d0e5310,해림식당,,영산포 골목형상점가,골목형상점가,,,,
df91c382655158718230,full_annotation_v1,A,q_한식_01,한식,음식점 중 '한식'을 판매·제공하는 매장,train,한식,T1 정확표기,243f1524-44f2-4b21-b6c4-bb7164381666,착한산곰장어,한식,안락상가시장,전통시장,부산광역시,,,
0228236d8679df250c3c,full_annotation_v1,A,q_한식_01,한식,음식점 중 '한식'을 판매·제공하는 매장,train,한식,T1 정확표기,308c8885-308e-4a97-8718-124f492245db,콩달래,한식,흑석동 골목형상점가,골목형상점가,광주광역시,,,
2c2c260939f7bac053c2,full_annotation_v1,A,q_한식_01,한식,음식점 중 '한식'을 판매·제공하는 매장,train,한식,T1 정확표기,a91b5f4c-6c18-4ba3-889d-932342774115,오떡순,한식,신원시장,전통시장,서울특별시,,,
8b9df12cbfa3a8b329cb,full_annotation_v1,A,q_한식_01,한식,음식점 중 '한식'을 판매·제공하는 매장,train,한식,T1 정확표기,0b79859e-a533-40da-9a8c-acda129e8875,부자전집,"한식, 음식점업(한식)",잠원하길골목형상점가,골목형상점가,서울특별시,,,
d072cd8acce4c503f9d0,full_annotation_v1,A,q_한식_01,한식,음식점 중 '한식'을 판매·제공하는 매장,train,한식,T1 정확표기,7de2bc22-eaaa-49df-a93c-7e3f3a78d57e,맛나횟집,한식,진보전통시장,전통시장,경상북도,,,
709952b2f37de379d68a,full_annotation_v1,A,q_한식_01,한식,음식점 중 '한식'을 판매·제공하는 매장,train,한식,T1 정확표기,783d0367-830a-4b63-b92c-a3e7b983246f,안씌네,한식,용대로119번길 골목형상점가,골목형상점가,광주광역시,,,
208973acd064fcdbccef,full_annotation_v1,A,q_한식_01,한식,음식점 중 '한식'을 판매·제공하는 매장,train,한식,T1 정확표기,01830c3a-5f7e-4396-9772-38b51bd90dc0,새로나국밥,국밥 족발 머리고기,무등시장,전통시장,광주광역시,,,
7af9d7f21ead62737ff5,full_annotation_v1,A,q_한식_01,한식,음식점 중 '한식'을 판매·제공하는 매장,train,한식,T1 정확표기,85eaa676-591e-4b02-9f0a-9533fcd3f0ae,반찬마을,한식,안강공설시장,전통시장,경상북도,,,
02c476e9fb630b13cce6,full_annotation_v1,A,q_한식_01,한식,음식점 중 '한식'을 판매·제공하는 매장,train,한식,T1 정확표기,196f2f24-078d-49b6-a825-645c117486ad,김밥나라,한식,행운담길골목형상점가,골목형상점가,서울특별시,,,
bd52e9cf6aa38cbdaefb,full_annotation_v1,A,q_한식_01,한식,음식점 중 '한식'을 판매·제공하는 매장,train,한식,T1 정확표기,e091d384-d7e7-47bb-8f60-5d6310a7221e,돼지치마집효자점,한식,효자동4동 후곡길 골목형상점가,골목형상점가,전북특별자치도,,,
ddf76cb73afc1e2b6c2a,full_annotation_v1,A,q_한식_01,한식,음식점 중 '한식'을 판매·제공하는 매장,train,한식,T1 정확표기,f55f60af-8e2f-48de-a203-fd981af3be54,김밥나라,한식,월곡대반 골목형상점가,골목형상점가,광주광역시,,,
e549a6f880a015916736,full_annotation_v1,A,q_한식_01,한식,음식점 중 '한식'을 판매·제공하는 매장,train,한식,T1 정확표기,072181cd-94e1-42c3-a316-11f393aad45c,김밥천국,한식,중랑동부시장,전통시장,서울특별시,,,
046b7ee7c547aaa4e4ec,full_annotation_v1,A,q_한식_01,한식,음식점 중 '한식'을 판매·제공하는 매장,train,한식,T1 정확표기,31352899-476e-40d0-994e-7934c7057e6e,백근집,한식,하가지구 골목형상점가,골목형상점가,전북특별자치도,,,
0d5cf1b49ac70a1fbc6f,full_annotation_v1,A,q_한식_01,한식,음식점 중 '한식'을 판매·제공하는 매장,train,한식,T1 정확표기,9e341d9b-4979-4ecf-881e-5d08209f8ccb,부산횟집,한식,양산 남부시장상가,전통시장,경상남도,,,
15994b8800c37acaff6f,full_annotation_v1,A,q_한식_01,한식,음식점 중 '한식'을 판매·제공하는 매장,train,한식,T1 정확표기,192ab90c-7ffd-4e0b-96cd-24a80657c4c3,주은식당,한식,송정 다누리 골목형상점가,골목형상점가,광주광역시,,,
7616b7d28bfb68d2936a,full_annotation_v1,A,q_한식_01,한식,음식점 중 '한식'을 판매·제공하는 매장,train,한식,T1 정확표기,0175abfe-ccd1-4990-b8eb-538349e9a526,전주식당,한식,백사장항 골목형상점가,골목형상점가,충청남도,,,
a3969a5706b55ae62721,full_annotation_v1,A,q_한식_01,한식,음식점 중 '한식'을 판매·제공하는 매장,train,한식,T1 정확표기,1e72f7d7-d8c7-4eee-b5d1-0d1a210ed7db,털보네정육점,야채,고분다리시장,전통시장,서울특별시,,,
9e758dabfd765d4e1362,full_annotation_v1,A,q_한식_01,한식,음식점 중 '한식'을 판매·제공하는 매장,train,한식,T1 정확표기,cd3ef033-e1bd-48e9-908f-1fdaa4bf1713,복준당,한식,성수역골목형상점가,골목형상점가,서울특별시,,,
4443b1235edfa9c9dfc9,full_annotation_v1,A,q_한식_01,한식,음식점 중 '한식'을 판매·제공하는 매장,train,한식,T1 정확표기,4f0a5663-35a3-4aa7-9802-423cdbdbe1b3,사랑찬방,한식,봉리단길골목형상점가,골목형상점가,서울특별시,,,
827d3d4657ca1a26ed57,full_annotation_v1,A,q_한식_01,한식,음식점 중 '한식'을 판매·제공하는 매장,train,한식,T1 정확표기,01bece07-ad04-4afe-b0bd-0a52427295d1,진주식당,,산청시장,전통시장,경상남도,,,
9c82d5e5833ac82990f5,full_annotation_v1,A,q_한식_01,한식,음식점 중 '한식'을 판매·제공하는 매장,train,한식,T1 정확표기,4d338c3a-d1c7-4254-898f-80ada1c43006,현진떡방앗간,임가공제분(방앗간),건국다복 골목형상점가,골목형상점가,광주광역시,,,
6ef142018829ea990a45,full_annotation_v1,A,q_한식_01,한식,음식점 중 '한식'을 판매·제공하는 매장,train,한식,T1 정확표기,323adf4a-64b9-4442-8234-fb970312706b,통고집,한식,첨단지구 골목형상점가,골목형상점가,광주광역시,,,
0eca801d32d92ec1dc27,full_annotation_v1,A,q_한식_01,한식,음식점 중 '한식'을 판매·제공하는 매장,train,한식,T1 정확표기,a411ad10-57da-486e-bed3-d2ea84d36813,김밥천국,한식,비래동골목형상점가,골목형상점가,대전광역시,,,
e619724f1d2a461ae20d,full_annotation_v1,A,q_한식_01,한식,음식점 중 '한식'을 판매·제공하는 매장,train,한식,T1 정확표기,fc6bd64e-6e49-4448-a5f9-1230ab586c63,돈후이,한식,신원권율2 골목형상점가,골목형상점가,경기도,,,
32bb4f293f626abca9a1,full_annotation_v1,A,q_한식_01,한식,음식점 중 '한식'을 판매·제공하는 매장,train,한식,T1 정확표기,8ce6e300-3fdc-4fef-9ca8-df74c732cbd5,참좋은한의원,한의원,풍암중앙상인회 골목형상점가,골목형상점가,광주광역시,,,
64105e21117765837151,full_annotation_v1,A,q_한식_01,한식,음식점 중 '한식'을 판매·제공하는 매장,train,한식,T1 정확표기,e628e5ae-52c6-4714-b0e8-b9eec740196b,해깐이,한식,퇴계원먹자골목상점가,골목형상점가,경기도,,,
e1043942b5d89d0034aa,full_annotation_v1,A,q_한식_01,한식,음식점 중 '한식'을 판매·제공하는 매장,train,한식,T1 정확표기,0ca7b056-fbc8-49cf-9e4d-dd738c848ea1,똔꼬집,한식,금호1동상가번영회 골목형상점가,골목형상점가,광주광역시,,,
ab0a0fe6839c136371e9,full_annotation_v1,A,q_한식_01,한식,음식점 중 '한식'을 판매·제공하는 매장,train,한식,T1 정확표기,01286ec0-50e0-4540-b678-ec706fb3bcbb,설곰식당,식당,산업용재관,전통시장,대구광역시,,,
55566e8a19b916438ba3,full_annotation_v1,A,q_한식_01,한식,음식점 중 '한식'을 판매·제공하는 매장,train,한식,T1 정확표기,009ee53b-22c6-434e-bb94-47758d092857,미애네 달달스토어,반찬,송현시장,전통시장,인천광역시,,,
a211e341f23ad79de0e5,full_annotation_v1,A,q_한식_01,한식,음식점 중 '한식'을 판매·제공하는 매장,train,한식,T1 정확표기,95ac32fe-8b4e-4eb4-86e5-73b7495c33a1,대포집,한식,가락골 골목형상점가,골목형상점가,서울특별시,,,
3093d082ca497010235f,full_annotation_v1,A,q_한식_01,한식,음식점 중 '한식'을 판매·제공하는 매장,train,한식,T1 정확표기,47acd028-03b5-4fad-b161-7baf3c75f58d,왕대감,한식,강남개포시장(구 개포2동중심상점가),자율상권구역,서울특별시,,,
05c975162f92ebd3bb5a,full_annotation_v1,A,q_한식_01,한식,음식점 중 '한식'을 판매·제공하는 매장,train,한식,T1 정확표기,d85ac593-8870-454d-a71a-69424ed6cb11,김밥천국,한식,수원아이파크시티8단지상가 골목형상점가,골목형상점가,경기도,,,
35d7d9e3ec9e42ec83fb,full_annotation_v1,A,q_한식_01,한식,음식점 중 '한식'을 판매·제공하는 매장,train,한식,T1 정확표기,ce82553d-4c5c-45a3-b42b-32a36b7ed4ca,청주영양탕,한식,운수대통!생거진천전통시장,전통시장,충청북도,,,
731f1e3db0f32da92f44,full_annotation_v1,A,q_한식_01,한식,음식점 중 '한식'을 판매·제공하는 매장,train,한식,T1 정확표기,fd4ad5f4-a6a2-4e5d-8387-4fbaf66deb2a,김밥나라,한식,태화시장,전통시장,울산광역시,,,
c0b840db8ca09e9efe1b,full_annotation_v1,A,q_한식_01,한식,음식점 중 '한식'을 판매·제공하는 매장,train,한식,T1 정확표기,8e518e5d-b5b5-40b5-babe-b2d6f0344024,김밥천국,한식,적성전통시장,전통시장,경기도,,,
18a5838460de2f7f4547,full_annotation_v1,A,q_한식_01,한식,음식점 중 '한식'을 판매·제공하는 매장,train,한식,T1 정확표기,88e9dc14-c8a3-4c39-9844-484ba586b09b,은하수,의류,부산자유시장,전통시장,부산광역시,,,
d91ecb02960d361b9d3b,full_annotation_v1,A,q_한식_01,한식,음식점 중 '한식'을 판매·제공하는 매장,train,한식,T1 정확표기,352efb0d-f80e-4009-aefa-f6e1658e245c,리본,의류,동산상가,전통시장,대구광역시,,,
58888a266b8f7086453b,full_annotation_v1,A,q_한식_01,한식,음식점 중 '한식'을 판매·제공하는 매장,train,한식,T1 정확표기,061fc089-3c87-42dd-9ec4-c57cbe739270,한솥도시락 남천점,도시락,464번길 골목형상점가,골목형상점가,부산광역시,,,
de2678effa67c063f60b,full_annotation_v1,A,q_한식_01,한식,음식점 중 '한식'을 판매·제공하는 매장,train,한식,T1 정확표기,e544b68e-a2e1-402f-b6d3-2335a07b8fe1,고밥,한식,자동차의거리,자율상권구역,광주광역시,,,
bfce91347ada1644e9a7,full_annotation_v1,A,q_한식_01,한식,음식점 중 '한식'을 판매·제공하는 매장,train,한식,T1 정확표기,0446c285-7406-4bba-a3b9-b00b634ae3af,한신통오리숯불바베큐,한식,부천한신시장,전통시장,경기도,,,
a7214e8d2338fbd6c1e4,full_annotation_v1,A,q_한식_02,국밥,음식점 중 '한식'을 판매·제공하는 매장,train,한식,T2 동의어,d6d82081-a6b9-4d45-b16c-3c8908815fbe,구전국밥,국밥,용봉지구 골목형상점가,골목형상점가,광주광역시,,,
d98bd2e05001ea5de487,full_annotation_v1,A,q_한식_02,국밥,음식점 중 '한식'을 판매·제공하는 매장,train,한식,T2 동의어,b51b2513-662a-47df-b905-12cdbcac59ab,창평국밥,국밥,오치동 천지인로 골목형상점가,골목형상점가,광주광역시,,,
9e254f7353a2157bb998,full_annotation_v1,A,q_한식_02,국밥,음식점 중 '한식'을 판매·제공하는 매장,train,한식,T2 동의어,73dcfb12-e7ba-4175-bb83-68237ad822d0,통영굴뚝배기,국밥,태전중앙시장,전통시장,대구광역시,,,
6d454dab315242f4e367,full_annotation_v1,A,q_한식_02,국밥,음식점 중 '한식'을 판매·제공하는 매장,train,한식,T2 동의어,5a4ec6c9-72b6-4709-807c-f1471e0219d7,금호국밥,국밥,조대 정문 골목형상점가,골목형상점가,광주광역시,,,
fea04bcfb7c59aeb4a1c,full_annotation_v1,A,q_한식_02,국밥,음식점 중 '한식'을 판매·제공하는 매장,train,한식,T2 동의어,71b5b1a8-acb6-45d4-aac1-3dc2be4f5291,팔백국밥&덕분국밥,국밥,장기동 먹거리상가 골목형상점가,골목형상점가,대구광역시,,,
f5fb94fab888350978f2,full_annotation_v1,A,q_한식_02,국밥,음식점 중 '한식'을 판매·제공하는 매장,train,한식,T2 동의어,00066748-bce9-4daa-b881-7902dad46f14,하단맛집,한식,하단자율상권구역,,부산광역시,,,
93efe8e26718beb0e135,full_annotation_v1,A,q_한식_02,국밥,음식점 중 '한식'을 판매·제공하는 매장,train,한식,T2 동의어,2c8e7185-bdb3-418c-9c6c-98c53941c550,열정국밥,국밥,쌍학로상인회 골목형상점가,골목형상점가,광주광역시,,,
709481ad5e32059cdb06,full_annotation_v1,A,q_한식_02,국밥,음식점 중 '한식'을 판매·제공하는 매장,train,한식,T2 동의어,6e2a546b-6f3e-42d3-9e1d-6db1d158c397,가야국밥,국밥,진해 경화시장,전통시장,경상남도,,,
8e7bc9653d91c1e6547a,full_annotation_v1,A,q_한식_02,국밥,음식점 중 '한식'을 판매·제공하는 매장,train,한식,T2 동의어,01cb3652-fa58-417b-a2fd-2aa0a54fae0a,해밍턴 부대찌개 세종다정점,부대찌개한식,다정중앙 골목형상점가,골목형상점가,세종특별자치시,,,
b7d77d3723759e729cbe,full_annotation_v1,A,q_한식_02,국밥,음식점 중 '한식'을 판매·제공하는 매장,train,한식,T2 동의어,7b8bcf92-bddb-46c8-b272-6aaf34551b77,부산돼지국밥,국밥,신정상가시장,전통시장,울산광역시,,,
d45a22bf4ef99ce26b7d,full_annotation_v1,A,q_한식_02,국밥,음식점 중 '한식'을 판매·제공하는 매장,train,한식,T2 동의어,03a6e716-3825-40e3-ba06-e047ee5e5483,부일반찬,김치,초량전통시장,전통시장,부산광역시,,,
b5b1b4d30e93be7fc8e7,full_annotation_v1,A,q_한식_02,국밥,음식점 중 '한식'을 판매·제공하는 매장,train,한식,T2 동의어,0f1b1660-7282-4bec-bd77-478bc94f7689,신평현주식당,국밥,신평전통시장,전통시장,경상북도,,,
0e7866ee80b910158bb1,full_annotation_v1,A,q_한식_02,국밥,음식점 중 '한식'을 판매·제공하는 매장,train,한식,T2 동의어,e8458fd4-6d3a-4c03-97eb-7f35b9300f3e,전통순대국밥,국밥,안녕마을골목형상점가,골목형상점가,대전광역시,,,
3de04880a7108e671284,full_annotation_v1,A,q_한식_02,국밥,음식점 중 '한식'을 판매·제공하는 매장,train,한식,T2 동의어,60ad1870-1181-4f9a-9364-df880c117805,옛날국밥,국밥,송내영화의거리 골목형상점가,골목형상점가,경기도,,,
d5dc5e4363c5ec3bcc85,full_annotation_v1,A,q_한식_02,국밥,음식점 중 '한식'을 판매·제공하는 매장,train,한식,T2 동의어,0239c4e7-2ae3-4f29-8952-19c6d9d1d9a9,세번째집,순대국밥,성환이화시장,전통시장,충청남도,,,
18289c7211b6ac849764,full_annotation_v1,A,q_한식_02,국밥,음식점 중 '한식'을 판매·제공하는 매장,train,한식,T2 동의어,030bc960-9493-4dd5-93ea-5b56023601af,왕돼지 김치찌개,김치찌개,쌍정 골목형상점가,골목형상점가,전라남도,,,
5215d5ab11ea40be9fc6,full_annotation_v1,A,q_한식_02,국밥,음식점 중 '한식'을 판매·제공하는 매장,train,한식,T2 동의어,840c309e-c03a-41d7-a96f-6e4f4d5b7fe0,신정만국밥,국밥,풍암운리중상인회 골목형상점가,골목형상점가,광주광역시,,,
94512bdb51004657ca32,full_annotation_v1,A,q_한식_02,국밥,음식점 중 '한식'을 판매·제공하는 매장,train,한식,T2 동의어,4e376e28-7ca9-4223-938a-7c1bfdeb021c,알봉국밥,국밥,왕지상가,자율상권구역,전라남도,,,
ae88aad3f141b526b3e5,full_annotation_v1,A,q_한식_02,국밥,음식점 중 '한식'을 판매·제공하는 매장,train,한식,T2 동의어,54c16e2e-4996-406d-9922-b1f209c1d2e5,고서국밥,국밥,고서 골목형상점가,골목형상점가,전라남도,,,
18ae4844103fa5de9484,full_annotation_v1,A,q_한식_02,국밥,음식점 중 '한식'을 판매·제공하는 매장,train,한식,T2 동의어,52810049-4fbf-4087-9fc7-0b8ebc9e1f04,우미우미 정육점,한우한돈,영선신시장,전통시장,대구광역시,,,
cbabdf26857353b4413b,full_annotation_v1,A,q_한식_02,국밥,음식점 중 '한식'을 판매·제공하는 매장,train,한식,T2 동의어,3b1eca17-7cef-4281-8166-d64afb3156de,남도국밥,국밥,산수시장,전통시장,광주광역시,,,
52b72abb8705fc30f2d2,full_annotation_v1,A,q_한식_02,국밥,음식점 중 '한식'을 판매·제공하는 매장,train,한식,T2 동의어,03bba86e-80c4-42b0-8688-a0c912abdb07,돼지고기김치찌개,김치찌개,도담동 골목형상점가,골목형상점가,세종특별자치시,,,
4f187c442eaa51c655a4,full_annotation_v1,A,q_한식_02,국밥,음식점 중 '한식'을 판매·제공하는 매장,train,한식,T2 동의어,c65232c1-11c1-47c6-8c54-6bb45de727a2,일품양평해장국,국밥,신창진흥 골목형상점가,골목형상점가,광주광역시,,,
2ee55e68e1e8e74d22c0,full_annotation_v1,A,q_한식_02,국밥,음식점 중 '한식'을 판매·제공하는 매장,train,한식,T2 동의어,f6fbedf1-09b1-429f-91c4-a41ddb44cedc,부경 골프존,스크린 골프,하남 골목형상점가,골목형상점가,광주광역시,,,
40d918c2ff0658c3fea9,full_annotation_v1,A,q_한식_02,국밥,음식점 중 '한식'을 판매·제공하는 매장,train,한식,T2 동의어,9eedca70-9b55-4b8e-9bc9-531df8cb4195,달뜨는국밥,국밥,남창옹기종기시장,전통시장,울산광역시,,,
dcd856be288c759e017a,full_annotation_v1,A,q_한식_02,국밥,음식점 중 '한식'을 판매·제공하는 매장,train,한식,T2 동의어,4685eaee-3151-4f4b-8324-6003a991bfe0,옥교국밥,국밥,중앙전통시장,전통시장,울산광역시,,,
17274728215e51f48ff4,full_annotation_v1,A,q_한식_02,국밥,음식점 중 '한식'을 판매·제공하는 매장,train,한식,T2 동의어,afc073b3-97d1-4456-9e8f-e55785af51ae,중앙형제횟집,회,강릉중앙시장,전통시장,강원특별자치도,,,
38dc78f9268ea0ea394e,full_annotation_v1,A,q_한식_02,국밥,음식점 중 '한식'을 판매·제공하는 매장,train,한식,T2 동의어,385b1f13-6879-4d34-aa74-8a31ad9450f6,효자옥,국밥,수완나들목 골목형상점가,골목형상점가,광주광역시,,,
019f6742cc388ba43f35,full_annotation_v1,A,q_한식_02,국밥,음식점 중 '한식'을 판매·제공하는 매장,train,한식,T2 동의어,273324f1-cdec-4e78-b689-1b361381a40a,유연화국밥,국밥,대룡시장골목형상점가,골목형상점가,인천광역시,,,
8e15d7f8cca5ba3324d3,full_annotation_v1,A,q_한식_02,국밥,음식점 중 '한식'을 판매·제공하는 매장,train,한식,T2 동의어,5e0308ae-56db-4180-8588-16d9ffe40f9c,강원국밥,국밥,신정상가시장,전통시장,울산광역시,,,
dc34efa0845167545016,full_annotation_v1,A,q_한식_02,국밥,음식점 중 '한식'을 판매·제공하는 매장,train,한식,T2 동의어,b569b917-993a-4912-a338-e94a1f486b90,옛날국밥,국밥,각화2지구 골목형상점가,골목형상점가,광주광역시,,,
51569d8de0afb867f89a,full_annotation_v1,A,q_한식_02,국밥,음식점 중 '한식'을 판매·제공하는 매장,train,한식,T2 동의어,7fb8d6dd-64ad-49e7-bf84-62ec09e27f8c,해반국밥,한식 국밥,계림 재미로 골목형상점가,골목형상점가,광주광역시,,,
bbb8c22a827ab111db67,full_annotation_v1,A,q_한식_02,국밥,음식점 중 '한식'을 판매·제공하는 매장,train,한식,T2 동의어,01e8dcda-39f2-4df9-a2e4-2e63e8a9f480,두꺼비부대찌개,부대찌개,신중동문화거리상점가,자율상권구역,경기도,,,
0a23cefca33778272f5d,full_annotation_v1,A,q_한식_02,국밥,음식점 중 '한식'을 판매·제공하는 매장,train,한식,T2 동의어,9c6b2824-9298-4b42-bbf9-45f76be52a78,원조성환장터국밥,국밥,송탄시장(송북시장),전통시장,경기도,,,
335539c42d2af0c72b00,full_annotation_v1,A,q_한식_02,국밥,음식점 중 '한식'을 판매·제공하는 매장,train,한식,T2 동의어,009ee53b-22c6-434e-bb94-47758d092857,미애네 달달스토어,반찬,송현시장,전통시장,인천광역시,,,
d87c6a2cca2b233b532b,full_annotation_v1,A,q_한식_02,국밥,음식점 중 '한식'을 판매·제공하는 매장,train,한식,T2 동의어,a7debfa2-5a92-4eb0-b779-4a676282a0d1,시장국밥,국밥,원당온누리 골목형상점가,골목형상점가,경기도,,,
90d981ed97e1e8c4d6c1,full_annotation_v1,A,q_한식_02,국밥,음식점 중 '한식'을 판매·제공하는 매장,train,한식,T2 동의어,581cd2f9-ffe3-4a0c-9e45-0c168f8aac96,땅끝국밥,국밥,하남 골목형상점가,골목형상점가,광주광역시,,,
fc5f98af17f32b149d56,full_annotation_v1,A,q_한식_02,국밥,음식점 중 '한식'을 판매·제공하는 매장,train,한식,T2 동의어,01465138-3544-40c5-a4db-860c2bb8c959,군산수산물종합센터내)매점,매점,군산수산물종합센터,전통시장,전북특별자치도,,,
4457e8eefef261d57801,full_annotation_v1,A,q_한식_02,국밥,음식점 중 '한식'을 판매·제공하는 매장,train,한식,T2 동의어,726ce86c-a6fd-477f-bc8d-c74ddefd00c0,성남수산,수산물,강릉성남시장,전통시장,강원특별자치도,,,
4ccbe5bf79f29fb244f9,full_annotation_v1,A,q_한식_02,국밥,음식점 중 '한식'을 판매·제공하는 매장,train,한식,T2 동의어,da6e64c0-1713-4835-ad1e-df1ceb8b6a31,서울식품,국밥,정선사북시장,전통시장,강원특별자치도,,,
4698dae6948440ff7a52,full_annotation_v1,A,q_한식_02,국밥,음식점 중 '한식'을 판매·제공하는 매장,train,한식,T2 동의어,a690f8ae-242c-44ce-a933-97f8534e1d04,원국밥,국밥,효천로 골목형상점가,골목형상점가,광주광역시,,,
ea5da2f34316deef3510,full_annotation_v1,A,q_한식_02,국밥,음식점 중 '한식'을 판매·제공하는 매장,train,한식,T2 동의어,ced23ff0-eb73-4754-8d07-766587c0f79b,마츠리,,효천로 골목형상점가,골목형상점가,,,,
bd5879a8af52f94fd4e2,full_annotation_v1,A,q_한식_02,국밥,음식점 중 '한식'을 판매·제공하는 매장,train,한식,T2 동의어,661e927f-d883-47e2-b592-46f68d4b32dd,옛날국밥,국밥,두암초주변 골목형상점가,골목형상점가,광주광역시,,,
703199f242b13ef0ffdd,full_annotation_v1,A,q_한식_02,국밥,음식점 중 '한식'을 판매·제공하는 매장,train,한식,T2 동의어,b6746daa-1ab9-470f-9a6a-661e4681ca69,경성한우국밥,국밥,그라운드고척골목형상점가,골목형상점가,서울특별시,,,
388ed0ddfe17d6bbec43,full_annotation_v1,A,q_한식_02,국밥,음식점 중 '한식'을 판매·제공하는 매장,train,한식,T2 동의어,01186127-94c8-40c4-8d08-9f84a76c77b0,짱아식당,,다향보성 골목형상점가,골목형상점가,,,,
f32424d9c43cd2432f94,full_annotation_v1,A,q_한식_02,국밥,음식점 중 '한식'을 판매·제공하는 매장,train,한식,T2 동의어,30a0bc35-f0d1-4d5d-9826-8d498122538a,밥집,,고창전통시장,전통시장,전북특별자치도,,,
44788879435e297ceb3f,full_annotation_v1,A,q_한식_02,국밥,음식점 중 '한식'을 판매·제공하는 매장,train,한식,T2 동의어,23a882de-448a-4702-8e4f-3445b77e6733,시장악세사리,악세사리,거창 전통시장,전통시장,경상남도,,,
831eb901b912d00a5911,full_annotation_v1,A,q_한식_02,국밥,음식점 중 '한식'을 판매·제공하는 매장,train,한식,T2 동의어,e5dd1dfc-f4e2-4a6f-91ea-b70b574ddfa8,진국본가,국밥,과천스마트케이 골목형상점가,골목형상점가,경기도,,,
570eb81dd5fcbefb0a15,full_annotation_v1,A,q_한식_02,국밥,음식점 중 '한식'을 판매·제공하는 매장,train,한식,T2 동의어,93b4a81f-3f68-4b8f-a232-9c30cb122b7d,까망돈국밥,국밥,광복마을길 골목형상점가,골목형상점가,광주광역시,,,
5b608643085c409c05e2,full_annotation_v1,A,q_한식_02,국밥,음식점 중 '한식'을 판매·제공하는 매장,train,한식,T2 동의어,ba46a255-2b35-4261-9fcf-f09d62daa072,사랑채국밥,국밥,금호운천로상인회 골목형상점가,골목형상점가,광주광역시,,,
3da64af430ee515d0823,full_annotation_v1,A,q_한식_02,국밥,음식점 중 '한식'을 판매·제공하는 매장,train,한식,T2 동의어,459094c6-1501-420b-a71c-b859420b712a,사계절,국밥,화정동 서부시장,전통시장,광주광역시,,,
4bbb8c88b684204fe0a5,full_annotation_v1,A,q_한식_02,국밥,음식점 중 '한식'을 판매·제공하는 매장,train,한식,T2 동의어,12ebdd35-4da7-4a5c-9610-a5c5aaf8b099,선자네 국밥,"국밥, 한식",강진읍 상권활성화구역,상권활성화구역,전라남도,,,
01687ddf11c868e57d78,full_annotation_v1,A,q_한식_02,국밥,음식점 중 '한식'을 판매·제공하는 매장,train,한식,T2 동의어,01c857cd-3f28-4d83-8fa4-e0abcfb44fbd,수연국밥,국밥,두암사거리 골목형상점가,골목형상점가,광주광역시,,,
64e82df3c17ee2151b18,full_annotation_v1,A,q_한식_02,국밥,음식점 중 '한식'을 판매·제공하는 매장,train,한식,T2 동의어,10d3287f-3a9d-42ed-86b3-e8217e51709e,바우국밥,국밥,신정상가시장,전통시장,울산광역시,,,
b1c36b2b9eda51cf3ca9,full_annotation_v1,A,q_한식_02,국밥,음식점 중 '한식'을 판매·제공하는 매장,train,한식,T2 동의어,a6449f88-d7c9-4822-babe-c0f732caebc5,갓포호사 삼촌카세,한식,첨단2동 골목형상점가,골목형상점가,광주광역시,,,
54b73be29194d0b2db91,full_annotation_v1,A,q_한식_02,국밥,음식점 중 '한식'을 판매·제공하는 매장,train,한식,T2 동의어,73cdf368-420e-46be-bfce-ed57b7844337,세종순대국밥,국밥,사거리온누리 골목형상점가,골목형상점가,충청남도,,,
56ff835764c40a191f2a,full_annotation_v1,A,q_한식_02,국밥,음식점 중 '한식'을 판매·제공하는 매장,train,한식,T2 동의어,5123ad8a-f390-49c0-92a4-19a9c20d6b68,나주,국밥,사직동 서동로 골목형상점가,골목형상점가,광주광역시,,,
32b061f2bff6fc11a596,full_annotation_v1,A,q_한식_02,국밥,음식점 중 '한식'을 판매·제공하는 매장,train,한식,T2 동의어,00181552-6cc5-406b-ac59-bf9816f61398,갓지은밥,한식,남광주시장,전통시장,,,,
0a1dc1db3cf74a434193,full_annotation_v1,A,q_한식_02,국밥,음식점 중 '한식'을 판매·제공하는 매장,train,한식,T2 동의어,01b06c58-1a16-4bd9-81a5-ad284e01da10,신바람국밥,,운암대자골 골목형상점가,골목형상점가,,,,
650fee6b59a1d4777218,full_annotation_v1,A,q_한식_02,국밥,음식점 중 '한식'을 판매·제공하는 매장,train,한식,T2 동의어,bd7dd3ae-7f09-49e7-bfeb-3eb9075c2c77,전주24시참편한39콩나물국밥,국밥,평동 골목형상점가,골목형상점가,광주광역시,,,
a97a83248665ba23e018,full_annotation_v1,A,q_한식_02,국밥,음식점 중 '한식'을 판매·제공하는 매장,train,한식,T2 동의어,89982414-ebf5-461b-939f-01a96d0860d1,조선 국밥,한식,나주 대호동 골목형상점가,골목형상점가,전라남도,,,
ac8804eb1f8b7f9eca9a,full_annotation_v1,A,q_한식_02,국밥,음식점 중 '한식'을 판매·제공하는 매장,train,한식,T2 동의어,04961d72-f5b3-4605-86f3-8130ded3e312,본도시락성서점,,성서우방 골목형상점가,골목형상점가,대구광역시,,,
96f4544deb35c4c37478,full_annotation_v1,A,q_한식_02,국밥,음식점 중 '한식'을 판매·제공하는 매장,train,한식,T2 동의어,a8a00971-1218-4394-9fda-1c7de2bfa41c,옛날국밥,국밥,가원 골목형상점가,골목형상점가,울산광역시,,,
9450f668c46f72a4318f,full_annotation_v1,A,q_한식_02,국밥,음식점 중 '한식'을 판매·제공하는 매장,train,한식,T2 동의어,ad41e29b-15cf-4680-9d24-9622d6c68003,경성한우국밥,국밥,용봉IC 골목형상점가,골목형상점가,광주광역시,,,
61b6988c303d01267b4f,full_annotation_v1,A,q_한식_02,국밥,음식점 중 '한식'을 판매·제공하는 매장,train,한식,T2 동의어,08c3a5e9-fef2-4174-b847-cc7119f551e7,따숭거국밥,국밥,밀양 아리랑시장,전통시장,경상남도,,,
ea66f2def0bfb7717306,full_annotation_v1,A,q_한식_02,국밥,음식점 중 '한식'을 판매·제공하는 매장,train,한식,T2 동의어,fdca65c0-f9eb-43eb-a259-2d4066c70fef,명광식당,국밥,신정상가시장,전통시장,울산광역시,,,
69ae5c73e3db6b4efbe9,full_annotation_v1,A,q_한식_02,국밥,음식점 중 '한식'을 판매·제공하는 매장,train,한식,T2 동의어,71bda72e-ffb8-4382-9d79-dae762d85d49,장터국밥,국밥,창원 명서시장,전통시장,경상남도,,,
d499a8549a1180111a41,full_annotation_v1,A,q_한식_02,국밥,음식점 중 '한식'을 판매·제공하는 매장,train,한식,T2 동의어,c34b1a36-95a8-4670-9c0c-2572d4a6bba7,따숨국밥,국밥,지족동 골목형상점가,골목형상점가,대전광역시,,,
e1216aeaa08da48af4d8,full_annotation_v1,A,q_한식_02,국밥,음식점 중 '한식'을 판매·제공하는 매장,train,한식,T2 동의어,7240bb3a-1209-4406-abc6-d4bd8228d392,수육주는 국밥,국밥,마산 산호동야구장상점가,자율상권구역,경상남도,,,
c2eb17e76d897a5e866c,full_annotation_v1,A,q_한식_02,국밥,음식점 중 '한식'을 판매·제공하는 매장,train,한식,T2 동의어,5ef16d3b-8de5-4441-8cb5-c0fbc9016175,명호축산물,축산물,복대가경시장,전통시장,충청북도,,,
a1aa6ad984b7dc9c58f6,full_annotation_v1,A,q_한식_02,국밥,음식점 중 '한식'을 판매·제공하는 매장,train,한식,T2 동의어,25d8323e-bf6a-484a-8996-ebb97b938155,OK스시,초밥집,대림시장,전통시장,서울특별시,,,
25238b48cbbb45372c20,full_annotation_v1,A,q_한식_02,국밥,음식점 중 '한식'을 판매·제공하는 매장,train,한식,T2 동의어,4345a729-469a-445c-a293-218ef9f693f2,장터국밥,국밥,운남동우체국 골목형상점가,골목형상점가,광주광역시,,,
656726fbdd8c7c42b27e,full_annotation_v1,A,q_한식_02,국밥,음식점 중 '한식'을 판매·제공하는 매장,train,한식,T2 동의어,0b1e6882-6620-41e1-b4ee-4c68dc1f4225,정성미,국밥,동해남부재래시장,전통시장,강원특별자치도,,,
df257796fbd4669974d1,full_annotation_v1,A,q_한식_02,국밥,음식점 중 '한식'을 판매·제공하는 매장,train,한식,T2 동의어,ef4b2c1c-ea60-4075-acfe-b40664d35064,월봉소머리국밥,국밥,대왕암 월봉시장,전통시장,울산광역시,,,
3f851f8901b871866f10,full_annotation_v1,A,q_한식_02,국밥,음식점 중 '한식'을 판매·제공하는 매장,train,한식,T2 동의어,e38c9f1b-d26f-42c0-b2b7-d568573e45ac,서울식당,국밥,구미제일시장상가,전통시장,경상북도,,,
ecc3fe7c610490526c2f,full_annotation_v1,A,q_한식_02,국밥,음식점 중 '한식'을 판매·제공하는 매장,train,한식,T2 동의어,0380eac0-1654-4306-8ab9-554e6527e004,충북충주제천상회,건어물,주문진건어물시장,전통시장,강원특별자치도,,,
e8b343944261ec9034e3,full_annotation_v1,A,q_한식_02,국밥,음식점 중 '한식'을 판매·제공하는 매장,train,한식,T2 동의어,38ec022d-0d9d-483a-b605-04bcaa2844ad,현대국밥,국밥,1913송정역시장,전통시장,광주광역시,,,
16cd5e21e661b999e56d,full_annotation_v1,A,q_한식_02,국밥,음식점 중 '한식'을 판매·제공하는 매장,train,한식,T2 동의어,006895c5-d037-4e3d-9cfb-6972007a350a,반찬사랑,반찬,오치2동 골목형상점가,골목형상점가,광주광역시,,,
61ce195094f9300d7ff1,full_annotation_v1,A,q_한식_02,국밥,음식점 중 '한식'을 판매·제공하는 매장,train,한식,T2 동의어,37cd976c-f667-4b48-beb6-1b7efc3df039,가정국밥,국밥,신정상가시장,전통시장,울산광역시,,,
28732e0df7c811ebf42a,full_annotation_v1,A,q_한식_02,국밥,음식점 중 '한식'을 판매·제공하는 매장,train,한식,T2 동의어,c23b1d64-3710-40eb-a5d6-8930e5688ffd,산채식당,국밥,양양전통시장,전통시장,강원특별자치도,,,
fa6e61d3da88e8b01f0b,full_annotation_v1,A,q_한식_02,국밥,음식점 중 '한식'을 판매·제공하는 매장,train,한식,T2 동의어,dfc215ef-1348-4b75-9f65-28e1e546e8a1,국밥연가,국밥,용주로사랑길 골목형상점가,골목형상점가,광주광역시,,,
12b31502c48ac0533fdf,full_annotation_v1,A,q_한식_02,국밥,음식점 중 '한식'을 판매·제공하는 매장,train,한식,T2 동의어,03b84056-803d-4bd8-8a8b-f3d19815797b,땅스부댜찌개,즉석판매찌개,바람골골목형상점가,골목형상점가,충청북도,,,
961e83393d219c717407,full_annotation_v1,A,q_한식_02,국밥,음식점 중 '한식'을 판매·제공하는 매장,train,한식,T2 동의어,cd71aefc-03c7-47b7-bc82-ce6915950279,열정국밥,국밥,반곡동 골목형상점가,골목형상점가,세종특별자치시,,,
2d7b638eebf445cedb93,full_annotation_v1,A,q_한식_02,국밥,음식점 중 '한식'을 판매·제공하는 매장,train,한식,T2 동의어,e25bdfd9-3732-46c2-8476-886bb95211ce,북부제일식당,국밥,웃장상가,자율상권구역,전라남도,,,
84a5ee99dda88a2f4fb1,full_annotation_v1,A,q_한식_02,국밥,음식점 중 '한식'을 판매·제공하는 매장,train,한식,T2 동의어,001053bb-9a4d-431c-8073-f2204c857265,유달식당,한식,노량진수산시장골목형상점가,골목형상점가,서울특별시,,,
c377faa2cda2cf25ef3b,full_annotation_v1,A,q_한식_02,국밥,음식점 중 '한식'을 판매·제공하는 매장,train,한식,T2 동의어,01b4b567-78d4-4fa1-9bff-25fd01fb1a4c,소문난김치집,김치,중앙먹거리 상인회 골목형상점가,골목형상점가,전라남도,,,
30f904738813fb299e75,full_annotation_v1,A,q_한식_02,국밥,음식점 중 '한식'을 판매·제공하는 매장,train,한식,T2 동의어,cd726978-d271-4da0-9902-dc7830eeefea,둥지,국밥,인천산업유통센터,전통시장,인천광역시,,,
f3d309aafe226e7a0528,full_annotation_v1,A,q_한식_02,국밥,음식점 중 '한식'을 판매·제공하는 매장,train,한식,T2 동의어,000a95c4-e0a6-4011-86fb-04307bcfae38,황갈비,한식,김천황금시장,전통시장,경상북도,,,
1eebc3f14629ae0f3d99,full_annotation_v1,A,q_한식_02,국밥,음식점 중 '한식'을 판매·제공하는 매장,train,한식,T2 동의어,c49b61cf-aff0-4f10-8878-a8da6339e07e,오메국밥,국밥,산업용재유통센터 상인회 골목형상점가,골목형상점가,광주광역시,,,
fcb7532db60b20bbb660,full_annotation_v1,A,q_한식_02,국밥,음식점 중 '한식'을 판매·제공하는 매장,train,한식,T2 동의어,22954749-e6d7-4255-b184-4469f5f776ac,자리봉국밥,국밥,더불어용두 골목형상점가,골목형상점가,광주광역시,,,
9bbd05cf995632c4dcc9,full_annotation_v1,A,q_한식_02,국밥,음식점 중 '한식'을 판매·제공하는 매장,train,한식,T2 동의어,a909f7c4-c12b-4bd5-82a8-b59243810671,굿모닝보청기,보청기,조치원중심가로상점가,자율상권구역,세종특별자치시,,,
4204553e924e4683d4d3,full_annotation_v1,A,q_한식_02,국밥,음식점 중 '한식'을 판매·제공하는 매장,train,한식,T2 동의어,01286ec0-50e0-4540-b678-ec706fb3bcbb,설곰식당,식당,산업용재관,전통시장,대구광역시,,,
c0edf4fc6f4166f891e1,full_annotation_v1,A,q_한식_02,국밥,음식점 중 '한식'을 판매·제공하는 매장,train,한식,T2 동의어,2c27eea1-d81b-47a3-9767-2394141b7c65,선운국밥,국밥,선운별 골목형상점가,골목형상점가,광주광역시,,,
ee0f2ca0b8b4146811e4,full_annotation_v1,A,q_한식_02,국밥,음식점 중 '한식'을 판매·제공하는 매장,train,한식,T2 동의어,9694128d-1aae-4aed-a8e7-2e64b19a1f0a,아리영국밥,국밥,동천동 상인회 골목형상점가,골목형상점가,광주광역시,,,
1497475dd72946c78a09,full_annotation_v1,A,q_한식_02,국밥,음식점 중 '한식'을 판매·제공하는 매장,train,한식,T2 동의어,3da6ffa8-b55f-48ed-94f4-1311ae91f354,수레 가마솥 국밥,국밥,본촌 사랑마을 골목형상점가,골목형상점가,광주광역시,,,
8439d7d5e333483548a4,full_annotation_v1,A,q_한식_02,국밥,음식점 중 '한식'을 판매·제공하는 매장,train,한식,T2 동의어,51583374-29aa-46a4-8c4c-0684de4d6cf6,봉봉씨의 유쾌한 김밥집,,솔매사랑길 골목형상점가,골목형상점가,서울특별시,,,
06cbfc064c19d9b6864c,full_annotation_v1,A,q_한식_02,국밥,음식점 중 '한식'을 판매·제공하는 매장,train,한식,T2 동의어,001a2d82-c062-406b-b63c-9a8f8a4c86fa,열린부뚜막협동조합,"한식뷔페, 도시락, 케이터링, 요리강좌, 창업컨설팅, 행사기획",슬기로운 지족역 골목형상점가,골목형상점가,대전광역시,,,
9c0135aa279564f8ce4b,full_annotation_v1,A,q_한식_02,국밥,음식점 중 '한식'을 판매·제공하는 매장,train,한식,T2 동의어,804f8087-3ace-4864-ac93-553cf1a223b6,시장국밥,국밥,신가동 골목형상점가,골목형상점가,광주광역시,,,
6f07119456a19d144db3,full_annotation_v1,A,q_한식_02,국밥,음식점 중 '한식'을 판매·제공하는 매장,train,한식,T2 동의어,033ab0da-f546-4879-93a7-5bf7e6327bf3,시장식당,국밥,광양5일시장,전통시장,,,,
cbb7aa95ba30dec24ef1,full_annotation_v1,A,q_한식_02,국밥,음식점 중 '한식'을 판매·제공하는 매장,train,한식,T2 동의어,787f271c-ad35-4aa8-be76-a826c913fcdb,성심한의원,한의진료 서비스,성당시장,전통시장,대구광역시,,,
a2a6a4c27c2e4bc4ca81,full_annotation_v1,A,q_한식_02,국밥,음식점 중 '한식'을 판매·제공하는 매장,train,한식,T2 동의어,003003dc-6951-4f07-8cf2-f31334c0b27d,미향반찬,반찬,신안코아,전통시장,경기도,,,
fce9ec4aa5a3f7c55b3b,full_annotation_v1,A,q_한식_02,국밥,음식점 중 '한식'을 판매·제공하는 매장,train,한식,T2 동의어,1aae2d75-3ff8-46e2-be3b-251a6399a7b4,김가네암뽕사골국밥,국밥,임방울거리1구역 골목형상점가,골목형상점가,광주광역시,,,
d04b7b2cc48a646ed0e5,full_annotation_v1,A,q_한식_02,국밥,음식점 중 '한식'을 판매·제공하는 매장,train,한식,T2 동의어,0111a38b-8df8-43ae-9c16-778c27352864,본도시락,도시락,배방월천 골목형상점가,골목형상점가,충청남도,,,
47f5940d8ea8689a31a6,full_annotation_v1,A,q_한식_02,국밥,음식점 중 '한식'을 판매·제공하는 매장,train,한식,T2 동의어,9bcdd1ec-86fa-4919-b764-ef7eb296a900,전통순대국밥,국밥,지산사거리 골목형상점가,골목형상점가,광주광역시,,,
215bb4656e12bcec1c5a,full_annotation_v1,A,q_한식_02,국밥,음식점 중 '한식'을 판매·제공하는 매장,train,한식,T2 동의어,f92a6137-a231-4b28-a18b-3cbc310f3d95,창평국밥,국밥,슬로시티창평 골목형상점가,골목형상점가,전라남도,,,
dd7206c8833e4a0d424c,full_annotation_v1,A,q_한식_02,국밥,음식점 중 '한식'을 판매·제공하는 매장,train,한식,T2 동의어,3859dbbf-a65d-48a0-b4aa-528167177046,24시조개국밥,국밥,신정상가시장,전통시장,울산광역시,,,
478784c35f18f59f12b0,full_annotation_v1,A,q_한식_02,국밥,음식점 중 '한식'을 판매·제공하는 매장,train,한식,T2 동의어,d97fe85d-90fa-46d2-ad49-44c64ad6af17,조마루감자탕 신내점,,신내구길 골목형상점가,골목형상점가,서울특별시,,,
72f62160d4d8893fa696,full_annotation_v1,A,q_한식_02,국밥,음식점 중 '한식'을 판매·제공하는 매장,train,한식,T2 동의어,0492eadb-f997-4cde-a42c-d089ca5c8d62,황금돼지국밥,국밥,하남대로,골목형상점가,광주광역시,,,
06200c885bee20481772,full_annotation_v1,A,q_한식_02,국밥,음식점 중 '한식'을 판매·제공하는 매장,train,한식,T2 동의어,061fc089-3c87-42dd-9ec4-c57cbe739270,한솥도시락 남천점,도시락,464번길 골목형상점가,골목형상점가,부산광역시,,,
70b132fd16a5ed0baaf1,full_annotation_v1,A,q_한식_02,국밥,음식점 중 '한식'을 판매·제공하는 매장,train,한식,T2 동의어,123888fc-6c2c-4050-aeeb-924985e46704,고향의맛집,국밥,남광주시장,전통시장,광주광역시,,,
cf0835c89d73c80e01f4,full_annotation_v1,A,q_한식_02,국밥,음식점 중 '한식'을 판매·제공하는 매장,train,한식,T2 동의어,311e1811-3f58-4bde-8fbb-656931757a13,시장국밥,국밥,옥곡5일시장,전통시장,전라남도,,,
03ee9cbc46e036d3524c,full_annotation_v1,A,q_한식_02,국밥,음식점 중 '한식'을 판매·제공하는 매장,train,한식,T2 동의어,05530d0f-82ed-47a1-8015-32b6c30e3752,진수산삼다식품,"젓갈류, 김치, 수산물",동문재래시장,전통시장,제주특별자치도,,,
2a3dc999c2dd41dfd5de,full_annotation_v1,A,q_한식_02,국밥,음식점 중 '한식'을 판매·제공하는 매장,train,한식,T2 동의어,31a675ed-383d-4278-97c8-5949eb3fc747,우동김밥집,,비카인드 자율상권구역,,경상북도,,,
7b85f885b12e90325b8e,full_annotation_v1,A,q_한식_02,국밥,음식점 중 '한식'을 판매·제공하는 매장,train,한식,T2 동의어,01b7e8c6-feb8-4cff-a63e-2376ae18dd41,원조생굴뚝배기,국밥,고령대가야시장,전통시장,경상북도,,,
b9fc1422fe1b4fd8d609,full_annotation_v1,A,q_한식_02,국밥,음식점 중 '한식'을 판매·제공하는 매장,train,한식,T2 동의어,0182c177-fcc7-47b0-8e12-99eb221aff79,시장초장식당,"칼국수, 열무비빔밥, 국, 반찬",경주중앙시장,전통시장,경상북도,,,
b9b5aa0a10b05ddc7d3e,full_annotation_v1,A,q_한식_02,국밥,음식점 중 '한식'을 판매·제공하는 매장,train,한식,T2 동의어,010b729e-dfdc-4b2c-ac41-376db70ef2c0,우여사애찬방,반찬,안동광석거리 골목형상점가,골목형상점가,경상북도,,,
6bc6f2d02a541bd828dc,full_annotation_v1,A,q_한식_02,국밥,음식점 중 '한식'을 판매·제공하는 매장,train,한식,T2 동의어,01f160fc-531c-4191-aa22-453462e0f38a,천년,김치,오정동상점가,자율상권구역,대전광역시,,,
ca918c250d796058aa22,full_annotation_v1,A,q_한식_02,국밥,음식점 중 '한식'을 판매·제공하는 매장,train,한식,T2 동의어,0130dbd3-b9ea-43f4-98fd-26d8afd90b78,모래내시장순대,식당,전주모래내시장,전통시장,전북특별자치도,,,
8dd21bc93adf4200ad13,full_annotation_v1,A,q_한식_02,국밥,음식점 중 '한식'을 판매·제공하는 매장,train,한식,T2 동의어,759cfe6e-80d0-4cfb-b4d5-fd72693b5054,현대국밥,국밥,아랫장,전통시장,전라남도,,,
025802cca93820086fa3,full_annotation_v1,A,q_한식_02,국밥,음식점 중 '한식'을 판매·제공하는 매장,train,한식,T2 동의어,902a0fcc-7643-4fa9-9dab-6bb532208f8f,금탑소머리국밥,국밥,광주인쇄거리 골목형상점가,골목형상점가,광주광역시,,,
dd233a70e5912da144bf,full_annotation_v1,A,q_한식_02,국밥,음식점 중 '한식'을 판매·제공하는 매장,train,한식,T2 동의어,01bece07-ad04-4afe-b0bd-0a52427295d1,진주식당,,산청시장,전통시장,경상남도,,,
fe50e5533743dfeb2678,full_annotation_v1,A,q_한식_02,국밥,음식점 중 '한식'을 판매·제공하는 매장,train,한식,T2 동의어,08fef882-f676-466c-a692-48a259f5d16f,시장국수,국밥,반구시장,전통시장,울산광역시,,,
54b67e5eac3d667c87a9,full_annotation_v1,A,q_한식_02,국밥,음식점 중 '한식'을 판매·제공하는 매장,train,한식,T2 동의어,a400675a-658e-4e15-9e97-2a6c1cd4e00c,일해국밥,국밥,흥덕 다채움 골목형 상점가,골목형상점가,경기도,,,
eec4538bca06c67284f7,full_annotation_v1,A,q_한식_02,국밥,음식점 중 '한식'을 판매·제공하는 매장,train,한식,T2 동의어,0cef1d70-4df9-4796-9ff5-914eb40ed948,장수돼지국밥,국밥,창원 명서시장,전통시장,경상남도,,,
062dd87bc5c5edc9fc8a,full_annotation_v1,A,q_한식_02,국밥,음식점 중 '한식'을 판매·제공하는 매장,train,한식,T2 동의어,dac58b7e-7e63-443e-bd71-0d51fa737de6,98도씨 국밥 세종점,국밥,다정한 골목형상점가,골목형상점가,세종특별자치시,,,
ec84712c6f3e4f9d689b,full_annotation_v1,A,q_한식_02,국밥,음식점 중 '한식'을 판매·제공하는 매장,train,한식,T2 동의어,36059eb9-41c0-4319-9b65-afa87f1beb2c,옛날국밥,국밥,미포1길 골목형상점가,골목형상점가,울산광역시,,,
9d9570ae967c632f0d73,full_annotation_v1,A,q_한식_02,국밥,음식점 중 '한식'을 판매·제공하는 매장,train,한식,T2 동의어,7ac79216-f86c-4ca2-9011-696c2aa6f303,우리식당,국밥,전주남부시장,전통시장,전북특별자치도,,,
6073c88f94c47adad975,full_annotation_v1,A,q_한식_02,국밥,음식점 중 '한식'을 판매·제공하는 매장,train,한식,T2 동의어,5efc0555-24d6-4827-8e21-02bdc6ca8418,현옥국밥,국밥,용산교 골목형상점가,골목형상점가,광주광역시,,,
caeb663b03fe869b73f8,full_annotation_v1,A,q_한식_02,국밥,음식점 중 '한식'을 판매·제공하는 매장,train,한식,T2 동의어,9530fef1-3cbe-45fd-b40b-6ef365857d80,동양식육점,식육,서부시장(서부재래시장),전통시장,충청남도,,,
6b8ca2144f586a3097b2,full_annotation_v1,A,q_한식_02,국밥,음식점 중 '한식'을 판매·제공하는 매장,train,한식,T2 동의어,d40fe310-4152-4f8e-a1ea-bd51e69d0b71,"내고향 국밥,국수",국밥,문화의거리 상점가,자율상권구역,울산광역시,,,
7d0c0ef1fbd28dc2e20e,full_annotation_v1,A,q_한식_02,국밥,음식점 중 '한식'을 판매·제공하는 매장,train,한식,T2 동의어,a9cb5b9e-b23b-4e75-a3a4-119e1b16804b,무등국밥,국밥,송정5일시장,전통시장,광주광역시,,,
36560f6d4e8ab938338b,full_annotation_v1,A,q_한식_02,국밥,음식점 중 '한식'을 판매·제공하는 매장,train,한식,T2 동의어,dee86993-1190-4bf7-b14d-882ae6c5f582,함안식당,국밥,구포역세권상점가,자율상권구역,부산광역시,,,
fe5d522844efe007c1b7,full_annotation_v1,A,q_한식_02,국밥,음식점 중 '한식'을 판매·제공하는 매장,train,한식,T2 동의어,d6f1d8d5-ade5-4595-892f-38c49b0503d0,여송집,국밥,동쪽바다중앙시장(구 동해중앙시장),전통시장,강원특별자치도,,,
9a86fabaaf1e8721910d,full_annotation_v1,A,q_한식_02,국밥,음식점 중 '한식'을 판매·제공하는 매장,train,한식,T2 동의어,3ee96174-8c01-4f96-8456-fc59a89ee500,창평국밥,국밥,동림1 골목형상점가,골목형상점가,광주광역시,,,
dfaa5282b0c0bb6cd12d,full_annotation_v1,A,q_한식_02,국밥,음식점 중 '한식'을 판매·제공하는 매장,train,한식,T2 동의어,e70b0186-10c0-4b01-b3ed-bba12db60008,정성애국밥,국밥,두암2동광신맨션주변 골목형상점가,골목형상점가,광주광역시,,,
965fbd6382e2b17762a2,full_annotation_v1,A,q_한식_02,국밥,음식점 중 '한식'을 판매·제공하는 매장,train,한식,T2 동의어,b89a766e-dfe7-4858-92d7-563681980831,전통순대국밥,국밥,염주먹자골목A구역상인회 골목형상점가,골목형상점가,광주광역시,,,
aa0dcb21ac5998f44cea,full_annotation_v1,A,q_한식_02,국밥,음식점 중 '한식'을 판매·제공하는 매장,train,한식,T2 동의어,00f60c16-d8be-497f-80f2-aab3209a8d0e,포카포카,식당,전남여고후문 골목형상점가,골목형상점가,광주광역시,,,
8aaf9dd1c125795e397a,full_annotation_v1,A,q_한식_02,국밥,음식점 중 '한식'을 판매·제공하는 매장,train,한식,T2 동의어,8aa0efb7-afe4-441a-8428-b911a2b4d178,고송국밥,국밥,농성누리상인회 골목형상점가,골목형상점가,광주광역시,,,
8099187a749d185ee753,full_annotation_v1,A,q_한식_02,국밥,음식점 중 '한식'을 판매·제공하는 매장,train,한식,T2 동의어,9b73a1a0-1866-4df3-9818-dadc41d7c98d,경성한우국밥,국밥,각화주공사거리 골목형상점가,골목형상점가,광주광역시,,,
fb330d1f97aa5bef4e29,full_annotation_v1,A,q_한식_02,국밥,음식점 중 '한식'을 판매·제공하는 매장,train,한식,T2 동의어,0741bfd3-b940-4386-9f39-8dd006d28352,한솥도시락 부천시청점,도시락,길주로 골목형상점가,골목형상점가,경기도,,,
52e218e363576ee42784,full_annotation_v1,A,q_한식_02,국밥,음식점 중 '한식'을 판매·제공하는 매장,train,한식,T2 동의어,00118834-a0f4-4127-ba7d-f7908ced2e1d,골목집,한식,대흥낭만거리 골목형상점가,골목형상점가,대전광역시,,,
349198c2725684c1d588,full_annotation_v1,A,q_한식_02,국밥,음식점 중 '한식'을 판매·제공하는 매장,train,한식,T2 동의어,b4344454-baf1-45e4-9c50-2c3ba45875ae,청운국밥,국밥,거제 능포 골목형상점가,골목형상점가,경상남도,,,
39544f71318ab9bb93dd,full_annotation_v1,A,q_한식_02,국밥,음식점 중 '한식'을 판매·제공하는 매장,train,한식,T2 동의어,822c2130-c00e-4406-a22d-45e0f3645d75,언양국밥,국밥,남창옹기종기시장,전통시장,울산광역시,,,
4f71fa7a843d8506b6e1,full_annotation_v1,A,q_한식_02,국밥,음식점 중 '한식'을 판매·제공하는 매장,train,한식,T2 동의어,b005cb94-c43b-489c-883c-09fcc99adb38,옛날국밥,국밥,능곡시장(구 능곡전통시장),전통시장,경기도,,,
8bee8f5b3b9be423499a,full_annotation_v1,A,q_한식_02,국밥,음식점 중 '한식'을 판매·제공하는 매장,train,한식,T2 동의어,01830c3a-5f7e-4396-9772-38b51bd90dc0,새로나국밥,국밥 족발 머리고기,무등시장,전통시장,광주광역시,,,
a126ab07b25ee6e01236,full_annotation_v1,A,q_한식_02,국밥,음식점 중 '한식'을 판매·제공하는 매장,train,한식,T2 동의어,5e648785-5f3f-4a6b-bac3-271550dfd25b,더페이스샵,화장품,영주문화시장,전통시장,경상북도,,,
df23a78c6b1c260b965b,full_annotation_v1,A,q_한식_02,국밥,음식점 중 '한식'을 판매·제공하는 매장,train,한식,T2 동의어,b7a87ee8-39c4-4466-bcaa-0c67b898ac80,싼판,의류,통영 항남골목형상점가,골목형상점가,경상남도,,,
51568ef8620d6e1b1416,full_annotation_v1,A,q_한식_02,국밥,음식점 중 '한식'을 판매·제공하는 매장,train,한식,T2 동의어,fcbab922-6560-44f3-8f57-df124a28e949,돼지국밥,국밥,땅끝송지장,전통시장,전라남도,,,
5ccb5d8266c692ff9a7c,full_annotation_v1,A,q_한식_02,국밥,음식점 중 '한식'을 판매·제공하는 매장,train,한식,T2 동의어,aae56a79-0cd7-4084-b414-b6c6a8dcc866,장터국밥,국밥,남평5일시장,전통시장,전라남도,,,
807115a9fcebfc325dfa,full_annotation_v1,A,q_한식_02,국밥,음식점 중 '한식'을 판매·제공하는 매장,train,한식,T2 동의어,5f57ab77-fb77-4a82-927d-04ac26112237,소문난국밥,국밥,신정상가시장,전통시장,울산광역시,,,
8572ea054a87d719de98,full_annotation_v1,A,q_한식_02,국밥,음식점 중 '한식'을 판매·제공하는 매장,train,한식,T2 동의어,e88ed9c7-77d2-4dc1-9d5a-f84f9cb77c4e,혼미국밥,국밥,두암3동 먹자골목 골목형상점가,골목형상점가,광주광역시,,,
48ad6459cb166aeea38e,full_annotation_v1,A,q_한식_02,국밥,음식점 중 '한식'을 판매·제공하는 매장,train,한식,T2 동의어,8ca36117-c794-487b-97fe-adaa8dcd1741,관저골흑염소 국밥,국밥,관저동 먹거리 골목형상점가,골목형상점가,대전광역시,,,
8a1d15bd85ab640f0b2d,full_annotation_v1,A,q_한식_02,국밥,음식점 중 '한식'을 판매·제공하는 매장,train,한식,T2 동의어,0a1e5f72-2ca5-49d3-9483-b71bd74c9f9b,점심엔 상무밥집24시,,상무연하상인회 골목형상점가,골목형상점가,광주광역시,,,
8643f3ff3a4d2bd15f05,full_annotation_v1,A,q_한식_02,국밥,음식점 중 '한식'을 판매·제공하는 매장,train,한식,T2 동의어,49a584a1-83bf-4c32-9055-27f4b7f49725,국밥마니,국밥,본촌용두 골목형상점가,골목형상점가,광주광역시,,,
8a605639dd8a351e06db,full_annotation_v1,A,q_한식_02,국밥,음식점 중 '한식'을 판매·제공하는 매장,train,한식,T2 동의어,50806aaf-0e76-4bda-85d3-e345f9684808,명성레코드,"레코드, 녹음테이프, 음향기기",통영 항남골목형상점가,골목형상점가,경상남도,,,
4ad6c2811758aeda38a2,full_annotation_v1,A,q_한식_02,국밥,음식점 중 '한식'을 판매·제공하는 매장,train,한식,T2 동의어,6bafd7da-4682-495e-a173-39ef51a9dac4,열정국밥,국밥,희담길,골목형상점가,광주광역시,,,
1298bc772477ad4abced,full_annotation_v1,A,q_한식_03,밥집,음식점 중 '한식'을 판매·제공하는 매장,train,한식,T2 동의어,001a2d82-c062-406b-b63c-9a8f8a4c86fa,열린부뚜막협동조합,"한식뷔페, 도시락, 케이터링, 요리강좌, 창업컨설팅, 행사기획",슬기로운 지족역 골목형상점가,골목형상점가,대전광역시,,,
e8c8b2adaf5e6d89a426,full_annotation_v1,A,q_한식_03,밥집,음식점 중 '한식'을 판매·제공하는 매장,train,한식,T2 동의어,4e20d02e-caf6-46ed-9026-bc93b1058c90,맘덮밥집,한식,선운별 골목형상점가,골목형상점가,광주광역시,,,
38537732fdcf5aecde14,full_annotation_v1,A,q_한식_03,밥집,음식점 중 '한식'을 판매·제공하는 매장,train,한식,T2 동의어,ddf9db8e-5a2e-47c5-bac5-57a2728eb739,고모야밥집,분식,명덕마을 골목형상점가,골목형상점가,울산광역시,,,
a361f1bf68086afccd59,full_annotation_v1,A,q_한식_03,밥집,음식점 중 '한식'을 판매·제공하는 매장,train,한식,T2 동의어,8820793c-eb2e-41d4-9a96-13d995602916,프롬에덴플라워,꽃.식물,남성역먹거리골목형상점가,골목형상점가,서울특별시,,,
ac5e9a0dc7b26dc00122,full_annotation_v1,A,q_한식_03,밥집,음식점 중 '한식'을 판매·제공하는 매장,train,한식,T2 동의어,c9029166-fc61-41ee-919f-706c9f981a58,진주밥집,한식,문창시장,전통시장,대전광역시,,,
f8c47897befc8768268b,full_annotation_v1,A,q_한식_03,밥집,음식점 중 '한식'을 판매·제공하는 매장,train,한식,T2 동의어,003003dc-6951-4f07-8cf2-f31334c0b27d,미향반찬,반찬,신안코아,전통시장,경기도,,,
11525d497e73ac1d5984,full_annotation_v1,A,q_한식_03,밥집,음식점 중 '한식'을 판매·제공하는 매장,train,한식,T2 동의어,000a95c4-e0a6-4011-86fb-04307bcfae38,황갈비,한식,김천황금시장,전통시장,경상북도,,,
75035c1ddf63ce730ce6,full_annotation_v1,A,q_한식_03,밥집,음식점 중 '한식'을 판매·제공하는 매장,train,한식,T2 동의어,d57323ff-b5c7-4875-855d-baa39c5830d9,주민밥집,분식,산본로데오거리(구 산본중심상가),자율상권구역,경기도,,,
4b34b7caaa7e9ec4291b,full_annotation_v1,A,q_한식_03,밥집,음식점 중 '한식'을 판매·제공하는 매장,train,한식,T2 동의어,095b87cd-f81b-46fd-852f-ac763e7b0406,영신사,속옥,김천중앙시장,전통시장,경상북도,,,
5ff2a43991498f6f8173,full_annotation_v1,A,q_한식_03,밥집,음식점 중 '한식'을 판매·제공하는 매장,train,한식,T2 동의어,e3927a2a-2a9e-453c-a23f-96d0ca564b45,밥먹자국밥집,한식,과천새서울프라자시장,전통시장,경기도,,,
bf51d2db9741a76b74d7,full_annotation_v1,A,q_한식_03,밥집,음식점 중 '한식'을 판매·제공하는 매장,train,한식,T2 동의어,b6af5c0a-0b7f-4551-a882-b3826fd93a9e,순미네 밥집,밥집,화도창현상점가,골목형상점가,경기도,,,
7f6eaee4c923935cdcfd,full_annotation_v1,A,q_한식_03,밥집,음식점 중 '한식'을 판매·제공하는 매장,train,한식,T2 동의어,010b729e-dfdc-4b2c-ac41-376db70ef2c0,우여사애찬방,반찬,안동광석거리 골목형상점가,골목형상점가,경상북도,,,
bbde52c2ca325a656315,full_annotation_v1,A,q_한식_03,밥집,음식점 중 '한식'을 판매·제공하는 매장,train,한식,T2 동의어,2ba6f3df-4b08-4e06-9300-660098d39f6a,시골쌈밥집,음식점,인동중앙상점가,골목형상점가,경상북도,,,
acee446c0d78c786c69e,full_annotation_v1,A,q_한식_03,밥집,음식점 중 '한식'을 판매·제공하는 매장,train,한식,T2 동의어,0741bfd3-b940-4386-9f39-8dd006d28352,한솥도시락 부천시청점,도시락,길주로 골목형상점가,골목형상점가,경기도,,,
1dfc7bbaef9a2c78c9fc,full_annotation_v1,A,q_한식_03,밥집,음식점 중 '한식'을 판매·제공하는 매장,train,한식,T2 동의어,a64e698a-e40c-4470-b3e0-a401ac156990,밥집가자미,한식,강동산하 골목형상점가,골목형상점가,울산광역시,,,
abec0fdeb9d9881d4669,full_annotation_v1,A,q_한식_03,밥집,음식점 중 '한식'을 판매·제공하는 매장,train,한식,T2 동의어,e0a7ee6e-e152-4f9a-994d-c899712f4e91,금숙이네 밥집,한식,화도창현상점가,골목형상점가,경기도,,,
0d887b53dad9a177acc9,full_annotation_v1,A,q_한식_03,밥집,음식점 중 '한식'을 판매·제공하는 매장,train,한식,T2 동의어,77f8c08f-5485-4fdc-852a-b1810881b4e8,이모밥집,한식,울산번개시장,전통시장,울산광역시,,,
50f37f734f2a73924f0c,full_annotation_v1,A,q_한식_03,밥집,음식점 중 '한식'을 판매·제공하는 매장,train,한식,T2 동의어,5b89676e-2937-4e85-837b-cf2934397440,매일밥집,한식,광천동상인회 골목형상점가,골목형상점가,광주광역시,,,
4bce1f21199ef4b2507a,full_annotation_v1,A,q_한식_03,밥집,음식점 중 '한식'을 판매·제공하는 매장,train,한식,T2 동의어,0239c4e7-2ae3-4f29-8952-19c6d9d1d9a9,세번째집,순대국밥,성환이화시장,전통시장,충청남도,,,
6b5ea514103111633800,full_annotation_v1,A,q_한식_03,밥집,음식점 중 '한식'을 판매·제공하는 매장,train,한식,T2 동의어,030bc960-9493-4dd5-93ea-5b56023601af,왕돼지 김치찌개,김치찌개,쌍정 골목형상점가,골목형상점가,전라남도,,,
bd0ef8ddc9b15d407270,full_annotation_v1,A,q_한식_03,밥집,음식점 중 '한식'을 판매·제공하는 매장,train,한식,T2 동의어,0182c177-fcc7-47b0-8e12-99eb221aff79,시장초장식당,"칼국수, 열무비빔밥, 국, 반찬",경주중앙시장,전통시장,경상북도,,,
8bc2425c05339f3b865c,full_annotation_v1,A,q_한식_03,밥집,음식점 중 '한식'을 판매·제공하는 매장,train,한식,T2 동의어,a5a14260-def8-4746-a301-726930ab94b4,경아국밥집,,사천읍시장,전통시장,경상남도,,,
2c81befc8b90aff11286,full_annotation_v1,A,q_한식_03,밥집,음식점 중 '한식'을 판매·제공하는 매장,train,한식,T2 동의어,a0f81c7b-1230-48e0-a7c3-8ba64ccf09d3,님프만,한복지,김제전통시장,전통시장,전북특별자치도,,,
9e0c7948abf85df43ea2,full_annotation_v1,A,q_한식_03,밥집,음식점 중 '한식'을 판매·제공하는 매장,train,한식,T2 동의어,51583374-29aa-46a4-8c4c-0684de4d6cf6,봉봉씨의 유쾌한 김밥집,,솔매사랑길 골목형상점가,골목형상점가,서울특별시,,,
5bb404ba844cf067affc,full_annotation_v1,A,q_한식_03,밥집,음식점 중 '한식'을 판매·제공하는 매장,train,한식,T2 동의어,be0a9ca8-5306-4adb-9a20-ce8d2f676a0d,강김밥집,김밥,하귀1리 골목형상점가,골목형상점가,제주특별자치도,,,
0c53222e60bfc4562fc6,full_annotation_v1,A,q_한식_03,밥집,음식점 중 '한식'을 판매·제공하는 매장,train,한식,T2 동의어,9c3dbe3c-dac2-420b-aadf-03357ed461c5,밥집,한식,진부전통시장,전통시장,강원특별자치도,,,
3151cff08c0968471e1f,full_annotation_v1,A,q_한식_03,밥집,음식점 중 '한식'을 판매·제공하는 매장,train,한식,T2 동의어,01186127-94c8-40c4-8d08-9f84a76c77b0,짱아식당,,다향보성 골목형상점가,골목형상점가,,,,
5ad19da7427462254c21,full_annotation_v1,A,q_한식_03,밥집,음식점 중 '한식'을 판매·제공하는 매장,train,한식,T2 동의어,01f160fc-531c-4191-aa22-453462e0f38a,천년,김치,오정동상점가,자율상권구역,대전광역시,,,
7f039cf2f5319d7c5026,full_annotation_v1,A,q_한식_03,밥집,음식점 중 '한식'을 판매·제공하는 매장,train,한식,T2 동의어,03bba86e-80c4-42b0-8688-a0c912abdb07,돼지고기김치찌개,김치찌개,도담동 골목형상점가,골목형상점가,세종특별자치시,,,
64e1e2678f8911cde6c5,full_annotation_v1,A,q_한식_03,밥집,음식점 중 '한식'을 판매·제공하는 매장,train,한식,T2 동의어,2770b4e5-21da-40ed-9bec-fd8875f9c9fc,정성 밥집,한식,수원남문패션1번가시장,전통시장,경기도,,,
4524d455a26ab2ce4b89,full_annotation_v1,A,q_한식_03,밥집,음식점 중 '한식'을 판매·제공하는 매장,train,한식,T2 동의어,ec4fcb09-eab4-4b32-a7f4-3376ac63e53b,대박밥집,한식,하남진곡 골목형상점가,골목형상점가,광주광역시,,,
83750d62699e0d3d5c49,full_annotation_v1,A,q_한식_03,밥집,음식점 중 '한식'을 판매·제공하는 매장,train,한식,T2 동의어,061fc089-3c87-42dd-9ec4-c57cbe739270,한솥도시락 남천점,도시락,464번길 골목형상점가,골목형상점가,부산광역시,,,
da48d39a2c9a17be9937,full_annotation_v1,A,q_한식_03,밥집,음식점 중 '한식'을 판매·제공하는 매장,train,한식,T2 동의어,25d8323e-bf6a-484a-8996-ebb97b938155,OK스시,초밥집,대림시장,전통시장,서울특별시,,,
09be81332edbf35bdd68,full_annotation_v1,A,q_한식_03,밥집,음식점 중 '한식'을 판매·제공하는 매장,train,한식,T2 동의어,74a61bb9-b3a0-4e4e-96d6-3281f8d74e34,밥집 술집,한식 담배,월산로상인회 골목형상점가,골목형상점가,광주광역시,,,
d1a69217c4ddf098fffe,full_annotation_v1,A,q_한식_03,밥집,음식점 중 '한식'을 판매·제공하는 매장,train,한식,T2 동의어,2f14ed2b-49ed-43e7-a891-f98a7e72c61d,고향밥집,음식,서산동부전통시장,전통시장,충청남도,,,
8f1d25e5e38cf8bff023,full_annotation_v1,A,q_한식_03,밥집,음식점 중 '한식'을 판매·제공하는 매장,train,한식,T2 동의어,0301b344-6ef4-4e52-9d92-ba8f0891bb6d,지곡밥집,음식,서산동부전통시장,전통시장,충청남도,,,
051b561786e93cb0dc2d,full_annotation_v1,A,q_한식_03,밥집,음식점 중 '한식'을 판매·제공하는 매장,train,한식,T2 동의어,c52fff73-6231-418f-a005-2fc3dbb6c288,장안밥집,식당,신정상가시장,전통시장,울산광역시,,,
c5a292544d8d695be914,full_annotation_v1,A,q_한식_03,밥집,음식점 중 '한식'을 판매·제공하는 매장,train,한식,T2 동의어,0111a38b-8df8-43ae-9c16-778c27352864,본도시락,도시락,배방월천 골목형상점가,골목형상점가,충청남도,,,
3af94485b35dded23d7e,full_annotation_v1,A,q_한식_03,밥집,음식점 중 '한식'을 판매·제공하는 매장,train,한식,T2 동의어,f970f9ef-85dc-49fd-8041-2595740cc046,성미,의류,아트프라자,자율상권구역,서울특별시,,,
cf48f3890d9fcbd07453,full_annotation_v1,A,q_한식_03,밥집,음식점 중 '한식'을 판매·제공하는 매장,train,한식,T2 동의어,c20e170f-ece7-4fec-b06a-1e798a55236a,하루초밥집,,선화로 골목형상점가,골목형상점가,전북특별자치도,,,
1b99b4c5769562ae09a7,full_annotation_v1,A,q_한식_03,밥집,음식점 중 '한식'을 판매·제공하는 매장,train,한식,T2 동의어,0130dbd3-b9ea-43f4-98fd-26d8afd90b78,모래내시장순대,식당,전주모래내시장,전통시장,전북특별자치도,,,
e627469f833c794fbe9c,full_annotation_v1,A,q_한식_03,밥집,음식점 중 '한식'을 판매·제공하는 매장,train,한식,T2 동의어,00181552-6cc5-406b-ac59-bf9816f61398,갓지은밥,한식,남광주시장,전통시장,,,,
387174b301e4ff7789b3,full_annotation_v1,A,q_한식_03,밥집,음식점 중 '한식'을 판매·제공하는 매장,train,한식,T2 동의어,17d4d90f-5fed-4a6c-8ab8-59d9a05a1bac,작은밥집,분식,거창 전통시장,전통시장,경상남도,,,
9a9b645419c259899384,full_annotation_v1,A,q_한식_03,밥집,음식점 중 '한식'을 판매·제공하는 매장,train,한식,T2 동의어,55ba03f8-221b-48a3-893f-2013e58029fe,콩나물비빔밥집,,황금수정 골목형상점가,골목형상점가,부산광역시,,,
775412947dfd639c9a71,full_annotation_v1,A,q_한식_03,밥집,음식점 중 '한식'을 판매·제공하는 매장,train,한식,T2 동의어,01c857cd-3f28-4d83-8fa4-e0abcfb44fbd,수연국밥,국밥,두암사거리 골목형상점가,골목형상점가,광주광역시,,,
7499b0d1a21bbc366fbc,full_annotation_v1,A,q_한식_03,밥집,음식점 중 '한식'을 판매·제공하는 매장,train,한식,T2 동의어,04961d72-f5b3-4605-86f3-8130ded3e312,본도시락성서점,,성서우방 골목형상점가,골목형상점가,대구광역시,,,
a6ed20e70cc56fed5172,full_annotation_v1,A,q_한식_03,밥집,음식점 중 '한식'을 판매·제공하는 매장,train,한식,T2 동의어,30a0bc35-f0d1-4d5d-9826-8d498122538a,밥집,,고창전통시장,전통시장,전북특별자치도,,,
f7e5a97d35471fddf6dc,full_annotation_v1,A,q_한식_03,밥집,음식점 중 '한식'을 판매·제공하는 매장,train,한식,T2 동의어,4705d5e0-6647-4c10-8225-6e7f8811f328,사계절 밥집,한식,고서 골목형상점가,골목형상점가,전라남도,,,
44b232b3f370e56fd8fc,full_annotation_v1,A,q_한식_03,밥집,음식점 중 '한식'을 판매·제공하는 매장,train,한식,T2 동의어,01b7e8c6-feb8-4cff-a63e-2376ae18dd41,원조생굴뚝배기,국밥,고령대가야시장,전통시장,경상북도,,,
28239f2a3a78b9b42319,full_annotation_v1,A,q_한식_03,밥집,음식점 중 '한식'을 판매·제공하는 매장,train,한식,T2 동의어,01465138-3544-40c5-a4db-860c2bb8c959,군산수산물종합센터내)매점,매점,군산수산물종합센터,전통시장,전북특별자치도,,,
a767f70525ee82cae0d6,full_annotation_v1,A,q_한식_03,밥집,음식점 중 '한식'을 판매·제공하는 매장,train,한식,T2 동의어,03b84056-803d-4bd8-8a8b-f3d19815797b,땅스부댜찌개,즉석판매찌개,바람골골목형상점가,골목형상점가,충청북도,,,
c841f1eca2e989069889,full_annotation_v1,A,q_한식_03,밥집,음식점 중 '한식'을 판매·제공하는 매장,train,한식,T2 동의어,21fb154a-cd89-4452-b0a4-feff8d4f7dfa,동원밥집,한식,충주관아골상가,전통시장,충청북도,,,
49e005175331d0306987,full_annotation_v1,A,q_한식_03,밥집,음식점 중 '한식'을 판매·제공하는 매장,train,한식,T2 동의어,01cb3652-fa58-417b-a2fd-2aa0a54fae0a,해밍턴 부대찌개 세종다정점,부대찌개한식,다정중앙 골목형상점가,골목형상점가,세종특별자치시,,,
3db0e4b9cb293b1166b1,full_annotation_v1,A,q_한식_03,밥집,음식점 중 '한식'을 판매·제공하는 매장,train,한식,T2 동의어,e90f7e34-1d36-4332-9c45-6ff202d602e7,쭈꾸쭈꾸왕창꼼장어,한식,송정역카페거리골목형상점가,골목형상점가,서울특별시,,,
082deabfbe0ba0c3754c,full_annotation_v1,A,q_한식_03,밥집,음식점 중 '한식'을 판매·제공하는 매장,train,한식,T2 동의어,05530d0f-82ed-47a1-8015-32b6c30e3752,진수산삼다식품,"젓갈류, 김치, 수산물",동문재래시장,전통시장,제주특별자치도,,,
12be644a544e097e8e9a,full_annotation_v1,A,q_한식_03,밥집,음식점 중 '한식'을 판매·제공하는 매장,train,한식,T2 동의어,01bece07-ad04-4afe-b0bd-0a52427295d1,진주식당,,산청시장,전통시장,경상남도,,,
ce350c92e47f59de641d,full_annotation_v1,A,q_한식_03,밥집,음식점 중 '한식'을 판매·제공하는 매장,train,한식,T2 동의어,034628ec-e57e-4415-99f8-42350a32e1ba,마핑파(MAPINGPA),카페,망리단길골목형상점가,골목형상점가,서울특별시,,,
170a67dc08f634d08511,full_annotation_v1,A,q_한식_03,밥집,음식점 중 '한식'을 판매·제공하는 매장,train,한식,T2 동의어,01b4b567-78d4-4fa1-9bff-25fd01fb1a4c,소문난김치집,김치,중앙먹거리 상인회 골목형상점가,골목형상점가,전라남도,,,
178e13383502feefa258,full_annotation_v1,A,q_한식_03,밥집,음식점 중 '한식'을 판매·제공하는 매장,train,한식,T2 동의어,318eb1a4-3577-4022-a53c-6a468d6e242e,현진이네 밥집,한식,양동시장,전통시장,광주광역시,,,
fad3b4be8ced9fab7bf9,full_annotation_v1,A,q_한식_03,밥집,음식점 중 '한식'을 판매·제공하는 매장,train,한식,T2 동의어,7ffb0402-7bd7-40e2-9765-f1be42f7ca81,하이프룻,디저트,반드레길골목형상점가,골목형상점가,서울특별시,,,
9be4ea2e11f513d78d09,full_annotation_v1,A,q_한식_03,밥집,음식점 중 '한식'을 판매·제공하는 매장,train,한식,T2 동의어,9b3d66e9-ab5d-4363-84ff-4642781e1214,귀빈국밥집,한식,나주목사고을시장,전통시장,전라남도,,,
d9fd5f5f1030440017eb,full_annotation_v1,A,q_한식_03,밥집,음식점 중 '한식'을 판매·제공하는 매장,train,한식,T2 동의어,0a1e5f72-2ca5-49d3-9483-b71bd74c9f9b,점심엔 상무밥집24시,,상무연하상인회 골목형상점가,골목형상점가,광주광역시,,,
28b928ea2c5939dfbf3b,full_annotation_v1,A,q_한식_03,밥집,음식점 중 '한식'을 판매·제공하는 매장,train,한식,T2 동의어,27bd78cf-4010-4a78-adee-15bca74a1073,법무사 이정우 사무소,"부동산 및 법인 등기업무, 민사 및 가사 소송비송업무",스타타워2 골목형상점가,골목형상점가,인천광역시,,,
8b9af45663111f2b9ef2,full_annotation_v1,A,q_한식_03,밥집,음식점 중 '한식'을 판매·제공하는 매장,train,한식,T2 동의어,54fd3711-3e02-4774-a0c3-e1c684edbeef,자인한약국,한약,도곡시장,자율상권구역,서울특별시,,,
24fdb1e881a81c73ab64,full_annotation_v1,A,q_한식_03,밥집,음식점 중 '한식'을 판매·제공하는 매장,train,한식,T2 동의어,cb9a0f63-9cc6-4547-9677-fda658c50a75,고래밥집,,거제 성포 골목형상점가,골목형상점가,경상남도,,,
37dedda8544edbd5ddf1,full_annotation_v1,A,q_한식_03,밥집,음식점 중 '한식'을 판매·제공하는 매장,train,한식,T2 동의어,03a6e716-3825-40e3-ba06-e047ee5e5483,부일반찬,김치,초량전통시장,전통시장,부산광역시,,,
403ce6f8185be2708fd7,full_annotation_v1,A,q_한식_03,밥집,음식점 중 '한식'을 판매·제공하는 매장,train,한식,T2 동의어,3ccf6ffb-92cb-45f0-a8d5-1a9cc9081cb0,온새미로,소매(의류),금호행복시장(금호시장),전통시장,경기도,,,
3daa562c0bb0d35c21d9,full_annotation_v1,A,q_한식_03,밥집,음식점 중 '한식'을 판매·제공하는 매장,train,한식,T2 동의어,006895c5-d037-4e3d-9cfb-6972007a350a,반찬사랑,반찬,오치2동 골목형상점가,골목형상점가,광주광역시,,,
12d803143647d191ff20,full_annotation_v1,A,q_한식_03,밥집,음식점 중 '한식'을 판매·제공하는 매장,train,한식,T2 동의어,00f60c16-d8be-497f-80f2-aab3209a8d0e,포카포카,식당,전남여고후문 골목형상점가,골목형상점가,광주광역시,,,
a9d9627b5fe90d49184a,full_annotation_v1,A,q_한식_03,밥집,음식점 중 '한식'을 판매·제공하는 매장,train,한식,T2 동의어,16ffd745-9b52-4e15-bbb9-01a2af42bdd7,소양강 밥집 초장,한식,수암종합시장,전통시장,울산광역시,,,
4baee2656712dee954ac,full_annotation_v1,A,q_한식_03,밥집,음식점 중 '한식'을 판매·제공하는 매장,train,한식,T2 동의어,b8ead55d-ed8e-4b02-a89f-7e51772eff16,현이밥집,음식,영주소백쇼핑몰,전통시장,경상북도,,,
c1b1fe1f69900238415b,full_annotation_v1,A,q_한식_03,밥집,음식점 중 '한식'을 판매·제공하는 매장,train,한식,T2 동의어,00118834-a0f4-4127-ba7d-f7908ced2e1d,골목집,한식,대흥낭만거리 골목형상점가,골목형상점가,대전광역시,,,
913f733cad8a5814895f,full_annotation_v1,A,q_한식_03,밥집,음식점 중 '한식'을 판매·제공하는 매장,train,한식,T2 동의어,23af5ec3-811e-4c71-b2fc-6869fb004329,자담치킨앤호프 하늘도시점,치킨,스타타워2 골목형상점가,골목형상점가,인천광역시,,,
e8058f39bea537af704f,full_annotation_v1,A,q_한식_03,밥집,음식점 중 '한식'을 판매·제공하는 매장,train,한식,T2 동의어,00066748-bce9-4daa-b881-7902dad46f14,하단맛집,한식,하단자율상권구역,,부산광역시,,,
67615714b31529ee0e44,full_annotation_v1,A,q_한식_03,밥집,음식점 중 '한식'을 판매·제공하는 매장,train,한식,T2 동의어,b82eadb6-ac93-4df4-aacf-d7d40b7bf02d,일곡국밥집,한식,일곡동 골목형상점가,골목형상점가,광주광역시,,,
e8cf3429edffc8a1bc71,full_annotation_v1,A,q_한식_03,밥집,음식점 중 '한식'을 판매·제공하는 매장,train,한식,T2 동의어,01b06c58-1a16-4bd9-81a5-ad284e01da10,신바람국밥,,운암대자골 골목형상점가,골목형상점가,,,,
4a38cbfd0cb53737919e,full_annotation_v1,A,q_한식_03,밥집,음식점 중 '한식'을 판매·제공하는 매장,train,한식,T2 동의어,1868bfa9-22f7-46c7-a773-aff2c04706c6,칼국수와 반찬이 맛있는 밥집,한식,방신전통시장,전통시장,서울특별시,,,
20efdce7dccaddbf2229,full_annotation_v1,A,q_한식_03,밥집,음식점 중 '한식'을 판매·제공하는 매장,train,한식,T2 동의어,79f81ed1-94b5-4fed-bbbe-4d6fdec22d42,엄마쌈밥집,한식,나성동 소방청 골목형상점가,골목형상점가,세종특별자치시,,,
ff56e766b3b6a731165c,full_annotation_v1,A,q_한식_03,밥집,음식점 중 '한식'을 판매·제공하는 매장,train,한식,T2 동의어,df3e3849-5302-4f26-aa36-7b28be428dd1,광주밥집,한식,김대중컨벤션상인회 골목형상점가,골목형상점가,광주광역시,,,
61b20329d81d395f6356,full_annotation_v1,A,q_한식_03,밥집,음식점 중 '한식'을 판매·제공하는 매장,train,한식,T2 동의어,eca8e99f-9a83-4905-9ae0-995607a95043,추억의연탄구이,육류,경리단길 골목형상점가,골목형상점가,서울특별시,,,
f52b0db745b72cf2842e,full_annotation_v1,A,q_한식_03,밥집,음식점 중 '한식'을 판매·제공하는 매장,train,한식,T2 동의어,e95ccc94-1443-4873-83d6-e81acda0938e,혜영상회,생선,중앙식료시장(중앙먹통시장),전통시장,전라남도,,,
129d2458d3ac790de571,full_annotation_v1,A,q_한식_03,밥집,음식점 중 '한식'을 판매·제공하는 매장,train,한식,T2 동의어,e485c71e-9a72-46fd-8275-f143b94014ea,작은밥집,음식,횡성전통시장,전통시장,강원특별자치도,,,
1c537491cce96427d93f,full_annotation_v1,A,q_한식_03,밥집,음식점 중 '한식'을 판매·제공하는 매장,train,한식,T2 동의어,82afe9a0-ea0c-45c3-88e5-ac588cc9e000,들밥집,음식,의성공설전통시장(의성읍정기시장),전통시장,경상북도,,,
ccc82a82d4d1c912d8d9,full_annotation_v1,A,q_한식_03,밥집,음식점 중 '한식'을 판매·제공하는 매장,train,한식,T2 동의어,01286ec0-50e0-4540-b678-ec706fb3bcbb,설곰식당,식당,산업용재관,전통시장,대구광역시,,,
11015e03715602c20b4d,full_annotation_v1,A,q_한식_03,밥집,음식점 중 '한식'을 판매·제공하는 매장,train,한식,T2 동의어,faafc7ba-36b5-4b54-a906-efd89ad4ec18,육밥집,,샛강두리골목형상점가,골목형상점가,서울특별시,,,
a307bea1c1c9de49f012,full_annotation_v1,A,q_한식_03,밥집,음식점 중 '한식'을 판매·제공하는 매장,train,한식,T2 동의어,75722a78-3641-4603-a196-45deabfda307,한일세탁소,세탁,반드레길골목형상점가,골목형상점가,서울특별시,,,
5e9f35041fa462313c9e,full_annotation_v1,A,q_한식_03,밥집,음식점 중 '한식'을 판매·제공하는 매장,train,한식,T2 동의어,009ee53b-22c6-434e-bb94-47758d092857,미애네 달달스토어,반찬,송현시장,전통시장,인천광역시,,,
ccde4ea66a4196669d83,full_annotation_v1,A,q_한식_03,밥집,음식점 중 '한식'을 판매·제공하는 매장,train,한식,T2 동의어,01830c3a-5f7e-4396-9772-38b51bd90dc0,새로나국밥,국밥 족발 머리고기,무등시장,전통시장,광주광역시,,,
ec95b5e7ad56fb030040,full_annotation_v1,A,q_한식_03,밥집,음식점 중 '한식'을 판매·제공하는 매장,train,한식,T2 동의어,b1521756-ecef-4696-afc9-fb8175b95d39,흥덕밥집,음식,흥덕 다채움 골목형 상점가,골목형상점가,경기도,,,
67b5a05210f360c9cb10,full_annotation_v1,A,q_한식_03,밥집,음식점 중 '한식'을 판매·제공하는 매장,train,한식,T2 동의어,53bf7b6d-e300-4d8d-ba61-ca77cd0664e1,고려유통,소금,부전시장,전통시장,부산광역시,,,
cd10b91f633f0daf1d68,full_annotation_v1,A,q_한식_03,밥집,음식점 중 '한식'을 판매·제공하는 매장,train,한식,T2 동의어,0d8ce313-7562-42ac-85f1-af236f77771a,서울마님죽카페,음식점업(휴게음식점),용인중앙시장,전통시장,경기도,,,
d8b569c73460f77610ca,full_annotation_v1,A,q_한식_03,밥집,음식점 중 '한식'을 판매·제공하는 매장,train,한식,T2 동의어,7f972ed1-43c4-4530-b0a2-3a2e7914ecfe,동문밥집,한식,동문공설시장,전통시장,제주특별자치도,,,
e8c0388e6859fb91af28,full_annotation_v1,A,q_한식_03,밥집,음식점 중 '한식'을 판매·제공하는 매장,train,한식,T2 동의어,001053bb-9a4d-431c-8073-f2204c857265,유달식당,한식,노량진수산시장골목형상점가,골목형상점가,서울특별시,,,
d9d9f02943052336a79f,full_annotation_v1,A,q_한식_03,밥집,음식점 중 '한식'을 판매·제공하는 매장,train,한식,T2 동의어,01e8dcda-39f2-4df9-a2e4-2e63e8a9f480,두꺼비부대찌개,부대찌개,신중동문화거리상점가,자율상권구역,경기도,,,
ff6e9faf074cceb69478,full_annotation_v1,A,q_한식_03,밥집,음식점 중 '한식'을 판매·제공하는 매장,train,한식,T2 동의어,31a675ed-383d-4278-97c8-5949eb3fc747,우동김밥집,,비카인드 자율상권구역,,경상북도,,,
e2231f45f0317ed8da89,full_annotation_v1,A,q_한식_04,식당,음식점 중 '한식'을 판매·제공하는 매장,train,한식,T2 동의어,9da7324c-7a82-44bf-bfc0-13067ae2e7b5,거북식당,식당,무주시장(반딧불장터),전통시장,전북특별자치도,,,
85b8d39c7fb65ab88b54,full_annotation_v1,A,q_한식_04,식당,음식점 중 '한식'을 판매·제공하는 매장,train,한식,T2 동의어,d4004dd9-e0de-4d4d-baaf-46f414f4a1c3,우주헤어,서비스(이용업),산본로데오거리(구 산본중심상가),자율상권구역,경기도,,,
78d598e8aed657addb75,full_annotation_v1,A,q_한식_04,식당,음식점 중 '한식'을 판매·제공하는 매장,train,한식,T2 동의어,df8f03aa-ed61-4f0c-986d-ca9272dcdc93,학사식당,식당,서문공설시장,전통시장,제주특별자치도,,,
073c30d069095dc84842,full_annotation_v1,A,q_한식_04,식당,음식점 중 '한식'을 판매·제공하는 매장,train,한식,T2 동의어,ff300a2e-5886-45a8-a413-ac8618273bbe,고흥식당,식당,중마시장,전통시장,전라남도,,,
df1d21df4fda90b61370,full_annotation_v1,A,q_한식_04,식당,음식점 중 '한식'을 판매·제공하는 매장,train,한식,T2 동의어,d1d9c4e3-5f42-43cf-a837-73dd19cee35d,시골밥상,식당,신응암시장,전통시장,서울특별시,,,
88056095b5a24cceb76e,full_annotation_v1,A,q_한식_04,식당,음식점 중 '한식'을 판매·제공하는 매장,train,한식,T2 동의어,4da19330-6b4f-4174-85fc-5231ad6f7fd6,신대구횟집,식당,마산어시장,전통시장,경상남도,,,
7e96a700c8604ba1a451,full_annotation_v1,A,q_한식_04,식당,음식점 중 '한식'을 판매·제공하는 매장,train,한식,T2 동의어,cfedeedf-b3f3-40a6-9a9f-6648ba2201f5,언칼국수,식당,금촌문화로시장,전통시장,경기도,,,
aeaac7b5efc85073201c,full_annotation_v1,A,q_한식_04,식당,음식점 중 '한식'을 판매·제공하는 매장,train,한식,T2 동의어,a6061671-5587-4c73-b4ea-7034031c7f85,푸른식당,식당,거진전통시장,전통시장,강원특별자치도,,,
549e19cda7591a09a09b,full_annotation_v1,A,q_한식_04,식당,음식점 중 '한식'을 판매·제공하는 매장,train,한식,T2 동의어,fd15264b-4546-4f09-9209-7b4c990d22df,옥주정육점,식육양념육,봉선2중앙로 골목형상점가,골목형상점가,광주광역시,,,
df9a708f7aff8f668978,full_annotation_v1,A,q_한식_04,식당,음식점 중 '한식'을 판매·제공하는 매장,train,한식,T2 동의어,c7507a05-ceab-430c-9a8c-1270128b5925,예원참치,참치회,나성동 골목형상점가,골목형상점가,세종특별자치시,,,
2d3e5bafd3ed73ee9613,full_annotation_v1,A,q_한식_04,식당,음식점 중 '한식'을 판매·제공하는 매장,train,한식,T2 동의어,5a52e026-78db-496d-8a55-279a19b37104,경주식당,식당,방촌시장,전통시장,대구광역시,,,
4b6dc42966e2ab690f23,full_annotation_v1,A,q_한식_04,식당,음식점 중 '한식'을 판매·제공하는 매장,train,한식,T2 동의어,a5658aeb-b23f-46e2-844e-b43f772a1e55,김밥천국,식당,부천강남시장,전통시장,경기도,,,
760ae6ce4ab661ffcda8,full_annotation_v1,A,q_한식_04,식당,음식점 중 '한식'을 판매·제공하는 매장,train,한식,T2 동의어,0a1e5f72-2ca5-49d3-9483-b71bd74c9f9b,점심엔 상무밥집24시,,상무연하상인회 골목형상점가,골목형상점가,광주광역시,,,
18b23af949cc5fe9e5e9,full_annotation_v1,A,q_한식_04,식당,음식점 중 '한식'을 판매·제공하는 매장,train,한식,T2 동의어,c52fff73-6231-418f-a005-2fc3dbb6c288,장안밥집,식당,신정상가시장,전통시장,울산광역시,,,
6d54e98d737b0a8877e6,full_annotation_v1,A,q_한식_04,식당,음식점 중 '한식'을 판매·제공하는 매장,train,한식,T2 동의어,32cc4ecf-24e3-45c6-92a7-69a37462989e,산미정,식당,못골골목시장,전통시장,부산광역시,,,
372c5cff4a7d41100d7f,full_annotation_v1,A,q_한식_04,식당,음식점 중 '한식'을 판매·제공하는 매장,train,한식,T2 동의어,837ab9ef-e5bf-4758-8d40-488bfbebfdd7,방다방,커피 전통차,원당 중앙로 골목형상점가,골목형상점가,인천광역시,,,
cd2f71e71aed47c8db31,full_annotation_v1,A,q_한식_04,식당,음식점 중 '한식'을 판매·제공하는 매장,train,한식,T2 동의어,f71a5433-0ce1-4dbc-b136-3bb621bb86a5,해남식당,식당,목포자유시장,전통시장,전라남도,,,
e77d20e8508fbc7fc3bb,full_annotation_v1,A,q_한식_04,식당,음식점 중 '한식'을 판매·제공하는 매장,train,한식,T2 동의어,87e570cb-6ade-47d8-af32-46c2c0187ecd,함양식당,식당,정이있는 구포시장,전통시장,부산광역시,,,
8a3415c92f196a609f3c,full_annotation_v1,A,q_한식_04,식당,음식점 중 '한식'을 판매·제공하는 매장,train,한식,T2 동의어,51583374-29aa-46a4-8c4c-0684de4d6cf6,봉봉씨의 유쾌한 김밥집,,솔매사랑길 골목형상점가,골목형상점가,서울특별시,,,
5f0077fae3fd2e596e95,full_annotation_v1,A,q_한식_04,식당,음식점 중 '한식'을 판매·제공하는 매장,train,한식,T2 동의어,009ee53b-22c6-434e-bb94-47758d092857,미애네 달달스토어,반찬,송현시장,전통시장,인천광역시,,,
d3638be6f8165027e0a1,full_annotation_v1,A,q_한식_04,식당,음식점 중 '한식'을 판매·제공하는 매장,train,한식,T2 동의어,07b45d85-7dc4-4eb4-ae23-464488ec9417,소문난식당,식당,강화풍물시장,전통시장,인천광역시,,,
c86c29fd626d09f3aa4b,full_annotation_v1,A,q_한식_04,식당,음식점 중 '한식'을 판매·제공하는 매장,train,한식,T2 동의어,def124ad-26c3-4a0d-a6e4-d4f29683994c,별미식당,식당,진주 청과시장,전통시장,경상남도,,,
0c6ddaddd06e0c017d77,full_annotation_v1,A,q_한식_04,식당,음식점 중 '한식'을 판매·제공하는 매장,train,한식,T2 동의어,4f82df74-8e05-40b0-9355-c140e682b8d9,한솥도시락 광주봉선점,도시락,봉선2중앙로 골목형상점가,골목형상점가,광주광역시,,,
522e69109cfa6f61ac21,full_annotation_v1,A,q_한식_04,식당,음식점 중 '한식'을 판매·제공하는 매장,train,한식,T2 동의어,03bba86e-80c4-42b0-8688-a0c912abdb07,돼지고기김치찌개,김치찌개,도담동 골목형상점가,골목형상점가,세종특별자치시,,,
c583a2cc17f12ac5bc54,full_annotation_v1,A,q_한식_04,식당,음식점 중 '한식'을 판매·제공하는 매장,train,한식,T2 동의어,fd0e9b30-08fc-45b6-ba2b-9c03e2fca11f,부영담양식숯불갈비,식당,무등시장,전통시장,광주광역시,,,
7671ae5f3748773e352e,full_annotation_v1,A,q_한식_04,식당,음식점 중 '한식'을 판매·제공하는 매장,train,한식,T2 동의어,f1e62b22-ae60-4afc-93ba-2748eb9cfac1,호미곶 식당,한식,영일대북부시장(구 북부시장),전통시장,경상북도,,,
ac338d740dfec54c33ac,full_annotation_v1,A,q_한식_04,식당,음식점 중 '한식'을 판매·제공하는 매장,train,한식,T2 동의어,03a6e716-3825-40e3-ba06-e047ee5e5483,부일반찬,김치,초량전통시장,전통시장,부산광역시,,,
144ceafda8372f35529b,full_annotation_v1,A,q_한식_04,식당,음식점 중 '한식'을 판매·제공하는 매장,train,한식,T2 동의어,898cd19b-6b81-47f6-a242-570ca26845ea,올가드림뷰티 동백백현마을점,피부관리,동백 이음길 골목형상점가,골목형상점가,경기도,,,
87e89136ce8703af210b,full_annotation_v1,A,q_한식_04,식당,음식점 중 '한식'을 판매·제공하는 매장,train,한식,T2 동의어,01b7e8c6-feb8-4cff-a63e-2376ae18dd41,원조생굴뚝배기,국밥,고령대가야시장,전통시장,경상북도,,,
ebdc35a107c2a808bcfc,full_annotation_v1,A,q_한식_04,식당,음식점 중 '한식'을 판매·제공하는 매장,train,한식,T2 동의어,00066748-bce9-4daa-b881-7902dad46f14,하단맛집,한식,하단자율상권구역,,부산광역시,,,
ed9a4efd25b0dc387b50,full_annotation_v1,A,q_한식_04,식당,음식점 중 '한식'을 판매·제공하는 매장,train,한식,T2 동의어,91bc4f81-61fd-4232-9b09-8c10a5152ea8,오카 이모집,한식,서부시장,전통시장,대구광역시,,,
835600b70b1d863637ac,full_annotation_v1,A,q_한식_04,식당,음식점 중 '한식'을 판매·제공하는 매장,train,한식,T2 동의어,f2308d26-c98a-4dbc-a68e-7aa380daf446,부산수산,생선(수산물),기장시장,전통시장,부산광역시,,,
5d4ecb0d3d629e9c937c,full_annotation_v1,A,q_한식_04,식당,음식점 중 '한식'을 판매·제공하는 매장,train,한식,T2 동의어,d504e9c3-84df-4730-93de-022868548d92,우리식당,식당,부평종합시장,전통시장,인천광역시,,,
6eeda523d64a1a5ae008,full_annotation_v1,A,q_한식_04,식당,음식점 중 '한식'을 판매·제공하는 매장,train,한식,T2 동의어,deabd6f4-9d36-4aa7-90cd-d113a0e2056b,수미식당,식당,강화버스터미널시장,전통시장,인천광역시,,,
20ff92bc3393c31904cb,full_annotation_v1,A,q_한식_04,식당,음식점 중 '한식'을 판매·제공하는 매장,train,한식,T2 동의어,01c857cd-3f28-4d83-8fa4-e0abcfb44fbd,수연국밥,국밥,두암사거리 골목형상점가,골목형상점가,광주광역시,,,
4243f97619f7a3ade208,full_annotation_v1,A,q_한식_04,식당,음식점 중 '한식'을 판매·제공하는 매장,train,한식,T2 동의어,c9d4be75-4ff6-4680-bfb8-89f352371f6d,일가식당,식당,월배신시장,전통시장,대구광역시,,,
446f0cc512883e85837e,full_annotation_v1,A,q_한식_04,식당,음식점 중 '한식'을 판매·제공하는 매장,train,한식,T2 동의어,712dc4a7-d59f-445d-a9cb-983f898556f9,독도식당,식당,동구시장,전통시장,대구광역시,,,
b61e1e0ba078e9bdb572,full_annotation_v1,A,q_한식_04,식당,음식점 중 '한식'을 판매·제공하는 매장,train,한식,T2 동의어,7da8e602-f59a-4e53-8969-6a0fee1746d9,청주식당,식당,강화풍물시장,전통시장,인천광역시,,,
545e86030e2afbd8376c,full_annotation_v1,A,q_한식_04,식당,음식점 중 '한식'을 판매·제공하는 매장,train,한식,T2 동의어,01f160fc-531c-4191-aa22-453462e0f38a,천년,김치,오정동상점가,자율상권구역,대전광역시,,,
f65c5bfb6ab11f173235,full_annotation_v1,A,q_한식_04,식당,음식점 중 '한식'을 판매·제공하는 매장,train,한식,T2 동의어,11d88ac2-aac8-427f-ac0d-b6776219c0eb,청춘꼬마김밥 쌍촌점,분식,계수마을상인회 골목형상점가,골목형상점가,광주광역시,,,
f9e430b82440d318a890,full_annotation_v1,A,q_한식_04,식당,음식점 중 '한식'을 판매·제공하는 매장,train,한식,T2 동의어,112b4fd6-11b5-4039-a6f6-0a142fc8ce35,명지식당,식당,아랫장,전통시장,전라남도,,,
ba1c4b5837f5968594b4,full_annotation_v1,A,q_한식_04,식당,음식점 중 '한식'을 판매·제공하는 매장,train,한식,T2 동의어,983fdd06-f946-47f0-b35e-be0f5245e56a,시장보신탕,식당,현풍백년도깨비시장,전통시장,대구광역시,,,
0400f2b3c051e2c1c25d,full_annotation_v1,A,q_한식_04,식당,음식점 중 '한식'을 판매·제공하는 매장,train,한식,T2 동의어,a1bd2faa-39a7-49c3-99fe-aaef8333100a,옥야식당,식당,중앙신시장,전통시장,경상북도,,,
39518266948ce8d230bb,full_annotation_v1,A,q_한식_04,식당,음식점 중 '한식'을 판매·제공하는 매장,train,한식,T2 동의어,01b06c58-1a16-4bd9-81a5-ad284e01da10,신바람국밥,,운암대자골 골목형상점가,골목형상점가,,,,
90e48cdf3ee2010ccf3c,full_annotation_v1,A,q_한식_04,식당,음식점 중 '한식'을 판매·제공하는 매장,train,한식,T2 동의어,5474e85a-650d-4b88-aef0-c85ce0e647b9,샤인메이크업스튜디오,사진 메이크업,계수마을상인회 골목형상점가,골목형상점가,광주광역시,,,
ce6e3540eb6b05224815,full_annotation_v1,A,q_한식_04,식당,음식점 중 '한식'을 판매·제공하는 매장,train,한식,T2 동의어,2503c034-d566-47ba-a3c7-e183f3fc050b,일미장,식당,인제시장,전통시장,강원특별자치도,,,
f91331cf472923b3f9f7,full_annotation_v1,A,q_한식_04,식당,음식점 중 '한식'을 판매·제공하는 매장,train,한식,T2 동의어,90ebf07b-b6e6-474c-83d7-50b3f4269ba8,진명상회,내의,새길시장,전통시장,대구광역시,,,
2c59da9327aa0daecf50,full_annotation_v1,A,q_한식_04,식당,음식점 중 '한식'을 판매·제공하는 매장,train,한식,T2 동의어,d252e6c3-8e40-49a4-945b-40bf373200d0,한통정육식당,식당,창원 가음정시장,전통시장,경상남도,,,
f140b90cba12ac30cd5d,full_annotation_v1,A,q_한식_04,식당,음식점 중 '한식'을 판매·제공하는 매장,train,한식,T2 동의어,030bc960-9493-4dd5-93ea-5b56023601af,왕돼지 김치찌개,김치찌개,쌍정 골목형상점가,골목형상점가,전라남도,,,
ab9e0a4e99af5d97f45a,full_annotation_v1,A,q_한식_04,식당,음식점 중 '한식'을 판매·제공하는 매장,train,한식,T2 동의어,acfda05d-a32d-4cdc-b7f9-c2bf78c8a839,대원곱창,식당,구월시장,전통시장,인천광역시,,,
de3203bbbd6ed79714a7,full_annotation_v1,A,q_한식_04,식당,음식점 중 '한식'을 판매·제공하는 매장,train,한식,T2 동의어,d10ae94a-2b8f-4caa-be2d-9af23d8cfd34,형제식품,식당,합천왕후시장,전통시장,경상남도,,,
5245bf1b357d752224ec,full_annotation_v1,A,q_한식_04,식당,음식점 중 '한식'을 판매·제공하는 매장,train,한식,T2 동의어,01286ec0-50e0-4540-b678-ec706fb3bcbb,설곰식당,식당,산업용재관,전통시장,대구광역시,,,
e2976e482e73e588d7c5,full_annotation_v1,A,q_한식_04,식당,음식점 중 '한식'을 판매·제공하는 매장,train,한식,T2 동의어,4bdbcb71-1872-4fce-abb0-25dad14cdd7e,안동참누렁이식육 식당,식당,안동구시장,전통시장,경상북도,,,
29c3b45155578bcde5b4,full_annotation_v1,A,q_한식_04,식당,음식점 중 '한식'을 판매·제공하는 매장,train,한식,T2 동의어,cf0701fb-c168-4cfa-9bb4-e1db147a663a,선미식당,식당,용궁시장,전통시장,경상북도,,,
5f61ab41ea13c0cd5ed7,full_annotation_v1,A,q_한식_04,식당,음식점 중 '한식'을 판매·제공하는 매장,train,한식,T2 동의어,ffff8326-ac43-495f-8623-d5c84a98b4e6,박가네집,식당,백년소상공인,기타,충청남도,,,
183de1be92632fd113ab,full_annotation_v1,A,q_한식_04,식당,음식점 중 '한식'을 판매·제공하는 매장,train,한식,T2 동의어,31a675ed-383d-4278-97c8-5949eb3fc747,우동김밥집,,비카인드 자율상권구역,,경상북도,,,
c7cc23ed28ecf6f5bdf5,full_annotation_v1,A,q_한식_04,식당,음식점 중 '한식'을 판매·제공하는 매장,train,한식,T2 동의어,0111a38b-8df8-43ae-9c16-778c27352864,본도시락,도시락,배방월천 골목형상점가,골목형상점가,충청남도,,,
57e6d9ce6294a58bbc54,full_annotation_v1,A,q_한식_04,식당,음식점 중 '한식'을 판매·제공하는 매장,train,한식,T2 동의어,10081ce8-e230-494e-80a6-841f555c5b61,한씨네,식당,논산화지중앙시장,전통시장,충청남도,,,
17b5c456c8b449a02a73,full_annotation_v1,A,q_한식_04,식당,음식점 중 '한식'을 판매·제공하는 매장,train,한식,T2 동의어,fa084bc0-dc6b-49a6-a13e-e500f7747b5e,우리한우,식당,진주 청과시장,전통시장,경상남도,,,
dd9d7032b4f9fe45c774,full_annotation_v1,A,q_한식_04,식당,음식점 중 '한식'을 판매·제공하는 매장,train,한식,T2 동의어,010b729e-dfdc-4b2c-ac41-376db70ef2c0,우여사애찬방,반찬,안동광석거리 골목형상점가,골목형상점가,경상북도,,,
684c58f15a793dd9cdc1,full_annotation_v1,A,q_한식_04,식당,음식점 중 '한식'을 판매·제공하는 매장,train,한식,T2 동의어,898c8119-687b-4cb1-8ca0-070e00aa9172,갑산식당,식당,달서시장,전통시장,대구광역시,,,
b318d3dfc50735f175a8,full_annotation_v1,A,q_한식_04,식당,음식점 중 '한식'을 판매·제공하는 매장,train,한식,T2 동의어,f338d262-62db-4976-9edb-459bd639f183,이조식당,식당,삼익2차쇼핑 골목형상점가,골목형상점가,서울특별시,,,
3123bbbefab391accce4,full_annotation_v1,A,q_한식_04,식당,음식점 중 '한식'을 판매·제공하는 매장,train,한식,T2 동의어,2aa314d6-ad47-4444-b34f-43e5de554831,진주식당,식당,양산 덕계종합상설시장,전통시장,경상남도,,,
bb9401b7804fb00d71d6,full_annotation_v1,A,q_한식_04,식당,음식점 중 '한식'을 판매·제공하는 매장,train,한식,T2 동의어,01b4b567-78d4-4fa1-9bff-25fd01fb1a4c,소문난김치집,김치,중앙먹거리 상인회 골목형상점가,골목형상점가,전라남도,,,
432148c0b0d5a6ba5ad4,full_annotation_v1,A,q_한식_04,식당,음식점 중 '한식'을 판매·제공하는 매장,train,한식,T2 동의어,c2962996-59fa-41ec-b1ca-104210a95535,신토불이식당,식당,운수대통!생거진천전통시장,전통시장,충청북도,,,
f7dd4da362bb0b647a3e,full_annotation_v1,A,q_한식_04,식당,음식점 중 '한식'을 판매·제공하는 매장,train,한식,T2 동의어,911dfb6d-63c8-4bc0-85c1-1b35a7c7a8d1,야간비행,식당,청주서문시장,전통시장,충청북도,,,
2a3f67e12df72579b8d3,full_annotation_v1,A,q_한식_04,식당,음식점 중 '한식'을 판매·제공하는 매장,train,한식,T2 동의어,00f60c16-d8be-497f-80f2-aab3209a8d0e,포카포카,식당,전남여고후문 골목형상점가,골목형상점가,광주광역시,,,
924c3731a9c40bd1e742,full_annotation_v1,A,q_한식_04,식당,음식점 중 '한식'을 판매·제공하는 매장,train,한식,T2 동의어,6238d9e1-ca45-4f2f-8b2b-be57719966df,병곡식당,식당,함양 지리산함양시장,전통시장,경상남도,,,
31eaacafcfb437f96a97,full_annotation_v1,A,q_한식_04,식당,음식점 중 '한식'을 판매·제공하는 매장,train,한식,T2 동의어,023a95f4-f5cb-4b2e-b978-690c41d48d54,대송회센타,식당,대송시장,전통시장,울산광역시,,,
de781ff2ec98f3e7baba,full_annotation_v1,A,q_한식_04,식당,음식점 중 '한식'을 판매·제공하는 매장,train,한식,T2 동의어,b58f322e-3bb7-4e33-bb3a-a164e3e5ec8f,충남식당,식당,거제 옥포국제시장,전통시장,경상남도,,,
f82c67a7ae0a7ef5db19,full_annotation_v1,A,q_한식_04,식당,음식점 중 '한식'을 판매·제공하는 매장,train,한식,T2 동의어,f260edaf-b3ed-4e23-ab23-c0d2dfe3a019,얼룩말 식당,일식,더센트럴 골목형상점가,골목형상점가,세종특별자치시,,,
b33bd59e65729834f878,full_annotation_v1,A,q_한식_04,식당,음식점 중 '한식'을 판매·제공하는 매장,train,한식,T2 동의어,0d4f24d3-fa96-411b-8782-ce5864018e67,시장마차,식당,안계정기시장,전통시장,경상북도,,,
db4b864bd853bf4e3a37,full_annotation_v1,A,q_한식_04,식당,음식점 중 '한식'을 판매·제공하는 매장,train,한식,T2 동의어,ee479e9b-4b9c-41b7-8953-e07f2ebf489e,삼화식당,식당,풍산시장,전통시장,경상북도,,,
e40d09e1e42becdf39da,full_annotation_v1,A,q_한식_04,식당,음식점 중 '한식'을 판매·제공하는 매장,train,한식,T2 동의어,c197f388-b613-4713-8fdd-865804a676c1,청주뚝배기,식당,청주육거리종합시장,전통시장,충청북도,,,
8d6a305f52f6cd86182f,full_annotation_v1,A,q_한식_04,식당,음식점 중 '한식'을 판매·제공하는 매장,train,한식,T2 동의어,c8619bf3-bef8-4bfc-a02c-46aa31cfb83c,공가네감자옹실이,식당,양양전통시장,전통시장,강원특별자치도,,,
522380dde9f7ef87e065,full_annotation_v1,A,q_한식_04,식당,음식점 중 '한식'을 판매·제공하는 매장,train,한식,T2 동의어,78c0fd0f-5bbb-4ac6-bc68-27b2a738d459,우리전통식당,식당,부천강남시장,전통시장,경기도,,,
08afb3f596bd8177ebd4,full_annotation_v1,A,q_한식_04,식당,음식점 중 '한식'을 판매·제공하는 매장,train,한식,T2 동의어,fdefeacf-43af-4f80-a849-0649ba17c5eb,태일식당,식당,상주중앙시장,전통시장,경상북도,,,
d43ebd3ed91df5e48581,full_annotation_v1,A,q_한식_04,식당,음식점 중 '한식'을 판매·제공하는 매장,train,한식,T2 동의어,01186127-94c8-40c4-8d08-9f84a76c77b0,짱아식당,,다향보성 골목형상점가,골목형상점가,,,,
10aa1391cc54023c7c9f,full_annotation_v1,A,q_한식_04,식당,음식점 중 '한식'을 판매·제공하는 매장,train,한식,T2 동의어,58e78b46-25d3-4f7e-8d8a-f5f13ac91560,시장수산,활어,흥해시장,전통시장,경상북도,,,
e4d735e153c4139dd966,full_annotation_v1,A,q_한식_04,식당,음식점 중 '한식'을 판매·제공하는 매장,train,한식,T2 동의어,b2c9676a-a6cd-4649-b91a-090edcdb6b94,중앙순대,식당,봉천중앙시장,전통시장,서울특별시,,,
ed7f3dc76f7b975b6784,full_annotation_v1,A,q_한식_04,식당,음식점 중 '한식'을 판매·제공하는 매장,train,한식,T2 동의어,c26afc6b-0ffc-4d54-a585-ef42819bd3d0,우리맛집,식당,사가정시장,전통시장,서울특별시,,,
3627ac66dde768e26ed5,full_annotation_v1,A,q_한식_04,식당,음식점 중 '한식'을 판매·제공하는 매장,train,한식,T2 동의어,0239c4e7-2ae3-4f29-8952-19c6d9d1d9a9,세번째집,순대국밥,성환이화시장,전통시장,충청남도,,,
e35905de1771ccc81a5b,full_annotation_v1,A,q_한식_04,식당,음식점 중 '한식'을 판매·제공하는 매장,train,한식,T2 동의어,6a66a4c7-0dd0-401d-bfc4-324837652135,먹정식당,식당,김해 동상전통시장,전통시장,경상남도,,,
ffa2be51a8f67ea2a911,full_annotation_v1,A,q_한식_04,식당,음식점 중 '한식'을 판매·제공하는 매장,train,한식,T2 동의어,c37f4551-9a0d-40c8-b6c5-d2843e230fab,백광식당,식당,정남진장흥토요시장,전통시장,전라남도,,,
64ba8c9b99acdf2e989c,full_annotation_v1,A,q_한식_04,식당,음식점 중 '한식'을 판매·제공하는 매장,train,한식,T2 동의어,4f38222a-e9d6-4e48-a2cd-0f8dc785142c,옥반,식당,신창동일번국도가구의거리 골목형상점가,골목형상점가,광주광역시,,,
4c39e34ffd78fe9c5752,full_annotation_v1,A,q_한식_04,식당,음식점 중 '한식'을 판매·제공하는 매장,train,한식,T2 동의어,cca26ee4-af84-428e-8b56-4829fd477cc3,합천식당,식당,동래시장,전통시장,부산광역시,,,
8020c68d7dac4ec7eca4,full_annotation_v1,A,q_한식_04,식당,음식점 중 '한식'을 판매·제공하는 매장,train,한식,T2 동의어,01bece07-ad04-4afe-b0bd-0a52427295d1,진주식당,,산청시장,전통시장,경상남도,,,
be3f05f58feda62bc11d,full_annotation_v1,A,q_한식_04,식당,음식점 중 '한식'을 판매·제공하는 매장,train,한식,T2 동의어,73fb28f4-5c6b-436f-842f-b9dc90f3a293,싸구려닭집,식당,함양 지리산함양시장,전통시장,경상남도,,,
e025964c5b7c50d72ff0,full_annotation_v1,A,q_한식_04,식당,음식점 중 '한식'을 판매·제공하는 매장,train,한식,T2 동의어,01830c3a-5f7e-4396-9772-38b51bd90dc0,새로나국밥,국밥 족발 머리고기,무등시장,전통시장,광주광역시,,,
f6842d5deaa077d620e1,full_annotation_v1,A,q_한식_04,식당,음식점 중 '한식'을 판매·제공하는 매장,train,한식,T2 동의어,ae1d87d1-606f-447b-9bbb-e2e836adb224,카페 더테이블 272,음료및 디저트류,동백 이음길 골목형상점가,골목형상점가,경기도,,,
824b71af4863b42c0754,full_annotation_v1,A,q_한식_04,식당,음식점 중 '한식'을 판매·제공하는 매장,train,한식,T2 동의어,53577a20-a7e8-45db-956d-a5d8510da2ee,대오리식당,식당,봉동생강골시장,전통시장,전북특별자치도,,,
cad9a4e663a9da2509d7,full_annotation_v1,A,q_한식_04,식당,음식점 중 '한식'을 판매·제공하는 매장,train,한식,T2 동의어,05530d0f-82ed-47a1-8015-32b6c30e3752,진수산삼다식품,"젓갈류, 김치, 수산물",동문재래시장,전통시장,제주특별자치도,,,
21eec28fcea48c922333,full_annotation_v1,A,q_한식_04,식당,음식점 중 '한식'을 판매·제공하는 매장,train,한식,T2 동의어,fe53936c-3966-4214-bb10-62265eaf99cc,제천식당,식당,신울산종합시장,전통시장,울산광역시,,,
0e2721baceb692df637c,full_annotation_v1,A,q_한식_04,식당,음식점 중 '한식'을 판매·제공하는 매장,train,한식,T2 동의어,e5d2887d-2270-49a0-ac0a-c3b9e99af23c,청하식당,식당,강화풍물시장,전통시장,인천광역시,,,
939f165db6c9127c84a0,full_annotation_v1,A,q_한식_04,식당,음식점 중 '한식'을 판매·제공하는 매장,train,한식,T2 동의어,c60b9b59-9cbc-4b39-b608-ab893346d251,갈오기 식당,한식,죽산골목형상점가,골목형상점가,경기도,,,
ff218030c633c08140af,full_annotation_v1,A,q_한식_04,식당,음식점 중 '한식'을 판매·제공하는 매장,train,한식,T2 동의어,b65b1738-23c6-4f9c-9237-6416f17e6c9c,호야식당,식당,무주시장(반딧불장터),전통시장,전북특별자치도,,,
8ba5fc47b39e06ec5936,full_annotation_v1,A,q_한식_04,식당,음식점 중 '한식'을 판매·제공하는 매장,train,한식,T2 동의어,001053bb-9a4d-431c-8073-f2204c857265,유달식당,한식,노량진수산시장골목형상점가,골목형상점가,서울특별시,,,
7a1a99b1e29bd06b476f,full_annotation_v1,A,q_한식_04,식당,음식점 중 '한식'을 판매·제공하는 매장,train,한식,T2 동의어,42c6160f-3c31-45fc-aaf4-1ab054fc7698,진도식당,식당,제주시민속오일시장,전통시장,제주특별자치도,,,
226fad83b23e4266bb8b,full_annotation_v1,A,q_한식_04,식당,음식점 중 '한식'을 판매·제공하는 매장,train,한식,T2 동의어,873d7c37-148f-42c5-8c1d-1880e134155d,성주식당,식당,구미새마을중앙시장,전통시장,경상북도,,,
828c618daae30dc69904,full_annotation_v1,A,q_한식_04,식당,음식점 중 '한식'을 판매·제공하는 매장,train,한식,T2 동의어,04961d72-f5b3-4605-86f3-8130ded3e312,본도시락성서점,,성서우방 골목형상점가,골목형상점가,대구광역시,,,
804d67493900942ead9f,full_annotation_v1,A,q_한식_04,식당,음식점 중 '한식'을 판매·제공하는 매장,train,한식,T2 동의어,000a95c4-e0a6-4011-86fb-04307bcfae38,황갈비,한식,김천황금시장,전통시장,경상북도,,,
7f726c0342289c156b9e,full_annotation_v1,A,q_한식_04,식당,음식점 중 '한식'을 판매·제공하는 매장,train,한식,T2 동의어,25d8323e-bf6a-484a-8996-ebb97b938155,OK스시,초밥집,대림시장,전통시장,서울특별시,,,
2ca9d9dea4b59407ad35,full_annotation_v1,A,q_한식_04,식당,음식점 중 '한식'을 판매·제공하는 매장,train,한식,T2 동의어,0c381bb9-bcf5-4f95-9002-e349dd9fe7ec,부흥식당,식당,현대시장,전통시장,인천광역시,,,
e7996fbf7839a92e561d,full_annotation_v1,A,q_한식_04,식당,음식점 중 '한식'을 판매·제공하는 매장,train,한식,T2 동의어,7559d46a-b34e-4993-b08d-dd97c0e89dea,수미식당,식당,진주 청과시장,전통시장,경상남도,,,
54629bb4e80a63b9d1e4,full_annotation_v1,A,q_한식_04,식당,음식점 중 '한식'을 판매·제공하는 매장,train,한식,T2 동의어,8d674015-6d5a-4e1c-94fd-08aa87c1e20f,통영쌈밥,식당,통영 충무데파트,자율상권구역,경상남도,,,
a4a55134d2de427985ec,full_annotation_v1,A,q_한식_04,식당,음식점 중 '한식'을 판매·제공하는 매장,train,한식,T2 동의어,afe01c1e-562e-4923-8202-baeaa7a5acc6,참새식당,식당,중마시장,전통시장,전라남도,,,
cfe6536f4f95d4f2e222,full_annotation_v1,A,q_한식_04,식당,음식점 중 '한식'을 판매·제공하는 매장,train,한식,T2 동의어,00118834-a0f4-4127-ba7d-f7908ced2e1d,골목집,한식,대흥낭만거리 골목형상점가,골목형상점가,대전광역시,,,
78791653bbf5e0eff999,full_annotation_v1,A,q_한식_04,식당,음식점 중 '한식'을 판매·제공하는 매장,train,한식,T2 동의어,001a2d82-c062-406b-b63c-9a8f8a4c86fa,열린부뚜막협동조합,"한식뷔페, 도시락, 케이터링, 요리강좌, 창업컨설팅, 행사기획",슬기로운 지족역 골목형상점가,골목형상점가,대전광역시,,,
20c09132b60ac11a8a8a,full_annotation_v1,A,q_한식_04,식당,음식점 중 '한식'을 판매·제공하는 매장,train,한식,T2 동의어,278d8ed0-341b-4445-96e9-8ce451114f1f,대성순대,식당,구월시장,전통시장,인천광역시,,,
2cd3553aea103b274c76,full_annotation_v1,A,q_한식_04,식당,음식점 중 '한식'을 판매·제공하는 매장,train,한식,T2 동의어,151edb34-6467-4de8-96ad-06e89a89dda6,노벨복장,남성복,서문시장아진상가,전통시장,대구광역시,,,
cf3268518b4b50fcb3dc,full_annotation_v1,A,q_한식_04,식당,음식점 중 '한식'을 판매·제공하는 매장,train,한식,T2 동의어,90a64338-5d33-4f18-a55f-2bafa2c93623,장꼬방,식당,정남진장흥토요시장,전통시장,전라남도,,,
429c8d15319662182ab8,full_annotation_v1,A,q_한식_04,식당,음식점 중 '한식'을 판매·제공하는 매장,train,한식,T2 동의어,d4cab360-dff2-4aca-8011-d29e31e80b23,원남식당,식당,와수시장,전통시장,강원특별자치도,,,
6399f844a9aa6c316f01,full_annotation_v1,A,q_한식_04,식당,음식점 중 '한식'을 판매·제공하는 매장,train,한식,T2 동의어,061fc089-3c87-42dd-9ec4-c57cbe739270,한솥도시락 남천점,도시락,464번길 골목형상점가,골목형상점가,부산광역시,,,
d6a0024b1d4183e74c2c,full_annotation_v1,A,q_한식_04,식당,음식점 중 '한식'을 판매·제공하는 매장,train,한식,T2 동의어,30a0bc35-f0d1-4d5d-9826-8d498122538a,밥집,,고창전통시장,전통시장,전북특별자치도,,,
4e5f3a9a413e71df0c40,full_annotation_v1,A,q_한식_04,식당,음식점 중 '한식'을 판매·제공하는 매장,train,한식,T2 동의어,006895c5-d037-4e3d-9cfb-6972007a350a,반찬사랑,반찬,오치2동 골목형상점가,골목형상점가,광주광역시,,,
4f6240f3891119b52527,full_annotation_v1,A,q_한식_04,식당,음식점 중 '한식'을 판매·제공하는 매장,train,한식,T2 동의어,01465138-3544-40c5-a4db-860c2bb8c959,군산수산물종합센터내)매점,매점,군산수산물종합센터,전통시장,전북특별자치도,,,
04010e35c07fd08be903,full_annotation_v1,A,q_한식_04,식당,음식점 중 '한식'을 판매·제공하는 매장,train,한식,T2 동의어,30df608a-1dfb-46c9-8ac3-b37a7f4b372c,시장식당,식당,오천시장,전통시장,경상북도,,,
6255cca6090bc59979a0,full_annotation_v1,A,q_한식_04,식당,음식점 중 '한식'을 판매·제공하는 매장,train,한식,T2 동의어,4a9e649a-8e0f-4ad2-9dd7-05976230a2d7,진흥식당,식당,기장시장,전통시장,부산광역시,,,
2e54cb77c3965ad5f77d,full_annotation_v1,A,q_한식_04,식당,음식점 중 '한식'을 판매·제공하는 매장,train,한식,T2 동의어,21b3d7a5-f1d6-4c66-a77f-903d3c0a6363,부산횟집,식당,전하시장,전통시장,울산광역시,,,
150c57d17fc25ff32930,full_annotation_v1,A,q_한식_04,식당,음식점 중 '한식'을 판매·제공하는 매장,train,한식,T2 동의어,3bbbc2f8-030b-4202-8161-6b8754dfe9a8,서울식당,식당,원대신시장,전통시장,대구광역시,,,
0293cba632ee19c5e997,full_annotation_v1,A,q_한식_04,식당,음식점 중 '한식'을 판매·제공하는 매장,train,한식,T2 동의어,90b1c100-71bd-493b-93b4-fc4a446a8c28,시장참기름집,식당,합천왕후시장,전통시장,경상남도,,,
22691786892781c0c5b3,full_annotation_v1,A,q_한식_04,식당,음식점 중 '한식'을 판매·제공하는 매장,train,한식,T2 동의어,003003dc-6951-4f07-8cf2-f31334c0b27d,미향반찬,반찬,신안코아,전통시장,경기도,,,
04caffd512393dec43d2,full_annotation_v1,A,q_한식_04,식당,음식점 중 '한식'을 판매·제공하는 매장,train,한식,T2 동의어,52b1fcfb-d566-4067-907c-733e3385d107,솔밭식당,식당,순천원도심상점가,자율상권구역,,,,
40dbc5c30136f9024f67,full_annotation_v1,A,q_한식_04,식당,음식점 중 '한식'을 판매·제공하는 매장,train,한식,T2 동의어,3f13b78e-db9f-48ea-980c-1662080493d0,정연 식당,,원효 골목형상점가,골목형상점가,서울특별시,,,
40e3b0e5f4649f5a0f3e,full_annotation_v1,A,q_한식_04,식당,음식점 중 '한식'을 판매·제공하는 매장,train,한식,T2 동의어,45b63f9e-4aef-4466-8e36-ebe34e64107f,서울식당,식당,강화풍물시장,전통시장,인천광역시,,,
9a0e64540887ce995afc,full_annotation_v1,A,q_한식_04,식당,음식점 중 '한식'을 판매·제공하는 매장,train,한식,T2 동의어,0741bfd3-b940-4386-9f39-8dd006d28352,한솥도시락 부천시청점,도시락,길주로 골목형상점가,골목형상점가,경기도,,,
bb8ff441753575598a0c,full_annotation_v1,A,q_한식_04,식당,음식점 중 '한식'을 판매·제공하는 매장,train,한식,T2 동의어,00181552-6cc5-406b-ac59-bf9816f61398,갓지은밥,한식,남광주시장,전통시장,,,,
d3ae0135f1a0d4384ba9,full_annotation_v1,A,q_한식_04,식당,음식점 중 '한식'을 판매·제공하는 매장,train,한식,T2 동의어,463be06d-a4c7-4c38-8713-36011c6d9661,말띠농원,식당,진주 청과시장,전통시장,경상남도,,,
b2805123d0bc2337dee1,full_annotation_v1,A,q_한식_04,식당,음식점 중 '한식'을 판매·제공하는 매장,train,한식,T2 동의어,383c08d7-e4cd-48da-8cd8-792088706cca,티나,식당,대송시장,전통시장,울산광역시,,,
7537c0bf559c420eff9b,full_annotation_v1,A,q_한식_04,식당,음식점 중 '한식'을 판매·제공하는 매장,train,한식,T2 동의어,01cb3652-fa58-417b-a2fd-2aa0a54fae0a,해밍턴 부대찌개 세종다정점,부대찌개한식,다정중앙 골목형상점가,골목형상점가,세종특별자치시,,,
edc81fc96a4f904c09be,full_annotation_v1,A,q_한식_04,식당,음식점 중 '한식'을 판매·제공하는 매장,train,한식,T2 동의어,3056d8be-d53e-4655-b755-fb30c9330bf7,재민이네,식당,대명중앙시장,전통시장,대구광역시,,,
6444381b0808d48017a3,full_annotation_v1,A,q_한식_04,식당,음식점 중 '한식'을 판매·제공하는 매장,train,한식,T2 동의어,0182c177-fcc7-47b0-8e12-99eb221aff79,시장초장식당,"칼국수, 열무비빔밥, 국, 반찬",경주중앙시장,전통시장,경상북도,,,
4203f19c27d958992b4e,full_annotation_v1,A,q_한식_04,식당,음식점 중 '한식'을 판매·제공하는 매장,train,한식,T2 동의어,03b84056-803d-4bd8-8a8b-f3d19815797b,땅스부댜찌개,즉석판매찌개,바람골골목형상점가,골목형상점가,충청북도,,,
6d98e8b1c33f07ec9c58,full_annotation_v1,A,q_한식_04,식당,음식점 중 '한식'을 판매·제공하는 매장,train,한식,T2 동의어,1eaa8ba7-c2d5-42b8-9d2a-cfb3b5760f8c,샘이식당,식당,서문공설시장,전통시장,제주특별자치도,,,
6ac76875e6d2c340e99a,full_annotation_v1,A,q_한식_04,식당,음식점 중 '한식'을 판매·제공하는 매장,train,한식,T2 동의어,a766cd17-fbdf-4aab-91c6-4d58a462d451,원조순대국,식당,광명새마을시장,전통시장,경기도,,,
a27403a72fe5362ed0e7,full_annotation_v1,A,q_한식_04,식당,음식점 중 '한식'을 판매·제공하는 매장,train,한식,T2 동의어,503b102e-d69f-44a8-8c7c-3f8ca378a3e9,평남식당,식당,포항죽도시장,전통시장,경상북도,,,
e81666e746c758bf0ba9,full_annotation_v1,A,q_한식_04,식당,음식점 중 '한식'을 판매·제공하는 매장,train,한식,T2 동의어,bd89a933-b1a0-467d-8d93-c13632f528bd,장수초장,식당,㈜신정시장,전통시장,울산광역시,,,
754c2a15fdcb2bd8c198,full_annotation_v1,A,q_한식_04,식당,음식점 중 '한식'을 판매·제공하는 매장,train,한식,T2 동의어,62fff594-f8b8-487e-b271-54db094b4d38,부산식당,식당,양산 덕계종합상설시장,전통시장,경상남도,,,
f98626b01902e543c7af,full_annotation_v1,A,q_한식_04,식당,음식점 중 '한식'을 판매·제공하는 매장,train,한식,T2 동의어,c30c45c5-ab98-4e5c-9448-baf3312d13c5,짱구식당,식당,남해전통시장,전통시장,경상남도,,,
b24458cb048430a36406,full_annotation_v1,A,q_한식_04,식당,음식점 중 '한식'을 판매·제공하는 매장,train,한식,T2 동의어,2402dc30-d013-4804-8cac-b82d87cb6d30,시장식당,식당,남원인월시장,전통시장,전북특별자치도,,,
2297e88064251ba49afa,full_annotation_v1,A,q_한식_04,식당,음식점 중 '한식'을 판매·제공하는 매장,train,한식,T2 동의어,c48b74f4-5716-4b59-97be-8677920e88a7,고기굽는 식당,,장흥중앙로 골목형상점가,골목형상점가,,,,
03e98ccf0c3bf1b73e95,full_annotation_v1,A,q_한식_04,식당,음식점 중 '한식'을 판매·제공하는 매장,train,한식,T2 동의어,080976e3-ab2c-4393-b6aa-9e85f6fa45ab,꿉소굽소식당,식당,영주공설시장,전통시장,경상북도,,,
19c6d049d8d3b3817eb8,full_annotation_v1,A,q_한식_04,식당,음식점 중 '한식'을 판매·제공하는 매장,train,한식,T2 동의어,0130dbd3-b9ea-43f4-98fd-26d8afd90b78,모래내시장순대,식당,전주모래내시장,전통시장,전북특별자치도,,,
c7ab5130051e88170ef6,full_annotation_v1,A,q_한식_04,식당,음식점 중 '한식'을 판매·제공하는 매장,train,한식,T2 동의어,49d08596-bfd5-4171-8455-ef55286f0edf,장터맛신,식당,완도전통시장(완도5일시장),전통시장,전라남도,,,
6255208c343c1bcd5235,full_annotation_v1,A,q_한식_04,식당,음식점 중 '한식'을 판매·제공하는 매장,train,한식,T2 동의어,01e8dcda-39f2-4df9-a2e4-2e63e8a9f480,두꺼비부대찌개,부대찌개,신중동문화거리상점가,자율상권구역,경기도,,,
6b003cd64ec6b60cc089,full_annotation_v1,A,q_한식_04,식당,음식점 중 '한식'을 판매·제공하는 매장,train,한식,T2 동의어,4ef7147e-e49e-42d6-b61e-777752ce6a35,성주식당,식당,성주시장,전통시장,경상북도,,,
cb4517d25db6ad92e7b1,full_annotation_v1,A,q_한식_04,식당,음식점 중 '한식'을 판매·제공하는 매장,train,한식,T2 동의어,da96abe6-aa16-4f18-a8d1-0a192a94acf4,임년네 식당,한식,연동골목시장,자율상권구역,부산광역시,,,
c944dd54d741714f1976,full_annotation_v1,A,q_한식_04,식당,음식점 중 '한식'을 판매·제공하는 매장,train,한식,T2 동의어,a7bf1cbb-9f16-4d53-aa1c-eacb51ad2f31,베스트올원당점,편의점,원당 중앙로 골목형상점가,골목형상점가,인천광역시,,,
4690b87205ac3d6ba2e5,full_annotation_v1,A,q_한식_04,식당,음식점 중 '한식'을 판매·제공하는 매장,train,한식,T2 동의어,2fd85f8f-948d-4d85-b1ab-1909a9ab80ed,교동집,식당,강화풍물시장,전통시장,인천광역시,,,
03391ef13b441f0b6957,full_annotation_v1,A,q_한식_04,식당,음식점 중 '한식'을 판매·제공하는 매장,train,한식,T2 동의어,28c56173-5e94-400c-bea8-4ae75f21457e,새이삭식당,식당,점촌역전상점가,자율상권구역,경상북도,,,
7ccd40282918eea0dd44,full_annotation_v1,A,q_한식_04,식당,음식점 중 '한식'을 판매·제공하는 매장,train,한식,T2 동의어,3646cc5d-5d26-48df-a7f3-9417172a0d31,오복식당,식당,남해전통시장,전통시장,경상남도,,,
6b0a279625f9059d19d3,full_annotation_v1,A,q_한식_04,식당,음식점 중 '한식'을 판매·제공하는 매장,train,한식,T2 동의어,4edf11dc-4d0e-4eff-8340-90c94a8d5f2f,시장집,식당,남해전통시장,전통시장,경상남도,,,
b27f3ae0380d0604de3e,full_annotation_v1,A,q_한식_04,식당,음식점 중 '한식'을 판매·제공하는 매장,train,한식,T2 동의어,303a8fb9-41f3-4e8c-bccc-f1ce98a9d1cd,지원,"의류, 잡화(도소매)",남대문시장,전통시장,서울특별시,,,
6467ef6791a83399ef76,full_annotation_v1,A,q_한식_04,식당,음식점 중 '한식'을 판매·제공하는 매장,train,한식,T2 동의어,cf027327-204e-41d6-9e71-cf13f58c1e56,힘내소,식당,완도전통시장(완도5일시장),전통시장,전라남도,,,
0b6ad281e71d6c6cf5ad,full_annotation_v1,A,q_한식_05,찌개,음식점 중 '한식'을 판매·제공하는 매장,train,한식,T2 동의어,c5cfb64d-2fb0-4249-b2e8-aa46e1857a30,신가네김치찌개,찌개,문창시장,전통시장,대전광역시,,,
a35bc39997e52b72fa12,full_annotation_v1,A,q_한식_05,찌개,음식점 중 '한식'을 판매·제공하는 매장,train,한식,T2 동의어,01b06c58-1a16-4bd9-81a5-ad284e01da10,신바람국밥,,운암대자골 골목형상점가,골목형상점가,,,,
922904209d68db5644c3,full_annotation_v1,A,q_한식_05,찌개,음식점 중 '한식'을 판매·제공하는 매장,train,한식,T2 동의어,48f4f86b-422c-47c8-8b17-810e52c9170f,엄마손찌개나라,찌개,삼송상점가,자율상권구역,경기도,,,
d454f9ba8bd2b38a51b3,full_annotation_v1,A,q_한식_05,찌개,음식점 중 '한식'을 판매·제공하는 매장,train,한식,T2 동의어,ccc39a96-e844-4c4a-a0bd-61ef7335e1b5,수림,찌개,세은 골목형상점가,골목형상점가,광주광역시,,,
0f2c86cc796653af83f2,full_annotation_v1,A,q_한식_05,찌개,음식점 중 '한식'을 판매·제공하는 매장,train,한식,T2 동의어,030bc960-9493-4dd5-93ea-5b56023601af,왕돼지 김치찌개,김치찌개,쌍정 골목형상점가,골목형상점가,전라남도,,,
4736009efafc914827c0,full_annotation_v1,A,q_한식_05,찌개,음식점 중 '한식'을 판매·제공하는 매장,train,한식,T2 동의어,010b729e-dfdc-4b2c-ac41-376db70ef2c0,우여사애찬방,반찬,안동광석거리 골목형상점가,골목형상점가,경상북도,,,
f6c7cfa9e1698dda852e,full_annotation_v1,A,q_한식_05,찌개,음식점 중 '한식'을 판매·제공하는 매장,train,한식,T2 동의어,2830fc13-d7e2-431c-9d09-905eec089d9f,항아리식당,삼겹살 및 찌개,광복마을길 골목형상점가,골목형상점가,광주광역시,,,
a122c3168af7a699e01b,full_annotation_v1,A,q_한식_05,찌개,음식점 중 '한식'을 판매·제공하는 매장,train,한식,T2 동의어,65e07614-cfdc-4594-b445-aa4ef98999a0,아날도바시니 전주송천점,"판매대리(의류, 스포츠용품)",전주송천동골목형상점가,골목형상점가,전북특별자치도,,,
6beb9910b8acb179f125,full_annotation_v1,A,q_한식_05,찌개,음식점 중 '한식'을 판매·제공하는 매장,train,한식,T2 동의어,00066748-bce9-4daa-b881-7902dad46f14,하단맛집,한식,하단자율상권구역,,부산광역시,,,
8601a810701a7d8cec59,full_annotation_v1,A,q_한식_05,찌개,음식점 중 '한식'을 판매·제공하는 매장,train,한식,T2 동의어,001a2d82-c062-406b-b63c-9a8f8a4c86fa,열린부뚜막협동조합,"한식뷔페, 도시락, 케이터링, 요리강좌, 창업컨설팅, 행사기획",슬기로운 지족역 골목형상점가,골목형상점가,대전광역시,,,
a9902d30d755342f51b2,full_annotation_v1,A,q_한식_05,찌개,음식점 중 '한식'을 판매·제공하는 매장,train,한식,T2 동의어,ce2a0d33-8621-4617-ba6c-4a2011669b11,산동교청국장,찌개.국,신창동가구의거리일번국도상점가,자율상권구역,광주광역시,,,
3db7a2f4c94494ef83d5,full_annotation_v1,A,q_한식_05,찌개,음식점 중 '한식'을 판매·제공하는 매장,train,한식,T2 동의어,1d871f74-e5f5-4012-9e00-f04b0a0514c0,착한탕국,찌개,자양전통시장,전통시장,서울특별시,,,
9cf5c5159e31a55e96f4,full_annotation_v1,A,q_한식_05,찌개,음식점 중 '한식'을 판매·제공하는 매장,train,한식,T2 동의어,bb292d34-36cb-4178-8e0d-a3cfcc05524b,명동찌개마을 범일점,찌개,조방자성로 골목형 상점가,골목형상점가,부산광역시,,,
1cfa80ed7b7f980d59e4,full_annotation_v1,A,q_한식_05,찌개,음식점 중 '한식'을 판매·제공하는 매장,train,한식,T2 동의어,89a4b485-9ae2-4b0b-a7c1-92766fa2ad9c,찌개명가,한식,장미달빛거리골목형상점가,골목형상점가,서울특별시,,,
4410ec807b02e38db43c,full_annotation_v1,A,q_한식_05,찌개,음식점 중 '한식'을 판매·제공하는 매장,train,한식,T2 동의어,ce963798-8c2e-4c69-be53-f181b9f6f867,밥통령,한식 찌개,수완하나로 골목형상점가,골목형상점가,광주광역시,,,
e11f2049503f486c1dc3,full_annotation_v1,A,q_한식_05,찌개,음식점 중 '한식'을 판매·제공하는 매장,train,한식,T2 동의어,dfdf53dc-87c1-48e3-a3b6-072c8bb2fdb9,쌀집옆집그집,덮밥 찌개,백년시장(구 강북종합전통시장),전통시장,서울특별시,,,
380ace39f1a7be1b5c1d,full_annotation_v1,A,q_한식_05,찌개,음식점 중 '한식'을 판매·제공하는 매장,train,한식,T2 동의어,41af77ff-ade5-45b5-85be-c3a0fa3007bf,위핏헬스&PT 수유역점,체력단련,수유역골목형상점가,골목형상점가,서울특별시,,,
ed65e9eb98578606df01,full_annotation_v1,A,q_한식_05,찌개,음식점 중 '한식'을 판매·제공하는 매장,train,한식,T2 동의어,a69a62a2-d6bf-45e3-82c9-b298c1c131c7,애호가,찌개,해피니스,골목형상점가,광주광역시,,,
ffd2b4d888e5c9d526fa,full_annotation_v1,A,q_한식_05,찌개,음식점 중 '한식'을 판매·제공하는 매장,train,한식,T2 동의어,01c857cd-3f28-4d83-8fa4-e0abcfb44fbd,수연국밥,국밥,두암사거리 골목형상점가,골목형상점가,광주광역시,,,
8ec0c93e4c2aa16a9346,full_annotation_v1,A,q_한식_05,찌개,음식점 중 '한식'을 판매·제공하는 매장,train,한식,T2 동의어,d9ae5fa5-8ca5-4b3f-b1ea-675e918a134f,교동극장 식당,찌개,대룡시장골목형상점가,골목형상점가,인천광역시,,,
65318e06c49684280090,full_annotation_v1,A,q_한식_05,찌개,음식점 중 '한식'을 판매·제공하는 매장,train,한식,T2 동의어,d330da29-f83c-4870-8b86-1fce9b2036d6,예지뜨게방,뜨게실,구미형곡시장프라자,전통시장,경상북도,,,
386f2b2a524c12e717a2,full_annotation_v1,A,q_한식_05,찌개,음식점 중 '한식'을 판매·제공하는 매장,train,한식,T2 동의어,0239c4e7-2ae3-4f29-8952-19c6d9d1d9a9,세번째집,순대국밥,성환이화시장,전통시장,충청남도,,,
732c758862e6a2dde4ab,full_annotation_v1,A,q_한식_05,찌개,음식점 중 '한식'을 판매·제공하는 매장,train,한식,T2 동의어,061d8a9c-1f19-403a-b57d-138ee5a36a80,찌개앤찜,한식,순천대1번상가,자율상권구역,전라남도,,,
cd2f56c1e97fc98f1eed,full_annotation_v1,A,q_한식_05,찌개,음식점 중 '한식'을 판매·제공하는 매장,train,한식,T2 동의어,ac59d727-4828-49e0-84b7-5cfb93559909,남도식당,찌개 백반,전곡로데오거리 골목형상점가,골목형상점가,경기도,,,
c966b3af43fd1367966b,full_annotation_v1,A,q_한식_05,찌개,음식점 중 '한식'을 판매·제공하는 매장,train,한식,T2 동의어,51583374-29aa-46a4-8c4c-0684de4d6cf6,봉봉씨의 유쾌한 김밥집,,솔매사랑길 골목형상점가,골목형상점가,서울특별시,,,
e9cf97d7e65a075517b0,full_annotation_v1,A,q_한식_05,찌개,음식점 중 '한식'을 판매·제공하는 매장,train,한식,T2 동의어,4a47a1c2-fecf-4ea5-956a-d61215cb2e61,부돼찌개,한식,신사세로수길골목형상점가,골목형상점가,서울특별시,,,
c271fc41dee963fa5a32,full_annotation_v1,A,q_한식_05,찌개,음식점 중 '한식'을 판매·제공하는 매장,train,한식,T2 동의어,fcfd0769-e719-418e-b583-cc133fc0a366,물레방아맛집,동태탕 찌개,주천골목형상점가,골목형상점가,강원특별자치도,,,
417910cca5912625d3e7,full_annotation_v1,A,q_한식_05,찌개,음식점 중 '한식'을 판매·제공하는 매장,train,한식,T2 동의어,0741bfd3-b940-4386-9f39-8dd006d28352,한솥도시락 부천시청점,도시락,길주로 골목형상점가,골목형상점가,경기도,,,
37bc5aba6c632a922882,full_annotation_v1,A,q_한식_05,찌개,음식점 중 '한식'을 판매·제공하는 매장,train,한식,T2 동의어,38137579-5c09-410f-bedb-69b928e8e7e0,맛골식당,"찌개, 전골",송죽만석 골목형상점가,골목형상점가,경기도,,,
926ceda8d63b55488fa9,full_annotation_v1,A,q_한식_05,찌개,음식점 중 '한식'을 판매·제공하는 매장,train,한식,T2 동의어,01b4b567-78d4-4fa1-9bff-25fd01fb1a4c,소문난김치집,김치,중앙먹거리 상인회 골목형상점가,골목형상점가,전라남도,,,
81424e67019661285c09,full_annotation_v1,A,q_한식_05,찌개,음식점 중 '한식'을 판매·제공하는 매장,train,한식,T2 동의어,c39727d8-31ec-41d7-92f2-ef27e421d6cb,와글와글,조림 찌개,대룡시장골목형상점가,골목형상점가,인천광역시,,,
801c1b2cf26e7e0b8b18,full_annotation_v1,A,q_한식_05,찌개,음식점 중 '한식'을 판매·제공하는 매장,train,한식,T2 동의어,01e8dcda-39f2-4df9-a2e4-2e63e8a9f480,두꺼비부대찌개,부대찌개,신중동문화거리상점가,자율상권구역,경기도,,,
43d029274d5460e52795,full_annotation_v1,A,q_한식_05,찌개,음식점 중 '한식'을 판매·제공하는 매장,train,한식,T2 동의어,029f08ff-6607-4860-9332-d08b721b13a2,무교동낙지,낙지,합정동먹자골목골목형상점가,골목형상점가,서울특별시,,,
1536e8fde3e34e6c1506,full_annotation_v1,A,q_한식_05,찌개,음식점 중 '한식'을 판매·제공하는 매장,train,한식,T2 동의어,0a1e5f72-2ca5-49d3-9483-b71bd74c9f9b,점심엔 상무밥집24시,,상무연하상인회 골목형상점가,골목형상점가,광주광역시,,,
d1360f919a4a58d25ad5,full_annotation_v1,A,q_한식_05,찌개,음식점 중 '한식'을 판매·제공하는 매장,train,한식,T2 동의어,c6ea7e5e-1e13-4694-b9c5-04a99c5fa9bc,양마니명동찌개마을입암점,"찌개, 전골",갓바위골목형상점가,골목형상점가,강원특별자치도,,,
1a0b43d0eadc00b564bb,full_annotation_v1,A,q_한식_05,찌개,음식점 중 '한식'을 판매·제공하는 매장,train,한식,T2 동의어,8051cf04-06d7-41c3-bc18-37b454a1d57b,여성크로커다일,"의류, 외의",전주송천동골목형상점가,골목형상점가,전북특별자치도,,,
f84fdb805d6f41adcac7,full_annotation_v1,A,q_한식_05,찌개,음식점 중 '한식'을 판매·제공하는 매장,train,한식,T2 동의어,00181552-6cc5-406b-ac59-bf9816f61398,갓지은밥,한식,남광주시장,전통시장,,,,
e22c2a375c74927a6a20,full_annotation_v1,A,q_한식_05,찌개,음식점 중 '한식'을 판매·제공하는 매장,train,한식,T2 동의어,01186127-94c8-40c4-8d08-9f84a76c77b0,짱아식당,,다향보성 골목형상점가,골목형상점가,,,,
e7e75ce209648703f9c9,full_annotation_v1,A,q_한식_05,찌개,음식점 중 '한식'을 판매·제공하는 매장,train,한식,T2 동의어,77bf650b-7f72-4011-94d0-cc99f7810310,새벽식당,찌개,용상공설시장,전통시장,경상북도,,,
6010deb70cdde5d0dcd8,full_annotation_v1,A,q_한식_05,찌개,음식점 중 '한식'을 판매·제공하는 매장,train,한식,T2 동의어,db61612a-f748-4200-a484-bfe0aea7e2ca,현유월찌개랑코다리,찌개 코다리,혁신도시5구역골목형상점가,골목형상점가,강원특별자치도,,,
1fee402a79282d8eec8b,full_annotation_v1,A,q_한식_05,찌개,음식점 중 '한식'을 판매·제공하는 매장,train,한식,T2 동의어,05530d0f-82ed-47a1-8015-32b6c30e3752,진수산삼다식품,"젓갈류, 김치, 수산물",동문재래시장,전통시장,제주특별자치도,,,
fb8c7a08de9c7a13fe51,full_annotation_v1,A,q_한식_05,찌개,음식점 중 '한식'을 판매·제공하는 매장,train,한식,T2 동의어,03a6e716-3825-40e3-ba06-e047ee5e5483,부일반찬,김치,초량전통시장,전통시장,부산광역시,,,
52e481b1d3ac13592f7f,full_annotation_v1,A,q_한식_05,찌개,음식점 중 '한식'을 판매·제공하는 매장,train,한식,T2 동의어,3f88d9d9-6eaf-474c-a45b-ffc702a45383,꼬소꼬소,덮밥 찌개,덕정골목형상점가,골목형상점가,경기도,,,
627b109a672d3abf76b2,full_annotation_v1,A,q_한식_05,찌개,음식점 중 '한식'을 판매·제공하는 매장,train,한식,T2 동의어,7cc06bc3-ad82-49ae-a066-5014cd87d63a,천억수제김밥,김밥등,세은 골목형상점가,골목형상점가,광주광역시,,,
70815407adc2a6c73f27,full_annotation_v1,A,q_한식_05,찌개,음식점 중 '한식'을 판매·제공하는 매장,train,한식,T2 동의어,a57f4a23-9bfa-49d3-bbe5-6daec0536cf7,가온산전(주),전기공사,울산산업공구월드,전통시장,울산광역시,,,
c208637dfd0fae520098,full_annotation_v1,A,q_한식_05,찌개,음식점 중 '한식'을 판매·제공하는 매장,train,한식,T2 동의어,5fc02989-3a41-4232-bb27-a8e4b110ca54,찌개만세,한식,갈매광장 골목형상점가,골목형상점가,경기도,,,
549acff61e7ae6100def,full_annotation_v1,A,q_한식_05,찌개,음식점 중 '한식'을 판매·제공하는 매장,train,한식,T2 동의어,594b4dad-db55-42af-9fee-6c8e136e5f54,인생닭볶음탕 찌개,닭볶음탕 찌개,초록거리 골목형상점가,골목형상점가,경기도,,,
dd697fe622e2fb86b8e9,full_annotation_v1,A,q_한식_05,찌개,음식점 중 '한식'을 판매·제공하는 매장,train,한식,T2 동의어,000a95c4-e0a6-4011-86fb-04307bcfae38,황갈비,한식,김천황금시장,전통시장,경상북도,,,
e739a261ec657b0af856,full_annotation_v1,A,q_한식_05,찌개,음식점 중 '한식'을 판매·제공하는 매장,train,한식,T2 동의어,5b0d9ae0-6253-4a47-b5ff-9f3f0f029954,배스킨라빈스 고양향동점,,향동중앙 골목형상점가,골목형상점가,경기도,,,
59e15ca39361d3ddd602,full_annotation_v1,A,q_한식_05,찌개,음식점 중 '한식'을 판매·제공하는 매장,train,한식,T2 동의어,6344917e-87f6-499d-9d4b-c7e4a929cda3,식당입니다,한식 불고기 찌개 등,혁신도시5구역골목형상점가,골목형상점가,강원특별자치도,,,
b94dcf145b15e24dfb19,full_annotation_v1,A,q_한식_05,찌개,음식점 중 '한식'을 판매·제공하는 매장,train,한식,T2 동의어,69889850-ceca-425d-aa85-9d3759e3618b,고모네식당,찌개 라면,전곡중앙상가 골목형상점가,골목형상점가,경기도,,,
d2081a2b5d5d1b77d0e4,full_annotation_v1,A,q_한식_05,찌개,음식점 중 '한식'을 판매·제공하는 매장,train,한식,T2 동의어,94b94173-6509-41b3-a0bb-737d142007f3,멕시카나치킨(진월점),치킨,서문대로663번길 골목형상점가,골목형상점가,광주광역시,,,
dca57fe6022cda84f858,full_annotation_v1,A,q_한식_05,찌개,음식점 중 '한식'을 판매·제공하는 매장,train,한식,T2 동의어,a60f86e6-8491-4b90-9230-5d16fb6fa6a4,찌개주막&이모치킨,찌개비빔밥치킨,우산로 골목형상점가,골목형상점가,광주광역시,,,
51c4077f9471a14b9cd6,full_annotation_v1,A,q_한식_05,찌개,음식점 중 '한식'을 판매·제공하는 매장,train,한식,T2 동의어,0130dbd3-b9ea-43f4-98fd-26d8afd90b78,모래내시장순대,식당,전주모래내시장,전통시장,전북특별자치도,,,
56585be2c8e9d8bb680b,full_annotation_v1,A,q_한식_05,찌개,음식점 중 '한식'을 판매·제공하는 매장,train,한식,T2 동의어,0182c177-fcc7-47b0-8e12-99eb221aff79,시장초장식당,"칼국수, 열무비빔밥, 국, 반찬",경주중앙시장,전통시장,경상북도,,,
c30bb4ceb6178c4983f9,full_annotation_v1,A,q_한식_05,찌개,음식점 중 '한식'을 판매·제공하는 매장,train,한식,T2 동의어,0a3fa9ff-da9d-4f1f-8dc0-a529129cc3c8,주순희찌개마을시골촌 송촌점,찌개,송촌동상점가,자율상권구역,대전광역시,,,
7f80182344034c28f6b1,full_annotation_v1,A,q_한식_05,찌개,음식점 중 '한식'을 판매·제공하는 매장,train,한식,T2 동의어,a8fd1525-090d-46f7-94e5-3929ff82b84e,골목식당,찌개,세은 골목형상점가,골목형상점가,광주광역시,,,
83be1430c66b0380207d,full_annotation_v1,A,q_한식_05,찌개,음식점 중 '한식'을 판매·제공하는 매장,train,한식,T2 동의어,b8d480f4-0f69-47a9-903e-8d1d74e53c57,노선생 전골&부대찌개,전골 볶음 찌개,김포 풍년마을 골목형상점가,골목형상점가,경기도,,,
15b6889fdcbf22bd7290,full_annotation_v1,A,q_한식_05,찌개,음식점 중 '한식'을 판매·제공하는 매장,train,한식,T2 동의어,003003dc-6951-4f07-8cf2-f31334c0b27d,미향반찬,반찬,신안코아,전통시장,경기도,,,
7c74e94b4352e21bc9eb,full_annotation_v1,A,q_한식_05,찌개,음식점 중 '한식'을 판매·제공하는 매장,train,한식,T2 동의어,01cb3652-fa58-417b-a2fd-2aa0a54fae0a,해밍턴 부대찌개 세종다정점,부대찌개한식,다정중앙 골목형상점가,골목형상점가,세종특별자치시,,,
cefde3e9d099bdcc1702,full_annotation_v1,A,q_한식_05,찌개,음식점 중 '한식'을 판매·제공하는 매장,train,한식,T2 동의어,03b84056-803d-4bd8-8a8b-f3d19815797b,땅스부댜찌개,즉석판매찌개,바람골골목형상점가,골목형상점가,충청북도,,,
e218484a7f9af28018c9,full_annotation_v1,A,q_한식_05,찌개,음식점 중 '한식'을 판매·제공하는 매장,train,한식,T2 동의어,95039390-c3dd-4834-8a26-d56bbffc912d,나도김밥,찌개,서구청먹자골목상인회 골목형상점가,골목형상점가,광주광역시,,,
abad9082418e2b8f4b06,full_annotation_v1,A,q_한식_05,찌개,음식점 중 '한식'을 판매·제공하는 매장,train,한식,T2 동의어,f763ce93-1bc7-426a-bb4c-d2026c1e2633,덕희네닭갈비,"닭갈비, 찌개",거북시장,전통시장,인천광역시,,,
57c6528c85d65007518f,full_annotation_v1,A,q_한식_05,찌개,음식점 중 '한식'을 판매·제공하는 매장,train,한식,T2 동의어,00f60c16-d8be-497f-80f2-aab3209a8d0e,포카포카,식당,전남여고후문 골목형상점가,골목형상점가,광주광역시,,,
ec74d5b3715e6fb264ee,full_annotation_v1,A,q_한식_05,찌개,음식점 중 '한식'을 판매·제공하는 매장,train,한식,T2 동의어,fbabbe3b-0492-4656-b65b-531e9aca39d9,찌개마을 502,찌개,안양1번가 상점가,자율상권구역,경기도,,,
caf5e294c23a3115247e,full_annotation_v1,A,q_한식_05,찌개,음식점 중 '한식'을 판매·제공하는 매장,train,한식,T2 동의어,c85e080b-8681-4d25-af54-55c0272a492a,골목집,찌개 조림,덕정골목형상점가,골목형상점가,경기도,,,
e0ddb105fbe41ad5e6d9,full_annotation_v1,A,q_한식_05,찌개,음식점 중 '한식'을 판매·제공하는 매장,train,한식,T2 동의어,40f54027-476d-4bf8-9cf3-340eec01b85a,신호상회,소매업(기타음식료품및일용잡화),일죽시장,전통시장,경기도,,,
a8f3d1d8b882e147bb85,full_annotation_v1,A,q_한식_05,찌개,음식점 중 '한식'을 판매·제공하는 매장,train,한식,T2 동의어,03bba86e-80c4-42b0-8688-a0c912abdb07,돼지고기김치찌개,김치찌개,도담동 골목형상점가,골목형상점가,세종특별자치시,,,
7cc5dbec8d6eab3ebd61,full_annotation_v1,A,q_한식_05,찌개,음식점 중 '한식'을 판매·제공하는 매장,train,한식,T2 동의어,061fc089-3c87-42dd-9ec4-c57cbe739270,한솥도시락 남천점,도시락,464번길 골목형상점가,골목형상점가,부산광역시,,,
a8df0a2b9ac40e42cd39,full_annotation_v1,A,q_한식_05,찌개,음식점 중 '한식'을 판매·제공하는 매장,train,한식,T2 동의어,01465138-3544-40c5-a4db-860c2bb8c959,군산수산물종합센터내)매점,매점,군산수산물종합센터,전통시장,전북특별자치도,,,
7a94eea917b80a90d23f,full_annotation_v1,A,q_한식_05,찌개,음식점 중 '한식'을 판매·제공하는 매장,train,한식,T2 동의어,7dd654f9-7620-45bd-b180-dbd0fc08cef9,토향,찌개 생선조림,구월골목형상점가,골목형상점가,인천광역시,,,
e02ff31a3ff4d7abf631,full_annotation_v1,A,q_한식_05,찌개,음식점 중 '한식'을 판매·제공하는 매장,train,한식,T2 동의어,01830c3a-5f7e-4396-9772-38b51bd90dc0,새로나국밥,국밥 족발 머리고기,무등시장,전통시장,광주광역시,,,
4ed967797ca78d5768c3,full_annotation_v1,A,q_한식_05,찌개,음식점 중 '한식'을 판매·제공하는 매장,train,한식,T2 동의어,006895c5-d037-4e3d-9cfb-6972007a350a,반찬사랑,반찬,오치2동 골목형상점가,골목형상점가,광주광역시,,,
3734f5006ade6a78a200,full_annotation_v1,A,q_한식_05,찌개,음식점 중 '한식'을 판매·제공하는 매장,train,한식,T2 동의어,01bece07-ad04-4afe-b0bd-0a52427295d1,진주식당,,산청시장,전통시장,경상남도,,,
c5990b2c3040c2e61029,full_annotation_v1,A,q_한식_05,찌개,음식점 중 '한식'을 판매·제공하는 매장,train,한식,T2 동의어,30a0bc35-f0d1-4d5d-9826-8d498122538a,밥집,,고창전통시장,전통시장,전북특별자치도,,,
c5d2a2bd8d29d79ab561,full_annotation_v1,A,q_한식_05,찌개,음식점 중 '한식'을 판매·제공하는 매장,train,한식,T2 동의어,00118834-a0f4-4127-ba7d-f7908ced2e1d,골목집,한식,대흥낭만거리 골목형상점가,골목형상점가,대전광역시,,,
9ce630b7da3b21835811,full_annotation_v1,A,q_한식_05,찌개,음식점 중 '한식'을 판매·제공하는 매장,train,한식,T2 동의어,b3ebdcc7-0248-46f6-a77b-ea547943d32e,주희네의정부부대고기 (찌개),부대찌개,갓바위골목형상점가,골목형상점가,강원특별자치도,,,
6bc712d83481813cd3e5,full_annotation_v1,A,q_한식_05,찌개,음식점 중 '한식'을 판매·제공하는 매장,train,한식,T2 동의어,3eacb9b3-eb80-4808-96f6-0ae431d2aed3,밥&찌개,한식,번성 상점가,골목형상점가,경기도,,,
117a9b2050d95009b299,full_annotation_v1,A,q_한식_05,찌개,음식점 중 '한식'을 판매·제공하는 매장,train,한식,T2 동의어,04961d72-f5b3-4605-86f3-8130ded3e312,본도시락성서점,,성서우방 골목형상점가,골목형상점가,대구광역시,,,
e66c09e68e8e956552cf,full_annotation_v1,A,q_한식_05,찌개,음식점 중 '한식'을 판매·제공하는 매장,train,한식,T2 동의어,009ee53b-22c6-434e-bb94-47758d092857,미애네 달달스토어,반찬,송현시장,전통시장,인천광역시,,,
06ecbbd0641f465997a2,full_annotation_v1,A,q_한식_05,찌개,음식점 중 '한식'을 판매·제공하는 매장,train,한식,T2 동의어,52adbbe4-a10c-4b73-ab14-b4714682f226,배부장찌개 계림점,찌개,옛 경양방죽 골목형상점가,골목형상점가,광주광역시,,,
b9260672428dd4d77d9d,full_annotation_v1,A,q_한식_05,찌개,음식점 중 '한식'을 판매·제공하는 매장,train,한식,T2 동의어,4f93282e-bcac-4301-bbd2-707c19a371db,찌개랑고기랑,찌개 고기,부평깡시장,전통시장,인천광역시,,,
e83bf9093cdff2fe084f,full_annotation_v1,A,q_한식_05,찌개,음식점 중 '한식'을 판매·제공하는 매장,train,한식,T2 동의어,aa20d098-a6db-4851-b756-52844b68719b,고대왕빈대떡,전 찌개 볶음 주류,고대 골목형상점가,골목형상점가,서울특별시,,,
821cab36b81b6cf238cf,full_annotation_v1,A,q_한식_05,찌개,음식점 중 '한식'을 판매·제공하는 매장,train,한식,T2 동의어,59d9a4c2-908a-4776-bd40-19f753426bd4,백반&찌개,한식,영동전통시장,전통시장,충청북도,,,
4ceabcdf40fd9344add5,full_annotation_v1,A,q_한식_05,찌개,음식점 중 '한식'을 판매·제공하는 매장,train,한식,T2 동의어,714f7b99-ea2b-47b6-915d-7184cfcc4f11,배부장찌개,찌개,더테라스골목형상점가,골목형상점가,인천광역시,,,
4058c51c07424a3087d5,full_annotation_v1,A,q_한식_05,찌개,음식점 중 '한식'을 판매·제공하는 매장,train,한식,T2 동의어,438be9b3-99a4-40c1-96fc-d84ef9ed3a5a,이디야 포천송우리중앙점,,포천솔리단길 골목형상점가,골목형상점가,경기도,,,
e9357b967fbc0e79879f,full_annotation_v1,A,q_한식_05,찌개,음식점 중 '한식'을 판매·제공하는 매장,train,한식,T2 동의어,25d8323e-bf6a-484a-8996-ebb97b938155,OK스시,초밥집,대림시장,전통시장,서울특별시,,,
ff7526c5075699a4fe51,full_annotation_v1,A,q_한식_05,찌개,음식점 중 '한식'을 판매·제공하는 매장,train,한식,T2 동의어,0fcb1548-8eb2-40fe-918c-4c9f431ea29d,찌개달인,한식,묵동도깨비시장골목형상점가,골목형상점가,서울특별시,,,
faa3de3c5ce69703c0b0,full_annotation_v1,A,q_한식_05,찌개,음식점 중 '한식'을 판매·제공하는 매장,train,한식,T2 동의어,01f160fc-531c-4191-aa22-453462e0f38a,천년,김치,오정동상점가,자율상권구역,대전광역시,,,
ce769020c49524eadcb1,full_annotation_v1,A,q_한식_05,찌개,음식점 중 '한식'을 판매·제공하는 매장,train,한식,T2 동의어,31a675ed-383d-4278-97c8-5949eb3fc747,우동김밥집,,비카인드 자율상권구역,,경상북도,,,
4a32cb2f73fe958ed05c,full_annotation_v1,A,q_한식_05,찌개,음식점 중 '한식'을 판매·제공하는 매장,train,한식,T2 동의어,b67aadb8-053d-4ca6-a043-6342ede0a9c2,땅스부대찌개 괴정시장점,반찬 찌개,괴정골목시장,전통시장,부산광역시,,,
cdb5c5326c1415bbc454,full_annotation_v1,A,q_한식_05,찌개,음식점 중 '한식'을 판매·제공하는 매장,train,한식,T2 동의어,4c54ca22-0b8f-4c48-855d-f0cbc64d7289,정성가득 찌개공방,찌개,구봉산길 골목형상점가,골목형상점가,대전광역시,,,
ff987ac7a3be08bd8234,full_annotation_v1,A,q_한식_05,찌개,음식점 중 '한식'을 판매·제공하는 매장,train,한식,T2 동의어,312519f4-50e9-40c5-a47c-a7b3580483d9,보성녹돈돼지찌게전문점,찌개,지범골목먹거리타운 골목형상점가,골목형상점가,대구광역시,,,
297ae7a42bc1b7118df9,full_annotation_v1,A,q_한식_05,찌개,음식점 중 '한식'을 판매·제공하는 매장,train,한식,T2 동의어,ca9f5b66-9459-4889-86fc-4ba0b7ff9513,수락산명동찌게마을,찌개,수락산디자인거리 골목형상점가,골목형상점가,서울특별시,,,
d14890fea6a172422f6f,full_annotation_v1,A,q_한식_05,찌개,음식점 중 '한식'을 판매·제공하는 매장,train,한식,T2 동의어,9adde5d0-1fc4-45d9-83e4-ba682b0adf80,광화문,찌개,혁신도시6구역골목형상점가,골목형상점가,강원특별자치도,,,
386f711a6a40edc2a6fd,full_annotation_v1,A,q_한식_05,찌개,음식점 중 '한식'을 판매·제공하는 매장,train,한식,T2 동의어,950614b6-06f9-4524-9ae3-036eddcd48d2,모녀네즉석김,구이김,천안중앙시장,전통시장,충청남도,,,
97ed0f650e22121c3c78,full_annotation_v1,A,q_한식_05,찌개,음식점 중 '한식'을 판매·제공하는 매장,train,한식,T2 동의어,0111a38b-8df8-43ae-9c16-778c27352864,본도시락,도시락,배방월천 골목형상점가,골목형상점가,충청남도,,,
e95114a865bd3f8b3824,full_annotation_v1,A,q_한식_05,찌개,음식점 중 '한식'을 판매·제공하는 매장,train,한식,T2 동의어,01b7e8c6-feb8-4cff-a63e-2376ae18dd41,원조생굴뚝배기,국밥,고령대가야시장,전통시장,경상북도,,,
08a245407ffb00d50765,full_annotation_v1,A,q_한식_05,찌개,음식점 중 '한식'을 판매·제공하는 매장,train,한식,T2 동의어,3a01f3d5-970b-409b-91e5-c0b09bf66a58,투가리,찌개 한식,낙낙별길골목형상점가,골목형상점가,서울특별시,,,
f1320ba4bf5844db1c17,full_annotation_v1,A,q_한식_05,찌개,음식점 중 '한식'을 판매·제공하는 매장,train,한식,T2 동의어,6a3b6567-bea5-429e-9956-800d998ac07f,등촌샤브칼국수 수유점,한식,수유역골목형상점가,골목형상점가,서울특별시,,,
e7cc0ba41b6e7a6ddff7,full_annotation_v1,A,q_한식_05,찌개,음식점 중 '한식'을 판매·제공하는 매장,train,한식,T2 동의어,01286ec0-50e0-4540-b678-ec706fb3bcbb,설곰식당,식당,산업용재관,전통시장,대구광역시,,,
99ea57d3f6d6b1154088,full_annotation_v1,A,q_한식_05,찌개,음식점 중 '한식'을 판매·제공하는 매장,train,한식,T2 동의어,1ea967de-c632-4ccd-8f20-5eaf239f2986,영하디지털oa,사무기기,울산산업공구월드,전통시장,울산광역시,,,
ae5103c0668fd6341d3f,full_annotation_v1,A,q_한식_05,찌개,음식점 중 '한식'을 판매·제공하는 매장,train,한식,T2 동의어,f2810ba0-e31f-4de1-af1a-1512d6bed7d7,늘봄식당,조림 찌개,덕정골목형상점가,골목형상점가,경기도,,,
d1488df9188b8510338d,full_annotation_v1,A,q_한식_05,찌개,음식점 중 '한식'을 판매·제공하는 매장,train,한식,T2 동의어,5273dbb4-5c48-442f-80d8-cd59ff0e4bff,스프링 비스트로,피자,합정동먹자골목골목형상점가,골목형상점가,서울특별시,,,
87ddd7eea3ae16f50929,full_annotation_v1,A,q_한식_05,찌개,음식점 중 '한식'을 판매·제공하는 매장,train,한식,T2 동의어,c574fd4e-d822-4ca1-a2bf-b261d44aeefd,땅스부대찌개통복시장점,찌개,평택통복시장,전통시장,경기도,,,
3ec321a7153e21bafb6b,full_annotation_v1,A,q_한식_05,찌개,음식점 중 '한식'을 판매·제공하는 매장,train,한식,T2 동의어,001053bb-9a4d-431c-8073-f2204c857265,유달식당,한식,노량진수산시장골목형상점가,골목형상점가,서울특별시,,,
21d3ef66b26ccca7dd9d,full_annotation_v1,A,q_한식_05,찌개,음식점 중 '한식'을 판매·제공하는 매장,train,한식,T2 동의어,d6b579b2-ef72-4646-8ac8-e486963fe123,명동농수산물,김치,녹동전통시장,전통시장,전라남도,,,
72c56bbca49ce8df605c,full_annotation_v1,A,q_한식_06,한식집,음식점 중 '한식'을 판매·제공하는 매장,train,한식,T2 동의어,01e8dcda-39f2-4df9-a2e4-2e63e8a9f480,두꺼비부대찌개,부대찌개,신중동문화거리상점가,자율상권구역,경기도,,,
7a2b8d328217557881a2,full_annotation_v1,A,q_한식_06,한식집,음식점 중 '한식'을 판매·제공하는 매장,train,한식,T2 동의어,4b1754e2-9036-4c81-87c3-a245c39da32d,종가방앗간,곡류가공,상주남성시장,전통시장,경상북도,,,
f525df4301b57079fc7f,full_annotation_v1,A,q_한식_06,한식집,음식점 중 '한식'을 판매·제공하는 매장,train,한식,T2 동의어,cf7eab5d-a1bb-41b2-bcec-517fa4e2a887,굣간,한식,대흥동 특화거리 상점가,자율상권구역,대전광역시,,,
ff36c44a8fc052eb3ebb,full_annotation_v1,A,q_한식_06,한식집,음식점 중 '한식'을 판매·제공하는 매장,train,한식,T2 동의어,00066748-bce9-4daa-b881-7902dad46f14,하단맛집,한식,하단자율상권구역,,부산광역시,,,
e30b9b7ad9c1770bb0a6,full_annotation_v1,A,q_한식_06,한식집,음식점 중 '한식'을 판매·제공하는 매장,train,한식,T2 동의어,25d8323e-bf6a-484a-8996-ebb97b938155,OK스시,초밥집,대림시장,전통시장,서울특별시,,,
973c8754ce6600faf497,full_annotation_v1,A,q_한식_06,한식집,음식점 중 '한식'을 판매·제공하는 매장,train,한식,T2 동의어,d0a3e8c9-abec-4077-bc28-35605cce5d3e,분식집,한식,방천시장,전통시장,대구광역시,,,
5feb0673f7a1514153bc,full_annotation_v1,A,q_한식_06,한식집,음식점 중 '한식'을 판매·제공하는 매장,train,한식,T2 동의어,000a95c4-e0a6-4011-86fb-04307bcfae38,황갈비,한식,김천황금시장,전통시장,경상북도,,,
a9e867d450c476aa4b5d,full_annotation_v1,A,q_한식_06,한식집,음식점 중 '한식'을 판매·제공하는 매장,train,한식,T2 동의어,9ce159ec-6c17-43eb-aa8d-37b756e1819f,다원대중사우나,사우나,과천중앙동상점가,자율상권구역,경기도,,,
7ceb579f05749805c0a8,full_annotation_v1,A,q_한식_06,한식집,음식점 중 '한식'을 판매·제공하는 매장,train,한식,T2 동의어,05530d0f-82ed-47a1-8015-32b6c30e3752,진수산삼다식품,"젓갈류, 김치, 수산물",동문재래시장,전통시장,제주특별자치도,,,
497a65906103f5ee6d5b,full_annotation_v1,A,q_한식_06,한식집,음식점 중 '한식'을 판매·제공하는 매장,train,한식,T2 동의어,01b7e8c6-feb8-4cff-a63e-2376ae18dd41,원조생굴뚝배기,국밥,고령대가야시장,전통시장,경상북도,,,
b1f0664398989d90d480,full_annotation_v1,A,q_한식_06,한식집,음식점 중 '한식'을 판매·제공하는 매장,train,한식,T2 동의어,00118834-a0f4-4127-ba7d-f7908ced2e1d,골목집,한식,대흥낭만거리 골목형상점가,골목형상점가,대전광역시,,,
82623c673a75955bfd5c,full_annotation_v1,A,q_한식_06,한식집,음식점 중 '한식'을 판매·제공하는 매장,train,한식,T2 동의어,ca51ce69-0d20-47e5-8b94-d4d1cc4a2918,하녹집,한식,신창 골목형상점가,골목형상점가,광주광역시,,,
d186618c7809056defe2,full_annotation_v1,A,q_한식_06,한식집,음식점 중 '한식'을 판매·제공하는 매장,train,한식,T2 동의어,001053bb-9a4d-431c-8073-f2204c857265,유달식당,한식,노량진수산시장골목형상점가,골목형상점가,서울특별시,,,
f82c406dc928a73f917b,full_annotation_v1,A,q_한식_06,한식집,음식점 중 '한식'을 판매·제공하는 매장,train,한식,T2 동의어,51583374-29aa-46a4-8c4c-0684de4d6cf6,봉봉씨의 유쾌한 김밥집,,솔매사랑길 골목형상점가,골목형상점가,서울특별시,,,
7e30c71e0c9f4c144c65,full_annotation_v1,A,q_한식_06,한식집,음식점 중 '한식'을 판매·제공하는 매장,train,한식,T2 동의어,03b84056-803d-4bd8-8a8b-f3d19815797b,땅스부댜찌개,즉석판매찌개,바람골골목형상점가,골목형상점가,충청북도,,,
55249678714c16cad388,full_annotation_v1,A,q_한식_06,한식집,음식점 중 '한식'을 판매·제공하는 매장,train,한식,T2 동의어,01bece07-ad04-4afe-b0bd-0a52427295d1,진주식당,,산청시장,전통시장,경상남도,,,
5c51db933c24e7d37c63,full_annotation_v1,A,q_한식_06,한식집,음식점 중 '한식'을 판매·제공하는 매장,train,한식,T2 동의어,01465138-3544-40c5-a4db-860c2bb8c959,군산수산물종합센터내)매점,매점,군산수산물종합센터,전통시장,전북특별자치도,,,
984f9d01d79b95ac8473,full_annotation_v1,A,q_한식_06,한식집,음식점 중 '한식'을 판매·제공하는 매장,train,한식,T2 동의어,b0525944-c980-4d0b-804b-de8c397c6ab5,진시황,중식집,담양중앙2번가 골목형상점가,골목형상점가,전라남도,,,
74d55040985c783b3bac,full_annotation_v1,A,q_한식_06,한식집,음식점 중 '한식'을 판매·제공하는 매장,train,한식,T2 동의어,93421838-6964-49c2-8723-8017fca415ab,맛있는 분식집,,구리전통시장,전통시장,경기도,,,
b087f02eba3154ba7904,full_annotation_v1,A,q_한식_06,한식집,음식점 중 '한식'을 판매·제공하는 매장,train,한식,T2 동의어,63fe5f1d-f6c6-49f8-82f9-f78f61dad67f,간식집,한식,공주산성시장,전통시장,충청남도,,,
751fe8b7a11f66a59b54,full_annotation_v1,A,q_한식_06,한식집,음식점 중 '한식'을 판매·제공하는 매장,train,한식,T2 동의어,006895c5-d037-4e3d-9cfb-6972007a350a,반찬사랑,반찬,오치2동 골목형상점가,골목형상점가,광주광역시,,,
a125cefc8aa0b7cca737,full_annotation_v1,A,q_한식_06,한식집,음식점 중 '한식'을 판매·제공하는 매장,train,한식,T2 동의어,0130dbd3-b9ea-43f4-98fd-26d8afd90b78,모래내시장순대,식당,전주모래내시장,전통시장,전북특별자치도,,,
396d0486bf85ae1e2fbb,full_annotation_v1,A,q_한식_06,한식집,음식점 중 '한식'을 판매·제공하는 매장,train,한식,T2 동의어,6aab171f-5f80-4e23-8163-9c962ae97fd8,꼬집,한식,다산역 로데오 상점가,자율상권구역,경기도,,,
528636fd0a8edcb85f93,full_annotation_v1,A,q_한식_06,한식집,음식점 중 '한식'을 판매·제공하는 매장,train,한식,T2 동의어,81988ddf-68fb-4d6a-86aa-19de639746dc,유한회사 딜쉐이커카페,커피,혁신도시2구역골목형상점가,골목형상점가,강원특별자치도,,,
7884ba5454aac0a62c40,full_annotation_v1,A,q_한식_06,한식집,음식점 중 '한식'을 판매·제공하는 매장,train,한식,T2 동의어,ad93d088-08ca-423b-bd01-ae0ff7c1f9c8,우녁집,한식,이중섭거리 명동로상가,골목형상점가,제주특별자치도,,,
b0a19d1ef69d9fcb861d,full_annotation_v1,A,q_한식_06,한식집,음식점 중 '한식'을 판매·제공하는 매장,train,한식,T2 동의어,03a6e716-3825-40e3-ba06-e047ee5e5483,부일반찬,김치,초량전통시장,전통시장,부산광역시,,,
8065cf9f49a1d8e64bba,full_annotation_v1,A,q_한식_06,한식집,음식점 중 '한식'을 판매·제공하는 매장,train,한식,T2 동의어,01b06c58-1a16-4bd9-81a5-ad284e01da10,신바람국밥,,운암대자골 골목형상점가,골목형상점가,,,,
b4a811b77db87f6f3dbe,full_annotation_v1,A,q_한식_06,한식집,음식점 중 '한식'을 판매·제공하는 매장,train,한식,T2 동의어,d25f2345-5d48-473b-b2f6-95d75cb6ef5d,미소,의류,마산 부림지하상가시장,일반지하상점가,경상남도,,,
ef2456b66d4ba34cf770,full_annotation_v1,A,q_한식_06,한식집,음식점 중 '한식'을 판매·제공하는 매장,train,한식,T2 동의어,686a8edc-c7a0-41ef-a45c-22e374528127,바다집,한식,신창상가,전통시장,부산광역시,,,
ea72cb48a73760bf8eaf,full_annotation_v1,A,q_한식_06,한식집,음식점 중 '한식'을 판매·제공하는 매장,train,한식,T2 동의어,32c2a844-db69-437c-b05b-14a8f088d5e6,월곡분식집,분식,월곡시장,전통시장,광주광역시,,,
9773dd558eb269617c1e,full_annotation_v1,A,q_한식_06,한식집,음식점 중 '한식'을 판매·제공하는 매장,train,한식,T2 동의어,1af864e9-af69-4ee2-88ae-f8228ee0c0b5,고롭,한식,봉곡우전로 골목형상점가,골목형상점가,전북특별자치도,,,
5d5136fa35aaaec8a602,full_annotation_v1,A,q_한식_06,한식집,음식점 중 '한식'을 판매·제공하는 매장,train,한식,T2 동의어,25e17541-8ea1-4716-a373-a5cc54844c71,청년다방연제점,분식집,연제동 골목형상점가,골목형상점가,광주광역시,,,
b5e33438ac0fc7e5d16a,full_annotation_v1,A,q_한식_06,한식집,음식점 중 '한식'을 판매·제공하는 매장,train,한식,T2 동의어,ce6383bf-245b-4c7a-a306-d55f2efffd42,그녀의커피잔32,커피및디저트,젊음의거리 상점가,자율상권구역,울산광역시,,,
8c46ba035e3cd1edecbc,full_annotation_v1,A,q_한식_06,한식집,음식점 중 '한식'을 판매·제공하는 매장,train,한식,T2 동의어,5e93a6ca-95dc-4686-862a-cdb9364d8073,한식집(구)숟가락젓가락,한식,경주중심상가,전통시장,경상북도,,,
703d93331550d40f12be,full_annotation_v1,A,q_한식_06,한식집,음식점 중 '한식'을 판매·제공하는 매장,train,한식,T2 동의어,003003dc-6951-4f07-8cf2-f31334c0b27d,미향반찬,반찬,신안코아,전통시장,경기도,,,
c2890187db2cd2af24a8,full_annotation_v1,A,q_한식_06,한식집,음식점 중 '한식'을 판매·제공하는 매장,train,한식,T2 동의어,39a9260d-516a-40e1-acf7-d8223239db38,개발소,반려동물미용,월드상가골목형상점가,골목형상점가,인천광역시,,,
0cd84ed50a27082f0251,full_annotation_v1,A,q_한식_06,한식집,음식점 중 '한식'을 판매·제공하는 매장,train,한식,T2 동의어,f2308484-80cf-45ec-92be-990bcc5a317f,양식집,파스타 돈까스,행복 북문대로2 골목형상점가,골목형상점가,광주광역시,,,
f37689403cead8a53e00,full_annotation_v1,A,q_한식_06,한식집,음식점 중 '한식'을 판매·제공하는 매장,train,한식,T2 동의어,0182c177-fcc7-47b0-8e12-99eb221aff79,시장초장식당,"칼국수, 열무비빔밥, 국, 반찬",경주중앙시장,전통시장,경상북도,,,
995e2482f6d1cbae431d,full_annotation_v1,A,q_한식_06,한식집,음식점 중 '한식'을 판매·제공하는 매장,train,한식,T2 동의어,52e1d3ae-ce46-479e-aaac-8fb2c604fc8d,로다운컵,커피,춘천 원도심 상권활성화,상권활성화구역,강원특별자치도,,,
08a1aca46d4b9266d054,full_annotation_v1,A,q_한식_06,한식집,음식점 중 '한식'을 판매·제공하는 매장,train,한식,T2 동의어,a7668254-80a7-4e94-a98b-00eb57b83320,물음표분식집,분식,용현시장,전통시장,인천광역시,,,
750a3a9dd3b0314fc86a,full_annotation_v1,A,q_한식_06,한식집,음식점 중 '한식'을 판매·제공하는 매장,train,한식,T2 동의어,e48a75f3-2b1a-476e-80e3-f3dda7bbd939,블라 BLA,양식,공릉구길골목형상점가,골목형상점가,서울특별시,,,
b543d3820af972213fa9,full_annotation_v1,A,q_한식_06,한식집,음식점 중 '한식'을 판매·제공하는 매장,train,한식,T2 동의어,01286ec0-50e0-4540-b678-ec706fb3bcbb,설곰식당,식당,산업용재관,전통시장,대구광역시,,,
7a67617e11ee25b18618,full_annotation_v1,A,q_한식_06,한식집,음식점 중 '한식'을 판매·제공하는 매장,train,한식,T2 동의어,01c857cd-3f28-4d83-8fa4-e0abcfb44fbd,수연국밥,국밥,두암사거리 골목형상점가,골목형상점가,광주광역시,,,
ea195bda47819a1eac1b,full_annotation_v1,A,q_한식_06,한식집,음식점 중 '한식'을 판매·제공하는 매장,train,한식,T2 동의어,010b729e-dfdc-4b2c-ac41-376db70ef2c0,우여사애찬방,반찬,안동광석거리 골목형상점가,골목형상점가,경상북도,,,
3ce30ef518eaefcb5503,full_annotation_v1,A,q_한식_06,한식집,음식점 중 '한식'을 판매·제공하는 매장,train,한식,T2 동의어,26a745b0-dfd2-4493-a825-6a7c0c13ef9b,몽스피자광주북구점,피자,서방골 골목형상점가,골목형상점가,광주광역시,,,
e87f4651cf580fd7b3b8,full_annotation_v1,A,q_한식_06,한식집,음식점 중 '한식'을 판매·제공하는 매장,train,한식,T2 동의어,0ad6b1c3-201a-48a3-ad94-b091259a89fa,한식명가,한식,부리단길 골목형상점가,골목형상점가,부산광역시,,,
4d137438e541c8d96d1e,full_annotation_v1,A,q_한식_06,한식집,음식점 중 '한식'을 판매·제공하는 매장,train,한식,T2 동의어,31352899-476e-40d0-994e-7934c7057e6e,백근집,한식,하가지구 골목형상점가,골목형상점가,전북특별자치도,,,
18f736f859a5e2457152,full_annotation_v1,A,q_한식_06,한식집,음식점 중 '한식'을 판매·제공하는 매장,train,한식,T2 동의어,5d527e89-64f4-454f-912b-a6808ac7164b,돌섬횟집,한식,마산어시장,전통시장,경상남도,,,
77975aa8008486b2488c,full_annotation_v1,A,q_한식_06,한식집,음식점 중 '한식'을 판매·제공하는 매장,train,한식,T2 동의어,b96a3e14-b352-4936-b6c8-c30169fec54f,동미네 분식집,분식,광탄전통시장,전통시장,경기도,,,
c0bd6aa9d68a2258fde3,full_annotation_v1,A,q_한식_06,한식집,음식점 중 '한식'을 판매·제공하는 매장,train,한식,T2 동의어,8d92eb3f-9783-432a-b33c-f7f1df9c674f,쓰리에스피시카페(3S PC CAFE),인터넷 PC방,녹두S밸리골목형상점가,골목형상점가,서울특별시,,,
38dee912399d23d29318,full_annotation_v1,A,q_한식_06,한식집,음식점 중 '한식'을 판매·제공하는 매장,train,한식,T2 동의어,9520aa6a-89a5-432d-802c-88d01797ffcb,엄마손분식,분식집,송강동 골목형상점가,골목형상점가,대전광역시,,,
9fe1b6c4971cd68ae244,full_annotation_v1,A,q_한식_06,한식집,음식점 중 '한식'을 판매·제공하는 매장,train,한식,T2 동의어,0d501d99-ba39-428a-a691-db177f93d3f5,취암집,한식,논산화지중앙시장,전통시장,충청남도,,,
d9c1f4bc9a11d30d0795,full_annotation_v1,A,q_한식_06,한식집,음식점 중 '한식'을 판매·제공하는 매장,train,한식,T2 동의어,c973dd0b-bfa9-49e0-be9d-c3adb5e7b9c6,육꼬집,한식,수문통 골목형상점가,골목형상점가,인천광역시,,,
49328b1304da76aea6d8,full_annotation_v1,A,q_한식_06,한식집,음식점 중 '한식'을 판매·제공하는 매장,train,한식,T2 동의어,66e4f4b3-410f-417b-b7a6-36b5c3f4b4a6,깃발,한식,오류전통시장(오류빤짝시장),전통시장,대전광역시,,,
4ff00d63a44e27fcf29f,full_annotation_v1,A,q_한식_06,한식집,음식점 중 '한식'을 판매·제공하는 매장,train,한식,T2 동의어,0ca7b056-fbc8-49cf-9e4d-dd738c848ea1,똔꼬집,한식,금호1동상가번영회 골목형상점가,골목형상점가,광주광역시,,,
84a38f271291e1166d13,full_annotation_v1,A,q_한식_06,한식집,음식점 중 '한식'을 판매·제공하는 매장,train,한식,T2 동의어,8cdd9fc6-51be-4eab-ac85-c014f234ba18,김뽁김뽁,한식,청림로드골목형상점가,골목형상점가,서울특별시,,,
6d6a548c00c74fab3e7f,full_annotation_v1,A,q_한식_06,한식집,음식점 중 '한식'을 판매·제공하는 매장,train,한식,T2 동의어,01b4b567-78d4-4fa1-9bff-25fd01fb1a4c,소문난김치집,김치,중앙먹거리 상인회 골목형상점가,골목형상점가,전라남도,,,
4f9789139c626d45cf6e,full_annotation_v1,A,q_한식_06,한식집,음식점 중 '한식'을 판매·제공하는 매장,train,한식,T2 동의어,da957c21-198e-464c-b93e-fab0ba1cefd0,새벽김밥,김밥,가수원상점가,자율상권구역,대전광역시,,,
451361b2e1146c7d3866,full_annotation_v1,A,q_한식_06,한식집,음식점 중 '한식'을 판매·제공하는 매장,train,한식,T2 동의어,009ee53b-22c6-434e-bb94-47758d092857,미애네 달달스토어,반찬,송현시장,전통시장,인천광역시,,,
e35858d739646e1fc12a,full_annotation_v1,A,q_한식_06,한식집,음식점 중 '한식'을 판매·제공하는 매장,train,한식,T2 동의어,00f60c16-d8be-497f-80f2-aab3209a8d0e,포카포카,식당,전남여고후문 골목형상점가,골목형상점가,광주광역시,,,
ef3ffa70b833aa6f6019,full_annotation_v1,A,q_한식_06,한식집,음식점 중 '한식'을 판매·제공하는 매장,train,한식,T2 동의어,2c7c4299-c491-4d13-9eed-2aa81849c10f,청춘집,한식,맹동혁신골목형상점가,골목형상점가,충청북도,,,
eee846441df51123a5b0,full_annotation_v1,A,q_한식_06,한식집,음식점 중 '한식'을 판매·제공하는 매장,train,한식,T2 동의어,688c1023-47ac-4902-8bf7-373e1488ef9c,옴팡집,한식,양산 남부시장,전통시장,경상남도,,,
f2c00198815db28540d0,full_annotation_v1,A,q_한식_06,한식집,음식점 중 '한식'을 판매·제공하는 매장,train,한식,T2 동의어,3a4dfa34-6583-4583-85c6-3dfdf931505d,만땅집,한식,지범골목먹거리타운 골목형상점가,골목형상점가,대구광역시,,,
88d25767f081f511542c,full_annotation_v1,A,q_한식_06,한식집,음식점 중 '한식'을 판매·제공하는 매장,train,한식,T2 동의어,f9054b53-2ad3-4a07-a86c-18570255c1e2,장터집,한식,양평물맑은시장,전통시장,경기도,,,
f02e76333f4218bc304c,full_annotation_v1,A,q_한식_06,한식집,음식점 중 '한식'을 판매·제공하는 매장,train,한식,T2 동의어,2c548bee-4681-4741-a218-f4284e79a9ea,제령집,한식,삼양시장골목형상점가,골목형상점가,서울특별시,,,
28454280603862a39148,full_annotation_v1,A,q_한식_06,한식집,음식점 중 '한식'을 판매·제공하는 매장,train,한식,T2 동의어,001a2d82-c062-406b-b63c-9a8f8a4c86fa,열린부뚜막협동조합,"한식뷔페, 도시락, 케이터링, 요리강좌, 창업컨설팅, 행사기획",슬기로운 지족역 골목형상점가,골목형상점가,대전광역시,,,
f8b780be6e6e224ebe4a,full_annotation_v1,A,q_한식_06,한식집,음식점 중 '한식'을 판매·제공하는 매장,train,한식,T2 동의어,0a1e5f72-2ca5-49d3-9483-b71bd74c9f9b,점심엔 상무밥집24시,,상무연하상인회 골목형상점가,골목형상점가,광주광역시,,,
8861e4e076634e54afc2,full_annotation_v1,A,q_한식_06,한식집,음식점 중 '한식'을 판매·제공하는 매장,train,한식,T2 동의어,c95bcaf2-4b74-4828-a1b7-7537568c6af9,뜻밖,한식,탕정미래 골목형상점가,골목형상점가,충청남도,,,
c0ae46191c528622a634,full_annotation_v1,A,q_한식_06,한식집,음식점 중 '한식'을 판매·제공하는 매장,train,한식,T2 동의어,769c42de-80d5-487f-9344-fd092ace837b,오얏,한식,아시아음식문화거리 골목형상점가,골목형상점가,광주광역시,,,
7ef1bd00639bd2fa412e,full_annotation_v1,A,q_한식_06,한식집,음식점 중 '한식'을 판매·제공하는 매장,train,한식,T2 동의어,01f160fc-531c-4191-aa22-453462e0f38a,천년,김치,오정동상점가,자율상권구역,대전광역시,,,
673303091c5de1b57e26,full_annotation_v1,A,q_한식_06,한식집,음식점 중 '한식'을 판매·제공하는 매장,train,한식,T2 동의어,01830c3a-5f7e-4396-9772-38b51bd90dc0,새로나국밥,국밥 족발 머리고기,무등시장,전통시장,광주광역시,,,
b8816efc794c9e69a77d,full_annotation_v1,A,q_한식_06,한식집,음식점 중 '한식'을 판매·제공하는 매장,train,한식,T2 동의어,31a675ed-383d-4278-97c8-5949eb3fc747,우동김밥집,,비카인드 자율상권구역,,경상북도,,,
157d95445be4ad287dd0,full_annotation_v1,A,q_한식_06,한식집,음식점 중 '한식'을 판매·제공하는 매장,train,한식,T2 동의어,04961d72-f5b3-4605-86f3-8130ded3e312,본도시락성서점,,성서우방 골목형상점가,골목형상점가,대구광역시,,,
915c2201c0fd9ef4098a,full_annotation_v1,A,q_한식_06,한식집,음식점 중 '한식'을 판매·제공하는 매장,train,한식,T2 동의어,22363f23-4dea-4087-8e35-3b99a841a09b,헤어뉴스,미용실,단양구경시장(단양인정시장),전통시장,충청북도,,,
90d21462b15b081c4f39,full_annotation_v1,A,q_한식_06,한식집,음식점 중 '한식'을 판매·제공하는 매장,train,한식,T2 동의어,ab08e689-f974-4af6-b4b1-e130bd0b2794,가락지,주얼리,매봉 골목형상점가,골목형상점가,광주광역시,,,
204b3f26be715a56a248,full_annotation_v1,A,q_한식_06,한식집,음식점 중 '한식'을 판매·제공하는 매장,train,한식,T2 동의어,03bba86e-80c4-42b0-8688-a0c912abdb07,돼지고기김치찌개,김치찌개,도담동 골목형상점가,골목형상점가,세종특별자치시,,,
6ab13db0b5af2ccfeca2,full_annotation_v1,A,q_한식_06,한식집,음식점 중 '한식'을 판매·제공하는 매장,train,한식,T2 동의어,52c60fe4-cd4b-457c-b002-7f8a5ef71d13,홍애집,한식,쌍촌명지상인회 골목형상점가,골목형상점가,광주광역시,,,
41135c4fd531c8bc7109,full_annotation_v1,A,q_한식_06,한식집,음식점 중 '한식'을 판매·제공하는 매장,train,한식,T2 동의어,8b5524e4-1f35-4838-ad8e-b8ff0ce897d6,돗집,한식,천지동 아랑조을거리,골목형상점가,제주특별자치도,,,
cf39fa4ec66da322e2fb,full_annotation_v1,A,q_한식_06,한식집,음식점 중 '한식'을 판매·제공하는 매장,train,한식,T2 동의어,9da3903c-ad7e-4b35-a09a-ca470c544380,장각집,한식,원마루시장,전통시장,충청북도,,,
8f39ec84f55d0b594ace,full_annotation_v1,A,q_한식_06,한식집,음식점 중 '한식'을 판매·제공하는 매장,train,한식,T2 동의어,030bc960-9493-4dd5-93ea-5b56023601af,왕돼지 김치찌개,김치찌개,쌍정 골목형상점가,골목형상점가,전라남도,,,
906b764a6273f5f5d445,full_annotation_v1,A,q_한식_06,한식집,음식점 중 '한식'을 판매·제공하는 매장,train,한식,T2 동의어,e3e7c4cc-3bba-4382-a26c-104492eebe63,금자시대,한식 돼지불백,혁신도시2구역골목형상점가,골목형상점가,강원특별자치도,,,
6df19fd92b94755b93f0,full_annotation_v1,A,q_한식_06,한식집,음식점 중 '한식'을 판매·제공하는 매장,train,한식,T2 동의어,c6291e67-6095-43a0-9e1e-cb917f6390e7,영세집,한식,주문진건어물시장,전통시장,강원특별자치도,,,
26efc5af8b8fcb4e02a7,full_annotation_v1,A,q_한식_06,한식집,음식점 중 '한식'을 판매·제공하는 매장,train,한식,T2 동의어,0239c4e7-2ae3-4f29-8952-19c6d9d1d9a9,세번째집,순대국밥,성환이화시장,전통시장,충청남도,,,
e7ad3adc0d61f961250d,full_annotation_v1,A,q_한식_06,한식집,음식점 중 '한식'을 판매·제공하는 매장,train,한식,T2 동의어,01186127-94c8-40c4-8d08-9f84a76c77b0,짱아식당,,다향보성 골목형상점가,골목형상점가,,,,
7ce7e8ac1bd2755da47f,full_annotation_v1,A,q_한식_06,한식집,음식점 중 '한식'을 판매·제공하는 매장,train,한식,T2 동의어,0863b60f-7f58-4d1a-8541-b012e0e6493f,연하집,한식,영월중앙시장,자율상권구역,강원특별자치도,,,
e616fbab705aba90fc01,full_annotation_v1,A,q_한식_06,한식집,음식점 중 '한식'을 판매·제공하는 매장,train,한식,T2 동의어,0741bfd3-b940-4386-9f39-8dd006d28352,한솥도시락 부천시청점,도시락,길주로 골목형상점가,골목형상점가,경기도,,,
3e09352fdfbf14173a32,full_annotation_v1,A,q_한식_06,한식집,음식점 중 '한식'을 판매·제공하는 매장,train,한식,T2 동의어,30a0bc35-f0d1-4d5d-9826-8d498122538a,밥집,,고창전통시장,전통시장,전북특별자치도,,,
6005b547351b42bee2ac,full_annotation_v1,A,q_한식_06,한식집,음식점 중 '한식'을 판매·제공하는 매장,train,한식,T2 동의어,01cb3652-fa58-417b-a2fd-2aa0a54fae0a,해밍턴 부대찌개 세종다정점,부대찌개한식,다정중앙 골목형상점가,골목형상점가,세종특별자치시,,,
2d93fe6e478f0f52d13d,full_annotation_v1,A,q_한식_06,한식집,음식점 중 '한식'을 판매·제공하는 매장,train,한식,T2 동의어,868890fd-3d66-41f9-9dae-eea380d48a55,이츠1,의류,안산다농마트전통시장,전통시장,경기도,,,
fd6975cbe2891c8b1687,full_annotation_v1,A,q_한식_06,한식집,음식점 중 '한식'을 판매·제공하는 매장,train,한식,T2 동의어,d6a31862-ad17-42b3-a776-ccd5d3ae60e3,끄티집,한식,고성동벚꽃 골목형상점가,골목형상점가,대구광역시,,,
1c8926168a06157b9eef,full_annotation_v1,A,q_한식_06,한식집,음식점 중 '한식'을 판매·제공하는 매장,train,한식,T2 동의어,cac72614-d24e-4637-81f9-56b664b49d2b,도담민들레치과의원,치과의원,도담동 골목형상점가,골목형상점가,세종특별자치시,,,
4160a9e0286d12814f90,full_annotation_v1,A,q_한식_06,한식집,음식점 중 '한식'을 판매·제공하는 매장,train,한식,T2 동의어,0111a38b-8df8-43ae-9c16-778c27352864,본도시락,도시락,배방월천 골목형상점가,골목형상점가,충청남도,,,
b0d2719c37d3b18e3800,full_annotation_v1,A,q_한식_06,한식집,음식점 중 '한식'을 판매·제공하는 매장,train,한식,T2 동의어,58507418-7577-4895-b49e-3b4ab6ba501c,스시오,일식집,수원역로데오거리상점가(매산로테마거리),자율상권구역,경기도,,,
b3f4f5579b8e536f1122,full_annotation_v1,A,q_한식_06,한식집,음식점 중 '한식'을 판매·제공하는 매장,train,한식,T2 동의어,00181552-6cc5-406b-ac59-bf9816f61398,갓지은밥,한식,남광주시장,전통시장,,,,
a710701eeb3999adca58,full_annotation_v1,A,q_한식_06,한식집,음식점 중 '한식'을 판매·제공하는 매장,train,한식,T2 동의어,061fc089-3c87-42dd-9ec4-c57cbe739270,한솥도시락 남천점,도시락,464번길 골목형상점가,골목형상점가,부산광역시,,,
22295478c9c82795217c,full_annotation_v1,A,q_한식_06,한식집,음식점 중 '한식'을 판매·제공하는 매장,train,한식,T2 동의어,ee140e33-12a8-45ca-a6c9-507ee89f1e36,분식집,,남평읍1로 골목형상점가,골목형상점가,,,,
fc7a649b4bd89cf03dc5,full_annotation_v1,A,q_한식_07,김치찌개,음식점 중 '한식'을 판매·제공하는 매장,train,한식,T3 개념확장,19206b29-ab48-4c23-8973-be48c664d1b6,우림양푼김치찌개마을,김치찌개,우림맛솜씨길골목형상점가,골목형상점가,서울특별시,,,
87db58c85a71548e8eac,full_annotation_v1,A,q_한식_07,김치찌개,음식점 중 '한식'을 판매·제공하는 매장,train,한식,T3 개념확장,faf8caa6-dfa0-4f48-b0d1-e3b4c10bdae2,양푼이 김치찌개&김치찜 서정점,김치찌개,송탄관광특구 골목형상점가,골목형상점가,경기도,,,
bba24815a247cd1797c3,full_annotation_v1,A,q_한식_07,김치찌개,음식점 중 '한식'을 판매·제공하는 매장,train,한식,T3 개념확장,01186127-94c8-40c4-8d08-9f84a76c77b0,짱아식당,,다향보성 골목형상점가,골목형상점가,,,,
1d7a24468c642189f08f,full_annotation_v1,A,q_한식_07,김치찌개,음식점 중 '한식'을 판매·제공하는 매장,train,한식,T3 개념확장,01c857cd-3f28-4d83-8fa4-e0abcfb44fbd,수연국밥,국밥,두암사거리 골목형상점가,골목형상점가,광주광역시,,,
505bd6f11c41c5bc2562,full_annotation_v1,A,q_한식_07,김치찌개,음식점 중 '한식'을 판매·제공하는 매장,train,한식,T3 개념확장,124c6255-5e3d-4c46-ae53-54b1b0c96022,샤인샵,미용업,초록거리 골목형상점가,골목형상점가,경기도,,,
fcf73a100abf32e4096c,full_annotation_v1,A,q_한식_07,김치찌개,음식점 중 '한식'을 판매·제공하는 매장,train,한식,T3 개념확장,05530d0f-82ed-47a1-8015-32b6c30e3752,진수산삼다식품,"젓갈류, 김치, 수산물",동문재래시장,전통시장,제주특별자치도,,,
9cf2982504f9b43f6f48,full_annotation_v1,A,q_한식_07,김치찌개,음식점 중 '한식'을 판매·제공하는 매장,train,한식,T3 개념확장,009ee53b-22c6-434e-bb94-47758d092857,미애네 달달스토어,반찬,송현시장,전통시장,인천광역시,,,
27b31dde32514aeb7631,full_annotation_v1,A,q_한식_07,김치찌개,음식점 중 '한식'을 판매·제공하는 매장,train,한식,T3 개념확장,237ea492-6b80-428d-acf7-61e1ac7333ad,상지골,한식 김치찌개,으뜸골목형상점가,골목형상점가,강원특별자치도,,,
b70d1c427f527764e4bd,full_annotation_v1,A,q_한식_07,김치찌개,음식점 중 '한식'을 판매·제공하는 매장,train,한식,T3 개념확장,af1a44ca-8d6b-4324-a35e-351309b33c01,백채 김치찌개,,말죽거리골목형상점가,골목형상점가,서울특별시,,,
f0b1df53f913feccdad5,full_annotation_v1,A,q_한식_07,김치찌개,음식점 중 '한식'을 판매·제공하는 매장,train,한식,T3 개념확장,0a1e5f72-2ca5-49d3-9483-b71bd74c9f9b,점심엔 상무밥집24시,,상무연하상인회 골목형상점가,골목형상점가,광주광역시,,,
e11f52489aed43bf0e0b,full_annotation_v1,A,q_한식_07,김치찌개,음식점 중 '한식'을 판매·제공하는 매장,train,한식,T3 개념확장,cc52c8c8-9bd5-479b-9aaa-0fdea847ad25,연세더아름의원,의원,아름동상점가,자율상권구역,세종특별자치시,,,
5a2bd19825f320adf16e,full_annotation_v1,A,q_한식_07,김치찌개,음식점 중 '한식'을 판매·제공하는 매장,train,한식,T3 개념확장,668dd18f-0ad6-4b09-8cf4-148e97991d7b,모녀전,음식,서남신시장,전통시장,대구광역시,,,
3292180485f8711e1ccb,full_annotation_v1,A,q_한식_07,김치찌개,음식점 중 '한식'을 판매·제공하는 매장,train,한식,T3 개념확장,0579d45d-25fc-4881-b051-97c087a5d9bd,땡초푸드파이터,김치찌개,빛가람 상리단길 골목형상점가,골목형상점가,전라남도,,,
0a410cbca18ba4298a74,full_annotation_v1,A,q_한식_07,김치찌개,음식점 중 '한식'을 판매·제공하는 매장,train,한식,T3 개념확장,d5672537-ec14-4f4d-9374-6d03ca6d243b,열평집밥,김치찌개,첨단동행 골목형상점가,골목형상점가,광주광역시,,,
a04bf34a4d59db11583e,full_annotation_v1,A,q_한식_07,김치찌개,음식점 중 '한식'을 판매·제공하는 매장,train,한식,T3 개념확장,0a603225-dfc4-46d4-9dd6-99cfa8e971ec,빠삭,김치찌개,궁동 골목형상점가,골목형상점가,대전광역시,,,
c781cc6e545f2b2b7327,full_annotation_v1,A,q_한식_07,김치찌개,음식점 중 '한식'을 판매·제공하는 매장,train,한식,T3 개념확장,31a675ed-383d-4278-97c8-5949eb3fc747,우동김밥집,,비카인드 자율상권구역,,경상북도,,,
af81459db89bd6d482cc,full_annotation_v1,A,q_한식_07,김치찌개,음식점 중 '한식'을 판매·제공하는 매장,train,한식,T3 개념확장,49b431bc-469d-42d2-80a7-d28a6933f4cd,옛날김치찌게,김치찌개,과천중앙동상점가,자율상권구역,경기도,,,
42ca7ff668972194056a,full_annotation_v1,A,q_한식_07,김치찌개,음식점 중 '한식'을 판매·제공하는 매장,train,한식,T3 개념확장,3a287e8c-3a37-4ce3-b76a-76b6f8ab571e,삼산회관,김치찌개,둔전골목형상점가,골목형상점가,경기도,,,
abf6374a1cbfbd07bfd4,full_annotation_v1,A,q_한식_07,김치찌개,음식점 중 '한식'을 판매·제공하는 매장,train,한식,T3 개념확장,00f60c16-d8be-497f-80f2-aab3209a8d0e,포카포카,식당,전남여고후문 골목형상점가,골목형상점가,광주광역시,,,
5eea19dc707f7505282b,full_annotation_v1,A,q_한식_07,김치찌개,음식점 중 '한식'을 판매·제공하는 매장,train,한식,T3 개념확장,8647f7d7-1948-46b3-ad40-1de5705757a4,쩡이네,의류,군분로 골목형상점가,골목형상점가,광주광역시,,,
43a7c549144a6961cb2a,full_annotation_v1,A,q_한식_07,김치찌개,음식점 중 '한식'을 판매·제공하는 매장,train,한식,T3 개념확장,030bc960-9493-4dd5-93ea-5b56023601af,왕돼지 김치찌개,김치찌개,쌍정 골목형상점가,골목형상점가,전라남도,,,
0c8e70db50f349b7fd33,full_annotation_v1,A,q_한식_07,김치찌개,음식점 중 '한식'을 판매·제공하는 매장,train,한식,T3 개념확장,006895c5-d037-4e3d-9cfb-6972007a350a,반찬사랑,반찬,오치2동 골목형상점가,골목형상점가,광주광역시,,,
d8c823dc3385100fa168,full_annotation_v1,A,q_한식_07,김치찌개,음식점 중 '한식'을 판매·제공하는 매장,train,한식,T3 개념확장,01465138-3544-40c5-a4db-860c2bb8c959,군산수산물종합센터내)매점,매점,군산수산물종합센터,전통시장,전북특별자치도,,,
0519d508384070727e05,full_annotation_v1,A,q_한식_07,김치찌개,음식점 중 '한식'을 판매·제공하는 매장,train,한식,T3 개념확장,43a54fd8-c188-4e84-b51f-496700b66132,담양상회,수산물,노량진수산시장골목형상점가,골목형상점가,서울특별시,,,
a417540df6a065cc4dd3,full_annotation_v1,A,q_한식_07,김치찌개,음식점 중 '한식'을 판매·제공하는 매장,train,한식,T3 개념확장,2f436e25-aa95-4a75-b1a0-a6dfefbcea6b,모자 김치찌개,한식,잠원하길골목형상점가,골목형상점가,서울특별시,,,
066cd661141bc650afa7,full_annotation_v1,A,q_한식_07,김치찌개,음식점 중 '한식'을 판매·제공하는 매장,train,한식,T3 개념확장,161634c2-50c4-4eba-8f7a-2db85bd2c15c,금단포차,김치찌개,세은 골목형상점가,골목형상점가,광주광역시,,,
fcbdf4655e2719fd1f73,full_annotation_v1,A,q_한식_07,김치찌개,음식점 중 '한식'을 판매·제공하는 매장,train,한식,T3 개념확장,01cb3652-fa58-417b-a2fd-2aa0a54fae0a,해밍턴 부대찌개 세종다정점,부대찌개한식,다정중앙 골목형상점가,골목형상점가,세종특별자치시,,,
37afe973236669dfc9cc,full_annotation_v1,A,q_한식_07,김치찌개,음식점 중 '한식'을 판매·제공하는 매장,train,한식,T3 개념확장,0130dbd3-b9ea-43f4-98fd-26d8afd90b78,모래내시장순대,식당,전주모래내시장,전통시장,전북특별자치도,,,
a202f82be731e5bef03e,full_annotation_v1,A,q_한식_07,김치찌개,음식점 중 '한식'을 판매·제공하는 매장,train,한식,T3 개념확장,dfe1d5a0-eade-4cdd-9e51-0a26a87aeffd,커피를복당,커피,용정 골목형상점가,골목형상점가,대전광역시,,,
672b5f092209af54fbb3,full_annotation_v1,A,q_한식_07,김치찌개,음식점 중 '한식'을 판매·제공하는 매장,train,한식,T3 개념확장,01b4b567-78d4-4fa1-9bff-25fd01fb1a4c,소문난김치집,김치,중앙먹거리 상인회 골목형상점가,골목형상점가,전라남도,,,
a605bae7f48d923f1c14,full_annotation_v1,A,q_한식_07,김치찌개,음식점 중 '한식'을 판매·제공하는 매장,train,한식,T3 개념확장,001a2d82-c062-406b-b63c-9a8f8a4c86fa,열린부뚜막협동조합,"한식뷔페, 도시락, 케이터링, 요리강좌, 창업컨설팅, 행사기획",슬기로운 지족역 골목형상점가,골목형상점가,대전광역시,,,
a7eb4cb8330664f6065e,full_annotation_v1,A,q_한식_07,김치찌개,음식점 중 '한식'을 판매·제공하는 매장,train,한식,T3 개념확장,229fabd0-17d7-492b-88d6-735d33c93443,백채김치찌개루원시티,김치찌개,루원음식문화거리,골목형상점가,인천광역시,,,
dd2a5257b2504e7f7075,full_annotation_v1,A,q_한식_07,김치찌개,음식점 중 '한식'을 판매·제공하는 매장,train,한식,T3 개념확장,13995719-5a87-4f33-a8a6-89b9eee3fa51,깡통네,김치찌개,효실천거리 골목형상점가,골목형상점가,인천광역시,,,
a1d465d14a5ac3329f61,full_annotation_v1,A,q_한식_07,김치찌개,음식점 중 '한식'을 판매·제공하는 매장,train,한식,T3 개념확장,acfc82ee-4b92-457f-a470-79a3d2097a62,쿠키매트,"건설자재판매, 방음매트 등",밀양 아리랑시장,전통시장,경상남도,,,
bfe8c0f6d00d8876c30c,full_annotation_v1,A,q_한식_07,김치찌개,음식점 중 '한식'을 판매·제공하는 매장,train,한식,T3 개념확장,010b729e-dfdc-4b2c-ac41-376db70ef2c0,우여사애찬방,반찬,안동광석거리 골목형상점가,골목형상점가,경상북도,,,
a66fc2615ad5eb822669,full_annotation_v1,A,q_한식_07,김치찌개,음식점 중 '한식'을 판매·제공하는 매장,train,한식,T3 개념확장,772b4e4f-da9b-4efa-829b-f9b4fdfa7dc5,강순자옛맛 김치찌개 강서구청점,김치찌개,가양역사거리골목형상점가,골목형상점가,서울특별시,,,
3cf71d371ad042c80087,full_annotation_v1,A,q_한식_07,김치찌개,음식점 중 '한식'을 판매·제공하는 매장,train,한식,T3 개념확장,6079c52f-1f48-4a9e-a71a-ae1dde3c4566,슈올즈 의성점,신발,의성중앙상점가(의성읍중앙길상가거리),자율상권구역,경상북도,,,
804ec11f31138b31804a,full_annotation_v1,A,q_한식_07,김치찌개,음식점 중 '한식'을 판매·제공하는 매장,train,한식,T3 개념확장,30a0bc35-f0d1-4d5d-9826-8d498122538a,밥집,,고창전통시장,전통시장,전북특별자치도,,,
b7d1d821baa9e835443c,full_annotation_v1,A,q_한식_07,김치찌개,음식점 중 '한식'을 판매·제공하는 매장,train,한식,T3 개념확장,8b9b20a4-7b64-48df-88c2-8b68fa7f5eca,일곡김치찌개앤찜,김치찌개,일곡동 골목형상점가,골목형상점가,광주광역시,,,
97cd58e6b08ec990d039,full_annotation_v1,A,q_한식_07,김치찌개,음식점 중 '한식'을 판매·제공하는 매장,train,한식,T3 개념확장,1a21fd72-4d55-4af2-8809-80f338de5bf9,스팸많이주는찌개,부대찌개 김치찌개,김대중컨벤션상인회 골목형상점가,골목형상점가,광주광역시,,,
94c1a474f5d2b4d0094e,full_annotation_v1,A,q_한식_07,김치찌개,음식점 중 '한식'을 판매·제공하는 매장,train,한식,T3 개념확장,f7c1d826-1a3b-4c69-8075-5abf095ed516,소소한 김치찌개,,동편마을중심상가 골목형상점가,골목형상점가,경기도,,,
db871e6e377e85d8d671,full_annotation_v1,A,q_한식_07,김치찌개,음식점 중 '한식'을 판매·제공하는 매장,train,한식,T3 개념확장,9d5ac175-3c93-41c5-85b2-f05e72067984,김치찌개,한식,통진시장,전통시장,경기도,,,
56611baed827ca5c1f43,full_annotation_v1,A,q_한식_07,김치찌개,음식점 중 '한식'을 판매·제공하는 매장,train,한식,T3 개념확장,01b06c58-1a16-4bd9-81a5-ad284e01da10,신바람국밥,,운암대자골 골목형상점가,골목형상점가,,,,
ab009d66203ecadc1a12,full_annotation_v1,A,q_한식_07,김치찌개,음식점 중 '한식'을 판매·제공하는 매장,train,한식,T3 개념확장,e23b8668-f27f-4dbc-bf78-524848e1f245,생돼지고기 김치찌개,음식,광주송정역세권 상권활성화구역,상권활성화구역,광주광역시,,,
974b4004a548c999e2f8,full_annotation_v1,A,q_한식_07,김치찌개,음식점 중 '한식'을 판매·제공하는 매장,train,한식,T3 개념확장,823b431e-fc03-4c06-9df7-4ee980bb4c0d,곰소젓갈,젓갈류,구리전통시장,전통시장,경기도,,,
66951fd0e5cc2bf04722,full_annotation_v1,A,q_한식_07,김치찌개,음식점 중 '한식'을 판매·제공하는 매장,train,한식,T3 개념확장,03a6e716-3825-40e3-ba06-e047ee5e5483,부일반찬,김치,초량전통시장,전통시장,부산광역시,,,
5bf87292c1996c070e0a,full_annotation_v1,A,q_한식_07,김치찌개,음식점 중 '한식'을 판매·제공하는 매장,train,한식,T3 개념확장,01bece07-ad04-4afe-b0bd-0a52427295d1,진주식당,,산청시장,전통시장,경상남도,,,
7af841fabbf3bfa7ea85,full_annotation_v1,A,q_한식_07,김치찌개,음식점 중 '한식'을 판매·제공하는 매장,train,한식,T3 개념확장,8fdbfb26-30b4-472a-815f-97f3bc638537,청춘김치찌개,한식,녹두S밸리골목형상점가,골목형상점가,서울특별시,,,
39070d288c72f781fa2d,full_annotation_v1,A,q_한식_07,김치찌개,음식점 중 '한식'을 판매·제공하는 매장,train,한식,T3 개념확장,23c886ea-74a8-45ee-b78a-e876ebf0cece,쎈스,의류,성서중심시장(성서시장문화의거리 통합),전통시장,충청북도,,,
33180cc61549c8594ece,full_annotation_v1,A,q_한식_07,김치찌개,음식점 중 '한식'을 판매·제공하는 매장,train,한식,T3 개념확장,136277c6-8e27-4078-9621-48a115224cec,열평집밥김치찌개,김치찌개,첨단청사초롱길 골목형상점가,골목형상점가,광주광역시,,,
4a882624984bce6572e1,full_annotation_v1,A,q_한식_07,김치찌개,음식점 중 '한식'을 판매·제공하는 매장,train,한식,T3 개념확장,0b37cfdd-c96b-426b-be6d-18f76cb1076b,엄마손김치찌개,김치찌개,백년소상공인,기타,전북특별자치도,,,
40279c03ff2393c59639,full_annotation_v1,A,q_한식_07,김치찌개,음식점 중 '한식'을 판매·제공하는 매장,train,한식,T3 개념확장,6a492155-eaef-4dc9-9f3c-2ba2fcac93af,남도야식,김치찌개,빛가람 상리단길 골목형상점가,골목형상점가,전라남도,,,
b99a34523604cccd8800,full_annotation_v1,A,q_한식_07,김치찌개,음식점 중 '한식'을 판매·제공하는 매장,train,한식,T3 개념확장,414147e9-319d-4698-919a-f0acfe6a5fa5,보리뜰 김치찌개,음식,삼호읍 중앙 골목형상점가,골목형상점가,전라남도,,,
3377f9e78332ec6e8349,full_annotation_v1,A,q_한식_07,김치찌개,음식점 중 '한식'을 판매·제공하는 매장,train,한식,T3 개념확장,03bba86e-80c4-42b0-8688-a0c912abdb07,돼지고기김치찌개,김치찌개,도담동 골목형상점가,골목형상점가,세종특별자치시,,,
81da2a2b24bc446ec458,full_annotation_v1,A,q_한식_07,김치찌개,음식점 중 '한식'을 판매·제공하는 매장,train,한식,T3 개념확장,537456c7-084f-4ad1-a1a5-8e5283c28018,바글바글김치찌개,김치찌개,지족반석 골목형상점가,골목형상점가,대전광역시,,,
2b495a6f30562efc8702,full_annotation_v1,A,q_한식_07,김치찌개,음식점 중 '한식'을 판매·제공하는 매장,train,한식,T3 개념확장,01830c3a-5f7e-4396-9772-38b51bd90dc0,새로나국밥,국밥 족발 머리고기,무등시장,전통시장,광주광역시,,,
0dfa7384a63b34fcd2eb,full_annotation_v1,A,q_한식_07,김치찌개,음식점 중 '한식'을 판매·제공하는 매장,train,한식,T3 개념확장,0182c177-fcc7-47b0-8e12-99eb221aff79,시장초장식당,"칼국수, 열무비빔밥, 국, 반찬",경주중앙시장,전통시장,경상북도,,,
f4e7b853c53a279ce6f1,full_annotation_v1,A,q_한식_07,김치찌개,음식점 중 '한식'을 판매·제공하는 매장,train,한식,T3 개념확장,0111a38b-8df8-43ae-9c16-778c27352864,본도시락,도시락,배방월천 골목형상점가,골목형상점가,충청남도,,,
11af955cb8077bfa2833,full_annotation_v1,A,q_한식_07,김치찌개,음식점 중 '한식'을 판매·제공하는 매장,train,한식,T3 개념확장,0239c4e7-2ae3-4f29-8952-19c6d9d1d9a9,세번째집,순대국밥,성환이화시장,전통시장,충청남도,,,
0d5ef92ca5a386253866,full_annotation_v1,A,q_한식_07,김치찌개,음식점 중 '한식'을 판매·제공하는 매장,train,한식,T3 개념확장,0741bfd3-b940-4386-9f39-8dd006d28352,한솥도시락 부천시청점,도시락,길주로 골목형상점가,골목형상점가,경기도,,,
1fe3ca4142da2d9c8cc5,full_annotation_v1,A,q_한식_07,김치찌개,음식점 중 '한식'을 판매·제공하는 매장,train,한식,T3 개념확장,00118834-a0f4-4127-ba7d-f7908ced2e1d,골목집,한식,대흥낭만거리 골목형상점가,골목형상점가,대전광역시,,,
871ac7ce6d3b3270346a,full_annotation_v1,A,q_한식_07,김치찌개,음식점 중 '한식'을 판매·제공하는 매장,train,한식,T3 개념확장,361b78af-4c35-4c69-8150-9281c60383ba,수,의류,안산다농마트전통시장,전통시장,경기도,,,
9a7e532506893820097b,full_annotation_v1,A,q_한식_07,김치찌개,음식점 중 '한식'을 판매·제공하는 매장,train,한식,T3 개념확장,c796842c-2c28-4e2a-9687-851a1264974c,돼지고기듬뿍넣은김치찌게,김치찌개,신창 골목형상점가,골목형상점가,광주광역시,,,
142a10285a2e65fe27b5,full_annotation_v1,A,q_한식_07,김치찌개,음식점 중 '한식'을 판매·제공하는 매장,train,한식,T3 개념확장,51583374-29aa-46a4-8c4c-0684de4d6cf6,봉봉씨의 유쾌한 김밥집,,솔매사랑길 골목형상점가,골목형상점가,서울특별시,,,
ea0c7e1f4f584012aa6b,full_annotation_v1,A,q_한식_07,김치찌개,음식점 중 '한식'을 판매·제공하는 매장,train,한식,T3 개념확장,7494f559-4bd8-4184-91e0-4137bec2ebbf,옛날김치돼지찌개,김치찌개,강남개포시장(구 개포2동중심상점가),자율상권구역,서울특별시,,,
7a08576359eafc82defb,full_annotation_v1,A,q_한식_07,김치찌개,음식점 중 '한식'을 판매·제공하는 매장,train,한식,T3 개념확장,cdc89b1e-b31c-49d0-b915-74dad9f616f5,나음명품김치찌개전문점,김치찌개,송강전통시장,전통시장,대전광역시,,,
a9e1efa31801d7966328,full_annotation_v1,A,q_한식_07,김치찌개,음식점 중 '한식'을 판매·제공하는 매장,train,한식,T3 개념확장,eaea329f-f3df-447d-a650-6cf80e58f1fc,아빠김치찌개,한식,통인시장,전통시장,서울특별시,,,
cdce5341dcb3432b84e8,full_annotation_v1,A,q_한식_07,김치찌개,음식점 중 '한식'을 판매·제공하는 매장,train,한식,T3 개념확장,01e8dcda-39f2-4df9-a2e4-2e63e8a9f480,두꺼비부대찌개,부대찌개,신중동문화거리상점가,자율상권구역,경기도,,,
ea49ac79fa4ba34767b6,full_annotation_v1,A,q_한식_07,김치찌개,음식점 중 '한식'을 판매·제공하는 매장,train,한식,T3 개념확장,c5e32704-b32f-4e7e-8f05-5213ed43d7b2,으랏차차김치찌개,한식,법원단지길골목형상점가,골목형상점가,서울특별시,,,
89a569531e700c9e7d8d,full_annotation_v1,A,q_한식_07,김치찌개,음식점 중 '한식'을 판매·제공하는 매장,train,한식,T3 개념확장,69eed1f2-2337-4028-b981-8e1b5bb06954,이순임김치찌개,김치찌개,연향3지구상가,자율상권구역,전라남도,,,
c37d239681c06d26759a,full_annotation_v1,A,q_한식_07,김치찌개,음식점 중 '한식'을 판매·제공하는 매장,train,한식,T3 개념확장,92507fd8-6cd6-45e8-a6b7-4ebdebf35c71,한마음김치찌개,김치찌개,운천역상인회 골목형상점가,골목형상점가,광주광역시,,,
1116c0c4bac3fa94d5a4,full_annotation_v1,A,q_한식_07,김치찌개,음식점 중 '한식'을 판매·제공하는 매장,train,한식,T3 개념확장,e758f62e-7478-44f4-aba2-99abe4f48632,양평해장국 김치찌개,해장국 김치찌개,신원권율4 골목형상점가,골목형상점가,경기도,,,
91f4d23dbb0f68afbb14,full_annotation_v1,A,q_한식_07,김치찌개,음식점 중 '한식'을 판매·제공하는 매장,train,한식,T3 개념확장,04961d72-f5b3-4605-86f3-8130ded3e312,본도시락성서점,,성서우방 골목형상점가,골목형상점가,대구광역시,,,
1a182bfaa94beb063647,full_annotation_v1,A,q_한식_07,김치찌개,음식점 중 '한식'을 판매·제공하는 매장,train,한식,T3 개념확장,00181552-6cc5-406b-ac59-bf9816f61398,갓지은밥,한식,남광주시장,전통시장,,,,
a9610250061df5ef3327,full_annotation_v1,A,q_한식_07,김치찌개,음식점 중 '한식'을 판매·제공하는 매장,train,한식,T3 개념확장,01b7e8c6-feb8-4cff-a63e-2376ae18dd41,원조생굴뚝배기,국밥,고령대가야시장,전통시장,경상북도,,,
e9d4632e67541a9728d3,full_annotation_v1,A,q_한식_07,김치찌개,음식점 중 '한식'을 판매·제공하는 매장,train,한식,T3 개념확장,1253d5ce-9fe2-41d1-abab-78d83ce295b3,백채 김치찌개 방배역점,김치찌개,방배역먹자골목 골목형상점가,골목형상점가,서울특별시,,,
2e9b5d685a2d9152bee6,full_annotation_v1,A,q_한식_07,김치찌개,음식점 중 '한식'을 판매·제공하는 매장,train,한식,T3 개념확장,012ed1bc-d2d6-4dad-8b36-6ad33d367ab2,24시꽃집럭키플라워송도점,생화 식물,송도랜드마크시티 센트럴더샵 골목형상점가,골목형상점가,인천광역시,,,
af0f21b2d14197c4b9eb,full_annotation_v1,A,q_한식_07,김치찌개,음식점 중 '한식'을 판매·제공하는 매장,train,한식,T3 개념확장,003003dc-6951-4f07-8cf2-f31334c0b27d,미향반찬,반찬,신안코아,전통시장,경기도,,,
17cbcaa992555f12d776,full_annotation_v1,A,q_한식_07,김치찌개,음식점 중 '한식'을 판매·제공하는 매장,train,한식,T3 개념확장,3227d47c-8882-4c68-9e06-64d611ca076e,강촌갈비김치찌개,김치찌개 등,고운동상점가,자율상권구역,세종특별자치시,,,
d97339b9903d42ef9a52,full_annotation_v1,A,q_한식_07,김치찌개,음식점 중 '한식'을 판매·제공하는 매장,train,한식,T3 개념확장,25d8323e-bf6a-484a-8996-ebb97b938155,OK스시,초밥집,대림시장,전통시장,서울특별시,,,
638f9cdaf27a022ab5f6,full_annotation_v1,A,q_한식_07,김치찌개,음식점 중 '한식'을 판매·제공하는 매장,train,한식,T3 개념확장,01f160fc-531c-4191-aa22-453462e0f38a,천년,김치,오정동상점가,자율상권구역,대전광역시,,,
369c54df35c66e8ac6f4,full_annotation_v1,A,q_한식_07,김치찌개,음식점 중 '한식'을 판매·제공하는 매장,train,한식,T3 개념확장,95db3e31-cb7a-47e1-a5b6-6595a062cb25,장군꼬들살,김치찌개,쌍용먹자패션거리 골목형상점가,골목형상점가,충청남도,,,
7ea39d7057a2d54d116f,full_annotation_v1,A,q_한식_07,김치찌개,음식점 중 '한식'을 판매·제공하는 매장,train,한식,T3 개념확장,1a8f4d80-a01a-446d-842a-28238626b0de,맨날먹는 김치찌개,한식,영등포구청역 3번출구 골목형상점가,골목형상점가,서울특별시,,,
5da13bc965fafb139933,full_annotation_v1,A,q_한식_07,김치찌개,음식점 중 '한식'을 판매·제공하는 매장,train,한식,T3 개념확장,d7cc3b6c-e457-43be-a6d3-937ba86ed9fa,한끼김치찌개,김치찌개 짜글이,어진동 골목형상점가,골목형상점가,세종특별자치시,,,
839bb024b1013ae8b530,full_annotation_v1,A,q_한식_07,김치찌개,음식점 중 '한식'을 판매·제공하는 매장,train,한식,T3 개념확장,8ab11d5b-0848-4fcf-be53-3aa9d8f725ea,광주댁 김치찌개,김치찌개,첨단지구 골목형상점가,골목형상점가,광주광역시,,,
acecd53cfaa296f18f52,full_annotation_v1,A,q_한식_07,김치찌개,음식점 중 '한식'을 판매·제공하는 매장,train,한식,T3 개념확장,3618ca80-5067-4550-b310-cccaa6be82cc,전주식당,김치찌개,자마장시장골목형상점가,골목형상점가,서울특별시,,,
275a46589b4d1a0bbd80,full_annotation_v1,A,q_한식_07,김치찌개,음식점 중 '한식'을 판매·제공하는 매장,train,한식,T3 개념확장,01286ec0-50e0-4540-b678-ec706fb3bcbb,설곰식당,식당,산업용재관,전통시장,대구광역시,,,
4518a1a9fb75c393e959,full_annotation_v1,A,q_한식_07,김치찌개,음식점 중 '한식'을 판매·제공하는 매장,train,한식,T3 개념확장,786c7f4c-d952-43da-9cda-b47f1a10e323,해뜰날,김치찌개,금부로상인회 골목형상점가,골목형상점가,광주광역시,,,
9825bcb2797cae0b8fce,full_annotation_v1,A,q_한식_07,김치찌개,음식점 중 '한식'을 판매·제공하는 매장,train,한식,T3 개념확장,36066aa2-b98d-45a9-b420-3528ff98146a,세종시원마취통증의학과의원,의료서비스,아름동상점가,자율상권구역,세종특별자치시,,,
892ed001bbee4c6c486f,full_annotation_v1,A,q_한식_07,김치찌개,음식점 중 '한식'을 판매·제공하는 매장,train,한식,T3 개념확장,03b84056-803d-4bd8-8a8b-f3d19815797b,땅스부댜찌개,즉석판매찌개,바람골골목형상점가,골목형상점가,충청북도,,,
0b9577ca6344f99299c4,full_annotation_v1,A,q_한식_07,김치찌개,음식점 중 '한식'을 판매·제공하는 매장,train,한식,T3 개념확장,26dfe8a8-daf8-46ea-a01b-bb27a90dc081,어맛생돼지고기김치찌개,김치찌개,상무오월로상인회 골목형상점가,골목형상점가,광주광역시,,,
421cee66f5a316fe84eb,full_annotation_v1,A,q_한식_07,김치찌개,음식점 중 '한식'을 판매·제공하는 매장,train,한식,T3 개념확장,b7700ed1-3eac-4153-8fe0-5ce4cd3bd3f9,전주식당,김치찌개,춘천동부시장,전통시장,강원특별자치도,,,
7655d9062c73363f87f8,full_annotation_v1,A,q_한식_07,김치찌개,음식점 중 '한식'을 판매·제공하는 매장,train,한식,T3 개념확장,699d7c6a-1ac5-441e-a431-734c414ab5ea,솔밭식당,김치찌개,제민천 골목형상점가,골목형상점가,충청남도,,,
88e8c12c7fa08b0db5d2,full_annotation_v1,A,q_한식_07,김치찌개,음식점 중 '한식'을 판매·제공하는 매장,train,한식,T3 개념확장,061fc089-3c87-42dd-9ec4-c57cbe739270,한솥도시락 남천점,도시락,464번길 골목형상점가,골목형상점가,부산광역시,,,
c144f2a42a089ea2e7c9,full_annotation_v1,A,q_한식_07,김치찌개,음식점 중 '한식'을 판매·제공하는 매장,train,한식,T3 개념확장,c15bd448-d432-496b-8981-6b9870bd3e0a,은찬이네,김치찌개,양산호수공원 골목형상점가,골목형상점가,광주광역시,,,
84668c871bc1131897b8,full_annotation_v1,A,q_한식_07,김치찌개,음식점 중 '한식'을 판매·제공하는 매장,train,한식,T3 개념확장,57364886-eda5-42e5-8a47-9385dd122ec4,블루웨일더후르츠순천신대점,과일,신대지구상가,자율상권구역,전라남도,,,
743d5fb1d1a55ca6a08b,full_annotation_v1,A,q_한식_07,김치찌개,음식점 중 '한식'을 판매·제공하는 매장,train,한식,T3 개념확장,001053bb-9a4d-431c-8073-f2204c857265,유달식당,한식,노량진수산시장골목형상점가,골목형상점가,서울특별시,,,
fc92c5c22cd98aa22de2,full_annotation_v1,A,q_한식_07,김치찌개,음식점 중 '한식'을 판매·제공하는 매장,train,한식,T3 개념확장,05b359cf-8f97-4831-9cf1-d0d52c1f97de,옛날김치찌개,김치찌개,과천중앙동상점가,자율상권구역,경기도,,,
aa00171d4089267d2dbe,full_annotation_v1,A,q_한식_07,김치찌개,음식점 중 '한식'을 판매·제공하는 매장,train,한식,T3 개념확장,a7fda628-704d-4bdd-805f-df2a3ff439a4,이가촌부뚜막,김치찌개,송촌시장,전통시장,대전광역시,,,
bc8a518c9440901379f8,full_annotation_v1,A,q_한식_07,김치찌개,음식점 중 '한식'을 판매·제공하는 매장,train,한식,T3 개념확장,000a95c4-e0a6-4011-86fb-04307bcfae38,황갈비,한식,김천황금시장,전통시장,경상북도,,,
519b793480b35921564d,full_annotation_v1,A,q_한식_07,김치찌개,음식점 중 '한식'을 판매·제공하는 매장,train,한식,T3 개념확장,00066748-bce9-4daa-b881-7902dad46f14,하단맛집,한식,하단자율상권구역,,부산광역시,,,
a7c52e111af9f5790439,full_annotation_v1,A,q_한식_07,김치찌개,음식점 중 '한식'을 판매·제공하는 매장,train,한식,T3 개념확장,8b2f5ca2-56e9-4825-8420-753449a2869b,박가네 김치찜&김치찌개,김치찜 김치찌개,송림골 골목형상점가,골목형상점가,인천광역시,,,
0910f8f05ca1d6becb16,full_annotation_v1,A,q_한식_07,김치찌개,음식점 중 '한식'을 판매·제공하는 매장,train,한식,T3 개념확장,bfbb2d46-dfc2-43b7-ac8d-f65f8b968950,다복김치찌개,김치찌개,동운고가도로 골목형상점가,골목형상점가,광주광역시,,,
4326fcdd106242a194e6,full_annotation_v1,A,q_한식_07,김치찌개,음식점 중 '한식'을 판매·제공하는 매장,train,한식,T3 개념확장,27724155-28b0-4792-ab84-3e73cb755daa,오늘도 김치찌개,한식,도룡상인회 골목형상점가,골목형상점가,대전광역시,,,
c39335a94dbb7ac7f374,full_annotation_v1,A,q_한식_07,김치찌개,음식점 중 '한식'을 판매·제공하는 매장,train,한식,T3 개념확장,18a2b0b8-697e-41ed-a0fc-94f96f8d0504,좋은연,중개,세은 골목형상점가,골목형상점가,광주광역시,,,
3e9c89f1ed384f2d0ce4,full_annotation_v1,A,q_한식_07,김치찌개,음식점 중 '한식'을 판매·제공하는 매장,train,한식,T3 개념확장,e28f7b9d-163c-41c4-9946-23366b018c81,빽다방 연천전곡점,커피,전곡중앙상가 골목형상점가,골목형상점가,경기도,,,
153e7b57a8a46931902b,full_annotation_v1,A,q_한식_08,추어탕,음식점 중 '한식'을 판매·제공하는 매장,train,한식,T3 개념확장,8adea0a0-f057-4525-a64c-a6cb8b3b9a87,남원추어탕,추어탕,귀인동먹거리촌 골목형상점가,골목형상점가,경기도,,,
e9454d166666bae1adc4,full_annotation_v1,A,q_한식_08,추어탕,음식점 중 '한식'을 판매·제공하는 매장,train,한식,T3 개념확장,9017f493-29c3-47ca-8555-460d4199f0bc,송림추어탕,추어탕,정이있는 구포시장,전통시장,부산광역시,,,
5fca78bc4a9ac9a26227,full_annotation_v1,A,q_한식_08,추어탕,음식점 중 '한식'을 판매·제공하는 매장,train,한식,T3 개념확장,006895c5-d037-4e3d-9cfb-6972007a350a,반찬사랑,반찬,오치2동 골목형상점가,골목형상점가,광주광역시,,,
7af14c0623e984435f1c,full_annotation_v1,A,q_한식_08,추어탕,음식점 중 '한식'을 판매·제공하는 매장,train,한식,T3 개념확장,9e748994-9e86-400d-a65f-a9d504831576,남원추어탕,추어탕,일곡동(제11지역:용전동) 골목형상점가,골목형상점가,광주광역시,,,
0cc828606633e4cd02d0,full_annotation_v1,A,q_한식_08,추어탕,음식점 중 '한식'을 판매·제공하는 매장,train,한식,T3 개념확장,29a57c24-9ea6-4c3e-aa2d-54dbca4425df,삼포추어탕,추어탕,신녕공설시장,전통시장,경상북도,,,
9f64e76f835ddabd73c9,full_annotation_v1,A,q_한식_08,추어탕,음식점 중 '한식'을 판매·제공하는 매장,train,한식,T3 개념확장,78262019-8b02-4823-ae79-c1e9eacfc9f3,창녕추어탕,추어탕,현풍백년도깨비시장,전통시장,대구광역시,,,
2d35667718a94904344f,full_annotation_v1,A,q_한식_08,추어탕,음식점 중 '한식'을 판매·제공하는 매장,train,한식,T3 개념확장,d81fb12e-8c02-45b6-953e-42401b64d6f4,삼복원주추어탕,추어탕,광탄전통시장,전통시장,경기도,,,
ff1cd135a87e5238b69b,full_annotation_v1,A,q_한식_08,추어탕,음식점 중 '한식'을 판매·제공하는 매장,train,한식,T3 개념확장,010b729e-dfdc-4b2c-ac41-376db70ef2c0,우여사애찬방,반찬,안동광석거리 골목형상점가,골목형상점가,경상북도,,,
45fc7ff719b7fc457e59,full_annotation_v1,A,q_한식_08,추어탕,음식점 중 '한식'을 판매·제공하는 매장,train,한식,T3 개념확장,03a6e716-3825-40e3-ba06-e047ee5e5483,부일반찬,김치,초량전통시장,전통시장,부산광역시,,,
1e13d16c0e80a18eda6d,full_annotation_v1,A,q_한식_08,추어탕,음식점 중 '한식'을 판매·제공하는 매장,train,한식,T3 개념확장,784d50fb-6879-40dd-85b2-d39686929204,건아추어탕,추어탕,경주성동공설시장,전통시장,경상북도,,,
70441adcdbcdbebe22ab,full_annotation_v1,A,q_한식_08,추어탕,음식점 중 '한식'을 판매·제공하는 매장,train,한식,T3 개념확장,3ecfae61-cfbc-4676-9a70-2f8daafd0654,역전꽈배기 부천점,분식,원종고강제일시장(부천제일시장),전통시장,경기도,,,
92c1aa70108a5ded4af9,full_annotation_v1,A,q_한식_08,추어탕,음식점 중 '한식'을 판매·제공하는 매장,train,한식,T3 개념확장,a2d9f08d-47d6-4373-83aa-c78b4704636e,용강옛날집,추어탕,강릉서부시장,전통시장,강원특별자치도,,,
f3f1c89ac8bf018dcb45,full_annotation_v1,A,q_한식_08,추어탕,음식점 중 '한식'을 판매·제공하는 매장,train,한식,T3 개념확장,f64588da-a56d-48f1-aefd-40e95e50ba71,종화네 돌솥 추어탕,추어탕,백년소상공인,기타,경기도,,,
79eb4c7b033c4ffddfc1,full_annotation_v1,A,q_한식_08,추어탕,음식점 중 '한식'을 판매·제공하는 매장,train,한식,T3 개념확장,0ed75035-fe74-4abb-a05d-6a31ff9ec94e,고향엄마추어탕,추어탕,불로전통시장,전통시장,대구광역시,,,
fb5eed921a7ddc590647,full_annotation_v1,A,q_한식_08,추어탕,음식점 중 '한식'을 판매·제공하는 매장,train,한식,T3 개념확장,00181552-6cc5-406b-ac59-bf9816f61398,갓지은밥,한식,남광주시장,전통시장,,,,
9444a5281a4adb83d557,full_annotation_v1,A,q_한식_08,추어탕,음식점 중 '한식'을 판매·제공하는 매장,train,한식,T3 개념확장,3002e663-0281-4e6d-acbe-bd90199e24cd,원주복추어탕,추어탕,백년소상공인,기타,강원특별자치도,,,
214bbb38d1346ff9f64f,full_annotation_v1,A,q_한식_08,추어탕,음식점 중 '한식'을 판매·제공하는 매장,train,한식,T3 개념확장,00f60c16-d8be-497f-80f2-aab3209a8d0e,포카포카,식당,전남여고후문 골목형상점가,골목형상점가,광주광역시,,,
e2940e1ab361e5065ee4,full_annotation_v1,A,q_한식_08,추어탕,음식점 중 '한식'을 판매·제공하는 매장,train,한식,T3 개념확장,01b4b567-78d4-4fa1-9bff-25fd01fb1a4c,소문난김치집,김치,중앙먹거리 상인회 골목형상점가,골목형상점가,전라남도,,,
9ec2fb14b3826704e916,full_annotation_v1,A,q_한식_08,추어탕,음식점 중 '한식'을 판매·제공하는 매장,train,한식,T3 개념확장,2f9e2621-8b74-4fbc-9093-a3ea2aba6327,시골추어탕,추어탕,천상중앙길 골목형상점가,골목형상점가,울산광역시,,,
acda395d7dd69f2eb376,full_annotation_v1,A,q_한식_08,추어탕,음식점 중 '한식'을 판매·제공하는 매장,train,한식,T3 개념확장,150c252d-f849-4ee3-9b02-8fed6991fbed,가화추어탕,추어탕,현대시장(수정구),전통시장,경기도,,,
138204a589827bbed219,full_annotation_v1,A,q_한식_08,추어탕,음식점 중 '한식'을 판매·제공하는 매장,train,한식,T3 개념확장,45f5d3cf-09d2-4092-aa12-d7495437aa27,할매추어탕,추어탕,광주고인근 골목형상점가,골목형상점가,광주광역시,,,
cab8113cebb5f215c80f,full_annotation_v1,A,q_한식_08,추어탕,음식점 중 '한식'을 판매·제공하는 매장,train,한식,T3 개념확장,3c171f13-03c9-4149-9fe8-72eb674e0cfb,진잠추어탕,추어탕,진잠 골목형상점가,골목형상점가,대전광역시,,,
bf61a808b4ebcfdf6e78,full_annotation_v1,A,q_한식_08,추어탕,음식점 중 '한식'을 판매·제공하는 매장,train,한식,T3 개념확장,54f336bc-d34d-4e12-b9a7-309f4bc4f071,청도추어탕,추어탕,동서시장,전통시장,대구광역시,,,
d9c3d5308bd9e7ba6761,full_annotation_v1,A,q_한식_08,추어탕,음식점 중 '한식'을 판매·제공하는 매장,train,한식,T3 개념확장,f8ddda33-ce39-4629-bf58-b9a615ebbbd1,낙동추어탕,추어탕,창원 가음정시장,전통시장,경상남도,,,
1ba179fcb6873e78dd1f,full_annotation_v1,A,q_한식_08,추어탕,음식점 중 '한식'을 판매·제공하는 매장,train,한식,T3 개념확장,59642e8b-7b9d-4405-8de2-0d44c9513e66,장수추어탕,추어탕,상하완길 골목형상점가,골목형상점가,광주광역시,,,
0ab78cbbc211df670a99,full_annotation_v1,A,q_한식_08,추어탕,음식점 중 '한식'을 판매·제공하는 매장,train,한식,T3 개념확장,01830c3a-5f7e-4396-9772-38b51bd90dc0,새로나국밥,국밥 족발 머리고기,무등시장,전통시장,광주광역시,,,
9ed42a3ec0d55d26a7b0,full_annotation_v1,A,q_한식_08,추어탕,음식점 중 '한식'을 판매·제공하는 매장,train,한식,T3 개념확장,01e8dcda-39f2-4df9-a2e4-2e63e8a9f480,두꺼비부대찌개,부대찌개,신중동문화거리상점가,자율상권구역,경기도,,,
6a91d6da7c097cd76cae,full_annotation_v1,A,q_한식_08,추어탕,음식점 중 '한식'을 판매·제공하는 매장,train,한식,T3 개념확장,423617b7-260c-4f38-a2e1-9c51102df010,노송추어탕,추어탕,아름드리 골목형상점가,골목형상점가,세종특별자치시,,,
56e24d71561160179ea2,full_annotation_v1,A,q_한식_08,추어탕,음식점 중 '한식'을 판매·제공하는 매장,train,한식,T3 개념확장,73766e74-9038-4799-82d8-ef3478e1a747,엄니추어탕,추어탕,평택시배미지구 골목형상점가,골목형상점가,경기도,,,
b2e9b024dea7be97c7d1,full_annotation_v1,A,q_한식_08,추어탕,음식점 중 '한식'을 판매·제공하는 매장,train,한식,T3 개념확장,01c857cd-3f28-4d83-8fa4-e0abcfb44fbd,수연국밥,국밥,두암사거리 골목형상점가,골목형상점가,광주광역시,,,
f269a5370f1960079d1a,full_annotation_v1,A,q_한식_08,추어탕,음식점 중 '한식'을 판매·제공하는 매장,train,한식,T3 개념확장,28c239f3-b986-4d6b-a01c-477cd3586582,정유통,건어물,신흥시장,전통시장,서울특별시,,,
99667d58df3d5246adc8,full_annotation_v1,A,q_한식_08,추어탕,음식점 중 '한식'을 판매·제공하는 매장,train,한식,T3 개념확장,d2e567ab-943e-4856-b23c-d991e10d0097,"하루,커피",커피,유성문화원 골목형상점가,골목형상점가,대전광역시,,,
0cca4d5e29272ecb6b9d,full_annotation_v1,A,q_한식_08,추어탕,음식점 중 '한식'을 판매·제공하는 매장,train,한식,T3 개념확장,970665e4-ebdd-464d-9203-ce819e4a162c,장자울추어탕,추어탕,해피니스,골목형상점가,광주광역시,,,
8043a150c5a6f98b0f0e,full_annotation_v1,A,q_한식_08,추어탕,음식점 중 '한식'을 판매·제공하는 매장,train,한식,T3 개념확장,b4a93eb5-55fd-4f83-9f57-6cba18b68d51,옛날추어탕,추어탕,학소로 골목형상점가,골목형상점가,광주광역시,,,
760649779d0859b2d03e,full_annotation_v1,A,q_한식_08,추어탕,음식점 중 '한식'을 판매·제공하는 매장,train,한식,T3 개념확장,d0844615-6935-4a00-ab68-4fc61427d3ff,남원추어탕,추어탕,법동 먹자골목 골목형상점가,골목형상점가,대전광역시,,,
fa4fa723647a50300344,full_annotation_v1,A,q_한식_08,추어탕,음식점 중 '한식'을 판매·제공하는 매장,train,한식,T3 개념확장,27689922-62ca-4e9d-ae50-2b91fdf6e718,남원정통추어탕,추어탕,전농배봉산맛집거리골목형상점가,골목형상점가,서울특별시,,,
79ef93b8a46c48287bf4,full_annotation_v1,A,q_한식_08,추어탕,음식점 중 '한식'을 판매·제공하는 매장,train,한식,T3 개념확장,000a95c4-e0a6-4011-86fb-04307bcfae38,황갈비,한식,김천황금시장,전통시장,경상북도,,,
9faebc4b1022c7c1c8e2,full_annotation_v1,A,q_한식_08,추어탕,음식점 중 '한식'을 판매·제공하는 매장,train,한식,T3 개념확장,851bd32d-aa81-4082-96ba-f24d4675616e,레몬나무,,둔산3동근린상가 골목형상점가,골목형상점가,대전광역시,,,
301657e18652632a27de,full_annotation_v1,A,q_한식_08,추어탕,음식점 중 '한식'을 판매·제공하는 매장,train,한식,T3 개념확장,ef36f7c1-76be-4a4f-b468-94a8248258af,남원추어탕,추어탕,상무백운상인회 골목형상점가,골목형상점가,광주광역시,,,
adeb29ba3d470ca165ac,full_annotation_v1,A,q_한식_08,추어탕,음식점 중 '한식'을 판매·제공하는 매장,train,한식,T3 개념확장,0111a38b-8df8-43ae-9c16-778c27352864,본도시락,도시락,배방월천 골목형상점가,골목형상점가,충청남도,,,
2069cf93898c6048ad55,full_annotation_v1,A,q_한식_08,추어탕,음식점 중 '한식'을 판매·제공하는 매장,train,한식,T3 개념확장,01cb3652-fa58-417b-a2fd-2aa0a54fae0a,해밍턴 부대찌개 세종다정점,부대찌개한식,다정중앙 골목형상점가,골목형상점가,세종특별자치시,,,
cb8df54f73a5d6d6a957,full_annotation_v1,A,q_한식_08,추어탕,음식점 중 '한식'을 판매·제공하는 매장,train,한식,T3 개념확장,a2eca944-6395-4875-8acf-ddf7b46c8533,화홍추어탕,추어탕,송죽솔대 골목형상점가,골목형상점가,경기도,,,
52b56aa09f65b635461d,full_annotation_v1,A,q_한식_08,추어탕,음식점 중 '한식'을 판매·제공하는 매장,train,한식,T3 개념확장,04961d72-f5b3-4605-86f3-8130ded3e312,본도시락성서점,,성서우방 골목형상점가,골목형상점가,대구광역시,,,
9cd2ced4ffb8d35d9c33,full_annotation_v1,A,q_한식_08,추어탕,음식점 중 '한식'을 판매·제공하는 매장,train,한식,T3 개념확장,00066748-bce9-4daa-b881-7902dad46f14,하단맛집,한식,하단자율상권구역,,부산광역시,,,
54ff7115b960c5ee6441,full_annotation_v1,A,q_한식_08,추어탕,음식점 중 '한식'을 판매·제공하는 매장,train,한식,T3 개념확장,9382e25c-c28d-4053-8c6d-5ade6d3555b8,다순배기 추어탕,추어탕,첨단지구 골목형상점가,골목형상점가,광주광역시,,,
1e9697d541c021e35d61,full_annotation_v1,A,q_한식_08,추어탕,음식점 중 '한식'을 판매·제공하는 매장,train,한식,T3 개념확장,4da8dbf6-6f26-4272-aab0-8391d5af4cb4,마중물추어탕,추어탕,중문로 골목형상점가,골목형상점가,광주광역시,,,
e26f9b5d1c63c48dece2,full_annotation_v1,A,q_한식_08,추어탕,음식점 중 '한식'을 판매·제공하는 매장,train,한식,T3 개념확장,7132412c-e59f-43d1-b9a3-79bb1e7b895e,섬진강추어탕,추어탕,신가동 골목형상점가,골목형상점가,광주광역시,,,
5ecc67163f7d65fdfc44,full_annotation_v1,A,q_한식_08,추어탕,음식점 중 '한식'을 판매·제공하는 매장,train,한식,T3 개념확장,2807eb9e-d808-457e-b301-7bf45a9f9974,코히코히,커피,대전중앙활성화구역,상권활성화구역,대전광역시,,,
bb01379d8331497a11ec,full_annotation_v1,A,q_한식_08,추어탕,음식점 중 '한식'을 판매·제공하는 매장,train,한식,T3 개념확장,001a2d82-c062-406b-b63c-9a8f8a4c86fa,열린부뚜막협동조합,"한식뷔페, 도시락, 케이터링, 요리강좌, 창업컨설팅, 행사기획",슬기로운 지족역 골목형상점가,골목형상점가,대전광역시,,,
f0a541f227709f38fb28,full_annotation_v1,A,q_한식_08,추어탕,음식점 중 '한식'을 판매·제공하는 매장,train,한식,T3 개념확장,00118834-a0f4-4127-ba7d-f7908ced2e1d,골목집,한식,대흥낭만거리 골목형상점가,골목형상점가,대전광역시,,,
6884986fd8b9a7cd27fe,full_annotation_v1,A,q_한식_08,추어탕,음식점 중 '한식'을 판매·제공하는 매장,train,한식,T3 개념확장,91b859d6-ceb5-4d72-8401-9d0c63e6f0cc,청수국수,한식,성당신시장,전통시장,대구광역시,,,
8ea2a9c0b49da83b64c9,full_annotation_v1,A,q_한식_08,추어탕,음식점 중 '한식'을 판매·제공하는 매장,train,한식,T3 개념확장,04599340-fef6-419e-9987-f6c27fadf888,남원골추어탕,추어탕,말죽거리골목형상점가,골목형상점가,서울특별시,,,
4211cd114be927a16c70,full_annotation_v1,A,q_한식_08,추어탕,음식점 중 '한식'을 판매·제공하는 매장,train,한식,T3 개념확장,47a6d922-e52a-4714-a16c-c77a7a198059,대박추어탕,추어탕,일곡동(제5지역:제1근린공원 건너편),골목형상점가,광주광역시,,,
a98c567b2f11f8920711,full_annotation_v1,A,q_한식_08,추어탕,음식점 중 '한식'을 판매·제공하는 매장,train,한식,T3 개념확장,fd35d499-7cfb-4d8a-8337-88b5fbff7632,남원골추어탕,추어탕,왕십리도선동상점가,자율상권구역,서울특별시,,,
f34efac8f4a7507fe305,full_annotation_v1,A,q_한식_08,추어탕,음식점 중 '한식'을 판매·제공하는 매장,train,한식,T3 개념확장,0741bfd3-b940-4386-9f39-8dd006d28352,한솥도시락 부천시청점,도시락,길주로 골목형상점가,골목형상점가,경기도,,,
e4f00e47f7bda1365b71,full_annotation_v1,A,q_한식_08,추어탕,음식점 중 '한식'을 판매·제공하는 매장,train,한식,T3 개념확장,c7792912-b46a-4d78-b22d-b8c00ff9ea08,고깃수라,한식 고기요리,반석동 골목형상점가,골목형상점가,대전광역시,,,
6cb8e892cd98132a886a,full_annotation_v1,A,q_한식_08,추어탕,음식점 중 '한식'을 판매·제공하는 매장,train,한식,T3 개념확장,2f6da0bf-846b-47af-9b0c-b754cd3b07b8,옛날추어탕,추어탕,동구청앞 골목형상점가,골목형상점가,광주광역시,,,
35cae2d8b049f88e0a04,full_annotation_v1,A,q_한식_08,추어탕,음식점 중 '한식'을 판매·제공하는 매장,train,한식,T3 개념확장,1cfebecd-748d-41fb-8c9c-9c301b58bc7b,용강추어탕,추어탕,유안 골목형상점가,골목형상점가,광주광역시,,,
5ea9afa43ad88ac878fd,full_annotation_v1,A,q_한식_08,추어탕,음식점 중 '한식'을 판매·제공하는 매장,train,한식,T3 개념확장,51583374-29aa-46a4-8c4c-0684de4d6cf6,봉봉씨의 유쾌한 김밥집,,솔매사랑길 골목형상점가,골목형상점가,서울특별시,,,
f770fb2fd055f25b7cbe,full_annotation_v1,A,q_한식_08,추어탕,음식점 중 '한식'을 판매·제공하는 매장,train,한식,T3 개념확장,7bac8317-4601-43c2-aaaa-099d6e635f9b,남원추어탕,추어탕,두암2동광신맨션주변 골목형상점가,골목형상점가,광주광역시,,,
28afd3488789f6deb96d,full_annotation_v1,A,q_한식_08,추어탕,음식점 중 '한식'을 판매·제공하는 매장,train,한식,T3 개념확장,d9ab5b09-09a9-41d1-b4d0-76845a1c43e0,유니오주얼리,주얼리,삼익패션타운,전통시장,서울특별시,,,
0f5e464390b2be7c23ae,full_annotation_v1,A,q_한식_08,추어탕,음식점 중 '한식'을 판매·제공하는 매장,train,한식,T3 개념확장,c118f88e-16bb-4957-8de1-2bdf99b10471,연일 약국,,둔산3동근린상가 골목형상점가,골목형상점가,대전광역시,,,
25a5f87360db384deb5f,full_annotation_v1,A,q_한식_08,추어탕,음식점 중 '한식'을 판매·제공하는 매장,train,한식,T3 개념확장,56e20035-70ae-4e24-8b52-38535ffd7706,정애추어탕,한식 추어탕,서문대로663번길 골목형상점가,골목형상점가,광주광역시,,,
25ae8c519ab287ebf897,full_annotation_v1,A,q_한식_08,추어탕,음식점 중 '한식'을 판매·제공하는 매장,train,한식,T3 개념확장,686cb950-4169-46a0-8104-4c82e8c79baf,큰집추어탕,추어탕,강릉서부시장,전통시장,강원특별자치도,,,
22b5b68791da7bbfbdff,full_annotation_v1,A,q_한식_08,추어탕,음식점 중 '한식'을 판매·제공하는 매장,train,한식,T3 개념확장,e74d8501-6517-41d1-aea7-6da3b5275189,천하추어탕,추어탕,광탄전통시장,전통시장,경기도,,,
de31c8c0db3c71079769,full_annotation_v1,A,q_한식_08,추어탕,음식점 중 '한식'을 판매·제공하는 매장,train,한식,T3 개념확장,98171815-7467-4ac5-981f-e38a59f5a14d,우성추어탕,추어탕,강릉동부시장,전통시장,강원특별자치도,,,
32c0b9b9f99416b71ad1,full_annotation_v1,A,q_한식_08,추어탕,음식점 중 '한식'을 판매·제공하는 매장,train,한식,T3 개념확장,f2412c33-0412-4291-b66e-05dd25c74eae,일경추어탕,추어탕,오류버들시장골목형상점가,골목형상점가,서울특별시,,,
a0cda9b83e50fd9d7ec5,full_annotation_v1,A,q_한식_08,추어탕,음식점 중 '한식'을 판매·제공하는 매장,train,한식,T3 개념확장,e82e46a5-362a-4a79-8049-cbd804720856,첨단섬진강추어탕,추어탕,첨단지구 골목형상점가,골목형상점가,광주광역시,,,
ff11d5c9e53108391768,full_annotation_v1,A,q_한식_08,추어탕,음식점 중 '한식'을 판매·제공하는 매장,train,한식,T3 개념확장,383de1fa-9df8-45d7-88fb-666410f60a70,임실댁가마솥 추어탕,추어탕,장동앞길 골목형상점가,골목형상점가,광주광역시,,,
7a0aff074ae02fbc7fee,full_annotation_v1,A,q_한식_08,추어탕,음식점 중 '한식'을 판매·제공하는 매장,train,한식,T3 개념확장,343c36d1-ae43-4a9b-a06d-f0da98ce5394,고령추어탕,추어탕,대가야 자율상권구역,,경상북도,,,
b87f6aeaa931197ae522,full_annotation_v1,A,q_한식_08,추어탕,음식점 중 '한식'을 판매·제공하는 매장,train,한식,T3 개념확장,0182c177-fcc7-47b0-8e12-99eb221aff79,시장초장식당,"칼국수, 열무비빔밥, 국, 반찬",경주중앙시장,전통시장,경상북도,,,
4ef9ccbf5001f6f28775,full_annotation_v1,A,q_한식_08,추어탕,음식점 중 '한식'을 판매·제공하는 매장,train,한식,T3 개념확장,37cec87a-bb58-470c-81cf-e1da4d862e12,추오정,추어탕,동작구 LINK 상권활성화구역,상권활성화구역,서울특별시,,,
d453d7b1aaaff644655b,full_annotation_v1,A,q_한식_08,추어탕,음식점 중 '한식'을 판매·제공하는 매장,train,한식,T3 개념확장,4c29bae5-95b8-4bd1-9341-1b04f1e8385b,송담추어탕,추어탕,남천바다내음 골목형상점가,골목형상점가,부산광역시,,,
d11455594435e1062d40,full_annotation_v1,A,q_한식_08,추어탕,음식점 중 '한식'을 판매·제공하는 매장,train,한식,T3 개념확장,0a1e5f72-2ca5-49d3-9483-b71bd74c9f9b,점심엔 상무밥집24시,,상무연하상인회 골목형상점가,골목형상점가,광주광역시,,,
23486ec32473435a3612,full_annotation_v1,A,q_한식_08,추어탕,음식점 중 '한식'을 판매·제공하는 매장,train,한식,T3 개념확장,c0b55984-9919-4a82-8559-c70bf14862c1,시골추어탕,추어탕,원주중앙로문화의거리,자율상권구역,강원특별자치도,,,
cd9478f508f00f14c8fc,full_annotation_v1,A,q_한식_08,추어탕,음식점 중 '한식'을 판매·제공하는 매장,train,한식,T3 개념확장,830841d4-0266-41b3-9523-c470eb59ceba,메아리추어탕,추어탕,온양온천역 골목형 상점가,골목형상점가,충청남도,,,
9a5154c0ac2efbfaeb8a,full_annotation_v1,A,q_한식_08,추어탕,음식점 중 '한식'을 판매·제공하는 매장,train,한식,T3 개념확장,2428cff8-a1f2-4af5-8282-45007763282a,섬진강추어탕,추어탕,오치 쌍굴 골목형상점가,골목형상점가,광주광역시,,,
9c11be13438621dcef62,full_annotation_v1,A,q_한식_08,추어탕,음식점 중 '한식'을 판매·제공하는 매장,train,한식,T3 개념확장,01b06c58-1a16-4bd9-81a5-ad284e01da10,신바람국밥,,운암대자골 골목형상점가,골목형상점가,,,,
63bd312e5e2f73905f36,full_annotation_v1,A,q_한식_08,추어탕,음식점 중 '한식'을 판매·제공하는 매장,train,한식,T3 개념확장,30a0bc35-f0d1-4d5d-9826-8d498122538a,밥집,,고창전통시장,전통시장,전북특별자치도,,,
e40eab4ff09c1445c6e1,full_annotation_v1,A,q_한식_08,추어탕,음식점 중 '한식'을 판매·제공하는 매장,train,한식,T3 개념확장,432116f7-6874-4dc3-8e67-62ca4d22ad5b,해신수산,생선,원고개시장,전통시장,대구광역시,,,
c430b4bb0c6ab1540a7d,full_annotation_v1,A,q_한식_08,추어탕,음식점 중 '한식'을 판매·제공하는 매장,train,한식,T3 개념확장,001053bb-9a4d-431c-8073-f2204c857265,유달식당,한식,노량진수산시장골목형상점가,골목형상점가,서울특별시,,,
a65290e1840ea025c7b8,full_annotation_v1,A,q_한식_08,추어탕,음식점 중 '한식'을 판매·제공하는 매장,train,한식,T3 개념확장,01186127-94c8-40c4-8d08-9f84a76c77b0,짱아식당,,다향보성 골목형상점가,골목형상점가,,,,
d5193c97f36fb976f328,full_annotation_v1,A,q_한식_08,추어탕,음식점 중 '한식'을 판매·제공하는 매장,train,한식,T3 개념확장,03bba86e-80c4-42b0-8688-a0c912abdb07,돼지고기김치찌개,김치찌개,도담동 골목형상점가,골목형상점가,세종특별자치시,,,
9e24bee11212b9091c9e,full_annotation_v1,A,q_한식_08,추어탕,음식점 중 '한식'을 판매·제공하는 매장,train,한식,T3 개념확장,e4728f39-3720-44e4-ba1c-913dd413bbb7,황금복추어탕,추어탕,풍암금당상인회 골목형상점가,골목형상점가,광주광역시,,,
adcdd81f381c5e6314e6,full_annotation_v1,A,q_한식_08,추어탕,음식점 중 '한식'을 판매·제공하는 매장,train,한식,T3 개념확장,fb5bd238-1a44-41a7-909f-398ca602cbc7,청도본추어탕,추어탕,경산중앙상점가,자율상권구역,경상북도,,,
bd4ef590b492ffef768c,full_annotation_v1,A,q_한식_08,추어탕,음식점 중 '한식'을 판매·제공하는 매장,train,한식,T3 개념확장,0e0981f9-146a-43b4-9550-08cf3d10f3f2,추향정,추어탕,첨단지구 골목형상점가,골목형상점가,광주광역시,,,
3f3447ee5060cf034216,full_annotation_v1,A,q_한식_08,추어탕,음식점 중 '한식'을 판매·제공하는 매장,train,한식,T3 개념확장,3736b6d9-48d4-481f-a907-2897718883f9,청도추어탕,추어탕,대구예전우시장,전통시장,대구광역시,,,
5d236b80574e496c98ef,full_annotation_v1,A,q_한식_08,추어탕,음식점 중 '한식'을 판매·제공하는 매장,train,한식,T3 개념확장,326dd806-9ad6-44a5-9f0a-56b53c0b5b34,남원 추어탕,,오룡주공 골목형상점가,골목형상점가,전라남도,,,
765ca26747835d718370,full_annotation_v1,A,q_한식_08,추어탕,음식점 중 '한식'을 판매·제공하는 매장,train,한식,T3 개념확장,104b6128-057d-41f6-b09d-3fa8f494b8c5,내가본추어탕,추어탕,두암1동 골목형상점가,골목형상점가,광주광역시,,,
80143b647f79d7881710,full_annotation_v1,A,q_한식_08,추어탕,음식점 중 '한식'을 판매·제공하는 매장,train,한식,T3 개념확장,cd7a586a-03e3-4969-b0fa-a7585e4e393e,네거리약국,약,반석동 골목형상점가,골목형상점가,대전광역시,,,
979174cc487ea61aa4bf,full_annotation_v1,A,q_한식_08,추어탕,음식점 중 '한식'을 판매·제공하는 매장,train,한식,T3 개념확장,c81564ac-eeb2-4a1c-bdc4-1ddb05bdf7f9,한밭명가추어탕,추어탕,인동시장,전통시장,대전광역시,,,
4310cddb235722c53cfb,full_annotation_v1,A,q_한식_08,추어탕,음식점 중 '한식'을 판매·제공하는 매장,train,한식,T3 개념확장,c5a528e8-9105-4a09-8556-3278466c2df4,마중물추어탕,추어탕,풍암운리중상인회 골목형상점가,골목형상점가,광주광역시,,,
bc114b10e85219b6f118,full_annotation_v1,A,q_한식_08,추어탕,음식점 중 '한식'을 판매·제공하는 매장,train,한식,T3 개념확장,2d9f9abe-d6cb-48ed-9437-5f74f7f81763,남원추어탕,추어탕,동부시장 미드랑길 골목형상점가,골목형상점가,서울특별시,,,
6a92e04acdc9b9eb5432,full_annotation_v1,A,q_한식_08,추어탕,음식점 중 '한식'을 판매·제공하는 매장,train,한식,T3 개념확장,c7c4a9df-58e0-4824-a679-4d5c8bc7cbcf,제일이용소,이발,가은아자개시장,전통시장,경상북도,,,
6c3f178ad650539049a4,full_annotation_v1,A,q_한식_08,추어탕,음식점 중 '한식'을 판매·제공하는 매장,train,한식,T3 개념확장,009ee53b-22c6-434e-bb94-47758d092857,미애네 달달스토어,반찬,송현시장,전통시장,인천광역시,,,
68ef7b9e8fb69059e944,full_annotation_v1,A,q_한식_08,추어탕,음식점 중 '한식'을 판매·제공하는 매장,train,한식,T3 개념확장,97b76732-3fbe-42c0-ab04-213c3bdb051e,가마솥밥명품 추어탕,추어탕,성내전통시장,전통시장,서울특별시,,,
c2439f9246cec11914be,full_annotation_v1,A,q_한식_08,추어탕,음식점 중 '한식'을 판매·제공하는 매장,train,한식,T3 개념확장,003003dc-6951-4f07-8cf2-f31334c0b27d,미향반찬,반찬,신안코아,전통시장,경기도,,,
2e11f2111a28d1ecf2fc,full_annotation_v1,A,q_한식_08,추어탕,음식점 중 '한식'을 판매·제공하는 매장,train,한식,T3 개념확장,efe8821e-cd77-4bea-acdf-8eeabbb40a07,평화참우축산물,한우 한돈 소고기 돼지고기 즉석양념식품,평화 골목장 골목형상점가,골목형상점가,대구광역시,,,
52826cdccef32453c522,full_annotation_v1,A,q_한식_08,추어탕,음식점 중 '한식'을 판매·제공하는 매장,train,한식,T3 개념확장,3fa83092-03a7-468f-b321-7c6ffe5cff90,신기장상회,파,부산새벽시장,전통시장,부산광역시,,,
f51f0f8e23bf82ec5595,full_annotation_v1,A,q_한식_08,추어탕,음식점 중 '한식'을 판매·제공하는 매장,train,한식,T3 개념확장,9b52daa7-2130-47e7-b38e-c2c48692d5df,청도추어탕,추어탕,대곡시장,전통시장,대구광역시,,,
2984d9d8217f5b2ad5ca,full_annotation_v1,A,q_한식_08,추어탕,음식점 중 '한식'을 판매·제공하는 매장,train,한식,T3 개념확장,03b84056-803d-4bd8-8a8b-f3d19815797b,땅스부댜찌개,즉석판매찌개,바람골골목형상점가,골목형상점가,충청북도,,,
409528f1edc298234cba,full_annotation_v1,A,q_한식_08,추어탕,음식점 중 '한식'을 판매·제공하는 매장,train,한식,T3 개념확장,25d8323e-bf6a-484a-8996-ebb97b938155,OK스시,초밥집,대림시장,전통시장,서울특별시,,,
dcde5b5797bbfaf9447a,full_annotation_v1,A,q_한식_08,추어탕,음식점 중 '한식'을 판매·제공하는 매장,train,한식,T3 개념확장,a8ada609-9a4d-4168-b9c3-55cbf07f2c71,솥밥과추어탕,추어탕,동홍8번가 골목형상점가,골목형상점가,제주특별자치도,,,
9be3fdfa8014d74b5908,full_annotation_v1,A,q_한식_08,추어탕,음식점 중 '한식'을 판매·제공하는 매장,train,한식,T3 개념확장,47a0d870-700b-46f0-812d-383f798bfa94,추미정,추어탕,태화십리대밭먹거리단지 상점가,자율상권구역,울산광역시,,,
b84719343991e9eecb01,full_annotation_v1,A,q_한식_08,추어탕,음식점 중 '한식'을 판매·제공하는 매장,train,한식,T3 개념확장,1ad27dba-0bc6-4653-a5d8-69274b8cfc52,담양통추어탕,추어탕,상무1동아파트상인회 골목형상점가,골목형상점가,광주광역시,,,
a33d5694ca4fddda5b3b,full_annotation_v1,A,q_한식_08,추어탕,음식점 중 '한식'을 판매·제공하는 매장,train,한식,T3 개념확장,3374ff57-dc8d-4257-bc72-d6b45f63d3a9,하손추어탕장어탕,추어탕,월산로상인회 골목형상점가,골목형상점가,광주광역시,,,
0d552599b14ba58b1a82,full_annotation_v1,A,q_한식_08,추어탕,음식점 중 '한식'을 판매·제공하는 매장,train,한식,T3 개념확장,0130dbd3-b9ea-43f4-98fd-26d8afd90b78,모래내시장순대,식당,전주모래내시장,전통시장,전북특별자치도,,,
a66cf31eac7b26ea93e1,full_annotation_v1,A,q_한식_08,추어탕,음식점 중 '한식'을 판매·제공하는 매장,train,한식,T3 개념확장,31a675ed-383d-4278-97c8-5949eb3fc747,우동김밥집,,비카인드 자율상권구역,,경상북도,,,
e9cd7f3e50c5d6e7db97,full_annotation_v1,A,q_한식_08,추어탕,음식점 중 '한식'을 판매·제공하는 매장,train,한식,T3 개념확장,026a39b8-f17e-4193-a8c8-081de0955dc0,양촌추어탕,추어탕,사직동 서동로 골목형상점가,골목형상점가,광주광역시,,,
94512551e63e6c700f32,full_annotation_v1,A,q_한식_08,추어탕,음식점 중 '한식'을 판매·제공하는 매장,train,한식,T3 개념확장,9dbcbb89-8811-480e-8e40-806ac0f4f958,충북추어탕,추어탕,구리시 구도심 상권활성화구역,상권활성화구역,경기도,,,
a294c8ffc9768c0d2653,full_annotation_v1,A,q_한식_08,추어탕,음식점 중 '한식'을 판매·제공하는 매장,train,한식,T3 개념확장,fc916dd1-b3c6-4f90-b6c3-662cf4f80803,추어탕,한식,아현시장,전통시장,서울특별시,,,
58ed35621427fe091e0a,full_annotation_v1,A,q_한식_08,추어탕,음식점 중 '한식'을 판매·제공하는 매장,train,한식,T3 개념확장,01f160fc-531c-4191-aa22-453462e0f38a,천년,김치,오정동상점가,자율상권구역,대전광역시,,,
04afb46a78cce253fe55,full_annotation_v1,A,q_한식_08,추어탕,음식점 중 '한식'을 판매·제공하는 매장,train,한식,T3 개념확장,e0ac1765-7ffd-4522-a4a1-579e7e2eb74a,어가,추어탕,내곡동골목형상점가,골목형상점가,강원특별자치도,,,
371ab787ce0473cd6a3b,full_annotation_v1,A,q_한식_08,추어탕,음식점 중 '한식'을 판매·제공하는 매장,train,한식,T3 개념확장,8bedf475-61dd-4b15-b056-1fd9b09c91b9,대광추어탕,추어탕,대인시장,전통시장,광주광역시,,,
cf5e5adcc1f1563b585b,full_annotation_v1,A,q_한식_08,추어탕,음식점 중 '한식'을 판매·제공하는 매장,train,한식,T3 개념확장,b1058246-cbae-486d-936e-d404ad0d4e77,연수식당,추어탕,양학시장,전통시장,경상북도,,,
b5e303633abb372fbe8f,full_annotation_v1,A,q_한식_08,추어탕,음식점 중 '한식'을 판매·제공하는 매장,train,한식,T3 개념확장,27783c63-ea17-45cc-8e89-cc27e1e6fdd6,남원추어탕,추어탕,예술의거리 골목형상점가,골목형상점가,광주광역시,,,
097a118123638ff3dd8e,full_annotation_v1,A,q_한식_08,추어탕,음식점 중 '한식'을 판매·제공하는 매장,train,한식,T3 개념확장,bfa61dcf-9e36-492a-86eb-ef5dd41639b4,부길추어탕,추어탕,신창진흥 골목형상점가,골목형상점가,광주광역시,,,
db95d4edfb94f141b712,full_annotation_v1,A,q_한식_08,추어탕,음식점 중 '한식'을 판매·제공하는 매장,train,한식,T3 개념확장,2952c4d5-f8ef-42ba-b924-fd5ce91137b1,설악추어탕,추어탕,서천시장거리 골목형상점가,골목형상점가,충청남도,,,
954699bf776d5c78b247,full_annotation_v1,A,q_한식_08,추어탕,음식점 중 '한식'을 판매·제공하는 매장,train,한식,T3 개념확장,c43a56da-8524-4550-9e29-9cf664e6b884,옛고을추어탕,추어탕,행복상점가,자율상권구역,경상북도,,,
76178e2361ae342d3458,full_annotation_v1,A,q_한식_08,추어탕,음식점 중 '한식'을 판매·제공하는 매장,train,한식,T3 개념확장,a9f290b6-5d0c-4406-aee3-1071c7250b16,남원추어탕,추어탕,방배역먹자골목 골목형상점가,골목형상점가,서울특별시,,,
b8f3a98c56fa63e7a826,full_annotation_v1,A,q_한식_08,추어탕,음식점 중 '한식'을 판매·제공하는 매장,train,한식,T3 개념확장,0ecc1879-e7fa-4985-af68-2ee908f9b670,섬진강 추어탕 창평점,추어탕,슬로시티창평 골목형상점가,골목형상점가,전라남도,,,
63d784d036800f58c7c6,full_annotation_v1,A,q_한식_08,추어탕,음식점 중 '한식'을 판매·제공하는 매장,train,한식,T3 개념확장,b2b84199-0a0a-4f06-8055-a728d633232c,남원추어탕,추어탕,삼익사거리 골목형상점가,골목형상점가,광주광역시,,,
970b72020537b70c3457,full_annotation_v1,A,q_한식_08,추어탕,음식점 중 '한식'을 판매·제공하는 매장,train,한식,T3 개념확장,0239c4e7-2ae3-4f29-8952-19c6d9d1d9a9,세번째집,순대국밥,성환이화시장,전통시장,충청남도,,,
17b3087c9c13001e0a48,full_annotation_v1,A,q_한식_08,추어탕,음식점 중 '한식'을 판매·제공하는 매장,train,한식,T3 개념확장,280ae11c-6e14-421e-8cb6-f4d4273cd6a1,부길추어탕,추어탕,대인동예술담길 골목형상점가,골목형상점가,광주광역시,,,
6bfc29611c9d528e9938,full_annotation_v1,A,q_한식_08,추어탕,음식점 중 '한식'을 판매·제공하는 매장,train,한식,T3 개념확장,54eadc7c-2830-4bf9-9aba-c3def91c51ea,송담추어탕,추어탕,송림골 골목형상점가,골목형상점가,인천광역시,,,
0e92eb4239fde253d9ec,full_annotation_v1,A,q_한식_08,추어탕,음식점 중 '한식'을 판매·제공하는 매장,train,한식,T3 개념확장,01bece07-ad04-4afe-b0bd-0a52427295d1,진주식당,,산청시장,전통시장,경상남도,,,
1b3f99c5175b663bac58,full_annotation_v1,A,q_한식_08,추어탕,음식점 중 '한식'을 판매·제공하는 매장,train,한식,T3 개념확장,635a31a2-c7a9-44da-a020-7e30f8a97c1a,노다지추어탕,추어탕,염주먹자골목A구역상인회 골목형상점가,골목형상점가,광주광역시,,,
8ff1816e06132318daae,full_annotation_v1,A,q_한식_08,추어탕,음식점 중 '한식'을 판매·제공하는 매장,train,한식,T3 개념확장,3abf9c2c-f114-4aac-8453-4e4ca8a2598c,한씨네 대가 추어탕,추어탕,대구약령시장,전통시장,대구광역시,,,
bf702036a8f06ad62af8,full_annotation_v1,A,q_한식_08,추어탕,음식점 중 '한식'을 판매·제공하는 매장,train,한식,T3 개념확장,73cca938-0036-47ab-92e4-ec71f8ff32ab,남원추어탕,추어탕,자양번영로골목형상점가,골목형상점가,서울특별시,,,
cf465e64afa6935f57e7,full_annotation_v1,A,q_한식_08,추어탕,음식점 중 '한식'을 판매·제공하는 매장,train,한식,T3 개념확장,e77bbe26-dc54-481a-9fe5-ab52ddbbf0ff,대령숙수 추어탕,추어탕,반곡동 골목형상점가,골목형상점가,세종특별자치시,,,
7ad2631c43f43ec9aff7,full_annotation_v1,A,q_한식_08,추어탕,음식점 중 '한식'을 판매·제공하는 매장,train,한식,T3 개념확장,10989139-1329-416d-aa6f-1498ee89486a,로아지스,음료 및 제과,반석동 골목형상점가,골목형상점가,대전광역시,,,
4980169848e0db2c447a,full_annotation_v1,A,q_한식_08,추어탕,음식점 중 '한식'을 판매·제공하는 매장,train,한식,T3 개념확장,061fc089-3c87-42dd-9ec4-c57cbe739270,한솥도시락 남천점,도시락,464번길 골목형상점가,골목형상점가,부산광역시,,,
a1122667e18389bed304,full_annotation_v1,A,q_한식_08,추어탕,음식점 중 '한식'을 판매·제공하는 매장,train,한식,T3 개념확장,01b7e8c6-feb8-4cff-a63e-2376ae18dd41,원조생굴뚝배기,국밥,고령대가야시장,전통시장,경상북도,,,
1ed85147161eb53112a4,full_annotation_v1,A,q_한식_08,추어탕,음식점 중 '한식'을 판매·제공하는 매장,train,한식,T3 개념확장,01465138-3544-40c5-a4db-860c2bb8c959,군산수산물종합센터내)매점,매점,군산수산물종합센터,전통시장,전북특별자치도,,,
cef1a4bb692dfe3e1772,full_annotation_v1,A,q_한식_08,추어탕,음식점 중 '한식'을 판매·제공하는 매장,train,한식,T3 개념확장,01286ec0-50e0-4540-b678-ec706fb3bcbb,설곰식당,식당,산업용재관,전통시장,대구광역시,,,
64ebcce9986599d53f86,full_annotation_v1,A,q_한식_08,추어탕,음식점 중 '한식'을 판매·제공하는 매장,train,한식,T3 개념확장,030bc960-9493-4dd5-93ea-5b56023601af,왕돼지 김치찌개,김치찌개,쌍정 골목형상점가,골목형상점가,전라남도,,,
cbe464903936d0a5e604,full_annotation_v1,A,q_한식_08,추어탕,음식점 중 '한식'을 판매·제공하는 매장,train,한식,T3 개념확장,0dad3189-549f-483b-8fe3-044bea265d13,동림추어탕,추어탕,동림1 골목형상점가,골목형상점가,광주광역시,,,
b6a9833983965aefea5f,full_annotation_v1,A,q_한식_08,추어탕,음식점 중 '한식'을 판매·제공하는 매장,train,한식,T3 개념확장,30b55fdc-855d-431e-8b14-afcf3332dfed,횟집영덕,음식점,댕리단길 골목형상점가,골목형상점가,경기도,,,
07389df5e44493f438af,full_annotation_v1,A,q_한식_08,추어탕,음식점 중 '한식'을 판매·제공하는 매장,train,한식,T3 개념확장,05530d0f-82ed-47a1-8015-32b6c30e3752,진수산삼다식품,"젓갈류, 김치, 수산물",동문재래시장,전통시장,제주특별자치도,,,
5dcb94649a0628650428,full_annotation_v1,A,q_한식_09,밥 먹을 한식집,음식점 중 '한식'을 판매·제공하는 매장,train,한식,T4 구어·문장,1ee94ac3-1afc-4538-9d5a-f0f3097a0f40,수 돈부리,밥,보정중심 골목형상점가,골목형상점가,경기도,,,
27a64e67ebcc8c6136af,full_annotation_v1,A,q_한식_09,밥 먹을 한식집,음식점 중 '한식'을 판매·제공하는 매장,train,한식,T4 구어·문장,001a2d82-c062-406b-b63c-9a8f8a4c86fa,열린부뚜막협동조합,"한식뷔페, 도시락, 케이터링, 요리강좌, 창업컨설팅, 행사기획",슬기로운 지족역 골목형상점가,골목형상점가,대전광역시,,,
a47f0d8d6167aa747d59,full_annotation_v1,A,q_한식_09,밥 먹을 한식집,음식점 중 '한식'을 판매·제공하는 매장,train,한식,T4 구어·문장,00f60c16-d8be-497f-80f2-aab3209a8d0e,포카포카,식당,전남여고후문 골목형상점가,골목형상점가,광주광역시,,,
52e52f5710ed8da6abbe,full_annotation_v1,A,q_한식_09,밥 먹을 한식집,음식점 중 '한식'을 판매·제공하는 매장,train,한식,T4 구어·문장,90376d82-87fd-4a8d-99b7-9c03ee2815b1,먹을래싸갈래,,사직거인 골목형상점가,골목형상점가,부산광역시,,,
4cda56e2c0e447558029,full_annotation_v1,A,q_한식_09,밥 먹을 한식집,음식점 중 '한식'을 판매·제공하는 매장,train,한식,T4 구어·문장,5288793b-9331-4ec3-8b09-01b1b2dd77b3,먹쇠돌쇠,한식,남현동예술인마을골목형상점가,골목형상점가,서울특별시,,,
4201c1fe141117d51d27,full_annotation_v1,A,q_한식_09,밥 먹을 한식집,음식점 중 '한식'을 판매·제공하는 매장,train,한식,T4 구어·문장,009ee53b-22c6-434e-bb94-47758d092857,미애네 달달스토어,반찬,송현시장,전통시장,인천광역시,,,
d2dc963e00869a3198ab,full_annotation_v1,A,q_한식_09,밥 먹을 한식집,음식점 중 '한식'을 판매·제공하는 매장,train,한식,T4 구어·문장,04961d72-f5b3-4605-86f3-8130ded3e312,본도시락성서점,,성서우방 골목형상점가,골목형상점가,대구광역시,,,
7f6dda826635e813a6a6,full_annotation_v1,A,q_한식_09,밥 먹을 한식집,음식점 중 '한식'을 판매·제공하는 매장,train,한식,T4 구어·문장,74267cae-9b6c-48f0-ad19-2e87c8ace3af,국수라,면 및 밥,광복마을길 골목형상점가,골목형상점가,광주광역시,,,
3975ced4b12045c7352c,full_annotation_v1,A,q_한식_09,밥 먹을 한식집,음식점 중 '한식'을 판매·제공하는 매장,train,한식,T4 구어·문장,6e7fa5fe-03db-4b50-84a6-97970ab55e52,엄마손돈까스,돈까스 밥,매곡 사랑길 골목형상점가,골목형상점가,광주광역시,,,
42d44e9b1fae93ca2e9e,full_annotation_v1,A,q_한식_09,밥 먹을 한식집,음식점 중 '한식'을 판매·제공하는 매장,train,한식,T4 구어·문장,476f6ac8-5bc8-4f42-8371-6bfcd5d60d0c,월드뷰티,화장품,수완이지더원 골목형상점가,골목형상점가,광주광역시,,,
187f5c4db1f8a489af95,full_annotation_v1,A,q_한식_09,밥 먹을 한식집,음식점 중 '한식'을 판매·제공하는 매장,train,한식,T4 구어·문장,01f160fc-531c-4191-aa22-453462e0f38a,천년,김치,오정동상점가,자율상권구역,대전광역시,,,
89485407f10fd128d962,full_annotation_v1,A,q_한식_09,밥 먹을 한식집,음식점 중 '한식'을 판매·제공하는 매장,train,한식,T4 구어·문장,00118834-a0f4-4127-ba7d-f7908ced2e1d,골목집,한식,대흥낭만거리 골목형상점가,골목형상점가,대전광역시,,,
6a75f621010dcd11ba37,full_annotation_v1,A,q_한식_09,밥 먹을 한식집,음식점 중 '한식'을 판매·제공하는 매장,train,한식,T4 구어·문장,5df48973-058e-43ad-b294-c20d41afd9ed,착한흑돼지,한식,충장로123가 상점가,자율상권구역,광주광역시,,,
1a48c73374c9dcc7b31e,full_annotation_v1,A,q_한식_09,밥 먹을 한식집,음식점 중 '한식'을 판매·제공하는 매장,train,한식,T4 구어·문장,98a62c74-d168-4402-aa13-6b37c7832925,국수나무 세종아름점,밥,아름동상점가,자율상권구역,세종특별자치시,,,
b125de233f5792efee1c,full_annotation_v1,A,q_한식_09,밥 먹을 한식집,음식점 중 '한식'을 판매·제공하는 매장,train,한식,T4 구어·문장,4e18884b-b988-4e7c-ac2f-860c31c3ddb6,더하다 밥,음식,대명5동아우름길 골목형상점가,골목형상점가,대구광역시,,,
aa8e23d2e8991d155b2e,full_annotation_v1,A,q_한식_09,밥 먹을 한식집,음식점 중 '한식'을 판매·제공하는 매장,train,한식,T4 구어·문장,003003dc-6951-4f07-8cf2-f31334c0b27d,미향반찬,반찬,신안코아,전통시장,경기도,,,
9fe6cc8307cf5b258c15,full_annotation_v1,A,q_한식_09,밥 먹을 한식집,음식점 중 '한식'을 판매·제공하는 매장,train,한식,T4 구어·문장,30a0bc35-f0d1-4d5d-9826-8d498122538a,밥집,,고창전통시장,전통시장,전북특별자치도,,,
dadbc96c0e40ec06d923,full_annotation_v1,A,q_한식_09,밥 먹을 한식집,음식점 중 '한식'을 판매·제공하는 매장,train,한식,T4 구어·문장,9d7940bb-3dd5-4557-8448-ccb465df0b6a,"매일, 밥",한식,한들물빛도시 골목형 상점가,골목형상점가,충청남도,,,
680c2cdb515558cc7477,full_annotation_v1,A,q_한식_09,밥 먹을 한식집,음식점 중 '한식'을 판매·제공하는 매장,train,한식,T4 구어·문장,a54422ab-e457-48f6-90bc-bfe7c5e9053d,밥,,천안역지하상가,일반지하상점가,충청남도,,,
d3baa4b72e5328b830af,full_annotation_v1,A,q_한식_09,밥 먹을 한식집,음식점 중 '한식'을 판매·제공하는 매장,train,한식,T4 구어·문장,63fe5f1d-f6c6-49f8-82f9-f78f61dad67f,간식집,한식,공주산성시장,전통시장,충청남도,,,
5223a20550cf07da6785,full_annotation_v1,A,q_한식_09,밥 먹을 한식집,음식점 중 '한식'을 판매·제공하는 매장,train,한식,T4 구어·문장,01b7e8c6-feb8-4cff-a63e-2376ae18dd41,원조생굴뚝배기,국밥,고령대가야시장,전통시장,경상북도,,,
2a8ac48e668fa5592140,full_annotation_v1,A,q_한식_09,밥 먹을 한식집,음식점 중 '한식'을 판매·제공하는 매장,train,한식,T4 구어·문장,061fc089-3c87-42dd-9ec4-c57cbe739270,한솥도시락 남천점,도시락,464번길 골목형상점가,골목형상점가,부산광역시,,,
df66ad1a92854c10f06c,full_annotation_v1,A,q_한식_09,밥 먹을 한식집,음식점 중 '한식'을 판매·제공하는 매장,train,한식,T4 구어·문장,925570dd-19c0-477d-a316-e60892dc965e,유정상사,잡화,봉덕신시장,전통시장,대구광역시,,,
582d05ad2050da8cea2f,full_annotation_v1,A,q_한식_09,밥 먹을 한식집,음식점 중 '한식'을 판매·제공하는 매장,train,한식,T4 구어·문장,f465d36e-432b-43d3-8a4d-128b708e2905,로고(L000),여성의류,충장로123가 상점가,자율상권구역,광주광역시,,,
cd6299a4175cfaa1ef48,full_annotation_v1,A,q_한식_09,밥 먹을 한식집,음식점 중 '한식'을 판매·제공하는 매장,train,한식,T4 구어·문장,ee140e33-12a8-45ca-a6c9-507ee89f1e36,분식집,,남평읍1로 골목형상점가,골목형상점가,,,,
de5d9c8f840ea9f64dcc,full_annotation_v1,A,q_한식_09,밥 먹을 한식집,음식점 중 '한식'을 판매·제공하는 매장,train,한식,T4 구어·문장,00066748-bce9-4daa-b881-7902dad46f14,하단맛집,한식,하단자율상권구역,,부산광역시,,,
68cd572beedcf4ae64c6,full_annotation_v1,A,q_한식_09,밥 먹을 한식집,음식점 중 '한식'을 판매·제공하는 매장,train,한식,T4 구어·문장,a046f22a-16ab-423b-acb3-2254c7dbae47,봉구스밥버거 서부자이점,밥.고기.야채,지웰시티자이상가 골목형상점가,골목형상점가,울산광역시,,,
6970a471841a62766472,full_annotation_v1,A,q_한식_09,밥 먹을 한식집,음식점 중 '한식'을 판매·제공하는 매장,train,한식,T4 구어·문장,643018ce-a5bb-4088-b25c-df7f1707f4b9,"용화횟집, 용수노래연습장",,거제 성포 골목형상점가,골목형상점가,경상남도,,,
c446179b81b9c1be40a5,full_annotation_v1,A,q_한식_09,밥 먹을 한식집,음식점 중 '한식'을 판매·제공하는 매장,train,한식,T4 구어·문장,51583374-29aa-46a4-8c4c-0684de4d6cf6,봉봉씨의 유쾌한 김밥집,,솔매사랑길 골목형상점가,골목형상점가,서울특별시,,,
91444f0a422b302162f9,full_annotation_v1,A,q_한식_09,밥 먹을 한식집,음식점 중 '한식'을 판매·제공하는 매장,train,한식,T4 구어·문장,05530d0f-82ed-47a1-8015-32b6c30e3752,진수산삼다식품,"젓갈류, 김치, 수산물",동문재래시장,전통시장,제주특별자치도,,,
50d28093867de8df3aaa,full_annotation_v1,A,q_한식_09,밥 먹을 한식집,음식점 중 '한식'을 판매·제공하는 매장,train,한식,T4 구어·문장,94096b07-1346-4c0c-8f12-8555e10f7e58,먹심,한식,진잠 골목형상점가,골목형상점가,대전광역시,,,
e85046b87cd23011f693,full_annotation_v1,A,q_한식_09,밥 먹을 한식집,음식점 중 '한식'을 판매·제공하는 매장,train,한식,T4 구어·문장,bb6be333-7cb5-424f-a1fe-96987b33fa07,밥&반찬,한식,(유)다사소상공인연합,골목형상점가,대구광역시,,,
16df861a3963cd7f4149,full_annotation_v1,A,q_한식_09,밥 먹을 한식집,음식점 중 '한식'을 판매·제공하는 매장,train,한식,T4 구어·문장,265124b0-be32-4c54-8013-34ddddb1adad,죽원,죽 밥 도시락,진주 논개시장,전통시장,경상남도,,,
0354a760819b916adbc6,full_annotation_v1,A,q_한식_09,밥 먹을 한식집,음식점 중 '한식'을 판매·제공하는 매장,train,한식,T4 구어·문장,a81075f6-7751-44ad-b70a-b576ce24614e,본죽앤비빔밥광주수완점,밥 식사,희담길,골목형상점가,광주광역시,,,
236a23e75e88a62a8bed,full_annotation_v1,A,q_한식_09,밥 먹을 한식집,음식점 중 '한식'을 판매·제공하는 매장,train,한식,T4 구어·문장,0182c177-fcc7-47b0-8e12-99eb221aff79,시장초장식당,"칼국수, 열무비빔밥, 국, 반찬",경주중앙시장,전통시장,경상북도,,,
7b1c647389c2290b623d,full_annotation_v1,A,q_한식_09,밥 먹을 한식집,음식점 중 '한식'을 판매·제공하는 매장,train,한식,T4 구어·문장,367fa17b-037d-4217-a4c7-452e598bb61f,신포횟집,민어횟집,신포시장,전통시장,인천광역시,,,
0291af49dc80a60b462a,full_annotation_v1,A,q_한식_09,밥 먹을 한식집,음식점 중 '한식'을 판매·제공하는 매장,train,한식,T4 구어·문장,01465138-3544-40c5-a4db-860c2bb8c959,군산수산물종합센터내)매점,매점,군산수산물종합센터,전통시장,전북특별자치도,,,
39938ea91368417259c0,full_annotation_v1,A,q_한식_09,밥 먹을 한식집,음식점 중 '한식'을 판매·제공하는 매장,train,한식,T4 구어·문장,41754723-25d0-47ba-a3b8-150d60a44f54,먹쇠식당,한식,배밭골골목형상점가,골목형상점가,서울특별시,,,
0b7ea07f2415a7fe4ea0,full_annotation_v1,A,q_한식_09,밥 먹을 한식집,음식점 중 '한식'을 판매·제공하는 매장,train,한식,T4 구어·문장,aa5bf0a7-21ce-4510-8083-bda0c2c04d93,국수나무동림점,국수 밥 돈가스,동천동먹자골목1번가상인회 골목형상점가,골목형상점가,광주광역시,,,
6397f4d5108abae50689,full_annotation_v1,A,q_한식_09,밥 먹을 한식집,음식점 중 '한식'을 판매·제공하는 매장,train,한식,T4 구어·문장,ef0cb24e-07e4-45ec-98cf-9d6a54c06386,밥강도,한식,잠원하길골목형상점가,골목형상점가,서울특별시,,,
08ac6005d923b271f44a,full_annotation_v1,A,q_한식_09,밥 먹을 한식집,음식점 중 '한식'을 판매·제공하는 매장,train,한식,T4 구어·문장,03b84056-803d-4bd8-8a8b-f3d19815797b,땅스부댜찌개,즉석판매찌개,바람골골목형상점가,골목형상점가,충청북도,,,
957491a5fe24214fe17e,full_annotation_v1,A,q_한식_09,밥 먹을 한식집,음식점 중 '한식'을 판매·제공하는 매장,train,한식,T4 구어·문장,01cb3652-fa58-417b-a2fd-2aa0a54fae0a,해밍턴 부대찌개 세종다정점,부대찌개한식,다정중앙 골목형상점가,골목형상점가,세종특별자치시,,,
83a031a52cc337c59d58,full_annotation_v1,A,q_한식_09,밥 먹을 한식집,음식점 중 '한식'을 판매·제공하는 매장,train,한식,T4 구어·문장,2056c69e-64b4-4b28-8ce2-800cbcec3e25,먹을꼬얌,음식,산본로데오거리(구 산본중심상가),자율상권구역,경기도,,,
5a69f77196f9ee0bc560,full_annotation_v1,A,q_한식_09,밥 먹을 한식집,음식점 중 '한식'을 판매·제공하는 매장,train,한식,T4 구어·문장,e544b68e-a2e1-402f-b6d3-2335a07b8fe1,고밥,한식,자동차의거리,자율상권구역,광주광역시,,,
019d0e2f28febd9cf5c9,full_annotation_v1,A,q_한식_09,밥 먹을 한식집,음식점 중 '한식'을 판매·제공하는 매장,train,한식,T4 구어·문장,6b6db7db-16f6-4c2a-ae17-3df3e118bf19,먹돼지,한식,숭실마루길골목형상점가,골목형상점가,서울특별시,,,
6ded7d7df5acdd4d5c68,full_annotation_v1,A,q_한식_09,밥 먹을 한식집,음식점 중 '한식'을 판매·제공하는 매장,train,한식,T4 구어·문장,235b847a-0b3b-40ed-865d-89dcb24575b8,운암식육식당,소고기 돼지고기 밥 술,벽산황계로 골목형상점가,골목형상점가,광주광역시,,,
00973adc7c475821016d,full_annotation_v1,A,q_한식_09,밥 먹을 한식집,음식점 중 '한식'을 판매·제공하는 매장,train,한식,T4 구어·문장,1cfef4e0-3f5d-410c-bae2-bd67fd99af20,백세탕국,"국, 밥",송화벽화시장,전통시장,서울특별시,,,
7f68bf66fb68e0610013,full_annotation_v1,A,q_한식_09,밥 먹을 한식집,음식점 중 '한식'을 판매·제공하는 매장,train,한식,T4 구어·문장,a11e43a0-aba7-422d-baae-a2bfcd702640,알미상회,수산물,강화풍물시장,전통시장,인천광역시,,,
ad817817b1ed1d4e820e,full_annotation_v1,A,q_한식_09,밥 먹을 한식집,음식점 중 '한식'을 판매·제공하는 매장,train,한식,T4 구어·문장,b96a3e14-b352-4936-b6c8-c30169fec54f,동미네 분식집,분식,광탄전통시장,전통시장,경기도,,,
f8531a8dc305aa687de0,full_annotation_v1,A,q_한식_09,밥 먹을 한식집,음식점 중 '한식'을 판매·제공하는 매장,train,한식,T4 구어·문장,d5e6c49c-7b3e-4d3b-afde-9b7aeb21fe8f,밥정,한식,해남매일시장,전통시장,전라남도,,,
e38df0de61cebc46785d,full_annotation_v1,A,q_한식_09,밥 먹을 한식집,음식점 중 '한식'을 판매·제공하는 매장,train,한식,T4 구어·문장,12b98dce-8922-41f9-aaff-e0b502aed76d,우정식당,밥,송현시장,전통시장,인천광역시,,,
9820015afac1b00c6694,full_annotation_v1,A,q_한식_09,밥 먹을 한식집,음식점 중 '한식'을 판매·제공하는 매장,train,한식,T4 구어·문장,25d8323e-bf6a-484a-8996-ebb97b938155,OK스시,초밥집,대림시장,전통시장,서울특별시,,,
ba7979a48fb3cf39f691,full_annotation_v1,A,q_한식_09,밥 먹을 한식집,음식점 중 '한식'을 판매·제공하는 매장,train,한식,T4 구어·문장,030bc960-9493-4dd5-93ea-5b56023601af,왕돼지 김치찌개,김치찌개,쌍정 골목형상점가,골목형상점가,전라남도,,,
4431e621fbbdf403052f,full_annotation_v1,A,q_한식_09,밥 먹을 한식집,음식점 중 '한식'을 판매·제공하는 매장,train,한식,T4 구어·문장,95941d7f-fcb6-45f4-8394-4feb03b36a56,우주전기,공구,오정동상점가,자율상권구역,대전광역시,,,
d76b731c21eb38c9fb18,full_annotation_v1,A,q_한식_09,밥 먹을 한식집,음식점 중 '한식'을 판매·제공하는 매장,train,한식,T4 구어·문장,9520aa6a-89a5-432d-802c-88d01797ffcb,엄마손분식,분식집,송강동 골목형상점가,골목형상점가,대전광역시,,,
6598e33637ffd810152d,full_annotation_v1,A,q_한식_09,밥 먹을 한식집,음식점 중 '한식'을 판매·제공하는 매장,train,한식,T4 구어·문장,de84fc9f-b40a-4e34-9e49-12ab488220d2,두 정 쌈 밥,한식,오전모락골목형상점가,골목형상점가,경기도,,,
bc0ed9353bac47f1d57b,full_annotation_v1,A,q_한식_09,밥 먹을 한식집,음식점 중 '한식'을 판매·제공하는 매장,train,한식,T4 구어·문장,0ca7b056-fbc8-49cf-9e4d-dd738c848ea1,똔꼬집,한식,금호1동상가번영회 골목형상점가,골목형상점가,광주광역시,,,
44c875236907364bec6d,full_annotation_v1,A,q_한식_09,밥 먹을 한식집,음식점 중 '한식'을 판매·제공하는 매장,train,한식,T4 구어·문장,a5ea95c1-c655-422d-b2a8-496bb72842d4,최민주 더업 밥,돈까스 제육 오징어 카레,방배역먹자골목 골목형상점가,골목형상점가,서울특별시,,,
8b22b296660144a2c9f1,full_annotation_v1,A,q_한식_09,밥 먹을 한식집,음식점 중 '한식'을 판매·제공하는 매장,train,한식,T4 구어·문장,743e7bd5-ea15-440e-8337-6078d1216166,먹짱,한식,결초보은시장(구 보은종합시장),전통시장,충청북도,,,
23254a928c7292415057,full_annotation_v1,A,q_한식_09,밥 먹을 한식집,음식점 중 '한식'을 판매·제공하는 매장,train,한식,T4 구어·문장,e713f955-e56c-4fb5-88e6-dc05c8b00ed2,김&밥,김밥,후평3동 행복마을 골목형상점가,골목형상점가,강원특별자치도,,,
7c50c93738b8c88b0cfc,full_annotation_v1,A,q_한식_09,밥 먹을 한식집,음식점 중 '한식'을 판매·제공하는 매장,train,한식,T4 구어·문장,01e8dcda-39f2-4df9-a2e4-2e63e8a9f480,두꺼비부대찌개,부대찌개,신중동문화거리상점가,자율상권구역,경기도,,,
7d2060d88cbd8ad0cb0a,full_annotation_v1,A,q_한식_09,밥 먹을 한식집,음식점 중 '한식'을 판매·제공하는 매장,train,한식,T4 구어·문장,1703e1b1-e705-4cfd-8a8f-1ee7fb20785d,명인면옥 첨단,밥 면 경양식돈가수,임방울대로 골목형상점가,골목형상점가,광주광역시,,,
131bd4babda63989b37d,full_annotation_v1,A,q_한식_09,밥 먹을 한식집,음식점 중 '한식'을 판매·제공하는 매장,train,한식,T4 구어·문장,0741bfd3-b940-4386-9f39-8dd006d28352,한솥도시락 부천시청점,도시락,길주로 골목형상점가,골목형상점가,경기도,,,
4a71222957198a41ddc5,full_annotation_v1,A,q_한식_09,밥 먹을 한식집,음식점 중 '한식'을 판매·제공하는 매장,train,한식,T4 구어·문장,aea83108-49b6-4efd-808a-18ee61566514,밥&술,돈까스,대화전통시장,전통시장,강원특별자치도,,,
b3a082cb39ec162d3a42,full_annotation_v1,A,q_한식_09,밥 먹을 한식집,음식점 중 '한식'을 판매·제공하는 매장,train,한식,T4 구어·문장,006895c5-d037-4e3d-9cfb-6972007a350a,반찬사랑,반찬,오치2동 골목형상점가,골목형상점가,광주광역시,,,
3db92ceb272a00fbfe9e,full_annotation_v1,A,q_한식_09,밥 먹을 한식집,음식점 중 '한식'을 판매·제공하는 매장,train,한식,T4 구어·문장,83e62bdd-ecb4-4e05-bbee-189a9c18af25,카페해바나(Cafe HAEBANAR),,거제 성포 골목형상점가,골목형상점가,경상남도,,,
9031fd4658a177535fc3,full_annotation_v1,A,q_한식_09,밥 먹을 한식집,음식점 중 '한식'을 판매·제공하는 매장,train,한식,T4 구어·문장,15d1af00-33ca-479b-aee9-e167fbea65f9,봉봉만두,"만두, 주류, 밥",대가야 자율상권구역,,경상북도,,,
669564617503f07c7760,full_annotation_v1,A,q_한식_09,밥 먹을 한식집,음식점 중 '한식'을 판매·제공하는 매장,train,한식,T4 구어·문장,f2308484-80cf-45ec-92be-990bcc5a317f,양식집,파스타 돈까스,행복 북문대로2 골목형상점가,골목형상점가,광주광역시,,,
91525becdb482d9a0d51,full_annotation_v1,A,q_한식_09,밥 먹을 한식집,음식점 중 '한식'을 판매·제공하는 매장,train,한식,T4 구어·문장,b5410067-7538-48f5-99b6-2a6c66ee4498,수락관식당,밥,가은아자개시장,전통시장,경상북도,,,
45b314f7c12649490c91,full_annotation_v1,A,q_한식_09,밥 먹을 한식집,음식점 중 '한식'을 판매·제공하는 매장,train,한식,T4 구어·문장,0130dbd3-b9ea-43f4-98fd-26d8afd90b78,모래내시장순대,식당,전주모래내시장,전통시장,전북특별자치도,,,
3112e38f0b7f8fd1cae2,full_annotation_v1,A,q_한식_09,밥 먹을 한식집,음식점 중 '한식'을 판매·제공하는 매장,train,한식,T4 구어·문장,b0525944-c980-4d0b-804b-de8c397c6ab5,진시황,중식집,담양중앙2번가 골목형상점가,골목형상점가,전라남도,,,
87cb4832b4bd423c9b7d,full_annotation_v1,A,q_한식_09,밥 먹을 한식집,음식점 중 '한식'을 판매·제공하는 매장,train,한식,T4 구어·문장,001053bb-9a4d-431c-8073-f2204c857265,유달식당,한식,노량진수산시장골목형상점가,골목형상점가,서울특별시,,,
ef5066cc219d8560d7c0,full_annotation_v1,A,q_한식_09,밥 먹을 한식집,음식점 중 '한식'을 판매·제공하는 매장,train,한식,T4 구어·문장,01b4b567-78d4-4fa1-9bff-25fd01fb1a4c,소문난김치집,김치,중앙먹거리 상인회 골목형상점가,골목형상점가,전라남도,,,
84f33b45f10a9045bd18,full_annotation_v1,A,q_한식_09,밥 먹을 한식집,음식점 중 '한식'을 판매·제공하는 매장,train,한식,T4 구어·문장,9a4a9815-e568-43df-a13e-e3087118cc7f,밥향기,한식,청천시장(구 청천전통시장),전통시장,충청북도,,,
f560bea797ca2dbbc83f,full_annotation_v1,A,q_한식_09,밥 먹을 한식집,음식점 중 '한식'을 판매·제공하는 매장,train,한식,T4 구어·문장,01b06c58-1a16-4bd9-81a5-ad284e01da10,신바람국밥,,운암대자골 골목형상점가,골목형상점가,,,,
022128b21435985c60b8,full_annotation_v1,A,q_한식_09,밥 먹을 한식집,음식점 중 '한식'을 판매·제공하는 매장,train,한식,T4 구어·문장,54824594-a09c-4425-8438-145a2b6a57f2,자연뜨락,반찬,영덕시장,전통시장,경상북도,,,
3c904f656ed59beb3970,full_annotation_v1,A,q_한식_09,밥 먹을 한식집,음식점 중 '한식'을 판매·제공하는 매장,train,한식,T4 구어·문장,7fde034b-96e4-455a-83e2-7b5692b96a17,먹을터,한식,화성행궁골목형상점가,골목형상점가,경기도,,,
d656238d6a13d33990e6,full_annotation_v1,A,q_한식_09,밥 먹을 한식집,음식점 중 '한식'을 판매·제공하는 매장,train,한식,T4 구어·문장,7d02bc66-689e-419d-8668-f7a567e56ec0,밥앤죽,한식,월곡달빛오거리골목형상점가,골목형상점가,서울특별시,,,
681dfe346547d2f963f5,full_annotation_v1,A,q_한식_09,밥 먹을 한식집,음식점 중 '한식'을 판매·제공하는 매장,train,한식,T4 구어·문장,5e93a6ca-95dc-4686-862a-cdb9364d8073,한식집(구)숟가락젓가락,한식,경주중심상가,전통시장,경상북도,,,
31c7cbada426f3e9b767,full_annotation_v1,A,q_한식_09,밥 먹을 한식집,음식점 중 '한식'을 판매·제공하는 매장,train,한식,T4 구어·문장,3eacb9b3-eb80-4808-96f6-0ae431d2aed3,밥&찌개,한식,번성 상점가,골목형상점가,경기도,,,
88e53af30581d9cde33d,full_annotation_v1,A,q_한식_09,밥 먹을 한식집,음식점 중 '한식'을 판매·제공하는 매장,train,한식,T4 구어·문장,1823f4db-20a6-4ee9-8fb1-a054386b2f09,밥&포차 별미식당,한식,매탄중심상가 골목형상점가,골목형상점가,경기도,,,
dc22aa879fe54298093c,full_annotation_v1,A,q_한식_09,밥 먹을 한식집,음식점 중 '한식'을 판매·제공하는 매장,train,한식,T4 구어·문장,58507418-7577-4895-b49e-3b4ab6ba501c,스시오,일식집,수원역로데오거리상점가(매산로테마거리),자율상권구역,경기도,,,
ea48707ceb285cbb72b5,full_annotation_v1,A,q_한식_09,밥 먹을 한식집,음식점 중 '한식'을 판매·제공하는 매장,train,한식,T4 구어·문장,01c857cd-3f28-4d83-8fa4-e0abcfb44fbd,수연국밥,국밥,두암사거리 골목형상점가,골목형상점가,광주광역시,,,
06a3e1180b85fbe63f95,full_annotation_v1,A,q_한식_09,밥 먹을 한식집,음식점 중 '한식'을 판매·제공하는 매장,train,한식,T4 구어·문장,0239c4e7-2ae3-4f29-8952-19c6d9d1d9a9,세번째집,순대국밥,성환이화시장,전통시장,충청남도,,,
03465f373aff0791fd00,full_annotation_v1,A,q_한식_09,밥 먹을 한식집,음식점 중 '한식'을 판매·제공하는 매장,train,한식,T4 구어·문장,010b729e-dfdc-4b2c-ac41-376db70ef2c0,우여사애찬방,반찬,안동광석거리 골목형상점가,골목형상점가,경상북도,,,
920a1d38976edaeabb0f,full_annotation_v1,A,q_한식_09,밥 먹을 한식집,음식점 중 '한식'을 판매·제공하는 매장,train,한식,T4 구어·문장,324e7edf-02a4-4650-b745-799d37ae3a4e,낮에는 밥 밤에는 고기,한식,화정한울타리상인회 골목형상점가,골목형상점가,광주광역시,,,
6854e804ffd42c703d7f,full_annotation_v1,A,q_한식_09,밥 먹을 한식집,음식점 중 '한식'을 판매·제공하는 매장,train,한식,T4 구어·문장,55aef460-da14-4c55-9ee4-13566e5ad15f,밥에찬,한식,태전중앙시장,전통시장,대구광역시,,,
f015efe27f9b95eb8abc,full_annotation_v1,A,q_한식_09,밥 먹을 한식집,음식점 중 '한식'을 판매·제공하는 매장,train,한식,T4 구어·문장,0a1e5f72-2ca5-49d3-9483-b71bd74c9f9b,점심엔 상무밥집24시,,상무연하상인회 골목형상점가,골목형상점가,광주광역시,,,
1b50d71e05e0d9eccaf1,full_annotation_v1,A,q_한식_09,밥 먹을 한식집,음식점 중 '한식'을 판매·제공하는 매장,train,한식,T4 구어·문장,31a675ed-383d-4278-97c8-5949eb3fc747,우동김밥집,,비카인드 자율상권구역,,경상북도,,,
8aea033756f5c0e0c8a2,full_annotation_v1,A,q_한식_09,밥 먹을 한식집,음식점 중 '한식'을 판매·제공하는 매장,train,한식,T4 구어·문장,8ffd6e7f-47dd-4b37-ae7e-228832beb9e9,필수상회,의류,의정부제일시장,전통시장,경기도,,,
606424fff67b8da3c0de,full_annotation_v1,A,q_한식_09,밥 먹을 한식집,음식점 중 '한식'을 판매·제공하는 매장,train,한식,T4 구어·문장,d0a3e8c9-abec-4077-bc28-35605cce5d3e,분식집,한식,방천시장,전통시장,대구광역시,,,
ca1a8f4bed041012e73b,full_annotation_v1,A,q_한식_09,밥 먹을 한식집,음식점 중 '한식'을 판매·제공하는 매장,train,한식,T4 구어·문장,32c2a844-db69-437c-b05b-14a8f088d5e6,월곡분식집,분식,월곡시장,전통시장,광주광역시,,,
54a3c9250296f0be952b,full_annotation_v1,A,q_한식_09,밥 먹을 한식집,음식점 중 '한식'을 판매·제공하는 매장,train,한식,T4 구어·문장,01186127-94c8-40c4-8d08-9f84a76c77b0,짱아식당,,다향보성 골목형상점가,골목형상점가,,,,
79a9e113b616bbefe53e,full_annotation_v1,A,q_한식_09,밥 먹을 한식집,음식점 중 '한식'을 판매·제공하는 매장,train,한식,T4 구어·문장,b804cf3f-f859-49e9-ac04-446dea87c7ef,먹을래싸갈래,분식,국민시장,전통시장,부산광역시,,,
c30e6de8ee6e1217b952,full_annotation_v1,A,q_한식_09,밥 먹을 한식집,음식점 중 '한식'을 판매·제공하는 매장,train,한식,T4 구어·문장,10816afe-6da9-4df1-a1b2-8580cae765fc,밥 & 술,한식,종암북바위길골목형상점가,골목형상점가,서울특별시,,,
c4157fa979f992ca9dbb,full_annotation_v1,A,q_한식_09,밥 먹을 한식집,음식점 중 '한식'을 판매·제공하는 매장,train,한식,T4 구어·문장,3651752a-5446-4d8f-a773-845ec6e7c3c0,유진의상실,의류,개항누리길 상점가,자율상권구역,인천광역시,,,
ba9bd3beaab1977a56a2,full_annotation_v1,A,q_한식_09,밥 먹을 한식집,음식점 중 '한식'을 판매·제공하는 매장,train,한식,T4 구어·문장,01286ec0-50e0-4540-b678-ec706fb3bcbb,설곰식당,식당,산업용재관,전통시장,대구광역시,,,
bbe3fd5feb6830a49882,full_annotation_v1,A,q_한식_09,밥 먹을 한식집,음식점 중 '한식'을 판매·제공하는 매장,train,한식,T4 구어·문장,43e41912-6130-4a7c-a9fc-6eb2d57436af,오로라발레교습소,발레교습소,서방골 골목형상점가,골목형상점가,광주광역시,,,
7ac3f2eeacc06c46f090,full_annotation_v1,A,q_한식_09,밥 먹을 한식집,음식점 중 '한식'을 판매·제공하는 매장,train,한식,T4 구어·문장,3bdcd7ca-79fe-4168-8ae6-1d97bc84b3e0,부성상회,떡,쌍촌로상인회 골목형상점가,골목형상점가,광주광역시,,,
4609112cfe0628033e7e,full_annotation_v1,A,q_한식_09,밥 먹을 한식집,음식점 중 '한식'을 판매·제공하는 매장,train,한식,T4 구어·문장,0111a38b-8df8-43ae-9c16-778c27352864,본도시락,도시락,배방월천 골목형상점가,골목형상점가,충청남도,,,
06a0a9604573a0cb97a2,full_annotation_v1,A,q_한식_09,밥 먹을 한식집,음식점 중 '한식'을 판매·제공하는 매장,train,한식,T4 구어·문장,976123e6-3bf8-44f8-a769-0e4d57fad1e4,푸드김&밥,분식,홀릭스,골목형상점가,광주광역시,,,
57e773d472135e72810b,full_annotation_v1,A,q_한식_09,밥 먹을 한식집,음식점 중 '한식'을 판매·제공하는 매장,train,한식,T4 구어·문장,03a6e716-3825-40e3-ba06-e047ee5e5483,부일반찬,김치,초량전통시장,전통시장,부산광역시,,,
cc115839d88769c22dee,full_annotation_v1,A,q_한식_09,밥 먹을 한식집,음식점 중 '한식'을 판매·제공하는 매장,train,한식,T4 구어·문장,01bece07-ad04-4afe-b0bd-0a52427295d1,진주식당,,산청시장,전통시장,경상남도,,,
4f868f11417d92207b99,full_annotation_v1,A,q_한식_09,밥 먹을 한식집,음식점 중 '한식'을 판매·제공하는 매장,train,한식,T4 구어·문장,44cd80b2-6863-41bf-a834-e16e31fc5620,직화불고기,밥,서문시장야시장,상권활성화구역,대구광역시,,,
ab3ad244e50c63cf3ac6,full_annotation_v1,A,q_한식_09,밥 먹을 한식집,음식점 중 '한식'을 판매·제공하는 매장,train,한식,T4 구어·문장,03bba86e-80c4-42b0-8688-a0c912abdb07,돼지고기김치찌개,김치찌개,도담동 골목형상점가,골목형상점가,세종특별자치시,,,
9c4b1b7950e2fce90b4b,full_annotation_v1,A,q_한식_09,밥 먹을 한식집,음식점 중 '한식'을 판매·제공하는 매장,train,한식,T4 구어·문장,0dd7ba01-eed2-4bfc-a0a3-a1fcbe88179b,착한먹거리,젓갈류 밥 땅콩,토지금고시장,전통시장,인천광역시,,,
e3a8d975797abc5f0907,full_annotation_v1,A,q_한식_09,밥 먹을 한식집,음식점 중 '한식'을 판매·제공하는 매장,train,한식,T4 구어·문장,93421838-6964-49c2-8723-8017fca415ab,맛있는 분식집,,구리전통시장,전통시장,경기도,,,
ee1fb2c708fa835e6371,full_annotation_v1,A,q_한식_09,밥 먹을 한식집,음식점 중 '한식'을 판매·제공하는 매장,train,한식,T4 구어·문장,69dfcbec-964c-4771-82a2-185e933c9ea4,일신이불,침구,서문시장 제1지구1층(직물시장),전통시장,대구광역시,,,
a06bf8bca0fabe6bece6,full_annotation_v1,A,q_한식_09,밥 먹을 한식집,음식점 중 '한식'을 판매·제공하는 매장,train,한식,T4 구어·문장,01830c3a-5f7e-4396-9772-38b51bd90dc0,새로나국밥,국밥 족발 머리고기,무등시장,전통시장,광주광역시,,,
5bc54ec2b7fd2f7d0882,full_annotation_v1,A,q_한식_09,밥 먹을 한식집,음식점 중 '한식'을 판매·제공하는 매장,train,한식,T4 구어·문장,bab8d549-cbc3-430a-b4b4-02770973d7e3,먹언니,한식,선부광장로상점가,자율상권구역,경기도,,,
c5a20fbb9ee9506a9054,full_annotation_v1,A,q_한식_09,밥 먹을 한식집,음식점 중 '한식'을 판매·제공하는 매장,train,한식,T4 구어·문장,b79d29da-85b8-4622-8acf-e3aaeb5775c0,태산면옥손만두명덕점,"밥, 만두",물베기 골목형상점가,골목형상점가,대구광역시,,,
02a15a3da7800aad2141,full_annotation_v1,A,q_한식_09,밥 먹을 한식집,음식점 중 '한식'을 판매·제공하는 매장,train,한식,T4 구어·문장,b8498977-01e2-4542-8be0-8fb17aa62b06,정승복숙성회,회,치평광명상가상인회 골목형상점가,골목형상점가,광주광역시,,,
3629dafb5e81da766b54,full_annotation_v1,A,q_한식_09,밥 먹을 한식집,음식점 중 '한식'을 판매·제공하는 매장,train,한식,T4 구어·문장,ed6b8da8-a89c-4815-b4fd-1d6890a797de,밥'S,음식물,법원 앞 사과마을 골목형상점가,골목형상점가,광주광역시,,,
7910500b99ca04810207,full_annotation_v1,A,q_한식_09,밥 먹을 한식집,음식점 중 '한식'을 판매·제공하는 매장,train,한식,T4 구어·문장,000a95c4-e0a6-4011-86fb-04307bcfae38,황갈비,한식,김천황금시장,전통시장,경상북도,,,
2edb0f059fe5d0c50d20,full_annotation_v1,A,q_한식_09,밥 먹을 한식집,음식점 중 '한식'을 판매·제공하는 매장,train,한식,T4 구어·문장,00181552-6cc5-406b-ac59-bf9816f61398,갓지은밥,한식,남광주시장,전통시장,,,,
946f4bfa898c13013f75,full_annotation_v1,A,q_한식_09,밥 먹을 한식집,음식점 중 '한식'을 판매·제공하는 매장,train,한식,T4 구어·문장,a7668254-80a7-4e94-a98b-00eb57b83320,물음표분식집,분식,용현시장,전통시장,인천광역시,,,
762b08cca5178cbff8f7,full_annotation_v1,A,q_한식_10,한식 먹을 곳,음식점 중 '한식'을 판매·제공하는 매장,train,한식,T4 구어·문장,5183722c-fc41-4f7d-a3fa-770b091dbacf,김밥나라,한식,신금정시장 골목형 상점가,골목형상점가,부산광역시,,,
9bdfd30b264ce5fe577b,full_annotation_v1,A,q_한식_10,한식 먹을 곳,음식점 중 '한식'을 판매·제공하는 매장,train,한식,T4 구어·문장,451e1f99-422f-49e4-b368-6c93a2fe1ff4,단골튀김,튀김,대포항골목형상점가B,골목형상점가,강원특별자치도,,,
5e3cacc755de1b5cc34c,full_annotation_v1,A,q_한식_10,한식 먹을 곳,음식점 중 '한식'을 판매·제공하는 매장,train,한식,T4 구어·문장,d13253c4-97c2-417f-93f2-c17b7b63f808,김밥천국,한식,양주가래비중앙로상점가,골목형상점가,경기도,,,
a67586986d99b187c95a,full_annotation_v1,A,q_한식_10,한식 먹을 곳,음식점 중 '한식'을 판매·제공하는 매장,train,한식,T4 구어·문장,f7fd7f3a-3f34-4d54-b652-dbe552b6b940,냐미냐미,한식,방어진항 골목형상점가,골목형상점가,울산광역시,,,
4ba40a2a2591c9fec78e,full_annotation_v1,A,q_한식_10,한식 먹을 곳,음식점 중 '한식'을 판매·제공하는 매장,train,한식,T4 구어·문장,be9f8c61-892c-48ed-a49d-b63bd032c025,소곳,의류,고투몰(강남터미널지하도상점가),일반지하상점가,서울특별시,,,
3055b9730d3196db4f49,full_annotation_v1,A,q_한식_10,한식 먹을 곳,음식점 중 '한식'을 판매·제공하는 매장,train,한식,T4 구어·문장,01830c3a-5f7e-4396-9772-38b51bd90dc0,새로나국밥,국밥 족발 머리고기,무등시장,전통시장,광주광역시,,,
9f1fe359df0579d37757,full_annotation_v1,A,q_한식_10,한식 먹을 곳,음식점 중 '한식'을 판매·제공하는 매장,train,한식,T4 구어·문장,000a95c4-e0a6-4011-86fb-04307bcfae38,황갈비,한식,김천황금시장,전통시장,경상북도,,,
ccdf9ab7866a78fc0ca8,full_annotation_v1,A,q_한식_10,한식 먹을 곳,음식점 중 '한식'을 판매·제공하는 매장,train,한식,T4 구어·문장,7c8db53f-5518-4b9b-94fe-df196c885e8c,김밥천국,한식,성복 온누리 골목형상점가,골목형상점가,경기도,,,
7af92cedcfdf70bf6085,full_annotation_v1,A,q_한식_10,한식 먹을 곳,음식점 중 '한식'을 판매·제공하는 매장,train,한식,T4 구어·문장,76a3551b-dae4-4326-92cc-662015aedbfb,쉴 곳,한식,칠성로상점가,자율상권구역,제주특별자치도,,,
e54024e9103735b1bb63,full_annotation_v1,A,q_한식_10,한식 먹을 곳,음식점 중 '한식'을 판매·제공하는 매장,train,한식,T4 구어·문장,5288793b-9331-4ec3-8b09-01b1b2dd77b3,먹쇠돌쇠,한식,남현동예술인마을골목형상점가,골목형상점가,서울특별시,,,
4a6053dae92717f93d16,full_annotation_v1,A,q_한식_10,한식 먹을 곳,음식점 중 '한식'을 판매·제공하는 매장,train,한식,T4 구어·문장,f55f60af-8e2f-48de-a203-fd981af3be54,김밥나라,한식,월곡대반 골목형상점가,골목형상점가,광주광역시,,,
0327c67324fd2c832cd4,full_annotation_v1,A,q_한식_10,한식 먹을 곳,음식점 중 '한식'을 판매·제공하는 매장,train,한식,T4 구어·문장,43c82ded-85ca-4882-99c5-08a99cfd93ee,드림닭갈비,한식,청평여울시장,전통시장,경기도,,,
e1291535917a52603be9,full_annotation_v1,A,q_한식_10,한식 먹을 곳,음식점 중 '한식'을 판매·제공하는 매장,train,한식,T4 구어·문장,010b729e-dfdc-4b2c-ac41-376db70ef2c0,우여사애찬방,반찬,안동광석거리 골목형상점가,골목형상점가,경상북도,,,
bb2818661b95b0f8931c,full_annotation_v1,A,q_한식_10,한식 먹을 곳,음식점 중 '한식'을 판매·제공하는 매장,train,한식,T4 구어·문장,03bba86e-80c4-42b0-8688-a0c912abdb07,돼지고기김치찌개,김치찌개,도담동 골목형상점가,골목형상점가,세종특별자치시,,,
da22a3157c3dc8acaecd,full_annotation_v1,A,q_한식_10,한식 먹을 곳,음식점 중 '한식'을 판매·제공하는 매장,train,한식,T4 구어·문장,bbd78bcb-18ed-449a-b7ea-9336d32e9389,김밥천국,한식,선부광장로상점가,자율상권구역,경기도,,,
54366fcf619c996098fe,full_annotation_v1,A,q_한식_10,한식 먹을 곳,음식점 중 '한식'을 판매·제공하는 매장,train,한식,T4 구어·문장,01e8dcda-39f2-4df9-a2e4-2e63e8a9f480,두꺼비부대찌개,부대찌개,신중동문화거리상점가,자율상권구역,경기도,,,
c2678cd8bbb6c382154e,full_annotation_v1,A,q_한식_10,한식 먹을 곳,음식점 중 '한식'을 판매·제공하는 매장,train,한식,T4 구어·문장,0111a38b-8df8-43ae-9c16-778c27352864,본도시락,도시락,배방월천 골목형상점가,골목형상점가,충청남도,,,
7bfd74d2321ed6d11a2a,full_annotation_v1,A,q_한식_10,한식 먹을 곳,음식점 중 '한식'을 판매·제공하는 매장,train,한식,T4 구어·문장,e3b0ace9-b7ba-4783-ac55-d62aa8ef5ed5,맥적,한식,단양구경시장(단양인정시장),전통시장,충청북도,,,
eae9eed1cd9e45fdaa0a,full_annotation_v1,A,q_한식_10,한식 먹을 곳,음식점 중 '한식'을 판매·제공하는 매장,train,한식,T4 구어·문장,03b84056-803d-4bd8-8a8b-f3d19815797b,땅스부댜찌개,즉석판매찌개,바람골골목형상점가,골목형상점가,충청북도,,,
3d5001cc875520af0d32,full_annotation_v1,A,q_한식_10,한식 먹을 곳,음식점 중 '한식'을 판매·제공하는 매장,train,한식,T4 구어·문장,00f60c16-d8be-497f-80f2-aab3209a8d0e,포카포카,식당,전남여고후문 골목형상점가,골목형상점가,광주광역시,,,
e0f3b0c7dc1c525eafab,full_annotation_v1,A,q_한식_10,한식 먹을 곳,음식점 중 '한식'을 판매·제공하는 매장,train,한식,T4 구어·문장,ca51ce69-0d20-47e5-8b94-d4d1cc4a2918,하녹집,한식,신창 골목형상점가,골목형상점가,광주광역시,,,
903c3656623820816ab0,full_annotation_v1,A,q_한식_10,한식 먹을 곳,음식점 중 '한식'을 판매·제공하는 매장,train,한식,T4 구어·문장,783b2fa2-3705-45b0-a51a-67f96efd78f0,서라벌아들,"한식, 음식(한식)",양수리전통시장(양평양수리시장),전통시장,경기도,,,
02f039cdd377239dd28a,full_annotation_v1,A,q_한식_10,한식 먹을 곳,음식점 중 '한식'을 판매·제공하는 매장,train,한식,T4 구어·문장,847a059e-28db-41aa-938d-b1931a941d70,돈쫄,한식,김천평화시장,전통시장,경상북도,,,
a586826457522e954c10,full_annotation_v1,A,q_한식_10,한식 먹을 곳,음식점 중 '한식'을 판매·제공하는 매장,train,한식,T4 구어·문장,24456103-f6b8-46af-8655-82e61d7265d8,커피가 머무르는 곳,커피,반드레길골목형상점가,골목형상점가,서울특별시,,,
edf14b13ebaf1c6dcc53,full_annotation_v1,A,q_한식_10,한식 먹을 곳,음식점 중 '한식'을 판매·제공하는 매장,train,한식,T4 구어·문장,47acd028-03b5-4fad-b161-7baf3c75f58d,왕대감,한식,강남개포시장(구 개포2동중심상점가),자율상권구역,서울특별시,,,
9bc829c3f1d97c56d261,full_annotation_v1,A,q_한식_10,한식 먹을 곳,음식점 중 '한식'을 판매·제공하는 매장,train,한식,T4 구어·문장,01465138-3544-40c5-a4db-860c2bb8c959,군산수산물종합센터내)매점,매점,군산수산물종합센터,전통시장,전북특별자치도,,,
5f2484c24625ec75d189,full_annotation_v1,A,q_한식_10,한식 먹을 곳,음식점 중 '한식'을 판매·제공하는 매장,train,한식,T4 구어·문장,00181552-6cc5-406b-ac59-bf9816f61398,갓지은밥,한식,남광주시장,전통시장,,,,
03c9cba71212346c9c25,full_annotation_v1,A,q_한식_10,한식 먹을 곳,음식점 중 '한식'을 판매·제공하는 매장,train,한식,T4 구어·문장,ee3ec3e8-f319-4624-a509-524f8b3a63de,그린오피스,문구 사무용품,수완은빛마을,골목형상점가,광주광역시,,,
fd2945632bbb23016a7a,full_annotation_v1,A,q_한식_10,한식 먹을 곳,음식점 중 '한식'을 판매·제공하는 매장,train,한식,T4 구어·문장,e0d45b49-237f-433c-9fb5-6c603b8ed06d,김밥천국,한식,"온양온천시장(온양재래시장, 전통시장)",전통시장,충청남도,,,
aec81a6269c413ddc050,full_annotation_v1,A,q_한식_10,한식 먹을 곳,음식점 중 '한식'을 판매·제공하는 매장,train,한식,T4 구어·문장,31a675ed-383d-4278-97c8-5949eb3fc747,우동김밥집,,비카인드 자율상권구역,,경상북도,,,
c7e5dfb023e349a70e54,full_annotation_v1,A,q_한식_10,한식 먹을 곳,음식점 중 '한식'을 판매·제공하는 매장,train,한식,T4 구어·문장,eea3a69a-93c4-46fa-ad9c-58e89f796ffb,신미식당,한식,봉선중앙로 골목형상점가,골목형상점가,광주광역시,,,
673cf57a49a313c47bae,full_annotation_v1,A,q_한식_10,한식 먹을 곳,음식점 중 '한식'을 판매·제공하는 매장,train,한식,T4 구어·문장,979bbd02-8865-4513-bf09-85bb5579ff14,드림디포,문구사무용품식음료,고한구공탄시장(고한시장),전통시장,강원특별자치도,,,
885d1d14a751f008c7b1,full_annotation_v1,A,q_한식_10,한식 먹을 곳,음식점 중 '한식'을 판매·제공하는 매장,train,한식,T4 구어·문장,f7bee57f-84b8-44a6-8690-9b0c2957658e,대전식당,한식,대전중앙활성화구역,상권활성화구역,대전광역시,,,
083880dada3863e97569,full_annotation_v1,A,q_한식_10,한식 먹을 곳,음식점 중 '한식'을 판매·제공하는 매장,train,한식,T4 구어·문장,06261986-3eba-4244-b63f-397460d82f4a,이곳,미용,나주혁신도시 골목형상점가,골목형상점가,전라남도,,,
6363ff876b25904ac749,full_annotation_v1,A,q_한식_10,한식 먹을 곳,음식점 중 '한식'을 판매·제공하는 매장,train,한식,T4 구어·문장,022aa88a-4fef-445a-baba-83a8de201d44,돈까스,한식,우림맛솜씨길골목형상점가,골목형상점가,서울특별시,,,
5f1ff1b8387bea7dbd94,full_annotation_v1,A,q_한식_10,한식 먹을 곳,음식점 중 '한식'을 판매·제공하는 매장,train,한식,T4 구어·문장,1af864e9-af69-4ee2-88ae-f8228ee0c0b5,고롭,한식,봉곡우전로 골목형상점가,골목형상점가,전북특별자치도,,,
5244c3100ae2661a9e49,full_annotation_v1,A,q_한식_10,한식 먹을 곳,음식점 중 '한식'을 판매·제공하는 매장,train,한식,T4 구어·문장,59ab4fa1-5e4b-4b21-9000-3b78a18a9890,감미식당,한식,남해전통시장,전통시장,경상남도,,,
4d66e3ec616a9cbe57ad,full_annotation_v1,A,q_한식_10,한식 먹을 곳,음식점 중 '한식'을 판매·제공하는 매장,train,한식,T4 구어·문장,049da728-3dd8-43a4-a43b-1beec22fee55,소쇄원,한식,조대장미의거리 상점가,자율상권구역,광주광역시,,,
0321b8f66937c04b8a40,full_annotation_v1,A,q_한식_10,한식 먹을 곳,음식점 중 '한식'을 판매·제공하는 매장,train,한식,T4 구어·문장,8bbfb7fd-e743-4215-b9bf-071a9bc063a7,시골흑염소,한식,영천 골목형상점가,골목형상점가,광주광역시,,,
0235d47924afab4b0b58,full_annotation_v1,A,q_한식_10,한식 먹을 곳,음식점 중 '한식'을 판매·제공하는 매장,train,한식,T4 구어·문장,0a1e5f72-2ca5-49d3-9483-b71bd74c9f9b,점심엔 상무밥집24시,,상무연하상인회 골목형상점가,골목형상점가,광주광역시,,,
e36d2870f938ce005f07,full_annotation_v1,A,q_한식_10,한식 먹을 곳,음식점 중 '한식'을 판매·제공하는 매장,train,한식,T4 구어·문장,0182c177-fcc7-47b0-8e12-99eb221aff79,시장초장식당,"칼국수, 열무비빔밥, 국, 반찬",경주중앙시장,전통시장,경상북도,,,
6195ffbb45923d1969c5,full_annotation_v1,A,q_한식_10,한식 먹을 곳,음식점 중 '한식'을 판매·제공하는 매장,train,한식,T4 구어·문장,192ab90c-7ffd-4e0b-96cd-24a80657c4c3,주은식당,한식,송정 다누리 골목형상점가,골목형상점가,광주광역시,,,
d825fcbe3680cca446ff,full_annotation_v1,A,q_한식_10,한식 먹을 곳,음식점 중 '한식'을 판매·제공하는 매장,train,한식,T4 구어·문장,0368737b-d742-4c88-9327-f02405a8a6f7,김밥나라,한식,큰방림길 골목형상점가,골목형상점가,광주광역시,,,
a59f4991588edc7d287c,full_annotation_v1,A,q_한식_10,한식 먹을 곳,음식점 중 '한식'을 판매·제공하는 매장,train,한식,T4 구어·문장,0741bfd3-b940-4386-9f39-8dd006d28352,한솥도시락 부천시청점,도시락,길주로 골목형상점가,골목형상점가,경기도,,,
889bbb0f2c8645abbcee,full_annotation_v1,A,q_한식_10,한식 먹을 곳,음식점 중 '한식'을 판매·제공하는 매장,train,한식,T4 구어·문장,6285dd26-4a6a-4ec3-a1ae-8aa0a9260095,만양맛값,한식,포남용마거리골목형상점가,골목형상점가,강원특별자치도,,,
d870e37235e2ef3f06c8,full_annotation_v1,A,q_한식_10,한식 먹을 곳,음식점 중 '한식'을 판매·제공하는 매장,train,한식,T4 구어·문장,0ca7b056-fbc8-49cf-9e4d-dd738c848ea1,똔꼬집,한식,금호1동상가번영회 골목형상점가,골목형상점가,광주광역시,,,
5e83e6a2739260e0d85d,full_annotation_v1,A,q_한식_10,한식 먹을 곳,음식점 중 '한식'을 판매·제공하는 매장,train,한식,T4 구어·문장,03a6e716-3825-40e3-ba06-e047ee5e5483,부일반찬,김치,초량전통시장,전통시장,부산광역시,,,
ba4d10f90da84c4dff4c,full_annotation_v1,A,q_한식_10,한식 먹을 곳,음식점 중 '한식'을 판매·제공하는 매장,train,한식,T4 구어·문장,ab86763c-d984-4f2a-b400-c803be572fd0,상가영동식당,한식,영월종합상가,전통시장,강원특별자치도,,,
3d614d3b0892bcafc039,full_annotation_v1,A,q_한식_10,한식 먹을 곳,음식점 중 '한식'을 판매·제공하는 매장,train,한식,T4 구어·문장,c111ac9d-3f3a-405c-a8db-4d127ccda9e2,행복이 있는 곳,잡화,제주로얄쇼핑센터,자율상권구역,제주특별자치도,,,
ee202b493f152a01c43d,full_annotation_v1,A,q_한식_10,한식 먹을 곳,음식점 중 '한식'을 판매·제공하는 매장,train,한식,T4 구어·문장,fd4ad5f4-a6a2-4e5d-8387-4fbaf66deb2a,김밥나라,한식,태화시장,전통시장,울산광역시,,,
af78754ab9c17e94eb1d,full_annotation_v1,A,q_한식_10,한식 먹을 곳,음식점 중 '한식'을 판매·제공하는 매장,train,한식,T4 구어·문장,87efad3e-1b04-4383-a2a4-2fc47a7227fd,양떼마을,한식,맹동혁신골목형상점가,골목형상점가,충청북도,,,
ce8a16141c21a76b5373,full_annotation_v1,A,q_한식_10,한식 먹을 곳,음식점 중 '한식'을 판매·제공하는 매장,train,한식,T4 구어·문장,af48c583-3eeb-4b5b-aa97-c3943c95a265,김밥천국,한식,장승백이전통시장(구 만수창대시장),전통시장,인천광역시,,,
505e0f4641c98290b613,full_annotation_v1,A,q_한식_10,한식 먹을 곳,음식점 중 '한식'을 판매·제공하는 매장,train,한식,T4 구어·문장,cf7eab5d-a1bb-41b2-bcec-517fa4e2a887,굣간,한식,대흥동 특화거리 상점가,자율상권구역,대전광역시,,,
7bab3b2215e92caf2881,full_annotation_v1,A,q_한식_10,한식 먹을 곳,음식점 중 '한식'을 판매·제공하는 매장,train,한식,T4 구어·문장,49087638-292d-485f-ad84-f531ad7d5be9,한쌈마을,한식,가양역사거리골목형상점가,골목형상점가,서울특별시,,,
b2b55ceed9766185cabf,full_annotation_v1,A,q_한식_10,한식 먹을 곳,음식점 중 '한식'을 판매·제공하는 매장,train,한식,T4 구어·문장,f650a79a-ce87-4ff0-8847-6a6943656d5f,둥지해장국,한식,임방울거리1구역 골목형상점가,골목형상점가,광주광역시,,,
05feceddf4f4fcd515e4,full_annotation_v1,A,q_한식_10,한식 먹을 곳,음식점 중 '한식'을 판매·제공하는 매장,train,한식,T4 구어·문장,0130dbd3-b9ea-43f4-98fd-26d8afd90b78,모래내시장순대,식당,전주모래내시장,전통시장,전북특별자치도,,,
4993e309124b5705d2fa,full_annotation_v1,A,q_한식_10,한식 먹을 곳,음식점 중 '한식'을 판매·제공하는 매장,train,한식,T4 구어·문장,6b6db7db-16f6-4c2a-ae17-3df3e118bf19,먹돼지,한식,숭실마루길골목형상점가,골목형상점가,서울특별시,,,
19d8d32c0d41d5b4cc96,full_annotation_v1,A,q_한식_10,한식 먹을 곳,음식점 중 '한식'을 판매·제공하는 매장,train,한식,T4 구어·문장,1e7fd1fa-67df-447a-8117-68764bf2594d,이리정육점,정육,부안상설시장,전통시장,전북특별자치도,,,
f818d6f6398a1ed153c9,full_annotation_v1,A,q_한식_10,한식 먹을 곳,음식점 중 '한식'을 판매·제공하는 매장,train,한식,T4 구어·문장,ce82553d-4c5c-45a3-b42b-32a36b7ed4ca,청주영양탕,한식,운수대통!생거진천전통시장,전통시장,충청북도,,,
b92c19dec46a92fa40f8,full_annotation_v1,A,q_한식_10,한식 먹을 곳,음식점 중 '한식'을 판매·제공하는 매장,train,한식,T4 구어·문장,003003dc-6951-4f07-8cf2-f31334c0b27d,미향반찬,반찬,신안코아,전통시장,경기도,,,
452b0b7a9e8d32b45744,full_annotation_v1,A,q_한식_10,한식 먹을 곳,음식점 중 '한식'을 판매·제공하는 매장,train,한식,T4 구어·문장,0446c285-7406-4bba-a3b9-b00b634ae3af,한신통오리숯불바베큐,한식,부천한신시장,전통시장,경기도,,,
adb4925f54f82bc0877b,full_annotation_v1,A,q_한식_10,한식 먹을 곳,음식점 중 '한식'을 판매·제공하는 매장,train,한식,T4 구어·문장,006895c5-d037-4e3d-9cfb-6972007a350a,반찬사랑,반찬,오치2동 골목형상점가,골목형상점가,광주광역시,,,
01ae819f9b68cdc8ac27,full_annotation_v1,A,q_한식_10,한식 먹을 곳,음식점 중 '한식'을 판매·제공하는 매장,train,한식,T4 구어·문장,a91b5f4c-6c18-4ba3-889d-932342774115,오떡순,한식,신원시장,전통시장,서울특별시,,,
3355d32d872c1e3a723f,full_annotation_v1,A,q_한식_10,한식 먹을 곳,음식점 중 '한식'을 판매·제공하는 매장,train,한식,T4 구어·문장,9ae77ec1-ca89-4311-ad86-30c93c6a8cb9,먹보들,한식,하남시서석바대상점가,자율상권구역,경기도,,,
d9d160341418595d9d0e,full_annotation_v1,A,q_한식_10,한식 먹을 곳,음식점 중 '한식'을 판매·제공하는 매장,train,한식,T4 구어·문장,01bece07-ad04-4afe-b0bd-0a52427295d1,진주식당,,산청시장,전통시장,경상남도,,,
775d10569e209e02e053,full_annotation_v1,A,q_한식_10,한식 먹을 곳,음식점 중 '한식'을 판매·제공하는 매장,train,한식,T4 구어·문장,27115ffd-df49-49a6-8a74-cb12c1730cfe,벗마을,한식,진천중앙시장,전통시장,충청북도,,,
7bb7bef7e1360fb2856d,full_annotation_v1,A,q_한식_10,한식 먹을 곳,음식점 중 '한식'을 판매·제공하는 매장,train,한식,T4 구어·문장,743e7bd5-ea15-440e-8337-6078d1216166,먹짱,한식,결초보은시장(구 보은종합시장),전통시장,충청북도,,,
091a4bb508430bb2238c,full_annotation_v1,A,q_한식_10,한식 먹을 곳,음식점 중 '한식'을 판매·제공하는 매장,train,한식,T4 구어·문장,30a0bc35-f0d1-4d5d-9826-8d498122538a,밥집,,고창전통시장,전통시장,전북특별자치도,,,
0820ae4b79c2a43e08e1,full_annotation_v1,A,q_한식_10,한식 먹을 곳,음식점 중 '한식'을 판매·제공하는 매장,train,한식,T4 구어·문장,01286ec0-50e0-4540-b678-ec706fb3bcbb,설곰식당,식당,산업용재관,전통시장,대구광역시,,,
a2513a0507bf21fa8474,full_annotation_v1,A,q_한식_10,한식 먹을 곳,음식점 중 '한식'을 판매·제공하는 매장,train,한식,T4 구어·문장,7b556e6b-9591-4667-bb1b-f281dd90a2ae,땅끝마을 한식,한식,고잔뜰 상점가,자율상권구역,경기도,,,
4fadde97e4df77b3845f,full_annotation_v1,A,q_한식_10,한식 먹을 곳,음식점 중 '한식'을 판매·제공하는 매장,train,한식,T4 구어·문장,061fc089-3c87-42dd-9ec4-c57cbe739270,한솥도시락 남천점,도시락,464번길 골목형상점가,골목형상점가,부산광역시,,,
2ff50eeaeb72011915ed,full_annotation_v1,A,q_한식_10,한식 먹을 곳,음식점 중 '한식'을 판매·제공하는 매장,train,한식,T4 구어·문장,8ab201d7-aa58-43a1-8052-eccfd92a04df,김밥천국,한식,금곡골목형상점가,자율상권구역,경기도,,,
ad80cb6522adbceb1ddf,full_annotation_v1,A,q_한식_10,한식 먹을 곳,음식점 중 '한식'을 판매·제공하는 매장,train,한식,T4 구어·문장,8cdd9fc6-51be-4eab-ac85-c014f234ba18,김뽁김뽁,한식,청림로드골목형상점가,골목형상점가,서울특별시,,,
b9983852541ba60279dd,full_annotation_v1,A,q_한식_10,한식 먹을 곳,음식점 중 '한식'을 판매·제공하는 매장,train,한식,T4 구어·문장,2b7a3575-1521-48ee-8ccc-e7bf6d9efbdb,순천만,수산물,노량진수산시장골목형상점가,골목형상점가,서울특별시,,,
3bcf07ba7789c33b6669,full_annotation_v1,A,q_한식_10,한식 먹을 곳,음식점 중 '한식'을 판매·제공하는 매장,train,한식,T4 구어·문장,842f6cf1-6411-4f4b-be23-746d79e31656,섬곳,한식,플레이사계 지오단길 골목형상점가,골목형상점가,제주특별자치도,,,
a41f7977bf4256ea5309,full_annotation_v1,A,q_한식_10,한식 먹을 곳,음식점 중 '한식'을 판매·제공하는 매장,train,한식,T4 구어·문장,01c857cd-3f28-4d83-8fa4-e0abcfb44fbd,수연국밥,국밥,두암사거리 골목형상점가,골목형상점가,광주광역시,,,
14017515972cfc97f513,full_annotation_v1,A,q_한식_10,한식 먹을 곳,음식점 중 '한식'을 판매·제공하는 매장,train,한식,T4 구어·문장,df5d00eb-f013-4967-8b05-b08e5b94c4f6,김밥천국,한식,여수진남상가,자율상권구역,전라남도,,,
2f75bb56b8855a386b64,full_annotation_v1,A,q_한식_10,한식 먹을 곳,음식점 중 '한식'을 판매·제공하는 매장,train,한식,T4 구어·문장,8aef3855-a0b7-4f05-8776-f79fca3fc2df,김밥천국,한식,대주먹자골목 골목형상점가,골목형상점가,광주광역시,,,
3a842efc339e89df29c0,full_annotation_v1,A,q_한식_10,한식 먹을 곳,음식점 중 '한식'을 판매·제공하는 매장,train,한식,T4 구어·문장,f0373a00-8420-4929-b331-bb665060175d,전복 오양상회,수산물,부전시장,전통시장,부산광역시,,,
f0baae2f723744c06ec7,full_annotation_v1,A,q_한식_10,한식 먹을 곳,음식점 중 '한식'을 판매·제공하는 매장,train,한식,T4 구어·문장,4c596731-089c-4bcf-8abd-c336c1539e1e,김밥천국,한식,주안시민지하도상점가,일반지하상점가,인천광역시,,,
16d9bbc7f1b57887fd6f,full_annotation_v1,A,q_한식_10,한식 먹을 곳,음식점 중 '한식'을 판매·제공하는 매장,train,한식,T4 구어·문장,60fbcb89-9e0b-4311-a98f-3b9e78dedb6c,고기,한식,월곡달빛오거리골목형상점가,골목형상점가,서울특별시,,,
57f19dc29038f1f745c0,full_annotation_v1,A,q_한식_10,한식 먹을 곳,음식점 중 '한식'을 판매·제공하는 매장,train,한식,T4 구어·문장,cb75f477-e6fd-4024-a1c5-1a33872fb95b,하당먹거리,한식,달아실 골목형상점가,골목형상점가,광주광역시,,,
00959bda05b877ec8336,full_annotation_v1,A,q_한식_10,한식 먹을 곳,음식점 중 '한식'을 판매·제공하는 매장,train,한식,T4 구어·문장,19b6e5db-5866-4752-afed-7fa0dc010f81,곳간,한식,태화십리대밭먹거리단지 상점가,자율상권구역,울산광역시,,,
fde37c5a499d7c33cb61,full_annotation_v1,A,q_한식_10,한식 먹을 곳,음식점 중 '한식'을 판매·제공하는 매장,train,한식,T4 구어·문장,85703a84-bf39-444d-a57a-7c522ccaf112,황재돈,한식,외도4 골목형상점가,골목형상점가,제주특별자치도,,,
44b7c83b394cb990de08,full_annotation_v1,A,q_한식_10,한식 먹을 곳,음식점 중 '한식'을 판매·제공하는 매장,train,한식,T4 구어·문장,03b1097e-2534-4cd2-aeb4-de3ba3f8f79a,엄마손식당,한식,한림대골목형상점가,골목형상점가,강원특별자치도,,,
05c154394ed1ca6d6acc,full_annotation_v1,A,q_한식_10,한식 먹을 곳,음식점 중 '한식'을 판매·제공하는 매장,train,한식,T4 구어·문장,94096b07-1346-4c0c-8f12-8555e10f7e58,먹심,한식,진잠 골목형상점가,골목형상점가,대전광역시,,,
81d9e6ecfc234d4c8134,full_annotation_v1,A,q_한식_10,한식 먹을 곳,음식점 중 '한식'을 판매·제공하는 매장,train,한식,T4 구어·문장,001a2d82-c062-406b-b63c-9a8f8a4c86fa,열린부뚜막협동조합,"한식뷔페, 도시락, 케이터링, 요리강좌, 창업컨설팅, 행사기획",슬기로운 지족역 골목형상점가,골목형상점가,대전광역시,,,
e086d6cd828dbb9c10dc,full_annotation_v1,A,q_한식_10,한식 먹을 곳,음식점 중 '한식'을 판매·제공하는 매장,train,한식,T4 구어·문장,16531b04-dc57-4560-bc59-efe6c3998051,돈쭐,한식,광사먹골골목형상점가,골목형상점가,경기도,,,
1fde2499e02986bcae27,full_annotation_v1,A,q_한식_10,한식 먹을 곳,음식점 중 '한식'을 판매·제공하는 매장,train,한식,T4 구어·문장,ad93d088-08ca-423b-bd01-ae0ff7c1f9c8,우녁집,한식,이중섭거리 명동로상가,골목형상점가,제주특별자치도,,,
f57a3e6224c9ef546155,full_annotation_v1,A,q_한식_10,한식 먹을 곳,음식점 중 '한식'을 판매·제공하는 매장,train,한식,T4 구어·문장,20e990e4-aaf3-4784-9ba0-caad51d06b23,곳간,한식,수완장덕 골목형상점가,골목형상점가,광주광역시,,,
8d7bc1573d06d74ddd15,full_annotation_v1,A,q_한식_10,한식 먹을 곳,음식점 중 '한식'을 판매·제공하는 매장,train,한식,T4 구어·문장,fce3b64c-1f17-477d-ba38-452cc872ea4a,아이러브제이광주수완점,아동의류외,수완은빛마을,골목형상점가,광주광역시,,,
7064d9c73275f87f6e51,full_annotation_v1,A,q_한식_10,한식 먹을 곳,음식점 중 '한식'을 판매·제공하는 매장,train,한식,T4 구어·문장,40661d78-9f10-4dde-8df6-7dda64daf9a7,김여사봉화국수,한식,동대구신시장,전통시장,대구광역시,,,
8a8be687ebf16f2b814d,full_annotation_v1,A,q_한식_10,한식 먹을 곳,음식점 중 '한식'을 판매·제공하는 매장,train,한식,T4 구어·문장,fefc5de3-21d6-4779-a04f-691a86a2590a,썬모빌리티 전자관점,전기자전거,대구종합유통단지전자관사업협동조합,전통시장,대구광역시,,,
5a3ea731fed98a3f393b,full_annotation_v1,A,q_한식_10,한식 먹을 곳,음식점 중 '한식'을 판매·제공하는 매장,train,한식,T4 구어·문장,18f08984-acf9-4aff-97ee-5a9f40bb365c,길성식당,한식,춘천중앙시장,전통시장,강원특별자치도,,,
ae772ee6e8a86b31fa4e,full_annotation_v1,A,q_한식_10,한식 먹을 곳,음식점 중 '한식'을 판매·제공하는 매장,train,한식,T4 구어·문장,00118834-a0f4-4127-ba7d-f7908ced2e1d,골목집,한식,대흥낭만거리 골목형상점가,골목형상점가,대전광역시,,,
278f36ea9c4a400cd56f,full_annotation_v1,A,q_한식_10,한식 먹을 곳,음식점 중 '한식'을 판매·제공하는 매장,train,한식,T4 구어·문장,2c548bee-4681-4741-a218-f4284e79a9ea,제령집,한식,삼양시장골목형상점가,골목형상점가,서울특별시,,,
abdf706324f2f9122565,full_annotation_v1,A,q_한식_10,한식 먹을 곳,음식점 중 '한식'을 판매·제공하는 매장,train,한식,T4 구어·문장,030bc960-9493-4dd5-93ea-5b56023601af,왕돼지 김치찌개,김치찌개,쌍정 골목형상점가,골목형상점가,전라남도,,,
77502925550e5fb7351e,full_annotation_v1,A,q_한식_10,한식 먹을 곳,음식점 중 '한식'을 판매·제공하는 매장,train,한식,T4 구어·문장,00066748-bce9-4daa-b881-7902dad46f14,하단맛집,한식,하단자율상권구역,,부산광역시,,,
58e0c0f6848217ed6af3,full_annotation_v1,A,q_한식_10,한식 먹을 곳,음식점 중 '한식'을 판매·제공하는 매장,train,한식,T4 구어·문장,01f160fc-531c-4191-aa22-453462e0f38a,천년,김치,오정동상점가,자율상권구역,대전광역시,,,
caaf82b73c00673535e3,full_annotation_v1,A,q_한식_10,한식 먹을 곳,음식점 중 '한식'을 판매·제공하는 매장,train,한식,T4 구어·문장,f41c71c5-f31b-4bec-afa9-bfef7fe018bf,김밥나라,한식,팔등로기부거리,골목형상점가,울산광역시,,,
d9acf1f129ea67d5f051,full_annotation_v1,A,q_한식_10,한식 먹을 곳,음식점 중 '한식'을 판매·제공하는 매장,train,한식,T4 구어·문장,45d5c404-7093-4418-bd0e-6ecc0f47e107,제이엠티(JMT),"닭도리탕, 삼계탕",신 강남시장,전통시장,인천광역시,,,
8729ce5fa566e641cbba,full_annotation_v1,A,q_한식_10,한식 먹을 곳,음식점 중 '한식'을 판매·제공하는 매장,train,한식,T4 구어·문장,01b06c58-1a16-4bd9-81a5-ad284e01da10,신바람국밥,,운암대자골 골목형상점가,골목형상점가,,,,
03871fe3c3decb95fd3b,full_annotation_v1,A,q_한식_10,한식 먹을 곳,음식점 중 '한식'을 판매·제공하는 매장,train,한식,T4 구어·문장,e3d540d5-6a7f-4a7b-b48f-52bab1b5aa71,김밥천국,한식,비단길현대시장,전통시장,서울특별시,,,
04c2dc4058269e1e36bd,full_annotation_v1,A,q_한식_10,한식 먹을 곳,음식점 중 '한식'을 판매·제공하는 매장,train,한식,T4 구어·문장,01186127-94c8-40c4-8d08-9f84a76c77b0,짱아식당,,다향보성 골목형상점가,골목형상점가,,,,
2dc5449bcd581d2513aa,full_annotation_v1,A,q_한식_10,한식 먹을 곳,음식점 중 '한식'을 판매·제공하는 매장,train,한식,T4 구어·문장,dd852f58-43c9-43f6-ad40-dbcf354d9a10,70년대 소금구이,한식,감전시장,전통시장,부산광역시,,,
d7e30ce55c7eeb3e3864,full_annotation_v1,A,q_한식_10,한식 먹을 곳,음식점 중 '한식'을 판매·제공하는 매장,train,한식,T4 구어·문장,e73bea05-70e1-44a3-908a-5e0fd315e3d2,김밥나라,한식,양양로 골목형상점가,골목형상점가,강원특별자치도,,,
ec8e988c14794636e3a8,full_annotation_v1,A,q_한식_10,한식 먹을 곳,음식점 중 '한식'을 판매·제공하는 매장,train,한식,T4 구어·문장,c95bcaf2-4b74-4828-a1b7-7537568c6af9,뜻밖,한식,탕정미래 골목형상점가,골목형상점가,충청남도,,,
b20e8f62f40370ec90a3,full_annotation_v1,A,q_한식_10,한식 먹을 곳,음식점 중 '한식'을 판매·제공하는 매장,train,한식,T4 구어·문장,25d8323e-bf6a-484a-8996-ebb97b938155,OK스시,초밥집,대림시장,전통시장,서울특별시,,,
d2cce7b4e6f16126f681,full_annotation_v1,A,q_한식_10,한식 먹을 곳,음식점 중 '한식'을 판매·제공하는 매장,train,한식,T4 구어·문장,32edc483-f176-49e2-b82a-776d54c8faa9,김밥천국,한식,동쪽바다중앙시장(구 동해중앙시장),전통시장,강원특별자치도,,,
f98e9bfc60587242cf43,full_annotation_v1,A,q_한식_10,한식 먹을 곳,음식점 중 '한식'을 판매·제공하는 매장,train,한식,T4 구어·문장,d85ac593-8870-454d-a71a-69424ed6cb11,김밥천국,한식,수원아이파크시티8단지상가 골목형상점가,골목형상점가,경기도,,,
75a904f8ec50e3405af4,full_annotation_v1,A,q_한식_10,한식 먹을 곳,음식점 중 '한식'을 판매·제공하는 매장,train,한식,T4 구어·문장,eac0b240-8458-4619-9c46-d8ab9d0a1f5d,김밥나라,한식,선부광장로상점가,자율상권구역,경기도,,,
ad0032e9c0f567a2e14a,full_annotation_v1,A,q_한식_10,한식 먹을 곳,음식점 중 '한식'을 판매·제공하는 매장,train,한식,T4 구어·문장,05530d0f-82ed-47a1-8015-32b6c30e3752,진수산삼다식품,"젓갈류, 김치, 수산물",동문재래시장,전통시장,제주특별자치도,,,
62690f1469519fdd68aa,full_annotation_v1,A,q_한식_10,한식 먹을 곳,음식점 중 '한식'을 판매·제공하는 매장,train,한식,T4 구어·문장,54c3c8fe-ed40-44c4-a6f1-9cf48dbd52db,김밥천국,한식,석수본동 골목형상점가,골목형상점가,경기도,,,
e64f4f4d7cb13b093cac,full_annotation_v1,A,q_한식_10,한식 먹을 곳,음식점 중 '한식'을 판매·제공하는 매장,train,한식,T4 구어·문장,bbfe5497-4183-4367-ae25-662df7703639,주막부산집,한식,원주중앙로문화의거리,자율상권구역,강원특별자치도,,,
b931699c8fe683d06e14,full_annotation_v1,A,q_한식_10,한식 먹을 곳,음식점 중 '한식'을 판매·제공하는 매장,train,한식,T4 구어·문장,3904297a-70a0-4b2c-aaa5-26fd5385f3e3,왕대박튀김,튀김,대포항골목형상점가B,골목형상점가,강원특별자치도,,,
d4c38570637f39eab31f,full_annotation_v1,A,q_한식_10,한식 먹을 곳,음식점 중 '한식'을 판매·제공하는 매장,train,한식,T4 구어·문장,0e3c7fa6-61b7-435a-9f85-476839b53790,온양식당,한식,대명시장,전통시장,대구광역시,,,
2cae60e0e375d9a87bbf,full_annotation_v1,A,q_한식_10,한식 먹을 곳,음식점 중 '한식'을 판매·제공하는 매장,train,한식,T4 구어·문장,ebfc9ee5-37c5-4d7c-9781-a42aa3af673f,옹이네,한식,군포당동로시장상점가,골목형상점가,경기도,,,
525cd567a2ee79c1d5e9,full_annotation_v1,A,q_한식_10,한식 먹을 곳,음식점 중 '한식'을 판매·제공하는 매장,train,한식,T4 구어·문장,2ce9b071-684d-4602-ad76-b7aa13df94c1,김밥천국,한식,양수리전통시장(양평양수리시장),전통시장,경기도,,,
59db51377e2b6cb72b1d,full_annotation_v1,A,q_한식_10,한식 먹을 곳,음식점 중 '한식'을 판매·제공하는 매장,train,한식,T4 구어·문장,01b4b567-78d4-4fa1-9bff-25fd01fb1a4c,소문난김치집,김치,중앙먹거리 상인회 골목형상점가,골목형상점가,전라남도,,,
a30371ab571c475e711e,full_annotation_v1,A,q_한식_10,한식 먹을 곳,음식점 중 '한식'을 판매·제공하는 매장,train,한식,T4 구어·문장,103d8e78-0add-4b36-9000-7ae3cfa2fd1c,서록장,한식,소나무 골목형상점가,골목형상점가,전북특별자치도,,,
5a3521e7a6ed50360765,full_annotation_v1,A,q_한식_10,한식 먹을 곳,음식점 중 '한식'을 판매·제공하는 매장,train,한식,T4 구어·문장,3944777f-592a-46d4-b58c-4dec9aff5516,남양뼈해장국,한식,남광주시장,전통시장,광주광역시,,,
b2ab5b667acb1dbe78fb,full_annotation_v1,A,q_한식_10,한식 먹을 곳,음식점 중 '한식'을 판매·제공하는 매장,train,한식,T4 구어·문장,001053bb-9a4d-431c-8073-f2204c857265,유달식당,한식,노량진수산시장골목형상점가,골목형상점가,서울특별시,,,
4cb3ce4fec31ed2f0fd8,full_annotation_v1,A,q_한식_10,한식 먹을 곳,음식점 중 '한식'을 판매·제공하는 매장,train,한식,T4 구어·문장,072181cd-94e1-42c3-a316-11f393aad45c,김밥천국,한식,중랑동부시장,전통시장,서울특별시,,,
d1f392a74d794fbdb781,full_annotation_v1,A,q_한식_10,한식 먹을 곳,음식점 중 '한식'을 판매·제공하는 매장,train,한식,T4 구어·문장,5f201ed4-130d-4bb5-a9a0-6daaba529a61,김밥나라,한식,동천동먹자골목2번가상인회 골목형상점가,골목형상점가,광주광역시,,,
c4ee75ff6053854cdcde,full_annotation_v1,A,q_한식_10,한식 먹을 곳,음식점 중 '한식'을 판매·제공하는 매장,train,한식,T4 구어·문장,009ee53b-22c6-434e-bb94-47758d092857,미애네 달달스토어,반찬,송현시장,전통시장,인천광역시,,,
269a9aa468f7a6c1b513,full_annotation_v1,A,q_한식_10,한식 먹을 곳,음식점 중 '한식'을 판매·제공하는 매장,train,한식,T4 구어·문장,2743811c-5e71-4d2b-aa75-1b0147d44f2d,사우 꽃이 피는 곳,꽃,김포 풍년마을 골목형상점가,골목형상점가,경기도,,,
113c88c2e1ccf2adec78,full_annotation_v1,A,q_한식_10,한식 먹을 곳,음식점 중 '한식'을 판매·제공하는 매장,train,한식,T4 구어·문장,243f1524-44f2-4b21-b6c4-bb7164381666,착한산곰장어,한식,안락상가시장,전통시장,부산광역시,,,
e3aa8eff4900407e1c8e,full_annotation_v1,A,q_한식_10,한식 먹을 곳,음식점 중 '한식'을 판매·제공하는 매장,train,한식,T4 구어·문장,fc916dd1-b3c6-4f90-b6c3-662cf4f80803,추어탕,한식,아현시장,전통시장,서울특별시,,,
bcc3c375895ded8e8e1e,full_annotation_v1,A,q_한식_10,한식 먹을 곳,음식점 중 '한식'을 판매·제공하는 매장,train,한식,T4 구어·문장,80467e20-2459-414d-8237-4f105ce83b22,산약초백숙,한식,우정전통시장,전통시장,울산광역시,,,
17774684bb3c9698015a,full_annotation_v1,A,q_한식_10,한식 먹을 곳,음식점 중 '한식'을 판매·제공하는 매장,train,한식,T4 구어·문장,05053590-ec6f-49ed-b23a-c60ecfc9cc33,김밥천국,한식,성안길상점가,자율상권구역,충청북도,,,
b2eb2973bb4e46f873e2,full_annotation_v1,A,q_한식_10,한식 먹을 곳,음식점 중 '한식'을 판매·제공하는 매장,train,한식,T4 구어·문장,4fd0b6bc-1110-442c-ae7a-8c2b9ec37734,가구이즈,가구,㈜르네시떼,전통시장,부산광역시,,,
9ff92454986d13e1622b,full_annotation_v1,A,q_한식_10,한식 먹을 곳,음식점 중 '한식'을 판매·제공하는 매장,train,한식,T4 구어·문장,58dcfaad-df94-479e-97a5-908de69a29aa,송가네국밥,한식,거창 전통시장,전통시장,경상남도,,,
b37772755d0b764f0ac6,full_annotation_v1,A,q_한식_10,한식 먹을 곳,음식점 중 '한식'을 판매·제공하는 매장,train,한식,T4 구어·문장,bab8d549-cbc3-430a-b4b4-02770973d7e3,먹언니,한식,선부광장로상점가,자율상권구역,경기도,,,
e6df4e15378d6a91418f,full_annotation_v1,A,q_한식_10,한식 먹을 곳,음식점 중 '한식'을 판매·제공하는 매장,train,한식,T4 구어·문장,01cb3652-fa58-417b-a2fd-2aa0a54fae0a,해밍턴 부대찌개 세종다정점,부대찌개한식,다정중앙 골목형상점가,골목형상점가,세종특별자치시,,,
2c15b2c0b1ff54dd0dfb,full_annotation_v1,A,q_한식_10,한식 먹을 곳,음식점 중 '한식'을 판매·제공하는 매장,train,한식,T4 구어·문장,769c42de-80d5-487f-9344-fd092ace837b,오얏,한식,아시아음식문화거리 골목형상점가,골목형상점가,광주광역시,,,
2073e7dcf1f570d3137a,full_annotation_v1,A,q_한식_10,한식 먹을 곳,음식점 중 '한식'을 판매·제공하는 매장,train,한식,T4 구어·문장,0239c4e7-2ae3-4f29-8952-19c6d9d1d9a9,세번째집,순대국밥,성환이화시장,전통시장,충청남도,,,
e0522b60ebf1befd50e8,full_annotation_v1,A,q_한식_10,한식 먹을 곳,음식점 중 '한식'을 판매·제공하는 매장,train,한식,T4 구어·문장,3e1294f8-c8f4-4242-acd1-b5d8357555f4,김밥천국,한식,완도중앙시장,전통시장,전라남도,,,
40e10910390d4567fa8a,full_annotation_v1,A,q_한식_10,한식 먹을 곳,음식점 중 '한식'을 판매·제공하는 매장,train,한식,T4 구어·문장,b2ae5540-9557-40bf-9062-720c0035932c,오로라스카프(잡화),잡화,서면지하도상가 부전몰,일반지하상점가,부산광역시,,,
2933cdfceabe1db390c4,full_annotation_v1,A,q_한식_10,한식 먹을 곳,음식점 중 '한식'을 판매·제공하는 매장,train,한식,T4 구어·문장,9da3903c-ad7e-4b35-a09a-ca470c544380,장각집,한식,원마루시장,전통시장,충청북도,,,
94fae20e3a8f219cee59,full_annotation_v1,A,q_한식_10,한식 먹을 곳,음식점 중 '한식'을 판매·제공하는 매장,train,한식,T4 구어·문장,7fde034b-96e4-455a-83e2-7b5692b96a17,먹을터,한식,화성행궁골목형상점가,골목형상점가,경기도,,,
4d8f56d56e82d62f1874,full_annotation_v1,A,q_한식_10,한식 먹을 곳,음식점 중 '한식'을 판매·제공하는 매장,train,한식,T4 구어·문장,6036fa29-8800-4881-8efe-d78287b443da,덕임추어탕,한식,현풍백년도깨비시장,전통시장,대구광역시,,,
dd18f901c1c7e2697e82,full_annotation_v1,A,q_한식_10,한식 먹을 곳,음식점 중 '한식'을 판매·제공하는 매장,train,한식,T4 구어·문장,04961d72-f5b3-4605-86f3-8130ded3e312,본도시락성서점,,성서우방 골목형상점가,골목형상점가,대구광역시,,,
02dd2ee1909bf0a0953e,full_annotation_v1,A,q_한식_10,한식 먹을 곳,음식점 중 '한식'을 판매·제공하는 매장,train,한식,T4 구어·문장,32bd51dc-6d4d-43b5-88b8-bd059a369d81,더이쁨&메고지고떡창고,의류 떡 과자 디저트,주안역지하도상점가,일반지하상점가,인천광역시,,,
be52d025ad8661ab72f0,full_annotation_v1,A,q_한식_10,한식 먹을 곳,음식점 중 '한식'을 판매·제공하는 매장,train,한식,T4 구어·문장,ea99a38d-ff34-460f-92ec-1f6531dc1e48,엄마손맛,한식,춘천동부시장,전통시장,강원특별자치도,,,
d63719ee5e8b284cd32b,full_annotation_v1,A,q_한식_10,한식 먹을 곳,음식점 중 '한식'을 판매·제공하는 매장,train,한식,T4 구어·문장,598fbb59-5704-48a7-b6e0-348735c00c23,겸상,한식,과천스마트케이 골목형상점가,골목형상점가,경기도,,,
6dd1d3fa3cad67e2f05e,full_annotation_v1,A,q_한식_10,한식 먹을 곳,음식점 중 '한식'을 판매·제공하는 매장,train,한식,T4 구어·문장,01b7e8c6-feb8-4cff-a63e-2376ae18dd41,원조생굴뚝배기,국밥,고령대가야시장,전통시장,경상북도,,,
d2e47dbe43e23232c1d0,full_annotation_v1,A,q_한식_10,한식 먹을 곳,음식점 중 '한식'을 판매·제공하는 매장,train,한식,T4 구어·문장,300804cc-d2e7-41c9-a309-f7f39dae22da,쭈꾸미총각,한식,강서다온골목형상점가,골목형상점가,충청북도,,,
9ad83389e438c75c4768,full_annotation_v1,A,q_한식_10,한식 먹을 곳,음식점 중 '한식'을 판매·제공하는 매장,train,한식,T4 구어·문장,70922c94-a9c9-4380-9bb3-183d4582c8ce,동네술집,한식,효안 골목형상점가,골목형상점가,광주광역시,,,
a151b6d9774853f8b2f9,full_annotation_v1,A,q_한식_10,한식 먹을 곳,음식점 중 '한식'을 판매·제공하는 매장,train,한식,T4 구어·문장,2056c69e-64b4-4b28-8ce2-800cbcec3e25,먹을꼬얌,음식,산본로데오거리(구 산본중심상가),자율상권구역,경기도,,,
4dab8d9283223fcdf46b,full_annotation_v1,A,q_한식_10,한식 먹을 곳,음식점 중 '한식'을 판매·제공하는 매장,train,한식,T4 구어·문장,53f29d0c-ba02-4b0c-a0ea-7c7b189a1fce,김밥나라,한식,"온양온천시장(온양재래시장, 전통시장)",전통시장,충청남도,,,
50e9e30ee7452056e2bf,full_annotation_v1,A,q_한식_10,한식 먹을 곳,음식점 중 '한식'을 판매·제공하는 매장,train,한식,T4 구어·문장,3cfc6adb-9607-43d5-95d0-bcfe01e194c6,은정식당,한식,안강공설시장,전통시장,경상북도,,,
e51b1b77a940464e43c0,full_annotation_v1,A,q_한식_10,한식 먹을 곳,음식점 중 '한식'을 판매·제공하는 매장,train,한식,T4 구어·문장,0b79859e-a533-40da-9a8c-acda129e8875,부자전집,"한식, 음식점업(한식)",잠원하길골목형상점가,골목형상점가,서울특별시,,,
11cb0c4761236ad12cd4,full_annotation_v1,A,q_한식_10,한식 먹을 곳,음식점 중 '한식'을 판매·제공하는 매장,train,한식,T4 구어·문장,fd4bf706-38e0-4067-930b-f69d5e28cffb,김밥천국,한식,발안만세시장(구 발안시장),전통시장,경기도,,,
2b891ab429751e780f43,full_annotation_v1,A,q_한식_10,한식 먹을 곳,음식점 중 '한식'을 판매·제공하는 매장,train,한식,T4 구어·문장,b1a3e2ee-3d53-4d79-a3dd-aee37f59416c,당진모리커피신터점,커피,당진시신도심상점가,자율상권구역,충청남도,,,
0f35970010ec0665f6ca,full_annotation_v1,A,q_한식_10,한식 먹을 곳,음식점 중 '한식'을 판매·제공하는 매장,train,한식,T4 구어·문장,66e4f4b3-410f-417b-b7a6-36b5c3f4b4a6,깃발,한식,오류전통시장(오류빤짝시장),전통시장,대전광역시,,,
b973426a988dd057db18,full_annotation_v1,A,q_한식_10,한식 먹을 곳,음식점 중 '한식'을 판매·제공하는 매장,train,한식,T4 구어·문장,be869627-bede-48cc-9e3a-23804ce60af4,최가네먹거리,한식,뒷개로청춘골목상점가,골목형상점가,전라남도,,,
a2209cf3c8f33e45fdbe,full_annotation_v1,A,q_한식_10,한식 먹을 곳,음식점 중 '한식'을 판매·제공하는 매장,train,한식,T4 구어·문장,312c4739-a6ff-4d48-801c-abdc740ad035,김밥나라,한식,동천동 상인회 골목형상점가,골목형상점가,광주광역시,,,
7739744b23ae7f009d6c,full_annotation_v1,A,q_한식_10,한식 먹을 곳,음식점 중 '한식'을 판매·제공하는 매장,train,한식,T4 구어·문장,a411ad10-57da-486e-bed3-d2ea84d36813,김밥천국,한식,비래동골목형상점가,골목형상점가,대전광역시,,,
aa15fc4c29c375bccc4b,full_annotation_v1,A,q_한식_10,한식 먹을 곳,음식점 중 '한식'을 판매·제공하는 매장,train,한식,T4 구어·문장,7cf9da72-81b9-4adc-9110-fe3f33ad22d0,시장고추방앗간,고추방아간,거창 전통시장,전통시장,경상남도,,,
50f4b61d8310b1c2ed2f,full_annotation_v1,A,q_한식_10,한식 먹을 곳,음식점 중 '한식'을 판매·제공하는 매장,train,한식,T4 구어·문장,9477efc1-15b1-4520-b93c-e34bf529e9ae,원조옛날할매곰탕,한식,신창진흥 골목형상점가,골목형상점가,광주광역시,,,
1d7038d33a1335ab46ab,full_annotation_v1,A,q_한식_10,한식 먹을 곳,음식점 중 '한식'을 판매·제공하는 매장,train,한식,T4 구어·문장,8e518e5d-b5b5-40b5-babe-b2d6f0344024,김밥천국,한식,적성전통시장,전통시장,경기도,,,
bc0d16e826dba9ce5481,full_annotation_v1,A,q_한식_10,한식 먹을 곳,음식점 중 '한식'을 판매·제공하는 매장,train,한식,T4 구어·문장,41754723-25d0-47ba-a3b8-150d60a44f54,먹쇠식당,한식,배밭골골목형상점가,골목형상점가,서울특별시,,,
fbf5a02bebf11113d42b,full_annotation_v1,A,q_한식_10,한식 먹을 곳,음식점 중 '한식'을 판매·제공하는 매장,train,한식,T4 구어·문장,64f91911-b0da-4f34-9589-3b46389ebe21,삼어,한식,격포어촌계 골목형상점가,골목형상점가,전북특별자치도,,,
293247aa578174573b03,full_annotation_v1,A,q_한식_10,한식 먹을 곳,음식점 중 '한식'을 판매·제공하는 매장,train,한식,T4 구어·문장,39f68902-705e-4ce5-8f25-a9d0ac8919ec,다올,한식,사리골상점가,자율상권구역,경기도,,,
2d48c81da1e759f099de,full_annotation_v1,A,q_한식_10,한식 먹을 곳,음식점 중 '한식'을 판매·제공하는 매장,train,한식,T4 구어·문장,51583374-29aa-46a4-8c4c-0684de4d6cf6,봉봉씨의 유쾌한 김밥집,,솔매사랑길 골목형상점가,골목형상점가,서울특별시,,,
86aefb7fc18fdb99164d,full_annotation_v1,A,q_한식_11,한식추천,음식점 중 '한식'을 판매·제공하는 매장,train,한식,T6 기계변형,598fbb59-5704-48a7-b6e0-348735c00c23,겸상,한식,과천스마트케이 골목형상점가,골목형상점가,경기도,,,
91b5a7caeba6d8fc4533,full_annotation_v1,A,q_한식_11,한식추천,음식점 중 '한식'을 판매·제공하는 매장,train,한식,T6 기계변형,16531b04-dc57-4560-bc59-efe6c3998051,돈쭐,한식,광사먹골골목형상점가,골목형상점가,경기도,,,
be1ca5b212b0af6e557f,full_annotation_v1,A,q_한식_11,한식추천,음식점 중 '한식'을 판매·제공하는 매장,train,한식,T6 기계변형,001a2d82-c062-406b-b63c-9a8f8a4c86fa,열린부뚜막협동조합,"한식뷔페, 도시락, 케이터링, 요리강좌, 창업컨설팅, 행사기획",슬기로운 지족역 골목형상점가,골목형상점가,대전광역시,,,
fbe258a0accde5581dc3,full_annotation_v1,A,q_한식_11,한식추천,음식점 중 '한식'을 판매·제공하는 매장,train,한식,T6 기계변형,cbff1c49-319d-4a50-93e4-2e20be7a5abc,동해네엄지척,야채,우림골목시장,전통시장,서울특별시,,,
7177fa01900e83ac3787,full_annotation_v1,A,q_한식_11,한식추천,음식점 중 '한식'을 판매·제공하는 매장,train,한식,T6 기계변형,01e8dcda-39f2-4df9-a2e4-2e63e8a9f480,두꺼비부대찌개,부대찌개,신중동문화거리상점가,자율상권구역,경기도,,,
6ba3562d8889927b3853,full_annotation_v1,A,q_한식_11,한식추천,음식점 중 '한식'을 판매·제공하는 매장,train,한식,T6 기계변형,f7fd7f3a-3f34-4d54-b652-dbe552b6b940,냐미냐미,한식,방어진항 골목형상점가,골목형상점가,울산광역시,,,
2d80a06560a105f524d0,full_annotation_v1,A,q_한식_11,한식추천,음식점 중 '한식'을 판매·제공하는 매장,train,한식,T6 기계변형,25d8323e-bf6a-484a-8996-ebb97b938155,OK스시,초밥집,대림시장,전통시장,서울특별시,,,
c1a42a3a7656ad4d99b6,full_annotation_v1,A,q_한식_11,한식추천,음식점 중 '한식'을 판매·제공하는 매장,train,한식,T6 기계변형,c95bcaf2-4b74-4828-a1b7-7537568c6af9,뜻밖,한식,탕정미래 골목형상점가,골목형상점가,충청남도,,,
bbb752d4c678534a09c6,full_annotation_v1,A,q_한식_11,한식추천,음식점 중 '한식'을 판매·제공하는 매장,train,한식,T6 기계변형,cf7eab5d-a1bb-41b2-bcec-517fa4e2a887,굣간,한식,대흥동 특화거리 상점가,자율상권구역,대전광역시,,,
a3850b541644e75d7690,full_annotation_v1,A,q_한식_11,한식추천,음식점 중 '한식'을 판매·제공하는 매장,train,한식,T6 기계변형,a63f0a39-cc86-4e1e-8aef-a0a0a6623891,알천,한식,달아실 골목형상점가,골목형상점가,광주광역시,,,
88689ab6c8239a492e6c,full_annotation_v1,A,q_한식_11,한식추천,음식점 중 '한식'을 판매·제공하는 매장,train,한식,T6 기계변형,30a0bc35-f0d1-4d5d-9826-8d498122538a,밥집,,고창전통시장,전통시장,전북특별자치도,,,
bdb249e19bdd7d2f9b45,full_annotation_v1,A,q_한식_11,한식추천,음식점 중 '한식'을 판매·제공하는 매장,train,한식,T6 기계변형,6285dd26-4a6a-4ec3-a1ae-8aa0a9260095,만양맛값,한식,포남용마거리골목형상점가,골목형상점가,강원특별자치도,,,
a65a08bd5cce8dda753e,full_annotation_v1,A,q_한식_11,한식추천,음식점 중 '한식'을 판매·제공하는 매장,train,한식,T6 기계변형,01c857cd-3f28-4d83-8fa4-e0abcfb44fbd,수연국밥,국밥,두암사거리 골목형상점가,골목형상점가,광주광역시,,,
5bf9e3542b9a0a0f0e53,full_annotation_v1,A,q_한식_11,한식추천,음식점 중 '한식'을 판매·제공하는 매장,train,한식,T6 기계변형,22a94491-853d-4840-b253-418bc12c7e10,산천,,홍도 골목형상점가,골목형상점가,대전광역시,,,
353c434c43c49c2aca26,full_annotation_v1,A,q_한식_11,한식추천,음식점 중 '한식'을 판매·제공하는 매장,train,한식,T6 기계변형,00118834-a0f4-4127-ba7d-f7908ced2e1d,골목집,한식,대흥낭만거리 골목형상점가,골목형상점가,대전광역시,,,
eb7eb230e827c2af4314,full_annotation_v1,A,q_한식_11,한식추천,음식점 중 '한식'을 판매·제공하는 매장,train,한식,T6 기계변형,05530d0f-82ed-47a1-8015-32b6c30e3752,진수산삼다식품,"젓갈류, 김치, 수산물",동문재래시장,전통시장,제주특별자치도,,,
874272ca9ba58b6b9ca3,full_annotation_v1,A,q_한식_11,한식추천,음식점 중 '한식'을 판매·제공하는 매장,train,한식,T6 기계변형,01bece07-ad04-4afe-b0bd-0a52427295d1,진주식당,,산청시장,전통시장,경상남도,,,
d9e26a747da4535108a8,full_annotation_v1,A,q_한식_11,한식추천,음식점 중 '한식'을 판매·제공하는 매장,train,한식,T6 기계변형,009ee53b-22c6-434e-bb94-47758d092857,미애네 달달스토어,반찬,송현시장,전통시장,인천광역시,,,
8e3c421535b546e57d80,full_annotation_v1,A,q_한식_11,한식추천,음식점 중 '한식'을 판매·제공하는 매장,train,한식,T6 기계변형,454dfe09-b97c-49b5-b9cb-aef7119035af,이천상회,건어물 및 젓갈류 도매,서울중앙시장,전통시장,서울특별시,,,
366d5b215088fdb177e2,full_annotation_v1,A,q_한식_11,한식추천,음식점 중 '한식'을 판매·제공하는 매장,train,한식,T6 기계변형,81fda61c-9dff-4856-b91d-1bf2f68fd8da,광천,채소,난곡골목형상점가,골목형상점가,서울특별시,,,
d83875c8cbb2659e088a,full_annotation_v1,A,q_한식_11,한식추천,음식점 중 '한식'을 판매·제공하는 매장,train,한식,T6 기계변형,04961d72-f5b3-4605-86f3-8130ded3e312,본도시락성서점,,성서우방 골목형상점가,골목형상점가,대구광역시,,,
afdc71f08099997d0d08,full_annotation_v1,A,q_한식_11,한식추천,음식점 중 '한식'을 판매·제공하는 매장,train,한식,T6 기계변형,010b729e-dfdc-4b2c-ac41-376db70ef2c0,우여사애찬방,반찬,안동광석거리 골목형상점가,골목형상점가,경상북도,,,
a148420bf3f37ba7e4bf,full_annotation_v1,A,q_한식_11,한식추천,음식점 중 '한식'을 판매·제공하는 매장,train,한식,T6 기계변형,2c548bee-4681-4741-a218-f4284e79a9ea,제령집,한식,삼양시장골목형상점가,골목형상점가,서울특별시,,,
d3461ab4f83f5212134f,full_annotation_v1,A,q_한식_11,한식추천,음식점 중 '한식'을 판매·제공하는 매장,train,한식,T6 기계변형,00f60c16-d8be-497f-80f2-aab3209a8d0e,포카포카,식당,전남여고후문 골목형상점가,골목형상점가,광주광역시,,,
1af663754957546951ae,full_annotation_v1,A,q_한식_11,한식추천,음식점 중 '한식'을 판매·제공하는 매장,train,한식,T6 기계변형,59ef57d9-0648-43f5-b04c-80806501499d,솔솔 이천 점,한식,이천중앙로상가,자율상권구역,경기도,,,
a6fbbf9e148af3a2dd02,full_annotation_v1,A,q_한식_11,한식추천,음식점 중 '한식'을 판매·제공하는 매장,train,한식,T6 기계변형,faade7c3-3e53-4088-b64b-014a1644d411,부천 우대가,한식,떠오르길 골목형상점가,골목형상점가,경기도,,,
3acbabf5d32e054dc127,full_annotation_v1,A,q_한식_11,한식추천,음식점 중 '한식'을 판매·제공하는 매장,train,한식,T6 기계변형,03b84056-803d-4bd8-8a8b-f3d19815797b,땅스부댜찌개,즉석판매찌개,바람골골목형상점가,골목형상점가,충청북도,,,
7a26d1fae5530c01d186,full_annotation_v1,A,q_한식_11,한식추천,음식점 중 '한식'을 판매·제공하는 매장,train,한식,T6 기계변형,6985e359-bb88-47d4-98a7-8977541ecd03,영천,육류,태백시장,전통시장,대구광역시,,,
15e679d93e964b936ef3,full_annotation_v1,A,q_한식_11,한식추천,음식점 중 '한식'을 판매·제공하는 매장,train,한식,T6 기계변형,8b1d093a-cc2b-4594-9079-a232b746224a,한알천 본점,한식,원신흥어울림길 골목형상점가,골목형상점가,대전광역시,,,
adb6adfee97fb86d3209,full_annotation_v1,A,q_한식_11,한식추천,음식점 중 '한식'을 판매·제공하는 매장,train,한식,T6 기계변형,00181552-6cc5-406b-ac59-bf9816f61398,갓지은밥,한식,남광주시장,전통시장,,,,
d7c78c5469bbe320ea38,full_annotation_v1,A,q_한식_11,한식추천,음식점 중 '한식'을 판매·제공하는 매장,train,한식,T6 기계변형,0ca7b056-fbc8-49cf-9e4d-dd738c848ea1,똔꼬집,한식,금호1동상가번영회 골목형상점가,골목형상점가,광주광역시,,,
e83ee2b7003546e49975,full_annotation_v1,A,q_한식_11,한식추천,음식점 중 '한식'을 판매·제공하는 매장,train,한식,T6 기계변형,0239c4e7-2ae3-4f29-8952-19c6d9d1d9a9,세번째집,순대국밥,성환이화시장,전통시장,충청남도,,,
1eff31f995986af40ae0,full_annotation_v1,A,q_한식_11,한식추천,음식점 중 '한식'을 판매·제공하는 매장,train,한식,T6 기계변형,8cdd9fc6-51be-4eab-ac85-c014f234ba18,김뽁김뽁,한식,청림로드골목형상점가,골목형상점가,서울특별시,,,
50642dd7e8a89d6de735,full_annotation_v1,A,q_한식_11,한식추천,음식점 중 '한식'을 판매·제공하는 매장,train,한식,T6 기계변형,31a675ed-383d-4278-97c8-5949eb3fc747,우동김밥집,,비카인드 자율상권구역,,경상북도,,,
c1b1bdd800163c8abc07,full_annotation_v1,A,q_한식_11,한식추천,음식점 중 '한식'을 판매·제공하는 매장,train,한식,T6 기계변형,0182c177-fcc7-47b0-8e12-99eb221aff79,시장초장식당,"칼국수, 열무비빔밥, 국, 반찬",경주중앙시장,전통시장,경상북도,,,
05d5c79db2a0040129e6,full_annotation_v1,A,q_한식_11,한식추천,음식점 중 '한식'을 판매·제공하는 매장,train,한식,T6 기계변형,0741bfd3-b940-4386-9f39-8dd006d28352,한솥도시락 부천시청점,도시락,길주로 골목형상점가,골목형상점가,경기도,,,
0aef0a5e3e5aa6f37589,full_annotation_v1,A,q_한식_11,한식추천,음식점 중 '한식'을 판매·제공하는 매장,train,한식,T6 기계변형,01465138-3544-40c5-a4db-860c2bb8c959,군산수산물종합센터내)매점,매점,군산수산물종합센터,전통시장,전북특별자치도,,,
e3575b90fbba26049fd1,full_annotation_v1,A,q_한식_11,한식추천,음식점 중 '한식'을 판매·제공하는 매장,train,한식,T6 기계변형,01f160fc-531c-4191-aa22-453462e0f38a,천년,김치,오정동상점가,자율상권구역,대전광역시,,,
3a79355db88a1be9856b,full_annotation_v1,A,q_한식_11,한식추천,음식점 중 '한식'을 판매·제공하는 매장,train,한식,T6 기계변형,0ad6b1c3-201a-48a3-ad94-b091259a89fa,한식명가,한식,부리단길 골목형상점가,골목형상점가,부산광역시,,,
269d22019d0b9f858c97,full_annotation_v1,A,q_한식_11,한식추천,음식점 중 '한식'을 판매·제공하는 매장,train,한식,T6 기계변형,030bc960-9493-4dd5-93ea-5b56023601af,왕돼지 김치찌개,김치찌개,쌍정 골목형상점가,골목형상점가,전라남도,,,
f29d397a78bbcf32c2fc,full_annotation_v1,A,q_한식_11,한식추천,음식점 중 '한식'을 판매·제공하는 매장,train,한식,T6 기계변형,66e4f4b3-410f-417b-b7a6-36b5c3f4b4a6,깃발,한식,오류전통시장(오류빤짝시장),전통시장,대전광역시,,,
4c9c1f2b44bcfd37668b,full_annotation_v1,A,q_한식_11,한식추천,음식점 중 '한식'을 판매·제공하는 매장,train,한식,T6 기계변형,847a059e-28db-41aa-938d-b1931a941d70,돈쫄,한식,김천평화시장,전통시장,경상북도,,,
9d653896f3c917b827f7,full_annotation_v1,A,q_한식_11,한식추천,음식점 중 '한식'을 판매·제공하는 매장,train,한식,T6 기계변형,049da728-3dd8-43a4-a43b-1beec22fee55,소쇄원,한식,조대장미의거리 상점가,자율상권구역,광주광역시,,,
1d1336e198c1494ee275,full_annotation_v1,A,q_한식_11,한식추천,음식점 중 '한식'을 판매·제공하는 매장,train,한식,T6 기계변형,a777c574-a5a9-4bf3-892a-360eeb62339a,소야장어나라,장어,한마음,골목형상점가,광주광역시,,,
12daa89359a940f94514,full_annotation_v1,A,q_한식_11,한식추천,음식점 중 '한식'을 판매·제공하는 매장,train,한식,T6 기계변형,feb7b59c-1890-4d9d-9bf1-c3079671ea81,박가네,"한식, 곱창",구월시장,전통시장,인천광역시,,,
491ed8dd300977c830cf,full_annotation_v1,A,q_한식_11,한식추천,음식점 중 '한식'을 판매·제공하는 매장,train,한식,T6 기계변형,d8c801f9-5e16-483d-acdd-b8d41d5d0871,주식회사 영천,한식,병점중심상가,자율상권구역,경기도,,,
3200f25c8b3fd8b1b45f,full_annotation_v1,A,q_한식_11,한식추천,음식점 중 '한식'을 판매·제공하는 매장,train,한식,T6 기계변형,03a6e716-3825-40e3-ba06-e047ee5e5483,부일반찬,김치,초량전통시장,전통시장,부산광역시,,,
29715de7d06d80b9b965,full_annotation_v1,A,q_한식_11,한식추천,음식점 중 '한식'을 판매·제공하는 매장,train,한식,T6 기계변형,061fc089-3c87-42dd-9ec4-c57cbe739270,한솥도시락 남천점,도시락,464번길 골목형상점가,골목형상점가,부산광역시,,,
65b6262fc36f30ea4885,full_annotation_v1,A,q_한식_11,한식추천,음식점 중 '한식'을 판매·제공하는 매장,train,한식,T6 기계변형,01186127-94c8-40c4-8d08-9f84a76c77b0,짱아식당,,다향보성 골목형상점가,골목형상점가,,,,
9d6a447dfde33af936f1,full_annotation_v1,A,q_한식_11,한식추천,음식점 중 '한식'을 판매·제공하는 매장,train,한식,T6 기계변형,0130dbd3-b9ea-43f4-98fd-26d8afd90b78,모래내시장순대,식당,전주모래내시장,전통시장,전북특별자치도,,,
2129f0a06975cc44c29e,full_annotation_v1,A,q_한식_11,한식추천,음식점 중 '한식'을 판매·제공하는 매장,train,한식,T6 기계변형,ad93d088-08ca-423b-bd01-ae0ff7c1f9c8,우녁집,한식,이중섭거리 명동로상가,골목형상점가,제주특별자치도,,,
4be79af74b68f8e7d60e,full_annotation_v1,A,q_한식_11,한식추천,음식점 중 '한식'을 판매·제공하는 매장,train,한식,T6 기계변형,51583374-29aa-46a4-8c4c-0684de4d6cf6,봉봉씨의 유쾌한 김밥집,,솔매사랑길 골목형상점가,골목형상점가,서울특별시,,,
343991cdaad387e9098d,full_annotation_v1,A,q_한식_11,한식추천,음식점 중 '한식'을 판매·제공하는 매장,train,한식,T6 기계변형,c72ad5e5-3bac-47b9-8014-f1b9367630e1,안녕제천,,제천중앙시장,전통시장,충청북도,,,
673c57e3865013f8ecb6,full_annotation_v1,A,q_한식_11,한식추천,음식점 중 '한식'을 판매·제공하는 매장,train,한식,T6 기계변형,fe26c01c-3ff9-493c-8b89-e69c3b799ea9,방천 방파제,한식,방천시장,전통시장,대구광역시,,,
f9763497f9a3c8fa78e4,full_annotation_v1,A,q_한식_11,한식추천,음식점 중 '한식'을 판매·제공하는 매장,train,한식,T6 기계변형,80c4738a-934b-4b41-9de9-a82a5967a614,천외천,한식,상봉먹자골목형상점가,골목형상점가,서울특별시,,,
4268fdf9e1e7aa7e1608,full_annotation_v1,A,q_한식_11,한식추천,음식점 중 '한식'을 판매·제공하는 매장,train,한식,T6 기계변형,44e0686a-9876-4f6a-a63b-6f9983eb6af6,스시천,일식,공항대로골목형상점가,골목형상점가,서울특별시,,,
2478e0dfdb8d57211afb,full_annotation_v1,A,q_한식_11,한식추천,음식점 중 '한식'을 판매·제공하는 매장,train,한식,T6 기계변형,0111a38b-8df8-43ae-9c16-778c27352864,본도시락,도시락,배방월천 골목형상점가,골목형상점가,충청남도,,,
6d301ba9ecae01f153be,full_annotation_v1,A,q_한식_11,한식추천,음식점 중 '한식'을 판매·제공하는 매장,train,한식,T6 기계변형,1af864e9-af69-4ee2-88ae-f8228ee0c0b5,고롭,한식,봉곡우전로 골목형상점가,골목형상점가,전북특별자치도,,,
0333e95c6f62d5c56fda,full_annotation_v1,A,q_한식_11,한식추천,음식점 중 '한식'을 판매·제공하는 매장,train,한식,T6 기계변형,e544b68e-a2e1-402f-b6d3-2335a07b8fe1,고밥,한식,자동차의거리,자율상권구역,광주광역시,,,
d4a438ff8056f558620a,full_annotation_v1,A,q_한식_11,한식추천,음식점 중 '한식'을 판매·제공하는 매장,train,한식,T6 기계변형,01b7e8c6-feb8-4cff-a63e-2376ae18dd41,원조생굴뚝배기,국밥,고령대가야시장,전통시장,경상북도,,,
bd82bffa942ff0e9c79e,full_annotation_v1,A,q_한식_11,한식추천,음식점 중 '한식'을 판매·제공하는 매장,train,한식,T6 기계변형,4baf34aa-0fc6-4a2d-9c6d-6fd887e2a5a9,위캔드,인형,춘천지하상가,일반지하상점가,강원특별자치도,,,
26e57a635c462c828c81,full_annotation_v1,A,q_한식_11,한식추천,음식점 중 '한식'을 판매·제공하는 매장,train,한식,T6 기계변형,f26b1ef4-3f24-40ab-94c3-b49c258601e7,신중앙수산,회,천안중앙시장,전통시장,충청남도,,,
0e091753fddc74d2cfd3,full_annotation_v1,A,q_한식_11,한식추천,음식점 중 '한식'을 판매·제공하는 매장,train,한식,T6 기계변형,01cb3652-fa58-417b-a2fd-2aa0a54fae0a,해밍턴 부대찌개 세종다정점,부대찌개한식,다정중앙 골목형상점가,골목형상점가,세종특별자치시,,,
bcd3f5149187b32e092d,full_annotation_v1,A,q_한식_11,한식추천,음식점 중 '한식'을 판매·제공하는 매장,train,한식,T6 기계변형,fd906ed8-6612-411c-9ad6-be397558d0bb,헤어메이크업 코디네이션,헤어미용,장안마실골목형상점가,골목형상점가,서울특별시,,,
9a434db5c99d82e695f2,full_annotation_v1,A,q_한식_11,한식추천,음식점 중 '한식'을 판매·제공하는 매장,train,한식,T6 기계변형,01286ec0-50e0-4540-b678-ec706fb3bcbb,설곰식당,식당,산업용재관,전통시장,대구광역시,,,
46fcd45e464f7a7f1bad,full_annotation_v1,A,q_한식_11,한식추천,음식점 중 '한식'을 판매·제공하는 매장,train,한식,T6 기계변형,488c87d3-7e0e-4cf9-adfa-bd793d32fe6e,가든온천,,정남진활력의거리 골목형상점가,골목형상점가,,,,
e49ff10174c585e03ef7,full_annotation_v1,A,q_한식_11,한식추천,음식점 중 '한식'을 판매·제공하는 매장,train,한식,T6 기계변형,001053bb-9a4d-431c-8073-f2204c857265,유달식당,한식,노량진수산시장골목형상점가,골목형상점가,서울특별시,,,
70e64de630d3896c3f8d,full_annotation_v1,A,q_한식_11,한식추천,음식점 중 '한식'을 판매·제공하는 매장,train,한식,T6 기계변형,00066748-bce9-4daa-b881-7902dad46f14,하단맛집,한식,하단자율상권구역,,부산광역시,,,
c94e4feb4a851bfa87c6,full_annotation_v1,A,q_한식_11,한식추천,음식점 중 '한식'을 판매·제공하는 매장,train,한식,T6 기계변형,43f04080-ae14-46b9-9708-edb1980d1e38,성자네 젓갈,젓갈,비아5일시장,전통시장,광주광역시,,,
d1582d0b9c82be861f5b,full_annotation_v1,A,q_한식_11,한식추천,음식점 중 '한식'을 판매·제공하는 매장,train,한식,T6 기계변형,dbe405f0-bf4d-4c1b-930b-dbcd57b53fe8,체육창고,체육용품,평택통복시장,전통시장,경기도,,,
7599884495887a27a293,full_annotation_v1,A,q_한식_11,한식추천,음식점 중 '한식'을 판매·제공하는 매장,train,한식,T6 기계변형,d14138e7-3862-4f19-b99a-277dca5d4f46,춘천 닭갈비,한식,개포동 구마을 골목형상점가,골목형상점가,서울특별시,,,
b0420b63a3661f7cff7a,full_annotation_v1,A,q_한식_11,한식추천,음식점 중 '한식'을 판매·제공하는 매장,train,한식,T6 기계변형,841b72f5-4427-4963-b913-0778b81cf7c7,청와대반점,중식,나성동 골목형상점가,골목형상점가,세종특별자치시,,,
08ac3124eee0e990b8ab,full_annotation_v1,A,q_한식_11,한식추천,음식점 중 '한식'을 판매·제공하는 매장,train,한식,T6 기계변형,03bba86e-80c4-42b0-8688-a0c912abdb07,돼지고기김치찌개,김치찌개,도담동 골목형상점가,골목형상점가,세종특별자치시,,,
99df7c3ea440e145609c,full_annotation_v1,A,q_한식_11,한식추천,음식점 중 '한식'을 판매·제공하는 매장,train,한식,T6 기계변형,95772a4d-8bdb-4cee-ad3b-25306677cbfb,삼천 하이포크식당,한식,둔산3동상점가,자율상권구역,대전광역시,,,
624e9df3ecb4b1937a7c,full_annotation_v1,A,q_한식_11,한식추천,음식점 중 '한식'을 판매·제공하는 매장,train,한식,T6 기계변형,c8c6555e-16ce-4ae6-91bb-ccb7f82fed43,삼윤당,한식,세종전통시장,전통시장,세종특별자치시,,,
970849962f6c257c6e9f,full_annotation_v1,A,q_한식_11,한식추천,음식점 중 '한식'을 판매·제공하는 매장,train,한식,T6 기계변형,264391f6-762f-4421-a62f-fbbadcb2caef,삼굽당,한식,탕정역 지웰시티몰 3단지 골목형상점가,골목형상점가,충청남도,,,
f4ed9b776c68cc49770e,full_annotation_v1,A,q_한식_11,한식추천,음식점 중 '한식'을 판매·제공하는 매장,train,한식,T6 기계변형,3c4aed4b-fb39-45a4-a483-850adb00ea42,한향,한식,전남대 상대 골목형상점가,골목형상점가,광주광역시,,,
3dfbb9ba1bee19e50624,full_annotation_v1,A,q_한식_11,한식추천,음식점 중 '한식'을 판매·제공하는 매장,train,한식,T6 기계변형,b892cc47-6622-4ff8-abcb-a8be7958e02a,가야농산,과일 야채,오목내길골목형상점가,골목형상점가,서울특별시,,,
1de6368ca63138b2b7ed,full_annotation_v1,A,q_한식_11,한식추천,음식점 중 '한식'을 판매·제공하는 매장,train,한식,T6 기계변형,0a1e5f72-2ca5-49d3-9483-b71bd74c9f9b,점심엔 상무밥집24시,,상무연하상인회 골목형상점가,골목형상점가,광주광역시,,,
363729d6ead10206e106,full_annotation_v1,A,q_한식_11,한식추천,음식점 중 '한식'을 판매·제공하는 매장,train,한식,T6 기계변형,4df4254c-0632-46e6-9308-065f4df6b07a,계화동 세종점,일식,나성동 골목형상점가,골목형상점가,세종특별자치시,,,
ce5be4e34153c7027bdb,full_annotation_v1,A,q_한식_11,한식추천,음식점 중 '한식'을 판매·제공하는 매장,train,한식,T6 기계변형,e96a83bc-946a-43bc-9e0d-d1185bf52d51,옥천,수산물,부천상동시장,전통시장,경기도,,,
4fd762f6e777eecddc13,full_annotation_v1,A,q_한식_11,한식추천,음식점 중 '한식'을 판매·제공하는 매장,train,한식,T6 기계변형,b89eacc9-8743-4cca-93ac-acc8c5296985,북경반점,중식,산정상인회 골목형상점가,골목형상점가,광주광역시,,,
37d9d5342ae28c1571ef,full_annotation_v1,A,q_한식_11,한식추천,음식점 중 '한식'을 판매·제공하는 매장,train,한식,T6 기계변형,003003dc-6951-4f07-8cf2-f31334c0b27d,미향반찬,반찬,신안코아,전통시장,경기도,,,
4f6ad2731ccfab3c5633,full_annotation_v1,A,q_한식_11,한식추천,음식점 중 '한식'을 판매·제공하는 매장,train,한식,T6 기계변형,01b06c58-1a16-4bd9-81a5-ad284e01da10,신바람국밥,,운암대자골 골목형상점가,골목형상점가,,,,
0c1122fc415d3712d9b2,full_annotation_v1,A,q_한식_11,한식추천,음식점 중 '한식'을 판매·제공하는 매장,train,한식,T6 기계변형,01b4b567-78d4-4fa1-9bff-25fd01fb1a4c,소문난김치집,김치,중앙먹거리 상인회 골목형상점가,골목형상점가,전라남도,,,
5e2c44d98fc017b3af33,full_annotation_v1,A,q_한식_11,한식추천,음식점 중 '한식'을 판매·제공하는 매장,train,한식,T6 기계변형,01830c3a-5f7e-4396-9772-38b51bd90dc0,새로나국밥,국밥 족발 머리고기,무등시장,전통시장,광주광역시,,,
8ce9c7058b3bc69fb363,full_annotation_v1,A,q_한식_11,한식추천,음식점 중 '한식'을 판매·제공하는 매장,train,한식,T6 기계변형,68f4d1cc-06d1-438e-919a-04214fa58d07,하남목장,소고기돼지고기,한마음,골목형상점가,광주광역시,,,
c07979e423ef40805004,full_annotation_v1,A,q_한식_11,한식추천,음식점 중 '한식'을 판매·제공하는 매장,train,한식,T6 기계변형,000a95c4-e0a6-4011-86fb-04307bcfae38,황갈비,한식,김천황금시장,전통시장,경상북도,,,
d81366c078b646156632,full_annotation_v1,A,q_한식_11,한식추천,음식점 중 '한식'을 판매·제공하는 매장,train,한식,T6 기계변형,9da3903c-ad7e-4b35-a09a-ca470c544380,장각집,한식,원마루시장,전통시장,충청북도,,,
41fff6bd1b6716bab4f0,full_annotation_v1,A,q_한식_11,한식추천,음식점 중 '한식'을 판매·제공하는 매장,train,한식,T6 기계변형,d8552c12-16b1-465b-a385-73d91bb67972,롯데그릇,그릇,진주 논개시장,전통시장,경상남도,,,
3f14388202445011800a,full_annotation_v1,A,q_한식_11,한식추천,음식점 중 '한식'을 판매·제공하는 매장,train,한식,T6 기계변형,769c42de-80d5-487f-9344-fd092ace837b,오얏,한식,아시아음식문화거리 골목형상점가,골목형상점가,광주광역시,,,
42ddcbd80d89e066a018,full_annotation_v1,A,q_한식_11,한식추천,음식점 중 '한식'을 판매·제공하는 매장,train,한식,T6 기계변형,7eac0dc0-6b8b-4126-8f69-0a353513b3fa,온리원,두발,선운별 골목형상점가,골목형상점가,광주광역시,,,
d22380b371350bbdb1ea,full_annotation_v1,A,q_한식_11,한식추천,음식점 중 '한식'을 판매·제공하는 매장,train,한식,T6 기계변형,ca51ce69-0d20-47e5-8b94-d4d1cc4a2918,하녹집,한식,신창 골목형상점가,골목형상점가,광주광역시,,,
61a44f1445746402a0a9,full_annotation_v1,A,q_한식_11,한식추천,음식점 중 '한식'을 판매·제공하는 매장,train,한식,T6 기계변형,64f91911-b0da-4f34-9589-3b46389ebe21,삼어,한식,격포어촌계 골목형상점가,골목형상점가,전북특별자치도,,,
482a3cdb65e93352d8ef,full_annotation_v1,A,q_한식_11,한식추천,음식점 중 '한식'을 판매·제공하는 매장,train,한식,T6 기계변형,006895c5-d037-4e3d-9cfb-6972007a350a,반찬사랑,반찬,오치2동 골목형상점가,골목형상점가,광주광역시,,,
de28884ab50580b4fa1f,full_annotation_v1,A,q_한식_11,한식추천,음식점 중 '한식'을 판매·제공하는 매장,train,한식,T6 기계변형,103d8e78-0add-4b36-9000-7ae3cfa2fd1c,서록장,한식,소나무 골목형상점가,골목형상점가,전북특별자치도,,,
1e880ea7f4b82c6fceff,full_annotation_v1,A,q_한식_12,한싣,음식점 중 '한식'을 판매·제공하는 매장,train,한식,T6 기계변형,01e8dcda-39f2-4df9-a2e4-2e63e8a9f480,두꺼비부대찌개,부대찌개,신중동문화거리상점가,자율상권구역,경기도,,,
69749b53c5de58bde673,full_annotation_v1,A,q_한식_12,한싣,음식점 중 '한식'을 판매·제공하는 매장,train,한식,T6 기계변형,061fc089-3c87-42dd-9ec4-c57cbe739270,한솥도시락 남천점,도시락,464번길 골목형상점가,골목형상점가,부산광역시,,,
099ee43628ba2deb6737,full_annotation_v1,A,q_한식_12,한싣,음식점 중 '한식'을 판매·제공하는 매장,train,한식,T6 기계변형,f7fd7f3a-3f34-4d54-b652-dbe552b6b940,냐미냐미,한식,방어진항 골목형상점가,골목형상점가,울산광역시,,,
c334b8d12452606c51d8,full_annotation_v1,A,q_한식_12,한싣,음식점 중 '한식'을 판매·제공하는 매장,train,한식,T6 기계변형,31a675ed-383d-4278-97c8-5949eb3fc747,우동김밥집,,비카인드 자율상권구역,,경상북도,,,
8a0d0ef3f9a9abb1e52b,full_annotation_v1,A,q_한식_12,한싣,음식점 중 '한식'을 판매·제공하는 매장,train,한식,T6 기계변형,eb132842-0915-4bbb-896c-b4e1a90d8803,한칼,한식,과천스마트케이 골목형상점가,골목형상점가,경기도,,,
87c9be36a11882cbfe01,full_annotation_v1,A,q_한식_12,한싣,음식점 중 '한식'을 판매·제공하는 매장,train,한식,T6 기계변형,55ef37a1-a4f4-4a25-adcd-6a46510a35b2,올리비아로렌 대신점,여성복,날뫼골 골목형상점가,골목형상점가,대구광역시,,,
948f92ab3df169aeb905,full_annotation_v1,A,q_한식_12,한싣,음식점 중 '한식'을 판매·제공하는 매장,train,한식,T6 기계변형,16837842-0900-49d9-845e-42dfce177ba0,한우원,한식,신가동 골목형상점가,골목형상점가,광주광역시,,,
5ce55498d457b58522f7,full_annotation_v1,A,q_한식_12,한싣,음식점 중 '한식'을 판매·제공하는 매장,train,한식,T6 기계변형,103d8e78-0add-4b36-9000-7ae3cfa2fd1c,서록장,한식,소나무 골목형상점가,골목형상점가,전북특별자치도,,,
38f57088f7d41416ad89,full_annotation_v1,A,q_한식_12,한싣,음식점 중 '한식'을 판매·제공하는 매장,train,한식,T6 기계변형,4364186f-8bee-4633-bb26-2606a9b75908,한보인삼사,수삼,풍기인삼시장,전통시장,경상북도,,,
e2c60c17d76fc5578ada,full_annotation_v1,A,q_한식_12,한싣,음식점 중 '한식'을 판매·제공하는 매장,train,한식,T6 기계변형,3c4aed4b-fb39-45a4-a483-850adb00ea42,한향,한식,전남대 상대 골목형상점가,골목형상점가,광주광역시,,,
ca8100f54635859ab5e0,full_annotation_v1,A,q_한식_12,한싣,음식점 중 '한식'을 판매·제공하는 매장,train,한식,T6 기계변형,03a6e716-3825-40e3-ba06-e047ee5e5483,부일반찬,김치,초량전통시장,전통시장,부산광역시,,,
eb8ad912e952f6426754,full_annotation_v1,A,q_한식_12,한싣,음식점 중 '한식'을 판매·제공하는 매장,train,한식,T6 기계변형,51583374-29aa-46a4-8c4c-0684de4d6cf6,봉봉씨의 유쾌한 김밥집,,솔매사랑길 골목형상점가,골목형상점가,서울특별시,,,
94926f2a0b57af18a5bd,full_annotation_v1,A,q_한식_12,한싣,음식점 중 '한식'을 판매·제공하는 매장,train,한식,T6 기계변형,623a38fb-ceb5-4005-9f43-5d611e210912,쉐모아,이불,호계중앙 골목형상점가,골목형상점가,울산광역시,,,
93da5cdd9aa6f0718396,full_annotation_v1,A,q_한식_12,한싣,음식점 중 '한식'을 판매·제공하는 매장,train,한식,T6 기계변형,009ee53b-22c6-434e-bb94-47758d092857,미애네 달달스토어,반찬,송현시장,전통시장,인천광역시,,,
4a2e873a9fe1b6e44aaf,full_annotation_v1,A,q_한식_12,한싣,음식점 중 '한식'을 판매·제공하는 매장,train,한식,T6 기계변형,01286ec0-50e0-4540-b678-ec706fb3bcbb,설곰식당,식당,산업용재관,전통시장,대구광역시,,,
9e20069a6602bc506a8c,full_annotation_v1,A,q_한식_12,한싣,음식점 중 '한식'을 판매·제공하는 매장,train,한식,T6 기계변형,79429db0-c558-4046-b156-5ad5348a08d0,신천유리.앵글,유리,호계중앙 골목형상점가,골목형상점가,울산광역시,,,
faa56c9fded78dddec71,full_annotation_v1,A,q_한식_12,한싣,음식점 중 '한식'을 판매·제공하는 매장,train,한식,T6 기계변형,030bc960-9493-4dd5-93ea-5b56023601af,왕돼지 김치찌개,김치찌개,쌍정 골목형상점가,골목형상점가,전라남도,,,
a26df50c4c977ed0e7b8,full_annotation_v1,A,q_한식_12,한싣,음식점 중 '한식'을 판매·제공하는 매장,train,한식,T6 기계변형,10ee7723-27f7-4f62-b6b1-4b3b0f9ebcf8,한적골,한식,한적골 골목형상점가,골목형상점가,충청남도,,,
908261ac68a952b7dbb6,full_annotation_v1,A,q_한식_12,한싣,음식점 중 '한식'을 판매·제공하는 매장,train,한식,T6 기계변형,598fbb59-5704-48a7-b6e0-348735c00c23,겸상,한식,과천스마트케이 골목형상점가,골목형상점가,경기도,,,
74196533d58faa717961,full_annotation_v1,A,q_한식_12,한싣,음식점 중 '한식'을 판매·제공하는 매장,train,한식,T6 기계변형,0ad6b1c3-201a-48a3-ad94-b091259a89fa,한식명가,한식,부리단길 골목형상점가,골목형상점가,부산광역시,,,
73dbc271deb601a4e2cc,full_annotation_v1,A,q_한식_12,한싣,음식점 중 '한식'을 판매·제공하는 매장,train,한식,T6 기계변형,70083d8e-004d-492f-acb0-13c2420df850,한우쓰,한식,왕십리무학봉상점가,자율상권구역,서울특별시,,,
822a6848f99ff86ff8b6,full_annotation_v1,A,q_한식_12,한싣,음식점 중 '한식'을 판매·제공하는 매장,train,한식,T6 기계변형,01bece07-ad04-4afe-b0bd-0a52427295d1,진주식당,,산청시장,전통시장,경상남도,,,
e80ef80fc3c1ebedca17,full_annotation_v1,A,q_한식_12,한싣,음식점 중 '한식'을 판매·제공하는 매장,train,한식,T6 기계변형,94d6641c-8be1-4a12-bc31-4e04912b5387,전통 칼국수,음식,원대가구명물거리 골목형상점가,골목형상점가,대구광역시,,,
1995512218f5a4a4abd7,full_annotation_v1,A,q_한식_12,한싣,음식점 중 '한식'을 판매·제공하는 매장,train,한식,T6 기계변형,01cb3652-fa58-417b-a2fd-2aa0a54fae0a,해밍턴 부대찌개 세종다정점,부대찌개한식,다정중앙 골목형상점가,골목형상점가,세종특별자치시,,,
8491bb9e8b81898a27a3,full_annotation_v1,A,q_한식_12,한싣,음식점 중 '한식'을 판매·제공하는 매장,train,한식,T6 기계변형,00f60c16-d8be-497f-80f2-aab3209a8d0e,포카포카,식당,전남여고후문 골목형상점가,골목형상점가,광주광역시,,,
2dcf8ddaffbe7a76b9fb,full_annotation_v1,A,q_한식_12,한싣,음식점 중 '한식'을 판매·제공하는 매장,train,한식,T6 기계변형,2d14efe5-7f7d-499f-8602-be54c49413fc,서해상회,식품,부안상설시장,전통시장,전북특별자치도,,,
9522adfdfbd6b74e6d30,full_annotation_v1,A,q_한식_12,한싣,음식점 중 '한식'을 판매·제공하는 매장,train,한식,T6 기계변형,621f060c-1a69-4073-be0c-42fadad95583,한우물,한식,산수 먹자골목 골목형상점가,골목형상점가,광주광역시,,,
345e6dc1306bdb4e63af,full_annotation_v1,A,q_한식_12,한싣,음식점 중 '한식'을 판매·제공하는 매장,train,한식,T6 기계변형,96dac3a1-76fb-4da2-8d1b-12a378b0c2c9,삼성서울왕족발,족발,날뫼골 골목형상점가,골목형상점가,대구광역시,,,
ceb6c720d78af293bf7f,full_annotation_v1,A,q_한식_12,한싣,음식점 중 '한식'을 판매·제공하는 매장,train,한식,T6 기계변형,cf7eab5d-a1bb-41b2-bcec-517fa4e2a887,굣간,한식,대흥동 특화거리 상점가,자율상권구역,대전광역시,,,
91aab5ecb1284d01fa74,full_annotation_v1,A,q_한식_12,한싣,음식점 중 '한식'을 판매·제공하는 매장,train,한식,T6 기계변형,eae42ad1-6697-4dda-a764-944ca1077363,한돈조,한식,한미쇼핑사거리 골목형상점가,골목형상점가,광주광역시,,,
6ab3f3b32fbdbd12896d,full_annotation_v1,A,q_한식_12,한싣,음식점 중 '한식'을 판매·제공하는 매장,train,한식,T6 기계변형,01186127-94c8-40c4-8d08-9f84a76c77b0,짱아식당,,다향보성 골목형상점가,골목형상점가,,,,
e42daf70645944af5b23,full_annotation_v1,A,q_한식_12,한싣,음식점 중 '한식'을 판매·제공하는 매장,train,한식,T6 기계변형,aa61db32-7795-47f3-b55d-597ed2d4ae1e,동명식품,중국식품,부평종합시장,전통시장,인천광역시,,,
7eefc32e5b4fa52a8030,full_annotation_v1,A,q_한식_12,한싣,음식점 중 '한식'을 판매·제공하는 매장,train,한식,T6 기계변형,769c42de-80d5-487f-9344-fd092ace837b,오얏,한식,아시아음식문화거리 골목형상점가,골목형상점가,광주광역시,,,
acbd386ed26bf6dcf36b,full_annotation_v1,A,q_한식_12,한싣,음식점 중 '한식'을 판매·제공하는 매장,train,한식,T6 기계변형,cbb0bf88-f0d7-46c6-b58b-59e1f581bb01,한빛분식,한식,한빛프라자 골목형상점가,골목형상점가,대전광역시,,,
7e93b2e9a03b62b48897,full_annotation_v1,A,q_한식_12,한싣,음식점 중 '한식'을 판매·제공하는 매장,train,한식,T6 기계변형,0ea44ed5-744a-413d-a87f-af0e41508a51,창동정원,한식,마산 오동동 창동 어시장 상권활성화구역,상권활성화구역,경상남도,,,
d7fb3b74aba5b25552fc,full_annotation_v1,A,q_한식_12,한싣,음식점 중 '한식'을 판매·제공하는 매장,train,한식,T6 기계변형,66949b22-611d-4650-b074-e5d9cf6c5b24,메이지,분싣,진주 로데오거리상점가,자율상권구역,경상남도,,,
1d5de95bd4021d8b62f7,full_annotation_v1,A,q_한식_12,한싣,음식점 중 '한식'을 판매·제공하는 매장,train,한식,T6 기계변형,049da728-3dd8-43a4-a43b-1beec22fee55,소쇄원,한식,조대장미의거리 상점가,자율상권구역,광주광역시,,,
12e2e471744f490ac278,full_annotation_v1,A,q_한식_12,한싣,음식점 중 '한식'을 판매·제공하는 매장,train,한식,T6 기계변형,00181552-6cc5-406b-ac59-bf9816f61398,갓지은밥,한식,남광주시장,전통시장,,,,
15f1a27eef8740ddf540,full_annotation_v1,A,q_한식_12,한싣,음식점 중 '한식'을 판매·제공하는 매장,train,한식,T6 기계변형,00118834-a0f4-4127-ba7d-f7908ced2e1d,골목집,한식,대흥낭만거리 골목형상점가,골목형상점가,대전광역시,,,
b478603e58e6519fd172,full_annotation_v1,A,q_한식_12,한싣,음식점 중 '한식'을 판매·제공하는 매장,train,한식,T6 기계변형,ca51ce69-0d20-47e5-8b94-d4d1cc4a2918,하녹집,한식,신창 골목형상점가,골목형상점가,광주광역시,,,
1eba809a7876d24666da,full_annotation_v1,A,q_한식_12,한싣,음식점 중 '한식'을 판매·제공하는 매장,train,한식,T6 기계변형,01465138-3544-40c5-a4db-860c2bb8c959,군산수산물종합센터내)매점,매점,군산수산물종합센터,전통시장,전북특별자치도,,,
2a7b809191ebcfb51f1c,full_annotation_v1,A,q_한식_12,한싣,음식점 중 '한식'을 판매·제공하는 매장,train,한식,T6 기계변형,30a0bc35-f0d1-4d5d-9826-8d498122538a,밥집,,고창전통시장,전통시장,전북특별자치도,,,
46187a2e8cd0a47939b3,full_annotation_v1,A,q_한식_12,한싣,음식점 중 '한식'을 판매·제공하는 매장,train,한식,T6 기계변형,03b84056-803d-4bd8-8a8b-f3d19815797b,땅스부댜찌개,즉석판매찌개,바람골골목형상점가,골목형상점가,충청북도,,,
cece2d27689173de61be,full_annotation_v1,A,q_한식_12,한싣,음식점 중 '한식'을 판매·제공하는 매장,train,한식,T6 기계변형,ad93d088-08ca-423b-bd01-ae0ff7c1f9c8,우녁집,한식,이중섭거리 명동로상가,골목형상점가,제주특별자치도,,,
1d4d30a180fb41581683,full_annotation_v1,A,q_한식_12,한싣,음식점 중 '한식'을 판매·제공하는 매장,train,한식,T6 기계변형,01b06c58-1a16-4bd9-81a5-ad284e01da10,신바람국밥,,운암대자골 골목형상점가,골목형상점가,,,,
58261adc3c8b8c761872,full_annotation_v1,A,q_한식_12,한싣,음식점 중 '한식'을 판매·제공하는 매장,train,한식,T6 기계변형,8cdd9fc6-51be-4eab-ac85-c014f234ba18,김뽁김뽁,한식,청림로드골목형상점가,골목형상점가,서울특별시,,,
d490cf9f58d48e93eb90,full_annotation_v1,A,q_한식_12,한싣,음식점 중 '한식'을 판매·제공하는 매장,train,한식,T6 기계변형,2c548bee-4681-4741-a218-f4284e79a9ea,제령집,한식,삼양시장골목형상점가,골목형상점가,서울특별시,,,
38d740fe7b8723111d26,full_annotation_v1,A,q_한식_12,한싣,음식점 중 '한식'을 판매·제공하는 매장,train,한식,T6 기계변형,6cc30c86-426c-4ff5-a5cc-508e4d97a8a9,한톨상회,,수정전통시장,전통시장,부산광역시,,,
ec02ff918d08614d1b1f,full_annotation_v1,A,q_한식_12,한싣,음식점 중 '한식'을 판매·제공하는 매장,train,한식,T6 기계변형,59dc444b-1d65-4fcf-928e-3b3774045ac4,한끼줍쑈,한식,카림애비뉴애 골목형상점가,골목형상점가,세종특별자치시,,,
30c53716226f9316e7bf,full_annotation_v1,A,q_한식_12,한싣,음식점 중 '한식'을 판매·제공하는 매장,train,한식,T6 기계변형,26fcf63b-90e7-4f18-aab1-436d3896658b,시네마,한싣,서원동상점가,자율상권구역,서울특별시,,,
0b574c6f9953a11b0e9c,full_annotation_v1,A,q_한식_12,한싣,음식점 중 '한식'을 판매·제공하는 매장,train,한식,T6 기계변형,0130dbd3-b9ea-43f4-98fd-26d8afd90b78,모래내시장순대,식당,전주모래내시장,전통시장,전북특별자치도,,,
4ff81045041b9054d0b4,full_annotation_v1,A,q_한식_12,한싣,음식점 중 '한식'을 판매·제공하는 매장,train,한식,T6 기계변형,1af864e9-af69-4ee2-88ae-f8228ee0c0b5,고롭,한식,봉곡우전로 골목형상점가,골목형상점가,전북특별자치도,,,
b2b93877e726fe6f6403,full_annotation_v1,A,q_한식_12,한싣,음식점 중 '한식'을 판매·제공하는 매장,train,한식,T6 기계변형,847a059e-28db-41aa-938d-b1931a941d70,돈쫄,한식,김천평화시장,전통시장,경상북도,,,
3171519d1a094796c2b9,full_annotation_v1,A,q_한식_12,한싣,음식점 중 '한식'을 판매·제공하는 매장,train,한식,T6 기계변형,0239c4e7-2ae3-4f29-8952-19c6d9d1d9a9,세번째집,순대국밥,성환이화시장,전통시장,충청남도,,,
23a55c35dbd5fad8e7ff,full_annotation_v1,A,q_한식_12,한싣,음식점 중 '한식'을 판매·제공하는 매장,train,한식,T6 기계변형,cfff74cc-7f54-4878-8c77-428fcc1eb1a5,충무로방앗간,참기름,인현시장 상점가,자율상권구역,서울특별시,,,
3b0d0d2ec1eda2d28821,full_annotation_v1,A,q_한식_12,한싣,음식점 중 '한식'을 판매·제공하는 매장,train,한식,T6 기계변형,010b729e-dfdc-4b2c-ac41-376db70ef2c0,우여사애찬방,반찬,안동광석거리 골목형상점가,골목형상점가,경상북도,,,
8609b27b7772ab7276a0,full_annotation_v1,A,q_한식_12,한싣,음식점 중 '한식'을 판매·제공하는 매장,train,한식,T6 기계변형,0a1e5f72-2ca5-49d3-9483-b71bd74c9f9b,점심엔 상무밥집24시,,상무연하상인회 골목형상점가,골목형상점가,광주광역시,,,
3c49ca1bddef6d9b9417,full_annotation_v1,A,q_한식_12,한싣,음식점 중 '한식'을 판매·제공하는 매장,train,한식,T6 기계변형,00066748-bce9-4daa-b881-7902dad46f14,하단맛집,한식,하단자율상권구역,,부산광역시,,,
9beacaec3fe90395d9f0,full_annotation_v1,A,q_한식_12,한싣,음식점 중 '한식'을 판매·제공하는 매장,train,한식,T6 기계변형,64f91911-b0da-4f34-9589-3b46389ebe21,삼어,한식,격포어촌계 골목형상점가,골목형상점가,전북특별자치도,,,
c4a14c5906455987fb70,full_annotation_v1,A,q_한식_12,한싣,음식점 중 '한식'을 판매·제공하는 매장,train,한식,T6 기계변형,abc4c067-fe67-485e-812f-2ec7d20294d9,한우물,한식,풍암새누리상인회 골목형상점가,골목형상점가,광주광역시,,,
615980ecca12703e7145,full_annotation_v1,A,q_한식_12,한싣,음식점 중 '한식'을 판매·제공하는 매장,train,한식,T6 기계변형,9da3903c-ad7e-4b35-a09a-ca470c544380,장각집,한식,원마루시장,전통시장,충청북도,,,
3ef4a054ff035c412feb,full_annotation_v1,A,q_한식_12,한싣,음식점 중 '한식'을 판매·제공하는 매장,train,한식,T6 기계변형,6b26d3f7-522d-41d7-94c4-5433ba9cec43,길식당,김치찌개 제육볶음 애호박찌개,굴비골영광시장(구 영광매일시장),전통시장,전라남도,,,
a52b24140a180d485141,full_annotation_v1,A,q_한식_12,한싣,음식점 중 '한식'을 판매·제공하는 매장,train,한식,T6 기계변형,006895c5-d037-4e3d-9cfb-6972007a350a,반찬사랑,반찬,오치2동 골목형상점가,골목형상점가,광주광역시,,,
2f5023d0c731fa7df6ad,full_annotation_v1,A,q_한식_12,한싣,음식점 중 '한식'을 판매·제공하는 매장,train,한식,T6 기계변형,04961d72-f5b3-4605-86f3-8130ded3e312,본도시락성서점,,성서우방 골목형상점가,골목형상점가,대구광역시,,,
9081a5a45ea0712d18b7,full_annotation_v1,A,q_한식_12,한싣,음식점 중 '한식'을 판매·제공하는 매장,train,한식,T6 기계변형,01c857cd-3f28-4d83-8fa4-e0abcfb44fbd,수연국밥,국밥,두암사거리 골목형상점가,골목형상점가,광주광역시,,,
2fdffef69544d1acf73e,full_annotation_v1,A,q_한식_12,한싣,음식점 중 '한식'을 판매·제공하는 매장,train,한식,T6 기계변형,000a95c4-e0a6-4011-86fb-04307bcfae38,황갈비,한식,김천황금시장,전통시장,경상북도,,,
38307f59b0b4935f99d5,full_annotation_v1,A,q_한식_12,한싣,음식점 중 '한식'을 판매·제공하는 매장,train,한식,T6 기계변형,0ca7b056-fbc8-49cf-9e4d-dd738c848ea1,똔꼬집,한식,금호1동상가번영회 골목형상점가,골목형상점가,광주광역시,,,
c99a1bd8e9b5eb1dd3a0,full_annotation_v1,A,q_한식_12,한싣,음식점 중 '한식'을 판매·제공하는 매장,train,한식,T6 기계변형,e34f7654-bd68-430f-9d36-d49a3dcdc508,한솔골,한식,한솔동 5~6단지상점가,자율상권구역,세종특별자치시,,,
d653380356dd610f833f,full_annotation_v1,A,q_한식_12,한싣,음식점 중 '한식'을 판매·제공하는 매장,train,한식,T6 기계변형,003003dc-6951-4f07-8cf2-f31334c0b27d,미향반찬,반찬,신안코아,전통시장,경기도,,,
f26f2531938044f8ed7a,full_annotation_v1,A,q_한식_12,한싣,음식점 중 '한식'을 판매·제공하는 매장,train,한식,T6 기계변형,16531b04-dc57-4560-bc59-efe6c3998051,돈쭐,한식,광사먹골골목형상점가,골목형상점가,경기도,,,
9cfd92968c56c42f7e63,full_annotation_v1,A,q_한식_12,한싣,음식점 중 '한식'을 판매·제공하는 매장,train,한식,T6 기계변형,001a2d82-c062-406b-b63c-9a8f8a4c86fa,열린부뚜막협동조합,"한식뷔페, 도시락, 케이터링, 요리강좌, 창업컨설팅, 행사기획",슬기로운 지족역 골목형상점가,골목형상점가,대전광역시,,,
d2078dab9de9f576f9e3,full_annotation_v1,A,q_한식_12,한싣,음식점 중 '한식'을 판매·제공하는 매장,train,한식,T6 기계변형,c0c2767a-a48e-4101-9576-8f67164a6be0,아사삭과일,과일 도소매,정이있는 구포시장,전통시장,부산광역시,,,
2ffd294d2bb2ba06a6f3,full_annotation_v1,A,q_한식_12,한싣,음식점 중 '한식'을 판매·제공하는 매장,train,한식,T6 기계변형,001053bb-9a4d-431c-8073-f2204c857265,유달식당,한식,노량진수산시장골목형상점가,골목형상점가,서울특별시,,,
a572f28ed7c3040b272c,full_annotation_v1,A,q_한식_12,한싣,음식점 중 '한식'을 판매·제공하는 매장,train,한식,T6 기계변형,c95bcaf2-4b74-4828-a1b7-7537568c6af9,뜻밖,한식,탕정미래 골목형상점가,골목형상점가,충청남도,,,
1fa30a440d9de2edc2eb,full_annotation_v1,A,q_한식_12,한싣,음식점 중 '한식'을 판매·제공하는 매장,train,한식,T6 기계변형,0182c177-fcc7-47b0-8e12-99eb221aff79,시장초장식당,"칼국수, 열무비빔밥, 국, 반찬",경주중앙시장,전통시장,경상북도,,,
5a88a28e1cad66ea10c4,full_annotation_v1,A,q_한식_12,한싣,음식점 중 '한식'을 판매·제공하는 매장,train,한식,T6 기계변형,0111a38b-8df8-43ae-9c16-778c27352864,본도시락,도시락,배방월천 골목형상점가,골목형상점가,충청남도,,,
a5cbdf312880c039337c,full_annotation_v1,A,q_한식_12,한싣,음식점 중 '한식'을 판매·제공하는 매장,train,한식,T6 기계변형,ddd95d5e-095a-44f8-96d6-fc76ff92c8cd,그때그집,한싣,양산상생하는하서로 골목형상점가,골목형상점가,광주광역시,,,
99d4c3c73068ae770f0b,full_annotation_v1,A,q_한식_12,한싣,음식점 중 '한식'을 판매·제공하는 매장,train,한식,T6 기계변형,8898693d-35d3-4290-b00f-ef208cf8a13e,꽃이있는집,꽃생화,동천동먹자골목2번가상인회 골목형상점가,골목형상점가,광주광역시,,,
cb63b2a9fcdec12f95f9,full_annotation_v1,A,q_한식_12,한싣,음식점 중 '한식'을 판매·제공하는 매장,train,한식,T6 기계변형,01b7e8c6-feb8-4cff-a63e-2376ae18dd41,원조생굴뚝배기,국밥,고령대가야시장,전통시장,경상북도,,,
e35498b9a618de6630c7,full_annotation_v1,A,q_한식_12,한싣,음식점 중 '한식'을 판매·제공하는 매장,train,한식,T6 기계변형,9e0434c7-0885-4c8d-bf10-e25626352345,토니모리김해내외점,화장품,김해 외동전통시장,전통시장,경상남도,,,
b260644623cf798ae0b7,full_annotation_v1,A,q_한식_12,한싣,음식점 중 '한식'을 판매·제공하는 매장,train,한식,T6 기계변형,5abd2cc6-ab5d-4787-84fa-12ddb2fe95d5,예가,한싣,화정한울타리상인회 골목형상점가,골목형상점가,광주광역시,,,
37930091fb5aa36faba6,full_annotation_v1,A,q_한식_12,한싣,음식점 중 '한식'을 판매·제공하는 매장,train,한식,T6 기계변형,01830c3a-5f7e-4396-9772-38b51bd90dc0,새로나국밥,국밥 족발 머리고기,무등시장,전통시장,광주광역시,,,
1baf8faae2e7ca937770,full_annotation_v1,A,q_한식_12,한싣,음식점 중 '한식'을 판매·제공하는 매장,train,한식,T6 기계변형,eb7e6687-82ba-4fab-9534-156f9c48d3ef,한국촌,한식,518먹자골목상인회 골목형상점가,골목형상점가,광주광역시,,,
1a93357b7beadb9830b2,full_annotation_v1,A,q_한식_12,한싣,음식점 중 '한식'을 판매·제공하는 매장,train,한식,T6 기계변형,6285dd26-4a6a-4ec3-a1ae-8aa0a9260095,만양맛값,한식,포남용마거리골목형상점가,골목형상점가,강원특별자치도,,,
3005ffd2313eea5cfa84,full_annotation_v1,A,q_한식_12,한싣,음식점 중 '한식'을 판매·제공하는 매장,train,한식,T6 기계변형,9b205f11-b0df-4772-82b7-ba642d138d6f,역전 할머니 맥주 천상점,음싣,천상천 골목형상점가,골목형상점가,울산광역시,,,
3b41f7be5070ad7f6ac9,full_annotation_v1,A,q_한식_12,한싣,음식점 중 '한식'을 판매·제공하는 매장,train,한식,T6 기계변형,0741bfd3-b940-4386-9f39-8dd006d28352,한솥도시락 부천시청점,도시락,길주로 골목형상점가,골목형상점가,경기도,,,
f1b31c2967c332e03041,full_annotation_v1,A,q_한식_12,한싣,음식점 중 '한식'을 판매·제공하는 매장,train,한식,T6 기계변형,58db1ce5-d4b2-42a1-b8fc-071516ba4142,유니트론 보청기 대구서구센터,보청기,원대가구명물거리 골목형상점가,골목형상점가,대구광역시,,,
56ef2eda2bf78ceb32e8,full_annotation_v1,A,q_한식_12,한싣,음식점 중 '한식'을 판매·제공하는 매장,train,한식,T6 기계변형,05530d0f-82ed-47a1-8015-32b6c30e3752,진수산삼다식품,"젓갈류, 김치, 수산물",동문재래시장,전통시장,제주특별자치도,,,
01da3060bb494fa79255,full_annotation_v1,A,q_한식_12,한싣,음식점 중 '한식'을 판매·제공하는 매장,train,한식,T6 기계변형,01b4b567-78d4-4fa1-9bff-25fd01fb1a4c,소문난김치집,김치,중앙먹거리 상인회 골목형상점가,골목형상점가,전라남도,,,
f876dce689926fb96d40,full_annotation_v1,A,q_한식_12,한싣,음식점 중 '한식'을 판매·제공하는 매장,train,한식,T6 기계변형,25d8323e-bf6a-484a-8996-ebb97b938155,OK스시,초밥집,대림시장,전통시장,서울특별시,,,
5487d8aaa581e6782066,full_annotation_v1,A,q_한식_12,한싣,음식점 중 '한식'을 판매·제공하는 매장,train,한식,T6 기계변형,0d151adf-b5a7-4b32-950d-2f779d59231e,한우굽써,한식,다산역 로데오 상점가,자율상권구역,경기도,,,
416e1bf737004550254b,full_annotation_v1,A,q_한식_12,한싣,음식점 중 '한식'을 판매·제공하는 매장,train,한식,T6 기계변형,2f3e3ec3-6bea-4bb1-9f93-3934ab5f370d,한목,한복,원주자유시장,전통시장,강원특별자치도,,,
f29149768a25c403e56e,full_annotation_v1,A,q_한식_12,한싣,음식점 중 '한식'을 판매·제공하는 매장,train,한식,T6 기계변형,01f160fc-531c-4191-aa22-453462e0f38a,천년,김치,오정동상점가,자율상권구역,대전광역시,,,
356de00d8908aaf3de28,full_annotation_v1,A,q_한식_12,한싣,음식점 중 '한식'을 판매·제공하는 매장,train,한식,T6 기계변형,69d93be1-c52a-4ca9-a2e5-98a6b3f4ffa0,휴,의류,제주로얄쇼핑센터,자율상권구역,제주특별자치도,,,
ac8d8b04f5b16f262c9f,full_annotation_v1,A,q_한식_12,한싣,음식점 중 '한식'을 판매·제공하는 매장,train,한식,T6 기계변형,03bba86e-80c4-42b0-8688-a0c912abdb07,돼지고기김치찌개,김치찌개,도담동 골목형상점가,골목형상점가,세종특별자치시,,,
b9a9c3d4cad6f98d153d,full_annotation_v1,A,q_한식_12,한싣,음식점 중 '한식'을 판매·제공하는 매장,train,한식,T6 기계변형,66e4f4b3-410f-417b-b7a6-36b5c3f4b4a6,깃발,한식,오류전통시장(오류빤짝시장),전통시장,대전광역시,,,
b7af1d5111def1a42d5d,full_annotation_v1,A,q_한의원_01,한의원,건강·의료 중 '한의원'을 판매·제공하는 매장,test,한의원,T1 정확표기,782bc2cc-c516-4708-ad03-4a3cc52e942b,모리프 한의원 광주상무,한의원,상무중앙로46구역상인회 골목형상점가,골목형상점가,광주광역시,,,
9cf518ec24a7d7ea7311,full_annotation_v1,A,q_한의원_01,한의원,건강·의료 중 '한의원'을 판매·제공하는 매장,test,한의원,T1 정확표기,480283a4-7c9f-4e05-a664-b2075952f137,수한의원,한의원,일곡동 골목형상점가,골목형상점가,광주광역시,,,
6df0c10eecf3156eff59,full_annotation_v1,A,q_한의원_01,한의원,건강·의료 중 '한의원'을 판매·제공하는 매장,test,한의원,T1 정확표기,9ce10344-6dad-4d23-ac20-c0c6ee1e9900,조종 한의원,한의원,조종시장,전통시장,경기도,,,
c6223c726a4b055234c3,full_annotation_v1,A,q_한의원_01,한의원,건강·의료 중 '한의원'을 판매·제공하는 매장,test,한의원,T1 정확표기,049687c2-f8a0-4684-a17f-fd57b7fb23f3,맞춤한의원,한방진료,새마을시장,전통시장,서울특별시,,,
dfba203e8e5206388350,full_annotation_v1,A,q_한의원_01,한의원,건강·의료 중 '한의원'을 판매·제공하는 매장,test,한의원,T1 정확표기,0cea3971-a6df-4ff9-a83f-958d129d64fa,경희 맥 한의원,한의원,산본로데오거리(구 산본중심상가),자율상권구역,경기도,,,
54a3c8376f35bcdeea5b,full_annotation_v1,A,q_한의원_01,한의원,건강·의료 중 '한의원'을 판매·제공하는 매장,test,한의원,T1 정확표기,00c44c1d-ee28-4fc2-a0f0-e3454de86603,준 한의원,한방의료서비스,첨단연신로 골목형상점가,골목형상점가,광주광역시,,,
25fda3f5a791cbaaef08,full_annotation_v1,A,q_한의원_01,한의원,건강·의료 중 '한의원'을 판매·제공하는 매장,test,한의원,T1 정확표기,76d8e9cc-0071-4425-b991-013de6a7e75a,차한의원,한의원,군산나운상가 골목형상점가,골목형상점가,전북특별자치도,,,
6f60caced81349aac86b,full_annotation_v1,A,q_한의원_01,한의원,건강·의료 중 '한의원'을 판매·제공하는 매장,test,한의원,T1 정확표기,9f2a6872-5d33-43ca-a108-515b31f110ae,양형길한의원,한의원,안말초로 골목형상점가,골목형상점가,경기도,,,
4dc02251de57acc41c1d,full_annotation_v1,A,q_한의원_01,한의원,건강·의료 중 '한의원'을 판매·제공하는 매장,test,한의원,T1 정확표기,3edaee1c-1c05-4e63-ad86-a39b18d0a6ce,김태희 한의원,한의원,석계역 골목형상점가,골목형상점가,서울특별시,,,
437e9d2ded637443e6f9,full_annotation_v1,A,q_한의원_01,한의원,건강·의료 중 '한의원'을 판매·제공하는 매장,test,한의원,T1 정확표기,6d55a5f1-2336-47db-95dd-67b144415580,임한의원,한의원,미장사랑 골목형상점가,골목형상점가,전북특별자치도,,,
6731e68c9377ccf2e379,full_annotation_v1,A,q_한의원_01,한의원,건강·의료 중 '한의원'을 판매·제공하는 매장,test,한의원,T1 정확표기,82bb3d55-ff12-47b9-a3e9-14be24ddd571,홍한의원,한의원,노원역9번출구 골목형상점가,골목형상점가,서울특별시,,,
dd6086fd6566d1cf5b4b,full_annotation_v1,A,q_한의원_01,한의원,건강·의료 중 '한의원'을 판매·제공하는 매장,test,한의원,T1 정확표기,7a110a70-fc5a-4694-b286-7c2faebeb09b,경희한의원,한의원,남양시장골목형상점가,골목형상점가,경기도,,,
acb9ef2e144986346fed,full_annotation_v1,A,q_한의원_01,한의원,건강·의료 중 '한의원'을 판매·제공하는 매장,test,한의원,T1 정확표기,404ba0d7-2cda-4662-8166-2a3b63a8185f,경희바른몸 한의원,한의원,새샘하루 골목형상점가,골목형상점가,세종특별자치시,,,
0de00d334fe15e71d4d3,full_annotation_v1,A,q_한의원_01,한의원,건강·의료 중 '한의원'을 판매·제공하는 매장,test,한의원,T1 정확표기,71af7b1b-3d24-4059-b569-76dcadc45174,감초당한의원,한의원,동해중앙시장상권활성화구역,상권활성화구역,강원특별자치도,,,
8fb944c4d81066d0e5c4,full_annotation_v1,A,q_한의원_01,한의원,건강·의료 중 '한의원'을 판매·제공하는 매장,test,한의원,T1 정확표기,07642cd2-da01-4c61-b136-9b7960b98e30,흙다방,한방차,을지로지하보도쇼핑센터,일반지하상점가,서울특별시,,,
72a4891f9d14e307778d,full_annotation_v1,A,q_한의원_01,한의원,건강·의료 중 '한의원'을 판매·제공하는 매장,test,한의원,T1 정확표기,200d8b1c-e00a-4515-8b46-3c8a4ca1797a,막스 까르띠지오,의복,광주역앞교통광장 골목형상점가,골목형상점가,광주광역시,,,
f01c5b42ea311abfd212,full_annotation_v1,A,q_한의원_01,한의원,건강·의료 중 '한의원'을 판매·제공하는 매장,test,한의원,T1 정확표기,783b5a13-eca0-41dc-89a5-521fab7a336d,창생 한의원,한의원,효자휴먼시아 골목형상점가,골목형상점가,전북특별자치도,,,
b65f8cc2fd026be8b750,full_annotation_v1,A,q_한의원_01,한의원,건강·의료 중 '한의원'을 판매·제공하는 매장,test,한의원,T1 정확표기,00523307-cc4c-4b0c-8b2f-176ca7450d24,오름한의원,한의원,아차산등산로골목형상점가,골목형상점가,서울특별시,,,
3eaf93af617693562b47,full_annotation_v1,A,q_한의원_01,한의원,건강·의료 중 '한의원'을 판매·제공하는 매장,test,한의원,T1 정확표기,224c347a-ce91-4ef0-ac8d-7b3c8d32699d,광제당 한의원,한의원,선부광장로상점가,자율상권구역,경기도,,,
87150382270c5eb78660,full_annotation_v1,A,q_한의원_01,한의원,건강·의료 중 '한의원'을 판매·제공하는 매장,test,한의원,T1 정확표기,0532ce10-a52b-42cf-8bd4-5412db78e694,계룡산한의원,한방의료서비스,신도안면 골목형상점가,골목형상점가,충청남도,,,
bbde7e714fce65ce324b,full_annotation_v1,A,q_한의원_01,한의원,건강·의료 중 '한의원'을 판매·제공하는 매장,test,한의원,T1 정확표기,20ad171b-58ef-440b-bd2e-15ac23775ce1,청담한의원,침 한약 약침 추나치료 등,화정한울타리상인회 골목형상점가,골목형상점가,광주광역시,,,
e8fe9f06ec8adcdacd0e,full_annotation_v1,A,q_한의원_01,한의원,건강·의료 중 '한의원'을 판매·제공하는 매장,test,한의원,T1 정확표기,1c8a8990-c1c5-4b90-99a1-09919d081f9a,건강미현대웰빙의원,진료,광산 송2송2 골목형상점가,골목형상점가,광주광역시,,,
a5288346809813331b2c,full_annotation_v1,A,q_한의원_01,한의원,건강·의료 중 '한의원'을 판매·제공하는 매장,test,한의원,T1 정확표기,74ea8ddd-c5ea-40f6-91d8-9a0592b5b267,숨쉬는한의원,한의원,호매실역중심상가 골목형상점가,골목형상점가,경기도,,,
7be7c92929b62871fc81,full_annotation_v1,A,q_한의원_01,한의원,건강·의료 중 '한의원'을 판매·제공하는 매장,test,한의원,T1 정확표기,8bae6f9c-2081-426a-a570-095ec48a17c9,동양한의원,한의원,퐁당거리 골목형상점가,골목형상점가,전라남도,,,
b3bc6ad73f270c181944,full_annotation_v1,A,q_한의원_01,한의원,건강·의료 중 '한의원'을 판매·제공하는 매장,test,한의원,T1 정확표기,2e572c8d-7b0b-43d0-9e8a-6eb019dd8977,수한의원,한의원,극동종합상가 골목형상점가,골목형상점가,서울특별시,,,
9ba090a2ad50496a69ad,full_annotation_v1,A,q_한의원_01,한의원,건강·의료 중 '한의원'을 판매·제공하는 매장,test,한의원,T1 정확표기,00192f22-a492-4ba5-a62d-65bf0d0ec7b9,큰물한의원,한의원,전주서곡 골목형상점가,골목형상점가,전북특별자치도,,,
53795ae751bcb46d05a4,full_annotation_v1,A,q_한의원_01,한의원,건강·의료 중 '한의원'을 판매·제공하는 매장,test,한의원,T1 정확표기,02942ca3-7579-4db2-becb-fb2b1e71e633,보광한약방,한약방,내수전통시장,전통시장,충청북도,,,
78b56f05156af29b2576,full_annotation_v1,A,q_한의원_01,한의원,건강·의료 중 '한의원'을 판매·제공하는 매장,test,한의원,T1 정확표기,ea216576-82be-43a4-adc5-4b26aa73f1c0,박천길한의원,한의원,석소 골목형상점가,골목형상점가,전북특별자치도,,,
b095ec02c53c76812238,full_annotation_v1,A,q_한의원_01,한의원,건강·의료 중 '한의원'을 판매·제공하는 매장,test,한의원,T1 정확표기,a8fb368f-6887-485a-912d-5e7863fce414,영일당한의원,한의원,영동전통시장,전통시장,충청북도,,,
a407a4b8f5a55eaa0a6e,full_annotation_v1,A,q_한의원_01,한의원,건강·의료 중 '한의원'을 판매·제공하는 매장,test,한의원,T1 정확표기,cdf498cf-820c-4341-acd3-6d63b4fc39e4,구일대패,삼겹살,관저동 먹자골목 골목형상점가,골목형상점가,대전광역시,,,
5cbbe07d2dbf29cfc54a,full_annotation_v1,A,q_한의원_01,한의원,건강·의료 중 '한의원'을 판매·제공하는 매장,test,한의원,T1 정확표기,e39e7f3e-8809-421b-82fc-4c22d5465d11,해득금천한의원,한의원,비단길현대시장,전통시장,서울특별시,,,
bb0d6edd0a8c828e35a8,full_annotation_v1,A,q_한의원_01,한의원,건강·의료 중 '한의원'을 판매·제공하는 매장,test,한의원,T1 정확표기,dad3ffcb-4a83-47d8-82ce-187d88534338,에덴한의원,한의원,우산골 골목형상점가,골목형상점가,광주광역시,,,
50770bda3a60d5cd6c92,full_annotation_v1,A,q_한의원_01,한의원,건강·의료 중 '한의원'을 판매·제공하는 매장,test,한의원,T1 정확표기,cd8e9be2-b81a-46c4-91ff-2f1765c74d74,자혜한의원,한의원,하가지구 골목형상점가,골목형상점가,전북특별자치도,,,
08d90be20b86f2c7227a,full_annotation_v1,A,q_한의원_01,한의원,건강·의료 중 '한의원'을 판매·제공하는 매장,test,한의원,T1 정확표기,85af6195-dd69-4f16-8505-71071e5416a7,이룸한의원,한의원,카림애비뉴애 골목형상점가,골목형상점가,세종특별자치시,,,
bb38062f10a7e9345a2e,full_annotation_v1,A,q_한의원_01,한의원,건강·의료 중 '한의원'을 판매·제공하는 매장,test,한의원,T1 정확표기,ed76a240-84c5-46c3-9e3c-252d9c63e314,백삼 한의원,한의원,금곡골목형상점가,자율상권구역,경기도,,,
aee5731d6d1c95782684,full_annotation_v1,A,q_한의원_01,한의원,건강·의료 중 '한의원'을 판매·제공하는 매장,test,한의원,T1 정확표기,a9f1b112-d0eb-4c4c-a110-56ae1eb2ec92,선한마음 한의원,한의원,신가동 골목형상점가,골목형상점가,광주광역시,,,
b323d06769847af21ef3,full_annotation_v1,A,q_한의원_01,한의원,건강·의료 중 '한의원'을 판매·제공하는 매장,test,한의원,T1 정확표기,f6360fc7-05e6-4065-9637-1c041d2aba3c,김양식한의원,한의원,산본로데오거리(구 산본중심상가),자율상권구역,경기도,,,
293dd5a4772e10b9d232,full_annotation_v1,A,q_한의원_01,한의원,건강·의료 중 '한의원'을 판매·제공하는 매장,test,한의원,T1 정확표기,aab2ffa8-c47d-48f0-b6a9-89f51ef16d28,허혁한의원,한의원,만년동 골목형상점가,골목형상점가,대전광역시,,,
b062ea7b3aaac891575b,full_annotation_v1,A,q_한의원_01,한의원,건강·의료 중 '한의원'을 판매·제공하는 매장,test,한의원,T1 정확표기,77cfdbfc-2a2d-4cf3-9c63-2c5590d39d3c,심기쁨 한의원,한의원,불당1번가골목형상점가,골목형상점가,충청남도,,,
a8b97b7f3b9b3b8ac71e,full_annotation_v1,A,q_한의원_01,한의원,건강·의료 중 '한의원'을 판매·제공하는 매장,test,한의원,T1 정확표기,017a2c54-999b-4850-993e-cac5169d3aec,지에스25 원주황금점,편의점,혁신도시1구역골목형상점가,골목형상점가,강원특별자치도,,,
ddcdd21f5ce493c73370,full_annotation_v1,A,q_한의원_01,한의원,건강·의료 중 '한의원'을 판매·제공하는 매장,test,한의원,T1 정확표기,00681cee-2849-497b-b7d1-548576542ed2,풍암한의원,한의원,풍암벚꽃길상인회 골목형상점가,골목형상점가,광주광역시,,,
acd3ebf2da4f3f88c637,full_annotation_v1,A,q_한의원_01,한의원,건강·의료 중 '한의원'을 판매·제공하는 매장,test,한의원,T1 정확표기,005be19f-78f9-455e-9516-5b6ada9b2f79,명주약업사,한약도매,학성새벽시장,전통시장,울산광역시,,,
790fb8a6526755656e31,full_annotation_v1,A,q_한의원_01,한의원,건강·의료 중 '한의원'을 판매·제공하는 매장,test,한의원,T1 정확표기,bc9f2287-6318-46c9-b0f0-5316f03b2d2d,경희백세한의원,한의원,산본로데오거리(구 산본중심상가),자율상권구역,경기도,,,
13d76865463574b13b22,full_annotation_v1,A,q_한의원_01,한의원,건강·의료 중 '한의원'을 판매·제공하는 매장,test,한의원,T1 정확표기,8c275385-1d5d-48ce-a8fe-39176a776bbd,굽네치킨원주혁신점,치킨,혁신도시1구역골목형상점가,골목형상점가,강원특별자치도,,,
6a546700146dde2e0e1a,full_annotation_v1,A,q_한의원_01,한의원,건강·의료 중 '한의원'을 판매·제공하는 매장,test,한의원,T1 정확표기,a28ffec9-e28f-4258-a9ba-cbcd55d23fae,제중한의원,한의원,덕풍전통시장,전통시장,경기도,,,
a8a695c8181ad2168594,full_annotation_v1,A,q_한의원_01,한의원,건강·의료 중 '한의원'을 판매·제공하는 매장,test,한의원,T1 정확표기,a9980cb6-9a33-4fe2-b32d-7819725ea4d2,새움한의원,한의원,영통역아이파크 골목형상점가,골목형상점가,경기도,,,
af47328e1a4b2ba01161,full_annotation_v1,A,q_한의원_01,한의원,건강·의료 중 '한의원'을 판매·제공하는 매장,test,한의원,T1 정확표기,52cfef51-29fe-4b76-bbdf-d98b730ba32a,경희한의원,한의원,모래내골목형상점가,골목형상점가,전북특별자치도,,,
b670cef260fbee492b34,full_annotation_v1,A,q_한의원_01,한의원,건강·의료 중 '한의원'을 판매·제공하는 매장,test,한의원,T1 정확표기,3a1fd7b7-d52e-485e-8eca-d230de10868e,금강한의원,물리치료 부항 뜸 추나 약침 침치료 한약 보약,조치원중심가로상점가,자율상권구역,세종특별자치시,,,
e3e11017f0753fe768b5,full_annotation_v1,A,q_한의원_01,한의원,건강·의료 중 '한의원'을 판매·제공하는 매장,test,한의원,T1 정확표기,5158b5ca-8f48-4043-9516-9b0816222363,수한의원,한의원,인수로골목형상점가,골목형상점가,서울특별시,,,
a6a6f58ccbf916b8bd51,full_annotation_v1,A,q_한의원_01,한의원,건강·의료 중 '한의원'을 판매·제공하는 매장,test,한의원,T1 정확표기,e482b7e1-6708-493c-9244-4894f63b711c,문치환 한의원,한의원,호매실역중심상가 골목형상점가,골목형상점가,경기도,,,
d4a8845863ea8a29dab4,full_annotation_v1,A,q_한의원_01,한의원,건강·의료 중 '한의원'을 판매·제공하는 매장,test,한의원,T1 정확표기,1a22f057-61c6-47cb-ae7d-066d320fb83f,만수상회,야채,만수시장,전통시장,인천광역시,,,
8e4ae952a4a09109b2d1,full_annotation_v1,A,q_한의원_01,한의원,건강·의료 중 '한의원'을 판매·제공하는 매장,test,한의원,T1 정확표기,7aee0f14-f778-4833-9e1f-27de284ffcd2,착한유통,잡화,설성골목형상점가,골목형상점가,충청북도,,,
dfcf0493ef54042777eb,full_annotation_v1,A,q_한의원_01,한의원,건강·의료 중 '한의원'을 판매·제공하는 매장,test,한의원,T1 정확표기,836d8deb-1cff-410b-8a61-1deffc8b540c,홍범한의원,한의원,비단길현대시장,전통시장,서울특별시,,,
d3d1e79d0b5a40fd41ab,full_annotation_v1,A,q_한의원_01,한의원,건강·의료 중 '한의원'을 판매·제공하는 매장,test,한의원,T1 정확표기,784447de-be76-4c96-937d-1f49f891a07c,한규설한의원,한의원,용정 골목형상점가,골목형상점가,대전광역시,,,
afdee3172ddee2973fff,full_annotation_v1,A,q_한의원_01,한의원,건강·의료 중 '한의원'을 판매·제공하는 매장,test,한의원,T1 정확표기,04a734bb-1790-4ecd-9398-2fd3359294d0,제일의원,진료,두암시장주변 골목형상점가,골목형상점가,광주광역시,,,
c5f7dd88c768e62fd96e,full_annotation_v1,A,q_한의원_01,한의원,건강·의료 중 '한의원'을 판매·제공하는 매장,test,한의원,T1 정확표기,a2a2fa28-0e06-4f4a-8623-0ea5a1ab30ca,의정부 한의원,한의원,행복로골목형상점가,골목형상점가,경기도,,,
1e43b53027b6193499be,full_annotation_v1,A,q_한의원_01,한의원,건강·의료 중 '한의원'을 판매·제공하는 매장,test,한의원,T1 정확표기,a4e59d0b-64f6-4f29-bf9a-3e1c7d5c43c7,주식회사전남수산,도소매(수산물),마포농수산물시장,전통시장,서울특별시,,,
af16349c3c475ef22be6,full_annotation_v1,A,q_한의원_01,한의원,건강·의료 중 '한의원'을 판매·제공하는 매장,test,한의원,T1 정확표기,5ed7db57-3c7f-410b-a8d8-cc427744f11e,이원섭한의원,한의원,송촌동상점가,자율상권구역,대전광역시,,,
ad359bcd603588779386,full_annotation_v1,A,q_한의원_01,한의원,건강·의료 중 '한의원'을 판매·제공하는 매장,test,한의원,T1 정확표기,26226842-a08c-47c4-ba86-074f3f85f97e,윤재권 한의원,한의원,북항사랑 골목형상점가,골목형상점가,전라남도,,,
d86c67ca3c19dfdf0adf,full_annotation_v1,A,q_한의원_01,한의원,건강·의료 중 '한의원'을 판매·제공하는 매장,test,한의원,T1 정확표기,f89c9af8-dda3-457a-b2f0-79a835cc18d9,박한의원,한의원,남평읍1로 골목형상점가,골목형상점가,전라남도,,,
bfceec1bc1823c9c6c9e,full_annotation_v1,A,q_한의원_01,한의원,건강·의료 중 '한의원'을 판매·제공하는 매장,test,한의원,T1 정확표기,56a528df-4581-4e02-a89e-d02aa0bb9016,봄꽃한의원,한의원,공주산성시장,전통시장,충청남도,,,
2468dfaeba61a24a8e53,full_annotation_v1,A,q_한의원_01,한의원,건강·의료 중 '한의원'을 판매·제공하는 매장,test,한의원,T1 정확표기,bae76aa4-0425-4834-866f-be14d8a0927c,경희 기운찬 한의원,한의원,율곡동메타스퀘어 골목형상점가,골목형상점가,경상북도,,,
a3a7e460d8eb282a0912,full_annotation_v1,A,q_한의원_01,한의원,건강·의료 중 '한의원'을 판매·제공하는 매장,test,한의원,T1 정확표기,f4e18b6d-4196-4fab-8655-09fd740ac3dd,바다를 삼키다,한식,관저동 먹자골목 골목형상점가,골목형상점가,대전광역시,,,
087d1c00e66e8ecd4dc0,full_annotation_v1,A,q_한의원_01,한의원,건강·의료 중 '한의원'을 판매·제공하는 매장,test,한의원,T1 정확표기,ac0ae198-e03c-46bd-92f7-a5d96ec127cd,고은한의원,한의원,산본로데오거리(구 산본중심상가),자율상권구역,경기도,,,
b099934c18565b6c27b4,full_annotation_v1,A,q_한의원_01,한의원,건강·의료 중 '한의원'을 판매·제공하는 매장,test,한의원,T1 정확표기,181a214d-8129-4d50-805b-53211442b29d,경희인 한의원,한의원,노룬산골목시장,전통시장,서울특별시,,,
206b046fb63cb829c9f5,full_annotation_v1,A,q_한의원_01,한의원,건강·의료 중 '한의원'을 판매·제공하는 매장,test,한의원,T1 정확표기,0ab1eb9a-a600-4ac0-8ce5-615819efcf3f,차차한의원,한방,배방공수 골목형상점가,골목형상점가,충청남도,,,
81c6efd6465eadcf2cc8,full_annotation_v1,A,q_한의원_01,한의원,건강·의료 중 '한의원'을 판매·제공하는 매장,test,한의원,T1 정확표기,e225ee4b-61ad-4a81-b7be-18d2f61adb5f,강산 한의원,"한의원, 화장품",우장산역 골목형상점가,골목형상점가,서울특별시,,,
96bbe342afbc27c7b82f,full_annotation_v1,A,q_한의원_01,한의원,건강·의료 중 '한의원'을 판매·제공하는 매장,test,한의원,T1 정확표기,d675c06d-27e6-4d33-acb7-7b9b08e9456d,평단한의원,한의원,현대센트럴스퀘어,골목형상점가,경기도,,,
fa7c1fccbba2dee143a1,full_annotation_v1,A,q_한의원_01,한의원,건강·의료 중 '한의원'을 판매·제공하는 매장,test,한의원,T1 정확표기,c9e86f57-3565-460b-855e-b7377c9db2fd,활천당 한의원,한의원,영동중앙시장,전통시장,충청북도,,,
c839a5c96d2bde6540db,full_annotation_v1,A,q_한의원_01,한의원,건강·의료 중 '한의원'을 판매·제공하는 매장,test,한의원,T1 정확표기,06275db0-3bc6-4cb2-b2d0-9c2172db74f9,장편한김용성내과,진료,산본로데오거리(구 산본중심상가),자율상권구역,경기도,,,
327293fffabfe3d3c898,full_annotation_v1,A,q_한의원_01,한의원,건강·의료 중 '한의원'을 판매·제공하는 매장,test,한의원,T1 정확표기,f191121e-b46e-4c8d-8f70-59833988d4fd,문경 한의원,한의원,문경전통시장,전통시장,경상북도,,,
56d677c1ff1b9514416b,full_annotation_v1,A,q_한의원_01,한의원,건강·의료 중 '한의원'을 판매·제공하는 매장,test,한의원,T1 정확표기,04b3f97b-2da5-4d58-8ab5-c5e9f48061c5,새몸한의원,한의진료 한의의료시술 침 뜸 부항 물리요법 추나요법 약침 봉침 한약 등,봉선로1 골목형상점가,골목형상점가,광주광역시,,,
e68d3df1a46b83d3da7c,full_annotation_v1,A,q_한의원_01,한의원,건강·의료 중 '한의원'을 판매·제공하는 매장,test,한의원,T1 정확표기,db7be910-d7c7-4c1c-a90a-15d5102b20fe,고운방,"이불, 수예",춘천동부시장,전통시장,강원특별자치도,,,
9691cdb3d56e24accb98,full_annotation_v1,A,q_한의원_01,한의원,건강·의료 중 '한의원'을 판매·제공하는 매장,test,한의원,T1 정확표기,0002538c-b8d9-4911-81c7-966789036b09,빛고을 치과의원,의원,세은 골목형상점가,골목형상점가,광주광역시,,,
51df8373c8edc3ec2aba,full_annotation_v1,A,q_한의원_01,한의원,건강·의료 중 '한의원'을 판매·제공하는 매장,test,한의원,T1 정확표기,edef2f0c-0a72-4154-8372-1d204cb5a832,마법의손길피부샵,,호매실역중심상가 골목형상점가,골목형상점가,경기도,,,
c1ec8e3d2dbb5fc6aaa5,full_annotation_v1,A,q_한의원_01,한의원,건강·의료 중 '한의원'을 판매·제공하는 매장,test,한의원,T1 정확표기,ef2834a8-5725-42af-a263-668e53924c18,경희한의원,한의원,양양로 골목형상점가,골목형상점가,강원특별자치도,,,
81daeaf61deaa9e910de,full_annotation_v1,A,q_한의원_01,한의원,건강·의료 중 '한의원'을 판매·제공하는 매장,test,한의원,T1 정확표기,abf6c1c8-e6df-46de-9acb-6438af067851,문성진 한의원,한의원,문흥라인아파트 골목형상점가,골목형상점가,광주광역시,,,
fd7d2a6b6c9a8355eb5a,full_annotation_v1,A,q_한의원_01,한의원,건강·의료 중 '한의원'을 판매·제공하는 매장,test,한의원,T1 정확표기,1a0defb7-c84d-484d-a47d-19d95eac79d4,한민한의원,"한약, 침, 부항, 추나",괴정가장로 골목형상점가,골목형상점가,대전광역시,,,
c8b83378108aae386702,full_annotation_v1,A,q_한의원_01,한의원,건강·의료 중 '한의원'을 판매·제공하는 매장,test,한의원,T1 정확표기,80b15c7c-81df-46ad-8c55-99a2e3ff07cd,안동중앙아트시네마주식회사,영화관,안동중앙문화의거리상점가,자율상권구역,경상북도,,,
b37e2de293a2bc047169,full_annotation_v1,A,q_한의원_01,한의원,건강·의료 중 '한의원'을 판매·제공하는 매장,test,한의원,T1 정확표기,1a6b59eb-b56d-4e10-a282-ad89b95051a9,조한의원,한의원,보정중심 골목형상점가,골목형상점가,경기도,,,
aae173542bd8c3bf0ba5,full_annotation_v1,A,q_한의원_01,한의원,건강·의료 중 '한의원'을 판매·제공하는 매장,test,한의원,T1 정확표기,d11d7d66-bb2a-4a67-bcc8-b947b2e2ebda,성채한의원,한의원,도봉산옛길골목형상점가,골목형상점가,서울특별시,,,
e81b551c0d02faffac7c,full_annotation_v1,A,q_한의원_01,한의원,건강·의료 중 '한의원'을 판매·제공하는 매장,test,한의원,T1 정확표기,fbfc9f6d-5d14-40d7-96cc-727934db9544,광교한의원,한의원,광교상현역 온누리 골목형상점가,골목형상점가,경기도,,,
cd8daf56a39553407967,full_annotation_v1,A,q_한의원_01,한의원,건강·의료 중 '한의원'을 판매·제공하는 매장,test,한의원,T1 정확표기,770c160c-9acb-4473-b70c-394c067ec205,트리풀마트,,도안호수공원 골목형상점가,골목형상점가,대전광역시,,,
98c755f16c41e3d6fdd8,full_annotation_v1,A,q_한의원_01,한의원,건강·의료 중 '한의원'을 판매·제공하는 매장,test,한의원,T1 정확표기,9d36859d-4cb8-4c5a-9546-a3b5b6b5858c,NABYI 한의원 (목포북항점),한의원,뒷개로청춘골목상점가,골목형상점가,전라남도,,,
bbd281a0d245438937f2,full_annotation_v1,A,q_한의원_01,한의원,건강·의료 중 '한의원'을 판매·제공하는 매장,test,한의원,T1 정확표기,55dbd4c7-a786-40ab-b032-48c53466d5aa,경희 맥 한의원,한의원,바람골골목형상점가,골목형상점가,충청북도,,,
02547df11f40d6398c6b,full_annotation_v1,A,q_한의원_01,한의원,건강·의료 중 '한의원'을 판매·제공하는 매장,test,한의원,T1 정확표기,417bd3e8-6097-4d39-a6c5-a2ccb5b1eb3a,소담집밥,한식,청평여울시장,전통시장,경기도,,,
2fbbcc85d82911c9e002,full_annotation_v1,A,q_한의원_01,한의원,건강·의료 중 '한의원'을 판매·제공하는 매장,test,한의원,T1 정확표기,29067988-003c-496d-a678-3685ea33240c,다솜한의원,한의원,수정전통시장,전통시장,부산광역시,,,
919306a7541bcaeef9f6,full_annotation_v1,A,q_한의원_01,한의원,건강·의료 중 '한의원'을 판매·제공하는 매장,test,한의원,T1 정확표기,86ff03d5-48f3-4b62-a797-0cf59f3c8597,조한의원,한의원,꽃밭정이 골목형상점가,골목형상점가,전북특별자치도,,,
f5e5e243ab0a685905ef,full_annotation_v1,A,q_한의원_01,한의원,건강·의료 중 '한의원'을 판매·제공하는 매장,test,한의원,T1 정확표기,239c0fcf-ec40-4a20-a790-57ef66a057da,경희팔팔한의원,침 추나 공진단 다이어트,청량리청과물시장,전통시장,서울특별시,,,
04c097bca17cf6346725,full_annotation_v1,A,q_한의원_01,한의원,건강·의료 중 '한의원'을 판매·제공하는 매장,test,한의원,T1 정확표기,99fbbe28-4b0f-4cb0-a20b-00bc8e2e20c8,경희한의원,한의원,도봉산옛길골목형상점가,골목형상점가,서울특별시,,,
ad0a57228adcf578ecdd,full_annotation_v1,A,q_한의원_01,한의원,건강·의료 중 '한의원'을 판매·제공하는 매장,test,한의원,T1 정확표기,21be2ca7-09e8-4239-9665-ab18729bebeb,춘하추동 한의원,한의원,어은누리 골목형상점가,골목형상점가,대전광역시,,,
98d773281bc4c0d641ff,full_annotation_v1,A,q_한의원_01,한의원,건강·의료 중 '한의원'을 판매·제공하는 매장,test,한의원,T1 정확표기,2b560e15-fed3-4d6a-9644-7f13b2958447,테크노 도담 한의원,한의원,테크노밸리 골목형상점가,골목형상점가,대전광역시,,,
12634ded355829380ec9,full_annotation_v1,A,q_한의원_01,한의원,건강·의료 중 '한의원'을 판매·제공하는 매장,test,한의원,T1 정확표기,c0c2c005-7bfb-46fd-983e-8af42d2bfe12,트래플에이커피대전도안호수공원점,,도안호수공원 골목형상점가,골목형상점가,대전광역시,,,
396495fe725f555696d0,full_annotation_v1,A,q_한의원_01,한의원,건강·의료 중 '한의원'을 판매·제공하는 매장,test,한의원,T1 정확표기,0bd959c7-1bdb-4613-920a-3c15cee07358,정성가득 한의원,한의원,짚봉산상인회 골목형상점가,골목형상점가,광주광역시,,,
f89d18168c7783ead792,full_annotation_v1,A,q_한의원_01,한의원,건강·의료 중 '한의원'을 판매·제공하는 매장,test,한의원,T1 정확표기,ee69d646-bad2-4794-8caf-eee4e5169cc7,곽한의원,한의원,포항 대이상가 골목형상점가,골목형상점가,경상북도,,,
a62dc585f5be5fd9ff02,full_annotation_v1,A,q_한의원_01,한의원,건강·의료 중 '한의원'을 판매·제공하는 매장,test,한의원,T1 정확표기,664d9692-81eb-43ac-83a6-830e6359c328,제중한의원,한의원,봉제산길골목형상점가,골목형상점가,서울특별시,,,
5b8b6d579f44de9c123a,full_annotation_v1,A,q_한의원_01,한의원,건강·의료 중 '한의원'을 판매·제공하는 매장,test,한의원,T1 정확표기,ddf4b52a-759d-4aef-96b4-fd79d8743428,동성 한의원,한의원,맹동혁신골목형상점가,골목형상점가,충청북도,,,
17d5dc32f280c40100f7,full_annotation_v1,A,q_한의원_01,한의원,건강·의료 중 '한의원'을 판매·제공하는 매장,test,한의원,T1 정확표기,035c1b8a-8efd-4448-a276-7b9c25dadd68,광명당약업사,한약재,금산국제인삼시장,전통시장,충청남도,,,
e59556dc15abe6b4adae,full_annotation_v1,A,q_한의원_01,한의원,건강·의료 중 '한의원'을 판매·제공하는 매장,test,한의원,T1 정확표기,02b05ddb-3724-4a0c-b4ef-b9791576d5a0,산본한의원,한약,산본전통시장(구 군포산본시장),전통시장,경기도,,,
990935c3e05a594214c3,full_annotation_v1,A,q_한의원_01,한의원,건강·의료 중 '한의원'을 판매·제공하는 매장,test,한의원,T1 정확표기,d1c2c317-93b0-46b4-9835-f18edfb1ea5a,라파힐링,,산본로데오거리(구 산본중심상가),자율상권구역,경기도,,,
78fadf2ab016e2877925,full_annotation_v1,A,q_한의원_01,한의원,건강·의료 중 '한의원'을 판매·제공하는 매장,test,한의원,T1 정확표기,91a8eb95-bab8-4dc1-8364-e039a25ab9e8,다편한 한의원,한의원,빛가람 로데오 골목형상점가,골목형상점가,전라남도,,,
36f290907b646f06b561,full_annotation_v1,A,q_한의원_01,한의원,건강·의료 중 '한의원'을 판매·제공하는 매장,test,한의원,T1 정확표기,4d09a537-bb63-4759-b883-9dd74072406e,후한의원,한의원,신세계앞상인회 골목형상점가,골목형상점가,광주광역시,,,
c9df7f618a0367f38e65,full_annotation_v1,A,q_한의원_01,한의원,건강·의료 중 '한의원'을 판매·제공하는 매장,test,한의원,T1 정확표기,a710a4f6-142f-43b4-a8af-4c6ba2ed8d30,경희예건한의원,한의원,맹동혁신골목형상점가,골목형상점가,충청북도,,,
afee9ea8be79f0426927,full_annotation_v1,A,q_한의원_01,한의원,건강·의료 중 '한의원'을 판매·제공하는 매장,test,한의원,T1 정확표기,42cc9567-8d29-44c6-bd0e-089b134c55f3,다정다감 한의원,한의원,오목교역8번출구골목형상점가,골목형상점가,서울특별시,,,
d59040900ee24fc56f5e,full_annotation_v1,A,q_한의원_01,한의원,건강·의료 중 '한의원'을 판매·제공하는 매장,test,한의원,T1 정확표기,93b56590-06b6-48ae-a5b5-94fec579b7ee,해람한의원,한의원,금호운천로상인회 골목형상점가,골목형상점가,광주광역시,,,
e73ff203ea2385c57530,full_annotation_v1,A,q_한의원_01,한의원,건강·의료 중 '한의원'을 판매·제공하는 매장,test,한의원,T1 정확표기,7060c73d-b83d-4aa3-a743-e2dc6d2cca82,바른몸 청담 한의원,한의원,남천골목시장 골목형상점가,골목형상점가,부산광역시,,,
81b702a42dd5adaf0207,full_annotation_v1,A,q_한의원_01,한의원,건강·의료 중 '한의원'을 판매·제공하는 매장,test,한의원,T1 정확표기,752d59ec-a888-41e9-a2d2-4ffc4c0bd71b,대학한의원,한의원,연신내골목형상점가,골목형상점가,서울특별시,,,
efe56bed2f9411584cb6,full_annotation_v1,A,q_한의원_01,한의원,건강·의료 중 '한의원'을 판매·제공하는 매장,test,한의원,T1 정확표기,0056dcd4-0ac0-4535-9ee5-c8fd19d8ff14,중화한의원,한의원,보령한내시장,전통시장,충청남도,,,
35f91f296e8e62607516,full_annotation_v1,A,q_한의원_01,한의원,건강·의료 중 '한의원'을 판매·제공하는 매장,test,한의원,T1 정확표기,8639af76-715d-43ae-8765-d2de1942ef8a,더상춘한의원,한의원,신당미래유산먹거리 골목형상점가,골목형상점가,서울특별시,,,
bb2443908ee9a98e14e8,full_annotation_v1,A,q_한의원_01,한의원,건강·의료 중 '한의원'을 판매·제공하는 매장,test,한의원,T1 정확표기,8355d469-a19c-4fff-95f0-faa958d48457,호랑이 한의원,한의원,반석동 골목형상점가,골목형상점가,대전광역시,,,
bf82dcd576f9c3415928,full_annotation_v1,A,q_한의원_01,한의원,건강·의료 중 '한의원'을 판매·제공하는 매장,test,한의원,T1 정확표기,29a20609-dd52-4fb7-a50f-700260b8f633,더준 한의원,한의원,전남대후문골목형상점가,골목형상점가,광주광역시,,,
36ff65cf5bc0f29e1ca4,full_annotation_v1,A,q_한의원_01,한의원,건강·의료 중 '한의원'을 판매·제공하는 매장,test,한의원,T1 정확표기,78ede58d-f129-48e9-9573-ea8833df602c,문영호한의원,한의원,성수역골목형상점가,골목형상점가,서울특별시,,,
32560bfa9196ff624a0f,full_annotation_v1,A,q_한의원_01,한의원,건강·의료 중 '한의원'을 판매·제공하는 매장,test,한의원,T1 정확표기,86a724a9-126d-4857-ba7b-af6d054bb5bf,민창한의원,한의원,온택트 괴정스마트 상권활성화구역,상권활성화구역,부산광역시,,,
d36ae3bc5f8ac791c0f5,full_annotation_v1,A,q_한의원_01,한의원,건강·의료 중 '한의원'을 판매·제공하는 매장,test,한의원,T1 정확표기,03944c2a-9310-4e20-a902-465d7168fda1,안산한의원,한의원,가좌시장,전통시장,인천광역시,,,
c2d4b6c8889965cfc78a,full_annotation_v1,A,q_한의원_01,한의원,건강·의료 중 '한의원'을 판매·제공하는 매장,test,한의원,T1 정확표기,802c11b2-50c5-41b0-871a-c25c27c4d4fe,세봉한의원,한의원,남천골목시장 골목형상점가,골목형상점가,부산광역시,,,
32317b5142e8a92f18ca,full_annotation_v1,A,q_한의원_01,한의원,건강·의료 중 '한의원'을 판매·제공하는 매장,test,한의원,T1 정확표기,8fefd2b1-c968-452d-83de-6a820d143dc2,하늘체한의원,한의원,길주로 골목형상점가,골목형상점가,경기도,,,
d2ce99784742056190e5,full_annotation_v1,A,q_한의원_01,한의원,건강·의료 중 '한의원'을 판매·제공하는 매장,test,한의원,T1 정확표기,6d49eb1c-d077-4291-8792-df214265fc00,유한회사 광주상회,자동차부품,광주역앞교통광장 골목형상점가,골목형상점가,광주광역시,,,
bf034811e6bc08a8b07e,full_annotation_v1,A,q_한의원_02,추나,건강·의료 중 '한의원'을 판매·제공하는 매장,test,한의원,T2 동의어,e0e102f2-9684-4c6e-9436-259b0fbb028c,추나네 반건조,생선,"온양온천시장(온양재래시장, 전통시장)",전통시장,충청남도,,,
b934e1e126167412bd75,full_annotation_v1,A,q_한의원_02,추나,건강·의료 중 '한의원'을 판매·제공하는 매장,test,한의원,T2 동의어,4ddd87b8-9cb6-4264-bd43-246128847482,추억꺼리,한식,신기골목형상점가,골목형상점가,전라남도,,,
5ea12458864c3090eefe,full_annotation_v1,A,q_한의원_02,추나,건강·의료 중 '한의원'을 판매·제공하는 매장,test,한의원,T2 동의어,89e7f40d-db4d-4f67-875c-1be80253e6e5,약수부부한의원,한약 침치료 추나치료,상도약수골목형상점가,골목형상점가,서울특별시,,,
77b056abde54a059c0a5,full_annotation_v1,A,q_한의원_02,추나,건강·의료 중 '한의원'을 판매·제공하는 매장,test,한의원,T2 동의어,6cc2aecf-ffb7-4413-8eae-225bb6fe6da4,연우당한의원,침 부항 추나 한약,남구로시장,전통시장,서울특별시,,,
26f8b3889ee93bb45924,full_annotation_v1,A,q_한의원_02,추나,건강·의료 중 '한의원'을 판매·제공하는 매장,test,한의원,T2 동의어,fc5bb92f-62db-4ded-afbd-21c5b3d8f072,최한의원,한의원 진료 한약 침 부항 약침 추나요법,반석동 골목형상점가,골목형상점가,대전광역시,,,
31d9265099fe7243c22a,full_annotation_v1,A,q_한의원_02,추나,건강·의료 중 '한의원'을 판매·제공하는 매장,test,한의원,T2 동의어,00681cee-2849-497b-b7d1-548576542ed2,풍암한의원,한의원,풍암벚꽃길상인회 골목형상점가,골목형상점가,광주광역시,,,
f9d6bdebe05c1cba0db6,full_annotation_v1,A,q_한의원_02,추나,건강·의료 중 '한의원'을 판매·제공하는 매장,test,한의원,T2 동의어,02b05ddb-3724-4a0c-b4ef-b9791576d5a0,산본한의원,한약,산본전통시장(구 군포산본시장),전통시장,경기도,,,
38bb635b58a786d8a5b7,full_annotation_v1,A,q_한의원_02,추나,건강·의료 중 '한의원'을 판매·제공하는 매장,test,한의원,T2 동의어,e3ef22f1-dd4f-45fb-94b3-e799925f9f27,본디올대치한의원,추나 약침 약 뜸 침 생태치유,은마종합상점가,자율상권구역,서울특별시,,,
f3449d0431a1dc5c26c2,full_annotation_v1,A,q_한의원_02,추나,건강·의료 중 '한의원'을 판매·제공하는 매장,test,한의원,T2 동의어,0e0981f9-146a-43b4-9550-08cf3d10f3f2,추향정,추어탕,첨단지구 골목형상점가,골목형상점가,광주광역시,,,
32acac3a99e86de048f5,full_annotation_v1,A,q_한의원_02,추나,건강·의료 중 '한의원'을 판매·제공하는 매장,test,한의원,T2 동의어,0ab1eb9a-a600-4ac0-8ce5-615819efcf3f,차차한의원,한방,배방공수 골목형상점가,골목형상점가,충청남도,,,
2b951cecf22b641b4b66,full_annotation_v1,A,q_한의원_02,추나,건강·의료 중 '한의원'을 판매·제공하는 매장,test,한의원,T2 동의어,d65a79f4-9347-40a9-8735-c6f7c89f6ab1,추억집,한식,안양1번가 상점가,자율상권구역,경기도,,,
6c5c3591032a3acd0f65,full_annotation_v1,A,q_한의원_02,추나,건강·의료 중 '한의원'을 판매·제공하는 매장,test,한의원,T2 동의어,49f66c6c-b011-492e-adab-8f21b3cb23ee,루비 컬렉션,의류,까치울역카페거리 골목형상점가,골목형상점가,경기도,,,
d655d15174d1f3b9d46b,full_annotation_v1,A,q_한의원_02,추나,건강·의료 중 '한의원'을 판매·제공하는 매장,test,한의원,T2 동의어,2a4ef30d-4de9-415e-8bda-00793715f65a,추억의달고나,과자,화성행궁골목형상점가,골목형상점가,경기도,,,
ac6e12d308140b1deb8d,full_annotation_v1,A,q_한의원_02,추나,건강·의료 중 '한의원'을 판매·제공하는 매장,test,한의원,T2 동의어,6beef895-0b57-4361-90da-b0df3af3ad2b,금창무역,소매(중국식품),남문시장,전통시장,서울특별시,,,
64c7ab6e6d3d39da0343,full_annotation_v1,A,q_한의원_02,추나,건강·의료 중 '한의원'을 판매·제공하는 매장,test,한의원,T2 동의어,464d910a-7b24-4976-aef6-908781f1ff63,대추나무,한식,수암회수산시장,골목형상점가,울산광역시,,,
ed338435c8c8331a742f,full_annotation_v1,A,q_한의원_02,추나,건강·의료 중 '한의원'을 판매·제공하는 매장,test,한의원,T2 동의어,b49aeaa8-a4b3-41b6-af7e-10128eaa37be,에나,의류,과천제일쇼핑시장,전통시장,경기도,,,
063215c311a7f914fe38,full_annotation_v1,A,q_한의원_02,추나,건강·의료 중 '한의원'을 판매·제공하는 매장,test,한의원,T2 동의어,8cae8e4a-4881-49ac-8b26-8c116d027a19,365매일한의원,침 뜸 부항 약침 추나 감기약 소화제,삼천동제일 골목형상점가,골목형상점가,전북특별자치도,,,
5c65a5eb50afdcd3e76b,full_annotation_v1,A,q_한의원_02,추나,건강·의료 중 '한의원'을 판매·제공하는 매장,test,한의원,T2 동의어,08760974-62e1-49f3-8ed1-0c81c4fd9813,경복궁에맛있는부엌,음식점,세종마을음식문화거리,자율상권구역,서울특별시,,,
f78465574aa01f85f0b0,full_annotation_v1,A,q_한의원_02,추나,건강·의료 중 '한의원'을 판매·제공하는 매장,test,한의원,T2 동의어,8fe4b10f-09af-458b-93fc-3ca7a0aa4e04,김민우한의원,침 약침 봉침 부항 추나 왕뜸 한약 경옥고 공진단 다이어트한약,구매탄시장,전통시장,경기도,,,
0cb8ebce16b8d62e3226,full_annotation_v1,A,q_한의원_02,추나,건강·의료 중 '한의원'을 판매·제공하는 매장,test,한의원,T2 동의어,4aec4802-f2df-489c-b714-4f323cdf03ad,에이미,도소매(여성의류),테크노상가,전통시장,서울특별시,,,
674ed72bab0c254c90d1,full_annotation_v1,A,q_한의원_02,추나,건강·의료 중 '한의원'을 판매·제공하는 매장,test,한의원,T2 동의어,8ffd61f3-6cf3-4cc3-8803-bffd18752dc3,우리 헤어샵,미용,노해랑길골목형상점가,골목형상점가,서울특별시,,,
dd9934f30e7b253c783a,full_annotation_v1,A,q_한의원_02,추나,건강·의료 중 '한의원'을 판매·제공하는 매장,test,한의원,T2 동의어,317e08b6-18b0-4d4e-9357-9e7799383dc1,추어당,,관저상가 골목형상점가,골목형상점가,대전광역시,,,
a6abbba6b06af9db4a26,full_annotation_v1,A,q_한의원_02,추나,건강·의료 중 '한의원'을 판매·제공하는 매장,test,한의원,T2 동의어,e5a6f9f5-d811-46fa-8888-8b89aa1c13be,마띠나,분식,익산 다e로움 상권활성화구역,상권활성화구역,전북특별자치도,,,
4e5bcc78ed471169734b,full_annotation_v1,A,q_한의원_02,추나,건강·의료 중 '한의원'을 판매·제공하는 매장,test,한의원,T2 동의어,169390f6-067f-457e-b690-3baeec3e0bd2,추억식당,한식,중앙신시장,전통시장,경상북도,,,
d69d9f27c4c4f22b4e6c,full_annotation_v1,A,q_한의원_02,추나,건강·의료 중 '한의원'을 판매·제공하는 매장,test,한의원,T2 동의어,9e3e0010-8a5d-4069-bd02-00b255b5a92f,안암부부한의원,침 추나 한약 물리치료,고대 골목형상점가,골목형상점가,서울특별시,,,
eab6eaf12a58db1e6816,full_annotation_v1,A,q_한의원_02,추나,건강·의료 중 '한의원'을 판매·제공하는 매장,test,한의원,T2 동의어,1b558f2b-721e-4a0d-a51e-a3806018c791,단추나무,의류,주안시민지하도상점가,일반지하상점가,인천광역시,,,
58c684870d260f44c782,full_annotation_v1,A,q_한의원_02,추나,건강·의료 중 '한의원'을 판매·제공하는 매장,test,한의원,T2 동의어,ad98d55a-fffa-43cc-bb3d-123b336fd707,카데나,한식,평택국제중앙시장,전통시장,경기도,,,
9baf38a7aa49f074104b,full_annotation_v1,A,q_한의원_02,추나,건강·의료 중 '한의원'을 판매·제공하는 매장,test,한의원,T2 동의어,0532ce10-a52b-42cf-8bd4-5412db78e694,계룡산한의원,한방의료서비스,신도안면 골목형상점가,골목형상점가,충청남도,,,
7826042214b1fd08c2fe,full_annotation_v1,A,q_한의원_02,추나,건강·의료 중 '한의원'을 판매·제공하는 매장,test,한의원,T2 동의어,1c8a8990-c1c5-4b90-99a1-09919d081f9a,건강미현대웰빙의원,진료,광산 송2송2 골목형상점가,골목형상점가,광주광역시,,,
174df6d650be06ebefa3,full_annotation_v1,A,q_한의원_02,추나,건강·의료 중 '한의원'을 판매·제공하는 매장,test,한의원,T2 동의어,1b59edbb-a321-4650-a22e-d2701c487eab,뽀데나,의류,동산상가,전통시장,대구광역시,,,
94828b2c476e1ae4524e,full_annotation_v1,A,q_한의원_02,추나,건강·의료 중 '한의원'을 판매·제공하는 매장,test,한의원,T2 동의어,bf2dce02-a4f2-4eeb-a90e-acb7cab0a1f6,또나,의류,원주중앙로문화의거리,자율상권구역,강원특별자치도,,,
33def84747cfc5086a31,full_annotation_v1,A,q_한의원_02,추나,건강·의료 중 '한의원'을 판매·제공하는 매장,test,한의원,T2 동의어,9631f0f0-91fe-4b49-88e5-daa7a58e9a52,광덕힐한의원,한방진료 침 뜸 부항 추나요법,힐스상인회 골목형상점가,골목형상점가,광주광역시,,,
5cf478b74ebb0ecca13c,full_annotation_v1,A,q_한의원_02,추나,건강·의료 중 '한의원'을 판매·제공하는 매장,test,한의원,T2 동의어,8d3bb125-50ee-4cda-a3cc-47d58d37da2c,알자나,의류,수원영동시장,전통시장,경기도,,,
b086c1ec233e0b9fe2a2,full_annotation_v1,A,q_한의원_02,추나,건강·의료 중 '한의원'을 판매·제공하는 매장,test,한의원,T2 동의어,239c0fcf-ec40-4a20-a790-57ef66a057da,경희팔팔한의원,침 추나 공진단 다이어트,청량리청과물시장,전통시장,서울특별시,,,
698272afaa4e8664b0ac,full_annotation_v1,A,q_한의원_02,추나,건강·의료 중 '한의원'을 판매·제공하는 매장,test,한의원,T2 동의어,49279a4e-2f46-4d23-a302-e58452117ae1,신의한큐당구장,당구장,노해랑길골목형상점가,골목형상점가,서울특별시,,,
7369fd0932db16684540,full_annotation_v1,A,q_한의원_02,추나,건강·의료 중 '한의원'을 판매·제공하는 매장,test,한의원,T2 동의어,dcdec009-0d5f-459b-b750-bbee5a87b226,원나,의류,목포신중앙시장,전통시장,전라남도,,,
9824f6fc074be9132333,full_annotation_v1,A,q_한의원_02,추나,건강·의료 중 '한의원'을 판매·제공하는 매장,test,한의원,T2 동의어,37cec87a-bb58-470c-81cf-e1da4d862e12,추오정,추어탕,동작구 LINK 상권활성화구역,상권활성화구역,서울특별시,,,
97fa51255939d67b2fdc,full_annotation_v1,A,q_한의원_02,추나,건강·의료 중 '한의원'을 판매·제공하는 매장,test,한의원,T2 동의어,c22f11d2-ca24-46b2-abb9-89235bf48acf,통제영건어물,건어물,통영중앙전통시장,전통시장,경상남도,,,
24d3babb9380806b53d6,full_annotation_v1,A,q_한의원_02,추나,건강·의료 중 '한의원'을 판매·제공하는 매장,test,한의원,T2 동의어,06275db0-3bc6-4cb2-b2d0-9c2172db74f9,장편한김용성내과,진료,산본로데오거리(구 산본중심상가),자율상권구역,경기도,,,
65ffdd74a4d6afd7674c,full_annotation_v1,A,q_한의원_02,추나,건강·의료 중 '한의원'을 판매·제공하는 매장,test,한의원,T2 동의어,580ce59e-6d23-4728-8e34-3c74fed8cc6b,망고,의류,고투몰(강남터미널지하도상점가),일반지하상점가,서울특별시,,,
3430e7ecb84962006aee,full_annotation_v1,A,q_한의원_02,추나,건강·의료 중 '한의원'을 판매·제공하는 매장,test,한의원,T2 동의어,294d0244-4a8f-4c79-b011-491c943b7da8,오러나,의류,동산상가,전통시장,대구광역시,,,
b260c90ba573545987f4,full_annotation_v1,A,q_한의원_02,추나,건강·의료 중 '한의원'을 판매·제공하는 매장,test,한의원,T2 동의어,47a0d870-700b-46f0-812d-383f798bfa94,추미정,추어탕,태화십리대밭먹거리단지 상점가,자율상권구역,울산광역시,,,
41c13c86367783c848a2,full_annotation_v1,A,q_한의원_02,추나,건강·의료 중 '한의원'을 판매·제공하는 매장,test,한의원,T2 동의어,96d2ed0c-204f-4388-9204-a0a9598bd09e,추억김밥,한식,광명전통시장,전통시장,경기도,,,
f149cdfa1a8007793e56,full_annotation_v1,A,q_한의원_02,추나,건강·의료 중 '한의원'을 판매·제공하는 매장,test,한의원,T2 동의어,0056dcd4-0ac0-4535-9ee5-c8fd19d8ff14,중화한의원,한의원,보령한내시장,전통시장,충청남도,,,
53550324d71eba09974f,full_annotation_v1,A,q_한의원_02,추나,건강·의료 중 '한의원'을 판매·제공하는 매장,test,한의원,T2 동의어,00523307-cc4c-4b0c-8b2f-176ca7450d24,오름한의원,한의원,아차산등산로골목형상점가,골목형상점가,서울특별시,,,
221bca102eea5f3f5cf8,full_annotation_v1,A,q_한의원_02,추나,건강·의료 중 '한의원'을 판매·제공하는 매장,test,한의원,T2 동의어,005be19f-78f9-455e-9516-5b6ada9b2f79,명주약업사,한약도매,학성새벽시장,전통시장,울산광역시,,,
a9950cd5798b6fc3588d,full_annotation_v1,A,q_한의원_02,추나,건강·의료 중 '한의원'을 판매·제공하는 매장,test,한의원,T2 동의어,11b9c399-990c-448b-a915-1e2dd35258d5,우먼로드,이불,원미금강 상점가,자율상권구역,경기도,,,
53144b4156ae0f83a87d,full_annotation_v1,A,q_한의원_02,추나,건강·의료 중 '한의원'을 판매·제공하는 매장,test,한의원,T2 동의어,aaa9f402-6076-4a00-8d09-ac96d7a7ec1f,나미플레르,생화,두류신시장,전통시장,대구광역시,,,
543e0fc00a785f70773a,full_annotation_v1,A,q_한의원_02,추나,건강·의료 중 '한의원'을 판매·제공하는 매장,test,한의원,T2 동의어,035c1b8a-8efd-4448-a276-7b9c25dadd68,광명당약업사,한약재,금산국제인삼시장,전통시장,충청남도,,,
79f8349a15dba403fc0f,full_annotation_v1,A,q_한의원_02,추나,건강·의료 중 '한의원'을 판매·제공하는 매장,test,한의원,T2 동의어,b06a398d-69e6-4a90-b7cd-71fe1d1a0cce,뷰티하랑,피부미용,중앙공원상인회 골목형상점가,골목형상점가,광주광역시,,,
bc7cadc89357bd87f219,full_annotation_v1,A,q_한의원_02,추나,건강·의료 중 '한의원'을 판매·제공하는 매장,test,한의원,T2 동의어,04a734bb-1790-4ecd-9398-2fd3359294d0,제일의원,진료,두암시장주변 골목형상점가,골목형상점가,광주광역시,,,
e54f5b293fddb799e4de,full_annotation_v1,A,q_한의원_02,추나,건강·의료 중 '한의원'을 판매·제공하는 매장,test,한의원,T2 동의어,20ad171b-58ef-440b-bd2e-15ac23775ce1,청담한의원,침 한약 약침 추나치료 등,화정한울타리상인회 골목형상점가,골목형상점가,광주광역시,,,
5a3583a1462eb07ee26c,full_annotation_v1,A,q_한의원_02,추나,건강·의료 중 '한의원'을 판매·제공하는 매장,test,한의원,T2 동의어,5f6f918b-bb55-4142-8a34-27f699167ae1,추선생,한식,왕십리도선동상점가,자율상권구역,서울특별시,,,
cad28d0e55e8aa669605,full_annotation_v1,A,q_한의원_02,추나,건강·의료 중 '한의원'을 판매·제공하는 매장,test,한의원,T2 동의어,77908a0a-c46b-4eb2-9352-a83aeedfb90b,교대이층집 성수점,한식,성수역골목형상점가,골목형상점가,서울특별시,,,
5da12051112e06d90f57,full_annotation_v1,A,q_한의원_02,추나,건강·의료 중 '한의원'을 판매·제공하는 매장,test,한의원,T2 동의어,37618079-4f0d-410e-8e00-218874cf09e3,핸나,의류,진성 골목형상점가,골목형상점가,전북특별자치도,,,
64d6ebd646aafbf9ecbf,full_annotation_v1,A,q_한의원_02,추나,건강·의료 중 '한의원'을 판매·제공하는 매장,test,한의원,T2 동의어,0002538c-b8d9-4911-81c7-966789036b09,빛고을 치과의원,의원,세은 골목형상점가,골목형상점가,광주광역시,,,
f94aa42591228df0bb81,full_annotation_v1,A,q_한의원_02,추나,건강·의료 중 '한의원'을 판매·제공하는 매장,test,한의원,T2 동의어,2a029f9c-cc1a-4f10-acf9-fa9cc7136a75,비틀비틀,음식,영통역아이파크 골목형상점가,골목형상점가,경기도,,,
6500c4738693bf76ed1b,full_annotation_v1,A,q_한의원_02,추나,건강·의료 중 '한의원'을 판매·제공하는 매장,test,한의원,T2 동의어,00192f22-a492-4ba5-a62d-65bf0d0ec7b9,큰물한의원,한의원,전주서곡 골목형상점가,골목형상점가,전북특별자치도,,,
d7b5ebb67da71294ddbc,full_annotation_v1,A,q_한의원_02,추나,건강·의료 중 '한의원'을 판매·제공하는 매장,test,한의원,T2 동의어,c3fee635-4c06-4025-b1f5-96f0bd128e4c,지에스25 금호원룸점,식품 및 잡화,중앙공원상인회 골목형상점가,골목형상점가,광주광역시,,,
b04ad41293acbc3823a0,full_annotation_v1,A,q_한의원_02,추나,건강·의료 중 '한의원'을 판매·제공하는 매장,test,한의원,T2 동의어,dd2b354a-bda4-455c-be34-ebc71b91dc8e,추련,의류,안성맞춤시장,전통시장,경기도,,,
dd164338fcde098c65e0,full_annotation_v1,A,q_한의원_02,추나,건강·의료 중 '한의원'을 판매·제공하는 매장,test,한의원,T2 동의어,1a0defb7-c84d-484d-a47d-19d95eac79d4,한민한의원,"한약, 침, 부항, 추나",괴정가장로 골목형상점가,골목형상점가,대전광역시,,,
f4d3f81ff2b03694fea1,full_annotation_v1,A,q_한의원_02,추나,건강·의료 중 '한의원'을 판매·제공하는 매장,test,한의원,T2 동의어,91fc6cdf-5c61-4606-bb7d-5fe060ebc682,생강밭대추나무,,신정상가시장,전통시장,울산광역시,,,
8b2bd4e24b2f8150bf57,full_annotation_v1,A,q_한의원_02,추나,건강·의료 중 '한의원'을 판매·제공하는 매장,test,한의원,T2 동의어,4000bb9a-e56b-4e85-8aa5-f8cca5b507cc,해들한의원,한약.추나.침치료,대평동 골목형상점가,골목형상점가,세종특별자치시,,,
4e5fc718bd0b77c4e258,full_annotation_v1,A,q_한의원_02,추나,건강·의료 중 '한의원'을 판매·제공하는 매장,test,한의원,T2 동의어,02942ca3-7579-4db2-becb-fb2b1e71e633,보광한약방,한약방,내수전통시장,전통시장,충청북도,,,
b3f9945bc8711df7d927,full_annotation_v1,A,q_한의원_02,추나,건강·의료 중 '한의원'을 판매·제공하는 매장,test,한의원,T2 동의어,3a1fd7b7-d52e-485e-8eca-d230de10868e,금강한의원,물리치료 부항 뜸 추나 약침 침치료 한약 보약,조치원중심가로상점가,자율상권구역,세종특별자치시,,,
4e7594f7803ca3b8593d,full_annotation_v1,A,q_한의원_02,추나,건강·의료 중 '한의원'을 판매·제공하는 매장,test,한의원,T2 동의어,bd2b71a6-bfbc-4ebf-8952-fc587f4680b8,대추나무,,작은모래내 골목형상점가,골목형상점가,전북특별자치도,,,
d06143695638c9509ae0,full_annotation_v1,A,q_한의원_02,추나,건강·의료 중 '한의원'을 판매·제공하는 매장,test,한의원,T2 동의어,07642cd2-da01-4c61-b136-9b7960b98e30,흙다방,한방차,을지로지하보도쇼핑센터,일반지하상점가,서울특별시,,,
104cc8efb103c875213e,full_annotation_v1,A,q_한의원_02,추나,건강·의료 중 '한의원'을 판매·제공하는 매장,test,한의원,T2 동의어,00c44c1d-ee28-4fc2-a0f0-e3454de86603,준 한의원,한방의료서비스,첨단연신로 골목형상점가,골목형상점가,광주광역시,,,
b7ec1d343fa58e6c902a,full_annotation_v1,A,q_한의원_02,추나,건강·의료 중 '한의원'을 판매·제공하는 매장,test,한의원,T2 동의어,91783d48-8993-4a8b-bc8f-a2723dd6b98b,경희허준한의원,한약처방 한방치료 통증치료 침 뜸 부항 물리치료 전침 추나 경옥고 공진단,대조시장,전통시장,서울특별시,,,
658e39feedda04892659,full_annotation_v1,A,q_한의원_02,추나,건강·의료 중 '한의원'을 판매·제공하는 매장,test,한의원,T2 동의어,eaf8b69a-3732-43b5-bd9d-d351497c7bbd,엘림,의류,매곡 큰길 골목형상점가,골목형상점가,광주광역시,,,
e65ca90225c4f2a786e1,full_annotation_v1,A,q_한의원_02,추나,건강·의료 중 '한의원'을 판매·제공하는 매장,test,한의원,T2 동의어,049687c2-f8a0-4684-a17f-fd57b7fb23f3,맞춤한의원,한방진료,새마을시장,전통시장,서울특별시,,,
1a2941644d7f76a74493,full_annotation_v1,A,q_한의원_02,추나,건강·의료 중 '한의원'을 판매·제공하는 매장,test,한의원,T2 동의어,613d8749-0527-413d-972c-845bcd627b4f,어유트헤어,각종 염모제 펌제 클리닉,운암제일 골목형상점가,골목형상점가,광주광역시,,,
2e4d91497e742f4ddd02,full_annotation_v1,A,q_한의원_02,추나,건강·의료 중 '한의원'을 판매·제공하는 매장,test,한의원,T2 동의어,fcbbf76b-9a4a-4d81-b5b0-647881d98e8e,추씨농원,생화,대구꽃백화점 골목형상점가,골목형상점가,대구광역시,,,
cb5931e16c609883a3ea,full_annotation_v1,A,q_한의원_02,추나,건강·의료 중 '한의원'을 판매·제공하는 매장,test,한의원,T2 동의어,04b3f97b-2da5-4d58-8ab5-c5e9f48061c5,새몸한의원,한의진료 한의의료시술 침 뜸 부항 물리요법 추나요법 약침 봉침 한약 등,봉선로1 골목형상점가,골목형상점가,광주광역시,,,
88b73a1ac9ecbf1c7615,full_annotation_v1,A,q_한의원_03,한방,건강·의료 중 '한의원'을 판매·제공하는 매장,test,한의원,T2 동의어,c368224a-ba58-4513-a3ba-570d0d3d20a8,동양찻집 평촌학원가점,한방 찻집,귀인동먹거리촌 골목형상점가,골목형상점가,경기도,,,
ceb2bd530c76e743bce0,full_annotation_v1,A,q_한의원_03,한방,건강·의료 중 '한의원'을 판매·제공하는 매장,test,한의원,T2 동의어,d5cbec69-5a86-4d21-ad3a-3a6d91609f51,선경이불,침구,연산골목시장상점가,자율상권구역,부산광역시,,,
c56040802429ee576e14,full_annotation_v1,A,q_한의원_03,한방,건강·의료 중 '한의원'을 판매·제공하는 매장,test,한의원,T2 동의어,02942ca3-7579-4db2-becb-fb2b1e71e633,보광한약방,한약방,내수전통시장,전통시장,충청북도,,,
9be2a05b055bd548c49c,full_annotation_v1,A,q_한의원_03,한방,건강·의료 중 '한의원'을 판매·제공하는 매장,test,한의원,T2 동의어,005be19f-78f9-455e-9516-5b6ada9b2f79,명주약업사,한약도매,학성새벽시장,전통시장,울산광역시,,,
235d066fbd56b8252565,full_annotation_v1,A,q_한의원_03,한방,건강·의료 중 '한의원'을 판매·제공하는 매장,test,한의원,T2 동의어,d53ca278-9188-4466-802d-37c61d7de93e,맘스터치금왕점,햄버거,금왕중심골목형상점가,골목형상점가,충청북도,,,
b4238048fb6ac1d86252,full_annotation_v1,A,q_한의원_03,한방,건강·의료 중 '한의원'을 판매·제공하는 매장,test,한의원,T2 동의어,2f761257-4534-4951-bb19-dcd29c5106b8,상원한의원,한방 의료,성서계대로데오거리 골목형상점가,골목형상점가,대구광역시,,,
8ef9a6bce0036dd3f7e1,full_annotation_v1,A,q_한의원_03,한방,건강·의료 중 '한의원'을 판매·제공하는 매장,test,한의원,T2 동의어,00523307-cc4c-4b0c-8b2f-176ca7450d24,오름한의원,한의원,아차산등산로골목형상점가,골목형상점가,서울특별시,,,
b02cf1e95f1bccf1361a,full_annotation_v1,A,q_한의원_03,한방,건강·의료 중 '한의원'을 판매·제공하는 매장,test,한의원,T2 동의어,d76a9e61-d418-4d08-9124-6d6370a35ba5,대전한방,,중동 골목형상점가,골목형상점가,대전광역시,,,
e1c0a63a60c17efb8f8a,full_annotation_v1,A,q_한의원_03,한방,건강·의료 중 '한의원'을 판매·제공하는 매장,test,한의원,T2 동의어,767793a1-91d7-4eb5-a4ea-51be1ed75046,운암경희한의원,한방 의료 서비스,벽산황계로 골목형상점가,골목형상점가,광주광역시,,,
9539c32a055e93c0a8ed,full_annotation_v1,A,q_한의원_03,한방,건강·의료 중 '한의원'을 판매·제공하는 매장,test,한의원,T2 동의어,e65625d1-031b-481e-9891-4aec84a9b008,풀잎한의원,한방,상대동 골목형상점가,골목형상점가,대전광역시,,,
dd1d42db2a8ff616629e,full_annotation_v1,A,q_한의원_03,한방,건강·의료 중 '한의원'을 판매·제공하는 매장,test,한의원,T2 동의어,b2d9d8d6-5146-40f4-bfd2-3fcb4b5ee49b,경희해인한의원,한방 치료 및 한약,동화동골목형상가,골목형상점가,서울특별시,,,
e689630692f1ba222730,full_annotation_v1,A,q_한의원_03,한방,건강·의료 중 '한의원'을 판매·제공하는 매장,test,한의원,T2 동의어,ec470d48-aaa9-403c-a80c-43059c4b7c40,산들숲 한방오리닭백숙,한방백숙,법동시장,전통시장,대전광역시,,,
239509db94a54b6d66d9,full_annotation_v1,A,q_한의원_03,한방,건강·의료 중 '한의원'을 판매·제공하는 매장,test,한의원,T2 동의어,f1d66efb-ba1c-4150-940a-9b55415b8c74,김경식민물장어,수산물,두암2동 골목형상점가,골목형상점가,광주광역시,,,
7c38a90dc3abb79a1458,full_annotation_v1,A,q_한의원_03,한방,건강·의료 중 '한의원'을 판매·제공하는 매장,test,한의원,T2 동의어,00681cee-2849-497b-b7d1-548576542ed2,풍암한의원,한의원,풍암벚꽃길상인회 골목형상점가,골목형상점가,광주광역시,,,
70d5dddd178e8de595cf,full_annotation_v1,A,q_한의원_03,한방,건강·의료 중 '한의원'을 판매·제공하는 매장,test,한의원,T2 동의어,7dde03fa-4b4a-489f-a84f-ade00d95b83d,디스커버리 금왕점,의류,금왕중심골목형상점가,골목형상점가,충청북도,,,
22f03c2fa8db4a24c022,full_annotation_v1,A,q_한의원_03,한방,건강·의료 중 '한의원'을 판매·제공하는 매장,test,한의원,T2 동의어,0ab1eb9a-a600-4ac0-8ce5-615819efcf3f,차차한의원,한방,배방공수 골목형상점가,골목형상점가,충청남도,,,
0bd226bd5ffddc4483f0,full_annotation_v1,A,q_한의원_03,한방,건강·의료 중 '한의원'을 판매·제공하는 매장,test,한의원,T2 동의어,b69e1282-3faa-4192-9995-9055dbf93b8b,한방미인,화장품,전주중앙상가시장,전통시장,전북특별자치도,,,
85eb7a9bfa0a602f035b,full_annotation_v1,A,q_한의원_03,한방,건강·의료 중 '한의원'을 판매·제공하는 매장,test,한의원,T2 동의어,638b29ad-410e-4bc2-88a7-b82237f054e6,공진한의원,한방진료및한방,동작구 LINK 상권활성화구역,상권활성화구역,서울특별시,,,
26de0dc4fa875540d841,full_annotation_v1,A,q_한의원_03,한방,건강·의료 중 '한의원'을 판매·제공하는 매장,test,한의원,T2 동의어,20ad171b-58ef-440b-bd2e-15ac23775ce1,청담한의원,침 한약 약침 추나치료 등,화정한울타리상인회 골목형상점가,골목형상점가,광주광역시,,,
241f33419028f9e57291,full_annotation_v1,A,q_한의원_03,한방,건강·의료 중 '한의원'을 판매·제공하는 매장,test,한의원,T2 동의어,0002538c-b8d9-4911-81c7-966789036b09,빛고을 치과의원,의원,세은 골목형상점가,골목형상점가,광주광역시,,,
c48a45a8ed2154d3474c,full_annotation_v1,A,q_한의원_03,한방,건강·의료 중 '한의원'을 판매·제공하는 매장,test,한의원,T2 동의어,df8d7646-14a0-4deb-a30c-dd00eeb5c48d,으뜸한의원,한방 의료서비스,인천모래내전통시장,전통시장,인천광역시,,,
091eb9b2c05d3540f747,full_annotation_v1,A,q_한의원_03,한방,건강·의료 중 '한의원'을 판매·제공하는 매장,test,한의원,T2 동의어,6500333d-e8ee-4930-b687-3e6cc7b501e0,8맥한의원,한방 서비스업,풍향골 골목형상점가,골목형상점가,광주광역시,,,
8d9e3642ffb6eff5993a,full_annotation_v1,A,q_한의원_03,한방,건강·의료 중 '한의원'을 판매·제공하는 매장,test,한의원,T2 동의어,6214ff11-3c60-42e8-908c-bec14b3380e1,자운가정의원,병원,자운대 골목형상점가,골목형상점가,대전광역시,,,
9278350af7053127ac06,full_annotation_v1,A,q_한의원_03,한방,건강·의료 중 '한의원'을 판매·제공하는 매장,test,한의원,T2 동의어,06275db0-3bc6-4cb2-b2d0-9c2172db74f9,장편한김용성내과,진료,산본로데오거리(구 산본중심상가),자율상권구역,경기도,,,
49fcaa8ae3ea6fc8caa7,full_annotation_v1,A,q_한의원_03,한방,건강·의료 중 '한의원'을 판매·제공하는 매장,test,한의원,T2 동의어,02b05ddb-3724-4a0c-b4ef-b9791576d5a0,산본한의원,한약,산본전통시장(구 군포산본시장),전통시장,경기도,,,
b0a15813d82069e82ae0,full_annotation_v1,A,q_한의원_03,한방,건강·의료 중 '한의원'을 판매·제공하는 매장,test,한의원,T2 동의어,e54c4818-0387-4afa-9fe1-c78b19588ba6,신안한방병원,한방보건,신안동KT 골목형상점가,골목형상점가,광주광역시,,,
9444894c799c9d253401,full_annotation_v1,A,q_한의원_03,한방,건강·의료 중 '한의원'을 판매·제공하는 매장,test,한의원,T2 동의어,07642cd2-da01-4c61-b136-9b7960b98e30,흙다방,한방차,을지로지하보도쇼핑센터,일반지하상점가,서울특별시,,,
881ab31909b4ed97ec6c,full_annotation_v1,A,q_한의원_03,한방,건강·의료 중 '한의원'을 판매·제공하는 매장,test,한의원,T2 동의어,7524e82c-3edf-48e8-bf93-9270e82ef7be,대성한방,롤파우치 박스,서울약령시장,전통시장,서울특별시,,,
ac1eba5ff314a23c813e,full_annotation_v1,A,q_한의원_03,한방,건강·의료 중 '한의원'을 판매·제공하는 매장,test,한의원,T2 동의어,09da8199-590b-4b55-b34a-9c5f84846ea9,감초한방,농산물,서정리시장(서정시장),전통시장,경기도,,,
0fd25a460a62808bb72c,full_annotation_v1,A,q_한의원_03,한방,건강·의료 중 '한의원'을 판매·제공하는 매장,test,한의원,T2 동의어,6b8f2fbb-e8cd-456e-bb64-df80d823ebf1,한방녹차족발,,수영팔도시장(구 수영팔도상가시장),전통시장,부산광역시,,,
6623a3a0219cbacbb5ba,full_annotation_v1,A,q_한의원_03,한방,건강·의료 중 '한의원'을 판매·제공하는 매장,test,한의원,T2 동의어,e5c0b6bb-7d1c-4a11-8b7b-8a0e21768dd4,보성식육,소고기,구포축산물도매시장,전통시장,부산광역시,,,
1a6e29ff9f67ca8a565d,full_annotation_v1,A,q_한의원_03,한방,건강·의료 중 '한의원'을 판매·제공하는 매장,test,한의원,T2 동의어,3a1fd7b7-d52e-485e-8eca-d230de10868e,금강한의원,물리치료 부항 뜸 추나 약침 침치료 한약 보약,조치원중심가로상점가,자율상권구역,세종특별자치시,,,
e112a8e164ac629b4802,full_annotation_v1,A,q_한의원_03,한방,건강·의료 중 '한의원'을 판매·제공하는 매장,test,한의원,T2 동의어,e8d013ac-3513-4ba7-8e15-0298c1cc08d7,한방바베큐,통닭,백학시장 상점가,자율상권구역,서울특별시,,,
5143604ccb1f8efba0cb,full_annotation_v1,A,q_한의원_03,한방,건강·의료 중 '한의원'을 판매·제공하는 매장,test,한의원,T2 동의어,7d73a86e-9a32-4c9e-993a-6d0ef2e41f10,귤림당한의원,한방 의료 서비스,죽전동 상생 골목형상점가,골목형상점가,경기도,,,
d26e8368b399ec058db5,full_annotation_v1,A,q_한의원_03,한방,건강·의료 중 '한의원'을 판매·제공하는 매장,test,한의원,T2 동의어,00192f22-a492-4ba5-a62d-65bf0d0ec7b9,큰물한의원,한의원,전주서곡 골목형상점가,골목형상점가,전북특별자치도,,,
2e6d45fb3de357ee6453,full_annotation_v1,A,q_한의원_03,한방,건강·의료 중 '한의원'을 판매·제공하는 매장,test,한의원,T2 동의어,1d9a90fe-5dff-4ad7-a1a3-26e357d4c8f6,마이산한방 흑돼지족발,한식,진안시장(진안고원시장),전통시장,전북특별자치도,,,
8e1f4bbba0a08c11864b,full_annotation_v1,A,q_한의원_03,한방,건강·의료 중 '한의원'을 판매·제공하는 매장,test,한의원,T2 동의어,035c1b8a-8efd-4448-a276-7b9c25dadd68,광명당약업사,한약재,금산국제인삼시장,전통시장,충청남도,,,
a923512f2184abc70a1c,full_annotation_v1,A,q_한의원_03,한방,건강·의료 중 '한의원'을 판매·제공하는 매장,test,한의원,T2 동의어,223d420a-c2e9-4c8a-89ef-54fddff796b9,예인한의원,한방,신금호역골목형상점가,골목형상점가,서울특별시,,,
cc34da38605e9344246e,full_annotation_v1,A,q_한의원_03,한방,건강·의료 중 '한의원'을 판매·제공하는 매장,test,한의원,T2 동의어,48716e87-6527-45dd-8137-5d9d5409c9a0,태원한방,도소매(한의업관련용품),서울약령시장,전통시장,서울특별시,,,
85744b4c380f392ddef3,full_annotation_v1,A,q_한의원_03,한방,건강·의료 중 '한의원'을 판매·제공하는 매장,test,한의원,T2 동의어,c683ad41-07d3-45f7-ac34-b3f1c3cdbf5b,가로세로한의원,보건 한방 서비스,평촌1번가 상점가,자율상권구역,경기도,,,
bb8ed006691a827aab18,full_annotation_v1,A,q_한의원_03,한방,건강·의료 중 '한의원'을 판매·제공하는 매장,test,한의원,T2 동의어,1c8a8990-c1c5-4b90-99a1-09919d081f9a,건강미현대웰빙의원,진료,광산 송2송2 골목형상점가,골목형상점가,광주광역시,,,
5c0d5e33031d7318101c,full_annotation_v1,A,q_한의원_03,한방,건강·의료 중 '한의원'을 판매·제공하는 매장,test,한의원,T2 동의어,1a0defb7-c84d-484d-a47d-19d95eac79d4,한민한의원,"한약, 침, 부항, 추나",괴정가장로 골목형상점가,골목형상점가,대전광역시,,,
d66c2e64c59429a3aa34,full_annotation_v1,A,q_한의원_03,한방,건강·의료 중 '한의원'을 판매·제공하는 매장,test,한의원,T2 동의어,7ed95ea9-6c62-417b-b18d-0e0d06cd638f,계림병원,내과 정형외과 한방 피부,광주고인근 골목형상점가,골목형상점가,광주광역시,,,
9408277ca28be6362a24,full_annotation_v1,A,q_한의원_03,한방,건강·의료 중 '한의원'을 판매·제공하는 매장,test,한의원,T2 동의어,e5274db2-5e3b-4aaa-8094-4f4a7544820e,한방발관리,한방발관리체험서비스,제천한방마을 골목형상점가,골목형상점가,충청북도,,,
fff370f42f73c59d46ec,full_annotation_v1,A,q_한의원_03,한방,건강·의료 중 '한의원'을 판매·제공하는 매장,test,한의원,T2 동의어,04a734bb-1790-4ecd-9398-2fd3359294d0,제일의원,진료,두암시장주변 골목형상점가,골목형상점가,광주광역시,,,
cae04105d88db9d85ed0,full_annotation_v1,A,q_한의원_03,한방,건강·의료 중 '한의원'을 판매·제공하는 매장,test,한의원,T2 동의어,f7bd5b8c-f7af-4b7a-a328-fd8a22fc5eca,한방닭한마리,한식,석계음식문화거리골목형상점가,골목형상점가,서울특별시,,,
58d19a12ea10bca9cd64,full_annotation_v1,A,q_한의원_03,한방,건강·의료 중 '한의원'을 판매·제공하는 매장,test,한의원,T2 동의어,a682f3ad-8b3f-4eb7-9326-4805e30b99d5,새힘한의원,한방서비스,화정한울타리상인회 골목형상점가,골목형상점가,광주광역시,,,
5130c88eaba370c74f3d,full_annotation_v1,A,q_한의원_03,한방,건강·의료 중 '한의원'을 판매·제공하는 매장,test,한의원,T2 동의어,0532ce10-a52b-42cf-8bd4-5412db78e694,계룡산한의원,한방의료서비스,신도안면 골목형상점가,골목형상점가,충청남도,,,
6e80c9a8baa17f72a878,full_annotation_v1,A,q_한의원_03,한방,건강·의료 중 '한의원'을 판매·제공하는 매장,test,한의원,T2 동의어,239c0fcf-ec40-4a20-a790-57ef66a057da,경희팔팔한의원,침 추나 공진단 다이어트,청량리청과물시장,전통시장,서울특별시,,,
58d5dc4453af8bb44eb6,full_annotation_v1,A,q_한의원_03,한방,건강·의료 중 '한의원'을 판매·제공하는 매장,test,한의원,T2 동의어,04b3f97b-2da5-4d58-8ab5-c5e9f48061c5,새몸한의원,한의진료 한의의료시술 침 뜸 부항 물리요법 추나요법 약침 봉침 한약 등,봉선로1 골목형상점가,골목형상점가,광주광역시,,,
151e4335333a9c76d9a5,full_annotation_v1,A,q_한의원_03,한방,건강·의료 중 '한의원'을 판매·제공하는 매장,test,한의원,T2 동의어,4f693572-3afb-4e9c-8998-e6a7b2d089a7,에이제이근력재활운동 산본점,운동,산본로데오거리(구 산본중심상가),자율상권구역,경기도,,,
c38090689da88e812a46,full_annotation_v1,A,q_한의원_03,한방,건강·의료 중 '한의원'을 판매·제공하는 매장,test,한의원,T2 동의어,b7654429-f42d-482c-9dc5-61ccc8d6409d,샐러디 포일점,샐러드,포일중앙 골목형상점가,골목형상점가,경기도,,,
aea60eac402a370dcb21,full_annotation_v1,A,q_한의원_03,한방,건강·의료 중 '한의원'을 판매·제공하는 매장,test,한의원,T2 동의어,9d272a9e-3326-4ea3-84bd-fea9136be008,참잘함 한방병원,한방병원,선부광장로상점가,자율상권구역,경기도,,,
c1a0291aa10f0c771656,full_annotation_v1,A,q_한의원_03,한방,건강·의료 중 '한의원'을 판매·제공하는 매장,test,한의원,T2 동의어,ac4d9e62-9d13-45fd-be91-5a12a3224a1c,천지인한의원,한방 의료 서비스,서현센트럴상점,골목형상점가,경기도,,,
00c33f15245939af6390,full_annotation_v1,A,q_한의원_03,한방,건강·의료 중 '한의원'을 판매·제공하는 매장,test,한의원,T2 동의어,d6ffeb2a-8e61-4c4e-8e96-a9be488f6af5,아이북스,서적,퍼스트원 골목형상점가,골목형상점가,세종특별자치시,,,
8cb5acbafc98a348aaf5,full_annotation_v1,A,q_한의원_03,한방,건강·의료 중 '한의원'을 판매·제공하는 매장,test,한의원,T2 동의어,88dce2e5-32b2-4358-809e-1adb1ab75841,위보령한의원,한방,신정중앙 골목형상점가,골목형상점가,울산광역시,,,
591c9b8615dd8dc99c36,full_annotation_v1,A,q_한의원_03,한방,건강·의료 중 '한의원'을 판매·제공하는 매장,test,한의원,T2 동의어,0e0e8405-44f9-427e-928f-70595083b647,해동상회,건어물,남원용남시장,전통시장,전북특별자치도,,,
c2b5416efa4a551e0606,full_annotation_v1,A,q_한의원_03,한방,건강·의료 중 '한의원'을 판매·제공하는 매장,test,한의원,T2 동의어,656165d6-4ab9-4d27-95e6-48e6593df10e,도원뚝배기짬뽕,중식 음식,산본로데오거리(구 산본중심상가),자율상권구역,경기도,,,
32068e8b4a89a6277f3e,full_annotation_v1,A,q_한의원_03,한방,건강·의료 중 '한의원'을 판매·제공하는 매장,test,한의원,T2 동의어,6055ea95-cd1c-450c-9e83-ec86ab1ee470,운천한방병원,한방,운천테라스길상인회 골목형상점가,골목형상점가,광주광역시,,,
51fe27646c8a3ff8e1a5,full_annotation_v1,A,q_한의원_03,한방,건강·의료 중 '한의원'을 판매·제공하는 매장,test,한의원,T2 동의어,015529a8-763a-4852-bba5-974691d0fd46,청춘애한방,약초,제천한방마을 골목형상점가,골목형상점가,충청북도,,,
c5a117bd2368c2c71c9d,full_annotation_v1,A,q_한의원_03,한방,건강·의료 중 '한의원'을 판매·제공하는 매장,test,한의원,T2 동의어,20aed841-4379-4d9c-831c-31d8a30ada8a,컴포즈커피 의왕포일점,커피,포일중앙 골목형상점가,골목형상점가,경기도,,,
e619ed424af30fd334a1,full_annotation_v1,A,q_한의원_03,한방,건강·의료 중 '한의원'을 판매·제공하는 매장,test,한의원,T2 동의어,dacc8333-1dac-469f-812d-7ee179d203da,네일수무,네일미용업,늘해랑상인회 골목형상점가,골목형상점가,광주광역시,,,
b5743bcc8cdf11a89dee,full_annotation_v1,A,q_한의원_03,한방,건강·의료 중 '한의원'을 판매·제공하는 매장,test,한의원,T2 동의어,27db3789-203a-4562-a747-2e2be6726a0e,강원약초,한방재료,의정부시장,전통시장,경기도,,,
29ff01ef0cc34916082d,full_annotation_v1,A,q_한의원_03,한방,건강·의료 중 '한의원'을 판매·제공하는 매장,test,한의원,T2 동의어,a58f649e-903a-4f05-b52d-21d8fa4a99cc,광주밧데리 할인점,전지 밧데리,늘해랑상인회 골목형상점가,골목형상점가,광주광역시,,,
a0ee3f08fbd97b095fe8,full_annotation_v1,A,q_한의원_03,한방,건강·의료 중 '한의원'을 판매·제공하는 매장,test,한의원,T2 동의어,a1d4e7ec-266d-437e-b903-1fa3f28eb53c,자매당 한의원,한방 의료,송촌동상점가,자율상권구역,대전광역시,,,
86341e1f355b73bb4470,full_annotation_v1,A,q_한의원_03,한방,건강·의료 중 '한의원'을 판매·제공하는 매장,test,한의원,T2 동의어,ada98dbd-1a5d-45a9-8c73-9420750a9a1a,청솔한의원,한방 의료,백년시장(구 강북종합전통시장),전통시장,서울특별시,,,
846b715a2ae4b9145b21,full_annotation_v1,A,q_한의원_03,한방,건강·의료 중 '한의원'을 판매·제공하는 매장,test,한의원,T2 동의어,d1917942-8f6c-425e-a1c7-233673d8a6af,수서한방병원,한방진료 한약제조 한방치료 한방의료서비스,홀릭스,골목형상점가,광주광역시,,,
8c7817fe0721bfb1fa77,full_annotation_v1,A,q_한의원_03,한방,건강·의료 중 '한의원'을 판매·제공하는 매장,test,한의원,T2 동의어,b0b22db4-634c-47a8-a7f5-1fddb88c1493,궁추어탕&보쌈,한식,두암2동 골목형상점가,골목형상점가,광주광역시,,,
4571fd0810561eeb40a9,full_annotation_v1,A,q_한의원_03,한방,건강·의료 중 '한의원'을 판매·제공하는 매장,test,한의원,T2 동의어,60f4b3b6-c7a3-420b-b575-39d469c98345,차담,한방차,문화의거리 상점가,자율상권구역,울산광역시,,,
a46d0741e29ab0c585f5,full_annotation_v1,A,q_한의원_03,한방,건강·의료 중 '한의원'을 판매·제공하는 매장,test,한의원,T2 동의어,00c44c1d-ee28-4fc2-a0f0-e3454de86603,준 한의원,한방의료서비스,첨단연신로 골목형상점가,골목형상점가,광주광역시,,,
e28ae505096bc6d8dd61,full_annotation_v1,A,q_한의원_03,한방,건강·의료 중 '한의원'을 판매·제공하는 매장,test,한의원,T2 동의어,0056dcd4-0ac0-4535-9ee5-c8fd19d8ff14,중화한의원,한의원,보령한내시장,전통시장,충청남도,,,
60bbbc91fa08bc7d6059,full_annotation_v1,A,q_한의원_03,한방,건강·의료 중 '한의원'을 판매·제공하는 매장,test,한의원,T2 동의어,be0fbd51-e5cb-430d-8f37-77933fe5b410,콤피커피앤베이크숍,커피와 음료 빵 판매,봉산동 골목형상점가,골목형상점가,대전광역시,,,
4580d3280de05b8b6f10,full_annotation_v1,A,q_한의원_03,한방,건강·의료 중 '한의원'을 판매·제공하는 매장,test,한의원,T2 동의어,9b41d25f-9d9d-481a-bf3c-2b6ab62e38ae,웰빙한방 왕족발,족발,복이있는덕포시장,전통시장,부산광역시,,,
1406f0351566191e663b,full_annotation_v1,A,q_한의원_03,한방,건강·의료 중 '한의원'을 판매·제공하는 매장,test,한의원,T2 동의어,049687c2-f8a0-4684-a17f-fd57b7fb23f3,맞춤한의원,한방진료,새마을시장,전통시장,서울특별시,,,
f0027b477b97c846d2d1,full_annotation_v1,A,q_한의원_03,한방,건강·의료 중 '한의원'을 판매·제공하는 매장,test,한의원,T2 동의어,ae9bb5dc-0560-4a59-b686-38034a100307,한방족발,한식,공덕시장,전통시장,서울특별시,,,
ffee771b129935178025,full_annotation_v1,A,q_한의원_03,한방,건강·의료 중 '한의원'을 판매·제공하는 매장,test,한의원,T2 동의어,05a7a041-d5de-40b0-8381-176b3c269d77,한방오리집,한식,영동전통시장,전통시장,충청북도,,,
be00c25c5056a8fcb0b7,full_annotation_v1,A,q_한의원_04,한방 진료,건강·의료 중 '한의원'을 판매·제공하는 매장,test,한의원,T2 동의어,005be19f-78f9-455e-9516-5b6ada9b2f79,명주약업사,한약도매,학성새벽시장,전통시장,울산광역시,,,
7d4619573c3197b09783,full_annotation_v1,A,q_한의원_04,한방 진료,건강·의료 중 '한의원'을 판매·제공하는 매장,test,한의원,T2 동의어,52f2baa2-7078-464d-a2af-290c85817702,에스듈의원,보건업 진료,성안길상점가,자율상권구역,충청북도,,,
a39e825bd4f93ce291da,full_annotation_v1,A,q_한의원_04,한방 진료,건강·의료 중 '한의원'을 판매·제공하는 매장,test,한의원,T2 동의어,eb7e33b7-dde7-4c0f-873f-a9cd73924c22,덕정열쇠,열쇠 철물,덕정골목형상점가,골목형상점가,경기도,,,
37fe0aaa92ca5041a66d,full_annotation_v1,A,q_한의원_04,한방 진료,건강·의료 중 '한의원'을 판매·제공하는 매장,test,한의원,T2 동의어,e8482e21-058c-422d-9117-3e8530a1a9bb,동서의원,진료,내상로 골목형상점가,골목형상점가,광주광역시,,,
42b14087e3b703d89780,full_annotation_v1,A,q_한의원_04,한방 진료,건강·의료 중 '한의원'을 판매·제공하는 매장,test,한의원,T2 동의어,00192f22-a492-4ba5-a62d-65bf0d0ec7b9,큰물한의원,한의원,전주서곡 골목형상점가,골목형상점가,전북특별자치도,,,
e24040ea0fa72fe83914,full_annotation_v1,A,q_한의원_04,한방 진료,건강·의료 중 '한의원'을 판매·제공하는 매장,test,한의원,T2 동의어,f88e480b-192a-478b-b365-151556c0e57b,타운약국,의약품,연신내골목형상점가,골목형상점가,서울특별시,,,
ada712025fb9fadcfb6d,full_annotation_v1,A,q_한의원_04,한방 진료,건강·의료 중 '한의원'을 판매·제공하는 매장,test,한의원,T2 동의어,0056dcd4-0ac0-4535-9ee5-c8fd19d8ff14,중화한의원,한의원,보령한내시장,전통시장,충청남도,,,
2776e86d271aada5ee1a,full_annotation_v1,A,q_한의원_04,한방 진료,건강·의료 중 '한의원'을 판매·제공하는 매장,test,한의원,T2 동의어,c3ab2310-c23f-401d-a511-a1f881e40316,장바른내과의원,진료,지족반석 골목형상점가,골목형상점가,대전광역시,,,
09c54e174636b6bfbd21,full_annotation_v1,A,q_한의원_04,한방 진료,건강·의료 중 '한의원'을 판매·제공하는 매장,test,한의원,T2 동의어,20ad171b-58ef-440b-bd2e-15ac23775ce1,청담한의원,침 한약 약침 추나치료 등,화정한울타리상인회 골목형상점가,골목형상점가,광주광역시,,,
452c313f2576ff854b18,full_annotation_v1,A,q_한의원_04,한방 진료,건강·의료 중 '한의원'을 판매·제공하는 매장,test,한의원,T2 동의어,fd8b535f-eb07-4847-af11-1b1caea3bfaf,임마뉴엘,의류 과자,백련시장,전통시장,서울특별시,,,
80df4cc6821b4310981f,full_annotation_v1,A,q_한의원_04,한방 진료,건강·의료 중 '한의원'을 판매·제공하는 매장,test,한의원,T2 동의어,bb96597b-882e-42f2-99f5-b076ee38a09f,세종장사랑내과의원,진료,아름드리 골목형상점가,골목형상점가,세종특별자치시,,,
d42a21b6eac40b58db6b,full_annotation_v1,A,q_한의원_04,한방 진료,건강·의료 중 '한의원'을 판매·제공하는 매장,test,한의원,T2 동의어,b23c09a8-cc35-4be7-aea3-fb46f696591e,독수리정형외과의원,진료,무등산골드클래스2차 골목형상점가,골목형상점가,광주광역시,,,
ea8f99e6f5a184d31f95,full_annotation_v1,A,q_한의원_04,한방 진료,건강·의료 중 '한의원'을 판매·제공하는 매장,test,한의원,T2 동의어,2616a8ba-ceae-4602-b2a7-4d1b0c9893ba,디딤정신건강의학과의원,진료,평촌1번가 상점가,자율상권구역,경기도,,,
34643d64e4f2a98a3f18,full_annotation_v1,A,q_한의원_04,한방 진료,건강·의료 중 '한의원'을 판매·제공하는 매장,test,한의원,T2 동의어,51943bc8-380a-4289-95d9-fb452ad34cc0,비우고채우는치과의원,진료,신가아름마을,골목형상점가,광주광역시,,,
ca483c8f1d9e689aee78,full_annotation_v1,A,q_한의원_04,한방 진료,건강·의료 중 '한의원'을 판매·제공하는 매장,test,한의원,T2 동의어,e4db698c-1275-4cd4-a695-2325839cd1c7,인치과,치과 진료,화정로상가상인회 골목형상점가,골목형상점가,광주광역시,,,
c2de72cd8c2231107f0f,full_annotation_v1,A,q_한의원_04,한방 진료,건강·의료 중 '한의원'을 판매·제공하는 매장,test,한의원,T2 동의어,aab9ccdb-f9d5-4666-bd19-f2c93a899f17,크로커다일,의류,원통시장,전통시장,강원특별자치도,,,
4231ce7fbd227c0dbd2b,full_annotation_v1,A,q_한의원_04,한방 진료,건강·의료 중 '한의원'을 판매·제공하는 매장,test,한의원,T2 동의어,84148ee7-0438-4b03-b0a0-345be788c3c7,계림부부내과의원,진료,계림2동발전 골목형상점가,골목형상점가,광주광역시,,,
0d66aad1def54d35e24a,full_annotation_v1,A,q_한의원_04,한방 진료,건강·의료 중 '한의원'을 판매·제공하는 매장,test,한의원,T2 동의어,04a734bb-1790-4ecd-9398-2fd3359294d0,제일의원,진료,두암시장주변 골목형상점가,골목형상점가,광주광역시,,,
7d33d4d13b445699dea9,full_annotation_v1,A,q_한의원_04,한방 진료,건강·의료 중 '한의원'을 판매·제공하는 매장,test,한의원,T2 동의어,8761db88-037e-4e84-9b35-7674e9dc13eb,웰키즈소아청소년과의원,진료,아름동상점가,자율상권구역,세종특별자치시,,,
1ca341a1528cab709019,full_annotation_v1,A,q_한의원_04,한방 진료,건강·의료 중 '한의원'을 판매·제공하는 매장,test,한의원,T2 동의어,1a0defb7-c84d-484d-a47d-19d95eac79d4,한민한의원,"한약, 침, 부항, 추나",괴정가장로 골목형상점가,골목형상점가,대전광역시,,,
bef566852569c624ff75,full_annotation_v1,A,q_한의원_04,한방 진료,건강·의료 중 '한의원'을 판매·제공하는 매장,test,한의원,T2 동의어,1956dc07-117e-45d3-b607-149e9ff510b5,미소담치과,치과 진료,엄사 골목형상점가,골목형상점가,충청남도,,,
50d08e8f96d8cc7d1d0c,full_annotation_v1,A,q_한의원_04,한방 진료,건강·의료 중 '한의원'을 판매·제공하는 매장,test,한의원,T2 동의어,c3558e60-0617-4e8d-b8c8-850093a2fb03,종로365의원,진료,종로5가역일번출구상점가,자율상권구역,서울특별시,,,
05f2f249fe8546ccb567,full_annotation_v1,A,q_한의원_04,한방 진료,건강·의료 중 '한의원'을 판매·제공하는 매장,test,한의원,T2 동의어,88dce2e5-32b2-4358-809e-1adb1ab75841,위보령한의원,한방,신정중앙 골목형상점가,골목형상점가,울산광역시,,,
d590d1a2260bc507a7c6,full_annotation_v1,A,q_한의원_04,한방 진료,건강·의료 중 '한의원'을 판매·제공하는 매장,test,한의원,T2 동의어,e4142407-903a-4897-802e-8c81eaee32c1,코숨샘물한의원,한의원 진료,한미쇼핑사거리 골목형상점가,골목형상점가,광주광역시,,,
9f005bb3c6374b0474e3,full_annotation_v1,A,q_한의원_04,한방 진료,건강·의료 중 '한의원'을 판매·제공하는 매장,test,한의원,T2 동의어,e45f59ee-2f24-45ca-a908-b9cc89dc0d4d,제블,의류 및 잡화,진주 로데오거리상점가,자율상권구역,경상남도,,,
097877869c0e848a3c35,full_annotation_v1,A,q_한의원_04,한방 진료,건강·의료 중 '한의원'을 판매·제공하는 매장,test,한의원,T2 동의어,c504d99a-b2e3-4cbf-8a95-51d432a3b3e2,맑은내과외과의원,진료,종촌동골목형상점가,골목형상점가,세종특별자치시,,,
63a3d0131d561a4b1e04,full_annotation_v1,A,q_한의원_04,한방 진료,건강·의료 중 '한의원'을 판매·제공하는 매장,test,한의원,T2 동의어,767793a1-91d7-4eb5-a4ea-51be1ed75046,운암경희한의원,한방 의료 서비스,벽산황계로 골목형상점가,골목형상점가,광주광역시,,,
3d5f7a9d07328a7c5179,full_annotation_v1,A,q_한의원_04,한방 진료,건강·의료 중 '한의원'을 판매·제공하는 매장,test,한의원,T2 동의어,10ec5398-f28a-4373-9665-e1bd794cec13,동물병원숲,진료 용품,양산길 골목형상점가,골목형상점가,광주광역시,,,
4da3e0c4aea19b1f70f0,full_annotation_v1,A,q_한의원_04,한방 진료,건강·의료 중 '한의원'을 판매·제공하는 매장,test,한의원,T2 동의어,1f91b2a3-da32-4720-a636-e655e591d5bf,신성상회,자영업,안계정기시장,전통시장,경상북도,,,
f3d616143e0db74af191,full_annotation_v1,A,q_한의원_04,한방 진료,건강·의료 중 '한의원'을 판매·제공하는 매장,test,한의원,T2 동의어,cef0282b-777a-4200-a8d7-e2f725aed6ea,늘봄피부과의원,진료,운암휴튼2차 골목형상점가,골목형상점가,광주광역시,,,
a695773793f9e6ba036b,full_annotation_v1,A,q_한의원_04,한방 진료,건강·의료 중 '한의원'을 판매·제공하는 매장,test,한의원,T2 동의어,0532ce10-a52b-42cf-8bd4-5412db78e694,계룡산한의원,한방의료서비스,신도안면 골목형상점가,골목형상점가,충청남도,,,
a3e14b3e0d33822db454,full_annotation_v1,A,q_한의원_04,한방 진료,건강·의료 중 '한의원'을 판매·제공하는 매장,test,한의원,T2 동의어,7d73a86e-9a32-4c9e-993a-6d0ef2e41f10,귤림당한의원,한방 의료 서비스,죽전동 상생 골목형상점가,골목형상점가,경기도,,,
de1cc45348ef2502039f,full_annotation_v1,A,q_한의원_04,한방 진료,건강·의료 중 '한의원'을 판매·제공하는 매장,test,한의원,T2 동의어,9af9aac5-f87e-4a50-9a93-54df3046634d,러브미여성의원,진료,서문대로704번길 골목형상점가,골목형상점가,광주광역시,,,
8eb63fb38fe61e5ad34e,full_annotation_v1,A,q_한의원_04,한방 진료,건강·의료 중 '한의원'을 판매·제공하는 매장,test,한의원,T2 동의어,06275db0-3bc6-4cb2-b2d0-9c2172db74f9,장편한김용성내과,진료,산본로데오거리(구 산본중심상가),자율상권구역,경기도,,,
ab1b717ba5a4cc93d2ed,full_annotation_v1,A,q_한의원_04,한방 진료,건강·의료 중 '한의원'을 판매·제공하는 매장,test,한의원,T2 동의어,1c8a8990-c1c5-4b90-99a1-09919d081f9a,건강미현대웰빙의원,진료,광산 송2송2 골목형상점가,골목형상점가,광주광역시,,,
88277b4772a0e91418ac,full_annotation_v1,A,q_한의원_04,한방 진료,건강·의료 중 '한의원'을 판매·제공하는 매장,test,한의원,T2 동의어,0002538c-b8d9-4911-81c7-966789036b09,빛고을 치과의원,의원,세은 골목형상점가,골목형상점가,광주광역시,,,
7d0413beac8e82787837,full_annotation_v1,A,q_한의원_04,한방 진료,건강·의료 중 '한의원'을 판매·제공하는 매장,test,한의원,T2 동의어,035c1b8a-8efd-4448-a276-7b9c25dadd68,광명당약업사,한약재,금산국제인삼시장,전통시장,충청남도,,,
0dc01f26a70a07a0d68f,full_annotation_v1,A,q_한의원_04,한방 진료,건강·의료 중 '한의원'을 판매·제공하는 매장,test,한의원,T2 동의어,60ad01b8-f3ee-417c-ace6-d46bfd2167f3,최세미산부인과의원,진료,상무역4번출구상인회 골목형상점가,골목형상점가,광주광역시,,,
5655210dd4469cf6a055,full_annotation_v1,A,q_한의원_04,한방 진료,건강·의료 중 '한의원'을 판매·제공하는 매장,test,한의원,T2 동의어,52b57b52-98a2-436f-9e47-cb903d7ac23e,연세의원성형외과,성형외과의원,진주 로데오거리상점가,자율상권구역,경상남도,,,
81606f200fc5b722a73b,full_annotation_v1,A,q_한의원_04,한방 진료,건강·의료 중 '한의원'을 판매·제공하는 매장,test,한의원,T2 동의어,6500333d-e8ee-4930-b687-3e6cc7b501e0,8맥한의원,한방 서비스업,풍향골 골목형상점가,골목형상점가,광주광역시,,,
780f530f19823a2ead64,full_annotation_v1,A,q_한의원_04,한방 진료,건강·의료 중 '한의원'을 판매·제공하는 매장,test,한의원,T2 동의어,239c0fcf-ec40-4a20-a790-57ef66a057da,경희팔팔한의원,침 추나 공진단 다이어트,청량리청과물시장,전통시장,서울특별시,,,
28f123314603a8073c48,full_annotation_v1,A,q_한의원_04,한방 진료,건강·의료 중 '한의원'을 판매·제공하는 매장,test,한의원,T2 동의어,21429b19-7264-4746-840b-2340da0f634d,마릴린제이의원,진료,노형1 골목형상점가,골목형상점가,제주특별자치도,,,
38b77f982cb4688ba87b,full_annotation_v1,A,q_한의원_04,한방 진료,건강·의료 중 '한의원'을 판매·제공하는 매장,test,한의원,T2 동의어,0ab1eb9a-a600-4ac0-8ce5-615819efcf3f,차차한의원,한방,배방공수 골목형상점가,골목형상점가,충청남도,,,
a1c00775193c65161d78,full_annotation_v1,A,q_한의원_04,한방 진료,건강·의료 중 '한의원'을 판매·제공하는 매장,test,한의원,T2 동의어,df8d7646-14a0-4deb-a30c-dd00eeb5c48d,으뜸한의원,한방 의료서비스,인천모래내전통시장,전통시장,인천광역시,,,
8a081a0df114f0d68f9c,full_annotation_v1,A,q_한의원_04,한방 진료,건강·의료 중 '한의원'을 판매·제공하는 매장,test,한의원,T2 동의어,ada98dbd-1a5d-45a9-8c73-9420750a9a1a,청솔한의원,한방 의료,백년시장(구 강북종합전통시장),전통시장,서울특별시,,,
a5ae874d699815d5a2af,full_annotation_v1,A,q_한의원_04,한방 진료,건강·의료 중 '한의원'을 판매·제공하는 매장,test,한의원,T2 동의어,6a1d6b12-0e96-48d5-b17f-2f643f5996e2,대진전기,전기재료,덕정골목형상점가,골목형상점가,경기도,,,
5ee585bb377050382ae5,full_annotation_v1,A,q_한의원_04,한방 진료,건강·의료 중 '한의원'을 판매·제공하는 매장,test,한의원,T2 동의어,e2370ae7-c6bd-4c80-b26c-7d605debfbdf,우리마취통증의학과의원,진료,양산길 골목형상점가,골목형상점가,광주광역시,,,
6afeae0aa5f0cb955f39,full_annotation_v1,A,q_한의원_04,한방 진료,건강·의료 중 '한의원'을 판매·제공하는 매장,test,한의원,T2 동의어,c683ad41-07d3-45f7-ac34-b3f1c3cdbf5b,가로세로한의원,보건 한방 서비스,평촌1번가 상점가,자율상권구역,경기도,,,
7cd089470dc4e0ac7c73,full_annotation_v1,A,q_한의원_04,한방 진료,건강·의료 중 '한의원'을 판매·제공하는 매장,test,한의원,T2 동의어,e65625d1-031b-481e-9891-4aec84a9b008,풀잎한의원,한방,상대동 골목형상점가,골목형상점가,대전광역시,,,
e0009029af2cb79485db,full_annotation_v1,A,q_한의원_04,한방 진료,건강·의료 중 '한의원'을 판매·제공하는 매장,test,한의원,T2 동의어,6055ea95-cd1c-450c-9e83-ec86ab1ee470,운천한방병원,한방,운천테라스길상인회 골목형상점가,골목형상점가,광주광역시,,,
2ba64528d0f221496ff0,full_annotation_v1,A,q_한의원_04,한방 진료,건강·의료 중 '한의원'을 판매·제공하는 매장,test,한의원,T2 동의어,223d420a-c2e9-4c8a-89ef-54fddff796b9,예인한의원,한방,신금호역골목형상점가,골목형상점가,서울특별시,,,
ca1f044e17d8f6bdcd52,full_annotation_v1,A,q_한의원_04,한방 진료,건강·의료 중 '한의원'을 판매·제공하는 매장,test,한의원,T2 동의어,1e50326b-eda0-4bb7-99be-c68ab8ddb87b,샛별화장품,화장품,서산동부전통시장,전통시장,충청남도,,,
08ef1fdd7db088e43788,full_annotation_v1,A,q_한의원_04,한방 진료,건강·의료 중 '한의원'을 판매·제공하는 매장,test,한의원,T2 동의어,00681cee-2849-497b-b7d1-548576542ed2,풍암한의원,한의원,풍암벚꽃길상인회 골목형상점가,골목형상점가,광주광역시,,,
058b51a8a89e72b377fc,full_annotation_v1,A,q_한의원_04,한방 진료,건강·의료 중 '한의원'을 판매·제공하는 매장,test,한의원,T2 동의어,e45589c1-095b-414f-95d8-240b3f9f3029,메이동물병원,진료,남외번영 골목형상점가,골목형상점가,울산광역시,,,
80218579ae389307ad40,full_annotation_v1,A,q_한의원_04,한방 진료,건강·의료 중 '한의원'을 판매·제공하는 매장,test,한의원,T2 동의어,00523307-cc4c-4b0c-8b2f-176ca7450d24,오름한의원,한의원,아차산등산로골목형상점가,골목형상점가,서울특별시,,,
32c6189a908eb00c879e,full_annotation_v1,A,q_한의원_04,한방 진료,건강·의료 중 '한의원'을 판매·제공하는 매장,test,한의원,T2 동의어,00c44c1d-ee28-4fc2-a0f0-e3454de86603,준 한의원,한방의료서비스,첨단연신로 골목형상점가,골목형상점가,광주광역시,,,
349bd63fcd61bda4761a,full_annotation_v1,A,q_한의원_04,한방 진료,건강·의료 중 '한의원'을 판매·제공하는 매장,test,한의원,T2 동의어,3a1fd7b7-d52e-485e-8eca-d230de10868e,금강한의원,물리치료 부항 뜸 추나 약침 침치료 한약 보약,조치원중심가로상점가,자율상권구역,세종특별자치시,,,
ef75bc36fd53b9208293,full_annotation_v1,A,q_한의원_04,한방 진료,건강·의료 중 '한의원'을 판매·제공하는 매장,test,한의원,T2 동의어,936d2748-2052-4481-813a-b00d9dd17efb,스마트내과,진료,테크노밸리 골목형상점가,골목형상점가,대전광역시,,,
39c34fab5d6d7f388e07,full_annotation_v1,A,q_한의원_04,한방 진료,건강·의료 중 '한의원'을 판매·제공하는 매장,test,한의원,T2 동의어,b38124ed-5075-47c0-b370-77e56ec71f58,실로암안과,진료,내상로 골목형상점가,골목형상점가,광주광역시,,,
850f5b8d9938f780be56,full_annotation_v1,A,q_한의원_04,한방 진료,건강·의료 중 '한의원'을 판매·제공하는 매장,test,한의원,T2 동의어,1b9d865a-e1a3-4153-9e97-c457a4c8a335,골프존스카이,골프연습장,미금현대벤처빌시장,전통시장,경기도,,,
718bbf106eec46cb5d8a,full_annotation_v1,A,q_한의원_04,한방 진료,건강·의료 중 '한의원'을 판매·제공하는 매장,test,한의원,T2 동의어,02942ca3-7579-4db2-becb-fb2b1e71e633,보광한약방,한약방,내수전통시장,전통시장,충청북도,,,
891cd08931655bc746f8,full_annotation_v1,A,q_한의원_04,한방 진료,건강·의료 중 '한의원'을 판매·제공하는 매장,test,한의원,T2 동의어,af758da1-5460-4ef4-a90b-28c1dc2cea4b,곰돌이소아청소년과의원,진료,종촌동골목형상점가,골목형상점가,세종특별자치시,,,
936bccf617b5e0c47a7c,full_annotation_v1,A,q_한의원_04,한방 진료,건강·의료 중 '한의원'을 판매·제공하는 매장,test,한의원,T2 동의어,5ccaee76-eeca-44ed-8117-e8cef7af6bac,임산부인과의원,진료,내상로 골목형상점가,골목형상점가,광주광역시,,,
0a11f81c18aa9f23d60e,full_annotation_v1,A,q_한의원_04,한방 진료,건강·의료 중 '한의원'을 판매·제공하는 매장,test,한의원,T2 동의어,fb44d005-bcdd-4c5b-ba8d-33b0f2d6e08f,삼대 최한의원,진료,내상로 골목형상점가,골목형상점가,광주광역시,,,
5a9981ac62d111eb3d46,full_annotation_v1,A,q_한의원_04,한방 진료,건강·의료 중 '한의원'을 판매·제공하는 매장,test,한의원,T2 동의어,7cfe5466-d7e8-4ceb-89b7-40aec087825d,규림한방병원,양한방협진 진료,상무중앙상인회 골목형상점가,골목형상점가,광주광역시,,,
cff43a0178ab984edfec,full_annotation_v1,A,q_한의원_04,한방 진료,건강·의료 중 '한의원'을 판매·제공하는 매장,test,한의원,T2 동의어,909c6981-0f0f-4c00-bb46-ddcaef073a37,서울탑재활의학과,진료,산본로데오거리(구 산본중심상가),자율상권구역,경기도,,,
f2e8a578a50467ede656,full_annotation_v1,A,q_한의원_04,한방 진료,건강·의료 중 '한의원'을 판매·제공하는 매장,test,한의원,T2 동의어,2f761257-4534-4951-bb19-dcd29c5106b8,상원한의원,한방 의료,성서계대로데오거리 골목형상점가,골목형상점가,대구광역시,,,
63e143dd0b84575e0c98,full_annotation_v1,A,q_한의원_04,한방 진료,건강·의료 중 '한의원'을 판매·제공하는 매장,test,한의원,T2 동의어,50a5f05c-148f-4163-882e-fd8463713c5f,김범한의원,진료,성대전통시장,전통시장,서울특별시,,,
9e67188fb3260f2749f4,full_annotation_v1,A,q_한의원_04,한방 진료,건강·의료 중 '한의원'을 판매·제공하는 매장,test,한의원,T2 동의어,02b05ddb-3724-4a0c-b4ef-b9791576d5a0,산본한의원,한약,산본전통시장(구 군포산본시장),전통시장,경기도,,,
6bc6e53b8d54f79b2575,full_annotation_v1,A,q_한의원_04,한방 진료,건강·의료 중 '한의원'을 판매·제공하는 매장,test,한의원,T2 동의어,a1d4e7ec-266d-437e-b903-1fa3f28eb53c,자매당 한의원,한방 의료,송촌동상점가,자율상권구역,대전광역시,,,
402626883fa28a2a2869,full_annotation_v1,A,q_한의원_04,한방 진료,건강·의료 중 '한의원'을 판매·제공하는 매장,test,한의원,T2 동의어,2daa91f7-3795-476f-a96f-3574a4bf300f,남면한의원,진료 밎 약처방,양주신산시장마을상점가,골목형상점가,경기도,,,
8fc1310264286834d45b,full_annotation_v1,A,q_한의원_04,한방 진료,건강·의료 중 '한의원'을 판매·제공하는 매장,test,한의원,T2 동의어,b8ed4560-5eb0-4d1b-bf08-33b5ea5d9604,광덕힐한의원,한의 진료,힐스상인회 골목형상점가,골목형상점가,광주광역시,,,
4c30e09bc2325cec8f08,full_annotation_v1,A,q_한의원_04,한방 진료,건강·의료 중 '한의원'을 판매·제공하는 매장,test,한의원,T2 동의어,83227bae-2b7f-463d-8a71-d29d3ad701f3,망고,의류,서문시장2지구 종합상가,전통시장,대구광역시,,,
f8673fd639410f702f37,full_annotation_v1,A,q_한의원_04,한방 진료,건강·의료 중 '한의원'을 판매·제공하는 매장,test,한의원,T2 동의어,3d52c092-f90e-4cab-b989-c6cc7ccb56fd,블루빈스 양평군청점,커피,양평물맑은시장,전통시장,경기도,,,
371b59594675b7e23e6a,full_annotation_v1,A,q_한의원_04,한방 진료,건강·의료 중 '한의원'을 판매·제공하는 매장,test,한의원,T2 동의어,376215d9-9f90-472f-8716-c544a32367e2,문석재한의원,진료,봉선로1 골목형상점가,골목형상점가,광주광역시,,,
cb36c8a27499bcb98e76,full_annotation_v1,A,q_한의원_04,한방 진료,건강·의료 중 '한의원'을 판매·제공하는 매장,test,한의원,T2 동의어,b2d9d8d6-5146-40f4-bfd2-3fcb4b5ee49b,경희해인한의원,한방 치료 및 한약,동화동골목형상가,골목형상점가,서울특별시,,,
03ccbbd8c89fa355f3b1,full_annotation_v1,A,q_한의원_04,한방 진료,건강·의료 중 '한의원'을 판매·제공하는 매장,test,한의원,T2 동의어,320e4041-dac5-44b8-862c-78584a234ceb,본치과의원,치과 진료,장대동패션상가 골목형상점가,골목형상점가,대전광역시,,,
34744265982a1c740521,full_annotation_v1,A,q_한의원_04,한방 진료,건강·의료 중 '한의원'을 판매·제공하는 매장,test,한의원,T2 동의어,ff399551-3465-4e95-933a-d2542e9e3bd5,로안한의원,진료,반곡동행복 골목형상점가,골목형상점가,세종특별자치시,,,
aa976e73c77e69220a07,full_annotation_v1,A,q_한의원_04,한방 진료,건강·의료 중 '한의원'을 판매·제공하는 매장,test,한의원,T2 동의어,24c5cc99-7c21-4eda-9595-bbd8f4de5172,전승범치과의원,치과 진료 서비스,법원 앞 사과마을 골목형상점가,골목형상점가,광주광역시,,,
db8d563264b7f01822a0,full_annotation_v1,A,q_한의원_04,한방 진료,건강·의료 중 '한의원'을 판매·제공하는 매장,test,한의원,T2 동의어,a67889f9-8f50-456b-90fa-9226c4e70ee2,서울강남내과의원,진료,소사벌 골목형상점가,골목형상점가,경기도,,,
091da84268251d99074d,full_annotation_v1,A,q_한의원_04,한방 진료,건강·의료 중 '한의원'을 판매·제공하는 매장,test,한의원,T2 동의어,0cef68e6-a9bb-4eb8-99ab-b4358f961d8f,청송삼계탕,한식,녹색거리상점가,자율상권구역,경기도,,,
43a7e3ce8e5781a6ed63,full_annotation_v1,A,q_한의원_04,한방 진료,건강·의료 중 '한의원'을 판매·제공하는 매장,test,한의원,T2 동의어,ba331af3-3eea-43b3-a5b9-49fcaaf23d51,평택안립한의원,한의원 외래 진료,배다리저수지 골목형상점가,골목형상점가,경기도,,,
8a52d79692840bead072,full_annotation_v1,A,q_한의원_04,한방 진료,건강·의료 중 '한의원'을 판매·제공하는 매장,test,한의원,T2 동의어,3a43430b-9ea7-4bf0-ac62-81cec750b8cd,남양 닭 유통,"닭, 오리",남양시장골목형상점가,골목형상점가,경기도,,,
e00081c996f235071cd3,full_annotation_v1,A,q_한의원_04,한방 진료,건강·의료 중 '한의원'을 판매·제공하는 매장,test,한의원,T2 동의어,8e79cfa8-2bda-48ba-ba6e-ab648bfdd061,진주명품축산,식육,진주 논개시장,전통시장,경상남도,,,
ef08f52bf438c663c38f,full_annotation_v1,A,q_한의원_04,한방 진료,건강·의료 중 '한의원'을 판매·제공하는 매장,test,한의원,T2 동의어,04b3f97b-2da5-4d58-8ab5-c5e9f48061c5,새몸한의원,한의진료 한의의료시술 침 뜸 부항 물리요법 추나요법 약침 봉침 한약 등,봉선로1 골목형상점가,골목형상점가,광주광역시,,,
b129dff54f7c1d688464,full_annotation_v1,A,q_한의원_04,한방 진료,건강·의료 중 '한의원'을 판매·제공하는 매장,test,한의원,T2 동의어,ac4d9e62-9d13-45fd-be91-5a12a3224a1c,천지인한의원,한방 의료 서비스,서현센트럴상점,골목형상점가,경기도,,,
6cf5bc762d72a4eef113,full_annotation_v1,A,q_한의원_04,한방 진료,건강·의료 중 '한의원'을 판매·제공하는 매장,test,한의원,T2 동의어,1300efde-d4e8-4ce7-b2ee-b7ecd14d9d5a,리브베럴 필라테스 세종 아름점,필라테스,아름동상점가,자율상권구역,세종특별자치시,,,
eee930ff3cf55f0e3467,full_annotation_v1,A,q_한의원_04,한방 진료,건강·의료 중 '한의원'을 판매·제공하는 매장,test,한의원,T2 동의어,049687c2-f8a0-4684-a17f-fd57b7fb23f3,맞춤한의원,한방진료,새마을시장,전통시장,서울특별시,,,
022d9e71e2cdf9a5c4e3,full_annotation_v1,A,q_한의원_04,한방 진료,건강·의료 중 '한의원'을 판매·제공하는 매장,test,한의원,T2 동의어,07642cd2-da01-4c61-b136-9b7960b98e30,흙다방,한방차,을지로지하보도쇼핑센터,일반지하상점가,서울특별시,,,
4cf3b52a2dfe1df42d4d,full_annotation_v1,A,q_한의원_05,한약,건강·의료 중 '한의원'을 판매·제공하는 매장,test,한의원,T2 동의어,69134b99-20ec-459d-927b-df0c7097a8e4,안녕한약국,한약,신대지구상가,자율상권구역,,,,
4871e9cb5cdef1db2c4a,full_annotation_v1,A,q_한의원_05,한약,건강·의료 중 '한의원'을 판매·제공하는 매장,test,한의원,T2 동의어,7e986e52-5aa7-4cac-8f3b-43626d3be3bb,홍한의원,한약,호계중앙 골목형상점가,골목형상점가,울산광역시,,,
58a3fb2e9831c957eb14,full_annotation_v1,A,q_한의원_05,한약,건강·의료 중 '한의원'을 판매·제공하는 매장,test,한의원,T2 동의어,686b25b5-0779-4cf6-8e23-15f5c2bca86f,공개한약방,한약,익산황등시장,전통시장,전북특별자치도,,,
6df12a593d87b3ab8bf9,full_annotation_v1,A,q_한의원_05,한약,건강·의료 중 '한의원'을 판매·제공하는 매장,test,한의원,T2 동의어,c2e67340-e2e2-45dd-a106-6b7eec5f34ae,대화한의원,한약,대화역5번출구 골목형상점가,골목형상점가,경기도,,,
880ed0d352bffcb36a99,full_annotation_v1,A,q_한의원_05,한약,건강·의료 중 '한의원'을 판매·제공하는 매장,test,한의원,T2 동의어,b9ef696b-35dd-4405-b2d2-9bf1aa737280,경희가족한의원,한약,신봉동 온누리 골목형상점가,골목형상점가,경기도,,,
f11c24fabe288128b336,full_annotation_v1,A,q_한의원_05,한약,건강·의료 중 '한의원'을 판매·제공하는 매장,test,한의원,T2 동의어,54fd3711-3e02-4774-a0c3-e1c684edbeef,자인한약국,한약,도곡시장,자율상권구역,서울특별시,,,
4ad43bccb0b229f95490,full_annotation_v1,A,q_한의원_05,한약,건강·의료 중 '한의원'을 판매·제공하는 매장,test,한의원,T2 동의어,d0afecea-9794-41a9-a2ca-548040f3b2f9,대화한의원,한약,첨단동행 골목형상점가,골목형상점가,광주광역시,,,
f78768a0f832c6af2904,full_annotation_v1,A,q_한의원_05,한약,건강·의료 중 '한의원'을 판매·제공하는 매장,test,한의원,T2 동의어,bd23777e-7e85-475d-95c6-2b990e90087a,함소아한의원,한약,사리골상점가,자율상권구역,경기도,,,
8a4a09198764c9ae469d,full_annotation_v1,A,q_한의원_05,한약,건강·의료 중 '한의원'을 판매·제공하는 매장,test,한의원,T2 동의어,25b1dbf5-70a5-434d-a143-586afc424a93,중앙금방,시계 귀금속,순천원도심상점가,자율상권구역,전라남도,,,
89e3ba2201d984359b50,full_annotation_v1,A,q_한의원_05,한약,건강·의료 중 '한의원'을 판매·제공하는 매장,test,한의원,T2 동의어,02b05ddb-3724-4a0c-b4ef-b9791576d5a0,산본한의원,한약,산본전통시장(구 군포산본시장),전통시장,경기도,,,
8c5b747197bcce684c55,full_annotation_v1,A,q_한의원_05,한약,건강·의료 중 '한의원'을 판매·제공하는 매장,test,한의원,T2 동의어,9b4a524a-0b55-472c-8c59-671cf501a8eb,동남한약방,한약,남원공설시장,전통시장,전북특별자치도,,,
2a85d0d821e0b1cbf7ae,full_annotation_v1,A,q_한의원_05,한약,건강·의료 중 '한의원'을 판매·제공하는 매장,test,한의원,T2 동의어,64f7252a-fe33-487a-8ec9-6371e11b8ab1,바른한의원,한약,두암1동 골목형상점가,골목형상점가,광주광역시,,,
a85ca68e172ab8fa1bcc,full_annotation_v1,A,q_한의원_05,한약,건강·의료 중 '한의원'을 판매·제공하는 매장,test,한의원,T2 동의어,6c6270e3-0e75-4b8a-b0e0-eefdb0256faa,아이누리한의원,한약,신대지구상가,자율상권구역,전라남도,,,
b69e1c927708171effc8,full_annotation_v1,A,q_한의원_05,한약,건강·의료 중 '한의원'을 판매·제공하는 매장,test,한의원,T2 동의어,005be19f-78f9-455e-9516-5b6ada9b2f79,명주약업사,한약도매,학성새벽시장,전통시장,울산광역시,,,
06ba69305faed2ba2460,full_annotation_v1,A,q_한의원_05,한약,건강·의료 중 '한의원'을 판매·제공하는 매장,test,한의원,T2 동의어,e0b0ce3e-6bdb-4417-bfb5-32ac6f8bc7f3,서우정한의원,한약,종암북바위길골목형상점가,골목형상점가,서울특별시,,,
fc8dbf803ad01c02ff1f,full_annotation_v1,A,q_한의원_05,한약,건강·의료 중 '한의원'을 판매·제공하는 매장,test,한의원,T2 동의어,e60d4640-9499-44a4-953d-337e01fdef8c,최혁한의원,한약,서울약령시장,전통시장,서울특별시,,,
e45aae1e7477e875470d,full_annotation_v1,A,q_한의원_05,한약,건강·의료 중 '한의원'을 판매·제공하는 매장,test,한의원,T2 동의어,5f658ffc-0790-4f0f-a600-ad173c7b33c8,엘린 여수점,스포츠용품,흥국상가,자율상권구역,전라남도,,,
802974093ed16b46204e,full_annotation_v1,A,q_한의원_05,한약,건강·의료 중 '한의원'을 판매·제공하는 매장,test,한의원,T2 동의어,449d83ff-4892-49f0-9d66-0eaf4796b8a8,아이누리한의원,한약,신세계앞상인회 골목형상점가,골목형상점가,광주광역시,,,
70a2314bd4a4d1b52e0f,full_annotation_v1,A,q_한의원_05,한약,건강·의료 중 '한의원'을 판매·제공하는 매장,test,한의원,T2 동의어,3124ad74-d434-4dac-a09d-18732455ffb8,신성떡방앗간,떡,건천시장,전통시장,경상북도,,,
941c9afe3b6fb3baa914,full_annotation_v1,A,q_한의원_05,한약,건강·의료 중 '한의원'을 판매·제공하는 매장,test,한의원,T2 동의어,e073b061-6730-4505-87d2-3d900b19a31c,우리네코다리,한식,나성동 소방청 골목형상점가,골목형상점가,세종특별자치시,,,
c9c05c794125fc663da9,full_annotation_v1,A,q_한의원_05,한약,건강·의료 중 '한의원'을 판매·제공하는 매장,test,한의원,T2 동의어,3a1fd7b7-d52e-485e-8eca-d230de10868e,금강한의원,물리치료 부항 뜸 추나 약침 침치료 한약 보약,조치원중심가로상점가,자율상권구역,세종특별자치시,,,
0ecba932abcf46df2c4d,full_annotation_v1,A,q_한의원_05,한약,건강·의료 중 '한의원'을 판매·제공하는 매장,test,한의원,T2 동의어,2fb837a9-4e0a-41f5-a2c9-0b35b8008ff9,초목약업사,한약,대구약령시장,전통시장,대구광역시,,,
672d792e8dee36af0071,full_annotation_v1,A,q_한의원_05,한약,건강·의료 중 '한의원'을 판매·제공하는 매장,test,한의원,T2 동의어,5ca77ac8-62f6-40be-b3e6-c7f837f53600,해마로생닭,도소매(축산),고척근린시장,전통시장,서울특별시,,,
d8398a567649b57c53bf,full_annotation_v1,A,q_한의원_05,한약,건강·의료 중 '한의원'을 판매·제공하는 매장,test,한의원,T2 동의어,04b3f97b-2da5-4d58-8ab5-c5e9f48061c5,새몸한의원,한의진료 한의의료시술 침 뜸 부항 물리요법 추나요법 약침 봉침 한약 등,봉선로1 골목형상점가,골목형상점가,광주광역시,,,
e54de0184c0fc87ea343,full_annotation_v1,A,q_한의원_05,한약,건강·의료 중 '한의원'을 판매·제공하는 매장,test,한의원,T2 동의어,ecbe98ce-1358-4407-bba9-c9410165b497,해내봄한의원,한약,풍동온누리 골목형상점가,골목형상점가,경기도,,,
adde2b2ee0951fdd9ff1,full_annotation_v1,A,q_한의원_05,한약,건강·의료 중 '한의원'을 판매·제공하는 매장,test,한의원,T2 동의어,8e172075-9f3a-41c0-b634-8328e4d41c67,삼보한약방,한약,대구약령시장,전통시장,대구광역시,,,
29bb655f9e0012962be8,full_annotation_v1,A,q_한의원_05,한약,건강·의료 중 '한의원'을 판매·제공하는 매장,test,한의원,T2 동의어,0e6a13bf-1c27-4bb7-b894-5583957ffc0e,제일 풍경채 세탁소,세탁서비스,세종 반딧불 골목형상점가,골목형상점가,세종특별자치시,,,
9aa52aad1400c9585a76,full_annotation_v1,A,q_한의원_05,한약,건강·의료 중 '한의원'을 판매·제공하는 매장,test,한의원,T2 동의어,04f9066f-c1b4-478c-adb3-b0e2e0e5899f,이중열 한의원,한약,새미래 골목형상점가,골목형상점가,대전광역시,,,
225243ba44b84a0527ff,full_annotation_v1,A,q_한의원_05,한약,건강·의료 중 '한의원'을 판매·제공하는 매장,test,한의원,T2 동의어,0ab1eb9a-a600-4ac0-8ce5-615819efcf3f,차차한의원,한방,배방공수 골목형상점가,골목형상점가,충청남도,,,
3e29233620419efac77d,full_annotation_v1,A,q_한의원_05,한약,건강·의료 중 '한의원'을 판매·제공하는 매장,test,한의원,T2 동의어,9160b331-5959-425a-ad58-12b728aa2bab,홍제약업사,한약,대명시장,전통시장,대구광역시,,,
6e8b5ba32cb50e3f1c5d,full_annotation_v1,A,q_한의원_05,한약,건강·의료 중 '한의원'을 판매·제공하는 매장,test,한의원,T2 동의어,307608e1-fdfa-40d3-95d6-3064908b0a0d,성민건강원,한약,덕풍전통시장,전통시장,경기도,,,
08dbfec3d2774a18957c,full_annotation_v1,A,q_한의원_05,한약,건강·의료 중 '한의원'을 판매·제공하는 매장,test,한의원,T2 동의어,f92cc2f9-d0f1-4f91-b2a1-a750665ea2f4,명리본한약국,한약 및 한약제재,정자시장,전통시장,경기도,,,
24ccec7c03b02df8865e,full_annotation_v1,A,q_한의원_05,한약,건강·의료 중 '한의원'을 판매·제공하는 매장,test,한의원,T2 동의어,85239109-e1d7-458c-8b84-06c99b13f6bf,성우당,한약,운암 야구 골목형상점가,골목형상점가,광주광역시,,,
d906206bf8c279576a95,full_annotation_v1,A,q_한의원_05,한약,건강·의료 중 '한의원'을 판매·제공하는 매장,test,한의원,T2 동의어,07642cd2-da01-4c61-b136-9b7960b98e30,흙다방,한방차,을지로지하보도쇼핑센터,일반지하상점가,서울특별시,,,
f1fc29d049b065cdc65e,full_annotation_v1,A,q_한의원_05,한약,건강·의료 중 '한의원'을 판매·제공하는 매장,test,한의원,T2 동의어,d6ff5dbb-eab7-4654-bb1a-e2db2a24c7aa,홍익한의원,한약,남성역 골목시장,전통시장,서울특별시,,,
0083de04da1b25b003ee,full_annotation_v1,A,q_한의원_05,한약,건강·의료 중 '한의원'을 판매·제공하는 매장,test,한의원,T2 동의어,e2211ae9-dbbc-481e-ba72-c76422ae3485,라야보세(올네이션),보세,김제금만시장,전통시장,전북특별자치도,,,
3604c14498dfe4480004,full_annotation_v1,A,q_한의원_05,한약,건강·의료 중 '한의원'을 판매·제공하는 매장,test,한의원,T2 동의어,02942ca3-7579-4db2-becb-fb2b1e71e633,보광한약방,한약방,내수전통시장,전통시장,충청북도,,,
a26314ac66d8d47cb1d9,full_annotation_v1,A,q_한의원_05,한약,건강·의료 중 '한의원'을 판매·제공하는 매장,test,한의원,T2 동의어,00523307-cc4c-4b0c-8b2f-176ca7450d24,오름한의원,한의원,아차산등산로골목형상점가,골목형상점가,서울특별시,,,
b3494fb73e195f577eec,full_annotation_v1,A,q_한의원_05,한약,건강·의료 중 '한의원'을 판매·제공하는 매장,test,한의원,T2 동의어,18428c81-4a2f-42ab-a8fa-27d2bf5ed9ff,독도식당,음식,대인시장,전통시장,,,,
9c8529439aadbe828e5e,full_annotation_v1,A,q_한의원_05,한약,건강·의료 중 '한의원'을 판매·제공하는 매장,test,한의원,T2 동의어,0bc6e333-a324-46e5-aff1-baacdfe2d8a6,고려한의원,한약,조종시장,전통시장,경기도,,,
6e7efb93ec5e03a4fbf0,full_annotation_v1,A,q_한의원_05,한약,건강·의료 중 '한의원'을 판매·제공하는 매장,test,한의원,T2 동의어,25f49149-5f44-4822-9e08-7c1100f8a6a8,덕현당한약국,한약,서울약령시장,전통시장,서울특별시,,,
4f9441448889ccab4d1f,full_annotation_v1,A,q_한의원_05,한약,건강·의료 중 '한의원'을 판매·제공하는 매장,test,한의원,T2 동의어,412b2876-24e0-4cfe-905d-37deeaf01045,자연과한의원,한약,둔산2동 골목형상점가,골목형상점가,대전광역시,,,
0f47d7a04279a25f3a4c,full_annotation_v1,A,q_한의원_05,한약,건강·의료 중 '한의원'을 판매·제공하는 매장,test,한의원,T2 동의어,168fbaf2-6bb2-442e-b1bb-5b5edcf51d43,가온한의원,한약,어진동 골목형상점가,골목형상점가,세종특별자치시,,,
2146ee138acae8b0e406,full_annotation_v1,A,q_한의원_05,한약,건강·의료 중 '한의원'을 판매·제공하는 매장,test,한의원,T2 동의어,32e26112-f2cd-463d-93b5-4df82925755e,예로체한의원,한약,평촌1번가 상점가,자율상권구역,경기도,,,
9c1b534b39d30affc61f,full_annotation_v1,A,q_한의원_05,한약,건강·의료 중 '한의원'을 판매·제공하는 매장,test,한의원,T2 동의어,4dc01386-0de6-4107-af56-40ade4d748bc,송광한의원,한약,쌍용동 충무로1구역 골목형상점가,골목형상점가,충청남도,,,
9f38629c4c9c674752c9,full_annotation_v1,A,q_한의원_05,한약,건강·의료 중 '한의원'을 판매·제공하는 매장,test,한의원,T2 동의어,c3977a63-3b63-45b5-b884-eaaf5a500963,동명한의원,한약,낭월 빛담길 골목형상점가,골목형상점가,대전광역시,,,
70ec4f269b342aac6ad3,full_annotation_v1,A,q_한의원_05,한약,건강·의료 중 '한의원'을 판매·제공하는 매장,test,한의원,T2 동의어,0516ce0a-d7cb-470a-91a5-51cf4d0ae096,드레스샤바인,의류,마산 창동통합상가,자율상권구역,경상남도,,,
7aaa32003e0b413cf6d6,full_annotation_v1,A,q_한의원_05,한약,건강·의료 중 '한의원'을 판매·제공하는 매장,test,한의원,T2 동의어,00c44c1d-ee28-4fc2-a0f0-e3454de86603,준 한의원,한방의료서비스,첨단연신로 골목형상점가,골목형상점가,광주광역시,,,
0d7b399d4e13e6a928e0,full_annotation_v1,A,q_한의원_05,한약,건강·의료 중 '한의원'을 판매·제공하는 매장,test,한의원,T2 동의어,bfc511a9-5142-4d44-9251-bc86e6e425ac,명리한약국,한약,조원동상인연합회 골목형상점가,골목형상점가,경기도,,,
cf3f1d5fbe3db1663d9a,full_annotation_v1,A,q_한의원_05,한약,건강·의료 중 '한의원'을 판매·제공하는 매장,test,한의원,T2 동의어,122807e4-3643-49eb-aed7-8cbf5a1cad2f,제중한약방,한약,송림골 골목형상점가,골목형상점가,인천광역시,,,
26083c68e3aae60c2d5e,full_annotation_v1,A,q_한의원_05,한약,건강·의료 중 '한의원'을 판매·제공하는 매장,test,한의원,T2 동의어,bc558df4-fd5c-44b1-8315-d587ec50c1a2,자양88한의원,한약,이튼타워리버3차골목형상점가,골목형상점가,서울특별시,,,
42355908fbd9f2cb1300,full_annotation_v1,A,q_한의원_05,한약,건강·의료 중 '한의원'을 판매·제공하는 매장,test,한의원,T2 동의어,1d5ef05a-5585-4d1b-8236-8326ab80e365,세창GT,한약,서울약령시장,전통시장,서울특별시,,,
ee8b894f51b1f62a81eb,full_annotation_v1,A,q_한의원_05,한약,건강·의료 중 '한의원'을 판매·제공하는 매장,test,한의원,T2 동의어,7b52bc93-4d27-4df5-a281-14db9a8759d4,서울농약종묘사,농약,억지춘향시장(구 봉화춘향시장),전통시장,경상북도,,,
fe6e56bd34d9185e055b,full_annotation_v1,A,q_한의원_05,한약,건강·의료 중 '한의원'을 판매·제공하는 매장,test,한의원,T2 동의어,0002538c-b8d9-4911-81c7-966789036b09,빛고을 치과의원,의원,세은 골목형상점가,골목형상점가,광주광역시,,,
2da0bde201b1ac99053c,full_annotation_v1,A,q_한의원_05,한약,건강·의료 중 '한의원'을 판매·제공하는 매장,test,한의원,T2 동의어,b7039b3b-d43f-4a66-8b13-b1f210c622d4,한밭건강원,한약,산성시장,전통시장,대전광역시,,,
a1a7c13687911ae00b67,full_annotation_v1,A,q_한의원_05,한약,건강·의료 중 '한의원'을 판매·제공하는 매장,test,한의원,T2 동의어,7ad96b5e-c2da-40bf-a195-2bb7087b04c6,정도한약국,한약,청주육거리종합시장,전통시장,충청북도,,,
29272c8be41e2b1da0b7,full_annotation_v1,A,q_한의원_05,한약,건강·의료 중 '한의원'을 판매·제공하는 매장,test,한의원,T2 동의어,0056dcd4-0ac0-4535-9ee5-c8fd19d8ff14,중화한의원,한의원,보령한내시장,전통시장,충청남도,,,
85a4f3347167a935c62a,full_annotation_v1,A,q_한의원_05,한약,건강·의료 중 '한의원'을 판매·제공하는 매장,test,한의원,T2 동의어,cd9aad7b-92b9-47bd-aeb0-4c8ae05b7d0a,김혁한의원,한약,대남숨길 골목형상점가,골목형상점가,광주광역시,,,
a6ea51ad283d6103b9d2,full_annotation_v1,A,q_한의원_05,한약,건강·의료 중 '한의원'을 판매·제공하는 매장,test,한의원,T2 동의어,a1e5fe4c-1fd1-4027-9695-ee411c85ffe8,우리집한의원,한약,효행구봉담상점가,골목형상점가,경기도,,,
14cf227f8322f7e80dd5,full_annotation_v1,A,q_한의원_05,한약,건강·의료 중 '한의원'을 판매·제공하는 매장,test,한의원,T2 동의어,cf9cf5e8-5d01-4909-921b-3e7dc1da5abb,무등산한약방,한약,화운로상인회 골목형상점가,골목형상점가,광주광역시,,,
90d47152ad73e187c553,full_annotation_v1,A,q_한의원_05,한약,건강·의료 중 '한의원'을 판매·제공하는 매장,test,한의원,T2 동의어,966719c1-afbf-4818-8f0b-04386059fc22,강남지승재약선당한의원,한약,강남개포시장(구 개포2동중심상점가),자율상권구역,서울특별시,,,
a279667c64a10757a057,full_annotation_v1,A,q_한의원_05,한약,건강·의료 중 '한의원'을 판매·제공하는 매장,test,한의원,T2 동의어,e1d15e15-278a-4d35-9316-a830ee5fca25,탁 한의원,한약,마산어시장,전통시장,경상남도,,,
e99de0fdaaff64493335,full_annotation_v1,A,q_한의원_05,한약,건강·의료 중 '한의원'을 판매·제공하는 매장,test,한의원,T2 동의어,0f3a98a3-3d50-4298-83fd-27d77323eddb,신농씨한의원,한약,의왕예술의거리골목형상점가,골목형상점가,경기도,,,
c59581a148cc2027cb97,full_annotation_v1,A,q_한의원_05,한약,건강·의료 중 '한의원'을 판매·제공하는 매장,test,한의원,T2 동의어,df8730af-99de-4e4b-ad62-ad6d5bd4a4ab,조선제일한의원,한약,별내별가람역상점가,골목형상점가,경기도,,,
f98b7953b36b77a779a4,full_annotation_v1,A,q_한의원_05,한약,건강·의료 중 '한의원'을 판매·제공하는 매장,test,한의원,T2 동의어,e4bb53fc-508c-4738-9d19-3adbdc587129,충남한약방,한약,서천읍 군사리 골목형상점가,골목형상점가,충청남도,,,
8f19320999f249eab15d,full_annotation_v1,A,q_한의원_05,한약,건강·의료 중 '한의원'을 판매·제공하는 매장,test,한의원,T2 동의어,00681cee-2849-497b-b7d1-548576542ed2,풍암한의원,한의원,풍암벚꽃길상인회 골목형상점가,골목형상점가,광주광역시,,,
a419e2c6f708615329f7,full_annotation_v1,A,q_한의원_05,한약,건강·의료 중 '한의원'을 판매·제공하는 매장,test,한의원,T2 동의어,fb53dbaa-b26f-4004-9308-59543ea42e2f,자연과한의원,한약,상동역 골목형상점가,골목형상점가,경기도,,,
943ed9ca19e8de09a0c2,full_annotation_v1,A,q_한의원_05,한약,건강·의료 중 '한의원'을 판매·제공하는 매장,test,한의원,T2 동의어,9f0353d8-6795-492c-867e-ab01fe7acfbd,건보당건재도매한약,한약 식품,유성시장 골목형상점가,골목형상점가,대전광역시,,,
817a62909826e561a4b8,full_annotation_v1,A,q_한의원_05,한약,건강·의료 중 '한의원'을 판매·제공하는 매장,test,한의원,T2 동의어,63a56305-cbe2-4fca-af40-364a116fb622,상녹제약(주),한약,서울약령시장,전통시장,서울특별시,,,
f6884a79b3f6694610dc,full_annotation_v1,A,q_한의원_05,한약,건강·의료 중 '한의원'을 판매·제공하는 매장,test,한의원,T2 동의어,b98a170d-d5be-43d6-bfcf-af67ffe85729,흥환약업사,한약,경동시장,전통시장,서울특별시,,,
9bf36b7387168f309328,full_annotation_v1,A,q_한의원_05,한약,건강·의료 중 '한의원'을 판매·제공하는 매장,test,한의원,T2 동의어,6d8e2921-b4de-43dd-9e8b-1264ead7db05,대중약업사,한약,금산인삼약령시장,기타,충청남도,,,
66ca03dad4040447d7c6,full_annotation_v1,A,q_한의원_05,한약,건강·의료 중 '한의원'을 판매·제공하는 매장,test,한의원,T2 동의어,2f9a6b45-0466-4e20-9f05-d2643b357839,풍년제분소,방앗간,익산황등시장,전통시장,전북특별자치도,,,
d043fc12701c3f3688df,full_annotation_v1,A,q_한의원_05,한약,건강·의료 중 '한의원'을 판매·제공하는 매장,test,한의원,T2 동의어,309943ae-caf2-4a15-9754-2d693337ef3a,인화당한약,한약,공주산성시장,전통시장,충청남도,,,
03ce45602366f1110cea,full_annotation_v1,A,q_한의원_05,한약,건강·의료 중 '한의원'을 판매·제공하는 매장,test,한의원,T2 동의어,c1dd62c2-ac3f-434d-97b3-547d0dc8aee8,금산인삼청정건강원,한약,인왕시장,전통시장,서울특별시,,,
dd027133f00a75bc8ab6,full_annotation_v1,A,q_한의원_05,한약,건강·의료 중 '한의원'을 판매·제공하는 매장,test,한의원,T2 동의어,04a734bb-1790-4ecd-9398-2fd3359294d0,제일의원,진료,두암시장주변 골목형상점가,골목형상점가,광주광역시,,,
702d8f21570c5f734e2e,full_annotation_v1,A,q_한의원_05,한약,건강·의료 중 '한의원'을 판매·제공하는 매장,test,한의원,T2 동의어,049687c2-f8a0-4684-a17f-fd57b7fb23f3,맞춤한의원,한방진료,새마을시장,전통시장,서울특별시,,,
4ffcce4103e67536b54f,full_annotation_v1,A,q_한의원_05,한약,건강·의료 중 '한의원'을 판매·제공하는 매장,test,한의원,T2 동의어,56f12888-0fb6-414e-b9fe-0c1dba9a86d0,중국한의원,한약,충주자유시장,전통시장,충청북도,,,
28703c51b765ebfe8cac,full_annotation_v1,A,q_한의원_05,한약,건강·의료 중 '한의원'을 판매·제공하는 매장,test,한의원,T2 동의어,0665214d-9d55-4631-9a42-467b723c4ca6,동진한약국,한약,서방골 골목형상점가,골목형상점가,광주광역시,,,
4d7385d90c32d1c0dac3,full_annotation_v1,A,q_한의원_05,한약,건강·의료 중 '한의원'을 판매·제공하는 매장,test,한의원,T2 동의어,45446a5f-2f98-439f-b067-dea331950d6c,주식회사 승민수산,,자갈치시장,전통시장,부산광역시,,,
dc1a4888c4e818658981,full_annotation_v1,A,q_한의원_05,한약,건강·의료 중 '한의원'을 판매·제공하는 매장,test,한의원,T2 동의어,acc59174-9395-49d7-a3a7-7c0bb0e82019,남원지리산한약,한약,남원공설시장,전통시장,전북특별자치도,,,
57ffc9e4e43c9372aa4e,full_annotation_v1,A,q_한의원_05,한약,건강·의료 중 '한의원'을 판매·제공하는 매장,test,한의원,T2 동의어,0532ce10-a52b-42cf-8bd4-5412db78e694,계룡산한의원,한방의료서비스,신도안면 골목형상점가,골목형상점가,충청남도,,,
8aa7b4031b9c696f4276,full_annotation_v1,A,q_한의원_05,한약,건강·의료 중 '한의원'을 판매·제공하는 매장,test,한의원,T2 동의어,1c8a8990-c1c5-4b90-99a1-09919d081f9a,건강미현대웰빙의원,진료,광산 송2송2 골목형상점가,골목형상점가,광주광역시,,,
789bd503ff461570852a,full_annotation_v1,A,q_한의원_05,한약,건강·의료 중 '한의원'을 판매·제공하는 매장,test,한의원,T2 동의어,314efd9a-9eac-40db-bb94-4ba337751de4,계룡한의원,한약,엄사 골목형상점가,골목형상점가,충청남도,,,
540d820d3a31f7850555,full_annotation_v1,A,q_한의원_05,한약,건강·의료 중 '한의원'을 판매·제공하는 매장,test,한의원,T2 동의어,7cf1326d-e8e8-4076-809c-a16ded156e57,세종튼튼한의원,한약,대평동 골목형상점가,골목형상점가,세종특별자치시,,,
2570563ecb6edf9f5b41,full_annotation_v1,A,q_한의원_05,한약,건강·의료 중 '한의원'을 판매·제공하는 매장,test,한의원,T2 동의어,46ce71f7-7a26-4624-bda2-62e9781350e9,송림건강원,한약,영선신시장,전통시장,대구광역시,,,
6eb39e08d5e52a66ce52,full_annotation_v1,A,q_한의원_05,한약,건강·의료 중 '한의원'을 판매·제공하는 매장,test,한의원,T2 동의어,fa05ab88-2c04-48e3-abc9-3e8471ed2618,우리,아동복,남서상점가,자율상권구역,경상북도,,,
1f8b603d4b098e667ec8,full_annotation_v1,A,q_한의원_05,한약,건강·의료 중 '한의원'을 판매·제공하는 매장,test,한의원,T2 동의어,2cb1278b-43c2-4f28-b73f-795b3a5bf122,생일체질한의원,한약,관악신사시장,전통시장,서울특별시,,,
7eb27ac5d7cf68e0644e,full_annotation_v1,A,q_한의원_05,한약,건강·의료 중 '한의원'을 판매·제공하는 매장,test,한의원,T2 동의어,d0677ee5-2736-49b6-bbe6-6da99dec32e7,노송한약국,한약,전주중산공원 골목형상점가,골목형상점가,전북특별자치도,,,
c803e657d6e06dfd9b02,full_annotation_v1,A,q_한의원_05,한약,건강·의료 중 '한의원'을 판매·제공하는 매장,test,한의원,T2 동의어,ccc94f51-fa17-4fab-8d56-73f813dc9dc9,광명당한의원,한약,계림두산위브 골목형상점가,골목형상점가,광주광역시,,,
3e4c6b3a5b4e644f880e,full_annotation_v1,A,q_한의원_05,한약,건강·의료 중 '한의원'을 판매·제공하는 매장,test,한의원,T2 동의어,e83a0005-058a-4ec5-ac4c-a97fbcbd4c01,보건당 한약방,한약,오월첫동네 골목형상점가,골목형상점가,광주광역시,,,
896c5b70e55e90c41af3,full_annotation_v1,A,q_한의원_05,한약,건강·의료 중 '한의원'을 판매·제공하는 매장,test,한의원,T2 동의어,15b213eb-6c91-4d8d-b84e-218241ac7e4e,김천한약방,한약,대구약령시장,전통시장,대구광역시,,,
b6c0325e5e34926776d1,full_annotation_v1,A,q_한의원_05,한약,건강·의료 중 '한의원'을 판매·제공하는 매장,test,한의원,T2 동의어,0bfc31c5-0c38-4ac7-a325-90e7f19b7076,세일당,한약,반송큰시장,전통시장,부산광역시,,,
60c98069579557884a13,full_annotation_v1,A,q_한의원_05,한약,건강·의료 중 '한의원'을 판매·제공하는 매장,test,한의원,T2 동의어,44087e05-aece-4add-a727-5e0879527635,세솔한약국,한약,화운로상인회 골목형상점가,골목형상점가,광주광역시,,,
13174a368432ddfd4df1,full_annotation_v1,A,q_한의원_05,한약,건강·의료 중 '한의원'을 판매·제공하는 매장,test,한의원,T2 동의어,4455d0e0-166f-4b9b-81ab-6e37744f81fa,푸른솔한의원,한약,포항 지곡에드빌 골목형상점가,골목형상점가,경상북도,,,
c056c517f66d09436e44,full_annotation_v1,A,q_한의원_05,한약,건강·의료 중 '한의원'을 판매·제공하는 매장,test,한의원,T2 동의어,8d5d6d2e-d9ed-44e2-a9c2-d5f088dccf64,동현상회,건어물,해안로건어물상가시장,전통시장,,,,
36566f0e01f132dfdfb1,full_annotation_v1,A,q_한의원_05,한약,건강·의료 중 '한의원'을 판매·제공하는 매장,test,한의원,T2 동의어,b1543f8b-5efc-42df-a6c3-9c2f2010877f,원광한약국,한약,산본로데오거리(구 산본중심상가),자율상권구역,경기도,,,
9d28a28a5e1a38377f16,full_annotation_v1,A,q_한의원_05,한약,건강·의료 중 '한의원'을 판매·제공하는 매장,test,한의원,T2 동의어,d56bf876-8f9b-404c-920c-b776809ce869,다림한약방,한약,첨단이웃사랑 골목형상점가,골목형상점가,광주광역시,,,
c8a2c38098313ea66ed8,full_annotation_v1,A,q_한의원_05,한약,건강·의료 중 '한의원'을 판매·제공하는 매장,test,한의원,T2 동의어,00192f22-a492-4ba5-a62d-65bf0d0ec7b9,큰물한의원,한의원,전주서곡 골목형상점가,골목형상점가,전북특별자치도,,,
c6b33a17d4ab102626a6,full_annotation_v1,A,q_한의원_05,한약,건강·의료 중 '한의원'을 판매·제공하는 매장,test,한의원,T2 동의어,311fe361-1c87-4184-83af-5ccb5167d2ac,혜화당한약방,한약,정읍새암로상점가,자율상권구역,전북특별자치도,,,
dcaa2733773b7875114d,full_annotation_v1,A,q_한의원_05,한약,건강·의료 중 '한의원'을 판매·제공하는 매장,test,한의원,T2 동의어,e9e84d84-a75b-4385-b52f-19bffd69cdb9,킴스한약국,한약,벽산블루밍 골목형상점가,골목형상점가,광주광역시,,,
a7cead3eadc154ffdf23,full_annotation_v1,A,q_한의원_05,한약,건강·의료 중 '한의원'을 판매·제공하는 매장,test,한의원,T2 동의어,239c0fcf-ec40-4a20-a790-57ef66a057da,경희팔팔한의원,침 추나 공진단 다이어트,청량리청과물시장,전통시장,서울특별시,,,
3e58809aab5b3385b8b0,full_annotation_v1,A,q_한의원_05,한약,건강·의료 중 '한의원'을 판매·제공하는 매장,test,한의원,T2 동의어,2b75894b-8b46-4f4f-b687-8fd8d6bbafc8,장위건강원,한약,장위전통시장,전통시장,서울특별시,,,
afa1541f4cc617129523,full_annotation_v1,A,q_한의원_05,한약,건강·의료 중 '한의원'을 판매·제공하는 매장,test,한의원,T2 동의어,035c1b8a-8efd-4448-a276-7b9c25dadd68,광명당약업사,한약재,금산국제인삼시장,전통시장,충청남도,,,
a29781a1901b0eb9dd37,full_annotation_v1,A,q_한의원_05,한약,건강·의료 중 '한의원'을 판매·제공하는 매장,test,한의원,T2 동의어,cbc4e4fb-af3f-428c-92c4-700bb4a83679,들뫼풀한약국,한약,도마큰시장,전통시장,대전광역시,,,
301b9eed0b7ba9f0ffc9,full_annotation_v1,A,q_한의원_05,한약,건강·의료 중 '한의원'을 판매·제공하는 매장,test,한의원,T2 동의어,587f6146-f49b-401d-9200-c5a5633eaca6,수한의원,한약,신흥로데오거리상점가,골목형상점가,경기도,,,
04c54d68fe7ff9d2701e,full_annotation_v1,A,q_한의원_05,한약,건강·의료 중 '한의원'을 판매·제공하는 매장,test,한의원,T2 동의어,190b1c81-19bc-4b97-8470-aa29f19f8615,아산약업사,한약,대구약령시장,전통시장,대구광역시,,,
b497f9f70b5df8391c7c,full_annotation_v1,A,q_한의원_05,한약,건강·의료 중 '한의원'을 판매·제공하는 매장,test,한의원,T2 동의어,9f1ca1ea-5d3f-48c4-b484-b4f99a58e393,동서한의원,한약,학동 남문로 골목형상점가,골목형상점가,광주광역시,,,
d8fa267851ea3a9fcff1,full_annotation_v1,A,q_한의원_05,한약,건강·의료 중 '한의원'을 판매·제공하는 매장,test,한의원,T2 동의어,6e318b2c-e13c-4411-8e07-60e05a2ffa5f,시장밥집,한식,영덕시장,전통시장,경상북도,,,
24904fab4c453365b2fb,full_annotation_v1,A,q_한의원_05,한약,건강·의료 중 '한의원'을 판매·제공하는 매장,test,한의원,T2 동의어,26c25831-5ae7-49f8-9b08-51f1d81fb257,부뚜막반찬,김치 절임식품,영주골목시장,전통시장,경상북도,,,
9d37821cf78b2bd302b6,full_annotation_v1,A,q_한의원_05,한약,건강·의료 중 '한의원'을 판매·제공하는 매장,test,한의원,T2 동의어,1a0defb7-c84d-484d-a47d-19d95eac79d4,한민한의원,"한약, 침, 부항, 추나",괴정가장로 골목형상점가,골목형상점가,대전광역시,,,
18c2c240b52c9a19aacf,full_annotation_v1,A,q_한의원_05,한약,건강·의료 중 '한의원'을 판매·제공하는 매장,test,한의원,T2 동의어,cf53275c-3847-409d-b79e-b76beb156500,약손한의원,한약,진주 중앙상점가,자율상권구역,경상남도,,,
6b3eaa7d3bf6d8909289,full_annotation_v1,A,q_한의원_05,한약,건강·의료 중 '한의원'을 판매·제공하는 매장,test,한의원,T2 동의어,58834d23-fdef-451a-a757-37536e5e133a,베스트경희한의원,한약,천천중심상가 골목형상점가,골목형상점가,경기도,,,
0b8b9d2ddcdd5f10abfb,full_annotation_v1,A,q_한의원_05,한약,건강·의료 중 '한의원'을 판매·제공하는 매장,test,한의원,T2 동의어,20ad171b-58ef-440b-bd2e-15ac23775ce1,청담한의원,침 한약 약침 추나치료 등,화정한울타리상인회 골목형상점가,골목형상점가,광주광역시,,,
15dc27ac85d31e694567,full_annotation_v1,A,q_한의원_05,한약,건강·의료 중 '한의원'을 판매·제공하는 매장,test,한의원,T2 동의어,7609621c-5512-404a-a5d9-9fc5579b696a,원광한약국,한약,평촌1번가 상점가,자율상권구역,경기도,,,
d565432a907f5ce24498,full_annotation_v1,A,q_한의원_05,한약,건강·의료 중 '한의원'을 판매·제공하는 매장,test,한의원,T2 동의어,f3796fdc-bef7-42cf-9f67-ff844ec09443,신앤박한의원,한약,성당레미안이편한상가 골목형상점가,골목형상점가,대구광역시,,,
6502791c4c3bafe1e175,full_annotation_v1,A,q_한의원_05,한약,건강·의료 중 '한의원'을 판매·제공하는 매장,test,한의원,T2 동의어,06275db0-3bc6-4cb2-b2d0-9c2172db74f9,장편한김용성내과,진료,산본로데오거리(구 산본중심상가),자율상권구역,경기도,,,
e509369ea0bceef9f2a9,full_annotation_v1,A,q_한의원_05,한약,건강·의료 중 '한의원'을 판매·제공하는 매장,test,한의원,T2 동의어,27721878-e42f-49e9-a817-e52232034ffd,경희국보한약국,한약,대구약령시장,전통시장,대구광역시,,,
51f89afca4a7edab4ecd,full_annotation_v1,A,q_한의원_05,한약,건강·의료 중 '한의원'을 판매·제공하는 매장,test,한의원,T2 동의어,847c410b-58b9-4a94-be03-af2fd7097c05,영신당약국,한약,서울약령시장,전통시장,서울특별시,,,
d9f85d3c5a8f9ec2a148,full_annotation_v1,A,q_한의원_05,한약,건강·의료 중 '한의원'을 판매·제공하는 매장,test,한의원,T2 동의어,79e8e920-3ad3-41b0-8001-abc447e76ab1,조천약초,한약,동문공설시장,전통시장,제주특별자치도,,,
ff86e57f4ee52d6c9bb8,full_annotation_v1,A,q_한의원_06,침 맞는 곳,건강·의료 중 '한의원'을 판매·제공하는 매장,test,한의원,T4 구어·문장,02b05ddb-3724-4a0c-b4ef-b9791576d5a0,산본한의원,한약,산본전통시장(구 군포산본시장),전통시장,경기도,,,
779258c3a1291ff64f84,full_annotation_v1,A,q_한의원_06,침 맞는 곳,건강·의료 중 '한의원'을 판매·제공하는 매장,test,한의원,T4 구어·문장,65718c15-5553-49db-ad26-407ed78d49b3,오치부부한의원,한약 침 물리치료,우치서하로 골목형상점가,골목형상점가,광주광역시,,,
0be65502d1ed121f8d01,full_annotation_v1,A,q_한의원_06,침 맞는 곳,건강·의료 중 '한의원'을 판매·제공하는 매장,test,한의원,T4 구어·문장,952ec564-dd10-4c0a-8ece-d0de795d52b1,볼드,맞춤의류,대봉길 골목형상점가,골목형상점가,대구광역시,,,
9cf013e8d132c4749c2e,full_annotation_v1,A,q_한의원_06,침 맞는 곳,건강·의료 중 '한의원'을 판매·제공하는 매장,test,한의원,T4 구어·문장,8fe4b10f-09af-458b-93fc-3ca7a0aa4e04,김민우한의원,침 약침 봉침 부항 추나 왕뜸 한약 경옥고 공진단 다이어트한약,구매탄시장,전통시장,경기도,,,
09820a927f70f45567f0,full_annotation_v1,A,q_한의원_06,침 맞는 곳,건강·의료 중 '한의원'을 판매·제공하는 매장,test,한의원,T4 구어·문장,255bb940-e769-445c-90a7-84f490f7a432,평강한의원,침 뜸 한약,문흥1동 골목형상점가,골목형상점가,광주광역시,,,
8e606926edb66f1c0b83,full_annotation_v1,A,q_한의원_06,침 맞는 곳,건강·의료 중 '한의원'을 판매·제공하는 매장,test,한의원,T4 구어·문장,00681cee-2849-497b-b7d1-548576542ed2,풍암한의원,한의원,풍암벚꽃길상인회 골목형상점가,골목형상점가,광주광역시,,,
f110b6217ef29e412628,full_annotation_v1,A,q_한의원_06,침 맞는 곳,건강·의료 중 '한의원'을 판매·제공하는 매장,test,한의원,T4 구어·문장,fc5bb92f-62db-4ded-afbd-21c5b3d8f072,최한의원,한의원 진료 한약 침 부항 약침 추나요법,반석동 골목형상점가,골목형상점가,대전광역시,,,
3be1d917d536bbbef305,full_annotation_v1,A,q_한의원_06,침 맞는 곳,건강·의료 중 '한의원'을 판매·제공하는 매장,test,한의원,T4 구어·문장,928795db-38ab-431d-af89-7b6667688904,천비돈,일반음식,쌍촌로상인회 골목형상점가,골목형상점가,광주광역시,,,
5398a2d7fd2119d588ff,full_annotation_v1,A,q_한의원_06,침 맞는 곳,건강·의료 중 '한의원'을 판매·제공하는 매장,test,한의원,T4 구어·문장,2743811c-5e71-4d2b-aa75-1b0147d44f2d,사우 꽃이 피는 곳,꽃,김포 풍년마을 골목형상점가,골목형상점가,경기도,,,
334775789c78bdcd70bc,full_annotation_v1,A,q_한의원_06,침 맞는 곳,건강·의료 중 '한의원'을 판매·제공하는 매장,test,한의원,T4 구어·문장,005be19f-78f9-455e-9516-5b6ada9b2f79,명주약업사,한약도매,학성새벽시장,전통시장,울산광역시,,,
c21054b4fc270856ff54,full_annotation_v1,A,q_한의원_06,침 맞는 곳,건강·의료 중 '한의원'을 판매·제공하는 매장,test,한의원,T4 구어·문장,bd708a8b-f30b-4754-98b1-7ca5112dd92a,세종상신한의원,침 한약 물리치료,나성동 소방청 골목형상점가,골목형상점가,세종특별자치시,,,
a856780c19dbeb2faad3,full_annotation_v1,A,q_한의원_06,침 맞는 곳,건강·의료 중 '한의원'을 판매·제공하는 매장,test,한의원,T4 구어·문장,46ae3cda-00b2-47bd-b870-3e637d918431,바른부부한의원,한약 침 뜸 물리치료,빛가람 하나로 골목형상점가,골목형상점가,전라남도,,,
5b3f38051ae65b4c5bf0,full_annotation_v1,A,q_한의원_06,침 맞는 곳,건강·의료 중 '한의원'을 판매·제공하는 매장,test,한의원,T4 구어·문장,9baa9cb2-72af-421b-b453-e0881d824db0,원광부부한의원,한약 침 물리치료,광주송정역세권 상권활성화구역,상권활성화구역,광주광역시,,,
498cdfe257caea03b0e0,full_annotation_v1,A,q_한의원_06,침 맞는 곳,건강·의료 중 '한의원'을 판매·제공하는 매장,test,한의원,T4 구어·문장,04a734bb-1790-4ecd-9398-2fd3359294d0,제일의원,진료,두암시장주변 골목형상점가,골목형상점가,광주광역시,,,
27702cc7d764e2619134,full_annotation_v1,A,q_한의원_06,침 맞는 곳,건강·의료 중 '한의원'을 판매·제공하는 매장,test,한의원,T4 구어·문장,02942ca3-7579-4db2-becb-fb2b1e71e633,보광한약방,한약방,내수전통시장,전통시장,충청북도,,,
5581a11abd42050d4c10,full_annotation_v1,A,q_한의원_06,침 맞는 곳,건강·의료 중 '한의원'을 판매·제공하는 매장,test,한의원,T4 구어·문장,20ad171b-58ef-440b-bd2e-15ac23775ce1,청담한의원,침 한약 약침 추나치료 등,화정한울타리상인회 골목형상점가,골목형상점가,광주광역시,,,
0d84c48afa9273d367c9,full_annotation_v1,A,q_한의원_06,침 맞는 곳,건강·의료 중 '한의원'을 판매·제공하는 매장,test,한의원,T4 구어·문장,049687c2-f8a0-4684-a17f-fd57b7fb23f3,맞춤한의원,한방진료,새마을시장,전통시장,서울특별시,,,
a2b420ae567ed851d467,full_annotation_v1,A,q_한의원_06,침 맞는 곳,건강·의료 중 '한의원'을 판매·제공하는 매장,test,한의원,T4 구어·문장,ffe6bada-effb-42b1-b8bd-21e9bdcfdb12,일흥마트,잡화,역전시장,전통시장,충청남도,,,
d90faad921be9f8a8c37,full_annotation_v1,A,q_한의원_06,침 맞는 곳,건강·의료 중 '한의원'을 판매·제공하는 매장,test,한의원,T4 구어·문장,00523307-cc4c-4b0c-8b2f-176ca7450d24,오름한의원,한의원,아차산등산로골목형상점가,골목형상점가,서울특별시,,,
92894ef064570ede127f,full_annotation_v1,A,q_한의원_06,침 맞는 곳,건강·의료 중 '한의원'을 판매·제공하는 매장,test,한의원,T4 구어·문장,e0b9445b-c10a-484b-b3ac-520726f6b8b1,미르365한의원,침 한약,단대마트시장,전통시장,경기도,,,
e16ecfc18298fa06bcfa,full_annotation_v1,A,q_한의원_06,침 맞는 곳,건강·의료 중 '한의원'을 판매·제공하는 매장,test,한의원,T4 구어·문장,4de218da-6bdf-4163-a746-3946318f70d1,달구지막창 도담점,막창,도담동 골목형상점가,골목형상점가,세종특별자치시,,,
618a16f4b121180803a4,full_annotation_v1,A,q_한의원_06,침 맞는 곳,건강·의료 중 '한의원'을 판매·제공하는 매장,test,한의원,T4 구어·문장,a895df69-dc3a-48c6-98eb-78df1f2bd5f5,소생한의원,한약 침 물리치료,돈암시장,전통시장,서울특별시,,,
154a14b14b601566d78d,full_annotation_v1,A,q_한의원_06,침 맞는 곳,건강·의료 중 '한의원'을 판매·제공하는 매장,test,한의원,T4 구어·문장,024d0b82-1d54-4087-ad26-788a7d68fc71,자연주의와 산야초,농산물,천안중앙시장,전통시장,충청남도,,,
ae3f8f4183d2b12f8244,full_annotation_v1,A,q_한의원_06,침 맞는 곳,건강·의료 중 '한의원'을 판매·제공하는 매장,test,한의원,T4 구어·문장,ef09e0b6-b933-4d3f-b240-4a5e1ebfcd0a,바른누리치과의원,치과진료,효자4동 디딤돌 골목형상점가,골목형상점가,전북특별자치도,,,
718f9dd079056037348a,full_annotation_v1,A,q_한의원_06,침 맞는 곳,건강·의료 중 '한의원'을 판매·제공하는 매장,test,한의원,T4 구어·문장,91783d48-8993-4a8b-bc8f-a2723dd6b98b,경희허준한의원,한약처방 한방치료 통증치료 침 뜸 부항 물리치료 전침 추나 경옥고 공진단,대조시장,전통시장,서울특별시,,,
7a6a9503c8acb845117b,full_annotation_v1,A,q_한의원_06,침 맞는 곳,건강·의료 중 '한의원'을 판매·제공하는 매장,test,한의원,T4 구어·문장,1d77845d-88a6-41c6-921f-cea1f15149bd,오월 한의원,"한방의료 서비스, 한약, 침",산본로데오거리(구 산본중심상가),자율상권구역,경기도,,,
5b95acfe7112132dd5e4,full_annotation_v1,A,q_한의원_06,침 맞는 곳,건강·의료 중 '한의원'을 판매·제공하는 매장,test,한의원,T4 구어·문장,035c1b8a-8efd-4448-a276-7b9c25dadd68,광명당약업사,한약재,금산국제인삼시장,전통시장,충청남도,,,
e71064615a1a7fa5dd4f,full_annotation_v1,A,q_한의원_06,침 맞는 곳,건강·의료 중 '한의원'을 판매·제공하는 매장,test,한의원,T4 구어·문장,19b6e5db-5866-4752-afed-7fa0dc010f81,곳간,한식,태화십리대밭먹거리단지 상점가,자율상권구역,울산광역시,,,
9d4344b802c91c761324,full_annotation_v1,A,q_한의원_06,침 맞는 곳,건강·의료 중 '한의원'을 판매·제공하는 매장,test,한의원,T4 구어·문장,c0cc81b4-89ec-4a70-b6f7-089de1fd92a8,소소한곳,,양산 물금백호마을 골목형상점가,골목형상점가,경상남도,,,
726ae7cc01d5ffcb0432,full_annotation_v1,A,q_한의원_06,침 맞는 곳,건강·의료 중 '한의원'을 판매·제공하는 매장,test,한의원,T4 구어·문장,ae2d2108-e8f8-4145-a3f0-3d4f6794d769,경희 이촌 한의원,"침, 뜸, 한약 등",삼익 골목형상점가,골목형상점가,서울특별시,,,
2b1487a3e9a7e58710e3,full_annotation_v1,A,q_한의원_06,침 맞는 곳,건강·의료 중 '한의원'을 판매·제공하는 매장,test,한의원,T4 구어·문장,fba3b5b3-d093-43d1-b8c5-5ba2c65373e6,일맥한의원,한약 침 뜸 부항,평촌1번가 상점가,자율상권구역,경기도,,,
75bdb031aaca67e05aed,full_annotation_v1,A,q_한의원_06,침 맞는 곳,건강·의료 중 '한의원'을 판매·제공하는 매장,test,한의원,T4 구어·문장,4d8c30a8-0e16-4a72-9eed-e6a73dc23556,군침,한식,구갈상점가,자율상권구역,경기도,,,
729f81ccd4995337c922,full_annotation_v1,A,q_한의원_06,침 맞는 곳,건강·의료 중 '한의원'을 판매·제공하는 매장,test,한의원,T4 구어·문장,adb48ae6-17a4-4522-b46f-04ca377034a8,네오시스템,컴퓨터주변기기,전주전자상가(구 전주기린로전자상가),자율상권구역,전북특별자치도,,,
1b50f9cd1fcf0ef57c8f,full_annotation_v1,A,q_한의원_06,침 맞는 곳,건강·의료 중 '한의원'을 판매·제공하는 매장,test,한의원,T4 구어·문장,f82d09b9-80c6-47ba-a5cb-58e17911a039,김태희닥종이인형갤러리카페,카페,문화의거리 상점가,자율상권구역,울산광역시,,,
6c8f7d6a470fdce93119,full_annotation_v1,A,q_한의원_06,침 맞는 곳,건강·의료 중 '한의원'을 판매·제공하는 매장,test,한의원,T4 구어·문장,06275db0-3bc6-4cb2-b2d0-9c2172db74f9,장편한김용성내과,진료,산본로데오거리(구 산본중심상가),자율상권구역,경기도,,,
292e2c8c316feaf68f0a,full_annotation_v1,A,q_한의원_06,침 맞는 곳,건강·의료 중 '한의원'을 판매·제공하는 매장,test,한의원,T4 구어·문장,0002538c-b8d9-4911-81c7-966789036b09,빛고을 치과의원,의원,세은 골목형상점가,골목형상점가,광주광역시,,,
ac8d6068613aba35c035,full_annotation_v1,A,q_한의원_06,침 맞는 곳,건강·의료 중 '한의원'을 판매·제공하는 매장,test,한의원,T4 구어·문장,ba493149-68f2-4e9a-ae86-73ab73278ffe,스침,한식,산본로데오거리(구 산본중심상가),자율상권구역,경기도,,,
34b84d6d5d67dbe19e45,full_annotation_v1,A,q_한의원_06,침 맞는 곳,건강·의료 중 '한의원'을 판매·제공하는 매장,test,한의원,T4 구어·문장,842f6cf1-6411-4f4b-be23-746d79e31656,섬곳,한식,플레이사계 지오단길 골목형상점가,골목형상점가,제주특별자치도,,,
f2ff9425922bd0d6255e,full_annotation_v1,A,q_한의원_06,침 맞는 곳,건강·의료 중 '한의원'을 판매·제공하는 매장,test,한의원,T4 구어·문장,1b1d3853-233c-428c-b52a-8083f8e000d4,아트리 미술학원,교육,효자휴먼시아 골목형상점가,골목형상점가,전북특별자치도,,,
3fdb3ff69e93cba5e964,full_annotation_v1,A,q_한의원_06,침 맞는 곳,건강·의료 중 '한의원'을 판매·제공하는 매장,test,한의원,T4 구어·문장,0532ce10-a52b-42cf-8bd4-5412db78e694,계룡산한의원,한방의료서비스,신도안면 골목형상점가,골목형상점가,충청남도,,,
2c4db7f8c4ce335ff4c6,full_annotation_v1,A,q_한의원_06,침 맞는 곳,건강·의료 중 '한의원'을 판매·제공하는 매장,test,한의원,T4 구어·문장,203a7e62-47c5-404a-b50e-309a8e102521,김석제세한의원,침 한약,지석사거리 골목형상점가,골목형상점가,광주광역시,,,
d977bdeea258694c5e2c,full_annotation_v1,A,q_한의원_06,침 맞는 곳,건강·의료 중 '한의원'을 판매·제공하는 매장,test,한의원,T4 구어·문장,0056dcd4-0ac0-4535-9ee5-c8fd19d8ff14,중화한의원,한의원,보령한내시장,전통시장,충청남도,,,
2d1b7b5bed53068c1169,full_annotation_v1,A,q_한의원_06,침 맞는 곳,건강·의료 중 '한의원'을 판매·제공하는 매장,test,한의원,T4 구어·문장,be70519b-ca84-4e3e-b484-d6519e6d3e1d,경희 명 한의원,한약 침 치료 물리치료,푸른솔빛골목형상점가,골목형상점가,인천광역시,,,
ea3f8ff9358c708dd087,full_annotation_v1,A,q_한의원_06,침 맞는 곳,건강·의료 중 '한의원'을 판매·제공하는 매장,test,한의원,T4 구어·문장,9e3e0010-8a5d-4069-bd02-00b255b5a92f,안암부부한의원,침 추나 한약 물리치료,고대 골목형상점가,골목형상점가,서울특별시,,,
cad1fc1f0e862db35368,full_annotation_v1,A,q_한의원_06,침 맞는 곳,건강·의료 중 '한의원'을 판매·제공하는 매장,test,한의원,T4 구어·문장,fab50a52-4bd5-4df2-a12c-e4f195c70e95,태영명가한의원,침 뜸 부항 약침 한약 등 한방진료,봉선로1 골목형상점가,골목형상점가,광주광역시,,,
21cc47982a8480194a3a,full_annotation_v1,A,q_한의원_06,침 맞는 곳,건강·의료 중 '한의원'을 판매·제공하는 매장,test,한의원,T4 구어·문장,20e990e4-aaf3-4784-9ba0-caad51d06b23,곳간,한식,수완장덕 골목형상점가,골목형상점가,광주광역시,,,
64cac85a2838e59e47ac,full_annotation_v1,A,q_한의원_06,침 맞는 곳,건강·의료 중 '한의원'을 판매·제공하는 매장,test,한의원,T4 구어·문장,d42d8238-24e1-4737-92f7-bfd98b91df38,생기한의원,한방의료 침 약침 탕약,상무평화상인회 골목형상점가,골목형상점가,광주광역시,,,
724c5f1f77909947c29a,full_annotation_v1,A,q_한의원_06,침 맞는 곳,건강·의료 중 '한의원'을 판매·제공하는 매장,test,한의원,T4 구어·문장,1eaf6dc3-f0f0-4350-8341-9f6f4334b965,다소곳,옷,전주모래내시장,전통시장,전북특별자치도,,,
31a89290e4743e9d21dc,full_annotation_v1,A,q_한의원_06,침 맞는 곳,건강·의료 중 '한의원'을 판매·제공하는 매장,test,한의원,T4 구어·문장,7f4460d3-f2f8-41e8-940c-4ac8421e44fd,고향집,한식,아랫장,전통시장,전라남도,,,
aab5a35fedbe74227332,full_annotation_v1,A,q_한의원_06,침 맞는 곳,건강·의료 중 '한의원'을 판매·제공하는 매장,test,한의원,T4 구어·문장,04b3f97b-2da5-4d58-8ab5-c5e9f48061c5,새몸한의원,한의진료 한의의료시술 침 뜸 부항 물리요법 추나요법 약침 봉침 한약 등,봉선로1 골목형상점가,골목형상점가,광주광역시,,,
1133a03b3a06940802a3,full_annotation_v1,A,q_한의원_06,침 맞는 곳,건강·의료 중 '한의원'을 판매·제공하는 매장,test,한의원,T4 구어·문장,1c8a8990-c1c5-4b90-99a1-09919d081f9a,건강미현대웰빙의원,진료,광산 송2송2 골목형상점가,골목형상점가,광주광역시,,,
e61cf4f5c53aff81136b,full_annotation_v1,A,q_한의원_06,침 맞는 곳,건강·의료 중 '한의원'을 판매·제공하는 매장,test,한의원,T4 구어·문장,9631f0f0-91fe-4b49-88e5-daa7a58e9a52,광덕힐한의원,한방진료 침 뜸 부항 추나요법,힐스상인회 골목형상점가,골목형상점가,광주광역시,,,
1e8535333c8d4d62005e,full_annotation_v1,A,q_한의원_06,침 맞는 곳,건강·의료 중 '한의원'을 판매·제공하는 매장,test,한의원,T4 구어·문장,8cae8e4a-4881-49ac-8b26-8c116d027a19,365매일한의원,침 뜸 부항 약침 추나 감기약 소화제,삼천동제일 골목형상점가,골목형상점가,전북특별자치도,,,
3ea8f2d0838c698e2c4c,full_annotation_v1,A,q_한의원_06,침 맞는 곳,건강·의료 중 '한의원'을 판매·제공하는 매장,test,한의원,T4 구어·문장,76a3551b-dae4-4326-92cc-662015aedbfb,쉴 곳,한식,칠성로상점가,자율상권구역,제주특별자치도,,,
1d5ebb0a9bf782c84a7a,full_annotation_v1,A,q_한의원_06,침 맞는 곳,건강·의료 중 '한의원'을 판매·제공하는 매장,test,한의원,T4 구어·문장,110987cb-7ebc-4014-aa11-b1c84ae0bc72,약손한의원,침 한약,학운 골목형상점가,골목형상점가,광주광역시,,,
4e8676937a854b55e272,full_annotation_v1,A,q_한의원_06,침 맞는 곳,건강·의료 중 '한의원'을 판매·제공하는 매장,test,한의원,T4 구어·문장,6b2a6a7b-b304-4295-85a6-4c152904b55b,금맥한의원,한약 침,계양산전통시장,전통시장,인천광역시,,,
e73c00083873906940f7,full_annotation_v1,A,q_한의원_06,침 맞는 곳,건강·의료 중 '한의원'을 판매·제공하는 매장,test,한의원,T4 구어·문장,d4b70bf5-5839-4784-879a-6568dc87880d,미앤끼,미용실,서정리시장(서정시장),전통시장,경기도,,,
fe7860bcbfba4e3e7f4b,full_annotation_v1,A,q_한의원_06,침 맞는 곳,건강·의료 중 '한의원'을 판매·제공하는 매장,test,한의원,T4 구어·문장,00c44c1d-ee28-4fc2-a0f0-e3454de86603,준 한의원,한방의료서비스,첨단연신로 골목형상점가,골목형상점가,광주광역시,,,
ea313d1f39a8231c9722,full_annotation_v1,A,q_한의원_06,침 맞는 곳,건강·의료 중 '한의원'을 판매·제공하는 매장,test,한의원,T4 구어·문장,07642cd2-da01-4c61-b136-9b7960b98e30,흙다방,한방차,을지로지하보도쇼핑센터,일반지하상점가,서울특별시,,,
c9c311e2606ff344743d,full_annotation_v1,A,q_한의원_06,침 맞는 곳,건강·의료 중 '한의원'을 판매·제공하는 매장,test,한의원,T4 구어·문장,e3ef22f1-dd4f-45fb-94b3-e799925f9f27,본디올대치한의원,추나 약침 약 뜸 침 생태치유,은마종합상점가,자율상권구역,서울특별시,,,
ae02cd1523b3fc9ca378,full_annotation_v1,A,q_한의원_06,침 맞는 곳,건강·의료 중 '한의원'을 판매·제공하는 매장,test,한의원,T4 구어·문장,c111ac9d-3f3a-405c-a8db-4d127ccda9e2,행복이 있는 곳,잡화,제주로얄쇼핑센터,자율상권구역,제주특별자치도,,,
f3740623e21d51f0857f,full_annotation_v1,A,q_한의원_06,침 맞는 곳,건강·의료 중 '한의원'을 판매·제공하는 매장,test,한의원,T4 구어·문장,8f8061ef-03fc-4ac6-9e5a-b60a195f218e,헤어홀릭,미용,상무1동아파트상인회 골목형상점가,골목형상점가,광주광역시,,,
5461d60ffe720d5f2c5a,full_annotation_v1,A,q_한의원_06,침 맞는 곳,건강·의료 중 '한의원'을 판매·제공하는 매장,test,한의원,T4 구어·문장,99fb7b87-7b56-4b61-8efb-3bbbcacb1fc3,성보한의원,한약 침 한방의료행위,문정동로데오상점가,자율상권구역,서울특별시,,,
33e91277bb0eeb28aedb,full_annotation_v1,A,q_한의원_06,침 맞는 곳,건강·의료 중 '한의원'을 판매·제공하는 매장,test,한의원,T4 구어·문장,e151c203-8058-4084-869e-1f98752f7be2,옛날닭계장,한식,서정리시장(서정시장),전통시장,경기도,,,
bfcc1f44f0dbd6a38b95,full_annotation_v1,A,q_한의원_06,침 맞는 곳,건강·의료 중 '한의원'을 판매·제공하는 매장,test,한의원,T4 구어·문장,06261986-3eba-4244-b63f-397460d82f4a,이곳,미용,나주혁신도시 골목형상점가,골목형상점가,전라남도,,,
73e8d4788a3fd580139e,full_annotation_v1,A,q_한의원_06,침 맞는 곳,건강·의료 중 '한의원'을 판매·제공하는 매장,test,한의원,T4 구어·문장,be9f8c61-892c-48ed-a49d-b63bd032c025,소곳,의류,고투몰(강남터미널지하도상점가),일반지하상점가,서울특별시,,,
6085d847031a658b65ad,full_annotation_v1,A,q_한의원_06,침 맞는 곳,건강·의료 중 '한의원'을 판매·제공하는 매장,test,한의원,T4 구어·문장,b016a86c-b155-431d-8584-01500152702f,청심당한의원,"침, 한약",보람동 골목형상점가,골목형상점가,세종특별자치시,,,
7f68186f4afecdb4ddc2,full_annotation_v1,A,q_한의원_06,침 맞는 곳,건강·의료 중 '한의원'을 판매·제공하는 매장,test,한의원,T4 구어·문장,8d6dd566-cd78-4a9f-a5e8-cb7e50a25aca,남노갈비 서부시장점,일반음식점업,서부시장상점가(서부시장 통합),전통시장,전북특별자치도,,,
a4dce23e9e1915225b08,full_annotation_v1,A,q_한의원_06,침 맞는 곳,건강·의료 중 '한의원'을 판매·제공하는 매장,test,한의원,T4 구어·문장,af841040-0055-4f95-bbe1-b98bb9cf9b59,밀곳,제과,부평깡통시장(구 부산부평시장),전통시장,부산광역시,,,
8a92dcb65ea6823f7f35,full_annotation_v1,A,q_한의원_06,침 맞는 곳,건강·의료 중 '한의원'을 판매·제공하는 매장,test,한의원,T4 구어·문장,424f4d5c-c410-4e24-b513-4ebc8daa679a,금당한의원,건강보험 자동차보험 산재보험 침 뜸 한약 한의진료,상무1동아파트상인회 골목형상점가,골목형상점가,광주광역시,,,
eae4358a2ecd08921764,full_annotation_v1,A,q_한의원_06,침 맞는 곳,건강·의료 중 '한의원'을 판매·제공하는 매장,test,한의원,T4 구어·문장,00192f22-a492-4ba5-a62d-65bf0d0ec7b9,큰물한의원,한의원,전주서곡 골목형상점가,골목형상점가,전북특별자치도,,,
1a3bbeb557c6c7e99f8e,full_annotation_v1,A,q_한의원_06,침 맞는 곳,건강·의료 중 '한의원'을 판매·제공하는 매장,test,한의원,T4 구어·문장,1a0defb7-c84d-484d-a47d-19d95eac79d4,한민한의원,"한약, 침, 부항, 추나",괴정가장로 골목형상점가,골목형상점가,대전광역시,,,
526ce00de1a1d2865a11,full_annotation_v1,A,q_한의원_06,침 맞는 곳,건강·의료 중 '한의원'을 판매·제공하는 매장,test,한의원,T4 구어·문장,239c0fcf-ec40-4a20-a790-57ef66a057da,경희팔팔한의원,침 추나 공진단 다이어트,청량리청과물시장,전통시장,서울특별시,,,
6ce75e9aad736643a15c,full_annotation_v1,A,q_한의원_06,침 맞는 곳,건강·의료 중 '한의원'을 판매·제공하는 매장,test,한의원,T4 구어·문장,bce53aa0-100a-434c-b9b1-5ec13b9eda23,원앙금침,침구,발안만세시장(구 발안시장),전통시장,경기도,,,
52060c874c92cee2f17d,full_annotation_v1,A,q_한의원_06,침 맞는 곳,건강·의료 중 '한의원'을 판매·제공하는 매장,test,한의원,T4 구어·문장,3a1fd7b7-d52e-485e-8eca-d230de10868e,금강한의원,물리치료 부항 뜸 추나 약침 침치료 한약 보약,조치원중심가로상점가,자율상권구역,세종특별자치시,,,
f2c483d5a0c14cd07f85,full_annotation_v1,A,q_한의원_06,침 맞는 곳,건강·의료 중 '한의원'을 판매·제공하는 매장,test,한의원,T4 구어·문장,51516a28-5d7d-464e-aca9-f53dea7e1107,이응한의원,한약 침,보람동 골목형상점가,골목형상점가,세종특별자치시,,,
858d330f964ca3ffc1f2,full_annotation_v1,A,q_한의원_06,침 맞는 곳,건강·의료 중 '한의원'을 판매·제공하는 매장,test,한의원,T4 구어·문장,d6e70346-24fa-4b96-93f2-9792752aa257,최정우 한의원,한의원 침 구 한약,열매 골목형상점가,골목형상점가,대전광역시,,,
a683f6d78d5f926c93cd,full_annotation_v1,A,q_한의원_06,침 맞는 곳,건강·의료 중 '한의원'을 판매·제공하는 매장,test,한의원,T4 구어·문장,0ab1eb9a-a600-4ac0-8ce5-615819efcf3f,차차한의원,한방,배방공수 골목형상점가,골목형상점가,충청남도,,,
515ba2bf7b5c47ef5617,full_annotation_v1,A,q_한의원_06,침 맞는 곳,건강·의료 중 '한의원'을 판매·제공하는 매장,test,한의원,T4 구어·문장,c8b2d4cb-163c-41e4-ac53-02b6bc62c6f1,가디너,기타,제주중앙지하상가,일반지하상점가,제주특별자치도,,,
f52a935c0a5ee72a12b0,full_annotation_v1,A,q_한의원_06,침 맞는 곳,건강·의료 중 '한의원'을 판매·제공하는 매장,test,한의원,T4 구어·문장,a6c86c2b-ffe1-42cf-9f5c-5c6a0dc2da47,올인베이커리 세종도담점,빵류,도담동 골목형상점가,골목형상점가,세종특별자치시,,,
a8b240d520810006ff31,full_annotation_v1,A,q_한의원_06,침 맞는 곳,건강·의료 중 '한의원'을 판매·제공하는 매장,test,한의원,T4 구어·문장,9ef96bab-5f5f-4f83-a600-e7d336653705,간절곳 튀김,음식,반송큰시장,전통시장,부산광역시,,,
0aa31f304623f67158f7,full_annotation_v1,A,q_한의원_06,침 맞는 곳,건강·의료 중 '한의원'을 판매·제공하는 매장,test,한의원,T4 구어·문장,24456103-f6b8-46af-8655-82e61d7265d8,커피가 머무르는 곳,커피,반드레길골목형상점가,골목형상점가,서울특별시,,,
35fd4e56260535d362ca,full_annotation_v1,A,q_한의원_06,침 맞는 곳,건강·의료 중 '한의원'을 판매·제공하는 매장,test,한의원,T4 구어·문장,6ef862e1-6da2-4a0d-80c8-2990d29c70e2,남중상회,"이불, 한복",정읍우암로상점가,자율상권구역,전북특별자치도,,,
8bc5e51b855a8949ec36,full_annotation_v1,A,q_한의원_06,침 맞는 곳,건강·의료 중 '한의원'을 판매·제공하는 매장,test,한의원,T4 구어·문장,222693c0-8cd6-4b83-b9d7-e33585fc4144,경희본한의원,보건업 한의원 한약 침 뜸,첨단2지구 골목형상점가,골목형상점가,광주광역시,,,
b099d8170d5ad74d25f9,full_annotation_v1,A,q_한의원_06,침 맞는 곳,건강·의료 중 '한의원'을 판매·제공하는 매장,test,한의원,T4 구어·문장,6cc2aecf-ffb7-4413-8eae-225bb6fe6da4,연우당한의원,침 부항 추나 한약,남구로시장,전통시장,서울특별시,,,
de0a5893ff04a732947e,full_annotation_v1,A,q_한의원_07,한방 치료 받는 데,건강·의료 중 '한의원'을 판매·제공하는 매장,test,한의원,T4 구어·문장,aba76fc2-984e-4030-ba01-e2e7d78264c7,데 아로즈 대전둔산본점,,갈리단길 골목형상점가,골목형상점가,대전광역시,,,
726bac258b46a623599b,full_annotation_v1,A,q_한의원_07,한방 치료 받는 데,건강·의료 중 '한의원'을 판매·제공하는 매장,test,한의원,T4 구어·문장,7f72eae7-0092-43e4-b004-794cd232a40e,후생사 수산,수산물,중리시장,전통시장,대전광역시,,,
428d1ef01f8e87e5dbf5,full_annotation_v1,A,q_한의원_07,한방 치료 받는 데,건강·의료 중 '한의원'을 판매·제공하는 매장,test,한의원,T4 구어·문장,325720b6-5828-4908-9895-5a794cd37263,울엄마반찬,반찬,대전정원시장,전통시장,대전광역시,,,
a93b5ccf8a87fc941efc,full_annotation_v1,A,q_한의원_07,한방 치료 받는 데,건강·의료 중 '한의원'을 판매·제공하는 매장,test,한의원,T4 구어·문장,0532ce10-a52b-42cf-8bd4-5412db78e694,계룡산한의원,한방의료서비스,신도안면 골목형상점가,골목형상점가,충청남도,,,
e015c5bf737d392de567,full_annotation_v1,A,q_한의원_07,한방 치료 받는 데,건강·의료 중 '한의원'을 판매·제공하는 매장,test,한의원,T4 구어·문장,7bb72411-9f36-4541-ace9-c71a90c243cf,유진한의원,한의 진료 및 치료,온택트 괴정스마트 상권활성화구역,상권활성화구역,부산광역시,,,
8eb216b862be9e9a6bc6,full_annotation_v1,A,q_한의원_07,한방 치료 받는 데,건강·의료 중 '한의원'을 판매·제공하는 매장,test,한의원,T4 구어·문장,d02b1495-52ce-40fa-a9ad-a4673b74e9e8,송파마음한의원,치료,방이시장,전통시장,서울특별시,,,
58c48242219f44506a1b,full_annotation_v1,A,q_한의원_07,한방 치료 받는 데,건강·의료 중 '한의원'을 판매·제공하는 매장,test,한의원,T4 구어·문장,02b05ddb-3724-4a0c-b4ef-b9791576d5a0,산본한의원,한약,산본전통시장(구 군포산본시장),전통시장,경기도,,,
2e14ba2c0a96a5d8fb18,full_annotation_v1,A,q_한의원_07,한방 치료 받는 데,건강·의료 중 '한의원'을 판매·제공하는 매장,test,한의원,T4 구어·문장,76427b7f-377c-447e-87d0-ccb9d8418d66,하삼동커피 지곡점,커피,효자시장,전통시장,경상북도,,,
f0298d9319ddd44fd04b,full_annotation_v1,A,q_한의원_07,한방 치료 받는 데,건강·의료 중 '한의원'을 판매·제공하는 매장,test,한의원,T4 구어·문장,00523307-cc4c-4b0c-8b2f-176ca7450d24,오름한의원,한의원,아차산등산로골목형상점가,골목형상점가,서울특별시,,,
3b6db99f17220f1091fb,full_annotation_v1,A,q_한의원_07,한방 치료 받는 데,건강·의료 중 '한의원'을 판매·제공하는 매장,test,한의원,T4 구어·문장,7a6892db-c3f0-4b13-b5e8-8c295087f109,토브ABA아동발달연구소,상담 치료,신안교 골목형상점가,골목형상점가,광주광역시,,,
b45240ff7b2bb7d6d271,full_annotation_v1,A,q_한의원_07,한방 치료 받는 데,건강·의료 중 '한의원'을 판매·제공하는 매장,test,한의원,T4 구어·문장,c368224a-ba58-4513-a3ba-570d0d3d20a8,동양찻집 평촌학원가점,한방 찻집,귀인동먹거리촌 골목형상점가,골목형상점가,경기도,,,
44fd9b7abfa8f3efdffa,full_annotation_v1,A,q_한의원_07,한방 치료 받는 데,건강·의료 중 '한의원'을 판매·제공하는 매장,test,한의원,T4 구어·문장,1c8a8990-c1c5-4b90-99a1-09919d081f9a,건강미현대웰빙의원,진료,광산 송2송2 골목형상점가,골목형상점가,광주광역시,,,
0d581b4f224a71c0b131,full_annotation_v1,A,q_한의원_07,한방 치료 받는 데,건강·의료 중 '한의원'을 판매·제공하는 매장,test,한의원,T4 구어·문장,00192f22-a492-4ba5-a62d-65bf0d0ec7b9,큰물한의원,한의원,전주서곡 골목형상점가,골목형상점가,전북특별자치도,,,
a8282b7e3ff8c5eab690,full_annotation_v1,A,q_한의원_07,한방 치료 받는 데,건강·의료 중 '한의원'을 판매·제공하는 매장,test,한의원,T4 구어·문장,e78759b1-9e3d-4a7e-a652-7fd556689ee3,월드유통,생활용품 및 식료품,포항 대이상가 골목형상점가,골목형상점가,경상북도,,,
afa624c422fe608e8cd0,full_annotation_v1,A,q_한의원_07,한방 치료 받는 데,건강·의료 중 '한의원'을 판매·제공하는 매장,test,한의원,T4 구어·문장,aa936541-d9bc-4616-9c06-83df36ba719c,빵이가득한집,빵,석바위시장,전통시장,인천광역시,,,
ad7572a5c2eadec906b4,full_annotation_v1,A,q_한의원_07,한방 치료 받는 데,건강·의료 중 '한의원'을 판매·제공하는 매장,test,한의원,T4 구어·문장,c7042c3b-c16f-4550-ae16-ce85f23a380e,미담가,돼지고기,선교지구 골목형상점가,골목형상점가,광주광역시,,,
669683f88cda30838fee,full_annotation_v1,A,q_한의원_07,한방 치료 받는 데,건강·의료 중 '한의원'을 판매·제공하는 매장,test,한의원,T4 구어·문장,8e6fca1e-3f2a-41ea-b1fc-73c038a34130,역전할머니맥주 마산산호점,일반음식점,마산 산호동야구장상점가,자율상권구역,경상남도,,,
cdd640db55f781b47b5e,full_annotation_v1,A,q_한의원_07,한방 치료 받는 데,건강·의료 중 '한의원'을 판매·제공하는 매장,test,한의원,T4 구어·문장,1a0defb7-c84d-484d-a47d-19d95eac79d4,한민한의원,"한약, 침, 부항, 추나",괴정가장로 골목형상점가,골목형상점가,대전광역시,,,
e3cd4c9f6939566f90e1,full_annotation_v1,A,q_한의원_07,한방 치료 받는 데,건강·의료 중 '한의원'을 판매·제공하는 매장,test,한의원,T4 구어·문장,049687c2-f8a0-4684-a17f-fd57b7fb23f3,맞춤한의원,한방진료,새마을시장,전통시장,서울특별시,,,
88881a9dd826aaad754d,full_annotation_v1,A,q_한의원_07,한방 치료 받는 데,건강·의료 중 '한의원'을 판매·제공하는 매장,test,한의원,T4 구어·문장,6500333d-e8ee-4930-b687-3e6cc7b501e0,8맥한의원,한방 서비스업,풍향골 골목형상점가,골목형상점가,광주광역시,,,
b37852f197e631896536,full_annotation_v1,A,q_한의원_07,한방 치료 받는 데,건강·의료 중 '한의원'을 판매·제공하는 매장,test,한의원,T4 구어·문장,223d420a-c2e9-4c8a-89ef-54fddff796b9,예인한의원,한방,신금호역골목형상점가,골목형상점가,서울특별시,,,
ef725ddf93eca05e0789,full_annotation_v1,A,q_한의원_07,한방 치료 받는 데,건강·의료 중 '한의원'을 판매·제공하는 매장,test,한의원,T4 구어·문장,6b8f2fbb-e8cd-456e-bb64-df80d823ebf1,한방녹차족발,,수영팔도시장(구 수영팔도상가시장),전통시장,부산광역시,,,
67ec2673a5994cc1355c,full_annotation_v1,A,q_한의원_07,한방 치료 받는 데,건강·의료 중 '한의원'을 판매·제공하는 매장,test,한의원,T4 구어·문장,20ad171b-58ef-440b-bd2e-15ac23775ce1,청담한의원,침 한약 약침 추나치료 등,화정한울타리상인회 골목형상점가,골목형상점가,광주광역시,,,
e437f83ff2bcbd21b86a,full_annotation_v1,A,q_한의원_07,한방 치료 받는 데,건강·의료 중 '한의원'을 판매·제공하는 매장,test,한의원,T4 구어·문장,0ab1eb9a-a600-4ac0-8ce5-615819efcf3f,차차한의원,한방,배방공수 골목형상점가,골목형상점가,충청남도,,,
20e724c9308aed493109,full_annotation_v1,A,q_한의원_07,한방 치료 받는 데,건강·의료 중 '한의원'을 판매·제공하는 매장,test,한의원,T4 구어·문장,005be19f-78f9-455e-9516-5b6ada9b2f79,명주약업사,한약도매,학성새벽시장,전통시장,울산광역시,,,
ac54891f398c1c2f7870,full_annotation_v1,A,q_한의원_07,한방 치료 받는 데,건강·의료 중 '한의원'을 판매·제공하는 매장,test,한의원,T4 구어·문장,8ade8d6f-038b-4472-8a34-532976711ea2,개미포차,간이음식,하남 골목형상점가,골목형상점가,광주광역시,,,
e774dca0cb3ea9e36dbc,full_annotation_v1,A,q_한의원_07,한방 치료 받는 데,건강·의료 중 '한의원'을 판매·제공하는 매장,test,한의원,T4 구어·문장,9b45ea57-5c5a-45d9-99b7-8ba084be667d,제이피아노하우스(J Piano Haus),음악교육,운암 다정 골목형상점가,골목형상점가,광주광역시,,,
28eb413c830cfaafe6a2,full_annotation_v1,A,q_한의원_07,한방 치료 받는 데,건강·의료 중 '한의원'을 판매·제공하는 매장,test,한의원,T4 구어·문장,c38ff071-a83d-46fe-b765-749026e7a82b,으뜸50안경포항이동점,안경 및 콘택트렌즈,포항 대이상가 골목형상점가,골목형상점가,경상북도,,,
0a96c12089a875e2baf1,full_annotation_v1,A,q_한의원_07,한방 치료 받는 데,건강·의료 중 '한의원'을 판매·제공하는 매장,test,한의원,T4 구어·문장,04a734bb-1790-4ecd-9398-2fd3359294d0,제일의원,진료,두암시장주변 골목형상점가,골목형상점가,광주광역시,,,
2c859003ab92fc82f059,full_annotation_v1,A,q_한의원_07,한방 치료 받는 데,건강·의료 중 '한의원'을 판매·제공하는 매장,test,한의원,T4 구어·문장,02942ca3-7579-4db2-becb-fb2b1e71e633,보광한약방,한약방,내수전통시장,전통시장,충청북도,,,
b71d9e97060fc57e79e2,full_annotation_v1,A,q_한의원_07,한방 치료 받는 데,건강·의료 중 '한의원'을 판매·제공하는 매장,test,한의원,T4 구어·문장,857c1d41-faec-4719-99f8-a304c3bd1aa5,미소발달상담센터,치료 및 상담,보람동 골목형상점가,골목형상점가,세종특별자치시,,,
9be073cb9deb885be5b4,full_annotation_v1,A,q_한의원_07,한방 치료 받는 데,건강·의료 중 '한의원'을 판매·제공하는 매장,test,한의원,T4 구어·문장,239c0fcf-ec40-4a20-a790-57ef66a057da,경희팔팔한의원,침 추나 공진단 다이어트,청량리청과물시장,전통시장,서울특별시,,,
8f02bd3a7a23efc1ed7a,full_annotation_v1,A,q_한의원_07,한방 치료 받는 데,건강·의료 중 '한의원'을 판매·제공하는 매장,test,한의원,T4 구어·문장,be70519b-ca84-4e3e-b484-d6519e6d3e1d,경희 명 한의원,한약 침 치료 물리치료,푸른솔빛골목형상점가,골목형상점가,인천광역시,,,
2752467d69db6de50613,full_annotation_v1,A,q_한의원_07,한방 치료 받는 데,건강·의료 중 '한의원'을 판매·제공하는 매장,test,한의원,T4 구어·문장,94cf51e5-ddbf-4899-b9c0-5f878d09bc88,서울로하스치과의원,보건업 치과 치료,용정 골목형상점가,골목형상점가,대전광역시,,,
4014d17af211f3b26d5d,full_annotation_v1,A,q_한의원_07,한방 치료 받는 데,건강·의료 중 '한의원'을 판매·제공하는 매장,test,한의원,T4 구어·문장,0002538c-b8d9-4911-81c7-966789036b09,빛고을 치과의원,의원,세은 골목형상점가,골목형상점가,광주광역시,,,
d60cd6c33477f0716688,full_annotation_v1,A,q_한의원_07,한방 치료 받는 데,건강·의료 중 '한의원'을 판매·제공하는 매장,test,한의원,T4 구어·문장,d121e15f-dff6-4157-99f0-e3a20442838b,경희용운한의원,치료,용운시장,전통시장,대전광역시,,,
44c192eb2cd420bfd38b,full_annotation_v1,A,q_한의원_07,한방 치료 받는 데,건강·의료 중 '한의원'을 판매·제공하는 매장,test,한의원,T4 구어·문장,ac4d9e62-9d13-45fd-be91-5a12a3224a1c,천지인한의원,한방 의료 서비스,서현센트럴상점,골목형상점가,경기도,,,
a45f6bfb7e351352cd24,full_annotation_v1,A,q_한의원_07,한방 치료 받는 데,건강·의료 중 '한의원'을 판매·제공하는 매장,test,한의원,T4 구어·문장,a1d4e7ec-266d-437e-b903-1fa3f28eb53c,자매당 한의원,한방 의료,송촌동상점가,자율상권구역,대전광역시,,,
03b371b91eedb0cc2088,full_annotation_v1,A,q_한의원_07,한방 치료 받는 데,건강·의료 중 '한의원'을 판매·제공하는 매장,test,한의원,T4 구어·문장,33a37059-0553-4b05-8841-566dee88e39f,마루놀이언어발달센터,상담 및 치료,빛가람 로데오 골목형상점가,골목형상점가,전라남도,,,
7cc6d53bfb3224e89962,full_annotation_v1,A,q_한의원_07,한방 치료 받는 데,건강·의료 중 '한의원'을 판매·제공하는 매장,test,한의원,T4 구어·문장,f14df4d3-9858-4a8b-8597-20fd477d8e32,갤러리 데 루치아,가구,용인어정가구단지상점가,자율상권구역,경기도,,,
8fee8f3ad20094dd986f,full_annotation_v1,A,q_한의원_07,한방 치료 받는 데,건강·의료 중 '한의원'을 판매·제공하는 매장,test,한의원,T4 구어·문장,8247cda2-ec1c-4a82-bc07-facbdaf6324b,하이 모바일,,남포지하도상가,일반지하상점가,부산광역시,,,
6c8e0d837e24dc3b4921,full_annotation_v1,A,q_한의원_07,한방 치료 받는 데,건강·의료 중 '한의원'을 판매·제공하는 매장,test,한의원,T4 구어·문장,b8449cfe-9baf-4659-90be-536243fc5b42,세종365치과의원,치과질환검진 및 치료,나성중앙 골목형상점가,골목형상점가,세종특별자치시,,,
fc2fdbb71377e3df24cd,full_annotation_v1,A,q_한의원_07,한방 치료 받는 데,건강·의료 중 '한의원'을 판매·제공하는 매장,test,한의원,T4 구어·문장,3a1fd7b7-d52e-485e-8eca-d230de10868e,금강한의원,물리치료 부항 뜸 추나 약침 침치료 한약 보약,조치원중심가로상점가,자율상권구역,세종특별자치시,,,
bec0b57c9fb7d852a827,full_annotation_v1,A,q_한의원_07,한방 치료 받는 데,건강·의료 중 '한의원'을 판매·제공하는 매장,test,한의원,T4 구어·문장,00c44c1d-ee28-4fc2-a0f0-e3454de86603,준 한의원,한방의료서비스,첨단연신로 골목형상점가,골목형상점가,광주광역시,,,
8d261b717c5c6a52b484,full_annotation_v1,A,q_한의원_07,한방 치료 받는 데,건강·의료 중 '한의원'을 판매·제공하는 매장,test,한의원,T4 구어·문장,471522f2-c140-4a98-867d-5abda2f03f58,베스트한방병원,치료,금화로상인회 골목형상점가,골목형상점가,광주광역시,,,
80ebdf064ca59fb9ffdd,full_annotation_v1,A,q_한의원_07,한방 치료 받는 데,건강·의료 중 '한의원'을 판매·제공하는 매장,test,한의원,T4 구어·문장,8b344b54-0e93-4b73-9aa2-4449571e7f33,경산일침한의원,한의원 치료,경산중앙로상점가,자율상권구역,경상북도,,,
f58f18ab65915bb32f20,full_annotation_v1,A,q_한의원_07,한방 치료 받는 데,건강·의료 중 '한의원'을 판매·제공하는 매장,test,한의원,T4 구어·문장,07642cd2-da01-4c61-b136-9b7960b98e30,흙다방,한방차,을지로지하보도쇼핑센터,일반지하상점가,서울특별시,,,
d6d281914d2b4891155d,full_annotation_v1,A,q_한의원_07,한방 치료 받는 데,건강·의료 중 '한의원'을 판매·제공하는 매장,test,한의원,T4 구어·문장,767793a1-91d7-4eb5-a4ea-51be1ed75046,운암경희한의원,한방 의료 서비스,벽산황계로 골목형상점가,골목형상점가,광주광역시,,,
f3db0c29521119b92dfc,full_annotation_v1,A,q_한의원_07,한방 치료 받는 데,건강·의료 중 '한의원'을 판매·제공하는 매장,test,한의원,T4 구어·문장,06275db0-3bc6-4cb2-b2d0-9c2172db74f9,장편한김용성내과,진료,산본로데오거리(구 산본중심상가),자율상권구역,경기도,,,
4499efe1a9e2a1705c46,full_annotation_v1,A,q_한의원_07,한방 치료 받는 데,건강·의료 중 '한의원'을 판매·제공하는 매장,test,한의원,T4 구어·문장,88dce2e5-32b2-4358-809e-1adb1ab75841,위보령한의원,한방,신정중앙 골목형상점가,골목형상점가,울산광역시,,,
c07a3d4a1c1210744bd4,full_annotation_v1,A,q_한의원_07,한방 치료 받는 데,건강·의료 중 '한의원'을 판매·제공하는 매장,test,한의원,T4 구어·문장,df8d7646-14a0-4deb-a30c-dd00eeb5c48d,으뜸한의원,한방 의료서비스,인천모래내전통시장,전통시장,인천광역시,,,
360b031f4a6480484a47,full_annotation_v1,A,q_한의원_07,한방 치료 받는 데,건강·의료 중 '한의원'을 판매·제공하는 매장,test,한의원,T4 구어·문장,282b0e8b-051c-49f9-a707-b982df803589,까라벨라 데 오르,스파게티,동명동 카페거리 골목형상점가,골목형상점가,광주광역시,,,
fadb9283f1a0d9d78d26,full_annotation_v1,A,q_한의원_07,한방 치료 받는 데,건강·의료 중 '한의원'을 판매·제공하는 매장,test,한의원,T4 구어·문장,11cd1c46-68d6-44f2-823a-c34949e9df6e,치유동물병원,반려동물 치료,장덕투게더 골목형상점가,골목형상점가,광주광역시,,,
1488b1a1e7e7907fd181,full_annotation_v1,A,q_한의원_07,한방 치료 받는 데,건강·의료 중 '한의원'을 판매·제공하는 매장,test,한의원,T4 구어·문장,e01ec7fc-3159-4466-aa6e-935a80482579,어반245,"의류, 잡화",더센트럴 골목형상점가,골목형상점가,세종특별자치시,,,
424dc59b9c9a6c5a8bea,full_annotation_v1,A,q_한의원_07,한방 치료 받는 데,건강·의료 중 '한의원'을 판매·제공하는 매장,test,한의원,T4 구어·문장,04b3f97b-2da5-4d58-8ab5-c5e9f48061c5,새몸한의원,한의진료 한의의료시술 침 뜸 부항 물리요법 추나요법 약침 봉침 한약 등,봉선로1 골목형상점가,골목형상점가,광주광역시,,,
d8eb45a1b2bc4cc177ec,full_annotation_v1,A,q_한의원_07,한방 치료 받는 데,건강·의료 중 '한의원'을 판매·제공하는 매장,test,한의원,T4 구어·문장,25e13912-6a81-41d7-900a-12b4077e03b2,으뜸한의원,치료,반석동 골목형상점가,골목형상점가,대전광역시,,,
4a7d3cdc90acd4e605a1,full_annotation_v1,A,q_한의원_07,한방 치료 받는 데,건강·의료 중 '한의원'을 판매·제공하는 매장,test,한의원,T4 구어·문장,2f761257-4534-4951-bb19-dcd29c5106b8,상원한의원,한방 의료,성서계대로데오거리 골목형상점가,골목형상점가,대구광역시,,,
15af59d00fb393a0ec20,full_annotation_v1,A,q_한의원_07,한방 치료 받는 데,건강·의료 중 '한의원'을 판매·제공하는 매장,test,한의원,T4 구어·문장,6fd48a32-09fa-4976-ba42-1f5ab390031c,다와분식,,상도신약수골목형상점가,골목형상점가,서울특별시,,,
ef3381d18ab4930c1b6c,full_annotation_v1,A,q_한의원_07,한방 치료 받는 데,건강·의료 중 '한의원'을 판매·제공하는 매장,test,한의원,T4 구어·문장,7deb8900-f58d-480d-864e-4a6353dd535e,북경당한의원,한약 침구치료 한방물리치료,한미쇼핑사거리 골목형상점가,골목형상점가,광주광역시,,,
e5d88ea8c991c5434704,full_annotation_v1,A,q_한의원_07,한방 치료 받는 데,건강·의료 중 '한의원'을 판매·제공하는 매장,test,한의원,T4 구어·문장,ada98dbd-1a5d-45a9-8c73-9420750a9a1a,청솔한의원,한방 의료,백년시장(구 강북종합전통시장),전통시장,서울특별시,,,
5801d0be8ef54232d777,full_annotation_v1,A,q_한의원_07,한방 치료 받는 데,건강·의료 중 '한의원'을 판매·제공하는 매장,test,한의원,T4 구어·문장,3c796233-4258-45ca-a9e9-bd021cee9d0b,강치과의원,치과 치료,행복 북문대로2 골목형상점가,골목형상점가,광주광역시,,,
1607b86e3f60ffb42197,full_annotation_v1,A,q_한의원_07,한방 치료 받는 데,건강·의료 중 '한의원'을 판매·제공하는 매장,test,한의원,T4 구어·문장,6055ea95-cd1c-450c-9e83-ec86ab1ee470,운천한방병원,한방,운천테라스길상인회 골목형상점가,골목형상점가,광주광역시,,,
84d5ce373e652c9958cc,full_annotation_v1,A,q_한의원_07,한방 치료 받는 데,건강·의료 중 '한의원'을 판매·제공하는 매장,test,한의원,T4 구어·문장,d623def9-239c-4fa7-b07b-defedaf83e7b,인덕원치과의원,치아 치료,인덕원 골목형상점가,골목형상점가,경기도,,,
9da4ce35c8dec6964113,full_annotation_v1,A,q_한의원_07,한방 치료 받는 데,건강·의료 중 '한의원'을 판매·제공하는 매장,test,한의원,T4 구어·문장,24c28641-bf79-4e56-91ff-3cb958818ff0,김연우한의원,한의원 전반적 치료,봉선중앙로 골목형상점가,골목형상점가,광주광역시,,,
cec3ab5f4b78a1b10743,full_annotation_v1,A,q_한의원_07,한방 치료 받는 데,건강·의료 중 '한의원'을 판매·제공하는 매장,test,한의원,T4 구어·문장,a8d45a85-80ff-4f32-8e65-137bceeaa7c2,한림한의원,한의 치료,한빛3·6·7단지 골목형상점가,골목형상점가,경기도,,,
06089c1e681b5ee89591,full_annotation_v1,A,q_한의원_07,한방 치료 받는 데,건강·의료 중 '한의원'을 판매·제공하는 매장,test,한의원,T4 구어·문장,7d73a86e-9a32-4c9e-993a-6d0ef2e41f10,귤림당한의원,한방 의료 서비스,죽전동 상생 골목형상점가,골목형상점가,경기도,,,
a6c39175ef00523fb7e9,full_annotation_v1,A,q_한의원_07,한방 치료 받는 데,건강·의료 중 '한의원'을 판매·제공하는 매장,test,한의원,T4 구어·문장,035c1b8a-8efd-4448-a276-7b9c25dadd68,광명당약업사,한약재,금산국제인삼시장,전통시장,충청남도,,,
2335ccdce1d21c332b12,full_annotation_v1,A,q_한의원_07,한방 치료 받는 데,건강·의료 중 '한의원'을 판매·제공하는 매장,test,한의원,T4 구어·문장,0056dcd4-0ac0-4535-9ee5-c8fd19d8ff14,중화한의원,한의원,보령한내시장,전통시장,충청남도,,,
8c2921f546db9b6a0923,full_annotation_v1,A,q_한의원_07,한방 치료 받는 데,건강·의료 중 '한의원'을 판매·제공하는 매장,test,한의원,T4 구어·문장,a2dd6f9e-3823-474f-b765-10b67924a877,센트럴비뇨의학과의원,요로 결석 치료 남성 및 여성의 배뇨 장애 치료 성 매개 질환 검사 각종 남,화정소담상인회 골목형상점가,골목형상점가,광주광역시,,,
523a8ac1b9a0ed5b0ae1,full_annotation_v1,A,q_한의원_07,한방 치료 받는 데,건강·의료 중 '한의원'을 판매·제공하는 매장,test,한의원,T4 구어·문장,e65625d1-031b-481e-9891-4aec84a9b008,풀잎한의원,한방,상대동 골목형상점가,골목형상점가,대전광역시,,,
db28af26ddd199057272,full_annotation_v1,A,q_한의원_07,한방 치료 받는 데,건강·의료 중 '한의원'을 판매·제공하는 매장,test,한의원,T4 구어·문장,c5d3d4ef-83af-4a0b-b85e-10863e57898a,바른윤치과의원,치과진료 및 치료,사당1동 먹자골목 상점가,자율상권구역,서울특별시,,,
9dac520c92c6c5e2d8e2,full_annotation_v1,A,q_한의원_07,한방 치료 받는 데,건강·의료 중 '한의원'을 판매·제공하는 매장,test,한의원,T4 구어·문장,b2d9d8d6-5146-40f4-bfd2-3fcb4b5ee49b,경희해인한의원,한방 치료 및 한약,동화동골목형상가,골목형상점가,서울특별시,,,
031b7b071e2c5a0a96b9,full_annotation_v1,A,q_한의원_07,한방 치료 받는 데,건강·의료 중 '한의원'을 판매·제공하는 매장,test,한의원,T4 구어·문장,7ed95ea9-6c62-417b-b18d-0e0d06cd638f,계림병원,내과 정형외과 한방 피부,광주고인근 골목형상점가,골목형상점가,광주광역시,,,
36dac0065d18b9d16fe9,full_annotation_v1,A,q_한의원_07,한방 치료 받는 데,건강·의료 중 '한의원'을 판매·제공하는 매장,test,한의원,T4 구어·문장,00681cee-2849-497b-b7d1-548576542ed2,풍암한의원,한의원,풍암벚꽃길상인회 골목형상점가,골목형상점가,광주광역시,,,
a49f2b8c5ed39e1df5d3,full_annotation_v1,A,q_한의원_07,한방 치료 받는 데,건강·의료 중 '한의원'을 판매·제공하는 매장,test,한의원,T4 구어·문장,8753dd1a-9ed0-466a-bf15-ca920d69cbb8,늘푸른병원,치료,월산4동 골목형상점가,골목형상점가,광주광역시,,,
322b0908c546db8d900a,full_annotation_v1,A,q_한의원_07,한방 치료 받는 데,건강·의료 중 '한의원'을 판매·제공하는 매장,test,한의원,T4 구어·문장,c683ad41-07d3-45f7-ac34-b3f1c3cdbf5b,가로세로한의원,보건 한방 서비스,평촌1번가 상점가,자율상권구역,경기도,,,
a4726f86feb30b44ce5d,full_annotation_v1,A,q_한의원_07,한방 치료 받는 데,건강·의료 중 '한의원'을 판매·제공하는 매장,test,한의원,T4 구어·문장,4e16a292-9300-4296-9238-af469eebcdcf,일등한의원,한의학 치료,정서진중앙시장(구 서구중앙시장),전통시장,인천광역시,,,
5685cfe735b098e4fa09,full_annotation_v1,A,q_한의원_07,한방 치료 받는 데,건강·의료 중 '한의원'을 판매·제공하는 매장,test,한의원,T4 구어·문장,305ef75f-a949-4205-811d-59e8a2e3818a,홍제경희한의원,한의학 치료,유진상가,전통시장,서울특별시,,,
6f5f30e5291e6e000351,full_annotation_v1,A,q_한의원_07,한방 치료 받는 데,건강·의료 중 '한의원'을 판매·제공하는 매장,test,한의원,T4 구어·문장,f39ea69c-9beb-42ad-8a4e-689f980642a1,현차이나,중식,수완장덕 골목형상점가,골목형상점가,광주광역시,,,
e07b0d47cdfb3fe79c02,full_annotation_v1,A,q_한의원_07,한방 치료 받는 데,건강·의료 중 '한의원'을 판매·제공하는 매장,test,한의원,T4 구어·문장,12e5834a-49d4-4d6a-811d-5a4ba5bd236e,동제 한의원,"한약, 침구 치료",호계종합시장,전통시장,경기도,,,
17b9566c0c2d81419b5b,full_annotation_v1,A,q_한의원_07,한방 치료 받는 데,건강·의료 중 '한의원'을 판매·제공하는 매장,test,한의원,T4 구어·문장,167462d6-4533-48eb-98f1-0ce535f5cd49,할매순대,음식,신포시장,전통시장,인천광역시,,,
2e0566d38a2d6fb5bc88,full_annotation_v1,A,q_한의원_07,한방 치료 받는 데,건강·의료 중 '한의원'을 판매·제공하는 매장,test,한의원,T4 구어·문장,c590d9d6-835b-42b4-8590-b4173f41bbae,뷰티라인의원,보험진료 및 치료,운수대통 골목형상점가,골목형상점가,광주광역시,,,
1b4de34a92ab4fa8ca4c,full_annotation_v1,A,q_한의원_07,한방 치료 받는 데,건강·의료 중 '한의원'을 판매·제공하는 매장,test,한의원,T4 구어·문장,041afb74-d7a3-42f0-9b59-a4ba0c3cb70c,오븐데이(선교점),치킨 한식,선교지구 골목형상점가,골목형상점가,광주광역시,,,
0ba5c8f217bd74d2cc5b,full_annotation_v1,A,q_한의원_08,한의원추천,건강·의료 중 '한의원'을 판매·제공하는 매장,test,한의원,T6 기계변형,366efd25-48fe-48ca-96f3-2a9e9052527c,태화장갑,장갑,부산자유시장,전통시장,부산광역시,,,
4b5dd08754d4d6819a36,full_annotation_v1,A,q_한의원_08,한의원추천,건강·의료 중 '한의원'을 판매·제공하는 매장,test,한의원,T6 기계변형,239c0fcf-ec40-4a20-a790-57ef66a057da,경희팔팔한의원,침 추나 공진단 다이어트,청량리청과물시장,전통시장,서울특별시,,,
0124ad0c72710b16b61c,full_annotation_v1,A,q_한의원_08,한의원추천,건강·의료 중 '한의원'을 판매·제공하는 매장,test,한의원,T6 기계변형,44fb7656-0ff5-4d44-9f84-f3e07d7adc0f,김남규 한의원,,장대동패션상가 골목형상점가,골목형상점가,대전광역시,,,
b197aa4dbfb6b816f42c,full_annotation_v1,A,q_한의원_08,한의원추천,건강·의료 중 '한의원'을 판매·제공하는 매장,test,한의원,T6 기계변형,fbfc9f6d-5d14-40d7-96cc-727934db9544,광교한의원,한의원,광교상현역 온누리 골목형상점가,골목형상점가,경기도,,,
768eb8dff81132bfc7ae,full_annotation_v1,A,q_한의원_08,한의원추천,건강·의료 중 '한의원'을 판매·제공하는 매장,test,한의원,T6 기계변형,82bb3d55-ff12-47b9-a3e9-14be24ddd571,홍한의원,한의원,노원역9번출구 골목형상점가,골목형상점가,서울특별시,,,
46938147195e473ae066,full_annotation_v1,A,q_한의원_08,한의원추천,건강·의료 중 '한의원'을 판매·제공하는 매장,test,한의원,T6 기계변형,1838032c-0532-49da-9c23-8f065bda5694,병영과일촌,,선우시장,전통시장,울산광역시,,,
cdaa8176de2613d28c85,full_annotation_v1,A,q_한의원_08,한의원추천,건강·의료 중 '한의원'을 판매·제공하는 매장,test,한의원,T6 기계변형,8fefd2b1-c968-452d-83de-6a820d143dc2,하늘체한의원,한의원,길주로 골목형상점가,골목형상점가,경기도,,,
288646ad9adecf036445,full_annotation_v1,A,q_한의원_08,한의원추천,건강·의료 중 '한의원'을 판매·제공하는 매장,test,한의원,T6 기계변형,783b5a13-eca0-41dc-89a5-521fab7a336d,창생 한의원,한의원,효자휴먼시아 골목형상점가,골목형상점가,전북특별자치도,,,
7c13a708f25675a3b072,full_annotation_v1,A,q_한의원_08,한의원추천,건강·의료 중 '한의원'을 판매·제공하는 매장,test,한의원,T6 기계변형,0056dcd4-0ac0-4535-9ee5-c8fd19d8ff14,중화한의원,한의원,보령한내시장,전통시장,충청남도,,,
e6eb47958d03e12374d4,full_annotation_v1,A,q_한의원_08,한의원추천,건강·의료 중 '한의원'을 판매·제공하는 매장,test,한의원,T6 기계변형,f89c9af8-dda3-457a-b2f0-79a835cc18d9,박한의원,한의원,남평읍1로 골목형상점가,골목형상점가,전라남도,,,
f9a4841d1382af55a875,full_annotation_v1,A,q_한의원_08,한의원추천,건강·의료 중 '한의원'을 판매·제공하는 매장,test,한의원,T6 기계변형,a9980cb6-9a33-4fe2-b32d-7819725ea4d2,새움한의원,한의원,영통역아이파크 골목형상점가,골목형상점가,경기도,,,
049be69dce3ec8d5cac8,full_annotation_v1,A,q_한의원_08,한의원추천,건강·의료 중 '한의원'을 판매·제공하는 매장,test,한의원,T6 기계변형,8639af76-715d-43ae-8765-d2de1942ef8a,더상춘한의원,한의원,신당미래유산먹거리 골목형상점가,골목형상점가,서울특별시,,,
783418533ac6179afde0,full_annotation_v1,A,q_한의원_08,한의원추천,건강·의료 중 '한의원'을 판매·제공하는 매장,test,한의원,T6 기계변형,d11d7d66-bb2a-4a67-bcc8-b947b2e2ebda,성채한의원,한의원,도봉산옛길골목형상점가,골목형상점가,서울특별시,,,
12d4a8d4f764791010dd,full_annotation_v1,A,q_한의원_08,한의원추천,건강·의료 중 '한의원'을 판매·제공하는 매장,test,한의원,T6 기계변형,29a20609-dd52-4fb7-a50f-700260b8f633,더준 한의원,한의원,전남대후문골목형상점가,골목형상점가,광주광역시,,,
e7a64fe93801cadc51aa,full_annotation_v1,A,q_한의원_08,한의원추천,건강·의료 중 '한의원'을 판매·제공하는 매장,test,한의원,T6 기계변형,ed76a240-84c5-46c3-9e3c-252d9c63e314,백삼 한의원,한의원,금곡골목형상점가,자율상권구역,경기도,,,
1fefe4413d2e9d0a6ef9,full_annotation_v1,A,q_한의원_08,한의원추천,건강·의료 중 '한의원'을 판매·제공하는 매장,test,한의원,T6 기계변형,974720cd-152d-4f3d-ac08-8f11fdbca904,금호식육점,식육점,양산 남부시장상가,전통시장,경상남도,,,
9ae8f70738709f8163f3,full_annotation_v1,A,q_한의원_08,한의원추천,건강·의료 중 '한의원'을 판매·제공하는 매장,test,한의원,T6 기계변형,e4c549d5-99b5-436b-864e-a10ea2adb748,심수민머리방,미용업,춘천동부시장,전통시장,강원특별자치도,,,
9aee84dce4f3724661ac,full_annotation_v1,A,q_한의원_08,한의원추천,건강·의료 중 '한의원'을 판매·제공하는 매장,test,한의원,T6 기계변형,f6360fc7-05e6-4065-9637-1c041d2aba3c,김양식한의원,한의원,산본로데오거리(구 산본중심상가),자율상권구역,경기도,,,
0e3291a982e1d3d1b7d3,full_annotation_v1,A,q_한의원_08,한의원추천,건강·의료 중 '한의원'을 판매·제공하는 매장,test,한의원,T6 기계변형,d675c06d-27e6-4d33-acb7-7b9b08e9456d,평단한의원,한의원,현대센트럴스퀘어,골목형상점가,경기도,,,
d66ec061d1acbd352098,full_annotation_v1,A,q_한의원_08,한의원추천,건강·의료 중 '한의원'을 판매·제공하는 매장,test,한의원,T6 기계변형,00192f22-a492-4ba5-a62d-65bf0d0ec7b9,큰물한의원,한의원,전주서곡 골목형상점가,골목형상점가,전북특별자치도,,,
18f260ed21de14ce0b56,full_annotation_v1,A,q_한의원_08,한의원추천,건강·의료 중 '한의원'을 판매·제공하는 매장,test,한의원,T6 기계변형,d5dcc1d4-fbf2-4d66-bad2-f36560381728,유타사진관,사진관,시청앞 골목형상점가,골목형상점가,충청남도,,,
a94e29028168e93a1a15,full_annotation_v1,A,q_한의원_08,한의원추천,건강·의료 중 '한의원'을 판매·제공하는 매장,test,한의원,T6 기계변형,0ab1eb9a-a600-4ac0-8ce5-615819efcf3f,차차한의원,한방,배방공수 골목형상점가,골목형상점가,충청남도,,,
738c616bbcc236a7a718,full_annotation_v1,A,q_한의원_08,한의원추천,건강·의료 중 '한의원'을 판매·제공하는 매장,test,한의원,T6 기계변형,20ad171b-58ef-440b-bd2e-15ac23775ce1,청담한의원,침 한약 약침 추나치료 등,화정한울타리상인회 골목형상점가,골목형상점가,광주광역시,,,
8aed7a0e3ea8669ae76c,full_annotation_v1,A,q_한의원_08,한의원추천,건강·의료 중 '한의원'을 판매·제공하는 매장,test,한의원,T6 기계변형,035c1b8a-8efd-4448-a276-7b9c25dadd68,광명당약업사,한약재,금산국제인삼시장,전통시장,충청남도,,,
83c3ccbda1093c1225dd,full_annotation_v1,A,q_한의원_08,한의원추천,건강·의료 중 '한의원'을 판매·제공하는 매장,test,한의원,T6 기계변형,00523307-cc4c-4b0c-8b2f-176ca7450d24,오름한의원,한의원,아차산등산로골목형상점가,골목형상점가,서울특별시,,,
4df9720e9c16010d2a17,full_annotation_v1,A,q_한의원_08,한의원추천,건강·의료 중 '한의원'을 판매·제공하는 매장,test,한의원,T6 기계변형,07642cd2-da01-4c61-b136-9b7960b98e30,흙다방,한방차,을지로지하보도쇼핑센터,일반지하상점가,서울특별시,,,
014e6cf617b8cdd9a443,full_annotation_v1,A,q_한의원_08,한의원추천,건강·의료 중 '한의원'을 판매·제공하는 매장,test,한의원,T6 기계변형,53a9439e-4ae4-4b07-8cca-3f715a45c65b,규림 한의원,한의업,성안길상점가,자율상권구역,충청북도,,,
8f6bb18c8bd659823fdb,full_annotation_v1,A,q_한의원_08,한의원추천,건강·의료 중 '한의원'을 판매·제공하는 매장,test,한의원,T6 기계변형,0709fa00-bfb1-4e3e-8422-15591db165f0,젠헤어,미용 서비스,해오름 골목형상점가,골목형상점가,경기도,,,
0216a7be363dfaab6f68,full_annotation_v1,A,q_한의원_08,한의원추천,건강·의료 중 '한의원'을 판매·제공하는 매장,test,한의원,T6 기계변형,cff577ba-bd70-493d-8e8b-a2bf69558b0a,오별난멸치국수 온양시장점,분식,"온양온천시장(온양재래시장, 전통시장)",전통시장,충청남도,,,
c3221bb4950f5c9e57f4,full_annotation_v1,A,q_한의원_08,한의원추천,건강·의료 중 '한의원'을 판매·제공하는 매장,test,한의원,T6 기계변형,00c44c1d-ee28-4fc2-a0f0-e3454de86603,준 한의원,한방의료서비스,첨단연신로 골목형상점가,골목형상점가,광주광역시,,,
a3dd77239dd1e8121e3d,full_annotation_v1,A,q_한의원_08,한의원추천,건강·의료 중 '한의원'을 판매·제공하는 매장,test,한의원,T6 기계변형,7e39cfd5-ca2e-4a72-a681-900703d90f2e,대선활어,활어,다대씨-파크시장,전통시장,부산광역시,,,
810c0f0f16d20ea9631b,full_annotation_v1,A,q_한의원_08,한의원추천,건강·의료 중 '한의원'을 판매·제공하는 매장,test,한의원,T6 기계변형,29067988-003c-496d-a678-3685ea33240c,다솜한의원,한의원,수정전통시장,전통시장,부산광역시,,,
786fea3857df6f58cca3,full_annotation_v1,A,q_한의원_08,한의원추천,건강·의료 중 '한의원'을 판매·제공하는 매장,test,한의원,T6 기계변형,3dd3ebce-cba5-4713-a704-b87d321d1f91,본톤가구 금성침대 원대점,가정용가구,원대가구명물거리 골목형상점가,골목형상점가,대구광역시,,,
9f79ce4ccfa5563b11cb,full_annotation_v1,A,q_한의원_08,한의원추천,건강·의료 중 '한의원'을 판매·제공하는 매장,test,한의원,T6 기계변형,306eff77-749b-4ee3-88ee-2214e732fe2b,오복떡집,떡,한빛3·6·7단지 골목형상점가,골목형상점가,경기도,,,
b5f64b335f45c9f24007,full_annotation_v1,A,q_한의원_08,한의원추천,건강·의료 중 '한의원'을 판매·제공하는 매장,test,한의원,T6 기계변형,865a6b09-b87f-43fc-aaed-41ea86f30a91,수현수산,냉동수산물,포항죽도시장,전통시장,경상북도,,,
6aea87a66444efdb01d3,full_annotation_v1,A,q_한의원_08,한의원추천,건강·의료 중 '한의원'을 판매·제공하는 매장,test,한의원,T6 기계변형,8e4a870a-6b37-45ec-94d1-b1f529fab285,방실네반찬,반찬,서문대로663번길 골목형상점가,골목형상점가,광주광역시,,,
585419402a1b11f90345,full_annotation_v1,A,q_한의원_08,한의원추천,건강·의료 중 '한의원'을 판매·제공하는 매장,test,한의원,T6 기계변형,ee69d646-bad2-4794-8caf-eee4e5169cc7,곽한의원,한의원,포항 대이상가 골목형상점가,골목형상점가,경상북도,,,
b88b34db67556d8df325,full_annotation_v1,A,q_한의원_08,한의원추천,건강·의료 중 '한의원'을 판매·제공하는 매장,test,한의원,T6 기계변형,9ce10344-6dad-4d23-ac20-c0c6ee1e9900,조종 한의원,한의원,조종시장,전통시장,경기도,,,
dea40dbf0e7e2629c7ee,full_annotation_v1,A,q_한의원_08,한의원추천,건강·의료 중 '한의원'을 판매·제공하는 매장,test,한의원,T6 기계변형,005be19f-78f9-455e-9516-5b6ada9b2f79,명주약업사,한약도매,학성새벽시장,전통시장,울산광역시,,,
61e79f9943c3eea6b03a,full_annotation_v1,A,q_한의원_08,한의원추천,건강·의료 중 '한의원'을 판매·제공하는 매장,test,한의원,T6 기계변형,0002538c-b8d9-4911-81c7-966789036b09,빛고을 치과의원,의원,세은 골목형상점가,골목형상점가,광주광역시,,,
2f8c6fd57e65bc22668d,full_annotation_v1,A,q_한의원_08,한의원추천,건강·의료 중 '한의원'을 판매·제공하는 매장,test,한의원,T6 기계변형,049687c2-f8a0-4684-a17f-fd57b7fb23f3,맞춤한의원,한방진료,새마을시장,전통시장,서울특별시,,,
251782e6f1c24a412f1f,full_annotation_v1,A,q_한의원_08,한의원추천,건강·의료 중 '한의원'을 판매·제공하는 매장,test,한의원,T6 기계변형,181a214d-8129-4d50-805b-53211442b29d,경희인 한의원,한의원,노룬산골목시장,전통시장,서울특별시,,,
26d5f7ccc3ebb4c0e239,full_annotation_v1,A,q_한의원_08,한의원추천,건강·의료 중 '한의원'을 판매·제공하는 매장,test,한의원,T6 기계변형,1c8a8990-c1c5-4b90-99a1-09919d081f9a,건강미현대웰빙의원,진료,광산 송2송2 골목형상점가,골목형상점가,광주광역시,,,
1e82aff71b4f0046b721,full_annotation_v1,A,q_한의원_08,한의원추천,건강·의료 중 '한의원'을 판매·제공하는 매장,test,한의원,T6 기계변형,93b56590-06b6-48ae-a5b5-94fec579b7ee,해람한의원,한의원,금호운천로상인회 골목형상점가,골목형상점가,광주광역시,,,
efe3c4a9da2b0342aad6,full_annotation_v1,A,q_한의원_08,한의원추천,건강·의료 중 '한의원'을 판매·제공하는 매장,test,한의원,T6 기계변형,034fb022-bb96-4c29-9224-df6f365c2534,자매식당,음식점,마장축산물시장,전통시장,서울특별시,,,
1743d76a739aed50e206,full_annotation_v1,A,q_한의원_08,한의원추천,건강·의료 중 '한의원'을 판매·제공하는 매장,test,한의원,T6 기계변형,04b3f97b-2da5-4d58-8ab5-c5e9f48061c5,새몸한의원,한의진료 한의의료시술 침 뜸 부항 물리요법 추나요법 약침 봉침 한약 등,봉선로1 골목형상점가,골목형상점가,광주광역시,,,
f98d197eb464e11dd0a0,full_annotation_v1,A,q_한의원_08,한의원추천,건강·의료 중 '한의원'을 판매·제공하는 매장,test,한의원,T6 기계변형,76d8e9cc-0071-4425-b991-013de6a7e75a,차한의원,한의원,군산나운상가 골목형상점가,골목형상점가,전북특별자치도,,,
35c78fcb73318425cbf6,full_annotation_v1,A,q_한의원_08,한의원추천,건강·의료 중 '한의원'을 판매·제공하는 매장,test,한의원,T6 기계변형,26226842-a08c-47c4-ba86-074f3f85f97e,윤재권 한의원,한의원,북항사랑 골목형상점가,골목형상점가,전라남도,,,
6fd9b094cc4b717a9ad5,full_annotation_v1,A,q_한의원_08,한의원추천,건강·의료 중 '한의원'을 판매·제공하는 매장,test,한의원,T6 기계변형,02942ca3-7579-4db2-becb-fb2b1e71e633,보광한약방,한약방,내수전통시장,전통시장,충청북도,,,
77d47a8af579163dddda,full_annotation_v1,A,q_한의원_08,한의원추천,건강·의료 중 '한의원'을 판매·제공하는 매장,test,한의원,T6 기계변형,1ff2e118-97e0-46d6-aef6-2c31fc98aca9,양지의류,의류 및 악세사리,수원영동시장,전통시장,경기도,,,
a9bdecc940afc09e3734,full_annotation_v1,A,q_한의원_08,한의원추천,건강·의료 중 '한의원'을 판매·제공하는 매장,test,한의원,T6 기계변형,aab2ffa8-c47d-48f0-b6a9-89f51ef16d28,허혁한의원,한의원,만년동 골목형상점가,골목형상점가,대전광역시,,,
074123a7aa4c2f13b475,full_annotation_v1,A,q_한의원_08,한의원추천,건강·의료 중 '한의원'을 판매·제공하는 매장,test,한의원,T6 기계변형,f429e492-3311-42d2-8e3d-1bc625d8c20c,용인대 청무태권도 체육관,태권도,광복마을5길 골목형상점가,골목형상점가,광주광역시,,,
9657c801ac773cfc96c2,full_annotation_v1,A,q_한의원_08,한의원추천,건강·의료 중 '한의원'을 판매·제공하는 매장,test,한의원,T6 기계변형,91a8eb95-bab8-4dc1-8364-e039a25ab9e8,다편한 한의원,한의원,빛가람 로데오 골목형상점가,골목형상점가,전라남도,,,
0531149558a92abc659c,full_annotation_v1,A,q_한의원_08,한의원추천,건강·의료 중 '한의원'을 판매·제공하는 매장,test,한의원,T6 기계변형,86a724a9-126d-4857-ba7b-af6d054bb5bf,민창한의원,한의원,온택트 괴정스마트 상권활성화구역,상권활성화구역,부산광역시,,,
3d33d3be103281a3d30a,full_annotation_v1,A,q_한의원_08,한의원추천,건강·의료 중 '한의원'을 판매·제공하는 매장,test,한의원,T6 기계변형,56a528df-4581-4e02-a89e-d02aa0bb9016,봄꽃한의원,한의원,공주산성시장,전통시장,충청남도,,,
236e7f6956651f4073f7,full_annotation_v1,A,q_한의원_08,한의원추천,건강·의료 중 '한의원'을 판매·제공하는 매장,test,한의원,T6 기계변형,1a0defb7-c84d-484d-a47d-19d95eac79d4,한민한의원,"한약, 침, 부항, 추나",괴정가장로 골목형상점가,골목형상점가,대전광역시,,,
632585e21e6a61365a09,full_annotation_v1,A,q_한의원_08,한의원추천,건강·의료 중 '한의원'을 판매·제공하는 매장,test,한의원,T6 기계변형,dad3ffcb-4a83-47d8-82ce-187d88534338,에덴한의원,한의원,우산골 골목형상점가,골목형상점가,광주광역시,,,
d88b7a8955fbe39b1334,full_annotation_v1,A,q_한의원_08,한의원추천,건강·의료 중 '한의원'을 판매·제공하는 매장,test,한의원,T6 기계변형,0532ce10-a52b-42cf-8bd4-5412db78e694,계룡산한의원,한방의료서비스,신도안면 골목형상점가,골목형상점가,충청남도,,,
1e6af306cacb23a02013,full_annotation_v1,A,q_한의원_08,한의원추천,건강·의료 중 '한의원'을 판매·제공하는 매장,test,한의원,T6 기계변형,ea216576-82be-43a4-adc5-4b26aa73f1c0,박천길한의원,한의원,석소 골목형상점가,골목형상점가,전북특별자치도,,,
b2a3be23bf8ec842b82e,full_annotation_v1,A,q_한의원_08,한의원추천,건강·의료 중 '한의원'을 판매·제공하는 매장,test,한의원,T6 기계변형,06275db0-3bc6-4cb2-b2d0-9c2172db74f9,장편한김용성내과,진료,산본로데오거리(구 산본중심상가),자율상권구역,경기도,,,
043e4df06f554c04d8ed,full_annotation_v1,A,q_한의원_08,한의원추천,건강·의료 중 '한의원'을 판매·제공하는 매장,test,한의원,T6 기계변형,752d59ec-a888-41e9-a2d2-4ffc4c0bd71b,대학한의원,한의원,연신내골목형상점가,골목형상점가,서울특별시,,,
679d7c930a2decf87f6f,full_annotation_v1,A,q_한의원_08,한의원추천,건강·의료 중 '한의원'을 판매·제공하는 매장,test,한의원,T6 기계변형,e482b7e1-6708-493c-9244-4894f63b711c,문치환 한의원,한의원,호매실역중심상가 골목형상점가,골목형상점가,경기도,,,
775acfc4e41d83783383,full_annotation_v1,A,q_한의원_08,한의원추천,건강·의료 중 '한의원'을 판매·제공하는 매장,test,한의원,T6 기계변형,86ff03d5-48f3-4b62-a797-0cf59f3c8597,조한의원,한의원,꽃밭정이 골목형상점가,골목형상점가,전북특별자치도,,,
6043aad63348eae3c8e4,full_annotation_v1,A,q_한의원_08,한의원추천,건강·의료 중 '한의원'을 판매·제공하는 매장,test,한의원,T6 기계변형,802c11b2-50c5-41b0-871a-c25c27c4d4fe,세봉한의원,한의원,남천골목시장 골목형상점가,골목형상점가,부산광역시,,,
f863aa64d4df3cecfd1f,full_annotation_v1,A,q_한의원_08,한의원추천,건강·의료 중 '한의원'을 판매·제공하는 매장,test,한의원,T6 기계변형,3a1fd7b7-d52e-485e-8eca-d230de10868e,금강한의원,물리치료 부항 뜸 추나 약침 침치료 한약 보약,조치원중심가로상점가,자율상권구역,세종특별자치시,,,
117d8ab10d16c76a1aad,full_annotation_v1,A,q_한의원_08,한의원추천,건강·의료 중 '한의원'을 판매·제공하는 매장,test,한의원,T6 기계변형,836d8deb-1cff-410b-8a61-1deffc8b540c,홍범한의원,한의원,비단길현대시장,전통시장,서울특별시,,,
ccee79bdfe3f00a7e704,full_annotation_v1,A,q_한의원_08,한의원추천,건강·의료 중 '한의원'을 판매·제공하는 매장,test,한의원,T6 기계변형,a710a4f6-142f-43b4-a8af-4c6ba2ed8d30,경희예건한의원,한의원,맹동혁신골목형상점가,골목형상점가,충청북도,,,
db0bb720028f029442b0,full_annotation_v1,A,q_한의원_08,한의원추천,건강·의료 중 '한의원'을 판매·제공하는 매장,test,한의원,T6 기계변형,9f2a6872-5d33-43ca-a108-515b31f110ae,양형길한의원,한의원,안말초로 골목형상점가,골목형상점가,경기도,,,
ba9f281dd9036eb95cd7,full_annotation_v1,A,q_한의원_08,한의원추천,건강·의료 중 '한의원'을 판매·제공하는 매장,test,한의원,T6 기계변형,4d09a537-bb63-4759-b883-9dd74072406e,후한의원,한의원,신세계앞상인회 골목형상점가,골목형상점가,광주광역시,,,
445c10777b664045afe7,full_annotation_v1,A,q_한의원_08,한의원추천,건강·의료 중 '한의원'을 판매·제공하는 매장,test,한의원,T6 기계변형,239f8746-a8ff-471a-b32d-fa01c2cc80e5,본도시락 이대점,한식,"이화여대 3,5,7 상점가",자율상권구역,서울특별시,,,
f024d2b4f33ce176852a,full_annotation_v1,A,q_한의원_08,한의원추천,건강·의료 중 '한의원'을 판매·제공하는 매장,test,한의원,T6 기계변형,784447de-be76-4c96-937d-1f49f891a07c,한규설한의원,한의원,용정 골목형상점가,골목형상점가,대전광역시,,,
75aa2b45816001265e16,full_annotation_v1,A,q_한의원_08,한의원추천,건강·의료 중 '한의원'을 판매·제공하는 매장,test,한의원,T6 기계변형,1a6b59eb-b56d-4e10-a282-ad89b95051a9,조한의원,한의원,보정중심 골목형상점가,골목형상점가,경기도,,,
c8a8fecfa68c397d0ee1,full_annotation_v1,A,q_한의원_08,한의원추천,건강·의료 중 '한의원'을 판매·제공하는 매장,test,한의원,T6 기계변형,6d55a5f1-2336-47db-95dd-67b144415580,임한의원,한의원,미장사랑 골목형상점가,골목형상점가,전북특별자치도,,,
a128da554dc6ba3b15fa,full_annotation_v1,A,q_한의원_08,한의원추천,건강·의료 중 '한의원'을 판매·제공하는 매장,test,한의원,T6 기계변형,00681cee-2849-497b-b7d1-548576542ed2,풍암한의원,한의원,풍암벚꽃길상인회 골목형상점가,골목형상점가,광주광역시,,,
e3b953255af0ecc5b7c9,full_annotation_v1,A,q_한의원_08,한의원추천,건강·의료 중 '한의원'을 판매·제공하는 매장,test,한의원,T6 기계변형,04a734bb-1790-4ecd-9398-2fd3359294d0,제일의원,진료,두암시장주변 골목형상점가,골목형상점가,광주광역시,,,
a2355dd8ff32f0c5ddff,full_annotation_v1,A,q_한의원_08,한의원추천,건강·의료 중 '한의원'을 판매·제공하는 매장,test,한의원,T6 기계변형,cd8e9be2-b81a-46c4-91ff-2f1765c74d74,자혜한의원,한의원,하가지구 골목형상점가,골목형상점가,전북특별자치도,,,
64bb19a94cfbaf21f549,full_annotation_v1,A,q_한의원_08,한의원추천,건강·의료 중 '한의원'을 판매·제공하는 매장,test,한의원,T6 기계변형,02b05ddb-3724-4a0c-b4ef-b9791576d5a0,산본한의원,한약,산본전통시장(구 군포산본시장),전통시장,경기도,,,
4dd7739f90f8fad39a4d,full_annotation_v1,A,q_한의원_09,한의웜,건강·의료 중 '한의원'을 판매·제공하는 매장,test,한의원,T6 기계변형,239c0fcf-ec40-4a20-a790-57ef66a057da,경희팔팔한의원,침 추나 공진단 다이어트,청량리청과물시장,전통시장,서울특별시,,,
7abc23b4ad49018893be,full_annotation_v1,A,q_한의원_09,한의웜,건강·의료 중 '한의원'을 판매·제공하는 매장,test,한의원,T6 기계변형,4b77cba3-cc03-4fdf-a322-53c79775d192,호동이만두,만두,중동사랑시장,전통시장,경기도,,,
cf7978854b167f7d8da4,full_annotation_v1,A,q_한의원_09,한의웜,건강·의료 중 '한의원'을 판매·제공하는 매장,test,한의원,T6 기계변형,5c3e4ec1-f3f4-4d38-b830-33ea44a30c66,푸라닭 광주금호점,치킨,금호1동상가번영회 골목형상점가,골목형상점가,광주광역시,,,
85801a661a47b011c4ca,full_annotation_v1,A,q_한의원_09,한의웜,건강·의료 중 '한의원'을 판매·제공하는 매장,test,한의원,T6 기계변형,89905d5f-78f4-4592-827e-00e4fef0adad,비욘드,의류및잡화,용인중앙시장,전통시장,경기도,,,
77c91c7a4441fad471d6,full_annotation_v1,A,q_한의원_09,한의웜,건강·의료 중 '한의원'을 판매·제공하는 매장,test,한의원,T6 기계변형,07642cd2-da01-4c61-b136-9b7960b98e30,흙다방,한방차,을지로지하보도쇼핑센터,일반지하상점가,서울특별시,,,
90163b264c4a1f61c0f8,full_annotation_v1,A,q_한의원_09,한의웜,건강·의료 중 '한의원'을 판매·제공하는 매장,test,한의원,T6 기계변형,ed76a240-84c5-46c3-9e3c-252d9c63e314,백삼 한의원,한의원,금곡골목형상점가,자율상권구역,경기도,,,
bc02fc7c2037ffb8b415,full_annotation_v1,A,q_한의원_09,한의웜,건강·의료 중 '한의원'을 판매·제공하는 매장,test,한의원,T6 기계변형,00681cee-2849-497b-b7d1-548576542ed2,풍암한의원,한의원,풍암벚꽃길상인회 골목형상점가,골목형상점가,광주광역시,,,
ed19d2f088691096bc6e,full_annotation_v1,A,q_한의원_09,한의웜,건강·의료 중 '한의원'을 판매·제공하는 매장,test,한의원,T6 기계변형,3a1fd7b7-d52e-485e-8eca-d230de10868e,금강한의원,물리치료 부항 뜸 추나 약침 침치료 한약 보약,조치원중심가로상점가,자율상권구역,세종특별자치시,,,
eeccfe563f40bbeaf352,full_annotation_v1,A,q_한의원_09,한의웜,건강·의료 중 '한의원'을 판매·제공하는 매장,test,한의원,T6 기계변형,4e77fc85-db07-43e1-88b6-950503fc641b,엘리자베스미용실,헤어샵,점촌역전상점가,자율상권구역,경상북도,,,
0ac03abbd6b5d9e55081,full_annotation_v1,A,q_한의원_09,한의웜,건강·의료 중 '한의원'을 판매·제공하는 매장,test,한의원,T6 기계변형,82bb3d55-ff12-47b9-a3e9-14be24ddd571,홍한의원,한의원,노원역9번출구 골목형상점가,골목형상점가,서울특별시,,,
7ee98ae010c043a4b627,full_annotation_v1,A,q_한의원_09,한의웜,건강·의료 중 '한의원'을 판매·제공하는 매장,test,한의원,T6 기계변형,04b3f97b-2da5-4d58-8ab5-c5e9f48061c5,새몸한의원,한의진료 한의의료시술 침 뜸 부항 물리요법 추나요법 약침 봉침 한약 등,봉선로1 골목형상점가,골목형상점가,광주광역시,,,
b2b98053f3e4c56462c6,full_annotation_v1,A,q_한의원_09,한의웜,건강·의료 중 '한의원'을 판매·제공하는 매장,test,한의원,T6 기계변형,44fb7656-0ff5-4d44-9f84-f3e07d7adc0f,김남규 한의원,,장대동패션상가 골목형상점가,골목형상점가,대전광역시,,,
75bb16fb9271799da106,full_annotation_v1,A,q_한의원_09,한의웜,건강·의료 중 '한의원'을 판매·제공하는 매장,test,한의원,T6 기계변형,e482b7e1-6708-493c-9244-4894f63b711c,문치환 한의원,한의원,호매실역중심상가 골목형상점가,골목형상점가,경기도,,,
1bd84253a41caf5c828a,full_annotation_v1,A,q_한의원_09,한의웜,건강·의료 중 '한의원'을 판매·제공하는 매장,test,한의원,T6 기계변형,bdbcbca1-4e5e-44c2-a786-1c058a6f8766,한마음정보통신,"컴퓨터, 컴퓨터주변기기, CCTV, 핸드폰",봉천중앙시장,전통시장,서울특별시,,,
4a81f4d7aa7b76fa90bf,full_annotation_v1,A,q_한의원_09,한의웜,건강·의료 중 '한의원'을 판매·제공하는 매장,test,한의원,T6 기계변형,784447de-be76-4c96-937d-1f49f891a07c,한규설한의원,한의원,용정 골목형상점가,골목형상점가,대전광역시,,,
4b0aa19b4e3b0f817d01,full_annotation_v1,A,q_한의원_09,한의웜,건강·의료 중 '한의원'을 판매·제공하는 매장,test,한의원,T6 기계변형,42cc9567-8d29-44c6-bd0e-089b134c55f3,다정다감 한의원,한의원,오목교역8번출구골목형상점가,골목형상점가,서울특별시,,,
2a5206fb3f417dbbf86c,full_annotation_v1,A,q_한의원_09,한의웜,건강·의료 중 '한의원'을 판매·제공하는 매장,test,한의원,T6 기계변형,ee69d646-bad2-4794-8caf-eee4e5169cc7,곽한의원,한의원,포항 대이상가 골목형상점가,골목형상점가,경상북도,,,
16362d59781ea5647366,full_annotation_v1,A,q_한의원_09,한의웜,건강·의료 중 '한의원'을 판매·제공하는 매장,test,한의원,T6 기계변형,00192f22-a492-4ba5-a62d-65bf0d0ec7b9,큰물한의원,한의원,전주서곡 골목형상점가,골목형상점가,전북특별자치도,,,
055fcacfba265734b367,full_annotation_v1,A,q_한의원_09,한의웜,건강·의료 중 '한의원'을 판매·제공하는 매장,test,한의원,T6 기계변형,86a724a9-126d-4857-ba7b-af6d054bb5bf,민창한의원,한의원,온택트 괴정스마트 상권활성화구역,상권활성화구역,부산광역시,,,
cc88d371551a1461d3ea,full_annotation_v1,A,q_한의원_09,한의웜,건강·의료 중 '한의원'을 판매·제공하는 매장,test,한의원,T6 기계변형,6d2a267b-1026-4a85-b0d2-e8c2a800f9ae,하하생막창뒷고기,뒷고기,대명5동아우름길 골목형상점가,골목형상점가,대구광역시,,,
a87e4b968135bfeae526,full_annotation_v1,A,q_한의원_09,한의웜,건강·의료 중 '한의원'을 판매·제공하는 매장,test,한의원,T6 기계변형,f865a6f3-34ef-4d59-960d-535318d7e2ba,누수탐지 민스맘의수상한가게,잡화,길음시장,전통시장,서울특별시,,,
a5269e0c656f57ad8c82,full_annotation_v1,A,q_한의원_09,한의웜,건강·의료 중 '한의원'을 판매·제공하는 매장,test,한의원,T6 기계변형,181a214d-8129-4d50-805b-53211442b29d,경희인 한의원,한의원,노룬산골목시장,전통시장,서울특별시,,,
c7aa8b7bb690b86764a2,full_annotation_v1,A,q_한의원_09,한의웜,건강·의료 중 '한의원'을 판매·제공하는 매장,test,한의원,T6 기계변형,049687c2-f8a0-4684-a17f-fd57b7fb23f3,맞춤한의원,한방진료,새마을시장,전통시장,서울특별시,,,
208b26fbf15c48802afa,full_annotation_v1,A,q_한의원_09,한의웜,건강·의료 중 '한의원'을 판매·제공하는 매장,test,한의원,T6 기계변형,1c8a8990-c1c5-4b90-99a1-09919d081f9a,건강미현대웰빙의원,진료,광산 송2송2 골목형상점가,골목형상점가,광주광역시,,,
8d081604a4134c0ac043,full_annotation_v1,A,q_한의원_09,한의웜,건강·의료 중 '한의원'을 판매·제공하는 매장,test,한의원,T6 기계변형,ddf4b52a-759d-4aef-96b4-fd79d8743428,동성 한의원,한의원,맹동혁신골목형상점가,골목형상점가,충청북도,,,
c7acb0d2cb1f2f18c93a,full_annotation_v1,A,q_한의원_09,한의웜,건강·의료 중 '한의원'을 판매·제공하는 매장,test,한의원,T6 기계변형,6d55a5f1-2336-47db-95dd-67b144415580,임한의원,한의원,미장사랑 골목형상점가,골목형상점가,전북특별자치도,,,
5729b9203203f0b6a899,full_annotation_v1,A,q_한의원_09,한의웜,건강·의료 중 '한의원'을 판매·제공하는 매장,test,한의원,T6 기계변형,783b5a13-eca0-41dc-89a5-521fab7a336d,창생 한의원,한의원,효자휴먼시아 골목형상점가,골목형상점가,전북특별자치도,,,
61fbde635ecb305831ce,full_annotation_v1,A,q_한의원_09,한의웜,건강·의료 중 '한의원'을 판매·제공하는 매장,test,한의원,T6 기계변형,0532ce10-a52b-42cf-8bd4-5412db78e694,계룡산한의원,한방의료서비스,신도안면 골목형상점가,골목형상점가,충청남도,,,
94d99e24c602b47d1687,full_annotation_v1,A,q_한의원_09,한의웜,건강·의료 중 '한의원'을 판매·제공하는 매장,test,한의원,T6 기계변형,0f8fa6de-29bb-4456-9ec0-09a25c6de577,윤쌤한의원,한의,위드수암 골목형상점가,골목형상점가,울산광역시,,,
09651750e11e0e430272,full_annotation_v1,A,q_한의원_09,한의웜,건강·의료 중 '한의원'을 판매·제공하는 매장,test,한의원,T6 기계변형,02942ca3-7579-4db2-becb-fb2b1e71e633,보광한약방,한약방,내수전통시장,전통시장,충청북도,,,
8a8ab6e9d35422b5eb14,full_annotation_v1,A,q_한의원_09,한의웜,건강·의료 중 '한의원'을 판매·제공하는 매장,test,한의원,T6 기계변형,2f9b6794-a0cf-4784-bdae-74c24837b956,대보상회,야채,서천특화시장,전통시장,충청남도,,,
19b8b5c3f3d52101ae5f,full_annotation_v1,A,q_한의원_09,한의웜,건강·의료 중 '한의원'을 판매·제공하는 매장,test,한의원,T6 기계변형,8fefd2b1-c968-452d-83de-6a820d143dc2,하늘체한의원,한의원,길주로 골목형상점가,골목형상점가,경기도,,,
542d415c71914b93df87,full_annotation_v1,A,q_한의원_09,한의웜,건강·의료 중 '한의원'을 판매·제공하는 매장,test,한의원,T6 기계변형,d675c06d-27e6-4d33-acb7-7b9b08e9456d,평단한의원,한의원,현대센트럴스퀘어,골목형상점가,경기도,,,
11ddac91a79a1348c921,full_annotation_v1,A,q_한의원_09,한의웜,건강·의료 중 '한의원'을 판매·제공하는 매장,test,한의원,T6 기계변형,9ce10344-6dad-4d23-ac20-c0c6ee1e9900,조종 한의원,한의원,조종시장,전통시장,경기도,,,
c00cb7870fc807102fbe,full_annotation_v1,A,q_한의원_09,한의웜,건강·의료 중 '한의원'을 판매·제공하는 매장,test,한의원,T6 기계변형,b16c25c0-cfe7-43ad-95a4-432627357b24,장성전자,전자제품수리,칠성전자주방시장,전통시장,대구광역시,,,
dd7fc823daceb97d2941,full_annotation_v1,A,q_한의원_09,한의웜,건강·의료 중 '한의원'을 판매·제공하는 매장,test,한의원,T6 기계변형,224c347a-ce91-4ef0-ac8d-7b3c8d32699d,광제당 한의원,한의원,선부광장로상점가,자율상권구역,경기도,,,
b81a36ca7703eeaade87,full_annotation_v1,A,q_한의원_09,한의웜,건강·의료 중 '한의원'을 판매·제공하는 매장,test,한의원,T6 기계변형,0ab1eb9a-a600-4ac0-8ce5-615819efcf3f,차차한의원,한방,배방공수 골목형상점가,골목형상점가,충청남도,,,
d638b25116221605fba1,full_annotation_v1,A,q_한의원_09,한의웜,건강·의료 중 '한의원'을 판매·제공하는 매장,test,한의원,T6 기계변형,d7e7f443-52d7-44b3-9e99-03956f8f81da,용두가스기구,가스기구,청운시장골목형상점가,골목형상점가,경기도,,,
9f54b2ec289c0ea40381,full_annotation_v1,A,q_한의원_09,한의웜,건강·의료 중 '한의원'을 판매·제공하는 매장,test,한의원,T6 기계변형,83141ea1-d7b4-470c-b280-f2a5ec3a2773,한기석한의원,한의원,풍암중앙상인회 골목형상점가,골목형상점가,광주광역시,,,
2ec27d6aa91e69adef39,full_annotation_v1,A,q_한의원_09,한의웜,건강·의료 중 '한의원'을 판매·제공하는 매장,test,한의원,T6 기계변형,d11d7d66-bb2a-4a67-bcc8-b947b2e2ebda,성채한의원,한의원,도봉산옛길골목형상점가,골목형상점가,서울특별시,,,
b94ab7e7aef3402b6021,full_annotation_v1,A,q_한의원_09,한의웜,건강·의료 중 '한의원'을 판매·제공하는 매장,test,한의원,T6 기계변형,005be19f-78f9-455e-9516-5b6ada9b2f79,명주약업사,한약도매,학성새벽시장,전통시장,울산광역시,,,
8bad25ba58fe4996f9af,full_annotation_v1,A,q_한의원_09,한의웜,건강·의료 중 '한의원'을 판매·제공하는 매장,test,한의원,T6 기계변형,4d09a537-bb63-4759-b883-9dd74072406e,후한의원,한의원,신세계앞상인회 골목형상점가,골목형상점가,광주광역시,,,
ea031b060863c76b5fa1,full_annotation_v1,A,q_한의원_09,한의웜,건강·의료 중 '한의원'을 판매·제공하는 매장,test,한의원,T6 기계변형,76d8e9cc-0071-4425-b991-013de6a7e75a,차한의원,한의원,군산나운상가 골목형상점가,골목형상점가,전북특별자치도,,,
d4daa1b8cad7c533d12e,full_annotation_v1,A,q_한의원_09,한의웜,건강·의료 중 '한의원'을 판매·제공하는 매장,test,한의원,T6 기계변형,aab2ffa8-c47d-48f0-b6a9-89f51ef16d28,허혁한의원,한의원,만년동 골목형상점가,골목형상점가,대전광역시,,,
75c0bc945aefc95140d6,full_annotation_v1,A,q_한의원_09,한의웜,건강·의료 중 '한의원'을 판매·제공하는 매장,test,한의원,T6 기계변형,53a9439e-4ae4-4b07-8cca-3f715a45c65b,규림 한의원,한의업,성안길상점가,자율상권구역,충청북도,,,
969dbfe0bf90312d90db,full_annotation_v1,A,q_한의원_09,한의웜,건강·의료 중 '한의원'을 판매·제공하는 매장,test,한의원,T6 기계변형,0ca7b056-fbc8-49cf-9e4d-dd738c848ea1,똔꼬집,한식,금호1동상가번영회 골목형상점가,골목형상점가,광주광역시,,,
7dd0f61d9a146163b1fc,full_annotation_v1,A,q_한의원_09,한의웜,건강·의료 중 '한의원'을 판매·제공하는 매장,test,한의원,T6 기계변형,1a0defb7-c84d-484d-a47d-19d95eac79d4,한민한의원,"한약, 침, 부항, 추나",괴정가장로 골목형상점가,골목형상점가,대전광역시,,,
10227d959283219f6c89,full_annotation_v1,A,q_한의원_09,한의웜,건강·의료 중 '한의원'을 판매·제공하는 매장,test,한의원,T6 기계변형,f191121e-b46e-4c8d-8f70-59833988d4fd,문경 한의원,한의원,문경전통시장,전통시장,경상북도,,,
57736931fafbdbc3c275,full_annotation_v1,A,q_한의원_09,한의웜,건강·의료 중 '한의원'을 판매·제공하는 매장,test,한의원,T6 기계변형,631741c2-a2dc-4584-9b37-0673c8d30788,영미치킨,치킨,역전시장,전통시장,충청남도,,,
c92975828b6bec129c08,full_annotation_v1,A,q_한의원_09,한의웜,건강·의료 중 '한의원'을 판매·제공하는 매장,test,한의원,T6 기계변형,57a6b333-ce17-475e-a7b5-ee5455bb91c9,육회마을(부평역점),음식,부평테마의거리 골목형 상점가,골목형상점가,인천광역시,,,
70fdabaa7d28e1bef480,full_annotation_v1,A,q_한의원_09,한의웜,건강·의료 중 '한의원'을 판매·제공하는 매장,test,한의원,T6 기계변형,cd8e9be2-b81a-46c4-91ff-2f1765c74d74,자혜한의원,한의원,하가지구 골목형상점가,골목형상점가,전북특별자치도,,,
532480ee29b756ec1179,full_annotation_v1,A,q_한의원_09,한의웜,건강·의료 중 '한의원'을 판매·제공하는 매장,test,한의원,T6 기계변형,77cfdbfc-2a2d-4cf3-9c63-2c5590d39d3c,심기쁨 한의원,한의원,불당1번가골목형상점가,골목형상점가,충청남도,,,
2427e22168c342c47b9c,full_annotation_v1,A,q_한의원_09,한의웜,건강·의료 중 '한의원'을 판매·제공하는 매장,test,한의원,T6 기계변형,91a8eb95-bab8-4dc1-8364-e039a25ab9e8,다편한 한의원,한의원,빛가람 로데오 골목형상점가,골목형상점가,전라남도,,,
b805f4a31a33586d48e4,full_annotation_v1,A,q_한의원_09,한의웜,건강·의료 중 '한의원'을 판매·제공하는 매장,test,한의원,T6 기계변형,0c2adf08-655a-4a8b-8ef7-d5846e5d1b92,코아만물,서비스(가정용기기수리),신안코아,전통시장,경기도,,,
b85da599975281d8b3ad,full_annotation_v1,A,q_한의원_09,한의웜,건강·의료 중 '한의원'을 판매·제공하는 매장,test,한의원,T6 기계변형,20ad171b-58ef-440b-bd2e-15ac23775ce1,청담한의원,침 한약 약침 추나치료 등,화정한울타리상인회 골목형상점가,골목형상점가,광주광역시,,,
c069c4e1569b11d3033b,full_annotation_v1,A,q_한의원_09,한의웜,건강·의료 중 '한의원'을 판매·제공하는 매장,test,한의원,T6 기계변형,836d8deb-1cff-410b-8a61-1deffc8b540c,홍범한의원,한의원,비단길현대시장,전통시장,서울특별시,,,
d245d83e3c902774f86a,full_annotation_v1,A,q_한의원_09,한의웜,건강·의료 중 '한의원'을 판매·제공하는 매장,test,한의원,T6 기계변형,0002538c-b8d9-4911-81c7-966789036b09,빛고을 치과의원,의원,세은 골목형상점가,골목형상점가,광주광역시,,,
9bd75f8595c4bf22f992,full_annotation_v1,A,q_한의원_09,한의웜,건강·의료 중 '한의원'을 판매·제공하는 매장,test,한의원,T6 기계변형,00523307-cc4c-4b0c-8b2f-176ca7450d24,오름한의원,한의원,아차산등산로골목형상점가,골목형상점가,서울특별시,,,
d4894ac4746c28579de0,full_annotation_v1,A,q_한의원_09,한의웜,건강·의료 중 '한의원'을 판매·제공하는 매장,test,한의원,T6 기계변형,9f2a6872-5d33-43ca-a108-515b31f110ae,양형길한의원,한의원,안말초로 골목형상점가,골목형상점가,경기도,,,
dac64dac7cd53a664750,full_annotation_v1,A,q_한의원_09,한의웜,건강·의료 중 '한의원'을 판매·제공하는 매장,test,한의원,T6 기계변형,86ff03d5-48f3-4b62-a797-0cf59f3c8597,조한의원,한의원,꽃밭정이 골목형상점가,골목형상점가,전북특별자치도,,,
8032ebc09bb4060bc9e1,full_annotation_v1,A,q_한의원_09,한의웜,건강·의료 중 '한의원'을 판매·제공하는 매장,test,한의원,T6 기계변형,efe13436-bb31-4d14-b0d5-e2e79457e496,송천이화약국,의약품,전주송천동골목형상점가,골목형상점가,전북특별자치도,,,
4cf293ce3167d10aac59,full_annotation_v1,A,q_한의원_09,한의웜,건강·의료 중 '한의원'을 판매·제공하는 매장,test,한의원,T6 기계변형,035c1b8a-8efd-4448-a276-7b9c25dadd68,광명당약업사,한약재,금산국제인삼시장,전통시장,충청남도,,,
67ba5de33e2265137e26,full_annotation_v1,A,q_한의원_09,한의웜,건강·의료 중 '한의원'을 판매·제공하는 매장,test,한의원,T6 기계변형,f6360fc7-05e6-4065-9637-1c041d2aba3c,김양식한의원,한의원,산본로데오거리(구 산본중심상가),자율상권구역,경기도,,,
e8ca6fb60c7a90e3374c,full_annotation_v1,A,q_한의원_09,한의웜,건강·의료 중 '한의원'을 판매·제공하는 매장,test,한의원,T6 기계변형,00c44c1d-ee28-4fc2-a0f0-e3454de86603,준 한의원,한방의료서비스,첨단연신로 골목형상점가,골목형상점가,광주광역시,,,
055159f15d6eb389e38c,full_annotation_v1,A,q_한의원_09,한의웜,건강·의료 중 '한의원'을 판매·제공하는 매장,test,한의원,T6 기계변형,a710a4f6-142f-43b4-a8af-4c6ba2ed8d30,경희예건한의원,한의원,맹동혁신골목형상점가,골목형상점가,충청북도,,,
e00e0e2bc4b48a257822,full_annotation_v1,A,q_한의원_09,한의웜,건강·의료 중 '한의원'을 판매·제공하는 매장,test,한의원,T6 기계변형,8639af76-715d-43ae-8765-d2de1942ef8a,더상춘한의원,한의원,신당미래유산먹거리 골목형상점가,골목형상점가,서울특별시,,,
a710c8b25352d0820796,full_annotation_v1,A,q_한의원_09,한의웜,건강·의료 중 '한의원'을 판매·제공하는 매장,test,한의원,T6 기계변형,1a6b59eb-b56d-4e10-a282-ad89b95051a9,조한의원,한의원,보정중심 골목형상점가,골목형상점가,경기도,,,
20c30a08f1e2339caa8e,full_annotation_v1,A,q_한의원_09,한의웜,건강·의료 중 '한의원'을 판매·제공하는 매장,test,한의원,T6 기계변형,93b56590-06b6-48ae-a5b5-94fec579b7ee,해람한의원,한의원,금호운천로상인회 골목형상점가,골목형상점가,광주광역시,,,
3049304c9f86f653bcba,full_annotation_v1,A,q_한의원_09,한의웜,건강·의료 중 '한의원'을 판매·제공하는 매장,test,한의원,T6 기계변형,abf6c1c8-e6df-46de-9acb-6438af067851,문성진 한의원,한의원,문흥라인아파트 골목형상점가,골목형상점가,광주광역시,,,
6eb27ec230d9283063a3,full_annotation_v1,A,q_한의원_09,한의웜,건강·의료 중 '한의원'을 판매·제공하는 매장,test,한의원,T6 기계변형,04a734bb-1790-4ecd-9398-2fd3359294d0,제일의원,진료,두암시장주변 골목형상점가,골목형상점가,광주광역시,,,
83afdebf18d582348f8a,full_annotation_v1,A,q_한의원_09,한의웜,건강·의료 중 '한의원'을 판매·제공하는 매장,test,한의원,T6 기계변형,802c11b2-50c5-41b0-871a-c25c27c4d4fe,세봉한의원,한의원,남천골목시장 골목형상점가,골목형상점가,부산광역시,,,
f32e4b402d3a7fea8343,full_annotation_v1,A,q_한의원_09,한의웜,건강·의료 중 '한의원'을 판매·제공하는 매장,test,한의원,T6 기계변형,26226842-a08c-47c4-ba86-074f3f85f97e,윤재권 한의원,한의원,북항사랑 골목형상점가,골목형상점가,전라남도,,,
262a133dcaad6e415897,full_annotation_v1,A,q_한의원_09,한의웜,건강·의료 중 '한의원'을 판매·제공하는 매장,test,한의원,T6 기계변형,0056dcd4-0ac0-4535-9ee5-c8fd19d8ff14,중화한의원,한의원,보령한내시장,전통시장,충청남도,,,
404cdf0b37c10a51f4ff,full_annotation_v1,A,q_한의원_09,한의웜,건강·의료 중 '한의원'을 판매·제공하는 매장,test,한의원,T6 기계변형,06275db0-3bc6-4cb2-b2d0-9c2172db74f9,장편한김용성내과,진료,산본로데오거리(구 산본중심상가),자율상권구역,경기도,,,
f991643849c7b39b0dd6,full_annotation_v1,A,q_한의원_09,한의웜,건강·의료 중 '한의원'을 판매·제공하는 매장,test,한의원,T6 기계변형,29a20609-dd52-4fb7-a50f-700260b8f633,더준 한의원,한의원,전남대후문골목형상점가,골목형상점가,광주광역시,,,
50c8ed9a912c30b9564e,full_annotation_v1,A,q_한의원_09,한의웜,건강·의료 중 '한의원'을 판매·제공하는 매장,test,한의원,T6 기계변형,ad8a7fe3-20a3-4b35-bb45-717603da088a,용인DATE,여성남성의류,용인중앙시장,전통시장,경기도,,,
1932ca1a4c3966e581a8,full_annotation_v1,A,q_한의원_09,한의웜,건강·의료 중 '한의원'을 판매·제공하는 매장,test,한의원,T6 기계변형,02b05ddb-3724-4a0c-b4ef-b9791576d5a0,산본한의원,한약,산본전통시장(구 군포산본시장),전통시장,경기도,,,
4a1b8d10dc7789238e1d,full_annotation_v1,A,q_한의원_09,한의웜,건강·의료 중 '한의원'을 판매·제공하는 매장,test,한의원,T6 기계변형,1e9acc2f-d07c-4624-8224-0b40897eeb43,이강훈 한의원,한의약품,방이시장,전통시장,서울특별시,,,
bd1b3089e3e587c6b981,full_annotation_v1,A,q_햄버거_01,햄버거,음식점 중 '햄버거'를 판매·제공하는 매장,test,햄버거,T1 정확표기,adf43be2-ffc2-449c-a796-f36d046d744b,맘스터치선부점,햄버거,선부광장로상점가,자율상권구역,경기도,,,
1ac1ed69d6260afe5e6d,full_annotation_v1,A,q_햄버거_01,햄버거,음식점 중 '햄버거'를 판매·제공하는 매장,test,햄버거,T1 정확표기,c4ac7c28-9215-4d75-a3e9-655652f9801d,맘스터치,햄버거,신용동 큰 사거리 골목형상점가,골목형상점가,광주광역시,,,
c5fa9267dd30d5c24cfb,full_annotation_v1,A,q_햄버거_01,햄버거,음식점 중 '햄버거'를 판매·제공하는 매장,test,햄버거,T1 정확표기,0a853893-7778-46a5-b7ba-a3ab8601f345,더크래프트버거세종도담점,햄버거,도담동 골목형상점가,골목형상점가,세종특별자치시,,,
560fecfcba757b8731cd,full_annotation_v1,A,q_햄버거_01,햄버거,음식점 중 '햄버거'를 판매·제공하는 매장,test,햄버거,T1 정확표기,0c0d9152-f3be-4480-be7a-9b7502043c1b,프랭크버거세종고운점,햄버거,고운동상점가,자율상권구역,세종특별자치시,,,
aed41e11badb36ae7412,full_annotation_v1,A,q_햄버거_01,햄버거,음식점 중 '햄버거'를 판매·제공하는 매장,test,햄버거,T1 정확표기,d940e377-a3b9-498d-a008-b5b32b7fc707,맘스터치방이점,햄버거,방이시장,전통시장,서울특별시,,,
f018ba958c148848503a,full_annotation_v1,A,q_햄버거_01,햄버거,음식점 중 '햄버거'를 판매·제공하는 매장,test,햄버거,T1 정확표기,5e3fc31c-f7d0-4773-a17a-302450018cd3,부,버거,대연골목시장 골목형상점가,골목형상점가,부산광역시,,,
0937041827f188fc5953,full_annotation_v1,A,q_햄버거_01,햄버거,음식점 중 '햄버거'를 판매·제공하는 매장,test,햄버거,T1 정확표기,cc3719b5-cfda-42ce-8a14-a7c835f1e5dc,프랭크버거광주첨단신용점,햄버거,신용동 골목형상점가,골목형상점가,광주광역시,,,
18e74b54edb9fc61c2d7,full_annotation_v1,A,q_햄버거_01,햄버거,음식점 중 '햄버거'를 판매·제공하는 매장,test,햄버거,T1 정확표기,eaf863e8-a661-4ba2-9829-39c6424b6e6a,비행접시버거,햄버거,성안길상점가,자율상권구역,충청북도,,,
f39447a27ca48229e73f,full_annotation_v1,A,q_햄버거_01,햄버거,음식점 중 '햄버거'를 판매·제공하는 매장,test,햄버거,T1 정확표기,a5683b8c-f865-46ba-bba9-462f15eff405,벤티버거,햄버거,전남대후문골목형상점가,골목형상점가,광주광역시,,,
23dddea29fcd4a72395c,full_annotation_v1,A,q_햄버거_01,햄버거,음식점 중 '햄버거'를 판매·제공하는 매장,test,햄버거,T1 정확표기,e2fff35e-dbe6-45ab-9806-f14608245875,롯데리아남문성안길점,햄버거,성안길상점가,자율상권구역,충청북도,,,
36c286577cb9f5ad29e8,full_annotation_v1,A,q_햄버거_01,햄버거,음식점 중 '햄버거'를 판매·제공하는 매장,test,햄버거,T1 정확표기,e2e955e5-7b72-4e73-8ee6-452301207527,화경양꼬치,양꼬치,금촌문화로시장,전통시장,경기도,,,
f43d0ccd7e6960fb68f2,full_annotation_v1,A,q_햄버거_01,햄버거,음식점 중 '햄버거'를 판매·제공하는 매장,test,햄버거,T1 정확표기,5b46e308-acfa-4bea-9f06-605fd4811b76,함부르크버거,햄버거,영천 골목형상점가,골목형상점가,광주광역시,,,
dc40a039b85b981ea629,full_annotation_v1,A,q_햄버거_01,햄버거,음식점 중 '햄버거'를 판매·제공하는 매장,test,햄버거,T1 정확표기,23e76311-a0ae-439a-a6f5-1a6bfd00efc5,맘스터치구미인동점,햄버거,인동중앙상점가,골목형상점가,경상북도,,,
f3c17ff02047b7ec8668,full_annotation_v1,A,q_햄버거_01,햄버거,음식점 중 '햄버거'를 판매·제공하는 매장,test,햄버거,T1 정확표기,f13ff555-de07-4d94-a182-2be12f9be18f,맘스터치,햄버거,탕정미래 골목형상점가,골목형상점가,충청남도,,,
1be4a15879af95d611cf,full_annotation_v1,A,q_햄버거_01,햄버거,음식점 중 '햄버거'를 판매·제공하는 매장,test,햄버거,T1 정확표기,08620365-64fa-45a2-8fbf-ae89e70eac12,제프,햄버거,김녕로 골목형상점가,골목형상점가,제주특별자치도,,,
d211fc558c774c27424c,full_annotation_v1,A,q_햄버거_01,햄버거,음식점 중 '햄버거'를 판매·제공하는 매장,test,햄버거,T1 정확표기,0f45a390-df2c-4313-9fdc-69b09d81f913,빌리언박스,햄버거,희담길,골목형상점가,광주광역시,,,
f47fa153eec984212e92,full_annotation_v1,A,q_햄버거_01,햄버거,음식점 중 '햄버거'를 판매·제공하는 매장,test,햄버거,T1 정확표기,0afcfe69-7d1e-4e29-aee1-efe41c86cb8c,버거앤타코,"버거, 타코",소촌골 골목형상점가,골목형상점가,광주광역시,,,
059e225f40c30d58169f,full_annotation_v1,A,q_햄버거_01,햄버거,음식점 중 '햄버거'를 판매·제공하는 매장,test,햄버거,T1 정확표기,ee51e614-0aef-4b19-a000-acabf68183b1,뉴욕버거,햄버거,양주신산시장마을상점가,골목형상점가,경기도,,,
973fb61840e21365e96c,full_annotation_v1,A,q_햄버거_01,햄버거,음식점 중 '햄버거'를 판매·제공하는 매장,test,햄버거,T1 정확표기,4fbc560d-031f-4dbb-b908-a43ac4659b14,븨븨티(VVT)버거,햄버거,대구예전우시장,전통시장,대구광역시,,,
3d12ddaf1cf04c2d1a8d,full_annotation_v1,A,q_햄버거_01,햄버거,음식점 중 '햄버거'를 판매·제공하는 매장,test,햄버거,T1 정확표기,b32668b1-f0d3-4add-82aa-8a0f01f19899,에이빌리지(AVILLAGE),의류,남양주장현전통시장,전통시장,경기도,,,
d1bd306a1c067c22b16d,full_annotation_v1,A,q_햄버거_01,햄버거,음식점 중 '햄버거'를 판매·제공하는 매장,test,햄버거,T1 정확표기,32cb12b3-8dc4-473e-97ab-dbd8f01ac31d,롯데리아부산서동점,햄버거,서동향토시장,전통시장,부산광역시,,,
59f7b1782fb1783f6b0d,full_annotation_v1,A,q_햄버거_01,햄버거,음식점 중 '햄버거'를 판매·제공하는 매장,test,햄버거,T1 정확표기,2f6929d0-5589-4b7e-9d95-488238035d46,버거앤타코,햄버거,공주대학로 골목형 상점가,골목형상점가,충청남도,,,
0f6895c6ff258b131e85,full_annotation_v1,A,q_햄버거_01,햄버거,음식점 중 '햄버거'를 판매·제공하는 매장,test,햄버거,T1 정확표기,40cc82ec-4bf3-48bf-8ad0-36af3efb0175,기프트버거,햄버거,중동효성 골목형상점가,골목형상점가,대구광역시,,,
790fba82569e96102d97,full_annotation_v1,A,q_햄버거_01,햄버거,음식점 중 '햄버거'를 판매·제공하는 매장,test,햄버거,T1 정확표기,f426aefb-598f-4eb3-8f05-753c97ea4669,왓더버거우산점,햄버거,상지대길골목형상점가,골목형상점가,강원특별자치도,,,
a94fe1cf11b2b7904505,full_annotation_v1,A,q_햄버거_01,햄버거,음식점 중 '햄버거'를 판매·제공하는 매장,test,햄버거,T1 정확표기,b576034e-31a2-46a5-9ac0-c80b58b54447,움버거앤윙스,햄버거,전남대후문골목형상점가,골목형상점가,광주광역시,,,
2c3bdf0773c40b772cce,full_annotation_v1,A,q_햄버거_01,햄버거,음식점 중 '햄버거'를 판매·제공하는 매장,test,햄버거,T1 정확표기,9caf9d3d-84e6-497c-a1a0-2c941640c9a3,어반르토아,햄버거,이도패션거리 골목형상점가,골목형상점가,제주특별자치도,,,
a1b2e773322a89e1b056,full_annotation_v1,A,q_햄버거_01,햄버거,음식점 중 '햄버거'를 판매·제공하는 매장,test,햄버거,T1 정확표기,95297f3a-a6cb-4ea0-a3aa-83614ea958ab,롯데리아신부여점,햄버거,부여도심 상권활성화구역,상권활성화구역,충청남도,,,
0def5b15b12bc054e986,full_annotation_v1,A,q_햄버거_01,햄버거,음식점 중 '햄버거'를 판매·제공하는 매장,test,햄버거,T1 정확표기,4339c5dd-80a5-4ab5-bd23-f142c21aebbc,명성상회,식품잡화,서문시장건해산물상가,전통시장,대구광역시,,,
543dbdb6c720b606bebf,full_annotation_v1,A,q_햄버거_01,햄버거,음식점 중 '햄버거'를 판매·제공하는 매장,test,햄버거,T1 정확표기,6609b295-1163-4dd0-9e69-7539d265c169,맘스터치구미원평점,햄버거,문화로 자율상권구역,상권활성화구역,경상북도,,,
7c7a63829850d813b267,full_annotation_v1,A,q_햄버거_01,햄버거,음식점 중 '햄버거'를 판매·제공하는 매장,test,햄버거,T1 정확표기,9b9f28a5-a713-4401-bff4-c9b0629c4115,노브랜드버거,햄버거,조대장미의거리 상점가,자율상권구역,광주광역시,,,
f78c859ebefbfffd157e,full_annotation_v1,A,q_햄버거_01,햄버거,음식점 중 '햄버거'를 판매·제공하는 매장,test,햄버거,T1 정확표기,cdb733a7-43ea-43a6-b2c7-93ba34fe73ab,롯데리아반석,햄버거,반석동 골목형상점가,골목형상점가,대전광역시,,,
d0bb18f2741f028407ca,full_annotation_v1,A,q_햄버거_01,햄버거,음식점 중 '햄버거'를 판매·제공하는 매장,test,햄버거,T1 정확표기,b5546189-04c0-4015-bbb0-66011373ee7b,레커버거,햄버거,수완장덕 골목형상점가,골목형상점가,광주광역시,,,
554c35bcfbfc8ad9d7b9,full_annotation_v1,A,q_햄버거_01,햄버거,음식점 중 '햄버거'를 판매·제공하는 매장,test,햄버거,T1 정확표기,f64bebaf-6903-4ad9-83c0-c2dabf575807,양림버거,햄버거,양림천변좌로 골목형상점가,골목형상점가,광주광역시,,,
13e20bd200115cfc2f20,full_annotation_v1,A,q_햄버거_01,햄버거,음식점 중 '햄버거'를 판매·제공하는 매장,test,햄버거,T1 정확표기,5a7c7d19-e109-4651-893a-bac5bd4f61dd,보어드앤헝그리,햄버거,경의숲길서강 골목형상점가,골목형상점가,서울특별시,,,
bfd3a20f50facbfd8d2b,full_annotation_v1,A,q_햄버거_01,햄버거,음식점 중 '햄버거'를 판매·제공하는 매장,test,햄버거,T1 정확표기,8e9c5e3b-25a8-4a1b-b28b-f10825b420fb,필버거,피자 햄버거,매드블럭 골목형상점가,골목형상점가,대전광역시,,,
f7ab1547bc0a84caadb2,full_annotation_v1,A,q_햄버거_01,햄버거,음식점 중 '햄버거'를 판매·제공하는 매장,test,햄버거,T1 정확표기,24d57c69-b32d-400e-aa32-09bc07d60fda,나인직물,도소매(화섬직),광장전통시장,자율상권구역,서울특별시,,,
e74aebc95de9e15bf5cb,full_annotation_v1,A,q_햄버거_01,햄버거,음식점 중 '햄버거'를 판매·제공하는 매장,test,햄버거,T1 정확표기,603dba30-abf7-4670-bda3-6f3bbb02a335,기프트버거구미1호점,햄버거,옥계 부성상가,골목형상점가,경상북도,,,
23437d8ec525aa98fb0e,full_annotation_v1,A,q_햄버거_01,햄버거,음식점 중 '햄버거'를 판매·제공하는 매장,test,햄버거,T1 정확표기,5ced3c35-00aa-49dc-9dc7-517431f22faa,칠공버거,햄버거,당감골목시장,전통시장,부산광역시,,,
6b316dda2acacfe4f36c,full_annotation_v1,A,q_햄버거_01,햄버거,음식점 중 '햄버거'를 판매·제공하는 매장,test,햄버거,T1 정확표기,b8dad871-7547-4017-89d2-8dcf84504b00,롯데리아여주375아울렛,햄버거,여주375아울렛상점가,자율상권구역,경기도,,,
d25b25b51cffca1e50a6,full_annotation_v1,A,q_햄버거_01,햄버거,음식점 중 '햄버거'를 판매·제공하는 매장,test,햄버거,T1 정확표기,03346a87-e628-4c4a-80ed-f1d23dee1aee,시카고치즈버거,햄버거,우치로231번길 골목형상점가,골목형상점가,광주광역시,,,
816a24a70e5d1c9dd396,full_annotation_v1,A,q_햄버거_01,햄버거,음식점 중 '햄버거'를 판매·제공하는 매장,test,햄버거,T1 정확표기,20cc8073-cd55-4986-962f-23a439360be8,계남버거,햄버거,부평깡시장,전통시장,인천광역시,,,
a123253e2f272b023ec5,full_annotation_v1,A,q_햄버거_01,햄버거,음식점 중 '햄버거'를 판매·제공하는 매장,test,햄버거,T1 정확표기,048a4d84-09bc-43dc-9a72-588b7b823b1a,뉴욕버거춘천명동점,햄버거,춘천명동상점가,자율상권구역,강원특별자치도,,,
0e287848cb1e0f4d445d,full_annotation_v1,A,q_햄버거_01,햄버거,음식점 중 '햄버거'를 판매·제공하는 매장,test,햄버거,T1 정확표기,45109a5c-6265-441f-8ea4-3a164574734b,버거리 광주 동명점,버거,동명동 카페거리 골목형상점가,골목형상점가,광주광역시,,,
322b0f3c04c7a544d67b,full_annotation_v1,A,q_햄버거_01,햄버거,음식점 중 '햄버거'를 판매·제공하는 매장,test,햄버거,T1 정확표기,208a75d6-481a-4704-a51a-f6f7f883a589,롯데리아송촌점,햄버거,송촌동상점가,자율상권구역,대전광역시,,,
1848956f4dd8c1f5f791,full_annotation_v1,A,q_햄버거_01,햄버거,음식점 중 '햄버거'를 판매·제공하는 매장,test,햄버거,T1 정확표기,ad41ba3c-5aed-4a28-961d-32cd6baf9590,더피플버거,햄버거,연신내골목형상점가,골목형상점가,서울특별시,,,
27eba2a0b59343dfdee2,full_annotation_v1,A,q_햄버거_01,햄버거,음식점 중 '햄버거'를 판매·제공하는 매장,test,햄버거,T1 정확표기,613ac1e7-3c51-4443-86ca-0246ddf89e4f,롯데리아조치원점,햄버거,조치원중심가로상점가,자율상권구역,세종특별자치시,,,
47a67c2e5e40d7538d0d,full_annotation_v1,A,q_햄버거_01,햄버거,음식점 중 '햄버거'를 판매·제공하는 매장,test,햄버거,T1 정확표기,6d5358cb-3a6a-41be-a0f0-6ae5578f4005,버거리버거,햄버거,신용동 골목형상점가,골목형상점가,광주광역시,,,
4ff810595c85ba80baf6,full_annotation_v1,A,q_햄버거_01,햄버거,음식점 중 '햄버거'를 판매·제공하는 매장,test,햄버거,T1 정확표기,94150098-9d12-4dd4-a040-8dbf82452d2a,롯데리아울산전하점,햄버거,동울산종합시장,전통시장,울산광역시,,,
a0323294675ef3bcad29,full_annotation_v1,A,q_햄버거_01,햄버거,음식점 중 '햄버거'를 판매·제공하는 매장,test,햄버거,T1 정확표기,044dcae4-08b1-46c8-acd9-f5686630cf4e,블리스버거(까치울역점),햄버거,까치울역카페거리 골목형상점가,골목형상점가,경기도,,,
1afdce29e8811cf6af41,full_annotation_v1,A,q_햄버거_01,햄버거,음식점 중 '햄버거'를 판매·제공하는 매장,test,햄버거,T1 정확표기,9a37346b-40c9-46f9-b09b-4fecb97e9352,롯데리아,햄버거,동천동먹자골목2번가상인회 골목형상점가,골목형상점가,광주광역시,,,
3b4fb838dbfa979f57c7,full_annotation_v1,A,q_햄버거_01,햄버거,음식점 중 '햄버거'를 판매·제공하는 매장,test,햄버거,T1 정확표기,86f28296-014b-49d4-8769-b40481883b2b,오지버거,햄버거,지웰시티자이상가 골목형상점가,골목형상점가,울산광역시,,,
8d2820820d8b3f3deb0d,full_annotation_v1,A,q_햄버거_01,햄버거,음식점 중 '햄버거'를 판매·제공하는 매장,test,햄버거,T1 정확표기,fb38c321-f0d8-4681-817f-a8e7b570e7af,버거피스,햄버거,신응암시장,전통시장,서울특별시,,,
8267274f9525ff70f164,full_annotation_v1,A,q_햄버거_01,햄버거,음식점 중 '햄버거'를 판매·제공하는 매장,test,햄버거,T1 정확표기,a3c4ddae-27dd-45c7-9e41-f1424b9b4952,노브랜드버거,햄버거,문흥동 골목형상점가,골목형상점가,광주광역시,,,
a613d96f7dcc7ef02813,full_annotation_v1,A,q_햄버거_01,햄버거,음식점 중 '햄버거'를 판매·제공하는 매장,test,햄버거,T1 정확표기,ce664ee3-c2c4-4e4b-8b59-6a4b36b54294,달라스햄버거,햄버거,단양팔경 골목형상점가,골목형상점가,충청북도,,,
c581b77432d5c807dfdd,full_annotation_v1,A,q_햄버거_01,햄버거,음식점 중 '햄버거'를 판매·제공하는 매장,test,햄버거,T1 정확표기,193ac7ee-d7d5-419c-9b9a-019188656020,노브랜드버거안동중앙점,햄버거,안동중앙문화의거리상점가,자율상권구역,경상북도,,,
dfcd715e0c931119cbee,full_annotation_v1,A,q_햄버거_01,햄버거,음식점 중 '햄버거'를 판매·제공하는 매장,test,햄버거,T1 정확표기,a40e5e3c-f72d-4166-ba35-feb3dd2cd1a0,프랭크버거춘천강원대점,햄버거,강원대학교후문골목형상점가,골목형상점가,강원특별자치도,,,
a1bacb2f6ffbb49fd8ce,full_annotation_v1,A,q_햄버거_01,햄버거,음식점 중 '햄버거'를 판매·제공하는 매장,test,햄버거,T1 정확표기,7799fde2-c2ef-41cc-8be0-ee33bc407f9a,마풍1호점,햄버거,중앙신시장,전통시장,경상북도,,,
fa748b8e413c5362f8d3,full_annotation_v1,A,q_햄버거_01,햄버거,음식점 중 '햄버거'를 판매·제공하는 매장,test,햄버거,T1 정확표기,3d6871aa-fdee-49f9-b9ef-69a0f57800b6,배스킨라빈스포항대흥점,아이스크림,포항중앙상가,전통시장,경상북도,,,
303de1ef480489dc24ac,full_annotation_v1,A,q_햄버거_01,햄버거,음식점 중 '햄버거'를 판매·제공하는 매장,test,햄버거,T1 정확표기,09e5fb7c-d0cc-4720-92df-5a5cece636c7,샐러리아 잠실본점,샐러드,방이시장,전통시장,서울특별시,,,
c3c4e96d9849cfd41900,full_annotation_v1,A,q_햄버거_01,햄버거,음식점 중 '햄버거'를 판매·제공하는 매장,test,햄버거,T1 정확표기,685e2124-e381-409f-85f0-58fb4f00c423,덤버거,햄버거,광명새마을시장,전통시장,경기도,,,
d9999e9c00b1d79dfe1c,full_annotation_v1,A,q_햄버거_01,햄버거,음식점 중 '햄버거'를 판매·제공하는 매장,test,햄버거,T1 정확표기,bccb69b9-cc8f-48f3-8bc0-056647103e4f,금자씨네 한우국밥,,송촌동상점가,자율상권구역,대전광역시,,,
0a58049560b4049a7261,full_annotation_v1,A,q_햄버거_01,햄버거,음식점 중 '햄버거'를 판매·제공하는 매장,test,햄버거,T1 정확표기,becf76a5-a380-4dc9-b259-435025fd64c1,꽃이피다헤어,미용업,대소시장,전통시장,충청북도,,,
a0db932e47898be01c6d,full_annotation_v1,A,q_햄버거_01,햄버거,음식점 중 '햄버거'를 판매·제공하는 매장,test,햄버거,T1 정확표기,34e4f699-a992-4765-abbb-1af99f6bc9de,옛날손두부,두부,토지금고시장,전통시장,인천광역시,,,
90b8ddb6b6366246784e,full_annotation_v1,A,q_햄버거_01,햄버거,음식점 중 '햄버거'를 판매·제공하는 매장,test,햄버거,T1 정확표기,c0f6e9ae-99ee-4ad3-94a9-01390e384d7a,동관종합베어링,"바퀴, 베어링",산업용재관,전통시장,대구광역시,,,
2d1d59826199197b139f,full_annotation_v1,A,q_햄버거_01,햄버거,음식점 중 '햄버거'를 판매·제공하는 매장,test,햄버거,T1 정확표기,8c7f03a6-94c2-4ad1-a560-36fbedddafb1,맘스터치,햄버거,박물관거리 골목형상점가,골목형상점가,전라남도,,,
c82577db21b4007da382,full_annotation_v1,A,q_햄버거_01,햄버거,음식점 중 '햄버거'를 판매·제공하는 매장,test,햄버거,T1 정확표기,ac990665-e235-41c5-88e5-966566ab6e42,버거위드,햄버거,포레나 골목형상점가,골목형상점가,전북특별자치도,,,
407872fd7f8285db388b,full_annotation_v1,A,q_햄버거_01,햄버거,음식점 중 '햄버거'를 판매·제공하는 매장,test,햄버거,T1 정확표기,0647c6fc-99f8-43c3-ba31-039067ac08d5,스테이플버거,햄버거,오류버들시장골목형상점가,골목형상점가,서울특별시,,,
e27de885844fabf9018a,full_annotation_v1,A,q_햄버거_01,햄버거,음식점 중 '햄버거'를 판매·제공하는 매장,test,햄버거,T1 정확표기,bed2c327-227f-4b61-b1b6-0f27eb5024e9,프랭크버거과천중앙점,햄버거,별양동상점가,자율상권구역,경기도,,,
2d28f009136b1fd06a87,full_annotation_v1,A,q_햄버거_01,햄버거,음식점 중 '햄버거'를 판매·제공하는 매장,test,햄버거,T1 정확표기,8f8bd57a-66d0-4d80-aac2-b034d607a2d2,맘스터지,햄버거,포항 지곡에드빌 골목형상점가,골목형상점가,경상북도,,,
4607e24a5b29778669ba,full_annotation_v1,A,q_햄버거_01,햄버거,음식점 중 '햄버거'를 판매·제공하는 매장,test,햄버거,T1 정확표기,a91e34b4-bd04-4a2b-b4b6-7c72db1288f5,송두학햄버거,햄버거,평택국제중앙시장,전통시장,경기도,,,
2119b8c11360a94f04f5,full_annotation_v1,A,q_햄버거_01,햄버거,음식점 중 '햄버거'를 판매·제공하는 매장,test,햄버거,T1 정확표기,4042d8b1-49cc-4651-84a8-083c1a73b69c,버거리버거,햄버거,단국대 앞 골목형상점가,골목형상점가,경기도,,,
3fea51c682e28a0c1426,full_annotation_v1,A,q_햄버거_01,햄버거,음식점 중 '햄버거'를 판매·제공하는 매장,test,햄버거,T1 정확표기,fa4cb356-db57-41a8-85da-568a3b8aaa40,레커버거전남대점,햄버거,전남대 상대 골목형상점가,골목형상점가,광주광역시,,,
8c5fc5d7fb0390d38d14,full_annotation_v1,A,q_햄버거_01,햄버거,음식점 중 '햄버거'를 판매·제공하는 매장,test,햄버거,T1 정확표기,c927dabb-0943-40e3-94d8-ee688cbfbb6f,맘스터치,햄버거,화삼골상인회 골목형상점가,골목형상점가,광주광역시,,,
fcf490d13de33e05339a,full_annotation_v1,A,q_햄버거_01,햄버거,음식점 중 '햄버거'를 판매·제공하는 매장,test,햄버거,T1 정확표기,1599d392-aa8e-4d0d-a6b2-0d8df0dc04b3,버거고,햄버거,공릉동도깨비시장,전통시장,서울특별시,,,
4b905c67329f392b5a0f,full_annotation_v1,A,q_햄버거_01,햄버거,음식점 중 '햄버거'를 판매·제공하는 매장,test,햄버거,T1 정확표기,40520830-dd25-4540-8ef0-b4c12d990c0f,맘스터치 매탄2호점,"버거, 치킨",매탄중심상가 골목형상점가,골목형상점가,경기도,,,
9dd160817eacc6759cef,full_annotation_v1,A,q_햄버거_01,햄버거,음식점 중 '햄버거'를 판매·제공하는 매장,test,햄버거,T1 정확표기,cad7ce11-6e3b-4ffc-b035-50065669e445,프랭크버거문화점,햄버거,문화1동 골목형상점가,골목형상점가,대전광역시,,,
0693808c8f205bb581c5,full_annotation_v1,A,q_햄버거_01,햄버거,음식점 중 '햄버거'를 판매·제공하는 매장,test,햄버거,T1 정확표기,bb7d2974-b8e8-41fd-9f58-4b9056e3cf41,롯데리아온양점,햄버거,"온양온천시장(온양재래시장, 전통시장)",전통시장,충청남도,,,
d8a8af09a3e8b63c19aa,full_annotation_v1,A,q_햄버거_01,햄버거,음식점 중 '햄버거'를 판매·제공하는 매장,test,햄버거,T1 정확표기,f9970446-d87f-4013-9030-1a10e54c5144,엘로우번,햄버거,청계면 목대후문 골목형상점가,골목형상점가,전라남도,,,
33576f1085d42dbff23e,full_annotation_v1,A,q_햄버거_01,햄버거,음식점 중 '햄버거'를 판매·제공하는 매장,test,햄버거,T1 정확표기,6efe6494-fe9a-44c3-a58e-94f4dada1113,프랭크버거강릉유천점,햄버거,유천택지올림픽길골목형상점가,골목형상점가,강원특별자치도,,,
fa54b7e7e148711e683d,full_annotation_v1,A,q_햄버거_01,햄버거,음식점 중 '햄버거'를 판매·제공하는 매장,test,햄버거,T1 정확표기,ad013fa4-870a-43b3-be89-9722613eb71b,충남농산,소매(기타),영동전통시장,전통시장,서울특별시,,,
f84b5ed346e0bd26d53f,full_annotation_v1,A,q_햄버거_01,햄버거,음식점 중 '햄버거'를 판매·제공하는 매장,test,햄버거,T1 정확표기,d132e948-d816-4899-92d9-0c46a03691d4,풍암돌판삼겹살,한식,풍암신암상인회 골목형상점가,골목형상점가,광주광역시,,,
e57888c8325e94a87998,full_annotation_v1,A,q_햄버거_01,햄버거,음식점 중 '햄버거'를 판매·제공하는 매장,test,햄버거,T1 정확표기,37e47567-ca6f-414a-b43d-bc555c966af8,코지버거,햄버거,전북대대학로상점가,자율상권구역,전북특별자치도,,,
4c90e0048b1f86ede1fc,full_annotation_v1,A,q_햄버거_01,햄버거,음식점 중 '햄버거'를 판매·제공하는 매장,test,햄버거,T1 정확표기,ca0e35cd-fca2-4ac3-a635-9fc2ae6fe363,론스타텍스멕스,햄버거,행복로골목형상점가,골목형상점가,경기도,,,
6a8bb0141272a70272ab,full_annotation_v1,A,q_햄버거_01,햄버거,음식점 중 '햄버거'를 판매·제공하는 매장,test,햄버거,T1 정확표기,98cfb43c-df74-40c5-8029-db85b12660ec,롯데리아,햄버거,오치 설죽로 골목형상점가,골목형상점가,광주광역시,,,
72ace3ff422deb4ea19e,full_annotation_v1,A,q_햄버거_01,햄버거,음식점 중 '햄버거'를 판매·제공하는 매장,test,햄버거,T1 정확표기,fdac2a4c-ec0e-4a2a-bb4d-1613b808db22,프랭크버거광주상무점,햄버거,상무중앙로46구역상인회 골목형상점가,골목형상점가,광주광역시,,,
c931e2b87ee53429637a,full_annotation_v1,A,q_햄버거_01,햄버거,음식점 중 '햄버거'를 판매·제공하는 매장,test,햄버거,T1 정확표기,e6b80137-8a47-41da-9012-3caa77a8dde6,담양버거,햄버거,담양중앙 골목형상점가,골목형상점가,전라남도,,,
f565ae0813cae649e630,full_annotation_v1,A,q_햄버거_01,햄버거,음식점 중 '햄버거'를 판매·제공하는 매장,test,햄버거,T1 정확표기,1f76fd54-fb9d-432c-ba2a-3e78e1043730,텐버거 산본점,햄버거,산본로데오거리(구 산본중심상가),자율상권구역,경기도,,,
edbd1fec81f7b717bb89,full_annotation_v1,A,q_햄버거_01,햄버거,음식점 중 '햄버거'를 판매·제공하는 매장,test,햄버거,T1 정확표기,4f0a4e02-6ccd-424f-b36e-a5e3095e32b6,위베이프 가오동전자담배 가오점,,가오동 골목형상점가,골목형상점가,대전광역시,,,
c3cecd8f2a402e78ee25,full_annotation_v1,A,q_햄버거_01,햄버거,음식점 중 '햄버거'를 판매·제공하는 매장,test,햄버거,T1 정확표기,120aaeb7-8752-43dc-a11b-69689a62ddfc,프랭크버거광주송정점,햄버거,광산 송2송2 골목형상점가,골목형상점가,광주광역시,,,
6b3d0e408dd8a629582c,full_annotation_v1,A,q_햄버거_01,햄버거,음식점 중 '햄버거'를 판매·제공하는 매장,test,햄버거,T1 정확표기,8de5ea53-1ad5-4ee1-aec4-4f06fbb9573c,스킨에비뉴,피부 미용,흥국상가,자율상권구역,전라남도,,,
9bd01b623d7837f57ea2,full_annotation_v1,A,q_햄버거_01,햄버거,음식점 중 '햄버거'를 판매·제공하는 매장,test,햄버거,T1 정확표기,a5db1ed8-d00f-44e1-908d-1e6c1ea56db9,맘스터치,햄버거,목원대 골목형상점가,골목형상점가,대전광역시,,,
8d4f5dcaf711af387949,full_annotation_v1,A,q_햄버거_01,햄버거,음식점 중 '햄버거'를 판매·제공하는 매장,test,햄버거,T1 정확표기,04dcc11e-b36e-4dd3-9900-84253c34983b,맘스터치순천대점,"치킨, 버거",순천대1번상가,자율상권구역,전라남도,,,
aef294f872cb57a6f9d0,full_annotation_v1,A,q_햄버거_01,햄버거,음식점 중 '햄버거'를 판매·제공하는 매장,test,햄버거,T1 정확표기,6be411ee-b171-4e25-82bb-f086d734e27d,버거스낵,햄버거,경리단길 골목형상점가,골목형상점가,서울특별시,,,
8519471e4b13399a05f4,full_annotation_v1,A,q_햄버거_01,햄버거,음식점 중 '햄버거'를 판매·제공하는 매장,test,햄버거,T1 정확표기,ffd8a7fb-e0f7-4566-9806-1faeb41127fb,노브랜드버거광주전남대점,햄버거,전남대후문골목형상점가,골목형상점가,광주광역시,,,
b714c6d88ef9609c24fb,full_annotation_v1,A,q_햄버거_01,햄버거,음식점 중 '햄버거'를 판매·제공하는 매장,test,햄버거,T1 정확표기,229c5c01-d1fc-4bc6-ad25-1bcaefdb01da,롯데리아구미점,햄버거,구미역중앙 골목형상점가,골목형상점가,경상북도,,,
ba9b7dfe0d1ca9a20172,full_annotation_v1,A,q_햄버거_01,햄버거,음식점 중 '햄버거'를 판매·제공하는 매장,test,햄버거,T1 정확표기,bbb3d889-ecf8-4529-be1f-705ad31052c6,포런버거,햄버거,천천중심상가 골목형상점가,골목형상점가,경기도,,,
0e90cdda6f6c5b1cb9a0,full_annotation_v1,A,q_햄버거_01,햄버거,음식점 중 '햄버거'를 판매·제공하는 매장,test,햄버거,T1 정확표기,248f8f64-09ea-4803-ad24-6efc551e5ea2,번크러쉬,햄버거,산본로데오거리(구 산본중심상가),자율상권구역,경기도,,,
186a74b33a25087407b6,full_annotation_v1,A,q_햄버거_01,햄버거,음식점 중 '햄버거'를 판매·제공하는 매장,test,햄버거,T1 정확표기,ad77664e-c7d2-44ca-aff9-29cc58342ff1,맘스터치송정박상진로점,햄버거,송정청춘 골목형상점가,골목형상점가,울산광역시,,,
57abd36218f0389f0d01,full_annotation_v1,A,q_햄버거_01,햄버거,음식점 중 '햄버거'를 판매·제공하는 매장,test,햄버거,T1 정확표기,7757246d-6f45-4189-b63b-75cac4e32dcc,팡드버거,햄버거,화정현대 골목형상점가,골목형상점가,경기도,,,
890d2dc1a59baa4d491e,full_annotation_v1,A,q_햄버거_01,햄버거,음식점 중 '햄버거'를 판매·제공하는 매장,test,햄버거,T1 정확표기,01db9dba-f986-4f41-ab61-46cd15e43b93,맘스터치명동직영점,"햄버거, 치킨",춘천지하상가,일반지하상점가,강원특별자치도,,,
db578072014f0bcd3606,full_annotation_v1,A,q_햄버거_01,햄버거,음식점 중 '햄버거'를 판매·제공하는 매장,test,햄버거,T1 정확표기,f3e3f13e-4631-4021-b4f5-324200e08fc5,자코비스 버거,햄버거,해방촌 골목형상점가,골목형상점가,서울특별시,,,
ad7683a9eb15dc268c50,full_annotation_v1,A,q_햄버거_01,햄버거,음식점 중 '햄버거'를 판매·제공하는 매장,test,햄버거,T1 정확표기,8df8a2cd-343e-4c64-9eef-769c4a1c68f4,히터스버거,햄버거,궁동 골목형상점가,골목형상점가,대전광역시,,,
acfbd988f863e531f736,full_annotation_v1,A,q_햄버거_01,햄버거,음식점 중 '햄버거'를 판매·제공하는 매장,test,햄버거,T1 정확표기,36154374-c1c9-4085-8248-bd90d4037804,멜티드버거,햄버거,청주중앙시장,전통시장,충청북도,,,
ee566bbbd5c000e70f82,full_annotation_v1,A,q_햄버거_01,햄버거,음식점 중 '햄버거'를 판매·제공하는 매장,test,햄버거,T1 정확표기,1d0fb168-91d1-470c-820c-a6c6d61685ff,곱 마포,곱창,도화동상점가,자율상권구역,서울특별시,,,
eb0e782c528db8da1c31,full_annotation_v1,A,q_햄버거_01,햄버거,음식점 중 '햄버거'를 판매·제공하는 매장,test,햄버거,T1 정확표기,bbe4fd03-6ae0-4cd8-8673-a8dc2cbeebab,제일떡집,떡류,명일전통시장,전통시장,서울특별시,,,
387b44c2da64d6d4c64e,full_annotation_v1,A,q_햄버거_01,햄버거,음식점 중 '햄버거'를 판매·제공하는 매장,test,햄버거,T1 정확표기,4ea88b2f-3ca6-405f-a15a-bd7c23dba153,햄버거분식,,학사골목 골목형상점가,골목형상점가,경상북도,,,
85f925b047af9460fc40,full_annotation_v1,A,q_햄버거_01,햄버거,음식점 중 '햄버거'를 판매·제공하는 매장,test,햄버거,T1 정확표기,ffbb7d2d-285a-4b68-bcc0-3ba940bb7ecc,롯데리아,햄버거,진해 군항상권활성화구역,상권활성화구역,경상남도,,,
65e526240e6c5e0ec135,full_annotation_v1,A,q_햄버거_01,햄버거,음식점 중 '햄버거'를 판매·제공하는 매장,test,햄버거,T1 정확표기,3a15b984-914f-4bd1-902f-0b7785a00c7d,맘스터치의왕포일점,햄버거,포일중앙 골목형상점가,골목형상점가,경기도,,,
09b8933ec5edd2f8a8cd,full_annotation_v1,A,q_햄버거_01,햄버거,음식점 중 '햄버거'를 판매·제공하는 매장,test,햄버거,T1 정확표기,0a23e955-7759-418e-a656-67fa96069c7b,버거한상,햄버거,첨단2동 골목형상점가,골목형상점가,광주광역시,,,
d1039b1fb10ae581e33b,full_annotation_v1,A,q_햄버거_01,햄버거,음식점 중 '햄버거'를 판매·제공하는 매장,test,햄버거,T1 정확표기,19b4a38d-1a29-4ee6-ac12-b0f07b9ec9b6,송두학햄버거,,평택국제중앙시장,전통시장,경기도,,,
00366ac3c088500ad1d4,full_annotation_v1,A,q_햄버거_01,햄버거,음식점 중 '햄버거'를 판매·제공하는 매장,test,햄버거,T1 정확표기,04bee9c1-3587-4963-a643-c8556c19059f,맘스터치 계룡엄사점,햄버거,엄사 골목형상점가,골목형상점가,충청남도,,,
0398a6d505b94793a25d,full_annotation_v1,A,q_햄버거_02,버거집,음식점 중 '햄버거'를 판매·제공하는 매장,test,햄버거,T2 동의어,759a4313-539a-4d34-a7ce-ffe52c35a16e,한일포목,"의류, 이불",연서시장,전통시장,서울특별시,,,
8757ccc96c1f4700b9b6,full_annotation_v1,A,q_햄버거_02,버거집,음식점 중 '햄버거'를 판매·제공하는 매장,test,햄버거,T2 동의어,ca691272-a063-4e70-a420-b89b5efe014e,깐깐한족발,족발,수완머그로 골목형상점가,골목형상점가,광주광역시,,,
027ff781c345493594a6,full_annotation_v1,A,q_햄버거_02,버거집,음식점 중 '햄버거'를 판매·제공하는 매장,test,햄버거,T2 동의어,8d1c7433-b06a-48aa-92a6-b94f34a74bfc,찰리스버거,버거,구성언남 골목형상점가,골목형상점가,경기도,,,
9dff3fa6470c4dfa0777,full_annotation_v1,A,q_햄버거_02,버거집,음식점 중 '햄버거'를 판매·제공하는 매장,test,햄버거,T2 동의어,ccad6997-91db-4c36-94ee-b31f40678867,대박곱창막창 본점,곱창,안지랑시장,전통시장,대구광역시,,,
00924b12311f9ca547d8,full_annotation_v1,A,q_햄버거_02,버거집,음식점 중 '햄버거'를 판매·제공하는 매장,test,햄버거,T2 동의어,7152a25a-0627-485c-9fa9-c5ad3dc6408a,버거애 천안점,양식,백석한들1번가 골목형상점가,골목형상점가,충청남도,,,
6c6a862d818b2cbf7e2d,full_annotation_v1,A,q_햄버거_02,버거집,음식점 중 '햄버거'를 판매·제공하는 매장,test,햄버거,T2 동의어,90cff932-f1d6-4587-9c07-67a39ecde419,누구나 홀딱 반한 닭 아산탕정점,치킨,탕정역 지웰시티몰 3단지 골목형상점가,골목형상점가,충청남도,,,
2f7deb16324b502d1fe2,full_annotation_v1,A,q_햄버거_02,버거집,음식점 중 '햄버거'를 판매·제공하는 매장,test,햄버거,T2 동의어,7b7eddc5-f6ff-49ea-a9eb-324312f8ad4c,맘스터치,버거,귀인동먹거리촌 골목형상점가,골목형상점가,경기도,,,
006901ec22c0fd1b0c19,full_annotation_v1,A,q_햄버거_02,버거집,음식점 중 '햄버거'를 판매·제공하는 매장,test,햄버거,T2 동의어,f3b24aac-f4f4-4a0b-bbd4-ab9c66b79ef8,한컷 스튜디오,사진,신창진흥 골목형상점가,골목형상점가,광주광역시,,,
2023f50a1d1767ad1ff8,full_annotation_v1,A,q_햄버거_02,버거집,음식점 중 '햄버거'를 판매·제공하는 매장,test,햄버거,T2 동의어,fae1a1e4-c300-4603-b6ae-eda78b6a8fdb,더블 식스 버거,햄버거,종로신백제 골목형상점가,골목형상점가,서울특별시,,,
07e582132e84615209b4,full_annotation_v1,A,q_햄버거_02,버거집,음식점 중 '햄버거'를 판매·제공하는 매장,test,햄버거,T2 동의어,5e3fc31c-f7d0-4773-a17a-302450018cd3,부,버거,대연골목시장 골목형상점가,골목형상점가,부산광역시,,,
63b2fcc74b9121e2981d,full_annotation_v1,A,q_햄버거_02,버거집,음식점 중 '햄버거'를 판매·제공하는 매장,test,햄버거,T2 동의어,98346200-8286-4a60-b2fa-07b7db702e94,버거킹,,쌍용먹자패션거리 골목형상점가,골목형상점가,충청남도,,,
ea387ce256c68dfa7fc6,full_annotation_v1,A,q_햄버거_02,버거집,음식점 중 '햄버거'를 판매·제공하는 매장,test,햄버거,T2 동의어,40520830-dd25-4540-8ef0-b4c12d990c0f,맘스터치 매탄2호점,"버거, 치킨",매탄중심상가 골목형상점가,골목형상점가,경기도,,,
999f344e5429e58ee6c0,full_annotation_v1,A,q_햄버거_02,버거집,음식점 중 '햄버거'를 판매·제공하는 매장,test,햄버거,T2 동의어,5d1b3aa4-6c76-4f3d-bc55-98da1d10c42c,버거킹,음식,서문대로701번길 골목형상점가,골목형상점가,광주광역시,,,
efc39d0b569b54643837,full_annotation_v1,A,q_햄버거_02,버거집,음식점 중 '햄버거'를 판매·제공하는 매장,test,햄버거,T2 동의어,89541654-bd1e-472f-8d54-ae219e3f580b,대원상회,생선,노량진수산시장골목형상점가,골목형상점가,서울특별시,,,
3815ab067a346cc298be,full_annotation_v1,A,q_햄버거_02,버거집,음식점 중 '햄버거'를 판매·제공하는 매장,test,햄버거,T2 동의어,b39b35e5-781d-4041-a5e5-ae2c2f57486a,버거밴,수제버거,고성동골목형상점가,골목형상점가,대구광역시,,,
84b7324790f208ed6d32,full_annotation_v1,A,q_햄버거_02,버거집,음식점 중 '햄버거'를 판매·제공하는 매장,test,햄버거,T2 동의어,0a23e955-7759-418e-a656-67fa96069c7b,버거한상,햄버거,첨단2동 골목형상점가,골목형상점가,광주광역시,,,
601d3fb04cd38e8de65e,full_annotation_v1,A,q_햄버거_02,버거집,음식점 중 '햄버거'를 판매·제공하는 매장,test,햄버거,T2 동의어,ea4cbf87-b69b-49ea-a6c6-f87366fba94a,장봐주는 언니 한들물빛점,슈퍼마켓,탕정역 지웰시티몰 3단지 골목형상점가,골목형상점가,충청남도,,,
ae5a32cd39de443419b3,full_annotation_v1,A,q_햄버거_02,버거집,음식점 중 '햄버거'를 판매·제공하는 매장,test,햄버거,T2 동의어,ac990665-e235-41c5-88e5-966566ab6e42,버거위드,햄버거,포레나 골목형상점가,골목형상점가,전북특별자치도,,,
96b8372871b5911e3dbb,full_annotation_v1,A,q_햄버거_02,버거집,음식점 중 '햄버거'를 판매·제공하는 매장,test,햄버거,T2 동의어,07454c67-5088-4758-8e10-dde6b6f8f9b4,코즈믹 버거 송도점,햄버거,송도트리플타워골목형상점가,골목형상점가,인천광역시,,,
8dca0467389e0141547b,full_annotation_v1,A,q_햄버거_02,버거집,음식점 중 '햄버거'를 판매·제공하는 매장,test,햄버거,T2 동의어,2516c216-2308-44f8-be5d-5a3de423cd9a,버거리하당점,행버거,포르모큐브 골목형상점가,골목형상점가,전라남도,,,
68d3f67bdca02105a4ff,full_annotation_v1,A,q_햄버거_02,버거집,음식점 중 '햄버거'를 판매·제공하는 매장,test,햄버거,T2 동의어,4042d8b1-49cc-4651-84a8-083c1a73b69c,버거리버거,햄버거,단국대 앞 골목형상점가,골목형상점가,경기도,,,
a2ae4d682ebf268c3ee2,full_annotation_v1,A,q_햄버거_02,버거집,음식점 중 '햄버거'를 판매·제공하는 매장,test,햄버거,T2 동의어,01db9dba-f986-4f41-ab61-46cd15e43b93,맘스터치명동직영점,"햄버거, 치킨",춘천지하상가,일반지하상점가,강원특별자치도,,,
28a5bafe4e659b89f88e,full_annotation_v1,A,q_햄버거_02,버거집,음식점 중 '햄버거'를 판매·제공하는 매장,test,햄버거,T2 동의어,c3933dda-ba29-4bc9-adda-0ba508f8b1d7,삼봉버거,버거,숭실마루길골목형상점가,골목형상점가,서울특별시,,,
fc464e9b9fd30282eb8a,full_annotation_v1,A,q_햄버거_02,버거집,음식점 중 '햄버거'를 판매·제공하는 매장,test,햄버거,T2 동의어,6d5358cb-3a6a-41be-a0f0-6ae5578f4005,버거리버거,햄버거,신용동 골목형상점가,골목형상점가,광주광역시,,,
75b91a3e3d850cd3e3c9,full_annotation_v1,A,q_햄버거_02,버거집,음식점 중 '햄버거'를 판매·제공하는 매장,test,햄버거,T2 동의어,04bee9c1-3587-4963-a643-c8556c19059f,맘스터치 계룡엄사점,햄버거,엄사 골목형상점가,골목형상점가,충청남도,,,
bc4c5667c190cfcf72db,full_annotation_v1,A,q_햄버거_02,버거집,음식점 중 '햄버거'를 판매·제공하는 매장,test,햄버거,T2 동의어,6d459fbd-3fc3-4328-8f00-9efebff76447,남도술상 보라매역점,한식,보라매다올길골목형상점가,골목형상점가,서울특별시,,,
c54e3235f892a454a833,full_annotation_v1,A,q_햄버거_02,버거집,음식점 중 '햄버거'를 판매·제공하는 매장,test,햄버거,T2 동의어,c3c3daa8-ba6c-463d-bc53-1962c3560bc0,버거베어 담양점,햄버거,담양중앙3번가 골목형상점가,골목형상점가,전라남도,,,
a30bcf7bbbadd5272b01,full_annotation_v1,A,q_햄버거_02,버거집,음식점 중 '햄버거'를 판매·제공하는 매장,test,햄버거,T2 동의어,45109a5c-6265-441f-8ea4-3a164574734b,버거리 광주 동명점,버거,동명동 카페거리 골목형상점가,골목형상점가,광주광역시,,,
abf2cb3943d570ad8309,full_annotation_v1,A,q_햄버거_02,버거집,음식점 중 '햄버거'를 판매·제공하는 매장,test,햄버거,T2 동의어,52e2033c-4b45-4a6b-aa3d-c1082c180e58,버거운버거 자운대점,햄버거,자운대 골목형상점가,골목형상점가,대전광역시,,,
b3c9e350a9fd5caef7c6,full_annotation_v1,A,q_햄버거_02,버거집,음식점 중 '햄버거'를 판매·제공하는 매장,test,햄버거,T2 동의어,0e04abf4-4e13-40fb-96e2-ca38ae9c4b1c,로우로우 버거샵,햄버거,해방촌 골목형상점가,골목형상점가,서울특별시,,,
f633ffe443c54979afec,full_annotation_v1,A,q_햄버거_02,버거집,음식점 중 '햄버거'를 판매·제공하는 매장,test,햄버거,T2 동의어,04dcc11e-b36e-4dd3-9900-84253c34983b,맘스터치순천대점,"치킨, 버거",순천대1번상가,자율상권구역,전라남도,,,
059fc015ceadf386b12a,full_annotation_v1,A,q_햄버거_02,버거집,음식점 중 '햄버거'를 판매·제공하는 매장,test,햄버거,T2 동의어,728cea87-80f8-4bb6-b0fd-c94fa2e8069a,버거리,한식,건리단길 골목형상점가,골목형상점가,서울특별시,,,
fbc2964a05e1c6a9e82e,full_annotation_v1,A,q_햄버거_02,버거집,음식점 중 '햄버거'를 판매·제공하는 매장,test,햄버거,T2 동의어,ada30590-1d33-4908-a74e-c9ba55606d73,버거리 나주혁신점,버거,빛가람 하나로 골목형상점가,골목형상점가,전라남도,,,
809faeb09518f2b83360,full_annotation_v1,A,q_햄버거_02,버거집,음식점 중 '햄버거'를 판매·제공하는 매장,test,햄버거,T2 동의어,1599d392-aa8e-4d0d-a6b2-0d8df0dc04b3,버거고,햄버거,공릉동도깨비시장,전통시장,서울특별시,,,
2027085958ce61ebf5e5,full_annotation_v1,A,q_햄버거_02,버거집,음식점 중 '햄버거'를 판매·제공하는 매장,test,햄버거,T2 동의어,e2eb784d-68b3-44b1-9d8b-8d18d158a8cb,버거앤그릴,양식,지중해마을 골목형상점가,골목형상점가,충청남도,,,
85c8738b47ec9f9be908,full_annotation_v1,A,q_햄버거_02,버거집,음식점 중 '햄버거'를 판매·제공하는 매장,test,햄버거,T2 동의어,b628ead2-caff-45eb-a233-8a610f8d095f,오지(OG)버거,버거,남해 명품화전길 골목형상점가,골목형상점가,경상남도,,,
570c4b6af9758f41afd9,full_annotation_v1,A,q_햄버거_02,버거집,음식점 중 '햄버거'를 판매·제공하는 매장,test,햄버거,T2 동의어,c857ca19-8554-4746-892a-fc2e90dd33d2,버거운버거불당롯데시네마점,버거,불당1번가골목형상점가,골목형상점가,충청남도,,,
32eb88dc045d45f6862d,full_annotation_v1,A,q_햄버거_02,버거집,음식점 중 '햄버거'를 판매·제공하는 매장,test,햄버거,T2 동의어,4eb53f5f-cebb-4fde-bb34-85ede3674519,버거 앤 타코,분식,화정로상인회 골목형상점가,골목형상점가,광주광역시,,,
51fe59036d211afcaa99,full_annotation_v1,A,q_햄버거_02,버거집,음식점 중 '햄버거'를 판매·제공하는 매장,test,햄버거,T2 동의어,03346a87-e628-4c4a-80ed-f1d23dee1aee,시카고치즈버거,햄버거,우치로231번길 골목형상점가,골목형상점가,광주광역시,,,
53878570334a8cc4ddcc,full_annotation_v1,A,q_햄버거_02,버거집,음식점 중 '햄버거'를 판매·제공하는 매장,test,햄버거,T2 동의어,71cac2a7-c1af-4179-9dce-50faa94fbf1f,참사랑약국,의약품,금부로상인회 골목형상점가,골목형상점가,광주광역시,,,
1f4276562023b61012c2,full_annotation_v1,A,q_햄버거_02,버거집,음식점 중 '햄버거'를 판매·제공하는 매장,test,햄버거,T2 동의어,fb38c321-f0d8-4681-817f-a8e7b570e7af,버거피스,햄버거,신응암시장,전통시장,서울특별시,,,
f2eb574c5909557ee1d5,full_annotation_v1,A,q_햄버거_02,버거집,음식점 중 '햄버거'를 판매·제공하는 매장,test,햄버거,T2 동의어,478cf08c-ce2c-42ae-af79-754677c562ea,수현패션,의류,창원 상남시장,전통시장,경상남도,,,
8505d26a632af604efec,full_annotation_v1,A,q_햄버거_02,버거집,음식점 중 '햄버거'를 판매·제공하는 매장,test,햄버거,T2 동의어,5078d297-5469-468f-af5b-61a6ce554ecb,그래비패티 버거,햄버거,반석동 골목형상점가,골목형상점가,대전광역시,,,
76d88e5833e7e8088fea,full_annotation_v1,A,q_햄버거_02,버거집,음식점 중 '햄버거'를 판매·제공하는 매장,test,햄버거,T2 동의어,048a4d84-09bc-43dc-9a72-588b7b823b1a,뉴욕버거춘천명동점,햄버거,춘천명동상점가,자율상권구역,강원특별자치도,,,
c961e661d6fab98cf432,full_annotation_v1,A,q_햄버거_02,버거집,음식점 중 '햄버거'를 판매·제공하는 매장,test,햄버거,T2 동의어,8b9803f4-c3a7-4afc-9930-0170c98eba08,버거 몬스터,버거,현풍백년도깨비시장,전통시장,대구광역시,,,
14c1b45aa71d7cfb65ec,full_annotation_v1,A,q_햄버거_02,버거집,음식점 중 '햄버거'를 판매·제공하는 매장,test,햄버거,T2 동의어,e6be6eb7-ac66-4b1b-8e8d-f09d439240e0,버거킹수완점,,운수대통 골목형상점가,골목형상점가,,,,
ec43f51dec2c1a1aefc3,full_annotation_v1,A,q_햄버거_02,버거집,음식점 중 '햄버거'를 판매·제공하는 매장,test,햄버거,T2 동의어,de855508-e54c-4f03-b76f-87ada60dac6d,함부르크버거금호점,버거,금호1동상가번영회 골목형상점가,골목형상점가,광주광역시,,,
011dd009879ff6682739,full_annotation_v1,A,q_햄버거_02,버거집,음식점 중 '햄버거'를 판매·제공하는 매장,test,햄버거,T2 동의어,54986f42-98e3-4aa8-917f-7d47f924e4f0,버거리 수완점,햄버거,희담길,골목형상점가,광주광역시,,,
0a0540e211373461fb49,full_annotation_v1,A,q_햄버거_02,버거집,음식점 중 '햄버거'를 판매·제공하는 매장,test,햄버거,T2 동의어,3712e724-e1a5-476e-bb1b-7ebd296f7f5f,B. H. C신창점,치킨,신창진흥 골목형상점가,골목형상점가,광주광역시,,,
73a60d1e08ba354d55fc,full_annotation_v1,A,q_햄버거_02,버거집,음식점 중 '햄버거'를 판매·제공하는 매장,test,햄버거,T2 동의어,6be411ee-b171-4e25-82bb-f086d734e27d,버거스낵,햄버거,경리단길 골목형상점가,골목형상점가,서울특별시,,,
ef5cd57ef445d38a4bda,full_annotation_v1,A,q_햄버거_02,버거집,음식점 중 '햄버거'를 판매·제공하는 매장,test,햄버거,T2 동의어,c80eb2cd-b59a-4db7-8699-3856a29de5cb,가르마헤어,일반미용 화장품,화삼골상인회 골목형상점가,골목형상점가,광주광역시,,,
49e0dc20ab7066397ff7,full_annotation_v1,A,q_햄버거_02,버거집,음식점 중 '햄버거'를 판매·제공하는 매장,test,햄버거,T2 동의어,46c15c6c-69a7-4046-973d-f5b069d8c1d9,대신고무,신발,서문시장 제1지구1층(직물시장),전통시장,대구광역시,,,
94c172816bb1bf3ebf08,full_annotation_v1,A,q_햄버거_02,버거집,음식점 중 '햄버거'를 판매·제공하는 매장,test,햄버거,T2 동의어,044dcae4-08b1-46c8-acd9-f5686630cf4e,블리스버거(까치울역점),햄버거,까치울역카페거리 골목형상점가,골목형상점가,경기도,,,
92d5dd7a156832571761,full_annotation_v1,A,q_햄버거_02,버거집,음식점 중 '햄버거'를 판매·제공하는 매장,test,햄버거,T2 동의어,0e62dc75-b1af-4b5b-9e54-07858c9d26b7,지티에스 버거 공릉점,버거 및 음료와 주류,공릉철길골목형상점가,골목형상점가,서울특별시,,,
503788f0c00f331e1738,full_annotation_v1,A,q_햄버거_02,버거집,음식점 중 '햄버거'를 판매·제공하는 매장,test,햄버거,T2 동의어,7e69279d-d37b-46f1-90f0-7706e236f991,성모약국,약,북구빛나는 골목형상점가,골목형상점가,광주광역시,,,
0bceb9fe2512263e0b9f,full_annotation_v1,A,q_햄버거_02,버거집,음식점 중 '햄버거'를 판매·제공하는 매장,test,햄버거,T2 동의어,8eaaf918-08d9-4669-a7ed-0c2888d4d821,살롱 하영,두발헤어컷,북구빛나는 골목형상점가,골목형상점가,광주광역시,,,
3d319a4dee750b7e7816,full_annotation_v1,A,q_햄버거_02,버거집,음식점 중 '햄버거'를 판매·제공하는 매장,test,햄버거,T2 동의어,8d74a98b-e69d-44a3-a74a-cf6fdfffe349,팩트(LX인테리어필름),"인테리어필름, 경미한공사, 건축자재",효자동 신봉길 골목형상점가,골목형상점가,전북특별자치도,,,
10a792e0015e83f90559,full_annotation_v1,A,q_햄버거_02,버거집,음식점 중 '햄버거'를 판매·제공하는 매장,test,햄버거,T2 동의어,6a4a2969-df8f-4cd4-8f05-d288ac736527,버거리당진점,햄버거,당진시신도심상점가,자율상권구역,충청남도,,,
045f07b8fc6d5cbc07fe,full_annotation_v1,A,q_햄버거_02,버거집,음식점 중 '햄버거'를 판매·제공하는 매장,test,햄버거,T2 동의어,f3e3f13e-4631-4021-b4f5-324200e08fc5,자코비스 버거,햄버거,해방촌 골목형상점가,골목형상점가,서울특별시,,,
e81bfd55cc004db88b3e,full_annotation_v1,A,q_햄버거_02,버거집,음식점 중 '햄버거'를 판매·제공하는 매장,test,햄버거,T2 동의어,10bb52a0-31fb-4344-b5e0-97d3afa52b70,수퍼비 버거앤칩스,수제햄버거,순천연향패션상가,자율상권구역,전라남도,,,
cfcad76bab02923455e7,full_annotation_v1,A,q_햄버거_02,버거집,음식점 중 '햄버거'를 판매·제공하는 매장,test,햄버거,T2 동의어,9ea9c9e0-322a-413b-8009-b645429e3f88,버거리전남대점,한식,전남대후문골목형상점가,골목형상점가,광주광역시,,,
c66a09bc01eb1f5d4d2a,full_annotation_v1,A,q_햄버거_02,버거집,음식점 중 '햄버거'를 판매·제공하는 매장,test,햄버거,T2 동의어,a62e7f41-9051-4cd3-b232-c0331f971973,버거브라더,햄버거,방학단길골목형상점가,골목형상점가,서울특별시,,,
4743e0d234d5e98446a8,full_annotation_v1,A,q_햄버거_02,버거집,음식점 중 '햄버거'를 판매·제공하는 매장,test,햄버거,T2 동의어,0afcfe69-7d1e-4e29-aee1-efe41c86cb8c,버거앤타코,"버거, 타코",소촌골 골목형상점가,골목형상점가,광주광역시,,,
84e22d2efcf830f26b0c,full_annotation_v1,A,q_햄버거_03,버거 먹을 데,음식점 중 '햄버거'를 판매·제공하는 매장,test,햄버거,T4 구어·문장,a62e7f41-9051-4cd3-b232-c0331f971973,버거브라더,햄버거,방학단길골목형상점가,골목형상점가,서울특별시,,,
93836ad34ca3637c15fe,full_annotation_v1,A,q_햄버거_03,버거 먹을 데,음식점 중 '햄버거'를 판매·제공하는 매장,test,햄버거,T4 구어·문장,cd34672c-1e23-436b-ad5e-89a1b6c74212,맘스터치 세종소방청점,버거,나성동 국세청 골목형상점가,골목형상점가,세종특별자치시,,,
7fa074d0b4b9dbc508c8,full_annotation_v1,A,q_햄버거_03,버거 먹을 데,음식점 중 '햄버거'를 판매·제공하는 매장,test,햄버거,T4 구어·문장,5e3fc31c-f7d0-4773-a17a-302450018cd3,부,버거,대연골목시장 골목형상점가,골목형상점가,부산광역시,,,
40caad6fc3787c7dbe4b,full_annotation_v1,A,q_햄버거_03,버거 먹을 데,음식점 중 '햄버거'를 판매·제공하는 매장,test,햄버거,T4 구어·문장,044dcae4-08b1-46c8-acd9-f5686630cf4e,블리스버거(까치울역점),햄버거,까치울역카페거리 골목형상점가,골목형상점가,경기도,,,
d7a42219311f6c4dd3b9,full_annotation_v1,A,q_햄버거_03,버거 먹을 데,음식점 중 '햄버거'를 판매·제공하는 매장,test,햄버거,T4 구어·문장,7e0f4797-38bc-428d-8bea-8322ea704032,프랭크버거 나주혁신,버거,나주혁신도시 골목형상점가,골목형상점가,전라남도,,,
0e9500afbc39d8e85309,full_annotation_v1,A,q_햄버거_03,버거 먹을 데,음식점 중 '햄버거'를 판매·제공하는 매장,test,햄버거,T4 구어·문장,45109a5c-6265-441f-8ea4-3a164574734b,버거리 광주 동명점,버거,동명동 카페거리 골목형상점가,골목형상점가,광주광역시,,,
2d9904701d274b6f8646,full_annotation_v1,A,q_햄버거_03,버거 먹을 데,음식점 중 '햄버거'를 판매·제공하는 매장,test,햄버거,T4 구어·문장,01db9dba-f986-4f41-ab61-46cd15e43b93,맘스터치명동직영점,"햄버거, 치킨",춘천지하상가,일반지하상점가,강원특별자치도,,,
02b3a40641ca6a441ce5,full_annotation_v1,A,q_햄버거_03,버거 먹을 데,음식점 중 '햄버거'를 판매·제공하는 매장,test,햄버거,T4 구어·문장,04bee9c1-3587-4963-a643-c8556c19059f,맘스터치 계룡엄사점,햄버거,엄사 골목형상점가,골목형상점가,충청남도,,,
f563fea2e240a8126c54,full_annotation_v1,A,q_햄버거_03,버거 먹을 데,음식점 중 '햄버거'를 판매·제공하는 매장,test,햄버거,T4 구어·문장,2056c69e-64b4-4b28-8ce2-800cbcec3e25,먹을꼬얌,음식,산본로데오거리(구 산본중심상가),자율상권구역,경기도,,,
5c8f6a975e5e28adb3c9,full_annotation_v1,A,q_햄버거_03,버거 먹을 데,음식점 중 '햄버거'를 판매·제공하는 매장,test,햄버거,T4 구어·문장,10bb52a0-31fb-4344-b5e0-97d3afa52b70,수퍼비 버거앤칩스,수제햄버거,순천연향패션상가,자율상권구역,전라남도,,,
ad4029e7327a37212267,full_annotation_v1,A,q_햄버거_03,버거 먹을 데,음식점 중 '햄버거'를 판매·제공하는 매장,test,햄버거,T4 구어·문장,536ffe9b-90a0-42c8-9151-59d354015e9f,대성수제반찬,반찬,인제시장,전통시장,강원특별자치도,,,
ea93112f27eaea8afceb,full_annotation_v1,A,q_햄버거_03,버거 먹을 데,음식점 중 '햄버거'를 판매·제공하는 매장,test,햄버거,T4 구어·문장,bbb3d889-ecf8-4529-be1f-705ad31052c6,포런버거,햄버거,천천중심상가 골목형상점가,골목형상점가,경기도,,,
5ac609477c59189d762a,full_annotation_v1,A,q_햄버거_03,버거 먹을 데,음식점 중 '햄버거'를 판매·제공하는 매장,test,햄버거,T4 구어·문장,04dcc11e-b36e-4dd3-9900-84253c34983b,맘스터치순천대점,"치킨, 버거",순천대1번상가,자율상권구역,전라남도,,,
5efd5de4025754e323e0,full_annotation_v1,A,q_햄버거_03,버거 먹을 데,음식점 중 '햄버거'를 판매·제공하는 매장,test,햄버거,T4 구어·문장,de855508-e54c-4f03-b76f-87ada60dac6d,함부르크버거금호점,버거,금호1동상가번영회 골목형상점가,골목형상점가,광주광역시,,,
a3c8e147f1824a3481bd,full_annotation_v1,A,q_햄버거_03,버거 먹을 데,음식점 중 '햄버거'를 판매·제공하는 매장,test,햄버거,T4 구어·문장,29674311-966d-4074-ae59-fe7e8434932a,대진철물점,철물,서천특화시장,전통시장,충청남도,,,
20be344585d3e4cb5712,full_annotation_v1,A,q_햄버거_03,버거 먹을 데,음식점 중 '햄버거'를 판매·제공하는 매장,test,햄버거,T4 구어·문장,ead16f8d-f77f-4aaf-9cda-b0b38b870421,팻보이 버거 영등포점,햄버거,별빛뉴타운골목형상점가,골목형상점가,서울특별시,,,
4a583cdc8a174d8cd9f6,full_annotation_v1,A,q_햄버거_03,버거 먹을 데,음식점 중 '햄버거'를 판매·제공하는 매장,test,햄버거,T4 구어·문장,23a2ee8d-e140-4eff-aa96-1fb1507a5822,삼복식당,국밥,신평전통시장,전통시장,경상북도,,,
0327eb720f125eaa8322,full_annotation_v1,A,q_햄버거_03,버거 먹을 데,음식점 중 '햄버거'를 판매·제공하는 매장,test,햄버거,T4 구어·문장,aba76fc2-984e-4030-ba01-e2e7d78264c7,데 아로즈 대전둔산본점,,갈리단길 골목형상점가,골목형상점가,대전광역시,,,
14eeb08da96f0568f30d,full_annotation_v1,A,q_햄버거_03,버거 먹을 데,음식점 중 '햄버거'를 판매·제공하는 매장,test,햄버거,T4 구어·문장,4fbc560d-031f-4dbb-b908-a43ac4659b14,븨븨티(VVT)버거,햄버거,대구예전우시장,전통시장,대구광역시,,,
d0b2692e1114b4b1f072,full_annotation_v1,A,q_햄버거_03,버거 먹을 데,음식점 중 '햄버거'를 판매·제공하는 매장,test,햄버거,T4 구어·문장,40520830-dd25-4540-8ef0-b4c12d990c0f,맘스터치 매탄2호점,"버거, 치킨",매탄중심상가 골목형상점가,골목형상점가,경기도,,,
6ab4320baaaa5884d6fe,full_annotation_v1,A,q_햄버거_03,버거 먹을 데,음식점 중 '햄버거'를 판매·제공하는 매장,test,햄버거,T4 구어·문장,b81e1c4b-6945-4685-8159-61903fcc1fb2,워커스 버거,서양음식점수제버거,어진동 골목형상점가,골목형상점가,세종특별자치시,,,
fff8c04f9e7453107a0a,full_annotation_v1,A,q_햄버거_03,버거 먹을 데,음식점 중 '햄버거'를 판매·제공하는 매장,test,햄버거,T4 구어·문장,20cc8073-cd55-4986-962f-23a439360be8,계남버거,햄버거,부평깡시장,전통시장,인천광역시,,,
6d1838ebb03fc444a88d,full_annotation_v1,A,q_햄버거_03,버거 먹을 데,음식점 중 '햄버거'를 판매·제공하는 매장,test,햄버거,T4 구어·문장,1599d392-aa8e-4d0d-a6b2-0d8df0dc04b3,버거고,햄버거,공릉동도깨비시장,전통시장,서울특별시,,,
36de84d24a0f46854bc1,full_annotation_v1,A,q_햄버거_03,버거 먹을 데,음식점 중 '햄버거'를 판매·제공하는 매장,test,햄버거,T4 구어·문장,b8bcdd93-3f89-4247-be65-5738baa901e7,노브랜드버거 충북혁신도시점,버거,진천혁신골목형상점가,골목형상점가,충청북도,,,
ba29573e61f7ca48dbaa,full_annotation_v1,A,q_햄버거_03,버거 먹을 데,음식점 중 '햄버거'를 판매·제공하는 매장,test,햄버거,T4 구어·문장,6be411ee-b171-4e25-82bb-f086d734e27d,버거스낵,햄버거,경리단길 골목형상점가,골목형상점가,서울특별시,,,
4396bca467e13c7c995a,full_annotation_v1,A,q_햄버거_03,버거 먹을 데,음식점 중 '햄버거'를 판매·제공하는 매장,test,햄버거,T4 구어·문장,3eaac763-7479-4bc8-9b61-1bef6477fe62,맛보고또왔소,,창원 토월복합상가시장,전통시장,경상남도,,,
d7d1f3a82afb88fcc415,full_annotation_v1,A,q_햄버거_03,버거 먹을 데,음식점 중 '햄버거'를 판매·제공하는 매장,test,햄버거,T4 구어·문장,c3933dda-ba29-4bc9-adda-0ba508f8b1d7,삼봉버거,버거,숭실마루길골목형상점가,골목형상점가,서울특별시,,,
f98e154225f68ce0cb8d,full_annotation_v1,A,q_햄버거_03,버거 먹을 데,음식점 중 '햄버거'를 판매·제공하는 매장,test,햄버거,T4 구어·문장,3dd87910-0bf0-4ff1-8923-c2f2c95d0024,부천 신흥,생선,부천신흥시장,전통시장,경기도,,,
1da802697bc58a1be94a,full_annotation_v1,A,q_햄버거_03,버거 먹을 데,음식점 중 '햄버거'를 판매·제공하는 매장,test,햄버거,T4 구어·문장,67bd9bcc-4d1f-43e8-bd9d-2eae32ecfadb,노브랜드버거광주첨단점,버거,첨단동행 골목형상점가,골목형상점가,광주광역시,,,
70f4dd0498511c38a635,full_annotation_v1,A,q_햄버거_03,버거 먹을 데,음식점 중 '햄버거'를 판매·제공하는 매장,test,햄버거,T4 구어·문장,fb38c321-f0d8-4681-817f-a8e7b570e7af,버거피스,햄버거,신응암시장,전통시장,서울특별시,,,
31f6f6739ed598926a53,full_annotation_v1,A,q_햄버거_03,버거 먹을 데,음식점 중 '햄버거'를 판매·제공하는 매장,test,햄버거,T4 구어·문장,1daff59c-ba5b-47cc-9d5c-0d9a64363e2b,뚱땡이 버거,햄버거,춘천지하상가,일반지하상점가,강원특별자치도,,,
014219acbaa441cc0b06,full_annotation_v1,A,q_햄버거_03,버거 먹을 데,음식점 중 '햄버거'를 판매·제공하는 매장,test,햄버거,T4 구어·문장,7fde034b-96e4-455a-83e2-7b5692b96a17,먹을터,한식,화성행궁골목형상점가,골목형상점가,경기도,,,
c239a9db04c96cbf8481,full_annotation_v1,A,q_햄버거_03,버거 먹을 데,음식점 중 '햄버거'를 판매·제공하는 매장,test,햄버거,T4 구어·문장,07454c67-5088-4758-8e10-dde6b6f8f9b4,코즈믹 버거 송도점,햄버거,송도트리플타워골목형상점가,골목형상점가,인천광역시,,,
ab9edf014b6e7abbe34b,full_annotation_v1,A,q_햄버거_03,버거 먹을 데,음식점 중 '햄버거'를 판매·제공하는 매장,test,햄버거,T4 구어·문장,8d1c7433-b06a-48aa-92a6-b94f34a74bfc,찰리스버거,버거,구성언남 골목형상점가,골목형상점가,경기도,,,
6b4bc00b07379f63e8d8,full_annotation_v1,A,q_햄버거_03,버거 먹을 데,음식점 중 '햄버거'를 판매·제공하는 매장,test,햄버거,T4 구어·문장,7b7eddc5-f6ff-49ea-a9eb-324312f8ad4c,맘스터치,버거,귀인동먹거리촌 골목형상점가,골목형상점가,경기도,,,
ab2eee645a854bb1db87,full_annotation_v1,A,q_햄버거_03,버거 먹을 데,음식점 중 '햄버거'를 판매·제공하는 매장,test,햄버거,T4 구어·문장,a50c2d2f-1eb2-46b9-b75a-f75266aeac77,맘스터치 두류점,버거 치킨,신내당시장 상점가,자율상권구역,대구광역시,,,
72f57245b58f8ac3665d,full_annotation_v1,A,q_햄버거_03,버거 먹을 데,음식점 중 '햄버거'를 판매·제공하는 매장,test,햄버거,T4 구어·문장,b628ead2-caff-45eb-a233-8a610f8d095f,오지(OG)버거,버거,남해 명품화전길 골목형상점가,골목형상점가,경상남도,,,
9c7eac8883077479ff18,full_annotation_v1,A,q_햄버거_03,버거 먹을 데,음식점 중 '햄버거'를 판매·제공하는 매장,test,햄버거,T4 구어·문장,c31d7e57-d09b-41e5-bfbf-a20a8635a494,샐러디동탄센트럴파크점,샐러드 버거 커피,동탄상가,자율상권구역,경기도,,,
a57efb84249f1906c012,full_annotation_v1,A,q_햄버거_03,버거 먹을 데,음식점 중 '햄버거'를 판매·제공하는 매장,test,햄버거,T4 구어·문장,b39b35e5-781d-4041-a5e5-ae2c2f57486a,버거밴,수제버거,고성동골목형상점가,골목형상점가,대구광역시,,,
7e0c79f3e5762580fb67,full_annotation_v1,A,q_햄버거_03,버거 먹을 데,음식점 중 '햄버거'를 판매·제공하는 매장,test,햄버거,T4 구어·문장,c22a29a8-caef-4e31-a790-7c4c33f72e82,인생물회,한식,강릉성남시장,전통시장,강원특별자치도,,,
6b8ad30d1ed89b73388c,full_annotation_v1,A,q_햄버거_03,버거 먹을 데,음식점 중 '햄버거'를 판매·제공하는 매장,test,햄버거,T4 구어·문장,03346a87-e628-4c4a-80ed-f1d23dee1aee,시카고치즈버거,햄버거,우치로231번길 골목형상점가,골목형상점가,광주광역시,,,
126920e699e693177627,full_annotation_v1,A,q_햄버거_03,버거 먹을 데,음식점 중 '햄버거'를 판매·제공하는 매장,test,햄버거,T4 구어·문장,e1930e47-9f26-48fb-b391-2c4afdcb8e93,맘스터치카이스트점,버거,어은누리 골목형상점가,골목형상점가,대전광역시,,,
e37c77144ce82ae2f803,full_annotation_v1,A,q_햄버거_03,버거 먹을 데,음식점 중 '햄버거'를 판매·제공하는 매장,test,햄버거,T4 구어·문장,0a23e955-7759-418e-a656-67fa96069c7b,버거한상,햄버거,첨단2동 골목형상점가,골목형상점가,광주광역시,,,
0958b2dd745fe3b1826f,full_annotation_v1,A,q_햄버거_03,버거 먹을 데,음식점 중 '햄버거'를 판매·제공하는 매장,test,햄버거,T4 구어·문장,6ae61dc4-477e-4586-bedb-b65d56cdee3d,삼화상회,의류,안강공설시장,전통시장,경상북도,,,
7af0d24833e341968d3f,full_annotation_v1,A,q_햄버거_03,버거 먹을 데,음식점 중 '햄버거'를 판매·제공하는 매장,test,햄버거,T4 구어·문장,fae1a1e4-c300-4603-b6ae-eda78b6a8fdb,더블 식스 버거,햄버거,종로신백제 골목형상점가,골목형상점가,서울특별시,,,
f82d023f2621788585db,full_annotation_v1,A,q_햄버거_03,버거 먹을 데,음식점 중 '햄버거'를 판매·제공하는 매장,test,햄버거,T4 구어·문장,5ec77ca7-6ef4-494e-9fb1-6af438a1641e,뉴욕버거 신원점,버거,권율 골목형상점가,골목형상점가,경기도,,,
3c09f58f5728e3d0064e,full_annotation_v1,A,q_햄버거_03,버거 먹을 데,음식점 중 '햄버거'를 판매·제공하는 매장,test,햄버거,T4 구어·문장,fca7ca87-b034-4e91-9441-48fabfc8a520,맘스터치 부안점,"치킨, 버거",진성 골목형상점가,골목형상점가,전북특별자치도,,,
8031674b353444df967f,full_annotation_v1,A,q_햄버거_03,버거 먹을 데,음식점 중 '햄버거'를 판매·제공하는 매장,test,햄버거,T4 구어·문장,3b2a649f-4604-45e5-8366-ad76c49ae0c3,의령집,아구찜,성북시장,전통시장,부산광역시,,,
bb7fb0bba675b0cebcef,full_annotation_v1,A,q_햄버거_03,버거 먹을 데,음식점 중 '햄버거'를 판매·제공하는 매장,test,햄버거,T4 구어·문장,282b0e8b-051c-49f9-a707-b982df803589,까라벨라 데 오르,스파게티,동명동 카페거리 골목형상점가,골목형상점가,광주광역시,,,
811bbe2bd81ece9a7b22,full_annotation_v1,A,q_햄버거_03,버거 먹을 데,음식점 중 '햄버거'를 판매·제공하는 매장,test,햄버거,T4 구어·문장,ea0cb9bc-db67-46e3-9a83-ba10e29dd57c,폰버거,,동일로 이음길 골목형상점가,골목형상점가,서울특별시,,,
3103b7dfc36ea89b5622,full_annotation_v1,A,q_햄버거_03,버거 먹을 데,음식점 중 '햄버거'를 판매·제공하는 매장,test,햄버거,T4 구어·문장,8b8b7a77-d7ed-4ac1-8e6b-192a93c5e10e,본도시락 두류점,도시락,신내당시장 상점가,자율상권구역,대구광역시,,,
a30c9d825c900fa3e65c,full_annotation_v1,A,q_햄버거_03,버거 먹을 데,음식점 중 '햄버거'를 판매·제공하는 매장,test,햄버거,T4 구어·문장,4eb53f5f-cebb-4fde-bb34-85ede3674519,버거 앤 타코,분식,화정로상인회 골목형상점가,골목형상점가,광주광역시,,,
7d9f77f52db70e881b7a,full_annotation_v1,A,q_햄버거_03,버거 먹을 데,음식점 중 '햄버거'를 판매·제공하는 매장,test,햄버거,T4 구어·문장,f16d4e61-bcfb-4f8f-8b05-6c2fce1bba1c,노브랜드버거전주평화점,휴게음식점 버거,평화동모악로 골목형상점가,골목형상점가,전북특별자치도,,,
2ecf0c207673fdeb9761,full_annotation_v1,A,q_햄버거_03,버거 먹을 데,음식점 중 '햄버거'를 판매·제공하는 매장,test,햄버거,T4 구어·문장,49d6ddb1-4551-47cd-8ab7-0727505f9fba,프랭크 버거 계룡엄사점,햄버거,엄사 골목형상점가,골목형상점가,충청남도,,,
5d4a2d0a8139b25e44b5,full_annotation_v1,A,q_햄버거_03,버거 먹을 데,음식점 중 '햄버거'를 판매·제공하는 매장,test,햄버거,T4 구어·문장,6d5358cb-3a6a-41be-a0f0-6ae5578f4005,버거리버거,햄버거,신용동 골목형상점가,골목형상점가,광주광역시,,,
9426d32d8fe61b0428d9,full_annotation_v1,A,q_햄버거_03,버거 먹을 데,음식점 중 '햄버거'를 판매·제공하는 매장,test,햄버거,T4 구어·문장,27ff7b98-8ef2-4c82-ac9a-6e4964245c5c,정통신포닭강정,치킨,남부종합시장,전통시장,인천광역시,,,
b970836d219b17a51cd9,full_annotation_v1,A,q_햄버거_03,버거 먹을 데,음식점 중 '햄버거'를 판매·제공하는 매장,test,햄버거,T4 구어·문장,a28b5354-78a1-4538-a265-6826b1e41d4a,버거앤타코 대전관평점,버거 타코,테크노밸리 골목형상점가,골목형상점가,대전광역시,,,
87c1c9e5e7adb32ce0de,full_annotation_v1,A,q_햄버거_03,버거 먹을 데,음식점 중 '햄버거'를 판매·제공하는 매장,test,햄버거,T4 구어·문장,913331cb-d684-4c88-864d-29da51108929,맘스터치성남점,버거,젊음의거리 상점가,자율상권구역,울산광역시,,,
a391a1715e21e24c70cd,full_annotation_v1,A,q_햄버거_03,버거 먹을 데,음식점 중 '햄버거'를 판매·제공하는 매장,test,햄버거,T4 구어·문장,bc73abcd-4757-4c3e-9351-10578c66df41,미드픽(midpick),브런치,운천테라스길상인회 골목형상점가,골목형상점가,광주광역시,,,
ac99587f075d4fd717ca,full_annotation_v1,A,q_햄버거_03,버거 먹을 데,음식점 중 '햄버거'를 판매·제공하는 매장,test,햄버거,T4 구어·문장,0e62dc75-b1af-4b5b-9e54-07858c9d26b7,지티에스 버거 공릉점,버거 및 음료와 주류,공릉철길골목형상점가,골목형상점가,서울특별시,,,
838ae2726c04f7478dd1,full_annotation_v1,A,q_햄버거_03,버거 먹을 데,음식점 중 '햄버거'를 판매·제공하는 매장,test,햄버거,T4 구어·문장,c857ca19-8554-4746-892a-fc2e90dd33d2,버거운버거불당롯데시네마점,버거,불당1번가골목형상점가,골목형상점가,충청남도,,,
87abe5b7038fbdeb240c,full_annotation_v1,A,q_햄버거_03,버거 먹을 데,음식점 중 '햄버거'를 판매·제공하는 매장,test,햄버거,T4 구어·문장,f3e3f13e-4631-4021-b4f5-324200e08fc5,자코비스 버거,햄버거,해방촌 골목형상점가,골목형상점가,서울특별시,,,
5b5c153b34fa50ce0258,full_annotation_v1,A,q_햄버거_03,버거 먹을 데,음식점 중 '햄버거'를 판매·제공하는 매장,test,햄버거,T4 구어·문장,0d5fbb91-d090-4fd1-aa3a-3e98150e0319,팻보이 버거 항동점,햄버거,항동 골목형상점가,골목형상점가,서울특별시,,,
6853c9316b2b6a063244,full_annotation_v1,A,q_햄버거_03,버거 먹을 데,음식점 중 '햄버거'를 판매·제공하는 매장,test,햄버거,T4 구어·문장,2ffc5535-d85d-45d2-88dc-206735e44fe6,바이오헬스케어 목동점,건강기능식품,목사랑시장,전통시장,서울특별시,,,
848f9469604a1d814ed6,full_annotation_v1,A,q_햄버거_03,버거 먹을 데,음식점 중 '햄버거'를 판매·제공하는 매장,test,햄버거,T4 구어·문장,2516c216-2308-44f8-be5d-5a3de423cd9a,버거리하당점,행버거,포르모큐브 골목형상점가,골목형상점가,전라남도,,,
c6d2ec8580be7676cc8c,full_annotation_v1,A,q_햄버거_03,버거 먹을 데,음식점 중 '햄버거'를 판매·제공하는 매장,test,햄버거,T4 구어·문장,048a4d84-09bc-43dc-9a72-588b7b823b1a,뉴욕버거춘천명동점,햄버거,춘천명동상점가,자율상권구역,강원특별자치도,,,
1c863798f8e4c96c642f,full_annotation_v1,A,q_햄버거_03,버거 먹을 데,음식점 중 '햄버거'를 판매·제공하는 매장,test,햄버거,T4 구어·문장,8b9803f4-c3a7-4afc-9930-0170c98eba08,버거 몬스터,버거,현풍백년도깨비시장,전통시장,대구광역시,,,
5420ab732ba4612a4421,full_annotation_v1,A,q_햄버거_03,버거 먹을 데,음식점 중 '햄버거'를 판매·제공하는 매장,test,햄버거,T4 구어·문장,5078d297-5469-468f-af5b-61a6ce554ecb,그래비패티 버거,햄버거,반석동 골목형상점가,골목형상점가,대전광역시,,,
0117110bba029522ed37,full_annotation_v1,A,q_햄버거_03,버거 먹을 데,음식점 중 '햄버거'를 판매·제공하는 매장,test,햄버거,T4 구어·문장,ac990665-e235-41c5-88e5-966566ab6e42,버거위드,햄버거,포레나 골목형상점가,골목형상점가,전북특별자치도,,,
004f435012b5b04f2eee,full_annotation_v1,A,q_햄버거_03,버거 먹을 데,음식점 중 '햄버거'를 판매·제공하는 매장,test,햄버거,T4 구어·문장,9eae249b-4254-45b6-94ba-4f9220c21627,공주상회,선어,사천 삼천포용궁수산시장,전통시장,경상남도,,,
79074f136e36e06603da,full_annotation_v1,A,q_햄버거_03,버거 먹을 데,음식점 중 '햄버거'를 판매·제공하는 매장,test,햄버거,T4 구어·문장,4042d8b1-49cc-4651-84a8-083c1a73b69c,버거리버거,햄버거,단국대 앞 골목형상점가,골목형상점가,경기도,,,
43e0642317d8ad280e76,full_annotation_v1,A,q_햄버거_03,버거 먹을 데,음식점 중 '햄버거'를 판매·제공하는 매장,test,햄버거,T4 구어·문장,52e2033c-4b45-4a6b-aa3d-c1082c180e58,버거운버거 자운대점,햄버거,자운대 골목형상점가,골목형상점가,대전광역시,,,
06220c4aebbd8875a73a,full_annotation_v1,A,q_햄버거_03,버거 먹을 데,음식점 중 '햄버거'를 판매·제공하는 매장,test,햄버거,T4 구어·문장,ada30590-1d33-4908-a74e-c9ba55606d73,버거리 나주혁신점,버거,빛가람 하나로 골목형상점가,골목형상점가,전라남도,,,
16ae1e5c659411ce0cff,full_annotation_v1,A,q_햄버거_03,버거 먹을 데,음식점 중 '햄버거'를 판매·제공하는 매장,test,햄버거,T4 구어·문장,e79ef703-a36c-43d3-9685-abd8772a3894,수지이모식당,한식,청주육거리종합시장,전통시장,충청북도,,,
775907e5225bbd352b78,full_annotation_v1,A,q_햄버거_03,버거 먹을 데,음식점 중 '햄버거'를 판매·제공하는 매장,test,햄버거,T4 구어·문장,f14df4d3-9858-4a8b-8597-20fd477d8e32,갤러리 데 루치아,가구,용인어정가구단지상점가,자율상권구역,경기도,,,
5e113f88ce0a45a36d35,full_annotation_v1,A,q_햄버거_03,버거 먹을 데,음식점 중 '햄버거'를 판매·제공하는 매장,test,햄버거,T4 구어·문장,e8c56f0d-93c3-4c6b-b757-cf574517ad93,하나세탁소,세탁,무극시장,전통시장,충청북도,,,
7b75b3488ff0885aefe9,full_annotation_v1,A,q_햄버거_03,버거 먹을 데,음식점 중 '햄버거'를 판매·제공하는 매장,test,햄버거,T4 구어·문장,94384265-5fa9-4430-be91-f3b8b514b81e,노브랜드버거 충남부여점,버거,부여도심 상권활성화구역,상권활성화구역,충청남도,,,
db4b71c6af0a34f05b17,full_annotation_v1,A,q_햄버거_03,버거 먹을 데,음식점 중 '햄버거'를 판매·제공하는 매장,test,햄버거,T4 구어·문장,05a0eac4-6636-4b58-bd65-1fe2b8192a08,보떼이천중앙점,,이천중앙로상가,자율상권구역,경기도,,,
674c6e6f0e0255bc1688,full_annotation_v1,A,q_햄버거_03,버거 먹을 데,음식점 중 '햄버거'를 판매·제공하는 매장,test,햄버거,T4 구어·문장,0afcfe69-7d1e-4e29-aee1-efe41c86cb8c,버거앤타코,"버거, 타코",소촌골 골목형상점가,골목형상점가,광주광역시,,,
b0ed6b3a83ad50d31eb8,full_annotation_v1,A,q_햄버거_04,햄버거 파는 곳,음식점 중 '햄버거'를 판매·제공하는 매장,test,햄버거,T4 구어·문장,596ead8f-e4db-4cc2-9970-cdfcb59a3042,롯데리아성대시장점,햄버거,성대건물시장,전통시장,서울특별시,,,
92efe3b59847d1a6e1e4,full_annotation_v1,A,q_햄버거_04,햄버거 파는 곳,음식점 중 '햄버거'를 판매·제공하는 매장,test,햄버거,T4 구어·문장,6d5358cb-3a6a-41be-a0f0-6ae5578f4005,버거리버거,햄버거,신용동 골목형상점가,골목형상점가,광주광역시,,,
d70e8247d3ea2e25248e,full_annotation_v1,A,q_햄버거_04,햄버거 파는 곳,음식점 중 '햄버거'를 판매·제공하는 매장,test,햄버거,T4 구어·문장,15354070-c2b7-4fd8-be49-9684057bfd1d,칸타레음악학원,피아노교육,낭월 빛담길 골목형상점가,골목형상점가,대전광역시,,,
20d54089308a4d066d54,full_annotation_v1,A,q_햄버거_04,햄버거 파는 곳,음식점 중 '햄버거'를 판매·제공하는 매장,test,햄버거,T4 구어·문장,b576034e-31a2-46a5-9ac0-c80b58b54447,움버거앤윙스,햄버거,전남대후문골목형상점가,골목형상점가,광주광역시,,,
765ec481cc905a46aeb3,full_annotation_v1,A,q_햄버거_04,햄버거 파는 곳,음식점 중 '햄버거'를 판매·제공하는 매장,test,햄버거,T4 구어·문장,6be411ee-b171-4e25-82bb-f086d734e27d,버거스낵,햄버거,경리단길 골목형상점가,골목형상점가,서울특별시,,,
97c290dfcc1831e0e9cc,full_annotation_v1,A,q_햄버거_04,햄버거 파는 곳,음식점 중 '햄버거'를 판매·제공하는 매장,test,햄버거,T4 구어·문장,ad41ba3c-5aed-4a28-961d-32cd6baf9590,더피플버거,햄버거,연신내골목형상점가,골목형상점가,서울특별시,,,
bd270244ff4aa79d57a0,full_annotation_v1,A,q_햄버거_04,햄버거 파는 곳,음식점 중 '햄버거'를 판매·제공하는 매장,test,햄버거,T4 구어·문장,86f28296-014b-49d4-8769-b40481883b2b,오지버거,햄버거,지웰시티자이상가 골목형상점가,골목형상점가,울산광역시,,,
c3ee2e380e259c8dd00f,full_annotation_v1,A,q_햄버거_04,햄버거 파는 곳,음식점 중 '햄버거'를 판매·제공하는 매장,test,햄버거,T4 구어·문장,cdb733a7-43ea-43a6-b2c7-93ba34fe73ab,롯데리아반석,햄버거,반석동 골목형상점가,골목형상점가,대전광역시,,,
c8c96f89636d6a289d80,full_annotation_v1,A,q_햄버거_04,햄버거 파는 곳,음식점 중 '햄버거'를 판매·제공하는 매장,test,햄버거,T4 구어·문장,4fbc560d-031f-4dbb-b908-a43ac4659b14,븨븨티(VVT)버거,햄버거,대구예전우시장,전통시장,대구광역시,,,
6c1a65c2de06bd8f4ea2,full_annotation_v1,A,q_햄버거_04,햄버거 파는 곳,음식점 중 '햄버거'를 판매·제공하는 매장,test,햄버거,T4 구어·문장,193ac7ee-d7d5-419c-9b9a-019188656020,노브랜드버거안동중앙점,햄버거,안동중앙문화의거리상점가,자율상권구역,경상북도,,,
923c2d6ed0c5b6bf513d,full_annotation_v1,A,q_햄버거_04,햄버거 파는 곳,음식점 중 '햄버거'를 판매·제공하는 매장,test,햄버거,T4 구어·문장,40520830-dd25-4540-8ef0-b4c12d990c0f,맘스터치 매탄2호점,"버거, 치킨",매탄중심상가 골목형상점가,골목형상점가,경기도,,,
a1847e505e0e092f55a8,full_annotation_v1,A,q_햄버거_04,햄버거 파는 곳,음식점 중 '햄버거'를 판매·제공하는 매장,test,햄버거,T4 구어·문장,7799fde2-c2ef-41cc-8be0-ee33bc407f9a,마풍1호점,햄버거,중앙신시장,전통시장,경상북도,,,
71d26e5b9e7bd0a8cbeb,full_annotation_v1,A,q_햄버거_04,햄버거 파는 곳,음식점 중 '햄버거'를 판매·제공하는 매장,test,햄버거,T4 구어·문장,120aaeb7-8752-43dc-a11b-69689a62ddfc,프랭크버거광주송정점,햄버거,광산 송2송2 골목형상점가,골목형상점가,광주광역시,,,
dbd0a775481c7ae8a4f9,full_annotation_v1,A,q_햄버거_04,햄버거 파는 곳,음식점 중 '햄버거'를 판매·제공하는 매장,test,햄버거,T4 구어·문장,c4ac7c28-9215-4d75-a3e9-655652f9801d,맘스터치,햄버거,신용동 큰 사거리 골목형상점가,골목형상점가,광주광역시,,,
89855bc2ebe3e672ed59,full_annotation_v1,A,q_햄버거_04,햄버거 파는 곳,음식점 중 '햄버거'를 판매·제공하는 매장,test,햄버거,T4 구어·문장,5a86feb5-800e-45a8-ace5-f8a5e351028c,고기중심,정육,우림골목시장,전통시장,서울특별시,,,
dda508741726471b8ba9,full_annotation_v1,A,q_햄버거_04,햄버거 파는 곳,음식점 중 '햄버거'를 판매·제공하는 매장,test,햄버거,T4 구어·문장,19b4a38d-1a29-4ee6-ac12-b0f07b9ec9b6,송두학햄버거,,평택국제중앙시장,전통시장,경기도,,,
bbfe057c9e808c011fb6,full_annotation_v1,A,q_햄버거_04,햄버거 파는 곳,음식점 중 '햄버거'를 판매·제공하는 매장,test,햄버거,T4 구어·문장,044dcae4-08b1-46c8-acd9-f5686630cf4e,블리스버거(까치울역점),햄버거,까치울역카페거리 골목형상점가,골목형상점가,경기도,,,
0c53c08cc653c888f118,full_annotation_v1,A,q_햄버거_04,햄버거 파는 곳,음식점 중 '햄버거'를 판매·제공하는 매장,test,햄버거,T4 구어·문장,189b18e0-a0c0-4e8c-9a52-e67fd52b8fad,유영상회,양말,동산상가,전통시장,대구광역시,,,
724fb19af8ee750aba06,full_annotation_v1,A,q_햄버거_04,햄버거 파는 곳,음식점 중 '햄버거'를 판매·제공하는 매장,test,햄버거,T4 구어·문장,ffbb7d2d-285a-4b68-bcc0-3ba940bb7ecc,롯데리아,햄버거,진해 군항상권활성화구역,상권활성화구역,경상남도,,,
63342354144464f4d78c,full_annotation_v1,A,q_햄버거_04,햄버거 파는 곳,음식점 중 '햄버거'를 판매·제공하는 매장,test,햄버거,T4 구어·문장,aabeb4d7-f034-4ac3-a0e8-052ba9d38db0,맘스터치천안터미널사거리점,햄버거,천안신부문화거리상점가,자율상권구역,충청남도,,,
00a8538862bfb030c86b,full_annotation_v1,A,q_햄버거_04,햄버거 파는 곳,음식점 중 '햄버거'를 판매·제공하는 매장,test,햄버거,T4 구어·문장,f13ff555-de07-4d94-a182-2be12f9be18f,맘스터치,햄버거,탕정미래 골목형상점가,골목형상점가,충청남도,,,
ecc18f6475edd5497af4,full_annotation_v1,A,q_햄버거_04,햄버거 파는 곳,음식점 중 '햄버거'를 판매·제공하는 매장,test,햄버거,T4 구어·문장,8df8a2cd-343e-4c64-9eef-769c4a1c68f4,히터스버거,햄버거,궁동 골목형상점가,골목형상점가,대전광역시,,,
e3d2a59223a4dad0923f,full_annotation_v1,A,q_햄버거_04,햄버거 파는 곳,음식점 중 '햄버거'를 판매·제공하는 매장,test,햄버거,T4 구어·문장,7757246d-6f45-4189-b63b-75cac4e32dcc,팡드버거,햄버거,화정현대 골목형상점가,골목형상점가,경기도,,,
ee655aec666cfb925cd8,full_annotation_v1,A,q_햄버거_04,햄버거 파는 곳,음식점 중 '햄버거'를 판매·제공하는 매장,test,햄버거,T4 구어·문장,c317b3b4-6cec-457a-bdbc-67bf89c6f412,코튼맘,소매업(수예품),신안코아,전통시장,경기도,,,
68f71c7d90a131f47a77,full_annotation_v1,A,q_햄버거_04,햄버거 파는 곳,음식점 중 '햄버거'를 판매·제공하는 매장,test,햄버거,T4 구어·문장,24456103-f6b8-46af-8655-82e61d7265d8,커피가 머무르는 곳,커피,반드레길골목형상점가,골목형상점가,서울특별시,,,
8b9b27d6f44601f2a3e3,full_annotation_v1,A,q_햄버거_04,햄버거 파는 곳,음식점 중 '햄버거'를 판매·제공하는 매장,test,햄버거,T4 구어·문장,8f8bd57a-66d0-4d80-aac2-b034d607a2d2,맘스터지,햄버거,포항 지곡에드빌 골목형상점가,골목형상점가,경상북도,,,
c67a747ea80b306aa03a,full_annotation_v1,A,q_햄버거_04,햄버거 파는 곳,음식점 중 '햄버거'를 판매·제공하는 매장,test,햄버거,T4 구어·문장,34e9d93f-a2e5-4860-852f-503ca523d4ea,송정1913떡갈비버거,햄버거,1913송정역시장,전통시장,광주광역시,,,
54d9f6b73b0416ff4c5a,full_annotation_v1,A,q_햄버거_04,햄버거 파는 곳,음식점 중 '햄버거'를 판매·제공하는 매장,test,햄버거,T4 구어·문장,98cfb43c-df74-40c5-8029-db85b12660ec,롯데리아,햄버거,오치 설죽로 골목형상점가,골목형상점가,광주광역시,,,
4df3f2be103a785ee12b,full_annotation_v1,A,q_햄버거_04,햄버거 파는 곳,음식점 중 '햄버거'를 판매·제공하는 매장,test,햄버거,T4 구어·문장,9b9f28a5-a713-4401-bff4-c9b0629c4115,노브랜드버거,햄버거,조대장미의거리 상점가,자율상권구역,광주광역시,,,
8eaa7c58c7bf2011d649,full_annotation_v1,A,q_햄버거_04,햄버거 파는 곳,음식점 중 '햄버거'를 판매·제공하는 매장,test,햄버거,T4 구어·문장,04dcc11e-b36e-4dd3-9900-84253c34983b,맘스터치순천대점,"치킨, 버거",순천대1번상가,자율상권구역,전라남도,,,
c95324f11fa074d269bf,full_annotation_v1,A,q_햄버거_04,햄버거 파는 곳,음식점 중 '햄버거'를 판매·제공하는 매장,test,햄버거,T4 구어·문장,a3c4ddae-27dd-45c7-9e41-f1424b9b4952,노브랜드버거,햄버거,문흥동 골목형상점가,골목형상점가,광주광역시,,,
6597309a7102429ff675,full_annotation_v1,A,q_햄버거_04,햄버거 파는 곳,음식점 중 '햄버거'를 판매·제공하는 매장,test,햄버거,T4 구어·문장,a5683b8c-f865-46ba-bba9-462f15eff405,벤티버거,햄버거,전남대후문골목형상점가,골목형상점가,광주광역시,,,
14c60c6eb1651619a28c,full_annotation_v1,A,q_햄버거_04,햄버거 파는 곳,음식점 중 '햄버거'를 판매·제공하는 매장,test,햄버거,T4 구어·문장,9caf9d3d-84e6-497c-a1a0-2c941640c9a3,어반르토아,햄버거,이도패션거리 골목형상점가,골목형상점가,제주특별자치도,,,
a30ad303968d3dccfeee,full_annotation_v1,A,q_햄버거_04,햄버거 파는 곳,음식점 중 '햄버거'를 판매·제공하는 매장,test,햄버거,T4 구어·문장,5ced3c35-00aa-49dc-9dc7-517431f22faa,칠공버거,햄버거,당감골목시장,전통시장,부산광역시,,,
9a8c105e0b77d6172399,full_annotation_v1,A,q_햄버거_04,햄버거 파는 곳,음식점 중 '햄버거'를 판매·제공하는 매장,test,햄버거,T4 구어·문장,c888a04b-4c50-4e33-9dde-0bd95f2cf8b2,남영상회,과일,대림골목시장,전통시장,서울특별시,,,
f5e05f63d697a0a2f2ad,full_annotation_v1,A,q_햄버거_04,햄버거 파는 곳,음식점 중 '햄버거'를 판매·제공하는 매장,test,햄버거,T4 구어·문장,c161453d-f2c8-4b97-a2c3-a54e0cbdb7e8,생활용품 싸게 파는 집,잡화,안성중앙시장,전통시장,경기도,,,
8758b424a57e2ad2e4ca,full_annotation_v1,A,q_햄버거_04,햄버거 파는 곳,음식점 중 '햄버거'를 판매·제공하는 매장,test,햄버거,T4 구어·문장,23e76311-a0ae-439a-a6f5-1a6bfd00efc5,맘스터치구미인동점,햄버거,인동중앙상점가,골목형상점가,경상북도,,,
fa25253cdc99f3a49331,full_annotation_v1,A,q_햄버거_04,햄버거 파는 곳,음식점 중 '햄버거'를 판매·제공하는 매장,test,햄버거,T4 구어·문장,2743811c-5e71-4d2b-aa75-1b0147d44f2d,사우 꽃이 피는 곳,꽃,김포 풍년마을 골목형상점가,골목형상점가,경기도,,,
3be24c4a8b8ee6873460,full_annotation_v1,A,q_햄버거_04,햄버거 파는 곳,음식점 중 '햄버거'를 판매·제공하는 매장,test,햄버거,T4 구어·문장,1599d392-aa8e-4d0d-a6b2-0d8df0dc04b3,버거고,햄버거,공릉동도깨비시장,전통시장,서울특별시,,,
c159b8cef3ffe6a2cd30,full_annotation_v1,A,q_햄버거_04,햄버거 파는 곳,음식점 중 '햄버거'를 판매·제공하는 매장,test,햄버거,T4 구어·문장,119e0fbd-2d3b-4425-929f-3de4e5366231,와플칸 나주점,카페,나주 대호동 골목형상점가,골목형상점가,전라남도,,,
6d6d445bba40cd5373cb,full_annotation_v1,A,q_햄버거_04,햄버거 파는 곳,음식점 중 '햄버거'를 판매·제공하는 매장,test,햄버거,T4 구어·문장,40cc82ec-4bf3-48bf-8ad0-36af3efb0175,기프트버거,햄버거,중동효성 골목형상점가,골목형상점가,대구광역시,,,
c1622391debee1497cc9,full_annotation_v1,A,q_햄버거_04,햄버거 파는 곳,음식점 중 '햄버거'를 판매·제공하는 매장,test,햄버거,T4 구어·문장,e6b80137-8a47-41da-9012-3caa77a8dde6,담양버거,햄버거,담양중앙 골목형상점가,골목형상점가,전라남도,,,
4170b4ea21a07e740557,full_annotation_v1,A,q_햄버거_04,햄버거 파는 곳,음식점 중 '햄버거'를 판매·제공하는 매장,test,햄버거,T4 구어·문장,3a15b984-914f-4bd1-902f-0b7785a00c7d,맘스터치의왕포일점,햄버거,포일중앙 골목형상점가,골목형상점가,경기도,,,
f22ba442d6ba4590d90e,full_annotation_v1,A,q_햄버거_04,햄버거 파는 곳,음식점 중 '햄버거'를 판매·제공하는 매장,test,햄버거,T4 구어·문장,adf43be2-ffc2-449c-a796-f36d046d744b,맘스터치선부점,햄버거,선부광장로상점가,자율상권구역,경기도,,,
8352c1de60c4686039f9,full_annotation_v1,A,q_햄버거_04,햄버거 파는 곳,음식점 중 '햄버거'를 판매·제공하는 매장,test,햄버거,T4 구어·문장,ac6e4664-c0e4-47b6-b3e7-39188c9227ba,롯데리아원평점,햄버거,문화로 자율상권구역,상권활성화구역,경상북도,,,
ddfdda10f62187689c6a,full_annotation_v1,A,q_햄버거_04,햄버거 파는 곳,음식점 중 '햄버거'를 판매·제공하는 매장,test,햄버거,T4 구어·문장,887c9a5a-ee03-42d4-a7c5-b49c51ceac50,오si오커피,커피,금화로상인회 골목형상점가,골목형상점가,광주광역시,,,
0f26fe4be059336b3bc1,full_annotation_v1,A,q_햄버거_04,햄버거 파는 곳,음식점 중 '햄버거'를 판매·제공하는 매장,test,햄버거,T4 구어·문장,45109a5c-6265-441f-8ea4-3a164574734b,버거리 광주 동명점,버거,동명동 카페거리 골목형상점가,골목형상점가,광주광역시,,,
76f8e9d7eb97428655a5,full_annotation_v1,A,q_햄버거_04,햄버거 파는 곳,음식점 중 '햄버거'를 판매·제공하는 매장,test,햄버거,T4 구어·문장,b5546189-04c0-4015-bbb0-66011373ee7b,레커버거,햄버거,수완장덕 골목형상점가,골목형상점가,광주광역시,,,
96be40766b611b506d76,full_annotation_v1,A,q_햄버거_04,햄버거 파는 곳,음식점 중 '햄버거'를 판매·제공하는 매장,test,햄버거,T4 구어·문장,0a853893-7778-46a5-b7ba-a3ab8601f345,더크래프트버거세종도담점,햄버거,도담동 골목형상점가,골목형상점가,세종특별자치시,,,
4f5648ee3f0eaa6469e7,full_annotation_v1,A,q_햄버거_04,햄버거 파는 곳,음식점 중 '햄버거'를 판매·제공하는 매장,test,햄버거,T4 구어·문장,95297f3a-a6cb-4ea0-a3aa-83614ea958ab,롯데리아신부여점,햄버거,부여도심 상권활성화구역,상권활성화구역,충청남도,,,
b40ad504b8cf082d59f6,full_annotation_v1,A,q_햄버거_04,햄버거 파는 곳,음식점 중 '햄버거'를 판매·제공하는 매장,test,햄버거,T4 구어·문장,248f8f64-09ea-4803-ad24-6efc551e5ea2,번크러쉬,햄버거,산본로데오거리(구 산본중심상가),자율상권구역,경기도,,,
858c58822843310c8563,full_annotation_v1,A,q_햄버거_04,햄버거 파는 곳,음식점 중 '햄버거'를 판매·제공하는 매장,test,햄버거,T4 구어·문장,b5427fd4-8c9a-484c-973e-29828891e659,기독온사랑약국,양약의료기기판매,양림기독병원 골목형상점가,골목형상점가,광주광역시,,,
beb34a919da62ff830be,full_annotation_v1,A,q_햄버거_04,햄버거 파는 곳,음식점 중 '햄버거'를 판매·제공하는 매장,test,햄버거,T4 구어·문장,e2fff35e-dbe6-45ab-9806-f14608245875,롯데리아남문성안길점,햄버거,성안길상점가,자율상권구역,충청북도,,,
36555c6655855229d972,full_annotation_v1,A,q_햄버거_04,햄버거 파는 곳,음식점 중 '햄버거'를 판매·제공하는 매장,test,햄버거,T4 구어·문장,f64bebaf-6903-4ad9-83c0-c2dabf575807,양림버거,햄버거,양림천변좌로 골목형상점가,골목형상점가,광주광역시,,,
9c07f64c3f3d835d7496,full_annotation_v1,A,q_햄버거_04,햄버거 파는 곳,음식점 중 '햄버거'를 판매·제공하는 매장,test,햄버거,T4 구어·문장,37e47567-ca6f-414a-b43d-bc555c966af8,코지버거,햄버거,전북대대학로상점가,자율상권구역,전북특별자치도,,,
5f445460670538cfdb59,full_annotation_v1,A,q_햄버거_04,햄버거 파는 곳,음식점 중 '햄버거'를 판매·제공하는 매장,test,햄버거,T4 구어·문장,5a7c7d19-e109-4651-893a-bac5bd4f61dd,보어드앤헝그리,햄버거,경의숲길서강 골목형상점가,골목형상점가,서울특별시,,,
862a2ecfca473a340f94,full_annotation_v1,A,q_햄버거_04,햄버거 파는 곳,음식점 중 '햄버거'를 판매·제공하는 매장,test,햄버거,T4 구어·문장,93a76c31-dfd4-4299-9327-a77dda7af810,바다회집,한식,둔산3동상점가,자율상권구역,대전광역시,,,
ea767bed593493e65998,full_annotation_v1,A,q_햄버거_04,햄버거 파는 곳,음식점 중 '햄버거'를 판매·제공하는 매장,test,햄버거,T4 구어·문장,229c5c01-d1fc-4bc6-ad25-1bcaefdb01da,롯데리아구미점,햄버거,구미역중앙 골목형상점가,골목형상점가,경상북도,,,
4791125078c35b2fb695,full_annotation_v1,A,q_햄버거_04,햄버거 파는 곳,음식점 중 '햄버거'를 판매·제공하는 매장,test,햄버거,T4 구어·문장,9a37346b-40c9-46f9-b09b-4fecb97e9352,롯데리아,햄버거,동천동먹자골목2번가상인회 골목형상점가,골목형상점가,광주광역시,,,
703e23aa1c5a5d616824,full_annotation_v1,A,q_햄버거_04,햄버거 파는 곳,음식점 중 '햄버거'를 판매·제공하는 매장,test,햄버거,T4 구어·문장,5fe24a9d-fcf1-4556-86c7-0c9b88cade02,모아세탁,세탁,금화로상인회 골목형상점가,골목형상점가,광주광역시,,,
67e2991ef82f2a802241,full_annotation_v1,A,q_햄버거_04,햄버거 파는 곳,음식점 중 '햄버거'를 판매·제공하는 매장,test,햄버거,T4 구어·문장,0647c6fc-99f8-43c3-ba31-039067ac08d5,스테이플버거,햄버거,오류버들시장골목형상점가,골목형상점가,서울특별시,,,
641e4627c01dbf473f72,full_annotation_v1,A,q_햄버거_04,햄버거 파는 곳,음식점 중 '햄버거'를 판매·제공하는 매장,test,햄버거,T4 구어·문장,bbb3d889-ecf8-4529-be1f-705ad31052c6,포런버거,햄버거,천천중심상가 골목형상점가,골목형상점가,경기도,,,
f282e8e29d3c57a7bd35,full_annotation_v1,A,q_햄버거_04,햄버거 파는 곳,음식점 중 '햄버거'를 판매·제공하는 매장,test,햄버거,T4 구어·문장,f9970446-d87f-4013-9030-1a10e54c5144,엘로우번,햄버거,청계면 목대후문 골목형상점가,골목형상점가,전라남도,,,
1f85592c6a999cb871d1,full_annotation_v1,A,q_햄버거_04,햄버거 파는 곳,음식점 중 '햄버거'를 판매·제공하는 매장,test,햄버거,T4 구어·문장,08620365-64fa-45a2-8fbf-ae89e70eac12,제프,햄버거,김녕로 골목형상점가,골목형상점가,제주특별자치도,,,
6916673e702810b27b39,full_annotation_v1,A,q_햄버거_04,햄버거 파는 곳,음식점 중 '햄버거'를 판매·제공하는 매장,test,햄버거,T4 구어·문장,1f76fd54-fb9d-432c-ba2a-3e78e1043730,텐버거 산본점,햄버거,산본로데오거리(구 산본중심상가),자율상권구역,경기도,,,
b73f5fd55811a509764f,full_annotation_v1,A,q_햄버거_04,햄버거 파는 곳,음식점 중 '햄버거'를 판매·제공하는 매장,test,햄버거,T4 구어·문장,20cc8073-cd55-4986-962f-23a439360be8,계남버거,햄버거,부평깡시장,전통시장,인천광역시,,,
26419219ca8614abf3a1,full_annotation_v1,A,q_햄버거_04,햄버거 파는 곳,음식점 중 '햄버거'를 판매·제공하는 매장,test,햄버거,T4 구어·문장,ca0e35cd-fca2-4ac3-a635-9fc2ae6fe363,론스타텍스멕스,햄버거,행복로골목형상점가,골목형상점가,경기도,,,
5d5ffc99aa6da9292a7b,full_annotation_v1,A,q_햄버거_04,햄버거 파는 곳,음식점 중 '햄버거'를 판매·제공하는 매장,test,햄버거,T4 구어·문장,048a4d84-09bc-43dc-9a72-588b7b823b1a,뉴욕버거춘천명동점,햄버거,춘천명동상점가,자율상권구역,강원특별자치도,,,
57fe6234e8918f9c59ba,full_annotation_v1,A,q_햄버거_04,햄버거 파는 곳,음식점 중 '햄버거'를 판매·제공하는 매장,test,햄버거,T4 구어·문장,26a42b5b-6ba1-4543-9523-5538d181d939,맘스터치대구신매점,햄버거,신매시장,전통시장,대구광역시,,,
fe4bd5688c57e604882e,full_annotation_v1,A,q_햄버거_04,햄버거 파는 곳,음식점 중 '햄버거'를 판매·제공하는 매장,test,햄버거,T4 구어·문장,f5480668-9e99-4125-ac8f-c3bdc98d6172,진수성찬,,현대시장(수정구),전통시장,경기도,,,
6464e3a6b29084414bd3,full_annotation_v1,A,q_햄버거_04,햄버거 파는 곳,음식점 중 '햄버거'를 판매·제공하는 매장,test,햄버거,T4 구어·문장,208a75d6-481a-4704-a51a-f6f7f883a589,롯데리아송촌점,햄버거,송촌동상점가,자율상권구역,대전광역시,,,
916f7b4c53eb03db08cd,full_annotation_v1,A,q_햄버거_04,햄버거 파는 곳,음식점 중 '햄버거'를 판매·제공하는 매장,test,햄버거,T4 구어·문장,d93cb78a-cb90-47f8-b73d-9ee46b573fb7,민가네순대,한식,중리시장,전통시장,대전광역시,,,
d75b2b0e36bcdeaed6f8,full_annotation_v1,A,q_햄버거_04,햄버거 파는 곳,음식점 중 '햄버거'를 판매·제공하는 매장,test,햄버거,T4 구어·문장,5e3fc31c-f7d0-4773-a17a-302450018cd3,부,버거,대연골목시장 골목형상점가,골목형상점가,부산광역시,,,
ea62583a194d1508c5a2,full_annotation_v1,A,q_햄버거_04,햄버거 파는 곳,음식점 중 '햄버거'를 판매·제공하는 매장,test,햄버거,T4 구어·문장,5b46e308-acfa-4bea-9f06-605fd4811b76,함부르크버거,햄버거,영천 골목형상점가,골목형상점가,광주광역시,,,
bde1df47afabc1976545,full_annotation_v1,A,q_햄버거_04,햄버거 파는 곳,음식점 중 '햄버거'를 판매·제공하는 매장,test,햄버거,T4 구어·문장,03346a87-e628-4c4a-80ed-f1d23dee1aee,시카고치즈버거,햄버거,우치로231번길 골목형상점가,골목형상점가,광주광역시,,,
cd3cd1b256ba0c03a8fd,full_annotation_v1,A,q_햄버거_04,햄버거 파는 곳,음식점 중 '햄버거'를 판매·제공하는 매장,test,햄버거,T4 구어·문장,9e775c20-b7d1-4ff5-81e8-3b78fc9189e3,롯데리아대전비래점,햄버거,비래동골목형상점가,골목형상점가,대전광역시,,,
1c1674271732a9bf2042,full_annotation_v1,A,q_햄버거_04,햄버거 파는 곳,음식점 중 '햄버거'를 판매·제공하는 매장,test,햄버거,T4 구어·문장,ea9dcf97-6ac3-46b6-90f7-d058210b24ee,맘스터치문흥점,햄버거,문흥1동 골목형상점가,골목형상점가,광주광역시,,,
c3dee6646b74308a5761,full_annotation_v1,A,q_햄버거_04,햄버거 파는 곳,음식점 중 '햄버거'를 판매·제공하는 매장,test,햄버거,T4 구어·문장,94150098-9d12-4dd4-a040-8dbf82452d2a,롯데리아울산전하점,햄버거,동울산종합시장,전통시장,울산광역시,,,
cd31b5ca277e07cc2df8,full_annotation_v1,A,q_햄버거_04,햄버거 파는 곳,음식점 중 '햄버거'를 판매·제공하는 매장,test,햄버거,T4 구어·문장,8c7f03a6-94c2-4ad1-a560-36fbedddafb1,맘스터치,햄버거,박물관거리 골목형상점가,골목형상점가,전라남도,,,
e183fc43f0f456f011a1,full_annotation_v1,A,q_햄버거_04,햄버거 파는 곳,음식점 중 '햄버거'를 판매·제공하는 매장,test,햄버거,T4 구어·문장,a91e34b4-bd04-4a2b-b4b6-7c72db1288f5,송두학햄버거,햄버거,평택국제중앙시장,전통시장,경기도,,,
8138cb0a08142e208d02,full_annotation_v1,A,q_햄버거_04,햄버거 파는 곳,음식점 중 '햄버거'를 판매·제공하는 매장,test,햄버거,T4 구어·문장,ac990665-e235-41c5-88e5-966566ab6e42,버거위드,햄버거,포레나 골목형상점가,골목형상점가,전북특별자치도,,,
c61c63634e94c199a4e2,full_annotation_v1,A,q_햄버거_04,햄버거 파는 곳,음식점 중 '햄버거'를 판매·제공하는 매장,test,햄버거,T4 구어·문장,07d77e7d-3704-49af-b730-793c9152485a,유정건강원,"인삼, 약초외",충주무학시장,전통시장,충청북도,,,
8552e39baf897d3b1e27,full_annotation_v1,A,q_햄버거_04,햄버거 파는 곳,음식점 중 '햄버거'를 판매·제공하는 매장,test,햄버거,T4 구어·문장,0f45a390-df2c-4313-9fdc-69b09d81f913,빌리언박스,햄버거,희담길,골목형상점가,광주광역시,,,
83ef12d23565b917f20b,full_annotation_v1,A,q_햄버거_04,햄버거 파는 곳,음식점 중 '햄버거'를 판매·제공하는 매장,test,햄버거,T4 구어·문장,bed2c327-227f-4b61-b1b6-0f27eb5024e9,프랭크버거과천중앙점,햄버거,별양동상점가,자율상권구역,경기도,,,
2cc0f9bae67ad72bc037,full_annotation_v1,A,q_햄버거_04,햄버거 파는 곳,음식점 중 '햄버거'를 판매·제공하는 매장,test,햄버거,T4 구어·문장,a5db1ed8-d00f-44e1-908d-1e6c1ea56db9,맘스터치,햄버거,목원대 골목형상점가,골목형상점가,대전광역시,,,
6e916efcd276f1f6ea47,full_annotation_v1,A,q_햄버거_04,햄버거 파는 곳,음식점 중 '햄버거'를 판매·제공하는 매장,test,햄버거,T4 구어·문장,ee51e614-0aef-4b19-a000-acabf68183b1,뉴욕버거,햄버거,양주신산시장마을상점가,골목형상점가,경기도,,,
7ada69aa3510051db0f6,full_annotation_v1,A,q_햄버거_04,햄버거 파는 곳,음식점 중 '햄버거'를 판매·제공하는 매장,test,햄버거,T4 구어·문장,603dba30-abf7-4670-bda3-6f3bbb02a335,기프트버거구미1호점,햄버거,옥계 부성상가,골목형상점가,경상북도,,,
b5f139245b5661b6d31b,full_annotation_v1,A,q_햄버거_04,햄버거 파는 곳,음식점 중 '햄버거'를 판매·제공하는 매장,test,햄버거,T4 구어·문장,4ea88b2f-3ca6-405f-a15a-bd7c23dba153,햄버거분식,,학사골목 골목형상점가,골목형상점가,경상북도,,,
db2afc10f7312beb1d93,full_annotation_v1,A,q_햄버거_04,햄버거 파는 곳,음식점 중 '햄버거'를 판매·제공하는 매장,test,햄버거,T4 구어·문장,c111ac9d-3f3a-405c-a8db-4d127ccda9e2,행복이 있는 곳,잡화,제주로얄쇼핑센터,자율상권구역,제주특별자치도,,,
ae707c673c418e5f9815,full_annotation_v1,A,q_햄버거_04,햄버거 파는 곳,음식점 중 '햄버거'를 판매·제공하는 매장,test,햄버거,T4 구어·문장,01db9dba-f986-4f41-ab61-46cd15e43b93,맘스터치명동직영점,"햄버거, 치킨",춘천지하상가,일반지하상점가,강원특별자치도,,,
60d3fc543b8c0b9bf4ef,full_annotation_v1,A,q_햄버거_04,햄버거 파는 곳,음식점 중 '햄버거'를 판매·제공하는 매장,test,햄버거,T4 구어·문장,4042d8b1-49cc-4651-84a8-083c1a73b69c,버거리버거,햄버거,단국대 앞 골목형상점가,골목형상점가,경기도,,,
923abd148ce3b216e839,full_annotation_v1,A,q_햄버거_04,햄버거 파는 곳,음식점 중 '햄버거'를 판매·제공하는 매장,test,햄버거,T4 구어·문장,685e2124-e381-409f-85f0-58fb4f00c423,덤버거,햄버거,광명새마을시장,전통시장,경기도,,,
6df79641a5c4fe7ccf9a,full_annotation_v1,A,q_햄버거_04,햄버거 파는 곳,음식점 중 '햄버거'를 판매·제공하는 매장,test,햄버거,T4 구어·문장,ce664ee3-c2c4-4e4b-8b59-6a4b36b54294,달라스햄버거,햄버거,단양팔경 골목형상점가,골목형상점가,충청북도,,,
b34b6165dc4e195d1447,full_annotation_v1,A,q_햄버거_04,햄버거 파는 곳,음식점 중 '햄버거'를 판매·제공하는 매장,test,햄버거,T4 구어·문장,b93d0fb3-de5b-4568-9360-da1b8f818ea1,롯데리아가장점,햄버거,괴정가장로 골목형상점가,골목형상점가,대전광역시,,,
53cc6e9e6857614a79ff,full_annotation_v1,A,q_햄버거_04,햄버거 파는 곳,음식점 중 '햄버거'를 판매·제공하는 매장,test,햄버거,T4 구어·문장,0a23e955-7759-418e-a656-67fa96069c7b,버거한상,햄버거,첨단2동 골목형상점가,골목형상점가,광주광역시,,,
a7b0fae0cca25d4698d8,full_annotation_v1,A,q_햄버거_04,햄버거 파는 곳,음식점 중 '햄버거'를 판매·제공하는 매장,test,햄버거,T4 구어·문장,d0f55b87-e592-4c00-895d-277901dce3bf,주식회사만싱양꼬치,중국식품,정릉시장,전통시장,서울특별시,,,
13ec9fc9862e7dbb7408,full_annotation_v1,A,q_햄버거_04,햄버거 파는 곳,음식점 중 '햄버거'를 판매·제공하는 매장,test,햄버거,T4 구어·문장,8e9c5e3b-25a8-4a1b-b28b-f10825b420fb,필버거,피자 햄버거,매드블럭 골목형상점가,골목형상점가,대전광역시,,,
742c2cf1ee93ea789d56,full_annotation_v1,A,q_햄버거_04,햄버거 파는 곳,음식점 중 '햄버거'를 판매·제공하는 매장,test,햄버거,T4 구어·문장,bb7d2974-b8e8-41fd-9f58-4b9056e3cf41,롯데리아온양점,햄버거,"온양온천시장(온양재래시장, 전통시장)",전통시장,충청남도,,,
9d7281ccb35865998637,full_annotation_v1,A,q_햄버거_04,햄버거 파는 곳,음식점 중 '햄버거'를 판매·제공하는 매장,test,햄버거,T4 구어·문장,2f6929d0-5589-4b7e-9d95-488238035d46,버거앤타코,햄버거,공주대학로 골목형 상점가,골목형상점가,충청남도,,,
f4bfd2b5370220b11c52,full_annotation_v1,A,q_햄버거_04,햄버거 파는 곳,음식점 중 '햄버거'를 판매·제공하는 매장,test,햄버거,T4 구어·문장,f3e3f13e-4631-4021-b4f5-324200e08fc5,자코비스 버거,햄버거,해방촌 골목형상점가,골목형상점가,서울특별시,,,
8c37cd19ed259ec22fc0,full_annotation_v1,A,q_햄버거_04,햄버거 파는 곳,음식점 중 '햄버거'를 판매·제공하는 매장,test,햄버거,T4 구어·문장,0afcfe69-7d1e-4e29-aee1-efe41c86cb8c,버거앤타코,"버거, 타코",소촌골 골목형상점가,골목형상점가,광주광역시,,,
6db51d60e979f2147084,full_annotation_v1,A,q_햄버거_04,햄버거 파는 곳,음식점 중 '햄버거'를 판매·제공하는 매장,test,햄버거,T4 구어·문장,c927dabb-0943-40e3-94d8-ee688cbfbb6f,맘스터치,햄버거,화삼골상인회 골목형상점가,골목형상점가,광주광역시,,,
17e55d5601d9bbc1335f,full_annotation_v1,A,q_햄버거_04,햄버거 파는 곳,음식점 중 '햄버거'를 판매·제공하는 매장,test,햄버거,T4 구어·문장,76a3551b-dae4-4326-92cc-662015aedbfb,쉴 곳,한식,칠성로상점가,자율상권구역,제주특별자치도,,,
325461d520a183adbfda,full_annotation_v1,A,q_햄버거_04,햄버거 파는 곳,음식점 중 '햄버거'를 판매·제공하는 매장,test,햄버거,T4 구어·문장,e766f871-5fd5-4547-bd3d-8a4ee431587d,아이더 여수여천점,의류,흥국상가,자율상권구역,전라남도,,,
2286b2ddf0b9a441f5a6,full_annotation_v1,A,q_햄버거_04,햄버거 파는 곳,음식점 중 '햄버거'를 판매·제공하는 매장,test,햄버거,T4 구어·문장,36154374-c1c9-4085-8248-bd90d4037804,멜티드버거,햄버거,청주중앙시장,전통시장,충청북도,,,
ea1c0f0209dbcf60b294,full_annotation_v1,A,q_햄버거_04,햄버거 파는 곳,음식점 중 '햄버거'를 판매·제공하는 매장,test,햄버거,T4 구어·문장,fb38c321-f0d8-4681-817f-a8e7b570e7af,버거피스,햄버거,신응암시장,전통시장,서울특별시,,,
2b4a5d34da6d4d85be55,full_annotation_v1,A,q_햄버거_04,햄버거 파는 곳,음식점 중 '햄버거'를 판매·제공하는 매장,test,햄버거,T4 구어·문장,eaf863e8-a661-4ba2-9829-39c6424b6e6a,비행접시버거,햄버거,성안길상점가,자율상권구역,충청북도,,,
4def3b2a0b59b61d5b2e,full_annotation_v1,A,q_햄버거_04,햄버거 파는 곳,음식점 중 '햄버거'를 판매·제공하는 매장,test,햄버거,T4 구어·문장,04bee9c1-3587-4963-a643-c8556c19059f,맘스터치 계룡엄사점,햄버거,엄사 골목형상점가,골목형상점가,충청남도,,,
7e6832a0cb00c8b33463,full_annotation_v1,A,q_햄버거_04,햄버거 파는 곳,음식점 중 '햄버거'를 판매·제공하는 매장,test,햄버거,T4 구어·문장,270299df-5365-4f79-a143-5480239e7d62,바디앤풋,미용,구미제일시장상가,전통시장,경상북도,,,
a67dec97c1081149e079,full_annotation_v1,A,q_화장품_01,화장품,뷰티·미용 중 '화장품'을 판매·제공하는 매장,train,화장품,T1 정확표기,2ce3570b-16d5-451f-b441-12b5b0ffd802,화장품,,잠실 장미종합상가 골목형상점가,골목형상점가,서울특별시,,,
3a46922a8d3ab78d4f34,full_annotation_v1,A,q_화장품_01,화장품,뷰티·미용 중 '화장품'을 판매·제공하는 매장,train,화장품,T1 정확표기,5d79f4e1-5919-4815-bfa3-b8276b8b6c16,엑소더마 화장품,화장품,발안만세시장(구 발안시장),전통시장,경기도,,,
b7218cd4de684e54e6cf,full_annotation_v1,A,q_화장품_01,화장품,뷰티·미용 중 '화장품'을 판매·제공하는 매장,train,화장품,T1 정확표기,03556890-a970-4fbe-9dcd-92316614862e,화장품 백화점,화장품 생활용품,안성 전통 옛장터길 골목형상점가,골목형상점가,경기도,,,
9b72cd5114e7fb564944,full_annotation_v1,A,q_화장품_01,화장품,뷰티·미용 중 '화장품'을 판매·제공하는 매장,train,화장품,T1 정확표기,4e5fb766-62f9-40b9-8eed-24b64425cb4a,태후사랑,화장품,화정한울타리상인회 골목형상점가,골목형상점가,광주광역시,,,
090a734f595c22b9292f,full_annotation_v1,A,q_화장품_01,화장품,뷰티·미용 중 '화장품'을 판매·제공하는 매장,train,화장품,T1 정확표기,b43a0cc5-bd49-437b-aea5-fea680a2a158,화장품천국,화장품,반송시장,전통시장,부산광역시,,,
2c5cb3a555fcb4f8fcaa,full_annotation_v1,A,q_화장품_01,화장품,뷰티·미용 중 '화장품'을 판매·제공하는 매장,train,화장품,T1 정확표기,13742825-300e-4890-b1b2-06606ca266b8,스시 요헤이,일식,홍리단길 먹자 골목형상점가,골목형상점가,전북특별자치도,,,
61fce47a71dbbefdbaef,full_annotation_v1,A,q_화장품_01,화장품,뷰티·미용 중 '화장품'을 판매·제공하는 매장,train,화장품,T1 정확표기,fe6bbd24-a9a3-4750-843b-54154b113fe7,예솔이 화장품,화장품,법원 앞 사과마을 골목형상점가,골목형상점가,광주광역시,,,
236aa0de6eda06ebfa8e,full_annotation_v1,A,q_화장품_01,화장품,뷰티·미용 중 '화장품'을 판매·제공하는 매장,train,화장품,T1 정확표기,0ff24615-4ad7-4e5b-abaf-29b9d277810e,정회 화장품,화장품,동원전통시장상점가,자율상권구역,서울특별시,,,
cf6f3c08d0adfe3f2994,full_annotation_v1,A,q_화장품_01,화장품,뷰티·미용 중 '화장품'을 판매·제공하는 매장,train,화장품,T1 정확표기,fa0bdf4d-32fb-4c16-91e8-096bf0ea4433,카라뮤비방,정보통신업(뮤비방),봉선먹자골목 골목형상점가,골목형상점가,광주광역시,,,
3a07c1ead145fdee0a8d,full_annotation_v1,A,q_화장품_01,화장품,뷰티·미용 중 '화장품'을 판매·제공하는 매장,train,화장품,T1 정확표기,954309bc-df6d-48a8-9f8d-d4ff97316c87,화장품천국,화장품,임방울거리1구역 골목형상점가,골목형상점가,광주광역시,,,
71217f4a1a4ec4e34d6b,full_annotation_v1,A,q_화장품_01,화장품,뷰티·미용 중 '화장품'을 판매·제공하는 매장,train,화장품,T1 정확표기,3558a0a1-eb2b-491e-9990-fd448dc27077,화장품짱,화장품,부전상가시장,전통시장,부산광역시,,,
836d0d9db88b80b07bb5,full_annotation_v1,A,q_화장품_01,화장품,뷰티·미용 중 '화장품'을 판매·제공하는 매장,train,화장품,T1 정확표기,0001b1fc-5455-433e-8e94-96d051362b17,유난희헤어샵,미용실,창원 대동그린코아상가,전통시장,경상남도,,,
a4fbcbb7b9678d428b24,full_annotation_v1,A,q_화장품_01,화장품,뷰티·미용 중 '화장품'을 판매·제공하는 매장,train,화장품,T1 정확표기,00138176-f25b-4a96-9761-dd00f1a4dd28,보아스헤어아트,미용,봉제산길골목형상점가,골목형상점가,서울특별시,,,
f87358de0413412666a6,full_annotation_v1,A,q_화장품_01,화장품,뷰티·미용 중 '화장품'을 판매·제공하는 매장,train,화장품,T1 정확표기,eb059914-bc45-45bb-8c76-cd5a688c4436,현대식육정,삼겹살,풍암순환로상인회 골목형상점가,골목형상점가,광주광역시,,,
af6bd5839b625c57b68e,full_annotation_v1,A,q_화장품_01,화장품,뷰티·미용 중 '화장품'을 판매·제공하는 매장,train,화장품,T1 정확표기,3a17898f-fa87-44ac-afe8-1514e7e5d4a4,까사몽드,의류,고투몰(강남터미널지하도상점가),일반지하상점가,서울특별시,,,
ba7d1677922cf086e849,full_annotation_v1,A,q_화장품_01,화장품,뷰티·미용 중 '화장품'을 판매·제공하는 매장,train,화장품,T1 정확표기,f0663f9b-6caa-41dd-8e49-f40e27b49e39,유스뷰티,화장품,화정역상인회 골목형상점가,골목형상점가,광주광역시,,,
8024beac3bfb4e44b51d,full_annotation_v1,A,q_화장품_01,화장품,뷰티·미용 중 '화장품'을 판매·제공하는 매장,train,화장품,T1 정확표기,a5a7ae98-7f9b-4751-8658-f0df6787d3dc,태후사랑,화장품,관문상가시장,전통시장,대구광역시,,,
76c6655e0f2d3ce57be9,full_annotation_v1,A,q_화장품_01,화장품,뷰티·미용 중 '화장품'을 판매·제공하는 매장,train,화장품,T1 정확표기,48e16b0a-91a9-412d-8e10-ce39a8df7341,비앙벨 화장품,화장품,염주상인회 골목형상점가,골목형상점가,광주광역시,,,
11f4ccee5d5f8370b633,full_annotation_v1,A,q_화장품_01,화장품,뷰티·미용 중 '화장품'을 판매·제공하는 매장,train,화장품,T1 정확표기,3183d21d-dd2a-406d-9f6b-ff3a4866474f,하늘가득 화장품,도소매(화장품),남부골목시장,전통시장,서울특별시,,,
807b29ee30e40082157e,full_annotation_v1,A,q_화장품_01,화장품,뷰티·미용 중 '화장품'을 판매·제공하는 매장,train,화장품,T1 정확표기,4d5efbd7-9f1e-49ff-9119-175a5b65d483,각시방 화장품,화장품,학장반도보라상가,전통시장,부산광역시,,,
f8eab372dd818ee4c038,full_annotation_v1,A,q_화장품_01,화장품,뷰티·미용 중 '화장품'을 판매·제공하는 매장,train,화장품,T1 정확표기,b5d85385-a85a-4db2-86fb-1fb17b96e11c,나래김치,"김치, 젓갈",도깨비시장,전통시장,,,,
fa246ac473a4d1c23fdb,full_annotation_v1,A,q_화장품_01,화장품,뷰티·미용 중 '화장품'을 판매·제공하는 매장,train,화장품,T1 정확표기,0d233824-458b-4581-a849-40c01071c834,리즈뷰티,,송월동 택지 골목형상점가,골목형상점가,,,,
333892a82cf332b659e0,full_annotation_v1,A,q_화장품_01,화장품,뷰티·미용 중 '화장품'을 판매·제공하는 매장,train,화장품,T1 정확표기,a31e598a-ae3f-4f19-b62f-b447259c1416,흑백화장품,화장품,맘모스상가 골목형상점가,골목형상점가,부산광역시,,,
541947b2624da81f52cd,full_annotation_v1,A,q_화장품_01,화장품,뷰티·미용 중 '화장품'을 판매·제공하는 매장,train,화장품,T1 정확표기,8afe54e0-103c-41f5-9834-68a1ccb1aca2,화장품,화장품,월배시장,전통시장,대구광역시,,,
27ea8065cd70ae0fa981,full_annotation_v1,A,q_화장품_01,화장품,뷰티·미용 중 '화장품'을 판매·제공하는 매장,train,화장품,T1 정확표기,0f315325-e6df-4ed4-909f-c10aef7dbf9b,보바왁싱,뷰티,일번지프라자 골목형상점가,골목형상점가,경기도,,,
e3b0f1251d1247cf8f95,full_annotation_v1,A,q_화장품_01,화장품,뷰티·미용 중 '화장품'을 판매·제공하는 매장,train,화장품,T1 정확표기,1f954869-5905-4a02-980a-50ad8533496e,진 화장품,화장품,달아실 골목형상점가,골목형상점가,광주광역시,,,
e1551f8167b6e34eecbb,full_annotation_v1,A,q_화장품_01,화장품,뷰티·미용 중 '화장품'을 판매·제공하는 매장,train,화장품,T1 정확표기,8d40f161-5181-4e9a-bb24-d2559a91b488,장수한방왕족발,족발,반딧불이연무시장,전통시장,경기도,,,
3196f8a1a36f602f2f12,full_annotation_v1,A,q_화장품_01,화장품,뷰티·미용 중 '화장품'을 판매·제공하는 매장,train,화장품,T1 정확표기,6d471d32-2856-4de2-8e8c-ec0fd815664d,블루화장품,화장품,창원 가음시장대상가,전통시장,경상남도,,,
611f31fa6762345d7974,full_annotation_v1,A,q_화장품_01,화장품,뷰티·미용 중 '화장품'을 판매·제공하는 매장,train,화장품,T1 정확표기,19c899f2-2f68-4849-932e-8c3032c3dd2d,태후사랑,화장품,태평상가,골목형상점가,경기도,,,
e299fbd2bd67f768e569,full_annotation_v1,A,q_화장품_01,화장품,뷰티·미용 중 '화장품'을 판매·제공하는 매장,train,화장품,T1 정확표기,4413a139-e195-4232-812d-9fa304fe6415,윤결미,화장품,흑석동 골목형상점가,골목형상점가,광주광역시,,,
1c119378440f96a5f738,full_annotation_v1,A,q_화장품_01,화장품,뷰티·미용 중 '화장품'을 판매·제공하는 매장,train,화장품,T1 정확표기,e980ca69-b7cf-4d31-b12b-101332012eea,예쁘다 화장품,화장품,충주자유시장,전통시장,충청북도,,,
a88b2d90c5068b8d3f37,full_annotation_v1,A,q_화장품_01,화장품,뷰티·미용 중 '화장품'을 판매·제공하는 매장,train,화장품,T1 정확표기,3289cd30-9474-4d1b-ba09-48d454537988,소망 화장품(지지베),화장품,충주자유시장,전통시장,충청북도,,,
ec9e116c71a3b2cd6e42,full_annotation_v1,A,q_화장품_01,화장품,뷰티·미용 중 '화장품'을 판매·제공하는 매장,train,화장품,T1 정확표기,b2aaf77b-c2c2-4872-bfdf-9742a87f743d,하나로 코스메틱 종합 화장품,,수완중흥대방 골목형상점가,골목형상점가,광주광역시,,,
6b3b61c718378cff6f9c,full_annotation_v1,A,q_화장품_01,화장품,뷰티·미용 중 '화장품'을 판매·제공하는 매장,train,화장품,T1 정확표기,70eb0ff6-4727-4c26-899d-eda982d640c6,예뻐지는 화장품,화장품,성동용답상가시장,전통시장,서울특별시,,,
ce05088dbb39accd9ad0,full_annotation_v1,A,q_화장품_01,화장품,뷰티·미용 중 '화장품'을 판매·제공하는 매장,train,화장품,T1 정확표기,67045a10-41ce-4254-867e-3f29c7593769,화장품 마트,화장품,반여2동상가시장,전통시장,부산광역시,,,
24ab395b2060e95598a0,full_annotation_v1,A,q_화장품_01,화장품,뷰티·미용 중 '화장품'을 판매·제공하는 매장,train,화장품,T1 정확표기,d8ff42b9-3bc9-4e4c-be6e-55ae09e26c57,셀트,화장품,월드밸리,전통시장,부산광역시,,,
6836adeffcbfd1b9c985,full_annotation_v1,A,q_화장품_01,화장품,뷰티·미용 중 '화장품'을 판매·제공하는 매장,train,화장품,T1 정확표기,004a8de5-69c1-4c55-a507-54e016703431,마중물뷰티동,소매(화장품),은마종합상점가,자율상권구역,서울특별시,,,
171c4eb413afd6e0310e,full_annotation_v1,A,q_화장품_01,화장품,뷰티·미용 중 '화장품'을 판매·제공하는 매장,train,화장품,T1 정확표기,4128e81b-d433-46d9-8a5c-c02636ab14c0,두별화장품,화장품,조암시장,전통시장,경기도,,,
dbcf83d8efd65b38faec,full_annotation_v1,A,q_화장품_01,화장품,뷰티·미용 중 '화장품'을 판매·제공하는 매장,train,화장품,T1 정확표기,7d3284f3-172a-4e8c-aac7-98266eae0dcf,화산춘,"한식점, 발효식초, 탁주, 식육, 통",송천동2가 골목형상점가,골목형상점가,전북특별자치도,,,
bdb5ba0323dc4c1e0ec8,full_annotation_v1,A,q_화장품_01,화장품,뷰티·미용 중 '화장품'을 판매·제공하는 매장,train,화장품,T1 정확표기,6c831555-1e8b-4a1b-807f-342c07ab2296,소망화장품,화장품,부여도심 상권활성화구역,상권활성화구역,충청남도,,,
53c9f9dfbfbbafa13681,full_annotation_v1,A,q_화장품_01,화장품,뷰티·미용 중 '화장품'을 판매·제공하는 매장,train,화장품,T1 정확표기,eb85bc78-3cba-4401-8426-e3ee7cc9af56,화장품 백화점,화장품,수영팔도시장(구 수영팔도상가시장),전통시장,부산광역시,,,
0100c0f832e3eb62b1a8,full_annotation_v1,A,q_화장품_01,화장품,뷰티·미용 중 '화장품'을 판매·제공하는 매장,train,화장품,T1 정확표기,3417ad49-dfd9-44da-b76c-09023311ae21,더미인나라,스킨케어두피케어 제품,호남동 골목형상점가,골목형상점가,광주광역시,,,
403864055f5c633374b4,full_annotation_v1,A,q_화장품_01,화장품,뷰티·미용 중 '화장품'을 판매·제공하는 매장,train,화장품,T1 정확표기,008c73ed-3ece-452b-aa49-b96b73ff1ba1,온결 스킨앤바디,화장품,가재마을 골목형상점가,골목형상점가,세종특별자치시,,,
0eca0ffb4784371aa8d9,full_annotation_v1,A,q_화장품_01,화장품,뷰티·미용 중 '화장품'을 판매·제공하는 매장,train,화장품,T1 정확표기,485bd704-f298-4e55-86ed-cc781b9b0375,소망화장품,화장품,마천중앙시장,전통시장,서울특별시,,,
61893f78689f81f3f281,full_annotation_v1,A,q_화장품_01,화장품,뷰티·미용 중 '화장품'을 판매·제공하는 매장,train,화장품,T1 정확표기,2f69bec8-306e-4a50-ab87-a908eec2934a,자이 화장품,화장품,안양중앙인정시장,전통시장,경기도,,,
e1da110e3c199491262b,full_annotation_v1,A,q_화장품_01,화장품,뷰티·미용 중 '화장품'을 판매·제공하는 매장,train,화장품,T1 정확표기,897d84d6-51a0-4b4b-a71b-b87033e13a72,경현화장품,화장품,사직시장,전통시장,부산광역시,,,
bce38c275ff7eb944df6,full_annotation_v1,A,q_화장품_01,화장품,뷰티·미용 중 '화장품'을 판매·제공하는 매장,train,화장품,T1 정확표기,247ec106-3ce4-4e24-be2a-71b9e6c2c7a7,네이처컬렉션,화장품,운암제일 골목형상점가,골목형상점가,광주광역시,,,
90c1072f69ffc92a7822,full_annotation_v1,A,q_화장품_01,화장품,뷰티·미용 중 '화장품'을 판매·제공하는 매장,train,화장품,T1 정확표기,41adc572-c80e-4cba-becd-e6370f12b536,신영,의류,동평화시장(동평화패션타운),전통시장,서울특별시,,,
afd0226eb10ce01f6369,full_annotation_v1,A,q_화장품_01,화장품,뷰티·미용 중 '화장품'을 판매·제공하는 매장,train,화장품,T1 정확표기,58dba530-c10f-441c-a5df-9e8bf6b27415,세니떼 화장품,화장품,강진읍 상권활성화구역,상권활성화구역,전라남도,,,
97c32de23bc6e1215e1c,full_annotation_v1,A,q_화장품_01,화장품,뷰티·미용 중 '화장품'을 판매·제공하는 매장,train,화장품,T1 정확표기,00131122-77cf-4772-b141-202f0f950f5c,라라샵,화장품,유성신나는 골목형상점가,골목형상점가,대전광역시,,,
481dbd6c2ac2a15ab71d,full_annotation_v1,A,q_화장품_01,화장품,뷰티·미용 중 '화장품'을 판매·제공하는 매장,train,화장품,T1 정확표기,98f618f8-f4af-41db-9266-818632b511d6,미람화장품,화장품,정릉서경대길골목형상점가(정릉골),골목형상점가,서울특별시,,,
99a0df8f47d8978b668e,full_annotation_v1,A,q_화장품_01,화장품,뷰티·미용 중 '화장품'을 판매·제공하는 매장,train,화장품,T1 정확표기,fd281ad7-fdfe-477e-b4cb-4074d3224652,민혜화장품,화장품,시흥삼미시장,전통시장,경기도,,,
7fd0bf2ff984d1a48166,full_annotation_v1,A,q_화장품_01,화장품,뷰티·미용 중 '화장품'을 판매·제공하는 매장,train,화장품,T1 정확표기,2a7f1e06-832a-44f4-b488-6fd47f8b9496,박지안 바디엔 스킨케어,,정남진활력의거리 골목형상점가,골목형상점가,,,,
2a07f042fd35c2128fec,full_annotation_v1,A,q_화장품_01,화장품,뷰티·미용 중 '화장품'을 판매·제공하는 매장,train,화장품,T1 정확표기,53c58d3f-1c3c-48b3-9abe-4135c41fa8b9,미래화장품,화장품,남구로시장,전통시장,서울특별시,,,
3f2d0c386968393207a6,full_annotation_v1,A,q_화장품_01,화장품,뷰티·미용 중 '화장품'을 판매·제공하는 매장,train,화장품,T1 정확표기,1f699a26-6615-4fe2-8dad-2ff4bc27203c,화장품 잡화,,서부시장(서부재래시장),전통시장,충청남도,,,
2f2a95142935f3e4c113,full_annotation_v1,A,q_화장품_01,화장품,뷰티·미용 중 '화장품'을 판매·제공하는 매장,train,화장품,T1 정확표기,41f3c653-cbdb-493a-bb8a-7b49101badd2,엠제이코스메틱주식회사,,둔산2동 골목형상점가,골목형상점가,대전광역시,,,
6b16ffd74dac03e831c4,full_annotation_v1,A,q_화장품_01,화장품,뷰티·미용 중 '화장품'을 판매·제공하는 매장,train,화장품,T1 정확표기,7683aea7-645e-4a86-8398-6e78c2872e99,화장품 마트,화장품,정이있는 구포시장,전통시장,부산광역시,,,
72371112b1d7304afd96,full_annotation_v1,A,q_화장품_01,화장품,뷰티·미용 중 '화장품'을 판매·제공하는 매장,train,화장품,T1 정확표기,edf854d3-13fa-47ee-99d7-3fababf99ec0,보싸크,화장품,평화시장,전통시장,서울특별시,,,
aae11bc2a13c1a94c84b,full_annotation_v1,A,q_화장품_01,화장품,뷰티·미용 중 '화장품'을 판매·제공하는 매장,train,화장품,T1 정확표기,8258057e-05a9-45a9-a9d8-9e93314a6401,비엘(BL)화장품,화장품,달서시장,전통시장,대구광역시,,,
fa221a23c1a3515af6a5,full_annotation_v1,A,q_화장품_01,화장품,뷰티·미용 중 '화장품'을 판매·제공하는 매장,train,화장품,T1 정확표기,3e7b588b-0af1-4a9c-8006-76548ce055e2,루에아 뷰티,"피부관리 서비스, 스킨케어",518먹자골목상인회 골목형상점가,골목형상점가,광주광역시,,,
eab987f2bfb031fd552c,full_annotation_v1,A,q_화장품_01,화장품,뷰티·미용 중 '화장품'을 판매·제공하는 매장,train,화장품,T1 정확표기,d51bb28c-7b90-4786-923f-16b299e1d65d,연지곤지 화장품,화장품,우정전통시장,전통시장,울산광역시,,,
81ded98cef9775f00f15,full_annotation_v1,A,q_화장품_01,화장품,뷰티·미용 중 '화장품'을 판매·제공하는 매장,train,화장품,T1 정확표기,372a3cd7-9f90-447c-b312-29c2c63333d2,진흥종합상사 (화장품 &TRY),화장품,원미종합시장,전통시장,경기도,,,
7cf3c47dda71f7f4e196,full_annotation_v1,A,q_화장품_01,화장품,뷰티·미용 중 '화장품'을 판매·제공하는 매장,train,화장품,T1 정확표기,62e5716d-69b0-48c7-af56-25ba9abcef19,쥬단학화장품,화장품,울진시장(울진바지게시장),전통시장,경상북도,,,
862f7745fd14fd75ce74,full_annotation_v1,A,q_화장품_01,화장품,뷰티·미용 중 '화장품'을 판매·제공하는 매장,train,화장품,T1 정확표기,1b2a9b4c-5d90-4d12-83f3-a3accab33ec1,네이처컬렉션,화장품,대곡시장,전통시장,대구광역시,,,
a2dbcd86edda6532b9af,full_annotation_v1,A,q_화장품_01,화장품,뷰티·미용 중 '화장품'을 판매·제공하는 매장,train,화장품,T1 정확표기,9d9c72ae-6ed1-4339-b6f2-9ea43cea81c5,필화장품,화장품,두암사거리 골목형상점가,골목형상점가,광주광역시,,,
f08457103157cba64443,full_annotation_v1,A,q_화장품_01,화장품,뷰티·미용 중 '화장품'을 판매·제공하는 매장,train,화장품,T1 정확표기,d29e803d-eb59-4e59-ba6c-9fc89bf11fce,헌삥,여성복,맛조이상인회 골목형상점가,골목형상점가,광주광역시,,,
9f7f348535d86ca60740,full_annotation_v1,A,q_화장품_01,화장품,뷰티·미용 중 '화장품'을 판매·제공하는 매장,train,화장품,T1 정확표기,7d04c7a3-d359-4185-b637-46fa74c82379,지(G)화장품,화장품,518먹자골목상인회 골목형상점가,골목형상점가,광주광역시,,,
06a1fa8bfc6d3d75134b,full_annotation_v1,A,q_화장품_01,화장품,뷰티·미용 중 '화장품'을 판매·제공하는 매장,train,화장품,T1 정확표기,00222f52-5d1f-4fb1-b0a6-7b4864ce177f,아리따움서대문연희점,화장품,연희사러가,전통시장,서울특별시,,,
dba413b2d090773c12a6,full_annotation_v1,A,q_화장품_01,화장품,뷰티·미용 중 '화장품'을 판매·제공하는 매장,train,화장품,T1 정확표기,d3e037d6-a1a7-4f9b-bbd1-01ae64e40277,태후사랑,화장품,신봉동 온누리 골목형상점가,골목형상점가,경기도,,,
09291ee60fd5a00dc79d,full_annotation_v1,A,q_화장품_01,화장품,뷰티·미용 중 '화장품'을 판매·제공하는 매장,train,화장품,T1 정확표기,aff69bd3-40fc-46d9-90d3-8baf69548bee,샤벨화장품,화장품,세종전통시장,전통시장,세종특별자치시,,,
4a34be80175093e18331,full_annotation_v1,A,q_화장품_01,화장품,뷰티·미용 중 '화장품'을 판매·제공하는 매장,train,화장품,T1 정확표기,5194815e-be89-4ac2-ac99-9f47a9094314,결,화장품,신용동 골목형상점가,골목형상점가,광주광역시,,,
97324a514ff837f30b69,full_annotation_v1,A,q_화장품_01,화장품,뷰티·미용 중 '화장품'을 판매·제공하는 매장,train,화장품,T1 정확표기,0017ec9c-4997-4ef5-a552-7fffc7dd149c,아리따움 진주서부점,화장품,진주 새서부시장,전통시장,경상남도,,,
cf1f9f4ccdde46406df7,full_annotation_v1,A,q_화장품_01,화장품,뷰티·미용 중 '화장품'을 판매·제공하는 매장,train,화장품,T1 정확표기,c9fa67ba-4528-44e9-8435-c1278d4bc288,땟깔화장품,화장품,양산 덕계종합상설시장,전통시장,경상남도,,,
b3aa47119b01c6c8811a,full_annotation_v1,A,q_화장품_01,화장품,뷰티·미용 중 '화장품'을 판매·제공하는 매장,train,화장품,T1 정확표기,42a05e96-34f9-42b3-910f-e38d86fcaa0d,베르니아 화장품,화장품,광명전통시장,전통시장,경기도,,,
8e1545c22f13da1ba299,full_annotation_v1,A,q_화장품_01,화장품,뷰티·미용 중 '화장품'을 판매·제공하는 매장,train,화장품,T1 정확표기,ea78024e-832a-44aa-b0ef-c6b2b57307bd,진플라워,꽃 화훼 종묘,문화길 골목형상점가,골목형상점가,세종특별자치시,,,
1ad74b35f9f9c87dac23,full_annotation_v1,A,q_화장품_01,화장품,뷰티·미용 중 '화장품'을 판매·제공하는 매장,train,화장품,T1 정확표기,9cfeb8e3-1576-447f-90da-59186c7384f1,다온 화장품,화장품,신탄진시장,전통시장,대전광역시,,,
d8541ab56f9196cb3602,full_annotation_v1,A,q_화장품_01,화장품,뷰티·미용 중 '화장품'을 판매·제공하는 매장,train,화장품,T1 정확표기,860a0059-75a9-49fc-beaa-094ee65b0627,이사벨 화장품,화장품,구미새마을중앙시장,전통시장,경상북도,,,
c4c01f77bb2612d5c22d,full_annotation_v1,A,q_화장품_01,화장품,뷰티·미용 중 '화장품'을 판매·제공하는 매장,train,화장품,T1 정확표기,37949d6d-7a72-4b23-aac1-251e1665dd74,조이 인라인피겨,롤러 강습,새롬동 골목형상점가,골목형상점가,세종특별자치시,,,
93c05548fbe5e8f78f0e,full_annotation_v1,A,q_화장품_01,화장품,뷰티·미용 중 '화장품'을 판매·제공하는 매장,train,화장품,T1 정확표기,7fef9da1-c2fa-480f-a2f5-c0397bca26de,피부짱화장품,화장품,역곡상상시장(구 역곡북부시장),전통시장,경기도,,,
6ff5cf01ea346d856d36,full_annotation_v1,A,q_화장품_01,화장품,뷰티·미용 중 '화장품'을 판매·제공하는 매장,train,화장품,T1 정확표기,7d02def7-5b14-4e98-8bd1-215311d3ee9b,J샵,화장품,황계 골목형상점가,골목형상점가,광주광역시,,,
548dfb41773875a4d5b6,full_annotation_v1,A,q_화장품_01,화장품,뷰티·미용 중 '화장품'을 판매·제공하는 매장,train,화장품,T1 정확표기,ab133c7a-423d-42c9-9499-a7d72db1f6f2,슈퍼(체인점)화장품,화장품,구미종합상가,전통시장,경상북도,,,
46343280f5eb5e1c93b9,full_annotation_v1,A,q_화장품_01,화장품,뷰티·미용 중 '화장품'을 판매·제공하는 매장,train,화장품,T1 정확표기,28a8355a-d0d5-441c-b261-2a6590f6249a,하얀2 화장품,화장품,북수원시장( 구 파장시장),전통시장,경기도,,,
6e3eac41ed47b682153a,full_annotation_v1,A,q_화장품_01,화장품,뷰티·미용 중 '화장품'을 판매·제공하는 매장,train,화장품,T1 정확표기,f5fcd56b-89e6-4719-99f4-2f807524366d,더페이스샵 화장품,화장품,"온양온천시장(온양재래시장, 전통시장)",전통시장,충청남도,,,
9f28df581729e0c507be,full_annotation_v1,A,q_화장품_01,화장품,뷰티·미용 중 '화장품'을 판매·제공하는 매장,train,화장품,T1 정확표기,4ecb7f69-cfc0-4f2c-a7ba-50d8f0898832,보떼 화장품,화장품,전곡중앙상가 골목형상점가,골목형상점가,경기도,,,
4a87e75d83d741ff6e72,full_annotation_v1,A,q_화장품_01,화장품,뷰티·미용 중 '화장품'을 판매·제공하는 매장,train,화장품,T1 정확표기,de3420fe-aa13-49f4-9500-0724911bc899,고려인삼,"인삼, 건재",양동시장,전통시장,광주광역시,,,
44fcbec1932cbf677523,full_annotation_v1,A,q_화장품_01,화장품,뷰티·미용 중 '화장품'을 판매·제공하는 매장,train,화장품,T1 정확표기,003cdc8a-95fe-43ea-8350-f4c63913a6f8,정선화장품,화장품,오천시장,전통시장,경상북도,,,
15331bddf8b8ff78a2bd,full_annotation_v1,A,q_화장품_01,화장품,뷰티·미용 중 '화장품'을 판매·제공하는 매장,train,화장품,T1 정확표기,3531ad10-6f9d-4e70-9717-b442eb667322,미젤 화장품,,도마달 골목형상점가,골목형상점가,대전광역시,,,
ba665984cb8dd57680ff,full_annotation_v1,A,q_화장품_01,화장품,뷰티·미용 중 '화장품'을 판매·제공하는 매장,train,화장품,T1 정확표기,cada6b06-1003-43af-9441-81aad2b0d684,화장품박사,화장품,벽산황계로 골목형상점가,골목형상점가,광주광역시,,,
db925f6306c25b9cf587,full_annotation_v1,A,q_화장품_01,화장품,뷰티·미용 중 '화장품'을 판매·제공하는 매장,train,화장품,T1 정확표기,39a31b6f-0d34-4c01-812b-c19d27e43fea,뷰티 고울 수,전신피부미용 스킨케어바디케어,용산지구 골목형상점가,골목형상점가,광주광역시,,,
acb540dc2072648d9bf0,full_annotation_v1,A,q_화장품_01,화장품,뷰티·미용 중 '화장품'을 판매·제공하는 매장,train,화장품,T1 정확표기,000d8836-38bd-43a9-92f2-698d67d5926b,라미헤어스튜디오,미용실,포항중앙상가,전통시장,경상북도,,,
1352ca371ce04a3f07ea,full_annotation_v1,A,q_화장품_01,화장품,뷰티·미용 중 '화장품'을 판매·제공하는 매장,train,화장품,T1 정확표기,7c443c40-0601-435e-9de7-e38870f50450,화장품천국,화장품,옥골시장,전통시장,울산광역시,,,
f1cb43832374eab80f1c,full_annotation_v1,A,q_화장품_01,화장품,뷰티·미용 중 '화장품'을 판매·제공하는 매장,train,화장품,T1 정확표기,6139e039-5606-406d-b18a-52dc81c11bac,퀸화장품,화장품,청학시장,전통시장,부산광역시,,,
e799eba16a1b5f0ec13b,full_annotation_v1,A,q_화장품_01,화장품,뷰티·미용 중 '화장품'을 판매·제공하는 매장,train,화장품,T1 정확표기,5621bc4b-cd40-4f92-a84d-f752bcad2701,스켓치화장품,화장품,초량 이음자율상권,,부산광역시,,,
9a2f3611834b0080826b,full_annotation_v1,A,q_화장품_01,화장품,뷰티·미용 중 '화장품'을 판매·제공하는 매장,train,화장품,T1 정확표기,2aff4ec1-3422-4591-9052-75fa0851e04a,가인 화장품,화장품,쌍문시장(쌍문역골목시장),전통시장,서울특별시,,,
338d8780d92a9a32d177,full_annotation_v1,A,q_화장품_01,화장품,뷰티·미용 중 '화장품'을 판매·제공하는 매장,train,화장품,T1 정확표기,caa6cf2f-91b3-4bd9-a57a-cdb4fadf3cb3,빨간입술 화장품,화장품,당감골목시장,전통시장,부산광역시,,,
ea808b876e19cb94a689,full_annotation_v1,A,q_화장품_01,화장품,뷰티·미용 중 '화장품'을 판매·제공하는 매장,train,화장품,T1 정확표기,048c7063-48a2-411c-af7b-9c7542f5af36,화장품뷰티몰,화장품,괴정골목시장,전통시장,부산광역시,,,
83c9188811fa85a8625a,full_annotation_v1,A,q_화장품_01,화장품,뷰티·미용 중 '화장품'을 판매·제공하는 매장,train,화장품,T1 정확표기,e0774804-7f75-40bf-afbe-ef0a4f164204,란제리 화장품,화장품,발안만세시장(구 발안시장),전통시장,경기도,,,
2baa6f8830b8d58c7893,full_annotation_v1,A,q_화장품_01,화장품,뷰티·미용 중 '화장품'을 판매·제공하는 매장,train,화장품,T1 정확표기,1114b6dc-e5dd-4638-8125-571c81bbe9b3,호이스킨케어,스킨케어,맛남길 골목형상점가,골목형상점가,강원특별자치도,,,
9120c2cec9e25a5c282b,full_annotation_v1,A,q_화장품_01,화장품,뷰티·미용 중 '화장품'을 판매·제공하는 매장,train,화장품,T1 정확표기,0ee0265b-7abb-48a9-b36b-1e2fc4219169,올가드림뷰티(온천장점),,SK 3차 골목형상점가,골목형상점가,부산광역시,,,
7bbe08bedddf28180b76,full_annotation_v1,A,q_화장품_01,화장품,뷰티·미용 중 '화장품'을 판매·제공하는 매장,train,화장품,T1 정확표기,36c76327-b17c-49aa-b4d6-7d4e0891acba,지은이네 화장품,화장품,안성맞춤시장,전통시장,경기도,,,
bf31c5df8af94aee3f80,full_annotation_v1,A,q_화장품_01,화장품,뷰티·미용 중 '화장품'을 판매·제공하는 매장,train,화장품,T1 정확표기,b847ff5b-6bd6-4458-8565-750c28aa58fa,태후사랑,화장품,풍암초앞상인회 골목형상점가,골목형상점가,광주광역시,,,
0ef317e95f7b4cbd374b,full_annotation_v1,A,q_화장품_01,화장품,뷰티·미용 중 '화장품'을 판매·제공하는 매장,train,화장품,T1 정확표기,04e1566d-2cb3-41c3-b46b-9d4017c03ee4,가나,화장품,용대로119번길 골목형상점가,골목형상점가,광주광역시,,,
bf57f347b9c1a8320fd4,full_annotation_v1,A,q_화장품_01,화장품,뷰티·미용 중 '화장품'을 판매·제공하는 매장,train,화장품,T1 정확표기,0009149f-621a-493e-9fd1-252a8ac6c75b,글로리,미용실,중흥동 큰샘길 골목형상점가,골목형상점가,광주광역시,,,
69d1cca82c5a3359f28b,full_annotation_v1,A,q_화장품_01,화장품,뷰티·미용 중 '화장품'을 판매·제공하는 매장,train,화장품,T1 정확표기,d38eda3c-ecf7-49ae-9051-f341b1ac8632,태후사랑,화장품,과천중앙동상점가,자율상권구역,경기도,,,
2453d034c49ef0211c7f,full_annotation_v1,A,q_화장품_01,화장품,뷰티·미용 중 '화장품'을 판매·제공하는 매장,train,화장품,T1 정확표기,d5fbd03d-a0da-4708-be77-6b8e3b3fe573,순화장품,화장품,안산다농마트전통시장,전통시장,경기도,,,
2c09094e3ccf16c2d78f,full_annotation_v1,A,q_화장품_01,화장품,뷰티·미용 중 '화장품'을 판매·제공하는 매장,train,화장품,T1 정확표기,df91f0e1-3d54-41df-8937-725efdf7cc5d,스타화장품,화장품,시장로타리지하상가,일반지하상점가,인천광역시,,,
20c2b3b13bb8ba1da8d6,full_annotation_v1,A,q_화장품_01,화장품,뷰티·미용 중 '화장품'을 판매·제공하는 매장,train,화장품,T1 정확표기,7c7886fb-1c5b-4e89-9cf8-c8be3299574b,스킨새로이,화장품,신창진흥 골목형상점가,골목형상점가,광주광역시,,,
acda602d8805e2f9679c,full_annotation_v1,A,q_화장품_01,화장품,뷰티·미용 중 '화장품'을 판매·제공하는 매장,train,화장품,T1 정확표기,001d63b0-b37c-4216-91a0-c9d4147a91b9,아워필라테스스튜디오,서비스,보람동 골목형상점가,골목형상점가,세종특별자치시,,,
54cb3671a890ab977d92,full_annotation_v1,A,q_화장품_01,화장품,뷰티·미용 중 '화장품'을 판매·제공하는 매장,train,화장품,T1 정확표기,19eeb638-6694-402a-a234-71c2b828bc59,화장품,화장품,우이골목시장골목형상점가,골목형상점가,서울특별시,,,
f49378a0cf4a825bdc99,full_annotation_v1,A,q_화장품_01,화장품,뷰티·미용 중 '화장품'을 판매·제공하는 매장,train,화장품,T1 정확표기,4fbd373f-4818-4436-a073-42838e7af09b,애띠방,화장품,전주모래내시장,전통시장,전북특별자치도,,,
3be5cf1e62a40dc316ec,full_annotation_v1,A,q_화장품_01,화장품,뷰티·미용 중 '화장품'을 판매·제공하는 매장,train,화장품,T1 정확표기,f800db8a-56f5-4d4c-9775-d88f3169e0b2,송연포차,한식,홍리단길 먹자 골목형상점가,골목형상점가,전북특별자치도,,,
f8e161f8bd96f3eb01fd,full_annotation_v1,A,q_화장품_01,화장품,뷰티·미용 중 '화장품'을 판매·제공하는 매장,train,화장품,T1 정확표기,7f2bb43c-317c-4a43-8f2a-398d283affbe,로덱스 화장품,화장품,창원 가음시장대상가,전통시장,경상남도,,,
156cd32aee2fd9f3f10b,full_annotation_v1,A,q_화장품_01,화장품,뷰티·미용 중 '화장품'을 판매·제공하는 매장,train,화장품,T1 정확표기,04ede6f2-6489-4c97-8419-e602070b7946,타임뷰티,뷰티,맛조이상인회 골목형상점가,골목형상점가,광주광역시,,,
50865de1bf8702045953,full_annotation_v1,A,q_화장품_01,화장품,뷰티·미용 중 '화장품'을 판매·제공하는 매장,train,화장품,T1 정확표기,0a7f0c23-7b25-48d2-a6b9-69c6b1d0173d,뷰티로다,,이안센트럴D 골목형상점가,골목형상점가,대구광역시,,,
8d39319e5ef119c9bd6c,full_annotation_v1,A,q_화장품_01,화장품,뷰티·미용 중 '화장품'을 판매·제공하는 매장,train,화장품,T1 정확표기,4b981bba-8ac1-4fba-95fe-ae81184394ff,비즈씨티,액세서리,부산진시장,전통시장,부산광역시,,,
8d9a798db83e3bbcaae8,full_annotation_v1,A,q_화장품_01,화장품,뷰티·미용 중 '화장품'을 판매·제공하는 매장,train,화장품,T1 정확표기,631a983d-571f-4d3f-a2cf-b939a104588d,농우축산,정육,신림중앙시장,전통시장,서울특별시,,,
ff6930c484b9e7d80092,full_annotation_v1,A,q_화장품_01,화장품,뷰티·미용 중 '화장품'을 판매·제공하는 매장,train,화장품,T1 정확표기,52a912b5-3522-4b35-b98d-f1564269b7d9,태후사랑,화장품,상암마을상인회 골목형상점가,골목형상점가,광주광역시,,,
8155dac3cc4dc72e8bb1,full_annotation_v1,A,q_화장품_02,뷰티,뷰티·미용 중 '화장품'을 판매·제공하는 매장,train,화장품,T2 동의어,a408fbeb-ff4b-4666-9a5a-8d2c78742633,박승연 뷰티,,관저동 먹자골목 골목형상점가,골목형상점가,대전광역시,,,
8f4305e319b75834301c,full_annotation_v1,A,q_화장품_02,뷰티,뷰티·미용 중 '화장품'을 판매·제공하는 매장,train,화장품,T2 동의어,1804f594-c513-4be0-b68f-c5e225b8c740,뷰티,소매업,동산상가,전통시장,대구광역시,,,
1e75998378e7094b72a5,full_annotation_v1,A,q_화장품_02,뷰티,뷰티·미용 중 '화장품'을 판매·제공하는 매장,train,화장품,T2 동의어,d833cfbd-aa3b-4bbb-aac3-2c950c55b7d9,토리,의류,동평화시장(동평화패션타운),전통시장,서울특별시,,,
e2052b9e78165df178d3,full_annotation_v1,A,q_화장품_02,뷰티,뷰티·미용 중 '화장품'을 판매·제공하는 매장,train,화장품,T2 동의어,bcf47113-3063-446a-b47f-5f5b237e118d,뷰티,화장품,장량성도시장,전통시장,경상북도,,,
b2da780f866c775e5d82,full_annotation_v1,A,q_화장품_02,뷰티,뷰티·미용 중 '화장품'을 판매·제공하는 매장,train,화장품,T2 동의어,4749697b-a5bd-4462-af89-cf92b230e799,네이처컬렉션,화장품 뷰티,방이시장,전통시장,서울특별시,,,
e785ded0fb3b78ad96ed,full_annotation_v1,A,q_화장품_02,뷰티,뷰티·미용 중 '화장품'을 판매·제공하는 매장,train,화장품,T2 동의어,d2be07d4-4330-49ac-aa38-5d3bf269c64c,아이러브피자양양점,피자,양양로 골목형상점가,골목형상점가,강원특별자치도,,,
f4f01f2428698af5112c,full_annotation_v1,A,q_화장품_02,뷰티,뷰티·미용 중 '화장품'을 판매·제공하는 매장,train,화장품,T2 동의어,2877d4d7-11a4-4a7d-b0d7-f34228ea4096,바비메이드 뷰티,,뚝섬로52길 골목형상점가,골목형상점가,서울특별시,,,
2b1d8da322f069edb447,full_annotation_v1,A,q_화장품_02,뷰티,뷰티·미용 중 '화장품'을 판매·제공하는 매장,train,화장품,T2 동의어,0d88717d-6787-4561-8f8e-028425013c2c,대흥식당,,영산포 골목형상점가,골목형상점가,,,,
6cb1517617d425862437,full_annotation_v1,A,q_화장품_02,뷰티,뷰티·미용 중 '화장품'을 판매·제공하는 매장,train,화장품,T2 동의어,00138176-f25b-4a96-9761-dd00f1a4dd28,보아스헤어아트,미용,봉제산길골목형상점가,골목형상점가,서울특별시,,,
8805b21ef85544d79597,full_annotation_v1,A,q_화장품_02,뷰티,뷰티·미용 중 '화장품'을 판매·제공하는 매장,train,화장품,T2 동의어,000d8836-38bd-43a9-92f2-698d67d5926b,라미헤어스튜디오,미용실,포항중앙상가,전통시장,경상북도,,,
abefe5fa28ffdf2292b9,full_annotation_v1,A,q_화장품_02,뷰티,뷰티·미용 중 '화장품'을 판매·제공하는 매장,train,화장품,T2 동의어,fafc8bdf-e4ce-4b0c-b103-056943bd6e0c,오드리(AUDREY)뷰티,,창원 상남시장,전통시장,경상남도,,,
e646125541c2e080a761,full_annotation_v1,A,q_화장품_02,뷰티,뷰티·미용 중 '화장품'을 판매·제공하는 매장,train,화장품,T2 동의어,08bc6ec3-e818-407c-b844-3e523669b55a,반포식당 진돈까스,한식,고투몰(강남터미널지하도상점가),일반지하상점가,서울특별시,,,
1b7daf6fb1e9a1d1b8d0,full_annotation_v1,A,q_화장품_02,뷰티,뷰티·미용 중 '화장품'을 판매·제공하는 매장,train,화장품,T2 동의어,8663845b-fe92-4a99-a3fc-977ed656faf8,옙뷰티,,야탑 골목형상점가,골목형상점가,경기도,,,
a5ac6bb7ae49046e44bf,full_annotation_v1,A,q_화장품_02,뷰티,뷰티·미용 중 '화장품'을 판매·제공하는 매장,train,화장품,T2 동의어,bed57841-3b2c-49b3-bd06-1c1f1bb2b45d,싱싱청과,과일 야채,남성사계시장,전통시장,서울특별시,,,
47f45664bf699394baf0,full_annotation_v1,A,q_화장품_02,뷰티,뷰티·미용 중 '화장품'을 판매·제공하는 매장,train,화장품,T2 동의어,3fcd7fcb-bcc7-40cf-afcb-10a4439b025b,마벨뷰티,뷰티 서비스업,서부안심길골목형상점가,골목형상점가,서울특별시,,,
f30a2545c41a80232d92,full_annotation_v1,A,q_화장품_02,뷰티,뷰티·미용 중 '화장품'을 판매·제공하는 매장,train,화장품,T2 동의어,340c01a5-f68a-43b9-bd3b-2dc0f9b27f25,베베하 뷰티,"뷰티, 왁싱",산본로데오거리(구 산본중심상가),자율상권구역,경기도,,,
19f0dbc081a2476a3b18,full_annotation_v1,A,q_화장품_02,뷰티,뷰티·미용 중 '화장품'을 판매·제공하는 매장,train,화장품,T2 동의어,cd03282e-6994-4c08-8c68-e14572ef9cdd,휘 뷰티,미용,엄사 골목형상점가,골목형상점가,충청남도,,,
b0be73805e4159cf4fd0,full_annotation_v1,A,q_화장품_02,뷰티,뷰티·미용 중 '화장품'을 판매·제공하는 매장,train,화장품,T2 동의어,1e7fddc3-b539-49d5-92a8-2c1f884a068c,노점36호,분식,천안중앙시장,전통시장,충청남도,,,
7dacf8678ef131ce1a49,full_annotation_v1,A,q_화장품_02,뷰티,뷰티·미용 중 '화장품'을 판매·제공하는 매장,train,화장품,T2 동의어,ea484984-1087-478f-8dc9-62d848bad101,우리뷰티,뷰티,문흥동대천로 골목형상점가,골목형상점가,광주광역시,,,
fdea14d3b855300ca9d3,full_annotation_v1,A,q_화장품_02,뷰티,뷰티·미용 중 '화장품'을 판매·제공하는 매장,train,화장품,T2 동의어,1f45b56f-dcb1-4a3e-9195-9c8cda516ab0,세르크 뷰티라인,뷰티,주공단지상점가,골목형상점가,경기도,,,
cfe80607af9d87459c5a,full_annotation_v1,A,q_화장품_02,뷰티,뷰티·미용 중 '화장품'을 판매·제공하는 매장,train,화장품,T2 동의어,a49a130e-8f3d-450f-ba84-846ab62c66d9,마이린 뷰티,두발미용,반석동 골목형상점가,골목형상점가,대전광역시,,,
98ed4756b5f9f7783946,full_annotation_v1,A,q_화장품_02,뷰티,뷰티·미용 중 '화장품'을 판매·제공하는 매장,train,화장품,T2 동의어,0f315325-e6df-4ed4-909f-c10aef7dbf9b,보바왁싱,뷰티,일번지프라자 골목형상점가,골목형상점가,경기도,,,
886d90db72e0c83bb9de,full_annotation_v1,A,q_화장품_02,뷰티,뷰티·미용 중 '화장품'을 판매·제공하는 매장,train,화장품,T2 동의어,793de2c1-12a9-4a4b-8cdf-0d3d791c8230,뷰티,의류,㈜르네시떼,전통시장,부산광역시,,,
3c35abbbfec6f9c3f975,full_annotation_v1,A,q_화장품_02,뷰티,뷰티·미용 중 '화장품'을 판매·제공하는 매장,train,화장품,T2 동의어,2d82f791-26ef-457d-8e04-1f3472d83246,용 당구장,,영산포 골목형상점가,골목형상점가,,,,
685a6b5dc557f8cc7a93,full_annotation_v1,A,q_화장품_02,뷰티,뷰티·미용 중 '화장품'을 판매·제공하는 매장,train,화장품,T2 동의어,f7bd2162-7b43-4913-9542-a044aa508c03,뷰티,신발,종오지하쇼핑센터,일반지하상점가,서울특별시,,,
f8675d59ca50d6b1b50f,full_annotation_v1,A,q_화장품_02,뷰티,뷰티·미용 중 '화장품'을 판매·제공하는 매장,train,화장품,T2 동의어,00222f52-5d1f-4fb1-b0a6-7b4864ce177f,아리따움서대문연희점,화장품,연희사러가,전통시장,서울특별시,,,
a829cddda8714d01148e,full_annotation_v1,A,q_화장품_02,뷰티,뷰티·미용 중 '화장품'을 판매·제공하는 매장,train,화장품,T2 동의어,32857caf-79d2-47a8-b143-795896a1ee7c,프라임 애견,애견미용,머내마을 상점가,골목형상점가,경기도,,,
9dae974b263bce6eb221,full_annotation_v1,A,q_화장품_02,뷰티,뷰티·미용 중 '화장품'을 판매·제공하는 매장,train,화장품,T2 동의어,48cd0eab-61fe-47ff-ad2f-70683f1caea1,위드뷰티,뷰티,전남대후문골목형상점가,골목형상점가,광주광역시,,,
e957ab4e8fdf3f24e152,full_annotation_v1,A,q_화장품_02,뷰티,뷰티·미용 중 '화장품'을 판매·제공하는 매장,train,화장품,T2 동의어,bc770d28-14c0-41eb-adf8-4ff2e74afd64,명가바지락칼국수,칼국수,중문로 골목형상점가,골목형상점가,광주광역시,,,
a84c7e9a21c7094b5f90,full_annotation_v1,A,q_화장품_02,뷰티,뷰티·미용 중 '화장품'을 판매·제공하는 매장,train,화장품,T2 동의어,424b15bb-8698-4cfd-b257-3c12d3fed179,민스뷰티,뷰티,풍암순환로상인회 골목형상점가,골목형상점가,광주광역시,,,
a8c06a80be0187562595,full_annotation_v1,A,q_화장품_02,뷰티,뷰티·미용 중 '화장품'을 판매·제공하는 매장,train,화장품,T2 동의어,cc92439e-f96c-463d-985d-a161f3f6e2ba,유화수 뷰티,화장품,동홍8번가 골목형상점가,골목형상점가,제주특별자치도,,,
e2283dddc971622f8fa5,full_annotation_v1,A,q_화장품_02,뷰티,뷰티·미용 중 '화장품'을 판매·제공하는 매장,train,화장품,T2 동의어,07a4534d-70d0-41e3-a643-e15167e4aa5c,신대방동물메디컬,동물병원,창원 신대방 골목형상점가,골목형상점가,경상남도,,,
0b3189e680666bf46d67,full_annotation_v1,A,q_화장품_02,뷰티,뷰티·미용 중 '화장품'을 판매·제공하는 매장,train,화장품,T2 동의어,0a7f0c23-7b25-48d2-a6b9-69c6b1d0173d,뷰티로다,,이안센트럴D 골목형상점가,골목형상점가,대구광역시,,,
347c04c872a49db96ae9,full_annotation_v1,A,q_화장품_02,뷰티,뷰티·미용 중 '화장품'을 판매·제공하는 매장,train,화장품,T2 동의어,88335e49-c2f4-46a7-b56e-73ea33637054,비채유 뷰티,서비스,가재마을 골목형상점가,골목형상점가,세종특별자치시,,,
d59f67ba69d4b136e0de,full_annotation_v1,A,q_화장품_02,뷰티,뷰티·미용 중 '화장품'을 판매·제공하는 매장,train,화장품,T2 동의어,0001b1fc-5455-433e-8e94-96d051362b17,유난희헤어샵,미용실,창원 대동그린코아상가,전통시장,경상남도,,,
5904dd995ea4ea295c9d,full_annotation_v1,A,q_화장품_02,뷰티,뷰티·미용 중 '화장품'을 판매·제공하는 매장,train,화장품,T2 동의어,00131122-77cf-4772-b141-202f0f950f5c,라라샵,화장품,유성신나는 골목형상점가,골목형상점가,대전광역시,,,
076d13249ac0ae211447,full_annotation_v1,A,q_화장품_02,뷰티,뷰티·미용 중 '화장품'을 판매·제공하는 매장,train,화장품,T2 동의어,32fec8a4-dc6e-4a04-a347-6477e667ab9a,뷰티,"소매업(액세서리,잡화)",미금현대벤처빌시장,전통시장,경기도,,,
3b407a0df61172cb91c6,full_annotation_v1,A,q_화장품_02,뷰티,뷰티·미용 중 '화장품'을 판매·제공하는 매장,train,화장품,T2 동의어,d7055cfa-9899-4664-8f50-029c34fd85cf,프로자동차공업사,자동차부분정비,중문로 골목형상점가,골목형상점가,광주광역시,,,
ce56d845e7252cc9d497,full_annotation_v1,A,q_화장품_02,뷰티,뷰티·미용 중 '화장품'을 판매·제공하는 매장,train,화장품,T2 동의어,2026ee6f-5043-463c-86a4-97f3864a5277,루비에 뷰티,네일,용정 골목형상점가,골목형상점가,대전광역시,,,
098bab6cd74d89861ae3,full_annotation_v1,A,q_화장품_02,뷰티,뷰티·미용 중 '화장품'을 판매·제공하는 매장,train,화장품,T2 동의어,34e6faa9-b3ae-4f57-a04a-94d31bea6d86,바넌뷰티,,용산동 골목형상점가,골목형상점가,대전광역시,,,
711f410ceb0bd9fba0be,full_annotation_v1,A,q_화장품_02,뷰티,뷰티·미용 중 '화장품'을 판매·제공하는 매장,train,화장품,T2 동의어,a8a9c837-5c74-4080-8def-c2dadb6f4ae9,신뷰티,,이안센트럴D 골목형상점가,골목형상점가,대구광역시,,,
0e93d7e09158722c7649,full_annotation_v1,A,q_화장품_02,뷰티,뷰티·미용 중 '화장품'을 판매·제공하는 매장,train,화장품,T2 동의어,1114b6dc-e5dd-4638-8125-571c81bbe9b3,호이스킨케어,스킨케어,맛남길 골목형상점가,골목형상점가,강원특별자치도,,,
06a424611a66bfe010e1,full_annotation_v1,A,q_화장품_02,뷰티,뷰티·미용 중 '화장품'을 판매·제공하는 매장,train,화장품,T2 동의어,57fbe85e-cc69-4fc2-b844-05fe41bbe3a5,참뷰티,,한들물빛도시 골목형 상점가,골목형상점가,충청남도,,,
2215213bbca23504215d,full_annotation_v1,A,q_화장품_02,뷰티,뷰티·미용 중 '화장품'을 판매·제공하는 매장,train,화장품,T2 동의어,60be5297-14cc-4765-a132-6cb524e22d9a,인셀덤.뷰티,의류,조암시장,전통시장,경기도,,,
a7aa5a513dade39ed709,full_annotation_v1,A,q_화장품_02,뷰티,뷰티·미용 중 '화장품'을 판매·제공하는 매장,train,화장품,T2 동의어,7b5ea40f-b937-401a-9efd-4c6653a700a5,글림네일&뷰티,,삼봉지구 골목형상점가,골목형상점가,전북특별자치도,,,
2684d82710d65892cb1f,full_annotation_v1,A,q_화장품_02,뷰티,뷰티·미용 중 '화장품'을 판매·제공하는 매장,train,화장품,T2 동의어,b2aaf77b-c2c2-4872-bfdf-9742a87f743d,하나로 코스메틱 종합 화장품,,수완중흥대방 골목형상점가,골목형상점가,광주광역시,,,
8fa044fd9ee06af4048f,full_annotation_v1,A,q_화장품_02,뷰티,뷰티·미용 중 '화장품'을 판매·제공하는 매장,train,화장품,T2 동의어,13ac5c77-d9dd-40e6-8c6c-82c4cc854a7a,"뷰티,담다",미용,화운로상인회 골목형상점가,골목형상점가,광주광역시,,,
d839fbead6e026f680b2,full_annotation_v1,A,q_화장품_02,뷰티,뷰티·미용 중 '화장품'을 판매·제공하는 매장,train,화장품,T2 동의어,577c7a1c-3544-4f1d-977a-6d6df96e9b41,유월뷰티,뷰티,시청앞사거리 골목형상점가,골목형상점가,충청남도,,,
a20143160626f6a79ac7,full_annotation_v1,A,q_화장품_02,뷰티,뷰티·미용 중 '화장품'을 판매·제공하는 매장,train,화장품,T2 동의어,c23b07d2-d871-48d4-9417-1a46b2d3ae97,헤어 아트,미용,석봉동골목형상점가,골목형상점가,대전광역시,,,
bd88a286459e162967c9,full_annotation_v1,A,q_화장품_02,뷰티,뷰티·미용 중 '화장품'을 판매·제공하는 매장,train,화장품,T2 동의어,39a31b6f-0d34-4c01-812b-c19d27e43fea,뷰티 고울 수,전신피부미용 스킨케어바디케어,용산지구 골목형상점가,골목형상점가,광주광역시,,,
03345ee8fc588f288e5e,full_annotation_v1,A,q_화장품_02,뷰티,뷰티·미용 중 '화장품'을 판매·제공하는 매장,train,화장품,T2 동의어,100e99ad-fd3c-4ef0-ab37-6c1740a29c64,썬(SUN)뷰티,,효목마을 골목형상점가,골목형상점가,대구광역시,,,
f36b174ff41a8d4fea00,full_annotation_v1,A,q_화장품_02,뷰티,뷰티·미용 중 '화장품'을 판매·제공하는 매장,train,화장품,T2 동의어,0ee0265b-7abb-48a9-b36b-1e2fc4219169,올가드림뷰티(온천장점),,SK 3차 골목형상점가,골목형상점가,부산광역시,,,
a3708777ad3ac167c1b8,full_annotation_v1,A,q_화장품_02,뷰티,뷰티·미용 중 '화장품'을 판매·제공하는 매장,train,화장품,T2 동의어,3e7b588b-0af1-4a9c-8006-76548ce055e2,루에아 뷰티,"피부관리 서비스, 스킨케어",518먹자골목상인회 골목형상점가,골목형상점가,광주광역시,,,
d568c0c8e9105f9a96b5,full_annotation_v1,A,q_화장품_02,뷰티,뷰티·미용 중 '화장품'을 판매·제공하는 매장,train,화장품,T2 동의어,53454ef1-0eb7-41f1-84ad-d9aaa4f6de00,비비드 뷰티,미용업,구리역골목형상점가,골목형상점가,경기도,,,
36986f6393b76f262e35,full_annotation_v1,A,q_화장품_02,뷰티,뷰티·미용 중 '화장품'을 판매·제공하는 매장,train,화장품,T2 동의어,82980308-3642-4671-995c-e635bbaafd36,1977라운지펍,음식점,의왕역 골목형상점가,골목형상점가,경기도,,,
b1bbc19014b5cf49d121,full_annotation_v1,A,q_화장품_02,뷰티,뷰티·미용 중 '화장품'을 판매·제공하는 매장,train,화장품,T2 동의어,672a3fb0-1cf6-4db8-a91b-55b9924dad2c,앤드유 뷰티,속눈썹,"지웰시티몰 1,2단지 골목형상점가",골목형상점가,충청남도,,,
d3b414d7ea0eaec650a9,full_annotation_v1,A,q_화장품_02,뷰티,뷰티·미용 중 '화장품'을 판매·제공하는 매장,train,화장품,T2 동의어,665db572-b6ff-4c2f-b39f-eccc2da173f9,인 뷰티 살롱,,반도 골목형상점가,골목형상점가,충청남도,,,
5ffb41b9832886d615ed,full_annotation_v1,A,q_화장품_02,뷰티,뷰티·미용 중 '화장품'을 판매·제공하는 매장,train,화장품,T2 동의어,008c73ed-3ece-452b-aa49-b96b73ff1ba1,온결 스킨앤바디,화장품,가재마을 골목형상점가,골목형상점가,세종특별자치시,,,
b4dbf4d6b1fc0f1a8bbf,full_annotation_v1,A,q_화장품_02,뷰티,뷰티·미용 중 '화장품'을 판매·제공하는 매장,train,화장품,T2 동의어,41f3c653-cbdb-493a-bb8a-7b49101badd2,엠제이코스메틱주식회사,,둔산2동 골목형상점가,골목형상점가,대전광역시,,,
182b804cc9c85a31f259,full_annotation_v1,A,q_화장품_02,뷰티,뷰티·미용 중 '화장품'을 판매·제공하는 매장,train,화장품,T2 동의어,9b34dbab-4691-454a-accc-91923ae7098a,깔롱,뷰티,럭스스퀘어 골목형상점가,골목형상점가,세종특별자치시,,,
4cda71637247fbf40b67,full_annotation_v1,A,q_화장품_02,뷰티,뷰티·미용 중 '화장품'을 판매·제공하는 매장,train,화장품,T2 동의어,001d63b0-b37c-4216-91a0-c9d4147a91b9,아워필라테스스튜디오,서비스,보람동 골목형상점가,골목형상점가,세종특별자치시,,,
809a3f545bedf3c98112,full_annotation_v1,A,q_화장품_02,뷰티,뷰티·미용 중 '화장품'을 판매·제공하는 매장,train,화장품,T2 동의어,6e03059c-8d6b-4944-8412-c406f0ad4c68,소문사,의류,동산상가,전통시장,대구광역시,,,
d2234d42bafccfbe98dd,full_annotation_v1,A,q_화장품_02,뷰티,뷰티·미용 중 '화장품'을 판매·제공하는 매장,train,화장품,T2 동의어,6c2ec584-e4a9-4332-9e9d-060a973873ad,바디디자인 뷰티,미용,방학단길골목형상점가,골목형상점가,서울특별시,,,
79a02181e1789bb0ae93,full_annotation_v1,A,q_화장품_02,뷰티,뷰티·미용 중 '화장품'을 판매·제공하는 매장,train,화장품,T2 동의어,e12cdb3f-fc8f-431f-9c72-7668ebeacb7d,설아아이스크림 포도원점,식품,의왕가구거리 골목형상점가,골목형상점가,경기도,,,
f658fb6aa6796aece4b3,full_annotation_v1,A,q_화장품_02,뷰티,뷰티·미용 중 '화장품'을 판매·제공하는 매장,train,화장품,T2 동의어,41161e49-ca6e-441c-ada5-ab79d5b2944f,모아플라이태닝,뷰티,용봉지구 골목형상점가,골목형상점가,광주광역시,,,
99be1dfee6c929b610b0,full_annotation_v1,A,q_화장품_02,뷰티,뷰티·미용 중 '화장품'을 판매·제공하는 매장,train,화장품,T2 동의어,3bd75f92-f8e0-4904-bcaa-466ccb3b9855,델라뷰티,뷰티,자유마트 골목형상점가,골목형상점가,부산광역시,,,
47407749a9ee4121c8f8,full_annotation_v1,A,q_화장품_02,뷰티,뷰티·미용 중 '화장품'을 판매·제공하는 매장,train,화장품,T2 동의어,8b484570-367b-446d-9d22-cdd80b1fb879,더나은 뷰티,미용업,거제 고현 골목형상점가,골목형상점가,경상남도,,,
f3c5d5ad6377735e86c9,full_annotation_v1,A,q_화장품_02,뷰티,뷰티·미용 중 '화장품'을 판매·제공하는 매장,train,화장품,T2 동의어,d0bec2fe-98dd-46c2-b093-24c935067072,뷰티,화장품,부평깡통시장(구 부산부평시장),전통시장,부산광역시,,,
183013ce4f2d1f85cd7d,full_annotation_v1,A,q_화장품_02,뷰티,뷰티·미용 중 '화장품'을 판매·제공하는 매장,train,화장품,T2 동의어,2a7f1e06-832a-44f4-b488-6fd47f8b9496,박지안 바디엔 스킨케어,,정남진활력의거리 골목형상점가,골목형상점가,,,,
0118cd1dc007433b3c1f,full_annotation_v1,A,q_화장품_02,뷰티,뷰티·미용 중 '화장품'을 판매·제공하는 매장,train,화장품,T2 동의어,e1e4faa3-14c6-4db2-8131-700f75157c8b,바이민헤어,미용실,양양로 골목형상점가,골목형상점가,강원특별자치도,,,
c99cb5f066c775e27304,full_annotation_v1,A,q_화장품_02,뷰티,뷰티·미용 중 '화장품'을 판매·제공하는 매장,train,화장품,T2 동의어,8fca925b-6d16-46b4-be31-c89d4c07bda7,"문,뷰티",피부미용,신장대리 자율상권구역,,강원특별자치도,,,
5e23f84ba4df0daf554e,full_annotation_v1,A,q_화장품_02,뷰티,뷰티·미용 중 '화장품'을 판매·제공하는 매장,train,화장품,T2 동의어,fd63ba5b-eda1-488d-a367-4a24379532cb,숨결 뷰티,피부미용네일화장품,신가동 골목형상점가,골목형상점가,광주광역시,,,
7db849bc32268f550ae7,full_annotation_v1,A,q_화장품_02,뷰티,뷰티·미용 중 '화장품'을 판매·제공하는 매장,train,화장품,T2 동의어,0017ec9c-4997-4ef5-a552-7fffc7dd149c,아리따움 진주서부점,화장품,진주 새서부시장,전통시장,경상남도,,,
af9d0b9a4e940cd93498,full_annotation_v1,A,q_화장품_02,뷰티,뷰티·미용 중 '화장품'을 판매·제공하는 매장,train,화장품,T2 동의어,bc974e6d-c9de-4781-8719-8450fcdb5f98,뷰티 업 라이프,화장품,금호상인회 골목형상점가,골목형상점가,광주광역시,,,
1d12727d94bddb95ab6d,full_annotation_v1,A,q_화장품_02,뷰티,뷰티·미용 중 '화장품'을 판매·제공하는 매장,train,화장품,T2 동의어,04ede6f2-6489-4c97-8419-e602070b7946,타임뷰티,뷰티,맛조이상인회 골목형상점가,골목형상점가,광주광역시,,,
8693d0ecc8273bef7a8e,full_annotation_v1,A,q_화장품_02,뷰티,뷰티·미용 중 '화장품'을 판매·제공하는 매장,train,화장품,T2 동의어,89942b67-9644-483c-b271-d9c5fd43a422,웨이비,뷰티,상무원마륵상인회 골목형상점가,골목형상점가,광주광역시,,,
1cffdbc94595d8feecd2,full_annotation_v1,A,q_화장품_02,뷰티,뷰티·미용 중 '화장품'을 판매·제공하는 매장,train,화장품,T2 동의어,003cdc8a-95fe-43ea-8350-f4c63913a6f8,정선화장품,화장품,오천시장,전통시장,경상북도,,,
e41134663a9022b8ac54,full_annotation_v1,A,q_화장품_02,뷰티,뷰티·미용 중 '화장품'을 판매·제공하는 매장,train,화장품,T2 동의어,addb0251-afa7-4c76-ab99-cfc3d7f805ac,드오브왁싱&뷰티,피부미용업,"일곡동(제7지역:대림1,현대2,진로,대우,한일)",골목형상점가,광주광역시,,,
81dc14904d745cd9be2b,full_annotation_v1,A,q_화장품_02,뷰티,뷰티·미용 중 '화장품'을 판매·제공하는 매장,train,화장품,T2 동의어,a8ac83fa-7631-45f2-979f-8d3079d2d3ee,뷰티진,,산내마을 골목형상점가,골목형상점가,경기도,,,
422dffeeee701a07cb51,full_annotation_v1,A,q_화장품_02,뷰티,뷰티·미용 중 '화장품'을 판매·제공하는 매장,train,화장품,T2 동의어,b43cbecc-9cae-4a15-a3a8-62e90c2b20fd,모노아즈,뷰티,나주혁신도시 골목형상점가,골목형상점가,전라남도,,,
65b0413ed18ca71c0fdc,full_annotation_v1,A,q_화장품_02,뷰티,뷰티·미용 중 '화장품'을 판매·제공하는 매장,train,화장품,T2 동의어,865971c3-d6c9-4ba5-8a32-c9db6b628e90,뷰티.장,의류,오산오색시장(구 오산중앙시장),전통시장,경기도,,,
38ff7b13bed16acfe91e,full_annotation_v1,A,q_화장품_02,뷰티,뷰티·미용 중 '화장품'을 판매·제공하는 매장,train,화장품,T2 동의어,b9b40787-6f9c-46ff-821b-dd80d83f0642,혜주랑,뷰티 서비스,광교상현역 온누리 골목형상점가,골목형상점가,경기도,,,
879377fcdbabfb539f25,full_annotation_v1,A,q_화장품_02,뷰티,뷰티·미용 중 '화장품'을 판매·제공하는 매장,train,화장품,T2 동의어,610a4d7e-57fa-487a-9f2c-a0b5c120f449,워너빈뷰티,뷰티,본촌 골목형상점가,골목형상점가,광주광역시,,,
fd234020149fbb4e975d,full_annotation_v1,A,q_화장품_02,뷰티,뷰티·미용 중 '화장품'을 판매·제공하는 매장,train,화장품,T2 동의어,c6e2d6e5-574e-47d8-b562-08d045a59a51,여운뷰티,뷰티,새치마을 골목형상점가,골목형상점가,울산광역시,,,
99a8acba0711a30c1b3a,full_annotation_v1,A,q_화장품_02,뷰티,뷰티·미용 중 '화장품'을 판매·제공하는 매장,train,화장품,T2 동의어,0d233824-458b-4581-a849-40c01071c834,리즈뷰티,,송월동 택지 골목형상점가,골목형상점가,,,,
f66deb0d033435c73c64,full_annotation_v1,A,q_화장품_02,뷰티,뷰티·미용 중 '화장품'을 판매·제공하는 매장,train,화장품,T2 동의어,004a8de5-69c1-4c55-a507-54e016703431,마중물뷰티동,소매(화장품),은마종합상점가,자율상권구역,서울특별시,,,
dc8d73809d1cc117fd18,full_annotation_v1,A,q_화장품_02,뷰티,뷰티·미용 중 '화장품'을 판매·제공하는 매장,train,화장품,T2 동의어,561aa28b-8825-4763-83b2-59ef7049046f,미화사(뷰티),의류,부산평화시장,전통시장,부산광역시,,,
243b5acfb04d949c3146,full_annotation_v1,A,q_화장품_02,뷰티,뷰티·미용 중 '화장품'을 판매·제공하는 매장,train,화장품,T2 동의어,422441a1-f531-404b-afca-b8626dbe6395,원뷰티,뷰티,안동광석거리 골목형상점가,골목형상점가,경상북도,,,
116a64ff4993dabdd4e2,full_annotation_v1,A,q_화장품_02,뷰티,뷰티·미용 중 '화장품'을 판매·제공하는 매장,train,화장품,T2 동의어,0009149f-621a-493e-9fd1-252a8ac6c75b,글로리,미용실,중흥동 큰샘길 골목형상점가,골목형상점가,광주광역시,,,
00674963ee06a2726253,full_annotation_v1,A,q_화장품_02,뷰티,뷰티·미용 중 '화장품'을 판매·제공하는 매장,train,화장품,T2 동의어,17a4ee65-9113-431c-827a-de1c2de530a6,윤마이크로스튜디오&뷰티,필라테스,운정역 중심상가 골목형상점가,골목형상점가,경기도,,,
eeb5cd6077f49151698c,full_annotation_v1,A,q_화장품_02,뷰티,뷰티·미용 중 '화장품'을 판매·제공하는 매장,train,화장품,T2 동의어,3417ad49-dfd9-44da-b76c-09023311ae21,더미인나라,스킨케어두피케어 제품,호남동 골목형상점가,골목형상점가,광주광역시,,,
718f8aa0d780f62eab35,full_annotation_v1,A,q_화장품_03,스킨케어,뷰티·미용 중 '화장품'을 판매·제공하는 매장,train,화장품,T2 동의어,c1419a1d-cb3c-47e4-ae91-b77000e1f18d,프린세스,스킨케어,롯데 리치빌골목형상점가,골목형상점가,대전광역시,,,
5df2ee57772fc7396864,full_annotation_v1,A,q_화장품_03,스킨케어,뷰티·미용 중 '화장품'을 판매·제공하는 매장,train,화장품,T2 동의어,1114b6dc-e5dd-4638-8125-571c81bbe9b3,호이스킨케어,스킨케어,맛남길 골목형상점가,골목형상점가,강원특별자치도,,,
4aa76be521842070008b,full_annotation_v1,A,q_화장품_03,스킨케어,뷰티·미용 중 '화장품'을 판매·제공하는 매장,train,화장품,T2 동의어,004a8de5-69c1-4c55-a507-54e016703431,마중물뷰티동,소매(화장품),은마종합상점가,자율상권구역,서울특별시,,,
25cfb901c7911c13b088,full_annotation_v1,A,q_화장품_03,스킨케어,뷰티·미용 중 '화장품'을 판매·제공하는 매장,train,화장품,T2 동의어,49b731ab-4875-4e93-a289-2af3ae8e8a05,퀸스킨&왁싱,스킨케어,솔올중앞골목형상점가,골목형상점가,강원특별자치도,,,
a8601d35b3cb9d5df4a2,full_annotation_v1,A,q_화장품_03,스킨케어,뷰티·미용 중 '화장품'을 판매·제공하는 매장,train,화장품,T2 동의어,935daaf1-8080-4c96-aafa-67badc51637d,설희 스킨케어,화장품,이도패션거리 골목형상점가,골목형상점가,제주특별자치도,,,
857bddd43c1b7c6ea543,full_annotation_v1,A,q_화장품_03,스킨케어,뷰티·미용 중 '화장품'을 판매·제공하는 매장,train,화장품,T2 동의어,ebfdf2ea-6593-4e46-8937-4d6f2ada951b,함안상회,활어,민락어민활어직판장,자율상권구역,부산광역시,,,
08597e186c57a473fad1,full_annotation_v1,A,q_화장품_03,스킨케어,뷰티·미용 중 '화장품'을 판매·제공하는 매장,train,화장품,T2 동의어,8dfb9067-b1f7-45ab-a53b-a9f23171cffe,피플라 스킨케어 센터,피부미용,대구예전우시장,전통시장,대구광역시,,,
3a27479e53c8c30c6288,full_annotation_v1,A,q_화장품_03,스킨케어,뷰티·미용 중 '화장품'을 판매·제공하는 매장,train,화장품,T2 동의어,6fa962c1-03b4-4df1-ab96-a2796dd2ba91,아나브 스킨케어,피부미용,산울동 골목형상점가,골목형상점가,세종특별자치시,,,
bbc7b289ab1a9a9d22d0,full_annotation_v1,A,q_화장품_03,스킨케어,뷰티·미용 중 '화장품'을 판매·제공하는 매장,train,화장품,T2 동의어,73e816b8-cbbe-420c-8158-9e44c4542832,예뻐지는날,스킨케어,구미 금리단길 골목형상점가,골목형상점가,경상북도,,,
9abdc198814306475387,full_annotation_v1,A,q_화장품_03,스킨케어,뷰티·미용 중 '화장품'을 판매·제공하는 매장,train,화장품,T2 동의어,06de28f5-823f-4fe2-846a-15ff14f4a2a0,서울더정성치과,치과,신원권율4 골목형상점가,골목형상점가,경기도,,,
d95fd4e8b1885828d508,full_annotation_v1,A,q_화장품_03,스킨케어,뷰티·미용 중 '화장품'을 판매·제공하는 매장,train,화장품,T2 동의어,f645ea70-89a2-4517-a947-026a91fae723,에건스,커피,외대글로벌길 골목형상점가,골목형상점가,경기도,,,
475eb5ed874caeab0743,full_annotation_v1,A,q_화장품_03,스킨케어,뷰티·미용 중 '화장품'을 판매·제공하는 매장,train,화장품,T2 동의어,b2aaf77b-c2c2-4872-bfdf-9742a87f743d,하나로 코스메틱 종합 화장품,,수완중흥대방 골목형상점가,골목형상점가,광주광역시,,,
00d07b543b194534cd18,full_annotation_v1,A,q_화장품_03,스킨케어,뷰티·미용 중 '화장품'을 판매·제공하는 매장,train,화장품,T2 동의어,a3dd666e-3331-4fb2-a525-9caa57fd870b,라엘 스킨케어,피부미용,아름드리 골목형상점가,골목형상점가,세종특별자치시,,,
d66d46460f4e370b3256,full_annotation_v1,A,q_화장품_03,스킨케어,뷰티·미용 중 '화장품'을 판매·제공하는 매장,train,화장품,T2 동의어,11fbef96-9e9e-4bd9-a983-9d908d813e6c,원자네떡집,떡,동두천중앙시장,전통시장,경기도,,,
09d02ef0038c9a9749a3,full_annotation_v1,A,q_화장품_03,스킨케어,뷰티·미용 중 '화장품'을 판매·제공하는 매장,train,화장품,T2 동의어,17149a8e-6ebf-4594-a50b-52baa5c2c71c,리바이브 스킨케어,피부미용,노대물빛근린공원 골목형상점가,골목형상점가,광주광역시,,,
06ec0ddc8f518f157849,full_annotation_v1,A,q_화장품_03,스킨케어,뷰티·미용 중 '화장품'을 판매·제공하는 매장,train,화장품,T2 동의어,003cdc8a-95fe-43ea-8350-f4c63913a6f8,정선화장품,화장품,오천시장,전통시장,경상북도,,,
6db9f8a356e952e04356,full_annotation_v1,A,q_화장품_03,스킨케어,뷰티·미용 중 '화장품'을 판매·제공하는 매장,train,화장품,T2 동의어,c078cbfc-203f-473d-8090-836b5afc5cfe,경민사,귀금속,골드테마거리,전통시장,부산광역시,,,
2dbacc183ffb5daa8653,full_annotation_v1,A,q_화장품_03,스킨케어,뷰티·미용 중 '화장품'을 판매·제공하는 매장,train,화장품,T2 동의어,07367a1a-31a7-44db-bc10-f641505d5e02,수 스킨케어,피부,풍암당산상인회 골목형상점가,골목형상점가,광주광역시,,,
a9b23886ed64ac239e57,full_annotation_v1,A,q_화장품_03,스킨케어,뷰티·미용 중 '화장품'을 판매·제공하는 매장,train,화장품,T2 동의어,3e7b588b-0af1-4a9c-8006-76548ce055e2,루에아 뷰티,"피부관리 서비스, 스킨케어",518먹자골목상인회 골목형상점가,골목형상점가,광주광역시,,,
3382c2ce764ae853a8dc,full_annotation_v1,A,q_화장품_03,스킨케어,뷰티·미용 중 '화장품'을 판매·제공하는 매장,train,화장품,T2 동의어,0faf1c01-38cf-4d13-8673-1725b9dab19f,본죽교동마을점,죽,마북 골목형상점가,골목형상점가,경기도,,,
ca30a730033eb246ce67,full_annotation_v1,A,q_화장품_03,스킨케어,뷰티·미용 중 '화장품'을 판매·제공하는 매장,train,화장품,T2 동의어,6197d3b3-b973-41db-b476-1f3a422e5dd0,예다안 스킨케어,피부관리 화장품,건국다복 골목형상점가,골목형상점가,광주광역시,,,
56ec28c2b40d2553dfdb,full_annotation_v1,A,q_화장품_03,스킨케어,뷰티·미용 중 '화장품'을 판매·제공하는 매장,train,화장품,T2 동의어,e98cfb3e-efc4-4127-9e43-45ffca936700,스킨케어블랑,피부미용,풍암동부상인회 골목형상점가,골목형상점가,광주광역시,,,
fa6438155d303433af52,full_annotation_v1,A,q_화장품_03,스킨케어,뷰티·미용 중 '화장품'을 판매·제공하는 매장,train,화장품,T2 동의어,00131122-77cf-4772-b141-202f0f950f5c,라라샵,화장품,유성신나는 골목형상점가,골목형상점가,대전광역시,,,
73c6d13d693e59b114de,full_annotation_v1,A,q_화장품_03,스킨케어,뷰티·미용 중 '화장품'을 판매·제공하는 매장,train,화장품,T2 동의어,9dc72162-aa2f-4c31-855a-9867594ec99b,쉘모아스킨케어,,둔산3동근린상가 골목형상점가,골목형상점가,대전광역시,,,
9663e4a79981977cc9e7,full_annotation_v1,A,q_화장품_03,스킨케어,뷰티·미용 중 '화장품'을 판매·제공하는 매장,train,화장품,T2 동의어,0ee0265b-7abb-48a9-b36b-1e2fc4219169,올가드림뷰티(온천장점),,SK 3차 골목형상점가,골목형상점가,부산광역시,,,
e6c8e0909df51af1e793,full_annotation_v1,A,q_화장품_03,스킨케어,뷰티·미용 중 '화장품'을 판매·제공하는 매장,train,화장품,T2 동의어,e9a7b85f-75ca-4cbc-a4d1-16188c7e7fb7,진주스킨케어,피부미용,표선사거리상점가(골목형상점가),골목형상점가,제주특별자치도,,,
40173dd84bebb081e84a,full_annotation_v1,A,q_화장품_03,스킨케어,뷰티·미용 중 '화장품'을 판매·제공하는 매장,train,화장품,T2 동의어,ff2d1252-0ab8-42bc-b36b-e69b885420eb,제이씨(JC)스킨케어,화장품피부미용업,두암1동군왕로 골목형상점가,골목형상점가,광주광역시,,,
b685975491ae8439ee95,full_annotation_v1,A,q_화장품_03,스킨케어,뷰티·미용 중 '화장품'을 판매·제공하는 매장,train,화장품,T2 동의어,a4519b17-78a3-4744-9ace-ee8b56124c1f,곽연정스킨케어,화장품,오월첫동네 골목형상점가,골목형상점가,광주광역시,,,
edfcbb07e5dc96bd25b3,full_annotation_v1,A,q_화장품_03,스킨케어,뷰티·미용 중 '화장품'을 판매·제공하는 매장,train,화장품,T2 동의어,3417ad49-dfd9-44da-b76c-09023311ae21,더미인나라,스킨케어두피케어 제품,호남동 골목형상점가,골목형상점가,광주광역시,,,
6e6556a1aa0adf87cd5c,full_annotation_v1,A,q_화장품_03,스킨케어,뷰티·미용 중 '화장품'을 판매·제공하는 매장,train,화장품,T2 동의어,04ede6f2-6489-4c97-8419-e602070b7946,타임뷰티,뷰티,맛조이상인회 골목형상점가,골목형상점가,광주광역시,,,
40fb28421c63e3187596,full_annotation_v1,A,q_화장품_03,스킨케어,뷰티·미용 중 '화장품'을 판매·제공하는 매장,train,화장품,T2 동의어,0d233824-458b-4581-a849-40c01071c834,리즈뷰티,,송월동 택지 골목형상점가,골목형상점가,,,,
69e0ee3877845ae751c0,full_annotation_v1,A,q_화장품_03,스킨케어,뷰티·미용 중 '화장품'을 판매·제공하는 매장,train,화장품,T2 동의어,6eb119ba-f28a-4b32-95a1-cc008281cf25,웰리스 스킨케어,피부관리,유촌마을상인회 골목형상점가,골목형상점가,광주광역시,,,
dde7e5b206a67f965439,full_annotation_v1,A,q_화장품_03,스킨케어,뷰티·미용 중 '화장품'을 판매·제공하는 매장,train,화장품,T2 동의어,f97008ab-ea6d-4306-9197-2dc9f29dbdb3,마코,스포츠 캐쥬얼 의류,익산 다e로움 상권활성화구역,상권활성화구역,전북특별자치도,,,
5448b5308d18f6c57eb6,full_annotation_v1,A,q_화장품_03,스킨케어,뷰티·미용 중 '화장품'을 판매·제공하는 매장,train,화장품,T2 동의어,b75257bb-1756-4660-a644-e7df1f9b2134,에스더블유,휴대폰,대곡시장,전통시장,대구광역시,,,
c8af3bf1a6f27ae192a4,full_annotation_v1,A,q_화장품_03,스킨케어,뷰티·미용 중 '화장품'을 판매·제공하는 매장,train,화장품,T2 동의어,0009149f-621a-493e-9fd1-252a8ac6c75b,글로리,미용실,중흥동 큰샘길 골목형상점가,골목형상점가,광주광역시,,,
10d05f109d3d25121fa0,full_annotation_v1,A,q_화장품_03,스킨케어,뷰티·미용 중 '화장품'을 판매·제공하는 매장,train,화장품,T2 동의어,09472782-250b-4841-a5e7-073b3fdbeb83,윤결스킨케어,피부미용,효천2지구 골목형상점가,골목형상점가,광주광역시,,,
6dd4635552c6b7f7d631,full_annotation_v1,A,q_화장품_03,스킨케어,뷰티·미용 중 '화장품'을 판매·제공하는 매장,train,화장품,T2 동의어,02289179-0b64-45aa-b63f-9a2245854a83,대구참기름,참기름,하동공설시장,전통시장,경상남도,,,
f2c00677fbb28a55cae0,full_annotation_v1,A,q_화장품_03,스킨케어,뷰티·미용 중 '화장품'을 판매·제공하는 매장,train,화장품,T2 동의어,99820ab7-0c05-40c7-9977-c92801d16453,스칼렛 스킨케어,미용,반드레길골목형상점가,골목형상점가,서울특별시,,,
8236a07c9e15d1e241c3,full_annotation_v1,A,q_화장품_03,스킨케어,뷰티·미용 중 '화장품'을 판매·제공하는 매장,train,화장품,T2 동의어,e56f1ee9-bde6-4bcf-a7a4-f4e843583df9,루나스킨케어,화장품,오정 어린이공원 골목형상점가,골목형상점가,광주광역시,,,
e4694f8a4900c27ba95a,full_annotation_v1,A,q_화장품_03,스킨케어,뷰티·미용 중 '화장품'을 판매·제공하는 매장,train,화장품,T2 동의어,0a7f0c23-7b25-48d2-a6b9-69c6b1d0173d,뷰티로다,,이안센트럴D 골목형상점가,골목형상점가,대구광역시,,,
d3503008679509859f26,full_annotation_v1,A,q_화장품_03,스킨케어,뷰티·미용 중 '화장품'을 판매·제공하는 매장,train,화장품,T2 동의어,066940cf-c949-422a-9168-9d6e9ddfd9e5,신정순스킨케어,화장품,풍암동부상인회 골목형상점가,골목형상점가,광주광역시,,,
7f492023553283a60bb1,full_annotation_v1,A,q_화장품_03,스킨케어,뷰티·미용 중 '화장품'을 판매·제공하는 매장,train,화장품,T2 동의어,6f564e09-f2b9-4244-ac96-701b0fdc6560,김보경스킨케어,,창원 덕산1차상가,전통시장,경상남도,,,
f729cda9db1c73a1b139,full_annotation_v1,A,q_화장품_03,스킨케어,뷰티·미용 중 '화장품'을 판매·제공하는 매장,train,화장품,T2 동의어,0f315325-e6df-4ed4-909f-c10aef7dbf9b,보바왁싱,뷰티,일번지프라자 골목형상점가,골목형상점가,경기도,,,
4700b09eac77fb076dad,full_annotation_v1,A,q_화장품_03,스킨케어,뷰티·미용 중 '화장품'을 판매·제공하는 매장,train,화장품,T2 동의어,001d63b0-b37c-4216-91a0-c9d4147a91b9,아워필라테스스튜디오,서비스,보람동 골목형상점가,골목형상점가,세종특별자치시,,,
529218458cb3b28f86ea,full_annotation_v1,A,q_화장품_03,스킨케어,뷰티·미용 중 '화장품'을 판매·제공하는 매장,train,화장품,T2 동의어,3fda1487-f13f-4424-ba9a-39f2f1cddb31,쉼스킨케어,화장품,풍덕천 골목형상점가,골목형상점가,경기도,,,
c09c3706ab0cdfa0f83a,full_annotation_v1,A,q_화장품_03,스킨케어,뷰티·미용 중 '화장품'을 판매·제공하는 매장,train,화장품,T2 동의어,ec666981-e7be-451e-9f5e-7df0155ebe2b,스완느스킨앤바디,화장품 스킨케어,화정금화로상인회 골목형상점가,골목형상점가,광주광역시,,,
94c6d84ec1e1c6b565b4,full_annotation_v1,A,q_화장품_03,스킨케어,뷰티·미용 중 '화장품'을 판매·제공하는 매장,train,화장품,T2 동의어,ee8a37c2-19a0-42fe-889a-24a2433d56b3,더풋샵마포역점,스킨케어,용강동상점가,자율상권구역,서울특별시,,,
1d18bdbe591f5df1dcbc,full_annotation_v1,A,q_화장품_03,스킨케어,뷰티·미용 중 '화장품'을 판매·제공하는 매장,train,화장품,T2 동의어,730082aa-c482-4836-8a22-9624167917fd,김소영스킨케어,화장품,치평동중흥상가상인회 골목형상점가,골목형상점가,광주광역시,,,
953ba943381ea877a058,full_annotation_v1,A,q_화장품_03,스킨케어,뷰티·미용 중 '화장품'을 판매·제공하는 매장,train,화장품,T2 동의어,1b5ecf30-8cce-445d-83b5-c2cc688494b6,1프로스킨케어,화장품,우아건지 골목형상점가,골목형상점가,전북특별자치도,,,
20d316b86a80794e46ce,full_annotation_v1,A,q_화장품_03,스킨케어,뷰티·미용 중 '화장품'을 판매·제공하는 매장,train,화장품,T2 동의어,6379113b-b1d0-4c70-8295-e881da7c9836,아담뷰티 스킨케어,화장품,엄사 골목형상점가,골목형상점가,충청남도,,,
0b77b1ca2cb2332a041e,full_annotation_v1,A,q_화장품_03,스킨케어,뷰티·미용 중 '화장품'을 판매·제공하는 매장,train,화장품,T2 동의어,4c90254f-c0d5-4687-a6b9-282c5f705eb4,더뷰티스킨케어,스킨케어,구즉 골목형상점가,골목형상점가,대전광역시,,,
f5f9b3c48eaa2741bdbd,full_annotation_v1,A,q_화장품_03,스킨케어,뷰티·미용 중 '화장품'을 판매·제공하는 매장,train,화장품,T2 동의어,a7b0f0dc-69b1-4508-aee9-ff715b79abfc,희:스킨케어,피부관리,화정소담상인회 골목형상점가,골목형상점가,광주광역시,,,
1c6cf41a8ae7e22e7768,full_annotation_v1,A,q_화장품_03,스킨케어,뷰티·미용 중 '화장품'을 판매·제공하는 매장,train,화장품,T2 동의어,df50a3d9-fe0a-474c-8943-06f62824476c,대원상회,식육,김해 주촌축산물시장,전통시장,경상남도,,,
c90e0d80d3c045281a10,full_annotation_v1,A,q_화장품_03,스킨케어,뷰티·미용 중 '화장품'을 판매·제공하는 매장,train,화장품,T2 동의어,d17c0ecd-1fa4-4bc0-a5ff-e65f4175af5d,더(The)끌림 스킨케어,피부미용업,대남대로181번길 골목형상점가,골목형상점가,광주광역시,,,
2acce2dea2673886d840,full_annotation_v1,A,q_화장품_03,스킨케어,뷰티·미용 중 '화장품'을 판매·제공하는 매장,train,화장품,T2 동의어,0017ec9c-4997-4ef5-a552-7fffc7dd149c,아리따움 진주서부점,화장품,진주 새서부시장,전통시장,경상남도,,,
a5a5fa1ca747c15a44b9,full_annotation_v1,A,q_화장품_03,스킨케어,뷰티·미용 중 '화장품'을 판매·제공하는 매장,train,화장품,T2 동의어,008c73ed-3ece-452b-aa49-b96b73ff1ba1,온결 스킨앤바디,화장품,가재마을 골목형상점가,골목형상점가,세종특별자치시,,,
c7954d360bbd055c8a72,full_annotation_v1,A,q_화장품_03,스킨케어,뷰티·미용 중 '화장품'을 판매·제공하는 매장,train,화장품,T2 동의어,43e1e08f-53f9-4270-a631-c56cf202f7df,박은영스킨케어,화장품,꽃밭정이 골목형상점가,골목형상점가,전북특별자치도,,,
38694dd9849cf49751ab,full_annotation_v1,A,q_화장품_03,스킨케어,뷰티·미용 중 '화장품'을 판매·제공하는 매장,train,화장품,T2 동의어,4ad47099-4956-43bd-8c4d-eadaec295cb5,다미인스킨케어,,매곡신천 골목형상점가,골목형상점가,울산광역시,,,
7a8e82caa895153a4e97,full_annotation_v1,A,q_화장품_03,스킨케어,뷰티·미용 중 '화장품'을 판매·제공하는 매장,train,화장품,T2 동의어,00138176-f25b-4a96-9761-dd00f1a4dd28,보아스헤어아트,미용,봉제산길골목형상점가,골목형상점가,서울특별시,,,
bf2356564fa69bd1b528,full_annotation_v1,A,q_화장품_03,스킨케어,뷰티·미용 중 '화장품'을 판매·제공하는 매장,train,화장품,T2 동의어,bd711ace-50bb-4328-b4cf-1a31104286a8,보미스킨케어,스킨케어,신창진흥 골목형상점가,골목형상점가,광주광역시,,,
03b416dfa7a950eb561b,full_annotation_v1,A,q_화장품_03,스킨케어,뷰티·미용 중 '화장품'을 판매·제공하는 매장,train,화장품,T2 동의어,000d8836-38bd-43a9-92f2-698d67d5926b,라미헤어스튜디오,미용실,포항중앙상가,전통시장,경상북도,,,
cfb7c4c6fba21bdd4666,full_annotation_v1,A,q_화장품_03,스킨케어,뷰티·미용 중 '화장품'을 판매·제공하는 매장,train,화장품,T2 동의어,b6dce5d2-041d-4f40-a6bc-f3afd2e98196,올가스킨케어,화장품,현대센트럴스퀘어,골목형상점가,경기도,,,
b9566f1a1e81d0a36ac0,full_annotation_v1,A,q_화장품_03,스킨케어,뷰티·미용 중 '화장품'을 판매·제공하는 매장,train,화장품,T2 동의어,8b6f0b8d-a8a2-4fc9-87fa-38b17120327f,삼거리통닭,치킨,사강시장,전통시장,경기도,,,
a9611165ec7eeb283d2a,full_annotation_v1,A,q_화장품_03,스킨케어,뷰티·미용 중 '화장품'을 판매·제공하는 매장,train,화장품,T2 동의어,7cbe0957-39ac-41b3-a8f3-fbf03eecd403,디아모헤어,,SK 3차 골목형상점가,골목형상점가,부산광역시,,,
bdc88a53425886c9bd80,full_annotation_v1,A,q_화장품_03,스킨케어,뷰티·미용 중 '화장품'을 판매·제공하는 매장,train,화장품,T2 동의어,41f3c653-cbdb-493a-bb8a-7b49101badd2,엠제이코스메틱주식회사,,둔산2동 골목형상점가,골목형상점가,대전광역시,,,
5f3d939ed0b870907665,full_annotation_v1,A,q_화장품_03,스킨케어,뷰티·미용 중 '화장품'을 판매·제공하는 매장,train,화장품,T2 동의어,0fd8af68-bee8-427c-bc5f-39786217d3e4,금애리,여성의류소매업,부산평화시장,전통시장,부산광역시,,,
f7364a7793501f7ccc4c,full_annotation_v1,A,q_화장품_03,스킨케어,뷰티·미용 중 '화장품'을 판매·제공하는 매장,train,화장품,T2 동의어,fd899ea9-11b4-460f-87e9-d26ebafdd9be,리스킨케어,스킨케어,임방울거리1구역 골목형상점가,골목형상점가,광주광역시,,,
858369cf676447b2fbb5,full_annotation_v1,A,q_화장품_03,스킨케어,뷰티·미용 중 '화장품'을 판매·제공하는 매장,train,화장품,T2 동의어,2a7f1e06-832a-44f4-b488-6fd47f8b9496,박지안 바디엔 스킨케어,,정남진활력의거리 골목형상점가,골목형상점가,,,,
506c4bacf8ac6b878188,full_annotation_v1,A,q_화장품_03,스킨케어,뷰티·미용 중 '화장품'을 판매·제공하는 매장,train,화장품,T2 동의어,e1c1ca5f-72e5-4fdd-9bee-41f7b21b6e07,백설공주스킨케어,스킨케어,송도용보 골목형상점가,골목형상점가,광주광역시,,,
fcef4f97e0fbd0bc7e47,full_annotation_v1,A,q_화장품_03,스킨케어,뷰티·미용 중 '화장품'을 판매·제공하는 매장,train,화장품,T2 동의어,a4e97a9a-5fbb-4eae-aab3-0e585812b677,미샤상설안동점,의류,안동중앙문화의거리상점가,자율상권구역,경상북도,,,
3abba816e9c6cefd9a79,full_annotation_v1,A,q_화장품_03,스킨케어,뷰티·미용 중 '화장품'을 판매·제공하는 매장,train,화장품,T2 동의어,00222f52-5d1f-4fb1-b0a6-7b4864ce177f,아리따움서대문연희점,화장품,연희사러가,전통시장,서울특별시,,,
f978c41413429992c8bc,full_annotation_v1,A,q_화장품_03,스킨케어,뷰티·미용 중 '화장품'을 판매·제공하는 매장,train,화장품,T2 동의어,0001b1fc-5455-433e-8e94-96d051362b17,유난희헤어샵,미용실,창원 대동그린코아상가,전통시장,경상남도,,,
09a690b72f79e797dccd,full_annotation_v1,A,q_화장품_03,스킨케어,뷰티·미용 중 '화장품'을 판매·제공하는 매장,train,화장품,T2 동의어,995c42e2-6389-4ac2-aca5-b32681ff08c1,수얀스킨케어,피부미용,상무백운상인회 골목형상점가,골목형상점가,광주광역시,,,
f32e8f26a7a69f75c3e6,full_annotation_v1,A,q_화장품_03,스킨케어,뷰티·미용 중 '화장품'을 판매·제공하는 매장,train,화장품,T2 동의어,3daf1c39-284b-40d4-a864-553b38fc4a2e,르헤브 스킨케어,피부미용,상무1동아파트상인회 골목형상점가,골목형상점가,광주광역시,,,
c8657af0dd459b92a95b,full_annotation_v1,A,q_화장품_03,스킨케어,뷰티·미용 중 '화장품'을 판매·제공하는 매장,train,화장품,T2 동의어,95c74ed8-80f0-47a7-915d-1b0d948b23bb,불로초장터,분식,서귀포매일올레시장,전통시장,제주특별자치도,,,
4b2921fffe65af8d13a8,full_annotation_v1,A,q_화장품_03,스킨케어,뷰티·미용 중 '화장품'을 판매·제공하는 매장,train,화장품,T2 동의어,78bd6f5d-da76-47c7-a910-f82de2af3d9f,흙(HEUK),신발,을지로지하보도쇼핑센터,일반지하상점가,서울특별시,,,
b7dcccb1087b95411a5f,full_annotation_v1,A,q_화장품_03,스킨케어,뷰티·미용 중 '화장품'을 판매·제공하는 매장,train,화장품,T2 동의어,39a31b6f-0d34-4c01-812b-c19d27e43fea,뷰티 고울 수,전신피부미용 스킨케어바디케어,용산지구 골목형상점가,골목형상점가,광주광역시,,,
2ccb922942a29a14367a,full_annotation_v1,A,q_화장품_03,스킨케어,뷰티·미용 중 '화장품'을 판매·제공하는 매장,train,화장품,T2 동의어,24fc16c9-44b0-41a9-8701-80994d541342,제이유 스킨케어,피부미용,풍동3골목형상점가,골목형상점가,경기도,,,
1e2db62bc8b0fa89b950,full_annotation_v1,A,q_화장품_04,코스메틱,뷰티·미용 중 '화장품'을 판매·제공하는 매장,train,화장품,T2 동의어,7205c03e-6ccf-420c-bfe3-175ee01431d7,그린(grin)코스메틱,"소매(화장품,잡화,미용재료)",용인중앙시장,전통시장,경기도,,,
a0819cd752b8c1f3c729,full_annotation_v1,A,q_화장품_04,코스메틱,뷰티·미용 중 '화장품'을 판매·제공하는 매장,train,화장품,T2 동의어,4c11bfe9-7fee-466b-b632-234bf6a2c512,정동코스메틱,화장품 건강기능식품 피부미용부자재,월산로상인회 골목형상점가,골목형상점가,광주광역시,,,
a54ae7830f7267662ac8,full_annotation_v1,A,q_화장품_04,코스메틱,뷰티·미용 중 '화장품'을 판매·제공하는 매장,train,화장품,T2 동의어,9b558a68-34a0-4790-bb47-6db4adcbec06,세븐코스메틱,화장품,김대중컨벤션상인회 골목형상점가,골목형상점가,광주광역시,,,
a5c88622a330baf5ac57,full_annotation_v1,A,q_화장품_04,코스메틱,뷰티·미용 중 '화장품'을 판매·제공하는 매장,train,화장품,T2 동의어,27288df9-50fd-4915-bace-d581fde8964e,비안코스메틱,화장품,울산번개시장,전통시장,울산광역시,,,
57503b837ae6e555280b,full_annotation_v1,A,q_화장품_04,코스메틱,뷰티·미용 중 '화장품'을 판매·제공하는 매장,train,화장품,T2 동의어,6abe2b40-e276-4b36-97d8-0c3fba93b8fd,최순영코스메틱,피부관리,서초쇼핑골목형상점가,골목형상점가,서울특별시,,,
02b53529afa0935f4768,full_annotation_v1,A,q_화장품_04,코스메틱,뷰티·미용 중 '화장품'을 판매·제공하는 매장,train,화장품,T2 동의어,7ab18fba-c8bf-43a3-a43f-f5229d51b52f,진코스메틱,잡화,소나무 골목형상점가,골목형상점가,전북특별자치도,,,
ba01727d3a8bcdd0e91b,full_annotation_v1,A,q_화장품_04,코스메틱,뷰티·미용 중 '화장품'을 판매·제공하는 매장,train,화장품,T2 동의어,0009149f-621a-493e-9fd1-252a8ac6c75b,글로리,미용실,중흥동 큰샘길 골목형상점가,골목형상점가,광주광역시,,,
75e2671bff646b50a7a4,full_annotation_v1,A,q_화장품_04,코스메틱,뷰티·미용 중 '화장품'을 판매·제공하는 매장,train,화장품,T2 동의어,2bf52ab5-372a-484a-8110-045c7fab01e6,미혜상회,수산물,사천 삼천포용궁수산시장,전통시장,경상남도,,,
361a70f0d6bf6abdad8a,full_annotation_v1,A,q_화장품_04,코스메틱,뷰티·미용 중 '화장품'을 판매·제공하는 매장,train,화장품,T2 동의어,37020029-b85d-487c-b5d3-8e232ea54d3a,금동이두마리치킨호계점,,매곡신천 골목형상점가,골목형상점가,울산광역시,,,
46efca08f83b7bc662a7,full_annotation_v1,A,q_화장품_04,코스메틱,뷰티·미용 중 '화장품'을 판매·제공하는 매장,train,화장품,T2 동의어,24e037e4-756e-4fad-beaf-8d041913eaf1,아라코스메틱,화장품및 비누 방향제,봉선1로 골목형상점가,골목형상점가,광주광역시,,,
e9c791654d6540d3b976,full_annotation_v1,A,q_화장품_04,코스메틱,뷰티·미용 중 '화장품'을 판매·제공하는 매장,train,화장품,T2 동의어,008c73ed-3ece-452b-aa49-b96b73ff1ba1,온결 스킨앤바디,화장품,가재마을 골목형상점가,골목형상점가,세종특별자치시,,,
e8a09c766058a42067a6,full_annotation_v1,A,q_화장품_04,코스메틱,뷰티·미용 중 '화장품'을 판매·제공하는 매장,train,화장품,T2 동의어,8e83be62-7f17-4620-bad8-cfdf025f5d56,양인철헤어코스메틱,화장품,중앙로상점가,자율상권구역,제주특별자치도,,,
abc5094c131219f89e17,full_annotation_v1,A,q_화장품_04,코스메틱,뷰티·미용 중 '화장품'을 판매·제공하는 매장,train,화장품,T2 동의어,6a225907-352f-46d3-9637-0cf896944cb6,샤론코스메틱,미용,별양동상점가,자율상권구역,경기도,,,
4a53d345fbbd197f1316,full_annotation_v1,A,q_화장품_04,코스메틱,뷰티·미용 중 '화장품'을 판매·제공하는 매장,train,화장품,T2 동의어,0d233824-458b-4581-a849-40c01071c834,리즈뷰티,,송월동 택지 골목형상점가,골목형상점가,,,,
b37a1fa1779cd37845d4,full_annotation_v1,A,q_화장품_04,코스메틱,뷰티·미용 중 '화장품'을 판매·제공하는 매장,train,화장품,T2 동의어,40e41338-d0e6-4c16-b867-6bcc6fa3f6b6,하이옌코스메틱,화장품잡화,방이시장,전통시장,서울특별시,,,
a030f4a94d2a5b51cd2f,full_annotation_v1,A,q_화장품_04,코스메틱,뷰티·미용 중 '화장품'을 판매·제공하는 매장,train,화장품,T2 동의어,00222f52-5d1f-4fb1-b0a6-7b4864ce177f,아리따움서대문연희점,화장품,연희사러가,전통시장,서울특별시,,,
c2628b52aee934aca6a7,full_annotation_v1,A,q_화장품_04,코스메틱,뷰티·미용 중 '화장품'을 판매·제공하는 매장,train,화장품,T2 동의어,657abe13-60ef-42db-b15a-070ff41e1605,한솔코스메틱,피부관리,산본로데오거리(구 산본중심상가),자율상권구역,경기도,,,
0d2cdd91bda67c7f8e19,full_annotation_v1,A,q_화장품_04,코스메틱,뷰티·미용 중 '화장품'을 판매·제공하는 매장,train,화장품,T2 동의어,aaa6e359-1729-4f3d-a977-6a9ad02781c9,지코스메틱,화장품,문흥진달래공원 골목형상점가,골목형상점가,광주광역시,,,
886ea5d05c5d6bbb9874,full_annotation_v1,A,q_화장품_04,코스메틱,뷰티·미용 중 '화장품'을 판매·제공하는 매장,train,화장품,T2 동의어,a7d2dd55-6776-4418-92e8-70c7747004b4,코스메틱월드,화장품,강화버스터미널시장,전통시장,인천광역시,,,
e5b219953748310cdc3d,full_annotation_v1,A,q_화장품_04,코스메틱,뷰티·미용 중 '화장품'을 판매·제공하는 매장,train,화장품,T2 동의어,a5d7bc3d-6ab5-4682-ae0c-c0f2c73610b0,탕화방마라탕울산매곡점,,매곡신천 골목형상점가,골목형상점가,울산광역시,,,
f48b797a2d5690a769f6,full_annotation_v1,A,q_화장품_04,코스메틱,뷰티·미용 중 '화장품'을 판매·제공하는 매장,train,화장품,T2 동의어,01b17231-fb4b-48d9-9adf-3b4d1699eb02,코스메틱스,화장품,평택통복시장,전통시장,경기도,,,
2087e244028a76de0fcc,full_annotation_v1,A,q_화장품_04,코스메틱,뷰티·미용 중 '화장품'을 판매·제공하는 매장,train,화장품,T2 동의어,1114b6dc-e5dd-4638-8125-571c81bbe9b3,호이스킨케어,스킨케어,맛남길 골목형상점가,골목형상점가,강원특별자치도,,,
e179ceaa52f29569d37d,full_annotation_v1,A,q_화장품_04,코스메틱,뷰티·미용 중 '화장품'을 판매·제공하는 매장,train,화장품,T2 동의어,65e07614-cfdc-4594-b445-aa4ef98999a0,아날도바시니 전주송천점,"판매대리(의류, 스포츠용품)",전주송천동골목형상점가,골목형상점가,전북특별자치도,,,
a87fbcba7ff654025000,full_annotation_v1,A,q_화장품_04,코스메틱,뷰티·미용 중 '화장품'을 판매·제공하는 매장,train,화장품,T2 동의어,f3e6c61f-9a9a-4b6f-86c5-3093cba95d6b,김계현코스메틱,서비스 소매업 피부관리 화장품,문흥2동 골목형상점가,골목형상점가,광주광역시,,,
324499b62d29e2850d69,full_annotation_v1,A,q_화장품_04,코스메틱,뷰티·미용 중 '화장품'을 판매·제공하는 매장,train,화장품,T2 동의어,0017ec9c-4997-4ef5-a552-7fffc7dd149c,아리따움 진주서부점,화장품,진주 새서부시장,전통시장,경상남도,,,
d75aaceda2cf7b10bbdb,full_annotation_v1,A,q_화장품_04,코스메틱,뷰티·미용 중 '화장품'을 판매·제공하는 매장,train,화장품,T2 동의어,00f8a383-6b96-42d1-8829-0969e98775e5,꽃샘헤어,일반미용실,전주송천동골목형상점가,골목형상점가,전북특별자치도,,,
94a4d54f081f75aacf2f,full_annotation_v1,A,q_화장품_04,코스메틱,뷰티·미용 중 '화장품'을 판매·제공하는 매장,train,화장품,T2 동의어,2c87cc0d-5e6a-4f35-95f6-8985dbef5e03,코스메틱몰,"잡화, 화장품",당감새시장,전통시장,부산광역시,,,
7dd64f9aeacd5be1ca95,full_annotation_v1,A,q_화장품_04,코스메틱,뷰티·미용 중 '화장품'을 판매·제공하는 매장,train,화장품,T2 동의어,a9e50f6b-f90a-4533-bb4c-3c048714a03f,선코스메틱 피부,화장품,두암시장주변 골목형상점가,골목형상점가,광주광역시,,,
cbfe94c2f373b8e0b337,full_annotation_v1,A,q_화장품_04,코스메틱,뷰티·미용 중 '화장품'을 판매·제공하는 매장,train,화장품,T2 동의어,6d0a9de8-3899-497f-a429-dd53ec867167,코스메틱뉴스킨피아,화장품,춘천지하상가,일반지하상점가,강원특별자치도,,,
d875a20a00bcddaaccfc,full_annotation_v1,A,q_화장품_04,코스메틱,뷰티·미용 중 '화장품'을 판매·제공하는 매장,train,화장품,T2 동의어,f3a291a8-392a-472a-8724-74cd102bad28,리메디필라테스 화정점,필라테스 운동,도군머리 골목형상점가,골목형상점가,광주광역시,,,
aa372d51a690b2081524,full_annotation_v1,A,q_화장품_04,코스메틱,뷰티·미용 중 '화장품'을 판매·제공하는 매장,train,화장품,T2 동의어,004a8de5-69c1-4c55-a507-54e016703431,마중물뷰티동,소매(화장품),은마종합상점가,자율상권구역,서울특별시,,,
a55ca032956d02100a13,full_annotation_v1,A,q_화장품_04,코스메틱,뷰티·미용 중 '화장품'을 판매·제공하는 매장,train,화장품,T2 동의어,326f29e9-e971-4bc0-8338-976828e41c3a,콜로필터스,커피,주월1동독립로 골목형상점가,골목형상점가,광주광역시,,,
ebd6f33bcc996833b506,full_annotation_v1,A,q_화장품_04,코스메틱,뷰티·미용 중 '화장품'을 판매·제공하는 매장,train,화장품,T2 동의어,0001b1fc-5455-433e-8e94-96d051362b17,유난희헤어샵,미용실,창원 대동그린코아상가,전통시장,경상남도,,,
af07b1d07279b2de7ef2,full_annotation_v1,A,q_화장품_04,코스메틱,뷰티·미용 중 '화장품'을 판매·제공하는 매장,train,화장품,T2 동의어,4c0a3ebe-bc73-4c55-a022-8edace2e7c32,문경이네,의류,부평깡통시장(구 부산부평시장),전통시장,부산광역시,,,
392a40ec5dba3eb80c46,full_annotation_v1,A,q_화장품_04,코스메틱,뷰티·미용 중 '화장품'을 판매·제공하는 매장,train,화장품,T2 동의어,75bc618e-37aa-4e2e-a9e9-bb39a6127319,라움안경,안경,효행구봉담상점가,골목형상점가,경기도,,,
00454b398d8a92d98ea6,full_annotation_v1,A,q_화장품_04,코스메틱,뷰티·미용 중 '화장품'을 판매·제공하는 매장,train,화장품,T2 동의어,c1ce115f-2488-44b5-a34b-ce1e40d0389a,춘천주물점,주물 및 철물제품,춘천중앙시장,전통시장,강원특별자치도,,,
1cc7fc81aadcffb24da6,full_annotation_v1,A,q_화장품_04,코스메틱,뷰티·미용 중 '화장품'을 판매·제공하는 매장,train,화장품,T2 동의어,000d8836-38bd-43a9-92f2-698d67d5926b,라미헤어스튜디오,미용실,포항중앙상가,전통시장,경상북도,,,
4741b17f60065c77c332,full_annotation_v1,A,q_화장품_04,코스메틱,뷰티·미용 중 '화장품'을 판매·제공하는 매장,train,화장품,T2 동의어,dd24a4dc-4df9-4b5f-90b9-59ed04a43a40,정주상회,과일,풍납시장,전통시장,서울특별시,,,
91a18219e7a5c52590ab,full_annotation_v1,A,q_화장품_04,코스메틱,뷰티·미용 중 '화장품'을 판매·제공하는 매장,train,화장품,T2 동의어,f4e569bb-15a8-43ec-b1dd-1ccf57032c9b,제니코스메틱,화장품,문흥진달래공원 골목형상점가,골목형상점가,광주광역시,,,
887711016e42b37e8157,full_annotation_v1,A,q_화장품_04,코스메틱,뷰티·미용 중 '화장품'을 판매·제공하는 매장,train,화장품,T2 동의어,3e7b588b-0af1-4a9c-8006-76548ce055e2,루에아 뷰티,"피부관리 서비스, 스킨케어",518먹자골목상인회 골목형상점가,골목형상점가,광주광역시,,,
ed1e98c38feb1c5042bb,full_annotation_v1,A,q_화장품_04,코스메틱,뷰티·미용 중 '화장품'을 판매·제공하는 매장,train,화장품,T2 동의어,a8ea4b42-ac82-4a14-99e5-b4313023bb03,비프코스메틱,화장품,영주문화시장,전통시장,경상북도,,,
f48c1d0e33ad9710b8d1,full_annotation_v1,A,q_화장품_04,코스메틱,뷰티·미용 중 '화장품'을 판매·제공하는 매장,train,화장품,T2 동의어,00e80339-1353-4885-81d7-0746a437abb2,포식 용인한숲시티점,쌀국수 돈까스 함박스테이크,남사한숲 골목형상점가,골목형상점가,경기도,,,
a2efb261b3de992e7c4b,full_annotation_v1,A,q_화장품_04,코스메틱,뷰티·미용 중 '화장품'을 판매·제공하는 매장,train,화장품,T2 동의어,3397165d-871b-48ce-8638-20e77c4571f0,최선애코스메틱,화장품,문화의거리 상점가,자율상권구역,울산광역시,,,
ebc49b568593140aab2c,full_annotation_v1,A,q_화장품_04,코스메틱,뷰티·미용 중 '화장품'을 판매·제공하는 매장,train,화장품,T2 동의어,04ede6f2-6489-4c97-8419-e602070b7946,타임뷰티,뷰티,맛조이상인회 골목형상점가,골목형상점가,광주광역시,,,
14906ab03a66af2cbb8f,full_annotation_v1,A,q_화장품_04,코스메틱,뷰티·미용 중 '화장품'을 판매·제공하는 매장,train,화장품,T2 동의어,d807acf9-8c55-44a7-8bc9-0dfb686e1dce,유니끄 코스메틱,화장품 및 미용기구,봉선1로 골목형상점가,골목형상점가,광주광역시,,,
1a7c5caf845016d7c2b1,full_annotation_v1,A,q_화장품_04,코스메틱,뷰티·미용 중 '화장품'을 판매·제공하는 매장,train,화장품,T2 동의어,0f315325-e6df-4ed4-909f-c10aef7dbf9b,보바왁싱,뷰티,일번지프라자 골목형상점가,골목형상점가,경기도,,,
6434babbd2f7de97d156,full_annotation_v1,A,q_화장품_04,코스메틱,뷰티·미용 중 '화장품'을 판매·제공하는 매장,train,화장품,T2 동의어,f4e9e9b6-7d0b-4070-ae62-111c41d2a309,경능코스메틱,화장품,원주중앙시장활성화구역,상권활성화구역,강원특별자치도,,,
bceaf62fe4ba31c6cf4f,full_annotation_v1,A,q_화장품_04,코스메틱,뷰티·미용 중 '화장품'을 판매·제공하는 매장,train,화장품,T2 동의어,39a31b6f-0d34-4c01-812b-c19d27e43fea,뷰티 고울 수,전신피부미용 스킨케어바디케어,용산지구 골목형상점가,골목형상점가,광주광역시,,,
069e1ec4d28d7712fff0,full_annotation_v1,A,q_화장품_04,코스메틱,뷰티·미용 중 '화장품'을 판매·제공하는 매장,train,화장품,T2 동의어,69f47c58-8450-4445-a55a-b1e6fad98062,로즈코스메틱,화장품 잡화 세제류 미용재료,송천동1가 골목형상점가,골목형상점가,전북특별자치도,,,
ef9764c98569e01d43e6,full_annotation_v1,A,q_화장품_04,코스메틱,뷰티·미용 중 '화장품'을 판매·제공하는 매장,train,화장품,T2 동의어,0ee0265b-7abb-48a9-b36b-1e2fc4219169,올가드림뷰티(온천장점),,SK 3차 골목형상점가,골목형상점가,부산광역시,,,
7523ad8ba34d83ac4c7a,full_annotation_v1,A,q_화장품_04,코스메틱,뷰티·미용 중 '화장품'을 판매·제공하는 매장,train,화장품,T2 동의어,dc0d8c81-fd3b-4b58-8722-b93e43d3ad0f,제이에스 코스메틱,"도소매(화장품), 소매업(의류)",원종고강제일시장(부천제일시장),전통시장,경기도,,,
1beff424816ad2e24adf,full_annotation_v1,A,q_화장품_04,코스메틱,뷰티·미용 중 '화장품'을 판매·제공하는 매장,train,화장품,T2 동의어,003cdc8a-95fe-43ea-8350-f4c63913a6f8,정선화장품,화장품,오천시장,전통시장,경상북도,,,
38309a0410b751293d29,full_annotation_v1,A,q_화장품_04,코스메틱,뷰티·미용 중 '화장품'을 판매·제공하는 매장,train,화장품,T2 동의어,bcdc6c80-059e-4246-8c90-9665c80e35b7,미야,의류,가좌시장,전통시장,인천광역시,,,
c5c13ae822a679786451,full_annotation_v1,A,q_화장품_04,코스메틱,뷰티·미용 중 '화장품'을 판매·제공하는 매장,train,화장품,T2 동의어,8e34714c-a6e4-442c-aeac-30dd9dcd6c35,제이코스메틱,화장품,정훈한마음골목시장,골목형상점가,서울특별시,,,
88ae30deebabf562ef35,full_annotation_v1,A,q_화장품_04,코스메틱,뷰티·미용 중 '화장품'을 판매·제공하는 매장,train,화장품,T2 동의어,f78624a6-fed2-45af-991a-ee62728654b2,에스엠 코스메틱,"소매업(화장품,잡화)",호계종합시장,전통시장,경기도,,,
535cf1aa77a363792d24,full_annotation_v1,A,q_화장품_04,코스메틱,뷰티·미용 중 '화장품'을 판매·제공하는 매장,train,화장품,T2 동의어,49eda4eb-cfdd-4e5d-8f7e-72ade638cc9d,완도건어물,건어물,장위전통시장,전통시장,서울특별시,,,
4e1c86616554c00cd4bd,full_annotation_v1,A,q_화장품_04,코스메틱,뷰티·미용 중 '화장품'을 판매·제공하는 매장,train,화장품,T2 동의어,001d63b0-b37c-4216-91a0-c9d4147a91b9,아워필라테스스튜디오,서비스,보람동 골목형상점가,골목형상점가,세종특별자치시,,,
e10b6e8c5d76f9764b90,full_annotation_v1,A,q_화장품_04,코스메틱,뷰티·미용 중 '화장품'을 판매·제공하는 매장,train,화장품,T2 동의어,82df976b-a04f-4908-bdbf-b1367ad42b6d,한서코스메틱,화장품,둔산2동 골목형상점가,골목형상점가,대전광역시,,,
5fec26565d0e27d872f1,full_annotation_v1,A,q_화장품_04,코스메틱,뷰티·미용 중 '화장품'을 판매·제공하는 매장,train,화장품,T2 동의어,00131122-77cf-4772-b141-202f0f950f5c,라라샵,화장품,유성신나는 골목형상점가,골목형상점가,대전광역시,,,
1c25834db0cb2805952e,full_annotation_v1,A,q_화장품_04,코스메틱,뷰티·미용 중 '화장품'을 판매·제공하는 매장,train,화장품,T2 동의어,00138176-f25b-4a96-9761-dd00f1a4dd28,보아스헤어아트,미용,봉제산길골목형상점가,골목형상점가,서울특별시,,,
b6eefabff90b5ad4cf15,full_annotation_v1,A,q_화장품_04,코스메틱,뷰티·미용 중 '화장품'을 판매·제공하는 매장,train,화장품,T2 동의어,2a7f1e06-832a-44f4-b488-6fd47f8b9496,박지안 바디엔 스킨케어,,정남진활력의거리 골목형상점가,골목형상점가,,,,
ea9de131516aef8a7189,full_annotation_v1,A,q_화장품_04,코스메틱,뷰티·미용 중 '화장품'을 판매·제공하는 매장,train,화장품,T2 동의어,0b0a8d5b-b8ad-4f7f-b44e-322522716847,코스메틱미홀릭,화장품 피부미용,익산동부시장 골목형상점가,골목형상점가,전북특별자치도,,,
a1121e5e258daf61db81,full_annotation_v1,A,q_화장품_04,코스메틱,뷰티·미용 중 '화장품'을 판매·제공하는 매장,train,화장품,T2 동의어,b2aaf77b-c2c2-4872-bfdf-9742a87f743d,하나로 코스메틱 종합 화장품,,수완중흥대방 골목형상점가,골목형상점가,광주광역시,,,
f3ac0d20b244f4f6c1d8,full_annotation_v1,A,q_화장품_04,코스메틱,뷰티·미용 중 '화장품'을 판매·제공하는 매장,train,화장품,T2 동의어,dd80403f-f84a-421a-885d-a9198fe6df46,박가부대 춘천강대점,부대찌개,강원대학교후문골목형상점가,골목형상점가,강원특별자치도,,,
738c732ece539bb089ca,full_annotation_v1,A,q_화장품_04,코스메틱,뷰티·미용 중 '화장품'을 판매·제공하는 매장,train,화장품,T2 동의어,379b0d1f-85fe-4a37-943e-35fc88d64745,샤론코스메틱,도소매업(화장품),미금현대벤처빌시장,전통시장,경기도,,,
e171811463782c5d6492,full_annotation_v1,A,q_화장품_04,코스메틱,뷰티·미용 중 '화장품'을 판매·제공하는 매장,train,화장품,T2 동의어,41f3c653-cbdb-493a-bb8a-7b49101badd2,엠제이코스메틱주식회사,,둔산2동 골목형상점가,골목형상점가,대전광역시,,,
d3094fd817ad93671e59,full_annotation_v1,A,q_화장품_04,코스메틱,뷰티·미용 중 '화장품'을 판매·제공하는 매장,train,화장품,T2 동의어,1ae4ac9c-9cb3-44ed-b8b1-05b1f0460c0a,진서희코스메틱,화장품,광주역앞교통광장 골목형상점가,골목형상점가,광주광역시,,,
3a40f560e725e706bdde,full_annotation_v1,A,q_화장품_04,코스메틱,뷰티·미용 중 '화장품'을 판매·제공하는 매장,train,화장품,T2 동의어,feb3ef84-c063-418e-b3e7-fb97f8b3f933,한일사,의류,중앙도매시장,전통시장,대전광역시,,,
3907516fe027cb411c55,full_annotation_v1,A,q_화장품_04,코스메틱,뷰티·미용 중 '화장품'을 판매·제공하는 매장,train,화장품,T2 동의어,1fd2b42e-0890-4233-b09f-fd2c93494bb4,리코스메틱,화장품,중앙공원상인회 골목형상점가,골목형상점가,광주광역시,,,
407e8864df84b7055ab0,full_annotation_v1,A,q_화장품_04,코스메틱,뷰티·미용 중 '화장품'을 판매·제공하는 매장,train,화장품,T2 동의어,63031bae-d326-4c61-9946-db509b89a8d9,제니코스메틱,화장품,문흥진달래공원 골목형상점가,골목형상점가,광주광역시,,,
c5a145a316caced7023a,full_annotation_v1,A,q_화장품_04,코스메틱,뷰티·미용 중 '화장품'을 판매·제공하는 매장,train,화장품,T2 동의어,3417ad49-dfd9-44da-b76c-09023311ae21,더미인나라,스킨케어두피케어 제품,호남동 골목형상점가,골목형상점가,광주광역시,,,
eb8df7ab4fd13153ffcb,full_annotation_v1,A,q_화장품_04,코스메틱,뷰티·미용 중 '화장품'을 판매·제공하는 매장,train,화장품,T2 동의어,19cf5daf-0a9d-4d76-b19b-19909c0d66ba,뉴핑크코스메틱,화장품,비단길현대시장,전통시장,서울특별시,,,
c7d43afdbf53a9e75e3b,full_annotation_v1,A,q_화장품_04,코스메틱,뷰티·미용 중 '화장품'을 판매·제공하는 매장,train,화장품,T2 동의어,0a7f0c23-7b25-48d2-a6b9-69c6b1d0173d,뷰티로다,,이안센트럴D 골목형상점가,골목형상점가,대구광역시,,,
7c3913876d120471990e,full_annotation_v1,A,q_화장품_04,코스메틱,뷰티·미용 중 '화장품'을 판매·제공하는 매장,train,화장품,T2 동의어,6210fd0a-1691-4ece-9fc6-9b5ad9cb33fc,비비 코스메틱,화장품,계수마을상인회 골목형상점가,골목형상점가,광주광역시,,,
9600324c49c93d404baf,full_annotation_v1,A,q_화장품_04,코스메틱,뷰티·미용 중 '화장품'을 판매·제공하는 매장,train,화장품,T2 동의어,a8da7850-62d0-475a-8931-631779a7eeed,그린코스메틱,화장품,소반시장 골목형상점가,골목형상점가,부산광역시,,,
7d74ee6761d4fa89a1a1,full_annotation_v1,A,q_화장품_04,코스메틱,뷰티·미용 중 '화장품'을 판매·제공하는 매장,train,화장품,T2 동의어,98c1a0da-2868-4aa9-9fb4-37311062fde6,브라더코스메틱,잡화 화장품,금촌문화로시장,전통시장,경기도,,,
9af90ca8f22c9891240b,full_annotation_v1,A,q_화장품_04,코스메틱,뷰티·미용 중 '화장품'을 판매·제공하는 매장,train,화장품,T2 동의어,26b74e90-e579-43ce-95c9-8de0e64b9505,제이코스메틱,화장품 및 비누,서구유통단지상인회 골목형상점가,골목형상점가,광주광역시,,,
6a4fe8627021085dbdc5,full_annotation_v1,A,q_화장품_05,화장품 가게,뷰티·미용 중 '화장품'을 판매·제공하는 매장,train,화장품,T2 동의어,5621bc4b-cd40-4f92-a84d-f752bcad2701,스켓치화장품,화장품,초량 이음자율상권,,부산광역시,,,
07d4edcfe8f662165e03,full_annotation_v1,A,q_화장품_05,화장품 가게,뷰티·미용 중 '화장품'을 판매·제공하는 매장,train,화장품,T2 동의어,3289cd30-9474-4d1b-ba09-48d454537988,소망 화장품(지지베),화장품,충주자유시장,전통시장,충청북도,,,
ec4d81e6d91c91fdce2f,full_annotation_v1,A,q_화장품_05,화장품 가게,뷰티·미용 중 '화장품'을 판매·제공하는 매장,train,화장품,T2 동의어,2aff4ec1-3422-4591-9052-75fa0851e04a,가인 화장품,화장품,쌍문시장(쌍문역골목시장),전통시장,서울특별시,,,
01baa5f9a1935de5096d,full_annotation_v1,A,q_화장품_05,화장품 가게,뷰티·미용 중 '화장품'을 판매·제공하는 매장,train,화장품,T2 동의어,0d233824-458b-4581-a849-40c01071c834,리즈뷰티,,송월동 택지 골목형상점가,골목형상점가,,,,
aa7ebe79ea70fc21b179,full_annotation_v1,A,q_화장품_05,화장품 가게,뷰티·미용 중 '화장품'을 판매·제공하는 매장,train,화장품,T2 동의어,ab133c7a-423d-42c9-9499-a7d72db1f6f2,슈퍼(체인점)화장품,화장품,구미종합상가,전통시장,경상북도,,,
617df308dd412f56aa8c,full_annotation_v1,A,q_화장품_05,화장품 가게,뷰티·미용 중 '화장품'을 판매·제공하는 매장,train,화장품,T2 동의어,3e7b588b-0af1-4a9c-8006-76548ce055e2,루에아 뷰티,"피부관리 서비스, 스킨케어",518먹자골목상인회 골목형상점가,골목형상점가,광주광역시,,,
7876d43c95b5b04ce45f,full_annotation_v1,A,q_화장품_05,화장품 가게,뷰티·미용 중 '화장품'을 판매·제공하는 매장,train,화장품,T2 동의어,6d471d32-2856-4de2-8e8c-ec0fd815664d,블루화장품,화장품,창원 가음시장대상가,전통시장,경상남도,,,
c7d1e35ad61afedc4463,full_annotation_v1,A,q_화장품_05,화장품 가게,뷰티·미용 중 '화장품'을 판매·제공하는 매장,train,화장품,T2 동의어,53c58d3f-1c3c-48b3-9abe-4135c41fa8b9,미래화장품,화장품,남구로시장,전통시장,서울특별시,,,
4783babfb04c22c82dc2,full_annotation_v1,A,q_화장품_05,화장품 가게,뷰티·미용 중 '화장품'을 판매·제공하는 매장,train,화장품,T2 동의어,7f2bb43c-317c-4a43-8f2a-398d283affbe,로덱스 화장품,화장품,창원 가음시장대상가,전통시장,경상남도,,,
f2fa00059b25370ae550,full_annotation_v1,A,q_화장품_05,화장품 가게,뷰티·미용 중 '화장품'을 판매·제공하는 매장,train,화장품,T2 동의어,19c899f2-2f68-4849-932e-8c3032c3dd2d,태후사랑,화장품,태평상가,골목형상점가,경기도,,,
5a52daa0098ba8eddc57,full_annotation_v1,A,q_화장품_05,화장품 가게,뷰티·미용 중 '화장품'을 판매·제공하는 매장,train,화장품,T2 동의어,55200191-d233-44f4-bada-2868616478c0,햇님식당,한식,옹달샘시장(구 충주남부시장),전통시장,충청북도,,,
62f4e838ce311c96f6df,full_annotation_v1,A,q_화장품_05,화장품 가게,뷰티·미용 중 '화장품'을 판매·제공하는 매장,train,화장품,T2 동의어,4d5efbd7-9f1e-49ff-9119-175a5b65d483,각시방 화장품,화장품,학장반도보라상가,전통시장,부산광역시,,,
348ec86aff5f709c1d63,full_annotation_v1,A,q_화장품_05,화장품 가게,뷰티·미용 중 '화장품'을 판매·제공하는 매장,train,화장품,T2 동의어,8258057e-05a9-45a9-a9d8-9e93314a6401,비엘(BL)화장품,화장품,달서시장,전통시장,대구광역시,,,
8159b73e3c05b645869b,full_annotation_v1,A,q_화장품_05,화장품 가게,뷰티·미용 중 '화장품'을 판매·제공하는 매장,train,화장품,T2 동의어,0ee0265b-7abb-48a9-b36b-1e2fc4219169,올가드림뷰티(온천장점),,SK 3차 골목형상점가,골목형상점가,부산광역시,,,
a2c1da46dccb109cbca5,full_annotation_v1,A,q_화장품_05,화장품 가게,뷰티·미용 중 '화장품'을 판매·제공하는 매장,train,화장품,T2 동의어,48e16b0a-91a9-412d-8e10-ce39a8df7341,비앙벨 화장품,화장품,염주상인회 골목형상점가,골목형상점가,광주광역시,,,
14444f36216aaa504013,full_annotation_v1,A,q_화장품_05,화장품 가게,뷰티·미용 중 '화장품'을 판매·제공하는 매장,train,화장품,T2 동의어,2c85b26a-0029-41fd-b9e2-915b94c532a6,진천잡화할인매장,주방용품,운수대통!생거진천전통시장,전통시장,충청북도,,,
9ab3269afbea452d76aa,full_annotation_v1,A,q_화장품_05,화장품 가게,뷰티·미용 중 '화장품'을 판매·제공하는 매장,train,화장품,T2 동의어,1114b6dc-e5dd-4638-8125-571c81bbe9b3,호이스킨케어,스킨케어,맛남길 골목형상점가,골목형상점가,강원특별자치도,,,
6a95d63de06f514259a4,full_annotation_v1,A,q_화장품_05,화장품 가게,뷰티·미용 중 '화장품'을 판매·제공하는 매장,train,화장품,T2 동의어,09085d74-4295-4219-b37a-0f650fb75f88,아름다운세상,화장품,종로신진시장,전통시장,서울특별시,,,
a9f41b9874883edbaa1b,full_annotation_v1,A,q_화장품_05,화장품 가게,뷰티·미용 중 '화장품'을 판매·제공하는 매장,train,화장품,T2 동의어,a6337b3f-8514-42ef-9807-564cde01688c,장스엄마,"잡화, 인형및침구",동산상가,전통시장,대구광역시,,,
38070a4c795835e93110,full_annotation_v1,A,q_화장품_05,화장품 가게,뷰티·미용 중 '화장품'을 판매·제공하는 매장,train,화장품,T2 동의어,001d63b0-b37c-4216-91a0-c9d4147a91b9,아워필라테스스튜디오,서비스,보람동 골목형상점가,골목형상점가,세종특별자치시,,,
c348cfe5a2dd49cd7898,full_annotation_v1,A,q_화장품_05,화장품 가게,뷰티·미용 중 '화장품'을 판매·제공하는 매장,train,화장품,T2 동의어,008c73ed-3ece-452b-aa49-b96b73ff1ba1,온결 스킨앤바디,화장품,가재마을 골목형상점가,골목형상점가,세종특별자치시,,,
826c56729f7800169d75,full_annotation_v1,A,q_화장품_05,화장품 가게,뷰티·미용 중 '화장품'을 판매·제공하는 매장,train,화장품,T2 동의어,860a0059-75a9-49fc-beaa-094ee65b0627,이사벨 화장품,화장품,구미새마을중앙시장,전통시장,경상북도,,,
64a46609907b0442a48f,full_annotation_v1,A,q_화장품_05,화장품 가게,뷰티·미용 중 '화장품'을 판매·제공하는 매장,train,화장품,T2 동의어,1f699a26-6615-4fe2-8dad-2ff4bc27203c,화장품 잡화,,서부시장(서부재래시장),전통시장,충청남도,,,
e42cbd8dbb772058c53a,full_annotation_v1,A,q_화장품_05,화장품 가게,뷰티·미용 중 '화장품'을 판매·제공하는 매장,train,화장품,T2 동의어,b847ff5b-6bd6-4458-8565-750c28aa58fa,태후사랑,화장품,풍암초앞상인회 골목형상점가,골목형상점가,광주광역시,,,
763f44ac9b774ced91c1,full_annotation_v1,A,q_화장품_05,화장품 가게,뷰티·미용 중 '화장품'을 판매·제공하는 매장,train,화장품,T2 동의어,04ede6f2-6489-4c97-8419-e602070b7946,타임뷰티,뷰티,맛조이상인회 골목형상점가,골목형상점가,광주광역시,,,
17ddcc6c551a7c4402b3,full_annotation_v1,A,q_화장품_05,화장품 가게,뷰티·미용 중 '화장품'을 판매·제공하는 매장,train,화장품,T2 동의어,d5fbd03d-a0da-4708-be77-6b8e3b3fe573,순화장품,화장품,안산다농마트전통시장,전통시장,경기도,,,
2942e626c060aafe6ed5,full_annotation_v1,A,q_화장품_05,화장품 가게,뷰티·미용 중 '화장품'을 판매·제공하는 매장,train,화장품,T2 동의어,04e1566d-2cb3-41c3-b46b-9d4017c03ee4,가나,화장품,용대로119번길 골목형상점가,골목형상점가,광주광역시,,,
e1c67a5db6988235b205,full_annotation_v1,A,q_화장품_05,화장품 가게,뷰티·미용 중 '화장품'을 판매·제공하는 매장,train,화장품,T2 동의어,0009149f-621a-493e-9fd1-252a8ac6c75b,글로리,미용실,중흥동 큰샘길 골목형상점가,골목형상점가,광주광역시,,,
1c9f160a0de0f3014dd8,full_annotation_v1,A,q_화장품_05,화장품 가게,뷰티·미용 중 '화장품'을 판매·제공하는 매장,train,화장품,T2 동의어,9cfeb8e3-1576-447f-90da-59186c7384f1,다온 화장품,화장품,신탄진시장,전통시장,대전광역시,,,
6b72ffe8f8e6276fd9f5,full_annotation_v1,A,q_화장품_05,화장품 가게,뷰티·미용 중 '화장품'을 판매·제공하는 매장,train,화장품,T2 동의어,4fbd373f-4818-4436-a073-42838e7af09b,애띠방,화장품,전주모래내시장,전통시장,전북특별자치도,,,
e38d6314baa6a33abbef,full_annotation_v1,A,q_화장품_05,화장품 가게,뷰티·미용 중 '화장품'을 판매·제공하는 매장,train,화장품,T2 동의어,c15b7d24-b90f-4edb-a4d7-38d243dad39e,가게,담배,대명시장,전통시장,대구광역시,,,
a2143aef6c982ef954e3,full_annotation_v1,A,q_화장품_05,화장품 가게,뷰티·미용 중 '화장품'을 판매·제공하는 매장,train,화장품,T2 동의어,d3e037d6-a1a7-4f9b-bbd1-01ae64e40277,태후사랑,화장품,신봉동 온누리 골목형상점가,골목형상점가,경기도,,,
2150423c319289d61ff6,full_annotation_v1,A,q_화장품_05,화장품 가게,뷰티·미용 중 '화장품'을 판매·제공하는 매장,train,화장품,T2 동의어,67045a10-41ce-4254-867e-3f29c7593769,화장품 마트,화장품,반여2동상가시장,전통시장,부산광역시,,,
f4ee79399c6ef581bdf8,full_annotation_v1,A,q_화장품_05,화장품 가게,뷰티·미용 중 '화장품'을 판매·제공하는 매장,train,화장품,T2 동의어,3183d21d-dd2a-406d-9f6b-ff3a4866474f,하늘가득 화장품,도소매(화장품),남부골목시장,전통시장,서울특별시,,,
d2ca522baee780b3c921,full_annotation_v1,A,q_화장품_05,화장품 가게,뷰티·미용 중 '화장품'을 판매·제공하는 매장,train,화장품,T2 동의어,70eb0ff6-4727-4c26-899d-eda982d640c6,예뻐지는 화장품,화장품,성동용답상가시장,전통시장,서울특별시,,,
deff7c35c42691e42b20,full_annotation_v1,A,q_화장품_05,화장품 가게,뷰티·미용 중 '화장품'을 판매·제공하는 매장,train,화장품,T2 동의어,5d79f4e1-5919-4815-bfa3-b8276b8b6c16,엑소더마 화장품,화장품,발안만세시장(구 발안시장),전통시장,경기도,,,
d39385382f6857450689,full_annotation_v1,A,q_화장품_05,화장품 가게,뷰티·미용 중 '화장품'을 판매·제공하는 매장,train,화장품,T2 동의어,363501da-13e6-4741-9756-794f351d340e,가좌화장품,화장품,가좌시장,전통시장,인천광역시,,,
a3bb020414208fc2808a,full_annotation_v1,A,q_화장품_05,화장품 가게,뷰티·미용 중 '화장품'을 판매·제공하는 매장,train,화장품,T2 동의어,42a05e96-34f9-42b3-910f-e38d86fcaa0d,베르니아 화장품,화장품,광명전통시장,전통시장,경기도,,,
61b4522287ba1ed2ce74,full_annotation_v1,A,q_화장품_05,화장품 가게,뷰티·미용 중 '화장품'을 판매·제공하는 매장,train,화장품,T2 동의어,1f954869-5905-4a02-980a-50ad8533496e,진 화장품,화장품,달아실 골목형상점가,골목형상점가,광주광역시,,,
89057340b31e89dadf88,full_annotation_v1,A,q_화장품_05,화장품 가게,뷰티·미용 중 '화장품'을 판매·제공하는 매장,train,화장품,T2 동의어,28a8355a-d0d5-441c-b261-2a6590f6249a,하얀2 화장품,화장품,북수원시장( 구 파장시장),전통시장,경기도,,,
f0d48084609d4a776f5e,full_annotation_v1,A,q_화장품_05,화장품 가게,뷰티·미용 중 '화장품'을 판매·제공하는 매장,train,화장품,T2 동의어,fa40537c-124c-45bb-bda5-1e079118b0c8,태백산식당튀김,,황지자유시장,전통시장,강원특별자치도,,,
724c5d8ed6ac0866fd07,full_annotation_v1,A,q_화장품_05,화장품 가게,뷰티·미용 중 '화장품'을 판매·제공하는 매장,train,화장품,T2 동의어,52a912b5-3522-4b35-b98d-f1564269b7d9,태후사랑,화장품,상암마을상인회 골목형상점가,골목형상점가,광주광역시,,,
e9e4ee003324ff5052b4,full_annotation_v1,A,q_화장품_05,화장품 가게,뷰티·미용 중 '화장품'을 판매·제공하는 매장,train,화장품,T2 동의어,6c831555-1e8b-4a1b-807f-342c07ab2296,소망화장품,화장품,부여도심 상권활성화구역,상권활성화구역,충청남도,,,
d3ea43bbc7ee4150a3b2,full_annotation_v1,A,q_화장품_05,화장품 가게,뷰티·미용 중 '화장품'을 판매·제공하는 매장,train,화장품,T2 동의어,e0774804-7f75-40bf-afbe-ef0a4f164204,란제리 화장품,화장품,발안만세시장(구 발안시장),전통시장,경기도,,,
385a91f149e2433ed99f,full_annotation_v1,A,q_화장품_05,화장품 가게,뷰티·미용 중 '화장품'을 판매·제공하는 매장,train,화장품,T2 동의어,5cabc01f-fef1-4cc8-8598-fde0099ab014,스윙하우스,숙녀복,진해중앙시장,전통시장,경상남도,,,
afda3d6da79a0634d4c0,full_annotation_v1,A,q_화장품_05,화장품 가게,뷰티·미용 중 '화장품'을 판매·제공하는 매장,train,화장품,T2 동의어,d8ff42b9-3bc9-4e4c-be6e-55ae09e26c57,셀트,화장품,월드밸리,전통시장,부산광역시,,,
a63cd01e94039b6c173c,full_annotation_v1,A,q_화장품_05,화장품 가게,뷰티·미용 중 '화장품'을 판매·제공하는 매장,train,화장품,T2 동의어,4128e81b-d433-46d9-8a5c-c02636ab14c0,두별화장품,화장품,조암시장,전통시장,경기도,,,
eff20bc7a5a01f3afa5c,full_annotation_v1,A,q_화장품_05,화장품 가게,뷰티·미용 중 '화장품'을 판매·제공하는 매장,train,화장품,T2 동의어,048c7063-48a2-411c-af7b-9c7542f5af36,화장품뷰티몰,화장품,괴정골목시장,전통시장,부산광역시,,,
38a36abd264f46f8f38a,full_annotation_v1,A,q_화장품_05,화장품 가게,뷰티·미용 중 '화장품'을 판매·제공하는 매장,train,화장품,T2 동의어,4413a139-e195-4232-812d-9fa304fe6415,윤결미,화장품,흑석동 골목형상점가,골목형상점가,광주광역시,,,
f2151c6f80ff58ece895,full_annotation_v1,A,q_화장품_05,화장품 가게,뷰티·미용 중 '화장품'을 판매·제공하는 매장,train,화장품,T2 동의어,8f1ab898-c235-484c-8412-21943c8b7a2d,하은이네반찬 가게,채소,용호1동골목시장,전통시장,부산광역시,,,
6944d224d9c23cc4bff0,full_annotation_v1,A,q_화장품_05,화장품 가게,뷰티·미용 중 '화장품'을 판매·제공하는 매장,train,화장품,T2 동의어,7c443c40-0601-435e-9de7-e38870f50450,화장품천국,화장품,옥골시장,전통시장,울산광역시,,,
23616d1eea1a73948726,full_annotation_v1,A,q_화장품_05,화장품 가게,뷰티·미용 중 '화장품'을 판매·제공하는 매장,train,화장품,T2 동의어,0ff24615-4ad7-4e5b-abaf-29b9d277810e,정회 화장품,화장품,동원전통시장상점가,자율상권구역,서울특별시,,,
84ddd765c1fd561ae6af,full_annotation_v1,A,q_화장품_05,화장품 가게,뷰티·미용 중 '화장품'을 판매·제공하는 매장,train,화장품,T2 동의어,003cdc8a-95fe-43ea-8350-f4c63913a6f8,정선화장품,화장품,오천시장,전통시장,경상북도,,,
b23ff96365e44da2655c,full_annotation_v1,A,q_화장품_05,화장품 가게,뷰티·미용 중 '화장품'을 판매·제공하는 매장,train,화장품,T2 동의어,df91f0e1-3d54-41df-8937-725efdf7cc5d,스타화장품,화장품,시장로타리지하상가,일반지하상점가,인천광역시,,,
096c86effe9a3bfc3811,full_annotation_v1,A,q_화장품_05,화장품 가게,뷰티·미용 중 '화장품'을 판매·제공하는 매장,train,화장품,T2 동의어,3531ad10-6f9d-4e70-9717-b442eb667322,미젤 화장품,,도마달 골목형상점가,골목형상점가,대전광역시,,,
39922124784008c4c61f,full_annotation_v1,A,q_화장품_05,화장품 가게,뷰티·미용 중 '화장품'을 판매·제공하는 매장,train,화장품,T2 동의어,004a8de5-69c1-4c55-a507-54e016703431,마중물뷰티동,소매(화장품),은마종합상점가,자율상권구역,서울특별시,,,
d25ef915da68402483b5,full_annotation_v1,A,q_화장품_05,화장품 가게,뷰티·미용 중 '화장품'을 판매·제공하는 매장,train,화장품,T2 동의어,b2aaf77b-c2c2-4872-bfdf-9742a87f743d,하나로 코스메틱 종합 화장품,,수완중흥대방 골목형상점가,골목형상점가,광주광역시,,,
afecab6d35f772eb518d,full_annotation_v1,A,q_화장품_05,화장품 가게,뷰티·미용 중 '화장품'을 판매·제공하는 매장,train,화장품,T2 동의어,7d04c7a3-d359-4185-b637-46fa74c82379,지(G)화장품,화장품,518먹자골목상인회 골목형상점가,골목형상점가,광주광역시,,,
3c4385f6ec25142bb7af,full_annotation_v1,A,q_화장품_05,화장품 가게,뷰티·미용 중 '화장품'을 판매·제공하는 매장,train,화장품,T2 동의어,7683aea7-645e-4a86-8398-6e78c2872e99,화장품 마트,화장품,정이있는 구포시장,전통시장,부산광역시,,,
b149429172a07f8e1d0f,full_annotation_v1,A,q_화장품_05,화장품 가게,뷰티·미용 중 '화장품'을 판매·제공하는 매장,train,화장품,T2 동의어,03556890-a970-4fbe-9dcd-92316614862e,화장품 백화점,화장품 생활용품,안성 전통 옛장터길 골목형상점가,골목형상점가,경기도,,,
1b7ab29b650cab7b5491,full_annotation_v1,A,q_화장품_05,화장품 가게,뷰티·미용 중 '화장품'을 판매·제공하는 매장,train,화장품,T2 동의어,d51bb28c-7b90-4786-923f-16b299e1d65d,연지곤지 화장품,화장품,우정전통시장,전통시장,울산광역시,,,
1a16f7be1316ec5b9942,full_annotation_v1,A,q_화장품_05,화장품 가게,뷰티·미용 중 '화장품'을 판매·제공하는 매장,train,화장품,T2 동의어,f5fcd56b-89e6-4719-99f4-2f807524366d,더페이스샵 화장품,화장품,"온양온천시장(온양재래시장, 전통시장)",전통시장,충청남도,,,
a191fcf6d5a8fc97ff49,full_annotation_v1,A,q_화장품_05,화장품 가게,뷰티·미용 중 '화장품'을 판매·제공하는 매장,train,화장품,T2 동의어,00222f52-5d1f-4fb1-b0a6-7b4864ce177f,아리따움서대문연희점,화장품,연희사러가,전통시장,서울특별시,,,
552db9311b22361bd025,full_annotation_v1,A,q_화장품_05,화장품 가게,뷰티·미용 중 '화장품'을 판매·제공하는 매장,train,화장품,T2 동의어,f2ea2526-449b-4058-b028-2dba1ff266af,홍광상회,"고춧가루, 채소",청주북부시장,전통시장,충청북도,,,
f94e6ff3e4f8ae42c359,full_annotation_v1,A,q_화장품_05,화장품 가게,뷰티·미용 중 '화장품'을 판매·제공하는 매장,train,화장품,T2 동의어,eb85bc78-3cba-4401-8426-e3ee7cc9af56,화장품 백화점,화장품,수영팔도시장(구 수영팔도상가시장),전통시장,부산광역시,,,
6919e6311b4891b36eee,full_annotation_v1,A,q_화장품_05,화장품 가게,뷰티·미용 중 '화장품'을 판매·제공하는 매장,train,화장품,T2 동의어,954309bc-df6d-48a8-9f8d-d4ff97316c87,화장품천국,화장품,임방울거리1구역 골목형상점가,골목형상점가,광주광역시,,,
9d2f957da71b8521b411,full_annotation_v1,A,q_화장품_05,화장품 가게,뷰티·미용 중 '화장품'을 판매·제공하는 매장,train,화장품,T2 동의어,a71b73ba-5eac-49d7-af8e-bc463f212bda,또와유식당,한식,서부시장(서부재래시장),전통시장,충청남도,,,
fb5c48c95f1fefd75377,full_annotation_v1,A,q_화장품_05,화장품 가게,뷰티·미용 중 '화장품'을 판매·제공하는 매장,train,화장품,T2 동의어,41f3c653-cbdb-493a-bb8a-7b49101badd2,엠제이코스메틱주식회사,,둔산2동 골목형상점가,골목형상점가,대전광역시,,,
84f21e717e5e9f76ed7b,full_annotation_v1,A,q_화장품_05,화장품 가게,뷰티·미용 중 '화장품'을 판매·제공하는 매장,train,화장품,T2 동의어,485bd704-f298-4e55-86ed-cc781b9b0375,소망화장품,화장품,마천중앙시장,전통시장,서울특별시,,,
bd6addd4a8e9987df8e5,full_annotation_v1,A,q_화장품_05,화장품 가게,뷰티·미용 중 '화장품'을 판매·제공하는 매장,train,화장품,T2 동의어,a31e598a-ae3f-4f19-b62f-b447259c1416,흑백화장품,화장품,맘모스상가 골목형상점가,골목형상점가,부산광역시,,,
43682c92aa4b816c1929,full_annotation_v1,A,q_화장품_05,화장품 가게,뷰티·미용 중 '화장품'을 판매·제공하는 매장,train,화장품,T2 동의어,8b868c0a-fa3a-45fa-94ca-2092b4b5f33e,상명상회,야채류,의정부청과야채시장,전통시장,경기도,,,
a031acfc4a7c60c3f009,full_annotation_v1,A,q_화장품_05,화장품 가게,뷰티·미용 중 '화장품'을 판매·제공하는 매장,train,화장품,T2 동의어,19eeb638-6694-402a-a234-71c2b828bc59,화장품,화장품,우이골목시장골목형상점가,골목형상점가,서울특별시,,,
21775ecfd5ee56e9d9a3,full_annotation_v1,A,q_화장품_05,화장품 가게,뷰티·미용 중 '화장품'을 판매·제공하는 매장,train,화장품,T2 동의어,d3ecd454-0b6b-46cc-86b0-2cc70affe862,황진호,수산물,소래포구전통어시장,전통시장,인천광역시,,,
ab5d7603271dc72eaf5c,full_annotation_v1,A,q_화장품_05,화장품 가게,뷰티·미용 중 '화장품'을 판매·제공하는 매장,train,화장품,T2 동의어,0001b1fc-5455-433e-8e94-96d051362b17,유난희헤어샵,미용실,창원 대동그린코아상가,전통시장,경상남도,,,
0689d0796f0ce86a0ab6,full_annotation_v1,A,q_화장품_05,화장품 가게,뷰티·미용 중 '화장품'을 판매·제공하는 매장,train,화장품,T2 동의어,a5a7ae98-7f9b-4751-8658-f0df6787d3dc,태후사랑,화장품,관문상가시장,전통시장,대구광역시,,,
f0e13e12202d1c1dee59,full_annotation_v1,A,q_화장품_05,화장품 가게,뷰티·미용 중 '화장품'을 판매·제공하는 매장,train,화장품,T2 동의어,fe6bbd24-a9a3-4750-843b-54154b113fe7,예솔이 화장품,화장품,법원 앞 사과마을 골목형상점가,골목형상점가,광주광역시,,,
0536d3c08194feccc865,full_annotation_v1,A,q_화장품_05,화장품 가게,뷰티·미용 중 '화장품'을 판매·제공하는 매장,train,화장품,T2 동의어,4e5fb766-62f9-40b9-8eed-24b64425cb4a,태후사랑,화장품,화정한울타리상인회 골목형상점가,골목형상점가,광주광역시,,,
ab876278759409788c0b,full_annotation_v1,A,q_화장품_05,화장품 가게,뷰티·미용 중 '화장품'을 판매·제공하는 매장,train,화장품,T2 동의어,c74e3b87-89db-4284-be87-ffaf30cb0001,회#,수산물,당진전통시장,전통시장,충청남도,,,
98c528e87b4377bccc25,full_annotation_v1,A,q_화장품_05,화장품 가게,뷰티·미용 중 '화장품'을 판매·제공하는 매장,train,화장품,T2 동의어,62e5716d-69b0-48c7-af56-25ba9abcef19,쥬단학화장품,화장품,울진시장(울진바지게시장),전통시장,경상북도,,,
a8722e8bbfcf624922cd,full_annotation_v1,A,q_화장품_05,화장품 가게,뷰티·미용 중 '화장품'을 판매·제공하는 매장,train,화장품,T2 동의어,fd281ad7-fdfe-477e-b4cb-4074d3224652,민혜화장품,화장품,시흥삼미시장,전통시장,경기도,,,
5a0dceae67c7967450ad,full_annotation_v1,A,q_화장품_05,화장품 가게,뷰티·미용 중 '화장품'을 판매·제공하는 매장,train,화장품,T2 동의어,4ecb7f69-cfc0-4f2c-a7ba-50d8f0898832,보떼 화장품,화장품,전곡중앙상가 골목형상점가,골목형상점가,경기도,,,
f5caa670991d19db7f6c,full_annotation_v1,A,q_화장품_05,화장품 가게,뷰티·미용 중 '화장품'을 판매·제공하는 매장,train,화장품,T2 동의어,3558a0a1-eb2b-491e-9990-fd448dc27077,화장품짱,화장품,부전상가시장,전통시장,부산광역시,,,
4712d80a51be46c4f816,full_annotation_v1,A,q_화장품_05,화장품 가게,뷰티·미용 중 '화장품'을 판매·제공하는 매장,train,화장품,T2 동의어,39a31b6f-0d34-4c01-812b-c19d27e43fea,뷰티 고울 수,전신피부미용 스킨케어바디케어,용산지구 골목형상점가,골목형상점가,광주광역시,,,
e5d18341adaf83d573cf,full_annotation_v1,A,q_화장품_05,화장품 가게,뷰티·미용 중 '화장품'을 판매·제공하는 매장,train,화장품,T2 동의어,2ce3570b-16d5-451f-b441-12b5b0ffd802,화장품,,잠실 장미종합상가 골목형상점가,골목형상점가,서울특별시,,,
823d9dfa1336e78daabb,full_annotation_v1,A,q_화장품_05,화장품 가게,뷰티·미용 중 '화장품'을 판매·제공하는 매장,train,화장품,T2 동의어,00138176-f25b-4a96-9761-dd00f1a4dd28,보아스헤어아트,미용,봉제산길골목형상점가,골목형상점가,서울특별시,,,
7adad2d78423da478a08,full_annotation_v1,A,q_화장품_05,화장품 가게,뷰티·미용 중 '화장품'을 판매·제공하는 매장,train,화장품,T2 동의어,6139e039-5606-406d-b18a-52dc81c11bac,퀸화장품,화장품,청학시장,전통시장,부산광역시,,,
1ae11525d834d17742c5,full_annotation_v1,A,q_화장품_05,화장품 가게,뷰티·미용 중 '화장품'을 판매·제공하는 매장,train,화장품,T2 동의어,c7ab818b-e470-4638-9785-fac6d63616b3,유정쫄면,음식,건천시장,전통시장,경상북도,,,
04c27838df302a5e6f7e,full_annotation_v1,A,q_화장품_05,화장품 가게,뷰티·미용 중 '화장품'을 판매·제공하는 매장,train,화장품,T2 동의어,b43a0cc5-bd49-437b-aea5-fea680a2a158,화장품천국,화장품,반송시장,전통시장,부산광역시,,,
19f344a0a78d05a39852,full_annotation_v1,A,q_화장품_05,화장품 가게,뷰티·미용 중 '화장품'을 판매·제공하는 매장,train,화장품,T2 동의어,2f69bec8-306e-4a50-ab87-a908eec2934a,자이 화장품,화장품,안양중앙인정시장,전통시장,경기도,,,
9a113b8a3c41582e1137,full_annotation_v1,A,q_화장품_05,화장품 가게,뷰티·미용 중 '화장품'을 판매·제공하는 매장,train,화장품,T2 동의어,0a7f0c23-7b25-48d2-a6b9-69c6b1d0173d,뷰티로다,,이안센트럴D 골목형상점가,골목형상점가,대구광역시,,,
c96a1beb8f778ecaaf7c,full_annotation_v1,A,q_화장품_05,화장품 가게,뷰티·미용 중 '화장품'을 판매·제공하는 매장,train,화장품,T2 동의어,c9fa67ba-4528-44e9-8435-c1278d4bc288,땟깔화장품,화장품,양산 덕계종합상설시장,전통시장,경상남도,,,
7a9f96e1a63937440edc,full_annotation_v1,A,q_화장품_05,화장품 가게,뷰티·미용 중 '화장품'을 판매·제공하는 매장,train,화장품,T2 동의어,d38eda3c-ecf7-49ae-9051-f341b1ac8632,태후사랑,화장품,과천중앙동상점가,자율상권구역,경기도,,,
010207d7a73f75316463,full_annotation_v1,A,q_화장품_05,화장품 가게,뷰티·미용 중 '화장품'을 판매·제공하는 매장,train,화장품,T2 동의어,aff69bd3-40fc-46d9-90d3-8baf69548bee,샤벨화장품,화장품,세종전통시장,전통시장,세종특별자치시,,,
efa1a6aed58b1fd6cdfa,full_annotation_v1,A,q_화장품_05,화장품 가게,뷰티·미용 중 '화장품'을 판매·제공하는 매장,train,화장품,T2 동의어,d7744529-3bbf-41db-b7dd-3ebf25b40870,신발할인매장,신발,신도꼼지락시장,전통시장,대전광역시,,,
4e01e3df9f480a5e70a6,full_annotation_v1,A,q_화장품_05,화장품 가게,뷰티·미용 중 '화장품'을 판매·제공하는 매장,train,화장품,T2 동의어,7fef9da1-c2fa-480f-a2f5-c0397bca26de,피부짱화장품,화장품,역곡상상시장(구 역곡북부시장),전통시장,경기도,,,
63b3800d6e198b2129f4,full_annotation_v1,A,q_화장품_05,화장품 가게,뷰티·미용 중 '화장품'을 판매·제공하는 매장,train,화장품,T2 동의어,897d84d6-51a0-4b4b-a71b-b87033e13a72,경현화장품,화장품,사직시장,전통시장,부산광역시,,,
e1d767b6a7ab1fedd3e2,full_annotation_v1,A,q_화장품_05,화장품 가게,뷰티·미용 중 '화장품'을 판매·제공하는 매장,train,화장품,T2 동의어,58dba530-c10f-441c-a5df-9e8bf6b27415,세니떼 화장품,화장품,강진읍 상권활성화구역,상권활성화구역,전라남도,,,
c681501fd12b55fe42d0,full_annotation_v1,A,q_화장품_05,화장품 가게,뷰티·미용 중 '화장품'을 판매·제공하는 매장,train,화장품,T2 동의어,372a3cd7-9f90-447c-b312-29c2c63333d2,진흥종합상사 (화장품 &TRY),화장품,원미종합시장,전통시장,경기도,,,
c863cfb6ac5da108eacb,full_annotation_v1,A,q_화장품_05,화장품 가게,뷰티·미용 중 '화장품'을 판매·제공하는 매장,train,화장품,T2 동의어,3e5911a8-f461-417f-bce7-d3ffeb0ae89e,임마누엘,내의및란제리,갈마프라자 골목형상점가,골목형상점가,대전광역시,,,
fcf0f13e4ed912eb3d1a,full_annotation_v1,A,q_화장품_05,화장품 가게,뷰티·미용 중 '화장품'을 판매·제공하는 매장,train,화장품,T2 동의어,b09f4f06-3e20-4f74-92c3-4ca447129a3e,색연필,문구,낭월 빛담길 골목형상점가,골목형상점가,대전광역시,,,
8dd9c35a8356825881c6,full_annotation_v1,A,q_화장품_05,화장품 가게,뷰티·미용 중 '화장품'을 판매·제공하는 매장,train,화장품,T2 동의어,0017ec9c-4997-4ef5-a552-7fffc7dd149c,아리따움 진주서부점,화장품,진주 새서부시장,전통시장,경상남도,,,
aca4984dcc514e2117b1,full_annotation_v1,A,q_화장품_05,화장품 가게,뷰티·미용 중 '화장품'을 판매·제공하는 매장,train,화장품,T2 동의어,e980ca69-b7cf-4d31-b12b-101332012eea,예쁘다 화장품,화장품,충주자유시장,전통시장,충청북도,,,
eb95b49ecf7033c4cd1d,full_annotation_v1,A,q_화장품_05,화장품 가게,뷰티·미용 중 '화장품'을 판매·제공하는 매장,train,화장품,T2 동의어,edf854d3-13fa-47ee-99d7-3fababf99ec0,보싸크,화장품,평화시장,전통시장,서울특별시,,,
39eae834e4a8ed2ca12a,full_annotation_v1,A,q_화장품_05,화장품 가게,뷰티·미용 중 '화장품'을 판매·제공하는 매장,train,화장품,T2 동의어,00131122-77cf-4772-b141-202f0f950f5c,라라샵,화장품,유성신나는 골목형상점가,골목형상점가,대전광역시,,,
382c9da01908f52d62ab,full_annotation_v1,A,q_화장품_05,화장품 가게,뷰티·미용 중 '화장품'을 판매·제공하는 매장,train,화장품,T2 동의어,caa6cf2f-91b3-4bd9-a57a-cdb4fadf3cb3,빨간입술 화장품,화장품,당감골목시장,전통시장,부산광역시,,,
ad3dc2792562863ea380,full_annotation_v1,A,q_화장품_05,화장품 가게,뷰티·미용 중 '화장품'을 판매·제공하는 매장,train,화장품,T2 동의어,36c76327-b17c-49aa-b4d6-7d4e0891acba,지은이네 화장품,화장품,안성맞춤시장,전통시장,경기도,,,
fa2351e419816179240b,full_annotation_v1,A,q_화장품_05,화장품 가게,뷰티·미용 중 '화장품'을 판매·제공하는 매장,train,화장품,T2 동의어,9d9c72ae-6ed1-4339-b6f2-9ea43cea81c5,필화장품,화장품,두암사거리 골목형상점가,골목형상점가,광주광역시,,,
374cbcb4e1e3ec939c46,full_annotation_v1,A,q_화장품_05,화장품 가게,뷰티·미용 중 '화장품'을 판매·제공하는 매장,train,화장품,T2 동의어,000d8836-38bd-43a9-92f2-698d67d5926b,라미헤어스튜디오,미용실,포항중앙상가,전통시장,경상북도,,,
9fdfbc5a3da8a907ce16,full_annotation_v1,A,q_화장품_05,화장품 가게,뷰티·미용 중 '화장품'을 판매·제공하는 매장,train,화장품,T2 동의어,2b9a760e-5ee7-4234-985b-75c54b3adf66,나루터식당,한식,백년소상공인,기타,충청남도,,,
4fe6190fbd5c5f8358c8,full_annotation_v1,A,q_화장품_05,화장품 가게,뷰티·미용 중 '화장품'을 판매·제공하는 매장,train,화장품,T2 동의어,8afe54e0-103c-41f5-9834-68a1ccb1aca2,화장품,화장품,월배시장,전통시장,대구광역시,,,
572b39be399a7208d630,full_annotation_v1,A,q_화장품_05,화장품 가게,뷰티·미용 중 '화장품'을 판매·제공하는 매장,train,화장품,T2 동의어,4bea9e69-4d21-4628-aab9-b502758248d0,예가중부지부,도소매(기타),남대문로 지하도상가,일반지하상점가,서울특별시,,,
70f2de9a4f7aaf601c98,full_annotation_v1,A,q_화장품_05,화장품 가게,뷰티·미용 중 '화장품'을 판매·제공하는 매장,train,화장품,T2 동의어,98f618f8-f4af-41db-9266-818632b511d6,미람화장품,화장품,정릉서경대길골목형상점가(정릉골),골목형상점가,서울특별시,,,
2720c1c7ffc568995923,full_annotation_v1,A,q_화장품_05,화장품 가게,뷰티·미용 중 '화장품'을 판매·제공하는 매장,train,화장품,T2 동의어,3417ad49-dfd9-44da-b76c-09023311ae21,더미인나라,스킨케어두피케어 제품,호남동 골목형상점가,골목형상점가,광주광역시,,,
720385bc2bcd117c6272,full_annotation_v1,A,q_화장품_05,화장품 가게,뷰티·미용 중 '화장품'을 판매·제공하는 매장,train,화장품,T2 동의어,cada6b06-1003-43af-9441-81aad2b0d684,화장품박사,화장품,벽산황계로 골목형상점가,골목형상점가,광주광역시,,,
c2855317d893b6711f2b,full_annotation_v1,A,q_화장품_05,화장품 가게,뷰티·미용 중 '화장품'을 판매·제공하는 매장,train,화장품,T2 동의어,2a7f1e06-832a-44f4-b488-6fd47f8b9496,박지안 바디엔 스킨케어,,정남진활력의거리 골목형상점가,골목형상점가,,,,
06f047eb1ead020ffe8f,full_annotation_v1,A,q_화장품_05,화장품 가게,뷰티·미용 중 '화장품'을 판매·제공하는 매장,train,화장품,T2 동의어,0f315325-e6df-4ed4-909f-c10aef7dbf9b,보바왁싱,뷰티,일번지프라자 골목형상점가,골목형상점가,경기도,,,
5dd4bcbad9886ef09a33,full_annotation_v1,A,q_화장품_06,샴푸,뷰티·미용 중 '화장품'을 판매·제공하는 매장,train,화장품,T3 개념확장,23dde036-7a5b-4af0-82e2-573914b427da,와우순대국 신봉점,한식,신봉동 온누리 골목형상점가,골목형상점가,경기도,,,
f67c59d374da0ca0365d,full_annotation_v1,A,q_화장품_06,샴푸,뷰티·미용 중 '화장품'을 판매·제공하는 매장,train,화장품,T3 개념확장,d44649f0-2793-4994-a1d2-3ec161a62146,차푸,중식,백련시장,전통시장,서울특별시,,,
f346d675626edd0351f3,full_annotation_v1,A,q_화장품_06,샴푸,뷰티·미용 중 '화장품'을 판매·제공하는 매장,train,화장품,T3 개념확장,ba3855e1-0e72-433b-bec7-e459efbeb87a,루비살롱,샴푸,매곡 사랑길 골목형상점가,골목형상점가,광주광역시,,,
e7bd1b9c9e7f3e503fcf,full_annotation_v1,A,q_화장품_06,샴푸,뷰티·미용 중 '화장품'을 판매·제공하는 매장,train,화장품,T3 개념확장,3f322c1a-ea96-4f33-8f59-dde49733bfef,더이룸하우스 동천파크,샴푸,동천동먹자골목1번가상인회 골목형상점가,골목형상점가,광주광역시,,,
f3097133504a4a1a91da,full_annotation_v1,A,q_화장품_06,샴푸,뷰티·미용 중 '화장품'을 판매·제공하는 매장,train,화장품,T3 개념확장,d373d759-1235-42d7-b71f-e2294027bdb6,수싸롱,샴푸 린스,풍향골 골목형상점가,골목형상점가,광주광역시,,,
45201b0c1e8fd5153cbb,full_annotation_v1,A,q_화장품_06,샴푸,뷰티·미용 중 '화장품'을 판매·제공하는 매장,train,화장품,T3 개념확장,0001b1fc-5455-433e-8e94-96d051362b17,유난희헤어샵,미용실,창원 대동그린코아상가,전통시장,경상남도,,,
410a895c10d2ca164e93,full_annotation_v1,A,q_화장품_06,샴푸,뷰티·미용 중 '화장품'을 판매·제공하는 매장,train,화장품,T3 개념확장,7c8f9067-050e-4acb-8aed-f924be6c4129,하루두피광주주월점,샴푸,주월1동서문대로 골목형상점가,골목형상점가,광주광역시,,,
c10eb00dff2d34cbedf6,full_annotation_v1,A,q_화장품_06,샴푸,뷰티·미용 중 '화장품'을 판매·제공하는 매장,train,화장품,T3 개념확장,0d233824-458b-4581-a849-40c01071c834,리즈뷰티,,송월동 택지 골목형상점가,골목형상점가,,,,
5f89810b5177f1e90883,full_annotation_v1,A,q_화장품_06,샴푸,뷰티·미용 중 '화장품'을 판매·제공하는 매장,train,화장품,T3 개념확장,00131122-77cf-4772-b141-202f0f950f5c,라라샵,화장품,유성신나는 골목형상점가,골목형상점가,대전광역시,,,
70b583315c742ef375ff,full_annotation_v1,A,q_화장품_06,샴푸,뷰티·미용 중 '화장품'을 판매·제공하는 매장,train,화장품,T3 개념확장,0a7f0c23-7b25-48d2-a6b9-69c6b1d0173d,뷰티로다,,이안센트럴D 골목형상점가,골목형상점가,대구광역시,,,
1727b5eb09674c65b0c7,full_annotation_v1,A,q_화장품_06,샴푸,뷰티·미용 중 '화장품'을 판매·제공하는 매장,train,화장품,T3 개념확장,5a18193e-270e-4dd6-835f-9bae30353cfd,비즈스타일,샴푸,둔산3동상점가,자율상권구역,대전광역시,,,
766d691eedb7548e6eb8,full_annotation_v1,A,q_화장품_06,샴푸,뷰티·미용 중 '화장품'을 판매·제공하는 매장,train,화장품,T3 개념확장,3417ad49-dfd9-44da-b76c-09023311ae21,더미인나라,스킨케어두피케어 제품,호남동 골목형상점가,골목형상점가,광주광역시,,,
758e521a43036e5e88f4,full_annotation_v1,A,q_화장품_06,샴푸,뷰티·미용 중 '화장품'을 판매·제공하는 매장,train,화장품,T3 개념확장,e65d43e8-b1d1-4061-9a08-e3a5472853c7,샴푸의요정,미용실,예술의거리 골목형상점가,골목형상점가,광주광역시,,,
174cf514122b2bc5baf8,full_annotation_v1,A,q_화장품_06,샴푸,뷰티·미용 중 '화장품'을 판매·제공하는 매장,train,화장품,T3 개념확장,b177082c-edbb-4d97-97a0-d340cd9d34d2,양가손만두 부평점 직영점,한식,부평깡통시장(구 부산부평시장),전통시장,부산광역시,,,
c9b00061f0e63794e14b,full_annotation_v1,A,q_화장품_06,샴푸,뷰티·미용 중 '화장품'을 판매·제공하는 매장,train,화장품,T3 개념확장,2a7f1e06-832a-44f4-b488-6fd47f8b9496,박지안 바디엔 스킨케어,,정남진활력의거리 골목형상점가,골목형상점가,,,,
c645223033f9ff5cdb1a,full_annotation_v1,A,q_화장품_06,샴푸,뷰티·미용 중 '화장품'을 판매·제공하는 매장,train,화장품,T3 개념확장,bbf221ca-4ad6-4e9c-958d-4070e1c8af74,멜본(MELBON),의류 스포츠용품,전주원도심 골목형상점가,골목형상점가,전북특별자치도,,,
a246a940f03f2b2a770c,full_annotation_v1,A,q_화장품_06,샴푸,뷰티·미용 중 '화장품'을 판매·제공하는 매장,train,화장품,T3 개념확장,7502efdf-82e4-4318-a544-1011c7b05b91,샴푸리나,,남악중앙 골목형상점가,골목형상점가,,,,
f5f1c229c654d9c83785,full_annotation_v1,A,q_화장품_06,샴푸,뷰티·미용 중 '화장품'을 판매·제공하는 매장,train,화장품,T3 개념확장,5fdaa516-0867-4138-8d91-86945ba3f16c,김윤선 헤어샾,샴푸,벽산블루밍 골목형상점가,골목형상점가,광주광역시,,,
28ff5d86fa9ee026efa6,full_annotation_v1,A,q_화장품_06,샴푸,뷰티·미용 중 '화장품'을 판매·제공하는 매장,train,화장품,T3 개념확장,c86b9984-6d6c-4165-b5dd-adafe86f3b3c,예뻐해 BeautyHAE,미용 서비스,오류골먹자골목 골목형상점가,골목형상점가,서울특별시,,,
235f14337268bf7d2f3c,full_annotation_v1,A,q_화장품_06,샴푸,뷰티·미용 중 '화장품'을 판매·제공하는 매장,train,화장품,T3 개념확장,ab525cd8-8a65-47ca-8f41-9ad1165dfe74,큐사랑그리다,샴푸 트리트먼트,풍덕천 골목형상점가,골목형상점가,경기도,,,
78cde2c02f6ac667857d,full_annotation_v1,A,q_화장품_06,샴푸,뷰티·미용 중 '화장품'을 판매·제공하는 매장,train,화장품,T3 개념확장,1114b6dc-e5dd-4638-8125-571c81bbe9b3,호이스킨케어,스킨케어,맛남길 골목형상점가,골목형상점가,강원특별자치도,,,
1b3f2c3a79451405a93e,full_annotation_v1,A,q_화장품_06,샴푸,뷰티·미용 중 '화장품'을 판매·제공하는 매장,train,화장품,T3 개념확장,74dc1973-a01f-4e7c-b961-e98ab7a2839f,제물포(TYL)헬스케어,기능성신발 뉴케어대리점 산양유 친환경 유기농 코셔 주방세제 샴푸 치약,제물포지하상가,일반지하상점가,인천광역시,,,
c58344be1799a7973417,full_annotation_v1,A,q_화장품_06,샴푸,뷰티·미용 중 '화장품'을 판매·제공하는 매장,train,화장품,T3 개념확장,0017ec9c-4997-4ef5-a552-7fffc7dd149c,아리따움 진주서부점,화장품,진주 새서부시장,전통시장,경상남도,,,
369093216f7420eaf9b7,full_annotation_v1,A,q_화장품_06,샴푸,뷰티·미용 중 '화장품'을 판매·제공하는 매장,train,화장품,T3 개념확장,001d63b0-b37c-4216-91a0-c9d4147a91b9,아워필라테스스튜디오,서비스,보람동 골목형상점가,골목형상점가,세종특별자치시,,,
38e429872135a76bd800,full_annotation_v1,A,q_화장품_06,샴푸,뷰티·미용 중 '화장품'을 판매·제공하는 매장,train,화장품,T3 개념확장,003cdc8a-95fe-43ea-8350-f4c63913a6f8,정선화장품,화장품,오천시장,전통시장,경상북도,,,
a3046a30f5749b355ec1,full_annotation_v1,A,q_화장품_06,샴푸,뷰티·미용 중 '화장품'을 판매·제공하는 매장,train,화장품,T3 개념확장,d0342996-325c-455f-abf8-fc67c5b1572d,플로라 에스테틱&스파,화장품 샴푸 헤어팩 에센스 앰플,보람병원입구 골목형상점가,골목형상점가,울산광역시,,,
05d22292e9680c11d507,full_annotation_v1,A,q_화장품_06,샴푸,뷰티·미용 중 '화장품'을 판매·제공하는 매장,train,화장품,T3 개념확장,f7b7a156-011e-4fb8-ad6c-3df0e98eaad1,블루마린,,신창상가,전통시장,부산광역시,,,
bc6f8307efad9768d555,full_annotation_v1,A,q_화장품_06,샴푸,뷰티·미용 중 '화장품'을 판매·제공하는 매장,train,화장품,T3 개념확장,75e83d7a-7289-4faa-b569-10b678af81b1,충푸,중식,충무로골목형상점가,골목형상점가,서울특별시,,,
491d4dc2bd2c951533be,full_annotation_v1,A,q_화장품_06,샴푸,뷰티·미용 중 '화장품'을 판매·제공하는 매장,train,화장품,T3 개념확장,5d74d5b3-b57d-4753-b6b3-282f85dd00bc,샴푸요정,미용실,임방울거리1구역 골목형상점가,골목형상점가,광주광역시,,,
7055d843d88071850733,full_annotation_v1,A,q_화장품_06,샴푸,뷰티·미용 중 '화장품'을 판매·제공하는 매장,train,화장품,T3 개념확장,77a72e8b-6e42-484e-9020-5ddb0b4a1bf9,미용재료,샴푸,겸재한신길 골목형상점가,골목형상점가,서울특별시,,,
f52f487ebbb5831eb72f,full_annotation_v1,A,q_화장품_06,샴푸,뷰티·미용 중 '화장품'을 판매·제공하는 매장,train,화장품,T3 개념확장,470eb2f0-fbcc-43c5-a707-41d408bf7744,헌집줄게 새집다오 인테리어,인테리어,단봉로골목형상점가,골목형상점가,인천광역시,,,
49f5cdda785d5bb7b224,full_annotation_v1,A,q_화장품_06,샴푸,뷰티·미용 중 '화장품'을 판매·제공하는 매장,train,화장품,T3 개념확장,6077e78e-cd05-43db-8460-24a9fea91fd8,박현서헤어홀릭,"헤어커트, 염색, 펌, 올린머리, 샴푸, 화장품",송강동 골목형상점가,골목형상점가,대전광역시,,,
5d2c8b7d5b316fb775e3,full_annotation_v1,A,q_화장품_06,샴푸,뷰티·미용 중 '화장품'을 판매·제공하는 매장,train,화장품,T3 개념확장,31043251-9b2e-403b-bffd-a952dee2db2a,아리따움세종몰리브점,화장품방향제건강기능식품비누,가재마을 골목형상점가,골목형상점가,세종특별자치시,,,
331dff4ae5d8b196695a,full_annotation_v1,A,q_화장품_06,샴푸,뷰티·미용 중 '화장품'을 판매·제공하는 매장,train,화장품,T3 개념확장,bdae4ce8-04ba-4d85-b7f2-9d5c7cf6e523,피알에스,샴푸 오일 컬크림 등,시청역상가번영회 골목형상점가,골목형상점가,광주광역시,,,
388b2246fa63aaa2aa4b,full_annotation_v1,A,q_화장품_06,샴푸,뷰티·미용 중 '화장품'을 판매·제공하는 매장,train,화장품,T3 개념확장,ff891441-d60c-4fb3-b2ca-9d0283c80a7e,히즈윌바이윰,샴푸등 판매,매봉 골목형상점가,골목형상점가,광주광역시,,,
47da0d5d7846f76f350c,full_annotation_v1,A,q_화장품_06,샴푸,뷰티·미용 중 '화장품'을 판매·제공하는 매장,train,화장품,T3 개념확장,200016cc-19a9-4c51-b8af-7a22b154c0f5,헤어살롱연두,샴푸,새미래 골목형상점가,골목형상점가,대전광역시,,,
11fc195c43dfe89a5d82,full_annotation_v1,A,q_화장품_06,샴푸,뷰티·미용 중 '화장품'을 판매·제공하는 매장,train,화장품,T3 개념확장,39a31b6f-0d34-4c01-812b-c19d27e43fea,뷰티 고울 수,전신피부미용 스킨케어바디케어,용산지구 골목형상점가,골목형상점가,광주광역시,,,
53baf3bb30f1b783ba55,full_annotation_v1,A,q_화장품_06,샴푸,뷰티·미용 중 '화장품'을 판매·제공하는 매장,train,화장품,T3 개념확장,3e7b588b-0af1-4a9c-8006-76548ce055e2,루에아 뷰티,"피부관리 서비스, 스킨케어",518먹자골목상인회 골목형상점가,골목형상점가,광주광역시,,,
689eb40dfef9c0f1e4e1,full_annotation_v1,A,q_화장품_06,샴푸,뷰티·미용 중 '화장품'을 판매·제공하는 매장,train,화장품,T3 개념확장,7d650502-bfb8-41b6-8a24-9043332d977d,GS25원천아주점,일반 편의점 품목,아주대 대학로 골목형상점가,골목형상점가,경기도,,,
47512a38569b1c6ecb4f,full_annotation_v1,A,q_화장품_06,샴푸,뷰티·미용 중 '화장품'을 판매·제공하는 매장,train,화장품,T3 개념확장,4b7806e8-9287-49e3-b528-1ca217aa4934,아도이(ADOY)뷰티,"화장품, 비누및방향제(샴푸,트리트먼트",가락타운상가시장,전통시장,부산광역시,,,
a4d6c3bc24411a96b790,full_annotation_v1,A,q_화장품_06,샴푸,뷰티·미용 중 '화장품'을 판매·제공하는 매장,train,화장품,T3 개념확장,d34e377b-e328-461b-87c7-9454630844e4,용금당,귀금속,중앙전통시장,전통시장,울산광역시,,,
b9a203cd89efa78829ae,full_annotation_v1,A,q_화장품_06,샴푸,뷰티·미용 중 '화장품'을 판매·제공하는 매장,train,화장품,T3 개념확장,00a6129c-d752-43e2-bd19-3f994f8357d4,자연그리고콩머리미용실,샴푸헤어에센스,각화동 골목형상점가,골목형상점가,광주광역시,,,
578bbbfc601ad6830254,full_annotation_v1,A,q_화장품_06,샴푸,뷰티·미용 중 '화장품'을 판매·제공하는 매장,train,화장품,T3 개념확장,004a8de5-69c1-4c55-a507-54e016703431,마중물뷰티동,소매(화장품),은마종합상점가,자율상권구역,서울특별시,,,
289224b6dcc9588d3097,full_annotation_v1,A,q_화장품_06,샴푸,뷰티·미용 중 '화장품'을 판매·제공하는 매장,train,화장품,T3 개념확장,93065f31-dc94-4e10-8f03-524a0758842a,60계세종어진점,치킨,가재마을 골목형상점가,골목형상점가,세종특별자치시,,,
08f46e2b1de6693418e7,full_annotation_v1,A,q_화장품_06,샴푸,뷰티·미용 중 '화장품'을 판매·제공하는 매장,train,화장품,T3 개념확장,0227e9bb-f1ff-4600-9561-e7e14a498d7e,베이지헤어,샴푸,송정청춘 골목형상점가,골목형상점가,울산광역시,,,
7caa7b5514bd49d5259d,full_annotation_v1,A,q_화장품_06,샴푸,뷰티·미용 중 '화장품'을 판매·제공하는 매장,train,화장품,T3 개념확장,6f73383c-c9f9-47f2-8379-02e58b4fd7a9,김규리헤어,샴푸,우산상인회 골목형상점가,골목형상점가,광주광역시,,,
4a09129d14d45849d8f2,full_annotation_v1,A,q_화장품_06,샴푸,뷰티·미용 중 '화장품'을 판매·제공하는 매장,train,화장품,T3 개념확장,575e0c59-a6a6-40e7-8cc9-511f5d45f68b,우윤주헤어#,샴푸,풍암벚꽃길상인회 골목형상점가,골목형상점가,광주광역시,,,
13d678310c81cd97409d,full_annotation_v1,A,q_화장품_06,샴푸,뷰티·미용 중 '화장품'을 판매·제공하는 매장,train,화장품,T3 개념확장,41f3c653-cbdb-493a-bb8a-7b49101badd2,엠제이코스메틱주식회사,,둔산2동 골목형상점가,골목형상점가,대전광역시,,,
bdfd13c535b245c29051,full_annotation_v1,A,q_화장품_06,샴푸,뷰티·미용 중 '화장품'을 판매·제공하는 매장,train,화장품,T3 개념확장,e3a4a0d6-5dea-44a1-8b9a-de4bf93af1bf,화이트헤어,샴푸,목동복합빌딩 골목형상점가,골목형상점가,대전광역시,,,
90988076dfa39296227e,full_annotation_v1,A,q_화장품_06,샴푸,뷰티·미용 중 '화장품'을 판매·제공하는 매장,train,화장품,T3 개념확장,b2aaf77b-c2c2-4872-bfdf-9742a87f743d,하나로 코스메틱 종합 화장품,,수완중흥대방 골목형상점가,골목형상점가,광주광역시,,,
781a4e5c7ea695b777b4,full_annotation_v1,A,q_화장품_06,샴푸,뷰티·미용 중 '화장품'을 판매·제공하는 매장,train,화장품,T3 개념확장,000d8836-38bd-43a9-92f2-698d67d5926b,라미헤어스튜디오,미용실,포항중앙상가,전통시장,경상북도,,,
aa90a5e11331ebaf3917,full_annotation_v1,A,q_화장품_06,샴푸,뷰티·미용 중 '화장품'을 판매·제공하는 매장,train,화장품,T3 개념확장,f544a245-136d-4409-924d-0191b8105237,웨폰맨즈헤어샵,미용,우정전통시장,전통시장,울산광역시,,,
14b2db690f43d1ae188a,full_annotation_v1,A,q_화장품_06,샴푸,뷰티·미용 중 '화장품'을 판매·제공하는 매장,train,화장품,T3 개념확장,d59e258e-f031-4169-9742-320d52116df5,미즈노 전주객사점,스포츠용품,전주원도심 골목형상점가,골목형상점가,전북특별자치도,,,
3f39603656621c6a568d,full_annotation_v1,A,q_화장품_06,샴푸,뷰티·미용 중 '화장품'을 판매·제공하는 매장,train,화장품,T3 개념확장,51dbd1c0-b421-49cc-bef0-58c95a2092ec,은비헤어,샴푸 컷 염색 펌,엄정내창시장,전통시장,충청북도,,,
a504698227426cb10d96,full_annotation_v1,A,q_화장품_06,샴푸,뷰티·미용 중 '화장품'을 판매·제공하는 매장,train,화장품,T3 개념확장,00138176-f25b-4a96-9761-dd00f1a4dd28,보아스헤어아트,미용,봉제산길골목형상점가,골목형상점가,서울특별시,,,
6a8518445f36884367ea,full_annotation_v1,A,q_화장품_06,샴푸,뷰티·미용 중 '화장품'을 판매·제공하는 매장,train,화장품,T3 개념확장,d056ef9d-3aab-4395-8f28-b78aecb906c3,더헤어,샴푸 린스,동천동먹자골목2번가상인회 골목형상점가,골목형상점가,광주광역시,,,
084c8a9f90336afd947e,full_annotation_v1,A,q_화장품_06,샴푸,뷰티·미용 중 '화장품'을 판매·제공하는 매장,train,화장품,T3 개념확장,cddc1041-633f-46fc-b21a-313870b600a8,구로상회,농산물,강남골목시장 골목형상점가,골목형상점가,서울특별시,,,
0fd0fc4fda42d738d69c,full_annotation_v1,A,q_화장품_06,샴푸,뷰티·미용 중 '화장품'을 판매·제공하는 매장,train,화장품,T3 개념확장,daa6516a-0292-49c3-97fb-88557ff07cfb,큐사랑(당정점),"염색약, 비누, 샴푸 등",당정동한세로 골목형상점가,골목형상점가,경기도,,,
4032f344e3e1c8e7aa11,full_annotation_v1,A,q_화장품_06,샴푸,뷰티·미용 중 '화장품'을 판매·제공하는 매장,train,화장품,T3 개념확장,36a8e7f9-859a-4789-842e-89a96a5160fa,디푸,,백제대로 골목형상점가,골목형상점가,전북특별자치도,,,
ff436093613fc9f0d811,full_annotation_v1,A,q_화장품_06,샴푸,뷰티·미용 중 '화장품'을 판매·제공하는 매장,train,화장품,T3 개념확장,22b1aaa3-5ef0-4425-844b-ec1264bfaa43,태후사랑 군분로점,샴푸,화정금화로상인회 골목형상점가,골목형상점가,광주광역시,,,
ec1619e7a809473cc3c9,full_annotation_v1,A,q_화장품_06,샴푸,뷰티·미용 중 '화장품'을 판매·제공하는 매장,train,화장품,T3 개념확장,81eef144-6ef7-464d-ac6b-f34360e3f99d,큐사랑,염색 탈모 샴푸 두피영양,오산오색시장(구 오산중앙시장),전통시장,경기도,,,
2d8c6f8b0eae6dcecf9f,full_annotation_v1,A,q_화장품_06,샴푸,뷰티·미용 중 '화장품'을 판매·제공하는 매장,train,화장품,T3 개념확장,988a743e-e93e-4742-a0e7-e76bbdda79d5,라라헤어,"의자, 샴푸대, 미용가위",용현시장,전통시장,인천광역시,,,
194d41a57e6c18efa3da,full_annotation_v1,A,q_화장품_06,샴푸,뷰티·미용 중 '화장품'을 판매·제공하는 매장,train,화장품,T3 개념확장,cd9d7bcb-dad6-4cc9-a271-23f522359e7d,탑헤어라인 미용실,샴푸,강진상가번영회제2구역,골목형상점가,전라남도,,,
16be7d6f5226a46243d9,full_annotation_v1,A,q_화장품_06,샴푸,뷰티·미용 중 '화장품'을 판매·제공하는 매장,train,화장품,T3 개념확장,008c73ed-3ece-452b-aa49-b96b73ff1ba1,온결 스킨앤바디,화장품,가재마을 골목형상점가,골목형상점가,세종특별자치시,,,
ced0b3af4bd96da9aae0,full_annotation_v1,A,q_화장품_06,샴푸,뷰티·미용 중 '화장품'을 판매·제공하는 매장,train,화장품,T3 개념확장,f511a360-05c1-4bee-bc20-01394e75d7b8,H스토리,샴푸,광복마을3-4길 골목형상점가,골목형상점가,광주광역시,,,
16a3e740aab4aae2eb6a,full_annotation_v1,A,q_화장품_06,샴푸,뷰티·미용 중 '화장품'을 판매·제공하는 매장,train,화장품,T3 개념확장,73403935-0756-4b30-a627-1391e4d08836,또까까헤어샵,샴푸 린스 에센스 스프레이 등등,정율성로 골목형상점가,골목형상점가,광주광역시,,,
7f8a45eb18807a16feb4,full_annotation_v1,A,q_화장품_06,샴푸,뷰티·미용 중 '화장품'을 판매·제공하는 매장,train,화장품,T3 개념확장,77aa399d-9afb-415a-9493-f3a58fa05ae9,위아르헤어 맨즈 성안점,염색약 펌약 가위 샴푸 왁스,청주소나무길 골목형상점가,골목형상점가,충청북도,,,
3d0364aa96d8e2ab893d,full_annotation_v1,A,q_화장품_06,샴푸,뷰티·미용 중 '화장품'을 판매·제공하는 매장,train,화장품,T3 개념확장,5e8ef408-d1db-4757-ba9f-c0f71d35c3e4,샴푸헤어샾,,우산청년골목형상점가,골목형상점가,강원특별자치도,,,
0c2fb291d768feaeaea3,full_annotation_v1,A,q_화장품_06,샴푸,뷰티·미용 중 '화장품'을 판매·제공하는 매장,train,화장품,T3 개념확장,00222f52-5d1f-4fb1-b0a6-7b4864ce177f,아리따움서대문연희점,화장품,연희사러가,전통시장,서울특별시,,,
a733a3307a74b8ef2ec5,full_annotation_v1,A,q_화장품_06,샴푸,뷰티·미용 중 '화장품'을 판매·제공하는 매장,train,화장품,T3 개념확장,d0b7004a-62fd-4a49-bea0-301dfecfc490,샴푸보이,미용실,평화 골목장 골목형상점가,골목형상점가,대구광역시,,,
1ace7fa2ca46c10c195c,full_annotation_v1,A,q_화장품_06,샴푸,뷰티·미용 중 '화장품'을 판매·제공하는 매장,train,화장품,T3 개념확장,1f4809af-becb-4717-a6e7-0db46118543d,머리모양새,샴푸,노형1 골목형상점가,골목형상점가,제주특별자치도,,,
c9840de67b4db841969e,full_annotation_v1,A,q_화장품_06,샴푸,뷰티·미용 중 '화장품'을 판매·제공하는 매장,train,화장품,T3 개념확장,19b604ed-fe4e-4bcf-a4a1-2db1832c2fc4,와이투헤어,에센스 샴푸,전주원도심 골목형상점가,골목형상점가,전북특별자치도,,,
a24aba18e74cd3b522b1,full_annotation_v1,A,q_화장품_06,샴푸,뷰티·미용 중 '화장품'을 판매·제공하는 매장,train,화장품,T3 개념확장,10331a55-fe14-4640-959e-984639310097,엘램스토리,샴푸,동산상가,전통시장,대구광역시,,,
2db6ddbe3890eb8f3717,full_annotation_v1,A,q_화장품_06,샴푸,뷰티·미용 중 '화장품'을 판매·제공하는 매장,train,화장품,T3 개념확장,04ede6f2-6489-4c97-8419-e602070b7946,타임뷰티,뷰티,맛조이상인회 골목형상점가,골목형상점가,광주광역시,,,
95fdd6bfa1fa042ecfbf,full_annotation_v1,A,q_화장품_06,샴푸,뷰티·미용 중 '화장품'을 판매·제공하는 매장,train,화장품,T3 개념확장,0f315325-e6df-4ed4-909f-c10aef7dbf9b,보바왁싱,뷰티,일번지프라자 골목형상점가,골목형상점가,경기도,,,
ab87d414a1c96410ff05,full_annotation_v1,A,q_화장품_06,샴푸,뷰티·미용 중 '화장품'을 판매·제공하는 매장,train,화장품,T3 개념확장,0ee0265b-7abb-48a9-b36b-1e2fc4219169,올가드림뷰티(온천장점),,SK 3차 골목형상점가,골목형상점가,부산광역시,,,
41c77f62b85d44686885,full_annotation_v1,A,q_화장품_06,샴푸,뷰티·미용 중 '화장품'을 판매·제공하는 매장,train,화장품,T3 개념확장,800ab30d-4ab3-495b-accb-5b14b686f69c,맛나즉석떡볶이,떡볶이,가양역사거리골목형상점가,골목형상점가,서울특별시,,,
7ab1648889288fcd9744,full_annotation_v1,A,q_화장품_06,샴푸,뷰티·미용 중 '화장품'을 판매·제공하는 매장,train,화장품,T3 개념확장,924bdfcb-6abf-40a0-9efd-2c0e92d7c50e,샴푸,미용실,신장대리 자율상권구역,,강원특별자치도,,,
bbb404b8e6bae93dfa23,full_annotation_v1,A,q_화장품_06,샴푸,뷰티·미용 중 '화장품'을 판매·제공하는 매장,train,화장품,T3 개념확장,0009149f-621a-493e-9fd1-252a8ac6c75b,글로리,미용실,중흥동 큰샘길 골목형상점가,골목형상점가,광주광역시,,,
1f4498104d965fa90c44,full_annotation_v1,A,q_화장품_06,샴푸,뷰티·미용 중 '화장품'을 판매·제공하는 매장,train,화장품,T3 개념확장,c2818407-2d7c-4363-be7f-3c54069d001f,철길부산집두류점,어묵,두류젊음의광장 상점가,자율상권구역,대구광역시,,,
39ca63d52f17da044893,full_annotation_v1,A,q_화장품_06,샴푸,뷰티·미용 중 '화장품'을 판매·제공하는 매장,train,화장품,T3 개념확장,2b81ec03-48dd-45ab-9e97-17144f0eba68,큰집식당,한식,동곡동 골목형상점가,골목형상점가,광주광역시,,,
044e11b5405ce9563746,full_annotation_v1,A,q_화장품_07,화장품 사는 데,뷰티·미용 중 '화장품'을 판매·제공하는 매장,train,화장품,T4 구어·문장,3e7b588b-0af1-4a9c-8006-76548ce055e2,루에아 뷰티,"피부관리 서비스, 스킨케어",518먹자골목상인회 골목형상점가,골목형상점가,광주광역시,,,
f7e11ba4b3ed593d6327,full_annotation_v1,A,q_화장품_07,화장품 사는 데,뷰티·미용 중 '화장품'을 판매·제공하는 매장,train,화장품,T4 구어·문장,d050874f-094c-48bc-9161-0d18deb9a789,bhc비어존(민락메가박스점),치킨,민락2지구골목형상점가,골목형상점가,경기도,,,
891df69853cf742aa76b,full_annotation_v1,A,q_화장품_07,화장품 사는 데,뷰티·미용 중 '화장품'을 판매·제공하는 매장,train,화장품,T4 구어·문장,d5fbd03d-a0da-4708-be77-6b8e3b3fe573,순화장품,화장품,안산다농마트전통시장,전통시장,경기도,,,
e57e233ec4d25466e420,full_annotation_v1,A,q_화장품_07,화장품 사는 데,뷰티·미용 중 '화장품'을 판매·제공하는 매장,train,화장품,T4 구어·문장,9cfeb8e3-1576-447f-90da-59186c7384f1,다온 화장품,화장품,신탄진시장,전통시장,대전광역시,,,
09936bc08d0df0697e7e,full_annotation_v1,A,q_화장품_07,화장품 사는 데,뷰티·미용 중 '화장품'을 판매·제공하는 매장,train,화장품,T4 구어·문장,6c831555-1e8b-4a1b-807f-342c07ab2296,소망화장품,화장품,부여도심 상권활성화구역,상권활성화구역,충청남도,,,
94ec75f4384328f69eb8,full_annotation_v1,A,q_화장품_07,화장품 사는 데,뷰티·미용 중 '화장품'을 판매·제공하는 매장,train,화장품,T4 구어·문장,897d84d6-51a0-4b4b-a71b-b87033e13a72,경현화장품,화장품,사직시장,전통시장,부산광역시,,,
74d0a9040c3877fa8c65,full_annotation_v1,A,q_화장품_07,화장품 사는 데,뷰티·미용 중 '화장품'을 판매·제공하는 매장,train,화장품,T4 구어·문장,3558a0a1-eb2b-491e-9990-fd448dc27077,화장품짱,화장품,부전상가시장,전통시장,부산광역시,,,
5de1d6e2f983f56fa443,full_annotation_v1,A,q_화장품_07,화장품 사는 데,뷰티·미용 중 '화장품'을 판매·제공하는 매장,train,화장품,T4 구어·문장,00222f52-5d1f-4fb1-b0a6-7b4864ce177f,아리따움서대문연희점,화장품,연희사러가,전통시장,서울특별시,,,
da525fbb1c8059579309,full_annotation_v1,A,q_화장품_07,화장품 사는 데,뷰티·미용 중 '화장품'을 판매·제공하는 매장,train,화장품,T4 구어·문장,004a8de5-69c1-4c55-a507-54e016703431,마중물뷰티동,소매(화장품),은마종합상점가,자율상권구역,서울특별시,,,
fdf57dab912d9445964d,full_annotation_v1,A,q_화장품_07,화장품 사는 데,뷰티·미용 중 '화장품'을 판매·제공하는 매장,train,화장품,T4 구어·문장,c545d288-58bf-4fc2-89c5-dc942a2da6c7,케이(K)-COPY,추력,노량진만나로골목형상점가,골목형상점가,서울특별시,,,
50a6c41c0e99d610ce63,full_annotation_v1,A,q_화장품_07,화장품 사는 데,뷰티·미용 중 '화장품'을 판매·제공하는 매장,train,화장품,T4 구어·문장,edf854d3-13fa-47ee-99d7-3fababf99ec0,보싸크,화장품,평화시장,전통시장,서울특별시,,,
257deb7c4ded6d231ad2,full_annotation_v1,A,q_화장품_07,화장품 사는 데,뷰티·미용 중 '화장품'을 판매·제공하는 매장,train,화장품,T4 구어·문장,42a05e96-34f9-42b3-910f-e38d86fcaa0d,베르니아 화장품,화장품,광명전통시장,전통시장,경기도,,,
d5052f141ff195c523a1,full_annotation_v1,A,q_화장품_07,화장품 사는 데,뷰티·미용 중 '화장품'을 판매·제공하는 매장,train,화장품,T4 구어·문장,5d8f0e10-4048-432a-a9a3-ec2ece35b685,가이패션,여성의류,성남중앙지하시장,일반지하상점가,경기도,,,
a5cd603e4af30e1cf4b4,full_annotation_v1,A,q_화장품_07,화장품 사는 데,뷰티·미용 중 '화장품'을 판매·제공하는 매장,train,화장품,T4 구어·문장,9d9c72ae-6ed1-4339-b6f2-9ea43cea81c5,필화장품,화장품,두암사거리 골목형상점가,골목형상점가,광주광역시,,,
7108eb7e1b4d55afdebd,full_annotation_v1,A,q_화장품_07,화장품 사는 데,뷰티·미용 중 '화장품'을 판매·제공하는 매장,train,화장품,T4 구어·문장,f0acbead-c957-4ffd-b0ad-4aeffb818ddd,웰리스캔들,캔들방향제,수원역전지하도상가,일반지하상점가,경기도,,,
26188d3ac9918d611b64,full_annotation_v1,A,q_화장품_07,화장품 사는 데,뷰티·미용 중 '화장품'을 판매·제공하는 매장,train,화장품,T4 구어·문장,62e5716d-69b0-48c7-af56-25ba9abcef19,쥬단학화장품,화장품,울진시장(울진바지게시장),전통시장,경상북도,,,
b34a4cfaa67138bf9529,full_annotation_v1,A,q_화장품_07,화장품 사는 데,뷰티·미용 중 '화장품'을 판매·제공하는 매장,train,화장품,T4 구어·문장,372a3cd7-9f90-447c-b312-29c2c63333d2,진흥종합상사 (화장품 &TRY),화장품,원미종합시장,전통시장,경기도,,,
c45004dcc64667166675,full_annotation_v1,A,q_화장품_07,화장품 사는 데,뷰티·미용 중 '화장품'을 판매·제공하는 매장,train,화장품,T4 구어·문장,0017ec9c-4997-4ef5-a552-7fffc7dd149c,아리따움 진주서부점,화장품,진주 새서부시장,전통시장,경상남도,,,
c8e38a0f888d2c0ecc70,full_annotation_v1,A,q_화장품_07,화장품 사는 데,뷰티·미용 중 '화장품'을 판매·제공하는 매장,train,화장품,T4 구어·문장,ab133c7a-423d-42c9-9499-a7d72db1f6f2,슈퍼(체인점)화장품,화장품,구미종합상가,전통시장,경상북도,,,
4e9ee99366f07f87fdc7,full_annotation_v1,A,q_화장품_07,화장품 사는 데,뷰티·미용 중 '화장품'을 판매·제공하는 매장,train,화장품,T4 구어·문장,d51bb28c-7b90-4786-923f-16b299e1d65d,연지곤지 화장품,화장품,우정전통시장,전통시장,울산광역시,,,
83269d26cd349c5b2dc6,full_annotation_v1,A,q_화장품_07,화장품 사는 데,뷰티·미용 중 '화장품'을 판매·제공하는 매장,train,화장품,T4 구어·문장,d38eda3c-ecf7-49ae-9051-f341b1ac8632,태후사랑,화장품,과천중앙동상점가,자율상권구역,경기도,,,
5ba3ed4bb663efc6cd6b,full_annotation_v1,A,q_화장품_07,화장품 사는 데,뷰티·미용 중 '화장품'을 판매·제공하는 매장,train,화장품,T4 구어·문장,485bd704-f298-4e55-86ed-cc781b9b0375,소망화장품,화장품,마천중앙시장,전통시장,서울특별시,,,
aeef95ce866b3c8d7c6d,full_annotation_v1,A,q_화장품_07,화장품 사는 데,뷰티·미용 중 '화장품'을 판매·제공하는 매장,train,화장품,T4 구어·문장,fd281ad7-fdfe-477e-b4cb-4074d3224652,민혜화장품,화장품,시흥삼미시장,전통시장,경기도,,,
166aa0fdefa23baae6ba,full_annotation_v1,A,q_화장품_07,화장품 사는 데,뷰티·미용 중 '화장품'을 판매·제공하는 매장,train,화장품,T4 구어·문장,1f954869-5905-4a02-980a-50ad8533496e,진 화장품,화장품,달아실 골목형상점가,골목형상점가,광주광역시,,,
4c767f5f44c2bbf24bc9,full_annotation_v1,A,q_화장품_07,화장품 사는 데,뷰티·미용 중 '화장품'을 판매·제공하는 매장,train,화장품,T4 구어·문장,3417ad49-dfd9-44da-b76c-09023311ae21,더미인나라,스킨케어두피케어 제품,호남동 골목형상점가,골목형상점가,광주광역시,,,
b8e2aca3f89244ed656a,full_annotation_v1,A,q_화장품_07,화장품 사는 데,뷰티·미용 중 '화장품'을 판매·제공하는 매장,train,화장품,T4 구어·문장,0ee0265b-7abb-48a9-b36b-1e2fc4219169,올가드림뷰티(온천장점),,SK 3차 골목형상점가,골목형상점가,부산광역시,,,
ceebd2344f23ab9ae7b7,full_annotation_v1,A,q_화장품_07,화장품 사는 데,뷰티·미용 중 '화장품'을 판매·제공하는 매장,train,화장품,T4 구어·문장,c9fa67ba-4528-44e9-8435-c1278d4bc288,땟깔화장품,화장품,양산 덕계종합상설시장,전통시장,경상남도,,,
68c0b51837b2cb1e6c99,full_annotation_v1,A,q_화장품_07,화장품 사는 데,뷰티·미용 중 '화장품'을 판매·제공하는 매장,train,화장품,T4 구어·문장,04e1566d-2cb3-41c3-b46b-9d4017c03ee4,가나,화장품,용대로119번길 골목형상점가,골목형상점가,광주광역시,,,
63f84da9ebc05054aee9,full_annotation_v1,A,q_화장품_07,화장품 사는 데,뷰티·미용 중 '화장품'을 판매·제공하는 매장,train,화장품,T4 구어·문장,19eeb638-6694-402a-a234-71c2b828bc59,화장품,화장품,우이골목시장골목형상점가,골목형상점가,서울특별시,,,
67775b221f9b991c9e25,full_annotation_v1,A,q_화장품_07,화장품 사는 데,뷰티·미용 중 '화장품'을 판매·제공하는 매장,train,화장품,T4 구어·문장,caa6cf2f-91b3-4bd9-a57a-cdb4fadf3cb3,빨간입술 화장품,화장품,당감골목시장,전통시장,부산광역시,,,
e009b2ddfbad1a20c3ea,full_annotation_v1,A,q_화장품_07,화장품 사는 데,뷰티·미용 중 '화장품'을 판매·제공하는 매장,train,화장품,T4 구어·문장,e0774804-7f75-40bf-afbe-ef0a4f164204,란제리 화장품,화장품,발안만세시장(구 발안시장),전통시장,경기도,,,
d7d96db094ed28acbeb5,full_annotation_v1,A,q_화장품_07,화장품 사는 데,뷰티·미용 중 '화장품'을 판매·제공하는 매장,train,화장품,T4 구어·문장,19c899f2-2f68-4849-932e-8c3032c3dd2d,태후사랑,화장품,태평상가,골목형상점가,경기도,,,
5b9c312b7dd91c690ae4,full_annotation_v1,A,q_화장품_07,화장품 사는 데,뷰티·미용 중 '화장품'을 판매·제공하는 매장,train,화장품,T4 구어·문장,3289cd30-9474-4d1b-ba09-48d454537988,소망 화장품(지지베),화장품,충주자유시장,전통시장,충청북도,,,
9b1cc99fe611bdcd277b,full_annotation_v1,A,q_화장품_07,화장품 사는 데,뷰티·미용 중 '화장품'을 판매·제공하는 매장,train,화장품,T4 구어·문장,2a7f1e06-832a-44f4-b488-6fd47f8b9496,박지안 바디엔 스킨케어,,정남진활력의거리 골목형상점가,골목형상점가,,,,
f7830288be1b18ba8367,full_annotation_v1,A,q_화장품_07,화장품 사는 데,뷰티·미용 중 '화장품'을 판매·제공하는 매장,train,화장품,T4 구어·문장,0ff24615-4ad7-4e5b-abaf-29b9d277810e,정회 화장품,화장품,동원전통시장상점가,자율상권구역,서울특별시,,,
f150fcfb7fbbacea7987,full_annotation_v1,A,q_화장품_07,화장품 사는 데,뷰티·미용 중 '화장품'을 판매·제공하는 매장,train,화장품,T4 구어·문장,3fc9a07d-f3fe-4948-9d10-0ba2993617b8,더달달 신원시장점,아이스크림,뷰티거리골목형상점가,골목형상점가,서울특별시,,,
b9b0a4677e0421ee108a,full_annotation_v1,A,q_화장품_07,화장품 사는 데,뷰티·미용 중 '화장품'을 판매·제공하는 매장,train,화장품,T4 구어·문장,4128e81b-d433-46d9-8a5c-c02636ab14c0,두별화장품,화장품,조암시장,전통시장,경기도,,,
0b1edd3d00b65991ba4e,full_annotation_v1,A,q_화장품_07,화장품 사는 데,뷰티·미용 중 '화장품'을 판매·제공하는 매장,train,화장품,T4 구어·문장,0f315325-e6df-4ed4-909f-c10aef7dbf9b,보바왁싱,뷰티,일번지프라자 골목형상점가,골목형상점가,경기도,,,
c9a6fbf403651d493d76,full_annotation_v1,A,q_화장품_07,화장품 사는 데,뷰티·미용 중 '화장품'을 판매·제공하는 매장,train,화장품,T4 구어·문장,238a6e5d-761c-4d7f-8b62-714c525cd97b,카페꽃이피다원주혁신점,커피,혁신도시4구역골목형상점가,골목형상점가,강원특별자치도,,,
3854cfde330a6a956a75,full_annotation_v1,A,q_화장품_07,화장품 사는 데,뷰티·미용 중 '화장품'을 판매·제공하는 매장,train,화장품,T4 구어·문장,eb85bc78-3cba-4401-8426-e3ee7cc9af56,화장품 백화점,화장품,수영팔도시장(구 수영팔도상가시장),전통시장,부산광역시,,,
89d6887c06e49140965c,full_annotation_v1,A,q_화장품_07,화장품 사는 데,뷰티·미용 중 '화장품'을 판매·제공하는 매장,train,화장품,T4 구어·문장,cada6b06-1003-43af-9441-81aad2b0d684,화장품박사,화장품,벽산황계로 골목형상점가,골목형상점가,광주광역시,,,
85dd9b99cc5c36e45088,full_annotation_v1,A,q_화장품_07,화장품 사는 데,뷰티·미용 중 '화장품'을 판매·제공하는 매장,train,화장품,T4 구어·문장,a126320c-222a-4df7-9796-85e372d713d8,LJ양꼬치전문점,중식,뷰티거리골목형상점가,골목형상점가,서울특별시,,,
d95ff86261426d1ca246,full_annotation_v1,A,q_화장품_07,화장품 사는 데,뷰티·미용 중 '화장품'을 판매·제공하는 매장,train,화장품,T4 구어·문장,6139e039-5606-406d-b18a-52dc81c11bac,퀸화장품,화장품,청학시장,전통시장,부산광역시,,,
353f24f788652895deed,full_annotation_v1,A,q_화장품_07,화장품 사는 데,뷰티·미용 중 '화장품'을 판매·제공하는 매장,train,화장품,T4 구어·문장,0001b1fc-5455-433e-8e94-96d051362b17,유난희헤어샵,미용실,창원 대동그린코아상가,전통시장,경상남도,,,
be68133aa99b2082eca9,full_annotation_v1,A,q_화장품_07,화장품 사는 데,뷰티·미용 중 '화장품'을 판매·제공하는 매장,train,화장품,T4 구어·문장,98f618f8-f4af-41db-9266-818632b511d6,미람화장품,화장품,정릉서경대길골목형상점가(정릉골),골목형상점가,서울특별시,,,
6c5bbeaabf42d546d1c1,full_annotation_v1,A,q_화장품_07,화장품 사는 데,뷰티·미용 중 '화장품'을 판매·제공하는 매장,train,화장품,T4 구어·문장,5d79f4e1-5919-4815-bfa3-b8276b8b6c16,엑소더마 화장품,화장품,발안만세시장(구 발안시장),전통시장,경기도,,,
155548eac14225027989,full_annotation_v1,A,q_화장품_07,화장품 사는 데,뷰티·미용 중 '화장품'을 판매·제공하는 매장,train,화장품,T4 구어·문장,00138176-f25b-4a96-9761-dd00f1a4dd28,보아스헤어아트,미용,봉제산길골목형상점가,골목형상점가,서울특별시,,,
535b5d1c74f8b3f5ccb8,full_annotation_v1,A,q_화장품_07,화장품 사는 데,뷰티·미용 중 '화장품'을 판매·제공하는 매장,train,화장품,T4 구어·문장,4ecb7f69-cfc0-4f2c-a7ba-50d8f0898832,보떼 화장품,화장품,전곡중앙상가 골목형상점가,골목형상점가,경기도,,,
bb11e003122f6a7024b1,full_annotation_v1,A,q_화장품_07,화장품 사는 데,뷰티·미용 중 '화장품'을 판매·제공하는 매장,train,화장품,T4 구어·문장,b43a0cc5-bd49-437b-aea5-fea680a2a158,화장품천국,화장품,반송시장,전통시장,부산광역시,,,
b9296e7c218cf70b234a,full_annotation_v1,A,q_화장품_07,화장품 사는 데,뷰티·미용 중 '화장품'을 판매·제공하는 매장,train,화장품,T4 구어·문장,4e5fb766-62f9-40b9-8eed-24b64425cb4a,태후사랑,화장품,화정한울타리상인회 골목형상점가,골목형상점가,광주광역시,,,
8acecd7f009b78feb3dd,full_annotation_v1,A,q_화장품_07,화장품 사는 데,뷰티·미용 중 '화장품'을 판매·제공하는 매장,train,화장품,T4 구어·문장,53c58d3f-1c3c-48b3-9abe-4135c41fa8b9,미래화장품,화장품,남구로시장,전통시장,서울특별시,,,
d9cfe222c682692b5e57,full_annotation_v1,A,q_화장품_07,화장품 사는 데,뷰티·미용 중 '화장품'을 판매·제공하는 매장,train,화장품,T4 구어·문장,000d8836-38bd-43a9-92f2-698d67d5926b,라미헤어스튜디오,미용실,포항중앙상가,전통시장,경상북도,,,
3a8dd93ad1c064ed9bc3,full_annotation_v1,A,q_화장품_07,화장품 사는 데,뷰티·미용 중 '화장품'을 판매·제공하는 매장,train,화장품,T4 구어·문장,58dba530-c10f-441c-a5df-9e8bf6b27415,세니떼 화장품,화장품,강진읍 상권활성화구역,상권활성화구역,전라남도,,,
8c315de8983a0396807f,full_annotation_v1,A,q_화장품_07,화장품 사는 데,뷰티·미용 중 '화장품'을 판매·제공하는 매장,train,화장품,T4 구어·문장,6e7ce964-2853-4b37-99f1-7cc40b43c10d,태양상회,건어물,춘천동부시장,전통시장,강원특별자치도,,,
650d34f9302646e1c7e3,full_annotation_v1,A,q_화장품_07,화장품 사는 데,뷰티·미용 중 '화장품'을 판매·제공하는 매장,train,화장품,T4 구어·문장,8afe54e0-103c-41f5-9834-68a1ccb1aca2,화장품,화장품,월배시장,전통시장,대구광역시,,,
d26de2a42288d9100fcf,full_annotation_v1,A,q_화장품_07,화장품 사는 데,뷰티·미용 중 '화장품'을 판매·제공하는 매장,train,화장품,T4 구어·문장,7d04c7a3-d359-4185-b637-46fa74c82379,지(G)화장품,화장품,518먹자골목상인회 골목형상점가,골목형상점가,광주광역시,,,
86ec662fbafe4c99426b,full_annotation_v1,A,q_화장품_07,화장품 사는 데,뷰티·미용 중 '화장품'을 판매·제공하는 매장,train,화장품,T4 구어·문장,f5fcd56b-89e6-4719-99f4-2f807524366d,더페이스샵 화장품,화장품,"온양온천시장(온양재래시장, 전통시장)",전통시장,충청남도,,,
129554564e2187508031,full_annotation_v1,A,q_화장품_07,화장품 사는 데,뷰티·미용 중 '화장품'을 판매·제공하는 매장,train,화장품,T4 구어·문장,66f1a29f-71ed-4756-a652-3535593e787e,코어(core),의류판매,유엔남구 대학로 상권,,부산광역시,,,
ed1510cecf93e4ae0db6,full_annotation_v1,A,q_화장품_07,화장품 사는 데,뷰티·미용 중 '화장품'을 판매·제공하는 매장,train,화장품,T4 구어·문장,4d5efbd7-9f1e-49ff-9119-175a5b65d483,각시방 화장품,화장품,학장반도보라상가,전통시장,부산광역시,,,
92c0c24e26ee8948936f,full_annotation_v1,A,q_화장품_07,화장품 사는 데,뷰티·미용 중 '화장품'을 판매·제공하는 매장,train,화장품,T4 구어·문장,1f699a26-6615-4fe2-8dad-2ff4bc27203c,화장품 잡화,,서부시장(서부재래시장),전통시장,충청남도,,,
bda8d06eebd572cc0ad1,full_annotation_v1,A,q_화장품_07,화장품 사는 데,뷰티·미용 중 '화장품'을 판매·제공하는 매장,train,화장품,T4 구어·문장,2aff4ec1-3422-4591-9052-75fa0851e04a,가인 화장품,화장품,쌍문시장(쌍문역골목시장),전통시장,서울특별시,,,
89751d367472e94436fe,full_annotation_v1,A,q_화장품_07,화장품 사는 데,뷰티·미용 중 '화장품'을 판매·제공하는 매장,train,화장품,T4 구어·문장,282b0e8b-051c-49f9-a707-b982df803589,까라벨라 데 오르,스파게티,동명동 카페거리 골목형상점가,골목형상점가,광주광역시,,,
a431b726993cdf76de23,full_annotation_v1,A,q_화장품_07,화장품 사는 데,뷰티·미용 중 '화장품'을 판매·제공하는 매장,train,화장품,T4 구어·문장,954309bc-df6d-48a8-9f8d-d4ff97316c87,화장품천국,화장품,임방울거리1구역 골목형상점가,골목형상점가,광주광역시,,,
e5247a6c0cedf615c040,full_annotation_v1,A,q_화장품_07,화장품 사는 데,뷰티·미용 중 '화장품'을 판매·제공하는 매장,train,화장품,T4 구어·문장,860a0059-75a9-49fc-beaa-094ee65b0627,이사벨 화장품,화장품,구미새마을중앙시장,전통시장,경상북도,,,
d85e6502607d2885a2f0,full_annotation_v1,A,q_화장품_07,화장품 사는 데,뷰티·미용 중 '화장품'을 판매·제공하는 매장,train,화장품,T4 구어·문장,df91f0e1-3d54-41df-8937-725efdf7cc5d,스타화장품,화장품,시장로타리지하상가,일반지하상점가,인천광역시,,,
f5a14a25e8a9e99f4bc7,full_annotation_v1,A,q_화장품_07,화장품 사는 데,뷰티·미용 중 '화장품'을 판매·제공하는 매장,train,화장품,T4 구어·문장,4413a139-e195-4232-812d-9fa304fe6415,윤결미,화장품,흑석동 골목형상점가,골목형상점가,광주광역시,,,
05f61b15d154f9224278,full_annotation_v1,A,q_화장품_07,화장품 사는 데,뷰티·미용 중 '화장품'을 판매·제공하는 매장,train,화장품,T4 구어·문장,7fef9da1-c2fa-480f-a2f5-c0397bca26de,피부짱화장품,화장품,역곡상상시장(구 역곡북부시장),전통시장,경기도,,,
31be0eb7e938f9fc49de,full_annotation_v1,A,q_화장품_07,화장품 사는 데,뷰티·미용 중 '화장품'을 판매·제공하는 매장,train,화장품,T4 구어·문장,36c76327-b17c-49aa-b4d6-7d4e0891acba,지은이네 화장품,화장품,안성맞춤시장,전통시장,경기도,,,
a7a8a1c522041331436d,full_annotation_v1,A,q_화장품_07,화장품 사는 데,뷰티·미용 중 '화장품'을 판매·제공하는 매장,train,화장품,T4 구어·문장,2f8b2a72-e18d-4719-8b01-4e5b97c64635,네일리버,,승달 골목형상점가,골목형상점가,,,,
c0225bc59180c6e4144c,full_annotation_v1,A,q_화장품_07,화장품 사는 데,뷰티·미용 중 '화장품'을 판매·제공하는 매장,train,화장품,T4 구어·문장,70eb0ff6-4727-4c26-899d-eda982d640c6,예뻐지는 화장품,화장품,성동용답상가시장,전통시장,서울특별시,,,
1283d9d26379037171e1,full_annotation_v1,A,q_화장품_07,화장품 사는 데,뷰티·미용 중 '화장품'을 판매·제공하는 매장,train,화장품,T4 구어·문장,52a912b5-3522-4b35-b98d-f1564269b7d9,태후사랑,화장품,상암마을상인회 골목형상점가,골목형상점가,광주광역시,,,
c41cd9c1a3becf71cd73,full_annotation_v1,A,q_화장품_07,화장품 사는 데,뷰티·미용 중 '화장품'을 판매·제공하는 매장,train,화장품,T4 구어·문장,51fd05d6-a07e-471c-8d56-8be03e65d226,데생,화장품,신안코아,전통시장,경기도,,,
e18720dff96cefbdf3c7,full_annotation_v1,A,q_화장품_07,화장품 사는 데,뷰티·미용 중 '화장품'을 판매·제공하는 매장,train,화장품,T4 구어·문장,c1dfd5b5-e652-48bd-8807-12d98c2d99d1,이디야커피 부산부경대점,한식,유엔남구 대학로 상권,,부산광역시,,,
6de11702330dfe7a95c1,full_annotation_v1,A,q_화장품_07,화장품 사는 데,뷰티·미용 중 '화장품'을 판매·제공하는 매장,train,화장품,T4 구어·문장,33646e5a-beb8-41d6-9e40-cbf61a88aea2,버거킹안동중앙점,프렌차이즈음식,안동중앙문화의거리상점가,자율상권구역,경상북도,,,
a459a7f9dbfa81a110ee,full_annotation_v1,A,q_화장품_07,화장품 사는 데,뷰티·미용 중 '화장품'을 판매·제공하는 매장,train,화장품,T4 구어·문장,0d233824-458b-4581-a849-40c01071c834,리즈뷰티,,송월동 택지 골목형상점가,골목형상점가,,,,
6b6caba6678b073f006a,full_annotation_v1,A,q_화장품_07,화장품 사는 데,뷰티·미용 중 '화장품'을 판매·제공하는 매장,train,화장품,T4 구어·문장,048c7063-48a2-411c-af7b-9c7542f5af36,화장품뷰티몰,화장품,괴정골목시장,전통시장,부산광역시,,,
9020de857b065b500195,full_annotation_v1,A,q_화장품_07,화장품 사는 데,뷰티·미용 중 '화장품'을 판매·제공하는 매장,train,화장품,T4 구어·문장,3183d21d-dd2a-406d-9f6b-ff3a4866474f,하늘가득 화장품,도소매(화장품),남부골목시장,전통시장,서울특별시,,,
e8d5e6ec2a858eb2326c,full_annotation_v1,A,q_화장품_07,화장품 사는 데,뷰티·미용 중 '화장품'을 판매·제공하는 매장,train,화장품,T4 구어·문장,1114b6dc-e5dd-4638-8125-571c81bbe9b3,호이스킨케어,스킨케어,맛남길 골목형상점가,골목형상점가,강원특별자치도,,,
eafc910e1c05bc61bb7f,full_annotation_v1,A,q_화장품_07,화장품 사는 데,뷰티·미용 중 '화장품'을 판매·제공하는 매장,train,화장품,T4 구어·문장,41f3c653-cbdb-493a-bb8a-7b49101badd2,엠제이코스메틱주식회사,,둔산2동 골목형상점가,골목형상점가,대전광역시,,,
add0123959edfb87e12f,full_annotation_v1,A,q_화장품_07,화장품 사는 데,뷰티·미용 중 '화장품'을 판매·제공하는 매장,train,화장품,T4 구어·문장,b847ff5b-6bd6-4458-8565-750c28aa58fa,태후사랑,화장품,풍암초앞상인회 골목형상점가,골목형상점가,광주광역시,,,
ba19cb73a9fb7b441799,full_annotation_v1,A,q_화장품_07,화장품 사는 데,뷰티·미용 중 '화장품'을 판매·제공하는 매장,train,화장품,T4 구어·문장,ce63688a-e994-4376-8780-f30eb2f24cfd,태경란제리,속옷,신매시장,전통시장,대구광역시,,,
034410baeaf4b4f220b6,full_annotation_v1,A,q_화장품_07,화장품 사는 데,뷰티·미용 중 '화장품'을 판매·제공하는 매장,train,화장품,T4 구어·문장,a31e598a-ae3f-4f19-b62f-b447259c1416,흑백화장품,화장품,맘모스상가 골목형상점가,골목형상점가,부산광역시,,,
cb136fc27240788ede7c,full_annotation_v1,A,q_화장품_07,화장품 사는 데,뷰티·미용 중 '화장품'을 판매·제공하는 매장,train,화장품,T4 구어·문장,5621bc4b-cd40-4f92-a84d-f752bcad2701,스켓치화장품,화장품,초량 이음자율상권,,부산광역시,,,
7a68aa0b588b6164775f,full_annotation_v1,A,q_화장품_07,화장품 사는 데,뷰티·미용 중 '화장품'을 판매·제공하는 매장,train,화장품,T4 구어·문장,4fbd024e-988d-4c9f-91a9-897d18d89145,무안이불,,승달 골목형상점가,골목형상점가,,,,
1fba4b2ae3c8ab90e8b4,full_annotation_v1,A,q_화장품_07,화장품 사는 데,뷰티·미용 중 '화장품'을 판매·제공하는 매장,train,화장품,T4 구어·문장,27660986-c749-4e4a-a41f-7f7d1cd9d9ac,혁신로약국,의약품 의료기기,혁신도시5구역골목형상점가,골목형상점가,강원특별자치도,,,
4dd9422b4c7c6f8d91cf,full_annotation_v1,A,q_화장품_07,화장품 사는 데,뷰티·미용 중 '화장품'을 판매·제공하는 매장,train,화장품,T4 구어·문장,fe6bbd24-a9a3-4750-843b-54154b113fe7,예솔이 화장품,화장품,법원 앞 사과마을 골목형상점가,골목형상점가,광주광역시,,,
1d6c50b20d3c5d475aa6,full_annotation_v1,A,q_화장품_07,화장품 사는 데,뷰티·미용 중 '화장품'을 판매·제공하는 매장,train,화장품,T4 구어·문장,001d63b0-b37c-4216-91a0-c9d4147a91b9,아워필라테스스튜디오,서비스,보람동 골목형상점가,골목형상점가,세종특별자치시,,,
f71f999bdb243b482b54,full_annotation_v1,A,q_화장품_07,화장품 사는 데,뷰티·미용 중 '화장품'을 판매·제공하는 매장,train,화장품,T4 구어·문장,0a7f0c23-7b25-48d2-a6b9-69c6b1d0173d,뷰티로다,,이안센트럴D 골목형상점가,골목형상점가,대구광역시,,,
58673f301017ca7ff0dd,full_annotation_v1,A,q_화장품_07,화장품 사는 데,뷰티·미용 중 '화장품'을 판매·제공하는 매장,train,화장품,T4 구어·문장,7c443c40-0601-435e-9de7-e38870f50450,화장품천국,화장품,옥골시장,전통시장,울산광역시,,,
9fb260b7ac321d983175,full_annotation_v1,A,q_화장품_07,화장품 사는 데,뷰티·미용 중 '화장품'을 판매·제공하는 매장,train,화장품,T4 구어·문장,4fbd373f-4818-4436-a073-42838e7af09b,애띠방,화장품,전주모래내시장,전통시장,전북특별자치도,,,
fa24393a34c9cde217f1,full_annotation_v1,A,q_화장품_07,화장품 사는 데,뷰티·미용 중 '화장품'을 판매·제공하는 매장,train,화장품,T4 구어·문장,2f69bec8-306e-4a50-ab87-a908eec2934a,자이 화장품,화장품,안양중앙인정시장,전통시장,경기도,,,
09d382091a7a542805ce,full_annotation_v1,A,q_화장품_07,화장품 사는 데,뷰티·미용 중 '화장품'을 판매·제공하는 매장,train,화장품,T4 구어·문장,03556890-a970-4fbe-9dcd-92316614862e,화장품 백화점,화장품 생활용품,안성 전통 옛장터길 골목형상점가,골목형상점가,경기도,,,
157e4803449cd1f629f7,full_annotation_v1,A,q_화장품_07,화장품 사는 데,뷰티·미용 중 '화장품'을 판매·제공하는 매장,train,화장품,T4 구어·문장,aff69bd3-40fc-46d9-90d3-8baf69548bee,샤벨화장품,화장품,세종전통시장,전통시장,세종특별자치시,,,
5405bf7abac99848f5d0,full_annotation_v1,A,q_화장품_07,화장품 사는 데,뷰티·미용 중 '화장품'을 판매·제공하는 매장,train,화장품,T4 구어·문장,3531ad10-6f9d-4e70-9717-b442eb667322,미젤 화장품,,도마달 골목형상점가,골목형상점가,대전광역시,,,
8db03dc8aab348be93fa,full_annotation_v1,A,q_화장품_07,화장품 사는 데,뷰티·미용 중 '화장품'을 판매·제공하는 매장,train,화장품,T4 구어·문장,b2aaf77b-c2c2-4872-bfdf-9742a87f743d,하나로 코스메틱 종합 화장품,,수완중흥대방 골목형상점가,골목형상점가,광주광역시,,,
a8a9add146dbb6a16101,full_annotation_v1,A,q_화장품_07,화장품 사는 데,뷰티·미용 중 '화장품'을 판매·제공하는 매장,train,화장품,T4 구어·문장,f14df4d3-9858-4a8b-8597-20fd477d8e32,갤러리 데 루치아,가구,용인어정가구단지상점가,자율상권구역,경기도,,,
e3a522163c3fe581c9c2,full_annotation_v1,A,q_화장품_07,화장품 사는 데,뷰티·미용 중 '화장품'을 판매·제공하는 매장,train,화장품,T4 구어·문장,28a8355a-d0d5-441c-b261-2a6590f6249a,하얀2 화장품,화장품,북수원시장( 구 파장시장),전통시장,경기도,,,
48f99636945c32a53b97,full_annotation_v1,A,q_화장품_07,화장품 사는 데,뷰티·미용 중 '화장품'을 판매·제공하는 매장,train,화장품,T4 구어·문장,003cdc8a-95fe-43ea-8350-f4c63913a6f8,정선화장품,화장품,오천시장,전통시장,경상북도,,,
1c7898374f2cd80bdbeb,full_annotation_v1,A,q_화장품_07,화장품 사는 데,뷰티·미용 중 '화장품'을 판매·제공하는 매장,train,화장품,T4 구어·문장,7f2bb43c-317c-4a43-8f2a-398d283affbe,로덱스 화장품,화장품,창원 가음시장대상가,전통시장,경상남도,,,
ece4042e5e0afca6c032,full_annotation_v1,A,q_화장품_07,화장품 사는 데,뷰티·미용 중 '화장품'을 판매·제공하는 매장,train,화장품,T4 구어·문장,008c73ed-3ece-452b-aa49-b96b73ff1ba1,온결 스킨앤바디,화장품,가재마을 골목형상점가,골목형상점가,세종특별자치시,,,
b3d08117f251376811eb,full_annotation_v1,A,q_화장품_07,화장품 사는 데,뷰티·미용 중 '화장품'을 판매·제공하는 매장,train,화장품,T4 구어·문장,6d471d32-2856-4de2-8e8c-ec0fd815664d,블루화장품,화장품,창원 가음시장대상가,전통시장,경상남도,,,
1685ad1f066ec15a1448,full_annotation_v1,A,q_화장품_07,화장품 사는 데,뷰티·미용 중 '화장품'을 판매·제공하는 매장,train,화장품,T4 구어·문장,aba76fc2-984e-4030-ba01-e2e7d78264c7,데 아로즈 대전둔산본점,,갈리단길 골목형상점가,골목형상점가,대전광역시,,,
a966fac61bb1da626049,full_annotation_v1,A,q_화장품_07,화장품 사는 데,뷰티·미용 중 '화장품'을 판매·제공하는 매장,train,화장품,T4 구어·문장,04ede6f2-6489-4c97-8419-e602070b7946,타임뷰티,뷰티,맛조이상인회 골목형상점가,골목형상점가,광주광역시,,,
94bdfefb2a26302cacc2,full_annotation_v1,A,q_화장품_07,화장품 사는 데,뷰티·미용 중 '화장품'을 판매·제공하는 매장,train,화장품,T4 구어·문장,48e16b0a-91a9-412d-8e10-ce39a8df7341,비앙벨 화장품,화장품,염주상인회 골목형상점가,골목형상점가,광주광역시,,,
280334dab7e06caf067a,full_annotation_v1,A,q_화장품_07,화장품 사는 데,뷰티·미용 중 '화장품'을 판매·제공하는 매장,train,화장품,T4 구어·문장,8258057e-05a9-45a9-a9d8-9e93314a6401,비엘(BL)화장품,화장품,달서시장,전통시장,대구광역시,,,
425dc402b4a915a455cd,full_annotation_v1,A,q_화장품_07,화장품 사는 데,뷰티·미용 중 '화장품'을 판매·제공하는 매장,train,화장품,T4 구어·문장,39a31b6f-0d34-4c01-812b-c19d27e43fea,뷰티 고울 수,전신피부미용 스킨케어바디케어,용산지구 골목형상점가,골목형상점가,광주광역시,,,
ba8aac72868cb9a107c5,full_annotation_v1,A,q_화장품_07,화장품 사는 데,뷰티·미용 중 '화장품'을 판매·제공하는 매장,train,화장품,T4 구어·문장,67045a10-41ce-4254-867e-3f29c7593769,화장품 마트,화장품,반여2동상가시장,전통시장,부산광역시,,,
f9a96be0c8cc4857d466,full_annotation_v1,A,q_화장품_07,화장품 사는 데,뷰티·미용 중 '화장품'을 판매·제공하는 매장,train,화장품,T4 구어·문장,b214edb4-72ac-4a76-9add-35c000df8c02,명동손,칼국수,중앙로상점가,자율상권구역,제주특별자치도,,,
229609b542a6cd6fc491,full_annotation_v1,A,q_화장품_07,화장품 사는 데,뷰티·미용 중 '화장품'을 판매·제공하는 매장,train,화장품,T4 구어·문장,d8ff42b9-3bc9-4e4c-be6e-55ae09e26c57,셀트,화장품,월드밸리,전통시장,부산광역시,,,
ad2d9d82bb7a7395e32e,full_annotation_v1,A,q_화장품_07,화장품 사는 데,뷰티·미용 중 '화장품'을 판매·제공하는 매장,train,화장품,T4 구어·문장,7683aea7-645e-4a86-8398-6e78c2872e99,화장품 마트,화장품,정이있는 구포시장,전통시장,부산광역시,,,
0fc2ce3d97f1e154c0f3,full_annotation_v1,A,q_화장품_07,화장품 사는 데,뷰티·미용 중 '화장품'을 판매·제공하는 매장,train,화장품,T4 구어·문장,00131122-77cf-4772-b141-202f0f950f5c,라라샵,화장품,유성신나는 골목형상점가,골목형상점가,대전광역시,,,
30ea1c47cccbd53a4387,full_annotation_v1,A,q_화장품_07,화장품 사는 데,뷰티·미용 중 '화장품'을 판매·제공하는 매장,train,화장품,T4 구어·문장,d3e037d6-a1a7-4f9b-bbd1-01ae64e40277,태후사랑,화장품,신봉동 온누리 골목형상점가,골목형상점가,경기도,,,
385f7838368c8eaff8c0,full_annotation_v1,A,q_화장품_07,화장품 사는 데,뷰티·미용 중 '화장품'을 판매·제공하는 매장,train,화장품,T4 구어·문장,e980ca69-b7cf-4d31-b12b-101332012eea,예쁘다 화장품,화장품,충주자유시장,전통시장,충청북도,,,
199f476dcff28787cd62,full_annotation_v1,A,q_화장품_07,화장품 사는 데,뷰티·미용 중 '화장품'을 판매·제공하는 매장,train,화장품,T4 구어·문장,0009149f-621a-493e-9fd1-252a8ac6c75b,글로리,미용실,중흥동 큰샘길 골목형상점가,골목형상점가,광주광역시,,,
b022d4bf5340d53487e9,full_annotation_v1,A,q_화장품_07,화장품 사는 데,뷰티·미용 중 '화장품'을 판매·제공하는 매장,train,화장품,T4 구어·문장,2ce3570b-16d5-451f-b441-12b5b0ffd802,화장품,,잠실 장미종합상가 골목형상점가,골목형상점가,서울특별시,,,
0739f21e0599ecb434a7,full_annotation_v1,A,q_화장품_08,화장품 파는 곳,뷰티·미용 중 '화장품'을 판매·제공하는 매장,train,화장품,T4 구어·문장,954309bc-df6d-48a8-9f8d-d4ff97316c87,화장품천국,화장품,임방울거리1구역 골목형상점가,골목형상점가,광주광역시,,,
893b445c6b8db8d9188c,full_annotation_v1,A,q_화장품_08,화장품 파는 곳,뷰티·미용 중 '화장품'을 판매·제공하는 매장,train,화장품,T4 구어·문장,3531ad10-6f9d-4e70-9717-b442eb667322,미젤 화장품,,도마달 골목형상점가,골목형상점가,대전광역시,,,
8ca6007d85229d8ccbe1,full_annotation_v1,A,q_화장품_08,화장품 파는 곳,뷰티·미용 중 '화장품'을 판매·제공하는 매장,train,화장품,T4 구어·문장,ab133c7a-423d-42c9-9499-a7d72db1f6f2,슈퍼(체인점)화장품,화장품,구미종합상가,전통시장,경상북도,,,
bdea44a0594be8394d9b,full_annotation_v1,A,q_화장품_08,화장품 파는 곳,뷰티·미용 중 '화장품'을 판매·제공하는 매장,train,화장품,T4 구어·문장,1114b6dc-e5dd-4638-8125-571c81bbe9b3,호이스킨케어,스킨케어,맛남길 골목형상점가,골목형상점가,강원특별자치도,,,
0a9effafe29c62b3b60b,full_annotation_v1,A,q_화장품_08,화장품 파는 곳,뷰티·미용 중 '화장품'을 판매·제공하는 매장,train,화장품,T4 구어·문장,d51bb28c-7b90-4786-923f-16b299e1d65d,연지곤지 화장품,화장품,우정전통시장,전통시장,울산광역시,,,
342f673e367202341135,full_annotation_v1,A,q_화장품_08,화장품 파는 곳,뷰티·미용 중 '화장품'을 판매·제공하는 매장,train,화장품,T4 구어·문장,c161453d-f2c8-4b97-a2c3-a54e0cbdb7e8,생활용품 싸게 파는 집,잡화,안성중앙시장,전통시장,경기도,,,
ee51e9b47272d1145abc,full_annotation_v1,A,q_화장품_08,화장품 파는 곳,뷰티·미용 중 '화장품'을 판매·제공하는 매장,train,화장품,T4 구어·문장,0009149f-621a-493e-9fd1-252a8ac6c75b,글로리,미용실,중흥동 큰샘길 골목형상점가,골목형상점가,광주광역시,,,
8960fcddb645757ffb77,full_annotation_v1,A,q_화장품_08,화장품 파는 곳,뷰티·미용 중 '화장품'을 판매·제공하는 매장,train,화장품,T4 구어·문장,9cfeb8e3-1576-447f-90da-59186c7384f1,다온 화장품,화장품,신탄진시장,전통시장,대전광역시,,,
45a908097fb510df70cb,full_annotation_v1,A,q_화장품_08,화장품 파는 곳,뷰티·미용 중 '화장품'을 판매·제공하는 매장,train,화장품,T4 구어·문장,7fef9da1-c2fa-480f-a2f5-c0397bca26de,피부짱화장품,화장품,역곡상상시장(구 역곡북부시장),전통시장,경기도,,,
70a121e2a8506a00646c,full_annotation_v1,A,q_화장품_08,화장품 파는 곳,뷰티·미용 중 '화장품'을 판매·제공하는 매장,train,화장품,T4 구어·문장,4fbd373f-4818-4436-a073-42838e7af09b,애띠방,화장품,전주모래내시장,전통시장,전북특별자치도,,,
979038a159280d0b3549,full_annotation_v1,A,q_화장품_08,화장품 파는 곳,뷰티·미용 중 '화장품'을 판매·제공하는 매장,train,화장품,T4 구어·문장,5bc6896f-c254-47a1-9677-97742d53526f,알찬하루 목포점,음식,뒷개로청춘골목상점가,골목형상점가,전라남도,,,
b796e2e4149128dc2b75,full_annotation_v1,A,q_화장품_08,화장품 파는 곳,뷰티·미용 중 '화장품'을 판매·제공하는 매장,train,화장품,T4 구어·문장,76a3551b-dae4-4326-92cc-662015aedbfb,쉴 곳,한식,칠성로상점가,자율상권구역,제주특별자치도,,,
36e2102187e8de71a35a,full_annotation_v1,A,q_화장품_08,화장품 파는 곳,뷰티·미용 중 '화장품'을 판매·제공하는 매장,train,화장품,T4 구어·문장,0d233824-458b-4581-a849-40c01071c834,리즈뷰티,,송월동 택지 골목형상점가,골목형상점가,,,,
286481e6beab2651ff43,full_annotation_v1,A,q_화장품_08,화장품 파는 곳,뷰티·미용 중 '화장품'을 판매·제공하는 매장,train,화장품,T4 구어·문장,2ce3570b-16d5-451f-b441-12b5b0ffd802,화장품,,잠실 장미종합상가 골목형상점가,골목형상점가,서울특별시,,,
3cf99bd78900df6ae855,full_annotation_v1,A,q_화장품_08,화장품 파는 곳,뷰티·미용 중 '화장품'을 판매·제공하는 매장,train,화장품,T4 구어·문장,abccedd0-218d-4020-afcd-a7d131cf161d,네일에이치,미용 (네일),부천 옥길 골목형상점가,골목형상점가,경기도,,,
23c9516a74e1e876acd1,full_annotation_v1,A,q_화장품_08,화장품 파는 곳,뷰티·미용 중 '화장품'을 판매·제공하는 매장,train,화장품,T4 구어·문장,f310a460-1e2b-4578-acb0-83c4a8aa388b,에이치온헤어,두발미용업,부천 옥길 골목형상점가,골목형상점가,경기도,,,
2335f193b3807f6552b9,full_annotation_v1,A,q_화장품_08,화장품 파는 곳,뷰티·미용 중 '화장품'을 판매·제공하는 매장,train,화장품,T4 구어·문장,897d84d6-51a0-4b4b-a71b-b87033e13a72,경현화장품,화장품,사직시장,전통시장,부산광역시,,,
e0ec1ee4ba03d86c2cb3,full_annotation_v1,A,q_화장품_08,화장품 파는 곳,뷰티·미용 중 '화장품'을 판매·제공하는 매장,train,화장품,T4 구어·문장,3558a0a1-eb2b-491e-9990-fd448dc27077,화장품짱,화장품,부전상가시장,전통시장,부산광역시,,,
9dd6b429f47474eedaa8,full_annotation_v1,A,q_화장품_08,화장품 파는 곳,뷰티·미용 중 '화장품'을 판매·제공하는 매장,train,화장품,T4 구어·문장,0017ec9c-4997-4ef5-a552-7fffc7dd149c,아리따움 진주서부점,화장품,진주 새서부시장,전통시장,경상남도,,,
a8fcafffd782011f5a56,full_annotation_v1,A,q_화장품_08,화장품 파는 곳,뷰티·미용 중 '화장품'을 판매·제공하는 매장,train,화장품,T4 구어·문장,fd281ad7-fdfe-477e-b4cb-4074d3224652,민혜화장품,화장품,시흥삼미시장,전통시장,경기도,,,
9a52f70c2347f492025f,full_annotation_v1,A,q_화장품_08,화장품 파는 곳,뷰티·미용 중 '화장품'을 판매·제공하는 매장,train,화장품,T4 구어·문장,c111ac9d-3f3a-405c-a8db-4d127ccda9e2,행복이 있는 곳,잡화,제주로얄쇼핑센터,자율상권구역,제주특별자치도,,,
9345557bbe76a1cec478,full_annotation_v1,A,q_화장품_08,화장품 파는 곳,뷰티·미용 중 '화장품'을 판매·제공하는 매장,train,화장품,T4 구어·문장,4413a139-e195-4232-812d-9fa304fe6415,윤결미,화장품,흑석동 골목형상점가,골목형상점가,광주광역시,,,
88426101a68a23576c71,full_annotation_v1,A,q_화장품_08,화장품 파는 곳,뷰티·미용 중 '화장품'을 판매·제공하는 매장,train,화장품,T4 구어·문장,3183d21d-dd2a-406d-9f6b-ff3a4866474f,하늘가득 화장품,도소매(화장품),남부골목시장,전통시장,서울특별시,,,
5ae58b857e6f0068041a,full_annotation_v1,A,q_화장품_08,화장품 파는 곳,뷰티·미용 중 '화장품'을 판매·제공하는 매장,train,화장품,T4 구어·문장,caa6cf2f-91b3-4bd9-a57a-cdb4fadf3cb3,빨간입술 화장품,화장품,당감골목시장,전통시장,부산광역시,,,
a1215a56cb0165412f0c,full_annotation_v1,A,q_화장품_08,화장품 파는 곳,뷰티·미용 중 '화장품'을 판매·제공하는 매장,train,화장품,T4 구어·문장,0a7f0c23-7b25-48d2-a6b9-69c6b1d0173d,뷰티로다,,이안센트럴D 골목형상점가,골목형상점가,대구광역시,,,
cad8dca151b16d0eca75,full_annotation_v1,A,q_화장품_08,화장품 파는 곳,뷰티·미용 중 '화장품'을 판매·제공하는 매장,train,화장품,T4 구어·문장,f5fcd56b-89e6-4719-99f4-2f807524366d,더페이스샵 화장품,화장품,"온양온천시장(온양재래시장, 전통시장)",전통시장,충청남도,,,
eb6a8f2facba37e3e911,full_annotation_v1,A,q_화장품_08,화장품 파는 곳,뷰티·미용 중 '화장품'을 판매·제공하는 매장,train,화장품,T4 구어·문장,1f954869-5905-4a02-980a-50ad8533496e,진 화장품,화장품,달아실 골목형상점가,골목형상점가,광주광역시,,,
21fd67f42d23dabd39b2,full_annotation_v1,A,q_화장품_08,화장품 파는 곳,뷰티·미용 중 '화장품'을 판매·제공하는 매장,train,화장품,T4 구어·문장,d5fbd03d-a0da-4708-be77-6b8e3b3fe573,순화장품,화장품,안산다농마트전통시장,전통시장,경기도,,,
106669651bd8f0e1d55e,full_annotation_v1,A,q_화장품_08,화장품 파는 곳,뷰티·미용 중 '화장품'을 판매·제공하는 매장,train,화장품,T4 구어·문장,21b9f6ea-1c7a-45b2-811a-d773499020c5,정성초밥,초밥,뒷개로청춘골목상점가,골목형상점가,전라남도,,,
648ee7ff96445e18b33e,full_annotation_v1,A,q_화장품_08,화장품 파는 곳,뷰티·미용 중 '화장품'을 판매·제공하는 매장,train,화장품,T4 구어·문장,00222f52-5d1f-4fb1-b0a6-7b4864ce177f,아리따움서대문연희점,화장품,연희사러가,전통시장,서울특별시,,,
60aa8981e4d4701499d1,full_annotation_v1,A,q_화장품_08,화장품 파는 곳,뷰티·미용 중 '화장품'을 판매·제공하는 매장,train,화장품,T4 구어·문장,000d8836-38bd-43a9-92f2-698d67d5926b,라미헤어스튜디오,미용실,포항중앙상가,전통시장,경상북도,,,
ef2395139135aa3517ad,full_annotation_v1,A,q_화장품_08,화장품 파는 곳,뷰티·미용 중 '화장품'을 판매·제공하는 매장,train,화장품,T4 구어·문장,7f2bb43c-317c-4a43-8f2a-398d283affbe,로덱스 화장품,화장품,창원 가음시장대상가,전통시장,경상남도,,,
feb7a0cd25011f0b995b,full_annotation_v1,A,q_화장품_08,화장품 파는 곳,뷰티·미용 중 '화장품'을 판매·제공하는 매장,train,화장품,T4 구어·문장,2743811c-5e71-4d2b-aa75-1b0147d44f2d,사우 꽃이 피는 곳,꽃,김포 풍년마을 골목형상점가,골목형상점가,경기도,,,
1c23ec7cc26687e8a709,full_annotation_v1,A,q_화장품_08,화장품 파는 곳,뷰티·미용 중 '화장품'을 판매·제공하는 매장,train,화장품,T4 구어·문장,4d5efbd7-9f1e-49ff-9119-175a5b65d483,각시방 화장품,화장품,학장반도보라상가,전통시장,부산광역시,,,
0beeefa1d27a1d0ef61a,full_annotation_v1,A,q_화장품_08,화장품 파는 곳,뷰티·미용 중 '화장품'을 판매·제공하는 매장,train,화장품,T4 구어·문장,53c58d3f-1c3c-48b3-9abe-4135c41fa8b9,미래화장품,화장품,남구로시장,전통시장,서울특별시,,,
24d5000d3514c457060b,full_annotation_v1,A,q_화장품_08,화장품 파는 곳,뷰티·미용 중 '화장품'을 판매·제공하는 매장,train,화장품,T4 구어·문장,3811ef46-c401-4443-91dc-6827d8bee817,경희대국가대표태권도,태권도,군산디오션시티 G플레이스 골목형상점가,골목형상점가,전북특별자치도,,,
ffb1d7c7266e5d0ec711,full_annotation_v1,A,q_화장품_08,화장품 파는 곳,뷰티·미용 중 '화장품'을 판매·제공하는 매장,train,화장품,T4 구어·문장,70eb0ff6-4727-4c26-899d-eda982d640c6,예뻐지는 화장품,화장품,성동용답상가시장,전통시장,서울특별시,,,
71c2485483a051420f70,full_annotation_v1,A,q_화장품_08,화장품 파는 곳,뷰티·미용 중 '화장품'을 판매·제공하는 매장,train,화장품,T4 구어·문장,93c3bc7f-ea08-4913-a9e9-4496b6743f79,대영상회,의류,부산평화시장,전통시장,부산광역시,,,
0489840fe8051d2509e7,full_annotation_v1,A,q_화장품_08,화장품 파는 곳,뷰티·미용 중 '화장품'을 판매·제공하는 매장,train,화장품,T4 구어·문장,67045a10-41ce-4254-867e-3f29c7593769,화장품 마트,화장품,반여2동상가시장,전통시장,부산광역시,,,
58290d01ebbac80f3c1b,full_annotation_v1,A,q_화장품_08,화장품 파는 곳,뷰티·미용 중 '화장품'을 판매·제공하는 매장,train,화장품,T4 구어·문장,6139e039-5606-406d-b18a-52dc81c11bac,퀸화장품,화장품,청학시장,전통시장,부산광역시,,,
2c4618804463116a0fc7,full_annotation_v1,A,q_화장품_08,화장품 파는 곳,뷰티·미용 중 '화장품'을 판매·제공하는 매장,train,화장품,T4 구어·문장,39a31b6f-0d34-4c01-812b-c19d27e43fea,뷰티 고울 수,전신피부미용 스킨케어바디케어,용산지구 골목형상점가,골목형상점가,광주광역시,,,
8474717efbcd703588ea,full_annotation_v1,A,q_화장품_08,화장품 파는 곳,뷰티·미용 중 '화장품'을 판매·제공하는 매장,train,화장품,T4 구어·문장,4ecb7f69-cfc0-4f2c-a7ba-50d8f0898832,보떼 화장품,화장품,전곡중앙상가 골목형상점가,골목형상점가,경기도,,,
5022e7016e0e0795af3f,full_annotation_v1,A,q_화장품_08,화장품 파는 곳,뷰티·미용 중 '화장품'을 판매·제공하는 매장,train,화장품,T4 구어·문장,2aff4ec1-3422-4591-9052-75fa0851e04a,가인 화장품,화장품,쌍문시장(쌍문역골목시장),전통시장,서울특별시,,,
d169714155258b12075a,full_annotation_v1,A,q_화장품_08,화장품 파는 곳,뷰티·미용 중 '화장품'을 판매·제공하는 매장,train,화장품,T4 구어·문장,4128e81b-d433-46d9-8a5c-c02636ab14c0,두별화장품,화장품,조암시장,전통시장,경기도,,,
6ae5b8a3afe4c49a754c,full_annotation_v1,A,q_화장품_08,화장품 파는 곳,뷰티·미용 중 '화장품'을 판매·제공하는 매장,train,화장품,T4 구어·문장,e0774804-7f75-40bf-afbe-ef0a4f164204,란제리 화장품,화장품,발안만세시장(구 발안시장),전통시장,경기도,,,
2f697fb1dfbe9eeb8baf,full_annotation_v1,A,q_화장품_08,화장품 파는 곳,뷰티·미용 중 '화장품'을 판매·제공하는 매장,train,화장품,T4 구어·문장,860a0059-75a9-49fc-beaa-094ee65b0627,이사벨 화장품,화장품,구미새마을중앙시장,전통시장,경상북도,,,
77a59cc859e7babce796,full_annotation_v1,A,q_화장품_08,화장품 파는 곳,뷰티·미용 중 '화장품'을 판매·제공하는 매장,train,화장품,T4 구어·문장,28a8355a-d0d5-441c-b261-2a6590f6249a,하얀2 화장품,화장품,북수원시장( 구 파장시장),전통시장,경기도,,,
30ffc6a58a5a60efc20b,full_annotation_v1,A,q_화장품_08,화장품 파는 곳,뷰티·미용 중 '화장품'을 판매·제공하는 매장,train,화장품,T4 구어·문장,0001b1fc-5455-433e-8e94-96d051362b17,유난희헤어샵,미용실,창원 대동그린코아상가,전통시장,경상남도,,,
47f8ef9ca43db01eac93,full_annotation_v1,A,q_화장품_08,화장품 파는 곳,뷰티·미용 중 '화장품'을 판매·제공하는 매장,train,화장품,T4 구어·문장,6c831555-1e8b-4a1b-807f-342c07ab2296,소망화장품,화장품,부여도심 상권활성화구역,상권활성화구역,충청남도,,,
52ab31b0fb66232c693c,full_annotation_v1,A,q_화장품_08,화장품 파는 곳,뷰티·미용 중 '화장품'을 판매·제공하는 매장,train,화장품,T4 구어·문장,5d79f4e1-5919-4815-bfa3-b8276b8b6c16,엑소더마 화장품,화장품,발안만세시장(구 발안시장),전통시장,경기도,,,
8c61e20ea7dc10eb96d5,full_annotation_v1,A,q_화장품_08,화장품 파는 곳,뷰티·미용 중 '화장품'을 판매·제공하는 매장,train,화장품,T4 구어·문장,62e5716d-69b0-48c7-af56-25ba9abcef19,쥬단학화장품,화장품,울진시장(울진바지게시장),전통시장,경상북도,,,
bd9821bf64c959d5028e,full_annotation_v1,A,q_화장품_08,화장품 파는 곳,뷰티·미용 중 '화장품'을 판매·제공하는 매장,train,화장품,T4 구어·문장,3289cd30-9474-4d1b-ba09-48d454537988,소망 화장품(지지베),화장품,충주자유시장,전통시장,충청북도,,,
3f4b62a832ebc1a860c1,full_annotation_v1,A,q_화장품_08,화장품 파는 곳,뷰티·미용 중 '화장품'을 판매·제공하는 매장,train,화장품,T4 구어·문장,7c443c40-0601-435e-9de7-e38870f50450,화장품천국,화장품,옥골시장,전통시장,울산광역시,,,
842a488d439527c753b6,full_annotation_v1,A,q_화장품_08,화장품 파는 곳,뷰티·미용 중 '화장품'을 판매·제공하는 매장,train,화장품,T4 구어·문장,58dba530-c10f-441c-a5df-9e8bf6b27415,세니떼 화장품,화장품,강진읍 상권활성화구역,상권활성화구역,전라남도,,,
fd73ce4b7e6e0258190a,full_annotation_v1,A,q_화장품_08,화장품 파는 곳,뷰티·미용 중 '화장품'을 판매·제공하는 매장,train,화장품,T4 구어·문장,04ede6f2-6489-4c97-8419-e602070b7946,타임뷰티,뷰티,맛조이상인회 골목형상점가,골목형상점가,광주광역시,,,
63373388eb24a1f5a638,full_annotation_v1,A,q_화장품_08,화장품 파는 곳,뷰티·미용 중 '화장품'을 판매·제공하는 매장,train,화장품,T4 구어·문장,003cdc8a-95fe-43ea-8350-f4c63913a6f8,정선화장품,화장품,오천시장,전통시장,경상북도,,,
a2f1e169e06f184fc958,full_annotation_v1,A,q_화장품_08,화장품 파는 곳,뷰티·미용 중 '화장품'을 판매·제공하는 매장,train,화장품,T4 구어·문장,8afe54e0-103c-41f5-9834-68a1ccb1aca2,화장품,화장품,월배시장,전통시장,대구광역시,,,
565008ac004815cc126a,full_annotation_v1,A,q_화장품_08,화장품 파는 곳,뷰티·미용 중 '화장품'을 판매·제공하는 매장,train,화장품,T4 구어·문장,7683aea7-645e-4a86-8398-6e78c2872e99,화장품 마트,화장품,정이있는 구포시장,전통시장,부산광역시,,,
9caba831de91645c6a99,full_annotation_v1,A,q_화장품_08,화장품 파는 곳,뷰티·미용 중 '화장품'을 판매·제공하는 매장,train,화장품,T4 구어·문장,19c899f2-2f68-4849-932e-8c3032c3dd2d,태후사랑,화장품,태평상가,골목형상점가,경기도,,,
c9ef41cfb081e3856f23,full_annotation_v1,A,q_화장품_08,화장품 파는 곳,뷰티·미용 중 '화장품'을 판매·제공하는 매장,train,화장품,T4 구어·문장,8258057e-05a9-45a9-a9d8-9e93314a6401,비엘(BL)화장품,화장품,달서시장,전통시장,대구광역시,,,
b18df7fc11c068bbe3c0,full_annotation_v1,A,q_화장품_08,화장품 파는 곳,뷰티·미용 중 '화장품'을 판매·제공하는 매장,train,화장품,T4 구어·문장,b2aaf77b-c2c2-4872-bfdf-9742a87f743d,하나로 코스메틱 종합 화장품,,수완중흥대방 골목형상점가,골목형상점가,광주광역시,,,
493e517cc231fa5e6183,full_annotation_v1,A,q_화장품_08,화장품 파는 곳,뷰티·미용 중 '화장품'을 판매·제공하는 매장,train,화장품,T4 구어·문장,0ff24615-4ad7-4e5b-abaf-29b9d277810e,정회 화장품,화장품,동원전통시장상점가,자율상권구역,서울특별시,,,
886dca0fcf9c76a4684c,full_annotation_v1,A,q_화장품_08,화장품 파는 곳,뷰티·미용 중 '화장품'을 판매·제공하는 매장,train,화장품,T4 구어·문장,0f315325-e6df-4ed4-909f-c10aef7dbf9b,보바왁싱,뷰티,일번지프라자 골목형상점가,골목형상점가,경기도,,,
8e981c113d6085d4f511,full_annotation_v1,A,q_화장품_08,화장품 파는 곳,뷰티·미용 중 '화장품'을 판매·제공하는 매장,train,화장품,T4 구어·문장,d38eda3c-ecf7-49ae-9051-f341b1ac8632,태후사랑,화장품,과천중앙동상점가,자율상권구역,경기도,,,
1a17fc4dc9bd5bdf3111,full_annotation_v1,A,q_화장품_08,화장품 파는 곳,뷰티·미용 중 '화장품'을 판매·제공하는 매장,train,화장품,T4 구어·문장,8eafcdc4-67bf-4557-9beb-1ae379e392bf,왓더버거 세종시청점,햄버거,보람동 골목형상점가,골목형상점가,세종특별자치시,,,
29c58d5b90fcf818af84,full_annotation_v1,A,q_화장품_08,화장품 파는 곳,뷰티·미용 중 '화장품'을 판매·제공하는 매장,train,화장품,T4 구어·문장,7d04c7a3-d359-4185-b637-46fa74c82379,지(G)화장품,화장품,518먹자골목상인회 골목형상점가,골목형상점가,광주광역시,,,
8d6cf9811c6cff7dd8e4,full_annotation_v1,A,q_화장품_08,화장품 파는 곳,뷰티·미용 중 '화장품'을 판매·제공하는 매장,train,화장품,T4 구어·문장,00131122-77cf-4772-b141-202f0f950f5c,라라샵,화장품,유성신나는 골목형상점가,골목형상점가,대전광역시,,,
05ec781f2cff60e2901b,full_annotation_v1,A,q_화장품_08,화장품 파는 곳,뷰티·미용 중 '화장품'을 판매·제공하는 매장,train,화장품,T4 구어·문장,edf854d3-13fa-47ee-99d7-3fababf99ec0,보싸크,화장품,평화시장,전통시장,서울특별시,,,
98b6f8a1094b1471ed8e,full_annotation_v1,A,q_화장품_08,화장품 파는 곳,뷰티·미용 중 '화장품'을 판매·제공하는 매장,train,화장품,T4 구어·문장,cada6b06-1003-43af-9441-81aad2b0d684,화장품박사,화장품,벽산황계로 골목형상점가,골목형상점가,광주광역시,,,
4b2e03615b57610faaf3,full_annotation_v1,A,q_화장품_08,화장품 파는 곳,뷰티·미용 중 '화장품'을 판매·제공하는 매장,train,화장품,T4 구어·문장,f6dd7fec-f6ef-4874-9f3c-b95f8cc4ad27,고군산활어,횟집,군산수산물종합센터,전통시장,전북특별자치도,,,
4a15f7bfc497bec0cedb,full_annotation_v1,A,q_화장품_08,화장품 파는 곳,뷰티·미용 중 '화장품'을 판매·제공하는 매장,train,화장품,T4 구어·문장,48e16b0a-91a9-412d-8e10-ce39a8df7341,비앙벨 화장품,화장품,염주상인회 골목형상점가,골목형상점가,광주광역시,,,
b79488f77d6dbf88a2c5,full_annotation_v1,A,q_화장품_08,화장품 파는 곳,뷰티·미용 중 '화장품'을 판매·제공하는 매장,train,화장품,T4 구어·문장,9d9c72ae-6ed1-4339-b6f2-9ea43cea81c5,필화장품,화장품,두암사거리 골목형상점가,골목형상점가,광주광역시,,,
8b672d5d2a26b71e9833,full_annotation_v1,A,q_화장품_08,화장품 파는 곳,뷰티·미용 중 '화장품'을 판매·제공하는 매장,train,화장품,T4 구어·문장,0ee0265b-7abb-48a9-b36b-1e2fc4219169,올가드림뷰티(온천장점),,SK 3차 골목형상점가,골목형상점가,부산광역시,,,
bfc973ca1731c010db9c,full_annotation_v1,A,q_화장품_08,화장품 파는 곳,뷰티·미용 중 '화장품'을 판매·제공하는 매장,train,화장품,T4 구어·문장,a5a7ae98-7f9b-4751-8658-f0df6787d3dc,태후사랑,화장품,관문상가시장,전통시장,대구광역시,,,
dc8615b310f67c88ca72,full_annotation_v1,A,q_화장품_08,화장품 파는 곳,뷰티·미용 중 '화장품'을 판매·제공하는 매장,train,화장품,T4 구어·문장,2a7f1e06-832a-44f4-b488-6fd47f8b9496,박지안 바디엔 스킨케어,,정남진활력의거리 골목형상점가,골목형상점가,,,,
ca73c00fdeebddda619d,full_annotation_v1,A,q_화장품_08,화장품 파는 곳,뷰티·미용 중 '화장품'을 판매·제공하는 매장,train,화장품,T4 구어·문장,e980ca69-b7cf-4d31-b12b-101332012eea,예쁘다 화장품,화장품,충주자유시장,전통시장,충청북도,,,
9538efe3cc66c2f8121a,full_annotation_v1,A,q_화장품_08,화장품 파는 곳,뷰티·미용 중 '화장품'을 판매·제공하는 매장,train,화장품,T4 구어·문장,177d7dea-282f-41f4-86a5-a21d90d3640d,주식회사 슈퍼마켓자연숲,가공식품및 담배소매업,목화 골목형상점가,골목형상점가,광주광역시,,,
4a823a1130fc788513fb,full_annotation_v1,A,q_화장품_08,화장품 파는 곳,뷰티·미용 중 '화장품'을 판매·제공하는 매장,train,화장품,T4 구어·문장,d1a95410-a6c0-4192-976c-711dc4354d73,맘모스방앗간,떡 제조,맘모스상가 골목형상점가,골목형상점가,부산광역시,,,
7033b8ce04a05b530214,full_annotation_v1,A,q_화장품_08,화장품 파는 곳,뷰티·미용 중 '화장품'을 판매·제공하는 매장,train,화장품,T4 구어·문장,5621bc4b-cd40-4f92-a84d-f752bcad2701,스켓치화장품,화장품,초량 이음자율상권,,부산광역시,,,
0e30731f177bd1f1fe66,full_annotation_v1,A,q_화장품_08,화장품 파는 곳,뷰티·미용 중 '화장품'을 판매·제공하는 매장,train,화장품,T4 구어·문장,d8ff42b9-3bc9-4e4c-be6e-55ae09e26c57,셀트,화장품,월드밸리,전통시장,부산광역시,,,
051102451801747d889c,full_annotation_v1,A,q_화장품_08,화장품 파는 곳,뷰티·미용 중 '화장품'을 판매·제공하는 매장,train,화장품,T4 구어·문장,b847ff5b-6bd6-4458-8565-750c28aa58fa,태후사랑,화장품,풍암초앞상인회 골목형상점가,골목형상점가,광주광역시,,,
9e6dcd9754b656a9ca46,full_annotation_v1,A,q_화장품_08,화장품 파는 곳,뷰티·미용 중 '화장품'을 판매·제공하는 매장,train,화장품,T4 구어·문장,a31e598a-ae3f-4f19-b62f-b447259c1416,흑백화장품,화장품,맘모스상가 골목형상점가,골목형상점가,부산광역시,,,
88526b26e382b1ce88df,full_annotation_v1,A,q_화장품_08,화장품 파는 곳,뷰티·미용 중 '화장품'을 판매·제공하는 매장,train,화장품,T4 구어·문장,00138176-f25b-4a96-9761-dd00f1a4dd28,보아스헤어아트,미용,봉제산길골목형상점가,골목형상점가,서울특별시,,,
c6755d65fb38c1cdd5d5,full_annotation_v1,A,q_화장품_08,화장품 파는 곳,뷰티·미용 중 '화장품'을 판매·제공하는 매장,train,화장품,T4 구어·문장,2f69bec8-306e-4a50-ab87-a908eec2934a,자이 화장품,화장품,안양중앙인정시장,전통시장,경기도,,,
4f0452c450c6c1a5c5e4,full_annotation_v1,A,q_화장품_08,화장품 파는 곳,뷰티·미용 중 '화장품'을 판매·제공하는 매장,train,화장품,T4 구어·문장,42a05e96-34f9-42b3-910f-e38d86fcaa0d,베르니아 화장품,화장품,광명전통시장,전통시장,경기도,,,
0255cf65c36b4b208692,full_annotation_v1,A,q_화장품_08,화장품 파는 곳,뷰티·미용 중 '화장품'을 판매·제공하는 매장,train,화장품,T4 구어·문장,485bd704-f298-4e55-86ed-cc781b9b0375,소망화장품,화장품,마천중앙시장,전통시장,서울특별시,,,
f87ee73371a875af41ce,full_annotation_v1,A,q_화장품_08,화장품 파는 곳,뷰티·미용 중 '화장품'을 판매·제공하는 매장,train,화장품,T4 구어·문장,98f618f8-f4af-41db-9266-818632b511d6,미람화장품,화장품,정릉서경대길골목형상점가(정릉골),골목형상점가,서울특별시,,,
6876f460863b21eece6b,full_annotation_v1,A,q_화장품_08,화장품 파는 곳,뷰티·미용 중 '화장품'을 판매·제공하는 매장,train,화장품,T4 구어·문장,aff69bd3-40fc-46d9-90d3-8baf69548bee,샤벨화장품,화장품,세종전통시장,전통시장,세종특별자치시,,,
2e2a29a486034e9d436e,full_annotation_v1,A,q_화장품_08,화장품 파는 곳,뷰티·미용 중 '화장품'을 판매·제공하는 매장,train,화장품,T4 구어·문장,af0afab8-0696-4238-87d7-0519b01c7eb7,뉴용봉한남마트,슈퍼,전남대 상대 골목형상점가,골목형상점가,광주광역시,,,
16349369cdc6b88b91b4,full_annotation_v1,A,q_화장품_08,화장품 파는 곳,뷰티·미용 중 '화장품'을 판매·제공하는 매장,train,화장품,T4 구어·문장,fe6bbd24-a9a3-4750-843b-54154b113fe7,예솔이 화장품,화장품,법원 앞 사과마을 골목형상점가,골목형상점가,광주광역시,,,
a02c30da149b0ca2933d,full_annotation_v1,A,q_화장품_08,화장품 파는 곳,뷰티·미용 중 '화장품'을 판매·제공하는 매장,train,화장품,T4 구어·문장,41f3c653-cbdb-493a-bb8a-7b49101badd2,엠제이코스메틱주식회사,,둔산2동 골목형상점가,골목형상점가,대전광역시,,,
9e0cdaf2bd4d49a6e4a3,full_annotation_v1,A,q_화장품_08,화장품 파는 곳,뷰티·미용 중 '화장품'을 판매·제공하는 매장,train,화장품,T4 구어·문장,6d471d32-2856-4de2-8e8c-ec0fd815664d,블루화장품,화장품,창원 가음시장대상가,전통시장,경상남도,,,
5a362221eecfda086ce3,full_annotation_v1,A,q_화장품_08,화장품 파는 곳,뷰티·미용 중 '화장품'을 판매·제공하는 매장,train,화장품,T4 구어·문장,3417ad49-dfd9-44da-b76c-09023311ae21,더미인나라,스킨케어두피케어 제품,호남동 골목형상점가,골목형상점가,광주광역시,,,
b92b33be18f8274096b3,full_annotation_v1,A,q_화장품_08,화장품 파는 곳,뷰티·미용 중 '화장품'을 판매·제공하는 매장,train,화장품,T4 구어·문장,004a8de5-69c1-4c55-a507-54e016703431,마중물뷰티동,소매(화장품),은마종합상점가,자율상권구역,서울특별시,,,
a154472ef21fbd4a280e,full_annotation_v1,A,q_화장품_08,화장품 파는 곳,뷰티·미용 중 '화장품'을 판매·제공하는 매장,train,화장품,T4 구어·문장,2d97e6a0-20a9-48f4-87af-1455c0f66c39,HAY(헤이),의류,동성로상점가,자율상권구역,대구광역시,,,
9a32dc1a21f45dad179e,full_annotation_v1,A,q_화장품_08,화장품 파는 곳,뷰티·미용 중 '화장품'을 판매·제공하는 매장,train,화장품,T4 구어·문장,e9c484e6-7c6f-447b-ba33-7c6069442634,과일나라,과일,구역전시장,전통시장,울산광역시,,,
0bb384fdcb2aa7aba751,full_annotation_v1,A,q_화장품_08,화장품 파는 곳,뷰티·미용 중 '화장품'을 판매·제공하는 매장,train,화장품,T4 구어·문장,c9fa67ba-4528-44e9-8435-c1278d4bc288,땟깔화장품,화장품,양산 덕계종합상설시장,전통시장,경상남도,,,
472aa5cbb1504d10b014,full_annotation_v1,A,q_화장품_08,화장품 파는 곳,뷰티·미용 중 '화장품'을 판매·제공하는 매장,train,화장품,T4 구어·문장,03556890-a970-4fbe-9dcd-92316614862e,화장품 백화점,화장품 생활용품,안성 전통 옛장터길 골목형상점가,골목형상점가,경기도,,,
d3d101062520fd6e891d,full_annotation_v1,A,q_화장품_08,화장품 파는 곳,뷰티·미용 중 '화장품'을 판매·제공하는 매장,train,화장품,T4 구어·문장,f7abab99-368d-477f-8f1d-d92c77ebe712,제일농산,"농산물, 임산물, 청과",성서용산시장,전통시장,대구광역시,,,
e8b0e774c1d67ad89ffc,full_annotation_v1,A,q_화장품_08,화장품 파는 곳,뷰티·미용 중 '화장품'을 판매·제공하는 매장,train,화장품,T4 구어·문장,0f9d3768-9607-40fd-a46a-8751e4ac1bac,아실리 앤 레푸스 종촌점,네일아트 화장품,가재마을 골목형상점가,골목형상점가,세종특별자치시,,,
d84409e0b21f0885fa9d,full_annotation_v1,A,q_화장품_08,화장품 파는 곳,뷰티·미용 중 '화장품'을 판매·제공하는 매장,train,화장품,T4 구어·문장,36c76327-b17c-49aa-b4d6-7d4e0891acba,지은이네 화장품,화장품,안성맞춤시장,전통시장,경기도,,,
a685b74723dabea51051,full_annotation_v1,A,q_화장품_08,화장품 파는 곳,뷰티·미용 중 '화장품'을 판매·제공하는 매장,train,화장품,T4 구어·문장,eb85bc78-3cba-4401-8426-e3ee7cc9af56,화장품 백화점,화장품,수영팔도시장(구 수영팔도상가시장),전통시장,부산광역시,,,
ecdd18ff00afa9cf2a49,full_annotation_v1,A,q_화장품_08,화장품 파는 곳,뷰티·미용 중 '화장품'을 판매·제공하는 매장,train,화장품,T4 구어·문장,f7c12e5a-02e1-42c0-a69e-14312e29353d,벌크커피 조촌점,휴게음식점(음료),군산디오션시티 G플레이스 골목형상점가,골목형상점가,전북특별자치도,,,
2798d9b10c2ca0d1d99d,full_annotation_v1,A,q_화장품_08,화장품 파는 곳,뷰티·미용 중 '화장품'을 판매·제공하는 매장,train,화장품,T4 구어·문장,3e7b588b-0af1-4a9c-8006-76548ce055e2,루에아 뷰티,"피부관리 서비스, 스킨케어",518먹자골목상인회 골목형상점가,골목형상점가,광주광역시,,,
727dcee065cb25d825a9,full_annotation_v1,A,q_화장품_08,화장품 파는 곳,뷰티·미용 중 '화장품'을 판매·제공하는 매장,train,화장품,T4 구어·문장,df91f0e1-3d54-41df-8937-725efdf7cc5d,스타화장품,화장품,시장로타리지하상가,일반지하상점가,인천광역시,,,
3596f68f2c76d618df22,full_annotation_v1,A,q_화장품_08,화장품 파는 곳,뷰티·미용 중 '화장품'을 판매·제공하는 매장,train,화장품,T4 구어·문장,008c73ed-3ece-452b-aa49-b96b73ff1ba1,온결 스킨앤바디,화장품,가재마을 골목형상점가,골목형상점가,세종특별자치시,,,
9a34d525161153589ee0,full_annotation_v1,A,q_화장품_08,화장품 파는 곳,뷰티·미용 중 '화장품'을 판매·제공하는 매장,train,화장품,T4 구어·문장,1f699a26-6615-4fe2-8dad-2ff4bc27203c,화장품 잡화,,서부시장(서부재래시장),전통시장,충청남도,,,
15f4bd46e416afd157d3,full_annotation_v1,A,q_화장품_08,화장품 파는 곳,뷰티·미용 중 '화장품'을 판매·제공하는 매장,train,화장품,T4 구어·문장,001d63b0-b37c-4216-91a0-c9d4147a91b9,아워필라테스스튜디오,서비스,보람동 골목형상점가,골목형상점가,세종특별자치시,,,
9579dd10e5230a4754b6,full_annotation_v1,A,q_화장품_08,화장품 파는 곳,뷰티·미용 중 '화장품'을 판매·제공하는 매장,train,화장품,T4 구어·문장,24456103-f6b8-46af-8655-82e61d7265d8,커피가 머무르는 곳,커피,반드레길골목형상점가,골목형상점가,서울특별시,,,
cdafa244249b1e4bef9d,full_annotation_v1,A,q_화장품_08,화장품 파는 곳,뷰티·미용 중 '화장품'을 판매·제공하는 매장,train,화장품,T4 구어·문장,19eeb638-6694-402a-a234-71c2b828bc59,화장품,화장품,우이골목시장골목형상점가,골목형상점가,서울특별시,,,
9c522f015b0b4825a5dc,full_annotation_v1,A,q_화장품_08,화장품 파는 곳,뷰티·미용 중 '화장품'을 판매·제공하는 매장,train,화장품,T4 구어·문장,b43a0cc5-bd49-437b-aea5-fea680a2a158,화장품천국,화장품,반송시장,전통시장,부산광역시,,,
44fea3120ef991096784,full_annotation_v1,A,q_화장품_08,화장품 파는 곳,뷰티·미용 중 '화장품'을 판매·제공하는 매장,train,화장품,T4 구어·문장,372a3cd7-9f90-447c-b312-29c2c63333d2,진흥종합상사 (화장품 &TRY),화장품,원미종합시장,전통시장,경기도,,,
fd167b31817ac0b32a6a,full_annotation_v1,A,q_화장품_08,화장품 파는 곳,뷰티·미용 중 '화장품'을 판매·제공하는 매장,train,화장품,T4 구어·문장,048c7063-48a2-411c-af7b-9c7542f5af36,화장품뷰티몰,화장품,괴정골목시장,전통시장,부산광역시,,,
36cc01e612328d298f98,full_annotation_v1,A,q_화장품_09,화장푼,뷰티·미용 중 '화장품'을 판매·제공하는 매장,train,화장품,T6 기계변형,be24c8cc-fadf-47e6-82c7-918ce089f577,서해안퓨전포차,회,송강전통시장,전통시장,대전광역시,,,
5bb66cafd85c7bf14323,full_annotation_v1,A,q_화장품_09,화장푼,뷰티·미용 중 '화장품'을 판매·제공하는 매장,train,화장품,T6 기계변형,00131122-77cf-4772-b141-202f0f950f5c,라라샵,화장품,유성신나는 골목형상점가,골목형상점가,대전광역시,,,
a86c56c4daa5817572c9,full_annotation_v1,A,q_화장품_09,화장푼,뷰티·미용 중 '화장품'을 판매·제공하는 매장,train,화장품,T6 기계변형,860a0059-75a9-49fc-beaa-094ee65b0627,이사벨 화장품,화장품,구미새마을중앙시장,전통시장,경상북도,,,
b2753cd2cfb48b69d11f,full_annotation_v1,A,q_화장품_09,화장푼,뷰티·미용 중 '화장품'을 판매·제공하는 매장,train,화장품,T6 기계변형,b43a0cc5-bd49-437b-aea5-fea680a2a158,화장품천국,화장품,반송시장,전통시장,부산광역시,,,
1f5f1b9a28444bebdc57,full_annotation_v1,A,q_화장품_09,화장푼,뷰티·미용 중 '화장품'을 판매·제공하는 매장,train,화장품,T6 기계변형,0d233824-458b-4581-a849-40c01071c834,리즈뷰티,,송월동 택지 골목형상점가,골목형상점가,,,,
019c35e93d428fed3cbf,full_annotation_v1,A,q_화장품_09,화장푼,뷰티·미용 중 '화장품'을 판매·제공하는 매장,train,화장품,T6 기계변형,6bb1af5a-4827-4695-a72a-bb1a06d46c06,청계닭집,닭,안양농수산물 골목형상점가,골목형상점가,경기도,,,
eecbaf7ac080f5926681,full_annotation_v1,A,q_화장품_09,화장푼,뷰티·미용 중 '화장품'을 판매·제공하는 매장,train,화장품,T6 기계변형,0ff24615-4ad7-4e5b-abaf-29b9d277810e,정회 화장품,화장품,동원전통시장상점가,자율상권구역,서울특별시,,,
b2efb3ae86b496cb7a50,full_annotation_v1,A,q_화장품_09,화장푼,뷰티·미용 중 '화장품'을 판매·제공하는 매장,train,화장품,T6 기계변형,004a8de5-69c1-4c55-a507-54e016703431,마중물뷰티동,소매(화장품),은마종합상점가,자율상권구역,서울특별시,,,
9668d75e04d0e95c85e3,full_annotation_v1,A,q_화장품_09,화장푼,뷰티·미용 중 '화장품'을 판매·제공하는 매장,train,화장품,T6 기계변형,dcf484d4-d146-4433-b6bd-ba0a436c65d1,다편안신경외과의원,의원,소사벌 골목형상점가,골목형상점가,경기도,,,
b1c0e8c08c375cf928e5,full_annotation_v1,A,q_화장품_09,화장푼,뷰티·미용 중 '화장품'을 판매·제공하는 매장,train,화장품,T6 기계변형,36a30432-c5df-4d57-9bd1-a103f62b4150,센텀비뇨기과의원,비뇨의학,보람동 골목형상점가,골목형상점가,세종특별자치시,,,
1698d0661f7242c45fe4,full_annotation_v1,A,q_화장품_09,화장푼,뷰티·미용 중 '화장품'을 판매·제공하는 매장,train,화장품,T6 기계변형,c5a53b11-f21f-417f-a5c6-f76d25028382,도원힐링스파,목욕탕,일곡동 골목형상점가,골목형상점가,광주광역시,,,
64b72337f0ccdd267ef5,full_annotation_v1,A,q_화장품_09,화장푼,뷰티·미용 중 '화장품'을 판매·제공하는 매장,train,화장품,T6 기계변형,39a31b6f-0d34-4c01-812b-c19d27e43fea,뷰티 고울 수,전신피부미용 스킨케어바디케어,용산지구 골목형상점가,골목형상점가,광주광역시,,,
d944842022de82e2d2b2,full_annotation_v1,A,q_화장품_09,화장푼,뷰티·미용 중 '화장품'을 판매·제공하는 매장,train,화장품,T6 기계변형,0017ec9c-4997-4ef5-a552-7fffc7dd149c,아리따움 진주서부점,화장품,진주 새서부시장,전통시장,경상남도,,,
0bfdae13ed00a82f9501,full_annotation_v1,A,q_화장품_09,화장푼,뷰티·미용 중 '화장품'을 판매·제공하는 매장,train,화장품,T6 기계변형,abf57d98-7856-4957-9681-fb9e7c0a0061,화장품플러스,화장품,모래내시장,전통시장,서울특별시,,,
779bd887f9e64f6f6350,full_annotation_v1,A,q_화장품_09,화장푼,뷰티·미용 중 '화장품'을 판매·제공하는 매장,train,화장품,T6 기계변형,ce9f9190-e141-42f0-9977-03f35952341a,샐림,샐러드포케샌드위치커피,탄방새마을 골목형상점가,골목형상점가,대전광역시,,,
f1e3f1bf07df14ba186a,full_annotation_v1,A,q_화장품_09,화장푼,뷰티·미용 중 '화장품'을 판매·제공하는 매장,train,화장품,T6 기계변형,40506b1d-43e5-49be-88ae-09d36cf3371a,스푼,,산내마을 골목형상점가,골목형상점가,경기도,,,
50a9bcde913c1a0cce92,full_annotation_v1,A,q_화장품_09,화장푼,뷰티·미용 중 '화장품'을 판매·제공하는 매장,train,화장품,T6 기계변형,2a7f1e06-832a-44f4-b488-6fd47f8b9496,박지안 바디엔 스킨케어,,정남진활력의거리 골목형상점가,골목형상점가,,,,
a205337ce95bcc784ef2,full_annotation_v1,A,q_화장품_09,화장푼,뷰티·미용 중 '화장품'을 판매·제공하는 매장,train,화장품,T6 기계변형,5d79f4e1-5919-4815-bfa3-b8276b8b6c16,엑소더마 화장품,화장품,발안만세시장(구 발안시장),전통시장,경기도,,,
2a3fd2ed8b2ab7779143,full_annotation_v1,A,q_화장품_09,화장푼,뷰티·미용 중 '화장품'을 판매·제공하는 매장,train,화장품,T6 기계변형,4b173f0c-003b-4498-80be-6465e6f8f1e8,화장품센타,화장품,익산매일시장,전통시장,전북특별자치도,,,
771550b99bea00d4e9a4,full_annotation_v1,A,q_화장품_09,화장푼,뷰티·미용 중 '화장품'을 판매·제공하는 매장,train,화장품,T6 기계변형,fe6bbd24-a9a3-4750-843b-54154b113fe7,예솔이 화장품,화장품,법원 앞 사과마을 골목형상점가,골목형상점가,광주광역시,,,
b4a2f3f01d756057d101,full_annotation_v1,A,q_화장품_09,화장푼,뷰티·미용 중 '화장품'을 판매·제공하는 매장,train,화장품,T6 기계변형,3531ad10-6f9d-4e70-9717-b442eb667322,미젤 화장품,,도마달 골목형상점가,골목형상점가,대전광역시,,,
af9298aacd33f1032204,full_annotation_v1,A,q_화장품_09,화장푼,뷰티·미용 중 '화장품'을 판매·제공하는 매장,train,화장품,T6 기계변형,25cfdd5a-bb73-4879-b979-598e603dd9f3,슈퍼크리스피 양평점,치킨버거치킨,양평물맑은시장,전통시장,경기도,,,
5b5763f5b6030990ab51,full_annotation_v1,A,q_화장품_09,화장푼,뷰티·미용 중 '화장품'을 판매·제공하는 매장,train,화장품,T6 기계변형,3417ad49-dfd9-44da-b76c-09023311ae21,더미인나라,스킨케어두피케어 제품,호남동 골목형상점가,골목형상점가,광주광역시,,,
5e99774ee0b008fd49ef,full_annotation_v1,A,q_화장품_09,화장푼,뷰티·미용 중 '화장품'을 판매·제공하는 매장,train,화장품,T6 기계변형,98f618f8-f4af-41db-9266-818632b511d6,미람화장품,화장품,정릉서경대길골목형상점가(정릉골),골목형상점가,서울특별시,,,
e79f1ab7280684ddb5de,full_annotation_v1,A,q_화장품_09,화장푼,뷰티·미용 중 '화장품'을 판매·제공하는 매장,train,화장품,T6 기계변형,0009149f-621a-493e-9fd1-252a8ac6c75b,글로리,미용실,중흥동 큰샘길 골목형상점가,골목형상점가,광주광역시,,,
b342d3d6f83ec4cbc9ea,full_annotation_v1,A,q_화장품_09,화장푼,뷰티·미용 중 '화장품'을 판매·제공하는 매장,train,화장품,T6 기계변형,1114b6dc-e5dd-4638-8125-571c81bbe9b3,호이스킨케어,스킨케어,맛남길 골목형상점가,골목형상점가,강원특별자치도,,,
c9b40311edcf19959889,full_annotation_v1,A,q_화장품_09,화장푼,뷰티·미용 중 '화장품'을 판매·제공하는 매장,train,화장품,T6 기계변형,7683aea7-645e-4a86-8398-6e78c2872e99,화장품 마트,화장품,정이있는 구포시장,전통시장,부산광역시,,,
1801d69af4e1c5a2eb3e,full_annotation_v1,A,q_화장품_09,화장푼,뷰티·미용 중 '화장품'을 판매·제공하는 매장,train,화장품,T6 기계변형,9c68fbeb-fee6-4923-a3b0-b313b9401622,화장품창고,화장품,안양관양시장,전통시장,경기도,,,
334077c094062cfcb5ae,full_annotation_v1,A,q_화장품_09,화장푼,뷰티·미용 중 '화장품'을 판매·제공하는 매장,train,화장품,T6 기계변형,19eeb638-6694-402a-a234-71c2b828bc59,화장품,화장품,우이골목시장골목형상점가,골목형상점가,서울특별시,,,
47214c50d1985ec4eb1d,full_annotation_v1,A,q_화장품_09,화장푼,뷰티·미용 중 '화장품'을 판매·제공하는 매장,train,화장품,T6 기계변형,fbbfcbd6-2be4-4084-86ea-fcbd89c44d32,타볼라 디 윤 파스타,음식점,봉산동 골목형상점가,골목형상점가,대전광역시,,,
c95440da7d7a763624f5,full_annotation_v1,A,q_화장품_09,화장푼,뷰티·미용 중 '화장품'을 판매·제공하는 매장,train,화장품,T6 기계변형,215c52b7-2f89-4d3c-b270-fb13eb07c95e,화장나라,화장품,계림중앙필문로 골목형상점가,골목형상점가,광주광역시,,,
e8d337a1c1020e76e039,full_annotation_v1,A,q_화장품_09,화장푼,뷰티·미용 중 '화장품'을 판매·제공하는 매장,train,화장품,T6 기계변형,06ea35b1-dd27-47fb-aff9-9c62640f5b25,유명신발할인점,신발,양평물맑은시장,전통시장,경기도,,,
27f0ef49880ac29119d5,full_annotation_v1,A,q_화장품_09,화장푼,뷰티·미용 중 '화장품'을 판매·제공하는 매장,train,화장품,T6 기계변형,1f954869-5905-4a02-980a-50ad8533496e,진 화장품,화장품,달아실 골목형상점가,골목형상점가,광주광역시,,,
9f36433f60a7305e13bd,full_annotation_v1,A,q_화장품_09,화장푼,뷰티·미용 중 '화장품'을 판매·제공하는 매장,train,화장품,T6 기계변형,0f315325-e6df-4ed4-909f-c10aef7dbf9b,보바왁싱,뷰티,일번지프라자 골목형상점가,골목형상점가,경기도,,,
eb6a481256d09216a913,full_annotation_v1,A,q_화장품_09,화장푼,뷰티·미용 중 '화장품'을 판매·제공하는 매장,train,화장품,T6 기계변형,4fbd373f-4818-4436-a073-42838e7af09b,애띠방,화장품,전주모래내시장,전통시장,전북특별자치도,,,
3c72f6fda7b998d2248d,full_annotation_v1,A,q_화장품_09,화장푼,뷰티·미용 중 '화장품'을 판매·제공하는 매장,train,화장품,T6 기계변형,3558a0a1-eb2b-491e-9990-fd448dc27077,화장품짱,화장품,부전상가시장,전통시장,부산광역시,,,
4b0f423308e60148650e,full_annotation_v1,A,q_화장품_09,화장푼,뷰티·미용 중 '화장품'을 판매·제공하는 매장,train,화장품,T6 기계변형,28a8355a-d0d5-441c-b261-2a6590f6249a,하얀2 화장품,화장품,북수원시장( 구 파장시장),전통시장,경기도,,,
a39a35a7d5c87d95d399,full_annotation_v1,A,q_화장품_09,화장푼,뷰티·미용 중 '화장품'을 판매·제공하는 매장,train,화장품,T6 기계변형,3f8dfc14-2504-40af-85cc-c9129095d3dd,화장품제일싼집,화장품,삼성동시장,기타,서울특별시,,,
a63c946f8fa3e954fe04,full_annotation_v1,A,q_화장품_09,화장푼,뷰티·미용 중 '화장품'을 판매·제공하는 매장,train,화장품,T6 기계변형,2ce3570b-16d5-451f-b441-12b5b0ffd802,화장품,,잠실 장미종합상가 골목형상점가,골목형상점가,서울특별시,,,
88b9dbd1cf32d040c534,full_annotation_v1,A,q_화장품_09,화장푼,뷰티·미용 중 '화장품'을 판매·제공하는 매장,train,화장품,T6 기계변형,0001b1fc-5455-433e-8e94-96d051362b17,유난희헤어샵,미용실,창원 대동그린코아상가,전통시장,경상남도,,,
cc071e402e5747380540,full_annotation_v1,A,q_화장품_09,화장푼,뷰티·미용 중 '화장품'을 판매·제공하는 매장,train,화장품,T6 기계변형,edf854d3-13fa-47ee-99d7-3fababf99ec0,보싸크,화장품,평화시장,전통시장,서울특별시,,,
2a3f451e768f87babb76,full_annotation_v1,A,q_화장품_09,화장푼,뷰티·미용 중 '화장품'을 판매·제공하는 매장,train,화장품,T6 기계변형,7f2bb43c-317c-4a43-8f2a-398d283affbe,로덱스 화장품,화장품,창원 가음시장대상가,전통시장,경상남도,,,
6dd585b1dfa376c2b2b4,full_annotation_v1,A,q_화장품_09,화장푼,뷰티·미용 중 '화장품'을 판매·제공하는 매장,train,화장품,T6 기계변형,048c7063-48a2-411c-af7b-9c7542f5af36,화장품뷰티몰,화장품,괴정골목시장,전통시장,부산광역시,,,
119458ce806f3ecce64a,full_annotation_v1,A,q_화장품_09,화장푼,뷰티·미용 중 '화장품'을 판매·제공하는 매장,train,화장품,T6 기계변형,6fb455ab-2672-498d-81e2-ad3689f065ba,미래식품,반찬,화원시장,전통시장,대구광역시,,,
500eb5dfc50f032bada0,full_annotation_v1,A,q_화장품_09,화장푼,뷰티·미용 중 '화장품'을 판매·제공하는 매장,train,화장품,T6 기계변형,7d02def7-5b14-4e98-8bd1-215311d3ee9b,J샵,화장품,황계 골목형상점가,골목형상점가,광주광역시,,,
a6a68819017b7bba9fff,full_annotation_v1,A,q_화장품_09,화장푼,뷰티·미용 중 '화장품'을 판매·제공하는 매장,train,화장품,T6 기계변형,00138176-f25b-4a96-9761-dd00f1a4dd28,보아스헤어아트,미용,봉제산길골목형상점가,골목형상점가,서울특별시,,,
a21ed559532f53e8ee0c,full_annotation_v1,A,q_화장품_09,화장푼,뷰티·미용 중 '화장품'을 판매·제공하는 매장,train,화장품,T6 기계변형,54af57a8-f671-4419-951d-21aa241cc12e,화장품총판,화장품,오정시장,전통시장,경기도,,,
da170eba5a939bb60d4f,full_annotation_v1,A,q_화장품_09,화장푼,뷰티·미용 중 '화장품'을 판매·제공하는 매장,train,화장품,T6 기계변형,ff8e40d4-c82d-43ba-928f-b5cd7eb702aa,토픽쌀피자,피자,일곡동 골목형상점가,골목형상점가,광주광역시,,,
fa5b16ccae40276ea1b1,full_annotation_v1,A,q_화장품_09,화장푼,뷰티·미용 중 '화장품'을 판매·제공하는 매장,train,화장품,T6 기계변형,008c73ed-3ece-452b-aa49-b96b73ff1ba1,온결 스킨앤바디,화장품,가재마을 골목형상점가,골목형상점가,세종특별자치시,,,
c80429f4904f7efebd45,full_annotation_v1,A,q_화장품_09,화장푼,뷰티·미용 중 '화장품'을 판매·제공하는 매장,train,화장품,T6 기계변형,35d38cb3-e72d-4509-a017-1eac62cdf7be,천하무족,족발,동작구 LINK 상권활성화구역,상권활성화구역,서울특별시,,,
00424d4a44709f6a7f9b,full_annotation_v1,A,q_화장품_09,화장푼,뷰티·미용 중 '화장품'을 판매·제공하는 매장,train,화장품,T6 기계변형,ae77e1f4-178a-40de-b249-c3cf555e6d89,화장품속으로,화장품,상주왕산상점가,자율상권구역,경상북도,,,
b7cf0bf9192cc5b02e7d,full_annotation_v1,A,q_화장품_09,화장푼,뷰티·미용 중 '화장품'을 판매·제공하는 매장,train,화장품,T6 기계변형,67045a10-41ce-4254-867e-3f29c7593769,화장품 마트,화장품,반여2동상가시장,전통시장,부산광역시,,,
4d4a9d23b2f0bb30dc00,full_annotation_v1,A,q_화장품_09,화장푼,뷰티·미용 중 '화장품'을 판매·제공하는 매장,train,화장품,T6 기계변형,d2756399-0feb-4281-8dc5-2bde5ba46e1c,테피티,화장비누 화장품,문흥금호아파트 골목형상점가,골목형상점가,광주광역시,,,
f8174ebfe7e80452a080,full_annotation_v1,A,q_화장품_09,화장푼,뷰티·미용 중 '화장품'을 판매·제공하는 매장,train,화장품,T6 기계변형,c21b7eee-bca1-4a08-8a69-6c6a24f4e53f,최가을헤어드레서,서비스,상도전통시장,전통시장,서울특별시,,,
18a6fba4dbdcd916b9c3,full_annotation_v1,A,q_화장품_09,화장푼,뷰티·미용 중 '화장품'을 판매·제공하는 매장,train,화장품,T6 기계변형,c9fa67ba-4528-44e9-8435-c1278d4bc288,땟깔화장품,화장품,양산 덕계종합상설시장,전통시장,경상남도,,,
f50f5727a71e1e97b022,full_annotation_v1,A,q_화장품_09,화장푼,뷰티·미용 중 '화장품'을 판매·제공하는 매장,train,화장품,T6 기계변형,e8f42e33-972f-42d4-8f93-e17f32597bee,화장품타운,화장품,현대시장,전통시장,인천광역시,,,
c95478533e915e69653f,full_annotation_v1,A,q_화장품_09,화장푼,뷰티·미용 중 '화장품'을 판매·제공하는 매장,train,화장품,T6 기계변형,d4fb4229-c9da-4777-b756-6f82687bd26e,화장품하우스,화장품,통인시장,전통시장,서울특별시,,,
4e4d3b9d06b83b6a1504,full_annotation_v1,A,q_화장품_09,화장푼,뷰티·미용 중 '화장품'을 판매·제공하는 매장,train,화장품,T6 기계변형,8afe54e0-103c-41f5-9834-68a1ccb1aca2,화장품,화장품,월배시장,전통시장,대구광역시,,,
c22ae688b4d2b1acec2a,full_annotation_v1,A,q_화장품_09,화장푼,뷰티·미용 중 '화장품'을 판매·제공하는 매장,train,화장품,T6 기계변형,3fa0eeb8-930c-4be7-8f32-8e19099bc3fa,윤치과의원,의료,조치원중심가로상점가,자율상권구역,세종특별자치시,,,
d29506d284539c5d1cd6,full_annotation_v1,A,q_화장품_09,화장푼,뷰티·미용 중 '화장품'을 판매·제공하는 매장,train,화장품,T6 기계변형,d8ff42b9-3bc9-4e4c-be6e-55ae09e26c57,셀트,화장품,월드밸리,전통시장,부산광역시,,,
6098f9aa353219bcae28,full_annotation_v1,A,q_화장품_09,화장푼,뷰티·미용 중 '화장품'을 판매·제공하는 매장,train,화장품,T6 기계변형,00222f52-5d1f-4fb1-b0a6-7b4864ce177f,아리따움서대문연희점,화장품,연희사러가,전통시장,서울특별시,,,
712cdc5df6f4cc2c4f8e,full_annotation_v1,A,q_화장품_09,화장푼,뷰티·미용 중 '화장품'을 판매·제공하는 매장,train,화장품,T6 기계변형,001d63b0-b37c-4216-91a0-c9d4147a91b9,아워필라테스스튜디오,서비스,보람동 골목형상점가,골목형상점가,세종특별자치시,,,
94934713228e7fdb320f,full_annotation_v1,A,q_화장품_09,화장푼,뷰티·미용 중 '화장품'을 판매·제공하는 매장,train,화장품,T6 기계변형,000d8836-38bd-43a9-92f2-698d67d5926b,라미헤어스튜디오,미용실,포항중앙상가,전통시장,경상북도,,,
d9986da6f0cee6f6f69e,full_annotation_v1,A,q_화장품_09,화장푼,뷰티·미용 중 '화장품'을 판매·제공하는 매장,train,화장품,T6 기계변형,2410310f-b283-4293-aa07-8a392eed1ace,화장하는여우,화장품,장미제일시장,전통시장,서울특별시,,,
44a8b0306e8ed0222262,full_annotation_v1,A,q_화장품_09,화장푼,뷰티·미용 중 '화장품'을 판매·제공하는 매장,train,화장품,T6 기계변형,04ede6f2-6489-4c97-8419-e602070b7946,타임뷰티,뷰티,맛조이상인회 골목형상점가,골목형상점가,광주광역시,,,
73d1199d4f01c766651e,full_annotation_v1,A,q_화장품_09,화장푼,뷰티·미용 중 '화장품'을 판매·제공하는 매장,train,화장품,T6 기계변형,8c07b217-c277-4659-b57e-6e5b2fbc8c97,화장품타운,화장품,전곡골목형상점가,골목형상점가,서울특별시,,,
390ed72c82e0f399012d,full_annotation_v1,A,q_화장품_09,화장푼,뷰티·미용 중 '화장품'을 판매·제공하는 매장,train,화장품,T6 기계변형,b2aaf77b-c2c2-4872-bfdf-9742a87f743d,하나로 코스메틱 종합 화장품,,수완중흥대방 골목형상점가,골목형상점가,광주광역시,,,
596cd9db5517b2c97275,full_annotation_v1,A,q_화장품_09,화장푼,뷰티·미용 중 '화장품'을 판매·제공하는 매장,train,화장품,T6 기계변형,d02b1495-52ce-40fa-a9ad-a4673b74e9e8,송파마음한의원,치료,방이시장,전통시장,서울특별시,,,
259a50dd6c05719daa71,full_annotation_v1,A,q_화장품_09,화장푼,뷰티·미용 중 '화장품'을 판매·제공하는 매장,train,화장품,T6 기계변형,41f3c653-cbdb-493a-bb8a-7b49101badd2,엠제이코스메틱주식회사,,둔산2동 골목형상점가,골목형상점가,대전광역시,,,
d34d58972cf13d9de987,full_annotation_v1,A,q_화장품_09,화장푼,뷰티·미용 중 '화장품'을 판매·제공하는 매장,train,화장품,T6 기계변형,0a7f0c23-7b25-48d2-a6b9-69c6b1d0173d,뷰티로다,,이안센트럴D 골목형상점가,골목형상점가,대구광역시,,,
2949772cc47717e1365c,full_annotation_v1,A,q_화장품_09,화장푼,뷰티·미용 중 '화장품'을 판매·제공하는 매장,train,화장품,T6 기계변형,4413a139-e195-4232-812d-9fa304fe6415,윤결미,화장품,흑석동 골목형상점가,골목형상점가,광주광역시,,,
b91e5049fc6edc571483,full_annotation_v1,A,q_화장품_09,화장푼,뷰티·미용 중 '화장품'을 판매·제공하는 매장,train,화장품,T6 기계변형,7c443c40-0601-435e-9de7-e38870f50450,화장품천국,화장품,옥골시장,전통시장,울산광역시,,,
f7cdc3b4a0d0d7f93166,full_annotation_v1,A,q_화장품_09,화장푼,뷰티·미용 중 '화장품'을 판매·제공하는 매장,train,화장품,T6 기계변형,cada6b06-1003-43af-9441-81aad2b0d684,화장품박사,화장품,벽산황계로 골목형상점가,골목형상점가,광주광역시,,,
97c618f17d5212b23f3f,full_annotation_v1,A,q_화장품_09,화장푼,뷰티·미용 중 '화장품'을 판매·제공하는 매장,train,화장품,T6 기계변형,0ee0265b-7abb-48a9-b36b-1e2fc4219169,올가드림뷰티(온천장점),,SK 3차 골목형상점가,골목형상점가,부산광역시,,,
36243f7162370896114e,full_annotation_v1,A,q_화장품_09,화장푼,뷰티·미용 중 '화장품'을 판매·제공하는 매장,train,화장품,T6 기계변형,0a51cd03-f58e-4608-9910-ca51f745643f,화장품세상,화장품,박달시장,전통시장,경기도,,,
97189cd3769b259b45a3,full_annotation_v1,A,q_화장품_09,화장푼,뷰티·미용 중 '화장품'을 판매·제공하는 매장,train,화장품,T6 기계변형,d140fa02-b811-4511-b655-729ce0a6ba37,국민한의원,한의원,태평시장,전통시장,대전광역시,,,
5e8138e04c42a4066a42,full_annotation_v1,A,q_화장품_09,화장푼,뷰티·미용 중 '화장품'을 판매·제공하는 매장,train,화장품,T6 기계변형,3e7b588b-0af1-4a9c-8006-76548ce055e2,루에아 뷰티,"피부관리 서비스, 스킨케어",518먹자골목상인회 골목형상점가,골목형상점가,광주광역시,,,
2da6b7a0a91566ef10e2,full_annotation_v1,A,q_화장품_09,화장푼,뷰티·미용 중 '화장품'을 판매·제공하는 매장,train,화장품,T6 기계변형,954309bc-df6d-48a8-9f8d-d4ff97316c87,화장품천국,화장품,임방울거리1구역 골목형상점가,골목형상점가,광주광역시,,,
eafd686dcde7c90ed34e,full_annotation_v1,A,q_화장품_09,화장푼,뷰티·미용 중 '화장품'을 판매·제공하는 매장,train,화장품,T6 기계변형,003cdc8a-95fe-43ea-8350-f4c63913a6f8,정선화장품,화장품,오천시장,전통시장,경상북도,,,
2bf9843764ff8c8767c6,full_annotation_v1,A,q_화장품_10,화장품추천,뷰티·미용 중 '화장품'을 판매·제공하는 매장,train,화장품,T6 기계변형,28a8355a-d0d5-441c-b261-2a6590f6249a,하얀2 화장품,화장품,북수원시장( 구 파장시장),전통시장,경기도,,,
4f7d113b73f2433795d0,full_annotation_v1,A,q_화장품_10,화장품추천,뷰티·미용 중 '화장품'을 판매·제공하는 매장,train,화장품,T6 기계변형,285ee1d5-e9d2-4e61-9085-5c973df077b2,영신종합장식,벽지,도곡시장,자율상권구역,서울특별시,,,
a2587674f001c1d35bde,full_annotation_v1,A,q_화장품_10,화장품추천,뷰티·미용 중 '화장품'을 판매·제공하는 매장,train,화장품,T6 기계변형,ae77e1f4-178a-40de-b249-c3cf555e6d89,화장품속으로,화장품,상주왕산상점가,자율상권구역,경상북도,,,
0b9043d151b400089630,full_annotation_v1,A,q_화장품_10,화장품추천,뷰티·미용 중 '화장품'을 판매·제공하는 매장,train,화장품,T6 기계변형,ccd315dc-a0c9-4de1-b651-5494b104cd73,구산식당정육점,한식,토지면 섬진강대로 골목형상점가,골목형상점가,전라남도,,,
77c57aa48875917dbb7d,full_annotation_v1,A,q_화장품_10,화장품추천,뷰티·미용 중 '화장품'을 판매·제공하는 매장,train,화장품,T6 기계변형,54af57a8-f671-4419-951d-21aa241cc12e,화장품총판,화장품,오정시장,전통시장,경기도,,,
1a9b1ba9f5d155754913,full_annotation_v1,A,q_화장품_10,화장품추천,뷰티·미용 중 '화장품'을 판매·제공하는 매장,train,화장품,T6 기계변형,00138176-f25b-4a96-9761-dd00f1a4dd28,보아스헤어아트,미용,봉제산길골목형상점가,골목형상점가,서울특별시,,,
11c5e3f782c05e06eb34,full_annotation_v1,A,q_화장품_10,화장품추천,뷰티·미용 중 '화장품'을 판매·제공하는 매장,train,화장품,T6 기계변형,7c443c40-0601-435e-9de7-e38870f50450,화장품천국,화장품,옥골시장,전통시장,울산광역시,,,
3b4b4592683a3e29a436,full_annotation_v1,A,q_화장품_10,화장품추천,뷰티·미용 중 '화장품'을 판매·제공하는 매장,train,화장품,T6 기계변형,2a7f1e06-832a-44f4-b488-6fd47f8b9496,박지안 바디엔 스킨케어,,정남진활력의거리 골목형상점가,골목형상점가,,,,
9ff3992c37f603f794f7,full_annotation_v1,A,q_화장품_10,화장품추천,뷰티·미용 중 '화장품'을 판매·제공하는 매장,train,화장품,T6 기계변형,0ee0265b-7abb-48a9-b36b-1e2fc4219169,올가드림뷰티(온천장점),,SK 3차 골목형상점가,골목형상점가,부산광역시,,,
97b9501bb7408abc77fd,full_annotation_v1,A,q_화장품_10,화장품추천,뷰티·미용 중 '화장품'을 판매·제공하는 매장,train,화장품,T6 기계변형,8c07b217-c277-4659-b57e-6e5b2fbc8c97,화장품타운,화장품,전곡골목형상점가,골목형상점가,서울특별시,,,
d9e4501fc907682b8476,full_annotation_v1,A,q_화장품_10,화장품추천,뷰티·미용 중 '화장품'을 판매·제공하는 매장,train,화장품,T6 기계변형,d1896c3d-190c-497f-a2d8-c944db2e53cd,충무젓갈,젓갈류,망미중앙시장,전통시장,부산광역시,,,
44ba10ddaae0d8b30aa8,full_annotation_v1,A,q_화장품_10,화장품추천,뷰티·미용 중 '화장품'을 판매·제공하는 매장,train,화장품,T6 기계변형,0017ec9c-4997-4ef5-a552-7fffc7dd149c,아리따움 진주서부점,화장품,진주 새서부시장,전통시장,경상남도,,,
bdb6ae76384efe227139,full_annotation_v1,A,q_화장품_10,화장품추천,뷰티·미용 중 '화장품'을 판매·제공하는 매장,train,화장품,T6 기계변형,be3d3ceb-6c8c-49fd-90d2-39b88c40d012,시크릿 플로르,화초,상무중앙상인회 골목형상점가,골목형상점가,광주광역시,,,
89c086459b3fd91359af,full_annotation_v1,A,q_화장품_10,화장품추천,뷰티·미용 중 '화장품'을 판매·제공하는 매장,train,화장품,T6 기계변형,4128e81b-d433-46d9-8a5c-c02636ab14c0,두별화장품,화장품,조암시장,전통시장,경기도,,,
494087e3256329ac06f6,full_annotation_v1,A,q_화장품_10,화장품추천,뷰티·미용 중 '화장품'을 판매·제공하는 매장,train,화장품,T6 기계변형,cada6b06-1003-43af-9441-81aad2b0d684,화장품박사,화장품,벽산황계로 골목형상점가,골목형상점가,광주광역시,,,
8ee010c7aa11bc5111ce,full_annotation_v1,A,q_화장품_10,화장품추천,뷰티·미용 중 '화장품'을 판매·제공하는 매장,train,화장품,T6 기계변형,7f2bb43c-317c-4a43-8f2a-398d283affbe,로덱스 화장품,화장품,창원 가음시장대상가,전통시장,경상남도,,,
daf426d3ec04aae8cfad,full_annotation_v1,A,q_화장품_10,화장품추천,뷰티·미용 중 '화장품'을 판매·제공하는 매장,train,화장품,T6 기계변형,3f8dfc14-2504-40af-85cc-c9129095d3dd,화장품제일싼집,화장품,삼성동시장,기타,서울특별시,,,
579e943211ee9e38fab7,full_annotation_v1,A,q_화장품_10,화장품추천,뷰티·미용 중 '화장품'을 판매·제공하는 매장,train,화장품,T6 기계변형,aff69bd3-40fc-46d9-90d3-8baf69548bee,샤벨화장품,화장품,세종전통시장,전통시장,세종특별자치시,,,
aa830506ef3a43490217,full_annotation_v1,A,q_화장품_10,화장품추천,뷰티·미용 중 '화장품'을 판매·제공하는 매장,train,화장품,T6 기계변형,91976d67-e064-4fc7-b1ea-535a55cac896,가리개,속옷,석바위지하도상점가,일반지하상점가,인천광역시,,,
9fe88678a0ace68fb3ee,full_annotation_v1,A,q_화장품_10,화장품추천,뷰티·미용 중 '화장품'을 판매·제공하는 매장,train,화장품,T6 기계변형,a6115c47-bf35-4d8c-96cd-2e1c60a215db,하나비,의류,두류1번가,일반지하상점가,대구광역시,,,
7a3c5850ec2b68c4b306,full_annotation_v1,A,q_화장품_10,화장품추천,뷰티·미용 중 '화장품'을 판매·제공하는 매장,train,화장품,T6 기계변형,0a7f0c23-7b25-48d2-a6b9-69c6b1d0173d,뷰티로다,,이안센트럴D 골목형상점가,골목형상점가,대구광역시,,,
1cd8fbe0332458613087,full_annotation_v1,A,q_화장품_10,화장품추천,뷰티·미용 중 '화장품'을 판매·제공하는 매장,train,화장품,T6 기계변형,4413a139-e195-4232-812d-9fa304fe6415,윤결미,화장품,흑석동 골목형상점가,골목형상점가,광주광역시,,,
580bd478fdc5837a27cf,full_annotation_v1,A,q_화장품_10,화장품추천,뷰티·미용 중 '화장품'을 판매·제공하는 매장,train,화장품,T6 기계변형,0d233824-458b-4581-a849-40c01071c834,리즈뷰티,,송월동 택지 골목형상점가,골목형상점가,,,,
18106e53f5b980e96d39,full_annotation_v1,A,q_화장품_10,화장품추천,뷰티·미용 중 '화장품'을 판매·제공하는 매장,train,화장품,T6 기계변형,abf57d98-7856-4957-9681-fb9e7c0a0061,화장품플러스,화장품,모래내시장,전통시장,서울특별시,,,
70174324effe66d5d4f0,full_annotation_v1,A,q_화장품_10,화장품추천,뷰티·미용 중 '화장품'을 판매·제공하는 매장,train,화장품,T6 기계변형,edf854d3-13fa-47ee-99d7-3fababf99ec0,보싸크,화장품,평화시장,전통시장,서울특별시,,,
7b140407cf74eb03e6fb,full_annotation_v1,A,q_화장품_10,화장품추천,뷰티·미용 중 '화장품'을 판매·제공하는 매장,train,화장품,T6 기계변형,0001b1fc-5455-433e-8e94-96d051362b17,유난희헤어샵,미용실,창원 대동그린코아상가,전통시장,경상남도,,,
cdd5d7d69d35471fdb68,full_annotation_v1,A,q_화장품_10,화장품추천,뷰티·미용 중 '화장품'을 판매·제공하는 매장,train,화장품,T6 기계변형,3417ad49-dfd9-44da-b76c-09023311ae21,더미인나라,스킨케어두피케어 제품,호남동 골목형상점가,골목형상점가,광주광역시,,,
25d9e41c813e7f011b9a,full_annotation_v1,A,q_화장품_10,화장품추천,뷰티·미용 중 '화장품'을 판매·제공하는 매장,train,화장품,T6 기계변형,0ff24615-4ad7-4e5b-abaf-29b9d277810e,정회 화장품,화장품,동원전통시장상점가,자율상권구역,서울특별시,,,
8a728aa9b082bd3cf7bf,full_annotation_v1,A,q_화장품_10,화장품추천,뷰티·미용 중 '화장품'을 판매·제공하는 매장,train,화장품,T6 기계변형,2ce3570b-16d5-451f-b441-12b5b0ffd802,화장품,,잠실 장미종합상가 골목형상점가,골목형상점가,서울특별시,,,
b68749c6b97d97bd34bf,full_annotation_v1,A,q_화장품_10,화장품추천,뷰티·미용 중 '화장품'을 판매·제공하는 매장,train,화장품,T6 기계변형,3e7b588b-0af1-4a9c-8006-76548ce055e2,루에아 뷰티,"피부관리 서비스, 스킨케어",518먹자골목상인회 골목형상점가,골목형상점가,광주광역시,,,
e228b2651c08a5bbca97,full_annotation_v1,A,q_화장품_10,화장품추천,뷰티·미용 중 '화장품'을 판매·제공하는 매장,train,화장품,T6 기계변형,9d9c72ae-6ed1-4339-b6f2-9ea43cea81c5,필화장품,화장품,두암사거리 골목형상점가,골목형상점가,광주광역시,,,
06c7aa3d17110c9e0f83,full_annotation_v1,A,q_화장품_10,화장품추천,뷰티·미용 중 '화장품'을 판매·제공하는 매장,train,화장품,T6 기계변형,00222f52-5d1f-4fb1-b0a6-7b4864ce177f,아리따움서대문연희점,화장품,연희사러가,전통시장,서울특별시,,,
e8c9f143b430cc139d3d,full_annotation_v1,A,q_화장품_10,화장품추천,뷰티·미용 중 '화장품'을 판매·제공하는 매장,train,화장품,T6 기계변형,4fbd373f-4818-4436-a073-42838e7af09b,애띠방,화장품,전주모래내시장,전통시장,전북특별자치도,,,
dd6b1c2b6f5486b05e49,full_annotation_v1,A,q_화장품_10,화장품추천,뷰티·미용 중 '화장품'을 판매·제공하는 매장,train,화장품,T6 기계변형,b6cfbea1-f3b7-439c-b53d-621a0800fb20,솔이네수산,수산물,목포동부시장,전통시장,전라남도,,,
09ecac12c04849b4ee2e,full_annotation_v1,A,q_화장품_10,화장품추천,뷰티·미용 중 '화장품'을 판매·제공하는 매장,train,화장품,T6 기계변형,0a51cd03-f58e-4608-9910-ca51f745643f,화장품세상,화장품,박달시장,전통시장,경기도,,,
2e910cb7b115ed300af4,full_annotation_v1,A,q_화장품_10,화장품추천,뷰티·미용 중 '화장품'을 판매·제공하는 매장,train,화장품,T6 기계변형,d4fb4229-c9da-4777-b756-6f82687bd26e,화장품하우스,화장품,통인시장,전통시장,서울특별시,,,
a9fde486fea3c857a0dd,full_annotation_v1,A,q_화장품_10,화장품추천,뷰티·미용 중 '화장품'을 판매·제공하는 매장,train,화장품,T6 기계변형,67045a10-41ce-4254-867e-3f29c7593769,화장품 마트,화장품,반여2동상가시장,전통시장,부산광역시,,,
9a79d5a75dc86c1490cf,full_annotation_v1,A,q_화장품_10,화장품추천,뷰티·미용 중 '화장품'을 판매·제공하는 매장,train,화장품,T6 기계변형,dc6553e2-d3a3-4024-a249-3ca5db980b9c,서브웨이부산대역점,샌드위치,부산대자율상권구역,,부산광역시,,,
4e6a6790229a0743d382,full_annotation_v1,A,q_화장품_10,화장품추천,뷰티·미용 중 '화장품'을 판매·제공하는 매장,train,화장품,T6 기계변형,000d8836-38bd-43a9-92f2-698d67d5926b,라미헤어스튜디오,미용실,포항중앙상가,전통시장,경상북도,,,
3d71ed69044b4eaaa457,full_annotation_v1,A,q_화장품_10,화장품추천,뷰티·미용 중 '화장품'을 판매·제공하는 매장,train,화장품,T6 기계변형,e1e64911-ace5-493c-b874-4b896f980ab2,부기상회,야채,인왕시장,전통시장,서울특별시,,,
0dee28c9efc6b0d4027d,full_annotation_v1,A,q_화장품_10,화장품추천,뷰티·미용 중 '화장품'을 판매·제공하는 매장,train,화장품,T6 기계변형,003cdc8a-95fe-43ea-8350-f4c63913a6f8,정선화장품,화장품,오천시장,전통시장,경상북도,,,
49469b4d210bd9afb85a,full_annotation_v1,A,q_화장품_10,화장품추천,뷰티·미용 중 '화장품'을 판매·제공하는 매장,train,화장품,T6 기계변형,7683aea7-645e-4a86-8398-6e78c2872e99,화장품 마트,화장품,정이있는 구포시장,전통시장,부산광역시,,,
ab49a02f0779d59bdf62,full_annotation_v1,A,q_화장품_10,화장품추천,뷰티·미용 중 '화장품'을 판매·제공하는 매장,train,화장품,T6 기계변형,9c68fbeb-fee6-4923-a3b0-b313b9401622,화장품창고,화장품,안양관양시장,전통시장,경기도,,,
582c8d1bd2a9c19e32ab,full_annotation_v1,A,q_화장품_10,화장품추천,뷰티·미용 중 '화장품'을 판매·제공하는 매장,train,화장품,T6 기계변형,3558a0a1-eb2b-491e-9990-fd448dc27077,화장품짱,화장품,부전상가시장,전통시장,부산광역시,,,
740d6ff80520df8bfdf5,full_annotation_v1,A,q_화장품_10,화장품추천,뷰티·미용 중 '화장품'을 판매·제공하는 매장,train,화장품,T6 기계변형,04ede6f2-6489-4c97-8419-e602070b7946,타임뷰티,뷰티,맛조이상인회 골목형상점가,골목형상점가,광주광역시,,,
b00aad7988ce2045ffd4,full_annotation_v1,A,q_화장품_10,화장품추천,뷰티·미용 중 '화장품'을 판매·제공하는 매장,train,화장품,T6 기계변형,1114b6dc-e5dd-4638-8125-571c81bbe9b3,호이스킨케어,스킨케어,맛남길 골목형상점가,골목형상점가,강원특별자치도,,,
59cea55b2508996db971,full_annotation_v1,A,q_화장품_10,화장품추천,뷰티·미용 중 '화장품'을 판매·제공하는 매장,train,화장품,T6 기계변형,b2aaf77b-c2c2-4872-bfdf-9742a87f743d,하나로 코스메틱 종합 화장품,,수완중흥대방 골목형상점가,골목형상점가,광주광역시,,,
46862a70dffc64b02336,full_annotation_v1,A,q_화장품_10,화장품추천,뷰티·미용 중 '화장품'을 판매·제공하는 매장,train,화장품,T6 기계변형,004a8de5-69c1-4c55-a507-54e016703431,마중물뷰티동,소매(화장품),은마종합상점가,자율상권구역,서울특별시,,,
5dd88e8de75c96a74b25,full_annotation_v1,A,q_화장품_10,화장품추천,뷰티·미용 중 '화장품'을 판매·제공하는 매장,train,화장품,T6 기계변형,0f315325-e6df-4ed4-909f-c10aef7dbf9b,보바왁싱,뷰티,일번지프라자 골목형상점가,골목형상점가,경기도,,,
5c765422365030ee9f89,full_annotation_v1,A,q_화장품_10,화장품추천,뷰티·미용 중 '화장품'을 판매·제공하는 매장,train,화장품,T6 기계변형,6139e039-5606-406d-b18a-52dc81c11bac,퀸화장품,화장품,청학시장,전통시장,부산광역시,,,
387a6f0f0be6c5109dd1,full_annotation_v1,A,q_화장품_10,화장품추천,뷰티·미용 중 '화장품'을 판매·제공하는 매장,train,화장품,T6 기계변형,33eac014-79fc-40ba-911c-6d116fc4b25d,행복한시골밥상,음식,용현시장,전통시장,인천광역시,,,
abf29373198dbfc99a8b,full_annotation_v1,A,q_화장품_10,화장품추천,뷰티·미용 중 '화장품'을 판매·제공하는 매장,train,화장품,T6 기계변형,67816bb0-9620-4786-be96-364a30cbcfef,보거스(Vogus),서양음식,구월도매전통시장,전통시장,인천광역시,,,
6f89e02f38c72daeef3e,full_annotation_v1,A,q_화장품_10,화장품추천,뷰티·미용 중 '화장품'을 판매·제공하는 매장,train,화장품,T6 기계변형,5d6d273a-bf66-4605-a842-d1c46885c0ef,미래 주유소,주유소,토지면 섬진강대로 골목형상점가,골목형상점가,전라남도,,,
3cdbf818c1723a59d0ed,full_annotation_v1,A,q_화장품_10,화장품추천,뷰티·미용 중 '화장품'을 판매·제공하는 매장,train,화장품,T6 기계변형,c9fa67ba-4528-44e9-8435-c1278d4bc288,땟깔화장품,화장품,양산 덕계종합상설시장,전통시장,경상남도,,,
2e910c5c450d999b594b,full_annotation_v1,A,q_화장품_10,화장품추천,뷰티·미용 중 '화장품'을 판매·제공하는 매장,train,화장품,T6 기계변형,b43a0cc5-bd49-437b-aea5-fea680a2a158,화장품천국,화장품,반송시장,전통시장,부산광역시,,,
f7b2dd6416c13f0027c5,full_annotation_v1,A,q_화장품_10,화장품추천,뷰티·미용 중 '화장품'을 판매·제공하는 매장,train,화장품,T6 기계변형,98f618f8-f4af-41db-9266-818632b511d6,미람화장품,화장품,정릉서경대길골목형상점가(정릉골),골목형상점가,서울특별시,,,
19dd14ece623a332f13f,full_annotation_v1,A,q_화장품_10,화장품추천,뷰티·미용 중 '화장품'을 판매·제공하는 매장,train,화장품,T6 기계변형,3531ad10-6f9d-4e70-9717-b442eb667322,미젤 화장품,,도마달 골목형상점가,골목형상점가,대전광역시,,,
2c14b5b2831e0bd69d2d,full_annotation_v1,A,q_화장품_10,화장품추천,뷰티·미용 중 '화장품'을 판매·제공하는 매장,train,화장품,T6 기계변형,e44227e7-6b22-41e0-9c4e-d8f5ea9981e0,시크릿헤어,미용,상무중앙상인회 골목형상점가,골목형상점가,광주광역시,,,
a23029789e207caf80b6,full_annotation_v1,A,q_화장품_10,화장품추천,뷰티·미용 중 '화장품'을 판매·제공하는 매장,train,화장품,T6 기계변형,41f3c653-cbdb-493a-bb8a-7b49101badd2,엠제이코스메틱주식회사,,둔산2동 골목형상점가,골목형상점가,대전광역시,,,
c095b6dfa136f9027825,full_annotation_v1,A,q_화장품_10,화장품추천,뷰티·미용 중 '화장품'을 판매·제공하는 매장,train,화장품,T6 기계변형,5f390bc0-5b94-4b34-af52-a0613e838fb9,독도수산,한식,익산 다e로움 상권활성화구역,상권활성화구역,전북특별자치도,,,
486d06938650d91c63be,full_annotation_v1,A,q_화장품_10,화장품추천,뷰티·미용 중 '화장품'을 판매·제공하는 매장,train,화장품,T6 기계변형,954309bc-df6d-48a8-9f8d-d4ff97316c87,화장품천국,화장품,임방울거리1구역 골목형상점가,골목형상점가,광주광역시,,,
14859affb9909afe401d,full_annotation_v1,A,q_화장품_10,화장품추천,뷰티·미용 중 '화장품'을 판매·제공하는 매장,train,화장품,T6 기계변형,d8ff42b9-3bc9-4e4c-be6e-55ae09e26c57,셀트,화장품,월드밸리,전통시장,부산광역시,,,
e3aa41e0d4d4f10877c0,full_annotation_v1,A,q_화장품_10,화장품추천,뷰티·미용 중 '화장품'을 판매·제공하는 매장,train,화장품,T6 기계변형,e8f42e33-972f-42d4-8f93-e17f32597bee,화장품타운,화장품,현대시장,전통시장,인천광역시,,,
c7cc48a5228d18f0ba64,full_annotation_v1,A,q_화장품_10,화장품추천,뷰티·미용 중 '화장품'을 판매·제공하는 매장,train,화장품,T6 기계변형,62e5716d-69b0-48c7-af56-25ba9abcef19,쥬단학화장품,화장품,울진시장(울진바지게시장),전통시장,경상북도,,,
1c40de760fea4383175d,full_annotation_v1,A,q_화장품_10,화장품추천,뷰티·미용 중 '화장품'을 판매·제공하는 매장,train,화장품,T6 기계변형,7fef9da1-c2fa-480f-a2f5-c0397bca26de,피부짱화장품,화장품,역곡상상시장(구 역곡북부시장),전통시장,경기도,,,
1ae870d254ec7826aa2b,full_annotation_v1,A,q_화장품_10,화장품추천,뷰티·미용 중 '화장품'을 판매·제공하는 매장,train,화장품,T6 기계변형,001d63b0-b37c-4216-91a0-c9d4147a91b9,아워필라테스스튜디오,서비스,보람동 골목형상점가,골목형상점가,세종특별자치시,,,
bed5c0236fbdefb08a0e,full_annotation_v1,A,q_화장품_10,화장품추천,뷰티·미용 중 '화장품'을 판매·제공하는 매장,train,화장품,T6 기계변형,4b173f0c-003b-4498-80be-6465e6f8f1e8,화장품센타,화장품,익산매일시장,전통시장,전북특별자치도,,,
25f5fe6dbfe5ebfaa10a,full_annotation_v1,A,q_화장품_10,화장품추천,뷰티·미용 중 '화장품'을 판매·제공하는 매장,train,화장품,T6 기계변형,39a31b6f-0d34-4c01-812b-c19d27e43fea,뷰티 고울 수,전신피부미용 스킨케어바디케어,용산지구 골목형상점가,골목형상점가,광주광역시,,,
7d7d54591b28c35f8fc2,full_annotation_v1,A,q_화장품_10,화장품추천,뷰티·미용 중 '화장품'을 판매·제공하는 매장,train,화장품,T6 기계변형,008c73ed-3ece-452b-aa49-b96b73ff1ba1,온결 스킨앤바디,화장품,가재마을 골목형상점가,골목형상점가,세종특별자치시,,,
2f1ffcd5371581b17d91,full_annotation_v1,A,q_화장품_10,화장품추천,뷰티·미용 중 '화장품'을 판매·제공하는 매장,train,화장품,T6 기계변형,048c7063-48a2-411c-af7b-9c7542f5af36,화장품뷰티몰,화장품,괴정골목시장,전통시장,부산광역시,,,
74034ee23d406aba8dad,full_annotation_v1,A,q_화장품_10,화장품추천,뷰티·미용 중 '화장품'을 판매·제공하는 매장,train,화장품,T6 기계변형,0009149f-621a-493e-9fd1-252a8ac6c75b,글로리,미용실,중흥동 큰샘길 골목형상점가,골목형상점가,광주광역시,,,
ad20a6e290d9d1b10229,full_annotation_v1,A,q_화장품_10,화장품추천,뷰티·미용 중 '화장품'을 판매·제공하는 매장,train,화장품,T6 기계변형,0764da38-3223-4a76-9c5c-f187354f8cee,산지농산물,"채소, 과일",구월골목형상점가,골목형상점가,인천광역시,,,
b6eb187c2854de5f9f30,full_annotation_v1,A,q_화장품_10,화장품추천,뷰티·미용 중 '화장품'을 판매·제공하는 매장,train,화장품,T6 기계변형,00131122-77cf-4772-b141-202f0f950f5c,라라샵,화장품,유성신나는 골목형상점가,골목형상점가,대전광역시,,,
e871adf9c3a644dba818,full_annotation_v1,A,q_화장품_10,화장품추천,뷰티·미용 중 '화장품'을 판매·제공하는 매장,train,화장품,T6 기계변형,47b2c5dc-e248-443a-b0f0-2c512d5d7e36,헤밍웨이컬렉션/나무한그루,가구,섬유제품관,전통시장,대구광역시,,,
375cd32fe54cc397f797,full_annotation_v1,A,q_화장품_10,화장품추천,뷰티·미용 중 '화장품'을 판매·제공하는 매장,train,화장품,T6 기계변형,19eeb638-6694-402a-a234-71c2b828bc59,화장품,화장품,우이골목시장골목형상점가,골목형상점가,서울특별시,,,
1da782e9b0ca6324154a,full_annotation_v1,A,q_화장품_10,화장품추천,뷰티·미용 중 '화장품'을 판매·제공하는 매장,train,화장품,T6 기계변형,5d79f4e1-5919-4815-bfa3-b8276b8b6c16,엑소더마 화장품,화장품,발안만세시장(구 발안시장),전통시장,경기도,,,
87eee2b8cf3eaca1ce06,full_annotation_v1,A,q_화장품_10,화장품추천,뷰티·미용 중 '화장품'을 판매·제공하는 매장,train,화장품,T6 기계변형,8afe54e0-103c-41f5-9834-68a1ccb1aca2,화장품,화장품,월배시장,전통시장,대구광역시,,,
bb3019e013d76e75e78f,full_annotation_v1,A,q_화장품_10,화장품추천,뷰티·미용 중 '화장품'을 판매·제공하는 매장,train,화장품,T6 기계변형,a31e598a-ae3f-4f19-b62f-b447259c1416,흑백화장품,화장품,맘모스상가 골목형상점가,골목형상점가,부산광역시,,,
05f15be624c525a0745f,full_annotation_v1,A,q_화장품_10,화장품추천,뷰티·미용 중 '화장품'을 판매·제공하는 매장,train,화장품,T6 기계변형,1f954869-5905-4a02-980a-50ad8533496e,진 화장품,화장품,달아실 골목형상점가,골목형상점가,광주광역시,,,
9fc1a8ed9537ff2930ee,full_annotation_v1,A,q_휴대폰_01,휴대폰,생활서비스 중 '휴대폰'을 판매·제공하는 매장,train,휴대폰,T1 정확표기,1f86cb77-6a5b-459f-847a-656eb6789c90,두레통신,휴대폰,인천산업유통센터,전통시장,인천광역시,,,
166a630e2d69b5be2503,full_annotation_v1,A,q_휴대폰_01,휴대폰,생활서비스 중 '휴대폰'을 판매·제공하는 매장,train,휴대폰,T1 정확표기,6c2d8640-9e72-43a8-a1c7-290db07cf076,베스트,휴대폰,매곡동 골목형상점가,골목형상점가,광주광역시,,,
2bdcb0d69f355cc349e9,full_annotation_v1,A,q_휴대폰_01,휴대폰,생활서비스 중 '휴대폰'을 판매·제공하는 매장,train,휴대폰,T1 정확표기,d74d6fba-8c36-47c1-8f01-308ab812e366,뉴파워,휴대폰,강남역지하도상점가,일반지하상점가,서울특별시,,,
ca4bb93608b52903ff68,full_annotation_v1,A,q_휴대폰_01,휴대폰,생활서비스 중 '휴대폰'을 판매·제공하는 매장,train,휴대폰,T1 정확표기,1633544c-7b4d-4ffd-8896-605d35701a89,다솜,휴대폰,둔산2동 골목형상점가,골목형상점가,대전광역시,,,
d9b2795d772d5efbfc26,full_annotation_v1,A,q_휴대폰_01,휴대폰,생활서비스 중 '휴대폰'을 판매·제공하는 매장,train,휴대폰,T1 정확표기,7bacae12-1746-45d0-ac84-c3c4536c9be7,월드통신,휴대폰,수원역전지하도상가,일반지하상점가,경기도,,,
b73673d8dc06d5adc6e5,full_annotation_v1,A,q_휴대폰_01,휴대폰,생활서비스 중 '휴대폰'을 판매·제공하는 매장,train,휴대폰,T1 정확표기,e9dca130-1002-4f15-9840-2dcaabcd3d02,행복통신,휴대폰,암사종합시장,전통시장,서울특별시,,,
00f1220c6e3b4a869551,full_annotation_v1,A,q_휴대폰_01,휴대폰,생활서비스 중 '휴대폰'을 판매·제공하는 매장,train,휴대폰,T1 정확표기,b9935020-0abb-426e-8603-d4312539ed52,세븐텔레콤,휴대폰,문흥1동 골목형상점가,골목형상점가,광주광역시,,,
cc4fa08b3cea91104913,full_annotation_v1,A,q_휴대폰_01,휴대폰,생활서비스 중 '휴대폰'을 판매·제공하는 매장,train,휴대폰,T1 정확표기,d0dc247f-4f3a-48be-ae5f-e02aa51d1f9b,남양수산,수산물,진주 논개시장,전통시장,경상남도,,,
011784ec4446bd140023,full_annotation_v1,A,q_휴대폰_01,휴대폰,생활서비스 중 '휴대폰'을 판매·제공하는 매장,train,휴대폰,T1 정확표기,ec071aff-c84c-43d2-aaa7-65ed374cfc4d,코코브래드,음식(제과점),창동신창시장,전통시장,서울특별시,,,
2deec6d1cc83a4da3e50,full_annotation_v1,A,q_휴대폰_01,휴대폰,생활서비스 중 '휴대폰'을 판매·제공하는 매장,train,휴대폰,T1 정확표기,137786b3-38ab-461f-890f-ba37dadfb776,번개수산,수산물,서산동부전통시장,전통시장,충청남도,,,
90a8f31419c0c94ead21,full_annotation_v1,A,q_휴대폰_01,휴대폰,생활서비스 중 '휴대폰'을 판매·제공하는 매장,train,휴대폰,T1 정확표기,f664423f-23f4-40ca-b20a-30cd87a1e53d,고려,휴대폰,포항중앙상가,전통시장,경상북도,,,
e54e1a909c09653802e7,full_annotation_v1,A,q_휴대폰_01,휴대폰,생활서비스 중 '휴대폰'을 판매·제공하는 매장,train,휴대폰,T1 정확표기,a480d87b-a73e-4ffb-ae3b-baf3bf37a00a,유림텔레콤,휴대폰,보람동 골목형상점가,골목형상점가,세종특별자치시,,,
7511a00f3e46a17b6195,full_annotation_v1,A,q_휴대폰_01,휴대폰,생활서비스 중 '휴대폰'을 판매·제공하는 매장,train,휴대폰,T1 정확표기,d0d9dfe1-dd52-40b9-8e17-70e67e1bc62b,폰백화점,휴대폰,평해시장,전통시장,경상북도,,,
6730abf1be3aa4d79f87,full_annotation_v1,A,q_휴대폰_01,휴대폰,생활서비스 중 '휴대폰'을 판매·제공하는 매장,train,휴대폰,T1 정확표기,df9100b3-2b94-4bf2-88d5-ee5f22961277,휴대폰 성지,휴대폰,맑은샘 골목형상점가,골목형상점가,울산광역시,,,
c0a43cc3753ebeef66a3,full_annotation_v1,A,q_휴대폰_01,휴대폰,생활서비스 중 '휴대폰'을 판매·제공하는 매장,train,휴대폰,T1 정확표기,4a379e5e-23a2-406c-9818-67a653b298e9,바른,휴대폰,달서로행복 골목형상점가,골목형상점가,대구광역시,,,
b9153bbfbefef0536ca7,full_annotation_v1,A,q_휴대폰_01,휴대폰,생활서비스 중 '휴대폰'을 판매·제공하는 매장,train,휴대폰,T1 정확표기,2d88bf23-ba76-423b-a4bf-ca27755bea8f,삼성전자 담양대리점,,담양중앙3번가 골목형상점가,골목형상점가,전라남도,,,
4aa7cf7caf76ef6aca7a,full_annotation_v1,A,q_휴대폰_01,휴대폰,생활서비스 중 '휴대폰'을 판매·제공하는 매장,train,휴대폰,T1 정확표기,010cd15e-5c90-4755-af93-74b17ec99bf3,오빠통신,휴대폰,중흥 골목형상점가,골목형상점가,부산광역시,,,
eeb5727c480955cfbaa1,full_annotation_v1,A,q_휴대폰_01,휴대폰,생활서비스 중 '휴대폰'을 판매·제공하는 매장,train,휴대폰,T1 정확표기,42a6642a-da99-4436-a902-d7a0453fb850,사계절통신,휴대폰,새동인천지하상가,일반지하상점가,인천광역시,,,
de8b5b34084b0f7055cf,full_annotation_v1,A,q_휴대폰_01,휴대폰,생활서비스 중 '휴대폰'을 판매·제공하는 매장,train,휴대폰,T1 정확표기,02f246ab-fc2d-4121-9888-5e5c1f2f0cc7,행운모바일,핸드폰,학운 골목형상점가,골목형상점가,광주광역시,,,
adc0c1eec7ef453d3a28,full_annotation_v1,A,q_휴대폰_01,휴대폰,생활서비스 중 '휴대폰'을 판매·제공하는 매장,train,휴대폰,T1 정확표기,8cdeaab0-035a-494f-b669-0ec7ae1a3e56,미스터모바일,휴대폰,공주산성 활성화구역,상권활성화구역,충청남도,,,
aa24a774e97098d09bd4,full_annotation_v1,A,q_휴대폰_01,휴대폰,생활서비스 중 '휴대폰'을 판매·제공하는 매장,train,휴대폰,T1 정확표기,eea6e4ae-4dc4-40b1-8e2d-af3c13524458,사과텔레콤,휴대폰,원주자유시장,전통시장,강원특별자치도,,,
f6202ca9bc0564357df7,full_annotation_v1,A,q_휴대폰_01,휴대폰,생활서비스 중 '휴대폰'을 판매·제공하는 매장,train,휴대폰,T1 정확표기,68a09042-8eb6-45a4-b1c6-e3705c54ba1c,휴대폰명가,휴대폰,천리단길골목형상점가,골목형상점가,서울특별시,,,
ae5fd98d921fbc6c9161,full_annotation_v1,A,q_휴대폰_01,휴대폰,생활서비스 중 '휴대폰'을 판매·제공하는 매장,train,휴대폰,T1 정확표기,c99da605-da72-4149-9f3a-15e6f0988593,착한통신,휴대폰,김천황금시장,전통시장,경상북도,,,
a147ccdb35aade8ca841,full_annotation_v1,A,q_휴대폰_01,휴대폰,생활서비스 중 '휴대폰'을 판매·제공하는 매장,train,휴대폰,T1 정확표기,d41b00f3-7ad2-49d5-9dcc-adc648f08cbe,휴대폰다모아,휴대폰,태백중앙로상점가,자율상권구역,강원특별자치도,,,
a13e7bd6afaa67c8ad73,full_annotation_v1,A,q_휴대폰_01,휴대폰,생활서비스 중 '휴대폰'을 판매·제공하는 매장,train,휴대폰,T1 정확표기,06a0db11-621d-40fa-a907-fee8f225c06b,베스트이동통신,휴대폰,중앙로 지하상가 상점가,일반지하상점가,대전광역시,,,
a13b2cd30d6b992ae932,full_annotation_v1,A,q_휴대폰_01,휴대폰,생활서비스 중 '휴대폰'을 판매·제공하는 매장,train,휴대폰,T1 정확표기,5602a963-9abf-479b-9105-917b2d1a1c8a,신나고마켓,음료및 식품,운암북문대로 골목형상점가,골목형상점가,광주광역시,,,
3deb4858c996305502f4,full_annotation_v1,A,q_휴대폰_01,휴대폰,생활서비스 중 '휴대폰'을 판매·제공하는 매장,train,휴대폰,T1 정확표기,c4c1a1e7-4418-4d77-9503-cf8839e7c8d8,해피모바일,휴대폰,창원 도계부부시장,전통시장,경상남도,,,
77782879846cc868233c,full_annotation_v1,A,q_휴대폰_01,휴대폰,생활서비스 중 '휴대폰'을 판매·제공하는 매장,train,휴대폰,T1 정확표기,8b22e5ff-243b-4867-a9af-e2886f7a88bf,유림텔레콤,휴대폰,나성중앙 골목형상점가,골목형상점가,세종특별자치시,,,
5fac746b04ebcd258312,full_annotation_v1,A,q_휴대폰_01,휴대폰,생활서비스 중 '휴대폰'을 판매·제공하는 매장,train,휴대폰,T1 정확표기,470c758f-35cb-4ffb-917a-90d09bf2208a,인천상사염주점,휴대폰 및 휴대폰 악세사리,화정한울타리상인회 골목형상점가,골목형상점가,광주광역시,,,
4e109cacb7f7e7c26ef8,full_annotation_v1,A,q_휴대폰_01,휴대폰,생활서비스 중 '휴대폰'을 판매·제공하는 매장,train,휴대폰,T1 정확표기,69f53a98-8202-4c00-ab7b-1d52e8299dc6,공짜세상,휴대폰,순천연향패션상가,자율상권구역,전라남도,,,
65661954cb2265c3e87a,full_annotation_v1,A,q_휴대폰_01,휴대폰,생활서비스 중 '휴대폰'을 판매·제공하는 매장,train,휴대폰,T1 정확표기,54a5e7f4-29d4-4b8a-bae9-c6a51cef12d9,다윗통신,휴대폰,면곡시장 골목형상점가,골목형상점가,서울특별시,,,
16764043758cfdbf5b23,full_annotation_v1,A,q_휴대폰_01,휴대폰,생활서비스 중 '휴대폰'을 판매·제공하는 매장,train,휴대폰,T1 정확표기,5e764ed5-0d3e-49ee-bbbf-45c9fd315da8,광주 휴대폰 성지 폰샵,휴대폰,노대물빛근린공원 골목형상점가,골목형상점가,광주광역시,,,
e041b6a03785ac777e9b,full_annotation_v1,A,q_휴대폰_01,휴대폰,생활서비스 중 '휴대폰'을 판매·제공하는 매장,train,휴대폰,T1 정확표기,021ff0c7-6958-49f8-9f5b-b558a74ed5f8,중앙이동통신,기타통신기기판매,거제 옥포중앙시장,전통시장,경상남도,,,
329e64a9bfdd4b41cf32,full_annotation_v1,A,q_휴대폰_01,휴대폰,생활서비스 중 '휴대폰'을 판매·제공하는 매장,train,휴대폰,T1 정확표기,9bb31771-8365-4d0b-a268-4b34dc3d1c63,부여휴대폰,휴대폰,부여시장,전통시장,충청남도,,,
328ac23b92b6e36c7fef,full_annotation_v1,A,q_휴대폰_01,휴대폰,생활서비스 중 '휴대폰'을 판매·제공하는 매장,train,휴대폰,T1 정확표기,b851e5d3-1469-4825-93bc-173f2e31fba4,아연,휴대폰,당산로 골목형상점가,골목형상점가,전북특별자치도,,,
7c9537f13883c4f514f4,full_annotation_v1,A,q_휴대폰_01,휴대폰,생활서비스 중 '휴대폰'을 판매·제공하는 매장,train,휴대폰,T1 정확표기,e85e207a-476d-4cd2-82c3-df3028a2d63b,스마일통신,휴대폰,은구비서로사회적협동조합 골목형상점가,골목형상점가,대전광역시,,,
57cd4c8fcf7caa824234,full_annotation_v1,A,q_휴대폰_01,휴대폰,생활서비스 중 '휴대폰'을 판매·제공하는 매장,train,휴대폰,T1 정확표기,4e0b010a-777d-490b-8791-6afcde69ce72,유림텔레콤,휴대폰,복대가경시장,전통시장,충청북도,,,
b48bc6b8fcdc7265fc4e,full_annotation_v1,A,q_휴대폰_01,휴대폰,생활서비스 중 '휴대폰'을 판매·제공하는 매장,train,휴대폰,T1 정확표기,5f8e20f1-1c37-412d-8699-cf99ba51a0e7,폰상사,휴대폰,원마루시장,전통시장,충청북도,,,
37507e0cc17f84dfb198,full_annotation_v1,A,q_휴대폰_01,휴대폰,생활서비스 중 '휴대폰'을 판매·제공하는 매장,train,휴대폰,T1 정확표기,f123c4ea-2155-4f1d-9da0-be9930069add,휴대폰 성지,,사직거인 골목형상점가,골목형상점가,부산광역시,,,
ad376ed45c5a21677167,full_annotation_v1,A,q_휴대폰_01,휴대폰,생활서비스 중 '휴대폰'을 판매·제공하는 매장,train,휴대폰,T1 정확표기,cec1d6b5-6fec-4c30-805d-b45e8c319941,에스엠휴대폰,휴대폰,말바우시장,전통시장,광주광역시,,,
d7e268c1ea360e8ab3f9,full_annotation_v1,A,q_휴대폰_01,휴대폰,생활서비스 중 '휴대폰'을 판매·제공하는 매장,train,휴대폰,T1 정확표기,02c3dcdc-1c49-416a-bf70-7592d1fa297c,광주휴대폰성지 다온모바일 본점,유무선통신 휴대폰컴퓨터악세사리핸드폰중고폰인터넷,월빛 골목형상점가,골목형상점가,광주광역시,,,
75458e3c847a5ed14c9a,full_annotation_v1,A,q_휴대폰_01,휴대폰,생활서비스 중 '휴대폰'을 판매·제공하는 매장,train,휴대폰,T1 정확표기,02fe10a4-4545-464e-a4cd-db9195d6efac,화성해결사(넥시오테크),"핸드폰, 컴퓨터",병점중심상가,자율상권구역,경기도,,,
dabe767989e86860350d,full_annotation_v1,A,q_휴대폰_01,휴대폰,생활서비스 중 '휴대폰'을 판매·제공하는 매장,train,휴대폰,T1 정확표기,9de7bcbc-bdb0-4893-a00b-1ca6f9ad1816,디자이너클럽,휴대폰,의성중앙상점가(의성읍중앙길상가거리),자율상권구역,경상북도,,,
a9e78b09e74646659fac,full_annotation_v1,A,q_휴대폰_01,휴대폰,생활서비스 중 '휴대폰'을 판매·제공하는 매장,train,휴대폰,T1 정확표기,a2620efd-8b16-4928-b301-b558d262e272,국밥장인,갈비탕소고기국밥,각화2지구 골목형상점가,골목형상점가,광주광역시,,,
edd56fdd538145c4ec30,full_annotation_v1,A,q_휴대폰_01,휴대폰,생활서비스 중 '휴대폰'을 판매·제공하는 매장,train,휴대폰,T1 정확표기,9de33745-5523-431b-9395-61d7e34e1944,온누리텔레콤,휴대폰,동남상가거리,골목형상점가,제주특별자치도,,,
50043f93d916f1a4439d,full_annotation_v1,A,q_휴대폰_01,휴대폰,생활서비스 중 '휴대폰'을 판매·제공하는 매장,train,휴대폰,T1 정확표기,2cb66846-6224-4458-9343-8bf07051a0af,휴대폰 나라,휴대폰 판매,부안석정 골목형상점가,골목형상점가,전북특별자치도,,,
dd8dbad013a36edc4052,full_annotation_v1,A,q_휴대폰_01,휴대폰,생활서비스 중 '휴대폰'을 판매·제공하는 매장,train,휴대폰,T1 정확표기,00777631-0a51-44c5-b53f-b527a11fb1db,예스통신,휴대폰,주천골목형상점가,골목형상점가,강원특별자치도,,,
723560be4edf07b33aeb,full_annotation_v1,A,q_휴대폰_01,휴대폰,생활서비스 중 '휴대폰'을 판매·제공하는 매장,train,휴대폰,T1 정확표기,0054ff4a-a422-4c7e-bfad-6d673e8ea872,악세사리하우스 2호점,휴대폰 악세사리 및 잡화,중앙로 지하상가 상점가,일반지하상점가,대전광역시,,,
859de81edf580d6f079e,full_annotation_v1,A,q_휴대폰_01,휴대폰,생활서비스 중 '휴대폰'을 판매·제공하는 매장,train,휴대폰,T1 정확표기,a4b7b39a-cf69-4e8d-827f-c12c5de7cc43,폰까페,휴대폰,위드수암 골목형상점가,골목형상점가,울산광역시,,,
53080b1b71b2b485d290,full_annotation_v1,A,q_휴대폰_01,휴대폰,생활서비스 중 '휴대폰'을 판매·제공하는 매장,train,휴대폰,T1 정확표기,bd3efb0a-c366-4aea-8906-019b724f39ad,에이원,휴대폰,신정중앙 골목형상점가,골목형상점가,울산광역시,,,
9e6da9dee289608de7bb,full_annotation_v1,A,q_휴대폰_01,휴대폰,생활서비스 중 '휴대폰'을 판매·제공하는 매장,train,휴대폰,T1 정확표기,fd8acaa3-04ee-4cbf-8785-19a053efda83,종합통신,휴대폰,담양중앙 골목형상점가,골목형상점가,전라남도,,,
67c3a15e1dd705f7ee69,full_annotation_v1,A,q_휴대폰_01,휴대폰,생활서비스 중 '휴대폰'을 판매·제공하는 매장,train,휴대폰,T1 정확표기,a3d7f728-c6d6-48c9-8b93-a27293780279,뉴캐스트엔커,휴대폰,고서 골목형상점가,골목형상점가,전라남도,,,
76cc294b00b79386ca1e,full_annotation_v1,A,q_휴대폰_01,휴대폰,생활서비스 중 '휴대폰'을 판매·제공하는 매장,train,휴대폰,T1 정확표기,4a56c653-14b7-4de4-b2dc-ab97ec6a3f92,수호,휴대폰,의정부역지하상가,일반지하상점가,경기도,,,
be45d121f15c30cac5a7,full_annotation_v1,A,q_휴대폰_01,휴대폰,생활서비스 중 '휴대폰'을 판매·제공하는 매장,train,휴대폰,T1 정확표기,176600cf-940d-4a0b-8552-65552a4a772e,플로라,"소매업(퀼트,수예)",청구문화시장,전통시장,경기도,,,
93d64d2c6d6b958882b4,full_annotation_v1,A,q_휴대폰_01,휴대폰,생활서비스 중 '휴대폰'을 판매·제공하는 매장,train,휴대폰,T1 정확표기,9e25cdb0-5a3f-4a4e-b08b-514e6023422e,정연텔레콤,휴대폰,의정부역지하상가,일반지하상점가,경기도,,,
a3f905a2e2cadf8b1859,full_annotation_v1,A,q_휴대폰_01,휴대폰,생활서비스 중 '휴대폰'을 판매·제공하는 매장,train,휴대폰,T1 정확표기,5e3e2ab7-45f9-4ecb-b39a-cc66ae647b68,휴대폰세상,휴대폰,장천동상가,자율상권구역,전라남도,,,
21a02785de527e912fe5,full_annotation_v1,A,q_휴대폰_01,휴대폰,생활서비스 중 '휴대폰'을 판매·제공하는 매장,train,휴대폰,T1 정확표기,d20f447b-bfd1-4715-b0e8-5a9e753e4129,휴대폰아울렛,휴대폰,음성시장,전통시장,충청북도,,,
e93e33180106a941aed7,full_annotation_v1,A,q_휴대폰_01,휴대폰,생활서비스 중 '휴대폰'을 판매·제공하는 매장,train,휴대폰,T1 정확표기,02aa3a9c-ec76-42b0-bdec-780ae1250ada,대화SK텔레콤,휴대폰대리점,대화전통시장,전통시장,강원특별자치도,,,
3a4080af5610e1c4d23c,full_annotation_v1,A,q_휴대폰_01,휴대폰,생활서비스 중 '휴대폰'을 판매·제공하는 매장,train,휴대폰,T1 정확표기,513f95ab-a345-4ddf-8546-c04abe8c3ead,폰플러스,휴대폰,두정로 두정상가길 골목형상점가,골목형상점가,충청남도,,,
04d3ebde0ae1aaa10a80,full_annotation_v1,A,q_휴대폰_01,휴대폰,생활서비스 중 '휴대폰'을 판매·제공하는 매장,train,휴대폰,T1 정확표기,8bb82cbe-8f5c-4cea-8285-d5458f027cdb,성훈대박텔레콤,휴대폰,방이시장,전통시장,서울특별시,,,
c693b076f2208db9f61b,full_annotation_v1,A,q_휴대폰_01,휴대폰,생활서비스 중 '휴대폰'을 판매·제공하는 매장,train,휴대폰,T1 정확표기,13f44b34-3ccc-4002-beb8-4fc1ff0c6a0c,이브자리 기장대리점,,기장차성로,골목형상점가,부산광역시,,,
f21ae14e98ed5b28ebfa,full_annotation_v1,A,q_휴대폰_01,휴대폰,생활서비스 중 '휴대폰'을 판매·제공하는 매장,train,휴대폰,T1 정확표기,a25add3a-8b8e-4eb2-a2a9-e84def803e25,경안통신,휴대폰,안동구시장,전통시장,경상북도,,,
e40c158c49cfc7028889,full_annotation_v1,A,q_휴대폰_01,휴대폰,생활서비스 중 '휴대폰'을 판매·제공하는 매장,train,휴대폰,T1 정확표기,65019e23-1b44-4a35-8736-14b215d155f2,휴대폰젤싼집,휴대폰,영주문화시장,전통시장,경상북도,,,
4fa44e973d3b541f1bf9,full_annotation_v1,A,q_휴대폰_01,휴대폰,생활서비스 중 '휴대폰'을 판매·제공하는 매장,train,휴대폰,T1 정확표기,a4b61041-9fc4-49e6-9df0-0a652441cd7f,스타텔레콤,휴대폰,동대구신시장,전통시장,대구광역시,,,
a32f9c68a2e2d7575585,full_annotation_v1,A,q_휴대폰_01,휴대폰,생활서비스 중 '휴대폰'을 판매·제공하는 매장,train,휴대폰,T1 정확표기,8a9496be-9422-4726-a395-4c590b36a4a2,천도,휴대폰,젊음의거리 상점가,자율상권구역,울산광역시,,,
5a92f55443898710ea5c,full_annotation_v1,A,q_휴대폰_01,휴대폰,생활서비스 중 '휴대폰'을 판매·제공하는 매장,train,휴대폰,T1 정확표기,449c6ad9-f928-471e-bab4-7860d66aec70,제우스텔레콤,휴대폰,우림골목시장,전통시장,서울특별시,,,
2e1395318629d069acb2,full_annotation_v1,A,q_휴대폰_01,휴대폰,생활서비스 중 '휴대폰'을 판매·제공하는 매장,train,휴대폰,T1 정확표기,1428e154-1161-4cae-b75a-1a4881cb04a1,뮤통신,휴대폰,성남중앙지하시장,일반지하상점가,경기도,,,
c29f1afdd174272195e4,full_annotation_v1,A,q_휴대폰_01,휴대폰,생활서비스 중 '휴대폰'을 판매·제공하는 매장,train,휴대폰,T1 정확표기,00947369-dfd0-4074-b22e-c8b430a98a70,에스.에이.팜(S.A.farm),"표고버섯및농산물, 잡화, 통신판매",무주반딧불상권활성화구역,상권활성화구역,전북특별자치도,,,
6ce74bc14240fc540d23,full_annotation_v1,A,q_휴대폰_01,휴대폰,생활서비스 중 '휴대폰'을 판매·제공하는 매장,train,휴대폰,T1 정확표기,e0a00984-95f5-49e0-878f-7bd5e5f29387,폰카페,휴대폰,광탄전통시장,전통시장,경기도,,,
8c59caeae4af661b1eb1,full_annotation_v1,A,q_휴대폰_01,휴대폰,생활서비스 중 '휴대폰'을 판매·제공하는 매장,train,휴대폰,T1 정확표기,0c1cde8e-3d28-45ec-98a5-03ff310e3e07,SK제주중앙대리점,휴대폰,중앙로상점가,자율상권구역,제주특별자치도,,,
ea1b65339a4aa30026c4,full_annotation_v1,A,q_휴대폰_01,휴대폰,생활서비스 중 '휴대폰'을 판매·제공하는 매장,train,휴대폰,T1 정확표기,04896758-74f7-4475-8845-e4ad47f20c1a,휴대폰성지,휴대폰,탕정역 지웰시티몰 3단지 골목형상점가,골목형상점가,충청남도,,,
c0427e741551be9757e8,full_annotation_v1,A,q_휴대폰_01,휴대폰,생활서비스 중 '휴대폰'을 판매·제공하는 매장,train,휴대폰,T1 정확표기,01da8333-5f68-46b6-879b-e58722707b81,케이제이통신,휴대폰,삼각동 골목형상점가,골목형상점가,광주광역시,,,
15b0e690edec126a69c8,full_annotation_v1,A,q_휴대폰_01,휴대폰,생활서비스 중 '휴대폰'을 판매·제공하는 매장,train,휴대폰,T1 정확표기,25243127-3ba5-4c2c-b8dd-7f5fe0978b28,코코텔레콤,휴대폰 및 휴대폰 액세서리,창원 정우상가,자율상권구역,경상남도,,,
03cf3e94d67d3120f033,full_annotation_v1,A,q_휴대폰_01,휴대폰,생활서비스 중 '휴대폰'을 판매·제공하는 매장,train,휴대폰,T1 정확표기,9d8abd9b-e84d-4861-89e6-293f41644118,마스터스윔,수영장 운영업,과천중앙동상점가,자율상권구역,경기도,,,
0874998c8704f5d5babc,full_annotation_v1,A,q_휴대폰_01,휴대폰,생활서비스 중 '휴대폰'을 판매·제공하는 매장,train,휴대폰,T1 정확표기,60242b09-9e47-4377-83c9-999faeb1b036,유림텔레콤,휴대폰,테크노밸리 골목형상점가,골목형상점가,대전광역시,,,
efc8779f931393513c84,full_annotation_v1,A,q_휴대폰_01,휴대폰,생활서비스 중 '휴대폰'을 판매·제공하는 매장,train,휴대폰,T1 정확표기,7b5d3947-498f-4814-9069-f35f4cc4e9ff,글로벌통신,휴대폰,창원 가음정시장,전통시장,경상남도,,,
dba53236383d42325123,full_annotation_v1,A,q_휴대폰_01,휴대폰,생활서비스 중 '휴대폰'을 판매·제공하는 매장,train,휴대폰,T1 정확표기,ee55d57e-3007-4c7f-ad21-c911a89437bd,한빛이동통신,휴대폰,둔산3동상점가,자율상권구역,대전광역시,,,
28de4e441ea9d6747a2a,full_annotation_v1,A,q_휴대폰_01,휴대폰,생활서비스 중 '휴대폰'을 판매·제공하는 매장,train,휴대폰,T1 정확표기,0568d65b-5cb4-47a0-9c3d-baa982b5a453,펀통신,휴대폰,봉덕신시장,전통시장,대구광역시,,,
9ae59580b7a53d10db05,full_annotation_v1,A,q_휴대폰_01,휴대폰,생활서비스 중 '휴대폰'을 판매·제공하는 매장,train,휴대폰,T1 정확표기,b5f3e208-4195-4d37-a3a0-07fed64f16f9,장인통신,휴대폰,스펙트럼시티 골목형상점가,골목형상점가,대구광역시,,,
212cdcfb2a839c542876,full_annotation_v1,A,q_휴대폰_01,휴대폰,생활서비스 중 '휴대폰'을 판매·제공하는 매장,train,휴대폰,T1 정확표기,545b13a8-8413-4d69-b8a7-7f655c21fef4,아티스트,휴대폰,유성시장 골목형상점가,골목형상점가,대전광역시,,,
9111d6e30d7b1a6cdb64,full_annotation_v1,A,q_휴대폰_01,휴대폰,생활서비스 중 '휴대폰'을 판매·제공하는 매장,train,휴대폰,T1 정확표기,dd0242e3-23be-4568-ac90-e68b083565d7,블루통신,휴대폰,반송큰시장,전통시장,부산광역시,,,
c1ea2affa858b7d0eca3,full_annotation_v1,A,q_휴대폰_01,휴대폰,생활서비스 중 '휴대폰'을 판매·제공하는 매장,train,휴대폰,T1 정확표기,a19e29c6-a485-43d5-b1b2-c46e87d2bcab,뉴텔레콤,휴대폰,창원 명서시장,전통시장,경상남도,,,
55a069674489000567d2,full_annotation_v1,A,q_휴대폰_01,휴대폰,생활서비스 중 '휴대폰'을 판매·제공하는 매장,train,휴대폰,T1 정확표기,968edcca-3566-47bc-9dd8-e359fcfa930f,휴대폰 아울렛,휴대폰,우산행복주택,골목형상점가,광주광역시,,,
18d64983f81f356f11d6,full_annotation_v1,A,q_휴대폰_01,휴대폰,생활서비스 중 '휴대폰'을 판매·제공하는 매장,train,휴대폰,T1 정확표기,8bb676b3-0d17-4352-8e56-ba508aba8573,유가네곰탕,한식,봉리단길골목형상점가,골목형상점가,서울특별시,,,
58119f3c61a748137ff0,full_annotation_v1,A,q_휴대폰_01,휴대폰,생활서비스 중 '휴대폰'을 판매·제공하는 매장,train,휴대폰,T1 정확표기,8483d4ce-f59a-4fa5-a5fa-55a2bd47d5a3,뒷뜰주막,음식,북평민속시장(북평민속5일장),전통시장,강원특별자치도,,,
024f11641c025eb60cc9,full_annotation_v1,A,q_휴대폰_01,휴대폰,생활서비스 중 '휴대폰'을 판매·제공하는 매장,train,휴대폰,T1 정확표기,1371fbb7-4718-4eb1-b2c7-0b3ed844623b,쌍둥이정보통신,핸드폰,주안시민지하도상점가,일반지하상점가,인천광역시,,,
4820cc3d1f7dfdfc6901,full_annotation_v1,A,q_휴대폰_01,휴대폰,생활서비스 중 '휴대폰'을 판매·제공하는 매장,train,휴대폰,T1 정확표기,ba864bc3-391d-4b8a-bad7-7a20d0b15065,유림텔레콤,휴대폰,금왕중심골목형상점가,골목형상점가,충청북도,,,
a91791ba23ef3d76e7d2,full_annotation_v1,A,q_휴대폰_01,휴대폰,생활서비스 중 '휴대폰'을 판매·제공하는 매장,train,휴대폰,T1 정확표기,01c84e06-31c1-4487-8c92-fe68a3cd3cb1,바이셀폰 김천점,휴대폰,평화로상가,자율상권구역,경상북도,,,
d4dda7282153201bcae1,full_annotation_v1,A,q_휴대폰_01,휴대폰,생활서비스 중 '휴대폰'을 판매·제공하는 매장,train,휴대폰,T1 정확표기,b291edef-17f5-42be-a29f-7b9ca022e59c,다온텔레콤,휴대폰,의정부역지하상가,일반지하상점가,경기도,,,
49afaa5f3c8d143106e5,full_annotation_v1,A,q_휴대폰_01,휴대폰,생활서비스 중 '휴대폰'을 판매·제공하는 매장,train,휴대폰,T1 정확표기,0e87fcb6-e5e3-487d-80dd-a5439b51a6e1,최상희미용실,미용업,중문로 골목형상점가,골목형상점가,광주광역시,,,
c8bc31a479fd3a3dc3b8,full_annotation_v1,A,q_휴대폰_01,휴대폰,생활서비스 중 '휴대폰'을 판매·제공하는 매장,train,휴대폰,T1 정확표기,0043ff4d-b3a5-4bc7-a567-5292e5c15a70,다온텔레콤,"휴대폰, 악세사리",전방의거리 골목형상점가,골목형상점가,인천광역시,,,
21472d5e18f7ee467fa1,full_annotation_v1,A,q_휴대폰_01,휴대폰,생활서비스 중 '휴대폰'을 판매·제공하는 매장,train,휴대폰,T1 정확표기,379e44f1-b021-4ee2-bab8-0a1f3094db97,휴대폰천국,휴대폰,서천읍 군사리 골목형상점가,골목형상점가,충청남도,,,
eef670e621ad8d0b9e39,full_annotation_v1,A,q_휴대폰_01,휴대폰,생활서비스 중 '휴대폰'을 판매·제공하는 매장,train,휴대폰,T1 정확표기,2be7aef9-8637-4d5e-95da-989b506f5770,까치산족발,부대찌개,까치산시장,전통시장,서울특별시,,,
cb98812b4a21de549e12,full_annotation_v1,A,q_휴대폰_01,휴대폰,생활서비스 중 '휴대폰'을 판매·제공하는 매장,train,휴대폰,T1 정확표기,b1a56654-5649-43eb-a0ab-84d1a4b23ed4,두빛통신,휴대폰,자양전통시장,전통시장,서울특별시,,,
2d513516e0a905d38efc,full_annotation_v1,A,q_휴대폰_01,휴대폰,생활서비스 중 '휴대폰'을 판매·제공하는 매장,train,휴대폰,T1 정확표기,593e603d-e4c5-4bb7-b598-8bae9a66ce5d,갬성카,휴대폰,조종시장,전통시장,경기도,,,
50681c6e56b8d2ef245c,full_annotation_v1,A,q_휴대폰_01,휴대폰,생활서비스 중 '휴대폰'을 판매·제공하는 매장,train,휴대폰,T1 정확표기,f8472dd2-4de0-4229-8613-e81d616d823b,사랑,휴대폰,목대온기 골목형상점가,골목형상점가,대전광역시,,,
03f391c88c50d24fc6d5,full_annotation_v1,A,q_휴대폰_01,휴대폰,생활서비스 중 '휴대폰'을 판매·제공하는 매장,train,휴대폰,T1 정확표기,5c28947a-f60c-411a-9c9c-6d168700baaf,폰아저씨,휴대폰,중앙로 지하상가 상점가,일반지하상점가,대전광역시,,,
5a1bb929e15235cd76d6,full_annotation_v1,A,q_휴대폰_01,휴대폰,생활서비스 중 '휴대폰'을 판매·제공하는 매장,train,휴대폰,T1 정확표기,c480d8de-7fe1-4600-976e-f108841a6e49,제이텔레콤,휴대폰,의정부역지하상가,일반지하상점가,경기도,,,
ccaa4aff5ae159ec8be9,full_annotation_v1,A,q_휴대폰_01,휴대폰,생활서비스 중 '휴대폰'을 판매·제공하는 매장,train,휴대폰,T1 정확표기,e40d93ed-9678-429d-ac95-45c06f2a51c2,우리동네휴대폰,휴대폰,지족북로 골목형상점가,골목형상점가,대전광역시,,,
b2efe48bb6b6c9fa3afc,full_annotation_v1,A,q_휴대폰_01,휴대폰,생활서비스 중 '휴대폰'을 판매·제공하는 매장,train,휴대폰,T1 정확표기,58962e9d-3869-4e13-a7ee-5e05c736da6e,별텔레콤,휴대폰,두꺼비시장,전통시장,충청북도,,,
718dd7e5284683572f2a,full_annotation_v1,A,q_휴대폰_01,휴대폰,생활서비스 중 '휴대폰'을 판매·제공하는 매장,train,휴대폰,T1 정확표기,00846462-1c43-4b63-b119-bbea50627f5b,비젼텔레콤,통신기기,공릉구길골목형상점가,골목형상점가,서울특별시,,,
a811621b55de01835d79,full_annotation_v1,A,q_휴대폰_01,휴대폰,생활서비스 중 '휴대폰'을 판매·제공하는 매장,train,휴대폰,T1 정확표기,287f7c10-4863-4c1d-959b-fa848384a396,김굽는남자들,"김, 다시마",대전정원시장,전통시장,대전광역시,,,
39b23cce74d185b7e7cb,full_annotation_v1,A,q_휴대폰_01,휴대폰,생활서비스 중 '휴대폰'을 판매·제공하는 매장,train,휴대폰,T1 정확표기,646dfa88-20e0-47c5-94f5-289ac84c8719,명텔레콤,휴대폰,푸른솔빛골목형상점가,골목형상점가,인천광역시,,,
515b4d3fd90f394f228e,full_annotation_v1,A,q_휴대폰_01,휴대폰,생활서비스 중 '휴대폰'을 판매·제공하는 매장,train,휴대폰,T1 정확표기,47ee2afe-c265-44e3-a5d6-b06c9a7b036f,프랄린하우스,초콜릿,삼익사거리 골목형상점가,골목형상점가,광주광역시,,,
9120f67be6c60b085ea6,full_annotation_v1,A,q_휴대폰_01,휴대폰,생활서비스 중 '휴대폰'을 판매·제공하는 매장,train,휴대폰,T1 정확표기,a2405dd0-d3f2-4727-a10d-116133deb83d,왕폰,휴대폰,임방울거리3구역 골목형상점가,골목형상점가,광주광역시,,,
2e63e30781bc84eb1a4f,full_annotation_v1,A,q_휴대폰_01,휴대폰,생활서비스 중 '휴대폰'을 판매·제공하는 매장,train,휴대폰,T1 정확표기,f8a1f84f-faa6-41b7-9301-37fabc43e6f1,휴대폰도매아울렛,휴대폰,광교상현역 온누리 골목형상점가,골목형상점가,경기도,,,
2b7251f4ab04e92e7311,full_annotation_v1,A,q_휴대폰_01,휴대폰,생활서비스 중 '휴대폰'을 판매·제공하는 매장,train,휴대폰,T1 정확표기,eb9e0b20-34f7-4167-8a22-7c6764601992,스마일통신,휴대폰,엑스포코아 골목형상점가,골목형상점가,대전광역시,,,
7cbfefcbf3255e0ecfd5,full_annotation_v1,A,q_휴대폰_01,휴대폰,생활서비스 중 '휴대폰'을 판매·제공하는 매장,train,휴대폰,T1 정확표기,254a40eb-99dc-470a-9e26-02b54a146a42,엠케이-베드(MK-BED),"도, 소매업(대리점가구)도매(무역업)",가구거리상점가,자율상권구역,경기도,,,
dc8642561c0dac5611b1,full_annotation_v1,A,q_휴대폰_01,휴대폰,생활서비스 중 '휴대폰'을 판매·제공하는 매장,train,휴대폰,T1 정확표기,963abe88-d690-4aa9-86e9-320bdd6cd117,광텔,휴대폰,봉선중길 골목형상점가,골목형상점가,광주광역시,,,
2d14602d11ad0880e708,full_annotation_v1,A,q_휴대폰_01,휴대폰,생활서비스 중 '휴대폰'을 판매·제공하는 매장,train,휴대폰,T1 정확표기,15a78f35-8318-4816-af73-7ed3b8071255,폰뱅크,핸드폰,이충 중심상가,골목형상점가,경기도,,,
7f31ed71f4806fa8ed52,full_annotation_v1,A,q_휴대폰_01,휴대폰,생활서비스 중 '휴대폰'을 판매·제공하는 매장,train,휴대폰,T1 정확표기,c3e1800e-df6a-4545-a12c-4ff15e388a81,명문정보통신,휴대폰,홍도동 상점가,자율상권구역,대전광역시,,,
b3248d9a0bebf1213a9f,full_annotation_v1,A,q_휴대폰_01,휴대폰,생활서비스 중 '휴대폰'을 판매·제공하는 매장,train,휴대폰,T1 정확표기,39013492-2f1f-45fa-b38a-b4489f9c9706,에스모바일,휴대폰,중앙로 지하상가 상점가,일반지하상점가,대전광역시,,,
b936e444422431eed1a1,full_annotation_v1,A,q_휴대폰_01,휴대폰,생활서비스 중 '휴대폰'을 판매·제공하는 매장,train,휴대폰,T1 정확표기,606f2301-566c-42c7-a000-bf63dc64b0d5,이니스프리,휴대폰,풍암벚꽃길상인회 골목형상점가,골목형상점가,광주광역시,,,
7d79de9546567a2dfbc7,full_annotation_v1,A,q_휴대폰_01,휴대폰,생활서비스 중 '휴대폰'을 판매·제공하는 매장,train,휴대폰,T1 정확표기,7a9f7b90-ee8b-4645-a4e5-83d22a2ae2ad,태성푸드,식품,순천역전시장,전통시장,전라남도,,,
6af27da0c0211e80ceb5,full_annotation_v1,A,q_휴대폰_01,휴대폰,생활서비스 중 '휴대폰'을 판매·제공하는 매장,train,휴대폰,T1 정확표기,d28a70cb-c98e-464f-b15e-06b3f089d059,해피통신,휴대폰,신대방1동온누리길골목형상점가,골목형상점가,서울특별시,,,
3bbd98e97bd98a6d78f3,full_annotation_v1,A,q_휴대폰_01,휴대폰,생활서비스 중 '휴대폰'을 판매·제공하는 매장,train,휴대폰,T1 정확표기,844e87aa-8aeb-4f11-af48-04d0aa69a247,조은통신,휴대폰,역전지하상가,일반지하상점가,대전광역시,,,
2a9a91559df4ae9d7519,full_annotation_v1,A,q_휴대폰_01,휴대폰,생활서비스 중 '휴대폰'을 판매·제공하는 매장,train,휴대폰,T1 정확표기,0171502a-5542-4be2-9bac-cf21e4692a6c,폰아울렛,통신기기,염주골상인회 골목형상점가,골목형상점가,광주광역시,,,
014f245f25e96ae0af5b,full_annotation_v1,A,q_휴대폰_01,휴대폰,생활서비스 중 '휴대폰'을 판매·제공하는 매장,train,휴대폰,T1 정확표기,7b697552-c1e4-4a7e-a705-93fff526fa0a,착한휴대폰,휴대폰,갈마프라자 골목형상점가,골목형상점가,대전광역시,,,
af6be0ba5b831af723f0,full_annotation_v1,A,q_휴대폰_01,휴대폰,생활서비스 중 '휴대폰'을 판매·제공하는 매장,train,휴대폰,T1 정확표기,0414b554-68f3-49d0-9548-f4c4d494f142,휴먼텔레콤,핸드폰,안양일번가 지하쇼핑몰,일반지하상점가,경기도,,,
f9cd8c8a42d1e1b080c6,full_annotation_v1,A,q_휴대폰_01,휴대폰,생활서비스 중 '휴대폰'을 판매·제공하는 매장,train,휴대폰,T1 정확표기,3dbddf29-d500-4fc6-846b-39a222d0adb4,통일핸드폰,휴대폰,부평대아지하상점가,일반지하상점가,인천광역시,,,
bb1b83ff74359264080a,full_annotation_v1,A,q_휴대폰_01,휴대폰,생활서비스 중 '휴대폰'을 판매·제공하는 매장,train,휴대폰,T1 정확표기,6c45e367-776e-41e6-ade8-767af304d933,미소텔레콤,휴대폰,의정부역지하상가,일반지하상점가,경기도,,,
d1a79234ada58b2522fd,full_annotation_v1,A,q_휴대폰_01,휴대폰,생활서비스 중 '휴대폰'을 판매·제공하는 매장,train,휴대폰,T1 정확표기,66c42c60-747f-4985-9634-28dc430d2223,스피드,휴대폰,효실천거리 골목형상점가,골목형상점가,인천광역시,,,
8ef0d77b7bc072b2f6d5,full_annotation_v1,A,q_휴대폰_01,휴대폰,생활서비스 중 '휴대폰'을 판매·제공하는 매장,train,휴대폰,T1 정확표기,795161de-289e-4bd2-8c15-b094c4c2af70,휴대폰1번가,휴대폰,여수진남상가,자율상권구역,전라남도,,,
9265f9bd3f1d67ab5652,full_annotation_v1,A,q_휴대폰_01,휴대폰,생활서비스 중 '휴대폰'을 판매·제공하는 매장,train,휴대폰,T1 정확표기,8d4d6234-70fc-45bf-92c6-fe510537d7a0,바른텔레콤,휴대폰,의정부역지하상가,일반지하상점가,경기도,,,
37fd826384055f55013d,full_annotation_v1,A,q_휴대폰_01,휴대폰,생활서비스 중 '휴대폰'을 판매·제공하는 매장,train,휴대폰,T1 정확표기,31d4cdd5-7739-4fbd-86e9-ed646d78dea8,다폰천곡,휴대폰,맑은샘 골목형상점가,골목형상점가,울산광역시,,,
320c20f399d038441337,full_annotation_v1,A,q_휴대폰_01,휴대폰,생활서비스 중 '휴대폰'을 판매·제공하는 매장,train,휴대폰,T1 정확표기,913b8ff9-f63b-40be-bf24-d67a15b86616,맥스모바일반구점,휴대폰,반구시장,전통시장,울산광역시,,,
5970ebf7d50056a3929a,full_annotation_v1,A,q_휴대폰_01,휴대폰,생활서비스 중 '휴대폰'을 판매·제공하는 매장,train,휴대폰,T1 정확표기,6ddeb7a6-abd4-460a-a257-2de4bedf667a,드림온,휴대폰,잠실 장미종합상가 골목형상점가,골목형상점가,서울특별시,,,
fdc81129640cfc0fa90d,full_annotation_v1,A,q_휴대폰_01,휴대폰,생활서비스 중 '휴대폰'을 판매·제공하는 매장,train,휴대폰,T1 정확표기,58c21b43-319c-4520-a0e5-9b71674d78f7,콩깍지,의류,역전지하상가,일반지하상점가,대전광역시,,,
66b740a4d2d6c3657789,full_annotation_v1,A,q_휴대폰_01,휴대폰,생활서비스 중 '휴대폰'을 판매·제공하는 매장,train,휴대폰,T1 정확표기,180da056-fedf-458c-80b0-2f815c5b3c50,엠엘비영주대리점,,영주문화시장,전통시장,경상북도,,,
de9009f3d927e9cbaa33,full_annotation_v1,A,q_휴대폰_01,휴대폰,생활서비스 중 '휴대폰'을 판매·제공하는 매장,train,휴대폰,T1 정확표기,1d927f3d-6f65-43a7-97f8-73c28306581c,삼성텔레콤,휴대폰,호계중앙 골목형상점가,골목형상점가,울산광역시,,,
c4f9327d553d66f63322,full_annotation_v1,A,q_휴대폰_01,휴대폰,생활서비스 중 '휴대폰'을 판매·제공하는 매장,train,휴대폰,T1 정확표기,d568a7ad-6f00-47cf-a8bc-b2dfad5b9dbe,top정보통신,휴대폰,금남지하도상가2공구,일반지하상점가,광주광역시,,,
92726cc6a93537ae6461,full_annotation_v1,A,q_휴대폰_01,휴대폰,생활서비스 중 '휴대폰'을 판매·제공하는 매장,train,휴대폰,T1 정확표기,b75257bb-1756-4660-a644-e7df1f9b2134,에스더블유,휴대폰,대곡시장,전통시장,대구광역시,,,
d177de8c22caec1c98d1,full_annotation_v1,A,q_휴대폰_01,휴대폰,생활서비스 중 '휴대폰'을 판매·제공하는 매장,train,휴대폰,T1 정확표기,c44d62a7-894b-483d-a5e8-5981d338fd8c,휴대폰나라,휴대폰,사거리온누리 골목형상점가,골목형상점가,충청남도,,,
cab389915a9626173247,full_annotation_v1,A,q_휴대폰_01,휴대폰,생활서비스 중 '휴대폰'을 판매·제공하는 매장,train,휴대폰,T1 정확표기,351e2072-29d7-467e-82e3-ebf6359d0ab6,글로벌,휴대폰,수원아이파크시티8단지상가 골목형상점가,골목형상점가,경기도,,,
67985557b7138db98907,full_annotation_v1,A,q_휴대폰_01,휴대폰,생활서비스 중 '휴대폰'을 판매·제공하는 매장,train,휴대폰,T1 정확표기,6dd19251-5fb1-4181-9db5-a872ca55b9e6,미친폰,휴대폰,스펙트럼시티 골목형상점가,골목형상점가,대구광역시,,,
6c462cfe50170f82a999,full_annotation_v1,A,q_휴대폰_01,휴대폰,생활서비스 중 '휴대폰'을 판매·제공하는 매장,train,휴대폰,T1 정확표기,22a939a5-dd57-476c-acd5-4c40c7b522a6,어닝바,분식,중랑동부시장,전통시장,서울특별시,,,
710b6f7e9c8cc4f636d4,full_annotation_v1,A,q_휴대폰_01,휴대폰,생활서비스 중 '휴대폰'을 판매·제공하는 매장,train,휴대폰,T1 정확표기,d9b7dc3a-a9f3-46f1-8e2c-ee17a6e0ad53,샤크통신,휴대폰,역전지하상가,일반지하상점가,대전광역시,,,
2eaa1b645c5cf60bca1c,full_annotation_v1,A,q_휴대폰_02,대리점,생활서비스 중 '휴대폰'을 판매·제공하는 매장,train,휴대폰,T2 동의어,1f69e8d7-88a5-484b-8add-784d49f112b0,까치얼음대리점,얼음,포항죽도농산물시장,전통시장,경상북도,,,
4bd51b560289ee1f9b76,full_annotation_v1,A,q_휴대폰_02,대리점,생활서비스 중 '휴대폰'을 판매·제공하는 매장,train,휴대폰,T2 동의어,0414b554-68f3-49d0-9548-f4c4d494f142,휴먼텔레콤,핸드폰,안양일번가 지하쇼핑몰,일반지하상점가,경기도,,,
0279e67f25cda9abba62,full_annotation_v1,A,q_휴대폰_02,대리점,생활서비스 중 '휴대폰'을 판매·제공하는 매장,train,휴대폰,T2 동의어,01da8333-5f68-46b6-879b-e58722707b81,케이제이통신,휴대폰,삼각동 골목형상점가,골목형상점가,광주광역시,,,
325e9ffd3ad472c20ee7,full_annotation_v1,A,q_휴대폰_02,대리점,생활서비스 중 '휴대폰'을 판매·제공하는 매장,train,휴대폰,T2 동의어,02fe10a4-4545-464e-a4cd-db9195d6efac,화성해결사(넥시오테크),"핸드폰, 컴퓨터",병점중심상가,자율상권구역,경기도,,,
908a5332d031f789dcf5,full_annotation_v1,A,q_휴대폰_02,대리점,생활서비스 중 '휴대폰'을 판매·제공하는 매장,train,휴대폰,T2 동의어,05f6bb86-a130-45b6-81ca-616e99daf11e,황토소금예찬대리점,소급,㈜여수중앙시장,전통시장,전라남도,,,
d79b52a7ce95fa39605d,full_annotation_v1,A,q_휴대폰_02,대리점,생활서비스 중 '휴대폰'을 판매·제공하는 매장,train,휴대폰,T2 동의어,867b2d00-4455-45ce-955a-fb637d07aacb,유니베라관저대리점,,다모아상가 골목형상점가,골목형상점가,대전광역시,,,
b95f8e3990f42ae1a198,full_annotation_v1,A,q_휴대폰_02,대리점,생활서비스 중 '휴대폰'을 판매·제공하는 매장,train,휴대폰,T2 동의어,efbdf162-c787-4a4f-8d09-4502b9acdb1f,인하우스,의류.소품,산격대우상가골목형상점가,골목형상점가,대구광역시,,,
a46fcd0490b22b37773c,full_annotation_v1,A,q_휴대폰_02,대리점,생활서비스 중 '휴대폰'을 판매·제공하는 매장,train,휴대폰,T2 동의어,00846462-1c43-4b63-b119-bbea50627f5b,비젼텔레콤,통신기기,공릉구길골목형상점가,골목형상점가,서울특별시,,,
5e6a93dadacaea17007e,full_annotation_v1,A,q_휴대폰_02,대리점,생활서비스 중 '휴대폰'을 판매·제공하는 매장,train,휴대폰,T2 동의어,0c410ee7-9a53-4a79-a663-95853895e152,님프만대리점,침구류,진해 군항상권활성화구역,상권활성화구역,경상남도,,,
96fe00e6d9cba8265164,full_annotation_v1,A,q_휴대폰_02,대리점,생활서비스 중 '휴대폰'을 판매·제공하는 매장,train,휴대폰,T2 동의어,15a78f35-8318-4816-af73-7ed3b8071255,폰뱅크,핸드폰,이충 중심상가,골목형상점가,경기도,,,
135413cd8e029ea2ce34,full_annotation_v1,A,q_휴대폰_02,대리점,생활서비스 중 '휴대폰'을 판매·제공하는 매장,train,휴대폰,T2 동의어,02f246ab-fc2d-4121-9888-5e5c1f2f0cc7,행운모바일,핸드폰,학운 골목형상점가,골목형상점가,광주광역시,,,
ded94873efb155b6a28b,full_annotation_v1,A,q_휴대폰_02,대리점,생활서비스 중 '휴대폰'을 판매·제공하는 매장,train,휴대폰,T2 동의어,8df3856e-d15e-41c0-bbb2-5a3523a0ff1f,갤럭시대리점,의류,남서상점가,자율상권구역,경상북도,,,
c3764e5b2513a3a328fb,full_annotation_v1,A,q_휴대폰_02,대리점,생활서비스 중 '휴대폰'을 판매·제공하는 매장,train,휴대폰,T2 동의어,e656d9cd-05b0-423b-83f1-3e3483b93709,뱅뱅송정대리점,의류,광주송정역세권 상권활성화구역,상권활성화구역,,,,
12477d3861236b679b89,full_annotation_v1,A,q_휴대폰_02,대리점,생활서비스 중 '휴대폰'을 판매·제공하는 매장,train,휴대폰,T2 동의어,254a40eb-99dc-470a-9e26-02b54a146a42,엠케이-베드(MK-BED),"도, 소매업(대리점가구)도매(무역업)",가구거리상점가,자율상권구역,경기도,,,
d4b03b102932ecc5043f,full_annotation_v1,A,q_휴대폰_02,대리점,생활서비스 중 '휴대폰'을 판매·제공하는 매장,train,휴대폰,T2 동의어,c8b63c71-36ca-4fbb-9acb-042f64af67af,동진상사대리점,건어물,속초중앙전통시장,전통시장,강원특별자치도,,,
6bd8c6bb7b73756e77d1,full_annotation_v1,A,q_휴대폰_02,대리점,생활서비스 중 '휴대폰'을 판매·제공하는 매장,train,휴대폰,T2 동의어,bb270b1e-c5a1-4ad1-b543-898f4d584ab9,원뿔산업총판대리점,전열기,영등포(시장)기계공구상가,자율상권구역,서울특별시,,,
5e1501a316c94c15204f,full_annotation_v1,A,q_휴대폰_02,대리점,생활서비스 중 '휴대폰'을 판매·제공하는 매장,train,휴대폰,T2 동의어,b483e6f2-8ba1-4d86-9714-813f6a6a2448,삼성인월대리점,가정제품,남원인월시장,전통시장,전북특별자치도,,,
6365b345d7ba830b4290,full_annotation_v1,A,q_휴대폰_02,대리점,생활서비스 중 '휴대폰'을 판매·제공하는 매장,train,휴대폰,T2 동의어,e8683642-06de-46ca-92cd-968834cac21d,장성삼성대리점,,장성읍 골목형상점가,골목형상점가,전라남도,,,
95b66130f4e4717dc353,full_annotation_v1,A,q_휴대폰_02,대리점,생활서비스 중 '휴대폰'을 판매·제공하는 매장,train,휴대폰,T2 동의어,07c0f21b-3bbc-4034-af6d-53c588e45726,마실가헤어,파마 컷트,맛조이상인회 골목형상점가,골목형상점가,광주광역시,,,
c2ddc720903185827155,full_annotation_v1,A,q_휴대폰_02,대리점,생활서비스 중 '휴대폰'을 판매·제공하는 매장,train,휴대폰,T2 동의어,0ae7d127-a1c2-4068-a73c-bcd58b4c12b5,모라도제주대리점,의류,칠성로상점가,자율상권구역,제주특별자치도,,,
a32e010ae4e55ebfed50,full_annotation_v1,A,q_휴대폰_02,대리점,생활서비스 중 '휴대폰'을 판매·제공하는 매장,train,휴대폰,T2 동의어,00947369-dfd0-4074-b22e-c8b430a98a70,에스.에이.팜(S.A.farm),"표고버섯및농산물, 잡화, 통신판매",무주반딧불상권활성화구역,상권활성화구역,전북특별자치도,,,
cb874968ff42e3dfb58a,full_annotation_v1,A,q_휴대폰_02,대리점,생활서비스 중 '휴대폰'을 판매·제공하는 매장,train,휴대폰,T2 동의어,9e86c888-44b0-49ff-bedb-776df403c901,트라이동산대리점,의류,"온양온천시장(온양재래시장, 전통시장)",전통시장,충청남도,,,
c22a7115d398d017a93e,full_annotation_v1,A,q_휴대폰_02,대리점,생활서비스 중 '휴대폰'을 판매·제공하는 매장,train,휴대폰,T2 동의어,02c3dcdc-1c49-416a-bf70-7592d1fa297c,광주휴대폰성지 다온모바일 본점,유무선통신 휴대폰컴퓨터악세사리핸드폰중고폰인터넷,월빛 골목형상점가,골목형상점가,광주광역시,,,
255a9dd87f58afa83883,full_annotation_v1,A,q_휴대폰_02,대리점,생활서비스 중 '휴대폰'을 판매·제공하는 매장,train,휴대폰,T2 동의어,5d3b88ea-7719-4679-a301-e4744dd0cd3f,미샤 산격점,화장품,산격대우상가골목형상점가,골목형상점가,대구광역시,,,
2437b205ac485349008b,full_annotation_v1,A,q_휴대폰_02,대리점,생활서비스 중 '휴대폰'을 판매·제공하는 매장,train,휴대폰,T2 동의어,1371fbb7-4718-4eb1-b2c7-0b3ed844623b,쌍둥이정보통신,핸드폰,주안시민지하도상점가,일반지하상점가,인천광역시,,,
35555a23db2fac94747d,full_annotation_v1,A,q_휴대폰_02,대리점,생활서비스 중 '휴대폰'을 판매·제공하는 매장,train,휴대폰,T2 동의어,70230ae7-33c1-49cc-91fe-c23d9ee74bd2,피닉스 골프용품 대리점,골프용품점,목행시장,전통시장,충청북도,,,
d198cbc9b08496060e2a,full_annotation_v1,A,q_휴대폰_02,대리점,생활서비스 중 '휴대폰'을 판매·제공하는 매장,train,휴대폰,T2 동의어,2d88bf23-ba76-423b-a4bf-ca27755bea8f,삼성전자 담양대리점,,담양중앙3번가 골목형상점가,골목형상점가,전라남도,,,
9f368284c7ffe8e30889,full_annotation_v1,A,q_휴대폰_02,대리점,생활서비스 중 '휴대폰'을 판매·제공하는 매장,train,휴대폰,T2 동의어,9e72484e-be75-47ee-8773-a853e6e9afdb,쌍방훌고현총대리점,내의,거제 고현시장,전통시장,경상남도,,,
ea808084832a091c3fba,full_annotation_v1,A,q_휴대폰_02,대리점,생활서비스 중 '휴대폰'을 판매·제공하는 매장,train,휴대폰,T2 동의어,0171502a-5542-4be2-9bac-cf21e4692a6c,폰아울렛,통신기기,염주골상인회 골목형상점가,골목형상점가,광주광역시,,,
6765312f6ae4ffd154a9,full_annotation_v1,A,q_휴대폰_02,대리점,생활서비스 중 '휴대폰'을 판매·제공하는 매장,train,휴대폰,T2 동의어,72d18902-cfe1-4810-9d3d-3e8b927eb667,한생키친창원상남대리점,,창원 성원그랜드쇼핑상가,전통시장,경상남도,,,
e5fd444c15797ea03429,full_annotation_v1,A,q_휴대폰_02,대리점,생활서비스 중 '휴대폰'을 판매·제공하는 매장,train,휴대폰,T2 동의어,e404a09d-fd5f-455f-83e9-3c61866c53de,sk미소대리점,,사리골상점가,자율상권구역,경기도,,,
ac195363cdc51b42c518,full_annotation_v1,A,q_휴대폰_02,대리점,생활서비스 중 '휴대폰'을 판매·제공하는 매장,train,휴대폰,T2 동의어,80701fed-6377-4929-84ed-b38814a96b40,천년가병,떡,못골골목시장,전통시장,부산광역시,,,
ee2dd06665a2b4439f3f,full_annotation_v1,A,q_휴대폰_02,대리점,생활서비스 중 '휴대폰'을 판매·제공하는 매장,train,휴대폰,T2 동의어,8fd9449c-3f91-4913-a7ec-4c6772ba5fe8,송월 타월 화성 대리점,"수건, 잡화",발안만세시장(구 발안시장),전통시장,경기도,,,
314d303f78661ecd1a9c,full_annotation_v1,A,q_휴대폰_02,대리점,생활서비스 중 '휴대폰'을 판매·제공하는 매장,train,휴대폰,T2 동의어,eff132cc-8e57-4cd0-b641-0356d6c6dcc2,용컴퍼니,휴대폰대리점,도화동상점가,자율상권구역,서울특별시,,,
e23a3bd4288aa49c7dc2,full_annotation_v1,A,q_휴대폰_02,대리점,생활서비스 중 '휴대폰'을 판매·제공하는 매장,train,휴대폰,T2 동의어,4d48e5a2-ccd4-4a7d-b6ae-ae699595d78c,링스경주대리점,의류,경주중심상가,전통시장,경상북도,,,
bf89a4ea2f6e2aecdbc6,full_annotation_v1,A,q_휴대폰_02,대리점,생활서비스 중 '휴대폰'을 판매·제공하는 매장,train,휴대폰,T2 동의어,9952e3c3-b72e-402d-b78c-b53fa7bf5961,포항대리점,음료,흥해시장,전통시장,경상북도,,,
a488247e44877759eda0,full_annotation_v1,A,q_휴대폰_02,대리점,생활서비스 중 '휴대폰'을 판매·제공하는 매장,train,휴대폰,T2 동의어,021ff0c7-6958-49f8-9f5b-b558a74ed5f8,중앙이동통신,기타통신기기판매,거제 옥포중앙시장,전통시장,경상남도,,,
a4e48c9e38e1408c2f68,full_annotation_v1,A,q_휴대폰_02,대리점,생활서비스 중 '휴대폰'을 판매·제공하는 매장,train,휴대폰,T2 동의어,1de6d1b0-7c02-4e26-af7c-4ff22120cf25,대리점가구(삼익가구),가구,부산좌천동가구상가,자율상권구역,부산광역시,,,
24994364fa3bc011d717,full_annotation_v1,A,q_휴대폰_02,대리점,생활서비스 중 '휴대폰'을 판매·제공하는 매장,train,휴대폰,T2 동의어,e90fa991-d906-4390-8c45-e7537f6703b5,제이지피(JGP)안양 평촌 대리점,신발,귀인동먹거리촌 골목형상점가,골목형상점가,경기도,,,
1f6722a82b69f7334abb,full_annotation_v1,A,q_휴대폰_02,대리점,생활서비스 중 '휴대폰'을 판매·제공하는 매장,train,휴대폰,T2 동의어,9e20cde8-fde5-46fa-b8cf-17b47cb48eee,박종주반죽소 전국본점,만두 쌀찐빵,강릉성남시장,전통시장,강원특별자치도,,,
38173281f52644857f2d,full_annotation_v1,A,q_휴대폰_02,대리점,생활서비스 중 '휴대폰'을 판매·제공하는 매장,train,휴대폰,T2 동의어,cf912cdd-3bde-41f2-829e-500065200204,진선미종합화장품,화장품,강진중앙로상가,자율상권구역,전라남도,,,
d9ae3412fa478aea4c27,full_annotation_v1,A,q_휴대폰_02,대리점,생활서비스 중 '휴대폰'을 판매·제공하는 매장,train,휴대폰,T2 동의어,02aa3a9c-ec76-42b0-bdec-780ae1250ada,대화SK텔레콤,휴대폰대리점,대화전통시장,전통시장,강원특별자치도,,,
c25ded4f4034af5096de,full_annotation_v1,A,q_휴대폰_02,대리점,생활서비스 중 '휴대폰'을 판매·제공하는 매장,train,휴대폰,T2 동의어,2890f2e4-d435-4fa6-ba95-efe4db6c3bd7,대소대리점,가전제품,대소시장,전통시장,충청북도,,,
c3e197b9f22769175d69,full_annotation_v1,A,q_휴대폰_02,대리점,생활서비스 중 '휴대폰'을 판매·제공하는 매장,train,휴대폰,T2 동의어,5f37d6ac-3611-4483-8ce8-10368f04a503,(SK)텔레콤 (OK)대리점 옥포점,,거제 옥빛나 골목형상점가,골목형상점가,경상남도,,,
cc4d1f44605f1e9f08bd,full_annotation_v1,A,q_휴대폰_02,대리점,생활서비스 중 '휴대폰'을 판매·제공하는 매장,train,휴대폰,T2 동의어,7d1cb1b5-c8a9-459c-9d2a-9b7587bae242,와사비,일식,연신내골목형상점가,골목형상점가,서울특별시,,,
f9608c955d3a5db9b381,full_annotation_v1,A,q_휴대폰_02,대리점,생활서비스 중 '휴대폰'을 판매·제공하는 매장,train,휴대폰,T2 동의어,c934b554-26df-438d-b73e-20bad2d4d25e,속초갓포,일식,속초중앙전통시장,전통시장,강원특별자치도,,,
92c35cf2b30698b722c5,full_annotation_v1,A,q_휴대폰_02,대리점,생활서비스 중 '휴대폰'을 판매·제공하는 매장,train,휴대폰,T2 동의어,da85258d-6e96-4d98-98f1-2f5c90e1c3ef,가파치익산대리점,가방,익산중앙상점가,골목형상점가,전북특별자치도,,,
4f2701f8f3fc9fb25ab3,full_annotation_v1,A,q_휴대폰_02,대리점,생활서비스 중 '휴대폰'을 판매·제공하는 매장,train,휴대폰,T2 동의어,e49237f1-bb89-47aa-a09e-2398522b8219,유)삼성전자일등대리점,,북항사랑 골목형상점가,골목형상점가,전라남도,,,
b4939d533521da38e485,full_annotation_v1,A,q_휴대폰_02,대리점,생활서비스 중 '휴대폰'을 판매·제공하는 매장,train,휴대폰,T2 동의어,8679c1ac-9379-45c1-ae6d-ba3f339aa988,컬리살롱,강아지미용,맛조이상인회 골목형상점가,골목형상점가,광주광역시,,,
8c94479d2c5e29e946dc,full_annotation_v1,A,q_휴대폰_02,대리점,생활서비스 중 '휴대폰'을 판매·제공하는 매장,train,휴대폰,T2 동의어,0054ff4a-a422-4c7e-bfad-6d673e8ea872,악세사리하우스 2호점,휴대폰 악세사리 및 잡화,중앙로 지하상가 상점가,일반지하상점가,대전광역시,,,
ac314db990054e08f02a,full_annotation_v1,A,q_휴대폰_02,대리점,생활서비스 중 '휴대폰'을 판매·제공하는 매장,train,휴대폰,T2 동의어,ab970495-43c5-4132-92b9-a1e405dd459a,산천에오리,한식,정선사북시장,전통시장,강원특별자치도,,,
96b3788f4bb08efc57b6,full_annotation_v1,A,q_휴대폰_02,대리점,생활서비스 중 '휴대폰'을 판매·제공하는 매장,train,휴대폰,T2 동의어,180da056-fedf-458c-80b0-2f815c5b3c50,엠엘비영주대리점,,영주문화시장,전통시장,경상북도,,,
98540608a6827c82154a,full_annotation_v1,A,q_휴대폰_02,대리점,생활서비스 중 '휴대폰'을 판매·제공하는 매장,train,휴대폰,T2 동의어,54570093-b64b-49d5-97ac-180abded94a3,주고래사부평대리점,어묵,부평깡통시장(구 부산부평시장),전통시장,부산광역시,,,
518002d3a13585b5c9bf,full_annotation_v1,A,q_휴대폰_02,대리점,생활서비스 중 '휴대폰'을 판매·제공하는 매장,train,휴대폰,T2 동의어,949bc3a6-7982-469c-b4c1-c23fdc6322eb,쓰담약국,의약품,장자호수공원 골목형상점가,골목형상점가,경기도,,,
ffe4b61bd3e086f1cd9f,full_annotation_v1,A,q_휴대폰_02,대리점,생활서비스 중 '휴대폰'을 판매·제공하는 매장,train,휴대폰,T2 동의어,00777631-0a51-44c5-b53f-b527a11fb1db,예스통신,휴대폰,주천골목형상점가,골목형상점가,강원특별자치도,,,
71ac306a59dec1447e85,full_annotation_v1,A,q_휴대폰_02,대리점,생활서비스 중 '휴대폰'을 판매·제공하는 매장,train,휴대폰,T2 동의어,997a037f-a348-4327-98f0-b7d1f736b234,남광주BYC대리점,의류,남광주시장,전통시장,,,,
fb4e1d5081d430cca443,full_annotation_v1,A,q_휴대폰_02,대리점,생활서비스 중 '휴대폰'을 판매·제공하는 매장,train,휴대폰,T2 동의어,7ae878c1-31ac-4c87-8839-44b67dce028a,동일춘천대리점,의류,춘천 원도심 상권활성화,상권활성화구역,강원특별자치도,,,
4698937a83c545fd0946,full_annotation_v1,A,q_휴대폰_02,대리점,생활서비스 중 '휴대폰'을 판매·제공하는 매장,train,휴대폰,T2 동의어,ff4d3f91-9cf0-4417-b4f6-d2fd8e86eb99,세종 공동어시장,,인천모래내전통시장,전통시장,인천광역시,,,
e500780108c7e1b78373,full_annotation_v1,A,q_휴대폰_02,대리점,생활서비스 중 '휴대폰'을 판매·제공하는 매장,train,휴대폰,T2 동의어,01c84e06-31c1-4487-8c92-fe68a3cd3cb1,바이셀폰 김천점,휴대폰,평화로상가,자율상권구역,경상북도,,,
57a212a899d9e88f2901,full_annotation_v1,A,q_휴대폰_02,대리점,생활서비스 중 '휴대폰'을 판매·제공하는 매장,train,휴대폰,T2 동의어,40ad8835-95b1-418d-9cdc-e93cf9584a55,올품상주대리점,생닭,상주풍물시장,전통시장,경상북도,,,
81afeb5f864fd1951e0b,full_annotation_v1,A,q_휴대폰_02,대리점,생활서비스 중 '휴대폰'을 판매·제공하는 매장,train,휴대폰,T2 동의어,8f541404-bf44-4e79-8c90-00e29cdb84e8,통일각,중식,두암시장주변 골목형상점가,골목형상점가,광주광역시,,,
668bfe1d12018252579e,full_annotation_v1,A,q_휴대폰_02,대리점,생활서비스 중 '휴대폰'을 판매·제공하는 매장,train,휴대폰,T2 동의어,13f44b34-3ccc-4002-beb8-4fc1ff0c6a0c,이브자리 기장대리점,,기장차성로,골목형상점가,부산광역시,,,
1bbaf83df67d2b695c89,full_annotation_v1,A,q_휴대폰_02,대리점,생활서비스 중 '휴대폰'을 판매·제공하는 매장,train,휴대폰,T2 동의어,33916500-d76e-4845-82eb-4130ec6a8fcc,월드컵대리점,신발,강릉중앙시장,전통시장,강원특별자치도,,,
289bc6213154f8d7badc,full_annotation_v1,A,q_휴대폰_02,대리점,생활서비스 중 '휴대폰'을 판매·제공하는 매장,train,휴대폰,T2 동의어,cbfe81b1-c2cd-4063-b4be-aaf6e77818c6,장성SK대리점,,장성읍 골목형상점가,골목형상점가,전라남도,,,
1437c0bff1fe4e882e8c,full_annotation_v1,A,q_휴대폰_02,대리점,생활서비스 중 '휴대폰'을 판매·제공하는 매장,train,휴대폰,T2 동의어,c1eb2dfc-4e53-42b2-99ae-f7f305e652f6,일화중서대리점,인삼,부산데파트상가,전통시장,부산광역시,,,
ab4668b44127e601d39f,full_annotation_v1,A,q_휴대폰_02,대리점,생활서비스 중 '휴대폰'을 판매·제공하는 매장,train,휴대폰,T2 동의어,989e9d46-b147-4beb-ad3c-3d0f5d81f166,한성대리점 최강점,,어양부송 골목형상점가,골목형상점가,전북특별자치도,,,
182b02b0dc2d25e92284,full_annotation_v1,A,q_휴대폰_02,대리점,생활서비스 중 '휴대폰'을 판매·제공하는 매장,train,휴대폰,T2 동의어,6ad9e635-6e2d-4977-8ade-523fc9a22170,한냉강릉대리점,정육점,포남용마거리골목형상점가,골목형상점가,강원특별자치도,,,
0225a1701474f38ec652,full_annotation_v1,A,q_휴대폰_02,대리점,생활서비스 중 '휴대폰'을 판매·제공하는 매장,train,휴대폰,T2 동의어,fb754a76-d22f-46dc-bc6e-1a1ba5034546,에이스침대이현점,대리점가구,서대구가구거리 상점가,자율상권구역,대구광역시,,,
eed8c3c7c836bcdbf083,full_annotation_v1,A,q_휴대폰_02,대리점,생활서비스 중 '휴대폰'을 판매·제공하는 매장,train,휴대폰,T2 동의어,010cd15e-5c90-4755-af93-74b17ec99bf3,오빠통신,휴대폰,중흥 골목형상점가,골목형상점가,부산광역시,,,
cfdc3c056f904b9190ee,full_annotation_v1,A,q_휴대폰_02,대리점,생활서비스 중 '휴대폰'을 판매·제공하는 매장,train,휴대폰,T2 동의어,cbf54b84-b51b-4c1a-8cc5-7aa15175704d,장인가구,대리점가구,군산가구거리 상점가,자율상권구역,전북특별자치도,,,
2497aa5ffd982671b317,full_annotation_v1,A,q_휴대폰_02,대리점,생활서비스 중 '휴대폰'을 판매·제공하는 매장,train,휴대폰,T2 동의어,df8501ab-21e4-40e9-be25-99356e5b22b8,광주 래삐 대리점,미용재료,버들마을상인회 골목형상점가,골목형상점가,광주광역시,,,
82ead80678d307b3aadc,full_annotation_v1,A,q_휴대폰_02,대리점,생활서비스 중 '휴대폰'을 판매·제공하는 매장,train,휴대폰,T2 동의어,24c89fce-40df-4a88-ad13-75fd539b3267,엘지고령대리점,가전제품,대가야 자율상권구역,,경상북도,,,
312e48b323eb0eea7cff,full_annotation_v1,A,q_휴대폰_02,대리점,생활서비스 중 '휴대폰'을 판매·제공하는 매장,train,휴대폰,T2 동의어,1cc0e65d-7ab5-4aaa-a947-9fcf29dd2b6d,남양유업대방대리점,유음료,창원 봉곡프라자상가,전통시장,경상남도,,,
c9444b82efe12e38be02,full_annotation_v1,A,q_휴대폰_02,대리점,생활서비스 중 '휴대폰'을 판매·제공하는 매장,train,휴대폰,T2 동의어,f8429997-e424-47ae-b431-fa736294f922,중앙아식스대리점,옷,중앙전통시장,전통시장,울산광역시,,,
09437cc5ab0485aeb109,full_annotation_v1,A,q_휴대폰_02,대리점,생활서비스 중 '휴대폰'을 판매·제공하는 매장,train,휴대폰,T2 동의어,12ae5f10-91b6-411b-b7fa-026e057a8e7c,윤씨청과,과일,정이있는 구포시장,전통시장,부산광역시,,,
018a9895fe9ed8c6fe14,full_annotation_v1,A,q_휴대폰_02,대리점,생활서비스 중 '휴대폰'을 판매·제공하는 매장,train,휴대폰,T2 동의어,0043ff4d-b3a5-4bc7-a567-5292e5c15a70,다온텔레콤,"휴대폰, 악세사리",전방의거리 골목형상점가,골목형상점가,인천광역시,,,
4598f76f405ecee43b48,full_annotation_v1,A,q_휴대폰_02,대리점,생활서비스 중 '휴대폰'을 판매·제공하는 매장,train,휴대폰,T2 동의어,0012a3b4-64a1-440c-a76e-f2be12a2f086,튀김집,분식,두암시장주변 골목형상점가,골목형상점가,광주광역시,,,
8d4a4efee186adafea2e,full_annotation_v1,A,q_휴대폰_02,대리점,생활서비스 중 '휴대폰'을 판매·제공하는 매장,train,휴대폰,T2 동의어,004b0bbf-ea21-49e0-a787-aa5f77a4a72d,폴리어린이한의원,보건업,상동역 함께하길 골목형상점가,골목형상점가,경기도,,,
aead44f2397c019b44c2,full_annotation_v1,A,q_휴대폰_03,통신,생활서비스 중 '휴대폰'을 판매·제공하는 매장,train,휴대폰,T2 동의어,510084a1-6055-4c2e-bf41-91a23fd7a2ec,하늘천따지,오리,서재소상공인연합회,골목형상점가,대구광역시,,,
f6661bf656e6c36dd533,full_annotation_v1,A,q_휴대폰_03,통신,생활서비스 중 '휴대폰'을 판매·제공하는 매장,train,휴대폰,T2 동의어,2d88bf23-ba76-423b-a4bf-ca27755bea8f,삼성전자 담양대리점,,담양중앙3번가 골목형상점가,골목형상점가,전라남도,,,
83dc01ada8d41f1334b7,full_annotation_v1,A,q_휴대폰_03,통신,생활서비스 중 '휴대폰'을 판매·제공하는 매장,train,휴대폰,T2 동의어,d165da0a-bf4b-4b9a-a1f5-c0bfd741de2d,프리통신,통신기기,성남중앙지하시장,일반지하상점가,경기도,,,
2c8ca2f29ffbfe9ff842,full_annotation_v1,A,q_휴대폰_03,통신,생활서비스 중 '휴대폰'을 판매·제공하는 매장,train,휴대폰,T2 동의어,d211b9bc-8918-4585-9626-811949d66e0e,다다통신,통신기기,삼호읍 중앙 골목형상점가,골목형상점가,전라남도,,,
b8764eeb09059bbc23e0,full_annotation_v1,A,q_휴대폰_03,통신,생활서비스 중 '휴대폰'을 판매·제공하는 매장,train,휴대폰,T2 동의어,6654e273-901f-48f4-9ac3-ef7dd10529d1,에이치모바일,통신(휴대폰) 판매,광주대 골목형상점가,골목형상점가,광주광역시,,,
f30ec5903631d09db608,full_annotation_v1,A,q_휴대폰_03,통신,생활서비스 중 '휴대폰'을 판매·제공하는 매장,train,휴대폰,T2 동의어,0eff7020-23ac-47d4-bb93-d632e8374aea,럽스쿠키,커피,금호아파트상인회 골목형상점가,골목형상점가,광주광역시,,,
7f09b316d45148fb42e4,full_annotation_v1,A,q_휴대폰_03,통신,생활서비스 중 '휴대폰'을 판매·제공하는 매장,train,휴대폰,T2 동의어,1cdf95d6-8d0b-4a94-9ef3-44a87160dfdc,미래네트웍스,"통신, 휴대폰",웰컴시티,전통시장,울산광역시,,,
fb50e2a8c7ae9f2e0288,full_annotation_v1,A,q_휴대폰_03,통신,생활서비스 중 '휴대폰'을 판매·제공하는 매장,train,휴대폰,T2 동의어,180da056-fedf-458c-80b0-2f815c5b3c50,엠엘비영주대리점,,영주문화시장,전통시장,경상북도,,,
520546914f9d75f76cf8,full_annotation_v1,A,q_휴대폰_03,통신,생활서비스 중 '휴대폰'을 판매·제공하는 매장,train,휴대폰,T2 동의어,54a325f6-66f5-42ed-b765-668e980674af,야후통신,,삼호동상가 골목형상점가,골목형상점가,울산광역시,,,
eaf64a1bd02f2f7c4840,full_annotation_v1,A,q_휴대폰_03,통신,생활서비스 중 '휴대폰'을 판매·제공하는 매장,train,휴대폰,T2 동의어,212e5866-113e-4151-921e-99062921dc9a,대흥상사,곡물가공식품제조 도소매 잡화 통신,동완산동 골목형상점가,골목형상점가,전북특별자치도,,,
405ff90d13305ea42e18,full_annotation_v1,A,q_휴대폰_03,통신,생활서비스 중 '휴대폰'을 판매·제공하는 매장,train,휴대폰,T2 동의어,90e0a52d-4179-4bf5-a5eb-c6f649324e34,대경통신,통신기기,전곡중앙상가 골목형상점가,골목형상점가,경기도,,,
a7120c98b466fa6d7f39,full_annotation_v1,A,q_휴대폰_03,통신,생활서비스 중 '휴대폰'을 판매·제공하는 매장,train,휴대폰,T2 동의어,22fc7287-a309-402f-81d6-ad0a35d93f7a,잇츠폰 통신,핸드폰 판매,창원 양곡시장,전통시장,경상남도,,,
9f1fc357b74accb0060f,full_annotation_v1,A,q_휴대폰_03,통신,생활서비스 중 '휴대폰'을 판매·제공하는 매장,train,휴대폰,T2 동의어,a2604885-1253-4c7e-a308-2474e822ced9,엘비통신,통신기기,신내구길 골목형상점가,골목형상점가,서울특별시,,,
021da1ea76395492c0e3,full_annotation_v1,A,q_휴대폰_03,통신,생활서비스 중 '휴대폰'을 판매·제공하는 매장,train,휴대폰,T2 동의어,3e0eab25-cbe1-417a-8126-625e0c8e9582,월드정보통신,통신,아진상가,골목형상점가,울산광역시,,,
3aff20441fc17a010aa8,full_annotation_v1,A,q_휴대폰_03,통신,생활서비스 중 '휴대폰'을 판매·제공하는 매장,train,휴대폰,T2 동의어,ed1739f9-43d5-4a9f-890b-5a5e34ba87d1,대박플러스 통신,휴대폰,주안시민지하도상점가,일반지하상점가,인천광역시,,,
942ab4a53d7b257967f5,full_annotation_v1,A,q_휴대폰_03,통신,생활서비스 중 '휴대폰'을 판매·제공하는 매장,train,휴대폰,T2 동의어,01c220a8-63b9-4819-859f-434a0f83cadf,제일상사,페인트 유리 도장공사 방수공사,장흥중앙로 골목형상점가,골목형상점가,전라남도,,,
98dc03a6d0be1879b2e7,full_annotation_v1,A,q_휴대폰_03,통신,생활서비스 중 '휴대폰'을 판매·제공하는 매장,train,휴대폰,T2 동의어,95eaf7f2-19b8-4cd5-9863-1d65c729590d,종암통신,통신기기,종암북바위길골목형상점가,골목형상점가,서울특별시,,,
3df2913432537cd21e6b,full_annotation_v1,A,q_휴대폰_03,통신,생활서비스 중 '휴대폰'을 판매·제공하는 매장,train,휴대폰,T2 동의어,88f14fa8-fbf4-4d29-856a-c399b1e7851d,준통신,통신기기,무주반딧불상권활성화구역,상권활성화구역,전북특별자치도,,,
bdc6ff5389ece342668f,full_annotation_v1,A,q_휴대폰_03,통신,생활서비스 중 '휴대폰'을 판매·제공하는 매장,train,휴대폰,T2 동의어,b4293668-b623-4324-bcd8-086171213166,네온통신,통신기기,선부광장로상점가,자율상권구역,경기도,,,
bfdb2bd352aff753d215,full_annotation_v1,A,q_휴대폰_03,통신,생활서비스 중 '휴대폰'을 판매·제공하는 매장,train,휴대폰,T2 동의어,26e68024-d662-49c0-b5ad-903ef7a9fb76,동명책방 꽃이피다,책,동명동 카페거리 골목형상점가,골목형상점가,광주광역시,,,
b86e497afee48d741fa8,full_annotation_v1,A,q_휴대폰_03,통신,생활서비스 중 '휴대폰'을 판매·제공하는 매장,train,휴대폰,T2 동의어,881a64d0-3902-4d59-9b1f-7c5ced30b512,다숨,,신용공원 골목형상점가,골목형상점가,광주광역시,,,
1261e034a88c567e32f2,full_annotation_v1,A,q_휴대폰_03,통신,생활서비스 중 '휴대폰'을 판매·제공하는 매장,train,휴대폰,T2 동의어,0ac20d60-7449-4e9b-b809-fe835d2f1264,신앙촌상회,"식품, 음료",연산시장,전통시장,부산광역시,,,
5b86b041180fc93b591d,full_annotation_v1,A,q_휴대폰_03,통신,생활서비스 중 '휴대폰'을 판매·제공하는 매장,train,휴대폰,T2 동의어,87ba9245-cd20-4ba6-9922-bbd00c63f7e8,스폰모바일,통신·폰판매,매곡동 골목형상점가,골목형상점가,광주광역시,,,
0e6d855b4a3388cb5125,full_annotation_v1,A,q_휴대폰_03,통신,생활서비스 중 '휴대폰'을 판매·제공하는 매장,train,휴대폰,T2 동의어,d56ed5e9-56b4-44c8-8cb9-e82b8785b5a4,마티에르,여성의류,부평중앙 지하상가,일반지하상점가,인천광역시,,,
f023e84d5aa47fdc4900,full_annotation_v1,A,q_휴대폰_03,통신,생활서비스 중 '휴대폰'을 판매·제공하는 매장,train,휴대폰,T2 동의어,50ad4814-8196-4127-beaa-72af855c4a9c,첨단통신,,첨단동행 골목형상점가,골목형상점가,,,,
8033de55df4c7f629f9c,full_annotation_v1,A,q_휴대폰_03,통신,생활서비스 중 '휴대폰'을 판매·제공하는 매장,train,휴대폰,T2 동의어,74662ab3-1507-4608-a09a-1c634f47ee8c,복조식당,한식,서재소상공인연합회,골목형상점가,대구광역시,,,
bbb9ec94d8ab3124b7fa,full_annotation_v1,A,q_휴대폰_03,통신,생활서비스 중 '휴대폰'을 판매·제공하는 매장,train,휴대폰,T2 동의어,e76b65b8-324d-4424-a815-f0bd7d416982,프렌드 통신,통신기기,대추나무골 골목형상점가,골목형상점가,경기도,,,
9ffd8da641d955c5f232,full_annotation_v1,A,q_휴대폰_03,통신,생활서비스 중 '휴대폰'을 판매·제공하는 매장,train,휴대폰,T2 동의어,02aa3a9c-ec76-42b0-bdec-780ae1250ada,대화SK텔레콤,휴대폰대리점,대화전통시장,전통시장,강원특별자치도,,,
d4dd867114704885f5ad,full_annotation_v1,A,q_휴대폰_03,통신,생활서비스 중 '휴대폰'을 판매·제공하는 매장,train,휴대폰,T2 동의어,d9b6c8ee-09b1-4220-b420-42b66d11e3e6,푸른통신,통신기,동송시장,전통시장,강원특별자치도,,,
69e904b6ea29ed30926b,full_annotation_v1,A,q_휴대폰_03,통신,생활서비스 중 '휴대폰'을 판매·제공하는 매장,train,휴대폰,T2 동의어,3aca9511-a07e-4092-afcc-131435da6b20,빙뚜 본점,"카페, 기타 통신 판매업",남서상점가,자율상권구역,경상북도,,,
d94bf888bdd11bec342b,full_annotation_v1,A,q_휴대폰_03,통신,생활서비스 중 '휴대폰'을 판매·제공하는 매장,train,휴대폰,T2 동의어,8559d2ca-3cc5-446c-ac2d-898f784d867a,군산휴대폰성지,통신 방송장비 및 부품,철길공원 골목형상점가,골목형상점가,전북특별자치도,,,
613025b56f655f2fb401,full_annotation_v1,A,q_휴대폰_03,통신,생활서비스 중 '휴대폰'을 판매·제공하는 매장,train,휴대폰,T2 동의어,3d7a7b06-599d-4f1d-99f7-28e08fa0e675,장흥통신,,장흥중앙로 골목형상점가,골목형상점가,,,,
5a4709c5d0a8c4e28a7f,full_annotation_v1,A,q_휴대폰_03,통신,생활서비스 중 '휴대폰'을 판매·제공하는 매장,train,휴대폰,T2 동의어,d4a178ca-bc75-4702-a7e4-66edea2d902f,주식회사 궁리기획,광고대행 광고물 문안 및 작성 시각디자인 영상촬영디자인 및 편집 통신�,온누리상인회 골목형상점가,골목형상점가,광주광역시,,,
f3c720b379c189ea4882,full_annotation_v1,A,q_휴대폰_03,통신,생활서비스 중 '휴대폰'을 판매·제공하는 매장,train,휴대폰,T2 동의어,475e81d5-1e2c-4820-aed4-7fd08cfac3ff,영 스토어,"도매및소매업(일용잡화,식자재유통,의약외품,통신?",관고전통시장,전통시장,경기도,,,
de764c52a3fe3bb24bdd,full_annotation_v1,A,q_휴대폰_03,통신,생활서비스 중 '휴대폰'을 판매·제공하는 매장,train,휴대폰,T2 동의어,5be5413a-7cf3-45b1-bcc5-60b260262f38,대일통신,통신기,의정부역지하상가,일반지하상점가,경기도,,,
3e64a83c837ed1744ca0,full_annotation_v1,A,q_휴대폰_03,통신,생활서비스 중 '휴대폰'을 판매·제공하는 매장,train,휴대폰,T2 동의어,0414b554-68f3-49d0-9548-f4c4d494f142,휴먼텔레콤,핸드폰,안양일번가 지하쇼핑몰,일반지하상점가,경기도,,,
9709eb9b837f40fce8b0,full_annotation_v1,A,q_휴대폰_03,통신,생활서비스 중 '휴대폰'을 판매·제공하는 매장,train,휴대폰,T2 동의어,9e8fcd06-b0ed-4fe4-80e0-a8e9017bb235,레드통신,통신기기,거마평로 골목형상점가,골목형상점가,전북특별자치도,,,
8ec2cc82948194cbdc92,full_annotation_v1,A,q_휴대폰_03,통신,생활서비스 중 '휴대폰'을 판매·제공하는 매장,train,휴대폰,T2 동의어,c1efb799-64ad-4097-93a7-906125c56b83,호반만물사후평점,만물사,인공폭포상가,자율상권구역,강원특별자치도,,,
9ef39caf2a298b7eb68b,full_annotation_v1,A,q_휴대폰_03,통신,생활서비스 중 '휴대폰'을 판매·제공하는 매장,train,휴대폰,T2 동의어,6cf9d903-ec10-4466-9f47-367f635a4ffe,516통신,통신기기,팔복동 골목형상점가,골목형상점가,전북특별자치도,,,
a1df1502e5a3a605dbea,full_annotation_v1,A,q_휴대폰_03,통신,생활서비스 중 '휴대폰'을 판매·제공하는 매장,train,휴대폰,T2 동의어,00777631-0a51-44c5-b53f-b527a11fb1db,예스통신,휴대폰,주천골목형상점가,골목형상점가,강원특별자치도,,,
ef0ed366ad3bda356c29,full_annotation_v1,A,q_휴대폰_03,통신,생활서비스 중 '휴대폰'을 판매·제공하는 매장,train,휴대폰,T2 동의어,0043ff4d-b3a5-4bc7-a567-5292e5c15a70,다온텔레콤,"휴대폰, 악세사리",전방의거리 골목형상점가,골목형상점가,인천광역시,,,
6a999323d9e0da72ee88,full_annotation_v1,A,q_휴대폰_03,통신,생활서비스 중 '휴대폰'을 판매·제공하는 매장,train,휴대폰,T2 동의어,ddbd4383-b257-4ed6-9844-c737a7afa1e1,애플모바일시흥점,"통신, 방송장비 및 부품",법원단지길골목형상점가,골목형상점가,서울특별시,,,
51c6db5391d3708b2a78,full_annotation_v1,A,q_휴대폰_03,통신,생활서비스 중 '휴대폰'을 판매·제공하는 매장,train,휴대폰,T2 동의어,b2f4320d-11bf-4a5c-81d7-0cbec22a7ab3,진해통신,통신기기,진해중앙시장,전통시장,경상남도,,,
0e16666efc20835d5380,full_annotation_v1,A,q_휴대폰_03,통신,생활서비스 중 '휴대폰'을 판매·제공하는 매장,train,휴대폰,T2 동의어,6dc6f84a-ba7d-4845-8438-c28e461d26cc,금당금당거래소,"귀금속, 통신, 악세서리",용인중앙시장,전통시장,경기도,,,
467319bab4f85232a060,full_annotation_v1,A,q_휴대폰_03,통신,생활서비스 중 '휴대폰'을 판매·제공하는 매장,train,휴대폰,T2 동의어,254a40eb-99dc-470a-9e26-02b54a146a42,엠케이-베드(MK-BED),"도, 소매업(대리점가구)도매(무역업)",가구거리상점가,자율상권구역,경기도,,,
1ba84cb7e5731a520543,full_annotation_v1,A,q_휴대폰_03,통신,생활서비스 중 '휴대폰'을 판매·제공하는 매장,train,휴대폰,T2 동의어,f0264ec6-7af7-451c-94ec-9c50f708b57e,하나통신,통신기기,고도리 장터거리 상점가,골목형상점가,전라남도,,,
18919ec4044db42ff89b,full_annotation_v1,A,q_휴대폰_03,통신,생활서비스 중 '휴대폰'을 판매·제공하는 매장,train,휴대폰,T2 동의어,01da8333-5f68-46b6-879b-e58722707b81,케이제이통신,휴대폰,삼각동 골목형상점가,골목형상점가,광주광역시,,,
d3b7ae0789c977fb3600,full_annotation_v1,A,q_휴대폰_03,통신,생활서비스 중 '휴대폰'을 판매·제공하는 매장,train,휴대폰,T2 동의어,15a78f35-8318-4816-af73-7ed3b8071255,폰뱅크,핸드폰,이충 중심상가,골목형상점가,경기도,,,
afbbf96c09f40728bfd8,full_annotation_v1,A,q_휴대폰_03,통신,생활서비스 중 '휴대폰'을 판매·제공하는 매장,train,휴대폰,T2 동의어,c840907e-dd45-4d5b-bce3-11ee7e7e3919,으뜸통신,통신기기,"운남4,5단지 골목형상점가",골목형상점가,광주광역시,,,
ed1cbede7cfee16ff04c,full_annotation_v1,A,q_휴대폰_03,통신,생활서비스 중 '휴대폰'을 판매·제공하는 매장,train,휴대폰,T2 동의어,a2e0b7ea-3127-4aee-a529-b49b5b4a669c,도담통신,,안양관양시장,전통시장,경기도,,,
c128523f374a6fbb0877,full_annotation_v1,A,q_휴대폰_03,통신,생활서비스 중 '휴대폰'을 판매·제공하는 매장,train,휴대폰,T2 동의어,11f46991-b4dd-4d16-9bb1-99b7a1ce74a6,주식회사유연전기,전기 통신 소방자재,전주중산공원 골목형상점가,골목형상점가,전북특별자치도,,,
a2cf54c118eb108d90a5,full_annotation_v1,A,q_휴대폰_03,통신,생활서비스 중 '휴대폰'을 판매·제공하는 매장,train,휴대폰,T2 동의어,eb1277cc-826c-4fe6-a667-3d730493c34f,이브통신,통신,휴먼시아 3단지 골목형상점가,골목형상점가,울산광역시,,,
1ef875149c406aaadcf0,full_annotation_v1,A,q_휴대폰_03,통신,생활서비스 중 '휴대폰'을 판매·제공하는 매장,train,휴대폰,T2 동의어,7b88d368-47dc-46ea-8678-467128334eef,한울통신,통신기기,내곡동골목형상점가,골목형상점가,강원특별자치도,,,
0e0daa384e7a6a49a57d,full_annotation_v1,A,q_휴대폰_03,통신,생활서비스 중 '휴대폰'을 판매·제공하는 매장,train,휴대폰,T2 동의어,cbbdcc67-8924-43be-9b36-51f27cc7d960,뉴엔탑통신,통신기기,동인천지하상가(동인천지하아케이드),일반지하상점가,인천광역시,,,
44b468492a553b0700bd,full_annotation_v1,A,q_휴대폰_03,통신,생활서비스 중 '휴대폰'을 판매·제공하는 매장,train,휴대폰,T2 동의어,77132fa1-a400-4620-adad-dd4d3aa0b925,스마일텔레콤,통신,성남먹자골목,골목형상점가,울산광역시,,,
c49f07c1a17d8caae761,full_annotation_v1,A,q_휴대폰_03,통신,생활서비스 중 '휴대폰'을 판매·제공하는 매장,train,휴대폰,T2 동의어,6cea7787-de99-4eb7-a443-a26f984747d1,오천만통신,통신기기,강진중앙로상가,자율상권구역,전라남도,,,
3d89bc1174a7af5e650e,full_annotation_v1,A,q_휴대폰_03,통신,생활서비스 중 '휴대폰'을 판매·제공하는 매장,train,휴대폰,T2 동의어,13f44b34-3ccc-4002-beb8-4fc1ff0c6a0c,이브자리 기장대리점,,기장차성로,골목형상점가,부산광역시,,,
367dde14c61047f22e1f,full_annotation_v1,A,q_휴대폰_03,통신,생활서비스 중 '휴대폰'을 판매·제공하는 매장,train,휴대폰,T2 동의어,02f246ab-fc2d-4121-9888-5e5c1f2f0cc7,행운모바일,핸드폰,학운 골목형상점가,골목형상점가,광주광역시,,,
41f69f9c51ff88e7ba64,full_annotation_v1,A,q_휴대폰_03,통신,생활서비스 중 '휴대폰'을 판매·제공하는 매장,train,휴대폰,T2 동의어,504fb1ff-8984-4cb5-b84d-9cefc8866138,휴대폰성지 동천점 시크릿 통신,핸드폰,동천동먹자골목2번가상인회 골목형상점가,골목형상점가,광주광역시,,,
96a06d309a05a189ee02,full_annotation_v1,A,q_휴대폰_03,통신,생활서비스 중 '휴대폰'을 판매·제공하는 매장,train,휴대폰,T2 동의어,9452ee09-07d6-4c14-8628-987ef384ac5d,은복프라임,식육판매,용봉지구 골목형상점가,골목형상점가,광주광역시,,,
46a14eeaa8172af0c16c,full_annotation_v1,A,q_휴대폰_03,통신,생활서비스 중 '휴대폰'을 판매·제공하는 매장,train,휴대폰,T2 동의어,9e78c226-1f0d-4b0a-b44c-5e560cc1a2a6,이티통신,통신기기,서가재미 골목형상점가,골목형상점가,전북특별자치도,,,
d3f13e73036c887a6bfd,full_annotation_v1,A,q_휴대폰_03,통신,생활서비스 중 '휴대폰'을 판매·제공하는 매장,train,휴대폰,T2 동의어,3a08c72c-1d7b-40bf-a161-4f86aec510bf,썬통신,통신기기,의정부역지하상가,일반지하상점가,경기도,,,
951796e6c7e423dc5a5d,full_annotation_v1,A,q_휴대폰_03,통신,생활서비스 중 '휴대폰'을 판매·제공하는 매장,train,휴대폰,T2 동의어,2f1e0a00-7454-4c81-abd1-37c8def75cc7,조양통신,통신기기,정읍연지상점가,자율상권구역,전북특별자치도,,,
22efd4c217e4307b6d26,full_annotation_v1,A,q_휴대폰_03,통신,생활서비스 중 '휴대폰'을 판매·제공하는 매장,train,휴대폰,T2 동의어,2e3f523b-8089-4661-9e11-23af3ec5239e,유락통신,통신기기,대전정원시장,전통시장,대전광역시,,,
9cd6e6c22912216dff04,full_annotation_v1,A,q_휴대폰_03,통신,생활서비스 중 '휴대폰'을 판매·제공하는 매장,train,휴대폰,T2 동의어,0f06dbde-baa1-4601-8749-af818fdd8967,금강산 통신,핸드폰판매,상인화성파크 골목형상점가,골목형상점가,대구광역시,,,
150fe72d554437f72dff,full_annotation_v1,A,q_휴대폰_03,통신,생활서비스 중 '휴대폰'을 판매·제공하는 매장,train,휴대폰,T2 동의어,10ac8830-71b7-4e5f-91d2-a0d8298dde12,스마트 통신,,부안마실 상권활성화구역,상권활성화구역,전북특별자치도,,,
fb041ea6a7ab01f9c122,full_annotation_v1,A,q_휴대폰_03,통신,생활서비스 중 '휴대폰'을 판매·제공하는 매장,train,휴대폰,T2 동의어,49e5750e-1c59-4da5-87da-7892078f5779,별통신,통신,역전지하상가,일반지하상점가,대전광역시,,,
486679d506164c4dfa52,full_annotation_v1,A,q_휴대폰_03,통신,생활서비스 중 '휴대폰'을 판매·제공하는 매장,train,휴대폰,T2 동의어,f56fa722-03d2-4538-b77d-6e0032eae47d,첼시통신,,상록로 골목형상점가,골목형상점가,대구광역시,,,
fa85bdd84a5996761c21,full_annotation_v1,A,q_휴대폰_03,통신,생활서비스 중 '휴대폰'을 판매·제공하는 매장,train,휴대폰,T2 동의어,ae4039d4-88a1-4f07-a83e-149cba7374b2,다둥이 통신,휴대폰,효자시장,전통시장,경상북도,,,
c3527a6d41adf02b712f,full_annotation_v1,A,q_휴대폰_03,통신,생활서비스 중 '휴대폰'을 판매·제공하는 매장,train,휴대폰,T2 동의어,04eb8f53-043f-4597-95d5-03f4fd6f78e6,짱통신,,남북로 골목형상점가,골목형상점가,전북특별자치도,,,
ee323373c198234b8baf,full_annotation_v1,A,q_휴대폰_03,통신,생활서비스 중 '휴대폰'을 판매·제공하는 매장,train,휴대폰,T2 동의어,02fe10a4-4545-464e-a4cd-db9195d6efac,화성해결사(넥시오테크),"핸드폰, 컴퓨터",병점중심상가,자율상권구역,경기도,,,
c89abbf6a5f4dbade85f,full_annotation_v1,A,q_휴대폰_03,통신,생활서비스 중 '휴대폰'을 판매·제공하는 매장,train,휴대폰,T2 동의어,b46666f1-a5f9-4f1d-9516-1446c93c9288,톰가게,문구소품,동명동 카페거리 골목형상점가,골목형상점가,광주광역시,,,
8daee380b517a1485aeb,full_annotation_v1,A,q_휴대폰_03,통신,생활서비스 중 '휴대폰'을 판매·제공하는 매장,train,휴대폰,T2 동의어,25cc926a-44c5-4bb9-a1f9-52c57d4f7d20,SM마트수완점,식품 잡화,장덕로 골목형상점가,골목형상점가,광주광역시,,,
23b5dec7ad91e9286d10,full_annotation_v1,A,q_휴대폰_03,통신,생활서비스 중 '휴대폰'을 판매·제공하는 매장,train,휴대폰,T2 동의어,0054ff4a-a422-4c7e-bfad-6d673e8ea872,악세사리하우스 2호점,휴대폰 악세사리 및 잡화,중앙로 지하상가 상점가,일반지하상점가,대전광역시,,,
29c151e83e9673a63d7a,full_annotation_v1,A,q_휴대폰_03,통신,생활서비스 중 '휴대폰'을 판매·제공하는 매장,train,휴대폰,T2 동의어,424021eb-620e-47b9-af28-5384504ad310,(주)파인웨이브,통신,산업용재관,전통시장,대구광역시,,,
e24b2c0cff7f7d2a5491,full_annotation_v1,A,q_휴대폰_03,통신,생활서비스 중 '휴대폰'을 판매·제공하는 매장,train,휴대폰,T2 동의어,7a64cf1f-88f4-4a2f-9001-255aeda868fa,에펠제화,"구두, 스포츠레져용품",장흥중앙로 골목형상점가,골목형상점가,전라남도,,,
8dfcc754bc62e71ca3c3,full_annotation_v1,A,q_휴대폰_03,통신,생활서비스 중 '휴대폰'을 판매·제공하는 매장,train,휴대폰,T2 동의어,02c3dcdc-1c49-416a-bf70-7592d1fa297c,광주휴대폰성지 다온모바일 본점,유무선통신 휴대폰컴퓨터악세사리핸드폰중고폰인터넷,월빛 골목형상점가,골목형상점가,광주광역시,,,
03ddbde7277047b4f3a2,full_annotation_v1,A,q_휴대폰_03,통신,생활서비스 중 '휴대폰'을 판매·제공하는 매장,train,휴대폰,T2 동의어,010cd15e-5c90-4755-af93-74b17ec99bf3,오빠통신,휴대폰,중흥 골목형상점가,골목형상점가,부산광역시,,,
244a80b6f02e0b340021,full_annotation_v1,A,q_휴대폰_03,통신,생활서비스 중 '휴대폰'을 판매·제공하는 매장,train,휴대폰,T2 동의어,6a4a7273-e191-4a29-b983-f7afca8d5c36,주식회사 시그니처케이,휴대폰 통신,동작구 LINK 상권활성화구역,상권활성화구역,서울특별시,,,
ead0aa2f891b864a5e63,full_annotation_v1,A,q_휴대폰_03,통신,생활서비스 중 '휴대폰'을 판매·제공하는 매장,train,휴대폰,T2 동의어,85f1c15d-8909-4106-99fc-84d983fdcd77,새평화떡집,떡,김천평화시장,전통시장,경상북도,,,
ce7cd22c2ad1e4338a97,full_annotation_v1,A,q_휴대폰_03,통신,생활서비스 중 '휴대폰'을 판매·제공하는 매장,train,휴대폰,T2 동의어,00947369-dfd0-4074-b22e-c8b430a98a70,에스.에이.팜(S.A.farm),"표고버섯및농산물, 잡화, 통신판매",무주반딧불상권활성화구역,상권활성화구역,전북특별자치도,,,
524243b5429ef5dc38b3,full_annotation_v1,A,q_휴대폰_03,통신,생활서비스 중 '휴대폰'을 판매·제공하는 매장,train,휴대폰,T2 동의어,01c84e06-31c1-4487-8c92-fe68a3cd3cb1,바이셀폰 김천점,휴대폰,평화로상가,자율상권구역,경상북도,,,
e555271167d4c04c2a18,full_annotation_v1,A,q_휴대폰_03,통신,생활서비스 중 '휴대폰'을 판매·제공하는 매장,train,휴대폰,T2 동의어,c903cbf7-fd65-4b3c-a98e-dcc72648efbb,다예통신,통신기기,장자호수공원 골목형상점가,골목형상점가,경기도,,,
0848e8b68752d47da012,full_annotation_v1,A,q_휴대폰_03,통신,생활서비스 중 '휴대폰'을 판매·제공하는 매장,train,휴대폰,T2 동의어,00846462-1c43-4b63-b119-bbea50627f5b,비젼텔레콤,통신기기,공릉구길골목형상점가,골목형상점가,서울특별시,,,
b982293a45545bd73ad6,full_annotation_v1,A,q_휴대폰_03,통신,생활서비스 중 '휴대폰'을 판매·제공하는 매장,train,휴대폰,T2 동의어,5d411b48-048c-4a5c-897a-83661a370034,돼지두마리,돼지고기,후평3동 행복마을 골목형상점가,골목형상점가,강원특별자치도,,,
d4214cf5de17275292a4,full_annotation_v1,A,q_휴대폰_03,통신,생활서비스 중 '휴대폰'을 판매·제공하는 매장,train,휴대폰,T2 동의어,9c375689-fb73-4bcd-b3b2-d109569fddc4,짱구통신,통신기기,장충남소영길 골목형상점가,골목형상점가,서울특별시,,,
663460d2c034bcb3e70f,full_annotation_v1,A,q_휴대폰_03,통신,생활서비스 중 '휴대폰'을 판매·제공하는 매장,train,휴대폰,T2 동의어,1371fbb7-4718-4eb1-b2c7-0b3ed844623b,쌍둥이정보통신,핸드폰,주안시민지하도상점가,일반지하상점가,인천광역시,,,
73a4c289359b71692a1f,full_annotation_v1,A,q_휴대폰_03,통신,생활서비스 중 '휴대폰'을 판매·제공하는 매장,train,휴대폰,T2 동의어,9200a3c8-a858-4c67-af16-62273506baa6,풀통신,통신기기,김천 삼색이수상권,상권활성화구역,경상북도,,,
0c0e4e9ac82932cc48e5,full_annotation_v1,A,q_휴대폰_03,통신,생활서비스 중 '휴대폰'을 판매·제공하는 매장,train,휴대폰,T2 동의어,d546451f-87c5-479a-871c-56a83bd21b38,기호전기조명,"전기, 소방, 통신, 전산자재",충주무학시장,전통시장,충청북도,,,
be3b026daf493cbe235a,full_annotation_v1,A,q_휴대폰_03,통신,생활서비스 중 '휴대폰'을 판매·제공하는 매장,train,휴대폰,T2 동의어,4ccbfa5b-af32-426f-b527-1918fbf90787,코맥스아이티,전구 램프 및 조명장치 전기자재 통신,전주중산공원 골목형상점가,골목형상점가,전북특별자치도,,,
7817628b9ca2aaa95c2f,full_annotation_v1,A,q_휴대폰_03,통신,생활서비스 중 '휴대폰'을 판매·제공하는 매장,train,휴대폰,T2 동의어,0171502a-5542-4be2-9bac-cf21e4692a6c,폰아울렛,통신기기,염주골상인회 골목형상점가,골목형상점가,광주광역시,,,
31689ba59bac195bc33e,full_annotation_v1,A,q_휴대폰_03,통신,생활서비스 중 '휴대폰'을 판매·제공하는 매장,train,휴대폰,T2 동의어,16b45f74-4d3a-41ea-85fa-62eb242435e9,지에스25 운암빌리지점,,동운초 골목형상점가,골목형상점가,광주광역시,,,
ae2cf73247dd037b0320,full_annotation_v1,A,q_휴대폰_03,통신,생활서비스 중 '휴대폰'을 판매·제공하는 매장,train,휴대폰,T2 동의어,021ff0c7-6958-49f8-9f5b-b558a74ed5f8,중앙이동통신,기타통신기기판매,거제 옥포중앙시장,전통시장,경상남도,,,
61ae70c132f68c4a57ae,full_annotation_v1,A,q_휴대폰_04,핸드폰 가게,생활서비스 중 '휴대폰'을 판매·제공하는 매장,train,휴대폰,T2 동의어,faddfce0-e7ac-4c01-9c21-a403d2f0f3dd,삐삐통신,핸드폰,조치원 전통길 골목형상점가,골목형상점가,세종특별자치시,,,
3d82dce0a3733463c0ba,full_annotation_v1,A,q_휴대폰_04,핸드폰 가게,생활서비스 중 '휴대폰'을 판매·제공하는 매장,train,휴대폰,T2 동의어,dbc4944e-a7cc-4dac-8cb5-0154e35fdc46,쇼이천점,핸드폰,이천중앙로상가,자율상권구역,경기도,,,
802f5502aaf3b0e3aa4b,full_annotation_v1,A,q_휴대폰_04,핸드폰 가게,생활서비스 중 '휴대폰'을 판매·제공하는 매장,train,휴대폰,T2 동의어,3c27e2e1-6111-495b-b0b9-ce0ee8a89349,행운,핸드폰,백년시장(구 강북종합전통시장),전통시장,서울특별시,,,
cd55893657ea3481299e,full_annotation_v1,A,q_휴대폰_04,핸드폰 가게,생활서비스 중 '휴대폰'을 판매·제공하는 매장,train,휴대폰,T2 동의어,0043ff4d-b3a5-4bc7-a567-5292e5c15a70,다온텔레콤,"휴대폰, 악세사리",전방의거리 골목형상점가,골목형상점가,인천광역시,,,
033377a22fb4e16ad180,full_annotation_v1,A,q_휴대폰_04,핸드폰 가게,생활서비스 중 '휴대폰'을 판매·제공하는 매장,train,휴대폰,T2 동의어,72343c35-f8ff-4489-bf38-ba1887f49ca0,미니텔레콤,핸드폰,작전시장,전통시장,인천광역시,,,
006e5a720783ea2e23ce,full_annotation_v1,A,q_휴대폰_04,핸드폰 가게,생활서비스 중 '휴대폰'을 판매·제공하는 매장,train,휴대폰,T2 동의어,4b32da40-2985-46c9-bf1f-52060ff85a21,비쥬통신,핸드폰,포방터시장,전통시장,서울특별시,,,
cd49cfe6a237d982f6c1,full_annotation_v1,A,q_휴대폰_04,핸드폰 가게,생활서비스 중 '휴대폰'을 판매·제공하는 매장,train,휴대폰,T2 동의어,94378fa9-c4bf-40d2-a049-65d5a95708c0,만세폰,핸드폰 등,발안만세시장(구 발안시장),전통시장,경기도,,,
ad1b773d57277e928c9c,full_annotation_v1,A,q_휴대폰_04,핸드폰 가게,생활서비스 중 '휴대폰'을 판매·제공하는 매장,train,휴대폰,T2 동의어,d374685a-a4dc-4765-85bb-43e488180ac3,레인보우,핸드폰,반딧불이연무시장,전통시장,경기도,,,
fe81668df621877f324e,full_annotation_v1,A,q_휴대폰_04,핸드폰 가게,생활서비스 중 '휴대폰'을 판매·제공하는 매장,train,휴대폰,T2 동의어,02aa3a9c-ec76-42b0-bdec-780ae1250ada,대화SK텔레콤,휴대폰대리점,대화전통시장,전통시장,강원특별자치도,,,
81f1ccc179132ba95d1a,full_annotation_v1,A,q_휴대폰_04,핸드폰 가게,생활서비스 중 '휴대폰'을 판매·제공하는 매장,train,휴대폰,T2 동의어,00947369-dfd0-4074-b22e-c8b430a98a70,에스.에이.팜(S.A.farm),"표고버섯및농산물, 잡화, 통신판매",무주반딧불상권활성화구역,상권활성화구역,전북특별자치도,,,
161201af2c33da7fb239,full_annotation_v1,A,q_휴대폰_04,핸드폰 가게,생활서비스 중 '휴대폰'을 판매·제공하는 매장,train,휴대폰,T2 동의어,180da056-fedf-458c-80b0-2f815c5b3c50,엠엘비영주대리점,,영주문화시장,전통시장,경상북도,,,
b7e81d7ec8e2e3964d7e,full_annotation_v1,A,q_휴대폰_04,핸드폰 가게,생활서비스 중 '휴대폰'을 판매·제공하는 매장,train,휴대폰,T2 동의어,9934a95b-dac4-4f01-9ae3-7dff913ef2b8,남양축산,축산물,마장축산물시장,전통시장,서울특별시,,,
00b9ebbc2864214372c3,full_annotation_v1,A,q_휴대폰_04,핸드폰 가게,생활서비스 중 '휴대폰'을 판매·제공하는 매장,train,휴대폰,T2 동의어,2f0fd601-778c-44b7-91e1-045314b1ba1b,컬리수,"의류, 스포츠의류",홍성명동상가,자율상권구역,충청남도,,,
13b5beece01b9ac1e152,full_annotation_v1,A,q_휴대폰_04,핸드폰 가게,생활서비스 중 '휴대폰'을 판매·제공하는 매장,train,휴대폰,T2 동의어,c5639304-9ff2-4f2f-9d0c-54e4f6db11ea,드림통신,핸드폰,관고전통시장,전통시장,경기도,,,
0f1c61ffa3b42cab331e,full_annotation_v1,A,q_휴대폰_04,핸드폰 가게,생활서비스 중 '휴대폰'을 판매·제공하는 매장,train,휴대폰,T2 동의어,15a78f35-8318-4816-af73-7ed3b8071255,폰뱅크,핸드폰,이충 중심상가,골목형상점가,경기도,,,
7f56279cb880da50644e,full_annotation_v1,A,q_휴대폰_04,핸드폰 가게,생활서비스 중 '휴대폰'을 판매·제공하는 매장,train,휴대폰,T2 동의어,c72c2ff0-dc58-43f4-922b-6722841cc8e5,가좌에스케이,핸드폰,가재울 골목형상점가,골목형상점가,인천광역시,,,
7f38ef88e88097f8e678,full_annotation_v1,A,q_휴대폰_04,핸드폰 가게,생활서비스 중 '휴대폰'을 판매·제공하는 매장,train,휴대폰,T2 동의어,495212e4-b696-41c5-9ec0-bbf34127a5d4,체리쉬,의류 등,한솔동 5~6단지상점가,자율상권구역,세종특별자치시,,,
c1e4e53cac9f4eaa451f,full_annotation_v1,A,q_휴대폰_04,핸드폰 가게,생활서비스 중 '휴대폰'을 판매·제공하는 매장,train,휴대폰,T2 동의어,021ff0c7-6958-49f8-9f5b-b558a74ed5f8,중앙이동통신,기타통신기기판매,거제 옥포중앙시장,전통시장,경상남도,,,
8fddf804a0f13960f211,full_annotation_v1,A,q_휴대폰_04,핸드폰 가게,생활서비스 중 '휴대폰'을 판매·제공하는 매장,train,휴대폰,T2 동의어,578a79d6-712c-47fa-ad9c-5648d2ad26b9,청아,핸드폰,반석동 골목형상점가,골목형상점가,대전광역시,,,
cd8fce0d544de5d6e6ac,full_annotation_v1,A,q_휴대폰_04,핸드폰 가게,생활서비스 중 '휴대폰'을 판매·제공하는 매장,train,휴대폰,T2 동의어,2286f0dc-ebc7-4a15-821c-5a71ea532d7a,큐텔레콤,핸드폰,의정부역지하상가,일반지하상점가,경기도,,,
399a703cd889b4d2a655,full_annotation_v1,A,q_휴대폰_04,핸드폰 가게,생활서비스 중 '휴대폰'을 판매·제공하는 매장,train,휴대폰,T2 동의어,0054ff4a-a422-4c7e-bfad-6d673e8ea872,악세사리하우스 2호점,휴대폰 악세사리 및 잡화,중앙로 지하상가 상점가,일반지하상점가,대전광역시,,,
92fa288608d963a9ebad,full_annotation_v1,A,q_휴대폰_04,핸드폰 가게,생활서비스 중 '휴대폰'을 판매·제공하는 매장,train,휴대폰,T2 동의어,ad84f066-f29b-48b4-8c4e-311755de2292,아이제이텔레콤,핸드폰,묵동도깨비시장골목형상점가,골목형상점가,서울특별시,,,
3337f3557fe3ca8be8e9,full_annotation_v1,A,q_휴대폰_04,핸드폰 가게,생활서비스 중 '휴대폰'을 판매·제공하는 매장,train,휴대폰,T2 동의어,a509b324-554a-40bc-81a2-b882cb21c72a,원진텔레콤,핸드폰,원주자유시장,전통시장,강원특별자치도,,,
b14d25e8cf17ed0210bb,full_annotation_v1,A,q_휴대폰_04,핸드폰 가게,생활서비스 중 '휴대폰'을 판매·제공하는 매장,train,휴대폰,T2 동의어,01c84e06-31c1-4487-8c92-fe68a3cd3cb1,바이셀폰 김천점,휴대폰,평화로상가,자율상권구역,경상북도,,,
17f4211b04b3835d1698,full_annotation_v1,A,q_휴대폰_04,핸드폰 가게,생활서비스 중 '휴대폰'을 판매·제공하는 매장,train,휴대폰,T2 동의어,ea48e05c-d0b9-47bc-bd3c-af1c96f612bf,사랑방비디오핸드폰,핸드폰,광탄전통시장,전통시장,경기도,,,
c0fd847f6eac8eea3a8c,full_annotation_v1,A,q_휴대폰_04,핸드폰 가게,생활서비스 중 '휴대폰'을 판매·제공하는 매장,train,휴대폰,T2 동의어,63877bc7-c928-435a-873c-fe3539f9930b,연합통신,핸드폰,달서로행복 골목형상점가,골목형상점가,대구광역시,,,
ba1960bd8b9df5224421,full_annotation_v1,A,q_휴대폰_04,핸드폰 가게,생활서비스 중 '휴대폰'을 판매·제공하는 매장,train,휴대폰,T2 동의어,01da8333-5f68-46b6-879b-e58722707b81,케이제이통신,휴대폰,삼각동 골목형상점가,골목형상점가,광주광역시,,,
9f1dc0b0259a35dc99f7,full_annotation_v1,A,q_휴대폰_04,핸드폰 가게,생활서비스 중 '휴대폰'을 판매·제공하는 매장,train,휴대폰,T2 동의어,e57b67c1-9a8a-4541-8f51-b968f2966049,정있는모바일,핸드폰,서산중심상가,자율상권구역,충청남도,,,
fccfd1309ecdd4c83cc9,full_annotation_v1,A,q_휴대폰_04,핸드폰 가게,생활서비스 중 '휴대폰'을 판매·제공하는 매장,train,휴대폰,T2 동의어,00846462-1c43-4b63-b119-bbea50627f5b,비젼텔레콤,통신기기,공릉구길골목형상점가,골목형상점가,서울특별시,,,
0fc9e64e4e560f420b61,full_annotation_v1,A,q_휴대폰_04,핸드폰 가게,생활서비스 중 '휴대폰'을 판매·제공하는 매장,train,휴대폰,T2 동의어,8040be8f-8226-436f-8250-e2010762d630,메아리이동통신,핸드폰,금산중앙로상점가,자율상권구역,충청남도,,,
b14094b45bd8f48faa1c,full_annotation_v1,A,q_휴대폰_04,핸드폰 가게,생활서비스 중 '휴대폰'을 판매·제공하는 매장,train,휴대폰,T2 동의어,8391ec5e-8849-4b02-8e28-a3a0450a88e7,에펠음악학원,음악학원,염주포스코상인회 골목형상점가,골목형상점가,광주광역시,,,
2e74e065459a4010fa8d,full_annotation_v1,A,q_휴대폰_04,핸드폰 가게,생활서비스 중 '휴대폰'을 판매·제공하는 매장,train,휴대폰,T2 동의어,737707aa-2bad-4f93-8ded-16877e84485a,주니텔레콤,핸드폰,쌍문시장(쌍문역골목시장),전통시장,서울특별시,,,
9858acd6d99b8e4fc0c6,full_annotation_v1,A,q_휴대폰_04,핸드폰 가게,생활서비스 중 '휴대폰'을 판매·제공하는 매장,train,휴대폰,T2 동의어,5de8f507-cce3-4c21-a929-991c434a54af,남해수산,어패류,진주 논개시장,전통시장,경상남도,,,
b53bc099d350904b9a7e,full_annotation_v1,A,q_휴대폰_04,핸드폰 가게,생활서비스 중 '휴대폰'을 판매·제공하는 매장,train,휴대폰,T2 동의어,5d00be04-2d48-438a-9c76-eda7d3ac0eac,시원통신,핸드폰,광명새마을시장,전통시장,경기도,,,
4a56c1faff1c50b0833f,full_annotation_v1,A,q_휴대폰_04,핸드폰 가게,생활서비스 중 '휴대폰'을 판매·제공하는 매장,train,휴대폰,T2 동의어,517576ae-0cfc-4ad5-bb42-63198eb47a33,성창텔레콤,핸드폰,메트로센터(반월당지하쇼핑),일반지하상점가,대구광역시,,,
133966621ed9f5c752ff,full_annotation_v1,A,q_휴대폰_04,핸드폰 가게,생활서비스 중 '휴대폰'을 판매·제공하는 매장,train,휴대폰,T2 동의어,37e9bdad-d137-4aa7-ba4f-5e7e08f46832,핸드폰나라,핸드폰 악세사리,화도창현상점가,골목형상점가,경기도,,,
c4485dd34c7a7f845150,full_annotation_v1,A,q_휴대폰_04,핸드폰 가게,생활서비스 중 '휴대폰'을 판매·제공하는 매장,train,휴대폰,T2 동의어,cf990490-2b26-4988-be9d-30a3b519c1d8,휴대폰가게,핸드폰,남광주시장,전통시장,광주광역시,,,
a25cc2efdad77c9d37d7,full_annotation_v1,A,q_휴대폰_04,핸드폰 가게,생활서비스 중 '휴대폰'을 판매·제공하는 매장,train,휴대폰,T2 동의어,e37ff693-2fa4-485e-860f-efa84f079517,피엠씨,핸드폰,수원역전지하도상가,일반지하상점가,경기도,,,
475c345854334c4596a3,full_annotation_v1,A,q_휴대폰_04,핸드폰 가게,생활서비스 중 '휴대폰'을 판매·제공하는 매장,train,휴대폰,T2 동의어,bf22bd1f-e967-4951-ab3f-d22409340640,달나라통신,핸드폰,의정부역지하상가,일반지하상점가,경기도,,,
41748b7d71a222630b30,full_annotation_v1,A,q_휴대폰_04,핸드폰 가게,생활서비스 중 '휴대폰'을 판매·제공하는 매장,train,휴대폰,T2 동의어,a10c6a25-069f-4fcb-a4f8-f99eb5a65f7b,미소정보통신,핸드폰,의정부역지하상가,일반지하상점가,경기도,,,
f6bfad5ce360f8240de1,full_annotation_v1,A,q_휴대폰_04,핸드폰 가게,생활서비스 중 '휴대폰'을 판매·제공하는 매장,train,휴대폰,T2 동의어,4cbf6f42-38f8-4259-ad22-b42ef36c0723,바로정보통신,핸드폰,엄사 골목형상점가,골목형상점가,충청남도,,,
0110fd4ca64ce29389a6,full_annotation_v1,A,q_휴대폰_04,핸드폰 가게,생활서비스 중 '휴대폰'을 판매·제공하는 매장,train,휴대폰,T2 동의어,2d88bf23-ba76-423b-a4bf-ca27755bea8f,삼성전자 담양대리점,,담양중앙3번가 골목형상점가,골목형상점가,전라남도,,,
2ae48e1ad1fb3ac62c84,full_annotation_v1,A,q_휴대폰_04,핸드폰 가게,생활서비스 중 '휴대폰'을 판매·제공하는 매장,train,휴대폰,T2 동의어,02a22903-4646-43cb-a8c9-de70af373744,커페소금,커피,금암동 골목형상점가,골목형상점가,충청남도,,,
bffb156a685173a8d9be,full_annotation_v1,A,q_휴대폰_04,핸드폰 가게,생활서비스 중 '휴대폰'을 판매·제공하는 매장,train,휴대폰,T2 동의어,ab1888fe-792b-4d00-a617-dfa695f32f90,금호텔레콤,핸드폰,수원역전지하도상가,일반지하상점가,경기도,,,
655c33c9a6d7816c0e88,full_annotation_v1,A,q_휴대폰_04,핸드폰 가게,생활서비스 중 '휴대폰'을 판매·제공하는 매장,train,휴대폰,T2 동의어,db300413-d9be-49e8-a9cb-2d90c681ad54,사거리이동통신,핸드폰,문경시 점촌원도심 상권활성화구역,상권활성화구역,경상북도,,,
750575d327e1e8b39776,full_annotation_v1,A,q_휴대폰_04,핸드폰 가게,생활서비스 중 '휴대폰'을 판매·제공하는 매장,train,휴대폰,T2 동의어,3247c618-58c7-4557-87e5-39fdcd7e8dcd,이루정보통신,핸드폰,주안시민지하도상점가,일반지하상점가,인천광역시,,,
5a5b9558be11d8aaf50e,full_annotation_v1,A,q_휴대폰_04,핸드폰 가게,생활서비스 중 '휴대폰'을 판매·제공하는 매장,train,휴대폰,T2 동의어,bb37210e-f807-4700-b24d-9f27089cd9be,레드비통신,핸드폰,의정부역지하상가,일반지하상점가,경기도,,,
1bc7a1ee7ed823c666da,full_annotation_v1,A,q_휴대폰_04,핸드폰 가게,생활서비스 중 '휴대폰'을 판매·제공하는 매장,train,휴대폰,T2 동의어,b0476f90-43a7-4cc2-be82-925128b4f372,경주벚꽃만두,만두 국수,경주중심상가,전통시장,경상북도,,,
0b626beadd82ec46ad01,full_annotation_v1,A,q_휴대폰_04,핸드폰 가게,생활서비스 중 '휴대폰'을 판매·제공하는 매장,train,휴대폰,T2 동의어,b33001c6-37b2-4462-a600-7d480f5172f6,총각네핸드폰가게,핸드폰,별양동상점가,자율상권구역,경기도,,,
796f1802b140f781bf64,full_annotation_v1,A,q_휴대폰_04,핸드폰 가게,생활서비스 중 '휴대폰'을 판매·제공하는 매장,train,휴대폰,T2 동의어,e9e5e9de-7d0a-4c51-a84b-62981dee8d06,세븐텔레콤,핸드폰,성남중앙지하시장,일반지하상점가,경기도,,,
66f16ef095559a58674c,full_annotation_v1,A,q_휴대폰_04,핸드폰 가게,생활서비스 중 '휴대폰'을 판매·제공하는 매장,train,휴대폰,T2 동의어,2e575752-5bee-47ce-80d4-ce3c9d5dfd0e,앤텔레콤플러스,핸드폰,의정부역지하상가,일반지하상점가,경기도,,,
ee1dfeca808acbc01d99,full_annotation_v1,A,q_휴대폰_04,핸드폰 가게,생활서비스 중 '휴대폰'을 판매·제공하는 매장,train,휴대폰,T2 동의어,7f8c9497-60fb-4b46-8b5e-7fef2fd9db07,청계농산,,구의역 가람길 골목형상점가,골목형상점가,서울특별시,,,
a91f10bacb98af74688c,full_annotation_v1,A,q_휴대폰_04,핸드폰 가게,생활서비스 중 '휴대폰'을 판매·제공하는 매장,train,휴대폰,T2 동의어,00777631-0a51-44c5-b53f-b527a11fb1db,예스통신,휴대폰,주천골목형상점가,골목형상점가,강원특별자치도,,,
f2fdd639d5270d3d5b34,full_annotation_v1,A,q_휴대폰_04,핸드폰 가게,생활서비스 중 '휴대폰'을 판매·제공하는 매장,train,휴대폰,T2 동의어,da5a61a2-f1f8-4e06-986e-e3c16d33a5a5,대가삼계탕 고현점,한식 음식점,거제 고현자율상권,,경상남도,,,
ac0ab3f9c842c3ebb6f5,full_annotation_v1,A,q_휴대폰_04,핸드폰 가게,생활서비스 중 '휴대폰'을 판매·제공하는 매장,train,휴대폰,T2 동의어,c43540c5-7395-4454-872c-d58273c98d67,하이원,핸드폰,의정부역지하상가,일반지하상점가,경기도,,,
ff25f9d53f8bb29fd01d,full_annotation_v1,A,q_휴대폰_04,핸드폰 가게,생활서비스 중 '휴대폰'을 판매·제공하는 매장,train,휴대폰,T2 동의어,dc766d3d-62e9-43ce-bec0-1c7e9568b3c9,다산텔레콤,핸드폰,도농상점가,자율상권구역,경기도,,,
d24fbb48f7c2e795d0c8,full_annotation_v1,A,q_휴대폰_04,핸드폰 가게,생활서비스 중 '휴대폰'을 판매·제공하는 매장,train,휴대폰,T2 동의어,9aa21d3f-1cb9-4cba-bcf5-be7e5fec8b3e,네이버1매장,핸드폰,의정부역지하상가,일반지하상점가,경기도,,,
9af0791d3c3c7d300f0c,full_annotation_v1,A,q_휴대폰_04,핸드폰 가게,생활서비스 중 '휴대폰'을 판매·제공하는 매장,train,휴대폰,T2 동의어,d511f3d7-0292-44af-8160-a7592ae06111,상대원정보통신,핸드폰,상대원1동 해피마을 골목형상점가,골목형상점가,경기도,,,
47c55e330b99cffa88d2,full_annotation_v1,A,q_휴대폰_04,핸드폰 가게,생활서비스 중 '휴대폰'을 판매·제공하는 매장,train,휴대폰,T2 동의어,2dcb2678-b77b-40ea-8a8c-4874052d3f47,그린정보통신,핸드폰,봉리단길골목형상점가,골목형상점가,서울특별시,,,
164cf89a2817e7901646,full_annotation_v1,A,q_휴대폰_04,핸드폰 가게,생활서비스 중 '휴대폰'을 판매·제공하는 매장,train,휴대폰,T2 동의어,010cd15e-5c90-4755-af93-74b17ec99bf3,오빠통신,휴대폰,중흥 골목형상점가,골목형상점가,부산광역시,,,
6dc97ff0a7d784647cf1,full_annotation_v1,A,q_휴대폰_04,핸드폰 가게,생활서비스 중 '휴대폰'을 판매·제공하는 매장,train,휴대폰,T2 동의어,990a2554-4864-4c2b-a360-564fbbd45a8e,오늘도 빵집,,구의역 가람길 골목형상점가,골목형상점가,서울특별시,,,
33299864fe0248da5793,full_annotation_v1,A,q_휴대폰_04,핸드폰 가게,생활서비스 중 '휴대폰'을 판매·제공하는 매장,train,휴대폰,T2 동의어,0171502a-5542-4be2-9bac-cf21e4692a6c,폰아울렛,통신기기,염주골상인회 골목형상점가,골목형상점가,광주광역시,,,
bc37af38f32fa6ed0c88,full_annotation_v1,A,q_휴대폰_04,핸드폰 가게,생활서비스 중 '휴대폰'을 판매·제공하는 매장,train,휴대폰,T2 동의어,8f1ab898-c235-484c-8412-21943c8b7a2d,하은이네반찬 가게,채소,용호1동골목시장,전통시장,부산광역시,,,
6ab687cb85adf7c7a814,full_annotation_v1,A,q_휴대폰_04,핸드폰 가게,생활서비스 중 '휴대폰'을 판매·제공하는 매장,train,휴대폰,T2 동의어,f2224d42-28f7-48a5-864b-90be6f2bb708,폰앤폰,핸드폰,수원역전지하도상가,일반지하상점가,경기도,,,
ccac6c2859667592f6c0,full_annotation_v1,A,q_휴대폰_04,핸드폰 가게,생활서비스 중 '휴대폰'을 판매·제공하는 매장,train,휴대폰,T2 동의어,02fe10a4-4545-464e-a4cd-db9195d6efac,화성해결사(넥시오테크),"핸드폰, 컴퓨터",병점중심상가,자율상권구역,경기도,,,
e92d100f5b58af104d30,full_annotation_v1,A,q_휴대폰_04,핸드폰 가게,생활서비스 중 '휴대폰'을 판매·제공하는 매장,train,휴대폰,T2 동의어,c13427b1-9eab-4fc5-b520-52b15569d693,물향기만두(오산점),음식점업(한식),오산오색시장(구 오산중앙시장),전통시장,경기도,,,
89a01f9f65448510282c,full_annotation_v1,A,q_휴대폰_04,핸드폰 가게,생활서비스 중 '휴대폰'을 판매·제공하는 매장,train,휴대폰,T2 동의어,0414b554-68f3-49d0-9548-f4c4d494f142,휴먼텔레콤,핸드폰,안양일번가 지하쇼핑몰,일반지하상점가,경기도,,,
25560694be8497acfd0d,full_annotation_v1,A,q_휴대폰_04,핸드폰 가게,생활서비스 중 '휴대폰'을 판매·제공하는 매장,train,휴대폰,T2 동의어,6adc1ade-1004-4ad2-8548-014ddfee9f59,스케쳐스 멀티팝업 나주점,신발 운동복 외,중앙로 골목형상점가,골목형상점가,전라남도,,,
588650d8651a25bdda84,full_annotation_v1,A,q_휴대폰_04,핸드폰 가게,생활서비스 중 '휴대폰'을 판매·제공하는 매장,train,휴대폰,T2 동의어,1986ec48-7381-4901-8361-796f492c7e92,핸드폰성지,핸드폰,선부광장로상점가,자율상권구역,경기도,,,
b9f9548916dbcc5b8891,full_annotation_v1,A,q_휴대폰_04,핸드폰 가게,생활서비스 중 '휴대폰'을 판매·제공하는 매장,train,휴대폰,T2 동의어,c3083184-f5cb-492c-a851-cdccd404c038,세진통신,핸드폰,의정부역지하상가,일반지하상점가,경기도,,,
205cfda210d0504b74b6,full_annotation_v1,A,q_휴대폰_04,핸드폰 가게,생활서비스 중 '휴대폰'을 판매·제공하는 매장,train,휴대폰,T2 동의어,b0193e6d-0e3d-4bc4-adfb-ce1f3dade1a7,한국신용카드결제,핸드폰,백년소상공인,일반지하상점가,서울특별시,,,
2a0062dcbf91ef35158f,full_annotation_v1,A,q_휴대폰_04,핸드폰 가게,생활서비스 중 '휴대폰'을 판매·제공하는 매장,train,휴대폰,T2 동의어,a0a93e48-fd11-46c9-844f-5a955ed965db,진통신,핸드폰,결초보은시장(구 보은종합시장),전통시장,충청북도,,,
f2f8916f7aeaea9eba17,full_annotation_v1,A,q_휴대폰_04,핸드폰 가게,생활서비스 중 '휴대폰'을 판매·제공하는 매장,train,휴대폰,T2 동의어,2eefa24a-1526-443c-9786-a006965a8a17,그린중고핸드폰,핸드폰,의정부역지하상가,일반지하상점가,경기도,,,
92ebaa1ef6dfab4f31fe,full_annotation_v1,A,q_휴대폰_04,핸드폰 가게,생활서비스 중 '휴대폰'을 판매·제공하는 매장,train,휴대폰,T2 동의어,177724c8-48e2-4816-8445-2cca03459810,베스트텔레콤,핸드폰,신포지하상가,일반지하상점가,인천광역시,,,
d3077a6b2d14ccaf2b62,full_annotation_v1,A,q_휴대폰_04,핸드폰 가게,생활서비스 중 '휴대폰'을 판매·제공하는 매장,train,휴대폰,T2 동의어,1b70155f-267a-43cc-af9a-e02ab77f47ba,대림통신,핸드폰,대림중앙시장,전통시장,서울특별시,,,
4f27c12843b6a5f67d97,full_annotation_v1,A,q_휴대폰_04,핸드폰 가게,생활서비스 중 '휴대폰'을 판매·제공하는 매장,train,휴대폰,T2 동의어,1d359ca7-fd11-4b36-802e-d69660728bc5,바로정보통신,핸드폰,능동로골목시장(자양한강전통시장),전통시장,서울특별시,,,
1b8fb892e8b28af3f0ed,full_annotation_v1,A,q_휴대폰_04,핸드폰 가게,생활서비스 중 '휴대폰'을 판매·제공하는 매장,train,휴대폰,T2 동의어,42710db3-11df-4718-aaca-d81952a476c6,블랙퀸,핸드폰,수원역전지하도상가,일반지하상점가,경기도,,,
c4eb04ad9f5365c1fa6c,full_annotation_v1,A,q_휴대폰_04,핸드폰 가게,생활서비스 중 '휴대폰'을 판매·제공하는 매장,train,휴대폰,T2 동의어,3d968424-aa78-45ff-85d9-8bf0048f8f2e,팔팔88황금한우,축산물,마장축산물시장,전통시장,서울특별시,,,
f7db0a2fb326fe4bb228,full_annotation_v1,A,q_휴대폰_04,핸드폰 가게,생활서비스 중 '휴대폰'을 판매·제공하는 매장,train,휴대폰,T2 동의어,1371fbb7-4718-4eb1-b2c7-0b3ed844623b,쌍둥이정보통신,핸드폰,주안시민지하도상점가,일반지하상점가,인천광역시,,,
485e5a777a4525084690,full_annotation_v1,A,q_휴대폰_04,핸드폰 가게,생활서비스 중 '휴대폰'을 판매·제공하는 매장,train,휴대폰,T2 동의어,b5f6b01b-e2c5-42c4-b5af-664b1a6849aa,헬로폰정보통신,핸드폰,중앙로상점가,자율상권구역,제주특별자치도,,,
fc764e06b913a82c8741,full_annotation_v1,A,q_휴대폰_04,핸드폰 가게,생활서비스 중 '휴대폰'을 판매·제공하는 매장,train,휴대폰,T2 동의어,3450aa8e-ec04-4363-8210-6687511e42db,국제통신,핸드폰,중앙로 지하상가 상점가,일반지하상점가,대전광역시,,,
ab27c73880e72d4a8c56,full_annotation_v1,A,q_휴대폰_04,핸드폰 가게,생활서비스 중 '휴대폰'을 판매·제공하는 매장,train,휴대폰,T2 동의어,8ef5f37a-b93a-4770-88ac-4e2cc3d5c6d9,새한텔레콤,핸드폰,신거북시장,전통시장,인천광역시,,,
a57ddbbeaf3ad9e34212,full_annotation_v1,A,q_휴대폰_04,핸드폰 가게,생활서비스 중 '휴대폰'을 판매·제공하는 매장,train,휴대폰,T2 동의어,ea027d2d-2535-418e-96ac-c83852361e6f,스타텔레콤,핸드폰,목동동 푸른 골목형상점가,골목형상점가,경기도,,,
bfc7be104e363ff857d9,full_annotation_v1,A,q_휴대폰_04,핸드폰 가게,생활서비스 중 '휴대폰'을 판매·제공하는 매장,train,휴대폰,T2 동의어,254a40eb-99dc-470a-9e26-02b54a146a42,엠케이-베드(MK-BED),"도, 소매업(대리점가구)도매(무역업)",가구거리상점가,자율상권구역,경기도,,,
44f6c877cdb47a727c78,full_annotation_v1,A,q_휴대폰_04,핸드폰 가게,생활서비스 중 '휴대폰'을 판매·제공하는 매장,train,휴대폰,T2 동의어,f991ac63-4836-4b82-afbd-bfd8fafd8072,예서통신,핸드폰,의정부역지하상가,일반지하상점가,경기도,,,
0b768e38340f9ff56ddb,full_annotation_v1,A,q_휴대폰_04,핸드폰 가게,생활서비스 중 '휴대폰'을 판매·제공하는 매장,train,휴대폰,T2 동의어,3aa5fe1f-61e1-4a84-af77-b0799472f51d,오야 고제고현점,음식점,거제 고현자율상권,,경상남도,,,
ba99a1151f010642f3bb,full_annotation_v1,A,q_휴대폰_04,핸드폰 가게,생활서비스 중 '휴대폰'을 판매·제공하는 매장,train,휴대폰,T2 동의어,767a1484-7fef-4151-a345-993e87bc3296,폰사무소,핸드폰,관악신사시장,전통시장,서울특별시,,,
81e9deaa3cc2b40a8861,full_annotation_v1,A,q_휴대폰_04,핸드폰 가게,생활서비스 중 '휴대폰'을 판매·제공하는 매장,train,휴대폰,T2 동의어,18f5ba93-2bef-49d7-a6eb-4bdf5e217715,코닝사,도소매(주방용품),남대문시장,전통시장,서울특별시,,,
d416d95927c8a0de0484,full_annotation_v1,A,q_휴대폰_04,핸드폰 가게,생활서비스 중 '휴대폰'을 판매·제공하는 매장,train,휴대폰,T2 동의어,20d23562-e5a0-4810-9b59-d88b76a5eb38,마실,한식,대왕암 월봉시장,전통시장,울산광역시,,,
718bfa4d31311cb0d774,full_annotation_v1,A,q_휴대폰_04,핸드폰 가게,생활서비스 중 '휴대폰'을 판매·제공하는 매장,train,휴대폰,T2 동의어,02f246ab-fc2d-4121-9888-5e5c1f2f0cc7,행운모바일,핸드폰,학운 골목형상점가,골목형상점가,광주광역시,,,
d12cac7fb065303042ab,full_annotation_v1,A,q_휴대폰_04,핸드폰 가게,생활서비스 중 '휴대폰'을 판매·제공하는 매장,train,휴대폰,T2 동의어,13f44b34-3ccc-4002-beb8-4fc1ff0c6a0c,이브자리 기장대리점,,기장차성로,골목형상점가,부산광역시,,,
efc11fb08683be51ff06,full_annotation_v1,A,q_휴대폰_04,핸드폰 가게,생활서비스 중 '휴대폰'을 판매·제공하는 매장,train,휴대폰,T2 동의어,02c3dcdc-1c49-416a-bf70-7592d1fa297c,광주휴대폰성지 다온모바일 본점,유무선통신 휴대폰컴퓨터악세사리핸드폰중고폰인터넷,월빛 골목형상점가,골목형상점가,광주광역시,,,
0196d1fd68d40a0e0281,full_annotation_v1,A,q_휴대폰_04,핸드폰 가게,생활서비스 중 '휴대폰'을 판매·제공하는 매장,train,휴대폰,T2 동의어,6a310ad3-b7d5-4aae-8819-965bcf6898bc,아람정보통신,핸드폰,가재울 골목형상점가,골목형상점가,인천광역시,,,
bcd57e98fd9709c52955,full_annotation_v1,A,q_휴대폰_04,핸드폰 가게,생활서비스 중 '휴대폰'을 판매·제공하는 매장,train,휴대폰,T2 동의어,d4a0459c-f911-498a-8edb-04215d9e5c42,행복통신,핸드폰,조암시장,전통시장,경기도,,,
59a97360952fdae91ddc,full_annotation_v1,A,q_휴대폰_04,핸드폰 가게,생활서비스 중 '휴대폰'을 판매·제공하는 매장,train,휴대폰,T2 동의어,32a778ee-f93b-4785-881b-92238c3a659c,천하통신,핸드폰,둔전골목형상점가,골목형상점가,경기도,,,
5ef1eeffb1999d4e0ae1,full_annotation_v1,A,q_휴대폰_04,핸드폰 가게,생활서비스 중 '휴대폰'을 판매·제공하는 매장,train,휴대폰,T2 동의어,c15b7d24-b90f-4edb-a4d7-38d243dad39e,가게,담배,대명시장,전통시장,대구광역시,,,
fb531ea5342583ee1f38,full_annotation_v1,A,q_휴대폰_04,핸드폰 가게,생활서비스 중 '휴대폰'을 판매·제공하는 매장,train,휴대폰,T2 동의어,f7979cb6-79bd-4090-990d-60c515101dbb,나라텔레콤,핸드폰,의정부역지하상가,일반지하상점가,경기도,,,
26ba07bc0b289548327d,full_annotation_v1,A,q_휴대폰_05,핸드폰 살 데,생활서비스 중 '휴대폰'을 판매·제공하는 매장,train,휴대폰,T4 구어·문장,0171502a-5542-4be2-9bac-cf21e4692a6c,폰아울렛,통신기기,염주골상인회 골목형상점가,골목형상점가,광주광역시,,,
04bb05fb547a74749b72,full_annotation_v1,A,q_휴대폰_05,핸드폰 살 데,생활서비스 중 '휴대폰'을 판매·제공하는 매장,train,휴대폰,T4 구어·문장,0414b554-68f3-49d0-9548-f4c4d494f142,휴먼텔레콤,핸드폰,안양일번가 지하쇼핑몰,일반지하상점가,경기도,,,
6da7a232fd831dc25bf4,full_annotation_v1,A,q_휴대폰_05,핸드폰 살 데,생활서비스 중 '휴대폰'을 판매·제공하는 매장,train,휴대폰,T4 구어·문장,737707aa-2bad-4f93-8ded-16877e84485a,주니텔레콤,핸드폰,쌍문시장(쌍문역골목시장),전통시장,서울특별시,,,
389064d3bc9fb78d201a,full_annotation_v1,A,q_휴대폰_05,핸드폰 살 데,생활서비스 중 '휴대폰'을 판매·제공하는 매장,train,휴대폰,T4 구어·문장,1986ec48-7381-4901-8361-796f492c7e92,핸드폰성지,핸드폰,선부광장로상점가,자율상권구역,경기도,,,
7c362fca78515e346c71,full_annotation_v1,A,q_휴대폰_05,핸드폰 살 데,생활서비스 중 '휴대폰'을 판매·제공하는 매장,train,휴대폰,T4 구어·문장,94378fa9-c4bf-40d2-a049-65d5a95708c0,만세폰,핸드폰 등,발안만세시장(구 발안시장),전통시장,경기도,,,
3e744a995e708a5b6b0d,full_annotation_v1,A,q_휴대폰_05,핸드폰 살 데,생활서비스 중 '휴대폰'을 판매·제공하는 매장,train,휴대폰,T4 구어·문장,dc766d3d-62e9-43ce-bec0-1c7e9568b3c9,다산텔레콤,핸드폰,도농상점가,자율상권구역,경기도,,,
09b0a3cd5b039a2ff450,full_annotation_v1,A,q_휴대폰_05,핸드폰 살 데,생활서비스 중 '휴대폰'을 판매·제공하는 매장,train,휴대폰,T4 구어·문장,e37ff693-2fa4-485e-860f-efa84f079517,피엠씨,핸드폰,수원역전지하도상가,일반지하상점가,경기도,,,
16ceafbea4ce324dcec2,full_annotation_v1,A,q_휴대폰_05,핸드폰 살 데,생활서비스 중 '휴대폰'을 판매·제공하는 매장,train,휴대폰,T4 구어·문장,d511f3d7-0292-44af-8160-a7592ae06111,상대원정보통신,핸드폰,상대원1동 해피마을 골목형상점가,골목형상점가,경기도,,,
725ff1d5fe08d25b9572,full_annotation_v1,A,q_휴대폰_05,핸드폰 살 데,생활서비스 중 '휴대폰'을 판매·제공하는 매장,train,휴대폰,T4 구어·문장,f14df4d3-9858-4a8b-8597-20fd477d8e32,갤러리 데 루치아,가구,용인어정가구단지상점가,자율상권구역,경기도,,,
be9dfc1f9d1fbb02bf8c,full_annotation_v1,A,q_휴대폰_05,핸드폰 살 데,생활서비스 중 '휴대폰'을 판매·제공하는 매장,train,휴대폰,T4 구어·문장,13f44b34-3ccc-4002-beb8-4fc1ff0c6a0c,이브자리 기장대리점,,기장차성로,골목형상점가,부산광역시,,,
c140ca66c24103fcf9eb,full_annotation_v1,A,q_휴대폰_05,핸드폰 살 데,생활서비스 중 '휴대폰'을 판매·제공하는 매장,train,휴대폰,T4 구어·문장,ea027d2d-2535-418e-96ac-c83852361e6f,스타텔레콤,핸드폰,목동동 푸른 골목형상점가,골목형상점가,경기도,,,
d8ba2b61f5694e4e02d1,full_annotation_v1,A,q_휴대폰_05,핸드폰 살 데,생활서비스 중 '휴대폰'을 판매·제공하는 매장,train,휴대폰,T4 구어·문장,aba76fc2-984e-4030-ba01-e2e7d78264c7,데 아로즈 대전둔산본점,,갈리단길 골목형상점가,골목형상점가,대전광역시,,,
4883f5390ee7327bffa1,full_annotation_v1,A,q_휴대폰_05,핸드폰 살 데,생활서비스 중 '휴대폰'을 판매·제공하는 매장,train,휴대폰,T4 구어·문장,ad84f066-f29b-48b4-8c4e-311755de2292,아이제이텔레콤,핸드폰,묵동도깨비시장골목형상점가,골목형상점가,서울특별시,,,
691860f890bfb280a00a,full_annotation_v1,A,q_휴대폰_05,핸드폰 살 데,생활서비스 중 '휴대폰'을 판매·제공하는 매장,train,휴대폰,T4 구어·문장,893793d3-6443-453c-9193-31661f9d317b,수유부각앤한과,즉석판매,수유전통시장(구 수유골목시장),전통시장,서울특별시,,,
ef65b4707a3336e20021,full_annotation_v1,A,q_휴대폰_05,핸드폰 살 데,생활서비스 중 '휴대폰'을 판매·제공하는 매장,train,휴대폰,T4 구어·문장,2d88bf23-ba76-423b-a4bf-ca27755bea8f,삼성전자 담양대리점,,담양중앙3번가 골목형상점가,골목형상점가,전라남도,,,
90a8f5f9da6c0590ac2e,full_annotation_v1,A,q_휴대폰_05,핸드폰 살 데,생활서비스 중 '휴대폰'을 판매·제공하는 매장,train,휴대폰,T4 구어·문장,2286f0dc-ebc7-4a15-821c-5a71ea532d7a,큐텔레콤,핸드폰,의정부역지하상가,일반지하상점가,경기도,,,
694130f67fb266a48430,full_annotation_v1,A,q_휴대폰_05,핸드폰 살 데,생활서비스 중 '휴대폰'을 판매·제공하는 매장,train,휴대폰,T4 구어·문장,254a40eb-99dc-470a-9e26-02b54a146a42,엠케이-베드(MK-BED),"도, 소매업(대리점가구)도매(무역업)",가구거리상점가,자율상권구역,경기도,,,
b965681443e3c10d0b99,full_annotation_v1,A,q_휴대폰_05,핸드폰 살 데,생활서비스 중 '휴대폰'을 판매·제공하는 매장,train,휴대폰,T4 구어·문장,db300413-d9be-49e8-a9cb-2d90c681ad54,사거리이동통신,핸드폰,문경시 점촌원도심 상권활성화구역,상권활성화구역,경상북도,,,
03773b11994efbf871d3,full_annotation_v1,A,q_휴대폰_05,핸드폰 살 데,생활서비스 중 '휴대폰'을 판매·제공하는 매장,train,휴대폰,T4 구어·문장,d374685a-a4dc-4765-85bb-43e488180ac3,레인보우,핸드폰,반딧불이연무시장,전통시장,경기도,,,
876c22494f416fc5d61c,full_annotation_v1,A,q_휴대폰_05,핸드폰 살 데,생활서비스 중 '휴대폰'을 판매·제공하는 매장,train,휴대폰,T4 구어·문장,2eefa24a-1526-443c-9786-a006965a8a17,그린중고핸드폰,핸드폰,의정부역지하상가,일반지하상점가,경기도,,,
043d73eec8476ef0243f,full_annotation_v1,A,q_휴대폰_05,핸드폰 살 데,생활서비스 중 '휴대폰'을 판매·제공하는 매장,train,휴대폰,T4 구어·문장,00846462-1c43-4b63-b119-bbea50627f5b,비젼텔레콤,통신기기,공릉구길골목형상점가,골목형상점가,서울특별시,,,
a99012aaae17858c4953,full_annotation_v1,A,q_휴대폰_05,핸드폰 살 데,생활서비스 중 '휴대폰'을 판매·제공하는 매장,train,휴대폰,T4 구어·문장,170755af-da17-44d7-a4fb-142771ced9b0,엄마축산,정육점,금촌전통시장,전통시장,경기도,,,
4a393efe1deb8147a991,full_annotation_v1,A,q_휴대폰_05,핸드폰 살 데,생활서비스 중 '휴대폰'을 판매·제공하는 매장,train,휴대폰,T4 구어·문장,4b32da40-2985-46c9-bf1f-52060ff85a21,비쥬통신,핸드폰,포방터시장,전통시장,서울특별시,,,
8bcb2ca39368f433ca0d,full_annotation_v1,A,q_휴대폰_05,핸드폰 살 데,생활서비스 중 '휴대폰'을 판매·제공하는 매장,train,휴대폰,T4 구어·문장,c3083184-f5cb-492c-a851-cdccd404c038,세진통신,핸드폰,의정부역지하상가,일반지하상점가,경기도,,,
0be4ee195b7b19d7de88,full_annotation_v1,A,q_휴대폰_05,핸드폰 살 데,생활서비스 중 '휴대폰'을 판매·제공하는 매장,train,휴대폰,T4 구어·문장,021ff0c7-6958-49f8-9f5b-b558a74ed5f8,중앙이동통신,기타통신기기판매,거제 옥포중앙시장,전통시장,경상남도,,,
4f6617e6035b33b5d640,full_annotation_v1,A,q_휴대폰_05,핸드폰 살 데,생활서비스 중 '휴대폰'을 판매·제공하는 매장,train,휴대폰,T4 구어·문장,ac373383-b8ae-4d55-96fc-93362464806b,자유장식,행거옷걸이,부산자유시장,전통시장,부산광역시,,,
d97ce76f3c3b8e47b889,full_annotation_v1,A,q_휴대폰_05,핸드폰 살 데,생활서비스 중 '휴대폰'을 판매·제공하는 매장,train,휴대폰,T4 구어·문장,00947369-dfd0-4074-b22e-c8b430a98a70,에스.에이.팜(S.A.farm),"표고버섯및농산물, 잡화, 통신판매",무주반딧불상권활성화구역,상권활성화구역,전북특별자치도,,,
72b2265954eb2f8bd45a,full_annotation_v1,A,q_휴대폰_05,핸드폰 살 데,생활서비스 중 '휴대폰'을 판매·제공하는 매장,train,휴대폰,T4 구어·문장,00777631-0a51-44c5-b53f-b527a11fb1db,예스통신,휴대폰,주천골목형상점가,골목형상점가,강원특별자치도,,,
adc0b90b5a61adea8934,full_annotation_v1,A,q_휴대폰_05,핸드폰 살 데,생활서비스 중 '휴대폰'을 판매·제공하는 매장,train,휴대폰,T4 구어·문장,ed873257-4824-49a7-9af4-27bbbc1755bb,점순네과일,과일,성서와룡시장,전통시장,대구광역시,,,
9e90c12d4b4e7499b66c,full_annotation_v1,A,q_휴대폰_05,핸드폰 살 데,생활서비스 중 '휴대폰'을 판매·제공하는 매장,train,휴대폰,T4 구어·문장,0054ff4a-a422-4c7e-bfad-6d673e8ea872,악세사리하우스 2호점,휴대폰 악세사리 및 잡화,중앙로 지하상가 상점가,일반지하상점가,대전광역시,,,
5b339f6d516f49f5384c,full_annotation_v1,A,q_휴대폰_05,핸드폰 살 데,생활서비스 중 '휴대폰'을 판매·제공하는 매장,train,휴대폰,T4 구어·문장,9e74fc6f-dddb-494c-b121-b82d73445340,정온한,일식,커낼워크상점가,골목형상점가,인천광역시,,,
cfafbc6566164e74cb16,full_annotation_v1,A,q_휴대폰_05,핸드폰 살 데,생활서비스 중 '휴대폰'을 판매·제공하는 매장,train,휴대폰,T4 구어·문장,4cbf6f42-38f8-4259-ad22-b42ef36c0723,바로정보통신,핸드폰,엄사 골목형상점가,골목형상점가,충청남도,,,
0aef92a5519da5ebd859,full_annotation_v1,A,q_휴대폰_05,핸드폰 살 데,생활서비스 중 '휴대폰'을 판매·제공하는 매장,train,휴대폰,T4 구어·문장,f7979cb6-79bd-4090-990d-60c515101dbb,나라텔레콤,핸드폰,의정부역지하상가,일반지하상점가,경기도,,,
95c74901b33bf517758a,full_annotation_v1,A,q_휴대폰_05,핸드폰 살 데,생활서비스 중 '휴대폰'을 판매·제공하는 매장,train,휴대폰,T4 구어·문장,967d6d53-7306-4767-8719-7c3d537233cb,십자약국,의약품,세종전통시장,전통시장,세종특별자치시,,,
cc66b63a92d46646cd89,full_annotation_v1,A,q_휴대폰_05,핸드폰 살 데,생활서비스 중 '휴대폰'을 판매·제공하는 매장,train,휴대폰,T4 구어·문장,f991ac63-4836-4b82-afbd-bfd8fafd8072,예서통신,핸드폰,의정부역지하상가,일반지하상점가,경기도,,,
97cb50a60b71b0bea59b,full_annotation_v1,A,q_휴대폰_05,핸드폰 살 데,생활서비스 중 '휴대폰'을 판매·제공하는 매장,train,휴대폰,T4 구어·문장,b0193e6d-0e3d-4bc4-adfb-ce1f3dade1a7,한국신용카드결제,핸드폰,백년소상공인,일반지하상점가,서울특별시,,,
6115443911c676e86547,full_annotation_v1,A,q_휴대폰_05,핸드폰 살 데,생활서비스 중 '휴대폰'을 판매·제공하는 매장,train,휴대폰,T4 구어·문장,fba44155-41d8-4eb9-a899-95c698c9826f,더식당,쭈꾸미,천호로데오거리상점가,자율상권구역,서울특별시,,,
05ae21447d1a4734cf0e,full_annotation_v1,A,q_휴대폰_05,핸드폰 살 데,생활서비스 중 '휴대폰'을 판매·제공하는 매장,train,휴대폰,T4 구어·문장,9aa21d3f-1cb9-4cba-bcf5-be7e5fec8b3e,네이버1매장,핸드폰,의정부역지하상가,일반지하상점가,경기도,,,
fb986c0f8f40f1861b2d,full_annotation_v1,A,q_휴대폰_05,핸드폰 살 데,생활서비스 중 '휴대폰'을 판매·제공하는 매장,train,휴대폰,T4 구어·문장,7cede33e-774f-481f-94d3-d8dd02bf7bb8,제이디인터내셔널,김치 소형가전건강식품,중앙메가프라자,전통시장,대전광역시,,,
2f2e65d032b3ed65810f,full_annotation_v1,A,q_휴대폰_05,핸드폰 살 데,생활서비스 중 '휴대폰'을 판매·제공하는 매장,train,휴대폰,T4 구어·문장,c43540c5-7395-4454-872c-d58273c98d67,하이원,핸드폰,의정부역지하상가,일반지하상점가,경기도,,,
bb50fa2a280ccd11b748,full_annotation_v1,A,q_휴대폰_05,핸드폰 살 데,생활서비스 중 '휴대폰'을 판매·제공하는 매장,train,휴대폰,T4 구어·문장,15f5e200-2e1f-4b38-b391-45db322bec40,송촌점핑다이어트,건강기능식품 소매,송촌동상점가,자율상권구역,대전광역시,,,
7884863f4c26145ac714,full_annotation_v1,A,q_휴대폰_05,핸드폰 살 데,생활서비스 중 '휴대폰'을 판매·제공하는 매장,train,휴대폰,T4 구어·문장,01da8333-5f68-46b6-879b-e58722707b81,케이제이통신,휴대폰,삼각동 골목형상점가,골목형상점가,광주광역시,,,
4b4da691ae5fe5025586,full_annotation_v1,A,q_휴대폰_05,핸드폰 살 데,생활서비스 중 '휴대폰'을 판매·제공하는 매장,train,휴대폰,T4 구어·문장,8ef5f37a-b93a-4770-88ac-4e2cc3d5c6d9,새한텔레콤,핸드폰,신거북시장,전통시장,인천광역시,,,
0093317792872bcf1c87,full_annotation_v1,A,q_휴대폰_05,핸드폰 살 데,생활서비스 중 '휴대폰'을 판매·제공하는 매장,train,휴대폰,T4 구어·문장,faddfce0-e7ac-4c01-9c21-a403d2f0f3dd,삐삐통신,핸드폰,조치원 전통길 골목형상점가,골목형상점가,세종특별자치시,,,
c8a68ec54eace8bc0b4a,full_annotation_v1,A,q_휴대폰_05,핸드폰 살 데,생활서비스 중 '휴대폰'을 판매·제공하는 매장,train,휴대폰,T4 구어·문장,1b70155f-267a-43cc-af9a-e02ab77f47ba,대림통신,핸드폰,대림중앙시장,전통시장,서울특별시,,,
b1d5bff2cfc922b4ca07,full_annotation_v1,A,q_휴대폰_05,핸드폰 살 데,생활서비스 중 '휴대폰'을 판매·제공하는 매장,train,휴대폰,T4 구어·문장,393f4f22-efda-4090-a4db-a8b8bad16bbd,띠아모매트,층간소음매트,병점중심상가,자율상권구역,경기도,,,
7143159db27c99b9fcc5,full_annotation_v1,A,q_휴대폰_05,핸드폰 살 데,생활서비스 중 '휴대폰'을 판매·제공하는 매장,train,휴대폰,T4 구어·문장,a10c6a25-069f-4fcb-a4f8-f99eb5a65f7b,미소정보통신,핸드폰,의정부역지하상가,일반지하상점가,경기도,,,
a8f6c55fbb96b7533147,full_annotation_v1,A,q_휴대폰_05,핸드폰 살 데,생활서비스 중 '휴대폰'을 판매·제공하는 매장,train,휴대폰,T4 구어·문장,578a79d6-712c-47fa-ad9c-5648d2ad26b9,청아,핸드폰,반석동 골목형상점가,골목형상점가,대전광역시,,,
7ebf636daef7813118ac,full_annotation_v1,A,q_휴대폰_05,핸드폰 살 데,생활서비스 중 '휴대폰'을 판매·제공하는 매장,train,휴대폰,T4 구어·문장,42710db3-11df-4718-aaca-d81952a476c6,블랙퀸,핸드폰,수원역전지하도상가,일반지하상점가,경기도,,,
fb37652281206ec434e9,full_annotation_v1,A,q_휴대폰_05,핸드폰 살 데,생활서비스 중 '휴대폰'을 판매·제공하는 매장,train,휴대폰,T4 구어·문장,15a78f35-8318-4816-af73-7ed3b8071255,폰뱅크,핸드폰,이충 중심상가,골목형상점가,경기도,,,
4451d457bdc7b1b58f16,full_annotation_v1,A,q_휴대폰_05,핸드폰 살 데,생활서비스 중 '휴대폰'을 판매·제공하는 매장,train,휴대폰,T4 구어·문장,2dcb2678-b77b-40ea-8a8c-4874052d3f47,그린정보통신,핸드폰,봉리단길골목형상점가,골목형상점가,서울특별시,,,
12cfe9e426e51ea3b32d,full_annotation_v1,A,q_휴대폰_05,핸드폰 살 데,생활서비스 중 '휴대폰'을 판매·제공하는 매장,train,휴대폰,T4 구어·문장,0043ff4d-b3a5-4bc7-a567-5292e5c15a70,다온텔레콤,"휴대폰, 악세사리",전방의거리 골목형상점가,골목형상점가,인천광역시,,,
fc9f2993546a05eb9b72,full_annotation_v1,A,q_휴대폰_05,핸드폰 살 데,생활서비스 중 '휴대폰'을 판매·제공하는 매장,train,휴대폰,T4 구어·문장,8040be8f-8226-436f-8250-e2010762d630,메아리이동통신,핸드폰,금산중앙로상점가,자율상권구역,충청남도,,,
9a1659fc62ebfdb38131,full_annotation_v1,A,q_휴대폰_05,핸드폰 살 데,생활서비스 중 '휴대폰'을 판매·제공하는 매장,train,휴대폰,T4 구어·문장,ab1888fe-792b-4d00-a617-dfa695f32f90,금호텔레콤,핸드폰,수원역전지하도상가,일반지하상점가,경기도,,,
dff53d94e67e1ab70545,full_annotation_v1,A,q_휴대폰_05,핸드폰 살 데,생활서비스 중 '휴대폰'을 판매·제공하는 매장,train,휴대폰,T4 구어·문장,bf22bd1f-e967-4951-ab3f-d22409340640,달나라통신,핸드폰,의정부역지하상가,일반지하상점가,경기도,,,
a85f57d02705a20dd979,full_annotation_v1,A,q_휴대폰_05,핸드폰 살 데,생활서비스 중 '휴대폰'을 판매·제공하는 매장,train,휴대폰,T4 구어·문장,b5f6b01b-e2c5-42c4-b5af-664b1a6849aa,헬로폰정보통신,핸드폰,중앙로상점가,자율상권구역,제주특별자치도,,,
997da402c6e64e4fe6bf,full_annotation_v1,A,q_휴대폰_05,핸드폰 살 데,생활서비스 중 '휴대폰'을 판매·제공하는 매장,train,휴대폰,T4 구어·문장,e9e5e9de-7d0a-4c51-a84b-62981dee8d06,세븐텔레콤,핸드폰,성남중앙지하시장,일반지하상점가,경기도,,,
38590e362467c81d56bf,full_annotation_v1,A,q_휴대폰_05,핸드폰 살 데,생활서비스 중 '휴대폰'을 판매·제공하는 매장,train,휴대폰,T4 구어·문장,f2224d42-28f7-48a5-864b-90be6f2bb708,폰앤폰,핸드폰,수원역전지하도상가,일반지하상점가,경기도,,,
8f12dfe4d3205592de46,full_annotation_v1,A,q_휴대폰_05,핸드폰 살 데,생활서비스 중 '휴대폰'을 판매·제공하는 매장,train,휴대폰,T4 구어·문장,63877bc7-c928-435a-873c-fe3539f9930b,연합통신,핸드폰,달서로행복 골목형상점가,골목형상점가,대구광역시,,,
60e2bbee210151b097a7,full_annotation_v1,A,q_휴대폰_05,핸드폰 살 데,생활서비스 중 '휴대폰'을 판매·제공하는 매장,train,휴대폰,T4 구어·문장,010cd15e-5c90-4755-af93-74b17ec99bf3,오빠통신,휴대폰,중흥 골목형상점가,골목형상점가,부산광역시,,,
3a6d2aa6901d47718ca4,full_annotation_v1,A,q_휴대폰_05,핸드폰 살 데,생활서비스 중 '휴대폰'을 판매·제공하는 매장,train,휴대폰,T4 구어·문장,767a1484-7fef-4151-a345-993e87bc3296,폰사무소,핸드폰,관악신사시장,전통시장,서울특별시,,,
75917ad939334210d040,full_annotation_v1,A,q_휴대폰_05,핸드폰 살 데,생활서비스 중 '휴대폰'을 판매·제공하는 매장,train,휴대폰,T4 구어·문장,3247c618-58c7-4557-87e5-39fdcd7e8dcd,이루정보통신,핸드폰,주안시민지하도상점가,일반지하상점가,인천광역시,,,
35b08091dc7a487832a7,full_annotation_v1,A,q_휴대폰_05,핸드폰 살 데,생활서비스 중 '휴대폰'을 판매·제공하는 매장,train,휴대폰,T4 구어·문장,02f246ab-fc2d-4121-9888-5e5c1f2f0cc7,행운모바일,핸드폰,학운 골목형상점가,골목형상점가,광주광역시,,,
55f90cd558ccb586aaac,full_annotation_v1,A,q_휴대폰_05,핸드폰 살 데,생활서비스 중 '휴대폰'을 판매·제공하는 매장,train,휴대폰,T4 구어·문장,3450aa8e-ec04-4363-8210-6687511e42db,국제통신,핸드폰,중앙로 지하상가 상점가,일반지하상점가,대전광역시,,,
ba63287261305d86c7b9,full_annotation_v1,A,q_휴대폰_05,핸드폰 살 데,생활서비스 중 '휴대폰'을 판매·제공하는 매장,train,휴대폰,T4 구어·문장,e57b67c1-9a8a-4541-8f51-b968f2966049,정있는모바일,핸드폰,서산중심상가,자율상권구역,충청남도,,,
ee3c7478fe1977688231,full_annotation_v1,A,q_휴대폰_05,핸드폰 살 데,생활서비스 중 '휴대폰'을 판매·제공하는 매장,train,휴대폰,T4 구어·문장,c72c2ff0-dc58-43f4-922b-6722841cc8e5,가좌에스케이,핸드폰,가재울 골목형상점가,골목형상점가,인천광역시,,,
76cbfca02fff04dc3c84,full_annotation_v1,A,q_휴대폰_05,핸드폰 살 데,생활서비스 중 '휴대폰'을 판매·제공하는 매장,train,휴대폰,T4 구어·문장,01c84e06-31c1-4487-8c92-fe68a3cd3cb1,바이셀폰 김천점,휴대폰,평화로상가,자율상권구역,경상북도,,,
329f8bdb6c7a63174103,full_annotation_v1,A,q_휴대폰_05,핸드폰 살 데,생활서비스 중 '휴대폰'을 판매·제공하는 매장,train,휴대폰,T4 구어·문장,3c27e2e1-6111-495b-b0b9-ce0ee8a89349,행운,핸드폰,백년시장(구 강북종합전통시장),전통시장,서울특별시,,,
3491ff76f6beabfd2a68,full_annotation_v1,A,q_휴대폰_05,핸드폰 살 데,생활서비스 중 '휴대폰'을 판매·제공하는 매장,train,휴대폰,T4 구어·문장,ea48e05c-d0b9-47bc-bd3c-af1c96f612bf,사랑방비디오핸드폰,핸드폰,광탄전통시장,전통시장,경기도,,,
dd863674c5481efac006,full_annotation_v1,A,q_휴대폰_05,핸드폰 살 데,생활서비스 중 '휴대폰'을 판매·제공하는 매장,train,휴대폰,T4 구어·문장,02c3dcdc-1c49-416a-bf70-7592d1fa297c,광주휴대폰성지 다온모바일 본점,유무선통신 휴대폰컴퓨터악세사리핸드폰중고폰인터넷,월빛 골목형상점가,골목형상점가,광주광역시,,,
3ada37c24ee0de7cad9c,full_annotation_v1,A,q_휴대폰_05,핸드폰 살 데,생활서비스 중 '휴대폰'을 판매·제공하는 매장,train,휴대폰,T4 구어·문장,1d359ca7-fd11-4b36-802e-d69660728bc5,바로정보통신,핸드폰,능동로골목시장(자양한강전통시장),전통시장,서울특별시,,,
0f411247eb1402e92b1e,full_annotation_v1,A,q_휴대폰_05,핸드폰 살 데,생활서비스 중 '휴대폰'을 판매·제공하는 매장,train,휴대폰,T4 구어·문장,bb37210e-f807-4700-b24d-9f27089cd9be,레드비통신,핸드폰,의정부역지하상가,일반지하상점가,경기도,,,
abb31c475d0cd8d976d3,full_annotation_v1,A,q_휴대폰_05,핸드폰 살 데,생활서비스 중 '휴대폰'을 판매·제공하는 매장,train,휴대폰,T4 구어·문장,5d00be04-2d48-438a-9c76-eda7d3ac0eac,시원통신,핸드폰,광명새마을시장,전통시장,경기도,,,
6f4b0f604be67ee3b378,full_annotation_v1,A,q_휴대폰_05,핸드폰 살 데,생활서비스 중 '휴대폰'을 판매·제공하는 매장,train,휴대폰,T4 구어·문장,282b0e8b-051c-49f9-a707-b982df803589,까라벨라 데 오르,스파게티,동명동 카페거리 골목형상점가,골목형상점가,광주광역시,,,
094c7bcc9068083fa35e,full_annotation_v1,A,q_휴대폰_05,핸드폰 살 데,생활서비스 중 '휴대폰'을 판매·제공하는 매장,train,휴대폰,T4 구어·문장,72343c35-f8ff-4489-bf38-ba1887f49ca0,미니텔레콤,핸드폰,작전시장,전통시장,인천광역시,,,
410dea3f3aa0c7b4e3c4,full_annotation_v1,A,q_휴대폰_05,핸드폰 살 데,생활서비스 중 '휴대폰'을 판매·제공하는 매장,train,휴대폰,T4 구어·문장,8b1b419f-3764-41d7-838e-50e1ab7fc921,귀빈미용실,미용실,안강공설시장,전통시장,경상북도,,,
91f3eae97ffed9b25ba3,full_annotation_v1,A,q_휴대폰_05,핸드폰 살 데,생활서비스 중 '휴대폰'을 판매·제공하는 매장,train,휴대폰,T4 구어·문장,7b949979-f180-488c-98d4-d298880ae4e3,바디리셋,체력단련시설,보람동 골목형상점가,골목형상점가,세종특별자치시,,,
66a5380e51b9be96ea4f,full_annotation_v1,A,q_휴대폰_05,핸드폰 살 데,생활서비스 중 '휴대폰'을 판매·제공하는 매장,train,휴대폰,T4 구어·문장,31c42f63-edfb-47cb-aa13-cf1a053301fb,쪼리(반월당점),의류,메트로센터(반월당지하쇼핑),일반지하상점가,대구광역시,,,
fc58fadd1d86707cab05,full_annotation_v1,A,q_휴대폰_05,핸드폰 살 데,생활서비스 중 '휴대폰'을 판매·제공하는 매장,train,휴대폰,T4 구어·문장,02fe10a4-4545-464e-a4cd-db9195d6efac,화성해결사(넥시오테크),"핸드폰, 컴퓨터",병점중심상가,자율상권구역,경기도,,,
3328cf9f4b1068c22d59,full_annotation_v1,A,q_휴대폰_05,핸드폰 살 데,생활서비스 중 '휴대폰'을 판매·제공하는 매장,train,휴대폰,T4 구어·문장,dbc4944e-a7cc-4dac-8cb5-0154e35fdc46,쇼이천점,핸드폰,이천중앙로상가,자율상권구역,경기도,,,
baaccf85e1488fdcbdc5,full_annotation_v1,A,q_휴대폰_05,핸드폰 살 데,생활서비스 중 '휴대폰'을 판매·제공하는 매장,train,휴대폰,T4 구어·문장,2e575752-5bee-47ce-80d4-ce3c9d5dfd0e,앤텔레콤플러스,핸드폰,의정부역지하상가,일반지하상점가,경기도,,,
90b553f0b4708df03cc5,full_annotation_v1,A,q_휴대폰_05,핸드폰 살 데,생활서비스 중 '휴대폰'을 판매·제공하는 매장,train,휴대폰,T4 구어·문장,d4a0459c-f911-498a-8edb-04215d9e5c42,행복통신,핸드폰,조암시장,전통시장,경기도,,,
b11f4d1df7e124103464,full_annotation_v1,A,q_휴대폰_05,핸드폰 살 데,생활서비스 중 '휴대폰'을 판매·제공하는 매장,train,휴대폰,T4 구어·문장,2c48e07d-3131-4a51-b448-2332da0d91db,영도상회,한식,신동아수산물종합시장,전통시장,부산광역시,,,
9741cefd49999c44347f,full_annotation_v1,A,q_휴대폰_05,핸드폰 살 데,생활서비스 중 '휴대폰'을 판매·제공하는 매장,train,휴대폰,T4 구어·문장,9181eb81-fade-4394-8578-2bcb0da1bd9e,정관장 둔산점,홍삼,청사 골목형상점가,골목형상점가,대전광역시,,,
bd7262e0d1421b5ca525,full_annotation_v1,A,q_휴대폰_05,핸드폰 살 데,생활서비스 중 '휴대폰'을 판매·제공하는 매장,train,휴대폰,T4 구어·문장,180da056-fedf-458c-80b0-2f815c5b3c50,엠엘비영주대리점,,영주문화시장,전통시장,경상북도,,,
6bcf18c508280060d2ea,full_annotation_v1,A,q_휴대폰_05,핸드폰 살 데,생활서비스 중 '휴대폰'을 판매·제공하는 매장,train,휴대폰,T4 구어·문장,177724c8-48e2-4816-8445-2cca03459810,베스트텔레콤,핸드폰,신포지하상가,일반지하상점가,인천광역시,,,
9681a048760a897ab4bf,full_annotation_v1,A,q_휴대폰_05,핸드폰 살 데,생활서비스 중 '휴대폰'을 판매·제공하는 매장,train,휴대폰,T4 구어·문장,c267e105-36d0-4ad1-b9f3-465fb564a230,(주) 한,핸드폰,풍암중앙상인회 골목형상점가,골목형상점가,광주광역시,,,
97bb8c6d6937adc53bdf,full_annotation_v1,A,q_휴대폰_05,핸드폰 살 데,생활서비스 중 '휴대폰'을 판매·제공하는 매장,train,휴대폰,T4 구어·문장,517576ae-0cfc-4ad5-bb42-63198eb47a33,성창텔레콤,핸드폰,메트로센터(반월당지하쇼핑),일반지하상점가,대구광역시,,,
4d6d818c16babab1fc18,full_annotation_v1,A,q_휴대폰_05,핸드폰 살 데,생활서비스 중 '휴대폰'을 판매·제공하는 매장,train,휴대폰,T4 구어·문장,02aa3a9c-ec76-42b0-bdec-780ae1250ada,대화SK텔레콤,휴대폰대리점,대화전통시장,전통시장,강원특별자치도,,,
654986f39d493f4dc60d,full_annotation_v1,A,q_휴대폰_05,핸드폰 살 데,생활서비스 중 '휴대폰'을 판매·제공하는 매장,train,휴대폰,T4 구어·문장,37e9bdad-d137-4aa7-ba4f-5e7e08f46832,핸드폰나라,핸드폰 악세사리,화도창현상점가,골목형상점가,경기도,,,
7dd0fe8b997e56b498ba,full_annotation_v1,A,q_휴대폰_05,핸드폰 살 데,생활서비스 중 '휴대폰'을 판매·제공하는 매장,train,휴대폰,T4 구어·문장,a0a93e48-fd11-46c9-844f-5a955ed965db,진통신,핸드폰,결초보은시장(구 보은종합시장),전통시장,충청북도,,,
c2ab403ce2657845f270,full_annotation_v1,A,q_휴대폰_05,핸드폰 살 데,생활서비스 중 '휴대폰'을 판매·제공하는 매장,train,휴대폰,T4 구어·문장,c5639304-9ff2-4f2f-9d0c-54e4f6db11ea,드림통신,핸드폰,관고전통시장,전통시장,경기도,,,
d2324e003592a3b7a23e,full_annotation_v1,A,q_휴대폰_05,핸드폰 살 데,생활서비스 중 '휴대폰'을 판매·제공하는 매장,train,휴대폰,T4 구어·문장,1371fbb7-4718-4eb1-b2c7-0b3ed844623b,쌍둥이정보통신,핸드폰,주안시민지하도상점가,일반지하상점가,인천광역시,,,
c8903a128b9d6ab7a328,full_annotation_v1,A,q_휴대폰_05,핸드폰 살 데,생활서비스 중 '휴대폰'을 판매·제공하는 매장,train,휴대폰,T4 구어·문장,32a778ee-f93b-4785-881b-92238c3a659c,천하통신,핸드폰,둔전골목형상점가,골목형상점가,경기도,,,
72cd11f9b1f76774f672,full_annotation_v1,A,q_휴대폰_05,핸드폰 살 데,생활서비스 중 '휴대폰'을 판매·제공하는 매장,train,휴대폰,T4 구어·문장,a0d6ecf0-7a18-4023-aa51-b07f84ba1d2b,네모전자,네비게이션 블랙박스 판매 수리,구즉 골목형상점가,골목형상점가,대전광역시,,,
0a118ca335946938e45b,full_annotation_v1,A,q_휴대폰_05,핸드폰 살 데,생활서비스 중 '휴대폰'을 판매·제공하는 매장,train,휴대폰,T4 구어·문장,a509b324-554a-40bc-81a2-b882cb21c72a,원진텔레콤,핸드폰,원주자유시장,전통시장,강원특별자치도,,,
f81b70225f779d616f1c,full_annotation_v1,A,q_휴대폰_05,핸드폰 살 데,생활서비스 중 '휴대폰'을 판매·제공하는 매장,train,휴대폰,T4 구어·문장,6a310ad3-b7d5-4aae-8819-965bcf6898bc,아람정보통신,핸드폰,가재울 골목형상점가,골목형상점가,인천광역시,,,
7c32e638bc4b626481ad,full_annotation_v1,A,q_휴대폰_06,휴대폰 파는 곳,생활서비스 중 '휴대폰'을 판매·제공하는 매장,train,휴대폰,T4 구어·문장,b5f3e208-4195-4d37-a3a0-07fed64f16f9,장인통신,휴대폰,스펙트럼시티 골목형상점가,골목형상점가,대구광역시,,,
577839911e6c63ece6f4,full_annotation_v1,A,q_휴대폰_06,휴대폰 파는 곳,생활서비스 중 '휴대폰'을 판매·제공하는 매장,train,휴대폰,T4 구어·문장,5c28947a-f60c-411a-9c9c-6d168700baaf,폰아저씨,휴대폰,중앙로 지하상가 상점가,일반지하상점가,대전광역시,,,
f8a23690b8d7bd3083ed,full_annotation_v1,A,q_휴대폰_06,휴대폰 파는 곳,생활서비스 중 '휴대폰'을 판매·제공하는 매장,train,휴대폰,T4 구어·문장,02aa3a9c-ec76-42b0-bdec-780ae1250ada,대화SK텔레콤,휴대폰대리점,대화전통시장,전통시장,강원특별자치도,,,
f2c43c00e2a17b61362d,full_annotation_v1,A,q_휴대폰_06,휴대폰 파는 곳,생활서비스 중 '휴대폰'을 판매·제공하는 매장,train,휴대폰,T4 구어·문장,01c84e06-31c1-4487-8c92-fe68a3cd3cb1,바이셀폰 김천점,휴대폰,평화로상가,자율상권구역,경상북도,,,
9bde6f6b99475ba8bcad,full_annotation_v1,A,q_휴대폰_06,휴대폰 파는 곳,생활서비스 중 '휴대폰'을 판매·제공하는 매장,train,휴대폰,T4 구어·문장,e85e207a-476d-4cd2-82c3-df3028a2d63b,스마일통신,휴대폰,은구비서로사회적협동조합 골목형상점가,골목형상점가,대전광역시,,,
ec8b244264d34af98749,full_annotation_v1,A,q_휴대폰_06,휴대폰 파는 곳,생활서비스 중 '휴대폰'을 판매·제공하는 매장,train,휴대폰,T4 구어·문장,d568a7ad-6f00-47cf-a8bc-b2dfad5b9dbe,top정보통신,휴대폰,금남지하도상가2공구,일반지하상점가,광주광역시,,,
1f3996ca08115fbe4b51,full_annotation_v1,A,q_휴대폰_06,휴대폰 파는 곳,생활서비스 중 '휴대폰'을 판매·제공하는 매장,train,휴대폰,T4 구어·문장,f0adc948-df0a-4516-b19a-0b6b593d069e,마포분식,음식,아현시장,전통시장,서울특별시,,,
f912fcdd3a88659a57d5,full_annotation_v1,A,q_휴대폰_06,휴대폰 파는 곳,생활서비스 중 '휴대폰'을 판매·제공하는 매장,train,휴대폰,T4 구어·문장,0043ff4d-b3a5-4bc7-a567-5292e5c15a70,다온텔레콤,"휴대폰, 악세사리",전방의거리 골목형상점가,골목형상점가,인천광역시,,,
9d9ce6a71d4d29bc7253,full_annotation_v1,A,q_휴대폰_06,휴대폰 파는 곳,생활서비스 중 '휴대폰'을 판매·제공하는 매장,train,휴대폰,T4 구어·문장,010cd15e-5c90-4755-af93-74b17ec99bf3,오빠통신,휴대폰,중흥 골목형상점가,골목형상점가,부산광역시,,,
88fdde43ff2f5ddb0bea,full_annotation_v1,A,q_휴대폰_06,휴대폰 파는 곳,생활서비스 중 '휴대폰'을 판매·제공하는 매장,train,휴대폰,T4 구어·문장,2743811c-5e71-4d2b-aa75-1b0147d44f2d,사우 꽃이 피는 곳,꽃,김포 풍년마을 골목형상점가,골목형상점가,경기도,,,
71b1475724ff2e248891,full_annotation_v1,A,q_휴대폰_06,휴대폰 파는 곳,생활서비스 중 '휴대폰'을 판매·제공하는 매장,train,휴대폰,T4 구어·문장,646dfa88-20e0-47c5-94f5-289ac84c8719,명텔레콤,휴대폰,푸른솔빛골목형상점가,골목형상점가,인천광역시,,,
9d927e77d60983c94e1c,full_annotation_v1,A,q_휴대폰_06,휴대폰 파는 곳,생활서비스 중 '휴대폰'을 판매·제공하는 매장,train,휴대폰,T4 구어·문장,54a5e7f4-29d4-4b8a-bae9-c6a51cef12d9,다윗통신,휴대폰,면곡시장 골목형상점가,골목형상점가,서울특별시,,,
c664505232ff0d439225,full_annotation_v1,A,q_휴대폰_06,휴대폰 파는 곳,생활서비스 중 '휴대폰'을 판매·제공하는 매장,train,휴대폰,T4 구어·문장,d20f447b-bfd1-4715-b0e8-5a9e753e4129,휴대폰아울렛,휴대폰,음성시장,전통시장,충청북도,,,
d5200d37a100b47dadee,full_annotation_v1,A,q_휴대폰_06,휴대폰 파는 곳,생활서비스 중 '휴대폰'을 판매·제공하는 매장,train,휴대폰,T4 구어·문장,b75257bb-1756-4660-a644-e7df1f9b2134,에스더블유,휴대폰,대곡시장,전통시장,대구광역시,,,
e1cef35fe5e3a68df1d2,full_annotation_v1,A,q_휴대폰_06,휴대폰 파는 곳,생활서비스 중 '휴대폰'을 판매·제공하는 매장,train,휴대폰,T4 구어·문장,c44d62a7-894b-483d-a5e8-5981d338fd8c,휴대폰나라,휴대폰,사거리온누리 골목형상점가,골목형상점가,충청남도,,,
8f655799fe51c57a8f47,full_annotation_v1,A,q_휴대폰_06,휴대폰 파는 곳,생활서비스 중 '휴대폰'을 판매·제공하는 매장,train,휴대폰,T4 구어·문장,9de33745-5523-431b-9395-61d7e34e1944,온누리텔레콤,휴대폰,동남상가거리,골목형상점가,제주특별자치도,,,
bb22d792e5558cd2813e,full_annotation_v1,A,q_휴대폰_06,휴대폰 파는 곳,생활서비스 중 '휴대폰'을 판매·제공하는 매장,train,휴대폰,T4 구어·문장,1b7e94f2-290b-405a-b57d-3116934e5f5c,코코,의류,서문시장2지구 종합상가,전통시장,대구광역시,,,
8c4b1ea231bee7948f62,full_annotation_v1,A,q_휴대폰_06,휴대폰 파는 곳,생활서비스 중 '휴대폰'을 판매·제공하는 매장,train,휴대폰,T4 구어·문장,02c3dcdc-1c49-416a-bf70-7592d1fa297c,광주휴대폰성지 다온모바일 본점,유무선통신 휴대폰컴퓨터악세사리핸드폰중고폰인터넷,월빛 골목형상점가,골목형상점가,광주광역시,,,
006d4924a9dbf3da9104,full_annotation_v1,A,q_휴대폰_06,휴대폰 파는 곳,생활서비스 중 '휴대폰'을 판매·제공하는 매장,train,휴대폰,T4 구어·문장,b291edef-17f5-42be-a29f-7b9ca022e59c,다온텔레콤,휴대폰,의정부역지하상가,일반지하상점가,경기도,,,
de2eed59cb8e358fbe55,full_annotation_v1,A,q_휴대폰_06,휴대폰 파는 곳,생활서비스 중 '휴대폰'을 판매·제공하는 매장,train,휴대폰,T4 구어·문장,470c758f-35cb-4ffb-917a-90d09bf2208a,인천상사염주점,휴대폰 및 휴대폰 악세사리,화정한울타리상인회 골목형상점가,골목형상점가,광주광역시,,,
f6bfb36d437fa51292e5,full_annotation_v1,A,q_휴대폰_06,휴대폰 파는 곳,생활서비스 중 '휴대폰'을 판매·제공하는 매장,train,휴대폰,T4 구어·문장,449c6ad9-f928-471e-bab4-7860d66aec70,제우스텔레콤,휴대폰,우림골목시장,전통시장,서울특별시,,,
5d48f7e10b8b06b1686c,full_annotation_v1,A,q_휴대폰_06,휴대폰 파는 곳,생활서비스 중 '휴대폰'을 판매·제공하는 매장,train,휴대폰,T4 구어·문장,24456103-f6b8-46af-8655-82e61d7265d8,커피가 머무르는 곳,커피,반드레길골목형상점가,골목형상점가,서울특별시,,,
d7ae32afb88eda480232,full_annotation_v1,A,q_휴대폰_06,휴대폰 파는 곳,생활서비스 중 '휴대폰'을 판매·제공하는 매장,train,휴대폰,T4 구어·문장,6ddeb7a6-abd4-460a-a257-2de4bedf667a,드림온,휴대폰,잠실 장미종합상가 골목형상점가,골목형상점가,서울특별시,,,
303e26ae00132c1b4942,full_annotation_v1,A,q_휴대폰_06,휴대폰 파는 곳,생활서비스 중 '휴대폰'을 판매·제공하는 매장,train,휴대폰,T4 구어·문장,c111ac9d-3f3a-405c-a8db-4d127ccda9e2,행복이 있는 곳,잡화,제주로얄쇼핑센터,자율상권구역,제주특별자치도,,,
13b467287002dc674f17,full_annotation_v1,A,q_휴대폰_06,휴대폰 파는 곳,생활서비스 중 '휴대폰'을 판매·제공하는 매장,train,휴대폰,T4 구어·문장,a2405dd0-d3f2-4727-a10d-116133deb83d,왕폰,휴대폰,임방울거리3구역 골목형상점가,골목형상점가,광주광역시,,,
b9c89997766eeb91887d,full_annotation_v1,A,q_휴대폰_06,휴대폰 파는 곳,생활서비스 중 '휴대폰'을 판매·제공하는 매장,train,휴대폰,T4 구어·문장,21661bf4-f2e6-48a9-89fb-b0d87cda54fb,현아통신,휴대폰,역전지하상가,일반지하상점가,대전광역시,,,
1d8dbfb8b2ee29ecca16,full_annotation_v1,A,q_휴대폰_06,휴대폰 파는 곳,생활서비스 중 '휴대폰'을 판매·제공하는 매장,train,휴대폰,T4 구어·문장,01da8333-5f68-46b6-879b-e58722707b81,케이제이통신,휴대폰,삼각동 골목형상점가,골목형상점가,광주광역시,,,
f8e84e18a21a918c1af2,full_annotation_v1,A,q_휴대폰_06,휴대폰 파는 곳,생활서비스 중 '휴대폰'을 판매·제공하는 매장,train,휴대폰,T4 구어·문장,879bbe7b-bb7b-4763-a8a1-9b2b8835504f,지름길사진관,사진,신흥시장,전통시장,서울특별시,,,
a48dfbc3ae8d3e531dd7,full_annotation_v1,A,q_휴대폰_06,휴대폰 파는 곳,생활서비스 중 '휴대폰'을 판매·제공하는 매장,train,휴대폰,T4 구어·문장,513f95ab-a345-4ddf-8546-c04abe8c3ead,폰플러스,휴대폰,두정로 두정상가길 골목형상점가,골목형상점가,충청남도,,,
15bf269fd776fca43951,full_annotation_v1,A,q_휴대폰_06,휴대폰 파는 곳,생활서비스 중 '휴대폰'을 판매·제공하는 매장,train,휴대폰,T4 구어·문장,968edcca-3566-47bc-9dd8-e359fcfa930f,휴대폰 아울렛,휴대폰,우산행복주택,골목형상점가,광주광역시,,,
5ee2a524ab270b4ca207,full_annotation_v1,A,q_휴대폰_06,휴대폰 파는 곳,생활서비스 중 '휴대폰'을 판매·제공하는 매장,train,휴대폰,T4 구어·문장,180da056-fedf-458c-80b0-2f815c5b3c50,엠엘비영주대리점,,영주문화시장,전통시장,경상북도,,,
0e8e02143304b44facf3,full_annotation_v1,A,q_휴대폰_06,휴대폰 파는 곳,생활서비스 중 '휴대폰'을 판매·제공하는 매장,train,휴대폰,T4 구어·문장,2d88bf23-ba76-423b-a4bf-ca27755bea8f,삼성전자 담양대리점,,담양중앙3번가 골목형상점가,골목형상점가,전라남도,,,
d06d26a48089c2b7fff6,full_annotation_v1,A,q_휴대폰_06,휴대폰 파는 곳,생활서비스 중 '휴대폰'을 판매·제공하는 매장,train,휴대폰,T4 구어·문장,b0b886bc-c5ad-4681-8e49-1d632db7fb9c,디지탈우주상사,휴대폰,역전지하상가,일반지하상점가,대전광역시,,,
0ce16ae1a69bbf713700,full_annotation_v1,A,q_휴대폰_06,휴대폰 파는 곳,생활서비스 중 '휴대폰'을 판매·제공하는 매장,train,휴대폰,T4 구어·문장,dd0242e3-23be-4568-ac90-e68b083565d7,블루통신,휴대폰,반송큰시장,전통시장,부산광역시,,,
cb1be870c791d9a7a98c,full_annotation_v1,A,q_휴대폰_06,휴대폰 파는 곳,생활서비스 중 '휴대폰'을 판매·제공하는 매장,train,휴대폰,T4 구어·문장,4a379e5e-23a2-406c-9818-67a653b298e9,바른,휴대폰,달서로행복 골목형상점가,골목형상점가,대구광역시,,,
384ddac5d396c54d18ac,full_annotation_v1,A,q_휴대폰_06,휴대폰 파는 곳,생활서비스 중 '휴대폰'을 판매·제공하는 매장,train,휴대폰,T4 구어·문장,7b697552-c1e4-4a7e-a705-93fff526fa0a,착한휴대폰,휴대폰,갈마프라자 골목형상점가,골목형상점가,대전광역시,,,
d154e8a443457e255553,full_annotation_v1,A,q_휴대폰_06,휴대폰 파는 곳,생활서비스 중 '휴대폰'을 판매·제공하는 매장,train,휴대폰,T4 구어·문장,c3756a1e-4e5d-4043-93c7-ac4c00bbe457,삼광통신,휴대폰,역전지하상가,일반지하상점가,대전광역시,,,
4ca4ee5010f8e9946d04,full_annotation_v1,A,q_휴대폰_06,휴대폰 파는 곳,생활서비스 중 '휴대폰'을 판매·제공하는 매장,train,휴대폰,T4 구어·문장,0d0e1e30-d828-4e32-ba5d-0d78342c518f,핏불텔레콤,휴대폰,태릉골목형상점가,골목형상점가,서울특별시,,,
9f069ed647e101430da4,full_annotation_v1,A,q_휴대폰_06,휴대폰 파는 곳,생활서비스 중 '휴대폰'을 판매·제공하는 매장,train,휴대폰,T4 구어·문장,8a9496be-9422-4726-a395-4c590b36a4a2,천도,휴대폰,젊음의거리 상점가,자율상권구역,울산광역시,,,
509284c8750baf0f95aa,full_annotation_v1,A,q_휴대폰_06,휴대폰 파는 곳,생활서비스 중 '휴대폰'을 판매·제공하는 매장,train,휴대폰,T4 구어·문장,15a78f35-8318-4816-af73-7ed3b8071255,폰뱅크,핸드폰,이충 중심상가,골목형상점가,경기도,,,
61d9c19937a133bd3383,full_annotation_v1,A,q_휴대폰_06,휴대폰 파는 곳,생활서비스 중 '휴대폰'을 판매·제공하는 매장,train,휴대폰,T4 구어·문장,2cb66846-6224-4458-9343-8bf07051a0af,휴대폰 나라,휴대폰 판매,부안석정 골목형상점가,골목형상점가,전북특별자치도,,,
9bf111f54441f79dbd63,full_annotation_v1,A,q_휴대폰_06,휴대폰 파는 곳,생활서비스 중 '휴대폰'을 판매·제공하는 매장,train,휴대폰,T4 구어·문장,192cd801-dacc-4251-8e50-ccfc6c1c9a9c,코코(현대)안경,안경,남대문시장,전통시장,서울특별시,,,
2c4ae03bb313d1c3b807,full_annotation_v1,A,q_휴대폰_06,휴대폰 파는 곳,생활서비스 중 '휴대폰'을 판매·제공하는 매장,train,휴대폰,T4 구어·문장,66c42c60-747f-4985-9634-28dc430d2223,스피드,휴대폰,효실천거리 골목형상점가,골목형상점가,인천광역시,,,
12f0debea643114053b0,full_annotation_v1,A,q_휴대폰_06,휴대폰 파는 곳,생활서비스 중 '휴대폰'을 판매·제공하는 매장,train,휴대폰,T4 구어·문장,e0a00984-95f5-49e0-878f-7bd5e5f29387,폰카페,휴대폰,광탄전통시장,전통시장,경기도,,,
94f3acc5ba87c6704a38,full_annotation_v1,A,q_휴대폰_06,휴대폰 파는 곳,생활서비스 중 '휴대폰'을 판매·제공하는 매장,train,휴대폰,T4 구어·문장,ad2284ff-8791-453b-b8a9-67654ff94220,폰파는 신사,휴대폰,남해 명품화전길 골목형상점가,골목형상점가,경상남도,,,
a9d2ddcc9efe0b379a5f,full_annotation_v1,A,q_휴대폰_06,휴대폰 파는 곳,생활서비스 중 '휴대폰'을 판매·제공하는 매장,train,휴대폰,T4 구어·문장,cec1d6b5-6fec-4c30-805d-b45e8c319941,에스엠휴대폰,휴대폰,말바우시장,전통시장,광주광역시,,,
a51895052cfbbf173c6b,full_annotation_v1,A,q_휴대폰_06,휴대폰 파는 곳,생활서비스 중 '휴대폰'을 판매·제공하는 매장,train,휴대폰,T4 구어·문장,c1b44ef9-f6aa-4eca-b696-dde96f2cf597,환주한복,한복,선산봉황시장(구 선산종합시장),전통시장,경상북도,,,
54a5fc3d8c7491463b5e,full_annotation_v1,A,q_휴대폰_06,휴대폰 파는 곳,생활서비스 중 '휴대폰'을 판매·제공하는 매장,train,휴대폰,T4 구어·문장,25243127-3ba5-4c2c-b8dd-7f5fe0978b28,코코텔레콤,휴대폰 및 휴대폰 액세서리,창원 정우상가,자율상권구역,경상남도,,,
e75d0a317471816961f6,full_annotation_v1,A,q_휴대폰_06,휴대폰 파는 곳,생활서비스 중 '휴대폰'을 판매·제공하는 매장,train,휴대폰,T4 구어·문장,f664423f-23f4-40ca-b20a-30cd87a1e53d,고려,휴대폰,포항중앙상가,전통시장,경상북도,,,
f5025a3303c93d15a631,full_annotation_v1,A,q_휴대폰_06,휴대폰 파는 곳,생활서비스 중 '휴대폰'을 판매·제공하는 매장,train,휴대폰,T4 구어·문장,1f86cb77-6a5b-459f-847a-656eb6789c90,두레통신,휴대폰,인천산업유통센터,전통시장,인천광역시,,,
4648b48ad07c567e02b0,full_annotation_v1,A,q_휴대폰_06,휴대폰 파는 곳,생활서비스 중 '휴대폰'을 판매·제공하는 매장,train,휴대폰,T4 구어·문장,2c45d219-c928-4adf-b8c5-545c970982e3,진텔레콤,휴대폰,상도전통시장,전통시장,서울특별시,,,
d36af40f9d35a2ec727d,full_annotation_v1,A,q_휴대폰_06,휴대폰 파는 곳,생활서비스 중 '휴대폰'을 판매·제공하는 매장,train,휴대폰,T4 구어·문장,a4b7b39a-cf69-4e8d-827f-c12c5de7cc43,폰까페,휴대폰,위드수암 골목형상점가,골목형상점가,울산광역시,,,
8766f7a823d1d8e30e6f,full_annotation_v1,A,q_휴대폰_06,휴대폰 파는 곳,생활서비스 중 '휴대폰'을 판매·제공하는 매장,train,휴대폰,T4 구어·문장,913b8ff9-f63b-40be-bf24-d67a15b86616,맥스모바일반구점,휴대폰,반구시장,전통시장,울산광역시,,,
32d65f2590be32eb5a06,full_annotation_v1,A,q_휴대폰_06,휴대폰 파는 곳,생활서비스 중 '휴대폰'을 판매·제공하는 매장,train,휴대폰,T4 구어·문장,f8a1f84f-faa6-41b7-9301-37fabc43e6f1,휴대폰도매아울렛,휴대폰,광교상현역 온누리 골목형상점가,골목형상점가,경기도,,,
5fa5e32e5818b423a441,full_annotation_v1,A,q_휴대폰_06,휴대폰 파는 곳,생활서비스 중 '휴대폰'을 판매·제공하는 매장,train,휴대폰,T4 구어·문장,0054ff4a-a422-4c7e-bfad-6d673e8ea872,악세사리하우스 2호점,휴대폰 악세사리 및 잡화,중앙로 지하상가 상점가,일반지하상점가,대전광역시,,,
dcb7d312b6c8e56f54a3,full_annotation_v1,A,q_휴대폰_06,휴대폰 파는 곳,생활서비스 중 '휴대폰'을 판매·제공하는 매장,train,휴대폰,T4 구어·문장,c480d8de-7fe1-4600-976e-f108841a6e49,제이텔레콤,휴대폰,의정부역지하상가,일반지하상점가,경기도,,,
9d3a7d84458dca5dbd90,full_annotation_v1,A,q_휴대폰_06,휴대폰 파는 곳,생활서비스 중 '휴대폰'을 판매·제공하는 매장,train,휴대폰,T4 구어·문장,00777631-0a51-44c5-b53f-b527a11fb1db,예스통신,휴대폰,주천골목형상점가,골목형상점가,강원특별자치도,,,
af155b8feaacc71e9afc,full_annotation_v1,A,q_휴대폰_06,휴대폰 파는 곳,생활서비스 중 '휴대폰'을 판매·제공하는 매장,train,휴대폰,T4 구어·문장,e93a53e7-51c0-48c5-baa6-dc3795856882,폰마을,휴대폰,북수원시장( 구 파장시장),전통시장,경기도,,,
ae68edff3e51a64d8353,full_annotation_v1,A,q_휴대폰_06,휴대폰 파는 곳,생활서비스 중 '휴대폰'을 판매·제공하는 매장,train,휴대폰,T4 구어·문장,6c901cdc-b4e7-4991-8109-2c8dc90d0af1,도원텔레콤,휴대폰,조치원중심가로상점가,자율상권구역,세종특별자치시,,,
350e576c18313b46284e,full_annotation_v1,A,q_휴대폰_06,휴대폰 파는 곳,생활서비스 중 '휴대폰'을 판매·제공하는 매장,train,휴대폰,T4 구어·문장,b851e5d3-1469-4825-93bc-173f2e31fba4,아연,휴대폰,당산로 골목형상점가,골목형상점가,전북특별자치도,,,
4b8924c0db1c23dd22f3,full_annotation_v1,A,q_휴대폰_06,휴대폰 파는 곳,생활서비스 중 '휴대폰'을 판매·제공하는 매장,train,휴대폰,T4 구어·문장,fd8acaa3-04ee-4cbf-8785-19a053efda83,종합통신,휴대폰,담양중앙 골목형상점가,골목형상점가,전라남도,,,
2a89fb342209f13ab161,full_annotation_v1,A,q_휴대폰_06,휴대폰 파는 곳,생활서비스 중 '휴대폰'을 판매·제공하는 매장,train,휴대폰,T4 구어·문장,0414b554-68f3-49d0-9548-f4c4d494f142,휴먼텔레콤,핸드폰,안양일번가 지하쇼핑몰,일반지하상점가,경기도,,,
b621baa3e6751adb0a4c,full_annotation_v1,A,q_휴대폰_06,휴대폰 파는 곳,생활서비스 중 '휴대폰'을 판매·제공하는 매장,train,휴대폰,T4 구어·문장,2256f2b2-62e3-4b64-b370-3342f9b0cdfa,선피부관리,피부관리 화장품,문흥1동 골목형상점가,골목형상점가,광주광역시,,,
6241618f3b5d466e329e,full_annotation_v1,A,q_휴대폰_06,휴대폰 파는 곳,생활서비스 중 '휴대폰'을 판매·제공하는 매장,train,휴대폰,T4 구어·문장,1ae690e5-ba67-4523-a303-9b545c7dc8a4,매일샌드,도시락,김해 동상전통시장,전통시장,경상남도,,,
44e84d0a5e5111ba6f32,full_annotation_v1,A,q_휴대폰_06,휴대폰 파는 곳,생활서비스 중 '휴대폰'을 판매·제공하는 매장,train,휴대폰,T4 구어·문장,0171502a-5542-4be2-9bac-cf21e4692a6c,폰아울렛,통신기기,염주골상인회 골목형상점가,골목형상점가,광주광역시,,,
befa4930ab73f43c3560,full_annotation_v1,A,q_휴대폰_06,휴대폰 파는 곳,생활서비스 중 '휴대폰'을 판매·제공하는 매장,train,휴대폰,T4 구어·문장,68a09042-8eb6-45a4-b1c6-e3705c54ba1c,휴대폰명가,휴대폰,천리단길골목형상점가,골목형상점가,서울특별시,,,
6560dff3f0a79355a2e5,full_annotation_v1,A,q_휴대폰_06,휴대폰 파는 곳,생활서비스 중 '휴대폰'을 판매·제공하는 매장,train,휴대폰,T4 구어·문장,9de7bcbc-bdb0-4893-a00b-1ca6f9ad1816,디자이너클럽,휴대폰,의성중앙상점가(의성읍중앙길상가거리),자율상권구역,경상북도,,,
2bc4e598f8262b8cafc2,full_annotation_v1,A,q_휴대폰_06,휴대폰 파는 곳,생활서비스 중 '휴대폰'을 판매·제공하는 매장,train,휴대폰,T4 구어·문장,b1a56654-5649-43eb-a0ab-84d1a4b23ed4,두빛통신,휴대폰,자양전통시장,전통시장,서울특별시,,,
d60b2c1f6038e2f6c04f,full_annotation_v1,A,q_휴대폰_06,휴대폰 파는 곳,생활서비스 중 '휴대폰'을 판매·제공하는 매장,train,휴대폰,T4 구어·문장,d9b7dc3a-a9f3-46f1-8e2c-ee17a6e0ad53,샤크통신,휴대폰,역전지하상가,일반지하상점가,대전광역시,,,
4e5a86066d644868bc5c,full_annotation_v1,A,q_휴대폰_06,휴대폰 파는 곳,생활서비스 중 '휴대폰'을 판매·제공하는 매장,train,휴대폰,T4 구어·문장,5f8e20f1-1c37-412d-8699-cf99ba51a0e7,폰상사,휴대폰,원마루시장,전통시장,충청북도,,,
17cbcf1f8d6c9b9222ad,full_annotation_v1,A,q_휴대폰_06,휴대폰 파는 곳,생활서비스 중 '휴대폰'을 판매·제공하는 매장,train,휴대폰,T4 구어·문장,795161de-289e-4bd2-8c15-b094c4c2af70,휴대폰1번가,휴대폰,여수진남상가,자율상권구역,전라남도,,,
c91e73dc2c5b9d60a281,full_annotation_v1,A,q_휴대폰_06,휴대폰 파는 곳,생활서비스 중 '휴대폰'을 판매·제공하는 매장,train,휴대폰,T4 구어·문장,8cdeaab0-035a-494f-b669-0ec7ae1a3e56,미스터모바일,휴대폰,공주산성 활성화구역,상권활성화구역,충청남도,,,
11f2c5d4f20abb993be7,full_annotation_v1,A,q_휴대폰_06,휴대폰 파는 곳,생활서비스 중 '휴대폰'을 판매·제공하는 매장,train,휴대폰,T4 구어·문장,d28a70cb-c98e-464f-b15e-06b3f089d059,해피통신,휴대폰,신대방1동온누리길골목형상점가,골목형상점가,서울특별시,,,
b78582a005195ba68bd7,full_annotation_v1,A,q_휴대폰_06,휴대폰 파는 곳,생활서비스 중 '휴대폰'을 판매·제공하는 매장,train,휴대폰,T4 구어·문장,4e0b010a-777d-490b-8791-6afcde69ce72,유림텔레콤,휴대폰,복대가경시장,전통시장,충청북도,,,
abe5abd2667dcff44d7c,full_annotation_v1,A,q_휴대폰_06,휴대폰 파는 곳,생활서비스 중 '휴대폰'을 판매·제공하는 매장,train,휴대폰,T4 구어·문장,620146cc-fa56-4147-b53e-98815b1ed50e,도깨비통신,휴대폰,공릉동도깨비시장,전통시장,서울특별시,,,
d6dce169bea87f943a9d,full_annotation_v1,A,q_휴대폰_06,휴대폰 파는 곳,생활서비스 중 '휴대폰'을 판매·제공하는 매장,train,휴대폰,T4 구어·문장,8b22e5ff-243b-4867-a9af-e2886f7a88bf,유림텔레콤,휴대폰,나성중앙 골목형상점가,골목형상점가,세종특별자치시,,,
ffbe2ee3dabcdd35aeac,full_annotation_v1,A,q_휴대폰_06,휴대폰 파는 곳,생활서비스 중 '휴대폰'을 판매·제공하는 매장,train,휴대폰,T4 구어·문장,920d656c-584c-42e9-98d4-be77462164a9,콜핑경북고령점,의류,대가야 자율상권구역,,경상북도,,,
dbdedfb0517a7ad47c55,full_annotation_v1,A,q_휴대폰_06,휴대폰 파는 곳,생활서비스 중 '휴대폰'을 판매·제공하는 매장,train,휴대폰,T4 구어·문장,76a3551b-dae4-4326-92cc-662015aedbfb,쉴 곳,한식,칠성로상점가,자율상권구역,제주특별자치도,,,
df73b48ed9ef498b1984,full_annotation_v1,A,q_휴대폰_06,휴대폰 파는 곳,생활서비스 중 '휴대폰'을 판매·제공하는 매장,train,휴대폰,T4 구어·문장,13f44b34-3ccc-4002-beb8-4fc1ff0c6a0c,이브자리 기장대리점,,기장차성로,골목형상점가,부산광역시,,,
b4ef38ef8476280d1d8d,full_annotation_v1,A,q_휴대폰_06,휴대폰 파는 곳,생활서비스 중 '휴대폰'을 판매·제공하는 매장,train,휴대폰,T4 구어·문장,963abe88-d690-4aa9-86e9-320bdd6cd117,광텔,휴대폰,봉선중길 골목형상점가,골목형상점가,광주광역시,,,
c4163e6aa41fafe77439,full_annotation_v1,A,q_휴대폰_06,휴대폰 파는 곳,생활서비스 중 '휴대폰'을 판매·제공하는 매장,train,휴대폰,T4 구어·문장,593e603d-e4c5-4bb7-b598-8bae9a66ce5d,갬성카,휴대폰,조종시장,전통시장,경기도,,,
8d97b61ec61587013c09,full_annotation_v1,A,q_휴대폰_06,휴대폰 파는 곳,생활서비스 중 '휴대폰'을 판매·제공하는 매장,train,휴대폰,T4 구어·문장,df9100b3-2b94-4bf2-88d5-ee5f22961277,휴대폰 성지,휴대폰,맑은샘 골목형상점가,골목형상점가,울산광역시,,,
8f67d46d37b856a67cf4,full_annotation_v1,A,q_휴대폰_06,휴대폰 파는 곳,생활서비스 중 '휴대폰'을 판매·제공하는 매장,train,휴대폰,T4 구어·문장,fbc8dca1-e2fd-43b2-ba48-696ba2aba152,파리바게뜨,,부천강남시장,전통시장,경기도,,,
14b47bf61b2dadbf4711,full_annotation_v1,A,q_휴대폰_06,휴대폰 파는 곳,생활서비스 중 '휴대폰'을 판매·제공하는 매장,train,휴대폰,T4 구어·문장,00846462-1c43-4b63-b119-bbea50627f5b,비젼텔레콤,통신기기,공릉구길골목형상점가,골목형상점가,서울특별시,,,
2beca57664b87429374b,full_annotation_v1,A,q_휴대폰_06,휴대폰 파는 곳,생활서비스 중 '휴대폰'을 판매·제공하는 매장,train,휴대폰,T4 구어·문장,f123c4ea-2155-4f1d-9da0-be9930069add,휴대폰 성지,,사직거인 골목형상점가,골목형상점가,부산광역시,,,
72db7a089ec8f3d28edc,full_annotation_v1,A,q_휴대폰_06,휴대폰 파는 곳,생활서비스 중 '휴대폰'을 판매·제공하는 매장,train,휴대폰,T4 구어·문장,60242b09-9e47-4377-83c9-999faeb1b036,유림텔레콤,휴대폰,테크노밸리 골목형상점가,골목형상점가,대전광역시,,,
599150e9470f0004b84d,full_annotation_v1,A,q_휴대폰_06,휴대폰 파는 곳,생활서비스 중 '휴대폰'을 판매·제공하는 매장,train,휴대폰,T4 구어·문장,cd67aec9-72ec-41c8-9159-ea7ed3a882e7,세인텔레콤,휴대폰,을지로지하보도쇼핑센터,일반지하상점가,서울특별시,,,
e2d30c3f8446ab7026b8,full_annotation_v1,A,q_휴대폰_06,휴대폰 파는 곳,생활서비스 중 '휴대폰'을 판매·제공하는 매장,train,휴대폰,T4 구어·문장,eb9e0b20-34f7-4167-8a22-7c6764601992,스마일통신,휴대폰,엑스포코아 골목형상점가,골목형상점가,대전광역시,,,
7ed78db810959260ee72,full_annotation_v1,A,q_휴대폰_06,휴대폰 파는 곳,생활서비스 중 '휴대폰'을 판매·제공하는 매장,train,휴대폰,T4 구어·문장,606f2301-566c-42c7-a000-bf63dc64b0d5,이니스프리,휴대폰,풍암벚꽃길상인회 골목형상점가,골목형상점가,광주광역시,,,
ca815170b26928b2c4b1,full_annotation_v1,A,q_휴대폰_06,휴대폰 파는 곳,생활서비스 중 '휴대폰'을 판매·제공하는 매장,train,휴대폰,T4 구어·문장,7bacae12-1746-45d0-ac84-c3c4536c9be7,월드통신,휴대폰,수원역전지하도상가,일반지하상점가,경기도,,,
db8930cd9bc7f558fed1,full_annotation_v1,A,q_휴대폰_06,휴대폰 파는 곳,생활서비스 중 '휴대폰'을 판매·제공하는 매장,train,휴대폰,T4 구어·문장,04896758-74f7-4475-8845-e4ad47f20c1a,휴대폰성지,휴대폰,탕정역 지웰시티몰 3단지 골목형상점가,골목형상점가,충청남도,,,
e3ffb793e5035b8208e8,full_annotation_v1,A,q_휴대폰_06,휴대폰 파는 곳,생활서비스 중 '휴대폰'을 판매·제공하는 매장,train,휴대폰,T4 구어·문장,06a0db11-621d-40fa-a907-fee8f225c06b,베스트이동통신,휴대폰,중앙로 지하상가 상점가,일반지하상점가,대전광역시,,,
a1fa8a33245e990f05d6,full_annotation_v1,A,q_휴대폰_06,휴대폰 파는 곳,생활서비스 중 '휴대폰'을 판매·제공하는 매장,train,휴대폰,T4 구어·문장,3c88347b-2ece-4093-8406-364d6884a0a0,핑 영주점,의류,영주문화시장,전통시장,경상북도,,,
72c54b8e7c9ffd17305e,full_annotation_v1,A,q_휴대폰_06,휴대폰 파는 곳,생활서비스 중 '휴대폰'을 판매·제공하는 매장,train,휴대폰,T4 구어·문장,254a40eb-99dc-470a-9e26-02b54a146a42,엠케이-베드(MK-BED),"도, 소매업(대리점가구)도매(무역업)",가구거리상점가,자율상권구역,경기도,,,
11a02471b77c6760343d,full_annotation_v1,A,q_휴대폰_06,휴대폰 파는 곳,생활서비스 중 '휴대폰'을 판매·제공하는 매장,train,휴대폰,T4 구어·문장,6c2d8640-9e72-43a8-a1c7-290db07cf076,베스트,휴대폰,매곡동 골목형상점가,골목형상점가,광주광역시,,,
cb53b824742467b05b5f,full_annotation_v1,A,q_휴대폰_06,휴대폰 파는 곳,생활서비스 중 '휴대폰'을 판매·제공하는 매장,train,휴대폰,T4 구어·문장,f8472dd2-4de0-4229-8613-e81d616d823b,사랑,휴대폰,목대온기 골목형상점가,골목형상점가,대전광역시,,,
24c9337fbb7fa0c362b4,full_annotation_v1,A,q_휴대폰_06,휴대폰 파는 곳,생활서비스 중 '휴대폰'을 판매·제공하는 매장,train,휴대폰,T4 구어·문장,3722de60-87fb-4128-bb26-6053bc56bfd0,블루덴치과의원,의료서비스,평촌역 상점가,자율상권구역,경기도,,,
2d0e9f5d8576b4335a62,full_annotation_v1,A,q_휴대폰_06,휴대폰 파는 곳,생활서비스 중 '휴대폰'을 판매·제공하는 매장,train,휴대폰,T4 구어·문장,9e25cdb0-5a3f-4a4e-b08b-514e6023422e,정연텔레콤,휴대폰,의정부역지하상가,일반지하상점가,경기도,,,
abaa93fa4b49774ae14f,full_annotation_v1,A,q_휴대폰_06,휴대폰 파는 곳,생활서비스 중 '휴대폰'을 판매·제공하는 매장,train,휴대폰,T4 구어·문장,4803d4b4-7fbe-478c-a32d-e054f4cae118,T모바일,휴대폰,메트로센터(반월당지하쇼핑),일반지하상점가,대구광역시,,,
c38a547e7625810784d9,full_annotation_v1,A,q_휴대폰_06,휴대폰 파는 곳,생활서비스 중 '휴대폰'을 판매·제공하는 매장,train,휴대폰,T4 구어·문장,4a56c653-14b7-4de4-b2dc-ab97ec6a3f92,수호,휴대폰,의정부역지하상가,일반지하상점가,경기도,,,
6d380a88e54630770151,full_annotation_v1,A,q_휴대폰_06,휴대폰 파는 곳,생활서비스 중 '휴대폰'을 판매·제공하는 매장,train,휴대폰,T4 구어·문장,f2bdc141-43e0-44ab-bfad-7d9691c9db67,동인재상회,채소,청량종합도매시장(깡통시장),전통시장,서울특별시,,,
3d544b11e35c3fa18c93,full_annotation_v1,A,q_휴대폰_06,휴대폰 파는 곳,생활서비스 중 '휴대폰'을 판매·제공하는 매장,train,휴대폰,T4 구어·문장,d41b00f3-7ad2-49d5-9dcc-adc648f08cbe,휴대폰다모아,휴대폰,태백중앙로상점가,자율상권구역,강원특별자치도,,,
dc7775f80a4ff608514b,full_annotation_v1,A,q_휴대폰_06,휴대폰 파는 곳,생활서비스 중 '휴대폰'을 판매·제공하는 매장,train,휴대폰,T4 구어·문장,ba864bc3-391d-4b8a-bad7-7a20d0b15065,유림텔레콤,휴대폰,금왕중심골목형상점가,골목형상점가,충청북도,,,
b8af3d7f85be1bd3819a,full_annotation_v1,A,q_휴대폰_06,휴대폰 파는 곳,생활서비스 중 '휴대폰'을 판매·제공하는 매장,train,휴대폰,T4 구어·문장,021ff0c7-6958-49f8-9f5b-b558a74ed5f8,중앙이동통신,기타통신기기판매,거제 옥포중앙시장,전통시장,경상남도,,,
e01bcd3134053a887adc,full_annotation_v1,A,q_휴대폰_06,휴대폰 파는 곳,생활서비스 중 '휴대폰'을 판매·제공하는 매장,train,휴대폰,T4 구어·문장,9bb31771-8365-4d0b-a268-4b34dc3d1c63,부여휴대폰,휴대폰,부여시장,전통시장,충청남도,,,
f29d15b7f1201d090222,full_annotation_v1,A,q_휴대폰_06,휴대폰 파는 곳,생활서비스 중 '휴대폰'을 판매·제공하는 매장,train,휴대폰,T4 구어·문장,a480d87b-a73e-4ffb-ae3b-baf3bf37a00a,유림텔레콤,휴대폰,보람동 골목형상점가,골목형상점가,세종특별자치시,,,
8e481d872320ea5db4f1,full_annotation_v1,A,q_휴대폰_06,휴대폰 파는 곳,생활서비스 중 '휴대폰'을 판매·제공하는 매장,train,휴대폰,T4 구어·문장,d0d9dfe1-dd52-40b9-8e17-70e67e1bc62b,폰백화점,휴대폰,평해시장,전통시장,경상북도,,,
e27e521e3d6e3afea5e3,full_annotation_v1,A,q_휴대폰_06,휴대폰 파는 곳,생활서비스 중 '휴대폰'을 판매·제공하는 매장,train,휴대폰,T4 구어·문장,1633544c-7b4d-4ffd-8896-605d35701a89,다솜,휴대폰,둔산2동 골목형상점가,골목형상점가,대전광역시,,,
e62b183ec0273501da0e,full_annotation_v1,A,q_휴대폰_06,휴대폰 파는 곳,생활서비스 중 '휴대폰'을 판매·제공하는 매장,train,휴대폰,T4 구어·문장,c161453d-f2c8-4b97-a2c3-a54e0cbdb7e8,생활용품 싸게 파는 집,잡화,안성중앙시장,전통시장,경기도,,,
ae429c940519327e7c2f,full_annotation_v1,A,q_휴대폰_06,휴대폰 파는 곳,생활서비스 중 '휴대폰'을 판매·제공하는 매장,train,휴대폰,T4 구어·문장,e32db0c9-c223-46a7-afed-f6a4fd5bf3fe,아이스크림앤폰,휴대폰,오류버들시장골목형상점가,골목형상점가,서울특별시,,,
f8c9a2e28395c5701ccf,full_annotation_v1,A,q_휴대폰_06,휴대폰 파는 곳,생활서비스 중 '휴대폰'을 판매·제공하는 매장,train,휴대폰,T4 구어·문장,bd3efb0a-c366-4aea-8906-019b724f39ad,에이원,휴대폰,신정중앙 골목형상점가,골목형상점가,울산광역시,,,
23b7fb97006cd3418e56,full_annotation_v1,A,q_휴대폰_06,휴대폰 파는 곳,생활서비스 중 '휴대폰'을 판매·제공하는 매장,train,휴대폰,T4 구어·문장,6b2fdee8-23bc-4d9e-8d5f-e89542bd7589,제이제이버거,스테이크 수제버거 샐러드 파스타,의정부시 구도심 상권활성화구역,상권활성화구역,경기도,,,
1f16b2d084e81f4e9934,full_annotation_v1,A,q_휴대폰_06,휴대폰 파는 곳,생활서비스 중 '휴대폰'을 판매·제공하는 매장,train,휴대폰,T4 구어·문장,5e764ed5-0d3e-49ee-bbbf-45c9fd315da8,광주 휴대폰 성지 폰샵,휴대폰,노대물빛근린공원 골목형상점가,골목형상점가,광주광역시,,,
d55380943d9913459f6c,full_annotation_v1,A,q_휴대폰_06,휴대폰 파는 곳,생활서비스 중 '휴대폰'을 판매·제공하는 매장,train,휴대폰,T4 구어·문장,fda88a34-2630-4b1e-a987-f09b572733ff,희망정보통신,휴대폰,달아실 골목형상점가,골목형상점가,광주광역시,,,
3ac9a1bc0c984c5716fc,full_annotation_v1,A,q_휴대폰_06,휴대폰 파는 곳,생활서비스 중 '휴대폰'을 판매·제공하는 매장,train,휴대폰,T4 구어·문장,e9dca130-1002-4f15-9840-2dcaabcd3d02,행복통신,휴대폰,암사종합시장,전통시장,서울특별시,,,
c4e0bc15220c85f69fc4,full_annotation_v1,A,q_휴대폰_06,휴대폰 파는 곳,생활서비스 중 '휴대폰'을 판매·제공하는 매장,train,휴대폰,T4 구어·문장,02f246ab-fc2d-4121-9888-5e5c1f2f0cc7,행운모바일,핸드폰,학운 골목형상점가,골목형상점가,광주광역시,,,
372c8f150cfdc6f8fe95,full_annotation_v1,A,q_휴대폰_06,휴대폰 파는 곳,생활서비스 중 '휴대폰'을 판매·제공하는 매장,train,휴대폰,T4 구어·문장,242b9e33-4294-47b6-b973-22b721c93b9d,푸드몽딜리버리,한식 죽 음료,문흥금호아파트 골목형상점가,골목형상점가,광주광역시,,,
7a631e15070f974ae5d5,full_annotation_v1,A,q_휴대폰_06,휴대폰 파는 곳,생활서비스 중 '휴대폰'을 판매·제공하는 매장,train,휴대폰,T4 구어·문장,a4b61041-9fc4-49e6-9df0-0a652441cd7f,스타텔레콤,휴대폰,동대구신시장,전통시장,대구광역시,,,
a7b6471d169ca8ffca55,full_annotation_v1,A,q_휴대폰_06,휴대폰 파는 곳,생활서비스 중 '휴대폰'을 판매·제공하는 매장,train,휴대폰,T4 구어·문장,31d4cdd5-7739-4fbd-86e9-ed646d78dea8,다폰천곡,휴대폰,맑은샘 골목형상점가,골목형상점가,울산광역시,,,
d1c7a5b10d0f554a968b,full_annotation_v1,A,q_휴대폰_06,휴대폰 파는 곳,생활서비스 중 '휴대폰'을 판매·제공하는 매장,train,휴대폰,T4 구어·문장,844e87aa-8aeb-4f11-af48-04d0aa69a247,조은통신,휴대폰,역전지하상가,일반지하상점가,대전광역시,,,
a084d3a1d75e2dd1543f,full_annotation_v1,A,q_휴대폰_06,휴대폰 파는 곳,생활서비스 중 '휴대폰'을 판매·제공하는 매장,train,휴대폰,T4 구어·문장,1428e154-1161-4cae-b75a-1a4881cb04a1,뮤통신,휴대폰,성남중앙지하시장,일반지하상점가,경기도,,,
4ca9da3b08390322ea0a,full_annotation_v1,A,q_휴대폰_06,휴대폰 파는 곳,생활서비스 중 '휴대폰'을 판매·제공하는 매장,train,휴대폰,T4 구어·문장,00947369-dfd0-4074-b22e-c8b430a98a70,에스.에이.팜(S.A.farm),"표고버섯및농산물, 잡화, 통신판매",무주반딧불상권활성화구역,상권활성화구역,전북특별자치도,,,
dc839f6ab4375178df29,full_annotation_v1,A,q_휴대폰_06,휴대폰 파는 곳,생활서비스 중 '휴대폰'을 판매·제공하는 매장,train,휴대폰,T4 구어·문장,351e2072-29d7-467e-82e3-ebf6359d0ab6,글로벌,휴대폰,수원아이파크시티8단지상가 골목형상점가,골목형상점가,경기도,,,
e33fd47d72ca71994967,full_annotation_v1,A,q_휴대폰_06,휴대폰 파는 곳,생활서비스 중 '휴대폰'을 판매·제공하는 매장,train,휴대폰,T4 구어·문장,59876f64-7123-46f8-9d26-ee8e40e4ddef,램팜,,양산 물금백호마을 골목형상점가,골목형상점가,경상남도,,,
5a1474016c1d25464b35,full_annotation_v1,A,q_휴대폰_06,휴대폰 파는 곳,생활서비스 중 '휴대폰'을 판매·제공하는 매장,train,휴대폰,T4 구어·문장,6c45e367-776e-41e6-ade8-767af304d933,미소텔레콤,휴대폰,의정부역지하상가,일반지하상점가,경기도,,,
07a61580bf72335d54cd,full_annotation_v1,A,q_휴대폰_06,휴대폰 파는 곳,생활서비스 중 '휴대폰'을 판매·제공하는 매장,train,휴대폰,T4 구어·문장,0568d65b-5cb4-47a0-9c3d-baa982b5a453,펀통신,휴대폰,봉덕신시장,전통시장,대구광역시,,,
3cfc8c798a2359609709,full_annotation_v1,A,q_휴대폰_06,휴대폰 파는 곳,생활서비스 중 '휴대폰'을 판매·제공하는 매장,train,휴대폰,T4 구어·문장,379e44f1-b021-4ee2-bab8-0a1f3094db97,휴대폰천국,휴대폰,서천읍 군사리 골목형상점가,골목형상점가,충청남도,,,
7b81783fc1aa64c6001d,full_annotation_v1,A,q_휴대폰_06,휴대폰 파는 곳,생활서비스 중 '휴대폰'을 판매·제공하는 매장,train,휴대폰,T4 구어·문장,545b13a8-8413-4d69-b8a7-7f655c21fef4,아티스트,휴대폰,유성시장 골목형상점가,골목형상점가,대전광역시,,,
7d07c98b7f0ab85a3d91,full_annotation_v1,A,q_휴대폰_06,휴대폰 파는 곳,생활서비스 중 '휴대폰'을 판매·제공하는 매장,train,휴대폰,T4 구어·문장,d74d6fba-8c36-47c1-8f01-308ab812e366,뉴파워,휴대폰,강남역지하도상점가,일반지하상점가,서울특별시,,,
3373d198af1e51528d79,full_annotation_v1,A,q_휴대폰_06,휴대폰 파는 곳,생활서비스 중 '휴대폰'을 판매·제공하는 매장,train,휴대폰,T4 구어·문장,69f53a98-8202-4c00-ab7b-1d52e8299dc6,공짜세상,휴대폰,순천연향패션상가,자율상권구역,전라남도,,,
ebbf4a02751abc7612ff,full_annotation_v1,A,q_휴대폰_06,휴대폰 파는 곳,생활서비스 중 '휴대폰'을 판매·제공하는 매장,train,휴대폰,T4 구어·문장,b9a59707-fe18-40bd-9abc-886a850343bd,푸르지오통신,휴대폰,스펙트럼시티 골목형상점가,골목형상점가,대구광역시,,,
ee949452b8ae381f1ac8,full_annotation_v1,A,q_휴대폰_06,휴대폰 파는 곳,생활서비스 중 '휴대폰'을 판매·제공하는 매장,train,휴대폰,T4 구어·문장,1371fbb7-4718-4eb1-b2c7-0b3ed844623b,쌍둥이정보통신,핸드폰,주안시민지하도상점가,일반지하상점가,인천광역시,,,
d0dcea356fa7f6cd5b97,full_annotation_v1,A,q_휴대폰_06,휴대폰 파는 곳,생활서비스 중 '휴대폰'을 판매·제공하는 매장,train,휴대폰,T4 구어·문장,e40d93ed-9678-429d-ac95-45c06f2a51c2,우리동네휴대폰,휴대폰,지족북로 골목형상점가,골목형상점가,대전광역시,,,
6a3aa4fc5b041929d722,full_annotation_v1,A,q_휴대폰_06,휴대폰 파는 곳,생활서비스 중 '휴대폰'을 판매·제공하는 매장,train,휴대폰,T4 구어·문장,5e3e2ab7-45f9-4ecb-b39a-cc66ae647b68,휴대폰세상,휴대폰,장천동상가,자율상권구역,전라남도,,,
f020e0ab1adb00b0fe5e,full_annotation_v1,A,q_휴대폰_06,휴대폰 파는 곳,생활서비스 중 '휴대폰'을 판매·제공하는 매장,train,휴대폰,T4 구어·문장,a8fa0301-4b34-4f53-8520-200d64b09c7a,베게랑이불(이브자리),침구류,섬유제품관,전통시장,대구광역시,,,
8e0bb489ea619911d99f,full_annotation_v1,A,q_휴대폰_06,휴대폰 파는 곳,생활서비스 중 '휴대폰'을 판매·제공하는 매장,train,휴대폰,T4 구어·문장,02fe10a4-4545-464e-a4cd-db9195d6efac,화성해결사(넥시오테크),"핸드폰, 컴퓨터",병점중심상가,자율상권구역,경기도,,,
75dc54d875c69dce83d4,full_annotation_v1,A,q_휴대폰_06,휴대폰 파는 곳,생활서비스 중 '휴대폰'을 판매·제공하는 매장,train,휴대폰,T4 구어·문장,6dd19251-5fb1-4181-9db5-a872ca55b9e6,미친폰,휴대폰,스펙트럼시티 골목형상점가,골목형상점가,대구광역시,,,
aba1012c2014a2895b85,full_annotation_v1,A,q_휴대폰_06,휴대폰 파는 곳,생활서비스 중 '휴대폰'을 판매·제공하는 매장,train,휴대폰,T4 구어·문장,65019e23-1b44-4a35-8736-14b215d155f2,휴대폰젤싼집,휴대폰,영주문화시장,전통시장,경상북도,,,
a078e832f9fce31a697f,full_annotation_v1,A,q_휴대폰_07,휴대폰 액정 수리,생활서비스 중 '휴대폰'을 판매·제공하는 매장,train,휴대폰,T5 서비스,c3e1800e-df6a-4545-a12c-4ff15e388a81,명문정보통신,휴대폰,홍도동 상점가,자율상권구역,대전광역시,,,
0d990fd412967f6bf199,full_annotation_v1,A,q_휴대폰_07,휴대폰 액정 수리,생활서비스 중 '휴대폰'을 판매·제공하는 매장,train,휴대폰,T5 서비스,00846462-1c43-4b63-b119-bbea50627f5b,비젼텔레콤,통신기기,공릉구길골목형상점가,골목형상점가,서울특별시,,,
6a033fa6908b92e4d3e4,full_annotation_v1,A,q_휴대폰_07,휴대폰 액정 수리,생활서비스 중 '휴대폰'을 판매·제공하는 매장,train,휴대폰,T5 서비스,963abe88-d690-4aa9-86e9-320bdd6cd117,광텔,휴대폰,봉선중길 골목형상점가,골목형상점가,광주광역시,,,
a8788e052a64af22b5da,full_annotation_v1,A,q_휴대폰_07,휴대폰 액정 수리,생활서비스 중 '휴대폰'을 판매·제공하는 매장,train,휴대폰,T5 서비스,d74d6fba-8c36-47c1-8f01-308ab812e366,뉴파워,휴대폰,강남역지하도상점가,일반지하상점가,서울특별시,,,
6e2cbb26ff66eff495c0,full_annotation_v1,A,q_휴대폰_07,휴대폰 액정 수리,생활서비스 중 '휴대폰'을 판매·제공하는 매장,train,휴대폰,T5 서비스,810b179b-edc5-42b9-8f83-4a8f093c2365,위트 우리동네폰거래소 아이폰수리센터,휴대폰 수리,동탄역골목형상점가,골목형상점가,경기도,,,
f6070ad409e325dba829,full_annotation_v1,A,q_휴대폰_07,휴대폰 액정 수리,생활서비스 중 '휴대폰'을 판매·제공하는 매장,train,휴대폰,T5 서비스,31d4cdd5-7739-4fbd-86e9-ed646d78dea8,다폰천곡,휴대폰,맑은샘 골목형상점가,골목형상점가,울산광역시,,,
42e24c67620e952e90ca,full_annotation_v1,A,q_휴대폰_07,휴대폰 액정 수리,생활서비스 중 '휴대폰'을 판매·제공하는 매장,train,휴대폰,T5 서비스,9e25cdb0-5a3f-4a4e-b08b-514e6023422e,정연텔레콤,휴대폰,의정부역지하상가,일반지하상점가,경기도,,,
b488c5db8ecf3837b331,full_annotation_v1,A,q_휴대폰_07,휴대폰 액정 수리,생활서비스 중 '휴대폰'을 판매·제공하는 매장,train,휴대폰,T5 서비스,42a6642a-da99-4436-a902-d7a0453fb850,사계절통신,휴대폰,새동인천지하상가,일반지하상점가,인천광역시,,,
c4387f49c64055b221d9,full_annotation_v1,A,q_휴대폰_07,휴대폰 액정 수리,생활서비스 중 '휴대폰'을 판매·제공하는 매장,train,휴대폰,T5 서비스,fa66fee6-efee-4927-8b33-f79e234c255a,코오롱스포츠무등산점 주식회사,등산용품,무등산상가거리상점가,자율상권구역,광주광역시,,,
a558c9f53d106c859001,full_annotation_v1,A,q_휴대폰_07,휴대폰 액정 수리,생활서비스 중 '휴대폰'을 판매·제공하는 매장,train,휴대폰,T5 서비스,667cee12-7e7a-43b2-86c8-4a74c17fe6d5,형제설비,수리,(지정취소)다산마을상가거리골목형상점가,골목형상점가,서울특별시,,,
d9abf61400c2cc9ae132,full_annotation_v1,A,q_휴대폰_07,휴대폰 액정 수리,생활서비스 중 '휴대폰'을 판매·제공하는 매장,train,휴대폰,T5 서비스,c98b8aa5-ca1d-4bf5-92a5-dbf4a6890673,더엘산후조리원,서비스,우산상인회 골목형상점가,골목형상점가,광주광역시,,,
7815996ec445f8ec2d8f,full_annotation_v1,A,q_휴대폰_07,휴대폰 액정 수리,생활서비스 중 '휴대폰'을 판매·제공하는 매장,train,휴대폰,T5 서비스,d0d9dfe1-dd52-40b9-8e17-70e67e1bc62b,폰백화점,휴대폰,평해시장,전통시장,경상북도,,,
489b1dbb199b01cbb4fd,full_annotation_v1,A,q_휴대폰_07,휴대폰 액정 수리,생활서비스 중 '휴대폰'을 판매·제공하는 매장,train,휴대폰,T5 서비스,b1a56654-5649-43eb-a0ab-84d1a4b23ed4,두빛통신,휴대폰,자양전통시장,전통시장,서울특별시,,,
db398ddcd5949dde28c8,full_annotation_v1,A,q_휴대폰_07,휴대폰 액정 수리,생활서비스 중 '휴대폰'을 판매·제공하는 매장,train,휴대폰,T5 서비스,968edcca-3566-47bc-9dd8-e359fcfa930f,휴대폰 아울렛,휴대폰,우산행복주택,골목형상점가,광주광역시,,,
744c6266fff573e31f54,full_annotation_v1,A,q_휴대폰_07,휴대폰 액정 수리,생활서비스 중 '휴대폰'을 판매·제공하는 매장,train,휴대폰,T5 서비스,f8a1f84f-faa6-41b7-9301-37fabc43e6f1,휴대폰도매아울렛,휴대폰,광교상현역 온누리 골목형상점가,골목형상점가,경기도,,,
6d23c0c64692f28389ee,full_annotation_v1,A,q_휴대폰_07,휴대폰 액정 수리,생활서비스 중 '휴대폰'을 판매·제공하는 매장,train,휴대폰,T5 서비스,562be359-986d-423c-a622-12bcd0d158f4,밥도둑,김,오산오색시장(구 오산중앙시장),전통시장,경기도,,,
006380b300d22f0c96e9,full_annotation_v1,A,q_휴대폰_07,휴대폰 액정 수리,생활서비스 중 '휴대폰'을 판매·제공하는 매장,train,휴대폰,T5 서비스,0a450239-0109-4085-9692-a318d9553fa3,아인앤픽스 침산점,휴대폰 수리,고성동벚꽃 골목형상점가,골목형상점가,대구광역시,,,
7ee28ed50c6777380048,full_annotation_v1,A,q_휴대폰_07,휴대폰 액정 수리,생활서비스 중 '휴대폰'을 판매·제공하는 매장,train,휴대폰,T5 서비스,c0e2a2f2-b70d-4133-b275-572fe23af1fe,세광무선,수리,화산면 골목형상점가,골목형상점가,전라남도,,,
94987cf0319dd2eceb65,full_annotation_v1,A,q_휴대폰_07,휴대폰 액정 수리,생활서비스 중 '휴대폰'을 판매·제공하는 매장,train,휴대폰,T5 서비스,963d9a34-3055-444e-91e7-2119a2867c4c,윤정분식,분식,광양5일시장,전통시장,전라남도,,,
3500c0283a9c3df0225e,full_annotation_v1,A,q_휴대폰_07,휴대폰 액정 수리,생활서비스 중 '휴대폰'을 판매·제공하는 매장,train,휴대폰,T5 서비스,470deef4-6e53-476e-b603-b0325a6b0929,유로모터스,자동차 수리,무등로해피 골목형상점가,골목형상점가,광주광역시,,,
cf8f87a4c2e8d842fab4,full_annotation_v1,A,q_휴대폰_07,휴대폰 액정 수리,생활서비스 중 '휴대폰'을 판매·제공하는 매장,train,휴대폰,T5 서비스,f96b05ec-0502-43dd-b387-e43879908d61,명엔진종합카써비스,자동차 수리,화정꽃마을상인회 골목형상점가,골목형상점가,광주광역시,,,
df4b9ec1350fe16f077a,full_annotation_v1,A,q_휴대폰_07,휴대폰 액정 수리,생활서비스 중 '휴대폰'을 판매·제공하는 매장,train,휴대폰,T5 서비스,69f53a98-8202-4c00-ab7b-1d52e8299dc6,공짜세상,휴대폰,순천연향패션상가,자율상권구역,전라남도,,,
d89941ed429f770cefbc,full_annotation_v1,A,q_휴대폰_07,휴대폰 액정 수리,생활서비스 중 '휴대폰'을 판매·제공하는 매장,train,휴대폰,T5 서비스,999879ae-7338-4793-9b10-528b5370064a,원투통신,휴대폰,스펙트럼시티 골목형상점가,골목형상점가,대구광역시,,,
189ccb16fdd44f4615cc,full_annotation_v1,A,q_휴대폰_07,휴대폰 액정 수리,생활서비스 중 '휴대폰'을 판매·제공하는 매장,train,휴대폰,T5 서비스,0568d65b-5cb4-47a0-9c3d-baa982b5a453,펀통신,휴대폰,봉덕신시장,전통시장,대구광역시,,,
6052ad0a3e84a1245bf1,full_annotation_v1,A,q_휴대폰_07,휴대폰 액정 수리,생활서비스 중 '휴대폰'을 판매·제공하는 매장,train,휴대폰,T5 서비스,8166772e-e63a-4e9b-bb53-1817b4a027ee,아이플러스폰,휴대폰 수리 및 판매,보세거리 상점가,자율상권구역,울산광역시,,,
aef899c3239196b65bc5,full_annotation_v1,A,q_휴대폰_07,휴대폰 액정 수리,생활서비스 중 '휴대폰'을 판매·제공하는 매장,train,휴대폰,T5 서비스,00777631-0a51-44c5-b53f-b527a11fb1db,예스통신,휴대폰,주천골목형상점가,골목형상점가,강원특별자치도,,,
bee67afb90c691ebcc3b,full_annotation_v1,A,q_휴대폰_07,휴대폰 액정 수리,생활서비스 중 '휴대폰'을 판매·제공하는 매장,train,휴대폰,T5 서비스,58962e9d-3869-4e13-a7ee-5e05c736da6e,별텔레콤,휴대폰,두꺼비시장,전통시장,충청북도,,,
6822e92eca64ea983bd6,full_annotation_v1,A,q_휴대폰_07,휴대폰 액정 수리,생활서비스 중 '휴대폰'을 판매·제공하는 매장,train,휴대폰,T5 서비스,e37ff693-2fa4-485e-860f-efa84f079517,피엠씨,핸드폰,수원역전지하도상가,일반지하상점가,경기도,,,
99a11a6edeac9f67df9b,full_annotation_v1,A,q_휴대폰_07,휴대폰 액정 수리,생활서비스 중 '휴대폰'을 판매·제공하는 매장,train,휴대폰,T5 서비스,34ae0dfa-4585-48e0-93af-96491a550fc4,장군텔레콤,휴대폰,연일전통시장,전통시장,경상북도,,,
c6c70ce6fbad226be478,full_annotation_v1,A,q_휴대폰_07,휴대폰 액정 수리,생활서비스 중 '휴대폰'을 판매·제공하는 매장,train,휴대폰,T5 서비스,56fe8824-080a-4974-8aea-1124c2d7d2e4,아이트리 부산경성대아이폰수리,휴대폰 수리,유엔남구 대학로 상권,,부산광역시,,,
5d42c3e2b8dbbcbe478e,full_annotation_v1,A,q_휴대폰_07,휴대폰 액정 수리,생활서비스 중 '휴대폰'을 판매·제공하는 매장,train,휴대폰,T5 서비스,7b697552-c1e4-4a7e-a705-93fff526fa0a,착한휴대폰,휴대폰,갈마프라자 골목형상점가,골목형상점가,대전광역시,,,
7de9fa2e5fa8195e7cdf,full_annotation_v1,A,q_휴대폰_07,휴대폰 액정 수리,생활서비스 중 '휴대폰'을 판매·제공하는 매장,train,휴대폰,T5 서비스,ba864bc3-391d-4b8a-bad7-7a20d0b15065,유림텔레콤,휴대폰,금왕중심골목형상점가,골목형상점가,충청북도,,,
179c3d0629693fa5d1d2,full_annotation_v1,A,q_휴대폰_07,휴대폰 액정 수리,생활서비스 중 '휴대폰'을 판매·제공하는 매장,train,휴대폰,T5 서비스,e32db0c9-c223-46a7-afed-f6a4fd5bf3fe,아이스크림앤폰,휴대폰,오류버들시장골목형상점가,골목형상점가,서울특별시,,,
61c5a9fdbd6149a87b1b,full_annotation_v1,A,q_휴대폰_07,휴대폰 액정 수리,생활서비스 중 '휴대폰'을 판매·제공하는 매장,train,휴대폰,T5 서비스,1371fbb7-4718-4eb1-b2c7-0b3ed844623b,쌍둥이정보통신,핸드폰,주안시민지하도상점가,일반지하상점가,인천광역시,,,
90589056ceca53f986d7,full_annotation_v1,A,q_휴대폰_07,휴대폰 액정 수리,생활서비스 중 '휴대폰'을 판매·제공하는 매장,train,휴대폰,T5 서비스,310dc66e-4693-4d8a-98da-b4dc51d97262,정한토탈홈써비스,수리,신현회화골목형상점가,골목형상점가,인천광역시,,,
5b987561b92fc30bb069,full_annotation_v1,A,q_휴대폰_07,휴대폰 액정 수리,생활서비스 중 '휴대폰'을 판매·제공하는 매장,train,휴대폰,T5 서비스,795161de-289e-4bd2-8c15-b094c4c2af70,휴대폰1번가,휴대폰,여수진남상가,자율상권구역,전라남도,,,
6b80f3e1852370ea9157,full_annotation_v1,A,q_휴대폰_07,휴대폰 액정 수리,생활서비스 중 '휴대폰'을 판매·제공하는 매장,train,휴대폰,T5 서비스,82350d87-0558-454e-ac2b-ab0f95ed5c6b,일등자동차공업사,자동차 수리,중흥중가로 골목형상점가,골목형상점가,광주광역시,,,
a21ff51834a9c406d648,full_annotation_v1,A,q_휴대폰_07,휴대폰 액정 수리,생활서비스 중 '휴대폰'을 판매·제공하는 매장,train,휴대폰,T5 서비스,0414b554-68f3-49d0-9548-f4c4d494f142,휴먼텔레콤,핸드폰,안양일번가 지하쇼핑몰,일반지하상점가,경기도,,,
91a4799ef3cd0ed1ed93,full_annotation_v1,A,q_휴대폰_07,휴대폰 액정 수리,생활서비스 중 '휴대폰'을 판매·제공하는 매장,train,휴대폰,T5 서비스,180da056-fedf-458c-80b0-2f815c5b3c50,엠엘비영주대리점,,영주문화시장,전통시장,경상북도,,,
6c98eebf1eced0c31cb5,full_annotation_v1,A,q_휴대폰_07,휴대폰 액정 수리,생활서비스 중 '휴대폰'을 판매·제공하는 매장,train,휴대폰,T5 서비스,f8edcadd-2f43-4307-9461-249fd052eb50,디지털전자,수리,포남용마거리골목형상점가,골목형상점가,강원특별자치도,,,
c644beaed8f4226d25e5,full_annotation_v1,A,q_휴대폰_07,휴대폰 액정 수리,생활서비스 중 '휴대폰'을 판매·제공하는 매장,train,휴대폰,T5 서비스,88af9926-5dc9-44bd-9094-dddbb2ab6376,나래오토카,자동차 수리,첨단이웃사랑 골목형상점가,골목형상점가,광주광역시,,,
de237c26121237372a24,full_annotation_v1,A,q_휴대폰_07,휴대폰 액정 수리,생활서비스 중 '휴대폰'을 판매·제공하는 매장,train,휴대폰,T5 서비스,00947369-dfd0-4074-b22e-c8b430a98a70,에스.에이.팜(S.A.farm),"표고버섯및농산물, 잡화, 통신판매",무주반딧불상권활성화구역,상권활성화구역,전북특별자치도,,,
50f3171f80b9aff4f8d5,full_annotation_v1,A,q_휴대폰_07,휴대폰 액정 수리,생활서비스 중 '휴대폰'을 판매·제공하는 매장,train,휴대폰,T5 서비스,9855dac9-d1b4-4cb3-88e1-9d719a3a5ae3,지온컴퓨터,컴퓨터 수리,아진상가,골목형상점가,울산광역시,,,
5453d926c1493946f363,full_annotation_v1,A,q_휴대폰_07,휴대폰 액정 수리,생활서비스 중 '휴대폰'을 판매·제공하는 매장,train,휴대폰,T5 서비스,c3d26ceb-e8fb-4472-a890-9f32a6edf378,오토오아시스,자동차 수리,양산동 행복 골목형상점가,골목형상점가,광주광역시,,,
c87b3a5b39a01d09f53e,full_annotation_v1,A,q_휴대폰_07,휴대폰 액정 수리,생활서비스 중 '휴대폰'을 판매·제공하는 매장,train,휴대폰,T5 서비스,1428e154-1161-4cae-b75a-1a4881cb04a1,뮤통신,휴대폰,성남중앙지하시장,일반지하상점가,경기도,,,
e8ca50836ed5656d4e95,full_annotation_v1,A,q_휴대폰_07,휴대폰 액정 수리,생활서비스 중 '휴대폰'을 판매·제공하는 매장,train,휴대폰,T5 서비스,d4a7f967-bffb-4705-9dec-87b38838b493,삼성티브이,수리,엄정내창시장,전통시장,충청북도,,,
47781fb1035f1b786ace,full_annotation_v1,A,q_휴대폰_07,휴대폰 액정 수리,생활서비스 중 '휴대폰'을 판매·제공하는 매장,train,휴대폰,T5 서비스,dd0242e3-23be-4568-ac90-e68b083565d7,블루통신,휴대폰,반송큰시장,전통시장,부산광역시,,,
18e48f6a7cc3337d5d4a,full_annotation_v1,A,q_휴대폰_07,휴대폰 액정 수리,생활서비스 중 '휴대폰'을 판매·제공하는 매장,train,휴대폰,T5 서비스,04896758-74f7-4475-8845-e4ad47f20c1a,휴대폰성지,휴대폰,탕정역 지웰시티몰 3단지 골목형상점가,골목형상점가,충청남도,,,
7156472583e3007c7e07,full_annotation_v1,A,q_휴대폰_07,휴대폰 액정 수리,생활서비스 중 '휴대폰'을 판매·제공하는 매장,train,휴대폰,T5 서비스,4407ee19-4cff-4739-9c12-e31acd6e8073,신용전자,가전제품 수리,안성 전통 옛장터길 골목형상점가,골목형상점가,경기도,,,
9d2d23e9b53144a4f32c,full_annotation_v1,A,q_휴대폰_07,휴대폰 액정 수리,생활서비스 중 '휴대폰'을 판매·제공하는 매장,train,휴대폰,T5 서비스,10324793-d4d2-4ea7-9456-701f2f5bf7a7,코끼리카센타,자동차 수리,봉선먹자골목 골목형상점가,골목형상점가,광주광역시,,,
dbc64d5610b29e3a389b,full_annotation_v1,A,q_휴대폰_07,휴대폰 액정 수리,생활서비스 중 '휴대폰'을 판매·제공하는 매장,train,휴대폰,T5 서비스,5e2bdd59-4b75-4bc8-bef2-e759666035ab,미스터박오토랩,자동차 수리,금호푸른상인회 골목형상점가,골목형상점가,광주광역시,,,
972bdc266f3e80fc0cce,full_annotation_v1,A,q_휴대폰_07,휴대폰 액정 수리,생활서비스 중 '휴대폰'을 판매·제공하는 매장,train,휴대폰,T5 서비스,6c45e367-776e-41e6-ade8-767af304d933,미소텔레콤,휴대폰,의정부역지하상가,일반지하상점가,경기도,,,
1e8ea588f90921540cf5,full_annotation_v1,A,q_휴대폰_07,휴대폰 액정 수리,생활서비스 중 '휴대폰'을 판매·제공하는 매장,train,휴대폰,T5 서비스,68a09042-8eb6-45a4-b1c6-e3705c54ba1c,휴대폰명가,휴대폰,천리단길골목형상점가,골목형상점가,서울특별시,,,
1c2feab5c051e8a86f09,full_annotation_v1,A,q_휴대폰_07,휴대폰 액정 수리,생활서비스 중 '휴대폰'을 판매·제공하는 매장,train,휴대폰,T5 서비스,d94cd6c8-24a9-4fce-9f0d-dbb42dc346d4,신용카클리닉,자동차 수리,임방울대로 골목형상점가,골목형상점가,광주광역시,,,
366d00afba5c7c68ef52,full_annotation_v1,A,q_휴대폰_07,휴대폰 액정 수리,생활서비스 중 '휴대폰'을 판매·제공하는 매장,train,휴대폰,T5 서비스,02fe10a4-4545-464e-a4cd-db9195d6efac,화성해결사(넥시오테크),"핸드폰, 컴퓨터",병점중심상가,자율상권구역,경기도,,,
9087e879334d9fa64dd3,full_annotation_v1,A,q_휴대폰_07,휴대폰 액정 수리,생활서비스 중 '휴대폰'을 판매·제공하는 매장,train,휴대폰,T5 서비스,54d49a49-cfc7-4514-aa89-d7baad9fc3f6,남양자동차공업사,자동차 수리,삼각동 골목형상점가,골목형상점가,광주광역시,,,
e18cc6f6d9a79ff35ad8,full_annotation_v1,A,q_휴대폰_07,휴대폰 액정 수리,생활서비스 중 '휴대폰'을 판매·제공하는 매장,train,휴대폰,T5 서비스,6ddeb7a6-abd4-460a-a257-2de4bedf667a,드림온,휴대폰,잠실 장미종합상가 골목형상점가,골목형상점가,서울특별시,,,
8445f6b92434a7e78317,full_annotation_v1,A,q_휴대폰_07,휴대폰 액정 수리,생활서비스 중 '휴대폰'을 판매·제공하는 매장,train,휴대폰,T5 서비스,5e764ed5-0d3e-49ee-bbbf-45c9fd315da8,광주 휴대폰 성지 폰샵,휴대폰,노대물빛근린공원 골목형상점가,골목형상점가,광주광역시,,,
115e562905fdf7cbbc9e,full_annotation_v1,A,q_휴대폰_07,휴대폰 액정 수리,생활서비스 중 '휴대폰'을 판매·제공하는 매장,train,휴대폰,T5 서비스,5e3e2ab7-45f9-4ecb-b39a-cc66ae647b68,휴대폰세상,휴대폰,장천동상가,자율상권구역,전라남도,,,
e187c86aeec86838b5f2,full_annotation_v1,A,q_휴대폰_07,휴대폰 액정 수리,생활서비스 중 '휴대폰'을 판매·제공하는 매장,train,휴대폰,T5 서비스,1eb171d8-e1fd-43ec-b709-4339381cdc5d,호남카센타,자동차 수리,소촌중앙 골목형상점가,골목형상점가,광주광역시,,,
1b95cd9eea7b02902eff,full_annotation_v1,A,q_휴대폰_07,휴대폰 액정 수리,생활서비스 중 '휴대폰'을 판매·제공하는 매장,train,휴대폰,T5 서비스,0054ff4a-a422-4c7e-bfad-6d673e8ea872,악세사리하우스 2호점,휴대폰 악세사리 및 잡화,중앙로 지하상가 상점가,일반지하상점가,대전광역시,,,
8b2bcf7914dd812fb95a,full_annotation_v1,A,q_휴대폰_07,휴대폰 액정 수리,생활서비스 중 '휴대폰'을 판매·제공하는 매장,train,휴대폰,T5 서비스,2d88bf23-ba76-423b-a4bf-ca27755bea8f,삼성전자 담양대리점,,담양중앙3번가 골목형상점가,골목형상점가,전라남도,,,
81c0b1b58ae11ae86676,full_annotation_v1,A,q_휴대폰_07,휴대폰 액정 수리,생활서비스 중 '휴대폰'을 판매·제공하는 매장,train,휴대폰,T5 서비스,3f706aa8-9372-4001-83f7-2f7c39031475,아이케어 부산아이폰수리 남포동아이폰수리 센터,휴대폰 수리,남포지하도상가,일반지하상점가,부산광역시,,,
2fcbd528eaef983ca02b,full_annotation_v1,A,q_휴대폰_07,휴대폰 액정 수리,생활서비스 중 '휴대폰'을 판매·제공하는 매장,train,휴대폰,T5 서비스,8a9496be-9422-4726-a395-4c590b36a4a2,천도,휴대폰,젊음의거리 상점가,자율상권구역,울산광역시,,,
8b8684d57d1cb4b25ad0,full_annotation_v1,A,q_휴대폰_07,휴대폰 액정 수리,생활서비스 중 '휴대폰'을 판매·제공하는 매장,train,휴대폰,T5 서비스,e40d93ed-9678-429d-ac95-45c06f2a51c2,우리동네휴대폰,휴대폰,지족북로 골목형상점가,골목형상점가,대전광역시,,,
bbd1d63aecde3e52721b,full_annotation_v1,A,q_휴대폰_07,휴대폰 액정 수리,생활서비스 중 '휴대폰'을 판매·제공하는 매장,train,휴대폰,T5 서비스,8bb82cbe-8f5c-4cea-8285-d5458f027cdb,성훈대박텔레콤,휴대폰,방이시장,전통시장,서울특별시,,,
b6fd813faf77ec545962,full_annotation_v1,A,q_휴대폰_07,휴대폰 액정 수리,생활서비스 중 '휴대폰'을 판매·제공하는 매장,train,휴대폰,T5 서비스,01da8333-5f68-46b6-879b-e58722707b81,케이제이통신,휴대폰,삼각동 골목형상점가,골목형상점가,광주광역시,,,
3b57aa2aadab72947d89,full_annotation_v1,A,q_휴대폰_07,휴대폰 액정 수리,생활서비스 중 '휴대폰'을 판매·제공하는 매장,train,휴대폰,T5 서비스,d41b00f3-7ad2-49d5-9dcc-adc648f08cbe,휴대폰다모아,휴대폰,태백중앙로상점가,자율상권구역,강원특별자치도,,,
f2e47f1dbae4fb349bc7,full_annotation_v1,A,q_휴대폰_07,휴대폰 액정 수리,생활서비스 중 '휴대폰'을 판매·제공하는 매장,train,휴대폰,T5 서비스,d6d4233d-0a56-4b12-b397-be27b275311a,더블유에스(WS),,자유상가,전통시장,서울특별시,,,
e846997817a06ad31f19,full_annotation_v1,A,q_휴대폰_07,휴대폰 액정 수리,생활서비스 중 '휴대폰'을 판매·제공하는 매장,train,휴대폰,T5 서비스,13f44b34-3ccc-4002-beb8-4fc1ff0c6a0c,이브자리 기장대리점,,기장차성로,골목형상점가,부산광역시,,,
f80d9b5da0813cd4bd29,full_annotation_v1,A,q_휴대폰_07,휴대폰 액정 수리,생활서비스 중 '휴대폰'을 판매·제공하는 매장,train,휴대폰,T5 서비스,7bacae12-1746-45d0-ac84-c3c4536c9be7,월드통신,휴대폰,수원역전지하도상가,일반지하상점가,경기도,,,
23c3fddde61134b94928,full_annotation_v1,A,q_휴대폰_07,휴대폰 액정 수리,생활서비스 중 '휴대폰'을 판매·제공하는 매장,train,휴대폰,T5 서비스,ee22aaf4-b274-4d24-9b29-1f3bd8b1a8c1,버들자동차서비스,자동차 수리,유촌마을상인회 골목형상점가,골목형상점가,광주광역시,,,
b394c555e6d4250c5ed1,full_annotation_v1,A,q_휴대폰_07,휴대폰 액정 수리,생활서비스 중 '휴대폰'을 판매·제공하는 매장,train,휴대폰,T5 서비스,a2405dd0-d3f2-4727-a10d-116133deb83d,왕폰,휴대폰,임방울거리3구역 골목형상점가,골목형상점가,광주광역시,,,
96fdbf585ee29ff77617,full_annotation_v1,A,q_휴대폰_07,휴대폰 액정 수리,생활서비스 중 '휴대폰'을 판매·제공하는 매장,train,휴대폰,T5 서비스,44f5164a-6445-4130-9a43-965b08cb224f,바비&수리,일반음식,무주반딧불상권활성화구역,상권활성화구역,전북특별자치도,,,
74a0630af77347cf0e53,full_annotation_v1,A,q_휴대폰_07,휴대폰 액정 수리,생활서비스 중 '휴대폰'을 판매·제공하는 매장,train,휴대폰,T5 서비스,a480d87b-a73e-4ffb-ae3b-baf3bf37a00a,유림텔레콤,휴대폰,보람동 골목형상점가,골목형상점가,세종특별자치시,,,
121c9fe970b8063399a6,full_annotation_v1,A,q_휴대폰_07,휴대폰 액정 수리,생활서비스 중 '휴대폰'을 판매·제공하는 매장,train,휴대폰,T5 서비스,7b5d3947-498f-4814-9069-f35f4cc4e9ff,글로벌통신,휴대폰,창원 가음정시장,전통시장,경상남도,,,
b82a687178331ecc5dbc,full_annotation_v1,A,q_휴대폰_07,휴대폰 액정 수리,생활서비스 중 '휴대폰'을 판매·제공하는 매장,train,휴대폰,T5 서비스,b851e5d3-1469-4825-93bc-173f2e31fba4,아연,휴대폰,당산로 골목형상점가,골목형상점가,전북특별자치도,,,
5617381b87865a3481e0,full_annotation_v1,A,q_휴대폰_07,휴대폰 액정 수리,생활서비스 중 '휴대폰'을 판매·제공하는 매장,train,휴대폰,T5 서비스,9bb31771-8365-4d0b-a268-4b34dc3d1c63,부여휴대폰,휴대폰,부여시장,전통시장,충청남도,,,
2dc513e1b3e3ead7fbd2,full_annotation_v1,A,q_휴대폰_07,휴대폰 액정 수리,생활서비스 중 '휴대폰'을 판매·제공하는 매장,train,휴대폰,T5 서비스,593e603d-e4c5-4bb7-b598-8bae9a66ce5d,갬성카,휴대폰,조종시장,전통시장,경기도,,,
855aa22589440409bfc3,full_annotation_v1,A,q_휴대폰_07,휴대폰 액정 수리,생활서비스 중 '휴대폰'을 판매·제공하는 매장,train,휴대폰,T5 서비스,021ff0c7-6958-49f8-9f5b-b558a74ed5f8,중앙이동통신,기타통신기기판매,거제 옥포중앙시장,전통시장,경상남도,,,
896e07cb13c8638b96a6,full_annotation_v1,A,q_휴대폰_07,휴대폰 액정 수리,생활서비스 중 '휴대폰'을 판매·제공하는 매장,train,휴대폰,T5 서비스,5f8e20f1-1c37-412d-8699-cf99ba51a0e7,폰상사,휴대폰,원마루시장,전통시장,충청북도,,,
270947887269b05dfdbd,full_annotation_v1,A,q_휴대폰_07,휴대폰 액정 수리,생활서비스 중 '휴대폰'을 판매·제공하는 매장,train,휴대폰,T5 서비스,20e3bd17-9aa3-4889-a514-a4ccfd59c884,윤순영패션,의류,누웨마루거리상점가,자율상권구역,제주특별자치도,,,
daea88cc2cab04583689,full_annotation_v1,A,q_휴대폰_07,휴대폰 액정 수리,생활서비스 중 '휴대폰'을 판매·제공하는 매장,train,휴대폰,T5 서비스,cec1d6b5-6fec-4c30-805d-b45e8c319941,에스엠휴대폰,휴대폰,말바우시장,전통시장,광주광역시,,,
06701f07cf397e894afa,full_annotation_v1,A,q_휴대폰_07,휴대폰 액정 수리,생활서비스 중 '휴대폰'을 판매·제공하는 매장,train,휴대폰,T5 서비스,2cb66846-6224-4458-9343-8bf07051a0af,휴대폰 나라,휴대폰 판매,부안석정 골목형상점가,골목형상점가,전북특별자치도,,,
f9d3cfb62b9baea8835c,full_annotation_v1,A,q_휴대폰_07,휴대폰 액정 수리,생활서비스 중 '휴대폰'을 판매·제공하는 매장,train,휴대폰,T5 서비스,ce83e99b-726d-4b2f-8c24-6f66133ff14a,백산공방,수리,동오마을골목형상점가,골목형상점가,경기도,,,
c7e63137bfc050eaee0f,full_annotation_v1,A,q_휴대폰_07,휴대폰 액정 수리,생활서비스 중 '휴대폰'을 판매·제공하는 매장,train,휴대폰,T5 서비스,d45efd1c-28de-4e2e-8b1d-a485ead2275d,오토카센타,자동차 수리,연제주공 골목형상점가,골목형상점가,광주광역시,,,
47005cf7aea20dfd7869,full_annotation_v1,A,q_휴대폰_07,휴대폰 액정 수리,생활서비스 중 '휴대폰'을 판매·제공하는 매장,train,휴대폰,T5 서비스,02c3dcdc-1c49-416a-bf70-7592d1fa297c,광주휴대폰성지 다온모바일 본점,유무선통신 휴대폰컴퓨터악세사리핸드폰중고폰인터넷,월빛 골목형상점가,골목형상점가,광주광역시,,,
7f01211582c1fd6913af,full_annotation_v1,A,q_휴대폰_07,휴대폰 액정 수리,생활서비스 중 '휴대폰'을 판매·제공하는 매장,train,휴대폰,T5 서비스,02aa3a9c-ec76-42b0-bdec-780ae1250ada,대화SK텔레콤,휴대폰대리점,대화전통시장,전통시장,강원특별자치도,,,
d2765ff2b4d02013bbf7,full_annotation_v1,A,q_휴대폰_07,휴대폰 액정 수리,생활서비스 중 '휴대폰'을 판매·제공하는 매장,train,휴대폰,T5 서비스,38969e23-fd56-4086-a3a0-aea96f59bfbb,도마상점,"액세서리, 잡화",도마큰시장,전통시장,대전광역시,,,
d7bbc5b65342bfb649f1,full_annotation_v1,A,q_휴대폰_07,휴대폰 액정 수리,생활서비스 중 '휴대폰'을 판매·제공하는 매장,train,휴대폰,T5 서비스,0171502a-5542-4be2-9bac-cf21e4692a6c,폰아울렛,통신기기,염주골상인회 골목형상점가,골목형상점가,광주광역시,,,
6dfbe6a1ce869bf71f21,full_annotation_v1,A,q_휴대폰_07,휴대폰 액정 수리,생활서비스 중 '휴대폰'을 판매·제공하는 매장,train,휴대폰,T5 서비스,b5f3e208-4195-4d37-a3a0-07fed64f16f9,장인통신,휴대폰,스펙트럼시티 골목형상점가,골목형상점가,대구광역시,,,
a9611e91f30c78a25d86,full_annotation_v1,A,q_휴대폰_07,휴대폰 액정 수리,생활서비스 중 '휴대폰'을 판매·제공하는 매장,train,휴대폰,T5 서비스,c480d8de-7fe1-4600-976e-f108841a6e49,제이텔레콤,휴대폰,의정부역지하상가,일반지하상점가,경기도,,,
0208d95de7ec1981edd2,full_annotation_v1,A,q_휴대폰_07,휴대폰 액정 수리,생활서비스 중 '휴대폰'을 판매·제공하는 매장,train,휴대폰,T5 서비스,01c84e06-31c1-4487-8c92-fe68a3cd3cb1,바이셀폰 김천점,휴대폰,평화로상가,자율상권구역,경상북도,,,
3cf6a38f0e1735f063af,full_annotation_v1,A,q_휴대폰_07,휴대폰 액정 수리,생활서비스 중 '휴대폰'을 판매·제공하는 매장,train,휴대폰,T5 서비스,03f91965-4a3d-4599-b049-e6c686a1df49,컴퓨터할인매장AS,컴퓨터 수리,오치1동 골목형상점가,골목형상점가,광주광역시,,,
01c958c4038937524924,full_annotation_v1,A,q_휴대폰_07,휴대폰 액정 수리,생활서비스 중 '휴대폰'을 판매·제공하는 매장,train,휴대폰,T5 서비스,34e84162-44fa-4041-822a-404252fdd219,나주 아이폰수리 폰수리,"휴대폰, 테블릿 수리",빛가람 로데오 골목형상점가,골목형상점가,전라남도,,,
2f2340c9146b1ead6396,full_annotation_v1,A,q_휴대폰_07,휴대폰 액정 수리,생활서비스 중 '휴대폰'을 판매·제공하는 매장,train,휴대폰,T5 서비스,a06cb5eb-3ad7-4156-8f09-2e4177b0c682,디스터디 영어교습소,영어,나릿재마크원 골목형상점가,골목형상점가,세종특별자치시,,,
80be8613d2e165588b16,full_annotation_v1,A,q_휴대폰_07,휴대폰 액정 수리,생활서비스 중 '휴대폰'을 판매·제공하는 매장,train,휴대폰,T5 서비스,2f6a80c1-d0c6-408d-9107-f9ad1996023b,라인카서비스,자동차 수리,남구 용대로 골목형상점가,골목형상점가,광주광역시,,,
114836b37439743fb699,full_annotation_v1,A,q_휴대폰_07,휴대폰 액정 수리,생활서비스 중 '휴대폰'을 판매·제공하는 매장,train,휴대폰,T5 서비스,8b22e5ff-243b-4867-a9af-e2886f7a88bf,유림텔레콤,휴대폰,나성중앙 골목형상점가,골목형상점가,세종특별자치시,,,
c8dc6740da5cc92b6c76,full_annotation_v1,A,q_휴대폰_07,휴대폰 액정 수리,생활서비스 중 '휴대폰'을 판매·제공하는 매장,train,휴대폰,T5 서비스,a3d7f728-c6d6-48c9-8b93-a27293780279,뉴캐스트엔커,휴대폰,고서 골목형상점가,골목형상점가,전라남도,,,
e7397f5ba6b27c3eb2a4,full_annotation_v1,A,q_휴대폰_07,휴대폰 액정 수리,생활서비스 중 '휴대폰'을 판매·제공하는 매장,train,휴대폰,T5 서비스,da8a2519-1ade-41e1-aea8-5afdcdc3c26f,성광철물,철물,산업용재관,전통시장,대구광역시,,,
50497aa9221b363c866d,full_annotation_v1,A,q_휴대폰_07,휴대폰 액정 수리,생활서비스 중 '휴대폰'을 판매·제공하는 매장,train,휴대폰,T5 서비스,379e44f1-b021-4ee2-bab8-0a1f3094db97,휴대폰천국,휴대폰,서천읍 군사리 골목형상점가,골목형상점가,충청남도,,,
d83502ed604c1c538e0c,full_annotation_v1,A,q_휴대폰_07,휴대폰 액정 수리,생활서비스 중 '휴대폰'을 판매·제공하는 매장,train,휴대폰,T5 서비스,15a78f35-8318-4816-af73-7ed3b8071255,폰뱅크,핸드폰,이충 중심상가,골목형상점가,경기도,,,
9c9a1bab021c5d4d41d0,full_annotation_v1,A,q_휴대폰_07,휴대폰 액정 수리,생활서비스 중 '휴대폰'을 판매·제공하는 매장,train,휴대폰,T5 서비스,010cd15e-5c90-4755-af93-74b17ec99bf3,오빠통신,휴대폰,중흥 골목형상점가,골목형상점가,부산광역시,,,
c708a4c2f69bfa7f9f99,full_annotation_v1,A,q_휴대폰_07,휴대폰 액정 수리,생활서비스 중 '휴대폰'을 판매·제공하는 매장,train,휴대폰,T5 서비스,254a40eb-99dc-470a-9e26-02b54a146a42,엠케이-베드(MK-BED),"도, 소매업(대리점가구)도매(무역업)",가구거리상점가,자율상권구역,경기도,,,
35ebea8af773cea6bcaa,full_annotation_v1,A,q_휴대폰_07,휴대폰 액정 수리,생활서비스 중 '휴대폰'을 판매·제공하는 매장,train,휴대폰,T5 서비스,df9100b3-2b94-4bf2-88d5-ee5f22961277,휴대폰 성지,휴대폰,맑은샘 골목형상점가,골목형상점가,울산광역시,,,
9289ea3b3c8b3193a031,full_annotation_v1,A,q_휴대폰_07,휴대폰 액정 수리,생활서비스 중 '휴대폰'을 판매·제공하는 매장,train,휴대폰,T5 서비스,0043ff4d-b3a5-4bc7-a567-5292e5c15a70,다온텔레콤,"휴대폰, 악세사리",전방의거리 골목형상점가,골목형상점가,인천광역시,,,
814d3d20586bde18e568,full_annotation_v1,A,q_휴대폰_07,휴대폰 액정 수리,생활서비스 중 '휴대폰'을 판매·제공하는 매장,train,휴대폰,T5 서비스,5960e76d-2be8-494c-8177-2af389795a84,압구정,구두 수리,신내구길 골목형상점가,골목형상점가,서울특별시,,,
3fb50c440f59a7339b8e,full_annotation_v1,A,q_휴대폰_07,휴대폰 액정 수리,생활서비스 중 '휴대폰'을 판매·제공하는 매장,train,휴대폰,T5 서비스,4a56c653-14b7-4de4-b2dc-ab97ec6a3f92,수호,휴대폰,의정부역지하상가,일반지하상점가,경기도,,,
380d8f7d0603c71bf695,full_annotation_v1,A,q_휴대폰_07,휴대폰 액정 수리,생활서비스 중 '휴대폰'을 판매·제공하는 매장,train,휴대폰,T5 서비스,775e6ee7-2bba-4332-a545-1ba99dc57696,점핑스토리,점핑운동,우산동상인회 골목형상점가,골목형상점가,광주광역시,,,
36cfb8deb368add4c9ff,full_annotation_v1,A,q_휴대폰_07,휴대폰 액정 수리,생활서비스 중 '휴대폰'을 판매·제공하는 매장,train,휴대폰,T5 서비스,65019e23-1b44-4a35-8736-14b215d155f2,휴대폰젤싼집,휴대폰,영주문화시장,전통시장,경상북도,,,
90d9a6cd4c3fc13d5d45,full_annotation_v1,A,q_휴대폰_07,휴대폰 액정 수리,생활서비스 중 '휴대폰'을 판매·제공하는 매장,train,휴대폰,T5 서비스,b7265998-cb3f-4434-bfe0-625d7f5d670d,이륙자동차공업사,자동차 수리,매곡 사랑길 골목형상점가,골목형상점가,광주광역시,,,
af0f2187dd9af6f052df,full_annotation_v1,A,q_휴대폰_07,휴대폰 액정 수리,생활서비스 중 '휴대폰'을 판매·제공하는 매장,train,휴대폰,T5 서비스,6dd19251-5fb1-4181-9db5-a872ca55b9e6,미친폰,휴대폰,스펙트럼시티 골목형상점가,골목형상점가,대구광역시,,,
651153a4b29ec4a5b0f9,full_annotation_v1,A,q_휴대폰_07,휴대폰 액정 수리,생활서비스 중 '휴대폰'을 판매·제공하는 매장,train,휴대폰,T5 서비스,ce2e1f69-e555-49f8-9b7e-2c23e8483012,원픽시스템,컴퓨터및주변기기,진주 동성상가,전통시장,경상남도,,,
2e4d1d607cb58cc57a0e,full_annotation_v1,A,q_휴대폰_07,휴대폰 액정 수리,생활서비스 중 '휴대폰'을 판매·제공하는 매장,train,휴대폰,T5 서비스,0996a85d-cef3-4250-b3be-83c93e0786c6,착한수리 애플마스터 구미아이폰수리센터,휴대폰 수리,구미역중앙 골목형상점가,골목형상점가,경상북도,,,
9e394311036fdfc06796,full_annotation_v1,A,q_휴대폰_07,휴대폰 액정 수리,생활서비스 중 '휴대폰'을 판매·제공하는 매장,train,휴대폰,T5 서비스,02f246ab-fc2d-4121-9888-5e5c1f2f0cc7,행운모바일,핸드폰,학운 골목형상점가,골목형상점가,광주광역시,,,
e1613d4f1f9818506491,full_annotation_v1,A,q_휴대폰_07,휴대폰 액정 수리,생활서비스 중 '휴대폰'을 판매·제공하는 매장,train,휴대폰,T5 서비스,20318375-be16-42f2-b633-219bf0ce7810,애니콜통신,휴대폰,해남읍 원도심 상권활성화구역,상권활성화구역,전라남도,,,
5d8c6fb1a9d132236e12,full_annotation_v1,A,q_휴대폰_07,휴대폰 액정 수리,생활서비스 중 '휴대폰'을 판매·제공하는 매장,train,휴대폰,T5 서비스,54a5e7f4-29d4-4b8a-bae9-c6a51cef12d9,다윗통신,휴대폰,면곡시장 골목형상점가,골목형상점가,서울특별시,,,
567c5a283a48ac82905d,full_annotation_v1,A,q_휴대폰_07,휴대폰 액정 수리,생활서비스 중 '휴대폰'을 판매·제공하는 매장,train,휴대폰,T5 서비스,8d4d6234-70fc-45bf-92c6-fe510537d7a0,바른텔레콤,휴대폰,의정부역지하상가,일반지하상점가,경기도,,,
d146fc4e07f036510c5d,full_annotation_v1,A,q_휴대폰_07,휴대폰 액정 수리,생활서비스 중 '휴대폰'을 판매·제공하는 매장,train,휴대폰,T5 서비스,eea6e4ae-4dc4-40b1-8e2d-af3c13524458,사과텔레콤,휴대폰,원주자유시장,전통시장,강원특별자치도,,,
d40ee0426da34d33dd1a,full_annotation_v1,A,q_휴대폰_07,휴대폰 액정 수리,생활서비스 중 '휴대폰'을 판매·제공하는 매장,train,휴대폰,T5 서비스,c6bc902e-f62d-4b9e-b149-3933841ea8df,대학당약국,의약품 및 건강기능 식품,진주 논개시장,전통시장,경상남도,,,
4900e45f6eba322fb945,full_annotation_v1,A,q_휴대폰_07,휴대폰 액정 수리,생활서비스 중 '휴대폰'을 판매·제공하는 매장,train,휴대폰,T5 서비스,c44d62a7-894b-483d-a5e8-5981d338fd8c,휴대폰나라,휴대폰,사거리온누리 골목형상점가,골목형상점가,충청남도,,,
0ee0701eca8cb6f3e509,full_annotation_v1,A,q_휴대폰_07,휴대폰 액정 수리,생활서비스 중 '휴대폰'을 판매·제공하는 매장,train,휴대폰,T5 서비스,5ff0b54f-941c-42a2-ada1-8cc626fe6b5a,리광사,,고덕골목형상점가,골목형상점가,서울특별시,,,
bd39290e11ff9765763a,full_annotation_v1,A,q_휴대폰_07,휴대폰 액정 수리,생활서비스 중 '휴대폰'을 판매·제공하는 매장,train,휴대폰,T5 서비스,fd8acaa3-04ee-4cbf-8785-19a053efda83,종합통신,휴대폰,담양중앙 골목형상점가,골목형상점가,전라남도,,,
faf035cae4242da6d934,full_annotation_v1,A,q_휴대폰_07,휴대폰 액정 수리,생활서비스 중 '휴대폰'을 판매·제공하는 매장,train,휴대폰,T5 서비스,26056ef5-9fa7-4053-88e9-bc8efe5639c0,고서카센터,자동차 수리,고서 골목형상점가,골목형상점가,전라남도,,,
3f5978cba287476f8069,full_annotation_v1,A,q_휴대폰_07,휴대폰 액정 수리,생활서비스 중 '휴대폰'을 판매·제공하는 매장,train,휴대폰,T5 서비스,606f2301-566c-42c7-a000-bf63dc64b0d5,이니스프리,휴대폰,풍암벚꽃길상인회 골목형상점가,골목형상점가,광주광역시,,,
6ead711fd7a7f8bc7516,full_annotation_v1,A,q_휴대폰_07,휴대폰 액정 수리,생활서비스 중 '휴대폰'을 판매·제공하는 매장,train,휴대폰,T5 서비스,ee55d57e-3007-4c7f-ad21-c911a89437bd,한빛이동통신,휴대폰,둔산3동상점가,자율상권구역,대전광역시,,,
9bf7c6d0183449103529,full_annotation_v1,A,q_휴대폰_07,휴대폰 액정 수리,생활서비스 중 '휴대폰'을 판매·제공하는 매장,train,휴대폰,T5 서비스,25243127-3ba5-4c2c-b8dd-7f5fe0978b28,코코텔레콤,휴대폰 및 휴대폰 액세서리,창원 정우상가,자율상권구역,경상남도,,,
63ad3854e63e96c8b428,full_annotation_v1,A,q_휴대폰_07,휴대폰 액정 수리,생활서비스 중 '휴대폰'을 판매·제공하는 매장,train,휴대폰,T5 서비스,6a2018c0-a988-45b1-80f5-1914be388d4a,열평집밥,한식,상무중앙상인회 골목형상점가,골목형상점가,광주광역시,,,
e42ba50d3903103dbb67,full_annotation_v1,A,q_휴대폰_07,휴대폰 액정 수리,생활서비스 중 '휴대폰'을 판매·제공하는 매장,train,휴대폰,T5 서비스,db016895-5f44-4ba8-a124-668a882ba02c,백제오토바이상사,수리,우산동빛고을 골목형상점가,골목형상점가,광주광역시,,,
45aa543ae3dcfa331971,full_annotation_v1,A,q_휴대폰_07,휴대폰 액정 수리,생활서비스 중 '휴대폰'을 판매·제공하는 매장,train,휴대폰,T5 서비스,d4f5dfc2-7b6b-461a-8311-413674c11506,폰마트통신,휴대폰,서정리시장(서정시장),전통시장,경기도,,,
b0829f78596c03bf5c71,full_annotation_v1,A,q_휴대폰_07,휴대폰 액정 수리,생활서비스 중 '휴대폰'을 판매·제공하는 매장,train,휴대폰,T5 서비스,545b13a8-8413-4d69-b8a7-7f655c21fef4,아티스트,휴대폰,유성시장 골목형상점가,골목형상점가,대전광역시,,,
620da8f1edf46f8b9d31,full_annotation_v1,A,q_휴대폰_07,휴대폰 액정 수리,생활서비스 중 '휴대폰'을 판매·제공하는 매장,train,휴대폰,T5 서비스,d1a4d7f9-1d83-4ecc-81f9-2770ff16448f,화사루,중식,염주먹자골목A구역상인회 골목형상점가,골목형상점가,광주광역시,,,
97a977b086443e44963c,full_annotation_v1,A,q_휴대폰_07,휴대폰 액정 수리,생활서비스 중 '휴대폰'을 판매·제공하는 매장,train,휴대폰,T5 서비스,e0a00984-95f5-49e0-878f-7bd5e5f29387,폰카페,휴대폰,광탄전통시장,전통시장,경기도,,,
0a253619584db91dbf63,full_annotation_v1,A,q_휴대폰_07,휴대폰 액정 수리,생활서비스 중 '휴대폰'을 판매·제공하는 매장,train,휴대폰,T5 서비스,7b7adaf1-72c5-4876-af1f-1bdb323a1aaa,광주아이폰수리센터 아이티360(송정점),휴대폰 수리,송정역 골목형상점가,골목형상점가,광주광역시,,,
bb9465827d92323fdd4a,full_annotation_v1,A,q_휴대폰_07,휴대폰 액정 수리,생활서비스 중 '휴대폰'을 판매·제공하는 매장,train,휴대폰,T5 서비스,a4b7b39a-cf69-4e8d-827f-c12c5de7cc43,폰까페,휴대폰,위드수암 골목형상점가,골목형상점가,울산광역시,,,
fff2eea2472988cd66e1,full_annotation_v1,A,q_휴대폰_08,휴대폰추천,생활서비스 중 '휴대폰'을 판매·제공하는 매장,train,휴대폰,T6 기계변형,2d88bf23-ba76-423b-a4bf-ca27755bea8f,삼성전자 담양대리점,,담양중앙3번가 골목형상점가,골목형상점가,전라남도,,,
c8204ddc60975b6ff27c,full_annotation_v1,A,q_휴대폰_08,휴대폰추천,생활서비스 중 '휴대폰'을 판매·제공하는 매장,train,휴대폰,T6 기계변형,180da056-fedf-458c-80b0-2f815c5b3c50,엠엘비영주대리점,,영주문화시장,전통시장,경상북도,,,
5c6b325273cda2f99b5b,full_annotation_v1,A,q_휴대폰_08,휴대폰추천,생활서비스 중 '휴대폰'을 판매·제공하는 매장,train,휴대폰,T6 기계변형,02f246ab-fc2d-4121-9888-5e5c1f2f0cc7,행운모바일,핸드폰,학운 골목형상점가,골목형상점가,광주광역시,,,
52d5fd59c7f790563410,full_annotation_v1,A,q_휴대폰_08,휴대폰추천,생활서비스 중 '휴대폰'을 판매·제공하는 매장,train,휴대폰,T6 기계변형,64e2eac3-c5b1-4403-861c-ee313f4caf83,휴대폰스토리,,직산읍삼은1번가골목형상점가,골목형상점가,충청남도,,,
f813d0082f765a9573c0,full_annotation_v1,A,q_휴대폰_08,휴대폰추천,생활서비스 중 '휴대폰'을 판매·제공하는 매장,train,휴대폰,T6 기계변형,1bd90887-54d7-43d5-8026-dd892a836519,휴대폰명가,,장기동 먹거리상가 골목형상점가,골목형상점가,대구광역시,,,
a1473e0459b100ccad25,full_annotation_v1,A,q_휴대폰_08,휴대폰추천,생활서비스 중 '휴대폰'을 판매·제공하는 매장,train,휴대폰,T6 기계변형,5f8e20f1-1c37-412d-8699-cf99ba51a0e7,폰상사,휴대폰,원마루시장,전통시장,충청북도,,,
6b119c4d1928610b0559,full_annotation_v1,A,q_휴대폰_08,휴대폰추천,생활서비스 중 '휴대폰'을 판매·제공하는 매장,train,휴대폰,T6 기계변형,01c84e06-31c1-4487-8c92-fe68a3cd3cb1,바이셀폰 김천점,휴대폰,평화로상가,자율상권구역,경상북도,,,
3529b90594e9716f9c17,full_annotation_v1,A,q_휴대폰_08,휴대폰추천,생활서비스 중 '휴대폰'을 판매·제공하는 매장,train,휴대폰,T6 기계변형,93ff46e3-7df4-4e43-9ecd-5a6237783171,사랑해 베이글,베이글 커피 음료,대인제봉 골목형상점가,골목형상점가,광주광역시,,,
b56a0b99f75475423d1d,full_annotation_v1,A,q_휴대폰_08,휴대폰추천,생활서비스 중 '휴대폰'을 판매·제공하는 매장,train,휴대폰,T6 기계변형,68a09042-8eb6-45a4-b1c6-e3705c54ba1c,휴대폰명가,휴대폰,천리단길골목형상점가,골목형상점가,서울특별시,,,
d5ee6ba50cf3e9c2b7a6,full_annotation_v1,A,q_휴대폰_08,휴대폰추천,생활서비스 중 '휴대폰'을 판매·제공하는 매장,train,휴대폰,T6 기계변형,01da8333-5f68-46b6-879b-e58722707b81,케이제이통신,휴대폰,삼각동 골목형상점가,골목형상점가,광주광역시,,,
ea3ac4065120c241e7ff,full_annotation_v1,A,q_휴대폰_08,휴대폰추천,생활서비스 중 '휴대폰'을 판매·제공하는 매장,train,휴대폰,T6 기계변형,963abe88-d690-4aa9-86e9-320bdd6cd117,광텔,휴대폰,봉선중길 골목형상점가,골목형상점가,광주광역시,,,
fd0b08b6f9b02c7a843e,full_annotation_v1,A,q_휴대폰_08,휴대폰추천,생활서비스 중 '휴대폰'을 판매·제공하는 매장,train,휴대폰,T6 기계변형,8b5e97b9-ff5a-464f-9cbf-f17e40adb773,청기와24시감자탕,한식,남양역골로상점가,골목형상점가,경기도,,,
9aa4255680c7110ef1f8,full_annotation_v1,A,q_휴대폰_08,휴대폰추천,생활서비스 중 '휴대폰'을 판매·제공하는 매장,train,휴대폰,T6 기계변형,795161de-289e-4bd2-8c15-b094c4c2af70,휴대폰1번가,휴대폰,여수진남상가,자율상권구역,전라남도,,,
a835ebd4a9e6e0830d45,full_annotation_v1,A,q_휴대폰_08,휴대폰추천,생활서비스 중 '휴대폰'을 판매·제공하는 매장,train,휴대폰,T6 기계변형,0171502a-5542-4be2-9bac-cf21e4692a6c,폰아울렛,통신기기,염주골상인회 골목형상점가,골목형상점가,광주광역시,,,
6a70dfed3d5d8b207a0b,full_annotation_v1,A,q_휴대폰_08,휴대폰추천,생활서비스 중 '휴대폰'을 판매·제공하는 매장,train,휴대폰,T6 기계변형,128ead88-cce4-494e-bbe8-585fb91fcab2,24시노아동물메디컬센터,동물병원,계림동 건축자재의거리 골목형상점가,골목형상점가,광주광역시,,,
5033f5c3949b6f848ef4,full_annotation_v1,A,q_휴대폰_08,휴대폰추천,생활서비스 중 '휴대폰'을 판매·제공하는 매장,train,휴대폰,T6 기계변형,2cb66846-6224-4458-9343-8bf07051a0af,휴대폰 나라,휴대폰 판매,부안석정 골목형상점가,골목형상점가,전북특별자치도,,,
9c0fc8ce9a306faabc6d,full_annotation_v1,A,q_휴대폰_08,휴대폰추천,생활서비스 중 '휴대폰'을 판매·제공하는 매장,train,휴대폰,T6 기계변형,968edcca-3566-47bc-9dd8-e359fcfa930f,휴대폰 아울렛,휴대폰,우산행복주택,골목형상점가,광주광역시,,,
eef91b1f4cb56751d744,full_annotation_v1,A,q_휴대폰_08,휴대폰추천,생활서비스 중 '휴대폰'을 판매·제공하는 매장,train,휴대폰,T6 기계변형,7b697552-c1e4-4a7e-a705-93fff526fa0a,착한휴대폰,휴대폰,갈마프라자 골목형상점가,골목형상점가,대전광역시,,,
1b46e64b022ee91278ce,full_annotation_v1,A,q_휴대폰_08,휴대폰추천,생활서비스 중 '휴대폰'을 판매·제공하는 매장,train,휴대폰,T6 기계변형,4a56c653-14b7-4de4-b2dc-ab97ec6a3f92,수호,휴대폰,의정부역지하상가,일반지하상점가,경기도,,,
707dd056452c2dadac16,full_annotation_v1,A,q_휴대폰_08,휴대폰추천,생활서비스 중 '휴대폰'을 판매·제공하는 매장,train,휴대폰,T6 기계변형,13f44b34-3ccc-4002-beb8-4fc1ff0c6a0c,이브자리 기장대리점,,기장차성로,골목형상점가,부산광역시,,,
96f2f655233b1e9ff530,full_annotation_v1,A,q_휴대폰_08,휴대폰추천,생활서비스 중 '휴대폰'을 판매·제공하는 매장,train,휴대폰,T6 기계변형,0568d65b-5cb4-47a0-9c3d-baa982b5a453,펀통신,휴대폰,봉덕신시장,전통시장,대구광역시,,,
2b5b37b4fbe9218ed607,full_annotation_v1,A,q_휴대폰_08,휴대폰추천,생활서비스 중 '휴대폰'을 판매·제공하는 매장,train,휴대폰,T6 기계변형,350add31-77c9-4ddf-8ecf-17593d76dca8,해피1000,생활용품,양림동 골목형상점가,골목형상점가,광주광역시,,,
3973095c0d38406fc253,full_annotation_v1,A,q_휴대폰_08,휴대폰추천,생활서비스 중 '휴대폰'을 판매·제공하는 매장,train,휴대폰,T6 기계변형,cec1d6b5-6fec-4c30-805d-b45e8c319941,에스엠휴대폰,휴대폰,말바우시장,전통시장,광주광역시,,,
8aa538e0500c494a3850,full_annotation_v1,A,q_휴대폰_08,휴대폰추천,생활서비스 중 '휴대폰'을 판매·제공하는 매장,train,휴대폰,T6 기계변형,543036b6-df82-44a1-9c32-d03fff814a6d,브레드칸베이커리,제과점,여주한글시장(여주중앙로상점가),전통시장,경기도,,,
5da5feddbfb0eb71a2c6,full_annotation_v1,A,q_휴대폰_08,휴대폰추천,생활서비스 중 '휴대폰'을 판매·제공하는 매장,train,휴대폰,T6 기계변형,379e44f1-b021-4ee2-bab8-0a1f3094db97,휴대폰천국,휴대폰,서천읍 군사리 골목형상점가,골목형상점가,충청남도,,,
8e08b6b6cc889d40cf03,full_annotation_v1,A,q_휴대폰_08,휴대폰추천,생활서비스 중 '휴대폰'을 판매·제공하는 매장,train,휴대폰,T6 기계변형,9bb31771-8365-4d0b-a268-4b34dc3d1c63,부여휴대폰,휴대폰,부여시장,전통시장,충청남도,,,
7bd0bb2a0882bada2010,full_annotation_v1,A,q_휴대폰_08,휴대폰추천,생활서비스 중 '휴대폰'을 판매·제공하는 매장,train,휴대폰,T6 기계변형,593e603d-e4c5-4bb7-b598-8bae9a66ce5d,갬성카,휴대폰,조종시장,전통시장,경기도,,,
5e477d3dae9a035bdf7e,full_annotation_v1,A,q_휴대폰_08,휴대폰추천,생활서비스 중 '휴대폰'을 판매·제공하는 매장,train,휴대폰,T6 기계변형,0043ff4d-b3a5-4bc7-a567-5292e5c15a70,다온텔레콤,"휴대폰, 악세사리",전방의거리 골목형상점가,골목형상점가,인천광역시,,,
ba5f0369065d3f09ca2c,full_annotation_v1,A,q_휴대폰_08,휴대폰추천,생활서비스 중 '휴대폰'을 판매·제공하는 매장,train,휴대폰,T6 기계변형,8fac88d8-6600-4c2b-8bbc-3eaed8328f2c,착한휴대폰,휴대폰통신,달서로행복 골목형상점가,골목형상점가,대구광역시,,,
77d8c32f62985ce132eb,full_annotation_v1,A,q_휴대폰_08,휴대폰추천,생활서비스 중 '휴대폰'을 판매·제공하는 매장,train,휴대폰,T6 기계변형,f6195126-c8c4-4475-8776-957258526804,지윤이네야채,야채(도매),영일시장,전통시장,서울특별시,,,
894c1f0b8b29d7aece44,full_annotation_v1,A,q_휴대폰_08,휴대폰추천,생활서비스 중 '휴대폰'을 판매·제공하는 매장,train,휴대폰,T6 기계변형,31d4cdd5-7739-4fbd-86e9-ed646d78dea8,다폰천곡,휴대폰,맑은샘 골목형상점가,골목형상점가,울산광역시,,,
e713aeed77ed2b796363,full_annotation_v1,A,q_휴대폰_08,휴대폰추천,생활서비스 중 '휴대폰'을 판매·제공하는 매장,train,휴대폰,T6 기계변형,f73f000b-2ecb-4b42-bfd5-a3372c457767,무등축산직판장,축산물,월산먹자골목 골목형상점가,골목형상점가,광주광역시,,,
7f12cf87a850d0dac0b2,full_annotation_v1,A,q_휴대폰_08,휴대폰추천,생활서비스 중 '휴대폰'을 판매·제공하는 매장,train,휴대폰,T6 기계변형,0414b554-68f3-49d0-9548-f4c4d494f142,휴먼텔레콤,핸드폰,안양일번가 지하쇼핑몰,일반지하상점가,경기도,,,
54b095f45607891ac0b4,full_annotation_v1,A,q_휴대폰_08,휴대폰추천,생활서비스 중 '휴대폰'을 판매·제공하는 매장,train,휴대폰,T6 기계변형,df9100b3-2b94-4bf2-88d5-ee5f22961277,휴대폰 성지,휴대폰,맑은샘 골목형상점가,골목형상점가,울산광역시,,,
2924e7cf939dee3d1146,full_annotation_v1,A,q_휴대폰_08,휴대폰추천,생활서비스 중 '휴대폰'을 판매·제공하는 매장,train,휴대폰,T6 기계변형,1b8d339e-7478-4c12-8727-d2bc3b54d968,포식 구리갈매점,쌀국수,갈매광장 골목형상점가,골목형상점가,경기도,,,
841dbbeb2e593d3930ff,full_annotation_v1,A,q_휴대폰_08,휴대폰추천,생활서비스 중 '휴대폰'을 판매·제공하는 매장,train,휴대폰,T6 기계변형,00777631-0a51-44c5-b53f-b527a11fb1db,예스통신,휴대폰,주천골목형상점가,골목형상점가,강원특별자치도,,,
f0c2b4276d0c0c18a5b8,full_annotation_v1,A,q_휴대폰_08,휴대폰추천,생활서비스 중 '휴대폰'을 판매·제공하는 매장,train,휴대폰,T6 기계변형,5e3e2ab7-45f9-4ecb-b39a-cc66ae647b68,휴대폰세상,휴대폰,장천동상가,자율상권구역,전라남도,,,
cbecab38cf19299aa370,full_annotation_v1,A,q_휴대폰_08,휴대폰추천,생활서비스 중 '휴대폰'을 판매·제공하는 매장,train,휴대폰,T6 기계변형,15a78f35-8318-4816-af73-7ed3b8071255,폰뱅크,핸드폰,이충 중심상가,골목형상점가,경기도,,,
2cb02b1a76965e173902,full_annotation_v1,A,q_휴대폰_08,휴대폰추천,생활서비스 중 '휴대폰'을 판매·제공하는 매장,train,휴대폰,T6 기계변형,02c3dcdc-1c49-416a-bf70-7592d1fa297c,광주휴대폰성지 다온모바일 본점,유무선통신 휴대폰컴퓨터악세사리핸드폰중고폰인터넷,월빛 골목형상점가,골목형상점가,광주광역시,,,
a03e5559c844d58b0d20,full_annotation_v1,A,q_휴대폰_08,휴대폰추천,생활서비스 중 '휴대폰'을 판매·제공하는 매장,train,휴대폰,T6 기계변형,02fe10a4-4545-464e-a4cd-db9195d6efac,화성해결사(넥시오테크),"핸드폰, 컴퓨터",병점중심상가,자율상권구역,경기도,,,
622b257197efaf6eddab,full_annotation_v1,A,q_휴대폰_08,휴대폰추천,생활서비스 중 '휴대폰'을 판매·제공하는 매장,train,휴대폰,T6 기계변형,a4b7b39a-cf69-4e8d-827f-c12c5de7cc43,폰까페,휴대폰,위드수암 골목형상점가,골목형상점가,울산광역시,,,
fd8923e4c04165219b81,full_annotation_v1,A,q_휴대폰_08,휴대폰추천,생활서비스 중 '휴대폰'을 판매·제공하는 매장,train,휴대폰,T6 기계변형,d20f447b-bfd1-4715-b0e8-5a9e753e4129,휴대폰아울렛,휴대폰,음성시장,전통시장,충청북도,,,
bc5dcc465f6b793216b6,full_annotation_v1,A,q_휴대폰_08,휴대폰추천,생활서비스 중 '휴대폰'을 판매·제공하는 매장,train,휴대폰,T6 기계변형,021ff0c7-6958-49f8-9f5b-b558a74ed5f8,중앙이동통신,기타통신기기판매,거제 옥포중앙시장,전통시장,경상남도,,,
76239ffe21b13a99b58c,full_annotation_v1,A,q_휴대폰_08,휴대폰추천,생활서비스 중 '휴대폰'을 판매·제공하는 매장,train,휴대폰,T6 기계변형,69f53a98-8202-4c00-ab7b-1d52e8299dc6,공짜세상,휴대폰,순천연향패션상가,자율상권구역,전라남도,,,
d4b2e7204f111b751512,full_annotation_v1,A,q_휴대폰_08,휴대폰추천,생활서비스 중 '휴대폰'을 판매·제공하는 매장,train,휴대폰,T6 기계변형,c44d62a7-894b-483d-a5e8-5981d338fd8c,휴대폰나라,휴대폰,사거리온누리 골목형상점가,골목형상점가,충청남도,,,
7c9c797039431c50c1dd,full_annotation_v1,A,q_휴대폰_08,휴대폰추천,생활서비스 중 '휴대폰'을 판매·제공하는 매장,train,휴대폰,T6 기계변형,0054ff4a-a422-4c7e-bfad-6d673e8ea872,악세사리하우스 2호점,휴대폰 악세사리 및 잡화,중앙로 지하상가 상점가,일반지하상점가,대전광역시,,,
83a0e8b8d6bc23ddb644,full_annotation_v1,A,q_휴대폰_08,휴대폰추천,생활서비스 중 '휴대폰'을 판매·제공하는 매장,train,휴대폰,T6 기계변형,f0aa53ac-07a2-4b8b-bf99-a64a7928d7df,명가홍식당,한식,월산먹자골목 골목형상점가,골목형상점가,광주광역시,,,
92920600c85c55ea1887,full_annotation_v1,A,q_휴대폰_08,휴대폰추천,생활서비스 중 '휴대폰'을 판매·제공하는 매장,train,휴대폰,T6 기계변형,f8a1f84f-faa6-41b7-9301-37fabc43e6f1,휴대폰도매아울렛,휴대폰,광교상현역 온누리 골목형상점가,골목형상점가,경기도,,,
4411c65f6af44464581d,full_annotation_v1,A,q_휴대폰_08,휴대폰추천,생활서비스 중 '휴대폰'을 판매·제공하는 매장,train,휴대폰,T6 기계변형,00846462-1c43-4b63-b119-bbea50627f5b,비젼텔레콤,통신기기,공릉구길골목형상점가,골목형상점가,서울특별시,,,
15ab25fe6fe5e372be53,full_annotation_v1,A,q_휴대폰_08,휴대폰추천,생활서비스 중 '휴대폰'을 판매·제공하는 매장,train,휴대폰,T6 기계변형,d41b00f3-7ad2-49d5-9dcc-adc648f08cbe,휴대폰다모아,휴대폰,태백중앙로상점가,자율상권구역,강원특별자치도,,,
f6c1cdc4ca22a0d812c6,full_annotation_v1,A,q_휴대폰_08,휴대폰추천,생활서비스 중 '휴대폰'을 판매·제공하는 매장,train,휴대폰,T6 기계변형,723af5e3-4d27-4eb4-9a29-87c5de998f85,불타는안창살,소고기,수원통닭거리 골목형사점가,골목형상점가,경기도,,,
5f8651dd875947432e89,full_annotation_v1,A,q_휴대폰_08,휴대폰추천,생활서비스 중 '휴대폰'을 판매·제공하는 매장,train,휴대폰,T6 기계변형,530e94bf-f4cb-4103-8f1a-d34b1effd420,휴대폰종합프라자,"휴대폰, 담배",정읍연지상점가,자율상권구역,전북특별자치도,,,
038c64bde0f25c1cdfa4,full_annotation_v1,A,q_휴대폰_08,휴대폰추천,생활서비스 중 '휴대폰'을 판매·제공하는 매장,train,휴대폰,T6 기계변형,a2405dd0-d3f2-4727-a10d-116133deb83d,왕폰,휴대폰,임방울거리3구역 골목형상점가,골목형상점가,광주광역시,,,
73efc1993c153e077b74,full_annotation_v1,A,q_휴대폰_08,휴대폰추천,생활서비스 중 '휴대폰'을 판매·제공하는 매장,train,휴대폰,T6 기계변형,54a5e7f4-29d4-4b8a-bae9-c6a51cef12d9,다윗통신,휴대폰,면곡시장 골목형상점가,골목형상점가,서울특별시,,,
92bd89202d407a38403a,full_annotation_v1,A,q_휴대폰_08,휴대폰추천,생활서비스 중 '휴대폰'을 판매·제공하는 매장,train,휴대폰,T6 기계변형,fd8acaa3-04ee-4cbf-8785-19a053efda83,종합통신,휴대폰,담양중앙 골목형상점가,골목형상점가,전라남도,,,
4b7d9f9e157277261ea7,full_annotation_v1,A,q_휴대폰_08,휴대폰추천,생활서비스 중 '휴대폰'을 판매·제공하는 매장,train,휴대폰,T6 기계변형,1ae8179f-da3c-4603-b66c-2630fce8bf2f,휴대폰성지 휴대폰나라 정주점,,성안길상점가,자율상권구역,충청북도,,,
b2066b9fa5be0c1b3ef8,full_annotation_v1,A,q_휴대폰_08,휴대폰추천,생활서비스 중 '휴대폰'을 판매·제공하는 매장,train,휴대폰,T6 기계변형,010cd15e-5c90-4755-af93-74b17ec99bf3,오빠통신,휴대폰,중흥 골목형상점가,골목형상점가,부산광역시,,,
b900e1c77dce5a5da6ac,full_annotation_v1,A,q_휴대폰_08,휴대폰추천,생활서비스 중 '휴대폰'을 판매·제공하는 매장,train,휴대폰,T6 기계변형,b851e5d3-1469-4825-93bc-173f2e31fba4,아연,휴대폰,당산로 골목형상점가,골목형상점가,전북특별자치도,,,
d291111f1e381d8e7d01,full_annotation_v1,A,q_휴대폰_08,휴대폰추천,생활서비스 중 '휴대폰'을 판매·제공하는 매장,train,휴대폰,T6 기계변형,d2b3acd0-408a-4dca-a0a8-89336da97301,베스킨라빈스 대전지족점,아이스크림,지족반석 골목형상점가,골목형상점가,대전광역시,,,
38edc44b5aec0949cadb,full_annotation_v1,A,q_휴대폰_08,휴대폰추천,생활서비스 중 '휴대폰'을 판매·제공하는 매장,train,휴대폰,T6 기계변형,c693ad59-052a-4b62-aa9d-76a20e858e78,휴대폰성지 휴대폰싹쓸이,,동천세븐로데오 골목형상점가,골목형상점가,대구광역시,,,
0588449ae1be97dbbc2e,full_annotation_v1,A,q_휴대폰_08,휴대폰추천,생활서비스 중 '휴대폰'을 판매·제공하는 매장,train,휴대폰,T6 기계변형,33c9c124-7d73-42c7-9802-d62c852e632c,휴대폰성지 도매폰,휴대폰,장곡상가,골목형상점가,경기도,,,
33fd1298bb2e19f6d32e,full_annotation_v1,A,q_휴대폰_08,휴대폰추천,생활서비스 중 '휴대폰'을 판매·제공하는 매장,train,휴대폰,T6 기계변형,4ad9bac7-867e-4920-a767-67b89ec426a7,휴대폰일번가,,역전시장 상점가,자율상권구역,대전광역시,,,
4d565bda4b54e077ee84,full_annotation_v1,A,q_휴대폰_08,휴대폰추천,생활서비스 중 '휴대폰'을 판매·제공하는 매장,train,휴대폰,T6 기계변형,29f18901-e854-4043-9c6d-0f103204ef99,또바기초밥,음식,소촌중앙 골목형상점가,골목형상점가,광주광역시,,,
f55adec632e71da055da,full_annotation_v1,A,q_휴대폰_08,휴대폰추천,생활서비스 중 '휴대폰'을 판매·제공하는 매장,train,휴대폰,T6 기계변형,00947369-dfd0-4074-b22e-c8b430a98a70,에스.에이.팜(S.A.farm),"표고버섯및농산물, 잡화, 통신판매",무주반딧불상권활성화구역,상권활성화구역,전북특별자치도,,,
fe305487c847feda037e,full_annotation_v1,A,q_휴대폰_08,휴대폰추천,생활서비스 중 '휴대폰'을 판매·제공하는 매장,train,휴대폰,T6 기계변형,1428e154-1161-4cae-b75a-1a4881cb04a1,뮤통신,휴대폰,성남중앙지하시장,일반지하상점가,경기도,,,
3911e0c3285dd900d039,full_annotation_v1,A,q_휴대폰_08,휴대폰추천,생활서비스 중 '휴대폰'을 판매·제공하는 매장,train,휴대폰,T6 기계변형,4a096e99-c258-4db5-bb51-2f55cf90072c,우리말해한글&스피치학원,"웅변, 스피치",보람동 골목형상점가,골목형상점가,세종특별자치시,,,
1943072d9610ecae569a,full_annotation_v1,A,q_휴대폰_08,휴대폰추천,생활서비스 중 '휴대폰'을 판매·제공하는 매장,train,휴대폰,T6 기계변형,e0a00984-95f5-49e0-878f-7bd5e5f29387,폰카페,휴대폰,광탄전통시장,전통시장,경기도,,,
05f4b315550e60b6675e,full_annotation_v1,A,q_휴대폰_08,휴대폰추천,생활서비스 중 '휴대폰'을 판매·제공하는 매장,train,휴대폰,T6 기계변형,6ddeb7a6-abd4-460a-a257-2de4bedf667a,드림온,휴대폰,잠실 장미종합상가 골목형상점가,골목형상점가,서울특별시,,,
acfe75f96b3b197b8f9a,full_annotation_v1,A,q_휴대폰_08,휴대폰추천,생활서비스 중 '휴대폰'을 판매·제공하는 매장,train,휴대폰,T6 기계변형,7489a145-877f-406e-8663-c86f8aa98ce3,휴대폰프라자,휴대폰판매업,부여도심 상권활성화구역,상권활성화구역,충청남도,,,
fc7252c014c704311cc5,full_annotation_v1,A,q_휴대폰_08,휴대폰추천,생활서비스 중 '휴대폰'을 판매·제공하는 매장,train,휴대폰,T6 기계변형,04896758-74f7-4475-8845-e4ad47f20c1a,휴대폰성지,휴대폰,탕정역 지웰시티몰 3단지 골목형상점가,골목형상점가,충청남도,,,
68f3b39dab7632a5acf8,full_annotation_v1,A,q_휴대폰_08,휴대폰추천,생활서비스 중 '휴대폰'을 판매·제공하는 매장,train,휴대폰,T6 기계변형,9247770c-1c5c-4a9e-b437-bf2a68477e41,주식회사 풍년종합상사,식자재,중흥자재거리 골목형상점가,골목형상점가,광주광역시,,,
84f6dbb91d5773601f21,full_annotation_v1,A,q_휴대폰_08,휴대폰추천,생활서비스 중 '휴대폰'을 판매·제공하는 매장,train,휴대폰,T6 기계변형,254a40eb-99dc-470a-9e26-02b54a146a42,엠케이-베드(MK-BED),"도, 소매업(대리점가구)도매(무역업)",가구거리상점가,자율상권구역,경기도,,,
817a4038708c2259a409,full_annotation_v1,A,q_휴대폰_08,휴대폰추천,생활서비스 중 '휴대폰'을 판매·제공하는 매장,train,휴대폰,T6 기계변형,02aa3a9c-ec76-42b0-bdec-780ae1250ada,대화SK텔레콤,휴대폰대리점,대화전통시장,전통시장,강원특별자치도,,,
3fe3f32bf3f7bca5a72f,full_annotation_v1,A,q_휴대폰_08,휴대폰추천,생활서비스 중 '휴대폰'을 판매·제공하는 매장,train,휴대폰,T6 기계변형,1371fbb7-4718-4eb1-b2c7-0b3ed844623b,쌍둥이정보통신,핸드폰,주안시민지하도상점가,일반지하상점가,인천광역시,,,
ac5791f385e3fdd9d158,full_annotation_v1,A,q_휴대폰_08,휴대폰추천,생활서비스 중 '휴대폰'을 판매·제공하는 매장,train,휴대폰,T6 기계변형,8e1c07ff-9cd5-4d8e-ac4f-3ad298f86ff0,애니온헤어샵,미용실,양림동 골목형상점가,골목형상점가,광주광역시,,,
ec54043bc3c0cbc270ee,full_annotation_v1,A,q_휴대폰_08,휴대폰추천,생활서비스 중 '휴대폰'을 판매·제공하는 매장,train,휴대폰,T6 기계변형,767e7477-e050-487c-a106-b0b9aa0fa4ab,진네일,미용,남양역골로상점가,골목형상점가,경기도,,,
ffae7e5a993382217502,full_annotation_v1,A,q_휴대폰_08,휴대폰추천,생활서비스 중 '휴대폰'을 판매·제공하는 매장,train,휴대폰,T6 기계변형,65019e23-1b44-4a35-8736-14b215d155f2,휴대폰젤싼집,휴대폰,영주문화시장,전통시장,경상북도,,,
f03be8fe305aed954352,full_annotation_v1,A,q_휴대폰_09,휴대폼,생활서비스 중 '휴대폰'을 판매·제공하는 매장,train,휴대폰,T6 기계변형,6ddeb7a6-abd4-460a-a257-2de4bedf667a,드림온,휴대폰,잠실 장미종합상가 골목형상점가,골목형상점가,서울특별시,,,
3f040a6888682d874816,full_annotation_v1,A,q_휴대폰_09,휴대폼,생활서비스 중 '휴대폰'을 판매·제공하는 매장,train,휴대폰,T6 기계변형,df9100b3-2b94-4bf2-88d5-ee5f22961277,휴대폰 성지,휴대폰,맑은샘 골목형상점가,골목형상점가,울산광역시,,,
951b9c1a165787e250e9,full_annotation_v1,A,q_휴대폰_09,휴대폼,생활서비스 중 '휴대폰'을 판매·제공하는 매장,train,휴대폰,T6 기계변형,5bdba069-965e-429e-bfd4-9639178df140,뷰티화장품,화장품,장위전통시장,전통시장,서울특별시,,,
121580c3d2f9d4f94478,full_annotation_v1,A,q_휴대폰_09,휴대폼,생활서비스 중 '휴대폰'을 판매·제공하는 매장,train,휴대폰,T6 기계변형,24c7f8b3-429b-4a74-9161-ef0776351fc7,포항수협중매인160번,회,오천시장,전통시장,경상북도,,,
5a6215e2303e6f695c45,full_annotation_v1,A,q_휴대폰_09,휴대폼,생활서비스 중 '휴대폰'을 판매·제공하는 매장,train,휴대폰,T6 기계변형,963abe88-d690-4aa9-86e9-320bdd6cd117,광텔,휴대폰,봉선중길 골목형상점가,골목형상점가,광주광역시,,,
93ed9b96103b0eb0ff7e,full_annotation_v1,A,q_휴대폰_09,휴대폼,생활서비스 중 '휴대폰'을 판매·제공하는 매장,train,휴대폰,T6 기계변형,8033dd01-aafd-4182-9b83-79171571242d,짱짱숯불갈비,한식,예천맛고을시장,전통시장,경상북도,,,
943cbcfe5e14142bf6cd,full_annotation_v1,A,q_휴대폰_09,휴대폼,생활서비스 중 '휴대폰'을 판매·제공하는 매장,train,휴대폰,T6 기계변형,d41f643a-be83-4961-b179-4d05af0c8d52,일이삼수산,회,㈜여수수산물특화시장,전통시장,전라남도,,,
ec110b8171e24382cfb3,full_annotation_v1,A,q_휴대폰_09,휴대폼,생활서비스 중 '휴대폰'을 판매·제공하는 매장,train,휴대폰,T6 기계변형,15a78f35-8318-4816-af73-7ed3b8071255,폰뱅크,핸드폰,이충 중심상가,골목형상점가,경기도,,,
69f52a15bfe95e4c0c88,full_annotation_v1,A,q_휴대폰_09,휴대폼,생활서비스 중 '휴대폰'을 판매·제공하는 매장,train,휴대폰,T6 기계변형,68a09042-8eb6-45a4-b1c6-e3705c54ba1c,휴대폰명가,휴대폰,천리단길골목형상점가,골목형상점가,서울특별시,,,
c5813f7777568f294228,full_annotation_v1,A,q_휴대폰_09,휴대폼,생활서비스 중 '휴대폰'을 판매·제공하는 매장,train,휴대폰,T6 기계변형,530e94bf-f4cb-4103-8f1a-d34b1effd420,휴대폰종합프라자,"휴대폰, 담배",정읍연지상점가,자율상권구역,전북특별자치도,,,
6c04d007a0887c783896,full_annotation_v1,A,q_휴대폰_09,휴대폼,생활서비스 중 '휴대폰'을 판매·제공하는 매장,train,휴대폰,T6 기계변형,33c9c124-7d73-42c7-9802-d62c852e632c,휴대폰성지 도매폰,휴대폰,장곡상가,골목형상점가,경기도,,,
a3873b86f212fafbe61d,full_annotation_v1,A,q_휴대폰_09,휴대폼,생활서비스 중 '휴대폰'을 판매·제공하는 매장,train,휴대폰,T6 기계변형,021ff0c7-6958-49f8-9f5b-b558a74ed5f8,중앙이동통신,기타통신기기판매,거제 옥포중앙시장,전통시장,경상남도,,,
5c64a3a0cf45541e8059,full_annotation_v1,A,q_휴대폰_09,휴대폼,생활서비스 중 '휴대폰'을 판매·제공하는 매장,train,휴대폰,T6 기계변형,c30d52c7-e205-402e-8cef-70e927416ba5,일성약초식당,한식,예천맛고을시장,전통시장,경상북도,,,
95cdcb6a845b620cb4f7,full_annotation_v1,A,q_휴대폰_09,휴대폼,생활서비스 중 '휴대폰'을 판매·제공하는 매장,train,휴대폰,T6 기계변형,01c84e06-31c1-4487-8c92-fe68a3cd3cb1,바이셀폰 김천점,휴대폰,평화로상가,자율상권구역,경상북도,,,
1a724680726df9ed2a4a,full_annotation_v1,A,q_휴대폰_09,휴대폼,생활서비스 중 '휴대폰'을 판매·제공하는 매장,train,휴대폰,T6 기계변형,76c746c5-1f24-413e-9df1-7103bf7d1533,쿨링아로마,체형관리,산본로데오거리(구 산본중심상가),자율상권구역,경기도,,,
682586bdf19f032bda8a,full_annotation_v1,A,q_휴대폰_09,휴대폼,생활서비스 중 '휴대폰'을 판매·제공하는 매장,train,휴대폰,T6 기계변형,7489a145-877f-406e-8663-c86f8aa98ce3,휴대폰프라자,휴대폰판매업,부여도심 상권활성화구역,상권활성화구역,충청남도,,,
78bc0f4ba97cae6858e9,full_annotation_v1,A,q_휴대폰_09,휴대폼,생활서비스 중 '휴대폰'을 판매·제공하는 매장,train,휴대폰,T6 기계변형,fd8acaa3-04ee-4cbf-8785-19a053efda83,종합통신,휴대폰,담양중앙 골목형상점가,골목형상점가,전라남도,,,
e89a0462cb046a13867e,full_annotation_v1,A,q_휴대폰_09,휴대폼,생활서비스 중 '휴대폰'을 판매·제공하는 매장,train,휴대폰,T6 기계변형,4ad9bac7-867e-4920-a767-67b89ec426a7,휴대폰일번가,,역전시장 상점가,자율상권구역,대전광역시,,,
b0920f0e4241df05bf83,full_annotation_v1,A,q_휴대폰_09,휴대폼,생활서비스 중 '휴대폰'을 판매·제공하는 매장,train,휴대폰,T6 기계변형,01da8333-5f68-46b6-879b-e58722707b81,케이제이통신,휴대폰,삼각동 골목형상점가,골목형상점가,광주광역시,,,
ca584d39c4bebe3bf504,full_annotation_v1,A,q_휴대폰_09,휴대폼,생활서비스 중 '휴대폰'을 판매·제공하는 매장,train,휴대폰,T6 기계변형,65019e23-1b44-4a35-8736-14b215d155f2,휴대폰젤싼집,휴대폰,영주문화시장,전통시장,경상북도,,,
0b62b326936a53e83a23,full_annotation_v1,A,q_휴대폰_09,휴대폼,생활서비스 중 '휴대폰'을 판매·제공하는 매장,train,휴대폰,T6 기계변형,fe2850d0-c782-4ee0-8cab-733224601066,정통닭집,치킨 주류,양산상생하는하서로 골목형상점가,골목형상점가,광주광역시,,,
fbf887a3b47427aae8a1,full_annotation_v1,A,q_휴대폰_09,휴대폼,생활서비스 중 '휴대폰'을 판매·제공하는 매장,train,휴대폰,T6 기계변형,254a40eb-99dc-470a-9e26-02b54a146a42,엠케이-베드(MK-BED),"도, 소매업(대리점가구)도매(무역업)",가구거리상점가,자율상권구역,경기도,,,
4e81e1d5ebfd70a23529,full_annotation_v1,A,q_휴대폰_09,휴대폼,생활서비스 중 '휴대폰'을 판매·제공하는 매장,train,휴대폰,T6 기계변형,8fac88d8-6600-4c2b-8bbc-3eaed8328f2c,착한휴대폰,휴대폰통신,달서로행복 골목형상점가,골목형상점가,대구광역시,,,
63ecce28265580d0c1e6,full_annotation_v1,A,q_휴대폰_09,휴대폼,생활서비스 중 '휴대폰'을 판매·제공하는 매장,train,휴대폰,T6 기계변형,00846462-1c43-4b63-b119-bbea50627f5b,비젼텔레콤,통신기기,공릉구길골목형상점가,골목형상점가,서울특별시,,,
d0b693f2373fdb0a1ce5,full_annotation_v1,A,q_휴대폰_09,휴대폼,생활서비스 중 '휴대폰'을 판매·제공하는 매장,train,휴대폰,T6 기계변형,a2405dd0-d3f2-4727-a10d-116133deb83d,왕폰,휴대폰,임방울거리3구역 골목형상점가,골목형상점가,광주광역시,,,
7af62b6498537baeef83,full_annotation_v1,A,q_휴대폰_09,휴대폼,생활서비스 중 '휴대폰'을 판매·제공하는 매장,train,휴대폰,T6 기계변형,5e3e2ab7-45f9-4ecb-b39a-cc66ae647b68,휴대폰세상,휴대폰,장천동상가,자율상권구역,전라남도,,,
87382c1330e8530e4672,full_annotation_v1,A,q_휴대폰_09,휴대폼,생활서비스 중 '휴대폰'을 판매·제공하는 매장,train,휴대폰,T6 기계변형,13f44b34-3ccc-4002-beb8-4fc1ff0c6a0c,이브자리 기장대리점,,기장차성로,골목형상점가,부산광역시,,,
f8cd3ed309878171795d,full_annotation_v1,A,q_휴대폰_09,휴대폼,생활서비스 중 '휴대폰'을 판매·제공하는 매장,train,휴대폰,T6 기계변형,638788a2-08ea-40f5-9e6f-31dab6959032,에이펙스 골프,"골프 레슨권, 이용권, 골프공, 장갑",두마면 사계로골목형상점가,골목형상점가,충청남도,,,
d5fa5cbc7f4bf6d18c93,full_annotation_v1,A,q_휴대폰_09,휴대폼,생활서비스 중 '휴대폰'을 판매·제공하는 매장,train,휴대폰,T6 기계변형,180da056-fedf-458c-80b0-2f815c5b3c50,엠엘비영주대리점,,영주문화시장,전통시장,경상북도,,,
9851924f5afad0f2d3c2,full_annotation_v1,A,q_휴대폰_09,휴대폼,생활서비스 중 '휴대폰'을 판매·제공하는 매장,train,휴대폰,T6 기계변형,0568d65b-5cb4-47a0-9c3d-baa982b5a453,펀통신,휴대폰,봉덕신시장,전통시장,대구광역시,,,
62ede0d841b6762276c4,full_annotation_v1,A,q_휴대폰_09,휴대폼,생활서비스 중 '휴대폰'을 판매·제공하는 매장,train,휴대폰,T6 기계변형,379e44f1-b021-4ee2-bab8-0a1f3094db97,휴대폰천국,휴대폰,서천읍 군사리 골목형상점가,골목형상점가,충청남도,,,
61f95334eb0b87c505cc,full_annotation_v1,A,q_휴대폰_09,휴대폼,생활서비스 중 '휴대폰'을 판매·제공하는 매장,train,휴대폰,T6 기계변형,4a56c653-14b7-4de4-b2dc-ab97ec6a3f92,수호,휴대폰,의정부역지하상가,일반지하상점가,경기도,,,
e7b6ab794ea0dec6b639,full_annotation_v1,A,q_휴대폰_09,휴대폼,생활서비스 중 '휴대폰'을 판매·제공하는 매장,train,휴대폰,T6 기계변형,ab5f9272-a3d4-4784-b6de-a3aa8f12f3ce,오르니크,주얼리,순천원도심상점가,자율상권구역,전라남도,,,
93f386be07f74af90a20,full_annotation_v1,A,q_휴대폰_09,휴대폼,생활서비스 중 '휴대폰'을 판매·제공하는 매장,train,휴대폰,T6 기계변형,a4b7b39a-cf69-4e8d-827f-c12c5de7cc43,폰까페,휴대폰,위드수암 골목형상점가,골목형상점가,울산광역시,,,
1fb623e0cbf5ef348e5b,full_annotation_v1,A,q_휴대폰_09,휴대폼,생활서비스 중 '휴대폰'을 판매·제공하는 매장,train,휴대폰,T6 기계변형,69f53a98-8202-4c00-ab7b-1d52e8299dc6,공짜세상,휴대폰,순천연향패션상가,자율상권구역,전라남도,,,
27208e9cce26008f60a2,full_annotation_v1,A,q_휴대폰_09,휴대폼,생활서비스 중 '휴대폰'을 판매·제공하는 매장,train,휴대폰,T6 기계변형,968edcca-3566-47bc-9dd8-e359fcfa930f,휴대폰 아울렛,휴대폰,우산행복주택,골목형상점가,광주광역시,,,
47d9b1ea459259934566,full_annotation_v1,A,q_휴대폰_09,휴대폼,생활서비스 중 '휴대폰'을 판매·제공하는 매장,train,휴대폰,T6 기계변형,7b38ed51-e2b0-48e6-9671-0f16331e65ea,폼,,잠실 장미종합상가 골목형상점가,골목형상점가,서울특별시,,,
0fb451636aa8ce9c7e8a,full_annotation_v1,A,q_휴대폰_09,휴대폼,생활서비스 중 '휴대폰'을 판매·제공하는 매장,train,휴대폰,T6 기계변형,b6caec33-6da6-4655-9de5-c96231d4939e,배스킨라빈스(탕정한들물빛점),아이스크림,한들물빛도시 골목형 상점가,골목형상점가,충청남도,,,
663983507c2dc32a2608,full_annotation_v1,A,q_휴대폰_09,휴대폼,생활서비스 중 '휴대폰'을 판매·제공하는 매장,train,휴대폰,T6 기계변형,b851e5d3-1469-4825-93bc-173f2e31fba4,아연,휴대폰,당산로 골목형상점가,골목형상점가,전북특별자치도,,,
0bfa26a3ae858cfa47c8,full_annotation_v1,A,q_휴대폰_09,휴대폼,생활서비스 중 '휴대폰'을 판매·제공하는 매장,train,휴대폰,T6 기계변형,593e603d-e4c5-4bb7-b598-8bae9a66ce5d,갬성카,휴대폰,조종시장,전통시장,경기도,,,
bea9e8a2ecd6c62b8c71,full_annotation_v1,A,q_휴대폰_09,휴대폼,생활서비스 중 '휴대폰'을 판매·제공하는 매장,train,휴대폰,T6 기계변형,02f246ab-fc2d-4121-9888-5e5c1f2f0cc7,행운모바일,핸드폰,학운 골목형상점가,골목형상점가,광주광역시,,,
ddf12586dfefe7ee10b7,full_annotation_v1,A,q_휴대폰_09,휴대폼,생활서비스 중 '휴대폰'을 판매·제공하는 매장,train,휴대폰,T6 기계변형,02fe10a4-4545-464e-a4cd-db9195d6efac,화성해결사(넥시오테크),"핸드폰, 컴퓨터",병점중심상가,자율상권구역,경기도,,,
b5b9aedec8fcea6e39fb,full_annotation_v1,A,q_휴대폰_09,휴대폼,생활서비스 중 '휴대폰'을 판매·제공하는 매장,train,휴대폰,T6 기계변형,c693ad59-052a-4b62-aa9d-76a20e858e78,휴대폰성지 휴대폰싹쓸이,,동천세븐로데오 골목형상점가,골목형상점가,대구광역시,,,
7ffc6693d4cbc2442950,full_annotation_v1,A,q_휴대폰_09,휴대폼,생활서비스 중 '휴대폰'을 판매·제공하는 매장,train,휴대폰,T6 기계변형,31d4cdd5-7739-4fbd-86e9-ed646d78dea8,다폰천곡,휴대폰,맑은샘 골목형상점가,골목형상점가,울산광역시,,,
8259672f40173429af37,full_annotation_v1,A,q_휴대폰_09,휴대폼,생활서비스 중 '휴대폰'을 판매·제공하는 매장,train,휴대폰,T6 기계변형,02c3dcdc-1c49-416a-bf70-7592d1fa297c,광주휴대폰성지 다온모바일 본점,유무선통신 휴대폰컴퓨터악세사리핸드폰중고폰인터넷,월빛 골목형상점가,골목형상점가,광주광역시,,,
1bba1a6d6c71f8b9c0ff,full_annotation_v1,A,q_휴대폰_09,휴대폼,생활서비스 중 '휴대폰'을 판매·제공하는 매장,train,휴대폰,T6 기계변형,2d88bf23-ba76-423b-a4bf-ca27755bea8f,삼성전자 담양대리점,,담양중앙3번가 골목형상점가,골목형상점가,전라남도,,,
2838f113d208d547bea7,full_annotation_v1,A,q_휴대폰_09,휴대폼,생활서비스 중 '휴대폰'을 판매·제공하는 매장,train,휴대폰,T6 기계변형,0043ff4d-b3a5-4bc7-a567-5292e5c15a70,다온텔레콤,"휴대폰, 악세사리",전방의거리 골목형상점가,골목형상점가,인천광역시,,,
f97981454065cc6ba287,full_annotation_v1,A,q_휴대폰_09,휴대폼,생활서비스 중 '휴대폰'을 판매·제공하는 매장,train,휴대폰,T6 기계변형,d5a6ddbd-7b35-4e11-8df7-a09ee6c58e90,휴(休),,용마루길 골목형상점가,골목형상점가,서울특별시,,,
10cedb62f0d12c03c4cb,full_annotation_v1,A,q_휴대폰_09,휴대폼,생활서비스 중 '휴대폰'을 판매·제공하는 매장,train,휴대폰,T6 기계변형,0054ff4a-a422-4c7e-bfad-6d673e8ea872,악세사리하우스 2호점,휴대폰 악세사리 및 잡화,중앙로 지하상가 상점가,일반지하상점가,대전광역시,,,
c5249c5664057796753b,full_annotation_v1,A,q_휴대폰_09,휴대폼,생활서비스 중 '휴대폰'을 판매·제공하는 매장,train,휴대폰,T6 기계변형,010717db-3a69-412f-9ed5-cfe6d231f58c,아리따움전주서신점,화장품,당산로 골목형상점가,골목형상점가,전북특별자치도,,,
ab4036ca60ff4230dd26,full_annotation_v1,A,q_휴대폰_09,휴대폼,생활서비스 중 '휴대폰'을 판매·제공하는 매장,train,휴대폰,T6 기계변형,d20f447b-bfd1-4715-b0e8-5a9e753e4129,휴대폰아울렛,휴대폰,음성시장,전통시장,충청북도,,,
e63010fd34dafab3ab94,full_annotation_v1,A,q_휴대폰_09,휴대폼,생활서비스 중 '휴대폰'을 판매·제공하는 매장,train,휴대폰,T6 기계변형,010cd15e-5c90-4755-af93-74b17ec99bf3,오빠통신,휴대폰,중흥 골목형상점가,골목형상점가,부산광역시,,,
31c82c22f8592d895538,full_annotation_v1,A,q_휴대폰_09,휴대폼,생활서비스 중 '휴대폰'을 판매·제공하는 매장,train,휴대폰,T6 기계변형,1371fbb7-4718-4eb1-b2c7-0b3ed844623b,쌍둥이정보통신,핸드폰,주안시민지하도상점가,일반지하상점가,인천광역시,,,
72d2f04fab0f1503221d,full_annotation_v1,A,q_휴대폰_09,휴대폼,생활서비스 중 '휴대폰'을 판매·제공하는 매장,train,휴대폰,T6 기계변형,0414b554-68f3-49d0-9548-f4c4d494f142,휴먼텔레콤,핸드폰,안양일번가 지하쇼핑몰,일반지하상점가,경기도,,,
eb43c38bf23f3649a6c9,full_annotation_v1,A,q_휴대폰_09,휴대폼,생활서비스 중 '휴대폰'을 판매·제공하는 매장,train,휴대폰,T6 기계변형,5f8e20f1-1c37-412d-8699-cf99ba51a0e7,폰상사,휴대폰,원마루시장,전통시장,충청북도,,,
2aee0d22d772747eb1ee,full_annotation_v1,A,q_휴대폰_09,휴대폼,생활서비스 중 '휴대폰'을 판매·제공하는 매장,train,휴대폰,T6 기계변형,00947369-dfd0-4074-b22e-c8b430a98a70,에스.에이.팜(S.A.farm),"표고버섯및농산물, 잡화, 통신판매",무주반딧불상권활성화구역,상권활성화구역,전북특별자치도,,,
83a5936a3e76e40e410b,full_annotation_v1,A,q_휴대폰_09,휴대폼,생활서비스 중 '휴대폰'을 판매·제공하는 매장,train,휴대폰,T6 기계변형,f8a1f84f-faa6-41b7-9301-37fabc43e6f1,휴대폰도매아울렛,휴대폰,광교상현역 온누리 골목형상점가,골목형상점가,경기도,,,
ccf28a2c77f9351db02f,full_annotation_v1,A,q_휴대폰_09,휴대폼,생활서비스 중 '휴대폰'을 판매·제공하는 매장,train,휴대폰,T6 기계변형,02aa3a9c-ec76-42b0-bdec-780ae1250ada,대화SK텔레콤,휴대폰대리점,대화전통시장,전통시장,강원특별자치도,,,
1282d8c93b5455cb720e,full_annotation_v1,A,q_휴대폰_09,휴대폼,생활서비스 중 '휴대폰'을 판매·제공하는 매장,train,휴대폰,T6 기계변형,0171502a-5542-4be2-9bac-cf21e4692a6c,폰아울렛,통신기기,염주골상인회 골목형상점가,골목형상점가,광주광역시,,,
656760d25cbe63493ac7,full_annotation_v1,A,q_휴대폰_09,휴대폼,생활서비스 중 '휴대폰'을 판매·제공하는 매장,train,휴대폰,T6 기계변형,e0a00984-95f5-49e0-878f-7bd5e5f29387,폰카페,휴대폰,광탄전통시장,전통시장,경기도,,,
8f25fa5bb27272c1c4f4,full_annotation_v1,A,q_휴대폰_09,휴대폼,생활서비스 중 '휴대폰'을 판매·제공하는 매장,train,휴대폰,T6 기계변형,2cb66846-6224-4458-9343-8bf07051a0af,휴대폰 나라,휴대폰 판매,부안석정 골목형상점가,골목형상점가,전북특별자치도,,,
0b01482e0d3c0ffdbb5b,full_annotation_v1,A,q_휴대폰_09,휴대폼,생활서비스 중 '휴대폰'을 판매·제공하는 매장,train,휴대폰,T6 기계변형,54a5e7f4-29d4-4b8a-bae9-c6a51cef12d9,다윗통신,휴대폰,면곡시장 골목형상점가,골목형상점가,서울특별시,,,
b4d6e8872c527d3d82e9,full_annotation_v1,A,q_휴대폰_09,휴대폼,생활서비스 중 '휴대폰'을 판매·제공하는 매장,train,휴대폰,T6 기계변형,0dd8b539-368c-4a64-9ea1-c7301b4a77b4,굽네치킨,,직산읍삼은1번가골목형상점가,골목형상점가,충청남도,,,
8b57cd8ea49145578a9f,full_annotation_v1,A,q_휴대폰_09,휴대폼,생활서비스 중 '휴대폰'을 판매·제공하는 매장,train,휴대폰,T6 기계변형,64e2eac3-c5b1-4403-861c-ee313f4caf83,휴대폰스토리,,직산읍삼은1번가골목형상점가,골목형상점가,충청남도,,,
09f399619b94959d785d,full_annotation_v1,A,q_휴대폰_09,휴대폼,생활서비스 중 '휴대폰'을 판매·제공하는 매장,train,휴대폰,T6 기계변형,04896758-74f7-4475-8845-e4ad47f20c1a,휴대폰성지,휴대폰,탕정역 지웰시티몰 3단지 골목형상점가,골목형상점가,충청남도,,,
0ba51b86293727177fcf,full_annotation_v1,A,q_휴대폰_09,휴대폼,생활서비스 중 '휴대폰'을 판매·제공하는 매장,train,휴대폰,T6 기계변형,1bd90887-54d7-43d5-8026-dd892a836519,휴대폰명가,,장기동 먹거리상가 골목형상점가,골목형상점가,대구광역시,,,
b018573e42b7bfcf6624,full_annotation_v1,A,q_휴대폰_09,휴대폼,생활서비스 중 '휴대폰'을 판매·제공하는 매장,train,휴대폰,T6 기계변형,7b798d84-737d-4088-b44a-7780d187830a,정가네시장통닭,치킨,연제주공 골목형상점가,골목형상점가,광주광역시,,,
c92c61570302ab134c9b,full_annotation_v1,A,q_휴대폰_09,휴대폼,생활서비스 중 '휴대폰'을 판매·제공하는 매장,train,휴대폰,T6 기계변형,c44d62a7-894b-483d-a5e8-5981d338fd8c,휴대폰나라,휴대폰,사거리온누리 골목형상점가,골목형상점가,충청남도,,,
b9611cd818c657cb506d,full_annotation_v1,A,q_휴대폰_09,휴대폼,생활서비스 중 '휴대폰'을 판매·제공하는 매장,train,휴대폰,T6 기계변형,7a4f955d-011d-49a3-b6ed-f559606481df,큰시장빈대떡,빈대떡,동두천큰시장,전통시장,경기도,,,
c7221c61dd02fa2c5f05,full_annotation_v1,A,q_휴대폰_09,휴대폼,생활서비스 중 '휴대폰'을 판매·제공하는 매장,train,휴대폰,T6 기계변형,d41b00f3-7ad2-49d5-9dcc-adc648f08cbe,휴대폰다모아,휴대폰,태백중앙로상점가,자율상권구역,강원특별자치도,,,
9b57bb8ad22a93efe821,full_annotation_v1,A,q_휴대폰_09,휴대폼,생활서비스 중 '휴대폰'을 판매·제공하는 매장,train,휴대폰,T6 기계변형,1ae8179f-da3c-4603-b66c-2630fce8bf2f,휴대폰성지 휴대폰나라 정주점,,성안길상점가,자율상권구역,충청북도,,,
e431dc416d459488224e,full_annotation_v1,A,q_휴대폰_09,휴대폼,생활서비스 중 '휴대폰'을 판매·제공하는 매장,train,휴대폰,T6 기계변형,1428e154-1161-4cae-b75a-1a4881cb04a1,뮤통신,휴대폰,성남중앙지하시장,일반지하상점가,경기도,,,
92ff4338fe221ce6f8a8,full_annotation_v1,A,q_휴대폰_09,휴대폼,생활서비스 중 '휴대폰'을 판매·제공하는 매장,train,휴대폰,T6 기계변형,53261eb2-f248-4653-b997-054e68eac3d9,휴모바일,휴대폰,수비벡스코 골목형상점가,골목형상점가,부산광역시,,,
d07006e72e0e6c657d55,full_annotation_v1,A,q_휴대폰_09,휴대폼,생활서비스 중 '휴대폰'을 판매·제공하는 매장,train,휴대폰,T6 기계변형,00777631-0a51-44c5-b53f-b527a11fb1db,예스통신,휴대폰,주천골목형상점가,골목형상점가,강원특별자치도,,,
1e8699c4364764356672,full_annotation_v1,A,q_휴대폰_09,휴대폼,생활서비스 중 '휴대폰'을 판매·제공하는 매장,train,휴대폰,T6 기계변형,1603fc32-f0ea-4986-8593-ea5e3228fe15,우리정다운약국,"양약, 의료기기",당산로 골목형상점가,골목형상점가,전북특별자치도,,,
a59d31c329953d7dedf6,full_annotation_v1,A,q_휴대폰_09,휴대폼,생활서비스 중 '휴대폰'을 판매·제공하는 매장,train,휴대폰,T6 기계변형,cffd5832-84ec-4362-a062-c34907ca943b,선경,커튼,영신상가,전통시장,서울특별시,,,
300a0dc88454bf0a507d,full_annotation_v1,A,q_휴대폰_09,휴대폼,생활서비스 중 '휴대폰'을 판매·제공하는 매장,train,휴대폰,T6 기계변형,795161de-289e-4bd2-8c15-b094c4c2af70,휴대폰1번가,휴대폰,여수진남상가,자율상권구역,전라남도,,,
